use_cases/Flooding/flood_case/test
ncols    269
nrows    269
xllcorner    0
yllcorner    0
cellsize    10
NODATA_value    -9999
[rows 140 to 167 of 269, columns 128 to 191 of 269]
0.000364 0.000259 0.000343 0.000537 0.000531 0.000505 0.011966 0.004399 0.002795 0.000226 0.000251 0.00047 0.000519 0.000434 0.000489 0.023994 0.00027 0.000371 0.014253 0.23057 0.025039 0.01616 0.002964 0.000213 0.000211 0.000208 0.000542 0.00025 0.000454 0.009698 0.000355 0.000219 0.000216 0.000213 0.000209 0.000297 0.00051 0.000403 0.000485 0.000694 0.001885 0.000814 0.000605 0.000546 0.00079 0.000388 0.000518 0.000382 0.00022 0.000554 0.00093 0.000615 0.000804 0.000278 0.000703 0.000215 0.000398 0.000512 0.002318 0.00196 0.000482 0.000379 0.000222 0.000382
0.000413 0.000514 0.000392 0.00097 0.000357 0.007881 0.818779 0.000298 0.000215 0.000218 0.000342 0.000479 0.000556 0.000645 0.000539 0.231562 0.011435 0.023868 0.016297 0.00044 0.000232 0.014225 0.014106 0.000348 0.000311 0.000211 0.000604 0.000369 0.000497 0.010204 0.000459 0.000367 0.000409 0.000321 0.000196 0.00014 0.00031 0.00036 0.000405 0.000747 0.001189 0.000613 0.000649 0.000598 0.000615 0.000478 0.000451 0.000293 0.000188 0.000581 0.000207 0.000308 0.001042 0.000373 0.00044 0.000205 0.000375 0.000453 0.000508 0.001615 0.000604 0.000451 0.000213 0.000419
0.000492 0.000694 0.000471 0.000875 0.000488 0.009068 0.000188 0.000141 0.000294 0.000431 0.000369 0.000504 0.108096 0.029781 0.029753 0.032662 0.01291 0.001258 0.000562 0.00044 0.000248 0.000399 0.012578 0.564775 0.130171 0.018495 0.00446 0.007103 0.014069 0.010589 0.002259 0.001767 0.001769 0.001219 0.000918 0.000621 0.000213 0.000398 0.000487 0.00093 0.000411 0.000415 0.000373 0.000485 0.000415 0.00035 0.000207 0.000192 0.00014 0.000321 0.000211 0.000196 0.000816 0.000367 0.00031 0.000196 0.000367 0.00039 0.000415 0.001136 0.000457 0.000403 0.000283 0.000348
0.000514 0.000837 0.001725 0.000739 0.005537 0.005869 0.000206 0.000289 0.000379 0.32988 0.4012 0.393201 0.034663 0.000472 0.000496 0.000439 0.000272 0.001621 0.000741 0.000441 0.000283 0.000357 0.000453 0.000577 0.000772 0.635816 0.422619 0.007442 0.000603 0.000759 0.00058 0.000519 0.000474 0.000417 0.000394 0.00034 0.000196 0.00014 0.000194 0.000348 0.000199 0.000251 0.00022 0.000211 0.000287 0.000291 0.000392 0.000352 0.00048 0.000407 0.000304 0.00014 0.000329 0.000209 0.000194 0.00014 0.000333 0.000236 0.000266 0.000787 0.000388 0.000382 0.000326 0.000211
0.039514 0.243491 0.23703 0.187072 0.135708 0.016939 0.000215 0.025873 0.038721 0.033197 0.000853 0.001874 0.002423 0.000323 0.000468 0.000455 0.000372 0.001194 0.000756 0.000628 0.000476 0.000226 0.000405 0.000421 0.000478 0.021953 0.076662 0.000542 0.000498 0.000608 0.000496 0.000399 0.000355 0.000224 0.000232 0.000255 0.00032 0.000196 0.000321 0.000916 0.000394 0.000535 0.000439 0.000447 0.000447 0.000653 0.000573 0.000546 0.000781 0.000524 0.000352 0.000192 0.000691 0.000314 0.000203 0.000846 0.000659 0.000747 0.00036 0.000367 0.000201 0.000249 0.000215 0.000211
0.18759 0.037188 0.00523 0.029437 0.049593 0.109896 0.095156 0.032746 0.000379 0.000373 0.000358 0.000268 0.003467 0.003522 0.000288 0.000386 0.000611 0.000577 0.000741 0.000452 0.000397 0.000234 0.00039 0.000281 0.000388 0.009816 0.003872 0.00043 0.000424 0.0004 0.000446 0.000238 0.000272 0.000379 0.000539 0.000417 0.000255 0.000339 0.000415 0.0038 0.003423 0.00316 0.002799 0.002492 0.002843 0.001851 0.001351 0.000979 0.000566 0.000398 0.000529 0.000316 0.000489 0.00137 0.001153 0.001601 0.000937 0.000346 0.000281 0.00014 0.000299 0.000737 0.000356 0.0003
0.00609 0.000315 0.000215 0.000338 0.000479 0.000543 0.000592 0.00537 0.000216 0.000223 0.000247 0.000345 0.000443 0.003355 0.002265 0.00179 0.000887 0.000515 0.000647 0.000511 0.000348 0.00026 0.000347 0.000411 0.000299 0.008606 0.005918 0.000218 0.000211 0.000289 0.000312 0.000457 0.00046 0.000461 0.000646 0.00035 0.000232 0.000388 0.002736 0.002517 0.000356 0.000539 0.000548 0.000499 0.000405 0.000499 0.000192 0.00014 0.000497 0.000527 0.000606 0.001897 0.001809 0.003274 0.001468 0.00044 0.000342 0.000192 0.00014 0.000268 0.000375 0.001143 0.000445 0.000386
0.00022 0.000221 0.000232 0.000262 0.000463 0.000454 0.000479 0.004717 0.004635 0.000429 0.000444 0.000219 0.000382 0.001625 0.001348 0.00086 0.000752 0.000701 0.000441 0.00038 0.000211 0.000322 0.0005 0.001059 0.001682 0.001346 0.010146 0.008596 0.000397 0.000525 0.000391 0.000302 0.046468 0.00646 0.006137 0.006092 0.006387 0.010058 0.005322 0.003408 0.001141 0.000672 0.000421 0.000419 0.000312 0.000409 0.000213 0.000298 0.000487 0.000581 0.000682 0.003633 0.002276 0.000545 0.000445 0.000381 0.000299 0.000211 0.000287 0.000363 0.001222 0.00093 0.000522 0.000424
0.003269 0.00039 0.000332 0.000348 0.000456 0.000302 0.000342 0.00043 0.004959 0.000708 0.00033 0.000224 0.00035 0.000435 0.002156 0.000902 0.000662 0.000591 0.000535 0.000348 0.000196 0.000411 0.000627 0.000624 0.000906 0.000627 0.001288 0.007937 0.008862 0.008381 0.010387 0.006852 0.00664 0.000656 0.000638 0.000602 0.000926 0.000682 0.000253 0.001258 0.000541 0.000497 0.000484 0.000329 0.000196 0.00014 0.0003 0.00039 0.00052 0.000644 0.004607 0.004033 0.000659 0.000445 0.000356 0.000297 0.00014 0.0003 0.000373 0.000453 0.001889 0.00088 0.000712 0.000541
0.00298 0.002949 0.00163 0.00116 0.000625 0.000392 0.000238 0.000443 0.003992 0.000218 0.000226 0.000239 0.000272 0.000369 0.001128 0.000717 0.000576 0.000501 0.000391 0.000281 0.00014 0.000194 0.000365 0.000453 0.000686 0.000689 0.00184 0.000488 0.000271 0.000355 0.001838 0.000855 0.000617 0.000569 0.000546 0.000567 0.000649 0.000857 0.000302 0.000827 0.000413 0.000335 0.000218 0.000216 0.000211 0.000302 0.000392 0.00047 0.000579 0.022405 0.004754 0.000758 0.000718 0.000627 0.000215 0.000216 0.000226 0.000438 0.000556 0.001941 0.001502 0.000772 0.000562 0.000497
0.000411 0.001766 0.000743 0.00068 0.000809 0.00045 0.000218 0.000395 0.004402 0.000631 0.000804 0.001027 0.001789 0.000597 0.000495 0.000687 0.000501 0.000464 0.000302 0.00014 0.000281 0.00035 0.00033 0.000369 0.000407 0.000739 0.001191 0.0005 0.000421 0.00023 0.001296 0.000912 0.000495 0.000484 0.000407 0.000329 0.000272 0.001109 0.000434 0.000361 0.000306 0.000218 0.000218 0.000337 0.000379 0.000426 0.00048 0.00055 0.007799 0.005286 0.000636 0.000625 0.00063 0.000651 0.00071 0.000314 0.000188 0.000348 0.000436 0.002919 0.001235 0.000709 0.000567 0.000354
0.000378 0.001284 0.00059 0.000575 0.000555 0.000359 0.000216 0.000383 0.003741 0.042923 0.002787 0.002284 0.001097 0.000993 0.000644 0.000496 0.000392 0.000461 0.000196 0.000306 0.000392 0.000553 0.000995 0.00036 0.000243 0.000885 0.000533 0.000436 0.000335 0.000253 0.000667 0.001126 0.000546 0.000403 0.00031 0.00014 0.000369 0.001384 0.000302 0.000194 0.00014 0.000306 0.000365 0.000436 0.000603 0.000461 0.000545 0.000625 0.006555 0.000295 0.000487 0.00044 0.000426 0.000424 0.000422 0.000424 0.000211 0.000386 0.000482 0.005023 0.001615 0.000733 0.000375 0.000495
0.000269 0.000898 0.000455 0.000623 0.000417 0.000317 0.000217 0.000334 0.001168 0.000925 0.000639 0.001213 0.001313 0.00055 0.000433 0.00042 0.00035 0.000306 0.00014 0.000344 0.000457 0.001282 0.000885 0.000249 0.000295 0.000388 0.000493 0.000384 0.000196 0.000321 0.000867 0.000402 0.000365 0.000308 0.000213 0.000196 0.000335 0.000196 0.00014 0.000539 0.000192 0.000358 0.000442 0.000516 0.000638 0.000621 0.000654 0.004417 0.003962 0.000361 0.000207 0.000237 0.000218 0.000218 0.000226 0.000247 0.000331 0.000432 0.000598 0.003818 0.00031 0.000468 0.000287 0.000438
0.000368 0.000495 0.000371 0.000491 0.000365 0.000214 0.000216 0.00038 0.000456 0.001026 0.000218 0.000405 0.002348 0.000694 0.000484 0.000302 0.00014 0.000196 0.0003 0.000417 0.000517 0.0018 0.000573 0.000379 0.000436 0.000228 0.000228 0.000365 0.00014 0.000196 0.000346 0.000211 0.000196 0.00014 0.000304 0.000726 0.000377 0.000213 0.000306 0.000506 0.000575 0.000464 0.000535 0.000691 0.000736 0.00754 0.029158 0.007209 0.004007 0.000491 0.000428 0.000413 0.000377 0.000329 0.000217 0.000335 0.000506 0.000451 0.00052 0.004283 0.000464 0.000464 0.000247 0.000463
0.000199 0.000249 0.000219 0.000211 0.000301 0.000329 0.000211 0.000192 0.000383 0.000722 0.000218 0.000371 0.001293 0.000508 0.000312 0.000196 0.000295 0.000467 0.00037 0.000476 0.000567 0.002281 0.000631 0.000474 0.000566 0.000348 0.000405 0.000211 0.000194 0.00069 0.000428 0.000329 0.000209 0.000304 0.0004 0.001116 0.000398 0.000215 0.000369 0.000518 0.001012 0.000278 0.000587 0.000809 0.000719 0.1085 0.000916 0.001377 0.001489 0.002328 0.001487 0.001073 0.000609 0.000432 0.000216 0.000375 0.000638 0.000508 0.000602 0.004523 0.000545 0.000508 0.000232 0.000463
0.000369 0.000338 0.000213 0.000712 0.000828 0.000752 0.000391 0.000141 0.000371 0.000326 0.000222 0.000308 0.000912 0.000556 0.000194 0.00014 0.000336 0.000607 0.000447 0.000538 0.004429 0.015261 0.00244 0.00183 0.00191 0.00097 0.000409 0.000215 0.000321 0.001316 0.000485 0.000379 0.000215 0.000369 0.000476 0.001533 0.000415 0.000218 0.000405 0.00064 0.001039 0.001232 0.000314 0.000524 0.133357 0.008344 0.000582 0.000632 0.000588 0.0008 0.000598 0.000522 0.000388 0.000251 0.000339 0.000516 0.000926 0.000688 0.000749 0.006019 0.000594 0.000302 0.000613 0.000752
0.000499 0.000494 0.000512 0.00088 0.000635 0.000274 0.000369 0.000335 0.000473 0.000186 0.000234 0.00014 0.000304 0.000717 0.000211 0.000304 0.000491 0.000625 0.000623 0.004953 0.004931 0.000712 0.000719 0.000618 0.000583 0.000592 0.00076 0.000249 0.00039 0.000849 0.001205 0.000407 0.000217 0.000405 0.00155 0.001191 0.000552 0.000257 0.00052 0.000535 0.000742 0.001666 0.000261 0.000496 0.488174 0.000647 0.000663 0.000518 0.00047 0.000667 0.000522 0.00048 0.000457 0.000445 0.000478 0.000688 0.000606 0.000888 0.004386 0.003284 0.000316 0.000419 0.001279 0.000743
0.004583 0.004214 0.003629 0.003069 0.000871 0.000958 0.001319 0.002282 0.001336 0.000482 0.000541 0.001002 0.000196 0.000268 0.000287 0.000397 0.000432 0.00061 0.005528 0.005201 0.000643 0.00055 0.000665 0.000483 0.00039 0.000196 0.00014 0.000276 0.000424 0.000761 0.001831 0.000741 0.000939 0.00203 0.002482 0.001408 0.000375 0.000199 0.000388 0.000625 0.000767 0.002074 0.000235 0.165918 0.00867 0.000473 0.000428 0.000388 0.000285 0.000493 0.000417 0.000344 0.000272 0.000457 0.000548 0.000783 0.000592 0.000632 0.004762 0.002555 0.001298 0.002646 0.001592 0.000361
0.000664 0.000799 0.001656 0.002009 0.00407 0.002347 0.001649 0.000802 0.000896 0.001219 0.000873 0.0003 0.00014 0.00032 0.000511 0.000428 0.000515 0.006115 0.005739 0.000618 0.000566 0.00052 0.000489 0.000419 0.000611 0.000272 0.000329 0.000399 0.000494 0.000722 0.003232 0.00206 0.003875 0.002297 0.000399 0.000287 0.000411 0.000215 0.000417 0.000488 0.000683 0.009752 0.009403 0.008691 0.000414 0.000356 0.000268 0.000266 0.00043 0.000255 0.000314 0.000194 0.000354 0.000491 0.000609 0.000995 0.000659 0.000808 0.006924 0.003279 0.001487 0.000308 0.00014 0.000381
0.000457 0.000467 0.000493 0.000495 0.000695 0.000491 0.000448 0.000399 0.000321 0.000215 0.000266 0.000188 0.000291 0.000394 0.00063 0.000493 0.006554 0.009371 0.000579 0.000522 0.000458 0.000398 0.000382 0.000319 0.000205 0.000285 0.000495 0.000525 0.000704 0.000843 0.004358 0.001517 0.000492 0.000401 0.000318 0.000243 0.000543 0.000352 0.000471 0.000555 0.000695 0.010765 0.000227 0.000236 0.000261 0.000323 0.000449 0.000598 0.000525 0.000442 0.00043 0.00014 0.000302 0.00083 0.00125 0.002473 0.001521 0.001081 0.007329 0.000378 0.000306 0.000213 0.000194 0.000388
0.000257 0.000259 0.000318 0.000433 0.000535 0.000391 0.000361 0.000313 0.000196 0.000211 0.000354 0.000376 0.000472 0.000439 0.006961 0.355066 0.008869 0.000553 0.000493 0.000436 0.000343 0.00019 0.000236 0.000171 0.000171 0.00035 0.000412 0.000543 0.00057 0.00546 0.005142 0.001708 0.000409 0.000301 0.00014 0.000323 0.00052 0.000612 0.000574 0.000756 0.011572 0.010744 0.002326 0.001307 0.001745 0.003036 0.002284 0.001882 0.001378 0.000827 0.000316 0.000196 0.000209 0.000379 0.000358 0.000418 0.001754 0.010489 0.007153 0.000249 0.00014 0.000308 0.000356 0.000443
0.001507 0.001091 0.00078 0.000633 0.000357 0.000215 0.000209 0.000194 0.00014 0.000373 0.000529 0.000622 0.000628 0.31586 0.191311 0.000545 0.000666 0.000481 0.000397 0.000359 0.000266 0.000344 0.000495 0.00031 0.000203 0.000384 0.000918 0.001322 0.001693 0.00852 0.000555 0.000525 0.000341 0.000209 0.000196 0.000371 0.000529 0.000772 0.000536 0.000584 0.014967 0.001281 0.001812 0.002458 0.002352 0.000489 0.000615 0.000567 0.000613 0.000424 0.000213 0.000209 0.000321 0.000253 0.000232 0.000226 0.000223 0.009408 0.000235 0.000264 0.000194 0.000354 0.000429 0.000498
0.000391 0.000347 0.000211 0.000272 0.000284 0.000362 0.000437 0.000312 0.000194 0.000309 0.00039 0.000533 0.007034 0.005253 0.000328 0.000443 0.000564 0.000407 0.00022 0.000224 0.000235 0.000396 0.000935 0.000376 0.000213 0.000414 0.000437 0.000434 0.000309 0.006761 0.000854 0.000555 0.000259 0.00033 0.000213 0.000696 0.000833 0.001415 0.002079 0.001347 0.012168 0.00023 0.000252 0.00029 0.000509 0.000745 0.000672 0.000543 0.000505 0.000457 0.000398 0.000216 0.000371 0.000398 0.000466 0.000394 0.000428 0.123814 0.000664 0.000275 0.000343 0.000413 0.000478 0.000554
0.000236 0.000271 0.000536 0.000448 0.000436 0.000411 0.000606 0.000367 0.000207 0.000357 0.000528 0.00047 0.003553 0.007291 0.000584 0.000622 0.000416 0.000394 0.000341 0.000219 0.000344 0.000552 0.001487 0.000615 0.000677 0.00035 0.000266 0.000232 0.00037 0.007062 0.000641 0.000676 0.000792 0.000476 0.000218 0.000217 0.000453 0.00035 0.000383 0.001471 0.01618 0.000498 0.000524 0.000744 0.000472 0.000253 0.000299 0.000407 0.00039 0.000342 0.000232 0.000403 0.000463 0.000491 0.000596 0.00049 0.000578 0.577396 0.000293 0.000195 0.000367 0.000457 0.000543 0.012177
0.000339 0.000234 0.000859 0.000453 0.000298 0.001291 0.000967 0.00028 0.000342 0.000428 0.000915 0.000331 0.002403 0.008209 0.000851 0.000362 0.000223 0.000231 0.000262 0.000353 0.000442 0.000489 0.002114 0.000881 0.000141 0.000302 0.000379 0.0004 0.000584 0.007312 0.000441 0.000356 0.000266 0.000356 0.000219 0.00033 0.000469 0.00057 0.000317 0.000262 0.012822 0.000608 0.000598 0.000517 0.000639 0.000505 0.000527 0.000543 0.000218 0.000222 0.000228 0.000358 0.000559 0.000645 0.000673 0.00064 0.008645 0.008412 0.000141 0.000292 0.000407 0.000506 0.010424 0.01028
0.000357 0.000218 0.002325 0.002058 0.001634 0.001468 0.000335 0.000269 0.000397 0.000556 0.000906 0.0085 0.060045 0.00735 0.000245 0.000288 0.000395 0.000352 0.000235 0.000404 0.000512 0.002468 0.001691 0.00021 0.000195 0.000363 0.00045 0.000498 0.000482 0.038058 0.000351 0.000223 0.000237 0.000411 0.000495 0.000391 0.000505 0.000713 0.000491 0.000474 0.013162 0.001132 0.001424 0.001866 0.001458 0.001345 0.000843 0.00039 0.000335 0.000218 0.000339 0.000443 0.000489 0.000546 0.000679 0.208783 0.008682 0.00021 0.00019 0.000335 0.000439 0.000554 0.016826 0.004227
0.000981 0.001919 0.002531 0.000365 0.000306 0.000191 0.000141 0.000289 0.000571 0.000488 0.000718 0.107616 0.001059 0.001121 0.00054 0.000613 0.000727 0.000872 0.000385 0.000487 0.001855 0.001537 0.000854 0.000214 0.000321 0.000428 0.00051 0.00057 0.007512 0.071125 0.000571 0.000343 0.000225 0.00042 0.000536 0.000538 0.00059 0.001161 0.000323 0.000461 0.14884 0.002207 0.001521 0.000403 0.000333 0.000241 0.00022 0.00023 0.00026 0.000352 0.000432 0.000508 0.000572 0.000633 0.009812 0.008889 0.000214 0.000214 0.000304 0.000394 0.000492 0.006181 0.348103 0.015817
0.067197 0.001405 0.000214 0.000214 0.000212 0.00021 0.000291 0.000458 0.000446 0.022324 0.281514 0.009449 0.001111 0.001372 0.002178 0.001439 0.001025 0.000348 0.000254 0.000875 0.001515 0.002652 0.000659 0.000216 0.00043 0.000505 0.000577 0.00064 0.009181 0.000412 0.00041 0.000397 0.000222 0.000508 0.00071 0.000782 0.001479 0.000874 0.00026 0.000438 0.400507 0.000443 0.000385 0.000249 0.000282 0.000478 0.000381 0.000339 0.000234 0.0004 0.000489 0.00056 0.000619 0.000678 0.008863 0.000212 0.000213 0.000313 0.000386 0.000466 0.000564 0.341369 0.480044 0.230697
