use_cases/Flooding/flood_case/test
ncols    269
nrows    269
xllcorner    0
yllcorner    0
cellsize    10
NODATA_value    -9999
[rows 140 to 167 of 269, columns 64 to 127 of 269]
0.000192 0.00026 0.000213 0.000196 0.00014 0.000572 0.000692 0.00082 0.000921 0.000807 0.000668 0.0009 0.000738 0.000758 0.000621 0.00045 0.000374 0.00023 0.000565 0.00235 0.000475 0.000355 0.000212 0.000356 0.000375 0.002438 0.190157 0.000767 0.000466 0.000475 0.00037 0.000359 0.00033 0.000735 0.000559 0.00022 0.000374 0.000277 0.000654 0.125554 0.092878 0.000425 0.000251 0.002412 0.002054 0.000296 0.000402 0.000376 0.00053 0.000408 0.000381 0.000331 0.000193 0.000141 0.000283 0.000345 0.000799 0.00024 0.000224 0.000627 0.003801 0.003366 0.000287 0.000401
0.000356 0.000515 0.000337 0.000212 0.00031 0.004052 0.003703 0.00329 0.002838 0.00235 0.001845 0.001413 0.001043 0.000484 0.000318 0.0005 0.00052 0.000454 0.000495 0.001912 0.002256 0.000409 0.00022 0.000404 0.00047 0.084132 0.009311 0.00037 0.000413 0.000207 0.000192 0.00014 0.000335 0.001059 0.00035 0.000376 0.000452 0.000451 0.000721 0.124696 0.000439 0.000413 0.000309 0.000646 0.004171 0.001877 0.000215 0.000205 0.000254 0.000225 0.000231 0.000253 0.000317 0.000193 0.000347 0.000423 0.001397 0.000225 0.000326 0.000541 0.004643 0.001369 0.000373 0.00028
0.000956 0.000975 0.000485 0.000218 0.004144 0.006913 0.000494 0.000416 0.000362 0.000465 0.000213 0.000353 0.00045 0.000553 0.00051 0.000584 0.000629 0.000984 0.000342 0.000899 0.003507 0.000744 0.000224 0.001181 0.119038 0.01111 0.000221 0.000213 0.000292 0.000324 0.000206 0.000292 0.000456 0.00138 0.000398 0.000576 0.000321 0.000544 0.0103 0.134064 0.000256 0.000316 0.000464 0.000788 0.001643 0.001945 0.002602 0.000402 0.000494 0.000416 0.000391 0.000355 0.000254 0.000336 0.000424 0.000499 0.001319 0.000219 0.000364 0.005374 0.005213 0.00095 0.000315 0.000438
0.001169 0.000229 0.000248 0.000353 0.004584 0.000865 0.000378 0.000229 0.00024 0.000273 0.000363 0.000267 0.000452 0.000577 0.000617 0.00137 0.000826 0.000878 0.000513 0.000517 0.001836 0.001375 0.006964 0.005501 0.006625 0.00028 0.000363 0.000499 0.000376 0.00025 0.000337 0.000405 0.000454 0.001107 0.001482 0.00061 0.000417 0.000286 0.030234 0.139308 0.000479 0.000479 0.00043 0.000291 0.000312 0.000193 0.002797 0.00231 0.001907 0.001478 0.001102 0.00041 0.000268 0.000477 0.000582 0.001399 0.000796 0.000571 0.150879 0.005402 0.000805 0.001098 0.000218 0.000378
0.00022 0.000223 0.000357 0.004966 0.004784 0.000417 0.000295 0.000416 0.000371 0.000574 0.000407 0.000235 0.000436 0.000594 0.003508 0.007918 0.000885 0.000791 0.000525 0.000339 0.001332 0.00536 0.00489 0.003715 0.004084 0.000667 0.000495 0.000483 0.000279 0.000368 0.000578 0.000438 0.000549 0.012179 0.005562 0.000573 0.000304 0.000406 0.126913 0.103884 0.002419 0.00065 0.000627 0.000411 0.00019 0.00014 0.000544 0.00059 0.00055 0.000507 0.000734 0.000736 0.000203 0.000375 0.000472 0.000945 0.006297 0.052658 0.005528 0.000374 0.000276 0.000141 0.000303 0.000433
0.002238 0.003556 0.028511 0.005066 0.000408 0.000326 0.000247 0.000438 0.000491 0.001012 0.000292 0.000368 0.00048 0.040469 0.27114 0.244066 0.177338 0.063142 0.002953 0.001 0.001521 0.090514 0.081049 0.074886 0.104093 0.070357 0.008631 0.000538 0.000244 0.002404 0.110759 0.173307 0.210895 0.202445 0.156686 0.098004 0.078352 0.127229 0.114431 0.005673 0.002135 0.00272 0.000613 0.000736 0.001146 0.001285 0.001606 0.000773 0.000668 0.000556 0.00037 0.000219 0.000335 0.000522 0.000679 0.001098 0.011263 0.000389 0.00034 0.000278 0.000141 0.00027 0.000378 0.066229
0.004968 0.003743 0.000507 0.000391 0.000286 0.00014 0.000327 0.000473 0.00056 0.001375 0.000247 0.000412 0.000523 0.219314 0.205104 0.039719 0.06839 0.143065 0.143392 0.136849 0.120362 0.139775 0.096043 0.071707 0.066191 0.100719 0.186095 0.17948 0.156386 0.115149 0.103123 0.049612 0.02906 0.009869 0.072829 0.150003 0.071268 0.017707 0.000757 0.000916 0.001175 0.002381 0.002948 0.002388 0.001783 0.000921 0.000502 0.000456 0.000384 0.000355 0.000307 0.000212 0.00038 0.000442 0.000503 0.000732 0.008351 0.000206 0.000193 0.000141 0.000263 0.000359 0.043752 0.164028
0.000526 0.000482 0.000446 0.000285 0.00014 0.000284 0.000405 0.000627 0.000671 0.001769 0.000231 0.000435 0.01786 0.239113 0.0034 0.0005 0.000255 0.000441 0.002898 0.000725 0.001263 0.000785 0.000754 0.00091 0.002242 0.000679 0.001821 0.003401 0.015017 0.000752 0.00061 0.000433 0.000267 0.000378 0.042013 0.047462 0.000385 0.000535 0.000449 0.000465 0.000489 0.000488 0.000752 0.000533 0.00049 0.000448 0.000409 0.00037 0.00021 0.000194 0.000141 0.000194 0.000389 0.00049 0.00058 0.000754 0.019536 0.000311 0.000203 0.00029 0.000376 0.078898 0.118736 0.027751
0.000396 0.000332 0.000413 0.00014 0.000287 0.000389 0.000481 0.000525 0.000682 0.001646 0.000774 0.000702 0.206019 0.09769 0.000602 0.000514 0.000299 0.000406 0.001397 0.000577 0.001037 0.000688 0.000473 0.001675 0.002399 0.001508 0.000387 0.00023 0.002595 0.000702 0.0006 0.000373 0.000337 0.000257 0.160968 0.014396 0.000223 0.000225 0.000232 0.000249 0.000294 0.000396 0.000508 0.00039 0.000359 0.000317 0.000255 0.000322 0.000666 0.00066 0.000292 0.000349 0.000433 0.000537 0.02041 0.227142 0.169603 0.025026 0.017488 0.097729 0.118226 0.065575 0.001214 0.002568
0.000221 0.000218 0.000212 0.000196 0.000362 0.000467 0.000556 0.000639 0.000747 0.001882 0.006055 0.106193 0.256837 0.002597 0.0009 0.00083 0.000573 0.000304 0.000951 0.000651 0.001231 0.000726 0.0008 0.002257 0.000375 0.000992 0.000478 0.000358 0.003204 0.000937 0.000919 0.000349 0.000733 0.00139 0.124479 0.025087 0.000379 0.000515 0.000381 0.000514 0.000371 0.000223 0.000217 0.000208 0.000191 0.000141 0.001421 0.001234 0.000927 0.000279 0.000141 0.00035 0.00055 0.010315 0.244829 0.07092 0.02895 0.096372 0.094048 0.065075 0.000749 0.000631 0.000428 0.000229
0.000422 0.000392 0.000337 0.000213 0.000526 0.00104 0.001487 0.001201 0.055317 0.150413 0.085697 0.157219 0.049577 0.000613 0.000503 0.000669 0.000481 0.000427 0.000343 0.000257 0.000732 0.000521 0.001417 0.002703 0.00056 0.0005 0.000229 0.000458 0.001887 0.000543 0.000939 0.000408 0.000668 0.000878 0.053614 0.1521 0.095723 0.030013 0.005167 0.000581 0.000482 0.000426 0.000412 0.000679 0.000742 0.001343 0.001586 0.000361 0.000297 0.000141 0.000277 0.000391 0.000475 0.114662 0.063706 0.00046 0.000465 0.000289 0.000362 0.002246 0.000957 0.000425 0.000429 0.000246
0.000608 0.000618 0.000391 0.000219 0.000364 0.000406 0.000469 0.001505 0.137079 0.064823 0.000645 0.000544 0.00069 0.000554 0.00043 0.000494 0.000374 0.00032 0.000194 0.000323 0.00065 0.000515 0.002585 0.000718 0.000694 0.000508 0.000235 0.00045 0.001431 0.000433 0.000852 0.000671 0.00117 0.000948 0.001021 0.000673 0.063003 0.119676 0.115857 0.105854 0.089813 0.0589 0.000679 0.001152 0.001307 0.001107 0.000215 0.000212 0.000208 0.000194 0.000323 0.000441 0.005695 0.148683 0.000739 0.000559 0.000443 0.000385 0.000225 0.00159 0.001217 0.000293 0.000417 0.00029
0.000794 0.000492 0.000474 0.000367 0.000276 0.000238 0.000362 0.000403 0.182091 0.0152 0.000582 0.000528 0.00044 0.000514 0.000391 0.000218 0.000211 0.000195 0.00014 0.000196 0.000489 0.000802 0.001355 0.00056 0.000465 0.000684 0.000251 0.000428 0.001519 0.000366 0.000539 0.001218 0.001107 0.000561 0.000564 0.000605 0.000695 0.00237 0.001912 0.002455 0.000833 0.118929 0.119346 0.00144 0.00085 0.00069 0.000364 0.000316 0.000212 0.000312 0.000398 0.000505 0.110798 0.043955 0.000613 0.000284 0.000384 0.000351 0.000242 0.000704 0.0021 0.001378 0.000606 0.000374
0.000615 0.000602 0.000534 0.000416 0.00024 0.00036 0.00027 0.000234 0.11481 0.076099 0.000464 0.000431 0.000388 0.000218 0.000341 0.000414 0.00038 0.000324 0.000194 0.00114 0.000866 0.000627 0.00055 0.000471 0.00041 0.00043 0.000301 0.000394 0.000708 0.000475 0.000745 0.002207 0.000417 0.00022 0.000408 0.000514 0.00062 0.00082 0.004223 0.000852 0.00022 0.000477 0.129228 0.00287 0.000751 0.000843 0.000546 0.000352 0.000213 0.000352 0.000468 0.119315 0.098778 0.001086 0.00125 0.001029 0.000221 0.000233 0.000268 0.000893 0.000272 0.000952 0.000501 0.000484
0.000716 0.000643 0.000512 0.000635 0.00037 0.000272 0.00038 0.000407 0.099878 0.027847 0.000674 0.00026 0.000328 0.000488 0.00087 0.000851 0.001066 0.001396 0.002753 0.001699 0.000586 0.000523 0.000462 0.000376 0.000216 0.000381 0.000441 0.000307 0.000612 0.000732 0.000623 0.000999 0.000408 0.000221 0.000359 0.00045 0.000888 0.000838 0.004088 0.001556 0.00033 0.000502 0.051399 0.216022 0.002701 0.000829 0.000392 0.000273 0.000345 0.000437 0.028612 0.129791 0.00137 0.000668 0.000851 0.00087 0.00111 0.000866 0.000486 0.000605 0.000375 0.000479 0.000347 0.000216
0.001921 0.000719 0.000641 0.000612 0.000415 0.00024 0.000413 0.000487 0.128196 0.000389 0.00061 0.001102 0.001645 0.002492 0.034552 0.002956 0.003725 0.001884 0.000545 0.000623 0.00048 0.000447 0.000404 0.000329 0.000217 0.000332 0.000664 0.000777 0.000752 0.000356 0.000275 0.000241 0.000372 0.000226 0.000428 0.000589 0.000814 0.000603 0.002085 0.001805 0.000405 0.000477 0.000572 0.08614 0.160109 0.000534 0.000424 0.000245 0.000406 0.00254 0.066401 0.011749 0.000297 0.000496 0.000414 0.000396 0.000378 0.000355 0.000305 0.000423 0.000226 0.000233 0.000249 0.000476
0.001596 0.001239 0.001757 0.000609 0.000431 0.000228 0.000527 0.000971 0.178713 0.001355 0.001929 0.002708 0.005154 0.002864 0.00062 0.000564 0.000485 0.000619 0.000477 0.000404 0.000382 0.000351 0.000307 0.00021 0.000214 0.000217 0.000221 0.000255 0.000199 0.000388 0.000426 0.00044 0.000865 0.00024 0.000281 0.000352 0.000481 0.000588 0.000861 0.003377 0.000646 0.000365 0.000506 0.000587 0.165098 0.098637 0.000455 0.000809 0.109971 0.106062 0.093959 0.027679 0.000375 0.000223 0.000217 0.000213 0.000208 0.000193 0.000141 0.000194 0.00043 0.000341 0.000385 0.000925
0.002898 0.00353 0.008568 0.000613 0.000439 0.000223 0.000377 0.000274 0.23783 0.023117 0.00362 0.00372 0.000526 0.000709 0.000527 0.000471 0.000469 0.000653 0.000354 0.000217 0.000208 0.000191 0.000141 0.000195 0.000324 0.000456 0.000377 0.000428 0.000419 0.000476 0.000537 0.002491 0.00134 0.000693 0.00038 0.000218 0.00042 0.00064 0.00063 0.001903 0.000927 0.000525 0.000453 0.000508 0.001291 0.226514 0.209772 0.136903 0.091111 0.000819 0.000592 0.058857 0.017204 0.000431 0.0004 0.000366 0.000347 0.000307 0.000189 0.000302 0.000432 0.000453 0.004961 0.005484
0.000195 0.000322 0.012079 0.003906 0.000548 0.000259 0.000426 0.001081 0.296641 0.000994 0.000485 0.000427 0.000394 0.000528 0.000407 0.000228 0.000233 0.000249 0.000279 0.00048 0.000394 0.000369 0.000353 0.000209 0.00037 0.000567 0.000458 0.000522 0.00055 0.000597 0.002719 0.00129 0.000238 0.000262 0.000337 0.00022 0.000422 0.000531 0.000437 0.001148 0.000825 0.001021 0.000229 0.000407 0.000498 0.000553 0.00571 0.015147 0.004117 0.001389 0.00032 0.000422 0.015752 0.108436 0.022353 0.00045 0.000382 0.000249 0.000319 0.000391 0.000488 0.005198 0.005178 0.000545
0.00014 0.000194 0.00229 0.005184 0.00028 0.000331 0.004068 0.284664 0.110429 0.000411 0.000365 0.000224 0.000228 0.000229 0.000366 0.000471 0.000478 0.000506 0.000422 0.000716 0.000521 0.00049 0.000325 0.000216 0.000391 0.000543 0.000567 0.000622 0.00077 0.000922 0.002595 0.000925 0.00047 0.000345 0.000222 0.000232 0.000437 0.000251 0.00043 0.000452 0.000548 0.001194 0.00024 0.000365 0.000444 0.000453 0.001465 0.003849 0.002213 0.002776 0.000454 0.00031 0.000376 0.000497 0.083736 0.031797 0.000423 0.000235 0.005974 0.009344 0.006552 0.005761 0.000482 0.000524
0.000367 0.000399 0.000289 0.00706 0.003881 0.002959 0.090782 0.067738 0.000421 0.000249 0.000282 0.000523 0.000451 0.00044 0.000662 0.000542 0.000465 0.000265 0.000443 0.001278 0.000651 0.000441 0.000387 0.000215 0.000402 0.000539 0.000713 0.001232 0.000358 0.000578 0.044194 0.001833 0.000683 0.000449 0.000375 0.000322 0.000239 0.000322 0.000415 0.000326 0.000494 0.000846 0.000271 0.000411 0.000409 0.000295 0.002256 0.002668 0.000265 0.003572 0.000672 0.000413 0.000228 0.000421 0.000553 0.031706 0.024376 0.014147 0.006149 0.000413 0.000315 0.001084 0.00022 0.00021
0.000401 0.000492 0.000587 0.000288 0.001751 0.001965 0.066317 0.001334 0.000391 0.000605 0.001035 0.000807 0.000588 0.000551 0.000823 0.000572 0.000459 0.000242 0.000455 0.002065 0.000484 0.000323 0.00045 0.000706 0.000298 0.000526 0.000606 0.001613 0.000278 0.044416 0.008692 0.00702 0.011069 0.006221 0.000495 0.000424 0.000475 0.000406 0.00031 0.000473 0.000469 0.000416 0.000349 0.000261 0.00023 0.001441 0.005069 0.000502 0.000433 0.003251 0.000551 0.000377 0.000234 0.00038 0.000499 0.000634 0.004439 0.090596 0.008635 0.000331 0.0005 0.000857 0.001858 0.000988
1.46644 1.68864 1.77846 1.7831 2.02317 2.22083 2.24314 1.99288 0.000606 0.000659 0.000587 0.000815 0.000737 0.000727 0.000935 0.00054 0.000318 0.000383 0.00148 0.001269 0.000492 0.000263 0.000474 0.001192 0.000434 0.000362 0.009846 0.019444 0.009299 0.008977 0.000193 0.00014 0.000468 0.006401 0.005798 0.001153 0.001534 0.001176 0.000847 0.000507 0.000353 0.000296 0.000524 0.001037 0.001316 0.001324 0.002154 0.000266 0.0006 0.002901 0.000568 0.000343 0.000258 0.000337 0.000449 0.000563 0.000626 0.006726 0.127766 0.014847 0.000747 0.000836 0.000677 0.001282
2.28019 2.26219 2.22882 2.24104 2.2509 2.22897 2.20526 2.11325 2.04154 1.58872 1.38374 1.20173 0.00078 0.000703 0.000837 0.000583 0.000259 0.000426 0.007855 0.008183 0.00796 0.017664 0.025098 0.012058 0.011293 0.016217 0.010656 0.001016 0.001096 0.0014 0.002954 0.001116 0.000515 0.000228 0.005473 0.00486 0.000413 0.000387 0.000353 0.000303 0.000193 0.000419 0.000535 0.000618 0.000537 0.001112 0.001276 0.000327 0.000666 0.002171 0.000891 0.000249 0.000328 0.000219 0.000385 0.000488 0.000488 0.000808 0.00089 0.047103 0.01671 0.000728 0.000499 0.000233
2.31469 2.2916 2.25823 2.23524 2.19381 2.1088 2.01765 1.98805 2.04568 1.90288 1.63372 1.5834 1.65614 1.42087 0.0008 0.000311 0.000392 0.075565 0.026641 0.008822 0.01268 0.000826 0.000901 0.000757 0.000749 0.000803 0.001568 0.000828 0.000631 0.000411 0.001165 0.000648 0.000678 0.000225 0.000522 0.004787 0.000218 0.000214 0.000206 0.000192 0.000141 0.000398 0.000732 0.000428 0.000493 0.001403 0.000439 0.000474 0.00089 0.001342 0.000967 0.001399 0.000217 0.000219 0.000486 0.000505 0.000597 0.000604 0.001043 0.00079 0.014288 0.009817 0.000493 0.000375
2.28359 2.2227 2.12406 2.02551 1.99718 1.87611 1.68633 1.58791 1.87594 2.00362 1.94422 1.91867 1.77 1.47109 0.000386 0.01379 0.014052 0.013513 0.000674 0.000659 0.000662 0.000615 0.000899 0.000637 0.000545 0.000338 0.001595 0.001362 0.000656 0.000648 0.000599 0.000472 0.000645 0.000223 0.000553 0.004158 0.003898 0.000546 0.000637 0.000533 0.000623 0.000686 0.000329 0.000264 0.000414 0.001047 0.000242 0.000741 0.00098 0.000349 0.000208 0.001194 0.00067 0.00022 0.000343 0.000462 0.000417 0.00048 0.001245 0.000265 0.000415 0.02023 0.009557 0.000421
0.000552 0.000762 0.0004 0.000243 0.017752 0.000485 0.000378 0.000252 1.56395 1.83402 1.87056 2.03405 2.16015 2.03554 0.008756 0.013712 0.000484 0.000724 0.000551 0.000514 0.000554 0.000584 0.000935 0.000601 0.000574 0.000513 0.000298 0.001407 0.000774 0.00054 0.000582 0.000475 0.000567 0.000227 0.000622 0.000436 0.003955 0.002244 0.000519 0.000591 0.00021 0.000195 0.000141 0.000337 0.000376 0.00074 0.000271 0.001226 0.000346 0.000302 0.000209 0.000733 0.000338 0.000224 0.000262 0.000297 0.000357 0.000541 0.000882 0.000312 0.000375 0.000666 0.123813 0.025214
0.000498 0.000644 0.000333 0.000287 0.01754 0.000407 0.000285 0.000425 0.000494 0.001043 0.000653 1.87598 1.94668 2.15079 2.2163 0.000244 0.000274 0.000509 0.000407 0.000252 0.000301 0.000406 0.000573 0.000497 0.000505 0.00054 0.000591 0.000789 0.000624 0.000643 0.000577 0.000527 0.000434 0.000238 0.000557 0.00038 0.002379 0.002151 0.000549 0.000433 0.000391 0.000336 0.000427 0.000281 0.000211 0.000304 0.000357 0.000673 0.000192 0.000141 0.000193 0.000409 0.000243 0.000232 0.000658 0.000211 0.000194 0.000399 0.000381 0.000582 0.00032 0.000747 0.000729 0.059517
