use_cases/Flooding/flood_case/test
ncols    269
nrows    269
xllcorner    0
yllcorner    0
cellsize    10
NODATA_value    -9999
[rows 168 to 195 of 269, columns 64 to 127 of 269]
0.000778 0.000831 0.000265 0.000391 0.0294 0.000581 0.000391 0.000219 0.000392 0.001065 0.000546 1.01049 1.32256 1.87847 2.06891 0.000582 0.000367 0.000222 0.000346 0.000426 0.000373 0.000216 0.0002 0.000264 0.000242 0.000264 0.000304 0.000522 0.000458 0.00036 0.000534 0.000483 0.000422 0.000268 0.000444 0.000312 0.000604 0.003056 0.002137 0.002079 0.001254 0.001385 0.000772 0.000275 0.000194 0.000141 0.000195 0.000212 0.00059 0.000192 0.000319 0.000253 0.000357 0.000392 0.001021 0.000301 0.000141 0.000288 0.000357 0.000364 0.001051 0.000917 0.000549 0.000543
0.000747 0.000408 0.000218 0.000574 0.018737 0.000389 0.000341 0.00022 0.000343 0.001104 0.000279 0.747281 1.10211 1.80547 1.96011 0.000477 0.000526 0.000493 0.000527 0.000489 0.000609 0.000428 0.000397 0.000569 0.000458 0.000438 0.000385 0.000248 0.00037 0.000489 0.000426 0.000412 0.000394 0.000353 0.000195 0.000211 0.000706 0.001331 0.000895 0.000536 0.000227 0.000237 0.000268 0.000343 0.00042 0.000193 0.000323 0.00037 0.000975 0.00034 0.000256 0.000364 0.000529 0.000532 0.001411 0.000382 0.00028 0.000141 0.000195 0.000387 0.000727 0.000206 0.000354 0.000423
0.000846 0.000358 0.000205 0.000447 0.018326 0.000219 0.00022 0.000222 0.000223 0.000782 0.00036 0.537164 1.13208 2.01748 2.08432 1.90362 0.00072 0.001107 0.000732 0.000759 0.001282 0.000811 0.000539 0.000776 0.000578 0.000521 0.000695 0.000583 0.000658 0.000725 0.000221 0.000225 0.00024 0.000285 0.000141 0.00057 0.000955 0.000223 0.001656 0.000724 0.000647 0.000352 0.000233 0.000782 0.000424 0.00021 0.000373 0.000453 0.001335 0.0004 0.000235 0.000408 0.000444 0.000648 0.002155 0.00047 0.000402 0.000341 0.000305 0.000141 0.000312 0.000194 0.000302 0.000505
0.001245 0.000469 0.000302 0.00046 0.039137 0.016383 0.000388 0.000343 0.000229 0.000374 0.000804 0.000502 1.16497 2.11868 2.16691 1.94282 1.63184 0.000682 0.000979 0.000748 0.001027 0.000859 0.001122 0.00123 0.000627 0.00096 0.00088 0.000874 0.000657 0.000301 0.000407 0.000373 0.000315 0.000141 0.000282 0.000243 0.000371 0.000234 0.000634 0.000282 0.000141 0.000361 0.000972 0.0007 0.000431 0.000217 0.0004 0.001344 0.001082 0.000533 0.000259 0.000439 0.000526 0.000563 0.002128 0.000498 0.000593 0.000441 0.000373 0.000474 0.000346 0.000141 0.000192 0.000445
0.000342 0.000216 0.00033 0.000423 0.000484 0.268688 0.0007 0.000524 0.00024 0.000282 0.000415 0.000419 1.04742 2.07245 2.27264 2.0959 1.7514 1.81741 1.68984 0.000809 0.001108 0.000692 0.000326 0.000502 0.001773 0.001321 0.001065 0.00062 0.000527 0.000448 0.00052 0.00043 0.000353 0.00019 0.000712 0.000412 0.00037 0.000259 0.000195 0.000141 0.000275 0.001138 0.000936 0.000748 0.000353 0.000386 0.000474 0.002408 0.001435 0.000389 0.000201 0.000433 0.000543 0.000633 0.002911 0.000947 0.001469 0.000741 0.000279 0.000838 0.000367 0.000192 0.00031 0.000514
0.000218 0.000213 0.000196 0.00032 0.000379 0.037208 0.045535 0.000432 0.000424 0.000389 0.000327 0.000195 0.782434 1.81456 2.28193 2.30303 2.25433 2.25347 2.32085 2.33645 0.0009 0.000623 0.000427 0.00034 0.003412 0.000878 0.00071 0.000687 0.000593 0.000694 0.000573 0.000541 0.00056 0.000936 0.001114 0.000448 0.000556 0.00035 0.000209 0.000302 0.000371 0.00173 0.000908 0.000347 0.000385 0.000464 0.002838 0.002603 0.000365 0.000293 0.000357 0.000475 0.000629 0.000686 0.004565 0.001091 0.000275 0.000141 0.000335 0.001137 0.000394 0.000206 0.000734 0.000371
0.002965 0.00031 0.00014 0.000196 0.000211 0.001781 0.052693 0.014825 0.000424 0.000212 0.000197 0.00014 0.000194 1.34363 1.92666 2.03917 2.09097 2.05447 2.07493 2.27931 2.31315 0.00064 0.000548 0.000304 0.002733 0.000949 0.000857 0.000882 0.000926 0.001333 0.000875 0.000778 0.001045 0.001132 0.000248 0.000309 0.0009 0.000386 0.000213 0.000356 0.000437 0.00278 0.000512 0.00027 0.000429 0.003288 0.003173 0.000355 0.000215 0.000677 0.000672 0.000543 0.000592 0.000697 0.003941 0.000188 0.000141 0.000277 0.000392 0.001968 0.001122 0.001743 0.00116 0.000476
0.006718 0.001011 0.000196 0.000324 0.018959 0.002289 0.002773 0.161269 0.007894 0.000373 0.000326 0.000197 0.000579 0.000593 0.000688 0.000579 1.8739 1.7341 1.89809 2.31832 2.20297 1.85894 0.000392 0.000208 0.003616 0.001525 0.001855 0.001231 0.00102 0.000887 0.000789 0.001184 0.000923 0.000213 0.000224 0.000362 0.00115 0.000398 0.000214 0.000376 0.00175 0.001517 0.000343 0.000399 0.003748 0.080914 0.000524 0.000476 0.000201 0.000211 0.000993 0.001377 0.001813 0.003869 0.00263 0.0003 0.000189 0.00033 0.00311 0.002936 0.001396 0.000529 0.000429 0.000358
0.002075 0.000683 0.000665 0.002117 0.003266 0.000314 0.000658 0.019991 0.162335 0.000567 0.000379 0.000213 0.000217 0.000468 0.000367 0.000601 0.000945 0.000545 2.04471 2.39958 2.20349 1.87983 1.65482 0.001838 0.00405 0.00179 0.000435 0.000707 0.001005 0.000897 0.001429 0.001201 0.000543 0.000314 0.000217 0.000386 0.001466 0.00042 0.000218 0.000416 0.002495 0.000961 0.000261 0.004355 0.004044 0.000503 0.000432 0.000356 0.000304 0.000365 0.000437 0.000433 0.000468 0.003838 0.005381 0.000356 0.000205 0.068158 0.003386 0.000534 0.000506 0.000431 0.000358 0.000308
0.001435 0.000533 0.000811 0.001689 0.001845 0.000349 0.000783 0.000507 0.049108 0.007514 0.000933 0.000338 0.000219 0.000318 0.000255 0.000664 0.000783 0.000349 1.72603 2.25996 2.24971 2.05707 1.9704 1.83292 0.001937 0.000388 0.000652 0.000485 0.002779 0.001098 0.001511 0.000747 0.000663 0.000421 0.00022 0.000421 0.002874 0.002109 0.005221 0.007065 0.006804 0.00515 0.004591 0.004289 0.000529 0.000436 0.00035 0.000193 0.000328 0.000433 0.000336 0.000228 0.000332 0.000372 0.010942 0.002844 0.005247 0.00366 0.0005 0.000426 0.000442 0.000343 0.000208 0.000193
0.000979 0.000699 0.000899 0.002219 0.000255 0.000535 0.00068 0.000806 0.042444 0.016695 0.000495 0.000865 0.000449 0.00014 0.000793 0.001391 0.001028 0.001707 0.002208 2.05035 2.14448 2.23444 2.40703 2.3243 2.0167 0.00043 0.000299 0.00039 0.002279 0.000883 0.001491 0.00069 0.00047 0.000272 0.000361 0.060306 0.023169 0.007019 0.00583 0.000539 0.000493 0.000466 0.000605 0.000508 0.00051 0.000368 0.000302 0.000141 0.000193 0.00041 0.000786 0.000219 0.000216 0.000213 0.006396 0.084443 0.000501 0.000444 0.000405 0.00035 0.000268 0.000258 0.000415 0.000317
0.000656 0.000702 0.000914 0.001671 0.000301 0.000594 0.000683 0.000442 0.009143 0.01088 0.001585 0.000275 0.000371 0.00033 0.000509 0.000791 0.000583 0.000903 0.002559 0.001705 1.92704 1.97749 2.22393 2.31632 2.13866 0.000433 0.00025 0.000437 0.003294 0.001603 0.002007 0.002399 0.003836 0.006292 0.099072 0.008573 0.000538 0.000493 0.000593 0.000435 0.000396 0.0004 0.000392 0.000357 0.000512 0.000216 0.00021 0.000193 0.000381 0.000467 0.001127 0.000326 0.000213 0.000308 0.009503 0.004605 0.000376 0.000331 0.000248 0.000304 0.000608 0.000539 0.000457 0.00036
0.000698 0.00096 0.000973 0.001026 0.000659 0.000694 0.00032 0.000261 0.015575 0.001111 0.001302 0.001423 0.000862 0.000232 0.000494 0.000595 0.00054 0.000715 0.005811 0.000194 0.00113 1.72072 2.15845 2.26547 2.15557 1.8995 0.012365 0.018737 0.011712 0.012974 0.010023 0.014092 0.007662 0.008278 0.000451 0.000446 0.000426 0.00038 0.000424 0.000339 0.000214 0.000209 0.000196 0.000141 0.000402 0.000384 0.00033 0.00021 0.000318 0.000784 0.001052 0.000949 0.000517 0.004975 0.035515 0.000221 0.000215 0.000216 0.000225 0.000854 0.000597 0.00044 0.000562 0.000386
0.001194 0.000719 0.000882 0.000532 0.000355 0.000273 0.004467 0.005276 0.023044 0.001439 0.001026 0.000726 0.000418 0.000246 0.000534 0.00054 0.00069 0.001303 0.00359 0.00014 0.001636 0.001958 2.20208 2.20801 2.11866 1.86482 0.000541 0.000739 0.00057 0.000483 0.000302 0.001371 0.000723 0.000497 0.000226 0.000227 0.000225 0.000227 0.000241 0.00026 0.000432 0.000322 0.000208 0.0003 0.000849 0.000436 0.000302 0.000453 0.00047 0.000312 0.001252 0.001418 0.001138 0.007701 0.003841 0.000373 0.000314 0.00021 0.000332 0.001374 0.000715 0.00068 0.000998 0.00104
0.000836 0.000528 0.000593 0.000299 0.000435 0.002488 0.002761 0.004256 0.010408 0.001074 0.001881 0.000472 0.000362 0.000286 0.000588 0.000367 0.000277 0.00125 0.005145 0.006561 0.003483 0.002285 2.11316 2.232 2.11806 1.83051 0.000479 0.000494 0.000508 0.000471 0.000436 0.000798 0.000773 0.000978 0.000847 0.000469 0.000638 0.000424 0.000407 0.000549 0.000528 0.000374 0.000214 0.000359 0.001257 0.00053 0.000209 0.000365 0.000494 0.000483 0.000335 0.000829 0.001142 0.028062 0.008949 0.008814 0.006781 0.00512 0.004714 0.004306 0.003605 0.003425 0.002994 0.003113
0.000458 0.000358 0.000237 0.002969 0.005796 0.002257 0.001482 0.006491 0.013124 0.000816 0.001781 0.000383 0.000195 0.000381 0.00116 0.001238 0.003721 0.001794 0.00348 0.003467 0.000269 0.00038 2.05431 2.17856 2.2412 1.8086 0.000241 0.000278 0.000373 0.000311 0.000198 0.000287 0.000276 0.000547 0.000345 0.000522 0.000425 0.000297 0.000996 0.000601 0.000408 0.000282 0.00034 0.001341 0.00111 0.000377 0.000252 0.000422 0.000525 0.000551 0.000678 0.00083 0.021372 0.014 0.001105 0.001638 0.003068 0.000254 0.000287 0.000486 0.000438 0.000437 0.000287 0.000895
0.000235 0.000396 0.002582 0.004162 0.000246 0.000365 0.000272 0.032671 0.004262 0.000675 0.003198 0.000579 0.000264 0.000574 0.000667 0.000787 0.001821 0.001435 0.006717 0.000258 0.000349 0.000538 2.05853 2.05628 2.23777 1.85498 0.000405 0.000353 0.000195 0.00014 0.000766 0.000466 0.000427 0.000353 0.000552 0.000564 0.000889 0.000773 0.001275 0.000522 0.000448 0.000244 0.000396 0.001811 0.000644 0.000401 0.000196 0.000412 0.000526 0.000588 0.000556 0.006457 0.075391 0.000537 0.00024 0.00029 0.003739 0.003553 0.000369 0.000252 0.000299 0.000422 0.00041 0.000486
0.000474 0.001781 0.002429 0.00044 0.000301 0.000248 0.006026 0.020224 0.000718 0.000977 0.001575 0.000446 0.000227 0.000428 0.00061 0.000737 0.001742 0.001108 0.004176 0.000326 0.000196 0.000315 1.75724 2.00274 2.24934 2.08911 1.73857 0.00043 0.000323 0.000195 0.001157 0.000486 0.000669 0.000445 0.000344 0.001739 0.001439 0.001408 0.000725 0.000535 0.000321 0.000381 0.001981 0.001619 0.000695 0.000473 0.000213 0.000395 0.000605 0.000599 0.000671 0.073665 0.011637 0.001091 0.000951 0.000374 0.000228 0.003442 0.002199 0.00101 0.000804 0.000526 0.000358 0.00022
0.002503 0.001303 0.000906 0.000745 0.000628 0.000552 0.092695 0.007458 0.000247 0.002473 0.000724 0.000438 0.000236 0.000395 0.000626 0.001215 0.0018 0.001146 0.003689 0.000196 0.00014 0.000194 0.000702 1.69254 2.11738 2.18341 1.79646 1.49569 0.000257 0.000347 0.001551 0.00058 0.000636 0.000306 0.000421 0.002184 0.000833 0.000371 0.000857 0.000617 0.000296 0.00045 0.002812 0.001065 0.000431 0.000266 0.00033 0.000445 0.000618 0.014724 0.0196 0.015218 0.001084 0.000607 0.000685 0.000501 0.000243 0.001887 0.001784 0.000221 0.000225 0.000234 0.000264 0.000349
0.000368 0.00027 0.000519 0.001007 0.001134 0.006166 0.022293 0.000547 0.000283 0.00139 0.001218 0.000402 0.00026 0.000595 0.000682 0.001164 0.001538 0.002037 0.005437 0.000376 0.000386 0.001132 0.001453 0.000829 2.06042 2.20998 2.19101 1.94514 1.85038 0.000809 0.001444 0.000595 0.000441 0.000461 0.013759 0.005106 0.000771 0.000526 0.000888 0.000438 0.000216 0.003605 0.002373 0.000598 0.000433 0.00024 0.000381 0.000507 0.081464 0.03246 0.000804 0.000823 0.001345 0.000986 0.000544 0.000415 0.000267 0.000347 0.00347 0.000437 0.000447 0.000444 0.000453 0.000458
0.000268 0.000366 0.000397 0.000485 0.000292 0.006343 0.006802 0.000581 0.000552 0.000224 0.001325 0.000561 0.000317 0.000469 0.000623 0.000911 0.002222 0.001556 0.001706 0.000287 0.001051 0.00083 0.00072 0.000906 1.72072 1.90467 2.17947 2.31952 2.29323 0.011767 0.02621 0.000543 0.000256 0.154851 0.23976 0.168111 0.103094 0.003248 0.00076 0.000456 0.000223 0.00309 0.001168 0.000591 0.000441 0.000229 0.000422 0.07889 0.015794 0.000575 0.000639 0.000631 0.001088 0.000815 0.000762 0.000585 0.000447 0.000216 0.002313 0.002243 0.001396 0.001408 0.000771 0.000314
0.000369 0.000273 0.000239 0.000231 0.000377 0.018899 0.000963 0.000776 0.000465 0.000226 0.000916 0.000366 0.000701 0.000768 0.000637 0.001063 0.004747 0.000426 0.000212 0.000383 0.000637 0.000411 0.000436 0.000538 0.000394 1.44981 1.79248 2.1804 2.34985 2.24632 0.065298 0.101172 0.104468 0.130493 0.000817 0.000967 0.266014 0.260363 0.088929 0.008922 0.001516 0.002224 0.001134 0.000542 0.000316 0.00038 0.020404 0.018094 0.000419 0.00034 0.000512 0.000487 0.000765 0.000585 0.000509 0.00044 0.000357 0.000208 0.000385 0.001062 0.000362 0.00035 0.000208 0.000194
0.000256 0.000357 0.000406 0.003093 0.003001 0.009566 0.000614 0.000607 0.000465 0.000228 0.000537 0.000551 0.000613 0.000378 0.000282 0.002096 0.002395 0.000404 0.000194 0.000322 0.00046 0.000247 0.000233 0.000226 0.000264 0.000196 1.77529 2.10455 2.29478 1.94753 0.000195 0.001816 0.002616 0.000459 0.000361 0.000285 0.004753 0.176638 0.187801 0.206165 0.091707 0.00331 0.001133 0.000508 0.000261 0.000435 0.015987 0.000247 0.000286 0.000372 0.000321 0.000347 0.000493 0.000488 0.000446 0.000389 0.000305 0.000192 0.00036 0.000677 0.000273 0.000141 0.000574 0.000209
0.001182 0.000911 0.003189 0.002033 0.001377 0.00805 0.000817 0.000577 0.000441 0.000226 0.00076 0.000658 0.000987 0.001585 0.002084 0.002499 0.000503 0.000381 0.00014 0.000195 0.000211 0.00044 0.000358 0.000412 0.000573 0.006822 1.8803 1.94192 2.21199 1.88719 0.00014 0.052099 0.000453 0.000382 0.000211 0.000382 0.000547 0.000557 0.001887 0.077424 0.206018 0.128969 0.063129 0.003692 0.000398 0.000313 0.017134 0.000471 0.000453 0.000627 0.000486 0.000426 0.000299 0.000398 0.000371 0.000319 0.000193 0.000141 0.000316 0.000194 0.000141 0.000272 0.000704 0.000412
0.000731 0.002064 0.002263 0.000301 0.000412 0.007361 0.000604 0.000527 0.00039 0.000226 0.000427 0.000576 0.000753 0.000747 0.000699 0.000752 0.000448 0.000367 0.000298 0.000367 0.000399 0.006373 0.008522 0.025373 0.04817 0.006845 1.66479 1.73648 2.0796 1.93335 0.000193 0.000723 0.000368 0.000323 0.000194 0.000321 0.000552 0.000424 0.000696 0.000483 0.080522 0.114695 0.159122 0.15557 0.146016 0.114289 0.038492 0.002101 0.002566 0.00144 0.000764 0.000486 0.000358 0.000217 0.000215 0.000213 0.000212 0.000306 0.000403 0.000657 0.000189 0.000333 0.000505 0.000517
0.000785 0.001357 0.000368 0.000441 0.000644 0.011194 0.000524 0.000464 0.000433 0.000234 0.000415 0.000568 0.000722 0.000527 0.000506 0.000329 0.000262 0.000413 0.001217 0.009868 0.065036 0.006397 0.003908 0.002921 0.001236 0.001073 1.46627 1.7372 2.04346 2.17405 2.11537 0.000216 0.000212 0.000195 0.00014 0.000197 0.00034 0.000393 0.00057 0.000383 0.000453 0.000544 0.001622 0.020165 0.075834 0.141755 0.035628 0.000516 0.000505 0.000659 0.00055 0.000565 0.000449 0.000369 0.000349 0.000311 0.00021 0.000352 0.000445 0.000926 0.000204 0.000366 0.00053 0.000607
0.000914 0.000696 0.000617 0.000379 0.000439 0.006786 0.000701 0.000494 0.000342 0.000258 0.000398 0.000595 0.000424 0.000439 0.000308 0.000514 0.000404 0.000506 0.10508 0.00861 0.001425 0.000423 0.000238 0.00049 0.000501 0.000813 0.000822 1.90614 1.93372 2.14912 2.03887 1.39046 0.000382 0.000325 0.000197 0.000418 0.000223 0.000223 0.000353 0.000216 0.000322 0.000414 0.000693 0.000578 0.000624 0.105366 0.064632 0.000288 0.000397 0.000333 0.000772 0.000607 0.000509 0.000408 0.000547 0.000367 0.000213 0.000391 0.000502 0.001216 0.000215 0.000705 0.000365 0.000598
0.001029 0.000629 0.000395 0.000465 0.000673 0.009576 0.000472 0.000395 0.000209 0.000326 0.000369 0.000471 0.000278 0.000246 0.000379 0.000635 0.000499 0.007477 0.015499 0.000245 0.001799 0.000604 0.000267 0.000523 0.000336 0.001631 0.001343 1.73124 1.7811 1.97571 2.23142 2.08979 1.88965 1.27472 0.00021 0.00072 0.000218 0.000737 0.000394 0.000212 0.000195 0.000318 0.000489 0.000636 0.000504 0.036305 0.170252 0.00037 0.000234 0.000259 0.000631 0.001259 0.000586 0.000487 0.00075 0.000415 0.000221 0.000432 0.000571 0.001087 0.000757 0.001367 0.000477 0.000387
