use_cases/Flooding/flood_case/test
ncols    269
nrows    269
xllcorner    0
yllcorner    0
cellsize    10
NODATA_value    -9999
[rows 112 to 139 of 269, columns 128 to 191 of 269]
0.000291 0.000356 0.000445 0.000998 0.000308 0.005273 0.003063 0.001915 0.001804 0.001006 0.006006 0.005006 0.001896 0.001745 0.001498 0.000901 0.001464 0.001175 0.001078 0.002086 0.001838 0.013661 0.014986 0.001283 0.002454 0.003146 0.016059 0.026248 0.003229 0.001711 0.001003 0.001724 0.002071 0.005241 0.059396 0.002467 0.001492 0.001786 0.198117 0.355182 0.241138 0.106572 0.015013 0.003546 0.00207 0.003302 0.001536 0.001663 0.002092 0.002475 0.007937 0.009149 0.005059 0.001561 0.001949 0.007987 0.004036 0.001687 0.001946 0.002205 0.01392 0.013586 0.008592 0.005498
0.000248 0.000447 0.002073 0.001991 0.00242 0.004822 0.002481 0.002358 0.001327 0.001667 0.00852 0.003694 0.001005 0.000983 0.000906 0.000652 0.000893 0.003318 0.00507 0.007275 0.011345 0.013069 0.002006 0.001658 0.002668 0.003079 0.004481 0.017383 0.002586 0.002167 0.000973 0.001532 0.001745 0.007664 0.054001 0.002486 0.002128 0.001121 0.001826 0.168602 0.341559 0.354986 0.360832 0.272887 0.016411 0.005643 0.001561 0.013846 0.017793 0.009626 0.008421 0.005275 0.002355 0.003411 0.014454 0.035665 0.015705 0.003356 0.002282 0.001582 0.033625 0.014753 0.007123 0.004619
0.000232 0.000395 0.003269 0.002688 0.005037 0.005863 0.002426 0.001327 0.001819 0.013124 0.012114 0.005556 0.001903 0.001774 0.001502 0.000906 0.001934 0.002166 0.002413 0.002726 0.005732 0.003094 0.001412 0.002348 0.002758 0.004196 0.004939 0.014357 0.002245 0.00165 0.000902 0.000963 0.000989 0.012239 0.064425 0.003521 0.002156 0.001277 0.001552 0.001904 0.003413 0.03662 0.247451 0.362415 0.267962 0.213283 0.238767 0.194575 0.206788 0.157571 0.126716 0.096178 0.112338 0.144815 0.147296 0.1503 0.160018 0.135072 0.119389 0.085831 0.114083 0.053395 0.015384 0.009444
0.000226 0.000431 0.009483 0.006199 0.00521 0.001148 0.001853 0.002066 0.015902 0.01463 0.002315 0.002403 0.002397 0.002186 0.00177 0.000977 0.001479 0.001622 0.001919 0.002262 0.002447 0.003591 0.002407 0.003147 0.003755 0.003901 0.004827 0.011705 0.002001 0.001378 0.000652 0.001355 0.001665 0.046877 0.037175 0.002792 0.002189 0.00168 0.00089 0.001408 0.001638 0.001838 0.019133 0.246698 0.147514 0.018279 0.064444 0.021058 0.023276 0.027729 0.018589 0.074155 0.118681 0.045306 0.022041 0.013332 0.006928 0.004174 0.010327 0.002715 0.050183 0.022531 0.007814 0.002996
0.000222 0.005509 0.005461 0.000208 0.000193 0.000141 0.00137 0.021983 0.016319 0.001812 0.00122 0.001533 0.002359 0.001483 0.002082 0.003671 0.001671 0.000652 0.001412 0.001901 0.001846 0.002536 0.001908 0.002473 0.002915 0.003459 0.004896 0.008676 0.001707 0.000897 0.001385 0.001785 0.036067 0.039398 0.0032 0.002672 0.001879 0.001401 0.000652 0.000895 0.000971 0.001004 0.015884 0.124104 0.001838 0.001144 0.001943 0.004366 0.001754 0.009098 0.003602 0.003419 0.009851 0.008204 0.015858 0.010791 0.00265 0.001044 0.002139 0.003001 0.016521 0.011493 0.008975 0.012215
0.337288 0.004604 0.003595 0.000371 0.000314 0.000192 0.011524 0.011666 0.001193 0.001446 0.002067 0.00198 0.001553 0.00197 0.005481 0.003438 0.002309 0.000913 0.000979 0.001498 0.000652 0.001322 0.001622 0.002293 0.002822 0.003233 0.005085 0.007298 0.001488 0.000652 0.001524 0.002079 0.03769 0.003125 0.002878 0.002876 0.002356 0.000908 0.001389 0.001635 0.001787 0.001924 0.047978 0.099755 0.002442 0.00129 0.001641 0.002139 0.002614 0.009654 0.001492 0.002373 0.002001 0.005134 0.021016 0.011344 0.002094 0.001033 0.002065 0.002922 0.005842 0.008747 0.003465 0.002846
0.561873 0.105815 0.087178 0.001944 0.000366 0.000208 0.101859 0.008103 0.002087 0.001996 0.002797 0.002041 0.001221 0.007605 0.006623 0.004963 0.001671 0.000979 0.001522 0.00359 0.001313 0.000652 0.000908 0.002229 0.002612 0.004076 0.007148 0.00216 0.001173 0.001468 0.001926 0.090353 0.035456 0.002651 0.002077 0.002468 0.00197 0.000652 0.001572 0.002002 0.002311 0.011871 0.113946 0.096469 0.00188 0.00171 0.000998 0.001754 0.002254 0.007986 0.002043 0.001022 0.002 0.002612 0.008827 0.012418 0.00209 0.001033 0.002022 0.00281 0.006947 0.003372 0.00334 0.001054
0.000487 0.000235 0.053402 0.426246 0.049706 0.064307 0.058351 0.050651 0.07277 0.036232 0.025901 0.003271 0.006094 0.007344 0.003386 0.0011 0.00128 0.001653 0.002021 0.016666 0.007332 0.005468 0.002933 0.002423 0.003416 0.003686 0.002313 0.002258 0.001467 0.012329 0.015736 0.030423 0.010308 0.002495 0.002036 0.001024 0.00204 0.004309 0.006827 0.011221 0.014335 0.010868 0.09351 0.081443 0.001202 0.00151 0.00099 0.001518 0.001915 0.006384 0.001989 0.001019 0.001943 0.002485 0.002984 0.01373 0.002011 0.000986 0.001852 0.003766 0.005634 0.003868 0.005938 0.119601
0.000535 0.000252 0.000403 0.010548 0.004625 0.001661 0.002161 0.001332 0.018032 0.01985 0.551468 0.19309 0.005579 0.004291 0.00292 0.001628 0.00111 0.013855 0.055671 0.013916 0.005601 0.010761 0.003448 0.001813 0.002724 0.001787 0.001915 0.001348 0.015522 0.012036 0.006218 0.017081 0.014796 0.002266 0.002011 0.001022 0.001967 0.002511 0.003806 0.007073 0.004991 0.004613 0.061958 0.10885 0.001602 0.000996 0.000999 0.001005 0.001505 0.004817 0.001929 0.001015 0.001869 0.002198 0.002609 0.015193 0.002389 0.001277 0.002246 0.003757 0.002847 0.00303 0.005284 0.005004
0.000615 0.000416 0.000483 0.00745 0.006753 0.001444 0.002121 0.001844 0.002453 0.00101 0.001959 0.196738 0.066588 0.030907 0.027489 0.032492 0.036114 0.018684 0.007152 0.003006 0.002718 0.004464 0.004021 0.002293 0.001545 0.001304 0.001095 0.014028 0.015536 0.001141 0.001603 0.00252 0.029896 0.00314 0.001855 0.001013 0.001932 0.002281 0.004173 0.007396 0.00392 0.003339 0.003979 0.130882 0.003587 0.001688 0.001496 0.001019 0.001026 0.003251 0.001894 0.001007 0.001738 0.002455 0.003083 0.011189 0.002931 0.001292 0.001654 0.002844 0.004073 0.003789 0.006353 0.005659
0.000655 0.000589 0.000273 0.002603 0.012862 0.000816 0.001646 0.001814 0.001567 0.000998 0.001961 0.008349 0.013013 0.007452 0.011368 0.027107 0.01756 0.004345 0.0036 0.003974 0.003382 0.004305 0.004737 0.002096 0.001176 0.002521 0.004622 0.096597 0.001707 0.001351 0.00111 0.0025 0.021251 0.002665 0.002376 0.000945 0.001795 0.003097 0.006915 0.007459 0.001392 0.001989 0.002662 0.102301 0.108203 0.02449 0.001866 0.001503 0.001051 0.001069 0.001857 0.001005 0.001511 0.001895 0.002297 0.009176 0.002884 0.00218 0.001009 0.001982 0.00341 0.003278 0.003967 0.005146
0.000622 0.000696 0.000342 0.000392 0.010846 0.010686 0.001383 0.001008 0.000987 0.000922 0.001849 0.011632 0.002637 0.001968 0.001026 0.002036 0.015645 0.00455 0.002703 0.002657 0.002637 0.002466 0.004058 0.00196 0.000927 0.002045 0.002641 0.010831 0.001119 0.001778 0.00407 0.004427 0.019446 0.00239 0.002023 0.001155 0.002349 0.002739 0.007767 0.001027 0.001899 0.002655 0.002761 0.069062 0.034494 0.023187 0.035922 0.00199 0.001759 0.001575 0.00101 0.00101 0.000993 0.001471 0.001939 0.007002 0.002736 0.00183 0.00099 0.001943 0.002547 0.003817 0.003633 0.004587
0.000394 0.000848 0.000668 0.000249 0.000786 0.095307 0.007889 0.005822 0.00376 0.001215 0.002584 0.013711 0.003517 0.001796 0.001028 0.001993 0.013197 0.005837 0.00211 0.00211 0.002149 0.002145 0.003528 0.0018 0.001187 0.002048 0.002574 0.012811 0.001229 0.002235 0.002515 0.002905 0.017534 0.002254 0.001909 0.001023 0.001867 0.002385 0.00613 0.001045 0.00179 0.002105 0.002342 0.038003 0.002127 0.001285 0.032495 0.104824 0.002188 0.001976 0.001559 0.001795 0.000977 0.000895 0.001621 0.006656 0.003776 0.001602 0.000906 0.001917 0.002459 0.003551 0.006401 0.004737
0.001367 0.001157 0.000697 0.000408 0.001274 0.005537 0.003016 0.002621 0.002002 0.001028 0.00202 0.007771 0.003357 0.002328 0.001026 0.001923 0.00957 0.008253 0.001063 0.001125 0.001315 0.001794 0.002814 0.002278 0.001054 0.001914 0.002435 0.008268 0.002141 0.001429 0.002209 0.004331 0.015826 0.002081 0.001733 0.001021 0.001674 0.003033 0.004633 0.001117 0.001626 0.001806 0.00192 0.037382 0.002954 0.001576 0.001009 0.031281 0.031896 0.002335 0.002623 0.002438 0.001391 0.000652 0.001406 0.00167 0.004108 0.002164 0.001119 0.001897 0.002198 0.002726 0.003555 0.007614
0.000811 0.000816 0.000802 0.000561 0.001491 0.003891 0.002594 0.002463 0.001911 0.001018 0.001937 0.005488 0.003658 0.001946 0.001032 0.001788 0.002774 0.017366 0.002032 0.001925 0.00172 0.0011 0.001237 0.001647 0.0011 0.001689 0.002139 0.008182 0.001212 0.002672 0.003576 0.004148 0.020682 0.003354 0.002314 0.001004 0.001999 0.002697 0.001868 0.00134 0.001137 0.001057 0.001035 0.034691 0.002653 0.001795 0.001001 0.001737 0.030402 0.030088 0.002656 0.001987 0.001819 0.001427 0.001008 0.000958 0.001441 0.001547 0.0009 0.001641 0.002635 0.002635 0.003549 0.00582
0.000727 0.000744 0.00087 0.001186 0.002363 0.002212 0.002945 0.002224 0.001762 0.001009 0.001812 0.002213 0.004482 0.001858 0.001065 0.001536 0.002123 0.010577 0.008978 0.005221 0.002936 0.001899 0.001689 0.001084 0.001226 0.002013 0.002675 0.005298 0.001464 0.002368 0.002773 0.003258 0.010747 0.002376 0.001811 0.000976 0.001483 0.001708 0.002307 0.004537 0.004488 0.005571 0.006361 0.044831 0.002768 0.000993 0.001011 0.001546 0.001916 0.028649 0.027704 0.002429 0.002037 0.00235 0.00186 0.001804 0.001565 0.001056 0.000651 0.001309 0.002194 0.002053 0.003907 0.004808
0.000657 0.00097 0.000862 0.000785 0.001375 0.001595 0.00218 0.001891 0.001494 0.000992 0.00156 0.001801 0.001936 0.001629 0.001153 0.000885 0.001873 0.002098 0.00498 0.002384 0.002087 0.00291 0.002173 0.00183 0.00158 0.001012 0.001767 0.003141 0.002086 0.002347 0.002586 0.002926 0.008006 0.002182 0.001668 0.000905 0.000972 0.001 0.001009 0.001117 0.000949 0.001014 0.001025 0.045352 0.005703 0.002626 0.001008 0.001041 0.001519 0.001989 0.055071 0.0245 0.019012 0.020065 0.002392 0.002059 0.002326 0.001617 0.001265 0.000651 0.001396 0.002036 0.005242 0.004879
0.000415 0.000415 0.000567 0.000588 0.000777 0.001119 0.001719 0.001387 0.000844 0.000966 0.001006 0.00102 0.001025 0.001849 0.003567 0.000982 0.001789 0.001393 0.001934 0.001682 0.002578 0.003728 0.002402 0.001872 0.001002 0.001002 0.001527 0.00249 0.001727 0.001885 0.00228 0.00254 0.005844 0.001895 0.001441 0.000651 0.001706 0.001534 0.001822 0.002206 0.001838 0.001962 0.021956 0.028014 0.006736 0.003422 0.003977 0.001846 0.000976 0.001602 0.007966 0.007708 0.008545 0.013707 0.085428 0.018698 0.011365 0.002395 0.002389 0.001538 0.000867 0.002368 0.014858 0.001329
0.000494 0.000202 0.000246 0.00022 0.000241 0.000356 0.000997 0.000651 0.001117 0.002116 0.001578 0.001844 0.001942 0.002296 0.005771 0.001986 0.001925 0.002333 0.001102 0.001265 0.002387 0.006386 0.002645 0.002105 0.001542 0.000987 0.000909 0.001515 0.001201 0.001088 0.002084 0.002116 0.003913 0.001502 0.001019 0.001397 0.001955 0.002518 0.002119 0.002516 0.00328 0.01223 0.022929 0.006609 0.009368 0.001014 0.000992 0.000963 0.000903 0.001908 0.002346 0.008698 0.00197 0.001056 0.003586 0.010218 0.009538 0.016463 0.00237 0.002788 0.001067 0.001733 0.005301 0.002224
0.000299 0.000391 0.000493 0.000381 0.000332 0.000233 0.001319 0.001553 0.003777 0.002135 0.001216 0.001997 0.002326 0.002652 0.007945 0.002564 0.002405 0.002167 0.001034 0.00167 0.005591 0.006731 0.002917 0.002399 0.00192 0.001431 0.000651 0.000909 0.001624 0.001887 0.002168 0.001201 0.0015 0.000901 0.001822 0.003327 0.004747 0.006771 0.00582 0.003834 0.003222 0.012082 0.012505 0.001072 0.018571 0.012349 0.001678 0.001386 0.000652 0.00139 0.001542 0.005143 0.002551 0.001539 0.004312 0.001814 0.001002 0.012728 0.002125 0.000888 0.000651 0.001435 0.003436 0.001916
0.000847 0.000497 0.000647 0.000457 0.000383 0.000245 0.001446 0.001942 0.00589 0.002522 0.001094 0.002051 0.004388 0.003898 0.011042 0.003572 0.002995 0.002115 0.001021 0.001851 0.020701 0.010677 0.00619 0.003491 0.002265 0.001863 0.001416 0.000974 0.001784 0.002229 0.004653 0.001588 0.000896 0.000651 0.000896 0.000966 0.000998 0.001741 0.006653 0.010277 0.006737 0.017232 0.001965 0.001128 0.001493 0.011822 0.010748 0.00178 0.001346 0.000913 0.000652 0.003143 0.001996 0.001867 0.003376 0.001503 0.000961 0.011161 0.13796 0.002162 0.001452 0.001046 0.001048 0.001853
0.000562 0.000566 0.000792 0.000506 0.000401 0.000196 0.001503 0.006354 0.005224 0.00184 0.001051 0.002086 0.001404 0.004839 0.014376 0.002505 0.001535 0.002265 0.016269 0.016002 0.01463 0.001905 0.002615 0.002414 0.002484 0.001885 0.002265 0.000999 0.001893 0.002433 0.006721 0.002235 0.001464 0.000907 0.001454 0.001688 0.001851 0.001531 0.001062 0.001058 0.011942 0.012773 0.001483 0.001269 0.000783 0.001241 0.009971 0.009106 0.004212 0.001688 0.001452 0.001076 0.001224 0.000793 0.002435 0.001408 0.00084 0.001926 0.022358 0.001945 0.001882 0.002135 0.001565 0.000989
0.000351 0.001244 0.000771 0.000585 0.000517 0.000215 0.000991 0.007241 0.002778 0.001402 0.001684 0.001522 0.000724 0.000626 0.012922 0.013807 0.000846 0.016233 0.015376 0.000645 0.000713 0.000849 0.001102 0.001601 0.001752 0.003215 0.001716 0.001021 0.001002 0.002008 0.007138 0.001311 0.00105 0.000497 0.00102 0.001318 0.001585 0.001801 0.001328 0.001258 0.008804 0.000713 0.000593 0.000457 0.000231 0.000431 0.000632 0.005686 0.003887 0.004682 0.00111 0.000726 0.000232 0.000257 0.000329 0.000216 0.00043 0.001451 0.006855 0.005416 0.004157 0.004537 0.002494 0.000838
0.000438 0.002369 0.001417 0.000868 0.000272 0.000348 0.001396 0.009812 0.002022 0.000782 0.002441 0.001132 0.000424 0.000429 0.0003 0.02151 0.010835 0.015699 0.000457 0.00042 0.000414 0.000424 0.00047 0.000846 0.001178 0.004055 0.001449 0.000932 0.00065 0.001268 0.008862 0.001155 0.000796 0.000335 0.000909 0.001801 0.002624 0.003751 0.003648 0.004939 0.007732 0.000693 0.000615 0.000478 0.00025 0.000424 0.000685 0.002916 0.00192 0.003027 0.005233 0.001796 0.000384 0.000339 0.000211 0.000201 0.000421 0.002617 0.002987 0.000984 0.00117 0.00137 0.002198 0.155684
0.037296 0.00247 0.000379 0.000225 0.00024 0.000391 0.005401 0.005454 0.001089 0.002439 0.001862 0.000858 0.000299 0.000244 0.000365 0.020904 0.007307 0.000393 0.000319 0.000228 0.000192 0.00014 0.000426 0.000702 0.001053 0.00493 0.001232 0.000767 0.000335 0.000988 0.007747 0.001004 0.000705 0.000463 0.000402 0.000482 0.000474 0.00047 0.000681 0.001419 0.004297 0.000986 0.000616 0.000516 0.000286 0.000399 0.00075 0.002169 0.000501 0.000253 0.00324 0.001542 0.002255 0.001313 0.000558 0.000232 0.000419 0.003516 0.000768 0.000693 0.000958 0.000443 0.000209 0.000415
0.000455 0.000377 0.000335 0.00022 0.000346 0.000535 0.008715 0.003759 0.000683 0.003308 0.001471 0.000799 0.00025 0.000352 0.000433 0.024468 0.006382 0.000239 0.000255 0.000424 0.000312 0.000191 0.000414 0.000625 0.005929 0.005551 0.00155 0.000461 0.000492 0.000824 0.008693 0.000937 0.000695 0.000539 0.000453 0.00044 0.000303 0.00025 0.000721 0.001948 0.003408 0.000922 0.000964 0.000559 0.000497 0.00029 0.00113 0.001351 0.000423 0.00027 0.002322 0.000757 0.000968 0.001006 0.000203 0.00019 0.000398 0.003001 0.000745 0.000209 0.001136 0.000443 0.000237 0.000476
0.000348 0.000218 0.000219 0.000219 0.000388 0.000443 0.007888 0.002772 0.000357 0.152378 0.001658 0.00049 0.000232 0.000389 0.000468 0.025183 0.000292 0.000414 0.000385 0.000599 0.000411 0.000347 0.000297 0.005976 0.006224 0.000385 0.000383 0.000379 0.000621 0.010426 0.103544 0.002025 0.001435 0.000882 0.000222 0.000218 0.00102 0.001367 0.001248 0.003468 0.001863 0.00073 0.000918 0.000778 0.000373 0.000487 0.001307 0.000461 0.000369 0.000333 0.001894 0.000657 0.000428 0.001407 0.000997 0.00014 0.000384 0.003461 0.000987 0.000272 0.001111 0.000535 0.000221 0.000428
0.00026 0.000341 0.000216 0.00033 0.000444 0.000525 0.008926 0.002604 0.002891 0.005304 0.000311 0.000481 0.000225 0.000406 0.000575 0.020793 0.000372 0.000286 0.000417 0.001454 0.00127 0.002067 0.004868 0.006192 0.000312 0.000193 0.000141 0.000307 0.000456 0.008978 0.000288 0.000368 0.000435 0.000325 0.000216 0.000653 0.000763 0.000534 0.000588 0.000722 0.002984 0.000675 0.000632 0.000748 0.000548 0.000302 0.000888 0.000365 0.000203 0.000457 0.001517 0.000846 0.000807 0.000445 0.0008 0.000337 0.000534 0.002282 0.001981 0.000323 0.000457 0.000508 0.00022 0.000421
