use_cases/Flooding/flood_case/output/h_1800.asc
ncols 269
nrows 269
xllcorner 0.000000
yllcorner 0.000000
cellsize 10.000000
NODATA_value -9999.000000
[rows 168 to 195 of 269, columns 124 to 185 of 269]
0.000000 0.000000 0.000000 0.000000 0.000000 0.002114 0.000000 0.000002 0.000006 0.000019 0.000273 0.000562 0.000475 0.025061 0.000800 0.000652 0.000821 0.000491 0.000604 0.000423 0.000321 0.000211 0.000311 0.000361 0.001715 0.081853 0.000594 0.000350 0.000264 0.000565 0.001107 0.000981 0.008048 0.000224 0.000238 0.000287 0.000366 0.000427 0.000512 0.000630 0.002103 0.000702 0.000232 0.017657 0.000907 0.000563 0.000334 0.000489 0.000487 0.000668 0.000556 0.000390 0.000224 0.000417 0.000576 0.000622 0.000676 0.000742 0.002263 0.000213 0.000326 0.000393
0.000000 0.000000 0.000000 0.000000 0.000000 0.000000 0.000000 0.000000 0.000001 0.000010 0.009454 0.019148 0.001253 0.000590 0.000748 0.000550 0.000453 0.000380 0.000488 0.000355 0.000209 0.000196 0.000141 0.000193 0.000427 0.000599 0.022644 0.000458 0.000389 0.000297 0.000412 0.001364 0.008557 0.000402 0.000396 0.000385 0.000278 0.000453 0.000541 0.000669 0.001456 0.002122 0.001025 0.000512 0.000466 0.000488 0.000562 0.000858 0.000810 0.000729 0.000411 0.000291 0.000361 0.000474 0.000524 0.000679 0.000737 0.002831 0.002444 0.000247 0.000427 0.000480
0.000000 0.000000 0.000000 0.000000 0.000000 0.000000 0.000000 0.042806 0.003193 0.003827 0.002766 0.000702 0.000584 0.000465 0.000626 0.000513 0.000355 0.000205 0.000284 0.000283 0.000379 0.000332 0.000231 0.000670 0.000734 0.000984 0.000681 0.001247 0.002020 0.000255 0.000342 0.000418 0.122528 0.000498 0.000488 0.000466 0.000242 0.000443 0.000531 0.000659 0.081477 0.002445 0.000462 0.000391 0.000297 0.000141 0.001247 0.000888 0.000566 0.000505 0.000443 0.000249 0.000412 0.000520 0.000601 0.000624 0.000745 0.039968 0.000313 0.000201 0.000371 0.000503
0.000000 0.000000 0.000000 0.000000 0.000000 0.000000 0.000000 0.001479 0.000881 0.000533 0.000946 0.000664 0.000592 0.000549 0.000372 0.000522 0.000289 0.000394 0.000615 0.000479 0.000463 0.000373 0.000186 0.000349 0.000389 0.000541 0.000440 0.000465 0.001843 0.000338 0.000196 0.000348 0.000452 0.024097 0.000507 0.000397 0.000228 0.000430 0.000533 0.001280 0.000472 0.000400 0.000375 0.000325 0.000207 0.000193 0.001636 0.000731 0.000632 0.000550 0.000457 0.000263 0.000518 0.000663 0.000684 0.000741 0.003869 0.003796 0.000195 0.000323 0.000434 0.000547
0.000000 0.000000 0.000000 0.000000 0.000000 0.000000 0.000000 0.000984 0.001104 0.000440 0.000848 0.000814 0.000497 0.000412 0.000218 0.000370 0.001362 0.001100 0.001503 0.002006 0.001652 0.001294 0.000894 0.000505 0.000217 0.000329 0.000385 0.000284 0.002217 0.000433 0.000141 0.000304 0.000404 0.004668 0.000557 0.000433 0.000224 0.000461 0.000629 0.029622 0.000356 0.000220 0.000216 0.000213 0.000215 0.000324 0.002048 0.000800 0.000676 0.000635 0.000447 0.000204 0.000391 0.000503 0.000738 0.000809 0.004342 0.000338 0.000141 0.000349 0.000470 0.001301
0.000000 0.000000 0.000000 0.000000 0.000000 0.000000 0.000000 0.000000 0.001718 0.000268 0.000535 0.000798 0.000630 0.000377 0.000204 0.000518 0.001248 0.003665 0.001711 0.000480 0.000485 0.000434 0.000369 0.000309 0.000212 0.000215 0.000216 0.000351 0.002406 0.000350 0.000195 0.000211 0.000352 0.000440 0.018247 0.000435 0.000222 0.000399 0.000858 0.000252 0.000288 0.000361 0.000415 0.000320 0.000215 0.000377 0.002056 0.001392 0.000716 0.000507 0.000443 0.000218 0.000419 0.000539 0.000583 0.000765 0.017972 0.000315 0.000193 0.000371 0.000507 0.042101
0.000000 0.000000 0.000000 0.000000 0.000000 0.000000 0.000000 0.000001 0.001438 0.001551 0.000795 0.000520 0.000517 0.000480 0.000268 0.000388 0.000674 0.003031 0.000242 0.000275 0.000365 0.000300 0.000194 0.000141 0.000196 0.000324 0.000367 0.000432 0.002806 0.000750 0.000247 0.000439 0.000295 0.000381 0.000473 0.001756 0.001974 0.002404 0.047230 0.003295 0.000403 0.000551 0.000451 0.000365 0.000214 0.000402 0.002595 0.001104 0.000588 0.000556 0.000443 0.000220 0.000419 0.000533 0.000624 0.005113 0.004823 0.000213 0.000209 0.000379 0.046347 0.001161
0.000000 0.000000 0.000000 0.000000 0.000000 0.000000 0.000000 0.000007 0.000028 0.001007 0.000578 0.000554 0.000412 0.000348 0.000262 0.000502 0.001088 0.057755 0.000391 0.000342 0.000192 0.000141 0.000307 0.000468 0.000321 0.000404 0.000443 0.000509 0.059540 0.000313 0.000192 0.000338 0.000410 0.000293 0.000404 0.000554 0.001046 0.000622 0.000586 0.003405 0.015081 0.031051 0.000526 0.000444 0.000356 0.000300 0.003644 0.001643 0.000762 0.000616 0.000441 0.000219 0.000417 0.000526 0.000633 0.021042 0.000297 0.000215 0.000312 0.000438 0.001578 0.001028
0.000000 0.000000 0.000000 0.000000 0.000000 0.000000 0.000000 0.000021 0.000065 0.000689 0.000449 0.000382 0.000303 0.000210 0.000335 0.000373 0.000389 0.003644 0.004043 0.000394 0.000303 0.000193 0.000367 0.000828 0.000255 0.000483 0.000611 0.001057 0.000213 0.000213 0.000212 0.000392 0.000472 0.000477 0.000329 0.000819 0.001064 0.000213 0.000361 0.000426 0.000466 0.000533 0.001187 0.021698 0.004949 0.003074 0.003705 0.000552 0.000565 0.000487 0.000315 0.000367 0.000474 0.000558 0.005351 0.005457 0.000141 0.000298 0.000400 0.020242 0.000625 0.000583
0.000000 0.000000 0.000000 0.000000 0.000000 0.000000 0.000000 0.000055 0.000090 0.000463 0.000372 0.000280 0.000141 0.000196 0.000212 0.000217 0.000217 0.000360 0.004023 0.003969 0.000390 0.000338 0.000275 0.001031 0.000232 0.000381 0.000459 0.001536 0.000367 0.000335 0.000245 0.000475 0.000637 0.000504 0.000530 0.000916 0.000326 0.000208 0.000302 0.000351 0.000374 0.000437 0.000362 0.000411 0.057045 0.005359 0.000287 0.000388 0.000631 0.000546 0.000401 0.000286 0.000489 0.000592 0.014233 0.000206 0.000194 0.000349 0.019545 0.000559 0.000505 0.000586
0.000000 0.000000 0.000000 0.000000 0.000000 0.000000 0.000000 0.000081 0.000126 0.000194 0.000286 0.000141 0.000285 0.000360 0.000399 0.000423 0.000428 0.000302 0.000252 0.004209 0.000449 0.000381 0.000238 0.001243 0.000360 0.000294 0.000452 0.001990 0.000502 0.000370 0.000200 0.000380 0.000636 0.001114 0.000465 0.000216 0.000211 0.000197 0.000141 0.000195 0.000210 0.000215 0.000219 0.000220 0.000224 0.009296 0.000475 0.000499 0.000826 0.000614 0.000526 0.000489 0.000376 0.000694 0.065762 0.000323 0.000207 0.015487 0.000673 0.000713 0.000728 0.000436
0.000000 0.000000 0.000000 0.000000 0.000000 0.000000 0.000043 0.000055 0.000025 0.000073 0.000141 0.000278 0.000382 0.000787 0.000285 0.000450 0.000504 0.001161 0.001207 0.004624 0.074530 0.000403 0.000223 0.001440 0.000412 0.000276 0.000437 0.002364 0.000441 0.000401 0.000215 0.000413 0.000537 0.001552 0.000559 0.000369 0.000326 0.000209 0.000307 0.000361 0.000384 0.000402 0.000407 0.000417 0.000448 0.006909 0.000821 0.000734 0.001380 0.001330 0.000684 0.000417 0.000245 0.000414 0.000294 0.001129 0.000217 0.005468 0.000392 0.000471 0.000398 0.000345
0.000000 0.000000 0.000000 0.000000 0.000000 0.000010 0.000031 0.000041 0.000035 0.000035 0.000250 0.000410 0.001040 0.000690 0.000424 0.000364 0.000813 0.000747 0.000498 0.000482 0.000486 0.001009 0.001653 0.001109 0.000467 0.000212 0.000686 0.002534 0.002867 0.000410 0.000216 0.000422 0.000579 0.001985 0.000489 0.000445 0.000372 0.000213 0.000361 0.000436 0.000479 0.000497 0.000525 0.000557 0.000587 0.005129 0.000861 0.001671 0.001788 0.000460 0.000482 0.000310 0.000378 0.000465 0.000478 0.000705 0.001018 0.000221 0.000217 0.000201 0.000243 0.000216
0.000000 0.000000 0.000000 0.000000 0.000000 0.000003 0.000016 0.000022 0.000016 0.000017 0.000290 0.000376 0.001506 0.000649 0.000434 0.000220 0.000215 0.000251 0.000200 0.000320 0.000361 0.000427 0.025817 0.002841 0.000378 0.000223 0.000216 0.000320 0.002973 0.003093 0.000368 0.000314 0.000660 0.003347 0.000549 0.000426 0.000535 0.000215 0.000390 0.000623 0.000494 0.000578 0.000632 0.033664 0.037962 0.018394 0.001836 0.001436 0.000231 0.000253 0.000327 0.000402 0.000480 0.001037 0.000554 0.020278 0.036735 0.000431 0.000396 0.000345 0.000424 0.000325
0.000000 0.000000 0.000000 0.000000 0.000000 0.000000 0.000000 0.000005 0.000005 0.000009 0.000304 0.000442 0.002365 0.001214 0.000772 0.000266 0.000345 0.000725 0.000214 0.000213 0.000214 0.000332 0.000398 0.005571 0.000447 0.000330 0.000213 0.000211 0.000216 0.002715 0.004036 0.000267 0.000499 0.002752 0.000543 0.000313 0.000538 0.000465 0.000518 0.001118 0.000350 0.000588 0.024984 0.003031 0.000244 0.000467 0.037956 0.000719 0.000340 0.000229 0.000385 0.000485 0.039881 0.005558 0.000934 0.000454 0.008985 0.039016 0.024050 0.019086 0.001287 0.001715
0.000000 0.000000 0.000000 0.000000 0.000000 0.000000 0.000000 0.000000 0.000001 0.000002 0.000300 0.001847 0.001640 0.000293 0.000141 0.000270 0.000387 0.001009 0.000321 0.000213 0.000325 0.000256 0.000237 0.003658 0.000509 0.000381 0.000214 0.000317 0.000448 0.001195 0.002424 0.001726 0.000852 0.003197 0.022942 0.004980 0.000375 0.019423 0.034966 0.028801 0.007041 0.005261 0.001934 0.000540 0.000269 0.000439 0.002901 0.024784 0.004517 0.000223 0.000420 0.046204 0.000736 0.000620 0.000520 0.000679 0.000307 0.000376 0.000473 0.011555 0.079291 0.002215
0.000000 0.000000 0.000000 0.000000 0.000000 0.000000 0.000000 0.000000 0.000000 0.000000 0.000338 0.002678 0.001315 0.000205 0.000195 0.000338 0.000432 0.001297 0.000362 0.000213 0.000359 0.000382 0.000530 0.004062 0.000672 0.000329 0.000435 0.000458 0.000697 0.000861 0.002357 0.001567 0.012286 0.009365 0.000291 0.009488 0.033920 0.006979 0.000832 0.001007 0.002175 0.000896 0.000746 0.000579 0.000325 0.000377 0.000718 0.001359 0.032803 0.084834 0.054512 0.012473 0.000721 0.000557 0.000519 0.000500 0.000403 0.000247 0.000393 0.000444 0.023394 0.012264
0.000000 0.000000 0.000000 0.000000 0.000000 0.000000 0.000000 0.000000 0.000000 0.000000 0.000299 0.004317 0.000717 0.000321 0.000209 0.000361 0.000463 0.001034 0.001216 0.000216 0.000390 0.000451 0.000435 0.006439 0.000418 0.000231 0.000392 0.000520 0.003658 0.032393 0.046281 0.033339 0.005140 0.000999 0.000400 0.000293 0.000907 0.000531 0.000493 0.000566 0.002251 0.000837 0.000717 0.000592 0.000449 0.000223 0.000772 0.000986 0.000240 0.000404 0.004235 0.006075 0.000729 0.000520 0.000560 0.000444 0.000356 0.000294 0.000369 0.000388 0.000410 0.068942
0.000000 0.000000 0.000000 0.000000 0.000000 0.000000 0.000000 0.000000 0.000000 0.000000 0.002265 0.002123 0.000429 0.000370 0.000214 0.000376 0.000491 0.000899 0.001902 0.000377 0.000327 0.000495 0.000544 0.004332 0.000440 0.000228 0.000428 0.025722 0.008552 0.004682 0.001029 0.000762 0.000873 0.001392 0.000305 0.000430 0.000421 0.000404 0.000232 0.000912 0.001572 0.000748 0.000665 0.000561 0.000434 0.000220 0.000941 0.000376 0.000270 0.000362 0.004608 0.007114 0.000731 0.000335 0.000486 0.000388 0.000219 0.000400 0.000278 0.000240 0.000230 0.012345
0.000000 0.000000 0.000000 0.000000 0.000000 0.000000 0.000000 0.000000 0.000000 0.000000 0.003134 0.001392 0.000424 0.000276 0.000347 0.000488 0.000940 0.001713 0.003264 0.000437 0.000239 0.000491 0.000598 0.004591 0.000304 0.000377 0.044590 0.014672 0.000724 0.000871 0.002281 0.000435 0.000696 0.001728 0.002887 0.000238 0.000269 0.000371 0.000256 0.001181 0.000724 0.000695 0.000655 0.000545 0.000422 0.000217 0.000687 0.000292 0.000384 0.000280 0.006968 0.001147 0.001193 0.001166 0.000453 0.000358 0.000220 0.000371 0.000724 0.000607 0.000788 0.011593
0.000000 0.000000 0.000000 0.000000 0.000000 0.000000 0.000000 0.000000 0.000000 0.000000 0.005033 0.000974 0.000405 0.000241 0.000429 0.000457 0.000314 0.000425 0.003340 0.002689 0.001258 0.002306 0.055291 0.022185 0.009259 0.003415 0.000734 0.000744 0.000534 0.000250 0.003098 0.088129 0.009785 0.003117 0.002919 0.002684 0.000365 0.000266 0.000343 0.000716 0.000653 0.000653 0.000676 0.000539 0.000414 0.000214 0.000396 0.000415 0.000287 0.005616 0.006161 0.000907 0.000827 0.000890 0.000694 0.000485 0.000219 0.000320 0.000363 0.000930 0.121744 0.017217
0.000000 0.000000 0.000000 0.000000 0.000000 0.000000 0.000000 0.000000 0.000000 0.000000 0.002536 0.002903 0.000408 0.000229 0.000397 0.000509 0.000578 0.000317 0.000258 0.001799 0.043666 0.031597 0.009627 0.003214 0.010755 0.000632 0.000571 0.000790 0.000567 0.000292 0.000411 0.000549 0.002650 0.001320 0.001448 0.003224 0.003358 0.000446 0.000407 0.000393 0.000532 0.000534 0.000719 0.000535 0.000404 0.000208 0.000370 0.000267 0.000371 0.006253 0.000829 0.000795 0.000766 0.000696 0.000521 0.000369 0.000218 0.000420 0.000517 0.000482 0.012255 0.000655
0.000000 0.000000 0.000000 0.000000 0.000000 0.000000 0.000000 0.000000 0.000000 0.000000 0.001775 0.005231 0.000512 0.000225 0.000439 0.000683 0.001134 0.000618 0.000536 0.002404 0.062406 0.000473 0.000233 0.000349 0.005413 0.000531 0.000556 0.000538 0.000837 0.000377 0.000305 0.000477 0.001677 0.001158 0.000314 0.000190 0.003204 0.002721 0.002094 0.001438 0.000276 0.000332 0.000600 0.000532 0.000391 0.000193 0.000320 0.000383 0.004891 0.005363 0.000890 0.000865 0.001137 0.000680 0.000524 0.000461 0.000207 0.000210 0.000212 0.000215 0.020997 0.000562
0.000000 0.000000 0.000000 0.000000 0.000000 0.000000 0.000000 0.000000 0.000000 0.000000 0.004647 0.002521 0.000418 0.000252 0.000547 0.000587 0.000870 0.000769 0.000748 0.011062 0.000921 0.000485 0.000368 0.000224 0.005110 0.000299 0.000400 0.000816 0.000512 0.000390 0.000223 0.000434 0.000585 0.002772 0.000190 0.000140 0.001084 0.000896 0.001055 0.001332 0.001482 0.001411 0.000755 0.000525 0.000383 0.000141 0.000193 0.000493 0.005139 0.000713 0.000643 0.000590 0.000906 0.000532 0.000444 0.000362 0.000299 0.000346 0.000371 0.000402 0.010610 0.000520
0.000000 0.000000 0.000000 0.000000 0.000000 0.000000 0.000000 0.000000 0.000000 0.000000 0.002892 0.003240 0.000488 0.000351 0.000608 0.000373 0.000730 0.000643 0.019863 0.005686 0.000529 0.000412 0.000261 0.000232 0.007995 0.001556 0.000550 0.000496 0.000490 0.000452 0.000226 0.000429 0.000542 0.001186 0.000387 0.000352 0.000298 0.000552 0.000505 0.000739 0.000697 0.000699 0.000556 0.000489 0.000380 0.000196 0.000314 0.000358 0.005920 0.000687 0.000610 0.000523 0.000754 0.000469 0.000374 0.000216 0.000328 0.000668 0.000721 0.007076 0.010627 0.000535
0.000000 0.000000 0.000000 0.000000 0.000000 0.000000 0.000000 0.000000 0.000000 0.000000 0.002355 0.004341 0.000330 0.000935 0.000571 0.000278 0.000612 0.026203 0.010406 0.000562 0.000469 0.000345 0.000220 0.003732 0.004305 0.001209 0.001864 0.000304 0.000416 0.000391 0.000238 0.000415 0.000463 0.000566 0.021710 0.000450 0.000369 0.000242 0.000260 0.000411 0.000542 0.000740 0.000792 0.000680 0.000560 0.000471 0.000625 0.000574 0.004363 0.000663 0.000572 0.000477 0.000579 0.000411 0.000332 0.000216 0.000213 0.000212 0.000409 0.056230 0.009291 0.000674
0.000000 0.000000 0.000000 0.000000 0.000000 0.000000 0.000000 0.000000 0.000000 0.000000 0.001187 0.003121 0.003120 0.034111 0.023193 0.003529 0.010460 0.002533 0.000645 0.000473 0.000392 0.000229 0.000221 0.030596 0.000643 0.000666 0.001100 0.001021 0.000275 0.000370 0.000272 0.000375 0.000474 0.000512 0.000695 0.032060 0.001055 0.000438 0.000414 0.000469 0.000269 0.000340 0.000507 0.000432 0.000224 0.000453 0.000453 0.003751 0.003995 0.000903 0.000769 0.000590 0.000424 0.000321 0.000215 0.000215 0.000326 0.000366 0.000466 0.010282 0.001875 0.001427
0.000000 0.000000 0.000000 0.000000 0.000000 0.000000 0.006356 0.004686 0.005666 0.006486 0.006757 0.060729 0.042097 0.003281 0.000738 0.000702 0.000634 0.000704 0.000653 0.000641 0.000468 0.000239 0.000344 0.012374 0.000859 0.000738 0.000564 0.000804 0.000372 0.000275 0.000372 0.000273 0.000359 0.000421 0.000676 0.000575 0.000573 0.030274 0.001180 0.000548 0.000462 0.000474 0.000447 0.000416 0.000221 0.000430 0.000994 0.003402 0.000753 0.000657 0.000615 0.000468 0.000358 0.000193 0.000211 0.000329 0.000409 0.000459 0.000537 0.016236 0.001285 0.000508
