use_cases/Flooding/flood_case/output/h_1800.asc
ncols 269
nrows 269
xllcorner 0.000000
yllcorner 0.000000
cellsize 10.000000
NODATA_value -9999.000000
[rows 196 to 223 of 269, columns 124 to 185 of 269]
0.000000 0.000000 0.000000 0.000000 0.000000 0.000000 0.000000 0.000000 0.000000 0.023245 0.015885 0.001359 0.003213 0.000605 0.000429 0.000417 0.000387 0.000602 0.000476 0.000414 0.000337 0.000260 0.000404 0.002887 0.000459 0.000457 0.000267 0.000780 0.000458 0.000366 0.000268 0.000371 0.000258 0.000340 0.000541 0.000567 0.000413 0.000507 0.000570 0.079662 0.001303 0.000619 0.000638 0.000372 0.000217 0.000404 0.000510 0.002702 0.000694 0.000587 0.000639 0.000432 0.000308 0.000140 0.000302 0.000398 0.000466 0.000533 0.002010 0.008116 0.001992 0.000222
0.000000 0.000000 0.000000 0.000000 0.000000 0.000000 0.000000 0.000000 0.000000 0.000001 0.000715 0.000301 0.005719 0.001650 0.000222 0.000223 0.000218 0.000321 0.000361 0.000310 0.000208 0.000457 0.001018 0.002614 0.000603 0.000442 0.000327 0.000213 0.056991 0.000419 0.000393 0.000261 0.000344 0.000222 0.000590 0.000214 0.000376 0.000463 0.000542 0.002607 0.000839 0.000999 0.000487 0.000440 0.000209 0.000369 0.000471 0.002207 0.000950 0.000568 0.000581 0.000369 0.000211 0.000306 0.000382 0.000457 0.001732 0.002329 0.001795 0.006248 0.005115 0.001965
0.000000 0.000000 0.000000 0.000000 0.000000 0.000000 0.000000 0.000001 0.000001 0.000005 0.000447 0.000423 0.004505 0.003242 0.107504 0.013788 0.006735 0.000373 0.000213 0.000208 0.000195 0.000367 0.000539 0.001868 0.000302 0.000403 0.000394 0.000206 0.002797 0.002615 0.001434 0.000343 0.000227 0.000241 0.000279 0.000215 0.000329 0.000428 0.000494 0.001955 0.000428 0.000421 0.000412 0.000340 0.000192 0.000312 0.000445 0.001612 0.000858 0.000920 0.000497 0.000468 0.000339 0.000407 0.000467 0.001521 0.001493 0.000953 0.000836 0.000785 0.006317 0.000690
0.000000 0.000000 0.000000 0.000000 0.000000 0.000000 0.000002 0.000006 0.000008 0.000019 0.000297 0.000433 0.003528 0.000225 0.000760 0.000415 0.018503 0.006506 0.000361 0.000289 0.000141 0.000327 0.000503 0.002743 0.000369 0.000216 0.000208 0.000191 0.000141 0.001612 0.001387 0.001677 0.000404 0.000362 0.000278 0.000216 0.000217 0.000361 0.000623 0.001494 0.000239 0.000268 0.000345 0.000281 0.000140 0.000192 0.000436 0.001018 0.000602 0.000905 0.000621 0.000381 0.000386 0.000991 0.001961 0.001138 0.000857 0.000707 0.000574 0.000601 0.009075 0.000218
0.000000 0.000000 0.000000 0.000000 0.000000 0.000003 0.000012 0.000022 0.000020 0.000023 0.000370 0.000599 0.003256 0.000234 0.000684 0.000223 0.000438 0.006516 0.005657 0.000474 0.000319 0.000471 0.000482 0.001567 0.024564 0.000438 0.000407 0.000391 0.000395 0.000422 0.000668 0.001537 0.001907 0.001478 0.001473 0.000329 0.000210 0.000484 0.000528 0.001192 0.000390 0.000327 0.000190 0.000140 0.000281 0.000350 0.000470 0.000340 0.000501 0.000712 0.000468 0.000245 0.000403 0.000548 0.000678 0.000424 0.000430 0.000434 0.000633 0.000508 0.005711 0.000436
0.000000 0.000000 0.000000 0.000000 0.000001 0.000009 0.000022 0.000033 0.000023 0.000048 0.000279 0.000404 0.004763 0.000277 0.000386 0.000221 0.000420 0.000605 0.010266 0.000348 0.000211 0.000195 0.000352 0.000839 0.001093 0.023067 0.014220 0.001234 0.000547 0.000557 0.000573 0.000339 0.000511 0.000551 0.000866 0.000923 0.000320 0.000383 0.000438 0.000489 0.016863 0.000389 0.000294 0.000190 0.000344 0.000947 0.000536 0.000455 0.000377 0.000583 0.000487 0.000270 0.000325 0.000525 0.000401 0.000302 0.000251 0.000247 0.000211 0.000224 0.005527 0.001362
0.000000 0.000000 0.000000 0.000000 0.000000 0.000010 0.000023 0.000047 0.000092 0.000101 0.000215 0.000324 0.002664 0.002383 0.000362 0.000227 0.000392 0.000572 0.005309 0.005124 0.000288 0.000141 0.000306 0.001014 0.000421 0.000259 0.000490 0.000655 0.033400 0.000601 0.000515 0.000383 0.000277 0.000382 0.000348 0.000535 0.000365 0.000257 0.000341 0.000399 0.000471 0.029947 0.001373 0.002119 0.004447 0.003031 0.002580 0.001716 0.001128 0.000567 0.000514 0.000461 0.000237 0.000396 0.000283 0.000384 0.000417 0.000461 0.001442 0.002055 0.007041 0.002195
0.000000 0.000000 0.000000 0.000000 0.000000 0.000002 0.000084 0.000083 0.000110 0.000160 0.000208 0.000198 0.000399 0.002363 0.000545 0.000239 0.000461 0.000731 0.000542 0.004770 0.014721 0.000300 0.000232 0.000712 0.000378 0.000314 0.000512 0.000603 0.002084 0.023754 0.000548 0.000425 0.000333 0.000211 0.000199 0.000278 0.000260 0.000331 0.000213 0.000315 0.000401 0.000475 0.130061 0.003847 0.000558 0.000606 0.000957 0.000859 0.000676 0.000489 0.000413 0.000350 0.000194 0.000348 0.000436 0.001094 0.001652 0.002262 0.001487 0.001163 0.002030 0.000957
0.000000 0.000000 0.000000 0.002253 0.002601 0.006739 0.004166 0.000356 0.000521 0.000734 0.000641 0.000251 0.000359 0.001874 0.000470 0.000271 0.000378 0.000537 0.000429 0.000664 0.004423 0.003818 0.000269 0.000361 0.000265 0.000450 0.000507 0.000696 0.001001 0.000643 0.024265 0.000499 0.000423 0.000360 0.000450 0.000400 0.000344 0.000215 0.000211 0.000194 0.000337 0.000407 0.003452 0.003187 0.000346 0.000530 0.000552 0.000857 0.000693 0.000709 0.000526 0.000276 0.000140 0.000573 0.001065 0.000888 0.000813 0.000581 0.000396 0.000297 0.000746 0.000228
0.000000 0.000000 0.016298 0.003448 0.002207 0.002306 0.004838 0.010998 0.007250 0.000231 0.000320 0.000214 0.000378 0.001542 0.000531 0.000374 0.000276 0.000348 0.000497 0.000747 0.001058 0.003767 0.002914 0.000254 0.000338 0.000403 0.000553 0.000642 0.000793 0.000551 0.000700 0.131964 0.000974 0.000473 0.000584 0.000473 0.000420 0.000354 0.000300 0.000140 0.000278 0.000339 0.000466 0.006712 0.000415 0.000312 0.000430 0.000598 0.000505 0.000447 0.000380 0.000253 0.000691 0.000573 0.000581 0.000445 0.000329 0.000263 0.001278 0.029537 0.000393 0.000237
0.000688 0.000621 0.000753 0.001275 0.003006 0.001277 0.000000 0.000000 0.008173 0.000110 0.000213 0.000212 0.000200 0.001165 0.000936 0.000260 0.000352 0.000216 0.000405 0.000819 0.001374 0.000954 0.002934 0.002395 0.000734 0.000399 0.000439 0.000588 0.000459 0.000516 0.000684 0.004750 0.000335 0.055295 0.002536 0.002044 0.000457 0.000458 0.000366 0.000275 0.000140 0.000192 0.000422 0.004376 0.004223 0.000375 0.000228 0.000333 0.000409 0.000361 0.000311 0.000192 0.000356 0.000270 0.000261 0.000211 0.000369 0.000420 0.001050 0.000451 0.000350 0.000264
0.000000 0.000000 0.000000 0.000000 0.000000 0.003117 0.000000 0.000000 0.007142 0.006957 0.000359 0.000309 0.000170 0.000170 0.001071 0.000726 0.000441 0.000209 0.000370 0.001279 0.001519 0.000266 0.000441 0.002084 0.000671 0.000521 0.000307 0.000365 0.000446 0.000557 0.000927 0.003649 0.000464 0.000255 0.000414 0.002700 0.001132 0.000517 0.000413 0.000329 0.000192 0.000318 0.000463 0.000356 0.004161 0.003881 0.000403 0.000354 0.000234 0.000207 0.000195 0.000140 0.000299 0.000381 0.000457 0.000395 0.000475 0.069064 0.000496 0.000389 0.000237 0.000340
0.000000 0.000000 0.000000 0.000000 0.000000 0.000002 0.000018 0.000004 0.000010 0.006971 0.006957 0.000409 0.000333 0.000391 0.000234 0.000251 0.000309 0.000193 0.000477 0.001566 0.000602 0.000398 0.000496 0.001558 0.000673 0.000539 0.000420 0.000225 0.000377 0.000441 0.001056 0.004221 0.000491 0.000315 0.000373 0.000709 0.000442 0.132064 0.007317 0.000419 0.000338 0.000426 0.000222 0.000237 0.000432 0.003825 0.003722 0.000525 0.000484 0.000417 0.000314 0.000196 0.000207 0.000644 0.001033 0.001395 0.002570 0.002819 0.000421 0.000344 0.000272 0.000232
0.000000 0.000000 0.000000 0.000000 0.000000 0.000000 0.000061 0.000009 0.000024 0.000036 0.006670 0.007206 0.005304 0.004556 0.000383 0.000326 0.000191 0.000141 0.000399 0.001148 0.000637 0.000569 0.000365 0.001076 0.000659 0.000508 0.000397 0.000239 0.000343 0.000377 0.001544 0.003254 0.000518 0.000417 0.000242 0.000664 0.000284 0.000405 0.008695 0.077296 0.000570 0.000627 0.000365 0.000279 0.000392 0.000215 0.003385 0.036714 0.000451 0.000651 0.000363 0.000209 0.000332 0.000255 0.000409 0.000455 0.001532 0.000529 0.000438 0.000215 0.000342 0.000375
0.000000 0.000000 0.000000 0.000000 0.000000 0.000000 0.000105 0.000093 0.000071 0.000048 0.000275 0.002529 0.002642 0.004258 0.007349 0.000431 0.000371 0.000332 0.000415 0.000565 0.000558 0.000587 0.000557 0.000545 0.000655 0.000464 0.000350 0.000273 0.000232 0.000222 0.002273 0.002922 0.000709 0.000497 0.000272 0.000365 0.000391 0.000407 0.000289 0.006801 0.004048 0.000604 0.000705 0.000841 0.000545 0.000301 0.000476 0.002919 0.002538 0.000493 0.000453 0.000365 0.000445 0.000642 0.000398 0.000300 0.001001 0.000482 0.000382 0.000209 0.000442 0.001017
0.000000 0.000000 0.000000 0.000000 0.000000 0.000000 0.000064 0.000061 0.000082 0.000103 0.000217 0.000650 0.000403 0.000250 0.006114 0.052714 0.001026 0.001362 0.001125 0.000726 0.000626 0.000495 0.000432 0.000609 0.000440 0.000421 0.000218 0.000487 0.000970 0.002103 0.003654 0.000578 0.000536 0.000430 0.000348 0.000258 0.000230 0.000219 0.001592 0.004944 0.004023 0.002515 0.000573 0.000299 0.000434 0.000346 0.000648 0.000575 0.002269 0.001477 0.000911 0.000228 0.000943 0.000669 0.001422 0.058340 0.000489 0.000417 0.000337 0.000193 0.000308 0.000657
0.000000 0.000000 0.000000 0.000000 0.000000 0.000000 0.000029 0.000033 0.000064 0.000123 0.000215 0.000141 0.000354 0.000294 0.000346 0.005663 0.001921 0.000313 0.000439 0.000432 0.000417 0.000381 0.000266 0.000458 0.000295 0.000421 0.000218 0.000398 0.000575 0.001573 0.001816 0.000463 0.000503 0.000356 0.000222 0.000339 0.000382 0.001198 0.001473 0.000264 0.004669 0.002264 0.003201 0.000417 0.000356 0.000560 0.000552 0.000337 0.001019 0.000611 0.000428 0.000230 0.000443 0.001109 0.001002 0.001771 0.000533 0.000468 0.000363 0.000140 0.000188 0.000878
0.000000 0.000000 0.000000 0.000000 0.000000 0.000000 0.000000 0.000720 0.000170 0.000229 0.000449 0.000413 0.000669 0.000556 0.000267 0.004504 0.015814 0.000364 0.000222 0.000227 0.000241 0.000264 0.000457 0.000287 0.000505 0.000402 0.000209 0.000356 0.000609 0.002152 0.000559 0.000459 0.000352 0.000287 0.000241 0.000224 0.000388 0.000923 0.000373 0.000327 0.003572 0.001277 0.002689 0.003480 0.000480 0.000407 0.000857 0.000614 0.000491 0.000611 0.000409 0.000239 0.000432 0.000502 0.000705 0.000998 0.000344 0.000300 0.000239 0.000312 0.000358 0.001325
0.000000 0.000000 0.000000 0.000000 0.000000 0.000000 0.000000 0.000000 0.045043 0.004069 0.003925 0.000934 0.001173 0.000494 0.000259 0.000744 0.004698 0.004339 0.000516 0.000619 0.000799 0.001520 0.001826 0.001348 0.001380 0.000613 0.000293 0.000432 0.000697 0.001823 0.000529 0.000413 0.000201 0.000394 0.000417 0.000415 0.140472 0.000422 0.000220 0.000470 0.003137 0.000514 0.000274 0.003177 0.003001 0.000474 0.000512 0.000463 0.000482 0.000440 0.000371 0.000274 0.000420 0.000436 0.000756 0.000211 0.000192 0.000140 0.000279 0.000386 0.000894 0.002330
0.000000 0.000000 0.000000 0.000000 0.000000 0.000000 0.000000 0.000000 0.000000 0.000001 0.037322 0.003193 0.000608 0.000514 0.000424 0.001160 0.000366 0.004150 0.004284 0.001039 0.001688 0.001888 0.000556 0.000489 0.000402 0.000524 0.000318 0.000194 0.000802 0.001346 0.000508 0.000381 0.000245 0.000350 0.000461 0.000518 0.006286 0.000419 0.000218 0.000499 0.002923 0.000549 0.000339 0.000383 0.002746 0.002366 0.000241 0.000279 0.000378 0.000340 0.000255 0.000363 0.000394 0.000289 0.000251 -9999.000000 -9999.000000 -9999.000000 0.000140 0.000609 0.000512 0.000468
0.000000 0.000000 0.000000 0.000000 0.000000 0.000000 0.000000 0.000000 0.000000 0.000005 0.000316 0.003067 0.001054 0.000707 0.000604 0.000571 0.000662 0.000219 0.003546 0.003617 0.002095 0.000613 0.000493 0.000415 0.000316 0.000377 0.000195 0.000140 0.001149 0.000586 0.000464 0.000461 0.000209 0.000451 0.000527 0.018192 0.006095 0.000417 0.000216 0.000551 0.002467 0.000838 0.000642 0.000316 0.000510 0.002265 0.001239 0.000350 0.000207 0.000194 0.000323 0.000258 0.000237 -9999.000000 -9999.000000 -9999.000000 -9999.000000 -9999.000000 -9999.000000 0.000140 0.000195 0.000209
0.000000 0.000000 0.000000 0.000000 0.000000 0.000000 0.000000 0.000000 0.000002 0.000015 0.000303 0.002220 0.000991 0.000510 0.000510 0.000676 0.000409 0.000217 0.000378 0.001643 0.000673 0.000580 0.000417 0.000321 0.000194 0.000140 0.000308 0.000449 0.000621 0.000546 0.000573 0.000345 0.000194 0.000304 0.000922 0.005793 0.001405 0.000411 0.000201 0.000617 0.002524 0.000692 0.000596 0.000379 0.000493 0.001250 0.000972 0.001224 0.000546 0.000140 0.000197 -9999.000000 -9999.000000 -9999.000000 -9999.000000 -9999.000000 -9999.000000 -9999.000000 -9999.000000 -9999.000000 -9999.000000 -9999.000000
0.000000 0.000000 0.000000 0.000000 0.000000 0.000000 0.000000 0.000002 0.000009 0.000027 0.000293 0.001556 0.001326 0.000322 0.000450 0.000589 0.000396 0.000215 0.000336 0.001190 0.000589 0.000588 0.000655 0.000495 0.000321 0.000195 0.000371 0.000401 0.001069 0.000276 0.000363 0.000281 0.000140 0.000190 0.000541 0.004699 0.002101 0.000411 0.000264 0.000991 0.001569 0.000661 0.000585 0.000567 0.000436 0.000329 0.000426 0.000775 0.000237 -9999.000000 -9999.000000 -9999.000000 -9999.000000 -9999.000000 -9999.000000 -9999.000000 -9999.000000 -9999.000000 -9999.000000 -9999.000000 -9999.000000 -9999.000000
0.000000 0.000000 0.000000 0.000000 0.000001 0.000006 0.000004 0.000011 0.000020 0.000043 0.000267 0.000382 0.001850 0.001015 0.000282 0.000467 0.000391 0.000224 0.000237 0.000775 0.000436 0.000348 0.000407 0.000230 0.000257 0.000342 0.000445 0.002158 0.001807 0.000915 0.000476 0.000140 0.000520 0.000806 0.000695 0.003460 0.003139 0.000365 0.000253 0.001122 0.000653 0.000627 0.000643 0.000560 0.000560 0.000270 0.000340 0.000379 0.000281 -9999.000000 -9999.000000 -9999.000000 -9999.000000 -9999.000000 -9999.000000 -9999.000000 -9999.000000 -9999.000000 -9999.000000 -9999.000000 -9999.000000 -9999.000000
0.000000 0.000000 0.000000 0.000001 0.000006 0.000021 0.000051 0.000055 0.000084 0.000091 0.000194 0.000305 0.001116 0.000765 0.000934 0.000547 0.000362 0.000318 0.000274 0.000264 0.000329 0.000194 0.000253 0.000222 0.000348 0.000434 0.002791 0.004023 0.000592 0.000487 0.000388 0.000196 0.000211 0.000348 0.000403 0.000670 0.006054 0.000268 0.000325 0.000592 0.000548 0.000516 0.000498 0.000449 0.000649 0.000356 0.000194 0.000207 0.000363 -9999.000000 -9999.000000 -9999.000000 -9999.000000 -9999.000000 -9999.000000 -9999.000000 -9999.000000 -9999.000000 -9999.000000 -9999.000000 -9999.000000 -9999.000000
0.000000 0.000000 0.000000 0.000000 0.000004 0.000014 0.000045 0.000065 0.000076 0.000112 0.000141 0.000195 0.000423 0.000346 0.000415 0.000276 0.000141 0.000745 0.000405 0.000344 0.000215 0.000209 0.000594 0.000216 0.000390 0.003368 0.002995 0.000464 0.000525 0.000421 0.000375 0.000340 0.000388 0.000278 0.000266 0.000722 0.004390 0.003776 0.000417 0.000310 0.000434 0.000426 0.000386 0.000382 0.000487 0.000281 0.000140 -9999.000000 -9999.000000 -9999.000000 -9999.000000 -9999.000000 -9999.000000 -9999.000000 -9999.000000 -9999.000000 -9999.000000 -9999.000000 -9999.000000 -9999.000000 -9999.000000 -9999.000000
0.000000 0.000000 0.000000 0.000000 0.000000 0.000003 0.000134 0.000124 0.000171 0.000251 0.000351 0.000489 0.000417 0.000209 0.000192 0.000140 0.000269 0.001095 0.000462 0.000371 0.000215 0.000327 0.004356 0.039034 0.026401 0.003751 0.000562 0.000653 0.000360 0.000312 0.000196 0.000211 0.000663 0.001046 0.002219 0.001180 0.000880 0.003842 0.001431 0.000934 0.000529 0.000302 0.000140 0.000315 0.000195 0.000140 -9999.000000 -9999.000000 -9999.000000 -9999.000000 -9999.000000 -9999.000000 -9999.000000 -9999.000000 -9999.000000 -9999.000000 -9999.000000 -9999.000000 -9999.000000 -9999.000000 -9999.000000 -9999.000000
0.000000 0.000000 0.000000 0.000000 0.000000 0.000000 0.000237 0.000197 0.000264 0.000331 0.000597 0.000532 0.000436 0.000341 0.000301 0.000187 0.037788 0.001810 0.001212 0.000388 0.000214 0.004795 0.004836 0.000623 0.000609 0.000894 0.000424 0.000434 0.000207 0.000194 0.000140 0.000520 0.000140 0.000398 0.000508 0.000392 0.000636 0.002776 0.000615 0.000491 0.000392 0.000209 0.000196 0.000367 0.000392 -9999.000000 -9999.000000 -9999.000000 -9999.000000 -9999.000000 -9999.000000 -9999.000000 -9999.000000 -9999.000000 -9999.000000 -9999.000000 -9999.000000 -9999.000000 -9999.000000 -9999.000000 -9999.000000 -9999.000000
