use_cases/Flooding/flood_case/output/h_2700.asc
ncols 269
nrows 269
xllcorner 0.000000
yllcorner 0.000000
cellsize 10.000000
NODATA_value -9999.000000
[rows 168 to 195 of 269, columns 186 to 247 of 269]
0.000462 0.000555 0.096113 0.024991 0.000594 0.000465 0.000235 0.000436 0.051974 0.001219 0.001240 0.001471 0.000430 0.000384 0.000417 0.000339 0.000215 0.000213 0.000213 0.000316 0.000381 0.000450 0.000528 0.002688 0.002578 0.000415 0.000318 0.002872 0.002761 0.000747 0.000318 0.000373 0.005059 0.041738 0.004659 0.000266 0.000140 -9999.000000 -9999.000000 -9999.000000 -9999.000000 -9999.000000 -9999.000000 -9999.000000 -9999.000000 -9999.000000 -9999.000000 -9999.000000 -9999.000000 -9999.000000 -9999.000000 -9999.000000 -9999.000000 -9999.000000 -9999.000000 -9999.000000 -9999.000000 -9999.000000 -9999.000000 -9999.000000 -9999.000000 -9999.000000
0.000560 0.044183 0.000743 0.000663 0.000548 0.000466 0.000248 0.000397 0.000497 0.074031 0.000687 0.000220 0.000222 0.000226 0.000237 0.000253 0.000422 0.000323 0.000215 0.000403 0.000525 0.000504 0.001126 0.005819 0.005533 0.002183 0.004216 0.002995 0.000354 0.000327 0.000421 0.005552 0.041602 0.000369 0.000270 0.000140 -9999.000000 -9999.000000 -9999.000000 -9999.000000 -9999.000000 -9999.000000 -9999.000000 -9999.000000 -9999.000000 -9999.000000 -9999.000000 -9999.000000 -9999.000000 -9999.000000 -9999.000000 -9999.000000 -9999.000000 -9999.000000 -9999.000000 -9999.000000 -9999.000000 -9999.000000 -9999.000000 -9999.000000 -9999.000000 -9999.000000
0.034333 0.000750 0.000686 0.000834 0.000689 0.000438 0.000290 0.000351 0.000434 0.001161 0.000630 0.000412 0.000413 0.000421 0.000400 0.000558 0.000537 0.000428 0.000239 0.000381 0.000535 0.000825 0.000535 0.000501 0.223518 0.010132 0.000316 0.000192 0.000140 0.000352 0.003729 0.003807 0.000344 0.000272 0.000140 -9999.000000 -9999.000000 -9999.000000 -9999.000000 -9999.000000 -9999.000000 -9999.000000 -9999.000000 -9999.000000 -9999.000000 -9999.000000 -9999.000000 -9999.000000 -9999.000000 -9999.000000 -9999.000000 -9999.000000 -9999.000000 -9999.000000 -9999.000000 -9999.000000 -9999.000000 -9999.000000 -9999.000000 -9999.000000 -9999.000000 -9999.000000
0.027661 0.000614 0.000592 0.000542 0.000647 0.000523 0.000392 0.000214 0.000393 0.000496 0.035030 0.000468 0.000411 0.000289 0.000913 0.000591 0.000455 0.000371 0.000205 0.000409 0.001158 0.000386 0.000278 0.000237 0.004175 0.005509 0.000211 0.000209 0.000299 0.000413 0.006065 0.003526 0.000190 0.000140 -9999.000000 -9999.000000 -9999.000000 -9999.000000 -9999.000000 -9999.000000 -9999.000000 -9999.000000 -9999.000000 -9999.000000 -9999.000000 -9999.000000 -9999.000000 -9999.000000 -9999.000000 -9999.000000 -9999.000000 -9999.000000 -9999.000000 -9999.000000 -9999.000000 -9999.000000 -9999.000000 -9999.000000 -9999.000000 -9999.000000 -9999.000000 -9999.000000
0.000652 0.000518 0.000491 0.000472 0.000527 0.000434 0.000369 0.000210 0.000390 0.000474 0.000577 0.037904 0.000596 0.000594 0.000895 0.000561 0.000511 0.000413 0.000218 0.000422 0.001192 0.000291 0.000379 0.000398 0.002469 0.006492 0.000318 0.000213 0.000361 0.034194 0.006291 0.000213 -9999.000000 -9999.000000 -9999.000000 -9999.000000 -9999.000000 -9999.000000 -9999.000000 -9999.000000 -9999.000000 -9999.000000 -9999.000000 -9999.000000 -9999.000000 -9999.000000 -9999.000000 -9999.000000 -9999.000000 -9999.000000 -9999.000000 -9999.000000 -9999.000000 -9999.000000 -9999.000000 -9999.000000 -9999.000000 -9999.000000 -9999.000000 -9999.000000 -9999.000000 -9999.000000
0.000605 0.000390 0.000302 0.000412 0.000393 0.000370 0.000323 0.000196 0.000359 0.000432 0.000542 0.000617 0.084798 0.051459 0.002509 0.000610 0.000493 0.000303 0.000351 0.001148 0.000931 0.000243 0.000405 0.000465 0.004886 0.004263 0.000374 0.000216 0.006052 0.005865 0.000308 0.000194 -9999.000000 -9999.000000 -9999.000000 -9999.000000 -9999.000000 -9999.000000 -9999.000000 -9999.000000 -9999.000000 -9999.000000 -9999.000000 -9999.000000 -9999.000000 -9999.000000 -9999.000000 -9999.000000 -9999.000000 -9999.000000 -9999.000000 -9999.000000 -9999.000000 -9999.000000 -9999.000000 -9999.000000 -9999.000000 -9999.000000 -9999.000000 -9999.000000 -9999.000000 -9999.000000
0.001063 0.000282 0.000355 0.000215 0.000215 0.000211 0.000195 0.000141 0.000306 0.000351 0.000524 0.000540 0.000590 0.000688 0.001822 0.001471 0.000495 0.000259 0.008216 0.010364 0.010022 0.010922 0.006495 0.112203 0.014626 0.002868 0.001280 0.002923 0.003918 0.000207 0.000190 0.000140 -9999.000000 -9999.000000 -9999.000000 -9999.000000 -9999.000000 -9999.000000 -9999.000000 -9999.000000 -9999.000000 -9999.000000 -9999.000000 -9999.000000 -9999.000000 -9999.000000 -9999.000000 -9999.000000 -9999.000000 -9999.000000 -9999.000000 -9999.000000 -9999.000000 -9999.000000 -9999.000000 -9999.000000 -9999.000000 -9999.000000 -9999.000000 -9999.000000 -9999.000000 -9999.000000
0.001272 0.001612 0.001268 0.000943 0.000697 0.000383 0.000324 0.000397 0.000209 0.000194 0.000553 0.000447 0.000507 0.000629 0.000530 0.000724 0.139860 0.254082 0.021718 0.000370 0.000266 0.006847 0.019088 0.000240 0.007317 0.007131 0.005029 0.005881 0.003594 0.000367 0.000308 0.000194 -9999.000000 -9999.000000 -9999.000000 -9999.000000 -9999.000000 -9999.000000 -9999.000000 -9999.000000 -9999.000000 -9999.000000 -9999.000000 -9999.000000 -9999.000000 -9999.000000 -9999.000000 -9999.000000 -9999.000000 -9999.000000 -9999.000000 -9999.000000 -9999.000000 -9999.000000 -9999.000000 -9999.000000 -9999.000000 -9999.000000 -9999.000000 -9999.000000 -9999.000000 -9999.000000
0.000620 0.000515 0.000462 0.000385 0.000301 0.000445 0.000623 0.000445 0.000304 0.000140 0.000531 0.000400 0.000401 0.000463 0.000515 0.000562 0.000621 0.000602 0.010325 0.000276 0.000365 0.000578 0.000491 0.000263 0.000444 0.001823 0.000988 0.000954 0.001157 0.001956 0.000789 0.000316 -9999.000000 -9999.000000 -9999.000000 -9999.000000 -9999.000000 -9999.000000 -9999.000000 -9999.000000 -9999.000000 -9999.000000 -9999.000000 -9999.000000 -9999.000000 -9999.000000 -9999.000000 -9999.000000 -9999.000000 -9999.000000 -9999.000000 -9999.000000 -9999.000000 -9999.000000 -9999.000000 -9999.000000 -9999.000000 -9999.000000 -9999.000000 -9999.000000 -9999.000000 -9999.000000
0.000466 0.000412 0.000381 0.000288 0.000409 0.000306 0.001075 0.000523 0.000444 0.000403 0.000411 0.000373 0.000211 0.000380 0.000453 0.000517 0.000574 0.000440 0.010317 0.250018 0.001154 0.000537 0.000522 0.000330 0.000419 0.001175 0.000873 0.000529 0.000495 0.000951 0.000375 0.000140 -9999.000000 -9999.000000 -9999.000000 -9999.000000 -9999.000000 -9999.000000 -9999.000000 -9999.000000 -9999.000000 -9999.000000 -9999.000000 -9999.000000 -9999.000000 -9999.000000 -9999.000000 -9999.000000 -9999.000000 -9999.000000 -9999.000000 -9999.000000 -9999.000000 -9999.000000 -9999.000000 -9999.000000 -9999.000000 -9999.000000 -9999.000000 -9999.000000 -9999.000000 -9999.000000
0.000347 0.000240 0.000277 0.000387 0.000280 0.001178 0.000940 0.000597 0.000513 0.000422 0.000255 0.000318 0.000196 0.000325 0.000375 0.000479 0.000382 0.000290 0.000383 0.014070 0.000784 0.000789 0.000537 0.000487 0.000327 0.000464 0.001008 0.000413 0.000253 0.000957 0.000325 -9999.000000 -9999.000000 -9999.000000 -9999.000000 -9999.000000 -9999.000000 -9999.000000 -9999.000000 -9999.000000 -9999.000000 -9999.000000 -9999.000000 -9999.000000 -9999.000000 -9999.000000 -9999.000000 -9999.000000 -9999.000000 -9999.000000 -9999.000000 -9999.000000 -9999.000000 -9999.000000 -9999.000000 -9999.000000 -9999.000000 -9999.000000 -9999.000000 -9999.000000 -9999.000000 -9999.000000
0.000237 0.000392 0.000233 0.000404 0.003152 0.002985 0.002219 0.001678 0.001230 0.001132 0.000342 0.000194 0.000140 0.000196 0.000211 0.000216 0.000218 0.000358 0.000278 0.009676 0.000624 0.000606 0.000773 0.000454 0.000484 0.000421 0.000589 0.000381 0.000298 0.000628 0.000566 -9999.000000 -9999.000000 -9999.000000 -9999.000000 -9999.000000 -9999.000000 -9999.000000 -9999.000000 -9999.000000 -9999.000000 -9999.000000 -9999.000000 -9999.000000 -9999.000000 -9999.000000 -9999.000000 -9999.000000 -9999.000000 -9999.000000 -9999.000000 -9999.000000 -9999.000000 -9999.000000 -9999.000000 -9999.000000 -9999.000000 -9999.000000 -9999.000000 -9999.000000 -9999.000000 -9999.000000
0.000222 0.002343 0.002557 0.004994 0.003274 0.000478 0.000443 0.000406 0.000379 0.000493 0.000443 0.000365 0.000306 0.000211 0.000331 0.000491 0.000582 0.000558 0.081038 0.010586 0.000443 0.000425 0.000545 0.000518 0.000407 0.000394 0.000358 0.000266 0.000386 0.000869 0.000216 -9999.000000 -9999.000000 -9999.000000 -9999.000000 -9999.000000 -9999.000000 -9999.000000 -9999.000000 -9999.000000 -9999.000000 -9999.000000 -9999.000000 -9999.000000 -9999.000000 -9999.000000 -9999.000000 -9999.000000 -9999.000000 -9999.000000 -9999.000000 -9999.000000 -9999.000000 -9999.000000 -9999.000000 -9999.000000 -9999.000000 -9999.000000 -9999.000000 -9999.000000 -9999.000000 -9999.000000
0.000218 0.004180 0.002815 0.000492 0.000447 0.000371 0.000325 0.000211 0.000195 0.000140 0.000407 0.000859 0.000413 0.000344 0.000258 0.000354 0.000405 0.001191 0.024659 0.000223 0.000219 0.000205 0.000243 0.000220 0.000220 0.000226 0.000226 0.000361 0.000464 0.000360 0.000207 -9999.000000 -9999.000000 -9999.000000 -9999.000000 -9999.000000 -9999.000000 -9999.000000 -9999.000000 -9999.000000 -9999.000000 -9999.000000 -9999.000000 -9999.000000 -9999.000000 -9999.000000 -9999.000000 -9999.000000 -9999.000000 -9999.000000 -9999.000000 -9999.000000 -9999.000000 -9999.000000 -9999.000000 -9999.000000 -9999.000000 -9999.000000 -9999.000000 -9999.000000 -9999.000000 -9999.000000
0.003168 0.004138 0.000409 0.000365 0.000374 0.000215 0.000214 0.000216 0.000317 0.000333 0.001323 0.001058 0.001079 0.000710 0.000274 0.000516 0.000961 0.000809 0.009300 0.008485 0.002426 0.000429 0.000402 0.000476 0.000417 0.000392 0.000514 0.000409 0.000253 0.000314 0.000192 -9999.000000 -9999.000000 -9999.000000 -9999.000000 -9999.000000 -9999.000000 -9999.000000 -9999.000000 -9999.000000 -9999.000000 -9999.000000 -9999.000000 -9999.000000 -9999.000000 -9999.000000 -9999.000000 -9999.000000 -9999.000000 -9999.000000 -9999.000000 -9999.000000 -9999.000000 -9999.000000 -9999.000000 -9999.000000 -9999.000000 -9999.000000 -9999.000000 -9999.000000 -9999.000000 -9999.000000
0.002351 0.000223 0.000226 0.000236 0.000260 0.000330 0.000213 0.000323 0.000393 0.002390 0.002212 0.001292 0.000328 0.000211 0.000201 0.000367 0.000428 0.000473 0.000563 0.008399 0.002618 0.004310 0.003515 0.003213 0.002643 0.002728 0.000571 0.000458 0.000329 0.000190 0.000140 -9999.000000 -9999.000000 -9999.000000 -9999.000000 -9999.000000 -9999.000000 -9999.000000 -9999.000000 -9999.000000 -9999.000000 -9999.000000 -9999.000000 -9999.000000 -9999.000000 -9999.000000 -9999.000000 -9999.000000 -9999.000000 -9999.000000 -9999.000000 -9999.000000 -9999.000000 -9999.000000 -9999.000000 -9999.000000 -9999.000000 -9999.000000 -9999.000000 -9999.000000 -9999.000000 -9999.000000
0.001053 0.000415 0.000402 0.000359 0.000462 0.000355 0.000213 0.000361 0.002721 0.002541 0.000350 0.000305 0.000218 0.000216 0.000333 0.000451 0.000307 0.000341 0.000445 0.006867 0.000571 0.000640 0.000747 0.000852 0.001025 0.001914 0.002191 0.001698 0.001252 0.000888 0.000428 -9999.000000 -9999.000000 -9999.000000 -9999.000000 -9999.000000 -9999.000000 -9999.000000 -9999.000000 -9999.000000 -9999.000000 -9999.000000 -9999.000000 -9999.000000 -9999.000000 -9999.000000 -9999.000000 -9999.000000 -9999.000000 -9999.000000 -9999.000000 -9999.000000 -9999.000000 -9999.000000 -9999.000000 -9999.000000 -9999.000000 -9999.000000 -9999.000000 -9999.000000 -9999.000000 -9999.000000
0.003958 0.000506 0.000441 0.000600 0.000491 0.000382 0.000215 0.002395 0.002241 0.000206 0.000190 0.000141 0.000308 0.000361 0.000431 0.000940 0.000391 0.000278 0.000530 0.009774 0.000282 0.000367 0.000559 0.000541 0.000496 0.000718 0.000571 0.000560 0.000522 0.000548 0.000421 0.000268 -9999.000000 -9999.000000 -9999.000000 -9999.000000 -9999.000000 -9999.000000 -9999.000000 -9999.000000 -9999.000000 -9999.000000 -9999.000000 -9999.000000 -9999.000000 -9999.000000 -9999.000000 -9999.000000 -9999.000000 -9999.000000 -9999.000000 -9999.000000 -9999.000000 -9999.000000 -9999.000000 -9999.000000 -9999.000000 -9999.000000 -9999.000000 -9999.000000 -9999.000000 -9999.000000
0.003545 0.006146 0.009289 0.044515 0.004253 0.004925 0.007930 0.006308 0.000980 0.000357 0.000304 0.000190 0.000352 0.000435 0.001787 0.001506 0.000790 0.000228 0.000414 0.006163 0.002331 0.000840 0.000432 0.000424 0.000403 0.000499 0.000422 0.000405 0.000497 0.000417 0.000405 0.000352 0.000253 0.000140 -9999.000000 -9999.000000 -9999.000000 -9999.000000 -9999.000000 -9999.000000 -9999.000000 -9999.000000 -9999.000000 -9999.000000 -9999.000000 -9999.000000 -9999.000000 -9999.000000 -9999.000000 -9999.000000 -9999.000000 -9999.000000 -9999.000000 -9999.000000 -9999.000000 -9999.000000 -9999.000000 -9999.000000 -9999.000000 -9999.000000 -9999.000000 -9999.000000
0.000486 0.000309 0.000366 0.002640 0.000708 0.000335 0.000384 0.203395 0.004710 0.000412 0.000346 0.000206 0.000388 0.001616 0.001295 0.000274 0.000369 0.000237 0.000365 0.004885 0.002272 0.000367 0.000218 0.000203 0.000245 0.000216 0.000201 0.000249 0.000218 0.000203 0.000251 0.000236 0.000268 0.000194 -9999.000000 -9999.000000 -9999.000000 -9999.000000 -9999.000000 -9999.000000 -9999.000000 -9999.000000 -9999.000000 -9999.000000 -9999.000000 -9999.000000 -9999.000000 -9999.000000 -9999.000000 -9999.000000 -9999.000000 -9999.000000 -9999.000000 -9999.000000 -9999.000000 -9999.000000 -9999.000000 -9999.000000 -9999.000000 -9999.000000 -9999.000000 -9999.000000
0.000470 0.000430 0.000221 0.002352 0.000837 0.000473 0.000234 0.000600 0.003974 0.003335 0.002336 0.002299 0.005130 0.003164 0.001949 0.000991 0.000573 0.000257 0.000403 0.003550 0.003549 0.000310 0.000432 0.000422 0.000396 0.000494 0.000394 0.000504 0.000424 0.000413 0.000403 0.000348 0.000232 0.000331 -9999.000000 -9999.000000 -9999.000000 -9999.000000 -9999.000000 -9999.000000 -9999.000000 -9999.000000 -9999.000000 -9999.000000 -9999.000000 -9999.000000 -9999.000000 -9999.000000 -9999.000000 -9999.000000 -9999.000000 -9999.000000 -9999.000000 -9999.000000 -9999.000000 -9999.000000 -9999.000000 -9999.000000 -9999.000000 -9999.000000 -9999.000000 -9999.000000
0.000584 0.000390 0.000207 0.001879 0.001029 0.000494 0.000241 0.000694 0.000414 0.000521 0.237426 0.004489 0.000588 0.000720 0.000654 0.000554 0.000475 0.000445 0.000215 0.000361 0.005168 0.005499 0.003455 0.000546 0.000654 0.000579 0.000514 0.000675 0.000531 0.000504 0.000464 0.000386 0.000222 0.000386 -9999.000000 -9999.000000 -9999.000000 -9999.000000 -9999.000000 -9999.000000 -9999.000000 -9999.000000 -9999.000000 -9999.000000 -9999.000000 -9999.000000 -9999.000000 -9999.000000 -9999.000000 -9999.000000 -9999.000000 -9999.000000 -9999.000000 -9999.000000 -9999.000000 -9999.000000 -9999.000000 -9999.000000 -9999.000000 -9999.000000 -9999.000000 -9999.000000
0.000478 0.000455 0.000243 0.001564 0.001257 0.000508 0.000337 0.000637 0.000302 0.000484 0.007562 0.003474 0.000481 0.000474 0.000582 0.000475 0.000365 0.000325 0.000209 0.000300 0.000657 0.003019 0.003247 0.005459 0.007689 0.003815 0.002668 0.000705 0.000592 0.000546 0.000451 0.000573 0.000360 0.000291 -9999.000000 -9999.000000 -9999.000000 -9999.000000 -9999.000000 -9999.000000 -9999.000000 -9999.000000 -9999.000000 -9999.000000 -9999.000000 -9999.000000 -9999.000000 -9999.000000 -9999.000000 -9999.000000 -9999.000000 -9999.000000 -9999.000000 -9999.000000 -9999.000000 -9999.000000 -9999.000000 -9999.000000 -9999.000000 -9999.000000 -9999.000000 -9999.000000
0.000395 0.000376 0.000227 0.000501 0.001861 0.000662 0.000435 0.000219 0.000386 0.000475 0.008308 0.005675 0.000294 0.000409 0.000371 0.000440 0.000215 0.000211 0.000194 0.000140 0.000813 0.000533 0.000285 0.000369 0.001875 0.001750 0.002267 0.004613 0.003263 0.000617 0.000514 0.000701 0.000415 0.000253 -9999.000000 -9999.000000 -9999.000000 -9999.000000 -9999.000000 -9999.000000 -9999.000000 -9999.000000 -9999.000000 -9999.000000 -9999.000000 -9999.000000 -9999.000000 -9999.000000 -9999.000000 -9999.000000 -9999.000000 -9999.000000 -9999.000000 -9999.000000 -9999.000000 -9999.000000 -9999.000000 -9999.000000 -9999.000000 -9999.000000 -9999.000000 -9999.000000
0.000268 0.000354 0.000250 0.000559 0.001172 0.000564 0.000428 0.000218 0.000457 0.000648 0.000721 0.014004 0.000355 0.000223 0.000226 0.000339 0.000417 0.000373 0.000470 0.000377 0.000358 0.000577 0.000468 0.000245 0.000630 0.000892 0.000327 0.000253 0.002634 0.064353 0.002309 0.001546 0.000850 0.000350 -9999.000000 -9999.000000 -9999.000000 -9999.000000 -9999.000000 -9999.000000 -9999.000000 -9999.000000 -9999.000000 -9999.000000 -9999.000000 -9999.000000 -9999.000000 -9999.000000 -9999.000000 -9999.000000 -9999.000000 -9999.000000 -9999.000000 -9999.000000 -9999.000000 -9999.000000 -9999.000000 -9999.000000 -9999.000000 -9999.000000 -9999.000000 -9999.000000
0.000354 0.000252 0.000323 0.000692 0.000620 0.000554 0.000427 0.000220 0.000381 0.000559 0.000627 0.008288 0.000444 0.000378 0.000352 0.000256 0.000982 0.000569 0.000583 0.000535 0.000482 0.000571 0.000413 0.000289 0.000749 0.000350 0.000188 0.000302 0.000346 0.000405 0.000955 0.000558 0.000274 0.000140 -9999.000000 -9999.000000 -9999.000000 -9999.000000 -9999.000000 -9999.000000 -9999.000000 -9999.000000 -9999.000000 -9999.000000 -9999.000000 -9999.000000 -9999.000000 -9999.000000 -9999.000000 -9999.000000 -9999.000000 -9999.000000 -9999.000000 -9999.000000 -9999.000000 -9999.000000 -9999.000000 -9999.000000 -9999.000000 -9999.000000 -9999.000000 -9999.000000
0.001764 0.001395 0.001020 0.000350 0.000527 0.000543 0.000432 0.000216 0.000484 0.000620 0.000580 0.007775 0.253463 0.001307 0.001866 0.003560 0.002591 0.002010 0.001634 0.001245 0.000777 0.000461 0.000375 0.000422 0.000388 0.000293 0.000140 0.000194 0.000209 0.000295 0.000356 0.000635 0.000140 -9999.000000 -9999.000000 -9999.000000 -9999.000000 -9999.000000 -9999.000000 -9999.000000 -9999.000000 -9999.000000 -9999.000000 -9999.000000 -9999.000000 -9999.000000 -9999.000000 -9999.000000 -9999.000000 -9999.000000 -9999.000000 -9999.000000 -9999.000000 -9999.000000 -9999.000000 -9999.000000 -9999.000000 -9999.000000 -9999.000000 -9999.000000 -9999.000000 -9999.000000
0.000568 0.000670 0.000785 0.001178 0.000697 0.000516 0.000440 0.000203 0.000407 0.000487 0.000559 0.000744 0.012410 0.006965 0.001249 0.000238 0.000338 0.000432 0.000388 0.000424 0.000238 0.000260 0.000312 0.000253 0.000308 0.000192 -9999.000000 -9999.000000 -9999.000000 0.000140 0.000194 0.000213 -9999.000000 -9999.000000 -9999.000000 -9999.000000 -9999.000000 -9999.000000 -9999.000000 -9999.000000 -9999.000000 -9999.000000 -9999.000000 -9999.000000 -9999.000000 -9999.000000 -9999.000000 -9999.000000 -9999.000000 -9999.000000 -9999.000000 -9999.000000 -9999.000000 -9999.000000 -9999.000000 -9999.000000 -9999.000000 -9999.000000 -9999.000000 -9999.000000 -9999.000000 -9999.000000
