use_cases/Flooding/flood_case/output/h_2700.asc
ncols 269
nrows 269
xllcorner 0.000000
yllcorner 0.000000
cellsize 10.000000
NODATA_value -9999.000000
[rows 112 to 139 of 269, columns 186 to 247 of 269]
0.001946 0.002205 0.013920 0.013586 0.008592 0.005498 0.004196 0.003579 0.002577 0.002686 0.001653 0.000971 0.000897 0.000652 0.003358 0.001790 0.001034 0.002198 0.005741 0.001181 0.015043 0.171741 0.013582 0.001922 0.001704 0.001954 0.000974 0.000901 0.000651 0.001430 0.002305 0.004308 0.006685 0.008548 0.006593 0.054802 0.001203 0.001444 0.002023 0.001948 0.001876 0.001691 0.001987 0.000886 0.000651 0.001285 0.001594 0.001782 0.005025 0.002036 0.001805 0.001700 0.002273 0.001700 0.002328 0.001967 0.001874 0.001769 0.002509 0.002131 0.002236 0.002204
0.002282 0.001582 0.033621 0.014752 0.007123 0.004619 0.004540 0.003480 0.002925 0.002646 0.002105 0.001677 0.001468 0.000888 0.004636 0.001885 0.001023 0.001831 0.012826 0.011156 0.016739 0.001917 0.001711 0.001063 0.001128 0.001302 0.001752 0.001475 0.000892 0.001689 0.001781 0.001941 0.002618 0.002238 0.002805 0.074000 0.230647 0.002427 0.002329 0.002902 0.002408 0.002240 0.002067 0.001428 0.000878 0.001569 0.001966 0.003486 0.082243 0.036330 0.033332 0.046546 0.030742 0.020427 0.008359 0.010171 0.015365 0.023160 0.029790 0.014405 0.015340 0.024980
0.119369 0.085819 0.114075 0.053393 0.015384 0.009444 0.006067 0.004935 0.004200 0.003400 0.003487 0.002261 0.001337 0.001933 0.007023 0.001960 0.001019 0.020937 0.070740 0.011782 0.001070 0.001146 0.001341 0.001830 0.001620 0.001096 0.001866 0.002036 0.003604 0.001916 0.001294 0.001107 0.001596 0.001903 0.002503 0.011784 0.072771 0.045999 0.056149 0.042531 0.002772 0.002450 0.002032 0.001168 0.001525 0.017337 0.124537 0.047206 0.038484 0.003581 0.006925 0.008338 0.012603 0.018636 0.037787 0.023721 0.018457 0.005927 0.011323 0.015178 0.010945 0.009257
0.009153 0.002641 0.050180 0.022529 0.007814 0.002996 0.003769 0.003308 0.002956 0.002551 0.002365 0.001721 0.000976 0.001674 0.004581 0.014905 0.014575 0.021878 0.001921 0.001457 0.002062 0.002018 0.002039 0.001963 0.001231 0.001638 0.002125 0.005048 0.003290 0.001940 0.002011 0.001046 0.001029 0.002608 0.003977 0.015110 0.007407 0.010829 0.017739 0.029575 0.227337 0.047429 0.006032 0.009240 0.279857 0.064513 0.029649 0.002177 0.001832 0.001662 0.002360 0.001998 0.002225 0.003245 0.002902 0.003070 0.002732 0.002519 0.002423 0.002364 0.002452 0.003756
0.002139 0.003001 0.016521 0.011493 0.008975 0.012215 0.011024 0.008195 0.003532 0.002943 0.002511 0.001879 0.001016 0.001863 0.003949 0.022814 0.011752 0.001198 0.001503 0.002256 0.002176 0.003175 0.002365 0.002018 0.001103 0.001854 0.002376 0.007655 0.003364 0.002491 0.002289 0.001817 0.001643 0.002023 0.003125 0.009899 0.004439 0.003541 0.002309 0.001491 0.001849 0.039910 0.043982 0.038199 0.047097 0.002305 0.001779 0.001527 0.000979 0.000865 0.001075 0.000651 0.001788 0.001531 0.002120 0.002784 0.002294 0.002007 0.001927 0.001542 0.002217 0.002849
0.002065 0.002922 0.005842 0.008747 0.003465 0.002846 0.003373 0.005606 0.008221 0.004046 0.003067 0.002250 0.001019 0.001934 0.019617 0.018572 0.005541 0.001965 0.001911 0.001481 0.002558 0.005967 0.003090 0.002390 0.001172 0.002275 0.002718 0.012257 0.006230 0.007453 0.004993 0.001899 0.001021 0.001561 0.003386 0.006473 0.003407 0.003209 0.003047 0.002015 0.001218 0.003961 0.001939 0.001712 0.001540 0.002082 0.001016 0.000993 0.000997 0.003188 0.001960 0.001939 0.003108 0.002587 0.001578 0.001582 0.001805 0.001191 0.001401 0.002534 0.002009 0.002083
0.002022 0.002810 0.006947 0.003372 0.003340 0.001054 0.001103 0.001238 0.001595 0.002525 0.001582 0.002046 0.001986 0.002339 0.030507 0.009686 0.004361 0.002460 0.002372 0.001320 0.002078 0.009143 0.002322 0.001371 0.001598 0.002056 0.018116 0.016806 0.007902 0.002997 0.002980 0.003347 0.001018 0.001025 0.004254 0.002752 0.002934 0.002696 0.002578 0.002506 0.001992 0.002311 0.001340 0.000957 0.000979 0.001006 0.001555 0.002980 0.000993 0.002641 0.005102 0.002759 0.002755 0.001714 0.001309 0.000892 0.000651 0.001500 0.006454 0.004477 0.002502 0.001740
0.001852 0.003766 0.005634 0.003868 0.005938 0.010348 0.013117 0.010844 0.006439 0.011847 0.007988 0.025430 0.050166 0.222576 0.235073 0.009328 0.004609 0.002963 0.001862 0.001000 0.006530 0.005790 0.002295 0.001185 0.001916 0.019843 0.019127 0.002022 0.001865 0.002212 0.001778 0.001237 0.001588 0.001027 0.001580 0.001864 0.002595 0.002114 0.002038 0.001752 0.001657 0.001296 0.000651 0.000888 0.001466 0.001746 0.002431 0.003070 0.002521 0.022920 0.023137 0.016168 0.002824 0.002067 0.001719 0.001414 0.000876 0.006562 0.005058 0.001019 0.001016 0.000999
0.002246 0.003757 0.002847 0.003030 0.005284 0.005004 0.006521 0.020027 0.211874 0.629044 1.064559 1.449168 1.611547 1.485320 0.986877 0.016116 0.002907 0.002185 0.001417 0.001709 0.009562 0.005479 0.004160 0.005631 0.009982 0.018034 0.001737 0.001049 0.001078 0.001164 0.001399 0.001900 0.002597 0.001897 0.001771 0.000960 0.001248 0.001218 0.001496 0.000876 0.001031 0.000651 0.001292 0.001544 0.001901 0.002221 0.002324 0.009300 0.160588 0.028232 0.009727 0.014785 0.031915 0.019887 0.015204 0.008735 0.012763 0.010242 0.002877 0.001925 0.001733 0.002046
0.001654 0.002844 0.004073 0.003788 0.006353 0.005658 0.005826 0.006675 0.012048 0.225389 0.783744 1.193838 1.433346 1.669733 1.628505 0.922841 0.145054 0.001762 0.003992 0.140171 0.501634 0.269738 0.156300 0.053204 0.009904 0.008591 0.001461 0.001950 0.002485 0.002283 0.002404 0.003960 0.003890 0.002953 0.002208 0.001777 0.002236 0.001603 0.000985 0.000964 0.002528 0.000876 0.001784 0.002278 0.002732 0.002830 0.006557 0.032799 0.029014 0.003703 0.003942 0.003076 0.003650 0.007945 0.009673 0.011925 0.005025 0.006179 0.009629 0.006402 0.004670 0.003335
0.001009 0.001982 0.003410 0.003278 0.003967 0.005146 0.005725 0.006165 0.008266 0.008978 0.008316 0.008696 0.009354 0.302645 1.315853 1.430716 1.370076 1.136403 0.991504 0.885244 0.550686 0.141122 0.088730 0.277330 0.160823 0.006086 0.002685 0.003039 0.003190 0.004531 0.004826 0.004426 0.003319 0.002546 0.002574 0.002152 0.002763 0.001733 0.000983 0.001512 0.002450 0.003392 0.001149 0.001868 0.002225 0.002892 0.035459 0.031862 0.002862 0.002683 0.002561 0.003230 0.002002 0.001313 0.005080 0.002952 0.003007 0.002234 0.001910 0.002051 0.001281 0.000651
0.000990 0.001943 0.002547 0.003817 0.003633 0.004587 0.005872 0.006391 0.008610 0.009072 0.008009 0.007096 0.003446 0.002882 0.086518 1.044129 1.254011 1.043672 0.207073 0.004637 0.002410 0.001964 0.001023 0.001953 0.136320 0.106810 0.003558 0.003646 0.004902 0.004983 0.003285 0.003016 0.002891 0.003259 0.001666 0.004694 0.002785 0.002139 0.001905 0.001348 0.002778 0.004613 0.002482 0.002597 0.008769 0.355074 0.047191 0.002503 0.002248 0.001872 0.002284 0.001904 0.001845 0.001779 0.002777 0.002097 0.001763 0.001663 0.001533 0.001372 0.000651 0.001243
0.000906 0.001917 0.002459 0.003551 0.006401 0.004737 0.004794 0.006454 0.007918 0.009448 0.011861 0.004037 0.001020 0.001740 0.002026 0.044749 0.832955 0.557409 0.003008 0.002202 0.002045 0.001843 0.001000 0.001822 0.002328 0.373834 0.138757 0.004254 0.004357 0.003434 0.003306 0.002740 0.003924 0.002792 0.001284 0.007795 0.003460 0.002598 0.001706 0.001008 0.002063 0.003282 0.003537 0.036981 0.437274 0.042132 0.002147 0.001925 0.001691 0.000960 0.001151 0.001058 0.001113 0.001260 0.001544 0.001704 0.000974 0.000890 0.000651 0.000907 0.001319 0.001687
0.001119 0.001897 0.002198 0.002726 0.003555 0.007614 0.004174 0.006830 0.011122 0.014016 0.002341 0.001995 0.001036 0.001515 0.001690 0.001833 0.056091 0.363298 0.002893 0.002910 0.002319 0.001660 0.000961 0.001642 0.002088 0.002560 0.182011 0.133767 0.008225 0.003497 0.003225 0.002667 0.004194 0.001793 0.001967 0.008097 0.002676 0.002239 0.001918 0.001037 0.002122 0.003149 0.003215 0.040000 0.001722 0.000945 0.001254 0.001178 0.001401 0.001853 0.002408 0.001925 0.001769 0.001544 0.000890 0.000651 0.001393 0.002637 0.000873 0.001397 0.001700 0.002069
0.000900 0.001641 0.002635 0.002635 0.003549 0.005820 0.004876 0.009909 0.011515 0.002285 0.001914 0.001958 0.001098 0.001029 0.001011 0.001016 0.006880 0.071241 0.001991 0.001823 0.001648 0.001417 0.000887 0.001401 0.001795 0.002224 0.004549 0.099712 0.504868 0.149847 0.003353 0.002782 0.004382 0.001361 0.007667 0.006711 0.002908 0.002283 0.002614 0.001735 0.001490 0.002779 0.059087 0.044720 0.001478 0.002078 0.003068 0.002839 0.003219 0.005422 0.006181 0.006415 0.004516 0.002889 0.000962 0.001351 0.001777 0.004001 0.000955 0.001645 0.002067 0.017638
0.000651 0.001309 0.002194 0.002053 0.003907 0.004808 0.004265 0.010758 0.004153 0.001918 0.001005 0.001782 0.001276 0.001635 0.001835 0.010557 0.009213 0.049982 0.001031 0.000997 0.000959 0.000886 0.000652 0.000895 0.001436 0.001870 0.003080 0.002273 0.002706 0.181064 0.177541 0.134212 0.146338 0.112363 0.166141 0.142225 0.066543 0.002653 0.002446 0.001322 0.047698 0.633896 0.065885 0.012275 0.019375 0.017281 0.021074 0.013936 0.010890 0.011628 0.005467 0.001943 0.001500 0.000997 0.000989 0.001611 0.002107 0.006360 0.001008 0.001859 0.014737 0.014646
0.001265 0.000651 0.001396 0.002035 0.005242 0.004879 0.002834 0.006990 0.005063 0.001766 0.000974 0.001527 0.003037 0.012724 0.019705 0.009731 0.006450 0.033853 0.245496 0.001854 0.001721 0.001582 0.001387 0.000977 0.000988 0.001503 0.002363 0.001924 0.002332 0.002661 0.008568 0.007094 0.003108 0.002074 0.001035 0.050874 0.265945 0.175534 0.028003 0.038509 0.050366 0.001878 0.001847 0.001869 0.001883 0.003447 0.003348 0.004058 0.002738 0.002320 0.001719 0.001521 0.001002 0.000991 0.001485 0.002213 0.002965 0.007043 0.001033 0.012076 0.012275 0.007380
0.002388 0.001538 0.000867 0.002368 0.014858 0.001329 0.001672 0.002230 0.008362 0.002347 0.000903 0.000975 0.000984 0.011819 0.001081 0.001963 0.003105 0.002895 0.031165 0.392791 0.002233 0.002036 0.001838 0.001500 0.000998 0.001011 0.001507 0.001616 0.001915 0.002220 0.002583 0.009206 0.004385 0.002018 0.001037 0.002020 0.003232 0.104705 0.254984 0.119587 0.001026 0.001007 0.000998 0.000991 0.000972 0.001393 0.001643 0.004527 0.002397 0.002160 0.001939 0.001000 0.000993 0.001731 0.002751 0.002088 0.002515 0.038900 0.087169 0.039866 0.050208 0.029920
0.002370 0.002788 0.001067 0.001733 0.005301 0.002223 0.001014 0.001898 0.004691 0.001890 0.000652 0.001379 0.010227 0.010772 0.001171 0.002702 0.002958 0.002105 0.002113 0.031541 0.359191 0.002544 0.002298 0.001845 0.002072 0.001511 0.000902 0.000652 0.001425 0.001747 0.002071 0.006085 0.004664 0.001943 0.001045 0.001981 0.003469 0.003411 0.006058 0.061061 0.060635 0.001817 0.001545 0.001635 0.000896 0.000651 0.000911 0.002038 0.001830 0.001567 0.001008 0.001004 0.001798 0.001904 0.002378 0.002631 0.049941 0.224589 0.011279 0.002454 0.002000 0.001166
0.002125 0.000888 0.000651 0.001435 0.003436 0.001916 0.000997 0.001744 0.002768 0.001948 0.002528 0.005744 0.103045 0.001003 0.002084 0.002560 0.001808 0.001336 0.001137 0.001063 0.165399 0.010312 0.002811 0.002302 0.002800 0.001850 0.002005 0.001452 0.001087 0.001195 0.001549 0.001999 0.005832 0.001800 0.001067 0.001822 0.005313 0.002694 0.002372 0.002553 0.062268 0.071332 0.002163 0.002042 0.001777 0.001767 0.001739 0.002358 0.001014 0.001012 0.001006 0.001548 0.001815 0.002278 0.002757 0.043630 0.297882 0.008250 0.002938 0.002301 0.001918 0.001246
0.137960 0.002162 0.001452 0.001046 0.001048 0.001853 0.000979 0.001462 0.001803 0.001763 0.001850 0.004128 0.005282 0.000956 0.001503 0.001184 0.001081 0.001969 0.001760 0.006341 0.043840 0.008960 0.012693 0.010731 0.012828 0.007719 0.008484 0.004725 0.001752 0.001473 0.000958 0.001601 0.004106 0.001503 0.001123 0.002329 0.004620 0.000946 0.001853 0.002121 0.002630 0.088859 0.143462 0.051718 0.002401 0.002334 0.002258 0.002028 0.001826 0.000991 0.002074 0.001672 0.002206 0.002563 0.040363 0.124265 0.009104 0.002227 0.003007 0.001912 0.001697 0.001641
0.022358 0.001945 0.001882 0.002135 0.001565 0.000989 0.000947 0.000789 0.001210 0.001966 0.003534 0.005169 0.001215 0.000833 0.000947 0.001567 0.004653 0.009340 0.008321 0.005629 0.018467 0.001729 0.001679 0.001538 0.001992 0.001750 0.001841 0.003047 0.003335 0.001671 0.000833 0.001214 0.002362 0.000796 0.001238 0.001833 0.002736 0.000805 0.001233 0.001667 0.002358 0.002280 0.020043 0.529974 0.386252 0.098164 0.056710 0.002253 0.001869 0.000998 0.002641 0.001856 0.002427 0.002861 0.050566 0.017388 0.001182 0.001380 0.002547 0.002582 0.002076 0.001241
0.006855 0.005416 0.004157 0.004330 0.001849 0.000838 0.000649 0.000140 0.000376 0.000464 0.000621 0.001397 0.000228 0.000397 0.000725 0.004234 0.003217 0.001787 0.001346 0.000755 0.016245 0.000483 0.000475 0.000505 0.000433 0.000422 0.000423 0.000396 0.000563 0.000512 0.000552 0.000279 0.000646 0.000264 0.000522 0.001325 0.000392 0.000310 0.000245 0.001992 0.002411 0.000230 0.000439 0.005644 0.000557 0.000265 0.149642 0.333844 0.063829 0.052360 0.074318 0.107765 0.072707 0.078661 0.035075 0.002443 0.002314 0.001695 0.001076 0.000611 0.000611 0.000648
0.002911 0.000806 0.000800 0.000440 0.000224 0.113260 0.003100 0.000300 0.000203 0.000375 0.000608 0.000998 0.000247 0.000356 0.000598 0.003952 0.000221 0.000388 0.000457 0.000663 0.234585 0.000549 0.000393 0.000224 0.000222 0.000207 0.000243 0.000236 0.000266 0.000329 0.000455 0.000323 0.000211 0.000390 0.000457 0.000901 0.000289 0.000432 0.001946 0.002185 0.000402 0.000246 0.000444 0.003650 0.000588 0.000327 0.000374 0.000489 0.017487 0.177056 0.022943 0.000429 0.000227 0.027827 0.028113 0.000236 0.000257 0.000297 0.000499 0.000430 0.000407 0.000394
0.000768 0.000693 0.000958 0.000443 0.000209 0.000415 0.017134 0.000860 0.000257 0.000488 0.000690 0.000482 0.000316 0.000253 0.003220 0.003312 0.000219 0.000454 0.000659 0.001308 0.017939 0.000239 0.000357 0.000455 0.000443 0.000432 0.000396 0.000426 0.000344 0.000197 0.000241 0.000215 0.000207 0.000291 0.000371 0.000506 0.000369 0.000590 0.001673 0.000459 0.000352 0.000289 0.000464 0.003491 0.000817 0.000465 0.000235 0.000430 0.000726 0.002132 0.000474 0.000399 0.000234 0.000812 0.012693 0.011179 0.000413 0.000344 0.000243 0.000222 0.000220 0.000222
0.000745 0.000209 0.001136 0.000443 0.000237 0.000476 0.002328 0.000550 0.000226 0.000405 0.000545 0.000314 0.000421 0.002720 0.003016 0.000373 0.000216 0.000382 0.000473 0.000565 0.012877 0.012556 0.000575 0.000581 0.000550 0.000490 0.000598 0.000498 0.000436 0.000388 0.000377 0.000316 0.000191 0.000140 0.000274 0.000325 0.000432 0.000478 0.001227 0.000394 0.000209 0.000390 0.000455 0.002912 0.000766 0.000451 0.000258 0.000415 0.000788 0.002112 0.000510 0.000348 0.000260 0.001157 0.002120 0.012171 0.000538 0.000485 0.000422 0.000476 0.000422 0.000419
0.000987 0.000272 0.001111 0.000535 0.000221 0.000428 0.001933 0.000623 0.000228 0.000398 0.000432 0.000468 0.002341 0.002742 0.000403 0.000327 0.000215 0.000365 0.000435 0.000490 0.001051 0.012621 0.010387 0.009747 0.000645 0.000577 0.000787 0.000579 0.000516 0.000482 0.000457 0.000379 0.000367 0.000262 0.000140 0.000192 0.000207 0.000354 0.000854 0.000384 0.000194 0.000355 0.000562 0.003193 0.001119 0.000607 0.000300 0.000348 0.001142 0.001391 0.000405 0.000220 0.000329 0.001748 0.003503 0.010470 0.009797 0.000613 0.000592 0.000577 0.000718 0.000518
0.001981 0.000323 0.000457 0.000508 0.000220 0.000421 0.001519 0.000712 0.000237 0.000367 0.000617 0.001086 0.002286 0.000352 0.000300 0.000209 0.000218 0.000350 0.000381 0.000400 0.001410 0.005097 0.000232 0.009377 0.009659 0.004449 0.006827 0.003680 0.003626 0.000616 0.000561 0.000646 0.000503 0.000361 0.000190 0.000306 0.000358 0.000276 0.000247 0.000342 0.000140 0.000285 0.000440 0.001895 0.001224 0.000562 0.000516 0.000249 0.001357 0.000493 0.000386 0.000229 0.000432 0.003913 0.004064 0.000257 0.008899 0.026399 0.000667 0.000640 0.000587 0.000798
