use_cases/Flooding/flood_case/output/h_2700.asc
ncols 269
nrows 269
xllcorner 0.000000
yllcorner 0.000000
cellsize 10.000000
NODATA_value -9999.000000
[rows 56 to 83 of 269, columns 124 to 185 of 269]
0.000108 0.000000 0.000000 0.000000 0.000000 0.000000 0.000000 0.000000 0.000000 0.000000 0.001710 0.003612 0.001914 0.001793 0.001585 0.001024 0.001021 0.002328 0.002733 0.005833 0.001680 0.001038 0.001026 0.001550 0.001949 0.009018 0.016045 0.001935 0.000931 0.007095 0.006288 0.002426 0.001853 0.001048 0.001828 0.002354 0.026998 0.004721 0.007026 0.002090 0.001764 0.001574 0.001324 0.002100 0.003527 0.001419 0.002774 0.005000 0.012024 0.002883 0.002557 0.002055 0.002665 0.001742 0.001284 0.005661 0.001977 0.001911 0.001730 0.000861 0.001388 0.001937
0.000000 0.000000 0.000000 0.000000 0.000000 0.000000 0.000000 0.000000 0.000000 0.000000 0.004755 0.003626 0.002917 0.003075 0.003510 0.004454 0.001800 0.002524 0.002461 0.003839 0.001358 0.001132 0.001608 0.001991 0.002945 0.008129 0.009406 0.001763 0.001132 0.001933 0.008235 0.003368 0.002480 0.001075 0.002297 0.003010 0.034676 0.003053 0.006560 0.006778 0.003710 0.005940 0.002715 0.001963 0.001135 0.001973 0.002414 0.002829 0.009327 0.002540 0.002233 0.001934 0.001613 0.001203 0.001703 0.004166 0.001093 0.001214 0.001563 0.001084 0.003280 0.005184
0.000000 0.000000 0.000000 0.000000 0.000000 0.000000 0.000000 0.017717 0.019022 0.015115 0.015295 0.012093 0.014482 0.008274 0.005922 0.002643 0.002271 0.003609 0.001655 0.001225 0.001962 0.002019 0.004979 0.006844 0.008647 0.011129 0.002380 0.002049 0.000972 0.001727 0.006014 0.002495 0.002091 0.001152 0.001732 0.002519 0.034467 0.015421 0.004199 0.003803 0.006328 0.002021 0.001956 0.001829 0.001358 0.001817 0.002130 0.002452 0.006971 0.002131 0.001832 0.001403 0.000978 0.001555 0.001209 0.002180 0.001873 0.001609 0.000905 0.000651 0.001414 0.001730
0.000000 0.000000 0.000000 0.000000 0.000000 0.000000 0.032045 0.014876 0.000939 0.001574 0.002038 0.002067 0.002901 0.002410 0.002171 0.002141 0.001679 0.002002 0.000998 0.001582 0.001796 0.003762 0.003493 0.002355 0.002257 0.004171 0.001968 0.001466 0.000895 0.001476 0.004190 0.002184 0.002118 0.001364 0.002037 0.002274 0.012122 0.014116 0.003847 0.000942 0.001174 0.001067 0.001140 0.001347 0.001904 0.001324 0.001662 0.001996 0.004990 0.001690 0.001414 0.000651 0.000909 0.000983 0.001636 0.002266 0.004605 0.002102 0.001861 0.000907 0.000985 0.001016
0.000000 0.000000 0.000000 0.000000 0.018179 0.135376 0.014264 0.000367 0.000515 0.000730 0.000947 0.001340 0.001362 0.001810 0.001307 0.001752 0.001473 0.000903 0.000981 0.001008 0.001012 0.001153 0.000930 0.001009 0.001028 0.001042 0.001633 0.000909 0.000652 0.000910 0.001817 0.001445 0.002083 0.001923 0.000939 0.001742 0.002487 0.017298 0.008758 0.002833 0.004536 0.004922 0.008488 0.005148 0.002872 0.001780 0.001010 0.001534 0.003129 0.001008 0.000980 0.000905 0.001439 0.002047 0.001833 0.002493 0.006835 0.002244 0.001704 0.001531 0.001002 0.003552
0.000000 0.000000 0.000000 0.000000 0.017560 0.000075 0.000141 0.000172 0.000227 0.000475 0.000997 0.003978 0.002361 0.001282 0.001656 0.000976 0.000903 0.000651 0.001416 0.001683 0.001826 0.001965 0.001958 0.002446 0.001803 0.001979 0.002227 0.003850 0.001586 0.002676 0.002253 0.001856 0.001310 0.001806 0.001259 0.002242 0.002452 0.011319 0.009700 0.012562 0.010012 0.006858 0.002614 0.002729 0.001922 0.001519 0.001012 0.001010 0.001018 0.002055 0.001587 0.001770 0.002330 0.003035 0.002250 0.008642 0.006654 0.002953 0.001974 0.001209 0.004357 0.003320
0.000000 0.000000 0.000000 0.017954 0.014787 0.000028 0.000055 0.000108 0.000217 0.000224 0.001310 0.005914 0.002578 0.003026 0.003611 0.001744 0.001502 0.000905 0.001626 0.002023 0.002316 0.002510 0.004635 0.002283 0.001277 0.002009 0.002766 0.003609 0.005886 0.003417 0.003464 0.003783 0.004571 0.002649 0.001223 0.001643 0.001993 0.003973 0.005354 0.003068 0.002566 0.002200 0.002597 0.001899 0.001462 0.000911 0.000991 0.001540 0.001753 0.004238 0.001900 0.001315 0.001850 0.003278 0.003221 0.011594 0.003487 0.002008 0.001408 0.002106 0.008095 0.002998
0.000000 0.000000 0.000000 0.015904 0.000029 0.000057 0.000108 0.000128 0.000161 0.000110 0.001437 0.008357 0.003370 0.003299 0.001362 0.001903 0.001189 0.001595 0.001990 0.005221 0.007919 0.006104 0.008792 0.002204 0.001109 0.002025 0.002333 0.014899 0.014576 0.009820 0.009844 0.005580 0.002305 0.002013 0.001569 0.001009 0.001555 0.001751 0.004232 0.002821 0.002056 0.001893 0.001759 0.001521 0.000909 0.000651 0.001428 0.001920 0.002816 0.003933 0.005254 0.001138 0.002000 0.002486 0.010511 0.008344 0.003080 0.002122 0.001322 0.001851 0.008435 0.003467
0.000000 0.000000 0.000000 0.012886 0.000063 0.000119 0.000140 0.000172 0.000088 0.000099 0.009028 0.008339 0.004238 0.002528 0.002569 0.001939 0.001079 0.002212 0.004301 0.003513 0.003274 0.008864 0.015675 0.015711 0.001055 0.002059 0.002637 0.137743 0.001811 0.001087 0.001605 0.002018 0.001769 0.001646 0.001026 0.001022 0.001019 0.001014 0.000985 0.002844 0.001317 0.001024 0.001012 0.001002 0.000976 0.001430 0.001870 0.002275 0.002276 0.005683 0.006996 0.005985 0.003043 0.003601 0.015555 0.007431 0.003547 0.002412 0.000974 0.002283 0.011540 0.004120
0.000000 0.000000 0.000000 0.092783 0.000203 0.000189 0.000136 0.000016 0.000034 0.000073 0.016132 0.004017 0.003103 0.002452 0.002611 0.002353 0.002098 0.001366 0.001687 0.001824 0.002116 0.002806 0.002168 0.016757 0.017867 0.011758 0.021955 0.011591 0.001528 0.002875 0.002779 0.002924 0.002144 0.001225 0.001591 0.001017 0.003153 0.001522 0.000905 0.000652 0.001205 0.002919 0.001000 0.003029 0.001643 0.001297 0.002018 0.003000 0.002407 0.001631 0.003895 0.009010 0.001930 0.002596 0.023089 0.004122 0.002309 0.001781 0.001024 0.001808 0.014282 0.004448
0.000000 0.000000 0.029266 0.175773 0.000000 0.000000 0.000003 0.000007 0.000024 0.008541 0.008472 0.003962 0.003277 0.004060 0.003774 0.002888 0.001692 0.000992 0.001004 0.001003 0.001590 0.002088 0.001256 0.001136 0.001068 0.012897 0.027575 0.008248 0.006572 0.005928 0.004066 0.001612 0.001025 0.001091 0.001826 0.001855 0.004944 0.001904 0.001454 0.000893 0.001532 0.004589 0.001925 0.003418 0.001813 0.000969 0.002299 0.002979 0.003727 0.002231 0.003351 0.011174 0.009036 0.004928 0.019825 0.003810 0.002663 0.002293 0.001026 0.001983 0.016815 0.002645
0.000000 0.000000 0.445394 0.000000 0.000000 0.000000 0.000000 0.000003 0.000014 0.010520 0.006792 0.003973 0.005146 0.004689 0.002601 0.002227 0.001909 0.001025 0.001536 0.002039 0.001187 0.001106 0.001677 0.002155 0.001869 0.001437 0.031724 0.006891 0.002873 0.000964 0.001188 0.001200 0.001594 0.001031 0.002152 0.002371 0.006867 0.001987 0.001182 0.001572 0.001945 0.006713 0.002895 0.003129 0.001941 0.001026 0.001837 0.002823 0.005859 0.001501 0.002825 0.002590 0.009873 0.008077 0.025346 0.004496 0.003060 0.001804 0.001026 0.018656 0.017633 0.002706
0.000000 0.018532 0.018355 0.000000 0.000000 0.000000 0.000000 0.000000 0.000006 0.022667 0.012304 0.008676 0.005742 0.003223 0.002940 0.002534 0.002046 0.001166 0.002072 0.003913 0.001061 0.001608 0.003341 0.005723 0.005738 0.006821 0.069640 0.003797 0.002702 0.001782 0.002155 0.001658 0.001220 0.001616 0.001967 0.007073 0.005243 0.002027 0.001094 0.001855 0.002297 0.009422 0.003358 0.003000 0.002029 0.001033 0.002000 0.002808 0.008616 0.001216 0.002474 0.001553 0.003504 0.006426 0.041093 0.002774 0.002148 0.001376 0.007873 0.036083 0.004750 0.005870
0.000000 0.117858 0.000000 0.000000 0.000000 0.000000 0.000000 0.000000 0.011653 0.012368 0.001691 0.002610 0.004530 0.005422 0.008805 0.004418 0.001664 0.001712 0.001936 0.006479 0.001634 0.001223 0.001069 0.001033 0.001028 0.001421 0.068397 0.003600 0.002812 0.002222 0.002628 0.001834 0.001098 0.002096 0.002484 0.010710 0.004317 0.002548 0.001225 0.002058 0.002544 0.012658 0.004600 0.003748 0.002560 0.001179 0.002498 0.003525 0.012448 0.001249 0.002351 0.002302 0.001524 0.005658 0.030316 0.002636 0.001519 0.023678 0.023979 0.018419 0.002358 0.001868
0.000000 0.000000 0.000000 0.000000 0.000000 0.000000 0.000000 0.000000 0.098890 0.015523 0.005312 0.007008 0.012269 0.006491 0.001835 0.001441 0.001041 0.001897 0.002317 0.006852 0.001839 0.001092 0.001615 0.001828 0.001913 0.002129 0.072402 0.004076 0.003815 0.003977 0.004829 0.002379 0.001062 0.001775 0.014424 0.012960 0.005625 0.001731 0.000929 0.002610 0.004744 0.022488 0.003090 0.002496 0.001873 0.000934 0.001834 0.002436 0.010504 0.000956 0.002199 0.003113 0.002114 0.003149 0.038470 0.016610 0.042515 0.025577 0.002818 0.002622 0.002074 0.001578
0.000000 0.000000 0.000000 0.000000 0.000000 0.000000 0.000000 0.627230 0.250453 0.006896 0.010125 0.009602 0.001768 0.001582 0.001293 0.000652 0.001454 0.002055 0.002518 0.009222 0.001997 0.001211 0.001877 0.002564 0.002513 0.004743 0.084712 0.011102 0.008142 0.005413 0.001829 0.001206 0.002053 0.002555 0.017069 0.001120 0.001208 0.002171 0.001006 0.001790 0.001272 0.016600 0.003175 0.002458 0.001399 0.001700 0.002234 0.002845 0.012478 0.001157 0.002572 0.004568 0.002706 0.003199 0.049380 0.021051 0.008380 0.002645 0.002177 0.002399 0.001788 0.001416
0.000000 0.000000 0.000000 0.000000 0.000000 0.032697 0.192548 0.022433 0.000831 0.001421 0.001863 0.001595 0.000973 0.000901 0.000652 0.001280 0.001777 0.002255 0.011004 0.025082 0.003358 0.000931 0.001911 0.002076 0.002608 0.051452 0.031991 0.002372 0.002327 0.001960 0.001582 0.001098 0.001703 0.012641 0.012939 0.001939 0.002700 0.002302 0.001669 0.001321 0.003341 0.018491 0.019663 0.002338 0.003202 0.001483 0.002773 0.002903 0.017983 0.000924 0.001859 0.003123 0.003206 0.051255 0.048172 0.002481 0.002558 0.002274 0.001994 0.001603 0.001305 0.000652
0.000000 0.000000 0.000000 0.000000 0.069574 0.023462 0.000115 0.000177 0.000256 0.000602 0.001104 0.001176 0.002026 0.001475 0.000902 0.001579 0.002399 0.002705 0.016852 0.004565 0.001002 0.001007 0.002302 0.002527 0.003354 0.074389 0.022252 0.003048 0.001954 0.001540 0.001019 0.001044 0.001858 0.016454 0.007413 0.005003 0.008779 0.004530 0.002450 0.001339 0.001585 0.001905 0.227813 0.014988 0.002174 0.001007 0.001957 0.002792 0.014221 0.001005 0.001955 0.003027 0.225996 0.066819 0.003143 0.003079 0.002157 0.001831 0.001606 0.000898 0.000652 0.001317
0.000000 0.000000 0.000000 0.079992 0.029356 0.000000 0.000000 0.000000 0.001359 0.001352 0.002018 0.001936 0.002774 0.002023 0.000973 0.001746 0.002013 0.011229 0.009551 0.001194 0.001543 0.001020 0.001747 0.002973 0.082840 0.077102 0.007483 0.001947 0.001533 0.001002 0.001011 0.001571 0.002361 0.023035 0.011199 0.006366 0.001903 0.001325 0.001853 0.001314 0.000652 0.001410 0.011579 0.021573 0.002128 0.001029 0.002025 0.002760 0.016023 0.001019 0.001949 0.066508 0.051044 0.001839 0.002399 0.001983 0.001711 0.001111 0.001274 0.001697 0.001471 0.001123
0.000000 0.000000 0.110487 0.043076 0.000000 0.000000 0.000000 0.000000 0.002366 0.001904 0.002405 0.002941 0.002410 0.001165 0.001576 0.002021 0.002378 0.024633 0.008443 0.001897 0.001761 0.001019 0.001898 0.002339 0.282765 0.064583 0.002972 0.002932 0.002328 0.001563 0.001013 0.001777 0.002084 0.032765 0.002314 0.001997 0.001558 0.002319 0.002378 0.002082 0.000902 0.000969 0.001586 0.191351 0.021612 0.001018 0.002011 0.011049 0.013194 0.001025 0.062729 0.070722 0.001009 0.000942 0.001088 0.001296 0.001356 0.001937 0.001812 0.002901 0.002026 0.001741
0.000000 0.045010 0.029456 0.000000 0.000000 0.000000 0.000000 0.000000 0.016405 0.007367 0.006695 0.006158 0.002697 0.001096 0.001794 0.002574 0.002393 0.011338 0.014511 0.002212 0.001885 0.001017 0.001961 0.077539 0.278888 0.006302 0.001836 0.001569 0.001071 0.001215 0.001588 0.002075 0.025938 0.071482 0.001880 0.001539 0.002225 0.003269 0.002422 0.001660 0.000979 0.001524 0.001192 0.004953 0.024685 0.001018 0.002040 0.014086 0.005910 0.003946 0.086843 0.013685 0.002047 0.002010 0.001954 0.002600 0.002212 0.002345 0.001320 0.004971 0.002546 0.002329
0.000000 0.026267 0.000000 0.000000 0.000000 0.000000 0.000000 0.059218 0.008982 0.001459 0.001891 0.001534 0.001289 0.001686 0.002090 0.002702 0.004856 0.009289 0.020151 0.002287 0.001402 0.001710 0.021371 0.244332 0.013953 0.002033 0.001015 0.001005 0.001022 0.001619 0.002030 0.012470 0.063015 0.002851 0.001342 0.001931 0.001462 0.005168 0.002320 0.001300 0.001670 0.001997 0.002052 0.002205 0.025092 0.025138 0.005805 0.020365 0.003498 0.004616 0.085779 0.009390 0.002504 0.003411 0.002953 0.004423 0.002645 0.001288 0.004717 0.005225 0.003091 0.001821
0.000000 0.034962 0.000000 0.000000 0.000000 0.011453 0.011721 0.009152 0.000723 0.001104 0.001416 0.000652 0.001570 0.002018 0.002420 0.003008 0.004929 0.004432 0.016550 0.015947 0.007251 0.071678 0.104624 0.042999 0.001314 0.001446 0.001591 0.000995 0.002068 0.001743 0.002418 0.035416 0.015273 0.001313 0.001765 0.001355 0.005947 0.005107 0.002588 0.001129 0.001883 0.002853 0.002149 0.001492 0.001194 0.020491 0.050715 0.010391 0.002500 0.004735 0.104192 0.092600 0.009549 0.003953 0.003706 0.002600 0.001903 0.001155 0.010504 0.005146 0.002133 0.001379
0.000000 0.027253 0.000000 0.000000 0.011374 0.016395 0.000262 0.000365 0.000515 0.000720 0.000976 0.000903 0.001750 0.002229 0.003331 0.004428 0.007191 0.003813 0.008437 0.037798 0.271702 0.115302 0.000979 0.000903 0.000652 0.001637 0.002047 0.001980 0.004845 0.008429 0.175612 0.076837 0.009865 0.002467 0.004157 0.004329 0.005859 0.002993 0.001359 0.001717 0.002175 0.002892 0.004498 0.001155 0.001657 0.008718 0.053526 0.026972 0.006307 0.007716 0.020396 0.090466 0.175730 0.010709 0.002677 0.002380 0.001387 0.008441 0.006348 0.002739 0.001501 0.001898
0.000000 0.026449 0.000000 0.000000 0.013788 0.000028 0.000068 0.000119 0.000232 0.000467 0.000996 0.001484 0.001991 0.002499 0.002673 0.003225 0.012021 0.002383 0.032270 0.453961 0.600001 0.466618 0.082101 0.001467 0.000897 0.003116 0.050342 0.295386 0.479198 0.511158 0.570298 0.390046 0.038032 0.006168 0.008159 0.005161 0.003430 0.001854 0.002043 0.002705 0.002245 0.003067 0.005476 0.002770 0.010103 0.080228 0.161763 0.252599 0.179423 0.143835 0.113595 0.207517 0.388306 0.093043 0.003626 0.002161 0.001152 0.008945 0.004872 0.001675 0.002008 0.002279
0.000000 0.029249 0.047946 0.005545 0.006549 0.000136 0.000263 0.000322 0.000468 0.000715 0.001007 0.001692 0.002238 0.003460 0.002901 0.049301 0.197435 0.286606 0.619780 0.736329 0.679626 0.650099 0.642757 0.529709 0.461238 0.493516 0.502909 0.493581 0.415373 0.428336 0.543846 0.538231 0.330358 0.058161 0.006223 0.002905 0.003469 0.001330 0.002153 0.003805 0.002657 0.081877 0.251571 0.369835 0.470346 0.438072 0.455588 0.512412 0.488544 0.471164 0.460440 0.468113 0.503334 0.311983 0.031692 0.002822 0.001076 0.014337 0.003742 0.001271 0.002122 0.022780
0.000000 0.002823 0.121201 0.003447 0.004049 0.000297 0.000402 0.000690 0.000607 0.000823 0.001015 0.002215 0.002628 0.004417 0.077047 0.394729 0.583985 0.602631 0.614517 0.502421 0.378524 0.396702 0.484090 0.552556 0.546181 0.469714 0.376778 0.236024 0.179406 0.277047 0.421648 0.490292 0.466197 0.256594 0.097383 0.007730 0.002863 0.011343 0.167993 0.319158 0.334665 0.476728 0.503873 0.454481 0.412391 0.398257 0.381687 0.351175 0.271803 0.285034 0.403397 0.466868 0.531439 0.492859 0.360152 0.164701 0.059800 0.087489 0.050431 0.003146 0.016553 0.172407
0.000000 0.055760 0.376710 0.003373 0.002465 0.000582 0.000462 0.000605 0.000604 0.000439 0.001386 0.001925 0.003617 0.127169 0.459586 0.520667 0.453811 0.207073 0.103102 0.057107 0.002646 0.001225 0.015109 0.032075 0.053817 0.006255 0.011317 0.003107 0.001239 0.014212 0.165943 0.417529 0.513038 0.463200 0.462030 0.492014 0.519142 0.551544 0.603606 0.583398 0.535756 0.494631 0.358707 0.135346 0.051514 0.042056 0.005838 0.007675 0.003412 0.002023 0.005136 0.046982 0.222300 0.429636 0.515739 0.507470 0.449087 0.436677 0.433188 0.357890 0.324687 0.371093
