use_cases/Flooding/flood_case/output/h_3600.asc
ncols 269
nrows 269
xllcorner 0.000000
yllcorner 0.000000
cellsize 10.000000
NODATA_value -9999.000000
[rows 84 to 111 of 269, columns 186 to 247 of 269]
0.437742 0.410695 0.427782 0.470844 0.464277 0.434702 0.318736 0.205938 0.080691 0.043461 0.126913 0.353929 0.465971 0.435087 0.409054 0.393204 0.354257 0.343953 0.354739 0.359763 0.359354 0.177359 0.001037 0.000741 0.000381 0.000443 0.000605 0.031183 0.068555 0.000791 0.000583 0.000320 0.001530 0.043157 0.035017 0.034920 0.000439 0.000336 0.000232 0.000369 0.000483 0.000619 0.000786 0.029894 0.031796 0.006651 0.000799 0.000810 0.000719 0.000611 0.000716 0.000508 0.000456 0.000556 0.000233 0.000221 0.000328 0.000340 0.000221 0.000355 0.000377 0.000222
0.579307 0.591776 0.570969 0.537972 0.445543 0.351111 0.211218 0.007016 0.000498 0.000297 0.000408 0.006735 0.245945 0.397944 0.419998 0.437498 0.391539 0.355986 0.313315 0.316660 0.373287 0.320599 0.190494 0.001189 0.000347 0.011788 0.253691 0.322361 0.195915 0.010205 0.016351 0.025040 0.048610 0.036085 0.000651 0.000466 0.000297 0.000142 0.000338 0.000479 0.000607 0.015083 0.352380 0.220975 0.033169 0.000305 0.000361 0.000646 0.000553 0.000515 0.000447 0.000264 0.000297 0.000370 0.000522 0.000830 0.000734 0.000517 0.000413 0.000631 0.000292 0.000406
0.540376 0.529531 0.475020 0.417199 0.307766 0.212377 0.071433 0.001526 0.000446 0.000385 0.000247 0.000522 0.000781 0.119008 0.135105 0.254258 0.297066 0.114735 0.000754 0.000258 0.201157 0.349162 0.390697 0.375033 0.389653 0.424164 0.433646 0.402623 0.322136 0.055902 0.035319 0.030786 0.000820 0.000675 0.000549 0.000382 0.000142 0.000301 0.000442 0.000716 0.253848 0.544575 0.283276 0.054070 0.093278 0.048839 0.000433 0.000223 0.000293 0.000289 0.000350 0.000488 0.000431 0.000289 0.002354 0.001069 0.000652 0.000662 0.000534 0.000824 0.000259 0.000476
0.353910 0.372875 0.306318 0.195321 0.083770 0.016420 0.002661 0.001981 0.000237 0.000243 0.000258 0.000486 0.000741 0.005210 0.000284 0.000816 0.085390 0.002231 0.000433 0.000230 0.000426 0.076902 0.289833 0.329336 0.318001 0.329533 0.384278 0.391782 0.325478 0.003666 0.000781 0.000727 0.000660 0.000547 0.000747 0.000330 0.000200 0.000379 0.106729 0.558619 0.386506 0.004935 0.000655 0.000305 0.000520 0.050567 0.046378 0.000578 0.000596 0.000595 0.000606 0.000598 0.000482 0.000257 0.002233 0.000905 0.000869 0.000806 0.000675 0.000522 0.000534 0.000636
0.106063 0.102982 0.046598 0.005587 0.002401 0.002541 0.001892 0.002701 0.005293 0.001253 0.000438 0.000640 0.000993 0.004592 0.000341 0.000944 0.009037 0.003240 0.000365 0.000229 0.000356 0.000454 0.000583 0.002137 0.000652 0.000560 0.046563 0.391191 0.278118 0.000560 0.000552 0.000536 0.000495 0.000383 0.000297 0.000142 0.000313 0.121771 0.479557 0.004386 0.001084 0.001232 0.000649 0.000380 0.000443 0.000548 0.100429 0.001068 0.000810 0.000790 0.000727 0.001125 0.000947 0.001151 0.002431 0.001130 0.001035 0.000956 0.000451 0.000635 0.000723 0.003109
0.009067 0.001038 0.001110 0.002419 0.002936 0.001402 0.000771 0.000299 0.002684 0.000694 0.000522 0.000301 0.000762 0.003666 0.000434 0.001130 0.006931 0.004650 0.000230 0.000229 0.000219 0.000324 0.000458 0.001438 0.000475 0.000891 0.001163 0.317771 0.195294 0.000249 0.000261 0.000289 0.000356 0.000199 0.000142 0.000290 0.110520 0.572534 0.060466 0.001565 0.001123 0.001552 0.000895 0.000534 0.000210 0.000633 0.046665 0.009293 0.014314 0.023132 0.056252 0.025241 0.008706 0.013273 0.026883 0.001207 0.000983 0.000651 0.000340 0.000653 0.004802 0.003978
0.005998 0.000650 0.000283 0.000528 0.004913 0.000897 0.000646 0.000323 0.001989 0.000583 0.000437 0.000367 0.000795 0.004010 0.000833 0.001297 0.003340 0.008572 0.003136 0.000354 0.000199 0.000142 0.000348 0.000870 0.000746 0.000999 0.001226 0.055782 0.270812 0.000469 0.000570 0.000397 0.000227 0.000221 0.000319 0.098456 0.547652 0.005241 0.001066 0.001595 0.001473 0.000850 0.000702 0.000517 0.000264 0.000492 0.041346 0.237040 0.063239 0.034155 0.017728 0.095646 0.035546 0.028731 0.019769 0.038118 0.028517 0.001685 0.002252 0.004939 0.005740 0.000879
0.004828 0.000673 0.000335 0.000475 0.003187 0.001149 0.000854 0.000406 0.001384 0.000471 0.000233 0.000503 0.001150 0.002229 0.001172 0.001961 0.004236 0.002746 0.002639 0.005208 0.001682 0.000988 0.000234 0.000642 0.000796 0.000951 0.001161 0.001446 0.241022 0.204000 0.001245 0.000495 0.000363 0.000225 0.098335 0.121494 0.000834 0.000839 0.000853 0.000817 0.001237 0.000709 0.000630 0.000462 0.000220 0.000447 0.000618 0.002734 0.000734 0.000537 0.000235 0.000518 0.007135 0.005036 0.000466 0.000228 0.048750 0.026430 0.007891 0.009089 0.001006 0.000849
0.005196 0.000695 0.000441 0.000344 0.002345 0.000854 0.000728 0.000577 0.000813 0.000433 0.000232 0.000467 0.001080 0.000720 0.002512 0.001734 0.001341 0.002343 0.000514 0.002089 0.000708 0.000544 0.000337 0.000661 0.001152 0.001440 0.001660 0.001397 0.001845 0.268542 0.367538 0.157889 0.201285 0.217419 0.133780 0.000568 0.000587 0.000592 0.000614 0.000620 0.001003 0.000857 0.000540 0.000409 0.000200 0.000407 0.000537 0.001984 0.000677 0.000536 0.000237 0.000505 0.003613 0.009673 0.000654 0.000209 0.000564 0.021794 0.000925 0.002076 0.000869 0.000760
0.003182 0.000671 0.000485 0.000234 0.001693 0.000720 0.000619 0.000482 0.000577 0.000372 0.000229 0.000417 0.000852 0.000606 0.002898 0.000400 0.000540 0.001240 0.000772 0.001356 0.000606 0.000470 0.000341 0.000980 0.000905 0.000880 0.001023 0.000744 0.000734 0.009801 0.021310 0.000718 0.000334 0.074632 0.059709 0.000218 0.000279 0.000259 0.000285 0.000340 0.000445 0.000600 0.000422 0.000336 0.000142 0.000341 0.000427 0.001287 0.000578 0.000535 0.000236 0.000458 0.006688 0.004981 0.000492 0.000281 0.000557 0.030291 0.006483 0.002334 0.000677 0.001023
0.002127 0.000591 0.000437 0.000232 0.001067 0.000558 0.000489 0.000412 0.000233 0.000229 0.000221 0.000333 0.000602 0.000510 0.002303 0.000584 0.000421 0.000218 0.000529 0.001222 0.000495 0.000328 0.000641 0.000913 0.000582 0.000590 0.000573 0.000568 0.000396 0.015927 0.016185 0.000533 0.000240 0.000491 0.094407 0.020327 0.000545 0.000480 0.000600 0.000429 0.000235 0.000234 0.000230 0.000222 0.000202 0.000222 0.000232 0.000471 0.000362 0.000529 0.000233 0.000668 0.008943 0.000881 0.000674 0.000236 0.000820 0.017116 0.005209 0.004868 0.000257 0.000266
0.001313 0.000487 0.000359 0.000229 0.000329 0.000337 0.000267 0.000293 0.000563 0.000364 0.000201 0.000142 0.000301 0.000456 0.001676 0.000495 0.000345 0.000200 0.000539 0.000492 0.000394 0.000455 0.000488 0.000616 0.000323 0.000281 0.000257 0.000246 0.006297 0.031112 0.000889 0.000488 0.000244 0.000453 0.078931 0.574936 0.034522 0.000730 0.000703 0.000580 0.000479 0.000439 0.000372 0.000227 0.000361 0.001128 0.000627 0.000660 0.000564 0.000488 0.000220 0.000485 0.005557 0.000782 0.000504 0.000232 0.000695 0.014024 0.004815 0.006345 0.009784 0.000532
0.000557 0.000353 0.000202 0.000223 0.000425 0.000922 0.001048 0.000651 0.000672 0.000514 0.000396 0.000305 0.000142 0.000342 0.001031 0.000388 0.000201 0.000142 0.000201 0.000222 0.000279 0.000204 0.000226 0.000232 0.000416 0.000580 0.000466 0.000517 0.100573 0.020063 0.000897 0.000643 0.000250 0.000385 0.039767 0.065225 0.035567 0.043500 0.042293 0.000832 0.000805 0.001347 0.001384 0.001861 0.002559 0.005261 0.004657 0.002849 0.001663 0.000761 0.000312 0.000708 0.007057 0.001192 0.000729 0.000217 0.001116 0.012806 0.004078 0.004435 0.006737 0.013096
0.000222 0.000201 0.000142 0.000335 0.000512 0.000866 0.002142 0.000823 0.000691 0.000894 0.000551 0.000448 0.000333 0.000214 0.000305 0.000282 0.000352 0.000200 0.000350 0.000428 0.000641 0.000433 0.000483 0.000504 0.000580 0.000698 0.000727 0.130643 0.018722 0.000755 0.000874 0.000504 0.000253 0.000240 0.066160 0.000538 0.000402 0.000295 0.175123 0.012813 0.011265 0.014496 0.009612 0.008392 0.006618 0.004676 0.002194 0.001334 0.000761 0.000545 0.000295 0.000508 0.003719 0.000928 0.000621 0.000298 0.001158 0.011148 0.001269 0.001043 0.000400 0.005994
0.000426 0.000349 0.000201 0.000411 0.000583 0.000863 0.003114 0.000984 0.000839 0.001350 0.000900 0.000930 0.000744 0.000537 0.000547 0.000500 0.000432 0.000220 0.000432 0.000560 0.000733 0.000732 0.000750 0.000763 0.000801 0.000893 0.033198 0.016483 0.001153 0.000729 0.000560 0.000456 0.000397 0.000449 0.260963 0.000397 0.000234 0.000380 0.037657 0.000839 0.000860 0.000907 0.000913 0.001477 0.001070 0.001027 0.001679 0.001476 0.001211 0.000820 0.000355 0.000427 0.002857 0.000930 0.000628 0.000281 0.001462 0.007642 0.001159 0.000981 0.000566 0.000618
0.000550 0.000428 0.000220 0.000461 0.000645 0.001077 0.004411 0.001440 0.001548 0.001830 0.001263 0.000752 0.000682 0.000700 0.000608 0.000910 0.000559 0.000416 0.000325 0.001264 0.002143 0.002807 0.003356 0.004230 0.005460 0.019938 0.013988 0.001215 0.001239 0.000969 0.000629 0.000236 0.000482 0.001274 0.315390 0.000552 0.000235 0.000232 0.036951 0.000553 0.000570 0.000610 0.000636 0.001089 0.000836 0.000831 0.000785 0.001311 0.000797 0.000636 0.000482 0.000207 0.002042 0.000925 0.000620 0.000322 0.001863 0.009300 0.001696 0.001024 0.000895 0.000394
0.000641 0.000480 0.000229 0.000491 0.000695 0.000844 0.008318 0.005101 0.001587 0.001228 0.000909 0.001333 0.001112 0.001258 0.001522 0.003357 0.003786 0.002568 0.001675 0.000370 0.000496 0.000345 0.000282 0.001025 0.004580 0.009112 0.001090 0.000878 0.001192 0.000716 0.000488 0.000235 0.000416 0.000645 0.137067 0.000366 0.000232 0.000946 0.047059 0.000246 0.000262 0.000295 0.000353 0.000708 0.000614 0.000618 0.000601 0.000923 0.000684 0.000535 0.000432 0.000251 0.001269 0.000913 0.000876 0.000605 0.003570 0.004769 0.001461 0.001386 0.000973 0.000543
0.000847 0.000514 0.000233 0.000511 0.000733 0.023370 0.038374 0.016999 0.024306 0.016791 0.015408 0.022340 0.002286 0.002917 0.003735 0.006897 0.001264 0.000969 0.001078 0.000519 0.000315 0.001235 0.001943 0.002156 0.004483 0.005615 0.000918 0.000712 0.000927 0.000678 0.000450 0.000235 0.000555 0.000610 0.090616 0.000225 0.000221 0.000488 0.057522 0.003429 0.000538 0.000509 0.000440 0.000231 0.000336 0.000358 0.000499 0.000433 0.000600 0.000407 0.000338 0.000197 0.000339 0.000696 0.000542 0.000831 0.004081 0.001270 0.001152 0.001030 0.001489 0.000726
0.000630 0.000369 0.000441 0.000609 0.025624 0.135954 0.000975 0.000887 0.000812 0.000986 0.000519 0.012334 0.073294 0.009887 0.005298 0.001383 0.001171 0.001027 0.000790 0.000411 0.000596 0.000690 0.000839 0.001141 0.005628 0.001323 0.001242 0.000923 0.000562 0.000645 0.000380 0.000234 0.000369 0.000430 0.056372 0.000572 0.000356 0.000436 0.032600 0.003285 0.006039 0.003958 0.003214 0.002410 0.002562 0.000435 0.000229 0.000210 0.000265 0.000219 0.000200 0.000142 0.000202 0.000391 0.000508 0.000796 0.002839 0.001038 0.000919 0.000756 0.001028 0.000600
0.000654 0.000303 0.000526 0.069429 0.027960 0.000913 0.000759 0.000617 0.000813 0.000558 0.000427 0.000219 0.000485 0.005097 0.001853 0.001242 0.000997 0.000994 0.000832 0.000597 0.000256 0.000524 0.000709 0.001108 0.004257 0.000994 0.000820 0.000652 0.000508 0.000377 0.000235 0.000235 0.000233 0.000232 0.054141 0.016222 0.000383 0.000233 0.039966 0.000320 0.000403 0.000801 0.000747 0.000827 0.001366 0.001363 0.000747 0.000509 0.000462 0.000592 0.000432 0.000374 0.000527 0.000292 0.000370 0.000791 0.001807 0.000882 0.000802 0.000651 0.000793 0.000462
0.035180 0.032690 0.045227 0.037740 0.000607 0.000776 0.000615 0.000503 0.000474 0.000441 0.000347 0.000200 0.000445 0.003623 0.001981 0.002032 0.001306 0.000865 0.000790 0.000594 0.000277 0.000491 0.000638 0.001167 0.003083 0.000829 0.000698 0.000538 0.000385 0.000237 0.000236 0.000381 0.000442 0.004435 0.058458 0.161520 0.000229 0.000233 0.030034 0.387838 0.017958 0.000238 0.000242 0.000242 0.000380 0.000428 0.000644 0.000706 0.000631 0.001014 0.000723 0.000732 0.000767 0.000746 0.000549 0.000881 0.000711 0.000731 0.000687 0.000625 0.000538 0.000421
0.002015 0.000683 0.000555 0.000776 0.000468 0.000362 0.000471 0.000226 0.000203 0.000262 0.000200 0.000142 0.000401 0.002133 0.001455 0.001573 0.001679 0.001253 0.000698 0.000592 0.000323 0.000416 0.000539 0.001302 0.001949 0.000663 0.000588 0.000439 0.000253 0.000241 0.000409 0.005343 0.007911 0.004176 0.002938 0.049111 0.000370 0.000237 0.000244 0.015837 0.512295 0.031364 0.001256 0.001742 0.002432 0.005000 0.006505 0.010300 0.024588 0.011382 0.001199 0.001294 0.000985 0.000454 0.000240 0.000348 0.000379 0.000529 0.000505 0.000472 0.000425 0.000351
0.001262 0.000511 0.000391 0.000534 0.000300 0.000142 0.000202 0.000970 0.000511 0.000498 0.000452 0.000409 0.000340 0.000678 0.000972 0.001053 0.000976 0.000929 0.000973 0.000566 0.000432 0.000220 0.000422 0.001617 0.000545 0.000483 0.000483 0.000344 0.000280 0.000401 0.003905 0.105095 0.000464 0.000236 0.000430 0.046201 0.045359 0.000385 0.000260 0.000479 0.000667 0.028954 0.024917 0.027572 0.021085 0.019616 0.019846 0.021540 0.006065 0.009825 0.072807 0.000882 0.000704 0.000624 0.000494 0.000648 0.000445 0.000235 0.000234 0.000229 0.000220 0.000201
0.000444 0.000356 0.000192 0.000250 0.000142 0.000298 0.000384 0.000840 0.001734 0.000724 0.000680 0.000619 0.000865 0.000743 0.000534 0.000842 0.000719 0.000566 0.000689 0.000449 0.000350 0.000201 0.000352 0.001021 0.000352 0.000200 0.000350 0.000469 0.001349 0.002198 0.003286 0.001233 0.000410 0.000243 0.000374 0.000520 0.507937 0.000463 0.000295 0.000381 0.000573 0.000744 0.000548 0.003752 0.000901 0.000785 0.000470 0.001408 0.000426 0.000207 0.012716 0.037088 0.006513 0.000954 0.000771 0.000752 0.000615 0.000531 0.000519 0.000498 0.000448 0.000630
0.000232 0.000227 0.000220 0.000376 0.000405 0.000475 0.005646 0.005490 0.007696 0.009695 0.005881 0.004930 0.006300 0.001304 0.001452 0.000683 0.000589 0.000464 0.000362 0.000273 0.000201 0.000142 0.000202 0.000366 0.000201 0.000142 0.000202 0.000622 0.000774 0.000776 0.000814 0.001546 0.000291 0.000259 0.000243 0.000431 0.118879 0.002132 0.001412 0.000759 0.000482 0.000234 0.000507 0.002904 0.001160 0.000762 0.000709 0.000761 0.000525 0.000254 0.000467 0.007500 0.006794 0.009271 0.007974 0.006619 0.005492 0.003934 0.001948 0.002175 0.002824 0.003194
0.000369 0.000230 0.000363 0.000484 0.000564 0.005735 0.005406 0.004138 0.000416 0.000593 0.000832 0.000399 0.002871 0.001956 0.000617 0.000505 0.000441 0.000261 0.000281 0.000540 0.000292 0.000274 0.000379 0.001038 0.000407 0.000331 0.000221 0.000413 0.000639 0.000459 0.000577 0.000753 0.000365 0.000466 0.000506 0.000361 0.044506 0.000760 0.000648 0.000561 0.000441 0.000234 0.000475 0.001920 0.000841 0.000868 0.001140 0.000597 0.000335 0.000198 0.000400 0.001865 0.000888 0.000933 0.001595 0.001672 0.002260 0.003097 0.005634 0.002682 0.000592 0.000456
0.000437 0.000231 0.000425 0.000575 0.006551 0.006205 0.005452 0.002912 0.000564 0.000427 0.000635 0.000599 0.000830 0.000533 0.000461 0.000277 0.000332 0.000464 0.000759 0.000545 0.000257 0.000401 0.000516 0.002320 0.001369 0.001749 0.001088 0.000551 0.000220 0.000368 0.000440 0.000388 0.000437 0.000589 0.000673 0.041517 0.067926 0.000587 0.000483 0.000447 0.000380 0.000234 0.000430 0.001089 0.000475 0.000383 0.000539 0.000349 0.000199 0.000142 0.000330 0.001054 0.000516 0.000481 0.000679 0.000545 0.000510 0.000476 0.000703 0.000506 0.000432 0.000211
0.000326 0.000410 0.000541 0.008341 0.008036 0.005798 0.002423 0.001508 0.000619 0.000643 0.000330 0.000422 0.000531 0.000332 0.000371 0.000413 0.000274 0.000514 0.001368 0.000377 0.000455 0.000555 0.004702 0.004068 0.002033 0.000603 0.000423 0.000346 0.000202 0.000221 0.000227 0.000445 0.000710 0.000657 0.002952 0.168360 0.000523 0.000443 0.000235 0.000234 0.000234 0.000230 0.000354 0.000385 0.000304 0.000142 0.000201 0.000223 0.000808 0.000331 0.000210 0.000279 0.000234 0.000230 0.000212 0.000277 0.000232 0.000220 0.000309 0.000295 0.000357 0.000476
