use_cases/Flooding/flood_case/output/h_3600.asc
ncols 269
nrows 269
xllcorner 0.000000
yllcorner 0.000000
cellsize 10.000000
NODATA_value -9999.000000
[rows 56 to 83 of 269, columns 62 to 123 of 269]
0.000361 0.000431 0.000992 0.000414 0.000778 0.000217 0.000240 0.000312 0.000221 0.000578 0.000373 0.000210 0.000355 0.000825 0.000440 0.000421 0.000371 0.000452 0.000206 0.000354 0.000982 0.000448 0.000409 0.000628 0.000446 0.000335 0.000270 0.000299 0.000388 0.000382 0.001397 0.000263 0.000378 0.000388 0.000412 0.000380 0.000270 0.000302 0.000394 0.002153 0.000395 0.000404 0.000340 0.000186 0.000237 0.000199 0.000300 0.000374 0.000378 0.000363 0.000497 0.000348 0.000323 0.000262 0.000371 0.000355 0.000391 0.000523 0.001447 0.001630 0.001244 0.001580
0.000340 0.000409 0.000884 0.000262 0.000330 0.001408 0.000314 0.000183 0.000248 0.000208 0.000390 0.000213 0.000332 0.001065 0.000691 0.000383 0.000434 0.000320 0.000188 0.000324 0.000897 0.000436 0.000441 0.000566 0.000480 0.000419 0.000214 0.000328 0.000369 0.000567 0.001181 0.001084 0.000221 0.000254 0.000368 0.000371 0.000523 0.000236 0.000366 0.000804 0.000460 0.000442 0.000411 0.000385 0.000309 0.000204 0.000638 0.000482 0.000609 0.000865 0.001179 0.000785 0.000503 0.000381 0.000332 0.000204 0.000330 0.000504 0.000367 0.000997 0.000460 0.000426
0.000255 0.000370 0.000790 0.000376 0.000220 0.000359 0.002154 0.000952 0.001216 0.000748 0.000621 0.000225 0.000270 0.000375 0.000807 0.000472 0.000728 0.000443 0.000241 0.000465 0.001283 0.000378 0.000567 0.000362 0.000478 0.000313 0.000219 0.000535 0.000573 0.000510 0.000496 0.001312 0.000963 0.000727 0.000542 0.000607 0.000356 0.000207 0.000343 0.000465 0.001888 0.000452 0.000396 0.000314 0.000238 0.001013 0.001255 0.001114 0.000843 0.000256 0.000351 0.000466 0.000378 0.000313 0.000488 0.000190 0.000294 0.000428 0.000348 0.000856 0.000410 0.000380
0.000365 0.000351 0.000553 0.000377 0.000247 0.000334 0.000553 0.000821 0.000434 0.000375 0.000751 0.000962 0.000418 0.000360 0.000509 0.000355 0.000526 0.000350 0.000209 0.000415 0.000929 0.000381 0.000500 0.000375 0.000313 0.000209 0.000403 0.000553 0.000366 0.000415 0.000452 0.000922 0.000763 0.000371 0.000510 0.000407 0.000353 0.000192 0.000521 0.000527 0.000415 0.001975 0.000502 0.000628 0.001310 0.001076 0.000396 0.000663 0.000614 0.000795 0.000542 0.000380 0.000645 0.000416 0.000291 0.000139 0.000192 0.000287 0.000329 0.000668 0.000344 0.000308
0.000240 0.000309 0.000446 0.000369 0.000335 0.000249 0.000733 0.000421 0.000424 0.000219 0.000357 0.000952 0.000404 0.000363 0.000390 0.000338 0.000431 0.000314 0.000209 0.000506 0.000790 0.000406 0.000317 0.000291 0.000206 0.000210 0.000295 0.000429 0.000333 0.000357 0.000422 0.000418 0.001236 0.000604 0.000411 0.000377 0.000337 0.000240 0.000592 0.000285 0.000429 0.000623 0.002675 0.000948 0.000550 0.000503 0.000498 0.000555 0.000420 0.000529 0.000455 0.000450 0.000417 0.000207 0.000207 0.000391 0.000290 0.000139 0.000191 0.000322 0.000211 0.000211
0.000323 0.000205 0.000185 0.000256 0.000249 0.000352 0.000501 0.000336 0.000505 0.000240 0.000318 0.000831 0.000691 0.000504 0.000660 0.000325 0.000210 0.000208 0.000206 0.000716 0.000414 0.000380 0.000341 0.000139 0.000192 0.000489 0.000139 0.000192 0.000312 0.000421 0.000389 0.000564 0.001124 0.000551 0.000583 0.000539 0.000416 0.000211 0.000333 0.000439 0.000678 0.000809 0.000563 0.000439 0.000606 0.000459 0.000397 0.000483 0.000418 0.000436 0.000378 0.000353 0.000325 0.000310 0.000205 0.000637 0.000334 0.000191 0.000305 0.000604 0.000208 0.000555
0.000921 0.000828 0.000787 0.001211 0.000695 0.000346 0.000344 0.000299 0.000445 0.000305 0.000192 0.000341 0.000646 0.000392 0.000467 0.000595 0.001082 0.000649 0.000388 0.000475 0.000333 0.000272 0.000139 0.000342 0.000356 0.000465 0.000647 0.000312 0.000211 0.000216 0.000430 0.000507 0.000833 0.000458 0.000371 0.000458 0.000347 0.000208 0.000395 0.000658 0.000800 0.000209 0.000662 0.000221 0.000781 0.000697 0.000397 0.000356 0.000331 0.000426 0.000276 0.000224 0.000139 0.000327 0.000349 0.000827 0.000354 0.000204 0.000415 0.000593 0.000440 0.000833
0.000425 0.000365 0.000459 0.000545 0.000478 0.000452 0.000204 0.000182 0.000244 0.000192 0.000139 0.000300 0.000206 0.000189 0.000281 0.000313 0.000442 0.000335 0.000268 0.000253 0.000192 0.000139 0.000444 0.000287 0.000473 0.000865 0.000535 0.000394 0.000324 0.000247 0.000359 0.000540 0.000472 0.000452 0.000469 0.000377 0.000327 0.000203 0.000333 0.000767 0.000490 0.000209 0.000557 0.000255 0.000372 0.000867 0.000350 0.000218 0.000240 0.000311 0.000210 0.000215 0.000289 0.000602 0.000256 0.000922 0.000404 0.000326 0.000404 0.000267 0.000464 0.001164
0.000410 0.000363 0.000384 0.000309 0.000437 0.000340 0.000342 0.000293 0.000444 0.000297 0.000451 0.000399 0.000365 0.000354 0.000337 0.000210 0.000209 0.000206 0.000194 0.000334 0.000272 0.000383 0.000365 0.000387 0.000375 0.001016 0.000541 0.000561 0.001045 0.000376 0.000365 0.000375 0.000459 0.000378 0.000395 0.000330 0.000293 0.000190 0.000296 0.000487 0.000655 0.000208 0.000345 0.000363 0.000364 0.000734 0.000374 0.000887 0.000693 0.000503 0.000484 0.000211 0.000338 0.000799 0.000341 0.002035 0.000474 0.000209 0.000747 0.000255 0.000341 0.000815
0.000733 0.000494 0.000316 0.000206 0.000192 0.000139 0.000340 0.000383 0.000454 0.000711 0.000397 0.000571 0.000446 0.000442 0.000440 0.000445 0.000315 0.000209 0.000310 0.000389 0.000486 0.000301 0.000397 0.000431 0.000442 0.001124 0.000514 0.000496 0.000729 0.000773 0.000502 0.000353 0.000322 0.000225 0.000357 0.000203 0.000190 0.000139 0.000192 0.000590 0.000306 0.000208 0.000315 0.000239 0.000218 0.000392 0.000368 0.000253 0.000336 0.000190 0.000139 0.000287 0.000889 0.000831 0.000205 0.000192 0.000317 0.000626 0.000423 0.000190 0.000351 0.001073
0.000438 0.000327 0.000218 0.000413 0.000306 0.000192 0.000354 0.000420 0.000468 0.000915 0.000409 0.000705 0.000631 0.000832 0.000539 0.000344 0.000351 0.000210 0.000350 0.000420 0.000482 0.000694 0.000305 0.000499 0.001283 0.001355 0.000954 0.000809 0.000426 0.000382 0.000332 0.000217 0.000225 0.000367 0.000243 0.000313 0.000435 0.000397 0.000765 0.000327 0.000191 0.000204 0.000209 0.000316 0.000347 0.000985 0.000815 0.000590 0.000309 0.000205 0.000282 0.000355 0.001943 0.000234 0.000291 0.000139 0.000490 0.000842 0.000909 0.000206 0.000603 0.000392
0.000219 0.000244 0.000326 0.000522 0.000348 0.000206 0.000364 0.000434 0.000476 0.001155 0.000724 0.001117 0.000888 0.000422 0.000363 0.000374 0.000254 0.000327 0.000402 0.000449 0.000834 0.000500 0.000196 0.000325 0.002260 0.000357 0.000324 0.000453 0.000355 0.000304 0.000282 0.000333 0.000443 0.000424 0.000216 0.000842 0.000807 0.000616 0.000330 0.000273 0.000139 0.000366 0.000446 0.000504 0.001104 0.000668 0.000383 0.000305 0.000210 0.000209 0.000365 0.000781 0.000246 0.000316 0.000419 0.000269 0.000139 0.000189 0.000778 0.000416 0.000795 0.000249
0.000359 0.000333 0.000241 0.000726 0.000364 0.000210 0.000368 0.000438 0.000480 0.002759 0.000847 0.000375 0.000495 0.000401 0.000466 0.000307 0.000356 0.000506 0.000373 0.000680 0.000932 0.000337 0.000346 0.000675 0.000331 0.000207 0.000190 0.000247 0.000223 0.000256 0.000349 0.000489 0.000436 0.000388 0.000454 0.000729 0.000207 0.000204 0.000191 0.000139 0.000270 0.000305 0.000334 0.000361 0.000951 0.000511 0.000338 0.000207 0.000209 0.000308 0.000348 0.000732 0.000217 0.000632 0.000434 0.000377 0.000190 0.000296 0.000421 0.000516 0.001211 0.000216
0.000391 0.000303 0.000278 0.000530 0.000570 0.000323 0.000400 0.000450 0.001609 0.000368 0.000364 0.000363 0.000315 0.000211 0.000224 0.000284 0.000466 0.000508 0.000869 0.000640 0.000439 0.000200 0.001013 0.000615 0.000260 0.000365 0.000352 0.000330 0.000440 0.000355 0.000570 0.000598 0.000493 0.000300 0.000638 0.000449 0.000350 0.000332 0.000281 0.000353 0.000228 0.000344 0.000386 0.000413 0.001234 0.000637 0.000306 0.000210 0.000309 0.000368 0.000417 0.000865 0.000208 0.000787 0.000416 0.000313 0.000203 0.000421 0.000359 0.000388 0.000821 0.000211
0.000265 0.000359 0.000681 0.000454 0.000327 0.000379 0.000428 0.000887 0.000210 0.000205 0.000186 0.000243 0.000209 0.000211 0.000318 0.000374 0.000374 0.000864 0.000613 0.000371 0.000271 0.000325 0.000738 0.000350 0.000494 0.000436 0.000426 0.000420 0.000429 0.000683 0.000769 0.000385 0.000320 0.000202 0.000809 0.000426 0.000346 0.000246 0.000597 0.000395 0.000214 0.000347 0.000398 0.001079 0.001015 0.000206 0.000208 0.000208 0.000341 0.000448 0.000545 0.001078 0.000404 0.000683 0.000441 0.000406 0.000231 0.000609 0.000249 0.000494 0.000567 0.000415
0.000225 0.000369 0.000542 0.000763 0.000277 0.000388 0.000780 0.000497 0.000354 0.000317 0.000432 0.000361 0.000315 0.000210 0.000426 0.000524 0.000480 0.001050 0.000498 0.000367 0.000224 0.000728 0.000617 0.000579 0.001282 0.000904 0.001381 0.000954 0.000861 0.000761 0.000273 0.000405 0.000342 0.000209 0.000572 0.000979 0.000349 0.000220 0.000726 0.000333 0.000211 0.000404 0.000476 0.001116 0.000237 0.000301 0.000207 0.000303 0.000445 0.000346 0.000380 0.001429 0.000917 0.000806 0.000462 0.000236 0.000291 0.000820 0.000218 0.000631 0.000255 0.000380
0.000410 0.000521 0.000615 0.000883 0.000384 0.000423 0.002167 0.000477 0.000390 0.000552 0.000563 0.000412 0.000351 0.000211 0.000312 0.000365 0.000455 0.002847 0.001134 0.001237 0.001189 0.001275 0.001066 0.000824 0.000418 0.000344 0.000436 0.000325 0.000215 0.000230 0.000451 0.000382 0.000248 0.000320 0.000566 0.000930 0.000372 0.000540 0.000578 0.000367 0.000234 0.000344 0.000386 0.001570 0.000558 0.000331 0.000208 0.000394 0.000603 0.000405 0.000421 0.002650 0.000310 0.000208 0.000232 0.000323 0.000377 0.000530 0.000782 0.000548 0.000220 0.015196
0.000307 0.000454 0.000349 0.000478 0.000444 0.001798 0.000499 0.000999 0.000505 0.000591 0.000423 0.000515 0.000366 0.000211 0.000350 0.000414 0.001558 0.000375 0.000380 0.000595 0.000549 0.000514 0.000481 0.000435 0.000370 0.000297 0.000220 0.000243 0.000316 0.000212 0.000720 0.000470 0.000253 0.000368 0.000395 0.001294 0.001047 0.001020 0.000789 0.000426 0.000195 0.000356 0.000828 0.000647 0.000273 0.000417 0.000232 0.000329 0.000433 0.000447 0.000753 0.000301 0.000239 0.000309 0.000213 0.000413 0.000358 0.000980 0.000798 0.000260 0.000313 0.039130
0.000378 0.000563 0.000368 0.002113 0.000819 0.000439 0.000383 0.000212 0.001866 0.000399 0.000416 0.000338 0.000259 0.000328 0.000398 0.000694 0.000221 0.000258 0.000396 0.000398 0.000586 0.000529 0.000479 0.000407 0.000282 0.000139 0.000299 0.000620 0.000349 0.000210 0.000511 0.000495 0.000285 0.000394 0.000435 0.001452 0.000284 0.000259 0.000241 0.000325 0.000209 0.000360 0.001064 0.000582 0.000351 0.000313 0.000194 0.000345 0.000435 0.000991 0.000779 0.000139 0.000478 0.000232 0.000518 0.000283 0.000774 0.000728 0.000139 0.000294 0.013298 0.044371
0.000429 0.002274 0.000845 0.000486 0.000444 0.000417 0.000398 0.000212 0.000677 0.000446 0.000421 0.000359 0.000223 0.000357 0.001129 0.001175 0.000940 0.000749 0.000622 0.000445 0.000382 0.000556 0.000493 0.000415 0.000397 0.000192 0.000338 0.000817 0.000362 0.000211 0.000419 0.000480 0.000674 0.000303 0.001010 0.000605 0.000226 0.000435 0.000328 0.000248 0.000323 0.000406 0.001410 0.000366 0.000351 0.000244 0.000316 0.000384 0.000445 0.002003 0.000202 0.000190 0.000408 0.000377 0.001039 0.000938 0.000903 0.000405 0.000189 0.011568 0.013280 0.000264
0.000880 0.000407 0.000541 0.000499 0.000411 0.000354 0.000434 0.000216 0.000360 0.002340 0.001171 0.000368 0.000215 0.002208 0.001161 0.000427 0.000575 0.000489 0.000461 0.000439 0.000403 0.000335 0.000517 0.000320 0.000241 0.000318 0.000393 0.000613 0.000788 0.000330 0.000274 0.000495 0.000843 0.000200 0.000780 0.000544 0.000327 0.000521 0.000353 0.000221 0.000426 0.000541 0.001017 0.000427 0.000414 0.000510 0.000249 0.000384 0.000693 0.000208 0.000208 0.000304 0.000415 0.001060 0.001010 0.000323 0.000219 0.000262 0.000313 0.010505 0.000189 0.000139
0.000593 0.000443 0.000383 0.000571 0.000367 0.000382 0.000284 0.000230 0.000348 0.000456 0.001229 0.001268 0.000741 0.000468 0.000464 0.000470 0.000502 0.000458 0.000436 0.000402 0.000356 0.000274 0.000405 0.000201 0.000311 0.000648 0.000857 0.001103 0.002224 0.000639 0.000227 0.000341 0.000707 0.000352 0.000890 0.000374 0.000370 0.000588 0.000420 0.000388 0.000229 0.000346 0.001053 0.000425 0.000366 0.000371 0.000253 0.000385 0.000879 0.000322 0.000242 0.000425 0.000557 0.001404 0.000218 0.000243 0.000324 0.000223 0.000610 0.008220 0.000305 0.000219
0.000562 0.000444 0.000365 0.000572 0.000482 0.000610 0.000265 0.000440 0.000533 0.000500 0.000498 0.001039 0.000447 0.000425 0.000419 0.000413 0.000530 0.000424 0.000392 0.000332 0.000273 0.000139 0.000232 0.000178 0.000202 0.000323 0.000357 0.000450 0.000317 0.000756 0.001106 0.000525 0.000585 0.000870 0.000635 0.000429 0.000406 0.000648 0.000504 0.000311 0.000216 0.000361 0.000990 0.001016 0.000414 0.000369 0.000194 0.000436 0.001286 0.000341 0.000186 0.000312 0.000725 0.000623 0.000368 0.000373 0.000371 0.000255 0.000322 0.005088 0.000331 0.000182
0.000489 0.000472 0.000566 0.000459 0.000452 0.000408 0.000267 0.000342 0.000396 0.000439 0.000460 0.000889 0.000394 0.000348 0.000331 0.000459 0.000369 0.000354 0.000317 0.000192 0.000139 0.000275 0.000442 0.000292 0.000339 0.000249 0.000221 0.000248 0.000187 0.000317 0.000392 0.000731 0.000739 0.001156 0.000476 0.000587 0.000515 0.000615 0.000384 0.000389 0.000328 0.000256 0.000219 0.001239 0.000430 0.000368 0.000208 0.000320 0.000867 0.000354 0.000205 0.000346 0.000930 0.000508 0.000427 0.000412 0.000362 0.000182 0.000200 0.002160 0.000992 0.000305
0.000249 0.000328 0.000470 0.000429 0.000454 0.000452 0.000399 0.000253 0.000327 0.000400 0.000427 0.000659 0.000311 0.000183 0.000252 0.000213 0.000213 0.000218 0.000239 0.000308 0.000192 0.000548 0.000395 0.000399 0.000413 0.000471 0.000325 0.000444 0.000311 0.000243 0.000336 0.000250 0.000392 0.001354 0.000884 0.001248 0.000704 0.000361 0.000264 0.000654 0.000357 0.000222 0.000318 0.000573 0.000799 0.000380 0.000243 0.000441 0.000935 0.000255 0.000308 0.000872 0.007822 0.000480 0.000451 0.000424 0.000362 0.000201 0.000306 0.000562 0.001261 0.000345
0.000326 0.000220 0.000246 0.000333 0.000416 0.000456 0.000425 0.000347 0.000210 0.000351 0.000371 0.000259 0.000224 0.000313 0.000662 0.000375 0.000371 0.000370 0.000369 0.000349 0.000206 0.000339 0.000502 0.000469 0.000550 0.000742 0.000408 0.000552 0.000356 0.000371 0.000257 0.000337 0.000409 0.002311 0.000347 0.000318 0.000249 0.000372 0.000376 0.001052 0.000420 0.000386 0.000436 0.000311 0.001170 0.000440 0.000189 0.000315 0.000958 0.145873 0.341751 0.441939 0.385756 0.071818 0.000756 0.000274 0.000522 0.015371 0.000352 0.000271 0.000922 0.000443
0.000877 0.000365 0.000350 0.000292 0.000278 0.000433 0.000408 0.000295 0.000206 0.000314 0.000241 0.000338 0.000364 0.000403 0.000917 0.000457 0.000473 0.000522 0.000429 0.000400 0.000325 0.000250 0.000398 0.000537 0.000448 0.000559 0.000432 0.000756 0.000250 0.000377 0.000377 0.000403 0.000717 0.000208 0.000204 0.000192 0.000332 0.000405 0.000456 0.000644 0.001236 0.000457 0.000320 0.000233 0.003427 0.000320 0.000206 0.000352 0.146525 0.543034 0.606700 0.570124 0.543072 0.533570 0.415599 0.329069 0.478470 0.510188 0.202563 0.002327 0.111961 0.000319
0.000819 0.001090 0.000979 0.000908 0.000697 0.000371 0.000409 0.000383 0.000192 0.000205 0.000419 0.001016 0.000757 0.000912 0.001694 0.000467 0.000437 0.000343 0.000277 0.000681 0.000370 0.000256 0.000322 0.000371 0.000444 0.000621 0.000334 0.000808 0.000220 0.000371 0.000410 0.000734 0.233482 0.000298 0.000339 0.000139 0.000273 0.000646 0.079323 0.314791 0.312919 0.295072 0.197711 0.182341 0.352493 0.107608 0.048806 0.093688 0.415364 0.629881 0.607665 0.493600 0.483656 0.524106 0.554934 0.537100 0.454440 0.385558 0.475996 0.418662 0.280025 0.029310
