use_cases/Flooding/flood_case/output/h_4500.asc
ncols 269
nrows 269
xllcorner 0.000000
yllcorner 0.000000
cellsize 10.000000
NODATA_value -9999.000000
[rows 112 to 139 of 269, columns 124 to 185 of 269]
0.000366 0.000426 0.000477 0.001156 0.000291 0.000356 0.000445 0.000997 0.000307 0.001822 0.000695 0.000420 0.000391 0.000218 0.001339 0.001103 0.000413 0.000381 0.000325 0.000195 0.000319 0.000255 0.000233 0.000476 0.000392 0.003056 0.003333 0.000273 0.000533 0.000686 0.001196 0.007174 0.000714 0.000368 0.000217 0.000379 0.000459 0.000532 0.012054 0.000535 0.000322 0.000389 0.089082 0.241368 0.130853 0.007197 0.003372 0.000516 0.000456 0.000730 0.000321 0.000381 0.000465 0.000545 0.002019 0.001763 0.001121 0.000335 0.000422 0.001803 0.000881 0.000365
0.000911 0.000301 0.001174 0.000947 0.000248 0.000446 0.001348 0.001146 0.000850 0.001638 0.000544 0.000527 0.000287 0.000364 0.001897 0.000811 0.000217 0.000212 0.000196 0.000141 0.000193 0.000743 0.001141 0.001641 0.002537 0.002917 0.000431 0.000351 0.000579 0.000671 0.000990 0.003935 0.000573 0.000487 0.000211 0.000334 0.000382 0.000420 0.011535 0.000540 0.000465 0.000242 0.000400 0.067181 0.219195 0.231650 0.228662 0.140619 0.000937 0.000627 0.000261 0.001158 0.001045 0.001224 0.001674 0.000987 0.000496 0.000516 0.000569 0.002733 0.000824 0.000525
0.001684 0.000923 0.001861 0.000650 0.000232 0.000395 0.002019 0.001123 0.001832 0.001953 0.000527 0.000283 0.000394 0.002932 0.002705 0.001243 0.000414 0.000386 0.000326 0.000196 0.000427 0.000478 0.000533 0.000601 0.001283 0.000683 0.000300 0.000505 0.000604 0.000961 0.001104 0.003273 0.000493 0.000361 0.000195 0.000209 0.000215 0.000221 0.017663 0.000788 0.000472 0.000276 0.000341 0.000420 0.000485 0.002532 0.114273 0.241360 0.143229 0.089880 0.114492 0.069672 0.076102 0.053281 0.046153 0.021601 0.035725 0.060975 0.056613 0.053367 0.060714 0.038724
0.001297 0.001870 0.020296 0.003210 0.000226 0.000431 0.004858 0.002579 0.002018 0.000397 0.000407 0.000450 0.003537 0.003258 0.000506 0.000527 0.000527 0.000478 0.000385 0.000211 0.000321 0.000354 0.000422 0.000499 0.000538 0.000807 0.000542 0.000720 0.000869 0.000878 0.001067 0.002668 0.000438 0.000300 0.000141 0.000298 0.000366 0.013038 0.010658 0.000618 0.000477 0.000367 0.000193 0.000310 0.000362 0.000403 0.000593 0.136574 0.034826 0.000359 0.019234 0.000946 0.001476 0.001595 0.000384 0.013592 0.052722 0.008963 0.002102 0.000911 0.000469 0.000226
0.000334 0.000271 0.000237 0.003602 0.000222 0.002798 0.002641 0.000208 0.000192 0.000141 0.000313 0.005164 0.003654 0.000395 0.000265 0.000335 0.000518 0.000322 0.000454 0.000814 0.000363 0.000141 0.000308 0.000415 0.000403 0.000565 0.000415 0.000543 0.000643 0.000754 0.001077 0.001984 0.000374 0.000194 0.000302 0.000394 0.009237 0.009990 0.000702 0.000599 0.000405 0.000305 0.000141 0.000194 0.000211 0.000217 0.000261 0.051232 0.000396 0.000247 0.000422 0.000963 0.000378 0.002223 0.000599 0.000659 0.002200 0.001867 0.002798 0.001092 0.000460 0.000224
0.000507 0.000490 0.000456 0.002272 0.146509 0.002403 0.001625 0.000371 0.000314 0.000192 0.002659 0.002611 0.000257 0.000314 0.000453 0.000434 0.000338 0.000430 0.001216 0.000757 0.000509 0.000197 0.000212 0.000322 0.000141 0.000287 0.000354 0.000503 0.000615 0.000697 0.001142 0.001852 0.000326 0.000141 0.000335 0.000459 0.009557 0.000680 0.000622 0.000619 0.000526 0.000196 0.000302 0.000359 0.000392 0.000420 0.004261 0.033144 0.000550 0.000281 0.000359 0.000469 0.000574 0.002171 0.000320 0.000522 0.000434 0.000696 0.005068 0.001974 0.000447 0.000222
0.000331 0.000467 0.008201 1.054515 0.443309 0.029924 0.017249 0.001582 0.000366 0.000208 0.036333 0.001804 0.000455 0.000435 0.000633 0.000448 0.000265 0.001705 0.001474 0.001092 0.000359 0.000212 0.000332 0.000785 0.000285 0.000141 0.000196 0.000482 0.000562 0.000930 0.001748 0.000477 0.000256 0.000322 0.000425 0.035802 0.008997 0.000579 0.000448 0.000550 0.000426 0.000141 0.000344 0.000441 0.000509 0.002662 0.045145 0.045289 0.000415 0.000377 0.000217 0.000385 0.000496 0.001805 0.000446 0.000221 0.000437 0.000572 0.002500 0.002312 0.000441 0.000220
0.000694 0.008220 0.949362 0.016598 0.000482 0.000234 0.014681 0.363951 0.013210 0.016489 0.014878 0.012709 0.018724 0.009880 0.008995 0.000724 0.001380 0.001647 0.000733 0.000238 0.000275 0.000359 0.000442 0.002177 0.001569 0.000679 0.000637 0.000523 0.000769 0.000831 0.000511 0.000498 0.000323 0.003546 0.004483 0.007775 0.002300 0.000545 0.000439 0.000221 0.000442 0.000943 0.001513 0.002555 0.003228 0.002412 0.024422 0.029699 0.000262 0.000331 0.000216 0.000332 0.000423 0.001442 0.000435 0.000220 0.000426 0.000542 0.000648 0.003134 0.000418 0.000207
0.000864 0.345488 0.014213 0.000625 0.000525 0.000247 0.000399 0.004097 0.001659 0.000517 0.000475 0.000289 0.002790 0.002741 0.510663 0.153972 0.001239 0.000927 0.000636 0.000354 0.000239 0.003600 0.039266 0.003093 0.001329 0.002681 0.000760 0.000397 0.000597 0.000388 0.000418 0.000293 0.004399 0.003450 0.001694 0.004068 0.003329 0.000493 0.000430 0.000220 0.000427 0.000546 0.000824 0.001622 0.001080 0.001002 0.001211 0.043035 0.000351 0.000217 0.000217 0.000218 0.000330 0.001084 0.000425 0.000220 0.000410 0.000478 0.000567 0.003763 0.000530 0.000277
0.060609 0.018420 0.000736 0.000640 0.000596 0.000401 0.000473 0.002576 0.002393 0.000449 0.000466 0.000403 0.000537 0.000218 0.000426 0.141401 0.008674 0.007324 0.006754 0.008215 0.010406 0.004241 0.000806 0.000654 0.000587 0.000986 0.000894 0.000494 0.000329 0.000278 0.000237 0.003920 0.004352 0.000245 0.000350 0.000549 0.006983 0.000708 0.000394 0.000217 0.000415 0.000494 0.000905 0.001685 0.000860 0.000734 0.000740 0.060251 0.000464 0.000373 0.000329 0.000221 0.000222 0.000723 0.000418 0.000218 0.000382 0.000564 0.000717 0.002553 0.000660 0.000274
0.000598 0.000584 0.000752 0.000551 0.000625 0.000555 0.000260 0.000421 0.004698 0.000268 0.000357 0.000394 0.000339 0.000214 0.000421 0.001855 0.002696 0.001319 0.001927 0.004600 0.002531 0.000979 0.000819 0.000913 0.000767 0.001006 0.001070 0.000453 0.000258 0.000554 0.001029 0.043737 0.000370 0.000287 0.000239 0.000543 0.004760 0.000597 0.000530 0.000201 0.000383 0.000696 0.001579 0.001713 0.000302 0.000434 0.000598 0.031082 0.010579 0.007279 0.000414 0.000330 0.000226 0.000230 0.000411 0.000218 0.000331 0.000418 0.000509 0.002071 0.000628 0.000485
0.000464 0.000479 0.000695 0.000671 0.000581 0.000633 0.000309 0.000371 0.003386 0.003121 0.000300 0.000218 0.000212 0.000196 0.000393 0.002620 0.000564 0.000424 0.000222 0.000443 0.003486 0.001014 0.000599 0.000590 0.000583 0.000541 0.000895 0.000420 0.000197 0.000443 0.000579 0.002442 0.000239 0.000377 0.000904 0.000988 0.004364 0.000532 0.000441 0.000254 0.000527 0.000603 0.001746 0.000223 0.000417 0.000608 0.000626 0.016842 0.004829 0.007510 0.012524 0.000441 0.000386 0.000343 0.000219 0.000219 0.000215 0.000322 0.000429 0.001588 0.000589 0.000397
0.000280 0.000276 0.000247 0.000283 0.000358 0.000746 0.000575 0.000219 0.000507 0.088636 0.001728 0.001271 0.000814 0.000264 0.000572 0.003340 0.000793 0.000386 0.000222 0.000434 0.002929 0.001291 0.000461 0.000464 0.000473 0.000472 0.000779 0.000387 0.000260 0.000445 0.000562 0.003104 0.000260 0.000491 0.000556 0.000620 0.003918 0.000500 0.000413 0.000221 0.000405 0.000516 0.001380 0.000226 0.000393 0.000468 0.000520 0.014680 0.000504 0.000275 0.010757 0.083543 0.000484 0.000432 0.000338 0.000405 0.000211 0.000194 0.000357 0.001675 0.000861 0.000348
0.000141 0.002540 0.002234 0.001842 0.001227 0.000988 0.000545 0.000307 0.000721 0.001878 0.000657 0.000574 0.000435 0.000222 0.000438 0.001746 0.000744 0.000522 0.000222 0.000419 0.002118 0.001827 0.000229 0.000244 0.000285 0.000392 0.000627 0.000507 0.000228 0.000413 0.000528 0.001935 0.000470 0.000303 0.000482 0.000928 0.003550 0.000459 0.000373 0.000221 0.000362 0.000696 0.001047 0.000243 0.000355 0.000396 0.000421 0.014640 0.000783 0.000341 0.000219 0.010575 0.010853 0.000511 0.000611 0.000556 0.000304 0.000141 0.000307 0.000366 0.000916 0.000487
0.003035 0.002899 0.000641 0.000859 0.000718 0.000665 0.000574 0.000339 0.000708 0.001286 0.000563 0.000540 0.000416 0.000220 0.000422 0.001227 0.000806 0.000424 0.000223 0.000390 0.000632 0.003969 0.000442 0.000419 0.000375 0.000237 0.000268 0.000358 0.000237 0.000363 0.000463 0.001524 0.000261 0.000591 0.000807 0.000845 0.004920 0.000752 0.000517 0.000218 0.000453 0.000613 0.000406 0.000290 0.000246 0.000228 0.000224 0.013896 0.000782 0.000406 0.000217 0.000382 0.010535 0.010552 0.000602 0.000437 0.000401 0.000310 0.000217 0.000205 0.000313 0.000338
0.003583 0.000725 0.000806 0.000683 0.000660 0.000618 0.000591 0.000636 0.001034 0.000649 0.000674 0.000488 0.000385 0.000218 0.000394 0.000484 0.000991 0.000405 0.000230 0.000333 0.000463 0.002329 0.001976 0.001154 0.000645 0.000414 0.000367 0.000236 0.000266 0.000450 0.000609 0.001199 0.000318 0.000518 0.000615 0.000718 0.002390 0.000524 0.000398 0.000211 0.000325 0.000376 0.000517 0.001118 0.001017 0.001254 0.001435 0.019061 0.000973 0.000216 0.000219 0.000338 0.000423 0.010260 0.010083 0.000533 0.000445 0.000535 0.000407 0.000391 0.000339 0.000233
0.000504 0.000483 0.000526 0.000593 0.000615 0.000860 0.000682 0.000479 0.000639 0.000505 0.000482 0.000413 0.000325 0.000215 0.000339 0.000392 0.000421 0.000354 0.000248 0.000189 0.000405 0.000455 0.001080 0.000512 0.000449 0.000651 0.000476 0.000400 0.000344 0.000218 0.000386 0.000701 0.000457 0.000516 0.000574 0.000647 0.001798 0.000480 0.000365 0.000196 0.000211 0.000216 0.000218 0.000247 0.000202 0.000217 0.000221 0.019549 0.002218 0.000590 0.000219 0.000225 0.000332 0.000435 0.028754 0.009458 0.007796 0.008688 0.000520 0.000446 0.000530 0.000357
0.000224 0.000228 0.000229 0.000333 0.000412 0.000398 0.000511 0.000426 0.000411 0.000391 0.000381 0.000300 0.000182 0.000209 0.000216 0.000220 0.000221 0.000402 0.000773 0.000211 0.000384 0.000299 0.000417 0.000360 0.000556 0.000838 0.000529 0.000411 0.000216 0.000216 0.000332 0.000550 0.000375 0.000411 0.000503 0.000559 0.001312 0.000417 0.000314 0.000140 0.000384 0.000331 0.000394 0.000499 0.000392 0.000421 0.009277 0.012017 0.002992 0.000770 0.000962 0.000407 0.000211 0.000347 0.002547 0.002623 0.003630 0.006051 0.065280 0.008894 0.005624 0.000528
0.002462 0.001812 0.001293 0.001127 0.000494 0.000202 0.000246 0.000216 0.000209 0.000186 0.000234 0.000140 0.000241 0.000463 0.000340 0.000399 0.000422 0.000501 0.001266 0.000430 0.000414 0.000513 0.000238 0.000272 0.000517 0.001424 0.000582 0.000463 0.000337 0.000213 0.000196 0.000329 0.000260 0.000236 0.000453 0.000461 0.000866 0.000328 0.000220 0.000306 0.000435 0.000573 0.000459 0.000558 0.000737 0.004986 0.009802 0.003224 0.004779 0.000219 0.000215 0.000209 0.000195 0.000432 0.000530 0.002319 0.000454 0.000240 0.000889 0.004969 0.005317 0.009669
0.001318 0.000824 0.000662 0.000444 0.000299 0.000391 0.000493 0.000379 0.000326 0.000208 0.000344 0.000365 0.000851 0.000467 0.000263 0.000434 0.000510 0.000583 0.001761 0.000562 0.000528 0.000476 0.000224 0.000364 0.001212 0.001512 0.000641 0.000528 0.000421 0.000311 0.000140 0.000196 0.000352 0.000409 0.000464 0.000260 0.000325 0.000195 0.000400 0.000741 0.001068 0.001528 0.001332 0.000834 0.000694 0.005385 0.005481 0.000265 0.009853 0.006772 0.000369 0.000303 0.000141 0.000303 0.000339 0.001259 0.000647 0.000391 0.001112 0.000432 0.000236 0.007993
0.000521 0.000810 0.000735 0.000767 0.000847 0.000497 0.000647 0.000456 0.000382 0.000244 0.000403 0.000473 0.001356 0.000563 0.000236 0.000446 0.000970 0.000860 0.002472 0.000813 0.000670 0.000463 0.000221 0.000404 0.003312 0.002510 0.001454 0.000777 0.000499 0.000409 0.000308 0.000211 0.000390 0.000487 0.001017 0.000346 0.000194 0.000140 0.000194 0.000209 0.000216 0.000383 0.001525 0.002488 0.001509 0.008117 0.000635 0.000327 0.000384 0.006823 0.006544 0.000393 0.000295 0.000197 0.000141 0.000772 0.000520 0.000518 0.001023 0.000386 0.000259 0.007543
0.000615 0.000462 0.000488 0.000523 0.000562 0.000566 0.000792 0.000506 0.000401 0.000196 0.000414 0.001536 0.001218 0.000395 0.000227 0.000453 0.000305 0.001179 0.003260 0.000539 0.000328 0.000494 0.003967 0.003904 0.003509 0.000547 0.000689 0.000531 0.000546 0.000412 0.000503 0.000216 0.000415 0.000535 0.001504 0.000516 0.000319 0.000196 0.000318 0.000371 0.000406 0.000336 0.000225 0.000226 0.006962 0.007314 0.000620 0.000471 0.000229 0.000455 0.006631 0.006291 0.002554 0.000375 0.000329 0.000263 0.000345 0.000227 0.000787 0.000449 0.000316 0.001269
0.000350 0.000227 0.000236 0.000265 0.000351 0.001244 0.000771 0.000585 0.000517 0.000215 0.000408 0.001918 0.000709 0.000426 0.000563 0.000453 0.000250 0.000386 0.003134 0.003385 0.000262 0.004251 0.004003 0.000522 0.000494 0.000466 0.000442 0.000454 0.000503 0.000968 0.000510 0.000360 0.000295 0.000587 0.001807 0.000421 0.000369 0.000209 0.000360 0.000439 0.000505 0.000603 0.000453 0.000455 0.006804 0.000713 0.000593 0.000457 0.000231 0.000431 0.000632 0.004711 0.002732 0.003542 0.000432 0.000349 0.000232 0.000256 0.000329 0.000216 0.000430 0.001451
0.000264 0.000350 0.000223 0.000350 0.000438 0.002368 0.001416 0.000868 0.000272 0.000348 0.000472 0.003049 0.000616 0.000305 0.000976 0.000449 0.000230 0.000337 0.000262 0.006111 0.002995 0.004317 0.000445 0.000395 0.000364 0.000319 0.000251 0.000312 0.000423 0.001395 0.000556 0.000428 0.000287 0.000455 0.002667 0.000497 0.000394 0.000216 0.000470 0.000933 0.001328 0.001955 0.002001 0.002902 0.006099 0.000693 0.000615 0.000478 0.000250 0.000424 0.000685 0.002842 0.001798 0.002817 0.004884 0.001647 0.000384 0.000339 0.000211 0.000201 0.000421 0.002616
0.000375 0.000264 0.000349 0.001374 0.036234 0.002469 0.000379 0.000225 0.000240 0.000391 0.001864 0.001656 0.000389 0.001102 0.000825 0.000445 0.000224 0.000218 0.000341 0.005722 0.002106 0.000393 0.000319 0.000228 0.000192 0.000140 0.000325 0.000407 0.000506 0.001902 0.000590 0.000437 0.000210 0.000452 0.002381 0.000554 0.000453 0.000350 0.000255 0.000411 0.000434 0.000447 0.000670 0.001413 0.004292 0.000986 0.000616 0.000516 0.000286 0.000399 0.000750 0.002169 0.000500 0.000253 0.003240 0.001542 0.002255 0.001313 0.000558 0.000232 0.000419 0.003516
0.000405 0.000419 0.001358 0.001207 0.000455 0.000377 0.000335 0.000220 0.000346 0.000535 0.003406 0.001202 0.000323 0.001629 0.000769 0.000534 0.000222 0.000332 0.000415 0.006924 0.002033 0.000239 0.000255 0.000424 0.000312 0.000191 0.000366 0.000460 0.002741 0.002450 0.000955 0.000309 0.000373 0.000494 0.002913 0.000631 0.000533 0.000455 0.000379 0.000405 0.000288 0.000245 0.000718 0.001945 0.003406 0.000922 0.000964 0.000559 0.000497 0.000290 0.001130 0.001351 0.000423 0.000270 0.002322 0.000757 0.000968 0.001006 0.000203 0.000190 0.000398 0.003001
0.000558 0.000566 0.019748 0.000392 0.000348 0.000218 0.000219 0.000219 0.000388 0.000443 0.003053 0.000995 0.000225 0.150909 0.001051 0.000384 0.000222 0.000376 0.000456 0.007809 0.000292 0.000414 0.000384 0.000598 0.000408 0.000338 0.000277 0.003024 0.003009 0.000370 0.000350 0.000309 0.000526 0.004670 0.097399 0.001724 0.001289 0.000819 0.000222 0.000218 0.001014 0.001361 0.001244 0.003464 0.001863 0.000730 0.000918 0.000778 0.000373 0.000487 0.001307 0.000461 0.000369 0.000333 0.001894 0.000657 0.000428 0.001407 0.000997 0.000140 0.000384 0.003461
0.000680 0.001266 0.000359 0.000232 0.000260 0.000341 0.000216 0.000330 0.000444 0.000525 0.003771 0.001309 0.001665 0.003087 0.000289 0.000423 0.000221 0.000398 0.000566 0.006709 0.000372 0.000286 0.000417 0.001180 0.000826 0.001182 0.002664 0.003223 0.000312 0.000193 0.000141 0.000285 0.000412 0.003962 0.000288 0.000368 0.000435 0.000325 0.000216 0.000653 0.000763 0.000534 0.000588 0.000722 0.002984 0.000675 0.000632 0.000748 0.000548 0.000302 0.000888 0.000365 0.000203 0.000457 0.001517 0.000846 0.000807 0.000445 0.000800 0.000337 0.000534 0.002282
