use_cases/Flooding/flood_case/output/h_4500.asc
ncols 269
nrows 269
xllcorner 0.000000
yllcorner 0.000000
cellsize 10.000000
NODATA_value -9999.000000
[rows 168 to 195 of 269, columns 62 to 123 of 269]
0.004426 0.000993 0.000776 0.000830 0.000265 0.000391 0.002902 0.000581 0.000391 0.000219 0.000392 0.001063 0.000545 0.988760 1.301631 1.859775 2.050707 0.000581 0.000367 0.000222 0.000346 0.000425 0.000373 0.000216 0.000200 0.000264 0.000241 0.000264 0.000304 0.000521 0.000458 0.000359 0.000533 0.000483 0.000422 0.000268 0.000444 0.000312 0.000603 0.003049 0.002132 0.002076 0.001252 0.001384 0.000772 0.000275 0.000194 0.000141 0.000195 0.000212 0.000590 0.000192 0.000319 0.000253 0.000356 0.000392 0.001021 0.000301 0.000141 0.000288 0.000357 0.000364
0.004217 0.000682 0.000746 0.000407 0.000218 0.000574 0.001156 0.000389 0.000341 0.000220 0.000343 0.001103 0.000279 0.727501 1.086249 1.788522 1.942846 0.000476 0.000525 0.000493 0.000526 0.000488 0.000608 0.000427 0.000397 0.000569 0.000458 0.000438 0.000384 0.000248 0.000370 0.000489 0.000426 0.000412 0.000394 0.000353 0.000195 0.000211 0.000706 0.001329 0.000894 0.000536 0.000227 0.000237 0.000268 0.000343 0.000420 0.000193 0.000323 0.000370 0.000975 0.000340 0.000256 0.000364 0.000529 0.000532 0.001410 0.000382 0.000280 0.000141 0.000195 0.000387
0.004108 0.000455 0.000845 0.000358 0.000205 0.000447 0.000474 0.000219 0.000220 0.000222 0.000223 0.000782 0.000360 0.522126 1.117095 2.001750 2.067801 1.887995 0.000716 0.001102 0.000729 0.000757 0.001277 0.000809 0.000538 0.000774 0.000578 0.000520 0.000694 0.000583 0.000658 0.000725 0.000221 0.000225 0.000240 0.000285 0.000141 0.000570 0.000954 0.000223 0.001654 0.000723 0.000647 0.000352 0.000233 0.000782 0.000424 0.000210 0.000373 0.000453 0.001334 0.000400 0.000235 0.000408 0.000443 0.000647 0.002154 0.000470 0.000402 0.000340 0.000305 0.000141
0.004130 0.000232 0.001243 0.000469 0.000302 0.000459 0.010574 0.000413 0.000388 0.000343 0.000229 0.000374 0.000803 0.000502 1.148884 2.102981 2.150681 1.926998 1.616144 0.000677 0.000973 0.000744 0.001021 0.000854 0.001116 0.001225 0.000626 0.000958 0.000879 0.000873 0.000657 0.000300 0.000407 0.000373 0.000315 0.000141 0.000282 0.000243 0.000371 0.000234 0.000634 0.000282 0.000141 0.000361 0.000972 0.000700 0.000431 0.000217 0.000400 0.001343 0.001081 0.000532 0.000259 0.000439 0.000526 0.000563 0.002126 0.000498 0.000593 0.000441 0.000373 0.000474
0.004027 0.000262 0.000342 0.000216 0.000330 0.000423 0.000484 0.016020 0.000540 0.000524 0.000240 0.000282 0.000415 0.000419 1.030773 2.056951 2.256315 2.080066 1.735686 1.801399 1.674241 0.000802 0.001099 0.000687 0.000325 0.000500 0.001766 0.001317 0.001063 0.000619 0.000527 0.000448 0.000519 0.000429 0.000353 0.000190 0.000712 0.000412 0.000370 0.000259 0.000195 0.000141 0.000275 0.001137 0.000935 0.000747 0.000353 0.000386 0.000473 0.002405 0.001434 0.000389 0.000201 0.000433 0.000543 0.000632 0.002908 0.000947 0.001468 0.000741 0.000279 0.000838
0.005079 0.000948 0.000218 0.000213 0.000196 0.000320 0.000379 0.002068 0.008119 0.000432 0.000424 0.000389 0.000327 0.000195 0.766827 1.799207 2.266292 2.287511 2.238848 2.238111 2.305489 2.321193 0.000892 0.000618 0.000425 0.000339 0.003383 0.000875 0.000709 0.000687 0.000592 0.000694 0.000573 0.000540 0.000560 0.000935 0.001114 0.000448 0.000556 0.000350 0.000209 0.000302 0.000371 0.001729 0.000907 0.000347 0.000384 0.000463 0.002833 0.002600 0.000364 0.000293 0.000357 0.000474 0.000629 0.000686 0.004558 0.001090 0.000275 0.000141 0.000335 0.001137
0.000984 0.028059 0.002886 0.000310 0.000140 0.000196 0.000211 0.001391 0.009358 0.000521 0.000424 0.000212 0.000197 0.000140 0.000194 1.328112 1.911289 2.023824 2.075367 2.038918 2.059426 2.264069 2.297867 0.000635 0.000546 0.000303 0.002704 0.000945 0.000854 0.000879 0.000924 0.001330 0.000874 0.000778 0.001044 0.001131 0.000248 0.000309 0.000900 0.000386 0.000213 0.000356 0.000437 0.002774 0.000511 0.000270 0.000429 0.003278 0.003166 0.000355 0.000215 0.000676 0.000672 0.000542 0.000592 0.000696 0.003934 0.000188 0.000141 0.000277 0.000392 0.001967
0.000396 0.000653 0.006603 0.000994 0.000196 0.000324 0.018663 0.002144 0.001451 0.014587 0.000487 0.000373 0.000326 0.000197 0.000579 0.000593 0.000687 0.000577 1.858347 1.718844 1.882686 2.303115 2.187639 1.843561 0.000390 0.000208 0.003566 0.001511 0.001840 0.001224 0.001016 0.000884 0.000787 0.001181 0.000922 0.000213 0.000224 0.000362 0.001149 0.000398 0.000214 0.000376 0.001744 0.001512 0.000343 0.000399 0.000493 0.046906 0.000524 0.000476 0.000201 0.000211 0.000992 0.001375 0.001812 0.003860 0.002624 0.000300 0.000189 0.000330 0.003107 0.002934
0.000554 0.000713 0.002052 0.000672 0.000656 0.002070 0.003174 0.000311 0.000650 0.000662 0.065335 0.000466 0.000379 0.000213 0.000217 0.000468 0.000367 0.000598 0.000937 0.000540 2.028754 2.384204 2.187953 1.864124 1.639421 0.001799 0.003977 0.001765 0.000431 0.000702 0.000998 0.000893 0.001423 0.001198 0.000542 0.000314 0.000217 0.000386 0.001465 0.000419 0.000218 0.000416 0.002482 0.000957 0.000260 0.001470 0.001138 0.000502 0.000432 0.000356 0.000303 0.000365 0.000437 0.000433 0.000467 0.003826 0.005361 0.000356 0.000205 0.049589 0.003382 0.000534
0.000446 0.000705 0.001425 0.000526 0.000802 0.001661 0.001804 0.000345 0.000771 0.000500 0.006429 0.001226 0.000933 0.000338 0.000219 0.000318 0.000255 0.000660 0.000776 0.000347 1.710645 2.244802 2.234449 2.041816 1.955247 1.817823 0.001896 0.000384 0.000645 0.000481 0.002735 0.001090 0.001502 0.000745 0.000662 0.000421 0.000220 0.000421 0.002475 0.001509 0.003645 0.004875 0.004588 0.002783 0.002163 0.001799 0.000529 0.000436 0.000350 0.000193 0.000328 0.000433 0.000336 0.000228 0.000332 0.000372 0.008532 0.000832 0.001416 0.000552 0.000500 0.000426
0.000437 0.000773 0.000974 0.000695 0.000892 0.002188 0.000253 0.000530 0.000671 0.000795 0.010469 0.004378 0.000495 0.000864 0.000449 0.000140 0.000790 0.001382 0.001020 0.001683 0.001990 2.035242 2.129338 2.219351 2.391965 2.309303 2.001687 0.000425 0.000296 0.000386 0.002234 0.000875 0.001479 0.000687 0.000469 0.000272 0.000361 0.057860 0.018844 0.005080 0.004190 0.000539 0.000493 0.000466 0.000604 0.000508 0.000510 0.000368 0.000302 0.000141 0.000193 0.000410 0.000786 0.000219 0.000216 0.000213 0.003720 0.049150 0.000501 0.000444 0.000405 0.000350
0.000321 0.000906 0.000654 0.000699 0.000908 0.001654 0.000298 0.000588 0.000675 0.000437 0.003294 0.004425 0.001563 0.000275 0.000371 0.000330 0.000507 0.000786 0.000579 0.000889 0.002218 0.001464 1.911965 1.962471 2.208910 2.301517 2.124029 0.000429 0.000249 0.000433 0.002952 0.001143 0.001190 0.000664 0.000490 0.000249 0.018293 0.005939 0.000538 0.000493 0.000592 0.000435 0.000396 0.000400 0.000392 0.000357 0.000512 0.000216 0.000210 0.000193 0.000381 0.000467 0.001126 0.000326 0.000213 0.000308 0.004510 0.001734 0.000376 0.000331 0.000248 0.000304
0.000592 0.000852 0.000697 0.000956 0.000969 0.001019 0.000654 0.000688 0.000317 0.000259 0.005150 0.001082 0.001284 0.001421 0.000861 0.000232 0.000492 0.000591 0.000536 0.000692 0.005080 0.000194 0.000933 1.705905 2.143547 2.250550 2.140558 1.884349 0.006052 0.009272 0.005598 0.003955 0.003286 0.004385 0.001553 0.001576 0.000451 0.000446 0.000426 0.000380 0.000424 0.000339 0.000214 0.000209 0.000196 0.000141 0.000402 0.000384 0.000330 0.000210 0.000318 0.000784 0.001052 0.000948 0.000516 0.000791 0.031433 0.000220 0.000215 0.000216 0.000225 0.000853
0.000503 0.000579 0.001192 0.000718 0.000880 0.000530 0.000354 0.000272 0.003320 0.002622 0.007980 0.001389 0.000996 0.000726 0.000418 0.000246 0.000531 0.000537 0.000685 0.001251 0.003226 0.000140 0.001366 0.001609 2.186982 2.193014 2.103594 1.849725 0.000540 0.000737 0.000568 0.000481 0.000301 0.001364 0.000721 0.000496 0.000226 0.000227 0.000225 0.000227 0.000240 0.000260 0.000432 0.000322 0.000208 0.000300 0.000849 0.000436 0.000302 0.000453 0.000470 0.000312 0.001251 0.001417 0.001137 0.002482 0.002161 0.000373 0.000314 0.000209 0.000331 0.001372
0.000662 0.000733 0.000835 0.000527 0.000592 0.000299 0.000434 0.002135 0.002139 0.001116 0.002626 0.001039 0.001824 0.000471 0.000362 0.000285 0.000585 0.000365 0.000276 0.001190 0.004654 0.005608 0.002958 0.001916 2.098087 2.217065 2.103011 1.815415 0.000478 0.000494 0.000508 0.000469 0.000434 0.000795 0.000770 0.000975 0.000846 0.000468 0.000638 0.000423 0.000407 0.000549 0.000528 0.000374 0.000213 0.000359 0.001257 0.000530 0.000209 0.000365 0.000494 0.000482 0.000335 0.000828 0.001141 0.019945 0.007869 0.008298 0.006715 0.005084 0.004690 0.004289
0.000621 0.000449 0.000457 0.000358 0.000237 0.002484 0.005037 0.001907 0.001262 0.000666 0.003110 0.000796 0.001740 0.000382 0.000195 0.000380 0.001153 0.001223 0.003578 0.001716 0.003185 0.003120 0.000269 0.000380 2.039243 2.163643 2.226210 1.793588 0.000241 0.000278 0.000373 0.000311 0.000198 0.000287 0.000276 0.000546 0.000345 0.000522 0.000425 0.000297 0.000995 0.000601 0.000408 0.000282 0.000340 0.001340 0.001109 0.000377 0.000252 0.000422 0.000525 0.000550 0.000677 0.000829 0.010770 0.008855 0.001091 0.001622 0.003044 0.000253 0.000287 0.000486
0.000351 0.000242 0.000235 0.000396 0.002112 0.003292 0.000239 0.000359 0.000270 0.017876 0.001661 0.000666 0.003135 0.000578 0.000263 0.000573 0.000663 0.000779 0.001761 0.001378 0.006168 0.000258 0.000349 0.000538 2.043263 2.041290 2.222786 1.840183 0.000405 0.000353 0.000195 0.000140 0.000764 0.000465 0.000425 0.000352 0.000551 0.000563 0.000887 0.000773 0.001274 0.000522 0.000448 0.000244 0.000396 0.001810 0.000644 0.000401 0.000196 0.000412 0.000526 0.000587 0.000556 0.006053 0.064160 0.000537 0.000240 0.000290 0.003715 0.003535 0.000369 0.000252
0.000511 0.000436 0.000474 0.001389 0.001920 0.000394 0.000282 0.000241 0.000828 0.005933 0.000710 0.000966 0.001557 0.000444 0.000227 0.000427 0.000607 0.000728 0.001694 0.001072 0.003899 0.000326 0.000196 0.000315 1.742219 1.987850 2.234377 2.074079 1.723435 0.000430 0.000323 0.000195 0.001151 0.000484 0.000667 0.000444 0.000343 0.001732 0.001435 0.001405 0.000724 0.000535 0.000321 0.000381 0.001977 0.001617 0.000695 0.000473 0.000213 0.000395 0.000604 0.000598 0.000670 0.046135 0.005186 0.001090 0.000951 0.000374 0.000228 0.003429 0.002194 0.001010
0.000607 0.000614 0.001619 0.000876 0.000675 0.000643 0.000566 0.000516 0.067357 0.005607 0.000247 0.002448 0.000721 0.000436 0.000235 0.000393 0.000622 0.001201 0.001759 0.001113 0.003479 0.000196 0.000140 0.000194 0.000701 1.677814 2.102671 2.168567 1.781237 1.481091 0.000257 0.000347 0.001542 0.000578 0.000632 0.000306 0.000420 0.002171 0.000830 0.000370 0.000856 0.000616 0.000296 0.000450 0.002806 0.001064 0.000431 0.000266 0.000330 0.000445 0.000617 0.002862 0.003180 0.003254 0.001083 0.000607 0.000685 0.000501 0.000243 0.001881 0.001779 0.000221
0.000376 0.010461 0.000368 0.000270 0.000519 0.000977 0.001080 0.005175 0.018467 0.000547 0.000283 0.001382 0.001213 0.000401 0.000260 0.000593 0.000678 0.001153 0.001508 0.001985 0.005166 0.000376 0.000386 0.001131 0.001450 0.000828 2.045511 2.195163 2.176212 1.930866 1.837020 0.000801 0.001433 0.000592 0.000438 0.000459 0.001925 0.001663 0.000768 0.000525 0.000886 0.000438 0.000216 0.003584 0.002365 0.000597 0.000433 0.000240 0.000381 0.000507 0.037998 0.003172 0.000803 0.000822 0.001344 0.000985 0.000544 0.000415 0.000267 0.000347 0.003464 0.000437
0.036645 0.000361 0.000267 0.000365 0.000396 0.000485 0.000292 0.005285 0.005654 0.000580 0.000551 0.000224 0.001322 0.000559 0.000317 0.000467 0.000620 0.000904 0.002186 0.001527 0.001663 0.000287 0.001050 0.000829 0.000719 0.000905 1.706104 1.889819 2.165018 2.305598 2.280224 0.000742 0.001364 0.000540 0.000255 0.000473 0.034096 0.005944 0.000803 0.000695 0.000759 0.000455 0.000223 0.003066 0.001164 0.000589 0.000440 0.000228 0.000422 0.011586 0.000586 0.000574 0.000638 0.000631 0.001088 0.000814 0.000761 0.000584 0.000447 0.000216 0.002311 0.002241
0.001658 0.000269 0.000369 0.000272 0.000239 0.000231 0.000377 0.016253 0.000952 0.000776 0.000465 0.000226 0.000915 0.000366 0.000700 0.000766 0.000634 0.001056 0.004677 0.000425 0.000212 0.000383 0.000637 0.000411 0.000436 0.000538 0.000394 1.434676 1.777453 2.165488 2.335277 2.231074 0.002867 0.004374 0.001543 0.002366 0.000417 0.000246 0.026809 0.011890 0.000997 0.001093 0.001498 0.002203 0.001128 0.000541 0.000316 0.000380 0.001509 0.000449 0.000418 0.000340 0.000512 0.000487 0.000765 0.000584 0.000509 0.000440 0.000357 0.000208 0.000385 0.001062
0.001131 0.000344 0.000256 0.000357 0.000406 0.003059 0.002960 0.008016 0.000614 0.000607 0.000465 0.000228 0.000536 0.000551 0.000612 0.000377 0.000281 0.002085 0.002377 0.000403 0.000194 0.000322 0.000460 0.000247 0.000233 0.000226 0.000264 0.000196 1.760219 2.089422 2.279536 1.931647 0.000195 0.000510 0.000546 0.000459 0.000361 0.000285 0.000523 0.003199 0.003305 0.014322 0.001618 0.001534 0.001126 0.000507 0.000261 0.000434 0.001305 0.000247 0.000286 0.000372 0.000321 0.000347 0.000493 0.000488 0.000446 0.000389 0.000305 0.000192 0.000360 0.000677
0.000595 0.000730 0.001180 0.000910 0.003170 0.002018 0.001364 0.006435 0.000817 0.000577 0.000441 0.000226 0.000760 0.000658 0.000986 0.001583 0.002079 0.002489 0.000502 0.000381 0.000140 0.000195 0.000211 0.000439 0.000358 0.000412 0.000573 0.000769 1.865043 1.926438 2.196482 1.870996 0.000140 0.010868 0.000453 0.000382 0.000211 0.000382 0.000547 0.000557 0.000706 0.000678 0.032095 0.002100 0.001268 0.000547 0.000397 0.000313 0.001728 0.000471 0.000453 0.000627 0.000486 0.000426 0.000299 0.000398 0.000371 0.000319 0.000193 0.000141 0.000316 0.000194
0.000494 0.000555 0.000730 0.002056 0.002251 0.000299 0.000410 0.005743 0.000604 0.000527 0.000390 0.000226 0.000427 0.000576 0.000753 0.000746 0.000699 0.000750 0.000447 0.000367 0.000298 0.000367 0.000398 0.000895 0.001303 0.002358 0.023543 0.000428 1.649677 1.721305 2.063597 1.916946 0.000193 0.000723 0.000368 0.000322 0.000194 0.000321 0.000552 0.000424 0.000695 0.000483 0.000785 0.000749 0.029040 0.018050 0.003192 0.004951 0.003216 0.002093 0.002558 0.001439 0.000763 0.000486 0.000358 0.000217 0.000215 0.000213 0.000212 0.000306 0.000402 0.000657
0.000466 0.000463 0.000784 0.001352 0.000367 0.000439 0.000640 0.008735 0.000524 0.000464 0.000433 0.000234 0.000415 0.000568 0.000722 0.000527 0.000505 0.000329 0.000261 0.000412 0.000454 0.001104 0.020052 0.000309 0.000385 0.000702 0.000488 0.000719 1.451081 1.722554 2.028615 2.158769 2.100381 0.000216 0.000212 0.000195 0.000140 0.000197 0.000340 0.000393 0.000570 0.000383 0.000453 0.000524 0.000893 0.000596 0.000699 0.029089 0.000346 0.000515 0.000504 0.000658 0.000550 0.000564 0.000449 0.000369 0.000349 0.000311 0.000210 0.000352 0.000445 0.000926
0.000370 0.000278 0.000912 0.000694 0.000615 0.000377 0.000437 0.005188 0.000701 0.000494 0.000342 0.000258 0.000398 0.000595 0.000424 0.000439 0.000308 0.000514 0.000404 0.000505 0.086930 0.000983 0.001180 0.000422 0.000238 0.000488 0.000498 0.000802 0.000807 1.892055 1.918860 2.134190 2.023300 1.375919 0.000382 0.000325 0.000197 0.000418 0.000223 0.000223 0.000353 0.000216 0.000322 0.000414 0.000692 0.000577 0.000624 0.001276 0.000424 0.000288 0.000397 0.000333 0.000771 0.000606 0.000509 0.000408 0.000547 0.000367 0.000213 0.000391 0.000502 0.001216
0.000214 0.001039 0.001027 0.000628 0.000394 0.000463 0.000669 0.007294 0.000471 0.000395 0.000209 0.000326 0.000369 0.000471 0.000278 0.000246 0.000379 0.000634 0.000499 0.004467 0.007425 0.000245 0.001726 0.000603 0.000267 0.000520 0.000334 0.001607 0.001319 1.717090 1.766368 1.961158 2.216804 2.076041 1.876690 1.261733 0.000210 0.000720 0.000218 0.000736 0.000394 0.000212 0.000195 0.000318 0.000489 0.000636 0.000504 0.000636 0.019515 0.000369 0.000233 0.000259 0.000630 0.001258 0.000586 0.000487 0.000750 0.000415 0.000221 0.000432 0.000571 0.001087
