use_cases/Flooding/flood_case/output/h_4500.asc
ncols 269
nrows 269
xllcorner 0.000000
yllcorner 0.000000
cellsize 10.000000
NODATA_value -9999.000000
[rows 168 to 195 of 269, columns 124 to 185 of 269]
0.001051 0.000917 0.000548 0.000543 0.007439 0.050236 0.000357 0.000311 0.000211 0.000312 0.000379 0.000618 0.000495 0.079680 0.005290 0.000652 0.000821 0.000491 0.000604 0.000423 0.000321 0.000211 0.000311 0.000361 0.001715 0.126347 0.003899 0.000350 0.000264 0.000565 0.001107 0.000981 0.008062 0.000224 0.000238 0.000288 0.000367 0.000427 0.000512 0.000630 0.002103 0.000702 0.000232 0.140797 0.007837 0.000563 0.000334 0.000489 0.000487 0.000668 0.000556 0.000390 0.000224 0.000417 0.000576 0.000622 0.000676 0.000743 0.002263 0.000213 0.000326 0.000393
0.000727 0.000206 0.000354 0.000423 0.000588 0.006603 0.107474 0.000350 0.000212 0.000367 0.009641 0.019305 0.001266 0.000590 0.000748 0.000550 0.000453 0.000380 0.000488 0.000355 0.000209 0.000196 0.000141 0.000193 0.000427 0.000599 0.116430 0.004366 0.000389 0.000297 0.000413 0.001365 0.012141 0.000402 0.000396 0.000385 0.000278 0.000453 0.000542 0.000669 0.001456 0.008944 0.009656 0.008259 0.000466 0.000489 0.000562 0.000858 0.000810 0.000729 0.000411 0.000291 0.000361 0.000474 0.000525 0.000680 0.000737 0.002832 0.002445 0.000247 0.000427 0.000480
0.000312 0.000194 0.000302 0.000505 0.000729 0.000568 0.006111 0.094269 0.004081 0.004355 0.002940 0.000702 0.000584 0.000466 0.000626 0.000513 0.000355 0.000205 0.000284 0.000283 0.000379 0.000332 0.000231 0.000670 0.000734 0.000984 0.000681 0.004872 0.005999 0.000255 0.000342 0.000418 0.600995 0.008025 0.000488 0.000466 0.000242 0.000443 0.000531 0.000660 0.133442 0.009256 0.000462 0.000391 0.000297 0.000141 0.001247 0.000888 0.000566 0.000505 0.000443 0.000249 0.000412 0.000520 0.000601 0.000624 0.000745 0.039969 0.000313 0.000201 0.000371 0.000503
0.000346 0.000141 0.000192 0.000445 0.000536 0.000566 0.000660 0.003350 0.001664 0.000641 0.000973 0.000664 0.000592 0.000549 0.000372 0.000523 0.000289 0.000394 0.000615 0.000479 0.000463 0.000373 0.000186 0.000349 0.000389 0.000541 0.000440 0.000465 0.005120 0.000338 0.000196 0.000348 0.001181 0.065897 0.000507 0.000397 0.000228 0.000430 0.000533 0.010562 0.009778 0.000401 0.000375 0.000325 0.000207 0.000193 0.001636 0.000731 0.000632 0.000550 0.000457 0.000264 0.000518 0.000663 0.000684 0.000741 0.003872 0.003798 0.000195 0.000323 0.000434 0.015713
0.000367 0.000192 0.000310 0.000513 0.000379 0.000482 0.000584 0.002266 0.002179 0.000541 0.000863 0.000814 0.000497 0.000412 0.000219 0.000370 0.001362 0.001100 0.001503 0.002006 0.001652 0.001294 0.000894 0.000505 0.000217 0.000329 0.000385 0.000284 0.005597 0.000433 0.000141 0.000304 0.000404 0.066207 0.008562 0.000433 0.000225 0.000462 0.000582 0.062866 0.000356 0.000220 0.000216 0.000213 0.000215 0.000324 0.002049 0.000800 0.000676 0.000635 0.000447 0.000205 0.000391 0.000503 0.000738 0.000809 0.004347 0.000338 0.000141 0.000349 0.000470 0.023559
0.000394 0.000206 0.000733 0.000371 0.000200 0.000419 0.000535 0.000685 0.003340 0.000346 0.000535 0.000799 0.000630 0.000377 0.000204 0.000518 0.001249 0.003665 0.001711 0.000480 0.000486 0.000434 0.000369 0.000309 0.000212 0.000215 0.000216 0.000351 0.005585 0.000350 0.000195 0.000211 0.000352 0.000441 0.093766 0.000435 0.000222 0.000399 0.007366 0.007436 0.000288 0.000361 0.000415 0.000320 0.000215 0.000377 0.002056 0.001392 0.000716 0.000507 0.000443 0.000219 0.000419 0.000539 0.000583 0.000766 0.018050 0.000315 0.000193 0.000371 0.000507 0.134443
0.001121 0.001742 0.001160 0.000476 0.000242 0.000406 0.000672 0.000638 0.002726 0.002518 0.000795 0.000520 0.000517 0.000480 0.000268 0.000389 0.000674 0.003032 0.000242 0.000275 0.000365 0.000300 0.000194 0.000141 0.000196 0.000324 0.000367 0.000432 0.005771 0.000750 0.000247 0.000439 0.000295 0.000381 0.000473 0.001756 0.001975 0.002404 0.057899 0.013250 0.000404 0.000551 0.000451 0.000365 0.000214 0.000402 0.002596 0.001104 0.000588 0.000556 0.000443 0.000220 0.000420 0.000533 0.000624 0.005193 0.004877 0.000213 0.000209 0.000379 0.169911 0.013748
0.001395 0.000529 0.000429 0.000358 0.000210 0.000537 0.000654 0.000498 0.000572 0.001939 0.000578 0.000554 0.000412 0.000348 0.000262 0.000502 0.001089 0.057763 0.000391 0.000342 0.000192 0.000141 0.000307 0.000468 0.000321 0.000404 0.000443 0.005686 0.063435 0.000313 0.000192 0.000338 0.000410 0.000293 0.000404 0.000554 0.001046 0.000622 0.000586 0.012869 0.084686 0.098616 0.000526 0.000444 0.000356 0.000300 0.003645 0.001643 0.000762 0.000616 0.000441 0.000219 0.000417 0.000527 0.000633 0.021280 0.000297 0.000215 0.000312 0.000438 0.033375 0.001028
0.000506 0.000431 0.000358 0.000308 0.000193 0.000498 0.000391 0.000452 0.000663 0.001445 0.000449 0.000382 0.000303 0.000210 0.000335 0.000373 0.000389 0.003653 0.004065 0.000394 0.000303 0.000193 0.000367 0.000828 0.000255 0.000483 0.000611 0.005808 0.000213 0.000213 0.000212 0.000392 0.000472 0.000477 0.000329 0.000819 0.001064 0.000213 0.000361 0.000426 0.000466 0.012545 0.015097 0.053419 0.026202 0.003019 0.003706 0.000552 0.000565 0.000487 0.000315 0.000367 0.000474 0.000558 0.007350 0.005683 0.000141 0.000298 0.000400 0.056006 0.000626 0.000583
0.000442 0.000343 0.000208 0.000192 0.000141 0.000391 0.000333 0.000605 0.000584 0.000977 0.000372 0.000280 0.000141 0.000196 0.000212 0.000217 0.000218 0.000360 0.004072 0.004060 0.000390 0.000338 0.000275 0.001031 0.000232 0.000381 0.000459 0.006386 0.000367 0.000335 0.000246 0.000475 0.000637 0.000504 0.000530 0.000916 0.000326 0.000208 0.000302 0.000351 0.000374 0.000437 0.000362 0.000411 0.109499 0.012944 0.000287 0.000388 0.000632 0.000546 0.000401 0.000286 0.000489 0.000592 0.188118 0.000206 0.000194 0.000349 0.053942 0.000560 0.000505 0.000586
0.000268 0.000258 0.000415 0.000317 0.000196 0.000211 0.000219 0.000437 0.000398 0.000370 0.000286 0.000141 0.000285 0.000360 0.000399 0.000423 0.000428 0.000302 0.000252 0.004404 0.000449 0.000381 0.000239 0.001243 0.000360 0.000294 0.000452 0.006740 0.000502 0.000370 0.000200 0.000380 0.000636 0.001114 0.000466 0.000216 0.000211 0.000197 0.000141 0.000195 0.000210 0.000215 0.000219 0.000220 0.000224 0.022668 0.000475 0.000499 0.000826 0.000614 0.000526 0.000489 0.000376 0.000694 0.247719 0.000323 0.000207 0.028548 0.000673 0.000713 0.000728 0.000436
0.000608 0.000539 0.000457 0.000360 0.000209 0.000330 0.000813 0.000426 0.000186 0.000230 0.000141 0.000278 0.000382 0.000787 0.000285 0.000451 0.000504 0.001161 0.001207 0.004941 0.326659 0.004600 0.000223 0.001440 0.000412 0.000276 0.000437 0.007054 0.000441 0.000401 0.000215 0.000413 0.000538 0.001552 0.000559 0.000369 0.000326 0.000209 0.000307 0.000361 0.000384 0.000402 0.000407 0.000417 0.000448 0.018254 0.000822 0.000734 0.001380 0.001330 0.000684 0.000417 0.000245 0.000414 0.000294 0.001129 0.000217 0.027942 0.000392 0.000471 0.000398 0.000345
0.000597 0.000440 0.000562 0.000386 0.000214 0.000998 0.000741 0.000520 0.000451 0.000224 0.000309 0.000435 0.001053 0.000690 0.000424 0.000364 0.000813 0.000747 0.000498 0.000482 0.000486 0.005498 0.005008 0.001109 0.000467 0.000212 0.000686 0.006640 0.006999 0.000410 0.000216 0.000422 0.000580 0.001985 0.000489 0.000445 0.000372 0.000213 0.000361 0.000436 0.000479 0.000497 0.000525 0.000612 0.022588 0.038839 0.000862 0.001671 0.001788 0.000460 0.000482 0.000310 0.000378 0.000465 0.000478 0.000705 0.009491 0.000221 0.000217 0.000201 0.000243 0.000216
0.000714 0.000679 0.000997 0.001039 0.001371 0.002469 0.001279 0.000642 0.000329 0.000221 0.000369 0.000413 0.001533 0.000649 0.000434 0.000220 0.000215 0.000251 0.000200 0.000320 0.000361 0.000427 0.029787 0.006673 0.000378 0.000223 0.000216 0.000320 0.006958 0.006845 0.000368 0.000314 0.000660 0.003347 0.000549 0.000426 0.000535 0.000215 0.000390 0.000623 0.000494 0.000578 0.001697 0.153967 0.153372 0.125369 0.042025 0.001466 0.000232 0.000253 0.000327 0.000402 0.000528 0.031815 0.028939 0.083290 0.110904 0.023732 0.000396 0.000345 0.000424 0.000325
0.003593 0.003416 0.002988 0.003108 0.001609 0.000532 0.000439 0.000396 0.000257 0.000346 0.000439 0.000517 0.002417 0.001214 0.000773 0.000266 0.000345 0.000725 0.000214 0.000213 0.000214 0.000332 0.000398 0.011803 0.000447 0.000330 0.000213 0.000211 0.000216 0.005881 0.008085 0.000267 0.000499 0.002753 0.000543 0.000313 0.000538 0.000465 0.000518 0.001118 0.000350 0.021980 0.113157 0.070184 0.000283 0.026784 0.113247 0.000856 0.000340 0.000229 0.000385 0.003951 0.151770 0.089245 0.017655 0.010510 0.037860 0.071999 0.060625 0.057701 0.001287 0.001715
0.000438 0.000437 0.000286 0.000894 0.000436 0.000367 0.000292 0.000419 0.000232 0.000434 0.000496 0.001988 0.001674 0.000293 0.000141 0.000270 0.000387 0.001009 0.000321 0.000213 0.000325 0.000256 0.000237 0.007617 0.000509 0.000381 0.000214 0.000317 0.000431 0.002509 0.005145 0.002983 0.001328 0.038244 0.074698 0.075792 0.045761 0.096324 0.120584 0.109994 0.089630 0.076777 0.042816 0.000540 0.000269 0.000439 0.055762 0.089303 0.042181 0.004005 0.014473 0.147204 0.042389 0.000620 0.000521 0.000679 0.000307 0.000376 0.000473 0.030226 0.110053 0.002597
0.000299 0.000422 0.000409 0.000485 0.000338 0.000227 0.000246 0.000729 0.000225 0.000365 0.000557 0.002889 0.001338 0.000205 0.000195 0.000338 0.000432 0.001297 0.000362 0.000213 0.000359 0.000382 0.000530 0.007802 0.000673 0.000329 0.000435 0.000458 0.000677 0.001629 0.005250 0.005493 0.072764 0.078258 0.047013 0.091430 0.115400 0.074794 0.011738 0.003197 0.006046 0.000896 0.000746 0.000579 0.000325 0.000377 0.000718 0.021584 0.082701 0.144593 0.109660 0.050589 0.000721 0.000557 0.000519 0.000500 0.000403 0.000247 0.000393 0.000444 0.036966 0.024999
0.000804 0.000525 0.000358 0.000220 0.000221 0.000222 0.000352 0.000947 0.000537 0.000545 0.000561 0.004721 0.000725 0.000321 0.000209 0.000361 0.000463 0.001034 0.001216 0.000216 0.000390 0.000451 0.000435 0.010970 0.000418 0.000231 0.000392 0.000520 0.033590 0.074702 0.098358 0.079611 0.053477 0.001732 0.000400 0.000293 0.000907 0.000531 0.000493 0.000566 0.002251 0.000838 0.000717 0.000592 0.000449 0.000223 0.000772 0.000986 0.000240 0.000404 0.004240 0.006079 0.000729 0.000520 0.000560 0.000444 0.000356 0.000294 0.000369 0.000388 0.000410 0.121984
0.000225 0.000233 0.000263 0.000349 0.000533 0.000362 0.000270 0.000547 0.001105 0.000906 0.002912 0.002316 0.000432 0.000370 0.000214 0.000376 0.000491 0.000900 0.001902 0.000377 0.000327 0.000495 0.000544 0.007094 0.000440 0.000228 0.001026 0.127825 0.084699 0.042942 0.002665 0.001278 0.000874 0.001394 0.000305 0.000430 0.000421 0.000404 0.000232 0.000912 0.001572 0.000748 0.000665 0.000561 0.000434 0.000220 0.000941 0.000376 0.000270 0.000362 0.004611 0.007120 0.000731 0.000335 0.000486 0.000388 0.000219 0.000400 0.000278 0.000240 0.000230 0.022376
0.000446 0.000443 0.000453 0.000458 0.001907 0.001295 0.001158 0.000660 0.000517 0.001132 0.004207 0.001501 0.000425 0.000276 0.000347 0.000488 0.000940 0.001713 0.003264 0.000437 0.000239 0.000491 0.000792 0.007024 0.000304 0.014981 0.171707 0.115938 0.007623 0.002140 0.004823 0.001537 0.000696 0.001730 0.002888 0.000238 0.000269 0.000371 0.000256 0.001181 0.000724 0.000695 0.000655 0.000545 0.000422 0.000217 0.000687 0.000292 0.000384 0.000280 0.006973 0.001147 0.001193 0.001167 0.000453 0.000358 0.000220 0.000371 0.000724 0.000607 0.000816 0.019325
0.001395 0.001407 0.000771 0.000314 0.000191 0.000311 0.001005 0.001369 0.000141 0.000185 0.007512 0.001034 0.000405 0.000241 0.000429 0.000457 0.000314 0.000426 0.003341 0.002690 0.001258 0.060263 0.140791 0.100892 0.064298 0.064864 0.042756 0.002184 0.000534 0.000250 0.004287 0.089639 0.010497 0.003121 0.002920 0.002686 0.000365 0.000266 0.000344 0.000716 0.000653 0.000653 0.000676 0.000539 0.000414 0.000214 0.000396 0.000415 0.000287 0.005618 0.006164 0.000907 0.000827 0.000890 0.000694 0.000485 0.000219 0.000320 0.000363 0.000931 0.129886 0.028187
0.000362 0.000350 0.000208 0.000194 0.000141 0.000190 0.000555 0.001600 0.000188 0.000291 0.003066 0.004021 0.000408 0.000229 0.000397 0.000509 0.000578 0.000317 0.000258 0.006629 0.145429 0.125989 0.063650 0.053497 0.060255 0.000632 0.000571 0.000790 0.000567 0.000292 0.000411 0.000549 0.002651 0.001320 0.001449 0.003225 0.003359 0.000446 0.000407 0.000393 0.000533 0.000534 0.000719 0.000535 0.000404 0.000208 0.000370 0.000267 0.000371 0.006256 0.000829 0.000795 0.000766 0.000696 0.000521 0.000369 0.000218 0.000420 0.000517 0.000482 0.020972 0.000655
0.000273 0.000141 0.000574 0.000209 0.000302 0.000332 0.000499 0.001304 0.000749 0.000610 0.002017 0.006953 0.000512 0.000225 0.000439 0.000683 0.001134 0.000618 0.000536 0.034905 0.151057 0.002984 0.000233 0.000349 0.033755 0.000531 0.000557 0.000539 0.000838 0.000377 0.000305 0.000477 0.001678 0.001158 0.000314 0.000190 0.003204 0.002721 0.002094 0.001439 0.000276 0.000332 0.000600 0.000532 0.000391 0.000193 0.000320 0.000383 0.004893 0.005365 0.000890 0.000865 0.001137 0.000680 0.000524 0.000461 0.000207 0.000210 0.000212 0.000215 0.035976 0.000562
0.000141 0.000272 0.000704 0.000412 0.000419 0.000424 0.000532 0.001370 0.000804 0.000768 0.005975 0.003337 0.000418 0.000252 0.000547 0.000587 0.000870 0.000769 0.000748 0.094448 0.038207 0.000485 0.000368 0.000224 0.016207 0.000299 0.000400 0.000816 0.000512 0.000390 0.000223 0.000434 0.000585 0.002773 0.000190 0.000140 0.001084 0.000896 0.001056 0.001332 0.001482 0.001411 0.000755 0.000525 0.000383 0.000141 0.000193 0.000493 0.005141 0.000713 0.000643 0.000590 0.000906 0.000532 0.000444 0.000362 0.000299 0.000346 0.000371 0.000402 0.018414 0.000520
0.000189 0.000333 0.000505 0.000517 0.000553 0.000584 0.000649 0.001849 0.000985 0.000949 0.003953 0.004142 0.000489 0.000351 0.000608 0.000373 0.000730 0.000643 0.090870 0.081296 0.000620 0.000412 0.000261 0.000232 0.022774 0.002403 0.000550 0.000496 0.000490 0.000452 0.000226 0.000429 0.000542 0.001186 0.000387 0.000352 0.000298 0.000552 0.000505 0.000739 0.000697 0.000700 0.000556 0.000489 0.000380 0.000196 0.000314 0.000358 0.005921 0.000687 0.000610 0.000523 0.000754 0.000469 0.000374 0.000216 0.000328 0.000668 0.000721 0.010476 0.018488 0.000535
0.000204 0.000366 0.000529 0.000606 0.000686 0.000754 0.001154 0.001738 0.000894 0.000611 0.003269 0.005668 0.000330 0.000935 0.000571 0.000278 0.000612 0.087151 0.063166 0.000562 0.000469 0.000345 0.000220 0.012699 0.013232 0.002224 0.003318 0.000304 0.000416 0.000391 0.000238 0.000415 0.000463 0.000566 0.060067 0.000450 0.000369 0.000242 0.000260 0.000411 0.000542 0.000740 0.000792 0.000680 0.000560 0.000471 0.000625 0.000574 0.004364 0.000663 0.000572 0.000477 0.000579 0.000411 0.000333 0.000216 0.000213 0.000212 0.000410 0.064584 0.019625 0.000674
0.000215 0.000704 0.000364 0.000598 0.000714 0.000820 0.002219 0.001563 0.000730 0.000310 0.001660 0.009038 0.020350 0.062763 0.062135 0.038622 0.058941 0.034910 0.000645 0.000473 0.000392 0.000229 0.000221 0.044889 0.001100 0.001380 0.002481 0.002357 0.000275 0.000371 0.000272 0.000375 0.000474 0.000512 0.000695 0.090493 0.001055 0.000438 0.000414 0.000470 0.000269 0.000340 0.000507 0.000432 0.000224 0.000453 0.000453 0.003751 0.003996 0.000903 0.000769 0.000590 0.000424 0.000321 0.000215 0.000215 0.000326 0.000366 0.000466 0.018830 0.002476 0.001428
0.000756 0.001366 0.000477 0.000387 0.000643 0.046449 0.081121 0.069843 0.067345 0.035639 0.046520 0.108783 0.091761 0.026064 0.018389 0.000745 0.000634 0.000704 0.000653 0.000641 0.000468 0.000239 0.000344 0.034239 0.001299 0.001343 0.001507 0.002454 0.000372 0.000275 0.000372 0.000273 0.000359 0.000421 0.000676 0.000575 0.000582 0.217950 0.006292 0.003394 0.000462 0.000474 0.000447 0.000416 0.000221 0.000430 0.000994 0.003403 0.000753 0.000657 0.000615 0.000468 0.000358 0.000194 0.000211 0.000329 0.000409 0.000459 0.000537 0.030058 0.002514 0.000508
