use_cases/Flooding/flood_case/output/h_4500.asc
ncols 269
nrows 269
xllcorner 0.000000
yllcorner 0.000000
cellsize 10.000000
NODATA_value -9999.000000
[rows 56 to 83 of 269, columns 186 to 247 of 269]
0.002198 0.002488 0.000371 0.000220 0.001766 0.000600 0.000520 0.000411 0.000220 0.000407 0.000947 0.001673 0.000573 0.000533 0.000501 0.000417 0.000602 0.000354 0.000274 0.000390 0.001176 0.001700 0.001311 0.003329 0.000572 0.000474 0.000565 0.000224 0.000451 0.001426 0.002881 0.000592 0.000392 0.000284 0.000140 0.000292 -9999.000000 -9999.000000 -9999.000000 -9999.000000 -9999.000000 -9999.000000 -9999.000000 -9999.000000 -9999.000000 -9999.000000 -9999.000000 -9999.000000 -9999.000000 -9999.000000 -9999.000000 -9999.000000 -9999.000000 -9999.000000 -9999.000000 -9999.000000 -9999.000000 -9999.000000 -9999.000000 -9999.000000 -9999.000000 -9999.000000
0.001849 0.000508 0.000468 0.000217 0.001409 0.000516 0.000464 0.000381 0.000215 0.000374 0.001212 0.000859 0.000455 0.000415 0.000405 0.000331 0.000421 0.000196 0.000363 0.000592 0.000585 0.000592 0.001055 0.004044 0.000659 0.000544 0.000830 0.000264 0.000556 0.001330 0.002848 0.000472 0.000415 0.000510 0.000283 0.000140 0.000314 0.000422 -9999.000000 -9999.000000 -9999.000000 -9999.000000 -9999.000000 -9999.000000 -9999.000000 -9999.000000 -9999.000000 -9999.000000 -9999.000000 -9999.000000 -9999.000000 -9999.000000 -9999.000000 -9999.000000 -9999.000000 -9999.000000 -9999.000000 -9999.000000 -9999.000000 -9999.000000 -9999.000000 -9999.000000
0.000882 0.000382 0.000331 0.000211 0.001086 0.000409 0.000381 0.000327 0.000203 0.000314 0.000419 0.001069 0.000304 0.000194 0.000257 0.000213 0.000195 0.000140 0.000289 0.000360 0.000400 0.000422 0.000819 0.002773 0.003170 0.000619 0.000549 0.000335 0.000283 0.000733 0.003082 0.000576 0.000487 0.000669 0.000400 0.000312 0.000212 0.000310 0.000379 -9999.000000 -9999.000000 -9999.000000 -9999.000000 -9999.000000 -9999.000000 -9999.000000 -9999.000000 -9999.000000 -9999.000000 -9999.000000 -9999.000000 -9999.000000 -9999.000000 -9999.000000 -9999.000000 -9999.000000 -9999.000000 -9999.000000 -9999.000000 -9999.000000 -9999.000000 -9999.000000
0.000358 0.000218 0.000211 0.000196 0.000764 0.000220 0.000215 0.000203 0.000171 0.000171 0.000323 0.000665 0.000140 0.000306 0.000796 0.000396 0.000356 0.000285 0.000140 0.000195 0.000211 0.000216 0.001357 0.003486 0.005613 0.000820 0.000573 0.000407 0.000248 0.000622 0.003489 0.000598 0.000835 0.000665 0.000480 0.000369 0.000195 0.000140 0.000197 0.000215 -9999.000000 -9999.000000 -9999.000000 -9999.000000 -9999.000000 -9999.000000 -9999.000000 -9999.000000 -9999.000000 -9999.000000 -9999.000000 -9999.000000 -9999.000000 -9999.000000 -9999.000000 -9999.000000 -9999.000000 -9999.000000 -9999.000000 -9999.000000 -9999.000000 -9999.000000
0.000417 0.000514 0.000310 0.000140 0.000421 0.000409 0.000350 0.000474 0.000319 0.000205 0.000216 0.000218 0.000312 0.000409 0.001263 0.000524 0.000487 0.000449 0.000195 0.000407 0.000793 0.001111 0.000910 0.000853 0.005980 0.001423 0.000583 0.000431 0.000231 0.000540 0.004314 0.001645 0.002234 0.001641 0.001168 0.000760 0.000325 0.000195 0.000665 0.000333 0.000196 0.000140 -9999.000000 -9999.000000 -9999.000000 -9999.000000 -9999.000000 -9999.000000 -9999.000000 -9999.000000 -9999.000000 -9999.000000 -9999.000000 -9999.000000 -9999.000000 -9999.000000 -9999.000000 -9999.000000 -9999.000000 -9999.000000 -9999.000000 -9999.000000
0.000555 0.000526 0.000369 0.000195 0.000416 0.000499 0.001003 0.000508 0.000377 0.000213 0.000335 0.000382 0.000442 0.000607 0.001846 0.000669 0.000644 0.000388 0.000332 0.000224 0.000344 0.000445 0.000478 0.000596 0.005918 0.006717 0.000596 0.000442 0.000225 0.000494 0.005397 0.001934 0.000466 0.000390 0.000344 0.000234 0.000257 0.000344 0.001332 0.000818 0.001033 0.000640 0.000214 -9999.000000 -9999.000000 -9999.000000 -9999.000000 -9999.000000 -9999.000000 -9999.000000 -9999.000000 -9999.000000 -9999.000000 -9999.000000 -9999.000000 -9999.000000 -9999.000000 -9999.000000 -9999.000000 -9999.000000 -9999.000000 -9999.000000
0.000754 0.000488 0.000274 0.000352 0.000470 0.001339 0.000897 0.000625 0.000409 0.000216 0.000459 0.000865 0.000308 0.000448 0.003415 0.000881 0.000499 0.000426 0.000493 0.000224 0.000222 0.000354 0.000716 0.001014 0.000937 0.004576 0.004783 0.000460 0.000256 0.004446 0.004255 0.000407 0.000354 0.000219 0.000220 0.000222 0.000352 0.001645 0.001437 0.001331 0.000484 0.000348 0.000195 0.000140 -9999.000000 -9999.000000 -9999.000000 -9999.000000 -9999.000000 -9999.000000 -9999.000000 -9999.000000 -9999.000000 -9999.000000 -9999.000000 -9999.000000 -9999.000000 -9999.000000 -9999.000000 -9999.000000 -9999.000000 -9999.000000
0.000702 0.000478 0.000276 0.000497 0.000564 0.002015 0.000875 0.000315 0.000758 0.000220 0.000373 0.001429 0.000255 0.002212 0.002100 0.000659 0.000711 0.001134 0.001228 0.000743 0.000323 0.000531 0.000569 0.000758 0.000670 0.004568 0.007703 0.000450 0.000199 0.005296 0.001717 0.000236 0.000264 0.000342 0.000218 0.000336 0.003185 0.003114 0.001851 0.000535 0.000436 0.000258 0.000327 0.000195 0.000213 0.000218 -9999.000000 -9999.000000 -9999.000000 -9999.000000 -9999.000000 -9999.000000 -9999.000000 -9999.000000 -9999.000000 -9999.000000 -9999.000000 -9999.000000 -9999.000000 -9999.000000 -9999.000000 -9999.000000
0.000889 0.000572 0.000202 0.000378 0.002010 0.001753 0.000527 0.000261 0.000639 0.000523 0.001094 0.000657 0.000548 0.003189 0.001553 0.001526 0.002853 0.001489 0.000422 0.000312 0.000140 0.000308 0.000453 0.000570 0.000666 0.000754 0.134268 0.007553 0.000216 0.006376 0.002051 0.000766 0.000373 0.000262 0.000352 0.000441 0.003753 0.000614 0.000539 0.000476 0.000417 0.000373 0.000258 0.000346 0.000496 0.000758 0.000140 -9999.000000 -9999.000000 -9999.000000 -9999.000000 -9999.000000 -9999.000000 -9999.000000 -9999.000000 -9999.000000 -9999.000000 -9999.000000 -9999.000000 -9999.000000 -9999.000000 -9999.000000
0.000508 0.000380 0.000217 0.000414 0.003682 0.000930 0.000351 0.000405 0.000616 0.001404 0.000902 0.000429 0.030463 0.005075 0.002850 0.002722 0.000515 0.000434 0.000333 0.000213 0.000196 0.000211 0.000425 0.000533 0.000605 0.000673 0.001747 0.014334 0.004194 0.006212 0.000444 0.000361 0.000275 0.000377 0.000454 0.004100 0.003745 0.000531 0.000440 0.000350 0.000239 0.000278 0.000382 0.000461 0.000455 0.001143 0.000279 0.000140 -9999.000000 -9999.000000 -9999.000000 -9999.000000 -9999.000000 -9999.000000 -9999.000000 -9999.000000 -9999.000000 -9999.000000 -9999.000000 -9999.000000 -9999.000000 -9999.000000
0.000491 0.000285 0.000365 0.000487 0.002828 0.000546 0.000633 0.000591 0.007152 0.007408 0.006480 0.006006 0.005753 0.000531 0.000647 0.000465 0.000415 0.000352 0.000218 0.000218 0.000335 0.000390 0.000434 0.000486 0.000537 0.000589 0.000565 0.049690 0.013821 0.000388 0.000337 0.000226 0.000240 0.000413 0.004435 0.004188 0.000477 0.000460 0.000340 0.000222 0.000226 0.000371 0.000472 0.000549 0.000594 0.001618 0.000386 0.000283 0.000140 0.000194 0.000316 0.000140 -9999.000000 -9999.000000 -9999.000000 -9999.000000 -9999.000000 -9999.000000 -9999.000000 -9999.000000 -9999.000000 -9999.000000
0.000470 0.000247 0.000756 0.000716 0.003270 0.000354 0.000483 0.000624 0.008001 0.000668 0.000622 0.000542 0.000665 0.000494 0.000432 0.000325 0.000276 0.000261 0.000335 0.000476 0.000262 0.000533 0.000253 0.000358 0.000440 0.000495 0.000743 0.196829 0.014180 0.000218 0.000218 0.000222 0.000344 0.000478 0.005001 0.000249 0.000290 0.000398 0.000218 0.000218 0.000636 0.000278 0.000560 0.000626 0.001762 0.001217 0.000503 0.000440 0.000196 0.000319 0.122403 0.000659 0.000194 0.000140 0.000196 0.000215 -9999.000000 -9999.000000 -9999.000000 -9999.000000 -9999.000000 -9999.000000
0.000854 0.000338 0.000260 0.000992 0.003362 0.001612 0.001141 0.005761 0.005162 0.000555 0.000514 0.000523 0.000451 0.000382 0.000337 0.000262 0.000518 0.000373 0.000259 0.000922 0.000472 0.000493 0.000232 0.000224 0.000344 0.000390 0.000513 0.001793 0.013931 0.000376 0.000333 0.000219 0.000390 0.005549 0.005074 0.000669 0.000810 0.000365 0.000219 0.000413 0.001550 0.000474 0.000291 0.000567 0.002962 0.001670 0.000621 0.000241 0.000338 0.001699 0.001377 0.000415 0.000321 0.000196 0.000325 0.000384 0.000283 0.000381 0.000195 0.000140 -9999.000000 -9999.000000
0.000283 0.000141 0.000329 0.000259 0.001573 0.001699 0.009323 0.011247 0.004831 0.000842 0.000660 0.000430 0.000330 0.000196 0.000140 0.000488 0.000442 0.000494 0.000467 0.001414 0.000597 0.000566 0.000475 0.000264 0.000233 0.000223 0.000475 0.000681 0.017795 0.001580 0.002487 0.004059 0.009248 0.005849 0.000925 0.001147 0.000409 0.000287 0.000220 0.000346 0.001358 0.000386 0.000253 0.003417 0.003213 0.000420 0.000386 0.000230 0.002137 0.001948 0.000251 0.000302 0.000432 0.000348 0.000258 0.000424 0.000451 0.000635 0.000974 0.000306 0.000211 0.000194
0.000141 0.000283 0.000400 0.000428 0.001130 0.010414 0.140601 0.000580 0.000542 0.000497 0.000432 0.000339 0.000217 0.000212 0.000309 0.000493 0.000545 0.000593 0.000611 0.001999 0.000708 0.000672 0.000336 0.000190 0.000595 0.000903 0.000942 0.000738 0.013294 0.015372 0.003688 0.004386 0.000562 0.000508 0.000441 0.000558 0.000338 0.000257 0.000436 0.000583 0.002515 0.001600 0.002450 0.005110 0.000348 0.000241 0.000279 0.002568 0.041845 0.000401 0.000403 0.000619 0.000497 0.000398 0.000234 0.000440 0.000516 0.000510 0.001462 0.000468 0.000421 0.000403
0.000194 0.000350 0.000567 0.000465 0.000882 0.013138 0.001930 0.000431 0.000415 0.000389 0.000338 0.000218 0.000218 0.000334 0.000418 0.000536 0.000612 0.000787 0.002093 0.001518 0.000666 0.000469 0.000390 0.000213 0.000216 0.000350 0.000453 0.000757 0.000728 0.027073 0.002984 0.000517 0.000461 0.000395 0.000341 0.000422 0.000195 0.000140 0.000323 0.000479 0.004985 0.003511 0.002606 0.000313 0.000222 0.000226 0.002981 0.037510 0.000279 0.000140 0.000394 0.000592 0.001105 0.000476 0.000375 0.000305 0.000497 0.000592 0.003328 0.002290 0.001810 0.002080
0.000405 0.000891 0.001707 0.001211 0.239438 0.028043 0.000222 0.000221 0.000220 0.000218 0.000218 0.000219 0.000339 0.000553 0.000442 0.000578 0.000670 0.000686 0.003008 0.001212 0.000693 0.000575 0.000516 0.000218 0.000340 0.000260 0.000382 0.000483 0.000500 0.018517 0.001290 0.000402 0.000354 0.000214 0.000193 0.000250 0.000211 0.000304 0.000412 0.003984 0.003950 0.000211 0.000194 0.000141 0.000313 0.003470 0.003277 0.000342 0.000140 0.000283 0.000436 0.000603 0.001664 0.000629 0.000421 0.000251 0.000476 0.003958 0.003624 0.000541 0.000537 0.000669
0.000351 0.000420 0.000300 0.000948 0.867848 0.001615 0.001634 0.001162 0.000809 0.000391 0.000344 0.000219 0.000392 0.000655 0.000960 0.000679 0.000769 0.003311 0.002839 0.001414 0.000965 0.000705 0.000381 0.000255 0.000407 0.000434 0.000302 0.000415 0.000303 0.019700 0.001096 0.000233 0.000267 0.000347 0.000491 0.000345 0.000216 0.000373 0.000587 0.006449 0.001752 0.000332 0.000209 0.000305 0.004426 0.017478 0.000390 0.000302 0.000197 0.000453 0.000647 0.000712 0.002154 0.000473 0.000306 0.000387 0.004547 0.004386 0.000737 0.000712 0.000474 0.000388
0.000412 0.000290 0.000393 0.298112 0.039556 0.000544 0.000744 0.000487 0.000441 0.000429 0.000265 0.000354 0.000821 0.000317 0.000576 0.001175 0.001295 0.006644 0.001385 0.000731 0.000557 0.000472 0.000413 0.000196 0.000420 0.000508 0.000501 0.000335 0.000416 0.127236 0.000591 0.000436 0.000448 0.000782 0.000710 0.000774 0.000262 0.000532 0.000515 0.005229 0.001205 0.000259 0.005349 0.005303 0.004641 0.000380 0.000279 0.000140 0.000304 0.000375 0.000471 0.000826 0.003615 0.002193 0.003377 0.005115 0.004875 0.000578 0.000587 0.000472 0.000358 0.000199
0.000295 0.000384 0.000486 0.779687 0.000469 0.000440 0.000578 0.000346 0.000246 0.000298 0.000384 0.000461 0.001174 0.000261 0.000534 0.000338 0.000691 0.005119 0.001122 0.000718 0.000587 0.000482 0.000298 0.000503 0.000416 0.000548 0.000586 0.000548 0.000710 0.288731 0.002778 0.002377 0.001950 0.002275 0.001035 0.000304 0.000196 0.000374 0.000537 0.055648 0.004319 0.008666 0.005677 0.000463 0.000378 0.000279 0.000140 0.000283 0.000394 0.000478 0.000563 0.000617 0.008466 0.004891 0.003533 0.000426 0.000418 0.000386 0.000540 0.000400 0.000285 0.000371
0.000248 0.000475 0.028932 0.018379 0.000537 0.000345 0.000427 0.000222 0.000228 0.000373 0.000465 0.001858 0.001096 0.000488 0.000346 0.000434 0.000634 0.005707 0.001002 0.000774 0.000726 0.000472 0.000250 0.000869 0.000343 0.000653 0.000662 0.000660 0.000604 0.367699 0.000648 0.000582 0.000468 0.000505 0.000306 0.000141 0.000308 0.000437 0.002122 0.491090 0.006108 0.000531 0.000484 0.000370 0.000279 0.000140 0.000282 0.000385 0.000599 0.000489 0.000610 0.000701 0.006881 0.000276 0.000353 0.000220 0.000216 0.000203 0.000289 0.000299 0.000419 0.000642
0.000231 0.000373 0.224832 0.000369 0.000339 0.000221 0.000221 0.000220 0.000338 0.000444 0.000536 0.001851 0.000708 0.000398 0.000269 0.000449 0.000605 0.006431 0.001579 0.000680 0.000454 0.000322 0.001057 0.000823 0.000220 0.000438 0.000617 0.000695 0.021646 0.020007 0.000547 0.000508 0.000440 0.000334 0.000211 0.000195 0.000362 0.000479 0.011517 0.010252 0.000499 0.000400 0.000435 0.000256 0.000140 0.000283 0.000385 0.000474 0.000623 0.000786 0.000598 0.000737 0.007508 0.000376 0.000261 0.000338 0.000216 0.000717 0.000428 0.000389 0.000295 0.001054
0.000367 0.018817 0.300150 0.000424 0.000219 0.000220 0.000335 0.000378 0.000444 0.000528 0.000614 0.002414 0.000677 0.000437 0.000239 0.000448 0.006855 0.028561 0.000634 0.000706 0.000316 0.000419 0.001974 0.000507 0.000223 0.000451 0.000604 0.000721 0.113551 0.000435 0.000425 0.000406 0.000357 0.000218 0.000217 0.000329 0.000430 0.011475 0.011268 0.000537 0.000390 0.000344 0.000237 0.000274 0.000194 0.000353 0.000552 0.000712 0.000885 0.001089 0.000706 0.017218 0.009728 0.000867 0.001168 0.001773 0.004247 0.005626 0.003992 0.001021 0.001441 0.003239
0.000464 0.019752 0.000574 0.000216 0.000218 0.000329 0.000417 0.000481 0.000693 0.000528 0.000660 0.002824 0.000600 0.000310 0.000380 0.007001 0.007058 0.000404 0.000374 0.000303 0.000413 0.001783 0.001122 0.000484 0.000222 0.000453 0.000596 0.000738 0.025252 0.000222 0.000226 0.000235 0.000264 0.000346 0.000219 0.000382 0.000492 0.012512 0.000568 0.000527 0.000482 0.000221 0.000226 0.000360 0.000385 0.000583 0.000421 0.000525 0.000624 0.000945 0.018030 0.183308 0.004866 0.009308 0.006642 0.008490 0.005524 0.002298 0.003419 0.007517 0.004328 0.005573
0.019865 0.025508 0.000330 0.000218 0.000331 0.000417 0.000499 0.000579 0.000925 0.000594 0.003051 0.002294 0.000551 0.000258 0.007249 0.007336 0.000353 0.000222 0.000229 0.000248 0.001406 0.001246 0.000860 0.000741 0.000495 0.000363 0.000673 0.005699 0.023852 0.000440 0.000432 0.000413 0.000372 0.000266 0.000435 0.000593 0.000677 0.019624 0.000425 0.000409 0.000313 0.000221 0.000343 0.000443 0.000502 0.000782 0.000513 0.000614 0.000700 0.018110 0.232152 0.003171 0.000792 0.000653 0.001025 0.000679 0.000590 0.000470 0.000253 0.001474 0.000606 0.000524
0.043230 0.000218 0.000219 0.000217 0.000377 0.000488 0.000881 0.047274 0.121761 0.122905 0.090153 0.044852 0.008344 0.009330 0.005945 0.000236 0.000263 0.000341 0.000220 0.000345 0.002115 0.001182 0.000873 0.000782 0.000379 0.000224 0.000411 0.008515 0.023646 0.000556 0.000524 0.000452 0.000637 0.000462 0.000244 0.000406 0.013552 0.012575 0.000537 0.000307 0.000141 0.000313 0.000423 0.000516 0.000593 0.000964 0.000589 0.000680 0.001186 0.287123 0.004774 0.000771 0.000781 0.000825 0.000832 0.000619 0.000562 0.000479 0.000304 0.001101 0.000503 0.000436
0.038775 0.000334 0.000215 0.000332 0.000656 0.071515 0.248249 0.339543 0.372278 0.363876 0.316212 0.260415 0.201522 0.085122 0.002977 0.000409 0.000369 0.000260 0.000349 0.000439 0.002797 0.001126 0.000911 0.000538 0.000420 0.000224 0.000420 0.003858 0.024434 0.000517 0.000336 0.000567 0.001049 0.000246 0.000356 0.000469 0.236254 0.000442 0.000331 0.000210 0.000194 0.000367 0.000480 0.000576 0.000666 0.000909 0.001214 0.015357 0.148093 0.014530 0.000694 0.000631 0.000560 0.000774 0.000555 0.000541 0.000516 0.000473 0.000440 0.000689 0.000388 0.000335
0.163289 0.004839 0.000531 0.039234 0.201471 0.302541 0.300035 0.287021 0.276228 0.271172 0.285061 0.340301 0.322064 0.208982 0.038283 0.001261 0.000415 0.000236 0.003239 0.053404 0.041751 0.000978 0.000647 0.000567 0.000432 0.000221 0.000419 0.002690 0.027557 0.000540 0.000416 0.000297 0.145123 0.000362 0.000271 0.146097 0.013714 0.000367 0.000217 0.000215 0.000325 0.000437 0.000538 0.000638 0.017022 0.131164 0.050628 0.015756 0.000656 0.000616 0.000612 0.000526 0.000467 0.000615 0.000425 0.000421 0.000419 0.000339 0.000350 0.000508 0.000211 0.000188
