use_cases/Flooding/flood_case/output/h_5400.asc
ncols 269
nrows 269
xllcorner 0.000000
yllcorner 0.000000
cellsize 10.000000
NODATA_value -9999.000000
[rows 140 to 167 of 269, columns 0 to 61 of 269]
-9999.000000 -9999.000000 -9999.000000 -9999.000000 -9999.000000 -9999.000000 4.999209 0.055742 0.089627 0.098578 0.000209 0.000194 0.127325 0.051516 0.037139 0.019565 0.192541 0.009131 0.001117 0.001109 0.001322 0.002590 0.002760 0.002733 0.005256 0.004234 0.014407 0.001664 0.001439 0.001215 0.000810 0.000628 0.000620 0.000364 0.000257 0.000195 0.000140 0.000783 0.000415 0.000329 0.000210 0.000476 0.000584 0.000593 0.000862 0.079306 0.053858 0.000966 0.000876 0.000396 0.000377 0.027456 0.433586 0.317195 0.003747 0.004044 0.002119 0.001026 0.001269 0.001526 0.000517 0.000221
-9999.000000 -9999.000000 -9999.000000 -9999.000000 -9999.000000 -9999.000000 4.991844 0.167765 0.181668 0.170231 0.066136 0.000140 0.083595 0.025948 0.032129 0.060671 0.017598 0.008230 0.001194 0.000835 0.000711 0.000343 0.000442 0.001177 0.000196 0.016379 0.027033 0.000927 0.000437 0.000445 0.000437 0.000414 0.000347 0.000357 0.000404 0.000324 0.000195 0.000619 0.000637 0.000540 0.000472 0.000473 0.000600 0.002929 0.312312 0.330873 0.317855 0.239172 0.006671 0.000297 0.000434 0.306332 0.403816 0.229162 0.002170 0.001627 0.001563 0.001530 0.000246 0.000287 0.000379 0.000538
-9999.000000 -9999.000000 -9999.000000 -9999.000000 -9999.000000 -9999.000000 4.972306 0.286224 0.252111 0.189706 0.099328 0.079279 0.345279 0.199715 0.115649 0.049922 0.030398 0.013664 0.001516 0.000867 0.001586 0.002591 0.001063 0.002205 0.000140 0.012297 0.038606 0.000221 0.000219 0.000226 0.000231 0.000249 0.000296 0.000414 0.000580 0.000256 0.000347 0.000579 0.000679 0.000675 0.000824 0.000560 0.002711 0.263501 0.334290 0.379643 0.361734 0.334525 0.353496 0.294926 0.315706 0.296200 0.239318 0.104354 0.000994 0.001524 0.001477 0.000909 0.001705 0.002346 0.003045 0.000645
-9999.000000 -9999.000000 -9999.000000 -9999.000000 -9999.000000 -9999.000000 4.954999 0.314111 0.293420 0.302099 0.332956 0.403486 0.455748 0.294679 0.127137 0.066147 0.044213 0.023045 0.002052 0.000983 0.001003 0.001096 0.002248 0.000880 0.006777 0.007744 0.021174 0.007363 0.000418 0.000416 0.000403 0.000364 0.000246 0.000435 0.000774 0.000496 0.000938 0.000697 0.001275 0.000896 0.001139 0.000923 0.128224 0.309282 0.320206 0.245168 0.175243 0.305089 0.374958 0.392145 0.385953 0.304456 0.142018 0.008060 0.000776 0.001000 0.001940 0.002442 0.002001 0.000837 0.001595 0.001950
-9999.000000 -9999.000000 -9999.000000 -9999.000000 -9999.000000 -9999.000000 4.946938 0.295479 0.301724 0.391774 0.546706 0.627680 0.474077 0.145660 0.124523 0.095386 0.064718 0.035729 0.002537 0.001335 0.000401 0.000456 0.000140 0.001735 0.002117 0.003278 0.004262 0.007370 0.000553 0.000520 0.000480 0.000402 0.000228 0.000442 0.001130 0.000262 0.000694 0.000479 0.000941 0.000606 0.000742 0.004230 0.328978 0.319675 0.165642 0.000898 0.000398 0.000541 0.076160 0.232470 0.212474 0.048359 0.012403 0.009449 0.000218 0.000214 0.000196 0.000263 0.000228 0.000239 0.000271 0.000349
-9999.000000 -9999.000000 -9999.000000 -9999.000000 -9999.000000 -9999.000000 4.954273 0.272003 0.284697 0.354971 0.461316 0.486362 0.221954 0.167063 0.173141 0.127672 0.086766 0.103922 0.002847 0.000437 0.000373 0.000653 0.000197 0.004189 0.001217 0.001060 0.000281 0.009479 0.009379 0.000602 0.000525 0.000419 0.000222 0.000445 0.001408 0.000236 0.000602 0.000623 0.001441 0.000388 0.000664 0.195676 0.341600 0.273406 0.003202 0.000761 0.000651 0.000446 0.000594 0.001488 0.000671 0.000562 0.000250 0.008539 0.009089 0.003328 0.004882 0.010041 0.007218 0.007099 0.000614 0.000735
-9999.000000 -9999.000000 -9999.000000 -9999.000000 -9999.000000 -9999.000000 4.979146 0.166207 0.227642 0.150612 0.168540 0.279855 0.178946 0.186555 0.223624 0.178923 0.182484 0.144406 0.006431 0.000300 0.000426 0.000140 0.001549 0.006526 0.000819 0.000467 0.000287 0.000574 0.015892 0.031279 0.000821 0.000439 0.000223 0.000454 0.001841 0.000592 0.000748 0.000767 0.000789 0.000666 0.066976 0.277686 0.285678 0.063719 0.000894 0.000768 0.000680 0.000722 0.000576 0.000866 0.000625 0.000631 0.000295 0.000378 0.007112 0.047676 0.005582 0.000575 0.000434 0.007131 0.007059 0.006482
-9999.000000 -9999.000000 -9999.000000 -9999.000000 -9999.000000 -9999.000000 4.983993 0.159454 0.119309 0.095032 0.123745 0.261365 0.224312 0.232015 0.259625 0.221038 0.213273 0.164579 0.036968 0.000371 0.000230 0.000319 0.001452 0.002090 0.000488 0.000435 0.000386 0.000629 0.001062 0.017877 0.045959 0.047074 0.041513 0.028223 0.041222 0.036112 0.052239 0.094768 0.121888 0.169158 0.206468 0.240424 0.118116 0.001270 0.001427 0.001332 0.000997 0.001123 0.000560 0.000565 0.000471 0.000731 0.000405 0.000250 0.000674 0.000777 0.002068 0.000876 0.000701 0.000528 0.000509 0.000763
-9999.000000 -9999.000000 -9999.000000 -9999.000000 -9999.000000 -9999.000000 4.972276 0.175647 0.124381 0.078005 0.094132 0.144971 0.245374 0.266597 0.271838 0.234330 0.203943 0.168097 0.073650 0.000906 0.000469 0.011176 0.020349 0.000767 0.000352 0.000276 0.000592 0.000690 0.001284 0.001402 0.010280 0.039287 0.031842 0.027675 0.050599 0.066240 0.087853 0.126925 0.165032 0.164229 0.114620 0.066093 0.002309 0.001182 0.001441 0.000954 0.000796 0.000690 0.000683 0.000488 0.000406 0.000567 0.000347 0.000303 0.000828 0.000756 0.001329 0.000621 0.001120 0.000658 0.000470 0.000367
-9999.000000 -9999.000000 -9999.000000 -9999.000000 -9999.000000 -9999.000000 4.913140 0.435933 0.900210 1.086771 0.681156 0.432860 0.338792 0.319203 0.307298 0.296597 0.245949 0.117936 0.018058 0.000140 0.000734 0.001752 0.002275 0.000413 0.000218 0.000497 0.000972 0.000625 0.001635 0.001373 0.001128 0.000988 0.001245 0.000824 0.000971 0.010982 0.028350 0.014615 0.001284 0.000971 0.000677 0.001381 0.001442 0.000807 0.000732 0.000951 0.000730 0.000564 0.000475 0.000390 0.000354 0.000309 0.000140 0.000445 0.001647 0.000544 0.000491 0.000406 0.000579 0.000412 0.000386 0.000192
-9999.000000 -9999.000000 -9999.000000 -9999.000000 -9999.000000 -9999.000000 4.693263 1.354498 1.834662 1.764674 0.810357 0.417591 0.375760 0.389209 0.418465 0.439236 0.350518 0.095376 0.000413 0.000255 0.001076 0.002841 0.000517 0.000396 0.000217 0.000404 0.000552 0.000904 0.002245 0.001026 0.000737 0.000690 0.000801 0.000889 0.000954 0.001009 0.004221 0.000779 0.000608 0.000449 0.000230 0.000717 0.002553 0.000705 0.000716 0.000706 0.001139 0.000486 0.000384 0.000195 0.000140 0.000197 0.000310 0.000494 0.000443 0.000422 0.000386 0.000306 0.000273 0.000211 0.000343 0.000418
-9999.000000 -9999.000000 -9999.000000 -9999.000000 -9999.000000 -9999.000000 -9999.000000 0.000140 2.251475 1.875767 0.573175 0.430749 0.434142 0.505907 0.630348 3.685320 3.479393 0.000140 0.000693 0.008770 0.021585 0.000584 0.000469 0.000381 0.000212 0.000378 0.000539 0.000803 0.002376 0.000473 0.000236 0.000519 0.000776 0.000801 0.000855 0.000900 0.003543 0.000776 0.000610 0.000450 0.000244 0.000496 0.001559 0.000564 0.000560 0.000532 0.000849 0.000763 0.000660 0.000327 0.000196 0.000453 0.002646 0.001230 0.000223 0.000223 0.000227 0.000236 0.000463 0.000217 0.000911 0.000549
-9999.000000 -9999.000000 -9999.000000 -9999.000000 -9999.000000 -9999.000000 -9999.000000 -9999.000000 0.000140 1.681660 0.378846 0.564228 0.577997 0.689674 3.932955 3.703028 3.378819 1.072852 0.000140 0.000675 0.004873 0.000526 0.000425 0.000327 0.000196 0.000325 0.000539 0.000891 0.002859 0.000479 0.000261 0.000577 0.000833 0.001027 0.001151 0.001240 0.004421 0.001221 0.000625 0.000445 0.000285 0.000362 0.001050 0.000433 0.000428 0.000421 0.000416 0.000350 0.000508 0.000389 0.000213 0.002378 0.004189 0.000848 0.001833 0.000772 0.000438 0.000225 0.000630 0.000473 0.001747 0.002173
-9999.000000 -9999.000000 -9999.000000 -9999.000000 -9999.000000 -9999.000000 -9999.000000 -9999.000000 -9999.000000 0.000170 0.000170 0.844654 0.630141 0.676709 3.735645 3.598627 0.965830 1.085937 1.138431 0.000520 0.000639 0.000473 0.000350 0.000196 0.000140 0.000196 0.000554 0.001052 0.001344 0.000477 0.000327 0.000659 0.001351 0.000807 0.000774 0.000767 0.001967 0.001241 0.000641 0.000422 0.000392 0.000218 0.000607 0.000218 0.000211 0.000189 0.000256 0.000196 0.000140 0.000397 0.002224 0.002007 0.000479 0.000495 0.000515 0.000223 0.000229 0.000351 0.001002 0.000490 0.000942 0.001853
-9999.000000 -9999.000000 -9999.000000 -9999.000000 -9999.000000 -9999.000000 -9999.000000 -9999.000000 -9999.000000 -9999.000000 -9999.000000 0.000140 0.835977 0.711097 0.834004 0.903506 1.032240 1.133703 0.998302 0.000451 0.000454 0.000436 0.000259 0.000327 0.000196 0.000664 0.001041 0.001328 0.000228 0.000422 0.000470 0.000749 0.000948 0.000710 0.000592 0.000607 0.000784 0.001559 0.001094 0.000262 0.000338 0.000213 0.000216 0.000827 0.000523 0.000620 0.000810 0.001118 0.001675 0.008925 0.004640 0.000892 0.000212 0.000190 0.000265 0.000222 0.000352 0.000454 0.000620 0.000901 0.000758 0.002304
-9999.000000 -9999.000000 -9999.000000 -9999.000000 -9999.000000 -9999.000000 -9999.000000 -9999.000000 -9999.000000 -9999.000000 -9999.000000 -9999.000000 0.000140 0.778926 0.728671 0.971963 1.125993 1.106692 0.859868 0.000246 0.000299 0.000421 0.001013 0.001153 0.000816 0.000303 0.000901 0.000423 0.000241 0.000385 0.000603 0.000764 0.001913 0.000243 0.000319 0.000473 0.000336 0.000726 0.001252 0.001063 0.000211 0.000196 0.000574 0.016384 0.036692 0.003602 0.005113 0.003048 0.002424 0.001311 0.008832 0.000722 0.000339 0.000210 0.000359 0.000403 0.000642 0.000464 0.000634 0.000839 0.000865 0.002722
-9999.000000 -9999.000000 -9999.000000 -9999.000000 -9999.000000 -9999.000000 -9999.000000 -9999.000000 -9999.000000 -9999.000000 -9999.000000 -9999.000000 -9999.000000 0.000335 0.000190 0.952660 1.199222 1.201292 1.048540 0.893584 0.000693 0.000851 0.001222 0.000305 0.000438 0.000442 0.000407 0.000384 0.000279 0.000299 0.000369 0.000381 0.000801 0.000285 0.000140 0.000196 0.000213 0.000333 0.000365 0.000822 0.000311 0.000140 0.000194 0.019003 0.029629 0.000346 0.000194 0.000601 0.000208 0.000337 0.001318 0.000605 0.000263 0.000358 0.000588 0.001011 0.000651 0.000642 0.000710 0.030444 0.022115 0.003083
-9999.000000 -9999.000000 -9999.000000 -9999.000000 -9999.000000 -9999.000000 -9999.000000 -9999.000000 -9999.000000 -9999.000000 -9999.000000 -9999.000000 -9999.000000 0.000239 0.000270 0.000326 1.439149 1.298767 1.192883 0.989754 0.539597 0.000614 0.000623 0.000368 0.000188 0.000253 0.000188 0.000255 0.000188 0.000257 0.000197 0.000140 0.000292 0.000140 0.000285 0.000357 0.000681 0.000195 0.000140 0.000300 0.000758 0.000308 0.000211 0.000418 0.000351 0.000284 0.000140 0.000237 0.000184 0.000210 0.000912 0.001369 0.000236 0.000413 0.000462 0.000637 0.000898 0.000640 0.019000 0.003767 0.000331 0.000259
-9999.000000 -9999.000000 -9999.000000 -9999.000000 -9999.000000 -9999.000000 -9999.000000 -9999.000000 -9999.000000 -9999.000000 -9999.000000 -9999.000000 -9999.000000 -9999.000000 0.000232 0.000251 1.228053 1.317548 1.267573 1.231146 0.967575 0.500978 0.000617 0.000469 0.000399 0.000368 0.000524 0.000368 0.000513 0.000359 0.000213 0.000301 0.000391 0.000661 0.000239 0.000526 0.021915 0.000321 0.000196 0.000411 0.001141 0.001378 0.019682 0.027515 0.000193 0.000140 0.000286 0.000497 0.000337 0.000394 0.000742 0.001379 0.000666 0.001054 0.000321 0.000591 0.000826 0.017751 0.004290 0.000195 0.000140 0.000323
-9999.000000 -9999.000000 -9999.000000 -9999.000000 -9999.000000 -9999.000000 -9999.000000 -9999.000000 -9999.000000 -9999.000000 -9999.000000 -9999.000000 -9999.000000 -9999.000000 -9999.000000 0.000194 0.000313 1.343436 1.350597 1.387573 1.394161 1.413564 1.438135 1.081947 0.000566 0.000584 0.000996 0.000690 0.000597 0.000271 0.000346 0.000408 0.001003 0.000628 0.000449 0.000480 0.000464 0.001065 0.000397 0.000140 0.000232 0.000186 0.000300 0.000948 0.000594 0.000194 0.000361 0.000889 0.000262 0.000435 0.000668 0.001344 0.000823 0.008492 0.006283 0.006238 0.013948 0.004975 0.000674 0.000382 0.000323 0.000234
-9999.000000 -9999.000000 -9999.000000 -9999.000000 -9999.000000 -9999.000000 -9999.000000 -9999.000000 -9999.000000 -9999.000000 -9999.000000 -9999.000000 -9999.000000 -9999.000000 -9999.000000 0.000140 0.000353 0.000414 1.397364 1.406660 1.416993 1.545852 1.591932 1.698328 1.568036 0.000661 0.000631 0.000438 0.000284 0.000382 0.000436 1.910378 1.909378 1.906686 1.725294 1.124986 0.000445 0.000217 0.000385 0.000194 0.001081 0.000300 0.000140 0.000196 0.000264 0.000282 0.000895 0.000894 0.000389 0.000302 0.000580 0.002014 0.111892 0.013271 0.000195 0.001153 0.000572 0.000614 0.000788 0.001690 0.000583 0.000323
-9999.000000 -9999.000000 -9999.000000 -9999.000000 -9999.000000 -9999.000000 -9999.000000 -9999.000000 -9999.000000 -9999.000000 -9999.000000 -9999.000000 -9999.000000 -9999.000000 -9999.000000 -9999.000000 0.000140 0.000295 0.000518 1.144645 1.013159 1.268757 1.349145 1.459299 1.496930 1.356435 0.000627 0.000449 0.000244 0.000411 1.701226 2.022685 2.019680 2.006039 1.922841 1.667948 1.395160 0.871886 0.000417 0.000211 0.000551 0.001508 0.000385 0.000242 0.000357 0.000557 0.000684 1.350795 1.146471 1.036204 1.168747 1.168331 0.000211 0.000195 0.000140 0.000666 0.000332 0.000196 0.000140 0.000422 0.000421 0.000380
-9999.000000 -9999.000000 -9999.000000 -9999.000000 -9999.000000 -9999.000000 -9999.000000 -9999.000000 -9999.000000 -9999.000000 -9999.000000 -9999.000000 -9999.000000 -9999.000000 -9999.000000 -9999.000000 -9999.000000 0.000194 0.000549 0.000411 0.000596 1.209630 1.130644 1.580508 1.774860 1.715314 1.511011 0.932332 0.633481 1.035285 1.895202 1.971122 1.978795 1.960999 1.927046 1.928584 1.805052 1.563462 1.141486 0.000456 0.000875 0.000744 0.000228 0.000305 1.538415 1.752983 1.794430 1.800082 1.658644 1.624311 1.802729 1.714638 1.577496 1.039852 0.666700 0.000220 0.000218 0.000212 0.000787 0.000521 0.000431 0.000557
-9999.000000 -9999.000000 -9999.000000 -9999.000000 -9999.000000 -9999.000000 -9999.000000 -9999.000000 -9999.000000 -9999.000000 -9999.000000 -9999.000000 -9999.000000 -9999.000000 -9999.000000 -9999.000000 -9999.000000 0.000140 0.000422 0.000361 0.000567 0.000700 0.000540 1.462959 1.782277 1.788014 1.774765 1.667223 1.609891 1.671554 1.922447 1.892237 1.923313 1.839517 1.770958 1.923487 2.002558 1.958344 1.782878 1.410018 1.165138 1.240140 1.330159 1.447046 1.783802 1.948379 1.984887 2.027339 1.966664 1.963371 1.984809 1.954747 2.129259 1.924139 1.676153 1.325150 0.000463 0.000511 0.001035 0.000499 0.000297 0.929010
-9999.000000 -9999.000000 -9999.000000 -9999.000000 -9999.000000 -9999.000000 -9999.000000 -9999.000000 -9999.000000 -9999.000000 -9999.000000 -9999.000000 -9999.000000 -9999.000000 -9999.000000 -9999.000000 -9999.000000 -9999.000000 0.000451 0.000321 0.000830 0.000645 0.000773 0.000668 1.708299 1.851591 1.863163 1.867329 1.880181 1.893003 1.842316 1.672891 0.000743 0.000441 0.000206 1.871211 1.974711 2.021450 2.048095 1.974449 1.928130 1.915196 1.940889 1.835437 1.786370 1.783044 1.785734 1.951912 1.924460 1.836613 1.712562 1.624248 1.962787 2.102703 2.214055 2.112113 1.950708 1.555169 0.000468 1.794565 1.663041 1.543331
-9999.000000 -9999.000000 -9999.000000 -9999.000000 -9999.000000 -9999.000000 -9999.000000 -9999.000000 -9999.000000 -9999.000000 -9999.000000 -9999.000000 -9999.000000 -9999.000000 -9999.000000 -9999.000000 -9999.000000 -9999.000000 0.000140 0.000471 0.000546 0.000482 0.000510 0.000663 0.000644 1.839788 1.867476 1.936298 1.963982 1.989696 1.777156 0.000776 0.001166 0.000624 0.000269 0.000471 1.593792 1.751779 1.992447 2.010522 1.992724 1.977486 1.977036 1.949497 1.871090 1.856261 1.494027 0.000477 0.000832 0.001771 0.000635 0.000428 1.895510 1.892056 2.200094 2.221108 2.176847 1.928002 1.863048 2.053355 2.239212 2.212576
-9999.000000 -9999.000000 -9999.000000 -9999.000000 -9999.000000 -9999.000000 -9999.000000 -9999.000000 -9999.000000 -9999.000000 -9999.000000 -9999.000000 -9999.000000 -9999.000000 -9999.000000 -9999.000000 -9999.000000 -9999.000000 -9999.000000 0.000539 0.000459 0.000213 0.000383 0.000465 0.000511 0.000651 0.000641 1.762889 0.001109 0.002145 0.000834 0.001079 0.000779 0.000586 0.000274 0.000464 0.000630 0.000644 1.711589 1.826002 1.961015 1.963224 1.856955 1.761998 1.567024 0.000738 0.000777 0.001052 0.001343 0.001742 0.000947 0.000938 0.000746 0.004525 2.119782 2.223675 2.274063 2.210755 2.213760 2.256873 2.247585 2.171392
-9999.000000 -9999.000000 -9999.000000 -9999.000000 -9999.000000 -9999.000000 -9999.000000 -9999.000000 -9999.000000 -9999.000000 -9999.000000 -9999.000000 -9999.000000 -9999.000000 -9999.000000 -9999.000000 -9999.000000 -9999.000000 -9999.000000 0.000438 0.000474 0.000196 0.000326 0.000387 0.000416 0.000429 0.000759 0.000456 0.000445 0.002438 0.000779 0.000876 0.000903 0.000682 0.000358 0.000443 0.000894 0.000536 0.000602 0.000660 1.299457 1.391556 0.000757 0.000788 0.000973 0.000854 0.000552 0.000264 0.002260 0.000640 0.000543 0.000526 0.000677 0.006664 0.002847 1.985523 2.144225 2.200356 2.216817 2.197544 2.192765 1.949722
