use_cases/Flooding/flood_case/output/h_5400.asc
ncols 269
nrows 269
xllcorner 0.000000
yllcorner 0.000000
cellsize 10.000000
NODATA_value -9999.000000
[rows 56 to 83 of 269, columns 62 to 123 of 269]
0.000450 0.000590 0.002699 0.001805 0.004131 0.002336 0.000271 0.000363 0.000264 0.001111 0.000747 0.000231 0.000464 0.002774 0.000928 0.000698 0.000571 0.000603 0.000215 0.000450 0.003013 0.000761 0.000682 0.001025 0.000606 0.000405 0.000311 0.000380 0.000557 0.000619 0.008231 0.000570 0.000551 0.000600 0.000651 0.000557 0.000358 0.000371 0.001923 0.082123 0.000507 0.000492 0.000398 0.000197 0.000260 0.000229 0.000376 0.000482 0.000495 0.000480 0.000666 0.000453 0.000444 0.000328 0.000470 0.000432 0.000470 0.000686 0.004457 0.004654 0.003348 0.003830
0.000427 0.000554 0.001654 0.000323 0.001193 0.043112 0.003614 0.000211 0.000343 0.000399 0.000983 0.000254 0.000476 0.002971 0.001502 0.000637 0.000685 0.000386 0.000197 0.000439 0.002520 0.000683 0.000674 0.000830 0.000624 0.000501 0.000233 0.000443 0.000557 0.000971 0.005240 0.004750 0.000281 0.000374 0.000593 0.000549 0.000693 0.000247 0.000481 0.011897 0.007960 0.000569 0.000500 0.000445 0.000344 0.000221 0.001360 0.001121 0.001540 0.002095 0.002457 0.001322 0.000728 0.000489 0.000403 0.000210 0.000361 0.000620 0.000461 0.001681 0.000601 0.000532
0.000321 0.000501 0.001287 0.000476 0.000249 0.000788 0.049426 0.007947 0.005802 0.002499 0.001887 0.000317 0.000475 0.000720 0.001612 0.000769 0.001138 0.000537 0.000257 0.000678 0.003189 0.000535 0.000801 0.000444 0.000584 0.000351 0.000247 0.000756 0.000880 0.000805 0.000808 0.004755 0.002877 0.001428 0.000900 0.000896 0.000424 0.000216 0.000483 0.000775 0.042324 0.007377 0.000495 0.000365 0.000263 0.004099 0.004262 0.003261 0.002175 0.000375 0.000554 0.000707 0.000526 0.000389 0.000601 0.000194 0.000311 0.000490 0.000407 0.001252 0.000495 0.000441
0.000483 0.000481 0.000781 0.000479 0.000297 0.000412 0.000922 0.001657 0.000863 0.001007 0.002239 0.002780 0.000830 0.000665 0.000921 0.000509 0.000713 0.000403 0.000225 0.000633 0.001764 0.000494 0.000633 0.000426 0.000340 0.000219 0.000461 0.000718 0.000476 0.000557 0.000651 0.002670 0.002173 0.000631 0.000782 0.000539 0.000419 0.000201 0.000768 0.000884 0.000809 0.150258 0.007739 0.003417 0.006547 0.004661 0.000785 0.001286 0.001139 0.001392 0.000837 0.000547 0.000892 0.000496 0.000320 0.000141 0.000196 0.000303 0.000360 0.000863 0.000391 0.000340
0.000282 0.000378 0.000574 0.000460 0.000422 0.000315 0.001175 0.000576 0.000561 0.000235 0.000408 0.002320 0.000848 0.000715 0.000747 0.000505 0.000541 0.000355 0.000233 0.000777 0.001280 0.000489 0.000356 0.000310 0.000212 0.000219 0.000316 0.000503 0.000390 0.000443 0.000580 0.000670 0.003123 0.001052 0.000612 0.000499 0.000398 0.000253 0.000843 0.000450 0.000875 0.006209 0.029966 0.004366 0.001276 0.000983 0.000844 0.000858 0.000612 0.000751 0.000610 0.000596 0.000493 0.000223 0.000229 0.000444 0.000308 0.000141 0.000195 0.000353 0.000227 0.000233
0.000369 0.000216 0.000201 0.000299 0.000314 0.000468 0.000675 0.000425 0.000648 0.000259 0.000350 0.001737 0.001445 0.001065 0.001404 0.000575 0.000224 0.000232 0.000252 0.001028 0.000494 0.000434 0.000380 0.000140 0.000196 0.000591 0.000140 0.000196 0.000342 0.000510 0.000527 0.000925 0.002338 0.000866 0.000846 0.000706 0.000489 0.000220 0.000388 0.000711 0.001323 0.001708 0.000990 0.000933 0.001369 0.000907 0.000575 0.000664 0.000554 0.000554 0.000442 0.000402 0.000365 0.000342 0.000221 0.000827 0.000367 0.000195 0.000326 0.000768 0.000221 0.000718
0.002647 0.002301 0.001986 0.002822 0.001072 0.000428 0.000399 0.000347 0.000521 0.000326 0.000195 0.000380 0.001073 0.000708 0.000921 0.001206 0.002101 0.000903 0.000479 0.000578 0.000363 0.000285 0.000140 0.000387 0.000409 0.000590 0.000924 0.000343 0.000232 0.000256 0.000610 0.000794 0.001429 0.000640 0.000481 0.000559 0.000389 0.000215 0.000453 0.001057 0.001428 0.000219 0.000924 0.000248 0.001638 0.001438 0.000562 0.000439 0.000412 0.000525 0.000298 0.000231 0.000141 0.000367 0.000400 0.001215 0.000399 0.000210 0.000480 0.000814 0.000619 0.001285
0.000655 0.000515 0.000658 0.000784 0.000632 0.000562 0.000212 0.000189 0.000255 0.000196 0.000140 0.000325 0.000219 0.000208 0.000327 0.000370 0.000531 0.000377 0.000295 0.000267 0.000196 0.000140 0.000553 0.000346 0.000613 0.001444 0.000793 0.000479 0.000397 0.000332 0.000520 0.000801 0.000652 0.000592 0.000583 0.000431 0.000357 0.000209 0.000365 0.001180 0.000712 0.000218 0.000704 0.000296 0.000457 0.001748 0.000554 0.000245 0.000284 0.000381 0.000220 0.000225 0.000309 0.000774 0.000294 0.001576 0.000495 0.000395 0.000536 0.000368 0.000691 0.002404
0.000624 0.000468 0.000464 0.000366 0.000533 0.000399 0.000400 0.000346 0.000547 0.000357 0.000574 0.000482 0.000435 0.000417 0.000388 0.000221 0.000220 0.000218 0.000210 0.000372 0.000297 0.000450 0.000457 0.000498 0.000503 0.002292 0.001214 0.001401 0.002260 0.000515 0.000489 0.000483 0.000587 0.000462 0.000465 0.000360 0.000310 0.000194 0.000315 0.000628 0.000906 0.000217 0.000387 0.000423 0.000433 0.001365 0.000695 0.001541 0.000990 0.000645 0.000583 0.000221 0.000375 0.001498 0.001289 0.037549 0.001073 0.000241 0.001204 0.000321 0.000485 0.001949
0.001125 0.000635 0.000354 0.000213 0.000196 0.000140 0.000399 0.000471 0.000595 0.001124 0.000562 0.000828 0.000601 0.000580 0.000555 0.000535 0.000345 0.000220 0.000342 0.000456 0.000615 0.000376 0.000520 0.000591 0.000636 0.003119 0.001175 0.000952 0.001249 0.001177 0.000656 0.000418 0.000377 0.000256 0.000415 0.000209 0.000193 0.000141 0.000196 0.000731 0.000328 0.000216 0.000343 0.000261 0.000236 0.000567 0.000583 0.000282 0.000372 0.000194 0.000141 0.000308 0.001690 0.001574 0.000212 0.000195 0.000573 0.001124 0.000699 0.000215 0.000470 0.003235
0.000548 0.000390 0.000247 0.000474 0.000328 0.000196 0.000415 0.000533 0.000650 0.001777 0.000731 0.001330 0.001123 0.001394 0.000751 0.000416 0.000397 0.000220 0.000397 0.000517 0.000651 0.001328 0.000392 0.000720 0.004821 0.005878 0.002246 0.001493 0.000559 0.000479 0.000396 0.000242 0.000264 0.000444 0.000299 0.000409 0.000627 0.000595 0.001112 0.000355 0.000194 0.000211 0.000217 0.000349 0.000394 0.001759 0.001245 0.000738 0.000335 0.000211 0.000298 0.000393 0.039843 0.000251 0.000310 0.000141 0.000759 0.001625 0.001982 0.000222 0.001430 0.001274
0.000249 0.000297 0.000413 0.000662 0.000387 0.000212 0.000429 0.000567 0.000692 0.003144 0.001908 0.002637 0.001721 0.000607 0.000495 0.000463 0.000288 0.000371 0.000482 0.000586 0.001475 0.000824 0.000230 0.000448 0.028209 0.000437 0.000406 0.000582 0.000447 0.000386 0.000351 0.000425 0.000579 0.000535 0.000245 0.001609 0.001359 0.000903 0.000359 0.000287 0.000141 0.000411 0.000535 0.000640 0.002240 0.001240 0.000442 0.000330 0.000219 0.000217 0.000405 0.001057 0.000282 0.000366 0.000479 0.000281 0.000141 0.000193 0.001853 0.000968 0.002218 0.000672
0.000438 0.000406 0.000291 0.001073 0.000419 0.000218 0.000438 0.000585 0.004804 0.021610 0.002211 0.000498 0.000684 0.000556 0.000652 0.000381 0.000437 0.000664 0.000485 0.001390 0.002103 0.000547 0.000496 0.005433 0.005178 0.000218 0.000204 0.000279 0.000271 0.000346 0.000505 0.000754 0.000695 0.000708 0.000921 0.001483 0.000214 0.000210 0.000195 0.000141 0.000283 0.000339 0.000399 0.000464 0.002200 0.000922 0.000376 0.000217 0.000219 0.000333 0.000398 0.001124 0.000239 0.000858 0.000520 0.000418 0.000194 0.000314 0.000925 0.001196 0.004355 0.000402
0.000494 0.000365 0.000328 0.000831 0.000886 0.000458 0.000534 0.002102 0.020419 0.000439 0.000429 0.000419 0.000355 0.000245 0.000293 0.000351 0.000616 0.000720 0.001995 0.001555 0.001029 0.000273 0.006963 0.004263 0.000316 0.000456 0.000456 0.000454 0.000677 0.000593 0.001011 0.001032 0.000816 0.000493 0.001379 0.000859 0.000399 0.000371 0.000309 0.000393 0.000241 0.000392 0.000471 0.000542 0.003117 0.001078 0.000332 0.000220 0.000335 0.000416 0.000501 0.001474 0.000223 0.001201 0.000517 0.000352 0.000209 0.000507 0.000683 0.000830 0.003342 0.000291
0.000328 0.000448 0.001136 0.000762 0.000513 0.000568 0.000626 0.005548 0.002846 0.000214 0.000194 0.000259 0.000222 0.000230 0.000381 0.000465 0.000496 0.002047 0.001577 0.000876 0.000574 0.000526 0.005165 0.001853 0.000799 0.000657 0.000685 0.000749 0.000852 0.001483 0.001553 0.000652 0.000490 0.000275 0.001844 0.000712 0.000405 0.000275 0.000765 0.000457 0.000226 0.000402 0.000495 0.003340 0.002997 0.000215 0.000218 0.000218 0.000380 0.000539 0.000720 0.002076 0.000664 0.001113 0.000567 0.000474 0.000241 0.000867 0.000406 0.000987 0.002514 0.001563
0.000261 0.000462 0.000916 0.001499 0.000391 0.000571 0.003328 0.003153 0.001819 0.000377 0.000522 0.000412 0.000346 0.000223 0.000522 0.000705 0.000689 0.006064 0.001271 0.000734 0.000364 0.004521 0.004385 0.003022 0.005679 0.003402 0.004912 0.002737 0.002309 0.001803 0.000399 0.000630 0.000466 0.000246 0.001371 0.002274 0.000413 0.000241 0.001035 0.000390 0.000223 0.000481 0.000616 0.003727 0.000257 0.000326 0.000216 0.000328 0.000531 0.000433 0.000515 0.010227 0.001860 0.001444 0.000623 0.000275 0.000330 0.001317 0.000292 0.001615 0.001036 0.001343
0.000517 0.000721 0.001060 0.001993 0.000877 0.002569 0.047525 0.004501 0.001239 0.000860 0.000805 0.000555 0.000399 0.000222 0.000371 0.000486 0.020097 0.058763 0.023238 0.019067 0.014654 0.012606 0.009923 0.003230 0.000608 0.000417 0.000538 0.000382 0.000258 0.000315 0.000672 0.000558 0.000314 0.000385 0.001266 0.002591 0.000523 0.000833 0.000868 0.000434 0.000247 0.000412 0.000510 0.006497 0.000707 0.000367 0.000217 0.000448 0.000787 0.000550 0.000603 0.088309 0.000355 0.000241 0.000300 0.000394 0.000458 0.000883 0.001903 0.001448 0.000613 0.009636
0.000376 0.000676 0.000592 0.001123 0.026395 0.061705 0.013106 0.018530 0.011907 0.000987 0.000595 0.000647 0.000427 0.000222 0.000413 0.008780 0.050119 0.001402 0.000754 0.001186 0.001014 0.000854 0.000702 0.000559 0.000431 0.000325 0.000242 0.000277 0.000373 0.000253 0.001205 0.000670 0.000296 0.000448 0.000746 0.004175 0.002455 0.002010 0.001298 0.000521 0.000205 0.000427 0.002787 0.003226 0.000323 0.000489 0.000244 0.000379 0.000586 0.000647 0.003160 0.002914 0.000269 0.000357 0.000249 0.000519 0.000452 0.002652 0.002297 0.000621 0.000660 0.031222
0.000470 0.000879 0.000607 0.098389 0.061480 0.001135 0.000492 0.000226 0.039139 0.000646 0.000594 0.000431 0.000302 0.000376 0.000486 0.010392 0.003541 0.000440 0.000766 0.000645 0.000996 0.000831 0.000674 0.000508 0.000321 0.000140 0.000328 0.000831 0.000412 0.000232 0.000888 0.000875 0.000442 0.000541 0.000736 0.006477 0.000333 0.000294 0.000282 0.000392 0.000219 0.000431 0.004474 0.002398 0.000426 0.000366 0.000202 0.000402 0.000592 0.003004 0.003029 0.000140 0.000591 0.000260 0.000682 0.000354 0.002174 0.002232 0.000140 0.000496 0.010370 0.039437
0.005595 0.045336 0.011154 0.007871 0.000696 0.000595 0.000519 0.000231 0.011692 0.016054 0.000595 0.000452 0.000251 0.000421 0.018360 0.012175 0.004165 0.001408 0.001257 0.000638 0.000537 0.000811 0.000658 0.000499 0.000458 0.000196 0.000377 0.001231 0.000429 0.000225 0.000700 0.000872 0.001260 0.000400 0.005010 0.003071 0.000272 0.000540 0.000391 0.000292 0.000368 0.000500 0.007118 0.001058 0.000429 0.000281 0.000356 0.000459 0.000607 0.029458 0.000208 0.000193 0.000514 0.000473 0.003489 0.003468 0.003172 0.001246 0.000192 0.010533 0.011039 0.000276
0.038895 0.000820 0.001104 0.000953 0.000652 0.000518 0.000569 0.000247 0.000477 0.054815 0.017542 0.004448 0.007205 0.068728 0.028458 0.000708 0.000885 0.000755 0.000713 0.000570 0.000504 0.000414 0.000647 0.000355 0.000262 0.000352 0.000461 0.000973 0.001358 0.000431 0.000427 0.000896 0.001809 0.000239 0.004371 0.002357 0.000432 0.000697 0.000424 0.000248 0.000513 0.000727 0.005262 0.000882 0.000551 0.000671 0.000279 0.000471 0.002183 0.001894 0.000216 0.000325 0.000521 0.004023 0.003831 0.000458 0.000398 0.000674 0.000527 0.012586 0.000192 0.000140
0.001210 0.000852 0.000734 0.001102 0.000600 0.000590 0.000340 0.000285 0.000479 0.000692 0.017171 0.013859 0.009162 0.003810 0.000862 0.000721 0.000733 0.000612 0.000547 0.000475 0.000405 0.000307 0.000461 0.000208 0.000336 0.000841 0.001281 0.002044 0.006210 0.003112 0.000304 0.000562 0.001640 0.000736 0.005109 0.001176 0.000539 0.000860 0.000531 0.000470 0.000270 0.000465 0.005869 0.000757 0.000501 0.000487 0.000280 0.000478 0.002863 0.001203 0.000256 0.000491 0.000703 0.006470 0.000258 0.000325 0.000500 0.000407 0.001025 0.011448 0.000326 0.000226
0.001054 0.000817 0.000667 0.001044 0.000813 0.000986 0.000319 0.000565 0.000734 0.000723 0.001064 0.001848 0.000616 0.000584 0.000580 0.000567 0.000715 0.000520 0.000455 0.000362 0.000286 0.000140 0.000241 0.000183 0.000209 0.000365 0.000417 0.000554 0.000385 0.003353 0.005338 0.002444 0.002109 0.004490 0.003533 0.001029 0.000663 0.001041 0.000685 0.000371 0.000242 0.000470 0.009053 0.006128 0.000575 0.000477 0.000208 0.000557 0.004778 0.000817 0.000194 0.000361 0.003203 0.002994 0.000485 0.000507 0.000514 0.000361 0.000394 0.012057 0.000366 0.000188
0.000825 0.000819 0.000985 0.000749 0.000709 0.000592 0.000340 0.000420 0.000488 0.000566 0.000631 0.001477 0.000481 0.000420 0.000403 0.000572 0.000433 0.000405 0.000349 0.000196 0.000140 0.000289 0.000515 0.000335 0.000390 0.000284 0.000245 0.000269 0.000197 0.000363 0.000486 0.002708 0.002995 0.010991 0.002432 0.001364 0.000946 0.001061 0.000521 0.000483 0.000392 0.000320 0.000253 0.008666 0.000600 0.000464 0.000220 0.000394 0.003460 0.000630 0.000214 0.000404 0.004283 0.001995 0.000598 0.000567 0.000478 0.000211 0.000214 0.011926 0.007711 0.000341
0.000326 0.000465 0.000721 0.000663 0.000693 0.000651 0.000519 0.000288 0.000371 0.000478 0.000540 0.000941 0.000348 0.000192 0.000269 0.000225 0.000226 0.000234 0.000259 0.000330 0.000196 0.000712 0.000507 0.000519 0.000537 0.000634 0.000419 0.000573 0.000385 0.000288 0.000419 0.000299 0.001399 0.038498 0.003727 0.003933 0.001392 0.000596 0.000347 0.000944 0.000432 0.000257 0.000369 0.004250 0.004197 0.000471 0.000258 0.000553 0.003819 0.000388 0.000402 0.000901 0.044747 0.001410 0.000659 0.000586 0.000458 0.000216 0.000335 0.004700 0.014538 0.000395
0.000400 0.000259 0.000320 0.000468 0.000599 0.000635 0.000539 0.000396 0.000219 0.000394 0.000435 0.000304 0.000252 0.000351 0.000907 0.000457 0.000449 0.000442 0.000429 0.000389 0.000212 0.000429 0.000708 0.000684 0.000849 0.001304 0.000695 0.000893 0.000531 0.000520 0.000338 0.000422 0.010796 0.107021 0.000393 0.000353 0.000275 0.000548 0.000531 0.001691 0.000850 0.001126 0.001731 0.002193 0.006283 0.000568 0.000198 0.000384 0.033051 0.209793 0.401766 0.493230 0.439683 0.111654 0.001220 0.000366 0.000759 0.009316 0.001445 0.002287 0.013603 0.000535
0.002330 0.000466 0.000454 0.000382 0.000365 0.000574 0.000501 0.000330 0.000213 0.000340 0.000263 0.000396 0.000437 0.000495 0.001524 0.000651 0.000666 0.000715 0.000542 0.000480 0.000377 0.000306 0.000554 0.000834 0.000738 0.001076 0.000818 0.001510 0.000342 0.000526 0.000518 0.000546 0.091548 0.000216 0.000210 0.000196 0.000362 0.000544 0.023581 0.074346 0.083714 0.057584 0.001705 0.001801 0.067605 0.000435 0.000215 0.000421 0.214565 0.596706 0.655602 0.621035 0.594103 0.578431 0.460832 0.366956 0.500967 0.541257 0.227496 0.002688 0.063254 0.000378
0.002119 0.002515 0.002003 0.001611 0.001066 0.000464 0.000479 0.000431 0.000196 0.000212 0.000493 0.001833 0.001455 0.001895 0.005001 0.000720 0.000643 0.000468 0.000350 0.000979 0.000443 0.000294 0.000419 0.000556 0.000741 0.001277 0.000661 0.001873 0.000266 0.000500 0.000572 0.005297 0.404762 0.003960 0.000327 0.000140 0.000287 0.002503 0.205149 0.427714 0.429720 0.410443 0.321141 0.299717 0.449692 0.225913 0.119456 0.158499 0.475038 0.687879 0.661497 0.547259 0.532263 0.565855 0.593746 0.567370 0.484827 0.403921 0.492366 0.404088 0.275099 0.002856
