use_cases/Flooding/flood_case/output/h_6300.asc
ncols 269
nrows 269
xllcorner 0.000000
yllcorner 0.000000
cellsize 10.000000
NODATA_value -9999.000000
[rows 140 to 167 of 269, columns 0 to 61 of 269]
-9999.000000 -9999.000000 -9999.000000 -9999.000000 -9999.000000 -9999.000000 4.998988 0.061490 0.096881 0.107069 0.000209 0.000194 0.273831 0.189053 0.175844 0.185094 0.385144 0.176273 0.062286 0.072781 0.088586 0.121633 0.135806 0.135271 0.150151 0.111739 0.149517 0.080535 0.001439 0.001215 0.000810 0.000628 0.000620 0.000364 0.000257 0.000195 0.000140 0.000783 0.000415 0.000329 0.000210 0.000476 0.000584 0.000593 0.006827 0.204353 0.164210 0.003862 0.000876 0.000396 0.000377 0.073530 0.503284 0.386229 0.045610 0.003441 0.002120 0.001026 0.001269 0.001526 0.000517 0.000221
-9999.000000 -9999.000000 -9999.000000 -9999.000000 -9999.000000 -9999.000000 4.990472 0.176223 0.190377 0.179400 0.077918 0.000140 0.163457 0.078747 0.101212 0.138565 0.046615 0.053630 0.061862 0.068754 0.076946 0.086074 0.077992 0.130950 0.081859 0.172563 0.193413 0.100157 0.000437 0.000445 0.000437 0.000414 0.000347 0.000357 0.000404 0.000324 0.000195 0.000619 0.000637 0.000540 0.000472 0.000473 0.000600 0.084053 0.452044 0.486832 0.456832 0.385692 0.102691 0.000333 0.000455 0.392323 0.480988 0.300949 0.005399 0.001806 0.001563 0.001530 0.000246 0.000287 0.000379 0.000538
-9999.000000 -9999.000000 -9999.000000 -9999.000000 -9999.000000 -9999.000000 4.968538 0.301722 0.260799 0.202601 0.120813 0.110090 0.388685 0.231404 0.172525 0.081208 0.056963 0.051626 0.053094 0.062997 0.096672 0.113657 0.118650 0.158061 0.111459 0.196792 0.233611 0.113346 0.000219 0.000226 0.000231 0.000249 0.000296 0.000414 0.000580 0.000256 0.000347 0.000579 0.000679 0.000675 0.000824 0.000560 0.007828 0.424743 0.489320 0.540499 0.511728 0.475247 0.490371 0.417920 0.433895 0.408699 0.321360 0.184291 0.001000 0.001525 0.001478 0.000909 0.001705 0.002346 0.003045 0.000645
-9999.000000 -9999.000000 -9999.000000 -9999.000000 -9999.000000 -9999.000000 4.949596 0.329991 0.304149 0.317093 0.351813 0.423141 0.481155 0.319295 0.151105 0.078590 0.066363 0.055843 0.072025 0.085997 0.088476 0.101989 0.128840 0.068745 0.168098 0.200388 0.224793 0.167698 0.000418 0.000416 0.000403 0.000364 0.000246 0.000435 0.000774 0.000496 0.000938 0.000697 0.001275 0.000896 0.001139 0.005953 0.322699 0.472753 0.469183 0.414180 0.316296 0.426921 0.508668 0.511732 0.501365 0.426395 0.237670 0.027037 0.000776 0.001001 0.001940 0.002443 0.002001 0.000837 0.001595 0.001950
-9999.000000 -9999.000000 -9999.000000 -9999.000000 -9999.000000 -9999.000000 4.941186 0.309525 0.315144 0.410334 0.569214 0.655463 0.502645 0.150283 0.130031 0.104609 0.079910 0.057109 0.068241 0.072289 0.044651 0.069739 0.033607 0.111588 0.173066 0.195386 0.216645 0.220996 0.146261 0.000854 0.000480 0.000402 0.000228 0.000442 0.001130 0.000262 0.000694 0.000479 0.000941 0.000606 0.000742 0.092157 0.497998 0.486716 0.310376 0.015949 0.000418 0.008300 0.227453 0.390613 0.377933 0.162184 0.031600 0.010557 0.000218 0.000214 0.000196 0.000263 0.000228 0.000239 0.000271 0.000349
-9999.000000 -9999.000000 -9999.000000 -9999.000000 -9999.000000 -9999.000000 4.949416 0.288137 0.298462 0.374134 0.485230 0.514650 0.229833 0.169124 0.177084 0.133501 0.096423 0.113797 0.047591 0.035488 0.047011 0.079080 0.056217 0.116960 0.129630 0.155035 0.181179 0.265853 0.324797 0.164370 0.003968 0.000419 0.000222 0.000445 0.001408 0.000236 0.000602 0.000623 0.001441 0.000388 0.009341 0.384957 0.531633 0.442311 0.055176 0.000761 0.000651 0.000446 0.000581 0.003360 0.001358 0.000562 0.000250 0.008644 0.009184 0.003346 0.004905 0.010082 0.007240 0.007117 0.000615 0.000735
-9999.000000 -9999.000000 -9999.000000 -9999.000000 -9999.000000 -9999.000000 4.978391 0.173790 0.236249 0.162896 0.179589 0.290145 0.180426 0.188478 0.227226 0.184143 0.191011 0.151932 0.034472 0.015128 0.021563 0.020958 0.071053 0.103613 0.089701 0.033138 0.039426 0.254053 0.374744 0.420212 0.353200 0.183807 0.156570 0.205132 0.227272 0.115627 0.048044 0.023629 0.019489 0.051707 0.263952 0.470979 0.478926 0.248357 0.001136 0.000768 0.000680 0.000722 0.000576 0.000866 0.000625 0.000631 0.000295 0.000378 0.007178 0.047795 0.005606 0.000575 0.000434 0.007146 0.007072 0.006492
-9999.000000 -9999.000000 -9999.000000 -9999.000000 -9999.000000 -9999.000000 4.983613 0.162180 0.121764 0.095813 0.124779 0.262524 0.225538 0.233509 0.261868 0.224597 0.218460 0.172014 0.045836 0.011714 0.009263 0.044205 0.066508 0.080801 0.001219 0.000435 0.000386 0.049117 0.307721 0.418231 0.467665 0.490860 0.484393 0.468052 0.470768 0.428523 0.407255 0.422612 0.416257 0.432424 0.437076 0.444624 0.322761 0.032111 0.001515 0.001332 0.000997 0.001123 0.000560 0.000565 0.000471 0.000731 0.000405 0.000250 0.000674 0.000777 0.002068 0.000876 0.000701 0.000528 0.000509 0.000763
-9999.000000 -9999.000000 -9999.000000 -9999.000000 -9999.000000 -9999.000000 4.971559 0.177020 0.125742 0.078499 0.094585 0.145589 0.246479 0.267741 0.273108 0.236374 0.207342 0.174246 0.081941 0.025307 0.012381 0.068246 0.080821 0.039542 0.000352 0.000276 0.000592 0.000780 0.045587 0.329526 0.444730 0.484465 0.470271 0.461237 0.470957 0.451972 0.440609 0.450237 0.464952 0.451558 0.415352 0.298734 0.068314 0.001103 0.001447 0.000954 0.000796 0.000690 0.000683 0.000488 0.000406 0.000567 0.000347 0.000303 0.000828 0.000756 0.001329 0.000621 0.001120 0.000658 0.000470 0.000367
-9999.000000 -9999.000000 -9999.000000 -9999.000000 -9999.000000 -9999.000000 4.910941 0.438420 0.903696 1.090672 0.683379 0.434482 0.339846 0.320154 0.308284 0.297735 0.247014 0.118900 0.018604 0.000140 0.012800 0.042859 0.034128 0.000413 0.000218 0.000497 0.000972 0.000625 0.001665 0.002655 0.106756 0.230919 0.277658 0.314022 0.348915 0.404238 0.403881 0.357782 0.289608 0.169399 0.062727 0.012461 0.001682 0.000807 0.000732 0.000951 0.000730 0.000564 0.000475 0.000390 0.000354 0.000309 0.000140 0.000445 0.001647 0.000544 0.000491 0.000406 0.000579 0.000412 0.000386 0.000192
-9999.000000 -9999.000000 -9999.000000 -9999.000000 -9999.000000 -9999.000000 4.688516 1.357151 1.838562 1.768163 0.812103 0.418613 0.376603 0.390376 0.419951 0.441073 0.351917 0.096219 0.000419 0.000258 0.005240 0.018493 0.000517 0.000396 0.000217 0.000404 0.000552 0.000904 0.002245 0.001026 0.000737 0.000678 0.000882 0.001809 0.031444 0.100391 0.113243 0.004726 0.001492 0.000445 0.000230 0.000721 0.002623 0.000705 0.000716 0.000706 0.001139 0.000486 0.000384 0.000195 0.000140 0.000197 0.000310 0.000494 0.000443 0.000422 0.000386 0.000306 0.000273 0.000211 0.000343 0.000418
-9999.000000 -9999.000000 -9999.000000 -9999.000000 -9999.000000 -9999.000000 -9999.000000 0.000140 2.255449 1.878871 0.574627 0.431975 0.435480 0.507620 0.632607 3.688369 3.481784 0.000140 0.000702 0.009320 0.023683 0.000731 0.000469 0.000381 0.000212 0.000378 0.000539 0.000803 0.002377 0.000473 0.000236 0.000519 0.000776 0.000801 0.000856 0.000908 0.004083 0.000776 0.000610 0.000450 0.000244 0.000496 0.001559 0.000564 0.000560 0.000532 0.000849 0.000763 0.000660 0.000327 0.000196 0.000453 0.002653 0.001230 0.000223 0.000223 0.000227 0.000236 0.000463 0.000217 0.000911 0.000549
-9999.000000 -9999.000000 -9999.000000 -9999.000000 -9999.000000 -9999.000000 -9999.000000 -9999.000000 0.000140 1.684670 0.379927 0.566007 0.579693 0.691962 3.936337 3.705933 3.380130 1.077400 0.000140 0.000702 0.006119 0.000526 0.000425 0.000327 0.000196 0.000325 0.000539 0.000891 0.002859 0.000479 0.000261 0.000577 0.000833 0.001027 0.001151 0.001241 0.004537 0.001221 0.000625 0.000445 0.000285 0.000362 0.001050 0.000433 0.000428 0.000421 0.000416 0.000350 0.000508 0.000389 0.000213 0.002382 0.004195 0.000848 0.001833 0.000772 0.000438 0.000225 0.000630 0.000473 0.001747 0.002173
-9999.000000 -9999.000000 -9999.000000 -9999.000000 -9999.000000 -9999.000000 -9999.000000 -9999.000000 -9999.000000 0.000170 0.000170 0.847260 0.632290 0.679175 3.738634 3.600616 0.968837 1.089644 1.141876 0.000520 0.000639 0.000473 0.000350 0.000196 0.000140 0.000196 0.000554 0.001052 0.001344 0.000477 0.000327 0.000659 0.001351 0.000808 0.000774 0.000767 0.001967 0.001241 0.000641 0.000422 0.000392 0.000218 0.000607 0.000218 0.000211 0.000189 0.000256 0.000196 0.000140 0.000397 0.002228 0.002011 0.000479 0.000495 0.000515 0.000223 0.000229 0.000351 0.001002 0.000490 0.000942 0.001853
-9999.000000 -9999.000000 -9999.000000 -9999.000000 -9999.000000 -9999.000000 -9999.000000 -9999.000000 -9999.000000 -9999.000000 -9999.000000 0.000140 0.838767 0.713748 0.836649 0.906234 1.035347 1.137098 1.001131 0.000451 0.000454 0.000436 0.000259 0.000327 0.000196 0.000664 0.001041 0.001328 0.000228 0.000422 0.000470 0.000749 0.000948 0.000710 0.000592 0.000607 0.000784 0.001559 0.001094 0.000262 0.000338 0.000213 0.000216 0.000830 0.000525 0.000622 0.000814 0.001124 0.001683 0.008942 0.004657 0.000893 0.000212 0.000190 0.000265 0.000222 0.000352 0.000454 0.000620 0.000901 0.000758 0.002304
-9999.000000 -9999.000000 -9999.000000 -9999.000000 -9999.000000 -9999.000000 -9999.000000 -9999.000000 -9999.000000 -9999.000000 -9999.000000 -9999.000000 0.000140 0.781444 0.730501 0.974516 1.128999 1.109779 0.862269 0.000246 0.000299 0.000421 0.001013 0.001153 0.000816 0.000303 0.000901 0.000423 0.000241 0.000385 0.000603 0.000764 0.001913 0.000243 0.000319 0.000473 0.000336 0.000727 0.001252 0.001063 0.000211 0.000196 0.000574 0.029674 0.055116 0.003631 0.005150 0.003065 0.002437 0.001316 0.008841 0.000723 0.000339 0.000210 0.000359 0.000403 0.000642 0.000464 0.000634 0.000839 0.000865 0.002722
-9999.000000 -9999.000000 -9999.000000 -9999.000000 -9999.000000 -9999.000000 -9999.000000 -9999.000000 -9999.000000 -9999.000000 -9999.000000 -9999.000000 -9999.000000 0.000335 0.000190 0.955119 1.202569 1.204795 1.051920 0.897287 0.000693 0.000851 0.001222 0.000305 0.000438 0.000442 0.000407 0.000384 0.000279 0.000299 0.000370 0.000381 0.000801 0.000285 0.000140 0.000196 0.000213 0.000333 0.000365 0.000822 0.000311 0.000140 0.000194 0.037839 0.047965 0.000346 0.000194 0.000601 0.000208 0.000337 0.001323 0.000606 0.000263 0.000358 0.000588 0.001011 0.000651 0.000642 0.000710 0.032523 0.024095 0.003083
-9999.000000 -9999.000000 -9999.000000 -9999.000000 -9999.000000 -9999.000000 -9999.000000 -9999.000000 -9999.000000 -9999.000000 -9999.000000 -9999.000000 -9999.000000 0.000239 0.000270 0.000326 1.443681 1.302738 1.196681 0.993498 0.543060 0.000614 0.000623 0.000368 0.000188 0.000253 0.000188 0.000255 0.000188 0.000257 0.000197 0.000140 0.000292 0.000140 0.000285 0.000357 0.000681 0.000195 0.000140 0.000300 0.000758 0.000308 0.000211 0.000418 0.000351 0.000284 0.000140 0.000237 0.000184 0.000210 0.000916 0.001374 0.000236 0.000413 0.000462 0.000637 0.000898 0.000640 0.019438 0.004024 0.000331 0.000259
-9999.000000 -9999.000000 -9999.000000 -9999.000000 -9999.000000 -9999.000000 -9999.000000 -9999.000000 -9999.000000 -9999.000000 -9999.000000 -9999.000000 -9999.000000 -9999.000000 0.000232 0.000251 1.232058 1.321465 1.271453 1.234887 0.971142 0.504110 0.000617 0.000469 0.000399 0.000368 0.000524 0.000368 0.000513 0.000359 0.000213 0.000301 0.000391 0.000661 0.000239 0.000526 0.032224 0.000321 0.000196 0.000411 0.001141 0.001378 0.032595 0.037466 0.000193 0.000140 0.000286 0.000497 0.000337 0.000394 0.000744 0.001385 0.000668 0.001057 0.000321 0.000591 0.000826 0.018214 0.004562 0.000195 0.000140 0.000323
-9999.000000 -9999.000000 -9999.000000 -9999.000000 -9999.000000 -9999.000000 -9999.000000 -9999.000000 -9999.000000 -9999.000000 -9999.000000 -9999.000000 -9999.000000 -9999.000000 -9999.000000 0.000194 0.000313 1.347440 1.354649 1.391548 1.397996 1.417635 1.443013 1.086409 0.000566 0.000584 0.000996 0.000690 0.000597 0.000271 0.000346 0.000408 0.001003 0.000628 0.000449 0.000480 0.000464 0.001065 0.000397 0.000140 0.000232 0.000186 0.000300 0.000948 0.000594 0.000194 0.000361 0.000889 0.000262 0.000435 0.000670 0.001350 0.000827 0.009311 0.006716 0.006629 0.014595 0.005272 0.000675 0.000382 0.000323 0.000234
-9999.000000 -9999.000000 -9999.000000 -9999.000000 -9999.000000 -9999.000000 -9999.000000 -9999.000000 -9999.000000 -9999.000000 -9999.000000 -9999.000000 -9999.000000 -9999.000000 -9999.000000 0.000140 0.000353 0.000414 1.401632 1.410939 1.420744 1.549994 1.596265 1.702686 1.572257 0.000661 0.000631 0.000438 0.000284 0.000382 0.000436 1.916053 1.914909 1.912205 1.731035 1.130374 0.000445 0.000217 0.000385 0.000194 0.001081 0.000300 0.000140 0.000196 0.000264 0.000282 0.000895 0.000894 0.000389 0.000302 0.000581 0.002375 0.117812 0.013911 0.000195 0.001153 0.000572 0.000614 0.000788 0.001690 0.000583 0.000323
-9999.000000 -9999.000000 -9999.000000 -9999.000000 -9999.000000 -9999.000000 -9999.000000 -9999.000000 -9999.000000 -9999.000000 -9999.000000 -9999.000000 -9999.000000 -9999.000000 -9999.000000 -9999.000000 0.000140 0.000295 0.000518 1.148747 1.016526 1.272840 1.353215 1.463510 1.501026 1.360067 0.000627 0.000449 0.000244 0.000411 1.706696 2.028119 2.025147 2.011489 1.928257 1.673146 1.401099 0.877380 0.000417 0.000211 0.000551 0.001508 0.000385 0.000242 0.000357 0.000557 0.000684 1.356688 1.152284 1.041998 1.174565 1.174027 0.004334 0.000195 0.000140 0.000666 0.000332 0.000196 0.000140 0.000422 0.000421 0.000380
-9999.000000 -9999.000000 -9999.000000 -9999.000000 -9999.000000 -9999.000000 -9999.000000 -9999.000000 -9999.000000 -9999.000000 -9999.000000 -9999.000000 -9999.000000 -9999.000000 -9999.000000 -9999.000000 -9999.000000 0.000194 0.000549 0.000411 0.000596 1.213951 1.134137 1.584766 1.779362 1.719568 1.515901 0.937337 0.637894 1.039518 1.900166 1.976351 1.984067 1.966307 1.932348 1.933934 1.810365 1.568598 1.146310 0.000456 0.000875 0.000744 0.000228 0.000305 1.544455 1.758489 1.800026 1.805922 1.664489 1.630132 1.808483 1.720437 1.583009 1.047078 0.672406 0.000220 0.000218 0.000212 0.000787 0.000521 0.000431 0.000557
-9999.000000 -9999.000000 -9999.000000 -9999.000000 -9999.000000 -9999.000000 -9999.000000 -9999.000000 -9999.000000 -9999.000000 -9999.000000 -9999.000000 -9999.000000 -9999.000000 -9999.000000 -9999.000000 -9999.000000 0.000140 0.000422 0.000361 0.000567 0.000700 0.000540 1.467732 1.787053 1.792875 1.779807 1.672309 1.614968 1.676569 1.927559 1.897205 1.928521 1.844653 1.775892 1.928878 2.008067 1.963726 1.788073 1.415723 1.170770 1.245713 1.335587 1.452261 1.789378 1.953957 1.990442 2.033041 1.972368 1.969023 1.990437 1.960365 2.134904 1.929497 1.681674 1.330566 0.000463 0.000511 0.001035 0.000499 0.000297 0.935191
-9999.000000 -9999.000000 -9999.000000 -9999.000000 -9999.000000 -9999.000000 -9999.000000 -9999.000000 -9999.000000 -9999.000000 -9999.000000 -9999.000000 -9999.000000 -9999.000000 -9999.000000 -9999.000000 -9999.000000 -9999.000000 0.000451 0.000321 0.000830 0.000645 0.000773 0.000668 1.713365 1.856691 1.868291 1.872473 1.885338 1.898175 1.847311 1.677510 0.000743 0.000441 0.000206 1.876874 1.980446 2.026842 2.053664 1.980112 1.933816 1.920879 1.946544 1.841062 1.792067 1.788683 1.791242 1.957683 1.930214 1.842340 1.718209 1.629733 1.968469 2.108486 2.219740 2.117564 1.956581 1.560696 0.000468 1.800656 1.668818 1.549411
-9999.000000 -9999.000000 -9999.000000 -9999.000000 -9999.000000 -9999.000000 -9999.000000 -9999.000000 -9999.000000 -9999.000000 -9999.000000 -9999.000000 -9999.000000 -9999.000000 -9999.000000 -9999.000000 -9999.000000 -9999.000000 0.000140 0.000471 0.000546 0.000482 0.000510 0.000663 0.000644 1.845117 1.872640 1.941517 1.969256 1.995155 1.782397 0.000776 0.001166 0.000624 0.000269 0.000471 1.599536 1.756923 1.998055 2.016199 1.998410 1.983176 1.982676 1.955119 1.876700 1.862005 1.499395 0.000477 0.000833 0.001772 0.000635 0.000428 1.901379 1.897631 2.205805 2.226758 2.182647 1.933686 1.868675 2.059170 2.245074 2.218530
-9999.000000 -9999.000000 -9999.000000 -9999.000000 -9999.000000 -9999.000000 -9999.000000 -9999.000000 -9999.000000 -9999.000000 -9999.000000 -9999.000000 -9999.000000 -9999.000000 -9999.000000 -9999.000000 -9999.000000 -9999.000000 -9999.000000 0.000539 0.000459 0.000213 0.000383 0.000465 0.000511 0.000651 0.000641 1.768083 0.002299 0.004732 0.000834 0.001079 0.000779 0.000586 0.000274 0.000464 0.000630 0.000644 1.717391 1.831638 1.966752 1.968956 1.862669 1.767871 1.572708 0.000738 0.000777 0.001052 0.001344 0.001743 0.000947 0.000939 0.000746 0.004544 2.125533 2.229396 2.279896 2.216534 2.219597 2.262760 2.253496 2.177278
-9999.000000 -9999.000000 -9999.000000 -9999.000000 -9999.000000 -9999.000000 -9999.000000 -9999.000000 -9999.000000 -9999.000000 -9999.000000 -9999.000000 -9999.000000 -9999.000000 -9999.000000 -9999.000000 -9999.000000 -9999.000000 -9999.000000 0.000438 0.000474 0.000196 0.000326 0.000387 0.000416 0.000429 0.000759 0.000456 0.000445 0.006075 0.000779 0.000876 0.000903 0.000682 0.000358 0.000443 0.000894 0.000536 0.000602 0.000660 1.305158 1.397253 0.000757 0.000788 0.000973 0.000854 0.000552 0.000264 0.002260 0.000640 0.000543 0.000526 0.000677 0.006690 0.002859 1.991417 2.150167 2.206236 2.222722 2.203479 2.198847 1.955639
