use_cases/Flooding/flood_case/output/h_6300.asc
ncols 269
nrows 269
xllcorner 0.000000
yllcorner 0.000000
cellsize 10.000000
NODATA_value -9999.000000
[rows 56 to 83 of 269, columns 186 to 247 of 269]
0.002197 0.002487 0.000371 0.000220 0.001764 0.000599 0.000519 0.000411 0.000220 0.000407 0.000946 0.001671 0.000572 0.000533 0.000501 0.000417 0.000602 0.000354 0.000274 0.000390 0.001176 0.001697 0.001309 0.003321 0.000572 0.000474 0.000564 0.000224 0.000451 0.001424 0.002870 0.000592 0.000392 0.000283 0.000140 0.000291 -9999.000000 -9999.000000 -9999.000000 -9999.000000 -9999.000000 -9999.000000 -9999.000000 -9999.000000 -9999.000000 -9999.000000 -9999.000000 -9999.000000 -9999.000000 -9999.000000 -9999.000000 -9999.000000 -9999.000000 -9999.000000 -9999.000000 -9999.000000 -9999.000000 -9999.000000 -9999.000000 -9999.000000 -9999.000000 -9999.000000
0.001848 0.000508 0.000468 0.000217 0.001407 0.000516 0.000464 0.000381 0.000215 0.000374 0.001212 0.000858 0.000455 0.000415 0.000405 0.000331 0.000421 0.000196 0.000363 0.000592 0.000585 0.000592 0.001053 0.004034 0.000658 0.000543 0.000829 0.000264 0.000556 0.001327 0.002830 0.000471 0.000415 0.000509 0.000283 0.000140 0.000314 0.000422 -9999.000000 -9999.000000 -9999.000000 -9999.000000 -9999.000000 -9999.000000 -9999.000000 -9999.000000 -9999.000000 -9999.000000 -9999.000000 -9999.000000 -9999.000000 -9999.000000 -9999.000000 -9999.000000 -9999.000000 -9999.000000 -9999.000000 -9999.000000 -9999.000000 -9999.000000 -9999.000000 -9999.000000
0.000882 0.000382 0.000331 0.000211 0.001086 0.000409 0.000381 0.000327 0.000203 0.000314 0.000419 0.001067 0.000304 0.000194 0.000257 0.000213 0.000196 0.000140 0.000289 0.000360 0.000400 0.000422 0.000818 0.002764 0.003157 0.000618 0.000548 0.000335 0.000283 0.000731 0.003065 0.000576 0.000485 0.000669 0.000400 0.000312 0.000211 0.000310 0.000379 -9999.000000 -9999.000000 -9999.000000 -9999.000000 -9999.000000 -9999.000000 -9999.000000 -9999.000000 -9999.000000 -9999.000000 -9999.000000 -9999.000000 -9999.000000 -9999.000000 -9999.000000 -9999.000000 -9999.000000 -9999.000000 -9999.000000 -9999.000000 -9999.000000 -9999.000000 -9999.000000
0.000358 0.000218 0.000211 0.000196 0.000764 0.000220 0.000215 0.000203 0.000171 0.000171 0.000323 0.000665 0.000140 0.000306 0.000796 0.000396 0.000356 0.000285 0.000140 0.000195 0.000211 0.000216 0.001356 0.003474 0.005586 0.000819 0.000573 0.000407 0.000247 0.000620 0.003464 0.000597 0.000835 0.000665 0.000480 0.000369 0.000195 0.000140 0.000197 0.000215 -9999.000000 -9999.000000 -9999.000000 -9999.000000 -9999.000000 -9999.000000 -9999.000000 -9999.000000 -9999.000000 -9999.000000 -9999.000000 -9999.000000 -9999.000000 -9999.000000 -9999.000000 -9999.000000 -9999.000000 -9999.000000 -9999.000000 -9999.000000 -9999.000000 -9999.000000
0.000417 0.000514 0.000310 0.000140 0.000421 0.000409 0.000350 0.000474 0.000319 0.000205 0.000216 0.000218 0.000312 0.000409 0.001262 0.000524 0.000486 0.000449 0.000195 0.000407 0.000792 0.001111 0.000909 0.000852 0.005945 0.001411 0.000582 0.000431 0.000231 0.000538 0.004282 0.001644 0.002232 0.001640 0.001168 0.000760 0.000325 0.000195 0.000665 0.000333 0.000196 0.000140 -9999.000000 -9999.000000 -9999.000000 -9999.000000 -9999.000000 -9999.000000 -9999.000000 -9999.000000 -9999.000000 -9999.000000 -9999.000000 -9999.000000 -9999.000000 -9999.000000 -9999.000000 -9999.000000 -9999.000000 -9999.000000 -9999.000000 -9999.000000
0.000555 0.000525 0.000369 0.000195 0.000415 0.000499 0.001002 0.000506 0.000377 0.000213 0.000335 0.000382 0.000442 0.000607 0.001845 0.000669 0.000644 0.000388 0.000331 0.000224 0.000344 0.000445 0.000478 0.000595 0.005876 0.006657 0.000596 0.000441 0.000225 0.000492 0.005356 0.001932 0.000466 0.000390 0.000344 0.000234 0.000257 0.000343 0.001330 0.000817 0.001033 0.000640 0.000213 -9999.000000 -9999.000000 -9999.000000 -9999.000000 -9999.000000 -9999.000000 -9999.000000 -9999.000000 -9999.000000 -9999.000000 -9999.000000 -9999.000000 -9999.000000 -9999.000000 -9999.000000 -9999.000000 -9999.000000 -9999.000000 -9999.000000
0.000754 0.000488 0.000274 0.000352 0.000470 0.001338 0.000897 0.000625 0.000409 0.000216 0.000459 0.000865 0.000308 0.000448 0.003411 0.000880 0.000499 0.000426 0.000493 0.000224 0.000222 0.000354 0.000716 0.001013 0.000936 0.004531 0.004725 0.000459 0.000256 0.004396 0.004217 0.000407 0.000354 0.000218 0.000220 0.000222 0.000352 0.001643 0.001435 0.001330 0.000484 0.000348 0.000195 0.000140 -9999.000000 -9999.000000 -9999.000000 -9999.000000 -9999.000000 -9999.000000 -9999.000000 -9999.000000 -9999.000000 -9999.000000 -9999.000000 -9999.000000 -9999.000000 -9999.000000 -9999.000000 -9999.000000 -9999.000000 -9999.000000
0.000701 0.000478 0.000276 0.000497 0.000563 0.002013 0.000874 0.000315 0.000758 0.000220 0.000373 0.001428 0.000255 0.002207 0.002097 0.000659 0.000710 0.001132 0.001227 0.000743 0.000323 0.000531 0.000569 0.000758 0.000670 0.004517 0.007594 0.000450 0.000199 0.005222 0.001700 0.000236 0.000264 0.000342 0.000218 0.000335 0.003177 0.003109 0.001849 0.000535 0.000436 0.000258 0.000327 0.000195 0.000213 0.000218 -9999.000000 -9999.000000 -9999.000000 -9999.000000 -9999.000000 -9999.000000 -9999.000000 -9999.000000 -9999.000000 -9999.000000 -9999.000000 -9999.000000 -9999.000000 -9999.000000 -9999.000000 -9999.000000
0.000889 0.000571 0.000202 0.000377 0.002005 0.001750 0.000527 0.000261 0.000638 0.000523 0.001092 0.000657 0.000547 0.003178 0.001550 0.001523 0.002848 0.001487 0.000421 0.000312 0.000140 0.000308 0.000453 0.000569 0.000666 0.000753 0.134144 0.007396 0.000216 0.006272 0.002032 0.000765 0.000373 0.000262 0.000352 0.000441 0.003741 0.000614 0.000539 0.000476 0.000417 0.000373 0.000258 0.000346 0.000495 0.000756 0.000140 -9999.000000 -9999.000000 -9999.000000 -9999.000000 -9999.000000 -9999.000000 -9999.000000 -9999.000000 -9999.000000 -9999.000000 -9999.000000 -9999.000000 -9999.000000 -9999.000000 -9999.000000
0.000507 0.000379 0.000217 0.000414 0.003667 0.000928 0.000350 0.000405 0.000616 0.001401 0.000901 0.000429 0.029819 0.005051 0.002839 0.002714 0.000515 0.000434 0.000333 0.000213 0.000196 0.000211 0.000424 0.000531 0.000605 0.000672 0.001747 0.013468 0.004103 0.006093 0.000444 0.000361 0.000275 0.000377 0.000454 0.004077 0.003728 0.000531 0.000440 0.000350 0.000239 0.000278 0.000382 0.000461 0.000455 0.001142 0.000279 0.000140 -9999.000000 -9999.000000 -9999.000000 -9999.000000 -9999.000000 -9999.000000 -9999.000000 -9999.000000 -9999.000000 -9999.000000 -9999.000000 -9999.000000 -9999.000000 -9999.000000
0.000491 0.000285 0.000364 0.000487 0.002813 0.000544 0.000631 0.000589 0.006844 0.007114 0.006234 0.005795 0.005575 0.000531 0.000646 0.000465 0.000415 0.000352 0.000218 0.000218 0.000335 0.000390 0.000434 0.000485 0.000536 0.000589 0.000565 0.047700 0.012936 0.000388 0.000337 0.000226 0.000240 0.000413 0.004396 0.004159 0.000477 0.000459 0.000340 0.000222 0.000226 0.000371 0.000472 0.000548 0.000594 0.001616 0.000386 0.000283 0.000140 0.000194 0.000316 0.000140 -9999.000000 -9999.000000 -9999.000000 -9999.000000 -9999.000000 -9999.000000 -9999.000000 -9999.000000 -9999.000000 -9999.000000
0.000469 0.000247 0.000756 0.000715 0.003247 0.000353 0.000481 0.000621 0.007617 0.000667 0.000621 0.000542 0.000665 0.000494 0.000432 0.000325 0.000276 0.000260 0.000335 0.000476 0.000262 0.000533 0.000253 0.000358 0.000440 0.000495 0.000742 0.195896 0.013225 0.000218 0.000218 0.000222 0.000344 0.000478 0.004944 0.000248 0.000289 0.000398 0.000218 0.000218 0.000636 0.000278 0.000560 0.000625 0.001760 0.001216 0.000503 0.000440 0.000196 0.000319 0.122380 0.000659 0.000194 0.000140 0.000196 0.000215 -9999.000000 -9999.000000 -9999.000000 -9999.000000 -9999.000000 -9999.000000
0.000853 0.000338 0.000260 0.000990 0.003333 0.001596 0.001129 0.005452 0.004899 0.000554 0.000514 0.000523 0.000451 0.000382 0.000337 0.000262 0.000518 0.000373 0.000258 0.000920 0.000472 0.000493 0.000232 0.000224 0.000344 0.000390 0.000512 0.001684 0.012904 0.000376 0.000332 0.000219 0.000390 0.005463 0.005011 0.000668 0.000810 0.000365 0.000218 0.000413 0.001548 0.000472 0.000291 0.000567 0.002955 0.001668 0.000621 0.000241 0.000337 0.001681 0.001363 0.000413 0.000321 0.000196 0.000325 0.000384 0.000283 0.000381 0.000195 0.000140 -9999.000000 -9999.000000
0.000283 0.000141 0.000329 0.000259 0.001557 0.001678 0.008739 0.010427 0.004581 0.000842 0.000660 0.000430 0.000330 0.000196 0.000140 0.000487 0.000442 0.000493 0.000467 0.001412 0.000596 0.000566 0.000474 0.000264 0.000232 0.000223 0.000475 0.000681 0.015729 0.001530 0.002414 0.003953 0.009028 0.005747 0.000925 0.001147 0.000409 0.000287 0.000220 0.000346 0.001356 0.000386 0.000253 0.003405 0.003205 0.000419 0.000385 0.000230 0.002107 0.001924 0.000251 0.000302 0.000432 0.000348 0.000258 0.000424 0.000451 0.000634 0.000974 0.000306 0.000211 0.000194
0.000141 0.000283 0.000400 0.000428 0.001117 0.010125 0.128025 0.000580 0.000541 0.000496 0.000432 0.000339 0.000216 0.000212 0.000309 0.000493 0.000544 0.000593 0.000611 0.001996 0.000707 0.000670 0.000335 0.000190 0.000594 0.000902 0.000941 0.000737 0.012115 0.014018 0.003565 0.004255 0.000562 0.000508 0.000441 0.000558 0.000338 0.000257 0.000436 0.000583 0.002499 0.001586 0.002432 0.005078 0.000348 0.000241 0.000278 0.002515 0.041795 0.000401 0.000403 0.000619 0.000497 0.000398 0.000234 0.000440 0.000516 0.000510 0.001460 0.000468 0.000421 0.000403
0.000194 0.000350 0.000567 0.000464 0.000873 0.010600 0.000445 0.000431 0.000415 0.000389 0.000338 0.000218 0.000217 0.000334 0.000418 0.000535 0.000611 0.000786 0.002088 0.001516 0.000665 0.000468 0.000390 0.000213 0.000216 0.000350 0.000453 0.000757 0.000727 0.024527 0.002874 0.000516 0.000461 0.000395 0.000341 0.000421 0.000194 0.000140 0.000323 0.000479 0.004920 0.003466 0.002579 0.000313 0.000222 0.000224 0.002863 0.037393 0.000279 0.000140 0.000394 0.000592 0.001105 0.000476 0.000375 0.000304 0.000497 0.000590 0.003321 0.002286 0.001808 0.002078
0.000405 0.000890 0.001703 0.001201 0.204601 0.010398 0.000222 0.000221 0.000220 0.000218 0.000218 0.000219 0.000338 0.000553 0.000441 0.000578 0.000669 0.000685 0.002999 0.001210 0.000692 0.000574 0.000516 0.000218 0.000340 0.000260 0.000382 0.000482 0.000500 0.016638 0.001240 0.000402 0.000354 0.000214 0.000192 0.000250 0.000211 0.000304 0.000412 0.003909 0.003889 0.000211 0.000194 0.000141 0.000312 0.003238 0.003111 0.000342 0.000140 0.000283 0.000436 0.000603 0.001663 0.000629 0.000421 0.000251 0.000475 0.003943 0.003614 0.000541 0.000537 0.000669
0.000351 0.000420 0.000300 0.000922 0.828017 0.001598 0.001630 0.001161 0.000809 0.000391 0.000344 0.000219 0.000392 0.000655 0.000960 0.000678 0.000768 0.003296 0.002829 0.001411 0.000963 0.000704 0.000381 0.000255 0.000407 0.000434 0.000302 0.000415 0.000302 0.017533 0.001051 0.000233 0.000266 0.000347 0.000490 0.000345 0.000216 0.000372 0.000587 0.006302 0.001721 0.000332 0.000209 0.000305 0.003642 0.015634 0.000390 0.000302 0.000197 0.000453 0.000647 0.000712 0.002151 0.000473 0.000306 0.000386 0.004520 0.004365 0.000736 0.000712 0.000474 0.000386
0.000412 0.000289 0.000393 0.282188 0.011937 0.000543 0.000743 0.000487 0.000440 0.000429 0.000265 0.000354 0.000821 0.000317 0.000576 0.001174 0.001293 0.006601 0.001379 0.000729 0.000556 0.000472 0.000413 0.000196 0.000420 0.000508 0.000501 0.000334 0.000416 0.113211 0.000574 0.000436 0.000448 0.000782 0.000709 0.000774 0.000262 0.000532 0.000515 0.005086 0.001180 0.000259 0.004167 0.004215 0.003760 0.000380 0.000279 0.000140 0.000304 0.000375 0.000471 0.000825 0.003586 0.002165 0.003339 0.005065 0.004838 0.000577 0.000587 0.000470 0.000358 0.000199
0.000295 0.000384 0.000499 0.765028 0.000469 0.000440 0.000577 0.000346 0.000245 0.000298 0.000384 0.000461 0.001173 0.000261 0.000534 0.000338 0.000689 0.005079 0.001117 0.000716 0.000586 0.000482 0.000297 0.000503 0.000416 0.000548 0.000585 0.000548 0.000709 0.285225 0.002763 0.002372 0.001948 0.002273 0.001035 0.000304 0.000196 0.000374 0.000536 0.052364 0.003280 0.006579 0.004381 0.000463 0.000378 0.000279 0.000140 0.000283 0.000394 0.000478 0.000563 0.000617 0.008309 0.004806 0.003484 0.000425 0.000417 0.000386 0.000539 0.000400 0.000285 0.000371
0.000248 0.000475 0.019144 0.011749 0.000537 0.000344 0.000427 0.000222 0.000228 0.000372 0.000465 0.001855 0.001095 0.000488 0.000346 0.000433 0.000633 0.005652 0.000996 0.000771 0.000725 0.000472 0.000249 0.000868 0.000343 0.000653 0.000661 0.000660 0.000603 0.360581 0.000647 0.000581 0.000467 0.000504 0.000306 0.000141 0.000308 0.000437 0.001720 0.486966 0.004724 0.000531 0.000484 0.000370 0.000279 0.000140 0.000281 0.000385 0.000599 0.000488 0.000609 0.000700 0.006747 0.000276 0.000353 0.000220 0.000216 0.000203 0.000289 0.000298 0.000419 0.000642
0.000230 0.000373 0.221071 0.000369 0.000339 0.000221 0.000221 0.000220 0.000338 0.000444 0.000536 0.001848 0.000707 0.000397 0.000268 0.000449 0.000603 0.006358 0.001568 0.000678 0.000453 0.000322 0.001055 0.000822 0.000220 0.000437 0.000617 0.000694 0.017718 0.016537 0.000546 0.000508 0.000439 0.000334 0.000211 0.000195 0.000362 0.000479 0.009197 0.008279 0.000499 0.000400 0.000435 0.000256 0.000140 0.000283 0.000384 0.000474 0.000623 0.000786 0.000598 0.000736 0.007334 0.000376 0.000261 0.000338 0.000216 0.000716 0.000428 0.000388 0.000293 0.001052
0.000367 0.011900 0.295930 0.000424 0.000219 0.000220 0.000334 0.000377 0.000444 0.000528 0.000613 0.002407 0.000676 0.000436 0.000239 0.000447 0.006656 0.028064 0.000631 0.000702 0.000315 0.000418 0.001967 0.000506 0.000223 0.000450 0.000603 0.000720 0.105726 0.000435 0.000425 0.000406 0.000357 0.000218 0.000217 0.000329 0.000430 0.009064 0.008957 0.000536 0.000390 0.000344 0.000237 0.000274 0.000194 0.000353 0.000552 0.000712 0.000885 0.001088 0.000706 0.016651 0.009398 0.000843 0.001134 0.001728 0.004147 0.005514 0.003926 0.001013 0.001431 0.003221
0.000463 0.012401 0.000375 0.000216 0.000218 0.000329 0.000417 0.000481 0.000692 0.000528 0.000660 0.002814 0.000598 0.000310 0.000379 0.006736 0.006822 0.000403 0.000372 0.000302 0.000412 0.001772 0.001117 0.000484 0.000222 0.000453 0.000596 0.000736 0.020070 0.000222 0.000226 0.000235 0.000263 0.000346 0.000219 0.000382 0.000492 0.009809 0.000568 0.000527 0.000482 0.000221 0.000226 0.000360 0.000385 0.000582 0.000421 0.000524 0.000624 0.000945 0.016923 0.181629 0.004654 0.008936 0.006412 0.008232 0.005383 0.002262 0.003372 0.007425 0.004284 0.005527
0.012333 0.015395 0.000330 0.000218 0.000331 0.000417 0.000499 0.000578 0.000925 0.000594 0.002363 0.002065 0.000550 0.000258 0.006895 0.007016 0.000353 0.000222 0.000228 0.000247 0.001393 0.001236 0.000855 0.000740 0.000495 0.000363 0.000672 0.002722 0.019551 0.000439 0.000432 0.000413 0.000372 0.000266 0.000435 0.000593 0.000691 0.013666 0.000425 0.000409 0.000312 0.000221 0.000343 0.000443 0.000501 0.000782 0.000513 0.000614 0.000700 0.016889 0.230046 0.003032 0.000789 0.000652 0.001024 0.000679 0.000590 0.000470 0.000253 0.001472 0.000606 0.000524
0.020602 0.000218 0.000219 0.000217 0.000377 0.000488 0.000596 0.000830 0.010880 0.011482 0.004323 0.002576 0.001875 0.004460 0.005556 0.000236 0.000262 0.000341 0.000220 0.000344 0.002091 0.001173 0.000868 0.000780 0.000378 0.000224 0.000410 0.003349 0.019101 0.000556 0.000524 0.000452 0.000637 0.000462 0.000244 0.000406 0.010301 0.009655 0.000537 0.000307 0.000141 0.000313 0.000422 0.000515 0.000593 0.000963 0.000588 0.000679 0.001030 0.284859 0.003059 0.000770 0.000780 0.000824 0.000830 0.000618 0.000562 0.000478 0.000304 0.001101 0.000503 0.000436
0.010786 0.000334 0.000215 0.000332 0.000456 0.001812 0.095149 0.195074 0.224502 0.220914 0.163418 0.098492 0.040936 0.008952 0.002537 0.000408 0.000369 0.000260 0.000348 0.000438 0.002761 0.001117 0.000907 0.000537 0.000419 0.000223 0.000419 0.001508 0.018848 0.000516 0.000336 0.000566 0.001048 0.000246 0.000356 0.000468 0.228764 0.000442 0.000331 0.000210 0.000194 0.000367 0.000480 0.000576 0.000666 0.000908 0.001203 0.013532 0.145424 0.013081 0.000693 0.000630 0.000559 0.000773 0.000555 0.000539 0.000516 0.000472 0.000440 0.000689 0.000388 0.000335
0.012477 0.000389 0.000216 0.000464 0.049395 0.146303 0.155167 0.141968 0.115814 0.115653 0.139209 0.202445 0.169545 0.067466 0.001899 0.000669 0.000414 0.000236 0.000409 0.007652 0.003457 0.000970 0.000644 0.000566 0.000432 0.000221 0.000418 0.001099 0.018613 0.000539 0.000416 0.000297 0.145123 0.000362 0.000271 0.142845 0.010150 0.000367 0.000217 0.000215 0.000325 0.000436 0.000537 0.000638 0.014267 0.125463 0.045123 0.013787 0.000656 0.000616 0.000611 0.000525 0.000467 0.000613 0.000424 0.000421 0.000419 0.000339 0.000350 0.000508 0.000211 0.000188
