use_cases/Flooding/flood_case/output/h_6300.asc
ncols 269
nrows 269
xllcorner 0.000000
yllcorner 0.000000
cellsize 10.000000
NODATA_value -9999.000000
[rows 112 to 139 of 269, columns 124 to 185 of 269]
0.000366 0.000426 0.000477 0.001156 0.000291 0.000356 0.000445 0.000998 0.000308 0.001815 0.000693 0.000420 0.000391 0.000218 0.001338 0.001102 0.000413 0.000381 0.000325 0.000195 0.000319 0.000255 0.000233 0.000476 0.000392 0.003050 0.003324 0.000273 0.000531 0.000682 0.001185 0.007035 0.000714 0.000368 0.000217 0.000379 0.000459 0.000530 0.010154 0.000534 0.000322 0.000389 0.022419 0.162620 0.067317 0.003248 0.000552 0.000515 0.000455 0.000728 0.000321 0.000380 0.000465 0.000545 0.002015 0.001761 0.001120 0.000335 0.000422 0.001799 0.000880 0.000364
0.000911 0.000301 0.001174 0.000947 0.000248 0.000447 0.001345 0.001143 0.000846 0.001631 0.000543 0.000526 0.000287 0.000363 0.001893 0.000810 0.000217 0.000212 0.000196 0.000141 0.000193 0.000743 0.001140 0.001640 0.002534 0.002914 0.000430 0.000350 0.000577 0.000667 0.000981 0.003875 0.000573 0.000487 0.000211 0.000333 0.000382 0.000419 0.009774 0.000539 0.000465 0.000242 0.000400 0.008838 0.136768 0.152680 0.129831 0.079343 0.000622 0.000625 0.000261 0.001152 0.001038 0.001221 0.001670 0.000986 0.000496 0.000515 0.000568 0.002486 0.000821 0.000525
0.001686 0.000924 0.001863 0.000650 0.000232 0.000395 0.002012 0.001117 0.001821 0.001943 0.000526 0.000283 0.000393 0.002923 0.002699 0.001241 0.000414 0.000386 0.000326 0.000196 0.000426 0.000477 0.000533 0.000601 0.001282 0.000682 0.000300 0.000504 0.000601 0.000956 0.001095 0.003229 0.000492 0.000361 0.000195 0.000209 0.000215 0.000221 0.015088 0.000787 0.000472 0.000276 0.000341 0.000420 0.000485 0.000601 0.053985 0.175102 0.084342 0.040695 0.067593 0.025803 0.038574 0.025610 0.021673 0.015666 0.026712 0.050470 0.045724 0.042111 0.048169 0.033305
0.001298 0.001873 0.020308 0.003222 0.000226 0.000431 0.004819 0.002557 0.002003 0.000396 0.000406 0.000449 0.003516 0.003244 0.000505 0.000527 0.000527 0.000478 0.000385 0.000211 0.000321 0.000354 0.000422 0.000499 0.000538 0.000806 0.000541 0.000720 0.000866 0.000873 0.001059 0.002636 0.000438 0.000300 0.000141 0.000298 0.000366 0.010862 0.009163 0.000617 0.000477 0.000366 0.000193 0.000310 0.000362 0.000403 0.000434 0.075341 0.019154 0.000235 0.001240 0.000921 0.001443 0.001590 0.000382 0.006769 0.045096 0.004842 0.002075 0.000898 0.000469 0.000226
0.000335 0.000271 0.000238 0.003623 0.000222 0.002770 0.002616 0.000208 0.000192 0.000141 0.000312 0.005106 0.003625 0.000395 0.000265 0.000334 0.000517 0.000322 0.000453 0.000813 0.000363 0.000141 0.000308 0.000414 0.000403 0.000565 0.000415 0.000542 0.000640 0.000749 0.001069 0.001963 0.000373 0.000194 0.000302 0.000394 0.008062 0.008697 0.000701 0.000599 0.000405 0.000305 0.000141 0.000194 0.000211 0.000217 0.000222 0.038757 0.000396 0.000247 0.000422 0.000963 0.000378 0.002220 0.000597 0.000657 0.002175 0.001848 0.002771 0.001077 0.000459 0.000224
0.000508 0.000491 0.000456 0.002288 0.145442 0.002376 0.001609 0.000371 0.000314 0.000192 0.002613 0.002576 0.000257 0.000313 0.000453 0.000433 0.000338 0.000430 0.001215 0.000757 0.000509 0.000197 0.000212 0.000322 0.000141 0.000287 0.000354 0.000501 0.000613 0.000693 0.001133 0.001837 0.000325 0.000141 0.000335 0.000459 0.008371 0.000680 0.000622 0.000619 0.000525 0.000196 0.000302 0.000358 0.000392 0.000420 0.000751 0.024126 0.000550 0.000281 0.000359 0.000469 0.000573 0.002168 0.000320 0.000521 0.000434 0.000690 0.005030 0.001951 0.000447 0.000221
0.000331 0.000468 0.006031 1.049179 0.438325 0.026199 0.014679 0.001648 0.000366 0.000208 0.032659 0.001777 0.000454 0.000435 0.000633 0.000448 0.000265 0.001703 0.001473 0.001091 0.000359 0.000212 0.000332 0.000784 0.000285 0.000141 0.000196 0.000481 0.000560 0.000926 0.001737 0.000475 0.000255 0.000322 0.000425 0.034500 0.007908 0.000578 0.000448 0.000549 0.000426 0.000141 0.000344 0.000441 0.000509 0.002639 0.037740 0.039445 0.000415 0.000377 0.000217 0.000385 0.000496 0.001804 0.000445 0.000221 0.000437 0.000572 0.002500 0.002290 0.000441 0.000220
0.000697 0.007479 0.946428 0.014517 0.000480 0.000233 0.012463 0.360264 0.011337 0.014264 0.012888 0.011270 0.016718 0.009103 0.008529 0.000721 0.001376 0.001644 0.000732 0.000238 0.000275 0.000359 0.000442 0.002151 0.001550 0.000677 0.000635 0.000521 0.000766 0.000829 0.000509 0.000496 0.000322 0.002809 0.003537 0.006784 0.002271 0.000544 0.000438 0.000221 0.000442 0.000942 0.001510 0.002544 0.003209 0.002395 0.016945 0.026621 0.000262 0.000331 0.000215 0.000332 0.000423 0.001441 0.000435 0.000220 0.000425 0.000542 0.000648 0.003123 0.000418 0.000207
0.000869 0.343842 0.011457 0.000621 0.000522 0.000247 0.000397 0.004047 0.001649 0.000517 0.000474 0.000289 0.002264 0.002224 0.509527 0.152990 0.001235 0.000925 0.000635 0.000354 0.000239 0.003518 0.039157 0.003051 0.001317 0.002659 0.000758 0.000397 0.000597 0.000387 0.000417 0.000293 0.003475 0.002720 0.001339 0.003814 0.003291 0.000493 0.000430 0.000220 0.000427 0.000546 0.000822 0.001616 0.001075 0.000996 0.000957 0.039926 0.000351 0.000216 0.000217 0.000218 0.000330 0.001084 0.000425 0.000220 0.000410 0.000478 0.000567 0.003753 0.000529 0.000277
0.053284 0.015430 0.000732 0.000637 0.000593 0.000400 0.000473 0.002559 0.002381 0.000449 0.000466 0.000403 0.000537 0.000218 0.000425 0.139975 0.008260 0.006957 0.006445 0.007822 0.010017 0.004137 0.000802 0.000650 0.000584 0.000983 0.000892 0.000494 0.000329 0.000278 0.000236 0.003147 0.003445 0.000245 0.000350 0.000547 0.006913 0.000707 0.000394 0.000217 0.000415 0.000493 0.000903 0.001680 0.000857 0.000731 0.000737 0.057937 0.000463 0.000373 0.000329 0.000221 0.000222 0.000722 0.000418 0.000218 0.000382 0.000564 0.000717 0.002548 0.000659 0.000273
0.000595 0.000581 0.000748 0.000549 0.000622 0.000553 0.000259 0.000420 0.004677 0.000268 0.000357 0.000394 0.000339 0.000214 0.000421 0.001849 0.002648 0.001272 0.001859 0.004453 0.002496 0.000971 0.000816 0.000909 0.000764 0.001003 0.001069 0.000453 0.000258 0.000554 0.001029 0.042918 0.000369 0.000287 0.000239 0.000541 0.004725 0.000597 0.000530 0.000201 0.000383 0.000695 0.001577 0.001709 0.000301 0.000434 0.000597 0.029609 0.010735 0.007385 0.000414 0.000330 0.000226 0.000230 0.000411 0.000218 0.000331 0.000418 0.000509 0.002068 0.000628 0.000485
0.000463 0.000476 0.000692 0.000668 0.000578 0.000631 0.000308 0.000370 0.003376 0.003114 0.000300 0.000218 0.000212 0.000196 0.000393 0.002612 0.000563 0.000424 0.000222 0.000442 0.003443 0.001007 0.000598 0.000589 0.000581 0.000541 0.000894 0.000420 0.000197 0.000442 0.000578 0.002435 0.000238 0.000377 0.000902 0.000984 0.004338 0.000532 0.000441 0.000254 0.000527 0.000603 0.001744 0.000222 0.000416 0.000607 0.000625 0.016806 0.004898 0.007611 0.012672 0.000440 0.000386 0.000343 0.000219 0.000219 0.000215 0.000322 0.000429 0.001585 0.000589 0.000397
0.000280 0.000275 0.000247 0.000282 0.000357 0.000744 0.000574 0.000219 0.000507 0.088632 0.001727 0.001270 0.000813 0.000264 0.000572 0.003333 0.000792 0.000386 0.000222 0.000433 0.002899 0.001281 0.000460 0.000463 0.000472 0.000472 0.000779 0.000386 0.000260 0.000445 0.000562 0.003097 0.000260 0.000491 0.000555 0.000618 0.003900 0.000500 0.000412 0.000221 0.000405 0.000516 0.001379 0.000226 0.000393 0.000468 0.000520 0.014614 0.000504 0.000275 0.010875 0.083635 0.000484 0.000432 0.000338 0.000405 0.000211 0.000194 0.000356 0.001673 0.000861 0.000348
0.000141 0.002524 0.002223 0.001835 0.001223 0.000986 0.000544 0.000307 0.000720 0.001875 0.000657 0.000574 0.000435 0.000222 0.000438 0.001745 0.000743 0.000522 0.000222 0.000419 0.002100 0.001815 0.000229 0.000244 0.000285 0.000392 0.000627 0.000506 0.000228 0.000413 0.000528 0.001933 0.000469 0.000303 0.000481 0.000926 0.003538 0.000459 0.000373 0.000221 0.000362 0.000696 0.001047 0.000242 0.000355 0.000396 0.000420 0.014583 0.000782 0.000341 0.000219 0.010666 0.010932 0.000511 0.000611 0.000556 0.000304 0.000141 0.000307 0.000366 0.000915 0.000487
0.003008 0.002879 0.000639 0.000857 0.000717 0.000664 0.000574 0.000338 0.000707 0.001285 0.000563 0.000539 0.000416 0.000220 0.000421 0.001226 0.000806 0.000424 0.000223 0.000390 0.000632 0.003947 0.000441 0.000419 0.000375 0.000237 0.000268 0.000358 0.000237 0.000361 0.000463 0.001523 0.000261 0.000590 0.000806 0.000844 0.004907 0.000752 0.000517 0.000216 0.000453 0.000613 0.000406 0.000290 0.000246 0.000228 0.000224 0.013850 0.000781 0.000406 0.000217 0.000382 0.010599 0.010606 0.000602 0.000436 0.000400 0.000310 0.000217 0.000205 0.000313 0.000338
0.003552 0.000723 0.000805 0.000682 0.000659 0.000618 0.000591 0.000635 0.001033 0.000649 0.000673 0.000488 0.000384 0.000218 0.000394 0.000484 0.000990 0.000404 0.000229 0.000333 0.000463 0.002321 0.001971 0.001153 0.000644 0.000413 0.000367 0.000236 0.000266 0.000449 0.000609 0.001199 0.000318 0.000517 0.000615 0.000718 0.002388 0.000523 0.000398 0.000211 0.000325 0.000376 0.000517 0.001117 0.001016 0.001252 0.001431 0.019008 0.000973 0.000216 0.000219 0.000338 0.000423 0.010303 0.010118 0.000532 0.000445 0.000535 0.000407 0.000391 0.000339 0.000233
0.000503 0.000482 0.000526 0.000593 0.000615 0.000860 0.000681 0.000478 0.000638 0.000505 0.000482 0.000413 0.000325 0.000215 0.000339 0.000392 0.000421 0.000354 0.000247 0.000189 0.000405 0.000454 0.001077 0.000512 0.000448 0.000651 0.000476 0.000400 0.000342 0.000218 0.000386 0.000701 0.000457 0.000516 0.000574 0.000646 0.001796 0.000480 0.000365 0.000196 0.000211 0.000216 0.000218 0.000247 0.000202 0.000217 0.000221 0.019503 0.002218 0.000589 0.000219 0.000225 0.000332 0.000435 0.028802 0.009477 0.007810 0.008700 0.000520 0.000446 0.000530 0.000357
0.000224 0.000228 0.000229 0.000333 0.000412 0.000397 0.000511 0.000426 0.000411 0.000391 0.000381 0.000300 0.000182 0.000209 0.000216 0.000220 0.000221 0.000402 0.000772 0.000211 0.000384 0.000299 0.000416 0.000360 0.000556 0.000837 0.000527 0.000411 0.000216 0.000216 0.000331 0.000550 0.000375 0.000411 0.000503 0.000559 0.001311 0.000417 0.000314 0.000140 0.000383 0.000331 0.000394 0.000499 0.000391 0.000421 0.009259 0.011996 0.002991 0.000769 0.000961 0.000407 0.000211 0.000347 0.002550 0.002626 0.003634 0.006058 0.065297 0.008901 0.005628 0.000528
0.002468 0.001814 0.001294 0.001127 0.000494 0.000202 0.000246 0.000216 0.000209 0.000185 0.000234 0.000140 0.000241 0.000463 0.000340 0.000398 0.000422 0.000501 0.001265 0.000429 0.000413 0.000513 0.000238 0.000272 0.000517 0.001422 0.000581 0.000463 0.000337 0.000213 0.000196 0.000329 0.000260 0.000236 0.000453 0.000461 0.000865 0.000327 0.000220 0.000306 0.000435 0.000573 0.000458 0.000557 0.000736 0.004979 0.009786 0.003224 0.004779 0.000219 0.000215 0.000209 0.000195 0.000432 0.000530 0.002317 0.000454 0.000240 0.000889 0.004973 0.005321 0.009675
0.001321 0.000824 0.000663 0.000444 0.000299 0.000391 0.000493 0.000379 0.000326 0.000207 0.000344 0.000365 0.000851 0.000467 0.000263 0.000434 0.000510 0.000582 0.001758 0.000560 0.000527 0.000475 0.000224 0.000363 0.001210 0.001509 0.000640 0.000527 0.000421 0.000310 0.000140 0.000196 0.000352 0.000409 0.000464 0.000260 0.000325 0.000196 0.000400 0.000741 0.001068 0.001528 0.001331 0.000834 0.000693 0.005378 0.005473 0.000265 0.009852 0.006772 0.000369 0.000303 0.000141 0.000303 0.000338 0.001258 0.000646 0.000391 0.001112 0.000432 0.000236 0.007998
0.000521 0.000811 0.000735 0.000767 0.000847 0.000497 0.000647 0.000456 0.000382 0.000244 0.000403 0.000473 0.001356 0.000563 0.000236 0.000446 0.000969 0.000859 0.002466 0.000810 0.000668 0.000462 0.000221 0.000403 0.003303 0.002505 0.001453 0.000777 0.000499 0.000407 0.000308 0.000211 0.000390 0.000487 0.001016 0.000346 0.000194 0.000140 0.000194 0.000209 0.000216 0.000382 0.001524 0.002484 0.001506 0.008109 0.000636 0.000327 0.000384 0.006823 0.006544 0.000393 0.000295 0.000197 0.000141 0.000771 0.000520 0.000518 0.001022 0.000386 0.000259 0.007547
0.000616 0.000463 0.000488 0.000523 0.000562 0.000566 0.000792 0.000506 0.000401 0.000196 0.000414 0.001534 0.001217 0.000395 0.000227 0.000453 0.000305 0.001177 0.003250 0.000537 0.000328 0.000493 0.003942 0.003885 0.003497 0.000546 0.000688 0.000531 0.000545 0.000411 0.000503 0.000216 0.000414 0.000535 0.001502 0.000516 0.000319 0.000196 0.000318 0.000371 0.000406 0.000336 0.000225 0.000226 0.006958 0.007308 0.000620 0.000471 0.000229 0.000455 0.006631 0.006291 0.002553 0.000375 0.000329 0.000263 0.000345 0.000227 0.000787 0.000449 0.000316 0.001269
0.000350 0.000227 0.000236 0.000265 0.000351 0.001244 0.000771 0.000585 0.000517 0.000215 0.000408 0.001915 0.000708 0.000426 0.000562 0.000452 0.000249 0.000386 0.003122 0.003368 0.000261 0.004211 0.003973 0.000521 0.000494 0.000465 0.000442 0.000453 0.000501 0.000968 0.000510 0.000360 0.000295 0.000587 0.001805 0.000421 0.000369 0.000209 0.000360 0.000438 0.000505 0.000603 0.000453 0.000454 0.006801 0.000713 0.000593 0.000457 0.000231 0.000431 0.000632 0.004711 0.002732 0.003542 0.000432 0.000349 0.000232 0.000257 0.000329 0.000216 0.000430 0.001451
0.000265 0.000350 0.000224 0.000350 0.000438 0.002369 0.001417 0.000868 0.000272 0.000348 0.000472 0.003043 0.000616 0.000305 0.000975 0.000449 0.000230 0.000337 0.000262 0.006047 0.002956 0.004268 0.000444 0.000395 0.000364 0.000319 0.000251 0.000312 0.000423 0.001394 0.000556 0.000428 0.000287 0.000455 0.002665 0.000497 0.000394 0.000216 0.000470 0.000933 0.001328 0.001954 0.001999 0.002901 0.006098 0.000693 0.000615 0.000478 0.000250 0.000424 0.000685 0.002842 0.001798 0.002817 0.004884 0.001647 0.000384 0.000339 0.000211 0.000201 0.000421 0.002616
0.000375 0.000264 0.000350 0.002951 0.037295 0.002470 0.000379 0.000225 0.000240 0.000391 0.001857 0.001651 0.000389 0.001099 0.000824 0.000444 0.000224 0.000218 0.000340 0.005643 0.002075 0.000393 0.000319 0.000228 0.000192 0.000140 0.000325 0.000406 0.000505 0.001900 0.000590 0.000437 0.000209 0.000452 0.002378 0.000554 0.000453 0.000350 0.000255 0.000411 0.000434 0.000446 0.000670 0.001412 0.004291 0.000986 0.000616 0.000516 0.000286 0.000399 0.000750 0.002169 0.000501 0.000253 0.003240 0.001542 0.002255 0.001313 0.000558 0.000232 0.000419 0.003516
0.000405 0.000419 0.003381 0.003320 0.000455 0.000377 0.000335 0.000220 0.000346 0.000535 0.003389 0.001198 0.000322 0.001625 0.000767 0.000534 0.000222 0.000332 0.000415 0.006805 0.001997 0.000239 0.000255 0.000424 0.000312 0.000191 0.000366 0.000460 0.002737 0.002447 0.000954 0.000309 0.000372 0.000494 0.002908 0.000630 0.000533 0.000455 0.000379 0.000405 0.000288 0.000245 0.000717 0.001945 0.003406 0.000922 0.000964 0.000559 0.000497 0.000290 0.001130 0.001351 0.000423 0.000270 0.002322 0.000757 0.000968 0.001006 0.000203 0.000190 0.000398 0.003001
0.000558 0.003742 0.041782 0.000392 0.000348 0.000218 0.000219 0.000219 0.000388 0.000443 0.003033 0.000990 0.000225 0.150901 0.001050 0.000384 0.000222 0.000375 0.000455 0.007660 0.000292 0.000414 0.000384 0.000597 0.000408 0.000338 0.000277 0.003013 0.003001 0.000370 0.000350 0.000309 0.000525 0.004657 0.097390 0.001723 0.001288 0.000819 0.000222 0.000218 0.001014 0.001360 0.001244 0.003464 0.001863 0.000730 0.000918 0.000778 0.000373 0.000487 0.001307 0.000461 0.000369 0.000333 0.001894 0.000657 0.000428 0.001407 0.000997 0.000140 0.000384 0.003461
0.000680 0.004337 0.000359 0.000232 0.000260 0.000341 0.000216 0.000330 0.000444 0.000525 0.003741 0.001299 0.001655 0.003071 0.000288 0.000423 0.000221 0.000398 0.000565 0.006559 0.000372 0.000286 0.000417 0.001175 0.000821 0.001174 0.002650 0.003209 0.000312 0.000193 0.000141 0.000285 0.000412 0.003948 0.000288 0.000368 0.000435 0.000325 0.000216 0.000653 0.000763 0.000534 0.000588 0.000722 0.002984 0.000675 0.000632 0.000748 0.000548 0.000302 0.000888 0.000365 0.000203 0.000457 0.001517 0.000846 0.000807 0.000445 0.000800 0.000337 0.000534 0.002282
