use_cases/Flooding/flood_case/output/h_6300.asc
ncols 269
nrows 269
xllcorner 0.000000
yllcorner 0.000000
cellsize 10.000000
NODATA_value -9999.000000
[rows 84 to 111 of 269, columns 0 to 61 of 269]
-9999.000000 -9999.000000 -9999.000000 -9999.000000 -9999.000000 -9999.000000 -9999.000000 -9999.000000 -9999.000000 -9999.000000 -9999.000000 -9999.000000 -9999.000000 -9999.000000 -9999.000000 -9999.000000 -9999.000000 0.000550 0.000488 0.000405 0.000286 0.000140 0.000288 0.000407 0.000718 0.000481 0.000585 0.001383 0.002889 0.000435 0.000243 0.000356 0.000422 0.007090 0.451599 0.496065 0.481960 0.436598 0.132380 0.000740 0.000757 0.001038 0.000792 0.000581 0.001259 0.001266 0.000827 0.002454 0.000727 0.000463 0.001934 0.001425 0.000912 0.000601 0.000858 0.000501 0.000378 0.000307 0.000474 0.004748 0.001128 0.000625
-9999.000000 -9999.000000 -9999.000000 -9999.000000 -9999.000000 -9999.000000 -9999.000000 -9999.000000 -9999.000000 -9999.000000 -9999.000000 -9999.000000 -9999.000000 -9999.000000 -9999.000000 -9999.000000 0.000443 0.000415 0.000379 0.000311 0.000140 0.000399 0.000587 0.000585 0.000736 0.001197 0.000375 0.001046 0.002363 0.000449 0.000230 0.000403 0.000287 0.009441 0.442223 0.296032 0.116733 0.002451 0.000476 0.000470 0.000256 0.001147 0.000839 0.001005 0.002242 0.000552 0.000282 0.002215 0.000784 0.000749 0.000787 0.001288 0.000695 0.000565 0.000723 0.000444 0.000227 0.000437 0.000682 0.002612 0.000870 0.000875
-9999.000000 -9999.000000 -9999.000000 -9999.000000 -9999.000000 -9999.000000 -9999.000000 -9999.000000 -9999.000000 -9999.000000 -9999.000000 -9999.000000 -9999.000000 -9999.000000 -9999.000000 0.000224 0.000223 0.000220 0.000218 0.000212 0.000197 0.000312 0.000405 0.000753 0.001026 0.003364 0.000281 0.000970 0.003047 0.000597 0.000265 0.000437 0.000460 0.000730 0.427678 0.268839 0.001973 0.000259 0.000325 0.000495 0.000316 0.000414 0.000527 0.002497 0.000846 0.000602 0.000376 0.001801 0.001076 0.000939 0.000712 0.001175 0.001024 0.000600 0.000555 0.000441 0.000236 0.000417 0.000528 0.001994 0.000695 0.000678
-9999.000000 -9999.000000 -9999.000000 -9999.000000 -9999.000000 -9999.000000 -9999.000000 -9999.000000 -9999.000000 -9999.000000 -9999.000000 -9999.000000 -9999.000000 -9999.000000 0.000311 0.000448 0.000434 0.000409 0.000357 0.000504 0.000351 0.000255 0.000440 0.000498 0.000619 0.002902 0.000288 0.000563 0.004904 0.000387 0.000195 0.000428 0.000526 0.001052 0.342720 0.328186 0.004727 0.000556 0.000636 0.000484 0.000467 0.000297 0.000459 0.001264 0.000925 0.000632 0.000595 0.001046 0.000738 0.000692 0.000667 0.000675 0.000932 0.000748 0.000510 0.000434 0.000265 0.000372 0.000466 0.001490 0.000543 0.000494
-9999.000000 -9999.000000 -9999.000000 -9999.000000 -9999.000000 -9999.000000 -9999.000000 -9999.000000 -9999.000000 -9999.000000 -9999.000000 -9999.000000 0.000197 0.000140 0.000352 0.001001 0.000497 0.000704 0.000540 0.000543 0.000408 0.000234 0.000446 0.000558 0.000672 0.002635 0.000199 0.002407 0.002267 0.000285 0.000462 0.000980 0.000986 0.000780 0.187114 0.378534 0.128041 0.000555 0.000408 0.000304 0.000440 0.000427 0.000416 0.000277 0.001060 0.000518 0.000464 0.000792 0.000662 0.000586 0.000501 0.000722 0.000541 0.000535 0.000419 0.000396 0.000347 0.000242 0.000365 0.000998 0.000406 0.000359
-9999.000000 -9999.000000 -9999.000000 -9999.000000 -9999.000000 -9999.000000 -9999.000000 -9999.000000 -9999.000000 -9999.000000 -9999.000000 0.000140 0.000301 0.001107 0.000917 0.001248 0.001618 0.002093 0.001599 0.001198 0.000782 0.000272 0.000795 0.001265 0.001836 0.003778 0.000215 0.003206 0.001553 0.000244 0.000360 0.000638 0.000302 0.000253 0.068862 0.375447 0.297307 0.002056 0.000480 0.000372 0.000217 0.000207 0.000331 0.000378 0.000556 0.000383 0.000235 0.000428 0.000585 0.000498 0.000434 0.000431 0.000365 0.000482 0.000218 0.000212 0.000191 0.000279 0.000250 0.000492 0.000222 0.000224
-9999.000000 -9999.000000 -9999.000000 -9999.000000 -9999.000000 -9999.000000 -9999.000000 -9999.000000 -9999.000000 -9999.000000 0.000212 0.000191 0.001969 0.001985 0.002201 0.002544 0.001824 0.000417 0.000367 0.000217 0.000211 0.000192 0.000210 0.000356 0.000584 0.005929 0.004337 0.149684 0.006821 0.000229 0.000411 0.000598 0.000664 0.000560 0.212539 0.431885 0.367141 0.005732 0.001559 0.001130 0.001238 0.001008 0.001408 0.000231 0.000248 0.000290 0.000629 0.000557 0.000490 0.000366 0.000196 0.000270 0.000247 0.000292 0.000409 0.000360 0.000550 0.000412 0.000319 0.000333 0.000348 0.000222
-9999.000000 -9999.000000 -9999.000000 -9999.000000 -9999.000000 -9999.000000 -9999.000000 -9999.000000 -9999.000000 0.000170 0.001173 0.000935 0.002032 0.001370 0.001082 0.000225 0.000230 0.000245 0.000286 0.000393 0.000338 0.000212 0.000336 0.000262 0.000637 0.001345 0.000700 0.000658 0.010367 0.004555 0.003021 0.257493 0.426177 0.417650 0.452290 0.459558 0.241030 0.000523 0.000555 0.000550 0.000229 0.000245 0.000289 0.000406 0.000692 0.000592 0.001103 0.000969 0.000417 0.000291 0.000389 0.000593 0.000468 0.000472 0.000448 0.000272 0.000992 0.000440 0.000255 0.000904 0.000525 0.000221
-9999.000000 -9999.000000 -9999.000000 -9999.000000 -9999.000000 -9999.000000 -9999.000000 -9999.000000 -9999.000000 0.000170 0.004209 0.001466 0.001790 0.001250 0.000848 0.000442 0.000449 0.000452 0.000453 0.000410 0.000532 0.000219 0.000803 0.001406 0.001200 0.001416 0.000233 0.000223 0.000349 0.007741 0.290267 0.546771 0.526422 0.469532 0.455273 0.397109 0.146276 0.000278 0.000367 0.000579 0.000436 0.000751 0.000748 0.000971 0.001963 0.001724 0.001346 0.000260 0.000324 0.000475 0.000780 0.000682 0.000630 0.000640 0.000309 0.000404 0.002308 0.000600 0.000276 0.000875 0.001155 0.000384
-9999.000000 -9999.000000 -9999.000000 -9999.000000 -9999.000000 -9999.000000 -9999.000000 -9999.000000 0.000177 0.000309 0.029038 0.004419 0.001978 0.001126 0.000793 0.000583 0.000570 0.000565 0.000537 0.000843 0.000756 0.000829 0.000359 0.000746 0.000217 0.000340 0.000261 0.000425 0.000246 0.000836 0.410687 0.524645 0.310569 0.035855 0.003653 0.001467 0.031854 0.014926 0.001073 0.001437 0.002770 0.002895 0.002497 0.003040 0.003068 0.000215 0.000355 0.000450 0.000799 0.000731 0.000817 0.000704 0.001074 0.000529 0.000555 0.001080 0.001112 0.000379 0.000196 0.000497 0.001755 0.000737
-9999.000000 -9999.000000 -9999.000000 -9999.000000 -9999.000000 -9999.000000 -9999.000000 -9999.000000 0.000215 0.014401 0.036219 0.024166 0.001227 0.001994 0.000898 0.000816 0.000891 0.001081 0.001351 0.002482 0.001237 0.000384 0.000559 0.000311 0.000212 0.000216 0.000346 0.000547 0.000408 0.065534 0.477775 0.400172 0.006319 0.000517 0.000377 0.000296 0.000532 0.017051 0.014138 0.001386 0.001258 0.000220 0.000221 0.000221 0.000220 0.000217 0.006428 0.006328 0.005880 0.005303 0.007467 0.001574 0.000621 0.000351 0.002553 0.002227 0.001440 0.000280 0.000362 0.000526 0.002559 0.001220
-9999.000000 -9999.000000 -9999.000000 -9999.000000 -9999.000000 -9999.000000 -9999.000000 -9999.000000 0.000221 0.000495 0.005057 0.017489 0.002109 0.001231 0.002113 0.001477 0.001253 0.001414 0.001215 0.000489 0.000521 0.000569 0.000378 0.000140 0.000196 0.000323 0.000419 0.002500 0.173774 0.409162 0.435039 0.073256 0.000584 0.000499 0.000239 0.000417 0.000585 0.001635 0.013789 0.008670 0.001246 0.000386 0.000341 0.000219 0.006947 0.024516 0.006394 0.000700 0.000630 0.000427 0.004459 0.017074 0.003645 0.005257 0.002851 0.000466 0.000383 0.000243 0.000412 0.000703 0.004410 0.000267
-9999.000000 -9999.000000 -9999.000000 -9999.000000 -9999.000000 -9999.000000 -9999.000000 -9999.000000 0.000221 0.000455 0.004997 0.000140 0.006942 0.001217 0.001086 0.001350 0.001142 0.000852 0.000594 0.000228 0.000239 0.000272 0.000364 0.000292 0.000359 0.000421 0.008464 0.332866 0.450147 0.416115 0.090965 0.000563 0.000531 0.000541 0.000273 0.000380 0.000610 0.002304 0.008057 0.007859 0.126214 0.014339 0.004970 0.007757 0.011151 0.000891 0.000786 0.000659 0.000655 0.000720 0.000554 0.001414 0.000718 0.000702 0.000428 0.000337 0.000292 0.000383 0.000627 0.000590 0.003104 0.000233
-9999.000000 -9999.000000 -9999.000000 -9999.000000 -9999.000000 -9999.000000 -9999.000000 -9999.000000 0.000215 0.006658 0.004582 0.005984 0.002465 0.016941 0.004348 0.001301 0.001052 0.000791 0.000559 0.000373 0.000476 0.000351 0.000196 0.000140 0.000466 0.000517 0.165620 0.430188 0.221973 0.000543 0.000689 0.000436 0.000363 0.000573 0.000352 0.000265 0.000664 0.004911 0.000419 0.000216 0.000521 0.122213 0.008019 0.000651 0.000980 0.000865 0.001364 0.001053 0.000949 0.000742 0.001000 0.000706 0.000573 0.000787 0.000555 0.000291 0.000405 0.000487 0.000497 0.000779 0.002124 0.007537
-9999.000000 -9999.000000 -9999.000000 -9999.000000 -9999.000000 -9999.000000 -9999.000000 -9999.000000 0.000177 0.005292 0.002220 0.000677 0.001812 0.000140 0.007930 0.013874 0.007752 0.000780 0.000608 0.000519 0.000518 0.000418 0.000315 0.000194 0.000339 0.000652 0.313380 0.328321 0.006205 0.000538 0.000575 0.000534 0.000231 0.000627 0.000798 0.001297 0.001323 0.003027 0.000377 0.000199 0.000595 0.008660 0.000577 0.000499 0.000598 0.000665 0.000472 0.000495 0.000522 0.000822 0.000734 0.000683 0.000593 0.000496 0.000380 0.000271 0.000592 0.000620 0.000648 0.000904 0.005859 0.252783
-9999.000000 -9999.000000 -9999.000000 -9999.000000 -9999.000000 -9999.000000 -9999.000000 0.000177 0.004574 0.004578 0.004157 0.005806 0.013531 0.010907 0.012731 0.016609 0.037727 0.049329 0.027745 0.000603 0.000510 0.000617 0.000411 0.000334 0.000264 0.000398 0.288511 0.318544 0.004342 0.000312 0.000475 0.000407 0.000385 0.000502 0.000575 0.000635 0.000713 0.002221 0.000528 0.000278 0.000714 0.006680 0.000930 0.000449 0.000432 0.000385 0.000221 0.000214 0.000335 0.000397 0.000638 0.000632 0.000530 0.000425 0.000259 0.000350 0.000430 0.001047 0.001526 0.001416 0.024856 0.373854
-9999.000000 -9999.000000 -9999.000000 -9999.000000 -9999.000000 -9999.000000 -9999.000000 0.000215 0.007758 0.005865 0.006963 0.010235 0.014699 0.031229 0.026668 0.026123 0.033367 0.066421 0.087107 0.065453 0.047592 0.053729 0.050594 0.036083 0.000377 0.000280 0.258653 0.369235 0.025789 0.000421 0.000351 0.000211 0.000513 0.000428 0.000476 0.000538 0.000615 0.001710 0.000366 0.000270 0.001428 0.010084 0.000878 0.000234 0.000257 0.000320 0.000471 0.000823 0.000828 0.001035 0.000616 0.000571 0.000468 0.000382 0.000325 0.000195 0.000320 0.000378 0.000412 0.001279 0.120268 0.447717
-9999.000000 -9999.000000 -9999.000000 -9999.000000 -9999.000000 -9999.000000 -9999.000000 0.000221 0.005563 0.018519 0.012567 0.017042 0.024741 0.034664 0.064684 0.086201 0.044019 0.052333 0.093397 0.099623 0.151212 0.178877 0.193508 0.235457 0.250476 0.158845 0.289084 0.403977 0.128814 0.000966 0.000491 0.000196 0.000323 0.000435 0.000659 0.000801 0.000891 0.001299 0.000234 0.000355 0.001746 0.005551 0.002002 0.000844 0.001133 0.001584 0.003364 0.001809 0.001172 0.000336 0.000305 0.000497 0.000358 0.000212 0.000196 0.000140 0.000194 0.000210 0.000217 0.000586 0.147339 0.501592
-9999.000000 -9999.000000 -9999.000000 -9999.000000 -9999.000000 -9999.000000 -9999.000000 0.000221 0.004545 0.025838 0.041563 0.031172 0.042779 0.066265 0.089184 0.178725 0.154437 0.103849 0.063925 0.115782 0.129721 0.143785 0.121348 0.114059 0.242714 0.304780 0.375271 0.420252 0.075744 0.000434 0.000358 0.000140 0.000196 0.000350 0.000407 0.000436 0.000463 0.000554 0.000263 0.000236 0.002601 0.003924 0.002174 0.003077 0.002562 0.001801 0.000630 0.000429 0.000390 0.000254 0.000463 0.000237 0.000264 0.000337 0.000212 0.000311 0.000366 0.000400 0.000424 0.000579 0.146007 0.499152
-9999.000000 -9999.000000 -9999.000000 -9999.000000 -9999.000000 -9999.000000 -9999.000000 0.000215 0.002585 0.013196 0.026785 0.051309 0.037642 0.041201 0.023242 0.000497 0.100661 0.276933 0.160829 0.062021 0.096819 0.098637 0.065960 0.000226 0.000222 0.131234 0.221357 0.092294 0.000398 0.000346 0.000330 0.000196 0.000326 0.000258 0.000235 0.000228 0.000267 0.000193 0.000354 0.003471 0.005524 0.000775 0.000777 0.000543 0.000540 0.000467 0.000388 0.000251 0.000296 0.000619 0.000545 0.000446 0.000430 0.000388 0.000217 0.000380 0.000610 0.000996 0.000824 0.000828 0.218759 0.522897
-9999.000000 -9999.000000 -9999.000000 -9999.000000 -9999.000000 -9999.000000 -9999.000000 0.000177 0.002516 0.008770 0.020190 0.071405 0.170595 0.026038 0.013595 0.000213 0.000201 0.112440 0.187981 0.167779 0.034159 0.064322 0.048233 0.000345 0.000233 0.000250 0.000449 0.000339 0.000274 0.000140 0.000197 0.000452 0.000838 0.000483 0.000476 0.000471 0.002320 0.001579 0.002874 0.007572 0.000709 0.000626 0.000847 0.000658 0.000435 0.000352 0.000301 0.000664 0.000612 0.000697 0.000618 0.000531 0.000436 0.000551 0.000220 0.000420 0.000451 0.000308 0.001401 0.002070 0.384389 0.546975
-9999.000000 -9999.000000 -9999.000000 -9999.000000 -9999.000000 -9999.000000 5.000000 0.000255 0.001148 0.006224 0.018211 0.704029 1.254393 0.019767 0.008001 0.000305 0.000140 0.001374 0.052384 0.118522 0.110272 0.022208 0.031596 0.005615 0.000398 0.000342 0.000209 0.000194 0.000140 0.000392 0.000313 0.000369 0.000517 0.000582 0.000866 0.000789 0.000830 0.000518 0.001779 0.000702 0.000623 0.000644 0.000521 0.000432 0.000315 0.000140 0.000352 0.000597 0.001423 0.000759 0.000682 0.000604 0.000498 0.000716 0.000379 0.000301 0.000479 0.000725 0.000892 0.004625 0.502166 0.572940
-9999.000000 -9999.000000 -9999.000000 -9999.000000 -9999.000000 -9999.000000 4.999987 0.000185 0.000817 0.003010 0.115873 1.042719 1.253384 0.024870 0.004985 0.000485 0.000534 0.000704 0.085475 0.123922 0.093085 0.077748 0.013714 0.039817 0.000757 0.000440 0.000360 0.000312 0.000194 0.000404 0.001280 0.000319 0.000522 0.000636 0.001313 0.000140 0.000197 0.000422 0.001176 0.000619 0.000559 0.000493 0.000431 0.000344 0.000221 0.000317 0.000434 0.000602 0.003760 0.002889 0.002458 0.002010 0.002699 0.001524 0.000785 0.000302 0.000835 0.001154 0.000946 0.000929 0.323785 0.607380
-9999.000000 -9999.000000 -9999.000000 -9999.000000 -9999.000000 -9999.000000 4.999983 0.000208 0.000613 0.002092 0.350245 1.020828 0.856331 0.016783 0.009577 0.013762 0.024423 0.040383 0.081929 0.100366 0.092427 0.073812 0.054414 0.004642 0.008410 0.000554 0.000489 0.000460 0.000458 0.000498 0.000796 0.000206 0.000482 0.001527 0.000978 0.000363 0.000322 0.000408 0.000507 0.000513 0.000452 0.000374 0.000316 0.000214 0.000218 0.000381 0.000499 0.006100 0.003898 0.000435 0.000414 0.000362 0.000221 0.000218 0.000213 0.000197 0.000213 0.000503 0.000534 0.000716 0.005721 0.440460
-9999.000000 -9999.000000 -9999.000000 -9999.000000 -9999.000000 -9999.000000 4.999982 0.000350 0.001007 0.002588 0.329179 0.825974 0.285682 0.021337 0.021155 0.023213 0.031675 0.040731 0.073147 0.085275 0.123689 0.123375 0.130217 0.008690 0.003181 0.001442 0.000647 0.000614 0.000616 0.000641 0.000650 0.000218 0.000463 0.003235 0.000814 0.000444 0.000623 0.000447 0.000280 0.000376 0.000333 0.000196 0.000140 0.000197 0.000332 0.000450 0.004891 0.002821 0.000224 0.000227 0.000238 0.000262 0.000514 0.000397 0.000341 0.000214 0.000736 0.000574 0.000799 0.001133 0.000810 0.208352
-9999.000000 -9999.000000 -9999.000000 -9999.000000 -9999.000000 -9999.000000 4.999980 0.000213 0.000402 0.000523 0.004374 0.152552 0.018213 0.020628 0.026931 0.028069 0.037572 0.047967 0.057055 0.091717 0.101531 0.032890 0.000929 0.070904 0.002153 0.000876 0.001363 0.000759 0.000723 0.000677 0.000592 0.000380 0.000317 0.002486 0.000851 0.000733 0.001312 0.001310 0.000859 0.000462 0.000218 0.000214 0.000312 0.000369 0.000447 0.000534 0.004022 0.001893 0.000459 0.000458 0.000462 0.000456 0.000735 0.000513 0.000449 0.000352 0.000403 0.000620 0.000540 0.000495 0.000656 0.198753
-9999.000000 -9999.000000 -9999.000000 -9999.000000 -9999.000000 -9999.000000 4.999978 0.000195 0.000370 0.000468 0.007294 0.006357 0.010073 0.015904 0.024705 0.041239 0.039839 0.045516 0.050668 0.046103 0.023011 0.000283 0.000140 0.000322 0.046756 0.000888 0.000785 0.001122 0.000796 0.000699 0.000577 0.000417 0.000258 0.001756 0.004532 0.001940 0.002331 0.000447 0.000342 0.000220 0.000220 0.000342 0.000428 0.000797 0.000540 0.000630 0.006983 0.004314 0.003489 0.003173 0.002731 0.003779 0.001956 0.001338 0.000845 0.000223 0.000221 0.000220 0.000221 0.000222 0.000220 0.276413
-9999.000000 -9999.000000 -9999.000000 -9999.000000 -9999.000000 -9999.000000 4.999975 0.000140 0.000325 0.000396 0.000825 0.000291 0.000630 0.004640 0.016738 0.032242 0.066314 0.037564 0.037280 0.028206 0.000300 0.000140 0.000287 0.000244 0.000229 0.017852 0.004087 0.006193 0.009642 0.000740 0.000587 0.000427 0.000233 0.003389 0.002131 0.000241 0.000274 0.000360 0.000219 0.000220 0.000346 0.000576 0.000450 0.000557 0.000622 0.032820 0.015060 0.001145 0.000670 0.000646 0.000560 0.000765 0.000602 0.000447 0.000336 0.000223 0.000344 0.000393 0.000694 0.000451 0.001325 0.453157
