use_cases/Flooding/flood_case/output/h_7200.asc
ncols 269
nrows 269
xllcorner 0.000000
yllcorner 0.000000
cellsize 10.000000
NODATA_value -9999.000000
[rows 112 to 139 of 269, columns 186 to 247 of 269]
0.000424 0.000483 0.003081 0.002958 0.001845 0.001262 0.000913 0.000918 0.000518 0.000614 0.000359 0.000210 0.000194 0.000141 0.000742 0.000392 0.000225 0.000498 0.001299 0.000255 0.003379 0.084631 0.003028 0.000415 0.000365 0.000440 0.000211 0.000195 0.000140 0.000310 0.000508 0.000964 0.001516 0.001919 0.001458 0.012274 0.000258 0.000310 0.000438 0.000422 0.000405 0.000361 0.000449 0.000192 0.000140 0.000279 0.000350 0.000390 0.001111 0.000445 0.000394 0.000369 0.000504 0.000367 0.000520 0.000430 0.000407 0.000381 0.000562 0.000464 0.000485 0.000478
0.000493 0.000340 0.004564 0.002446 0.001548 0.001042 0.001079 0.000826 0.000635 0.000602 0.000451 0.000369 0.000320 0.000193 0.001039 0.000413 0.000222 0.000393 0.002908 0.002467 0.003710 0.000418 0.000372 0.000230 0.000243 0.000281 0.000382 0.000321 0.000194 0.000369 0.000390 0.000424 0.000590 0.000481 0.000605 0.017719 0.084768 0.000522 0.000505 0.000659 0.000529 0.000495 0.000463 0.000314 0.000192 0.000345 0.000434 0.000503 0.039491 0.007985 0.007409 0.010955 0.006158 0.004527 0.001893 0.002210 0.003346 0.005069 0.006789 0.002374 0.003459 0.005885
0.031329 0.011053 0.037447 0.005865 0.003603 0.002135 0.001436 0.001155 0.000956 0.000778 0.000835 0.000513 0.000294 0.000437 0.001701 0.000429 0.000221 0.004688 0.033249 0.002612 0.000230 0.000247 0.000290 0.000400 0.000354 0.000237 0.000409 0.000449 0.000812 0.000421 0.000281 0.000241 0.000348 0.000413 0.000543 0.002764 0.011434 0.010269 0.012545 0.010469 0.000615 0.000546 0.000453 0.000255 0.000335 0.004157 0.098406 0.008579 0.008561 0.000783 0.001555 0.001842 0.002786 0.004161 0.008758 0.005307 0.004157 0.001498 0.003034 0.004064 0.002391 0.002133
0.000900 0.000407 0.004340 0.002095 0.001559 0.000508 0.000853 0.000736 0.000648 0.000565 0.000532 0.000371 0.000207 0.000358 0.001028 0.003377 0.003238 0.004879 0.000420 0.000315 0.000452 0.000445 0.000450 0.000432 0.000268 0.000359 0.000470 0.001142 0.000728 0.000424 0.000455 0.000226 0.000222 0.000577 0.000885 0.003434 0.001664 0.002439 0.003959 0.006587 0.164896 0.009891 0.000457 0.000237 0.245132 0.016259 0.006433 0.000455 0.000398 0.000360 0.000527 0.000434 0.000480 0.000722 0.000642 0.000684 0.000606 0.000557 0.000537 0.000522 0.000543 0.000852
0.000458 0.000642 0.003059 0.002315 0.002149 0.002886 0.002506 0.001895 0.000739 0.000649 0.000556 0.000408 0.000218 0.000402 0.000868 0.005118 0.002620 0.000260 0.000328 0.000494 0.000480 0.000713 0.000523 0.000442 0.000239 0.000406 0.000524 0.001726 0.000739 0.000551 0.000510 0.000396 0.000354 0.000442 0.000686 0.002263 0.001046 0.000813 0.000491 0.000318 0.000398 0.009160 0.009927 0.009023 0.012742 0.000506 0.000388 0.000333 0.000211 0.000186 0.000234 0.000140 0.000381 0.000325 0.000455 0.000625 0.000505 0.000436 0.000417 0.000333 0.000484 0.000644
0.000443 0.000625 0.001340 0.002224 0.000966 0.000594 0.000698 0.001276 0.001488 0.000914 0.000696 0.000506 0.000220 0.000420 0.004754 0.004229 0.001206 0.000433 0.000420 0.000324 0.000583 0.001375 0.000708 0.000535 0.000260 0.000518 0.000606 0.002739 0.001379 0.001679 0.001123 0.000415 0.000220 0.000339 0.000747 0.001460 0.000762 0.000722 0.000695 0.000434 0.000260 0.000896 0.000428 0.000375 0.000333 0.000457 0.000220 0.000216 0.000215 0.000704 0.000424 0.000413 0.000686 0.000564 0.000339 0.000339 0.000403 0.000253 0.000297 0.000564 0.000442 0.000461
0.000430 0.000603 0.001652 0.000928 0.001144 0.000227 0.000238 0.000267 0.000346 0.000548 0.000341 0.000417 0.000395 0.013545 0.302205 0.002260 0.000960 0.000554 0.000538 0.000291 0.000448 0.002214 0.000498 0.000291 0.000342 0.000440 0.004043 0.003753 0.001769 0.000663 0.000657 0.000741 0.000220 0.000220 0.000939 0.000609 0.000655 0.000600 0.000583 0.000577 0.000445 0.000520 0.000295 0.000209 0.000213 0.000218 0.000339 0.000659 0.000215 0.000581 0.001138 0.000602 0.000609 0.000373 0.000283 0.000194 0.000140 0.000325 0.001414 0.001008 0.000554 0.000381
0.000392 0.000861 0.001374 0.000917 0.002267 0.119601 0.245042 0.350188 0.445154 0.453882 0.480163 0.509113 0.568698 0.859507 0.880359 0.076227 0.001061 0.000672 0.000399 0.000212 0.001481 0.001300 0.000492 0.000252 0.000412 0.004424 0.004257 0.000433 0.000397 0.000498 0.000386 0.000266 0.000342 0.000216 0.000339 0.000398 0.000579 0.000463 0.000447 0.000384 0.000363 0.000281 0.000140 0.000192 0.000321 0.000382 0.000552 0.000684 0.000560 0.005113 0.005105 0.003589 0.000623 0.000459 0.000382 0.000310 0.000192 0.001452 0.001136 0.000220 0.000220 0.000216
0.000505 0.000853 0.000631 0.000654 0.001149 0.000987 0.110424 0.497899 0.869516 1.194708 1.661073 2.045326 2.222263 2.072125 1.577499 0.560698 0.000714 0.000469 0.000301 0.000369 0.010772 0.006038 0.000968 0.001332 0.002097 0.004152 0.000375 0.000226 0.000232 0.000249 0.000299 0.000408 0.000577 0.000411 0.000382 0.000203 0.000274 0.000262 0.000325 0.000188 0.000226 0.000140 0.000281 0.000340 0.000421 0.000491 0.000504 0.000691 0.070970 0.006265 0.002130 0.003264 0.007234 0.004398 0.003377 0.001946 0.002864 0.002315 0.000630 0.000417 0.000375 0.000466
0.000358 0.000641 0.000966 0.000845 0.001468 0.001175 0.001019 0.075499 0.439449 0.878263 1.400852 1.819832 2.077425 2.229938 2.236015 1.512985 0.763469 0.343698 0.360776 0.679424 1.045016 0.870722 0.639122 0.148287 0.002193 0.001898 0.000309 0.000415 0.000558 0.000497 0.000526 0.000901 0.000888 0.000660 0.000478 0.000379 0.000504 0.000350 0.000215 0.000209 0.000564 0.000190 0.000401 0.000527 0.000640 0.000644 0.000676 0.007505 0.007043 0.000846 0.000924 0.000689 0.000810 0.001761 0.002139 0.002658 0.001086 0.001378 0.002315 0.001449 0.001056 0.000752
0.000218 0.000432 0.000765 0.000706 0.000829 0.000971 0.001077 0.001208 0.001864 0.003182 0.003638 0.004965 0.147936 0.863363 1.864373 2.011195 1.854465 1.715868 1.537233 1.452512 1.095128 0.564917 0.380651 0.511968 0.253468 0.001345 0.000581 0.000658 0.000697 0.001029 0.001073 0.000978 0.000740 0.000548 0.000560 0.000466 0.000632 0.000382 0.000215 0.000331 0.000543 0.000764 0.000245 0.000405 0.000489 0.000647 0.007827 0.007371 0.000625 0.000592 0.000581 0.000777 0.000442 0.000285 0.001151 0.000667 0.000690 0.000489 0.000415 0.000466 0.000279 0.000140
0.000213 0.000424 0.000559 0.000833 0.000793 0.001007 0.001084 0.001250 0.001976 0.002188 0.001922 0.001550 0.000692 0.000677 0.551352 1.619917 1.791160 1.608103 0.847271 0.157211 0.000647 0.000429 0.000221 0.000427 0.081404 0.033208 0.000772 0.000793 0.001133 0.001132 0.000707 0.000653 0.000632 0.000721 0.000359 0.001057 0.000632 0.000482 0.000435 0.000297 0.000627 0.001094 0.000566 0.000577 0.000622 0.161397 0.007891 0.000541 0.000484 0.000400 0.000520 0.000419 0.000407 0.000390 0.000619 0.000468 0.000390 0.000367 0.000337 0.000299 0.000140 0.000272
0.000193 0.000418 0.000537 0.000819 0.001486 0.001050 0.001056 0.001294 0.001586 0.002215 0.003133 0.000517 0.000221 0.000383 0.000401 0.497184 1.391812 1.178601 0.100493 0.000464 0.000448 0.000404 0.000216 0.000400 0.000516 0.225063 0.071876 0.000950 0.000990 0.000752 0.000721 0.000601 0.000876 0.000613 0.000276 0.001958 0.000808 0.000597 0.000365 0.000213 0.000440 0.000721 0.000822 0.008314 0.399148 0.011790 0.000471 0.000417 0.000363 0.000203 0.000253 0.000228 0.000239 0.000268 0.000331 0.000382 0.000211 0.000194 0.000140 0.000196 0.000290 0.000375
0.000246 0.000414 0.000480 0.000609 0.000791 0.001763 0.000918 0.001353 0.002491 0.003422 0.000515 0.000435 0.000225 0.000333 0.000374 0.000372 0.549283 0.998636 0.006939 0.000666 0.000533 0.000366 0.000208 0.000363 0.000465 0.000567 0.082526 0.033226 0.025098 0.000776 0.000713 0.000591 0.000937 0.000389 0.000429 0.001865 0.000586 0.000484 0.000413 0.000222 0.000453 0.000684 0.000697 0.008947 0.000368 0.000201 0.000272 0.000251 0.000297 0.000394 0.000541 0.000421 0.000388 0.000339 0.000194 0.000140 0.000304 0.000590 0.000190 0.000308 0.000381 0.000461
0.000195 0.000357 0.000606 0.000597 0.000796 0.001314 0.001081 0.002242 0.002633 0.000501 0.000420 0.000427 0.000239 0.000224 0.000220 0.000220 0.071811 0.667898 0.000880 0.000401 0.000364 0.000311 0.000192 0.000309 0.000399 0.000494 0.000826 0.014938 0.408161 0.055941 0.000740 0.000613 0.000973 0.000292 0.001727 0.001503 0.000632 0.000493 0.000586 0.000376 0.000317 0.000603 0.010340 0.009919 0.000307 0.000426 0.000644 0.000562 0.000617 0.001054 0.001138 0.001433 0.001014 0.000644 0.000209 0.000297 0.000394 0.000905 0.000207 0.000363 0.000459 0.003980
0.000140 0.000285 0.000495 0.000451 0.000869 0.001060 0.000929 0.002418 0.000923 0.000415 0.000217 0.000389 0.000278 0.000359 0.000402 0.002889 0.002656 0.300311 0.000222 0.000216 0.000208 0.000192 0.000141 0.000194 0.000316 0.000413 0.000698 0.000494 0.000592 0.051058 0.053586 0.033697 0.034238 0.035532 0.067488 0.038600 0.030185 0.000584 0.000541 0.000285 0.010732 0.583628 0.017332 0.002730 0.004291 0.003873 0.005074 0.003131 0.002498 0.002942 0.001442 0.000428 0.000329 0.000216 0.000215 0.000356 0.000466 0.001594 0.000218 0.000407 0.003354 0.003287
0.000277 0.000140 0.000302 0.000454 0.001157 0.001078 0.000609 0.001578 0.001145 0.000382 0.000211 0.000332 0.000677 0.003745 0.005800 0.002733 0.001762 0.027954 0.238064 0.000409 0.000381 0.000350 0.000304 0.000211 0.000214 0.000329 0.000532 0.000418 0.000513 0.000591 0.002111 0.001791 0.000746 0.000458 0.000225 0.004118 0.195079 0.065358 0.004685 0.008608 0.011194 0.000416 0.000410 0.000413 0.000414 0.000765 0.000735 0.000894 0.000604 0.000512 0.000375 0.000333 0.000216 0.000215 0.000327 0.000510 0.000686 0.001605 0.000222 0.002723 0.002719 0.001573
0.000523 0.000300 0.000186 0.000531 0.006917 0.000283 0.000363 0.000488 0.002027 0.000533 0.000195 0.000211 0.000214 0.003617 0.000234 0.000430 0.000734 0.000667 0.023858 0.380733 0.000498 0.000453 0.000406 0.000329 0.000217 0.000219 0.000329 0.000354 0.000425 0.000500 0.000584 0.002383 0.001166 0.000453 0.000227 0.000503 0.000968 0.029365 0.146070 0.043074 0.000222 0.000218 0.000216 0.000215 0.000211 0.000304 0.000361 0.001000 0.000527 0.000480 0.000434 0.000216 0.000216 0.000398 0.000663 0.000461 0.000548 0.011086 0.031737 0.010638 0.014407 0.008643
0.000528 0.000640 0.000234 0.000381 0.001196 0.000499 0.000220 0.000416 0.001082 0.000431 0.000141 0.000302 0.003305 0.003388 0.000257 0.000626 0.000690 0.000464 0.000463 0.025487 0.351891 0.000561 0.000502 0.000400 0.000468 0.000329 0.000195 0.000141 0.000317 0.000403 0.000480 0.001597 0.001289 0.000449 0.000237 0.000547 0.001167 0.001109 0.000995 0.024810 0.024465 0.000395 0.000336 0.000373 0.000194 0.000140 0.000196 0.000438 0.000398 0.000340 0.000218 0.000218 0.000409 0.000421 0.000527 0.000583 0.009463 0.116599 0.000785 0.000606 0.000474 0.000255
0.000471 0.000192 0.000140 0.000312 0.000766 0.000422 0.000216 0.000386 0.000644 0.000461 0.000584 0.001884 0.074918 0.000231 0.000482 0.000590 0.000398 0.000290 0.000247 0.000229 0.157715 0.002720 0.000606 0.000495 0.000636 0.000400 0.000456 0.000322 0.000248 0.000298 0.000374 0.000488 0.001703 0.000434 0.000260 0.000600 0.002031 0.000930 0.000703 0.000795 0.025097 0.025472 0.000481 0.000458 0.000390 0.000382 0.000373 0.000525 0.000218 0.000218 0.000218 0.000339 0.000392 0.000499 0.000606 0.010268 0.215672 0.005237 0.000834 0.000611 0.000489 0.000308
0.135523 0.000482 0.000316 0.000226 0.000226 0.000411 0.000215 0.000329 0.000430 0.000453 0.000439 0.001669 0.001922 0.000247 0.000357 0.000268 0.000238 0.000448 0.000378 0.002963 0.043084 0.002482 0.003517 0.003031 0.003887 0.002241 0.002666 0.001430 0.000432 0.000417 0.000255 0.000422 0.001331 0.000391 0.000319 0.001001 0.001916 0.000235 0.000483 0.000782 0.001340 0.030028 0.065536 0.024168 0.000531 0.000515 0.000496 0.000449 0.000417 0.000215 0.000459 0.000365 0.000480 0.000564 0.012301 0.079121 0.004485 0.000630 0.000955 0.000585 0.000491 0.000451
0.018822 0.000419 0.000405 0.000482 0.000342 0.000216 0.000213 0.000195 0.000331 0.000640 0.001225 0.002379 0.000372 0.000289 0.000242 0.000362 0.002951 0.005559 0.004386 0.003089 0.023963 0.000650 0.000614 0.000561 0.000727 0.000622 0.000655 0.001108 0.001203 0.000635 0.000308 0.000371 0.000932 0.000251 0.000438 0.001103 0.001318 0.000258 0.000362 0.000953 0.001643 0.001359 0.001052 0.457324 0.328721 0.041742 0.022493 0.000505 0.000420 0.000217 0.000586 0.000409 0.000532 0.000629 0.013100 0.000599 0.000306 0.000419 0.000913 0.000981 0.000777 0.000434
0.006276 0.004589 0.003917 0.004537 0.002494 0.000360 0.000297 0.000140 0.000382 0.000466 0.000622 0.001398 0.000228 0.000397 0.000412 0.003637 0.002783 0.001555 0.001197 0.000679 0.024076 0.000483 0.000475 0.000505 0.000433 0.000421 0.000422 0.000393 0.000556 0.000501 0.000525 0.000287 0.000675 0.000264 0.000527 0.001328 0.000392 0.000310 0.000245 0.001843 0.002201 0.000230 0.000439 0.004620 0.000557 0.000265 0.074471 0.252499 0.023197 0.023170 0.034702 0.048254 0.022680 0.029402 0.008677 0.001255 0.001386 0.001103 0.001035 0.000598 0.000587 0.000602
0.002987 0.000984 0.001170 0.001370 0.002198 0.155684 0.002986 0.000300 0.000203 0.000375 0.000607 0.000998 0.000247 0.000356 0.000459 0.003853 0.000221 0.000388 0.000457 0.000629 0.247784 0.000549 0.000393 0.000224 0.000222 0.000207 0.000243 0.000236 0.000266 0.000329 0.000455 0.000323 0.000211 0.000390 0.000457 0.000901 0.000289 0.000432 0.001946 0.002185 0.000402 0.000246 0.000445 0.003650 0.000588 0.000327 0.000374 0.000489 0.003162 0.136954 0.000555 0.000429 0.000227 0.015262 0.015448 0.000236 0.000257 0.000297 0.000499 0.000430 0.000407 0.000394
0.000768 0.000693 0.000958 0.000443 0.000209 0.000415 0.017649 0.000860 0.000257 0.000488 0.000690 0.000482 0.000316 0.000253 0.003179 0.003273 0.000219 0.000454 0.000659 0.001290 0.028014 0.000239 0.000357 0.000455 0.000443 0.000432 0.000396 0.000426 0.000344 0.000197 0.000241 0.000215 0.000207 0.000291 0.000371 0.000506 0.000369 0.000590 0.001673 0.000459 0.000352 0.000289 0.000464 0.003491 0.000817 0.000465 0.000235 0.000430 0.000726 0.002132 0.000474 0.000399 0.000234 0.000812 0.012683 0.011176 0.000413 0.000344 0.000243 0.000222 0.000220 0.000222
0.000745 0.000209 0.001136 0.000443 0.000237 0.000476 0.002328 0.000550 0.000226 0.000405 0.000545 0.000314 0.000421 0.002720 0.003017 0.000373 0.000216 0.000382 0.000473 0.000565 0.020078 0.019883 0.000575 0.000581 0.000550 0.000490 0.000598 0.000498 0.000436 0.000388 0.000377 0.000316 0.000192 0.000140 0.000274 0.000325 0.000432 0.000478 0.001227 0.000394 0.000209 0.000390 0.000455 0.002912 0.000766 0.000451 0.000258 0.000415 0.000788 0.002112 0.000510 0.000348 0.000260 0.001157 0.002120 0.012171 0.000538 0.000485 0.000422 0.000476 0.000422 0.000419
0.000987 0.000272 0.001111 0.000535 0.000221 0.000428 0.001933 0.000623 0.000228 0.000398 0.000432 0.000468 0.002341 0.002742 0.000403 0.000327 0.000215 0.000365 0.000435 0.000490 0.001051 0.020179 0.019056 0.018141 0.000645 0.000577 0.000787 0.000579 0.000516 0.000482 0.000457 0.000379 0.000367 0.000262 0.000140 0.000192 0.000207 0.000354 0.000854 0.000384 0.000194 0.000356 0.000562 0.003193 0.001119 0.000607 0.000300 0.000348 0.001142 0.001391 0.000405 0.000220 0.000329 0.001748 0.003503 0.010475 0.009804 0.000613 0.000592 0.000577 0.000718 0.000518
0.001981 0.000323 0.000457 0.000508 0.000220 0.000421 0.001519 0.000712 0.000237 0.000367 0.000618 0.001086 0.002286 0.000352 0.000300 0.000209 0.000218 0.000350 0.000381 0.000400 0.001410 0.005097 0.000232 0.017712 0.024427 0.015217 0.023729 0.014279 0.013394 0.000616 0.000561 0.000646 0.000503 0.000361 0.000190 0.000306 0.000358 0.000276 0.000247 0.000342 0.000140 0.000285 0.000440 0.001895 0.001224 0.000562 0.000516 0.000249 0.001357 0.000493 0.000386 0.000230 0.000432 0.003913 0.004064 0.000257 0.008906 0.026412 0.000667 0.000640 0.000587 0.000798
