use_cases/Flooding/flood_case/output/h_7200.asc
ncols 269
nrows 269
xllcorner 0.000000
yllcorner 0.000000
cellsize 10.000000
NODATA_value -9999.000000
[rows 224 to 251 of 269, columns 124 to 185 of 269]
0.000345 0.000401 0.000944 0.000215 0.087254 0.209532 0.059181 0.008269 0.010426 0.008445 0.011297 0.008280 0.007859 0.007556 0.007119 0.006709 0.007041 0.000302 0.005589 0.150166 0.005739 0.004865 0.000514 0.000480 0.000445 0.000829 0.000546 0.000377 0.000363 0.000312 0.000192 0.002799 0.000804 0.000403 0.000236 0.000339 0.000535 0.002269 0.000558 0.000449 0.000384 0.000335 0.000211 0.000396 0.000482 -9999.000000 -9999.000000 -9999.000000 -9999.000000 -9999.000000 -9999.000000 -9999.000000 -9999.000000 -9999.000000 -9999.000000 -9999.000000 -9999.000000 -9999.000000 -9999.000000 -9999.000000 -9999.000000 -9999.000000
0.000471 0.009367 0.011272 0.009877 0.012718 0.000406 0.000515 0.000382 0.000345 0.000230 0.001086 0.000695 0.000638 0.000830 0.000654 0.000644 0.000499 0.000400 0.000216 0.000428 0.001530 0.000493 0.000417 0.000352 0.000205 0.000678 0.000319 0.000140 0.002189 0.001082 0.001117 0.001960 0.000445 0.000352 0.000268 0.000232 0.000588 0.001866 0.000518 0.000352 0.000230 0.000260 0.000346 0.000459 0.000554 -9999.000000 -9999.000000 -9999.000000 -9999.000000 -9999.000000 -9999.000000 -9999.000000 -9999.000000 -9999.000000 -9999.000000 -9999.000000 -9999.000000 -9999.000000 -9999.000000 -9999.000000 -9999.000000 -9999.000000
0.011340 0.010188 0.000469 0.000405 0.000377 0.000286 0.000343 0.000227 0.000237 0.000258 0.000423 0.000578 0.000579 0.000614 0.000541 0.000670 0.000464 0.000373 0.000218 0.000432 0.001134 0.000403 0.000340 0.000289 0.000192 0.000325 0.000257 0.000327 0.002112 0.001182 0.001435 0.000510 0.000375 0.000195 0.000356 0.000875 0.000720 0.001397 0.000535 0.000262 0.000344 0.000234 0.000390 0.000501 0.000619 -9999.000000 -9999.000000 -9999.000000 -9999.000000 -9999.000000 -9999.000000 -9999.000000 -9999.000000 -9999.000000 -9999.000000 -9999.000000 -9999.000000 -9999.000000 -9999.000000 -9999.000000 -9999.000000 -9999.000000
0.010638 0.000399 0.000361 0.000233 0.000254 0.000312 0.000299 0.000220 0.001866 0.001502 0.001131 0.000705 0.000621 0.000525 0.000476 0.000577 0.000422 0.000337 0.000228 0.000447 0.000791 0.000285 0.000194 0.000140 0.000293 0.000197 0.000339 0.000426 0.002667 0.000869 0.000278 0.000468 0.000342 0.000251 0.000495 0.000510 0.000728 0.000617 0.000623 0.000363 0.000262 0.000350 0.000453 0.000953 0.000405 -9999.000000 -9999.000000 -9999.000000 -9999.000000 -9999.000000 -9999.000000 -9999.000000 -9999.000000 -9999.000000 -9999.000000 -9999.000000 -9999.000000 -9999.000000 -9999.000000 -9999.000000 -9999.000000 -9999.000000
0.000363 0.000244 0.000283 0.000391 0.000356 0.000245 0.002529 0.002270 0.001952 0.000483 0.000441 0.000431 0.000424 0.000418 0.000386 0.000455 0.000361 0.000232 0.000255 0.000474 0.000303 0.000140 0.000296 0.000335 0.000510 0.000386 0.000510 0.000541 0.038783 0.001563 0.000971 0.000625 0.000468 0.000211 0.000304 0.000352 0.000451 0.000262 0.000983 0.000272 0.000371 0.000438 0.000525 0.001586 0.000657 0.000140 -9999.000000 -9999.000000 -9999.000000 -9999.000000 -9999.000000 -9999.000000 -9999.000000 -9999.000000 -9999.000000 -9999.000000 -9999.000000 -9999.000000 -9999.000000 -9999.000000 -9999.000000 -9999.000000
0.000282 0.000363 0.000466 0.000283 0.003035 0.003093 0.002615 0.000490 0.000412 0.000349 0.000242 0.000222 0.000222 0.000224 0.000230 0.000247 0.000289 0.000392 0.000319 0.000253 0.000207 0.000192 0.000344 0.000422 0.000924 0.000371 0.000285 0.004079 0.003633 0.000426 0.000407 0.000379 0.000323 0.000194 0.000140 0.000192 0.000209 0.000344 0.000876 0.000531 0.000573 0.000569 0.002187 0.001878 0.000196 -9999.000000 -9999.000000 -9999.000000 -9999.000000 -9999.000000 -9999.000000 -9999.000000 -9999.000000 -9999.000000 -9999.000000 -9999.000000 -9999.000000 -9999.000000 -9999.000000 -9999.000000 -9999.000000 -9999.000000
0.000538 0.000604 0.001214 0.001382 0.002828 0.000408 0.000297 0.000393 0.000261 0.000308 0.000511 0.000445 0.000438 0.000436 0.000426 0.000421 0.000400 0.000592 0.000409 0.000335 0.000211 0.000314 0.000409 0.000489 0.002112 0.001784 0.002706 0.004859 0.000360 0.000220 0.000218 0.000216 0.000213 0.000211 0.000304 0.000356 0.000451 0.000546 0.000953 0.000625 0.000592 0.002683 0.002376 0.000272 0.000140 -9999.000000 -9999.000000 -9999.000000 -9999.000000 -9999.000000 -9999.000000 -9999.000000 -9999.000000 -9999.000000 -9999.000000 -9999.000000 -9999.000000 -9999.000000 -9999.000000 -9999.000000 -9999.000000 -9999.000000
0.000536 0.000379 0.002237 0.001538 0.001481 0.000306 0.000414 0.000332 0.000495 0.000505 0.000675 0.000553 0.000542 0.000533 0.000522 0.000506 0.000468 0.000741 0.000463 0.000373 0.000215 0.000371 0.000489 0.000564 0.003361 0.001897 0.001813 0.000411 0.000289 0.000476 0.000402 0.000375 0.000329 0.000215 0.000369 0.000445 0.000432 0.000466 0.000808 0.000798 0.003198 0.012723 0.000270 0.000140 -9999.000000 -9999.000000 -9999.000000 -9999.000000 -9999.000000 -9999.000000 -9999.000000 -9999.000000 -9999.000000 -9999.000000 -9999.000000 -9999.000000 -9999.000000 -9999.000000 -9999.000000 -9999.000000 -9999.000000 -9999.000000
0.000650 0.000288 0.001880 0.004263 0.001114 0.000509 0.000520 0.000481 0.000488 0.000330 0.001143 0.000595 0.000564 0.000513 0.000347 0.000514 0.000555 0.001215 0.000513 0.000430 0.000218 0.000400 0.000462 0.005368 0.005473 0.002871 0.001260 0.000316 0.000459 0.000651 0.000483 0.000415 0.000504 0.000348 0.000281 0.000463 0.000516 0.000568 0.000779 0.080985 0.003390 0.000190 0.000140 -9999.000000 -9999.000000 -9999.000000 -9999.000000 -9999.000000 -9999.000000 -9999.000000 -9999.000000 -9999.000000 -9999.000000 -9999.000000 -9999.000000 -9999.000000 -9999.000000 -9999.000000 -9999.000000 -9999.000000 -9999.000000 -9999.000000
0.001089 0.001543 0.003114 0.002416 0.001135 0.000598 0.000573 0.000536 0.000478 0.000267 0.001668 0.000636 0.000577 0.000493 0.000274 0.000502 0.001379 0.001009 0.000528 0.000393 0.000219 0.000411 0.003374 0.003667 0.000632 0.001140 0.002517 0.000480 0.000333 0.001014 0.000474 0.000293 0.000829 0.000390 0.000241 0.000443 0.000525 0.004517 0.215834 0.004163 0.000140 -9999.000000 -9999.000000 -9999.000000 -9999.000000 -9999.000000 -9999.000000 -9999.000000 -9999.000000 -9999.000000 -9999.000000 -9999.000000 -9999.000000 -9999.000000 -9999.000000 -9999.000000 -9999.000000 -9999.000000 -9999.000000 -9999.000000 -9999.000000 -9999.000000
0.002702 0.001542 0.002069 0.001830 0.000863 0.000839 0.000672 0.000521 0.000334 0.000397 0.001702 0.000678 0.000593 0.000478 0.000245 0.001553 0.001411 0.000982 0.000568 0.000310 0.000390 0.000487 0.005914 0.002742 0.000508 0.000195 0.000278 0.000268 0.000350 0.001306 0.000464 0.000249 0.001075 0.000411 0.000226 0.000432 0.004370 0.240490 0.000295 0.000192 -9999.000000 -9999.000000 -9999.000000 -9999.000000 -9999.000000 -9999.000000 -9999.000000 -9999.000000 -9999.000000 -9999.000000 -9999.000000 -9999.000000 -9999.000000 -9999.000000 -9999.000000 -9999.000000 -9999.000000 -9999.000000 -9999.000000 -9999.000000 -9999.000000 -9999.000000
2.058741 1.967270 1.974215 1.907205 0.000832 0.000633 0.000537 0.000848 0.000384 0.000384 0.002395 0.000782 0.000753 0.000782 0.000894 0.001695 0.001035 0.000672 0.000462 0.000278 0.000392 0.004042 0.003837 0.001336 0.000483 0.000318 0.000450 0.000242 0.000406 0.001591 0.000459 0.000232 0.001290 0.000430 0.000225 0.000448 0.138982 0.000284 0.000188 0.000140 -9999.000000 -9999.000000 -9999.000000 -9999.000000 -9999.000000 -9999.000000 -9999.000000 -9999.000000 -9999.000000 -9999.000000 -9999.000000 -9999.000000 -9999.000000 -9999.000000 -9999.000000 -9999.000000 -9999.000000 -9999.000000 -9999.000000 -9999.000000 -9999.000000 -9999.000000
2.099134 2.060697 2.052045 2.085428 2.042087 2.018764 1.860949 0.000865 0.000969 0.001423 0.002871 0.000953 0.000942 0.000933 0.001292 0.001273 0.000944 0.000651 0.000468 0.000222 0.000427 0.006226 0.002517 0.000985 0.000466 0.000551 0.000436 0.000227 0.000419 0.001214 0.001518 0.000645 0.001430 0.000823 0.001018 0.000712 0.000189 0.000140 -9999.000000 -9999.000000 -9999.000000 -9999.000000 -9999.000000 -9999.000000 -9999.000000 -9999.000000 -9999.000000 -9999.000000 -9999.000000 -9999.000000 -9999.000000 -9999.000000 -9999.000000 -9999.000000 -9999.000000 -9999.000000 -9999.000000 -9999.000000 -9999.000000 -9999.000000 -9999.000000 -9999.000000
2.182590 2.110182 2.095428 2.147397 2.100888 2.082818 2.085153 2.180367 2.055049 0.001224 0.002171 0.001286 0.001473 0.001196 0.001316 0.001214 0.000872 0.000836 0.000500 0.000227 0.003626 0.004007 0.001695 0.000803 0.000495 0.000748 0.000476 0.000225 0.000428 0.003278 0.176640 0.004004 0.001256 0.000683 0.000189 0.000141 -9999.000000 -9999.000000 -9999.000000 -9999.000000 -9999.000000 -9999.000000 -9999.000000 -9999.000000 -9999.000000 -9999.000000 -9999.000000 -9999.000000 -9999.000000 -9999.000000 -9999.000000 -9999.000000 -9999.000000 -9999.000000 -9999.000000 -9999.000000 -9999.000000 -9999.000000 -9999.000000 -9999.000000 -9999.000000 -9999.000000
2.164962 2.026172 1.971036 2.042600 2.054024 2.064913 2.084146 2.094151 2.116174 2.215386 2.011114 0.001189 0.001526 0.001727 0.001269 0.001035 0.000700 0.000641 0.000426 0.000225 0.005235 0.003075 0.001305 0.000714 0.000806 0.000721 0.000301 0.000367 0.003547 0.003671 0.000271 0.000141 -9999.000000 -9999.000000 -9999.000000 -9999.000000 -9999.000000 -9999.000000 -9999.000000 -9999.000000 -9999.000000 -9999.000000 -9999.000000 -9999.000000 -9999.000000 -9999.000000 -9999.000000 -9999.000000 -9999.000000 -9999.000000 -9999.000000 -9999.000000 -9999.000000 -9999.000000 -9999.000000 -9999.000000 -9999.000000 -9999.000000 -9999.000000 -9999.000000 -9999.000000 -9999.000000
0.001987 0.000313 0.000213 2.008811 1.921150 1.906220 1.986019 2.026677 2.103681 2.102297 2.051877 1.976215 0.001327 0.002624 0.001602 0.001108 0.001005 0.001143 0.001529 0.002334 0.005223 0.002363 0.001319 0.000701 0.000928 0.000560 0.000341 0.000367 0.004137 0.000190 0.000141 -9999.000000 -9999.000000 -9999.000000 -9999.000000 -9999.000000 -9999.000000 -9999.000000 -9999.000000 -9999.000000 -9999.000000 -9999.000000 -9999.000000 -9999.000000 -9999.000000 -9999.000000 -9999.000000 -9999.000000 -9999.000000 -9999.000000 -9999.000000 -9999.000000 -9999.000000 -9999.000000 -9999.000000 -9999.000000 -9999.000000 -9999.000000 -9999.000000 -9999.000000 -9999.000000 -9999.000000
0.003000 0.000140 0.000197 0.000906 0.000463 0.000195 1.903542 1.862480 2.097726 2.102142 2.049935 2.063332 2.001261 0.001592 0.001305 0.001497 0.001945 0.001815 0.002254 0.002822 0.003284 0.001412 0.001455 0.000722 0.001001 0.000541 0.000274 -9999.000000 -9999.000000 -9999.000000 -9999.000000 -9999.000000 -9999.000000 -9999.000000 -9999.000000 -9999.000000 -9999.000000 -9999.000000 -9999.000000 -9999.000000 -9999.000000 -9999.000000 -9999.000000 -9999.000000 -9999.000000 -9999.000000 -9999.000000 -9999.000000 -9999.000000 -9999.000000 -9999.000000 -9999.000000 -9999.000000 -9999.000000 -9999.000000 -9999.000000 -9999.000000 -9999.000000 -9999.000000 -9999.000000 -9999.000000 -9999.000000
0.006819 0.004222 0.005111 0.001055 0.000490 0.000140 0.000196 0.000486 2.122334 2.167109 2.044704 2.061273 2.055125 2.173521 2.020339 0.002122 0.003025 0.004539 0.003151 0.002808 0.002655 0.001393 0.001120 0.001118 0.000864 0.000510 0.000248 -9999.000000 -9999.000000 -9999.000000 -9999.000000 -9999.000000 -9999.000000 -9999.000000 -9999.000000 -9999.000000 -9999.000000 -9999.000000 -9999.000000 -9999.000000 -9999.000000 -9999.000000 -9999.000000 -9999.000000 -9999.000000 -9999.000000 -9999.000000 -9999.000000 -9999.000000 -9999.000000 -9999.000000 -9999.000000 -9999.000000 -9999.000000 -9999.000000 -9999.000000 -9999.000000 -9999.000000 -9999.000000 -9999.000000 -9999.000000 -9999.000000
0.000847 0.002987 0.001296 0.000883 0.000959 0.000445 0.000908 0.000947 0.000533 2.212640 1.884428 1.965890 2.010867 2.094226 2.028659 1.875707 0.001813 0.003298 0.002646 0.003831 0.002897 0.001342 0.001119 0.001577 0.001294 0.000503 -9999.000000 -9999.000000 -9999.000000 -9999.000000 -9999.000000 -9999.000000 -9999.000000 -9999.000000 -9999.000000 -9999.000000 -9999.000000 -9999.000000 -9999.000000 -9999.000000 -9999.000000 -9999.000000 -9999.000000 -9999.000000 -9999.000000 -9999.000000 -9999.000000 -9999.000000 -9999.000000 -9999.000000 -9999.000000 -9999.000000 -9999.000000 -9999.000000 -9999.000000 -9999.000000 -9999.000000 -9999.000000 -9999.000000 -9999.000000 -9999.000000 -9999.000000
0.000678 0.002546 0.000627 0.000656 0.000891 0.000462 0.000437 0.000434 0.010405 0.010263 0.000294 1.994086 2.029540 2.084718 2.067680 1.928030 1.992804 1.817022 0.001915 0.003555 0.003365 0.002408 0.002404 0.002571 0.000192 0.000140 -9999.000000 -9999.000000 -9999.000000 -9999.000000 -9999.000000 -9999.000000 -9999.000000 -9999.000000 -9999.000000 -9999.000000 -9999.000000 -9999.000000 -9999.000000 -9999.000000 -9999.000000 -9999.000000 -9999.000000 -9999.000000 -9999.000000 -9999.000000 -9999.000000 -9999.000000 -9999.000000 -9999.000000 -9999.000000 -9999.000000 -9999.000000 -9999.000000 -9999.000000 -9999.000000 -9999.000000 -9999.000000 -9999.000000 -9999.000000 -9999.000000 -9999.000000
0.000668 0.002028 0.000774 0.000337 0.001665 0.000789 0.000170 0.000204 0.010741 0.000546 0.000625 0.000314 2.040467 1.964312 2.057797 2.012587 2.007850 1.921760 2.095371 1.970541 0.001657 0.001523 0.000280 0.000140 -9999.000000 -9999.000000 -9999.000000 -9999.000000 -9999.000000 -9999.000000 -9999.000000 -9999.000000 -9999.000000 -9999.000000 -9999.000000 -9999.000000 -9999.000000 -9999.000000 -9999.000000 -9999.000000 -9999.000000 -9999.000000 -9999.000000 -9999.000000 -9999.000000 -9999.000000 -9999.000000 -9999.000000 -9999.000000 -9999.000000 -9999.000000 -9999.000000 -9999.000000 -9999.000000 -9999.000000 -9999.000000 -9999.000000 -9999.000000 -9999.000000 -9999.000000 -9999.000000 -9999.000000
0.000695 0.001257 0.000633 0.000365 0.000808 0.000644 0.001546 0.001143 0.055048 0.000706 0.000419 0.000451 0.000908 0.000699 2.054754 2.010898 1.952866 1.838211 1.849533 1.910246 1.913391 0.001003 0.000140 -9999.000000 -9999.000000 -9999.000000 -9999.000000 -9999.000000 -9999.000000 -9999.000000 -9999.000000 -9999.000000 -9999.000000 -9999.000000 -9999.000000 -9999.000000 -9999.000000 -9999.000000 -9999.000000 -9999.000000 -9999.000000 -9999.000000 -9999.000000 -9999.000000 -9999.000000 -9999.000000 -9999.000000 -9999.000000 -9999.000000 -9999.000000 -9999.000000 -9999.000000 -9999.000000 -9999.000000 -9999.000000 -9999.000000 -9999.000000 -9999.000000 -9999.000000 -9999.000000 -9999.000000 -9999.000000
0.000746 0.000473 0.000668 0.000572 0.000674 0.000744 0.001263 0.002586 0.021328 0.000493 0.000359 0.001093 0.001673 0.000592 0.000243 1.890714 1.795133 1.671571 1.551193 1.822990 -9999.000000 -9999.000000 -9999.000000 -9999.000000 -9999.000000 -9999.000000 -9999.000000 -9999.000000 -9999.000000 -9999.000000 -9999.000000 -9999.000000 -9999.000000 -9999.000000 -9999.000000 -9999.000000 -9999.000000 -9999.000000 -9999.000000 -9999.000000 -9999.000000 -9999.000000 -9999.000000 -9999.000000 -9999.000000 -9999.000000 -9999.000000 -9999.000000 -9999.000000 -9999.000000 -9999.000000 -9999.000000 -9999.000000 -9999.000000 -9999.000000 -9999.000000 -9999.000000 -9999.000000 -9999.000000 -9999.000000 -9999.000000 -9999.000000
0.000547 0.000383 0.000401 0.000710 0.000633 0.001251 0.001464 0.001261 0.008917 0.000438 0.000418 0.000694 0.000444 0.000451 0.000435 0.000312 0.000192 0.952096 0.928865 -9999.000000 -9999.000000 -9999.000000 -9999.000000 -9999.000000 -9999.000000 -9999.000000 -9999.000000 -9999.000000 -9999.000000 -9999.000000 -9999.000000 -9999.000000 -9999.000000 -9999.000000 -9999.000000 -9999.000000 -9999.000000 -9999.000000 -9999.000000 -9999.000000 -9999.000000 -9999.000000 -9999.000000 -9999.000000 -9999.000000 -9999.000000 -9999.000000 -9999.000000 -9999.000000 -9999.000000 -9999.000000 -9999.000000 -9999.000000 -9999.000000 -9999.000000 -9999.000000 -9999.000000 -9999.000000 -9999.000000 -9999.000000 -9999.000000 -9999.000000
0.000371 0.000293 0.000240 0.000663 0.001047 0.001105 0.001431 0.000853 0.008449 0.000233 0.000252 0.000472 0.000197 0.000252 0.000211 0.000194 0.000140 0.000320 0.000403 -9999.000000 -9999.000000 -9999.000000 -9999.000000 -9999.000000 -9999.000000 -9999.000000 -9999.000000 -9999.000000 -9999.000000 -9999.000000 -9999.000000 -9999.000000 -9999.000000 -9999.000000 -9999.000000 -9999.000000 -9999.000000 -9999.000000 -9999.000000 -9999.000000 -9999.000000 -9999.000000 -9999.000000 -9999.000000 -9999.000000 -9999.000000 -9999.000000 -9999.000000 -9999.000000 -9999.000000 -9999.000000 -9999.000000 -9999.000000 -9999.000000 -9999.000000 -9999.000000 -9999.000000 -9999.000000 -9999.000000 -9999.000000 -9999.000000 -9999.000000
0.000141 0.000327 0.000691 0.001095 0.001014 0.000920 0.001029 0.001003 0.011402 0.007700 0.000326 0.000341 0.000374 0.000532 0.000376 0.000321 0.000196 0.000421 0.000295 -9999.000000 -9999.000000 -9999.000000 -9999.000000 -9999.000000 -9999.000000 -9999.000000 -9999.000000 -9999.000000 -9999.000000 -9999.000000 -9999.000000 -9999.000000 -9999.000000 -9999.000000 -9999.000000 -9999.000000 -9999.000000 -9999.000000 -9999.000000 -9999.000000 -9999.000000 -9999.000000 -9999.000000 -9999.000000 -9999.000000 -9999.000000 -9999.000000 -9999.000000 -9999.000000 -9999.000000 -9999.000000 -9999.000000 -9999.000000 -9999.000000 -9999.000000 -9999.000000 -9999.000000 -9999.000000 -9999.000000 -9999.000000 -9999.000000 -9999.000000
-9999.000000 0.000141 0.000284 0.000410 0.001082 0.000698 0.000995 0.000501 0.000560 0.036547 0.046224 0.003968 0.008136 0.000653 0.000601 0.000619 0.001102 0.000219 -9999.000000 -9999.000000 -9999.000000 -9999.000000 -9999.000000 -9999.000000 -9999.000000 -9999.000000 -9999.000000 -9999.000000 -9999.000000 -9999.000000 -9999.000000 -9999.000000 -9999.000000 -9999.000000 -9999.000000 -9999.000000 -9999.000000 -9999.000000 -9999.000000 -9999.000000 -9999.000000 -9999.000000 -9999.000000 -9999.000000 -9999.000000 -9999.000000 -9999.000000 -9999.000000 -9999.000000 -9999.000000 -9999.000000 -9999.000000 -9999.000000 -9999.000000 -9999.000000 -9999.000000 -9999.000000 -9999.000000 -9999.000000 -9999.000000 -9999.000000 -9999.000000
-9999.000000 -9999.000000 0.000188 0.000338 0.000981 0.000706 0.000844 0.000234 0.000443 0.000584 0.012146 0.005690 0.007618 0.005894 0.003343 0.000690 0.000419 0.000213 -9999.000000 -9999.000000 -9999.000000 -9999.000000 -9999.000000 -9999.000000 -9999.000000 -9999.000000 -9999.000000 -9999.000000 -9999.000000 -9999.000000 -9999.000000 -9999.000000 -9999.000000 -9999.000000 -9999.000000 -9999.000000 -9999.000000 -9999.000000 -9999.000000 -9999.000000 -9999.000000 -9999.000000 -9999.000000 -9999.000000 -9999.000000 -9999.000000 -9999.000000 -9999.000000 -9999.000000 -9999.000000 -9999.000000 -9999.000000 -9999.000000 -9999.000000 -9999.000000 -9999.000000 -9999.000000 -9999.000000 -9999.000000 -9999.000000 -9999.000000 -9999.000000
