use_cases/Flooding/flood_case/output/h_7200.asc
ncols 269
nrows 269
xllcorner 0.000000
yllcorner 0.000000
cellsize 10.000000
NODATA_value -9999.000000
[rows 140 to 167 of 269, columns 0 to 61 of 269]
-9999.000000 -9999.000000 -9999.000000 -9999.000000 -9999.000000 -9999.000000 4.998954 0.062517 0.098096 0.108395 0.000209 0.000194 0.282153 0.193452 0.180903 0.190941 0.389854 0.181401 0.063702 0.074124 0.090113 0.123153 0.137305 0.136634 0.151395 0.112512 0.150421 0.081193 0.001439 0.001215 0.000810 0.000628 0.000620 0.000364 0.000257 0.000195 0.000140 0.000783 0.000415 0.000329 0.000210 0.000476 0.000584 0.000593 0.003292 0.188272 0.145260 0.003570 0.000876 0.000396 0.000377 0.056561 0.477964 0.360358 0.026803 0.003462 0.002120 0.001026 0.001269 0.001526 0.000517 0.000221
-9999.000000 -9999.000000 -9999.000000 -9999.000000 -9999.000000 -9999.000000 4.990196 0.177867 0.192041 0.180736 0.079607 0.000140 0.169668 0.080989 0.104359 0.141915 0.047927 0.055216 0.063443 0.070236 0.078519 0.087551 0.079453 0.132311 0.082497 0.173443 0.194290 0.100796 0.000437 0.000445 0.000437 0.000414 0.000347 0.000357 0.000404 0.000324 0.000195 0.000619 0.000637 0.000540 0.000472 0.000473 0.000600 0.071065 0.433579 0.468042 0.437952 0.366871 0.086584 0.000333 0.000456 0.366883 0.454953 0.276059 0.002427 0.001627 0.001563 0.001531 0.000246 0.000287 0.000379 0.000538
-9999.000000 -9999.000000 -9999.000000 -9999.000000 -9999.000000 -9999.000000 4.967793 0.304583 0.262307 0.204398 0.123423 0.116213 0.393607 0.235374 0.176799 0.083403 0.058417 0.053247 0.054541 0.064664 0.098334 0.115200 0.120056 0.159340 0.112167 0.197630 0.234390 0.113873 0.000219 0.000226 0.000231 0.000249 0.000296 0.000414 0.000580 0.000256 0.000347 0.000579 0.000679 0.000675 0.000824 0.000560 0.007593 0.404846 0.471133 0.521490 0.492038 0.455432 0.469319 0.395863 0.413597 0.386105 0.296588 0.155680 0.000995 0.001525 0.001478 0.000909 0.001705 0.002346 0.003045 0.000645
-9999.000000 -9999.000000 -9999.000000 -9999.000000 -9999.000000 -9999.000000 4.948567 0.332839 0.305942 0.319563 0.354914 0.426575 0.484726 0.322006 0.153513 0.079828 0.067826 0.057512 0.073805 0.087889 0.090286 0.103581 0.130332 0.069371 0.168870 0.201113 0.225375 0.168050 0.000418 0.000416 0.000403 0.000364 0.000246 0.000435 0.000774 0.000496 0.000938 0.000697 0.001275 0.000896 0.001139 0.000908 0.309098 0.456439 0.453865 0.397344 0.297910 0.407163 0.486168 0.488611 0.478462 0.402899 0.206366 0.012028 0.000776 0.001001 0.001940 0.002443 0.002000 0.000837 0.001595 0.001950
-9999.000000 -9999.000000 -9999.000000 -9999.000000 -9999.000000 -9999.000000 4.940125 0.312018 0.317421 0.413374 0.572909 0.659733 0.506082 0.151298 0.131216 0.105922 0.081124 0.059685 0.070112 0.074329 0.046035 0.071464 0.034265 0.112475 0.173913 0.196132 0.217106 0.221085 0.146047 0.000937 0.000480 0.000402 0.000228 0.000442 0.001130 0.000262 0.000694 0.000479 0.000941 0.000606 0.000742 0.082324 0.484480 0.470683 0.300710 0.007235 0.000419 0.007570 0.200822 0.365888 0.353265 0.136699 0.020687 0.010190 0.000218 0.000214 0.000196 0.000263 0.000228 0.000239 0.000271 0.000349
-9999.000000 -9999.000000 -9999.000000 -9999.000000 -9999.000000 -9999.000000 4.948559 0.290935 0.300814 0.377134 0.488878 0.518705 0.231341 0.169883 0.178226 0.134856 0.098005 0.115691 0.049732 0.037112 0.048387 0.080933 0.057071 0.117846 0.130248 0.155369 0.181230 0.265630 0.324394 0.163744 0.003931 0.000419 0.000222 0.000445 0.001408 0.000236 0.000602 0.000623 0.001441 0.000388 0.004129 0.374201 0.520485 0.425892 0.047242 0.000761 0.000651 0.000446 0.000594 0.003398 0.001347 0.000562 0.000250 0.008644 0.009184 0.003346 0.004905 0.010082 0.007240 0.007117 0.000615 0.000735
-9999.000000 -9999.000000 -9999.000000 -9999.000000 -9999.000000 -9999.000000 4.978251 0.175708 0.237830 0.165019 0.181713 0.292090 0.181211 0.189387 0.228605 0.185613 0.192813 0.153994 0.036599 0.016369 0.023115 0.021894 0.072299 0.104773 0.090369 0.033376 0.039298 0.253602 0.374081 0.419346 0.351822 0.182422 0.154648 0.202724 0.224990 0.113732 0.046690 0.021376 0.017147 0.046900 0.255820 0.460277 0.469003 0.231759 0.001077 0.000768 0.000680 0.000722 0.000576 0.000866 0.000625 0.000631 0.000295 0.000378 0.007178 0.047796 0.005606 0.000575 0.000434 0.007146 0.007072 0.006492
-9999.000000 -9999.000000 -9999.000000 -9999.000000 -9999.000000 -9999.000000 4.983411 0.163695 0.123013 0.096450 0.125579 0.263400 0.226435 0.234458 0.263024 0.226101 0.220154 0.174220 0.048086 0.012955 0.010309 0.045791 0.068070 0.082186 0.001193 0.000435 0.000386 0.048542 0.306526 0.417007 0.466118 0.489248 0.482307 0.465653 0.468417 0.425851 0.404266 0.419164 0.412655 0.428077 0.431269 0.435524 0.313089 0.020966 0.001456 0.001332 0.000997 0.001123 0.000560 0.000565 0.000471 0.000731 0.000405 0.000250 0.000674 0.000777 0.002068 0.000876 0.000701 0.000528 0.000509 0.000763
-9999.000000 -9999.000000 -9999.000000 -9999.000000 -9999.000000 -9999.000000 4.971069 0.178449 0.127154 0.078975 0.095014 0.146178 0.247542 0.268739 0.274072 0.237598 0.208759 0.176125 0.084657 0.029179 0.014094 0.070137 0.082558 0.040739 0.000352 0.000276 0.000592 0.000781 0.044583 0.327741 0.442709 0.482621 0.468185 0.458791 0.468436 0.448917 0.437037 0.445807 0.459723 0.444516 0.409130 0.287252 0.060708 0.001094 0.001437 0.000954 0.000796 0.000690 0.000683 0.000488 0.000406 0.000567 0.000347 0.000303 0.000828 0.000756 0.001329 0.000621 0.001120 0.000658 0.000470 0.000367
-9999.000000 -9999.000000 -9999.000000 -9999.000000 -9999.000000 -9999.000000 4.909628 0.441015 0.907342 1.094776 0.685715 0.436188 0.340954 0.321161 0.309328 0.298941 0.248025 0.119655 0.019074 0.000140 0.015899 0.045123 0.035719 0.000413 0.000218 0.000497 0.000972 0.000625 0.001666 0.002798 0.104789 0.228630 0.275183 0.311503 0.346119 0.400641 0.400519 0.353252 0.284400 0.163589 0.058712 0.012006 0.001656 0.000807 0.000732 0.000951 0.000730 0.000564 0.000475 0.000390 0.000354 0.000309 0.000140 0.000445 0.001647 0.000544 0.000491 0.000406 0.000579 0.000412 0.000386 0.000192
-9999.000000 -9999.000000 -9999.000000 -9999.000000 -9999.000000 -9999.000000 4.686308 1.359921 1.842643 1.771803 0.813926 0.419699 0.377507 0.391623 0.421540 0.443043 0.353397 0.097093 0.000738 0.000558 0.009714 0.021082 0.000517 0.000396 0.000217 0.000404 0.000552 0.000904 0.002245 0.001026 0.000737 0.000679 0.000890 0.001819 0.030242 0.097434 0.110625 0.004763 0.001472 0.000444 0.000230 0.000721 0.002619 0.000705 0.000716 0.000706 0.001139 0.000486 0.000384 0.000195 0.000140 0.000197 0.000310 0.000494 0.000443 0.000422 0.000386 0.000306 0.000273 0.000211 0.000343 0.000418
-9999.000000 -9999.000000 -9999.000000 -9999.000000 -9999.000000 -9999.000000 -9999.000000 0.000140 2.259609 1.882102 0.576137 0.433285 0.436910 0.509454 0.635032 3.691650 3.484350 0.000140 0.001428 0.014987 0.028851 0.001291 0.000469 0.000381 0.000212 0.000378 0.000539 0.000803 0.002377 0.000473 0.000236 0.000519 0.000776 0.000801 0.000856 0.000912 0.004087 0.000776 0.000610 0.000450 0.000244 0.000496 0.001559 0.000564 0.000560 0.000532 0.000849 0.000763 0.000660 0.000327 0.000196 0.000453 0.002653 0.001230 0.000223 0.000223 0.000227 0.000236 0.000463 0.000217 0.000911 0.000549
-9999.000000 -9999.000000 -9999.000000 -9999.000000 -9999.000000 -9999.000000 -9999.000000 -9999.000000 0.000140 1.687812 0.381080 0.567907 0.581508 0.694416 3.939972 3.709059 3.381525 1.082329 0.000140 0.003443 0.009829 0.000526 0.000425 0.000327 0.000196 0.000325 0.000539 0.000891 0.002859 0.000479 0.000261 0.000577 0.000833 0.001027 0.001152 0.001243 0.004543 0.001221 0.000625 0.000445 0.000285 0.000362 0.001050 0.000433 0.000428 0.000421 0.000416 0.000350 0.000508 0.000389 0.000213 0.002382 0.004196 0.000848 0.001833 0.000772 0.000438 0.000225 0.000630 0.000473 0.001747 0.002173
-9999.000000 -9999.000000 -9999.000000 -9999.000000 -9999.000000 -9999.000000 -9999.000000 -9999.000000 -9999.000000 0.000170 0.000170 0.850042 0.634591 0.681820 3.741849 3.602750 0.972082 1.093654 1.145606 0.000520 0.000639 0.000473 0.000350 0.000196 0.000140 0.000196 0.000554 0.001052 0.001344 0.000477 0.000327 0.000659 0.001351 0.000808 0.000774 0.000767 0.001967 0.001241 0.000641 0.000422 0.000392 0.000218 0.000607 0.000218 0.000211 0.000189 0.000256 0.000196 0.000140 0.000397 0.002228 0.002011 0.000479 0.000495 0.000515 0.000223 0.000229 0.000351 0.001002 0.000490 0.000942 0.001853
-9999.000000 -9999.000000 -9999.000000 -9999.000000 -9999.000000 -9999.000000 -9999.000000 -9999.000000 -9999.000000 -9999.000000 -9999.000000 0.000140 0.841755 0.716592 0.839488 0.909172 1.038704 1.140770 1.004181 0.000451 0.000454 0.000436 0.000259 0.000327 0.000196 0.000664 0.001041 0.001328 0.000228 0.000422 0.000470 0.000749 0.000948 0.000710 0.000592 0.000607 0.000784 0.001559 0.001094 0.000262 0.000338 0.000213 0.000216 0.000830 0.000525 0.000623 0.000814 0.001124 0.001683 0.008942 0.004658 0.000893 0.000212 0.000190 0.000265 0.000222 0.000352 0.000454 0.000620 0.000901 0.000758 0.002304
-9999.000000 -9999.000000 -9999.000000 -9999.000000 -9999.000000 -9999.000000 -9999.000000 -9999.000000 -9999.000000 -9999.000000 -9999.000000 -9999.000000 0.000140 0.784143 0.732453 0.977268 1.132253 1.113119 0.864854 0.000246 0.000299 0.000421 0.001013 0.001153 0.000816 0.000303 0.000901 0.000423 0.000241 0.000385 0.000603 0.000764 0.001913 0.000243 0.000319 0.000473 0.000336 0.000727 0.001252 0.001063 0.000211 0.000196 0.000574 0.045419 0.072588 0.003632 0.005151 0.003066 0.002438 0.001316 0.008841 0.000723 0.000339 0.000210 0.000359 0.000403 0.000642 0.000464 0.000634 0.000839 0.000865 0.002722
-9999.000000 -9999.000000 -9999.000000 -9999.000000 -9999.000000 -9999.000000 -9999.000000 -9999.000000 -9999.000000 -9999.000000 -9999.000000 -9999.000000 -9999.000000 0.000335 0.000190 0.957775 1.206211 1.208605 1.055596 0.901327 0.000693 0.000851 0.001222 0.000305 0.000438 0.000442 0.000407 0.000384 0.000279 0.000299 0.000370 0.000381 0.000801 0.000285 0.000140 0.000196 0.000213 0.000333 0.000365 0.000822 0.000311 0.000140 0.000194 0.057494 0.064839 0.000346 0.000194 0.000601 0.000208 0.000337 0.001323 0.000606 0.000263 0.000358 0.000588 0.001011 0.000651 0.000642 0.000710 0.033197 0.024735 0.003083
-9999.000000 -9999.000000 -9999.000000 -9999.000000 -9999.000000 -9999.000000 -9999.000000 -9999.000000 -9999.000000 -9999.000000 -9999.000000 -9999.000000 -9999.000000 0.000239 0.000270 0.000326 1.448640 1.307072 1.200823 0.997570 0.546827 0.000614 0.000624 0.000368 0.000188 0.000253 0.000188 0.000255 0.000188 0.000257 0.000197 0.000140 0.000292 0.000140 0.000285 0.000357 0.000681 0.000195 0.000140 0.000300 0.000758 0.000308 0.000211 0.001329 0.000351 0.000284 0.000140 0.000237 0.000184 0.000210 0.000916 0.001374 0.000236 0.000413 0.000462 0.000637 0.000898 0.000640 0.019573 0.004104 0.000331 0.000259
-9999.000000 -9999.000000 -9999.000000 -9999.000000 -9999.000000 -9999.000000 -9999.000000 -9999.000000 -9999.000000 -9999.000000 -9999.000000 -9999.000000 -9999.000000 -9999.000000 0.000232 0.000251 1.236439 1.325752 1.275704 1.238983 0.975040 0.507582 0.000617 0.000469 0.000399 0.000368 0.000524 0.000368 0.000513 0.000359 0.000213 0.000301 0.000391 0.000661 0.000239 0.000526 0.042536 0.000321 0.000196 0.000411 0.001141 0.001378 0.044873 0.046460 0.000193 0.000140 0.000286 0.000497 0.000337 0.000394 0.000745 0.001385 0.000668 0.001057 0.000321 0.000591 0.000826 0.018351 0.004645 0.000195 0.000140 0.000323
-9999.000000 -9999.000000 -9999.000000 -9999.000000 -9999.000000 -9999.000000 -9999.000000 -9999.000000 -9999.000000 -9999.000000 -9999.000000 -9999.000000 -9999.000000 -9999.000000 -9999.000000 0.000194 0.000313 1.351841 1.359108 1.395921 1.402221 1.422163 1.448451 1.091375 0.000566 0.000584 0.000996 0.000690 0.000597 0.000271 0.000346 0.000408 0.001003 0.000628 0.000449 0.000480 0.000464 0.001065 0.000397 0.000140 0.000232 0.000186 0.000300 0.000948 0.000594 0.000194 0.000361 0.000889 0.000262 0.000435 0.000670 0.001350 0.000827 0.009506 0.006821 0.006730 0.014766 0.005359 0.000675 0.000382 0.000323 0.000234
-9999.000000 -9999.000000 -9999.000000 -9999.000000 -9999.000000 -9999.000000 -9999.000000 -9999.000000 -9999.000000 -9999.000000 -9999.000000 -9999.000000 -9999.000000 -9999.000000 -9999.000000 0.000140 0.000353 0.000414 1.406351 1.415671 1.424877 1.554599 1.601086 1.707541 1.576971 0.000661 0.000631 0.000438 0.000284 0.000382 0.000436 1.922622 1.921304 1.918586 1.737679 1.136582 0.000445 0.000217 0.000385 0.000194 0.001081 0.000300 0.000140 0.000196 0.000264 0.000282 0.000895 0.000894 0.000389 0.000302 0.000581 0.002400 0.117950 0.014099 0.000195 0.001153 0.000572 0.000614 0.000788 0.001690 0.000583 0.000323
-9999.000000 -9999.000000 -9999.000000 -9999.000000 -9999.000000 -9999.000000 -9999.000000 -9999.000000 -9999.000000 -9999.000000 -9999.000000 -9999.000000 -9999.000000 -9999.000000 -9999.000000 -9999.000000 0.000140 0.000295 0.000518 1.153268 1.020207 1.277365 1.357738 1.468196 1.505602 1.364115 0.000627 0.000449 0.000244 0.000411 1.713005 2.034382 2.031446 2.017764 1.934483 1.679114 1.407974 0.883708 0.000417 0.000211 0.000551 0.001508 0.000385 0.000242 0.000357 0.000557 0.000684 1.363789 1.159228 1.048992 1.181632 1.180697 0.004402 0.000195 0.000140 0.000666 0.000332 0.000196 0.000140 0.000422 0.000421 0.000380
-9999.000000 -9999.000000 -9999.000000 -9999.000000 -9999.000000 -9999.000000 -9999.000000 -9999.000000 -9999.000000 -9999.000000 -9999.000000 -9999.000000 -9999.000000 -9999.000000 -9999.000000 -9999.000000 -9999.000000 0.000194 0.000549 0.000411 0.000596 1.218848 1.138071 1.589662 1.784448 1.724356 1.521421 0.942967 0.642919 1.044378 1.905879 1.982373 1.990141 1.972416 1.938438 1.940090 1.816481 1.574498 1.151810 0.000456 0.000875 0.000744 0.000228 0.000305 1.551685 1.764958 1.806608 1.812815 1.671415 1.637047 1.815376 1.727282 1.589678 1.055580 0.679324 0.000220 0.000218 0.000212 0.000787 0.000521 0.000431 0.000557
-9999.000000 -9999.000000 -9999.000000 -9999.000000 -9999.000000 -9999.000000 -9999.000000 -9999.000000 -9999.000000 -9999.000000 -9999.000000 -9999.000000 -9999.000000 -9999.000000 -9999.000000 -9999.000000 -9999.000000 0.000140 0.000422 0.000361 0.000567 0.000700 0.000540 1.473043 1.792427 1.798365 1.785512 1.678063 1.620760 1.682327 1.933431 1.902901 1.934498 1.850527 1.781500 1.935085 2.014433 1.969934 1.794053 1.422294 1.177287 1.252165 1.341839 1.458224 1.795894 1.960518 1.996987 2.039797 1.979124 1.975717 1.997080 1.966956 2.141647 1.935920 1.688381 1.337072 0.000463 0.000511 0.001035 0.000499 0.000297 0.943026
-9999.000000 -9999.000000 -9999.000000 -9999.000000 -9999.000000 -9999.000000 -9999.000000 -9999.000000 -9999.000000 -9999.000000 -9999.000000 -9999.000000 -9999.000000 -9999.000000 -9999.000000 -9999.000000 -9999.000000 -9999.000000 0.000451 0.000321 0.000830 0.000645 0.000773 0.000668 1.719121 1.862480 1.874110 1.878316 1.891223 1.904127 1.853030 1.682778 0.000743 0.000441 0.000206 1.883437 1.987070 2.033075 2.060124 1.986681 1.940420 1.927486 1.953111 1.847582 1.798724 1.795280 1.797672 1.964493 1.937005 1.849062 1.724776 1.636007 1.975218 2.115378 2.226624 2.124145 1.963745 1.567288 0.000468 1.808307 1.675935 1.556946
-9999.000000 -9999.000000 -9999.000000 -9999.000000 -9999.000000 -9999.000000 -9999.000000 -9999.000000 -9999.000000 -9999.000000 -9999.000000 -9999.000000 -9999.000000 -9999.000000 -9999.000000 -9999.000000 -9999.000000 -9999.000000 0.000140 0.000471 0.000546 0.000482 0.000510 0.000663 0.000644 1.851175 1.878492 1.947445 1.975271 2.001482 1.788444 0.000776 0.001166 0.000624 0.000269 0.000471 1.606236 1.762838 2.004568 2.022796 2.005040 1.989810 1.989243 1.961656 1.883234 1.868735 1.505585 0.000477 0.000833 0.001772 0.000635 0.000428 1.908483 1.904186 2.212729 2.233633 2.189747 1.940602 1.875521 2.066379 2.252364 2.225923
-9999.000000 -9999.000000 -9999.000000 -9999.000000 -9999.000000 -9999.000000 -9999.000000 -9999.000000 -9999.000000 -9999.000000 -9999.000000 -9999.000000 -9999.000000 -9999.000000 -9999.000000 -9999.000000 -9999.000000 -9999.000000 -9999.000000 0.000539 0.000459 0.000213 0.000383 0.000465 0.000511 0.000651 0.000641 1.773985 0.004596 0.010188 0.000834 0.001079 0.000779 0.000586 0.000274 0.000464 0.000630 0.000644 1.724212 1.838216 1.973468 1.975656 1.869354 1.774784 1.579338 0.000738 0.000777 0.001052 0.001344 0.001743 0.000947 0.000939 0.000746 0.004545 2.132605 2.236417 2.287090 2.223667 2.226818 2.270070 2.260850 2.184568
-9999.000000 -9999.000000 -9999.000000 -9999.000000 -9999.000000 -9999.000000 -9999.000000 -9999.000000 -9999.000000 -9999.000000 -9999.000000 -9999.000000 -9999.000000 -9999.000000 -9999.000000 -9999.000000 -9999.000000 -9999.000000 -9999.000000 0.000438 0.000474 0.000196 0.000326 0.000387 0.000416 0.000429 0.000759 0.000456 0.000474 0.014266 0.000779 0.000876 0.000903 0.000682 0.000358 0.000443 0.000894 0.000536 0.000602 0.000660 1.311828 1.403909 0.000757 0.000788 0.000973 0.000854 0.000552 0.000264 0.002260 0.000640 0.000543 0.000526 0.000677 0.006690 0.002859 1.998759 2.157520 2.213532 2.230061 2.210877 2.206481 1.962951
