use_cases/Flooding/flood_case/output/h_900.asc
ncols 269
nrows 269
xllcorner 0.000000
yllcorner 0.000000
cellsize 10.000000
NODATA_value -9999.000000
[rows 56 to 83 of 269, columns 186 to 247 of 269]
0.009907 0.011185 0.001729 0.001019 0.007925 0.002717 0.002356 0.001880 0.001016 0.001859 0.004279 0.007499 0.002599 0.002421 0.002290 0.001912 0.002685 0.001630 0.001266 0.001796 0.005304 0.007608 0.005921 0.014904 0.002676 0.002208 0.002551 0.001050 0.002103 0.006444 0.011321 0.002631 0.001798 0.001307 0.000651 0.001351 -9999.000000 -9999.000000 -9999.000000 -9999.000000 -9999.000000 -9999.000000 -9999.000000 -9999.000000 -9999.000000 -9999.000000 -9999.000000 -9999.000000 -9999.000000 -9999.000000 -9999.000000 -9999.000000 -9999.000000 -9999.000000 -9999.000000 -9999.000000 -9999.000000 -9999.000000 -9999.000000 -9999.000000 -9999.000000 -9999.000000
0.008322 0.002277 0.002076 0.001002 0.006337 0.002339 0.002103 0.001739 0.000991 0.001708 0.005433 0.003907 0.002086 0.001903 0.001868 0.001534 0.001904 0.000907 0.001672 0.002688 0.002664 0.002706 0.004778 0.018251 0.003050 0.002464 0.003581 0.001203 0.002538 0.005952 0.013861 0.002183 0.001910 0.002286 0.001304 0.000651 0.001445 0.001943 -9999.000000 -9999.000000 -9999.000000 -9999.000000 -9999.000000 -9999.000000 -9999.000000 -9999.000000 -9999.000000 -9999.000000 -9999.000000 -9999.000000 -9999.000000 -9999.000000 -9999.000000 -9999.000000 -9999.000000 -9999.000000 -9999.000000 -9999.000000 -9999.000000 -9999.000000 -9999.000000 -9999.000000
0.004014 0.001744 0.001513 0.000974 0.004945 0.001870 0.001742 0.001502 0.000938 0.001439 0.001914 0.004861 0.001409 0.000907 0.001172 0.000983 0.000905 0.000651 0.001336 0.001653 0.001830 0.001935 0.003695 0.012533 0.014277 0.002840 0.002581 0.001571 0.001336 0.003436 0.013276 0.002663 0.002240 0.002957 0.001822 0.001437 0.000979 0.001426 0.001744 -9999.000000 -9999.000000 -9999.000000 -9999.000000 -9999.000000 -9999.000000 -9999.000000 -9999.000000 -9999.000000 -9999.000000 -9999.000000 -9999.000000 -9999.000000 -9999.000000 -9999.000000 -9999.000000 -9999.000000 -9999.000000 -9999.000000 -9999.000000 -9999.000000 -9999.000000 -9999.000000
0.001662 0.001012 0.000974 0.000905 0.003547 0.001019 0.000993 0.000941 0.000789 0.000789 0.001489 0.003068 0.000651 0.001412 0.003625 0.001807 0.001632 0.001309 0.000651 0.000903 0.000976 0.001000 0.005963 0.014274 0.024111 0.003470 0.002610 0.001897 0.001163 0.002918 0.015545 0.002771 0.003739 0.002995 0.002189 0.001693 0.000901 0.000651 0.000913 0.000993 -9999.000000 -9999.000000 -9999.000000 -9999.000000 -9999.000000 -9999.000000 -9999.000000 -9999.000000 -9999.000000 -9999.000000 -9999.000000 -9999.000000 -9999.000000 -9999.000000 -9999.000000 -9999.000000 -9999.000000 -9999.000000 -9999.000000 -9999.000000 -9999.000000 -9999.000000
0.001958 0.002336 0.001422 0.000651 0.001962 0.001901 0.001624 0.002131 0.001470 0.000951 0.000998 0.001014 0.001431 0.001876 0.005668 0.002368 0.002185 0.002000 0.000901 0.001864 0.003594 0.004983 0.004114 0.005967 0.022762 0.012491 0.002664 0.001993 0.001078 0.002510 0.019225 0.007448 0.009981 0.007318 0.005239 0.003448 0.001496 0.000901 0.003047 0.001533 0.000907 0.000651 -9999.000000 -9999.000000 -9999.000000 -9999.000000 -9999.000000 -9999.000000 -9999.000000 -9999.000000 -9999.000000 -9999.000000 -9999.000000 -9999.000000 -9999.000000 -9999.000000 -9999.000000 -9999.000000 -9999.000000 -9999.000000 -9999.000000 -9999.000000
0.002539 0.002389 0.001693 0.000901 0.001914 0.002893 0.004054 0.002288 0.001719 0.000985 0.001531 0.001742 0.002011 0.002685 0.008210 0.002995 0.002851 0.001788 0.001525 0.001039 0.001584 0.002036 0.002179 0.002688 0.022675 0.030074 0.002723 0.002038 0.001044 0.002277 0.024178 0.008675 0.002123 0.001782 0.001576 0.001077 0.001185 0.001573 0.005994 0.003720 0.004651 0.002902 0.000989 -9999.000000 -9999.000000 -9999.000000 -9999.000000 -9999.000000 -9999.000000 -9999.000000 -9999.000000 -9999.000000 -9999.000000 -9999.000000 -9999.000000 -9999.000000 -9999.000000 -9999.000000 -9999.000000 -9999.000000 -9999.000000 -9999.000000
0.003325 0.002205 0.001254 0.001611 0.002140 0.006158 0.003779 0.002780 0.001870 0.001000 0.002025 0.003835 0.001420 0.002077 0.014373 0.003973 0.002324 0.001979 0.002206 0.001039 0.001027 0.001626 0.003218 0.004468 0.004212 0.020517 0.021253 0.002115 0.001166 0.019311 0.019989 0.001862 0.001621 0.001012 0.001018 0.001025 0.001607 0.007360 0.006516 0.005981 0.002202 0.001601 0.000901 0.000651 -9999.000000 -9999.000000 -9999.000000 -9999.000000 -9999.000000 -9999.000000 -9999.000000 -9999.000000 -9999.000000 -9999.000000 -9999.000000 -9999.000000 -9999.000000 -9999.000000 -9999.000000 -9999.000000 -9999.000000 -9999.000000
0.003134 0.002162 0.001256 0.002201 0.002531 0.009006 0.003736 0.001471 0.003428 0.001014 0.001740 0.006042 0.001182 0.009609 0.009203 0.003079 0.003324 0.005038 0.005528 0.003409 0.001498 0.002399 0.002574 0.003294 0.003085 0.020247 0.034328 0.002078 0.000938 0.023376 0.008131 0.001091 0.001215 0.001574 0.001006 0.001533 0.014236 0.014064 0.008311 0.002429 0.001989 0.001191 0.001504 0.000901 0.000981 0.001016 -9999.000000 -9999.000000 -9999.000000 -9999.000000 -9999.000000 -9999.000000 -9999.000000 -9999.000000 -9999.000000 -9999.000000 -9999.000000 -9999.000000 -9999.000000 -9999.000000 -9999.000000 -9999.000000
0.003957 0.002568 0.000947 0.001761 0.008828 0.007786 0.002388 0.001222 0.002921 0.002370 0.004871 0.002973 0.002470 0.014156 0.007230 0.006909 0.012214 0.006600 0.001924 0.001441 0.000651 0.001410 0.002051 0.002573 0.003011 0.003415 0.161158 0.029114 0.001010 0.028380 0.009316 0.003440 0.001708 0.001204 0.001608 0.002009 0.023210 0.002784 0.002448 0.002170 0.001912 0.001718 0.001193 0.001590 0.002202 0.003388 0.000651 -9999.000000 -9999.000000 -9999.000000 -9999.000000 -9999.000000 -9999.000000 -9999.000000 -9999.000000 -9999.000000 -9999.000000 -9999.000000 -9999.000000 -9999.000000 -9999.000000 -9999.000000
0.002294 0.001756 0.001012 0.001923 0.015155 0.004327 0.001617 0.001856 0.002818 0.006238 0.004085 0.001993 0.074165 0.022752 0.012835 0.010800 0.002340 0.001973 0.001525 0.000987 0.000909 0.000978 0.001939 0.002414 0.002732 0.003033 0.014718 0.061881 0.018547 0.027301 0.002018 0.001648 0.001263 0.001725 0.002066 0.018370 0.016655 0.002412 0.002009 0.001611 0.001103 0.001279 0.001758 0.002106 0.002095 0.005119 0.001285 0.000651 -9999.000000 -9999.000000 -9999.000000 -9999.000000 -9999.000000 -9999.000000 -9999.000000 -9999.000000 -9999.000000 -9999.000000 -9999.000000 -9999.000000 -9999.000000 -9999.000000
0.002228 0.001327 0.001679 0.002245 0.012495 0.002576 0.002825 0.002646 0.030632 0.032258 0.027382 0.030049 0.025021 0.002461 0.002864 0.002121 0.001883 0.001611 0.001008 0.001016 0.001544 0.001792 0.001998 0.002223 0.002430 0.002656 0.002573 0.116606 0.065260 0.001770 0.001543 0.001044 0.001107 0.001886 0.019699 0.018615 0.002179 0.002091 0.001557 0.001023 0.001042 0.001708 0.002168 0.002505 0.002728 0.007276 0.001765 0.001306 0.000651 0.000897 0.001468 0.000651 -9999.000000 -9999.000000 -9999.000000 -9999.000000 -9999.000000 -9999.000000 -9999.000000 -9999.000000 -9999.000000 -9999.000000
0.002134 0.001148 0.003474 0.003296 0.014561 0.001669 0.002270 0.002844 0.034420 0.003044 0.002815 0.002574 0.002941 0.002257 0.001991 0.001515 0.001243 0.001204 0.001540 0.002173 0.001216 0.002439 0.001166 0.001641 0.002004 0.002242 0.003293 0.240380 0.054128 0.001006 0.001006 0.001023 0.001574 0.005991 0.020621 0.001153 0.001335 0.001813 0.001008 0.001010 0.002889 0.001286 0.002521 0.002828 0.007916 0.005509 0.002284 0.001996 0.000901 0.001462 0.075937 0.002967 0.000896 0.000651 0.000907 0.000991 -9999.000000 -9999.000000 -9999.000000 -9999.000000 -9999.000000 -9999.000000
0.003855 0.001576 0.001203 0.004508 0.014486 0.007208 0.005106 0.024722 0.022161 0.002529 0.002349 0.002377 0.002061 0.001755 0.001555 0.001214 0.002336 0.001706 0.001193 0.004138 0.002151 0.002259 0.001066 0.001037 0.001575 0.001778 0.002309 0.017757 0.059094 0.001705 0.001518 0.001007 0.001779 0.024754 0.020876 0.003035 0.003626 0.001672 0.001012 0.001828 0.006297 0.002111 0.001370 0.002589 0.013327 0.007509 0.002819 0.001126 0.001552 0.004779 0.003002 0.001893 0.001473 0.000905 0.001502 0.001767 0.001304 0.001781 0.000903 0.000651 -9999.000000 -9999.000000
0.001300 0.000652 0.001515 0.001193 0.007030 0.008059 0.035836 0.046209 0.020215 0.003751 0.002944 0.001959 0.001518 0.000905 0.000651 0.002225 0.002004 0.002237 0.002109 0.006284 0.002705 0.002570 0.002154 0.001219 0.001069 0.001026 0.002139 0.003072 0.090326 0.006782 0.010848 0.017830 0.039659 0.025881 0.004131 0.005035 0.001862 0.001321 0.001014 0.001602 0.005984 0.001811 0.001187 0.015340 0.014483 0.001925 0.001777 0.001067 0.007084 0.006130 0.001164 0.001391 0.001975 0.001599 0.001197 0.001941 0.002059 0.002839 0.004407 0.001407 0.000972 0.000890
0.000652 0.001299 0.001818 0.001941 0.005044 0.040626 0.218295 0.011190 0.002463 0.002257 0.001973 0.001554 0.001000 0.000980 0.001416 0.002243 0.002464 0.002676 0.002758 0.008883 0.003187 0.003001 0.001554 0.000886 0.002706 0.004038 0.004203 0.003343 0.053849 0.063229 0.016182 0.019209 0.002563 0.002335 0.002036 0.002429 0.001545 0.001191 0.001948 0.002564 0.011078 0.007199 0.011029 0.022110 0.001592 0.001117 0.001284 0.008843 0.056863 0.001847 0.001855 0.002772 0.002252 0.001819 0.001079 0.002017 0.002331 0.002336 0.006608 0.002139 0.001920 0.001838
0.000898 0.001594 0.002494 0.002131 0.003936 0.063454 0.011700 0.001973 0.001901 0.001778 0.001550 0.001006 0.001003 0.001529 0.001907 0.002430 0.002758 0.003412 0.009252 0.006816 0.003015 0.002160 0.001796 0.000987 0.000999 0.001599 0.002054 0.003354 0.003280 0.115560 0.012951 0.002352 0.002109 0.001829 0.001586 0.001871 0.000899 0.000651 0.001497 0.002161 0.022129 0.015691 0.011656 0.001441 0.001030 0.001037 0.009577 0.072865 0.001281 0.000651 0.001803 0.002671 0.004912 0.002166 0.001710 0.001406 0.002242 0.002694 0.015105 0.010294 0.008029 0.008490
0.001828 0.003992 0.007001 0.005229 0.261771 0.063180 0.001029 0.001024 0.001016 0.001007 0.001005 0.001009 0.001553 0.002465 0.002025 0.002637 0.003030 0.003163 0.013456 0.005469 0.003132 0.002607 0.002318 0.001009 0.001563 0.001201 0.001738 0.002186 0.002288 0.098851 0.005655 0.001841 0.001626 0.000994 0.000900 0.001141 0.000976 0.001389 0.001882 0.017312 0.017435 0.000975 0.000897 0.000652 0.001436 0.011253 0.010708 0.001559 0.000651 0.001300 0.001990 0.002737 0.007344 0.002774 0.001925 0.001163 0.002159 0.017816 0.016318 0.002521 0.002502 0.002947
0.001628 0.001926 0.001385 0.004275 0.891867 0.009900 0.008381 0.005177 0.003622 0.001786 0.001585 0.001012 0.001798 0.002913 0.004093 0.003081 0.003509 0.014717 0.012599 0.006299 0.004304 0.003155 0.001763 0.001161 0.001863 0.001982 0.001384 0.001894 0.001398 0.077178 0.004710 0.001077 0.001230 0.001602 0.002206 0.001569 0.000999 0.001704 0.002578 0.025893 0.007990 0.001526 0.000964 0.001393 0.012955 0.029839 0.001773 0.001393 0.000913 0.002021 0.002856 0.003203 0.009549 0.002209 0.001417 0.001774 0.020409 0.019794 0.003339 0.003218 0.002196 0.001814
0.001904 0.001338 0.001795 0.058269 0.041311 0.002512 0.003249 0.002218 0.002009 0.001957 0.001218 0.001619 0.003705 0.001471 0.002599 0.005264 0.005805 0.027681 0.006292 0.003273 0.002512 0.002160 0.001919 0.000920 0.001933 0.002307 0.002281 0.001539 0.001903 0.278474 0.002605 0.002035 0.002169 0.003857 0.003752 0.003528 0.001204 0.002388 0.002355 0.022565 0.005482 0.001190 0.015071 0.015358 0.013468 0.001729 0.001279 0.000651 0.001397 0.001729 0.002170 0.003661 0.017513 0.009212 0.016101 0.022923 0.021895 0.002635 0.002650 0.002160 0.001655 0.000934
0.001368 0.001746 0.002099 0.249574 0.002177 0.002033 0.002534 0.001580 0.001127 0.001370 0.001751 0.002096 0.005260 0.001215 0.002442 0.001546 0.003193 0.022887 0.005055 0.003210 0.002647 0.002209 0.001386 0.002299 0.001916 0.002499 0.002639 0.002477 0.003127 0.369835 0.012295 0.010572 0.008594 0.009167 0.004226 0.001403 0.000919 0.001750 0.002465 0.097280 0.012295 0.023278 0.015953 0.002099 0.001718 0.001278 0.000651 0.001304 0.001796 0.002186 0.002585 0.002863 0.035761 0.022235 0.016583 0.001957 0.001936 0.001803 0.002410 0.001843 0.001330 0.001716
0.001153 0.002081 0.005038 0.002455 0.002390 0.001597 0.001908 0.001024 0.001055 0.001704 0.002108 0.007282 0.004795 0.002165 0.001595 0.001974 0.002888 0.025584 0.004461 0.003424 0.003216 0.002163 0.001162 0.003932 0.001575 0.002915 0.002938 0.002936 0.002734 0.471789 0.002957 0.002670 0.002156 0.002214 0.001400 0.000652 0.001428 0.002015 0.006354 0.538773 0.016645 0.002401 0.002160 0.001679 0.001278 0.000651 0.001298 0.001754 0.002656 0.002247 0.002794 0.003237 0.031547 0.001277 0.001620 0.001018 0.001012 0.000949 0.001323 0.001378 0.001927 0.002858
0.001070 0.001719 0.056533 0.001688 0.001556 0.001020 0.001020 0.001016 0.001544 0.002013 0.002427 0.008109 0.003302 0.001854 0.001244 0.002041 0.002723 0.028679 0.006891 0.003021 0.002070 0.001487 0.004679 0.003685 0.001040 0.002053 0.002769 0.003088 0.078658 0.073170 0.002480 0.002310 0.002003 0.001533 0.000974 0.000900 0.001656 0.002180 0.041435 0.033608 0.002301 0.001846 0.001916 0.001177 0.000651 0.001302 0.001752 0.002154 0.003049 0.003305 0.002731 0.003389 0.032273 0.001724 0.001198 0.001554 0.000995 0.003226 0.001937 0.001767 0.001353 0.004678
0.001684 0.002148 0.111451 0.001885 0.001010 0.001014 0.001530 0.001713 0.002005 0.002387 0.002779 0.010659 0.003157 0.002031 0.001108 0.002037 0.029901 0.069264 0.002836 0.003135 0.001455 0.001920 0.008299 0.002378 0.001044 0.002103 0.002732 0.003231 0.222433 0.001996 0.001946 0.001860 0.001640 0.001009 0.001006 0.001506 0.001950 0.035630 0.035609 0.002423 0.001791 0.001575 0.001093 0.001267 0.000894 0.001614 0.002438 0.003111 0.003973 0.004674 0.003191 0.052679 0.036798 0.003800 0.005154 0.007912 0.018707 0.025195 0.017706 0.004627 0.006595 0.014438
0.002109 0.004615 0.001699 0.000994 0.001005 0.001499 0.001885 0.002169 0.003069 0.002408 0.003006 0.012484 0.002787 0.001451 0.001745 0.030064 0.030798 0.001831 0.001694 0.001369 0.001880 0.007324 0.005044 0.002260 0.001030 0.002103 0.002698 0.003459 0.094180 0.001028 0.001045 0.001088 0.001214 0.001596 0.001014 0.001746 0.002228 0.038349 0.002576 0.002372 0.002155 0.001021 0.001042 0.001647 0.001753 0.002608 0.001954 0.002427 0.002921 0.004182 0.051953 0.252504 0.027360 0.035947 0.031255 0.034651 0.024336 0.010227 0.015150 0.032398 0.019188 0.023162
0.007611 0.007151 0.001505 0.001008 0.001510 0.001881 0.002248 0.002614 0.004126 0.002721 0.010498 0.009349 0.002566 0.001208 0.030722 0.031549 0.001611 0.001020 0.001053 0.001133 0.006147 0.005581 0.003927 0.003254 0.002219 0.001680 0.002991 0.034715 0.073455 0.002017 0.001983 0.001892 0.001706 0.001225 0.001972 0.002623 0.003066 0.067328 0.001941 0.001863 0.001438 0.001020 0.001575 0.002018 0.002277 0.003486 0.002364 0.002840 0.003247 0.070236 0.307830 0.043466 0.003575 0.003004 0.004475 0.003056 0.002659 0.002141 0.001170 0.006589 0.002786 0.002410
0.014580 0.001004 0.001012 0.001000 0.001713 0.002207 0.002713 0.003806 0.018243 0.021956 0.015710 0.013098 0.009952 0.023605 0.024657 0.001089 0.001207 0.001561 0.001011 0.001565 0.009248 0.005338 0.003891 0.003416 0.001779 0.001058 0.001879 0.046595 0.082246 0.002519 0.002384 0.002063 0.002851 0.002121 0.001143 0.001875 0.036873 0.035106 0.002399 0.001404 0.000652 0.001441 0.001925 0.002340 0.002693 0.004297 0.002683 0.003118 0.005469 0.350429 0.017881 0.003473 0.003483 0.003599 0.003601 0.002781 0.002526 0.002177 0.001407 0.004943 0.002311 0.002011
0.007136 0.001525 0.000988 0.001513 0.002079 0.003464 0.052528 0.150712 0.181150 0.176822 0.124898 0.066254 0.037176 0.027956 0.011906 0.001864 0.001684 0.001193 0.001586 0.001984 0.012254 0.005028 0.003977 0.002475 0.001957 0.001044 0.001918 0.021337 0.065049 0.002320 0.001539 0.002532 0.004615 0.001150 0.001642 0.002142 0.281844 0.002007 0.001516 0.000969 0.000895 0.001679 0.002178 0.002606 0.003025 0.004102 0.008010 0.060109 0.232848 0.058232 0.003142 0.002889 0.002561 0.003345 0.002503 0.002439 0.002336 0.002158 0.002019 0.003129 0.001792 0.001554
0.004770 0.001796 0.001013 0.001825 0.004821 0.087604 0.102738 0.092042 0.078527 0.080286 0.102409 0.167872 0.134230 0.047807 0.007709 0.002988 0.001893 0.001091 0.001874 0.012051 0.009830 0.004405 0.002963 0.002598 0.001997 0.001023 0.001899 0.013382 0.081934 0.002426 0.001907 0.001394 0.102172 0.001657 0.001257 0.162044 0.031422 0.001669 0.000999 0.000989 0.001484 0.001984 0.002432 0.002890 0.059338 0.205582 0.140103 0.061063 0.002975 0.002780 0.002737 0.002415 0.002157 0.002686 0.001945 0.001931 0.001927 0.001575 0.001628 0.002336 0.000974 0.000871
