use_cases/Flooding/flood_case/output/h_900.asc
ncols 269
nrows 269
xllcorner 0.000000
yllcorner 0.000000
cellsize 10.000000
NODATA_value -9999.000000
[rows 56 to 83 of 269, columns 124 to 185 of 269]
0.000000 0.000000 0.000000 0.000000 0.000000 0.000000 0.000000 0.000000 0.000000 0.000000 0.001710 0.003612 0.001914 0.001793 0.001584 0.001024 0.001021 0.002328 0.002733 0.005833 0.001680 0.001038 0.001026 0.001550 0.001949 0.009018 0.016044 0.001935 0.000931 0.007095 0.006288 0.002425 0.001852 0.001047 0.001828 0.002354 0.026996 0.004720 0.007026 0.002090 0.001764 0.001574 0.001323 0.002100 0.003527 0.001418 0.002774 0.005000 0.012024 0.002883 0.002557 0.002055 0.002665 0.001742 0.001284 0.005661 0.001977 0.001911 0.001729 0.000861 0.001388 0.001937
0.000000 0.000000 0.000000 0.000000 0.000000 0.000000 0.000000 0.000000 0.000000 0.000000 0.004754 0.003626 0.002917 0.003075 0.003510 0.004454 0.001800 0.002524 0.002461 0.003839 0.001358 0.001133 0.001608 0.001991 0.002945 0.008128 0.009406 0.001763 0.001132 0.001933 0.008235 0.003368 0.002480 0.001075 0.002297 0.003010 0.034673 0.003053 0.006559 0.006778 0.003710 0.005940 0.002715 0.001963 0.001135 0.001972 0.002414 0.002829 0.009327 0.002540 0.002233 0.001934 0.001613 0.001203 0.001703 0.004166 0.001093 0.001214 0.001563 0.001084 0.003280 0.005184
0.000000 0.000000 0.000000 0.000000 0.000000 0.000000 0.000000 0.017714 0.019019 0.015114 0.015294 0.012093 0.014481 0.008273 0.005922 0.002643 0.002271 0.003609 0.001655 0.001225 0.001962 0.002019 0.004979 0.006844 0.008646 0.011129 0.002380 0.002049 0.000972 0.001727 0.006014 0.002495 0.002091 0.001152 0.001732 0.002519 0.034465 0.015421 0.004199 0.003803 0.006328 0.002021 0.001956 0.001828 0.001358 0.001817 0.002130 0.002452 0.006971 0.002130 0.001832 0.001402 0.000978 0.001555 0.001209 0.002180 0.001873 0.001609 0.000905 0.000651 0.001414 0.001730
0.000000 0.000000 0.000000 0.000000 0.000000 0.000000 0.032017 0.014873 0.000939 0.001574 0.002038 0.002067 0.002901 0.002410 0.002171 0.002141 0.001679 0.002002 0.000998 0.001582 0.001796 0.003762 0.003492 0.002355 0.002257 0.004171 0.001968 0.001466 0.000895 0.001476 0.004190 0.002184 0.002117 0.001364 0.002037 0.002274 0.012122 0.014116 0.003847 0.000942 0.001174 0.001067 0.001140 0.001347 0.001904 0.001324 0.001662 0.001995 0.004990 0.001690 0.001414 0.000651 0.000909 0.000983 0.001636 0.002266 0.004605 0.002102 0.001861 0.000907 0.000985 0.001016
0.000000 0.000000 0.000000 0.000000 0.000000 0.214899 0.014248 0.000364 0.000514 0.000730 0.000947 0.001340 0.001362 0.001810 0.001307 0.001752 0.001473 0.000903 0.000981 0.001008 0.001012 0.001153 0.000930 0.001009 0.001027 0.001042 0.001633 0.000909 0.000652 0.000910 0.001817 0.001445 0.002083 0.001923 0.000939 0.001742 0.002487 0.017297 0.008758 0.002832 0.004535 0.004922 0.008488 0.005148 0.002871 0.001780 0.001010 0.001534 0.003129 0.001008 0.000980 0.000905 0.001439 0.002047 0.001833 0.002493 0.006835 0.002244 0.001704 0.001531 0.001002 0.003552
0.000000 0.000000 0.000000 0.000000 0.000011 0.000046 0.000117 0.000169 0.000227 0.000475 0.000997 0.003978 0.002361 0.001282 0.001656 0.000976 0.000903 0.000651 0.001416 0.001683 0.001826 0.001965 0.001958 0.002446 0.001803 0.001979 0.002227 0.003850 0.001586 0.002675 0.002253 0.001856 0.001310 0.001806 0.001259 0.002242 0.002452 0.011319 0.009700 0.012562 0.010012 0.006858 0.002614 0.002729 0.001922 0.001519 0.001012 0.001010 0.001018 0.002055 0.001587 0.001770 0.002330 0.003034 0.002250 0.008642 0.006654 0.002953 0.001974 0.001209 0.004357 0.003320
0.000000 0.000000 0.000000 0.000000 0.000002 0.000013 0.000047 0.000106 0.000217 0.000224 0.001310 0.005914 0.002577 0.003026 0.003610 0.001744 0.001502 0.000905 0.001626 0.002023 0.002316 0.002510 0.004635 0.002283 0.001277 0.002009 0.002766 0.003609 0.005886 0.003417 0.003464 0.003783 0.004571 0.002649 0.001223 0.001643 0.001993 0.003973 0.005354 0.003067 0.002566 0.002200 0.002597 0.001899 0.001462 0.000911 0.000991 0.001540 0.001753 0.004238 0.001900 0.001315 0.001850 0.003278 0.003221 0.011594 0.003487 0.002008 0.001408 0.002106 0.008095 0.002997
0.000000 0.000000 0.000000 0.000000 0.000001 0.000010 0.000054 0.000111 0.000156 0.000110 0.001437 0.008357 0.003370 0.003299 0.001362 0.001903 0.001189 0.001595 0.001990 0.005221 0.007919 0.006104 0.008792 0.002204 0.001109 0.002025 0.002333 0.014898 0.014576 0.009819 0.009844 0.005580 0.002305 0.002013 0.001569 0.001009 0.001555 0.001751 0.004231 0.002821 0.002055 0.001892 0.001759 0.001521 0.000909 0.000651 0.001428 0.001920 0.002816 0.003933 0.005254 0.001138 0.002000 0.002486 0.010511 0.008344 0.003080 0.002122 0.001322 0.001851 0.008435 0.003466
0.000000 0.000000 0.000000 0.000000 0.000000 0.000002 0.000024 0.000072 0.000074 0.000081 0.009026 0.008339 0.004238 0.002528 0.002569 0.001939 0.001079 0.002212 0.004301 0.003513 0.003274 0.008864 0.015675 0.015710 0.001055 0.002059 0.002637 0.137742 0.001810 0.001087 0.001606 0.002017 0.001769 0.001646 0.001026 0.001022 0.001019 0.001014 0.000985 0.002844 0.001317 0.001024 0.001012 0.001002 0.000976 0.001430 0.001870 0.002275 0.002276 0.005683 0.006996 0.005984 0.003043 0.003601 0.015555 0.007431 0.003547 0.002412 0.000974 0.002283 0.011540 0.004119
0.000000 0.000000 0.000000 0.000000 0.000000 0.000000 0.000002 0.000002 0.000019 0.000036 0.016126 0.004017 0.003102 0.002452 0.002611 0.002353 0.002098 0.001366 0.001687 0.001824 0.002115 0.002806 0.002168 0.016756 0.017866 0.011758 0.021954 0.011591 0.001528 0.002875 0.002779 0.002924 0.002144 0.001225 0.001591 0.001017 0.003153 0.001522 0.000905 0.000652 0.001205 0.002919 0.001000 0.003029 0.001643 0.001297 0.002018 0.003000 0.002407 0.001631 0.003895 0.009010 0.001930 0.002596 0.023088 0.004122 0.002309 0.001781 0.001024 0.001808 0.014281 0.004448
0.000000 0.000000 0.000000 0.000000 0.000000 0.000000 0.000000 0.000000 0.000002 0.008534 0.008469 0.003961 0.003277 0.004060 0.003774 0.002888 0.001692 0.000992 0.001004 0.001003 0.001590 0.002088 0.001256 0.001136 0.001068 0.012897 0.027574 0.008248 0.006572 0.005927 0.004066 0.001612 0.001025 0.001091 0.001825 0.001855 0.004944 0.001904 0.001454 0.000893 0.001532 0.004589 0.001925 0.003417 0.001813 0.000969 0.002299 0.002979 0.003727 0.002231 0.003351 0.011174 0.009036 0.004927 0.019825 0.003810 0.002663 0.002292 0.001026 0.001983 0.016815 0.002645
0.000000 0.000000 0.000000 0.000000 0.000000 0.000000 0.000000 0.000000 0.000000 0.010514 0.006790 0.003973 0.005147 0.004689 0.002600 0.002227 0.001909 0.001025 0.001536 0.002039 0.001187 0.001106 0.001677 0.002155 0.001869 0.001437 0.031723 0.006890 0.002873 0.000964 0.001188 0.001200 0.001594 0.001031 0.002152 0.002371 0.006867 0.001987 0.001181 0.001572 0.001945 0.006713 0.002894 0.003129 0.001941 0.001026 0.001837 0.002823 0.005859 0.001501 0.002824 0.002590 0.009873 0.008076 0.025345 0.004496 0.003060 0.001804 0.001026 0.018655 0.017633 0.002706
0.000000 0.000000 0.000000 0.000000 0.000000 0.000000 0.000000 0.000000 0.000000 0.024124 0.012302 0.008675 0.005742 0.003223 0.002939 0.002534 0.002046 0.001166 0.002072 0.003913 0.001061 0.001608 0.003341 0.005723 0.005738 0.006821 0.069592 0.003797 0.002702 0.001782 0.002155 0.001658 0.001220 0.001616 0.001967 0.007073 0.005243 0.002026 0.001094 0.001855 0.002297 0.009422 0.003358 0.003000 0.002029 0.001033 0.002000 0.002807 0.008616 0.001216 0.002474 0.001553 0.003504 0.006425 0.041091 0.002774 0.002147 0.001376 0.007872 0.036081 0.004750 0.005870
0.000000 0.000000 0.000000 0.000000 0.000000 0.000000 0.000000 0.000000 0.014629 0.012349 0.001691 0.002609 0.004529 0.005422 0.008804 0.004418 0.001664 0.001712 0.001936 0.006479 0.001634 0.001223 0.001069 0.001033 0.001028 0.001421 0.068321 0.003600 0.002812 0.002222 0.002628 0.001834 0.001098 0.002096 0.002484 0.010710 0.004317 0.002548 0.001225 0.002058 0.002544 0.012658 0.004600 0.003748 0.002560 0.001179 0.002498 0.003525 0.012447 0.001249 0.002351 0.002302 0.001524 0.005658 0.030314 0.002636 0.001519 0.023676 0.023977 0.018418 0.002358 0.001868
0.000000 0.000000 0.000000 0.000000 0.000000 0.000000 0.000000 0.000000 0.046047 0.015489 0.005312 0.007008 0.012269 0.006491 0.001835 0.001441 0.001041 0.001897 0.002317 0.006852 0.001839 0.001092 0.001615 0.001828 0.001913 0.002129 0.072303 0.004076 0.003815 0.003977 0.004829 0.002379 0.001062 0.001775 0.014424 0.012959 0.005625 0.001731 0.000929 0.002609 0.004744 0.022488 0.003090 0.002496 0.001873 0.000934 0.001834 0.002436 0.010504 0.000956 0.002199 0.003113 0.002114 0.003149 0.038465 0.016606 0.042509 0.025574 0.002818 0.002622 0.002074 0.001578
0.000000 0.000000 0.000000 0.000000 0.000000 0.000000 0.000000 0.454330 0.109534 0.006895 0.010123 0.009601 0.001768 0.001582 0.001293 0.000652 0.001453 0.002055 0.002518 0.009222 0.001997 0.001211 0.001877 0.002564 0.002513 0.004764 0.084614 0.011102 0.008142 0.005413 0.001829 0.001206 0.002053 0.002555 0.017068 0.001120 0.001208 0.002171 0.001006 0.001790 0.001272 0.016600 0.003175 0.002458 0.001399 0.001700 0.002234 0.002845 0.012477 0.001157 0.002572 0.004568 0.002706 0.003199 0.049370 0.021045 0.008378 0.002645 0.002177 0.002399 0.001788 0.001416
0.000000 0.000000 0.000000 0.000000 0.000000 0.000000 0.002439 0.000673 0.000830 0.001421 0.001863 0.001595 0.000973 0.000901 0.000652 0.001279 0.001777 0.002255 0.011003 0.025082 0.003358 0.000931 0.001911 0.002076 0.002608 0.050025 0.031930 0.002372 0.002327 0.001960 0.001582 0.001098 0.001703 0.012641 0.012938 0.001939 0.002700 0.002302 0.001669 0.001321 0.003341 0.018491 0.019663 0.002338 0.003202 0.001483 0.002773 0.002902 0.017983 0.000924 0.001859 0.003123 0.003206 0.051240 0.048160 0.002481 0.002558 0.002274 0.001994 0.001603 0.001305 0.000652
0.000000 0.000000 0.000000 0.000000 0.000025 0.000070 0.000109 0.000176 0.000256 0.000602 0.001104 0.001176 0.002025 0.001475 0.000902 0.001578 0.002399 0.002705 0.016851 0.004564 0.001002 0.001007 0.002302 0.002527 0.003357 0.071967 0.022211 0.003048 0.001954 0.001540 0.001019 0.001044 0.001858 0.016454 0.007412 0.005003 0.008779 0.004530 0.002450 0.001339 0.001585 0.001905 0.227812 0.014987 0.002174 0.001007 0.001957 0.002792 0.014220 0.001005 0.001955 0.003027 0.225953 0.066788 0.003143 0.003079 0.002157 0.001831 0.001606 0.000898 0.000652 0.001318
0.000000 0.000000 0.000000 0.000000 0.000000 0.000000 0.000000 0.000000 0.001359 0.001352 0.002018 0.001936 0.002774 0.002023 0.000973 0.001746 0.002013 0.011228 0.009551 0.001194 0.001543 0.001020 0.001747 0.002973 0.077867 0.072913 0.007431 0.001947 0.001533 0.001002 0.001011 0.001571 0.002361 0.023035 0.011199 0.006366 0.001903 0.001325 0.001853 0.001313 0.000652 0.001410 0.011578 0.021572 0.002128 0.001029 0.002024 0.002760 0.016022 0.001019 0.001949 0.066414 0.051011 0.001839 0.002399 0.001983 0.001711 0.001111 0.001274 0.001697 0.001471 0.001123
0.000000 0.000000 0.000000 0.000000 0.000000 0.000000 0.000000 0.000000 0.002366 0.001903 0.002405 0.002940 0.002410 0.001165 0.001576 0.002021 0.002378 0.024631 0.008442 0.001897 0.001761 0.001019 0.001898 0.002339 0.274966 0.061621 0.002889 0.002932 0.002328 0.001563 0.001013 0.001777 0.002084 0.032761 0.002314 0.001997 0.001557 0.002319 0.002378 0.002082 0.000902 0.000969 0.001586 0.191350 0.021608 0.001018 0.002011 0.011047 0.013193 0.001025 0.062583 0.070571 0.001009 0.000942 0.001088 0.001296 0.001356 0.001937 0.001812 0.002901 0.002026 0.001741
0.000000 0.000000 0.000000 0.000000 0.000000 0.000000 0.000000 0.000000 0.016404 0.007367 0.006695 0.006158 0.002697 0.001096 0.001794 0.002574 0.002393 0.011337 0.014510 0.002212 0.001885 0.001017 0.001961 0.072600 0.271937 0.006332 0.001836 0.001569 0.001071 0.001215 0.001588 0.002075 0.025933 0.071478 0.001880 0.001539 0.002225 0.003268 0.002422 0.001660 0.000979 0.001524 0.001192 0.004926 0.024648 0.001018 0.002040 0.014084 0.005909 0.003945 0.085380 0.013338 0.002047 0.002010 0.001953 0.002600 0.002212 0.002345 0.001320 0.004971 0.002545 0.002329
0.000000 0.000000 0.000000 0.000000 0.000000 0.000000 0.000000 0.059164 0.008982 0.001459 0.001891 0.001534 0.001289 0.001686 0.002090 0.002702 0.004856 0.009288 0.020149 0.002287 0.001402 0.001710 0.018196 0.239817 0.007871 0.002136 0.001014 0.001005 0.001022 0.001619 0.002030 0.012465 0.063008 0.002851 0.001342 0.001930 0.001461 0.005168 0.002320 0.001300 0.001670 0.001997 0.002051 0.002205 0.025012 0.024979 0.005642 0.020253 0.003497 0.004623 0.082277 0.008721 0.002504 0.003411 0.002953 0.004423 0.002645 0.001288 0.004717 0.005225 0.003091 0.001821
0.000000 0.000000 0.000000 0.000000 0.000000 0.011238 0.011520 0.009122 0.000723 0.001104 0.001416 0.000652 0.001570 0.002018 0.002420 0.003008 0.004929 0.004432 0.016548 0.015373 0.006576 0.052688 0.083923 0.038914 0.001314 0.001446 0.001591 0.000995 0.002068 0.001743 0.002360 0.031064 0.015269 0.001313 0.001764 0.001355 0.005947 0.005107 0.002588 0.001129 0.001883 0.002853 0.002149 0.001492 0.001194 0.020227 0.041425 0.010319 0.002526 0.004775 0.095270 0.073119 0.006800 0.003953 0.003706 0.002600 0.001903 0.001155 0.010503 0.005145 0.002133 0.001379
0.000000 0.000000 0.000000 0.000000 0.010423 0.015499 0.000258 0.000364 0.000515 0.000720 0.000976 0.000903 0.001750 0.002229 0.003331 0.004424 0.007190 0.003813 0.008436 0.010028 0.031126 0.027656 0.000979 0.000903 0.000652 0.001637 0.002046 0.001979 0.003050 0.002130 0.021482 0.017654 0.009861 0.002467 0.004157 0.004329 0.005859 0.002993 0.001359 0.001716 0.002175 0.002891 0.004498 0.001155 0.001657 0.008536 0.029846 0.010194 0.004206 0.006024 0.016599 0.041172 0.054671 0.004665 0.002677 0.002380 0.001387 0.008440 0.006348 0.002738 0.001501 0.001898
0.000000 0.000000 0.000000 0.000000 0.011335 0.000021 0.000065 0.000119 0.000232 0.000467 0.000996 0.001484 0.001991 0.002499 0.002672 0.003132 0.013073 0.002229 0.006222 0.019714 0.106744 0.034469 0.001716 0.001467 0.000897 0.001780 0.002316 0.003951 0.105341 0.135870 0.188388 0.035664 0.006887 0.005120 0.007622 0.005160 0.003430 0.001854 0.002043 0.002705 0.002245 0.003076 0.005174 0.002477 0.003428 0.007266 0.019671 0.039472 0.004959 0.008860 0.008392 0.023263 0.074738 0.003331 0.003368 0.002161 0.001152 0.008944 0.004872 0.001675 0.002008 0.002279
0.000000 0.000000 0.001690 0.003295 0.005063 0.000117 0.000252 0.000321 0.000468 0.000715 0.001007 0.001692 0.002238 0.003440 0.002764 0.003441 0.008492 0.004079 0.133410 0.250756 0.194577 0.158421 0.137471 0.063198 0.038686 0.074688 0.110719 0.096789 0.053969 0.075366 0.171092 0.176163 0.015091 0.006308 0.004459 0.002905 0.003469 0.001330 0.002153 0.003583 0.002439 0.003223 0.006897 0.045191 0.142284 0.117459 0.119923 0.178218 0.135792 0.121075 0.126716 0.129298 0.147055 0.012475 0.002127 0.002694 0.001076 0.015155 0.003742 0.001271 0.002122 0.002612
0.000000 0.000000 0.000784 0.001614 0.002654 0.000261 0.000386 0.000680 0.000607 0.000822 0.001015 0.002215 0.002628 0.003435 0.003414 0.005391 0.124824 0.129291 0.125414 0.022333 0.001957 0.004190 0.041016 0.080242 0.082607 0.044805 0.025712 0.002294 0.001093 0.004074 0.048811 0.142891 0.098029 0.008440 0.005257 0.002843 0.002070 0.002126 0.002593 0.008255 0.007283 0.109137 0.127202 0.089737 0.077843 0.053687 0.033116 0.030380 0.004906 0.002282 0.045440 0.104323 0.179391 0.151136 0.007096 0.002476 0.001059 0.012803 0.003116 0.001134 0.002211 0.009218
0.000000 0.000000 0.000134 0.000610 0.001056 0.000427 0.000427 0.000589 0.000603 0.000439 0.001386 0.001925 0.002657 0.003446 0.026172 0.080328 0.018662 0.002702 0.002231 0.003370 0.001858 0.001055 0.006305 0.003224 0.005547 0.002622 0.005410 0.002380 0.001181 0.002774 0.003321 0.038920 0.133173 0.105487 0.102532 0.109844 0.126780 0.157702 0.204776 0.177208 0.119984 0.113606 0.010930 0.004824 0.004694 0.008063 0.003716 0.004417 0.002951 0.001871 0.002096 0.002345 0.004130 0.065930 0.136792 0.107145 0.036569 0.027507 0.019720 0.003496 0.001791 0.024114
