use_cases/Flooding/flood_case/output/h_900.asc
ncols 269
nrows 269
xllcorner 0.000000
yllcorner 0.000000
cellsize 10.000000
NODATA_value -9999.000000
[rows 140 to 167 of 269, columns 124 to 185 of 269]
0.000000 0.000000 0.000000 0.000000 0.000000 0.000000 0.000000 0.000000 0.000000 0.000000 0.008814 0.002021 0.000694 0.000224 0.000250 0.000467 0.000516 0.000432 0.000486 0.023972 0.000269 0.000369 0.000483 0.052106 0.007363 0.006190 0.002954 0.000213 0.000211 0.000208 0.000540 0.000250 0.000452 0.008860 0.000354 0.000218 0.000216 0.000213 0.000209 0.000297 0.000510 0.000403 0.000484 0.000689 0.001857 0.000804 0.000599 0.000543 0.000785 0.000388 0.000518 0.000381 0.000220 0.000554 0.000924 0.000611 0.000799 0.000276 0.000702 0.000213 0.000398 0.000510
0.000000 0.000000 0.000000 0.000000 0.000000 0.000000 0.000000 0.000000 0.000000 0.000000 0.103213 0.000297 0.000215 0.000217 0.000341 0.000476 0.000551 0.000639 0.000534 0.186798 0.001456 0.003095 0.001136 0.000437 0.000232 0.003605 0.003455 0.000347 0.000311 0.000211 0.000602 0.000367 0.000494 0.008291 0.000458 0.000367 0.000408 0.000321 0.000195 0.000140 0.000310 0.000360 0.000403 0.000743 0.001177 0.000609 0.000644 0.000595 0.000613 0.000478 0.000451 0.000293 0.000188 0.000581 0.000207 0.000308 0.001038 0.000372 0.000440 0.000205 0.000373 0.000451
0.000000 0.000000 0.000000 0.000000 0.000000 0.000000 0.000000 0.000000 0.000000 0.000312 0.000188 0.000141 0.000294 0.000430 0.000368 0.000501 0.102078 0.025606 0.025971 0.027966 0.002991 0.001230 0.000557 0.000438 0.000248 0.000398 0.000502 0.011823 0.001386 0.001111 0.001962 0.003426 0.007819 0.007523 0.002221 0.001745 0.001753 0.001211 0.000915 0.000619 0.000211 0.000398 0.000487 0.000925 0.000409 0.000413 0.000371 0.000484 0.000415 0.000348 0.000207 0.000192 0.000140 0.000321 0.000211 0.000196 0.000814 0.000367 0.000310 0.000194 0.000367 0.000388
0.000000 0.000000 0.000000 0.000000 0.000000 0.000000 0.000000 0.000000 0.000147 0.000171 0.000206 0.000288 0.000378 0.021203 0.073168 0.065251 0.023942 0.000461 0.000485 0.000430 0.000269 0.001591 0.000736 0.000439 0.000282 0.000356 0.000452 0.000569 0.000491 0.052544 0.006067 0.003227 0.000596 0.000751 0.000577 0.000517 0.000473 0.000417 0.000392 0.000340 0.000196 0.000140 0.000194 0.000348 0.000199 0.000249 0.000219 0.000211 0.000285 0.000290 0.000392 0.000351 0.000480 0.000407 0.000304 0.000140 0.000328 0.000209 0.000194 0.000140 0.000331 0.000234
0.000000 0.000000 0.000000 0.000000 0.000000 0.000004 0.000038 0.000120 0.000205 0.000186 0.000215 0.001174 0.001056 0.000621 0.000776 0.001712 0.002249 0.000316 0.000458 0.000447 0.000367 0.001178 0.000751 0.000626 0.000475 0.000225 0.000403 0.000419 0.000475 0.002893 0.003945 0.000537 0.000493 0.000603 0.000493 0.000398 0.000354 0.000224 0.000232 0.000255 0.000319 0.000196 0.000321 0.000909 0.000391 0.000530 0.000435 0.000443 0.000444 0.000649 0.000570 0.000544 0.000779 0.000524 0.000351 0.000192 0.000690 0.000314 0.000203 0.000841 0.000657 0.000745
0.000000 0.000000 0.000000 0.000000 0.000000 0.000000 0.000000 0.000000 0.000000 0.017199 0.005736 0.003198 0.000378 0.000373 0.000357 0.000268 0.003254 0.003345 0.000284 0.000380 0.000603 0.000574 0.000737 0.000450 0.000396 0.000234 0.000389 0.000280 0.000385 0.004355 0.001965 0.000426 0.000421 0.000397 0.000443 0.000237 0.000270 0.000378 0.000537 0.000415 0.000254 0.000339 0.000415 0.003470 0.003156 0.002959 0.002655 0.002356 0.002749 0.001814 0.001330 0.000971 0.000562 0.000396 0.000529 0.000314 0.000488 0.001352 0.001142 0.001588 0.000934 0.000346
0.000000 0.000000 0.000000 0.000000 0.000000 0.000000 0.000000 0.000000 0.000004 0.000017 0.000324 0.002729 0.000216 0.000222 0.000246 0.000343 0.000440 0.003227 0.002199 0.001762 0.000880 0.000513 0.000645 0.000510 0.000348 0.000260 0.000345 0.000409 0.000298 0.004830 0.002967 0.000217 0.000210 0.000287 0.000310 0.000454 0.000458 0.000459 0.000644 0.000350 0.000232 0.000388 0.002424 0.002272 0.000353 0.000536 0.000546 0.000497 0.000405 0.000499 0.000192 0.000140 0.000494 0.000524 0.000602 0.001841 0.001766 0.003208 0.001451 0.000440 0.000341 0.000192
0.000000 0.000000 0.000000 0.000000 0.000000 0.000000 0.000000 0.000003 0.000028 0.000053 0.000308 0.002386 0.002240 0.000428 0.000442 0.000218 0.000380 0.001579 0.001319 0.000853 0.000748 0.000699 0.000441 0.000379 0.000211 0.000321 0.000498 0.001052 0.001661 0.001325 0.005275 0.003748 0.000393 0.000520 0.000388 0.000300 0.028350 0.004909 0.004796 0.004858 0.005234 0.008409 0.004729 0.003156 0.001132 0.000670 0.000420 0.000418 0.000312 0.000408 0.000213 0.000297 0.000484 0.000575 0.000674 0.003495 0.002212 0.000543 0.000445 0.000381 0.000299 0.000211
0.000000 0.000000 0.000000 0.000000 0.000000 0.000000 0.000003 0.000024 0.000083 0.000098 0.000273 0.000406 0.002249 0.000704 0.000328 0.000222 0.000348 0.000431 0.002118 0.000896 0.000660 0.000590 0.000534 0.000348 0.000196 0.000411 0.000625 0.000622 0.000899 0.000619 0.001266 0.003459 0.003392 0.003140 0.003978 0.001612 0.001743 0.000641 0.000621 0.000582 0.000893 0.000662 0.000251 0.001251 0.000540 0.000497 0.000482 0.000329 0.000196 0.000140 0.000300 0.000390 0.000516 0.000637 0.004350 0.003850 0.000654 0.000443 0.000355 0.000296 0.000140 0.000299
0.000000 0.000000 0.000000 0.000000 0.000000 0.000006 0.000047 0.000121 0.000157 0.000187 0.000238 0.000442 0.001570 0.000218 0.000224 0.000237 0.000270 0.000365 0.001115 0.000713 0.000574 0.000500 0.000390 0.000281 0.000140 0.000194 0.000365 0.000451 0.000682 0.000682 0.001816 0.000487 0.000271 0.000355 0.001811 0.000847 0.000611 0.000564 0.000538 0.000554 0.000632 0.000833 0.000302 0.000825 0.000411 0.000333 0.000218 0.000216 0.000211 0.000302 0.000390 0.000468 0.000576 0.021832 0.004445 0.000753 0.000713 0.000624 0.000215 0.000216 0.000226 0.000438
0.000000 0.000000 0.000000 0.000000 0.000000 0.000006 0.000039 0.000103 0.000220 0.000215 0.000218 0.000395 0.001614 0.000597 0.000766 0.000986 0.001733 0.000593 0.000493 0.000685 0.000500 0.000464 0.000302 0.000140 0.000281 0.000350 0.000330 0.000367 0.000405 0.000733 0.001180 0.000499 0.000420 0.000230 0.001283 0.000907 0.000493 0.000482 0.000407 0.000329 0.000272 0.001080 0.000434 0.000361 0.000306 0.000218 0.000218 0.000337 0.000377 0.000426 0.000480 0.000548 0.006093 0.004732 0.000631 0.000621 0.000628 0.000649 0.000708 0.000314 0.000188 0.000348
0.000000 0.000000 0.000000 0.000000 0.000000 0.000002 0.000021 0.000066 0.000143 0.000170 0.000216 0.000382 0.000914 0.024958 0.002650 0.002203 0.001078 0.000988 0.000642 0.000495 0.000391 0.000459 0.000196 0.000306 0.000392 0.000553 0.000991 0.000359 0.000242 0.000880 0.000531 0.000435 0.000335 0.000253 0.000665 0.001121 0.000546 0.000403 0.000310 0.000140 0.000369 0.001348 0.000301 0.000194 0.000140 0.000306 0.000365 0.000436 0.000602 0.000459 0.000543 0.000623 0.004482 0.000293 0.000485 0.000438 0.000426 0.000424 0.000421 0.000424 0.000211 0.000385
0.000000 0.000000 0.000000 0.000000 0.000000 0.000001 0.000015 0.000065 0.000109 0.000150 0.000217 0.000334 0.001153 0.000913 0.000624 0.001189 0.001290 0.000548 0.000432 0.000419 0.000349 0.000306 0.000140 0.000343 0.000456 0.001269 0.000879 0.000248 0.000293 0.000387 0.000493 0.000382 0.000194 0.000321 0.000865 0.000400 0.000365 0.000308 0.000213 0.000196 0.000335 0.000195 0.000140 0.000538 0.000192 0.000358 0.000442 0.000516 0.000636 0.000617 0.000651 0.002369 0.002389 0.000360 0.000207 0.000237 0.000218 0.000218 0.000226 0.000247 0.000331 0.000431
0.000000 0.000000 0.000000 0.000000 0.000000 0.000001 0.000009 0.000046 0.000084 0.000101 0.000216 0.000379 0.000456 0.001021 0.000218 0.000405 0.002316 0.000691 0.000484 0.000302 0.000140 0.000195 0.000300 0.000416 0.000517 0.001775 0.000568 0.000377 0.000435 0.000227 0.000226 0.000365 0.000140 0.000196 0.000345 0.000211 0.000196 0.000140 0.000304 0.000724 0.000377 0.000213 0.000306 0.000505 0.000573 0.000464 0.000534 0.000689 0.000732 0.003937 0.021919 0.004086 0.002512 0.000489 0.000426 0.000413 0.000376 0.000329 0.000216 0.000334 0.000505 0.000449
0.000000 0.000000 0.000000 0.000000 0.000000 0.000000 0.000006 0.000026 0.000082 0.000155 0.000211 0.000192 0.000382 0.000720 0.000217 0.000371 0.001282 0.000506 0.000312 0.000196 0.000295 0.000467 0.000369 0.000475 0.000566 0.002237 0.000624 0.000471 0.000564 0.000348 0.000405 0.000211 0.000192 0.000688 0.000428 0.000329 0.000209 0.000304 0.000400 0.001112 0.000396 0.000215 0.000369 0.000516 0.001006 0.000276 0.000585 0.000803 0.000713 0.020759 0.000893 0.001347 0.001463 0.002297 0.001472 0.001067 0.000608 0.000431 0.000216 0.000373 0.000636 0.000506
0.000000 0.000000 0.000000 0.000000 0.000000 0.000000 0.000000 0.000216 0.000385 0.000480 0.000391 0.000141 0.000371 0.000326 0.000221 0.000308 0.000907 0.000554 0.000194 0.000140 0.000336 0.000606 0.000446 0.000536 0.004131 0.014903 0.002380 0.001795 0.001883 0.000962 0.000409 0.000215 0.000320 0.001309 0.000484 0.000379 0.000215 0.000368 0.000474 0.001523 0.000414 0.000218 0.000405 0.000638 0.001030 0.001216 0.000312 0.000519 0.001425 0.000677 0.000574 0.000625 0.000581 0.000793 0.000594 0.000518 0.000386 0.000251 0.000338 0.000514 0.000921 0.000683
0.000000 0.000000 0.000000 0.000000 0.000001 0.000017 0.000080 0.000242 0.000272 0.000184 0.000368 0.000334 0.000471 0.000185 0.000234 0.000140 0.000303 0.000714 0.000211 0.000304 0.000490 0.000624 0.000621 0.004347 0.004478 0.000704 0.000712 0.000613 0.000579 0.000587 0.000757 0.000249 0.000389 0.000844 0.001194 0.000407 0.000217 0.000403 0.001532 0.001181 0.000550 0.000257 0.000518 0.000532 0.000735 0.001635 0.000259 0.000491 0.013670 0.000640 0.000655 0.000514 0.000468 0.000664 0.000520 0.000478 0.000454 0.000444 0.000476 0.000684 0.000601 0.000877
0.000000 0.000000 0.000055 0.000392 0.001017 0.001572 0.001763 0.001816 0.000584 0.000836 0.001268 0.002204 0.001300 0.000473 0.000529 0.000981 0.000196 0.000268 0.000287 0.000397 0.000432 0.000608 0.004426 0.004374 0.000639 0.000547 0.000662 0.000481 0.000388 0.000195 0.000140 0.000275 0.000423 0.000754 0.001795 0.000720 0.000911 0.001980 0.002436 0.001388 0.000373 0.000199 0.000386 0.000621 0.000759 0.002023 0.000234 0.006476 0.000522 0.000470 0.000425 0.000386 0.000285 0.000492 0.000417 0.000344 0.000272 0.000454 0.000546 0.000775 0.000585 0.000624
0.000000 0.000000 0.000003 0.000023 0.000126 0.000339 0.000948 0.001407 0.003059 0.002057 0.001583 0.000784 0.000874 0.001190 0.000857 0.000300 0.000140 0.000320 0.000510 0.000428 0.000515 0.004431 0.004372 0.000616 0.000564 0.000519 0.000487 0.000417 0.000609 0.000270 0.000329 0.000398 0.000494 0.000716 0.003069 0.001936 0.003673 0.002221 0.000398 0.000286 0.000409 0.000215 0.000415 0.000485 0.000675 0.002586 0.000767 0.000429 0.000411 0.000353 0.000267 0.000264 0.000429 0.000254 0.000313 0.000194 0.000354 0.000489 0.000606 0.000982 0.000648 0.000791
0.000000 0.000000 0.000000 0.000000 0.000001 0.000015 0.000067 0.000141 0.000311 0.000350 0.000448 0.000399 0.000321 0.000215 0.000264 0.000188 0.000291 0.000394 0.000628 0.000491 0.004329 0.006394 0.000577 0.000521 0.000458 0.000397 0.000382 0.000319 0.000205 0.000283 0.000495 0.000524 0.000702 0.000800 0.004050 0.001413 0.000491 0.000401 0.000316 0.000243 0.000539 0.000351 0.000469 0.000550 0.000686 0.003067 0.000226 0.000235 0.000259 0.000321 0.000446 0.000594 0.000523 0.000442 0.000429 0.000140 0.000302 0.000826 0.001241 0.002435 0.001491 0.001053
0.000000 0.000000 0.000000 0.000000 0.000000 0.000006 0.000035 0.000093 0.000206 0.000253 0.000361 0.000312 0.000196 0.000211 0.000353 0.000376 0.000472 0.000438 0.000644 0.030279 0.004261 0.000550 0.000491 0.000435 0.000342 0.000190 0.000236 0.000170 0.000170 0.000350 0.000411 0.000541 0.000568 0.004975 0.004697 0.001585 0.000408 0.000301 0.000140 0.000323 0.000518 0.000607 0.000570 0.000747 0.004698 0.004188 0.002131 0.001255 0.001691 0.002963 0.002250 0.001862 0.001369 0.000825 0.000316 0.000196 0.000209 0.000379 0.000358 0.000417 0.001709 0.008133
0.000000 0.000000 0.000000 0.000000 0.000000 0.000004 0.000031 0.000086 0.000104 0.000106 0.000209 0.000194 0.000140 0.000373 0.000528 0.000621 0.000627 0.011205 0.001189 0.000541 0.000663 0.000480 0.000396 0.000358 0.000264 0.000343 0.000494 0.000310 0.000201 0.000384 0.000914 0.001312 0.001675 0.007646 0.000548 0.000522 0.000341 0.000209 0.000196 0.000370 0.000526 0.000765 0.000530 0.000576 0.006683 0.001163 0.001676 0.002307 0.002257 0.000483 0.000610 0.000565 0.000611 0.000424 0.000212 0.000209 0.000321 0.000253 0.000232 0.000226 0.000223 0.006133
0.000000 0.000000 0.000000 0.000000 0.000000 0.000002 0.000016 0.000058 0.000117 0.000222 0.000419 0.000312 0.000194 0.000309 0.000389 0.000531 0.001613 0.000267 0.000326 0.000441 0.000562 0.000406 0.000220 0.000223 0.000235 0.000395 0.000932 0.000376 0.000213 0.000414 0.000436 0.000433 0.000308 0.005946 0.000845 0.000551 0.000259 0.000330 0.000213 0.000693 0.000828 0.001397 0.002040 0.001317 0.005411 0.000228 0.000249 0.000286 0.000502 0.000736 0.000667 0.000539 0.000504 0.000455 0.000398 0.000216 0.000371 0.000398 0.000465 0.000394 0.000427 0.006365
0.000000 0.000000 0.000000 0.000000 0.000000 0.000006 0.000044 0.000111 0.000186 0.000268 0.000560 0.000367 0.000207 0.000357 0.000527 0.000468 0.000916 0.001431 0.000580 0.000620 0.000415 0.000393 0.000341 0.000218 0.000343 0.000550 0.001476 0.000611 0.000673 0.000349 0.000265 0.000231 0.000368 0.006081 0.000637 0.000673 0.000789 0.000476 0.000218 0.000217 0.000449 0.000348 0.000379 0.001426 0.007686 0.000487 0.000512 0.000729 0.000465 0.000252 0.000298 0.000407 0.000390 0.000342 0.000230 0.000402 0.000461 0.000490 0.000594 0.000488 0.000539 0.035498
0.000000 0.000000 0.000000 0.000000 0.000000 0.000000 0.000020 0.000063 0.000083 0.000998 0.000926 0.000279 0.000342 0.000427 0.000911 0.000330 0.000732 0.002208 0.000844 0.000361 0.000223 0.000231 0.000261 0.000353 0.000441 0.000487 0.002086 0.000872 0.000141 0.000301 0.000378 0.000399 0.000581 0.006151 0.000439 0.000355 0.000266 0.000355 0.000219 0.000329 0.000466 0.000565 0.000314 0.000259 0.005667 0.000592 0.000584 0.000508 0.000631 0.000501 0.000525 0.000541 0.000218 0.000222 0.000228 0.000357 0.000558 0.000643 0.000670 0.000636 0.001114 0.000291
0.000000 0.000000 0.000000 0.000000 0.000000 0.000000 0.000785 0.000990 0.001001 0.001062 0.000334 0.000269 0.000397 0.000555 0.000901 0.000716 0.023728 0.002443 0.000244 0.000287 0.000395 0.000352 0.000234 0.000403 0.000510 0.002404 0.001660 0.000210 0.000195 0.000362 0.000448 0.000496 0.000480 0.006379 0.000350 0.000222 0.000236 0.000410 0.000494 0.000391 0.000502 0.000706 0.000484 0.000468 0.006177 0.001096 0.001387 0.001827 0.001436 0.001333 0.000838 0.000389 0.000335 0.000216 0.000339 0.000442 0.000488 0.000544 0.000674 0.013535 0.001296 0.000210
0.000000 0.000000 0.000000 0.000001 0.000033 0.000220 0.000548 0.000015 0.000038 0.000065 0.000141 0.000289 0.000569 0.000486 0.000713 0.014174 0.001029 0.001097 0.000536 0.000609 0.000723 0.000869 0.000384 0.000486 0.001786 0.001487 0.000835 0.000214 0.000321 0.000427 0.000509 0.000567 0.000604 0.037250 0.000569 0.000342 0.000224 0.000418 0.000534 0.000536 0.000585 0.001143 0.000319 0.000454 0.007078 0.002120 0.001475 0.000402 0.000333 0.000241 0.000220 0.000230 0.000260 0.000352 0.000432 0.000506 0.000569 0.000629 0.001562 0.000323 0.000214 0.000214
0.000000 0.000000 0.000000 0.000000 0.000003 0.000032 0.000000 0.000001 0.000009 0.000029 0.000240 0.000437 0.000438 0.000561 0.012989 0.000953 0.001086 0.001346 0.002145 0.001423 0.001018 0.000348 0.000254 0.000871 0.001457 0.002523 0.000642 0.000216 0.000429 0.000504 0.000576 0.000636 0.001747 0.000411 0.000409 0.000396 0.000221 0.000506 0.000706 0.000776 0.001453 0.000857 0.000257 0.000432 0.046953 0.000437 0.000383 0.000248 0.000281 0.000477 0.000381 0.000339 0.000234 0.000399 0.000487 0.000558 0.000617 0.000673 0.001642 0.000212 0.000213 0.000313
