use_cases/Flooding/flood_case/output/h_900.asc
ncols 269
nrows 269
xllcorner 0.000000
yllcorner 0.000000
cellsize 10.000000
NODATA_value -9999.000000
[rows 196 to 223 of 269, columns 124 to 185 of 269]
0.000000 0.000000 0.000000 0.000000 0.000000 0.000000 0.000000 0.000000 0.000000 0.005645 0.001579 0.001021 0.002365 0.000431 0.000427 0.000415 0.000386 0.000601 0.000475 0.000414 0.000337 0.000260 0.000402 0.002740 0.000458 0.000456 0.000267 0.000776 0.000456 0.000365 0.000267 0.000371 0.000258 0.000339 0.000539 0.000565 0.000412 0.000505 0.000566 0.028077 0.001290 0.000616 0.000636 0.000372 0.000217 0.000404 0.000508 0.002593 0.000675 0.000577 0.000632 0.000431 0.000308 0.000140 0.000302 0.000397 0.000466 0.000532 0.001925 0.006618 0.001609 0.000221
0.000000 0.000000 0.000000 0.000000 0.000000 0.000000 0.000000 0.000000 0.000000 0.000000 0.000706 0.000299 0.004113 0.000468 0.000222 0.000223 0.000218 0.000320 0.000361 0.000310 0.000208 0.000456 0.001011 0.002476 0.000601 0.000441 0.000326 0.000213 0.016966 0.000418 0.000392 0.000261 0.000343 0.000222 0.000589 0.000214 0.000376 0.000462 0.000539 0.002571 0.000833 0.000994 0.000487 0.000440 0.000209 0.000369 0.000469 0.002134 0.000927 0.000558 0.000575 0.000368 0.000209 0.000306 0.000381 0.000456 0.001687 0.002251 0.001722 0.005147 0.004206 0.001863
0.000000 0.000000 0.000000 0.000000 0.000000 0.000000 0.000000 0.000000 0.000000 0.000000 0.000444 0.000420 0.003075 0.000225 0.011653 0.002574 0.002747 0.000372 0.000212 0.000207 0.000195 0.000367 0.000537 0.001677 0.000302 0.000403 0.000394 0.000206 0.002534 0.002425 0.001364 0.000343 0.000227 0.000240 0.000279 0.000215 0.000329 0.000427 0.000491 0.001935 0.000427 0.000421 0.000412 0.000340 0.000192 0.000312 0.000443 0.001568 0.000840 0.000906 0.000493 0.000465 0.000338 0.000406 0.000465 0.001493 0.001456 0.000925 0.000807 0.000755 0.005175 0.000666
0.000000 0.000000 0.000000 0.000000 0.000000 0.000000 0.000000 0.000000 0.000000 0.000003 0.000295 0.000431 0.003061 0.000224 0.000752 0.000411 0.013254 0.003248 0.000361 0.000289 0.000141 0.000326 0.000502 0.002269 0.000369 0.000215 0.000208 0.000191 0.000141 0.001506 0.001324 0.001617 0.000403 0.000362 0.000278 0.000216 0.000217 0.000360 0.000620 0.001484 0.000239 0.000268 0.000344 0.000281 0.000140 0.000192 0.000433 0.000996 0.000593 0.000894 0.000617 0.000379 0.000386 0.000983 0.001934 0.001119 0.000840 0.000692 0.000560 0.000587 0.007620 0.000218
0.000000 0.000000 0.000000 0.000000 0.000000 0.000000 0.000000 0.000001 0.000006 0.000017 0.000368 0.000596 0.002903 0.000233 0.000678 0.000222 0.000436 0.003496 0.003346 0.000474 0.000319 0.000470 0.000481 0.000762 0.009739 0.000432 0.000399 0.000380 0.000380 0.000404 0.000643 0.001490 0.001862 0.001452 0.001454 0.000329 0.000210 0.000483 0.000527 0.001188 0.000389 0.000327 0.000190 0.000140 0.000281 0.000350 0.000467 0.000337 0.000495 0.000707 0.000467 0.000245 0.000402 0.000545 0.000672 0.000420 0.000427 0.000431 0.000624 0.000500 0.005035 0.000434
0.000000 0.000000 0.000000 0.000000 0.000000 0.000000 0.000001 0.000009 0.000017 0.000046 0.000279 0.000404 0.004320 0.000275 0.000384 0.000221 0.000419 0.000600 0.005987 0.000347 0.000211 0.000195 0.000352 0.000826 0.000744 0.010560 0.004779 0.001180 0.000521 0.000533 0.000552 0.000335 0.000506 0.000546 0.000860 0.000918 0.000320 0.000382 0.000437 0.000488 0.007307 0.000389 0.000294 0.000190 0.000344 0.000936 0.000529 0.000450 0.000373 0.000580 0.000486 0.000268 0.000325 0.000522 0.000399 0.000300 0.000249 0.000246 0.000211 0.000223 0.004973 0.001303
0.000000 0.000000 0.000000 0.000000 0.000000 0.000000 0.000007 0.000031 0.000078 0.000101 0.000215 0.000324 0.002509 0.002270 0.000358 0.000227 0.000391 0.000569 0.004179 0.004231 0.000288 0.000141 0.000305 0.000997 0.000415 0.000256 0.000481 0.000641 0.010886 0.000577 0.000501 0.000380 0.000276 0.000381 0.000347 0.000533 0.000364 0.000257 0.000341 0.000399 0.000470 0.010406 0.001283 0.001997 0.004228 0.002937 0.002495 0.001688 0.001117 0.000566 0.000512 0.000461 0.000237 0.000394 0.000281 0.000382 0.000415 0.000459 0.001384 0.001946 0.006438 0.002052
0.000000 0.000000 0.000000 0.000000 0.000000 0.000000 0.000019 0.000058 0.000103 0.000158 0.000208 0.000198 0.000398 0.002275 0.000539 0.000238 0.000460 0.000728 0.000538 0.004107 0.013982 0.000299 0.000231 0.000701 0.000373 0.000309 0.000503 0.000592 0.000899 0.011068 0.000538 0.000423 0.000333 0.000211 0.000198 0.000278 0.000260 0.000329 0.000213 0.000314 0.000400 0.000475 0.033343 0.002890 0.000547 0.000596 0.000944 0.000853 0.000674 0.000488 0.000411 0.000350 0.000194 0.000346 0.000433 0.001077 0.001618 0.002201 0.001437 0.001114 0.001922 0.000903
0.000000 0.000000 0.000000 0.000004 0.000061 0.000407 0.000725 0.000331 0.000510 0.000728 0.000640 0.000251 0.000359 0.001820 0.000465 0.000271 0.000377 0.000536 0.000427 0.000646 0.004018 0.003508 0.000267 0.000357 0.000261 0.000443 0.000499 0.000685 0.000984 0.000632 0.009456 0.000497 0.000422 0.000359 0.000450 0.000400 0.000344 0.000215 0.000211 0.000194 0.000336 0.000407 0.002132 0.001821 0.000342 0.000525 0.000549 0.000852 0.000692 0.000708 0.000526 0.000276 0.000140 0.000570 0.001056 0.000878 0.000801 0.000570 0.000388 0.000291 0.000738 0.000227
0.000000 0.000000 0.000000 0.000008 0.000101 0.000409 0.001129 0.002905 0.002409 0.000230 0.000320 0.000214 0.000378 0.001508 0.000525 0.000373 0.000276 0.000347 0.000495 0.000724 0.001005 0.003513 0.002756 0.000251 0.000333 0.000397 0.000546 0.000636 0.000784 0.000544 0.000673 0.034827 0.000966 0.000471 0.000583 0.000472 0.000420 0.000354 0.000299 0.000140 0.000278 0.000338 0.000465 0.003829 0.000411 0.000310 0.000428 0.000596 0.000504 0.000446 0.000379 0.000253 0.000689 0.000570 0.000578 0.000443 0.000327 0.000261 0.001261 0.011495 0.000393 0.000237
0.000000 0.000000 0.000000 0.000000 0.000015 0.000093 0.000000 0.000000 0.002711 0.000110 0.000213 0.000212 0.000200 0.001146 0.000927 0.000259 0.000352 0.000215 0.000402 0.000789 0.001312 0.000907 0.002805 0.002319 0.000723 0.000396 0.000436 0.000584 0.000457 0.000513 0.000654 0.004283 0.000332 0.018936 0.002475 0.002004 0.000457 0.000457 0.000365 0.000274 0.000140 0.000192 0.000421 0.002329 0.002109 0.000374 0.000228 0.000332 0.000408 0.000361 0.000310 0.000192 0.000356 0.000270 0.000260 0.000211 0.000367 0.000418 0.001042 0.000449 0.000350 0.000263
0.000000 0.000000 0.000000 0.000000 0.000000 0.000007 0.000000 0.000000 0.002538 0.002558 0.000358 0.000308 0.000170 0.000170 0.001064 0.000725 0.000441 0.000209 0.000366 0.001235 0.001459 0.000262 0.000434 0.002032 0.000664 0.000518 0.000306 0.000364 0.000445 0.000555 0.000880 0.003368 0.000460 0.000254 0.000413 0.002651 0.001127 0.000516 0.000413 0.000329 0.000192 0.000318 0.000461 0.000354 0.001915 0.001600 0.000403 0.000354 0.000234 0.000207 0.000194 0.000140 0.000299 0.000380 0.000455 0.000394 0.000474 0.023962 0.000495 0.000388 0.000237 0.000340
0.000000 0.000000 0.000000 0.000000 0.000000 0.000000 0.000000 0.000000 0.000001 0.002537 0.002572 0.000409 0.000333 0.000390 0.000234 0.000250 0.000309 0.000193 0.000472 0.001517 0.000589 0.000391 0.000488 0.001527 0.000666 0.000536 0.000419 0.000225 0.000376 0.000440 0.000995 0.003920 0.000487 0.000313 0.000372 0.000705 0.000440 0.010624 0.000938 0.000419 0.000337 0.000424 0.000222 0.000236 0.000425 0.001338 0.001071 0.000525 0.000482 0.000417 0.000314 0.000196 0.000207 0.000642 0.001029 0.001384 0.002538 0.002772 0.000420 0.000344 0.000272 0.000232
0.000000 0.000000 0.000000 0.000000 0.000000 0.000000 0.000000 0.000001 0.000009 0.000021 0.002318 0.002395 0.001494 0.001298 0.000383 0.000326 0.000191 0.000141 0.000394 0.001118 0.000624 0.000559 0.000360 0.001060 0.000653 0.000505 0.000396 0.000238 0.000342 0.000376 0.001457 0.003059 0.000515 0.000415 0.000241 0.000662 0.000283 0.000403 0.000436 0.044250 0.000565 0.000621 0.000361 0.000276 0.000385 0.000213 0.000468 0.022235 0.000449 0.000650 0.000362 0.000209 0.000331 0.000255 0.000407 0.000453 0.001518 0.000527 0.000437 0.000215 0.000342 0.000375
0.000000 0.000000 0.000000 0.000000 0.000000 0.000000 0.000004 0.000023 0.000047 0.000046 0.000275 0.001070 0.000634 0.000739 0.001228 0.000428 0.000368 0.000327 0.000408 0.000556 0.000550 0.000579 0.000551 0.000540 0.000649 0.000463 0.000350 0.000272 0.000230 0.000221 0.002158 0.002778 0.000705 0.000495 0.000271 0.000365 0.000391 0.000406 0.000289 0.005721 0.003458 0.000591 0.000688 0.000821 0.000534 0.000297 0.000467 0.002840 0.002490 0.000491 0.000452 0.000365 0.000445 0.000640 0.000396 0.000298 0.000996 0.000480 0.000382 0.000207 0.000442 0.001000
0.000000 0.000000 0.000000 0.000000 0.000000 0.000000 0.000011 0.000039 0.000075 0.000103 0.000217 0.000644 0.000398 0.000247 0.000412 0.021195 0.000999 0.001330 0.001104 0.000716 0.000618 0.000490 0.000427 0.000604 0.000436 0.000419 0.000218 0.000487 0.000956 0.002027 0.003502 0.000576 0.000535 0.000428 0.000347 0.000258 0.000228 0.000219 0.001562 0.004354 0.003491 0.002204 0.000559 0.000293 0.000426 0.000340 0.000637 0.000565 0.002237 0.001466 0.000907 0.000228 0.000938 0.000663 0.001398 0.021050 0.000487 0.000417 0.000335 0.000192 0.000308 0.000644
0.000000 0.000000 0.000000 0.000000 0.000000 0.000000 0.000007 0.000026 0.000062 0.000122 0.000215 0.000141 0.000350 0.000288 0.000341 0.004490 0.001790 0.000311 0.000436 0.000429 0.000414 0.000379 0.000265 0.000455 0.000293 0.000420 0.000218 0.000397 0.000566 0.001522 0.001755 0.000461 0.000501 0.000355 0.000222 0.000339 0.000381 0.001187 0.001451 0.000260 0.004135 0.002004 0.002894 0.000410 0.000350 0.000551 0.000547 0.000335 0.001011 0.000609 0.000427 0.000228 0.000442 0.001098 0.000990 0.001746 0.000533 0.000467 0.000363 0.000140 0.000188 0.000863
0.000000 0.000000 0.000000 0.000000 0.000000 0.000000 0.000000 0.000187 0.000160 0.000224 0.000442 0.000406 0.000655 0.000546 0.000264 0.003698 0.015130 0.000363 0.000222 0.000227 0.000240 0.000263 0.000453 0.000286 0.000503 0.000400 0.000208 0.000354 0.000599 0.002092 0.000556 0.000457 0.000351 0.000287 0.000241 0.000224 0.000388 0.000916 0.000369 0.000320 0.003269 0.001160 0.002466 0.003240 0.000472 0.000404 0.000850 0.000611 0.000489 0.000609 0.000408 0.000239 0.000431 0.000500 0.000700 0.000989 0.000344 0.000300 0.000238 0.000312 0.000357 0.001308
0.000000 0.000000 0.000000 0.000000 0.000000 0.000000 0.000000 0.000000 0.002589 0.000856 0.000777 0.000901 0.001136 0.000484 0.000256 0.000728 0.004200 0.003948 0.000499 0.000598 0.000775 0.001484 0.001795 0.001330 0.001368 0.000612 0.000293 0.000431 0.000687 0.001781 0.000526 0.000412 0.000201 0.000394 0.000416 0.000413 0.018777 0.000421 0.000219 0.000460 0.002937 0.000500 0.000269 0.003005 0.002877 0.000470 0.000510 0.000461 0.000481 0.000440 0.000369 0.000273 0.000419 0.000435 0.000753 0.000211 0.000191 0.000140 0.000279 0.000386 0.000890 0.002306
0.000000 0.000000 0.000000 0.000000 0.000000 0.000000 0.000000 0.000000 0.000000 0.000000 0.024081 0.003034 0.000592 0.000505 0.000419 0.001140 0.000363 0.003840 0.004023 0.000993 0.001630 0.001838 0.000554 0.000489 0.000402 0.000522 0.000318 0.000194 0.000790 0.001322 0.000507 0.000381 0.000245 0.000349 0.000460 0.000517 0.004724 0.000417 0.000218 0.000486 0.002772 0.000535 0.000333 0.000377 0.002657 0.002310 0.000241 0.000279 0.000377 0.000340 0.000255 0.000362 0.000393 0.000289 0.000251 -9999.000000 -9999.000000 -9999.000000 0.000140 0.000607 0.000510 0.000465
0.000000 0.000000 0.000000 0.000000 0.000000 0.000000 0.000000 0.000000 0.000000 0.000000 0.000314 0.002943 0.001029 0.000697 0.000598 0.000566 0.000659 0.000219 0.003379 0.003479 0.002022 0.000610 0.000491 0.000415 0.000316 0.000375 0.000196 0.000140 0.001135 0.000583 0.000463 0.000461 0.000209 0.000451 0.000526 0.016893 0.004845 0.000415 0.000216 0.000537 0.002367 0.000820 0.000631 0.000312 0.000505 0.002225 0.001226 0.000348 0.000207 0.000194 0.000323 0.000258 0.000236 -9999.000000 -9999.000000 -9999.000000 -9999.000000 -9999.000000 -9999.000000 0.000140 0.000194 0.000209
0.000000 0.000000 0.000000 0.000000 0.000000 0.000000 0.000000 0.000000 0.000000 0.000003 0.000301 0.002154 0.000972 0.000505 0.000506 0.000672 0.000408 0.000216 0.000377 0.001627 0.000669 0.000578 0.000416 0.000321 0.000194 0.000140 0.000307 0.000448 0.000617 0.000545 0.000573 0.000344 0.000192 0.000304 0.000917 0.005000 0.001253 0.000408 0.000201 0.000603 0.002445 0.000682 0.000589 0.000375 0.000490 0.001237 0.000965 0.001216 0.000545 0.000140 0.000197 -9999.000000 -9999.000000 -9999.000000 -9999.000000 -9999.000000 -9999.000000 -9999.000000 -9999.000000 -9999.000000 -9999.000000 -9999.000000
0.000000 0.000000 0.000000 0.000000 0.000000 0.000000 0.000000 0.000000 0.000002 0.000017 0.000291 0.001523 0.001304 0.000320 0.000447 0.000586 0.000395 0.000215 0.000335 0.001182 0.000587 0.000587 0.000653 0.000494 0.000321 0.000194 0.000370 0.000400 0.001060 0.000275 0.000363 0.000281 0.000140 0.000190 0.000537 0.004154 0.001902 0.000407 0.000262 0.000973 0.001534 0.000654 0.000580 0.000563 0.000434 0.000327 0.000425 0.000772 0.000237 -9999.000000 -9999.000000 -9999.000000 -9999.000000 -9999.000000 -9999.000000 -9999.000000 -9999.000000 -9999.000000 -9999.000000 -9999.000000 -9999.000000 -9999.000000
0.000000 0.000000 0.000000 0.000000 0.000000 0.000000 0.000000 0.000003 0.000015 0.000042 0.000266 0.000381 0.001825 0.001006 0.000281 0.000466 0.000390 0.000224 0.000237 0.000772 0.000435 0.000346 0.000407 0.000229 0.000257 0.000342 0.000445 0.002127 0.001790 0.000911 0.000476 0.000140 0.000518 0.000803 0.000692 0.003140 0.002882 0.000363 0.000251 0.001107 0.000648 0.000621 0.000639 0.000556 0.000558 0.000270 0.000340 0.000378 0.000281 -9999.000000 -9999.000000 -9999.000000 -9999.000000 -9999.000000 -9999.000000 -9999.000000 -9999.000000 -9999.000000 -9999.000000 -9999.000000 -9999.000000 -9999.000000
0.000000 0.000000 0.000000 0.000000 0.000000 0.000001 0.000008 0.000032 0.000071 0.000091 0.000194 0.000305 0.001108 0.000761 0.000931 0.000546 0.000361 0.000316 0.000274 0.000263 0.000329 0.000194 0.000253 0.000222 0.000348 0.000433 0.002687 0.003897 0.000592 0.000486 0.000388 0.000196 0.000211 0.000347 0.000402 0.000653 0.005628 0.000266 0.000322 0.000588 0.000545 0.000514 0.000496 0.000447 0.000648 0.000356 0.000194 0.000207 0.000362 -9999.000000 -9999.000000 -9999.000000 -9999.000000 -9999.000000 -9999.000000 -9999.000000 -9999.000000 -9999.000000 -9999.000000 -9999.000000 -9999.000000 -9999.000000
0.000000 0.000000 0.000000 0.000000 0.000000 0.000000 0.000008 0.000035 0.000067 0.000111 0.000141 0.000195 0.000423 0.000345 0.000415 0.000275 0.000141 0.000743 0.000405 0.000344 0.000215 0.000209 0.000592 0.000216 0.000388 0.003172 0.002859 0.000463 0.000525 0.000421 0.000374 0.000340 0.000388 0.000278 0.000266 0.000702 0.004162 0.003616 0.000415 0.000309 0.000433 0.000424 0.000385 0.000381 0.000487 0.000281 0.000140 -9999.000000 -9999.000000 -9999.000000 -9999.000000 -9999.000000 -9999.000000 -9999.000000 -9999.000000 -9999.000000 -9999.000000 -9999.000000 -9999.000000 -9999.000000 -9999.000000 -9999.000000
0.000000 0.000000 0.000000 0.000000 0.000000 0.000000 0.000041 0.000093 0.000162 0.000249 0.000351 0.000488 0.000416 0.000209 0.000192 0.000140 0.000269 0.001090 0.000461 0.000370 0.000215 0.000327 0.000723 0.019167 0.011672 0.003510 0.000560 0.000651 0.000360 0.000312 0.000196 0.000211 0.000661 0.001040 0.002177 0.001154 0.000858 0.003714 0.001418 0.000930 0.000528 0.000302 0.000140 0.000314 0.000196 0.000140 -9999.000000 -9999.000000 -9999.000000 -9999.000000 -9999.000000 -9999.000000 -9999.000000 -9999.000000 -9999.000000 -9999.000000 -9999.000000 -9999.000000 -9999.000000 -9999.000000 -9999.000000 -9999.000000
0.000000 0.000000 0.000000 0.000000 0.000000 0.000000 0.000084 0.000158 0.000250 0.000327 0.000594 0.000530 0.000436 0.000341 0.000300 0.000187 0.014265 0.001794 0.001207 0.000387 0.000214 0.001490 0.001328 0.000618 0.000605 0.000888 0.000423 0.000434 0.000207 0.000194 0.000140 0.000520 0.000140 0.000397 0.000505 0.000391 0.000630 0.002693 0.000612 0.000489 0.000392 0.000209 0.000195 0.000367 0.000392 -9999.000000 -9999.000000 -9999.000000 -9999.000000 -9999.000000 -9999.000000 -9999.000000 -9999.000000 -9999.000000 -9999.000000 -9999.000000 -9999.000000 -9999.000000 -9999.000000 -9999.000000 -9999.000000 -9999.000000
