use_cases/Flooding/flood_case/output/hUx_1800.asc
ncols 269
nrows 269
xllcorner 0.000000
yllcorner 0.000000
cellsize 10.000000
NODATA_value -9999.000000
[rows 162 to 188 of 269, columns 122 to 182 of 269]
-0.000000 0.000000 0.000000 0.000000 -0.000000 -0.000000 -0.000000 -0.000000 -0.000000 -0.000001 -0.000001 -0.000005 -0.000009 -0.000003 0.000000 0.000004 0.000011 0.000021 0.000105 -0.000004 -0.000007 -0.000019 -0.000019 -0.000010 -0.000003 -0.000001 -0.000000 0.000001 0.000001 -0.000000 0.000000 0.000000 0.000007 0.000013 0.000009 0.000266 -0.000045 -0.000021 -0.000005 -0.000004 0.000000 0.000016 0.000039 0.000105 0.000190 0.000133 -0.000674 -0.000006 -0.000005 -0.000007 -0.000015 -0.000034 -0.000029 -0.000020 -0.000017 -0.000011 -0.000003 0.000000 0.000002 0.000009 0.000016
0.000000 0.000000 0.000000 -0.000000 -0.000000 -0.000000 -0.000000 -0.000000 -0.000000 -0.000001 -0.000001 -0.000001 -0.000003 -0.000001 0.000000 0.000006 0.000017 0.000016 0.000025 -0.000066 -0.000023 -0.000025 -0.000011 -0.000008 -0.000003 -0.000000 0.000000 0.000002 0.000003 -0.000005 -0.000005 0.000000 0.000001 0.000004 0.000012 0.000058 -0.000029 -0.000024 -0.000027 -0.000007 0.000000 0.000002 0.000013 0.000010 0.000015 0.000115 -0.000917 -0.000021 -0.000022 -0.000031 -0.000016 -0.000006 -0.000007 -0.000011 -0.000009 -0.000005 -0.000000 0.000001 0.000008 0.000015 0.000023
0.000000 0.000000 0.000000 0.000000 -0.000000 -0.000000 -0.000000 -0.000000 -0.000000 -0.000000 -0.000000 -0.000039 -0.000036 -0.000000 0.000002 0.000008 0.000017 0.000000 0.000007 -0.000182 -0.000052 -0.000009 -0.000003 -0.000002 -0.000000 0.000001 0.000002 0.000001 -0.000046 -0.000017 0.000000 0.000001 0.000005 0.000010 0.000025 -0.000627 -0.000016 -0.000007 -0.000003 -0.000001 0.000000 0.000003 0.000013 0.000020 0.000009 0.000006 -0.000357 -0.000031 -0.000024 -0.000026 -0.000028 -0.000019 -0.000020 -0.000018 -0.000003 -0.000001 -0.000000 0.000002 0.000018 0.000031 0.000029
0.000000 0.000000 0.000000 0.000000 0.000000 -0.000000 -0.000000 -0.000000 -0.000012 -0.000064 -0.000084 -0.000068 -0.000002 -0.000000 0.000006 0.000019 0.000031 0.000122 -0.024795 -0.000307 -0.000006 -0.000006 -0.000006 -0.000001 -0.000000 0.000002 0.000004 -0.000039 -0.000063 -0.000001 0.000000 0.000004 0.000010 0.000014 0.000016 -0.013797 -0.000011 -0.000002 -0.000000 0.000001 0.000006 0.000010 0.000012 0.000019 0.000011 0.000015 -0.000210 -0.000086 -0.000126 -0.000187 -0.000170 -0.000104 -0.000042 -0.000009 -0.000004 -0.000000 0.000001 0.000007 0.000013 0.000024 0.000034
0.000000 0.000000 0.000000 0.000000 -0.000005 -0.000002 -0.000008 -0.000024 -0.000089 -0.000000 -0.000000 -0.000000 0.000000 0.000003 0.000020 0.000022 0.000018 -0.017580 -0.000097 -0.000074 -0.000021 -0.000021 -0.000022 -0.000016 0.000000 0.000006 0.000022 -0.000040 -0.000019 -0.000000 0.000001 0.000007 0.000013 0.000018 0.000895 -0.060553 -0.000022 -0.000003 -0.000000 0.000006 0.000011 0.000009 0.000008 0.000011 0.000000 0.000014 0.001626 -0.000278 -0.000158 -0.000015 -0.000013 -0.000006 -0.000004 -0.000003 -0.000000 0.000000 0.000004 0.000012 0.000023 0.000038 0.000092
0.000000 0.000000 0.000000 0.000000 0.000000 -0.000000 -0.000080 -0.000029 -0.000000 -0.000000 -0.000000 -0.000000 0.000002 0.000009 0.000018 0.000016 -0.002751 -0.000055 -0.000066 -0.000115 -0.000207 -0.000106 -0.000041 -0.000002 0.000000 0.000024 0.000064 -0.000055 -0.000010 -0.000000 0.000002 0.000010 0.000020 0.000023 -0.000987 -0.000016 -0.000010 -0.000000 -0.000000 0.000009 0.000031 0.000031 0.000013 -0.000009 0.000000 0.000009 -0.404071 -0.000019 -0.000014 -0.000005 -0.000008 -0.000015 -0.000009 -0.000004 -0.000000 0.000002 0.000010 0.000019 0.000027 0.000038 0.000064
0.000000 0.000000 0.000000 0.000000 0.000000 0.000000 0.000000 -0.000176 -0.000000 -0.000000 -0.000000 0.000000 0.000004 0.000010 0.000006 -0.008468 -0.000036 -0.000039 -0.000034 -0.000021 -0.000022 -0.000013 -0.000005 -0.000000 0.000000 0.000006 0.000122 0.040904 -0.000005 -0.000000 0.000000 0.000008 0.000065 0.000040 -0.001364 -0.000005 -0.000003 -0.000000 0.000001 0.000006 0.000020 0.000026 0.000109 -0.000001 0.000000 -0.003809 -0.000058 -0.000028 -0.000009 -0.000015 -0.000019 -0.000024 -0.000013 -0.000001 -0.000000 0.000003 0.000016 0.000027 0.000036 0.000035 0.000117
0.000000 0.000000 0.000000 0.000000 0.000000 0.000000 0.000000 0.000000 -0.000000 -0.000000 -0.000000 0.000000 0.000539 -0.004790 -0.000077 -0.000028 -0.000028 -0.000020 -0.000012 -0.000012 -0.000014 -0.000008 -0.000002 -0.000000 0.000000 0.000002 0.000011 0.000024 0.005907 -0.000004 -0.000001 0.000000 0.000009 0.000082 -0.001036 -0.000013 -0.000007 -0.000001 0.000000 0.000008 0.000023 0.000038 0.000062 0.000013 -0.000029 -0.000022 -0.000019 -0.000013 -0.000016 -0.000026 -0.000039 -0.000029 -0.000003 -0.000000 0.000002 0.000007 0.000012 0.000036 0.000044 0.000186 -0.000153
0.000000 0.000000 0.000000 0.000000 0.000000 0.000000 0.000000 0.000000 0.000000 -0.006305 -0.000324 -0.000390 -0.000254 -0.000034 -0.000018 -0.000009 -0.000013 -0.000013 -0.000006 -0.000003 -0.000004 -0.000004 -0.000006 -0.000002 0.000000 0.000013 0.000024 0.000047 0.000039 0.000059 0.000022 0.000000 0.000002 0.000013 0.088893 -0.000017 -0.000011 -0.000003 0.000000 0.000006 0.000024 0.000035 0.024279 -0.000264 -0.000021 -0.000015 -0.000006 0.000000 -0.000001 -0.000031 -0.000022 -0.000012 -0.000002 -0.000000 0.000003 0.000012 0.000024 0.000028 0.000041 0.005220 -0.000005
0.000000 0.000000 0.000000 0.000000 0.000000 0.000000 0.000000 0.000000 0.000000 -0.000061 -0.000030 -0.000005 -0.000028 -0.000023 -0.000022 -0.000014 -0.000008 -0.000009 -0.000002 -0.000004 -0.000007 -0.000009 -0.000010 -0.000004 0.000000 0.000002 0.000006 0.000012 0.000012 0.000012 0.000014 -0.000004 0.000000 0.000007 0.000016 -0.002036 -0.000014 -0.000001 0.000000 0.000007 0.000024 0.000064 -0.000018 -0.000015 -0.000013 -0.000008 -0.000002 0.000000 -0.000010 -0.000019 -0.000027 -0.000014 -0.000002 0.000000 0.000006 0.000024 0.000037 0.000047 0.000405 -0.000171 0.000000
0.000000 0.000000 0.000000 0.000000 0.000000 0.000000 0.000000 0.000000 0.000000 -0.000013 -0.000024 -0.000011 -0.000021 -0.000031 -0.000014 -0.000005 0.000000 0.000001 0.000010 -0.000012 -0.000050 -0.000125 -0.000089 -0.000039 -0.000009 -0.000000 0.000000 0.000003 0.000008 0.000007 0.000117 -0.000005 0.000000 0.000004 0.000014 0.000715 -0.000004 -0.000002 0.000000 0.000010 0.000025 -0.011687 -0.000013 -0.000005 -0.000004 -0.000003 -0.000000 0.000000 -0.000015 -0.000030 -0.000033 -0.000020 -0.000003 0.000000 0.000003 0.000015 0.000049 0.000054 -0.000009 -0.000008 0.000000
0.000000 0.000000 0.000000 0.000000 0.000000 0.000000 0.000000 0.000000 0.000000 0.000000 -0.000075 -0.000006 -0.000011 -0.000016 -0.000015 -0.000003 0.000000 0.000008 0.000051 -0.000093 -0.000119 -0.000013 -0.000009 -0.000005 -0.000004 -0.000001 0.000000 0.000002 0.000003 0.000011 0.000132 -0.000003 0.000000 0.000001 0.000009 0.000018 0.005238 -0.000003 0.000000 0.000004 0.000016 -0.000005 -0.000008 -0.000015 -0.000012 -0.000004 -0.000000 0.000001 0.000016 -0.000076 -0.000039 -0.000012 -0.000004 0.000000 0.000005 0.000021 0.000032 0.000046 -0.004232 -0.000007 0.000000
0.000000 0.000000 0.000000 0.000000 0.000000 0.000000 0.000000 0.000000 0.000000 0.000000 0.000022 -0.000084 -0.000037 -0.000012 -0.000010 -0.000004 0.000000 0.000004 0.000024 -0.000015 -0.000005 -0.000005 -0.000006 -0.000003 -0.000001 0.000000 0.000000 0.000005 0.000011 0.000018 0.000184 -0.000024 0.000000 0.000001 0.000005 0.000014 0.000021 0.000116 0.000080 0.000121 0.016831 -0.000193 -0.000010 -0.000012 -0.000008 -0.000002 -0.000000 0.000001 -0.000035 -0.000067 -0.000025 -0.000015 -0.000002 0.000000 0.000005 0.000021 0.000038 0.000769 -0.000519 -0.000002 0.000000
0.000000 0.000000 0.000000 0.000000 0.000000 0.000000 0.000000 0.000000 0.000000 0.000000 0.000000 -0.000007 -0.000024 -0.000016 -0.000004 -0.000001 0.000000 0.000009 0.000064 0.008343 -0.000013 -0.000009 -0.000002 0.000000 0.000000 0.000000 0.000000 0.000008 0.000018 0.000019 -0.041054 -0.000007 0.000000 0.000001 0.000008 0.000007 0.000015 0.000020 0.000045 0.000021 0.000012 0.000204 0.001764 -0.002596 -0.000009 -0.000004 -0.000000 0.000000 -0.000339 -0.000174 -0.000042 -0.000014 -0.000001 0.000000 0.000005 0.000022 0.000030 -0.001564 -0.000006 -0.000000 0.000005
0.000000 0.000000 0.000000 0.000000 0.000000 0.000000 0.000000 0.000000 0.000000 0.000000 0.000000 -0.000007 -0.000012 -0.000006 -0.000001 0.000000 0.000000 0.000006 0.000012 0.000552 -0.000262 -0.000013 -0.000005 0.000000 0.000001 0.000002 0.000000 0.000012 0.000035 0.000026 -0.000005 -0.000002 0.000000 0.000001 0.000009 0.000014 0.000009 0.000031 0.000006 -0.000000 0.000001 0.000007 0.000012 0.000014 0.000023 0.000571 -0.000080 -0.000231 -0.000642 -0.000028 -0.000017 -0.000004 -0.000000 0.000000 0.000006 0.000025 0.000719 -0.000558 0.000000 0.000002 0.000006
0.000000 0.000000 0.000000 0.000000 0.000000 0.000000 0.000000 0.000000 0.000000 0.000000 0.000000 -0.000007 -0.000007 -0.000002 0.000000 0.000000 0.000001 0.000002 0.000003 0.000012 0.000577 -0.000351 -0.000011 -0.000003 0.000000 0.000000 0.000000 0.000004 0.000022 0.000076 -0.000012 -0.000004 0.000000 0.000004 0.000013 0.000017 0.000012 0.000008 -0.000001 -0.000000 0.000001 0.000003 0.000007 0.000012 0.000015 0.000012 0.024684 -0.000861 -0.000008 -0.000010 -0.000013 -0.000003 -0.000000 0.000000 0.000003 0.000024 0.002537 -0.000003 0.000000 0.000005 -0.002824
0.000000 0.000000 0.000000 0.000000 0.000000 0.000000 0.000000 0.000000 0.000000 -0.000000 -0.000000 -0.000001 -0.000002 0.000000 0.000001 0.000002 0.000004 0.000005 0.000010 0.000009 0.000008 0.000162 -0.000012 -0.000004 0.000000 -0.000010 -0.000001 0.000000 0.000019 0.000132 -0.000018 -0.000005 0.000000 0.000004 0.000012 0.000000 -0.000008 -0.000003 -0.000001 -0.000000 0.000000 0.000001 0.000002 0.000004 0.000005 0.000005 0.000004 -0.001721 -0.000013 -0.000009 -0.000007 -0.000006 -0.000006 -0.000003 0.000000 0.000023 0.041575 -0.000001 0.000000 -0.002105 -0.000027
0.000000 0.000000 0.000000 0.000000 0.000000 0.000000 0.000000 0.000000 -0.000000 -0.000000 -0.000000 -0.000000 0.000000 0.000002 0.000002 0.000001 0.000000 0.000002 0.000016 0.000094 0.000149 0.000823 0.011321 -0.000003 0.000000 -0.000029 -0.000004 0.000000 0.000016 0.000161 -0.000009 -0.000002 0.000000 0.000005 0.000009 -0.000007 -0.000017 -0.000007 -0.000002 -0.000000 0.000000 0.000002 0.000007 0.000011 0.000014 0.000015 0.000012 -0.000296 -0.000014 -0.000006 -0.000025 -0.000057 -0.000018 -0.000002 0.000000 0.000007 0.000006 0.000041 0.000000 -0.000647 -0.000016
0.000000 0.000000 0.000000 0.000000 0.000000 0.000000 0.000000 -0.000000 -0.000000 -0.000000 -0.000000 -0.000000 0.000001 0.000007 0.000018 -0.000008 -0.000002 0.000000 0.000033 0.000033 0.000014 0.000014 0.000024 0.000064 -0.000025 -0.000065 -0.000014 0.000000 0.000030 0.000283 -0.000053 -0.000002 0.000000 0.000002 0.000009 -0.000048 -0.000011 -0.000006 -0.000001 -0.000000 0.000002 0.000005 0.000006 0.000011 0.000013 0.000007 0.000006 -0.000141 -0.000020 -0.000029 -0.000094 -0.000011 -0.000002 -0.000000 0.000002 0.000008 0.000013 0.000019 -0.000016 -0.000004 -0.000004
0.000000 0.000000 0.000000 0.000000 0.000000 0.000000 -0.000000 -0.000000 -0.000000 -0.000000 -0.000000 -0.000000 0.000003 0.000006 0.000015 -0.000020 -0.000006 0.000000 0.000003 0.000004 0.000003 0.000008 0.000014 0.000021 0.013299 -0.000309 -0.000009 0.000000 0.000003 0.000010 0.000347 -0.000006 -0.000001 0.000000 0.000000 -0.000183 -0.000007 -0.000001 -0.000000 0.000000 0.000003 0.000009 0.000005 0.000004 0.000009 0.003174 -0.000223 -0.001643 -0.000070 -0.000069 -0.000004 -0.000003 -0.000000 0.000007 0.000010 0.000004 -0.000000 -0.000208 -0.001891 -0.000010 -0.000011
0.000000 0.000000 0.000000 0.000000 0.000000 0.000000 0.000000 0.000000 -0.000000 -0.000000 -0.000000 0.000000 0.000005 0.000011 -0.000084 -0.000073 -0.000007 0.000000 0.000005 0.000017 0.000000 0.000003 0.000005 0.000015 0.000016 -0.000523 -0.000008 -0.000000 0.000000 0.000004 0.000005 0.000196 0.000101 0.000000 0.000000 -0.000007 -0.000001 -0.000000 0.000000 0.000001 0.000002 0.000004 0.000000 0.000002 -0.000650 -0.000052 0.000000 0.000001 -0.007381 -0.000017 -0.000004 -0.000000 0.000001 0.000003 0.004863 -0.000148 -0.000001 -0.000000 -0.000029 -0.001472 -0.002174
0.000000 0.000000 0.000000 0.000000 0.000000 0.000000 0.000000 0.000000 0.000000 -0.000000 -0.000000 0.000000 0.000007 0.000078 -0.000127 -0.000007 0.000000 0.000001 0.000008 0.000030 -0.000001 0.000000 0.000007 0.000008 0.000007 0.000359 -0.000006 -0.000002 0.000000 0.000004 0.000011 0.000046 0.000068 0.000016 0.000008 0.000034 0.000061 -0.000008 0.000000 -0.000048 -0.000485 -0.000643 -0.000214 -0.000215 -0.000067 -0.000005 -0.000000 0.000001 0.000045 -0.002578 -0.000126 -0.000000 0.000001 -0.003610 -0.000016 -0.000005 -0.000000 -0.000000 -0.000000 0.000001 0.000003
0.000000 0.000000 0.000000 0.000000 0.000000 0.000000 0.000000 0.000000 0.000000 0.000000 -0.000000 0.000000 0.000010 -0.000098 -0.000125 -0.000004 0.000000 0.000006 0.000017 0.000048 -0.000003 0.000000 0.000004 0.000013 0.000023 0.000237 -0.000004 -0.000000 0.000001 0.000004 0.000009 0.000019 0.000043 0.000019 -0.000116 -0.000029 -0.000000 0.000000 -0.000363 -0.000195 -0.000003 -0.000001 -0.000011 -0.000011 -0.000015 -0.000005 -0.000000 0.000000 0.000007 0.000023 0.000482 -0.000992 -0.003310 -0.001539 -0.000031 -0.000018 -0.000005 -0.000002 -0.000000 0.000000 0.000003
0.000000 0.000000 0.000000 0.000000 0.000000 0.000000 0.000000 0.000000 0.000000 0.000000 0.000000 0.000000 0.000000 -0.000553 -0.000046 -0.000006 0.000000 0.000009 0.000022 0.000057 0.000008 0.000000 0.000000 0.000006 0.000011 0.000293 -0.000005 -0.000000 0.000002 0.000006 0.000095 -0.000237 -0.000556 -0.001439 -0.000321 -0.000019 -0.000002 -0.000000 -0.000001 -0.000001 -0.000000 0.000000 -0.000019 -0.000007 -0.000014 -0.000009 -0.000001 0.000000 0.000007 0.000011 0.000000 0.000001 0.000066 -0.000469 -0.000034 -0.000023 -0.000020 -0.000005 -0.000000 0.000000 0.000006
0.000000 0.000000 0.000000 0.000000 0.000000 0.000000 0.000000 0.000000 0.000000 0.000000 0.000000 0.000000 -0.000082 -0.000241 -0.000016 -0.000003 0.000000 0.000011 0.000025 0.000044 0.000018 -0.000000 0.000000 0.000001 0.000007 0.000170 -0.000001 0.000000 0.000003 0.003463 -0.000521 -0.000238 -0.000016 -0.000010 -0.000017 -0.000044 -0.000005 -0.000008 -0.000002 -0.000000 -0.000000 0.000002 -0.000034 -0.000021 -0.000018 -0.000008 -0.000001 0.000000 -0.000001 -0.000000 0.000000 0.000008 0.000574 -0.001126 -0.000042 -0.000013 -0.000019 -0.000006 0.000000 0.000002 0.000006
0.000000 0.000000 0.000000 0.000000 0.000000 0.000000 0.000000 0.000000 0.000000 0.000000 0.000000 0.000000 -0.000311 -0.000130 -0.000012 -0.000000 0.000001 0.000019 0.000069 0.000110 0.000124 -0.000000 0.000000 0.000003 0.000006 0.000025 -0.000000 0.000002 0.000950 -0.001059 -0.000007 -0.000014 -0.000056 -0.000005 -0.000015 -0.000053 -0.000205 -0.000004 -0.000004 -0.000001 -0.000000 -0.000007 -0.000014 -0.000021 -0.000019 -0.000008 -0.000001 0.000000 -0.000000 0.000000 0.000008 0.000009 0.001240 -0.000052 -0.000094 -0.000109 -0.000020 -0.000006 0.000000 0.000005 0.000044
0.000000 0.000000 0.000000 0.000000 0.000000 0.000000 0.000000 0.000000 0.000000 0.000000 0.000000 0.000000 -0.000245 -0.000053 -0.000009 -0.000000 0.000002 0.000012 0.000010 0.000012 0.000266 0.000101 0.000026 0.000038 -0.003125 -0.001204 -0.000275 -0.000119 -0.000010 -0.000010 -0.000002 -0.000000 0.000027 -0.004687 -0.000916 -0.000227 -0.000151 -0.000277 -0.000012 -0.000004 -0.000005 -0.000017 -0.000022 -0.000026 -0.000024 -0.000010 -0.000002 0.000000 0.000001 0.000005 0.000009 0.001317 -0.000145 -0.000034 -0.000042 -0.000055 -0.000043 -0.000014 0.000000 0.000004 0.000015
