use_cases/Flooding/flood_case/output/hUx_1800.asc
ncols 269
nrows 269
xllcorner 0.000000
yllcorner 0.000000
cellsize 10.000000
NODATA_value -9999.000000
[rows 81 to 107 of 269, columns 122 to 182 of 269]
0.000000 0.000000 0.000000 -0.000000 -0.000094 -0.000590 -0.000840 -0.000002 -0.000005 -0.000009 -0.000013 -0.000005 -0.000000 0.000057 0.000118 0.000148 0.000178 0.000136 0.000529 -0.008436 -0.090086 -0.116809 -0.109173 -0.085978 -0.078442 -0.066339 -0.060615 -0.091793 -0.141043 -0.123452 -0.066933 -0.056804 -0.064981 -0.053732 -0.035173 -0.000593 -0.000214 -0.000185 -0.000080 -0.000000 0.000019 0.000060 0.000039 0.000157 -0.000441 -0.036789 -0.101560 -0.095268 -0.093916 -0.130731 -0.131487 -0.114255 -0.090993 -0.072233 -0.072571 -0.038033 -0.000142 -0.000039 -0.000000 -0.000811 -0.000082
0.000000 0.000000 0.000000 0.000000 -0.000978 -0.000286 -0.000357 -0.000004 -0.000010 -0.000022 -0.000015 -0.000005 -0.000000 0.000045 0.000120 0.000140 0.000460 -0.018441 -0.109522 -0.117263 -0.090298 -0.039846 -0.011555 -0.024589 -0.053848 -0.070666 -0.076751 -0.033774 -0.016425 -0.001028 -0.000046 -0.006042 -0.033428 -0.062840 -0.051982 -0.018646 -0.000444 -0.000050 -0.000000 0.000005 0.000190 -0.006128 -0.025084 -0.091094 -0.129561 -0.100620 -0.062077 -0.056266 -0.030994 -0.026678 -0.009154 -0.013215 -0.047283 -0.065581 -0.084890 -0.099877 -0.042294 -0.000994 -0.000000 -0.000042 -0.000013
0.000000 0.000000 0.000000 0.000000 -0.001593 -0.000209 -0.000158 -0.000012 -0.000013 -0.000011 -0.000005 -0.000000 0.000002 0.000047 0.000136 0.001638 -0.087421 -0.122696 -0.075311 -0.004087 -0.000218 -0.000051 -0.000001 0.000000 0.000005 0.000040 -0.000043 -0.000059 -0.000061 -0.000009 0.000000 0.000019 0.000572 -0.036148 -0.105776 -0.128588 -0.124729 -0.116576 -0.110202 -0.103488 -0.110691 -0.099309 -0.094780 -0.059624 -0.026516 -0.000889 -0.000235 -0.000159 -0.000057 -0.000039 -0.000012 -0.000000 0.000004 0.000056 0.001263 -0.075439 -0.130166 -0.107968 -0.050974 -0.032751 -0.026366
-0.000000 -0.000031 -0.003471 -0.013976 -0.017078 -0.013014 -0.000071 -0.000004 -0.000005 -0.000010 -0.000001 -0.000000 0.000002 0.000067 0.001643 -0.092771 -0.129191 -0.020240 -0.000229 -0.000031 -0.000024 -0.000011 -0.000001 0.000000 -0.000014 -0.000007 -0.000004 0.000000 -0.000000 -0.000000 0.000000 0.000015 0.000044 0.000094 0.001137 -0.009874 -0.003169 -0.000771 -0.003403 -0.040726 -0.058141 -0.041120 -0.029029 -0.001010 -0.000058 -0.000030 -0.000025 -0.000139 -0.000209 -0.000125 -0.000070 -0.000024 -0.000000 0.000009 0.000035 0.000109 0.010240 -0.071446 -0.094871 -0.099932 -0.111017
0.000000 -0.005925 -0.009908 -0.016759 -0.029739 -0.029712 -0.000065 -0.000002 -0.000000 -0.000004 -0.000003 -0.000001 0.000000 0.000043 0.010496 -0.072052 -0.003675 -0.000072 -0.000057 -0.000045 -0.000030 -0.000008 -0.000000 0.000004 -0.000033 -0.000042 -0.000015 -0.000000 0.000013 0.000028 0.000018 0.000035 0.000044 0.000038 0.000041 -0.000026 -0.000012 -0.000002 0.000000 0.000031 0.008427 -0.006052 -0.000214 -0.000182 -0.000137 -0.000045 -0.000000 -0.000164 -0.000400 -0.000071 -0.000055 -0.000035 -0.000007 0.000000 0.000040 0.000112 0.000867 0.016574 -0.030597 -0.045239 -0.055790
0.000000 0.000000 0.000000 0.000000 0.000000 -0.051638 -0.067009 -0.042773 -0.005504 -0.014570 -0.030710 -0.003014 0.000000 -0.000000 -0.100730 -0.080132 -0.000097 -0.000041 -0.000015 -0.000016 -0.000019 -0.000014 -0.000009 0.000000 -0.000174 -0.000086 -0.000034 -0.000000 -0.000000 -0.000000 0.000001 0.000034 0.000071 0.000076 0.000098 0.000020 -0.000024 0.000000 0.000018 0.000027 0.003416 -0.002310 -0.000237 -0.000322 -0.000197 -0.000089 -0.000009 -0.000000 -0.000675 -0.000256 -0.000050 -0.000021 -0.000004 0.000000 0.000045 0.000124 0.004387 0.001721 -0.000012 -0.000001 0.000000
0.000000 0.000000 0.000000 0.000000 0.000000 0.000000 -0.003347 -0.048656 -0.058994 -0.058543 -0.060101 -0.062825 -0.041312 -0.032199 -0.044013 -0.000969 -0.000035 -0.000010 -0.000000 0.000001 -0.000026 -0.000030 -0.000047 -0.000058 -0.000051 -0.000051 -0.000041 -0.000043 -0.000048 -0.000004 -0.000000 0.000016 0.000039 0.000036 0.000062 0.000092 0.000057 0.000046 0.000083 0.000600 0.005101 -0.001247 -0.000358 -0.000266 -0.000228 -0.000163 -0.000032 -0.000000 -0.000179 -0.000180 -0.000172 -0.000008 0.000000 0.000016 0.000043 0.000059 0.005728 -0.000013 -0.000004 0.000000 0.000030
0.000000 0.000000 0.000000 0.000000 0.000000 0.000000 0.000000 0.000000 -0.004089 -0.015665 -0.020298 -0.047452 -0.053605 -0.060367 -0.070226 -0.000017 0.000000 0.000011 0.000034 0.000040 -0.000016 -0.000074 -0.000093 -0.000163 -0.000205 -0.000114 -0.000114 -0.000091 -0.000030 -0.000017 -0.000000 0.000006 0.000016 0.000041 0.000041 0.000047 0.000120 0.000127 0.010395 0.004813 0.000653 -0.000399 -0.000205 -0.000574 -0.000511 -0.000192 -0.000072 -0.000065 -0.000076 -0.000105 -0.000089 -0.000020 0.000000 0.000031 0.000106 0.004860 -0.001124 -0.000030 -0.000000 0.000006 0.000073
0.000000 0.000000 0.000000 0.000000 0.000000 0.000000 0.000000 0.000000 0.000000 0.000000 0.000000 -0.012161 -0.017219 -0.019297 -0.016269 -0.000014 0.000000 -0.000003 -0.000007 -0.000020 -0.000089 -0.000114 -0.000107 -0.000046 -0.000052 -0.000069 -0.000207 -0.000153 -0.000098 -0.000050 -0.000010 -0.000002 0.000000 0.000029 0.000252 0.000642 0.001087 0.030244 0.001166 -0.000000 0.000002 -0.000043 -0.000109 -0.000232 -0.000339 -0.000381 -0.000222 -0.000109 -0.000069 -0.000068 -0.000023 0.000000 0.000049 0.000512 0.036873 -0.002796 -0.000165 -0.000037 -0.000000 0.000003 0.000038
0.000000 0.000000 0.000000 0.000000 0.000000 0.000000 0.000000 0.000000 0.000000 0.000000 -0.001800 -0.004673 -0.007985 -0.009162 -0.000505 0.008282 -0.001731 -0.005747 -0.000174 -0.000010 -0.000001 -0.000896 -0.000106 -0.000081 -0.000110 -0.000165 -0.000117 -0.000210 -0.000226 -0.000129 -0.000051 -0.000024 0.000000 0.000014 0.000065 0.000134 0.000180 0.003312 -0.000937 -0.000018 -0.000000 -0.000080 -0.000074 -0.000117 -0.000184 -0.000187 -0.000128 -0.000103 -0.000082 -0.000046 -0.000005 0.000000 0.000079 0.000222 0.001657 -0.000401 -0.000209 -0.000060 -0.000009 -0.000000 0.000029
0.000000 0.000000 0.000000 0.000000 0.000000 0.000000 0.000000 0.000000 0.000000 -0.002926 -0.006484 -0.014139 -0.023529 -0.028002 -0.034213 -0.062108 -0.054256 -0.048686 -0.056776 -0.046204 -0.044446 -0.025653 -0.000643 -0.000237 -0.000273 -0.000200 -0.000190 -0.000249 -0.000143 -0.000096 -0.000067 -0.000026 -0.000006 0.000000 0.000017 0.000070 0.000124 0.002290 -0.001836 -0.000078 -0.000067 -0.000092 -0.000092 -0.000128 -0.000155 -0.000141 -0.000043 -0.000042 -0.000043 -0.000033 -0.000000 0.000000 0.000087 0.000174 0.001171 -0.000722 -0.000647 -0.000034 -0.000021 -0.000000 0.000023
0.000000 0.000000 0.000000 0.000000 0.000000 0.000000 0.000000 0.000000 0.000000 0.000000 -0.000044 0.000007 -0.000028 -0.000561 -0.000240 -0.000166 -0.000030 -0.000002 -0.000000 -0.000046 -0.007301 -0.037957 -0.058309 -0.041065 -0.020738 -0.010898 -0.000213 -0.000269 -0.000229 -0.000215 -0.000119 -0.000023 -0.000011 -0.000004 0.000000 0.000012 0.000050 0.000081 -0.003006 -0.000030 -0.000019 -0.000026 -0.000033 -0.000051 -0.000075 -0.000184 -0.000477 -0.000709 -0.000379 -0.000086 -0.000002 0.000000 0.000047 0.000121 0.000456 -0.000196 -0.000578 -0.000674 -0.000269 -0.000020 0.000000
0.000000 0.000000 0.000000 0.000000 0.000000 0.000000 0.000000 0.000000 0.000000 0.000000 0.000000 0.000436 -0.000081 -0.000239 -0.000684 -0.000269 -0.000026 -0.000003 0.000000 0.000007 0.000041 0.000128 0.000300 -0.025369 -0.073677 -0.038507 -0.005342 -0.000198 -0.000223 -0.000239 -0.000124 -0.000005 -0.000000 -0.000064 -0.000033 -0.000016 0.000000 0.000026 0.000885 -0.002992 -0.001976 -0.000884 -0.003300 -0.002394 -0.002131 -0.002030 -0.001005 -0.000184 -0.000103 -0.000035 0.000000 0.000007 0.000021 0.000071 0.000153 -0.000000 -0.000102 -0.000086 -0.000059 -0.000014 0.000000
0.000000 0.000000 0.000000 0.000000 0.000000 0.000000 0.000000 0.000000 0.000000 0.000000 0.000002 0.000468 -0.000006 0.000000 -0.000648 -0.000747 -0.000030 -0.000005 0.000000 0.000004 0.000034 0.000123 0.000165 0.000123 -0.008143 -0.022470 -0.003247 -0.000703 -0.000450 -0.000483 -0.000070 -0.000000 0.000003 -0.000203 -0.000152 -0.000170 -0.000113 -0.000000 0.000019 0.000353 -0.000416 -0.000937 -0.000155 -0.000470 -0.000236 -0.000203 -0.000170 -0.000126 -0.000075 -0.000017 0.000000 0.000023 0.000054 0.000030 0.000024 -0.000000 -0.000042 -0.000033 -0.000011 0.000000 0.000013
0.000000 0.000000 0.000000 0.000000 0.000000 0.000000 0.000000 0.000000 0.000000 0.000000 0.000004 0.000202 -0.000009 0.000000 -0.000465 -0.001699 -0.000069 -0.000020 -0.000000 0.000023 0.000121 0.000098 0.000104 0.000099 0.000537 -0.011990 -0.003882 -0.000068 -0.000142 -0.000114 -0.000042 -0.000021 -0.000338 -0.001382 -0.000840 -0.000474 -0.000091 -0.000042 -0.000000 0.000013 0.000044 -0.000002 -0.000000 -0.000190 -0.000147 -0.000139 -0.000103 -0.000072 -0.000038 -0.000000 0.000008 0.000026 0.000030 -0.000084 -0.000058 -0.000023 -0.000034 -0.000040 -0.000000 0.000002 0.000034
0.000000 0.000000 0.000000 0.000000 0.000000 0.000000 0.000000 0.000000 0.000000 0.000000 -0.000006 -0.000316 -0.000033 0.000000 0.000015 -0.005855 -0.000038 -0.000034 -0.000000 0.000012 0.000080 0.000193 0.000325 0.000315 0.000221 -0.060005 -0.033506 -0.000460 -0.000480 -0.001094 -0.001787 -0.001977 -0.002211 -0.000037 -0.000046 -0.000044 -0.000038 -0.000034 -0.000028 -0.000017 -0.000022 -0.000009 -0.000000 -0.000025 -0.000087 -0.000084 -0.000048 -0.000013 0.000000 0.000009 0.000039 0.000043 -0.000058 -0.000137 -0.000105 -0.000078 -0.000053 -0.000016 -0.000003 0.000000 0.000013
0.000000 0.000000 0.000000 0.000000 0.000000 0.000000 0.000000 0.000000 0.000000 0.000000 -0.000944 -0.000054 -0.000020 -0.000000 0.000013 0.000254 -0.005449 -0.000036 -0.000000 0.000013 0.000053 0.000169 0.000243 0.000109 0.000153 0.009215 -0.110200 -0.034139 -0.002612 -0.002131 -0.000259 -0.000023 -0.000049 -0.000235 -0.000146 -0.000141 -0.000106 -0.000114 -0.000111 -0.000054 -0.000027 -0.000046 -0.000067 -0.000071 -0.000089 -0.000043 -0.000009 -0.000000 0.000007 0.000051 0.000084 0.000048 -0.000224 -0.000401 -0.000768 -0.000144 -0.000096 -0.000044 -0.000000 0.000013 0.000044
0.000000 0.000000 0.000000 0.000000 0.000000 0.000000 0.000000 0.000000 0.000000 0.000000 -0.002246 -0.000131 -0.000033 -0.000000 0.000009 0.000084 -0.002307 -0.005800 -0.000036 -0.000000 0.000019 0.000121 0.000192 0.000325 0.000261 0.000222 0.014660 -0.072278 -0.002511 -0.000123 -0.000026 -0.000053 -0.000082 -0.000118 -0.000260 -0.000309 -0.000150 -0.000164 -0.000165 -0.000088 -0.000094 -0.000114 -0.000043 -0.000057 -0.000033 -0.000011 -0.000000 0.000006 0.000051 0.000114 0.000113 -0.001748 -0.002926 -0.001360 -0.000430 -0.000571 -0.000157 -0.000000 0.000007 0.000038 0.000073
0.000000 0.000000 0.000000 0.000000 0.000000 0.000000 0.000000 0.000000 0.000000 0.000000 -0.003982 -0.000127 -0.000045 -0.000002 0.000000 0.000050 0.000135 -0.026825 -0.000168 -0.000000 0.000006 0.000086 0.000198 0.000207 0.000584 0.000702 0.004574 -0.111409 -0.045954 -0.000113 -0.000047 -0.000052 -0.000110 -0.000164 -0.000337 -0.000155 -0.000158 -0.000204 -0.000221 -0.000083 -0.000105 -0.000193 -0.000113 -0.000014 0.000000 0.000003 0.000037 0.000070 0.000098 0.000160 0.000029 -0.004675 -0.000162 -0.000109 -0.000104 -0.000059 -0.000008 -0.000000 0.000049 0.000126 0.000144
0.000000 0.000000 0.000000 0.000000 0.000000 0.000000 0.000000 0.000000 0.000000 0.000000 -0.002136 -0.000219 -0.000031 -0.000000 0.000001 0.000043 0.000116 -0.001471 -0.000153 -0.000032 0.000000 0.000015 0.000122 0.000242 0.000271 0.000176 0.000093 0.002694 -0.033471 -0.023353 -0.020101 -0.000591 -0.000356 -0.000189 -0.000169 -0.000275 -0.000326 -0.000329 -0.000061 -0.000000 -0.000546 -0.000489 -0.000061 -0.000011 0.000000 0.000036 0.000058 0.000031 0.000025 0.000300 -0.067253 -0.000138 -0.000140 -0.000075 -0.000020 0.000000 0.000023 0.000040 0.000060 0.000184 0.000174
0.000000 0.000000 0.000000 0.000000 0.000000 0.000000 0.000000 0.000000 0.000000 0.000000 -0.001561 -0.000207 -0.000099 -0.000004 0.000000 0.000045 0.000194 -0.001701 -0.000143 -0.000023 0.000000 0.000015 0.000096 0.000177 0.000251 0.000183 0.000058 0.002680 -0.035483 -0.062281 -0.059707 -0.046663 -0.031576 -0.000552 -0.000396 -0.000363 -0.000265 -0.000115 -0.000000 -0.000630 -0.000735 -0.000060 -0.000058 -0.000000 0.000007 0.000074 0.000230 0.000000 0.000012 -0.003989 -0.000400 -0.000191 -0.000090 -0.000027 -0.000009 0.000000 0.000051 0.000109 0.000153 0.000216 0.000134
0.000000 0.000000 0.000000 0.000000 0.000000 0.000000 0.000000 0.000000 0.000000 0.000000 -0.001023 -0.000114 -0.000051 -0.000000 0.000012 0.000151 0.000135 -0.002422 -0.000124 -0.000025 0.000000 0.000030 0.000207 0.000337 0.000273 0.000104 0.004744 0.003526 0.000899 0.001890 -0.017559 -0.058132 -0.043852 -0.006574 -0.000279 -0.000269 -0.000119 -0.000000 -0.000210 -0.000750 -0.000256 -0.000066 -0.000051 -0.000015 0.000000 0.000097 0.000301 0.000024 0.000195 -0.097460 -0.000118 -0.000047 -0.000046 -0.000047 -0.000005 0.000000 0.000051 0.000136 0.000178 0.000211 0.000137
0.000000 0.000000 0.000000 0.000000 0.000000 0.000000 0.000000 0.000000 0.000000 0.000000 -0.000723 -0.000261 -0.000053 -0.000000 0.000012 0.000091 0.000209 -0.001015 -0.000271 -0.000081 0.000000 0.000039 0.000118 0.000092 0.000074 0.000266 0.008086 -0.000038 -0.000000 0.000005 0.000036 -0.040912 -0.102463 -0.038158 -0.005762 -0.000161 -0.000025 -0.000065 -0.000555 -0.000305 -0.000115 -0.000000 -0.000011 -0.000004 0.000000 0.000001 0.000333 0.000310 -0.001990 -0.001856 -0.000074 -0.000096 -0.000037 -0.000000 0.000019 0.000046 0.000080 0.000126 0.000156 0.000136 -0.006056
0.000000 0.000000 0.000000 0.000000 0.000000 0.000000 0.000000 0.000000 0.000000 0.000000 -0.000844 -0.000232 -0.000032 -0.000000 0.000019 0.000115 0.000122 -0.000647 -0.000150 -0.000050 0.000000 0.000035 0.000233 0.000655 0.000469 0.002240 0.000487 -0.000142 -0.000027 0.000000 0.000031 0.000481 -0.083482 -0.088060 -0.055894 -0.022378 -0.001100 -0.005689 -0.000276 -0.000201 -0.000041 -0.000000 -0.000027 -0.000058 -0.000022 0.000000 0.000119 0.000399 -0.004444 -0.000774 -0.000093 -0.000063 -0.000013 -0.000000 0.000036 0.000075 0.000087 0.008286 -0.085293 -0.043231 -0.020217
0.000000 0.000000 0.000000 0.000000 0.000000 0.000000 0.000000 0.000000 0.000000 0.000000 -0.000184 -0.000425 -0.000432 -0.000024 -0.000000 0.000004 0.000032 -0.000268 -0.000086 -0.000023 0.000000 0.000081 0.000143 0.000179 0.002288 0.001673 0.000134 -0.000510 -0.000039 0.000000 0.000032 0.000147 0.151197 0.037479 -0.007621 -0.036306 -0.029564 -0.024377 -0.019627 -0.000553 -0.000047 -0.000012 -0.000056 -0.000093 -0.000127 -0.000053 0.000000 0.000121 0.001972 -0.000201 -0.000000 0.000012 0.000030 -0.000000 -0.016539 -0.095627 -0.051177 -0.035326 -0.000134 -0.000089 -0.000047
0.000000 0.000000 0.000000 0.000000 0.000000 0.000000 0.000000 0.000000 0.000000 0.000000 -0.000025 -0.000062 -0.000112 -0.000063 -0.000004 0.000000 0.000014 -0.000141 -0.000055 -0.000016 0.000000 0.000026 0.000045 0.000055 0.001633 0.000748 0.000000 -0.000510 -0.000093 0.000000 0.000012 0.000066 0.001441 -0.013588 -0.030570 -0.043719 -0.044202 -0.036197 -0.018043 0.001301 0.008635 -0.013326 -0.000285 -0.000054 -0.000000 -0.000000 0.000000 0.000013 -0.040173 -0.020249 -0.019357 -0.042924 -0.029695 -0.037654 -0.035841 -0.000060 -0.000039 -0.000071 -0.000108 -0.000070 -0.000041
0.000000 0.000000 0.000000 0.000000 0.000000 0.000000 0.000000 0.000000 0.000000 0.000000 -0.000039 -0.000044 -0.000069 -0.000056 -0.000007 0.000000 0.000015 -0.000041 -0.000024 0.000000 0.000007 0.000063 0.000130 0.001331 0.001890 0.000000 0.000015 0.000014 -0.000031 0.000000 0.000033 0.000043 0.000087 0.019412 -0.004686 -0.025430 -0.049378 -0.050555 -0.052096 -0.060975 -0.044590 -0.024302 -0.024312 -0.000024 -0.000000 0.000019 -0.005311 -0.016565 -0.029918 -0.018591 -0.000166 -0.000163 -0.000184 -0.000114 -0.000040 -0.000012 -0.000000 0.000000 -0.000046 -0.000027 -0.000018
