use_cases/Flooding/flood_case/output/hUx_5400.asc
ncols 269
nrows 269
xllcorner 0.000000
yllcorner 0.000000
cellsize 10.000000
NODATA_value -9999.000000
[rows 108 to 134 of 269, columns 180 to 239 of 269]
0.000006 -0.000005 -0.000003 0.000000 0.000001 -0.000008 -0.000002 -0.000001 -0.000000 0.000002 0.000004 0.000005 0.000052 -0.000083 -0.000322 -0.000383 -0.000157 -0.000147 -0.000242 -0.000033 -0.000043 -0.000012 -0.000008 -0.000005 -0.000004 -0.000002 -0.000001 0.000000 0.000001 -0.000001 -0.000001 0.000000 0.000000 0.000008 0.000010 0.000003 0.000000 0.000000 0.000000 0.000001 0.000002 0.000008 0.010780 -0.000082 -0.000040 -0.000008 -0.000001 -0.000000 0.000001 -0.000015 -0.000016 -0.000007 -0.000009 -0.000005 -0.000002 0.000000 0.000001 0.000012 -0.000093 -0.000292
0.000011 -0.000008 -0.000002 0.000000 -0.000006 -0.000012 -0.000003 -0.000000 0.000001 0.000006 0.000007 0.000023 -0.000126 -0.000100 -0.000004 -0.000009 -0.000007 -0.000000 -0.000050 -0.000060 -0.000013 -0.000008 -0.000005 -0.000002 -0.000002 -0.000003 -0.000000 0.000000 0.000001 0.000002 -0.000002 -0.000001 0.000000 0.000001 0.000002 0.000000 0.000002 0.000008 0.000004 0.000005 0.000007 0.000005 0.000746 -0.000018 -0.000016 -0.000009 -0.000003 -0.000000 0.000002 0.000003 -0.000007 -0.000018 -0.000020 -0.000009 -0.000002 0.000000 0.000002 0.000001 -0.000008 -0.000016
-0.000018 -0.000003 -0.000000 0.000000 -0.000017 -0.000008 -0.000001 -0.000000 0.000003 0.000007 0.000005 -0.000161 -0.000182 -0.000082 -0.000009 -0.000005 -0.000008 -0.000009 -0.000012 -0.000008 -0.000008 -0.000003 -0.000002 -0.000000 -0.000001 -0.000000 -0.000000 0.000001 0.000003 0.000001 -0.000019 -0.000045 -0.000022 -0.000004 0.000000 0.000001 0.000005 0.000005 0.000008 0.000009 0.000013 0.002580 -0.004115 -0.000014 -0.000011 -0.000007 -0.000003 -0.000000 0.000002 0.000000 -0.000003 -0.000003 -0.000007 -0.000005 -0.000001 0.000000 0.000002 -0.000009 -0.000007 -0.000008
-0.000021 -0.000003 -0.000000 -0.000001 -0.000005 -0.000002 -0.000000 0.000001 0.000004 0.000029 -0.000242 -0.000183 -0.000064 -0.000031 -0.000016 -0.000012 -0.000004 -0.000008 -0.000008 -0.000005 -0.000004 -0.000003 -0.000000 0.000000 0.000002 -0.000000 0.000001 0.000002 -0.000006 -0.000136 -0.000061 -0.000011 -0.000006 -0.000003 0.000000 0.000001 0.000002 0.000008 0.000015 0.000017 0.000094 -0.023569 -0.000010 -0.000009 -0.000004 -0.000003 -0.000002 -0.000001 -0.000003 -0.000003 -0.000000 0.000000 0.000001 0.000001 -0.000006 -0.000003 -0.000002 -0.000003 -0.000002 -0.000002
-0.000001 -0.000000 0.000000 -0.000011 -0.000004 -0.000000 0.000000 0.000001 -0.000000 -0.000141 -0.000107 -0.000059 -0.000049 -0.000035 -0.000019 -0.000018 -0.000007 -0.000002 -0.000001 0.000000 -0.000008 -0.000002 -0.000000 0.000001 0.000005 -0.000000 0.000018 -0.030555 -0.000231 -0.000008 -0.000009 -0.000008 -0.000002 -0.000001 0.000000 0.000002 0.000010 0.000039 0.000081 0.000108 0.000057 -0.000464 -0.000004 -0.000006 -0.000010 -0.000008 -0.000007 -0.000008 -0.000010 -0.000002 0.000000 0.000002 0.000005 0.000005 0.000005 -0.000004 -0.000004 -0.000005 -0.000006 -0.000007
-0.000000 0.000000 0.000001 0.000003 -0.000002 -0.000001 -0.000000 0.000000 -0.000016 -0.000061 -0.000069 -0.000063 -0.000047 -0.000030 -0.000019 -0.000017 -0.000010 -0.000005 -0.000000 0.000000 -0.000009 -0.000002 -0.000000 0.000002 0.000044 -0.000052 -0.000277 -0.000009 -0.000007 -0.000003 -0.000003 -0.000003 -0.000003 -0.000000 0.000000 0.000001 0.000004 0.000008 0.000013 0.000012 0.000013 0.002426 -0.033494 -0.000012 -0.000016 -0.000015 -0.000011 -0.000010 -0.000008 -0.000001 0.000000 0.000002 0.000005 0.000004 -0.000878 -0.000475 -0.000684 -0.000890 -0.000431 -0.000366
-0.000651 -0.002235 -0.002924 -0.001293 -0.002863 -0.003077 -0.000543 -0.000188 -0.001573 -0.000298 -0.000232 -0.000132 -0.000074 -0.000051 -0.000035 -0.000037 -0.000027 -0.000007 -0.000000 0.000001 0.000001 -0.000001 0.000000 0.000002 -0.007985 -0.000212 -0.000004 -0.000003 -0.000004 -0.000005 -0.000002 -0.000000 0.000001 0.000002 -0.000001 -0.000002 0.000000 0.000001 0.000004 0.000007 0.000012 0.000138 -0.000118 -0.001153 -0.001767 -0.001567 -0.000016 -0.000010 -0.000004 -0.000000 0.000001 0.000077 -0.001503 -0.000796 -0.000621 -0.000016 -0.000031 -0.000050 -0.000100 -0.000287
-0.000051 -0.000092 -0.000014 -0.000002 -0.000000 0.000000 -0.000000 0.000000 -0.000037 -0.000039 -0.000054 -0.000012 -0.000029 -0.000021 -0.000016 -0.000013 -0.000011 -0.000003 -0.000000 0.000001 0.000012 0.000063 -0.000122 -0.000545 -0.000009 -0.000005 -0.000009 -0.000006 -0.000003 -0.000000 -0.000000 0.000001 0.000003 0.000005 -0.000008 -0.000011 -0.000005 0.000000 0.000001 0.000011 0.000026 0.000085 -0.000020 -0.000039 -0.000017 -0.000030 -0.017036 -0.001223 -0.000004 -0.000000 -0.010361 -0.002938 -0.000783 -0.000008 -0.000005 -0.000006 -0.000007 -0.000004 -0.000006 -0.000009
-0.000002 -0.000006 -0.000014 -0.000004 -0.000000 0.000000 0.000000 0.000001 0.000001 -0.000021 -0.000069 -0.000182 -0.000156 -0.000100 -0.000020 -0.000016 -0.000012 -0.000004 -0.000000 0.000002 0.000013 -0.000163 -0.000201 -0.000004 -0.000004 -0.000004 -0.000003 -0.000004 -0.000004 -0.000002 -0.000000 0.000002 0.000005 0.000004 -0.000013 -0.000013 -0.000011 -0.000004 0.000000 0.000005 0.000011 0.000013 -0.000012 -0.000014 -0.000003 -0.000000 0.000000 -0.000089 -0.000679 -0.001328 -0.001751 -0.000011 -0.000008 -0.000005 -0.000001 -0.000001 -0.000001 0.000000 -0.000003 -0.000004
0.000002 0.000001 -0.000004 -0.000031 -0.000002 0.000000 0.000001 0.000003 0.000007 -0.000026 -0.000012 -0.000010 -0.000020 -0.000040 -0.000052 -0.000021 -0.000010 -0.000002 0.000000 0.000002 0.000074 -0.000362 -0.000054 -0.000007 -0.000002 -0.000000 0.000001 -0.000010 -0.000006 -0.000001 -0.000000 0.000004 0.000006 -0.000056 -0.000059 -0.000109 -0.000055 -0.000006 -0.000000 0.000002 0.000006 -0.000000 -0.000006 -0.000010 -0.000011 -0.000002 -0.000000 -0.000000 -0.000001 -0.000001 -0.000001 -0.000004 -0.000002 -0.000002 -0.000000 -0.000002 -0.000001 -0.000002 -0.000015 -0.000016
0.000001 0.000005 0.000041 -0.000043 -0.000003 0.000000 0.000000 0.000003 0.000009 -0.000004 -0.000010 -0.000002 -0.000001 -0.000001 -0.000002 -0.000001 -0.000000 0.000000 0.000000 0.000053 -0.090445 -0.000109 -0.000032 -0.000009 -0.000003 -0.000000 0.000001 -0.000041 -0.000004 -0.000000 0.000000 0.000003 0.000024 -0.000328 -0.000110 -0.000023 -0.000023 -0.000020 -0.000001 -0.000000 -0.000002 -0.000003 -0.000006 -0.000007 -0.000010 -0.000007 -0.000002 -0.000004 -0.000001 0.000000 0.000002 0.000003 0.000004 0.000003 -0.000000 0.000000 -0.000008 -0.000011 -0.000018 -0.000009
0.000003 0.000008 0.000010 -0.000030 -0.000002 -0.000000 0.000000 0.000006 0.000013 0.000005 0.000009 0.001876 0.000009 0.006892 0.053430 0.161074 0.166533 0.071837 -0.113804 -0.235288 -0.168063 -0.001090 -0.000034 -0.000010 -0.000001 -0.000000 -0.000001 -0.000011 -0.000003 -0.000000 0.000001 -0.000012 -0.000399 -0.000011 -0.000013 -0.000014 -0.000009 -0.000004 -0.000004 -0.000002 -0.000004 -0.000008 -0.000010 -0.000006 -0.000008 -0.000008 -0.000006 -0.000002 0.000000 0.000002 0.000007 0.000008 0.000012 0.000011 0.000003 -0.000110 -0.000360 -0.000310 -0.000018 -0.000013
0.000003 0.000007 0.000009 -0.000024 -0.000004 -0.000000 0.000002 0.000007 0.000005 0.000004 0.000014 0.000033 0.008079 -0.010657 0.005808 0.054513 -0.013201 -0.084780 -0.174266 -0.098458 -0.093851 -0.292498 -0.000008 -0.000001 -0.000000 0.000001 0.000033 -0.000015 -0.000008 -0.000005 -0.000022 -0.000344 -0.000009 -0.000004 -0.000004 -0.000004 -0.000004 -0.000008 -0.000009 -0.000007 -0.000007 -0.000003 -0.000004 -0.000004 -0.000006 -0.000003 -0.000002 0.000000 0.000001 0.000006 0.000011 0.000012 0.000008 0.000011 -0.015407 -0.000687 -0.000089 -0.000099 -0.000418 -0.000325
0.000003 0.000012 0.000017 -0.000016 -0.000008 -0.000000 0.000000 0.000005 0.000026 0.000026 0.000034 0.000040 0.000035 0.002676 -0.034168 -0.188127 -0.151826 0.031290 0.272442 0.531615 0.555198 0.461430 0.254620 0.059749 0.014757 -0.221823 -0.439050 -0.154763 -0.050538 -0.037360 -0.000110 -0.000125 -0.000006 -0.000013 -0.000015 -0.000009 -0.000010 -0.000015 -0.000022 -0.000017 -0.000009 -0.000008 -0.000011 -0.000006 -0.000002 -0.000000 -0.000000 0.000000 0.000002 0.000010 0.000019 0.000015 0.000008 -0.000315 -0.000685 -0.000027 -0.000030 -0.000005 -0.000000 -0.000005
0.000002 0.000006 0.000008 0.000016 -0.000006 -0.000001 0.000000 0.000003 0.000011 0.000011 0.000010 0.000014 0.000016 0.000019 0.000032 0.000061 0.000181 0.000260 0.015535 -0.120480 -0.254833 -0.111681 -0.351076 -0.123944 -0.051868 0.165760 0.318248 0.061866 0.014318 -0.016760 -0.116408 -0.000074 -0.000018 -0.000018 -0.000027 -0.000032 -0.000034 -0.000041 -0.000018 -0.000009 -0.000008 -0.000009 -0.000013 -0.000005 -0.000000 0.000000 0.000003 0.000003 0.000000 0.000003 0.000009 0.000014 -0.000314 -0.000953 -0.000017 -0.000016 -0.000025 -0.000019 -0.000001 -0.000000
-0.000000 0.000002 0.000007 0.000025 -0.000005 -0.000002 0.000000 0.000003 0.000009 0.000009 0.000003 0.000009 0.000017 0.000022 0.000048 0.000095 0.000063 0.000021 0.000009 0.000007 0.121765 -0.172550 -0.114992 -0.091611 -0.051311 -0.038991 -0.000006 -0.000001 0.000000 0.000002 -0.001397 -0.012317 -0.000024 -0.000037 -0.000046 -0.000046 -0.000017 -0.000011 -0.000014 -0.000005 -0.000000 -0.000006 -0.000011 -0.000007 -0.000001 0.000000 0.000003 0.000016 0.000010 0.000008 0.000010 0.000701 -0.001017 -0.000014 -0.000013 -0.000014 -0.000015 -0.000010 -0.000006 -0.000000
-0.000001 0.000000 0.000004 0.000043 -0.000014 -0.000003 0.000000 0.000003 0.000011 0.000021 0.000021 0.000009 0.000011 0.000023 0.000024 0.000040 0.000041 -0.000000 0.000000 0.000002 0.000007 0.396250 0.065746 0.063659 -0.013005 -0.000010 -0.000004 -0.000000 0.000000 0.000003 0.000009 0.044192 -0.035490 -0.000037 -0.000040 -0.000019 -0.000009 -0.000005 -0.000005 -0.000001 -0.000000 -0.000037 -0.000025 -0.000013 -0.000001 0.000000 0.000001 0.000010 0.000020 0.000659 -0.052932 -0.002058 -0.000010 -0.000009 -0.000008 -0.000004 -0.000005 -0.000004 -0.000004 -0.000004
-0.000004 0.000000 0.000003 0.000004 -0.000011 -0.000006 0.000000 0.000000 0.000006 0.000015 0.000013 0.000026 0.000011 0.000014 0.000064 0.000013 -0.000004 -0.000002 0.000000 0.000003 0.000008 0.000011 0.335257 0.225914 -0.000452 -0.000024 -0.000013 -0.000002 0.000000 0.000003 0.000009 0.000012 0.015940 -0.010610 -0.007606 -0.000017 -0.000003 -0.000001 -0.000001 -0.000000 0.000000 -0.000047 -0.000015 -0.000007 -0.000002 0.000000 0.000002 0.000011 0.000013 -0.000361 -0.000007 -0.000002 -0.000003 -0.000003 -0.000004 -0.000010 -0.000012 -0.000011 -0.000011 -0.000008
-0.000006 -0.000001 -0.000001 -0.000000 -0.000002 -0.000003 0.000000 0.000001 0.000012 0.000015 0.000019 0.000026 0.000020 0.000038 -0.000015 -0.000005 -0.000002 -0.000000 0.000000 0.000002 0.000003 0.000004 0.006993 0.008940 -0.000022 -0.000012 -0.000009 -0.000003 0.000000 0.000003 0.000008 0.000011 0.000013 0.001254 -0.155827 -0.013959 -0.000004 -0.000003 -0.000002 -0.000000 -0.000016 -0.000052 -0.000016 -0.000015 -0.000006 -0.000000 0.000000 0.000006 0.000442 -0.001530 -0.000005 -0.000009 -0.000014 -0.000011 -0.000018 -0.000029 -0.000039 -0.000072 -0.000053 -0.000019
-0.000013 -0.000011 -0.000006 -0.000005 -0.000006 -0.000002 0.000000 0.000000 0.000006 0.000013 0.000027 0.000025 0.000008 -0.000023 -0.000014 -0.000002 0.000000 0.000000 0.000003 0.000007 0.000011 0.000244 0.000153 0.040676 -0.000004 -0.000005 -0.000004 -0.000002 0.000000 0.000001 0.000006 0.000009 0.000011 0.000006 0.000006 0.005380 -0.009824 -0.007016 -0.005275 -0.002500 -0.005656 -0.010833 -0.008436 -0.000011 -0.000005 -0.000000 0.000106 -0.076171 -0.003394 -0.000126 -0.000253 -0.000368 -0.000450 -0.000232 -0.000230 -0.000225 -0.000074 -0.000011 -0.000006 -0.000002
-0.001352 -0.001121 -0.000011 -0.000012 -0.000012 -0.000007 -0.000003 0.000000 0.000001 0.000008 0.000057 0.000022 0.000004 -0.000015 -0.000016 -0.000001 0.000000 0.000001 0.000019 0.000391 0.000429 0.000063 0.000045 0.003593 -0.258805 -0.000012 -0.000010 -0.000006 -0.000001 0.000000 0.000002 0.000006 0.000009 0.000006 0.000006 0.000007 0.000007 -0.000028 -0.000004 -0.000001 0.000000 0.000041 -0.044840 -0.014250 -0.000387 -0.000559 -0.002158 -0.000010 -0.000005 -0.000001 -0.000001 -0.000003 -0.000007 -0.000021 -0.000016 -0.000012 -0.000007 -0.000006 -0.000001 -0.000000
-0.000021 -0.000023 -0.002087 -0.000967 -0.000643 -0.000015 -0.000014 -0.000003 0.000000 0.000009 0.000612 -0.000000 0.000001 0.000001 -0.000040 -0.000006 0.000000 0.000001 0.000003 0.000296 0.000000 0.000003 0.000018 0.000016 0.004059 -0.235754 -0.000013 -0.000010 -0.000004 -0.000001 0.000000 0.000001 0.000002 0.000003 0.000005 0.000007 0.000004 -0.000017 -0.000018 -0.000002 0.000000 0.000002 0.000016 0.002575 -0.019267 -0.016739 -0.000004 -0.000004 -0.000003 -0.000002 -0.000000 0.000001 0.000002 -0.000006 -0.000010 -0.000011 -0.000008 -0.000001 -0.000000 0.000003
-0.000003 -0.000000 0.000001 -0.000015 -0.000124 -0.001748 -0.000015 -0.000012 0.000000 0.000003 0.000011 -0.000001 -0.000000 0.000001 0.000001 -0.000001 0.000000 0.000004 0.000241 0.000049 0.000000 0.000008 0.000017 0.000012 0.000008 0.005518 -0.345464 -0.000014 -0.000009 -0.000010 -0.000008 -0.000004 -0.000001 0.000000 0.000002 0.000004 0.000005 0.000010 -0.000015 -0.000002 0.000000 0.000003 0.000019 0.000018 0.000008 -0.001059 -0.007471 -0.000010 -0.000012 -0.000008 -0.000001 0.000000 0.000000 -0.000003 -0.000005 -0.000004 -0.000001 -0.000000 0.000002 0.000004
-0.000004 -0.000000 -0.000004 -0.000001 0.000000 -0.000833 -0.000012 -0.000002 0.000000 0.000001 0.000001 -0.000000 -0.000000 0.000000 0.000002 0.000004 0.000012 0.000115 0.033743 0.000000 0.000004 0.000007 0.000005 0.000003 0.000003 0.000004 0.120392 -0.000182 -0.000015 -0.000016 -0.000014 -0.000010 -0.000009 -0.000004 -0.000000 -0.000000 0.000003 0.000005 -0.000006 -0.000001 0.000000 0.000005 0.000049 0.000004 0.000001 0.000008 0.001890 -0.005209 -0.000012 -0.000010 -0.000006 -0.000005 -0.000008 -0.000010 -0.000002 -0.000001 -0.000000 0.000001 0.000002 0.000008
-0.000001 -0.000004 -0.000009 -0.000001 0.000000 0.000095 -0.111759 -0.000012 -0.000004 -0.000002 -0.000002 -0.000002 -0.000000 0.000000 0.000003 0.000008 0.000011 0.000097 0.000022 0.000000 0.000002 0.000003 0.000003 0.000010 0.000011 0.000249 0.010936 -0.000132 -0.000271 -0.000291 -0.000314 -0.000181 -0.000187 -0.000075 -0.000008 -0.000001 -0.000000 0.000003 0.000017 -0.000000 0.000000 0.000012 0.000029 0.000000 0.000001 0.000009 0.000042 0.005416 -0.022287 -0.005821 -0.000010 -0.000010 -0.000008 -0.000012 -0.000004 -0.000000 0.000000 0.000001 0.000002 0.000008
-0.000001 -0.000000 -0.000001 -0.000001 0.000000 0.000028 -0.002031 -0.000009 -0.000011 -0.000010 -0.000005 -0.000002 -0.000001 0.000000 0.000002 0.000018 0.000065 0.000085 -0.000001 0.000000 0.000002 0.000007 0.000266 0.000549 0.000392 0.000150 0.001021 -0.000013 -0.000015 -0.000018 -0.000018 -0.000011 -0.000014 -0.000028 -0.000048 -0.000013 -0.000000 0.000000 0.000002 0.000000 0.000002 0.000013 0.000001 0.000000 0.000001 0.000024 0.000053 0.000033 0.000033 -0.011107 -0.035346 -0.011751 -0.005479 -0.000009 -0.000003 -0.000000 0.000000 0.000001 0.000001 0.000003
-0.000004 -0.000003 -0.000000 0.000000 0.000002 0.000072 0.000496 -0.000426 -0.000477 -0.000481 -0.000260 -0.000011 -0.000005 0.000000 0.000004 0.000017 0.000028 0.000031 0.000000 0.000002 0.000012 0.000569 0.000245 0.000096 0.000056 0.000025 0.004793 -0.000013 -0.000024 -0.000020 -0.000016 -0.000014 -0.000011 -0.000010 -0.000013 -0.000012 -0.000006 -0.000000 0.000000 0.000000 0.000010 0.000029 -0.000002 0.000000 0.000004 0.000117 0.000032 0.000000 0.000004 0.000147 -0.000003 -0.000000 -0.001231 -0.011601 -0.003858 -0.002273 -0.004411 -0.002380 -0.002579 -0.008108
