use_cases/Flooding/flood_case/output/hUx_5400.asc
ncols 269
nrows 269
xllcorner 0.000000
yllcorner 0.000000
cellsize 10.000000
NODATA_value -9999.000000
[rows 135 to 161 of 269, columns 120 to 179 of 269]
-0.000018 -0.000015 -0.000015 -0.000008 -0.000003 -0.000001 -0.000000 0.000002 0.000003 -0.000137 -0.000092 -0.000025 -0.000000 0.000004 0.000005 -0.000103 -0.000008 -0.000000 -0.000016 -0.000006 0.000000 0.000006 0.000007 0.000861 -0.000164 -0.000663 -0.000017 -0.000013 -0.000008 -0.000005 -0.000002 -0.000000 0.000004 0.000018 -0.000007 -0.000003 0.000000 0.000002 -0.000054 -0.000010 -0.000004 0.000000 0.000008 0.000055 0.000111 0.000195 0.000277 0.000334 -0.000347 -0.000029 -0.000022 -0.000007 -0.000000 0.000004 0.000019 0.000048 -0.000039 -0.000093 -0.000718 -0.000166
-0.000005 -0.000008 -0.000010 -0.000003 -0.000002 -0.000000 0.000002 0.000074 -0.010601 -0.000244 -0.000009 -0.000002 -0.000000 0.000008 0.000049 -0.000052 -0.000000 -0.000007 -0.000019 -0.000007 0.000000 0.000002 0.000011 0.000734 -0.000174 -0.000014 -0.000013 -0.000005 -0.000002 0.000000 0.000000 0.000005 0.000010 -0.000004 -0.000016 -0.000004 0.000000 0.000005 0.000036 -0.000012 -0.000007 -0.000000 0.000000 0.000010 0.000015 0.000017 0.000031 0.000095 -0.000117 -0.000056 -0.000024 -0.000012 -0.000000 0.000001 0.000015 0.000045 -0.000004 0.000000 -0.000138 -0.000131
0.000003 0.000002 0.000001 -0.000000 0.000001 0.000004 0.000070 -0.000289 -0.000016 -0.000010 -0.000005 -0.000000 0.000001 0.000015 0.000185 -0.000032 -0.000000 -0.000049 -0.000029 -0.000009 0.000000 0.000004 0.000015 0.000811 -0.000194 -0.000005 -0.000008 -0.000010 -0.000002 0.000000 0.000002 0.000007 0.000030 -0.000216 -0.000035 -0.000000 0.000001 0.000007 0.000037 -0.000020 -0.000015 -0.000005 0.000000 0.000005 0.000006 0.000006 0.000034 0.000139 -0.000122 -0.000045 -0.000054 -0.000013 -0.000001 0.000000 0.000018 -0.000000 -0.000003 0.000000 -0.000064 -0.000035
0.000002 0.000007 0.000012 0.000006 0.000008 0.000122 -0.022674 -0.000013 -0.000008 -0.000002 -0.000001 -0.000000 0.000003 0.000010 0.000081 -0.000019 -0.000000 -0.160171 -0.000057 -0.000003 0.000000 0.000005 0.000018 0.000421 -0.000008 -0.000008 -0.000003 -0.000005 -0.000002 -0.000000 0.000000 -0.000039 -0.000273 -0.000007 -0.000001 -0.000000 0.000005 0.000199 -0.049547 -0.000122 -0.000079 -0.000027 0.000000 0.000002 0.000054 0.000105 0.000079 0.000231 -0.000041 -0.000018 -0.000037 -0.000027 -0.000000 0.000000 -0.000016 -0.000004 -0.000001 0.000000 -0.000072 -0.000011
0.000008 0.000016 0.000040 0.000043 0.000022 -0.000297 -0.000011 -0.000004 -0.000003 -0.000000 -0.000000 0.000002 0.000007 0.000014 0.000025 -0.000042 -0.000108 -0.000266 -0.000004 -0.000000 0.000000 0.000005 0.000025 0.000265 -0.000010 -0.000000 0.000003 0.000004 -0.000007 -0.000008 -0.000094 -0.000418 -0.000008 -0.000002 0.000000 0.000001 0.000005 -0.000069 -0.000006 -0.000012 -0.000011 -0.000005 -0.000000 0.000013 0.000021 0.000017 0.000013 0.000015 -0.000066 -0.000018 -0.000024 -0.000020 -0.000006 -0.000000 -0.000014 -0.000002 0.000000 0.000002 0.000002 -0.000013
0.000019 0.000000 0.000002 0.000023 0.000142 -0.000417 -0.000006 -0.000006 -0.000000 -0.000000 0.000001 0.000005 0.000013 0.000013 -0.000048 -0.000272 -0.000151 -0.000003 -0.000000 0.000002 0.000006 0.000013 0.000014 0.001019 -0.000000 0.000000 0.000400 -0.017687 -0.006827 -0.005098 -0.000144 -0.000005 -0.000003 -0.000000 -0.000000 0.000000 0.000005 -0.000219 -0.000012 -0.000005 -0.000004 -0.000002 -0.000000 0.000003 0.000006 0.000003 0.000009 0.000019 -0.000023 -0.000036 -0.000016 -0.000022 -0.000023 -0.000005 -0.000006 -0.000004 0.000000 0.000005 0.000005 -0.000009
0.000047 0.000000 0.000004 0.000019 0.000038 -0.000095 -0.000006 -0.000000 0.000001 0.000004 0.000007 0.000008 0.000000 0.000291 -0.002992 -0.000008 -0.000003 -0.000000 0.000000 0.000007 0.000012 0.000015 0.000023 0.071793 -0.000383 -0.004432 -0.004460 -0.000004 0.000000 -0.000731 -0.004676 -0.000011 -0.000004 -0.000000 0.000001 0.000002 0.000003 -0.000448 -0.000018 -0.000019 -0.000014 -0.000007 -0.000001 0.000000 0.000000 0.000002 0.000007 0.000019 0.000005 -0.000011 -0.000022 -0.000030 -0.000021 -0.000023 -0.000015 -0.000004 0.000000 -0.000000 -0.000000 0.000000
0.000012 0.000000 0.000005 0.000495 -0.000546 -0.000030 -0.000000 0.000002 0.000007 0.000011 0.000004 0.000003 0.000003 -0.000789 -0.000004 0.000000 0.000002 0.000005 0.000006 0.000009 0.040166 -0.004696 -0.004163 -0.003429 -0.001708 -0.000087 -0.000021 -0.000007 -0.000000 0.000003 0.001460 -0.026832 -0.063152 -0.001915 -0.000068 -0.000306 -0.001045 -0.000946 -0.000234 -0.000228 -0.000165 -0.000086 -0.000045 -0.000014 -0.000000 0.000004 0.000010 0.000013 -0.000003 -0.000006 -0.000012 -0.000012 -0.000012 -0.000012 -0.000005 -0.000002 0.000000 -0.000002 -0.000001 0.000000
0.000000 0.000004 -0.042765 -0.000788 -0.000024 -0.000031 -0.000000 0.000004 0.000015 0.000017 0.000001 0.000000 -0.000285 -0.000375 -0.000000 0.000001 0.000006 0.051586 -0.005077 -0.023803 -0.010944 -0.000013 -0.000008 -0.000002 -0.000000 -0.000070 -0.000037 -0.000009 -0.000000 0.000002 0.000008 0.000015 0.000032 -0.006838 -0.061366 -0.000584 -0.000028 -0.000030 -0.000022 -0.000019 -0.000017 -0.000014 -0.000011 -0.000006 -0.000001 0.000000 0.000001 -0.000004 -0.000004 -0.000004 -0.000003 -0.000003 -0.000005 -0.000007 -0.000010 -0.000007 -0.000007 -0.000007 -0.000003 0.000000
0.000037 -0.011567 -0.000016 -0.000009 -0.000003 0.000000 0.000004 0.000013 0.004114 -0.011101 -0.012543 -0.017677 -0.009025 -0.000061 -0.000000 -0.000542 -0.007177 -0.003355 -0.000009 -0.000033 -0.000195 -0.000010 -0.000014 -0.000008 -0.000000 -0.000008 -0.000027 -0.000023 -0.000002 0.000000 0.000003 0.000009 0.000017 0.000861 -0.010773 -0.000018 -0.000019 -0.000020 -0.000017 -0.000013 -0.000010 -0.000004 -0.000003 -0.000003 -0.000002 0.000000 0.000002 -0.000015 -0.000010 -0.000013 -0.000009 -0.000006 -0.000008 -0.000013 -0.000016 -0.000023 -0.000028 -0.000014 -0.000003 0.000000
-0.000093 -0.000012 -0.000010 -0.000004 0.000000 0.000003 0.000009 0.006891 -0.012247 -0.000324 -0.000000 -0.000030 -0.001203 -0.008033 -0.012502 -0.011835 -0.000012 -0.000004 -0.000000 0.000000 -0.000109 -0.000441 -0.000007 -0.000010 -0.000016 -0.000011 -0.000022 -0.000008 -0.000002 0.000000 0.000004 0.000005 0.000013 0.001469 -0.000422 -0.000014 -0.000011 -0.000015 -0.000013 -0.000005 -0.000004 -0.000000 -0.000008 -0.000005 -0.000000 0.000000 0.000003 0.000017 -0.000252 -0.000260 -0.000232 -0.000257 -0.000232 -0.000121 -0.000074 -0.000042 -0.000009 -0.000006 -0.000003 -0.000000
-0.000274 -0.000005 -0.000002 0.000000 0.000003 0.000009 0.006276 -0.034256 -0.000010 -0.000005 -0.000000 0.000001 0.000005 0.000007 0.000007 -0.000959 -0.000006 -0.000004 -0.000000 0.000000 0.000006 0.000028 -0.000280 -0.000158 -0.000046 -0.000019 -0.000019 -0.000009 -0.000000 0.000000 0.000006 0.000013 0.000009 0.001514 -0.000867 -0.000004 -0.000004 -0.000005 -0.000005 -0.000006 -0.000003 -0.000004 -0.000013 -0.000003 -0.000000 0.000003 0.000037 -0.000178 -0.000009 -0.000014 -0.000014 -0.000010 -0.000009 -0.000011 -0.000002 0.000000 0.000004 0.000008 0.000006 -0.000007
-0.003322 -0.000005 -0.000000 0.000003 0.000005 0.003551 -0.009156 -0.003579 -0.000005 -0.000004 -0.000002 -0.000000 0.000001 0.000005 0.000009 0.000054 -0.000857 -0.000017 -0.000008 -0.000000 0.000004 -0.000005 -0.000099 -0.000034 -0.000036 -0.000031 -0.000011 -0.000006 0.000000 0.000002 0.000015 0.000071 0.000145 0.000050 -0.000716 -0.001405 -0.000009 -0.000014 -0.000006 -0.000000 -0.008002 -0.000825 -0.000818 -0.000555 -0.000126 -0.000650 -0.000368 -0.000357 -0.000068 -0.000027 -0.000008 -0.000006 -0.000003 -0.000001 -0.000000 0.000002 0.000009 0.000013 0.000011 -0.000218
-0.011474 -0.000338 -0.000035 -0.003118 -0.029606 -0.009998 -0.000027 -0.000093 -0.000400 -0.000012 -0.000010 -0.000005 -0.000001 -0.000000 0.000002 0.000006 -0.000654 -0.000045 -0.000007 -0.000000 0.000002 0.000006 -0.000043 -0.000044 -0.000029 -0.000023 -0.000016 -0.000004 0.000000 0.000006 0.000023 0.000026 0.000026 0.000006 0.000010 -0.000110 -0.000621 -0.000908 -0.001831 -0.001224 -0.001113 -0.000016 -0.000006 -0.000002 -0.000009 -0.000004 -0.000000 -0.000039 -0.000017 -0.000015 -0.000012 -0.000004 -0.000001 0.000000 0.000003 0.000007 0.000013 0.000010 -0.000228 -0.000537
-0.000687 -0.006145 -0.015517 -0.014702 -0.000021 -0.000010 -0.000003 -0.000000 -0.000070 -0.000313 -0.000155 -0.000075 -0.000012 -0.000000 0.000000 0.000009 -0.000100 -0.000006 -0.000003 -0.000002 -0.000002 -0.000000 -0.000004 -0.000013 -0.000019 -0.000015 -0.000006 -0.000002 0.000000 0.000001 0.000008 0.000012 0.000010 0.000011 -0.000013 -0.000003 -0.000000 0.000000 -0.000042 -0.000030 -0.000020 -0.000015 -0.000008 -0.000002 -0.000002 -0.000002 -0.000000 -0.000017 -0.000009 -0.000006 -0.000002 -0.000001 -0.000000 0.000002 0.000006 0.000013 0.000016 -0.001962 -0.000707 -0.000038
-0.000000 -0.000000 0.000000 -0.000096 -0.000053 -0.000012 -0.000004 -0.000000 0.000003 -0.000014 -0.000027 -0.000044 -0.000039 -0.000007 0.000000 0.000006 -0.000194 -0.000029 -0.000025 -0.000055 -0.000116 -0.000018 -0.000012 -0.000015 -0.000012 -0.000009 -0.000002 0.000000 0.000002 0.000004 0.000004 0.000004 0.000003 0.000009 -0.000004 -0.000004 -0.000001 0.000000 -0.000002 -0.000026 -0.000012 -0.000011 -0.000005 -0.000001 0.000000 -0.000002 -0.000004 -0.000005 -0.000004 -0.000001 -0.000000 0.000000 0.000001 0.000004 0.000011 0.000017 0.000200 -0.000828 -0.000026 -0.000027
-0.000009 -0.000001 -0.000000 -0.000063 -0.000072 -0.000008 -0.000007 -0.000000 0.000001 -0.000007 -0.000009 -0.000018 -0.000017 -0.000007 -0.000000 0.000007 0.000236 -0.014687 -0.000322 -0.000227 -0.000080 -0.000055 -0.000024 -0.000009 -0.000008 -0.000005 0.000000 0.000001 0.000005 0.000008 -0.000016 -0.000004 -0.000000 -0.000003 -0.000007 -0.000006 -0.000001 0.000000 0.000000 -0.000027 -0.000016 -0.000008 -0.000002 0.000000 0.000002 -0.000026 -0.000004 -0.000002 0.000000 0.000002 0.000005 0.000006 0.000008 0.000008 0.000010 0.000013 -0.000899 -0.000011 -0.000018 -0.000017
-0.000010 -0.000002 -0.000000 0.000002 -0.000089 -0.000099 -0.000022 -0.000003 -0.000000 -0.000012 -0.000013 -0.000014 -0.000011 -0.000006 -0.000000 0.000006 0.000039 -0.000005 -0.000004 -0.000042 -0.000106 -0.000021 -0.000010 -0.000006 -0.000003 -0.000002 0.000000 0.000004 0.000010 0.000029 -0.000023 -0.000004 -0.000005 -0.000010 -0.000012 -0.000006 0.000000 0.000001 -0.000005 -0.000005 -0.000005 -0.000003 -0.000001 0.000000 -0.000002 -0.000001 0.000000 -0.000000 0.000000 0.000003 0.000008 0.000012 0.000014 0.000009 0.000009 -0.000104 -0.000568 -0.000013 -0.000007 -0.000006
-0.000004 -0.000002 -0.000000 -0.000000 -0.000000 -0.000026 -0.000017 -0.000014 -0.000010 -0.000010 -0.000007 -0.000010 -0.000009 -0.000003 -0.000000 0.000003 0.000005 0.000009 0.000000 0.000000 -0.000132 -0.000031 -0.000013 -0.000002 0.000000 0.000001 0.000002 0.000007 0.000013 0.000038 -0.000012 -0.000013 -0.000011 -0.000003 -0.000005 -0.000005 0.000000 0.000001 -0.000003 -0.000002 -0.000001 0.000000 0.000001 -0.000004 -0.000003 -0.000000 0.000001 0.000007 0.000007 0.000005 0.000008 0.000022 0.000043 0.000673 -0.002916 -0.001205 -0.000615 -0.000021 -0.000018 -0.000017
-0.000074 -0.000032 -0.000012 -0.000010 -0.000008 -0.000011 -0.000008 -0.000003 -0.000004 -0.000004 -0.000002 -0.000002 -0.000005 -0.000005 -0.000001 0.000000 0.000002 0.000005 -0.000000 0.000000 -0.000031 -0.000013 -0.000004 0.000000 0.000003 0.000005 0.000002 0.000007 0.000013 0.000003 -0.000019 -0.000019 -0.000017 -0.000011 -0.000007 -0.000001 0.000000 -0.000001 -0.000003 -0.000002 -0.000000 0.000000 0.000003 -0.000010 -0.000005 -0.000000 0.000002 0.000010 0.000019 0.000000 0.000006 0.000030 0.000020 -0.009075 -0.000056 -0.000072 -0.000135 -0.000239 -0.000132 -0.000069
-0.000009 -0.000004 -0.000002 -0.000004 -0.000002 -0.000002 -0.000002 -0.000004 -0.000003 -0.000001 -0.000000 -0.000000 -0.000028 -0.000037 -0.000008 0.000000 -0.000002 -0.000001 -0.000000 0.000001 -0.000011 -0.000012 -0.000001 0.000000 0.000004 0.000010 0.000005 0.000009 0.000302 -0.002965 -0.000207 -0.000182 -0.000138 -0.000043 -0.000006 -0.000000 0.000001 0.000006 -0.000003 -0.000001 -0.000000 0.000001 0.000002 -0.000038 -0.000005 -0.000000 0.000002 0.000016 0.000029 0.000003 0.000000 0.000010 0.070075 -0.001677 -0.000017 -0.000018 -0.000024 -0.000030 -0.000024 -0.000016
-0.000004 -0.000001 0.000000 0.000001 0.000006 0.000005 0.000005 0.000011 -0.000004 -0.000004 -0.000004 -0.000028 -0.000031 -0.000007 -0.000006 -0.000007 -0.000007 -0.000002 -0.000001 0.000000 0.000001 0.000007 -0.000000 0.000001 0.000011 0.000016 0.000008 0.000125 -0.000336 -0.000019 -0.000023 -0.000019 -0.000016 -0.000011 -0.000002 -0.000000 0.000002 0.000012 0.000010 -0.000000 0.000000 0.000000 -0.000030 -0.000050 -0.000008 0.000000 0.000003 0.000010 0.000019 0.000032 0.000000 0.000009 -0.474505 -0.000030 -0.000029 -0.000016 -0.000017 -0.000020 -0.000014 -0.000008
-0.000007 -0.000001 0.000000 0.000002 0.000007 0.000009 0.000365 -0.000375 -0.000587 -0.000551 -0.000579 -0.000403 -0.000055 -0.000047 -0.000076 -0.000182 -0.000076 -0.000008 -0.000009 -0.000012 0.000000 0.000001 0.000002 0.000003 0.000010 0.000019 -0.000158 -0.000668 -0.000018 -0.000020 -0.000017 -0.000010 -0.000005 -0.000001 0.000000 0.000002 0.000009 0.000018 0.000007 -0.000002 -0.000006 -0.000063 -0.000204 -0.000072 -0.000004 0.000000 0.000003 0.000022 0.000036 0.000088 0.000000 -0.094417 -0.002084 -0.000018 -0.000014 -0.000011 -0.000008 -0.000015 -0.000008 -0.000001
-0.000007 -0.000000 0.000001 0.000005 0.000008 -0.000199 -0.000964 -0.000016 -0.000013 -0.000005 -0.000024 -0.000104 -0.000320 -0.000230 -0.000180 -0.000038 -0.000034 -0.000050 -0.000021 -0.000002 0.000000 0.000005 0.000008 0.000003 0.000010 0.000388 -0.000834 -0.000023 -0.000016 -0.000012 -0.000008 -0.000007 -0.000005 -0.000000 0.000002 0.000009 0.000016 0.000019 -0.000009 -0.000107 -0.000323 -0.000195 -0.000009 -0.000003 -0.000001 0.000000 0.000005 0.000012 0.000029 0.000994 -0.001798 -0.002343 -0.000014 -0.000014 -0.000006 -0.000007 -0.000013 -0.000006 -0.000006 0.000000
-0.000002 -0.000000 -0.000012 -0.000137 -0.000737 -0.001147 -0.000023 -0.000023 -0.000015 -0.000011 -0.000007 -0.000011 -0.000013 -0.000013 -0.000014 -0.000007 -0.000001 0.000000 0.000000 0.000000 0.000003 0.000009 0.000015 0.000014 0.000405 -0.001614 -0.000021 -0.000016 -0.000011 -0.000008 -0.000005 -0.000001 0.000000 0.000002 0.000009 0.000017 0.000031 0.000027 -0.000218 -0.000100 -0.000016 -0.000009 -0.000004 -0.000000 0.000002 0.000004 0.000008 0.000021 0.000023 -0.002203 -0.000005 -0.000005 -0.000005 -0.000006 -0.000014 -0.000018 -0.000020 -0.000017 -0.000012 0.000000
-0.000606 -0.000651 -0.000732 -0.000006 -0.000000 -0.000063 -0.000006 -0.000006 -0.000006 -0.000006 -0.000007 -0.000015 -0.000016 -0.000011 -0.000009 -0.000004 0.000000 0.000001 0.000006 0.000008 0.000014 0.000022 0.001027 -0.019173 -0.001935 -0.000019 -0.000014 -0.000011 -0.000006 -0.000003 -0.000002 -0.000000 0.000000 0.000003 0.000008 0.000021 0.000021 0.000483 -0.000632 -0.000146 -0.000012 -0.000004 0.000000 0.000000 0.000008 0.000015 0.000022 0.000037 0.002044 -0.003011 -0.000242 -0.000072 -0.000158 -0.000290 -0.000188 -0.000148 -0.000107 -0.000051 -0.000007 0.000000
0.000187 -0.018785 -0.000987 -0.000007 -0.000008 -0.000019 -0.000123 -0.000082 -0.000130 -0.000072 -0.000050 -0.000027 -0.000011 -0.000004 -0.000003 -0.000001 0.000000 0.000006 0.000020 0.000029 0.000026 0.075485 -0.082458 -0.000027 -0.000026 -0.000015 -0.000009 -0.000006 -0.000002 -0.000002 -0.000004 -0.000001 0.000000 0.000003 0.000038 0.000098 0.000143 0.000183 -0.000021 -0.000021 -0.000008 -0.000002 0.000000 0.000004 0.000015 0.000024 0.000009 0.000017 -0.001023 -0.000092 -0.000134 -0.000300 -0.000213 -0.000024 -0.000021 -0.000027 -0.000024 -0.000014 -0.000003 0.000000
