use_cases/Flooding/flood_case/output/hUx_1800.asc
ncols 269
nrows 269
xllcorner 0.000000
yllcorner 0.000000
cellsize 10.000000
NODATA_value -9999.000000
[rows 162 to 188 of 269, columns 183 to 243 of 269]
0.000019 0.000017 0.001254 -0.000019 -0.000000 0.000000 0.000009 0.000018 0.000021 0.000022 0.010150 -0.015319 -0.002615 -0.002546 -0.002015 -0.002014 -0.002131 -0.000008 -0.000012 -0.000027 -0.000028 -0.000025 -0.000022 -0.000012 -0.000001 0.000000 0.000005 0.000007 -0.000240 -0.000086 -0.000011 -0.000014 -0.000007 -0.000001 -0.000000 0.000003 0.000011 0.000030 0.000000 -0.000065 -0.000057 -0.000000 -9999.000000 -9999.000000 -9999.000000 -9999.000000 -9999.000000 -9999.000000 -9999.000000 -9999.000000 -9999.000000 -9999.000000 -9999.000000 -9999.000000 -9999.000000 -9999.000000 -9999.000000 -9999.000000 -9999.000000 -9999.000000 -9999.000000
0.000027 0.000020 0.209720 -0.000004 -0.000000 0.000007 0.000018 0.000020 0.000988 -0.003344 -0.003953 -0.000011 -0.000011 -0.000018 -0.000035 -0.000050 -0.000089 -0.000190 -0.000113 -0.000010 -0.000013 -0.000022 -0.000016 -0.000008 0.000000 0.000006 0.000010 -0.000016 -0.000148 -0.000011 -0.000016 -0.000018 -0.000008 -0.000000 0.000000 0.000003 0.000010 0.000061 -0.000033 -0.000068 -0.000020 -0.000002 0.000000 -9999.000000 -9999.000000 -9999.000000 -9999.000000 -9999.000000 -9999.000000 -9999.000000 -9999.000000 -9999.000000 -9999.000000 -9999.000000 -9999.000000 -9999.000000 -9999.000000 -9999.000000 -9999.000000 -9999.000000 -9999.000000
0.000020 -0.000028 -0.000006 0.000000 0.000003 0.000014 0.000026 0.001534 -0.003150 -0.000018 -0.000014 -0.000009 -0.000008 -0.000007 -0.000004 -0.000003 -0.000005 -0.000027 -0.000068 -0.000117 -0.000083 -0.000039 -0.000020 -0.000006 0.000000 0.000009 0.000016 -0.000330 -0.000077 -0.000009 -0.000000 -0.000007 -0.000006 -0.000001 0.000000 0.000004 0.000014 -0.000002 -0.000034 -0.000029 -0.000010 -0.000002 0.000000 -9999.000000 -9999.000000 -9999.000000 -9999.000000 -9999.000000 -9999.000000 -9999.000000 -9999.000000 -9999.000000 -9999.000000 -9999.000000 -9999.000000 -9999.000000 -9999.000000 -9999.000000 -9999.000000 -9999.000000 -9999.000000
-0.004689 -0.000078 -0.000001 0.000000 0.000006 0.000020 0.000028 -0.000368 -0.000837 -0.000007 -0.000006 -0.000005 -0.000004 -0.000003 -0.000002 -0.000003 -0.000009 -0.000014 -0.000020 -0.000019 -0.000019 -0.000015 -0.000008 -0.000003 0.000000 0.000011 0.000027 -0.000190 -0.000037 -0.000003 -0.000000 -0.000013 -0.000008 -0.000002 0.000000 0.000003 0.000014 -0.000002 -0.000041 -0.000036 -0.000021 -0.000017 -0.000005 0.000000 -9999.000000 -9999.000000 -9999.000000 -9999.000000 -9999.000000 -9999.000000 -9999.000000 -9999.000000 -9999.000000 -9999.000000 -9999.000000 -9999.000000 -9999.000000 -9999.000000 -9999.000000 -9999.000000 -9999.000000
-0.000008 -0.000002 -0.000000 0.000005 0.000014 0.000024 0.000026 -0.008179 -0.000276 -0.000020 -0.000018 -0.000017 -0.000014 -0.000008 -0.000003 -0.000009 -0.000005 -0.000009 -0.000017 -0.000017 -0.000016 -0.000008 -0.000001 0.000000 0.000004 0.000016 0.000018 -0.000215 -0.000019 -0.000000 0.000000 -0.000009 -0.000010 -0.000006 -0.000001 0.000000 0.000010 0.000110 -0.000083 -0.000136 -0.000071 -0.000014 -0.000000 -9999.000000 -9999.000000 -9999.000000 -9999.000000 -9999.000000 -9999.000000 -9999.000000 -9999.000000 -9999.000000 -9999.000000 -9999.000000 -9999.000000 -9999.000000 -9999.000000 -9999.000000 -9999.000000 -9999.000000 -9999.000000
-0.000003 -0.000000 0.000004 0.000011 0.000018 0.000023 0.013806 -0.001728 -0.000581 -0.000074 -0.000054 -0.000029 -0.000033 -0.000026 -0.000048 -0.000175 -0.000103 -0.000075 -0.000047 -0.000026 -0.000010 -0.000002 -0.000000 0.000003 0.000011 0.000020 0.000020 -0.000128 -0.000005 -0.000000 0.000001 -0.000011 -0.000015 -0.000005 -0.000000 0.000001 0.000005 -0.055663 -0.000129 -0.000006 0.000000 -9999.000000 -9999.000000 -9999.000000 -9999.000000 -9999.000000 -9999.000000 -9999.000000 -9999.000000 -9999.000000 -9999.000000 -9999.000000 -9999.000000 -9999.000000 -9999.000000 -9999.000000 -9999.000000 -9999.000000 -9999.000000 -9999.000000 -9999.000000
-0.000000 0.000000 0.000008 0.000017 0.000018 0.005613 -0.000015 -0.000009 -0.000001 0.000000 0.000002 -0.011886 -0.000090 -0.000173 -0.000156 -0.000020 -0.000022 -0.000017 -0.000012 -0.000005 -0.000003 -0.000000 0.000002 0.000009 0.000016 0.000023 0.000141 -0.000080 -0.000000 0.000000 -0.000094 -0.000186 -0.000015 -0.000000 0.000001 0.000003 -0.003843 -0.000458 -0.000005 0.000000 -9999.000000 -9999.000000 -9999.000000 -9999.000000 -9999.000000 -9999.000000 -9999.000000 -9999.000000 -9999.000000 -9999.000000 -9999.000000 -9999.000000 -9999.000000 -9999.000000 -9999.000000 -9999.000000 -9999.000000 -9999.000000 -9999.000000 -9999.000000 -9999.000000
-0.000000 0.000004 0.000016 0.000021 0.000631 -0.000028 -0.000022 -0.000010 -0.000001 -0.000000 0.000002 0.000007 -0.031289 -0.000050 -0.000007 -0.000006 -0.000005 -0.000005 -0.000007 -0.000009 -0.000003 -0.000000 0.000006 0.000018 0.000028 0.000076 0.000827 -0.000086 -0.000072 -0.000415 -0.000319 -0.000005 -0.000000 0.000003 0.000004 -0.003603 -0.000011 -0.000005 0.000000 -9999.000000 -9999.000000 -9999.000000 -9999.000000 -9999.000000 -9999.000000 -9999.000000 -9999.000000 -9999.000000 -9999.000000 -9999.000000 -9999.000000 -9999.000000 -9999.000000 -9999.000000 -9999.000000 -9999.000000 -9999.000000 -9999.000000 -9999.000000 -9999.000000 -9999.000000
0.000000 0.000006 0.000020 0.006535 -0.000030 -0.000044 -0.000042 -0.000032 -0.000005 -0.000000 0.000000 0.000010 0.000035 -0.000038 -0.000021 -0.000014 -0.000008 -0.000009 -0.000015 -0.000015 -0.000003 0.000000 0.000004 0.000012 0.000024 0.000019 0.000017 0.159977 -0.000137 -0.000009 -0.000002 0.000000 0.000002 0.000004 -0.000012 -0.000009 -0.000005 0.000000 -9999.000000 -9999.000000 -9999.000000 -9999.000000 -9999.000000 -9999.000000 -9999.000000 -9999.000000 -9999.000000 -9999.000000 -9999.000000 -9999.000000 -9999.000000 -9999.000000 -9999.000000 -9999.000000 -9999.000000 -9999.000000 -9999.000000 -9999.000000 -9999.000000 -9999.000000 -9999.000000
0.000001 0.000012 0.000021 -0.004054 -0.000028 -0.000023 -0.000029 -0.000028 -0.000016 -0.000002 0.000000 0.000007 0.000019 0.003062 -0.000019 -0.000008 -0.000000 -0.000026 -0.000022 -0.000008 -0.000002 0.000000 0.000006 0.000037 0.000000 0.000002 0.000004 0.000027 -0.000040 -0.000003 -0.000000 0.000001 0.000004 -0.000048 -0.000038 -0.000003 0.000000 -9999.000000 -9999.000000 -9999.000000 -9999.000000 -9999.000000 -9999.000000 -9999.000000 -9999.000000 -9999.000000 -9999.000000 -9999.000000 -9999.000000 -9999.000000 -9999.000000 -9999.000000 -9999.000000 -9999.000000 -9999.000000 -9999.000000 -9999.000000 -9999.000000 -9999.000000 -9999.000000 -9999.000000
0.000005 0.000015 0.000039 -0.000033 -0.000027 -0.000022 -0.000025 -0.000020 -0.000011 -0.000003 0.000000 0.000005 0.000018 0.000028 0.002988 -0.000018 -0.000027 -0.000047 -0.000021 -0.000013 -0.000001 0.000000 0.000001 0.000005 0.000000 0.000003 0.000009 0.000019 -0.000048 -0.000004 -0.000000 0.000002 -0.005017 -0.000100 0.000000 -9999.000000 -9999.000000 -9999.000000 -9999.000000 -9999.000000 -9999.000000 -9999.000000 -9999.000000 -9999.000000 -9999.000000 -9999.000000 -9999.000000 -9999.000000 -9999.000000 -9999.000000 -9999.000000 -9999.000000 -9999.000000 -9999.000000 -9999.000000 -9999.000000 -9999.000000 -9999.000000 -9999.000000 -9999.000000 -9999.000000
0.000009 0.000017 -0.020570 -0.000033 -0.000019 -0.000012 -0.000016 -0.000011 -0.000006 -0.000002 0.000000 0.000004 0.000011 0.000023 0.000024 0.017301 -0.008179 -0.000265 -0.000025 -0.000007 -0.000000 0.000002 -0.000010 -0.000019 0.000000 0.000001 0.000006 0.000010 -0.000021 -0.000001 -0.000000 -0.000123 -0.000210 -0.000006 0.000000 -9999.000000 -9999.000000 -9999.000000 -9999.000000 -9999.000000 -9999.000000 -9999.000000 -9999.000000 -9999.000000 -9999.000000 -9999.000000 -9999.000000 -9999.000000 -9999.000000 -9999.000000 -9999.000000 -9999.000000 -9999.000000 -9999.000000 -9999.000000 -9999.000000 -9999.000000 -9999.000000 -9999.000000 -9999.000000 -9999.000000
0.000010 0.033337 -0.000074 -0.000087 -0.000011 -0.000016 -0.000006 -0.000004 -0.000002 -0.000001 0.000000 0.000001 0.000003 0.000014 0.000017 0.000018 0.000017 0.000030 -0.000040 -0.000002 -0.000000 -0.000037 -0.000315 -0.000384 -0.000105 -0.000008 -0.001080 -0.000987 -0.000027 -0.000004 -0.000033 -0.000119 -0.000005 -0.000003 0.000000 -9999.000000 -9999.000000 -9999.000000 -9999.000000 -9999.000000 -9999.000000 -9999.000000 -9999.000000 -9999.000000 -9999.000000 -9999.000000 -9999.000000 -9999.000000 -9999.000000 -9999.000000 -9999.000000 -9999.000000 -9999.000000 -9999.000000 -9999.000000 -9999.000000 -9999.000000 -9999.000000 -9999.000000 -9999.000000 -9999.000000
0.000011 -0.000060 -0.000060 -0.000095 -0.000161 -0.000126 -0.000075 -0.000030 -0.000004 -0.000003 -0.000005 -0.000002 0.000000 0.000010 0.000017 0.000012 0.000017 0.000022 0.000013 0.002196 -0.022383 -0.000521 -0.000005 -0.000000 -0.000006 -0.000010 -0.000000 -0.000121 -0.000489 -0.000458 -0.000386 -0.000188 -0.000012 -0.000006 0.000000 -9999.000000 -9999.000000 -9999.000000 -9999.000000 -9999.000000 -9999.000000 -9999.000000 -9999.000000 -9999.000000 -9999.000000 -9999.000000 -9999.000000 -9999.000000 -9999.000000 -9999.000000 -9999.000000 -9999.000000 -9999.000000 -9999.000000 -9999.000000 -9999.000000 -9999.000000 -9999.000000 -9999.000000 -9999.000000 -9999.000000
-0.005595 -0.000028 -0.000036 -0.000026 -0.000021 -0.000021 -0.000015 -0.000006 -0.000004 -0.000006 -0.000009 -0.000005 0.000000 0.000001 0.000002 0.000002 0.000005 0.000011 0.000018 0.000021 0.000013 -0.000034 -0.000007 -0.000008 -0.000010 -0.000001 -0.000000 0.000002 -0.000011 -0.000027 -0.000027 -0.000063 -0.000140 -0.000028 0.000000 -9999.000000 -9999.000000 -9999.000000 -9999.000000 -9999.000000 -9999.000000 -9999.000000 -9999.000000 -9999.000000 -9999.000000 -9999.000000 -9999.000000 -9999.000000 -9999.000000 -9999.000000 -9999.000000 -9999.000000 -9999.000000 -9999.000000 -9999.000000 -9999.000000 -9999.000000 -9999.000000 -9999.000000 -9999.000000 -9999.000000
-0.000022 -0.000029 -0.000026 -0.000019 -0.000016 -0.000013 -0.000006 -0.000004 -0.000000 -0.000026 -0.000017 -0.000013 -0.000008 -0.000006 -0.000002 0.000000 0.000000 0.000007 0.000016 0.000020 0.000019 0.000014 -0.200607 -0.000085 -0.000017 -0.000008 -0.000000 0.000001 0.000003 -0.000014 -0.000007 -0.000004 -0.000009 -0.000002 0.000000 -9999.000000 -9999.000000 -9999.000000 -9999.000000 -9999.000000 -9999.000000 -9999.000000 -9999.000000 -9999.000000 -9999.000000 -9999.000000 -9999.000000 -9999.000000 -9999.000000 -9999.000000 -9999.000000 -9999.000000 -9999.000000 -9999.000000 -9999.000000 -9999.000000 -9999.000000 -9999.000000 -9999.000000 -9999.000000 -9999.000000
-0.000049 -0.000039 -0.000018 -0.000012 -0.000005 -0.000005 -0.000002 -0.000000 -0.000006 -0.000044 -0.000028 -0.000020 -0.000011 -0.000003 -0.000003 0.000000 0.000001 0.000005 0.000011 0.000012 0.000007 0.000014 0.000192 -0.000044 -0.000041 -0.000017 -0.000006 -0.000000 0.000000 -0.000012 -0.000003 0.000000 -0.000000 0.000000 -9999.000000 -9999.000000 -9999.000000 -9999.000000 -9999.000000 -9999.000000 -9999.000000 -9999.000000 -9999.000000 -9999.000000 -9999.000000 -9999.000000 -9999.000000 -9999.000000 -9999.000000 -9999.000000 -9999.000000 -9999.000000 -9999.000000 -9999.000000 -9999.000000 -9999.000000 -9999.000000 -9999.000000 -9999.000000 -9999.000000 -9999.000000
-0.000016 -0.000013 -0.000010 -0.000006 -0.000006 -0.000000 0.000001 -0.000080 -0.000339 -0.000251 -0.000149 -0.000111 -0.000063 -0.000006 -0.000001 0.000000 0.000001 0.000002 0.000003 0.000004 0.000011 0.000008 -0.000244 -0.000028 -0.000039 -0.000039 -0.000012 -0.000007 -0.000001 -0.000003 -0.000001 0.000000 0.000001 0.000001 -9999.000000 -9999.000000 -9999.000000 -9999.000000 -9999.000000 -9999.000000 -9999.000000 -9999.000000 -9999.000000 -9999.000000 -9999.000000 -9999.000000 -9999.000000 -9999.000000 -9999.000000 -9999.000000 -9999.000000 -9999.000000 -9999.000000 -9999.000000 -9999.000000 -9999.000000 -9999.000000 -9999.000000 -9999.000000 -9999.000000 -9999.000000
-0.000005 -0.000005 -0.000003 -0.000000 -0.000006 -0.000034 -0.000543 -0.000510 -0.000020 -0.000015 -0.000011 -0.000013 -0.000013 -0.000008 -0.000002 -0.000000 0.000000 0.000003 0.000011 0.000022 0.000026 0.073408 -0.002196 -0.000016 -0.000019 -0.000021 -0.000019 -0.000010 -0.000005 -0.000001 -0.000000 0.000000 0.000001 0.000000 -9999.000000 -9999.000000 -9999.000000 -9999.000000 -9999.000000 -9999.000000 -9999.000000 -9999.000000 -9999.000000 -9999.000000 -9999.000000 -9999.000000 -9999.000000 -9999.000000 -9999.000000 -9999.000000 -9999.000000 -9999.000000 -9999.000000 -9999.000000 -9999.000000 -9999.000000 -9999.000000 -9999.000000 -9999.000000 -9999.000000 -9999.000000
-0.000014 -0.000010 -0.000003 -0.000000 -0.000226 -0.000343 -0.000023 -0.000020 -0.000013 -0.000008 -0.000002 -0.000001 0.000000 0.000000 -0.000007 -0.000005 -0.000002 0.000000 0.000003 0.000011 0.000088 0.007245 -0.000005 -0.000005 -0.000006 -0.000006 -0.000004 -0.000003 -0.000002 -0.000003 -0.000006 -0.000007 -0.000002 0.000000 -9999.000000 -9999.000000 -9999.000000 -9999.000000 -9999.000000 -9999.000000 -9999.000000 -9999.000000 -9999.000000 -9999.000000 -9999.000000 -9999.000000 -9999.000000 -9999.000000 -9999.000000 -9999.000000 -9999.000000 -9999.000000 -9999.000000 -9999.000000 -9999.000000 -9999.000000 -9999.000000 -9999.000000 -9999.000000 -9999.000000 -9999.000000
-0.001575 -0.000047 -0.000149 -0.000302 -0.000765 -0.000018 -0.000019 -0.000014 -0.000005 -0.000003 -0.000000 0.000002 0.000004 0.000015 -0.000039 -0.000057 -0.000017 0.000000 0.000004 0.000044 0.000042 0.001298 -0.001550 -0.000268 -0.000014 -0.000018 -0.000016 -0.000011 -0.000011 -0.000013 -0.000011 -0.000005 -0.000004 0.000000 -9999.000000 -9999.000000 -9999.000000 -9999.000000 -9999.000000 -9999.000000 -9999.000000 -9999.000000 -9999.000000 -9999.000000 -9999.000000 -9999.000000 -9999.000000 -9999.000000 -9999.000000 -9999.000000 -9999.000000 -9999.000000 -9999.000000 -9999.000000 -9999.000000 -9999.000000 -9999.000000 -9999.000000 -9999.000000 -9999.000000 -9999.000000
0.000526 -0.027961 -0.000211 -0.000345 -0.000007 -0.000006 -0.000006 -0.000006 -0.000005 -0.000000 0.000001 0.000006 0.000039 -0.000219 -0.000094 -0.000007 -0.000002 0.000000 0.000002 0.000011 0.000016 0.000015 -0.001072 -0.000357 -0.000588 -0.000431 -0.000350 -0.000335 -0.000259 -0.000021 -0.000017 -0.000010 -0.000003 0.000000 -9999.000000 -9999.000000 -9999.000000 -9999.000000 -9999.000000 -9999.000000 -9999.000000 -9999.000000 -9999.000000 -9999.000000 -9999.000000 -9999.000000 -9999.000000 -9999.000000 -9999.000000 -9999.000000 -9999.000000 -9999.000000 -9999.000000 -9999.000000 -9999.000000 -9999.000000 -9999.000000 -9999.000000 -9999.000000 -9999.000000 -9999.000000
0.000012 0.008090 -0.003605 -0.000088 -0.000017 -0.000010 -0.000008 -0.000009 -0.000004 -0.000000 0.000003 -0.000010 -0.000325 -0.000011 -0.000005 -0.000001 -0.000000 0.000000 0.000003 0.000004 0.000006 0.000006 -0.000752 -0.000021 -0.000024 -0.000025 -0.000017 -0.000029 -0.000082 -0.000166 -0.000132 -0.000092 -0.000039 -0.000000 -9999.000000 -9999.000000 -9999.000000 -9999.000000 -9999.000000 -9999.000000 -9999.000000 -9999.000000 -9999.000000 -9999.000000 -9999.000000 -9999.000000 -9999.000000 -9999.000000 -9999.000000 -9999.000000 -9999.000000 -9999.000000 -9999.000000 -9999.000000 -9999.000000 -9999.000000 -9999.000000 -9999.000000 -9999.000000 -9999.000000 -9999.000000
0.000014 0.000016 0.025861 -0.000554 -0.000017 -0.000009 -0.000008 -0.000007 -0.000002 0.000000 -0.000128 -0.000310 -0.000006 -0.000003 0.000000 0.000001 0.000003 0.000005 0.000003 -0.000004 0.000000 0.000008 -0.001363 -0.000008 -0.000011 -0.000018 -0.000012 -0.000013 -0.000013 -0.000012 -0.000018 -0.000029 -0.000022 -0.000010 -0.000000 -9999.000000 -9999.000000 -9999.000000 -9999.000000 -9999.000000 -9999.000000 -9999.000000 -9999.000000 -9999.000000 -9999.000000 -9999.000000 -9999.000000 -9999.000000 -9999.000000 -9999.000000 -9999.000000 -9999.000000 -9999.000000 -9999.000000 -9999.000000 -9999.000000 -9999.000000 -9999.000000 -9999.000000 -9999.000000 -9999.000000
0.000007 0.000007 0.002184 -0.000069 -0.000022 -0.000089 -0.006696 -0.000180 -0.000185 -0.000256 -0.000212 -0.000082 -0.000012 -0.000004 0.000000 0.000003 0.000006 -0.000025 -0.000091 -0.000024 -0.000000 0.000004 -0.000469 -0.000242 -0.000047 -0.000014 -0.000011 -0.000013 -0.000014 -0.000012 -0.000015 -0.000015 -0.000012 -0.000012 -0.000008 -0.000003 0.000000 -9999.000000 -9999.000000 -9999.000000 -9999.000000 -9999.000000 -9999.000000 -9999.000000 -9999.000000 -9999.000000 -9999.000000 -9999.000000 -9999.000000 -9999.000000 -9999.000000 -9999.000000 -9999.000000 -9999.000000 -9999.000000 -9999.000000 -9999.000000 -9999.000000 -9999.000000 -9999.000000 -9999.000000
0.000041 0.000046 -0.002017 -0.000010 -0.000000 0.000000 -0.000026 -0.000004 -0.000000 0.000001 -0.040861 -0.000320 -0.000015 -0.000005 0.000000 0.000001 -0.000035 -0.000093 -0.000007 -0.000007 -0.000000 0.000002 -0.000136 -0.000209 -0.000013 -0.000005 -0.000005 -0.000005 -0.000004 -0.000004 -0.000005 -0.000004 -0.000005 -0.000005 -0.000003 -0.000002 0.000000 -9999.000000 -9999.000000 -9999.000000 -9999.000000 -9999.000000 -9999.000000 -9999.000000 -9999.000000 -9999.000000 -9999.000000 -9999.000000 -9999.000000 -9999.000000 -9999.000000 -9999.000000 -9999.000000 -9999.000000 -9999.000000 -9999.000000 -9999.000000 -9999.000000 -9999.000000 -9999.000000 -9999.000000
0.000087 0.175496 -0.005729 -0.000013 -0.000002 0.000000 -0.000077 -0.000015 -0.000000 0.000000 0.000006 0.000052 -0.000122 -0.000058 -0.000088 -0.000355 -0.000379 -0.000217 -0.000070 -0.000018 -0.000000 0.000002 0.000026 -0.000324 -0.000009 -0.000013 -0.000011 -0.000013 -0.000013 -0.000014 -0.000016 -0.000014 -0.000012 -0.000009 -0.000003 -0.000000 0.000000 -9999.000000 -9999.000000 -9999.000000 -9999.000000 -9999.000000 -9999.000000 -9999.000000 -9999.000000 -9999.000000 -9999.000000 -9999.000000 -9999.000000 -9999.000000 -9999.000000 -9999.000000 -9999.000000 -9999.000000 -9999.000000 -9999.000000 -9999.000000 -9999.000000 -9999.000000 -9999.000000 -9999.000000
