use_cases/Flooding/flood_case/output/hUx_6300.asc
ncols 269
nrows 269
xllcorner 0.000000
yllcorner 0.000000
cellsize 10.000000
NODATA_value -9999.000000
[rows 108 to 134 of 269, columns 60 to 119 of 269]
0.000037 0.071782 0.076596 0.074193 0.064834 -0.000101 -0.000017 -0.000006 -0.000000 0.000001 0.000024 -0.000083 -0.000187 -0.000159 -0.000011 -0.000008 -0.000006 -0.000005 -0.000003 0.000000 0.000001 0.000006 0.000011 0.001119 0.009148 -0.000502 -0.000009 -0.000003 0.000000 0.000001 -0.000487 -0.000013 -0.000026 -0.000007 -0.000000 -0.000003 -0.000007 -0.000004 0.000000 0.000004 0.000015 0.000034 0.000029 -0.000000 0.000000 0.000296 -0.000369 -0.000038 -0.000021 -0.000007 -0.000006 -0.000000 0.000000 0.000007 0.000028 0.000205 -0.000219 -0.000012 -0.000005 -0.000001
0.000019 0.087913 0.061006 0.051262 0.044663 -0.008415 -0.000019 -0.000007 -0.000000 0.000019 -0.010587 -0.000208 -0.000010 -0.000012 -0.000008 -0.000005 -0.000001 -0.000000 0.000000 0.000003 0.000010 0.000013 0.000265 -0.000805 -0.000008 -0.000013 -0.000008 -0.000002 0.000000 0.000005 -0.000298 -0.000019 -0.000014 -0.000005 -0.000003 -0.000003 -0.000005 -0.000003 0.000000 0.000005 0.000014 0.000037 0.000020 0.000000 0.000002 -0.003197 -0.000067 -0.000035 -0.000028 -0.000056 -0.000017 -0.000006 -0.000000 0.000003 0.000015 0.000014 -0.000014 -0.000250 -0.000017 -0.000005
0.000003 0.112304 0.028183 -0.003202 -0.014495 -0.035377 -0.000029 -0.000001 0.000000 -0.012567 -0.000396 -0.000010 -0.000019 -0.000005 -0.000004 -0.000003 -0.000003 -0.000000 0.000000 0.000002 0.000006 0.000259 -0.000707 -0.000011 -0.000008 -0.000013 -0.000011 -0.000004 0.000000 0.000007 -0.003517 -0.000121 -0.000107 -0.000069 -0.000034 -0.000008 -0.000002 0.000000 0.000001 0.000003 0.000009 0.000058 0.000038 0.000000 0.000009 -0.000062 -0.000062 -0.000098 -0.000094 -0.000016 -0.000009 -0.000005 -0.000000 0.000004 0.000010 0.000015 0.000009 -0.000066 -0.000053 -0.000007
0.000060 -0.041107 -0.053387 -0.051526 -0.035222 -0.000080 -0.000116 -0.000080 -0.000941 -0.000648 -0.000016 -0.000019 -0.000004 -0.000001 -0.000002 -0.000005 -0.000002 -0.000000 0.000000 0.000004 0.000047 0.000089 -0.000015 -0.000014 -0.000016 -0.000013 -0.000006 -0.000001 0.000000 0.000007 -0.000307 -0.000006 -0.000007 -0.000007 -0.000006 -0.000005 -0.000001 0.000000 0.000001 0.000006 0.000005 0.000057 -0.000000 0.000000 0.000004 -0.000275 -0.000059 -0.000020 -0.000016 -0.000010 -0.000005 -0.000006 -0.000000 -0.000000 0.000002 0.000008 0.000008 -0.000000 -0.000009 -0.000006
0.106342 -0.005118 -0.056893 -0.049729 -0.030663 -0.015486 -0.000800 -0.000661 -0.000010 -0.000012 -0.000009 -0.000004 -0.000002 -0.000002 -0.000005 -0.000009 -0.000004 -0.000000 0.000000 0.000003 0.001061 -0.000091 -0.000018 -0.000014 -0.000019 -0.000014 -0.000005 0.000000 0.000001 0.000011 0.000280 -0.000263 -0.000021 -0.000020 -0.000015 -0.000002 -0.000000 0.000001 0.000005 0.000011 0.000037 0.000041 -0.000000 0.000000 0.000010 -0.000129 -0.000115 -0.000012 -0.000005 -0.000007 -0.000012 -0.000006 -0.000006 -0.000000 -0.000000 0.000002 0.000006 -0.000007 -0.000004 -0.000001
-0.043063 -0.078351 -0.075968 -0.070295 -0.036944 -0.000206 -0.000070 -0.000003 -0.000004 -0.000007 -0.000002 -0.000001 -0.000000 -0.000007 -0.000008 -0.000004 -0.000000 -0.000000 0.000000 0.000008 -0.000023 -0.000013 -0.000022 -0.000036 -0.000025 -0.000015 -0.000005 0.000000 0.000003 0.000013 0.000030 0.002407 -0.000145 -0.000028 -0.000009 -0.000001 -0.000000 0.000001 0.000002 0.000001 -0.000008 -0.000004 -0.000000 0.000000 0.000005 0.000000 -0.000208 -0.000008 -0.000020 -0.000023 -0.000030 -0.000031 -0.000009 -0.000003 -0.000001 0.000000 0.000002 0.000006 0.000000 0.000001
-0.016018 -0.040216 -0.031527 -0.019606 -0.000154 -0.000057 -0.000092 -0.000283 -0.000006 -0.000003 -0.000001 -0.000000 -0.000007 -0.000059 -0.000042 -0.000006 -0.000011 -0.000028 -0.000006 -0.000000 -0.000041 -0.000026 -0.000016 -0.000025 -0.000025 -0.000012 -0.000005 0.000000 0.000002 0.000017 0.000024 0.000024 -0.000049 -0.000015 -0.000013 -0.000014 -0.000007 0.000000 0.000003 -0.000014 -0.000016 -0.000004 -0.000003 0.000000 0.000004 0.000010 -0.000336 -0.000257 -0.000236 -0.000151 -0.000094 -0.000006 -0.000010 -0.000025 -0.000002 0.000000 0.000001 0.000002 0.000001 0.000004
0.069442 0.063083 0.028781 0.006676 -0.000569 -0.000023 -0.000026 -0.000086 -0.000198 -0.000189 -0.000213 -0.000271 -0.000140 -0.000005 -0.000006 -0.000028 -0.000021 -0.000004 -0.000002 -0.000000 -0.000020 -0.000019 -0.000039 -0.000054 -0.000022 -0.000005 -0.000002 0.000000 0.000004 0.000011 0.000021 0.000018 0.000015 0.016304 -0.000383 -0.000014 -0.000003 0.000000 -0.000113 -0.001170 -0.000021 -0.000011 -0.000004 0.000000 0.000003 0.000011 0.000037 -0.000015 -0.000016 -0.000018 -0.000022 -0.000012 -0.000009 -0.000003 -0.000003 0.000000 0.000002 0.000005 0.000007 0.000010
0.008925 0.131123 0.242359 0.119523 -0.083266 -0.000020 -0.000002 -0.000001 -0.000001 -0.000002 -0.000002 -0.000002 -0.000005 -0.000008 -0.000005 -0.000001 -0.000003 -0.000002 -0.000001 -0.000001 -0.000003 -0.000005 -0.000016 -0.000046 -0.000069 -0.000072 -0.000032 -0.000002 0.000000 0.000005 0.000013 0.000017 0.000011 0.000012 -0.000003 -0.000133 -0.000168 -0.000117 -0.000057 -0.000014 -0.000544 -0.000012 -0.000002 0.000000 0.000001 0.000008 0.000029 -0.000009 -0.000009 -0.000005 -0.000010 -0.000022 -0.000012 -0.000006 -0.000002 0.000000 0.000002 0.000008 0.000012 0.000015
0.000009 0.016115 0.142350 0.146123 0.094214 -0.000763 -0.000007 -0.000005 -0.000003 -0.000001 -0.000000 0.000001 0.000005 -0.000011 -0.000008 -0.000000 -0.000012 -0.000004 -0.000001 -0.000000 -0.000047 -0.000067 -0.000139 -0.000057 -0.000008 -0.000010 -0.000015 -0.000013 0.000000 0.000002 0.000005 0.000007 0.000008 0.000012 -0.000004 -0.000006 -0.000008 -0.000007 -0.000004 -0.000000 -0.000168 -0.000304 -0.000004 0.000000 0.000002 0.000004 -0.000009 -0.000005 -0.000004 -0.000006 -0.000018 -0.000013 -0.000010 -0.000002 -0.000000 0.000000 0.000004 0.000011 0.000015 0.000006
0.000002 0.000003 0.140576 0.078252 0.015675 -0.000269 -0.036622 -0.001836 -0.000109 -0.000104 -0.001108 -0.006663 -0.004292 -0.003251 -0.002078 -0.002114 -0.000014 -0.000003 -0.000000 -0.000028 -0.000046 -0.000024 -0.000025 -0.000075 -0.000100 -0.000049 -0.000012 -0.000003 0.000000 0.000001 0.000001 0.000002 0.000002 0.000002 -0.000004 -0.000002 -0.000002 -0.000003 -0.000002 -0.000000 -0.000000 -0.016329 -0.000010 -0.000004 -0.000006 -0.000005 -0.000001 0.000000 0.000003 -0.000007 -0.000030 -0.000031 -0.000012 -0.000000 0.000001 0.000003 0.000007 0.000017 0.000024 0.000030
0.000008 0.000010 0.112640 0.001404 -0.003536 -0.019414 -0.000026 -0.000110 -0.001176 -0.000738 -0.000308 -0.000033 -0.000028 -0.000000 0.000003 -0.002757 -0.005627 -0.001796 -0.002722 -0.000065 -0.000093 -0.000115 -0.000056 -0.000015 -0.000014 -0.000009 -0.000002 0.000000 0.000001 0.000003 0.000004 0.000002 0.000002 -0.000005 -0.000009 -0.000007 -0.000009 -0.000014 -0.000023 -0.000029 -0.000000 -0.000028 -0.000132 -0.000107 -0.000032 -0.000000 0.000000 0.000011 0.000025 -0.000014 -0.000018 -0.000012 -0.000003 -0.000000 0.000003 0.000009 0.000011 0.000008 0.000013 0.000064
0.000012 0.000161 -0.077185 -0.115476 -0.082413 -0.000019 -0.000006 -0.000000 -0.000001 -0.000003 -0.000001 0.000000 -0.000025 -0.000008 -0.000000 0.000002 0.000010 0.000000 -0.000361 -0.001962 -0.000082 -0.000005 -0.000006 -0.000005 -0.000003 -0.000001 -0.000000 0.000003 0.000008 0.000009 0.000017 -0.000143 -0.000556 -0.000391 -0.000256 -0.000055 -0.000107 -0.000214 -0.000108 -0.000021 -0.000002 -0.000000 -0.000007 -0.000019 -0.000008 -0.000002 0.000000 0.000005 0.000013 0.000023 -0.000022 -0.000010 -0.000001 0.000000 0.000005 0.000021 0.000021 0.000010 0.000032 -0.000014
0.000763 -0.114360 -0.210315 -0.178216 -0.113933 -0.000018 -0.000008 -0.000006 -0.000005 -0.000004 -0.000000 -0.000000 -0.000079 -0.000017 -0.000003 -0.000000 0.000000 0.000000 0.000003 -0.001329 -0.000050 -0.000048 -0.000014 -0.000008 -0.000000 0.000001 0.000007 0.000012 0.066443 -0.000877 -0.000861 -0.000420 -0.000049 -0.000026 -0.000063 -0.000305 -0.000131 -0.000030 -0.000033 -0.000020 -0.000008 -0.000000 0.000000 -0.000010 -0.000006 -0.000002 0.000000 0.000004 0.000017 0.000154 -0.000011 -0.000006 -0.000000 0.000002 0.000009 0.000015 0.000029 0.000089 -0.000090 -0.000002
0.002300 -0.181495 -0.239583 -0.155470 -0.000212 -0.000018 -0.000016 -0.000005 -0.000002 -0.000003 -0.000002 -0.000000 -0.000001 -0.000042 -0.000009 -0.000001 -0.000000 0.000000 0.000005 -0.000481 -0.000003 -0.000002 -0.000000 -0.000000 -0.000000 0.000000 -0.000048 -0.000740 -0.001155 -0.000025 -0.000015 -0.000013 -0.000013 -0.000013 -0.000014 -0.000018 -0.000014 -0.000023 -0.000019 -0.000012 -0.000006 -0.000001 0.000000 -0.000002 -0.000004 -0.000001 0.000000 0.000010 0.000049 0.000570 -0.000012 -0.000003 -0.000000 0.000004 0.000015 0.000030 0.000024 -0.041577 -0.000008 -0.000000
-0.142444 -0.239868 -0.235024 -0.091142 -0.000012 -0.000010 -0.000008 -0.000004 -0.000010 -0.000008 -0.000005 -0.000000 0.000000 -0.000022 -0.000017 -0.000003 -0.000000 0.000000 0.000004 0.001018 -0.004942 -0.001381 -0.001913 -0.001252 -0.000496 -0.001733 -0.001258 -0.000007 -0.000013 -0.000021 -0.000018 -0.000012 -0.000016 -0.000016 -0.000014 -0.000012 -0.000017 -0.000014 -0.000012 -0.000008 -0.000004 -0.000000 0.000000 0.000004 0.000003 -0.000001 0.000000 0.000003 0.000005 0.000389 -0.000001 -0.000000 0.000001 0.000006 0.000015 0.000018 -0.000015 -0.000007 -0.000001 -0.000000
-0.155051 -0.198688 -0.058632 -0.000007 -0.000005 -0.000003 -0.000005 -0.000015 -0.000033 -0.000051 -0.000010 -0.000015 -0.000012 -0.000007 -0.000010 -0.000007 -0.000000 0.000000 0.000005 0.000009 0.000045 -0.000023 -0.000011 -0.000004 -0.000000 -0.000000 -0.000076 -0.000602 -0.000017 -0.000008 -0.000009 -0.000012 -0.000015 -0.000017 -0.000010 -0.000011 -0.000010 -0.000011 -0.000011 -0.000005 -0.000001 -0.000001 0.000000 0.000001 0.000008 0.000003 0.000000 0.000009 0.000036 0.000559 -0.000004 -0.000000 0.000001 0.000014 0.000036 0.000072 -0.000083 -0.000002 0.000000 0.000005
-0.211537 -0.120767 -0.000004 -0.000001 0.000000 -0.000033 -0.000122 -0.000151 -0.000093 -0.000024 -0.000024 -0.000012 -0.000012 -0.000005 -0.000005 -0.000008 -0.000002 -0.000000 0.000002 0.000013 0.000003 -0.000008 -0.000007 -0.000003 -0.000000 0.000000 0.000001 -0.000298 -0.000616 -0.000083 -0.000049 -0.000018 -0.000011 -0.000014 -0.000008 -0.000003 -0.000004 -0.000003 -0.000003 -0.000003 -0.000003 -0.000001 0.000000 0.000003 0.000009 0.000022 0.000011 0.000000 0.000004 0.000592 0.000045 -0.000002 0.000000 0.000007 0.000020 0.000049 -0.000006 -0.000000 0.000004 0.000008
-0.219165 -0.023413 -0.000001 -0.000000 -0.000101 -0.000221 -0.000035 -0.000018 -0.000018 -0.000023 -0.000018 -0.000011 -0.000008 -0.000003 -0.000001 -0.000003 -0.000005 -0.000002 -0.000000 0.000000 0.000000 -0.000029 -0.000014 -0.000007 -0.000001 0.000000 0.000003 0.000005 -0.000459 -0.000006 -0.000005 -0.000004 -0.000005 -0.000006 -0.000005 -0.000000 0.000000 -0.000008 -0.000003 -0.000001 -0.000006 -0.000003 0.000000 0.000005 0.000015 0.000111 0.062238 -0.000002 0.000000 0.000003 -0.000205 -0.000006 0.000000 0.000005 0.000011 0.000008 -0.000003 -0.000000 0.000006 0.070824
-0.137657 -0.006952 -0.000146 -0.000613 -0.000392 -0.000010 -0.000009 -0.000010 -0.000016 -0.000019 -0.000011 -0.000008 -0.000002 -0.000001 -0.000000 -0.000002 -0.000007 -0.000009 -0.000011 -0.000010 -0.000010 -0.000015 -0.000011 -0.000003 -0.000000 0.000000 0.000004 0.000009 -0.000093 -0.000169 -0.000015 -0.000012 -0.000013 -0.000011 -0.000002 -0.000000 0.000002 0.000007 0.000001 -0.000013 -0.000029 -0.000008 0.000000 0.000016 0.000053 0.000040 0.000034 0.000069 0.000040 0.000000 0.000167 0.000054 0.000000 0.000005 -0.008218 -0.000007 0.000000 0.000005 0.000341 -0.040863
-0.104830 -0.000124 -0.000222 -0.000045 -0.000071 -0.000003 -0.000003 -0.000004 -0.000010 -0.000010 -0.000007 -0.000004 -0.000003 -0.000005 -0.000043 -0.000175 -0.000163 -0.000152 -0.000005 -0.000007 -0.000009 -0.000013 -0.000010 -0.000004 0.000000 0.000002 0.000008 0.000016 0.000059 -0.000079 -0.000139 -0.000094 -0.000048 -0.000013 -0.000000 0.000001 0.000005 0.000015 -0.000031 -0.000048 -0.000004 -0.000003 -0.000000 0.000000 0.000001 0.000003 0.000005 0.000007 0.000099 0.000000 0.000099 0.000389 -0.000004 -0.000081 -0.000007 -0.000002 0.000000 0.000003 0.004283 -0.016124
-0.001600 -0.000009 -0.000003 -0.000000 -0.000050 -0.000073 -0.000045 -0.000013 -0.000023 -0.000007 -0.000001 -0.000000 -0.000034 -0.000184 -0.000182 -0.000041 -0.000061 -0.000119 -0.000246 -0.000226 -0.000121 -0.000005 -0.000003 -0.000003 -0.000003 -0.000000 0.000001 0.000005 0.000007 -0.000024 -0.000011 -0.000007 -0.000003 0.000000 0.000002 0.000006 0.000007 -0.001889 -0.000124 -0.000042 -0.000005 -0.000000 0.000000 0.000000 0.000000 0.000006 0.000015 0.000033 0.000173 0.000023 0.000000 -0.001878 -0.000012 -0.000004 0.000000 0.000000 0.000004 0.014736 -0.005297 -0.000006
-0.000017 -0.000020 -0.000011 -0.000005 -0.000008 -0.000009 -0.000020 -0.000027 -0.000005 -0.000001 -0.000000 -0.000087 -0.000283 -0.000006 -0.000003 -0.000004 -0.000008 -0.000019 -0.000051 -0.000066 -0.000086 -0.000100 -0.000016 -0.000031 -0.000048 -0.000003 -0.000000 0.000001 0.000003 -0.000015 -0.000006 -0.000002 0.000000 0.000001 0.000007 0.000011 -0.046426 -0.000415 -0.000140 -0.000111 -0.000015 0.000000 0.000041 0.000073 0.000035 0.000000 0.000005 0.000016 0.000011 0.000648 -0.000298 -0.000574 -0.000003 0.000000 0.000002 0.000007 0.004740 -0.016156 -0.000015 -0.000013
-0.000009 -0.000007 -0.000005 -0.000005 -0.000006 -0.000005 -0.000007 -0.000004 -0.000002 -0.000000 0.000001 -0.000185 -0.000003 -0.000004 -0.000008 -0.000012 -0.000029 -0.000035 -0.000037 -0.000035 -0.000030 -0.000054 -0.000141 -0.000056 -0.000008 -0.000002 -0.000000 0.000000 0.000001 -0.000003 -0.000002 -0.000000 0.000002 0.000006 0.000016 0.000011 -0.000432 -0.000013 -0.000011 -0.000004 -0.000001 0.000000 0.000003 0.000006 0.000062 0.000025 0.000000 0.000009 0.000014 0.001398 -0.000003 0.000000 0.000002 0.000007 0.000005 0.000044 -0.027979 -0.002689 -0.000006 -0.000007
-0.000003 -0.000002 -0.000002 -0.000002 -0.000001 -0.000002 -0.000002 -0.000001 0.000000 0.000002 0.000092 -0.000638 -0.000292 -0.000284 -0.000276 -0.000020 -0.000031 -0.000036 -0.000024 -0.000019 -0.000011 -0.000008 -0.000012 -0.000009 -0.000004 0.000000 0.000000 0.000002 0.000005 0.000007 -0.000001 -0.000000 0.000003 0.000013 0.000017 -0.000135 -0.000006 -0.000004 -0.000003 -0.000006 -0.000001 0.000000 0.000006 0.000014 0.000061 0.000226 0.000008 0.000002 0.000006 -0.000172 0.000000 0.000001 0.000032 -0.004961 -0.013795 -0.010946 -0.006117 -0.000165 -0.000363 -0.000404
-0.000007 -0.000008 -0.000009 -0.000005 -0.000004 -0.000004 -0.000004 -0.000000 0.000001 -0.000004 -0.000750 -0.000035 -0.000045 -0.000034 -0.000051 -0.000219 -0.000180 -0.000137 -0.000047 -0.000014 -0.000008 -0.000003 -0.000004 -0.000005 -0.000002 0.000000 0.000004 0.000006 0.000005 -0.000001 -0.000001 -0.000000 0.000005 0.000016 0.000017 -0.000128 -0.000020 -0.000012 -0.000009 -0.000008 -0.000000 0.000005 0.000039 0.000092 0.000163 0.000085 0.000220 0.000067 -0.000014 -0.000001 0.000000 0.000155 -0.090080 -0.008060 -0.000006 -0.000003 -0.000009 -0.000004 -0.000000 -0.000129
-0.001265 -0.001723 -0.001091 -0.000011 -0.000007 -0.000004 -0.000001 -0.000000 -0.000213 -0.000888 -0.000016 -0.000020 -0.000023 -0.000017 -0.000004 -0.000004 -0.000033 -0.000048 -0.000033 -0.000006 -0.000005 -0.000007 -0.000008 -0.000002 -0.000000 0.000001 0.000008 0.000021 -0.000010 -0.000000 0.000000 0.000000 0.000006 0.000025 0.000077 -0.000350 -0.000113 -0.000031 -0.000024 -0.000006 0.000000 0.000005 0.000006 0.000005 0.000006 0.000007 0.000006 0.001011 -0.000078 -0.000000 0.000005 -0.001437 -0.000047 -0.000013 -0.000009 -0.000008 -0.000008 -0.000005 -0.000000 0.000001
