use_cases/Flooding/flood_case/output/hUx_4500.asc
ncols 269
nrows 269
xllcorner 0.000000
yllcorner 0.000000
cellsize 10.000000
NODATA_value -9999.000000
[rows 27 to 53 of 269, columns 120 to 179 of 269]
0.000008 0.000015 0.000002 0.000000 0.000000 0.000002 0.000006 -0.000477 -0.000060 -0.000118 -0.000005 -0.000004 -0.000002 -0.000000 0.000003 0.000023 -0.000089 -0.000068 -0.000177 -0.000031 -0.000001 0.000000 0.000005 0.000079 -0.000034 -0.000018 -0.000003 -0.000000 0.000000 0.000001 0.000002 0.002487 -0.114185 -0.000049 -0.000005 -0.000001 -0.000000 0.000002 0.000003 -0.000004 -0.000019 -0.000008 -0.000007 -0.000002 -0.000000 0.000001 0.000004 0.000001 -0.000001 0.000000 0.000001 -0.000057 -0.000015 -0.000001 -0.000000 -0.000017 -0.000037 -0.000016 -0.000010 -0.000007
0.000004 0.000019 0.000026 -0.000008 0.000000 0.000001 -0.000011 -0.000202 -0.000004 -0.000006 -0.000014 -0.000009 -0.000003 -0.000000 0.000001 0.000003 0.000428 -0.000077 -0.000010 -0.000006 -0.000000 0.000003 0.000037 -0.000064 -0.000022 -0.000007 -0.000000 -0.000001 -0.000001 0.000000 0.000005 0.193089 -0.000021 -0.000012 -0.000004 -0.000000 0.000000 0.000006 0.000033 -0.000020 -0.000013 -0.000012 -0.000006 -0.000001 -0.000000 0.000002 0.000006 0.000013 -0.000000 0.000000 -0.000027 -0.000069 -0.000004 -0.000000 0.000001 -0.000028 -0.000049 -0.000029 -0.000031 -0.000054
0.000003 0.000013 -0.036472 -0.078833 -0.110070 -0.074888 -0.059608 -0.000147 -0.000010 -0.000014 -0.000026 -0.000008 -0.000000 -0.000000 0.000002 0.000005 0.000144 -0.000003 -0.000003 -0.000002 -0.000000 0.000000 0.000002 0.000489 -0.000010 -0.000000 0.000001 -0.000002 -0.000002 0.000000 -0.000418 -0.002123 -0.000013 -0.000008 -0.000004 -0.000000 0.000002 0.000010 0.000102 -0.000017 -0.000018 -0.000017 -0.000006 -0.000001 0.000000 0.000002 0.000002 0.000018 -0.000000 0.000001 -0.000115 -0.000019 -0.000001 -0.000000 0.000012 -0.015989 -0.000370 -0.000406 -0.000219 -0.000188
0.000003 -0.056777 -0.149883 -0.147690 -0.121428 -0.139107 -0.182645 -0.098135 -0.002058 -0.000011 -0.000004 -0.000001 -0.000000 0.000001 0.000001 0.000011 -0.001195 -0.000010 -0.000008 -0.000002 -0.000000 0.000001 0.000006 0.002211 -0.000477 -0.001434 -0.001188 -0.001902 -0.002465 -0.002622 -0.006352 -0.000019 -0.000008 -0.000002 -0.000001 0.000000 0.000012 0.000056 0.000245 -0.000034 -0.000024 -0.000024 -0.000008 -0.000000 0.000000 0.000002 0.000017 -0.000015 -0.000000 0.000002 0.000011 -0.000018 -0.000006 -0.000195 -0.000673 -0.000011 -0.000011 -0.000012 -0.000009 -0.000005
0.004401 -0.102775 -0.071404 -0.010894 -0.000032 -0.003979 -0.081783 -0.184855 -0.162322 -0.020388 -0.000000 0.000001 0.000016 -0.002934 -0.031716 -0.081096 -0.042050 -0.000014 -0.000008 -0.000000 0.000000 0.000004 0.000007 0.015565 -0.011468 -0.000363 -0.000002 -0.000000 0.000001 -0.000026 -0.000019 -0.000016 -0.000006 -0.000002 0.000000 0.000001 0.000005 0.000010 0.000013 0.000327 -0.000174 -0.000010 -0.000002 -0.000000 0.000001 0.000004 0.000028 -0.000000 0.000002 0.004127 -0.004883 -0.000742 -0.000769 -0.000839 -0.000014 -0.000011 -0.000007 -0.000007 -0.000006 -0.000001
-0.106420 -0.127217 -0.063680 -0.000006 -0.000001 -0.000000 0.000001 0.000680 -0.162530 -0.199655 -0.165777 -0.168226 -0.190784 -0.171954 -0.117659 -0.119197 -0.089821 -0.000014 -0.000007 -0.000000 0.000001 0.000004 -0.003950 -0.013181 -0.000010 -0.000009 -0.000003 -0.000000 0.000001 -0.000007 -0.000012 -0.000016 -0.000004 -0.000001 0.000000 0.000001 0.000003 0.000006 0.000008 0.000009 0.000060 -0.000012 -0.000002 -0.000000 0.000003 0.000323 -0.000353 -0.001444 -0.002580 -0.001221 -0.000015 -0.000011 -0.000010 -0.000010 -0.000009 -0.000007 -0.000003 -0.000002 -0.000001 -0.000000
-0.122501 -0.063279 -0.000397 -0.000014 -0.000005 -0.000001 -0.000000 0.000002 0.000016 0.001142 -0.036894 -0.039033 -0.043279 -0.014116 -0.008702 -0.036559 -0.066091 -0.002118 -0.000001 -0.000000 0.000001 -0.003368 -0.007989 -0.000011 -0.000008 -0.000004 -0.000002 -0.000001 -0.000001 0.000000 0.000000 -0.000013 -0.000002 -0.000001 0.000000 0.000001 0.000002 0.000002 0.000002 0.000003 0.000221 0.000065 -0.000000 0.000000 -0.001220 -0.015696 -0.001698 -0.000016 -0.000007 -0.000005 -0.000008 -0.000007 -0.000007 -0.000008 -0.000006 -0.000003 -0.000004 -0.000002 -0.000000 0.000001
-0.083728 -0.000432 -0.000009 -0.000007 -0.000006 -0.000002 -0.000000 0.000000 0.000002 0.000003 0.000004 0.000007 -0.000004 -0.000000 0.000000 -0.000206 -0.084645 -0.040895 -0.000977 -0.001769 -0.006275 -0.010571 -0.000010 -0.000007 -0.000002 -0.000001 0.000000 -0.000007 -0.000002 0.000000 0.000000 -0.000002 -0.000003 -0.000001 -0.000000 0.000000 0.000003 0.000005 0.000007 0.000010 0.000134 -0.006266 -0.007047 -0.006817 -0.002924 -0.000023 -0.000014 -0.000010 -0.000007 -0.000009 -0.000009 -0.000005 -0.000005 -0.000002 -0.000001 -0.000000 0.000001 0.000002 -0.000000 0.000001
-0.000705 -0.000007 -0.000004 -0.000005 -0.000006 -0.000004 -0.000002 -0.000000 -0.000000 0.000000 0.000001 0.000002 0.000004 0.000000 0.000000 0.000558 -0.044722 -0.079497 -0.021224 -0.005353 -0.000027 -0.000006 -0.000009 -0.000005 -0.000005 -0.000001 0.000000 -0.000005 -0.000001 0.000000 -0.000005 -0.000003 -0.000000 0.000000 -0.000000 0.000000 0.000002 0.000007 0.000012 0.000013 0.002213 -0.007222 -0.000011 -0.000008 -0.000011 -0.000017 -0.000025 -0.000021 -0.000014 -0.000006 -0.000002 -0.000001 -0.000001 -0.000000 0.000000 0.000003 0.000005 0.000006 -0.000000 0.000000
-0.000006 -0.000003 -0.000001 -0.000002 -0.000001 -0.000002 -0.000002 -0.000002 -0.000002 0.000000 0.000002 0.000005 0.000007 0.000000 0.000002 0.000101 -0.024096 -0.048237 -0.003473 -0.000006 -0.000006 -0.000002 -0.000005 -0.000008 -0.000001 -0.000000 0.000000 -0.000000 -0.000000 -0.000000 -0.000010 -0.000009 -0.000000 0.000000 0.000000 0.000001 0.000000 0.000007 0.000011 0.003126 -0.004231 -0.000008 -0.000006 -0.000003 -0.000005 -0.000006 -0.000009 -0.000006 -0.000005 -0.000003 -0.000003 -0.000000 -0.000000 0.000001 0.000004 0.000005 0.000003 0.000002 -0.000006 -0.000058
-0.000003 -0.000003 -0.000002 -0.000002 -0.000004 -0.000005 -0.000006 -0.000005 -0.000002 0.000000 0.000001 0.000003 0.000001 0.000002 0.000004 0.000197 -0.000847 -0.105097 -0.027961 -0.000002 -0.000004 -0.000004 -0.000005 -0.000003 -0.000000 -0.000000 0.000000 -0.000021 -0.000043 -0.000049 -0.000021 -0.000003 -0.000000 0.000001 0.000006 0.000008 0.000001 0.000003 0.000010 -0.006498 -0.000003 -0.000003 -0.000004 -0.000005 -0.000002 -0.000003 -0.000003 -0.000002 -0.000001 -0.000000 0.000001 0.000002 0.000002 0.000004 0.000007 0.000008 0.000020 -0.000044 -0.000075 -0.000059
-0.000194 -0.000104 -0.000398 -0.001202 -0.001567 -0.001359 -0.000788 -0.000007 -0.000003 0.000000 -0.000007 -0.000001 -0.000000 0.000002 0.000002 0.000035 0.003274 -0.092379 -0.053342 -0.001970 -0.000008 -0.000004 -0.000001 -0.000000 0.000000 -0.000001 -0.000016 -0.000077 -0.000003 -0.000003 -0.000000 -0.000000 0.000003 0.000006 0.000004 0.000006 0.000000 0.000000 -0.003403 -0.007315 -0.000006 -0.000012 -0.000011 -0.000013 -0.000012 -0.000010 -0.000008 -0.000002 -0.000000 0.000001 0.000005 0.000007 0.000005 0.000010 0.000013 0.000002 -0.000123 -0.000041 -0.000025 -0.000020
-0.001000 -0.002881 -0.000881 -0.000017 -0.000009 -0.000004 -0.000149 -0.000659 -0.000445 -0.000003 -0.000012 -0.000003 -0.000000 0.000013 0.000062 0.000024 0.000010 -0.005705 -0.139120 -0.114586 -0.057914 -0.042616 -0.006018 -0.000083 -0.000000 -0.000047 -0.000011 -0.000010 -0.000000 -0.000000 0.000002 0.000002 0.000003 0.000563 -0.013773 -0.048743 -0.058426 -0.056427 -0.061916 -0.075142 -0.029071 -0.001278 -0.000026 -0.000013 -0.000007 -0.000003 -0.000002 -0.000000 0.000000 0.000004 0.000013 0.000015 0.000014 0.001893 -0.002877 -0.005975 -0.014491 -0.000031 -0.000014 -0.000000
0.000000 -0.000108 -0.000137 -0.000009 -0.000010 -0.000003 -0.000000 0.000012 -0.003332 -0.002017 -0.001035 -0.000005 -0.000000 0.000003 0.000020 -0.000000 0.000000 0.000003 0.005073 -0.054716 -0.081409 -0.102563 -0.106615 -0.100030 -0.048142 -0.019027 -0.003130 -0.000001 -0.000000 0.000008 0.002808 -0.020717 -0.043106 -0.049079 -0.066817 -0.035209 -0.011567 -0.005947 -0.003460 -0.005208 -0.036427 -0.057099 -0.023352 -0.000027 -0.000009 -0.000001 -0.000000 -0.000000 0.000002 0.000007 0.000911 -0.009517 -0.035249 -0.033780 -0.022379 -0.015643 -0.018822 -0.032168 -0.001100 -0.000322
-0.000000 0.000002 -0.000371 -0.000004 -0.000010 -0.000009 -0.000001 0.000000 -0.000000 0.000000 -0.000054 -0.000645 -0.000002 -0.000000 -0.000004 -0.000000 0.000000 0.000004 0.000007 0.000011 -0.000165 -0.001536 -0.025371 -0.058030 -0.084051 -0.096370 -0.103793 -0.064119 -0.067087 -0.078902 -0.074474 -0.056966 -0.043855 -0.046580 -0.032205 -0.000052 -0.000003 -0.000001 -0.000000 0.000000 0.000038 -0.019242 -0.048859 -0.015256 -0.000004 -0.000000 0.000000 0.000001 -0.001122 -0.028793 -0.038382 -0.019473 -0.000779 -0.003581 -0.000361 -0.000000 0.000000 -0.002119 -0.010343 -0.020237
-0.000007 -0.000000 -0.000090 -0.000302 -0.000007 -0.000018 -0.000003 -0.000000 0.000001 0.000003 0.000008 -0.000577 -0.000006 -0.000000 -0.000004 -0.000001 0.000000 0.000002 0.000008 0.000006 0.000006 0.000002 0.000013 0.001686 -0.015311 -0.029567 -0.039429 -0.058254 -0.049768 -0.029515 -0.040794 -0.023231 -0.016255 -0.026901 -0.010922 -0.000002 -0.000003 -0.000003 -0.000000 0.000000 0.000003 0.000144 -0.016404 -0.049270 -0.048630 -0.041023 -0.042116 -0.042912 -0.036403 -0.021466 -0.009301 -0.002451 -0.000138 -0.000015 -0.000008 -0.000001 -0.000000 0.000004 0.000008 -0.000003
-0.000001 -0.000000 0.000001 -0.000066 -0.000288 -0.000051 -0.000011 -0.000000 0.000000 0.000005 0.000015 0.000775 -0.000719 -0.000007 -0.000005 -0.000001 -0.000000 0.000006 0.000008 0.000008 0.000012 0.000017 0.000015 0.000018 0.000699 -0.000003 -0.000000 -0.000010 -0.000000 0.000000 0.000005 0.000102 0.000000 -0.002059 -0.008606 -0.000005 -0.000006 -0.000002 -0.000001 -0.000000 0.000002 0.000006 0.000005 0.000026 -0.000536 -0.001297 -0.000632 -0.000507 -0.000774 -0.000226 -0.000016 -0.000013 -0.000021 -0.000015 -0.000009 -0.000002 -0.000000 -0.000000 -0.000000 -0.000001
-0.000065 -0.000019 -0.000000 0.000002 -0.000331 -0.000061 -0.000011 -0.000000 -0.000000 0.000004 0.000027 0.000026 -0.000608 -0.000013 -0.000004 -0.000002 -0.000000 0.000001 0.000001 0.000004 0.000015 0.000035 0.000028 0.000023 0.000886 -0.000003 -0.000001 -0.000000 0.000000 0.000001 0.000008 0.000098 0.000000 0.000055 -0.004340 -0.004157 -0.003385 -0.000011 -0.000004 -0.000000 0.000000 0.000004 0.000005 0.000004 0.000009 -0.000063 -0.000040 -0.000004 -0.000005 -0.000006 -0.000007 -0.000009 -0.000017 -0.000014 -0.000007 -0.000003 -0.000002 -0.000005 -0.000003 -0.000001
-0.000052 -0.000067 -0.000000 0.000006 -0.000051 -0.000226 -0.000006 -0.000001 -0.000000 0.000006 0.000014 0.000023 0.000126 -0.000664 -0.000216 -0.000009 -0.000000 0.000000 0.000000 0.000005 0.000015 0.000032 0.000047 0.000047 -0.000075 -0.000015 -0.000003 -0.000000 0.000000 0.000005 0.000078 0.000012 0.000000 0.000002 0.000133 -0.000001 -0.000198 -0.001241 -0.001533 -0.002032 -0.000003 -0.000001 0.000000 0.000001 0.000010 -0.000033 -0.000094 -0.000002 -0.000002 -0.000002 -0.000004 -0.000008 -0.000011 -0.000015 -0.000018 -0.000014 -0.000009 -0.000009 -0.000006 -0.000001
0.000002 0.000008 -0.000028 -0.000000 0.000001 -0.000192 -0.000073 -0.000015 -0.000000 -0.000000 0.000003 0.000022 0.000018 -0.000138 -0.000198 -0.000008 -0.000003 0.000000 0.000000 0.000006 0.000014 0.000110 0.000078 0.000008 -0.000324 -0.000010 -0.000004 0.000000 0.000004 0.000011 0.000116 -0.000001 0.000000 0.000003 -0.000818 -0.000006 -0.000000 0.000001 0.000072 -0.002710 -0.005059 -0.003400 -0.000006 -0.000011 -0.000014 0.000000 -0.000092 -0.000349 -0.001401 -0.000673 -0.000009 -0.000004 -0.000008 -0.000008 -0.000010 -0.000009 -0.000007 -0.000005 -0.000003 -0.000001
0.000000 -0.000023 -0.000039 -0.000004 -0.000000 -0.000091 -0.000029 -0.000005 -0.000003 -0.000000 0.000001 0.000012 0.000002 0.000002 -0.000494 -0.000004 -0.000003 0.000000 0.000000 0.000007 0.000033 0.000088 0.000000 0.000001 -0.000945 -0.000013 -0.000004 0.000000 0.000004 0.000020 0.000069 0.000000 0.000002 0.000019 -0.004275 -0.000011 -0.000003 -0.000000 0.000000 0.000004 0.000427 -0.000053 -0.000904 -0.000700 -0.000443 -0.002076 -0.001719 -0.001467 -0.000110 -0.000102 -0.253434 -0.000015 -0.000020 -0.000019 -0.000008 -0.000005 -0.000002 -0.000001 -0.000001 -0.000000
0.000000 0.000004 -0.000047 -0.000017 -0.000000 -0.000003 -0.000043 -0.000058 -0.000011 -0.000000 0.000001 0.000002 0.000000 0.000006 -0.000030 -0.000123 -0.000008 -0.000000 0.000001 0.000016 0.000024 0.000024 0.000000 0.000004 0.000041 -0.000009 -0.000001 0.000000 0.000007 0.000010 0.000023 0.000000 0.000007 0.000030 -0.003900 -0.000011 -0.000007 -0.000001 -0.000000 0.000002 0.000007 0.000000 -0.000011 -0.000006 0.000000 -0.000060 -0.000089 -0.000004 -0.000001 0.000000 -0.000257 -0.001768 -0.000003 -0.000003 -0.000002 -0.000002 -0.000002 -0.000000 -0.000001 -0.000002
0.000000 0.000002 -0.000030 -0.000016 -0.000006 -0.000003 -0.000007 -0.000015 -0.000012 -0.000003 -0.000000 0.000002 0.000008 0.000008 0.000023 -0.000070 -0.000006 -0.000000 0.000003 0.000010 0.000022 0.000033 0.000075 0.000115 -0.000393 -0.000022 -0.000004 0.000000 0.000001 0.000004 0.000014 0.000000 0.000004 0.000045 -0.005947 -0.000020 -0.000007 -0.000002 -0.000000 0.000000 0.000000 0.000000 0.000001 0.000010 0.000000 0.000002 -0.000221 -0.000013 -0.000002 0.000000 0.000005 -0.000563 -0.000010 -0.000006 -0.000002 -0.000000 0.000001 0.000003 -0.000009 -0.000030
0.000000 -0.000016 -0.000009 -0.000013 -0.000019 -0.000016 -0.000013 -0.000012 -0.000010 -0.000004 -0.000000 0.000000 0.000004 0.000009 0.000011 -0.000088 -0.000006 -0.000000 0.000000 0.000004 0.000011 0.000078 0.000035 0.000016 -0.000168 -0.000015 -0.000002 0.000000 0.000005 0.000012 0.000039 0.000000 0.000011 0.000122 -0.002012 -0.000009 -0.000007 -0.000005 -0.000003 -0.000001 -0.000000 0.000000 0.000003 0.000009 0.000000 0.000002 -0.000059 -0.000006 -0.000002 0.000000 0.000003 0.001202 -0.087736 -0.000515 -0.000082 -0.000007 -0.000077 -0.000093 -0.000227 -0.000359
-0.000004 -0.000007 -0.000013 -0.000012 -0.000013 -0.000012 -0.000011 -0.000011 -0.000008 -0.000004 -0.000003 -0.000000 0.000003 0.000017 0.000011 -0.000053 -0.000018 -0.000002 0.000000 0.000007 0.000018 0.000021 0.000000 0.000006 -0.000094 -0.000014 -0.000004 0.000000 0.000002 0.000007 0.000014 0.000010 0.000009 0.000212 -0.001491 -0.000003 -0.000003 -0.000003 -0.000002 -0.000001 -0.000001 -0.000000 0.000001 0.000003 -0.000000 0.000004 -0.000142 -0.000003 -0.000001 0.000000 0.000007 0.000326 -0.000017 -0.000032 -0.000655 -0.000393 -0.000007 -0.000000 0.000000 -0.000195
-0.000008 -0.000015 -0.000007 -0.000011 -0.000009 -0.000006 -0.000002 -0.000003 -0.000004 -0.000006 -0.000002 -0.000000 0.000001 0.000006 0.000006 0.000007 -0.000006 -0.000003 -0.000000 0.000004 0.000008 0.000010 0.000013 0.000006 -0.000035 -0.000010 -0.000002 0.000000 0.000006 0.000015 0.000025 0.000004 0.000004 0.000621 -0.014013 -0.000010 -0.000008 -0.000007 -0.000005 -0.000006 -0.000006 -0.000003 -0.000005 -0.000001 -0.000000 0.000002 0.000051 -0.000129 -0.000004 0.000000 0.000004 0.000021 -0.000011 -0.000000 -0.000004 -0.000030 -0.000009 -0.000000 0.000000 -0.000042
-0.000097 -0.000137 -0.000047 -0.000004 -0.000003 -0.000002 -0.000000 -0.000022 -0.000079 -0.000068 -0.000034 -0.000007 -0.000000 0.000000 0.000002 0.000008 -0.000004 -0.000003 -0.000000 0.000002 0.000007 0.000012 0.000017 0.000200 -0.000096 -0.000006 -0.000002 0.000000 0.000004 0.000008 0.000010 0.000011 0.000011 0.001902 -0.000148 -0.000953 -0.000870 -0.000969 -0.000822 -0.000011 -0.000013 -0.000006 -0.000002 -0.000001 -0.000000 0.000003 0.000005 -0.000054 -0.000023 0.000000 0.000002 0.000015 -0.000076 -0.000006 0.000000 -0.000037 -0.000007 -0.000001 0.000000 -0.000020
