use_cases/Flooding/flood_case/output/hUx_6300.asc
ncols 269
nrows 269
xllcorner 0.000000
yllcorner 0.000000
cellsize 10.000000
NODATA_value -9999.000000
[rows 27 to 53 of 269, columns 60 to 119 of 269]
-9999.000000 -9999.000000 -9999.000000 -9999.000000 -9999.000000 -9999.000000 -9999.000000 -9999.000000 -9999.000000 -0.000006 -0.000012 -0.000010 -0.000011 -0.000014 -0.000005 -0.000002 0.000000 0.000000 0.000001 0.000003 0.000003 -0.000087 -0.000020 -0.000001 0.000000 0.000004 0.000007 0.000003 0.000007 0.000028 0.000042 0.000000 0.000001 0.000009 0.000014 0.002545 -0.008041 -0.001378 -0.000038 -0.000015 -0.000000 -0.000005 -0.000008 -0.000011 -0.000015 -0.000013 -0.000009 -0.000003 -0.000000 0.000001 0.000003 -0.000006 -0.000005 -0.000002 0.000000 0.000001 0.000004 0.000006 0.000011 0.000000
-9999.000000 -9999.000000 -9999.000000 -9999.000000 -9999.000000 -9999.000000 -9999.000000 -0.000003 -0.000010 -0.000014 -0.000016 -0.000009 -0.000010 -0.000008 -0.000003 -0.000001 0.000000 0.000002 0.000004 0.000004 -0.000017 -0.000038 -0.000004 -0.000001 0.000000 0.000003 0.000008 0.000005 0.000003 0.000045 0.000204 0.000000 0.000002 0.000009 0.007001 -0.015767 -0.004007 -0.000022 -0.000025 -0.000016 -0.000016 -0.000015 -0.000008 -0.000009 -0.000012 -0.000015 -0.000013 -0.000004 -0.000001 0.000000 0.000000 -0.000000 0.000000 0.000000 0.000002 0.000003 0.000008 0.000011 0.000004 0.000000
-9999.000000 -9999.000000 -9999.000000 -9999.000000 -9999.000000 -0.000003 -0.000006 -0.000006 -0.000009 -0.000010 -0.000010 -0.000006 -0.000006 -0.000003 -0.000001 0.000000 0.000001 0.000004 0.000007 0.000006 -0.000084 -0.000027 -0.000002 -0.000000 0.000000 0.000004 0.000006 0.000006 0.000004 0.000003 0.000275 0.000000 0.000002 -0.003645 -0.013355 -0.011558 -0.000016 -0.000020 -0.000024 -0.000011 -0.000011 -0.000012 -0.000016 -0.000026 -0.000012 -0.000010 -0.000010 -0.000004 -0.000000 0.000000 0.000001 0.000002 0.000005 0.000006 0.000012 0.000000 0.000004 0.000008 0.000013 0.000000
-9999.000000 -9999.000000 -9999.000000 -0.000004 -0.000004 -0.000003 -0.000006 -0.000004 -0.000005 -0.000009 -0.000010 -0.000012 -0.000004 -0.000001 0.000000 0.000000 0.000003 0.000006 0.000017 0.000107 -0.000191 -0.000032 -0.000000 -0.000000 0.000002 0.000004 0.000010 0.000008 0.000000 0.000003 0.000397 0.000418 0.007540 -0.004467 -0.008238 -0.000037 -0.000012 -0.000017 -0.000018 -0.000010 -0.000008 -0.000010 -0.000010 -0.000014 -0.000008 -0.000003 -0.000003 -0.000002 -0.000000 0.000001 0.000004 0.000008 0.000011 0.000005 0.000002 0.000000 0.000002 0.000006 0.000002 0.000000
-9999.000000 -0.000005 -0.000007 -0.000006 -0.000002 -0.000001 -0.000002 -0.000001 -0.000002 -0.000003 -0.000006 -0.000007 -0.000003 -0.000000 0.000000 0.000002 0.000005 0.000009 0.000010 0.000038 -0.000006 -0.000003 -0.000000 -0.000000 0.000002 0.000007 0.000019 -0.000002 0.000000 0.000003 0.000003 0.009930 -0.005547 -0.004469 -0.000127 -0.000019 -0.000020 -0.000009 -0.000009 -0.000007 -0.000009 -0.000013 -0.000013 -0.000017 -0.000016 -0.000007 -0.000004 -0.000000 0.000002 0.000006 0.000010 0.000008 0.000007 0.000007 0.000004 0.000000 0.000002 0.000012 0.000060 0.000028
-0.000009 -0.000004 -0.000004 -0.000005 -0.000001 0.000000 0.000000 -0.000011 -0.000016 -0.000031 -0.000014 -0.000006 -0.000002 -0.000000 0.000000 0.000003 0.000007 0.000017 0.000017 0.000011 -0.000004 -0.000005 -0.000002 0.000000 0.000000 0.000007 0.000120 -0.000002 0.000000 0.000004 0.017084 -0.006186 -0.006415 -0.003100 -0.000309 -0.000009 -0.000012 -0.000012 -0.000006 -0.000002 -0.000002 -0.000004 -0.000003 -0.000003 -0.000006 -0.000008 -0.000003 -0.000000 0.000010 0.000014 0.000007 0.000007 0.000006 0.000003 0.000018 0.000000 0.000003 0.000005 0.000021 0.004931
-0.000006 -0.000002 -0.000001 -0.000001 -0.000000 0.000000 -0.000012 -0.000065 -0.000039 -0.000008 -0.000007 -0.000004 -0.000001 -0.000000 0.000000 0.000004 0.000015 0.000050 0.000074 0.000483 -0.000007 -0.000004 -0.000000 0.000000 0.000004 0.000006 0.000020 -0.000000 0.000004 -0.007337 -0.005411 -0.000040 -0.000001 0.000000 -0.000254 -0.000002 -0.000003 -0.000003 -0.000004 -0.000006 -0.000008 -0.000013 -0.000009 -0.000013 -0.000021 -0.000021 -0.000002 0.000000 0.000004 0.000016 0.000060 0.000061 0.000025 0.000009 0.000007 0.000000 0.000001 0.000006 0.000211 -0.033795
-0.000004 -0.000001 0.000000 0.000000 0.000001 0.000042 -0.005154 -0.000008 -0.000006 -0.000005 -0.000006 -0.000002 0.000000 0.000000 0.000002 0.000006 0.000008 0.000005 0.000003 0.012439 -0.000007 -0.000003 -0.000000 0.000001 0.000007 0.000030 0.000000 0.000733 -0.022366 -0.019385 -0.000010 -0.000006 -0.000001 0.000000 -0.000036 -0.000237 -0.000041 -0.000107 -0.000183 -0.000172 -0.000130 -0.000137 -0.000154 -0.000076 -0.000037 0.000000 0.000001 0.000002 0.000006 0.000038 0.000025 0.000035 0.000115 0.000041 0.000038 0.000000 0.000000 0.000322 -0.054398 -0.066517
-0.000002 -0.000000 0.000000 0.000001 0.000002 -0.001333 -0.000014 -0.000005 -0.000004 -0.000002 -0.000001 -0.000001 0.000000 0.000001 0.000004 0.000009 0.000015 0.000010 0.000007 0.000435 0.000143 -0.000002 -0.000000 0.000002 0.000004 0.000028 -0.002407 -0.006464 -0.000023 -0.000015 -0.000008 -0.000004 -0.000001 -0.000000 0.000003 0.000116 -0.000223 -0.000165 -0.000027 -0.000013 -0.000009 -0.000011 -0.000010 -0.000008 -0.000003 0.000000 0.000006 0.000044 0.000000 0.000004 0.000004 0.000004 0.000009 0.000098 0.000186 0.000133 0.000000 -0.052358 -0.070511 -0.010523
0.000001 0.000001 0.000001 0.000002 -0.000038 -0.000190 -0.000004 -0.000002 -0.000003 -0.000005 -0.000003 -0.000001 0.000000 0.000002 0.000006 0.000016 0.000028 0.000020 0.000007 0.000011 0.000192 0.000183 0.000000 0.000001 0.000514 -0.014294 -0.005561 -0.000013 -0.000009 -0.000007 -0.000006 -0.000003 -0.000000 -0.000000 0.000002 0.000004 -0.000019 -0.000012 -0.000013 -0.000014 -0.000016 -0.000008 -0.000005 -0.000002 0.000000 0.000003 0.000025 -0.000005 0.000000 0.000002 0.000007 0.000010 0.000004 0.000003 0.000176 -0.012780 -0.020163 -0.054991 -0.019909 -0.000004
0.000002 0.000006 0.000006 0.000065 -0.002081 -0.000006 -0.000002 -0.000004 -0.000007 -0.000007 -0.000005 -0.000000 0.000000 0.000005 0.000012 0.000009 0.000011 0.000028 0.000015 0.000011 0.000109 0.000170 0.003254 -0.011171 -0.003459 -0.000020 -0.000008 -0.000010 -0.000006 -0.000002 -0.000002 -0.000002 -0.000001 -0.000000 -0.000000 0.000001 -0.000008 -0.000009 -0.000011 -0.000011 -0.000006 -0.000002 -0.000001 0.000000 0.000002 0.000009 0.000098 -0.000005 0.000000 0.000002 0.000007 0.000015 0.000011 0.000030 -0.006722 -0.041884 -0.060455 -0.038043 -0.002743 -0.000006
0.000004 0.000009 0.000006 -0.000257 -0.000003 -0.000003 -0.000001 -0.000006 -0.000021 -0.000029 -0.000002 -0.000000 0.000002 0.000012 0.000028 0.000025 0.000017 0.000015 0.000035 0.000023 0.000120 -0.003432 -0.011367 -0.001852 -0.000052 -0.000030 -0.000002 -0.000003 -0.000004 -0.000009 -0.000016 -0.000016 -0.000025 -0.000008 -0.000001 -0.000001 -0.000004 -0.000007 -0.000006 -0.000003 -0.000004 -0.000003 -0.000000 0.000001 0.000003 0.000008 0.000047 0.000025 0.000000 0.000003 0.000009 0.000016 0.005576 -0.073357 -0.086401 -0.050633 -0.041936 -0.011253 -0.005921 -0.001491
0.000006 0.000010 0.000103 -0.000113 -0.000024 -0.000018 -0.000025 -0.000161 -0.000048 -0.000009 -0.000006 -0.000000 0.000001 0.000005 0.000012 0.000110 0.000083 0.000054 0.000048 0.004624 -0.007521 -0.001230 -0.000010 -0.000066 -0.000049 -0.000055 -0.000152 -0.000191 -0.000279 -0.000182 -0.000080 -0.000048 -0.000008 -0.000004 -0.000003 -0.000004 -0.000003 -0.000005 -0.000003 -0.000007 -0.000007 -0.000002 -0.000000 0.000003 0.000005 0.000011 0.000055 0.000012 0.000000 0.000002 0.000016 0.006957 -0.155786 -0.071764 -0.015619 -0.002553 -0.002618 -0.000077 -0.000063 -0.000177
0.000008 0.000010 0.000100 -0.000111 -0.000111 -0.000195 -0.000055 -0.000010 -0.000006 -0.000002 -0.000001 0.000000 0.000002 0.000007 0.000013 0.000007 0.000019 0.000024 0.017614 -0.012059 -0.000016 -0.000005 -0.000000 -0.000001 -0.000042 -0.000088 -0.000024 -0.000009 -0.000010 -0.000011 -0.000008 -0.000010 -0.000005 -0.000003 -0.000001 -0.000001 0.000000 0.000000 -0.000001 -0.000003 -0.000001 -0.000000 -0.000000 0.000002 0.000011 0.000000 0.000002 0.000056 0.000012 0.000227 -0.032540 -0.069648 -0.068081 -0.010617 -0.000002 -0.000003 -0.000090 -0.000019 -0.000009 -0.000000
0.000008 0.000109 -0.008373 -0.000247 -0.000103 -0.000008 -0.000004 -0.000003 -0.000003 -0.000001 -0.000000 0.000000 0.000002 0.000007 0.000015 0.000016 0.000023 0.016937 -0.000449 -0.000015 -0.000015 -0.000005 -0.000000 -0.000000 -0.000010 -0.000008 -0.000007 -0.000005 -0.000005 -0.000005 -0.000005 -0.000006 -0.000003 -0.000001 -0.000001 -0.000000 0.000000 0.000001 0.000006 0.000004 -0.000001 -0.000000 0.000000 0.000004 0.000012 0.000011 0.000532 -0.078922 -0.103821 -0.098654 -0.083300 -0.050212 -0.022859 -0.000003 0.000000 -0.000032 -0.000122 -0.000042 -0.000037 -0.000019
0.000187 -0.000486 -0.000421 -0.000014 -0.000009 -0.000005 -0.000001 -0.000001 -0.000000 -0.000000 0.000000 0.000001 0.000003 0.000009 0.000017 0.000021 0.000128 -0.000134 -0.000010 -0.000011 -0.000010 -0.000004 -0.000001 -0.000001 -0.000004 -0.000006 -0.000004 -0.000001 -0.000002 -0.000002 -0.000001 -0.000001 0.000000 0.000000 0.000002 0.000002 0.000002 0.000005 0.000008 -0.000005 -0.000002 -0.000000 0.000000 0.000005 0.000021 -0.002885 -0.198691 -0.087104 -0.025815 -0.008188 -0.008094 -0.014938 -0.000013 -0.000001 0.000000 -0.000708 -0.000243 -0.000010 -0.000003 -0.000008
-0.000621 -0.000010 -0.000008 -0.000013 -0.000006 -0.000003 -0.000003 -0.000001 -0.000000 0.000000 0.000001 0.000002 0.000004 0.000017 0.000023 0.000030 0.015996 -0.000012 -0.000008 -0.000006 -0.000004 -0.000003 -0.000002 -0.000001 -0.000002 -0.000002 -0.000002 -0.000002 -0.000002 -0.000004 -0.000002 -0.000001 0.000000 0.000001 0.000006 0.000006 0.000005 0.000008 0.000058 -0.000202 -0.000002 0.000000 0.000001 0.000009 -0.003824 -0.122046 -0.043329 -0.000155 -0.000000 -0.000000 0.000000 -0.000140 -0.000014 -0.000000 0.000000 -0.000088 -0.000518 -0.000003 -0.000001 0.000000
-0.000009 -0.000008 -0.000012 -0.000008 -0.000003 -0.000005 -0.000001 -0.000000 -0.000000 -0.000000 0.000000 0.000001 0.000006 0.000009 0.000021 0.000150 -0.001401 -0.000008 -0.000005 -0.000002 -0.000001 -0.000001 -0.000004 -0.000003 -0.000004 -0.000004 -0.000001 -0.000000 0.000000 -0.000013 -0.000004 -0.000000 0.000000 0.000002 0.000008 0.000010 0.000219 -0.079183 -0.077964 -0.040581 -0.029312 -0.013211 -0.057955 -0.096087 -0.136344 -0.045779 -0.000014 -0.000009 -0.000001 -0.000000 0.000002 -0.000043 -0.000029 -0.000000 0.000001 0.000005 -0.001367 -0.000018 -0.000003 0.000000
-0.000005 -0.000003 -0.000003 -0.000002 -0.000000 -0.000000 0.000001 -0.000000 -0.000006 -0.000005 -0.000000 0.000000 0.000008 0.000017 0.000028 0.023373 -0.000003 -0.000003 -0.000003 -0.000004 -0.000003 -0.000003 -0.000002 -0.000000 0.000002 0.000003 0.000000 -0.000003 -0.000008 -0.000008 -0.000001 -0.000000 0.000001 0.000008 0.000015 0.002565 -0.171839 -0.108617 -0.055108 -0.091777 -0.111404 -0.095570 -0.078096 -0.056101 -0.046657 -0.000042 -0.000031 -0.000013 -0.000002 -0.000000 0.000002 -0.000058 -0.000067 -0.000002 0.000000 0.000002 0.000119 -0.000558 -0.000007 -0.000000
-0.000001 -0.000001 0.000000 0.000002 0.000004 0.000004 0.000007 -0.000008 -0.000005 -0.000003 -0.000001 0.000000 0.000002 0.000017 0.008879 -0.021613 -0.020185 -0.000199 -0.000005 -0.000005 -0.000006 -0.000002 -0.000000 0.000003 0.000010 0.028751 -0.009858 -0.020590 -0.000049 -0.000007 -0.000001 -0.000000 0.000001 0.000410 -0.066543 -0.207101 -0.108872 -0.000151 -0.000002 0.000000 0.000001 0.000006 0.000020 -0.000074 -0.000220 -0.000014 -0.000022 -0.000027 -0.000009 -0.000001 -0.000000 0.000000 -0.000136 -0.000007 0.000000 0.000002 0.000188 -0.000653 -0.000007 -0.000000
-0.000000 -0.000000 0.000002 0.000007 0.000007 0.000004 0.000011 -0.000001 -0.000000 -0.000003 -0.000002 -0.000001 0.000000 0.000155 -0.046189 -0.077412 -0.101044 -0.083928 -0.054291 -0.000306 -0.000011 -0.000000 0.000000 -0.000157 -0.081201 -0.071838 -0.060622 -0.079867 -0.071290 -0.052341 -0.063647 -0.081927 -0.101818 -0.132804 -0.105607 -0.019843 -0.000008 -0.000005 -0.000002 0.000000 0.000002 0.000009 0.000006 0.000003 -0.000208 -0.000010 -0.000006 -0.000002 -0.000002 -0.000004 -0.000001 0.000000 -0.000057 -0.000004 0.000000 0.000007 0.000014 -0.001343 -0.000015 -0.000001
0.000000 0.000003 0.000042 -0.005461 -0.019912 -0.040608 -0.045398 -0.021675 -0.031450 -0.035894 -0.041758 -0.062160 -0.038817 -0.095366 -0.127248 -0.094759 -0.079718 -0.074548 -0.119746 -0.147135 -0.101777 -0.092751 -0.103397 -0.122202 -0.110257 -0.070634 -0.065155 -0.081448 -0.090865 -0.083234 -0.086979 -0.040049 -0.013334 -0.001918 -0.000113 -0.000006 -0.000002 -0.000002 -0.000001 0.000000 0.000002 0.000004 0.000000 0.000001 -0.000374 -0.000004 -0.000004 -0.000003 -0.000000 -0.000001 -0.000000 0.000000 -0.000105 -0.000006 0.000000 0.000008 0.000014 -0.001028 -0.000010 -0.000003
0.000462 -0.085842 -0.150871 -0.146035 -0.118659 -0.132040 -0.130815 -0.119031 -0.110904 -0.102859 -0.085621 -0.099344 -0.107941 -0.095383 -0.056941 -0.019498 -0.000023 -0.000002 -0.000003 -0.022042 -0.068197 -0.082187 -0.067184 -0.026219 -0.011523 -0.001682 -0.000566 -0.000432 -0.001306 -0.004170 -0.005941 -0.000200 -0.000072 -0.000155 -0.000223 -0.000003 -0.000005 -0.000006 -0.000003 -0.000003 -0.000002 -0.000001 -0.000000 0.000003 -0.000032 -0.000243 -0.000009 -0.000005 -0.000005 -0.000005 -0.000001 -0.000000 -0.000052 -0.000009 0.000000 0.000008 0.000032 -0.002202 -0.000032 -0.000022
-0.143016 -0.116588 -0.094961 -0.088030 -0.051751 -0.033133 -0.027765 -0.040349 -0.056000 -0.051144 -0.055235 -0.042856 -0.030929 -0.019728 -0.004603 -0.000037 -0.000014 -0.000004 -0.000000 0.000002 0.000005 0.000224 -0.000252 -0.000006 -0.000009 -0.000006 -0.000001 0.000000 0.000001 0.000006 -0.000121 -0.000483 -0.000038 -0.000091 -0.000270 -0.000729 -0.001290 -0.001118 -0.000015 -0.000020 -0.000031 -0.000005 -0.000000 0.000001 0.000011 -0.000009 -0.003298 -0.000014 -0.000012 -0.000004 -0.000002 -0.000000 -0.000030 -0.000006 0.000000 0.000004 0.000025 -0.001369 -0.000007 -0.000007
-0.117217 -0.046267 0.004369 0.000999 -0.000915 -0.000049 -0.000007 -0.000000 0.000001 0.000005 0.000950 -0.000174 -0.000213 -0.000071 -0.000096 -0.000026 -0.000013 -0.000008 -0.000000 -0.000000 0.000001 0.000004 0.000023 -0.000020 -0.000019 -0.000012 -0.000001 0.000000 0.000001 0.000005 0.000003 -0.000076 -0.000702 -0.000173 -0.000037 -0.000002 0.000000 -0.001449 -0.000630 -0.000049 -0.000013 -0.000006 -0.000000 0.000000 0.000001 0.000000 -0.000018 -0.000123 -0.000120 -0.000084 -0.000009 -0.000000 -0.000004 -0.000001 0.000000 0.000040 0.000041 -0.001870 -0.000012 -0.000005
-0.018408 -0.021041 -0.000167 -0.000006 -0.000004 -0.000007 -0.000006 -0.000000 0.000000 0.000004 0.000006 -0.000005 -0.000009 -0.000019 -0.000057 -0.000069 -0.000029 -0.000015 -0.000004 -0.000000 0.000000 0.000002 0.000053 -0.000010 -0.000030 -0.000012 -0.000000 -0.000000 0.000001 0.000005 0.000000 0.000001 -0.000117 -0.000019 -0.000010 -0.000002 -0.000000 -0.000157 -0.000636 -0.000010 -0.000012 -0.000008 -0.000003 0.000000 0.000002 0.000006 0.000092 -0.000053 -0.000040 -0.000052 -0.000060 -0.000013 -0.000001 -0.000000 0.000002 0.000014 0.000027 0.001260 -0.001121 -0.000012
-0.000000 -0.000087 -0.000182 -0.000004 -0.000001 -0.000000 -0.000000 -0.000000 0.000000 0.000002 0.000004 0.000010 -0.000000 0.000000 -0.000020 -0.000045 -0.000018 -0.000033 -0.000013 -0.000001 0.000000 0.000001 0.000064 -0.000001 -0.000005 -0.000009 -0.000001 -0.000000 0.000000 0.000000 0.000000 0.000001 -0.000031 -0.000017 -0.000025 -0.000008 -0.000000 0.000002 -0.001965 -0.000003 -0.000003 -0.000005 -0.000003 0.000000 0.000003 0.000013 0.000040 -0.000067 -0.000027 -0.000017 -0.000016 -0.000006 -0.000002 -0.000000 0.000000 0.000006 0.000018 0.000037 -0.000215 -0.001102
