use_cases/Flooding/flood_case/output/hUx_1800.asc
ncols 269
nrows 269
xllcorner 0.000000
yllcorner 0.000000
cellsize 10.000000
NODATA_value -9999.000000
[rows 216 to 242 of 269, columns 122 to 182 of 269]
0.000000 0.000000 0.000000 0.000000 0.000000 0.000000 0.000000 0.000000 0.000000 -0.000000 0.000000 0.000000 0.000004 -0.000359 -0.000080 -0.000025 -0.000007 -0.000005 -0.000001 0.000000 -0.000004 -0.000330 -0.000231 -0.000034 -0.000020 -0.000010 -0.000006 -0.000004 -0.000001 0.000000 -0.000003 -0.000009 -0.000010 -0.000006 0.000000 0.000010 0.000022 0.006074 -0.000369 -0.000005 0.000000 0.000008 -0.000032 -0.000028 -0.000005 -0.000000 0.000001 -0.000101 -0.000084 -0.000010 -0.000002 0.000000 0.000002 0.000002 0.000001 -9999.000000 -9999.000000 -9999.000000 -9999.000000 -9999.000000 -9999.000000
0.000000 0.000000 0.000000 0.000000 0.000000 0.000000 0.000000 0.000000 -0.000000 -0.000000 -0.000000 0.000000 0.000006 -0.000051 -0.000068 -0.000016 -0.000016 -0.000015 -0.000003 -0.000000 0.000002 -0.000010 -0.000026 -0.000028 -0.000015 -0.000007 -0.000001 0.000000 0.000000 0.000001 -0.000009 -0.000011 -0.000015 -0.000004 0.000000 0.000007 0.000065 0.000803 -0.000064 -0.000005 -0.000000 0.000005 -0.000082 -0.000027 -0.000011 -0.000000 0.000000 -0.000003 -0.000033 -0.000083 -0.000016 0.000000 0.000000 -9999.000000 -9999.000000 -9999.000000 -9999.000000 -9999.000000 -9999.000000 -9999.000000 -9999.000000
0.000000 0.000000 0.000000 0.000000 0.000000 0.000000 0.000000 0.000000 -0.000000 -0.000000 -0.000000 0.000000 0.000004 0.000012 -0.000090 -0.000008 -0.000015 -0.000018 -0.000006 -0.000000 0.000001 -0.000016 -0.000016 -0.000023 -0.000030 -0.000013 -0.000002 0.000000 0.000001 0.000003 -0.000035 -0.000007 -0.000007 -0.000001 0.000000 0.000003 0.000027 0.000475 -0.000135 -0.000005 -0.000000 0.000002 -0.000061 -0.000022 -0.000009 -0.000005 -0.000000 0.000000 0.000000 0.000000 0.000000 -9999.000000 -9999.000000 -9999.000000 -9999.000000 -9999.000000 -9999.000000 -9999.000000 -9999.000000 -9999.000000 -9999.000000
0.000000 0.000000 0.000000 0.000000 0.000000 -0.000000 -0.000000 -0.000000 -0.000000 -0.000000 -0.000000 -0.000000 0.000002 0.000003 -0.000094 -0.000064 -0.000010 -0.000016 -0.000009 -0.000002 -0.000000 -0.000013 -0.000011 -0.000013 -0.000010 -0.000002 -0.000000 0.000001 0.000005 0.000017 -0.000113 -0.000053 -0.000013 0.000000 0.000008 0.000039 0.000037 0.000242 -0.000207 -0.000005 -0.000000 -0.000010 -0.000023 -0.000024 -0.000016 -0.000010 -0.000004 -0.000000 0.000001 0.000002 0.000001 -9999.000000 -9999.000000 -9999.000000 -9999.000000 -9999.000000 -9999.000000 -9999.000000 -9999.000000 -9999.000000 -9999.000000
0.000000 0.000000 0.000000 0.000000 -0.000000 -0.000000 -0.000000 -0.000000 -0.000000 -0.000000 -0.000001 -0.000001 0.000000 0.000002 -0.000011 -0.000031 -0.000050 -0.000020 -0.000008 -0.000008 -0.000005 -0.000005 -0.000006 -0.000003 -0.000002 -0.000000 0.000002 0.000004 0.000052 -0.000349 -0.000022 -0.000016 -0.000007 0.000000 0.000001 0.000008 0.000013 0.000023 -0.000123 -0.000005 -0.000009 -0.000021 -0.000021 -0.000016 -0.000006 -0.000005 -0.000005 -0.000001 0.000000 0.000002 0.000006 -9999.000000 -9999.000000 -9999.000000 -9999.000000 -9999.000000 -9999.000000 -9999.000000 -9999.000000 -9999.000000 -9999.000000
0.000000 0.000000 0.000000 0.000000 0.000000 -0.000000 -0.000000 -0.000000 -0.000000 -0.000001 -0.000001 -0.000001 0.000000 0.000001 -0.000006 -0.000009 -0.000008 -0.000002 0.000000 -0.000011 -0.000010 -0.000008 -0.000002 -0.000000 -0.000000 -0.000000 0.000002 -0.000152 -0.000344 -0.000022 -0.000018 -0.000009 -0.000003 0.000000 0.000002 0.000005 0.000006 0.000028 0.000050 -0.000475 -0.000015 -0.000010 -0.000015 -0.000009 -0.000001 -0.000000 -0.000005 -0.000002 0.000000 -9999.000000 -9999.000000 -9999.000000 -9999.000000 -9999.000000 -9999.000000 -9999.000000 -9999.000000 -9999.000000 -9999.000000 -9999.000000 -9999.000000
0.000000 0.000000 0.000000 0.000000 0.000000 0.000000 0.000000 -0.000000 -0.000001 -0.000001 -0.000002 -0.000003 -0.000009 -0.000013 -0.000011 -0.000003 -0.000002 0.000000 0.000003 0.000003 -0.000013 -0.000008 -0.000000 0.000001 0.000056 -0.000263 -0.005358 -0.000458 -0.000034 -0.000031 -0.000010 -0.000004 0.000000 0.000001 0.000016 0.000041 0.000090 0.000016 0.000007 -0.000048 -0.000108 -0.000068 -0.000021 -0.000004 0.000000 -0.000002 -0.000001 0.000000 -9999.000000 -9999.000000 -9999.000000 -9999.000000 -9999.000000 -9999.000000 -9999.000000 -9999.000000 -9999.000000 -9999.000000 -9999.000000 -9999.000000 -9999.000000
0.000000 0.000000 0.000000 0.000000 0.000000 0.000000 0.000000 -0.000000 -0.000000 -0.000002 -0.000003 -0.000009 -0.000012 -0.000015 -0.000012 -0.000004 -0.000001 0.000000 -0.006479 -0.000129 -0.000074 -0.000008 -0.000000 -0.000123 -0.000515 -0.000011 -0.000008 -0.000030 -0.000021 -0.000016 -0.000004 -0.000001 0.000000 0.000000 0.000000 0.000002 0.000005 0.000007 0.000012 0.000095 -0.000025 -0.000022 -0.000011 -0.000002 0.000000 0.000001 0.000001 -9999.000000 -9999.000000 -9999.000000 -9999.000000 -9999.000000 -9999.000000 -9999.000000 -9999.000000 -9999.000000 -9999.000000 -9999.000000 -9999.000000 -9999.000000 -9999.000000
0.000000 0.000000 0.000000 0.000000 0.000000 0.000000 -0.000000 -0.000318 -0.000344 -0.000522 -0.000502 -0.000397 -0.000455 -0.000235 -0.000205 -0.000162 -0.000110 -0.000066 -0.000012 -0.000000 0.000000 -0.014997 -0.000850 -0.000868 -0.000015 -0.000004 -0.000003 -0.000010 -0.000013 -0.000010 -0.000007 -0.000001 0.000000 -0.000174 -0.000025 -0.000001 0.000000 0.000004 0.000016 0.000045 -0.000022 -0.000017 -0.000008 -0.000001 0.000000 0.000002 0.000002 -9999.000000 -9999.000000 -9999.000000 -9999.000000 -9999.000000 -9999.000000 -9999.000000 -9999.000000 -9999.000000 -9999.000000 -9999.000000 -9999.000000 -9999.000000 -9999.000000
0.000000 0.000000 0.000000 0.000000 0.000000 -0.000000 -0.000000 -0.000000 -0.000000 -0.000000 -0.000000 -0.000000 -0.000033 -0.000019 -0.000020 -0.000024 -0.000025 -0.000025 -0.000009 -0.000001 0.000000 0.000003 -0.000034 -0.000017 -0.000009 -0.000002 0.000000 -0.000003 -0.000001 0.000000 -0.000050 -0.000026 -0.000052 -0.000143 -0.000010 -0.000001 0.000000 0.000003 0.000019 0.000040 -0.000017 -0.000010 -0.000003 -0.000000 0.000002 0.000006 0.000005 -9999.000000 -9999.000000 -9999.000000 -9999.000000 -9999.000000 -9999.000000 -9999.000000 -9999.000000 -9999.000000 -9999.000000 -9999.000000 -9999.000000 -9999.000000 -9999.000000
0.000000 0.000000 0.000000 0.000000 0.000000 -0.000000 -0.000000 -0.000000 -0.000000 -0.000000 -0.000001 -0.000002 -0.000010 -0.000020 -0.000018 -0.000020 -0.000024 -0.000023 -0.000012 -0.000003 -0.000000 0.000002 -0.000011 -0.000008 -0.000008 -0.000003 0.000000 0.000002 0.000003 0.000005 -0.000013 -0.000049 -0.000090 -0.000017 -0.000008 0.000000 0.000003 0.000027 0.000019 0.000017 -0.000015 -0.000005 -0.000003 -0.000000 0.000005 0.000009 0.000006 -9999.000000 -9999.000000 -9999.000000 -9999.000000 -9999.000000 -9999.000000 -9999.000000 -9999.000000 -9999.000000 -9999.000000 -9999.000000 -9999.000000 -9999.000000 -9999.000000
0.000000 0.000000 0.000000 0.000000 0.000000 0.000000 -0.000000 -0.000000 -0.000000 -0.000000 -0.000054 -0.000075 -0.000079 -0.000041 -0.000030 -0.000017 -0.000019 -0.000020 -0.000013 -0.000004 -0.000000 0.000002 -0.000008 -0.000003 -0.000002 0.000000 0.000001 0.000001 0.000006 0.000009 -0.000032 -0.000037 -0.000009 -0.000014 -0.000006 -0.000000 0.000006 0.000010 0.000016 0.000009 -0.000012 -0.000004 -0.000000 0.000002 0.000006 0.000011 0.000000 -9999.000000 -9999.000000 -9999.000000 -9999.000000 -9999.000000 -9999.000000 -9999.000000 -9999.000000 -9999.000000 -9999.000000 -9999.000000 -9999.000000 -9999.000000 -9999.000000
0.000000 -0.000000 0.000000 0.000000 0.000000 0.000000 0.000000 -0.000000 -0.000040 -0.000092 -0.000110 -0.000012 -0.000018 -0.000018 -0.000017 -0.000014 -0.000016 -0.000015 -0.000009 -0.000003 -0.000002 -0.000006 -0.000003 0.000000 0.000004 0.000005 0.000006 0.000004 0.000005 0.000008 -0.013717 -0.000130 -0.000059 -0.000027 -0.000011 -0.000000 0.000001 0.000005 0.000010 0.000005 0.000024 -0.000000 0.000001 0.000007 0.000010 -0.000076 -0.000025 0.000000 -9999.000000 -9999.000000 -9999.000000 -9999.000000 -9999.000000 -9999.000000 -9999.000000 -9999.000000 -9999.000000 -9999.000000 -9999.000000 -9999.000000 -9999.000000
-0.000000 -0.000000 0.000000 0.000000 0.000000 0.000000 -0.000011 -0.000058 -0.000113 -0.000003 -0.000004 -0.000006 -0.000006 -0.000006 -0.000006 -0.000005 -0.000005 -0.000004 -0.000005 -0.000007 -0.000007 -0.000004 -0.000002 0.000000 0.000005 0.000009 0.000011 -0.000000 0.000000 -0.000189 -0.000438 -0.000016 -0.000014 -0.000011 -0.000006 -0.000001 0.000000 0.000002 0.000003 0.000009 0.000027 0.000001 0.000007 0.000013 0.000024 -0.000083 0.000000 -9999.000000 -9999.000000 -9999.000000 -9999.000000 -9999.000000 -9999.000000 -9999.000000 -9999.000000 -9999.000000 -9999.000000 -9999.000000 -9999.000000 -9999.000000 -9999.000000
-0.000000 -0.000000 -0.000000 -0.000001 -0.000004 -0.000011 -0.000049 -0.000001 -0.000001 -0.000002 -0.000002 -0.000006 -0.000020 -0.000019 -0.000017 -0.000014 -0.000010 -0.000006 -0.000005 -0.000006 -0.000005 -0.000003 -0.000000 0.000001 0.000007 0.000012 0.000009 -0.000048 -0.000171 -0.000572 -0.000011 -0.000005 -0.000005 -0.000004 -0.000002 -0.000000 0.000001 0.000005 0.000014 0.000021 0.000024 0.000001 0.000003 0.000025 -0.000209 -0.000005 0.000000 -9999.000000 -9999.000000 -9999.000000 -9999.000000 -9999.000000 -9999.000000 -9999.000000 -9999.000000 -9999.000000 -9999.000000 -9999.000000 -9999.000000 -9999.000000 -9999.000000
-0.000000 -0.000000 -0.000000 -0.000000 -0.000002 -0.000011 -0.000025 -0.000001 -0.000002 -0.000002 -0.000005 -0.000010 -0.000028 -0.000027 -0.000021 -0.000011 -0.000006 -0.000002 -0.000000 -0.000007 -0.000007 -0.000003 -0.000000 0.000002 0.000013 0.000019 -0.000034 -0.000145 -0.000139 -0.000013 -0.000010 -0.000017 -0.000013 -0.000009 -0.000003 -0.000000 0.000002 0.000006 0.000010 0.000016 0.000027 0.000007 0.000031 -0.003095 -0.000005 0.000000 -9999.000000 -9999.000000 -9999.000000 -9999.000000 -9999.000000 -9999.000000 -9999.000000 -9999.000000 -9999.000000 -9999.000000 -9999.000000 -9999.000000 -9999.000000 -9999.000000 -9999.000000
0.000000 -0.000000 -0.000000 -0.000000 0.000000 -0.000041 -0.000013 -0.000002 -0.000002 -0.000002 -0.000001 -0.000000 -0.000047 -0.000026 -0.000015 -0.000004 -0.000000 0.000000 0.000001 -0.000032 -0.000013 -0.000004 0.000000 0.000004 0.000006 0.000315 -0.000539 -0.000289 -0.000062 -0.000005 -0.000008 -0.000017 -0.000011 -0.000011 -0.000008 -0.000002 0.000000 0.000003 0.000018 0.000030 0.000033 -0.011122 -0.000425 -0.000003 0.000000 -9999.000000 -9999.000000 -9999.000000 -9999.000000 -9999.000000 -9999.000000 -9999.000000 -9999.000000 -9999.000000 -9999.000000 -9999.000000 -9999.000000 -9999.000000 -9999.000000 -9999.000000 -9999.000000
0.000000 -0.000000 -0.000000 -0.000000 -0.000002 -0.000006 -0.000006 -0.000002 -0.000002 -0.000001 -0.000000 -0.000000 -0.000060 -0.000023 -0.000014 -0.000003 -0.000000 0.000001 -0.000004 -0.000042 -0.000014 -0.000001 0.000000 0.000004 0.000079 -0.000301 -0.000018 -0.000032 -0.000045 -0.000001 -0.000000 -0.000017 -0.000005 -0.000000 -0.000007 -0.000002 0.000000 0.000003 0.000016 0.000023 -0.005522 -0.000005 0.000000 -9999.000000 -9999.000000 -9999.000000 -9999.000000 -9999.000000 -9999.000000 -9999.000000 -9999.000000 -9999.000000 -9999.000000 -9999.000000 -9999.000000 -9999.000000 -9999.000000 -9999.000000 -9999.000000 -9999.000000 -9999.000000
0.000000 -0.000000 0.000000 -0.000000 -0.000001 -0.000003 -0.000001 -0.000001 -0.000002 -0.000000 -0.000000 0.000000 -0.000026 -0.000020 -0.000014 -0.000003 -0.000000 -0.000010 -0.000057 -0.000050 -0.000009 -0.000000 0.000004 0.000007 -0.000680 -0.000336 -0.000015 -0.000002 -0.000001 -0.000000 0.000002 0.000009 -0.000002 -0.000000 -0.000011 -0.000002 0.000000 0.000004 0.000011 -0.005303 -0.000007 0.000000 -9999.000000 -9999.000000 -9999.000000 -9999.000000 -9999.000000 -9999.000000 -9999.000000 -9999.000000 -9999.000000 -9999.000000 -9999.000000 -9999.000000 -9999.000000 -9999.000000 -9999.000000 -9999.000000 -9999.000000 -9999.000000 -9999.000000
0.000000 0.000000 -0.635146 -0.743504 -0.698024 -0.732395 -0.000000 -0.000000 -0.000000 -0.000000 -0.000000 0.000000 -0.000072 -0.000023 -0.000020 -0.000019 -0.000043 -0.000090 -0.000043 -0.000018 -0.000003 -0.000000 0.000003 -0.000064 -0.000514 -0.000084 -0.000011 -0.000004 -0.000002 -0.000000 0.000004 0.000032 -0.000000 -0.000000 -0.000005 -0.000001 0.000000 0.000002 -0.003545 -0.000010 -0.000003 0.000000 -9999.000000 -9999.000000 -9999.000000 -9999.000000 -9999.000000 -9999.000000 -9999.000000 -9999.000000 -9999.000000 -9999.000000 -9999.000000 -9999.000000 -9999.000000 -9999.000000 -9999.000000 -9999.000000 -9999.000000 -9999.000000 -9999.000000
-2.526001 -2.757819 -2.723711 -2.656363 -2.576668 -2.620040 -2.302380 -1.633720 -1.392234 -0.000002 -0.000003 -0.000015 -0.000048 -0.000026 -0.000032 -0.000050 -0.000061 -0.000054 -0.000041 -0.000018 -0.000004 0.000000 0.000005 -0.000359 -0.000254 -0.000037 -0.000010 -0.000008 -0.000003 0.000000 0.000004 0.000040 0.000017 -0.000003 -0.000016 -0.000014 -0.000037 -0.000035 -0.000003 0.000000 -9999.000000 -9999.000000 -9999.000000 -9999.000000 -9999.000000 -9999.000000 -9999.000000 -9999.000000 -9999.000000 -9999.000000 -9999.000000 -9999.000000 -9999.000000 -9999.000000 -9999.000000 -9999.000000 -9999.000000 -9999.000000 -9999.000000 -9999.000000 -9999.000000
-2.915340 -3.118331 -2.971163 -2.824718 -2.727244 -2.699629 -2.666822 -2.595355 -2.522431 -2.129947 -1.813987 -0.000026 -0.000048 -0.000051 -0.000049 -0.000045 -0.000060 -0.000054 -0.000049 -0.000022 -0.000004 0.000000 -0.000007 -0.000188 -0.000095 -0.000013 -0.000001 -0.000004 -0.000002 0.000000 0.000005 0.000030 -0.000475 -0.000072 -0.000072 -0.000034 -0.000003 0.000000 -9999.000000 -9999.000000 -9999.000000 -9999.000000 -9999.000000 -9999.000000 -9999.000000 -9999.000000 -9999.000000 -9999.000000 -9999.000000 -9999.000000 -9999.000000 -9999.000000 -9999.000000 -9999.000000 -9999.000000 -9999.000000 -9999.000000 -9999.000000 -9999.000000 -9999.000000 -9999.000000
-2.658651 -2.747221 -2.565804 -2.368234 -2.442862 -2.441603 -2.444815 -2.498502 -2.514250 -2.466919 -2.489954 -2.064322 -1.594738 -0.000018 -0.000049 -0.000032 -0.000046 -0.000040 -0.000014 -0.000008 -0.000001 0.000000 -0.000171 -0.000176 -0.000040 -0.000024 -0.000015 -0.000007 -0.000000 0.000000 -0.000000 -0.000058 -0.000004 0.000000 -9999.000000 -9999.000000 -9999.000000 -9999.000000 -9999.000000 -9999.000000 -9999.000000 -9999.000000 -9999.000000 -9999.000000 -9999.000000 -9999.000000 -9999.000000 -9999.000000 -9999.000000 -9999.000000 -9999.000000 -9999.000000 -9999.000000 -9999.000000 -9999.000000 -9999.000000 -9999.000000 -9999.000000 -9999.000000 -9999.000000 -9999.000000
-0.364610 -0.330640 0.000000 0.000000 0.000000 -0.974325 -1.222129 -1.780756 -2.069513 -2.210310 -2.296797 -2.087891 -2.043118 -1.899241 -0.000028 -0.000066 -0.000032 -0.000023 -0.000026 -0.000025 -0.000023 -0.000067 -0.000273 -0.000149 -0.000032 -0.000019 -0.000018 -0.000004 -0.000000 0.000000 -0.000109 -0.000003 0.000000 -9999.000000 -9999.000000 -9999.000000 -9999.000000 -9999.000000 -9999.000000 -9999.000000 -9999.000000 -9999.000000 -9999.000000 -9999.000000 -9999.000000 -9999.000000 -9999.000000 -9999.000000 -9999.000000 -9999.000000 -9999.000000 -9999.000000 -9999.000000 -9999.000000 -9999.000000 -9999.000000 -9999.000000 -9999.000000 -9999.000000 -9999.000000 -9999.000000
0.000000 0.000000 0.000000 0.000000 0.000000 0.000000 0.000000 0.000000 -1.284345 -1.457986 -2.020849 -1.898172 -1.955454 -1.997601 -1.965410 -0.000026 -0.000016 -0.000040 -0.000028 -0.000047 -0.000088 -0.000123 -0.000106 -0.000040 -0.000029 -0.000017 -0.000022 -0.000006 -0.000000 -9999.000000 -9999.000000 -9999.000000 -9999.000000 -9999.000000 -9999.000000 -9999.000000 -9999.000000 -9999.000000 -9999.000000 -9999.000000 -9999.000000 -9999.000000 -9999.000000 -9999.000000 -9999.000000 -9999.000000 -9999.000000 -9999.000000 -9999.000000 -9999.000000 -9999.000000 -9999.000000 -9999.000000 -9999.000000 -9999.000000 -9999.000000 -9999.000000 -9999.000000 -9999.000000 -9999.000000 -9999.000000
0.000000 0.000000 0.000000 0.000000 0.000000 0.000000 0.000000 0.000000 0.000000 0.000000 -1.744861 -1.815696 -2.080137 -2.301241 -2.424295 -2.145881 -1.698449 -0.000037 -0.000114 -0.000139 -0.000113 -0.000116 -0.000089 -0.000025 -0.000031 -0.000017 -0.000018 -0.000005 -0.000000 -9999.000000 -9999.000000 -9999.000000 -9999.000000 -9999.000000 -9999.000000 -9999.000000 -9999.000000 -9999.000000 -9999.000000 -9999.000000 -9999.000000 -9999.000000 -9999.000000 -9999.000000 -9999.000000 -9999.000000 -9999.000000 -9999.000000 -9999.000000 -9999.000000 -9999.000000 -9999.000000 -9999.000000 -9999.000000 -9999.000000 -9999.000000 -9999.000000 -9999.000000 -9999.000000 -9999.000000 -9999.000000
0.000000 0.000000 0.000000 0.000000 0.000000 0.000000 0.000000 0.000000 0.000000 0.000000 0.000000 -1.455837 -1.846881 -2.183820 -2.136688 -2.030056 -1.818626 -1.700906 -0.000025 -0.000037 -0.000062 -0.000091 -0.000072 -0.000021 -0.000018 -0.000050 -0.000036 -0.000000 -9999.000000 -9999.000000 -9999.000000 -9999.000000 -9999.000000 -9999.000000 -9999.000000 -9999.000000 -9999.000000 -9999.000000 -9999.000000 -9999.000000 -9999.000000 -9999.000000 -9999.000000 -9999.000000 -9999.000000 -9999.000000 -9999.000000 -9999.000000 -9999.000000 -9999.000000 -9999.000000 -9999.000000 -9999.000000 -9999.000000 -9999.000000 -9999.000000 -9999.000000 -9999.000000 -9999.000000 -9999.000000 -9999.000000
