use_cases/Flooding/flood_case/output/hUx_2700.asc
ncols 269
nrows 269
xllcorner 0.000000
yllcorner 0.000000
cellsize 10.000000
NODATA_value -9999.000000
[rows 108 to 134 of 269, columns 183 to 243 of 269]
0.000000 0.000012 -0.000107 -0.000024 -0.000016 -0.000000 0.000025 0.000044 0.000064 0.000603 -0.001100 -0.003936 -0.004122 -0.001937 -0.001811 -0.002621 -0.000409 -0.000528 -0.000155 -0.000103 -0.000060 -0.000055 -0.000026 -0.000011 0.000000 0.000006 -0.000012 -0.000008 0.000000 0.000006 0.000099 0.000125 0.000033 0.000005 0.000003 0.000000 0.000009 0.000026 0.000102 0.080629 -0.000980 -0.000472 -0.000099 -0.000013 -0.000000 0.000017 -0.000182 -0.000191 -0.000088 -0.000116 -0.000065 -0.000024 0.000000 0.000014 0.000109 -0.001466 -0.003583 -0.004064 -0.003855 -0.002891 -0.001976
0.000000 -0.000075 -0.000148 -0.000043 -0.000000 0.000018 0.000069 0.000088 0.000273 -0.001683 -0.001560 -0.000058 -0.000122 -0.000086 -0.000000 -0.000611 -0.000731 -0.000161 -0.000105 -0.000067 -0.000021 -0.000030 -0.000041 -0.000000 0.000000 0.000015 0.000021 -0.000029 -0.000017 0.000000 0.000011 0.000020 0.000003 0.000028 0.000094 0.000047 0.000062 0.000091 0.000065 0.005520 -0.000220 -0.000195 -0.000113 -0.000034 -0.000000 0.000026 0.000035 -0.000087 -0.000215 -0.000222 -0.000104 -0.000029 0.000000 0.000026 0.000014 -0.000106 -0.000205 -0.000262 -0.000307 -0.000433 -0.000910
0.000000 -0.000201 -0.000101 -0.000018 -0.000000 0.000040 0.000081 0.000014 -0.002319 -0.002157 -0.000746 -0.000117 -0.000067 -0.000103 -0.000118 -0.000140 -0.000107 -0.000096 -0.000037 -0.000026 -0.000003 -0.000008 -0.000004 -0.000000 0.000015 0.000033 0.000006 -0.000224 -0.000514 -0.000272 -0.000053 0.000000 0.000008 0.000062 0.000063 0.000101 0.000118 0.000166 0.028143 -0.041365 -0.000180 -0.000138 -0.000094 -0.000040 -0.000000 0.000030 0.000003 -0.000033 -0.000037 -0.000091 -0.000061 -0.000016 0.000000 0.000022 -0.000109 -0.000087 -0.000107 -0.000123 -0.000106 -0.000081 -0.000057
-0.000009 -0.000062 -0.000020 -0.000000 0.000010 0.000047 0.000273 -0.002971 -0.002000 -0.000752 -0.000329 -0.000219 -0.000146 -0.000055 -0.000107 -0.000096 -0.000067 -0.000053 -0.000043 -0.000000 0.000006 0.000021 -0.000000 0.000008 0.000026 -0.000117 -0.001648 -0.000760 -0.000170 -0.000078 -0.000036 0.000000 0.000013 0.000030 0.000098 0.000173 0.000216 0.001138 -0.057612 -0.000130 -0.000116 -0.000045 -0.000037 -0.000023 -0.000014 -0.000041 -0.000037 -0.000006 0.000000 0.000008 0.000011 -0.000071 -0.000035 -0.000028 -0.000035 -0.000028 -0.000023 -0.000028 -0.000043 -0.000035 -0.000036
-0.000130 -0.000050 -0.000000 0.000002 0.000009 -0.000049 -0.001746 -0.001382 -0.000716 -0.000600 -0.000385 -0.000276 -0.000208 -0.000091 -0.000032 -0.000016 0.000000 -0.000102 -0.000029 -0.000000 0.000013 0.000057 -0.000000 0.000068 -0.076282 -0.002779 -0.000099 -0.000115 -0.000102 -0.000027 -0.000013 0.000000 0.000029 0.000130 0.000469 0.000954 0.001297 0.000704 -0.004364 -0.000053 -0.000077 -0.000122 -0.000105 -0.000088 -0.000102 -0.000117 -0.000025 0.000000 0.000029 0.000065 0.000063 0.000060 -0.000051 -0.000054 -0.000070 -0.000072 -0.000089 -0.000096 -0.000098 -0.000085 -0.000090
0.000254 -0.000228 -0.000021 -0.000004 0.000000 -0.000463 -0.001178 -0.000883 -0.000745 -0.000511 -0.000327 -0.000239 -0.000207 -0.000135 -0.000064 -0.000005 0.000000 -0.000113 -0.000025 -0.000000 0.000021 0.000501 -0.000692 -0.003344 -0.000120 -0.000088 -0.000036 -0.000033 -0.000034 -0.000040 -0.000003 0.000000 0.000007 0.000055 0.000098 0.000156 0.000161 0.000173 0.015105 -0.102895 -0.000154 -0.000201 -0.000177 -0.000136 -0.000128 -0.000098 -0.000014 0.000000 0.000023 0.000056 0.000090 -0.002501 -0.005986 -0.008551 -0.010212 -0.006200 -0.004466 -0.000855 -0.001498 -0.002601 -0.005951
-0.022741 -0.024642 -0.028629 -0.024754 -0.013705 -0.026701 -0.010105 -0.002620 -0.001569 -0.000818 -0.000570 -0.000416 -0.000432 -0.000295 -0.000085 -0.000000 0.000012 0.000015 -0.000007 0.000000 -0.000326 -0.026323 -0.002586 -0.000046 -0.000044 -0.000048 -0.000064 -0.000022 -0.000000 0.000008 0.000028 -0.000012 -0.000027 0.000000 0.000016 0.000051 0.000087 0.000155 0.001504 -0.005135 -0.015182 -0.020053 -0.015494 -0.000195 -0.000123 -0.000043 -0.000000 0.000010 0.000633 -0.007403 -0.013091 -0.007713 -0.000199 -0.000377 -0.000627 -0.001294 -0.003628 -0.008268 -0.006024 -0.003829 -0.000680
-0.000102 -0.000005 -0.000002 -0.000005 -0.000000 -0.001863 -0.002134 -0.000833 -0.000228 -0.000346 -0.000262 -0.000199 -0.000156 -0.000136 -0.000043 -0.000000 0.000010 0.000140 0.000708 -0.001606 -0.006489 -0.000118 -0.000066 -0.000107 -0.000080 -0.000034 -0.000003 -0.000000 0.000009 0.000033 0.000064 -0.000101 -0.000140 -0.000058 0.000000 0.000008 0.000131 0.000316 0.000984 -0.000246 -0.000480 -0.000308 -0.001250 -0.012674 -0.015923 -0.000274 -0.000075 -0.038121 -0.027179 -0.010179 -0.000107 -0.000062 -0.000080 -0.000086 -0.000051 -0.000082 -0.000111 -0.000101 -0.000145 -0.000165 -0.000155
-0.000144 -0.000006 0.000000 0.000001 0.000006 -0.000075 -0.000351 -0.000811 -0.002025 -0.001833 -0.001187 -0.000273 -0.000199 -0.000146 -0.000047 -0.000000 0.000028 0.000164 -0.001983 -0.002417 -0.000049 -0.000047 -0.000055 -0.000042 -0.000045 -0.000046 -0.000023 -0.000000 0.000025 0.000063 0.000042 -0.000164 -0.000162 -0.000131 -0.000045 0.000000 0.000058 0.000143 0.000149 -0.000135 -0.000162 -0.000037 -0.000000 0.000004 -0.001781 -0.008349 -0.014700 -0.015740 -0.000137 -0.000107 -0.000069 -0.000019 -0.000019 -0.000013 0.000000 -0.000037 -0.000052 -0.000148 -0.000145 -0.000133 -0.000129
-0.000562 -0.000024 0.000000 0.000008 0.000038 0.000087 -0.000325 -0.000158 -0.000135 -0.000280 -0.000584 -0.000890 -0.000247 -0.000113 -0.000028 0.000000 0.000030 0.000660 -0.004193 -0.000687 -0.000087 -0.000019 -0.000000 0.000009 -0.000119 -0.000075 -0.000015 -0.000000 0.000045 0.000071 -0.000691 -0.000732 -0.001302 -0.000662 -0.000078 -0.000000 0.000019 0.000079 -0.000005 -0.000075 -0.000121 -0.000127 -0.000020 -0.000000 -0.000005 -0.000017 -0.000018 -0.000014 -0.000053 -0.000030 -0.000025 -0.000000 -0.000022 -0.000016 -0.000024 -0.000184 -0.000203 -0.000080 -0.000107 -0.000088 -0.000038
-0.000692 -0.000036 0.000000 0.000005 0.000033 0.000108 -0.000046 -0.000113 -0.000022 -0.000019 -0.000018 -0.000021 -0.000007 -0.000000 0.000002 0.000006 0.000037 -0.002229 -0.001390 -0.000398 -0.000105 -0.000037 -0.000000 0.000010 -0.000430 -0.000052 -0.000000 0.000006 0.000036 0.000163 -0.003938 -0.001332 -0.000289 -0.000287 -0.000244 -0.000012 -0.000000 -0.000021 -0.000038 -0.000071 -0.000088 -0.000117 -0.000076 -0.000019 -0.000053 -0.000018 0.000000 0.000026 0.000035 0.000047 0.000031 -0.000000 0.000001 -0.000103 -0.000143 -0.000225 -0.000116 -0.000063 -0.000021 0.000000 0.000002
-0.000353 -0.000031 -0.000000 0.000004 0.000075 0.000136 0.000061 0.000089 0.000467 0.000957 0.000594 0.000278 0.000441 0.000223 0.000537 0.001011 -0.008665 -0.066185 -0.001383 -0.000401 -0.000120 -0.000011 -0.000000 -0.000009 -0.000137 -0.000041 -0.000000 0.000013 -0.000314 -0.004766 -0.000145 -0.000172 -0.000166 -0.000111 -0.000047 -0.000052 -0.000033 -0.000052 -0.000101 -0.000122 -0.000081 -0.000103 -0.000094 -0.000071 -0.000025 0.000000 0.000024 0.000082 0.000104 0.000138 0.000128 0.000042 -0.001522 -0.004440 -0.003776 -0.000227 -0.000155 -0.000084 -0.000015 0.000000 -0.000651
-0.000243 -0.000049 -0.000000 0.000021 0.000086 0.000068 0.000047 0.000173 0.000451 0.000550 0.003952 0.077007 0.047878 0.096341 0.044080 -0.022935 0.042588 0.067276 -0.002973 -0.000114 -0.000016 -0.000000 0.000012 0.000070 -0.000182 -0.000096 -0.000064 -0.000349 -0.003861 -0.000118 -0.000049 -0.000048 -0.000049 -0.000051 -0.000098 -0.000109 -0.000090 -0.000087 -0.000043 -0.000050 -0.000056 -0.000075 -0.000036 -0.000023 0.000000 0.000017 0.000077 0.000137 0.000145 0.000099 0.000796 -0.047629 -0.008210 -0.001120 -0.001384 -0.004859 -0.003975 -0.002941 -0.001476 -0.002890 -0.002455
-0.000190 -0.000093 -0.000000 0.000005 0.000058 0.000286 0.000311 0.000388 0.000543 0.000565 0.000604 0.001534 0.031860 -0.079275 -0.058858 -0.007847 0.005036 0.028377 0.036701 0.003989 -0.000000 0.000014 -0.003980 -0.106528 -0.112646 -0.064612 -0.015479 -0.001350 -0.001540 -0.000082 -0.000175 -0.000176 -0.000117 -0.000129 -0.000179 -0.000256 -0.000202 -0.000117 -0.000111 -0.000134 -0.000080 -0.000022 -0.000000 -0.000000 0.000000 0.000020 0.000112 0.000209 0.000181 0.000352 -0.003850 -0.007227 -0.000317 -0.000339 -0.000060 -0.000006 -0.000068 -0.001073 -0.002573 -0.000646 -0.001275
0.000197 -0.000072 -0.000018 0.000000 0.000036 0.000126 0.000138 0.000130 0.000234 0.000394 0.000444 0.000622 0.000839 0.000830 0.000740 0.000404 0.054304 -0.095356 -0.041236 -0.034634 -0.035046 -0.101051 -0.083702 -0.104887 -0.016458 -0.017745 -0.125516 -0.115983 -0.000918 -0.000232 -0.000236 -0.000336 -0.000381 -0.000420 -0.000501 -0.000218 -0.000111 -0.000100 -0.000110 -0.000155 -0.000066 -0.000000 0.000005 0.000033 0.000038 0.000000 0.000040 0.000111 0.000166 -0.004666 -0.010590 -0.000210 -0.000205 -0.000294 -0.000207 -0.000014 -0.000000 -0.000135 -0.000157 -0.000245 -0.000151
0.000295 -0.000059 -0.000029 0.000000 0.000040 0.000113 0.000109 0.000038 0.000115 0.000280 0.000500 0.000742 0.000990 0.000676 0.000251 0.000130 0.000097 0.038748 -0.019724 -0.012638 -0.016240 -0.129935 -0.000294 -0.000052 -0.000008 0.000000 0.000022 -0.031786 -0.079525 -0.000310 -0.000471 -0.000526 -0.000542 -0.000214 -0.000147 -0.000180 -0.000060 -0.000000 -0.000070 -0.000130 -0.000084 -0.000010 0.000000 0.000033 0.000170 0.000122 0.000093 0.000754 -0.109102 -0.019163 -0.000184 -0.000164 -0.000177 -0.000180 -0.000126 -0.000070 -0.000003 -0.000043 -0.000078 -0.000092 -0.000077
0.000424 -0.000162 -0.000032 0.000000 0.000035 0.000139 0.000240 0.000237 0.000117 0.000141 0.000268 0.000471 0.000645 0.000366 -0.000000 0.000000 0.000022 0.000098 0.019322 -0.088997 -0.144025 -0.000261 -0.000122 -0.000046 -0.000006 0.000000 0.000034 0.000115 -0.207043 -0.103001 -0.000454 -0.000474 -0.000238 -0.000109 -0.000059 -0.000057 -0.000018 -0.000000 -0.000362 -0.000281 -0.000149 -0.000013 0.000000 0.000016 0.000124 0.000230 0.006174 -0.207830 -0.016981 -0.000123 -0.000119 -0.000101 -0.000054 -0.000059 -0.000055 -0.000052 -0.000053 -0.000096 -0.000080 -0.000035 -0.000023
0.000050 -0.000129 -0.000073 0.000000 0.000002 0.000072 0.000177 0.000156 0.000299 0.000134 0.000202 0.000746 0.000163 -0.000047 -0.000025 0.000000 0.000035 0.000099 0.000133 0.022440 -0.258102 -0.000266 -0.000280 -0.000149 -0.000024 0.000000 0.000035 0.000113 0.000147 -0.041965 -0.084300 -0.001193 -0.000206 -0.000043 -0.000019 -0.000008 -0.000000 0.000000 -0.000549 -0.000183 -0.000086 -0.000029 0.000000 0.000022 0.000141 0.000163 -0.003842 -0.000087 -0.000028 -0.000041 -0.000044 -0.000058 -0.000126 -0.000146 -0.000138 -0.000140 -0.000096 -0.000021 0.000000 0.000005 0.000011
-0.000006 -0.000030 -0.000033 0.000000 0.000018 0.000133 0.000177 0.000225 0.000309 0.000252 0.000435 -0.000163 -0.000057 -0.000024 -0.000002 0.000000 0.000024 0.000044 0.000053 0.001007 -0.016071 -0.000150 -0.000152 -0.000112 -0.000041 0.000000 0.000037 0.000100 0.000130 0.000219 -0.003348 -0.496961 -0.072365 -0.000050 -0.000043 -0.000022 -0.000000 -0.000186 -0.000629 -0.000202 -0.000192 -0.000073 -0.000001 0.000000 0.000071 0.005866 -0.017892 -0.000064 -0.000122 -0.000185 -0.000169 -0.000275 -0.000453 -0.000660 -0.000874 -0.000634 -0.000237 -0.000000 0.000017 0.000047 0.000093
-0.000066 -0.000071 -0.000020 0.000000 0.000005 0.000070 0.000157 0.000335 0.000312 0.000106 -0.000282 -0.000168 -0.000023 0.000000 0.000005 0.000035 0.000093 0.000135 0.002104 0.001358 0.002351 -0.000052 -0.000059 -0.000048 -0.000025 0.000000 0.000018 0.000075 0.000117 0.000136 0.000077 0.000079 -0.030303 -0.099107 -0.081862 -0.048323 -0.033535 -0.066893 -0.073468 -0.031698 -0.000140 -0.000065 -0.000000 -0.001659 -0.296257 -0.030272 -0.001575 -0.003176 -0.004450 -0.004788 -0.002786 -0.002667 -0.002207 -0.000685 -0.000139 -0.000078 -0.000020 -0.000000 0.000058 0.000104 0.000064
-0.000155 -0.000139 -0.000081 -0.000036 0.000000 0.000015 0.000092 0.000699 0.000275 0.000058 -0.000185 -0.000193 -0.000016 0.000000 0.000008 0.000229 0.002984 0.003271 0.000575 0.000387 0.005822 -0.267533 -0.000149 -0.000129 -0.000075 -0.000016 0.000000 0.000024 0.000069 0.000103 0.000078 0.000074 0.000084 0.000063 -0.000274 -0.000047 -0.000007 0.000000 -0.002348 -0.145489 -0.058539 -0.006463 -0.007687 -0.024901 -0.000125 -0.000060 -0.000010 -0.000007 -0.000032 -0.000083 -0.000260 -0.000193 -0.000153 -0.000092 -0.000071 -0.000017 -0.000000 0.000036 0.000132 0.000175 0.000125
-0.003304 -0.002066 -0.000183 -0.000170 -0.000043 0.000000 0.000107 0.002163 -0.000000 0.000007 0.000014 -0.000427 -0.000069 0.000000 0.000014 0.000041 0.002109 0.000000 0.000036 0.000194 0.000187 0.006100 -0.224618 -0.000162 -0.000121 -0.000055 -0.000016 0.000000 0.000010 0.000024 0.000032 0.000061 0.000083 0.000052 -0.000163 -0.000165 -0.000024 0.000000 0.000020 0.000116 0.001901 -0.068464 -0.077672 -0.000053 -0.000054 -0.000040 -0.000020 -0.000000 0.000008 0.000019 -0.000078 -0.000122 -0.000131 -0.000095 -0.000019 -0.000000 0.000039 0.000136 0.000127 0.000100 0.004525
-0.000053 -0.000361 -0.004215 -0.000187 -0.000139 0.000000 0.000037 0.000135 -0.000014 -0.000000 0.000008 0.000006 -0.000008 0.000000 0.000046 0.001589 0.000345 0.000000 0.000094 0.000187 0.000153 0.000099 0.007583 -0.341634 -0.000172 -0.000116 -0.000130 -0.000097 -0.000051 -0.000012 0.000000 0.000022 0.000050 0.000056 0.000090 -0.000130 -0.000024 0.000000 0.000027 0.000117 0.000117 0.000144 -0.007167 -0.030681 -0.000132 -0.000153 -0.000091 -0.000018 0.000000 0.000005 -0.000041 -0.000069 -0.000055 -0.000014 -0.000000 0.000027 0.000049 0.000086 0.000135 0.008376 -0.092961
-0.000010 0.000000 -0.001791 -0.000148 -0.000024 0.000000 0.000008 0.000009 -0.000006 -0.000000 0.000003 0.000018 0.000039 0.000136 0.000733 0.056098 0.000000 0.000043 0.000076 0.000061 0.000042 0.000043 0.000049 0.130022 -0.001668 -0.000194 -0.000203 -0.000171 -0.000133 -0.000105 -0.000045 -0.000002 -0.000000 0.000027 0.000050 -0.000046 -0.000016 0.000000 0.000031 0.000244 0.000024 0.000009 0.000056 0.002824 -0.027197 -0.000142 -0.000125 -0.000075 -0.000060 -0.000100 -0.000118 -0.000024 -0.000012 -0.000000 0.000008 0.000030 0.000102 0.000146 0.006133 -0.017319 -0.001188
-0.000008 0.000000 0.000145 -0.114403 -0.000152 -0.000055 -0.000024 -0.000029 -0.000024 -0.000000 0.000000 0.000028 0.000075 0.000125 0.000438 0.000119 0.000000 0.000021 0.000038 0.000042 0.000121 0.000146 0.000884 0.011265 -0.001136 -0.002302 -0.002392 -0.002288 -0.001419 -0.001283 -0.000548 -0.000081 -0.000008 -0.000000 0.000027 0.000112 -0.000002 0.000000 0.000048 0.000124 0.000000 0.000006 0.000046 0.000128 0.020702 -0.061860 -0.020044 -0.000128 -0.000120 -0.000102 -0.000147 -0.000045 -0.000000 0.000003 0.000007 0.000028 0.000105 0.006289 -0.053864 -0.001382 -0.000181
-0.000004 0.000000 0.000055 -0.002716 -0.000111 -0.000139 -0.000120 -0.000068 -0.000022 -0.000007 0.000000 0.000016 0.000119 0.000378 0.000312 -0.000008 0.000000 0.000020 0.000085 0.000567 0.001299 0.001139 0.000436 0.000619 -0.000067 -0.000080 -0.000097 -0.000098 -0.000061 -0.000080 -0.000152 -0.000264 -0.000063 -0.000000 0.000003 0.000008 0.000000 0.000012 0.000030 0.000004 0.000000 0.000009 0.000061 0.000096 0.000078 0.002271 -0.050084 -0.091027 -0.044012 -0.025408 -0.000112 -0.000036 -0.000000 0.000004 0.000010 0.000014 0.000033 -0.008346 -0.004223 -0.000047 -0.000072
0.000000 0.000002 0.000072 0.000572 -0.000561 -0.000526 -0.000445 -0.000158 -0.000046 -0.000018 0.000000 0.000003 0.000017 0.000028 0.000031 0.000000 0.000002 0.000030 0.000732 0.000313 0.000121 0.000068 0.000030 0.002536 -0.000013 -0.000024 -0.000020 -0.000016 -0.000014 -0.000011 -0.000010 -0.000013 -0.000013 -0.000007 -0.000000 0.000000 0.000000 0.000010 0.000029 -0.000002 0.000000 0.000004 0.000133 0.000038 0.000000 0.000004 0.000205 -0.000003 -0.000000 -0.015156 -0.060262 -0.019047 -0.011121 -0.018088 -0.016957 -0.019957 -0.036721 -0.018698 -0.000270 -0.000236 -0.000174
