use_cases/Flooding/flood_case/output/hUx_7200.asc
ncols 269
nrows 269
xllcorner 0.000000
yllcorner 0.000000
cellsize 10.000000
NODATA_value -9999.000000
[rows 135 to 161 of 269, columns 60 to 119 of 269]
-0.000000 -0.000119 -0.000446 -0.001348 -0.001257 -0.000976 -0.000641 -0.001453 -0.001102 -0.000017 -0.000012 -0.000012 -0.000016 -0.000022 -0.000022 -0.000019 -0.000027 -0.000048 -0.000082 -0.000092 -0.000059 -0.000025 -0.000011 -0.000000 0.000000 0.000005 0.000014 0.000015 -0.000007 0.000000 0.000028 0.000025 0.000019 0.000184 -0.000806 -0.000037 -0.000048 -0.000054 -0.000006 -0.000000 0.000000 0.000005 0.000011 0.000020 0.000022 0.000022 0.000015 0.000663 -0.000064 -0.000000 -0.004662 -0.006988 -0.000012 -0.000013 -0.000011 -0.000004 -0.000000 -0.000001 -0.000000 0.000000
-0.000002 -0.000007 -0.000007 -0.000003 -0.000000 -0.000002 -0.000003 -0.000009 -0.000037 -0.000032 -0.000020 -0.000006 -0.000008 -0.000011 -0.000009 -0.000007 -0.000009 -0.000014 -0.000012 -0.000015 -0.000015 -0.000010 -0.000004 -0.000001 0.000000 0.000008 0.000067 0.100168 -0.000016 0.000000 0.000019 0.000022 -0.000066 -0.001096 -0.000012 -0.000004 -0.000004 -0.000003 -0.000000 0.000002 0.000005 0.000007 0.000000 0.000009 0.000030 0.000025 0.000025 0.004613 -0.000186 -0.005006 -0.013591 -0.000004 -0.000006 -0.000006 -0.000006 -0.000006 -0.000010 -0.000006 -0.000001 0.000000
-0.000010 -0.000012 -0.000007 -0.000005 -0.000004 -0.000001 -0.000000 0.000000 -0.000029 -0.000014 -0.000012 -0.000009 -0.000002 -0.000004 -0.000006 -0.000012 -0.000012 -0.000005 -0.000004 -0.000002 0.000000 0.000001 0.000005 0.000003 -0.000003 0.000000 0.000011 0.000017 0.013030 0.000006 0.000000 -0.000525 -0.001189 -0.000013 -0.000008 -0.000010 -0.000005 -0.000004 -0.000001 0.000000 0.000004 0.000022 0.000020 0.000012 0.000010 0.000006 0.000008 -0.000906 -0.009785 -0.004741 -0.000073 -0.000175 -0.000201 -0.000112 -0.000026 -0.000027 -0.000026 -0.000007 -0.000002 0.000000
-0.000009 -0.000012 -0.000008 -0.000007 -0.000005 -0.000002 -0.000000 0.000000 -0.000018 -0.000011 -0.000007 -0.000003 -0.000009 -0.000015 -0.000026 -0.000028 -0.000018 -0.000013 -0.000009 -0.000003 0.000000 0.000002 0.000012 -0.000009 -0.000006 0.000000 0.000001 0.000005 0.000005 0.000144 0.000030 -0.000650 -0.000004 -0.000004 -0.000000 -0.000004 -0.000002 -0.000000 -0.000000 0.000000 0.000012 0.000034 0.000016 0.000014 0.000021 0.000539 -0.015726 -0.024224 -0.000034 -0.000007 -0.000003 -0.000004 -0.000025 -0.000087 -0.000135 -0.000078 -0.000013 -0.000005 -0.000001 0.000000
-0.000004 -0.000007 -0.000006 -0.000005 -0.000004 -0.000004 -0.000002 -0.000002 -0.000003 -0.000007 -0.000003 -0.000008 -0.000014 -0.000015 -0.000012 -0.000017 -0.000023 -0.000017 -0.000010 -0.000004 -0.000001 0.000000 0.000013 0.000005 -0.000013 -0.000003 0.000000 0.000008 0.000021 0.000062 0.000764 -0.000994 -0.000171 -0.000193 -0.000205 -0.000120 -0.000062 -0.000030 -0.000016 0.000000 0.000017 0.000085 0.000073 0.000798 -0.046365 -0.009746 -0.000620 -0.000706 -0.000078 -0.000012 -0.000005 -0.000000 -0.000017 -0.000013 -0.000021 -0.000014 -0.000007 -0.000002 0.000000 0.000001
-0.000010 -0.000002 -0.000002 -0.000001 -0.000001 -0.000002 -0.000001 -0.000000 0.000000 -0.000003 -0.000005 -0.000010 -0.000018 -0.000017 -0.000017 -0.000030 -0.000027 -0.000029 -0.000018 -0.000003 -0.000000 0.000000 0.000013 0.000151 -0.000004 -0.000002 0.000000 0.000002 0.000009 0.000071 0.002756 -0.000023 -0.000015 -0.000017 -0.000010 -0.000005 -0.000004 -0.000009 -0.000005 0.000000 0.000008 0.000008 0.000026 0.019617 -0.006378 -0.000004 -0.000000 -0.000058 -0.000126 -0.000008 -0.000011 -0.000008 -0.000010 -0.000010 -0.000012 -0.000008 -0.000002 0.000000 0.000001 0.000005
-0.000007 -0.000009 -0.000006 -0.000004 -0.000004 -0.000005 -0.000002 -0.000000 0.000001 -0.000038 -0.000157 -0.000154 -0.000136 -0.000098 -0.000059 -0.000050 -0.000040 -0.000008 -0.000000 0.000000 0.000001 0.000006 0.000013 0.000126 0.000008 -0.000002 0.000000 0.000001 0.000006 0.020000 -0.001479 -0.000012 -0.000013 -0.000004 -0.000002 0.000000 0.000006 0.000035 -0.000000 0.000000 0.000006 0.000015 0.000024 -0.004453 -0.000010 -0.000005 -0.000000 0.000000 -0.000255 -0.000164 -0.000004 -0.000003 -0.000005 -0.000005 -0.000004 -0.000003 -0.000002 0.000000 0.000003 0.000009
-0.000161 -0.000012 -0.000007 -0.000009 -0.000019 -0.000018 -0.000002 -0.000000 -0.000014 -0.000404 -0.000007 -0.000005 -0.000006 -0.000006 -0.000002 -0.000002 -0.000000 0.000001 0.000003 0.000004 0.000001 0.000000 0.000000 0.000011 0.000086 -0.000000 0.000000 0.000003 -0.001889 -0.001887 -0.000003 -0.000004 -0.000006 -0.000005 -0.000000 0.000001 0.000006 0.000024 -0.000000 -0.000000 0.000000 0.000005 0.000019 -0.019169 -0.000004 -0.000005 -0.000006 -0.000014 -0.000020 -0.000150 -0.000312 -0.000018 -0.000018 -0.000013 -0.000009 -0.000005 -0.000000 0.000001 0.000006 0.000008
-0.000051 -0.000065 -0.000055 -0.000095 -0.000029 -0.000001 -0.000000 0.000001 -0.000116 -0.000020 -0.000005 -0.000002 -0.000002 -0.000002 -0.000002 -0.000000 0.000005 0.000010 0.000008 0.000003 -0.000009 -0.000010 -0.000001 0.000000 0.000046 0.000030 -0.000119 -0.000491 -0.000830 -0.000004 -0.000006 -0.000005 -0.000001 -0.000000 0.000000 0.000001 0.000004 0.000020 -0.000009 -0.000002 -0.000000 0.000000 0.000077 -0.026023 -0.000012 -0.000011 -0.000012 -0.000006 -0.000006 0.000000 -0.000124 -0.000180 -0.000156 -0.000111 -0.000060 -0.000005 -0.000000 0.000004 0.000019 0.000060
-0.000002 -0.000003 -0.000012 -0.000002 -0.000001 -0.000000 0.000000 -0.000016 -0.000262 -0.000006 -0.000003 -0.000003 -0.000002 -0.000001 -0.000000 -0.000000 0.000008 0.000016 0.000040 -0.000092 -0.000016 -0.000011 -0.000002 0.000000 0.000017 0.000084 -0.000157 -0.000171 -0.000064 -0.000003 -0.000003 -0.000002 -0.000000 0.000001 0.000002 0.000003 0.000004 0.000069 -0.000014 -0.000003 -0.000000 0.000000 -0.005247 -0.009718 -0.000173 -0.000020 -0.000024 -0.000013 -0.000003 0.000000 -0.000011 -0.000017 -0.000016 -0.000021 -0.000023 -0.000014 -0.000000 0.000004 0.000014 0.000048
-0.000008 -0.000012 -0.000029 -0.000028 -0.000015 -0.000027 -0.002388 -0.000355 -0.000005 -0.000002 -0.000000 0.000000 0.000001 0.000003 -0.000000 0.000002 0.000011 0.015856 -0.038388 -0.043532 -0.032576 -0.011274 -0.000015 -0.000000 -0.000001 -0.012353 -0.014969 -0.013280 -0.020804 -0.005918 -0.000010 -0.000001 -0.000000 0.000009 -0.011276 -0.027611 -0.036166 -0.049814 -0.040305 -0.017367 -0.003300 -0.013356 -0.012051 -0.000068 -0.000119 -0.000201 -0.000016 -0.000030 -0.000051 -0.000100 -0.000114 -0.000036 -0.000025 -0.000015 -0.000004 0.000000 0.000001 0.000012 0.000037 0.000069
-0.000395 -0.000618 -0.000825 -0.000384 -0.000348 -0.000244 -0.000008 -0.000004 -0.000001 0.000000 0.000001 0.000004 0.000007 0.000014 -0.000000 0.000002 0.000011 -0.011655 -0.030761 -0.002587 -0.011316 -0.037502 -0.044095 -0.044263 -0.034886 -0.034361 -0.029559 -0.014669 -0.010733 -0.022582 -0.044112 -0.038140 -0.044000 -0.042647 -0.027213 -0.004759 -0.000135 -0.000000 -0.000560 -0.012454 -0.007743 -0.002066 -0.000016 -0.000017 -0.000031 -0.000080 -0.000170 -0.000147 -0.000143 -0.000060 -0.000018 -0.000012 -0.000007 -0.000004 -0.000001 0.000000 0.000005 0.000010 0.000021 0.000034
-0.000003 -0.000005 -0.000006 -0.000007 -0.000007 -0.000007 -0.000005 -0.000001 0.000000 0.000001 0.000004 0.000011 0.000010 0.000022 0.000000 0.000001 0.001641 -0.018012 -0.000186 -0.000001 -0.000000 0.000001 0.000018 -0.000006 -0.000011 -0.000006 -0.000003 0.000000 0.000000 -0.000000 0.000000 0.000001 -0.000022 -0.000009 -0.000007 -0.000001 0.000000 0.000003 0.004351 -0.004290 -0.000009 -0.000010 -0.000007 -0.000006 -0.000003 -0.000005 -0.000009 -0.000010 -0.000016 -0.000016 -0.000012 -0.000009 -0.000003 -0.000001 0.000000 0.000001 0.000010 0.000022 0.000028 0.000020
-0.000004 -0.000003 -0.000005 -0.000004 -0.000004 -0.000004 -0.000003 0.000000 0.000001 0.000004 0.000009 0.000008 0.000011 0.000030 0.000010 0.000006 -0.059346 -0.044777 -0.000013 -0.000004 -0.000000 0.000001 0.000001 -0.000003 -0.000005 -0.000002 0.000000 0.000013 0.000020 -0.000003 -0.000000 0.000000 -0.000001 -0.000004 -0.000004 -0.000001 0.000000 0.000003 0.028100 -0.002671 -0.000003 -0.000002 -0.000002 -0.000002 -0.000003 -0.000007 -0.000014 -0.000011 -0.000011 -0.000008 -0.000003 -0.000001 -0.000014 -0.000014 0.000000 0.000005 0.000017 0.000024 0.002805 -0.017693
-0.000003 -0.000001 -0.000001 -0.000001 -0.000001 -0.000001 -0.000001 0.000000 0.000002 0.000008 0.000014 0.000015 0.000010 0.000022 0.000084 -0.013618 -0.048053 -0.000169 -0.000029 -0.000018 -0.000002 -0.000000 -0.000000 -0.000000 -0.000004 -0.000002 0.000000 0.000000 -0.000000 -0.000001 -0.000000 0.000000 -0.000015 -0.000004 -0.000002 0.000000 0.000002 0.000050 0.033567 -0.005213 -0.000008 -0.000008 -0.000007 -0.000009 -0.000007 -0.000004 -0.000004 -0.000004 -0.000002 0.000000 -0.000026 -0.000070 -0.000043 -0.000003 0.000000 0.000008 0.000020 0.001149 -0.048630 -0.008563
-0.000002 -0.000002 -0.000003 -0.000004 -0.000003 -0.000003 -0.000001 0.000000 0.000003 0.000031 0.000082 0.000053 0.004115 -0.042226 -0.026417 -0.063845 -0.018721 -0.000015 -0.000015 -0.000014 -0.000005 -0.000001 -0.000000 0.000000 0.000002 0.000004 0.000010 0.000006 -0.000001 -0.000000 0.000000 0.000001 0.000004 -0.000001 -0.000000 0.000000 0.000004 0.000024 0.008743 -0.049851 -0.020134 -0.002851 -0.000020 -0.000009 -0.000010 -0.000008 -0.000010 -0.000008 -0.000005 -0.000065 -0.000140 -0.000012 -0.000005 0.000000 0.000003 0.000014 0.000021 0.052370 -0.017629 -0.000003
-0.000004 -0.000002 -0.000003 -0.000004 -0.000004 -0.000006 -0.000002 0.000000 0.000001 0.000005 0.000012 0.000089 -0.044081 -0.023160 -0.000014 -0.000015 -0.000015 -0.000012 -0.000012 -0.000010 -0.000005 -0.000001 0.000000 0.000000 0.000007 0.000008 0.000034 -0.000004 -0.000005 -0.000001 0.000000 0.000001 0.000006 -0.000000 -0.000000 0.000000 0.000028 0.000025 0.000019 0.000013 -0.004252 -0.023415 -0.021248 -0.026458 -0.023907 -0.020110 -0.000023 -0.000035 -0.000046 -0.000081 -0.000006 -0.000004 -0.000002 0.000000 0.000008 0.000017 0.000568 -0.045708 -0.000027 -0.000020
0.000001 -0.000002 -0.000003 -0.000007 -0.000007 -0.000004 -0.000003 -0.000000 0.000000 0.000001 0.000005 0.000009 0.075260 -0.002393 -0.000016 -0.000011 -0.000012 -0.000010 -0.000006 -0.000002 -0.000002 -0.000001 0.000000 0.000001 0.000004 0.000006 -0.000010 -0.000003 -0.000005 -0.000002 0.000000 0.000001 0.000009 0.000000 0.000001 0.000024 0.000017 0.000004 0.000005 0.000010 0.000011 0.000030 -0.000000 0.000000 -0.000000 -0.016399 -0.037072 -0.000073 -0.000044 -0.000031 -0.000013 -0.000007 -0.000000 0.000002 0.000008 0.000016 0.013206 -0.016227 -0.000028 -0.000009
0.000001 0.000002 -0.000000 -0.000003 -0.000003 -0.000006 -0.000004 -0.000001 0.000000 0.000001 0.000002 0.000004 0.056483 -0.030182 -0.000012 -0.000008 -0.000005 -0.000003 -0.000004 -0.000006 -0.000004 -0.000001 0.000000 -0.000011 -0.000008 -0.000006 -0.000008 -0.000006 -0.000003 -0.000001 0.000000 0.000002 0.000009 0.000010 0.000014 0.000066 -0.000001 -0.000000 0.000002 0.000010 0.000011 0.000009 -0.000001 -0.000001 -0.000000 0.000004 -0.010217 -0.000176 -0.000028 -0.000028 -0.000021 -0.000007 -0.000000 0.000008 0.000018 0.026052 -0.028101 -0.000040 -0.000081 -0.000072
0.000002 0.000002 -0.000000 -0.000006 -0.000006 -0.000007 -0.000007 -0.000005 -0.000001 0.000000 0.000003 0.000010 0.062350 -0.008468 -0.000022 -0.000003 -0.000003 -0.000005 -0.000010 -0.000014 -0.000024 -0.000060 -0.000135 -0.000062 -0.000015 -0.000016 -0.000010 -0.000003 0.000000 0.000002 0.000006 0.000004 0.000017 0.000027 0.000012 -0.000001 -0.000003 -0.000000 0.000003 0.000010 0.000022 0.000007 0.000020 -0.000003 -0.000000 0.000004 0.002744 -0.022981 -0.000184 -0.000033 -0.000007 -0.000000 0.000003 0.000007 0.005441 -0.004416 -0.000052 -0.000028 -0.000044 -0.000056
0.000005 0.000012 -0.000000 0.000000 -0.000008 -0.000005 -0.000006 -0.000007 -0.000003 0.000000 0.000004 0.000011 0.040663 -0.000009 -0.000017 -0.000029 -0.000006 -0.000010 -0.005548 -0.000237 -0.000255 -0.000082 -0.000015 -0.000022 -0.000017 -0.000011 -0.000005 -0.000001 0.000000 0.000005 0.000020 0.000034 0.000018 0.000006 0.000004 0.000004 0.000005 -0.000000 0.000007 0.000016 0.000011 0.000007 0.000011 -0.000001 -0.000000 0.000002 0.000010 0.013202 -0.061717 -0.000009 -0.000002 -0.000000 0.000003 0.000093 -0.006491 -0.001696 -0.000008 -0.000018 -0.000017 -0.000014
-0.000318 -0.000037 0.000000 0.000000 0.000006 0.000005 -0.000020 -0.000009 -0.000003 0.000000 0.000006 0.000034 -0.011664 -0.000061 -0.000072 -0.000159 -0.000400 -0.000200 -0.000016 -0.000011 -0.000012 -0.000008 -0.000014 -0.000014 -0.000013 -0.000007 -0.000001 0.000000 0.000002 0.000003 0.000003 0.000004 0.000003 0.000008 0.000011 0.000010 0.000000 -0.000001 -0.000000 0.000003 0.000007 0.000006 0.000009 -0.000023 -0.000002 -0.000000 0.000004 0.000014 -0.040480 -0.014832 -0.000000 0.000002 -0.014696 -0.025156 -0.020898 -0.008353 -0.000009 -0.000005 -0.000006 -0.000005
-0.000001 0.000000 0.000001 0.000037 0.000059 0.000109 -0.000213 -0.000009 -0.000003 0.000000 0.000002 0.000004 -0.009405 -0.001051 -0.000473 -0.000346 -0.000019 -0.000020 -0.000012 -0.000010 -0.000013 -0.000022 -0.000010 -0.000005 -0.000004 -0.000002 0.000000 0.000001 0.000005 0.000011 0.000010 0.000010 0.000011 0.000015 0.000014 -0.000004 -0.000076 -0.000025 -0.000002 -0.000000 0.000005 0.000012 0.000002 -0.000015 -0.000007 -0.000000 0.000006 0.000013 0.000054 -0.020852 -0.026754 -0.053455 -0.013073 -0.000000 0.000000 -0.001423 -0.003372 -0.000010 -0.000014 -0.000012
0.000000 0.000000 0.000001 0.000003 0.000000 0.000002 0.000806 -0.000021 -0.000001 0.000000 0.000003 0.000020 -0.005799 -0.000023 -0.000013 -0.000008 -0.000009 -0.000011 -0.000008 -0.000003 -0.000004 -0.000005 -0.000007 -0.000014 -0.000010 -0.000008 -0.000003 0.000000 0.000005 0.000015 0.000017 0.000015 0.000015 0.000010 0.000019 -0.000057 -0.000005 -0.000006 -0.000005 -0.000000 0.000005 0.000007 0.000005 -0.000003 -0.000008 -0.000006 0.000000 0.000005 0.000013 0.000012 0.000025 -0.000220 -0.000177 -0.000018 -0.000000 0.000001 0.000195 -0.024480 -0.005213 -0.000012
-0.000002 -0.000001 -0.000000 -0.000000 0.000000 0.000001 0.000093 0.000144 -0.000000 0.000001 0.000229 -0.071798 -0.063540 -0.000010 -0.000007 -0.000003 -0.000003 -0.000004 -0.000006 -0.000009 -0.000009 -0.000006 -0.000001 -0.000005 -0.000010 -0.000013 -0.000003 0.000000 0.000006 0.000019 0.000019 0.000015 0.000022 0.000022 -0.000024 -0.000037 -0.000015 -0.000011 -0.000004 -0.000002 -0.000002 -0.000000 0.000000 0.000001 0.000002 0.000004 0.000000 0.000000 0.000010 0.000014 0.000067 0.000157 -0.000015 -0.000082 -0.000002 -0.000000 0.000001 0.000005 0.000669 -0.006037
-0.000006 -0.000001 0.000000 0.000001 0.000002 0.000004 0.000003 0.000619 0.000280 0.000132 -0.010998 -0.032281 -0.000009 -0.000003 -0.000006 -0.000011 -0.000008 -0.000010 -0.000014 -0.000009 -0.000004 -0.000000 0.000002 -0.000002 -0.000019 -0.000008 -0.000001 0.000000 0.000002 0.000011 0.000016 0.000009 0.000000 0.000005 0.002678 -0.000094 -0.000015 -0.000016 -0.000012 -0.000010 -0.000006 -0.000006 -0.000002 -0.000000 0.000002 0.000004 0.000000 0.000004 0.000012 0.000010 0.000242 0.000065 0.000000 -0.000184 -0.000016 -0.000001 0.000000 0.000003 0.000011 0.002376
-0.000002 -0.000001 0.000000 0.000002 0.000004 0.000005 0.000008 0.000004 0.000052 0.000063 -0.006039 -0.000061 -0.000007 -0.000017 -0.000030 -0.000020 -0.000011 -0.000013 -0.000016 -0.000006 -0.000001 -0.000000 0.000002 -0.000030 -0.000005 -0.000000 0.000001 0.000002 0.000000 0.000001 0.000003 0.000013 0.000000 -0.005207 -0.000667 -0.000249 -0.001050 -0.000875 -0.000015 -0.000020 -0.000017 -0.000013 -0.000006 -0.000003 -0.000001 -0.000000 0.000000 0.000003 0.000006 0.000139 0.000690 -0.000000 0.000000 -0.000152 -0.000018 -0.000005 -0.000000 0.000006 0.000014 0.000009
