use_cases/Flooding/flood_case/output/hUx_6300.asc
ncols 269
nrows 269
xllcorner 0.000000
yllcorner 0.000000
cellsize 10.000000
NODATA_value -9999.000000
[rows 81 to 107 of 269, columns 180 to 239 of 269]
-0.000000 -0.000083 -0.000006 -0.000000 0.000001 0.000003 -0.003833 -0.000002 -0.000001 -0.000000 0.000004 0.000009 0.000006 0.000004 0.000066 -0.000081 -0.000058 -0.000022 -0.000012 -0.000053 -0.000520 -0.000004 -0.000004 -0.000002 -0.000000 0.000002 0.000003 -0.000033 -0.000028 -0.000019 -0.000001 0.000000 0.000008 0.000303 -0.004956 -0.000017 -0.000010 -0.000006 -0.000004 -0.000001 0.000000 0.000005 0.001153 -0.001660 -0.000016 -0.000004 0.000000 0.000000 0.000003 0.000008 0.000007 0.000007 0.000005 0.000004 0.000016 0.004294 -0.000212 -0.000020 -0.000015 -0.000028
-0.000000 -0.000010 -0.000001 -0.000000 0.000000 -0.000168 -0.000905 -0.000003 -0.000000 0.000002 0.000004 0.000027 -0.004278 -0.028991 -0.035911 -0.026249 -0.020796 -0.009371 -0.003896 -0.000552 -0.000146 -0.000007 -0.000002 -0.000000 0.000001 0.000003 -0.000022 -0.000041 -0.000036 -0.000010 -0.000001 0.000000 0.000009 0.000074 -0.004230 -0.000011 -0.000000 0.000001 0.000001 -0.000000 0.000003 0.000010 0.023915 -0.000011 -0.000006 -0.000001 0.000000 0.000002 0.000007 0.000010 0.000009 0.000006 0.000004 0.000017 -0.049115 -0.002371 -0.000020 -0.000014 -0.000018 -0.000020
-0.020889 -0.009192 -0.006060 -0.004220 -0.000426 -0.003926 -0.000412 -0.000000 -0.000000 0.000001 0.000018 -0.025772 -0.032082 -0.019647 -0.012401 -0.013645 -0.024068 -0.034719 -0.024660 -0.010492 -0.000047 -0.000004 -0.000000 -0.000000 0.000000 0.000026 -0.000121 -0.000034 -0.000017 -0.000009 -0.000001 0.000000 0.000006 0.000042 -0.002705 -0.000011 -0.000002 0.000000 -0.004345 -0.000001 0.000000 -0.018095 -0.001721 -0.000007 -0.000001 -0.000000 0.000001 0.000004 0.000009 0.000011 0.000928 -0.001636 -0.010745 -0.002449 -0.000016 -0.000015 -0.000017 -0.000012 -0.000014 -0.000015
-0.054679 -0.049650 -0.045871 -0.044308 -0.025885 -0.013316 -0.002214 -0.001950 -0.010647 -0.024879 -0.040611 -0.035511 -0.011691 -0.000024 -0.000001 -0.000000 0.000001 -0.003141 -0.032552 -0.032106 -0.013148 -0.009523 -0.010115 -0.012804 -0.023265 -0.019213 -0.011053 -0.001439 -0.000015 -0.000004 -0.000000 0.000001 0.000006 0.000019 -0.002537 -0.000012 -0.000003 0.000000 0.000011 -0.000573 -0.001555 -0.001894 -0.000008 -0.000003 -0.000000 0.000001 0.000004 0.000008 0.000008 0.000019 -0.000930 -0.000009 -0.000011 -0.000016 -0.000014 -0.000016 -0.000015 -0.000008 -0.000009 -0.000008
-0.007056 -0.014302 -0.019927 -0.034883 -0.043579 -0.043132 -0.040765 -0.043023 -0.036946 -0.039166 -0.019990 -0.008554 -0.000082 -0.000015 -0.000003 -0.000000 0.000001 0.000003 0.000814 -0.015211 -0.023537 -0.033233 -0.029481 -0.022700 -0.004897 -0.006641 -0.024528 -0.015410 -0.000209 -0.000001 -0.000000 0.000001 0.002588 -0.002902 -0.003730 -0.000134 -0.000172 -0.000673 -0.002345 -0.001957 -0.000014 -0.000008 -0.000003 0.000000 0.000001 0.000005 0.000009 0.000031 -0.003300 -0.010671 -0.000672 -0.000004 -0.000007 -0.000014 -0.000012 -0.000010 -0.000007 -0.000003 -0.000003 -0.000003
-0.000000 -0.000000 0.000000 0.000002 0.001910 -0.015719 -0.021587 -0.019789 -0.007290 -0.005676 -0.001708 -0.000060 -0.000024 -0.000023 -0.000006 -0.000001 -0.000000 0.000003 0.000009 0.000176 -0.000000 -0.000167 -0.004369 -0.000013 -0.000000 -0.000000 -0.000165 -0.024235 -0.026555 -0.013681 -0.014546 -0.022297 -0.021019 -0.011039 -0.015606 -0.001449 -0.001322 -0.000866 -0.000015 -0.000014 -0.000009 -0.000004 0.000000 0.000000 0.000005 0.000009 0.035349 -0.028866 -0.011294 -0.000554 -0.002422 -0.003147 -0.000009 -0.000005 -0.000005 -0.000004 -0.000004 -0.000006 -0.000002 -0.000000
-0.000000 0.000000 0.000002 0.000005 0.000007 0.000048 0.000381 -0.003043 -0.001161 -0.000031 -0.000020 -0.000015 -0.000026 -0.000040 -0.000003 -0.000002 -0.000000 0.000002 0.000005 0.000068 0.000000 0.000004 -0.000139 -0.000030 -0.000001 -0.000000 0.000003 0.000007 -0.001787 -0.009039 -0.005799 -0.003489 -0.010437 -0.010930 -0.018653 -0.000013 -0.000014 -0.000013 -0.000011 -0.000014 -0.000010 -0.000001 0.000000 0.000004 0.000467 -0.015003 -0.049826 -0.000021 -0.000004 -0.000000 0.000001 -0.000971 -0.003291 -0.000012 -0.000011 -0.000009 -0.000007 -0.000005 -0.000001 -0.000000
-0.000000 0.000000 0.000006 0.000014 0.000013 0.000013 0.000090 -0.000012 -0.000006 -0.000010 -0.000014 -0.000016 -0.000008 -0.000018 -0.000196 -0.000024 -0.000000 0.000001 0.000005 0.000027 0.000000 0.000005 -0.000086 -0.000077 -0.000003 -0.000000 0.000002 0.000006 0.000007 0.000008 -0.000000 0.000000 0.000004 0.016074 -0.021431 -0.000011 -0.000010 -0.000009 -0.000008 -0.000004 -0.000001 0.000000 0.000003 0.012672 -0.151227 -0.006483 -0.000022 -0.000015 -0.000003 -0.000000 0.000000 0.000002 -0.009789 -0.000027 -0.000011 -0.000005 -0.000005 -0.000007 -0.000003 -0.000001
-0.000000 0.000000 0.000003 0.000010 0.000017 0.000022 0.000162 -0.000004 -0.000006 -0.000012 -0.000027 -0.000008 -0.000002 -0.000000 -0.000036 -0.000008 -0.000002 0.000000 0.000003 0.000019 0.000000 0.000006 -0.000009 -0.000120 -0.000002 -0.000000 -0.000000 0.000001 0.000004 0.000012 0.000000 0.000001 0.000016 0.055358 -0.009066 -0.000004 -0.000004 -0.000004 -0.000005 -0.000001 0.000000 0.000003 0.013326 -0.024319 -0.000095 -0.000032 -0.000023 -0.000031 -0.000009 -0.000000 0.000000 0.000007 0.000470 -0.000179 -0.000064 -0.000215 -0.001211 -0.001054 -0.000101 -0.000327
-0.000001 -0.000000 0.000002 0.000009 0.000017 0.000024 0.000137 -0.000002 -0.000000 0.000001 -0.000023 -0.000003 -0.000000 -0.000000 -0.000023 -0.000004 -0.000001 0.000000 0.000002 0.000035 0.000000 0.000005 0.000027 -0.000245 -0.000097 -0.000005 -0.000001 0.000000 0.000000 0.000003 0.000008 0.000013 0.000028 0.000032 -0.046223 -0.000012 -0.000013 -0.000007 -0.000002 -0.000000 0.000003 0.005183 -0.260212 -0.000060 -0.000019 -0.000024 -0.000030 -0.000014 -0.000006 -0.000000 0.000000 0.000005 0.001727 -0.007501 -0.003121 -0.000680 -0.000003 -0.001947 -0.001583 -0.001189
-0.000002 -0.000000 0.000002 0.000007 0.000016 0.000020 0.000056 -0.000004 -0.000000 0.000001 -0.000007 -0.000007 -0.000002 -0.000000 -0.000015 -0.000003 0.000000 0.000001 0.000006 0.000002 0.000000 0.000020 0.000046 -0.000012 -0.000038 -0.000171 -0.000042 -0.000013 0.000000 0.000001 0.000007 0.000017 0.000026 0.000034 0.010133 -0.014272 -0.000011 -0.000004 -0.000000 -0.000000 -0.000547 -0.007555 -0.000016 -0.000012 -0.000007 -0.000009 -0.000017 -0.000008 -0.000006 -0.000001 0.000000 0.000004 0.000007 -0.000017 -0.000008 -0.000003 0.000000 0.000001 -0.000013 -0.000050
-0.000022 -0.000002 0.000000 0.000005 0.000014 0.000033 0.000004 -0.000005 -0.000000 0.000000 -0.000006 -0.000004 -0.000004 -0.000003 -0.000007 -0.000003 -0.000000 0.000003 0.000007 0.000000 0.000024 0.000017 0.000005 0.000003 -0.000000 -0.000015 -0.000008 -0.000004 0.000000 0.000001 0.000019 0.000038 0.000047 0.000029 0.000020 0.009972 -0.015623 -0.012019 -0.017286 -0.016967 -0.011977 -0.000012 -0.000012 -0.000010 -0.000006 -0.000006 -0.000010 -0.000012 -0.000006 -0.000002 0.000000 0.000003 0.000005 -0.000000 -0.000007 -0.000003 0.000000 0.000003 0.000025 -0.000164
-0.000005 -0.000001 0.000000 0.000005 0.000030 0.000017 -0.000032 -0.000006 -0.000001 0.000000 -0.000003 -0.000004 -0.000006 -0.000008 -0.000005 -0.000001 -0.000000 0.000002 0.000006 0.000003 0.000006 -0.000000 0.000000 -0.000000 -0.000003 -0.000008 -0.000003 -0.000001 0.000000 0.000009 0.000014 0.000015 0.000018 0.000017 0.000012 0.000253 0.000292 -0.000001 0.000000 -0.000755 -0.003311 -0.000004 -0.000004 -0.000003 -0.000003 -0.000003 -0.000007 -0.000008 -0.000004 -0.000002 0.000000 0.000001 0.000004 0.000003 -0.000004 -0.000003 0.000000 0.000002 0.000082 -0.000069
-0.000001 0.000000 0.000001 0.000012 0.000018 0.000007 -0.000005 -0.000005 -0.000002 0.000000 -0.000004 -0.000004 -0.000005 -0.000004 -0.000001 -0.000001 -0.000000 0.000001 0.000005 0.000007 0.000008 -0.000002 -0.000000 0.000000 0.000000 -0.000000 -0.000001 0.000000 0.000002 0.000010 0.000009 0.000008 0.000009 0.000010 0.000006 0.000579 0.000026 -0.000001 0.000000 0.000002 -0.002808 -0.000654 -0.000011 -0.000012 -0.000012 -0.000007 -0.000002 -0.000002 -0.000001 -0.000001 0.000000 0.000001 0.000001 -0.000003 -0.000002 -0.000001 0.000000 0.000006 0.000108 -0.000007
-0.000000 0.000000 0.000003 0.000006 0.000010 0.000002 -0.000002 -0.000002 -0.000001 0.000000 0.000000 -0.000001 -0.000001 -0.000002 -0.000005 -0.000003 -0.000001 0.000000 0.000001 0.000002 -0.000014 -0.000005 -0.000001 0.000000 0.000001 0.000002 0.000002 0.000002 0.000004 0.000008 0.000004 0.000003 0.000003 0.000004 0.000009 0.000589 -0.000011 -0.000002 0.000000 0.000001 0.002916 -0.100018 -0.002295 -0.000017 -0.000016 -0.000010 -0.000006 -0.000003 -0.000001 -0.000000 0.000000 -0.000002 -0.000003 -0.000007 -0.000006 -0.000001 0.000000 0.000002 0.000018 -0.000006
-0.000000 0.000000 0.000001 0.000002 0.000003 -0.000001 -0.000003 -0.000001 0.000000 0.000000 0.000003 0.000007 -0.000000 -0.000003 -0.000007 -0.000006 -0.000003 -0.000001 0.000000 0.000000 -0.000013 -0.000004 -0.000001 0.000000 0.000001 0.000001 0.000002 0.000001 0.000001 0.000002 0.000007 0.000012 0.000012 0.000010 0.021418 -0.000416 -0.000011 -0.000004 0.000000 0.000002 0.001170 0.000891 -0.000450 -0.002386 -0.002538 -0.000009 -0.000010 -0.000011 -0.000009 -0.000012 -0.000034 -0.000083 -0.000128 -0.000089 -0.000038 -0.000005 -0.000000 0.000005 0.000034 -0.000016
-0.000000 0.000001 0.000004 0.000010 -0.000003 -0.000003 -0.000001 -0.000001 0.000000 0.000002 0.000006 0.000010 0.000015 -0.000002 -0.000006 -0.000006 -0.000005 -0.000005 -0.000003 -0.000002 -0.000002 -0.000002 -0.000001 0.000000 0.000001 0.000003 0.000006 0.000004 0.000004 0.000006 0.000010 0.000016 0.000013 0.022046 -0.000346 -0.000012 -0.000009 -0.000002 0.000000 0.000002 0.002307 -0.000003 -0.000000 0.000000 -0.027976 -0.000451 -0.000574 -0.000687 -0.000360 -0.000322 -0.000219 -0.000141 -0.000042 -0.000028 -0.000012 -0.000004 -0.000000 0.000002 0.000001 -0.000010
0.000001 0.000003 0.000006 0.000009 -0.000012 -0.000006 -0.000004 -0.000002 0.000000 0.000003 0.000008 0.000013 0.000011 -0.000005 -0.000005 -0.000006 -0.000009 -0.000015 -0.000011 -0.000005 -0.000003 -0.000001 -0.000000 0.000000 0.000000 0.000003 0.000008 0.000010 0.000011 0.000012 0.000013 0.000017 0.003543 -0.000315 -0.000018 -0.000007 -0.000002 -0.000000 0.000000 0.000007 0.124786 -0.000004 0.000000 0.000000 -0.000394 -0.000008 -0.000008 -0.000006 -0.000010 -0.000018 -0.000010 -0.000007 -0.000011 -0.000023 -0.000029 -0.000012 -0.000000 0.000001 -0.000012 -0.000009
0.000004 0.000011 0.000011 0.000013 -0.000043 -0.000013 -0.000005 -0.000001 0.000000 0.000003 0.000010 0.000019 0.000027 -0.000010 -0.000016 -0.000031 -0.000022 -0.000009 -0.000005 -0.000003 -0.000000 -0.000000 -0.000001 -0.000001 0.000000 0.000002 0.000023 0.000059 0.000116 0.000178 0.000243 0.000920 -0.000203 -0.000013 -0.000018 -0.000016 -0.000005 0.000000 0.000002 0.000036 -0.038705 -0.000010 0.000000 0.000002 -0.001036 -0.000009 -0.000006 -0.000003 -0.000005 -0.000009 -0.000005 -0.000001 -0.000001 -0.000007 -0.000012 -0.000008 -0.000000 0.000000 -0.000011 -0.000006
0.000005 0.000016 0.000014 0.000005 -0.000039 -0.000008 -0.000006 -0.000001 0.000000 0.000003 0.000011 0.000010 0.000073 -0.000046 -0.000025 -0.000015 -0.000014 -0.000017 -0.000008 -0.000002 -0.000000 -0.000011 -0.000054 -0.000047 -0.000017 -0.000000 0.000000 0.000002 0.000003 0.000020 0.000121 -0.000028 -0.000012 -0.000016 -0.000019 -0.000009 -0.000003 0.000000 0.000003 0.000014 -0.006209 -0.000006 -0.000000 0.000013 -0.001348 -0.000004 -0.000003 -0.000002 -0.000004 -0.000008 -0.000005 -0.000002 -0.000001 -0.000004 -0.000008 -0.000005 -0.000000 0.000000 -0.000003 -0.000002
0.000012 0.000018 0.000011 0.000008 -0.000050 -0.000014 -0.000006 -0.000000 0.000000 0.000003 0.000010 0.000615 -0.001416 -0.000855 -0.001050 -0.000478 -0.000499 -0.000776 -0.000025 -0.000033 -0.000086 -0.000206 -0.000017 -0.000017 -0.000011 -0.000001 0.000000 0.000020 0.000061 0.000067 0.000117 -0.000077 -0.000010 -0.000012 -0.000015 -0.000008 -0.000002 0.000000 0.000007 0.000014 -0.000831 -0.000003 -0.000000 0.000004 -0.001847 -0.000113 -0.000010 -0.000008 -0.000006 -0.000003 -0.000004 -0.000003 -0.000005 -0.000006 -0.000008 -0.000004 -0.000001 0.000000 0.000001 0.000002
0.000014 0.000017 0.000011 -0.000064 -0.000038 -0.000010 -0.000002 -0.000000 0.000000 0.000004 0.000618 -0.032164 -0.000013 -0.000008 -0.000011 -0.000004 -0.000000 -0.000010 -0.009887 -0.000369 -0.000154 -0.000021 -0.000016 -0.000012 -0.000004 -0.000000 0.000000 0.000008 0.000017 0.000023 0.000123 -0.000010 -0.000023 -0.000016 -0.000012 -0.000007 -0.000001 0.000000 0.000005 0.000010 0.002426 -0.000006 -0.000000 0.000001 -0.000420 -0.000100 -0.000218 -0.000130 -0.000101 -0.000096 -0.000087 -0.000007 -0.000003 -0.000003 -0.000003 -0.000002 -0.000001 0.000000 0.000000 0.000001
0.000013 0.000011 0.001156 -0.001287 -0.000858 -0.000010 -0.000002 -0.000000 0.000000 -0.000915 -0.000997 -0.000014 -0.000011 -0.000010 -0.000010 -0.000004 -0.000000 0.000000 0.000000 -0.000055 -0.000031 -0.000019 -0.000013 -0.000011 -0.000006 -0.000001 -0.000000 0.000003 0.000011 0.000020 0.000063 -0.000006 -0.000011 -0.000009 -0.000005 -0.000002 0.000000 0.000001 0.000002 0.000004 0.003394 -0.000065 -0.000002 -0.000000 -0.001494 -0.000004 -0.000005 -0.000012 -0.000009 -0.000015 -0.000028 -0.000035 -0.000014 -0.000007 -0.000008 -0.000009 -0.000005 -0.000004 -0.000004 -0.000001
-0.012395 -0.005180 -0.001327 -0.000078 -0.000134 -0.001422 -0.001038 -0.001257 -0.001779 -0.001068 -0.000013 -0.000012 -0.000009 -0.000006 -0.000006 -0.000004 -0.000001 0.000000 0.000002 0.000009 -0.000024 -0.000046 -0.000023 -0.000010 -0.000008 -0.000003 -0.000000 0.000002 0.000008 0.000021 0.000024 -0.000005 -0.000008 -0.000005 -0.000001 0.000000 0.000001 0.000003 0.000007 0.000184 0.004459 -0.037355 -0.000002 -0.000000 0.000208 -0.126446 -0.000215 -0.000003 -0.000002 -0.000003 -0.000003 -0.000004 -0.000006 -0.000002 -0.000001 -0.000006 -0.000007 -0.000010 -0.000015 -0.000012
-0.000010 -0.000007 -0.000004 -0.000001 0.000000 0.000000 -0.000010 -0.000006 -0.000009 -0.000010 -0.000005 -0.000005 -0.000006 -0.000002 -0.000002 -0.000002 -0.000001 0.000000 0.000001 -0.000002 -0.000008 -0.000021 -0.000038 -0.000025 -0.000008 -0.000003 -0.000000 0.000000 0.000005 0.000018 0.000001 -0.000003 -0.000004 -0.000002 0.000000 0.000001 0.000006 0.000233 0.000341 0.000130 0.000041 -0.002005 -0.000007 -0.000001 -0.000000 0.000269 -0.107901 -0.001335 -0.000011 -0.000011 -0.000022 -0.000054 -0.000056 -0.000043 -0.000329 -0.000274 -0.000020 -0.000029 -0.000024 -0.000007
-0.000009 -0.000006 -0.000003 -0.000000 0.000000 0.000000 -0.000011 -0.000005 -0.000005 -0.000005 -0.000001 0.000000 0.000000 -0.000002 -0.000003 -0.000005 -0.000005 -0.000003 -0.000003 -0.000005 -0.000009 -0.000011 -0.000014 -0.000017 -0.000018 -0.000005 -0.000000 0.000000 0.000003 0.000015 -0.000001 -0.000001 -0.000000 0.000000 0.000002 0.000006 0.000139 0.013008 -0.000001 0.000000 0.000004 0.000866 -0.002865 -0.000005 -0.000000 0.000000 0.000002 -0.000041 -0.000686 -0.000979 -0.000829 -0.000681 -0.000740 -0.000712 -0.000042 -0.000016 -0.023268 -0.000017 -0.000014 -0.000012
-0.000004 -0.000002 -0.000001 0.000000 0.000001 0.000002 -0.000004 -0.000003 -0.000001 -0.000001 0.000000 0.000002 0.000003 0.000006 -0.000018 -0.000009 -0.000008 -0.000010 -0.000012 -0.000011 -0.000007 -0.000013 -0.000010 -0.000010 -0.000010 -0.000005 -0.000002 0.000000 0.000001 0.000001 -0.000000 0.000000 0.000000 0.000004 0.000033 0.000054 0.000016 -0.000004 -0.000001 0.000000 0.000004 0.000009 -0.697688 -0.000009 -0.000002 -0.000000 0.000000 0.000001 0.000001 -0.000066 -0.000009 -0.000004 -0.000000 -0.000010 -0.000001 0.000000 -0.000007 -0.004987 -0.000259 -0.000021
