use_cases/Flooding/flood_case/output/hUx_5400.asc
ncols 269
nrows 269
xllcorner 0.000000
yllcorner 0.000000
cellsize 10.000000
NODATA_value -9999.000000
[rows 162 to 188 of 269, columns 60 to 119 of 269]
-0.000003 -0.000001 0.000000 0.000006 -0.328006 -0.382460 -0.613870 -0.740034 -0.906682 -0.962158 -0.856030 -0.825157 -0.000017 -0.000014 -0.000011 -0.000009 -0.000010 -0.000017 -0.000016 -0.000004 -0.000000 0.000001 0.000008 -0.000004 -0.000001 -0.000000 0.000001 0.000001 -0.000001 0.000000 -0.000105 -0.001647 -0.001094 -0.001043 -0.000001 0.000000 0.000000 -0.000304 -0.000862 -0.000069 -0.000142 -0.000099 -0.000050 -0.000012 -0.000000 0.000000 0.000005 0.000058 0.000126 0.000111 0.000079 0.000000 0.000004 -0.000251 -0.000027 -0.000007 -0.000000 0.000002 0.000011 0.000020
-0.000000 -0.681623 -0.779523 -2.090870 -2.426846 -2.500411 -2.661898 -2.836437 -2.993410 -3.140219 -3.214768 -3.523778 -3.233708 -2.791841 -1.680564 -1.391019 -0.000012 -0.000006 -0.000009 -0.000002 -0.000000 0.000003 0.000267 -0.000232 -0.000150 -0.000548 -0.002035 -0.001177 -0.001434 -0.002287 -0.001534 -0.000024 -0.000011 -0.000022 -0.000119 -0.000027 -0.000002 0.000000 -0.000161 -0.000905 -0.000020 -0.000016 -0.000012 -0.000005 0.000000 0.000001 0.000007 0.000020 0.000029 0.000044 0.000021 0.000000 0.000019 0.000039 -0.000059 -0.000006 -0.000001 0.000000 0.000007 0.000016
-1.410858 -1.856941 -2.585318 -3.061757 -3.098336 -3.106509 -3.060395 -3.045092 -2.930568 -2.873094 -2.775368 -2.904882 -3.051779 -3.034108 -2.922441 -2.524270 -1.631487 -1.020245 -0.000002 -0.000000 0.000001 -0.004569 -0.002944 -0.000983 -0.001504 -0.000017 -0.000014 -0.000007 -0.000005 -0.000009 -0.000045 -0.000016 -0.000004 -0.000000 -0.000005 -0.000004 -0.000002 0.000000 0.000001 -0.000777 -0.000007 -0.000006 -0.000005 -0.000002 0.000000 0.000002 0.000006 0.000001 0.000010 0.000038 -0.000001 0.000000 0.000015 0.000012 -0.000038 -0.000102 -0.000002 0.000000 0.000011 0.000029
-2.978482 -3.076473 -3.228088 -3.286323 -2.981128 -2.556315 -2.247997 -1.924191 -1.794168 -1.730704 -1.714083 -1.905289 -2.179908 -2.347424 -2.541012 -2.055800 -1.245546 -0.813946 -0.000000 -0.000301 -0.001697 -0.002091 -0.000014 -0.000011 -0.000009 -0.000013 -0.000013 -0.000009 -0.000003 -0.000000 -0.000019 -0.000051 -0.000017 -0.000018 -0.000010 -0.000005 -0.000002 0.000000 0.000002 -0.000192 -0.000735 -0.000030 -0.000029 -0.000013 -0.000014 -0.000009 -0.000000 0.000000 0.000004 0.000016 0.000000 0.000011 0.000004 -0.000002 0.000000 -0.000034 -0.000018 0.000000 0.000005 0.000012
-2.709606 -2.677745 -2.049420 -1.658936 -0.000013 -0.000011 -0.000002 0.000000 -0.000054 -0.000004 -0.000001 0.000000 -0.715290 -0.856489 -1.712422 -2.122752 -1.710024 -1.299180 -0.000990 -0.002224 -0.000014 -0.000019 -0.000012 -0.000009 -0.000009 -0.000013 -0.000020 -0.000011 -0.000006 -0.000000 -0.000000 -0.000030 -0.000034 -0.000018 -0.000013 -0.000006 -0.000002 -0.000000 0.000004 0.000008 -0.000391 -0.000291 -0.000021 -0.000021 -0.000002 -0.000001 0.000000 0.000000 0.000002 0.000005 0.000000 -0.000037 -0.000006 -0.000000 0.000000 -0.000007 -0.000003 0.000000 0.000002 0.000005
-1.653145 -1.344350 -0.000204 -0.000011 -0.000010 -0.000006 -0.000000 0.000000 -0.000053 -0.000002 -0.000000 0.000000 0.000002 0.000018 0.000018 -1.046587 -1.137804 -1.348799 -1.351030 -0.000003 -0.000005 -0.000010 -0.000007 -0.000003 -0.000004 -0.000009 -0.000012 -0.000009 -0.000009 -0.000008 -0.000009 -0.000027 -0.000029 -0.000033 -0.000021 -0.000009 -0.000002 -0.000000 0.000001 0.000003 -0.000031 -0.000193 -0.000024 -0.000011 -0.000007 -0.000007 -0.000006 -0.000001 -0.000000 0.000001 0.000003 -0.000011 -0.000002 0.000000 0.000002 0.000007 0.000004 0.000003 0.000009 -0.000001
-0.000000 0.000000 -0.000034 -0.000011 -0.000020 -0.000008 0.000000 0.000002 -0.000226 -0.000012 -0.000001 -0.000000 0.000002 0.000009 0.000002 -0.536781 -0.732865 -0.803171 -0.627010 -0.000015 -0.000006 -0.000003 -0.000005 -0.000008 -0.000006 -0.000002 -0.000003 -0.000003 -0.000003 -0.000005 -0.000011 -0.000019 -0.000016 -0.000011 -0.000021 -0.000013 -0.000004 -0.000000 0.000000 0.000001 0.000009 -0.000034 -0.000269 -0.000172 -0.000097 -0.000076 -0.000023 -0.000003 -0.000001 0.000000 0.000001 0.000002 0.000006 0.000000 0.000000 0.000002 0.000006 0.000008 -0.000002 -0.000004
0.000000 0.000002 0.000100 -0.000004 -0.000008 -0.000002 0.000000 0.000007 -0.000053 -0.000007 -0.000002 -0.000000 0.000001 0.000005 0.000000 -0.452038 -0.579726 -0.711538 -0.308680 -0.000010 -0.000011 -0.000010 -0.000011 -0.000013 -0.000013 -0.000007 -0.000009 -0.000012 -0.000009 -0.000012 -0.000012 -0.000008 -0.000011 -0.000020 -0.000016 -0.000012 -0.000008 -0.000003 0.000000 0.000001 0.000006 -0.000005 -0.000023 -0.000011 -0.000004 -0.000003 -0.000003 -0.000004 -0.000002 0.000000 0.000000 0.000004 0.000013 -0.000001 0.000000 0.000001 0.000011 0.000013 -0.000017 -0.000008
0.000000 0.000004 0.000262 -0.000003 -0.000004 -0.000001 0.000000 0.000006 -0.000019 -0.000002 -0.000001 -0.000001 -0.000000 -0.000000 0.000000 -0.506841 -0.796861 -1.233688 -1.445636 -1.349119 -0.000025 -0.000036 -0.000016 -0.000021 -0.000037 -0.000020 -0.000015 -0.000019 -0.000011 -0.000013 -0.000017 -0.000020 -0.000035 -0.000046 -0.000006 -0.000004 -0.000003 -0.000001 0.000000 0.000010 0.000020 -0.000000 -0.000016 -0.000014 -0.000016 -0.000004 -0.000000 -0.000005 -0.000002 0.000000 0.000002 0.000004 -0.000001 -0.000003 0.000000 0.000000 0.000006 0.000019 -0.000031 -0.000012
0.000001 0.000002 0.000385 -0.000000 -0.000000 -0.000000 0.000000 0.000004 -0.000350 -0.000007 -0.000006 -0.000003 -0.000000 0.000000 0.000003 0.000003 -0.635764 -1.183154 -1.413625 -1.553161 -1.513078 -0.000022 -0.000024 -0.000020 -0.000023 -0.000021 -0.000043 -0.000028 -0.000011 -0.000011 -0.000016 -0.000036 -0.000036 -0.000011 -0.000016 -0.000011 -0.000005 0.000000 0.000002 0.000002 0.000002 -0.000000 -0.000002 -0.000001 0.000000 0.000001 -0.000000 -0.000011 -0.000003 0.000000 0.000003 0.000016 -0.000012 -0.000003 0.000000 0.000002 0.000010 0.000015 0.000036 -0.000015
0.000001 0.000064 -0.000055 -0.000002 -0.000000 -0.000000 0.000002 0.000004 0.000007 -0.017066 -0.000012 -0.000009 -0.000001 -0.000000 0.000000 0.000001 -0.592959 -1.191586 -1.715441 -2.260861 -2.457949 -2.016113 -1.628809 -0.000032 -0.000040 -0.000015 -0.000001 -0.000000 -0.000004 -0.000026 -0.000040 -0.000020 -0.000018 -0.000027 -0.000023 -0.000013 -0.000004 0.000000 -0.000005 -0.000005 -0.000005 -0.000002 -0.000001 0.000000 0.000003 0.000010 -0.000014 -0.000008 -0.000000 0.000001 0.000006 -0.000038 -0.000067 -0.000000 0.000000 0.000004 0.000016 0.000028 0.000094 -0.000065
0.000157 0.000075 -0.000429 -0.000134 -0.000001 -0.000000 0.000000 0.000002 0.000006 0.000147 -0.001474 -0.000007 -0.000005 -0.000002 -0.000000 0.000000 -0.530609 -1.268192 -1.671498 -2.403821 -2.640355 -2.645782 -2.452610 -2.245994 -0.000040 -0.000015 -0.000003 -0.000000 -0.000071 -0.000020 -0.000020 -0.000017 -0.000015 -0.000025 -0.000022 -0.000011 -0.000005 -0.000027 -0.000049 -0.000010 -0.000007 -0.000002 -0.000000 0.000001 0.000008 0.000017 -0.000035 -0.000000 0.000001 0.000007 -0.000009 -0.000229 -0.000005 -0.000000 0.000002 0.000009 0.000024 0.000033 -0.000222 -0.000077
0.000044 0.000000 0.000005 -0.002723 -0.000129 -0.000002 0.000000 0.000001 0.000002 0.000077 -0.000018 -0.000061 -0.000006 -0.000001 -0.000000 0.000000 0.000001 -0.751787 -1.114332 -1.984181 -2.297572 -2.294110 -2.121960 -2.068470 -1.992269 -0.000016 -0.000005 -0.000000 -0.000047 -0.000024 -0.000022 -0.000019 -0.000028 -0.000043 -0.000019 -0.000022 -0.000066 -0.000082 -0.000002 -0.000000 -0.000002 -0.000001 -0.000000 0.000003 0.000007 -0.000077 -0.000012 -0.000000 0.000006 0.000047 -0.000308 -0.000005 0.000000 0.000006 0.000020 0.000028 0.000018 0.000025 -0.000410 -0.000003
0.000002 0.000000 0.000001 0.000004 -0.000188 -0.000014 0.000000 0.000002 0.001080 0.000007 0.000030 -0.015121 -0.000027 -0.000005 -0.000001 0.000000 0.000009 0.000014 0.000016 0.000016 -1.164270 -1.510842 -1.684395 -1.772617 -1.886557 -1.657456 -0.000002 0.000000 -0.000088 -0.000051 -0.000084 -0.000044 -0.000022 -0.000008 -0.000001 -0.000041 -0.000058 -0.000004 -0.000000 0.000003 0.000009 -0.000002 0.000000 0.000005 -0.000056 -0.000132 -0.000000 0.000001 0.000062 -0.068225 -0.000019 -0.000009 0.000000 0.000002 0.000053 0.000126 0.000203 0.000331 -0.000234 -0.000006
0.000001 0.000000 0.000003 0.000007 0.000010 -0.000001 0.000000 0.000055 0.000080 0.000000 0.000005 0.000745 -0.007426 -0.000010 -0.000003 0.000000 0.000001 0.000006 0.000007 0.000010 0.000014 0.000005 -1.124825 -1.204045 -1.660407 -1.932601 -1.536723 -0.000008 -0.000190 -0.000080 -0.000006 -0.000017 -0.000006 -0.000001 -0.000019 -0.000059 -0.000019 -0.000004 -0.000000 0.000006 0.000048 -0.000001 0.000000 0.000001 -0.000202 -0.000046 -0.000000 -0.000204 -0.000603 -0.000019 -0.000011 -0.000003 0.000000 0.000005 0.000013 0.000016 0.000021 0.000638 0.000385 -0.000000
0.000000 -0.000000 0.000002 0.000007 0.000009 0.000000 0.000003 0.000018 0.000009 0.000000 0.000004 0.000006 -0.000465 -0.000251 -0.000023 -0.000002 0.000000 0.000001 0.000002 0.000013 0.000012 0.000004 -1.338240 -1.753280 -1.873187 -2.089021 -1.684332 -1.445916 -0.000094 -0.000005 -0.000002 -0.000000 -0.000006 -0.000005 -0.000040 -0.000016 -0.000005 -0.000000 0.000000 0.000002 0.000052 -0.000017 -0.000076 -0.000628 -0.000658 -0.000740 -0.000789 -0.000799 -0.000021 -0.000013 -0.000006 0.000000 0.000000 0.000008 0.000007 0.000005 0.000010 0.000016 0.003206 -0.000038
0.000019 -0.000000 0.000001 0.000007 0.000012 0.000013 0.000012 0.000025 0.000000 0.000002 0.000007 0.000012 -0.000320 -0.001339 -0.000007 -0.000013 -0.000002 0.000000 0.000013 0.000043 0.000035 0.000058 0.000098 -1.574654 -1.679216 -1.978575 -1.934479 -1.693881 -1.246472 -0.000006 -0.000000 0.000001 0.000004 -0.000004 -0.000037 -0.000012 -0.000001 -0.000000 0.000001 0.000054 -0.002445 -0.000503 -0.000512 -0.000022 -0.000017 -0.000015 -0.000015 -0.000014 -0.000015 -0.000009 -0.000004 0.000000 0.000001 0.000011 0.000027 0.000000 0.000002 0.000006 0.001507 -0.028059
0.000010 -0.000000 0.000000 0.000004 0.000010 0.000008 0.000014 0.000015 0.000000 0.000004 0.000010 0.000007 0.000527 -0.000461 -0.000052 -0.000002 -0.000001 0.000000 0.000005 0.000014 0.000011 0.000020 0.000145 0.000055 -1.361349 -1.425704 -1.279593 -0.866002 -0.744934 -0.000006 -0.000000 0.000001 -0.000007 -0.000021 -0.000058 -0.000040 -0.000005 -0.000038 -0.020840 -0.000772 -0.000007 -0.000009 -0.000024 -0.000019 -0.000013 -0.000008 -0.000005 -0.000007 -0.000010 -0.000002 -0.000001 0.000000 0.000007 0.000018 0.000042 -0.000001 0.000000 0.000007 0.002323 -0.000655
0.000004 0.000000 0.000001 0.000009 0.000015 0.000017 0.000015 0.000014 0.000012 0.000010 0.000004 0.000002 0.000826 -0.000016 -0.000031 -0.000032 -0.000008 0.000000 0.000002 0.000007 0.000006 0.000014 0.000339 0.000000 0.000012 -1.414438 -1.202253 -1.078838 -1.091161 -0.803428 -0.000629 -0.001410 -0.000854 -0.000608 -0.000688 -0.001247 -0.000797 -0.000760 -0.000010 -0.000011 -0.000014 -0.000019 -0.000016 -0.000011 -0.000004 -0.000002 -0.000000 0.000000 -0.000002 -0.000002 -0.000000 0.000000 0.000003 0.000049 0.000069 0.000020 0.000015 0.000211 -0.011719 -0.000005
0.000008 0.000000 0.000004 0.000012 0.000030 0.000017 0.000017 0.000012 0.000004 0.000003 0.000279 0.000464 0.001009 -0.000030 -0.000023 -0.000009 -0.000002 0.000000 0.000001 0.000005 0.000012 0.000032 0.000057 0.000000 0.000033 0.000089 -0.294534 -0.313922 -0.255445 -0.203016 -0.000014 -0.000014 -0.000006 -0.000002 -0.000000 -0.000013 -0.000014 -0.000011 -0.000003 -0.000004 -0.000006 -0.000006 -0.000005 -0.000007 -0.000011 -0.000004 -0.000000 0.000001 -0.000005 -0.000004 -0.000000 0.000000 0.000008 0.000010 0.000117 0.000097 0.000018 -0.000215 -0.000315 -0.000009
0.000005 0.000004 0.000021 0.000027 0.000014 0.000012 0.000012 0.000006 0.000008 0.000095 0.000069 0.000202 0.000030 -0.000022 -0.000045 -0.000004 -0.000001 0.000000 0.000004 0.000003 0.000002 0.000026 0.000180 0.000381 0.000122 0.000076 -0.316319 -0.257795 -0.267832 -0.220499 -0.000010 -0.000008 -0.000006 -0.000003 -0.000003 -0.000004 -0.000007 -0.000027 -0.000028 -0.000016 -0.000024 -0.000012 -0.000013 -0.000016 -0.000014 -0.000001 -0.000000 0.000002 -0.000019 -0.000012 -0.000000 0.000001 0.000012 0.000021 0.000013 0.000049 0.000038 -0.000568 -0.000988 -0.000956
0.000004 0.000016 0.000022 0.000016 0.000013 0.000009 0.000005 0.000175 0.000294 0.000005 0.000016 0.000401 0.000623 -0.000001 -0.000017 -0.000001 0.000000 0.000001 0.000022 0.000044 0.000164 0.000048 0.000069 0.000047 0.000000 0.000004 -0.459943 -0.339467 -0.529069 -0.427400 -0.000004 -0.000003 -0.000004 -0.000002 -0.000001 -0.000002 -0.000003 -0.000008 -0.000005 -0.000009 -0.000002 -0.000000 -0.000040 -0.000023 -0.000004 -0.000000 0.000004 -0.000024 -0.000070 -0.000005 0.000000 0.000002 0.000014 0.000027 0.000037 0.000030 0.002399 -0.001669 -0.000022 -0.000017
0.000002 0.000012 0.000011 0.000009 0.000006 0.000013 0.000152 0.000144 0.000000 0.000002 0.000003 0.005280 -0.000004 -0.000000 -0.000066 -0.000004 0.000000 0.000003 0.000010 0.000015 0.000039 0.000021 0.000034 -0.000000 0.000000 0.000010 -0.800396 -0.564851 -0.980684 -0.961143 -0.000009 -0.000005 -0.000001 0.000000 -0.000008 -0.000005 -0.000005 -0.000003 -0.000005 -0.000003 -0.000005 -0.000012 -0.000068 -0.000010 -0.000001 -0.000000 0.000002 -0.000110 -0.000032 -0.000006 0.000000 0.000006 0.000020 0.000031 0.000025 0.000684 -0.024478 -0.000014 -0.000003 -0.000000
0.000001 0.000013 0.000024 0.000028 0.000018 0.000081 0.000041 0.000000 0.000002 0.000002 0.000426 0.001358 -0.000004 -0.000000 -0.000021 -0.000003 0.000000 0.000002 0.000008 0.000010 0.000028 0.000017 0.000009 -0.000001 0.000000 0.000004 -1.430631 -1.676309 -2.091261 -2.306595 -1.899724 -0.000008 -0.000002 0.000000 -0.000008 -0.000006 -0.000005 -0.000001 -0.000000 -0.000003 -0.000027 -0.000057 -0.000020 -0.000005 -0.000000 0.000002 0.000016 -0.000162 -0.000041 -0.000005 0.000000 0.000011 0.000027 0.000020 0.000016 0.003088 -0.001577 -0.000042 -0.000048 -0.000006
0.000003 0.000011 0.000038 0.000131 0.000166 0.000004 0.000002 0.000008 0.000011 0.000012 0.027017 -0.000097 -0.000000 -0.000000 -0.000002 -0.000001 0.000000 0.000002 0.000010 0.000025 0.000027 0.000022 0.000030 -0.000000 0.000000 0.000001 0.000020 -1.595490 -1.876003 -2.101660 -2.098012 -1.410306 -0.000000 0.000000 -0.000006 -0.000003 -0.000002 -0.000000 0.000002 -0.000036 -0.000014 -0.000005 -0.000013 -0.000003 -0.000000 0.000001 -0.000102 -0.000080 -0.000013 -0.000000 0.000005 0.000012 0.000015 0.000693 -0.001945 -0.002063 -0.000037 -0.000021 -0.000031 -0.000015
0.000007 0.000007 0.000017 0.006029 -0.000001 0.000000 0.000007 0.000038 0.000060 0.000604 0.001121 -0.000003 -0.000000 -0.000002 -0.000008 -0.000001 0.000000 0.000007 0.000012 0.000022 0.000041 0.000040 0.000062 -0.000000 0.000001 0.000028 0.000053 0.000028 -1.117750 -1.231071 -1.817368 -1.425267 -1.171630 -0.000014 -0.000015 -0.000001 -0.000000 0.000003 0.000032 -0.000054 -0.000018 -0.000009 -0.000010 -0.000001 0.000000 -0.000040 -0.000140 -0.000027 -0.000013 -0.000000 0.000005 0.000014 0.006990 -0.004105 -0.000015 -0.000020 -0.000038 -0.000034 -0.000024 -0.000012
0.000078 0.000168 0.049754 -0.000003 0.000000 0.000005 0.000013 0.000017 0.000007 0.000601 -0.000003 -0.000003 -0.000000 0.000000 -0.000007 -0.000002 0.000000 0.000003 0.000010 0.000018 0.000070 0.000020 0.000001 0.000000 0.000015 0.000015 0.000013 0.000021 -1.064449 -1.205962 -1.522382 -1.243456 -0.958000 -0.000010 -0.000026 -0.000002 -0.000000 0.000003 -0.000332 -0.003129 -0.000336 -0.000013 -0.000009 -0.000001 0.000000 -0.000069 -0.000044 -0.000011 -0.000000 0.000000 0.000004 0.022847 -0.002321 -0.000013 -0.000010 -0.000008 -0.000013 -0.000018 -0.000043 -0.000029
