use_cases/Flooding/flood_case/output/hUx_7200.asc
ncols 269
nrows 269
xllcorner 0.000000
yllcorner 0.000000
cellsize 10.000000
NODATA_value -9999.000000
[rows 54 to 80 of 269, columns 180 to 239 of 269]
-0.000006 -0.000008 -0.000007 -0.000002 0.000000 0.000001 0.000006 0.000009 0.000107 -0.000119 -0.000199 -0.000072 -0.000031 -0.000002 0.000000 0.000004 0.000023 -0.000017 -0.000028 -0.000034 -0.000063 -0.000152 -0.000058 -0.000008 -0.000003 -0.000000 0.000001 0.000002 0.000006 0.000035 -0.000008 -0.000006 -0.000000 0.000000 0.000004 -0.000004 -0.000003 -0.000000 0.000000 0.000000 -9999.000000 -9999.000000 -9999.000000 -9999.000000 -9999.000000 -9999.000000 -9999.000000 -9999.000000 -9999.000000 -9999.000000 -9999.000000 -9999.000000 -9999.000000 -9999.000000 -9999.000000 -9999.000000 -9999.000000 -9999.000000 -9999.000000 -9999.000000
-0.000011 -0.000013 -0.000004 -0.000000 0.000000 0.000004 0.000009 0.043483 0.000004 0.000000 -0.000057 -0.000019 -0.000015 -0.000006 0.000000 0.000007 0.000017 -0.000033 -0.000014 -0.000011 -0.000010 -0.000011 -0.000007 -0.000002 0.000000 0.000005 0.000009 0.000011 0.000012 0.000035 -0.000012 -0.000004 -0.000001 0.000000 0.000003 0.000030 -0.000005 -0.000005 -0.000001 0.000000 0.000000 -9999.000000 -9999.000000 -9999.000000 -9999.000000 -9999.000000 -9999.000000 -9999.000000 -9999.000000 -9999.000000 -9999.000000 -9999.000000 -9999.000000 -9999.000000 -9999.000000 -9999.000000 -9999.000000 -9999.000000 -9999.000000 -9999.000000
-0.000005 -0.000005 -0.000003 0.000000 0.000002 0.000007 0.000107 0.000005 -0.000000 0.000000 -0.000027 -0.000011 -0.000009 -0.000003 0.000000 0.000004 0.000015 -0.000028 -0.000011 -0.000009 -0.000006 -0.000006 -0.000005 -0.000001 0.000000 0.000003 0.000037 0.000086 0.000051 0.000021 -0.000006 -0.000008 -0.000003 0.000000 0.000002 0.000019 -0.000112 -0.000011 -0.000003 -0.000001 0.000000 0.000000 -9999.000000 -9999.000000 -9999.000000 -9999.000000 -9999.000000 -9999.000000 -9999.000000 -9999.000000 -9999.000000 -9999.000000 -9999.000000 -9999.000000 -9999.000000 -9999.000000 -9999.000000 -9999.000000 -9999.000000 -9999.000000
-0.000002 -0.000002 -0.000001 0.000000 0.000011 0.000035 0.000023 -0.000004 -0.000002 0.000000 -0.000021 -0.000008 -0.000006 -0.000002 -0.000000 0.000002 0.000010 -0.000011 -0.000006 -0.000006 -0.000005 -0.000004 -0.000003 0.000000 0.000001 0.000009 0.000012 0.000015 0.000041 0.000161 -0.000008 -0.000011 -0.000007 0.000000 0.000001 0.000010 -0.000066 -0.000005 -0.000005 -0.000004 -0.000001 0.000000 0.000002 0.000002 -9999.000000 -9999.000000 -9999.000000 -9999.000000 -9999.000000 -9999.000000 -9999.000000 -9999.000000 -9999.000000 -9999.000000 -9999.000000 -9999.000000 -9999.000000 -9999.000000 -9999.000000 -9999.000000
-0.000005 -0.000004 -0.000001 0.000000 0.000003 0.000004 -0.000006 -0.000004 -0.000002 0.000000 -0.000017 -0.000006 -0.000004 -0.000002 -0.000000 0.000001 0.000002 -0.000011 -0.000003 -0.000002 -0.000002 -0.000001 -0.000001 0.000000 0.000001 0.000003 0.000006 0.000009 0.000030 0.000154 -0.000049 -0.000009 -0.000004 -0.000000 0.000000 0.000004 -0.000024 -0.000008 -0.000009 -0.000011 -0.000005 -0.000002 -0.000000 0.000000 0.000001 -9999.000000 -9999.000000 -9999.000000 -9999.000000 -9999.000000 -9999.000000 -9999.000000 -9999.000000 -9999.000000 -9999.000000 -9999.000000 -9999.000000 -9999.000000 -9999.000000 -9999.000000
-0.000017 -0.000008 -0.000004 0.000000 0.000001 0.000001 -0.000001 -0.000001 -0.000001 0.000000 -0.000009 -0.000002 -0.000002 -0.000001 -0.000000 0.000000 0.000002 0.000005 0.000000 0.000000 -0.000007 -0.000004 -0.000003 -0.000001 0.000000 0.000001 0.000002 0.000003 0.000075 0.000299 0.000078 -0.000016 -0.000008 -0.000001 0.000000 0.000006 0.000038 -0.000009 -0.000013 -0.000016 -0.000010 -0.000005 -0.000001 0.000000 0.000000 0.000000 -9999.000000 -9999.000000 -9999.000000 -9999.000000 -9999.000000 -9999.000000 -9999.000000 -9999.000000 -9999.000000 -9999.000000 -9999.000000 -9999.000000 -9999.000000 -9999.000000
-0.000043 -0.000011 -0.000003 -0.000000 0.000000 -0.000002 -0.000002 -0.000007 -0.000003 0.000000 -0.000002 -0.000004 -0.000005 -0.000005 -0.000001 0.000000 0.000001 0.000001 0.000003 0.000005 -0.000002 -0.000007 -0.000007 -0.000004 0.000000 0.000002 0.000015 0.000045 0.000039 0.000032 0.000462 -0.000017 -0.000007 -0.000002 0.000000 0.000006 0.000110 -0.000046 -0.000133 -0.000093 -0.000049 -0.000015 -0.000001 0.000000 -0.000002 -0.000002 -0.000001 0.000000 -9999.000000 -9999.000000 -9999.000000 -9999.000000 -9999.000000 -9999.000000 -9999.000000 -9999.000000 -9999.000000 -9999.000000 -9999.000000 -9999.000000
-0.000065 -0.000017 -0.000002 -0.000000 -0.000006 -0.000009 -0.000008 -0.000008 -0.000003 0.000000 0.000002 0.000002 -0.000008 -0.000005 -0.000002 0.000000 0.000001 0.000002 0.000004 0.000009 0.000013 -0.000014 -0.000015 -0.000003 -0.000001 0.000000 0.000003 0.000009 0.000013 0.000019 0.000680 0.000099 -0.000006 -0.000002 0.000000 0.000004 -0.000062 -0.000114 -0.000012 -0.000008 -0.000005 -0.000001 -0.000000 0.000001 -0.000000 -0.000012 -0.000032 -0.000011 -0.000000 -9999.000000 -9999.000000 -9999.000000 -9999.000000 -9999.000000 -9999.000000 -9999.000000 -9999.000000 -9999.000000 -9999.000000 -9999.000000
-0.000024 -0.000006 -0.000000 0.000000 -0.000017 -0.000012 -0.000017 -0.000007 -0.000000 0.000000 0.000003 0.000006 -0.000015 -0.000008 -0.000001 0.000000 0.000001 0.000004 0.000000 0.000003 -0.000022 -0.000026 -0.000008 -0.000010 -0.000005 0.000000 0.000001 0.000005 0.000026 0.000045 0.000035 0.000343 -0.000023 -0.000001 0.000000 -0.000012 -0.000339 -0.000010 -0.000007 -0.000002 -0.000001 -0.000000 0.000002 0.000019 -0.000031 -0.000060 -0.000010 -0.000004 -0.000001 0.000000 -9999.000000 -9999.000000 -9999.000000 -9999.000000 -9999.000000 -9999.000000 -9999.000000 -9999.000000 -9999.000000 -9999.000000
-0.000021 -0.000006 -0.000000 0.000001 -0.000003 -0.000012 -0.000018 -0.000007 -0.000000 0.000003 0.000005 -0.000034 -0.000015 -0.000000 0.000000 0.000000 0.000000 0.000006 0.000000 -0.000012 -0.000052 -0.000012 -0.000015 -0.000033 -0.000041 -0.000008 0.000000 0.000009 0.000016 0.000027 0.000032 0.000461 0.000231 -0.000002 0.000000 -0.000225 -0.000091 -0.000004 -0.000003 -0.000002 -0.000000 0.000001 0.000047 -0.000163 -0.000108 -0.000013 -0.000007 -0.000002 -0.000001 0.000000 0.000001 0.000001 -9999.000000 -9999.000000 -9999.000000 -9999.000000 -9999.000000 -9999.000000 -9999.000000 -9999.000000
-0.000027 -0.000007 -0.000000 0.000005 0.000003 -0.000030 -0.000031 -0.000009 -0.000000 0.000002 0.000038 -0.000029 -0.000002 -0.000000 0.000001 0.000001 0.000000 0.000000 0.000001 -0.000105 -0.000046 -0.000060 -0.000157 -0.000073 -0.000007 -0.000002 0.000000 0.000003 0.000009 0.000017 0.000024 0.000027 0.083050 -0.000108 0.000000 -0.000446 -0.000132 -0.000025 -0.000004 -0.000000 0.000001 0.000002 -0.000216 -0.000018 -0.000013 -0.000009 -0.000005 -0.000002 -0.000000 0.000001 0.000003 0.000004 0.000000 -9999.000000 -9999.000000 -9999.000000 -9999.000000 -9999.000000 -9999.000000 -9999.000000
-0.000010 -0.000003 0.000000 0.000003 -0.000037 -0.000041 -0.000010 -0.000001 0.000000 0.000004 0.000093 -0.000008 -0.000000 0.000001 0.000005 0.000004 -0.000004 0.000000 -0.002521 -0.000424 -0.000256 -0.000182 -0.000013 -0.000009 -0.000004 -0.000000 0.000000 0.000001 0.000006 0.000013 0.000020 0.000025 0.000099 0.000755 -0.000189 -0.000735 -0.000010 -0.000005 -0.000000 0.000001 0.000003 -0.000108 -0.000366 -0.000015 -0.000009 -0.000004 -0.000001 -0.000000 0.000000 0.000002 0.000002 -0.000006 -0.000002 0.000000 -9999.000000 -9999.000000 -9999.000000 -9999.000000 -9999.000000 -9999.000000
-0.000012 -0.000004 0.000000 0.000001 -0.000246 -0.000017 -0.000008 -0.000000 0.000002 0.000003 0.000015 -0.000000 0.000002 0.000007 0.000285 -0.000470 -0.000585 -0.000554 -0.000516 -0.000016 -0.000015 -0.000009 -0.000009 -0.000006 -0.000001 -0.000000 0.000001 0.000003 0.000005 0.000008 0.000015 0.000021 0.000019 0.019072 -0.002318 -0.000009 -0.000005 -0.000001 -0.000000 0.000003 0.000017 -0.000431 -0.000013 -0.000011 -0.000005 -0.000001 -0.000000 0.000000 0.000002 0.000005 0.000005 -0.000023 -0.000004 -0.000001 0.000000 0.000001 0.000003 0.000000 -9999.000000 -9999.000000
-0.000012 -0.000000 0.000000 -0.000104 -0.000360 -0.000017 -0.000007 -0.000000 0.000011 0.000009 0.000012 -0.000000 0.000002 0.000005 -0.000568 -0.000018 -0.000015 -0.000017 -0.000015 -0.000009 -0.000008 -0.000007 -0.000004 -0.000002 -0.000001 -0.000000 0.000000 0.000001 0.000001 0.000003 0.000009 0.000015 0.000033 0.222910 -0.002375 -0.000003 -0.000002 -0.000000 0.000002 0.000003 -0.000417 -0.000005 -0.000006 -0.000007 -0.000001 -0.000000 -0.000000 0.000000 0.000002 0.000007 0.000018 -0.000030 -0.000008 -0.000002 0.000000 0.000002 -0.067723 -0.000018 -0.000001 0.000000
-0.000002 -0.000000 0.000000 -0.001871 -0.000048 -0.000065 -0.000020 -0.000000 0.000002 0.000032 0.000180 0.000006 0.000004 -0.000195 -0.000542 -0.000016 -0.000013 -0.000011 -0.000007 -0.000005 -0.000004 -0.000003 -0.000005 -0.000000 -0.000000 -0.000008 -0.000004 -0.000002 0.000000 0.000001 0.000005 0.000010 0.000018 0.000108 -0.001670 -0.000006 -0.000002 -0.000000 0.000002 0.000019 -0.000570 -0.000025 -0.000031 -0.000005 -0.000000 0.000002 0.000013 -0.000001 0.000000 0.000003 -0.000036 -0.000072 -0.000010 -0.000000 0.000001 -0.000003 -0.000050 -0.000007 -0.000003 0.000000
-0.000000 -0.000057 -0.000393 -0.000560 -0.000015 -0.000008 -0.000003 0.000000 0.000003 0.000004 0.000086 0.000051 0.000095 -0.001427 -0.000574 -0.000035 -0.000021 -0.000008 -0.000004 -0.000001 0.000000 0.000000 0.000001 0.000002 0.000003 -0.000010 -0.000010 -0.000009 -0.000004 0.000000 0.000002 0.000003 0.000016 0.000028 0.002791 -0.000021 -0.000014 -0.000044 -0.000637 -0.000563 -0.000032 -0.000056 -0.000008 -0.000002 -0.000000 0.000002 0.000009 -0.000001 0.000000 -0.000031 -0.000178 -0.000006 -0.000002 -0.000000 -0.000011 -0.000077 -0.000003 -0.000004 -0.000004 -0.000001
-0.000912 -0.000513 -0.000015 -0.000017 -0.000011 -0.000004 0.000000 0.000000 0.000005 0.000010 0.000051 0.001129 -0.049991 -0.000017 -0.000017 -0.000014 -0.000010 -0.000005 -0.000001 -0.000000 0.000001 0.000004 0.000005 0.000007 0.000004 -0.000059 -0.000021 -0.000015 -0.000002 0.000000 0.000009 0.000035 0.000047 0.000032 0.002744 0.000129 -0.000204 -0.000424 -0.000014 -0.000010 -0.000012 -0.000014 -0.000005 0.000000 0.000004 0.000009 0.000028 -0.000019 -0.000038 -0.000372 -0.000004 -0.000000 -0.000000 0.000007 -0.010634 -0.000006 -0.000005 -0.000005 -0.000004 -0.000001
-0.000018 -0.000014 -0.000016 -0.000013 -0.000005 -0.000001 0.000000 0.000004 0.000011 0.000010 0.000022 0.000152 -0.000011 -0.000011 -0.000010 -0.000008 -0.000005 -0.000001 -0.000000 0.000001 0.000002 0.000006 0.000010 0.000013 -0.000003 -0.000073 -0.000022 -0.000008 -0.000003 0.000000 0.000001 0.000006 0.000014 0.000035 0.000029 0.003064 -0.000240 -0.000016 -0.000012 -0.000008 -0.000008 -0.000007 -0.000001 0.000000 0.000003 0.000007 0.000015 -0.000236 -0.000159 -0.000003 -0.000000 -0.000000 0.000007 -0.008477 -0.000002 0.000000 0.000001 0.000002 -0.000003 -0.000003
-0.000016 -0.000012 -0.000009 -0.000005 -0.000002 0.000000 0.000003 0.000031 0.000104 0.000077 0.136458 -0.001868 -0.000004 -0.000004 -0.000003 -0.000003 -0.000001 -0.000000 0.000001 0.000005 0.000008 0.000007 0.000010 0.000006 -0.000096 -0.000060 -0.000025 -0.000014 -0.000005 0.000000 0.000001 0.000003 0.000009 0.000016 0.000017 0.002322 -0.000067 -0.000011 -0.000007 -0.000002 -0.000003 -0.000002 -0.000000 0.000001 0.000007 0.000205 -0.000215 -0.000002 -0.000001 0.000000 0.000000 -0.000004 -0.000196 -0.000004 0.000000 0.000001 0.000004 0.000007 -0.000002 -0.000004
-0.000013 -0.000009 -0.000006 -0.000001 0.000000 0.000001 0.000003 0.000007 0.000005 0.000028 -0.017124 -0.000088 -0.000098 -0.000059 -0.000030 -0.000006 -0.000000 -0.000000 0.000001 0.000011 0.000026 0.000022 0.000013 0.000008 -0.000204 -0.000084 -0.000043 -0.000018 -0.000001 0.000000 0.000000 0.000005 0.000005 0.000012 0.000008 0.003724 -0.000052 -0.000004 -0.000002 -0.000002 -0.000005 -0.000003 -0.000000 0.000002 0.000011 0.000113 -0.000066 -0.000002 -0.000000 0.000000 0.000009 -0.003118 -0.000007 -0.000002 0.000000 0.000006 0.000015 0.000012 0.000000 -0.000001
-0.000008 -0.000003 -0.000002 -0.000002 -0.000001 0.000000 0.000001 0.000002 0.000009 0.362333 -0.001405 -0.000014 -0.000020 -0.000013 -0.000009 -0.000004 -0.000000 0.000001 0.000004 0.000000 0.000008 0.000048 0.000048 -0.000397 -0.000076 -0.000029 -0.000016 -0.000007 -0.000001 0.000000 0.000001 0.000005 0.000010 0.000007 0.000013 0.074286 -0.000018 -0.000008 -0.000001 -0.000007 -0.000012 -0.000011 -0.000000 0.000002 0.000007 0.000165 -0.000019 -0.000000 -0.000021 -0.000224 -0.000346 -0.000007 -0.000003 0.000000 0.000001 0.000004 0.000009 0.000021 0.000061 -0.000022
-0.000004 -0.000003 -0.000000 -0.000002 -0.000002 -0.000001 0.000000 0.000005 0.000012 0.098315 -0.000007 -0.000010 -0.000012 -0.000005 -0.000002 -0.000000 0.000002 0.000003 0.000002 0.000000 0.000002 0.000005 0.000018 -0.000146 -0.000054 -0.000028 -0.000016 -0.000006 -0.000000 0.000001 0.000002 0.000003 0.000012 0.000016 0.000028 0.281270 -0.000217 -0.000165 -0.000156 -0.000153 -0.000036 -0.000002 0.000000 0.000002 0.000012 0.016731 -0.000214 -0.000481 -0.000401 -0.000011 -0.000007 -0.000003 0.000000 0.000000 0.000003 0.000008 0.000013 0.000011 0.000288 -0.000326
-0.000009 -0.000003 -0.000000 -0.000010 -0.000006 -0.000003 0.000000 0.000010 0.002719 -0.002273 -0.000011 -0.000007 -0.000006 -0.000001 -0.000000 0.000002 0.000006 0.000032 -0.000009 -0.000001 0.000000 0.000005 0.000016 0.000007 -0.000043 -0.000031 -0.000020 -0.000002 -0.000000 -0.000000 0.000000 0.000002 0.000015 0.000023 0.000017 -0.029239 -0.000020 -0.000016 -0.000016 -0.000012 -0.000003 0.000000 0.000000 0.000006 0.000078 -0.062774 -0.000469 -0.000013 -0.000011 -0.000007 -0.000002 0.000000 0.000001 0.000004 0.000009 0.000010 0.000011 0.000014 -0.000161 -0.000005
-0.000009 -0.000000 -0.000000 -0.000018 -0.000011 -0.000000 0.000000 0.000005 -0.121582 -0.000008 -0.000005 -0.000001 -0.000001 -0.000000 0.000002 0.000006 0.000009 0.000010 -0.000007 -0.000001 0.000000 0.000003 0.000013 -0.000041 -0.000100 -0.000024 -0.000006 -0.000000 -0.000007 -0.000006 0.000000 0.000002 0.000016 0.000026 0.003147 -0.004020 -0.000015 -0.000012 -0.000008 -0.000004 -0.000001 0.000000 0.000003 0.000009 0.000429 -0.001187 -0.000012 -0.000012 -0.000009 -0.000002 0.000000 0.000001 0.000004 0.000008 0.000010 0.000011 0.000014 0.000009 -0.000684 -0.000008
-0.000000 -0.000000 -0.000081 -0.000033 -0.000003 -0.000000 0.000002 0.001016 -0.435404 -0.000010 -0.000001 -0.000000 0.000002 0.000004 0.000006 0.000007 0.000006 -0.000016 -0.000009 -0.000002 0.000000 0.000003 0.000268 -0.008542 -0.000021 -0.000017 -0.000000 0.000000 -0.000032 -0.000003 0.000000 0.000003 0.000018 0.000026 -0.042031 -0.000012 -0.000010 -0.000008 -0.000005 -0.000001 -0.000000 0.000001 0.000007 0.000838 -0.001451 -0.000015 -0.000007 -0.000005 -0.000002 -0.000000 0.000000 0.000002 0.000008 0.000016 0.000023 0.000025 0.000019 0.000589 -0.001283 -0.000024
-0.000000 -0.000014 -0.000023 -0.000007 -0.000000 0.000001 0.000007 0.000225 -0.000008 -0.000002 -0.000000 0.000003 0.000006 0.000007 0.000007 0.000006 0.000004 -0.000051 -0.000005 -0.000000 0.000000 -0.000005 -0.000786 -0.000010 -0.000006 -0.000000 0.000000 -0.000034 -0.000029 -0.000003 0.000000 0.000002 0.000017 0.000025 -0.005094 -0.000004 -0.000003 -0.000003 -0.000002 -0.000000 -0.000000 0.000004 0.000010 -0.000545 -0.000018 -0.000015 -0.000009 -0.000001 -0.000000 0.000001 0.000002 0.000005 0.000005 0.000006 0.000011 0.000024 0.001641 -0.066081 -0.000534 -0.001112
-0.000000 -0.000025 -0.000015 -0.000000 0.000001 0.000005 0.000855 -0.003487 -0.000006 -0.000000 0.000002 0.000005 0.000008 0.000008 0.000009 0.000003 0.000005 -0.000020 -0.000002 -0.000000 -0.000173 -0.000905 -0.000008 -0.000002 -0.000001 -0.000000 -0.000003 -0.000010 -0.000025 -0.000008 -0.000002 0.000000 0.000020 0.000204 -0.005272 -0.000012 -0.000009 -0.000006 -0.000003 -0.000000 0.000000 0.000011 0.000016 -0.002606 -0.000011 -0.000008 -0.000003 -0.000000 0.000001 0.000004 0.000005 0.000007 0.000006 0.000007 0.000014 0.002210 -0.008645 -0.000181 -0.000016 -0.000009
