use_cases/Flooding/flood_case/output/hUx_7200.asc
ncols 269
nrows 269
xllcorner 0.000000
yllcorner 0.000000
cellsize 10.000000
NODATA_value -9999.000000
[rows 27 to 53 of 269, columns 60 to 119 of 269]
-9999.000000 -9999.000000 -9999.000000 -9999.000000 -9999.000000 -9999.000000 -9999.000000 -9999.000000 -9999.000000 -0.000006 -0.000012 -0.000010 -0.000011 -0.000014 -0.000005 -0.000002 0.000000 0.000000 0.000001 0.000003 0.000003 -0.000087 -0.000020 -0.000001 0.000000 0.000004 0.000007 0.000003 0.000007 0.000028 0.000042 0.000000 0.000001 0.000009 0.000014 0.002615 -0.007387 -0.001219 -0.000038 -0.000015 -0.000000 -0.000005 -0.000008 -0.000011 -0.000015 -0.000013 -0.000009 -0.000003 -0.000000 0.000001 0.000003 -0.000006 -0.000005 -0.000002 0.000000 0.000001 0.000004 0.000006 0.000011 0.000000
-9999.000000 -9999.000000 -9999.000000 -9999.000000 -9999.000000 -9999.000000 -9999.000000 -0.000003 -0.000010 -0.000014 -0.000016 -0.000009 -0.000010 -0.000008 -0.000003 -0.000001 0.000000 0.000002 0.000004 0.000004 -0.000017 -0.000038 -0.000004 -0.000001 0.000000 0.000003 0.000008 0.000005 0.000003 0.000045 0.000205 0.000000 0.000002 0.000009 0.007856 -0.016758 -0.003832 -0.000022 -0.000025 -0.000016 -0.000016 -0.000015 -0.000008 -0.000009 -0.000012 -0.000015 -0.000013 -0.000004 -0.000001 0.000000 0.000000 -0.000000 0.000000 0.000000 0.000002 0.000003 0.000008 0.000011 0.000004 0.000000
-9999.000000 -9999.000000 -9999.000000 -9999.000000 -9999.000000 -0.000003 -0.000006 -0.000006 -0.000009 -0.000010 -0.000010 -0.000006 -0.000006 -0.000003 -0.000001 0.000000 0.000001 0.000004 0.000007 0.000006 -0.000084 -0.000027 -0.000002 -0.000000 0.000000 0.000004 0.000006 0.000006 0.000004 0.000003 0.000277 0.000000 0.000002 -0.005048 -0.013151 -0.013251 -0.000016 -0.000020 -0.000024 -0.000011 -0.000011 -0.000012 -0.000016 -0.000026 -0.000012 -0.000010 -0.000010 -0.000004 -0.000000 0.000000 0.000001 0.000002 0.000005 0.000006 0.000012 0.000000 0.000004 0.000008 0.000013 0.000000
-9999.000000 -9999.000000 -9999.000000 -0.000004 -0.000004 -0.000003 -0.000006 -0.000004 -0.000005 -0.000009 -0.000010 -0.000012 -0.000004 -0.000001 0.000000 0.000000 0.000003 0.000006 0.000017 0.000107 -0.000191 -0.000032 -0.000000 -0.000000 0.000002 0.000004 0.000010 0.000008 0.000000 0.000003 0.000400 0.000461 0.004237 -0.006236 -0.009460 -0.000037 -0.000012 -0.000017 -0.000018 -0.000010 -0.000008 -0.000010 -0.000010 -0.000014 -0.000008 -0.000003 -0.000003 -0.000002 -0.000000 0.000001 0.000004 0.000008 0.000011 0.000005 0.000002 0.000000 0.000002 0.000006 0.000002 0.000000
-9999.000000 -0.000005 -0.000007 -0.000006 -0.000002 -0.000001 -0.000002 -0.000001 -0.000002 -0.000003 -0.000006 -0.000007 -0.000003 -0.000000 0.000000 0.000002 0.000005 0.000009 0.000010 0.000038 -0.000006 -0.000003 -0.000000 -0.000000 0.000002 0.000007 0.000019 -0.000002 0.000000 0.000003 0.000003 0.012144 -0.004017 -0.003723 -0.000138 -0.000019 -0.000020 -0.000009 -0.000009 -0.000007 -0.000009 -0.000013 -0.000013 -0.000017 -0.000016 -0.000007 -0.000004 -0.000000 0.000002 0.000006 0.000010 0.000008 0.000007 0.000007 0.000004 0.000000 0.000002 0.000012 0.000060 0.000028
-0.000009 -0.000004 -0.000004 -0.000005 -0.000001 0.000000 0.000000 -0.000011 -0.000016 -0.000031 -0.000014 -0.000006 -0.000002 -0.000000 0.000000 0.000003 0.000007 0.000017 0.000017 0.000011 -0.000004 -0.000005 -0.000002 0.000000 0.000000 0.000007 0.000120 -0.000002 0.000000 0.000004 0.016468 -0.009926 -0.006943 -0.004430 -0.000314 -0.000009 -0.000012 -0.000012 -0.000006 -0.000002 -0.000002 -0.000004 -0.000003 -0.000003 -0.000006 -0.000008 -0.000003 -0.000000 0.000010 0.000014 0.000007 0.000007 0.000006 0.000003 0.000018 0.000000 0.000003 0.000005 0.000021 0.001547
-0.000006 -0.000002 -0.000001 -0.000001 -0.000000 0.000000 -0.000012 -0.000065 -0.000039 -0.000008 -0.000007 -0.000004 -0.000001 -0.000000 0.000000 0.000004 0.000015 0.000050 0.000074 0.000483 -0.000007 -0.000004 -0.000000 0.000000 0.000004 0.000006 0.000020 -0.000000 0.000004 -0.010470 -0.007667 -0.000035 -0.000001 0.000000 -0.000254 -0.000002 -0.000003 -0.000003 -0.000004 -0.000006 -0.000008 -0.000013 -0.000009 -0.000013 -0.000021 -0.000021 -0.000002 0.000000 0.000004 0.000016 0.000060 0.000061 0.000025 0.000009 0.000007 0.000000 0.000001 0.000006 0.000225 -0.028338
-0.000004 -0.000001 0.000000 0.000000 0.000001 0.000043 -0.005148 -0.000008 -0.000006 -0.000005 -0.000006 -0.000002 0.000000 0.000000 0.000002 0.000006 0.000008 0.000005 0.000003 0.012439 -0.000007 -0.000003 -0.000000 0.000001 0.000007 0.000030 0.000000 0.000502 -0.029655 -0.023162 -0.000010 -0.000006 -0.000001 0.000000 -0.000036 -0.000237 -0.000041 -0.000107 -0.000183 -0.000172 -0.000130 -0.000137 -0.000154 -0.000076 -0.000037 0.000000 0.000001 0.000002 0.000006 0.000038 0.000025 0.000035 0.000115 0.000041 0.000038 0.000000 0.000000 0.000239 -0.042611 -0.054798
-0.000002 -0.000000 0.000000 0.000001 0.000002 -0.001346 -0.000014 -0.000005 -0.000004 -0.000002 -0.000001 -0.000001 0.000000 0.000001 0.000004 0.000009 0.000015 0.000010 0.000007 0.000435 0.000143 -0.000002 -0.000000 0.000002 0.000004 0.000028 -0.008332 -0.011372 -0.000023 -0.000015 -0.000008 -0.000004 -0.000001 -0.000000 0.000003 0.000116 -0.000223 -0.000165 -0.000027 -0.000013 -0.000009 -0.000011 -0.000010 -0.000008 -0.000003 0.000000 0.000006 0.000044 0.000000 0.000004 0.000004 0.000004 0.000009 0.000098 0.000179 0.000133 0.000000 -0.040376 -0.046116 -0.001815
0.000001 0.000001 0.000001 0.000002 -0.000040 -0.000196 -0.000004 -0.000002 -0.000003 -0.000005 -0.000003 -0.000001 0.000000 0.000002 0.000006 0.000016 0.000028 0.000020 0.000007 0.000011 0.000192 0.000215 0.000000 0.000003 -0.001716 -0.025841 -0.010630 -0.000013 -0.000009 -0.000007 -0.000006 -0.000003 -0.000000 -0.000000 0.000002 0.000004 -0.000019 -0.000012 -0.000013 -0.000014 -0.000016 -0.000008 -0.000005 -0.000002 0.000000 0.000003 0.000025 -0.000005 0.000000 0.000002 0.000007 0.000010 0.000004 0.000003 0.000121 -0.009122 -0.015155 -0.039157 -0.010483 -0.000004
0.000002 0.000006 0.000006 0.000069 -0.002120 -0.000006 -0.000002 -0.000004 -0.000007 -0.000007 -0.000005 -0.000000 0.000000 0.000005 0.000012 0.000009 0.000011 0.000028 0.000015 0.000011 0.000109 0.000503 -0.005540 -0.019853 -0.009451 -0.000021 -0.000008 -0.000010 -0.000006 -0.000002 -0.000002 -0.000002 -0.000001 -0.000000 -0.000000 0.000001 -0.000008 -0.000009 -0.000011 -0.000011 -0.000006 -0.000002 -0.000001 0.000000 0.000002 0.000009 0.000098 -0.000005 0.000000 0.000002 0.000007 0.000015 0.000011 0.000010 0.037201 -0.017450 -0.043094 -0.028129 -0.000190 -0.000006
0.000004 0.000009 0.000006 -0.000277 -0.000003 -0.000003 -0.000001 -0.000006 -0.000021 -0.000029 -0.000002 -0.000000 0.000002 0.000012 0.000028 0.000025 0.000017 0.000015 0.000035 0.000023 0.000151 -0.014053 -0.010742 -0.003332 -0.000052 -0.000030 -0.000002 -0.000003 -0.000004 -0.000009 -0.000016 -0.000016 -0.000025 -0.000008 -0.000001 -0.000001 -0.000004 -0.000007 -0.000006 -0.000003 -0.000004 -0.000003 -0.000000 0.000001 0.000003 0.000008 0.000047 0.000025 0.000000 0.000003 0.000009 0.000016 0.000545 -0.054663 -0.076355 -0.047223 -0.034995 -0.011842 -0.002634 -0.000796
0.000006 0.000010 0.000116 -0.000122 -0.000024 -0.000018 -0.000025 -0.000161 -0.000048 -0.000009 -0.000006 -0.000000 0.000001 0.000005 0.000012 0.000110 0.000083 0.000054 0.000061 -0.005156 -0.023080 -0.007756 -0.000010 -0.000066 -0.000049 -0.000055 -0.000152 -0.000191 -0.000279 -0.000182 -0.000080 -0.000048 -0.000008 -0.000004 -0.000003 -0.000004 -0.000003 -0.000005 -0.000003 -0.000007 -0.000007 -0.000002 -0.000000 0.000003 0.000005 0.000011 0.000055 0.000012 0.000000 0.000002 0.000011 0.017892 -0.135935 -0.055335 -0.005442 -0.000513 -0.000527 -0.000077 -0.000063 -0.000177
0.000008 0.000010 0.000105 -0.000118 -0.000111 -0.000195 -0.000055 -0.000010 -0.000006 -0.000002 -0.000001 0.000000 0.000002 0.000007 0.000013 0.000007 0.000019 0.000024 -0.015569 -0.011305 -0.000021 -0.000005 -0.000000 -0.000001 -0.000042 -0.000088 -0.000024 -0.000009 -0.000010 -0.000011 -0.000008 -0.000010 -0.000005 -0.000003 -0.000001 -0.000001 0.000000 0.000000 -0.000001 -0.000003 -0.000001 -0.000000 -0.000000 0.000002 0.000011 0.000000 0.000002 0.000053 0.000008 0.000032 0.002610 -0.048341 -0.054232 -0.003190 -0.000002 -0.000004 -0.000101 -0.000019 -0.000009 -0.000000
0.000008 0.000118 -0.008281 -0.000256 -0.000103 -0.000008 -0.000004 -0.000003 -0.000003 -0.000001 -0.000000 0.000000 0.000002 0.000007 0.000015 0.000016 0.000023 0.047846 -0.012111 -0.000015 -0.000015 -0.000005 -0.000000 -0.000000 -0.000010 -0.000008 -0.000007 -0.000005 -0.000005 -0.000005 -0.000005 -0.000006 -0.000003 -0.000001 -0.000001 -0.000000 0.000000 0.000001 0.000006 0.000004 -0.000001 -0.000000 0.000000 0.000004 0.000012 0.000011 0.000010 -0.061796 -0.078066 -0.073563 -0.063837 -0.040795 -0.008598 -0.000003 0.000000 -0.000032 -0.000122 -0.000042 -0.000037 -0.000019
0.000199 -0.000579 -0.000452 -0.000014 -0.000009 -0.000005 -0.000001 -0.000001 -0.000000 -0.000000 0.000000 0.000001 0.000003 0.000009 0.000017 0.000021 0.005814 -0.005029 -0.000010 -0.000011 -0.000010 -0.000004 -0.000001 -0.000001 -0.000004 -0.000006 -0.000004 -0.000001 -0.000002 -0.000002 -0.000001 -0.000001 0.000000 0.000000 0.000002 0.000002 0.000002 0.000005 0.000008 -0.000005 -0.000002 -0.000000 0.000000 0.000005 0.000021 0.006189 -0.146501 -0.061725 -0.013240 -0.002254 -0.002510 -0.004280 -0.000013 -0.000001 0.000000 -0.000709 -0.000243 -0.000010 -0.000003 -0.000008
-0.000691 -0.000010 -0.000008 -0.000013 -0.000006 -0.000003 -0.000003 -0.000001 -0.000000 0.000000 0.000001 0.000002 0.000004 0.000017 0.000023 0.000030 0.045434 -0.000012 -0.000008 -0.000006 -0.000004 -0.000003 -0.000002 -0.000001 -0.000002 -0.000002 -0.000002 -0.000002 -0.000002 -0.000004 -0.000002 -0.000001 0.000000 0.000001 0.000006 0.000006 0.000005 0.000008 0.000090 -0.000411 -0.000002 0.000000 0.000001 0.000008 0.003841 -0.111690 -0.028342 -0.000115 -0.000000 -0.000000 0.000000 -0.000112 -0.000014 -0.000000 0.000000 -0.000088 -0.000518 -0.000003 -0.000001 0.000000
-0.000009 -0.000008 -0.000012 -0.000008 -0.000003 -0.000005 -0.000001 -0.000000 -0.000000 -0.000000 0.000000 0.000001 0.000006 0.000009 0.000021 0.002233 -0.012567 -0.000008 -0.000005 -0.000002 -0.000001 -0.000001 -0.000004 -0.000003 -0.000004 -0.000004 -0.000001 -0.000000 0.000000 -0.000013 -0.000004 -0.000000 0.000000 0.000002 0.000008 0.000010 0.000335 -0.073269 -0.079401 -0.041657 -0.015834 -0.000603 -0.018317 -0.055259 -0.079687 -0.026342 -0.000014 -0.000009 -0.000001 -0.000000 0.000002 -0.000043 -0.000029 -0.000000 0.000001 0.000005 -0.001367 -0.000018 -0.000003 0.000000
-0.000005 -0.000003 -0.000003 -0.000002 -0.000000 -0.000000 0.000001 -0.000000 -0.000006 -0.000005 -0.000000 0.000000 0.000008 0.000017 0.000028 0.011311 -0.000003 -0.000003 -0.000003 -0.000004 -0.000003 -0.000003 -0.000002 -0.000000 0.000002 0.000003 0.000000 -0.000003 -0.000008 -0.000008 -0.000001 -0.000000 0.000001 0.000008 0.000015 0.001126 -0.120858 -0.068257 -0.017848 -0.051697 -0.080609 -0.076953 -0.074465 -0.052806 -0.028501 -0.000035 -0.000031 -0.000013 -0.000002 -0.000000 0.000002 -0.000058 -0.000067 -0.000002 0.000000 0.000002 0.000119 -0.000558 -0.000007 -0.000000
-0.000001 -0.000001 0.000000 0.000002 0.000004 0.000004 0.000007 -0.000008 -0.000005 -0.000003 -0.000001 0.000000 0.000002 0.000017 0.000398 -0.005031 -0.007614 -0.000008 -0.000005 -0.000005 -0.000006 -0.000002 -0.000000 0.000003 0.000009 0.027035 -0.009473 -0.014917 -0.000041 -0.000007 -0.000001 -0.000000 0.000001 0.000166 -0.039351 -0.145466 -0.089960 -0.000324 -0.000002 0.000000 0.000001 0.000006 0.000022 -0.000085 -0.000169 -0.000014 -0.000022 -0.000027 -0.000009 -0.000001 -0.000000 0.000000 -0.000136 -0.000007 0.000000 0.000002 0.000188 -0.000653 -0.000007 -0.000000
-0.000000 -0.000000 0.000002 0.000007 0.000007 0.000004 0.000011 -0.000001 -0.000000 -0.000003 -0.000002 -0.000001 0.000000 0.000010 0.003031 -0.058203 -0.067052 -0.067580 -0.039052 -0.000210 -0.000004 -0.000000 0.000000 0.000798 -0.063430 -0.055003 -0.044954 -0.059912 -0.051575 -0.034440 -0.041415 -0.054346 -0.069193 -0.094905 -0.066241 -0.009297 -0.000008 -0.000005 -0.000002 0.000000 0.000002 0.000009 0.000006 0.000003 -0.000208 -0.000010 -0.000006 -0.000002 -0.000002 -0.000004 -0.000001 0.000000 -0.000057 -0.000004 0.000000 0.000007 0.000014 -0.001343 -0.000015 -0.000001
0.000000 0.000003 0.000009 0.011754 -0.006123 -0.028899 -0.027580 -0.006859 -0.005433 -0.015395 -0.024453 -0.040752 -0.020437 -0.073030 -0.107443 -0.073941 -0.054740 -0.048107 -0.083363 -0.106176 -0.075347 -0.074035 -0.076494 -0.096669 -0.085461 -0.047695 -0.043755 -0.059938 -0.068651 -0.066823 -0.064377 -0.028200 -0.007126 -0.001118 -0.000202 -0.000006 -0.000002 -0.000002 -0.000001 0.000000 0.000002 0.000004 0.000000 0.000001 -0.000374 -0.000004 -0.000004 -0.000003 -0.000000 -0.000001 -0.000000 0.000000 -0.000105 -0.000006 0.000000 0.000008 0.000014 -0.001028 -0.000010 -0.000003
0.000531 -0.069742 -0.128361 -0.128095 -0.102933 -0.119293 -0.116572 -0.104223 -0.100343 -0.083830 -0.068036 -0.082135 -0.098582 -0.068725 -0.040610 -0.011533 -0.000009 -0.000000 -0.000000 -0.011137 -0.045712 -0.057769 -0.042188 -0.009994 -0.003405 -0.000085 -0.000016 -0.000039 -0.000145 -0.000589 -0.001905 -0.000311 -0.000150 -0.000277 -0.000356 -0.000003 -0.000005 -0.000006 -0.000003 -0.000003 -0.000002 -0.000001 -0.000000 0.000003 -0.000032 -0.000243 -0.000009 -0.000005 -0.000005 -0.000005 -0.000001 -0.000000 -0.000052 -0.000009 0.000000 0.000008 0.000032 -0.002202 -0.000032 -0.000022
-0.126055 -0.094596 -0.065667 -0.063101 -0.028782 -0.010078 -0.005666 -0.024840 -0.036817 -0.036485 -0.041397 -0.026752 -0.021214 -0.011940 -0.000292 -0.000047 -0.000014 -0.000004 -0.000000 0.000002 0.000006 0.000228 -0.000260 -0.000006 -0.000009 -0.000006 -0.000001 0.000000 0.000001 0.000006 -0.000175 -0.000663 -0.000067 -0.000141 -0.000407 -0.001133 -0.001633 -0.001205 -0.000015 -0.000020 -0.000031 -0.000005 -0.000000 0.000001 0.000011 -0.000009 -0.003298 -0.000014 -0.000012 -0.000004 -0.000002 -0.000000 -0.000030 -0.000006 0.000000 0.000004 0.000025 -0.001369 -0.000007 -0.000007
-0.074627 -0.019012 0.014089 -0.001530 -0.000121 -0.000067 -0.000007 -0.000000 0.000001 0.000004 0.000111 -0.000096 -0.000041 -0.000072 -0.000111 -0.000026 -0.000013 -0.000008 -0.000000 -0.000000 0.000001 0.000004 0.000023 -0.000020 -0.000019 -0.000012 -0.000001 0.000000 0.000001 0.000005 0.000003 -0.000111 -0.000913 -0.000348 -0.000081 -0.000002 0.000000 -0.001521 -0.000629 -0.000049 -0.000013 -0.000006 -0.000000 0.000000 0.000001 0.000000 -0.000018 -0.000123 -0.000120 -0.000084 -0.000009 -0.000000 -0.000004 -0.000001 0.000000 0.000040 0.000041 -0.001870 -0.000012 -0.000005
-0.014771 -0.013566 -0.000102 -0.000007 -0.000005 -0.000008 -0.000007 -0.000000 0.000000 0.000004 0.000006 -0.000004 -0.000009 -0.000019 -0.000057 -0.000069 -0.000029 -0.000015 -0.000004 -0.000000 0.000000 0.000002 0.000053 -0.000010 -0.000030 -0.000012 -0.000000 -0.000000 0.000001 0.000005 0.000000 0.000001 -0.000117 -0.000019 -0.000010 -0.000002 -0.000000 -0.000157 -0.000633 -0.000010 -0.000012 -0.000008 -0.000003 0.000000 0.000002 0.000006 0.000092 -0.000053 -0.000040 -0.000052 -0.000060 -0.000013 -0.000001 -0.000000 0.000002 0.000014 0.000027 0.001260 -0.001121 -0.000012
-0.000000 -0.000083 -0.000200 -0.000005 -0.000001 -0.000000 -0.000000 -0.000000 0.000000 0.000002 0.000004 0.000010 -0.000000 0.000000 -0.000020 -0.000045 -0.000018 -0.000033 -0.000013 -0.000001 0.000000 0.000001 0.000064 -0.000001 -0.000005 -0.000009 -0.000001 -0.000000 0.000000 0.000000 0.000000 0.000001 -0.000031 -0.000017 -0.000025 -0.000008 -0.000000 0.000002 -0.001957 -0.000003 -0.000003 -0.000005 -0.000003 0.000000 0.000003 0.000013 0.000040 -0.000067 -0.000027 -0.000017 -0.000016 -0.000006 -0.000002 -0.000000 0.000000 0.000006 0.000018 0.000037 -0.000215 -0.001102
