use_cases/Flooding/flood_case/output/hUx_5400.asc
ncols 269
nrows 269
xllcorner 0.000000
yllcorner 0.000000
cellsize 10.000000
NODATA_value -9999.000000
[rows 162 to 188 of 269, columns 180 to 239 of 269]
0.000002 0.000009 0.000016 0.000019 0.000017 0.115323 -0.000019 -0.000000 0.000000 0.000009 0.000018 0.000021 0.000022 0.010142 -0.015332 -0.002625 -0.002554 -0.002021 -0.002020 -0.002136 -0.000008 -0.000012 -0.000027 -0.000028 -0.000025 -0.000022 -0.000012 -0.000001 0.000000 0.000005 0.000007 -0.000240 -0.000086 -0.000011 -0.000014 -0.000007 -0.000001 -0.000000 0.000003 0.000011 0.000030 0.000000 -0.000065 -0.000057 -0.000000 -9999.000000 -9999.000000 -9999.000000 -9999.000000 -9999.000000 -9999.000000 -9999.000000 -9999.000000 -9999.000000 -9999.000000 -9999.000000 -9999.000000 -9999.000000 -9999.000000 -9999.000000
0.000008 0.000015 0.000023 0.000027 0.000022 0.083790 -0.000004 -0.000000 0.000007 0.000018 0.000020 0.000992 -0.003358 -0.003968 -0.000011 -0.000011 -0.000018 -0.000035 -0.000050 -0.000089 -0.000190 -0.000113 -0.000010 -0.000013 -0.000022 -0.000016 -0.000008 0.000000 0.000006 0.000010 -0.000016 -0.000148 -0.000011 -0.000016 -0.000018 -0.000008 -0.000000 0.000000 0.000003 0.000010 0.000061 -0.000033 -0.000068 -0.000020 -0.000002 0.000000 -9999.000000 -9999.000000 -9999.000000 -9999.000000 -9999.000000 -9999.000000 -9999.000000 -9999.000000 -9999.000000 -9999.000000 -9999.000000 -9999.000000 -9999.000000 -9999.000000
0.000018 0.000031 0.000029 0.000020 -0.000882 -0.001669 0.000000 0.000003 0.000014 0.000026 0.001543 -0.003166 -0.000018 -0.000014 -0.000009 -0.000008 -0.000007 -0.000004 -0.000003 -0.000005 -0.000027 -0.000068 -0.000117 -0.000083 -0.000039 -0.000020 -0.000006 0.000000 0.000009 0.000016 -0.000330 -0.000077 -0.000009 -0.000000 -0.000007 -0.000006 -0.000001 0.000000 0.000004 0.000014 -0.000002 -0.000034 -0.000029 -0.000010 -0.000002 0.000000 -9999.000000 -9999.000000 -9999.000000 -9999.000000 -9999.000000 -9999.000000 -9999.000000 -9999.000000 -9999.000000 -9999.000000 -9999.000000 -9999.000000 -9999.000000 -9999.000000
0.000013 0.000024 0.000034 -0.089527 -0.001782 -0.000001 0.000000 0.000006 0.000020 0.000028 -0.000539 -0.000842 -0.000007 -0.000006 -0.000005 -0.000004 -0.000003 -0.000002 -0.000003 -0.000009 -0.000014 -0.000020 -0.000019 -0.000019 -0.000015 -0.000008 -0.000003 0.000000 0.000011 0.000027 -0.000190 -0.000037 -0.000003 -0.000000 -0.000013 -0.000008 -0.000002 0.000000 0.000003 0.000014 -0.000002 -0.000041 -0.000036 -0.000021 -0.000017 -0.000005 0.000000 -9999.000000 -9999.000000 -9999.000000 -9999.000000 -9999.000000 -9999.000000 -9999.000000 -9999.000000 -9999.000000 -9999.000000 -9999.000000 -9999.000000 -9999.000000
0.000023 0.000038 0.001884 -0.002006 -0.000002 -0.000000 0.000005 0.000014 0.000024 0.000155 -0.021297 -0.000340 -0.000020 -0.000018 -0.000017 -0.000014 -0.000008 -0.000003 -0.000010 -0.000005 -0.000009 -0.000017 -0.000017 -0.000016 -0.000008 -0.000001 0.000000 0.000004 0.000016 0.000018 -0.000215 -0.000019 -0.000000 0.000000 -0.000009 -0.000010 -0.000006 -0.000001 0.000000 0.000010 0.000110 -0.000083 -0.000136 -0.000071 -0.000014 -0.000000 -9999.000000 -9999.000000 -9999.000000 -9999.000000 -9999.000000 -9999.000000 -9999.000000 -9999.000000 -9999.000000 -9999.000000 -9999.000000 -9999.000000 -9999.000000 -9999.000000
0.000027 0.000038 0.001029 -0.000003 -0.000000 0.000004 0.000011 0.000018 0.000023 0.094658 -0.009554 -0.047286 -0.010386 -0.007152 -0.000029 -0.000033 -0.000026 -0.000048 -0.000175 -0.000103 -0.000075 -0.000047 -0.000026 -0.000010 -0.000002 -0.000000 0.000003 0.000011 0.000020 0.000020 -0.000128 -0.000005 -0.000000 0.000001 -0.000011 -0.000015 -0.000005 -0.000000 0.000001 0.000005 -0.055951 -0.000129 -0.000006 0.000000 -9999.000000 -9999.000000 -9999.000000 -9999.000000 -9999.000000 -9999.000000 -9999.000000 -9999.000000 -9999.000000 -9999.000000 -9999.000000 -9999.000000 -9999.000000 -9999.000000 -9999.000000 -9999.000000
0.000036 0.000035 0.001383 -0.000000 0.000000 0.000008 0.000017 0.000018 0.011733 -0.028222 -0.000013 -0.000001 0.000000 -0.000282 -0.186072 -0.000305 -0.000173 -0.000156 -0.000020 -0.000022 -0.000017 -0.000012 -0.000005 -0.000003 -0.000000 0.000002 0.000009 0.000016 0.000023 0.000141 -0.000080 -0.000000 0.000000 -0.000094 -0.000186 -0.000015 -0.000000 0.000001 0.000137 -0.015006 -0.000791 -0.000005 0.000000 -9999.000000 -9999.000000 -9999.000000 -9999.000000 -9999.000000 -9999.000000 -9999.000000 -9999.000000 -9999.000000 -9999.000000 -9999.000000 -9999.000000 -9999.000000 -9999.000000 -9999.000000 -9999.000000 -9999.000000
0.000044 0.001379 -0.001615 -0.000000 0.000004 0.000016 0.000666 -0.135480 -0.013761 -0.000022 -0.000010 -0.000001 -0.000000 0.000002 0.001294 -0.581893 -0.000050 -0.000007 -0.000006 -0.000005 -0.000005 -0.000007 -0.000009 -0.000003 -0.000000 0.000006 0.000018 0.000028 0.000076 0.000827 -0.000086 -0.000072 -0.000415 -0.000319 -0.000005 -0.000000 0.000003 0.000196 -0.017917 -0.000011 -0.000005 0.000000 -9999.000000 -9999.000000 -9999.000000 -9999.000000 -9999.000000 -9999.000000 -9999.000000 -9999.000000 -9999.000000 -9999.000000 -9999.000000 -9999.000000 -9999.000000 -9999.000000 -9999.000000 -9999.000000 -9999.000000 -9999.000000
0.000041 0.007558 -0.000005 0.000000 0.000006 0.000020 0.104586 -0.003569 -0.000044 -0.000042 -0.000032 -0.000005 -0.000000 0.000000 0.000010 0.003042 -0.008746 -0.000021 -0.000014 -0.000008 -0.000009 -0.000015 -0.000015 -0.000003 0.000000 0.000004 0.000012 0.000024 0.000019 0.000017 0.276873 -0.002336 -0.000009 -0.000002 0.000000 0.000002 0.000030 -0.000315 -0.000009 -0.000005 0.000000 -9999.000000 -9999.000000 -9999.000000 -9999.000000 -9999.000000 -9999.000000 -9999.000000 -9999.000000 -9999.000000 -9999.000000 -9999.000000 -9999.000000 -9999.000000 -9999.000000 -9999.000000 -9999.000000 -9999.000000 -9999.000000 -9999.000000
0.002068 -0.001078 0.000000 0.000001 0.000012 0.006895 -0.126378 -0.000028 -0.000023 -0.000029 -0.000028 -0.000016 -0.000002 0.000000 0.000007 0.000019 0.172751 -0.008582 -0.000008 -0.000000 -0.000026 -0.000022 -0.000008 -0.000002 0.000000 0.000006 0.000037 0.000000 0.000002 0.000004 0.000413 -0.000762 -0.000003 -0.000000 0.000001 0.000004 -0.000436 -0.000494 -0.000003 0.000000 -9999.000000 -9999.000000 -9999.000000 -9999.000000 -9999.000000 -9999.000000 -9999.000000 -9999.000000 -9999.000000 -9999.000000 -9999.000000 -9999.000000 -9999.000000 -9999.000000 -9999.000000 -9999.000000 -9999.000000 -9999.000000 -9999.000000 -9999.000000
-0.000005 -0.000008 0.000000 0.000005 0.000015 0.019176 -0.000071 -0.000027 -0.000022 -0.000025 -0.000020 -0.000011 -0.000003 0.000000 0.000005 0.000018 0.000028 0.089111 -0.019001 -0.000027 -0.000047 -0.000021 -0.000013 -0.000001 0.000000 0.000001 0.000005 0.000000 0.000003 0.000009 0.000173 -0.000584 -0.000004 -0.000000 0.000002 -0.006086 -0.000771 0.000000 -9999.000000 -9999.000000 -9999.000000 -9999.000000 -9999.000000 -9999.000000 -9999.000000 -9999.000000 -9999.000000 -9999.000000 -9999.000000 -9999.000000 -9999.000000 -9999.000000 -9999.000000 -9999.000000 -9999.000000 -9999.000000 -9999.000000 -9999.000000 -9999.000000 -9999.000000
-0.009992 -0.000007 0.000000 0.000009 0.020713 -0.336383 -0.000033 -0.000019 -0.000012 -0.000016 -0.000011 -0.000006 -0.000002 0.000000 0.000004 0.000011 0.000023 0.000024 0.054928 -0.060872 -0.007879 -0.000025 -0.000007 -0.000000 0.000002 -0.000010 -0.000019 0.000000 0.000001 0.000006 0.000070 -0.000216 -0.000001 -0.000000 -0.000682 -0.001202 -0.000006 0.000000 -9999.000000 -9999.000000 -9999.000000 -9999.000000 -9999.000000 -9999.000000 -9999.000000 -9999.000000 -9999.000000 -9999.000000 -9999.000000 -9999.000000 -9999.000000 -9999.000000 -9999.000000 -9999.000000 -9999.000000 -9999.000000 -9999.000000 -9999.000000 -9999.000000 -9999.000000
-0.002207 -0.000002 0.000000 0.000010 0.446044 -0.104479 -0.000087 -0.000011 -0.000016 -0.000006 -0.000004 -0.000002 -0.000001 0.000000 0.000001 0.000003 0.000014 0.000017 0.000018 0.000017 0.001478 -0.003550 -0.000002 -0.000000 -0.000227 -0.001760 -0.002077 -0.000535 -0.000082 -0.005519 -0.004718 -0.000191 -0.000020 -0.000185 -0.000653 -0.000005 -0.000003 0.000000 -9999.000000 -9999.000000 -9999.000000 -9999.000000 -9999.000000 -9999.000000 -9999.000000 -9999.000000 -9999.000000 -9999.000000 -9999.000000 -9999.000000 -9999.000000 -9999.000000 -9999.000000 -9999.000000 -9999.000000 -9999.000000 -9999.000000 -9999.000000 -9999.000000 -9999.000000
-0.000006 -0.000000 0.000005 0.007159 -0.077218 -0.000060 -0.000095 -0.000161 -0.000126 -0.000075 -0.000030 -0.000004 -0.000003 -0.000005 -0.000002 0.000000 0.000010 0.000017 0.000012 0.000017 0.000022 0.002120 -0.005434 -0.011990 -0.012829 -0.000005 -0.000000 -0.000079 -0.000111 -0.000000 -0.000605 -0.001594 -0.001613 -0.001331 -0.000632 -0.000012 -0.000006 0.000000 -9999.000000 -9999.000000 -9999.000000 -9999.000000 -9999.000000 -9999.000000 -9999.000000 -9999.000000 -9999.000000 -9999.000000 -9999.000000 -9999.000000 -9999.000000 -9999.000000 -9999.000000 -9999.000000 -9999.000000 -9999.000000 -9999.000000 -9999.000000 -9999.000000 -9999.000000
0.000000 0.000002 0.001661 -0.293593 -0.000028 -0.000036 -0.000026 -0.000021 -0.000021 -0.000015 -0.000006 -0.000004 -0.000006 -0.000009 -0.000005 0.000000 0.000001 0.000002 0.000002 0.000005 0.000011 0.000018 0.000021 0.000013 -0.001624 -0.000007 -0.000008 -0.000010 -0.000001 -0.000000 0.000002 -0.000011 -0.000027 -0.000027 -0.000063 -0.000140 -0.000028 0.000000 -9999.000000 -9999.000000 -9999.000000 -9999.000000 -9999.000000 -9999.000000 -9999.000000 -9999.000000 -9999.000000 -9999.000000 -9999.000000 -9999.000000 -9999.000000 -9999.000000 -9999.000000 -9999.000000 -9999.000000 -9999.000000 -9999.000000 -9999.000000 -9999.000000 -9999.000000
0.000000 0.000005 -0.055713 -0.000022 -0.000029 -0.000026 -0.000019 -0.000016 -0.000013 -0.000006 -0.000004 -0.000000 -0.000026 -0.000017 -0.000013 -0.000008 -0.000006 -0.000002 0.000000 0.000000 0.000007 0.000016 0.000020 0.000019 0.001939 -0.410532 -0.000085 -0.000017 -0.000008 -0.000000 0.000001 0.000003 -0.000014 -0.000007 -0.000004 -0.000009 -0.000002 0.000000 -9999.000000 -9999.000000 -9999.000000 -9999.000000 -9999.000000 -9999.000000 -9999.000000 -9999.000000 -9999.000000 -9999.000000 -9999.000000 -9999.000000 -9999.000000 -9999.000000 -9999.000000 -9999.000000 -9999.000000 -9999.000000 -9999.000000 -9999.000000 -9999.000000 -9999.000000
0.000000 -0.007350 -0.000027 -0.000049 -0.000039 -0.000018 -0.000012 -0.000005 -0.000005 -0.000002 -0.000000 -0.000006 -0.000044 -0.000028 -0.000020 -0.000011 -0.000003 -0.000003 0.000000 0.000001 0.000005 0.000011 0.000012 0.000007 0.000014 0.000413 -0.000044 -0.000041 -0.000017 -0.000006 -0.000000 0.000000 -0.000012 -0.000003 0.000000 -0.000000 0.000000 -9999.000000 -9999.000000 -9999.000000 -9999.000000 -9999.000000 -9999.000000 -9999.000000 -9999.000000 -9999.000000 -9999.000000 -9999.000000 -9999.000000 -9999.000000 -9999.000000 -9999.000000 -9999.000000 -9999.000000 -9999.000000 -9999.000000 -9999.000000 -9999.000000 -9999.000000 -9999.000000
-0.000000 -0.013812 -0.000016 -0.000016 -0.000013 -0.000010 -0.000006 -0.000006 -0.000000 0.000001 -0.000080 -0.000339 -0.000252 -0.000149 -0.000111 -0.000063 -0.000006 -0.000001 0.000000 0.000001 0.000002 0.000003 0.000004 0.000011 0.000008 -0.000290 -0.000028 -0.000039 -0.000039 -0.000012 -0.000007 -0.000001 -0.000003 -0.000001 0.000000 0.000001 0.000001 -9999.000000 -9999.000000 -9999.000000 -9999.000000 -9999.000000 -9999.000000 -9999.000000 -9999.000000 -9999.000000 -9999.000000 -9999.000000 -9999.000000 -9999.000000 -9999.000000 -9999.000000 -9999.000000 -9999.000000 -9999.000000 -9999.000000 -9999.000000 -9999.000000 -9999.000000 -9999.000000
-0.002191 -0.000004 -0.000004 -0.000005 -0.000005 -0.000003 -0.000000 -0.000006 -0.000034 -0.000544 -0.000510 -0.000020 -0.000015 -0.000011 -0.000013 -0.000013 -0.000008 -0.000002 -0.000000 0.000000 0.000003 0.000011 0.000022 0.000026 0.074562 -0.002553 -0.000016 -0.000019 -0.000021 -0.000019 -0.000010 -0.000005 -0.000001 -0.000000 0.000000 0.000001 0.000000 -9999.000000 -9999.000000 -9999.000000 -9999.000000 -9999.000000 -9999.000000 -9999.000000 -9999.000000 -9999.000000 -9999.000000 -9999.000000 -9999.000000 -9999.000000 -9999.000000 -9999.000000 -9999.000000 -9999.000000 -9999.000000 -9999.000000 -9999.000000 -9999.000000 -9999.000000 -9999.000000
-0.020001 -0.008087 -0.000011 -0.000014 -0.000010 -0.000003 -0.000000 -0.000226 -0.000343 -0.000023 -0.000020 -0.000013 -0.000008 -0.000002 -0.000001 0.000000 0.000000 -0.000007 -0.000005 -0.000002 0.000000 0.000003 0.000011 0.000088 0.008375 -0.000005 -0.000005 -0.000006 -0.000006 -0.000004 -0.000003 -0.000002 -0.000003 -0.000006 -0.000007 -0.000002 0.000000 -9999.000000 -9999.000000 -9999.000000 -9999.000000 -9999.000000 -9999.000000 -9999.000000 -9999.000000 -9999.000000 -9999.000000 -9999.000000 -9999.000000 -9999.000000 -9999.000000 -9999.000000 -9999.000000 -9999.000000 -9999.000000 -9999.000000 -9999.000000 -9999.000000 -9999.000000 -9999.000000
-0.000210 -0.007266 -0.014030 -0.008381 -0.000047 -0.000149 -0.000302 -0.000765 -0.000018 -0.000019 -0.000014 -0.000005 -0.000003 -0.000000 0.000002 0.000004 0.000015 -0.000039 -0.000057 -0.000017 0.000000 0.000004 0.000044 0.000042 0.001533 -0.001848 -0.000268 -0.000014 -0.000018 -0.000016 -0.000011 -0.000011 -0.000013 -0.000011 -0.000005 -0.000004 0.000000 -9999.000000 -9999.000000 -9999.000000 -9999.000000 -9999.000000 -9999.000000 -9999.000000 -9999.000000 -9999.000000 -9999.000000 -9999.000000 -9999.000000 -9999.000000 -9999.000000 -9999.000000 -9999.000000 -9999.000000 -9999.000000 -9999.000000 -9999.000000 -9999.000000 -9999.000000 -9999.000000
-0.000000 0.000001 0.000003 0.001841 -0.031231 -0.000293 -0.000345 -0.000007 -0.000006 -0.000006 -0.000006 -0.000005 -0.000000 0.000001 0.000006 0.000039 -0.000219 -0.000094 -0.000007 -0.000002 0.000000 0.000002 0.000011 0.000016 0.000015 -0.001325 -0.000357 -0.000588 -0.000431 -0.000350 -0.000335 -0.000259 -0.000021 -0.000017 -0.000010 -0.000003 0.000000 -9999.000000 -9999.000000 -9999.000000 -9999.000000 -9999.000000 -9999.000000 -9999.000000 -9999.000000 -9999.000000 -9999.000000 -9999.000000 -9999.000000 -9999.000000 -9999.000000 -9999.000000 -9999.000000 -9999.000000 -9999.000000 -9999.000000 -9999.000000 -9999.000000 -9999.000000 -9999.000000
-0.000000 0.000000 0.000003 0.000012 0.016707 -0.011630 -0.000088 -0.000017 -0.000010 -0.000008 -0.000009 -0.000004 -0.000000 0.000003 -0.000010 -0.000325 -0.000011 -0.000005 -0.000001 -0.000000 0.000000 0.000003 0.000004 0.000006 0.000006 -0.000987 -0.000021 -0.000024 -0.000025 -0.000017 -0.000029 -0.000082 -0.000166 -0.000132 -0.000092 -0.000039 -0.000000 -9999.000000 -9999.000000 -9999.000000 -9999.000000 -9999.000000 -9999.000000 -9999.000000 -9999.000000 -9999.000000 -9999.000000 -9999.000000 -9999.000000 -9999.000000 -9999.000000 -9999.000000 -9999.000000 -9999.000000 -9999.000000 -9999.000000 -9999.000000 -9999.000000 -9999.000000 -9999.000000
-0.000000 0.000000 0.000006 0.000014 0.000016 0.070102 -0.002437 -0.000017 -0.000009 -0.000008 -0.000007 -0.000002 0.000000 -0.000128 -0.000310 -0.000006 -0.000003 0.000000 0.000001 0.000003 0.000005 0.000003 -0.000004 0.000000 0.000008 -0.001787 -0.000008 -0.000011 -0.000019 -0.000012 -0.000013 -0.000013 -0.000012 -0.000018 -0.000029 -0.000022 -0.000010 -0.000000 -9999.000000 -9999.000000 -9999.000000 -9999.000000 -9999.000000 -9999.000000 -9999.000000 -9999.000000 -9999.000000 -9999.000000 -9999.000000 -9999.000000 -9999.000000 -9999.000000 -9999.000000 -9999.000000 -9999.000000 -9999.000000 -9999.000000 -9999.000000 -9999.000000 -9999.000000
0.000000 0.000002 0.000006 0.000007 0.000007 0.005933 -0.000381 -0.000311 -0.001283 -0.010458 -0.002051 -0.002655 -0.003630 -0.003904 -0.000082 -0.000012 -0.000004 0.000000 0.000003 0.000006 -0.000025 -0.000091 -0.000024 -0.000000 0.000004 -0.000627 -0.000305 -0.000047 -0.000014 -0.000011 -0.000013 -0.000014 -0.000012 -0.000015 -0.000015 -0.000012 -0.000012 -0.000008 -0.000003 0.000000 -9999.000000 -9999.000000 -9999.000000 -9999.000000 -9999.000000 -9999.000000 -9999.000000 -9999.000000 -9999.000000 -9999.000000 -9999.000000 -9999.000000 -9999.000000 -9999.000000 -9999.000000 -9999.000000 -9999.000000 -9999.000000 -9999.000000 -9999.000000
0.000000 0.000005 0.000044 0.000041 0.000048 -0.005040 -0.000010 -0.000000 0.000000 -0.000026 -0.000004 -0.000000 0.000001 -0.116752 -0.003362 -0.000015 -0.000005 0.000000 0.000001 -0.000035 -0.000093 -0.000007 -0.000007 -0.000000 0.000002 -0.000186 -0.000289 -0.000013 -0.000005 -0.000005 -0.000005 -0.000004 -0.000004 -0.000005 -0.000004 -0.000005 -0.000005 -0.000003 -0.000002 0.000000 -9999.000000 -9999.000000 -9999.000000 -9999.000000 -9999.000000 -9999.000000 -9999.000000 -9999.000000 -9999.000000 -9999.000000 -9999.000000 -9999.000000 -9999.000000 -9999.000000 -9999.000000 -9999.000000 -9999.000000 -9999.000000 -9999.000000 -9999.000000
0.000000 0.000004 0.000015 0.000087 0.191392 -0.012518 -0.000013 -0.000002 0.000000 -0.000077 -0.000015 -0.000000 0.000000 0.000006 0.000692 -0.002416 -0.001753 -0.000088 -0.000355 -0.000379 -0.000217 -0.000070 -0.000018 -0.000000 0.000002 0.000034 -0.000452 -0.000009 -0.000013 -0.000011 -0.000013 -0.000013 -0.000014 -0.000016 -0.000014 -0.000012 -0.000009 -0.000003 -0.000000 0.000000 -9999.000000 -9999.000000 -9999.000000 -9999.000000 -9999.000000 -9999.000000 -9999.000000 -9999.000000 -9999.000000 -9999.000000 -9999.000000 -9999.000000 -9999.000000 -9999.000000 -9999.000000 -9999.000000 -9999.000000 -9999.000000 -9999.000000 -9999.000000
