use_cases/Flooding/flood_case/output/hUx_900.asc
ncols 269
nrows 269
xllcorner 0.000000
yllcorner 0.000000
cellsize 10.000000
NODATA_value -9999.000000
[rows 27 to 53 of 269, columns 122 to 182 of 269]
0.000000 0.000000 0.000000 0.000000 0.000000 -0.000000 -0.000001 -0.000009 -0.000000 -0.000000 -0.000000 -0.000000 0.000024 0.000232 -0.000967 -0.000817 -0.001910 -0.000383 -0.000008 0.000000 0.000068 0.000927 -0.000409 -0.000233 -0.000035 -0.000000 0.000000 0.000008 0.000030 0.007542 -0.223896 -0.000593 -0.000065 -0.000010 -0.000000 0.000022 0.000035 -0.000050 -0.000241 -0.000107 -0.000088 -0.000022 -0.000000 0.000012 0.000046 0.000011 -0.000013 0.000000 0.000010 -0.000696 -0.000188 -0.000014 -0.000000 -0.000210 -0.000445 -0.000208 -0.000125 -0.000091 -0.000121 -0.000157 -0.000180
0.000000 0.000000 0.000000 0.000000 -0.000000 -0.000000 0.000000 0.000000 -0.000000 -0.000000 -0.000000 -0.000000 0.000006 0.000029 0.004933 -0.000912 -0.000121 -0.000075 -0.000000 0.000032 0.000466 -0.000735 -0.000286 -0.000093 -0.000000 -0.000017 -0.000006 0.000000 0.000064 0.227329 -0.000526 -0.000150 -0.000045 -0.000000 0.000006 0.000073 0.000394 -0.000243 -0.000172 -0.000153 -0.000079 -0.000012 -0.000000 0.000021 0.000068 0.000154 -0.000003 0.000000 -0.000412 -0.000816 -0.000053 -0.000000 0.000013 -0.000358 -0.000625 -0.000350 -0.000401 -0.000654 -0.001117 -0.000945 -0.000433
0.000000 0.000000 0.000000 0.000000 0.000000 -0.000000 0.000000 0.000000 0.000000 -0.000000 -0.000000 -0.000000 0.000015 0.000056 0.001824 -0.000043 -0.000043 -0.000021 -0.000006 0.000000 0.000027 0.004602 -0.000131 -0.000000 0.000017 -0.000030 -0.000019 0.000000 -0.001014 -0.005172 -0.000159 -0.000094 -0.000054 -0.000000 0.000023 0.000123 0.001239 -0.000214 -0.000237 -0.000199 -0.000077 -0.000011 0.000000 0.000020 0.000032 0.000187 -0.000000 0.000009 -0.000863 -0.000239 -0.000016 -0.000000 -0.000442 -0.033182 -0.004416 -0.004218 -0.002599 -0.001944 -0.000145 -0.000139 -0.000068
0.000000 0.000000 0.000000 -0.000063 -0.000686 -0.000033 0.000000 0.000000 0.000000 0.000000 -0.000000 0.000000 0.000010 0.000020 -0.004509 -0.000132 -0.000101 -0.000021 -0.000000 0.000019 0.000076 0.004697 -0.000275 -0.000873 -0.000504 -0.000898 -0.001218 -0.002142 -0.008074 -0.000233 -0.000100 -0.000030 -0.000009 0.000000 0.000153 0.000693 0.002938 -0.000285 -0.000271 -0.000279 -0.000097 -0.000003 0.000000 0.000020 0.000163 -0.000163 -0.000000 0.000026 0.000116 -0.000208 -0.000119 -0.002179 -0.006765 -0.000140 -0.000136 -0.000141 -0.000108 -0.000064 -0.000055 -0.000037 -0.000026
0.000000 0.000000 0.000000 0.000000 -0.001420 -0.022959 -0.008678 0.000000 0.000000 0.000000 0.000000 0.000000 0.000034 -0.004001 -0.002629 -0.000174 -0.000098 -0.000000 0.000005 0.000046 0.000092 0.015282 -0.012502 -0.000166 -0.000026 -0.000000 0.000016 -0.000254 -0.000231 -0.000202 -0.000076 -0.000024 0.000000 0.000008 0.000062 0.000130 0.000163 0.004363 -0.001906 -0.000127 -0.000026 -0.000000 0.000008 0.000046 0.000303 -0.000001 0.000026 -0.010688 -0.033449 -0.016667 -0.007743 -0.007337 -0.000179 -0.000133 -0.000088 -0.000089 -0.000072 -0.000015 0.000000 -0.000031 -0.000036
0.000000 0.000000 0.000000 0.000000 0.000000 0.000000 -0.013525 -0.025183 -0.015935 -0.021717 -0.030006 -0.027417 -0.019458 -0.030030 -0.030648 -0.000162 -0.000080 -0.000000 0.000010 0.000045 -0.008622 -0.015981 -0.000128 -0.000106 -0.000039 -0.000000 0.000009 -0.000089 -0.000146 -0.000202 -0.000049 -0.000009 0.000000 0.000007 0.000043 0.000076 0.000099 0.000120 0.000582 -0.000151 -0.000022 -0.000000 0.000034 0.001811 -0.002857 -0.009528 -0.014418 -0.008940 -0.000568 -0.000135 -0.000131 -0.000128 -0.000118 -0.000083 -0.000032 -0.000022 -0.000012 -0.000000 0.000011 0.000032 -0.000149
0.000000 0.000000 0.000000 0.000000 0.000000 0.000000 0.000000 0.000000 0.000000 -0.000027 -0.000006 -0.000002 0.000000 0.000177 -0.018534 -0.000094 -0.000013 -0.000000 0.000007 -0.005796 -0.010559 -0.000133 -0.000101 -0.000051 -0.000031 -0.000014 -0.000008 0.000000 0.000002 -0.000164 -0.000025 -0.000016 0.000000 0.000012 0.000023 0.000027 0.000032 0.000040 0.002554 0.000786 -0.000000 0.000003 -0.012106 -0.059312 -0.010720 -0.000197 -0.000092 -0.000068 -0.000102 -0.000084 -0.000092 -0.000096 -0.000072 -0.000039 -0.000056 -0.000020 -0.000000 0.000018 0.000038 0.000011 -0.000187
0.000000 0.000000 0.000000 0.000000 0.000000 0.000000 0.000000 0.000000 0.000000 0.000000 -0.000006 -0.000006 0.000000 0.000065 0.002383 -0.002064 -0.000612 -0.001908 -0.007662 -0.012560 -0.000122 -0.000082 -0.000029 -0.000011 0.000000 -0.000084 -0.000031 0.000000 0.000005 -0.000025 -0.000038 -0.000008 -0.000000 0.000000 0.000032 0.000065 0.000090 0.000124 0.001955 -0.030395 -0.022472 -0.027586 -0.016067 -0.000277 -0.000178 -0.000134 -0.000096 -0.000114 -0.000105 -0.000067 -0.000064 -0.000029 -0.000010 -0.000000 0.000009 0.000018 -0.000000 0.000016 0.000073 -0.000325 -0.000272
0.000000 0.000000 0.000000 0.000000 0.000000 0.000000 0.000000 0.000000 0.000000 0.000000 0.000000 0.000000 0.000000 0.000067 -0.005202 -0.012722 -0.006654 -0.005360 -0.000208 -0.000080 -0.000110 -0.000058 -0.000058 -0.000009 0.000000 -0.000060 -0.000016 0.000000 -0.000067 -0.000041 -0.000000 0.000000 -0.000000 0.000002 0.000023 0.000082 0.000150 0.000164 -0.030856 -0.026963 -0.000139 -0.000105 -0.000138 -0.000205 -0.000294 -0.000259 -0.000178 -0.000070 -0.000026 -0.000019 -0.000008 -0.000000 0.000003 0.000036 0.000061 0.000052 -0.000000 -0.000001 -0.000636 -0.000441 -0.000127
0.000000 0.000000 0.000000 0.000000 0.000000 0.000000 0.000000 0.000000 0.000000 0.000000 0.000000 0.000000 0.000000 0.000073 0.005356 -0.007543 -0.000031 -0.000069 -0.000081 -0.000038 -0.000070 -0.000093 -0.000010 -0.000001 0.000000 -0.000001 -0.000000 -0.000002 -0.000121 -0.000107 -0.000003 0.000000 0.000003 0.000007 0.000006 0.000082 0.000129 0.003916 -0.017032 -0.000103 -0.000081 -0.000045 -0.000071 -0.000080 -0.000111 -0.000080 -0.000065 -0.000033 -0.000032 -0.000006 -0.000000 0.000016 0.000047 0.000067 0.000035 0.000018 -0.000085 -0.000679 -0.000948 -0.000087 -0.000000
0.000000 0.000000 0.000000 0.000000 0.000000 0.000000 0.000000 0.000000 0.000000 0.000000 -0.000000 0.000000 0.000000 0.000234 0.000949 -0.007743 -0.000105 -0.000029 -0.000041 -0.000047 -0.000068 -0.000030 -0.000000 -0.000000 0.000000 -0.000245 -0.000538 -0.000599 -0.000258 -0.000033 -0.000000 0.000018 0.000080 0.000097 0.000011 0.000042 0.000500 -0.007299 -0.000034 -0.000041 -0.000045 -0.000069 -0.000027 -0.000033 -0.000034 -0.000022 -0.000013 -0.000000 0.000009 0.000024 0.000029 0.000044 0.000079 0.000101 0.000219 -0.000504 -0.000923 -0.000697 -0.000273 -0.000128 -0.000199
0.000000 -0.000000 -0.000000 -0.000001 -0.000004 0.000000 0.000000 0.000000 0.000000 -0.000000 -0.000000 0.000000 0.000032 0.000234 0.000176 0.002116 -0.005975 -0.000077 -0.000105 -0.000050 -0.000007 -0.000000 0.000000 -0.000051 -0.000316 -0.000910 -0.000035 -0.000032 -0.000002 -0.000000 0.000034 0.000076 0.000048 0.000051 0.000003 0.000000 -0.001145 -0.004887 -0.000084 -0.000143 -0.000136 -0.000158 -0.000153 -0.000132 -0.000090 -0.000024 -0.000000 0.000015 0.000064 0.000088 0.000061 0.000119 0.000153 0.000031 -0.001437 -0.000525 -0.000317 -0.000233 -0.000105 -0.000179 -0.000177
0.000000 -0.000000 -0.000000 -0.000003 -0.000221 -0.000071 0.000000 0.000000 -0.000000 -0.000000 -0.000000 0.000001 0.000446 0.000190 0.000093 0.000237 -0.026430 -0.015063 -0.005045 -0.001138 -0.000128 -0.000014 0.000000 -0.000062 -0.000166 -0.000129 -0.000002 -0.000000 0.000019 0.000029 0.000026 0.000063 0.000337 -0.010629 -0.016142 -0.014601 -0.023469 -0.014820 -0.005851 -0.000122 -0.000159 -0.000156 -0.000084 -0.000039 -0.000019 -0.000000 0.000002 0.000045 0.000156 0.000185 0.000108 0.000163 -0.002135 -0.008603 -0.010120 -0.000393 -0.000171 -0.000001 0.000013 -0.000431 -0.000177
0.000000 0.000000 0.000000 0.000000 0.000000 -0.000756 -0.009182 -0.006073 -0.004569 -0.000000 -0.000000 0.000001 0.000192 -0.000000 0.000000 0.000038 0.000094 0.000243 -0.017211 -0.023615 -0.026853 -0.035956 -0.016424 -0.002343 -0.000148 -0.000013 -0.000000 0.000011 0.000147 0.001187 -0.008882 -0.027486 -0.021723 -0.009994 -0.001258 -0.000714 -0.000060 -0.000002 -0.000662 -0.003430 -0.000289 -0.000185 -0.000112 -0.000013 -0.000003 -0.000000 0.000027 0.000066 0.000144 0.000468 -0.019576 -0.030673 -0.029411 -0.033918 -0.051294 -0.052824 -0.009230 -0.003879 -0.010424 -0.004825 -0.000940
0.000000 0.000000 0.000000 0.000000 0.000000 0.000000 0.000000 0.000000 -0.001336 -0.003650 -0.000001 -0.000000 -0.000041 -0.000006 0.000000 0.000050 0.000096 0.000107 0.000071 0.000000 0.000216 -0.001119 -0.018629 -0.026396 -0.032811 -0.009844 -0.012195 -0.027995 -0.036180 -0.035718 -0.024096 -0.031250 -0.007660 -0.000062 -0.000034 -0.000008 -0.000000 0.000000 0.000015 0.000368 -0.005003 -0.000214 -0.000012 -0.000000 0.000001 0.000002 0.000071 -0.005167 -0.020423 -0.028537 -0.013551 -0.001455 -0.000083 -0.000002 -0.000000 -0.015373 -0.050565 -0.077067 -0.047564 -0.033809 -0.077215
0.000000 0.000000 0.000000 0.000000 0.000000 0.000000 0.000000 0.000000 0.000000 -0.006837 -0.000005 -0.000000 -0.000041 -0.000016 0.000000 0.000027 0.000098 0.000068 0.000075 0.000028 0.000102 0.000190 0.003062 0.005679 -0.001234 -0.009322 -0.002442 -0.000219 -0.000878 -0.000404 -0.000572 -0.005651 -0.005031 -0.000028 -0.000039 -0.000035 -0.000000 0.000005 0.000038 0.000061 0.000428 -0.008096 -0.005861 -0.003025 -0.004088 -0.006940 -0.016284 -0.008220 -0.005119 -0.000717 -0.000220 -0.000140 -0.000104 -0.000019 -0.000000 0.000054 0.000091 -0.000039 -0.000016 0.000000 0.000043
0.000000 0.000000 0.000000 0.000000 0.000000 0.000000 0.000000 0.000000 0.000000 -0.002563 -0.004156 -0.000048 -0.000069 -0.000018 -0.000000 0.000066 0.000101 0.000105 0.000150 0.000273 0.000225 0.000213 0.001092 -0.000023 -0.000000 -0.000012 -0.000002 0.000000 0.000030 0.000127 0.000000 -0.003664 -0.010029 -0.000110 -0.000074 -0.000031 -0.000017 -0.000000 0.000025 0.000076 0.000060 0.000026 0.000016 -0.000075 -0.000031 -0.000020 -0.000034 -0.000043 -0.000091 -0.000163 -0.000256 -0.000183 -0.000114 -0.000032 -0.000000 -0.000003 -0.000005 -0.000014 -0.000006 0.000000 0.000046
0.000000 0.000000 0.000000 0.000000 0.000000 0.000000 0.000000 0.000000 0.000000 0.000000 -0.004629 -0.000078 -0.000049 -0.000025 -0.000000 0.000007 0.000016 0.000056 0.000188 0.000404 0.000360 0.000294 0.004886 -0.000036 -0.000017 -0.000004 0.000000 0.000006 0.000100 0.000585 0.000000 0.000106 -0.015248 -0.012908 -0.009443 -0.000631 -0.000053 -0.000005 0.000000 0.000047 0.000063 0.000050 0.000081 -0.000527 -0.000375 -0.000052 -0.000060 -0.000074 -0.000088 -0.000112 -0.000193 -0.000166 -0.000086 -0.000041 -0.000026 -0.000057 -0.000041 -0.000011 -0.000002 0.000000 0.000058
0.000000 0.000000 0.000000 0.000000 0.000000 0.000000 0.000000 0.000000 0.000000 0.000000 -0.001941 -0.004694 -0.001874 -0.000106 -0.000000 0.000001 0.000003 0.000057 0.000184 0.000408 0.000575 0.000556 -0.001816 -0.000175 -0.000042 -0.000003 0.000000 0.000068 0.000908 0.000191 0.000000 0.000067 -0.000339 -0.000038 -0.001092 -0.010616 -0.008208 -0.006109 -0.000033 -0.000011 0.000000 0.000008 0.000075 -0.000324 -0.000902 -0.000021 -0.000023 -0.000023 -0.000045 -0.000104 -0.000134 -0.000171 -0.000203 -0.000155 -0.000110 -0.000111 -0.000077 -0.000017 0.000000 0.000003 0.000084
0.000000 0.000000 0.000000 0.000000 0.000000 0.000000 0.000000 0.000000 0.000000 0.000000 0.000000 -0.001199 -0.001649 -0.000106 -0.000036 0.000000 0.000001 0.000073 0.000174 0.001254 0.000858 0.000099 -0.003525 -0.000128 -0.000056 0.000000 0.000046 0.000139 0.001118 -0.000007 0.000000 0.000032 -0.008577 -0.000070 -0.000000 0.000015 0.000448 -0.009673 -0.024721 -0.017358 -0.000058 -0.000093 -0.000113 0.000000 -0.001198 -0.004301 -0.012450 -0.006657 -0.000308 -0.000056 -0.000100 -0.000094 -0.000126 -0.000117 -0.000085 -0.000067 -0.000044 -0.000015 0.000000 0.000028 0.000083
0.000000 0.000000 0.000000 0.000000 0.000000 0.000000 0.000000 0.000000 0.000000 0.000000 0.000000 0.000000 -0.003910 -0.000053 -0.000032 0.000000 0.000002 0.000087 0.000397 0.001648 0.000000 0.000014 -0.013006 -0.000163 -0.000051 0.000000 0.000048 0.000246 0.001116 0.000000 0.000020 0.000209 -0.031855 -0.000139 -0.000037 -0.000000 0.000002 0.000055 0.005804 -0.001499 -0.012255 -0.005907 -0.005808 -0.016893 -0.016121 -0.011848 -0.001212 -0.002306 -0.268387 -0.000184 -0.000245 -0.000208 -0.000095 -0.000067 -0.000024 -0.000017 -0.000012 -0.000006 0.000000 0.000010 0.000031
0.000000 0.000000 0.000000 0.000000 0.000000 0.000000 0.000000 0.000000 0.000000 0.000000 0.000000 0.000000 -0.000278 -0.001227 -0.000093 -0.000000 0.000011 0.000199 0.000285 0.000293 0.000000 0.000054 0.000404 -0.000114 -0.000009 0.000000 0.000086 0.000123 0.000260 0.000000 0.000087 0.000345 -0.048295 -0.000142 -0.000081 -0.000015 -0.000000 0.000022 0.000078 0.000000 -0.000125 -0.000070 0.000000 -0.000702 -0.001048 -0.000050 -0.000019 0.000000 -0.003349 -0.017150 -0.000043 -0.000036 -0.000031 -0.000030 -0.000029 -0.000000 -0.000017 -0.000029 -0.000052 -0.000077 -0.000068
0.000000 0.000000 0.000000 0.000000 0.000000 0.000000 0.000000 0.000000 0.000000 0.000000 0.000000 0.000000 0.000176 -0.000667 -0.000082 -0.000000 0.000041 0.000130 0.000255 0.000399 0.000918 0.001408 -0.004172 -0.000272 -0.000044 0.000000 0.000019 0.000051 0.000166 0.000000 0.000050 0.000518 -0.070095 -0.000239 -0.000090 -0.000031 -0.000000 0.000001 0.000001 0.000000 0.000013 0.000098 0.000000 0.000026 -0.002433 -0.000148 -0.000028 0.000000 0.000060 -0.004826 -0.000124 -0.000078 -0.000029 -0.000000 0.000009 0.000033 -0.000115 -0.000374 -0.000832 -0.000474 -0.000184
0.000000 0.000000 0.000000 0.000000 0.000000 0.000000 0.000000 0.000000 -0.000000 0.000000 0.000000 0.000000 0.000040 -0.000813 -0.000081 -0.000000 0.000004 0.000045 0.000144 0.000886 0.000441 0.000200 -0.002008 -0.000185 -0.000022 0.000000 0.000059 0.000149 0.000404 0.000000 0.000134 0.001342 -0.022361 -0.000111 -0.000084 -0.000058 -0.000035 -0.000013 -0.000000 0.000005 0.000037 0.000083 0.000000 0.000020 -0.000708 -0.000080 -0.000024 0.000000 0.000038 0.010064 -0.084235 -0.008125 -0.000978 -0.000376 -0.002088 -0.001776 -0.002094 -0.004316 -0.000206 -0.000081 -0.000034
0.000000 0.000000 0.000000 0.000000 0.000000 0.000000 0.000000 -0.000000 -0.000000 -0.000000 0.000000 0.000003 0.000045 -0.000524 -0.000219 -0.000026 0.000000 0.000083 0.000216 0.000241 0.000000 0.000072 -0.001117 -0.000174 -0.000055 0.000000 0.000027 0.000084 0.000164 0.000133 0.000110 0.002415 -0.015864 -0.000036 -0.000036 -0.000035 -0.000024 -0.000018 -0.000010 -0.000000 0.000017 0.000041 -0.000000 0.000050 -0.001497 -0.000035 -0.000016 0.000000 0.000091 0.003717 -0.000242 -0.000767 -0.007081 -0.004603 -0.000094 -0.000000 0.000003 -0.002409 -0.000608 -0.000051 -0.000103
0.000000 0.000000 0.000000 0.000000 0.000000 0.000000 -0.000000 -0.000000 -0.000000 -0.000000 0.000000 0.000002 0.000032 0.000074 -0.000081 -0.000038 -0.000000 0.000048 0.000097 0.000125 0.000169 0.000083 -0.000321 -0.000122 -0.000026 0.000000 0.000067 0.000185 0.000293 0.000051 0.000046 0.006910 -0.033306 -0.000132 -0.000097 -0.000090 -0.000069 -0.000073 -0.000069 -0.000036 -0.000060 -0.000009 -0.000000 0.000026 0.000586 -0.001561 -0.000051 0.000000 0.000051 0.000229 -0.000124 -0.000000 -0.000050 -0.000375 -0.000118 -0.000004 0.000000 -0.000492 -0.000633 -0.001493 -0.001418
0.000000 0.000000 0.000000 0.000000 0.000000 -0.000000 -0.000000 -0.000001 -0.000003 -0.000002 -0.000000 0.000000 0.000011 0.000084 -0.000051 -0.000038 -0.000000 0.000023 0.000084 0.000153 0.000212 0.002384 -0.001422 -0.000076 -0.000019 0.000000 0.000052 0.000094 0.000121 0.000136 0.000144 0.019783 -0.002262 -0.009951 -0.009901 -0.010932 -0.008106 -0.000148 -0.000156 -0.000077 -0.000029 -0.000012 -0.000000 0.000031 0.000057 -0.000660 -0.000287 0.000000 0.000031 0.000167 -0.000775 -0.000079 0.000000 -0.000452 -0.000092 -0.000013 0.000000 -0.000225 -0.000114 -0.000180 -0.000165
