use_cases/Flooding/flood_case/output/hUx_2700.asc
ncols 269
nrows 269
xllcorner 0.000000
yllcorner 0.000000
cellsize 10.000000
NODATA_value -9999.000000
[rows 216 to 242 of 269, columns 122 to 182 of 269]
0.000000 0.000000 0.000000 0.000000 0.000000 0.000000 0.000000 0.000000 0.000000 -0.000000 0.000000 0.000000 0.000004 -0.000359 -0.000080 -0.000025 -0.000007 -0.000005 -0.000001 0.000000 -0.000004 -0.000330 -0.000231 -0.000034 -0.000020 -0.000010 -0.000006 -0.000004 -0.000001 0.000000 -0.000003 -0.000009 -0.000010 -0.000006 0.000000 0.000010 0.000022 0.006076 -0.000369 -0.000005 0.000000 0.000008 -0.000032 -0.000028 -0.000005 -0.000000 0.000001 -0.000101 -0.000084 -0.000010 -0.000002 0.000000 0.000002 0.000002 0.000001 -9999.000000 -9999.000000 -9999.000000 -9999.000000 -9999.000000 -9999.000000
0.000000 0.000000 0.000000 0.000000 0.000000 0.000000 0.000000 0.000000 -0.000000 -0.000000 -0.000000 0.000000 0.000006 -0.000051 -0.000068 -0.000016 -0.000016 -0.000015 -0.000003 -0.000000 0.000002 -0.000010 -0.000026 -0.000028 -0.000015 -0.000007 -0.000001 0.000000 0.000000 0.000001 -0.000009 -0.000011 -0.000015 -0.000004 0.000000 0.000007 0.000065 0.000803 -0.000064 -0.000005 -0.000000 0.000005 -0.000082 -0.000027 -0.000011 -0.000000 0.000000 -0.000003 -0.000033 -0.000083 -0.000016 0.000000 0.000000 -9999.000000 -9999.000000 -9999.000000 -9999.000000 -9999.000000 -9999.000000 -9999.000000 -9999.000000
0.000000 0.000000 0.000000 0.000000 -0.000000 0.000000 0.000000 -0.000000 -0.000000 -0.000000 -0.000000 0.000000 0.000004 0.000012 -0.000090 -0.000008 -0.000015 -0.000018 -0.000006 -0.000000 0.000001 -0.000016 -0.000016 -0.000023 -0.000030 -0.000013 -0.000002 0.000000 0.000001 0.000003 -0.000035 -0.000007 -0.000007 -0.000001 0.000000 0.000003 0.000027 0.000475 -0.000135 -0.000005 -0.000000 0.000002 -0.000061 -0.000022 -0.000009 -0.000005 -0.000000 0.000000 0.000000 0.000000 0.000000 -9999.000000 -9999.000000 -9999.000000 -9999.000000 -9999.000000 -9999.000000 -9999.000000 -9999.000000 -9999.000000 -9999.000000
0.000000 0.000000 0.000000 -0.000000 -0.000000 -0.000000 -0.000000 -0.000000 -0.000000 -0.000000 -0.000000 -0.000000 0.000002 0.000003 -0.000094 -0.000064 -0.000010 -0.000016 -0.000009 -0.000002 -0.000000 -0.000013 -0.000011 -0.000013 -0.000010 -0.000002 -0.000000 0.000001 0.000005 0.000017 -0.000113 -0.000053 -0.000013 0.000000 0.000008 0.000039 0.000037 0.000242 -0.000207 -0.000005 -0.000000 -0.000010 -0.000023 -0.000024 -0.000016 -0.000010 -0.000004 -0.000000 0.000001 0.000002 0.000001 -9999.000000 -9999.000000 -9999.000000 -9999.000000 -9999.000000 -9999.000000 -9999.000000 -9999.000000 -9999.000000 -9999.000000
0.000000 0.000000 0.000000 0.000000 -0.000000 -0.000000 -0.000000 -0.000000 -0.000001 -0.000000 -0.000001 -0.000001 0.000000 0.000002 -0.000011 -0.000031 -0.000050 -0.000020 -0.000008 -0.000008 -0.000005 -0.000005 -0.000006 -0.000003 -0.000002 -0.000000 0.000002 0.000004 0.000052 -0.000349 -0.000022 -0.000016 -0.000007 0.000000 0.000001 0.000008 0.000013 0.000023 -0.000123 -0.000005 -0.000009 -0.000020 -0.000021 -0.000016 -0.000006 -0.000005 -0.000005 -0.000001 0.000000 0.000002 0.000006 -9999.000000 -9999.000000 -9999.000000 -9999.000000 -9999.000000 -9999.000000 -9999.000000 -9999.000000 -9999.000000 -9999.000000
0.000000 0.000000 0.000000 0.000000 -0.000000 -0.000000 -0.000000 -0.000000 -0.000000 -0.000001 -0.000001 -0.000001 0.000000 0.000001 -0.000006 -0.000009 -0.000008 -0.000002 0.000000 -0.000011 -0.000010 -0.000008 -0.000002 -0.000000 -0.000000 -0.000000 0.000002 -0.000152 -0.000344 -0.000022 -0.000018 -0.000009 -0.000003 0.000000 0.000002 0.000005 0.000006 0.000028 0.000050 -0.000475 -0.000015 -0.000010 -0.000015 -0.000009 -0.000001 -0.000000 -0.000005 -0.000002 0.000000 -9999.000000 -9999.000000 -9999.000000 -9999.000000 -9999.000000 -9999.000000 -9999.000000 -9999.000000 -9999.000000 -9999.000000 -9999.000000 -9999.000000
0.000000 0.000000 0.000000 0.000000 0.000000 0.000000 0.000000 -0.000000 -0.000001 -0.000001 -0.000002 -0.000003 -0.000009 -0.000013 -0.000011 -0.000003 -0.000002 0.000000 0.000003 0.000003 -0.000013 -0.000008 -0.000000 0.000001 0.000058 -0.000268 -0.005403 -0.000458 -0.000034 -0.000031 -0.000010 -0.000004 0.000000 0.000001 0.000016 0.000041 0.000090 0.000016 0.000007 -0.000048 -0.000108 -0.000068 -0.000021 -0.000004 0.000000 -0.000002 -0.000001 0.000000 -9999.000000 -9999.000000 -9999.000000 -9999.000000 -9999.000000 -9999.000000 -9999.000000 -9999.000000 -9999.000000 -9999.000000 -9999.000000 -9999.000000 -9999.000000
0.000000 0.000000 0.000000 0.000000 0.000000 0.000000 0.000000 0.000000 -0.000000 -0.000002 -0.000003 -0.000009 -0.000012 -0.000015 -0.000012 -0.000004 -0.000001 0.000000 -0.013565 -0.001178 -0.001345 -0.000008 -0.000000 -0.000130 -0.000538 -0.000011 -0.000008 -0.000030 -0.000021 -0.000016 -0.000004 -0.000001 0.000000 0.000000 0.000000 0.000002 0.000005 0.000007 0.000012 0.000095 -0.000025 -0.000022 -0.000011 -0.000002 0.000000 0.000001 0.000001 -9999.000000 -9999.000000 -9999.000000 -9999.000000 -9999.000000 -9999.000000 -9999.000000 -9999.000000 -9999.000000 -9999.000000 -9999.000000 -9999.000000 -9999.000000 -9999.000000
0.000000 0.000000 0.000000 0.000000 0.000000 0.000000 -0.000000 -0.002430 -0.000917 -0.000574 -0.000599 -0.000580 -0.000793 -0.000689 -0.000903 -0.001057 -0.001207 -0.001361 -0.000966 -0.000000 -0.000008 -0.013381 -0.000910 -0.000925 -0.000015 -0.000004 -0.000003 -0.000010 -0.000013 -0.000010 -0.000007 -0.000001 0.000000 -0.000174 -0.000025 -0.000001 0.000000 0.000004 0.000016 0.000045 -0.000022 -0.000017 -0.000008 -0.000001 0.000000 0.000002 0.000002 -9999.000000 -9999.000000 -9999.000000 -9999.000000 -9999.000000 -9999.000000 -9999.000000 -9999.000000 -9999.000000 -9999.000000 -9999.000000 -9999.000000 -9999.000000 -9999.000000
0.000000 0.000000 0.000000 -0.000000 -0.000000 -0.000000 -0.000000 -0.000000 -0.000000 -0.000000 -0.000000 -0.000000 -0.000033 -0.000019 -0.000020 -0.000024 -0.000025 -0.000025 -0.000009 -0.000001 0.000000 0.000003 -0.000034 -0.000017 -0.000009 -0.000002 0.000000 -0.000003 -0.000001 0.000000 -0.000050 -0.000026 -0.000052 -0.000144 -0.000010 -0.000001 0.000000 0.000003 0.000019 0.000040 -0.000017 -0.000010 -0.000003 -0.000000 0.000002 0.000006 0.000005 -9999.000000 -9999.000000 -9999.000000 -9999.000000 -9999.000000 -9999.000000 -9999.000000 -9999.000000 -9999.000000 -9999.000000 -9999.000000 -9999.000000 -9999.000000 -9999.000000
0.000000 0.000000 0.000000 0.000000 -0.000000 -0.000000 -0.000000 -0.000000 -0.000000 -0.000000 -0.000001 -0.000002 -0.000010 -0.000020 -0.000018 -0.000020 -0.000024 -0.000023 -0.000012 -0.000003 -0.000000 0.000002 -0.000011 -0.000008 -0.000008 -0.000003 0.000000 0.000002 0.000003 0.000005 -0.000013 -0.000049 -0.000090 -0.000017 -0.000008 0.000000 0.000003 0.000027 0.000019 0.000017 -0.000015 -0.000005 -0.000003 -0.000000 0.000005 0.000009 0.000006 -9999.000000 -9999.000000 -9999.000000 -9999.000000 -9999.000000 -9999.000000 -9999.000000 -9999.000000 -9999.000000 -9999.000000 -9999.000000 -9999.000000 -9999.000000 -9999.000000
-0.000000 -0.000000 0.000000 0.000000 -0.000000 -0.000000 -0.000000 -0.000000 -0.000000 -0.000000 -0.000054 -0.000075 -0.000079 -0.000041 -0.000030 -0.000017 -0.000019 -0.000020 -0.000013 -0.000004 -0.000000 0.000002 -0.000008 -0.000003 -0.000002 0.000000 0.000001 0.000001 0.000006 0.000009 -0.000032 -0.000037 -0.000009 -0.000014 -0.000006 -0.000000 0.000006 0.000010 0.000016 0.000010 -0.000012 -0.000004 -0.000000 0.000002 0.000006 0.000011 0.000000 -9999.000000 -9999.000000 -9999.000000 -9999.000000 -9999.000000 -9999.000000 -9999.000000 -9999.000000 -9999.000000 -9999.000000 -9999.000000 -9999.000000 -9999.000000 -9999.000000
-0.000000 -0.000000 0.000000 0.000000 0.000000 -0.000000 -0.000000 -0.000000 -0.000040 -0.000092 -0.000110 -0.000012 -0.000018 -0.000018 -0.000017 -0.000014 -0.000016 -0.000015 -0.000009 -0.000003 -0.000002 -0.000006 -0.000003 0.000000 0.000004 0.000005 0.000006 0.000004 0.000005 0.000008 -0.013805 -0.000130 -0.000059 -0.000027 -0.000011 -0.000000 0.000001 0.000005 0.000010 0.000005 0.000024 -0.000000 0.000001 0.000007 0.000010 -0.000076 -0.000025 0.000000 -9999.000000 -9999.000000 -9999.000000 -9999.000000 -9999.000000 -9999.000000 -9999.000000 -9999.000000 -9999.000000 -9999.000000 -9999.000000 -9999.000000 -9999.000000
-0.000000 -0.000000 0.000000 0.000000 0.000000 0.000000 -0.000001 -0.000058 -0.000113 -0.000003 -0.000004 -0.000006 -0.000006 -0.000006 -0.000006 -0.000005 -0.000005 -0.000004 -0.000005 -0.000007 -0.000007 -0.000004 -0.000002 0.000000 0.000005 0.000009 0.000011 -0.000000 0.000000 -0.000210 -0.000468 -0.000016 -0.000014 -0.000011 -0.000006 -0.000001 0.000000 0.000002 0.000003 0.000009 0.000027 0.000001 0.000007 0.000013 0.000024 -0.000083 0.000000 -9999.000000 -9999.000000 -9999.000000 -9999.000000 -9999.000000 -9999.000000 -9999.000000 -9999.000000 -9999.000000 -9999.000000 -9999.000000 -9999.000000 -9999.000000 -9999.000000
-0.000000 -0.000000 -0.000001 -0.000001 -0.000004 -0.000011 -0.000050 -0.000001 -0.000001 -0.000002 -0.000002 -0.000006 -0.000020 -0.000019 -0.000017 -0.000014 -0.000010 -0.000006 -0.000005 -0.000006 -0.000005 -0.000003 -0.000000 0.000001 0.000007 0.000012 0.000010 -0.000056 -0.000201 -0.000656 -0.000011 -0.000005 -0.000005 -0.000004 -0.000002 -0.000000 0.000001 0.000005 0.000014 0.000021 0.000024 0.000001 0.000003 0.000025 -0.000209 -0.000005 0.000000 -9999.000000 -9999.000000 -9999.000000 -9999.000000 -9999.000000 -9999.000000 -9999.000000 -9999.000000 -9999.000000 -9999.000000 -9999.000000 -9999.000000 -9999.000000 -9999.000000
-0.000000 -0.000000 -0.000000 -0.000000 -0.000003 -0.000012 -0.000026 -0.000001 -0.000002 -0.000002 -0.000005 -0.000010 -0.000028 -0.000027 -0.000021 -0.000011 -0.000006 -0.000002 -0.000000 -0.000007 -0.000007 -0.000003 -0.000000 0.000002 0.000013 0.000019 -0.000039 -0.000173 -0.000164 -0.000013 -0.000010 -0.000017 -0.000013 -0.000009 -0.000003 -0.000000 0.000002 0.000006 0.000010 0.000016 0.000027 0.000007 0.000031 -0.003095 -0.000005 0.000000 -9999.000000 -9999.000000 -9999.000000 -9999.000000 -9999.000000 -9999.000000 -9999.000000 -9999.000000 -9999.000000 -9999.000000 -9999.000000 -9999.000000 -9999.000000 -9999.000000 -9999.000000
-0.000000 -0.000000 -0.000000 -0.000000 0.000000 -0.000061 -0.000014 -0.000002 -0.000002 -0.000002 -0.000001 -0.000000 -0.000047 -0.000026 -0.000015 -0.000004 -0.000000 0.000000 0.000001 -0.000032 -0.000013 -0.000004 0.000000 0.000004 0.000006 0.000371 -0.000636 -0.000346 -0.000073 -0.000005 -0.000008 -0.000017 -0.000011 -0.000011 -0.000008 -0.000002 0.000000 0.000003 0.000018 0.000030 0.000033 -0.012085 -0.000426 -0.000003 0.000000 -9999.000000 -9999.000000 -9999.000000 -9999.000000 -9999.000000 -9999.000000 -9999.000000 -9999.000000 -9999.000000 -9999.000000 -9999.000000 -9999.000000 -9999.000000 -9999.000000 -9999.000000 -9999.000000
0.000000 -0.000000 -0.000000 -0.000002 -0.000007 -0.000009 -0.000007 -0.000002 -0.000002 -0.000001 -0.000000 -0.000000 -0.000060 -0.000023 -0.000014 -0.000003 -0.000000 0.000001 -0.000004 -0.000042 -0.000014 -0.000001 0.000000 0.000004 0.000091 -0.000355 -0.000021 -0.000037 -0.000052 -0.000001 -0.000000 -0.000017 -0.000005 -0.000000 -0.000007 -0.000002 0.000000 0.000003 0.000016 0.000023 -0.062293 -0.000455 0.000000 -9999.000000 -9999.000000 -9999.000000 -9999.000000 -9999.000000 -9999.000000 -9999.000000 -9999.000000 -9999.000000 -9999.000000 -9999.000000 -9999.000000 -9999.000000 -9999.000000 -9999.000000 -9999.000000 -9999.000000 -9999.000000
0.000000 0.000000 0.000001 -0.000001 -0.000004 -0.000007 -0.000001 -0.000002 -0.000002 -0.000000 -0.000000 0.000000 -0.000026 -0.000020 -0.000014 -0.000003 -0.000000 -0.000010 -0.000057 -0.000050 -0.000009 -0.000000 0.000004 0.000007 -0.000797 -0.000398 -0.000016 -0.000002 -0.000001 -0.000000 0.000002 0.000009 -0.000002 -0.000000 -0.000011 -0.000002 0.000000 0.000004 0.000011 -0.011361 -0.000007 0.000000 -9999.000000 -9999.000000 -9999.000000 -9999.000000 -9999.000000 -9999.000000 -9999.000000 -9999.000000 -9999.000000 -9999.000000 -9999.000000 -9999.000000 -9999.000000 -9999.000000 -9999.000000 -9999.000000 -9999.000000 -9999.000000 -9999.000000
0.000000 0.000000 -0.630718 -0.739419 -0.694151 -0.728400 -0.000001 -0.000000 -0.000000 -0.000000 -0.000000 0.000000 -0.000073 -0.000023 -0.000020 -0.000019 -0.000043 -0.000090 -0.000043 -0.000018 -0.000003 -0.000000 0.000003 -0.000076 -0.000612 -0.000099 -0.000011 -0.000004 -0.000002 -0.000000 0.000004 0.000032 -0.000000 -0.000000 -0.000005 -0.000001 0.000000 0.000002 -0.007543 -0.000010 -0.000003 0.000000 -9999.000000 -9999.000000 -9999.000000 -9999.000000 -9999.000000 -9999.000000 -9999.000000 -9999.000000 -9999.000000 -9999.000000 -9999.000000 -9999.000000 -9999.000000 -9999.000000 -9999.000000 -9999.000000 -9999.000000 -9999.000000 -9999.000000
-2.525298 -2.754297 -2.719973 -2.652964 -2.572265 -2.614954 -2.297487 -1.630887 -1.389702 -0.000002 -0.000003 -0.000015 -0.000048 -0.000026 -0.000032 -0.000050 -0.000061 -0.000054 -0.000041 -0.000018 -0.000004 0.000000 0.000005 -0.000426 -0.000303 -0.000043 -0.000011 -0.000008 -0.000003 0.000000 0.000004 0.000040 0.000017 -0.000003 -0.000016 -0.000014 -0.000037 -0.000035 -0.000003 0.000000 -9999.000000 -9999.000000 -9999.000000 -9999.000000 -9999.000000 -9999.000000 -9999.000000 -9999.000000 -9999.000000 -9999.000000 -9999.000000 -9999.000000 -9999.000000 -9999.000000 -9999.000000 -9999.000000 -9999.000000 -9999.000000 -9999.000000 -9999.000000 -9999.000000
-2.910095 -3.111091 -2.963608 -2.819264 -2.721092 -2.692335 -2.659839 -2.589239 -2.517221 -2.125704 -1.810870 -0.000026 -0.000048 -0.000051 -0.000049 -0.000045 -0.000060 -0.000054 -0.000049 -0.000022 -0.000004 0.000000 -0.000008 -0.000226 -0.000112 -0.000015 -0.000001 -0.000004 -0.000002 0.000000 0.000005 0.000050 -0.000540 -0.000246 -0.000072 -0.000034 -0.000003 0.000000 -9999.000000 -9999.000000 -9999.000000 -9999.000000 -9999.000000 -9999.000000 -9999.000000 -9999.000000 -9999.000000 -9999.000000 -9999.000000 -9999.000000 -9999.000000 -9999.000000 -9999.000000 -9999.000000 -9999.000000 -9999.000000 -9999.000000 -9999.000000 -9999.000000 -9999.000000 -9999.000000
-2.653799 -2.741574 -2.559880 -2.363408 -2.437827 -2.437075 -2.439600 -2.491932 -2.506975 -2.460019 -2.483588 -2.058785 -1.591226 -0.000018 -0.000049 -0.000032 -0.000046 -0.000040 -0.000014 -0.000008 -0.000001 0.000000 -0.000208 -0.000212 -0.000046 -0.000025 -0.000016 -0.000007 -0.000000 0.000000 -0.000000 -0.000084 -0.000004 0.000000 -9999.000000 -9999.000000 -9999.000000 -9999.000000 -9999.000000 -9999.000000 -9999.000000 -9999.000000 -9999.000000 -9999.000000 -9999.000000 -9999.000000 -9999.000000 -9999.000000 -9999.000000 -9999.000000 -9999.000000 -9999.000000 -9999.000000 -9999.000000 -9999.000000 -9999.000000 -9999.000000 -9999.000000 -9999.000000 -9999.000000 -9999.000000
-0.359993 -0.325153 0.000000 0.000000 0.000000 -0.971274 -1.217624 -1.773431 -2.062393 -2.203157 -2.290513 -2.083784 -2.040206 -1.896807 -0.000028 -0.000067 -0.000033 -0.000024 -0.000028 -0.000029 -0.000028 -0.000082 -0.000331 -0.000177 -0.000036 -0.000019 -0.000019 -0.000004 -0.000000 0.000000 -0.000135 -0.000003 0.000000 -9999.000000 -9999.000000 -9999.000000 -9999.000000 -9999.000000 -9999.000000 -9999.000000 -9999.000000 -9999.000000 -9999.000000 -9999.000000 -9999.000000 -9999.000000 -9999.000000 -9999.000000 -9999.000000 -9999.000000 -9999.000000 -9999.000000 -9999.000000 -9999.000000 -9999.000000 -9999.000000 -9999.000000 -9999.000000 -9999.000000 -9999.000000 -9999.000000
0.000000 0.000000 0.000000 0.000000 0.000000 0.000000 0.000000 0.000000 -1.281136 -1.450882 -2.012760 -1.891236 -1.948842 -1.991243 -1.959548 -0.000026 -0.000017 -0.000044 -0.000032 -0.000057 -0.000109 -0.000152 -0.000130 -0.000048 -0.000032 -0.000017 -0.000023 -0.000006 -0.000000 -9999.000000 -9999.000000 -9999.000000 -9999.000000 -9999.000000 -9999.000000 -9999.000000 -9999.000000 -9999.000000 -9999.000000 -9999.000000 -9999.000000 -9999.000000 -9999.000000 -9999.000000 -9999.000000 -9999.000000 -9999.000000 -9999.000000 -9999.000000 -9999.000000 -9999.000000 -9999.000000 -9999.000000 -9999.000000 -9999.000000 -9999.000000 -9999.000000 -9999.000000 -9999.000000 -9999.000000 -9999.000000
0.000000 0.000000 0.000000 0.000000 0.000000 0.000000 0.000000 0.000000 0.000000 0.000000 -1.738657 -1.808571 -2.071698 -2.291940 -2.415219 -2.138411 -1.693817 -0.000046 -0.000140 -0.000174 -0.000142 -0.000144 -0.000110 -0.000029 -0.000033 -0.000018 -0.000018 -0.000005 -0.000000 -9999.000000 -9999.000000 -9999.000000 -9999.000000 -9999.000000 -9999.000000 -9999.000000 -9999.000000 -9999.000000 -9999.000000 -9999.000000 -9999.000000 -9999.000000 -9999.000000 -9999.000000 -9999.000000 -9999.000000 -9999.000000 -9999.000000 -9999.000000 -9999.000000 -9999.000000 -9999.000000 -9999.000000 -9999.000000 -9999.000000 -9999.000000 -9999.000000 -9999.000000 -9999.000000 -9999.000000 -9999.000000
0.000000 0.000000 0.000000 0.000000 0.000000 0.000000 0.000000 0.000000 0.000000 0.000000 0.000000 -1.445445 -1.837597 -2.174482 -2.127776 -2.020510 -1.809239 -1.691590 -0.000031 -0.000047 -0.000077 -0.000114 -0.000089 -0.000024 -0.000019 -0.000051 -0.000036 -0.000000 -9999.000000 -9999.000000 -9999.000000 -9999.000000 -9999.000000 -9999.000000 -9999.000000 -9999.000000 -9999.000000 -9999.000000 -9999.000000 -9999.000000 -9999.000000 -9999.000000 -9999.000000 -9999.000000 -9999.000000 -9999.000000 -9999.000000 -9999.000000 -9999.000000 -9999.000000 -9999.000000 -9999.000000 -9999.000000 -9999.000000 -9999.000000 -9999.000000 -9999.000000 -9999.000000 -9999.000000 -9999.000000 -9999.000000
