use_cases/Flooding/flood_case/output/hUx_2700.asc
ncols 269
nrows 269
xllcorner 0.000000
yllcorner 0.000000
cellsize 10.000000
NODATA_value -9999.000000
[rows 108 to 134 of 269, columns 122 to 182 of 269]
0.000000 0.000000 0.000000 0.000000 0.000000 0.000000 0.000000 0.000000 0.000000 0.000000 0.000000 -0.000042 -0.000062 -0.000057 -0.000011 0.000000 0.000017 0.000034 -0.000013 0.000000 0.000038 0.000726 0.001362 0.000608 0.000164 0.000000 0.000024 0.000220 0.000090 0.000066 0.000120 0.000094 0.009418 0.005571 -0.000000 -0.001003 -0.029867 -0.044371 -0.041938 -0.047546 -0.049811 -0.042850 -0.047831 -0.003057 -0.000639 -0.013056 -0.021417 -0.016844 -0.000816 -0.000161 -0.000157 -0.000145 -0.000085 -0.000141 -0.000019 0.000000 0.000005 0.000021 0.000070 -0.000068 -0.000042
0.000000 0.000000 0.000000 0.000000 0.000000 0.000000 0.000000 0.000000 0.000000 0.000000 0.000000 -0.000009 -0.000021 -0.000023 -0.000011 0.000000 0.000010 0.000022 0.000024 0.000031 0.000310 0.000423 0.000305 0.000214 0.000200 0.000607 0.000808 0.000850 0.000591 0.000277 0.003951 0.003292 0.003595 -0.000088 -0.000000 0.000006 0.000229 -0.015282 -0.054695 -0.059314 -0.065784 -0.073834 -0.100835 -0.064822 -0.031818 -0.032657 -0.015138 -0.000097 -0.000110 -0.000115 -0.000089 -0.000109 -0.000277 -0.000080 -0.000024 0.000000 0.000013 0.000056 0.000134 -0.000092 -0.000029
0.000000 0.000000 0.000000 0.000000 0.000000 0.000000 0.000000 0.000000 0.000000 0.000000 0.000000 -0.000024 -0.000071 -0.000263 -0.000039 0.000000 0.000007 0.000032 0.000061 0.000023 0.000072 0.000115 0.000094 0.000146 0.000311 0.000292 0.000181 0.000147 0.000374 0.003856 0.000969 0.000583 0.000358 -0.000515 -0.000052 -0.000000 0.000020 0.000069 0.002291 -0.021730 -0.040250 -0.046978 -0.066345 -0.100888 -0.064969 -0.046410 -0.008604 -0.000025 -0.000030 -0.000031 -0.000024 -0.000029 -0.000079 -0.000018 -0.000000 0.000003 0.000031 0.000052 -0.000218 -0.000043 -0.000005
0.000000 0.000000 0.000000 0.000000 0.000000 0.000000 0.000000 0.000000 0.000000 0.000000 0.000000 -0.000215 -0.000092 -0.000021 -0.000006 0.000000 0.000020 0.000149 -0.000170 -0.000023 -0.000000 0.000018 0.000100 0.000136 0.000158 0.000095 0.000059 0.000045 0.004092 0.001372 0.000427 0.000184 0.000561 -0.001572 -0.000081 -0.000000 0.000015 0.000053 0.000078 0.000250 0.005163 -0.000091 -0.000000 -0.019941 -0.064961 -0.052906 -0.013457 -0.000090 -0.000094 -0.000072 -0.000035 -0.000038 -0.000016 -0.000000 0.000005 0.000018 0.000049 0.000096 -0.000258 -0.000033 -0.000000
0.000000 0.000000 0.000000 0.000000 0.000000 0.000000 0.000000 0.000000 0.000000 0.000000 0.000000 -0.000390 -0.000164 -0.000042 -0.000002 0.000000 -0.000006 -0.000216 -0.000072 -0.000038 -0.000005 0.000000 0.000040 0.000051 0.000055 0.000159 0.000161 0.003302 0.002109 0.000000 0.000033 0.000152 0.001999 -0.005122 -0.000224 -0.000024 0.000000 0.000030 0.000104 0.000490 0.004396 -0.000039 -0.000000 0.000013 -0.024246 -0.087999 -0.041378 -0.022634 -0.000931 -0.000062 -0.000009 -0.000004 -0.000000 0.000000 0.000002 0.000004 -0.000011 -0.000060 -0.000017 -0.000000 0.000003
0.000000 0.000000 0.000000 0.000000 0.000000 0.000000 0.000000 0.000000 -0.000021 -0.000036 -0.000083 -0.000390 -0.000084 -0.000025 -0.000000 0.000006 -0.000397 -0.000280 -0.000028 -0.000016 -0.000008 0.000000 0.000020 0.000329 0.000760 0.001231 0.002042 0.000597 -0.000010 0.000000 0.000102 0.000192 0.000305 -0.001737 -0.000170 -0.000080 0.000000 0.000026 0.000095 0.001152 0.004710 -0.000080 -0.000034 -0.000000 0.000031 0.027518 -0.066279 -0.086058 -0.073801 -0.050514 -0.000399 -0.000026 -0.000000 -0.000042 -0.000126 -0.000185 -0.000118 -0.000009 -0.000000 0.000004 0.000129
0.000000 0.000000 0.000000 0.000000 0.000000 0.000000 0.000000 0.000000 -0.000029 -0.000090 -0.000418 -0.000738 -0.000036 -0.000000 0.000004 -0.000600 -0.002117 -0.000647 -0.000079 -0.000041 -0.000014 0.000000 0.000069 0.000148 0.000197 0.000198 0.000215 -0.000014 0.000000 0.000011 0.000117 0.000379 0.000269 -0.000814 -0.000110 -0.000044 0.000000 0.000025 0.000044 0.002514 0.002177 -0.000233 -0.000081 -0.000000 0.000032 0.000065 0.000072 0.002880 -0.036722 -0.061747 -0.077614 -0.043445 -0.049155 -0.038618 -0.041465 -0.050721 -0.037034 -0.018169 -0.020160 -0.029356 -0.027956
0.000000 0.000000 0.000000 0.000000 0.000000 0.000000 0.000000 0.000000 -0.001164 -0.001036 -0.000616 -0.000016 -0.000000 0.000005 -0.000569 -0.002571 -0.000151 -0.000144 -0.000094 -0.000017 -0.000001 0.000000 0.000019 0.000056 0.000102 0.000117 0.000045 0.000026 0.000026 0.000090 0.000319 0.000316 0.000197 -0.000300 -0.000048 -0.000015 0.000000 0.000060 0.000109 0.015551 -0.003994 -0.000182 -0.000101 -0.000007 0.000000 0.000039 0.000087 0.000098 0.003195 0.022432 -0.001012 -0.000010 -0.001023 -0.000752 -0.000882 -0.000390 -0.000461 -0.004843 -0.016642 -0.004695 -0.000755
0.000000 0.000000 0.000000 0.000000 0.000000 0.000000 0.000000 -0.000743 -0.000039 0.000000 0.000000 0.000000 0.000000 -0.001421 -0.003445 -0.000091 -0.000043 -0.000051 -0.000045 -0.000000 0.000005 -0.000010 -0.000010 0.000000 0.000033 0.000074 0.000056 0.000064 0.000059 0.000095 0.000205 0.000238 0.000201 -0.000081 -0.000019 0.000000 0.000033 0.000102 0.014914 -0.001779 -0.000167 -0.000176 -0.000076 -0.000022 0.000000 0.000017 0.000034 0.000042 0.003452 0.008324 -0.000017 -0.000000 0.000001 0.000004 0.000000 0.000009 0.000005 0.000003 -0.000016 -0.000115 -0.000342
0.000000 0.000000 0.000000 0.000000 0.000000 0.000000 -0.066757 -0.000565 -0.000004 0.000000 0.000000 0.000000 -0.000102 -0.000950 -0.000042 -0.000055 -0.000083 -0.000037 -0.000000 0.000008 -0.000047 -0.000129 -0.000058 0.000000 0.000014 0.000027 0.000000 0.000000 0.000029 0.000113 0.000208 0.000206 0.000204 0.000043 -0.000005 0.000000 0.000070 0.000151 0.005362 -0.000123 -0.000120 -0.000158 -0.000086 0.000000 0.000018 0.000062 0.000100 0.000109 0.014059 -0.017575 -0.000062 -0.000000 0.000004 0.000025 0.000048 0.000165 -0.000000 0.000006 0.000021 0.000039 0.000006
0.000000 0.000000 0.000000 0.000000 -0.006817 -0.092588 -0.057510 -0.060043 -0.008771 0.000000 0.000000 0.000000 -0.049376 -0.001091 -0.000094 -0.000130 -0.000107 -0.000018 -0.000000 -0.000146 -0.000520 -0.000343 -0.000015 0.000000 0.000022 -0.000006 -0.000024 0.000000 0.000006 0.000074 0.000158 0.000308 0.000148 -0.000009 0.000000 0.000059 0.000140 0.059743 -0.003327 -0.000087 -0.000074 -0.000053 -0.000023 0.000000 0.000047 0.000123 0.000154 0.001753 0.012267 -0.037789 -0.000094 -0.000029 -0.000000 0.000013 0.000035 0.000098 -0.000001 0.000000 0.000013 0.000062 0.000310
0.000000 0.000000 0.000000 0.000000 -0.890636 -0.019706 -0.000000 -0.000000 -0.001456 -0.142061 -0.033298 -0.027235 -0.010099 -0.010105 -0.019866 -0.011453 -0.005105 -0.000142 -0.000250 -0.000682 -0.000207 -0.000017 -0.000000 0.000008 0.000024 -0.000713 -0.000790 -0.000256 -0.000001 0.000013 0.000118 0.000092 0.000008 0.000028 0.000060 0.002998 0.004170 0.003704 -0.001264 -0.000087 -0.000010 0.000000 0.000001 0.000206 0.000885 0.002318 0.002847 0.001285 0.004054 -0.044661 -0.000063 -0.000062 -0.000000 0.000005 0.000027 0.000023 -0.000020 0.000000 0.000032 0.000106 0.000125
0.000000 0.000000 0.000000 -0.934186 -0.038319 -0.000002 -0.000001 -0.000000 0.000000 0.000119 -0.000550 -0.000052 -0.000008 -0.000000 -0.000093 -0.000601 -0.077920 -0.102820 -0.000552 -0.000334 -0.000101 -0.000004 -0.000000 -0.000102 -0.009770 -0.001720 -0.000476 -0.000757 -0.000054 -0.000000 0.000012 0.000025 0.000045 0.000057 0.004123 0.001718 0.000399 -0.000002 -0.002198 -0.000099 -0.000012 0.000000 0.000032 0.000152 0.000382 0.000878 0.000547 0.000294 0.015234 -0.060762 -0.000114 -0.000046 -0.000023 -0.000000 0.000030 -0.000000 -0.000038 -0.000000 0.000042 0.000090 0.000114
0.000000 -0.037938 -0.076588 -0.038329 -0.000004 -0.000002 -0.000001 -0.000000 0.000000 -0.000387 -0.001110 -0.000078 -0.000042 -0.000000 -0.000000 0.000000 0.000046 0.025482 -0.024015 -0.006824 -0.005236 -0.006267 -0.005600 -0.003656 -0.000779 -0.000082 -0.000084 -0.000107 -0.000096 -0.000015 -0.000003 0.000000 0.000030 0.003494 0.002689 0.000000 0.000024 0.000081 -0.007929 -0.000256 -0.000017 0.000000 0.000040 0.000120 0.000404 0.000696 0.000160 0.000122 0.000217 -0.000279 -0.000402 -0.000140 -0.000078 -0.000011 -0.000000 -0.000066 -0.000024 -0.000000 0.000038 0.000140 0.000188
-0.034352 -0.193079 -0.000001 -0.000002 -0.000004 -0.000002 -0.000002 -0.000000 -0.000000 -0.000002 -0.002100 -0.000033 -0.000050 -0.000036 -0.000006 0.000000 0.000044 0.000593 -0.000304 -0.000355 -0.000504 -0.001912 -0.002598 -0.000361 -0.000250 -0.000178 -0.000126 -0.000184 -0.000086 -0.000006 0.000000 0.000017 0.000435 0.055124 -0.000015 0.000000 0.000033 0.000127 -0.003528 -0.000192 -0.000040 0.000000 0.000037 0.000246 0.000802 0.000202 0.000000 0.000050 0.000181 0.037360 -0.022476 -0.009162 -0.000155 -0.000084 -0.000032 -0.000037 -0.000038 -0.000000 0.000025 0.000075 0.000105
-0.138409 -0.000000 -0.000000 -0.000001 -0.000002 -0.000004 -0.000004 -0.000003 -0.000000 0.000000 -0.000946 -0.002410 -0.000043 -0.000019 -0.000010 0.000000 0.000026 0.000421 -0.000040 -0.000027 0.000000 0.000011 -0.001323 -0.000401 -0.000165 -0.000114 -0.000039 -0.000016 -0.000034 -0.000008 0.000000 0.000028 0.000167 0.001058 -0.000000 0.000010 0.000388 0.000504 -0.002859 -0.000143 -0.000017 0.000000 0.000082 0.000187 0.000469 0.000000 0.000014 0.000181 0.000270 0.037588 -0.001608 -0.003553 -0.017572 -0.000169 -0.000113 -0.000070 -0.000023 -0.000009 -0.000000 0.000022 0.000081
-0.069062 -0.000000 -0.000000 -0.000000 -0.000000 -0.000001 -0.000004 -0.000010 -0.000002 -0.000000 0.000003 -0.031634 -0.000772 -0.000396 -0.000104 0.000000 0.000029 0.000055 -0.000138 -0.000026 0.000000 0.000022 -0.000379 -0.000569 -0.000116 -0.000096 -0.000051 -0.000001 -0.000002 -0.000000 0.000000 0.000032 0.000143 0.001515 -0.000000 0.000041 0.000161 0.000213 -0.002422 -0.000131 -0.000008 0.000000 0.000049 0.000119 0.000284 0.000000 0.000032 0.000145 0.000238 0.015991 -0.000029 -0.000000 -0.000988 -0.089172 -0.000184 -0.000120 -0.000112 -0.000071 -0.000011 0.000000 0.000054
0.000000 0.000000 0.000000 -0.000034 -0.000056 -0.000056 -0.000051 -0.000025 -0.000003 -0.000000 0.000016 -0.000176 -0.000127 -0.000061 -0.000015 0.000000 0.000005 -0.000150 -0.000115 -0.000043 0.000000 0.000018 0.000042 -0.000879 -0.000039 -0.000037 -0.000031 -0.000034 -0.000022 -0.000004 -0.000000 0.000025 0.000110 0.000448 -0.000003 0.000000 0.000113 0.000360 -0.003179 -0.000142 -0.000021 0.000000 0.000037 0.000138 0.000030 0.000000 0.000052 0.000126 0.000175 0.015904 -0.000068 -0.000003 -0.000000 -0.001777 -0.010975 -0.000281 -0.000232 -0.000198 -0.000049 0.000000 0.000041
0.000000 0.000000 -0.000041 -0.000069 -0.000009 -0.000015 -0.000017 -0.000016 -0.000008 -0.000000 0.000006 -0.000152 -0.000064 -0.000044 -0.000013 0.000000 0.000004 -0.000054 -0.000072 -0.000015 0.000000 0.000021 0.000061 -0.001858 -0.000110 -0.000098 -0.000067 -0.000026 -0.000023 -0.000005 -0.000000 0.000014 0.000064 0.000480 0.000000 0.000014 0.000297 0.000358 -0.005647 -0.000351 -0.000087 0.000000 0.000066 0.000112 0.000040 0.000040 0.000043 0.000054 0.000060 0.009784 -0.000155 -0.000050 -0.000000 0.000036 0.003905 -0.010212 -0.000257 -0.000142 -0.000078 -0.000015 -0.000007
-0.000097 -0.000117 -0.000135 -0.000006 -0.000009 -0.000010 -0.000013 -0.000012 -0.000009 -0.000011 -0.000016 -0.000058 -0.000089 -0.000041 -0.000013 0.000000 0.000002 0.000012 0.000017 -0.000008 0.000000 0.000022 0.000050 0.000070 -0.000968 -0.000507 -0.000183 -0.000082 -0.000057 -0.000015 -0.000000 0.000017 0.000090 0.000181 0.000000 0.000032 0.000197 0.000230 -0.001476 -0.000189 -0.000062 0.000000 0.000037 0.000076 0.000162 0.000562 0.000770 0.000884 0.001141 0.005994 -0.000217 -0.000030 -0.000000 0.000020 0.000077 0.002986 -0.009938 -0.000182 -0.000169 -0.000124 -0.000080
-0.000000 -0.000000 -0.000001 -0.000002 -0.000003 -0.000006 -0.000013 -0.000023 -0.000019 -0.000025 -0.000038 -0.000053 -0.000055 -0.000024 -0.000005 0.000000 0.000007 0.000022 0.000037 0.000028 0.000019 0.000012 0.000032 0.000033 -0.000176 -0.000108 -0.000126 -0.000155 -0.000104 -0.000058 -0.000007 -0.000000 0.000020 0.000063 0.000036 0.000052 0.000154 0.000146 -0.000587 -0.000131 -0.000051 0.000000 0.000018 0.000030 0.000043 0.000057 0.000059 0.000051 0.000054 0.006169 -0.000852 -0.000222 -0.000026 -0.000000 0.000024 0.000090 0.016880 -0.005442 -0.005933 -0.004467 -0.000136
-0.000000 -0.000000 -0.000000 -0.000000 -0.000000 -0.000001 -0.000002 -0.000005 -0.000009 -0.000013 -0.000020 -0.000033 -0.000034 -0.000010 0.000000 0.000007 0.000012 0.000016 0.000021 0.000051 0.000071 0.000000 -0.000012 -0.000013 -0.000040 -0.000039 -0.000098 -0.000166 -0.000134 -0.000092 -0.000020 -0.000000 0.000007 0.000037 0.000045 0.000051 0.000114 0.000093 -0.000195 -0.000053 -0.000019 0.000000 0.000058 0.000100 0.000111 0.000172 0.000178 0.000164 0.007730 -0.003906 -0.001034 -0.000504 -0.000384 -0.000056 0.000000 0.000044 0.000609 -0.000159 -0.000096 -0.000186 -0.002001
-0.000000 -0.000000 -0.000000 -0.000001 -0.000001 -0.000002 -0.000000 -0.000000 -0.000000 -0.000001 -0.000002 -0.000005 -0.000010 0.000000 0.000008 0.000030 0.000031 0.000039 0.000066 0.000093 0.000148 -0.000027 -0.000051 -0.000050 -0.000012 -0.000001 0.000010 -0.000316 -0.000179 -0.000133 -0.000054 -0.000006 0.000000 0.000013 0.000018 0.000020 0.000076 0.000047 -0.000038 -0.000007 0.000000 0.000044 0.000113 0.000147 0.000158 0.000185 0.000366 0.002940 0.003157 -0.000303 -0.001529 -0.000048 -0.000042 -0.000025 0.000000 0.000065 0.000076 -0.000419 -0.000034 -0.000000 0.000005
0.000000 0.000000 -0.000000 -0.000000 -0.000000 -0.000000 -0.000000 -0.000001 -0.000001 -0.000001 -0.000001 -0.000000 0.000003 0.000009 -0.000005 -0.000013 0.000000 0.000029 0.000090 0.000121 0.000178 -0.000052 -0.000052 -0.000024 -0.000000 0.000002 -0.000000 -0.000567 -0.000244 -0.000174 -0.000087 -0.000023 0.000000 0.000006 0.000033 0.000051 0.000021 -0.000022 -0.000024 0.000000 0.000054 0.000298 0.000660 0.001018 0.000630 0.000469 0.000273 0.002056 0.000054 -0.000000 -0.002138 -0.002765 -0.000113 -0.000055 0.000000 0.000009 0.000028 0.000011 -0.000039 -0.000000 -0.000034
0.000000 -0.000000 -0.000000 -0.000000 -0.000000 -0.000001 -0.000001 -0.000001 -0.000001 -0.000001 -0.000001 -0.000000 0.000005 0.000017 -0.000099 -0.000052 0.000000 0.000020 0.000294 0.000281 0.000392 -0.000084 -0.000041 -0.000007 -0.000000 0.000007 -0.002576 -0.001917 -0.000847 -0.000281 -0.000096 -0.000037 -0.000007 0.000000 0.000027 0.000050 -0.000075 -0.000050 -0.000017 0.000000 0.000017 0.000038 0.000050 0.000126 0.001076 0.002022 0.001415 0.001826 -0.000030 -0.000000 0.000010 -0.000569 -0.002087 -0.000113 -0.000046 -0.000002 0.000000 -0.000005 -0.000012 -0.000035 -0.000065
0.000000 0.000000 -0.000000 -0.000000 -0.000000 -0.000000 -0.000000 -0.000000 -0.000001 -0.000001 -0.000000 -0.000000 0.000018 0.000087 -0.000242 -0.000023 0.000000 0.000007 0.000032 0.000471 0.001684 -0.000025 -0.000000 0.000015 -0.000086 -0.002571 -0.003039 -0.000150 -0.000168 -0.000111 -0.000053 -0.000046 -0.000016 0.000000 0.000014 0.000042 -0.000142 -0.000095 -0.000040 0.000000 0.000043 0.000103 0.000128 0.000079 0.000059 0.000045 0.002189 -0.000160 -0.000020 -0.000001 0.000000 0.000011 0.000116 -0.001347 -0.000470 -0.000102 -0.000070 -0.000029 -0.000007 -0.000000 -0.000009
0.000000 0.000000 0.000000 -0.000000 -0.000000 -0.000000 -0.000000 -0.000001 -0.000001 -0.000001 -0.000000 -0.000000 0.000022 0.000081 -0.000159 -0.000023 -0.000017 -0.000010 0.000000 0.000021 0.003884 0.001585 -0.000000 -0.001160 -0.004894 -0.000030 -0.000028 -0.000034 -0.000035 -0.000001 -0.000000 -0.000027 -0.000016 -0.000003 0.000000 0.000039 -0.000377 -0.000042 -0.000017 0.000000 0.000041 0.000111 0.000151 0.000144 0.000102 0.000089 0.001120 -0.000027 -0.000014 -0.000004 0.000000 0.000004 0.000014 0.000026 -0.000559 -0.000729 -0.000088 -0.000040 -0.000004 -0.000003 -0.000000
