use_cases/Flooding/flood_case/output/hUx_3600.asc
ncols 269
nrows 269
xllcorner 0.000000
yllcorner 0.000000
cellsize 10.000000
NODATA_value -9999.000000
[rows 108 to 134 of 269, columns 0 to 59 of 269]
-9999.000000 -9999.000000 -9999.000000 -9999.000000 -9999.000000 -9999.000000 0.005371 0.000000 0.000017 0.000039 0.000025 0.000000 -0.000014 -0.000018 -0.000020 -0.000017 -0.000006 -0.000001 -0.000001 -0.000000 -0.000000 -0.000000 -0.000026 -0.000002 -0.000002 -0.000008 -0.000008 -0.000010 -0.000008 -0.000006 -0.000003 0.000000 0.000002 -0.000002 -0.000004 -0.000003 -0.000004 -0.000004 -0.000002 -0.000003 -0.000002 -0.000001 0.000000 0.000000 0.000002 0.000005 0.000017 -0.000007 -0.000002 -0.000002 -0.000002 -0.000002 -0.000004 -0.000003 -0.000001 0.000000 0.000004 0.000005 0.000011 0.000019
-9999.000000 -9999.000000 -9999.000000 -9999.000000 -9999.000000 -9999.000000 0.007204 0.000000 0.000005 0.000009 0.000010 -0.000004 -0.000010 -0.000015 -0.000022 -0.000010 -0.000011 -0.000005 -0.000002 -0.000005 -0.000004 -0.000001 0.000000 -0.000029 -0.000004 -0.000004 -0.000010 -0.000008 -0.000009 -0.000009 -0.000005 -0.000000 0.000000 -0.000004 -0.000003 -0.000005 -0.000013 -0.000022 -0.000013 -0.000004 -0.000001 -0.000000 0.000001 0.000002 0.000003 0.000005 0.000002 -0.000007 -0.000005 -0.000005 -0.000004 -0.000004 -0.000006 -0.000004 -0.000002 0.000000 0.000002 0.000006 0.000006 0.000006
-9999.000000 -9999.000000 -9999.000000 -9999.000000 -9999.000000 -9999.000000 0.009150 0.000000 0.000003 0.000006 0.000010 -0.000004 -0.000005 -0.000003 -0.000003 -0.000009 -0.000011 -0.000010 -0.000005 -0.000005 -0.000005 -0.000001 0.000000 0.000002 0.000005 -0.000003 -0.000001 -0.000007 -0.000008 -0.000009 -0.000007 -0.000003 0.000000 0.000002 -0.000018 -0.000027 -0.000035 -0.000006 -0.000003 -0.000001 -0.000000 0.000000 0.000002 0.000008 0.000008 0.000005 -0.000002 -0.000029 -0.000027 -0.000023 -0.000028 -0.000043 -0.000029 -0.000018 -0.000006 0.000000 0.000001 0.000001 0.000002 0.000002
-9999.000000 -9999.000000 -9999.000000 -9999.000000 -9999.000000 -9999.000000 0.011215 0.000000 0.000002 0.000004 0.000003 0.000000 0.000001 0.000001 0.000001 0.000004 -0.000016 -0.000011 -0.000010 -0.000006 -0.000001 0.000000 0.000001 0.000001 0.000001 0.000003 -0.000005 -0.000010 -0.000017 -0.000006 -0.000008 -0.000004 0.000000 -0.000007 -0.000010 -0.000003 -0.000003 -0.000004 -0.000001 -0.000000 0.000000 0.000003 0.000005 0.000003 0.000005 0.000014 -0.000033 -0.000008 -0.000007 -0.000006 -0.000006 -0.000006 -0.000006 -0.000004 -0.000001 0.000000 0.000002 0.000004 0.000010 0.000008
-9999.000000 -9999.000000 -9999.000000 -9999.000000 -9999.000000 -9999.000000 0.013418 0.000000 0.000001 0.000002 0.000003 0.000007 0.000004 0.000004 0.000005 0.000011 0.000016 -0.000033 -0.000015 -0.000008 -0.000002 0.000000 0.000000 0.000000 -0.000000 0.000000 -0.000000 0.000000 0.000000 -0.000040 -0.000007 -0.000005 -0.000004 -0.000010 -0.000010 -0.000007 -0.000005 -0.000002 -0.000001 -0.000000 0.000001 0.000006 0.000008 0.000006 0.000071 -0.000017 -0.000009 -0.000006 -0.000006 -0.000006 -0.000004 -0.000005 -0.000004 -0.000002 0.000000 0.000001 0.000005 0.000010 0.000008 0.000008
-9999.000000 -9999.000000 -9999.000000 -9999.000000 -9999.000000 -9999.000000 0.015775 -0.000003 -0.000002 0.000000 0.000001 0.000001 0.000006 0.000022 0.000018 0.000009 0.000018 0.000020 -0.000014 -0.000014 -0.000007 -0.000002 -0.000002 -0.000002 -0.000000 0.000000 0.000006 0.000019 0.000000 -0.000004 -0.000016 -0.000013 -0.000008 -0.000015 -0.000015 -0.000011 -0.000011 -0.000006 -0.000001 -0.000000 0.000003 0.000007 0.000003 0.000003 -0.000002 -0.000002 -0.000008 -0.000012 -0.000004 -0.000005 -0.000004 -0.000003 -0.000002 -0.000000 0.000000 0.000001 0.000003 0.000018 0.000030 0.000019
-9999.000000 -9999.000000 -9999.000000 -9999.000000 -9999.000000 -9999.000000 0.018307 -0.000008 -0.000009 -0.000002 -0.000000 0.000000 0.000001 0.000002 0.000002 0.000008 0.000016 0.000056 -0.000013 -0.000016 -0.000013 -0.000008 -0.000006 -0.000005 -0.000002 -0.000000 0.000000 0.000001 0.000004 0.000000 -0.000002 -0.000002 -0.000006 -0.000011 -0.000008 -0.000010 -0.000005 -0.000003 -0.000001 0.000000 0.000005 0.000009 0.000006 -0.000017 -0.000003 -0.000004 -0.000004 -0.000010 -0.000017 -0.000002 -0.000002 -0.000001 -0.000000 0.000000 0.000001 0.000002 0.000004 0.000003 0.000009 0.000032
-9999.000000 -9999.000000 -9999.000000 -9999.000000 -9999.000000 -9999.000000 0.021047 -0.000003 -0.000002 -0.000006 -0.000002 -0.000000 0.000000 0.000002 0.000004 0.000019 0.000041 0.000080 -0.000046 -0.000015 -0.000021 -0.000016 -0.000011 -0.000008 -0.000004 -0.000001 0.000000 0.000000 0.000000 -0.000001 -0.000005 -0.000014 -0.000019 -0.000009 -0.000011 -0.000012 -0.000011 -0.000010 -0.000003 0.000000 0.000002 0.000003 -0.000047 -0.000005 -0.000002 -0.000002 -0.000002 -0.000006 -0.000012 -0.000018 -0.000008 -0.000002 -0.000000 0.000000 0.000001 0.000002 0.000004 0.000032 0.000017 0.000009
-9999.000000 -9999.000000 -9999.000000 -9999.000000 -9999.000000 -9999.000000 0.024012 -0.000012 -0.000006 -0.000001 -0.000000 0.000000 0.000000 0.000000 0.000003 0.000003 0.000008 0.000010 0.016764 -0.000009 -0.000013 -0.000013 -0.000011 -0.000011 -0.000009 -0.000005 -0.000001 0.000000 0.000002 0.000007 0.000000 -0.000001 -0.000001 -0.000023 -0.000011 -0.000014 -0.000014 -0.000004 -0.000000 0.000000 0.000003 0.000005 -0.000006 -0.000007 -0.000020 -0.000010 -0.000010 -0.000006 -0.000007 -0.000005 -0.000001 -0.000000 -0.000000 0.000000 0.000001 0.000002 0.000007 0.000001 0.000000 0.000005
-9999.000000 -9999.000000 -9999.000000 -9999.000000 -9999.000000 -9999.000000 0.027225 -0.000016 -0.000010 -0.000004 -0.000000 0.000000 0.000001 0.000002 0.000003 0.000004 0.000002 0.000004 0.000036 -0.000318 -0.000017 -0.000009 -0.000006 -0.000015 -0.000015 -0.000010 -0.000005 -0.000002 0.000000 -0.000002 -0.000003 -0.000002 -0.000001 -0.000004 -0.000021 -0.000011 -0.000007 -0.000004 -0.000000 0.000001 0.000002 -0.000070 -0.000020 -0.000027 -0.000007 -0.000005 -0.000005 -0.000005 -0.000004 -0.000003 -0.000000 -0.000000 0.000000 0.000001 0.000001 -0.000013 -0.000002 -0.000000 0.000000 0.000004
-9999.000000 -9999.000000 -9999.000000 -9999.000000 -9999.000000 -9999.000000 0.030700 -0.000039 -0.000019 -0.000001 -0.000000 0.000000 0.000002 0.000005 0.000006 0.000010 0.000000 0.000005 0.000010 0.004727 -0.000003 -0.000001 -0.000008 -0.000018 -0.000011 -0.000015 -0.000009 -0.000007 -0.000003 -0.000004 -0.000014 -0.000005 -0.000002 -0.000002 -0.000008 -0.000014 -0.000008 -0.000002 -0.000000 0.000001 -0.000052 -0.000007 -0.000006 -0.000006 -0.000008 -0.000011 -0.000004 -0.000003 -0.000001 -0.000001 -0.000000 0.000000 0.000000 0.000001 -0.000004 -0.000001 -0.000001 -0.000000 0.000000 0.000001
-9999.000000 -9999.000000 -9999.000000 -9999.000000 -9999.000000 -9999.000000 0.034593 -0.000003 -0.000001 -0.000000 0.000000 0.000002 0.000005 0.000005 0.000000 -0.000010 -0.000001 0.000000 0.000004 0.026254 0.005319 -0.000061 -0.000017 -0.000014 -0.000011 -0.000010 -0.000014 -0.000012 -0.000008 -0.000006 -0.000002 -0.000002 -0.000003 -0.000003 -0.000003 -0.000006 -0.000004 -0.000000 -0.000012 -0.000018 -0.000007 -0.000006 -0.000006 -0.000006 -0.000004 -0.000003 -0.000001 -0.000001 -0.000002 -0.000000 0.000000 0.000001 0.000002 0.000002 -0.000017 -0.000010 -0.000004 -0.000001 0.000000 0.000006
-9999.000000 -9999.000000 -9999.000000 -9999.000000 -9999.000000 -9999.000000 0.038820 -0.000005 -0.000001 -0.000000 0.000000 0.000003 0.006351 -0.195133 -0.026069 -0.000002 -0.000001 0.000000 0.000001 0.000302 -0.012227 -0.007318 -0.007517 -0.000009 -0.000012 -0.000012 -0.000017 -0.000017 -0.000012 -0.000004 -0.000000 -0.000021 -0.000005 -0.000006 -0.000005 -0.000006 -0.000007 -0.000025 -0.000023 -0.000006 -0.000005 -0.000004 -0.000003 -0.000002 -0.000001 -0.000002 -0.000004 -0.000002 -0.000001 -0.000000 0.000000 0.000002 0.000012 -0.000015 -0.000004 -0.000002 -0.000001 -0.000000 0.000001 0.000004
-9999.000000 -9999.000000 -9999.000000 -9999.000000 -9999.000000 -9999.000000 0.035487 -0.000007 -0.000002 -0.000001 0.000000 0.000008 0.002339 -0.000326 -0.008638 -0.046398 -0.000002 -0.000001 0.000000 0.000004 0.031674 0.009056 0.005876 -0.000022 -0.000007 -0.000012 -0.000018 -0.000020 -0.000016 -0.000006 -0.000003 -0.000004 -0.000004 -0.000008 -0.000010 -0.000024 -0.000022 -0.000003 -0.000003 -0.000002 -0.000002 -0.000002 -0.000002 -0.000004 -0.000004 -0.000003 -0.000001 -0.000000 -0.000001 -0.000001 -0.000001 -0.000001 0.000000 -0.000002 -0.000003 -0.000009 -0.000002 -0.000000 0.000001 0.000007
-9999.000000 -9999.000000 -9999.000000 -9999.000000 -9999.000000 -9999.000000 0.535162 0.229971 0.260139 0.122062 -0.000000 -0.059786 -0.091609 -0.063329 -0.045540 -0.023267 -0.000011 -0.000008 0.000000 0.000002 0.000009 -0.001812 -0.003139 -0.000104 -0.000007 -0.000013 -0.000036 -0.000082 -0.000053 -0.000018 -0.000004 0.000000 -0.000011 -0.000025 -0.000030 -0.000008 -0.000013 -0.000018 -0.000007 -0.000008 -0.000005 -0.000003 -0.000004 -0.000008 -0.000010 -0.000005 -0.000001 -0.000000 0.000001 0.000001 0.000001 -0.000000 -0.000006 -0.000008 -0.000013 -0.000003 -0.000002 0.000000 0.000003 0.000008
-9999.000000 -9999.000000 -9999.000000 -9999.000000 -9999.000000 -9999.000000 0.531513 0.212448 0.186194 0.105764 0.027263 0.004867 -0.004115 -0.007468 -0.012861 -0.024352 -0.073123 -0.000000 0.000000 0.000001 0.000002 0.000240 -0.001230 -0.000081 -0.000047 -0.000043 -0.000057 -0.000018 -0.000010 -0.000004 -0.000002 0.000000 -0.000039 -0.000006 -0.000006 -0.000007 -0.000010 -0.000007 -0.000018 -0.000035 -0.000028 -0.000015 -0.000030 -0.000016 -0.000004 -0.000002 -0.000001 -0.000000 0.000003 0.000006 0.000008 -0.000020 -0.000029 -0.000017 -0.000005 -0.000003 -0.000000 0.000000 0.000005 0.000010
-9999.000000 -9999.000000 -9999.000000 -9999.000000 -9999.000000 -9999.000000 0.574479 0.339300 0.277623 0.214926 0.122203 0.094574 0.085082 0.074004 0.050092 0.029448 0.013646 -0.000006 0.000000 0.000006 0.000343 -0.003820 -0.001738 -0.000003 -0.000004 -0.000013 -0.000018 -0.000015 -0.000005 -0.000000 -0.000022 -0.000007 -0.000003 -0.000005 -0.000002 -0.000004 -0.000009 -0.000005 -0.000001 0.000000 -0.000005 -0.000022 -0.000002 -0.000002 -0.000002 -0.000003 -0.000002 0.000000 0.000000 0.000002 -0.000000 -0.000007 -0.000006 -0.000004 -0.000002 0.000000 0.000000 0.000002 0.000007 0.000011
-9999.000000 -9999.000000 -9999.000000 -9999.000000 -9999.000000 -9999.000000 0.402374 0.294129 0.233736 0.186495 0.117230 0.103127 0.100387 0.085401 0.056834 0.030753 0.013301 -0.014132 0.000000 -0.000711 -0.001245 -0.000794 -0.000004 -0.000007 -0.000008 -0.000016 -0.000016 -0.000009 -0.000002 -0.000001 -0.000000 -0.000001 -0.000002 -0.000013 -0.000017 -0.000016 -0.000008 -0.000005 -0.000001 0.000000 0.000001 -0.000008 -0.000005 -0.000004 -0.000007 -0.000005 -0.000001 0.000000 0.000002 0.000009 -0.000030 -0.000007 -0.000003 -0.000002 0.000000 0.000000 0.000005 0.000008 0.000008 0.000009
-9999.000000 -9999.000000 -9999.000000 -9999.000000 -9999.000000 -9999.000000 0.080837 0.049262 0.011359 0.031652 0.029466 0.038190 0.049830 0.048495 0.035576 0.020411 0.012282 0.006710 0.001610 -0.000157 -0.001393 -0.001637 -0.000699 -0.000005 -0.000007 -0.000011 -0.000010 -0.000004 -0.000006 -0.000009 -0.000002 -0.000004 -0.000009 -0.000008 -0.000005 -0.000006 -0.000006 -0.000003 -0.000007 -0.000002 0.000000 0.000000 -0.000010 -0.000004 -0.000003 -0.000003 -0.000000 0.000001 0.000013 -0.000024 -0.000007 -0.000006 -0.000005 -0.000001 0.000000 0.000003 0.000013 0.000016 0.000010 0.000078
-9999.000000 -9999.000000 -9999.000000 -9999.000000 -9999.000000 -9999.000000 -0.307219 -0.244185 -0.225271 -0.155231 -0.090546 -0.044049 -0.030789 -0.015718 -0.008037 -0.002804 -0.000635 -0.000187 0.001116 0.001203 -0.000000 0.000282 0.000361 -0.000127 -0.000044 -0.000017 -0.000004 0.000000 0.000000 -0.000007 -0.000009 -0.000005 -0.000004 -0.000006 -0.000009 -0.000011 -0.000005 -0.000007 -0.000002 -0.000000 0.000000 0.000002 0.000020 -0.000023 -0.000012 -0.000000 -0.000033 -0.000011 -0.000005 -0.000005 -0.000003 -0.000003 -0.000001 0.000000 0.000002 0.000004 0.000007 0.000007 0.000010 -0.000005
-9999.000000 -9999.000000 -9999.000000 -9999.000000 -9999.000000 -9999.000000 -0.784236 -0.477140 -0.401265 -0.303995 -0.179163 -0.117608 -0.124546 -0.084961 -0.057530 -0.033387 -0.020887 -0.009917 -0.005357 0.000633 -0.007966 -0.000000 0.000001 -0.017516 -0.000017 -0.000009 -0.000001 0.000000 -0.000002 -0.000006 -0.000001 -0.000002 -0.000003 -0.000009 -0.000013 -0.000009 -0.000007 -0.000009 -0.000002 0.000000 0.000000 0.000003 0.000004 -0.000003 -0.000003 -0.000002 -0.000002 -0.000001 -0.000000 0.000000 -0.000005 -0.000002 0.000000 0.000006 0.000013 0.000009 0.000007 0.000008 0.000020 -0.000007
-9999.000000 -9999.000000 -9999.000000 -9999.000000 -9999.000000 -9999.000000 -1.000155 -0.386624 -0.295447 -0.203517 -0.074958 -0.064371 -0.052861 -0.033041 -0.021792 -0.017150 -0.010513 -0.000003 0.000000 -0.001434 -0.001770 -0.000010 -0.000012 -0.000017 -0.000013 -0.000005 0.000000 0.000002 -0.000002 -0.000003 -0.000010 -0.000023 -0.000013 -0.000011 -0.000009 -0.000012 -0.000024 -0.000031 -0.000005 -0.000001 -0.000000 0.000000 -0.000001 -0.000001 -0.000005 -0.000001 0.000000 0.000001 0.000001 -0.000016 -0.000015 -0.000001 0.000000 0.000001 0.000006 0.000011 0.000011 0.000007 -0.000050 -0.000011
-9999.000000 -9999.000000 -9999.000000 -9999.000000 -9999.000000 -9999.000000 -0.452312 -0.115872 -0.055161 -0.014682 -0.000000 0.015996 0.024739 0.022046 0.016999 0.007320 -0.000048 0.000000 0.000002 0.000229 -0.000489 -0.000071 -0.000025 -0.000017 -0.000009 -0.000003 0.000000 0.000002 0.000004 -0.000011 -0.000009 -0.000007 -0.000006 -0.000007 -0.000007 -0.000005 -0.000006 -0.000007 -0.000006 -0.000005 -0.000002 -0.000000 0.000000 -0.000000 -0.000004 -0.000001 0.000000 0.000004 0.000058 -0.000028 -0.000003 -0.000000 0.000001 0.000004 0.000010 0.000011 0.000007 0.000010 -0.000008 -0.000010
-9999.000000 -9999.000000 -9999.000000 -9999.000000 -9999.000000 -9999.000000 -0.258219 -0.075873 -0.064027 -0.071263 -0.000000 0.000002 0.000003 0.007962 0.014141 -0.000066 -0.000001 0.000000 0.000005 0.031185 -0.007598 -0.000017 -0.000014 -0.000011 -0.000004 0.000000 0.000000 -0.000005 -0.000002 -0.000003 -0.000006 -0.000004 -0.000007 -0.000006 -0.000005 -0.000004 -0.000003 -0.000004 -0.000013 -0.000016 -0.000003 -0.000004 -0.000002 -0.000000 0.000003 0.000016 0.000000 -0.000009 -0.000003 -0.000001 0.000000 -0.000000 0.000000 0.000004 0.000006 0.000008 0.000004 -0.000063 -0.000008 -0.000009
-9999.000000 -9999.000000 -9999.000000 -9999.000000 -9999.000000 -9999.000000 0.091695 0.028156 0.028273 0.016452 -0.000009 -0.000000 0.000004 0.000021 -0.000004 -0.000003 0.000000 0.000002 0.000004 0.000625 -0.000015 -0.000020 -0.000019 -0.000007 -0.000001 0.000000 -0.000003 -0.000012 -0.000007 -0.000002 -0.000006 -0.000010 -0.000009 -0.000013 -0.000012 -0.000001 0.000000 -0.000035 -0.000025 -0.000009 -0.000007 -0.000004 -0.000004 -0.000000 -0.000011 -0.000003 0.000000 0.000002 0.000006 0.000000 0.000000 0.000000 0.000001 0.000007 0.000010 0.000015 -0.000011 -0.000008 -0.000007 -0.000007
-9999.000000 -9999.000000 -9999.000000 -9999.000000 -9999.000000 -9999.000000 0.186346 0.002335 -0.004833 -0.001235 -0.000064 -0.000000 0.000002 0.000009 -0.000005 -0.000002 0.000000 0.000004 0.000041 -0.000084 -0.000021 -0.000019 -0.000012 -0.000004 0.000000 -0.000003 -0.000001 -0.000002 -0.000003 -0.000016 -0.000006 -0.000007 -0.000005 -0.000007 -0.000015 -0.000017 -0.000011 -0.000006 -0.000007 -0.000006 -0.000002 0.000000 -0.000015 -0.000007 -0.000004 -0.000002 0.000000 0.000001 0.000003 0.000013 0.000000 0.000003 0.000008 0.000010 0.000007 -0.000049 -0.000006 -0.000011 -0.000003 -0.000004
-9999.000000 -9999.000000 -9999.000000 -9999.000000 -9999.000000 -9999.000000 0.197158 -0.000001 0.000000 -0.000016 -0.000002 -0.000000 0.000003 0.000004 0.000002 0.000000 0.000002 0.000023 -0.000003 -0.000013 -0.000023 -0.000017 -0.000009 -0.000004 -0.000004 -0.000002 0.000000 -0.000005 -0.000006 -0.000008 -0.000012 -0.000006 -0.000002 -0.000002 -0.000005 -0.000004 -0.000003 -0.000003 -0.000003 -0.000003 0.000000 0.000000 -0.000002 -0.000004 -0.000010 -0.000013 -0.000001 0.000000 0.000002 0.000005 0.000001 0.000006 0.000010 0.000009 0.000018 -0.000004 -0.000006 -0.000010 -0.000020 -0.000022
