use_cases/Flooding/flood_case/output/hUx_3600.asc
ncols 269
nrows 269
xllcorner 0.000000
yllcorner 0.000000
cellsize 10.000000
NODATA_value -9999.000000
[rows 216 to 242 of 269, columns 120 to 179 of 269]
-0.000006 -0.000006 -0.000001 0.000000 -0.000008 -0.000069 -0.000019 -0.000008 -0.000010 -0.000011 -0.000004 -0.000000 0.000000 0.000005 0.000007 -0.000376 -0.000080 -0.000025 -0.000007 -0.000005 -0.000001 0.000000 -0.000004 -0.000330 -0.000231 -0.000034 -0.000020 -0.000010 -0.000006 -0.000004 -0.000001 0.000000 -0.000003 -0.000009 -0.000010 -0.000006 0.000000 0.000010 0.000022 0.006076 -0.000369 -0.000005 0.000000 0.000008 -0.000032 -0.000028 -0.000005 -0.000000 0.000001 -0.000101 -0.000084 -0.000010 -0.000002 0.000000 0.000002 0.000002 0.000001 -9999.000000 -9999.000000 -9999.000000
-0.000008 -0.000007 -0.000003 0.000000 0.000002 -0.000071 -0.000011 -0.000005 -0.000009 -0.000012 -0.000007 -0.000001 -0.000000 0.000003 0.000010 -0.000053 -0.000068 -0.000016 -0.000016 -0.000015 -0.000003 -0.000000 0.000002 -0.000010 -0.000026 -0.000028 -0.000015 -0.000007 -0.000001 0.000000 0.000000 0.000001 -0.000009 -0.000011 -0.000015 -0.000004 0.000000 0.000007 0.000065 0.000803 -0.000064 -0.000005 -0.000000 0.000005 -0.000082 -0.000027 -0.000011 -0.000000 0.000000 -0.000003 -0.000033 -0.000083 -0.000016 0.000000 0.000000 -9999.000000 -9999.000000 -9999.000000 -9999.000000 -9999.000000
-0.000007 -0.000008 -0.000003 0.000000 0.000003 -0.000036 -0.000055 -0.000009 -0.000005 -0.000005 -0.000004 -0.000003 -0.000000 0.000001 0.000006 0.000012 -0.000090 -0.000008 -0.000015 -0.000018 -0.000006 -0.000000 0.000001 -0.000016 -0.000016 -0.000023 -0.000030 -0.000013 -0.000002 0.000000 0.000001 0.000003 -0.000035 -0.000007 -0.000007 -0.000001 0.000000 0.000003 0.000027 0.000475 -0.000135 -0.000005 -0.000000 0.000002 -0.000061 -0.000022 -0.000009 -0.000005 -0.000000 0.000000 0.000000 0.000000 0.000000 -9999.000000 -9999.000000 -9999.000000 -9999.000000 -9999.000000 -9999.000000 -9999.000000
-0.000012 -0.000011 -0.000003 -0.000000 0.000002 0.000004 -0.000032 -0.000070 -0.000057 -0.000033 -0.000011 -0.000008 -0.000002 -0.000000 0.000003 0.000003 -0.000094 -0.000064 -0.000010 -0.000016 -0.000009 -0.000002 -0.000000 -0.000013 -0.000011 -0.000013 -0.000010 -0.000002 -0.000000 0.000001 0.000005 0.000017 -0.000113 -0.000053 -0.000013 0.000000 0.000008 0.000039 0.000037 0.000242 -0.000207 -0.000005 -0.000000 -0.000010 -0.000023 -0.000024 -0.000016 -0.000010 -0.000004 -0.000000 0.000001 0.000002 0.000001 -9999.000000 -9999.000000 -9999.000000 -9999.000000 -9999.000000 -9999.000000 -9999.000000
-0.000013 -0.000012 -0.000006 -0.000000 0.000001 0.000004 -0.000001 -0.000011 -0.000013 -0.000020 -0.000029 -0.000014 -0.000011 -0.000002 0.000000 0.000002 -0.000011 -0.000031 -0.000050 -0.000020 -0.000008 -0.000008 -0.000005 -0.000005 -0.000006 -0.000003 -0.000002 -0.000000 0.000002 0.000004 0.000052 -0.000349 -0.000022 -0.000016 -0.000007 0.000000 0.000001 0.000008 0.000013 0.000023 -0.000123 -0.000005 -0.000009 -0.000020 -0.000021 -0.000016 -0.000006 -0.000005 -0.000005 -0.000001 0.000000 0.000002 0.000006 -9999.000000 -9999.000000 -9999.000000 -9999.000000 -9999.000000 -9999.000000 -9999.000000
-0.000010 -0.000012 -0.000007 -0.000002 -0.000000 0.000001 -0.000001 -0.000004 -0.000004 -0.000004 -0.000012 -0.000014 -0.000009 -0.000005 0.000000 0.000001 -0.000006 -0.000009 -0.000008 -0.000002 0.000000 -0.000011 -0.000010 -0.000008 -0.000002 -0.000000 -0.000000 -0.000000 0.000002 -0.000152 -0.000344 -0.000022 -0.000018 -0.000009 -0.000003 0.000000 0.000002 0.000005 0.000006 0.000028 0.000050 -0.000476 -0.000015 -0.000010 -0.000015 -0.000009 -0.000001 -0.000000 -0.000005 -0.000002 0.000000 -9999.000000 -9999.000000 -9999.000000 -9999.000000 -9999.000000 -9999.000000 -9999.000000 -9999.000000 -9999.000000
-0.000016 -0.000009 -0.000004 -0.000004 -0.000001 0.000000 -0.000003 -0.000002 0.000000 0.000002 -0.000013 -0.000013 -0.000011 -0.000007 -0.000009 -0.000013 -0.000011 -0.000003 -0.000002 0.000000 0.000003 0.000003 -0.000013 -0.000008 -0.000000 0.000001 0.000058 -0.000268 -0.005403 -0.000458 -0.000034 -0.000031 -0.000010 -0.000004 0.000000 0.000001 0.000016 0.000041 0.000090 0.000016 0.000007 -0.000048 -0.000108 -0.000068 -0.000021 -0.000004 0.000000 -0.000002 -0.000001 0.000000 -9999.000000 -9999.000000 -9999.000000 -9999.000000 -9999.000000 -9999.000000 -9999.000000 -9999.000000 -9999.000000 -9999.000000
-0.000008 -0.000005 -0.000006 -0.000002 -0.000000 0.000001 0.000004 -0.000000 0.000001 0.000003 -0.000003 -0.000009 -0.000011 -0.000016 -0.000013 -0.000015 -0.000012 -0.000004 -0.000001 0.000000 -0.013629 -0.001188 -0.001353 -0.000008 -0.000000 -0.000130 -0.000538 -0.000011 -0.000008 -0.000030 -0.000021 -0.000016 -0.000004 -0.000001 0.000000 0.000000 0.000000 0.000002 0.000005 0.000007 0.000012 0.000095 -0.000025 -0.000022 -0.000011 -0.000002 0.000000 0.000001 0.000001 -9999.000000 -9999.000000 -9999.000000 -9999.000000 -9999.000000 -9999.000000 -9999.000000 -9999.000000 -9999.000000 -9999.000000 -9999.000000
-0.000004 -0.000005 -0.000001 -0.000000 0.000001 0.000003 0.000009 -0.000000 -0.000153 -0.003120 -0.016158 -0.002181 -0.001947 -0.001644 -0.001779 -0.001224 -0.001301 -0.001311 -0.001371 -0.001470 -0.001015 -0.000000 -0.000008 -0.013376 -0.000910 -0.000925 -0.000015 -0.000004 -0.000003 -0.000010 -0.000013 -0.000010 -0.000007 -0.000001 0.000000 -0.000174 -0.000025 -0.000001 0.000000 0.000004 0.000016 0.000045 -0.000022 -0.000017 -0.000008 -0.000001 0.000000 0.000002 0.000002 -9999.000000 -9999.000000 -9999.000000 -9999.000000 -9999.000000 -9999.000000 -9999.000000 -9999.000000 -9999.000000 -9999.000000 -9999.000000
-0.000003 -0.000000 0.000002 0.000004 0.000005 0.000013 -0.000018 -0.000017 -0.000010 -0.000010 -0.000011 -0.000008 -0.000003 -0.000000 -0.000036 -0.000019 -0.000020 -0.000024 -0.000025 -0.000025 -0.000009 -0.000001 0.000000 0.000003 -0.000034 -0.000017 -0.000009 -0.000002 0.000000 -0.000003 -0.000001 0.000000 -0.000050 -0.000026 -0.000052 -0.000144 -0.000010 -0.000001 0.000000 0.000003 0.000019 0.000040 -0.000017 -0.000010 -0.000003 -0.000000 0.000002 0.000006 0.000005 -9999.000000 -9999.000000 -9999.000000 -9999.000000 -9999.000000 -9999.000000 -9999.000000 -9999.000000 -9999.000000 -9999.000000 -9999.000000
-0.000000 0.000002 0.000007 0.000005 0.000002 -0.000059 -0.000013 -0.000009 -0.000007 -0.000005 -0.000005 -0.000003 -0.000003 -0.000004 -0.000011 -0.000020 -0.000018 -0.000020 -0.000024 -0.000023 -0.000012 -0.000003 -0.000000 0.000002 -0.000011 -0.000008 -0.000008 -0.000003 0.000000 0.000002 0.000003 0.000005 -0.000013 -0.000049 -0.000090 -0.000017 -0.000008 0.000000 0.000003 0.000027 0.000019 0.000017 -0.000015 -0.000005 -0.000003 -0.000000 0.000005 0.000009 0.000006 -9999.000000 -9999.000000 -9999.000000 -9999.000000 -9999.000000 -9999.000000 -9999.000000 -9999.000000 -9999.000000 -9999.000000 -9999.000000
0.000002 0.000002 0.000017 -0.000025 -0.000054 -0.000010 -0.000008 -0.000003 -0.000003 -0.000003 -0.000001 -0.000000 -0.000079 -0.000093 -0.000079 -0.000041 -0.000030 -0.000017 -0.000019 -0.000020 -0.000013 -0.000004 -0.000000 0.000002 -0.000008 -0.000003 -0.000002 0.000000 0.000001 0.000001 0.000006 0.000009 -0.000032 -0.000037 -0.000009 -0.000014 -0.000006 -0.000000 0.000006 0.000010 0.000016 0.000010 -0.000012 -0.000004 -0.000000 0.000002 0.000006 0.000011 0.000000 -9999.000000 -9999.000000 -9999.000000 -9999.000000 -9999.000000 -9999.000000 -9999.000000 -9999.000000 -9999.000000 -9999.000000 -9999.000000
0.000010 -0.000014 -0.000006 -0.000008 -0.000008 -0.000004 -0.000004 -0.000004 -0.000000 -0.000000 -0.000078 -0.000169 -0.000180 -0.000020 -0.000018 -0.000018 -0.000017 -0.000014 -0.000016 -0.000015 -0.000009 -0.000003 -0.000002 -0.000006 -0.000003 0.000000 0.000004 0.000005 0.000006 0.000004 0.000005 0.000008 -0.013805 -0.000130 -0.000059 -0.000027 -0.000011 -0.000000 0.000001 0.000005 0.000010 0.000005 0.000024 -0.000000 0.000001 0.000007 0.000010 -0.000076 -0.000025 0.000000 -9999.000000 -9999.000000 -9999.000000 -9999.000000 -9999.000000 -9999.000000 -9999.000000 -9999.000000 -9999.000000 -9999.000000
-0.000005 -0.000007 -0.000009 -0.000007 -0.000004 -0.000007 -0.000004 -0.000000 -0.000002 -0.000127 -0.000237 -0.000020 -0.000015 -0.000014 -0.000006 -0.000006 -0.000006 -0.000005 -0.000005 -0.000004 -0.000005 -0.000007 -0.000007 -0.000004 -0.000002 0.000000 0.000005 0.000009 0.000011 -0.000000 0.000000 -0.000210 -0.000468 -0.000016 -0.000014 -0.000011 -0.000006 -0.000001 0.000000 0.000002 0.000003 0.000009 0.000027 0.000001 0.000007 0.000013 0.000024 -0.000083 0.000000 -9999.000000 -9999.000000 -9999.000000 -9999.000000 -9999.000000 -9999.000000 -9999.000000 -9999.000000 -9999.000000 -9999.000000 -9999.000000
-0.000005 -0.000005 -0.000003 -0.000004 -0.000005 -0.000001 -0.000003 -0.000009 -0.000109 -0.000011 -0.000008 -0.000014 -0.000006 -0.000010 -0.000021 -0.000019 -0.000017 -0.000014 -0.000010 -0.000006 -0.000005 -0.000006 -0.000005 -0.000003 -0.000000 0.000001 0.000007 0.000012 0.000010 -0.000056 -0.000201 -0.000656 -0.000011 -0.000005 -0.000005 -0.000004 -0.000002 -0.000000 0.000001 0.000005 0.000014 0.000021 0.000024 0.000001 0.000003 0.000025 -0.000209 -0.000005 0.000000 -9999.000000 -9999.000000 -9999.000000 -9999.000000 -9999.000000 -9999.000000 -9999.000000 -9999.000000 -9999.000000 -9999.000000 -9999.000000
-0.000001 -0.000001 -0.000005 -0.000005 -0.000002 -0.000000 -0.000007 -0.000030 -0.000061 -0.000008 -0.000014 -0.000009 -0.000012 -0.000015 -0.000029 -0.000027 -0.000021 -0.000011 -0.000006 -0.000002 -0.000000 -0.000007 -0.000007 -0.000003 -0.000000 0.000002 0.000013 0.000019 -0.000039 -0.000173 -0.000164 -0.000013 -0.000010 -0.000017 -0.000013 -0.000009 -0.000003 -0.000000 0.000002 0.000006 0.000010 0.000016 0.000027 0.000007 0.000031 -0.003095 -0.000005 0.000000 -9999.000000 -9999.000000 -9999.000000 -9999.000000 -9999.000000 -9999.000000 -9999.000000 -9999.000000 -9999.000000 -9999.000000 -9999.000000 -9999.000000
-0.000002 -0.000000 -0.000000 -0.000002 -0.000001 -0.000000 0.000001 -0.000147 -0.000040 -0.000018 -0.000018 -0.000011 -0.000003 -0.000000 -0.000051 -0.000026 -0.000015 -0.000004 -0.000000 0.000000 0.000001 -0.000032 -0.000013 -0.000004 0.000000 0.000004 0.000006 0.000371 -0.000636 -0.000346 -0.000073 -0.000005 -0.000008 -0.000017 -0.000011 -0.000011 -0.000008 -0.000002 0.000000 0.000003 0.000018 0.000030 0.000033 -0.012085 -0.000426 -0.000003 0.000000 -9999.000000 -9999.000000 -9999.000000 -9999.000000 -9999.000000 -9999.000000 -9999.000000 -9999.000000 -9999.000000 -9999.000000 -9999.000000 -9999.000000 -9999.000000
-0.000001 -0.000000 0.000000 -0.000000 -0.000001 -0.000006 -0.000017 -0.000025 -0.000030 -0.000018 -0.000015 -0.000006 -0.000001 -0.000000 -0.000065 -0.000023 -0.000014 -0.000003 -0.000000 0.000001 -0.000004 -0.000042 -0.000014 -0.000001 0.000000 0.000004 0.000092 -0.000356 -0.000021 -0.000037 -0.000052 -0.000001 -0.000000 -0.000017 -0.000005 -0.000000 -0.000007 -0.000002 0.000000 0.000003 0.000016 0.000023 -0.174354 -0.000455 0.000000 -9999.000000 -9999.000000 -9999.000000 -9999.000000 -9999.000000 -9999.000000 -9999.000000 -9999.000000 -9999.000000 -9999.000000 -9999.000000 -9999.000000 -9999.000000 -9999.000000 -9999.000000
-0.000002 -0.000000 0.000000 0.000003 0.000004 -0.000003 -0.000011 -0.000020 -0.000007 -0.000018 -0.000015 -0.000004 -0.000000 0.000000 -0.000029 -0.000020 -0.000014 -0.000003 -0.000000 -0.000010 -0.000057 -0.000050 -0.000009 -0.000000 0.000004 0.000007 -0.000797 -0.000398 -0.000016 -0.000002 -0.000001 -0.000000 0.000002 0.000009 -0.000002 -0.000000 -0.000011 -0.000002 0.000000 0.000004 0.000011 -0.019127 -0.000007 0.000000 -9999.000000 -9999.000000 -9999.000000 -9999.000000 -9999.000000 -9999.000000 -9999.000000 -9999.000000 -9999.000000 -9999.000000 -9999.000000 -9999.000000 -9999.000000 -9999.000000 -9999.000000 -9999.000000
-0.000002 -0.000000 0.000000 0.000004 -0.629596 -0.738401 -0.693193 -0.727404 -0.000007 -0.000003 -0.000003 -0.000002 -0.000000 0.000000 -0.000082 -0.000023 -0.000020 -0.000019 -0.000043 -0.000090 -0.000043 -0.000018 -0.000003 -0.000000 0.000003 -0.000076 -0.000612 -0.000099 -0.000011 -0.000004 -0.000002 -0.000000 0.000004 0.000032 -0.000000 -0.000000 -0.000005 -0.000001 0.000000 0.000002 -0.012682 -0.000010 -0.000003 0.000000 -9999.000000 -9999.000000 -9999.000000 -9999.000000 -9999.000000 -9999.000000 -9999.000000 -9999.000000 -9999.000000 -9999.000000 -9999.000000 -9999.000000 -9999.000000 -9999.000000 -9999.000000 -9999.000000
-2.864813 -2.623591 -2.525239 -2.753525 -2.719132 -2.652179 -2.571220 -2.613717 -2.296267 -1.630175 -1.389054 -0.000004 -0.000004 -0.000019 -0.000053 -0.000026 -0.000032 -0.000050 -0.000061 -0.000054 -0.000041 -0.000018 -0.000004 0.000000 0.000005 -0.000426 -0.000303 -0.000043 -0.000011 -0.000008 -0.000003 0.000000 0.000004 0.000040 0.000017 -0.000003 -0.000016 -0.000014 -0.000037 -0.000035 -0.000003 0.000000 -9999.000000 -9999.000000 -9999.000000 -9999.000000 -9999.000000 -9999.000000 -9999.000000 -9999.000000 -9999.000000 -9999.000000 -9999.000000 -9999.000000 -9999.000000 -9999.000000 -9999.000000 -9999.000000 -9999.000000 -9999.000000
-2.924058 -2.906136 -2.909008 -3.109492 -2.961901 -2.818020 -2.719636 -2.690553 -2.658101 -2.587700 -2.515887 -2.124603 -1.810043 -0.000031 -0.000052 -0.000051 -0.000049 -0.000045 -0.000060 -0.000054 -0.000049 -0.000022 -0.000004 0.000000 -0.000009 -0.000226 -0.000112 -0.000015 -0.000001 -0.000004 -0.000002 0.000000 0.000005 0.000050 -0.001035 -0.000288 -0.000072 -0.000034 -0.000003 0.000000 -9999.000000 -9999.000000 -9999.000000 -9999.000000 -9999.000000 -9999.000000 -9999.000000 -9999.000000 -9999.000000 -9999.000000 -9999.000000 -9999.000000 -9999.000000 -9999.000000 -9999.000000 -9999.000000 -9999.000000 -9999.000000 -9999.000000 -9999.000000
-2.579808 -2.606029 -2.652827 -2.740390 -2.558583 -2.362315 -2.436624 -2.435954 -2.438281 -2.490249 -2.505089 -2.458207 -2.481884 -2.057294 -1.590268 -0.000018 -0.000049 -0.000032 -0.000046 -0.000040 -0.000014 -0.000008 -0.000001 0.000000 -0.000208 -0.000213 -0.000046 -0.000025 -0.000016 -0.000007 -0.000000 0.000000 -0.000000 -0.000086 -0.000004 0.000000 -9999.000000 -9999.000000 -9999.000000 -9999.000000 -9999.000000 -9999.000000 -9999.000000 -9999.000000 -9999.000000 -9999.000000 -9999.000000 -9999.000000 -9999.000000 -9999.000000 -9999.000000 -9999.000000 -9999.000000 -9999.000000 -9999.000000 -9999.000000 -9999.000000 -9999.000000 -9999.000000 -9999.000000
-0.308425 -0.328791 -0.358949 -0.323895 -0.000003 -0.000001 0.000000 -0.970473 -1.216455 -1.771534 -2.060532 -2.201276 -2.288835 -2.082659 -2.039395 -1.896128 -0.000028 -0.000067 -0.000033 -0.000024 -0.000028 -0.000029 -0.000028 -0.000082 -0.000332 -0.000177 -0.000036 -0.000019 -0.000019 -0.000004 -0.000000 0.000000 -0.000139 -0.000003 0.000000 -9999.000000 -9999.000000 -9999.000000 -9999.000000 -9999.000000 -9999.000000 -9999.000000 -9999.000000 -9999.000000 -9999.000000 -9999.000000 -9999.000000 -9999.000000 -9999.000000 -9999.000000 -9999.000000 -9999.000000 -9999.000000 -9999.000000 -9999.000000 -9999.000000 -9999.000000 -9999.000000 -9999.000000 -9999.000000
0.000004 0.000004 0.000003 0.000000 -0.000004 0.000000 0.000000 -0.000001 -0.000001 0.000000 -1.280276 -1.449011 -2.010613 -1.889388 -1.947096 -1.989572 -1.958008 -0.000027 -0.000017 -0.000044 -0.000033 -0.000057 -0.000110 -0.000153 -0.000131 -0.000048 -0.000032 -0.000017 -0.000023 -0.000006 -0.000000 -9999.000000 -9999.000000 -9999.000000 -9999.000000 -9999.000000 -9999.000000 -9999.000000 -9999.000000 -9999.000000 -9999.000000 -9999.000000 -9999.000000 -9999.000000 -9999.000000 -9999.000000 -9999.000000 -9999.000000 -9999.000000 -9999.000000 -9999.000000 -9999.000000 -9999.000000 -9999.000000 -9999.000000 -9999.000000 -9999.000000 -9999.000000 -9999.000000 -9999.000000
0.000011 0.000008 0.000007 0.000003 0.000013 -0.000005 -0.000012 -0.000005 -0.000001 0.000000 0.000000 0.000003 -1.737007 -1.806685 -2.069508 -2.289535 -2.412866 -2.136475 -1.692614 -0.000047 -0.000142 -0.000175 -0.000143 -0.000145 -0.000110 -0.000029 -0.000033 -0.000018 -0.000018 -0.000005 -0.000000 -9999.000000 -9999.000000 -9999.000000 -9999.000000 -9999.000000 -9999.000000 -9999.000000 -9999.000000 -9999.000000 -9999.000000 -9999.000000 -9999.000000 -9999.000000 -9999.000000 -9999.000000 -9999.000000 -9999.000000 -9999.000000 -9999.000000 -9999.000000 -9999.000000 -9999.000000 -9999.000000 -9999.000000 -9999.000000 -9999.000000 -9999.000000 -9999.000000 -9999.000000
0.000004 0.000005 0.000005 0.000007 0.000004 0.000003 -0.000002 -0.000003 -0.000002 -0.000000 0.000003 0.000006 0.000003 -1.442950 -1.835287 -2.172091 -2.125479 -2.018049 -1.806821 -1.689192 -0.000032 -0.000047 -0.000077 -0.000115 -0.000090 -0.000024 -0.000019 -0.000051 -0.000036 -0.000000 -9999.000000 -9999.000000 -9999.000000 -9999.000000 -9999.000000 -9999.000000 -9999.000000 -9999.000000 -9999.000000 -9999.000000 -9999.000000 -9999.000000 -9999.000000 -9999.000000 -9999.000000 -9999.000000 -9999.000000 -9999.000000 -9999.000000 -9999.000000 -9999.000000 -9999.000000 -9999.000000 -9999.000000 -9999.000000 -9999.000000 -9999.000000 -9999.000000 -9999.000000 -9999.000000
