use_cases/Flooding/flood_case/output/hUx_900.asc
ncols 269
nrows 269
xllcorner 0.000000
yllcorner 0.000000
cellsize 10.000000
NODATA_value -9999.000000
[rows 81 to 107 of 269, columns 122 to 182 of 269]
0.000000 0.000000 0.000000 0.000000 -0.000047 -0.000247 -0.000547 -0.000001 -0.000005 -0.000008 -0.000013 -0.000005 -0.000000 0.000057 0.000118 0.000148 0.000178 0.000121 0.000167 0.000098 -0.005458 -0.023260 -0.009979 -0.005280 -0.021472 -0.004989 -0.001689 -0.005677 -0.022066 -0.014843 -0.006107 -0.007223 -0.013799 -0.019737 -0.001832 -0.000412 -0.000215 -0.000185 -0.000080 -0.000000 0.000019 0.000060 0.000039 0.000049 0.000158 -0.000022 -0.023049 -0.024729 -0.020738 -0.025747 -0.034910 -0.029147 -0.024113 -0.012713 -0.008969 -0.001171 -0.000089 -0.000037 -0.000000 -0.000781 -0.000082
0.000000 0.000000 0.000000 0.000000 -0.000014 -0.000080 -0.000176 -0.000003 -0.000009 -0.000022 -0.000015 -0.000005 -0.000000 0.000045 0.000120 0.000140 0.000133 0.000252 -0.000300 -0.004747 -0.005675 -0.000512 -0.000000 0.000002 0.000031 0.000518 -0.009931 -0.006626 -0.001576 -0.000016 0.000000 0.000028 0.000948 -0.021656 -0.017225 -0.000733 -0.000180 -0.000024 -0.000000 0.000002 0.000021 0.000120 0.000000 -0.010002 -0.033107 -0.023854 -0.010647 -0.004923 -0.001911 -0.000203 -0.000015 -0.000001 -0.001318 -0.010075 -0.017028 -0.010434 -0.000336 -0.000023 0.000000 -0.000052 -0.000009
0.000000 0.000000 0.000000 0.000000 -0.000001 -0.000015 -0.000041 -0.000007 -0.000011 -0.000011 -0.000005 -0.000000 0.000002 0.000047 0.000136 0.000154 0.002170 -0.003787 -0.001268 -0.000034 -0.000030 -0.000017 -0.000001 0.000000 0.000006 0.000016 -0.000016 -0.000030 -0.000056 -0.000009 0.000000 0.000016 0.000060 0.001808 -0.028295 -0.026954 -0.020922 -0.015651 -0.015059 -0.021809 -0.029666 -0.021639 -0.031406 -0.015342 -0.000562 -0.000096 -0.000101 -0.000089 -0.000057 -0.000039 -0.000012 -0.000000 0.000004 0.000017 0.000092 0.000191 -0.025238 -0.012812 -0.001162 -0.000003 -0.000046
0.000000 0.000000 0.000000 0.000000 -0.000000 -0.000001 -0.000004 -0.000002 -0.000004 -0.000009 -0.000001 -0.000000 0.000002 0.000067 0.000143 0.009050 -0.008998 -0.000100 -0.000065 -0.000031 -0.000024 -0.000011 -0.000001 0.000000 -0.000014 -0.000007 -0.000004 0.000000 -0.000000 -0.000000 0.000000 0.000015 0.000044 0.000078 0.000271 -0.000140 -0.000033 -0.000000 -0.000000 -0.000139 -0.001541 -0.009226 -0.000684 -0.000161 -0.000057 -0.000029 -0.000023 -0.000130 -0.000209 -0.000125 -0.000070 -0.000024 -0.000000 0.000009 0.000035 0.000061 0.001121 -0.003106 -0.013402 -0.012911 -0.017235
0.000000 0.000000 0.000000 0.000000 -0.000000 -0.000000 -0.000000 -0.000000 -0.000000 -0.000003 -0.000003 -0.000001 0.000000 0.000043 0.000576 -0.033281 -0.000098 -0.000072 -0.000057 -0.000045 -0.000030 -0.000008 -0.000000 0.000004 -0.000033 -0.000042 -0.000015 -0.000000 0.000013 0.000028 0.000018 0.000035 0.000044 0.000038 0.000041 -0.000026 -0.000012 -0.000002 0.000000 0.000024 0.003983 -0.002920 -0.000213 -0.000182 -0.000137 -0.000045 -0.000000 -0.000165 -0.000400 -0.000071 -0.000055 -0.000035 -0.000007 0.000000 0.000040 0.000112 0.000719 0.001060 0.001600 0.000287 -0.000197
0.000000 0.000000 0.000000 0.000000 0.000000 -0.000000 -0.000000 -0.000000 -0.000000 -0.000013 -0.000113 -0.000007 0.000000 0.000011 -0.000263 -0.000786 -0.000073 -0.000041 -0.000015 -0.000016 -0.000019 -0.000014 -0.000009 0.000000 -0.000174 -0.000086 -0.000034 -0.000000 -0.000000 -0.000000 0.000001 0.000034 0.000071 0.000076 0.000098 0.000020 -0.000024 0.000000 0.000018 0.000027 0.003164 -0.002028 -0.000237 -0.000322 -0.000197 -0.000089 -0.000009 -0.000000 -0.000675 -0.000256 -0.000050 -0.000021 -0.000004 0.000000 0.000045 0.000124 0.004317 0.001506 -0.000007 -0.000001 0.000000
0.000000 0.000000 0.000000 0.000000 0.000000 0.000000 0.000000 -0.000000 0.000000 -0.000000 -0.000663 -0.010207 -0.000326 -0.000069 -0.003812 -0.000061 -0.000035 -0.000010 -0.000000 0.000001 -0.000026 -0.000030 -0.000047 -0.000058 -0.000051 -0.000051 -0.000041 -0.000043 -0.000048 -0.000004 -0.000000 0.000016 0.000039 0.000036 0.000062 0.000092 0.000057 0.000046 0.000083 0.000597 0.005061 -0.001241 -0.000358 -0.000266 -0.000228 -0.000163 -0.000032 -0.000000 -0.000178 -0.000180 -0.000172 -0.000008 0.000000 0.000016 0.000043 0.000059 0.005728 -0.000013 -0.000004 0.000000 0.000030
0.000000 0.000000 0.000000 0.000000 0.000000 0.000000 0.000000 0.000000 0.000000 0.000000 0.000000 -0.003073 -0.003654 -0.005956 -0.001103 -0.000017 0.000000 0.000011 0.000034 0.000040 -0.000016 -0.000074 -0.000093 -0.000163 -0.000205 -0.000114 -0.000114 -0.000091 -0.000030 -0.000016 -0.000000 0.000006 0.000016 0.000041 0.000041 0.000047 0.000120 0.000127 0.010385 0.004807 0.000653 -0.000396 -0.000205 -0.000574 -0.000511 -0.000192 -0.000072 -0.000065 -0.000076 -0.000105 -0.000089 -0.000020 0.000000 0.000031 0.000106 0.004859 -0.001124 -0.000030 -0.000000 0.000006 0.000073
0.000000 0.000000 0.000000 0.000000 0.000000 0.000000 0.000000 0.000000 0.000000 0.000000 0.000000 -0.000986 -0.003308 -0.007117 -0.002074 -0.000014 0.000000 -0.000003 -0.000008 -0.000020 -0.000090 -0.000121 -0.000107 -0.000046 -0.000052 -0.000069 -0.000207 -0.000153 -0.000098 -0.000050 -0.000010 -0.000002 0.000000 0.000029 0.000252 0.000642 0.001087 0.030236 0.001165 -0.000000 0.000002 -0.000043 -0.000109 -0.000232 -0.000339 -0.000381 -0.000222 -0.000109 -0.000069 -0.000068 -0.000023 0.000000 0.000049 0.000512 0.036872 -0.002795 -0.000165 -0.000037 -0.000000 0.000003 0.000038
0.000000 0.000000 0.000000 0.000000 0.000000 0.000000 0.000000 0.000000 0.000000 0.000000 0.000000 -0.003589 -0.004580 -0.011069 -0.008575 -0.004115 -0.000523 -0.000197 -0.000059 -0.000010 -0.000000 -0.000126 -0.000106 -0.000081 -0.000110 -0.000165 -0.000117 -0.000210 -0.000226 -0.000129 -0.000051 -0.000024 0.000000 0.000014 0.000065 0.000134 0.000180 0.003311 -0.000937 -0.000018 -0.000000 -0.000080 -0.000074 -0.000117 -0.000184 -0.000187 -0.000128 -0.000103 -0.000082 -0.000046 -0.000005 0.000000 0.000079 0.000222 0.001657 -0.000401 -0.000209 -0.000060 -0.000009 -0.000000 0.000029
0.000000 0.000000 0.000000 0.000000 0.000000 0.000000 0.000000 0.000000 0.000000 0.000000 -0.000076 -0.000444 -0.001107 -0.002377 -0.005015 -0.015309 -0.014309 -0.009284 -0.011351 -0.007918 -0.011833 -0.007067 -0.000079 -0.000080 -0.000185 -0.000200 -0.000190 -0.000249 -0.000143 -0.000095 -0.000067 -0.000026 -0.000006 0.000000 0.000017 0.000070 0.000124 0.002290 -0.001836 -0.000078 -0.000067 -0.000092 -0.000092 -0.000128 -0.000155 -0.000141 -0.000043 -0.000042 -0.000043 -0.000033 -0.000000 0.000000 0.000087 0.000174 0.001171 -0.000721 -0.000647 -0.000034 -0.000021 -0.000000 0.000023
0.000000 0.000000 0.000000 0.000000 0.000000 0.000000 0.000000 0.000000 0.000000 0.000000 -0.000011 0.000006 0.000011 0.000069 -0.000083 -0.000075 -0.000013 -0.000001 0.000000 0.000002 0.000006 -0.003835 -0.005537 -0.004788 -0.001220 -0.000903 -0.000213 -0.000269 -0.000229 -0.000215 -0.000119 -0.000023 -0.000011 -0.000004 0.000000 0.000012 0.000050 0.000081 -0.003005 -0.000030 -0.000019 -0.000026 -0.000033 -0.000051 -0.000075 -0.000184 -0.000477 -0.000709 -0.000379 -0.000086 -0.000002 0.000000 0.000047 0.000121 0.000456 -0.000196 -0.000578 -0.000674 -0.000269 -0.000020 0.000000
0.000000 0.000000 0.000000 0.000000 0.000000 0.000000 0.000000 0.000000 0.000000 0.000000 0.000000 0.000429 -0.000080 -0.000239 -0.000684 -0.000269 -0.000026 -0.000003 0.000000 0.000007 0.000041 0.000112 0.000104 0.000867 -0.033471 -0.006937 -0.001370 -0.000198 -0.000223 -0.000239 -0.000124 -0.000005 -0.000000 -0.000064 -0.000033 -0.000016 0.000000 0.000026 0.000885 -0.002992 -0.001976 -0.000884 -0.003300 -0.002394 -0.002131 -0.002030 -0.001005 -0.000184 -0.000103 -0.000035 0.000000 0.000007 0.000021 0.000071 0.000153 -0.000000 -0.000102 -0.000086 -0.000059 -0.000014 0.000000
0.000000 0.000000 0.000000 0.000000 0.000000 0.000000 0.000000 0.000000 0.000000 0.000000 0.000002 0.000462 -0.000006 0.000000 -0.000648 -0.000747 -0.000030 -0.000004 0.000000 0.000004 0.000034 0.000123 0.000165 0.000123 0.001551 -0.013690 -0.000419 -0.000703 -0.000450 -0.000483 -0.000070 -0.000000 0.000003 -0.000203 -0.000152 -0.000170 -0.000113 -0.000000 0.000019 0.000353 -0.000416 -0.000937 -0.000155 -0.000470 -0.000236 -0.000203 -0.000170 -0.000126 -0.000075 -0.000017 0.000000 0.000023 0.000054 0.000030 0.000024 -0.000000 -0.000042 -0.000033 -0.000011 0.000000 0.000013
0.000000 0.000000 0.000000 0.000000 0.000000 0.000000 0.000000 0.000000 0.000000 0.000000 0.000004 0.000200 -0.000009 0.000000 -0.000465 -0.001698 -0.000069 -0.000020 -0.000000 0.000023 0.000121 0.000098 0.000104 0.000099 0.000177 -0.000130 -0.000039 -0.000068 -0.000142 -0.000114 -0.000042 -0.000021 -0.000338 -0.001382 -0.000840 -0.000474 -0.000091 -0.000042 -0.000000 0.000013 0.000044 -0.000002 -0.000000 -0.000190 -0.000147 -0.000139 -0.000103 -0.000072 -0.000038 -0.000000 0.000008 0.000026 0.000030 -0.000084 -0.000058 -0.000023 -0.000034 -0.000040 -0.000000 0.000002 0.000034
0.000000 0.000000 0.000000 0.000000 0.000000 0.000000 0.000000 0.000000 0.000000 0.000000 -0.000006 -0.000315 -0.000033 0.000000 0.000015 -0.005854 -0.000038 -0.000034 -0.000000 0.000012 0.000080 0.000193 0.000325 0.000315 0.000221 0.004903 -0.002628 -0.000247 -0.000481 -0.001098 -0.001794 -0.001979 -0.002211 -0.000037 -0.000046 -0.000044 -0.000038 -0.000034 -0.000028 -0.000017 -0.000022 -0.000009 -0.000000 -0.000025 -0.000087 -0.000084 -0.000048 -0.000013 0.000000 0.000009 0.000039 0.000043 -0.000058 -0.000137 -0.000105 -0.000078 -0.000053 -0.000016 -0.000003 0.000000 0.000013
0.000000 0.000000 0.000000 0.000000 0.000000 0.000000 0.000000 0.000000 0.000000 0.000000 -0.000940 -0.000054 -0.000020 -0.000000 0.000013 0.000254 -0.005448 -0.000036 -0.000000 0.000013 0.000053 0.000169 0.000243 0.000109 0.000153 0.000569 -0.030199 -0.003150 -0.001393 -0.001836 -0.000221 -0.000023 -0.000049 -0.000235 -0.000146 -0.000141 -0.000106 -0.000114 -0.000111 -0.000054 -0.000027 -0.000046 -0.000067 -0.000071 -0.000089 -0.000043 -0.000009 -0.000000 0.000007 0.000051 0.000084 0.000048 -0.000224 -0.000401 -0.000768 -0.000144 -0.000096 -0.000044 -0.000000 0.000013 0.000044
0.000000 0.000000 0.000000 0.000000 0.000000 0.000000 0.000000 0.000000 0.000000 0.000000 -0.002241 -0.000131 -0.000033 -0.000000 0.000009 0.000084 -0.002307 -0.005799 -0.000036 -0.000000 0.000019 0.000121 0.000192 0.000325 0.000261 0.000213 0.003303 -0.004493 -0.000333 -0.000097 -0.000026 -0.000053 -0.000082 -0.000118 -0.000260 -0.000309 -0.000150 -0.000164 -0.000165 -0.000088 -0.000094 -0.000114 -0.000043 -0.000057 -0.000033 -0.000011 -0.000000 0.000006 0.000051 0.000114 0.000113 -0.001748 -0.002926 -0.001360 -0.000430 -0.000571 -0.000157 -0.000000 0.000007 0.000038 0.000073
0.000000 0.000000 0.000000 0.000000 0.000000 0.000000 0.000000 0.000000 0.000000 0.000000 -0.003974 -0.000127 -0.000045 -0.000002 0.000000 0.000050 0.000135 -0.026824 -0.000168 -0.000000 0.000006 0.000086 0.000198 0.000207 0.000586 0.000661 0.000334 0.015261 -0.001545 -0.000102 -0.000047 -0.000052 -0.000110 -0.000164 -0.000337 -0.000155 -0.000158 -0.000204 -0.000221 -0.000083 -0.000105 -0.000193 -0.000113 -0.000014 0.000000 0.000003 0.000037 0.000070 0.000098 0.000160 0.000029 -0.004675 -0.000162 -0.000109 -0.000104 -0.000059 -0.000008 -0.000000 0.000049 0.000126 0.000144
0.000000 0.000000 0.000000 0.000000 0.000000 0.000000 0.000000 0.000000 0.000000 0.000000 -0.002134 -0.000219 -0.000031 -0.000000 0.000001 0.000043 0.000116 -0.001470 -0.000153 -0.000032 0.000000 0.000015 0.000122 0.000242 0.000271 0.000176 0.000093 0.000594 0.017248 -0.008893 -0.000136 -0.000144 -0.000236 -0.000189 -0.000169 -0.000275 -0.000326 -0.000329 -0.000061 -0.000000 -0.000546 -0.000489 -0.000061 -0.000011 0.000000 0.000036 0.000058 0.000031 0.000025 0.000300 -0.067252 -0.000138 -0.000140 -0.000075 -0.000020 0.000000 0.000023 0.000040 0.000060 0.000184 0.000174
0.000000 0.000000 0.000000 0.000000 0.000000 0.000000 0.000000 0.000000 0.000000 0.000000 -0.001559 -0.000207 -0.000099 -0.000004 0.000000 0.000045 0.000194 -0.001701 -0.000143 -0.000023 0.000000 0.000015 0.000096 0.000177 0.000251 0.000183 0.000058 0.001130 0.017064 0.005895 0.008290 -0.007210 -0.000480 -0.000499 -0.000381 -0.000360 -0.000265 -0.000115 -0.000000 -0.000630 -0.000735 -0.000060 -0.000058 -0.000000 0.000007 0.000074 0.000230 0.000000 0.000012 -0.003989 -0.000400 -0.000191 -0.000090 -0.000027 -0.000009 0.000000 0.000051 0.000109 0.000153 0.000216 0.000134
0.000000 0.000000 0.000000 0.000000 0.000000 0.000000 0.000000 0.000000 0.000000 0.000000 -0.001022 -0.000114 -0.000051 -0.000000 0.000012 0.000151 0.000135 -0.002422 -0.000124 -0.000025 0.000000 0.000030 0.000207 0.000337 0.000273 0.000104 0.004742 0.002766 0.000388 0.000150 0.000131 0.004728 -0.007732 -0.000186 -0.000194 -0.000260 -0.000119 -0.000000 -0.000210 -0.000750 -0.000256 -0.000066 -0.000051 -0.000015 0.000000 0.000097 0.000301 0.000024 0.000195 -0.097459 -0.000118 -0.000047 -0.000046 -0.000047 -0.000005 0.000000 0.000051 0.000136 0.000178 0.000211 0.000137
0.000000 0.000000 0.000000 0.000000 0.000000 0.000000 0.000000 0.000000 0.000000 0.000000 -0.000723 -0.000261 -0.000053 -0.000000 0.000012 0.000091 0.000209 -0.001015 -0.000271 -0.000081 0.000000 0.000039 0.000118 0.000092 0.000074 0.000266 0.008082 -0.000038 -0.000000 0.000005 0.000035 0.000435 -0.008396 -0.000935 -0.000292 -0.000158 -0.000025 -0.000065 -0.000555 -0.000305 -0.000115 -0.000000 -0.000011 -0.000004 0.000000 0.000001 0.000333 0.000310 -0.001990 -0.001856 -0.000074 -0.000096 -0.000037 -0.000000 0.000019 0.000046 0.000080 0.000126 0.000156 0.000136 -0.004315
0.000000 0.000000 0.000000 0.000000 0.000000 0.000000 0.000000 0.000000 0.000000 0.000000 -0.000843 -0.000232 -0.000032 -0.000000 0.000019 0.000115 0.000122 -0.000647 -0.000150 -0.000050 0.000000 0.000035 0.000233 0.000655 0.000469 0.002240 0.000487 -0.000142 -0.000027 0.000000 0.000031 0.000071 0.052370 0.000191 0.000525 -0.010316 -0.000704 -0.000443 -0.000276 -0.000201 -0.000041 -0.000000 -0.000027 -0.000058 -0.000022 0.000000 0.000119 0.000398 -0.004443 -0.000774 -0.000093 -0.000063 -0.000013 -0.000000 0.000036 0.000075 0.000087 0.007893 -0.084571 -0.040454 -0.018787
0.000000 0.000000 0.000000 0.000000 0.000000 0.000000 0.000000 0.000000 0.000000 0.000000 -0.000184 -0.000425 -0.000432 -0.000024 -0.000000 0.000004 0.000032 -0.000268 -0.000086 -0.000023 0.000000 0.000081 0.000143 0.000179 0.002288 0.001673 0.000133 -0.000510 -0.000039 0.000000 0.000032 0.000145 0.000588 0.013254 0.003090 0.003560 0.005334 -0.004843 -0.000819 -0.000135 -0.000042 -0.000012 -0.000056 -0.000093 -0.000127 -0.000053 0.000000 0.000121 0.000985 -0.000201 -0.000000 0.000012 0.000029 -0.000000 -0.014016 -0.085620 -0.046383 -0.031987 -0.000134 -0.000089 -0.000047
0.000000 0.000000 0.000000 0.000000 0.000000 0.000000 0.000000 0.000000 0.000000 0.000000 -0.000025 -0.000062 -0.000112 -0.000063 -0.000004 0.000000 0.000014 -0.000141 -0.000055 -0.000016 0.000000 0.000026 0.000045 0.000055 0.001633 0.000748 0.000000 -0.000510 -0.000093 0.000000 0.000012 0.000066 0.000117 0.020887 0.000434 -0.005245 -0.016013 -0.017732 -0.005396 -0.005188 -0.002605 -0.000176 -0.000218 -0.000054 -0.000000 -0.000000 0.000000 0.000013 -0.026287 -0.005179 -0.006734 -0.025673 -0.022393 -0.029751 -0.029503 -0.000062 -0.000039 -0.000071 -0.000108 -0.000070 -0.000041
0.000000 0.000000 0.000000 0.000000 0.000000 0.000000 0.000000 0.000000 0.000000 0.000000 -0.000039 -0.000044 -0.000069 -0.000056 -0.000007 0.000000 0.000015 -0.000041 -0.000024 0.000000 0.000007 0.000063 0.000130 0.001331 0.001890 0.000000 0.000015 0.000014 -0.000031 0.000000 0.000033 0.000043 0.000086 0.007093 -0.000000 0.000010 0.000913 -0.012926 -0.012873 -0.018087 -0.018517 -0.011445 -0.000166 -0.000024 -0.000000 0.000019 -0.000408 -0.003385 -0.008306 -0.001894 -0.000166 -0.000163 -0.000184 -0.000114 -0.000040 -0.000012 -0.000000 0.000000 -0.000046 -0.000027 -0.000018
