use_cases/Flooding/flood_case/output/hUx_4500.asc
ncols 269
nrows 269
xllcorner 0.000000
yllcorner 0.000000
cellsize 10.000000
NODATA_value -9999.000000
[rows 108 to 134 of 269, columns 0 to 59 of 269]
-9999.000000 -9999.000000 -9999.000000 -9999.000000 -9999.000000 -9999.000000 0.004629 0.000000 0.000028 0.000086 0.000072 0.000001 -0.000038 -0.000044 -0.000040 -0.000034 -0.000014 -0.000003 -0.000002 -0.000000 -0.000000 -0.000000 -0.000645 -0.000009 -0.000014 -0.000024 -0.000013 -0.000017 -0.000015 -0.000012 -0.000007 0.000000 0.000003 -0.000009 -0.000010 -0.000005 -0.000007 -0.000006 -0.000003 -0.000004 -0.000003 -0.000001 0.000000 0.000000 0.000002 0.000006 0.000190 -0.000092 -0.000002 -0.000002 -0.000002 -0.000003 -0.000006 -0.000003 -0.000001 0.000000 0.000006 0.000008 0.000022 0.000044
-9999.000000 -9999.000000 -9999.000000 -9999.000000 -9999.000000 -9999.000000 0.006255 0.000000 0.000006 0.000013 0.000025 -0.000012 -0.000024 -0.000041 -0.000059 -0.000023 -0.000026 -0.000015 -0.000006 -0.000019 -0.000015 -0.000001 0.000000 -0.000959 -0.000017 -0.000011 -0.000029 -0.000018 -0.000020 -0.000019 -0.000010 -0.000001 0.000000 -0.000020 -0.000008 -0.000011 -0.000031 -0.000044 -0.000020 -0.000005 -0.000001 -0.000000 0.000001 0.000002 0.000004 0.000007 0.000023 -0.000065 -0.000007 -0.000007 -0.000005 -0.000006 -0.000010 -0.000006 -0.000003 0.000000 0.000002 0.000009 0.000009 0.000009
-9999.000000 -9999.000000 -9999.000000 -9999.000000 -9999.000000 -9999.000000 0.007974 0.000000 0.000004 0.000008 0.000025 -0.000007 -0.000011 -0.000008 -0.000009 -0.000025 -0.000031 -0.000030 -0.000017 -0.000014 -0.000006 -0.000002 0.000000 0.000002 0.000221 -0.000011 -0.000004 -0.000020 -0.000019 -0.000017 -0.000012 -0.000004 0.000000 0.000010 -0.000156 -0.000122 -0.000127 -0.000008 -0.000004 -0.000001 -0.000000 0.000001 0.000002 0.000012 0.000012 0.000009 -0.000047 -0.000281 -0.000202 -0.000157 -0.000169 -0.000207 -0.000076 -0.000037 -0.000010 0.000000 0.000001 0.000002 0.000002 0.000002
-9999.000000 -9999.000000 -9999.000000 -9999.000000 -9999.000000 -9999.000000 0.009839 0.000000 0.000003 0.000004 0.000005 0.000000 0.000001 0.000001 0.000002 0.000011 -0.000055 -0.000030 -0.000024 -0.000011 -0.000001 0.000000 0.000001 0.000001 0.000002 0.000163 -0.000066 -0.000172 -0.000324 -0.000012 -0.000013 -0.000005 0.000000 -0.000074 -0.000091 -0.000003 -0.000003 -0.000004 -0.000001 -0.000000 0.000000 0.000004 0.000006 0.000006 0.000009 0.001913 -0.000751 -0.000036 -0.000014 -0.000010 -0.000011 -0.000011 -0.000009 -0.000005 -0.000001 0.000000 0.000002 0.000005 0.000016 0.000012
-9999.000000 -9999.000000 -9999.000000 -9999.000000 -9999.000000 -9999.000000 0.011842 0.000000 0.000001 0.000003 0.000003 0.000009 0.000005 0.000005 0.000010 0.000032 0.000060 -0.000125 -0.000029 -0.000012 -0.000002 0.000000 0.000000 0.000001 -0.000002 0.000001 -0.000000 0.000000 -0.000136 -0.001032 -0.000019 -0.000019 -0.000034 -0.000098 -0.000066 -0.000009 -0.000006 -0.000002 -0.000002 -0.000000 0.000002 0.000009 0.000013 0.000011 0.003690 -0.002402 -0.000038 -0.000015 -0.000011 -0.000009 -0.000006 -0.000007 -0.000006 -0.000002 0.000000 0.000001 0.000007 0.000016 0.000014 0.000013
-9999.000000 -9999.000000 -9999.000000 -9999.000000 -9999.000000 -9999.000000 0.013999 -0.000004 -0.000002 0.000000 0.000001 0.000001 0.000008 0.000055 0.000053 0.000030 0.000074 0.000098 -0.000026 -0.000021 -0.000009 -0.000003 -0.000004 -0.000007 -0.000001 0.000000 0.000073 0.000613 0.000000 -0.000064 -0.000180 -0.000115 -0.000075 -0.000128 -0.000060 -0.000018 -0.000017 -0.000008 -0.000001 -0.000000 0.000003 0.000012 0.000005 0.000027 -0.000042 -0.000009 -0.000035 -0.000037 -0.000005 -0.000007 -0.000005 -0.000004 -0.000002 -0.000000 0.000000 0.000001 0.000004 0.000035 0.000090 0.000062
-9999.000000 -9999.000000 -9999.000000 -9999.000000 -9999.000000 -9999.000000 0.016333 -0.000013 -0.000013 -0.000002 -0.000000 0.000000 0.000001 0.000003 0.000002 0.000025 0.000062 0.000353 -0.000025 -0.000027 -0.000023 -0.000017 -0.000013 -0.000013 -0.000004 -0.000001 0.000000 0.000023 0.000032 0.000000 -0.000026 -0.000020 -0.000048 -0.000085 -0.000026 -0.000019 -0.000008 -0.000004 -0.000002 0.000000 0.000007 0.000018 0.000037 -0.000146 -0.000009 -0.000011 -0.000015 -0.000031 -0.000043 -0.000002 -0.000002 -0.000001 -0.000000 0.000000 0.000001 0.000002 0.000006 0.000004 0.000028 0.000139
-9999.000000 -9999.000000 -9999.000000 -9999.000000 -9999.000000 -9999.000000 0.018878 -0.000006 -0.000004 -0.000009 -0.000003 -0.000000 0.000000 0.000003 0.000005 0.000045 0.000142 0.000559 -0.000388 -0.000033 -0.000044 -0.000035 -0.000024 -0.000017 -0.000006 -0.000001 0.000000 0.000002 0.000003 -0.000021 -0.000123 -0.000324 -0.000473 -0.000050 -0.000029 -0.000024 -0.000020 -0.000018 -0.000004 0.000000 0.000003 0.000006 -0.005873 -0.000014 -0.000004 -0.000006 -0.000006 -0.000015 -0.000026 -0.000035 -0.000013 -0.000002 -0.000000 0.000000 0.000001 0.000002 0.000005 0.000106 0.000063 0.000029
-9999.000000 -9999.000000 -9999.000000 -9999.000000 -9999.000000 -9999.000000 0.021653 -0.000023 -0.000011 -0.000001 -0.000000 0.000000 0.000000 0.000001 0.000004 0.000004 0.000011 0.000015 0.021297 -0.000024 -0.000033 -0.000032 -0.000026 -0.000021 -0.000013 -0.000006 -0.000001 0.000000 0.000006 0.000003 0.000000 -0.000006 -0.000017 -0.000187 -0.000043 -0.000033 -0.000029 -0.000007 -0.000000 0.000000 0.000005 0.000015 -0.000023 -0.000026 -0.000072 -0.000025 -0.000024 -0.000011 -0.000012 -0.000007 -0.000002 -0.000000 -0.000000 0.000001 0.000002 0.000003 0.000013 0.000002 0.000000 0.000006
-9999.000000 -9999.000000 -9999.000000 -9999.000000 -9999.000000 -9999.000000 0.024686 -0.000033 -0.000019 -0.000006 -0.000000 0.000000 0.000003 0.000004 0.000005 0.000008 0.000004 0.000005 0.000638 -0.001065 -0.000046 -0.000024 -0.000014 -0.000031 -0.000024 -0.000014 -0.000007 -0.000002 0.000000 -0.000003 -0.000005 -0.000005 -0.000004 -0.000016 -0.000062 -0.000027 -0.000014 -0.000006 -0.000000 0.000001 0.000021 -0.002743 -0.000080 -0.000104 -0.000013 -0.000009 -0.000008 -0.000007 -0.000006 -0.000004 -0.000000 -0.000000 0.000000 0.000002 0.000003 -0.000301 -0.000002 -0.000000 0.000000 0.000005
-9999.000000 -9999.000000 -9999.000000 -9999.000000 -9999.000000 -9999.000000 0.027945 -0.000102 -0.000041 -0.000001 -0.000000 0.000000 0.000004 0.000010 0.000011 0.000021 0.000000 0.000006 0.000014 0.004913 -0.000088 -0.000003 -0.000023 -0.000041 -0.000021 -0.000025 -0.000016 -0.000014 -0.000009 -0.000014 -0.000044 -0.000012 -0.000006 -0.000004 -0.000021 -0.000034 -0.000013 -0.000002 -0.000000 0.000001 -0.002375 -0.000013 -0.000011 -0.000013 -0.000015 -0.000020 -0.000006 -0.000004 -0.000001 -0.000001 -0.000000 0.000000 0.000001 0.000002 -0.000009 -0.000002 -0.000001 -0.000000 0.000000 0.000001
-9999.000000 -9999.000000 -9999.000000 -9999.000000 -9999.000000 -9999.000000 0.031743 -0.000003 -0.000002 -0.000000 0.000000 0.000003 0.000010 0.000012 0.000000 -0.000032 -0.000001 0.000000 0.000005 0.027332 0.005192 -0.000121 -0.000075 -0.000034 -0.000024 -0.000021 -0.000030 -0.000028 -0.000021 -0.000015 -0.000003 -0.000003 -0.000007 -0.000005 -0.000006 -0.000014 -0.000008 -0.000000 -0.000044 -0.000034 -0.000011 -0.000008 -0.000009 -0.000008 -0.000006 -0.000004 -0.000002 -0.000002 -0.000002 -0.000000 0.000000 0.000002 0.000004 0.000006 -0.000044 -0.000015 -0.000004 -0.000001 0.000000 0.000008
-9999.000000 -9999.000000 -9999.000000 -9999.000000 -9999.000000 -9999.000000 0.035839 -0.000007 -0.000002 -0.000000 0.000000 0.000005 0.006368 -0.195181 -0.026071 -0.000005 -0.000001 0.000000 0.000002 0.000432 -0.011927 -0.007364 -0.008019 -0.000025 -0.000030 -0.000030 -0.000041 -0.000041 -0.000028 -0.000008 -0.000000 -0.000581 -0.000012 -0.000016 -0.000017 -0.000023 -0.000038 -0.000130 -0.000085 -0.000009 -0.000007 -0.000006 -0.000005 -0.000002 -0.000002 -0.000003 -0.000008 -0.000002 -0.000001 -0.000000 0.000000 0.000004 -0.000505 -0.000395 -0.000010 -0.000002 -0.000002 -0.000000 0.000001 0.000006
-9999.000000 -9999.000000 -9999.000000 -9999.000000 -9999.000000 -9999.000000 0.029600 -0.000011 -0.000004 -0.000001 0.000000 0.000016 0.003749 0.000500 -0.008071 -0.046454 -0.000003 -0.000001 0.000000 0.000005 0.033141 0.010077 0.005902 -0.000065 -0.000022 -0.000035 -0.000048 -0.000050 -0.000036 -0.000014 -0.000007 -0.000016 -0.000029 -0.000069 -0.000106 -0.000234 -0.000172 -0.000003 -0.000003 -0.000003 -0.000002 -0.000002 -0.000003 -0.000006 -0.000007 -0.000004 -0.000002 -0.000000 -0.000003 -0.000001 -0.000002 -0.000002 0.000000 -0.000003 -0.000006 -0.000016 -0.000002 -0.000000 0.000001 0.000009
-9999.000000 -9999.000000 -9999.000000 -9999.000000 -9999.000000 -9999.000000 0.525659 0.228474 0.257364 0.120657 -0.000000 -0.059973 -0.092151 -0.063793 -0.046166 -0.024049 -0.000021 -0.000013 0.000000 0.000002 0.000014 -0.002019 -0.003446 -0.000535 -0.000040 -0.000057 -0.000138 -0.000262 -0.000144 -0.000043 -0.000007 0.000000 -0.001385 -0.000403 -0.000438 -0.000064 -0.000107 -0.000131 -0.000010 -0.000012 -0.000008 -0.000006 -0.000009 -0.000019 -0.000021 -0.000009 -0.000001 -0.000000 0.000002 0.000003 0.000002 -0.000000 -0.000016 -0.000020 -0.000030 -0.000005 -0.000003 0.000000 0.000004 0.000012
-9999.000000 -9999.000000 -9999.000000 -9999.000000 -9999.000000 -9999.000000 0.525144 0.208994 0.180687 0.100283 0.025128 0.003006 -0.006276 -0.009272 -0.014052 -0.024948 -0.073201 -0.000000 0.000000 0.000001 0.000003 0.000463 -0.002834 -0.000555 -0.000534 -0.000220 -0.000212 -0.000033 -0.000016 -0.000006 -0.000004 0.000000 -0.003512 -0.000028 -0.000024 -0.000034 -0.000063 -0.000067 -0.000185 -0.000310 -0.000165 -0.000064 -0.000123 -0.000046 -0.000008 -0.000003 -0.000001 -0.000000 0.000006 0.000014 0.000042 -0.000089 -0.000097 -0.000045 -0.000009 -0.000005 -0.000000 0.000000 0.000006 0.000015
-9999.000000 -9999.000000 -9999.000000 -9999.000000 -9999.000000 -9999.000000 0.564699 0.331964 0.269313 0.207506 0.117788 0.090788 0.081477 0.071146 0.048241 0.028234 0.012798 -0.000009 0.000000 0.000010 0.000515 -0.004675 -0.002005 -0.000007 -0.000008 -0.000029 -0.000036 -0.000029 -0.000009 -0.000000 -0.000596 -0.000039 -0.000015 -0.000025 -0.000003 -0.000007 -0.000017 -0.000008 -0.000001 0.000000 -0.000025 -0.000085 -0.000003 -0.000003 -0.000004 -0.000005 -0.000002 0.000000 0.000001 0.000005 -0.000002 -0.000011 -0.000008 -0.000005 -0.000002 0.000000 0.000000 0.000002 0.000010 0.000017
-9999.000000 -9999.000000 -9999.000000 -9999.000000 -9999.000000 -9999.000000 0.397454 0.289621 0.229297 0.182824 0.114903 0.101359 0.098670 0.084208 0.056310 0.030478 0.013150 -0.014193 0.000000 -0.000750 -0.001355 -0.000947 -0.000007 -0.000012 -0.000016 -0.000031 -0.000031 -0.000020 -0.000005 -0.000002 -0.000000 -0.000007 -0.000014 -0.000067 -0.000054 -0.000041 -0.000015 -0.000009 -0.000001 0.000000 0.000001 -0.000019 -0.000010 -0.000008 -0.000016 -0.000010 -0.000001 0.000000 0.000002 0.000092 -0.000245 -0.000011 -0.000004 -0.000002 0.000000 0.000000 0.000007 0.000012 0.000012 0.000015
-9999.000000 -9999.000000 -9999.000000 -9999.000000 -9999.000000 -9999.000000 0.083003 0.051449 0.013926 0.033409 0.030517 0.039030 0.050574 0.049209 0.036196 0.020678 0.012319 0.006658 0.001610 -0.000154 -0.001534 -0.001914 -0.000858 -0.000006 -0.000011 -0.000018 -0.000017 -0.000009 -0.000018 -0.000034 -0.000010 -0.000021 -0.000050 -0.000035 -0.000014 -0.000015 -0.000011 -0.000007 -0.000017 -0.000005 0.000000 0.000000 -0.000556 -0.000009 -0.000008 -0.000008 -0.000000 0.000001 -0.000201 -0.002233 -0.000010 -0.000009 -0.000006 -0.000001 0.000000 0.000003 0.000022 0.000028 0.000019 0.007720
-9999.000000 -9999.000000 -9999.000000 -9999.000000 -9999.000000 -9999.000000 -0.302199 -0.238368 -0.218737 -0.150457 -0.087822 -0.042339 -0.029287 -0.014881 -0.007749 -0.003106 -0.001612 -0.000309 0.000956 0.001099 -0.000000 0.000278 0.000353 -0.000342 -0.000074 -0.000022 -0.000004 0.000000 0.000000 -0.000037 -0.000043 -0.000024 -0.000018 -0.000029 -0.000033 -0.000032 -0.000008 -0.000014 -0.000003 -0.000000 0.000000 0.000004 0.001573 -0.000080 -0.000034 -0.000000 -0.000872 -0.000053 -0.000063 -0.000007 -0.000004 -0.000004 -0.000001 0.000000 0.000002 0.000005 0.000011 0.000012 0.000020 -0.000583
-9999.000000 -9999.000000 -9999.000000 -9999.000000 -9999.000000 -9999.000000 -0.773672 -0.468894 -0.393132 -0.297964 -0.175883 -0.115344 -0.122183 -0.083499 -0.056531 -0.033114 -0.020952 -0.010393 -0.006113 -0.000221 -0.007910 -0.000000 0.000002 -0.018043 -0.000023 -0.000011 -0.000001 0.000000 -0.000015 -0.000051 -0.000003 -0.000008 -0.000013 -0.000049 -0.000054 -0.000031 -0.000012 -0.000015 -0.000002 0.000000 0.000000 0.000005 0.000018 -0.000006 -0.000006 -0.000002 -0.000003 -0.000001 -0.000000 0.000000 -0.000008 -0.000002 0.000000 0.000008 0.000019 0.000014 0.000012 0.000016 0.000732 -0.000039
-9999.000000 -9999.000000 -9999.000000 -9999.000000 -9999.000000 -9999.000000 -0.988841 -0.381027 -0.290914 -0.200521 -0.074044 -0.063425 -0.051409 -0.032005 -0.021264 -0.015980 -0.010411 -0.000006 0.000000 -0.000723 -0.000864 -0.000027 -0.000021 -0.000025 -0.000016 -0.000006 0.000000 0.000002 -0.000108 -0.000031 -0.000113 -0.000206 -0.000079 -0.000045 -0.000033 -0.000043 -0.000086 -0.000098 -0.000007 -0.000002 -0.000000 0.000000 -0.000005 -0.000003 -0.000010 -0.000001 0.000000 0.000001 0.000001 -0.000037 -0.000027 -0.000001 0.000000 0.000002 0.000010 0.000019 0.000022 0.000015 -0.002293 -0.000024
-9999.000000 -9999.000000 -9999.000000 -9999.000000 -9999.000000 -9999.000000 -0.456865 -0.116707 -0.055326 -0.014831 -0.000000 0.016426 0.025004 0.022204 0.017313 0.007223 -0.000056 0.000000 0.000002 -0.000748 -0.000938 -0.000231 -0.000044 -0.000023 -0.000011 -0.000003 0.000000 0.000002 -0.001642 -0.000204 -0.000088 -0.000070 -0.000027 -0.000022 -0.000017 -0.000010 -0.000012 -0.000015 -0.000011 -0.000012 -0.000004 -0.000000 0.000000 -0.000000 -0.000008 -0.000001 0.000000 0.000004 0.002390 -0.000071 -0.000003 -0.000000 0.000001 0.000004 0.000015 0.000020 0.000016 0.000082 -0.000028 -0.000018
-9999.000000 -9999.000000 -9999.000000 -9999.000000 -9999.000000 -9999.000000 -0.260997 -0.075922 -0.063688 -0.071326 -0.000000 0.000002 0.000005 0.007727 0.013830 -0.000074 -0.000001 0.000000 0.000006 0.031016 -0.007528 -0.000040 -0.000024 -0.000016 -0.000005 0.000000 0.000001 -0.000011 -0.000005 -0.000013 -0.000033 -0.000020 -0.000034 -0.000025 -0.000015 -0.000007 -0.000006 -0.000012 -0.000041 -0.000047 -0.000010 -0.000015 -0.000006 -0.000000 0.000007 0.000315 0.000000 -0.000138 -0.000004 -0.000002 0.000000 -0.000000 0.000000 0.000005 0.000008 0.000016 0.000090 -0.000758 -0.000012 -0.000012
-9999.000000 -9999.000000 -9999.000000 -9999.000000 -9999.000000 -9999.000000 0.060738 0.023124 0.025249 0.014860 -0.000011 -0.000000 0.000006 0.000058 -0.000006 -0.000003 0.000000 0.000002 0.000005 0.001013 -0.000052 -0.000052 -0.000039 -0.000011 -0.000001 0.000000 -0.000072 -0.000781 -0.000043 -0.000008 -0.000030 -0.000047 -0.000042 -0.000060 -0.000043 -0.000001 0.000000 -0.001607 -0.000081 -0.000018 -0.000017 -0.000013 -0.000015 -0.000000 -0.000020 -0.000003 0.000000 0.000002 0.000008 0.000000 0.000000 0.000000 0.000001 0.000010 0.000016 0.001217 -0.000402 -0.000110 -0.000010 -0.000008
-9999.000000 -9999.000000 -9999.000000 -9999.000000 -9999.000000 -9999.000000 0.178860 0.002390 -0.003289 0.000436 -0.000103 -0.000000 0.000002 0.000015 -0.000008 -0.000002 0.000000 0.000005 0.000254 -0.000999 -0.000083 -0.000060 -0.000030 -0.000007 0.000000 -0.000002 -0.000008 -0.000020 -0.000020 -0.000103 -0.000018 -0.000025 -0.000019 -0.000036 -0.000084 -0.000067 -0.000020 -0.000008 -0.000009 -0.000007 -0.000002 0.000000 -0.000051 -0.000014 -0.000007 -0.000002 0.000000 0.000001 0.000004 0.000029 0.000000 0.000003 0.000009 0.000013 0.000694 -0.002858 -0.000135 -0.000262 -0.000004 -0.000005
-9999.000000 -9999.000000 -9999.000000 -9999.000000 -9999.000000 -9999.000000 0.194099 -0.000001 0.000000 -0.000027 -0.000002 -0.000000 0.000004 0.000005 0.000003 0.000000 0.000002 0.000089 -0.000017 -0.000063 -0.000106 -0.000063 -0.000030 -0.000012 -0.000009 -0.000004 0.000000 -0.000038 -0.000028 -0.000031 -0.000032 -0.000015 -0.000006 -0.000006 -0.000019 -0.000007 -0.000004 -0.000003 -0.000004 -0.000003 0.000000 0.000000 -0.000004 -0.000008 -0.000019 -0.000026 -0.000001 0.000000 0.000002 0.000011 0.000002 0.000008 0.000013 0.000013 0.001769 -0.000074 -0.000122 -0.000282 -0.000655 -0.000720
