use_cases/Flooding/flood_case/output/hUx_900.asc
ncols 269
nrows 269
xllcorner 0.000000
yllcorner 0.000000
cellsize 10.000000
NODATA_value -9999.000000
[rows 162 to 188 of 269, columns 183 to 243 of 269]
0.000019 0.000017 0.000734 -0.000019 -0.000000 0.000000 0.000009 0.000018 0.000021 0.000022 0.008702 -0.001430 -0.001222 -0.001297 -0.001051 -0.001092 -0.001203 -0.000008 -0.000011 -0.000027 -0.000028 -0.000025 -0.000022 -0.000012 -0.000001 0.000000 0.000005 0.000007 -0.000230 -0.000084 -0.000011 -0.000014 -0.000007 -0.000001 -0.000000 0.000003 0.000011 0.000030 0.000000 -0.000061 -0.000055 -0.000000 -9999.000000 -9999.000000 -9999.000000 -9999.000000 -9999.000000 -9999.000000 -9999.000000 -9999.000000 -9999.000000 -9999.000000 -9999.000000 -9999.000000 -9999.000000 -9999.000000 -9999.000000 -9999.000000 -9999.000000 -9999.000000 -9999.000000
0.000027 0.000020 0.010214 -0.000004 -0.000000 0.000007 0.000018 0.000020 0.000039 -0.000059 -0.000019 -0.000011 -0.000011 -0.000017 -0.000033 -0.000047 -0.000085 -0.000183 -0.000110 -0.000010 -0.000013 -0.000022 -0.000016 -0.000008 0.000000 0.000006 0.000010 -0.000015 -0.000141 -0.000011 -0.000015 -0.000018 -0.000008 -0.000000 0.000000 0.000002 0.000010 0.000059 -0.000030 -0.000064 -0.000019 -0.000002 0.000000 -9999.000000 -9999.000000 -9999.000000 -9999.000000 -9999.000000 -9999.000000 -9999.000000 -9999.000000 -9999.000000 -9999.000000 -9999.000000 -9999.000000 -9999.000000 -9999.000000 -9999.000000 -9999.000000 -9999.000000 -9999.000000
0.000020 -0.000028 -0.000006 0.000000 0.000003 0.000014 0.000026 0.000098 -0.000129 -0.000017 -0.000013 -0.000009 -0.000007 -0.000007 -0.000004 -0.000003 -0.000005 -0.000026 -0.000067 -0.000116 -0.000082 -0.000039 -0.000020 -0.000006 0.000000 0.000009 0.000016 -0.000301 -0.000073 -0.000009 -0.000000 -0.000007 -0.000006 -0.000001 0.000000 0.000004 0.000014 -0.000002 -0.000031 -0.000026 -0.000009 -0.000002 0.000000 -9999.000000 -9999.000000 -9999.000000 -9999.000000 -9999.000000 -9999.000000 -9999.000000 -9999.000000 -9999.000000 -9999.000000 -9999.000000 -9999.000000 -9999.000000 -9999.000000 -9999.000000 -9999.000000 -9999.000000 -9999.000000
-0.000932 -0.000076 -0.000001 0.000000 0.000006 0.000020 0.000028 -0.000026 -0.000040 -0.000007 -0.000006 -0.000005 -0.000004 -0.000003 -0.000002 -0.000003 -0.000009 -0.000014 -0.000020 -0.000019 -0.000019 -0.000015 -0.000008 -0.000003 0.000000 0.000011 0.000027 -0.000170 -0.000035 -0.000003 -0.000000 -0.000013 -0.000008 -0.000002 0.000000 0.000003 0.000014 -0.000002 -0.000036 -0.000033 -0.000020 -0.000017 -0.000005 0.000000 -9999.000000 -9999.000000 -9999.000000 -9999.000000 -9999.000000 -9999.000000 -9999.000000 -9999.000000 -9999.000000 -9999.000000 -9999.000000 -9999.000000 -9999.000000 -9999.000000 -9999.000000 -9999.000000 -9999.000000
-0.000008 -0.000002 -0.000000 0.000005 0.000014 0.000024 0.000026 -0.000017 -0.000025 -0.000019 -0.000018 -0.000016 -0.000014 -0.000007 -0.000003 -0.000009 -0.000005 -0.000009 -0.000017 -0.000017 -0.000016 -0.000008 -0.000001 0.000000 0.000004 0.000016 0.000018 -0.000188 -0.000017 -0.000000 0.000000 -0.000009 -0.000010 -0.000006 -0.000001 0.000000 0.000010 0.000097 -0.000075 -0.000126 -0.000068 -0.000014 -0.000000 -9999.000000 -9999.000000 -9999.000000 -9999.000000 -9999.000000 -9999.000000 -9999.000000 -9999.000000 -9999.000000 -9999.000000 -9999.000000 -9999.000000 -9999.000000 -9999.000000 -9999.000000 -9999.000000 -9999.000000 -9999.000000
-0.000003 -0.000000 0.000004 0.000011 0.000018 0.000023 0.000075 -0.003019 -0.000084 -0.000071 -0.000053 -0.000028 -0.000032 -0.000025 -0.000047 -0.000171 -0.000101 -0.000074 -0.000046 -0.000025 -0.000010 -0.000002 -0.000000 0.000003 0.000011 0.000020 0.000020 -0.000110 -0.000005 -0.000000 0.000001 -0.000010 -0.000015 -0.000005 -0.000000 0.000001 0.000004 -0.007639 -0.000114 -0.000006 0.000000 -9999.000000 -9999.000000 -9999.000000 -9999.000000 -9999.000000 -9999.000000 -9999.000000 -9999.000000 -9999.000000 -9999.000000 -9999.000000 -9999.000000 -9999.000000 -9999.000000 -9999.000000 -9999.000000 -9999.000000 -9999.000000 -9999.000000 -9999.000000
-0.000000 0.000000 0.000008 0.000017 0.000018 0.001190 -0.000014 -0.000009 -0.000001 0.000000 0.000002 -0.002214 -0.000085 -0.000165 -0.000150 -0.000020 -0.000022 -0.000017 -0.000012 -0.000005 -0.000003 -0.000000 0.000002 0.000009 0.000016 0.000023 0.000116 -0.000066 -0.000000 0.000000 -0.000087 -0.000175 -0.000015 -0.000000 0.000001 0.000003 -0.000781 -0.000011 -0.000005 0.000000 -9999.000000 -9999.000000 -9999.000000 -9999.000000 -9999.000000 -9999.000000 -9999.000000 -9999.000000 -9999.000000 -9999.000000 -9999.000000 -9999.000000 -9999.000000 -9999.000000 -9999.000000 -9999.000000 -9999.000000 -9999.000000 -9999.000000 -9999.000000 -9999.000000
-0.000000 0.000004 0.000016 0.000021 0.000133 -0.000027 -0.000021 -0.000010 -0.000001 -0.000000 0.000002 0.000007 -0.005581 -0.000048 -0.000007 -0.000006 -0.000005 -0.000005 -0.000007 -0.000009 -0.000003 -0.000000 0.000006 0.000018 0.000028 0.000075 0.000658 -0.000069 -0.000061 -0.000360 -0.000289 -0.000005 -0.000000 0.000003 0.000004 -0.000882 -0.000011 -0.000005 0.000000 -9999.000000 -9999.000000 -9999.000000 -9999.000000 -9999.000000 -9999.000000 -9999.000000 -9999.000000 -9999.000000 -9999.000000 -9999.000000 -9999.000000 -9999.000000 -9999.000000 -9999.000000 -9999.000000 -9999.000000 -9999.000000 -9999.000000 -9999.000000 -9999.000000 -9999.000000
0.000000 0.000006 0.000020 0.002503 -0.000030 -0.000044 -0.000041 -0.000032 -0.000005 -0.000000 0.000000 0.000010 0.000034 -0.000036 -0.000021 -0.000014 -0.000008 -0.000009 -0.000015 -0.000015 -0.000003 0.000000 0.000004 0.000012 0.000024 0.000019 0.000017 0.012818 -0.000113 -0.000009 -0.000002 0.000000 0.000002 0.000003 -0.000012 -0.000009 -0.000005 0.000000 -9999.000000 -9999.000000 -9999.000000 -9999.000000 -9999.000000 -9999.000000 -9999.000000 -9999.000000 -9999.000000 -9999.000000 -9999.000000 -9999.000000 -9999.000000 -9999.000000 -9999.000000 -9999.000000 -9999.000000 -9999.000000 -9999.000000 -9999.000000 -9999.000000 -9999.000000 -9999.000000
0.000001 0.000012 0.000021 -0.000146 -0.000028 -0.000023 -0.000029 -0.000028 -0.000016 -0.000002 0.000000 0.000007 0.000019 0.000683 -0.000019 -0.000008 -0.000000 -0.000025 -0.000022 -0.000008 -0.000002 0.000000 0.000006 0.000036 0.000000 0.000002 0.000004 0.000021 -0.000032 -0.000003 -0.000000 0.000001 0.000004 -0.000046 -0.000037 -0.000003 0.000000 -9999.000000 -9999.000000 -9999.000000 -9999.000000 -9999.000000 -9999.000000 -9999.000000 -9999.000000 -9999.000000 -9999.000000 -9999.000000 -9999.000000 -9999.000000 -9999.000000 -9999.000000 -9999.000000 -9999.000000 -9999.000000 -9999.000000 -9999.000000 -9999.000000 -9999.000000 -9999.000000 -9999.000000
0.000005 0.000015 0.000038 -0.000033 -0.000027 -0.000022 -0.000025 -0.000020 -0.000011 -0.000003 0.000000 0.000005 0.000018 0.000028 0.000662 -0.000018 -0.000027 -0.000047 -0.000021 -0.000013 -0.000001 0.000000 0.000001 0.000005 0.000000 0.000003 0.000009 0.000016 -0.000038 -0.000004 -0.000000 0.000002 -0.001335 -0.000096 0.000000 -9999.000000 -9999.000000 -9999.000000 -9999.000000 -9999.000000 -9999.000000 -9999.000000 -9999.000000 -9999.000000 -9999.000000 -9999.000000 -9999.000000 -9999.000000 -9999.000000 -9999.000000 -9999.000000 -9999.000000 -9999.000000 -9999.000000 -9999.000000 -9999.000000 -9999.000000 -9999.000000 -9999.000000 -9999.000000 -9999.000000
0.000009 0.000017 -0.003880 -0.000032 -0.000019 -0.000012 -0.000016 -0.000011 -0.000006 -0.000002 0.000000 0.000004 0.000011 0.000022 0.000024 0.006730 -0.000238 -0.000257 -0.000024 -0.000007 -0.000000 0.000002 -0.000010 -0.000018 0.000000 0.000001 0.000006 0.000008 -0.000016 -0.000001 -0.000000 -0.000020 -0.000011 -0.000006 0.000000 -9999.000000 -9999.000000 -9999.000000 -9999.000000 -9999.000000 -9999.000000 -9999.000000 -9999.000000 -9999.000000 -9999.000000 -9999.000000 -9999.000000 -9999.000000 -9999.000000 -9999.000000 -9999.000000 -9999.000000 -9999.000000 -9999.000000 -9999.000000 -9999.000000 -9999.000000 -9999.000000 -9999.000000 -9999.000000 -9999.000000
0.000010 0.006011 -0.000071 -0.000084 -0.000011 -0.000016 -0.000006 -0.000004 -0.000002 -0.000001 0.000000 0.000001 0.000003 0.000014 0.000017 0.000017 0.000017 0.000029 -0.000040 -0.000002 -0.000000 -0.000014 -0.000099 -0.000068 -0.000008 0.000000 -0.002089 -0.000521 -0.000020 -0.000003 -0.000013 -0.000027 -0.000005 -0.000003 0.000000 -9999.000000 -9999.000000 -9999.000000 -9999.000000 -9999.000000 -9999.000000 -9999.000000 -9999.000000 -9999.000000 -9999.000000 -9999.000000 -9999.000000 -9999.000000 -9999.000000 -9999.000000 -9999.000000 -9999.000000 -9999.000000 -9999.000000 -9999.000000 -9999.000000 -9999.000000 -9999.000000 -9999.000000 -9999.000000 -9999.000000
0.000011 -0.000058 -0.000058 -0.000093 -0.000157 -0.000123 -0.000074 -0.000030 -0.000004 -0.000003 -0.000005 -0.000002 0.000000 0.000009 0.000017 0.000012 0.000017 0.000022 0.000013 0.000031 -0.005897 -0.000269 -0.000005 -0.000000 0.000000 0.000001 -0.000000 -0.000103 -0.000410 -0.000352 -0.000274 -0.000119 -0.000012 -0.000006 0.000000 -9999.000000 -9999.000000 -9999.000000 -9999.000000 -9999.000000 -9999.000000 -9999.000000 -9999.000000 -9999.000000 -9999.000000 -9999.000000 -9999.000000 -9999.000000 -9999.000000 -9999.000000 -9999.000000 -9999.000000 -9999.000000 -9999.000000 -9999.000000 -9999.000000 -9999.000000 -9999.000000 -9999.000000 -9999.000000 -9999.000000
-0.001274 -0.000028 -0.000036 -0.000025 -0.000021 -0.000021 -0.000015 -0.000006 -0.000004 -0.000006 -0.000009 -0.000005 0.000000 0.000001 0.000002 0.000002 0.000005 0.000011 0.000018 0.000021 0.000013 -0.000033 -0.000007 -0.000008 -0.000010 -0.000001 -0.000000 0.000002 -0.000010 -0.000026 -0.000025 -0.000060 -0.000136 -0.000027 0.000000 -9999.000000 -9999.000000 -9999.000000 -9999.000000 -9999.000000 -9999.000000 -9999.000000 -9999.000000 -9999.000000 -9999.000000 -9999.000000 -9999.000000 -9999.000000 -9999.000000 -9999.000000 -9999.000000 -9999.000000 -9999.000000 -9999.000000 -9999.000000 -9999.000000 -9999.000000 -9999.000000 -9999.000000 -9999.000000 -9999.000000
-0.000022 -0.000028 -0.000026 -0.000019 -0.000015 -0.000012 -0.000006 -0.000004 -0.000000 -0.000026 -0.000017 -0.000013 -0.000008 -0.000006 -0.000002 0.000000 0.000000 0.000007 0.000016 0.000020 0.000019 0.000014 -0.004669 -0.000081 -0.000017 -0.000008 -0.000000 0.000001 0.000003 -0.000014 -0.000007 -0.000004 -0.000009 -0.000001 0.000000 -9999.000000 -9999.000000 -9999.000000 -9999.000000 -9999.000000 -9999.000000 -9999.000000 -9999.000000 -9999.000000 -9999.000000 -9999.000000 -9999.000000 -9999.000000 -9999.000000 -9999.000000 -9999.000000 -9999.000000 -9999.000000 -9999.000000 -9999.000000 -9999.000000 -9999.000000 -9999.000000 -9999.000000 -9999.000000 -9999.000000
-0.000048 -0.000039 -0.000018 -0.000011 -0.000005 -0.000005 -0.000002 -0.000000 -0.000006 -0.000043 -0.000028 -0.000019 -0.000011 -0.000003 -0.000003 0.000000 0.000001 0.000005 0.000011 0.000011 0.000007 0.000014 0.000011 -0.000043 -0.000040 -0.000017 -0.000006 -0.000000 0.000000 -0.000012 -0.000003 0.000000 -0.000000 0.000000 -9999.000000 -9999.000000 -9999.000000 -9999.000000 -9999.000000 -9999.000000 -9999.000000 -9999.000000 -9999.000000 -9999.000000 -9999.000000 -9999.000000 -9999.000000 -9999.000000 -9999.000000 -9999.000000 -9999.000000 -9999.000000 -9999.000000 -9999.000000 -9999.000000 -9999.000000 -9999.000000 -9999.000000 -9999.000000 -9999.000000 -9999.000000
-0.000016 -0.000013 -0.000010 -0.000006 -0.000006 -0.000000 0.000001 -0.000076 -0.000328 -0.000245 -0.000146 -0.000109 -0.000063 -0.000006 -0.000001 0.000000 0.000001 0.000002 0.000003 0.000004 0.000011 0.000008 -0.000005 -0.000028 -0.000038 -0.000039 -0.000012 -0.000007 -0.000001 -0.000003 -0.000001 0.000000 0.000001 0.000001 -9999.000000 -9999.000000 -9999.000000 -9999.000000 -9999.000000 -9999.000000 -9999.000000 -9999.000000 -9999.000000 -9999.000000 -9999.000000 -9999.000000 -9999.000000 -9999.000000 -9999.000000 -9999.000000 -9999.000000 -9999.000000 -9999.000000 -9999.000000 -9999.000000 -9999.000000 -9999.000000 -9999.000000 -9999.000000 -9999.000000 -9999.000000
-0.000005 -0.000005 -0.000003 -0.000000 -0.000005 -0.000031 -0.000500 -0.000482 -0.000020 -0.000015 -0.000011 -0.000013 -0.000013 -0.000008 -0.000002 -0.000000 0.000000 0.000003 0.000011 0.000022 0.000026 0.023313 -0.000013 -0.000016 -0.000019 -0.000021 -0.000019 -0.000010 -0.000005 -0.000001 -0.000000 0.000000 0.000001 0.000000 -9999.000000 -9999.000000 -9999.000000 -9999.000000 -9999.000000 -9999.000000 -9999.000000 -9999.000000 -9999.000000 -9999.000000 -9999.000000 -9999.000000 -9999.000000 -9999.000000 -9999.000000 -9999.000000 -9999.000000 -9999.000000 -9999.000000 -9999.000000 -9999.000000 -9999.000000 -9999.000000 -9999.000000 -9999.000000 -9999.000000 -9999.000000
-0.000014 -0.000010 -0.000003 -0.000000 -0.000192 -0.000303 -0.000023 -0.000020 -0.000013 -0.000008 -0.000002 -0.000001 0.000000 0.000000 -0.000007 -0.000005 -0.000002 0.000000 0.000003 0.000011 0.000086 0.000883 -0.000005 -0.000005 -0.000006 -0.000006 -0.000004 -0.000003 -0.000002 -0.000003 -0.000006 -0.000007 -0.000002 0.000000 -9999.000000 -9999.000000 -9999.000000 -9999.000000 -9999.000000 -9999.000000 -9999.000000 -9999.000000 -9999.000000 -9999.000000 -9999.000000 -9999.000000 -9999.000000 -9999.000000 -9999.000000 -9999.000000 -9999.000000 -9999.000000 -9999.000000 -9999.000000 -9999.000000 -9999.000000 -9999.000000 -9999.000000 -9999.000000 -9999.000000 -9999.000000
-0.000026 -0.000034 -0.000112 -0.000237 -0.000625 -0.000018 -0.000019 -0.000014 -0.000005 -0.000003 -0.000000 0.000002 0.000004 0.000015 -0.000039 -0.000057 -0.000017 0.000000 0.000004 0.000043 0.000041 0.000742 -0.000919 -0.000223 -0.000014 -0.000018 -0.000016 -0.000011 -0.000011 -0.000013 -0.000011 -0.000005 -0.000004 0.000000 -9999.000000 -9999.000000 -9999.000000 -9999.000000 -9999.000000 -9999.000000 -9999.000000 -9999.000000 -9999.000000 -9999.000000 -9999.000000 -9999.000000 -9999.000000 -9999.000000 -9999.000000 -9999.000000 -9999.000000 -9999.000000 -9999.000000 -9999.000000 -9999.000000 -9999.000000 -9999.000000 -9999.000000 -9999.000000 -9999.000000 -9999.000000
0.000005 -0.003087 -0.000150 -0.000259 -0.000007 -0.000006 -0.000006 -0.000006 -0.000005 -0.000000 0.000001 0.000006 0.000038 -0.000215 -0.000093 -0.000007 -0.000002 0.000000 0.000002 0.000010 0.000016 0.000015 -0.000626 -0.000308 -0.000520 -0.000390 -0.000324 -0.000315 -0.000248 -0.000021 -0.000017 -0.000010 -0.000003 0.000000 -9999.000000 -9999.000000 -9999.000000 -9999.000000 -9999.000000 -9999.000000 -9999.000000 -9999.000000 -9999.000000 -9999.000000 -9999.000000 -9999.000000 -9999.000000 -9999.000000 -9999.000000 -9999.000000 -9999.000000 -9999.000000 -9999.000000 -9999.000000 -9999.000000 -9999.000000 -9999.000000 -9999.000000 -9999.000000 -9999.000000 -9999.000000
0.000012 0.000109 -0.000104 -0.000066 -0.000017 -0.000010 -0.000008 -0.000009 -0.000004 -0.000000 0.000003 -0.000010 -0.000313 -0.000011 -0.000005 -0.000001 -0.000000 0.000000 0.000003 0.000004 0.000006 0.000006 -0.000415 -0.000020 -0.000023 -0.000024 -0.000017 -0.000027 -0.000079 -0.000162 -0.000130 -0.000091 -0.000039 -0.000000 -9999.000000 -9999.000000 -9999.000000 -9999.000000 -9999.000000 -9999.000000 -9999.000000 -9999.000000 -9999.000000 -9999.000000 -9999.000000 -9999.000000 -9999.000000 -9999.000000 -9999.000000 -9999.000000 -9999.000000 -9999.000000 -9999.000000 -9999.000000 -9999.000000 -9999.000000 -9999.000000 -9999.000000 -9999.000000 -9999.000000 -9999.000000
0.000014 0.000016 0.003474 -0.000113 -0.000017 -0.000009 -0.000008 -0.000007 -0.000002 0.000000 -0.000118 -0.000291 -0.000006 -0.000003 0.000000 0.000000 0.000003 0.000005 0.000003 -0.000004 0.000000 0.000008 -0.000803 -0.000008 -0.000010 -0.000018 -0.000012 -0.000013 -0.000013 -0.000012 -0.000018 -0.000028 -0.000022 -0.000010 -0.000000 -9999.000000 -9999.000000 -9999.000000 -9999.000000 -9999.000000 -9999.000000 -9999.000000 -9999.000000 -9999.000000 -9999.000000 -9999.000000 -9999.000000 -9999.000000 -9999.000000 -9999.000000 -9999.000000 -9999.000000 -9999.000000 -9999.000000 -9999.000000 -9999.000000 -9999.000000 -9999.000000 -9999.000000 -9999.000000 -9999.000000
0.000007 0.000007 0.000079 -0.000006 -0.000000 -0.000000 -0.004401 -0.000142 -0.000149 -0.000215 -0.000192 -0.000076 -0.000012 -0.000004 0.000000 0.000003 0.000006 -0.000025 -0.000089 -0.000023 -0.000000 0.000004 -0.000308 -0.000183 -0.000046 -0.000014 -0.000011 -0.000013 -0.000014 -0.000012 -0.000015 -0.000015 -0.000012 -0.000011 -0.000008 -0.000003 0.000000 -9999.000000 -9999.000000 -9999.000000 -9999.000000 -9999.000000 -9999.000000 -9999.000000 -9999.000000 -9999.000000 -9999.000000 -9999.000000 -9999.000000 -9999.000000 -9999.000000 -9999.000000 -9999.000000 -9999.000000 -9999.000000 -9999.000000 -9999.000000 -9999.000000 -9999.000000 -9999.000000 -9999.000000
0.000041 0.000026 -0.000043 -0.000009 -0.000000 0.000000 -0.000023 -0.000004 -0.000000 0.000001 -0.005884 -0.000283 -0.000015 -0.000005 0.000000 0.000001 -0.000033 -0.000090 -0.000007 -0.000007 -0.000000 0.000002 -0.000092 -0.000153 -0.000012 -0.000005 -0.000005 -0.000005 -0.000004 -0.000004 -0.000005 -0.000004 -0.000005 -0.000005 -0.000003 -0.000002 0.000000 -9999.000000 -9999.000000 -9999.000000 -9999.000000 -9999.000000 -9999.000000 -9999.000000 -9999.000000 -9999.000000 -9999.000000 -9999.000000 -9999.000000 -9999.000000 -9999.000000 -9999.000000 -9999.000000 -9999.000000 -9999.000000 -9999.000000 -9999.000000 -9999.000000 -9999.000000 -9999.000000 -9999.000000
0.000086 0.010846 -0.000041 -0.000013 -0.000002 0.000000 -0.000071 -0.000014 -0.000000 0.000000 0.000006 0.000047 -0.000111 -0.000053 -0.000082 -0.000334 -0.000365 -0.000211 -0.000069 -0.000018 -0.000000 0.000002 0.000019 -0.000244 -0.000009 -0.000013 -0.000011 -0.000013 -0.000013 -0.000014 -0.000016 -0.000014 -0.000012 -0.000009 -0.000003 -0.000000 0.000000 -9999.000000 -9999.000000 -9999.000000 -9999.000000 -9999.000000 -9999.000000 -9999.000000 -9999.000000 -9999.000000 -9999.000000 -9999.000000 -9999.000000 -9999.000000 -9999.000000 -9999.000000 -9999.000000 -9999.000000 -9999.000000 -9999.000000 -9999.000000 -9999.000000 -9999.000000 -9999.000000 -9999.000000
