use_cases/Flooding/flood_case/output/hUx_3600.asc
ncols 269
nrows 269
xllcorner 0.000000
yllcorner 0.000000
cellsize 10.000000
NODATA_value -9999.000000
[rows 54 to 80 of 269, columns 180 to 239 of 269]
-0.000011 -0.000013 -0.000009 -0.000002 0.000000 0.000002 0.000007 0.000013 0.000290 -0.000342 -0.000502 -0.000143 -0.000054 -0.000003 0.000000 0.000005 0.000044 -0.000044 -0.000065 -0.000082 -0.000148 -0.000335 -0.000111 -0.000012 -0.000004 -0.000000 0.000001 0.000003 0.000009 0.000072 -0.000013 -0.000009 -0.000000 0.000000 0.000007 -0.000007 -0.000004 -0.000001 0.000000 0.000000 -9999.000000 -9999.000000 -9999.000000 -9999.000000 -9999.000000 -9999.000000 -9999.000000 -9999.000000 -9999.000000 -9999.000000 -9999.000000 -9999.000000 -9999.000000 -9999.000000 -9999.000000 -9999.000000 -9999.000000 -9999.000000 -9999.000000 -9999.000000
-0.000017 -0.000019 -0.000006 -0.000000 0.000000 0.000004 0.000012 0.044453 0.000015 0.000000 -0.000136 -0.000032 -0.000023 -0.000009 0.000000 0.000010 0.000032 -0.000074 -0.000024 -0.000018 -0.000017 -0.000017 -0.000010 -0.000002 0.000000 0.000009 0.000015 0.000018 0.000019 0.000077 -0.000022 -0.000006 -0.000002 0.000000 0.000004 0.000063 -0.000007 -0.000005 -0.000001 0.000000 0.000000 -9999.000000 -9999.000000 -9999.000000 -9999.000000 -9999.000000 -9999.000000 -9999.000000 -9999.000000 -9999.000000 -9999.000000 -9999.000000 -9999.000000 -9999.000000 -9999.000000 -9999.000000 -9999.000000 -9999.000000 -9999.000000 -9999.000000
-0.000007 -0.000007 -0.000003 0.000000 0.000002 0.000009 0.000214 0.000011 -0.000000 0.000000 -0.000056 -0.000017 -0.000013 -0.000004 0.000000 0.000005 0.000028 -0.000057 -0.000017 -0.000014 -0.000009 -0.000009 -0.000006 -0.000001 0.000000 0.000005 0.000067 0.000174 0.000109 0.000051 -0.000011 -0.000013 -0.000004 0.000000 0.000004 0.000042 -0.000246 -0.000016 -0.000004 -0.000001 0.000000 0.000000 -9999.000000 -9999.000000 -9999.000000 -9999.000000 -9999.000000 -9999.000000 -9999.000000 -9999.000000 -9999.000000 -9999.000000 -9999.000000 -9999.000000 -9999.000000 -9999.000000 -9999.000000 -9999.000000 -9999.000000 -9999.000000
-0.000002 -0.000002 -0.000001 0.000000 0.000016 0.000057 0.000042 -0.000006 -0.000003 0.000000 -0.000040 -0.000012 -0.000008 -0.000003 -0.000000 0.000003 0.000018 -0.000019 -0.000009 -0.000008 -0.000006 -0.000005 -0.000004 0.000000 0.000001 0.000013 0.000018 0.000023 0.000089 0.000426 -0.000016 -0.000019 -0.000011 0.000000 0.000001 0.000024 -0.000221 -0.000008 -0.000007 -0.000005 -0.000001 0.000000 0.000002 0.000002 -9999.000000 -9999.000000 -9999.000000 -9999.000000 -9999.000000 -9999.000000 -9999.000000 -9999.000000 -9999.000000 -9999.000000 -9999.000000 -9999.000000 -9999.000000 -9999.000000 -9999.000000 -9999.000000
-0.000006 -0.000005 -0.000001 0.000000 0.000003 0.000005 -0.000009 -0.000005 -0.000002 0.000000 -0.000030 -0.000008 -0.000005 -0.000002 -0.000000 0.000001 0.000002 -0.000019 -0.000003 -0.000002 -0.000002 -0.000001 -0.000001 0.000000 0.000001 0.000004 0.000008 0.000012 0.000063 0.000427 -0.000142 -0.000016 -0.000007 -0.000000 0.000000 0.000010 -0.000058 -0.000012 -0.000013 -0.000016 -0.000006 -0.000002 -0.000000 0.000000 0.000001 -9999.000000 -9999.000000 -9999.000000 -9999.000000 -9999.000000 -9999.000000 -9999.000000 -9999.000000 -9999.000000 -9999.000000 -9999.000000 -9999.000000 -9999.000000 -9999.000000 -9999.000000
-0.000027 -0.000011 -0.000005 0.000000 0.000001 0.000001 -0.000001 -0.000002 -0.000001 0.000000 -0.000014 -0.000002 -0.000002 -0.000001 -0.000000 0.000000 0.000002 0.000008 0.000000 0.000000 -0.000010 -0.000005 -0.000004 -0.000001 0.000000 0.000001 0.000002 0.000003 0.000161 0.000841 0.000249 -0.000028 -0.000014 -0.000002 0.000000 0.000014 0.000117 -0.000015 -0.000023 -0.000025 -0.000014 -0.000006 -0.000001 0.000000 0.000000 0.000000 -9999.000000 -9999.000000 -9999.000000 -9999.000000 -9999.000000 -9999.000000 -9999.000000 -9999.000000 -9999.000000 -9999.000000 -9999.000000 -9999.000000 -9999.000000 -9999.000000
-0.000078 -0.000015 -0.000003 -0.000000 0.000000 -0.000003 -0.000003 -0.000009 -0.000003 0.000000 -0.000002 -0.000005 -0.000007 -0.000006 -0.000001 0.000000 0.000001 0.000001 0.000003 0.000006 -0.000004 -0.000010 -0.000010 -0.000005 0.000000 0.000002 0.000022 0.000076 0.000071 0.000068 0.001282 -0.000137 -0.000013 -0.000003 0.000000 0.000013 0.000343 -0.000100 -0.000271 -0.000172 -0.000080 -0.000022 -0.000001 0.000000 -0.000003 -0.000002 -0.000001 0.000000 -9999.000000 -9999.000000 -9999.000000 -9999.000000 -9999.000000 -9999.000000 -9999.000000 -9999.000000 -9999.000000 -9999.000000 -9999.000000 -9999.000000
-0.000129 -0.000027 -0.000003 -0.000000 -0.000010 -0.000016 -0.000013 -0.000012 -0.000004 0.000000 0.000003 0.000003 -0.000014 -0.000007 -0.000002 0.000000 0.000001 0.000003 0.000005 0.000013 0.000024 -0.000022 -0.000022 -0.000004 -0.000002 0.000000 0.000004 0.000012 0.000021 0.000035 0.001978 0.000390 -0.000010 -0.000002 0.000000 0.000008 -0.000197 -0.000264 -0.000016 -0.000010 -0.000006 -0.000001 -0.000000 0.000001 -0.000000 -0.000021 -0.000054 -0.000016 -0.000000 -9999.000000 -9999.000000 -9999.000000 -9999.000000 -9999.000000 -9999.000000 -9999.000000 -9999.000000 -9999.000000 -9999.000000 -9999.000000
-0.000049 -0.000009 -0.000000 0.000000 -0.000035 -0.000022 -0.000028 -0.000011 -0.000000 0.000000 0.000004 0.000011 -0.000026 -0.000012 -0.000001 0.000000 0.000002 0.000006 0.000000 0.000004 -0.000048 -0.000048 -0.000012 -0.000014 -0.000006 0.000000 0.000001 0.000007 0.000041 0.000082 0.000069 0.001254 -0.000069 -0.000002 0.000000 -0.000045 -0.001130 -0.000013 -0.000009 -0.000002 -0.000001 -0.000000 0.000002 0.000041 -0.000062 -0.000112 -0.000014 -0.000005 -0.000001 0.000000 -9999.000000 -9999.000000 -9999.000000 -9999.000000 -9999.000000 -9999.000000 -9999.000000 -9999.000000 -9999.000000 -9999.000000
-0.000041 -0.000010 -0.000000 0.000002 -0.000006 -0.000024 -0.000032 -0.000011 -0.000000 0.000003 0.000007 -0.000073 -0.000029 -0.000000 0.000000 0.000000 0.000001 0.000010 0.000000 -0.000031 -0.000124 -0.000025 -0.000029 -0.000059 -0.000068 -0.000012 0.000000 0.000012 0.000023 0.000045 0.000058 0.001712 0.000967 -0.000003 0.000000 -0.000846 -0.000315 -0.000004 -0.000004 -0.000003 -0.000000 0.000002 0.000121 -0.000390 -0.000231 -0.000020 -0.000010 -0.000002 -0.000001 0.000000 0.000001 0.000001 -9999.000000 -9999.000000 -9999.000000 -9999.000000 -9999.000000 -9999.000000 -9999.000000 -9999.000000
-0.000052 -0.000012 -0.000000 0.000007 0.000006 -0.000062 -0.000058 -0.000013 -0.000000 0.000003 0.000090 -0.000067 -0.000003 -0.000000 0.000002 0.000001 0.000001 0.000000 0.000001 -0.000300 -0.000122 -0.000147 -0.000356 -0.000140 -0.000009 -0.000002 0.000000 0.000003 0.000013 0.000027 0.000041 0.000051 0.089528 -0.000251 0.000000 -0.001750 -0.000403 -0.000037 -0.000005 -0.000000 0.000001 0.000003 -0.000732 -0.000028 -0.000020 -0.000012 -0.000006 -0.000002 -0.000000 0.000001 0.000004 0.000005 0.000000 -9999.000000 -9999.000000 -9999.000000 -9999.000000 -9999.000000 -9999.000000 -9999.000000
-0.000018 -0.000004 0.000000 0.000004 -0.000099 -0.000088 -0.000018 -0.000002 0.000000 0.000005 0.000250 -0.000019 -0.000000 0.000002 0.000009 0.000008 -0.000009 0.000000 -0.006369 -0.001299 -0.000701 -0.000432 -0.000018 -0.000012 -0.000005 -0.000000 0.000000 0.000001 0.000009 0.000019 0.000032 0.000043 0.000740 0.003798 -0.000848 -0.003018 -0.000014 -0.000006 -0.000000 0.000001 0.000004 -0.000375 -0.001168 -0.000021 -0.000011 -0.000005 -0.000001 -0.000000 0.000000 0.000003 0.000003 -0.000010 -0.000002 0.000000 -9999.000000 -9999.000000 -9999.000000 -9999.000000 -9999.000000 -9999.000000
-0.000021 -0.000006 0.000000 0.000002 -0.000712 -0.000036 -0.000014 -0.000000 0.000003 0.000005 0.000043 -0.000000 0.000005 0.000014 0.001133 -0.001933 -0.002367 -0.002163 -0.001883 -0.000026 -0.000023 -0.000013 -0.000012 -0.000007 -0.000002 -0.000000 0.000001 0.000004 0.000006 0.000012 0.000022 0.000033 0.000032 0.051735 -0.016555 -0.000011 -0.000006 -0.000001 -0.000000 0.000004 0.000046 -0.001520 -0.000019 -0.000015 -0.000006 -0.000001 -0.000000 0.000000 0.000002 0.000008 0.000009 -0.000044 -0.000005 -0.000001 0.000000 0.000001 0.000003 0.000000 -9999.000000 -9999.000000
-0.000021 -0.000000 0.000000 -0.000333 -0.001063 -0.000034 -0.000012 -0.000000 0.000017 0.000015 0.000034 -0.000000 0.000004 0.000011 -0.002433 -0.000034 -0.000025 -0.000027 -0.000023 -0.000013 -0.000011 -0.000009 -0.000004 -0.000003 -0.000002 -0.000001 0.000000 0.000001 0.000001 0.000004 0.000012 0.000022 0.000055 0.254173 -0.011144 -0.000003 -0.000002 -0.000000 0.000003 0.000052 -0.001483 -0.000006 -0.000007 -0.000009 -0.000001 -0.000000 -0.000000 0.000000 0.000003 0.000011 0.000039 -0.000059 -0.000010 -0.000002 0.000000 0.000003 -0.069376 -0.000026 -0.000001 0.000000
-0.000003 -0.000000 0.000000 -0.004697 -0.000094 -0.000126 -0.000033 -0.000000 0.000002 0.000060 0.000565 0.000022 0.000012 -0.000940 -0.002413 -0.000027 -0.000019 -0.000016 -0.000010 -0.000007 -0.000005 -0.000004 -0.000007 -0.000000 -0.000000 -0.000013 -0.000006 -0.000003 0.000000 0.000001 0.000006 0.000012 0.000029 0.000864 -0.009709 -0.000008 -0.000002 -0.000000 0.000003 0.000038 -0.002038 -0.000040 -0.000046 -0.000006 -0.000000 0.000003 0.000023 -0.000001 0.000000 0.000005 -0.000086 -0.000153 -0.000015 -0.000000 0.000001 -0.000008 -0.000126 -0.000010 -0.000003 0.000000
-0.000000 -0.000241 -0.001527 -0.002043 -0.000021 -0.000010 -0.000003 0.000000 0.000004 0.000005 0.000284 0.000180 0.000108 -0.007429 -0.002465 -0.000057 -0.000031 -0.000011 -0.000004 -0.000001 0.000000 0.000000 0.000001 0.000002 0.000004 -0.000018 -0.000016 -0.000014 -0.000005 0.000000 0.000002 0.000004 0.000026 0.000053 0.023575 -0.000096 -0.000068 -0.000255 -0.002797 -0.002348 -0.000056 -0.000095 -0.000011 -0.000002 -0.000000 0.000002 0.000018 -0.000001 0.000000 -0.000088 -0.000465 -0.000009 -0.000003 -0.000000 -0.000031 -0.000212 -0.000004 -0.000005 -0.000006 -0.000001
-0.002525 -0.002132 -0.000024 -0.000024 -0.000014 -0.000005 0.000000 0.000001 0.000006 0.000013 0.000163 0.004049 -0.083363 -0.000217 -0.000025 -0.000019 -0.000012 -0.000006 -0.000001 -0.000000 0.000001 0.000005 0.000009 0.000012 0.000007 -0.000123 -0.000036 -0.000025 -0.000003 0.000000 0.000013 0.000055 0.000081 0.000059 0.016224 0.001931 -0.001006 -0.001971 -0.000022 -0.000014 -0.000016 -0.000019 -0.000006 0.000000 0.000005 0.000013 0.000078 -0.000067 -0.000135 -0.001162 -0.000005 -0.000000 -0.000000 0.000019 -0.015079 -0.000008 -0.000007 -0.000008 -0.000006 -0.000002
-0.000370 -0.000022 -0.000022 -0.000017 -0.000006 -0.000001 0.000000 0.000005 0.000016 0.000015 0.000062 0.002198 -0.002013 -0.000015 -0.000014 -0.000010 -0.000006 -0.000001 -0.000000 0.000001 0.000003 0.000009 0.000016 0.000024 -0.000007 -0.000160 -0.000040 -0.000013 -0.000004 0.000000 0.000001 0.000008 0.000019 0.000057 0.000050 0.020907 -0.001159 -0.000023 -0.000016 -0.000010 -0.000010 -0.000009 -0.000001 0.000000 0.000004 0.000010 0.000041 -0.000911 -0.000571 -0.000004 -0.000000 -0.000000 -0.000001 -0.024916 -0.000003 0.000000 0.000002 0.000004 -0.000005 -0.000004
-0.000024 -0.000017 -0.000012 -0.000006 -0.000002 0.000000 0.000004 0.000047 0.000180 0.000128 0.117578 -0.044322 -0.000004 -0.000004 -0.000004 -0.000003 -0.000002 -0.000000 0.000001 0.000006 0.000011 0.000011 0.000017 0.000011 -0.000243 -0.000135 -0.000046 -0.000023 -0.000007 0.000000 0.000002 0.000004 0.000013 0.000025 0.000026 0.022199 -0.000313 -0.000015 -0.000009 -0.000003 -0.000003 -0.000002 -0.000000 0.000002 0.000009 0.000827 -0.000819 -0.000002 -0.000001 0.000000 0.000000 -0.000048 -0.001245 -0.000005 0.000000 0.000001 0.000006 0.000012 -0.000003 -0.000006
-0.000019 -0.000011 -0.000007 -0.000001 0.000000 0.000001 0.000003 0.000010 0.000007 0.003717 -0.172342 -0.000460 -0.000252 -0.000103 -0.000046 -0.000007 -0.000000 -0.000000 0.000002 0.000016 0.000043 0.000039 0.000025 0.000019 -0.000543 -0.000196 -0.000083 -0.000031 -0.000002 0.000000 0.000000 0.000007 0.000007 0.000017 0.000011 0.023768 -0.000214 -0.000005 -0.000003 -0.000002 -0.000006 -0.000003 -0.000000 0.000002 0.000016 0.000443 -0.000266 -0.000002 -0.000000 0.000000 -0.000011 -0.007581 -0.000009 -0.000002 0.000000 0.000007 0.000022 0.000021 0.000000 -0.000002
-0.000011 -0.000003 -0.000003 -0.000003 -0.000001 0.000000 0.000002 0.000003 0.000012 0.396194 -0.036338 -0.000022 -0.000032 -0.000018 -0.000013 -0.000005 -0.000000 0.000001 0.000006 0.000000 0.000014 0.000099 0.000105 -0.001178 -0.000210 -0.000065 -0.000031 -0.000012 -0.000002 0.000000 0.000001 0.000007 0.000016 0.000011 0.000020 0.246345 -0.000057 -0.000014 -0.000002 -0.000012 -0.000019 -0.000016 -0.000000 0.000003 0.000011 0.000712 -0.000076 -0.000000 -0.000123 -0.001228 -0.001890 -0.000009 -0.000003 0.000000 0.000001 0.000005 0.000013 0.000037 0.000182 -0.000087
-0.000006 -0.000005 -0.000000 -0.000003 -0.000003 -0.000002 0.000000 0.000007 0.000016 0.211167 -0.000010 -0.000014 -0.000017 -0.000007 -0.000002 -0.000000 0.000003 0.000004 0.000004 0.000000 0.000004 0.000008 0.000041 -0.000483 -0.000148 -0.000061 -0.000030 -0.000009 -0.000000 0.000001 0.000002 0.000004 0.000020 0.000028 0.000050 0.371948 -0.000571 -0.000389 -0.000339 -0.000298 -0.000061 -0.000003 0.000000 0.000003 0.000019 0.033065 -0.001148 -0.002438 -0.002088 -0.000014 -0.000008 -0.000003 0.000000 0.000000 0.000004 0.000010 0.000019 0.000020 0.001128 -0.001364
-0.000015 -0.000004 -0.000000 -0.000017 -0.000009 -0.000004 0.000000 0.000014 0.015229 -0.016329 -0.000016 -0.000009 -0.000008 -0.000001 -0.000000 0.000003 0.000009 0.000061 -0.000018 -0.000002 0.000000 0.000008 0.000033 0.000020 -0.000114 -0.000067 -0.000038 -0.000003 -0.000000 -0.000000 0.000000 0.000004 0.000028 0.000042 0.000033 0.094388 -0.000033 -0.000025 -0.000022 -0.000015 -0.000004 0.000000 0.000000 0.000009 0.000255 -0.110222 -0.002140 -0.000019 -0.000015 -0.000008 -0.000003 0.000000 0.000001 0.000004 0.000012 0.000015 0.000018 0.000025 -0.000600 -0.000006
-0.000015 -0.000000 -0.000000 -0.000033 -0.000019 -0.000000 0.000000 0.000007 -0.128732 -0.000011 -0.000005 -0.000001 -0.000001 -0.000000 0.000003 0.000008 0.000013 0.000023 -0.000013 -0.000002 0.000000 0.000005 0.000027 -0.000148 -0.000256 -0.000051 -0.000011 -0.000000 -0.000013 -0.000010 0.000000 0.000003 0.000030 0.000051 0.020885 -0.027936 -0.000023 -0.000016 -0.000011 -0.000005 -0.000001 0.000000 0.000004 0.000012 0.002119 -0.006758 -0.000017 -0.000016 -0.000011 -0.000003 0.000000 0.000001 0.000005 0.000010 0.000015 0.000019 0.000024 0.000017 -0.002944 -0.000011
-0.000001 -0.000000 -0.000194 -0.000069 -0.000005 -0.000000 0.000003 0.004900 -0.463488 -0.000013 -0.000001 -0.000000 0.000002 0.000005 0.000008 0.000010 0.000010 -0.000037 -0.000018 -0.000003 0.000000 0.000004 0.000920 -0.022436 -0.000043 -0.000035 -0.000000 0.000000 -0.000071 -0.000006 0.000000 0.000005 0.000033 0.000053 -0.105614 -0.000017 -0.000014 -0.000010 -0.000006 -0.000001 -0.000000 0.000001 0.000010 0.004615 -0.008164 -0.000022 -0.000009 -0.000006 -0.000002 -0.000000 0.000000 0.000002 0.000011 0.000024 0.000037 0.000046 0.000037 0.001600 -0.005360 -0.000091
-0.000000 -0.000036 -0.000060 -0.000015 -0.000000 0.000001 0.000010 0.001828 -0.000031 -0.000002 -0.000000 0.000003 0.000008 0.000009 0.000011 0.000009 0.000006 -0.000128 -0.000010 -0.000000 0.000000 -0.000091 -0.003269 -0.000014 -0.000009 -0.000000 0.000000 -0.000080 -0.000068 -0.000006 0.000000 0.000003 0.000031 0.000051 -0.039625 -0.000005 -0.000004 -0.000003 -0.000003 -0.000001 -0.000000 0.000005 0.000013 -0.003013 -0.000027 -0.000020 -0.000013 -0.000001 -0.000000 0.000001 0.000002 0.000007 0.000008 0.000010 0.000019 0.000047 0.005371 -0.055193 -0.003478 -0.005591
-0.000000 -0.000074 -0.000042 -0.000000 0.000001 0.000008 0.004302 -0.027868 -0.000007 -0.000000 0.000002 0.000007 0.000011 0.000012 0.000017 0.000006 0.000059 -0.000072 -0.000003 -0.000000 -0.000863 -0.004115 -0.000010 -0.000003 -0.000001 -0.000000 -0.000008 -0.000027 -0.000057 -0.000014 -0.000002 0.000000 0.000036 0.008658 -0.035844 -0.000017 -0.000013 -0.000009 -0.000004 -0.000000 0.000000 0.000015 0.000022 -0.025805 -0.000015 -0.000011 -0.000004 -0.000000 0.000001 0.000005 0.000007 0.000011 0.000010 0.000012 0.000026 0.009414 -0.047217 -0.004230 -0.000034 -0.000018
