use_cases/Flooding/flood_case/output/hUx_4500.asc
ncols 269
nrows 269
xllcorner 0.000000
yllcorner 0.000000
cellsize 10.000000
NODATA_value -9999.000000
[rows 189 to 215 of 269, columns 120 to 179 of 269]
-0.000006 0.000000 0.000002 -0.000011 -0.000013 -0.000009 -0.000003 -0.000001 0.000000 0.000003 0.000025 0.000084 0.000000 0.000008 0.000437 -0.000506 -0.000008 0.000000 0.000001 0.000012 0.000019 0.000004 0.000003 0.000758 -0.025633 -0.011135 -0.005612 -0.003733 -0.010154 -0.000011 -0.000011 -0.000011 -0.000003 -0.000000 0.000001 0.000003 -0.000072 -0.000035 -0.000008 -0.000100 -0.000422 -0.000017 -0.000019 -0.000013 -0.000021 -0.000028 -0.000030 -0.000015 -0.000004 0.000000 0.000001 0.000005 0.000015 0.000888 -0.000023 -0.000022 -0.000029 -0.000023 -0.000022 -0.000006
-0.000004 0.000000 0.000002 -0.000005 -0.000002 0.000000 -0.000000 -0.000000 0.000001 0.000009 0.000025 0.000080 0.000029 0.000021 0.000153 -0.000645 -0.000006 0.000000 0.000002 0.000011 0.000022 0.000006 0.000010 0.007772 -0.012573 -0.000068 -0.000000 0.000000 -0.006734 -0.000010 -0.000009 -0.000008 -0.000005 -0.000000 0.000000 0.000003 0.000015 -0.000034 -0.000002 0.000000 -0.000107 -0.000261 -0.000231 -0.000131 -0.000008 -0.000014 -0.000023 -0.000018 -0.000006 0.000000 0.000002 0.000013 0.001030 0.000020 -0.000031 -0.000051 -0.000056 -0.000030 -0.000019 -0.000008
-0.000002 0.000000 -0.000003 -0.000001 0.000000 0.000004 0.000013 0.000000 0.000004 0.000014 0.000021 0.000008 0.000004 0.000003 0.000068 -0.000107 -0.000003 0.000000 0.000001 0.000004 0.000016 0.000030 0.000017 -0.023332 -0.008561 -0.000004 -0.000000 0.000000 -0.001936 -0.000004 -0.000010 -0.000029 -0.000011 -0.000002 0.000000 0.000004 0.000011 -0.000252 -0.000003 0.000000 -0.000005 -0.000017 -0.000051 -0.000103 -0.000190 -0.000118 -0.000037 -0.000017 -0.000006 0.000000 0.000002 0.000022 0.000861 -0.000013 -0.000011 -0.000002 -0.000017 -0.000016 -0.000009 -0.000001
-0.000000 0.000001 0.000002 0.000002 0.000000 0.000003 0.000014 0.000021 0.000016 0.000005 0.000005 0.000006 0.000003 0.000002 0.000016 -0.000044 -0.000001 -0.000000 -0.000000 0.000000 0.000010 0.000011 0.001183 -0.019683 -0.000011 -0.000002 0.000000 0.000002 -0.000965 -0.000147 -0.000017 -0.000018 -0.000015 -0.000005 -0.000000 0.000002 0.000011 0.000023 -0.000010 -0.000009 -0.000008 -0.000015 -0.000019 -0.000028 -0.000035 -0.000035 -0.000020 -0.000011 -0.000004 0.000000 0.000004 0.000013 0.000596 -0.000031 -0.000014 -0.000001 -0.000008 -0.000008 -0.000004 0.000000
-0.000000 0.000003 0.000007 0.000010 0.000000 0.000003 0.000010 0.000015 0.000018 0.000007 0.000005 -0.000001 -0.000001 0.000000 0.000018 0.000034 -0.000000 -0.000002 -0.000001 0.000000 0.000005 -0.013547 -0.015409 -0.000010 -0.000005 -0.000001 0.000000 0.000674 -0.000827 -0.000154 -0.000339 -0.000009 -0.000014 -0.000005 -0.000000 0.000001 0.000009 0.000021 -0.020236 -0.000017 -0.000012 -0.000005 -0.000008 -0.000012 -0.000029 -0.000035 -0.000035 -0.000016 -0.000004 0.000000 0.000015 0.000025 -0.000068 -0.000034 -0.000020 -0.000016 -0.000015 -0.000005 -0.000000 0.000000
-0.000000 0.000001 0.000003 0.000004 0.000000 -0.000000 0.000000 0.000005 0.000014 0.000012 0.000014 -0.000013 -0.000003 0.000000 0.000010 0.000301 0.000395 -0.006022 -0.005529 -0.003134 -0.009765 -0.008746 -0.000014 -0.000007 -0.000002 0.000000 0.000002 0.006765 -0.000013 -0.000029 -0.000147 -0.000274 -0.000008 -0.000007 -0.000000 0.000001 0.000010 0.000018 0.000023 -0.022977 -0.000066 -0.000016 -0.000021 -0.000019 -0.000008 -0.000010 -0.000015 -0.000004 0.000000 0.000001 0.000010 0.000362 -0.000216 -0.000055 -0.000044 -0.000020 -0.000007 -0.000001 0.000000 0.000002
0.000000 0.000001 0.000002 0.000005 0.000001 -0.000007 -0.000001 0.000000 0.000007 0.003525 -0.010961 -0.015056 -0.007294 -0.003955 -0.005833 -0.016111 -0.011831 -0.004079 -0.001287 -0.000008 -0.000007 -0.000011 -0.000014 -0.000016 -0.000004 0.000000 0.000005 0.008658 -0.000053 -0.000042 -0.000005 -0.000257 -0.000015 -0.000006 -0.000006 -0.000000 0.000003 0.000011 0.000019 0.000010 0.000007 -0.004294 -0.000974 -0.000594 -0.000024 -0.000021 -0.000012 -0.000003 0.000000 0.000002 0.000049 0.000146 -0.000026 -0.000026 -0.000026 -0.000012 -0.000003 0.000000 0.000001 0.000006
-0.000000 0.000000 0.000001 0.000012 -0.004362 -0.006547 -0.000014 0.000000 0.000115 -0.014281 -0.000975 -0.000000 -0.000000 -0.002614 -0.001080 -0.000113 -0.000241 -0.000065 -0.000006 -0.000004 -0.000005 -0.000007 -0.000005 -0.000006 -0.000002 0.000000 0.000006 0.000591 -0.000010 -0.000007 -0.000000 -0.000242 -0.000444 -0.000013 -0.000005 -0.000001 -0.000000 0.000002 0.000005 0.000004 0.000004 0.000007 0.000016 -0.057266 -0.000133 -0.000040 -0.000027 -0.000002 0.000000 0.000002 0.000015 0.000033 -0.000028 -0.000033 -0.000024 -0.000009 -0.000002 0.000000 0.000005 0.000013
-0.009051 -0.013559 -0.004754 -0.002401 -0.004534 -0.018512 -0.009384 -0.000348 -0.003418 -0.005595 -0.000007 -0.000002 -0.000000 0.000001 0.000005 0.000000 -0.000064 -0.000197 -0.000003 -0.000002 -0.000003 -0.000005 -0.000009 -0.000005 0.000000 0.000005 0.000038 -0.000066 -0.000019 -0.000008 -0.000001 -0.000000 -0.058513 -0.000026 -0.000015 -0.000005 -0.000003 -0.000000 -0.000000 -0.000000 0.000001 0.000009 0.000027 0.000148 -0.000061 -0.000091 -0.000019 -0.000004 0.000000 0.000001 0.000012 0.000052 -0.000051 -0.000033 -0.000020 -0.000003 0.000000 0.000002 0.000010 0.000021
-0.000012 -0.000005 -0.000002 -0.000000 0.000000 0.000003 0.000809 -0.010960 -0.009446 -0.000041 -0.000021 -0.000006 -0.000000 0.000001 0.000004 0.000005 0.000052 -0.000027 -0.005389 -0.001969 -0.000847 -0.000011 -0.000005 -0.000003 0.000000 0.000007 0.000017 -0.000412 -0.000008 -0.000014 -0.000009 -0.000000 -0.000053 -0.000251 -0.000137 -0.000011 -0.000004 -0.000004 -0.000003 -0.000000 0.000001 0.000010 0.000021 -0.000036 -0.000022 -0.000020 -0.000014 -0.000004 0.000000 0.000002 0.000012 0.000063 -0.000027 -0.000051 -0.000012 -0.000002 0.000000 0.000007 0.000020 0.000146
-0.000003 -0.000003 -0.000003 -0.000001 0.000000 0.000001 0.000006 0.000309 -0.000020 -0.000016 -0.000013 -0.000003 -0.000000 0.000001 0.000002 0.000002 0.000037 -0.000000 0.000000 0.000000 -0.000799 -0.000744 -0.000011 -0.000006 0.000000 0.000003 0.000009 0.000801 -0.000011 -0.000005 -0.000004 -0.000002 0.000000 -0.000003 -0.000083 -0.000160 -0.000014 -0.000011 -0.000005 -0.000002 -0.000000 0.000007 0.000029 -0.000058 -0.000009 -0.000009 -0.000009 -0.000003 0.000000 0.000002 0.000009 0.000011 -0.000000 -0.000026 -0.000015 -0.000000 0.000000 0.000049 0.000150 0.000034
-0.000005 -0.000006 -0.000002 -0.000000 0.000000 0.000000 0.000004 0.000004 -0.000011 -0.000008 -0.000013 -0.000011 -0.000000 -0.000000 0.000004 0.000012 0.000010 -0.000000 -0.000000 0.000000 0.000002 0.000112 -0.001015 -0.000014 -0.000000 0.000002 0.000011 0.001685 -0.011281 -0.001208 -0.000015 -0.000015 -0.000014 -0.000009 -0.000022 -0.000067 -0.000143 -0.000140 -0.000094 -0.000006 -0.000000 0.000013 0.000022 0.000025 -0.000017 -0.000013 -0.000003 0.000000 0.000000 0.000000 -0.000007 -0.000005 -0.000012 -0.000015 -0.000005 -0.000000 0.000002 0.000006 0.000005 0.000002
-0.000002 -0.000003 -0.000006 -0.000002 0.000000 0.000001 0.000003 0.000003 0.000000 -0.000003 -0.000006 -0.000007 -0.000002 -0.000000 0.000002 0.000004 -0.000413 -0.000005 -0.000003 0.000000 0.000005 0.000014 -0.002267 -0.000009 -0.000001 0.000000 0.000008 0.000035 0.000005 -0.000239 -0.000635 -0.001770 -0.000029 -0.000029 -0.000026 -0.000009 -0.000012 -0.000008 -0.000024 -0.000029 -0.000000 0.000004 0.000009 0.000013 -0.005642 -0.000015 -0.000006 0.000000 0.000002 -0.000009 -0.000016 -0.000013 -0.000009 -0.000016 -0.000005 -0.000000 0.000000 0.000008 0.000013 0.000007
-0.000006 -0.000013 -0.000007 -0.000002 0.000000 0.000002 0.000003 0.000004 0.000003 0.000002 -0.000002 -0.000004 -0.000009 -0.000002 -0.000000 0.000001 -0.000116 -0.000238 -0.000007 -0.000000 0.000003 0.000016 0.000562 -0.000776 -0.000005 0.000000 0.000002 0.000009 -0.000000 0.000000 0.000003 0.000307 -0.134586 -0.000035 -0.000030 -0.000017 -0.000007 -0.000006 -0.000000 -0.000005 -0.000003 -0.000000 0.000001 0.000008 0.000015 -0.120010 -0.000140 -0.000126 -0.000355 -0.000285 -0.000246 -0.000149 -0.000069 -0.000018 -0.000008 -0.000001 0.000000 0.000005 0.000007 0.000014
-0.000004 -0.000004 -0.000002 0.000000 0.000002 0.000006 0.000009 0.000012 0.000002 0.000001 -0.000009 -0.000009 -0.000008 -0.000008 -0.000003 0.000000 0.000003 -0.000177 -0.000019 -0.000000 0.000004 0.000019 0.000022 0.000263 -0.004364 -0.000007 -0.000000 -0.000002 -0.000001 0.000000 0.000007 0.000016 0.000413 -0.009022 -0.001869 -0.000023 -0.000013 -0.000003 -0.000002 -0.000002 -0.000003 -0.000003 -0.000000 0.000002 0.000010 0.000993 -0.296795 -0.000632 -0.000022 -0.000014 -0.000014 -0.000035 -0.000031 -0.000016 -0.000009 -0.000003 0.000000 0.000008 0.000018 0.000105
-0.000009 -0.000006 -0.000000 0.000000 0.000003 0.000006 0.000004 0.000081 -0.000047 -0.000294 -0.000385 -0.000015 -0.000026 -0.000056 -0.000022 -0.000000 0.000002 -0.000099 -0.000016 -0.000000 0.000000 0.000006 0.000011 0.000020 0.000061 -0.000586 -0.000006 -0.000005 -0.000000 0.000000 0.000008 0.000025 0.000022 0.000005 -0.069618 -0.003220 -0.000017 -0.000014 -0.000013 -0.000011 -0.000009 -0.000003 -0.000001 0.000000 0.000006 0.000014 0.000379 -0.000462 -0.000010 -0.000013 -0.000013 -0.000017 -0.000024 -0.000032 -0.000014 -0.000001 0.000000 0.000019 0.000079 0.000056
-0.000010 -0.000002 -0.000000 0.000001 0.000003 0.000113 -0.001251 -0.001247 -0.000204 -0.000090 -0.000217 -0.000994 -0.001351 -0.000012 -0.000007 -0.000000 0.000001 -0.000086 -0.000021 -0.000005 -0.000000 0.000002 0.000010 0.000026 0.000033 -0.000252 -0.000423 -0.000005 -0.000000 0.000001 0.000011 0.000015 0.000006 0.000000 0.000020 0.083007 -0.002100 -0.000023 -0.000022 -0.000019 -0.000016 -0.000010 -0.000005 0.000000 0.000003 0.000009 0.000013 -0.001066 -0.000016 -0.000007 -0.000013 -0.000017 -0.000015 -0.000012 -0.000006 0.000000 0.000007 0.000018 0.000024 0.000020
-0.000001 -0.000000 0.000000 0.000003 -0.003026 -0.001874 -0.000551 -0.000174 -0.000588 -0.000166 -0.000001 -0.000000 -0.001528 -0.000005 -0.000004 -0.000001 -0.000000 -0.000031 -0.000048 -0.000005 -0.000000 0.000000 0.000004 0.000025 0.000045 0.000004 -0.000258 -0.000256 -0.000013 -0.000000 0.000001 0.000005 0.000008 0.000005 0.000020 0.036398 -0.000063 -0.002666 -0.012711 -0.003533 -0.000030 -0.000019 -0.000010 -0.000002 0.000000 0.000002 0.000011 0.000090 -0.000647 -0.000012 -0.000006 -0.000008 -0.000012 -0.000008 -0.000002 0.000000 0.000006 0.000006 0.000007 0.000007
0.000001 0.000011 -0.000038 -0.000813 -0.001194 -0.000005 -0.000001 -0.000000 0.000001 -0.009109 -0.000003 -0.000000 -0.000220 -0.001551 -0.000013 -0.000006 -0.000000 0.000000 -0.000055 -0.000037 -0.000009 0.000000 0.000002 0.000043 0.000026 -0.000000 0.000001 -0.000079 -0.000025 -0.000006 -0.000000 0.000000 0.000004 0.000017 0.000052 0.000203 -0.000001 -0.000000 0.000003 0.000361 -0.002772 -0.003425 -0.000017 -0.000006 0.000000 0.000003 0.000008 0.000006 -0.000182 -0.000546 -0.000013 -0.000014 -0.000006 -0.000004 -0.000001 0.000000 0.000005 0.000014 0.000020 0.000021
-0.004140 -0.001853 -0.002600 -0.000540 -0.000030 -0.000003 -0.000003 -0.000000 -0.000000 -0.000008 -0.000152 -0.000006 -0.000000 -0.000323 -0.001452 -0.000012 -0.000009 -0.000010 -0.000006 -0.000006 -0.000005 0.000000 0.000006 0.000011 -0.000003 -0.000000 0.000000 -0.000050 -0.000025 -0.000012 -0.000003 0.000000 0.000003 0.000014 0.000075 0.000211 -0.000009 -0.000000 0.000002 0.000011 0.000013 -0.005913 -0.003066 -0.000012 -0.000011 -0.000009 -0.000002 -0.000000 0.000000 -0.000013 -0.000365 -0.000020 -0.000025 -0.000012 -0.000003 0.000000 0.000003 0.000034 0.000088 0.000191
-0.000004 -0.000003 -0.000006 -0.000032 -0.000105 -0.000005 -0.000002 -0.000002 -0.000000 0.000002 -0.000177 -0.000004 -0.000000 0.000001 0.000040 -0.001015 -0.001206 -0.000784 -0.000015 -0.000011 -0.000003 0.000000 0.000001 -0.000020 -0.000008 -0.000001 -0.000000 -0.000011 -0.000015 -0.000012 -0.000004 0.000000 0.000005 0.000013 0.000140 0.000016 -0.000015 -0.000003 -0.000000 -0.000000 0.000000 0.000006 0.002922 -0.067702 -0.000030 -0.000031 -0.000009 -0.000004 -0.000002 -0.000000 0.000009 -0.016313 -0.000022 -0.000025 -0.000004 0.000000 0.000003 0.000006 0.000017 0.000106
-0.000002 -0.000000 0.000000 0.000001 -0.000032 -0.000104 -0.000155 -0.000005 -0.000000 0.000001 -0.000089 -0.000039 -0.000011 -0.000000 0.000001 -0.000011 -0.000075 -0.000217 -0.001339 -0.000016 -0.000010 -0.000008 -0.000009 -0.000013 -0.000010 -0.000010 -0.000006 -0.000009 -0.000009 -0.000006 -0.000002 0.000000 0.000004 0.000006 0.000210 -0.000086 -0.000033 -0.000010 -0.000000 0.000000 0.000000 0.000008 0.000008 0.001097 -0.000676 -0.000030 -0.000033 -0.000038 -0.000007 -0.000000 0.000001 -0.000133 -0.000228 -0.000010 -0.000005 0.000000 0.000003 0.000020 0.000015 0.000205
-0.000001 -0.000001 0.000000 0.000001 0.000005 -0.000000 -0.000007 -0.000101 -0.000028 0.000000 -0.000030 -0.000013 -0.000009 -0.000002 -0.000000 -0.000001 -0.000001 -0.000000 0.000008 -0.036799 -0.000073 -0.000107 -0.000071 -0.000032 -0.000022 -0.000013 -0.000014 -0.000014 -0.000006 -0.000003 0.000000 0.000007 0.000055 0.000228 0.000195 -0.000012 -0.000016 -0.000006 -0.000000 0.000000 0.000003 0.000005 0.001626 0.001336 -0.000445 -0.000352 -0.000030 -0.000008 -0.000006 -0.000000 0.000000 0.000001 -0.000065 -0.000089 -0.000030 0.000000 0.000013 0.000023 0.000119 0.149558
-0.000006 -0.000004 -0.000003 -0.000002 -0.000004 -0.000001 0.000000 -0.000020 -0.000016 -0.000000 -0.000005 -0.000005 -0.000006 -0.000007 -0.000002 0.000000 -0.000000 -0.000000 0.000000 -0.000650 -0.000215 -0.000011 -0.000015 -0.000013 -0.000011 -0.000009 -0.000007 -0.000011 -0.000005 -0.000004 0.000000 0.000004 0.000019 0.000085 -0.000035 -0.000019 -0.000011 -0.000003 0.000000 0.000004 0.000011 0.001330 0.000374 0.000000 -0.000263 -0.000261 -0.000456 -0.000015 -0.000007 -0.000009 -0.000001 -0.000000 -0.000003 -0.000009 -0.000005 0.000000 0.000004 0.000065 0.000057 -0.000016
-0.000282 -0.000009 -0.000009 -0.000010 -0.000005 -0.000005 0.000000 0.000003 0.000018 -0.000000 0.000001 -0.021590 -0.000741 -0.000016 -0.000009 -0.000001 -0.000017 -0.000010 -0.000000 -0.000009 -0.005740 -0.000014 -0.000005 -0.000004 -0.000004 -0.000005 -0.000011 -0.000008 -0.000015 -0.000006 -0.000000 0.000002 0.000015 0.000054 -0.000011 -0.000008 -0.000002 0.000000 0.000002 0.000004 0.000014 0.001072 -0.000000 0.000000 -0.000025 -0.000019 -0.000106 -0.000397 -0.000014 -0.000013 -0.000028 -0.000012 -0.000013 -0.000009 -0.000002 0.000000 0.000006 0.000016 0.000020 -0.000017
-0.000125 -0.000375 -0.000558 -0.000361 -0.000009 -0.000003 0.000000 0.000002 0.000006 -0.000000 0.000001 0.000008 -0.004081 -0.001199 -0.000578 -0.000057 -0.000084 -0.000009 -0.000000 0.000005 -0.000061 -0.000709 -0.000021 -0.000016 -0.000014 -0.000057 -0.000136 -0.000121 -0.000084 -0.000014 -0.000000 0.000001 0.000004 -0.000045 -0.000009 -0.000002 0.000000 0.000002 0.000009 0.000015 0.469086 -0.000202 0.000000 0.000003 -0.000052 -0.000008 -0.000000 -0.000152 -0.000342 -0.000024 -0.000018 -0.000011 -0.000007 -0.000004 -0.000001 0.000000 0.000007 0.000012 0.000013 -0.000003
-0.000016 -0.000001 -0.000000 -0.000253 -0.000388 -0.000013 -0.000010 -0.000004 -0.000007 -0.000003 -0.000000 -0.000000 0.000002 0.000004 -0.010790 -0.000522 -0.000029 -0.000008 -0.000000 -0.000000 -0.000000 -0.000125 -0.000451 -0.000061 -0.000101 -0.000180 -0.000024 -0.000014 -0.000012 -0.000008 -0.000001 0.000000 0.000003 -0.000024 -0.000009 -0.000002 0.000000 0.000004 0.000014 0.000020 0.000859 -0.000005 0.000000 0.000005 -0.000108 -0.000012 -0.000000 0.000001 -0.000101 -0.000268 -0.000006 -0.000005 -0.000005 -0.000001 0.000000 0.000002 0.000006 0.000004 0.000001 -9999.000000
