use_cases/Flooding/flood_case/output/hUx_7200.asc
ncols 269
nrows 269
xllcorner 0.000000
yllcorner 0.000000
cellsize 10.000000
NODATA_value -9999.000000
[rows 54 to 80 of 269, columns 120 to 179 of 269]
-0.000946 -0.000029 -0.000028 -0.000014 -0.000011 -0.000007 -0.000021 -0.000150 -0.000018 -0.000013 -0.000010 -0.000006 -0.000004 -0.000001 0.000000 -0.000008 -0.000003 -0.000002 -0.000000 0.000001 0.000004 0.000011 0.000031 0.000117 -0.000010 -0.000008 -0.000001 0.000000 0.000002 0.000004 0.000003 0.000009 0.000176 0.000005 -0.000003 -0.000000 -0.000021 -0.000025 -0.000037 -0.210742 -0.000022 -0.000017 -0.000011 -0.000009 -0.000002 0.000000 0.000003 0.000013 -0.000005 0.000000 0.000005 0.000042 -0.000091 -0.000009 0.000000 -0.000004 -0.000009 -0.000004 0.000000 -0.000008
-0.003052 -0.000013 -0.000022 -0.000031 -0.000041 -0.000318 -0.000191 -0.000017 -0.000012 -0.000007 -0.000003 0.000000 0.000000 0.000000 0.000000 -0.000003 -0.000002 -0.000001 -0.000000 -0.000000 0.000002 0.000008 0.000016 0.000034 -0.000005 -0.000003 0.000000 0.000001 0.000006 0.000010 0.000302 0.000403 0.000070 -0.000088 -0.000041 -0.000006 -0.000001 0.000000 0.000000 -0.004425 -0.000742 -0.000170 -0.000129 -0.000006 -0.000001 0.000000 0.000002 0.000004 -0.000002 0.000000 0.000002 0.000004 -0.000272 -0.000028 -0.000020 -0.000013 -0.000006 -0.000002 0.000000 -0.000015
0.000125 -0.000394 -0.000487 -0.000430 -0.000210 -0.000021 -0.000014 -0.000011 -0.000006 -0.000002 -0.000001 0.000000 0.000003 0.000003 0.000001 -0.000013 -0.000006 -0.000005 -0.000002 -0.000000 -0.000000 0.000005 0.000009 0.000000 -0.000002 0.000000 0.000001 0.000005 0.000011 0.000138 0.000085 -0.000001 0.000000 -0.000003 -0.000034 -0.000007 -0.000001 0.000000 0.000001 0.000002 -0.000266 -0.000036 -0.000052 -0.000010 -0.000006 -0.000003 -0.000000 0.000000 0.000000 0.000000 0.000009 0.000015 -0.000117 -0.000014 -0.000006 -0.000005 -0.000003 -0.000001 0.000000 -0.000016
0.000005 -0.000005 -0.000016 -0.000018 -0.000020 -0.000015 -0.000008 -0.000006 -0.000001 -0.000000 0.000002 0.000002 0.000002 0.000001 -0.000007 -0.000017 -0.000013 -0.000014 -0.000015 -0.000014 -0.000000 0.000001 0.000001 0.000002 0.000000 0.000001 0.000005 0.000011 0.000015 0.000078 0.000017 -0.000000 0.000000 0.000000 -0.000016 -0.000014 -0.000006 -0.000000 0.000002 0.000011 0.000065 -0.000022 -0.000065 -0.000070 -0.000034 -0.000057 -0.000009 -0.000001 -0.000000 0.000002 0.000010 0.000010 -0.000046 -0.000012 -0.000006 -0.000002 -0.000000 0.000000 0.000001 -0.000012
0.000009 0.000004 -0.000010 -0.000011 -0.000009 -0.000006 -0.000002 -0.000001 -0.000000 0.000003 0.000006 0.000117 -0.000142 -0.000262 -0.000211 -0.000205 -0.000222 -0.000084 -0.000043 -0.000007 -0.000008 -0.000005 -0.000000 0.000000 0.000004 0.000009 0.000052 0.000088 0.000098 0.000043 -0.000001 -0.000000 0.000000 0.000001 0.000002 -0.000006 -0.000004 -0.000000 0.000000 0.000009 0.000482 -0.000218 -0.000030 -0.000035 -0.000070 -0.000009 -0.000007 -0.000003 -0.000000 0.000002 0.000006 0.000006 -0.000023 -0.000008 -0.000005 -0.000001 0.000000 0.000001 0.000002 0.000003
0.000004 0.000004 -0.000006 -0.000006 -0.000003 -0.000001 -0.000000 0.000002 0.000006 0.000008 -0.000256 -0.000498 -0.000018 -0.000016 -0.000006 -0.000008 -0.000011 -0.000010 -0.000008 -0.000005 -0.000004 -0.000002 0.000000 0.000000 0.000005 0.000028 0.000025 0.000014 0.000007 0.000005 -0.000003 -0.000001 0.000000 0.000001 0.000001 -0.000003 -0.000002 -0.000000 0.000001 0.000008 0.000149 -0.000134 -0.000027 -0.000003 -0.000004 -0.000003 -0.000003 -0.000003 -0.000002 -0.000000 0.000001 0.000003 -0.000012 -0.000006 -0.000003 0.000000 0.000001 0.000001 0.000004 0.000004
0.000001 -0.000003 -0.000002 -0.000003 -0.000003 -0.000000 0.000001 0.000007 0.000410 -0.077757 -0.000690 -0.000014 -0.000009 -0.000005 -0.000002 -0.000003 -0.000003 -0.000007 -0.000004 -0.000005 -0.000002 0.000000 0.000001 0.000001 0.000002 0.000003 0.000003 0.000003 0.000002 0.000002 0.000001 -0.000000 0.000000 0.000000 -0.000002 -0.000003 -0.000004 -0.000001 -0.000000 0.000003 0.000010 -0.000026 -0.000099 -0.000020 -0.000034 -0.000055 -0.000108 -0.000043 -0.000012 -0.000001 0.000000 0.000002 0.000001 -0.000001 -0.000001 0.000000 0.000003 0.000007 0.000008 0.000005
0.000000 0.000001 -0.000000 -0.000003 -0.000001 -0.000000 0.000004 0.000011 0.000054 -0.000016 -0.000014 -0.000009 -0.000003 -0.000001 -0.000000 -0.000011 -0.000011 -0.000004 -0.000006 -0.000002 -0.000001 0.000000 0.000003 0.000006 0.000007 0.000006 0.000006 0.000008 0.000006 0.000006 0.000006 0.000004 -0.000001 -0.000002 -0.000006 -0.000006 -0.000003 -0.000003 -0.000000 0.000003 0.000009 0.000060 -0.000048 -0.000131 -0.000121 -0.000069 -0.000019 -0.000015 -0.000006 -0.000002 0.000000 0.000001 0.000002 0.000005 0.000003 0.000002 0.000010 0.000015 0.000007 0.000011
0.000000 0.000005 0.000007 0.000005 -0.000002 -0.000000 0.000005 0.000268 -0.000749 -0.000005 -0.000004 -0.000004 -0.000004 -0.000000 0.000001 -0.000019 -0.000012 -0.000020 -0.000026 -0.000005 -0.000002 0.000000 0.000005 0.000010 0.000008 0.000003 0.000004 -0.000000 0.000000 0.000004 0.000010 0.000008 -0.000003 -0.000007 -0.000015 -0.000028 -0.000038 -0.000009 -0.000000 0.000000 0.000003 0.000008 -0.000006 -0.000006 -0.000008 -0.000014 -0.000013 -0.000007 -0.000002 0.000000 0.000000 0.000003 0.000007 0.000017 -0.000000 0.000000 0.000004 0.000022 0.000008 -0.000084
-0.000001 0.000000 0.000010 0.000073 -0.000000 0.000001 0.000013 -0.000230 -0.000007 -0.000013 -0.000013 -0.000007 -0.000002 -0.000000 0.000001 -0.000047 -0.000023 -0.000023 -0.000005 -0.000005 -0.000000 0.000001 0.000009 0.000065 0.000105 0.000024 -0.000003 -0.000001 0.000000 0.000002 0.000005 0.000099 -0.000115 -0.000110 -0.000100 -0.000065 -0.000013 -0.000007 -0.000001 -0.000000 0.000000 0.000001 0.000004 -0.000004 -0.000006 -0.000006 -0.000006 -0.000003 -0.000000 0.000000 0.000002 0.000006 0.000018 0.000022 0.000000 0.000000 0.000004 0.000009 0.000056 -0.000077
-0.000000 0.000000 0.000003 0.000032 -0.000000 0.000001 0.000008 0.000086 -0.000023 -0.000029 -0.000027 -0.000020 -0.000000 0.000001 -0.000018 -0.000093 -0.000037 -0.000015 -0.000015 -0.000005 -0.000000 0.000001 0.000031 0.000031 0.000027 0.000127 0.000201 0.000038 0.000000 0.000001 0.000004 -0.055993 -0.000008 -0.000004 -0.000007 -0.000011 -0.000008 -0.000005 -0.000002 -0.000001 -0.000001 -0.000000 -0.000000 -0.000003 -0.000002 -0.000002 -0.000002 -0.000001 -0.000000 0.000000 0.000003 0.000008 0.000011 0.000065 0.000060 0.000006 0.000003 0.000013 0.000055 -0.000077
-0.000001 0.000000 0.000003 0.000107 0.000000 0.000001 0.000013 0.001284 -0.000161 -0.000109 -0.000043 -0.000002 -0.000000 0.000001 -0.000212 -0.000040 -0.000020 -0.000018 -0.000011 -0.000008 -0.000001 0.000000 0.000004 0.000009 0.000013 0.000019 0.000015 0.000341 0.000293 0.000097 -0.000231 -0.000188 -0.000007 -0.000016 -0.000018 -0.000022 -0.000010 -0.000003 -0.000002 -0.000000 -0.000004 -0.000002 -0.000001 0.000000 0.000001 0.000003 -0.000000 -0.000001 -0.000000 0.000000 0.000003 0.000010 0.000012 0.000005 0.000031 0.000081 0.000000 0.000005 0.000046 -0.000025
0.000023 0.000000 -0.000000 0.000002 0.000005 0.000017 0.000885 -0.053130 -0.000017 -0.000009 -0.000006 -0.000000 0.000001 -0.000070 -0.000084 -0.000025 -0.000025 -0.000029 -0.000027 -0.000013 -0.000001 0.000000 0.000001 0.000003 0.000007 0.000011 0.000006 0.000004 0.000004 0.000192 -0.000248 -0.000134 -0.000082 -0.000069 -0.000040 -0.000007 -0.000002 -0.000000 0.000000 0.000002 -0.000003 -0.000004 -0.000001 0.000000 0.000003 0.000011 -0.000001 -0.000006 -0.000002 0.000000 0.000005 0.000010 0.000006 0.000002 0.000018 0.000159 0.000060 0.000035 -0.000048 -0.000023
0.000098 0.000045 0.000058 0.000000 0.000019 0.000032 0.020477 -0.000013 -0.000010 -0.000008 -0.000002 -0.000000 0.000004 -0.000055 -0.000066 -0.000031 -0.000037 -0.000039 -0.000013 -0.000005 -0.000002 0.000000 0.000002 0.000007 0.000005 0.000003 0.000008 0.000014 0.000014 0.000006 -0.000145 -0.000097 -0.000024 -0.000005 -0.000005 -0.000003 -0.000001 -0.000000 0.000005 0.000005 -0.000038 -0.000005 -0.000000 0.000000 0.000004 0.000020 -0.000006 -0.000010 -0.000002 0.000000 0.000002 0.000010 0.000013 0.000000 0.000008 0.000014 0.000152 0.000056 -0.000080 -0.000032
0.000037 0.000044 0.000124 0.000000 0.000022 0.000026 -0.001649 -0.000005 -0.000002 0.000000 0.000008 0.000009 0.000010 -0.000344 -0.000211 -0.000107 -0.000055 -0.000017 -0.000014 -0.000008 -0.000002 0.000000 0.000005 0.000015 0.000000 0.000004 0.000025 0.000086 0.000100 0.000093 -0.001282 -0.000036 -0.000020 -0.000011 -0.000012 -0.000005 -0.000000 0.000001 0.000003 0.000007 -0.000039 -0.000006 -0.000000 0.000001 0.000008 0.000050 -0.000013 -0.000011 -0.000002 0.000000 0.000003 0.000010 0.000030 0.000000 0.000001 0.000004 0.000010 0.000049 -0.000663 -0.000011
0.000012 0.000007 0.000043 0.000000 0.000016 0.807895 -0.000039 -0.000041 -0.000005 0.000000 0.000005 0.000007 0.000105 -0.000292 -0.000006 -0.000011 -0.000025 -0.000047 -0.000099 -0.000022 -0.000000 0.000000 0.000004 0.000039 -0.000001 0.000000 0.000002 0.000003 0.000004 0.000004 0.000305 -0.000028 -0.000020 -0.000019 -0.000017 -0.000005 -0.000000 0.000004 0.000005 -0.000082 -0.000034 -0.000010 -0.000000 0.000002 0.000011 0.000098 -0.000024 -0.000015 -0.000001 0.000000 0.000004 0.000017 0.000101 0.000000 0.000001 0.000006 0.000005 0.000039 0.000077 -0.000001
0.000000 0.000004 0.000062 0.000029 -0.000162 -0.001347 -0.000008 -0.000001 0.000000 0.000002 0.000006 0.000013 0.022052 -0.000510 -0.000033 -0.000069 -0.000164 -0.000066 -0.000007 -0.000002 -0.000000 0.000003 0.000011 0.000020 -0.000003 0.000000 0.000003 0.000007 0.000011 0.000011 0.001647 -0.000025 -0.000033 -0.000040 -0.000046 -0.000006 -0.000000 0.000003 0.000028 -0.000224 -0.000052 -0.000004 0.000000 0.000004 0.000035 0.000290 -0.000009 -0.000004 -0.000000 0.000000 0.000001 0.000008 0.000060 0.000000 0.000003 0.000008 0.000007 0.000011 0.000550 -0.000010
0.000000 -0.000000 0.000000 0.000041 -0.086759 -0.000014 -0.000005 0.000000 0.000003 0.000010 0.000062 -0.066975 -0.145077 -0.000125 -0.000188 -0.000159 -0.000008 -0.000005 -0.000002 0.000000 0.000002 0.000009 0.000015 0.000001 -0.000006 0.000000 0.000002 0.000013 0.000019 0.000017 -0.003022 -0.000150 -0.000126 -0.000067 -0.000007 -0.000000 0.000000 0.000004 -0.000098 -0.000003 -0.000005 -0.000007 0.000000 0.000000 0.000003 0.000127 -0.000008 -0.000002 -0.000000 0.000001 0.000002 0.000010 0.000113 0.000000 0.000006 0.000014 0.000002 0.000012 0.000621 -0.000349
0.000040 -0.000049 0.000000 -0.000268 -0.002350 -0.000008 0.000000 0.000002 0.000009 0.001176 -0.242937 -0.001377 -0.000016 -0.000016 -0.000008 -0.000006 -0.000002 -0.000001 0.000000 0.000002 0.000007 0.000013 0.000110 -0.001874 -0.000018 0.000000 0.000003 0.000008 0.000015 0.000497 -0.000498 -0.000013 -0.000016 -0.000010 -0.000004 -0.000000 0.000002 0.000033 -0.000071 -0.000007 -0.000010 -0.000008 -0.000002 0.000000 0.000015 0.000280 0.000014 -0.000002 -0.000001 0.000000 0.000002 0.000012 0.000246 0.000000 0.000002 0.000008 0.000011 0.000316 -0.001604 -0.000014
-0.000118 -0.000000 0.000015 0.008187 -0.000006 -0.000002 0.000000 0.000006 0.003436 -0.001560 -0.000011 -0.000006 -0.000004 -0.000005 -0.000003 -0.000004 -0.000007 -0.000002 0.000000 0.000004 0.000018 0.000017 -0.000125 -0.000047 -0.000002 0.000000 0.000007 0.000016 0.000020 -0.000248 -0.000551 -0.000023 -0.000011 -0.000005 -0.000001 -0.000000 0.000005 -0.000001 -0.000068 -0.000039 -0.000101 -0.000032 -0.000005 0.000000 0.000003 0.000009 0.068432 -0.000007 -0.000003 0.000000 0.000002 0.000011 0.000107 0.000000 0.000004 0.000012 0.011125 -0.001584 -0.000020 -0.000024
0.000000 0.000008 0.000912 -0.012674 -0.000007 -0.000000 0.000004 0.003412 -0.001562 -0.000009 -0.000002 0.000000 -0.000004 -0.000008 -0.000007 -0.000010 -0.000011 -0.000002 0.000000 0.000005 0.000013 0.000185 -0.000087 -0.000004 -0.000002 0.000000 0.000003 0.000016 0.009419 -0.004052 -0.000029 -0.000010 -0.000007 -0.000002 -0.000000 0.000000 0.000010 0.000189 -0.000200 -0.000074 -0.000008 -0.000003 -0.000003 -0.000000 0.000000 0.000004 0.000537 0.000058 -0.000006 0.000000 0.000003 0.000009 0.000104 0.000000 0.000005 0.000677 -0.001883 -0.000010 -0.000013 -0.000011
0.000000 -0.000144 -0.001389 -0.000002 0.000000 0.000001 0.000586 -0.001457 -0.000008 -0.000003 -0.000000 0.000001 -0.000010 -0.000013 -0.000015 -0.000018 -0.000010 -0.000000 0.000001 0.000008 0.000018 0.000629 -0.000060 -0.000007 -0.000002 0.000000 0.000004 0.000009 0.055976 -0.009035 -0.000017 -0.000022 -0.000011 -0.000002 -0.000000 0.000003 0.000008 -0.000073 -0.000015 -0.000008 -0.000004 -0.000007 -0.000005 -0.000002 0.000000 0.000002 0.000007 0.169194 -0.000049 0.000000 0.000002 0.000047 -0.000002 0.000000 -0.000135 -0.002846 -0.000003 -0.000003 -0.000004 -0.000005
0.000007 -0.000516 -0.000002 0.000000 0.000003 0.000519 -0.001472 -0.000007 -0.000002 -0.000000 0.000001 0.000006 -0.000388 -0.000197 -0.000095 -0.000050 -0.000009 -0.000000 0.000004 0.000014 0.000020 0.000138 -0.000116 -0.000005 -0.000001 0.000000 0.000003 0.002706 -0.003531 -0.000014 -0.000008 -0.000006 -0.000002 -0.000000 0.000003 0.000008 0.000369 -0.009753 -0.000010 -0.000004 -0.000008 -0.000011 -0.000004 -0.000000 0.000000 0.000002 0.000004 0.000227 0.000501 0.000000 0.000000 0.000005 -0.000000 0.000004 0.000422 -0.000004 -0.000009 -0.000007 -0.000009 -0.000014
0.000025 -0.000271 -0.000004 0.000000 0.000002 -0.000708 -0.000004 -0.000003 -0.000000 0.000003 0.000007 -0.000553 -0.000326 -0.000021 -0.000008 -0.000004 -0.000000 0.000001 0.000009 0.000017 0.000027 0.000070 0.000031 -0.000001 -0.000000 0.000000 0.000020 -0.002184 -0.000049 -0.000008 -0.000002 -0.000002 -0.000000 0.000001 0.000004 0.000042 -0.005791 -0.000008 -0.000005 -0.000003 -0.000000 -0.000014 -0.000004 -0.000000 0.000000 0.000004 0.000008 0.000012 0.000639 0.000085 0.000000 -0.000000 -0.000000 0.000004 0.000076 -0.000009 -0.000015 -0.000016 -0.000020 -0.000033
0.000006 0.000577 -0.000003 0.000000 0.000005 -0.001383 -0.000005 -0.000000 0.000002 0.000073 -0.000222 -0.000420 -0.000024 -0.000015 -0.000003 0.000000 0.000001 0.000006 0.000011 0.000012 0.000005 0.000004 0.000101 0.000061 0.000001 -0.000108 -0.003292 -0.001208 -0.000003 -0.000002 -0.000000 -0.000000 0.000001 0.000003 0.000003 -0.000165 -0.000221 -0.000004 -0.000005 -0.000000 -0.000008 -0.000019 -0.000004 -0.000000 0.000002 0.000006 0.000007 0.000003 0.000004 0.000405 -0.000028 -0.000023 -0.000000 0.000002 0.000460 -0.000227 -0.000005 -0.000021 -0.000027 -0.000012
0.000002 0.001494 -0.000079 -0.000001 0.000000 -0.000541 -0.000003 -0.000000 -0.000010 -0.000747 -0.000014 -0.000015 -0.000012 -0.000007 -0.000001 0.000000 0.000003 0.000011 0.000024 0.000015 0.000014 0.000000 0.000008 0.000035 0.004071 -0.000783 -0.000002 -0.000001 0.000000 0.000001 0.000002 0.000002 0.000006 0.000010 0.000160 -0.000178 -0.000079 -0.000009 -0.000015 -0.000019 -0.000050 -0.000013 -0.000000 0.000002 0.000006 0.000006 0.000002 0.000000 0.000002 0.000063 0.000173 -0.000014 -0.000000 0.000000 0.000000 0.000140 -0.000387 -0.000031 -0.000013 -0.000008
0.000003 0.000405 0.000142 -0.000003 0.000000 -0.000462 -0.000002 0.000000 -0.000513 -0.000004 -0.000006 -0.000005 -0.000004 -0.000002 -0.000000 0.000002 0.000007 0.000012 0.000009 0.000007 0.000052 0.000000 0.000008 -0.024282 -0.042666 -0.029073 -0.000050 -0.000001 0.000000 0.000002 0.000012 0.003076 -0.039897 -0.049500 -0.049848 -0.033103 -0.000053 -0.000032 -0.000041 -0.000040 -0.000018 -0.000000 0.000001 0.000006 0.000012 0.000007 0.000002 0.000001 0.000002 0.000023 0.000122 -0.000035 -0.000041 -0.000020 0.000000 0.000060 -0.007007 -0.000012 -0.000017 -0.000005
