use_cases/Flooding/flood_case/output/hUy_3600.asc
ncols 269
nrows 269
xllcorner 0.000000
yllcorner 0.000000
cellsize 10.000000
NODATA_value -9999.000000
[rows 216 to 242 of 269, columns 61 to 121 of 269]
0.000000 0.000000 0.000000 -0.000000 -0.000000 -0.000000 -0.000006 -0.000005 -0.000018 -0.000006 -0.000003 -0.000001 -0.000004 -0.000012 -0.000004 -0.000004 -0.000003 -0.000006 -0.000004 -0.000010 -0.000014 -0.000059 -0.000011 0.000001 -0.000001 0.000000 0.000000 0.000001 0.000001 0.000000 0.000000 -0.000000 -0.000007 0.000006 0.000004 0.000001 0.000003 0.000009 0.000002 0.000001 0.000001 1.913151 3.116619 2.894736 0.649897 0.000001 0.000002 0.000003 0.000004 0.000005 0.000005 0.000004 0.000002 0.000005 0.000005 0.000010 0.000016 0.000003 0.000020 0.000012 0.000008
-0.000000 -0.000001 -0.000002 -0.000000 -0.000000 -0.000000 -0.000001 0.000066 0.000024 -0.000005 -0.000004 -0.000001 -0.000005 -0.000024 -0.000002 -0.000005 -0.000007 -0.000009 -0.000004 -0.000011 -0.000062 0.000036 0.000009 0.000017 0.000004 -0.000002 -0.000001 -0.000000 -0.000000 -0.000000 -0.000002 -0.000001 0.000018 0.000003 0.000003 0.000001 0.000002 0.000004 0.000001 0.000000 0.000000 2.024351 3.227911 2.965302 0.619698 0.000001 0.000000 0.000001 0.000001 0.000002 0.000002 0.000002 0.000002 0.000005 0.000006 0.000016 0.000006 0.000006 0.000015 0.000021 0.000009
-0.000002 -0.000001 -0.000003 -9999.000000 -9999.000000 -9999.000000 -0.000000 0.000003 0.000002 0.000005 -0.000027 -0.000002 -0.000005 -0.000000 -0.000002 -0.000009 -0.000011 -0.000012 -0.000005 -0.000070 -0.000003 0.000007 0.000009 0.000004 0.000005 -0.000011 -0.000005 -0.000004 -0.000003 -0.000003 -0.000005 -0.000002 0.000023 0.000003 0.000002 0.000001 0.000002 0.000002 0.000000 -0.000001 0.539175 2.077229 3.277527 2.733166 0.000000 0.000000 0.000000 0.000000 0.000000 0.000000 0.000000 0.000000 0.000000 0.000001 0.000003 0.000027 0.000009 0.000004 0.000040 0.000011 0.000012
-0.000004 -9999.000000 -9999.000000 -9999.000000 -9999.000000 -9999.000000 -9999.000000 0.000000 0.000002 0.000006 0.000005 0.000040 -0.000005 -0.000001 -0.000003 -0.000009 -0.000015 -0.000014 -0.000005 -0.000044 0.000003 0.000005 0.000004 0.000002 0.000002 -0.000010 -0.000018 -0.000010 -0.000012 -0.000011 -0.000004 -0.000001 0.000018 0.000002 0.000002 0.000001 0.000002 0.000000 -0.000000 -0.000002 0.626383 2.177910 3.202091 2.578238 0.000000 0.000000 0.000000 -0.000000 -0.000000 -0.000001 -0.000001 -0.000001 -0.000001 0.000000 0.000000 0.000007 0.000008 0.000005 0.000023 0.000010 0.000009
-9999.000000 -9999.000000 -9999.000000 -9999.000000 -9999.000000 -9999.000000 -9999.000000 -9999.000000 0.000000 0.000007 0.000006 0.000005 0.000020 0.000002 -0.000001 -0.000006 -0.000017 -0.000027 -0.000053 -0.000001 0.000002 0.000002 0.000000 0.000001 0.000000 -0.000007 -0.000022 -0.000016 -0.000019 -0.000013 -0.000004 -0.000013 0.000001 0.000000 0.000001 0.000000 0.000000 0.000000 0.000000 -0.000000 0.698445 2.083541 3.178630 2.747501 -0.000000 0.000000 0.000001 0.000002 0.000002 -0.000002 -0.000004 -0.000003 -0.000003 -0.000002 -0.000001 0.000003 0.000012 0.000010 0.000007 0.000005 0.000004
-9999.000000 -9999.000000 -9999.000000 -9999.000000 -9999.000000 -9999.000000 -9999.000000 -9999.000000 -9999.000000 0.000003 0.000008 0.000005 0.000007 0.000027 -0.000002 -0.000004 -0.000006 -0.000007 0.000000 0.000000 -0.000000 -0.000000 -0.000000 0.000000 0.000000 -0.000003 -0.000011 -0.000019 -0.000022 -0.000005 -0.000004 0.000015 0.000001 0.000000 0.000000 0.000000 -0.000000 -0.000001 -0.000002 0.000002 0.691523 1.968324 2.935575 2.978451 1.365381 -0.000000 0.000000 0.000001 0.000001 -0.000003 -0.000011 -0.000004 -0.000007 0.000001 0.000013 0.000009 0.000007 0.000010 0.000008 0.000003 0.000001
-9999.000000 -9999.000000 -9999.000000 -9999.000000 -9999.000000 -9999.000000 -9999.000000 -9999.000000 -9999.000000 0.000000 0.000007 0.000007 0.000008 0.000030 0.000006 0.000000 -0.000002 -0.000002 -0.000000 -0.000000 -0.000002 -0.000004 -0.000006 -0.000002 -0.000004 -0.000003 -0.000008 -0.000011 -0.000010 -0.000003 -0.000002 0.000031 0.000005 0.000004 -0.000001 -0.000001 -0.000002 -0.000002 0.000024 0.000002 0.000004 1.326079 2.753494 3.016761 1.694607 -0.000002 0.000000 0.000000 0.000000 0.000001 0.000010 0.000005 0.000006 0.000007 0.000007 0.000005 0.000005 0.000006 0.000010 0.000002 0.000000
-9999.000000 -9999.000000 -9999.000000 -9999.000000 -9999.000000 -9999.000000 -9999.000000 -9999.000000 -9999.000000 -9999.000000 0.000004 0.000010 0.000009 0.000007 0.000015 0.000006 0.000003 -0.000002 -0.000003 -0.000006 -0.000010 -0.000013 -0.000012 -0.000005 -0.000012 -0.000009 -0.000009 -0.000005 -0.000003 -0.000000 0.000006 0.000019 0.000006 0.000005 0.000003 0.000004 0.000009 0.000029 0.000024 0.000003 0.000005 1.164867 2.693580 2.832879 2.197666 1.021115 -0.000001 -0.000001 -0.000001 0.000000 0.000002 0.000006 0.000003 0.000004 0.000002 0.000000 0.000000 0.000004 0.000002 0.000001 -0.000000
-9999.000000 -9999.000000 -9999.000000 -9999.000000 -9999.000000 -9999.000000 -9999.000000 -9999.000000 -9999.000000 -9999.000000 0.000004 0.000011 0.000015 0.000014 0.000007 0.000026 0.000004 0.000003 -0.000007 -0.000013 -0.000018 -0.000019 -0.000016 -0.000006 -0.000018 -0.000013 -0.000009 -0.000007 -0.000001 -0.000001 0.000030 0.000006 0.000007 0.000007 0.000003 0.000007 0.000012 0.000006 0.000007 0.000006 0.000006 0.000006 2.183155 2.865423 2.349997 1.226270 -0.000002 -0.000002 -0.000001 -0.000001 0.000000 0.000002 0.000000 0.000000 0.000000 0.000000 0.000000 -0.000000 -0.000000 -0.000000 -0.000002
-9999.000000 -9999.000000 -9999.000000 -9999.000000 -9999.000000 -9999.000000 -9999.000000 -9999.000000 -9999.000000 -9999.000000 0.000003 0.000011 0.000020 0.000011 0.000009 0.000015 0.000004 0.000006 0.000065 -0.000029 -0.000016 -0.000018 -0.000015 -0.000006 -0.000013 -0.000013 -0.000006 -0.000013 0.000003 0.000008 0.000030 0.000008 0.000008 0.000011 0.000008 0.000017 0.000009 0.000006 0.000007 0.000005 0.000009 0.000004 1.511396 3.020673 2.499310 1.528474 0.000001 0.000001 -0.000000 -0.000003 -0.000000 0.000000 0.000000 -0.000005 -0.000007 -0.000003 -0.000003 -0.000000 -0.000000 -0.000002 -0.000004
-9999.000000 -9999.000000 -9999.000000 -9999.000000 -9999.000000 -9999.000000 -9999.000000 -9999.000000 -9999.000000 -9999.000000 0.000000 0.000007 0.000013 0.000007 0.000006 0.000011 0.000013 0.000011 0.000012 0.000011 0.000012 -0.000043 -0.000105 -0.000039 -0.000054 -0.000013 0.000013 0.000004 0.000005 0.000012 0.000021 0.000010 0.000010 0.000020 0.000017 0.000012 0.000005 0.000012 0.000011 0.000003 0.000004 0.000002 1.225242 3.233401 2.797486 2.062745 -0.000000 -0.000000 -0.000001 -0.000009 -0.000003 -0.000004 -0.000001 -0.000026 -0.000009 -0.000008 -0.000007 -0.000005 -0.000010 -0.000004 -0.000009
-9999.000000 -9999.000000 -9999.000000 -9999.000000 -9999.000000 -9999.000000 -9999.000000 -9999.000000 -9999.000000 -9999.000000 -9999.000000 0.000002 0.000006 0.000001 0.000001 0.000045 0.000016 0.000008 0.000013 0.000015 0.000017 0.000014 0.000008 0.000003 0.000003 0.000002 0.000005 0.000003 0.000008 0.000029 0.000009 0.000013 0.000016 0.000015 0.000026 0.000017 0.000006 0.000009 0.000007 0.000001 0.000000 0.000000 0.000001 2.672973 2.803738 2.459736 1.007119 1.333996 -0.000001 -0.000016 -0.000005 -0.000006 -0.000002 -0.000025 -0.000008 -0.000007 -0.000013 -0.000005 -0.000011 -0.000009 -0.000012
-9999.000000 -9999.000000 -9999.000000 -9999.000000 -9999.000000 -9999.000000 -9999.000000 -9999.000000 -9999.000000 -9999.000000 -9999.000000 0.000000 0.000007 0.000003 0.000001 0.000067 0.000016 0.000016 0.000008 0.000016 0.000025 0.000015 0.000016 0.000013 0.000066 0.000009 0.000004 0.000005 0.000037 0.000012 0.000016 0.000017 0.000018 0.000015 0.000024 0.000018 0.000005 0.000005 0.000001 0.000000 0.000000 -0.000000 -0.000000 1.269279 1.567063 2.088466 1.016160 1.764776 1.226977 1.181880 -0.000008 -0.000005 -0.000002 -0.000018 -0.000005 -0.000005 -0.000004 -0.000006 -0.000008 -0.000101 -0.000002
-9999.000000 -9999.000000 -9999.000000 -9999.000000 -9999.000000 -9999.000000 -9999.000000 -9999.000000 -9999.000000 -9999.000000 -9999.000000 -0.000001 0.000006 0.000004 0.000011 0.000058 0.000012 0.000014 0.000008 0.000013 0.000018 0.000022 0.000020 0.000019 0.000058 0.000009 0.000006 0.000008 0.000047 0.000015 0.000021 0.000019 0.000018 0.000015 0.000010 0.000018 0.000004 0.000000 0.000000 -0.000000 -0.000002 -0.000006 -0.000002 0.811709 0.992724 1.652871 1.009187 1.960793 1.471657 1.251943 -0.000008 -0.000012 -0.000006 -0.000012 -0.000001 -0.000002 -0.000005 -0.000006 -0.000028 0.000003 0.000002
-9999.000000 -9999.000000 -9999.000000 -9999.000000 -9999.000000 -9999.000000 -9999.000000 -9999.000000 -9999.000000 -9999.000000 -9999.000000 -0.000001 0.000001 0.000002 0.000053 0.000018 0.000013 0.000012 0.000011 0.000005 0.000013 0.000020 0.000011 0.000022 0.000055 0.000005 0.000012 0.000013 0.000050 0.000009 0.000020 0.000017 0.000016 0.000011 0.000005 0.000009 0.000001 -0.000001 -0.000003 -0.000001 -0.000003 -0.000002 0.000009 0.000031 0.000008 1.393657 1.030848 1.962736 2.361072 2.437875 1.789342 -0.000000 -0.000000 -0.000000 -0.000000 -0.000001 -0.000004 0.000020 0.000003 0.000002 0.000000
-9999.000000 -9999.000000 -9999.000000 -9999.000000 -9999.000000 -9999.000000 -9999.000000 -9999.000000 -9999.000000 -9999.000000 -9999.000000 -9999.000000 0.000000 0.000003 0.000064 0.000020 0.000016 0.000009 0.000007 0.000004 0.000009 0.000010 0.000007 0.000041 0.000044 0.000006 0.000009 0.000009 0.000066 0.000005 0.000008 0.000010 0.000011 0.000008 0.000005 0.000005 0.000000 -0.000003 -0.000007 -0.000003 0.000001 0.000006 0.000005 0.000009 0.000029 0.000003 0.000001 1.770885 2.399429 2.597795 1.857397 1.369979 -0.000001 -0.000002 -0.000001 -0.000012 -0.000002 0.000002 0.000001 -0.000000 -0.000000
-9999.000000 -9999.000000 -9999.000000 -9999.000000 -9999.000000 -9999.000000 -9999.000000 -9999.000000 -9999.000000 -9999.000000 -9999.000000 -9999.000000 0.000000 0.000015 0.000052 0.000013 0.000019 0.000007 0.000005 0.000003 0.000006 0.000008 0.000003 0.000062 0.000010 0.000004 0.000002 0.000003 0.000079 0.000005 0.000004 0.000008 0.000007 0.000003 0.000005 0.000001 0.000000 -0.000002 -0.000006 -0.000024 0.000004 0.000002 0.000004 0.000005 0.000014 0.000002 0.000000 0.000000 2.074540 2.368671 1.915706 1.446862 1.615164 -0.000002 -0.000007 -0.000031 0.000000 -0.000000 -0.000000 -0.000000 -0.000002
-9999.000000 -9999.000000 -9999.000000 -9999.000000 -9999.000000 -9999.000000 -9999.000000 -9999.000000 -9999.000000 -9999.000000 -9999.000000 -9999.000000 0.000000 0.000017 0.000013 0.000009 0.000017 0.000011 0.000007 0.000005 0.000002 0.000006 0.000011 0.000033 0.000003 0.000000 0.000000 0.000017 0.000077 0.000013 0.000009 0.000007 0.000006 0.000002 0.000001 0.000000 -0.000000 0.000000 0.000003 0.000012 0.000006 0.000003 0.000001 0.000002 0.000005 0.000001 -0.000000 -0.000001 1.645711 2.135145 1.811756 1.428658 1.856246 1.673256 -0.000003 -0.000000 -0.000000 -0.000001 -0.000002 -0.000003 -0.000002
-9999.000000 -9999.000000 -9999.000000 -9999.000000 -9999.000000 -9999.000000 -9999.000000 -9999.000000 -9999.000000 -9999.000000 -9999.000000 -9999.000000 -9999.000000 0.000000 0.000009 0.000008 0.000015 0.000015 0.000009 0.000006 0.000002 0.000002 0.000008 0.000003 0.000000 -0.000002 0.000020 0.000088 0.000021 0.000018 0.000008 0.000005 0.000005 0.000002 0.000001 -0.000000 -0.000001 0.000000 0.000005 0.000014 0.000012 0.000004 0.000002 0.000001 0.000001 0.000001 -0.000002 0.000009 0.000002 1.669398 1.656142 1.369243 2.219782 1.760621 0.929392 1.017662 -0.000001 -0.000011 -0.000005 -0.000004 -0.000002
-9999.000000 -9999.000000 -9999.000000 -9999.000000 -9999.000000 -9999.000000 -9999.000000 -9999.000000 -9999.000000 -9999.000000 -9999.000000 -9999.000000 -9999.000000 0.000000 0.000012 0.000006 0.000013 0.000011 0.000007 0.000003 0.000001 0.000000 0.000000 0.000000 -0.000003 0.000014 0.000080 0.000031 0.000024 0.000025 0.000011 0.000007 0.000006 0.000003 0.000000 -0.000001 -0.000002 -0.000000 0.000002 0.000001 0.000024 0.000005 0.000003 0.000001 0.000000 0.000000 -0.000002 0.000014 0.000002 0.000000 1.332005 1.153840 2.327117 2.116362 0.934174 0.944165 0.570812 0.628144 0.981968 -0.000005 -0.000003
-9999.000000 -9999.000000 -9999.000000 -9999.000000 -9999.000000 -9999.000000 -9999.000000 -9999.000000 -9999.000000 -9999.000000 -9999.000000 -9999.000000 -9999.000000 -9999.000000 0.000007 0.000009 0.000018 0.000009 0.000005 0.000003 0.000000 -0.000000 -0.000003 -0.000001 0.000009 0.000070 0.000008 0.000039 0.000030 0.000019 0.000029 0.000010 0.000008 0.000003 0.000000 -0.000001 -0.000001 -0.000001 -0.000000 -0.000000 0.000021 0.000002 0.000001 0.000000 -0.000001 -0.000001 0.000044 0.000004 0.000001 0.000000 0.000005 0.000002 2.006272 2.082127 1.397648 1.018998 0.603642 0.654003 0.775530 0.262514 0.078515
-9999.000000 -9999.000000 -9999.000000 -9999.000000 -9999.000000 -9999.000000 -9999.000000 -9999.000000 -9999.000000 -9999.000000 -9999.000000 -9999.000000 -9999.000000 -9999.000000 0.000000 0.000005 0.000012 0.000006 0.000002 0.000002 -0.000000 -0.000003 -0.000004 0.000213 0.000006 0.000051 0.000012 0.000005 0.000033 0.000021 0.000024 0.000009 0.000003 0.000006 0.000001 -0.000001 -0.000002 -0.000003 0.000003 0.000026 0.000031 0.000000 0.000000 0.000000 -0.000002 0.000020 0.000005 0.000002 0.000003 0.000000 0.000016 0.000003 0.000006 1.556661 1.246839 0.672727 0.500875 0.517643 0.520554 0.298279 0.100477
-9999.000000 -9999.000000 -9999.000000 -9999.000000 -9999.000000 -9999.000000 -9999.000000 -9999.000000 -9999.000000 -9999.000000 -9999.000000 -9999.000000 -9999.000000 -9999.000000 -9999.000000 0.000000 0.000003 0.000003 0.000001 0.000001 0.000002 0.000016 0.000094 0.000015 0.000007 0.000037 0.000009 0.000003 0.000009 0.000032 0.000017 0.000008 0.000003 0.000004 0.000001 -0.000000 -0.000002 -0.000000 0.000010 0.000016 0.000007 -0.000003 -0.000003 -0.000002 -0.000048 0.000005 0.000003 0.000002 0.000003 0.000021 0.000004 0.000003 0.000003 0.000005 0.832178 0.421063 0.326649 0.386798 0.397820 0.342612 0.079183
-9999.000000 -9999.000000 -9999.000000 -9999.000000 -9999.000000 -9999.000000 -9999.000000 -9999.000000 -9999.000000 -9999.000000 -9999.000000 -9999.000000 -9999.000000 -9999.000000 -9999.000000 -9999.000000 0.000000 0.000000 0.000000 0.000002 0.000005 0.000015 0.000058 0.000014 0.000012 0.000016 0.000006 0.000002 0.000004 0.000005 0.000015 0.000004 0.000001 0.000001 0.000001 0.000000 -0.000001 0.000006 0.000040 0.000012 0.000009 -0.000002 -0.000006 -0.000004 0.000015 0.000003 0.000001 0.000002 0.000003 0.000005 0.000001 0.000000 0.000000 0.000002 0.000012 0.000007 0.000002 0.000007 0.000003 0.299507 0.063951
-9999.000000 -9999.000000 -9999.000000 -9999.000000 -9999.000000 -9999.000000 -9999.000000 -9999.000000 -9999.000000 -9999.000000 -9999.000000 -9999.000000 -9999.000000 -9999.000000 -9999.000000 -9999.000000 -9999.000000 -9999.000000 0.000000 0.000001 0.000004 0.000011 0.000027 0.000007 0.000010 0.000005 0.000002 0.000000 0.000000 0.000000 0.000000 0.000001 0.000000 0.000000 0.000000 0.000000 -0.000001 0.000020 0.000019 0.000020 0.000015 -0.000001 -0.000038 0.000004 0.000005 0.000003 0.000000 0.000000 0.000001 0.000000 -0.000000 -0.000000 0.000000 0.000000 0.000001 0.000006 0.000001 0.000003 0.000006 0.000006 0.000007
-9999.000000 -9999.000000 -9999.000000 -9999.000000 -9999.000000 -9999.000000 -9999.000000 -9999.000000 -9999.000000 -9999.000000 -9999.000000 -9999.000000 -9999.000000 -9999.000000 -9999.000000 -9999.000000 -9999.000000 -9999.000000 -9999.000000 0.000000 0.000000 0.000007 0.000003 0.000003 0.000001 0.000000 0.000000 -0.000000 -0.000003 -0.000013 -0.000001 0.000000 0.000000 -0.000001 -0.000002 -0.000003 0.000014 0.000035 0.000019 0.000017 0.000014 0.000002 0.000019 0.000006 0.000007 0.000005 0.000000 -0.000000 -0.000000 0.000001 -0.000001 -0.000002 -0.000002 -0.000003 0.000000 0.000000 0.000001 0.000004 0.000010 0.000007 0.000009
-9999.000000 -9999.000000 -9999.000000 -9999.000000 -9999.000000 -9999.000000 -9999.000000 -9999.000000 -9999.000000 -9999.000000 -9999.000000 -9999.000000 -9999.000000 -9999.000000 -9999.000000 -9999.000000 -9999.000000 -9999.000000 -9999.000000 -9999.000000 -9999.000000 0.000000 0.000000 0.000000 0.000000 -0.000000 -0.000003 -0.000005 -0.000009 -0.000033 -0.000004 -0.000000 -0.000001 -0.000003 -0.000005 -0.000014 0.000069 0.000005 0.000015 0.000013 0.000008 0.000005 0.000029 0.000010 0.000009 0.000004 0.000018 0.000004 0.000007 0.000007 0.000012 0.000040 -0.000006 -0.000004 -0.000002 -0.000000 0.000000 0.000002 0.000003 0.000008 0.000008
