use_cases/Flooding/flood_case/output/hUy_4500.asc
ncols 269
nrows 269
xllcorner 0.000000
yllcorner 0.000000
cellsize 10.000000
NODATA_value -9999.000000
[rows 216 to 242 of 269, columns 61 to 121 of 269]
0.000000 0.000000 0.000000 -0.000000 -0.000000 -0.000000 -0.000079 -0.000061 -0.000603 -0.000011 -0.000005 -0.000002 -0.000079 -0.000214 -0.000010 -0.000008 -0.000005 -0.000008 -0.000004 -0.000013 -0.000020 -0.000262 -0.000041 0.000002 -0.000002 0.000000 0.000000 0.000001 0.000001 0.000000 0.000000 -0.000001 0.000463 0.000009 0.000005 0.000001 0.000004 0.000017 0.000005 0.000003 0.000001 1.915361 3.118770 2.896314 0.649478 0.000003 0.000004 0.000005 0.000006 0.000008 0.000007 0.000005 0.000002 0.000006 0.000008 0.000036 0.000067 0.000006 0.000099 0.000049 0.000013
-0.000000 -0.000001 -0.000002 -0.000000 -0.000000 -0.000000 -0.000041 0.004582 0.003933 -0.000042 -0.000006 -0.000002 -0.000710 -0.000611 -0.000005 -0.000009 -0.000011 -0.000012 -0.000005 -0.000015 -0.000406 0.000200 0.000016 0.000032 0.000008 -0.000003 -0.000001 -0.000000 -0.000000 -0.000000 -0.000002 -0.000002 0.000450 0.000005 0.000004 0.000001 0.000003 0.000005 0.000001 0.000000 0.000000 2.026236 3.229880 2.967130 0.619155 0.000001 0.000000 0.000001 0.000001 0.000003 0.000003 0.000003 0.000002 0.000006 0.000009 0.000067 0.000023 0.000015 0.000063 0.000074 0.000014
-0.000003 -0.000001 -0.000005 -9999.000000 -9999.000000 -9999.000000 -0.000013 0.000003 0.000002 0.000008 -0.001440 -0.000147 -0.000368 -0.000000 -0.000004 -0.000016 -0.000017 -0.000016 -0.000005 -0.000611 -0.000027 0.000009 0.000010 0.000004 0.000006 -0.000015 -0.000007 -0.000005 -0.000004 -0.000004 -0.000007 -0.000003 0.000237 0.000005 0.000003 0.000001 0.000003 0.000003 0.000000 -0.000001 0.539372 2.079133 3.279394 2.734801 0.000001 0.000000 0.000000 0.000000 0.000000 0.000000 0.000000 0.000000 0.000000 0.000001 0.000006 0.000109 0.000024 0.000007 0.000143 0.000020 0.000017
-0.000005 -9999.000000 -9999.000000 -9999.000000 -9999.000000 -9999.000000 -9999.000000 0.000000 0.000002 0.000007 0.000012 0.007255 0.003310 -0.000002 -0.000006 -0.000017 -0.000023 -0.000018 -0.000006 -0.000454 0.000004 0.000007 0.000005 0.000002 0.000002 -0.000014 -0.000029 -0.000016 -0.000018 -0.000016 -0.000007 -0.000082 0.000366 0.000003 0.000002 0.000001 0.000002 0.000001 -0.000000 -0.000004 0.626407 2.179425 3.203840 2.579823 0.000000 0.000000 0.000001 -0.000001 -0.000001 -0.000001 -0.000001 -0.000001 -0.000002 0.000000 0.000000 0.000019 0.000021 0.000012 0.000057 0.000016 0.000013
-9999.000000 -9999.000000 -9999.000000 -9999.000000 -9999.000000 -9999.000000 -9999.000000 -9999.000000 0.000000 0.000008 0.000008 0.000007 0.001967 0.000208 -0.000005 -0.000035 -0.000155 -0.000345 -0.000638 -0.000013 0.000002 0.000002 0.000000 0.000001 0.000000 -0.000010 -0.000038 -0.000029 -0.000034 -0.000023 -0.000008 0.001007 0.000002 0.000000 0.000001 0.000000 0.000000 0.000000 0.000000 -0.000000 0.698587 2.084923 3.180204 2.749012 -0.000001 0.000000 0.000003 0.000006 0.000008 -0.000004 -0.000006 -0.000005 -0.000005 -0.000005 -0.000002 0.000007 0.000032 0.000023 0.000012 0.000007 0.000005
-9999.000000 -9999.000000 -9999.000000 -9999.000000 -9999.000000 -9999.000000 -9999.000000 -9999.000000 -9999.000000 0.000003 0.000009 0.000007 0.000011 0.000806 0.000021 -0.000031 -0.000064 -0.000078 0.000000 0.000000 -0.000000 -0.000000 -0.000000 0.000000 0.000000 -0.000004 -0.000019 -0.000040 -0.000051 -0.000012 -0.000010 0.005799 0.000002 0.000000 0.000000 0.000000 -0.000000 -0.000002 -0.000002 0.000004 0.691759 1.969849 2.937234 2.979979 1.364950 -0.000000 0.000000 0.000004 0.000018 -0.000383 -0.001585 -0.000024 -0.000049 0.000005 0.000039 0.000022 0.000015 0.000022 0.000015 0.000005 0.000001
-9999.000000 -9999.000000 -9999.000000 -9999.000000 -9999.000000 -9999.000000 -9999.000000 -9999.000000 -9999.000000 0.000000 0.000007 0.000010 0.000015 0.000605 0.000304 0.000004 -0.000035 -0.000013 -0.000000 -0.000000 -0.000002 -0.000005 -0.000007 -0.000002 -0.000004 -0.000004 -0.000014 -0.000024 -0.000028 -0.000012 -0.000042 0.003326 0.000013 0.000008 -0.000001 -0.000001 -0.000002 -0.000003 0.002118 0.000003 0.000008 1.327259 2.755289 3.018444 1.693833 -0.000003 0.000000 0.000000 0.000000 0.000001 0.000022 0.000009 0.000011 0.000012 0.000011 0.000009 0.000010 0.000011 0.000019 0.000004 0.000000
-9999.000000 -9999.000000 -9999.000000 -9999.000000 -9999.000000 -9999.000000 -9999.000000 -9999.000000 -9999.000000 -9999.000000 0.000004 0.000012 0.000016 0.000014 0.000198 0.000100 0.000023 -0.000007 -0.000005 -0.000009 -0.000014 -0.000018 -0.000014 -0.000005 -0.000013 -0.000012 -0.000014 -0.000010 -0.000012 -0.000000 0.000427 0.000681 0.000015 0.000010 0.000004 0.000010 0.000025 0.000193 0.000124 0.000006 0.000013 1.165929 2.695830 2.834858 2.197137 1.021755 -0.000001 -0.000001 -0.000001 0.000000 0.000002 0.000008 0.000005 0.000005 0.000003 0.000000 0.000001 0.000006 0.000003 0.000001 -0.000000
-9999.000000 -9999.000000 -9999.000000 -9999.000000 -9999.000000 -9999.000000 -9999.000000 -9999.000000 -9999.000000 -9999.000000 0.000004 0.000013 0.000021 0.000022 0.000068 0.000352 0.000043 0.000034 -0.000061 -0.000020 -0.000027 -0.000027 -0.000020 -0.000007 -0.000021 -0.000017 -0.000015 -0.000016 -0.000004 -0.000003 0.001490 0.000019 0.000021 0.000017 0.000005 0.000015 0.000022 0.000010 0.000013 0.000012 0.000016 0.000016 2.185251 2.867312 2.349610 1.226828 -0.000004 -0.000003 -0.000001 -0.000001 0.000000 0.000003 0.000000 0.000000 0.000000 0.000000 0.000000 -0.000000 -0.000000 -0.000000 -0.000003
-9999.000000 -9999.000000 -9999.000000 -9999.000000 -9999.000000 -9999.000000 -9999.000000 -9999.000000 -9999.000000 -9999.000000 0.000003 0.000013 0.000027 0.000017 0.000018 0.000178 0.000031 0.000040 0.002906 -0.000325 -0.000027 -0.000027 -0.000020 -0.000007 -0.000016 -0.000018 -0.000013 -0.000243 0.000073 0.000482 0.001058 0.000025 0.000027 0.000027 0.000018 0.000030 0.000012 0.000008 0.000011 0.000008 0.000021 0.000012 1.512827 3.022501 2.499138 1.529206 0.000001 0.000001 -0.000000 -0.000005 -0.000000 0.000000 0.000000 -0.000008 -0.000010 -0.000004 -0.000004 -0.000001 -0.000001 -0.000002 -0.000005
-9999.000000 -9999.000000 -9999.000000 -9999.000000 -9999.000000 -9999.000000 -9999.000000 -9999.000000 -9999.000000 -9999.000000 0.000000 0.000007 0.000017 0.000009 0.000013 0.000129 0.000113 0.000070 0.000042 0.000028 0.000033 -0.000253 -0.000769 -0.000282 -0.000702 -0.000218 0.000271 0.000086 0.000137 0.000355 0.000318 0.000025 0.000021 0.000046 0.000033 0.000019 0.000006 0.000016 0.000016 0.000004 0.000007 0.000003 1.226693 3.235502 2.797484 2.064231 -0.000000 -0.000000 -0.000001 -0.000019 -0.000003 -0.000005 -0.000001 -0.000074 -0.000015 -0.000012 -0.000011 -0.000008 -0.000015 -0.000005 -0.000012
-9999.000000 -9999.000000 -9999.000000 -9999.000000 -9999.000000 -9999.000000 -9999.000000 -9999.000000 -9999.000000 -9999.000000 -9999.000000 0.000002 0.000007 0.000002 0.000002 0.000467 0.000030 0.000013 0.000017 0.000022 0.000027 0.000025 0.000018 0.000019 0.000054 0.000002 0.000008 0.000005 0.000172 0.000626 0.000023 0.000026 0.000031 0.000028 0.000049 0.000027 0.000007 0.000012 0.000009 0.000001 0.000000 0.000000 0.000001 2.674710 2.803982 2.461295 1.006820 1.334779 -0.000002 -0.000040 -0.000007 -0.000007 -0.000002 -0.000081 -0.000015 -0.000013 -0.000025 -0.000007 -0.000017 -0.000014 -0.000019
-9999.000000 -9999.000000 -9999.000000 -9999.000000 -9999.000000 -9999.000000 -9999.000000 -9999.000000 -9999.000000 -9999.000000 -9999.000000 0.000000 0.000008 0.000004 0.000006 0.000443 0.000030 0.000026 0.000010 0.000021 0.000037 0.000025 0.000030 0.000033 0.000458 0.000012 0.000005 0.000010 0.000605 0.000158 0.000035 0.000033 0.000031 0.000024 0.000040 0.000030 0.000007 0.000007 0.000001 0.000000 0.000000 -0.000000 -0.000000 1.270302 1.567651 2.089661 1.015470 1.765297 1.226948 1.182302 -0.000013 -0.000006 -0.000002 -0.000073 -0.000011 -0.000009 -0.000008 -0.000010 -0.000014 -0.018578 -0.000371
-9999.000000 -9999.000000 -9999.000000 -9999.000000 -9999.000000 -9999.000000 -9999.000000 -9999.000000 -9999.000000 -9999.000000 -9999.000000 -0.000001 0.000007 0.000005 0.000056 0.000297 0.000024 0.000024 0.000011 0.000016 0.000025 0.000033 0.000033 0.000047 0.000225 0.000011 0.000008 0.000018 0.000701 0.000034 0.000042 0.000034 0.000028 0.000021 0.000013 0.000027 0.000006 0.000000 0.000000 -0.000000 -0.000002 -0.000009 -0.000004 0.812470 0.993473 1.654231 1.008862 1.961653 1.471271 1.251940 -0.000050 -0.000098 -0.000042 -0.000077 -0.000002 -0.000004 -0.000008 -0.000718 -0.002287 0.000327 0.000003
-9999.000000 -9999.000000 -9999.000000 -9999.000000 -9999.000000 -9999.000000 -9999.000000 -9999.000000 -9999.000000 -9999.000000 -9999.000000 -0.000001 0.000001 0.000003 0.000255 0.000046 0.000029 0.000020 0.000015 0.000006 0.000017 0.000029 0.000019 0.000054 0.000174 0.000006 0.000015 0.000034 0.000680 0.000020 0.000038 0.000028 0.000023 0.000014 0.000006 0.000012 0.000002 -0.000002 -0.000004 -0.000001 -0.000039 -0.000018 0.000102 0.000318 0.000027 1.394772 1.030913 1.963452 2.360880 2.438177 1.789945 -0.000000 -0.000002 -0.000000 -0.000000 -0.000002 -0.000006 0.001346 0.000004 0.000002 0.000000
-9999.000000 -9999.000000 -9999.000000 -9999.000000 -9999.000000 -9999.000000 -9999.000000 -9999.000000 -9999.000000 -9999.000000 -9999.000000 -9999.000000 0.000000 0.000006 0.000248 0.000053 0.000037 0.000016 0.000011 0.000004 0.000012 0.000014 0.000011 0.000100 0.000108 0.000006 0.000011 0.000036 0.000800 0.000012 0.000016 0.000017 0.000016 0.000010 0.000006 0.000007 0.000000 -0.000004 -0.000011 -0.000006 0.000076 0.000107 0.000035 0.000027 0.000092 0.000004 0.000001 1.771813 2.399802 2.598297 1.857948 1.370330 -0.000004 -0.000002 -0.000001 -0.000029 -0.000003 0.000002 0.000001 -0.000000 -0.000000
-9999.000000 -9999.000000 -9999.000000 -9999.000000 -9999.000000 -9999.000000 -9999.000000 -9999.000000 -9999.000000 -9999.000000 -9999.000000 -9999.000000 0.000000 0.000038 0.000167 0.000033 0.000044 0.000013 0.000007 0.000003 0.000007 0.000011 0.000005 0.000133 0.000012 0.000004 0.000003 0.000017 0.000763 0.000013 0.000009 0.000012 0.000009 0.000003 0.000006 0.000001 0.000000 -0.000004 -0.000014 -0.000516 0.000434 0.000003 0.000005 0.000007 0.000027 0.000002 0.000000 0.000000 2.074975 2.369235 1.915973 1.446949 1.615678 -0.000002 -0.000088 -0.000187 0.000001 -0.000000 -0.000000 -0.000000 -0.000003
-9999.000000 -9999.000000 -9999.000000 -9999.000000 -9999.000000 -9999.000000 -9999.000000 -9999.000000 -9999.000000 -9999.000000 -9999.000000 -9999.000000 0.000000 0.000045 0.000035 0.000022 0.000039 0.000019 0.000011 0.000006 0.000002 0.000008 0.000017 0.000060 0.000004 0.000000 0.000000 0.000128 0.000539 0.000038 0.000019 0.000012 0.000008 0.000002 0.000001 0.000000 -0.000000 0.000000 0.000006 0.000589 0.000064 0.000004 0.000002 0.000003 0.000007 0.000002 -0.000000 -0.000001 1.646107 2.135706 1.811744 1.428261 1.856467 1.673580 -0.000023 -0.000000 -0.000000 -0.000001 -0.000003 -0.000004 -0.000003
-9999.000000 -9999.000000 -9999.000000 -9999.000000 -9999.000000 -9999.000000 -9999.000000 -9999.000000 -9999.000000 -9999.000000 -9999.000000 -9999.000000 -9999.000000 0.000000 0.000021 0.000019 0.000032 0.000025 0.000014 0.000007 0.000002 0.000003 0.000011 0.000004 0.000000 -0.000002 0.000099 0.000523 0.000070 0.000052 0.000016 0.000008 0.000007 0.000003 0.000001 -0.000001 -0.000001 0.000000 0.000010 0.000159 0.000173 0.000005 0.000003 0.000001 0.000001 0.000001 -0.000003 0.000324 0.000003 1.670234 1.656567 1.368845 2.220127 1.760796 0.929252 1.017813 -0.000001 -0.000022 -0.000009 -0.000006 -0.000002
-9999.000000 -9999.000000 -9999.000000 -9999.000000 -9999.000000 -9999.000000 -9999.000000 -9999.000000 -9999.000000 -9999.000000 -9999.000000 -9999.000000 -9999.000000 0.000000 0.000026 0.000013 0.000023 0.000015 0.000009 0.000003 0.000001 0.000000 0.000000 0.000000 -0.000004 0.000041 0.000316 0.000095 0.000075 0.000071 0.000026 0.000011 0.000009 0.000004 0.000001 -0.000002 -0.000004 -0.000000 0.000003 0.000002 0.000312 0.000007 0.000004 0.000001 0.000000 0.000000 -0.000013 0.000049 0.000003 0.000001 1.332479 1.153686 2.327592 2.116860 0.934066 0.944401 0.570805 0.628020 0.982000 -0.000008 -0.000004
-9999.000000 -9999.000000 -9999.000000 -9999.000000 -9999.000000 -9999.000000 -9999.000000 -9999.000000 -9999.000000 -9999.000000 -9999.000000 -9999.000000 -9999.000000 -9999.000000 0.000012 0.000016 0.000030 0.000012 0.000006 0.000003 0.000000 -0.000000 -0.000004 -0.000001 0.000015 0.000166 0.000011 0.000100 0.000078 0.000048 0.000064 0.000015 0.000011 0.000004 0.000000 -0.000001 -0.000002 -0.000002 -0.000000 -0.000000 0.000295 0.000002 0.000001 0.000001 -0.000001 -0.000002 0.000526 0.000005 0.000001 0.000000 0.000016 0.000003 2.006957 2.082606 1.397330 1.019122 0.603600 0.653912 0.775665 0.262485 0.078632
-9999.000000 -9999.000000 -9999.000000 -9999.000000 -9999.000000 -9999.000000 -9999.000000 -9999.000000 -9999.000000 -9999.000000 -9999.000000 -9999.000000 -9999.000000 -9999.000000 0.000000 0.000007 0.000016 0.000007 0.000002 0.000003 -0.000000 -0.000004 -0.000013 0.021973 0.000008 0.000099 0.000015 0.000005 0.000069 0.000045 0.000046 0.000012 0.000004 0.000008 0.000002 -0.000002 -0.000003 -0.000008 0.000015 0.000209 0.000348 0.000000 0.000000 0.000000 -0.000002 0.000445 0.000006 0.000002 0.000005 0.000000 0.000048 0.000003 0.000008 1.557310 1.246918 0.672706 0.500732 0.517561 0.520561 0.298178 0.100543
-9999.000000 -9999.000000 -9999.000000 -9999.000000 -9999.000000 -9999.000000 -9999.000000 -9999.000000 -9999.000000 -9999.000000 -9999.000000 -9999.000000 -9999.000000 -9999.000000 -9999.000000 0.000000 0.000004 0.000003 0.000001 0.000002 0.000003 0.000033 0.000270 0.000023 0.000010 0.000060 0.000011 0.000004 0.000010 0.000058 0.000028 0.000010 0.000003 0.000005 0.000002 -0.000000 -0.000003 -0.000000 0.000077 0.000129 0.000055 -0.000015 -0.000013 -0.000005 -0.001770 0.000026 0.000003 0.000002 0.000004 0.000370 0.000006 0.000004 0.000003 0.000007 0.832628 0.421265 0.326639 0.386769 0.397785 0.342438 0.079211
-9999.000000 -9999.000000 -9999.000000 -9999.000000 -9999.000000 -9999.000000 -9999.000000 -9999.000000 -9999.000000 -9999.000000 -9999.000000 -9999.000000 -9999.000000 -9999.000000 -9999.000000 -9999.000000 0.000000 0.000000 0.000000 0.000003 0.000007 0.000023 0.000125 0.000020 0.000016 0.000021 0.000007 0.000002 0.000004 0.000006 0.000023 0.000005 0.000002 0.000001 0.000001 0.000000 -0.000001 0.000036 0.000314 0.000099 0.000061 -0.000015 -0.000034 -0.000083 0.001132 0.000004 0.000001 0.000003 0.000004 0.000010 0.000001 0.000000 0.000000 0.000002 0.000020 0.000010 0.000002 0.000010 0.000005 0.299405 0.064018
-9999.000000 -9999.000000 -9999.000000 -9999.000000 -9999.000000 -9999.000000 -9999.000000 -9999.000000 -9999.000000 -9999.000000 -9999.000000 -9999.000000 -9999.000000 -9999.000000 -9999.000000 -9999.000000 -9999.000000 -9999.000000 0.000000 0.000001 0.000004 0.000016 0.000048 0.000009 0.000013 0.000005 0.000002 0.000000 0.000000 0.000000 0.000000 0.000001 0.000000 0.000000 0.000000 0.000000 -0.000002 0.000152 0.000153 0.000129 0.000072 -0.000004 0.002108 0.000199 0.000010 0.000007 0.000000 0.000000 0.000001 0.000000 -0.000000 -0.000000 0.000000 0.000000 0.000001 0.000008 0.000002 0.000004 0.000011 0.000013 0.000016
-9999.000000 -9999.000000 -9999.000000 -9999.000000 -9999.000000 -9999.000000 -9999.000000 -9999.000000 -9999.000000 -9999.000000 -9999.000000 -9999.000000 -9999.000000 -9999.000000 -9999.000000 -9999.000000 -9999.000000 -9999.000000 -9999.000000 0.000000 0.000000 0.000009 0.000004 0.000003 0.000002 0.000000 0.000000 -0.000000 -0.000004 -0.000019 -0.000002 0.000000 0.000000 -0.000001 -0.000002 -0.000004 0.000102 0.000306 0.000129 0.000074 0.000046 0.000006 0.001615 0.000012 0.000013 0.000014 0.000000 -0.000000 -0.000000 0.000004 0.000080 -0.000002 -0.000002 -0.000003 0.000000 0.000000 0.000001 0.000005 0.000019 0.000013 0.000020
-9999.000000 -9999.000000 -9999.000000 -9999.000000 -9999.000000 -9999.000000 -9999.000000 -9999.000000 -9999.000000 -9999.000000 -9999.000000 -9999.000000 -9999.000000 -9999.000000 -9999.000000 -9999.000000 -9999.000000 -9999.000000 -9999.000000 -9999.000000 -9999.000000 0.000000 0.000000 0.000000 0.000000 -0.000000 -0.000003 -0.000006 -0.000012 -0.000062 -0.000005 -0.000000 -0.000001 -0.000003 -0.000006 -0.000062 0.000417 0.000006 0.000022 0.000021 0.000014 0.000011 0.000850 0.000016 0.000012 0.000005 0.000057 0.000013 0.000030 0.000030 0.001193 0.002040 -0.000164 -0.000005 -0.000002 -0.000000 0.000000 0.000003 0.000003 0.000012 0.000013
