use_cases/Flooding/flood_case/output/hUy_900.asc
ncols 269
nrows 269
xllcorner 0.000000
yllcorner 0.000000
cellsize 10.000000
NODATA_value -9999.000000
[rows 135 to 161 of 269, columns 186 to 247 of 269]
0.000367 0.000045 0.000041 0.000018 0.000006 0.003055 -0.000068 -0.000001 0.000003 0.000012 0.000023 0.000056 0.000003 0.000000 -0.000003 0.000248 0.000006 0.000016 0.000002 -0.000002 0.009398 0.000003 0.000000 0.000000 0.000000 0.000000 0.000000 0.000000 0.000000 0.000005 0.000013 0.000007 0.000005 0.000015 0.000020 0.000067 0.000007 0.000010 0.000061 0.000213 0.000016 0.000007 0.000014 0.000435 0.000030 0.000009 0.000014 0.000021 0.001834 0.140870 0.002922 0.000014 0.000005 0.009802 0.001341 0.000000 0.000000 0.000000 0.000002 0.000003 0.000006 0.000006
0.000037 0.000036 0.000056 0.000014 0.000008 0.000022 0.002563 -0.000003 0.000004 0.000014 0.000023 0.000008 0.000000 0.000000 0.000093 0.000407 0.000005 0.000015 0.000012 0.000018 0.000910 -0.000000 -0.000000 -0.000001 -0.000001 -0.000002 -0.000002 -0.000004 -0.000000 0.000000 0.000000 0.000000 0.000002 0.000007 0.000013 0.000026 0.000013 0.000014 0.000126 0.000020 0.000012 0.000007 0.000011 0.000341 0.000037 0.000015 0.000006 0.000017 0.000034 0.000306 0.000026 0.000014 0.000005 0.000027 0.000537 0.000014 -0.000001 -0.000000 0.000000 0.000000 0.000000 0.000000
0.000022 0.000007 0.000107 0.000016 0.000007 0.000022 0.000216 0.000008 0.000005 0.000010 0.000003 0.000000 -0.000000 0.000004 0.000311 0.000013 0.000005 0.000013 0.000014 0.000016 0.001067 0.000098 -0.000002 -0.000005 -0.000009 -0.000010 -0.000024 -0.000018 -0.000011 -0.000008 -0.000004 -0.000001 0.000000 0.000000 0.000005 0.000007 0.000005 0.000008 0.000071 0.000012 0.000003 0.000009 0.000016 0.000379 0.000048 0.000020 0.000006 0.000014 0.000055 0.000219 0.000021 0.000010 0.000004 0.000024 0.000151 0.000353 -0.000004 -0.000004 -0.000001 -0.000002 -0.000003 -0.000004
0.000036 0.000006 0.000067 0.000024 0.000007 0.000020 0.000184 0.000022 0.000005 0.000007 0.000001 -0.000001 0.000006 0.000187 0.000013 0.000007 0.000003 0.000008 0.000011 0.000014 0.000031 0.001043 0.000513 -0.000027 -0.000014 -0.000016 -0.000039 -0.000027 -0.000025 -0.000023 -0.000018 -0.000010 -0.000007 -0.000003 0.000000 0.000000 0.000000 0.000000 0.000009 0.000004 0.000001 0.000007 0.000015 0.000336 0.000062 0.000021 0.000010 0.000012 0.000072 0.000113 0.000014 0.000004 0.000005 0.000039 0.000264 0.000410 0.000034 -0.000010 -0.000009 -0.000006 -0.000025 -0.000016
0.000072 0.000000 0.000009 0.000024 0.000006 0.000018 0.000146 0.000039 0.000005 0.000005 0.000005 0.000016 0.000092 0.000007 0.000005 0.000001 0.000000 0.000001 0.000004 0.000005 0.000034 0.000502 0.000004 0.000762 0.000592 0.000083 0.000265 -0.000016 -0.000027 -0.000032 -0.000024 -0.000030 -0.000014 -0.000010 -0.000003 -0.000006 -0.000004 -0.000000 -0.000000 -0.000000 0.000000 0.000007 0.000013 0.000178 0.000080 0.000027 0.000018 0.000006 0.000103 0.000022 0.000011 0.000002 0.000001 0.000135 0.000455 0.000009 0.000017 0.000569 -0.000017 -0.000019 -0.000033 -0.000044
0.000276 0.000093 0.000010 0.000015 0.000005 0.000020 0.000087 0.000063 0.000007 0.000010 0.000002 0.000006 0.000049 0.000000 0.000000 0.000000 -0.000001 -0.000000 -0.000000 -0.000000 0.000086 0.000465 0.000006 0.000118 0.000777 0.000019 0.000009 0.000013 0.005209 -0.000094 -0.000021 -0.000018 -0.000013 -0.000015 -0.000006 -0.000013 -0.000021 -0.000007 -0.000034 -0.000007 0.000003 0.000005 0.000015 0.000073 0.000142 0.000026 0.000016 0.000006 0.000075 0.000018 0.000007 0.000000 0.000000 0.000480 0.000025 0.000013 0.000018 0.000023 0.009652 -0.000161 -0.000030 -0.000034
0.000030 0.000182 0.000024 0.000015 0.000006 0.000017 0.000082 0.000024 0.000007 0.000005 0.000000 0.000000 0.000024 0.000062 0.000047 0.000083 0.000008 -0.000032 -0.000004 0.000108 0.000310 0.000337 0.000008 0.000211 0.000667 0.000019 0.000014 0.000008 0.000018 0.000070 -0.000016 -0.000018 -0.000016 -0.000016 -0.000008 -0.000017 -0.000132 -0.000053 -0.000051 0.000015 0.000006 0.000005 0.000011 0.000119 0.000039 0.000026 0.000018 0.000007 0.000048 0.000011 0.000009 -0.000000 0.000164 0.000627 0.000035 0.000028 0.000010 0.000022 0.000027 0.000329 0.000178 0.000002
0.000017 0.000108 0.000020 0.000012 0.000006 0.000012 0.000029 0.000017 0.000009 0.000000 -0.000001 0.000074 0.000139 0.000038 0.000016 0.000012 0.000019 0.000094 0.000285 0.000245 0.000268 0.000009 0.000010 0.000338 0.000322 0.000019 0.000017 0.000008 0.000019 0.000022 0.002242 -0.000020 -0.000032 -0.000046 -0.000141 -0.000161 -0.000091 -0.000005 0.000004 0.000005 0.000004 0.000005 0.000004 0.000055 0.000033 0.000023 0.000017 0.000007 0.000017 0.000012 0.000004 0.000021 0.000468 0.000037 0.000035 0.000029 0.000015 0.000018 0.000033 0.000093 0.000096 0.000008
0.000005 0.000034 0.000008 0.000004 0.000004 0.000003 0.000008 0.000013 0.000005 0.000022 0.000244 0.000121 0.000078 0.000025 0.000000 0.000000 0.000057 0.000179 0.000015 0.000040 0.000015 0.000010 0.000003 0.000756 0.000028 0.000021 0.000017 0.000008 0.000013 0.000017 0.000280 0.000037 -0.000034 -0.000054 -0.000104 -0.000043 0.000000 0.000000 0.000000 0.000000 0.000000 0.000000 0.000000 0.000005 0.000020 0.000011 0.000010 0.000005 0.000011 0.000005 0.000005 0.000077 0.000266 0.000025 0.000040 0.000032 0.000033 0.000010 0.000025 0.000133 0.000019 0.000011
0.000002 0.000001 0.000000 0.000000 0.000000 0.000000 0.000001 0.000007 0.000011 0.000023 0.000066 0.000009 0.000015 0.000013 0.000008 0.000091 0.000155 0.000052 0.000028 0.000017 0.000002 0.000000 0.000000 0.000952 0.000018 0.000014 0.000014 0.000011 0.000008 0.000017 0.000024 0.000242 0.017925 0.000146 -0.000025 -0.000016 -0.000005 -0.000004 -0.000003 -0.000003 -0.000005 -0.000005 -0.000001 0.000000 0.000002 0.000000 0.000000 0.000002 0.000005 0.000007 0.000014 0.000320 0.000022 0.000022 0.000020 0.000034 0.000033 0.000012 0.000030 0.000069 0.000011 0.000015
0.000001 0.000000 -0.000005 -0.000025 -0.000005 -0.000002 0.000000 0.000003 0.000010 0.000016 0.000008 0.000006 0.000005 0.000005 0.000022 0.000095 0.000007 0.000014 0.000011 0.000000 0.000000 -0.000002 0.000176 0.000618 0.000010 0.000006 0.000008 0.000005 0.000015 0.000022 0.000029 0.000089 0.000008 0.000622 0.000043 0.000028 -0.000015 -0.000024 -0.000015 -0.000017 -0.000028 -0.000021 -0.000002 -0.000001 0.000000 0.000000 0.000000 0.000000 0.000003 0.000007 0.000011 0.000300 0.000012 0.000009 0.000010 0.000005 0.000031 0.000017 0.000030 0.000017 0.000015 0.000012
0.000000 -0.000004 -0.000014 -0.000075 -0.000012 -0.000008 -0.000003 0.000000 0.000001 0.000000 0.000000 0.000000 0.000000 0.000007 0.000093 0.000006 0.000008 0.000004 0.000001 -0.000001 -0.000001 0.000077 0.000599 0.000123 0.000007 0.000000 0.000002 0.000005 0.000013 0.000017 0.000033 0.000031 0.000009 0.000736 0.000016 0.000005 0.006173 -0.000103 -0.000030 -0.000002 0.000001 0.000000 -0.000000 -0.000006 -0.000007 -0.000013 -0.000008 -0.000006 0.000003 0.000012 0.000016 0.000289 0.000006 0.000000 0.000000 0.000000 0.000018 0.000011 0.000017 0.000020 0.000004 0.000006
-0.000006 -0.000014 -0.000117 -0.000044 -0.000016 -0.000011 -0.000013 -0.000002 0.000000 -0.000002 -0.000008 -0.000005 -0.000004 0.000007 0.000058 0.000004 0.000001 0.000000 0.000000 0.000001 0.000090 0.000388 0.000007 0.000292 0.000020 0.000000 0.000000 0.000004 0.000010 0.000015 0.000021 0.000004 0.000000 0.000727 0.000021 0.000005 0.000021 0.000061 -0.000007 -0.000000 -0.000000 -0.000000 -0.000003 -0.000016 -0.000070 -0.000029 -0.000020 -0.000005 0.000004 0.000013 0.000022 0.000241 0.000016 -0.000000 0.000001 0.000000 0.000007 0.000003 0.000006 0.000009 0.000000 0.000000
-0.000013 -0.000021 -0.000199 -0.000033 -0.000023 -0.000017 -0.000028 -0.000009 -0.000003 -0.000009 -0.000017 -0.000049 -0.000006 0.000002 0.000001 0.000000 0.000000 -0.000000 0.000006 0.000020 0.000221 0.000018 0.000007 0.000234 0.000071 0.000035 0.000001 0.000001 0.000003 0.000008 0.000002 0.000000 0.000309 0.000650 0.000023 0.000006 0.000020 0.000030 0.001557 -0.000007 -0.000027 -0.000063 -0.000155 -0.000748 -0.000058 -0.000024 -0.000004 0.000002 0.000003 0.000007 0.000014 0.000104 0.000047 -0.000000 0.000000 0.000000 0.000000 0.000000 0.000000 0.000000 -9999.000000 -9999.000000
-0.000016 -0.000163 -0.000101 -0.000022 -0.000024 -0.000026 -0.000030 -0.000010 -0.000014 -0.000019 -0.000023 -0.000101 -0.000008 0.000000 0.000000 -0.000001 0.000011 0.000029 0.000027 0.000042 0.000164 0.000019 0.000007 0.000140 0.000042 0.000035 0.000008 0.000000 0.000000 0.000000 0.000000 0.000072 0.000585 0.000029 0.000026 0.000008 0.000020 0.000030 0.000030 0.018471 -0.000201 -0.000101 0.000198 0.000033 0.000040 0.000054 0.000014 0.000000 0.000000 0.000000 0.000004 0.000012 0.000028 0.000000 0.000000 -9999.000000 -9999.000000 -9999.000000 -9999.000000 -9999.000000 -9999.000000 -9999.000000
-0.000012 -0.000176 -0.000033 -0.000017 -0.000021 -0.000012 -0.000029 -0.000059 -0.000010 -0.000020 -0.000023 -0.000139 -0.000013 -0.000006 -0.000002 -0.000006 0.000006 0.000007 0.000007 0.000025 0.000072 0.000016 0.000009 0.000084 0.000031 0.000031 0.000048 0.000029 0.000003 -0.000003 0.000002 0.000353 0.000046 0.000020 0.000035 0.000009 0.000019 0.000028 0.000027 0.000319 0.000190 0.000005 0.000010 0.000022 0.000031 0.000039 0.000085 0.000036 0.000006 -0.000005 0.000000 0.000000 0.000000 -9999.000000 -9999.000000 -9999.000000 -9999.000000 -9999.000000 -9999.000000 -9999.000000 -9999.000000 -9999.000000
-0.000012 -0.000452 -0.000002 -0.000013 -0.000011 -0.000021 -0.000034 -0.000104 -0.000007 -0.000020 -0.000020 -0.000254 -0.000018 -0.000013 -0.000004 -0.000009 -0.000000 -0.000000 -0.000000 0.000004 0.000006 0.000007 0.000009 0.000029 0.000020 0.000014 0.000019 0.000008 0.000006 0.000027 0.000047 0.000350 0.000046 0.000014 0.000027 0.000010 0.000014 0.000021 0.000020 0.000115 0.000440 0.000005 0.000000 0.000005 0.000011 0.000009 0.000047 0.000013 0.000002 -0.000008 -9999.000000 -9999.000000 -9999.000000 -9999.000000 -9999.000000 -9999.000000 -9999.000000 -9999.000000 -9999.000000 -9999.000000 -9999.000000 -9999.000000
-0.000021 -0.000508 -0.000000 -0.000011 -0.000007 -0.000021 -0.000029 -0.000180 -0.000016 -0.000012 -0.000016 -0.000260 -0.000004 -0.000017 -0.000010 -0.000016 -0.000003 -0.000001 -0.000001 -0.000000 0.000000 0.000000 0.000000 0.000010 0.000007 0.000006 0.000003 0.000009 0.000010 0.000039 0.000034 0.000262 0.000053 0.000015 0.000025 0.000005 0.000012 0.000010 0.000008 0.000142 0.000287 0.000015 -0.000001 0.000000 0.000000 0.000001 0.000008 0.000004 0.000000 -9999.000000 -9999.000000 -9999.000000 -9999.000000 -9999.000000 -9999.000000 -9999.000000 -9999.000000 -9999.000000 -9999.000000 -9999.000000 -9999.000000 -9999.000000
-0.000024 -0.000426 -0.000006 -0.000013 -0.000006 -0.000017 -0.000025 -0.000218 -0.000021 -0.000008 -0.000013 -0.000265 -0.000010 -0.000009 -0.000044 -0.000017 -0.000004 -0.000008 -0.000009 -0.000014 -0.000001 -0.000004 0.000003 0.000007 0.000002 0.000000 0.000001 0.000004 0.000007 0.000030 0.000025 0.000150 0.000102 0.000022 0.000016 0.000005 0.000012 0.000003 0.000000 0.000246 0.000014 0.000006 0.002748 0.000003 -0.000004 0.000000 0.000000 0.000000 -9999.000000 -9999.000000 -9999.000000 -9999.000000 -9999.000000 -9999.000000 -9999.000000 -9999.000000 -9999.000000 -9999.000000 -9999.000000 -9999.000000 -9999.000000 -9999.000000
-0.000024 -0.000490 -0.000014 -0.000018 -0.000006 -0.000016 -0.000017 -0.000092 -0.000142 -0.000007 -0.000015 -0.000301 -0.000017 -0.000020 -0.000043 -0.000015 -0.000005 -0.000013 -0.000123 -0.000048 -0.000007 -0.000005 0.000001 0.000002 0.000000 0.000000 0.000000 0.000000 0.000000 0.000014 0.000024 0.000030 0.000119 0.000019 0.000012 0.000004 0.000008 0.000008 0.000005 0.000313 0.000010 0.000003 0.000010 0.000006 -0.000015 -0.000004 -0.000000 -9999.000000 -9999.000000 -9999.000000 -9999.000000 -9999.000000 -9999.000000 -9999.000000 -9999.000000 -9999.000000 -9999.000000 -9999.000000 -9999.000000 -9999.000000 -9999.000000 -9999.000000
-0.000035 -0.000651 -0.000017 -0.000010 -0.000025 -0.000029 -0.000009 -0.000044 -0.000242 -0.000006 -0.000425 -0.000152 -0.000018 -0.000030 -0.000021 -0.000005 -0.000009 -0.000016 -0.000369 -0.000032 0.000000 0.000000 -0.000000 -0.000000 -0.000001 -0.000005 -0.000006 -0.000014 -0.000010 0.000028 0.000028 0.000027 0.000040 0.000015 0.000007 0.000002 0.000002 0.000005 0.000013 0.000242 0.000012 0.000000 0.000001 0.000000 -0.000000 -0.000005 -9999.000000 -9999.000000 -9999.000000 -9999.000000 -9999.000000 -9999.000000 -9999.000000 -9999.000000 -9999.000000 -9999.000000 -9999.000000 -9999.000000 -9999.000000 -9999.000000 -9999.000000 -9999.000000
-0.000450 -0.000281 -0.000007 -0.000011 -0.000059 -0.000020 -0.000005 -0.000020 -0.000133 -0.000686 -0.000248 -0.000000 -0.000043 -0.000026 -0.000019 -0.000004 -0.000011 -0.000022 -0.000300 -0.000000 -0.000000 -0.000001 -0.000005 -0.000009 -0.000017 -0.000067 -0.000037 -0.000037 0.000010 0.000013 0.000019 0.000017 0.000020 0.000009 0.000002 0.000000 0.000000 0.000002 0.000021 0.000139 0.000018 -0.000000 0.000000 -9999.000000 -9999.000000 -9999.000000 -9999.000000 -9999.000000 -9999.000000 -9999.000000 -9999.000000 -9999.000000 -9999.000000 -9999.000000 -9999.000000 -9999.000000 -9999.000000 -9999.000000 -9999.000000 -9999.000000 -9999.000000 -9999.000000
-0.000581 -0.000135 -0.000029 -0.000133 -0.000016 -0.000007 -0.000008 -0.000011 -0.000076 -0.000617 -0.000000 -0.000002 -0.000066 -0.000019 -0.000008 -0.000011 -0.000018 -0.000679 -0.000109 -0.000015 0.000008 0.000151 0.000030 0.000000 0.000025 -0.000067 -0.000005 0.000004 0.000005 0.000011 0.000009 0.000009 0.000007 0.000003 0.000000 -0.000002 -0.000002 0.000001 0.000016 0.000058 0.000008 0.000000 -9999.000000 -9999.000000 -9999.000000 -9999.000000 -9999.000000 -9999.000000 -9999.000000 -9999.000000 -9999.000000 -9999.000000 -9999.000000 -9999.000000 -9999.000000 -9999.000000 -9999.000000 -9999.000000 -9999.000000 -9999.000000 -9999.000000 -9999.000000
-0.000680 -0.000077 0.000004 0.000001 0.000000 -0.000006 -0.000012 -0.000017 -0.000051 -0.000679 -0.000002 -0.000003 -0.000134 -0.000013 -0.000005 -0.000016 -0.000936 0.000138 0.000032 0.000099 0.000012 0.000021 0.000015 0.000018 0.000009 0.000005 0.000000 0.000000 0.000000 0.000002 0.000001 0.000000 0.000000 0.000000 -0.000003 -0.000008 -0.000006 -0.000000 0.000007 0.000005 0.000002 -9999.000000 -9999.000000 -9999.000000 -9999.000000 -9999.000000 -9999.000000 -9999.000000 -9999.000000 -9999.000000 -9999.000000 -9999.000000 -9999.000000 -9999.000000 -9999.000000 -9999.000000 -9999.000000 -9999.000000 -9999.000000 -9999.000000 -9999.000000 -9999.000000
-0.000673 0.000001 0.000001 -0.000000 -0.000001 -0.000008 -0.000023 -0.000020 -0.000478 -0.000171 -0.000004 -0.000076 -0.000063 -0.000007 -0.000014 -0.001080 0.000127 0.000009 0.000004 0.000012 0.000011 0.000017 0.000013 0.000007 0.000002 -0.000000 -0.000000 -0.000001 0.000000 0.000000 0.000000 0.000000 0.000000 -0.000002 -0.000006 -0.000010 -0.000008 -0.000013 0.000000 0.000000 0.000000 -9999.000000 -9999.000000 -9999.000000 -9999.000000 -9999.000000 -9999.000000 -9999.000000 -9999.000000 -9999.000000 -9999.000000 -9999.000000 -9999.000000 -9999.000000 -9999.000000 -9999.000000 -9999.000000 -9999.000000 -9999.000000 -9999.000000 -9999.000000 -9999.000000
-0.000195 0.000000 0.000000 -0.000003 -0.000007 -0.000013 -0.000033 -0.000026 -0.000690 -0.000111 -0.000006 -0.000159 -0.000027 -0.000015 -0.001074 0.000264 0.000016 0.000013 0.000003 0.000003 0.000009 0.000015 0.000004 0.000001 0.000000 -0.000023 -0.000013 -0.000006 0.000000 -0.000000 -0.000003 -0.000004 -0.000002 -0.000008 -0.000017 -0.000009 -0.000013 -0.000068 -0.000004 -0.000000 -9999.000000 -9999.000000 -9999.000000 -9999.000000 -9999.000000 -9999.000000 -9999.000000 -9999.000000 -9999.000000 -9999.000000 -9999.000000 -9999.000000 -9999.000000 -9999.000000 -9999.000000 -9999.000000 -9999.000000 -9999.000000 -9999.000000 -9999.000000 -9999.000000 -9999.000000
-0.000000 -0.000000 -0.000002 -0.000008 -0.000015 -0.000021 -0.000037 -0.000042 -0.000742 -0.000091 -0.000062 -0.000120 -0.000017 -0.001010 -0.000236 0.000013 0.000011 0.000022 0.000016 0.000018 0.000016 0.000011 0.000000 0.000000 -0.000004 -0.000099 -0.000027 -0.000003 -0.000000 -0.000005 -0.000008 -0.000005 -0.000010 -0.000016 -0.000062 -0.000008 -0.000019 -0.000090 -0.000004 -9999.000000 -9999.000000 -9999.000000 -9999.000000 -9999.000000 -9999.000000 -9999.000000 -9999.000000 -9999.000000 -9999.000000 -9999.000000 -9999.000000 -9999.000000 -9999.000000 -9999.000000 -9999.000000 -9999.000000 -9999.000000 -9999.000000 -9999.000000 -9999.000000 -9999.000000 -9999.000000
