use_cases/Flooding/flood_case/output/hUy_2700.asc
ncols 269
nrows 269
xllcorner 0.000000
yllcorner 0.000000
cellsize 10.000000
NODATA_value -9999.000000
[rows 27 to 53 of 269, columns 124 to 185 of 269]
0.000000 0.000000 0.000000 -0.000135 0.000000 -0.000000 -0.000000 -0.000000 -0.000000 -0.000001 0.000002 -0.000223 -0.005135 -0.000521 -0.001275 -0.000039 -0.000061 -0.000024 -0.000082 -0.004068 -0.000460 -0.000058 -0.000029 -0.000028 -0.000003 -0.000000 -0.000000 -0.010701 -0.018969 0.000092 0.000015 -0.000000 -0.000038 -0.000100 -0.000116 -0.001547 -0.000225 -0.000168 -0.000101 -0.000079 -0.000032 -0.000109 -0.000162 -0.001156 -0.000108 -0.000045 -0.000124 -0.001624 -0.000101 -0.000091 -0.000046 -0.001040 -0.000846 -0.000138 -0.000135 -0.000157 -0.000114 -0.000155 -0.000043 0.000024 0.000019 0.000001
0.000000 0.000000 0.000516 -0.000077 -0.000000 -0.000000 -0.000000 -0.000000 -0.000000 -0.000000 -0.000000 -0.000000 -0.003065 -0.000454 0.000002 0.000024 -0.000028 -0.000103 -0.000093 -0.004973 -0.000251 -0.000051 -0.000037 -0.000244 -0.000051 -0.000022 -0.000049 -0.019784 0.000243 0.000088 0.000001 -0.000004 -0.000044 -0.000094 -0.000955 -0.000858 -0.000135 -0.000140 -0.000146 -0.000104 -0.000034 -0.000098 -0.000220 -0.001573 -0.000102 -0.000043 -0.002022 -0.000824 -0.000070 -0.000041 -0.000085 -0.001844 -0.000335 -0.000387 -0.000271 -0.000758 -0.000749 -0.000270 -0.000051 0.000006 0.000000 0.000000
0.030891 0.050238 0.005194 -0.000816 -0.000000 -0.000000 -0.000000 -0.000000 -0.000000 -0.000000 -0.000044 -0.000040 -0.004076 0.000000 0.000000 0.000000 0.000000 0.000000 0.000000 -0.007603 -0.000165 -0.000087 -0.000131 -0.000652 -0.000118 -0.000043 -0.023279 0.015566 0.000123 0.000114 0.000061 0.000021 -0.000039 -0.000072 -0.001337 -0.000470 -0.000100 -0.000246 -0.000163 -0.000112 -0.000037 -0.000110 -0.000217 -0.001790 -0.000067 -0.000091 -0.003458 -0.000451 -0.000085 -0.000041 -0.006176 -0.014893 0.000353 0.000498 0.000293 0.000681 0.000024 0.000022 0.000004 -0.000000 -0.000010 -0.000034
0.045561 0.086208 0.144671 0.114433 -0.001946 -0.000000 -0.000000 -0.000000 -0.000000 -0.000000 -0.000073 -0.002116 -0.011478 -0.000001 -0.000009 -0.000015 -0.000019 -0.000045 -0.000034 -0.014226 -0.022135 -0.054779 -0.123222 -0.049099 -0.128393 -0.098405 0.004140 0.000167 0.000075 0.000057 0.000033 0.000013 0.000007 0.000006 -0.000007 -0.003336 -0.000349 -0.000318 -0.000213 -0.000142 -0.000046 -0.000120 -0.002263 -0.001047 -0.000046 -0.000103 -0.004237 -0.000792 -0.001231 -0.003891 -0.001330 0.000110 0.000089 0.000144 0.000085 0.000036 0.000011 -0.000000 -0.000000 -0.000038 -0.000022 -0.000063
0.003551 0.019946 0.118185 0.284173 0.184935 -0.029073 -0.000003 -0.000001 -0.016929 -0.123386 -0.125706 0.036308 -0.012023 -0.000005 -0.000031 -0.000033 -0.000073 -0.000110 -0.000097 -0.051513 -0.000445 0.015200 0.000129 0.000038 0.000089 0.049715 0.000225 0.000138 0.000038 0.000018 0.000006 0.000002 0.000013 0.000040 0.000063 -0.000598 -0.005847 -0.000211 -0.000140 -0.000067 -0.000098 -0.000136 -0.002519 -0.000343 -0.000194 -0.128238 -0.032017 -0.001961 0.000234 0.003838 0.000095 0.000077 0.000038 0.000022 0.000031 0.000000 0.000000 -0.000074 -0.000068 -0.000105 -0.000033 -0.000087
0.000000 0.000000 0.000000 0.040745 0.199861 0.158370 0.052292 -0.002733 -0.051230 -0.086720 -0.033743 0.091462 0.153594 -0.000076 -0.000084 -0.000047 -0.000120 -0.001379 -0.057427 -0.004718 0.000105 0.000105 0.000073 0.000024 0.000057 0.000414 0.000154 0.000104 0.000012 0.000000 0.000000 0.000000 0.000005 0.000019 0.000024 0.000010 -0.007636 -0.000164 -0.000108 -0.000040 -0.000110 -0.009239 -0.007595 0.000371 -0.008764 0.006994 0.000901 0.000183 0.000155 0.000126 0.000077 0.000031 -0.000000 -0.000000 -0.000000 -0.000004 -0.000038 -0.000181 -0.000484 -0.000103 -0.000029 -0.000065
0.000000 0.000000 0.000000 0.000000 0.001763 0.034299 0.025576 -0.003690 -0.009630 0.032660 0.034997 0.105305 0.201693 -0.006676 -0.000090 -0.000045 -0.000126 -0.026578 -0.014350 0.000067 0.000047 0.000027 0.000010 0.000000 0.000000 0.000010 0.000024 0.000071 -0.000000 -0.000001 -0.000006 -0.000006 -0.000000 -0.000000 -0.000000 -0.000000 -0.002514 -0.003401 -0.000079 -0.000103 -0.149438 -0.042997 -0.000801 0.000065 0.000090 0.000090 0.000222 0.000118 0.000085 0.000042 0.000019 -0.000000 -0.000003 -0.000041 -0.000024 -0.000063 -0.000113 -0.000877 -0.000364 -0.000119 -0.000029 -0.000063
0.000000 0.000000 0.000000 0.000000 0.000000 0.000000 0.000000 0.000000 0.000131 0.000000 0.000025 0.052027 0.241664 0.060625 -0.017282 -0.024756 -0.026690 -0.012726 0.000024 0.000029 0.000000 0.000000 0.000000 -0.000103 -0.000011 0.000000 0.000000 -0.000000 -0.000011 -0.000049 -0.000039 -0.000021 -0.000026 -0.000022 -0.000018 -0.000021 -0.001647 -0.038352 -0.099707 -0.015111 0.006018 0.000259 0.000157 0.000051 0.000023 0.000017 0.000044 0.000026 0.000009 -0.000000 -0.000000 -0.000017 -0.000091 -0.000318 -0.000043 -0.000117 -0.001054 -0.000617 -0.000245 -0.000129 -0.000037 -0.000084
0.000000 0.000000 0.000000 0.000000 0.000000 0.000000 0.000000 0.000000 0.000000 0.000000 0.000029 0.003117 0.195161 0.105839 -0.012110 -0.009032 0.000514 0.000030 0.000004 -0.000000 -0.000011 -0.000039 -0.000019 -0.000322 -0.000052 -0.000019 -0.000192 -0.000064 -0.000033 -0.000224 -0.000037 -0.000063 -0.000079 -0.000093 -0.000115 -0.000425 -0.025039 -0.002984 0.000064 0.000099 0.000088 0.000240 0.000171 0.000083 0.000034 0.000004 -0.000000 -0.000000 -0.000000 -0.000012 -0.000049 -0.000091 -0.000207 -0.000935 -0.000049 -0.000415 -0.001377 -0.000322 -0.000140 -0.000198 -0.000094 -0.000059
0.000000 0.000000 0.000000 0.000000 0.000000 0.000000 0.000000 0.000000 0.000000 0.000000 0.000020 0.000785 0.147131 0.124418 0.009603 0.000004 0.000007 0.000000 -0.000000 -0.000032 -0.000090 -0.000093 -0.000037 -0.000658 -0.000132 -0.000309 -0.000248 -0.000154 -0.000110 -0.000112 -0.000196 -0.000106 -0.000142 -0.000177 -0.000180 -0.036333 -0.008429 0.000020 0.000001 0.000000 0.000002 0.000009 0.000042 0.000025 0.000013 -0.000000 -0.000019 -0.000040 -0.000024 -0.000065 -0.000126 -0.000178 -0.000294 -0.001907 -0.000515 -0.001337 -0.000509 -0.000169 -0.000070 -0.000471 -0.000107 -0.000037
0.000000 0.000000 0.000000 0.000000 0.000000 0.000000 0.000000 0.000000 0.000000 0.000000 0.000003 0.000491 0.076516 0.166136 0.039399 0.000012 -0.000000 -0.000001 -0.000006 -0.000207 -0.000096 -0.000179 -0.000038 -0.001927 -0.001168 -0.000645 -0.000162 -0.000138 -0.000067 -0.000142 -0.000249 -0.000320 -0.000178 -0.000218 -0.002552 -0.049427 -0.000000 -0.000000 -0.000000 -0.000000 0.000000 0.000000 -0.000000 -0.000000 -0.000000 -0.000012 -0.000074 -0.000119 -0.000127 -0.000159 -0.000311 -0.000190 -0.002061 -0.001536 -0.000401 -0.000636 -0.000157 -0.000182 -0.000554 -0.000276 -0.000064 -0.000028
0.002977 0.002955 0.000691 0.000000 0.000000 0.000000 -0.000000 0.000000 0.000000 0.000000 0.000000 0.000221 0.033880 0.186576 0.108537 0.005534 -0.000179 -0.000048 -0.000065 -0.000106 -0.000093 -0.001360 -0.001235 -0.000492 -0.000000 -0.000000 -0.000115 -0.000065 -0.000114 -0.000153 -0.000285 -0.001067 -0.001707 -0.000522 -0.029418 -0.046727 -0.000027 -0.000080 -0.000076 -0.000087 -0.000050 -0.000010 -0.000029 -0.000028 -0.000019 -0.000059 -0.000197 -0.000147 -0.000215 -0.000239 -0.000286 -0.000529 -0.006639 -0.001138 -0.000433 -0.000392 -0.000244 -0.000521 -0.000443 -0.000153 -0.000072 -0.000034
0.000004 0.000025 0.000336 0.002173 -0.000000 -0.000000 -0.000000 -0.000000 0.000000 0.000001 0.000165 0.000482 0.001104 0.083600 0.195992 0.097740 0.036596 0.039111 -0.018120 -0.011527 -0.000652 -0.004954 -0.000777 -0.000181 -0.000042 -0.000028 -0.000176 -0.000120 -0.000708 -0.038695 -0.066521 -0.033664 -0.021209 -0.011402 -0.022637 0.008119 0.051315 -0.010143 -0.000936 -0.000136 -0.000105 -0.000056 -0.000075 -0.000038 -0.000076 -0.000132 -0.000309 -0.000160 -0.001047 -0.111226 -0.036479 0.015601 -0.009053 -0.003209 -0.000355 -0.000235 -0.000389 -0.001516 -0.000286 -0.000152 -0.000067 -0.000101
0.000000 0.000000 0.000000 0.000250 -0.001669 -0.003455 0.001047 -0.000000 0.000000 0.000002 0.000486 0.000055 0.000090 0.000252 0.047841 0.072291 0.057572 0.066002 0.064494 0.092776 0.051234 0.013158 -0.024804 -0.000134 -0.000049 -0.005741 -0.095937 -0.060452 -0.020726 -0.047332 -0.080324 -0.028050 -0.004479 0.029230 0.042935 0.045238 0.050962 0.096760 0.026027 -0.000462 -0.000141 -0.000131 -0.000120 -0.000044 -0.000125 -0.000452 -0.077707 -0.149379 -0.016027 -0.058792 0.013417 0.023955 0.028725 0.060842 -0.066207 -0.046591 -0.065798 -0.011063 -0.002347 -0.004998 -0.012130 -0.013172
0.000000 0.000000 0.000000 0.000000 0.000000 0.000000 0.000318 0.000235 0.000000 0.000003 0.000512 0.000139 0.000041 0.000140 0.000192 0.003035 0.043627 0.042576 0.045578 0.070913 0.077663 0.059740 0.055077 -0.006878 -0.015130 -0.011178 -0.046948 -0.026560 -0.008089 -0.010057 -0.014481 0.001048 0.000104 0.000081 0.000074 0.000047 0.000954 0.080846 0.099997 0.022361 -0.009483 -0.000190 -0.001384 -0.007024 -0.136280 -0.021971 -0.045076 -0.063411 0.003400 -0.025129 0.060014 0.019160 0.020271 0.121327 0.015688 0.056792 0.129350 0.123655 -0.201564 -0.057128 -0.000710 0.000000
0.000000 0.000000 0.000000 0.000000 0.000000 0.000000 0.000000 0.001274 -0.000001 0.000005 0.000312 0.000151 0.000050 0.000229 0.000274 0.000329 0.000502 0.000324 0.004532 0.035285 0.032963 0.031443 0.022866 -0.006977 -0.010628 -0.003179 -0.004130 -0.005493 -0.000078 0.026604 0.018490 0.000000 0.000000 0.000007 0.000023 0.000061 0.000081 0.017909 0.043425 0.033970 0.009711 0.000246 0.004544 0.006143 -0.067192 -0.016959 -0.024910 0.041567 0.044624 0.001849 0.000266 0.000205 0.000072 0.000495 0.001030 0.000324 0.000167 0.000060 0.000161 0.113732 -0.001273 -0.000004
0.000000 0.000000 0.000000 0.000000 0.000000 0.000000 0.000000 0.000185 0.000154 0.000000 0.000045 0.000094 0.000045 0.000336 0.000179 0.000264 0.000260 0.000581 0.000419 0.000101 0.023797 0.012442 0.000071 0.001766 0.000170 0.000081 0.001868 0.015691 0.002280 0.036438 0.060020 -0.000134 -0.000005 0.000000 0.000000 0.000011 0.000036 0.000058 0.000225 0.018110 0.038260 0.034958 0.048871 0.064939 0.081538 0.053372 0.011359 0.000443 0.000467 0.000351 0.000264 0.000212 0.000102 0.000826 0.000249 0.000400 0.000168 0.000072 0.000196 0.064719 0.222260 0.010790
0.000000 0.000000 0.000000 0.000000 0.000000 0.000000 0.000000 0.000000 0.003385 -0.000004 0.000000 0.000059 0.000031 0.000212 0.000120 0.000182 0.000188 0.000271 0.000183 0.000081 0.016072 0.000149 0.000160 0.000229 0.000056 0.000145 0.000427 0.003169 0.000026 0.015933 0.060757 0.002398 0.011719 -0.000057 -0.000033 0.000000 0.000000 0.000005 0.000026 0.000046 0.000213 0.002423 0.000727 0.000054 0.000134 0.000090 0.000219 0.000186 0.000526 0.000308 0.000295 0.000278 0.000239 0.000378 0.000265 0.000173 0.000115 0.000077 0.000183 0.000281 0.003047 0.209164
0.000000 0.000000 0.000000 0.000000 0.000000 0.000000 0.000000 0.000000 0.005264 0.002333 0.000081 0.000055 0.000046 0.000128 0.000097 0.000130 0.000072 0.000169 0.000277 0.000526 0.011431 0.000154 0.000158 0.000105 0.000060 0.000078 0.000999 0.002238 0.000040 0.001700 0.030199 0.002291 0.018052 0.017475 -0.023219 0.000267 -0.000044 0.000000 0.000000 0.000000 0.000009 0.000711 0.000544 0.000000 0.000000 0.000000 0.000000 0.000033 0.000291 0.000300 0.000274 0.000255 0.000199 0.000114 0.000174 0.000078 0.000028 0.000071 0.000142 0.000359 0.000586 0.000308
0.000000 0.000000 0.000000 0.000000 0.000000 0.000000 0.000000 0.000000 0.000000 0.002401 0.000413 0.000015 0.000088 0.000040 0.000099 0.000078 0.000071 0.000373 0.000763 0.000319 0.007011 0.000153 0.000104 0.000027 0.000064 0.000022 0.002253 0.000086 0.000050 0.000160 0.031217 0.000151 0.000087 0.000204 0.016847 0.107672 -0.099790 0.012483 -0.000064 -0.000045 -0.000038 0.000000 -0.000045 -0.000487 0.001326 0.002431 -0.000045 0.000000 0.000099 0.000297 0.000131 0.000099 0.000059 0.000045 0.000027 0.000010 0.000004 0.000008 0.000091 0.000287 0.000420 0.000232
0.000000 0.000000 0.000000 0.000000 0.000000 0.000000 0.000000 0.000000 0.000000 0.000000 0.002467 0.000000 0.000087 0.000042 0.000092 0.000062 0.000088 0.001392 0.000023 0.000000 0.007167 0.000102 0.000067 0.000020 0.000066 0.000101 0.002108 0.000029 0.000071 0.000176 0.029029 0.000119 0.000154 0.000069 0.000105 0.000170 0.033655 0.025677 0.193232 0.017153 0.024178 0.030058 0.006471 0.013883 0.004009 0.009383 0.013537 -0.000010 0.000033 0.000100 0.000045 0.000015 0.000000 0.000000 0.000000 0.000000 0.000000 0.000000 0.000040 0.000186 0.000107 0.000156
0.000000 0.000000 0.000000 0.000000 0.000000 0.000000 0.000000 0.000000 0.000000 0.000001 0.002266 0.000359 0.000099 0.000031 0.000105 0.000129 0.000120 0.000510 0.000000 -0.000010 0.007676 0.000041 0.000053 0.000026 0.000090 0.000138 0.001154 0.000022 0.000047 0.000144 0.027583 0.000138 0.000114 0.000093 0.000038 0.000155 0.000687 0.000058 0.000853 0.000796 0.000044 0.001816 0.002015 0.000174 0.000121 0.000043 0.020312 0.002350 0.000000 -0.000000 -0.000000 -0.000000 -0.000009 -0.000015 -0.000172 -0.000072 -0.000057 -0.000010 0.000008 0.000081 0.000041 0.000069
0.000000 0.000000 0.000000 0.000000 0.000000 0.000000 0.000000 0.000000 0.000000 0.000001 0.001106 0.000678 0.000055 0.000036 0.000122 0.000119 0.000116 0.000011 0.000354 0.000868 0.008544 0.000066 0.000084 0.000025 0.000096 0.000154 0.001074 0.000022 0.000020 0.000282 0.009551 0.000093 0.000079 0.000072 0.000038 0.000132 0.000307 0.000060 0.000168 0.001275 0.000048 0.000115 0.003795 0.000091 0.000080 0.000032 0.000092 0.012591 -0.000018 -0.000014 -0.000023 -0.000022 -0.000075 -0.000064 -0.000770 -0.000405 -0.000350 -0.000013 0.000002 0.000044 0.000047 0.000019
0.000000 0.000000 0.000000 0.000000 0.000000 0.000000 0.000000 0.000000 0.000001 0.000002 0.000087 0.001510 0.000041 0.000054 0.000092 0.000121 0.000104 0.000405 0.000285 0.000313 0.004533 0.000065 0.000089 0.000034 0.000092 0.000122 0.000807 0.000050 0.000034 0.001081 0.002854 0.000020 0.000026 0.000025 0.000024 0.000071 0.000023 0.000060 0.000146 0.000805 0.000050 0.000143 0.003050 0.000005 0.000031 0.000024 0.000074 0.010983 0.004321 0.001655 -0.000986 -0.003451 -0.049339 0.003230 0.013735 -0.000249 0.000001 0.000003 0.000000 0.000000 0.000014 0.000011
0.000000 0.000000 0.000000 0.000000 0.000000 0.000000 0.000000 0.000000 0.000001 0.000004 0.000077 0.001455 0.000097 0.000087 0.000037 0.000127 0.000208 0.000829 0.000082 0.000061 0.003973 0.000134 0.000125 0.000039 0.000083 0.000061 0.000110 0.000036 0.000013 0.001610 0.004326 0.000000 0.000000 0.000000 0.000000 0.000000 0.000000 0.000012 0.000095 0.000433 0.000040 0.000135 0.003357 0.000000 0.000000 0.000018 0.000080 0.005040 0.001599 0.003802 0.009358 0.000206 0.000089 0.000051 0.000079 0.002605 0.000010 -0.000000 -0.000002 -0.000004 0.000000 0.000009
0.000000 -0.000000 -0.000000 -0.000000 -0.000000 -0.000000 0.000000 0.000000 0.000001 0.000006 0.000071 0.001004 0.000142 0.000092 0.000035 0.000104 0.000180 0.000333 0.000111 0.000000 0.004072 0.000129 0.000106 0.000035 0.000087 0.000073 0.000115 0.000000 0.000000 0.003574 0.056482 -0.000011 -0.000039 -0.000031 -0.000027 -0.000015 -0.000023 0.000000 0.000024 0.000050 0.000035 0.000124 0.002170 0.000437 -0.000001 0.000021 0.000054 0.006128 0.000288 0.000059 0.000806 0.000580 0.000098 0.000072 0.000028 0.002608 0.000436 0.000324 0.000439 0.000127 0.000062 0.000007
0.000000 0.000000 -0.000000 -0.000005 0.000001 0.000002 0.000002 0.000002 0.000002 0.000007 0.000041 0.000461 0.000115 0.000070 0.000027 0.000082 0.000134 0.000166 0.000136 0.000731 0.003783 0.000147 0.000096 0.000031 0.000031 0.000020 0.000014 -0.000001 -0.000036 0.012932 0.006857 0.016721 0.005609 0.001459 -0.000052 -0.000068 -0.000086 -0.000019 0.000000 0.000000 0.000032 0.000096 0.000152 0.001304 0.000143 0.000026 0.000068 0.003104 0.000472 0.000057 0.000018 0.000848 0.000121 0.000078 0.000033 0.001536 0.000176 0.000080 0.000137 0.000072 0.000032 0.000000
