use_cases/Flooding/flood_case/output/hUy_5400.asc
ncols 269
nrows 269
xllcorner 0.000000
yllcorner 0.000000
cellsize 10.000000
NODATA_value -9999.000000
[rows 135 to 161 of 269, columns 61 to 121 of 269]
0.000878 0.000767 0.000775 0.000205 0.000590 -0.000090 -0.000577 0.000153 0.000004 0.000007 0.000007 0.000005 0.000011 0.000008 0.000009 0.000018 0.000030 0.000027 0.000015 0.000000 -0.000002 -0.000005 -0.000001 -0.000006 -0.000011 -0.000017 -0.000184 -0.000033 0.000000 -0.000050 -0.000030 -0.000032 -0.000483 0.000257 0.000011 0.000003 -0.000004 -0.000008 -0.000005 -0.000007 -0.000010 -0.000005 -0.000011 -0.000010 -0.000004 -0.000002 -0.000436 -0.000012 -0.000002 -0.010909 -0.001230 0.000002 0.000004 0.000008 0.000010 0.000007 0.000069 0.000015 0.000005 0.000086 0.000018
0.000042 0.000019 0.000014 0.000006 0.000054 0.000021 0.000036 0.000051 0.000015 0.000007 0.000005 0.000001 0.000001 0.000001 0.000000 0.000000 0.000002 0.000005 0.000002 0.000000 -0.000005 -0.000010 -0.000006 -0.000005 -0.000009 -0.000012 -0.007875 -0.000023 -0.000004 -0.000026 -0.000032 -0.000947 0.000209 0.000006 -0.000000 -0.000000 -0.000000 -0.000005 -0.000011 -0.000020 -0.000060 -0.000008 -0.000022 -0.000025 -0.000014 -0.000012 -0.003722 -0.001273 -0.017755 -0.003549 0.000000 0.000000 0.000000 0.000000 0.000000 0.000006 0.000026 0.000012 0.000004 0.000033 0.000008
0.000022 0.000014 0.000013 0.000009 0.000014 0.000003 0.000009 0.000078 0.000009 0.000003 0.000002 0.000000 -0.000000 -0.000000 -0.000001 -0.000000 0.000000 0.000000 0.000000 0.000000 -0.000006 -0.000018 -0.000062 -0.000015 -0.000006 0.000004 0.000005 -0.004421 -0.000015 -0.000013 -0.000651 -0.000008 0.000004 -0.000000 -0.000003 -0.000005 -0.000006 -0.000017 -0.000006 -0.000022 -0.000064 -0.000022 -0.000025 -0.000035 -0.000015 -0.000012 -0.017407 0.017534 0.005888 0.000138 0.000136 0.000017 0.000000 -0.000005 -0.000006 0.000010 0.000012 0.000008 0.000002 0.000002 0.000000
0.000007 0.000007 0.000007 0.000007 0.000005 0.000002 0.000006 0.000032 0.000003 0.000000 -0.000000 -0.000000 -0.000004 -0.000002 -0.000006 -0.000002 -0.000001 -0.000001 -0.000002 -0.000002 -0.000010 -0.000023 -0.000128 -0.000015 0.000000 0.000000 0.000000 0.000000 -0.000019 -0.000014 -0.000490 -0.000000 -0.000000 -0.000002 -0.000039 -0.000011 -0.000006 -0.000056 -0.000005 -0.000014 -0.000031 -0.000035 -0.000028 -0.000052 -0.012807 -0.006994 -0.018596 0.000027 0.000015 0.000025 0.000038 0.000116 0.000092 0.000047 0.000026 0.000009 0.000007 0.000004 0.000001 0.000000 -0.000000
0.000000 0.000001 0.000002 0.000001 0.000000 0.000001 0.000002 0.000005 0.000000 -0.000000 -0.000002 -0.000010 -0.000008 -0.000006 -0.000012 -0.000004 -0.000005 -0.000011 -0.000016 -0.000012 -0.000008 -0.000019 -0.000152 -0.000014 -0.000008 -0.000003 -0.000004 -0.000001 -0.000014 -0.001284 -0.000251 0.000041 0.000014 0.000116 -0.000070 -0.000021 -0.000028 -0.000008 -0.000004 -0.000011 -0.000004 -0.000026 -0.001234 -0.019856 0.011863 0.002687 0.000831 0.000027 0.000003 0.000011 0.000007 0.000056 0.000022 0.000011 0.000014 0.000004 0.000002 0.000000 0.000000 -0.000001 -0.000001
0.000000 0.000000 0.000000 0.000000 0.000000 0.000000 0.000000 0.000000 -0.000000 -0.000007 -0.000010 -0.000011 -0.000007 -0.000004 -0.000013 -0.000016 -0.000015 -0.000016 -0.000023 -0.000014 -0.000006 -0.000018 -0.000100 -0.000019 -0.000013 -0.000005 -0.000012 -0.000004 -0.000015 -0.035807 0.000011 0.000004 0.000001 0.000007 0.000003 -0.000000 -0.000023 -0.000011 -0.000004 -0.000010 -0.000000 -0.000007 -0.012101 -0.002793 0.000007 0.000003 0.000151 0.000087 0.000000 0.000003 0.000004 0.000009 0.000008 0.000004 0.000002 0.000000 0.000000 -0.000002 -0.000004 -0.000020 -0.000001
-0.000002 -0.000002 -0.000002 -0.000002 -0.000003 -0.000001 -0.000001 -0.000002 -0.000116 -0.000059 -0.000028 -0.000003 -0.000009 -0.000017 -0.000011 -0.000026 -0.000014 -0.000007 -0.000019 -0.000022 -0.000018 -0.000015 -0.000025 -0.000158 -0.000011 -0.000005 -0.000014 -0.000009 -0.007439 0.000090 0.000002 0.000001 0.000000 0.000000 0.000000 -0.000007 -0.000059 -0.000012 -0.000015 -0.000016 -0.000002 -0.000005 -0.019645 0.000000 0.000001 0.000002 0.000014 0.000310 0.000001 0.000000 0.000000 0.000000 -0.000000 -0.000000 -0.000000 -0.000002 -0.000002 -0.000006 -0.000011 -0.000083 -0.000003
-0.000003 -0.000007 -0.000006 -0.000010 -0.000008 -0.000003 -0.000001 -0.000245 -0.000174 0.000001 0.000001 0.000000 0.000001 -0.000000 -0.000000 -0.000003 -0.000018 -0.000019 -0.000026 -0.000032 -0.000066 -0.000007 -0.000019 -0.000245 -0.000029 -0.000004 -0.000012 -0.003000 0.000002 0.000000 -0.000000 -0.000000 -0.000001 -0.000003 -0.000007 -0.000016 -0.000113 -0.000016 -0.000031 -0.000010 -0.000011 -0.000011 -0.016556 0.000000 0.000000 0.000000 0.000006 0.000063 0.000039 0.000034 -0.000002 -0.000004 -0.000001 -0.000004 -0.000004 -0.000004 -0.000007 -0.000013 -0.000020 -0.000127 -0.000004
-0.000000 -0.000014 -0.000033 -0.000001 -0.000000 -0.000001 -0.000004 -0.000235 0.000003 0.000000 0.000000 -0.000000 -0.000000 -0.000000 -0.000001 -0.000007 -0.000023 -0.000029 -0.000100 -0.000039 -0.000039 -0.000015 -0.000009 -0.000104 -0.000069 -0.000146 -0.000009 -0.000000 -0.000000 -0.000000 -0.000007 -0.000006 -0.000005 -0.000010 -0.000016 -0.000021 -0.000058 -0.000098 -0.000021 -0.000011 -0.000006 -0.001437 -0.012558 -0.000001 -0.000002 -0.000001 0.000000 0.000000 0.000002 0.000087 -0.000010 -0.000009 0.000011 -0.000016 -0.000006 -0.000004 -0.000013 -0.000021 -0.000117 -0.000046 -0.000032
-0.000000 -0.000003 -0.000000 -0.000000 -0.000001 -0.000003 -0.000272 0.000129 0.000001 -0.000000 -0.000000 -0.000002 -0.000007 -0.000005 -0.000002 -0.000010 -0.000019 -0.000093 -0.000374 -0.000034 -0.000030 -0.000016 -0.000007 -0.000051 -0.000177 -0.000060 -0.000000 -0.000004 -0.000015 -0.000012 -0.000013 -0.000006 -0.000011 -0.000024 -0.000015 -0.000018 -0.000131 -0.000052 -0.000016 -0.000006 -0.000009 -0.010689 -0.002120 -0.000005 -0.000004 -0.000003 -0.000000 0.000000 0.000000 0.000000 0.000015 0.000015 0.000011 0.000013 -0.000005 -0.000003 -0.000011 -0.000020 -0.000087 -0.000052 -0.017815
-0.000010 -0.000030 -0.000029 -0.000076 -0.000157 -0.002627 0.000087 0.000003 0.000001 -0.000001 -0.000005 -0.000008 -0.000034 -0.000004 -0.000007 -0.000011 -0.007442 -0.024056 0.004536 0.006470 -0.014666 -0.000140 -0.000019 -0.000020 -0.015443 -0.009758 0.000865 -0.000286 -0.014420 -0.000672 -0.000013 -0.000005 -0.000011 -0.027350 -0.058371 -0.048895 -0.015416 -0.017397 -0.016961 -0.010872 -0.028204 0.000246 0.000058 0.000068 0.000014 -0.000007 -0.000004 -0.000014 0.000000 0.000057 0.000018 0.000015 0.000012 0.000007 0.000000 -0.000005 -0.000013 -0.000016 -0.000048 -0.000214 0.000001
0.000099 0.000255 0.000136 0.000049 0.000026 0.000004 0.000003 0.000001 0.000000 -0.000002 -0.000008 -0.000014 -0.000072 -0.000004 -0.000010 -0.000012 -0.045049 -0.016658 0.006744 0.019128 0.035692 0.013736 0.013633 0.015050 0.007753 0.018997 0.011811 0.009809 0.014459 0.029053 -0.021446 -0.030216 0.006208 0.006501 0.007248 0.007004 0.000027 0.001643 0.001172 0.004683 0.002645 0.000021 0.000030 0.000039 0.000103 0.000079 0.000025 0.000020 0.000017 0.000013 0.000008 0.000005 0.000005 0.000004 0.000000 -0.000007 -0.000017 -0.000013 -0.000013 -0.000024 0.000000
0.000019 0.000013 0.000010 0.000007 0.000005 0.000003 0.000001 0.000000 -0.000001 -0.000005 -0.000015 -0.000020 -0.000108 -0.000004 -0.000011 -0.001268 -0.036619 0.000145 0.000009 0.000004 0.000011 0.000117 0.000023 0.000057 0.000027 0.000025 0.000031 0.000203 0.000027 0.000018 0.000013 0.000235 0.000022 0.000014 0.000008 0.000003 0.000000 0.000181 0.000184 0.000003 0.000008 0.000006 0.000006 0.000006 0.000008 0.000022 0.000016 0.000013 0.000007 0.000005 0.000001 0.000000 0.000000 0.000000 0.000000 -0.000008 -0.000017 -0.000012 -0.000015 -0.001068 -0.000005
0.000003 0.000007 0.000003 0.000002 0.000000 0.000000 0.000000 -0.000001 -0.000004 -0.000009 -0.000018 -0.000019 -0.000083 -0.000025 -0.000021 -0.030442 -0.004660 0.000012 0.000010 0.000006 0.000010 0.000081 0.000025 0.000063 0.000021 0.000009 0.000076 0.000160 0.000077 0.000012 0.000005 0.000250 0.000030 0.000019 0.000008 0.000005 0.000000 0.005145 0.000001 0.000000 0.000000 0.000000 0.000000 0.000000 0.000001 0.000005 0.000006 0.000005 0.000001 -0.000000 -0.000000 -0.000005 0.000004 0.000000 -0.000003 -0.000013 -0.000019 -0.004292 -0.003636 0.008224 -0.005654
0.000000 0.000000 0.000000 -0.000000 -0.000000 -0.000000 -0.000001 -0.000003 -0.000005 -0.000009 -0.000015 -0.000023 -0.000101 -0.000100 -0.028534 -0.045859 0.000077 0.000020 0.000018 0.000013 0.000006 0.000041 0.000021 0.000056 0.000020 0.000019 0.000170 0.000007 0.000040 0.000012 0.000007 0.000256 0.000034 0.000030 0.000006 0.000012 0.000020 0.011157 0.000033 -0.000001 -0.000005 -0.000003 -0.000006 -0.000001 0.000000 0.000000 0.000000 0.000000 0.000000 -0.000083 0.000003 0.000003 0.000001 0.000000 -0.000007 -0.000020 -0.000508 -0.049188 0.016548 0.007141 0.049519
-0.000001 -0.000000 -0.000002 -0.000002 -0.000002 -0.000002 -0.000001 -0.000004 0.000001 -0.000007 -0.000024 -0.016684 -0.019624 0.003618 0.003637 0.012252 0.000015 0.000008 0.000015 0.000009 0.000008 0.000006 0.000003 0.000019 0.000010 0.000068 0.000175 0.000019 0.000013 0.000004 0.000010 0.000112 0.000014 0.000034 0.000007 0.000015 0.000018 0.010126 0.033633 0.016286 -0.002520 -0.000381 -0.000012 -0.000009 -0.000007 -0.000007 -0.000021 -0.000030 -0.000050 -0.000068 0.000000 0.000002 0.000000 -0.000002 -0.000011 -0.000011 -0.013125 0.007325 0.000013 0.000017 0.000008
-0.000006 -0.000005 -0.000014 -0.000009 -0.000008 -0.000004 -0.000001 -0.000002 0.000001 0.000004 0.000006 -0.040576 -0.004398 0.000008 0.000011 0.000020 0.000011 0.000004 0.000005 0.000003 0.000003 0.000001 0.000003 0.000009 0.000011 0.000151 0.000022 0.000020 0.000018 0.000004 0.000010 0.000103 0.000014 0.000027 0.000011 0.000024 0.000031 0.000044 0.000018 0.013658 0.020775 0.012466 -0.011520 -0.027338 -0.011741 -0.000021 -0.000056 -0.000071 -0.000027 0.000000 -0.000000 -0.000000 -0.000001 -0.000009 -0.000012 -0.000557 -0.021152 0.000006 0.000004 0.000012 0.000012
-0.000081 -0.000018 -0.000052 -0.000016 -0.000009 -0.000006 -0.000003 -0.000001 -0.000000 0.000002 0.000002 -0.038311 -0.000172 0.000004 0.000005 0.000003 0.000003 0.000000 0.000000 0.000000 0.000000 0.000000 0.000000 0.000005 0.000019 0.000066 0.000023 0.000017 0.000030 0.000006 0.000012 0.000085 0.000006 0.000015 0.000030 0.000040 0.000017 0.000016 0.000014 0.000017 0.000139 0.000134 0.000117 0.000003 0.024499 -0.011251 -0.000035 -0.000002 -0.000002 -0.000004 -0.000003 -0.000002 -0.000008 -0.000016 -0.000011 -0.024619 0.001491 0.000001 0.000000 0.000001 0.000003
-0.000082 -0.000006 -0.000059 -0.000015 -0.000009 -0.000008 -0.000005 -0.000002 -0.000002 -0.000000 -0.000000 -0.019876 -0.000890 0.000004 0.000001 0.000000 -0.000000 -0.000000 -0.000000 -0.000001 -0.000002 -0.000001 -0.000002 0.000015 0.000022 0.000022 0.000019 0.000015 0.000014 0.000006 0.000008 0.000023 0.000005 0.000024 0.000118 0.000007 0.000003 0.000009 0.000007 0.000016 0.000024 0.000453 0.000035 0.000004 0.000010 0.024084 -0.000100 -0.000007 -0.000010 -0.000010 -0.000009 -0.000005 -0.000013 -0.000011 -0.033314 -0.005058 0.000025 0.000016 0.000015 0.000000 0.000000
-0.000094 -0.000003 -0.000073 -0.000015 -0.000012 -0.000008 -0.000012 -0.000005 -0.000002 -0.000001 -0.000001 -0.020402 -0.000122 0.000002 -0.000000 -0.000000 -0.000001 -0.000011 -0.000012 -0.000016 -0.000013 0.000006 0.000034 0.000018 0.000019 0.000018 0.000011 0.000003 0.000006 0.000004 0.000000 0.000011 0.000002 0.000015 0.000031 0.000001 0.000002 0.000010 0.000007 0.000022 0.000025 0.000330 0.000065 0.000005 0.000012 0.016096 0.030911 -0.000107 -0.000013 -0.000002 -0.000008 -0.000011 -0.000017 -0.007703 -0.014457 0.000005 0.000006 0.000020 0.000021 0.000026 0.000023
-0.000128 -0.000002 -0.000040 -0.000081 -0.000017 -0.000015 -0.000013 -0.000006 -0.000002 -0.000004 -0.000005 -0.042917 -0.000000 -0.000000 -0.000005 -0.000026 -0.000100 -0.001334 0.000016 0.000092 0.000048 0.000006 0.000015 0.000013 0.000012 0.000011 0.000006 0.000001 0.000001 0.000002 -0.000000 0.000009 0.000000 0.000000 0.000000 0.000000 0.000001 0.000010 0.000014 0.000026 0.000014 0.000126 0.000113 0.000006 0.000012 0.000017 0.032514 0.011875 -0.000012 -0.000006 -0.000006 -0.000012 -0.000175 -0.014147 -0.000213 0.000000 0.000001 0.000003 0.000003 0.000005 0.000006
-0.000079 -0.000002 -0.000017 -0.000041 -0.000034 -0.000078 -0.000012 -0.000006 -0.000002 -0.000008 -0.000010 -0.041266 -0.000006 -0.000045 -0.000075 0.000015 0.000003 0.000006 0.000007 0.000005 0.000022 0.000006 0.000005 0.000003 0.000003 0.000003 0.000001 0.000000 0.000000 0.000000 0.000000 0.000000 -0.000001 -0.000004 -0.000006 -0.000019 0.000000 0.000006 0.000009 0.000015 0.000018 0.000026 0.000239 0.000015 0.000008 0.000018 0.000016 0.030536 -0.003178 -0.000009 -0.000028 -0.041153 -0.005093 -0.015184 0.000078 -0.000000 0.000000 0.000000 0.000000 0.000000 0.000000
0.000001 0.000010 0.000068 0.000077 0.000008 -0.000612 -0.000009 -0.000006 -0.000002 -0.000007 -0.000000 -0.045966 0.000045 0.000000 -0.000026 0.000002 0.000008 0.000003 0.000002 0.000001 0.000006 0.000002 0.000000 0.000000 0.000000 0.000000 0.000000 -0.000001 -0.000003 -0.000000 -0.000002 -0.000006 -0.000010 -0.000011 -0.000155 -0.000021 0.000000 0.000006 0.000004 0.000015 0.000031 0.000031 0.000147 0.000043 0.000022 0.000018 0.000020 0.000057 0.050618 0.008137 0.006110 -0.007674 0.000017 0.000014 0.009691 0.000162 -0.000005 -0.000005 -0.000008 -0.000007 -0.000006
0.000001 0.000003 0.000008 0.000001 0.000001 -0.000231 -0.000197 -0.000009 -0.000004 -0.000008 -0.000004 -0.052746 0.000012 0.000003 0.000002 0.000001 0.000001 0.000000 0.000000 0.000000 -0.000000 -0.000000 -0.000002 -0.000004 -0.000006 -0.000006 -0.000002 -0.000004 -0.000012 -0.000006 -0.000014 -0.000014 -0.000020 -0.000177 -0.000013 0.000000 0.000000 0.000000 0.000002 0.000012 0.000024 0.000019 0.000097 0.000056 0.000060 0.000007 0.000016 0.000019 0.000017 0.000051 0.001583 0.000209 0.000057 0.000005 0.000010 0.001183 -0.010704 -0.002060 -0.000016 -0.000013 -0.000008
0.000000 0.000001 0.000000 0.000000 0.000000 -0.000001 -0.000238 -0.000004 -0.000007 -0.000279 -0.052276 -0.014328 0.000003 0.000000 0.000000 0.000000 -0.000000 -0.000000 -0.000000 -0.000001 -0.000007 -0.000009 -0.000026 -0.000017 -0.000015 -0.000012 -0.000003 -0.000007 -0.000015 -0.000020 -0.000024 -0.000017 -0.000024 -0.000204 -0.000005 -0.000003 -0.000001 0.000000 0.000000 0.000006 0.000003 0.000013 0.000020 0.000029 0.000096 0.000007 0.000017 0.000014 0.000007 0.000023 0.000303 0.000127 0.000131 0.000010 0.000008 0.000012 0.000013 0.022577 -0.002802 -0.000014 -0.000007
-0.000000 0.000000 -0.000000 -0.000002 -0.000000 -0.000000 -0.000092 -0.000133 -0.000186 -0.033183 -0.009390 0.000001 -0.000000 -0.000000 -0.000003 -0.000003 -0.000001 -0.000004 -0.000005 -0.000006 -0.000005 -0.000013 -0.000085 -0.000021 -0.000018 -0.000013 -0.000005 -0.000014 -0.000020 -0.000031 -0.000069 -0.000007 -0.000018 -0.007797 -0.000011 -0.000014 -0.000005 -0.000005 -0.000001 0.000000 0.000000 0.000005 0.000007 0.000020 0.000052 0.000007 0.000010 0.000004 0.000000 0.000005 0.000182 0.000005 0.000202 0.000011 0.000016 0.000007 0.000015 0.000014 0.002990 -0.000947 -0.000878
-0.000002 -0.000001 -0.000005 -0.000004 -0.000005 -0.000003 -0.000000 -0.000069 -0.000139 -0.024224 -0.000001 -0.000000 -0.000000 -0.000008 -0.000014 -0.000009 -0.000006 -0.000016 -0.000011 -0.000009 -0.000004 -0.000014 -0.000156 -0.000016 -0.000008 -0.000018 -0.000042 -0.000009 -0.000021 -0.000029 -0.000101 -0.000004 -0.008924 0.000154 -0.000008 -0.000326 -0.000325 -0.000013 -0.000007 -0.000007 -0.000003 0.000000 0.000012 0.000017 0.000013 0.000008 0.000000 0.000000 0.000011 0.000309 0.000018 0.000012 0.000184 0.000006 0.000013 0.000007 0.000017 0.000019 0.000026 0.000398 0.013894
