use_cases/Flooding/flood_case/output/hUy_5400.asc
ncols 269
nrows 269
xllcorner 0.000000
yllcorner 0.000000
cellsize 10.000000
NODATA_value -9999.000000
[rows 54 to 80 of 269, columns 183 to 243 of 269]
0.000005 0.000001 -0.000000 -0.000003 -0.000001 0.000095 0.000641 0.000064 0.000005 0.000001 0.000003 0.000002 0.000007 0.000018 0.000222 0.000026 0.000030 0.000036 0.000076 0.000017 0.000005 0.000001 -0.000000 -0.000002 -0.000004 -0.000008 -0.000108 -0.000015 -0.000013 -0.000007 -0.000005 -0.000015 -0.000072 -0.000006 -0.000002 0.000000 0.000000 -9999.000000 -9999.000000 -9999.000000 -9999.000000 -9999.000000 -9999.000000 -9999.000000 -9999.000000 -9999.000000 -9999.000000 -9999.000000 -9999.000000 -9999.000000 -9999.000000 -9999.000000 -9999.000000 -9999.000000 -9999.000000 -9999.000000 -9999.000000 -9999.000000 -9999.000000 -9999.000000 -9999.000000
0.000002 0.000000 -0.000001 -0.000004 0.018330 0.000212 0.000005 0.000116 0.000010 0.000006 0.000007 0.000003 0.000009 0.000023 0.000152 0.000018 0.000015 0.000011 0.000020 0.000013 0.000006 0.000001 -0.000001 -0.000006 -0.000010 -0.000014 -0.000164 -0.000019 -0.000012 -0.000008 -0.000003 -0.000009 -0.000101 -0.000011 -0.000005 -0.000001 0.000000 0.000000 -9999.000000 -9999.000000 -9999.000000 -9999.000000 -9999.000000 -9999.000000 -9999.000000 -9999.000000 -9999.000000 -9999.000000 -9999.000000 -9999.000000 -9999.000000 -9999.000000 -9999.000000 -9999.000000 -9999.000000 -9999.000000 -9999.000000 -9999.000000 -9999.000000 -9999.000000 -9999.000000
0.000001 -0.000000 -0.000002 0.000014 0.000144 0.000010 0.000003 0.000098 0.000014 0.000010 0.000007 0.000002 0.000007 0.000035 0.000091 0.000013 0.000011 0.000008 0.000005 0.000011 0.000003 0.000002 0.000001 -0.000001 -0.000021 -0.000033 -0.000232 -0.000017 -0.000008 -0.000014 -0.000003 -0.000007 -0.000052 -0.000173 -0.000010 -0.000004 -0.000001 0.000000 0.000000 -9999.000000 -9999.000000 -9999.000000 -9999.000000 -9999.000000 -9999.000000 -9999.000000 -9999.000000 -9999.000000 -9999.000000 -9999.000000 -9999.000000 -9999.000000 -9999.000000 -9999.000000 -9999.000000 -9999.000000 -9999.000000 -9999.000000 -9999.000000 -9999.000000 -9999.000000
0.000001 0.000004 0.000012 0.000083 0.000010 0.000009 0.000003 0.000066 0.000010 0.000008 0.000006 0.000002 0.000006 0.000053 0.000027 0.000007 0.000003 0.000002 0.000001 0.000002 0.000001 0.000002 0.000003 0.000003 0.000001 -0.000007 -0.000237 -0.000015 -0.000011 -0.000025 -0.000003 -0.000009 -0.000042 -0.000227 -0.000011 -0.000006 -0.000009 -0.000002 0.000000 0.000001 0.000005 -9999.000000 -9999.000000 -9999.000000 -9999.000000 -9999.000000 -9999.000000 -9999.000000 -9999.000000 -9999.000000 -9999.000000 -9999.000000 -9999.000000 -9999.000000 -9999.000000 -9999.000000 -9999.000000 -9999.000000 -9999.000000 -9999.000000 -9999.000000
0.000000 0.000001 0.000003 0.000020 0.000003 0.000003 0.000002 0.000030 0.000003 0.000003 0.000002 0.000001 0.000003 0.000006 0.000025 0.000001 0.000000 0.000000 0.000000 0.000000 0.000000 0.000000 0.000001 0.000001 0.000000 -0.000003 -0.000085 -0.000221 -0.000014 -0.000016 -0.000006 -0.000004 -0.000020 -0.000203 -0.000012 -0.000010 -0.000017 -0.000005 -0.000001 0.000001 0.000003 0.000000 -9999.000000 -9999.000000 -9999.000000 -9999.000000 -9999.000000 -9999.000000 -9999.000000 -9999.000000 -9999.000000 -9999.000000 -9999.000000 -9999.000000 -9999.000000 -9999.000000 -9999.000000 -9999.000000 -9999.000000 -9999.000000 -9999.000000
-0.000001 -0.000000 -0.000000 -0.000000 0.000000 0.000000 0.000001 0.000003 0.000000 0.000000 0.000000 0.000000 0.000000 0.000001 0.000003 0.000000 -0.000002 -0.000014 -0.000004 -0.000002 -0.000001 0.000000 0.000000 0.000000 0.000000 -0.000000 -0.000044 -0.000501 -0.000022 -0.000011 -0.000006 -0.000002 -0.000011 -0.000233 -0.000014 -0.000026 -0.000011 -0.000004 -0.000001 0.000000 0.000000 0.000000 0.000000 -9999.000000 -9999.000000 -9999.000000 -9999.000000 -9999.000000 -9999.000000 -9999.000000 -9999.000000 -9999.000000 -9999.000000 -9999.000000 -9999.000000 -9999.000000 -9999.000000 -9999.000000 -9999.000000 -9999.000000 -9999.000000
-0.000003 -0.000001 -0.000005 -0.000000 -0.000001 -0.000000 0.000000 -0.000000 -0.000001 -0.000002 -0.000004 -0.000001 -0.000000 -0.000000 -0.000000 -0.000002 -0.000006 -0.000054 -0.000011 -0.000008 -0.000006 -0.000001 -0.000001 0.000001 0.000005 0.000001 0.000001 -0.000292 -0.000072 -0.000013 -0.000008 -0.000002 -0.000009 -0.000344 -0.000060 -0.000022 0.000008 0.000000 -0.000001 -0.000001 -0.000001 -0.000008 -0.000001 0.000000 0.000000 -9999.000000 -9999.000000 -9999.000000 -9999.000000 -9999.000000 -9999.000000 -9999.000000 -9999.000000 -9999.000000 -9999.000000 -9999.000000 -9999.000000 -9999.000000 -9999.000000 -9999.000000 -9999.000000
-0.000003 -0.000033 -0.000016 -0.000007 -0.000003 -0.000001 -0.000001 -0.000004 -0.000008 -0.000034 -0.000010 -0.000005 -0.000002 -0.000004 -0.000005 -0.000007 -0.000014 -0.000106 -0.000015 -0.000012 -0.000008 -0.000004 -0.000001 0.000000 0.000002 0.000000 0.000001 -0.000023 -0.000641 -0.000014 -0.000009 -0.000003 -0.000009 -0.000403 -0.000002 0.000003 0.000002 0.000001 -0.000000 -0.000002 -0.000005 -0.000052 -0.000016 0.000002 0.000001 0.000000 -9999.000000 -9999.000000 -9999.000000 -9999.000000 -9999.000000 -9999.000000 -9999.000000 -9999.000000 -9999.000000 -9999.000000 -9999.000000 -9999.000000 -9999.000000 -9999.000000 -9999.000000
-0.000010 -0.000136 -0.000018 -0.000019 -0.000006 -0.000002 -0.000005 -0.000010 -0.000062 -0.000029 -0.000014 -0.000009 -0.000003 -0.000011 -0.000031 -0.000005 -0.000013 -0.000226 -0.000010 -0.000010 -0.000005 -0.000008 -0.000001 -0.000000 0.000002 0.000003 0.000009 0.000007 -0.000135 -0.000430 -0.000010 -0.000004 -0.000373 -0.000046 0.000001 0.000001 -0.000000 -0.000000 -0.000002 -0.000006 -0.000084 -0.000050 -0.000006 0.000002 0.000000 0.000000 0.000000 -9999.000000 -9999.000000 -9999.000000 -9999.000000 -9999.000000 -9999.000000 -9999.000000 -9999.000000 -9999.000000 -9999.000000 -9999.000000 -9999.000000 -9999.000000 -9999.000000
-0.000012 -0.000162 -0.000023 -0.000011 -0.000006 -0.000003 -0.000011 -0.000016 -0.000111 -0.000019 -0.000006 -0.000027 -0.000004 -0.000012 -0.000076 -0.000004 -0.000143 -0.000115 -0.000004 -0.000012 -0.000030 -0.000019 -0.000004 -0.000000 0.000003 0.000007 0.000011 0.000003 -0.000016 -0.000785 -0.000009 -0.000003 -0.000424 -0.000007 -0.000000 -0.000000 -0.000000 -0.000002 -0.000006 -0.000256 -0.000102 0.000021 0.000005 0.000002 -0.000000 -0.000001 -0.000001 -0.000000 -0.000000 -9999.000000 -9999.000000 -9999.000000 -9999.000000 -9999.000000 -9999.000000 -9999.000000 -9999.000000 -9999.000000 -9999.000000 -9999.000000 -9999.000000
-0.000012 -0.000181 -0.000018 -0.000004 -0.000005 -0.000003 -0.000010 -0.000114 -0.000063 -0.000012 -0.000004 -0.000022 -0.000017 -0.000054 -0.000029 -0.000016 -0.000220 -0.000066 -0.000029 -0.000075 -0.000001 0.000002 0.000000 0.000000 0.000001 0.000006 0.000009 0.000008 0.000006 -0.012624 -0.000984 -0.000003 -0.000443 0.000005 0.000002 -0.000001 -0.000002 -0.000006 -0.000010 -0.000160 0.000005 0.000005 0.000003 0.000000 -0.000002 -0.000002 -0.000004 -0.000006 -0.000014 0.000000 -9999.000000 -9999.000000 -9999.000000 -9999.000000 -9999.000000 -9999.000000 -9999.000000 -9999.000000 -9999.000000 -9999.000000 -9999.000000
-0.000010 -0.000210 -0.000008 -0.000002 -0.000005 -0.000002 -0.000009 -0.000263 -0.000029 -0.000005 -0.000010 -0.000021 -0.000079 -0.000034 -0.000009 -0.008716 0.000112 0.000024 0.000028 0.000004 0.000004 0.000002 -0.000000 -0.000001 -0.000000 0.000002 0.000008 0.000010 0.000009 0.000019 -0.002117 -0.000297 0.000030 0.000002 0.000001 -0.000002 -0.000006 -0.000011 -0.000335 0.000033 0.000004 0.000002 0.000000 -0.000000 -0.000002 -0.000004 -0.000007 -0.000012 -0.000039 -0.000002 0.000000 -9999.000000 -9999.000000 -9999.000000 -9999.000000 -9999.000000 -9999.000000 -9999.000000 -9999.000000 -9999.000000 -9999.000000
-0.000009 -0.000130 -0.000001 -0.000001 -0.000002 -0.000005 -0.000011 -0.000217 -0.000009 -0.000017 -0.000018 -0.000937 -0.000500 -0.000018 0.000126 0.000405 0.000008 0.000012 0.000006 0.000003 0.000001 -0.000000 -0.000000 -0.000002 -0.000001 0.000000 0.000004 0.000008 0.000008 0.000006 -0.007562 -0.000596 0.000001 0.000001 -0.000000 -0.000002 -0.000009 -0.000454 -0.000078 0.000001 0.000002 0.000000 -0.000000 -0.000001 -0.000004 -0.000007 -0.000010 -0.000013 -0.000063 -0.000005 -0.000002 0.000000 0.000000 0.000000 0.000000 -9999.000000 -9999.000000 -9999.000000 -9999.000000 -9999.000000 -9999.000000
-0.000360 -0.000030 -0.000001 -0.000001 -0.000002 -0.000008 -0.000012 -0.000205 -0.000005 -0.000016 -0.000018 -0.000588 0.000003 0.000008 0.000008 0.000016 0.000009 0.000004 0.000001 -0.000000 -0.000000 -0.000002 -0.000006 -0.000002 -0.000006 -0.000000 0.000001 0.000003 0.000004 0.000006 -0.019011 -0.000035 -0.000000 -0.000000 -0.000001 -0.000006 -0.000011 -0.000242 0.000000 0.000000 0.000001 -0.000000 -0.000001 -0.000013 -0.000003 -0.000012 -0.000015 -0.000082 -0.000030 -0.000005 -0.000005 -0.000001 -0.000002 -0.000003 0.000001 0.000000 0.000000 0.000000 0.000000 -9999.000000 -9999.000000
-0.001057 0.000010 0.000012 0.000001 -0.000001 -0.000000 -0.000002 -0.000162 -0.000087 -0.000050 -0.000567 -0.000055 0.000002 0.000007 0.000006 0.000004 0.000003 0.000001 -0.000000 -0.000001 -0.000004 -0.000003 -0.000032 -0.000009 -0.000007 -0.000001 -0.000000 0.000001 0.000001 0.000002 0.000018 -0.001015 -0.000004 -0.000004 -0.000003 -0.000009 -0.000432 0.000019 -0.000000 0.000001 0.000000 -0.000001 -0.000007 -0.000077 -0.000010 -0.000006 -0.000014 -0.000165 -0.000012 -0.000003 -0.000002 -0.000004 -0.000053 0.000005 0.000001 -0.000001 -0.000001 -0.000001 -0.000001 -0.000000 -0.000000
0.000085 0.000006 0.000004 0.000000 0.000000 -0.000000 -0.000000 -0.000046 -0.000087 -0.001432 -0.000706 0.000065 0.000007 0.000006 0.000002 0.000001 0.000000 0.000000 -0.000005 -0.000006 -0.000011 -0.000012 -0.000083 -0.000015 -0.000008 -0.000003 -0.000001 -0.000000 -0.000000 0.000002 0.000003 -0.001306 -0.000077 -0.000185 -0.000389 -0.000932 0.000387 0.000022 0.000016 0.000002 0.000000 -0.000002 -0.000009 -0.000094 -0.000011 -0.000003 -0.000235 -0.000020 0.000001 -0.000001 -0.000002 -0.000107 -0.000012 -0.000000 -0.000000 -0.000003 -0.000003 -0.000002 -0.000002 -0.000002 -0.000006
0.000010 0.000006 0.000002 0.000000 -0.000003 -0.000004 -0.000002 -0.000019 -0.001373 -0.050571 0.000005 0.000005 0.000004 0.000002 0.000000 -0.000000 -0.000001 -0.000003 -0.000008 -0.000013 -0.000019 -0.000021 -0.000136 -0.000016 -0.000009 -0.000002 -0.000001 -0.000000 0.000004 0.000005 0.000007 0.000071 -0.002737 -0.000261 -0.000055 0.000009 0.000010 0.000006 0.000007 0.000002 0.000000 -0.000006 -0.000014 -0.000178 -0.000078 -0.000131 -0.000165 0.000001 -0.000000 -0.000003 -0.000146 -0.003967 0.000001 -0.000002 -0.000011 -0.000010 -0.000007 -0.000002 -0.000005 -0.000006 -0.000013
0.000011 0.000005 0.000001 -0.000001 -0.000005 -0.000013 -0.000007 -0.000023 -0.001211 0.000001 0.000003 0.000002 0.000001 0.000000 -0.000000 -0.000001 -0.000005 -0.000008 -0.000013 -0.000019 -0.000030 -0.000153 -0.000054 -0.000010 -0.000008 -0.000003 -0.000001 -0.000000 0.000001 0.000002 0.000005 0.000003 -0.003842 -0.000044 0.000003 0.000005 0.000003 0.000001 0.000001 0.000000 0.000000 -0.000006 -0.000015 -0.000428 -0.000134 -0.000044 0.000000 -0.000000 -0.000002 -0.000186 -0.003050 0.000002 0.000000 -0.000005 -0.000016 -0.000051 -0.000012 -0.000008 -0.000004 -0.000009 -0.000011
0.000003 0.000001 0.000000 -0.000004 -0.000010 -0.000044 -0.000030 -0.122218 0.000002 0.000000 0.000000 -0.000000 -0.000000 -0.000000 -0.000001 -0.000005 -0.000013 -0.000009 -0.000017 -0.000023 -0.000033 -0.000206 -0.000017 -0.000007 -0.000005 -0.000006 -0.000002 -0.000002 -0.000000 0.000001 0.000002 0.000001 -0.001557 -0.000009 0.000000 0.000000 -0.000000 -0.000000 -0.000000 -0.000001 -0.000004 -0.000007 -0.000366 -0.000121 0.000000 0.000000 0.000000 -0.000003 -0.000229 -0.000039 0.000003 0.000000 -0.000002 -0.000008 -0.000017 -0.000100 -0.000019 -0.000011 -0.000004 -0.000011 -0.000287
0.000000 0.000000 -0.000002 -0.000003 0.000001 0.000000 -0.000036 -0.083981 0.000039 0.000013 0.000003 0.000000 -0.000000 -0.000002 -0.000002 -0.000007 -0.000012 -0.000026 -0.000015 -0.000026 -0.000294 -0.000084 -0.000005 -0.000003 -0.000005 -0.000007 -0.000003 -0.000005 -0.000001 -0.000000 0.000001 0.000000 -0.000804 -0.000003 -0.000000 -0.000000 -0.000004 -0.000008 -0.000003 -0.000002 -0.000006 -0.000013 -0.000753 -0.000040 -0.000002 -0.000002 -0.000004 -0.000267 -0.000043 0.000004 0.000001 -0.000000 -0.000006 -0.000013 -0.000019 -0.000138 -0.000016 -0.000006 -0.000009 -0.000387 -0.000009
-0.000003 -0.000003 -0.000002 -0.000004 -0.000000 -0.000001 -0.096497 0.002211 0.000011 0.000014 0.000004 0.000000 -0.000002 -0.000003 -0.000007 -0.000028 -0.000005 -0.000009 -0.000017 -0.000032 -0.000643 -0.000022 -0.000000 -0.000000 -0.000005 -0.000006 -0.000003 -0.000007 -0.000006 -0.000000 -0.000000 -0.000001 -0.007871 -0.000002 -0.000002 -0.000008 -0.000021 -0.000014 -0.000012 -0.000003 -0.000009 -0.000014 -0.000675 -0.000028 -0.000004 -0.000343 -0.000234 0.000091 0.000004 0.000001 0.000000 -0.000002 -0.000006 -0.000009 -0.000019 -0.000283 -0.000130 -0.000226 0.000009 0.000272 0.000010
-0.000016 -0.000009 -0.000006 -0.000003 -0.000005 -0.000009 -0.033029 0.000015 0.000007 0.000010 0.000002 -0.000000 -0.000003 -0.000008 -0.000013 -0.000056 -0.000003 -0.000007 -0.000000 -0.000002 -0.000451 -0.000011 -0.000003 -0.000002 -0.000005 -0.000004 -0.000010 -0.000007 -0.000010 -0.000006 -0.000004 -0.000008 -0.005808 -0.000000 -0.000016 -0.000037 -0.000020 0.000005 0.000001 -0.000001 -0.000006 -0.000009 -0.015973 -0.000128 -0.000493 0.000120 0.000006 0.000005 0.000002 0.000000 -0.000002 -0.000006 -0.000007 -0.000008 -0.000018 -0.001031 -0.000228 0.000005 0.000004 0.000005 0.000003
-0.000047 -0.000012 -0.000010 -0.000002 -0.000011 -0.005577 0.001618 0.000008 0.000002 0.000002 -0.000000 -0.000001 -0.000006 -0.000012 -0.000130 -0.000048 -0.000011 -0.000005 -0.000003 -0.000003 -0.000453 -0.000015 -0.000007 -0.000007 -0.000007 -0.000003 -0.000027 -0.000005 -0.000015 -0.000015 -0.000012 -0.000015 -0.007806 0.000006 0.000006 0.000003 0.000005 0.000001 0.000000 -0.000002 -0.000007 -0.000070 -0.018955 0.000137 0.000007 0.000008 0.000003 0.000002 0.000000 -0.000002 -0.000007 -0.000016 -0.000009 -0.000012 -0.000015 -0.000923 0.000000 0.000000 0.000000 0.000000 -0.000000
-0.000032 -0.000012 -0.000008 -0.000003 -0.000012 -0.014793 0.000006 0.000001 -0.000000 -0.000000 -0.000001 -0.000005 -0.000011 -0.000016 -0.000177 -0.000032 -0.000012 -0.000004 -0.000007 -0.000008 -0.000576 -0.000018 -0.000004 -0.000007 -0.000005 -0.000045 -0.000022 -0.000003 -0.000011 -0.000014 -0.000017 -0.002880 0.001341 0.000006 0.000005 0.000003 0.000001 -0.000000 -0.000001 -0.000006 -0.000012 -0.001024 0.000658 0.000006 0.000004 0.000003 0.000000 0.000000 -0.000002 -0.000006 -0.000010 -0.000017 -0.000026 -0.000012 -0.000019 -0.000690 -0.000000 -0.000000 -0.000002 -0.000002 -0.000020
-0.000010 -0.000009 -0.000004 -0.000008 -0.003454 -0.001715 0.000003 -0.000000 -0.000001 -0.000004 -0.000007 -0.000012 -0.000017 -0.000022 -0.000197 -0.000021 -0.000010 -0.000004 -0.000010 -0.000769 0.001161 0.000001 -0.000001 -0.000004 -0.000010 -0.000112 -0.000013 -0.000002 -0.000008 -0.000011 -0.000016 -0.027492 0.000002 0.000002 0.000001 0.000000 -0.000000 -0.000001 -0.000004 -0.000009 -0.001559 0.000173 0.000006 0.000006 0.000002 -0.000000 -0.000000 -0.000001 -0.000005 -0.000012 -0.000017 -0.000025 -0.000042 -0.000017 -0.003111 -0.000500 -0.000010 -0.000033 -0.000072 -0.000317 -0.000497
-0.000003 -0.000004 -0.000009 -0.000014 -0.003052 0.000003 -0.000000 -0.000002 -0.000006 -0.000011 -0.000016 -0.000030 -0.000017 -0.000024 -0.000250 -0.000018 -0.000007 -0.000010 -0.001010 -0.000345 0.000002 0.000000 -0.000001 -0.000009 -0.000122 -0.000044 -0.000010 -0.000003 -0.000008 -0.000009 -0.000011 -0.000299 0.000000 -0.000000 -0.000000 -0.000000 -0.000001 -0.000001 -0.000006 -0.000011 -0.001098 0.000004 0.000004 0.000003 -0.000000 -0.000001 -0.000005 -0.000007 -0.000016 -0.000011 -0.000015 -0.000020 -0.000029 -0.003474 -0.013027 0.000159 0.000314 -0.000106 0.000236 0.000447 0.000144
-0.000005 -0.000010 -0.000015 -0.003578 -0.000708 0.000001 -0.000001 -0.000006 -0.000012 -0.000017 -0.000019 -0.000038 -0.000017 -0.000154 -0.000113 -0.000015 -0.000005 -0.001124 -0.000456 0.000001 -0.000000 -0.000000 -0.000003 -0.000084 -0.000088 -0.000022 -0.000022 -0.000010 -0.000005 -0.000009 -0.000090 -0.000430 -0.000000 -0.000000 -0.000001 -0.000002 -0.000002 -0.000006 -0.000011 -0.000015 -0.000364 0.000004 0.000001 0.000000 -0.000001 -0.000004 -0.000009 -0.000013 -0.000027 -0.000011 -0.000014 -0.000016 -0.003195 -0.042668 0.000157 0.000022 0.000024 0.000037 0.000020 0.000019 0.000013
