use_cases/Flooding/flood_case/output/hUy_900.asc
ncols 269
nrows 269
xllcorner 0.000000
yllcorner 0.000000
cellsize 10.000000
NODATA_value -9999.000000
[rows 81 to 107 of 269, columns 186 to 247 of 269]
-0.001178 -0.000000 -0.000000 -0.000035 -0.000126 -0.000165 -0.000203 -0.000288 -0.003092 -0.003869 -0.001868 -0.001359 -0.001260 -0.005482 -0.004265 -0.000000 -0.000000 -0.000019 -0.000027 -0.000092 -0.002126 -0.000680 -0.000329 -0.000228 -0.000092 -0.000031 -0.000077 -0.011106 -0.017129 -0.000037 -0.000055 -0.000071 -0.000183 -0.000058 -0.000044 -0.000103 -0.010191 0.002184 0.000037 0.000001 0.000000 -0.000044 -0.000102 -0.000155 -0.000228 -0.000497 -0.000214 -0.000244 -0.000545 -0.188290 0.002648 0.000282 0.000301 0.000272 0.000364 0.000227 0.000198 0.000149 0.000064 0.000541 0.000148 0.000094
-0.000462 -0.000031 -0.000035 -0.000088 -0.000140 -0.000215 -0.011415 -0.012095 -0.017093 -0.013889 0.003641 -0.009529 -0.005160 -0.004084 -0.000356 -0.000001 -0.000048 -0.000047 -0.000102 -0.000153 -0.002942 -0.000566 -0.000305 -0.000176 -0.000086 -0.000030 -0.000052 -0.004148 -0.027520 -0.000095 -0.000066 -0.000159 -0.000639 -0.000008 -0.000069 -0.000117 -0.029596 0.000061 0.000009 -0.000000 -0.000018 -0.000084 -0.000147 -0.000209 -0.000283 -0.000460 -0.001330 -0.027573 -0.055509 0.013627 0.000213 0.000222 0.000157 0.000284 0.000181 0.000147 0.000110 0.000090 0.000071 0.000145 0.000050 0.000028
-0.000200 -0.000065 -0.000041 -0.000093 -0.000285 -0.015555 -0.014846 -0.000110 0.014272 0.017974 0.013681 0.014702 -0.002038 -0.007235 -0.000262 -0.000096 -0.000087 -0.000046 -0.000120 -0.002271 -0.001236 -0.000348 -0.000297 -0.000155 -0.000125 -0.000043 -0.000083 -0.001161 -0.035025 -0.000128 -0.000118 -0.000085 -0.086354 -0.000086 -0.000065 -0.140428 0.005538 0.000039 -0.000000 -0.000021 -0.000073 -0.000136 -0.000194 -0.000247 -0.031586 -0.150211 -0.033298 0.007928 0.000182 0.000207 0.000201 0.000155 0.000095 0.000138 0.000056 0.000036 0.000006 0.000000 0.000002 0.000005 -0.000000 -0.000000
-0.001969 -0.000289 -0.004382 -0.015390 -0.002244 -0.008456 0.001629 0.000189 0.000100 0.000044 0.000104 0.012549 0.012772 0.015922 0.003746 -0.014377 -0.017032 -0.015179 -0.004961 0.002946 -0.000415 -0.000747 -0.000214 -0.000185 -0.000089 -0.000126 -0.000151 -0.001962 -0.033754 -0.000134 -0.000133 -0.000050 -0.000000 -0.009523 -0.004780 0.002323 0.000058 0.000016 -0.000012 -0.000069 -0.000132 -0.000184 -0.000234 -0.016439 -0.013482 -0.000355 0.000088 0.000108 0.000103 0.000075 0.000114 0.000054 0.000023 0.000026 0.000000 -0.000000 -0.000000 -0.000000 -0.000000 -0.000000 -0.000002 -0.000006
0.003263 -0.000876 -0.017823 -0.007650 0.001753 0.001331 0.000378 0.000108 0.000087 0.000055 0.000094 0.000125 0.000754 0.018639 0.007112 0.010254 0.006626 -0.000907 0.007217 0.008715 0.003815 0.008525 -0.000631 -0.000166 -0.000061 -0.000135 -0.017639 -0.026991 -0.017179 -0.000342 -0.000925 -0.001697 0.000654 0.001710 0.000090 0.000049 0.000013 0.000000 -0.000047 -0.000114 -0.000171 -0.002876 -0.113495 -0.004813 -0.004484 0.000000 0.000000 0.000014 0.000017 0.000009 0.000002 -0.000000 -0.000000 -0.000000 -0.000022 -0.000108 -0.000078 -0.000053 -0.000034 -0.000068 -0.000022 -0.000042
0.013069 0.015322 0.006838 0.002324 0.000391 0.000502 0.000268 0.000186 0.000023 0.000045 0.000030 0.000103 0.000175 0.002885 0.000650 0.004320 0.008695 0.000304 0.000118 0.000045 0.000823 0.013201 0.003159 -0.030061 -0.043107 -0.015677 0.000074 -0.003908 -0.011983 -0.000996 -0.000232 0.000767 0.000131 0.000113 0.000131 0.000023 0.000000 -0.000030 -0.000097 -0.000145 -0.113145 0.015627 0.097959 0.026827 0.056318 0.007925 -0.000014 0.000000 -0.000000 -0.000000 -0.000000 -0.000014 -0.000038 -0.000027 -0.000686 -0.000230 -0.000154 -0.000116 -0.000083 -0.000166 -0.000033 -0.000087
0.004925 0.005720 0.000486 0.000310 0.000675 0.000829 0.000518 0.000420 0.000000 0.000000 0.000024 0.000106 0.000259 0.002558 0.000051 0.000162 0.004820 0.000429 0.000104 0.000048 0.000125 0.000158 0.026412 0.037883 0.037257 0.042107 0.022023 0.019100 0.001751 0.000088 0.000108 0.000125 0.000134 0.000077 0.000137 0.000005 -0.000015 -0.000079 -0.014834 -0.222125 0.026499 0.000402 0.000154 0.000058 0.000128 0.024320 0.000538 -0.000023 -0.000030 -0.000059 -0.000076 -0.000104 -0.000094 -0.000040 -0.001214 -0.000267 -0.000168 -0.000165 -0.000128 -0.000090 -0.000104 -0.000143
0.003075 0.001624 0.000477 0.000744 0.000668 0.000859 0.000714 0.001096 0.001256 0.000081 0.000050 0.000131 0.000270 0.002151 0.000049 0.000186 0.005063 0.000506 0.000039 0.000028 0.000077 0.000138 0.000190 0.001103 0.000165 0.000109 0.000193 0.025306 0.001695 0.000037 0.000041 0.000040 0.000055 0.000041 0.000030 0.000000 -0.000052 -0.002661 -0.036753 0.003738 0.000157 0.000401 0.000202 0.000070 0.000094 0.000156 0.018558 -0.000085 -0.000111 -0.000165 -0.000166 -0.000348 -0.000252 -0.000304 -0.000943 -0.000250 -0.000226 -0.000190 -0.000069 -0.000123 -0.000155 -0.001080
0.004092 0.000266 0.000281 0.000980 0.001450 0.000462 0.000204 0.000055 0.001122 0.000142 0.000107 0.000052 0.000184 0.002174 0.000078 0.000197 0.003705 0.001584 0.000000 0.000000 0.000017 0.000055 0.000127 0.000645 0.000101 0.000185 0.000220 0.016993 0.003305 0.000000 0.000000 0.000000 0.000006 0.000000 0.000000 -0.000029 -0.000085 0.062129 0.000473 0.000382 0.000273 0.000383 0.000225 0.000117 0.000047 0.000131 0.025633 -0.001459 -0.004317 -0.009450 -0.039270 -0.011509 -0.002702 -0.004502 -0.010024 -0.000200 -0.000208 -0.000149 -0.000049 -0.000131 -0.001720 -0.000088
0.004072 0.000200 0.000064 0.000165 0.002739 0.000331 0.000231 0.000062 0.000914 0.000175 0.000113 0.000074 0.000280 0.001874 0.000147 0.000337 0.001298 0.004613 0.000371 -0.000018 0.000000 0.000000 0.000064 0.000227 0.000115 0.000093 0.000172 0.000767 0.023547 -0.000006 -0.000012 -0.000004 -0.000000 -0.000010 -0.000055 -0.000073 0.021205 0.000237 0.000254 0.000470 0.000352 0.000178 0.000158 0.000108 0.000045 0.000116 0.024922 0.178435 0.029194 0.015189 0.007770 0.075699 0.014291 0.003345 0.004152 0.009804 -0.006820 -0.000312 -0.000509 -0.001404 0.000214 0.000080
0.004277 0.000191 0.000069 0.000132 0.001883 0.000360 0.000254 0.000092 0.000632 0.000142 0.000047 0.000128 0.000366 0.000930 0.000384 0.000459 0.002209 0.001240 0.000952 0.001532 0.000323 0.000144 0.000045 0.000109 0.000130 0.000099 0.000269 0.000302 0.037245 0.006519 -0.000082 -0.000087 -0.000074 -0.000036 -0.000762 0.000068 0.000133 0.000138 0.000173 0.000173 0.000351 0.000218 0.000123 0.000084 0.000030 0.000101 0.000168 0.001439 0.000199 0.000128 0.000040 0.000116 0.002739 0.001742 0.000092 0.000030 0.015483 -0.005209 -0.000896 0.000742 0.000121 0.000093
0.003244 0.000183 0.000099 0.000076 0.001210 0.000266 0.000211 0.000151 0.000265 0.000100 0.000035 0.000105 0.000370 0.000178 0.000943 0.000570 0.000474 0.001177 0.000158 0.000957 0.000198 0.000124 0.000055 0.000144 0.000164 0.000207 0.000377 0.000373 0.000291 0.038461 0.072083 -0.007261 -0.024625 -0.033120 -0.000094 0.000044 0.000041 0.000026 0.000041 0.000062 0.000224 0.000174 0.000086 0.000052 0.000015 0.000054 0.000114 0.000859 0.000157 0.000100 0.000028 0.000065 0.001111 0.003481 0.000100 0.000030 0.000081 0.007818 0.000000 0.000129 0.000108 0.000106
0.001648 0.000158 0.000105 0.000037 0.000617 0.000169 0.000118 0.000057 0.000087 0.000041 0.000022 0.000075 0.000241 0.000130 0.001399 0.000096 0.000172 0.000519 0.000240 0.000596 0.000177 0.000111 0.000081 0.000201 0.000169 0.000178 0.000250 0.000122 0.000093 0.001990 0.012321 0.000123 0.000042 0.008803 0.003968 0.000000 0.000000 0.000000 0.000000 0.000000 0.000019 0.000060 0.000033 0.000016 0.000000 0.000005 0.000032 0.000265 0.000077 0.000075 0.000024 0.000069 0.002816 0.001274 0.000106 0.000033 0.000104 0.011387 0.000259 0.000150 0.000026 0.000058
0.000898 0.000131 0.000078 0.000026 0.000187 0.000055 0.000023 0.000007 0.000000 0.000000 0.000010 0.000034 0.000105 0.000081 0.000982 0.000130 0.000096 0.000038 0.000128 0.000411 0.000098 0.000048 0.000123 0.000186 0.000058 0.000072 0.000064 0.000035 0.000000 0.003153 0.008495 0.000121 0.000044 0.000123 0.013508 -0.000407 -0.000013 -0.000012 -0.000031 -0.000005 0.000000 -0.000000 -0.000000 -0.000000 -0.000003 -0.000000 -0.000000 0.000000 0.000000 0.000048 0.000022 0.000076 0.003608 0.000144 0.000111 0.000030 0.000134 0.006592 0.000284 0.000299 0.000000 0.000000
0.000329 0.000082 0.000042 0.000015 0.000000 -0.000000 -0.000000 -0.000000 -0.000023 -0.000012 0.000000 0.000000 0.000019 0.000056 0.000446 0.000043 0.000034 0.000015 0.000065 0.000043 0.000023 0.000030 0.000034 0.000047 0.000000 0.000000 0.000000 0.000000 -0.000016 0.016418 0.000225 0.000143 0.000040 0.000085 0.012335 0.189748 -0.000078 -0.000084 -0.000107 -0.000052 -0.000040 -0.000048 -0.000043 -0.000021 -0.000047 -0.000201 -0.000067 -0.000037 -0.000010 0.000054 0.000027 0.000078 0.002713 0.000155 0.000102 0.000032 0.000151 0.007042 0.000428 0.000635 0.000531 -0.000019
0.000023 0.000024 0.000006 0.000000 -0.000001 -0.000086 -0.000125 -0.000106 -0.000081 -0.000046 -0.000026 -0.000009 0.000000 0.000008 0.000081 0.000005 0.000000 0.000000 0.000000 0.000000 0.000000 0.000000 0.000000 0.000000 -0.000012 -0.000053 -0.000035 -0.000041 0.039267 0.010455 0.000240 0.000149 0.000039 0.000038 0.000496 0.013077 0.009245 0.004894 -0.007673 -0.000156 -0.000123 -0.000276 -0.000273 -0.000420 -0.000576 -0.001314 -0.000899 -0.000060 0.000020 0.000075 0.000038 0.000118 0.003089 0.000213 0.000127 0.000039 0.000193 0.007662 0.000384 0.000561 0.000799 0.000410
0.000000 0.000000 0.000000 -0.000017 -0.000032 -0.000122 -0.000652 -0.000197 -0.000121 -0.000198 -0.000107 -0.000066 -0.000026 -0.000000 -0.000000 -0.000000 -0.000020 -0.000013 -0.000023 -0.000030 -0.000073 -0.000038 -0.000054 -0.000046 -0.000074 -0.000112 -0.000117 -0.052874 0.011672 0.000137 0.000239 0.000120 0.000052 0.000000 0.000304 0.000090 0.000097 0.000049 0.021836 -0.001903 -0.000595 0.000515 -0.000132 -0.000239 0.000933 0.000948 0.000368 0.000116 0.000061 0.000076 0.000042 0.000100 0.001544 0.000191 0.000115 0.000041 0.000183 0.005730 0.000207 0.000201 0.000061 0.000633
-0.000034 -0.000021 -0.000010 -0.000040 -0.000079 -0.000171 -0.001428 -0.000242 -0.000183 -0.000408 -0.000206 -0.000182 -0.000109 -0.000046 -0.000036 -0.000049 -0.000063 -0.000026 -0.000062 -0.000084 -0.000100 -0.000082 -0.000118 -0.000143 -0.000169 -0.000119 0.006930 0.010201 0.000266 0.000209 0.000182 0.000103 0.000063 -0.000012 0.003474 0.000070 0.000031 0.000038 0.008273 0.000157 0.000199 0.000241 0.000221 0.000439 0.000262 0.000256 0.000533 0.000353 0.000156 0.000122 0.000059 0.000091 0.001226 0.000212 0.000114 0.000032 0.000220 0.004354 0.000272 0.000171 0.000100 0.000154
-0.000094 -0.000059 -0.000022 -0.000066 -0.000115 -0.000254 -0.002297 -0.000377 -0.000388 -0.000415 -0.000173 -0.000151 -0.000157 -0.000126 -0.000101 -0.000222 -0.000121 -0.000074 -0.000042 -0.000188 0.000003 -0.000077 -0.000420 -0.000848 -0.001224 0.001196 0.008478 0.000299 0.000322 0.000223 0.000148 0.000037 0.000073 -0.000023 0.011400 0.000034 0.000019 0.000000 0.008743 0.000050 0.000087 0.000115 0.000115 0.000279 0.000194 0.000212 0.000207 0.000479 0.000198 0.000146 0.000109 0.000050 0.000827 0.000229 0.000153 0.000046 0.000440 0.004380 0.000275 0.000232 0.000189 0.000086
-0.000138 -0.000089 -0.000032 -0.000095 -0.000136 -0.000263 -0.004112 -0.001371 -0.000226 -0.000219 -0.000113 -0.000212 -0.000200 -0.000257 -0.000307 -0.001007 -0.000865 -0.000414 -0.000161 0.000024 0.000046 0.000000 0.000000 0.000040 0.000385 0.004503 0.000217 0.000159 0.000318 0.000167 0.000102 0.000032 0.000079 0.000034 0.015646 0.000001 0.000012 0.000019 0.012954 0.000000 0.000000 0.000000 0.000000 0.000041 0.000068 0.000093 0.000107 0.000266 0.000180 0.000141 0.000105 0.000047 0.000473 0.000255 0.000192 0.000081 0.000908 0.001984 0.000318 0.000299 0.000258 0.000165
-0.000219 -0.000120 -0.000041 -0.000123 -0.000164 -0.013454 -0.001791 0.002607 0.004902 0.000685 0.000736 -0.004777 -0.000646 -0.000690 -0.000764 -0.001019 0.000134 0.000082 0.000176 0.000057 0.000033 0.000026 0.000058 0.000198 0.001084 0.002576 0.000253 0.000194 0.000230 0.000152 0.000076 0.000023 0.000071 0.000072 0.010432 0.000000 0.000010 0.000048 0.014208 0.000216 -0.000008 -0.000030 -0.000007 0.000000 0.000000 0.000000 0.000002 0.000027 0.000083 0.000064 0.000054 0.000025 0.000063 0.000173 0.000120 0.000179 0.001742 0.000360 0.000350 0.000277 0.000433 0.000179
-0.000213 -0.000078 -0.000106 -0.000157 -0.014831 -0.002313 0.000134 0.000162 0.000139 0.000267 0.000235 0.005005 0.034750 -0.000698 -0.000213 0.000063 0.000099 0.000150 0.000128 0.000048 0.000089 0.000100 0.000115 0.000189 0.002304 0.000745 0.000278 0.000206 0.000096 0.000132 0.000045 0.000013 0.000023 0.000031 0.004945 -0.000013 0.000013 0.000080 0.010763 0.000207 -0.000212 -0.000191 0.000310 0.000121 0.000016 -0.000009 0.000000 0.000000 0.000000 0.000000 0.000000 0.000000 0.000000 0.000041 0.000097 0.000202 0.001453 0.000319 0.000294 0.000228 0.000382 0.000173
-0.000154 -0.000056 -0.000121 -0.045576 0.008036 0.000159 0.000126 0.000079 0.000148 0.000095 0.000072 0.000030 0.000092 0.001540 0.000150 0.000130 0.000112 0.000115 0.000137 0.000100 0.000035 0.000111 0.000157 0.000248 0.002249 0.000286 0.000204 0.000147 0.000104 0.000047 0.000012 0.000000 0.000000 0.000000 0.006234 -0.000161 0.000005 0.000036 0.013556 0.000000 0.000000 0.000036 0.000058 0.000035 0.000010 -0.000041 -0.000017 -0.000003 -0.000003 -0.000059 -0.000049 -0.000020 -0.000014 0.000000 0.000030 0.000186 0.000767 0.000253 0.000225 0.000162 0.000258 0.000128
-0.006355 -0.006279 0.009735 0.017253 0.000099 0.000150 0.000077 0.000039 0.000033 0.000027 0.000029 0.000016 0.000063 0.001218 0.000408 0.000225 0.000158 0.000105 0.000095 0.000099 0.000038 0.000100 0.000149 0.000320 0.001700 0.000261 0.000196 0.000124 0.000058 0.000009 0.000000 -0.000011 -0.000031 0.000343 0.011997 0.017929 0.000000 0.000023 0.010969 0.285624 -0.000335 0.000000 0.000000 -0.000000 -0.000000 -0.000000 -0.000066 -0.000081 -0.000104 -0.000294 -0.000173 -0.000125 -0.000080 -0.000018 0.000001 0.000121 0.000115 0.000136 0.000130 0.000109 0.000101 0.000077
0.000719 0.000143 0.000102 0.000187 0.000082 0.000028 0.000017 0.000000 0.000000 0.000000 0.000000 0.000000 0.000026 0.000405 0.000284 0.000328 0.000217 0.000091 0.000096 0.000084 0.000042 0.000072 0.000123 0.000473 0.000944 0.000201 0.000161 0.000082 0.000016 0.000000 -0.000033 -0.000331 0.001992 0.001270 0.001071 0.009598 -0.000002 0.000000 0.000029 0.001149 0.264102 0.002434 -0.000091 -0.000153 -0.000208 -0.000646 -0.001254 -0.003426 -0.012352 -0.003686 -0.000257 -0.000216 -0.000099 -0.000028 0.000000 0.000000 0.000000 0.000022 0.000032 0.000023 0.000020 0.000017
0.000288 0.000084 0.000038 0.000055 0.000019 0.000000 0.000000 -0.000120 -0.000063 -0.000057 -0.000028 -0.000011 0.000000 0.000000 0.000059 0.000181 0.000165 0.000123 0.000120 0.000063 0.000050 0.000022 0.000070 0.000575 0.000123 0.000102 0.000098 0.000037 0.000000 -0.000009 0.000042 0.064844 0.000103 0.000037 0.000093 0.011190 -0.001622 -0.000008 0.000013 0.000088 0.000190 0.020781 0.008412 0.001161 0.000329 0.000609 0.002369 0.006577 0.001667 0.003969 0.024779 -0.000061 -0.000020 -0.000034 -0.000021 -0.000038 -0.000012 0.000000 0.000000 0.000000 0.000000 0.000000
0.000014 0.000020 0.000000 0.000000 0.000000 -0.000021 -0.000058 -0.000180 -0.000434 -0.000119 -0.000099 -0.000056 -0.000104 -0.000027 0.000000 0.000047 0.000078 0.000054 0.000066 0.000019 0.000013 0.000009 0.000024 0.000110 0.000029 0.000014 0.000033 0.000056 0.000084 0.000415 0.001509 0.000347 0.000057 0.000018 0.000034 0.000085 0.016188 -0.000030 0.000000 0.000073 0.000156 0.000245 0.000143 0.001772 0.000251 0.000133 0.000069 0.000461 0.000128 0.000045 0.007575 0.010959 0.000042 -0.000069 -0.000098 -0.000105 -0.000054 -0.000027 -0.000033 -0.000033 -0.000028 -0.000069
