use_cases/Flooding/flood_case/output/hUy_3600.asc
ncols 269
nrows 269
xllcorner 0.000000
yllcorner 0.000000
cellsize 10.000000
NODATA_value -9999.000000
[rows 162 to 188 of 269, columns 183 to 243 of 269]
-0.000001 -0.000002 -0.028575 0.000007 -0.000002 -0.000009 -0.000017 -0.000025 -0.000032 -0.000037 -0.239157 0.003809 -0.000579 -0.001083 -0.000430 -0.000638 0.000308 0.000000 0.000000 0.000001 0.000005 0.000008 0.000011 0.000012 0.000007 -0.000001 -0.000006 -0.000012 -0.000253 -0.000011 -0.000000 -0.000002 -0.000012 -0.000011 -0.000005 -0.000016 -0.000025 -0.000117 -0.000008 -0.000177 -0.000021 -0.000004 -9999.000000 -9999.000000 -9999.000000 -9999.000000 -9999.000000 -9999.000000 -9999.000000 -9999.000000 -9999.000000 -9999.000000 -9999.000000 -9999.000000 -9999.000000 -9999.000000 -9999.000000 -9999.000000 -9999.000000 -9999.000000 -9999.000000
-0.000010 -0.000018 -0.025420 0.000002 -0.000002 -0.000012 -0.000022 -0.000032 -0.004660 -0.002516 0.000734 0.000019 0.000022 0.000055 0.000041 0.000104 0.000128 0.000070 0.000009 0.000000 0.000000 0.000003 0.000011 0.000006 0.000002 -0.000002 -0.000013 -0.000184 -0.000046 -0.000000 -0.000003 -0.000012 -0.000028 -0.000014 -0.000005 -0.000020 -0.000029 -0.000223 -0.000069 -0.000050 -0.000007 -0.000009 0.000000 -9999.000000 -9999.000000 -9999.000000 -9999.000000 -9999.000000 -9999.000000 -9999.000000 -9999.000000 -9999.000000 -9999.000000 -9999.000000 -9999.000000 -9999.000000 -9999.000000 -9999.000000 -9999.000000 -9999.000000 -9999.000000
-0.000036 -0.000075 0.000008 0.000000 -0.000005 -0.000016 -0.000022 -0.003278 -0.000688 0.000000 0.000002 0.000006 0.000008 0.000018 0.000015 0.000017 0.000058 0.000048 0.000045 0.000069 0.000034 0.000013 0.000014 0.000004 0.000000 -0.000004 -0.000013 -0.000324 -0.000014 -0.000002 -0.000007 -0.000072 -0.000034 -0.000018 -0.000006 -0.000016 -0.000024 -0.000333 -0.000069 -0.000038 -0.000014 -0.000017 -0.000002 -9999.000000 -9999.000000 -9999.000000 -9999.000000 -9999.000000 -9999.000000 -9999.000000 -9999.000000 -9999.000000 -9999.000000 -9999.000000 -9999.000000 -9999.000000 -9999.000000 -9999.000000 -9999.000000 -9999.000000 -9999.000000
-0.091227 -0.000004 -0.000000 -0.000003 -0.000011 -0.000018 -0.000021 -0.004368 -0.000183 0.000000 0.000000 0.000000 0.000000 0.000000 0.000000 0.000000 0.000008 0.000011 0.000012 0.000017 0.000012 0.000008 0.000007 0.000003 -0.000001 -0.000007 -0.000013 -0.000385 -0.000017 -0.000012 -0.000007 -0.000125 -0.000034 -0.000021 -0.000006 -0.000020 -0.000025 -0.000404 -0.000052 -0.000038 -0.000030 -0.000011 -0.000003 0.000000 -9999.000000 -9999.000000 -9999.000000 -9999.000000 -9999.000000 -9999.000000 -9999.000000 -9999.000000 -9999.000000 -9999.000000 -9999.000000 -9999.000000 -9999.000000 -9999.000000 -9999.000000 -9999.000000 -9999.000000
0.000002 -0.000000 -0.000002 -0.000009 -0.000017 -0.000021 -0.000048 -0.064551 -0.000105 -0.000006 -0.000012 -0.000011 -0.000008 -0.000004 -0.000001 -0.000003 0.000000 0.000000 0.000001 0.000009 0.000005 0.000002 0.000000 0.000000 -0.000005 -0.000009 -0.000015 -0.000516 -0.000023 -0.000009 -0.000017 -0.000173 -0.000030 -0.000021 -0.000013 -0.000013 -0.000023 -0.000451 -0.000071 -0.000076 -0.000020 -0.000001 -0.000001 -9999.000000 -9999.000000 -9999.000000 -9999.000000 -9999.000000 -9999.000000 -9999.000000 -9999.000000 -9999.000000 -9999.000000 -9999.000000 -9999.000000 -9999.000000 -9999.000000 -9999.000000 -9999.000000 -9999.000000 -9999.000000
-0.000000 -0.000003 -0.000010 -0.000017 -0.000022 -0.000021 -0.033531 0.067260 0.181447 -0.000041 -0.000069 -0.000030 -0.000038 -0.000056 -0.000075 -0.000014 0.000032 0.000026 0.000002 0.000003 0.000002 -0.000000 -0.000002 -0.000006 -0.000012 -0.000015 -0.000016 -0.000637 -0.000017 -0.000006 -0.000019 -0.000207 -0.000020 -0.000019 -0.000009 -0.000016 -0.000024 -0.037822 0.000040 0.000001 0.000000 -9999.000000 -9999.000000 -9999.000000 -9999.000000 -9999.000000 -9999.000000 -9999.000000 -9999.000000 -9999.000000 -9999.000000 -9999.000000 -9999.000000 -9999.000000 -9999.000000 -9999.000000 -9999.000000 -9999.000000 -9999.000000 -9999.000000 -9999.000000
-0.000003 -0.000009 -0.000017 -0.000022 -0.000024 -0.099527 0.024788 0.000024 0.000021 0.000007 0.000018 0.007074 -0.000084 -0.000062 -0.000072 0.000000 0.000003 0.000006 0.000001 -0.000000 -0.000000 -0.000003 -0.000010 -0.000014 -0.000017 -0.000018 -0.000265 -0.000322 -0.000011 -0.000009 -0.000277 -0.000137 -0.000007 -0.000007 -0.000015 -0.000872 -0.010782 0.000234 0.000003 0.000000 -9999.000000 -9999.000000 -9999.000000 -9999.000000 -9999.000000 -9999.000000 -9999.000000 -9999.000000 -9999.000000 -9999.000000 -9999.000000 -9999.000000 -9999.000000 -9999.000000 -9999.000000 -9999.000000 -9999.000000 -9999.000000 -9999.000000 -9999.000000 -9999.000000
-0.000004 -0.000016 -0.000019 -0.000021 -0.038849 0.001212 0.000042 0.000028 0.000020 0.000009 0.000020 0.000025 0.015378 -0.000018 0.000000 0.000000 -0.000000 -0.000000 -0.000000 -0.000006 -0.000005 -0.000005 -0.000016 -0.000022 -0.000011 -0.000026 -0.000246 -0.000884 -0.000223 -0.000472 -0.000063 0.000000 -0.000002 -0.000010 -0.000831 -0.006806 0.000003 0.000002 0.000000 -9999.000000 -9999.000000 -9999.000000 -9999.000000 -9999.000000 -9999.000000 -9999.000000 -9999.000000 -9999.000000 -9999.000000 -9999.000000 -9999.000000 -9999.000000 -9999.000000 -9999.000000 -9999.000000 -9999.000000 -9999.000000 -9999.000000 -9999.000000 -9999.000000 -9999.000000
-0.000004 -0.000017 -0.000016 -0.010325 0.000022 0.000024 0.000044 0.000026 0.000024 0.000009 0.000014 0.000022 0.000090 -0.000010 -0.000003 -0.000004 -0.000007 -0.000010 -0.000022 -0.000018 -0.000014 -0.000006 -0.000018 -0.000021 -0.000022 0.000000 0.000004 -0.133451 -0.001906 0.000000 0.000000 0.000000 -0.000006 -0.000508 -0.000254 0.000002 0.000001 0.000000 -9999.000000 -9999.000000 -9999.000000 -9999.000000 -9999.000000 -9999.000000 -9999.000000 -9999.000000 -9999.000000 -9999.000000 -9999.000000 -9999.000000 -9999.000000 -9999.000000 -9999.000000 -9999.000000 -9999.000000 -9999.000000 -9999.000000 -9999.000000 -9999.000000 -9999.000000 -9999.000000
-0.000007 -0.000015 -0.000016 0.002295 0.000015 0.000021 0.000020 0.000031 0.000021 0.000012 0.000004 0.000013 0.000023 0.026474 -0.000012 -0.000017 -0.000010 -0.000072 -0.000033 -0.000025 -0.000017 -0.000006 -0.000014 -0.000076 -0.000009 -0.000000 -0.000000 -0.000004 -0.000389 -0.000000 -0.000001 -0.000005 -0.000013 -0.000868 -0.000024 0.000000 0.000000 -9999.000000 -9999.000000 -9999.000000 -9999.000000 -9999.000000 -9999.000000 -9999.000000 -9999.000000 -9999.000000 -9999.000000 -9999.000000 -9999.000000 -9999.000000 -9999.000000 -9999.000000 -9999.000000 -9999.000000 -9999.000000 -9999.000000 -9999.000000 -9999.000000 -9999.000000 -9999.000000 -9999.000000
-0.000008 -0.000017 -0.000060 0.000007 0.000006 0.000006 0.000009 0.000019 0.000012 0.000007 0.000002 0.000008 0.000018 0.000027 0.051832 -0.007197 -0.000032 -0.000065 -0.000042 -0.000024 -0.000017 -0.000006 -0.000018 -0.000116 -0.000005 -0.000007 -0.000005 -0.000082 -0.000685 -0.000005 -0.000004 -0.000011 -0.015729 0.000173 0.000002 -9999.000000 -9999.000000 -9999.000000 -9999.000000 -9999.000000 -9999.000000 -9999.000000 -9999.000000 -9999.000000 -9999.000000 -9999.000000 -9999.000000 -9999.000000 -9999.000000 -9999.000000 -9999.000000 -9999.000000 -9999.000000 -9999.000000 -9999.000000 -9999.000000 -9999.000000 -9999.000000 -9999.000000 -9999.000000 -9999.000000
-0.000009 -0.000016 -0.004363 0.000013 0.000001 0.000000 0.000001 0.000003 0.000004 0.000001 0.000000 0.000006 0.000015 0.000025 0.000035 0.368983 -0.064789 -0.004740 -0.000030 -0.000027 -0.000012 -0.000016 -0.000110 -0.000065 -0.000006 -0.000015 -0.000018 -0.000771 -0.000506 -0.000011 -0.000005 -0.001014 -0.000008 0.000001 0.000001 -9999.000000 -9999.000000 -9999.000000 -9999.000000 -9999.000000 -9999.000000 -9999.000000 -9999.000000 -9999.000000 -9999.000000 -9999.000000 -9999.000000 -9999.000000 -9999.000000 -9999.000000 -9999.000000 -9999.000000 -9999.000000 -9999.000000 -9999.000000 -9999.000000 -9999.000000 -9999.000000 -9999.000000 -9999.000000 -9999.000000
-0.000012 -0.030834 0.000070 0.000021 -0.000000 -0.000000 0.000000 0.000000 0.000000 0.000000 0.000000 0.000003 0.000009 0.000021 0.000030 0.000037 0.000044 0.009435 -0.004096 -0.000022 -0.000009 -0.004347 -0.005084 -0.003640 -0.005248 -0.002128 -0.134016 -0.004782 -0.000301 -0.000126 -0.000363 -0.000125 0.000000 0.000000 0.000000 -9999.000000 -9999.000000 -9999.000000 -9999.000000 -9999.000000 -9999.000000 -9999.000000 -9999.000000 -9999.000000 -9999.000000 -9999.000000 -9999.000000 -9999.000000 -9999.000000 -9999.000000 -9999.000000 -9999.000000 -9999.000000 -9999.000000 -9999.000000 -9999.000000 -9999.000000 -9999.000000 -9999.000000 -9999.000000 -9999.000000
-0.000013 0.005840 0.000049 0.000062 0.000056 0.000025 0.000007 0.000000 -0.000003 -0.000002 -0.000003 0.000000 0.000002 0.000018 0.000014 0.000025 0.000039 0.000027 0.007707 0.588649 -0.382582 -0.000234 0.000003 0.000004 0.001454 0.008336 0.000005 0.003071 0.000549 -0.000101 0.000586 0.000194 -0.000000 -0.000002 -0.000001 -9999.000000 -9999.000000 -9999.000000 -9999.000000 -9999.000000 -9999.000000 -9999.000000 -9999.000000 -9999.000000 -9999.000000 -9999.000000 -9999.000000 -9999.000000 -9999.000000 -9999.000000 -9999.000000 -9999.000000 -9999.000000 -9999.000000 -9999.000000 -9999.000000 -9999.000000 -9999.000000 -9999.000000 -9999.000000 -9999.000000
0.003414 0.000015 0.000013 0.000021 0.000013 0.000007 0.000002 -0.000000 -0.000006 -0.000014 -0.000005 -0.000000 0.000000 0.000012 0.000010 0.000012 0.000016 0.000021 0.000029 0.000035 0.000029 0.002426 0.000000 0.000000 0.000012 0.000015 0.000007 0.000019 0.000189 0.000057 0.000055 0.000065 0.000094 -0.000001 -0.000003 -9999.000000 -9999.000000 -9999.000000 -9999.000000 -9999.000000 -9999.000000 -9999.000000 -9999.000000 -9999.000000 -9999.000000 -9999.000000 -9999.000000 -9999.000000 -9999.000000 -9999.000000 -9999.000000 -9999.000000 -9999.000000 -9999.000000 -9999.000000 -9999.000000 -9999.000000 -9999.000000 -9999.000000 -9999.000000 -9999.000000
0.000020 0.000002 0.000008 0.000006 0.000004 0.000001 -0.000000 -0.000000 -0.000007 -0.000058 -0.000010 -0.000003 -0.000001 0.000004 0.000006 0.000002 0.000006 0.000009 0.000015 0.000020 0.000010 0.002246 0.016389 0.000006 0.000008 0.000009 0.000008 0.000016 0.000101 0.000058 0.000024 0.000020 0.000054 0.000009 0.000000 -9999.000000 -9999.000000 -9999.000000 -9999.000000 -9999.000000 -9999.000000 -9999.000000 -9999.000000 -9999.000000 -9999.000000 -9999.000000 -9999.000000 -9999.000000 -9999.000000 -9999.000000 -9999.000000 -9999.000000 -9999.000000 -9999.000000 -9999.000000 -9999.000000 -9999.000000 -9999.000000 -9999.000000 -9999.000000 -9999.000000
0.000013 0.000008 0.000002 0.000001 -0.000000 -0.000000 -0.000004 -0.000005 -0.000082 -0.000036 -0.000008 -0.000004 -0.000002 0.000000 0.000002 0.000001 0.000001 0.000002 0.000004 0.000000 0.000000 0.000001 0.003872 0.000013 0.000007 0.000009 0.000012 0.000008 0.000018 0.000070 0.000015 0.000006 0.000054 0.000012 -9999.000000 -9999.000000 -9999.000000 -9999.000000 -9999.000000 -9999.000000 -9999.000000 -9999.000000 -9999.000000 -9999.000000 -9999.000000 -9999.000000 -9999.000000 -9999.000000 -9999.000000 -9999.000000 -9999.000000 -9999.000000 -9999.000000 -9999.000000 -9999.000000 -9999.000000 -9999.000000 -9999.000000 -9999.000000 -9999.000000 -9999.000000
0.000005 0.000002 0.000000 -0.000000 -0.000005 -0.000004 -0.000013 -0.000380 -0.000009 0.000099 0.000058 0.000013 -0.000006 -0.000000 0.000000 0.000000 0.000000 0.000000 0.000000 0.000000 -0.000001 -0.000000 0.001997 0.000013 0.000006 0.000014 0.000013 0.000011 0.000011 0.000021 0.000010 0.000007 0.000036 0.000023 -9999.000000 -9999.000000 -9999.000000 -9999.000000 -9999.000000 -9999.000000 -9999.000000 -9999.000000 -9999.000000 -9999.000000 -9999.000000 -9999.000000 -9999.000000 -9999.000000 -9999.000000 -9999.000000 -9999.000000 -9999.000000 -9999.000000 -9999.000000 -9999.000000 -9999.000000 -9999.000000 -9999.000000 -9999.000000 -9999.000000 -9999.000000
0.000000 -0.000000 -0.000000 -0.000003 -0.000250 -0.000279 -0.000635 0.000083 0.000012 0.000010 0.000007 0.000003 0.000001 -0.000002 -0.000004 -0.000004 -0.000002 -0.000002 -0.000002 -0.000002 -0.000003 0.004744 0.000808 0.000004 0.000003 0.000006 0.000004 0.000003 0.000004 0.000004 0.000003 0.000015 0.000049 0.000005 -9999.000000 -9999.000000 -9999.000000 -9999.000000 -9999.000000 -9999.000000 -9999.000000 -9999.000000 -9999.000000 -9999.000000 -9999.000000 -9999.000000 -9999.000000 -9999.000000 -9999.000000 -9999.000000 -9999.000000 -9999.000000 -9999.000000 -9999.000000 -9999.000000 -9999.000000 -9999.000000 -9999.000000 -9999.000000 -9999.000000 -9999.000000
-0.000006 -0.000010 -0.000006 -0.000004 -0.000608 -0.000006 0.000008 0.000009 0.000003 0.000001 0.000000 0.000000 0.000000 -0.000009 -0.000040 -0.000011 -0.000007 -0.000003 -0.000004 -0.000005 -0.000006 0.003527 0.000000 0.000000 0.000000 0.000000 0.000000 0.000000 0.000000 0.000000 0.000000 0.000009 0.000009 0.000005 -9999.000000 -9999.000000 -9999.000000 -9999.000000 -9999.000000 -9999.000000 -9999.000000 -9999.000000 -9999.000000 -9999.000000 -9999.000000 -9999.000000 -9999.000000 -9999.000000 -9999.000000 -9999.000000 -9999.000000 -9999.000000 -9999.000000 -9999.000000 -9999.000000 -9999.000000 -9999.000000 -9999.000000 -9999.000000 -9999.000000 -9999.000000
-0.035909 -0.000075 -0.000128 -0.000298 -0.000112 0.000005 0.000002 0.000002 -0.000000 -0.000000 -0.000001 -0.000006 -0.000009 -0.000098 -0.000049 -0.000029 -0.000017 -0.000003 -0.000008 -0.000005 0.000012 0.001375 0.000390 0.000004 -0.000003 -0.000002 -0.000005 -0.000005 -0.000003 -0.000005 -0.000000 0.000000 0.000001 0.000002 -9999.000000 -9999.000000 -9999.000000 -9999.000000 -9999.000000 -9999.000000 -9999.000000 -9999.000000 -9999.000000 -9999.000000 -9999.000000 -9999.000000 -9999.000000 -9999.000000 -9999.000000 -9999.000000 -9999.000000 -9999.000000 -9999.000000 -9999.000000 -9999.000000 -9999.000000 -9999.000000 -9999.000000 -9999.000000 -9999.000000 -9999.000000
0.012341 0.019386 -0.000174 -0.000053 0.000000 0.000000 -0.000000 -0.000000 -0.000000 -0.000003 -0.000008 -0.000016 -0.000283 -0.000071 0.000003 0.000001 -0.000000 -0.000002 -0.000008 0.000000 0.000006 0.000012 0.000720 0.000045 0.000126 0.000098 0.000072 0.000002 -0.000055 -0.000005 -0.000002 -0.000002 0.000000 0.000000 -9999.000000 -9999.000000 -9999.000000 -9999.000000 -9999.000000 -9999.000000 -9999.000000 -9999.000000 -9999.000000 -9999.000000 -9999.000000 -9999.000000 -9999.000000 -9999.000000 -9999.000000 -9999.000000 -9999.000000 -9999.000000 -9999.000000 -9999.000000 -9999.000000 -9999.000000 -9999.000000 -9999.000000 -9999.000000 -9999.000000 -9999.000000
0.000017 0.012855 -0.000216 -0.000020 -0.000001 -0.000002 -0.000007 -0.000016 -0.000011 -0.000005 -0.000016 -0.000391 -0.000065 0.000003 0.000001 -0.000000 -0.000001 -0.000005 -0.000009 -0.000000 0.000003 0.000014 0.000674 0.000004 0.000011 0.000024 0.000037 0.000045 0.000111 0.000117 0.000044 0.000023 0.000017 0.000004 -9999.000000 -9999.000000 -9999.000000 -9999.000000 -9999.000000 -9999.000000 -9999.000000 -9999.000000 -9999.000000 -9999.000000 -9999.000000 -9999.000000 -9999.000000 -9999.000000 -9999.000000 -9999.000000 -9999.000000 -9999.000000 -9999.000000 -9999.000000 -9999.000000 -9999.000000 -9999.000000 -9999.000000 -9999.000000 -9999.000000 -9999.000000
0.000005 0.000005 0.064837 0.000965 -0.000002 -0.000013 -0.000031 -0.000026 -0.000019 -0.000007 -0.000362 -0.000046 0.000000 0.000000 0.000000 -0.000004 -0.000008 -0.000014 -0.000044 -0.000003 0.000003 0.000014 0.001319 0.000000 0.000000 0.000006 0.000011 0.000010 0.000029 0.000020 0.000013 0.000009 0.000011 0.000005 0.000002 -9999.000000 -9999.000000 -9999.000000 -9999.000000 -9999.000000 -9999.000000 -9999.000000 -9999.000000 -9999.000000 -9999.000000 -9999.000000 -9999.000000 -9999.000000 -9999.000000 -9999.000000 -9999.000000 -9999.000000 -9999.000000 -9999.000000 -9999.000000 -9999.000000 -9999.000000 -9999.000000 -9999.000000 -9999.000000 -9999.000000
0.000000 0.000000 0.005143 0.002198 0.005126 0.004532 -0.029391 -0.002450 -0.002689 -0.005713 -0.001729 -0.000001 -0.000001 -0.000004 -0.000003 -0.000011 -0.000017 -0.000158 -0.000060 -0.000003 0.000003 0.000011 0.000938 0.000009 0.000001 0.000002 0.000003 0.000002 0.000007 0.000005 0.000002 0.000005 0.000004 0.000003 0.000001 0.000000 0.000000 -9999.000000 -9999.000000 -9999.000000 -9999.000000 -9999.000000 -9999.000000 -9999.000000 -9999.000000 -9999.000000 -9999.000000 -9999.000000 -9999.000000 -9999.000000 -9999.000000 -9999.000000 -9999.000000 -9999.000000 -9999.000000 -9999.000000 -9999.000000 -9999.000000 -9999.000000 -9999.000000 -9999.000000
-0.000003 -0.000005 0.003216 0.000013 0.000009 0.000013 0.000347 0.000040 0.000012 0.000014 0.309957 0.000101 -0.000010 -0.000012 -0.000005 -0.000016 -0.000142 -0.000032 0.000000 0.000004 0.000003 0.000013 0.000780 0.000034 0.000000 0.000000 0.000000 0.000000 0.000000 0.000000 0.000000 0.000000 0.000000 -0.000000 -0.000000 -0.000000 -0.000001 -9999.000000 -9999.000000 -9999.000000 -9999.000000 -9999.000000 -9999.000000 -9999.000000 -9999.000000 -9999.000000 -9999.000000 -9999.000000 -9999.000000 -9999.000000 -9999.000000 -9999.000000 -9999.000000 -9999.000000 -9999.000000 -9999.000000 -9999.000000 -9999.000000 -9999.000000 -9999.000000 -9999.000000
-0.000001 0.000339 0.004492 0.000017 0.000014 0.000005 0.000275 0.000048 0.000021 0.000007 0.000034 0.003153 -0.000313 -0.003657 -0.000292 -0.000812 -0.000035 0.000015 0.000003 0.000003 0.000005 0.000011 0.000593 0.000271 -0.000000 -0.000001 -0.000002 -0.000002 -0.000008 -0.000004 -0.000008 -0.000003 -0.000002 -0.000000 -0.000002 -0.000002 -0.000007 -9999.000000 -9999.000000 -9999.000000 -9999.000000 -9999.000000 -9999.000000 -9999.000000 -9999.000000 -9999.000000 -9999.000000 -9999.000000 -9999.000000 -9999.000000 -9999.000000 -9999.000000 -9999.000000 -9999.000000 -9999.000000 -9999.000000 -9999.000000 -9999.000000 -9999.000000 -9999.000000 -9999.000000
