use_cases/Flooding/flood_case/output/hUy_900.asc
ncols 269
nrows 269
xllcorner 0.000000
yllcorner 0.000000
cellsize 10.000000
NODATA_value -9999.000000
[rows 54 to 80 of 269, columns 186 to 247 of 269]
-0.000032 -0.000017 0.001010 0.006893 0.000836 0.000054 0.000017 0.000045 0.000028 0.000091 0.000222 0.002689 0.000330 0.000373 0.000442 0.000855 0.000203 0.000058 0.000016 -0.000006 -0.000027 -0.000056 -0.000106 -0.001306 -0.000190 -0.000154 -0.000083 -0.000065 -0.000175 -0.000866 -0.000079 -0.000028 0.000000 0.000001 -9999.000000 -9999.000000 -9999.000000 -9999.000000 -9999.000000 -9999.000000 -9999.000000 -9999.000000 -9999.000000 -9999.000000 -9999.000000 -9999.000000 -9999.000000 -9999.000000 -9999.000000 -9999.000000 -9999.000000 -9999.000000 -9999.000000 -9999.000000 -9999.000000 -9999.000000 -9999.000000 -9999.000000 -9999.000000 -9999.000000 -9999.000000 -9999.000000
-0.000046 0.021953 0.002183 0.000247 0.001576 0.000125 0.000078 0.000086 0.000034 0.000109 0.000281 0.001850 0.000221 0.000194 0.000141 0.000236 0.000156 0.000072 0.000017 -0.000010 -0.000077 -0.000123 -0.000176 -0.001970 -0.000225 -0.000161 -0.000102 -0.000045 -0.000117 -0.001215 -0.000132 -0.000062 -0.000014 0.000000 0.000001 -9999.000000 -9999.000000 -9999.000000 -9999.000000 -9999.000000 -9999.000000 -9999.000000 -9999.000000 -9999.000000 -9999.000000 -9999.000000 -9999.000000 -9999.000000 -9999.000000 -9999.000000 -9999.000000 -9999.000000 -9999.000000 -9999.000000 -9999.000000 -9999.000000 -9999.000000 -9999.000000 -9999.000000 -9999.000000 -9999.000000 -9999.000000
0.000188 0.001740 0.000125 0.000040 0.001194 0.000177 0.000123 0.000083 0.000029 0.000089 0.000433 0.001109 0.000168 0.000133 0.000103 0.000062 0.000130 0.000044 0.000025 0.000016 -0.000007 -0.000257 -0.000405 -0.002810 -0.000219 -0.000104 -0.000172 -0.000033 -0.000086 -0.000652 -0.001694 -0.000119 -0.000045 -0.000018 0.000000 0.000001 -9999.000000 -9999.000000 -9999.000000 -9999.000000 -9999.000000 -9999.000000 -9999.000000 -9999.000000 -9999.000000 -9999.000000 -9999.000000 -9999.000000 -9999.000000 -9999.000000 -9999.000000 -9999.000000 -9999.000000 -9999.000000 -9999.000000 -9999.000000 -9999.000000 -9999.000000 -9999.000000 -9999.000000 -9999.000000 -9999.000000
0.001014 0.000121 0.000110 0.000035 0.000813 0.000129 0.000099 0.000070 0.000026 0.000079 0.000647 0.000333 0.000087 0.000040 0.000026 0.000010 0.000028 0.000007 0.000026 0.000041 0.000031 0.000018 -0.000091 -0.002926 -0.000189 -0.000131 -0.000285 -0.000040 -0.000116 -0.000508 -0.003023 -0.000141 -0.000074 -0.000106 -0.000022 0.000000 0.000017 0.000058 -9999.000000 -9999.000000 -9999.000000 -9999.000000 -9999.000000 -9999.000000 -9999.000000 -9999.000000 -9999.000000 -9999.000000 -9999.000000 -9999.000000 -9999.000000 -9999.000000 -9999.000000 -9999.000000 -9999.000000 -9999.000000 -9999.000000 -9999.000000 -9999.000000 -9999.000000 -9999.000000 -9999.000000
0.000255 0.000044 0.000041 0.000024 0.000369 0.000042 0.000032 0.000029 0.000015 0.000038 0.000076 0.000311 0.000019 0.000000 0.000000 0.000000 0.000000 0.000000 0.000004 0.000019 0.000011 0.000004 -0.000035 -0.001109 -0.002703 -0.000182 -0.000211 -0.000080 -0.000055 -0.000266 -0.002897 -0.000149 -0.000127 -0.000199 -0.000061 -0.000007 0.000011 0.000035 0.000001 -9999.000000 -9999.000000 -9999.000000 -9999.000000 -9999.000000 -9999.000000 -9999.000000 -9999.000000 -9999.000000 -9999.000000 -9999.000000 -9999.000000 -9999.000000 -9999.000000 -9999.000000 -9999.000000 -9999.000000 -9999.000000 -9999.000000 -9999.000000 -9999.000000 -9999.000000 -9999.000000
-0.000000 0.000000 0.000000 0.000009 0.000035 0.000000 0.000000 0.000000 0.000000 0.000000 0.000014 0.000038 0.000000 -0.000024 -0.000173 -0.000047 -0.000031 -0.000016 0.000000 0.000000 0.000000 0.000000 -0.000003 -0.000442 -0.005619 -0.000240 -0.000144 -0.000084 -0.000032 -0.000143 -0.002841 -0.000183 -0.000310 -0.000140 -0.000054 -0.000007 0.000000 0.000000 0.000000 0.000000 -9999.000000 -9999.000000 -9999.000000 -9999.000000 -9999.000000 -9999.000000 -9999.000000 -9999.000000 -9999.000000 -9999.000000 -9999.000000 -9999.000000 -9999.000000 -9999.000000 -9999.000000 -9999.000000 -9999.000000 -9999.000000 -9999.000000 -9999.000000 -9999.000000 -9999.000000
-0.000002 -0.000006 -0.000002 0.000000 -0.000000 -0.000014 -0.000020 -0.000053 -0.000018 -0.000004 -0.000000 -0.000000 -0.000023 -0.000074 -0.000663 -0.000141 -0.000099 -0.000069 -0.000013 -0.000018 0.000017 0.000053 0.000015 0.000019 -0.002903 -0.002432 -0.000162 -0.000099 -0.000032 -0.000117 -0.004170 -0.000736 -0.000271 0.000093 0.000003 -0.000006 -0.000016 -0.000013 -0.000103 -0.000018 0.000000 0.000000 -9999.000000 -9999.000000 -9999.000000 -9999.000000 -9999.000000 -9999.000000 -9999.000000 -9999.000000 -9999.000000 -9999.000000 -9999.000000 -9999.000000 -9999.000000 -9999.000000 -9999.000000 -9999.000000 -9999.000000 -9999.000000 -9999.000000 -9999.000000
-0.000087 -0.000040 -0.000014 -0.000013 -0.000057 -0.000154 -0.000347 -0.000119 -0.000067 -0.000023 -0.000048 -0.000060 -0.000088 -0.000170 -0.001266 -0.000188 -0.000143 -0.000106 -0.000046 -0.000017 0.000006 0.000021 0.000000 0.000018 -0.000382 -0.007629 -0.000182 -0.000113 -0.000036 -0.000118 -0.004918 -0.000029 0.000034 0.000023 0.000008 -0.000000 -0.000029 -0.000065 -0.000640 -0.000197 0.000022 0.000008 0.000001 -9999.000000 -9999.000000 -9999.000000 -9999.000000 -9999.000000 -9999.000000 -9999.000000 -9999.000000 -9999.000000 -9999.000000 -9999.000000 -9999.000000 -9999.000000 -9999.000000 -9999.000000 -9999.000000 -9999.000000 -9999.000000 -9999.000000
-0.000219 -0.000077 -0.000032 -0.000066 -0.000130 -0.000790 -0.000318 -0.000174 -0.000108 -0.000038 -0.000126 -0.000368 -0.000065 -0.000165 -0.002459 -0.000118 -0.000133 -0.000065 -0.000098 -0.000015 -0.000000 0.000023 0.000033 0.000108 0.000087 -0.001979 -0.005169 -0.000122 -0.000045 -0.004311 -0.000788 0.000010 0.000007 -0.000000 -0.000000 -0.000022 -0.000078 -0.001021 -0.000615 -0.000078 0.000026 0.000003 0.000000 0.000000 -9999.000000 -9999.000000 -9999.000000 -9999.000000 -9999.000000 -9999.000000 -9999.000000 -9999.000000 -9999.000000 -9999.000000 -9999.000000 -9999.000000 -9999.000000 -9999.000000 -9999.000000 -9999.000000 -9999.000000 -9999.000000
-0.000139 -0.000071 -0.000042 -0.000137 -0.000192 -0.001338 -0.000218 -0.000081 -0.000329 -0.000046 -0.000156 -0.000835 -0.000052 -0.001651 -0.001363 -0.000058 -0.000159 -0.000356 -0.000234 -0.000048 -0.000001 0.000039 0.000086 0.000128 0.000045 -0.000304 -0.009369 -0.000119 -0.000042 -0.005150 -0.000129 -0.000000 -0.000000 -0.000005 -0.000020 -0.000073 -0.003093 -0.001268 0.000247 0.000067 0.000024 -0.000000 -0.000013 -0.000013 -0.000000 -0.000000 -9999.000000 -9999.000000 -9999.000000 -9999.000000 -9999.000000 -9999.000000 -9999.000000 -9999.000000 -9999.000000 -9999.000000 -9999.000000 -9999.000000 -9999.000000 -9999.000000 -9999.000000 -9999.000000
-0.000052 -0.000061 -0.000038 -0.000136 -0.001343 -0.000761 -0.000144 -0.000048 -0.000280 -0.000211 -0.000646 -0.000358 -0.000194 -0.002639 -0.000859 -0.000360 -0.000845 -0.000020 0.000028 0.000006 0.000000 0.000014 0.000070 0.000109 0.000101 0.000069 -0.013683 -0.009419 -0.000035 -0.005502 0.000050 0.000021 -0.000008 -0.000027 -0.000076 -0.000131 -0.003284 0.000063 0.000066 0.000037 0.000004 -0.000020 -0.000021 -0.000052 -0.000077 -0.000174 0.000000 -9999.000000 -9999.000000 -9999.000000 -9999.000000 -9999.000000 -9999.000000 -9999.000000 -9999.000000 -9999.000000 -9999.000000 -9999.000000 -9999.000000 -9999.000000 -9999.000000 -9999.000000
-0.000027 -0.000062 -0.000032 -0.000114 -0.002779 -0.000375 -0.000069 -0.000120 -0.000263 -0.000954 -0.000426 -0.000118 -0.037710 0.001245 0.000296 0.000271 0.000052 0.000044 0.000022 -0.000000 -0.000007 -0.000000 0.000031 0.000098 0.000127 0.000117 0.000509 -0.025186 -0.003476 -0.000003 0.000026 0.000009 -0.000023 -0.000082 -0.000142 -0.004010 0.000188 0.000044 0.000027 0.000005 -0.000000 -0.000024 -0.000056 -0.000091 -0.000150 -0.000475 -0.000025 0.000000 -9999.000000 -9999.000000 -9999.000000 -9999.000000 -9999.000000 -9999.000000 -9999.000000 -9999.000000 -9999.000000 -9999.000000 -9999.000000 -9999.000000 -9999.000000 -9999.000000
-0.000018 -0.000031 -0.000066 -0.000139 -0.002610 -0.000118 -0.000210 -0.000219 -0.011205 -0.006020 -0.000120 0.002056 0.004180 0.000108 0.000149 0.000077 0.000036 0.000015 -0.000000 -0.000003 -0.000026 -0.000011 0.000000 0.000053 0.000094 0.000100 0.000074 -0.043605 -0.006763 0.000017 0.000016 -0.000000 -0.000029 -0.000116 -0.005450 -0.000997 0.000013 0.000022 0.000006 -0.000000 -0.000013 -0.000052 -0.000094 -0.000129 -0.000162 -0.000774 -0.000059 -0.000023 0.000000 0.000000 0.000000 0.000000 -9999.000000 -9999.000000 -9999.000000 -9999.000000 -9999.000000 -9999.000000 -9999.000000 -9999.000000 -9999.000000 -9999.000000
-0.000014 -0.000020 -0.000098 -0.000154 -0.002497 -0.000072 -0.000210 -0.000225 -0.007495 0.000039 0.000099 0.000106 0.000188 0.000107 0.000055 0.000013 -0.000000 -0.000000 -0.000019 -0.000075 -0.000027 -0.000069 -0.000000 0.000015 0.000040 0.000055 0.000072 -0.061586 -0.001560 -0.000000 -0.000000 -0.000013 -0.000071 -0.000764 -0.002735 0.000000 0.000000 0.000010 -0.000000 -0.000018 -0.000159 -0.000045 -0.000143 -0.000182 -0.001006 -0.000370 -0.000062 -0.000059 -0.000012 -0.000023 0.000310 0.000014 0.000000 0.000000 0.000000 0.000000 -9999.000000 -9999.000000 -9999.000000 -9999.000000 -9999.000000 -9999.000000
0.000017 -0.000009 -0.000000 -0.000019 -0.001899 -0.001073 -0.000621 -0.006820 -0.001000 0.000027 0.000086 0.000075 0.000055 0.000033 0.000008 -0.000000 -0.000014 -0.000049 -0.000040 -0.000394 -0.000107 -0.000084 -0.000012 -0.000000 0.000009 0.000015 0.000031 0.000650 -0.011739 -0.000045 -0.000055 -0.000034 -0.000108 -0.005166 0.000075 -0.000001 0.000016 0.000005 -0.000012 -0.000084 -0.000791 -0.000126 -0.000080 -0.000170 -0.002009 -0.000149 -0.000032 -0.000028 -0.000054 -0.000301 0.000020 0.000007 -0.000009 -0.000009 -0.000016 -0.000008 -0.000000 -0.000000 0.000000 0.000000 -9999.000000 -9999.000000
0.000005 0.000000 -0.000002 -0.000000 -0.000587 -0.001181 -0.014659 -0.007985 0.000683 0.000084 0.000075 0.000027 0.000007 0.000000 0.000000 -0.000060 -0.000072 -0.000134 -0.000151 -0.001003 -0.000191 -0.000100 -0.000040 -0.000011 -0.000000 -0.000000 0.000019 0.000040 -0.021087 -0.000919 -0.002260 -0.004737 -0.010675 0.004488 0.000260 0.000189 0.000029 0.000002 -0.000024 -0.000114 -0.001113 -0.000150 -0.000046 -0.002841 -0.000332 0.000010 -0.000010 -0.000027 -0.000803 -0.000086 -0.000000 -0.000000 -0.000037 -0.000043 -0.000020 -0.000026 -0.000020 -0.000074 -0.000266 -0.000032 0.000000 0.000000
0.000000 -0.000032 -0.000055 -0.000028 -0.000237 -0.015000 -0.082106 0.000583 0.000060 0.000053 0.000031 0.000002 -0.000000 -0.000010 -0.000033 -0.000105 -0.000160 -0.000228 -0.000264 -0.001631 -0.000196 -0.000110 -0.000031 -0.000013 -0.000000 0.000048 0.000057 0.000081 -0.003555 -0.031156 -0.003187 -0.000825 0.000109 0.000127 0.000075 0.000079 0.000020 0.000002 -0.000079 -0.000164 -0.002126 -0.000970 -0.001596 -0.002054 0.000012 -0.000000 -0.000032 -0.001177 -0.006929 0.000015 -0.000021 -0.000131 -0.000119 -0.000093 -0.000029 -0.000061 -0.000073 -0.000158 -0.000682 -0.000086 -0.000014 -0.000039
-0.000015 -0.000064 -0.000152 -0.000091 -0.000285 -0.021780 0.000222 0.000032 0.000024 0.000017 0.000005 -0.000000 -0.000018 -0.000057 -0.000096 -0.000168 -0.000232 -0.000349 -0.001827 -0.000667 -0.000124 -0.000097 -0.000032 -0.000013 -0.000000 0.000012 0.000031 0.000057 0.000033 -0.043614 -0.000586 0.000041 0.000061 0.000035 0.000012 0.000012 0.000000 0.000000 -0.000071 -0.000185 -0.005167 -0.001619 -0.000549 0.000003 -0.000000 -0.000023 -0.001383 -0.010065 0.000019 0.000000 -0.000067 -0.000199 -0.000612 -0.000154 -0.000096 -0.000055 -0.000109 -0.000135 -0.001995 -0.000035 0.000076 -0.000095
-0.000049 -0.000117 -0.000464 -0.000347 -0.165013 -0.004510 0.000000 0.000000 -0.000000 -0.000000 -0.000000 -0.000014 -0.000061 -0.000152 -0.000116 -0.000216 -0.000283 -0.000419 -0.002497 -0.000213 -0.000084 -0.000057 -0.000077 -0.000021 -0.000023 -0.000000 0.000015 0.000026 0.000009 -0.033583 -0.000124 0.000005 0.000006 -0.000000 -0.000000 -0.000000 -0.000013 -0.000045 -0.000084 -0.004338 -0.001639 0.000000 0.000000 0.000000 -0.000043 -0.001801 -0.000329 0.000036 0.000000 -0.000027 -0.000101 -0.000209 -0.001188 -0.000228 -0.000137 -0.000057 -0.000141 -0.003487 -0.000289 0.000095 0.000054 0.000105
-0.000039 0.000018 0.000000 -0.000480 -0.125601 0.000601 0.000199 0.000031 0.000002 -0.000000 -0.000025 -0.000027 -0.000090 -0.000149 -0.000287 -0.000187 -0.000322 -0.003529 -0.001032 -0.000060 -0.000035 -0.000061 -0.000088 -0.000036 -0.000063 -0.000013 -0.000000 0.000007 0.000000 -0.018555 -0.000039 -0.000000 -0.000000 -0.000049 -0.000102 -0.000042 -0.000027 -0.000080 -0.000153 -0.007850 -0.000543 -0.000026 -0.000023 -0.000055 -0.002182 -0.000212 0.000048 0.000016 -0.000002 -0.000068 -0.000151 -0.000234 -0.001653 -0.000213 -0.000081 -0.000114 -0.004662 -0.000285 0.000082 0.000069 0.000042 0.000017
-0.000047 -0.000000 -0.000017 -0.017845 0.013751 0.000137 0.000167 0.000046 0.000001 -0.000027 -0.000037 -0.000084 -0.000344 -0.000069 -0.000111 -0.000202 -0.000390 -0.006885 -0.000289 -0.000006 -0.000006 -0.000063 -0.000075 -0.000036 -0.000086 -0.000072 -0.000001 -0.000000 -0.000015 -0.031689 -0.000027 -0.000029 -0.000104 -0.000302 -0.000231 -0.000149 -0.000033 -0.000110 -0.000172 -0.008071 -0.000364 -0.000045 -0.002879 -0.001974 0.000711 0.000054 0.000016 0.000000 -0.000027 -0.000077 -0.000120 -0.000229 -0.003941 -0.001438 -0.003006 0.000206 0.003170 0.000121 0.000088 0.000030 0.000011 -0.000000
-0.000033 -0.000060 -0.000099 0.104965 0.000189 0.000084 0.000114 0.000027 -0.000000 -0.000033 -0.000095 -0.000157 -0.000684 -0.000043 -0.000082 -0.000000 -0.000026 -0.005563 -0.000142 -0.000036 -0.000027 -0.000058 -0.000048 -0.000130 -0.000092 -0.000129 -0.000074 -0.000043 -0.000098 -0.100565 -0.000002 -0.000195 -0.000435 -0.000210 0.000046 0.000007 -0.000011 -0.000084 -0.000109 -0.040096 -0.001141 -0.003969 0.000953 0.000080 0.000066 0.000020 0.000000 -0.000030 -0.000076 -0.000084 -0.000102 -0.000231 -0.012833 -0.002771 -0.000035 0.000052 0.000061 0.000033 0.000047 0.000012 -0.000000 -0.000016
-0.000031 -0.000128 -0.000518 0.000107 0.000098 0.000025 0.000029 -0.000000 -0.000010 -0.000075 -0.000145 -0.001265 -0.000567 -0.000135 -0.000058 -0.000038 -0.000043 -0.005594 -0.000184 -0.000087 -0.000083 -0.000090 -0.000043 -0.000333 -0.000061 -0.000183 -0.000175 -0.000148 -0.000189 -0.070719 0.000075 0.000071 0.000037 0.000053 0.000011 0.000000 -0.000029 -0.000086 -0.000615 -0.055159 0.001071 0.000088 0.000099 0.000043 0.000022 0.000000 -0.000027 -0.000081 -0.000187 -0.000110 -0.000146 -0.000190 -0.013135 0.000000 0.000003 0.000000 0.000000 -0.000000 -0.000000 -0.000000 -0.000039 -0.000162
-0.000036 -0.000155 -0.010407 0.000081 0.000013 -0.000000 -0.000000 -0.000013 -0.000058 -0.000137 -0.000198 -0.002024 -0.000415 -0.000154 -0.000048 -0.000088 -0.000103 -0.007027 -0.000208 -0.000051 -0.000089 -0.000059 -0.000532 -0.000265 -0.000037 -0.000144 -0.000170 -0.000206 -0.031490 0.005676 0.000080 0.000065 0.000039 0.000016 -0.000000 -0.000013 -0.000070 -0.000144 -0.011718 0.005327 0.000083 0.000046 0.000037 0.000000 0.000000 -0.000025 -0.000074 -0.000121 -0.000235 -0.000275 -0.000148 -0.000247 -0.009970 -0.000002 -0.000000 -0.000030 -0.000028 -0.000239 -0.000101 -0.000075 -0.000050 -0.000477
-0.000097 -0.000160 0.018284 0.000031 -0.000000 -0.000013 -0.000050 -0.000088 -0.000151 -0.000210 -0.000266 -0.002346 -0.000276 -0.000134 -0.000048 -0.000128 -0.009221 0.004359 0.000009 -0.000018 -0.000052 -0.000128 -0.001232 -0.000167 -0.000031 -0.000104 -0.000136 -0.000192 -0.057507 0.000021 0.000023 0.000016 0.000004 -0.000000 -0.000008 -0.000053 -0.000117 -0.014724 0.000598 0.000074 0.000074 0.000021 -0.000000 -0.000000 -0.000019 -0.000068 -0.000144 -0.000194 -0.000300 -0.000475 -0.000213 -0.020248 -0.004470 -0.000117 -0.000408 -0.000911 -0.003859 -0.006162 -0.002888 -0.000374 -0.000688 -0.002282
-0.000172 -0.000469 0.000040 -0.000000 -0.000020 -0.000072 -0.000133 -0.000191 -0.000364 -0.000219 -0.000305 -0.002988 -0.000239 -0.000086 -0.000125 -0.011974 -0.004794 0.000027 0.000004 -0.000016 -0.000111 -0.001292 -0.000548 -0.000126 -0.000037 -0.000103 -0.000107 -0.000142 -0.012833 0.000000 -0.000000 -0.000000 -0.000000 -0.000015 -0.000018 -0.000075 -0.000140 -0.010742 0.000048 0.000051 0.000036 -0.000000 -0.000011 -0.000058 -0.000092 -0.000189 -0.000143 -0.000194 -0.000261 -0.000349 -0.022240 -0.090156 0.002751 0.002503 -0.001385 0.002721 0.005367 0.001767 0.003211 0.009145 0.001417 0.004221
-0.001266 -0.000147 0.000013 -0.000012 -0.000080 -0.000151 -0.000204 -0.000236 -0.000464 -0.000219 -0.001843 -0.001414 -0.000189 -0.000060 -0.013293 -0.005857 0.000009 -0.000000 -0.000000 -0.000032 -0.000999 -0.001091 -0.000279 -0.000264 -0.000120 -0.000059 -0.000108 -0.006341 -0.006686 -0.000001 -0.000003 -0.000011 -0.000027 -0.000025 -0.000072 -0.000130 -0.000185 -0.004177 0.000056 0.000015 0.000002 -0.000009 -0.000048 -0.000114 -0.000162 -0.000326 -0.000145 -0.000178 -0.000205 -0.034027 -0.092243 0.010510 0.000273 0.000310 0.000427 0.000248 0.000228 0.000169 0.000059 0.001035 0.000216 0.000148
