use_cases/Flooding/flood_case/output/hUy_4500.asc
ncols 269
nrows 269
xllcorner 0.000000
yllcorner 0.000000
cellsize 10.000000
NODATA_value -9999.000000
[rows 81 to 107 of 269, columns 122 to 182 of 269]
-0.003763 -0.000010 -0.000003 -0.000812 -0.004470 -0.000151 -0.000077 -0.000000 -0.000002 -0.000005 -0.000005 -0.000005 -0.000002 -0.000008 -0.000012 -0.000018 -0.000006 -0.035027 -0.076918 -0.038212 -0.088339 -0.091590 -0.007209 0.054646 0.064860 0.015810 -0.025169 -0.037105 -0.092308 -0.127252 0.000170 0.024028 0.075475 0.120474 0.057343 -0.008852 -0.000026 -0.000005 -0.000015 -0.000004 -0.000012 -0.000028 -0.000012 -0.011195 -0.114257 -0.091059 -0.020981 -0.034675 -0.024530 -0.013779 0.031312 0.025597 -0.001473 -0.015165 0.022120 0.042079 -0.000311 -0.000013 -0.000003 -0.000225 -0.000023
-0.027621 -0.000007 -0.000002 -0.000000 -0.019139 -0.000090 -0.000024 -0.000006 -0.000007 -0.000022 -0.000013 -0.000011 -0.000003 -0.000013 -0.000010 -0.000022 -0.053704 -0.139489 -0.152317 -0.087881 -0.080034 -0.049976 -0.001250 0.025181 0.034491 0.016213 -0.032935 -0.030936 -0.035605 -0.001780 0.038881 0.032729 0.099013 0.175265 0.106674 0.031744 -0.014569 -0.000120 -0.000023 -0.000667 -0.078547 -0.136672 -0.093428 -0.088137 -0.125615 -0.059189 -0.013749 -0.013343 -0.012721 0.004418 0.061464 0.056656 0.004367 0.023900 0.111210 0.140242 0.053616 -0.031306 -0.000830 -0.005897 -0.000414
0.056152 -0.003804 -0.000041 -0.026525 0.008338 -0.000965 -0.000021 -0.000028 -0.000011 -0.000021 -0.000017 -0.000008 -0.000007 -0.000008 -0.000015 -0.104722 -0.261927 -0.297281 -0.116217 0.039691 0.060194 0.035895 0.003804 0.002181 0.011189 0.021188 0.036988 0.002968 0.000785 0.000023 0.000003 0.001634 0.074026 0.093505 0.105310 0.036956 0.016613 0.037585 0.041948 0.016202 -0.023298 -0.090725 -0.075623 -0.071890 -0.052448 0.024845 0.001979 0.000731 0.000064 0.000086 0.000015 0.000008 0.000017 0.001293 0.083324 0.096970 0.143571 0.063858 0.023076 0.008974 0.009030
0.259831 0.057919 0.006710 -0.083866 0.033008 0.176090 -0.002793 -0.000023 -0.000012 -0.000019 -0.000013 -0.000007 -0.000011 -0.000010 -0.039914 -0.265706 -0.252941 -0.059690 0.000604 0.000009 0.000007 0.000006 0.000005 0.000003 0.000078 0.000012 0.000008 0.000003 0.000047 0.000011 0.000004 0.000015 0.000014 0.012873 0.099825 0.045009 0.054458 0.075004 0.085087 0.016321 0.028077 -0.033181 -0.028748 0.014434 0.000340 0.000030 0.000029 0.000155 0.000051 0.000020 0.000021 0.000021 0.000007 0.000009 0.000012 0.000705 0.046938 0.078542 0.042066 0.016591 0.024617
0.100510 0.084703 0.051280 0.044196 0.194220 0.279040 0.143060 -0.011167 -0.000052 -0.000493 -0.000102 -0.000012 -0.000005 -0.000898 -0.181764 -0.330965 -0.023004 0.000260 0.000003 0.000002 0.000002 0.000002 0.000002 0.000004 0.000079 0.000012 0.000007 0.000003 0.000030 0.000016 0.000010 0.000032 0.000015 0.000019 0.000019 0.000115 0.000010 0.000006 0.000002 0.000083 0.030417 -0.012660 0.000248 0.000012 0.000018 0.000040 0.000007 0.000169 0.000057 0.000024 0.000016 0.000027 0.000012 0.000004 0.000010 0.000008 0.000062 0.023331 0.024749 0.016012 0.017938
0.000002 0.000004 0.005450 0.030222 0.070758 0.309137 0.266454 0.100176 0.037770 0.028005 0.078470 -0.022152 -0.060118 -0.102083 -0.295089 -0.207115 0.000054 0.000001 0.000000 0.000000 0.000000 0.000000 0.000000 0.000000 0.000007 0.000003 0.000004 0.000003 0.000022 0.000005 0.000008 0.000025 0.000013 0.000018 0.000017 0.000037 0.000005 0.000002 0.000000 0.000000 0.001451 0.007647 0.000008 0.000006 0.000011 0.000016 0.000015 0.000005 0.000122 0.000025 0.000021 0.000012 0.000008 0.000004 0.000005 0.000002 0.000042 0.005502 0.002616 0.000364 0.000089
0.000000 0.000000 0.000000 0.000000 0.000000 0.071568 0.126020 0.132921 0.061872 0.043012 0.091193 0.076324 -0.011677 -0.101656 -0.214000 -0.057491 0.000001 -0.000000 -0.000000 -0.000002 -0.000012 -0.000004 -0.000003 -0.000002 0.000000 0.000000 0.000000 0.000000 0.000002 0.000004 0.000002 0.000010 0.000007 0.000010 0.000009 0.000004 0.000000 0.000000 -0.000000 -0.000000 0.001723 0.000043 0.000016 0.000005 0.000010 0.000009 0.000013 0.000010 0.000082 0.000023 0.000023 0.000010 0.000003 0.000002 0.000000 0.000000 0.000392 0.000016 0.000011 0.000007 0.000021
-0.000002 -0.000004 -0.000266 -0.000503 0.000000 0.000000 0.000194 0.040963 0.042217 0.063773 0.124508 0.096628 0.026994 -0.057373 -0.098269 0.000000 0.000000 -0.000002 -0.000007 -0.000004 -0.000036 -0.000009 -0.000010 -0.000009 -0.000006 -0.000005 -0.000005 -0.000002 0.000000 0.000000 0.000000 0.000002 0.000003 0.000002 0.000000 0.000000 -0.000002 -0.000002 0.000240 0.000403 0.000679 0.000043 0.000021 0.000021 0.000010 0.000009 0.000017 0.000019 0.000034 0.000014 0.000025 0.000010 0.000003 0.000000 -0.000003 0.000221 0.000550 0.000014 0.000005 0.000013 0.000028
-0.027204 -0.004435 0.008108 0.011052 -0.000241 -0.000001 0.000000 0.000000 0.000002 0.000308 0.025477 0.071045 0.048276 -0.018048 -0.031016 -0.000027 -0.000004 -0.031143 -0.030338 -0.000484 -0.000545 -0.000012 -0.000009 -0.000011 -0.000011 -0.000024 -0.000014 -0.000008 -0.000004 -0.000002 0.000000 0.000000 0.000000 0.000000 0.000001 0.000006 -0.000001 -0.000944 0.000486 0.000004 0.000008 0.000089 0.000025 0.000025 0.000018 0.000018 0.000016 0.000013 0.000014 0.000010 0.000016 0.000003 0.000009 0.000001 -0.005316 0.000325 0.000013 0.000009 0.000005 0.000009 0.000014
-0.031721 -0.008440 0.015124 0.051239 0.044164 -0.000761 -0.000017 -0.000002 0.000000 0.000000 0.002866 0.046414 0.022375 -0.022081 -0.015765 0.000674 0.027798 0.017321 0.013124 0.012681 0.003894 -0.025012 -0.000434 -0.000012 -0.000011 -0.000027 -0.000014 -0.000015 -0.000015 -0.000009 -0.000003 -0.000002 -0.000000 -0.000000 0.000000 0.000003 0.000007 0.000331 0.000077 0.000007 0.000005 0.000047 0.000018 0.000018 0.000013 0.000009 0.000005 0.000004 0.000005 0.000008 0.000006 0.000003 0.000007 0.000005 0.000211 0.000023 0.000008 0.000003 0.000004 0.000003 0.000008
-0.013285 0.050787 0.031963 0.056869 0.062948 0.010557 0.007272 0.017784 0.039269 -0.022642 -0.030444 0.022125 0.001303 -0.029099 -0.020121 -0.001168 0.036338 0.039415 0.052215 0.051067 0.024460 0.015889 0.013802 -0.018286 -0.018870 -0.000315 -0.000012 -0.000008 -0.000019 -0.000014 -0.000009 -0.000006 -0.000004 -0.000001 -0.000000 0.000001 0.000005 0.000273 0.000201 0.000003 0.000004 0.000008 0.000005 0.000005 0.000004 0.000002 0.000000 0.000000 0.000000 0.000004 0.000002 0.000003 0.000005 0.000010 0.000187 0.000051 0.000014 0.000000 0.000000 0.000003 0.000005
0.002397 0.000156 0.000007 0.000003 0.000008 0.001121 0.000154 0.012777 0.069107 -0.013412 -0.018062 0.011792 -0.003079 -0.022085 -0.004694 0.010203 0.112822 0.093288 0.088024 0.084668 0.042488 0.025390 0.062814 0.039659 0.026008 0.017944 -0.000011 -0.000005 -0.000019 -0.000011 -0.000021 -0.000011 -0.000007 -0.000009 -0.000002 -0.000000 0.000002 0.000008 0.000638 0.000000 0.000000 0.000000 0.000000 -0.000000 -0.000000 -0.000000 -0.000004 0.000003 0.000003 0.000003 0.000002 0.000000 0.000002 0.000006 0.000087 0.000041 0.000050 0.000023 0.000011 0.000007 0.000002
0.000344 0.000083 0.000002 0.000002 0.000005 0.000266 0.000008 0.000011 0.000014 0.000038 0.000172 0.025974 0.015939 0.012732 0.001782 0.000111 0.000011 0.000009 0.000003 0.000007 0.000015 0.000161 0.027475 0.042498 0.082521 0.049434 0.001711 -0.000006 -0.000008 -0.000023 -0.000021 -0.000014 -0.000006 -0.000036 -0.000008 -0.000003 0.000000 0.000005 0.000563 0.000338 0.000008 -0.000010 0.000206 0.000034 0.000005 0.000040 0.000015 0.000004 0.000001 0.000000 0.000000 0.000000 0.000000 0.000002 0.000019 0.000003 0.000050 0.000011 0.000007 0.000004 0.000002
0.000010 0.000539 0.000000 0.000000 0.000004 0.000303 0.000013 0.000004 0.000013 0.000009 0.000042 0.000902 0.000006 0.000002 0.000544 0.000076 0.000008 0.000011 0.000004 0.000009 0.000017 0.000021 0.000013 0.000018 0.056082 0.100765 0.003886 -0.000007 -0.000007 -0.000017 -0.000013 -0.000007 -0.000010 -0.000069 -0.000013 -0.000008 0.000003 0.000003 0.000007 0.000139 0.000115 0.000195 0.000020 0.000049 0.000010 0.000010 0.000008 0.000004 0.000000 -0.000000 -0.000000 -0.000001 -0.000000 -0.000000 0.000000 0.000001 0.000014 0.000007 0.000004 0.000002 0.000004
0.000009 0.000543 0.000019 0.000012 0.000003 0.000341 0.000023 0.000004 0.000010 0.000002 0.000076 0.000850 0.000007 0.000002 0.000519 0.000154 0.000001 0.000006 0.000003 0.000012 0.000031 0.000014 0.000025 0.000022 0.001892 0.098934 0.009017 -0.000000 -0.000005 -0.000013 -0.000018 -0.000028 -0.000086 -0.000059 -0.000012 -0.000001 0.000001 0.000002 0.000001 0.000005 0.000032 0.000013 0.000004 0.000070 0.000016 0.000010 0.000006 0.000002 0.000000 -0.000001 -0.000004 -0.000006 -0.000007 -0.000014 -0.000000 0.000000 0.000000 0.000001 0.000001 0.000002 0.000001
0.000008 0.000512 0.000011 0.000010 0.000005 0.000204 0.000073 0.000004 0.000000 0.000000 0.000207 0.000702 0.000011 0.000004 0.000009 0.000567 0.000000 0.000002 0.000004 0.000012 0.000015 0.000022 0.000040 0.000019 0.000018 0.095031 0.063417 -0.000065 -0.000012 -0.000042 -0.000084 -0.000041 -0.000025 0.000000 0.000000 0.000000 0.000000 0.000000 0.000000 0.000000 0.000002 0.000007 0.000003 0.000032 0.000013 0.000006 0.000002 0.000000 0.000000 -0.000004 -0.000009 -0.000013 -0.000059 -0.000021 -0.000006 -0.000002 -0.000000 0.000000 0.000000 0.000000 0.000000
0.000009 0.000620 0.000014 0.000016 0.000006 0.000151 0.000139 0.000006 0.000026 0.000010 0.000479 0.000024 0.000012 0.000004 0.000011 0.000639 0.000043 0.000000 0.000004 0.000011 0.000015 0.000021 0.000027 0.000014 0.000007 0.023227 0.147368 0.016360 -0.000094 -0.000012 0.000000 -0.000000 -0.000000 -0.000002 -0.000002 -0.000001 -0.000000 -0.000000 -0.000001 -0.000000 0.000000 0.000000 0.000001 0.000004 0.000007 0.000002 -0.000000 -0.000000 -0.000003 -0.000008 -0.000014 -0.000018 -0.000146 -0.000040 -0.000026 -0.000003 -0.000001 -0.000001 -0.000001 -0.000003 -0.000003
0.000010 0.000988 0.000021 0.000018 0.000007 0.000018 0.000264 0.000011 0.000015 0.000015 0.000436 0.000019 0.000014 0.000006 0.000010 0.000016 0.000476 -0.000002 0.000007 0.000003 0.000010 0.000027 0.000014 0.000027 0.000004 0.000043 0.095973 0.158741 0.000505 -0.000000 -0.000000 -0.000000 -0.000004 -0.000007 -0.000008 -0.000006 -0.000004 -0.000003 -0.000010 -0.000005 -0.000002 -0.000003 0.000000 0.000001 0.000001 -0.000000 -0.000000 -0.000002 -0.000007 -0.000012 -0.000017 -0.002630 -0.000037 0.000039 0.000015 0.000011 -0.000001 -0.000002 -0.000004 -0.000007 -0.000009
0.000008 0.000655 0.000016 0.000016 0.000006 0.000016 0.000221 0.000025 0.000006 0.000016 0.000849 0.000018 0.000012 0.000008 0.000005 0.000012 0.000014 0.010640 0.000010 0.000005 0.000007 0.000019 0.000010 0.000014 0.000008 0.000020 0.002911 0.101377 0.078802 -0.000002 -0.000003 -0.000005 -0.000017 -0.000009 -0.000011 -0.000009 -0.000010 -0.000027 -0.000017 -0.000011 -0.000008 -0.000010 -0.000001 0.000000 0.000000 -0.000002 -0.000008 -0.000006 -0.000014 -0.000020 -0.000388 0.000074 0.000008 0.000007 0.000004 0.000004 -0.000000 -0.000002 -0.000009 -0.000017 -0.000010
0.000005 0.000249 0.000014 0.000010 0.000004 0.000011 0.000206 0.000035 0.000004 0.000011 0.000635 0.000018 0.000011 0.000005 0.000008 0.000010 0.000013 0.000348 0.000010 0.000010 0.000003 0.000009 0.000009 0.000010 0.000007 0.000009 0.000001 0.004216 0.121985 0.024554 0.018513 -0.000184 -0.000046 -0.000010 -0.000008 -0.000011 -0.000033 -0.000024 -0.000012 -0.000006 -0.000054 -0.000010 -0.000003 -0.000002 -0.000001 -0.000006 -0.000014 -0.000023 -0.000014 -0.000554 -0.001474 0.000006 0.000003 0.000002 0.000002 0.000001 -0.000001 -0.000005 -0.000012 -0.000024 -0.000014
0.000001 0.000293 0.000009 0.000006 0.000002 0.000012 0.000135 0.000057 0.000004 0.000012 0.000582 0.000015 0.000012 0.000009 0.000004 0.000011 0.000019 0.000382 0.000007 0.000006 0.000003 0.000007 0.000008 0.000012 0.000008 0.000000 0.000000 0.000433 0.067420 0.033334 0.065519 0.047032 -0.029156 -0.000022 -0.000011 -0.000052 -0.000023 -0.000009 -0.000006 -0.000077 -0.000021 -0.000000 -0.000004 -0.000003 -0.000005 -0.000009 -0.000048 -0.000013 -0.000016 -0.000523 0.000002 0.000002 0.000000 0.000000 0.000000 0.000000 -0.000003 -0.000008 -0.000012 -0.000024 -0.000026
0.000031 0.000452 0.000002 0.000003 0.000003 0.000014 0.000027 0.000083 0.000010 0.000021 0.000497 0.000013 0.000005 0.000002 0.000006 0.000011 0.000024 0.000406 0.000009 0.000006 0.000002 0.000005 0.000004 0.000006 0.000004 0.000000 0.000011 0.000704 0.001456 0.046630 0.082701 0.073848 0.042213 -0.006511 -0.000014 -0.000033 -0.000019 -0.000006 -0.000096 -0.000057 -0.000009 -0.000004 -0.000007 -0.000013 -0.000004 -0.000011 -0.000040 -0.000026 -0.000064 -0.023884 0.000000 -0.000000 -0.000000 -0.000002 -0.000004 -0.000002 -0.000006 -0.000012 -0.000018 -0.000026 -0.000031
0.000020 0.000740 0.000000 0.000000 0.000006 0.000014 0.000023 0.000036 0.000020 0.000030 0.000528 0.000013 0.000002 0.000002 0.000005 0.000008 0.000023 0.000226 0.000012 0.000008 0.000003 0.000004 0.000001 0.000000 0.000000 -0.000000 0.000358 0.000007 0.000004 0.000006 0.000079 0.043306 0.058719 0.040057 -0.014990 -0.000030 -0.000020 -0.000074 -0.000080 -0.000031 -0.000010 -0.000006 -0.000040 -0.000016 -0.000005 -0.000011 -0.000018 -0.000030 -0.000472 -0.000006 -0.000000 -0.000002 -0.000003 -0.000003 -0.000009 -0.000010 -0.000014 -0.000019 -0.000023 -0.000026 -0.017915
0.000015 0.000538 0.000004 -0.000003 0.000010 0.000007 0.000018 0.000014 0.000021 0.000026 0.000419 0.000023 0.000000 0.000004 0.000009 0.000016 0.000020 0.000170 0.000010 0.000007 0.000003 0.000004 0.000002 0.000004 -0.000000 0.000006 0.000266 0.000005 0.000007 0.000003 0.000007 0.000212 0.013391 0.073528 0.039053 0.026050 0.012479 -0.031544 -0.000058 -0.000019 -0.000014 -0.000005 -0.000073 -0.000017 -0.000011 -0.000005 -0.000001 -0.000020 -0.000574 -0.000017 -0.000004 -0.000017 -0.000010 -0.000005 -0.000014 -0.000018 -0.000019 -0.004168 -0.191145 0.002056 0.002670
0.000028 0.000496 0.000020 0.000010 0.000011 0.000015 0.000005 0.000013 0.000017 0.000020 0.000275 0.000059 0.000026 0.000009 0.000004 0.000008 0.000012 0.000120 0.000011 0.000006 0.000002 0.000002 0.000001 0.000001 0.000023 0.000083 0.000218 0.000022 0.000006 0.000002 0.000004 0.000004 -0.025405 0.061551 0.037041 0.028116 0.028929 -0.007149 -0.004563 -0.001142 -0.000032 -0.000020 -0.000057 -0.000013 -0.000008 -0.000014 -0.000004 -0.000011 -0.000593 -0.000053 -0.000006 -0.000019 -0.000043 -0.000006 -0.441219 -0.638616 0.003822 0.006494 0.000014 0.000010 0.000010
0.000036 0.000356 0.000023 0.000017 0.000014 0.000013 0.000004 0.000008 0.000012 0.000018 0.000141 0.000030 0.000022 0.000011 0.000008 0.000003 0.000008 0.000076 0.000008 0.000004 0.000001 0.000000 0.000000 0.000000 0.000055 0.000149 0.000004 0.000061 0.000005 0.000001 0.000000 0.000001 0.000267 0.032328 0.028621 0.019854 0.030801 0.002213 -0.003426 0.018177 -0.023793 -0.042494 -0.000041 -0.000011 -0.000005 -0.000054 -0.000003 -0.000008 -0.014082 -0.012617 -0.012847 -0.007485 -0.001221 -0.000636 0.004339 0.000013 0.000011 0.000007 0.000009 0.000004 0.000004
0.000053 0.000190 0.000029 0.000022 0.000015 0.000005 0.000002 0.000002 0.000006 0.000011 0.000065 0.000031 0.000009 0.000009 0.000005 0.000002 0.000005 0.000039 0.000005 0.000001 0.000000 -0.000001 -0.000001 0.000026 0.000183 0.000002 0.000004 0.000045 0.000002 0.000000 -0.000001 -0.000000 0.000000 0.021386 0.043946 0.023996 0.035632 0.015651 0.008958 0.020019 0.000949 -0.010996 -0.036337 -0.000007 -0.000002 -0.000014 -0.002250 -0.001850 -0.000178 0.000125 0.000009 0.000008 0.000002 0.000002 0.000005 0.000005 0.000003 0.000002 0.000000 0.000000 0.000000
