use_cases/Flooding/flood_case/output/hUy_1800.asc
ncols 269
nrows 269
xllcorner 0.000000
yllcorner 0.000000
cellsize 10.000000
NODATA_value -9999.000000
[rows 135 to 161 of 269, columns 186 to 247 of 269]
0.000422 0.000047 0.000042 0.000018 0.000006 0.034040 -0.000103 -0.000001 0.000003 0.000012 0.000023 0.000057 0.000003 0.000000 -0.000003 0.000307 0.000006 0.000016 0.000002 -0.000002 0.062354 0.000003 0.000000 0.000000 0.000000 0.000000 0.000000 0.000000 0.000000 0.000005 0.000014 0.000007 0.000005 0.000015 0.000020 0.000067 0.000008 0.000010 0.000063 0.000219 0.000016 0.000007 0.000014 0.000478 0.000032 0.000009 0.000014 0.000022 0.005359 0.142685 0.005332 0.000014 0.000005 0.010840 0.001432 0.000000 0.000000 0.000000 0.000002 0.000003 0.000006 0.000006
0.000040 0.000038 0.000057 0.000014 0.000008 0.000022 0.003519 -0.000003 0.000004 0.000014 0.000023 0.000009 0.000000 0.000000 0.000109 0.000488 0.000005 0.000015 0.000012 0.000019 0.003398 -0.000000 -0.000000 -0.000001 -0.000001 -0.000002 -0.000002 -0.000004 -0.000000 0.000000 0.000000 0.000000 0.000002 0.000007 0.000013 0.000026 0.000013 0.000015 0.000128 0.000020 0.000012 0.000007 0.000011 0.000367 0.000039 0.000015 0.000006 0.000017 0.000035 0.000320 0.000026 0.000014 0.000005 0.000035 0.001005 0.000029 -0.000001 -0.000000 0.000000 0.000000 0.000000 0.000000
0.000023 0.000007 0.000109 0.000016 0.000007 0.000022 0.000225 0.000008 0.000005 0.000011 0.000003 0.000000 -0.000000 0.000005 0.000356 0.000013 0.000005 0.000013 0.000014 0.000016 0.002472 0.000230 -0.000002 -0.000005 -0.000009 -0.000010 -0.000024 -0.000018 -0.000011 -0.000008 -0.000004 -0.000001 0.000000 0.000000 0.000005 0.000007 0.000005 0.000008 0.000071 0.000012 0.000003 0.000009 0.000016 0.000401 0.000050 0.000020 0.000006 0.000014 0.000056 0.000228 0.000021 0.000010 0.000004 0.000031 0.000204 0.000689 -0.000004 -0.000004 -0.000001 -0.000002 -0.000003 -0.000004
0.000038 0.000006 0.000068 0.000024 0.000007 0.000020 0.000190 0.000023 0.000005 0.000007 0.000001 -0.000001 0.000006 0.000207 0.000013 0.000007 0.000003 0.000008 0.000011 0.000014 0.000044 0.002108 0.001009 -0.000034 -0.000014 -0.000016 -0.000040 -0.000027 -0.000025 -0.000023 -0.000018 -0.000010 -0.000007 -0.000003 0.000000 0.000000 0.000000 0.000000 0.000009 0.000004 0.000001 0.000007 0.000015 0.000350 0.000064 0.000021 0.000010 0.000012 0.000074 0.000117 0.000014 0.000004 0.000005 0.000047 0.000338 0.000899 0.000234 -0.000010 -0.000010 -0.000006 -0.000025 -0.000016
0.000074 0.000000 0.000009 0.000024 0.000006 0.000018 0.000148 0.000040 0.000005 0.000005 0.000005 0.000017 0.000099 0.000007 0.000005 0.000001 0.000000 0.000001 0.000004 0.000005 0.000052 0.000914 0.000004 0.001276 0.000932 0.000092 0.000306 -0.000029 -0.000165 -0.000032 -0.000024 -0.000030 -0.000014 -0.000010 -0.000003 -0.000006 -0.000004 -0.000000 -0.000000 -0.000000 0.000000 0.000007 0.000013 0.000184 0.000082 0.000028 0.000018 0.000006 0.000105 0.000023 0.000011 0.000002 0.000001 0.000160 0.000561 0.000010 0.000560 0.001255 -0.000018 -0.000020 -0.000034 -0.000045
0.000282 0.000095 0.000010 0.000015 0.000005 0.000020 0.000088 0.000064 0.000007 0.000010 0.000003 0.000006 0.000053 0.000000 0.000000 0.000000 -0.000001 -0.000000 -0.000000 -0.000000 0.000129 0.000779 0.000006 0.000181 0.001195 0.000019 0.000009 0.000013 0.024948 -0.000135 -0.000021 -0.000018 -0.000013 -0.000015 -0.000006 -0.000013 -0.000021 -0.000007 -0.000035 -0.000007 0.000003 0.000005 0.000015 0.000075 0.000145 0.000026 0.000016 0.000006 0.000076 0.000019 0.000007 0.000000 0.000000 0.000551 0.000026 0.000013 0.000018 0.000596 0.137333 -0.000673 -0.000031 -0.000036
0.000030 0.000184 0.000024 0.000015 0.000006 0.000017 0.000083 0.000024 0.000008 0.000005 0.000000 0.000000 0.000025 0.000068 0.000053 0.000097 0.000010 -0.000041 -0.000005 0.000149 0.000439 0.000501 0.000008 0.000300 0.000933 0.000019 0.000014 0.000008 0.000018 0.000287 -0.000326 -0.000018 -0.000016 -0.000016 -0.000008 -0.000017 -0.000137 -0.000055 -0.000053 0.000015 0.000006 0.000005 0.000011 0.000121 0.000039 0.000026 0.000018 0.000007 0.000048 0.000011 0.000009 -0.000000 0.000179 0.000697 0.000035 0.000029 0.000010 0.000023 0.000028 0.001681 0.001212 0.000023
0.000017 0.000109 0.000020 0.000012 0.000006 0.000012 0.000029 0.000017 0.000009 0.000000 -0.000001 0.000076 0.000144 0.000040 0.000017 0.000012 0.000021 0.000112 0.000362 0.000316 0.000359 0.000010 0.000010 0.000455 0.000399 0.000020 0.000017 0.000008 0.000019 0.000022 0.079553 -0.000021 -0.000034 -0.000049 -0.000153 -0.000172 -0.000096 -0.000005 0.000004 0.000005 0.000004 0.000005 0.000004 0.000056 0.000033 0.000023 0.000017 0.000007 0.000017 0.000012 0.000005 0.000023 0.000500 0.000038 0.000035 0.000029 0.000015 0.000018 0.000033 0.000095 0.000099 0.000008
0.000005 0.000034 0.000008 0.000004 0.000004 0.000003 0.000008 0.000013 0.000005 0.000022 0.000247 0.000123 0.000079 0.000025 0.000000 0.000000 0.000061 0.000196 0.000016 0.000043 0.000016 0.000010 0.000003 0.000936 0.000028 0.000021 0.000017 0.000008 0.000013 0.000017 0.001904 0.000503 -0.000039 -0.000061 -0.000115 -0.000047 0.000000 0.000000 0.000000 0.000000 0.000000 0.000000 0.000000 0.000005 0.000020 0.000011 0.000010 0.000005 0.000011 0.000005 0.000006 0.000080 0.000280 0.000025 0.000041 0.000033 0.000033 0.000010 0.000026 0.000135 0.000019 0.000011
0.000002 0.000001 0.000000 0.000000 0.000000 0.000000 0.000001 0.000007 0.000011 0.000023 0.000067 0.000009 0.000015 0.000013 0.000008 0.000095 0.000164 0.000055 0.000030 0.000018 0.000002 0.000000 0.000000 0.001133 0.000018 0.000015 0.000014 0.000011 0.000008 0.000017 0.000025 0.001917 0.026912 0.000253 -0.000047 -0.000017 -0.000005 -0.000004 -0.000003 -0.000003 -0.000005 -0.000005 -0.000001 0.000000 0.000002 0.000000 0.000000 0.000002 0.000005 0.000007 0.000014 0.000330 0.000022 0.000022 0.000020 0.000035 0.000033 0.000012 0.000030 0.000070 0.000011 0.000016
0.000001 0.000000 -0.000005 -0.000025 -0.000005 -0.000002 0.000000 0.000003 0.000010 0.000016 0.000008 0.000006 0.000005 0.000005 0.000023 0.000098 0.000007 0.000014 0.000012 0.000000 0.000000 -0.000002 0.000199 0.000709 0.000010 0.000006 0.000008 0.000005 0.000015 0.000022 0.000029 0.000091 0.000008 0.000958 0.000185 0.000143 -0.000176 -0.000025 -0.000015 -0.000017 -0.000029 -0.000021 -0.000002 -0.000001 0.000000 0.000000 0.000000 0.000000 0.000003 0.000007 0.000011 0.000308 0.000012 0.000009 0.000010 0.000005 0.000031 0.000017 0.000031 0.000017 0.000016 0.000012
0.000000 -0.000005 -0.000014 -0.000075 -0.000012 -0.000008 -0.000003 0.000000 0.000001 0.000000 0.000000 0.000000 0.000000 0.000007 0.000095 0.000006 0.000008 0.000004 0.000001 -0.000001 -0.000001 0.000084 0.000660 0.000130 0.000007 0.000000 0.000002 0.000005 0.000013 0.000017 0.000033 0.000031 0.000009 0.000904 0.000016 0.000005 0.010703 -0.000109 -0.000032 -0.000002 0.000001 0.000000 -0.000000 -0.000006 -0.000007 -0.000013 -0.000008 -0.000006 0.000003 0.000012 0.000016 0.000294 0.000006 0.000000 0.000000 0.000000 0.000018 0.000011 0.000017 0.000020 0.000004 0.000006
-0.000006 -0.000014 -0.000118 -0.000044 -0.000016 -0.000011 -0.000013 -0.000002 0.000000 -0.000002 -0.000008 -0.000005 -0.000004 0.000007 0.000058 0.000004 0.000001 0.000000 0.000000 0.000001 0.000095 0.000414 0.000007 0.000307 0.000020 0.000000 0.000000 0.000004 0.000010 0.000015 0.000021 0.000004 0.000000 0.000857 0.000021 0.000005 0.000021 0.000064 -0.000007 -0.000000 -0.000000 -0.000000 -0.000003 -0.000016 -0.000070 -0.000029 -0.000020 -0.000005 0.000004 0.000013 0.000022 0.000244 0.000016 -0.000000 0.000001 0.000000 0.000007 0.000003 0.000006 0.000009 0.000000 0.000000
-0.000013 -0.000021 -0.000202 -0.000034 -0.000023 -0.000017 -0.000028 -0.000009 -0.000003 -0.000009 -0.000018 -0.000049 -0.000006 0.000002 0.000001 0.000000 0.000000 -0.000000 0.000006 0.000020 0.000230 0.000019 0.000007 0.000242 0.000072 0.000036 0.000001 0.000001 0.000003 0.000008 0.000002 0.000000 0.000346 0.000743 0.000023 0.000006 0.000020 0.000030 0.008199 -0.000008 -0.000029 -0.000067 -0.000163 -0.000781 -0.000059 -0.000025 -0.000004 0.000002 0.000003 0.000007 0.000014 0.000105 0.000047 -0.000000 0.000000 0.000000 0.000000 0.000000 0.000000 0.000000 -9999.000000 -9999.000000
-0.000016 -0.000166 -0.000103 -0.000022 -0.000024 -0.000026 -0.000030 -0.000010 -0.000014 -0.000019 -0.000023 -0.000102 -0.000008 0.000000 0.000000 -0.000001 0.000011 0.000030 0.000027 0.000042 0.000169 0.000019 0.000007 0.000144 0.000042 0.000035 0.000008 0.000000 0.000000 0.000000 0.000000 0.000078 0.000640 0.000029 0.000027 0.000008 0.000020 0.000030 0.000030 0.171738 -0.000225 -0.000111 0.000212 0.000033 0.000041 0.000055 0.000014 0.000000 0.000000 0.000000 0.000004 0.000012 0.000028 0.000000 0.000000 -9999.000000 -9999.000000 -9999.000000 -9999.000000 -9999.000000 -9999.000000 -9999.000000
-0.000012 -0.000182 -0.000033 -0.000017 -0.000021 -0.000012 -0.000029 -0.000059 -0.000010 -0.000020 -0.000023 -0.000140 -0.000013 -0.000006 -0.000002 -0.000006 0.000006 0.000007 0.000007 0.000026 0.000074 0.000016 0.000009 0.000085 0.000032 0.000031 0.000049 0.000030 0.000004 -0.000003 0.000002 0.000376 0.000047 0.000021 0.000035 0.000009 0.000019 0.000029 0.000028 0.000349 0.000205 0.000005 0.000010 0.000022 0.000032 0.000039 0.000085 0.000036 0.000006 -0.000005 0.000000 0.000000 0.000000 -9999.000000 -9999.000000 -9999.000000 -9999.000000 -9999.000000 -9999.000000 -9999.000000 -9999.000000 -9999.000000
-0.000012 -0.000480 -0.000002 -0.000013 -0.000012 -0.000021 -0.000034 -0.000106 -0.000007 -0.000020 -0.000020 -0.000257 -0.000018 -0.000013 -0.000004 -0.000009 -0.000000 -0.000000 -0.000000 0.000004 0.000006 0.000007 0.000009 0.000030 0.000020 0.000014 0.000019 0.000008 0.000006 0.000028 0.000048 0.000368 0.000047 0.000014 0.000027 0.000010 0.000014 0.000022 0.000021 0.000120 0.000469 0.000005 0.000000 0.000005 0.000011 0.000009 0.000047 0.000013 0.000002 -0.000008 -9999.000000 -9999.000000 -9999.000000 -9999.000000 -9999.000000 -9999.000000 -9999.000000 -9999.000000 -9999.000000 -9999.000000 -9999.000000 -9999.000000
-0.000021 -0.000549 -0.000000 -0.000012 -0.000007 -0.000021 -0.000030 -0.000185 -0.000016 -0.000012 -0.000016 -0.000266 -0.000004 -0.000017 -0.000010 -0.000016 -0.000003 -0.000001 -0.000001 -0.000000 0.000000 0.000000 0.000000 0.000010 0.000007 0.000006 0.000003 0.000009 0.000010 0.000040 0.000036 0.000273 0.000054 0.000016 0.000025 0.000005 0.000012 0.000010 0.000008 0.000147 0.000302 0.000015 -0.000001 0.000000 0.000000 0.000001 0.000008 0.000004 0.000000 -9999.000000 -9999.000000 -9999.000000 -9999.000000 -9999.000000 -9999.000000 -9999.000000 -9999.000000 -9999.000000 -9999.000000 -9999.000000 -9999.000000 -9999.000000
-0.000024 -0.000471 -0.000006 -0.000014 -0.000006 -0.000017 -0.000026 -0.000226 -0.000021 -0.000008 -0.000013 -0.000274 -0.000010 -0.000009 -0.000044 -0.000017 -0.000004 -0.000008 -0.000009 -0.000014 -0.000001 -0.000004 0.000003 0.000007 0.000002 0.000000 0.000001 0.000004 0.000007 0.000030 0.000025 0.000155 0.000104 0.000022 0.000016 0.000005 0.000012 0.000003 0.000000 0.000255 0.000014 0.000006 0.012680 0.000003 -0.000004 0.000000 0.000000 0.000000 -9999.000000 -9999.000000 -9999.000000 -9999.000000 -9999.000000 -9999.000000 -9999.000000 -9999.000000 -9999.000000 -9999.000000 -9999.000000 -9999.000000 -9999.000000 -9999.000000
-0.000024 -0.000556 -0.000015 -0.000019 -0.000006 -0.000016 -0.000018 -0.000096 -0.000150 -0.000007 -0.000015 -0.000315 -0.000017 -0.000020 -0.000044 -0.000015 -0.000005 -0.000013 -0.000129 -0.000050 -0.000007 -0.000005 0.000001 0.000002 0.000000 0.000000 0.000000 0.000000 0.000000 0.000014 0.000024 0.000030 0.000121 0.000019 0.000012 0.000004 0.000009 0.000008 0.000005 0.000321 0.000010 0.000003 0.000010 0.000006 -0.000015 -0.000004 -0.000000 -9999.000000 -9999.000000 -9999.000000 -9999.000000 -9999.000000 -9999.000000 -9999.000000 -9999.000000 -9999.000000 -9999.000000 -9999.000000 -9999.000000 -9999.000000 -9999.000000 -9999.000000
-0.000036 -0.000765 -0.000017 -0.000010 -0.000026 -0.000030 -0.000009 -0.000047 -0.000262 -0.000006 -0.000464 -0.000163 -0.000019 -0.000030 -0.000022 -0.000005 -0.000010 -0.000016 -0.000394 -0.000034 0.000000 0.000000 -0.000000 -0.000000 -0.000001 -0.000005 -0.000006 -0.000014 -0.000010 0.000028 0.000028 0.000027 0.000040 0.000015 0.000007 0.000002 0.000002 0.000005 0.000013 0.000247 0.000012 0.000000 0.000001 0.000000 -0.000000 -0.000005 -9999.000000 -9999.000000 -9999.000000 -9999.000000 -9999.000000 -9999.000000 -9999.000000 -9999.000000 -9999.000000 -9999.000000 -9999.000000 -9999.000000 -9999.000000 -9999.000000 -9999.000000 -9999.000000
-0.000546 -0.000341 -0.000008 -0.000012 -0.000062 -0.000021 -0.000005 -0.000021 -0.000146 -0.000796 -0.000281 -0.000000 -0.000045 -0.000027 -0.000020 -0.000004 -0.000011 -0.000022 -0.000326 -0.000000 -0.000000 -0.000001 -0.000006 -0.000009 -0.000018 -0.000071 -0.000039 -0.000038 0.000010 0.000014 0.000019 0.000017 0.000020 0.000009 0.000002 0.000000 0.000000 0.000002 0.000021 0.000141 0.000018 -0.000000 0.000000 -9999.000000 -9999.000000 -9999.000000 -9999.000000 -9999.000000 -9999.000000 -9999.000000 -9999.000000 -9999.000000 -9999.000000 -9999.000000 -9999.000000 -9999.000000 -9999.000000 -9999.000000 -9999.000000 -9999.000000 -9999.000000 -9999.000000
-0.000745 -0.000168 -0.000032 -0.000147 -0.000018 -0.000007 -0.000008 -0.000012 -0.000085 -0.000745 -0.000000 -0.000002 -0.000070 -0.000020 -0.000009 -0.000012 -0.000019 -0.000836 -0.000130 -0.000018 0.000009 0.000174 0.000034 0.000000 0.000027 -0.000072 -0.000005 0.000004 0.000005 0.000011 0.000009 0.000009 0.000007 0.000003 0.000000 -0.000002 -0.000002 0.000001 0.000016 0.000059 0.000008 0.000000 -9999.000000 -9999.000000 -9999.000000 -9999.000000 -9999.000000 -9999.000000 -9999.000000 -9999.000000 -9999.000000 -9999.000000 -9999.000000 -9999.000000 -9999.000000 -9999.000000 -9999.000000 -9999.000000 -9999.000000 -9999.000000 -9999.000000 -9999.000000
-0.000914 -0.000098 0.000004 0.000001 0.000000 -0.000006 -0.000013 -0.000018 -0.000058 -0.000877 -0.000002 -0.000003 -0.000149 -0.000014 -0.000005 -0.000016 -0.001230 0.000173 0.000040 0.000120 0.000012 0.000021 0.000015 0.000018 0.000009 0.000005 0.000000 0.000000 0.000000 0.000002 0.000001 0.000000 0.000000 0.000000 -0.000003 -0.000008 -0.000006 -0.000000 0.000008 0.000005 0.000002 -9999.000000 -9999.000000 -9999.000000 -9999.000000 -9999.000000 -9999.000000 -9999.000000 -9999.000000 -9999.000000 -9999.000000 -9999.000000 -9999.000000 -9999.000000 -9999.000000 -9999.000000 -9999.000000 -9999.000000 -9999.000000 -9999.000000 -9999.000000 -9999.000000
-0.000944 0.000001 0.000001 -0.000000 -0.000001 -0.000008 -0.000024 -0.000021 -0.000665 -0.000232 -0.000004 -0.000089 -0.000071 -0.000008 -0.000014 -0.001515 0.000168 0.000009 0.000004 0.000012 0.000011 0.000017 0.000013 0.000007 0.000002 -0.000000 -0.000000 -0.000001 0.000000 0.000000 0.000000 0.000000 0.000000 -0.000002 -0.000006 -0.000010 -0.000008 -0.000013 0.000000 0.000000 0.000000 -9999.000000 -9999.000000 -9999.000000 -9999.000000 -9999.000000 -9999.000000 -9999.000000 -9999.000000 -9999.000000 -9999.000000 -9999.000000 -9999.000000 -9999.000000 -9999.000000 -9999.000000 -9999.000000 -9999.000000 -9999.000000 -9999.000000 -9999.000000 -9999.000000
-0.000292 0.000000 0.000000 -0.000003 -0.000007 -0.000014 -0.000034 -0.000027 -0.001028 -0.000159 -0.000006 -0.000189 -0.000031 -0.000017 -0.001646 0.000378 0.000017 0.000013 0.000003 0.000003 0.000009 0.000015 0.000004 0.000001 0.000000 -0.000024 -0.000014 -0.000006 0.000000 -0.000000 -0.000003 -0.000004 -0.000003 -0.000008 -0.000017 -0.000009 -0.000013 -0.000070 -0.000004 -0.000000 -9999.000000 -9999.000000 -9999.000000 -9999.000000 -9999.000000 -9999.000000 -9999.000000 -9999.000000 -9999.000000 -9999.000000 -9999.000000 -9999.000000 -9999.000000 -9999.000000 -9999.000000 -9999.000000 -9999.000000 -9999.000000 -9999.000000 -9999.000000 -9999.000000 -9999.000000
-0.000000 -0.000000 -0.000002 -0.000008 -0.000015 -0.000021 -0.000038 -0.000043 -0.001181 -0.000139 -0.000075 -0.000145 -0.000020 -0.001754 -0.000388 0.000014 0.000011 0.000022 0.000016 0.000018 0.000016 0.000011 0.000000 0.000000 -0.000004 -0.000102 -0.000027 -0.000003 -0.000000 -0.000005 -0.000008 -0.000005 -0.000010 -0.000016 -0.000063 -0.000008 -0.000019 -0.000093 -0.000004 -9999.000000 -9999.000000 -9999.000000 -9999.000000 -9999.000000 -9999.000000 -9999.000000 -9999.000000 -9999.000000 -9999.000000 -9999.000000 -9999.000000 -9999.000000 -9999.000000 -9999.000000 -9999.000000 -9999.000000 -9999.000000 -9999.000000 -9999.000000 -9999.000000 -9999.000000 -9999.000000
