use_cases/Flooding/flood_case/output/hUy_900.asc
ncols 269
nrows 269
xllcorner 0.000000
yllcorner 0.000000
cellsize 10.000000
NODATA_value -9999.000000
[rows 81 to 107 of 269, columns 124 to 185 of 269]
0.000000 0.000000 -0.000000 -0.000003 -0.000196 -0.000000 -0.000001 -0.000003 -0.000008 -0.000018 -0.000030 -0.000105 -0.000146 -0.000216 -0.000082 -0.000165 -0.001148 -0.000237 -0.024356 -0.050364 -0.014193 -0.034420 -0.026510 -0.012965 -0.007975 -0.024454 -0.028015 0.005909 0.003317 0.002993 0.010975 0.011441 -0.001205 -0.000328 -0.000278 -0.000059 -0.000182 -0.000056 -0.000152 -0.000355 -0.000156 -0.000197 -0.000679 -0.013665 -0.043977 -0.011604 -0.006756 -0.039882 -0.007061 -0.013295 0.007631 0.005293 -0.042075 -0.000787 -0.000096 -0.000167 -0.000041 -0.002991 -0.000290 -0.000060 -0.000150 -0.000211
0.000000 0.000000 -0.000019 -0.000037 -0.000040 -0.000001 -0.000003 -0.000018 -0.000021 -0.000041 -0.000039 -0.000151 -0.000116 -0.000199 -0.000178 -0.000309 -0.022742 0.014464 0.024137 0.003569 0.000073 0.000246 0.009552 0.021736 0.017015 0.007191 0.004145 0.000089 0.000025 0.000198 0.009618 0.020645 0.003719 -0.000461 -0.000299 -0.000124 -0.000109 -0.000135 -0.000155 -0.000917 -0.000683 -0.028135 0.000697 -0.002826 0.010770 0.009253 0.004809 0.005541 0.000326 0.000093 0.011214 0.024146 -0.012061 0.015325 -0.000447 -0.000108 -0.000031 -0.002272 -0.000192 -0.000043 -0.000114 -0.000806
0.000000 0.000000 -0.000001 -0.000005 -0.000014 -0.000006 -0.000004 -0.000015 -0.000020 -0.000016 -0.000067 -0.000099 -0.000101 -0.000182 -0.004066 0.011283 0.002377 0.000131 0.000106 0.000216 0.000078 0.000030 0.000599 0.000202 0.000528 0.000147 0.000471 0.000111 0.000032 0.000134 0.000174 0.007809 0.011067 0.001608 -0.016311 -0.033249 -0.050733 -0.043381 0.008818 0.000179 0.001022 -0.003836 0.001057 0.000303 0.000315 0.001075 0.000290 0.000399 0.000187 0.000101 0.000134 0.000153 0.000268 0.018064 0.002993 -0.003581 -0.006653 -0.004546 -0.002794 -0.000170 -0.000053 -0.002897
0.000000 0.000000 -0.000000 -0.000000 -0.000003 -0.000003 -0.000004 -0.000010 -0.000010 -0.000006 -0.000090 -0.000089 -0.000103 -0.011499 0.007021 0.000103 0.000111 0.000097 0.000073 0.000113 0.000063 0.000044 0.000936 0.000159 0.000105 0.000046 0.000562 0.000145 0.000053 0.000186 0.000179 0.000201 0.001026 0.002801 0.000331 0.000071 0.000032 0.021435 0.026323 0.020580 0.000714 0.000200 0.000296 0.000363 0.000324 0.001635 0.000554 0.000294 0.000264 0.000262 0.000087 0.000120 0.000158 0.000145 0.000817 0.010306 0.004612 0.002088 0.003710 0.009049 -0.004208 -0.009199
0.000000 0.000000 -0.000000 -0.000000 -0.000000 -0.000001 -0.000001 -0.000028 -0.000016 -0.000033 -0.000053 -0.000090 -0.000565 -0.002717 0.000084 0.000065 0.000037 0.000031 0.000023 0.000021 0.000020 0.000049 0.000840 0.000146 0.000090 0.000045 0.000366 0.000200 0.000128 0.000389 0.000182 0.000240 0.000242 0.000848 0.000120 0.000077 0.000023 0.000036 0.006061 0.009882 0.000138 0.000144 0.000228 0.000451 0.000087 0.001634 0.000701 0.000305 0.000204 0.000333 0.000146 0.000056 0.000124 0.000093 0.000244 0.001818 0.006604 0.009870 0.002040 0.011634 0.006735 0.002437
0.000000 0.000000 0.000000 -0.000000 -0.000000 -0.000000 -0.000000 -0.000565 -0.000377 -0.000035 -0.000034 -0.000089 -0.001102 0.000309 0.000048 0.000017 0.000000 0.000000 0.000000 0.000000 0.000000 0.000000 0.000092 0.000035 0.000047 0.000034 0.000266 0.000062 0.000106 0.000303 0.000159 0.000219 0.000211 0.000446 0.000068 0.000031 0.000000 0.000000 0.003103 0.007765 0.000101 0.000067 0.000137 0.000204 0.000186 0.000069 0.001444 0.000288 0.000266 0.000160 0.000106 0.000049 0.000059 0.000023 0.000528 0.004397 0.000358 0.000121 0.000082 0.000145 0.000504 0.011398
0.000000 0.000000 0.000000 0.000000 0.000000 -0.000000 -0.000000 0.000000 0.000018 -0.004034 -0.008424 -0.000696 -0.000420 0.000014 0.000015 -0.000000 -0.000002 -0.000027 -0.000156 -0.000049 -0.000044 -0.000025 0.000000 0.000000 0.000000 0.000000 0.000019 0.000044 0.000026 0.000129 0.000087 0.000129 0.000109 0.000055 0.000000 0.000000 -0.000001 0.000004 0.008515 0.003441 0.000201 0.000062 0.000120 0.000111 0.000169 0.000127 0.000970 0.000280 0.000265 0.000137 0.000039 0.000028 0.000000 0.000000 0.004762 0.000197 0.000134 0.000096 0.000255 0.000252 0.000227 0.000185
0.000000 0.000000 0.000000 0.000000 0.000000 0.000000 0.000000 0.000000 0.000000 0.004905 0.003563 -0.000944 -0.000046 0.000000 0.000000 -0.000030 -0.000082 -0.000051 -0.000449 -0.000115 -0.000127 -0.000109 -0.000073 -0.000060 -0.000061 -0.000025 0.000000 0.000000 0.000002 0.000023 0.000032 0.000019 0.000000 0.000000 -0.000019 -0.000023 0.002207 0.003374 0.006262 0.001465 0.000260 0.000250 0.000120 0.000112 0.000211 0.000233 0.000406 0.000181 0.000301 0.000120 0.000045 0.000000 -0.000034 0.002710 0.006461 0.000177 0.000067 0.000168 0.000328 0.000219 0.000288 0.000271
0.000000 0.000000 0.000000 0.000000 0.000000 0.000000 0.000000 0.000000 0.000000 0.002657 0.005363 0.006597 -0.000022 -0.000027 -0.000019 -0.000395 -0.000361 -0.000261 -0.000606 -0.000193 -0.000114 -0.000141 -0.000135 -0.000289 -0.000167 -0.000099 -0.000046 -0.000023 0.000000 0.000000 0.000000 0.000002 0.000009 0.000066 -0.000015 -0.004430 0.005260 0.000053 0.000100 0.001068 0.000313 0.000312 0.000219 0.000208 0.000189 0.000166 0.000177 0.000131 0.000191 0.000044 0.000104 0.000017 -0.008207 0.003939 0.000160 0.000117 0.000061 0.000109 0.000172 0.000227 0.000284 0.000294
0.000000 0.000000 0.000000 0.000000 0.000000 0.000000 0.000000 0.000000 0.000000 0.006298 0.005079 0.008366 0.007339 -0.005146 -0.001988 -0.000190 -0.000342 -0.000183 -0.000171 -0.000506 -0.000128 -0.000141 -0.000135 -0.000323 -0.000172 -0.000181 -0.000174 -0.000108 -0.000043 -0.000025 -0.000003 -0.000000 0.000003 0.000034 0.000087 0.003831 0.000955 0.000094 0.000060 0.000572 0.000222 0.000222 0.000163 0.000106 0.000065 0.000047 0.000065 0.000095 0.000075 0.000043 0.000081 0.000067 0.002505 0.000333 0.000099 0.000032 0.000050 0.000036 0.000105 0.000156 0.000195 0.000214
0.000000 0.000000 0.000000 0.000000 0.000000 0.000000 0.000000 0.000000 0.009516 0.008406 0.007649 0.010591 0.012972 0.013681 0.011181 0.010812 0.010337 0.002302 0.000437 0.004768 -0.000154 -0.000179 -0.000551 -0.000243 -0.000145 -0.000100 -0.000232 -0.000180 -0.000111 -0.000075 -0.000045 -0.000014 -0.000000 0.000015 0.000064 0.003138 0.002500 0.000032 0.000049 0.000102 0.000058 0.000059 0.000051 0.000025 0.000000 0.000000 0.000000 0.000054 0.000025 0.000038 0.000065 0.000119 0.002109 0.000722 0.000171 0.000000 0.000000 0.000040 0.000066 0.000104 0.000087 0.000212
0.000000 0.000000 0.000000 0.000000 0.000000 0.000000 0.000000 0.000000 0.000846 0.001111 0.001179 0.002918 0.001414 0.000961 0.000146 0.000089 0.000028 0.000088 0.001067 0.012377 0.009201 0.000890 -0.001804 -0.000706 -0.000124 -0.000064 -0.000228 -0.000136 -0.000253 -0.000140 -0.000088 -0.000117 -0.000022 -0.000000 0.000020 0.000104 0.006932 0.000000 0.000000 0.000000 0.000000 -0.000000 -0.000000 -0.000000 -0.000046 0.000038 0.000033 0.000038 0.000021 0.000006 0.000023 0.000080 0.000785 0.000763 0.000609 0.000282 0.000138 0.000081 0.000022 0.000047 0.000063 0.000267
0.000000 0.000000 0.000000 0.000000 0.000000 0.000000 0.000000 0.000000 0.000164 0.003016 0.000721 0.001807 0.002779 0.000747 0.000140 0.000122 0.000039 0.000096 0.000170 0.000372 0.000166 0.008894 0.020083 -0.000303 -0.000150 -0.000081 -0.000102 -0.000267 -0.000252 -0.000171 -0.000071 -0.000433 -0.000095 -0.000042 0.000000 0.000068 0.006548 0.004011 0.000118 -0.000037 0.002177 0.000373 0.000051 0.000393 0.000174 0.000045 0.000015 0.000005 0.000000 0.000000 0.000000 0.000022 0.000243 0.000035 0.000606 0.000141 0.000091 0.000054 0.000026 0.000019 0.000139 0.000311
0.000000 0.000000 0.000000 0.000000 0.000000 0.000000 0.000000 0.000000 0.000246 0.002513 0.000079 0.000027 0.005745 0.000904 0.000101 0.000136 0.000046 0.000117 0.000223 0.000255 0.000158 0.000217 0.005430 0.003507 0.000030 -0.000077 -0.000090 -0.000189 -0.000167 -0.000092 -0.000129 -0.000835 -0.000166 -0.000098 0.000038 0.000038 0.000088 0.001840 0.001617 0.002373 0.000256 0.000591 0.000127 0.000121 0.000104 0.000055 0.000005 -0.000000 -0.000005 -0.000017 -0.000001 -0.000000 0.000000 0.000012 0.000178 0.000090 0.000055 0.000026 0.000054 0.000050 0.000203 0.000157
0.000000 0.000000 0.000000 0.000000 0.000000 0.000000 0.000000 0.000000 0.000493 0.002541 0.000095 0.000032 0.004940 0.001953 0.000018 0.000071 0.000044 0.000152 0.000354 0.000174 0.000298 0.000268 0.000235 0.003602 -0.000000 -0.000000 -0.000058 -0.000160 -0.000223 -0.000359 -0.001045 -0.000717 -0.000140 -0.000014 0.000007 0.000019 0.000019 0.000069 0.000389 0.000163 0.000050 0.000850 0.000193 0.000121 0.000074 0.000021 0.000001 -0.000012 -0.000047 -0.000081 -0.000087 -0.000179 -0.000003 0.000000 0.000000 0.000017 0.000010 0.000022 0.000014 0.000015 0.000058 0.000061
0.000000 0.000000 0.000000 0.000000 0.000000 0.000000 0.000000 0.000000 0.001303 0.001613 0.000131 0.000047 0.000135 0.005927 0.000000 0.000021 0.000047 0.000158 0.000184 0.000261 0.000481 0.000216 0.000214 0.005668 0.000187 -0.000056 -0.000140 -0.000395 -0.001043 -0.000591 -0.000244 0.000000 0.000000 0.000000 0.000000 0.000000 0.000000 0.000000 0.000030 0.000089 0.000042 0.000388 0.000163 0.000073 0.000021 0.000000 0.000000 -0.000048 -0.000108 -0.000163 -0.000712 -0.000265 -0.000070 -0.000024 -0.000002 0.000000 0.000000 0.000000 0.000000 0.000000 0.000000 0.000000
0.000000 0.000000 0.000000 0.000000 0.000000 0.000000 0.000000 0.000000 0.001405 0.000175 0.000152 0.000057 0.000143 0.006895 0.000582 0.000000 0.000048 0.000135 0.000189 0.000250 0.000377 0.000194 0.000088 0.000420 0.049991 -0.001668 -0.000397 -0.000125 0.000003 -0.000000 -0.000000 -0.000027 -0.000024 -0.000014 -0.000001 -0.000002 -0.000018 -0.000003 0.000000 0.000000 0.000017 0.000048 0.000087 0.000024 -0.000000 -0.000005 -0.000034 -0.000099 -0.000168 -0.000231 -0.001760 -0.000488 -0.000311 -0.000036 -0.000008 -0.000018 -0.000013 -0.000032 -0.000039 -0.000202 -0.000028 -0.000013
0.000000 0.000000 0.000000 0.000000 0.000000 0.000000 0.000000 0.000000 0.001420 0.000143 0.000177 0.000076 0.000129 0.000198 0.005174 0.000275 0.000089 0.000045 0.000125 0.000317 0.000171 0.000314 0.000047 0.000208 0.003574 0.000810 -0.000210 -0.000003 -0.000000 -0.000001 -0.000045 -0.000089 -0.000104 -0.000070 -0.000046 -0.000042 -0.000114 -0.000060 -0.000030 -0.000037 0.000000 0.000012 0.000008 -0.000000 -0.000005 -0.000028 -0.000085 -0.000148 -0.000213 -0.010225 -0.000487 0.000468 0.000188 0.000130 -0.000010 -0.000022 -0.000052 -0.000088 -0.000111 -0.000263 -0.000526 -0.000082
0.000000 0.000000 0.000000 0.000000 0.000000 0.000000 0.000000 0.000000 0.002437 0.000137 0.000147 0.000108 0.000068 0.000157 0.000179 0.022238 0.000123 0.000063 0.000093 0.000229 0.000131 0.000169 0.000088 0.000201 0.000118 0.002267 -0.001378 -0.000028 -0.000035 -0.000059 -0.000210 -0.000114 -0.000135 -0.000110 -0.000127 -0.000322 -0.000198 -0.000144 -0.000107 -0.000120 -0.000012 0.000000 0.000000 -0.000023 -0.000092 -0.000070 -0.000167 -0.000229 -0.005060 0.000632 0.000096 0.000093 0.000047 0.000045 -0.000000 -0.000020 -0.000111 -0.000203 -0.000130 -0.000338 -0.001927 -0.000181
0.000000 0.000000 0.000000 0.000000 0.000000 0.000000 0.000000 0.000000 0.001919 0.000125 0.000139 0.000072 0.000100 0.000130 0.000167 0.004194 0.000128 0.000121 0.000039 0.000116 0.000111 0.000119 0.000084 0.000105 0.000014 0.000121 -0.022685 -0.001707 -0.000163 -0.000146 -0.000344 -0.000122 -0.000099 -0.000139 -0.000378 -0.000278 -0.000156 -0.000081 -0.000662 -0.000116 -0.000036 -0.000023 -0.000016 -0.000071 -0.000168 -0.000285 -0.000176 -0.006595 -0.000546 0.000080 0.000036 0.000023 0.000024 0.000011 -0.000011 -0.000062 -0.000152 -0.000283 -0.000173 -0.000370 -0.002369 -0.000231
0.000000 0.000000 0.000000 0.000000 0.000000 0.000000 0.000000 0.000000 0.001847 0.000111 0.000147 0.000107 0.000058 0.000146 0.000229 0.004548 0.000091 0.000081 0.000034 0.000093 0.000101 0.000142 0.000096 0.000004 0.000000 0.000390 0.017525 0.013127 -0.013903 -0.021609 -0.000262 -0.000337 -0.000129 -0.000561 -0.000269 -0.000110 -0.000072 -0.000936 -0.000261 -0.000000 -0.000044 -0.000034 -0.000069 -0.000114 -0.000570 -0.000162 -0.000203 -0.006306 0.000021 0.000027 0.000002 0.000000 0.000000 0.000000 -0.000032 -0.000094 -0.000148 -0.000287 -0.000321 -0.001910 -0.001052 -0.000211
0.000000 0.000000 0.000000 0.000000 0.000000 0.000000 0.000000 0.000000 0.001602 0.000093 0.000067 0.000027 0.000078 0.000132 0.000309 0.004268 0.000113 0.000076 0.000029 0.000069 0.000049 0.000066 0.000044 0.000000 0.000549 0.002246 0.001372 0.000893 0.000275 -0.002671 -0.008585 -0.000242 -0.000160 -0.000380 -0.000220 -0.000075 -0.001131 -0.000672 -0.000117 -0.000053 -0.000089 -0.000154 -0.000056 -0.000137 -0.000472 -0.000332 -0.005611 -0.027924 0.000001 -0.000000 -0.000000 -0.000028 -0.000046 -0.000021 -0.000076 -0.000144 -0.000217 -0.000316 -0.000382 -0.003149 -0.000652 -0.000201
0.000000 0.000000 0.000000 0.000000 0.000000 0.000000 0.000000 0.000000 0.001767 0.000093 0.000026 0.000027 0.000071 0.000105 0.000267 0.002697 0.000143 0.000094 0.000034 0.000046 0.000014 0.000000 0.000000 -0.000000 0.003478 0.000086 0.000054 0.000078 0.000099 0.000556 -0.003103 -0.000512 -0.000289 -0.000242 -0.000235 -0.000818 -0.000885 -0.000395 -0.000130 -0.000070 -0.000483 -0.000199 -0.000063 -0.000136 -0.000218 -0.000370 -0.007593 -0.000064 -0.000000 -0.000020 -0.000041 -0.000043 -0.000115 -0.000128 -0.000169 -0.000230 -0.000285 -0.000323 -0.062750 -0.011601 -0.005833 -0.000193
0.000000 0.000000 0.000000 0.000000 0.000000 0.000000 0.000000 0.000000 0.001393 0.000189 0.000000 0.000050 0.000115 0.000195 0.000242 0.002043 0.000127 0.000082 0.000036 0.000054 0.000022 0.000043 -0.000003 0.000073 0.003069 0.000070 0.000092 0.000033 0.000084 0.000098 0.001903 -0.000897 0.002950 -0.017762 -0.000539 -0.000878 -0.000475 -0.000240 -0.000176 -0.000066 -0.000878 -0.000208 -0.000145 -0.000060 -0.000010 -0.000238 -0.007591 -0.000092 -0.000053 -0.000204 -0.000128 -0.000058 -0.000171 -0.000217 -0.000231 -0.051919 -0.317707 0.013660 0.019758 0.004961 0.009427 0.016736
0.000000 0.000000 0.000000 0.000000 0.000000 0.000000 0.000000 0.000000 0.001033 0.000495 0.000304 0.000118 0.000057 0.000097 0.000153 0.001448 0.000136 0.000075 0.000024 0.000022 0.000009 0.000012 0.000271 0.001007 0.002579 0.000266 0.000072 0.000022 0.000050 0.000057 0.000211 0.011974 0.004018 0.007538 0.000831 -0.025180 -0.000849 -0.000235 -0.000239 -0.000244 -0.000699 -0.000164 -0.000105 -0.000174 -0.000053 -0.000147 -0.007683 -0.000309 -0.000076 -0.000230 -0.000510 -0.000089 -0.511855 -0.683674 0.020666 0.026384 0.000188 0.000128 0.000127 0.000100 0.000038 0.000115
0.000000 0.000000 0.000000 0.000000 0.000000 0.000000 0.000000 0.000000 0.000342 0.000187 0.000242 0.000140 0.000097 0.000034 0.000097 0.000915 0.000104 0.000053 0.000012 0.000000 0.000000 0.000000 0.000679 0.001797 0.000055 0.000720 0.000061 0.000009 0.000000 0.000011 0.000016 0.029739 0.010218 0.020317 0.002564 0.005700 0.000562 -0.019048 -0.006051 -0.000316 -0.000380 -0.000132 -0.000062 -0.000600 -0.000044 -0.000107 -0.014653 -0.025816 -0.041986 -0.027092 -0.006821 -0.002754 0.015319 0.000161 0.000141 0.000090 0.000112 0.000048 0.000053 0.000047 0.000023 0.000073
0.000000 0.000000 0.000000 0.000000 0.000000 0.000000 0.000000 0.000000 0.000003 0.000156 0.000117 0.000108 0.000064 0.000026 0.000068 0.000474 0.000058 0.000015 0.000000 -0.000006 -0.000010 0.000316 0.002219 0.000030 0.000050 0.000533 0.000028 0.000000 -0.000008 -0.000000 0.000000 0.018775 0.000027 0.000082 0.004375 0.007537 0.006019 0.005588 0.012877 -0.004092 -0.000200 -0.000089 -0.000025 -0.000171 -0.004340 -0.004451 -0.001715 0.001072 0.000111 0.000100 0.000023 0.000029 0.000058 0.000059 0.000038 0.000024 0.000000 0.000000 0.000000 0.000000 0.000000 0.000000
