use_cases/Flooding/flood_case/output/hUy_3600.asc
ncols 269
nrows 269
xllcorner 0.000000
yllcorner 0.000000
cellsize 10.000000
NODATA_value -9999.000000
[rows 108 to 134 of 269, columns 122 to 182 of 269]
0.000043 0.000033 0.000016 0.000010 0.000006 0.000001 0.000000 0.000000 0.000002 0.000003 0.000006 0.000027 0.000002 0.000005 0.000002 0.000001 0.000003 0.000017 0.000002 0.000000 -0.000000 -0.000005 0.000087 0.000123 0.000236 0.000000 0.000000 0.000064 0.000000 -0.000008 -0.000008 -0.000002 0.000414 0.018490 0.000007 0.020656 0.025900 0.056526 0.027493 0.033507 0.041011 0.002649 0.019505 -0.019835 -0.001937 -0.017170 -0.016928 -0.003788 0.000031 0.000011 0.000009 0.000001 0.000000 0.000002 0.000000 0.000000 0.000000 0.000000 -0.000017 -0.000003 -0.000001
0.000007 0.000035 0.000009 0.000003 0.000001 0.000000 -0.000001 -0.000000 -0.000000 -0.000000 -0.000000 -0.000000 0.000000 0.000000 0.000000 0.000000 0.000000 0.000000 0.000000 -0.000000 0.000010 0.000039 0.000028 0.000032 0.000049 0.000009 0.000035 0.000075 -0.000002 -0.000043 -0.000268 -0.000138 0.002075 0.000092 0.000005 0.000008 0.000312 0.079668 0.019957 0.035655 0.035653 0.009676 0.037770 0.023630 -0.000847 -0.041014 -0.003905 0.000000 0.000001 0.000003 0.000001 0.000001 -0.000000 0.000000 -0.000002 -0.000002 -0.000004 -0.000006 -0.000088 -0.000015 -0.000006
0.000002 0.000009 0.000002 -0.000000 -0.000000 -0.000000 -0.000003 -0.000002 -0.000003 -0.000005 -0.000002 -0.000037 -0.000003 -0.000000 -0.000002 -0.000001 -0.000001 -0.000003 -0.000007 0.000005 0.000016 0.000030 0.000017 0.000015 0.000013 0.000006 0.000005 0.000004 -0.000003 0.000184 0.000613 0.000114 0.001169 0.000113 0.000007 0.000004 0.000012 0.000015 0.009079 0.042539 0.027161 0.012975 0.025795 0.050069 0.033056 -0.005423 -0.001443 0.000000 0.000000 -0.000000 -0.000000 -0.000000 -0.000001 -0.000000 -0.000004 -0.000008 -0.000013 -0.000017 -0.000178 -0.000020 -0.000012
0.000000 0.000000 0.000000 -0.000001 -0.000004 -0.000015 -0.000006 -0.000003 -0.000008 -0.000015 -0.000008 -0.000151 -0.000015 -0.000000 -0.000004 -0.000002 -0.000005 -0.000078 -0.000019 0.000005 0.000003 0.000006 0.000010 0.000005 0.000001 0.000000 0.000000 0.000000 0.000172 0.000711 0.000199 0.000100 0.000759 0.000239 0.000000 0.000005 0.000010 0.000014 0.000017 0.000059 0.029138 0.000208 0.000005 0.083277 0.061942 0.020000 -0.000969 -0.000001 -0.000001 -0.000004 -0.000004 -0.000014 -0.000010 -0.000003 -0.000010 -0.000016 -0.000022 -0.000190 -0.000108 -0.000018 -0.000008
-0.000003 -0.000009 -0.000005 -0.000007 -0.000011 -0.000036 -0.000006 -0.000009 -0.000013 -0.000034 -0.000006 -0.000268 -0.000025 -0.000007 -0.000007 -0.000002 -0.000112 -0.000049 0.000000 0.000003 0.000002 0.000001 0.000001 0.000000 0.000000 -0.000001 -0.000002 0.000062 0.000734 0.000008 0.000027 0.000036 0.000320 0.000938 0.000007 0.000009 0.000003 0.000008 0.000008 0.000027 0.007623 0.000009 0.000007 0.000011 0.089673 0.049934 0.021872 -0.005117 -0.000413 -0.000025 -0.000012 -0.000031 -0.000007 -0.000011 -0.000017 -0.000022 -0.000261 -0.000156 -0.000079 -0.000009 -0.000014
-0.000006 -0.000012 -0.000029 -0.000007 -0.000039 -0.000027 -0.000005 -0.000013 -0.000113 -0.000074 -0.000082 -0.000140 -0.000019 -0.000017 -0.000006 -0.000009 -0.000225 -0.000013 0.000000 0.000000 0.000000 0.000000 0.000000 0.000004 0.000020 0.000032 0.000078 0.000507 0.000020 0.000012 0.000025 0.000051 0.000072 0.000853 0.000012 0.000011 0.000002 0.000002 0.000000 0.000006 0.006637 0.000012 0.000013 0.000005 0.000012 0.074094 0.039987 0.080021 0.063918 -0.010184 -0.000687 -0.000045 -0.000007 -0.000771 -0.000939 -0.000187 -0.000130 -0.000066 -0.000020 -0.000022 -0.000106
-0.000006 -0.000012 -0.000035 -0.000017 -0.000061 -0.000020 -0.000005 -0.000015 -0.000285 -0.000136 -0.000207 -0.000020 -0.000014 -0.000008 -0.000012 -0.000549 -0.000114 -0.000004 -0.000001 -0.000001 -0.000001 -0.000001 -0.000001 0.000004 0.000013 0.000022 0.000129 0.000047 0.000014 0.000032 0.000038 0.000061 0.000115 0.000817 0.000014 0.000007 0.000001 0.000000 0.000000 0.000015 0.007942 0.000021 0.000011 0.000005 0.000009 0.000011 0.000030 0.005797 0.036013 0.034875 0.008397 -0.000539 0.003277 -0.002329 0.007524 0.005367 -0.001735 -0.002204 -0.007018 -0.000995 0.007402
-0.000002 -0.000000 -0.000000 -0.000014 -0.000198 -0.000015 -0.000005 -0.000012 -0.001194 -0.000203 -0.000069 0.000003 -0.000009 -0.000015 -0.000683 -0.000105 0.000002 0.000000 -0.000004 -0.000007 -0.000005 -0.000002 -0.000003 0.000002 0.000008 0.000015 0.000024 0.000055 0.000026 0.000039 0.000045 0.000063 0.000115 0.000600 0.000013 0.000004 0.000000 -0.000002 -0.000002 0.001441 0.004489 0.000020 0.000010 0.000006 0.000002 0.000005 0.000006 0.000003 0.000390 0.058154 0.027777 0.000200 0.012238 0.000569 0.001485 0.001754 0.000996 0.009702 0.005919 0.003138 0.001305
-0.000006 -0.000004 -0.000000 -0.000000 -0.000000 -0.000033 -0.000006 -0.000763 -0.000049 0.000000 0.000000 0.000000 -0.000006 -0.001496 -0.000033 0.000002 -0.000000 -0.000000 -0.000008 -0.000005 -0.000011 -0.000035 -0.000004 0.000000 0.000001 0.000003 0.000007 0.000018 0.000011 0.000021 0.000029 0.000045 0.000112 0.000478 0.000011 0.000001 -0.000001 -0.000006 -0.001255 0.005208 0.000031 0.000020 0.000012 0.000002 0.000000 0.000000 0.000000 0.000000 0.000058 0.033915 0.000010 0.000005 0.000012 0.000054 0.000009 0.000217 0.000034 0.000029 0.000311 0.000234 0.000611
-0.000009 -0.000013 -0.000004 -0.000004 -0.000003 -0.000026 -0.188357 -0.000404 -0.000012 -0.000000 -0.000002 -0.000002 -0.000621 -0.000573 -0.000000 -0.000000 -0.000002 -0.000005 -0.000006 -0.000012 -0.000078 -0.000024 -0.000007 -0.000000 -0.000000 -0.000000 0.000000 0.000002 0.000004 0.000015 0.000023 0.000049 0.000170 0.000284 0.000007 0.000000 -0.000004 -0.000005 0.004248 0.000037 0.000030 0.000025 0.000014 0.000001 -0.000002 -0.000003 -0.000004 -0.000002 0.001279 0.020369 0.000013 0.000007 0.000012 0.000018 0.000024 0.000308 0.000010 0.000023 0.000016 0.000038 0.001455
-0.000013 -0.000038 -0.000005 -0.000009 -0.010941 -0.146225 -0.106178 0.018740 0.011589 -0.000079 -0.000007 -0.000003 -0.030280 -0.000207 -0.000010 -0.000007 -0.000021 -0.000013 -0.000005 -0.000201 -0.000070 -0.000008 -0.000004 -0.000001 -0.000003 -0.000017 -0.000000 0.000000 0.000000 0.000013 0.000028 0.000065 0.000244 0.000019 0.000002 -0.000001 -0.000004 0.005441 0.004832 0.000029 0.000018 0.000024 0.000011 0.000000 -0.000004 -0.000006 -0.000007 -0.000117 0.016562 0.010765 0.000004 0.000008 0.000004 0.000014 0.000021 0.000252 0.000020 0.000005 0.000019 0.000030 0.000414
-0.000025 -0.000024 -0.000013 -0.005836 -0.723398 0.014513 0.000013 0.000004 0.020791 0.064508 -0.001864 0.007141 0.011710 0.006373 0.000015 -0.000891 -0.003417 -0.000056 -0.000151 -0.000122 -0.000016 -0.000000 -0.000003 -0.000006 -0.000009 -0.000332 -0.000007 -0.000001 0.000008 0.000021 0.000039 0.000060 0.000023 0.000009 0.000000 0.000019 0.000787 0.003397 0.000375 0.000019 0.000016 0.000004 0.000014 0.000024 -0.000030 -0.000024 0.000255 0.000235 0.013351 0.003803 0.000000 0.000001 0.000002 0.000008 0.000016 0.000168 0.000017 0.000005 0.000016 0.000024 0.000034
-0.000029 -0.000017 -0.000024 -0.732021 0.011156 0.000014 0.000013 0.000005 0.000015 0.001664 0.000206 0.000027 0.000016 0.000007 0.001918 0.002055 -0.028972 -0.086794 -0.000092 -0.000022 -0.000014 -0.000005 -0.000004 -0.001024 -0.010192 0.000287 0.000068 0.000243 0.000022 0.000008 0.000021 0.000010 0.000006 0.000000 0.000106 0.000708 0.000281 0.001373 0.000898 0.000015 0.000013 0.000003 0.000012 0.000012 0.000021 0.000130 0.000099 0.000098 0.004374 0.006208 -0.000000 0.000000 0.000000 0.000002 0.000007 0.000092 0.000015 0.000004 0.000013 0.000026 0.000036
-0.000020 -0.085014 0.021006 0.011058 0.000020 0.000009 0.000015 0.000009 0.000015 0.000892 0.000419 0.000008 0.000008 0.000007 0.000014 0.000003 0.000010 0.036107 -0.002287 0.000417 -0.000774 -0.002456 -0.004369 -0.000487 0.000018 0.000041 0.000038 0.000087 0.000038 0.000012 0.000007 0.000005 0.000000 -0.000011 0.000960 0.000006 0.000007 0.000023 0.001832 0.000017 0.000015 0.000003 0.000009 0.000018 0.000071 0.000232 0.000089 0.000053 0.000042 0.025684 -0.000002 -0.000005 -0.000003 0.000000 0.000001 0.000027 0.000011 0.000003 0.000011 0.000023 0.000036
-0.051224 -0.005407 0.000019 0.000011 0.000017 0.000013 0.000012 0.000014 0.000005 0.000159 0.001010 0.000000 0.000000 0.000001 0.000002 0.000002 0.000007 0.000189 0.000543 0.000236 0.000517 0.001765 0.000308 0.000039 0.000030 0.000047 0.000038 0.000061 0.000060 0.000010 0.000003 0.000011 0.000015 0.024715 0.000011 0.000006 0.000000 0.000031 0.001205 0.000018 0.000018 0.000004 0.000010 0.000020 0.000150 0.000278 0.000009 0.000018 0.000020 0.014187 0.002003 -0.001322 -0.000009 -0.000005 0.000000 0.000000 0.000004 0.000002 0.000007 0.000013 0.000019
-0.107147 0.000015 0.000009 0.000002 0.000006 0.000006 0.000003 0.000012 0.000010 0.000011 0.000879 0.000000 -0.000000 0.000000 0.000000 0.000002 0.000009 0.000458 0.000030 0.000012 0.000003 0.000012 0.000691 0.000041 0.000012 0.000015 0.000019 0.000019 0.000042 0.000009 0.000003 0.000008 0.000013 0.000573 0.000004 0.000012 0.000026 0.000035 0.001154 0.000018 0.000014 0.000005 0.000016 0.000017 0.000235 0.000004 0.000013 0.000018 0.000016 0.006449 0.001452 0.002591 -0.002241 -0.000014 -0.000006 -0.000001 0.000000 0.000000 0.000002 0.000006 0.000012
0.031250 0.000006 0.000001 0.000000 0.000000 0.000000 0.000000 0.000019 0.000021 0.000006 0.000040 0.050427 0.000089 0.000057 0.000025 0.000003 0.000016 0.000552 0.000041 0.000014 0.000003 0.000010 0.000510 0.000040 0.000001 0.000002 0.000005 0.000009 0.000028 0.000011 0.000003 0.000009 0.000016 0.000534 0.000006 0.000013 0.000014 0.000023 0.000816 0.000009 0.000011 0.000004 0.000011 0.000021 0.000148 0.000004 0.000008 0.000006 0.000005 0.003007 0.000021 0.000006 0.006284 -0.038438 -0.000015 -0.000010 -0.000003 -0.000005 0.000000 0.000001 0.000006
0.000004 0.000000 0.000000 -0.000083 0.000064 0.000060 0.000021 0.000039 0.000022 0.000009 0.000052 0.000317 0.000028 0.000021 0.000012 0.000003 0.000012 0.000203 0.000039 0.000015 0.000002 0.000008 0.000294 0.000105 0.000000 0.000000 0.000000 0.000001 0.000011 0.000010 0.000003 0.000009 0.000015 0.000260 0.000013 0.000009 0.000010 0.000031 0.000687 0.000000 0.000009 0.000003 0.000012 0.000030 0.000068 0.000002 0.000002 0.000001 0.000000 0.002546 0.000031 0.000011 0.000004 0.005608 -0.002942 -0.000016 -0.000022 -0.000010 -0.000001 0.000000 0.000002
-0.000000 -0.000001 -0.000168 -0.000014 0.000019 0.000032 0.000023 0.000026 0.000025 0.000017 0.000073 0.000174 0.000033 0.000018 0.000011 0.000003 0.000010 0.000093 0.000038 0.000008 0.000002 0.000006 0.000017 0.000484 -0.000000 -0.000001 -0.000001 0.000000 0.000000 0.000003 0.000002 0.000009 0.000017 0.000194 0.000005 0.000022 0.000023 0.000034 0.000705 0.000007 0.000010 0.000003 0.000012 0.000025 0.000011 0.000000 0.000000 0.000000 0.000000 0.003590 0.000021 0.000007 0.000003 0.000013 0.004549 -0.002410 -0.000020 -0.000010 -0.000006 -0.000003 0.000000
0.000042 0.000043 0.000027 0.000014 0.000019 0.000017 0.000016 0.000030 0.000037 0.000035 0.000095 0.000047 0.000028 0.000013 0.000008 0.000002 0.000007 0.000011 0.000035 0.000004 0.000001 0.000002 0.000008 0.000227 0.000060 -0.000007 -0.000004 -0.000002 -0.000000 0.000000 0.000002 0.000010 0.000020 0.000094 0.000009 0.000020 0.000022 0.000035 0.000309 0.000010 0.000007 0.000002 0.000004 0.000005 0.000004 0.000000 -0.000000 -0.000000 -0.000000 0.006515 0.000031 0.000000 0.000001 0.000007 0.000014 0.003927 -0.001276 -0.000015 -0.000013 -0.000021 -0.000008
0.000007 0.000002 0.000007 0.000006 0.000006 0.000005 0.000004 0.000022 0.000019 0.000011 0.000030 0.000021 0.000010 0.000007 0.000004 0.000001 0.000003 0.000003 0.000002 0.000000 0.000000 0.000000 0.000002 0.000005 0.000036 0.000001 -0.000002 -0.000010 -0.000003 -0.000000 0.000002 0.000002 0.000008 0.000028 0.000014 0.000018 0.000025 0.000039 0.000248 0.000013 0.000006 0.000001 0.000000 0.000000 0.000000 0.000000 0.000000 0.000000 0.000000 0.005634 0.000048 0.000000 0.000000 0.000003 0.000007 0.000014 0.010040 -0.000863 -0.000873 -0.001715 -0.000016
0.000022 0.000000 0.000000 0.000000 0.000000 0.000000 0.000001 0.000001 0.000002 0.000002 0.000004 0.000005 0.000002 0.000002 0.000000 0.000000 0.000000 0.000000 0.000000 -0.000001 -0.000009 -0.000000 -0.000000 0.000000 0.000001 -0.000000 -0.000005 -0.000026 -0.000008 -0.000002 0.000000 0.000001 0.000004 0.000010 0.000004 0.000007 0.000015 0.000027 0.000131 0.000012 0.000004 0.000000 -0.000002 -0.000001 -0.000001 -0.000002 -0.000001 -0.000004 0.000469 0.003325 0.000042 0.000000 0.000000 0.000002 0.000002 0.000012 0.000379 0.000430 0.000486 0.000993 0.028808
0.000056 0.000032 0.000017 0.000003 0.000004 0.000003 0.000000 0.000000 0.000000 0.000000 0.000000 0.000000 0.000000 0.000000 -0.000000 -0.000003 -0.000001 -0.000001 -0.000002 -0.000006 -0.000064 -0.000007 -0.000003 -0.000004 -0.000000 -0.000000 -0.000012 -0.000097 -0.000010 -0.000004 -0.000000 0.000000 0.000000 0.000001 0.000000 0.000000 0.000003 0.000010 0.000036 0.000006 0.000002 -0.000003 -0.000006 -0.000016 -0.000008 -0.000011 -0.000011 -0.000325 0.002100 0.000343 0.000081 0.000000 0.000000 0.000000 0.000001 0.000010 0.000020 0.000287 0.000018 0.000006 0.000056
0.000002 0.000003 0.000017 0.000009 0.000004 0.000003 -0.000000 -0.000000 -0.000001 -0.000002 -0.000001 -0.000001 -0.000003 -0.000005 -0.000028 -0.000008 -0.000002 -0.000005 -0.000008 -0.000015 -0.000166 -0.000018 -0.000013 -0.000009 -0.000002 -0.000006 -0.000092 -0.000088 -0.000005 -0.000003 -0.000002 -0.000001 0.000000 0.000000 -0.000000 -0.000001 -0.000000 0.000000 0.000000 0.000001 0.000001 -0.000009 -0.000018 -0.000068 -0.000079 -0.000030 -0.000026 0.000222 0.001049 0.000005 0.001499 0.000047 -0.000002 -0.000001 0.000000 0.000003 0.000007 0.000103 0.000027 0.000010 0.000101
0.000000 0.000000 0.000006 0.000017 0.000007 0.000002 -0.000000 -0.000003 -0.000010 -0.000007 -0.000007 -0.000003 -0.000007 -0.000013 -0.000098 -0.000014 -0.000002 -0.000007 -0.000017 -0.000026 -0.000334 -0.000042 -0.000026 -0.000013 -0.000003 -0.000011 -0.000629 0.000044 0.000007 -0.000003 -0.000006 -0.000007 -0.000003 -0.000001 -0.000005 -0.000008 -0.000028 -0.000002 0.000000 0.000000 0.000000 0.000000 0.000000 0.000000 -0.000023 -0.000125 -0.000036 0.001342 0.000019 0.000007 0.000010 0.000994 -0.000158 -0.000005 -0.000003 0.000000 0.000000 0.000029 0.000018 0.000018 0.000059
0.000012 0.000010 0.000007 0.000004 0.000003 0.000000 -0.000001 -0.000009 -0.000020 -0.000008 -0.000008 -0.000004 -0.000009 -0.000158 -0.000069 -0.000012 -0.000002 -0.000009 -0.000000 -0.000003 -0.000427 -0.000031 -0.000011 -0.000018 -0.001095 -0.000464 0.000297 0.000008 0.000008 -0.000003 -0.000012 -0.000010 -0.000014 -0.000003 -0.000009 -0.000015 -0.000108 -0.000009 -0.000001 -0.000001 -0.000002 -0.000002 -0.000003 -0.000000 -0.000000 -0.000000 -0.000111 0.001247 0.000018 0.000012 0.000004 0.000013 0.000769 -0.000134 -0.000070 -0.000003 -0.000001 0.000000 0.000004 0.000003 0.000031
0.000007 0.000004 0.000003 -0.000000 -0.000000 -0.000000 -0.000002 -0.000035 -0.000012 -0.000005 -0.000007 -0.000003 -0.000016 -0.000346 -0.000043 -0.000016 -0.000029 -0.000016 -0.000001 0.000001 -0.000147 -0.001098 -0.000009 -0.001798 -0.000223 0.000011 0.000015 0.000011 0.000005 -0.000007 -0.000024 -0.000096 -0.000028 -0.000013 -0.000008 -0.000030 -0.000275 -0.000020 -0.000007 -0.000003 -0.000006 -0.000007 -0.000007 -0.000004 -0.000004 -0.000004 0.000690 0.000019 0.000020 0.000015 0.000006 0.000017 0.000028 0.000758 0.000109 -0.000003 -0.000002 -0.000001 0.000000 0.000000 0.000005
