use_cases/Flooding/flood_case/output/hUy_3600.asc
ncols 269
nrows 269
xllcorner 0.000000
yllcorner 0.000000
cellsize 10.000000
NODATA_value -9999.000000
[rows 135 to 161 of 269, columns 61 to 121 of 269]
0.000027 0.000017 0.000013 0.000005 0.000016 -0.000002 -0.000012 0.000007 0.000002 0.000004 0.000004 0.000002 0.000005 0.000004 0.000004 0.000007 0.000012 0.000011 0.000006 0.000000 -0.000002 -0.000004 -0.000001 -0.000005 -0.000009 -0.000012 -0.000075 -0.000015 0.000000 -0.000019 -0.000014 -0.000018 -0.000076 0.000047 0.000006 0.000001 -0.000002 -0.000005 -0.000003 -0.000006 -0.000008 -0.000004 -0.000008 -0.000007 -0.000003 -0.000001 -0.000019 -0.000001 -0.000002 -0.045564 -0.016766 0.000002 0.000003 0.000006 0.000007 0.000005 0.000039 0.000012 0.000005 0.000045 0.000012
0.000016 0.000009 0.000008 0.000004 0.000021 0.000007 0.000011 0.000016 0.000007 0.000004 0.000003 0.000001 0.000001 0.000000 0.000000 0.000000 0.000001 0.000003 0.000001 0.000000 -0.000003 -0.000007 -0.000005 -0.000004 -0.000007 -0.000007 -0.000046 -0.000012 -0.000004 -0.000011 -0.000014 -0.000123 0.000028 0.000005 -0.000000 -0.000000 -0.000000 -0.000003 -0.000007 -0.000014 -0.000036 -0.000006 -0.000016 -0.000017 -0.000008 -0.000006 -0.014176 -0.007721 -0.028195 -0.045003 -0.000003 0.000000 0.000000 0.000000 0.000000 0.000004 0.000018 0.000009 0.000004 0.000021 0.000006
0.000010 0.000007 0.000007 0.000005 0.000009 0.000002 0.000006 0.000029 0.000005 0.000002 0.000001 0.000000 -0.000000 -0.000000 -0.000000 -0.000000 0.000000 0.000000 0.000000 0.000000 -0.000004 -0.000012 -0.000037 -0.000011 -0.000004 0.000003 0.000004 -0.000075 -0.000010 -0.000006 -0.000024 -0.000000 0.000003 -0.000000 -0.000003 -0.000004 -0.000004 -0.000012 -0.000005 -0.000015 -0.000035 -0.000012 -0.000015 -0.000019 -0.000008 -0.000006 -0.055328 -0.034133 0.010320 0.001939 0.000070 0.000004 0.000000 -0.000003 -0.000004 0.000007 0.000010 0.000007 0.000002 0.000002 0.000000
0.000004 0.000004 0.000005 0.000005 0.000004 0.000002 0.000004 0.000014 0.000001 0.000000 -0.000000 -0.000000 -0.000002 -0.000001 -0.000004 -0.000002 -0.000000 -0.000001 -0.000002 -0.000002 -0.000007 -0.000015 -0.000063 -0.000011 0.000000 0.000000 0.000000 0.000000 -0.000012 -0.000008 -0.000019 -0.000000 -0.000000 -0.000002 -0.000024 -0.000008 -0.000005 -0.000028 -0.000004 -0.000009 -0.000016 -0.000017 -0.000013 -0.000155 -0.034108 -0.018340 -0.051045 0.000077 0.000008 0.000012 0.000014 0.000042 0.000037 0.000022 0.000015 0.000007 0.000006 0.000003 0.000001 0.000000 -0.000000
0.000000 0.000001 0.000001 0.000001 0.000000 0.000001 0.000001 0.000003 0.000000 -0.000000 -0.000001 -0.000004 -0.000003 -0.000003 -0.000007 -0.000003 -0.000004 -0.000008 -0.000012 -0.000009 -0.000006 -0.000012 -0.000062 -0.000011 -0.000007 -0.000003 -0.000004 -0.000001 -0.000009 -0.000047 -0.000015 0.000008 0.000003 0.000036 -0.000029 -0.000009 -0.000013 -0.000004 -0.000004 -0.000007 -0.000002 -0.000010 -0.011695 -0.029633 -0.026438 0.012363 0.001856 0.000004 0.000002 0.000008 0.000006 0.000032 0.000016 0.000009 0.000012 0.000004 0.000001 0.000000 0.000000 -0.000001 -0.000000
0.000000 0.000000 0.000000 0.000000 0.000000 0.000000 0.000000 0.000000 -0.000000 -0.000003 -0.000004 -0.000004 -0.000003 -0.000002 -0.000006 -0.000008 -0.000008 -0.000010 -0.000016 -0.000011 -0.000005 -0.000011 -0.000031 -0.000014 -0.000011 -0.000005 -0.000010 -0.000003 -0.000005 -0.000050 0.000004 0.000003 0.000001 0.000005 0.000002 -0.000000 -0.000011 -0.000006 -0.000003 -0.000007 -0.000000 -0.000003 -0.034084 -0.011626 0.000005 0.000002 0.000020 0.000010 0.000000 0.000002 0.000003 0.000007 0.000007 0.000003 0.000002 0.000000 0.000000 -0.000002 -0.000003 -0.000013 -0.000001
-0.000002 -0.000001 -0.000001 -0.000001 -0.000002 -0.000001 -0.000001 -0.000002 -0.000013 -0.000008 -0.000004 -0.000000 -0.000002 -0.000004 -0.000003 -0.000011 -0.000008 -0.000005 -0.000012 -0.000014 -0.000012 -0.000009 -0.000006 -0.000038 -0.000009 -0.000005 -0.000011 -0.000007 -0.000042 0.000002 0.000002 0.000001 0.000000 0.000000 0.000000 -0.000005 -0.000026 -0.000007 -0.000011 -0.000011 -0.000001 -0.000002 -0.036684 0.000000 0.000001 0.000001 0.000005 0.000038 0.000000 0.000000 0.000000 0.000000 -0.000000 -0.000000 -0.000000 -0.000002 -0.000002 -0.000006 -0.000009 -0.000040 -0.000002
-0.000002 -0.000004 -0.000003 -0.000005 -0.000005 -0.000003 -0.000001 -0.000015 -0.000013 0.000001 0.000001 0.000000 0.000000 -0.000000 -0.000000 -0.000001 -0.000009 -0.000011 -0.000015 -0.000018 -0.000033 -0.000005 -0.000005 -0.000042 -0.000009 -0.000004 -0.000009 -0.000059 0.000001 0.000000 -0.000000 -0.000000 -0.000001 -0.000003 -0.000006 -0.000013 -0.000046 -0.000011 -0.000020 -0.000007 -0.000007 -0.000007 -0.027878 0.000000 0.000000 0.000000 0.000001 0.000011 0.000006 0.000006 -0.000001 -0.000003 -0.000001 -0.000003 -0.000003 -0.000003 -0.000006 -0.000011 -0.000015 -0.000053 -0.000004
-0.000000 -0.000003 -0.000009 -0.000000 -0.000000 -0.000001 -0.000003 -0.000015 0.000001 0.000000 0.000000 -0.000000 -0.000000 -0.000000 -0.000001 -0.000004 -0.000012 -0.000015 -0.000040 -0.000017 -0.000017 -0.000008 -0.000003 -0.000015 -0.000012 -0.000034 -0.000006 -0.000000 -0.000000 -0.000000 -0.000005 -0.000005 -0.000004 -0.000009 -0.000013 -0.000015 -0.000023 -0.000036 -0.000013 -0.000008 -0.000004 -0.000022 -0.018787 -0.000001 -0.000001 -0.000000 0.000000 0.000000 0.000002 0.000017 -0.000003 -0.000003 0.000005 -0.000009 -0.000005 -0.000003 -0.000010 -0.000015 -0.000051 -0.000017 -0.000014
-0.000000 -0.000001 -0.000000 -0.000000 -0.000001 -0.000003 -0.000019 0.000010 0.000001 -0.000000 -0.000000 -0.000001 -0.000005 -0.000003 -0.000002 -0.000007 -0.000011 -0.000013 -0.000045 -0.000013 -0.000013 -0.000009 -0.000003 -0.000008 -0.000024 -0.000014 -0.000000 -0.000003 -0.000010 -0.000008 -0.000009 -0.000005 -0.000009 -0.000018 -0.000011 -0.000012 -0.000037 -0.000018 -0.000009 -0.000004 -0.000006 -0.004251 -0.003559 -0.000001 -0.000002 -0.000001 -0.000000 0.000000 0.000000 0.000000 0.000008 0.000008 0.000006 0.000008 -0.000004 -0.000003 -0.000008 -0.000014 -0.000035 -0.000017 -0.000158
-0.000002 -0.000005 -0.000003 -0.000003 -0.000001 -0.000027 0.000007 0.000003 0.000001 -0.000001 -0.000003 -0.000005 -0.000018 -0.000003 -0.000006 -0.000008 -0.000007 -0.000093 -0.000011 -0.000015 -0.000009 -0.000009 -0.000007 -0.000004 -0.000022 -0.000006 -0.000001 -0.000035 -0.000011 -0.000010 -0.000009 -0.000004 -0.000008 -0.000029 -0.000032 -0.000060 -0.000022 -0.000014 -0.000007 -0.000005 -0.000668 0.000670 0.000009 0.000010 0.000002 -0.000003 -0.000001 -0.000004 0.000000 0.000024 0.000010 0.000010 0.000009 0.000006 0.000000 -0.000005 -0.000010 -0.000010 -0.000020 -0.000043 0.000001
0.000004 0.000012 0.000008 0.000003 0.000002 0.000003 0.000003 0.000001 0.000000 -0.000002 -0.000006 -0.000009 -0.000031 -0.000003 -0.000008 -0.000008 -0.000009 0.000005 0.000003 0.000005 0.000117 0.000020 0.000007 0.000013 0.000063 0.000023 0.000012 0.000006 0.000015 0.000095 -0.000005 -0.000021 0.000002 0.000007 0.000006 0.000005 0.000002 0.000002 0.000046 0.000006 0.000011 0.000008 0.000008 0.000008 0.000019 0.000017 0.000006 0.000006 0.000008 0.000009 0.000006 0.000004 0.000004 0.000003 0.000000 -0.000006 -0.000012 -0.000008 -0.000006 -0.000004 0.000000
0.000010 0.000008 0.000006 0.000005 0.000004 0.000002 0.000001 0.000000 -0.000001 -0.000004 -0.000010 -0.000011 -0.000037 -0.000003 -0.000008 -0.000008 0.000034 0.000005 0.000005 0.000003 0.000008 0.000035 0.000008 0.000017 0.000009 0.000007 0.000005 0.000031 0.000006 0.000007 0.000007 0.000033 0.000009 0.000007 0.000005 0.000002 0.000000 0.000000 0.000006 0.000002 0.000006 0.000004 0.000004 0.000004 0.000005 0.000013 0.000011 0.000010 0.000005 0.000004 0.000001 0.000000 0.000000 0.000000 0.000000 -0.000006 -0.000012 -0.000007 -0.000007 -0.000037 -0.000005
0.000002 0.000005 0.000002 0.000001 0.000000 0.000000 0.000000 -0.000001 -0.000004 -0.000007 -0.000012 -0.000010 -0.000024 -0.000008 -0.000009 -0.000017 0.000004 0.000005 0.000005 0.000004 0.000007 0.000031 0.000010 0.000021 0.000008 0.000003 0.000011 0.000036 0.000016 0.000008 0.000004 0.000038 0.000011 0.000008 0.000005 0.000002 0.000000 0.000005 0.000000 0.000000 0.000000 0.000000 0.000000 0.000000 0.000001 0.000004 0.000005 0.000005 0.000001 -0.000000 -0.000000 -0.000003 0.000003 0.000000 -0.000003 -0.000010 -0.000013 -0.002026 0.001157 0.036906 -0.006509
0.000000 0.000000 0.000000 -0.000000 -0.000000 -0.000000 -0.000001 -0.000002 -0.000004 -0.000006 -0.000009 -0.000011 -0.000021 -0.000007 -0.000007 0.000042 0.000008 0.000009 0.000010 0.000009 0.000005 0.000020 0.000009 0.000021 0.000007 0.000004 0.000027 0.000004 0.000021 0.000009 0.000005 0.000051 0.000013 0.000011 0.000003 0.000005 0.000006 0.000014 -0.000000 -0.000000 -0.000003 -0.000002 -0.000004 -0.000001 0.000000 0.000000 0.000000 0.000000 0.000000 -0.000031 0.000002 0.000002 0.000001 0.000000 -0.000006 -0.000014 -0.000261 -0.015218 0.013455 0.006661 0.052919
-0.000000 -0.000000 -0.000001 -0.000002 -0.000002 -0.000001 -0.000001 -0.000003 0.000001 -0.000003 -0.000010 -0.000012 -0.000077 0.000002 0.000077 0.000011 0.000009 0.000005 0.000010 0.000007 0.000007 0.000005 0.000003 0.000010 0.000005 0.000016 0.000036 0.000011 0.000008 0.000003 0.000007 0.000032 0.000006 0.000012 0.000003 0.000005 0.000006 0.000010 0.000079 -0.000000 -0.000004 -0.000009 -0.000008 -0.000006 -0.000005 -0.000004 -0.000009 -0.000009 -0.000015 -0.000023 0.000000 0.000001 0.000000 -0.000002 -0.000009 -0.000008 -0.001113 0.001553 0.000009 0.000012 0.000007
-0.000004 -0.000003 -0.000008 -0.000005 -0.000006 -0.000003 -0.000001 -0.000002 0.000001 0.000003 0.000002 -0.000020 0.000001 0.000004 0.000006 0.000012 0.000007 0.000003 0.000004 0.000003 0.000002 0.000001 0.000002 0.000005 0.000006 0.000042 0.000012 0.000011 0.000011 0.000004 0.000007 0.000035 0.000007 0.000010 0.000003 0.000007 0.000009 0.000016 0.000008 0.000008 0.000087 0.000014 -0.000010 -0.000011 -0.000008 -0.000008 -0.000018 -0.000018 -0.000008 0.000000 -0.000000 -0.000000 -0.000001 -0.000008 -0.000009 -0.000008 -0.000038 0.000003 0.000003 0.000009 0.000009
-0.000022 -0.000007 -0.000018 -0.000008 -0.000006 -0.000004 -0.000003 -0.000001 -0.000000 0.000002 0.000001 -0.000014 0.000000 0.000002 0.000003 0.000002 0.000002 0.000000 0.000000 0.000000 0.000000 0.000000 0.000000 0.000003 0.000010 0.000029 0.000015 0.000011 0.000019 0.000005 0.000008 0.000034 0.000004 0.000008 0.000008 0.000013 0.000007 0.000009 0.000008 0.000008 0.000022 0.000012 0.000014 0.000002 0.000014 -0.000055 -0.000008 -0.000000 -0.000001 -0.000003 -0.000002 -0.000002 -0.000007 -0.000013 -0.000008 -0.000070 0.000004 0.000001 0.000000 0.000001 0.000003
-0.000017 -0.000003 -0.000017 -0.000008 -0.000005 -0.000005 -0.000004 -0.000002 -0.000001 -0.000000 -0.000000 0.000000 0.000001 0.000002 0.000001 0.000000 -0.000000 -0.000000 -0.000000 -0.000001 -0.000002 -0.000001 -0.000001 0.000008 0.000014 0.000015 0.000014 0.000012 0.000010 0.000004 0.000006 0.000012 0.000003 0.000011 0.000037 0.000006 0.000003 0.000007 0.000005 0.000008 0.000010 0.000043 0.000008 0.000003 0.000007 0.000040 -0.000006 -0.000003 -0.000005 -0.000007 -0.000008 -0.000004 -0.000011 -0.000009 -0.000084 0.000004 0.000009 0.000006 0.000007 0.000000 0.000000
-0.000016 -0.000002 -0.000018 -0.000007 -0.000007 -0.000005 -0.000008 -0.000004 -0.000001 -0.000001 -0.000001 -0.000002 0.000000 0.000001 -0.000000 -0.000000 -0.000000 -0.000004 -0.000004 -0.000004 -0.000003 0.000001 0.000013 0.000012 0.000013 0.000014 0.000009 0.000003 0.000005 0.000003 0.000000 0.000006 0.000001 0.000007 0.000016 0.000000 0.000002 0.000008 0.000005 0.000011 0.000011 0.000031 0.000011 0.000003 0.000007 0.000008 -0.000005 -0.000007 -0.000006 -0.000002 -0.000007 -0.000010 -0.000013 -0.000008 0.000001 0.000002 0.000003 0.000010 0.000010 0.000013 0.000014
-0.000020 -0.000002 -0.000009 -0.000020 -0.000008 -0.000008 -0.000008 -0.000004 -0.000001 -0.000003 -0.000003 -0.000018 -0.000000 -0.000000 -0.000001 -0.000002 -0.000002 -0.000010 0.000002 0.000015 0.000013 0.000004 0.000010 0.000009 0.000009 0.000009 0.000005 0.000001 0.000001 0.000001 0.000000 0.000005 0.000000 0.000000 0.000000 0.000000 0.000001 0.000008 0.000010 0.000015 0.000007 0.000026 0.000019 0.000003 0.000007 0.000009 0.000008 -0.000016 -0.000007 -0.000004 -0.000005 -0.000009 -0.000009 -0.000012 0.000000 0.000000 0.000001 0.000003 0.000002 0.000004 0.000005
-0.000009 -0.000001 -0.000004 -0.000009 -0.000008 -0.000022 -0.000007 -0.000005 -0.000002 -0.000005 -0.000005 -0.000020 -0.000001 -0.000004 -0.000005 0.000001 0.000001 0.000003 0.000004 0.000003 0.000013 0.000004 0.000004 0.000002 0.000003 0.000003 0.000001 0.000000 0.000000 0.000000 0.000000 0.000000 -0.000001 -0.000003 -0.000004 -0.000012 0.000000 0.000005 0.000008 0.000011 0.000011 0.000014 0.000052 0.000006 0.000004 0.000010 0.000009 0.000065 -0.000005 -0.000004 -0.000007 -0.000113 -0.000004 0.000012 -0.000000 -0.000000 0.000000 0.000000 0.000000 0.000000 0.000000
0.000001 0.000006 0.000010 0.000016 0.000001 -0.000028 -0.000005 -0.000005 -0.000002 -0.000005 -0.000000 -0.000016 0.000001 0.000000 -0.000003 0.000001 0.000005 0.000002 0.000001 0.000001 0.000004 0.000001 0.000000 0.000000 0.000000 0.000000 0.000000 -0.000001 -0.000002 -0.000000 -0.000002 -0.000005 -0.000007 -0.000007 -0.000050 -0.000010 0.000000 0.000005 0.000004 0.000011 0.000020 0.000019 0.000049 0.000016 0.000009 0.000010 0.000013 0.000011 0.000097 -0.000017 -0.000008 0.000004 0.000003 0.000005 0.000075 0.000002 -0.000003 -0.000004 -0.000007 -0.000006 -0.000006
0.000001 0.000003 0.000006 0.000001 0.000001 -0.000003 -0.000006 -0.000006 -0.000003 -0.000006 -0.000002 0.000057 0.000004 0.000002 0.000001 0.000001 0.000001 0.000000 0.000000 0.000000 -0.000000 -0.000000 -0.000001 -0.000003 -0.000005 -0.000006 -0.000002 -0.000003 -0.000009 -0.000004 -0.000009 -0.000009 -0.000012 -0.000040 -0.000003 0.000000 0.000000 0.000000 0.000002 0.000009 0.000017 0.000013 0.000044 0.000025 0.000025 0.000006 0.000013 0.000013 0.000011 0.000008 0.000035 0.000007 0.000007 0.000003 0.000007 0.000008 -0.000008 -0.000008 -0.000012 -0.000011 -0.000007
0.000000 0.000001 0.000000 0.000000 0.000000 0.000000 -0.000008 -0.000003 -0.000006 -0.000007 -0.000021 0.000002 0.000002 0.000000 0.000000 0.000000 -0.000000 -0.000000 -0.000000 -0.000001 -0.000005 -0.000006 -0.000016 -0.000012 -0.000011 -0.000010 -0.000003 -0.000006 -0.000010 -0.000012 -0.000014 -0.000009 -0.000011 -0.000039 -0.000001 -0.000003 -0.000001 0.000000 0.000000 0.000004 0.000002 0.000009 0.000014 0.000018 0.000046 0.000005 0.000013 0.000010 0.000005 0.000004 0.000030 0.000011 0.000015 0.000006 0.000006 0.000010 0.000009 0.004979 -0.000150 -0.000011 -0.000006
-0.000000 0.000000 -0.000000 -0.000001 -0.000000 -0.000000 -0.000004 -0.000005 -0.000011 -0.000032 0.000001 0.000001 -0.000000 -0.000000 -0.000002 -0.000002 -0.000001 -0.000002 -0.000003 -0.000004 -0.000004 -0.000009 -0.000041 -0.000013 -0.000013 -0.000011 -0.000005 -0.000011 -0.000013 -0.000017 -0.000030 -0.000004 -0.000008 -0.000063 -0.000001 -0.000009 -0.000004 -0.000004 -0.000001 0.000000 0.000000 0.000003 0.000005 0.000013 0.000030 0.000005 0.000008 0.000003 0.000000 0.000000 0.000024 0.000004 0.000028 0.000006 0.000013 0.000006 0.000012 0.000010 0.000194 -0.000166 -0.000261
-0.000001 -0.000001 -0.000004 -0.000003 -0.000004 -0.000002 -0.000000 -0.000004 -0.000009 -0.000015 -0.000000 -0.000000 -0.000000 -0.000003 -0.000007 -0.000005 -0.000003 -0.000008 -0.000007 -0.000006 -0.000003 -0.000009 -0.000055 -0.000010 -0.000006 -0.000013 -0.000028 -0.000007 -0.000013 -0.000016 -0.000035 -0.000003 -0.000039 0.000003 -0.000001 -0.000012 -0.000019 -0.000010 -0.000005 -0.000005 -0.000002 0.000000 0.000008 0.000012 0.000009 0.000005 0.000000 0.000000 0.000003 0.000048 0.000012 0.000007 0.000031 0.000003 0.000011 0.000007 0.000014 0.000014 0.000016 0.000011 0.006400
