use_cases/Flooding/flood_case/output/hUy_2700.asc
ncols 269
nrows 269
xllcorner 0.000000
yllcorner 0.000000
cellsize 10.000000
NODATA_value -9999.000000
[rows 108 to 134 of 269, columns 186 to 247 of 269]
-0.000000 -0.000000 -0.000006 -0.000033 -0.000061 -0.000109 -0.002504 -0.001703 -0.000641 -0.001065 -0.000949 -0.000635 -0.001934 -0.000099 0.000016 0.000018 0.000014 0.000016 0.000004 0.000000 0.000000 0.000000 0.000000 0.000000 0.000000 0.000000 0.000000 0.000060 0.000158 0.000204 0.000204 0.000385 0.000017 0.000000 0.000000 0.000020 0.052475 -0.000198 0.000032 0.000138 0.000107 0.000041 0.000118 0.001427 0.000260 0.000161 0.000132 0.000222 0.000127 0.000043 0.000116 0.003945 0.002921 0.004477 0.002474 0.000784 0.000383 -0.000073 -0.000216 -0.000301 -0.000211 -0.000137
-0.000028 -0.000019 -0.000059 -0.000113 -0.000159 -0.002885 -0.001324 -0.000222 0.000000 0.000014 0.000084 0.000049 0.000739 0.000219 0.000012 0.000004 0.000002 -0.000000 -0.000000 -0.000007 -0.000021 -0.000026 -0.000046 -0.000222 -0.000053 -0.000035 -0.000013 0.000075 0.000148 0.000086 0.000083 0.000046 0.000000 -0.000015 -0.000012 -0.000000 0.025490 0.000086 0.000045 0.000057 0.000058 0.000028 0.000090 0.000859 0.000238 0.000166 0.000250 0.000104 0.000050 0.000022 0.000074 0.000756 0.000208 0.000175 0.000402 0.000328 0.000432 0.000555 0.001068 0.000165 0.000022 0.000019
-0.000084 -0.000038 -0.000119 -0.000182 -0.003651 -0.001576 -0.000251 -0.000085 -0.000004 0.000000 0.000017 0.000042 0.000147 0.000058 0.000005 -0.000000 -0.000000 -0.000036 -0.000108 -0.000077 -0.000034 -0.000081 -0.000119 -0.000919 -0.000281 -0.000226 0.000018 0.000066 0.000020 0.000035 0.000006 0.000000 -0.000005 -0.000055 -0.000068 0.004531 0.023301 0.000066 0.000024 0.000010 0.000006 0.000013 0.000051 0.000384 0.000105 0.000060 0.000075 0.000027 0.000000 0.000000 0.000021 0.000235 0.000057 0.000032 0.000052 0.000016 0.000018 0.000041 0.000097 0.000037 0.000004 0.000000
-0.000073 -0.000117 -0.000175 -0.004342 -0.001929 -0.000368 -0.000070 -0.000036 -0.000007 -0.000005 0.000000 0.000001 0.000028 0.000001 -0.000000 -0.000021 -0.000018 -0.000090 -0.000423 -0.000064 -0.000099 -0.000149 -0.002196 -0.000506 0.000094 0.000037 0.000017 0.000016 0.000005 0.000000 0.000000 -0.000009 -0.000039 -0.000049 -0.000369 0.036696 0.000019 0.000010 0.000000 0.000000 0.000000 0.000000 0.000000 0.000052 0.000021 0.000000 0.000000 0.000000 -0.000110 -0.000031 0.000000 0.000000 0.000000 0.000000 0.000000 0.000000 0.000000 0.000000 0.000000 -0.000000 -0.000000 -0.000000
-0.000142 -0.000178 -0.003213 -0.002248 -0.000598 -0.000165 -0.000030 -0.000026 -0.000012 -0.000018 -0.000005 0.000000 0.000000 0.000000 -0.000144 -0.000071 -0.000034 -0.000163 -0.000852 -0.000058 -0.004072 -0.135270 -0.000216 0.000035 0.000020 0.000025 0.000000 0.000000 0.000000 -0.000006 -0.000005 -0.000023 0.000041 0.000125 0.000244 0.025737 -0.000000 -0.000000 -0.000003 -0.000031 -0.000047 -0.000025 -0.000003 0.000000 0.000000 -0.000020 -0.000043 -0.000069 -0.000501 -0.000108 -0.000087 -0.000063 -0.000131 -0.000066 -0.000120 -0.000070 -0.000070 -0.000062 -0.000128 -0.000085 -0.000105 -0.000101
-0.000121 -0.000060 -0.007931 -0.001960 -0.000302 -0.000129 -0.000173 -0.000114 -0.000087 -0.000074 -0.000053 -0.000039 -0.000041 -0.000023 -0.000507 -0.000116 -0.000045 -0.000185 -0.003477 -0.002186 -0.002864 0.000020 0.000002 -0.000000 -0.000000 -0.000000 -0.000007 -0.000039 -0.000021 -0.000052 -0.000020 0.000005 0.000077 0.000042 0.000060 0.027500 0.089128 -0.000013 -0.000062 -0.000202 -0.000148 -0.000106 -0.000052 -0.000055 -0.000032 -0.000086 -0.000122 -0.000298 -0.038485 -0.008513 -0.010279 -0.016117 -0.008220 -0.004076 -0.001033 -0.001214 -0.002563 -0.003995 -0.006516 -0.002057 -0.002154 -0.006462
0.000720 -0.003856 0.005937 0.001926 -0.000682 -0.000513 -0.000287 -0.000255 -0.000237 -0.000131 -0.000188 -0.000110 -0.000050 -0.000108 -0.001210 -0.000155 -0.000055 -0.006458 -0.031638 -0.000667 -0.000000 -0.000000 -0.000000 -0.000019 -0.000042 -0.000030 -0.000091 -0.000145 -0.000404 -0.000118 -0.000033 -0.000000 0.000020 0.000040 0.000069 0.001280 0.031604 0.008300 -0.001356 -0.007188 -0.000165 -0.000162 -0.000117 -0.000059 -0.000106 -0.005161 -0.082351 0.004057 0.008946 0.000248 0.000807 0.001059 0.001685 0.002549 0.011789 0.004611 0.002748 0.000480 0.001928 0.002898 0.001446 0.001393
0.000724 0.000081 0.009546 0.001523 0.000132 0.000000 -0.000095 -0.000174 -0.000215 -0.000177 -0.000159 -0.000104 -0.000042 -0.000107 -0.000826 -0.004428 -0.003784 -0.002297 0.000022 -0.000000 -0.000003 -0.000055 -0.000085 -0.000104 -0.000056 -0.000104 -0.000178 -0.000820 -0.000386 -0.000124 -0.000113 -0.000012 -0.000000 0.000044 0.000138 0.002648 0.001178 0.001992 0.004492 0.011711 0.240927 -0.006572 -0.000603 -0.001520 -0.280838 0.007793 0.001342 0.000077 0.000068 0.000053 0.000123 0.000092 0.000064 0.000143 0.000206 0.000250 0.000194 0.000155 0.000131 0.000142 0.000156 0.000418
0.000116 0.000185 0.002747 0.001400 0.000933 0.000947 0.000337 -0.000166 -0.000134 -0.000135 -0.000131 -0.000104 -0.000041 -0.000120 -0.000444 -0.006772 -0.000853 -0.000000 -0.000000 -0.000046 -0.000097 -0.000281 -0.000181 -0.000136 -0.000055 -0.000141 -0.000220 -0.001463 -0.000317 -0.000174 -0.000122 -0.000043 0.000016 0.000064 0.000180 0.001570 0.000416 0.000266 0.000207 0.000081 0.000135 0.019202 0.017125 0.012290 0.015088 0.000093 0.000015 0.000007 0.000000 0.000000 0.000000 0.000000 0.000000 0.000000 0.000027 0.000131 0.000097 0.000051 0.000011 0.000000 0.000030 0.000207
0.000140 0.000225 0.000672 0.001215 0.000219 0.000101 0.000062 0.000033 -0.000209 -0.000176 -0.000206 -0.000161 -0.000049 -0.000150 -0.005813 -0.002717 -0.000329 -0.000041 -0.000073 -0.000063 -0.000196 -0.000904 -0.000273 -0.000165 -0.000058 -0.000176 -0.000239 -0.002346 -0.000396 -0.000325 -0.000121 -0.000034 0.000007 0.000041 0.000232 0.000836 0.000299 0.000260 0.000229 0.000179 0.000093 0.000535 0.000174 0.000115 0.000063 0.000029 -0.000000 -0.000000 -0.000018 -0.000205 -0.000093 -0.000098 -0.000161 -0.000005 0.000000 0.000008 0.000016 -0.000000 -0.000000 -0.000049 0.000027 0.000076
0.000130 0.000296 0.001282 0.000377 0.000221 0.000000 -0.000000 -0.000000 -0.000000 -0.000084 -0.000090 -0.000187 -0.000150 -0.000180 -0.009464 -0.001285 -0.000193 -0.000130 -0.000152 -0.000065 -0.000208 -0.001640 -0.000195 -0.000088 -0.000127 -0.000204 -0.004475 -0.000422 0.000264 0.000065 0.000031 -0.000020 0.000000 0.000006 0.000220 0.000143 0.000193 0.000186 0.000183 0.000189 0.000120 0.000167 0.000074 0.000026 0.000000 0.000000 -0.000038 -0.000221 -0.000044 -0.000244 -0.000672 -0.000222 -0.000186 -0.000009 -0.000000 0.000000 0.000000 -0.000049 -0.000336 -0.000092 0.000008 0.000018
0.000151 0.000340 0.000672 0.000325 0.000506 0.000724 0.000390 -0.000407 -0.000373 -0.001494 -0.001142 -0.009148 -0.030627 -0.198138 -0.115256 -0.000750 -0.000241 -0.000184 -0.000150 -0.000058 -0.001007 -0.001052 -0.000149 -0.000056 -0.000135 -0.005570 -0.001437 0.000021 0.000018 0.000034 0.000013 -0.000000 -0.000015 0.000000 0.000000 0.000003 0.000046 0.000064 0.000085 0.000060 0.000025 0.000016 0.000000 0.000000 -0.000013 -0.000033 -0.000138 -0.000287 -0.000223 -0.007096 -0.005020 -0.000932 -0.000146 -0.000068 -0.000086 -0.000064 -0.000032 -0.000674 -0.000215 0.000000 0.000000 0.000000
0.000160 0.000366 0.000308 0.000299 0.000663 0.000272 0.000347 0.000965 0.003884 0.127516 0.008588 -0.051913 -0.002341 -0.006604 -0.033410 -0.002863 -0.000179 -0.000149 -0.000068 -0.000109 -0.002050 -0.000742 -0.000508 -0.000887 -0.002116 -0.002568 0.000003 0.000000 -0.000000 -0.000000 -0.000000 -0.000028 -0.000133 -0.000051 -0.000019 0.000000 0.000000 0.000000 0.000008 0.000000 0.000000 0.000000 -0.000026 -0.000053 -0.000062 -0.000105 -0.000228 -0.001309 -0.087511 -0.000549 0.000451 0.002679 0.006844 -0.001980 -0.003146 -0.001034 -0.002051 -0.000359 -0.000103 -0.000039 -0.000032 -0.000056
0.000106 0.000253 0.000372 0.000254 0.000752 0.000565 0.000595 0.000780 0.002095 0.191056 0.067351 -0.028691 0.019260 0.081215 -0.071240 0.005747 -0.102903 -0.000100 -0.000405 -0.124910 -0.252840 -0.163270 -0.114921 -0.023533 -0.001608 -0.000599 -0.000000 -0.000004 -0.000035 -0.000049 -0.000072 -0.000244 -0.000251 -0.000144 -0.000067 -0.000021 -0.000045 -0.000015 -0.000000 -0.000017 -0.000178 -0.000034 -0.000104 -0.000159 -0.000182 -0.000215 -0.000882 -0.006582 0.001178 0.000134 0.000173 0.000291 0.000383 0.001349 0.001186 0.000750 0.000130 0.000217 0.000389 -0.000057 -0.000194 -0.000153
0.000046 0.000144 0.000317 0.000223 0.000332 0.000553 0.000651 0.000750 0.001263 0.001438 0.001260 0.001517 0.002389 0.393621 -0.034751 0.017219 0.017731 -0.043587 -0.058156 -0.131810 0.184209 0.112133 0.061824 0.229437 0.013713 -0.000241 -0.000076 -0.000090 -0.000105 -0.000289 -0.000254 -0.000119 -0.000158 -0.000158 -0.000133 -0.000102 -0.000177 -0.000056 -0.000031 -0.000073 -0.000210 -0.000413 -0.000089 -0.000158 -0.000224 -0.000228 -0.010154 -0.001547 0.000082 0.000100 0.000062 0.000181 0.000134 0.000075 0.000765 0.000284 0.000220 0.000132 0.000083 0.000081 0.000007 0.000000
0.000037 0.000131 0.000182 0.000392 0.000292 0.000340 0.000533 0.000575 0.000973 0.001141 0.001349 0.001258 0.000392 0.000284 0.064521 0.015089 0.061202 -0.080347 0.078888 0.000441 0.000192 0.000164 0.000056 0.000146 0.088959 0.004491 -0.000246 -0.000183 -0.000388 -0.000276 -0.000081 -0.000011 -0.000077 -0.000208 -0.000090 -0.000607 -0.000236 -0.000132 -0.000126 -0.000067 -0.000211 -0.000557 -0.000224 -0.000226 -0.001448 -0.189178 0.004732 0.000054 0.000051 0.000016 0.000019 0.000032 0.000059 0.000082 0.000240 0.000155 0.000089 0.000072 0.000064 0.000040 0.000000 -0.000051
0.000035 0.000107 0.000148 0.000236 0.000560 0.000477 0.000375 0.000822 0.001284 0.001771 0.002230 0.000460 0.000050 0.000118 0.000140 0.016337 0.095892 -0.037947 0.000060 0.000133 0.000176 0.000145 0.000056 0.000141 0.000160 0.149381 -0.010481 -0.000325 -0.000377 -0.000221 -0.000145 -0.000143 -0.000336 -0.000212 -0.000068 -0.001546 -0.000284 -0.000188 -0.000141 -0.000053 -0.000175 -0.000410 -0.000364 -0.018484 -0.001919 0.000617 0.000044 0.000029 0.000013 0.000000 0.000000 0.000000 0.000000 0.000000 0.000009 0.000024 0.000000 0.000000 0.000000 0.000000 -0.000042 -0.000132
0.000032 0.000089 0.000193 0.000175 0.000246 0.000764 0.000409 0.001021 0.001613 0.003070 0.000181 0.000141 0.000037 0.000058 0.000053 0.000038 0.018033 0.016280 0.000021 0.000095 0.000117 0.000104 0.000047 0.000119 0.000147 0.000174 0.117292 0.005004 -0.001035 -0.000293 -0.000296 -0.000241 -0.000541 -0.000125 -0.000156 -0.002299 -0.000243 -0.000203 -0.000128 -0.000043 -0.000141 -0.000285 -0.000386 -0.015176 0.000001 0.000000 -0.000000 -0.000000 -0.000000 -0.000009 -0.000057 -0.000042 -0.000053 -0.000029 0.000000 0.000000 -0.000054 -0.000227 -0.000036 -0.000083 -0.000139 -0.000195
0.000013 0.000059 0.000170 0.000153 0.000249 0.000533 0.000377 0.001366 0.002078 0.000157 0.000123 0.000114 0.000018 0.000000 0.000000 0.000000 0.000500 0.030277 0.000000 0.000018 0.000028 0.000039 0.000024 0.000056 0.000111 0.000159 0.000544 0.077168 0.112760 -0.068607 -0.000340 -0.000257 -0.000538 -0.000074 -0.001301 -0.000980 -0.000235 -0.000158 -0.000254 -0.000122 -0.000089 -0.000262 -0.023901 -0.002495 -0.000000 -0.000016 -0.000021 -0.000025 -0.000059 -0.000251 -0.000286 -0.000228 -0.000147 -0.000092 -0.000023 -0.000067 -0.000140 -0.000607 -0.000060 -0.000144 -0.000199 -0.005590
0.000000 0.000026 0.000104 0.000046 0.000153 0.000446 0.000402 0.001825 0.000371 0.000090 0.000035 0.000086 0.000000 -0.000024 -0.000005 0.001089 0.001124 0.019643 0.000000 0.000000 0.000000 0.000000 0.000000 0.000000 0.000040 0.000104 0.000308 0.000185 0.000229 0.115291 -0.002775 -0.006830 0.031818 0.032191 0.075346 -0.019733 -0.025789 -0.000228 -0.000229 -0.000088 -0.029197 -0.540898 0.019233 0.002489 0.004016 0.001438 0.001675 0.000002 -0.000162 0.000009 0.000149 0.000033 0.000026 -0.000000 -0.000043 -0.000122 -0.000174 -0.001128 -0.000060 -0.000150 -0.003593 -0.001983
-0.000025 0.000000 0.000034 0.000045 0.000013 0.000519 0.000236 0.001042 0.000670 0.000084 0.000027 0.000043 0.000000 0.000162 0.003553 0.001638 0.001000 0.013301 0.041211 -0.000042 -0.000048 -0.000058 -0.000049 -0.000010 -0.000000 0.000037 0.000164 0.000130 0.000195 0.000227 0.001451 0.000971 0.000353 0.000136 0.000046 0.025586 0.138000 -0.023477 -0.007892 -0.018458 -0.017147 0.000029 0.000075 0.000110 0.000105 0.000307 0.000273 0.000297 0.000102 0.000079 0.000078 0.000015 -0.000000 -0.000027 -0.000097 -0.000171 -0.000225 -0.001628 -0.000054 -0.002651 -0.001928 -0.000248
-0.000075 -0.000000 0.000021 0.000083 0.001997 0.000091 0.000106 0.000175 0.001289 0.000108 0.000012 0.000000 0.000000 0.001795 0.000038 0.000129 0.000234 0.000243 0.011193 -0.171087 -0.000124 -0.000146 -0.000128 -0.000072 -0.000019 -0.000000 0.000040 0.000066 0.000132 0.000180 0.000219 0.001648 0.000435 0.000133 0.000045 0.000126 0.000249 0.061556 0.087181 0.007680 0.000000 0.000000 0.000000 0.000000 0.000015 0.000050 0.000070 0.000379 0.000085 0.000048 0.000035 -0.000000 -0.000028 -0.000101 -0.000246 -0.000198 -0.000257 -0.016622 -0.054352 -0.001069 0.009243 0.004228
-0.000088 -0.000000 0.000015 0.000078 0.000668 0.000161 0.000047 0.000137 0.000594 0.000102 0.000000 -0.000024 -0.000083 0.001966 0.000039 0.000163 0.000146 0.000082 0.000099 0.006304 -0.023837 -0.000165 -0.000168 -0.000096 -0.000094 -0.000013 0.000000 0.000000 0.000050 0.000113 0.000171 0.000932 0.000536 0.000130 0.000045 0.000105 0.000381 0.000310 0.000808 0.029885 0.005168 -0.000048 -0.000033 -0.000050 0.000000 0.000000 0.000000 0.000000 0.000011 0.000002 -0.000000 -0.000017 -0.000101 -0.000176 -0.000256 -0.000199 -0.022165 -0.042003 0.000726 0.000103 0.000102 0.000046
-0.000041 0.000000 0.000000 0.000043 0.000248 0.000112 0.000040 0.000106 0.000229 0.000081 -0.000000 -0.000172 0.034287 0.000035 0.000074 0.000111 0.000004 0.000000 0.000000 0.000000 0.038898 -0.000390 -0.000109 -0.000073 -0.000153 -0.000038 -0.000046 -0.000009 0.000001 0.000043 0.000101 0.000157 0.000890 0.000120 0.000045 0.000122 0.000567 0.000234 0.000257 0.000189 0.025822 -0.019001 -0.000131 -0.000144 -0.000096 -0.000085 -0.000046 -0.000037 -0.000000 -0.000000 -0.000018 -0.000062 -0.000143 -0.000163 -0.000223 -0.019563 -0.089294 0.000432 0.000088 0.000026 0.000041 0.000044
0.001579 -0.000026 -0.000008 0.000000 0.000000 0.000054 0.000024 0.000057 0.000081 0.000022 -0.000001 0.000106 0.000618 0.000030 0.000033 0.000000 0.000000 -0.000021 -0.000004 0.000126 0.009196 0.000401 0.000126 0.000067 0.000298 0.000153 0.000274 0.000062 -0.000003 0.000049 0.000032 0.000100 0.000511 0.000093 0.000047 0.000135 0.000529 0.000041 0.000111 0.000100 0.000168 0.043691 -0.024759 -0.022972 -0.000207 -0.000207 -0.000190 -0.000106 -0.000098 -0.000032 -0.000134 -0.000100 -0.000153 -0.000208 -0.017662 -0.049696 0.000252 0.000027 0.000041 0.000027 0.000010 0.000039
0.003566 -0.000083 -0.000034 -0.000043 -0.000002 0.000000 0.000000 0.000010 0.000036 0.000017 0.000062 0.000498 0.000056 0.000019 0.000000 -0.000012 0.000036 0.000395 -0.000019 0.000160 0.001908 0.000036 0.000015 0.000013 0.000060 0.000070 0.000083 0.000215 0.000170 0.000037 0.000022 0.000062 0.000229 0.000031 0.000065 0.000101 0.000249 0.000027 0.000033 0.000021 0.000194 0.000178 0.005530 -0.003317 -0.293575 -0.050905 -0.024201 -0.000186 -0.000153 -0.000052 -0.000273 -0.000150 -0.000218 -0.000249 -0.017225 -0.000158 0.000000 0.000000 0.000005 0.000034 0.000006 0.000016
0.001369 0.000547 0.000176 0.000364 0.000081 -0.000008 -0.000010 0.000000 0.000007 0.000007 0.000016 0.000116 0.000005 0.000005 -0.000001 -0.000053 0.000299 0.000122 0.000012 0.000000 0.000536 0.000010 0.000000 0.000000 0.000002 0.000003 0.000005 0.000009 0.000017 0.000014 0.000021 0.000008 0.000038 0.000011 0.000020 0.000111 0.000015 0.000006 0.000000 0.000080 0.000288 0.000007 0.000016 0.001051 0.000022 0.000007 0.175814 -0.324749 -0.053394 -0.039946 -0.078495 -0.135588 -0.061178 -0.037045 -0.006276 0.000004 -0.000000 -0.000000 0.000009 0.000009 0.000013 0.000018
