use_cases/Flooding/flood_case/output/hUy_6300.asc
ncols 269
nrows 269
xllcorner 0.000000
yllcorner 0.000000
cellsize 10.000000
NODATA_value -9999.000000
[rows 81 to 107 of 269, columns 183 to 243 of 269]
-0.000004 -0.000012 -0.000017 -0.002112 -0.000000 -0.000000 -0.000003 -0.000010 -0.000013 -0.000016 -0.000023 -0.001319 -0.001334 -0.000223 -0.000091 -0.000078 -0.000350 -0.000323 -0.000000 -0.000000 -0.000002 -0.000002 -0.000007 -0.000179 -0.000054 -0.000027 -0.000019 -0.000007 -0.000002 -0.000006 -0.000099 -0.001481 -0.000003 -0.000004 -0.000006 -0.000015 -0.000005 -0.000003 -0.000008 -0.001246 0.000442 0.000003 0.000000 0.000000 -0.000003 -0.000008 -0.000012 -0.000018 -0.000041 -0.000017 -0.000019 -0.000034 -0.065340 0.000148 0.000023 0.000025 0.000023 0.000032 0.000019 0.000016 0.000012
-0.000003 -0.000009 -0.002387 -0.000931 -0.000002 -0.000003 -0.000007 -0.000011 -0.000073 -0.025269 -0.011332 0.001071 0.014678 0.009851 -0.009608 -0.005457 -0.000424 -0.000017 -0.000000 -0.000004 -0.000004 -0.000008 -0.000012 -0.000246 -0.000046 -0.000026 -0.000014 -0.000007 -0.000002 -0.000004 -0.000046 -0.002376 -0.000008 -0.000005 -0.000013 -0.000054 -0.000001 -0.000005 -0.000009 -0.058628 0.000005 0.000001 -0.000000 -0.000001 -0.000007 -0.000012 -0.000017 -0.000023 -0.000037 -0.000056 -0.002466 -0.024714 0.001690 0.000017 0.000018 0.000012 0.000025 0.000015 0.000012 0.000009 0.000007
-0.018360 -0.009569 -0.017189 -0.001194 -0.000005 -0.000003 -0.000009 -0.012407 -0.017786 -0.026632 -0.007064 0.018948 0.025565 0.008156 0.014394 0.012100 -0.003014 -0.000024 -0.000008 -0.000007 -0.000004 -0.000009 -0.001069 -0.000211 -0.000028 -0.000023 -0.000012 -0.000010 -0.000003 -0.000007 -0.000017 -0.003079 -0.000010 -0.000009 -0.000006 -0.151919 -0.000007 -0.000005 -0.121024 0.000995 0.000003 -0.000000 -0.000002 -0.000006 -0.000011 -0.000016 -0.000020 -0.002973 -0.080153 -0.005071 0.001012 0.000015 0.000017 0.000016 0.000012 0.000007 0.000012 0.000004 0.000003 0.000000 0.000000
0.011195 0.007656 0.005695 -0.003061 -0.031162 -0.038008 -0.015234 -0.023960 -0.023707 -0.001744 0.000048 0.000009 0.000003 0.000011 0.021585 0.021500 0.030178 0.006591 -0.019190 -0.025949 -0.024744 -0.000604 0.003615 0.005545 -0.000820 -0.000017 -0.000015 -0.000007 -0.000010 -0.000012 -0.000019 -0.003230 -0.000011 -0.000010 -0.000004 -0.000004 -0.001909 -0.001032 0.000608 0.000005 0.000001 -0.000001 -0.000006 -0.000011 -0.000015 -0.000019 -0.001500 -0.000790 0.000001 0.000006 0.000009 0.000008 0.000006 0.000010 0.000004 0.000002 0.000002 0.000000 -0.000000 -0.000000 -0.000000
0.007706 0.013583 0.016370 0.006130 -0.012962 -0.020526 -0.004292 -0.009999 0.003398 0.000049 0.000009 0.000007 0.000004 0.000007 0.000010 0.002095 0.015482 0.006837 -0.001404 -0.005740 -0.006989 0.013980 0.016452 0.015025 0.016505 -0.000637 -0.000013 -0.000005 -0.000011 -0.017113 -0.021265 -0.003329 -0.000160 -0.000463 -0.000769 0.000317 0.000652 0.000007 0.000004 0.000001 0.000000 -0.000004 -0.000009 -0.000014 -0.000051 -0.054844 -0.004330 -0.000210 0.000000 0.000000 0.000001 0.000001 0.000001 0.000000 -0.000000 -0.000000 -0.000000 -0.000002 -0.000009 -0.000006 -0.000004
0.000020 0.013853 0.011207 0.005843 -0.004357 -0.010014 0.016625 0.002205 0.000085 0.000016 0.000015 0.000002 0.000004 0.000002 0.000008 0.000013 0.000389 0.000004 0.005866 0.007398 0.000068 0.000009 0.000004 0.008948 0.014469 0.011916 -0.037963 -0.051167 -0.007429 0.001376 0.001996 -0.003802 -0.000551 -0.000126 0.000379 0.000011 0.000009 0.000011 0.000002 0.000000 -0.000002 -0.000008 -0.000012 -0.047750 0.026668 0.049369 0.002061 0.006967 0.000587 -0.000001 0.000000 -0.000000 -0.000000 -0.000000 -0.000001 -0.000003 -0.000002 -0.000067 -0.000020 -0.000012 -0.000009
0.000020 0.000018 0.000075 0.013126 0.016182 0.003068 0.000035 0.000079 0.000047 0.000041 0.000033 0.000000 0.000000 0.000002 0.000008 0.000020 0.000211 0.000004 0.000012 0.000475 0.000035 0.000008 0.000004 0.000010 0.000015 0.041554 0.048415 0.046807 0.049142 0.022831 0.019235 0.003354 0.000007 0.000009 0.000010 0.000011 0.000006 0.000012 0.000000 -0.000001 -0.000006 -0.000523 -0.258915 0.050505 0.000024 0.000012 0.000004 0.000010 0.002487 -0.000449 -0.000002 -0.000002 -0.000005 -0.000006 -0.000008 -0.000008 -0.000003 -0.000104 -0.000021 -0.000013 -0.000013
0.000018 0.000023 0.000022 0.000310 0.000166 0.000039 0.000060 0.000053 0.000072 0.000057 0.000089 0.000111 0.000007 0.000004 0.000011 0.000023 0.000178 0.000004 0.000014 0.000420 0.000040 0.000003 0.000002 0.000006 0.000011 0.000015 0.000092 0.000013 0.000009 0.000015 0.017725 0.001184 0.000003 0.000003 0.000003 0.000004 0.000003 0.000002 0.000000 -0.000004 -0.021691 -0.004831 0.004947 0.000012 0.000034 0.000016 0.000005 0.000007 0.000012 0.003148 -0.000007 -0.000009 -0.000013 -0.000013 -0.000029 -0.000021 -0.000025 -0.000078 -0.000020 -0.000018 -0.000016
0.000019 0.000023 0.000024 0.000338 0.000021 0.000023 0.000083 0.000118 0.000038 0.000017 0.000004 0.000093 0.000011 0.000008 0.000004 0.000014 0.000181 0.000006 0.000015 0.000310 0.000127 0.000000 0.000000 0.000001 0.000004 0.000010 0.000053 0.000008 0.000015 0.000018 0.013829 0.001592 0.000000 0.000000 0.000000 0.000001 0.000000 0.000000 -0.000002 -0.018053 -0.045794 0.000111 0.000032 0.000022 0.000035 0.000019 0.000009 0.000004 0.000011 0.002385 -0.000088 -0.000485 -0.001087 -0.004586 -0.002307 -0.000257 -0.000443 -0.001069 -0.000016 -0.000017 -0.000011
0.000013 0.000016 0.000017 0.000338 0.000016 0.000005 0.000013 0.000256 0.000025 0.000018 0.000005 0.000076 0.000014 0.000009 0.000006 0.000021 0.000180 0.000011 0.000026 0.000107 0.000423 0.000030 -0.000001 0.000000 0.000000 0.000005 0.000018 0.000009 0.000007 0.000014 0.000019 0.012028 -0.000000 -0.000001 -0.000000 -0.000000 -0.000001 -0.000004 -0.006957 0.002820 0.000070 0.000020 0.000041 0.000030 0.000014 0.000013 0.000009 0.000004 0.000009 0.002627 0.138035 0.002594 0.001242 0.000184 0.025931 0.001036 0.000333 0.000438 0.001117 -0.000950 -0.000024
0.000008 0.000007 0.000017 0.000364 0.000015 0.000005 0.000010 0.000160 0.000031 0.000021 0.000007 0.000053 0.000011 0.000004 0.000010 0.000031 0.000078 0.000029 0.000039 0.000190 0.000101 0.000078 0.000135 0.000026 0.000011 0.000003 0.000008 0.000010 0.000008 0.000022 0.000025 0.022469 0.002102 -0.000007 -0.000007 -0.000006 -0.000003 -0.008685 0.000607 0.000011 0.000011 0.000014 0.000014 0.000030 0.000017 0.000010 0.000007 0.000002 0.000008 0.000014 0.000119 0.000016 0.000010 0.000003 0.000009 0.000211 0.000157 0.000007 0.000002 0.001725 -0.000601
0.000004 0.000005 0.000022 0.000313 0.000015 0.000008 0.000006 0.000101 0.000021 0.000017 0.000012 0.000022 0.000008 0.000003 0.000008 0.000031 0.000014 0.000079 0.000048 0.000040 0.000098 0.000010 0.000085 0.000016 0.000010 0.000004 0.000011 0.000014 0.000018 0.000033 0.000032 0.000024 0.022528 0.048237 -0.007044 -0.023630 -0.031013 -0.001070 0.000004 0.000003 0.000002 0.000003 0.000005 0.000019 0.000015 0.000007 0.000004 0.000001 0.000004 0.000009 0.000071 0.000013 0.000008 0.000002 0.000005 0.000061 0.000349 0.000008 0.000002 0.000006 0.000806
0.000001 0.000012 0.000025 0.000136 0.000013 0.000008 0.000003 0.000050 0.000013 0.000009 0.000005 0.000007 0.000003 0.000002 0.000006 0.000020 0.000010 0.000115 0.000008 0.000014 0.000044 0.000019 0.000050 0.000014 0.000009 0.000006 0.000017 0.000014 0.000015 0.000021 0.000010 0.000007 0.000157 0.001025 0.000009 0.000003 0.003603 0.001457 0.000000 0.000000 0.000000 0.000000 0.000000 0.000001 0.000005 0.000003 0.000001 0.000000 0.000000 0.000003 0.000021 0.000006 0.000006 0.000002 0.000005 0.000142 0.000150 0.000008 0.000003 0.000008 0.001366
0.000004 0.000017 0.000012 0.000073 0.000010 0.000006 0.000002 0.000015 0.000004 0.000002 0.000001 0.000000 0.000000 0.000001 0.000003 0.000009 0.000006 0.000080 0.000011 0.000008 0.000003 0.000010 0.000034 0.000008 0.000004 0.000010 0.000016 0.000005 0.000006 0.000005 0.000003 0.000000 0.000194 0.000714 0.000009 0.000003 0.000010 0.005350 -0.000160 -0.000001 -0.000001 -0.000003 -0.000000 0.000000 -0.000000 -0.000000 -0.000000 -0.000000 -0.000000 -0.000000 0.000000 0.000000 0.000004 0.000002 0.000006 0.000223 0.000011 0.000009 0.000002 0.000011 0.000675
0.000001 0.000005 0.000005 0.000027 0.000007 0.000003 0.000001 0.000000 -0.000000 -0.000000 -0.000000 -0.000002 -0.000001 0.000000 0.000000 0.000001 0.000004 0.000036 0.000003 0.000003 0.000001 0.000005 0.000003 0.000002 0.000002 0.000003 0.000004 0.000000 0.000000 0.000000 0.000000 -0.000000 0.001503 0.000019 0.000011 0.000003 0.000007 0.004720 0.136393 -0.000190 -0.000007 -0.000009 -0.000004 -0.000003 -0.000004 -0.000003 -0.000002 -0.000004 -0.000016 -0.000005 -0.000003 -0.000001 0.000004 0.000002 0.000006 0.000223 0.000012 0.000008 0.000002 0.000011 0.000571
0.000000 0.000000 0.000000 0.000002 0.000002 0.000000 0.000000 -0.000000 -0.000007 -0.000011 -0.000007 -0.000006 -0.000004 -0.000002 -0.000001 0.000000 0.000001 0.000006 0.000000 0.000000 0.000000 0.000000 0.000000 0.000000 0.000000 0.000000 0.000000 -0.000001 -0.000004 -0.000003 -0.000003 0.011482 0.001150 0.000020 0.000012 0.000003 0.000003 0.000709 0.004547 0.001328 0.000866 -0.001500 -0.000012 -0.000009 -0.000020 -0.000018 -0.000025 -0.000033 -0.000088 -0.000058 -0.000005 0.000002 0.000006 0.000003 0.000010 0.000288 0.000018 0.000010 0.000003 0.000015 0.000459
-0.000016 -0.000002 -0.000001 0.000000 0.000000 0.000000 -0.000001 -0.000003 -0.000010 -0.000054 -0.000014 -0.000010 -0.000016 -0.000009 -0.000005 -0.000002 -0.000000 -0.000000 -0.000000 -0.000002 -0.000001 -0.000002 -0.000002 -0.000006 -0.000003 -0.000004 -0.000004 -0.000006 -0.000009 -0.000009 -0.012529 0.000990 0.000011 0.000020 0.000009 0.000004 0.000000 0.000353 0.000007 0.000008 0.000004 0.021804 -0.000159 -0.000051 0.000056 -0.000012 -0.000016 0.000083 0.000109 0.000031 0.000009 0.000005 0.000006 0.000003 0.000008 0.000127 0.000015 0.000009 0.000003 0.000014 0.000334
-0.000021 -0.000043 -0.000007 -0.000003 -0.000002 -0.000001 -0.000003 -0.000006 -0.000014 -0.000118 -0.000019 -0.000015 -0.000034 -0.000017 -0.000016 -0.000009 -0.000004 -0.000003 -0.000004 -0.000005 -0.000002 -0.000005 -0.000007 -0.000008 -0.000007 -0.000009 -0.000011 -0.000014 -0.000010 0.000922 0.000844 0.000022 0.000016 0.000014 0.000008 0.000005 -0.000001 0.002640 0.000006 0.000002 0.000003 0.001246 0.000013 0.000016 0.000019 0.000018 0.000037 0.000021 0.000020 0.000044 0.000029 0.000013 0.000010 0.000005 0.000007 0.000101 0.000017 0.000009 0.000002 0.000017 0.000365
-0.000028 -0.000188 -0.000015 -0.000008 -0.000005 -0.000002 -0.000005 -0.000009 -0.000022 -0.000192 -0.000030 -0.000032 -0.000035 -0.000014 -0.000012 -0.000012 -0.000010 -0.000008 -0.000018 -0.000010 -0.000006 -0.000003 -0.000015 0.000001 -0.000007 -0.000035 -0.000070 -0.000138 0.000048 0.000704 0.000025 0.000027 0.000019 0.000012 0.000003 0.000006 -0.000002 0.007420 0.000003 0.000001 0.000000 0.000879 0.000004 0.000007 0.000009 0.000009 0.000024 0.000016 0.000017 0.000017 0.000040 0.000016 0.000012 0.000009 0.000004 0.000069 0.000018 0.000012 0.000003 0.000033 0.000418
-0.000028 -0.000198 -0.000017 -0.000011 -0.000007 -0.000003 -0.000008 -0.000011 -0.000021 -0.000256 -0.000054 -0.000018 -0.000017 -0.000009 -0.000018 -0.000017 -0.000022 -0.000028 -0.000097 -0.000088 -0.000035 -0.000016 0.000002 0.000004 0.000000 0.000000 0.000003 0.000024 0.000319 0.000017 0.000012 0.000027 0.000014 0.000008 0.000002 0.000006 0.000003 0.012161 0.000000 0.000001 0.000002 0.001156 0.000000 0.000000 0.000000 0.000000 0.000003 0.000005 0.000007 0.000009 0.000022 0.000015 0.000011 0.000008 0.000004 0.000040 0.000021 0.000016 0.000006 0.000074 0.000168
-0.000158 -0.000085 -0.000016 -0.000019 -0.000009 -0.000003 -0.000010 -0.000013 -0.001115 -0.000081 0.000267 0.000457 0.000055 0.000077 -0.000475 -0.000031 -0.000055 -0.000061 -0.000082 0.000006 0.000005 0.000010 0.000004 0.000002 0.000002 0.000005 0.000016 0.000098 0.000194 0.000019 0.000015 0.000019 0.000012 0.000006 0.000002 0.000006 0.000006 0.004722 0.000000 0.000001 0.000004 0.001938 0.000018 -0.000001 -0.000002 -0.000001 0.000000 0.000000 0.000000 0.000000 0.000002 0.000007 0.000005 0.000004 0.000002 0.000005 0.000014 0.000010 0.000014 0.000144 0.000029
-0.000262 -0.000053 -0.000016 -0.000016 -0.000006 -0.000008 -0.000013 -0.001237 0.001539 0.000010 0.000012 0.000009 0.000013 0.000004 0.000478 0.017945 -0.000061 -0.000016 0.000005 0.000008 0.000012 0.000010 0.000004 0.000007 0.000008 0.000009 0.000015 0.000222 0.000028 0.000023 0.000017 0.000008 0.000011 0.000004 0.000001 0.000002 0.000003 0.001991 -0.000001 0.000001 0.000006 0.001471 0.000017 -0.000023 -0.000016 0.000025 0.000010 0.000002 -0.000001 0.000000 0.000000 0.000000 0.000000 0.000000 0.000000 0.000000 0.000003 0.000008 0.000016 0.000121 0.000026
-0.000777 -0.000549 -0.000015 -0.000012 -0.000004 -0.000009 -0.009121 0.000520 0.000013 0.000010 0.000006 0.000012 0.000008 0.000006 0.000002 0.000007 0.000126 0.000012 0.000010 0.000009 0.000009 0.000011 0.000008 0.000003 0.000009 0.000013 0.000020 0.000186 0.000023 0.000016 0.000012 0.000008 0.000004 0.000001 0.000000 0.000000 0.000000 0.002358 -0.000038 0.000000 0.000003 0.002167 0.000000 0.000000 0.000003 0.000004 0.000003 0.000001 -0.000003 -0.000001 -0.000000 -0.000000 -0.000005 -0.000004 -0.000002 -0.000001 0.000000 0.000002 0.000015 0.000064 0.000021
0.000410 0.000826 0.001564 -0.000597 -0.000510 0.001056 0.001281 0.000008 0.000013 0.000006 0.000003 0.000003 0.000002 0.000002 0.000001 0.000005 0.000101 0.000033 0.000019 0.000013 0.000008 0.000008 0.000008 0.000003 0.000008 0.000012 0.000026 0.000142 0.000021 0.000016 0.000010 0.000005 0.000001 0.000000 -0.000001 -0.000002 0.000028 0.004589 0.010575 0.000000 0.000002 0.001578 0.130027 -0.000034 0.000000 0.000000 -0.000000 -0.000000 -0.000000 -0.000005 -0.000006 -0.000008 -0.000024 -0.000014 -0.000010 -0.000006 -0.000001 0.000000 0.000010 0.000009 0.000011
0.000008 0.000003 0.000009 0.000059 0.000011 0.000008 0.000016 0.000006 0.000002 0.000001 0.000000 0.000000 0.000000 0.000000 0.000000 0.000002 0.000033 0.000023 0.000027 0.000018 0.000008 0.000008 0.000007 0.000003 0.000006 0.000010 0.000039 0.000079 0.000016 0.000013 0.000006 0.000001 0.000000 -0.000003 -0.000039 0.000180 0.000105 0.000087 0.002426 -0.000000 0.000000 0.000002 0.001308 0.268989 0.000038 -0.000007 -0.000012 -0.000016 -0.000054 -0.000101 -0.000278 -0.001005 -0.000306 -0.000021 -0.000018 -0.000008 -0.000002 0.000000 0.000000 0.000000 0.000002
0.000004 0.000002 0.000006 0.000023 0.000007 0.000003 0.000005 0.000001 0.000000 0.000000 -0.000010 -0.000005 -0.000005 -0.000002 -0.000001 0.000000 0.000000 0.000005 0.000015 0.000013 0.000010 0.000010 0.000005 0.000004 0.000002 0.000006 0.000047 0.000010 0.000008 0.000008 0.000003 0.000000 -0.000001 0.000001 0.058156 0.000008 0.000003 0.000007 0.002965 -0.000617 -0.000001 0.000001 0.000007 0.000015 0.001384 0.000863 0.000063 0.000026 0.000065 0.000146 0.000574 0.000135 0.000325 0.013505 -0.000005 -0.000002 -0.000003 -0.000002 -0.000003 -0.000001 0.000000
0.000000 0.000000 0.000000 0.000001 0.000002 0.000000 0.000000 0.000000 -0.000002 -0.000005 -0.000014 -0.000035 -0.000009 -0.000008 -0.000004 -0.000009 -0.000002 0.000000 0.000004 0.000006 0.000004 0.000006 0.000002 0.000001 0.000001 0.000002 0.000009 0.000002 0.000001 0.000003 0.000004 0.000007 0.000033 0.000124 0.000028 0.000005 0.000001 0.000003 0.000007 0.003395 -0.000002 0.000000 0.000006 0.000012 0.000020 0.000011 0.000147 0.000020 0.000010 0.000005 0.000038 0.000010 0.000003 0.000633 0.003021 -0.000007 -0.000006 -0.000008 -0.000009 -0.000004 -0.000002
