use_cases/Flooding/flood_case/output/hUy_5400.asc
ncols 269
nrows 269
xllcorner 0.000000
yllcorner 0.000000
cellsize 10.000000
NODATA_value -9999.000000
[rows 54 to 80 of 269, columns 61 to 121 of 269]
0.000010 0.000062 0.000000 0.000000 0.000000 0.000009 0.000018 0.000002 0.000008 0.000012 0.000111 0.000013 0.000003 0.000010 0.000228 0.000019 0.000033 0.000020 0.000011 0.000003 0.000010 0.000325 0.000013 0.000007 0.000109 0.000018 0.000012 0.000010 0.000006 0.000007 0.000015 0.000889 0.000013 0.000016 0.000011 0.000005 0.000009 0.000057 0.000010 -0.000003 -0.000002 -0.000004 -0.000003 0.000000 0.000008 0.000020 0.000068 0.000012 0.000005 0.000001 0.000000 0.000000 0.000002 0.000002 0.000014 0.000026 0.000057 0.000031 0.000870 -0.000070 0.000002
0.000003 0.000022 0.019239 0.000547 0.000041 0.000000 0.000004 0.000001 0.000005 0.000006 0.000060 0.000012 0.000003 0.000009 0.000199 0.000021 0.000013 0.000024 0.000011 0.000002 0.000007 0.000424 0.000027 0.000021 0.000038 0.000013 0.000009 0.000007 0.000004 0.000007 0.000008 0.000546 0.000001 0.000011 0.000010 0.000010 0.000005 0.000010 0.000011 0.003445 -0.000012 -0.000013 -0.000007 -0.000000 0.000003 0.000009 0.000006 0.000002 -0.000000 -0.000000 -0.000000 -0.000001 0.000000 0.000003 0.000010 0.000017 0.000030 0.000017 0.000039 0.006626 -0.000000
0.000002 0.000008 0.000013 0.000163 0.000076 0.000189 0.000009 0.000000 0.000001 0.000001 0.000017 0.000011 0.000002 0.000007 0.000224 0.000031 0.000015 0.000011 0.000013 0.000002 0.000008 0.000193 0.000020 0.000017 0.000035 0.000012 0.000009 0.000004 0.000004 0.000003 0.000005 0.000762 0.000000 0.000001 0.000004 0.000009 0.000009 0.000008 0.000011 0.000122 0.002453 -0.000008 -0.000009 -0.000001 0.000000 0.000000 -0.000000 -0.000000 -0.000000 -0.000001 -0.000005 -0.000011 -0.000003 0.000003 0.000005 0.000011 0.000012 0.000015 0.000034 0.000773 0.000418
0.000003 0.000006 0.000010 0.000067 0.000004 0.000039 0.007752 -0.000026 0.000000 0.000000 0.000000 0.000013 0.000001 0.000005 0.000180 0.000051 0.000018 0.000021 0.000009 0.000003 0.000010 0.000199 0.000017 0.000016 0.000025 0.000015 0.000009 0.000002 0.000003 0.000002 0.000013 0.000410 0.000095 0.000000 0.000000 0.000008 0.000010 0.000024 0.000005 0.000012 0.001623 -0.000213 -0.000013 -0.000008 -0.000006 -0.000004 -0.000002 -0.000063 -0.000043 -0.000072 -0.000026 -0.000054 0.000009 0.000003 0.000007 0.000010 0.000003 0.000009 0.000029 0.000018 0.000151
0.000003 0.000003 0.000007 0.000038 0.000006 0.000002 0.000018 0.009533 0.000307 0.000264 0.000057 0.000025 0.000000 0.000005 0.000016 0.000062 0.000016 0.000035 0.000010 0.000003 0.000015 0.000210 0.000010 0.000021 0.000008 0.000012 0.000005 0.000003 0.000007 0.000014 0.000018 0.000019 0.000289 0.000027 0.000004 0.000006 0.000023 0.000011 0.000004 0.000015 0.000017 0.013601 -0.000647 -0.000015 -0.000013 -0.000005 -0.000463 -0.000380 -0.000222 -0.000094 0.000000 0.000004 0.000010 0.000003 0.000005 0.000009 0.000001 0.000004 0.000013 0.000009 0.000088
0.000001 0.000003 0.000004 0.000012 0.000005 0.000002 0.000005 0.000025 0.000061 0.000019 0.000023 0.000069 0.000035 0.000008 0.000008 0.000018 0.000006 0.000014 0.000005 0.000002 0.000013 0.000075 0.000007 0.000012 0.000006 0.000003 0.000001 0.000005 0.000011 0.000007 0.000011 0.000014 0.000143 0.000043 0.000003 0.000005 0.000010 0.000009 0.000004 0.000021 0.000032 0.000030 0.016895 -0.001219 -0.000373 -0.000677 -0.000195 0.000009 0.000027 0.000026 0.000018 0.000010 0.000005 0.000007 0.000002 0.000000 0.000000 0.000000 0.000002 0.000004 0.000026
0.000000 0.000000 0.000000 0.000003 0.000003 0.000003 0.000002 0.000032 0.000010 0.000009 0.000002 0.000005 0.000066 0.000005 0.000006 0.000008 0.000002 0.000004 0.000002 0.000001 0.000014 0.000035 0.000007 0.000006 0.000003 0.000001 0.000000 0.000001 0.000005 0.000003 0.000010 0.000012 0.000021 0.000149 0.000011 0.000005 0.000011 0.000012 0.000004 0.000037 0.000013 0.000046 0.001022 0.014064 0.000358 0.000049 0.000030 0.000016 0.000031 0.000015 0.000019 0.000012 0.000005 0.000004 -0.000000 -0.000000 -0.000003 -0.000001 0.000000 0.000000 0.000000
-0.000000 -0.000000 0.000000 0.000000 0.000000 0.000000 0.000003 0.000009 0.000004 0.000010 0.000002 0.000004 0.000048 0.000025 0.000008 0.000013 0.000003 0.000000 0.000000 0.000002 0.000015 0.000005 0.000004 0.000003 0.000000 0.000000 -0.000000 0.000000 0.000000 0.000001 0.000010 0.000015 0.000026 0.000130 0.000019 0.000028 0.000018 0.000014 0.000004 0.000016 0.000032 0.000087 0.000169 0.000069 0.000062 0.000104 0.000048 0.000013 0.000021 0.000013 0.000011 0.000005 0.000003 0.000002 -0.000003 -0.000002 -0.000021 -0.000004 -0.000001 -0.000002 -0.000008
0.000015 0.000020 0.000010 0.000004 0.000018 0.000004 0.000003 0.000001 0.000001 0.000003 0.000002 0.000001 0.000003 0.000016 0.000005 0.000005 0.000003 0.000023 0.000006 0.000001 0.000002 0.000001 0.000001 0.000000 -0.000002 -0.000002 -0.000004 -0.000010 -0.000001 0.000000 0.000002 0.000015 0.000032 0.000097 0.000024 0.000024 0.000020 0.000011 0.000004 0.000015 0.000056 0.000114 0.000005 0.000059 0.000006 0.000129 0.000067 0.000011 0.000004 0.000002 0.000004 0.000000 0.000000 0.000000 -0.000004 -0.000007 -0.000051 -0.000007 -0.000002 -0.000008 -0.000016
0.000005 0.000003 0.000001 0.000002 0.000006 0.000004 0.000003 0.000000 0.000000 0.000000 0.000000 0.000000 0.000000 0.000000 0.000000 0.000000 0.000000 0.000003 0.000001 0.000000 0.000000 0.000000 0.000000 -0.000005 -0.000004 -0.000008 -0.000036 -0.000013 -0.000003 -0.000000 0.000000 0.000009 0.000035 0.000029 0.000025 0.000021 0.000012 0.000008 0.000003 0.000009 0.000072 0.000030 0.000004 0.000031 0.000006 0.000009 0.000072 0.000004 0.000000 0.000000 0.000002 -0.000000 -0.000000 -0.000004 -0.000022 -0.000004 -0.000069 -0.000011 -0.000007 -0.000018 -0.000007
0.000006 0.000001 0.000002 0.000001 0.000001 0.000003 0.000001 -0.000000 -0.000002 -0.000005 -0.000002 -0.000006 -0.000003 -0.000002 -0.000002 -0.000001 0.000000 -0.000000 -0.000000 -0.000000 -0.000001 -0.000002 -0.000005 -0.000008 -0.000006 -0.000010 -0.000092 -0.000022 -0.000008 -0.000001 -0.000000 0.000000 0.000006 0.000012 0.000008 0.000008 0.000004 0.000003 0.000001 0.000004 0.000018 0.000037 0.000003 0.000007 0.000005 0.000003 0.000012 0.000000 0.000000 0.000005 0.000001 -0.000000 -0.000001 -0.000008 -0.000073 -0.000036 -0.006299 -0.000025 -0.000005 -0.000048 -0.000005
0.000003 0.000007 0.000001 0.000000 0.000000 0.000000 0.000000 -0.000002 -0.000005 -0.000009 -0.000029 -0.000009 -0.000016 -0.000007 -0.000004 -0.000002 -0.000001 -0.000001 -0.000001 -0.000002 -0.000004 -0.000009 -0.000007 -0.000007 -0.000008 -0.000010 -0.000119 -0.000008 -0.000002 0.000007 0.000012 0.000001 0.000001 0.000000 0.000000 0.000001 0.000000 0.000000 0.000000 0.000000 0.000018 0.000005 0.000001 0.000001 0.000000 0.000000 -0.000000 -0.000001 0.000000 0.000001 0.000000 0.000000 -0.000004 -0.000111 -0.000036 0.000000 0.000001 -0.000003 -0.000040 -0.000026 -0.000004
0.000001 0.000002 0.000000 -0.000000 -0.000001 -0.000001 -0.000000 -0.000003 -0.000006 -0.000012 -0.000070 -0.000015 -0.000034 -0.000012 -0.000005 -0.000002 -0.000003 -0.000003 -0.000001 -0.000004 -0.000007 -0.000011 -0.000035 -0.000004 -0.000011 -0.000257 -0.000028 0.000013 0.000007 0.000003 0.000004 0.000001 -0.000000 -0.000000 -0.000001 -0.000000 -0.000001 -0.000013 -0.000003 0.000008 0.000004 0.000001 0.000000 0.000000 -0.000002 -0.000005 -0.000067 0.000006 0.000005 0.000001 -0.000001 -0.000004 -0.000011 -0.014640 -0.000000 -0.000000 0.000000 -0.000001 -0.000031 -0.000113 -0.000003
-0.000000 -0.000000 -0.000000 -0.000000 -0.000006 -0.000003 -0.000001 -0.000004 -0.000007 -0.000013 -0.000167 -0.000047 -0.000004 0.000010 0.000001 -0.000002 -0.000004 -0.000003 -0.000004 -0.000007 -0.000009 -0.000042 -0.000017 -0.000002 -0.000007 -0.001108 0.000001 0.000001 0.000001 0.000002 0.000000 -0.000000 -0.000002 -0.000008 -0.000009 -0.000002 -0.000087 -0.000038 -0.000005 0.000001 0.000000 0.000000 -0.000001 -0.000003 -0.000009 -0.000165 -0.000034 0.000003 0.000002 -0.000000 -0.000002 -0.000011 -0.000063 -0.000000 -0.000002 -0.000008 -0.000003 0.000000 0.000000 -0.000067 -0.000034
-0.000001 -0.000001 -0.000001 -0.000001 -0.000019 -0.000005 -0.000002 -0.000005 -0.000009 -0.000297 -0.001522 0.000000 0.000001 0.000004 0.000001 -0.000004 -0.000004 -0.000006 -0.000013 -0.000008 -0.000041 -0.000059 -0.000007 -0.000007 -0.000287 -0.000027 0.000000 0.000000 -0.000000 -0.000000 -0.000000 -0.000002 -0.000023 -0.000021 -0.000028 -0.000040 -0.000073 0.000000 0.000000 0.000000 0.000000 -0.000002 -0.000003 -0.000006 -0.000011 -0.000246 -0.000009 0.000002 -0.000000 -0.000001 -0.000005 -0.000019 -0.000077 -0.000002 -0.000038 -0.000014 -0.000009 -0.000001 -0.000002 -0.000015 -0.000045
-0.000004 -0.000004 -0.000003 -0.000003 -0.000016 -0.000020 -0.000007 -0.000009 -0.000094 -0.001131 0.000001 0.000001 0.000000 0.000000 -0.000000 -0.000002 -0.000005 -0.000011 -0.000016 -0.000082 -0.000041 -0.000016 -0.000003 -0.000499 -0.000107 -0.000000 -0.000001 -0.000001 -0.000001 -0.000007 -0.000008 -0.000034 -0.000030 -0.000018 -0.000012 -0.000130 -0.000033 -0.000002 -0.000006 -0.000005 -0.000008 -0.000003 -0.000006 -0.000010 -0.000013 -0.000233 -0.000001 0.000001 -0.000000 -0.000005 -0.000010 -0.000016 -0.000106 -0.000004 -0.000081 -0.000015 -0.000011 -0.000003 -0.000013 -0.000010 -0.000028
-0.000008 -0.000003 -0.000006 -0.000034 -0.000017 -0.000009 -0.000012 -0.000014 -0.000473 -0.000010 0.000000 0.000000 -0.000000 -0.000000 -0.000000 -0.000003 -0.000005 -0.000011 -0.000083 -0.000048 -0.000015 -0.000006 -0.000007 -0.000386 -0.000016 -0.000003 -0.000004 -0.000007 -0.000009 -0.000014 -0.000055 -0.000053 -0.000004 -0.000003 -0.000006 -0.000168 -0.000029 -0.000012 -0.000006 -0.000041 -0.000016 -0.000004 -0.000011 -0.000016 -0.000425 -0.000018 -0.000000 -0.000000 -0.000002 -0.000009 -0.000017 -0.000015 -0.000208 -0.000027 -0.000042 -0.000015 -0.000013 -0.000005 -0.000040 -0.000009 -0.000038
-0.000006 -0.000002 -0.000007 -0.000025 -0.000056 -0.000006 -0.000013 -0.000243 -0.000241 -0.000010 -0.000001 -0.000002 -0.000001 -0.000001 -0.000001 -0.000006 -0.000012 -0.000012 -0.000398 -0.000030 -0.000012 -0.000004 -0.000240 -0.000149 -0.000027 -0.000049 -0.000012 -0.000064 -0.000034 -0.000020 -0.000001 -0.000000 -0.000003 -0.000006 -0.000004 -0.000082 -0.000205 -0.000016 -0.000007 -0.000080 -0.000019 -0.000005 -0.000017 -0.000024 -0.000400 -0.000000 -0.000002 -0.000002 -0.000007 -0.000021 -0.000017 -0.000009 -0.001860 -0.000062 -0.000005 -0.000010 -0.000008 -0.000011 -0.000092 -0.000007 -0.000106
-0.000003 -0.000008 -0.000016 -0.000028 -0.000088 -0.000031 -0.000140 -0.009767 -0.000157 -0.000019 -0.000011 -0.000006 -0.000003 -0.000003 -0.000001 -0.000006 -0.000010 -0.002638 -0.003247 -0.000238 -0.001459 -0.000838 -0.000070 0.000130 0.000028 0.000004 0.000002 0.000002 0.000001 -0.000000 -0.000000 -0.000003 -0.000009 -0.000006 -0.000009 -0.000040 -0.000178 -0.000019 -0.000046 -0.000047 -0.000015 -0.000005 -0.000015 -0.000025 -0.000427 -0.000000 -0.000004 -0.000004 -0.000012 -0.000039 -0.000022 -0.000016 -0.000169 0.000001 -0.000000 -0.000003 -0.000011 -0.000015 -0.000071 -0.000135 -0.000056
-0.000002 -0.000007 -0.000022 -0.000014 -0.000048 -0.005221 -0.000182 0.001115 0.001747 -0.000613 -0.000013 -0.000005 -0.000007 -0.000004 -0.000002 -0.000005 -0.000813 -0.007240 0.000016 0.000010 0.000026 0.000017 0.000010 0.000007 0.000006 0.000003 0.000001 -0.000000 -0.000000 -0.000001 -0.000001 -0.000026 -0.000016 -0.000005 -0.000010 -0.000023 -0.000300 -0.000117 -0.000072 -0.000027 -0.000012 -0.000005 -0.000013 -0.000239 -0.000077 -0.000000 -0.000009 -0.000005 -0.000010 -0.000027 -0.000025 -0.000249 0.000015 -0.000000 -0.000000 -0.000003 -0.000021 -0.000016 -0.000297 -0.000016 -0.000007
-0.000004 -0.000008 -0.000023 -0.000012 -0.003065 0.004646 0.000030 0.000008 0.000002 0.003305 -0.000010 -0.000003 -0.000005 -0.000003 -0.000005 -0.000008 -0.000901 -0.000027 0.000000 0.000011 0.000011 0.000025 0.000016 0.000009 0.000005 0.000003 0.000000 -0.000001 -0.000011 -0.000004 -0.000002 -0.000020 -0.000032 -0.000011 -0.000012 -0.000016 -0.000479 0.000000 -0.000000 -0.000000 -0.000007 -0.000004 -0.000013 -0.000329 -0.000026 -0.000002 -0.000008 -0.000005 -0.000010 -0.000016 -0.000165 -0.000020 0.000000 -0.000016 -0.000005 -0.000026 -0.000011 -0.000214 -0.000148 0.000000 -0.000010
-0.000007 -0.000452 -0.006499 0.000269 0.000511 0.000015 0.000012 0.000009 0.000002 0.001368 -0.000422 -0.000007 -0.000006 -0.000002 -0.000007 -0.002616 0.000106 0.000079 0.000010 0.000020 0.000012 0.000010 0.000019 0.000012 0.000006 0.000004 -0.000000 -0.000003 -0.000037 -0.000007 -0.000002 -0.000015 -0.000023 -0.000049 -0.000007 -0.000393 -0.000047 -0.000000 -0.000001 -0.000003 -0.000004 -0.000009 -0.000011 -0.000686 -0.000015 -0.000008 -0.000005 -0.000010 -0.000013 -0.000014 -0.001066 -0.000000 -0.000002 -0.000016 -0.000017 -0.000333 -0.000295 -0.000136 -0.000018 -0.000002 -0.002024
-0.009276 0.006469 0.000013 0.000031 0.000024 0.000013 0.000008 0.000010 0.000002 0.000007 0.005810 -0.000798 -0.000276 -0.000618 -0.015985 0.002965 0.000009 0.000012 0.000009 0.000011 0.000009 0.000008 0.000006 0.000011 0.000004 0.000001 -0.000001 -0.000004 -0.000023 -0.000051 -0.000008 -0.000007 -0.000024 -0.000085 -0.000004 -0.000426 -0.000064 -0.000004 -0.000011 -0.000006 -0.000003 -0.000008 -0.000013 -0.000554 -0.000011 -0.000014 -0.000022 -0.000006 -0.000011 -0.000113 -0.000005 -0.000001 -0.000005 -0.000012 -0.000365 -0.000084 0.000001 -0.000000 -0.000006 -0.000012 -0.001937
0.000011 0.000034 0.000017 0.000010 0.000028 0.000015 0.000014 0.000006 0.000004 0.000010 0.000015 0.002457 0.001165 0.000576 0.000200 0.000019 0.000012 0.000010 0.000007 0.000006 0.000005 0.000004 0.000002 0.000004 0.000001 0.000001 -0.000002 -0.000002 0.000002 -0.000307 -0.000175 -0.000004 -0.000016 -0.000071 -0.000019 -0.000393 -0.000043 -0.000010 -0.000022 -0.000009 -0.000008 -0.000003 -0.000007 -0.000381 -0.000013 -0.000013 -0.000012 -0.000005 -0.000009 -0.000163 -0.000005 -0.000002 -0.000009 -0.000016 -0.000418 -0.000000 -0.000000 -0.000000 -0.000002 -0.000015 -0.001597
0.000007 0.000023 0.000015 0.000013 0.000023 0.000013 0.000022 0.000004 0.000009 0.000016 0.000018 0.000035 0.000085 0.000012 0.000009 0.000007 0.000003 0.000006 0.000003 0.000002 0.000001 0.000001 0.000000 0.000000 0.000000 0.000000 0.000000 0.000001 0.000003 0.000001 -0.000029 -0.000333 -0.000114 -0.000104 -0.000385 -0.000186 -0.000024 -0.000013 -0.000023 -0.000011 -0.000007 -0.000002 -0.000005 -0.000393 -0.000602 -0.000013 -0.000009 -0.000004 -0.000010 -0.000351 -0.000010 -0.000002 -0.000006 -0.000200 -0.000074 -0.000002 -0.000003 -0.000002 -0.000001 0.000000 -0.001130
0.000001 0.000007 0.000011 0.000017 0.000011 0.000010 0.000008 0.000004 0.000006 0.000008 0.000011 0.000014 0.000054 0.000006 0.000003 0.000001 0.000001 0.000001 0.000001 0.000001 0.000000 0.000000 -0.000001 -0.000002 -0.000001 -0.000000 -0.000000 -0.000000 -0.000000 -0.000000 0.000001 0.000001 -0.000060 -0.000118 -0.001265 -0.000062 -0.000033 -0.000014 -0.000015 -0.000010 -0.000008 -0.000006 -0.000003 -0.000000 -0.000874 -0.000016 -0.000010 -0.000003 -0.000008 -0.000296 -0.000011 -0.000002 -0.000005 -0.000327 -0.000036 -0.000006 -0.000006 -0.000003 -0.000000 -0.000000 -0.000225
0.000000 0.000000 0.000001 0.000005 0.000005 0.000007 0.000007 0.000006 0.000002 0.000004 0.000007 0.000008 0.000016 0.000002 0.000000 0.000000 0.000000 -0.000000 -0.000000 -0.000000 -0.000000 -0.000001 -0.000007 -0.000004 -0.000005 -0.000006 -0.000005 -0.000001 -0.000002 -0.000000 -0.000000 0.000000 0.000000 -0.000010 -0.006417 -0.000005 0.000053 -0.000003 -0.000010 -0.000005 -0.000032 -0.000009 -0.000003 -0.000003 -0.000235 -0.000399 -0.000010 -0.000003 -0.000009 -0.000254 -0.000007 -0.000009 -0.000031 -0.015465 -0.000032 -0.000010 -0.000009 -0.000006 -0.000001 -0.000001 -0.000030
