use_cases/Flooding/flood_case/output/hUy_4500.asc
ncols 269
nrows 269
xllcorner 0.000000
yllcorner 0.000000
cellsize 10.000000
NODATA_value -9999.000000
[rows 162 to 188 of 269, columns 61 to 121 of 269]
-0.000006 -0.000001 -0.000007 -0.320011 -0.186257 -0.162240 -0.110454 -0.104540 0.017540 0.302417 0.649136 -0.000007 -0.000008 -0.000010 -0.000027 -0.000019 -0.000017 -0.000029 -0.000013 -0.000006 -0.000009 -0.000094 -0.000088 -0.000013 -0.000006 -0.000016 -0.000067 -0.000012 -0.000009 -0.000466 -0.001103 -0.000015 0.000426 0.000000 0.000000 0.000006 0.000534 -0.000347 -0.000062 -0.000033 0.000010 0.000016 0.000011 0.000008 0.000006 0.000014 0.000031 0.000046 0.000078 0.000285 0.000009 0.000024 0.000169 0.000009 0.000006 0.000007 0.000013 0.000019 0.000025 0.000027 0.000029
-0.623866 -0.409053 -0.863448 -0.551203 -0.319870 -0.270886 -0.212002 -0.170957 -0.028194 0.307178 0.696507 0.735275 0.731427 0.769194 1.225560 -0.000024 -0.000031 -0.000028 -0.000017 -0.000005 -0.000011 -0.000449 -0.000349 -0.000359 -0.001117 -0.000991 0.000193 0.000174 0.000286 0.000191 0.000026 0.000039 0.000064 0.000127 0.000015 0.000007 0.000004 0.000639 -0.000156 0.000001 0.000003 0.000004 0.000004 0.000002 0.000006 0.000018 0.000022 0.000016 0.000094 0.000143 0.000012 0.000036 0.000265 0.000033 0.000000 0.000006 0.000004 0.000020 0.000033 0.000027 0.000043
-1.391860 -0.950913 -1.392448 -0.621152 -0.381395 -0.356824 -0.222401 -0.178898 -0.039745 0.227627 0.564331 0.747532 0.802989 0.610296 1.585412 1.031064 1.057571 -0.000025 -0.000008 -0.000009 -0.015409 0.000350 0.000166 0.000323 0.000017 0.000027 0.000022 0.000024 0.000028 0.000070 0.000027 0.000014 0.000010 0.000071 0.000030 0.000032 0.000006 0.000023 0.000524 0.000000 0.000000 0.000000 0.000000 0.000000 0.000006 0.000022 0.000011 0.000016 0.000126 0.000018 0.000017 0.000062 0.000168 0.000082 0.000043 0.000000 0.000003 0.000016 0.000017 0.000028 0.000026
-1.436638 -0.978966 -1.376774 -0.515714 -0.344268 -0.287850 -0.175174 -0.116157 0.001799 0.195877 0.457772 0.906695 0.788306 1.173051 2.249163 1.075760 1.134118 -0.000010 -0.000861 -0.000372 0.000233 0.000008 0.000009 0.000012 0.000011 0.000032 0.000015 0.000013 0.000006 0.000088 0.000041 0.000017 0.000022 0.000027 0.000022 0.000039 0.000007 0.000029 0.000774 0.000063 -0.000001 -0.000001 -0.000003 0.000000 0.000006 0.000004 0.000004 0.000012 0.000064 0.000004 0.000043 0.000075 0.000015 0.000006 0.000083 0.000015 0.000002 0.000005 0.000012 0.000012 0.000014
-1.327774 -1.010190 -1.433138 0.000009 0.000019 0.000007 0.000002 0.000075 0.000010 0.000008 0.000006 0.700741 0.668213 1.302312 2.877255 2.519909 2.870431 -0.000438 -0.000112 0.000002 0.000006 0.000002 0.000002 0.000003 0.000005 0.000019 0.000009 0.000008 0.000008 0.000008 0.000069 0.000026 0.000024 0.000022 0.000017 0.000027 0.000006 0.000035 0.000020 0.000526 0.000013 -0.000003 -0.000005 0.000000 0.000000 0.000000 0.000004 0.000008 0.000028 0.000005 0.000065 0.000005 0.000005 0.000002 0.000030 0.000006 0.000001 0.000000 0.000001 0.000007 0.000015
-1.186234 0.000209 0.000032 0.000011 0.000017 0.000005 0.000001 0.000061 0.000008 0.000004 0.000009 0.000012 0.000043 0.000021 2.674280 2.866153 3.154158 1.485924 0.000000 0.000000 0.000001 0.000000 0.000000 0.000000 0.000000 0.000001 0.000001 0.000001 0.000002 0.000011 0.000018 0.000015 0.000010 0.000011 0.000014 0.000013 0.000005 0.000027 0.000014 0.000296 0.000113 -0.000002 -0.000005 -0.000002 -0.000002 -0.000001 0.000000 0.000001 0.000004 0.000005 0.000016 0.000000 0.000000 0.000000 0.000000 0.000000 0.000000 -0.000008 0.000000 0.000001 0.000009
0.000005 0.000400 0.000033 0.000016 0.000019 0.000003 0.000003 0.000056 0.000006 0.000005 0.000002 0.000006 0.000038 0.000013 1.808192 2.674106 3.304720 1.867736 -0.000000 -0.000000 -0.000000 -0.000000 -0.000000 -0.000000 0.000000 0.000000 0.000000 0.000000 0.000000 0.000000 0.000001 0.000001 0.000000 0.000002 0.000008 0.000010 0.000005 0.000013 0.000007 0.000023 0.000350 0.000007 -0.000001 -0.000007 -0.000016 -0.000002 -0.000000 0.000000 0.000000 0.000000 0.000000 -0.000006 -0.000002 -0.000004 -0.000000 -0.000002 -0.000007 -0.000044 -0.000002 0.000000 0.000000
0.000006 0.000319 0.000019 0.000018 0.000006 0.000002 0.000005 0.000008 0.000001 0.000001 0.000001 0.000003 0.000036 0.000003 0.962104 2.090933 3.116839 2.345315 -0.000000 -0.000002 -0.000002 -0.000001 -0.000001 -0.000003 -0.000002 -0.000002 -0.000004 -0.000002 -0.000001 -0.000002 -0.000000 -0.000000 -0.000000 0.000001 0.000003 0.000003 0.000004 0.000001 0.000000 0.000023 0.000075 0.000030 0.000008 -0.000000 -0.000000 -0.000000 -0.000003 -0.000006 -0.000001 -0.000003 -0.000004 -0.000035 -0.000007 -0.000004 -0.000004 -0.000010 -0.000018 -0.000102 -0.000006 -0.000002 0.000000
0.000001 0.000248 0.000008 0.000033 0.000006 0.000002 0.000005 0.000000 0.000000 0.000000 0.000000 0.000001 0.000017 0.000006 0.640340 1.888634 3.007157 2.462211 1.320409 -0.000005 -0.000012 -0.000006 -0.000006 -0.000024 -0.000008 -0.000003 -0.000011 -0.000008 -0.000005 -0.000017 -0.000010 -0.000009 -0.000000 0.000000 0.000000 0.000000 0.000001 0.000000 0.000000 0.000018 0.000002 0.000073 0.000013 -0.000000 -0.000000 -0.000002 -0.000025 -0.000009 -0.000003 -0.000008 -0.000012 -0.000079 -0.000008 -0.000003 -0.000008 -0.000014 -0.000023 -0.000213 -0.000012 -0.000008 -0.000004
0.000000 0.000161 0.000002 0.000037 0.000007 0.000003 0.000007 0.001218 -0.000003 -0.000003 -0.000002 0.000000 0.000003 0.000014 0.000007 1.724271 2.702362 2.287221 1.375338 1.346140 -0.000007 -0.000017 -0.000009 -0.000031 -0.000011 -0.000004 -0.000025 -0.000011 -0.000031 -0.000029 -0.000023 -0.000013 -0.000000 -0.000000 -0.000001 -0.000000 0.000000 -0.000001 -0.000000 0.000000 0.000000 0.000011 0.000003 0.000000 -0.000007 -0.000047 -0.000020 -0.000010 -0.000004 -0.000011 -0.000094 -0.000049 -0.000011 -0.000004 -0.000011 -0.000012 -0.000024 -0.000284 -0.000015 -0.000023 -0.000009
0.000003 0.000219 0.000000 0.000002 0.000002 0.000002 0.000006 0.000007 -0.000192 -0.000007 -0.000004 0.000000 0.000001 0.000004 0.000004 0.967299 2.113995 1.950393 1.313204 1.250258 0.903430 1.585667 -0.000014 -0.000022 -0.000006 -0.000000 -0.000009 -0.000080 -0.000048 -0.000017 -0.000006 -0.000016 -0.000004 -0.000012 -0.000009 -0.000007 -0.000003 -0.000027 -0.000005 -0.000000 0.000000 0.000000 0.000000 -0.000002 -0.000076 -0.000042 -0.000015 -0.000007 -0.000011 -0.000017 -0.000182 -0.000027 -0.000009 -0.000003 -0.000011 -0.000016 -0.000017 -0.000331 -0.000029 -0.000057 -0.000012
0.000082 0.000312 -0.000002 0.000000 0.000000 0.000001 0.000002 0.000001 0.000095 -0.000333 -0.000005 -0.000001 0.000000 0.000002 0.000001 0.535027 1.274230 1.290849 1.049097 1.266717 0.767239 2.197670 2.313792 -0.000029 -0.000010 -0.000005 -0.000003 -0.000220 -0.000024 -0.000007 -0.000007 -0.000013 -0.000023 -0.000025 -0.000025 -0.000028 -0.000054 -0.000046 -0.000008 -0.000010 -0.000003 -0.000002 -0.000004 -0.000009 -0.000166 -0.000016 -0.000005 -0.000011 -0.000017 -0.000305 0.000039 0.000002 -0.000004 -0.000008 -0.000015 -0.000026 -0.000023 -0.000584 -0.000012 0.000001 0.000000
0.000002 0.000027 0.003156 0.000006 -0.000001 0.000000 0.000000 0.000000 0.000032 0.000713 -0.000005 -0.000002 0.000000 0.000000 0.000000 0.000000 0.727228 0.803271 0.823086 1.280524 0.973338 2.178860 2.282567 2.060945 -0.000015 -0.000011 -0.000004 -0.000197 -0.000017 -0.000014 -0.000020 -0.000023 -0.000043 -0.000042 -0.000048 -0.000065 -0.000039 -0.000000 -0.000007 -0.000047 -0.000009 -0.000004 -0.000011 -0.000020 -0.000247 -0.000010 -0.000003 -0.000011 -0.000427 0.000014 0.000006 0.000002 -0.000011 -0.000018 -0.000016 -0.000038 -0.000031 -0.000456 0.000000 0.000000 -0.000004
0.000003 0.000008 0.000012 0.000364 0.000000 -0.000000 -0.000001 0.000949 0.000075 0.000042 0.001004 -0.000004 -0.000004 -0.000001 -0.000000 0.000000 0.000011 0.000019 0.000013 1.122893 1.050772 2.287932 2.334608 2.108990 1.604079 -0.000010 -0.000003 -0.000213 -0.000028 -0.000041 -0.000024 -0.000033 -0.000023 -0.000033 -0.000064 -0.000022 -0.000000 -0.000003 -0.000014 -0.000111 -0.000017 -0.000006 -0.000017 -0.000211 -0.000017 -0.000005 -0.000011 -0.000019 0.003374 0.000011 0.000008 0.000002 0.000000 -0.000001 -0.000019 -0.000050 -0.000444 -0.000163 -0.000003 -0.000003 -0.000012
0.000003 0.000010 0.000015 0.000083 0.000010 0.000005 -0.000007 0.000129 0.000003 0.000010 0.000011 -0.002527 -0.000006 -0.000004 -0.000001 -0.000000 0.000005 0.000002 0.000009 0.000023 0.000008 2.005575 2.314167 1.933618 1.663842 1.564037 -0.000084 -0.000227 -0.000009 -0.000000 -0.000006 -0.000040 -0.000022 -0.000064 -0.000022 -0.000013 -0.000007 -0.000006 -0.000018 -0.000154 -0.000020 -0.000007 -0.000018 -0.000217 -0.000035 -0.000007 -0.000090 0.000015 0.000012 0.000009 0.000006 0.000002 -0.000002 0.000002 0.000004 0.000007 0.000120 -0.000743 -0.000012 -0.000006 -0.042260
0.000003 0.000008 0.000017 0.000054 0.000008 0.000011 0.000042 0.000065 0.000003 0.000013 0.000007 0.000387 -0.000010 -0.000011 -0.000002 -0.000001 0.000000 0.000000 0.000004 0.000013 0.000000 1.357516 1.861413 1.802346 1.838331 1.861549 1.465188 -0.000087 -0.000000 -0.000006 -0.000006 -0.000152 -0.000039 -0.000068 -0.000020 -0.000019 -0.000015 -0.000006 -0.000018 -0.000208 -0.000110 -0.000467 -0.000080 0.000766 0.000137 0.000004 0.000088 0.000019 0.000007 0.000004 0.000002 0.000001 -0.000004 -0.000000 -0.000000 0.000003 0.000003 -0.000724 -0.000043 -0.000104 0.000009
0.000005 0.000009 0.000022 0.000029 0.000012 0.000016 0.000084 0.000003 0.000007 0.000009 0.000007 0.000473 0.000036 -0.000000 -0.000008 -0.000002 0.000000 0.000001 0.000014 0.000011 0.000011 0.000036 1.567075 1.596820 1.873663 2.331127 1.861288 1.327169 -0.000004 -0.000003 -0.000008 -0.000154 -0.000041 -0.000061 -0.000015 -0.000017 -0.000008 -0.000009 -0.030629 0.001502 0.000281 0.000242 0.000020 0.000022 0.000017 0.000028 0.000016 0.000008 0.000002 0.000001 0.000000 0.000000 -0.000005 -0.000026 -0.000002 -0.000000 -0.000000 -0.000042 -0.008380 0.000009 0.000009
0.000008 0.000008 0.000028 0.000012 0.000018 0.000022 0.000064 0.000004 0.000006 0.000005 0.000000 0.000054 0.000132 0.000003 -0.000000 -0.000001 0.000000 0.000003 0.000009 0.000004 0.000006 0.000069 0.000062 1.395870 1.653038 2.523759 2.111280 1.521732 -0.000008 -0.000003 -0.000008 -0.000153 -0.000032 -0.000026 -0.000016 -0.000011 -0.000003 -0.001204 0.000312 0.000015 0.000015 0.000019 0.000014 0.000007 0.000006 0.000006 0.000002 0.000000 -0.000000 -0.000000 -0.000002 -0.000004 -0.000008 -0.000087 -0.000009 -0.000003 -0.000006 -0.000060 0.000006 0.000005 0.000003
0.000007 0.000019 0.000024 0.000017 0.000024 0.000026 0.000025 0.000005 0.000003 0.000000 0.000000 0.000176 0.000024 0.000011 0.000007 0.000002 0.000001 0.000004 0.000005 0.000005 0.000006 0.000186 0.000001 0.000019 1.587069 2.882064 2.378894 2.164836 0.869671 -0.000375 -0.000248 0.000252 0.000188 0.000124 0.000016 -0.000012 0.000005 0.000003 0.000003 0.000005 0.000003 0.000008 0.000003 0.000000 0.000000 0.000000 0.000000 -0.000000 -0.000003 -0.000004 -0.000003 -0.000008 -0.000010 -0.000056 -0.000069 -0.000020 -0.000038 -0.000875 0.000000 -0.000000 -0.000000
0.000012 0.000025 0.000017 0.000036 0.000012 0.000013 0.000002 0.000000 0.000000 0.000044 0.000007 0.000487 0.000026 0.000015 0.000009 0.000004 0.000001 0.000003 0.000002 0.000002 0.000012 0.000154 0.000000 0.000030 0.000041 3.038864 2.305344 2.238410 0.977327 0.000003 0.000012 0.000011 0.000008 0.000004 0.000045 0.000011 0.000003 0.000000 0.000000 0.000000 0.000000 -0.000000 -0.000000 -0.000001 -0.000004 -0.000002 -0.000005 -0.000032 -0.000007 -0.000004 -0.000010 -0.000010 -0.000000 -0.000012 -0.000079 -0.000068 -0.000136 -0.000004 -0.000002 -0.000007 -0.000005
0.000027 0.000024 0.000026 0.000024 0.000002 0.000000 0.000000 -0.000000 0.000048 0.000046 0.000003 0.000155 0.000019 0.000038 0.000005 0.000004 0.000002 0.000004 0.000000 0.000000 0.000015 0.000194 0.000188 0.000122 0.000043 2.716612 2.422905 2.296476 1.162717 0.000001 0.000002 0.000006 0.000005 0.000004 0.000012 0.000012 0.000004 0.000000 -0.000001 -0.000005 -0.000006 -0.000009 -0.000018 -0.000012 -0.000009 -0.000004 -0.000011 -0.000083 -0.000007 -0.000002 -0.000008 -0.000011 -0.000004 -0.000000 -0.000002 -0.000027 -0.002377 0.000288 -0.000154 -0.001140 -0.000898
0.000021 0.000013 0.000009 0.000003 0.000000 0.000000 0.000003 0.000241 0.000063 0.000011 0.000000 0.000144 0.000021 0.000063 0.000005 0.000002 0.000004 0.000008 0.000002 0.000025 0.000043 0.000178 0.000146 0.000003 0.000004 2.432097 2.331149 2.491961 1.414053 0.000000 0.000000 0.000001 0.000000 0.000000 0.000000 0.000000 0.000001 -0.000000 -0.000004 -0.000011 -0.000006 -0.000052 -0.000025 -0.000019 -0.000007 -0.000013 -0.000133 -0.000036 -0.000006 -0.000003 -0.000008 -0.000012 -0.000012 -0.000005 -0.000011 -0.001146 -0.000077 0.000015 0.000083 0.000106 0.000000
0.000009 0.000000 0.000000 0.000000 -0.000001 0.000010 0.000106 0.000002 0.000001 0.000000 0.000124 0.000060 0.000011 0.000119 0.000007 0.000002 0.000007 0.000005 0.000005 0.000034 0.000026 0.000381 0.000002 0.000004 0.000005 1.912071 2.228917 2.625749 1.807620 -0.000001 -0.000000 0.000000 0.000000 -0.000005 -0.000000 -0.000000 -0.000000 -0.000001 -0.000009 -0.000029 -0.000024 -0.000025 -0.000024 -0.000016 -0.000007 -0.000017 -0.000184 -0.000014 -0.000004 -0.000003 -0.000010 -0.000017 -0.000020 -0.000013 -0.000528 -0.001005 0.000002 0.000000 0.000006 0.000516 0.000143
0.000004 -0.000001 -0.000003 -0.000002 0.000012 0.000078 0.000004 0.000000 0.000000 -0.000004 0.000407 0.000015 0.000027 0.000044 0.000005 0.000002 0.000004 0.000005 0.000012 0.000041 0.000013 0.000145 0.000002 0.000001 0.000002 1.485878 2.010614 2.638348 2.365617 1.863269 -0.000002 -0.000002 -0.000001 -0.000023 -0.000004 -0.000009 -0.000005 -0.000004 -0.000089 -0.000062 -0.000030 -0.000009 -0.000016 -0.000009 -0.000014 -0.000174 -0.000045 -0.000012 -0.000010 -0.000003 -0.000015 -0.000024 -0.000024 -0.000016 -0.009761 0.000155 0.000006 0.000004 0.000011 0.000006 0.000459
0.000001 -0.000003 -0.000007 0.000082 0.000045 0.000025 0.000008 -0.000000 -0.000002 0.005599 0.000462 0.000002 0.000094 0.000020 0.000005 0.000002 0.000005 0.000005 0.000018 0.000039 0.000010 0.000110 0.000000 0.000000 0.000000 0.000011 1.702260 2.704321 2.436604 1.991686 1.488176 -0.000002 -0.000004 -0.000060 -0.000012 -0.000014 -0.000005 -0.000010 -0.000165 -0.000031 -0.000000 -0.000017 -0.000018 -0.000006 -0.000013 -0.000193 -0.000014 -0.000014 -0.000007 -0.000011 -0.000019 -0.000022 -0.000241 -0.000060 0.000132 0.000020 0.000006 0.000003 0.000010 0.000005 0.000218
-0.000000 -0.000003 0.002242 0.000013 0.000007 0.000011 0.000002 -0.000000 -0.000074 0.002122 0.000008 0.000004 0.000044 0.000034 0.000006 0.000002 0.000007 0.000007 0.000019 0.000017 0.000033 0.000232 0.000001 -0.000002 0.000003 0.000030 0.000019 1.757195 2.297713 2.506208 1.786937 1.233646 -0.000024 -0.000070 -0.000016 -0.000009 -0.000010 -0.000116 -0.000086 -0.000022 -0.000008 -0.000028 -0.000014 -0.000004 -0.000296 -0.000064 -0.000008 -0.000010 -0.000006 -0.000015 -0.000014 -0.011928 0.000094 0.000020 0.000018 0.000038 0.000009 0.000001 0.000012 0.000008 0.000011
0.000020 0.017639 0.000013 0.000006 0.000005 0.000002 0.000000 0.000000 0.000045 0.000379 0.000012 0.000009 0.000002 0.000044 0.000009 0.000004 0.000007 0.000006 0.000007 0.000038 0.000038 0.000054 0.000002 0.000003 0.000010 0.000012 0.000019 1.163924 1.925423 2.623829 2.127037 1.561987 -0.000037 -0.000048 -0.000013 -0.000005 -0.000008 0.005281 0.000217 -0.000021 -0.000021 -0.000026 -0.000011 -0.000003 -0.000275 -0.000023 -0.000008 -0.000013 -0.000006 -0.000012 -0.001452 0.000003 0.000007 0.000010 0.000011 0.000035 0.000017 0.000025 0.000016 0.000012 0.000005
