use_cases/Flooding/flood_case/output/hUy_2700.asc
ncols 269
nrows 269
xllcorner 0.000000
yllcorner 0.000000
cellsize 10.000000
NODATA_value -9999.000000
[rows 189 to 215 of 269, columns 124 to 185 of 269]
0.000000 0.000000 0.000000 0.000000 0.000000 0.000000 0.000000 0.000000 0.000000 0.000000 -0.000165 -0.000143 -0.000016 -0.000007 -0.000023 -0.000019 -0.000005 -0.000000 -0.000000 -0.000043 -0.018352 -0.000424 0.003860 0.001925 0.000439 0.000007 0.000009 0.000021 0.000017 0.000005 0.000009 0.000013 0.000101 0.000013 0.000052 0.000319 0.000026 -0.000004 -0.000002 0.000000 0.000001 0.000003 0.000017 0.000011 0.000009 0.000003 0.000008 0.000000 -0.000001 0.000746 0.000073 0.000053 0.000040 0.000046 0.000014 0.000011 0.000002 0.000001 0.000001 0.000002 0.000184 0.000015
0.000000 0.000000 0.000000 0.000000 0.000000 0.000000 0.000000 0.000000 0.000000 0.000000 -0.000069 -0.000338 -0.000017 -0.000006 -0.000019 -0.000024 -0.000032 -0.000008 -0.000005 -0.000381 -0.005202 0.000007 0.000004 0.000004 0.000286 0.000002 0.000005 0.000015 0.000033 0.000011 0.000008 0.000017 0.000065 0.000007 0.000002 0.000003 0.000342 0.000075 0.000027 0.000006 0.000000 0.000000 0.000017 0.000008 0.000006 0.000002 0.000001 -0.000001 0.000129 0.001111 0.000061 0.000048 0.000065 0.000028 0.000018 0.000012 0.000002 0.000000 0.000000 0.000000 0.001231 0.000015
0.000000 0.000000 0.000000 0.000000 0.000000 0.000000 0.000000 0.000000 0.000000 0.000000 -0.000351 -0.000156 -0.000009 -0.000006 -0.000021 -0.000010 -0.000023 -0.000012 -0.000015 -0.002440 0.000509 0.000008 0.000007 0.000001 0.000442 0.000000 0.000000 0.000011 0.000017 0.000019 0.000006 0.000018 0.000017 0.000009 0.000000 0.000000 0.000046 0.000046 0.000049 0.000041 0.000011 0.000019 0.000011 0.000007 0.000004 0.000000 0.000000 -0.000001 0.000718 0.000040 0.000034 0.000033 0.000065 0.000024 0.000017 0.000010 0.000004 -0.000004 -0.000004 -0.000003 0.001428 0.000008
0.000000 0.000000 0.000000 0.000000 0.000000 0.000000 0.000000 0.000000 0.000000 0.000000 -0.000223 -0.000185 -0.000009 -0.000010 -0.000024 -0.000005 -0.000014 -0.000019 -0.004961 0.002513 0.000008 0.000007 0.000003 0.000000 0.000925 0.000034 -0.000000 0.000001 0.000014 0.000016 0.000006 0.000017 0.000023 0.000039 -0.000003 -0.000001 0.000000 0.000011 0.000008 0.000017 0.000006 0.000016 0.000010 0.000013 0.000005 -0.000000 -0.000001 -0.000001 0.000897 0.000025 0.000021 0.000022 0.000049 0.000020 0.000012 0.000004 0.000003 -0.000008 -0.000011 -0.000436 0.001204 0.000000
0.000000 0.000000 0.000000 0.000000 0.000000 0.000000 0.000000 0.000000 0.000000 0.000000 -0.000111 -0.000343 -0.000006 -0.000037 -0.000016 -0.000005 -0.000013 -0.007152 0.002664 0.000010 0.000009 0.000006 0.000001 0.000006 0.000388 0.000055 0.000046 0.000000 0.000004 0.000009 0.000005 0.000015 0.000030 0.000022 0.008264 -0.000004 -0.000001 0.000000 0.000000 0.000000 0.000000 0.000012 0.000017 0.000017 0.000009 0.000003 -0.000004 -0.000001 0.000717 0.000024 0.000021 0.000020 0.000023 0.000013 0.000007 0.000002 0.000000 0.000000 -0.000000 0.000162 0.000652 0.000001
0.000000 0.000000 0.000000 0.000000 0.000000 0.000000 0.000000 0.000000 0.000000 0.000000 -0.000049 -0.000277 -0.001828 -0.010890 -0.007011 -0.000546 -0.001031 0.000391 0.000013 0.000012 0.000010 0.000003 0.000000 0.001328 0.000036 0.000060 0.000161 0.000003 0.000000 0.000002 0.000004 0.000011 0.000021 0.000026 0.000037 0.040567 0.000023 -0.000009 -0.000004 -0.000003 0.000000 0.000000 0.000008 0.000011 0.000003 0.000008 -0.000001 0.000195 0.000646 0.000035 0.000023 0.000019 0.000012 0.000007 0.000002 0.000000 -0.000001 -0.000002 -0.000000 0.000548 0.000060 0.000017
0.000000 0.000000 0.000000 0.000000 0.000000 -0.001218 0.000767 0.004796 0.003732 0.000300 -0.001923 0.006923 0.007762 0.000191 0.000011 0.000014 0.000015 0.000020 0.000015 0.000012 0.000015 0.000004 -0.000000 0.000678 0.000020 0.000035 0.000096 0.000118 -0.000001 0.000000 0.000002 0.000005 0.000013 0.000019 0.000048 0.000038 0.000034 0.071788 0.000241 -0.000096 -0.000007 -0.000002 0.000004 0.000011 0.000004 0.000011 0.000011 0.000359 0.000031 0.000025 0.000020 0.000012 0.000007 0.000002 0.000000 -0.000001 -0.000004 -0.000005 -0.000002 0.001146 0.000018 0.000004
0.000000 0.000000 0.000000 0.000000 0.000000 -0.015824 0.000000 0.000000 0.000000 0.008157 0.005300 0.000156 0.000887 0.000048 0.000002 0.000005 0.000005 0.000012 0.000013 0.000012 0.000010 0.000005 -0.000000 0.000178 0.000006 0.000007 0.000004 0.000395 -0.000041 -0.000002 0.000000 0.000003 0.000005 0.000011 0.000031 0.000036 0.000021 0.000029 0.000022 0.039995 -0.000024 -0.000003 0.000005 0.000013 0.000004 0.000011 0.000013 0.000280 0.000028 0.000010 0.000019 0.000008 0.000002 0.000000 -0.000001 -0.000006 -0.000011 -0.000008 0.000016 0.001162 0.000005 0.000000
0.000000 0.000000 0.000000 0.000000 -0.000035 0.000273 0.000000 0.000000 0.000000 0.000000 0.000023 0.000004 0.001471 0.000213 0.000000 0.000000 0.000000 0.000000 0.000005 0.000006 0.000003 0.000009 0.000003 0.000174 0.000002 0.000010 0.000008 0.000004 0.031023 -0.000003 -0.000002 0.000000 0.000001 0.000003 0.000021 0.000005 0.000014 0.000019 0.000009 0.000234 0.000028 0.000026 0.000009 0.000012 0.000004 0.000009 0.000014 0.000239 0.000029 0.000012 0.000009 0.000008 0.000001 -0.000002 -0.000007 -0.000010 -0.000059 0.000083 0.000123 0.000987 0.000096 0.000013
0.000000 0.000000 0.000000 0.000697 0.000239 0.000000 0.000000 0.000000 0.000000 0.000000 0.000010 0.000006 0.000637 0.000559 0.048586 0.001590 0.000044 -0.000000 0.000000 0.000000 0.000001 0.000004 0.000004 0.000100 0.000000 0.000004 0.000003 0.000002 0.000233 0.000132 -0.000012 -0.000003 0.000000 0.000000 0.000000 0.000002 0.000008 0.000009 0.000012 0.000166 0.000006 0.000007 0.000007 0.000006 0.000002 0.000003 0.000008 0.000131 0.000038 0.000021 0.000008 0.000011 0.000002 -0.000007 -0.000008 0.000047 0.000099 0.000043 0.000034 0.000034 0.000542 0.000003
0.000000 0.000000 0.000000 0.000000 0.000000 0.000000 0.000000 0.000000 0.000000 0.000000 0.000006 0.000009 0.000213 0.000004 0.000026 0.000010 0.003557 -0.000020 -0.000001 -0.000003 0.000000 0.000004 0.000013 0.000210 -0.000000 0.000000 0.000000 0.000000 0.000000 0.000108 0.000009 0.000011 -0.000001 -0.000003 -0.000000 0.000000 0.000002 0.000007 0.000019 0.000137 0.000000 0.000000 0.000001 0.000000 0.000000 0.000000 0.000001 0.000036 0.000020 0.000033 0.000016 0.000007 0.000005 -0.000005 0.000109 0.000080 0.000039 0.000013 0.000006 0.000014 0.000825 0.000000
0.000000 0.000000 0.000000 0.000000 0.000000 0.000000 0.000000 0.000000 0.000000 0.000000 0.000008 0.000011 0.000241 0.000003 0.000031 0.000006 0.000016 0.000597 -0.000117 -0.000008 0.000000 0.000005 0.000016 0.000072 0.006348 -0.000002 -0.000006 -0.000009 -0.000003 0.000000 0.000000 0.000064 -0.000001 0.000033 0.000044 -0.000000 0.000001 0.000010 0.000022 0.000099 -0.000001 -0.000001 0.000000 0.000000 -0.000003 -0.000006 -0.000000 0.000000 0.000003 0.000022 0.000013 0.000004 0.000009 0.000016 0.000025 0.000007 0.000000 0.000001 0.000001 0.000002 0.000441 -0.000003
0.000000 0.000000 0.000000 0.000000 0.000000 0.000000 0.000000 0.000000 0.000000 0.000000 0.000005 0.000011 0.000265 0.000000 0.000010 0.000006 0.000016 0.000021 0.000341 -0.000004 0.000000 0.000001 0.000010 0.000040 0.000074 0.012119 0.003761 -0.000140 -0.000016 -0.000014 -0.000000 0.000000 0.000003 0.000018 0.000037 0.000024 0.000003 0.000010 0.000018 0.000026 0.012323 -0.000006 -0.000005 -0.000003 -0.000009 -0.000041 -0.000008 -0.000001 0.000000 0.000010 0.000012 0.000007 0.000010 0.000014 0.000000 0.000000 0.000000 0.000000 0.000000 0.000000 0.000355 -0.000022
0.000000 0.000000 0.000000 0.000000 0.000000 -0.000000 -0.000000 -0.000000 -0.000000 0.000000 0.000001 0.000008 0.000248 0.000006 0.000003 0.000004 0.000018 0.000034 0.000897 0.000303 -0.000005 0.000000 0.000008 0.000086 0.000021 0.000009 0.000024 0.000027 -0.035267 -0.000022 -0.000015 -0.000006 0.000000 0.000003 0.000006 0.000012 0.000003 0.000004 0.000010 0.000016 0.000020 0.022005 -0.000099 -0.000219 -0.000493 0.000029 0.000063 0.000014 0.000004 0.000004 0.000010 0.000012 0.000004 0.000004 0.000000 -0.000003 -0.000004 -0.000003 0.000006 0.000025 0.000848 0.000142
0.000000 0.000000 0.000000 0.000000 0.000000 -0.000000 -0.000000 -0.000000 -0.000001 -0.000000 0.000000 0.000003 0.000013 0.000127 0.000005 0.000004 0.000016 0.000040 0.000024 0.000888 -0.001351 -0.000002 0.000003 0.000038 0.000015 0.000011 0.000023 0.000042 0.000225 0.005964 -0.000020 -0.000013 -0.000003 0.000000 0.000000 0.000000 0.000000 0.000003 0.000003 0.000007 0.000013 0.000019 -0.032817 -0.000337 0.000002 0.000016 0.000049 0.000026 0.000006 0.000000 0.000007 0.000006 0.000002 0.000003 -0.000000 -0.000009 0.000004 -0.000029 0.000006 0.000011 0.000260 0.000554
0.000000 0.000000 0.000000 -0.000019 -0.000033 -0.001039 -0.000128 -0.000003 -0.000006 0.000001 0.000008 0.000003 0.000014 0.000145 0.000003 0.000004 0.000011 0.000025 0.000024 0.000036 0.000707 -0.000106 0.000000 0.000003 0.000005 0.000014 0.000026 0.000038 0.000085 0.000039 0.017098 -0.000016 -0.000014 -0.000008 -0.000014 -0.000008 -0.000001 0.000000 0.000000 0.000002 0.000006 0.000011 0.000476 0.000030 0.000000 0.000004 0.000013 0.000036 0.000018 0.000013 0.000008 0.000003 0.000000 0.000002 0.000011 0.000011 0.000015 0.000002 0.000000 0.000000 0.000041 0.000006
0.000000 -0.000028 0.000935 -0.000735 -0.000053 0.000003 0.000190 0.000914 -0.000060 0.000000 0.000003 0.000002 0.000010 0.000108 0.000000 0.000001 0.000005 0.000011 0.000020 0.000035 0.000101 0.000506 0.000020 0.000000 0.000005 0.000014 0.000024 0.000039 0.000060 0.000028 0.000037 -0.126441 -0.000929 -0.000018 -0.000034 -0.000022 -0.000011 -0.000005 -0.000002 0.000000 0.000001 0.000004 0.000015 0.000713 -0.000001 0.000000 0.000003 0.000010 0.000008 0.000009 0.000008 0.000003 0.000004 0.000000 0.000005 0.000002 0.000000 0.000000 0.000005 0.047859 0.000017 0.000006
-0.000269 -0.001486 0.000000 0.000001 -0.000021 -0.000002 0.000000 0.000000 0.000401 0.000000 0.000000 0.000000 0.000002 0.000052 0.000013 0.000000 0.000008 0.000004 0.000012 0.000049 0.000116 0.000071 0.000313 0.000021 0.000013 0.000011 0.000018 0.000035 0.000022 0.000032 0.000050 0.001587 0.001335 0.216051 -0.002086 -0.001979 -0.000017 -0.000017 -0.000009 -0.000003 0.000000 0.000000 0.000011 0.000704 0.000159 -0.000001 0.000000 0.000000 0.000000 0.000003 0.000004 0.000002 0.000001 0.000000 0.000000 0.000000 -0.000002 -0.000025 0.000435 0.000020 0.000013 0.000007
0.000000 0.000000 0.000000 0.000000 0.000000 0.000790 -0.000000 0.000000 0.001316 0.000215 -0.000003 -0.000001 0.000000 0.000000 0.000018 0.000000 0.000006 0.000003 0.000012 0.000078 0.000149 0.000011 0.000029 0.000190 0.000017 0.000019 0.000009 0.000014 0.000019 0.000020 0.000051 0.000865 0.000022 0.000008 0.000019 0.003727 -0.000950 -0.001291 -0.000016 -0.000009 -0.000002 -0.000001 0.000007 0.000008 0.000535 0.000180 -0.000004 -0.000001 0.000000 0.000000 0.000000 0.000000 0.000001 -0.000001 -0.000005 -0.000005 -0.000008 0.052593 0.000021 0.000015 0.000005 0.000006
0.000000 0.000000 0.000000 0.000000 0.000000 0.000000 0.000000 0.000000 0.000000 0.001419 -0.000221 -0.000008 -0.000003 -0.000002 0.000000 0.000000 0.000002 0.000002 0.000010 0.000124 0.000029 0.000015 0.000024 0.000167 0.000029 0.000021 0.000015 0.000005 0.000010 0.000009 0.000048 0.000728 0.000013 0.000008 0.000015 0.000053 0.000020 0.246798 -0.001255 -0.000019 -0.000009 -0.000009 0.000000 0.000002 0.000011 0.000426 0.000021 -0.000005 -0.000002 -0.000003 -0.000003 -0.000001 -0.000000 -0.000002 -0.000009 -0.000039 -0.000028 0.000307 0.000023 0.000011 0.000004 0.000000
0.000000 0.000000 0.000000 0.000000 0.000000 0.000000 0.000000 0.000000 0.000000 0.000000 0.001510 0.000665 0.000228 0.000199 -0.000002 -0.000001 0.000000 0.000000 0.000004 0.000061 0.000025 0.000024 0.000013 0.000085 0.000034 0.000020 0.000013 0.000004 0.000003 0.000002 0.000059 0.000617 0.000008 0.000018 0.000007 0.000044 0.000010 0.000016 0.000331 -0.066841 -0.000019 -0.000012 -0.000001 0.000000 0.000010 0.000004 0.000362 0.001040 -0.000006 -0.000011 -0.000008 -0.000003 -0.000001 -0.000000 0.000002 0.000002 0.000098 0.000021 0.000017 0.000005 0.000007 -0.000002
0.000000 0.000000 0.000000 0.000000 0.000000 0.000000 0.000001 0.000000 0.000000 0.000000 0.000007 0.000323 0.000280 0.000518 0.000007 -0.000007 -0.000004 -0.000001 0.000000 0.000019 0.000025 0.000020 0.000020 0.000020 0.000031 0.000017 0.000010 0.000003 0.000000 0.000000 0.000181 0.000384 0.000022 0.000019 0.000008 0.000012 0.000010 0.000000 0.000000 0.001540 -0.000090 -0.000003 -0.000009 0.000000 0.000011 0.000005 0.000019 0.000257 -0.000038 -0.000013 -0.000011 -0.000006 -0.000004 -0.000001 -0.000000 -0.000000 0.000061 0.000016 0.000012 0.000004 0.000004 0.000004
0.000000 0.000000 0.000000 0.000000 0.000000 0.000000 0.000001 0.000000 0.000000 0.000000 0.000001 0.000020 0.000006 0.000004 0.000990 -0.013324 -0.000028 -0.000006 0.000005 0.000013 0.000014 0.000008 0.000004 0.000012 0.000008 0.000010 0.000004 0.000011 0.000026 0.000095 0.000550 0.000031 0.000025 0.000017 0.000010 0.000004 0.000000 0.000000 0.000025 0.000874 0.000422 0.000094 -0.000006 0.000000 0.000004 0.000005 0.000020 0.000022 0.000165 0.000021 0.000007 0.000003 0.000018 -0.000004 0.000011 0.066420 0.000027 0.000016 0.000012 0.000002 0.000000 0.000009
0.000000 0.000000 0.000000 0.000000 0.000000 0.000000 0.000000 -0.000000 -0.000000 -0.000000 0.000000 0.000000 0.000000 0.000005 0.000013 0.000813 -0.000038 0.000000 0.000001 0.000002 0.000003 0.000001 0.000000 0.000000 0.000000 0.000005 0.000003 0.000009 0.000019 0.000136 0.000222 0.000019 0.000022 0.000010 0.000003 0.000001 -0.000002 0.000042 0.000139 0.000008 0.000883 0.000213 0.000194 -0.000001 0.000000 0.000002 0.000017 0.000012 0.000065 0.000024 0.000012 0.000004 0.000010 0.000011 0.000033 0.000172 0.000020 0.000015 0.000010 0.000000 0.000000 0.000008
0.000000 0.000000 0.000000 0.000000 0.000000 0.000000 0.000000 -0.000000 -0.000001 -0.000003 -0.000011 -0.000009 -0.000005 0.000013 0.000006 0.000765 0.001950 -0.000001 0.000000 0.000000 -0.000000 -0.000000 -0.000002 -0.000000 -0.000000 0.000005 0.000003 0.000009 0.000021 0.000229 0.000025 0.000016 0.000009 0.000005 0.000000 0.000000 -0.000005 0.000505 0.000013 0.000010 0.000539 0.000095 0.000325 0.000179 -0.000002 0.000000 0.000022 0.000023 0.000017 0.000026 0.000012 0.000004 0.000011 0.000011 0.000032 0.000049 0.000006 0.000006 0.000004 -0.000001 -0.000001 0.000027
0.000000 0.000000 0.000000 0.000000 0.000000 0.000000 0.000000 0.000000 0.129516 -0.000194 -0.000340 -0.000023 0.000001 0.000012 0.000007 0.000052 0.000715 0.000179 -0.000007 -0.000009 -0.000019 -0.000072 0.000017 0.000030 0.000038 0.000012 0.000004 0.000009 0.000025 0.000123 0.000014 0.000009 0.000004 0.000005 -0.000000 -0.000004 -0.036878 0.001182 0.000005 0.000015 0.000392 0.000012 0.000006 0.000385 0.000042 -0.000000 0.000005 0.000009 0.000013 0.000013 0.000008 0.000004 0.000011 0.000007 0.000028 0.000000 0.000000 0.000000 0.000003 -0.000001 0.000013 0.000196
0.000000 0.000000 0.000000 0.000000 0.000000 0.000000 0.000000 0.000000 0.000000 0.000000 0.018263 0.000019 0.000008 0.000018 0.000011 0.000069 0.000016 0.000644 -0.000133 -0.000039 -0.000090 -0.000049 0.000007 0.000011 0.000007 0.000012 0.000004 0.000002 0.000018 0.000055 0.000007 0.000011 0.000004 0.000005 -0.000001 -0.000007 0.004300 0.000012 0.000004 0.000014 0.000313 0.000016 0.000010 0.000017 0.000273 0.000011 0.000000 0.000000 0.000003 0.000006 0.000003 0.000004 0.000007 0.000000 0.000000 -9999.000000 -9999.000000 -9999.000000 0.000000 -0.000001 0.000009 0.000013
