use_cases/Flooding/flood_case/output/hUy_6300.asc
ncols 269
nrows 269
xllcorner 0.000000
yllcorner 0.000000
cellsize 10.000000
NODATA_value -9999.000000
[rows 162 to 188 of 269, columns 122 to 182 of 269]
0.042446 0.000180 -0.000015 -0.000006 -0.000000 -0.000012 0.000003 0.000004 -0.000000 -0.000000 -0.000000 -0.000000 -0.000005 -0.000004 -0.000001 -0.000007 -0.000011 -0.000021 -0.000764 -0.000278 0.000000 0.000001 0.000007 0.000002 -0.000000 -0.000000 -0.000001 -0.000005 -0.000034 -0.000008 -0.000003 -0.000007 0.000001 0.000002 0.000000 -0.000774 0.000002 0.000006 -0.000000 -0.000001 -0.000001 -0.000008 -0.000010 -0.000027 -0.000073 -0.000029 -0.002970 0.000000 0.000000 0.000000 0.000000 0.000003 0.000004 0.000004 0.000003 0.000001 -0.000004 -0.000004 -0.000010 -0.000005 -0.000005
0.000042 0.011809 -0.002794 -0.000014 -0.000003 -0.000000 -0.000000 -0.000000 -0.000003 -0.000008 -0.000007 -0.000010 -0.000023 -0.000010 -0.000004 -0.000010 -0.000018 -0.000017 -0.000321 -0.000481 -0.000001 0.000002 0.000002 0.000000 -0.000001 -0.000002 -0.000005 -0.000014 -0.000079 -0.000015 -0.000014 -0.000005 -0.000000 -0.000000 -0.000001 -0.000768 0.000002 0.000007 -0.000000 -0.000005 -0.000002 -0.000000 -0.000001 -0.000000 0.000001 -0.000026 -0.003442 -0.000001 -0.000002 -0.000005 -0.000000 0.000000 0.000000 0.000000 0.000000 0.000000 -0.000004 -0.000010 -0.000016 -0.000016 -0.000021
0.000062 0.000046 0.002330 -0.000819 -0.000013 -0.000003 -0.000001 -0.000002 -0.000049 -0.000019 -0.000009 -0.000072 -0.000036 -0.000007 -0.000012 -0.000017 -0.000063 -0.000009 -0.000199 -0.000760 -0.000001 0.000001 -0.000000 -0.000000 -0.000002 -0.000006 -0.000011 -0.000019 -0.000121 -0.000010 0.000000 -0.000005 -0.000005 -0.000004 -0.000005 -0.000799 0.000001 0.000001 -0.000000 -0.000006 -0.000003 -0.000004 -0.000003 -0.000001 -0.000000 -0.000000 -0.003738 -0.000009 -0.000011 -0.000006 -0.000003 -0.000002 -0.000000 0.000000 -0.000000 -0.000000 -0.000003 -0.000012 -0.000018 -0.000027 -0.000039
0.000106 0.000009 0.000016 0.002756 -0.001548 -0.000013 -0.000013 -0.000006 -0.000314 -0.000156 -0.000052 -0.000029 0.000001 -0.000007 -0.000016 -0.000021 -0.000055 -0.002342 -0.028235 0.000075 -0.000000 -0.000000 -0.000000 -0.000002 -0.000003 -0.000009 -0.000015 -0.000196 -0.000058 -0.000000 -0.000001 -0.000006 -0.000011 -0.000012 -0.000010 -0.004973 0.000001 -0.000000 -0.000000 -0.000007 -0.000016 -0.000009 -0.000013 -0.000017 -0.000005 -0.000002 -0.003166 -0.000044 -0.000037 -0.000003 0.000010 -0.000008 -0.000001 0.000000 -0.000001 -0.000002 -0.000007 -0.000012 -0.000021 -0.000031 -0.000038
0.000065 0.000014 0.000010 0.000025 0.020665 -0.008836 -0.000082 -0.000264 -0.000130 0.000001 0.000003 0.000000 0.000000 -0.000011 -0.000022 -0.000021 -0.000051 -0.092172 0.000009 0.000030 -0.000004 -0.000005 -0.000001 0.000005 -0.000004 -0.000008 -0.000119 -0.000126 -0.000023 -0.000002 -0.000006 -0.000011 -0.000017 -0.000019 -0.001241 0.015166 0.000001 -0.000001 -0.000002 -0.000008 -0.000020 -0.000023 -0.000025 -0.000064 -0.000006 -0.000008 -0.045991 -0.000000 0.000005 0.000001 0.000002 0.000000 -0.000000 -0.000000 -0.000003 -0.000007 -0.000013 -0.000018 -0.000020 -0.000024 -0.002468
0.000008 0.000017 0.000000 0.000045 0.000044 0.042884 -0.046797 -0.000070 -0.000000 -0.000000 -0.000000 -0.000001 -0.000006 -0.000017 -0.000017 -0.000022 -0.330593 0.000950 0.000024 0.000046 0.000031 0.000002 0.000015 0.000004 0.000002 0.000004 -0.000046 -0.000239 -0.000018 -0.000003 -0.000012 -0.000014 -0.000018 -0.000027 -0.001846 0.000004 0.000001 -0.000004 -0.000003 -0.000011 -0.000019 -0.000038 -0.000138 -0.000047 -0.000005 -0.000014 -0.009276 0.000016 0.000001 -0.000000 -0.000000 -0.000000 -0.000002 -0.000004 -0.000003 -0.000010 -0.000017 -0.000024 -0.000029 -0.000030 -0.002569
0.000002 0.000006 0.000041 0.000070 0.000033 0.000024 0.001320 0.005753 -0.000005 -0.000005 -0.000003 -0.000009 -0.000017 -0.000034 -0.000016 0.326214 0.001843 0.000020 0.000031 0.000010 0.000013 0.000004 0.000002 0.000001 0.000002 0.000001 0.000007 -0.070050 -0.000488 -0.000010 -0.000007 -0.000013 -0.000019 -0.000040 -0.001320 -0.000000 -0.000000 -0.000003 -0.000007 -0.000013 -0.000010 -0.000034 -0.000250 -0.000039 -0.000006 -0.153896 0.002199 0.000010 -0.000000 -0.000002 -0.000003 -0.000008 -0.000010 -0.000009 -0.000004 -0.000013 -0.000024 -0.000029 -0.000036 -0.000040 -0.001638
0.000000 0.000002 0.000028 0.000004 0.000011 0.000019 0.000039 0.001232 -0.059077 -0.000012 -0.000006 -0.000015 -0.003086 -0.003913 0.000043 0.000021 0.000038 0.000021 0.000012 0.000004 0.000005 0.000001 0.000000 0.000000 0.000000 0.000000 0.000007 0.000011 -0.051543 -0.000630 -0.000011 -0.000006 0.000004 0.000031 -0.002431 -0.000005 -0.000007 -0.000009 -0.000005 -0.000010 -0.000011 -0.000022 -0.000186 -0.005047 -0.004517 0.001541 0.000010 0.000004 -0.000003 -0.000032 -0.000017 -0.000012 -0.000010 -0.000006 -0.000010 -0.000017 -0.000031 -0.000033 -0.000040 -0.002609 0.000103
-0.000001 0.000000 0.000000 0.000001 0.000004 0.000015 0.000041 0.000039 0.001189 -0.095208 -0.000493 0.000194 0.000276 0.000027 0.000027 0.000022 0.000028 0.000015 0.000003 -0.000000 -0.000000 -0.000000 -0.000002 -0.000003 -0.000001 0.000000 0.000011 0.000023 0.000014 -0.000208 -0.000919 -0.000004 0.000004 0.000009 -0.066789 -0.001949 -0.000019 -0.000016 -0.000005 -0.000013 -0.000019 -0.000026 -0.155246 -0.000225 0.000007 0.000005 0.000001 0.000000 -0.000060 -0.000041 -0.000016 -0.000009 -0.000009 -0.000004 -0.000011 -0.000019 -0.000025 -0.000044 -0.000036 -0.020306 0.000002
-0.000007 -0.000009 -0.000002 0.000000 0.000000 0.000010 0.000025 0.000025 0.000036 0.000470 0.000116 0.000030 0.000072 0.000039 0.000017 0.000016 0.000008 0.000009 -0.000000 -0.000002 -0.000007 -0.000003 -0.000004 -0.000004 -0.000002 0.000000 0.000005 0.000011 0.000007 0.000004 -0.000687 -0.000006 0.000001 0.000005 0.000049 -0.052816 -0.000022 -0.000019 -0.000005 -0.000016 -0.000023 -0.004405 0.000210 0.000005 0.000003 0.000001 -0.000000 -0.000002 -0.000122 -0.000041 -0.000011 -0.000010 -0.000011 -0.000005 -0.000014 -0.000023 -0.000029 -0.000033 -0.002597 0.000775 0.000001
-0.000006 -0.000042 -0.000007 -0.000002 -0.000003 0.000010 0.000010 0.000021 0.000024 0.000325 0.000268 0.000009 0.000042 0.000035 0.000013 0.000009 0.000003 0.000005 -0.000043 -0.000038 -0.000053 -0.000014 0.000010 0.000007 -0.000005 0.000006 0.000002 0.000003 0.000000 0.000000 -0.000498 -0.000010 0.000000 0.000001 0.000006 0.014897 -0.002294 -0.000016 -0.000006 -0.000019 -0.000023 -0.005818 0.000000 0.000000 -0.000000 -0.000000 -0.000001 -0.000007 -0.000206 -0.000036 -0.000019 -0.000019 -0.000011 -0.000004 -0.000012 -0.000021 -0.000026 -0.000033 -0.002364 0.000002 0.000000
-0.000009 -0.000086 -0.000012 -0.000004 -0.000021 0.000009 0.000005 0.000012 0.000026 0.000041 0.000474 0.000000 0.000005 0.000033 0.000020 0.000012 0.000004 0.000006 -0.000029 -0.000354 -0.000030 0.000002 0.000005 0.000006 0.000001 0.000002 0.000001 0.000000 0.000000 -0.000001 -0.000644 -0.000009 -0.000001 -0.000000 0.000002 0.000009 -0.113298 -0.000018 -0.000006 -0.000021 -0.002835 -0.000215 -0.000000 -0.000003 -0.000006 -0.000005 -0.000004 -0.000011 -0.000235 -0.000110 -0.000026 -0.000023 -0.000012 -0.000003 -0.000010 -0.000014 -0.000026 -0.000029 -0.003976 0.000001 -0.000002
-0.000014 -0.000192 -0.000031 -0.000060 0.000022 0.000011 0.000004 0.000013 0.000029 0.000034 0.000365 0.000101 0.000006 0.000020 0.000018 0.000013 0.000004 0.000008 -0.000005 -0.000356 0.000000 0.000000 0.000001 0.000002 0.000000 0.000000 0.000000 -0.000001 -0.000004 -0.000008 -0.000781 -0.000005 -0.000002 -0.000005 -0.000000 0.000003 0.000366 -0.001985 -0.002771 -0.002207 -0.035957 -0.003306 -0.000010 -0.000026 -0.000018 -0.000013 -0.000006 -0.000017 -0.000380 -0.000065 -0.000031 -0.000018 -0.000013 -0.000004 -0.000013 -0.000018 -0.000021 -0.002457 0.000725 -0.000000 -0.000003
-0.000411 0.000048 0.000027 0.000012 0.000010 0.000008 0.000003 0.000013 0.000026 0.000014 0.000032 0.000186 0.000015 0.000016 0.000010 0.000007 0.000004 0.000010 0.000026 -0.019107 -0.000004 -0.000001 0.000000 0.000000 -0.000002 -0.000006 -0.000003 -0.000007 -0.000013 -0.001127 -0.018809 0.000001 -0.000002 -0.000006 -0.000001 -0.000000 0.000001 0.000023 0.000043 0.000020 0.000025 0.011634 -0.009596 -0.138698 -0.000022 -0.000020 -0.000016 -0.000011 -0.000496 -0.000047 -0.000025 -0.000026 -0.000017 -0.000005 -0.000016 -0.000022 -0.000028 -0.008193 0.000002 -0.000002 -0.000010
0.000204 0.000017 0.000012 0.000006 0.000004 0.000004 0.000002 0.000009 0.000004 0.000009 0.000028 0.000128 0.000014 0.000008 0.000004 0.000002 0.000003 0.000005 0.000005 0.000038 -0.000471 -0.000009 -0.000004 -0.000002 -0.000005 -0.000032 -0.000004 -0.000012 -0.000019 -0.001236 -0.000000 -0.000000 -0.000003 -0.000008 -0.000007 -0.000002 -0.000000 0.000021 0.000063 0.000004 0.000011 0.000017 0.000018 0.006192 0.016672 -0.044004 -0.025639 -0.000325 -0.000080 0.000000 -0.000025 -0.000029 -0.000011 -0.000015 -0.000020 -0.000019 -0.004877 -0.000227 0.000000 -0.000007 -0.014743
0.000015 0.000007 0.000005 0.000000 0.000000 0.000000 0.000000 0.000001 0.000000 0.000005 0.000018 0.000046 0.000006 0.000002 0.000000 0.000000 0.000000 0.000000 0.000000 0.000000 -0.000196 -0.000754 -0.000013 -0.000008 -0.000005 -0.000066 -0.000005 -0.000013 -0.000009 -0.000993 -0.000004 -0.000004 -0.000004 -0.000015 -0.000023 -0.000008 -0.000002 0.000015 0.000005 0.000002 0.000005 0.000007 0.000007 0.000011 0.000006 0.000004 -0.011064 -0.001768 -0.000000 -0.000000 -0.000022 -0.000026 -0.000017 -0.000009 -0.000019 -0.000010 -0.010470 -0.000000 -0.000001 -0.010460 -0.239082
0.000004 0.000001 -0.000000 -0.000000 -0.000002 -0.000001 -0.000000 -0.000000 -0.000000 0.000000 0.000004 0.000004 0.000000 0.000000 -0.000001 -0.000002 -0.000003 -0.000001 -0.000001 -0.000000 -0.000000 -0.000690 -0.000022 -0.000015 -0.000006 -0.000108 -0.000013 -0.000007 -0.000005 -0.000931 -0.000013 -0.000008 -0.000004 -0.000016 -0.000031 -0.000072 -0.000008 0.000000 0.000000 0.000000 0.000000 0.000000 0.000000 0.000000 0.000000 0.000000 -0.000107 -0.004191 -0.000008 -0.000011 -0.000046 -0.000031 -0.000023 -0.000018 -0.000010 -0.000006 -0.003479 -0.000005 -0.000004 -0.036872 0.001658
-0.000000 -0.000000 -0.000011 -0.000010 -0.000009 -0.000006 -0.000002 -0.000004 -0.000016 -0.000001 0.000000 0.000000 0.000000 -0.000003 -0.000008 -0.000027 -0.000004 -0.000005 -0.000002 0.000012 0.000036 0.000586 -0.857486 -0.001140 -0.000008 -0.000159 -0.000018 -0.000006 -0.000005 -0.000865 -0.000019 -0.000012 -0.000004 -0.000014 -0.000036 -0.000150 -0.000017 -0.000005 -0.000004 -0.000002 -0.000004 -0.000005 -0.000005 -0.000003 -0.000006 -0.000006 -0.000024 -0.009188 -0.000029 -0.000033 -0.000110 -0.000070 -0.000018 -0.000014 -0.000006 -0.000003 -0.000083 -0.007617 -0.008040 -0.005512 0.000002
-0.000003 -0.000045 -0.000024 -0.000016 -0.000019 -0.000010 -0.000004 -0.000050 -0.000018 -0.000002 -0.000000 -0.000001 -0.000004 -0.000012 -0.000068 -0.000029 -0.000008 -0.000004 -0.000003 0.000008 0.000014 0.000017 0.000012 -0.000559 -0.001327 -0.000094 -0.000016 -0.000006 -0.000005 0.000056 -0.001296 -0.000017 -0.000006 -0.000018 -0.000028 -0.000196 -0.000025 -0.000014 -0.000011 -0.000004 -0.000011 -0.000016 -0.000018 -0.000018 -0.000016 -0.000020 -0.004507 -0.017273 -0.000026 -0.000102 -0.000084 0.000000 -0.000007 -0.000006 -0.000011 -0.000013 -0.000038 -0.002157 -0.016740 0.000000 0.000000
-0.000009 -0.000104 -0.000038 -0.000020 -0.000041 -0.000055 -0.000061 -0.000145 -0.000017 -0.000003 -0.000001 -0.000002 -0.000008 -0.000020 -0.000132 -0.000019 -0.000006 -0.000001 -0.000000 -0.000000 -0.000000 0.000002 0.000004 0.000007 -0.006684 -0.001146 -0.000015 -0.000005 -0.000000 0.000002 -0.000486 -0.001663 -0.000014 -0.000010 -0.000027 -0.000291 -0.000021 -0.000017 -0.000026 -0.000006 -0.000016 -0.000031 -0.000019 -0.000025 -0.000359 -0.026962 -0.000084 0.002461 -0.000743 -0.000023 -0.000000 -0.000000 -0.000004 -0.000012 -0.000042 -0.029493 0.001309 -0.002347 -0.009974 0.001557 -0.000005
-0.000459 0.000255 0.000044 0.000086 0.000120 0.000096 0.000023 0.000004 0.000000 -0.000003 -0.000002 -0.000006 -0.000012 -0.000020 -0.000232 -0.000013 -0.000010 -0.000002 -0.000004 -0.000009 -0.000000 -0.000000 -0.000000 0.000002 0.000001 -0.001078 -0.000014 -0.000011 -0.000003 -0.000000 -0.000000 -0.000211 -0.001037 -0.000004 -0.000014 -0.000273 -0.000019 -0.000009 -0.000023 -0.000019 -0.000020 -0.000207 -0.000030 -0.014714 -0.011122 -0.008907 0.000014 0.011333 0.033695 -0.000015 -0.000003 -0.000002 -0.000009 -0.000727 -0.031443 -0.028583 0.015126 0.012820 0.034055 0.051049 -0.020758
0.000000 0.000010 0.000010 0.000010 0.000006 0.000046 0.000010 0.000003 -0.000000 -0.000006 -0.000003 -0.000013 -0.000021 -0.000227 -0.000066 0.000001 0.000000 -0.000004 -0.000011 -0.000065 -0.000008 -0.000003 -0.000001 -0.000000 -0.000000 -0.000562 -0.000014 -0.000015 -0.000005 -0.000005 -0.000004 -0.000070 -0.000516 -0.000245 -0.000067 -0.020298 -0.033738 -0.037242 -0.028459 -0.032359 -0.005170 -0.000105 -0.003921 -0.029303 0.003793 0.000045 0.000005 0.000012 0.025590 0.023547 -0.004665 -0.000124 -0.007446 -0.018613 -0.002592 0.000024 0.000024 0.000041 0.000012 0.000016 0.000022
-0.000000 0.000000 0.000000 0.000005 0.000004 0.000007 0.000003 -0.000000 -0.000000 -0.000024 -0.000004 -0.000016 -0.000024 -0.000390 -0.000009 -0.000000 -0.000001 -0.000007 -0.000016 -0.000133 -0.000016 -0.000005 -0.000010 -0.000007 -0.000002 -0.000532 -0.000009 -0.000008 -0.000015 -0.000014 -0.000020 -0.000055 -0.000989 -0.006483 -0.013957 -0.005572 0.006826 0.034240 0.024284 0.017528 0.003638 0.000304 0.000892 0.000402 0.000018 0.000017 0.000010 0.000013 0.000025 0.011307 0.049540 0.041048 -0.024816 -0.002463 0.000023 0.000023 0.000037 0.000028 0.000021 0.000009 0.000018
0.000025 -0.000000 -0.000000 0.000001 0.000000 -0.000000 -0.000000 -0.000001 -0.000004 -0.000024 -0.000016 -0.000021 -0.000031 -0.000428 -0.000000 -0.000001 -0.000003 -0.000011 -0.000019 -0.000078 -0.000121 -0.000007 -0.000017 -0.000018 -0.000008 -0.001225 -0.000004 -0.000004 -0.000011 -0.000014 -0.022161 -0.023804 -0.015502 -0.021465 -0.011810 0.000065 0.000004 0.000004 0.000044 0.000018 0.000016 0.000016 0.000146 0.000038 0.000034 0.000028 0.000019 0.000006 0.000051 0.000076 0.000006 0.000010 0.000385 0.000628 0.000020 0.000011 0.000021 0.000019 0.000014 0.000009 0.000008
0.000099 0.000000 -0.000000 -0.000000 -0.000000 -0.000002 -0.000007 -0.000005 -0.000003 -0.000003 -0.000036 -0.000033 -0.000388 -0.000113 -0.000000 -0.000006 -0.000004 -0.000013 -0.000018 -0.000039 -0.000168 -0.000013 -0.000010 -0.000018 -0.000010 -0.000916 -0.000004 -0.000003 -0.000846 -0.022810 -0.017311 -0.005273 0.000205 0.000004 0.000006 0.000015 0.000000 0.000001 0.000010 0.000011 0.000005 0.000054 0.000140 0.000044 0.000040 0.000032 0.000020 0.000006 0.000083 0.000018 0.000007 0.000005 0.000396 0.001012 0.000038 0.000000 0.000006 0.000010 0.000005 0.000012 0.000000
0.000300 -0.000002 -0.000001 -0.000003 -0.000004 0.000007 0.000083 -0.000006 -0.000051 -0.000008 0.000001 -0.000012 -0.000566 -0.000043 -0.000005 -0.000006 -0.000012 -0.000017 -0.000025 -0.000020 -0.000173 -0.000009 -0.000005 -0.000013 -0.000059 -0.002510 -0.000004 -0.011254 -0.029873 -0.018901 0.002755 0.000288 0.000260 0.000003 0.000000 0.000000 0.000004 0.000000 0.000000 0.000004 0.000004 0.000084 0.000043 0.000040 0.000034 0.000027 0.000018 0.000006 0.000043 0.000009 0.000001 0.000000 0.001153 0.000076 0.000066 0.000015 0.000003 0.000007 0.000004 0.000007 0.000002
0.000264 0.000064 0.000017 0.000013 -0.000006 0.000004 0.000002 0.000002 -0.000034 -0.000085 0.000000 0.000000 -0.000327 -0.000035 -0.000013 -0.000007 -0.000019 -0.000021 -0.000000 0.000001 -0.000024 -0.000147 -0.000059 -0.039791 -0.005155 -0.006709 -0.012925 -0.015592 0.004905 0.000162 0.000011 0.000003 0.000312 0.014479 0.000221 0.000029 0.000087 0.000003 -0.000002 0.000000 0.000000 0.000015 0.000019 0.000021 0.000023 0.000019 0.000014 0.000005 0.000014 0.000008 0.000000 0.000027 0.001393 0.000050 0.000037 0.000032 0.000011 0.000008 0.000003 0.000004 0.000002
