use_cases/Flooding/flood_case/output/hUy_4500.asc
ncols 269
nrows 269
xllcorner 0.000000
yllcorner 0.000000
cellsize 10.000000
NODATA_value -9999.000000
[rows 189 to 215 of 269, columns 122 to 182 of 269]
0.000013 0.000064 0.000005 0.000002 0.000000 0.000000 0.000000 0.000000 -0.000011 -0.000162 -0.000003 -0.000003 -0.000115 -0.000245 -0.000016 -0.000007 -0.000023 -0.000019 -0.000005 -0.000000 -0.000000 -0.000377 -0.016018 -0.013542 0.011484 0.008373 0.004939 0.000007 0.000009 0.000021 0.000017 0.000005 0.000009 0.000013 0.000101 0.000013 0.000052 0.000319 0.000026 -0.000004 -0.000002 0.000000 0.000001 0.000003 0.000017 0.000011 0.000009 0.000003 0.000008 0.000000 -0.000001 0.000746 0.000073 0.000053 0.000040 0.000046 0.000014 0.000011 0.000002 0.000001 0.000001
0.000006 0.000023 0.000004 0.000000 -0.000004 -0.000002 -0.000004 -0.000007 -0.000016 -0.000128 -0.000048 -0.000023 -0.000046 -0.000541 -0.000017 -0.000006 -0.000019 -0.000024 -0.000032 -0.000008 -0.000005 -0.006181 -0.014512 0.000141 0.000004 0.000004 0.002654 0.000002 0.000005 0.000015 0.000033 0.000011 0.000008 0.000017 0.000065 0.000007 0.000002 0.000003 0.000342 0.000075 0.000027 0.000006 0.000000 0.000000 0.000017 0.000008 0.000006 0.000002 0.000001 -0.000001 0.000129 0.001111 0.000061 0.000048 0.000065 0.000028 0.000018 0.000012 0.000002 0.000000 0.000000
0.000000 0.000000 0.000000 -0.000003 -0.000027 -0.000018 -0.000020 -0.000020 -0.000022 -0.000120 -0.000049 -0.000034 -0.000529 -0.000249 -0.000009 -0.000006 -0.000021 -0.000010 -0.000023 -0.000012 -0.000015 -0.018156 0.002644 0.000008 0.000007 0.000001 0.001863 0.000000 0.000000 0.000011 0.000017 0.000019 0.000006 0.000018 0.000017 0.000009 0.000000 0.000000 0.000046 0.000046 0.000049 0.000041 0.000011 0.000019 0.000011 0.000007 0.000004 0.000000 0.000000 -0.000001 0.000719 0.000040 0.000034 0.000033 0.000065 0.000024 0.000017 0.000010 0.000004 -0.000004 -0.000004
-0.000008 -0.000022 -0.000003 -0.000009 -0.000030 -0.000028 -0.000031 -0.000033 -0.000021 -0.000116 -0.000039 -0.000034 -0.000374 -0.000279 -0.000009 -0.000010 -0.000024 -0.000005 -0.000014 -0.000019 -0.013674 -0.000881 0.000010 0.000007 0.000003 0.000000 0.002875 0.000035 -0.000000 0.000001 0.000014 0.000016 0.000006 0.000017 0.000023 0.000039 -0.000003 -0.000001 0.000000 0.000011 0.000008 0.000017 0.000006 0.000016 0.000010 0.000013 0.000005 -0.000000 -0.000001 -0.000001 0.000897 0.000025 0.000021 0.000022 0.000049 0.000020 0.000012 0.000004 0.000003 -0.000008 -0.000011
-0.000020 -0.000077 -0.000006 -0.000017 -0.000026 -0.000027 -0.000020 -0.000027 -0.000051 -0.000141 -0.000030 -0.000014 -0.000191 -0.000533 -0.000006 -0.000037 -0.000016 -0.000005 -0.000013 -0.012868 0.004073 0.000010 0.000009 0.000006 0.000001 0.000441 0.001391 0.000055 0.000046 0.000000 0.000004 0.000009 0.000005 0.000015 0.000030 0.000022 0.020834 -0.000004 -0.000001 0.000000 0.000000 0.000000 0.000000 0.000012 0.000017 0.000017 0.000009 0.000003 -0.000004 -0.000001 0.000717 0.000024 0.000021 0.000020 0.000023 0.000013 0.000007 0.000002 0.000000 0.000000 -0.000000
-0.000026 -0.000122 -0.000007 -0.000049 -0.000014 -0.000018 -0.000018 -0.000026 -0.000135 -0.000074 -0.000020 -0.000006 -0.000086 -0.001085 -0.004680 -0.020547 -0.022619 -0.011629 -0.008125 0.002683 0.000013 0.000012 0.000010 0.000003 0.000000 0.003925 0.000036 0.000060 0.000161 0.000003 0.000000 0.000002 0.000004 0.000011 0.000021 0.000026 0.000037 0.103707 0.000023 -0.000009 -0.000004 -0.000003 0.000000 0.000000 0.000008 0.000011 0.000003 0.000008 -0.000001 0.000195 0.000646 0.000035 0.000023 0.000019 0.000012 0.000007 0.000002 0.000000 -0.000001 -0.000002 -0.000000
-0.000022 -0.000063 -0.000036 -0.000089 -0.000015 -0.000008 -0.000015 -0.013371 -0.015928 -0.009631 -0.017656 -0.004947 -0.005599 -0.009126 -0.013191 0.000166 0.001661 0.000016 0.000015 0.000020 0.000015 0.000012 0.000015 0.000004 -0.000000 0.002024 0.000020 0.000035 0.000096 0.000118 -0.000001 0.000000 0.000002 0.000005 0.000013 0.000019 0.000048 0.000038 0.000034 0.384886 0.000519 -0.000096 -0.000007 -0.000002 0.000004 0.000011 0.000004 0.000011 0.000011 0.000359 0.000031 0.000025 0.000020 0.000012 0.000007 0.000002 0.000000 -0.000001 -0.000004 -0.000005 -0.000002
-0.000015 -0.009909 -0.028470 -0.014778 -0.000051 -0.000005 -0.001954 -0.018754 0.001575 0.000007 0.000003 0.016784 0.012096 0.000304 0.000970 0.000048 0.000002 0.000005 0.000005 0.000012 0.000013 0.000012 0.000010 0.000005 -0.000000 0.001544 0.000006 0.000007 0.000004 0.000395 -0.000041 -0.000002 0.000000 0.000003 0.000005 0.000011 0.000031 0.000036 0.000021 0.000029 0.000022 0.039995 -0.000024 -0.000003 0.000005 0.000013 0.000004 0.000011 0.000013 0.000280 0.000028 0.000010 0.000019 0.000008 0.000002 0.000000 -0.000001 -0.000006 -0.000011 -0.000008 0.000016
0.010367 0.005783 0.012621 0.001918 0.011070 -0.001886 -0.005528 0.000020 0.000011 0.000009 0.000003 0.000011 0.000046 0.000005 0.001503 0.000213 0.000000 0.000000 0.000000 0.000000 0.000005 0.000006 0.000003 0.000009 0.000003 0.001409 0.000002 0.000010 0.000008 0.000004 0.031024 -0.000003 -0.000002 0.000000 0.000001 0.000003 0.000021 0.000005 0.000014 0.000019 0.000009 0.000234 0.000028 0.000026 0.000009 0.000012 0.000004 0.000009 0.000014 0.000239 0.000029 0.000012 0.000009 0.000008 0.000001 -0.000002 -0.000007 -0.000010 -0.000059 0.000083 0.000123
0.000014 0.000006 0.000008 0.000018 0.013299 -0.009116 -0.003189 0.000018 0.000012 0.000009 0.000004 0.000013 0.000018 0.000008 0.000647 0.000559 0.048587 0.001590 0.000044 -0.000000 0.000000 0.000000 0.000001 0.000004 0.000004 0.000788 0.000000 0.000004 0.000003 0.000002 0.000233 0.000132 -0.000012 -0.000003 0.000000 0.000000 0.000000 0.000002 0.000008 0.000009 0.000012 0.000166 0.000006 0.000007 0.000007 0.000006 0.000002 0.000003 0.000008 0.000131 0.000038 0.000021 0.000008 0.000011 0.000002 -0.000007 -0.000008 0.000047 0.000099 0.000043 0.000034
0.000015 0.000011 0.000004 0.000013 0.000015 0.000786 0.000045 0.000015 0.000008 0.000008 0.000005 0.000019 0.000010 0.000011 0.000217 0.000004 0.000026 0.000010 0.003557 -0.000020 -0.000001 -0.000003 0.000000 0.000004 0.000013 0.001505 -0.000000 0.000000 0.000000 0.000000 0.000000 0.000108 0.000009 0.000011 -0.000001 -0.000003 -0.000000 0.000000 0.000002 0.000007 0.000019 0.000137 0.000000 0.000000 0.000001 0.000000 0.000000 0.000000 0.000001 0.000036 0.000020 0.000033 0.000016 0.000007 0.000005 -0.000005 0.000109 0.000080 0.000039 0.000013 0.000006
0.000016 0.000011 0.000005 0.000014 0.000015 0.000017 0.000082 0.000018 0.000011 0.000006 0.000005 0.000003 0.000012 0.000013 0.000245 0.000003 0.000031 0.000006 0.000016 0.000597 -0.000117 -0.000008 0.000000 0.000005 0.000016 0.000687 0.010035 0.000037 -0.000006 -0.000009 -0.000003 0.000000 0.000000 0.000064 -0.000001 0.000033 0.000044 -0.000000 0.000001 0.000010 0.000022 0.000099 -0.000001 -0.000001 0.000000 0.000000 -0.000003 -0.000006 -0.000000 0.000000 0.000003 0.000022 0.000013 0.000004 0.000009 0.000016 0.000025 0.000007 0.000000 0.000001 0.000001
0.000017 0.000009 0.000003 0.000006 0.000007 0.000008 0.000028 0.000009 0.000006 0.000001 0.000000 0.000001 0.000006 0.000012 0.000266 0.000000 0.000010 0.000006 0.000016 0.000021 0.000341 -0.000004 0.000000 0.000001 0.000010 0.000040 0.000076 0.015215 0.006740 -0.001669 -0.000016 -0.000014 -0.000000 0.000000 0.000003 0.000018 0.000037 0.000024 0.000003 0.000010 0.000018 0.000026 0.030537 -0.000006 -0.000005 -0.000003 -0.000009 -0.000041 -0.000008 -0.000001 0.000000 0.000010 0.000012 0.000007 0.000010 0.000014 0.000000 0.000000 0.000000 0.000000 0.000000
0.000006 0.000005 0.000001 0.000000 0.000000 0.000000 0.000000 -0.000000 -0.000000 -0.000000 -0.000003 0.000000 0.000001 0.000008 0.000248 0.000006 0.000003 0.000004 0.000018 0.000034 0.000897 0.000303 -0.000005 0.000000 0.000008 0.000086 0.000021 0.000009 0.000024 0.000869 -0.085812 -0.000022 -0.000015 -0.000006 0.000000 0.000003 0.000006 0.000012 0.000003 0.000004 0.000010 0.000016 0.000020 0.184942 -0.000174 -0.000219 -0.000493 0.000029 0.000063 0.000014 0.000004 0.000004 0.000010 0.000012 0.000004 0.000004 0.000000 -0.000003 -0.000004 -0.000003 0.000006
0.000000 0.000000 0.000000 -0.000002 -0.000005 -0.000006 -0.000005 -0.000006 -0.000017 -0.000002 -0.000008 -0.000001 0.000000 0.000003 0.000013 0.000127 0.000005 0.000004 0.000016 0.000040 0.000024 0.000888 -0.001351 -0.000002 0.000003 0.000038 0.000015 0.000011 0.000023 0.000042 0.000803 0.008144 -0.001209 -0.000013 -0.000003 0.000000 0.000000 0.000000 0.000000 0.000003 0.000003 0.000007 0.000013 0.001363 0.023987 -0.000337 0.000002 0.000016 0.000049 0.000026 0.000006 0.000000 0.000007 0.000006 0.000002 0.000003 -0.000000 -0.000009 0.000004 -0.000029 0.000006
-0.000005 -0.000003 -0.000005 -0.000008 -0.000014 -0.000413 -0.000384 -0.001353 -0.000166 -0.000009 -0.000014 0.000001 0.000008 0.000003 0.000014 0.000145 0.000003 0.000004 0.000011 0.000025 0.000024 0.000036 0.000707 -0.000106 0.000000 0.000003 0.000005 0.000014 0.000026 0.000038 0.000085 0.000039 0.068199 -0.002037 -0.000014 -0.000008 -0.000014 -0.000008 -0.000001 0.000000 0.000000 0.000002 0.000006 0.000011 0.000736 0.000030 0.000000 0.000004 0.000013 0.000036 0.000018 0.000013 0.000008 0.000003 0.000000 0.000002 0.000011 0.000011 0.000015 0.000002 0.000000
-0.000006 -0.000010 -0.000011 -0.000293 -0.014932 -0.000777 -0.000080 0.000004 0.000218 0.001049 -0.000066 0.000001 0.000003 0.000002 0.000010 0.000108 0.000000 0.000001 0.000005 0.000011 0.000020 0.000035 0.000101 0.000506 0.000020 0.000000 0.000005 0.000014 0.000024 0.000040 0.000060 0.000028 0.000045 0.101169 -0.001571 -0.000018 -0.000034 -0.000022 -0.000011 -0.000005 -0.000002 0.000000 0.000001 0.000004 0.000015 0.000713 -0.000001 0.000000 0.000003 0.000010 0.000008 0.000009 0.000008 0.000003 0.000004 0.000000 0.000005 0.000002 0.000000 0.000000 0.000006
-0.000009 -0.000010 -0.022697 0.006435 0.000673 0.000174 0.000399 0.000000 0.000000 0.000003 0.000435 0.000000 0.000000 0.000000 0.000002 0.000052 0.000013 0.000000 0.000008 0.000004 0.000012 0.000049 0.000116 0.000071 0.000313 0.000021 0.000013 0.000011 0.000018 0.000035 0.000022 0.000032 0.000051 0.038999 0.002288 0.230212 -0.002896 -0.003319 -0.000017 -0.000017 -0.000009 -0.000003 0.000000 0.000000 0.000011 0.000704 0.000159 -0.000001 0.000000 0.000000 0.000000 0.000003 0.000004 0.000002 0.000001 0.000000 0.000000 0.000000 -0.000002 -0.000031 0.000513
-0.000553 -0.013987 0.000004 0.000004 0.000005 0.000003 0.000033 0.002402 -0.000001 0.000003 0.001402 0.000225 -0.000003 -0.000001 0.000000 0.000000 0.000018 0.000000 0.000006 0.000003 0.000012 0.000078 0.000149 0.000011 0.000029 0.000190 0.000017 0.000019 0.000009 0.000014 0.000019 0.000020 0.000051 0.000865 0.000022 0.000008 0.000019 0.006274 -0.001688 -0.002109 -0.000016 -0.000009 -0.000002 -0.000001 0.000007 0.000008 0.000535 0.000180 -0.000004 -0.000001 0.000000 0.000000 0.000000 0.000000 0.000001 -0.000001 -0.000005 -0.000005 -0.000008 0.052893 0.000021
0.002491 0.000253 0.000007 0.000000 0.000001 0.000003 0.000003 0.000404 0.000008 0.000002 0.000004 0.001469 -0.000223 -0.000008 -0.000003 -0.000002 0.000000 0.000000 0.000002 0.000002 0.000010 0.000124 0.000029 0.000015 0.000024 0.000167 0.000029 0.000021 0.000015 0.000005 0.000010 0.000009 0.000048 0.000728 0.000013 0.000008 0.000015 0.000053 0.000020 0.249603 -0.002315 -0.000019 -0.000009 -0.000009 0.000000 0.000002 0.000011 0.000426 0.000021 -0.000005 -0.000002 -0.000003 -0.000003 -0.000001 -0.000000 -0.000002 -0.000009 -0.000059 -0.000056 0.000522 0.000023
0.000029 0.000083 0.000034 -0.000000 0.000000 0.000000 0.000003 0.000009 0.000032 0.000000 0.000004 0.000011 0.001528 0.000666 0.000228 0.000199 -0.000002 -0.000001 0.000000 0.000000 0.000004 0.000061 0.000025 0.000024 0.000013 0.000085 0.000034 0.000020 0.000013 0.000004 0.000003 0.000002 0.000059 0.000617 0.000008 0.000018 0.000007 0.000044 0.000010 0.000016 0.000572 -0.072570 -0.000019 -0.000012 -0.000001 0.000000 0.000010 0.000004 0.000362 0.001040 -0.000006 -0.000011 -0.000008 -0.000003 -0.000001 -0.000000 0.000002 0.000009 0.000318 0.000021 0.000017
0.000003 0.000006 0.000155 0.000054 0.000057 -0.000001 0.000005 0.000009 0.000045 0.000002 0.000004 0.000003 0.000009 0.000326 0.000280 0.000518 0.000007 -0.000007 -0.000004 -0.000001 0.000000 0.000019 0.000025 0.000020 0.000020 0.000020 0.000031 0.000017 0.000010 0.000003 0.000000 0.000000 0.000181 0.000384 0.000022 0.000019 0.000008 0.000012 0.000010 0.000000 0.000000 0.003087 -0.000090 -0.000003 -0.000009 0.000000 0.000011 0.000005 0.000019 0.000257 -0.000038 -0.000013 -0.000011 -0.000006 -0.000004 -0.000001 -0.000000 0.000007 0.000251 0.000016 0.000012
0.000000 0.000002 0.000040 0.000022 0.000083 0.000070 0.000015 0.000003 0.000053 0.000001 0.000001 0.000000 0.000001 0.000020 0.000006 0.000004 0.000990 -0.013324 -0.000028 -0.000006 0.000005 0.000013 0.000014 0.000008 0.000004 0.000012 0.000008 0.000010 0.000004 0.000011 0.000026 0.000095 0.000550 0.000031 0.000025 0.000017 0.000010 0.000004 0.000000 0.000000 0.000244 0.002308 0.000422 0.000094 -0.000006 0.000000 0.000004 0.000005 0.000020 0.000022 0.000165 0.000021 0.000007 0.000003 0.000018 -0.000004 0.000011 0.135757 0.000027 0.000016 0.000012
-0.000001 0.000000 0.000006 0.000007 0.000004 0.000073 0.000046 0.000004 0.000035 -0.000000 -0.000000 -0.000000 0.000000 0.000000 0.000000 0.000005 0.000013 0.000813 -0.000038 0.000000 0.000001 0.000002 0.000003 0.000001 0.000000 0.000000 0.000000 0.000005 0.000003 0.000009 0.000019 0.000136 0.000222 0.000019 0.000022 0.000010 0.000003 0.000001 -0.000002 0.000252 0.001371 0.000008 0.000883 0.000213 0.000194 -0.000001 0.000000 0.000002 0.000017 0.000012 0.000065 0.000024 0.000012 0.000004 0.000010 0.000011 0.000033 0.000172 0.000020 0.000015 0.000010
-0.000002 -0.000001 0.000000 0.000002 0.000002 0.000011 0.000097 0.000007 0.000019 0.019486 -0.000123 -0.000006 -0.000012 -0.000009 -0.000005 0.000013 0.000006 0.000765 0.001950 -0.000001 0.000000 0.000000 -0.000000 -0.000000 -0.000002 -0.000000 -0.000000 0.000005 0.000003 0.000009 0.000021 0.000229 0.000025 0.000016 0.000009 0.000005 0.000000 0.000000 -0.000005 0.001157 0.000013 0.000010 0.000539 0.000095 0.000325 0.000179 -0.000002 0.000000 0.000022 0.000023 0.000017 0.000026 0.000012 0.000004 0.000011 0.000011 0.000032 0.000049 0.000006 0.000006 0.000004
-0.000050 -0.000039 -0.000001 0.000000 0.000000 0.000012 0.000082 0.000011 0.000023 0.000043 0.395859 -0.000524 -0.000382 -0.000023 0.000001 0.000012 0.000007 0.000052 0.000715 0.000179 -0.000007 -0.000009 -0.000019 -0.000072 0.000017 0.000030 0.000038 0.000012 0.000004 0.000009 0.000025 0.000123 0.000014 0.000009 0.000004 0.000005 -0.000000 -0.000004 -0.037120 0.001366 0.000005 0.000015 0.000392 0.000012 0.000006 0.000385 0.000042 -0.000000 0.000005 0.000009 0.000013 0.000013 0.000008 0.000004 0.000011 0.000007 0.000028 0.000000 0.000000 0.000000 0.000003
0.000006 0.001355 -0.000055 -0.000004 -0.000007 0.000015 0.000043 0.000022 0.000016 0.000007 0.000017 0.000023 0.018479 0.000021 0.000008 0.000018 0.000011 0.000069 0.000016 0.000644 -0.000133 -0.000039 -0.000090 -0.000049 0.000007 0.000011 0.000007 0.000012 0.000004 0.000002 0.000018 0.000055 0.000007 0.000011 0.000004 0.000005 -0.000001 -0.000007 0.004231 0.000012 0.000004 0.000014 0.000313 0.000016 0.000010 0.000017 0.000273 0.000011 0.000000 0.000000 0.000003 0.000006 0.000003 0.000004 0.000007 0.000000 0.000000 -9999.000000 -9999.000000 -9999.000000 0.000000
