use_cases/Flooding/flood_case/output/hUy_1800.asc
ncols 269
nrows 269
xllcorner 0.000000
yllcorner 0.000000
cellsize 10.000000
NODATA_value -9999.000000
[rows 189 to 215 of 269, columns 124 to 185 of 269]
0.000000 0.000000 0.000000 0.000000 0.000000 0.000000 0.000000 0.000000 0.000000 0.000000 -0.000165 -0.000143 -0.000016 -0.000007 -0.000023 -0.000019 -0.000005 -0.000000 -0.000000 -0.000043 -0.009213 0.003849 0.000872 0.000142 0.000269 0.000007 0.000009 0.000021 0.000017 0.000005 0.000009 0.000013 0.000101 0.000013 0.000052 0.000319 0.000026 -0.000004 -0.000002 0.000000 0.000001 0.000003 0.000017 0.000011 0.000009 0.000003 0.000008 0.000000 -0.000001 0.000746 0.000073 0.000053 0.000040 0.000046 0.000014 0.000011 0.000002 0.000001 0.000001 0.000002 0.000182 0.000015
0.000000 0.000000 0.000000 0.000000 0.000000 0.000000 0.000000 0.000000 0.000000 0.000000 -0.000069 -0.000338 -0.000017 -0.000006 -0.000019 -0.000024 -0.000032 -0.000008 -0.000005 -0.000065 -0.001276 0.000007 0.000004 0.000004 0.000168 0.000002 0.000005 0.000015 0.000033 0.000011 0.000008 0.000017 0.000065 0.000007 0.000002 0.000003 0.000342 0.000075 0.000027 0.000006 0.000000 0.000000 0.000017 0.000008 0.000006 0.000002 0.000001 -0.000001 0.000128 0.001110 0.000061 0.000048 0.000065 0.000028 0.000018 0.000012 0.000002 0.000000 0.000000 0.000000 0.001222 0.000015
0.000000 0.000000 0.000000 0.000000 0.000000 0.000000 0.000000 0.000000 0.000000 0.000000 -0.000351 -0.000156 -0.000009 -0.000006 -0.000021 -0.000010 -0.000023 -0.000012 -0.000015 -0.000641 0.000015 0.000008 0.000007 0.000001 0.000248 0.000000 0.000000 0.000011 0.000017 0.000019 0.000006 0.000018 0.000017 0.000009 0.000000 0.000000 0.000046 0.000046 0.000049 0.000041 0.000011 0.000019 0.000011 0.000007 0.000004 0.000000 0.000000 -0.000001 0.000718 0.000040 0.000034 0.000033 0.000065 0.000024 0.000017 0.000010 0.000004 -0.000004 -0.000004 -0.000003 0.001420 0.000008
0.000000 0.000000 0.000000 0.000000 0.000000 0.000000 0.000000 0.000000 0.000000 0.000000 -0.000222 -0.000185 -0.000009 -0.000010 -0.000024 -0.000005 -0.000014 -0.000019 -0.002028 0.000291 0.000008 0.000007 0.000003 0.000000 0.000539 0.000017 -0.000000 0.000001 0.000014 0.000016 0.000006 0.000017 0.000023 0.000039 -0.000003 -0.000001 0.000000 0.000011 0.000008 0.000017 0.000006 0.000016 0.000010 0.000013 0.000005 -0.000000 -0.000001 -0.000001 0.000896 0.000025 0.000021 0.000022 0.000049 0.000020 0.000012 0.000004 0.000003 -0.000008 -0.000011 -0.000435 0.001198 0.000000
0.000000 0.000000 0.000000 0.000000 0.000000 0.000000 0.000000 0.000000 0.000000 0.000000 -0.000110 -0.000342 -0.000006 -0.000037 -0.000016 -0.000005 -0.000013 -0.003929 0.000877 0.000010 0.000009 0.000006 0.000001 -0.000006 0.000221 0.000020 0.000017 0.000000 0.000004 0.000009 0.000005 0.000015 0.000030 0.000022 0.003819 -0.000004 -0.000001 0.000000 0.000000 0.000000 0.000000 0.000012 0.000017 0.000017 0.000009 0.000003 -0.000004 -0.000001 0.000716 0.000024 0.000021 0.000020 0.000023 0.000013 0.000007 0.000002 0.000000 0.000000 -0.000000 0.000162 0.000647 0.000001
0.000000 0.000000 0.000000 0.000000 0.000000 0.000000 0.000000 0.000000 0.000000 0.000000 -0.000049 -0.000189 -0.000212 -0.009651 -0.005127 -0.000226 -0.000554 0.000090 0.000013 0.000012 0.000010 0.000003 0.000000 0.000948 0.000015 0.000018 0.000042 0.000001 0.000000 0.000002 0.000004 0.000011 0.000021 0.000026 0.000037 0.018386 0.000023 -0.000009 -0.000004 -0.000003 0.000000 0.000000 0.000008 0.000011 0.000003 0.000008 -0.000001 0.000195 0.000646 0.000035 0.000023 0.000019 0.000012 0.000007 0.000002 0.000000 -0.000001 -0.000002 -0.000000 0.000547 0.000060 0.000017
0.000000 0.000000 0.000000 0.000000 0.000000 0.000000 0.000000 0.000000 0.000004 0.000084 -0.000437 0.005188 0.007222 0.000072 0.000011 0.000014 0.000015 0.000020 0.000015 0.000012 0.000015 0.000004 -0.000000 0.000483 0.000010 0.000013 0.000019 0.000018 -0.000001 0.000000 0.000002 0.000005 0.000013 0.000019 0.000048 0.000038 0.000034 0.014274 0.000032 -0.000005 -0.000007 -0.000002 0.000004 0.000011 0.000004 0.000011 0.000011 0.000359 0.000031 0.000025 0.000020 0.000012 0.000007 0.000002 0.000000 -0.000001 -0.000004 -0.000005 -0.000002 0.001143 0.000018 0.000004
0.000000 0.000000 0.000000 0.000000 0.000000 0.000000 0.000000 0.000000 0.000000 0.005520 0.002696 0.000048 0.000273 0.000007 0.000002 0.000005 0.000005 0.000012 0.000013 0.000012 0.000010 0.000005 -0.000000 0.000100 0.000006 0.000007 0.000004 0.000037 -0.000002 -0.000002 0.000000 0.000003 0.000005 0.000011 0.000031 0.000036 0.000021 0.000029 0.000022 0.030629 -0.000024 -0.000003 0.000005 0.000013 0.000004 0.000011 0.000013 0.000280 0.000028 0.000010 0.000019 0.000008 0.000002 0.000000 -0.000001 -0.000006 -0.000011 -0.000008 0.000016 0.001161 0.000005 0.000000
0.000000 0.000000 0.000000 0.000000 0.000000 0.000000 0.000000 0.000000 0.000000 0.000000 0.000023 0.000004 0.000546 0.000052 0.000000 0.000000 0.000000 0.000000 0.000005 0.000006 0.000003 0.000009 0.000003 0.000078 0.000002 0.000010 0.000008 0.000004 0.022561 -0.000003 -0.000002 0.000000 0.000001 0.000003 0.000021 0.000005 0.000014 0.000019 0.000009 0.000234 0.000028 0.000026 0.000009 0.000012 0.000004 0.000009 0.000014 0.000239 0.000029 0.000012 0.000009 0.000008 0.000001 -0.000002 -0.000007 -0.000010 -0.000058 0.000083 0.000123 0.000986 0.000096 0.000013
0.000000 0.000000 0.000000 0.000000 0.000000 0.000000 0.000000 0.000000 0.000000 0.000000 0.000010 0.000006 0.000370 0.000291 0.046989 0.001448 0.000044 -0.000000 0.000000 0.000000 0.000001 0.000004 0.000004 0.000046 0.000000 0.000004 0.000003 0.000002 0.000233 0.000132 -0.000012 -0.000003 0.000000 0.000000 0.000000 0.000002 0.000008 0.000009 0.000012 0.000166 0.000006 0.000007 0.000007 0.000006 0.000002 0.000003 0.000008 0.000131 0.000038 0.000021 0.000008 0.000011 0.000002 -0.000007 -0.000008 0.000047 0.000099 0.000043 0.000034 0.000034 0.000542 0.000003
0.000000 0.000000 0.000000 0.000000 0.000000 0.000000 0.000000 0.000000 0.000000 0.000000 0.000006 0.000009 0.000212 0.000004 0.000026 0.000010 0.003548 -0.000020 -0.000001 -0.000003 0.000000 0.000004 0.000013 0.000097 -0.000000 0.000000 0.000000 0.000000 0.000000 0.000108 0.000009 0.000011 -0.000001 -0.000003 -0.000000 0.000000 0.000002 0.000007 0.000019 0.000137 0.000000 0.000000 0.000001 0.000000 0.000000 0.000000 0.000001 0.000036 0.000020 0.000033 0.000016 0.000007 0.000005 -0.000005 0.000109 0.000080 0.000039 0.000013 0.000006 0.000014 0.000823 0.000000
0.000000 0.000000 0.000000 0.000000 0.000000 0.000000 0.000000 0.000000 0.000000 0.000000 0.000008 0.000011 0.000241 0.000003 0.000031 0.000006 0.000016 0.000595 -0.000116 -0.000008 0.000000 0.000005 0.000016 0.000037 0.003116 -0.000000 -0.000006 -0.000009 -0.000003 0.000000 0.000000 0.000064 -0.000001 0.000033 0.000044 -0.000000 0.000001 0.000010 0.000022 0.000099 -0.000001 -0.000001 0.000000 0.000000 -0.000003 -0.000006 -0.000000 0.000000 0.000003 0.000022 0.000013 0.000004 0.000009 0.000016 0.000025 0.000007 0.000000 0.000001 0.000001 0.000002 0.000438 -0.000003
0.000000 0.000000 0.000000 0.000000 0.000000 0.000000 0.000000 0.000000 0.000000 0.000000 0.000005 0.000011 0.000265 0.000000 0.000010 0.000006 0.000016 0.000021 0.000340 -0.000004 0.000000 0.000001 0.000010 0.000040 0.000073 0.011330 0.002550 -0.000064 -0.000016 -0.000014 -0.000000 0.000000 0.000003 0.000018 0.000037 0.000024 0.000003 0.000010 0.000018 0.000026 0.005829 -0.000006 -0.000005 -0.000003 -0.000009 -0.000041 -0.000008 -0.000001 0.000000 0.000010 0.000012 0.000007 0.000010 0.000014 0.000000 0.000000 0.000000 0.000000 0.000000 0.000000 0.000344 -0.000022
0.000000 0.000000 0.000000 0.000000 0.000000 -0.000000 -0.000000 -0.000000 -0.000000 0.000000 0.000001 0.000008 0.000248 0.000006 0.000003 0.000004 0.000018 0.000034 0.000896 0.000303 -0.000005 0.000000 0.000008 0.000086 0.000021 0.000009 0.000024 0.000027 -0.010281 -0.000022 -0.000015 -0.000006 0.000000 0.000003 0.000006 0.000012 0.000003 0.000004 0.000010 0.000016 0.000020 0.009461 -0.000099 -0.000219 -0.000493 0.000029 0.000063 0.000014 0.000004 0.000004 0.000010 0.000012 0.000004 0.000004 0.000000 -0.000003 -0.000004 -0.000003 0.000006 0.000025 0.000774 0.000079
0.000000 0.000000 0.000000 0.000000 0.000000 -0.000000 -0.000000 -0.000000 -0.000001 -0.000000 0.000000 0.000003 0.000013 0.000127 0.000005 0.000004 0.000016 0.000040 0.000024 0.000888 -0.001350 -0.000002 0.000003 0.000038 0.000015 0.000011 0.000023 0.000042 0.000218 0.005948 -0.000020 -0.000013 -0.000003 0.000000 0.000000 0.000000 0.000000 0.000003 0.000003 0.000007 0.000013 0.000019 -0.009943 -0.000328 0.000002 0.000016 0.000049 0.000026 0.000006 0.000000 0.000007 0.000006 0.000002 0.000003 -0.000000 -0.000009 0.000004 -0.000029 0.000006 0.000011 0.000159 0.000059
0.000000 0.000000 0.000000 -0.000004 -0.000011 -0.000522 -0.000088 -0.000003 -0.000006 0.000001 0.000008 0.000003 0.000014 0.000145 0.000003 0.000004 0.000011 0.000025 0.000024 0.000036 0.000707 -0.000106 0.000000 0.000003 0.000005 0.000014 0.000026 0.000038 0.000085 0.000039 0.007699 -0.000016 -0.000014 -0.000008 -0.000014 -0.000008 -0.000001 0.000000 0.000000 0.000002 0.000006 0.000011 0.000452 0.000029 0.000000 0.000004 0.000013 0.000036 0.000018 0.000013 0.000008 0.000003 0.000000 0.000002 0.000011 0.000011 0.000015 0.000002 0.000000 0.000000 0.000041 0.000006
0.000000 0.000000 0.000550 -0.000083 -0.000025 0.000000 0.000025 0.000775 -0.000057 0.000000 0.000003 0.000002 0.000010 0.000108 0.000000 0.000001 0.000005 0.000011 0.000020 0.000035 0.000101 0.000505 0.000020 0.000000 0.000005 0.000014 0.000024 0.000039 0.000060 0.000028 0.000037 -0.036727 -0.000043 -0.000018 -0.000034 -0.000022 -0.000011 -0.000005 -0.000002 0.000000 0.000001 0.000004 0.000015 0.000697 -0.000001 0.000000 0.000003 0.000010 0.000008 0.000009 0.000008 0.000003 0.000004 0.000000 0.000005 0.000002 0.000000 0.000000 0.000001 0.015778 0.000017 0.000006
0.000000 0.000000 0.000000 0.000000 -0.000010 -0.000007 0.000000 0.000000 0.000389 0.000000 0.000000 0.000000 0.000002 0.000052 0.000013 0.000000 0.000008 0.000004 0.000012 0.000049 0.000116 0.000071 0.000313 0.000021 0.000013 0.000011 0.000018 0.000035 0.000022 0.000032 0.000050 0.000757 0.000011 0.040529 -0.000042 -0.000206 -0.000017 -0.000017 -0.000009 -0.000003 0.000000 0.000000 0.000011 0.000698 0.000158 -0.000001 0.000000 0.000000 0.000000 0.000003 0.000004 0.000002 0.000001 0.000000 0.000000 0.000000 -0.000002 -0.000001 0.000057 0.000020 0.000013 0.000007
0.000000 0.000000 0.000000 0.000000 0.000000 0.000063 0.000000 0.000000 0.001297 0.000213 -0.000003 -0.000001 0.000000 0.000000 0.000018 0.000000 0.000006 0.000003 0.000012 0.000078 0.000149 0.000011 0.000029 0.000190 0.000017 0.000019 0.000009 0.000014 0.000019 0.000020 0.000051 0.000865 0.000022 0.000008 0.000019 0.000353 -0.000035 -0.000018 -0.000016 -0.000009 -0.000002 -0.000001 0.000007 0.000008 0.000534 0.000180 -0.000004 -0.000001 0.000000 0.000000 0.000000 0.000000 0.000001 -0.000001 -0.000005 -0.000005 -0.000008 0.030435 0.000021 0.000015 0.000005 0.000006
0.000000 0.000000 0.000000 0.000000 0.000000 0.000000 0.000000 0.000000 0.000000 0.001411 -0.000220 -0.000008 -0.000003 -0.000002 0.000000 0.000000 0.000002 0.000002 0.000010 0.000124 0.000029 0.000015 0.000024 0.000167 0.000029 0.000021 0.000015 0.000005 0.000010 0.000009 0.000048 0.000727 0.000013 0.000008 0.000015 0.000053 0.000020 0.234095 -0.001254 -0.000019 -0.000009 -0.000009 0.000000 0.000002 0.000011 0.000426 0.000021 -0.000005 -0.000002 -0.000003 -0.000003 -0.000001 -0.000000 -0.000002 -0.000009 -0.000039 -0.000028 0.000307 0.000023 0.000011 0.000004 0.000000
0.000000 0.000000 0.000000 0.000000 0.000000 0.000000 0.000000 0.000000 0.000000 0.000000 0.001505 0.000663 0.000227 0.000199 -0.000002 -0.000001 0.000000 0.000000 0.000004 0.000061 0.000025 0.000024 0.000013 0.000085 0.000034 0.000020 0.000013 0.000004 0.000003 0.000002 0.000059 0.000617 0.000008 0.000018 0.000007 0.000044 0.000010 0.000016 0.000331 -0.066835 -0.000019 -0.000012 -0.000001 0.000000 0.000010 0.000004 0.000362 0.001040 -0.000006 -0.000011 -0.000008 -0.000003 -0.000001 -0.000000 0.000002 0.000002 0.000098 0.000021 0.000017 0.000005 0.000007 -0.000002
0.000000 0.000000 0.000000 0.000000 0.000000 0.000000 0.000000 0.000000 0.000000 0.000000 0.000007 0.000323 0.000279 0.000517 0.000007 -0.000007 -0.000004 -0.000001 0.000000 0.000019 0.000025 0.000020 0.000020 0.000020 0.000031 0.000017 0.000010 0.000003 0.000000 0.000000 0.000181 0.000384 0.000022 0.000019 0.000008 0.000012 0.000010 0.000000 0.000000 0.001539 -0.000090 -0.000003 -0.000009 0.000000 0.000011 0.000005 0.000019 0.000257 -0.000038 -0.000013 -0.000011 -0.000006 -0.000004 -0.000001 -0.000000 -0.000000 0.000061 0.000016 0.000012 0.000004 0.000004 0.000004
0.000000 0.000000 0.000000 0.000000 0.000000 0.000000 0.000000 0.000000 0.000000 0.000000 0.000001 0.000020 0.000006 0.000004 0.000989 -0.013323 -0.000028 -0.000006 0.000005 0.000013 0.000014 0.000008 0.000004 0.000012 0.000008 0.000010 0.000004 0.000011 0.000026 0.000095 0.000550 0.000031 0.000025 0.000017 0.000010 0.000004 0.000000 0.000000 0.000024 0.000872 0.000422 0.000093 -0.000006 0.000000 0.000004 0.000005 0.000020 0.000022 0.000165 0.000021 0.000007 0.000003 0.000018 -0.000004 0.000011 0.031174 0.000027 0.000016 0.000012 0.000002 0.000000 0.000009
0.000000 0.000000 0.000000 0.000000 0.000000 0.000000 0.000000 -0.000000 -0.000000 -0.000000 0.000000 0.000000 0.000000 0.000005 0.000013 0.000813 -0.000038 0.000000 0.000001 0.000002 0.000003 0.000001 0.000000 0.000000 0.000000 0.000005 0.000003 0.000009 0.000019 0.000135 0.000222 0.000019 0.000022 0.000010 0.000003 0.000001 -0.000002 0.000014 0.000112 0.000008 0.000883 0.000213 0.000194 -0.000001 0.000000 0.000002 0.000017 0.000012 0.000065 0.000024 0.000012 0.000004 0.000010 0.000011 0.000033 0.000172 0.000020 0.000015 0.000010 0.000000 0.000000 0.000008
0.000000 0.000000 0.000000 0.000000 0.000000 0.000000 0.000000 -0.000000 -0.000001 -0.000003 -0.000011 -0.000009 -0.000005 0.000013 0.000006 0.000764 0.001950 -0.000001 0.000000 0.000000 -0.000000 -0.000000 -0.000002 -0.000000 -0.000000 0.000005 0.000003 0.000009 0.000021 0.000229 0.000025 0.000016 0.000009 0.000005 0.000000 0.000000 -0.000005 0.000043 0.000013 0.000010 0.000539 0.000095 0.000325 0.000179 -0.000002 0.000000 0.000022 0.000023 0.000017 0.000026 0.000012 0.000004 0.000011 0.000011 0.000032 0.000049 0.000006 0.000006 0.000004 -0.000001 -0.000001 0.000027
0.000000 0.000000 0.000000 0.000000 0.000000 0.000000 0.000000 0.000000 -0.013272 -0.000194 -0.000340 -0.000023 0.000001 0.000012 0.000007 0.000052 0.000715 0.000179 -0.000007 -0.000009 -0.000019 -0.000072 0.000017 0.000030 0.000038 0.000012 0.000004 0.000009 0.000025 0.000123 0.000014 0.000009 0.000004 0.000005 -0.000000 -0.000004 -0.040074 0.000016 0.000005 0.000015 0.000392 0.000012 0.000006 0.000385 0.000042 -0.000000 0.000005 0.000009 0.000013 0.000013 0.000008 0.000004 0.000011 0.000007 0.000028 0.000000 0.000000 0.000000 0.000003 -0.000001 0.000013 0.000196
0.000000 0.000000 0.000000 0.000000 0.000000 0.000000 0.000000 0.000000 0.000000 0.000000 0.018262 0.000019 0.000008 0.000018 0.000011 0.000069 0.000016 0.000644 -0.000133 -0.000039 -0.000090 -0.000049 0.000007 0.000011 0.000007 0.000012 0.000004 0.000002 0.000018 0.000055 0.000007 0.000011 0.000004 0.000005 -0.000001 -0.000007 0.000970 0.000012 0.000004 0.000014 0.000313 0.000016 0.000010 0.000017 0.000273 0.000011 0.000000 0.000000 0.000003 0.000006 0.000003 0.000004 0.000007 0.000000 0.000000 -9999.000000 -9999.000000 -9999.000000 0.000000 -0.000001 0.000009 0.000013
