use_cases/Flooding/flood_case/output/hUy_7200.asc
ncols 269
nrows 269
xllcorner 0.000000
yllcorner 0.000000
cellsize 10.000000
NODATA_value -9999.000000
[rows 216 to 242 of 269, columns 61 to 121 of 269]
0.000000 0.000000 0.000000 -0.000000 -0.000000 -0.000000 -0.000197 -0.002941 -0.003941 -0.000012 -0.000006 -0.000002 -0.000103 -0.000271 -0.000010 -0.000008 -0.000005 -0.000008 -0.000004 -0.000013 -0.000020 -0.000263 -0.000041 0.000002 -0.000002 0.000000 0.000000 0.000001 0.000001 0.000000 0.000000 -0.000001 0.006390 0.000009 0.000005 0.000001 0.000004 0.000017 0.000005 0.000003 0.000001 1.918561 3.120309 2.895942 0.646630 0.000003 0.000004 0.000005 0.000006 0.000008 0.000007 0.000005 0.000002 0.000006 0.000008 0.000037 0.000069 0.000006 0.000100 0.000050 0.000013
-0.000000 -0.000001 -0.000002 -0.000000 -0.000000 -0.000000 -0.001058 0.005247 0.007341 0.003300 -0.000006 -0.000002 -0.001313 -0.000681 -0.000005 -0.000009 -0.000011 -0.000013 -0.000005 -0.000015 -0.000408 0.000201 0.000016 0.000032 0.000008 -0.000003 -0.000001 -0.000000 -0.000000 -0.000000 -0.000002 -0.000002 0.005304 0.000005 0.000004 0.000001 0.000003 0.000005 0.000001 0.000000 0.000000 2.028273 3.230745 2.967684 0.615963 0.000001 0.000000 0.000001 0.000001 0.000003 0.000003 0.000003 0.000002 0.000006 0.000009 0.000068 0.000023 0.000015 0.000064 0.000075 0.000014
-0.000003 -0.000001 -0.000005 -9999.000000 -9999.000000 -9999.000000 -0.000890 0.000003 0.000002 0.004167 0.004323 -0.001770 -0.001798 -0.000001 -0.000004 -0.000016 -0.000018 -0.000016 -0.000006 -0.000617 -0.000028 0.000009 0.000010 0.000004 0.000006 -0.000015 -0.000007 -0.000005 -0.000004 -0.000004 -0.000007 -0.000004 0.002740 0.000005 0.000003 0.000001 0.000003 0.000003 0.000000 -0.000001 0.538991 2.081285 3.280049 2.735125 0.000002 0.000000 0.000000 0.000000 0.000000 0.000000 0.000000 0.000000 0.000000 0.000001 0.000006 0.000111 0.000024 0.000007 0.000143 0.000020 0.000017
-0.000005 -9999.000000 -9999.000000 -9999.000000 -9999.000000 -9999.000000 -9999.000000 0.000000 0.000002 0.000007 0.002966 0.005185 0.001198 -0.000027 -0.000006 -0.000017 -0.000023 -0.000018 -0.000006 -0.000459 0.000004 0.000007 0.000005 0.000002 0.000002 -0.000014 -0.000029 -0.000016 -0.000018 -0.000016 -0.000007 -0.000194 0.002797 0.000003 0.000002 0.000001 0.000002 0.000001 -0.000000 -0.000004 0.625400 2.180359 3.204421 2.580494 0.000000 0.000001 0.000006 -0.000001 -0.000001 -0.000001 -0.000001 -0.000001 -0.000002 0.000000 0.000000 0.000020 0.000021 0.000012 0.000057 0.000016 0.000013
-9999.000000 -9999.000000 -9999.000000 -9999.000000 -9999.000000 -9999.000000 -9999.000000 -9999.000000 0.000000 0.000008 0.000008 0.000048 0.004551 0.000547 -0.000005 -0.000036 -0.000159 -0.000353 -0.000650 -0.000013 0.000002 0.000002 0.000000 0.000001 0.000000 -0.000010 -0.000038 -0.000030 -0.000034 -0.000023 -0.000008 0.002251 0.000113 0.000000 0.000001 0.000000 0.000000 0.000000 0.000000 -0.000000 0.697928 2.085631 3.180397 2.749445 -0.000004 0.000000 0.000013 0.000028 0.000032 -0.000004 -0.000006 -0.000005 -0.000005 -0.000005 -0.000002 0.000007 0.000032 0.000023 0.000012 0.000007 0.000005
-9999.000000 -9999.000000 -9999.000000 -9999.000000 -9999.000000 -9999.000000 -9999.000000 -9999.000000 -9999.000000 0.000003 0.000009 0.000007 0.000014 0.001399 0.000053 -0.000033 -0.000066 -0.000080 0.000000 0.000000 -0.000000 -0.000000 -0.000000 0.000000 0.000000 -0.000004 -0.000019 -0.000040 -0.000051 -0.000012 -0.000010 0.006472 0.000002 0.000000 0.000000 0.000000 -0.000000 -0.000002 -0.000033 0.000027 0.691320 1.971123 2.938088 2.980606 1.361640 -0.000001 0.000002 0.000019 0.000060 -0.000572 -0.001873 -0.000025 -0.000050 0.000005 0.000040 0.000022 0.000015 0.000022 0.000015 0.000005 0.000001
-9999.000000 -9999.000000 -9999.000000 -9999.000000 -9999.000000 -9999.000000 -9999.000000 -9999.000000 -9999.000000 0.000000 0.000007 0.000010 0.000016 0.000812 0.000431 0.000009 -0.000040 -0.000013 -0.000000 -0.000000 -0.000002 -0.000006 -0.000007 -0.000002 -0.000004 -0.000004 -0.000014 -0.000024 -0.000028 -0.000012 -0.000047 0.004984 0.000013 0.000008 -0.000001 -0.000001 -0.000002 -0.000003 0.006285 0.000045 0.000025 1.328503 2.756813 3.019685 1.688939 -0.000009 0.000000 0.000000 0.000000 0.000001 0.000022 0.000009 0.000011 0.000012 0.000011 0.000009 0.000010 0.000012 0.000019 0.000004 0.000000
-9999.000000 -9999.000000 -9999.000000 -9999.000000 -9999.000000 -9999.000000 -9999.000000 -9999.000000 -9999.000000 -9999.000000 0.000004 0.000012 0.000016 0.000014 0.000278 0.000138 0.000037 -0.000008 -0.000005 -0.000009 -0.000014 -0.000018 -0.000014 -0.000005 -0.000013 -0.000012 -0.000014 -0.000010 -0.000012 -0.000000 0.000584 0.000899 0.000015 0.000010 0.000004 0.000010 0.000025 0.000319 0.000302 0.000006 0.000016 1.167164 2.698874 2.837257 2.192512 1.022243 -0.000001 -0.000001 -0.000001 0.000000 0.000002 0.000008 0.000005 0.000005 0.000003 0.000000 0.000001 0.000006 0.000003 0.000001 -0.000000
-9999.000000 -9999.000000 -9999.000000 -9999.000000 -9999.000000 -9999.000000 -9999.000000 -9999.000000 -9999.000000 -9999.000000 0.000004 0.000013 0.000021 0.000022 0.000098 0.000442 0.000079 0.000071 -0.000104 -0.000020 -0.000027 -0.000027 -0.000020 -0.000007 -0.000021 -0.000017 -0.000016 -0.000016 -0.000004 -0.000003 0.001930 0.000019 0.000021 0.000017 0.000005 0.000015 0.000022 0.000010 0.000013 0.000012 0.000016 0.000016 2.188478 2.869452 2.345510 1.226864 -0.000004 -0.000003 -0.000001 -0.000001 0.000000 0.000003 0.000000 0.000000 0.000000 0.000000 0.000000 -0.000000 -0.000000 -0.000000 -0.000003
-9999.000000 -9999.000000 -9999.000000 -9999.000000 -9999.000000 -9999.000000 -9999.000000 -9999.000000 -9999.000000 -9999.000000 0.000003 0.000013 0.000027 0.000017 0.000018 0.000185 0.000032 0.000087 0.005856 -0.000810 -0.000027 -0.000027 -0.000020 -0.000007 -0.000016 -0.000018 -0.000013 -0.000256 0.000086 0.000733 0.001376 0.000026 0.000027 0.000027 0.000018 0.000030 0.000012 0.000008 0.000011 0.000008 0.000021 0.000012 1.515062 3.024468 2.495784 1.529378 0.000001 0.000001 -0.000000 -0.000005 -0.000000 0.000000 0.000000 -0.000008 -0.000010 -0.000004 -0.000004 -0.000001 -0.000001 -0.000002 -0.000005
-9999.000000 -9999.000000 -9999.000000 -9999.000000 -9999.000000 -9999.000000 -9999.000000 -9999.000000 -9999.000000 -9999.000000 0.000000 0.000007 0.000017 0.000009 0.000013 0.000132 0.000116 0.000072 0.000044 0.000028 0.000034 -0.000279 -0.000809 -0.000295 -0.000733 -0.000229 0.000294 0.000097 0.000174 0.000514 0.000399 0.000025 0.000021 0.000046 0.000033 0.000019 0.000006 0.000016 0.000016 0.000004 0.000007 0.000003 1.229282 3.238179 2.794526 2.066116 -0.000000 -0.000000 -0.000001 -0.000019 -0.000003 -0.000005 -0.000001 -0.000074 -0.000015 -0.000012 -0.000011 -0.000008 -0.000015 -0.000005 -0.000012
-9999.000000 -9999.000000 -9999.000000 -9999.000000 -9999.000000 -9999.000000 -9999.000000 -9999.000000 -9999.000000 -9999.000000 -9999.000000 0.000002 0.000007 0.000002 0.000002 0.000479 0.000030 0.000013 0.000017 0.000022 0.000027 0.000025 0.000018 0.000020 0.000056 0.000002 0.000008 0.000006 0.000241 0.000882 0.000023 0.000027 0.000031 0.000028 0.000049 0.000027 0.000007 0.000012 0.000009 0.000001 0.000000 0.000000 0.000001 2.676759 2.801919 2.463468 1.005049 1.335643 -0.000002 -0.000040 -0.000007 -0.000007 -0.000002 -0.000082 -0.000016 -0.000013 -0.000025 -0.000007 -0.000017 -0.000014 -0.000019
-9999.000000 -9999.000000 -9999.000000 -9999.000000 -9999.000000 -9999.000000 -9999.000000 -9999.000000 -9999.000000 -9999.000000 -9999.000000 0.000000 0.000008 0.000004 0.000006 0.000451 0.000031 0.000026 0.000010 0.000021 0.000037 0.000025 0.000030 0.000033 0.000467 0.000012 0.000005 0.000012 0.000827 0.000247 0.000036 0.000033 0.000031 0.000024 0.000040 0.000030 0.000007 0.000007 0.000001 0.000000 0.000000 -0.000000 -0.000000 1.271403 1.567576 2.091212 1.012744 1.765349 1.226172 1.182917 -0.000013 -0.000006 -0.000002 -0.000074 -0.000011 -0.000009 -0.000008 -0.000010 -0.000014 -0.019508 -0.000399
-9999.000000 -9999.000000 -9999.000000 -9999.000000 -9999.000000 -9999.000000 -9999.000000 -9999.000000 -9999.000000 -9999.000000 -9999.000000 -0.000001 0.000007 0.000005 0.000057 0.000300 0.000024 0.000024 0.000011 0.000016 0.000025 0.000033 0.000033 0.000047 0.000226 0.000011 0.000008 0.000023 0.001020 0.000034 0.000042 0.000034 0.000028 0.000022 0.000013 0.000028 0.000006 0.000000 0.000000 -0.000000 -0.000002 -0.000009 -0.000004 0.813364 0.994287 1.656481 1.007053 1.962543 1.469298 1.251203 -0.000052 -0.000102 -0.000043 -0.000078 -0.000002 -0.000004 -0.000008 -0.004409 -0.006049 0.000421 0.000003
-9999.000000 -9999.000000 -9999.000000 -9999.000000 -9999.000000 -9999.000000 -9999.000000 -9999.000000 -9999.000000 -9999.000000 -9999.000000 -0.000001 0.000001 0.000003 0.000257 0.000046 0.000029 0.000021 0.000015 0.000006 0.000017 0.000029 0.000019 0.000055 0.000175 0.000006 0.000015 0.000048 0.001009 0.000020 0.000038 0.000028 0.000023 0.000014 0.000006 0.000012 0.000002 -0.000002 -0.000004 -0.000001 -0.000060 -0.000031 0.000273 0.000742 0.000071 1.396544 1.030134 1.963753 2.358994 2.437815 1.790618 -0.000000 -0.000002 -0.000000 -0.000000 -0.000002 -0.001370 -0.006933 0.000009 0.000002 0.000000
-9999.000000 -9999.000000 -9999.000000 -9999.000000 -9999.000000 -9999.000000 -9999.000000 -9999.000000 -9999.000000 -9999.000000 -9999.000000 -9999.000000 0.000000 0.000006 0.000250 0.000053 0.000037 0.000016 0.000011 0.000004 0.000012 0.000014 0.000011 0.000100 0.000108 0.000006 0.000011 0.000058 0.001206 0.000012 0.000016 0.000017 0.000016 0.000010 0.000006 0.000007 0.000000 -0.000004 -0.000012 -0.000005 0.000115 0.000168 0.000059 0.000047 0.000143 0.000004 0.000001 1.772877 2.399562 2.598429 1.858392 1.370148 -0.000004 -0.000002 -0.000001 -0.001406 -0.000588 0.000015 0.000001 -0.000000 -0.000000
-9999.000000 -9999.000000 -9999.000000 -9999.000000 -9999.000000 -9999.000000 -9999.000000 -9999.000000 -9999.000000 -9999.000000 -9999.000000 -9999.000000 0.000000 0.000038 0.000168 0.000033 0.000044 0.000013 0.000007 0.000003 0.000007 0.000011 0.000005 0.000134 0.000012 0.000004 0.000003 0.000030 0.001145 0.000014 0.000009 0.000012 0.000009 0.000003 0.000006 0.000001 0.000000 -0.000004 -0.000014 -0.000301 0.000595 0.000003 0.000005 0.000007 0.000027 0.000002 0.000000 0.000000 2.075475 2.369791 1.915735 1.445986 1.615509 -0.000002 -0.002283 -0.002683 0.000001 -0.000000 -0.000000 -0.000000 -0.000003
-9999.000000 -9999.000000 -9999.000000 -9999.000000 -9999.000000 -9999.000000 -9999.000000 -9999.000000 -9999.000000 -9999.000000 -9999.000000 -9999.000000 0.000000 0.000045 0.000035 0.000022 0.000039 0.000019 0.000011 0.000006 0.000002 0.000008 0.000017 0.000060 0.000004 0.000000 0.000000 0.000238 0.000831 0.000038 0.000019 0.000012 0.000008 0.000002 0.000001 0.000000 -0.000000 0.000000 0.000006 0.000708 0.000068 0.000004 0.000002 0.000003 0.000007 0.000002 -0.000000 -0.000056 1.646525 2.136051 1.810533 1.426137 1.855469 1.671581 -0.000740 -0.000000 -0.000000 -0.000001 -0.000003 -0.000004 -0.000003
-9999.000000 -9999.000000 -9999.000000 -9999.000000 -9999.000000 -9999.000000 -9999.000000 -9999.000000 -9999.000000 -9999.000000 -9999.000000 -9999.000000 -9999.000000 0.000000 0.000021 0.000019 0.000032 0.000025 0.000014 0.000007 0.000002 0.000003 0.000011 0.000004 0.000000 -0.000002 0.000234 0.000981 0.000070 0.000053 0.000017 0.000008 0.000007 0.000003 0.000001 -0.000001 -0.000001 0.000000 0.000010 0.000169 0.000183 0.000005 0.000003 0.000001 0.000001 0.000001 -0.000003 0.013232 0.000004 1.671313 1.656539 1.366490 2.218921 1.758766 0.926837 1.017027 -0.000001 -0.000022 -0.000009 -0.000006 -0.000002
-9999.000000 -9999.000000 -9999.000000 -9999.000000 -9999.000000 -9999.000000 -9999.000000 -9999.000000 -9999.000000 -9999.000000 -9999.000000 -9999.000000 -9999.000000 0.000000 0.000026 0.000013 0.000023 0.000015 0.000009 0.000003 0.000001 0.000000 0.000000 0.000000 -0.000004 0.000130 0.000780 0.000095 0.000075 0.000071 0.000026 0.000011 0.000009 0.000004 0.000001 -0.000002 -0.000004 -0.000000 0.000003 0.000002 0.000326 0.000007 0.000004 0.000001 0.000000 0.000000 -0.000234 0.002677 0.000004 0.000001 1.332649 1.152073 2.326781 2.115818 0.931942 0.944030 0.570314 0.627173 0.981202 -0.000008 -0.000004
-9999.000000 -9999.000000 -9999.000000 -9999.000000 -9999.000000 -9999.000000 -9999.000000 -9999.000000 -9999.000000 -9999.000000 -9999.000000 -9999.000000 -9999.000000 -9999.000000 0.000012 0.000016 0.000030 0.000012 0.000006 0.000003 0.000000 -0.000000 -0.000004 -0.000013 0.000145 0.000599 0.000011 0.000100 0.000078 0.000049 0.000064 0.000015 0.000011 0.000004 0.000000 -0.000001 -0.000002 -0.000002 -0.000000 -0.000000 0.000305 0.000002 0.000001 0.000001 -0.000001 -0.000002 0.004281 0.000005 0.000001 0.000001 0.000036 0.000003 2.006828 2.081733 1.394913 1.018502 0.603002 0.653127 0.775328 0.262022 0.078716
-9999.000000 -9999.000000 -9999.000000 -9999.000000 -9999.000000 -9999.000000 -9999.000000 -9999.000000 -9999.000000 -9999.000000 -9999.000000 -9999.000000 -9999.000000 -9999.000000 0.000000 0.000007 0.000016 0.000007 0.000002 0.000003 -0.000000 -0.000004 -0.000013 0.048582 0.000008 0.000099 0.000015 0.000005 0.000070 0.000045 0.000046 0.000012 0.000004 0.000008 0.000002 -0.000002 -0.000003 -0.000008 0.000015 0.000213 0.000357 0.000000 0.000000 0.000000 -0.000003 0.056891 0.001181 0.000002 0.000008 0.000001 0.000106 0.000003 0.000008 1.557383 1.245831 0.672010 0.499904 0.516906 0.520065 0.297418 0.100428
-9999.000000 -9999.000000 -9999.000000 -9999.000000 -9999.000000 -9999.000000 -9999.000000 -9999.000000 -9999.000000 -9999.000000 -9999.000000 -9999.000000 -9999.000000 -9999.000000 -9999.000000 0.000000 0.000004 0.000003 0.000001 0.000002 0.000003 0.000033 0.000270 0.000023 0.000010 0.000060 0.000011 0.000004 0.000010 0.000058 0.000028 0.000010 0.000003 0.000005 0.000002 -0.000000 -0.000003 -0.000000 0.000078 0.000131 0.000056 -0.000015 -0.000013 -0.000005 -0.001340 0.001772 0.000003 0.000002 0.000004 0.000388 0.000006 0.000004 0.000003 0.000007 0.832883 0.421349 0.326281 0.386335 0.397226 0.341205 0.078940
-9999.000000 -9999.000000 -9999.000000 -9999.000000 -9999.000000 -9999.000000 -9999.000000 -9999.000000 -9999.000000 -9999.000000 -9999.000000 -9999.000000 -9999.000000 -9999.000000 -9999.000000 -9999.000000 0.000000 0.000000 0.000000 0.000003 0.000007 0.000023 0.000125 0.000020 0.000016 0.000021 0.000007 0.000002 0.000004 0.000006 0.000023 0.000005 0.000002 0.000001 0.000001 0.000000 -0.000001 0.000036 0.000317 0.000100 0.000062 -0.000015 -0.000039 -0.001264 0.004671 0.000005 0.000001 0.000003 0.000004 0.000010 0.000001 0.000000 0.000000 0.000002 0.000020 0.000010 0.000002 0.000010 0.000005 0.298459 0.063877
-9999.000000 -9999.000000 -9999.000000 -9999.000000 -9999.000000 -9999.000000 -9999.000000 -9999.000000 -9999.000000 -9999.000000 -9999.000000 -9999.000000 -9999.000000 -9999.000000 -9999.000000 -9999.000000 -9999.000000 -9999.000000 0.000000 0.000001 0.000004 0.000016 0.000048 0.000009 0.000013 0.000005 0.000002 0.000000 0.000000 0.000000 0.000000 0.000001 0.000000 0.000000 0.000000 0.000000 -0.000002 0.000153 0.000155 0.000130 0.000073 -0.000004 0.003263 0.000615 0.000016 0.000007 0.000000 0.000000 0.000001 0.000000 -0.000000 -0.000000 0.000000 0.000000 0.000001 0.000008 0.000002 0.000004 0.000011 0.000013 0.000016
-9999.000000 -9999.000000 -9999.000000 -9999.000000 -9999.000000 -9999.000000 -9999.000000 -9999.000000 -9999.000000 -9999.000000 -9999.000000 -9999.000000 -9999.000000 -9999.000000 -9999.000000 -9999.000000 -9999.000000 -9999.000000 -9999.000000 0.000000 0.000000 0.000009 0.000004 0.000003 0.000002 0.000000 0.000000 -0.000000 -0.000004 -0.000019 -0.000002 0.000000 0.000000 -0.000001 -0.000002 -0.000004 0.000102 0.000308 0.000129 0.000074 0.000046 0.000007 0.001839 0.000012 0.000013 0.000015 0.000000 -0.000000 -0.000000 0.000034 -0.000199 -0.000246 -0.000002 -0.000003 0.000000 0.000000 0.000001 0.000005 0.000019 0.000013 0.000020
-9999.000000 -9999.000000 -9999.000000 -9999.000000 -9999.000000 -9999.000000 -9999.000000 -9999.000000 -9999.000000 -9999.000000 -9999.000000 -9999.000000 -9999.000000 -9999.000000 -9999.000000 -9999.000000 -9999.000000 -9999.000000 -9999.000000 -9999.000000 -9999.000000 0.000000 0.000000 0.000000 0.000000 -0.000000 -0.000004 -0.000006 -0.000012 -0.000062 -0.000005 -0.000000 -0.000001 -0.000003 -0.000006 -0.000062 0.000419 0.000006 0.000022 0.000021 0.000014 0.000012 0.001038 0.000016 0.000012 0.000005 0.000058 0.000013 0.000031 0.000109 0.001361 0.002244 -0.003262 -0.000016 -0.000002 -0.000000 0.000000 0.000003 0.000003 0.000012 0.000013
