use_cases/Flooding/flood_case/output/hUy_7200.asc
ncols 269
nrows 269
xllcorner 0.000000
yllcorner 0.000000
cellsize 10.000000
NODATA_value -9999.000000
[rows 81 to 107 of 269, columns 122 to 182 of 269]
-0.001733 -0.000010 -0.000003 -0.000585 -0.001785 -0.000133 -0.000074 -0.000000 -0.000002 -0.000005 -0.000005 -0.000005 -0.000002 -0.000008 -0.000012 -0.000018 -0.000006 -0.000013 -0.000917 -0.026643 -0.051934 -0.054598 0.014949 0.042556 0.034804 -0.002510 -0.048565 -0.054884 -0.006747 -0.039767 -0.022270 0.011449 0.025695 0.049188 -0.008453 -0.000031 -0.000021 -0.000004 -0.000015 -0.000004 -0.000012 -0.000029 -0.000012 -0.000018 -0.004076 -0.047763 -0.035866 -0.002880 -0.003611 -0.008335 0.016082 0.016643 0.017775 0.010907 0.009405 -0.003277 -0.000008 -0.000014 -0.000003 -0.000289 -0.000023
-0.004463 -0.000006 -0.000002 -0.000000 -0.014347 -0.000048 -0.000023 -0.000006 -0.000007 -0.000022 -0.000013 -0.000011 -0.000003 -0.000013 -0.000010 -0.000016 -0.000073 -0.060926 -0.066866 -0.053962 -0.050625 0.006251 0.047433 0.054350 0.055189 -0.000026 -0.025148 -0.009331 0.031476 0.002539 0.000051 0.008873 0.028438 0.063471 0.026964 -0.002950 -0.000031 -0.000010 -0.000009 -0.000011 -0.000024 -0.014985 -0.023206 -0.031580 -0.027101 -0.037384 0.010278 0.015379 0.014216 0.021208 0.001894 0.002669 0.034793 0.026912 0.022193 0.063784 -0.008817 -0.000166 -0.000002 -0.000259 -0.000015
-0.005790 -0.000019 -0.000002 -0.000013 -0.006146 -0.000028 -0.000020 -0.000028 -0.000011 -0.000021 -0.000017 -0.000008 -0.000007 -0.000008 -0.000008 -0.001663 -0.076683 -0.088664 -0.013155 0.007909 0.000201 0.000095 0.000006 0.000002 0.000064 0.000029 0.000854 0.000014 0.000041 0.000009 0.000002 0.000010 0.000380 0.045611 0.026119 0.000297 -0.010394 -0.032484 -0.047604 0.012540 -0.001591 -0.036139 -0.050214 -0.036281 0.012002 0.000247 0.000033 0.000085 0.000022 0.000028 0.000015 0.000008 0.000010 0.000012 0.000578 0.053132 0.043242 0.027826 -0.028308 -0.028632 -0.029778
0.129917 0.025819 -0.000403 -0.018517 -0.003235 0.090571 -0.000069 -0.000023 -0.000012 -0.000019 -0.000013 -0.000007 -0.000011 -0.000008 -0.000627 -0.099812 -0.117689 0.010459 0.000046 0.000008 0.000007 0.000006 0.000005 0.000003 0.000078 0.000012 0.000008 0.000003 0.000047 0.000011 0.000004 0.000015 0.000014 0.000017 0.005491 0.010846 0.004893 0.000568 0.001168 0.047804 0.012942 -0.001011 0.005348 0.000385 0.000023 0.000029 0.000026 0.000137 0.000043 0.000018 0.000021 0.000021 0.000007 0.000009 0.000013 0.000014 0.003760 0.034730 0.009113 0.007350 0.011300
0.073389 0.040054 0.001889 -0.009756 0.068430 0.139068 0.002659 -0.000142 -0.000006 -0.000058 -0.000014 -0.000012 -0.000005 -0.000008 -0.046661 -0.142787 0.002476 0.000005 0.000003 0.000002 0.000002 0.000002 0.000002 0.000004 0.000079 0.000012 0.000007 0.000003 0.000030 0.000016 0.000010 0.000032 0.000015 0.000019 0.000019 0.000070 0.000010 0.000006 0.000002 0.000003 0.001199 0.002077 0.000011 0.000012 0.000020 0.000040 0.000007 0.000165 0.000057 0.000024 0.000016 0.000027 0.000012 0.000004 0.000010 0.000008 0.000018 0.000513 0.032953 0.038121 0.033876
0.000002 0.000004 0.000025 0.000015 0.006995 0.144396 0.144424 0.048666 -0.002726 0.031799 0.030359 -0.099358 -0.000048 -0.018890 -0.083096 -0.049503 0.000004 0.000001 0.000000 0.000000 0.000000 0.000000 0.000000 0.000000 0.000007 0.000003 0.000004 0.000003 0.000022 0.000005 0.000008 0.000025 0.000013 0.000018 0.000017 0.000037 0.000005 0.000002 0.000000 0.000000 0.000226 0.000370 0.000008 0.000006 0.000011 0.000016 0.000015 0.000005 0.000122 0.000025 0.000021 0.000012 0.000008 0.000004 0.000005 0.000002 0.000035 0.000590 0.000012 0.000009 0.000006
0.000000 0.000000 0.000000 0.000000 0.000000 0.000719 0.075927 0.076474 0.057516 0.041883 0.040630 0.018125 0.029118 -0.066556 -0.099181 0.000544 0.000001 -0.000000 -0.000000 -0.000002 -0.000012 -0.000004 -0.000003 -0.000002 0.000000 0.000000 0.000000 0.000000 0.000002 0.000004 0.000002 0.000010 0.000007 0.000010 0.000009 0.000004 0.000000 0.000000 -0.000000 -0.000000 0.000858 0.000052 0.000016 0.000005 0.000010 0.000009 0.000013 0.000010 0.000081 0.000023 0.000023 0.000010 0.000003 0.000002 0.000000 0.000000 0.000386 0.000016 0.000011 0.000007 0.000021
-0.000002 -0.000004 -0.000005 -0.000012 0.000000 0.000000 0.000003 0.005768 0.022484 0.026087 0.024919 0.039379 0.047041 -0.014795 -0.029725 0.000000 0.000000 -0.000002 -0.000007 -0.000004 -0.000036 -0.000009 -0.000010 -0.000009 -0.000006 -0.000005 -0.000005 -0.000002 0.000000 0.000000 0.000000 0.000002 0.000003 0.000002 0.000000 0.000000 -0.000002 -0.000002 0.000219 0.000365 0.000610 0.000042 0.000021 0.000021 0.000010 0.000009 0.000017 0.000019 0.000034 0.000014 0.000025 0.000010 0.000003 0.000000 -0.000003 0.000219 0.000543 0.000014 0.000005 0.000013 0.000028
-0.000006 -0.022128 -0.025825 -0.000342 -0.000003 -0.000001 0.000000 0.000000 0.000002 0.000001 0.000000 0.028010 0.052668 0.002108 -0.003118 -0.000002 -0.000001 -0.000146 -0.000022 -0.000024 -0.000057 -0.000013 -0.000009 -0.000011 -0.000011 -0.000024 -0.000014 -0.000008 -0.000004 -0.000002 0.000000 0.000000 0.000000 0.000000 0.000001 0.000006 -0.000001 -0.000926 0.000453 0.000004 0.000008 0.000088 0.000025 0.000025 0.000018 0.000018 0.000016 0.000013 0.000014 0.000010 0.000016 0.000003 0.000009 0.000001 -0.005314 0.000323 0.000013 0.000009 0.000005 0.000009 0.000014
0.008486 0.001379 -0.003728 -0.000552 -0.008497 -0.000003 -0.000004 -0.000002 0.000000 0.000000 0.009736 0.027662 0.037607 0.004113 0.006910 0.004635 -0.041731 -0.006833 -0.019332 -0.000439 -0.000034 -0.001566 -0.000010 -0.000011 -0.000011 -0.000027 -0.000014 -0.000015 -0.000015 -0.000009 -0.000003 -0.000002 -0.000000 -0.000000 0.000000 0.000003 0.000007 0.000313 0.000073 0.000007 0.000005 0.000047 0.000018 0.000018 0.000013 0.000009 0.000005 0.000004 0.000005 0.000008 0.000006 0.000003 0.000007 0.000005 0.000210 0.000023 0.000008 0.000003 0.000004 0.000003 0.000008
0.015297 0.000934 0.000008 0.000015 0.006594 0.000734 -0.000252 0.000483 0.002597 0.015059 0.018612 0.025895 0.022715 0.004263 0.010844 0.005195 -0.008317 0.005283 0.012400 0.012240 0.028662 0.016668 -0.000631 -0.000094 -0.000074 -0.000020 -0.000012 -0.000008 -0.000018 -0.000014 -0.000009 -0.000006 -0.000004 -0.000001 -0.000000 0.000001 0.000005 0.000260 0.000193 0.000003 0.000004 0.000008 0.000004 0.000005 0.000004 0.000002 0.000000 0.000000 0.000000 0.000004 0.000002 0.000003 0.000005 0.000010 0.000187 0.000051 0.000014 0.000000 0.000000 0.000003 0.000005
0.000635 0.000159 0.000007 0.000003 0.000008 0.000315 0.000005 0.000011 0.000040 0.029692 0.065497 0.042331 0.042998 0.044190 0.045277 0.044705 0.025942 0.001760 0.000709 0.006094 0.038577 0.033604 0.005518 0.019311 -0.005584 -0.002807 -0.000010 -0.000005 -0.000019 -0.000011 -0.000021 -0.000011 -0.000007 -0.000009 -0.000002 -0.000000 0.000002 0.000008 0.000615 0.000000 0.000000 0.000000 0.000000 -0.000000 -0.000000 -0.000000 -0.000004 0.000003 0.000003 0.000003 0.000002 0.000000 0.000002 0.000006 0.000087 0.000041 0.000050 0.000023 0.000011 0.000006 0.000002
0.000389 0.000093 0.000002 0.000002 0.000005 0.000278 0.000009 0.000011 0.000014 0.000016 0.000043 0.001057 0.000068 0.000172 0.000249 0.000058 0.000011 0.000009 0.000003 0.000007 0.000013 0.000034 0.000364 0.027481 0.030572 0.012415 -0.000055 -0.000006 -0.000008 -0.000023 -0.000021 -0.000014 -0.000006 -0.000036 -0.000008 -0.000003 0.000000 0.000005 0.000548 0.000331 0.000008 -0.000010 0.000204 0.000034 0.000005 0.000040 0.000015 0.000004 0.000001 0.000000 0.000000 0.000000 0.000000 0.000002 0.000019 0.000003 0.000050 0.000011 0.000007 0.000004 0.000002
0.000010 0.000586 0.000000 0.000000 0.000004 0.000314 0.000014 0.000004 0.000013 0.000009 0.000041 0.000699 0.000006 0.000002 0.000475 0.000068 0.000008 0.000011 0.000004 0.000009 0.000017 0.000021 0.000012 0.000017 0.022969 0.040958 0.000028 -0.000007 -0.000007 -0.000017 -0.000013 -0.000007 -0.000010 -0.000069 -0.000013 -0.000008 0.000003 0.000003 0.000007 0.000137 0.000113 0.000193 0.000020 0.000049 0.000010 0.000010 0.000008 0.000004 0.000000 -0.000000 -0.000000 -0.000001 -0.000000 -0.000000 0.000000 0.000001 0.000014 0.000007 0.000004 0.000002 0.000004
0.000009 0.000575 0.000019 0.000012 0.000003 0.000351 0.000024 0.000004 0.000010 0.000002 0.000075 0.000808 0.000007 0.000002 0.000458 0.000136 0.000001 0.000006 0.000003 0.000012 0.000030 0.000014 0.000025 0.000022 0.000020 0.035510 0.000056 -0.000000 -0.000005 -0.000013 -0.000018 -0.000028 -0.000085 -0.000059 -0.000012 -0.000001 0.000001 0.000002 0.000001 0.000005 0.000032 0.000013 0.000004 0.000070 0.000016 0.000010 0.000006 0.000002 0.000000 -0.000001 -0.000004 -0.000006 -0.000007 -0.000014 -0.000000 0.000000 0.000000 0.000001 0.000001 0.000002 0.000001
0.000008 0.000538 0.000011 0.000010 0.000005 0.000207 0.000074 0.000004 0.000000 0.000000 0.000204 0.000693 0.000011 0.000004 0.000009 0.000507 0.000000 0.000002 0.000004 0.000012 0.000015 0.000022 0.000040 0.000018 0.000018 0.028060 0.017451 -0.000005 -0.000012 -0.000041 -0.000083 -0.000041 -0.000025 0.000000 0.000000 0.000000 0.000000 0.000000 0.000000 0.000000 0.000002 0.000007 0.000003 0.000032 0.000013 0.000006 0.000002 0.000000 0.000000 -0.000004 -0.000009 -0.000013 -0.000059 -0.000021 -0.000006 -0.000002 -0.000000 0.000000 0.000000 0.000000 0.000000
0.000009 0.000645 0.000014 0.000016 0.000006 0.000153 0.000140 0.000006 0.000026 0.000010 0.000476 0.000023 0.000012 0.000004 0.000011 0.000577 0.000039 0.000000 0.000004 0.000011 0.000015 0.000021 0.000027 0.000014 0.000007 0.001869 0.062584 -0.002589 -0.000082 -0.000012 0.000000 -0.000000 -0.000000 -0.000002 -0.000002 -0.000001 -0.000000 -0.000000 -0.000001 -0.000000 0.000000 0.000000 0.000001 0.000004 0.000007 0.000002 -0.000000 -0.000000 -0.000003 -0.000008 -0.000014 -0.000018 -0.000146 -0.000040 -0.000026 -0.000003 -0.000001 -0.000001 -0.000001 -0.000003 -0.000003
0.000010 0.001020 0.000022 0.000018 0.000007 0.000018 0.000266 0.000011 0.000015 0.000015 0.000433 0.000019 0.000014 0.000006 0.000010 0.000016 0.000435 -0.000002 0.000007 0.000003 0.000010 0.000027 0.000014 0.000027 0.000004 0.000015 0.040114 0.095091 -0.000147 -0.000000 -0.000000 -0.000000 -0.000004 -0.000007 -0.000008 -0.000006 -0.000004 -0.000003 -0.000010 -0.000005 -0.000002 -0.000003 0.000000 0.000001 0.000001 -0.000000 -0.000000 -0.000002 -0.000007 -0.000012 -0.000017 -0.002625 -0.000037 0.000039 0.000015 0.000011 -0.000001 -0.000002 -0.000004 -0.000007 -0.000009
0.000008 0.000671 0.000016 0.000016 0.000006 0.000016 0.000223 0.000025 0.000006 0.000016 0.000846 0.000018 0.000012 0.000008 0.000005 0.000012 0.000014 0.009966 0.000010 0.000005 0.000007 0.000019 0.000010 0.000014 0.000008 0.000014 0.000014 0.027672 0.023890 -0.000001 -0.000003 -0.000005 -0.000017 -0.000009 -0.000011 -0.000009 -0.000010 -0.000027 -0.000017 -0.000011 -0.000008 -0.000010 -0.000001 0.000000 0.000000 -0.000002 -0.000008 -0.000006 -0.000014 -0.000020 -0.000386 0.000073 0.000008 0.000007 0.000004 0.000004 -0.000000 -0.000002 -0.000009 -0.000017 -0.000010
0.000005 0.000253 0.000014 0.000010 0.000004 0.000011 0.000206 0.000036 0.000004 0.000011 0.000633 0.000018 0.000011 0.000005 0.000008 0.000010 0.000013 0.000345 0.000010 0.000010 0.000003 0.000009 0.000009 0.000010 0.000007 0.000009 0.000001 0.000040 0.057614 0.006607 -0.009522 -0.000032 -0.000033 -0.000010 -0.000008 -0.000011 -0.000033 -0.000024 -0.000012 -0.000006 -0.000054 -0.000010 -0.000003 -0.000002 -0.000001 -0.000006 -0.000014 -0.000023 -0.000014 -0.000548 -0.001475 0.000006 0.000003 0.000002 0.000002 0.000001 -0.000001 -0.000005 -0.000012 -0.000024 -0.000014
0.000001 0.000296 0.000009 0.000006 0.000002 0.000012 0.000135 0.000057 0.000004 0.000012 0.000581 0.000015 0.000012 0.000009 0.000004 0.000011 0.000019 0.000380 0.000007 0.000006 0.000003 0.000007 0.000008 0.000012 0.000008 0.000000 0.000000 0.000055 0.032088 0.010530 0.029996 0.024537 -0.006481 -0.000030 -0.000011 -0.000051 -0.000022 -0.000009 -0.000006 -0.000077 -0.000021 -0.000000 -0.000004 -0.000003 -0.000005 -0.000009 -0.000048 -0.000013 -0.000016 -0.000517 0.000002 0.000002 0.000000 0.000000 0.000000 0.000000 -0.000003 -0.000008 -0.000012 -0.000024 -0.000026
0.000031 0.000455 0.000002 0.000003 0.000003 0.000014 0.000027 0.000083 0.000010 0.000021 0.000496 0.000013 0.000005 0.000002 0.000006 0.000011 0.000024 0.000405 0.000009 0.000006 0.000002 0.000005 0.000004 0.000006 0.000004 0.000000 0.000010 0.000258 0.000170 0.000516 0.035211 0.038408 0.013737 -0.000056 -0.000013 -0.000032 -0.000019 -0.000006 -0.000095 -0.000057 -0.000009 -0.000004 -0.000007 -0.000013 -0.000004 -0.000011 -0.000040 -0.000026 -0.000053 -0.023880 0.000000 -0.000000 -0.000000 -0.000002 -0.000004 -0.000002 -0.000006 -0.000012 -0.000017 -0.000026 -0.000031
0.000020 0.000744 0.000000 0.000000 0.000006 0.000014 0.000023 0.000036 0.000020 0.000030 0.000528 0.000013 0.000002 0.000002 0.000005 0.000008 0.000023 0.000225 0.000012 0.000008 0.000003 0.000004 0.000001 0.000000 0.000000 -0.000000 0.000344 0.000007 0.000004 0.000006 0.000008 0.060164 0.017665 -0.002881 -0.000052 -0.000020 -0.000019 -0.000069 -0.000075 -0.000031 -0.000010 -0.000006 -0.000040 -0.000016 -0.000005 -0.000011 -0.000018 -0.000030 -0.000455 -0.000006 -0.000000 -0.000002 -0.000003 -0.000003 -0.000009 -0.000010 -0.000014 -0.000019 -0.000023 -0.000026 -0.015969
0.000015 0.000540 0.000004 -0.000003 0.000010 0.000007 0.000018 0.000014 0.000021 0.000026 0.000419 0.000023 0.000000 0.000004 0.000009 0.000016 0.000020 0.000170 0.000010 0.000007 0.000003 0.000004 0.000002 0.000004 -0.000000 0.000006 0.000260 0.000005 0.000007 0.000003 0.000007 0.000051 -0.004198 0.039894 0.017542 0.022777 -0.036222 -0.000142 -0.000036 -0.000019 -0.000014 -0.000005 -0.000073 -0.000017 -0.000011 -0.000005 -0.000001 -0.000020 -0.000555 -0.000017 -0.000004 -0.000017 -0.000010 -0.000005 -0.000014 -0.000018 -0.000019 -0.002934 -0.182605 0.001553 0.002016
0.000028 0.000497 0.000020 0.000010 0.000011 0.000015 0.000005 0.000013 0.000017 0.000020 0.000275 0.000058 0.000026 0.000009 0.000004 0.000008 0.000012 0.000120 0.000011 0.000006 0.000002 0.000002 0.000001 0.000001 0.000022 0.000082 0.000213 0.000022 0.000006 0.000002 0.000004 0.000005 -0.010180 0.029872 0.014002 0.026057 -0.008990 0.000088 -0.031432 -0.000061 -0.000019 -0.000020 -0.000057 -0.000013 -0.000008 -0.000014 -0.000004 -0.000011 -0.000572 -0.000052 -0.000006 -0.000019 -0.000040 -0.000004 -0.435491 -0.635956 0.002717 0.004556 0.000014 0.000010 0.000010
0.000036 0.000357 0.000023 0.000017 0.000014 0.000013 0.000004 0.000008 0.000012 0.000018 0.000141 0.000030 0.000022 0.000011 0.000008 0.000003 0.000008 0.000075 0.000008 0.000004 0.000001 0.000000 0.000000 0.000000 0.000054 0.000147 0.000004 0.000060 0.000005 0.000001 0.000000 0.000001 0.000051 0.017627 0.002269 0.018643 0.004167 0.010918 0.014743 0.014005 -0.089823 -0.000448 -0.000030 -0.000011 -0.000005 -0.000054 -0.000003 -0.000008 -0.013574 -0.005062 -0.003959 -0.003406 -0.000793 -0.000440 0.002991 0.000013 0.000011 0.000007 0.000009 0.000004 0.000004
0.000053 0.000190 0.000029 0.000022 0.000015 0.000005 0.000002 0.000002 0.000006 0.000011 0.000065 0.000031 0.000009 0.000009 0.000005 0.000002 0.000005 0.000039 0.000005 0.000001 0.000000 -0.000001 -0.000001 0.000026 0.000182 0.000002 0.000004 0.000045 0.000002 0.000000 -0.000001 -0.000000 -0.000000 0.022283 0.000388 0.023961 0.006927 0.017253 0.024719 0.019710 -0.035067 -0.003936 -0.007458 -0.000007 -0.000002 -0.000013 -0.001402 -0.001001 0.000159 0.000010 0.000009 0.000008 0.000002 0.000002 0.000005 0.000005 0.000003 0.000002 0.000000 0.000000 0.000000
