use_cases/Flooding/flood_case/output/hUy_1800.asc
ncols 269
nrows 269
xllcorner 0.000000
yllcorner 0.000000
cellsize 10.000000
NODATA_value -9999.000000
[rows 81 to 107 of 269, columns 186 to 247 of 269]
-0.023651 -0.000000 -0.000000 -0.000035 -0.000126 -0.000165 -0.000463 -0.038158 -0.068378 -0.051427 -0.028785 -0.020427 -0.016253 -0.014411 -0.005105 -0.000000 -0.000000 -0.000019 -0.000027 -0.000092 -0.002126 -0.000680 -0.000329 -0.000228 -0.000092 -0.000031 -0.000077 -0.015318 -0.020264 -0.000037 -0.000055 -0.000071 -0.000183 -0.000058 -0.000044 -0.000103 -0.015743 0.002502 0.000037 0.000001 0.000000 -0.000044 -0.000102 -0.000155 -0.000228 -0.000497 -0.000214 -0.000244 -0.000545 -0.188497 0.002650 0.000282 0.000301 0.000272 0.000365 0.000227 0.000198 0.000149 0.000064 0.000541 0.000148 0.000094
-0.017209 -0.000031 -0.000035 -0.000088 -0.000292 -0.045735 -0.049839 -0.046077 -0.022196 0.013680 0.038915 0.040550 0.033693 -0.000308 -0.000744 -0.000001 -0.000048 -0.000047 -0.000102 -0.000153 -0.002943 -0.000566 -0.000305 -0.000176 -0.000086 -0.000030 -0.000052 -0.005976 -0.033921 -0.000095 -0.000066 -0.000159 -0.000639 -0.000008 -0.000069 -0.000117 -0.053238 0.000061 0.000009 -0.000000 -0.000018 -0.000084 -0.000147 -0.000209 -0.000283 -0.000460 -0.001363 -0.027698 -0.055731 0.013652 0.000213 0.000222 0.000157 0.000284 0.000182 0.000147 0.000110 0.000090 0.000071 0.000145 0.000050 0.000028
-0.023505 -0.000087 -0.000047 -0.007871 -0.066651 -0.104941 -0.094650 -0.038064 -0.008104 0.025012 0.059583 0.085972 0.084041 0.043553 0.005833 -0.002522 -0.000133 -0.000057 -0.043985 -0.115058 -0.055739 -0.000348 -0.000297 -0.000155 -0.000125 -0.000043 -0.000083 -0.001776 -0.046592 -0.000128 -0.000118 -0.000085 -0.153592 -0.000086 -0.000065 -0.160729 0.008888 0.000039 -0.000000 -0.000021 -0.000073 -0.000136 -0.000194 -0.000247 -0.032230 -0.150577 -0.033753 0.007959 0.000182 0.000207 0.000201 0.000155 0.000095 0.000138 0.000056 0.000036 0.000006 0.000000 0.000002 0.000005 -0.000000 -0.000000
-0.001916 -0.017919 -0.020519 -0.058758 -0.092937 -0.088063 -0.046292 0.007688 0.008410 0.001175 0.055160 0.057468 0.110541 0.078839 0.035124 0.002393 -0.019343 -0.014933 -0.013667 -0.014956 0.071530 -0.009683 -0.000214 -0.000185 -0.000089 -0.000126 -0.000151 -0.010294 -0.056865 -0.000134 -0.000133 -0.000050 -0.000105 -0.029879 -0.009673 0.004309 0.000058 0.000016 -0.000012 -0.000069 -0.000132 -0.000184 -0.000234 -0.023329 -0.014805 -0.000394 0.000087 0.000108 0.000103 0.000075 0.000114 0.000054 0.000023 0.000026 0.000000 -0.000000 -0.000000 -0.000000 -0.000000 -0.000000 -0.000002 -0.000006
0.008420 -0.015301 -0.024096 -0.042985 -0.050559 -0.031474 -0.002996 0.000211 0.000087 0.000055 0.000094 0.001134 0.113313 0.049425 0.045470 0.012120 -0.032977 -0.021672 0.002138 0.023409 0.139652 0.085375 -0.074573 -0.000299 -0.000091 -0.005039 -0.239845 0.008632 -0.073587 -0.001879 -0.005275 -0.008512 0.000440 0.003248 0.000090 0.000049 0.000013 0.000000 -0.000047 -0.000114 -0.000171 -0.015985 -0.078700 0.064839 -0.006365 0.000000 0.000000 0.000014 0.000017 0.000009 0.000002 -0.000000 -0.000000 -0.000000 -0.000022 -0.000108 -0.000078 -0.000053 -0.000034 -0.000068 -0.000022 -0.000042
0.009939 -0.009534 -0.014125 -0.016872 0.000473 0.007935 0.000795 0.000186 0.000023 0.000045 0.000030 0.000103 0.000175 0.053773 0.079831 0.092504 -0.020569 0.044607 0.000193 0.000053 0.195396 0.090499 0.074108 0.008204 0.024805 0.017526 -0.104902 0.067431 0.008440 -0.007905 -0.001352 0.005588 0.000131 0.000113 0.000131 0.000023 0.000000 -0.000030 -0.000097 -0.000214 -0.197552 -0.154155 0.107436 0.036235 0.061669 0.009010 -0.000014 0.000000 -0.000000 -0.000000 -0.000000 -0.000014 -0.000038 -0.000027 -0.000686 -0.000230 -0.000154 -0.000116 -0.000083 -0.000166 -0.000033 -0.000087
0.034427 0.017015 0.020709 0.002649 0.001629 0.001529 0.000518 0.000420 0.000000 0.000000 0.000024 0.000106 0.000259 0.002558 0.000051 0.000162 0.028792 0.000430 0.000104 0.000048 0.000125 0.064700 0.213237 0.085868 0.127730 0.130471 -0.022555 0.112446 0.062383 0.000432 0.000108 0.000125 0.000134 0.000077 0.000137 0.000005 -0.000015 -0.000079 -0.096029 -0.022836 -0.113577 0.001967 0.000154 0.000058 0.000128 0.026478 0.001002 -0.000023 -0.000030 -0.000059 -0.000076 -0.000104 -0.000094 -0.000040 -0.001215 -0.000267 -0.000168 -0.000165 -0.000128 -0.000090 -0.000104 -0.000143
0.004534 0.003663 0.000604 0.000744 0.000668 0.000859 0.000714 0.001096 0.001256 0.000081 0.000050 0.000131 0.000270 0.002151 0.000049 0.000186 0.005064 0.000506 0.000039 0.000028 0.000077 0.000138 0.000190 0.001103 0.000165 0.000109 0.027039 0.103866 0.119750 0.000037 0.000041 0.000040 0.000055 0.000041 0.000030 0.000000 -0.000052 -0.121157 -0.446603 0.001043 0.000157 0.000401 0.000202 0.000070 0.000094 0.000156 0.020008 -0.000085 -0.000111 -0.000165 -0.000166 -0.000348 -0.000252 -0.000304 -0.000943 -0.000250 -0.000226 -0.000190 -0.000069 -0.000123 -0.000155 -0.001080
0.004093 0.000266 0.000281 0.000980 0.001450 0.000462 0.000204 0.000055 0.001122 0.000142 0.000107 0.000052 0.000184 0.002174 0.000078 0.000197 0.003705 0.001585 0.000000 0.000000 0.000017 0.000055 0.000127 0.000645 0.000101 0.000185 0.000220 0.121725 0.103785 0.000000 0.000000 0.000000 0.000006 0.000000 0.000000 -0.000029 -0.098265 -0.097731 0.031307 0.000341 0.000273 0.000383 0.000225 0.000117 0.000047 0.000131 0.028229 -0.001639 -0.004833 -0.010606 -0.044095 -0.012894 -0.003088 -0.005181 -0.011492 -0.000200 -0.000208 -0.000149 -0.000049 -0.000131 -0.001720 -0.000088
0.004072 0.000200 0.000064 0.000165 0.002740 0.000331 0.000231 0.000062 0.000914 0.000175 0.000113 0.000074 0.000280 0.001874 0.000147 0.000337 0.001298 0.004613 0.000371 -0.000018 0.000000 0.000000 0.000064 0.000227 0.000115 0.000093 0.000172 0.028466 0.195095 -0.000006 -0.000012 -0.000004 -0.000000 -0.000010 -0.000055 -0.079058 -0.527171 0.001199 0.000254 0.000470 0.000352 0.000178 0.000158 0.000108 0.000045 0.000116 0.026819 0.177780 0.031940 0.016936 0.008689 0.079109 0.016454 0.003831 0.004903 0.011539 -0.007661 -0.000312 -0.000509 -0.001404 0.000214 0.000080
0.004277 0.000191 0.000069 0.000132 0.001883 0.000360 0.000254 0.000092 0.000632 0.000142 0.000047 0.000128 0.000366 0.000930 0.000385 0.000459 0.002209 0.001240 0.000952 0.001532 0.000323 0.000144 0.000045 0.000109 0.000130 0.000099 0.000269 0.000302 0.211764 0.110205 -0.000121 -0.000087 -0.000074 -0.000036 -0.083945 -0.016589 0.000133 0.000138 0.000173 0.000173 0.000351 0.000218 0.000123 0.000084 0.000030 0.000101 0.000168 0.001439 0.000199 0.000128 0.000040 0.000116 0.002740 0.001742 0.000092 0.000030 0.018040 -0.006023 -0.000926 0.000771 0.000121 0.000093
0.003245 0.000183 0.000099 0.000076 0.001210 0.000266 0.000211 0.000151 0.000265 0.000100 0.000035 0.000105 0.000370 0.000178 0.000943 0.000570 0.000474 0.001177 0.000158 0.000957 0.000198 0.000124 0.000055 0.000144 0.000164 0.000208 0.000377 0.000373 0.002493 0.158141 -0.025340 -0.100183 -0.204876 -0.150521 -0.016878 0.000044 0.000041 0.000026 0.000041 0.000062 0.000224 0.000174 0.000086 0.000052 0.000015 0.000054 0.000114 0.000860 0.000157 0.000100 0.000028 0.000065 0.001112 0.003482 0.000100 0.000030 0.000081 0.010273 0.000000 0.000168 0.000108 0.000106
0.001648 0.000158 0.000105 0.000037 0.000617 0.000169 0.000118 0.000057 0.000087 0.000041 0.000022 0.000075 0.000241 0.000130 0.001399 0.000096 0.000172 0.000519 0.000240 0.000596 0.000177 0.000111 0.000081 0.000201 0.000169 0.000178 0.000250 0.000122 0.000093 0.001991 0.012645 0.000415 0.000788 0.070050 0.033400 0.000000 0.000000 0.000000 0.000000 0.000000 0.000019 0.000060 0.000033 0.000016 0.000000 0.000005 0.000032 0.000265 0.000077 0.000075 0.000024 0.000069 0.002817 0.001274 0.000106 0.000033 0.000104 0.014665 0.000451 0.000250 0.000026 0.000058
0.000898 0.000131 0.000078 0.000026 0.000187 0.000055 0.000023 0.000007 0.000000 0.000000 0.000010 0.000034 0.000105 0.000081 0.000982 0.000130 0.000096 0.000038 0.000128 0.000411 0.000098 0.000048 0.000123 0.000186 0.000058 0.000072 0.000064 0.000035 0.000000 0.003155 0.008499 0.000121 0.000044 0.000123 0.073880 -0.001450 -0.000013 -0.000012 -0.000031 -0.000005 0.000000 -0.000000 -0.000000 -0.000000 -0.000003 -0.000000 -0.000000 0.000000 0.000000 0.000048 0.000022 0.000076 0.003609 0.000144 0.000111 0.000030 0.000135 0.008238 0.000563 0.000606 0.000000 0.000000
0.000329 0.000082 0.000042 0.000015 0.000000 -0.000000 -0.000000 -0.000000 -0.000023 -0.000012 0.000000 0.000000 0.000019 0.000056 0.000446 0.000043 0.000034 0.000015 0.000065 0.000043 0.000023 0.000030 0.000034 0.000047 0.000000 0.000000 0.000000 0.000000 -0.000016 0.016424 0.000225 0.000143 0.000040 0.000085 0.054709 0.405458 0.001638 -0.000084 -0.000107 -0.000052 -0.000040 -0.000048 -0.000043 -0.000021 -0.000047 -0.000201 -0.000067 -0.000037 -0.000010 0.000054 0.000027 0.000078 0.002713 0.000155 0.000102 0.000032 0.000151 0.008339 0.000850 0.001406 0.001169 -0.000019
0.000023 0.000024 0.000006 0.000000 -0.000001 -0.000086 -0.000125 -0.000106 -0.000081 -0.000046 -0.000026 -0.000009 0.000000 0.000008 0.000081 0.000005 0.000000 0.000000 0.000000 0.000000 0.000000 0.000000 0.000000 0.000000 -0.000012 -0.000053 -0.000035 -0.000041 0.039270 0.010457 0.000240 0.000149 0.000039 0.000038 0.010646 0.044446 0.024067 0.008858 -0.011541 -0.000156 -0.000123 -0.000276 -0.000273 -0.000420 -0.000576 -0.001315 -0.000899 -0.000060 0.000020 0.000075 0.000038 0.000118 0.003090 0.000213 0.000127 0.000039 0.000193 0.008359 0.000647 0.001191 0.002053 0.001135
0.000000 0.000000 0.000000 -0.000017 -0.000032 -0.000122 -0.000652 -0.000197 -0.000121 -0.000198 -0.000107 -0.000066 -0.000026 -0.000000 -0.000000 -0.000000 -0.000020 -0.000013 -0.000023 -0.000030 -0.000073 -0.000038 -0.000054 -0.000046 -0.000074 -0.000112 -0.000117 -0.052877 0.011673 0.000137 0.000240 0.000120 0.000052 0.000000 0.013361 0.000090 0.000097 0.000049 0.038010 -0.002431 -0.000595 0.000515 -0.000132 -0.000239 0.000933 0.000948 0.000368 0.000116 0.000061 0.000076 0.000042 0.000100 0.001544 0.000191 0.000115 0.000041 0.000183 0.005795 0.000204 0.000193 0.000061 0.002011
-0.000034 -0.000021 -0.000010 -0.000040 -0.000079 -0.000171 -0.001428 -0.000242 -0.000183 -0.000408 -0.000206 -0.000182 -0.000109 -0.000046 -0.000036 -0.000049 -0.000063 -0.000026 -0.000062 -0.000084 -0.000100 -0.000082 -0.000118 -0.000143 -0.000169 -0.000119 0.006930 0.010201 0.000266 0.000209 0.000182 0.000103 0.000063 -0.000012 0.037680 0.000070 0.000031 0.000038 0.015590 0.000157 0.000199 0.000241 0.000221 0.000439 0.000262 0.000256 0.000533 0.000353 0.000156 0.000122 0.000059 0.000091 0.001226 0.000212 0.000114 0.000032 0.000220 0.004354 0.000272 0.000171 0.000100 0.000154
-0.000094 -0.000059 -0.000022 -0.000066 -0.000115 -0.000254 -0.002297 -0.000377 -0.000388 -0.000415 -0.000173 -0.000151 -0.000157 -0.000126 -0.000101 -0.000222 -0.000121 -0.000074 -0.000042 -0.000188 0.000003 -0.000077 -0.000420 -0.000848 -0.001224 0.001196 0.008478 0.000299 0.000322 0.000223 0.000148 0.000037 0.000073 -0.000023 0.065264 0.000034 0.000019 0.000000 0.016020 0.000050 0.000087 0.000115 0.000115 0.000279 0.000194 0.000212 0.000207 0.000479 0.000198 0.000146 0.000109 0.000050 0.000827 0.000229 0.000153 0.000046 0.000440 0.004380 0.000275 0.000232 0.000190 0.000086
-0.000138 -0.000089 -0.000032 -0.000095 -0.000136 -0.000263 -0.004115 -0.001373 -0.000226 -0.000219 -0.000113 -0.000212 -0.000200 -0.000257 -0.000307 -0.001007 -0.000865 -0.000414 -0.000161 0.000024 0.000046 0.000000 0.000000 0.000040 0.000385 0.004504 0.000217 0.000159 0.000318 0.000167 0.000102 0.000032 0.000079 0.000034 0.072032 0.000001 0.000012 0.000019 0.022491 0.000000 0.000000 0.000000 0.000000 0.000041 0.000068 0.000093 0.000107 0.000266 0.000180 0.000141 0.000105 0.000047 0.000473 0.000255 0.000192 0.000081 0.000908 0.001984 0.000318 0.000299 0.000258 0.000165
-0.000219 -0.000120 -0.000041 -0.000123 -0.000164 -0.013473 -0.001794 0.002609 0.004906 0.000685 0.000736 -0.004779 -0.000646 -0.000690 -0.000764 -0.001019 0.000134 0.000082 0.000176 0.000057 0.000033 0.000026 0.000058 0.000198 0.001084 0.002576 0.000253 0.000194 0.000230 0.000152 0.000076 0.000023 0.000071 0.000072 0.049790 0.000000 0.000010 0.000048 0.022706 0.000216 -0.000008 -0.000030 -0.000007 0.000000 0.000000 0.000000 0.000002 0.000027 0.000083 0.000064 0.000054 0.000025 0.000063 0.000173 0.000120 0.000179 0.001742 0.000360 0.000350 0.000277 0.000433 0.000179
-0.000213 -0.000078 -0.000106 -0.000157 -0.014865 -0.002328 0.000134 0.000162 0.000139 0.000267 0.000236 0.005005 0.034751 -0.000698 -0.000213 0.000063 0.000099 0.000150 0.000128 0.000048 0.000089 0.000100 0.000115 0.000189 0.002304 0.000745 0.000278 0.000206 0.000096 0.000132 0.000045 0.000013 0.000023 0.000031 0.024704 -0.000014 0.000013 0.000080 0.018088 0.000207 -0.000212 -0.000191 0.000310 0.000121 0.000016 -0.000009 0.000000 0.000000 0.000000 0.000000 0.000000 0.000000 0.000000 0.000041 0.000097 0.000202 0.001453 0.000319 0.000294 0.000228 0.000382 0.000173
-0.000154 -0.000056 -0.000121 -0.045840 0.008113 0.000159 0.000126 0.000079 0.000148 0.000095 0.000072 0.000030 0.000092 0.001540 0.000150 0.000130 0.000112 0.000115 0.000137 0.000100 0.000035 0.000111 0.000157 0.000248 0.002249 0.000286 0.000204 0.000147 0.000104 0.000047 0.000012 0.000000 0.000000 0.000000 0.029433 -0.001168 0.000005 0.000036 0.023022 0.000000 0.000000 0.000036 0.000058 0.000035 0.000010 -0.000041 -0.000017 -0.000003 -0.000003 -0.000059 -0.000049 -0.000020 -0.000014 0.000000 0.000030 0.000186 0.000767 0.000253 0.000225 0.000162 0.000258 0.000128
-0.006434 -0.006377 0.009835 0.017391 0.000099 0.000150 0.000077 0.000039 0.000033 0.000027 0.000029 0.000016 0.000063 0.001218 0.000408 0.000225 0.000158 0.000105 0.000095 0.000099 0.000038 0.000100 0.000149 0.000320 0.001700 0.000261 0.000196 0.000124 0.000058 0.000009 0.000000 -0.000011 -0.000031 0.000343 0.040252 0.027242 0.000000 0.000023 0.018909 0.290597 -0.000696 0.000000 0.000000 -0.000000 -0.000000 -0.000000 -0.000066 -0.000081 -0.000104 -0.000294 -0.000174 -0.000125 -0.000080 -0.000018 0.000001 0.000121 0.000115 0.000136 0.000130 0.000109 0.000101 0.000077
0.000719 0.000143 0.000102 0.000187 0.000082 0.000028 0.000017 0.000000 0.000000 0.000000 0.000000 0.000000 0.000026 0.000405 0.000284 0.000328 0.000217 0.000091 0.000096 0.000084 0.000042 0.000072 0.000123 0.000473 0.000944 0.000201 0.000161 0.000082 0.000016 0.000000 -0.000033 -0.000331 0.001992 0.001270 0.001071 0.030157 -0.000002 0.000000 0.000029 0.010867 0.101807 0.002981 -0.000091 -0.000154 -0.000208 -0.000647 -0.001256 -0.003430 -0.012365 -0.003689 -0.000257 -0.000216 -0.000099 -0.000028 0.000000 0.000000 0.000000 0.000022 0.000032 0.000023 0.000020 0.000017
0.000288 0.000084 0.000038 0.000055 0.000019 0.000000 0.000000 -0.000120 -0.000063 -0.000057 -0.000028 -0.000011 0.000000 0.000000 0.000059 0.000181 0.000165 0.000123 0.000120 0.000063 0.000050 0.000022 0.000070 0.000575 0.000123 0.000102 0.000098 0.000037 0.000000 -0.000009 0.000042 0.064845 0.000103 0.000037 0.000093 0.034394 -0.001196 -0.000008 0.000013 0.000088 0.000190 0.022474 0.008442 0.001165 0.000330 0.000610 0.002373 0.006587 0.001668 0.003971 0.024784 -0.000061 -0.000020 -0.000034 -0.000021 -0.000038 -0.000012 0.000000 0.000000 0.000000 0.000000 0.000000
0.000014 0.000020 0.000000 0.000000 0.000000 -0.000021 -0.000058 -0.000180 -0.000434 -0.000119 -0.000099 -0.000056 -0.000104 -0.000027 0.000000 0.000048 0.000078 0.000054 0.000066 0.000019 0.000013 0.000009 0.000024 0.000110 0.000029 0.000014 0.000033 0.000056 0.000084 0.000415 0.001509 0.000347 0.000057 0.000018 0.000034 0.000513 0.083653 -0.000030 0.000000 0.000073 0.000156 0.000245 0.000143 0.001772 0.000251 0.000133 0.000069 0.000461 0.000128 0.000045 0.007578 0.010961 0.000042 -0.000069 -0.000098 -0.000105 -0.000054 -0.000027 -0.000033 -0.000033 -0.000028 -0.000069
