use_cases/Flooding/flood_case/output/hUy_2700.asc
ncols 269
nrows 269
xllcorner 0.000000
yllcorner 0.000000
cellsize 10.000000
NODATA_value -9999.000000
[rows 81 to 107 of 269, columns 124 to 185 of 269]
0.000000 -0.004629 -0.005283 -0.000009 -0.000310 -0.000000 -0.000001 -0.000003 -0.000008 -0.000018 -0.000030 -0.000105 -0.000146 -0.000218 -0.000090 -0.014410 -0.080956 -0.065235 -0.081064 -0.086404 -0.006745 0.038492 0.065111 0.013787 -0.029792 -0.043422 -0.104135 -0.137528 -0.003986 0.025528 0.087689 0.134512 0.063975 -0.009057 -0.000482 -0.000059 -0.000182 -0.000056 -0.000152 -0.000392 -0.000180 -0.039642 -0.140723 -0.070775 -0.042746 -0.061512 -0.037652 -0.020966 0.029047 0.031743 -0.000820 -0.019035 0.038364 0.072031 -0.005132 -0.000180 -0.000041 -0.002733 -0.000290 -0.000060 -0.000150 -0.007738
0.000000 -0.000040 -0.062188 -0.000134 -0.000081 -0.000002 -0.000003 -0.000018 -0.000021 -0.000041 -0.000039 -0.000151 -0.000116 -0.000303 -0.031923 -0.120847 -0.146430 -0.076118 -0.077958 -0.050906 0.003329 0.019178 0.032111 0.012708 -0.040982 -0.025062 -0.031710 0.007522 0.039449 0.035745 0.117357 0.194834 0.121092 0.038057 -0.015207 -0.000643 -0.000187 -0.002187 -0.114768 -0.142040 -0.088219 -0.117006 -0.148747 -0.080077 -0.024956 -0.029721 -0.012375 -0.004021 0.050508 0.044475 0.011401 0.029930 0.128715 0.191580 0.071737 -0.034722 -0.021541 -0.031057 -0.017295 -0.000231 -0.003140 -0.052895
0.000000 -0.018116 -0.004789 -0.000088 -0.000061 -0.000009 -0.000005 -0.000016 -0.000020 -0.000016 -0.000067 -0.000099 -0.000168 -0.070989 -0.242475 -0.277826 -0.107512 0.047653 0.042734 0.020199 0.000140 0.000039 0.002475 0.008491 0.020321 0.000620 0.001575 0.000173 0.000035 0.002014 0.077893 0.103600 0.119202 0.043327 0.017788 0.034233 0.036833 0.013490 -0.039613 -0.096253 -0.086668 -0.112012 -0.060517 0.026843 0.014444 0.011927 0.000612 0.000983 0.000238 0.000115 0.000593 0.021578 0.119176 0.170754 0.170130 0.094813 0.034471 0.011957 0.022876 0.021556 0.013690 -0.008369
-0.002989 -0.056492 0.036003 0.135626 -0.000767 -0.000007 -0.000005 -0.000011 -0.000010 -0.000006 -0.000090 -0.000119 -0.018164 -0.231484 -0.217526 -0.019385 0.000923 0.000114 0.000073 0.000113 0.000063 0.000044 0.000936 0.000159 0.000105 0.000046 0.000562 0.000145 0.000053 0.000186 0.000193 0.016370 0.104705 0.046425 0.053632 0.083905 0.088568 0.018383 0.017593 -0.029231 -0.033011 0.015168 0.001545 0.000482 0.000384 0.001687 0.000603 0.000310 0.000264 0.000262 0.000087 0.000120 0.000235 0.019760 0.077000 0.116936 0.058702 0.025504 0.046290 0.053361 0.033411 0.023021
0.004350 -0.009341 0.189322 0.197050 0.092167 -0.000226 -0.000005 -0.000223 -0.000036 -0.000033 -0.000053 -0.001236 -0.150532 -0.283480 -0.000165 0.000174 0.000037 0.000031 0.000023 0.000021 0.000020 0.000049 0.000840 0.000146 0.000090 0.000045 0.000366 0.000200 0.000129 0.000389 0.000182 0.000240 0.000263 0.001526 0.000140 0.000079 0.000023 0.000338 0.039152 -0.004623 0.001446 0.000142 0.000219 0.000460 0.000087 0.001629 0.000701 0.000305 0.000204 0.000333 0.000146 0.000056 0.000124 0.000093 0.000675 0.040506 0.037582 0.022888 0.034506 0.055008 0.053896 0.049522
0.000000 0.000000 0.038770 0.264088 0.227424 0.088859 0.038596 0.031824 0.070445 -0.102611 -0.013778 -0.073400 -0.251977 -0.161404 0.000098 0.000017 0.000000 0.000000 0.000000 0.000000 0.000000 0.000000 0.000092 0.000035 0.000047 0.000034 0.000266 0.000062 0.000106 0.000303 0.000159 0.000219 0.000211 0.000446 0.000068 0.000031 0.000000 0.000000 0.009357 0.023422 0.000101 0.000067 0.000137 0.000204 0.000186 0.000069 0.001444 0.000288 0.000266 0.000160 0.000106 0.000049 0.000059 0.000023 0.000576 0.029288 0.029577 0.021100 0.020454 0.056597 0.032425 0.038711
0.000000 0.000000 0.000000 0.010870 0.091819 0.122016 0.064945 0.041011 0.073492 0.042812 0.003244 -0.095786 -0.188596 -0.029033 0.000015 -0.000000 -0.000002 -0.000027 -0.000156 -0.000049 -0.000044 -0.000025 0.000000 0.000000 0.000000 0.000000 0.000019 0.000044 0.000026 0.000129 0.000087 0.000129 0.000109 0.000055 0.000000 0.000000 -0.000001 0.000004 0.011010 0.003683 0.000201 0.000062 0.000120 0.000111 0.000169 0.000127 0.000970 0.000280 0.000265 0.000137 0.000039 0.000028 0.000000 0.000000 0.004762 0.000197 0.000134 0.000096 0.000255 0.000353 0.000887 0.040716
0.000000 0.000000 0.000000 0.000000 0.000000 0.019790 0.034726 0.044116 0.099269 0.074599 0.036832 -0.047873 -0.072024 0.000000 0.000000 -0.000030 -0.000082 -0.000051 -0.000449 -0.000115 -0.000127 -0.000109 -0.000073 -0.000060 -0.000061 -0.000025 0.000000 0.000000 0.000002 0.000023 0.000032 0.000019 0.000000 0.000000 -0.000019 -0.000023 0.002208 0.003377 0.006282 0.001493 0.000260 0.000250 0.000120 0.000112 0.000211 0.000233 0.000406 0.000181 0.000301 0.000120 0.000045 0.000000 -0.000034 0.002710 0.006461 0.000177 0.000067 0.000168 0.000328 0.000219 0.000288 0.000652
0.001856 0.000000 0.000000 0.000000 0.000000 0.000000 0.000000 0.000000 0.009538 0.059104 0.053070 -0.011073 -0.009682 -0.000090 -0.000031 -0.002198 -0.001273 -0.000304 -0.000749 -0.000162 -0.000114 -0.000141 -0.000135 -0.000289 -0.000167 -0.000099 -0.000046 -0.000023 0.000000 0.000000 0.000000 0.000002 0.000009 0.000066 -0.000015 -0.004431 0.005263 0.000053 0.000100 0.001068 0.000313 0.000312 0.000219 0.000208 0.000189 0.000166 0.000177 0.000131 0.000191 0.000044 0.000104 0.000017 -0.008207 0.003939 0.000160 0.000117 0.000061 0.000109 0.000172 0.000227 0.000284 0.000294
0.002212 0.008805 0.018662 0.000000 0.000000 0.000000 0.000000 0.000000 -0.004742 0.044255 0.027669 -0.011535 0.015139 0.011130 0.015282 0.019374 0.009115 -0.011257 -0.008433 -0.017541 -0.000301 -0.000179 -0.000135 -0.000323 -0.000172 -0.000181 -0.000174 -0.000108 -0.000043 -0.000025 -0.000003 -0.000000 0.000003 0.000034 0.000087 0.003832 0.000956 0.000094 0.000060 0.000572 0.000222 0.000222 0.000163 0.000106 0.000065 0.000047 0.000065 0.000095 0.000075 0.000043 0.000081 0.000067 0.002505 0.000333 0.000099 0.000032 0.000050 0.000036 0.000105 0.000156 0.000195 0.000214
0.000000 0.000010 0.007422 -0.000106 -0.000251 -0.001269 -0.006981 -0.034924 -0.025206 0.030120 0.006601 -0.014495 0.020300 0.019681 0.022449 0.032087 0.043491 0.042838 0.047016 0.043107 0.010926 -0.017523 -0.024550 -0.001568 -0.000145 -0.000100 -0.000232 -0.000180 -0.000111 -0.000075 -0.000045 -0.000014 -0.000000 0.000015 0.000064 0.003139 0.002500 0.000032 0.000049 0.000102 0.000058 0.000059 0.000051 0.000025 0.000000 0.000000 0.000000 0.000054 0.000025 0.000038 0.000065 0.000119 0.002109 0.000722 0.000171 0.000000 0.000000 0.000040 0.000066 0.000104 0.000087 0.000212
0.000000 0.000000 0.000000 0.000000 0.000000 0.000000 -0.002185 -0.022840 0.010572 0.045103 0.012998 0.009176 0.063312 0.081234 0.078683 0.043582 0.044866 0.063486 0.070820 0.046439 0.093385 0.048784 0.040118 0.024564 -0.000158 -0.000064 -0.000228 -0.000136 -0.000253 -0.000140 -0.000088 -0.000117 -0.000022 -0.000000 0.000020 0.000104 0.006933 0.000000 0.000000 0.000000 0.000000 -0.000000 -0.000000 -0.000000 -0.000046 0.000038 0.000033 0.000038 0.000021 0.000006 0.000023 0.000080 0.000785 0.000763 0.000609 0.000282 0.000138 0.000081 0.000022 0.000047 0.000063 0.000267
0.000000 0.000000 0.000000 0.000000 0.000000 0.000000 0.000000 0.000000 0.000229 0.005145 0.002826 0.005534 0.003771 0.000909 0.000140 0.000122 0.000039 0.000096 0.000194 0.001141 0.032144 0.059651 0.121228 0.069678 0.006047 -0.000081 -0.000102 -0.000267 -0.000252 -0.000171 -0.000071 -0.000433 -0.000095 -0.000042 0.000000 0.000068 0.006549 0.004011 0.000118 -0.000037 0.002177 0.000373 0.000051 0.000393 0.000174 0.000045 0.000015 0.000005 0.000000 0.000000 0.000000 0.000022 0.000243 0.000035 0.000606 0.000141 0.000091 0.000054 0.000026 0.000019 0.000139 0.000311
0.000000 0.000000 0.000000 0.000000 0.000000 0.000000 0.000000 0.000000 0.000250 0.002552 0.000079 0.000027 0.005747 0.000904 0.000101 0.000136 0.000046 0.000117 0.000223 0.000255 0.000163 0.000416 0.081692 0.134357 0.010168 -0.000111 -0.000090 -0.000189 -0.000167 -0.000092 -0.000129 -0.000835 -0.000166 -0.000098 0.000038 0.000038 0.000088 0.001840 0.001617 0.002373 0.000256 0.000591 0.000127 0.000121 0.000104 0.000055 0.000005 -0.000000 -0.000005 -0.000017 -0.000001 -0.000000 0.000000 0.000012 0.000178 0.000090 0.000055 0.000026 0.000054 0.000050 0.000203 0.000157
0.000000 0.000000 0.000000 0.000000 0.000000 0.000000 0.000000 0.000000 0.000498 0.002567 0.000095 0.000032 0.004941 0.001953 0.000018 0.000071 0.000044 0.000152 0.000354 0.000174 0.000298 0.000268 0.007436 0.134656 0.020911 -0.000000 -0.000058 -0.000160 -0.000223 -0.000359 -0.001045 -0.000717 -0.000140 -0.000014 0.000007 0.000019 0.000019 0.000069 0.000389 0.000163 0.000050 0.000850 0.000193 0.000121 0.000074 0.000021 0.000001 -0.000012 -0.000047 -0.000081 -0.000087 -0.000179 -0.000003 0.000000 0.000000 0.000017 0.000010 0.000022 0.000014 0.000015 0.000058 0.000061
0.000000 0.000000 0.000000 0.000000 0.000000 0.000000 0.000000 0.000000 0.001312 0.001621 0.000131 0.000047 0.000135 0.005928 0.000000 0.000021 0.000047 0.000158 0.000184 0.000261 0.000481 0.000216 0.000271 0.140860 0.097738 -0.000162 -0.000140 -0.000393 -0.001027 -0.000589 -0.000244 0.000000 0.000000 0.000000 0.000000 0.000000 0.000000 0.000000 0.000030 0.000089 0.000042 0.000388 0.000163 0.000073 0.000021 0.000000 0.000000 -0.000048 -0.000108 -0.000163 -0.000712 -0.000265 -0.000070 -0.000024 -0.000002 0.000000 0.000000 0.000000 0.000000 0.000000 0.000000 0.000000
0.000000 0.000000 0.000000 0.000000 0.000000 0.000000 0.000000 0.000000 0.001410 0.000175 0.000152 0.000057 0.000144 0.006896 0.000583 0.000000 0.000048 0.000135 0.000189 0.000250 0.000377 0.000194 0.000088 0.039449 0.244701 0.031819 -0.000762 -0.000124 0.000002 -0.000000 -0.000000 -0.000027 -0.000024 -0.000014 -0.000001 -0.000002 -0.000018 -0.000003 0.000000 0.000000 0.000017 0.000048 0.000087 0.000024 -0.000000 -0.000005 -0.000034 -0.000099 -0.000168 -0.000231 -0.001760 -0.000488 -0.000311 -0.000036 -0.000008 -0.000018 -0.000013 -0.000032 -0.000039 -0.000202 -0.000028 -0.000013
0.000000 0.000000 0.000000 0.000000 0.000000 0.000000 0.000000 0.000000 0.001424 0.000143 0.000177 0.000076 0.000129 0.000198 0.005174 0.000275 0.000089 0.000046 0.000125 0.000317 0.000171 0.000314 0.000047 0.000741 0.115737 0.186926 0.007522 -0.000006 -0.000000 -0.000001 -0.000045 -0.000089 -0.000104 -0.000070 -0.000046 -0.000042 -0.000114 -0.000060 -0.000030 -0.000037 0.000000 0.000012 0.000008 -0.000000 -0.000005 -0.000028 -0.000085 -0.000148 -0.000213 -0.010226 -0.000487 0.000468 0.000188 0.000130 -0.000010 -0.000022 -0.000052 -0.000088 -0.000111 -0.000263 -0.000526 -0.000082
0.000000 0.000000 0.000000 0.000000 0.000000 0.000000 0.000000 0.000000 0.002442 0.000137 0.000147 0.000108 0.000068 0.000157 0.000179 0.022239 0.000123 0.000063 0.000093 0.000229 0.000131 0.000169 0.000087 0.000263 0.003891 0.167955 0.114294 -0.000127 -0.000035 -0.000059 -0.000210 -0.000114 -0.000135 -0.000110 -0.000127 -0.000322 -0.000198 -0.000144 -0.000107 -0.000120 -0.000012 0.000000 0.000000 -0.000023 -0.000092 -0.000070 -0.000167 -0.000229 -0.005060 0.000632 0.000096 0.000093 0.000047 0.000045 -0.000000 -0.000020 -0.000111 -0.000203 -0.000130 -0.000338 -0.001927 -0.000181
0.000000 0.000000 0.000000 0.000000 0.000000 0.000000 0.000000 0.000000 0.001921 0.000125 0.000139 0.000072 0.000100 0.000130 0.000167 0.004194 0.000128 0.000121 0.000039 0.000116 0.000111 0.000119 0.000084 0.000105 0.000014 0.020105 0.170590 0.030383 0.029697 -0.001262 -0.000917 -0.000122 -0.000099 -0.000139 -0.000378 -0.000278 -0.000156 -0.000081 -0.000662 -0.000116 -0.000036 -0.000023 -0.000016 -0.000071 -0.000168 -0.000285 -0.000176 -0.006596 -0.000547 0.000080 0.000036 0.000023 0.000024 0.000011 -0.000011 -0.000062 -0.000152 -0.000283 -0.000173 -0.000370 -0.002369 -0.000231
0.000000 0.000000 0.000000 0.000000 0.000000 0.000000 0.000000 0.000000 0.001848 0.000111 0.000147 0.000107 0.000058 0.000146 0.000229 0.004548 0.000091 0.000081 0.000034 0.000093 0.000101 0.000142 0.000096 0.000004 0.000000 0.004236 0.099930 0.059870 0.075937 0.070843 -0.010343 -0.000495 -0.000134 -0.000567 -0.000269 -0.000110 -0.000072 -0.000936 -0.000261 -0.000000 -0.000044 -0.000034 -0.000069 -0.000114 -0.000570 -0.000162 -0.000203 -0.006307 0.000021 0.000027 0.000002 0.000000 0.000000 0.000000 -0.000032 -0.000094 -0.000148 -0.000287 -0.000321 -0.001910 -0.001052 -0.000211
0.000000 0.000000 0.000000 0.000000 0.000000 0.000000 0.000000 0.000000 0.001603 0.000093 0.000067 0.000027 0.000078 0.000132 0.000309 0.004268 0.000113 0.000076 0.000029 0.000069 0.000049 0.000066 0.000044 0.000000 0.000550 0.005907 0.016578 0.086380 0.083069 0.097268 0.076849 0.000443 -0.000218 -0.000395 -0.000223 -0.000075 -0.001131 -0.000672 -0.000117 -0.000053 -0.000089 -0.000154 -0.000056 -0.000137 -0.000472 -0.000332 -0.005611 -0.027924 0.000001 -0.000000 -0.000000 -0.000028 -0.000046 -0.000021 -0.000076 -0.000144 -0.000217 -0.000316 -0.000382 -0.003149 -0.000652 -0.000201
0.000000 0.000000 0.000000 0.000000 0.000000 0.000000 0.000000 0.000000 0.001768 0.000093 0.000026 0.000027 0.000071 0.000105 0.000267 0.002697 0.000143 0.000094 0.000034 0.000046 0.000014 0.000000 0.000000 -0.000000 0.003479 0.000086 0.000054 0.000078 0.000564 0.064647 0.099006 0.070069 -0.022688 -0.000755 -0.000258 -0.000956 -0.000938 -0.000395 -0.000130 -0.000070 -0.000483 -0.000199 -0.000063 -0.000136 -0.000218 -0.000370 -0.007594 -0.000064 -0.000000 -0.000020 -0.000041 -0.000043 -0.000115 -0.000128 -0.000169 -0.000230 -0.000286 -0.000323 -0.065044 -0.012319 -0.005846 -0.000193
0.000000 0.000000 0.000000 0.000000 0.000000 0.000000 0.000000 0.000000 0.001393 0.000189 0.000000 0.000050 0.000115 0.000195 0.000242 0.002043 0.000127 0.000082 0.000036 0.000054 0.000022 0.000043 -0.000003 0.000073 0.003070 0.000070 0.000092 0.000033 0.000084 0.000565 0.052646 0.115438 0.051419 0.016776 0.028359 -0.071631 -0.001105 -0.000240 -0.000176 -0.000066 -0.000878 -0.000208 -0.000145 -0.000060 -0.000010 -0.000238 -0.007592 -0.000092 -0.000053 -0.000204 -0.000128 -0.000058 -0.000171 -0.000217 -0.000231 -0.057585 -0.332571 0.014337 0.020864 0.005202 0.009869 0.017189
0.000000 0.000000 0.000000 0.000000 0.000000 0.000000 0.000000 0.000000 0.001033 0.000495 0.000304 0.000118 0.000057 0.000097 0.000153 0.001448 0.000136 0.000075 0.000024 0.000022 0.000009 0.000012 0.000271 0.001007 0.002580 0.000266 0.000072 0.000022 0.000050 0.000065 0.012233 0.103005 0.049939 0.030260 0.043054 -0.001336 0.000585 -0.023467 -0.000655 -0.000244 -0.000699 -0.000164 -0.000105 -0.000174 -0.000053 -0.000147 -0.013317 -0.000309 -0.000076 -0.000230 -0.000524 -0.000096 -0.525545 -0.696998 0.022799 0.027875 0.000187 0.000128 0.000127 0.000100 0.000038 0.000115
0.000000 0.000000 0.000000 0.000000 0.000000 0.000000 0.000000 0.000000 0.000342 0.000187 0.000242 0.000140 0.000097 0.000034 0.000097 0.000915 0.000104 0.000053 0.000012 0.000000 0.000000 0.000000 0.000679 0.001797 0.000055 0.000720 0.000061 0.000009 0.000000 0.000011 0.001796 0.066559 0.038896 0.021659 0.047670 0.023458 0.018415 0.022319 0.018484 -0.084381 -0.000920 -0.000132 -0.000062 -0.000600 -0.000044 -0.000107 -0.048218 -0.057030 -0.114693 -0.066328 -0.008918 -0.003131 0.016927 0.000155 0.000141 0.000090 0.000112 0.000048 0.000053 0.000047 0.000023 0.000073
0.000000 0.000000 0.000000 0.000000 0.000000 0.000000 0.000000 0.000000 0.000003 0.000156 0.000117 0.000108 0.000064 0.000026 0.000068 0.000474 0.000058 0.000015 0.000000 -0.000006 -0.000010 0.000316 0.002219 0.000030 0.000050 0.000533 0.000028 0.000000 -0.000008 -0.000000 0.000006 0.050795 0.047465 0.013418 0.039359 0.046299 0.026051 0.031354 0.035591 -0.013763 -0.016229 -0.000089 -0.000025 -0.000171 -0.015369 -0.016157 -0.009721 0.003266 0.000111 0.000100 0.000023 0.000029 0.000058 0.000059 0.000038 0.000024 0.000000 0.000000 0.000000 0.000000 0.000000 0.000000
