use_cases/Flooding/flood_case/output/hUy_7200.asc
ncols 269
nrows 269
xllcorner 0.000000
yllcorner 0.000000
cellsize 10.000000
NODATA_value -9999.000000
[rows 135 to 161 of 269, columns 0 to 60 of 269]
-9999.000000 -9999.000000 -9999.000000 -9999.000000 -9999.000000 -9999.000000 -1.281579 0.026992 -0.000013 0.000000 0.000000 0.000000 0.000000 0.000000 0.000005 0.000116 0.011275 0.031137 0.020566 0.030284 0.037946 0.014765 0.004251 0.000790 0.001531 0.001465 0.001791 0.000022 0.000021 0.000018 0.000020 0.000015 0.000009 0.000008 0.000081 0.000008 0.000004 0.002659 -0.000000 -0.000000 -0.000001 0.002623 0.000004 0.000003 0.000000 0.000000 -0.000034 -0.000003 -0.000003 -0.000003 -0.000012 -0.000013 -0.063239 -0.288990 -0.244091 -0.058392 0.000302 0.000032 0.000021 0.000017 0.000008
-9999.000000 -9999.000000 -9999.000000 -9999.000000 -9999.000000 -9999.000000 -0.801964 0.045067 0.071823 0.065456 -0.004197 -0.002588 -0.001784 -0.000003 0.000000 0.000100 0.007028 0.004908 0.009934 0.018081 0.037992 0.015389 0.006214 0.000857 0.000480 0.003358 0.005848 0.000056 0.000026 0.000023 0.000031 0.000011 0.000003 0.000017 0.000049 0.000010 0.000004 0.000069 0.001880 0.000003 0.000001 0.000002 0.000000 0.000000 0.000000 0.000000 -0.000013 -0.000018 -0.000006 -0.000000 -0.000007 -0.000015 -0.099577 -0.334695 -0.167897 0.000358 0.000007 0.000010 0.000013 0.000016 0.000016
-9999.000000 -9999.000000 -9999.000000 -9999.000000 -9999.000000 -9999.000000 -0.824665 0.022456 0.029702 0.068101 0.023031 0.072537 0.263173 -0.000063 -0.000041 0.000003 0.000624 0.000004 0.000160 0.002582 0.024165 0.015019 0.013147 0.009139 0.016061 0.017335 0.006456 0.000074 0.000016 0.000018 0.000032 0.000010 0.000007 0.000021 0.000013 0.000011 0.000006 0.000003 0.000012 0.000001 0.000001 0.000000 -0.000002 -0.000004 -0.000030 -0.000002 -0.000030 -0.000015 -0.000029 -0.000008 -0.000007 -0.000000 -0.148353 -0.316909 -0.074419 0.000001 0.000001 0.000002 0.000003 0.000005 0.000006
-9999.000000 -9999.000000 -9999.000000 -9999.000000 -9999.000000 -9999.000000 -1.021704 0.002270 0.003945 0.010110 0.003580 0.083652 0.410587 0.001164 -0.000046 -0.000014 0.000000 -0.001747 -0.033461 0.017208 0.012579 0.015670 0.009772 0.007341 0.026093 0.032047 0.021439 0.000031 0.000005 0.000008 0.000007 0.000008 0.000005 0.000009 0.000005 0.000003 0.000002 0.000002 0.000000 0.000000 0.000000 -0.000002 -0.000006 -0.000010 -0.000057 -0.000003 -0.000041 -0.000003 -0.000020 -0.000009 -0.000006 -0.000071 -0.231844 -0.303944 -0.020537 0.000000 0.000000 0.000000 0.000000 0.000000 0.000001
-9999.000000 -9999.000000 -9999.000000 -9999.000000 -9999.000000 -9999.000000 -1.267243 0.000000 0.000000 0.000000 0.000001 0.018102 0.316823 0.005316 -0.001498 -0.000033 -0.000003 -0.132584 0.033635 0.020046 0.014564 0.021573 0.001832 0.003978 0.037270 0.023147 0.046126 0.000111 0.000000 0.000000 0.000001 0.000009 0.000004 0.000001 0.000001 0.000000 0.000000 -0.000000 -0.000000 -0.000003 -0.000002 -0.000006 -0.000015 -0.000009 -0.000036 -0.000080 -0.000025 -0.000004 -0.000041 -0.000006 -0.000008 -0.000243 -0.275757 -0.275226 -0.007077 -0.000001 -0.000001 -0.000000 -0.000000 -0.000001 0.000000
-9999.000000 -9999.000000 -9999.000000 -9999.000000 -9999.000000 -9999.000000 -1.537327 -0.001077 0.005009 0.024034 0.000000 0.000001 0.211145 0.009533 -0.018828 -0.029493 -0.037161 0.000302 0.033766 0.021641 0.013236 0.018038 0.007256 0.011849 0.055154 0.051765 0.069008 0.009265 0.000002 0.000009 0.000004 0.000003 0.000002 0.000000 0.000000 0.000000 0.000000 -0.000004 -0.000002 -0.000005 -0.000003 -0.000012 -0.000017 -0.000018 -0.000322 -0.145639 -0.052736 -0.000329 -0.000034 -0.000010 -0.000005 -0.022668 -0.350869 -0.209628 -0.000071 0.000002 -0.000007 -0.000001 -0.000000 -0.000003 -0.000000
-9999.000000 -9999.000000 -9999.000000 -9999.000000 -9999.000000 -9999.000000 -1.770794 -0.009322 -0.001983 0.085866 0.017834 0.000000 0.028932 -0.000702 -0.011332 -0.011114 0.044972 0.027720 0.012266 0.009022 0.011181 0.006165 0.004486 0.021166 0.030039 0.084670 0.096877 0.023685 0.000000 0.000002 0.000002 0.000001 0.000000 -0.000000 -0.000001 -0.000001 -0.000001 -0.000007 -0.000010 -0.000010 -0.000012 -0.000018 -0.000018 -0.043093 -0.090016 -0.049274 0.048262 0.073310 -0.042246 -0.000006 -0.000011 -0.245873 -0.322580 -0.136645 0.000032 0.000015 0.000011 -0.000001 -0.000000 -0.000000 -0.000000
-9999.000000 -9999.000000 -9999.000000 -9999.000000 -9999.000000 -9999.000000 -1.822118 0.059693 0.085112 0.134234 0.024391 -0.019655 -0.038128 -0.015137 0.020856 0.044319 0.034023 0.015267 0.006813 0.002967 0.010777 0.001180 -0.001086 0.041730 0.046896 0.097394 0.130705 0.045202 0.000000 0.000000 -0.000000 -0.000000 -0.000000 -0.000001 -0.000006 -0.000002 -0.000004 -0.000010 -0.000015 -0.000015 -0.000025 -0.000016 -0.001227 -0.157585 -0.120812 -0.036609 0.060498 0.087982 0.049346 -0.016658 -0.094933 -0.231334 -0.169733 -0.046014 0.000010 0.000036 0.000019 -0.000000 -0.000000 0.000003 0.000025
-9999.000000 -9999.000000 -9999.000000 -9999.000000 -9999.000000 -9999.000000 -1.660326 0.145718 0.182281 0.181458 0.043191 -0.087416 -0.138665 0.139664 0.121608 0.065334 0.031773 0.006280 0.004797 -0.001250 0.007731 -0.001260 -0.007344 0.019861 0.070864 0.104528 0.147753 0.114028 -0.000004 -0.000005 -0.000003 -0.000002 -0.000001 -0.000005 -0.000017 -0.000007 -0.000025 -0.000015 -0.000045 -0.000021 -0.000029 -0.000032 -0.143458 -0.266064 -0.158857 -0.033905 0.035537 0.070487 0.076192 -0.001270 -0.061738 -0.130013 -0.074137 0.000547 0.000006 0.000014 0.000022 -0.000000 -0.000000 0.000001 0.000010
-9999.000000 -9999.000000 -9999.000000 -9999.000000 -9999.000000 -9999.000000 -1.419520 0.148341 0.149608 0.175244 0.183628 0.171797 0.135798 0.188098 0.170888 0.086376 0.028358 0.007992 -0.000246 0.000632 0.006739 0.004148 0.002503 0.021233 0.046835 0.079370 0.126850 0.167078 0.034546 -0.000032 -0.000010 -0.000006 -0.000002 -0.000008 -0.000041 -0.000003 -0.000021 -0.000011 -0.000033 -0.000014 -0.000020 -0.048542 -0.279765 -0.291800 -0.115316 0.000749 0.000007 0.001080 0.101973 0.000040 -0.028116 0.048136 0.004320 0.000595 0.000000 0.000000 0.000000 0.000000 0.000000 -0.000000 -0.000000
-9999.000000 -9999.000000 -9999.000000 -9999.000000 -9999.000000 -9999.000000 -1.294127 0.146087 0.089252 0.169354 0.311794 0.424412 0.314579 0.246452 0.236585 0.116581 0.045602 0.031082 -0.001596 0.001086 0.003849 0.004590 0.002002 0.004391 0.014678 0.057744 0.097340 0.212841 0.198794 0.007987 -0.000393 -0.000010 -0.000003 -0.000010 -0.000072 -0.000003 -0.000014 -0.000016 -0.000060 -0.000006 -0.000305 -0.172667 -0.298764 -0.212858 0.002193 0.000008 0.000010 0.000007 0.000016 0.000344 0.000074 0.000016 0.000004 0.001292 0.000827 -0.000060 -0.000077 0.000544 0.000236 0.000084 -0.000007
-9999.000000 -9999.000000 -9999.000000 -9999.000000 -9999.000000 -9999.000000 -1.547217 0.146131 0.113332 0.151540 0.276921 0.516154 0.332688 0.331090 0.334631 0.176527 0.126755 0.062803 -0.001074 -0.000099 0.000268 0.000899 0.000027 -0.006943 -0.002321 0.011211 0.014560 0.164547 0.263058 0.208556 0.089948 -0.077122 -0.080986 -0.071940 -0.059482 -0.047590 -0.016619 -0.006375 -0.004537 -0.019982 -0.102577 -0.255943 -0.254291 -0.085448 0.000028 0.000004 0.000008 0.000021 0.000013 0.000031 0.000019 0.000019 0.000005 0.000008 0.000946 0.014167 0.000311 0.000014 0.000006 0.000523 0.000205
-9999.000000 -9999.000000 -9999.000000 -9999.000000 -9999.000000 -9999.000000 -2.150470 0.093908 0.061296 0.066764 0.138382 0.358278 0.310555 0.364782 0.422264 0.268255 0.209647 0.086760 -0.001491 -0.000323 0.000198 0.001889 -0.001859 -0.005767 0.000046 0.000010 0.000006 0.020908 0.175462 0.201526 0.132862 0.051765 0.013638 0.015883 0.025183 0.014436 -0.006956 -0.023254 -0.064156 -0.121930 -0.170579 -0.221993 -0.145973 0.002193 0.000041 0.000012 0.000008 0.000027 0.000016 0.000013 0.000010 0.000021 0.000008 0.000003 0.000015 0.000022 0.000120 0.000020 0.000018 0.000013 0.000010
-9999.000000 -9999.000000 -9999.000000 -9999.000000 -9999.000000 -9999.000000 -2.844550 0.101909 0.057551 0.008442 0.022533 0.084430 0.278286 0.461451 0.516495 0.393069 0.285546 0.133911 0.006192 -0.000209 0.000450 0.001587 -0.001153 0.008268 0.000008 0.000006 0.000017 0.000021 0.018872 0.106548 0.105618 0.070661 0.018670 0.012588 0.023887 0.021381 -0.017415 -0.029872 -0.050344 -0.065723 -0.101190 -0.089811 0.006047 0.000021 0.000035 0.000015 0.000012 0.000012 0.000014 0.000007 0.000005 0.000009 0.000004 0.000002 0.000019 0.000016 0.000046 0.000011 0.000027 0.000011 0.000006
-9999.000000 -9999.000000 -9999.000000 -9999.000000 -9999.000000 -9999.000000 -3.231838 0.082206 0.247245 0.142875 0.333898 0.390721 0.450536 0.574547 0.608018 0.523048 0.352424 0.108204 0.003246 0.000000 0.000577 0.000460 0.005369 0.000011 0.000003 0.000011 0.000031 0.000021 0.000083 0.000212 0.066549 0.107844 0.031758 0.006831 0.013483 0.012703 -0.020887 -0.030406 -0.027967 0.058431 0.024214 0.002052 0.000094 0.000019 0.000015 0.000025 0.000021 0.000006 0.000004 0.000002 0.000002 0.000001 0.000000 0.000001 0.000034 0.000006 0.000005 0.000004 0.000006 0.000002 0.000001
-9999.000000 -9999.000000 -9999.000000 -9999.000000 -9999.000000 -9999.000000 -1.909811 0.303261 0.681909 0.165512 0.510063 0.637739 0.686444 0.754925 0.721904 0.600754 0.376559 0.048561 0.000005 -0.000002 0.000123 0.000469 0.000014 0.000008 0.000002 0.000007 0.000012 0.000026 0.000127 0.000038 0.000024 0.000022 0.000032 0.000099 0.008515 0.035490 0.033762 0.000380 0.000064 0.000011 0.000004 0.000029 0.000142 0.000018 0.000020 0.000016 0.000032 0.000004 0.000000 0.000000 0.000000 0.000000 -0.000001 0.000000 0.000001 0.000001 0.000001 0.000001 0.000000 -0.000000 -0.000000
-9999.000000 -9999.000000 -9999.000000 -9999.000000 -9999.000000 -9999.000000 -9999.000000 0.000000 1.730693 1.462992 0.922434 0.843518 0.771813 0.800244 0.694944 1.765641 1.072346 0.000000 0.000005 0.000351 0.000278 0.000031 0.000011 0.000004 0.000001 0.000004 0.000009 0.000019 0.000182 0.000010 0.000003 0.000012 0.000023 0.000035 0.000036 0.000036 0.000421 0.000025 0.000013 0.000009 0.000004 0.000012 0.000075 0.000009 0.000011 0.000008 0.000018 0.000006 0.000002 -0.000000 -0.000000 -0.000002 -0.000028 0.000000 0.000000 0.000000 -0.000000 -0.000000 -0.000000 -0.000001 -0.000012
-9999.000000 -9999.000000 -9999.000000 -9999.000000 -9999.000000 -9999.000000 -9999.000000 -9999.000000 0.000000 1.531015 0.512732 1.014809 0.839603 0.643029 1.100730 1.409076 1.701466 1.414920 0.000000 0.000087 0.000989 0.000011 0.000005 0.000001 0.000001 0.000001 0.000005 0.000022 0.000179 0.000009 0.000003 0.000011 0.000037 0.000037 0.000042 0.000043 0.000377 0.000033 0.000009 0.000007 0.000004 0.000006 0.000039 0.000001 0.000003 0.000003 0.000002 0.000001 0.000002 -0.000001 -0.000001 -0.000047 -0.000013 0.000000 0.000003 -0.000000 -0.000001 -0.000001 -0.000006 -0.000005 -0.000050
-9999.000000 -9999.000000 -9999.000000 -9999.000000 -9999.000000 -9999.000000 -9999.000000 -9999.000000 -9999.000000 0.000000 0.000000 1.348665 1.097269 0.684046 0.969015 1.984170 1.661368 1.477022 0.879104 0.000004 0.000016 0.000007 0.000000 0.000000 0.000000 0.000000 0.000008 0.000029 0.000047 0.000007 0.000004 0.000012 0.000048 0.000022 0.000024 0.000022 0.000109 0.000038 0.000013 0.000003 0.000004 0.000002 0.000010 0.000000 0.000000 0.000000 0.000000 0.000000 0.000000 -0.000002 -0.000050 -0.000020 0.000000 0.000000 0.000001 -0.000000 -0.000001 -0.000003 -0.000018 -0.000008 -0.000024
-9999.000000 -9999.000000 -9999.000000 -9999.000000 -9999.000000 -9999.000000 -9999.000000 -9999.000000 -9999.000000 -9999.000000 -9999.000000 0.000000 1.099081 0.806067 0.669884 1.424865 1.949051 1.846386 1.143801 0.000003 0.000006 0.000003 -0.000000 -0.000000 -0.000000 0.000004 0.000018 0.000036 0.000002 0.000005 0.000009 0.000020 0.000031 0.000016 0.000015 0.000017 0.000026 0.000077 0.000024 0.000000 0.000001 0.000001 0.000000 -0.000016 -0.000008 -0.000009 -0.000010 -0.000017 -0.000031 -0.000005 -0.000099 -0.000004 -0.000000 -0.000000 -0.000000 -0.000001 -0.000002 -0.000005 -0.000012 -0.000017 -0.000013
-9999.000000 -9999.000000 -9999.000000 -9999.000000 -9999.000000 -9999.000000 -9999.000000 -9999.000000 -9999.000000 -9999.000000 -9999.000000 -9999.000000 0.000000 0.832778 0.794635 1.629281 2.317871 2.175233 1.578967 -0.000000 -0.000000 -0.000000 -0.000004 -0.000002 0.000002 0.000002 0.000013 0.000003 0.000001 0.000004 0.000008 0.000014 0.000064 0.000002 0.000004 0.000008 0.000004 0.000018 0.000039 0.000008 0.000000 0.000000 -0.000000 -0.004426 -0.020651 0.000062 0.000103 0.000038 -0.000021 0.000014 -0.000050 -0.000002 -0.000001 -0.000001 -0.000002 -0.000004 -0.000010 -0.000006 -0.000010 -0.000021 -0.000020
-9999.000000 -9999.000000 -9999.000000 -9999.000000 -9999.000000 -9999.000000 -9999.000000 -9999.000000 -9999.000000 -9999.000000 -9999.000000 -9999.000000 -9999.000000 0.000004 0.000001 1.654506 2.543478 2.387911 1.892637 1.066730 -0.000014 -0.000008 -0.000008 0.000000 0.000001 0.000001 0.000001 0.000001 0.000001 0.000001 0.000002 0.000003 0.000009 0.000001 0.000000 0.000000 0.000000 0.000001 0.000004 0.000010 -0.000000 0.000000 0.000000 0.002483 0.007734 0.000004 0.000001 0.000008 0.000001 0.000001 -0.000001 -0.000004 -0.000002 -0.000003 -0.000008 -0.000023 -0.000012 -0.000012 -0.000014 -0.006614 -0.003415
-9999.000000 -9999.000000 -9999.000000 -9999.000000 -9999.000000 -9999.000000 -9999.000000 -9999.000000 -9999.000000 -9999.000000 -9999.000000 -9999.000000 -9999.000000 0.000000 0.000001 0.000005 2.322247 2.334317 2.037726 1.308139 0.620863 -0.000017 -0.000005 -0.000000 0.000000 0.000000 0.000000 0.000000 0.000000 0.000000 0.000000 0.000000 0.000000 0.000000 -0.000001 -0.000004 -0.000012 0.000000 0.000000 0.000002 -0.000013 -0.000004 -0.000001 0.000001 0.000003 0.000001 0.000000 0.000000 0.000000 0.000000 -0.000006 -0.000028 -0.000002 -0.000005 -0.000008 -0.000015 -0.000021 -0.000012 -0.002172 0.000017 0.000002
-9999.000000 -9999.000000 -9999.000000 -9999.000000 -9999.000000 -9999.000000 -9999.000000 -9999.000000 -9999.000000 -9999.000000 -9999.000000 -9999.000000 -9999.000000 -9999.000000 0.000000 0.000003 1.769226 2.224796 2.076205 1.794982 1.341303 0.600255 -0.000008 -0.000004 -0.000003 -0.000002 -0.000004 -0.000001 -0.000003 -0.000001 -0.000000 -0.000003 -0.000008 -0.000021 -0.000003 -0.000010 -0.008313 -0.000001 -0.000001 0.000002 -0.000023 -0.000036 0.010055 0.004703 0.000000 0.000000 -0.000002 -0.000003 -0.000001 -0.000001 -0.000008 -0.000038 -0.000013 -0.000030 -0.000004 -0.000011 -0.000019 -0.002465 0.000074 0.000000 0.000000
-9999.000000 -9999.000000 -9999.000000 -9999.000000 -9999.000000 -9999.000000 -9999.000000 -9999.000000 -9999.000000 -9999.000000 -9999.000000 -9999.000000 -9999.000000 -9999.000000 -9999.000000 0.000001 0.000007 2.000927 1.930312 1.676925 1.467511 1.293865 1.146729 1.302029 -0.000017 -0.000013 -0.000028 -0.000008 -0.000006 -0.000001 -0.000005 -0.000012 -0.000064 -0.000027 -0.000014 -0.000010 -0.000000 -0.000004 -0.000003 0.000000 0.000000 0.000000 0.000003 0.000013 0.000000 -0.000001 -0.000005 -0.000017 -0.000002 -0.000003 -0.000007 -0.000038 -0.000019 -0.000951 -0.000405 -0.000492 -0.000997 0.000171 0.000006 -0.000000 -0.000000
-9999.000000 -9999.000000 -9999.000000 -9999.000000 -9999.000000 -9999.000000 -9999.000000 -9999.000000 -9999.000000 -9999.000000 -9999.000000 -9999.000000 -9999.000000 -9999.000000 -9999.000000 0.000000 0.000004 0.000011 1.767197 1.607226 1.251508 1.438336 1.086460 2.195289 2.086479 -0.000024 -0.000025 -0.000008 -0.000003 -0.000005 -0.000012 -1.030562 -0.178482 0.170553 0.560267 0.772554 -0.000001 -0.000000 -0.000007 -0.000001 -0.000010 -0.000000 0.000000 0.000000 0.000000 -0.000004 -0.000031 -0.000030 -0.000005 -0.000003 -0.000008 -0.000125 -0.029364 -0.000254 0.000001 0.000017 0.000005 0.000007 0.000006 -0.000001 -0.000001
-9999.000000 -9999.000000 -9999.000000 -9999.000000 -9999.000000 -9999.000000 -9999.000000 -9999.000000 -9999.000000 -9999.000000 -9999.000000 -9999.000000 -9999.000000 -9999.000000 -9999.000000 -9999.000000 0.000000 0.000005 0.000013 1.129877 0.957682 1.543231 1.214946 2.069274 2.103764 1.638492 -0.000015 -0.000006 -0.000002 -0.000009 -1.473106 -1.404424 -0.319018 0.037773 0.493193 1.200372 0.857882 0.605751 -0.000006 -0.000002 -0.000010 -0.000025 -0.000004 -0.000003 -0.000006 -0.000017 -0.000024 -0.451059 -0.120436 0.000448 0.210729 0.473084 -0.000041 0.000000 0.000000 0.000005 0.000002 0.000000 0.000000 -0.000000 -0.000001
