use_cases/Flooding_chicago/flooding_data/output/h_1080.asc
ncols 337
nrows 393
xllcorner 428428.000000
yllcorner 4602440.000000
cellsize 26.757400
NODATA_value -9999.000000
[rows 162 to 188 of 393, columns 177 to 235 of 337]
0.047873 0.094581 0.102276 0.134422 0.130792 0.053612 0.020210 0.030235 0.134116 0.255966 0.253104 0.120425 0.073415 0.043767 0.051637 0.051692 0.064308 0.047459 0.044681 3.110218 4.122001 5.097368 4.145405 2.139231 1.051155 0.043576 0.077508 0.121494 0.155411 0.140540 0.094543 0.103476 1.536709 0.583400 0.052333 0.054208 0.052157 0.020699 0.062271 0.177842 0.423855 0.535281 0.653850 0.052041 0.025291 0.032799 0.048439 0.030127 0.037422 0.028801 0.034279 0.386492 1.583004 0.548313 0.023231 0.052735 0.039123 1.448981 2.557455
0.028648 0.091326 0.075050 0.163308 0.146355 0.060478 0.030175 0.019799 0.023873 1.481753 1.489383 0.019546 0.028064 0.029554 0.024175 0.044960 0.032360 0.038952 0.047131 0.944851 3.128588 4.156011 4.169952 3.157044 2.180397 1.136860 1.141959 0.083887 0.148560 0.151509 0.106576 0.747295 1.522092 0.645114 0.043831 0.053306 0.028983 0.020194 0.026634 0.224072 0.619965 0.809854 0.274959 0.066741 0.088460 0.063432 0.073427 0.032997 0.042671 0.032966 0.038582 1.564605 2.586861 1.585819 1.574589 1.574918 1.553337 3.573297 2.569393
0.039406 0.085560 0.090186 0.119530 0.100426 0.092857 0.035622 0.060982 0.340309 2.496421 2.502018 1.514216 0.021273 0.567990 0.023073 0.022846 0.024336 0.032055 0.033053 1.023797 2.151490 4.144556 4.154855 3.137098 2.183960 1.178791 1.168209 0.223821 0.108850 0.136684 0.101219 0.816465 0.191789 0.152069 0.029869 0.032371 0.017967 0.031760 0.031318 0.328788 0.884931 0.299001 0.140829 0.095691 0.082016 0.268917 1.323696 0.229595 0.039207 0.035149 0.171493 3.540869 4.588442 3.608421 2.620783 1.606363 2.557458 3.616135 2.585699
0.086250 0.064811 0.077871 0.136145 0.127113 0.050102 0.039040 0.070076 0.339395 1.480464 2.490793 1.456937 0.597600 1.574931 1.581499 0.532286 0.031135 0.044476 0.037558 1.097009 1.180646 2.104744 1.147740 1.173076 2.201289 1.143303 0.196538 0.230432 0.098526 0.107500 0.088335 0.049767 0.342795 0.131650 0.037452 0.017967 0.021034 0.028053 0.726362 0.688094 0.574323 0.299692 0.261240 0.028908 0.079594 0.256105 1.349934 1.380473 0.269376 0.183712 0.316544 3.469798 4.570131 4.599428 2.592889 2.578967 3.575735 3.628245 2.572746
0.086144 0.033973 0.037027 0.193305 0.080314 0.095955 0.062736 0.054406 0.073814 0.356006 1.457400 0.395898 0.457593 1.553867 1.544367 0.521843 0.027716 0.051748 0.064145 1.013681 1.234813 1.210789 0.204349 1.183158 1.202014 1.166308 0.158709 0.049844 0.047559 0.029229 0.027061 0.036797 0.166567 0.262803 0.031823 0.028847 0.027458 0.034890 0.714826 1.934232 0.858782 0.065012 0.058841 0.040064 0.054963 0.044339 0.262651 0.340318 0.303167 0.224946 0.317522 2.452273 2.538639 2.584815 2.583188 2.567107 2.565688 1.599767 1.558117
0.054330 0.029548 0.033257 0.078300 0.106560 0.091165 0.071130 0.073128 0.106941 0.289249 0.304487 0.032418 0.031501 0.043361 0.456167 0.511062 0.019378 0.067634 0.052590 1.020932 1.227333 1.179060 0.158300 0.124518 0.153487 0.132726 0.144080 0.077066 0.059014 0.026771 0.027352 0.040978 0.031197 0.413544 0.497427 0.027336 0.198485 0.188802 0.778285 1.819651 0.809220 0.039622 0.014396 0.091517 0.061990 0.038197 0.041850 0.294280 0.308988 0.243973 0.368886 0.701850 0.036651 0.037708 0.440125 1.528818 1.521083 0.456185 0.415014
0.047951 0.022422 0.039700 0.093177 0.052481 0.030761 0.057564 0.057747 0.089409 0.080555 0.043738 0.032875 0.030296 0.044139 0.067042 0.071238 0.154526 0.088650 0.191801 0.980287 1.008480 1.085792 0.039406 0.021202 0.116310 0.034401 0.052269 0.069237 0.041726 0.037501 0.014396 0.019310 0.028404 0.396425 1.511496 1.556579 0.286114 0.240039 0.484408 0.466632 0.430435 0.074784 0.122068 0.124617 0.026787 0.026069 0.033195 0.043037 0.249161 0.259234 0.240204 0.421786 0.025124 0.025902 0.039212 0.072297 0.113349 0.166736 0.179749
0.042107 0.030114 0.029799 0.113863 0.029549 0.026177 0.035057 0.033043 0.054848 0.048836 0.041633 0.035287 0.026970 0.035224 0.034918 0.140090 0.020042 0.030419 0.131470 0.181801 0.612653 0.136019 0.038498 0.025642 0.072030 0.036660 0.044486 0.045113 0.041561 0.036828 0.029320 0.128030 0.423798 1.446382 1.485735 0.427390 0.028214 0.035644 1.701446 0.630907 0.564962 0.085438 0.127621 0.139223 0.036675 0.034249 0.046684 0.039648 0.065558 0.061506 0.066818 0.676081 0.031596 0.018654 0.046404 0.031939 0.100943 0.161345 0.162933
0.039635 0.020744 0.036278 0.085426 0.027565 0.014396 0.019310 0.028007 0.036583 0.025063 0.022881 0.035301 0.029854 0.040962 0.054191 0.037451 0.031243 0.020530 0.192922 0.262317 0.556813 0.214898 0.028893 0.030510 0.071495 0.031318 0.029029 0.048196 0.050348 0.221599 0.246606 0.192149 0.152063 0.287090 0.300216 0.048736 0.038532 0.027396 1.732895 1.760788 0.577403 0.093184 0.036644 0.047203 0.049476 0.037971 0.037391 0.058159 0.045631 0.030841 0.133614 0.845195 0.955674 0.024528 0.017967 0.021034 0.026954 0.264019 0.263721
0.020745 0.033901 0.025841 0.046974 0.037178 0.048820 0.031960 0.034037 0.030861 0.037437 0.040291 0.096657 0.026055 0.034752 0.034752 0.057793 0.053017 0.033867 0.354223 0.379194 0.387046 0.308455 0.043378 0.030205 0.038908 0.039437 0.032021 0.032982 0.066113 0.220273 1.333060 0.207239 0.118847 0.074828 0.055214 0.061086 0.082894 0.197675 1.680162 1.778681 0.640478 0.126204 0.054345 0.064430 0.044273 0.031258 0.057246 0.750849 0.029045 0.030800 0.180251 0.849529 0.949330 0.937408 0.028871 0.017967 0.026115 1.418964 0.339810
0.036232 0.025796 0.028313 0.056161 0.034186 0.044761 0.039910 0.042870 0.042260 0.047613 0.107364 0.058663 0.021432 0.053672 0.044822 0.137334 0.140982 0.663464 1.506760 1.618297 1.597988 0.442060 0.051892 0.041863 0.026375 0.014396 0.019310 0.037190 0.081743 0.190179 0.203680 0.032448 0.040952 0.039076 0.027168 0.037521 0.145965 0.243620 1.619617 1.743706 0.647492 0.138164 0.058189 0.057625 0.071364 0.045326 1.732153 2.753914 1.745008 0.023519 0.246892 0.746066 0.868108 0.847395 0.137951 0.021521 0.058707 1.339819 0.359680
0.044593 0.032310 0.019538 0.037117 0.038353 0.066079 0.045342 0.054006 0.059016 1.644515 1.676028 0.628942 0.027901 0.031440 0.164181 0.166731 0.162227 0.652345 2.135069 1.568303 0.430735 0.423541 0.054729 0.022011 0.023247 0.046600 0.031304 0.043042 0.080503 0.077527 0.038826 0.028404 0.031944 0.027260 0.026741 0.053734 0.242624 0.305730 0.502067 0.497533 0.432912 0.091820 0.048286 0.048439 0.189279 0.115566 1.675305 2.717271 1.722015 0.581108 0.386037 0.258082 0.180232 0.155594 0.183817 0.094361 0.683088 0.585630 0.422841
0.054069 0.035148 0.020500 0.040931 0.038933 0.061008 0.064466 0.540744 1.698955 2.780837 1.761662 0.609175 0.463263 0.332491 0.227583 0.883618 0.908888 0.779289 0.508179 0.510290 0.042042 0.027134 0.034630 0.018150 0.053516 0.038533 0.728561 0.041140 0.056669 0.041543 0.031455 0.024254 0.044090 0.076484 0.148601 0.084603 0.367621 0.261073 0.161834 0.126740 0.070093 0.132120 0.073737 0.061210 0.153753 0.549794 0.478846 0.436784 0.431269 0.415585 0.042366 0.034273 0.037438 0.027031 0.218509 0.682306 0.759151 0.704798 0.149893
0.042856 0.044700 0.030480 0.046573 0.045477 0.072121 0.442060 0.663283 0.649448 0.575830 1.662331 0.574836 0.414943 0.914944 0.967375 1.987671 2.024136 0.962061 0.027471 0.034481 0.033419 0.031731 0.027001 0.051322 0.695247 0.680365 0.710467 0.644980 0.069612 0.037926 0.031408 0.019799 0.032952 0.033730 0.135220 0.734755 0.594933 0.071588 0.058634 0.072281 0.063927 0.124138 0.100961 0.078683 0.064947 0.083018 0.032066 0.038002 0.041344 0.041237 0.038185 0.035401 0.026574 0.028893 0.301391 0.703754 0.801450 0.234293 0.299945
0.111916 0.064018 0.047096 0.456203 2.726363 1.734326 1.740174 0.478230 0.020134 0.029152 0.051743 0.028584 0.350407 0.864884 1.939524 1.947027 1.982254 0.939294 0.017372 0.017372 0.029458 0.047398 0.728365 1.821450 2.851424 2.822582 1.793883 0.596376 0.036538 0.033622 0.033318 0.014396 0.024697 0.032280 0.141226 0.329484 0.154158 0.111919 0.030373 0.035775 0.150886 0.110040 0.193155 0.024941 0.047874 0.047646 0.030144 0.025307 0.032341 0.029320 0.041603 0.039803 0.027976 0.055918 0.505637 0.022942 0.023577 0.417660 0.421815
0.172401 0.133766 0.132423 2.708344 3.767697 2.788429 1.769073 0.030677 0.017372 0.017372 0.020180 0.514617 0.438281 0.271465 0.161067 0.098848 0.072792 0.074629 0.025703 0.025704 0.807249 1.827953 2.860765 2.841646 3.840759 2.831162 1.795283 0.058036 0.038658 0.038282 0.018898 0.025780 0.028252 0.024131 0.030633 0.464933 0.028693 0.037269 0.034645 0.051018 0.171700 0.193245 0.033821 0.038977 0.027001 0.024405 0.031593 0.027976 0.031685 0.032372 0.059120 0.057045 0.037178 0.658136 0.638618 0.023542 0.027597 1.545123 1.568210
0.173775 0.220809 1.504872 3.752977 3.785446 3.801782 2.818235 1.783437 0.053529 0.053975 0.044407 0.501631 0.384337 0.043450 0.028648 0.035561 0.026908 0.033987 0.052569 0.736438 2.865869 3.852725 4.875000 3.854744 2.861928 1.834390 0.651327 0.046861 0.028526 0.024971 0.036827 0.028236 0.036018 0.041191 0.036540 0.642411 0.037541 0.024879 0.028144 0.036736 0.033837 0.201775 0.047813 0.022591 0.022591 0.027001 0.029991 0.044973 0.044747 0.047279 0.114442 0.676395 0.743569 0.707952 1.662584 1.704795 0.617573 1.529467 2.578138
0.063453 0.173304 1.621731 2.752129 3.752125 3.764735 3.760620 2.746042 1.725294 1.767795 1.766156 0.463815 0.034020 0.054783 0.028511 0.024513 0.030708 0.037333 0.059662 1.836917 2.874444 3.852261 4.858520 3.853999 2.861318 0.733904 0.083066 0.037652 0.026695 0.018853 0.037697 0.036842 0.044670 0.088040 0.769385 1.840727 1.863446 0.028725 0.045235 0.017372 0.035530 0.081200 0.030571 0.022591 0.022591 0.037208 0.040856 0.045768 0.084784 0.108863 0.147618 0.654647 0.725219 0.705434 1.620265 1.665080 2.559547 2.598653 2.589422
0.058038 0.059992 0.530963 1.730447 2.769557 3.777734 3.781111 3.772653 2.763225 2.789004 1.775492 0.028191 0.023567 0.027367 0.019310 0.026024 0.044918 0.034691 0.048099 1.837060 1.870062 2.848912 3.843799 3.847056 2.856053 0.695505 0.093390 0.063270 0.052467 0.061851 0.051904 0.067604 0.117468 0.134088 0.798835 1.840600 1.825794 0.065093 0.032333 0.017372 0.025261 0.038200 0.041054 0.044105 0.034371 0.037254 0.062325 0.140510 0.126808 0.142540 0.210828 0.256117 0.654811 1.611778 1.601254 1.639709 3.563967 3.592421 3.594540
0.062432 0.055809 0.058388 0.088451 1.728347 2.749498 3.755834 3.778438 2.766844 2.786162 2.794950 0.027992 0.022942 0.023506 0.040413 0.040627 0.082335 0.070349 1.813457 1.826847 1.835269 1.816705 1.746941 1.800002 2.716224 0.525980 0.051357 0.032494 0.050224 0.047661 0.046258 0.072090 0.092146 0.714144 1.820117 1.832686 1.849859 0.070715 0.092592 0.027592 0.024192 0.030525 0.081825 0.065987 0.038964 0.045676 0.073580 0.055244 0.110710 0.056070 0.036416 0.369656 0.322430 0.471365 0.408749 0.453215 3.567431 3.557042 3.560894
0.071189 0.071632 0.096673 0.117636 1.713973 0.817570 1.787183 2.761755 2.773085 2.775022 2.743002 0.119072 0.027992 0.028176 0.041374 0.035453 0.054742 0.738898 1.777209 1.803255 0.638727 0.056832 0.038643 0.080606 0.266888 0.040941 0.050758 0.037620 0.032204 0.145011 0.025017 0.055352 0.073438 1.758026 1.801426 1.789854 0.762692 0.085555 0.075717 0.041102 0.096660 0.085283 0.061864 0.084857 0.049247 0.063728 0.028755 0.026024 0.021112 0.166917 0.867707 0.578324 0.506993 0.453526 0.029151 0.029931 0.320574 1.261030 0.393406
0.059318 0.055428 0.143242 0.165796 0.630105 0.779749 1.764609 1.717633 1.703256 1.647432 0.514798 0.080196 0.117840 0.076001 0.107246 0.195364 0.644086 1.756264 0.667722 0.056788 0.046109 0.047686 0.027275 0.126501 0.231233 0.035150 0.053474 0.018471 0.101586 0.092139 0.070377 0.042670 0.072443 0.794586 0.805960 0.052640 0.027001 0.024405 0.043224 0.066516 0.069040 0.058919 0.041274 0.079811 0.059259 0.102481 0.088960 0.047277 0.226770 0.935842 0.866326 0.166764 0.222158 0.100315 0.027031 0.027885 0.043181 0.063441 0.066431
0.097756 0.225653 0.217170 0.124259 0.132934 0.834516 1.857561 0.718413 0.047546 0.037266 0.026952 0.028144 0.043888 0.075494 0.118462 0.258039 0.200349 0.118677 0.111593 0.056498 0.044106 0.039162 0.034635 0.037728 0.273196 0.025947 0.030908 0.023659 0.071695 0.395651 0.031792 0.078871 0.047863 0.797412 0.021782 0.022591 0.022591 0.027001 0.058923 0.111644 0.086764 0.106087 0.056416 0.083857 0.113702 0.559852 0.576344 0.468126 0.240817 0.246742 0.225570 0.166227 0.244206 0.204217 0.037986 0.023447 0.043617 0.032356 0.058510
0.034644 0.081840 0.072425 0.110012 0.058234 0.771783 1.664969 0.644266 0.021797 0.021629 0.023399 0.024285 0.031609 0.040338 0.128125 0.142914 0.154880 0.085930 0.095799 0.052239 0.039512 0.047737 0.034859 0.026161 0.388165 0.031090 0.033287 0.064246 0.081505 0.300544 0.218855 0.838122 0.849760 0.831631 0.057366 0.022591 0.022591 0.051460 0.049430 0.074317 0.076764 0.082756 0.239429 0.252541 0.176826 0.459943 0.455366 0.025704 0.029679 0.146806 0.182796 0.283811 1.419617 0.291348 0.041328 0.044609 0.019798 0.035896 0.059427
0.024087 0.078362 0.071404 0.045523 0.073459 0.131898 0.886469 0.872055 0.498186 0.031823 0.024285 0.014396 0.033181 0.047875 0.076009 0.106346 0.137153 0.091409 0.091636 0.072685 0.063134 0.072136 0.050759 0.068245 0.450941 0.026527 0.033745 0.058266 0.081963 0.050850 0.784397 0.794356 0.796437 0.762033 0.690493 0.030022 0.038246 0.032436 0.036191 0.058540 0.275531 0.374070 0.368633 0.330692 0.254966 0.035088 0.039315 0.026925 0.028649 0.039265 0.037498 0.298803 1.427945 1.425739 0.028445 0.020591 0.017372 0.025703 0.034690
0.136619 0.111382 0.074225 0.040733 0.038856 0.072096 0.081830 0.685799 1.680228 0.046223 0.034458 0.026772 0.023918 0.040993 0.038216 0.075264 0.106788 0.137428 0.058814 0.064537 0.096213 0.090705 0.060691 0.065101 0.485234 0.495321 0.038231 0.021110 0.032570 0.044900 0.188261 0.033027 0.084646 0.057686 0.567922 0.346616 0.208359 0.111045 0.088210 0.097770 0.361021 0.426616 1.415008 0.305933 0.032105 0.028878 0.028984 0.017372 0.025703 0.054222 0.058892 0.327056 1.455519 2.438968 0.305298 0.029276 0.017372 0.025703 0.051324
0.054345 0.043205 0.029595 0.041115 0.047082 0.103191 0.094983 0.923489 0.915834 1.989832 0.049881 0.032067 0.025139 0.032616 0.033577 0.039132 0.067025 0.104484 0.045296 0.082985 0.097191 0.080879 0.063362 0.051901 0.495255 0.496284 0.038780 0.035759 0.017372 0.043312 0.076989 0.058742 0.050316 0.033973 0.040824 0.229583 0.202605 0.240195 0.145268 0.107128 1.368468 1.385738 2.387275 1.363381 0.034187 0.034757 0.028861 0.017372 0.025703 0.032281 0.030555 0.040573 1.426112 2.420982 1.447193 0.432738 0.033302 0.057258 0.036171
