use_cases/Flooding_chicago/flooding_data/output/h_1020.asc
ncols 337
nrows 393
xllcorner 428428.000000
yllcorner 4602440.000000
cellsize 26.757400
NODATA_value -9999.000000
[rows 108 to 134 of 393, columns 236 to 294 of 337]
0.141996 3.199402 4.200751 2.200764 1.194210 0.138363 0.124116 0.124771 0.117884 0.122980 0.102327 0.741356 0.722524 0.051636 0.053112 0.050988 0.074165 0.088143 0.021401 0.041222 0.039452 0.397010 0.075328 0.048876 0.058382 0.039369 0.126647 0.092509 0.022361 0.320328 0.347233 0.019020 0.372647 1.044146 1.137870 0.315817 0.271449 0.287214 0.276741 1.152604 0.312025 0.097450 0.103296 0.267375 0.657956 0.143015 0.066834 0.022590 0.022590 0.048698 0.050743 0.033822 0.047905 0.028871 0.017967 0.036644 0.033516 0.043988 0.032265
1.203429 3.195535 4.212150 2.200815 1.189306 0.146961 0.133632 0.143073 1.195686 1.191855 1.192037 0.093363 0.034799 0.056268 0.028053 0.044823 0.063626 0.069389 0.045266 0.065423 0.226562 0.312286 0.021438 0.036683 0.034855 0.047611 0.090726 0.621632 0.158819 0.316475 0.370487 0.462139 0.455505 0.440653 0.485959 0.444439 0.157736 0.404752 0.393863 0.646139 0.271251 0.174449 0.185286 0.197167 0.259337 0.201869 0.099950 0.030846 0.041023 0.046074 0.044342 0.026344 0.022124 0.017967 0.021034 0.028862 0.022011 0.045098 0.103981
1.192120 3.191946 3.207067 2.196294 2.198258 1.187673 0.148599 0.152728 1.193923 1.189213 1.186327 0.111827 0.042688 0.029259 0.019386 0.092232 0.038230 0.046929 0.037453 0.059456 0.214422 0.241956 0.028423 0.033158 0.043709 0.494019 0.536082 0.637092 0.625082 0.252788 0.343540 0.411996 0.476165 0.516695 0.596613 0.268938 0.349118 0.289127 0.647688 0.641098 0.281391 0.292249 0.125775 0.215466 0.312939 0.333746 0.189991 0.039116 0.061180 0.044412 0.061577 0.035987 0.043831 0.031183 0.026512 0.024666 0.035699 0.046333 0.169381
1.161511 3.183894 3.207716 3.200971 3.196001 3.196022 2.177405 2.186720 3.213550 3.203502 1.190369 0.127684 0.019828 0.029548 0.027046 0.082130 0.085494 0.047310 0.058968 0.039741 0.105650 0.494936 0.390192 0.396487 0.411146 1.541724 1.480621 0.643140 0.627592 0.190861 0.258667 0.140266 0.316685 0.371968 0.478295 0.479601 1.567401 1.586261 0.437551 0.472459 1.493183 0.371806 0.162325 0.128115 0.215866 0.277147 0.304404 0.049603 0.079145 0.046290 0.070169 0.072427 0.048820 0.038231 0.030602 0.037804 0.030480 0.040596 0.171120
2.068269 3.174686 4.217473 3.207350 3.200250 3.203823 3.191118 3.196762 4.201740 4.214073 2.202995 0.154139 0.049964 0.049217 0.145074 0.146452 0.098537 0.040415 0.028481 0.045296 0.401776 2.520881 2.522378 1.526228 1.545023 1.568400 1.530754 0.057936 0.124332 0.148484 0.029671 0.019285 0.501487 0.506543 0.633356 1.585738 2.615607 1.587127 1.596880 1.641847 0.421573 0.426897 0.163376 0.161013 0.234281 0.242819 0.541191 1.708665 0.599767 0.501925 0.523544 0.065735 0.077102 0.087858 0.129944 0.035255 0.050162 0.022560 0.140878
3.167181 4.169844 3.184928 2.174204 2.176213 2.184085 3.183683 4.145106 3.190691 2.189959 0.133098 0.035848 0.056389 0.046837 1.211554 0.150058 0.318661 0.330635 0.033515 0.033620 0.473435 2.526998 2.528229 1.526568 0.543189 0.542838 1.528108 0.034828 0.021103 0.033994 0.019104 0.027014 0.570359 0.568179 1.850746 2.519828 2.604417 2.625855 1.599113 1.625919 0.050430 0.079146 0.079648 0.131806 0.048836 0.019950 1.770055 1.751889 2.774686 2.750038 1.744436 0.608069 0.168946 0.132256 1.220471 1.207806 0.179993 0.051063 0.073556
2.172858 3.145527 2.217092 1.205642 0.147856 1.159243 2.173817 2.190181 1.089637 0.129986 0.031471 0.048652 0.014397 0.051964 0.031166 0.115593 1.408228 2.497784 1.462751 0.415790 0.475038 1.538743 2.546127 2.531290 1.532748 1.533287 1.514739 0.433423 0.059109 0.029312 0.042991 0.025585 0.550496 1.566648 1.671725 2.482852 2.510443 1.539764 1.529000 0.387861 0.043652 0.037682 0.054088 0.079080 0.072371 0.021919 0.666197 1.763805 2.798652 2.787090 2.763627 1.725096 0.163493 0.137702 1.233085 1.222697 0.200788 0.038627 0.042381
2.231935 1.116697 1.154557 0.155994 0.032063 0.037945 0.115198 0.111703 0.033546 0.035409 0.035850 0.039863 0.041312 0.039409 0.028099 0.078849 1.431038 3.496725 2.505832 1.504211 0.504497 1.548495 1.529737 1.538964 1.541298 1.539331 1.508759 0.541234 0.716544 0.665673 0.134199 0.151094 0.068590 1.467780 1.351596 1.268847 0.406643 0.390543 0.056585 0.075467 0.038671 0.034794 0.036278 0.086312 0.039848 0.017372 0.037538 0.612372 1.784391 2.792053 2.770603 1.743549 0.112905 0.116982 0.170054 0.190484 0.205507 0.022438 -9999.000000
2.250793 0.255702 0.256666 0.194082 0.050416 0.046988 0.030876 0.026268 0.043880 0.033118 0.059106 0.061058 0.054421 0.067756 0.058109 0.045339 0.487493 2.505327 2.500934 1.515060 1.511452 1.530832 1.513123 1.524418 1.525991 1.521277 1.512228 0.027869 0.737111 0.639118 0.169628 0.186751 0.134010 0.187745 0.889607 0.412994 0.277831 0.056713 0.059935 0.074396 0.028117 0.058717 0.064768 0.061710 0.072403 0.017372 0.037656 0.073007 0.688923 1.789721 2.772846 2.797567 0.726331 0.019081 0.026314 0.022514 0.018439 -9999.000000 -9999.000000
3.327707 0.298912 0.286952 0.219950 0.032295 0.029487 0.032189 0.018028 0.028526 0.063862 1.454427 1.497810 1.503194 1.487415 1.473874 1.505629 0.487142 1.509050 2.511767 2.496667 3.508422 2.536244 2.492267 2.518248 2.519858 1.520640 1.512675 0.057953 0.123899 0.160951 0.121989 0.127191 0.138264 0.287760 0.881208 0.597296 0.361257 0.056347 0.057932 0.114886 0.159425 0.068466 0.023566 0.027366 0.019309 0.037971 0.021720 0.087975 0.113109 0.676843 1.705843 1.760775 0.030280 0.033120 0.018959 -9999.000000 -9999.000000 -9999.000000 -9999.000000
3.266236 0.274312 0.264270 0.108559 0.033607 0.032339 0.041588 0.021003 0.040229 0.069433 1.465077 1.498121 1.502109 2.512568 3.502100 2.510033 2.511321 3.519030 3.505762 3.502417 3.503626 3.516685 2.502465 2.512006 1.512884 1.512527 1.484345 0.360445 0.109771 0.111375 0.184816 0.123363 0.057945 0.576094 0.626961 0.986108 0.272023 0.025719 0.039364 0.030716 0.063409 0.106265 0.022942 0.023506 0.102582 0.339497 0.327201 0.181010 0.182850 0.843450 0.088797 0.083065 0.036979 0.034340 -9999.000000 -9999.000000 -9999.000000 -9999.000000 -9999.000000
1.070451 0.066565 0.123025 0.231024 0.235054 0.087989 0.038429 0.018028 0.020317 0.027428 0.360405 1.495703 1.509059 2.517112 3.517639 3.512829 4.513062 4.513099 4.507542 3.513132 1.501362 2.503473 2.504139 0.394406 0.354824 0.033953 0.286123 0.050723 0.049413 0.083100 0.125075 0.110022 0.117012 0.206742 0.389147 1.458139 0.540327 0.549148 0.208673 0.219704 0.070769 0.147044 0.188379 0.191962 0.159610 0.119901 0.058108 0.115616 0.147454 0.827678 0.120736 0.037330 0.014397 -9999.000000 -9999.000000 -9999.000000 -9999.000000 -9999.000000 -9999.000000
0.043519 0.040145 0.036644 0.232522 0.065239 0.090188 0.035516 0.027810 0.033134 0.031578 0.381426 0.499904 0.505676 0.508505 1.515295 3.497922 4.505826 5.508227 4.508903 2.511793 0.487628 1.471561 1.487151 0.068091 0.062539 0.061103 0.062509 0.047554 0.041908 0.047081 0.074149 0.094923 0.037446 0.068639 0.551762 1.622474 0.610949 0.539109 0.242379 0.259961 0.430266 0.173550 1.260650 1.258026 0.197483 0.181754 0.020929 0.043023 0.104546 0.108742 0.077706 0.057746 -9999.000000 -9999.000000 -9999.000000 -9999.000000 -9999.000000 -9999.000000 -9999.000000
0.035621 0.047403 0.038857 0.086876 0.076163 0.030326 0.036965 0.044106 0.038947 0.449875 0.457940 0.489134 0.492826 0.498900 0.507589 2.492007 3.502048 4.496209 3.499118 1.498978 0.023888 0.654441 0.059816 0.085304 0.056388 0.055428 0.071725 0.049857 0.069954 0.042211 0.047494 0.087690 0.027701 0.117540 0.583963 1.723583 0.555208 0.050115 0.072344 0.083049 0.175674 0.229566 1.270876 1.255193 0.183481 0.049539 0.024666 0.060380 0.107124 0.102899 0.059457 0.075753 -9999.000000 -9999.000000 -9999.000000 -9999.000000 -9999.000000 -9999.000000 -9999.000000
0.031120 0.039741 0.035286 0.071327 0.029732 0.033623 0.044366 0.308779 0.413794 0.438186 0.453272 0.484420 0.490877 1.514681 1.522045 1.509482 2.504935 3.509930 2.510323 0.479351 0.028298 0.680226 0.062769 0.076975 0.085153 0.084570 0.096519 0.078422 0.097663 0.033378 0.055581 0.047035 0.033333 0.140807 0.504822 1.498044 0.389411 0.052679 0.053253 0.030221 0.259194 0.254585 1.233107 1.224167 0.152587 0.067247 0.024880 0.070288 0.112612 0.096642 0.075567 0.033654 -9999.000000 -9999.000000 -9999.000000 -9999.000000 -9999.000000 -9999.000000 -9999.000000
0.025032 0.031746 0.036156 0.037300 0.027336 0.030189 0.043876 0.376903 0.475232 0.469262 0.477233 0.497174 0.499264 1.508288 2.519468 2.522917 3.511806 3.516262 1.513406 0.475432 0.040640 0.673428 0.518746 0.088921 0.074425 0.079369 0.051506 0.093666 0.060890 0.074959 0.031913 0.036354 0.028191 0.117288 0.179584 0.808314 0.588565 0.045736 0.040918 0.059959 0.245073 0.222059 0.046278 0.066456 0.045127 0.052023 0.035515 0.109735 0.062202 0.041009 0.022560 -9999.000000 -9999.000000 -9999.000000 -9999.000000 -9999.000000 -9999.000000 -9999.000000 -9999.000000
0.104103 0.048623 0.018594 0.049247 0.030297 0.031211 0.043573 0.088223 0.079056 0.467821 0.477099 1.530429 1.528749 1.514281 2.502141 2.514698 3.503212 3.502856 2.508841 0.454473 0.061021 0.052005 0.361610 0.070678 0.040567 0.045372 0.045783 0.042991 0.075356 0.024330 0.029564 0.024331 0.036033 0.133003 0.146761 0.662583 0.828695 0.070806 0.063132 0.107465 0.113229 0.066162 0.057412 0.034081 0.052772 0.022377 0.042107 0.081917 0.027535 0.019278 -9999.000000 -9999.000000 -9999.000000 -9999.000000 -9999.000000 -9999.000000 -9999.000000 -9999.000000 -9999.000000
0.098749 0.056557 0.023140 0.035911 0.036772 0.042625 0.040092 0.128793 0.110494 1.470680 2.512737 1.505273 1.504531 1.499335 1.453224 2.447958 2.452206 2.466004 2.452043 0.354016 0.059227 0.043344 0.056883 0.044868 0.037378 0.031639 0.028953 0.028618 0.121635 0.024330 0.029564 0.024331 0.030113 0.159269 0.150852 0.372630 1.191837 1.031663 0.052451 0.063401 0.094369 0.075402 0.053542 0.023079 0.041267 0.023766 0.038749 0.045282 0.026420 -9999.000000 -9999.000000 -9999.000000 -9999.000000 -9999.000000 -9999.000000 -9999.000000 -9999.000000 -9999.000000 -9999.000000
0.033988 0.043405 0.027229 0.038049 0.043251 0.067727 0.051673 0.114057 0.145571 1.426409 2.502706 1.520919 1.490538 1.504118 0.062462 0.126885 0.104324 0.304287 0.325566 0.321176 0.071462 0.056068 0.042564 0.041925 0.032554 0.018028 0.026665 0.043862 0.027687 0.587215 0.497036 0.358032 0.462982 0.274852 0.152524 0.107271 0.861884 1.043393 0.366749 0.087827 0.081307 0.115970 0.103922 0.116636 0.049339 0.043327 0.046623 0.023827 -9999.000000 -9999.000000 -9999.000000 -9999.000000 -9999.000000 -9999.000000 -9999.000000 -9999.000000 -9999.000000 -9999.000000 -9999.000000
0.031257 0.038536 0.073684 0.088825 1.342455 1.418618 0.291756 0.165006 0.146341 0.465534 1.513663 1.549459 0.385466 0.066597 0.070611 0.151184 0.129616 0.171847 0.159742 0.178704 0.076990 0.059741 0.044289 0.041008 0.029960 0.021003 0.029684 0.031208 0.707916 0.660055 0.031120 0.039085 0.030816 0.058274 0.035683 0.039091 0.354352 1.401879 0.430773 0.101101 0.090295 0.087290 0.141414 0.126107 0.045798 0.031381 0.036552 -9999.000000 -9999.000000 -9999.000000 -9999.000000 -9999.000000 -9999.000000 -9999.000000 -9999.000000 -9999.000000 -9999.000000 -9999.000000 -9999.000000
0.030159 0.042121 0.044623 0.083809 1.249698 1.426628 1.410712 0.240976 0.224095 0.478034 1.381546 1.432313 0.092393 0.060219 0.040244 0.198676 0.182885 0.111809 0.085096 0.219551 0.081082 0.096660 0.051888 0.067359 0.039559 0.018028 0.066535 0.767611 0.768388 0.049053 0.025322 0.030006 0.024498 0.037041 0.043946 0.055692 0.443515 1.559735 1.653129 0.069296 0.072442 0.132931 0.165917 0.141259 0.040793 0.047158 0.063988 0.039193 -9999.000000 -9999.000000 -9999.000000 -9999.000000 -9999.000000 -9999.000000 -9999.000000 -9999.000000 -9999.000000 -9999.000000 -9999.000000
0.047997 0.030418 0.054283 0.055808 0.049173 0.042534 0.068763 0.086512 0.190728 0.275147 0.194047 0.141132 0.085291 0.069529 0.085289 0.292885 0.284601 0.070122 0.095680 0.092098 0.070717 0.082563 0.063972 0.075172 0.047930 0.054223 0.057213 0.767042 0.760494 0.064328 0.029228 0.030587 0.024666 0.050896 0.054620 0.067909 0.448222 2.646090 1.648515 0.066140 0.094491 1.172647 1.173587 1.165497 0.146477 0.023094 0.068459 0.051657 -9999.000000 -9999.000000 -9999.000000 -9999.000000 -9999.000000 -9999.000000 -9999.000000 -9999.000000 -9999.000000 -9999.000000 -9999.000000
0.014397 0.032158 0.043221 0.059558 0.040916 0.043098 0.045650 0.159937 0.167097 0.286857 0.106393 0.124414 0.092597 0.119757 0.155188 0.156442 0.164405 0.076313 0.102166 0.087017 0.070564 0.083108 0.061988 0.039360 0.027534 0.027534 0.752169 0.730567 0.713685 0.062128 0.019707 0.058242 0.070777 0.057566 0.073930 0.068702 0.451542 2.617042 2.682852 0.061365 0.081459 1.164883 0.149715 1.160407 0.119807 0.043098 0.027458 0.026710 -9999.000000 -9999.000000 -9999.000000 -9999.000000 -9999.000000 -9999.000000 -9999.000000 -9999.000000 -9999.000000 -9999.000000 -9999.000000
0.027092 0.025490 0.041069 0.034859 0.026192 0.031990 0.047219 0.255913 0.235483 0.159935 0.132835 0.087990 0.067147 0.127572 0.157223 0.174766 0.159371 0.096244 0.076102 0.090555 0.077400 0.047692 0.042107 0.050222 0.038963 0.038963 0.079642 0.067479 0.061424 0.051995 0.503664 0.499998 0.057740 0.076017 0.018089 0.033348 0.034227 1.437882 2.478569 0.056389 0.066117 0.027932 0.020485 0.082221 0.037712 0.022590 0.022590 0.037101 -9999.000000 -9999.000000 -9999.000000 -9999.000000 -9999.000000 -9999.000000 -9999.000000 -9999.000000 -9999.000000 -9999.000000 -9999.000000
0.029305 0.038383 0.036842 0.033745 0.025856 0.043938 0.039695 0.317757 0.112986 0.085474 0.076454 0.129616 0.132987 0.029520 0.078301 0.090199 0.072913 0.079811 0.050269 0.085900 0.116219 0.037834 0.032951 0.027794 0.022590 0.022590 0.052254 0.033882 0.043678 0.053475 0.505388 0.506618 0.045909 0.021660 0.021660 0.027198 0.030376 0.569147 1.707655 0.672616 0.044854 0.032067 0.033149 0.046408 0.036949 0.022590 0.022590 0.031182 -9999.000000 -9999.000000 -9999.000000 -9999.000000 -9999.000000 -9999.000000 -9999.000000 -9999.000000 -9999.000000 -9999.000000 -9999.000000
0.042946 0.075936 0.093423 0.070564 0.111649 0.055150 0.069390 0.257071 0.240227 0.071739 0.023277 0.132896 0.089547 0.034845 0.046303 0.055946 0.050071 0.088090 0.038446 0.060005 0.082817 0.059852 0.032714 0.027794 0.022590 0.022590 0.040093 0.032355 0.041298 0.059807 0.496605 0.487430 0.030863 0.018089 0.040520 0.027549 0.031088 0.365999 0.618704 0.703842 0.116784 0.065719 0.078180 0.056221 0.062752 0.038171 0.029854 0.093590 0.050392 -9999.000000 -9999.000000 -9999.000000 -9999.000000 -9999.000000 -9999.000000 -9999.000000 -9999.000000 -9999.000000 -9999.000000
0.084738 0.073418 0.091498 0.068429 0.090004 0.085410 0.098840 0.394361 0.088736 0.139642 0.038537 0.176688 0.052009 0.042443 0.032402 0.030342 0.042683 0.090949 0.034629 0.023996 0.083609 1.106590 0.083140 0.061684 0.040977 0.048607 0.035896 0.017372 0.026222 0.038459 0.040748 0.387457 0.208129 0.133044 0.126967 0.960760 0.974509 0.747704 0.470555 0.424845 0.143365 0.132011 0.076409 0.063424 0.033333 0.030866 0.147743 0.100121 0.062034 -9999.000000 -9999.000000 -9999.000000 -9999.000000 -9999.000000 -9999.000000 -9999.000000 -9999.000000 -9999.000000 -9999.000000
