use_cases/Flooding_chicago/flooding_data/output/h_1020.asc
ncols 337
nrows 393
xllcorner 428428.000000
yllcorner 4602440.000000
cellsize 26.757400
NODATA_value -9999.000000
[rows 270 to 296 of 393, columns 59 to 117 of 337]
0.093728 0.108895 0.115197 0.059868 0.033821 0.035836 0.086280 0.047142 0.218628 0.040283 0.022590 0.022590 0.058037 0.035515 0.645259 1.680365 1.666699 0.501786 0.057291 0.017372 0.032173 0.258182 0.154766 0.033486 0.025581 0.033958 0.042183 0.043005 0.062883 1.462629 1.495375 0.525949 1.556144 1.548066 0.075934 0.123025 0.155909 0.178657 0.189602 0.201278 0.049557 0.104085 0.113186 0.089369 0.189821 0.128828 0.067951 0.492620 0.497058 0.537822 1.687241 1.667724 1.621683 0.723945 0.755553 0.778532 0.798868 0.797041 0.886940
0.052910 0.055198 0.061103 0.082008 0.034111 0.034721 0.060844 1.323550 1.313482 0.286904 0.053336 0.068992 0.060096 0.041862 0.604527 2.685630 2.695304 1.668157 0.074042 0.017372 0.027962 0.326318 0.039498 0.025704 0.033257 0.026878 0.036553 0.043083 0.065765 0.370346 1.510857 1.558342 1.554630 2.550039 0.527520 0.082079 0.116217 0.160221 0.157752 0.027870 0.014397 0.147748 0.147900 0.138557 0.114031 0.100358 0.054695 0.072634 0.053265 0.038922 0.654828 0.644986 0.679375 0.712375 0.696341 0.063758 0.099170 0.163898 0.244019
0.076011 0.073555 0.076165 0.085259 0.032524 0.032708 0.049995 1.332531 1.329131 0.286071 0.047751 0.061364 0.046639 0.032464 0.579531 2.665919 2.664907 1.643781 0.082297 0.069386 0.529999 0.493080 0.064171 0.027397 0.041466 0.033226 0.032723 0.049644 0.047188 0.049294 0.356851 1.526031 1.524185 2.527918 1.404059 0.700822 0.726955 0.091092 0.028281 0.018028 0.169768 0.168119 0.170339 0.168453 0.163855 0.162653 0.024927 0.025840 0.049830 0.030128 0.132390 0.112753 0.688501 0.063890 0.071995 0.037590 0.041176 0.048195 0.371177
0.069283 0.057579 0.057275 0.062843 0.025383 0.025444 0.041218 1.331336 1.327040 0.283229 0.043786 0.049354 0.192574 0.138587 1.656513 1.661257 0.045397 0.066129 0.082211 0.076976 1.514500 0.479333 0.078407 0.146614 0.035301 0.027168 0.033363 0.033212 0.039955 0.052096 0.077008 0.092625 0.411605 0.437058 0.478180 0.620021 0.691300 0.072684 0.029228 0.021003 0.157074 1.180948 1.185532 0.184462 0.184127 0.185226 0.031150 0.036090 0.021355 0.027629 0.160294 0.172960 0.123452 0.124030 0.041939 0.064742 0.014397 0.090248 0.416357
0.043175 0.079700 0.070884 0.070472 0.068197 0.030614 0.028357 1.329616 1.324541 0.281076 0.045754 0.058418 0.045616 0.033607 0.634670 0.054708 0.024833 0.027946 0.019446 0.113907 0.535138 0.042070 0.027687 0.034875 0.036507 0.053168 0.080952 0.049919 0.058342 0.032952 0.097652 0.138693 0.231986 0.125851 0.078482 0.050916 0.944905 0.967854 0.066879 0.018028 0.165340 0.172917 0.181823 0.185540 0.187982 0.188671 0.024927 0.025840 0.035103 0.172707 1.231080 1.231093 0.149088 0.035263 0.025703 0.026909 0.196053 0.171481 0.118049
0.056473 0.080254 0.267705 0.269624 0.077670 0.099691 0.205668 1.336350 1.326500 0.277645 0.047780 0.061530 0.058357 0.048606 0.029824 0.025826 0.029457 0.025002 0.209702 0.193892 0.153451 0.020180 0.017372 0.017372 0.038902 0.036155 0.047433 0.054192 0.048654 0.186820 0.205794 0.159330 0.334527 0.020347 0.038730 0.069434 0.986025 2.091755 2.085937 0.067630 0.129668 0.156094 0.177003 0.036354 0.044441 0.032997 0.114738 0.081108 0.210856 0.211143 1.228674 1.221677 0.148097 0.047242 0.033302 0.039375 0.026909 0.202280 0.157967
0.088570 0.058052 0.301730 0.306296 0.266396 0.150629 0.147893 0.224595 0.237338 0.031395 0.052620 0.059089 0.054312 0.035637 0.216095 0.235656 1.266289 1.272716 1.266717 0.224955 0.214080 0.227014 0.027229 0.033026 0.028160 0.108908 0.071797 0.105769 0.135816 0.213439 1.281371 1.316319 0.214445 0.023582 0.041527 0.048302 2.004350 5.106733 4.062911 0.100080 0.079897 0.122414 0.036598 0.059287 0.065865 0.047173 0.113319 0.076880 0.236606 0.220834 0.017372 0.017372 0.172475 0.043098 0.031471 0.033272 0.025688 0.199532 0.048196
0.061439 0.168565 0.217975 0.235727 0.245796 0.106881 0.096445 0.157669 0.159722 0.028236 0.039757 0.042564 0.034462 0.526117 0.155819 0.226128 1.265752 1.267094 1.264551 0.228790 0.215094 0.220185 0.172929 0.150426 0.132968 0.066593 1.177366 0.130608 0.168693 0.213244 1.272388 1.305187 0.220638 0.022590 0.022590 0.028081 1.904740 5.085092 4.127096 1.131116 0.125641 0.089877 0.046089 0.068901 0.082238 0.018089 0.108305 0.070503 0.202440 0.191243 0.146394 0.151140 0.148953 0.030616 0.020332 0.138262 0.143376 0.166229 0.054238
0.081359 0.846153 0.917872 0.912781 0.171172 0.173721 0.082890 0.067691 0.189321 0.035336 0.051339 0.064278 0.041008 0.518329 0.094321 0.025643 0.030297 1.272601 1.268447 0.226546 0.028054 0.024803 0.196295 0.184511 0.146429 0.072428 1.178539 0.146488 0.075238 0.076355 0.054957 0.046849 0.046745 0.022590 0.022590 0.027230 0.830156 4.069672 4.134218 1.159156 0.114686 0.067360 0.037208 0.060982 0.021660 0.021660 0.029538 0.050487 0.135964 1.165409 2.146480 1.174588 1.186060 0.133547 0.055497 0.091764 0.109862 0.119268 0.049797
0.871603 0.913072 0.937279 0.938973 0.119160 0.141184 0.139073 0.158738 0.249977 0.231806 0.090149 0.034096 0.445478 0.450666 0.066719 0.030230 0.050720 0.052844 0.051704 0.047020 0.044518 0.028445 0.195094 0.191861 0.014397 0.091625 0.147785 0.150213 0.079223 0.078032 0.056040 0.049686 0.014397 0.038170 0.038856 0.042310 0.954358 3.095776 3.091786 1.127569 0.105962 0.047956 0.062196 0.035851 0.018089 0.040627 0.027977 0.048633 0.117267 1.163407 2.166669 2.165175 2.177312 2.159033 1.071321 0.261818 0.281653 0.059012 0.023506
0.925573 0.891305 0.929741 0.047009 0.095474 0.105606 0.087856 0.567754 0.203661 0.271504 0.118944 0.021690 0.454510 0.447986 0.064325 0.125905 0.053184 0.073064 0.071516 0.060525 0.036736 0.176988 0.175606 0.158618 0.110578 0.047222 0.053756 0.091063 0.118739 0.189980 0.147122 0.126528 0.019309 0.037745 0.033773 0.085216 2.040471 3.067878 3.073941 2.085828 1.092861 1.093285 0.077305 0.047430 0.022030 0.077110 0.067145 0.039606 0.133886 1.164153 1.154965 2.173378 3.164962 3.162194 2.134452 1.029418 0.303482 0.329431 0.022942
0.896905 0.816173 0.023423 0.042177 0.060685 0.056207 0.484413 0.534882 0.600437 0.126823 0.220934 0.299867 0.389776 1.410419 0.260308 0.096859 0.057034 1.079249 1.079152 0.055538 0.207979 0.174354 0.158350 0.135540 0.089182 0.106203 0.080300 0.105627 0.111239 0.136351 0.237050 0.164146 0.091622 0.053258 0.131807 0.113401 1.069098 1.105856 1.074897 2.107413 2.108413 2.106050 1.129654 0.092652 0.033435 0.057670 0.041725 0.135249 1.173889 1.163533 1.161083 1.171846 2.182081 2.158467 1.085881 0.213485 0.073049 0.096874 0.029685
0.021452 0.461050 0.246992 0.196525 0.217672 0.245265 0.358300 0.375848 0.102746 0.160723 0.248629 0.306687 0.351661 0.344120 0.039148 0.037681 0.021492 0.074678 0.071086 0.057200 0.027821 0.128981 0.107113 0.089371 0.057824 0.070332 0.094158 0.058497 0.110121 0.110467 0.175901 0.300582 0.218873 0.172382 0.171869 0.139692 1.092824 1.127270 0.120409 1.122679 1.111603 2.113869 2.121877 1.126474 0.099016 0.119198 0.121729 1.163257 1.161692 1.156040 1.155344 0.138491 2.171898 1.161526 0.146612 0.073408 0.135829 0.179389 0.230728
0.039632 0.557838 0.464646 0.554801 0.123305 0.128906 0.684646 0.198514 0.074610 0.022942 0.023566 0.314515 0.274047 0.033958 0.037696 0.027397 0.036333 0.021309 0.051797 0.037517 0.064294 0.074780 0.274505 0.181945 0.443965 0.031324 0.090294 0.049176 0.053889 0.052027 0.145585 0.238125 1.083520 1.208432 1.194660 1.178298 2.194357 1.185416 0.152921 0.017372 0.109033 1.091795 2.125034 2.133902 1.140501 1.150924 1.137683 2.143615 1.153311 1.147057 0.125318 0.014397 1.185021 2.186599 1.174355 0.086318 0.166131 0.236653 1.357182
0.494482 0.594096 1.545279 0.589617 0.573431 0.569715 1.510945 0.431143 0.022117 0.023506 0.027366 0.253425 0.194740 0.046151 0.050285 0.032538 0.033944 0.059822 0.053567 0.091472 0.124889 0.048826 0.031461 0.100323 0.349627 0.195703 0.108923 0.165642 0.079651 0.095867 0.089911 0.224552 1.120804 1.200366 1.192842 1.180353 2.152619 1.170938 1.188299 0.017372 0.145385 0.133111 1.125700 2.131575 1.143302 1.149044 2.143540 2.151464 1.152250 1.150446 0.146879 0.162716 1.204659 2.182290 1.142116 0.223927 0.119299 0.198818 1.374009
1.591589 1.569136 1.609045 1.594578 1.600226 1.598802 1.598318 0.472968 0.034614 0.039601 0.019309 0.123031 0.402694 0.047172 0.049971 0.031959 0.032357 0.047373 0.067497 0.245447 0.074064 0.035859 0.017967 0.032371 0.029884 0.321121 0.244400 0.158921 0.214832 0.127389 0.175883 0.117328 0.125918 0.077684 0.040335 1.143217 1.089150 1.138304 1.161920 0.227550 0.187353 1.146611 1.143643 1.143594 1.146802 1.150084 2.147969 2.154417 1.151308 1.148913 0.153317 0.159148 1.201407 2.173918 1.176671 1.203135 0.297624 0.368891 0.228484
0.587084 1.596379 1.604345 1.600962 1.604695 1.608761 1.618330 1.588318 0.607239 0.050729 0.094203 0.178849 0.270573 0.041253 0.036843 0.025184 0.025307 0.033349 0.046791 0.176869 0.136705 0.036685 0.021034 0.017967 0.037605 0.024971 0.133254 0.102472 0.170486 0.094983 0.205568 0.194421 0.022590 0.022590 0.037070 0.255183 0.305311 0.279117 0.269691 0.261271 0.224385 1.127958 1.128900 1.143843 1.146941 2.154204 2.152222 2.156160 2.156192 1.150760 1.161857 0.140516 1.155805 1.136987 0.219520 1.277226 1.181391 0.319459 0.200813
0.571875 1.589888 1.594632 1.593887 1.597931 1.603429 1.614976 1.584706 0.603499 0.594490 0.526241 0.174309 0.175353 0.032843 0.050270 0.049812 0.046882 0.035728 0.045356 0.371363 0.424940 0.042969 0.030047 0.020302 0.029137 0.041090 0.135943 0.152571 0.114923 0.257937 0.218647 0.205477 0.022590 0.022590 0.029761 0.313144 0.353705 0.336970 0.319108 0.306214 0.277103 0.245829 0.222744 1.144625 1.148781 1.145055 2.165191 2.157143 2.154659 3.165291 2.163373 1.157875 1.163203 0.196977 1.263481 2.277766 2.256089 1.187070 0.134296
0.497441 1.587768 2.571179 2.585046 2.597576 2.593906 1.622293 1.594818 1.607313 0.620593 0.608217 0.120533 0.100748 0.038765 0.046806 0.046498 0.037240 0.047051 0.377131 2.504348 2.515315 0.355509 0.038759 0.021142 0.042288 0.039906 0.525086 0.082968 0.065457 0.236430 0.192672 0.140169 0.095701 0.236860 0.490883 0.436597 0.413420 0.389864 1.384809 0.353263 0.318310 0.301515 0.298502 0.022590 0.022590 0.134881 2.155582 3.151360 3.153670 3.149951 2.162436 0.157985 0.165366 0.195274 0.229059 2.278046 2.258980 1.202267 0.133230
1.484427 2.573314 2.596197 2.588895 1.600009 1.600833 1.633758 1.584464 1.609223 1.592266 0.629921 0.590389 0.097032 0.035620 0.051806 0.044228 0.066931 0.426228 1.515110 3.511602 3.553065 1.492012 0.338491 0.211931 0.117576 1.559170 0.548001 0.048532 0.285261 0.242349 0.139585 0.659432 0.654808 0.370350 0.503045 0.465122 0.428955 0.412377 1.360591 1.387749 0.333098 0.323262 0.323983 0.022590 0.022590 0.164563 1.108118 2.144223 2.143523 2.146646 2.157255 0.144676 0.139636 0.014397 0.224862 1.278387 1.258887 0.189160 0.158941
2.464945 1.520713 1.546998 0.570031 0.559223 0.034285 0.035396 0.573692 1.595638 1.598065 1.595284 1.598344 0.547820 0.052202 0.063424 0.070481 0.058341 0.492082 1.507034 2.508656 1.531454 1.517876 0.353709 0.219143 0.644815 0.605340 1.469204 0.439697 0.344110 0.250370 0.768444 0.734279 0.754686 0.023735 0.067720 0.024544 0.023414 0.382060 0.359230 0.337337 0.322704 0.323083 0.311031 1.262086 1.269291 1.272789 0.209492 1.134841 1.147343 1.152448 2.155054 1.155114 1.146974 0.182938 0.214041 1.258258 1.251761 0.046883 0.088114
2.488618 1.475392 0.447066 0.025907 0.033204 0.033916 0.035735 0.539177 0.489514 1.567186 1.565883 0.490102 0.567715 0.560493 0.546738 0.046184 0.037673 0.501185 1.501417 0.028632 0.037734 0.380790 0.265290 0.718767 0.722426 0.611020 1.461798 1.526277 0.362648 0.273710 0.142240 0.732498 0.030463 0.044136 0.036842 0.031685 0.024956 0.155070 0.139130 0.108863 0.059562 0.329901 0.323610 0.295595 1.255796 1.270458 0.213259 0.178748 1.151386 1.156980 2.157271 1.151837 1.151696 0.180506 0.213582 1.258378 1.252278 0.038918 0.017967
2.497837 1.455899 0.378284 0.262523 0.186896 1.034156 0.039931 0.049074 0.040689 0.615714 0.618007 0.034929 0.041852 0.032008 0.558986 0.561168 0.552207 0.531981 0.531510 0.028341 0.044142 0.031476 0.191048 0.731189 0.825621 0.018028 0.328847 0.353757 0.289780 0.229870 0.123415 0.716452 0.037605 0.048623 0.037621 0.352938 0.344405 0.266509 0.223141 0.172234 0.079473 0.349112 0.341176 0.313339 0.288229 1.263730 0.219159 0.182146 1.153841 1.158185 2.138959 1.154005 1.147570 0.152238 0.018197 0.198450 1.250594 0.037152 0.021034
1.427272 1.411556 1.338558 0.275566 0.193531 1.050927 0.044318 0.030205 0.040992 0.043465 0.040992 0.030205 0.063381 0.046384 0.559483 0.561225 0.554931 0.552296 0.020161 0.554701 0.040743 0.040809 0.150193 0.721257 0.806665 0.021003 0.256674 0.241320 0.200115 0.172717 0.612242 1.658833 0.036553 0.045875 0.030830 0.351092 0.345423 1.302070 0.260028 0.196775 0.478530 0.368917 0.315892 0.273083 0.239856 0.231933 0.206904 1.154659 1.154081 1.159135 1.162880 1.149716 0.177433 0.184437 0.022284 0.024721 0.214660 0.029856 0.041744
1.423138 1.420632 1.387378 0.279680 0.187588 1.037013 0.046842 0.039254 0.054679 0.058067 0.054679 0.039254 0.058384 0.561410 0.570273 0.567273 0.559694 0.562699 0.017763 0.560513 0.045315 0.055233 0.034662 0.060832 0.774920 0.018028 0.155337 0.849884 0.932003 0.094426 0.628746 1.693375 0.027855 0.033913 0.387738 0.385433 1.405174 0.342572 0.298614 0.260957 0.141184 0.088450 0.070462 0.057270 0.038063 0.219803 0.206522 1.159090 1.147882 1.161808 1.160696 0.178805 0.200651 0.211735 0.199596 0.033710 0.055689 0.125915 0.152055
1.417689 1.442319 1.340809 0.231341 0.904079 0.972709 0.035866 0.033165 0.052208 0.056724 0.052208 0.033165 0.547498 1.588239 1.570723 1.576249 0.558532 0.555768 0.555192 0.544913 0.054874 0.023826 0.023033 0.035545 0.045037 0.083106 0.838490 0.889527 0.941466 0.054619 0.025842 0.533829 0.494786 0.021202 0.374408 1.418813 1.404637 1.417784 0.333133 0.291080 0.043381 0.048924 0.056087 0.047877 0.031669 0.050426 0.044968 0.031126 0.110303 1.141798 1.156224 0.206135 1.263853 1.276354 1.255026 0.216203 0.225438 0.023705 0.025536
0.323197 0.281269 1.024281 0.885394 1.940196 1.935491 0.055965 0.044715 0.033302 0.040337 0.033302 0.080736 1.547875 1.561459 1.568018 1.572849 0.553713 0.552527 0.558776 0.546112 0.062244 0.028237 0.023689 0.048714 0.025154 0.080549 0.830557 0.854734 0.020174 0.032274 0.477120 0.510290 0.478061 0.448278 0.423226 1.406778 1.391832 1.405353 0.340413 0.045185 0.077369 0.022972 0.085899 0.067875 0.037149 0.054645 0.059125 0.038446 0.022576 0.239239 1.221203 1.257476 2.259216 2.252735 1.251329 1.246401 0.214909 0.025536 0.035713
