use_cases/Flooding_chicago/flooding_data/output/h_1080.asc
ncols 337
nrows 393
xllcorner 428428.000000
yllcorner 4602440.000000
cellsize 26.757400
NODATA_value -9999.000000
[rows 243 to 269 of 393, columns 59 to 117 of 337]
0.055672 0.046257 0.944324 1.992494 2.017890 0.940052 0.033268 0.017372 0.017372 0.058024 0.131536 0.129976 0.086409 0.065659 0.058336 0.038339 0.079239 2.122352 3.140186 3.142320 3.142513 2.138068 2.145625 2.148923 1.140383 2.168005 2.071830 0.152689 0.090795 0.036871 0.043662 0.865723 0.858796 0.022790 0.026249 1.932074 2.881318 1.901124 1.883759 0.078519 0.036332 0.022545 0.067244 0.368754 1.514210 2.540779 2.533774 1.539164 0.024921 0.505653 2.615853 3.596929 3.599794 3.576796 1.597078 1.587884 0.661001 0.699908 0.051174
0.133019 0.889200 2.007335 3.011827 3.015133 1.977084 0.074414 0.026021 0.027357 1.133060 1.135257 1.136940 0.104984 0.080166 0.046398 0.053373 2.136375 3.164796 3.161163 2.129620 2.152907 1.132613 1.133797 1.127511 1.136961 0.142153 0.203252 0.278208 0.151128 0.014396 0.062216 0.892818 0.895815 0.942340 0.985322 2.937947 1.861133 1.844624 0.068468 0.046480 0.031929 0.021989 0.018150 0.033472 0.415287 1.537060 1.552204 0.551540 0.019310 0.044992 1.598158 2.601044 1.575444 0.612185 0.611940 0.663555 0.595727 0.069057 0.029717
0.155663 1.950790 3.010356 3.889270 3.022728 2.003855 0.969151 0.112293 0.103005 2.136314 2.132430 1.138419 0.100518 0.067229 0.090550 0.127938 3.033444 3.109876 3.119651 2.116967 1.116830 1.124132 0.091328 0.111127 0.082731 0.076635 0.115663 0.218214 0.266748 0.054425 0.062302 0.819289 0.803758 0.821917 0.873246 1.678735 0.701046 0.066422 0.055858 0.089834 0.115489 0.036336 0.053501 0.049106 0.031505 0.544083 0.534172 0.043644 0.027367 0.023506 0.592552 1.584249 1.570401 0.578961 0.038081 0.035392 0.607962 0.065384 0.031838
0.922517 2.995784 4.011408 3.011339 3.023006 1.978185 0.100828 0.144785 1.139605 1.136027 1.140089 0.095945 0.079953 0.048375 0.058269 1.113166 2.062557 2.108255 2.106401 2.119740 1.127375 0.093476 0.030637 0.036629 0.137401 0.039252 0.031410 0.340643 0.349802 0.063256 0.095965 0.107720 0.141858 0.203351 0.388697 1.256521 0.476030 0.047655 0.082578 0.101460 0.115478 0.120501 0.034935 0.045509 0.035177 0.546144 0.036501 0.052189 0.023567 0.022942 0.028583 0.483902 1.574555 2.590933 0.026149 0.025948 0.574603 0.092866 0.190151
0.939263 2.979888 2.985707 1.974735 1.979429 0.989713 0.022270 0.158049 0.148375 0.117870 0.078703 0.186226 0.034947 0.078010 0.626207 0.468202 0.968437 0.967476 0.981408 1.033158 0.159716 0.065276 0.045175 0.067101 0.071007 0.042245 0.034401 0.323722 0.384497 0.063221 0.087865 0.035764 0.043701 0.036677 0.625181 1.331726 0.634250 0.019310 0.027367 0.023567 0.125251 2.184037 1.174035 0.028969 0.026509 0.542471 0.034260 0.036955 0.469547 0.456558 1.480772 2.485428 3.504444 3.492393 1.509421 0.464335 0.502623 0.452567 0.165438
0.057079 1.969098 2.000542 0.058656 0.093316 0.036187 0.037743 0.161440 0.137465 0.080313 0.164605 0.739807 0.902836 0.883812 0.748090 0.682933 0.629620 0.575839 0.425333 0.032188 0.252747 0.105244 0.044258 0.082238 0.044868 0.063073 0.024117 0.035179 0.422536 0.055765 0.036065 0.058172 0.063243 0.041253 0.757233 1.264262 0.731478 0.059906 0.023506 0.022942 0.131749 3.200460 2.163350 1.220622 0.188694 0.020028 0.030632 0.027621 1.482777 1.476494 2.488390 2.495913 3.517262 3.512724 2.514618 1.484118 1.440900 0.378172 0.132708
0.082753 1.953171 1.012007 0.031256 0.047385 0.061653 0.051002 0.134820 0.113142 0.237085 0.767039 1.882242 1.951932 1.982394 0.819591 0.778102 0.743467 0.726750 0.049284 0.072441 0.107018 0.180596 0.224086 0.079886 0.057213 0.031059 0.044975 0.029503 0.239896 0.031287 0.023506 0.022942 0.079277 0.931544 2.016112 0.864350 0.911857 0.979212 0.048765 0.088687 0.126272 3.202010 2.175278 1.205287 1.206882 0.354296 0.382124 1.469321 1.466349 1.466358 1.479310 1.482364 2.502196 1.363757 2.480754 3.471020 2.466645 0.349861 0.084212
0.093949 0.906471 0.954137 0.035149 0.062614 0.076576 0.070532 0.042030 0.105335 0.051598 0.847031 1.898842 1.892233 1.914987 0.807504 0.785303 0.802564 1.903648 0.858522 0.042521 0.026696 0.052285 0.062783 0.080100 0.036552 0.020576 0.056207 0.032737 0.233538 0.019310 0.027367 0.023567 0.115799 0.901809 1.991072 0.949402 0.958448 0.995585 0.985009 0.068537 0.107487 1.173086 1.168408 0.165765 0.229918 1.437467 1.422108 1.447241 1.455989 1.445617 0.437011 0.427334 0.041019 0.020157 1.475114 2.463035 1.378548 0.063757 0.076284
0.042979 0.086498 0.908464 0.151987 0.060609 0.089088 0.028765 0.029473 0.050438 0.037481 0.038620 0.871363 0.834376 0.858334 0.145815 0.145138 0.754318 1.833489 1.862977 0.721303 0.094790 0.065026 0.039974 0.044731 0.034677 0.032371 0.050323 0.254406 1.377993 0.378523 0.335926 0.283255 0.203353 0.932603 2.001233 1.996535 0.991708 1.001876 0.041848 0.067022 0.084537 0.114359 0.125461 0.029744 0.029651 0.413493 0.419222 1.472239 1.469865 1.455493 0.367225 0.032826 0.025703 0.017372 0.068596 0.068851 0.080723 0.034035 0.022591
0.026588 0.036873 0.171918 0.182204 0.053688 0.028694 0.044152 0.046974 0.040443 0.027153 0.025292 0.020882 0.420505 0.416576 0.311678 0.227081 0.126069 0.851691 0.776965 0.109254 0.047645 0.045112 0.027245 0.031151 0.061729 0.035041 0.039468 0.276304 1.344742 1.383476 0.323284 0.269935 0.179651 0.968330 2.026952 1.028365 1.034323 2.096289 2.087291 1.077747 0.061869 0.030495 0.043129 0.022591 0.022591 0.029231 0.384878 1.473245 1.480616 1.470484 0.380691 0.040475 0.025703 0.017372 0.046180 0.017372 0.046898 0.054192 0.022591
0.024163 0.059106 0.049266 0.050804 0.066295 0.027122 0.037025 0.041069 0.014396 0.024895 0.194248 0.993590 0.665336 0.497808 0.330982 1.037764 1.115092 0.997796 0.089408 0.143594 0.074883 0.035713 0.020180 0.032235 0.064049 0.084652 0.357644 0.355729 0.275771 0.257917 0.259580 0.251242 1.024780 2.098902 2.067406 2.102208 1.055618 2.072491 2.077455 1.067360 1.063170 0.037681 0.052102 0.022591 0.022591 0.028068 1.479162 1.464256 1.466897 1.466409 1.464342 0.036025 0.038071 0.046746 0.036843 0.017372 0.041129 0.033790 0.199334
0.034463 0.045047 0.052845 0.054343 0.051044 0.053257 0.059301 0.065285 0.019310 0.269507 2.287739 1.136167 0.261317 0.119290 1.134256 2.077858 1.135842 0.101067 0.061958 0.088222 0.072211 0.046600 0.017372 0.048866 0.073403 0.086037 0.324426 0.339746 0.034340 0.043219 0.043312 0.030313 1.055889 2.067435 2.057131 2.072472 2.089794 2.075147 2.078165 1.061559 0.068093 0.027337 0.030479 0.328795 0.343393 0.389438 1.473088 1.454309 1.457622 1.459369 1.461066 1.468251 0.281024 0.072075 0.026848 0.028327 0.041405 0.192933 0.107587
0.493998 0.554540 0.033586 0.032830 0.433026 0.375133 0.367565 0.342382 0.326145 2.456853 1.387831 0.407634 0.401958 0.058097 0.145585 0.703713 0.088177 0.037056 0.040826 0.045296 0.070366 0.050896 0.017372 0.041420 0.051429 0.048546 0.108969 0.033577 0.027794 0.027794 0.035790 0.037765 1.032726 2.063716 2.064901 2.077238 2.076868 2.079303 2.082622 1.058707 0.110514 1.147428 0.177908 0.272429 0.322358 0.374562 1.455718 1.442665 1.441061 1.434214 1.452827 1.435783 0.308217 0.080004 0.041588 0.029838 0.703659 0.688516 0.146510
1.574907 0.549236 0.520200 0.509000 1.499463 1.495203 1.508878 2.471666 2.461004 2.469123 1.386470 0.500394 0.477790 0.129022 0.105297 0.040931 0.045387 0.034782 0.045433 0.028606 0.042319 0.076973 0.107628 0.077888 0.043129 0.041801 0.098042 0.021782 0.022591 0.022591 0.042869 0.034098 0.987649 3.120310 2.095742 2.099783 2.096824 3.117634 4.120805 3.105233 1.129202 1.124905 1.078569 0.215975 0.288553 0.309482 0.341722 0.421538 0.439776 0.461032 1.435958 1.426238 0.344360 0.014396 0.038062 0.066725 0.709952 0.753437 0.650406
1.588237 0.556268 1.503327 1.505541 1.497264 1.503311 1.500612 2.463987 3.471483 2.462994 1.339889 0.547749 0.524045 0.207001 0.103065 0.044424 0.038917 0.034238 0.032412 0.020775 0.033968 0.040966 0.093589 0.083092 0.045326 0.055305 0.039085 0.075920 0.022591 0.022591 0.037789 0.067029 1.067250 3.069101 2.080091 2.087606 3.107183 4.100967 5.097856 4.095685 3.063742 1.133687 1.100444 0.143012 0.028678 0.035813 0.028497 0.446759 0.457160 0.497455 0.506042 1.477583 0.375254 0.040117 0.021736 0.076081 0.041261 0.771751 0.691150
1.595905 1.607364 0.023953 1.475603 1.468859 1.493607 0.400502 1.446348 3.460155 1.413631 0.035878 0.365638 0.406934 0.248012 0.133639 0.057105 0.049125 0.030922 0.018089 0.021660 0.030205 0.034935 0.042030 0.047385 0.064995 0.046334 0.039711 0.239268 0.032402 0.023582 0.030235 0.058534 1.056515 1.990818 2.043315 2.058753 3.078759 3.087475 4.076743 4.053306 2.002486 1.142010 1.121542 0.112735 0.038748 0.024346 0.026909 0.032504 0.460946 1.585372 1.571362 1.503405 1.596583 1.640810 1.650360 1.648161 1.659047 1.641599 0.634267
1.541967 1.535469 0.034340 0.055047 0.324546 0.116554 0.076928 0.429431 2.439904 0.042170 0.029305 0.024223 0.173508 0.205552 0.172731 0.035393 0.037765 0.026970 0.033592 0.021660 0.018089 0.025505 0.029671 0.075036 0.149563 0.128014 0.128976 0.258376 0.253476 0.020348 0.034096 1.068956 1.095885 1.116121 1.101814 1.114251 2.077416 3.088732 2.105776 2.077758 1.148195 1.118699 0.170710 0.152530 0.028981 0.026894 0.014396 0.033560 0.502243 0.517178 0.517181 0.514654 1.627353 2.685627 2.664385 2.672752 2.661534 1.657074 0.632610
0.116081 0.137930 0.048546 0.050374 0.069742 0.160397 0.086785 0.084490 0.283778 0.044976 0.036308 0.025886 0.027931 0.353459 0.310388 0.042427 0.027260 0.019173 0.110466 0.036309 0.025414 0.023826 0.035011 0.039701 0.126421 0.117485 0.111717 0.207923 0.203270 0.367690 0.268080 1.035447 2.183877 2.185977 1.107964 1.113193 1.075484 1.069152 1.059430 1.030889 1.154224 1.169454 1.196118 0.222001 0.223894 0.032975 0.021004 0.028436 0.461179 0.028602 0.017372 0.031582 0.559765 2.681967 2.677893 1.693241 2.683199 1.681062 0.652791
0.114037 0.127205 0.090876 0.067850 0.083000 0.212931 0.064679 0.082921 0.079292 0.043445 0.028871 0.017967 0.026115 0.313365 0.321984 0.031716 0.032523 0.056984 0.085440 0.052788 0.045265 0.031502 0.032310 0.032235 0.041009 0.068931 0.067553 0.149703 0.161250 0.074172 0.249910 1.048619 2.159559 1.128292 1.008629 1.058559 0.081139 0.149763 0.175696 0.200030 1.239520 1.214928 1.226179 1.239350 0.273703 0.291748 0.019570 0.478225 0.445493 0.032934 0.017372 0.039320 0.564695 2.673849 2.675203 1.686967 1.687141 1.685927 0.157991
0.177943 0.191918 0.113030 0.119341 0.168746 0.159447 0.081243 0.076395 0.076608 0.048741 0.017967 0.021034 0.026954 0.446098 0.457737 0.030128 0.046974 0.061440 0.038933 0.067024 0.043357 0.070397 0.025078 0.032326 0.030205 0.041955 0.069508 0.563752 0.075349 0.048649 0.250469 2.133581 2.225697 1.219547 0.152045 0.140478 0.021731 0.153444 0.199812 0.225959 1.266045 1.230708 1.231665 1.197571 0.325679 0.376475 1.462742 1.442134 0.420844 0.027557 0.037278 0.039231 0.626909 2.677870 2.667691 2.668794 1.675875 1.652816 0.156810
0.230783 0.180352 0.056298 0.108910 0.150872 0.153720 0.084392 0.135127 0.059687 0.095638 0.127840 0.114685 0.573070 1.585608 1.599591 0.580069 0.123017 0.168813 0.174604 0.129559 0.154550 0.176099 0.119086 0.078339 0.040618 0.051749 0.309086 1.479097 0.444739 1.334447 1.325858 2.117050 2.186356 2.263956 0.055015 0.080978 0.018226 0.031700 0.180255 0.238686 1.248410 1.205742 1.207103 1.291244 1.397756 1.413963 1.437623 1.449436 1.428839 0.526747 0.513302 0.562177 0.601450 1.664302 1.653329 1.641555 1.610862 0.617964 0.730650
0.242867 0.037436 0.029657 0.027241 0.039437 0.252417 0.124092 0.169354 0.066670 0.109002 0.130187 0.111179 0.555216 1.544708 1.547263 0.559305 0.136290 0.161780 0.133961 0.103707 0.133677 0.111422 0.142474 0.096338 0.054460 0.050758 2.450210 1.504188 1.465431 1.373711 1.248300 1.079321 1.054095 1.145666 0.087506 0.126202 0.022377 0.025185 0.035765 0.182722 0.225566 0.276852 0.316836 1.388893 2.428950 1.415804 1.428217 1.424889 1.392585 0.511193 0.490038 0.024546 0.628802 0.639102 0.640298 0.062342 0.098124 0.130751 0.198331
0.185037 0.030663 0.028388 0.021598 0.037178 0.098097 0.165916 0.152568 0.030586 0.040992 0.120711 0.108254 0.537000 0.531674 0.461119 0.091504 0.124849 0.034844 0.022316 0.032678 0.032708 0.128580 0.185504 0.152731 0.162488 0.520044 2.334085 2.537508 1.489798 1.475952 0.448005 0.447697 0.445533 0.069149 0.121409 0.169540 0.181692 0.033928 0.038307 0.028480 0.071983 0.301267 0.338578 1.351409 2.395886 2.364088 0.484585 0.514302 0.521393 0.528340 0.032656 0.047926 0.048363 0.065239 0.025002 0.031486 0.031486 0.025002 0.274314
0.226450 0.032143 0.032555 0.035621 0.035362 0.045830 0.148523 0.048682 0.022366 0.079308 0.047799 0.122675 0.105032 0.151924 0.117638 0.047991 0.051899 0.030603 0.024453 0.014396 0.027672 0.029544 0.166190 0.401488 0.677243 0.574106 0.508976 3.541030 3.544349 2.532035 1.558808 0.505063 0.494202 0.018349 0.023033 0.215441 0.179851 0.034660 0.017372 0.017372 0.138877 0.109845 0.072185 0.273209 1.283406 1.231825 0.496257 0.562294 0.585943 0.609681 0.676559 0.663404 0.631530 0.044841 0.025002 0.031486 0.031486 0.025002 0.270323
0.255302 0.280707 0.072625 0.045783 0.059716 0.037528 0.063754 0.071052 0.039051 0.046455 0.038551 0.053978 0.037940 0.248413 0.044598 0.077346 0.074120 0.036873 0.024467 0.029671 0.019722 0.026632 0.259039 0.254719 0.280143 0.027840 0.053810 3.526953 3.523956 2.476733 1.554328 1.573727 1.556772 0.051858 0.028114 0.023659 0.201965 0.029563 0.043572 0.029746 0.183862 0.162638 0.117954 0.076492 0.527068 0.548924 0.601375 1.711608 1.698311 1.697369 1.714497 2.704626 2.667726 0.702819 0.070411 0.090687 0.114049 0.147200 0.196308
0.124397 0.141028 0.085628 0.055274 0.081246 0.028755 0.032447 0.029946 0.020012 0.070916 0.065055 0.041558 0.057869 0.236852 0.053771 0.082989 0.077855 0.030189 0.024240 0.040245 0.032692 0.203630 0.376772 0.369133 0.030968 0.033073 0.051789 1.517188 2.513533 1.524735 1.543368 1.527139 1.529206 0.548648 0.023781 0.023018 0.197414 0.199196 0.023613 0.207468 0.216888 0.202338 0.036143 0.119289 0.107947 0.600938 1.705996 1.689363 1.684723 1.684039 2.721409 2.699329 2.670210 0.741354 0.765703 0.798708 0.826632 0.749831 0.158258
0.040414 0.123681 0.059105 0.056571 0.029030 0.041222 0.033943 0.026603 0.064689 0.071740 0.022591 0.022591 0.035851 0.052382 0.040497 0.739091 0.718363 0.049735 0.020546 0.070991 0.096447 0.268199 0.222137 0.135709 0.032417 0.034695 0.052982 0.044936 0.048027 1.541196 1.549312 0.571001 1.572655 0.559592 0.108573 0.143311 0.177011 0.194136 0.203993 0.239049 0.203290 0.059812 0.079116 0.055520 0.132259 0.528942 1.645857 1.666917 1.665762 1.670833 2.720810 2.679481 1.625001 0.753081 0.791518 0.829198 0.857562 0.810851 0.191426
