use_cases/Flooding_chicago/flooding_data/output/h_1020.asc
ncols 337
nrows 393
xllcorner 428428.000000
yllcorner 4602440.000000
cellsize 26.757400
NODATA_value -9999.000000
[rows 216 to 242 of 393, columns 177 to 235 of 337]
-9999.000000 -9999.000000 -9999.000000 -9999.000000 -9999.000000 -9999.000000 0.112054 0.119072 0.036964 0.030434 0.020134 0.030159 0.069679 0.084572 0.063363 0.068661 0.043799 0.042259 0.071172 0.047081 0.161021 0.074363 1.706450 1.621173 0.152540 0.212522 0.162258 1.205344 0.196182 0.166297 0.025703 0.017372 0.025704 0.029046 0.530104 0.115685 0.182103 0.214949 0.213691 0.185101 0.133021 0.855850 0.956315 1.111907 1.055851 1.084381 0.071988 0.173369 0.180951 0.043166 0.039346 0.440563 0.611357 0.486836 0.031395 0.035857 0.040751 0.088284 0.131498
-9999.000000 -9999.000000 -9999.000000 -9999.000000 -9999.000000 -9999.000000 0.072242 0.108911 0.145805 0.026274 0.026436 0.130394 0.061257 0.083274 0.079825 0.044945 0.065636 0.056632 0.076821 0.227263 0.186608 0.431000 1.536648 0.499566 0.170701 0.161386 0.246379 0.276795 0.283682 0.257792 0.025703 0.017372 0.025704 0.029046 0.689529 0.112850 0.178990 0.219306 0.216784 0.201519 0.165925 0.281448 0.818867 2.011343 1.982220 1.041823 0.112122 0.072766 0.080148 0.070680 0.066868 0.619471 0.594203 0.360831 0.028871 0.017967 0.053606 0.087100 0.172841
-9999.000000 -9999.000000 -9999.000000 -9999.000000 -9999.000000 -9999.000000 -9999.000000 0.055870 0.019309 0.206246 0.215508 0.103844 0.062111 0.089302 0.098245 0.018578 0.030739 0.063682 0.095561 0.210732 0.164165 0.423825 0.278099 0.137030 0.155280 0.250989 0.308853 0.337505 1.360781 0.358055 0.421391 0.031472 0.065681 0.179590 0.674096 0.174389 0.276508 1.381221 2.383570 1.352113 1.351273 0.224482 0.323625 0.172963 1.004786 0.914731 0.165285 0.041138 0.122505 0.070344 1.074496 0.944458 0.896195 0.142256 0.017967 0.021034 0.103347 0.100382 0.091244
-9999.000000 -9999.000000 -9999.000000 -9999.000000 -9999.000000 -9999.000000 -9999.000000 -9999.000000 0.014397 0.290535 1.339058 0.065391 0.059929 0.089775 0.104992 0.023064 0.045326 0.038064 0.119393 0.096321 0.073701 0.220893 0.100313 0.167210 0.227291 0.299780 0.355169 1.405521 2.346918 1.399227 0.308831 0.026009 0.051658 0.159813 0.207238 0.199582 0.318876 1.370393 2.359469 2.364202 3.338794 1.379663 0.237815 0.142600 0.108727 0.411654 0.106543 0.090043 0.136415 0.989990 0.947946 0.989349 0.971657 0.211750 0.347753 0.299938 0.151340 0.158329 0.085570
-9999.000000 -9999.000000 -9999.000000 -9999.000000 -9999.000000 -9999.000000 -9999.000000 -9999.000000 -9999.000000 0.212866 2.343103 0.272469 0.046089 0.079231 0.024620 0.028527 0.051262 0.052895 0.089836 0.090954 0.089099 0.258383 0.093113 0.115960 0.103283 0.333161 1.367260 2.373509 2.346812 1.386677 0.030800 0.018943 0.030800 0.041389 0.148601 0.220494 1.330764 1.319439 1.303199 3.341706 3.890130 2.409891 0.333413 0.038438 0.186722 0.200427 0.208932 0.149611 0.081578 0.195336 0.223570 0.958580 0.905020 1.113008 0.331300 0.269440 0.021668 0.047584 0.029930
-9999.000000 -9999.000000 -9999.000000 -9999.000000 -9999.000000 -9999.000000 -9999.000000 -9999.000000 -9999.000000 -9999.000000 0.014397 0.140434 0.189168 0.064811 0.027825 0.024696 0.053521 0.026542 0.066597 0.046623 0.173055 0.148895 0.172652 0.188025 0.192078 0.144236 0.384802 1.270182 0.242045 0.035423 0.024620 0.014397 0.024620 0.039955 0.038399 0.041425 0.456811 0.475015 0.436903 1.323268 2.393109 2.386788 0.364192 0.082330 0.086943 0.297969 0.297400 0.081083 0.059424 0.188328 0.318284 0.330547 0.300391 0.515851 0.481601 0.032647 0.021767 0.034721 0.029441
-9999.000000 -9999.000000 -9999.000000 -9999.000000 -9999.000000 -9999.000000 -9999.000000 -9999.000000 -9999.000000 -9999.000000 -9999.000000 0.014397 0.059089 0.081918 0.019417 0.044213 0.034432 0.123894 0.101693 0.072913 0.168818 0.145868 0.166837 0.229264 0.259714 0.260058 0.249659 0.235374 0.099160 0.030527 0.025505 0.034234 0.025505 0.033560 0.055214 0.056236 0.534145 0.531945 0.409352 0.376540 1.348304 1.311125 0.369861 0.133052 0.169783 0.161403 0.155355 0.162839 0.105597 0.059044 0.512593 0.502167 0.510539 0.389021 0.240388 0.033013 0.036262 0.046623 0.045784
-9999.000000 -9999.000000 -9999.000000 -9999.000000 -9999.000000 -9999.000000 -9999.000000 -9999.000000 -9999.000000 -9999.000000 -9999.000000 -9999.000000 0.017372 0.017372 0.030662 0.071343 0.084938 0.118049 0.109474 0.096412 0.070412 0.023018 0.034492 0.217753 0.266103 0.309049 0.331210 0.147844 0.201567 0.028023 0.040062 0.045982 0.062294 0.046837 0.071830 0.066424 0.630111 0.652151 0.045379 0.058678 0.455689 0.445349 0.134329 0.203207 0.230289 0.236473 0.229427 0.237198 0.026991 0.027016 0.633057 1.695595 1.743530 0.579960 0.023476 0.025154 0.050957 0.050193 0.122002
-9999.000000 -9999.000000 -9999.000000 -9999.000000 -9999.000000 -9999.000000 -9999.000000 -9999.000000 -9999.000000 -9999.000000 -9999.000000 -9999.000000 -9999.000000 -9999.000000 -9999.000000 -9999.000000 -9999.000000 0.018669 0.023414 0.028435 0.023857 0.025980 0.038536 0.080066 0.103413 0.163587 0.200412 0.260109 0.317245 0.396384 0.430305 0.387090 0.047523 0.018441 0.028496 0.061739 0.690328 0.711794 0.077657 0.121930 0.141432 0.169275 0.218504 0.259026 0.277901 0.280723 0.264517 0.276125 0.036943 0.037040 0.600364 1.622671 1.680119 0.593320 0.024666 0.032264 0.063133 0.055427 0.123018
-9999.000000 -9999.000000 -9999.000000 -9999.000000 -9999.000000 -9999.000000 -9999.000000 -9999.000000 -9999.000000 -9999.000000 -9999.000000 -9999.000000 -9999.000000 -9999.000000 -9999.000000 -9999.000000 -9999.000000 -9999.000000 -9999.000000 -9999.000000 0.025856 0.036949 0.025994 0.041436 0.029763 0.246495 0.264399 0.281851 0.316168 0.397883 0.447209 0.417376 0.045082 0.022530 0.039650 0.067681 1.733343 0.747202 0.093281 0.157630 0.202005 0.236879 0.273408 1.352665 1.350908 0.316047 0.271754 0.247561 0.045420 0.045575 0.050865 0.632413 1.762529 0.612064 0.091588 0.037468 0.029091 0.054421 0.047627
-9999.000000 -9999.000000 -9999.000000 -9999.000000 -9999.000000 -9999.000000 -9999.000000 -9999.000000 -9999.000000 -9999.000000 -9999.000000 -9999.000000 -9999.000000 -9999.000000 -9999.000000 -9999.000000 -9999.000000 -9999.000000 -9999.000000 -9999.000000 -9999.000000 0.030403 0.024727 0.042123 0.035346 0.233118 0.224211 0.050194 0.055924 0.090314 0.442710 0.410241 0.050316 0.024712 0.045265 0.093294 0.686033 0.778479 0.814493 0.157786 0.222098 0.256463 0.285906 1.332450 1.302329 1.318257 0.249638 0.046928 0.030685 0.066361 0.071624 0.655483 1.777839 0.585401 0.080343 0.036751 0.037575 0.068801 0.046013
-9999.000000 -9999.000000 -9999.000000 -9999.000000 -9999.000000 -9999.000000 -9999.000000 -9999.000000 -9999.000000 -9999.000000 -9999.000000 -9999.000000 -9999.000000 -9999.000000 -9999.000000 -9999.000000 -9999.000000 -9999.000000 -9999.000000 -9999.000000 -9999.000000 0.020180 0.032036 0.471388 0.029854 0.041695 0.052239 0.071194 0.023032 0.181673 0.096292 0.073860 0.026100 0.031928 0.060861 0.052655 0.112613 0.673336 0.101766 0.074435 0.092635 0.092705 0.084272 0.061838 0.345959 0.395920 0.315163 0.043663 0.063952 0.042030 0.084365 0.660532 1.661606 0.050152 0.038255 0.021263 0.048363 0.035667 0.049476
-9999.000000 -9999.000000 -9999.000000 -9999.000000 -9999.000000 -9999.000000 -9999.000000 -9999.000000 -9999.000000 -9999.000000 -9999.000000 -9999.000000 -9999.000000 -9999.000000 -9999.000000 -9999.000000 -9999.000000 -9999.000000 -9999.000000 -9999.000000 -9999.000000 -9999.000000 0.268336 0.412973 0.352046 0.049170 0.032495 0.035103 0.040000 0.275432 0.018837 0.024071 0.031791 0.038735 0.026451 0.065693 0.188657 0.254962 0.060737 0.131546 0.143759 0.141002 0.129300 0.106299 0.061784 0.543383 0.082565 0.066423 0.089362 0.062160 0.057129 0.672570 0.834233 0.027764 0.030220 0.021034 0.017967 0.035042 0.047585
-9999.000000 -9999.000000 -9999.000000 -9999.000000 -9999.000000 -9999.000000 -9999.000000 -9999.000000 -9999.000000 -9999.000000 -9999.000000 -9999.000000 -9999.000000 -9999.000000 -9999.000000 -9999.000000 -9999.000000 -9999.000000 -9999.000000 -9999.000000 -9999.000000 -9999.000000 0.019309 0.324784 0.307812 0.061217 0.053352 0.022361 0.046008 0.269602 0.357148 0.379973 0.357652 0.026465 0.024071 0.079999 0.119847 0.225006 0.029762 0.144620 0.139108 0.131441 0.118619 0.098291 0.080026 0.621538 0.135913 0.089976 0.118242 0.083390 0.045041 0.056138 0.947722 0.027519 0.029366 0.017967 0.028871 0.031228 0.042153
-9999.000000 -9999.000000 -9999.000000 -9999.000000 -9999.000000 -9999.000000 -9999.000000 -9999.000000 -9999.000000 -9999.000000 -9999.000000 -9999.000000 -9999.000000 -9999.000000 -9999.000000 -9999.000000 -9999.000000 -9999.000000 -9999.000000 -9999.000000 -9999.000000 -9999.000000 0.014397 0.026054 0.106209 0.039451 0.032143 0.019082 0.033069 0.043282 0.293016 0.327205 0.332929 0.256801 0.227202 0.158015 0.247069 0.169594 0.037848 0.073837 0.076676 0.069315 0.059060 0.039971 0.094327 0.584342 0.180350 0.124430 0.163280 0.017372 0.046247 0.098000 0.853156 0.883262 0.096208 0.029641 0.051666 0.070456 0.409520
-9999.000000 -9999.000000 -9999.000000 -9999.000000 -9999.000000 -9999.000000 -9999.000000 -9999.000000 -9999.000000 -9999.000000 -9999.000000 -9999.000000 -9999.000000 -9999.000000 -9999.000000 -9999.000000 -9999.000000 -9999.000000 -9999.000000 -9999.000000 -9999.000000 -9999.000000 -9999.000000 0.014397 0.072823 0.071862 0.040260 0.026314 0.018959 0.049309 0.069344 0.053628 0.036521 0.224045 0.225981 1.226557 0.147704 0.098750 0.087247 0.072170 0.073913 0.062548 0.052168 0.035638 0.045519 0.159506 0.231112 0.165554 0.206593 0.017372 0.051525 0.152831 1.076765 0.157180 0.025642 0.034309 0.055336 0.073632 0.359878
-9999.000000 -9999.000000 -9999.000000 -9999.000000 -9999.000000 -9999.000000 -9999.000000 -9999.000000 -9999.000000 -9999.000000 -9999.000000 -9999.000000 -9999.000000 -9999.000000 -9999.000000 -9999.000000 -9999.000000 -9999.000000 -9999.000000 -9999.000000 -9999.000000 -9999.000000 -9999.000000 0.020103 0.075889 0.076715 0.041283 0.022513 0.125985 0.098686 0.067832 0.042519 0.052589 0.178136 1.215166 1.226748 0.192150 0.026741 0.035804 0.032509 0.087234 0.087124 0.073282 0.050860 0.043949 0.038255 0.027429 0.249926 0.238453 0.154547 0.076043 0.245848 1.199275 0.248431 0.025993 0.014397 0.052634 0.078465 0.058138
-9999.000000 -9999.000000 -9999.000000 -9999.000000 -9999.000000 -9999.000000 -9999.000000 -9999.000000 -9999.000000 -9999.000000 -9999.000000 -9999.000000 -9999.000000 -9999.000000 -9999.000000 -9999.000000 -9999.000000 -9999.000000 -9999.000000 -9999.000000 -9999.000000 -9999.000000 -9999.000000 -9999.000000 0.078393 0.060951 0.043618 0.018440 0.129692 0.116753 0.022590 0.022590 0.052117 1.192259 1.220588 0.219932 0.218181 0.029411 0.046837 0.051582 0.032234 0.099536 0.073612 1.008267 0.047415 0.044132 0.028627 0.316123 0.270390 0.608176 0.587196 1.339706 1.251958 1.368132 0.434533 0.046502 0.035624 0.046013 0.052103
-9999.000000 -9999.000000 -9999.000000 -9999.000000 -9999.000000 -9999.000000 -9999.000000 -9999.000000 -9999.000000 -9999.000000 -9999.000000 -9999.000000 -9999.000000 -9999.000000 -9999.000000 -9999.000000 -9999.000000 -9999.000000 -9999.000000 -9999.000000 -9999.000000 -9999.000000 -9999.000000 -9999.000000 -9999.000000 0.023217 0.042748 0.042365 0.014397 0.081597 0.022590 0.022590 0.048897 1.197243 1.222758 0.221259 0.227307 0.241252 0.037162 0.060511 0.017372 0.035712 0.072065 0.972570 1.042956 1.015737 0.817632 0.535082 0.379168 0.603682 0.569531 1.358297 0.349068 0.349322 0.389829 0.041969 0.040733 0.053657 0.040289
-9999.000000 -9999.000000 -9999.000000 -9999.000000 -9999.000000 -9999.000000 -9999.000000 -9999.000000 -9999.000000 -9999.000000 -9999.000000 -9999.000000 -9999.000000 -9999.000000 -9999.000000 -9999.000000 -9999.000000 -9999.000000 -9999.000000 -9999.000000 -9999.000000 -9999.000000 -9999.000000 -9999.000000 -9999.000000 -9999.000000 0.023231 0.074120 0.059075 0.083642 0.027794 0.027794 0.034309 0.126077 0.159907 0.197721 0.223057 0.241019 0.223313 0.056100 0.017372 0.054285 0.106019 0.999204 1.055648 1.053720 0.124645 0.074874 0.270038 0.195753 0.164798 0.155968 0.069437 0.060940 0.084254 0.026817 0.029900 0.034477 0.052835
-9999.000000 -9999.000000 -9999.000000 -9999.000000 -9999.000000 -9999.000000 -9999.000000 -9999.000000 -9999.000000 -9999.000000 -9999.000000 -9999.000000 -9999.000000 -9999.000000 -9999.000000 -9999.000000 -9999.000000 -9999.000000 -9999.000000 -9999.000000 -9999.000000 -9999.000000 -9999.000000 -9999.000000 -9999.000000 -9999.000000 -9999.000000 0.039804 0.109413 0.138724 0.183480 0.030433 0.058967 0.298415 0.350032 0.140191 0.206919 0.218835 0.043465 0.081039 0.110178 0.075081 0.168589 0.132341 0.927154 0.912395 0.195844 0.119629 0.088196 0.106266 0.108929 0.120753 0.141125 0.122697 0.029213 0.018364 0.029243 0.046684 0.030601
-9999.000000 -9999.000000 -9999.000000 -9999.000000 -9999.000000 -9999.000000 -9999.000000 -9999.000000 -9999.000000 -9999.000000 -9999.000000 -9999.000000 -9999.000000 -9999.000000 -9999.000000 -9999.000000 -9999.000000 -9999.000000 -9999.000000 -9999.000000 -9999.000000 -9999.000000 -9999.000000 -9999.000000 -9999.000000 -9999.000000 -9999.000000 -9999.000000 -9999.000000 0.087609 0.025276 0.034066 0.056496 0.221656 0.242986 0.068110 0.019112 0.025460 0.017372 0.017372 0.094704 0.098399 0.084202 0.239213 0.232582 0.247918 0.354656 0.021278 0.036036 0.128543 0.155741 1.188658 1.185729 1.185211 0.039711 0.022240 0.039801 0.051841 0.057131
-9999.000000 -9999.000000 -9999.000000 -9999.000000 -9999.000000 -9999.000000 -9999.000000 -9999.000000 -9999.000000 -9999.000000 -9999.000000 -9999.000000 -9999.000000 -9999.000000 -9999.000000 -9999.000000 -9999.000000 -9999.000000 -9999.000000 -9999.000000 -9999.000000 -9999.000000 -9999.000000 -9999.000000 -9999.000000 -9999.000000 -9999.000000 -9999.000000 -9999.000000 -9999.000000 0.024651 0.030480 0.019936 -9999.000000 -9999.000000 -9999.000000 -9999.000000 -9999.000000 -9999.000000 -9999.000000 0.020897 0.119558 1.173919 0.125398 0.109658 0.078990 0.557081 0.584606 0.064417 0.034998 0.136337 1.179295 1.181433 1.180788 0.046494 0.023613 0.047214 0.055422 0.063864
-9999.000000 -9999.000000 -9999.000000 -9999.000000 -9999.000000 -9999.000000 -9999.000000 -9999.000000 -9999.000000 -9999.000000 -9999.000000 -9999.000000 -9999.000000 -9999.000000 -9999.000000 -9999.000000 -9999.000000 -9999.000000 -9999.000000 -9999.000000 -9999.000000 -9999.000000 -9999.000000 -9999.000000 -9999.000000 -9999.000000 -9999.000000 -9999.000000 -9999.000000 -9999.000000 -9999.000000 -9999.000000 -9999.000000 -9999.000000 -9999.000000 -9999.000000 -9999.000000 -9999.000000 -9999.000000 -9999.000000 0.019539 0.126764 1.158578 0.162883 0.159292 0.126508 0.568207 0.567454 0.117907 0.020851 0.029610 0.170811 0.031823 0.044319 0.062630 0.028313 0.023705 0.051490 0.099916
-9999.000000 -9999.000000 -9999.000000 -9999.000000 -9999.000000 -9999.000000 -9999.000000 -9999.000000 -9999.000000 -9999.000000 -9999.000000 -9999.000000 -9999.000000 -9999.000000 -9999.000000 -9999.000000 -9999.000000 -9999.000000 -9999.000000 -9999.000000 -9999.000000 -9999.000000 -9999.000000 -9999.000000 -9999.000000 -9999.000000 -9999.000000 -9999.000000 -9999.000000 -9999.000000 -9999.000000 -9999.000000 -9999.000000 -9999.000000 -9999.000000 -9999.000000 -9999.000000 -9999.000000 -9999.000000 -9999.000000 0.028342 0.026039 0.137994 0.177254 0.195614 0.198985 0.017372 0.215569 0.196089 0.034386 0.017372 0.027474 0.040626 0.046592 0.052101 0.023842 0.023034 0.027673 1.130434
-9999.000000 -9999.000000 -9999.000000 -9999.000000 -9999.000000 -9999.000000 -9999.000000 -9999.000000 -9999.000000 -9999.000000 -9999.000000 -9999.000000 -9999.000000 -9999.000000 -9999.000000 -9999.000000 -9999.000000 -9999.000000 -9999.000000 -9999.000000 -9999.000000 -9999.000000 -9999.000000 -9999.000000 -9999.000000 -9999.000000 -9999.000000 -9999.000000 -9999.000000 -9999.000000 -9999.000000 -9999.000000 -9999.000000 -9999.000000 -9999.000000 -9999.000000 -9999.000000 -9999.000000 -9999.000000 -9999.000000 0.025612 0.032615 0.040214 0.148919 0.179795 0.230449 0.017372 0.287453 0.259698 0.039527 0.017372 0.034065 0.384030 0.411056 0.405640 0.030113 0.030066 0.030327 0.156190
-9999.000000 -9999.000000 -9999.000000 -9999.000000 -9999.000000 -9999.000000 -9999.000000 -9999.000000 -9999.000000 -9999.000000 -9999.000000 -9999.000000 -9999.000000 -9999.000000 -9999.000000 -9999.000000 -9999.000000 -9999.000000 -9999.000000 -9999.000000 -9999.000000 -9999.000000 -9999.000000 -9999.000000 -9999.000000 -9999.000000 -9999.000000 -9999.000000 -9999.000000 -9999.000000 -9999.000000 -9999.000000 -9999.000000 -9999.000000 -9999.000000 -9999.000000 -9999.000000 -9999.000000 -9999.000000 -9999.000000 -9999.000000 0.038733 0.043435 0.032464 0.037971 0.273524 0.338551 0.303263 0.262751 0.045281 0.053582 0.032218 1.406456 1.418360 1.423181 0.207728 0.101510 0.206867 0.168746
