use_cases/Flooding_chicago/flooding_data/output/h_1080.asc
ncols 337
nrows 393
xllcorner 428428.000000
yllcorner 4602440.000000
cellsize 26.757400
NODATA_value -9999.000000
[rows 108 to 134 of 393, columns 177 to 235 of 337]
0.046093 0.027672 0.014396 0.051130 0.882387 0.913712 0.065685 0.905100 0.900187 0.048930 0.408483 0.349894 0.210745 0.047463 0.034737 0.044240 0.023536 0.031410 0.046697 0.037757 0.051096 0.087762 0.848923 0.067728 0.104474 0.107141 0.067898 0.065191 0.053534 0.050300 0.035896 0.028282 0.029915 0.041461 0.045570 0.064796 0.072441 0.113762 0.576670 0.727599 0.747180 1.719918 2.736970 2.749896 1.731936 1.741140 0.508201 0.916361 0.706318 0.630916 0.487104 0.488781 0.348554 0.325567 0.969902 2.136701 1.217202 0.023674 0.028145
1.060222 0.046846 0.021019 0.085112 0.859939 0.098349 0.130040 0.142138 0.128871 0.043801 0.050514 0.039406 0.035897 0.047971 0.034157 0.025550 0.030144 0.024559 0.028709 0.033806 0.043998 0.099160 0.316412 0.056143 0.060840 0.067749 0.070045 0.057840 0.037727 0.063286 0.018578 0.023064 0.028527 0.024696 0.031120 0.056542 0.043708 0.041406 0.048002 0.756807 0.803144 1.706392 2.710345 1.699831 1.712765 0.522770 0.362476 0.216023 0.120050 0.074165 0.044161 0.240518 0.212166 0.247441 2.013508 2.156056 1.182909 0.138224 0.022972
0.048921 0.122629 0.019798 0.100863 0.083342 0.091489 0.131409 0.155422 0.063898 0.070275 0.028450 0.031776 0.024056 0.028939 0.025394 0.030510 0.030999 0.024804 0.028786 0.045891 0.069801 0.193170 0.294641 0.038245 0.042152 0.052971 0.075904 0.054665 0.022483 0.106422 0.040489 0.065987 0.024620 0.027825 0.019417 0.020577 0.030754 0.037880 0.068353 0.747906 1.824772 2.844952 1.817924 0.694735 0.048456 0.045180 0.022471 0.067680 0.027764 0.034264 0.034645 0.124374 0.117483 0.157442 2.042396 2.114409 1.129139 0.101530 0.018548
0.031392 0.090095 0.070133 0.057983 0.061149 0.021202 0.064620 0.023430 0.110527 0.089332 0.028344 0.031455 0.023109 0.023857 0.056481 0.048057 0.043632 0.032128 0.041720 0.060907 0.085244 0.363915 0.042000 0.039926 0.036324 0.054756 0.065926 0.082613 0.029198 0.091743 0.072762 0.037666 0.040367 0.040001 0.029518 0.034935 0.028511 0.046193 1.872049 2.901846 3.858232 4.908956 1.833712 0.052216 0.042209 0.035316 0.024377 0.050186 0.021171 0.034645 0.040550 0.105870 0.797701 2.047851 2.074518 2.113736 1.097364 0.064213 0.042808
0.037781 0.126436 0.119383 0.033302 0.037940 0.020470 0.038719 0.044807 0.094368 0.092230 0.023598 0.071511 0.034066 0.029640 0.037880 0.118552 0.122396 0.132728 0.135551 0.075005 0.057427 0.417929 0.031900 0.028983 0.026787 0.037652 0.044135 0.044731 0.030205 0.057899 0.089248 0.075373 0.057608 0.049477 0.034904 0.042152 0.034389 0.563633 3.905795 4.869003 4.877774 3.893304 2.879060 0.073606 0.037041 0.042839 0.031837 0.023567 0.022942 0.032807 0.036736 0.075630 0.705828 2.013967 2.038806 1.065116 1.050767 0.805221 0.547235
0.070633 0.696038 1.848198 0.044823 0.030007 0.018237 0.031701 0.028953 0.071739 0.490440 0.486789 0.477672 0.426236 0.067904 0.067085 0.107521 0.140235 0.172645 0.023841 0.024360 0.027763 0.140663 0.041451 0.029486 0.026832 0.020561 0.031823 0.037940 0.017372 0.033791 0.108405 0.080589 0.072776 0.079384 0.051019 0.050940 0.091346 2.850119 3.906437 4.872614 3.862537 3.876995 1.767231 0.081643 0.054147 0.027397 0.044273 0.027367 0.023506 0.037315 0.031730 0.043297 0.044182 0.070447 1.043384 0.068295 0.047767 0.026716 1.247448
0.869594 1.888954 1.886303 0.056969 0.042915 0.021736 0.039696 0.031563 0.033578 0.519933 0.509923 0.513604 0.553000 0.076267 0.036949 0.158745 0.066398 0.021507 0.026619 0.014396 0.024620 0.200218 0.039757 0.041649 0.035285 0.037454 0.027733 0.037132 0.017372 0.071953 0.084344 0.120191 0.145472 0.334662 0.224299 0.287913 0.686619 2.791104 4.815891 4.844418 3.846582 1.828000 0.577360 0.067010 0.070716 0.086921 0.041251 0.019310 0.039269 0.024986 0.024651 0.028404 0.042321 0.045281 0.048759 0.055797 0.288853 0.366328 1.394033
0.851880 1.904786 1.937675 0.026497 0.021788 0.022332 0.030295 0.053596 0.037391 0.497753 0.490623 0.481533 0.033461 0.059761 0.052339 0.301623 0.051797 0.035255 0.023017 0.034950 0.161601 1.223825 0.161370 0.054327 0.045493 0.045906 0.038292 0.045891 0.020180 0.020561 0.053780 0.099983 0.166588 0.096612 0.193457 0.307370 0.338762 0.495593 1.437438 2.685432 2.679714 0.473932 0.060430 0.043403 0.041465 0.052941 0.042381 0.041755 0.046716 0.036766 0.060966 0.042854 0.062462 0.035454 0.058605 0.053475 0.270979 1.405537 2.401768
0.885302 1.909459 1.918262 0.025474 0.018105 0.034355 0.035378 0.057183 0.043389 0.485525 0.479248 0.470729 0.029240 0.042485 0.041261 0.241250 0.473336 0.066567 0.136665 0.092368 1.215157 1.217044 1.195405 0.157677 0.080895 0.045884 0.045585 0.027367 0.035957 0.031608 0.044762 0.028237 0.033352 0.070351 0.038246 0.213997 0.228920 0.105994 0.054283 0.111661 0.179503 0.083073 0.070525 0.031212 0.029457 0.043236 0.018212 0.037637 0.049037 0.055662 0.047676 0.064842 0.050056 0.076486 0.064953 0.049428 0.311415 1.410043 2.421272
0.886506 0.876846 0.877614 0.032127 0.020028 0.040772 0.044884 0.329486 1.458871 1.475243 1.475352 0.421542 0.357677 0.365536 0.033225 0.024911 0.389500 1.377346 0.191203 0.338174 0.154992 1.222771 1.206489 0.196067 0.119836 0.162606 0.068505 0.025520 0.174127 0.182213 0.168312 0.090813 0.046837 0.051491 0.767898 0.400726 0.299779 0.031075 0.037193 0.033775 0.165405 0.098336 0.103821 0.032310 0.032569 0.055626 0.021660 0.029625 0.059105 0.062582 0.056282 0.059841 0.107809 0.083531 0.166665 0.278181 1.428004 2.453317 3.446865
1.929053 1.875673 0.106035 0.060769 0.050187 1.477678 1.477938 2.474120 1.477299 0.457264 0.413552 0.387051 0.353959 0.355369 0.025457 0.023583 0.331308 0.352442 0.101135 0.064085 0.153816 0.202069 1.204993 0.142439 0.083382 0.044121 0.085884 0.063668 0.268137 1.282132 0.189643 0.364770 0.263035 0.969791 0.963075 0.059877 0.041587 0.028221 0.026100 0.034235 0.118161 0.177306 0.187855 0.168764 0.056323 0.048423 0.021660 0.035423 0.037619 0.062096 0.069761 0.140179 0.100392 0.061614 0.177338 0.246084 1.359020 2.394657 3.403064
2.913816 0.852589 0.083559 0.021339 0.056938 1.475138 1.490287 1.484559 0.452326 0.014396 0.320058 0.317030 0.290356 0.261949 0.164394 0.083673 0.534274 0.194313 0.162565 0.135027 0.126197 0.185801 1.199378 0.126838 0.064170 0.020088 0.031395 0.065285 0.256249 0.248628 0.174736 0.352425 0.252268 0.897619 0.896904 0.038872 0.030983 0.043221 0.034127 0.049596 0.162014 0.215459 0.216356 0.175127 0.045252 0.041008 0.018212 0.041205 0.039528 0.056280 0.173306 0.177741 0.546452 0.492317 0.305707 0.300529 1.339709 2.278589 2.394671
0.867086 0.891145 0.043892 0.034462 0.026620 0.118346 1.481772 0.470613 0.408816 0.238800 0.244571 0.225196 0.199683 0.173245 0.106530 0.200344 0.933224 0.925585 0.204839 0.110100 0.096184 0.168081 1.198280 0.131748 0.068195 0.078804 0.041756 0.030968 0.135169 0.060098 0.051764 0.086051 0.170677 0.136834 0.115592 0.060021 0.039680 0.044853 0.029884 0.064540 0.036686 1.251949 1.242312 0.178102 0.033611 0.022484 0.033614 0.039565 0.038299 0.119213 2.231049 1.139529 0.687492 0.533941 0.726325 1.159418 1.404190 1.446524 0.325519
0.034140 0.029152 0.041619 0.050148 0.014396 0.229080 0.177164 0.447895 0.343915 0.406095 0.635396 0.642676 0.640867 0.116214 0.090712 0.196894 1.094027 1.006866 0.206816 0.103137 0.198359 0.121728 1.199381 0.140549 0.072747 0.067940 0.035058 0.020380 0.101281 0.117339 0.089807 0.102670 0.056802 0.036736 0.108376 0.038612 0.048790 0.033287 0.101160 0.061032 0.036685 1.227943 2.218090 1.230143 0.168255 0.121381 0.066270 0.054336 0.097118 2.191170 3.244084 1.150617 0.137540 0.081723 0.125597 0.116162 0.419666 0.141364 0.054662
0.034351 0.014396 0.050865 0.035180 0.379875 0.342305 0.309372 0.217670 0.098275 0.279750 0.605518 0.571528 0.516361 0.282434 1.045963 1.051175 1.095446 0.992004 0.160994 0.190444 0.166300 0.240853 0.120628 0.114267 0.061502 0.034797 0.041863 0.023705 0.139850 0.157844 0.109092 0.078179 0.018836 0.026649 0.052849 0.065484 0.049081 0.149080 0.096597 0.204279 0.179541 3.171214 3.202246 2.182093 1.018304 0.873837 0.660319 0.594111 1.883162 2.179713 2.230239 0.185568 0.120398 0.086693 0.120671 0.132214 0.289070 0.259415 0.072457
0.030715 0.027382 0.037712 0.411007 1.450366 2.455139 1.451799 0.321652 0.020222 0.035896 0.032951 0.334631 0.367258 0.972365 2.075554 2.120883 1.056260 0.952375 0.922059 0.123132 0.134519 0.207666 0.090202 0.038521 0.041184 0.035118 0.023506 0.022942 0.057106 0.181056 0.028800 0.034565 0.024406 0.028283 0.069205 0.072503 0.047828 0.025474 0.080294 0.167104 3.210779 5.241052 3.218923 2.214964 0.164804 0.129682 0.076496 0.064290 0.057286 0.041165 0.107491 0.093407 0.148487 0.183257 0.197503 0.158035 0.223907 0.201287 0.091637
0.198034 0.109374 0.033012 1.457891 2.461791 3.446649 2.450145 0.023010 0.014396 0.025307 0.045615 0.834413 2.060440 2.127349 3.077907 2.083151 1.960884 2.832999 1.907403 0.223475 0.161674 0.034554 0.032308 0.022326 0.029839 0.019310 0.027367 0.023567 1.109895 0.066235 0.029594 0.031959 0.067695 0.101140 0.075082 0.050103 0.078248 0.070849 0.095513 1.130764 4.181944 5.175720 2.187181 0.145802 0.116901 0.078316 0.051979 0.055718 0.034508 0.039605 0.051522 0.047310 0.288967 0.322399 0.199812 0.119576 0.116417 0.142979 0.170752
0.147743 0.047737 0.049873 0.439617 2.445975 2.445158 2.425107 1.469101 0.019310 0.026237 0.080202 0.787011 2.064774 2.102259 1.054750 1.088651 1.966286 2.931179 2.013124 0.041541 0.052453 0.049462 0.035500 0.044060 0.031410 0.031914 0.038795 0.033363 0.140728 0.025703 0.017372 0.025703 0.031869 0.074394 0.154228 0.136315 0.254857 0.155608 1.176136 2.100957 4.180157 2.100822 0.062189 0.037849 0.125071 0.136909 0.059760 0.027335 0.024925 0.035378 0.048194 0.043404 1.433099 1.475364 0.284769 0.022041 0.034209 0.095924 0.097756
0.088661 0.084892 0.078407 0.381231 1.389004 1.428594 1.442553 0.323383 0.228167 0.219064 0.162440 0.229850 1.109415 1.204436 0.141691 0.024516 0.746685 1.662772 0.755186 0.044446 0.067848 0.061698 0.079263 0.042015 0.039208 0.033576 0.052375 0.033929 0.135549 0.025703 0.017372 0.025703 0.042762 0.037955 0.126840 0.122216 0.282808 1.018612 3.181343 4.133848 3.178947 0.038988 0.019982 0.069496 0.073478 0.089033 0.094246 0.040491 0.014396 0.054192 0.049980 0.075310 1.346079 1.427117 0.033624 0.028984 0.028511 0.082422 0.064704
0.106758 0.065498 0.062476 0.473319 0.495417 0.438613 0.442789 0.032189 0.046028 0.133215 0.180027 0.156455 0.148826 0.128610 0.079183 0.046567 0.641518 1.532398 0.579645 0.075931 0.053094 0.041420 0.060265 0.069054 0.052038 0.053185 0.035286 0.090088 0.083471 0.069080 0.025597 0.028404 0.043036 0.047096 0.131874 0.127571 0.249567 1.082285 1.119653 2.061056 0.072760 0.040841 0.017967 0.028871 0.083992 0.068538 0.052223 0.053306 0.143776 0.090248 0.099526 0.060185 0.429816 0.594692 0.020561 0.018516 0.023811 0.068947 0.030831
0.079749 0.079905 0.401639 0.534247 0.544403 0.053038 0.035008 0.034211 0.073402 0.056542 0.067101 0.146483 0.167034 0.158177 0.031060 0.033794 0.436228 1.306677 0.381229 0.065028 0.046084 0.083315 0.122399 0.122397 0.069620 0.039803 0.022179 0.058189 0.738234 0.074054 0.143169 0.203161 0.023018 0.057427 0.051033 0.120568 0.087058 0.056807 0.269249 0.125881 0.102324 0.076134 0.021034 0.017967 0.075187 0.054363 0.040581 0.061761 0.116081 0.097862 0.065483 0.068289 0.072259 0.664055 0.075058 0.037337 0.030372 0.054012 0.028954
0.083504 0.088386 0.402328 0.546619 0.534542 0.076441 0.060859 0.028740 0.056023 0.041832 0.057500 0.045601 0.080711 0.072686 0.051964 0.064988 0.382208 1.407840 0.381278 0.049177 0.056450 0.087479 0.120683 0.097720 0.067056 0.050484 0.021827 0.075912 1.654068 0.648490 0.199378 0.216021 0.251177 0.026060 0.084250 0.062654 0.055062 0.055184 0.279620 0.110146 0.107302 0.133309 0.037849 0.063072 0.110009 0.020393 0.031196 0.046837 0.035042 0.035819 0.049477 0.066857 0.084271 1.724414 0.658113 0.096536 0.083504 0.028786 0.044395
0.024161 0.031135 0.376426 0.528738 0.049578 0.081228 0.056831 0.046242 0.045298 0.039390 0.051170 0.047096 0.065896 0.056664 0.040168 0.051671 1.160272 1.373314 1.098064 0.212290 0.073162 0.145601 0.170641 0.064512 0.062243 0.031381 0.033013 2.759073 1.723385 0.625027 0.137158 0.032265 0.043296 0.051689 0.031532 0.039619 0.022759 1.113120 0.117394 0.142544 0.127463 0.165857 0.323433 0.365834 0.115427 0.165642 0.056221 0.019111 0.031108 0.044762 0.036873 0.030737 0.055901 0.565088 0.112969 0.045143 0.032524 0.027367 0.037988
0.044350 0.037515 0.089562 0.093919 0.042015 0.041191 0.032661 0.043663 0.025901 0.053475 0.035315 0.041085 0.036386 0.055490 0.037758 0.047922 0.186175 2.183512 2.224005 1.273845 0.221855 0.180002 0.131064 0.072158 0.084433 0.156616 0.023735 1.829818 0.676051 0.047466 0.045555 0.034447 0.040490 0.027565 0.033013 0.030830 0.082206 0.093391 0.098218 0.043206 0.033485 0.025948 0.061832 0.063912 0.045296 0.066048 0.094356 0.025460 0.046044 0.050361 0.063225 0.118065 0.091194 0.091804 0.072749 0.085411 0.031319 0.050940 0.065319
0.044578 0.069572 0.061241 0.056980 0.032082 0.027565 0.028924 0.017372 0.034782 0.026558 0.029335 0.024193 0.031197 0.022774 0.030219 0.034223 1.025999 3.313267 3.311771 2.346726 1.299873 0.139523 0.122039 0.161975 0.196950 0.279078 0.508317 0.625264 0.069386 0.044411 0.043937 0.025536 0.023705 0.027885 0.046760 0.068824 0.656938 0.544533 0.035700 0.042045 0.037712 0.032784 0.038749 0.029288 0.056221 0.045846 0.049553 0.017372 0.025703 0.040276 0.042102 0.147637 0.014396 0.027551 0.076485 0.089286 0.083916 0.063205 0.065331
0.049750 0.097996 0.037926 0.025399 0.037349 0.027321 0.028923 0.017372 0.027489 0.066002 0.023948 0.023155 0.029274 0.033562 0.042397 0.168714 2.293337 3.421178 4.314475 3.357449 2.352302 0.293954 0.156293 0.151691 0.181292 0.140419 0.058973 0.116760 0.094113 0.031303 0.025536 0.035712 0.025536 0.039344 0.051349 0.683895 0.691832 0.548339 0.039146 0.032387 0.024681 0.030617 0.029198 0.019814 0.020989 0.045205 0.062736 0.017372 0.025703 0.030906 0.057949 0.106741 0.076395 0.040718 0.075539 0.062538 0.048807 0.062371 0.131751
0.050407 0.132134 0.038033 0.022606 0.095260 0.040123 0.029564 0.025810 0.056450 0.062386 0.044442 0.038048 0.032187 0.033424 0.056953 0.179647 2.301135 2.421067 3.311788 4.339124 2.345717 1.331603 1.262966 0.133075 0.099617 0.079374 0.056343 0.085597 0.031883 0.039391 0.023705 0.025536 0.053047 0.042167 0.706499 0.723998 0.625148 0.044807 0.034141 0.042610 0.024498 0.030006 0.025277 0.040779 0.034782 0.106423 0.033745 0.027397 0.038796 0.045552 0.052520 0.062248 0.137702 0.133463 0.032876 0.065560 0.053642 0.295764 0.284243
