use_cases/Flooding_chicago/flooding_data/output/h_1020.asc
ncols 337
nrows 393
xllcorner 428428.000000
yllcorner 4602440.000000
cellsize 26.757400
NODATA_value -9999.000000
[rows 297 to 323 of 393, columns 59 to 117 of 337]
0.815975 0.865823 0.996913 1.922361 1.963177 2.973351 0.922943 0.859151 0.173317 0.079668 0.103988 0.078464 1.534749 0.477862 0.542898 0.553883 0.542790 0.543045 0.543597 0.037469 0.022056 0.023658 0.051566 0.034676 0.056429 0.069713 0.797124 0.806959 0.557955 1.469402 1.527176 0.527193 0.489622 0.467997 1.443936 1.448567 0.436776 0.402686 0.039238 0.032310 0.042548 0.040260 0.100533 0.066383 0.100664 0.608589 0.682664 0.686111 0.540074 0.369404 1.204171 1.247252 1.236991 1.268240 1.243538 0.205358 0.051825 0.090068 0.025536
1.952052 1.960903 2.928962 2.949759 2.951079 1.973697 1.973482 0.831071 0.142012 0.080607 0.107756 0.098560 0.063152 0.053791 0.051958 0.031350 0.530378 0.523736 0.025227 0.049370 0.018165 0.035423 0.039941 0.349594 0.033516 0.037818 0.030555 0.074733 0.436332 1.487277 1.537945 0.537289 0.486137 1.447168 1.451047 1.454923 0.445087 0.410156 0.060295 0.045463 0.059700 0.057000 0.034904 0.058856 0.065279 0.587567 1.744920 0.747525 0.039731 0.035636 0.187312 0.218383 0.263174 1.290356 0.271969 0.041665 0.074600 0.094918 0.103545
0.958024 1.998349 3.025073 3.010129 2.999363 1.993221 0.929918 0.054683 0.047995 0.036965 0.045461 0.045616 0.040107 0.028358 0.052706 0.519506 0.520102 0.514839 0.518050 0.040884 0.041482 0.064161 0.279510 0.341288 0.346835 0.024330 0.024330 0.036096 0.035817 1.491811 1.504616 0.017372 0.443648 1.450632 2.454606 1.449911 1.456880 0.413173 0.033318 0.056739 0.067940 0.017372 0.041466 0.048849 0.047888 0.611773 1.740221 0.741415 0.043304 0.057990 0.052352 0.040405 0.266242 1.256506 0.317350 0.052007 0.086948 0.108771 1.143377
0.059807 0.920796 0.836329 0.816068 0.819734 0.894163 0.057098 0.030815 0.046455 0.060633 0.064064 0.063927 0.014397 0.032234 0.059969 0.041024 0.502012 0.498208 0.515471 0.040368 0.039392 0.072030 0.324725 0.348425 0.357624 0.029564 0.029564 0.048040 0.056656 1.500547 1.504702 0.017372 0.439824 1.447797 2.449507 1.451484 1.457516 0.037422 0.030677 0.045983 0.061638 0.017372 0.040383 0.046332 1.699278 1.697611 1.708795 0.690265 0.707035 0.062806 0.073809 0.065689 0.038995 0.420994 0.401717 0.038604 0.017372 0.106813 1.141316
0.077566 0.058456 0.601898 0.582646 0.557442 0.042487 0.030540 0.036156 0.014397 0.065054 0.061211 0.049888 0.042427 0.028969 0.060205 0.036071 0.469150 0.457731 0.029748 0.047480 0.041053 0.090797 0.047128 0.312699 0.325678 0.024331 0.024331 0.046814 0.086819 0.386635 1.490687 1.461432 1.485963 1.470705 1.464841 1.476015 0.455818 0.056541 0.091301 0.105797 0.035866 0.038628 0.029701 0.047507 1.643799 1.639535 0.606879 0.067209 0.076320 0.088487 0.087738 0.077678 0.048589 0.474722 0.458395 0.028547 0.017372 0.119324 1.159717
0.074077 0.044393 0.722019 1.689968 0.710806 0.056784 0.030739 0.029076 0.040001 0.044610 0.036812 0.074938 0.053396 0.045068 0.036531 0.325560 1.276854 0.373695 0.029686 0.046709 0.046379 0.029107 0.045448 0.231826 1.287996 0.033224 0.041981 0.040572 0.149010 0.092741 0.511505 2.410820 2.479321 2.473685 1.457054 1.463548 0.437921 0.051704 0.073342 0.068748 0.055244 0.050803 0.063210 0.051383 0.098215 0.076477 0.033851 0.018943 0.047432 0.036720 0.025474 0.019204 0.033967 0.514307 0.524148 0.567626 0.077379 1.118675 1.140224
0.051167 0.068650 1.723304 1.769675 0.753728 0.653779 0.059441 0.048808 0.035027 0.047448 0.037331 0.189363 0.198216 0.272346 0.313685 1.349560 2.355549 1.326994 0.239844 0.030799 0.035454 0.026588 0.033207 1.264105 1.280959 0.190578 0.179827 1.226165 1.229889 0.151051 0.521422 2.423154 2.470501 2.468700 2.465072 1.469338 0.432224 0.043815 0.049706 0.433769 0.412947 0.371238 0.037788 0.020423 0.031548 0.036156 0.038078 0.025321 0.061959 0.035712 0.080949 0.050849 0.599187 0.521283 0.518507 0.549291 0.084013 0.112067 0.116833
0.039541 0.715565 1.780428 1.773390 0.747477 0.698034 0.670194 0.075542 0.069551 0.140604 0.192561 1.267309 1.254762 0.318908 0.320130 1.358107 1.383485 1.357606 0.199403 0.115226 0.067750 0.234843 0.243272 1.255345 1.271404 1.244078 2.234675 3.247089 3.252096 1.240660 0.120305 0.321354 0.334708 1.438324 1.439833 0.407185 0.408209 0.040871 0.043891 0.434266 0.434650 0.411908 0.364654 0.032921 0.029320 0.017372 0.017372 0.086606 0.060480 0.655582 0.677373 0.653266 0.626804 0.043760 0.053990 0.076586 0.116898 0.130438 0.024926
0.103105 0.743585 1.784181 1.782375 0.748512 0.716098 0.726719 0.670361 0.258061 0.152316 0.222343 1.289729 0.204004 0.026951 0.014397 0.034813 0.026085 0.171361 0.334317 0.309923 0.227510 1.263768 1.284965 1.259624 1.281907 2.198644 3.240971 3.250505 2.242041 2.249118 0.174851 0.028587 0.028587 0.048736 0.379841 0.387512 0.394902 0.041237 0.045388 0.400965 0.424336 0.375568 0.355022 0.258222 0.035500 0.025703 0.025704 0.081799 0.059257 0.074530 0.714658 0.044555 0.060202 0.075915 0.018501 0.023751 0.143793 0.146879 0.025840
0.683345 0.737499 1.769855 1.772143 0.720491 0.685964 0.707577 0.050192 0.050131 0.105189 0.144058 0.178669 0.020424 0.031440 0.037865 0.033774 0.025826 0.101078 0.290036 0.321779 1.276249 1.281633 1.289790 0.239053 0.242452 1.251518 3.238196 2.248635 1.243087 1.243456 0.182770 0.024330 0.024330 0.031487 0.022866 0.314798 0.358278 0.045043 0.059654 0.042228 0.031899 0.309658 1.328195 1.342573 0.226068 0.202397 0.046226 0.067512 0.062217 0.046639 0.046318 0.017967 0.026114 0.088389 0.122370 0.031364 0.034462 0.037025 0.048866
0.725932 1.733541 1.758837 1.759319 0.664753 0.603507 0.026168 0.052424 0.025177 0.162603 0.185954 0.086656 0.059165 0.052063 0.035456 0.136916 0.034599 0.057769 0.265243 0.280434 0.275560 0.259387 0.251548 0.027076 0.024254 0.223839 1.241470 1.242035 1.242298 1.240132 0.183979 0.029564 0.029564 0.030922 0.174810 0.261405 0.286711 0.047432 0.071861 0.018959 0.045406 0.252562 1.342449 0.297748 0.221030 0.206122 0.038292 0.048195 0.047462 0.045555 0.017967 0.021034 0.026954 0.065303 0.089230 0.026146 0.031563 0.027306 -9999.000000
0.710400 1.730253 1.752150 1.753057 0.580003 1.294486 0.256750 0.031542 0.031005 0.195982 0.196994 0.074694 0.057783 0.043563 0.645605 0.084795 0.096199 0.032979 0.230400 0.239307 0.244067 0.245250 0.029334 0.040199 0.026741 0.241648 0.243341 0.250245 1.240815 1.240780 0.184492 0.024331 0.024331 0.037270 0.126454 0.184543 0.178744 0.031516 0.019081 0.026314 0.022514 0.018439 0.020531 0.138845 -9999.000000 -9999.000000 -9999.000000 -9999.000000 -9999.000000 -9999.000000 -9999.000000 -9999.000000 -9999.000000 -9999.000000 -9999.000000 -9999.000000 -9999.000000 -9999.000000 -9999.000000
0.722444 1.742228 1.788160 1.774339 0.542796 1.263350 1.289320 0.239832 0.202215 1.258728 1.252454 0.039499 0.597697 0.599027 0.620163 0.061255 0.102078 0.021325 0.159964 0.169287 0.198099 0.214072 0.036262 0.038018 0.243221 0.243132 0.240653 0.248391 0.235902 0.232459 0.014397 0.042035 0.031624 -9999.000000 -9999.000000 -9999.000000 -9999.000000 -9999.000000 -9999.000000 -9999.000000 -9999.000000 -9999.000000 -9999.000000 -9999.000000 -9999.000000 -9999.000000 -9999.000000 -9999.000000 -9999.000000 -9999.000000 -9999.000000 -9999.000000 -9999.000000 -9999.000000 -9999.000000 -9999.000000 -9999.000000 -9999.000000 -9999.000000
0.040309 0.038967 0.040616 0.037994 0.459393 1.997786 2.207566 2.248402 2.245398 1.276099 1.267885 0.023468 0.625040 0.620080 1.651422 1.646403 0.605234 0.032698 0.882710 0.887656 0.119262 0.179273 0.040657 0.041053 1.275799 1.274647 0.240675 0.214339 0.224029 0.211964 0.019309 0.076240 0.044695 -9999.000000 -9999.000000 -9999.000000 -9999.000000 -9999.000000 -9999.000000 -9999.000000 -9999.000000 -9999.000000 -9999.000000 -9999.000000 -9999.000000 -9999.000000 -9999.000000 -9999.000000 -9999.000000 -9999.000000 -9999.000000 -9999.000000 -9999.000000 -9999.000000 -9999.000000 -9999.000000 -9999.000000 -9999.000000 -9999.000000
0.037347 0.040569 0.051654 0.017372 0.025704 3.214987 2.261694 2.267627 2.246105 1.289831 1.260914 0.451130 0.566911 0.601874 1.669345 1.652395 1.626643 0.682109 0.851103 0.839181 0.768560 0.138112 0.048605 0.048211 1.271554 1.270156 0.227454 0.024284 0.023398 0.153740 0.106356 0.077649 -9999.000000 -9999.000000 -9999.000000 -9999.000000 -9999.000000 -9999.000000 -9999.000000 -9999.000000 -9999.000000 -9999.000000 -9999.000000 -9999.000000 -9999.000000 -9999.000000 -9999.000000 -9999.000000 -9999.000000 -9999.000000 -9999.000000 -9999.000000 -9999.000000 -9999.000000 -9999.000000 -9999.000000 -9999.000000 -9999.000000 -9999.000000
0.072730 0.071995 0.032100 0.017372 0.025704 3.236099 2.232035 1.236215 1.225337 0.326858 0.373718 0.476383 0.556096 0.587154 0.614397 0.639130 1.644750 0.609728 0.114343 0.092925 0.097127 0.041771 0.068825 0.050253 0.208258 0.195658 0.019309 0.014397 0.024284 0.114731 0.115361 0.064181 -9999.000000 -9999.000000 -9999.000000 -9999.000000 -9999.000000 -9999.000000 -9999.000000 -9999.000000 -9999.000000 -9999.000000 -9999.000000 -9999.000000 -9999.000000 -9999.000000 -9999.000000 -9999.000000 -9999.000000 -9999.000000 -9999.000000 -9999.000000 -9999.000000 -9999.000000 -9999.000000 -9999.000000 -9999.000000 -9999.000000 -9999.000000
1.602312 1.588426 0.045588 0.082242 2.114031 3.197633 2.230796 2.174081 0.229246 0.326845 0.370001 0.483454 0.556401 0.584839 0.600986 0.596802 0.595016 0.109156 0.190811 0.025948 0.050560 0.033194 0.044533 0.029135 0.038975 0.167843 0.195029 0.020301 0.088570 0.088360 0.065166 -9999.000000 -9999.000000 -9999.000000 -9999.000000 -9999.000000 -9999.000000 -9999.000000 -9999.000000 -9999.000000 -9999.000000 -9999.000000 -9999.000000 -9999.000000 -9999.000000 -9999.000000 -9999.000000 -9999.000000 -9999.000000 -9999.000000 -9999.000000 -9999.000000 -9999.000000 -9999.000000 -9999.000000 -9999.000000 -9999.000000 -9999.000000 -9999.000000
1.679438 1.643366 1.519043 0.770383 3.128084 2.153806 1.226204 2.183189 1.054637 0.309935 0.266948 0.038475 0.030174 0.035683 0.027504 0.110016 0.140212 0.014397 0.302260 0.298695 0.066201 0.048362 0.070823 0.021859 0.028557 0.132113 0.153925 0.083530 0.066090 0.051244 -9999.000000 -9999.000000 -9999.000000 -9999.000000 -9999.000000 -9999.000000 -9999.000000 -9999.000000 -9999.000000 -9999.000000 -9999.000000 -9999.000000 -9999.000000 -9999.000000 -9999.000000 -9999.000000 -9999.000000 -9999.000000 -9999.000000 -9999.000000 -9999.000000 -9999.000000 -9999.000000 -9999.000000 -9999.000000 -9999.000000 -9999.000000 -9999.000000 -9999.000000
1.650671 1.647300 1.564738 0.774310 2.011978 0.140747 0.174772 1.149946 0.163959 0.301296 0.250889 0.058617 0.042123 0.046760 0.033806 0.021157 0.186337 0.187421 0.025734 0.343134 0.075753 0.049613 0.029411 0.017372 0.032921 0.104851 0.112014 0.124688 -9999.000000 -9999.000000 -9999.000000 -9999.000000 -9999.000000 -9999.000000 -9999.000000 -9999.000000 -9999.000000 -9999.000000 -9999.000000 -9999.000000 -9999.000000 -9999.000000 -9999.000000 -9999.000000 -9999.000000 -9999.000000 -9999.000000 -9999.000000 -9999.000000 -9999.000000 -9999.000000 -9999.000000 -9999.000000 -9999.000000 -9999.000000 -9999.000000 -9999.000000 -9999.000000 -9999.000000
1.625767 1.600698 0.609793 0.592248 0.129665 0.147686 0.039031 0.047979 0.035014 0.301320 0.253781 0.051963 0.040977 0.041069 0.230817 0.224507 1.212144 0.143010 0.053108 0.034034 0.056130 0.070091 0.032799 0.017372 0.029610 0.022484 0.055753 0.087564 -9999.000000 -9999.000000 -9999.000000 -9999.000000 -9999.000000 -9999.000000 -9999.000000 -9999.000000 -9999.000000 -9999.000000 -9999.000000 -9999.000000 -9999.000000 -9999.000000 -9999.000000 -9999.000000 -9999.000000 -9999.000000 -9999.000000 -9999.000000 -9999.000000 -9999.000000 -9999.000000 -9999.000000 -9999.000000 -9999.000000 -9999.000000 -9999.000000 -9999.000000 -9999.000000 -9999.000000
1.625809 1.618168 0.619650 0.606015 0.140958 0.160833 0.064558 0.023781 0.025352 0.085975 0.039055 0.025597 0.028404 0.044533 0.207844 0.216405 1.214053 0.025337 0.026298 0.036004 0.018379 0.022300 0.024680 -9999.000000 -9999.000000 -9999.000000 -9999.000000 -9999.000000 -9999.000000 -9999.000000 -9999.000000 -9999.000000 -9999.000000 -9999.000000 -9999.000000 -9999.000000 -9999.000000 -9999.000000 -9999.000000 -9999.000000 -9999.000000 -9999.000000 -9999.000000 -9999.000000 -9999.000000 -9999.000000 -9999.000000 -9999.000000 -9999.000000 -9999.000000 -9999.000000 -9999.000000 -9999.000000 -9999.000000 -9999.000000 -9999.000000 -9999.000000 -9999.000000 -9999.000000
3.615217 2.621843 2.603509 1.585640 0.155718 0.169881 0.101831 0.026010 0.034904 0.046165 0.064506 0.017372 0.025704 0.048241 0.029336 0.136645 0.132908 0.014397 -9999.000000 -9999.000000 -9999.000000 -9999.000000 -9999.000000 -9999.000000 -9999.000000 -9999.000000 -9999.000000 -9999.000000 -9999.000000 -9999.000000 -9999.000000 -9999.000000 -9999.000000 -9999.000000 -9999.000000 -9999.000000 -9999.000000 -9999.000000 -9999.000000 -9999.000000 -9999.000000 -9999.000000 -9999.000000 -9999.000000 -9999.000000 -9999.000000 -9999.000000 -9999.000000 -9999.000000 -9999.000000 -9999.000000 -9999.000000 -9999.000000 -9999.000000 -9999.000000 -9999.000000 -9999.000000 -9999.000000 -9999.000000
4.613995 3.618750 3.603664 3.607113 0.045127 0.084328 0.149016 0.255486 0.237452 0.048552 0.020134 0.017372 0.025704 0.033760 0.043113 -9999.000000 -9999.000000 -9999.000000 -9999.000000 -9999.000000 -9999.000000 -9999.000000 -9999.000000 -9999.000000 -9999.000000 -9999.000000 -9999.000000 -9999.000000 -9999.000000 -9999.000000 -9999.000000 -9999.000000 -9999.000000 -9999.000000 -9999.000000 -9999.000000 -9999.000000 -9999.000000 -9999.000000 -9999.000000 -9999.000000 -9999.000000 -9999.000000 -9999.000000 -9999.000000 -9999.000000 -9999.000000 -9999.000000 -9999.000000 -9999.000000 -9999.000000 -9999.000000 -9999.000000 -9999.000000 -9999.000000 -9999.000000 -9999.000000 -9999.000000 -9999.000000
2.626885 3.613693 3.615867 3.618199 0.044393 0.042570 0.020180 0.054375 0.053064 0.070625 0.079704 0.027687 0.030113 -9999.000000 -9999.000000 -9999.000000 -9999.000000 -9999.000000 -9999.000000 -9999.000000 -9999.000000 -9999.000000 -9999.000000 -9999.000000 -9999.000000 -9999.000000 -9999.000000 -9999.000000 -9999.000000 -9999.000000 -9999.000000 -9999.000000 -9999.000000 -9999.000000 -9999.000000 -9999.000000 -9999.000000 -9999.000000 -9999.000000 -9999.000000 -9999.000000 -9999.000000 -9999.000000 -9999.000000 -9999.000000 -9999.000000 -9999.000000 -9999.000000 -9999.000000 -9999.000000 -9999.000000 -9999.000000 -9999.000000 -9999.000000 -9999.000000 -9999.000000 -9999.000000 -9999.000000 -9999.000000
0.597961 1.581698 2.546374 0.378551 0.050531 0.030632 0.017372 0.033210 0.020882 0.067635 0.048334 -9999.000000 -9999.000000 -9999.000000 -9999.000000 -9999.000000 -9999.000000 -9999.000000 -9999.000000 -9999.000000 -9999.000000 -9999.000000 -9999.000000 -9999.000000 -9999.000000 -9999.000000 -9999.000000 -9999.000000 -9999.000000 -9999.000000 -9999.000000 -9999.000000 -9999.000000 -9999.000000 -9999.000000 -9999.000000 -9999.000000 -9999.000000 -9999.000000 -9999.000000 -9999.000000 -9999.000000 -9999.000000 -9999.000000 -9999.000000 -9999.000000 -9999.000000 -9999.000000 -9999.000000 -9999.000000 -9999.000000 -9999.000000 -9999.000000 -9999.000000 -9999.000000 -9999.000000 -9999.000000 -9999.000000 -9999.000000
0.101608 0.121799 0.139668 0.055031 0.024376 0.046303 0.017372 0.027138 0.060417 0.048560 -9999.000000 -9999.000000 -9999.000000 -9999.000000 -9999.000000 -9999.000000 -9999.000000 -9999.000000 -9999.000000 -9999.000000 -9999.000000 -9999.000000 -9999.000000 -9999.000000 -9999.000000 -9999.000000 -9999.000000 -9999.000000 -9999.000000 -9999.000000 -9999.000000 -9999.000000 -9999.000000 -9999.000000 -9999.000000 -9999.000000 -9999.000000 -9999.000000 -9999.000000 -9999.000000 -9999.000000 -9999.000000 -9999.000000 -9999.000000 -9999.000000 -9999.000000 -9999.000000 -9999.000000 -9999.000000 -9999.000000 -9999.000000 -9999.000000 -9999.000000 -9999.000000 -9999.000000 -9999.000000 -9999.000000 -9999.000000 -9999.000000
0.127199 0.040458 0.089606 0.109962 0.055504 0.037850 0.038735 0.056741 0.039833 -9999.000000 -9999.000000 -9999.000000 -9999.000000 -9999.000000 -9999.000000 -9999.000000 -9999.000000 -9999.000000 -9999.000000 -9999.000000 -9999.000000 -9999.000000 -9999.000000 -9999.000000 -9999.000000 -9999.000000 -9999.000000 -9999.000000 -9999.000000 -9999.000000 -9999.000000 -9999.000000 -9999.000000 -9999.000000 -9999.000000 -9999.000000 -9999.000000 -9999.000000 -9999.000000 -9999.000000 -9999.000000 -9999.000000 -9999.000000 -9999.000000 -9999.000000 -9999.000000 -9999.000000 -9999.000000 -9999.000000 -9999.000000 -9999.000000 -9999.000000 -9999.000000 -9999.000000 -9999.000000 -9999.000000 -9999.000000 -9999.000000 -9999.000000
