use_cases/Flooding_chicago/flooding_data/output/h_1080.asc
ncols 337
nrows 393
xllcorner 428428.000000
yllcorner 4602440.000000
cellsize 26.757400
NODATA_value -9999.000000
[rows 216 to 242 of 393, columns 236 to 294 of 337]
0.139887 0.436312 0.428745 0.432201 0.416915 0.405047 0.382859 0.363536 0.339318 0.255214 0.036160 0.014396 0.034497 0.367543 0.353916 0.177007 0.088453 0.072797 0.516588 0.351919 0.312565 0.191084 0.147464 0.135147 0.606201 0.572277 0.634314 0.041087 0.035666 0.508193 0.491918 0.487494 0.464794 0.381808 1.208775 1.198819 2.182796 1.215967 0.214020 0.103042 0.694785 1.712503 1.729474 1.725567 0.625451 0.073886 0.041778 0.042138 -9999.000000 -9999.000000 -9999.000000 -9999.000000 -9999.000000 -9999.000000 -9999.000000 -9999.000000 -9999.000000 -9999.000000 -9999.000000
0.224311 0.143574 0.105253 0.070934 0.052700 0.414324 0.408328 0.406079 0.392133 0.024040 0.045221 0.053150 0.038793 0.491383 0.492194 0.022591 0.022591 0.044478 0.494676 0.259108 0.136317 0.144804 0.176286 0.128958 0.073695 0.120567 0.019860 0.029381 0.031059 0.025626 0.492798 0.495866 0.493965 0.042218 0.144301 0.127163 1.120467 1.141504 0.269116 0.706746 1.712647 1.695647 1.711450 0.673320 0.048445 0.053274 -9999.000000 -9999.000000 -9999.000000 -9999.000000 -9999.000000 -9999.000000 -9999.000000 -9999.000000 -9999.000000 -9999.000000 -9999.000000 -9999.000000 -9999.000000
0.273305 0.050325 0.059843 0.045325 0.088005 0.388344 0.413732 0.438567 0.435014 0.454104 0.031568 0.041267 0.612736 1.622567 1.640421 0.022591 0.022591 0.084244 0.820654 0.063929 0.110909 0.108613 0.184042 0.156293 0.088082 0.040951 0.856277 0.025626 0.031059 0.029381 0.019860 0.138784 0.151265 0.101997 0.070642 0.043096 0.265628 0.400811 0.380292 0.673603 0.676007 0.674690 0.662292 0.210140 0.021034 0.017967 -9999.000000 -9999.000000 -9999.000000 -9999.000000 -9999.000000 -9999.000000 -9999.000000 -9999.000000 -9999.000000 -9999.000000 -9999.000000 -9999.000000 -9999.000000
0.095801 0.093762 0.095986 0.074097 0.147507 0.095622 0.071194 0.453263 0.464323 0.480830 0.524491 0.573639 1.582493 2.560997 2.584256 0.587003 0.430982 1.107293 1.051991 1.154715 0.068680 0.060292 0.051814 0.106696 0.883331 0.923748 0.819465 0.738785 0.612733 0.562253 0.475551 1.282965 0.292905 0.024330 0.029564 0.024330 0.033576 0.588930 0.650823 0.020247 0.355327 0.376991 0.358694 0.328055 0.017967 -9999.000000 -9999.000000 -9999.000000 -9999.000000 -9999.000000 -9999.000000 -9999.000000 -9999.000000 -9999.000000 -9999.000000 -9999.000000 -9999.000000 -9999.000000 -9999.000000
0.033150 0.106365 0.123437 0.111662 0.084664 0.060380 0.124423 0.071374 0.427470 0.434536 0.036082 0.563764 1.607410 2.545146 1.618197 0.567822 0.405092 0.306837 0.882608 0.058266 0.055108 0.031640 0.088780 0.113099 0.798657 0.886083 0.038658 0.032374 0.522225 0.534052 0.463912 1.252018 1.282449 0.024330 0.029564 0.024330 0.032279 1.773262 0.817217 0.029731 0.456260 0.487366 0.441974 0.274446 -9999.000000 -9999.000000 -9999.000000 -9999.000000 -9999.000000 -9999.000000 -9999.000000 -9999.000000 -9999.000000 -9999.000000 -9999.000000 -9999.000000 -9999.000000 -9999.000000 -9999.000000
0.040687 0.037879 0.027870 0.128681 0.119498 0.102262 0.078547 0.060993 0.068028 0.057496 0.031342 0.069815 1.570371 1.592858 1.635722 0.662083 0.017653 0.388096 0.300459 0.025362 0.044347 0.029437 0.079654 0.077487 0.218306 0.270810 0.030586 0.032363 0.066067 0.065190 0.076616 0.055739 1.173630 1.084570 1.169185 1.031163 1.773026 1.774882 1.835543 1.852699 0.685028 0.635691 0.569429 0.014396 -9999.000000 -9999.000000 -9999.000000 -9999.000000 -9999.000000 -9999.000000 -9999.000000 -9999.000000 -9999.000000 -9999.000000 -9999.000000 -9999.000000 -9999.000000 -9999.000000 -9999.000000
0.172137 0.026878 0.029014 0.141268 0.137897 0.119919 0.110059 0.111598 0.021034 0.017967 0.070103 0.048177 0.071532 0.511413 1.569767 0.689777 0.749529 0.566716 0.029210 0.027884 0.258748 0.222604 0.159472 0.095855 0.118530 0.344431 0.048430 0.026536 0.024088 0.034781 0.128531 0.096423 0.291616 1.004001 1.160444 0.981869 0.778435 0.715405 1.742606 1.791289 1.798535 0.736539 0.032908 -9999.000000 -9999.000000 -9999.000000 -9999.000000 -9999.000000 -9999.000000 -9999.000000 -9999.000000 -9999.000000 -9999.000000 -9999.000000 -9999.000000 -9999.000000 -9999.000000 -9999.000000 -9999.000000
1.161064 1.173388 0.019722 0.152531 0.156991 0.017967 0.021034 0.129045 0.017967 0.103892 0.095347 0.081633 0.050529 0.336313 0.641227 0.646491 0.670092 0.081232 0.043323 0.039036 0.212180 0.208815 0.173817 0.128409 0.211065 0.156337 0.031254 0.038982 0.026499 0.052767 0.188295 0.102589 0.384625 1.019059 1.190322 0.217586 0.141449 0.107954 0.638343 1.779638 1.771511 0.734894 0.014396 -9999.000000 -9999.000000 -9999.000000 -9999.000000 -9999.000000 -9999.000000 -9999.000000 -9999.000000 -9999.000000 -9999.000000 -9999.000000 -9999.000000 -9999.000000 -9999.000000 -9999.000000 -9999.000000
1.170424 1.181808 0.150551 0.153139 0.163182 0.144991 0.017967 0.124179 1.144849 1.149729 0.121165 0.107324 0.079160 0.550607 0.539732 0.324232 0.300927 0.050204 0.064705 0.048642 0.062682 0.044300 0.179023 0.169632 0.115277 0.078963 0.047769 0.032756 0.129112 0.080717 0.265962 0.492650 1.631004 0.490469 0.318346 0.297785 0.048350 0.043961 0.051408 0.621732 1.748740 0.737709 0.038654 -9999.000000 -9999.000000 -9999.000000 -9999.000000 -9999.000000 -9999.000000 -9999.000000 -9999.000000 -9999.000000 -9999.000000 -9999.000000 -9999.000000 -9999.000000 -9999.000000 -9999.000000 -9999.000000
1.144993 1.171061 1.169272 1.157005 1.191853 1.164786 1.164228 1.159589 1.142579 1.135190 1.129681 1.125941 1.100061 0.873761 0.802733 0.060989 0.079633 0.088691 0.082624 0.058379 0.056492 0.073543 0.048213 0.203305 0.156999 0.101477 0.264714 0.209884 0.151275 0.093600 0.372316 0.502111 1.544009 0.579343 0.058301 0.057531 0.073567 0.078979 0.050685 0.093425 0.618546 0.690015 0.022171 -9999.000000 -9999.000000 -9999.000000 -9999.000000 -9999.000000 -9999.000000 -9999.000000 -9999.000000 -9999.000000 -9999.000000 -9999.000000 -9999.000000 -9999.000000 -9999.000000 -9999.000000 -9999.000000
1.158283 1.172467 1.168517 2.149890 2.171330 2.158445 2.167826 1.152245 1.143573 1.134719 2.124309 2.144637 2.161619 0.948216 0.112378 0.112781 0.121683 0.112785 0.096274 0.070340 0.032402 0.077443 0.042868 0.244915 0.173506 0.113680 0.217359 0.171861 0.112818 0.067608 0.521860 0.457630 0.236751 0.192701 0.037317 0.050338 0.047072 0.052436 0.037606 0.049385 0.124829 0.022210 -9999.000000 -9999.000000 -9999.000000 -9999.000000 -9999.000000 -9999.000000 -9999.000000 -9999.000000 -9999.000000 -9999.000000 -9999.000000 -9999.000000 -9999.000000 -9999.000000 -9999.000000 -9999.000000 -9999.000000
0.139378 0.035163 0.112818 1.127956 1.167060 1.152401 1.152698 1.143895 1.131553 1.128084 2.110725 2.120795 2.131623 0.082538 0.100925 0.120572 0.144275 0.127457 0.099670 0.055133 0.081750 0.074479 0.316662 0.356194 0.023460 0.024895 0.034905 0.098773 0.736204 0.804331 0.724876 0.712718 0.030876 0.046911 0.027199 0.033958 0.027534 0.081702 0.056495 0.086433 0.055580 0.039787 -9999.000000 -9999.000000 -9999.000000 -9999.000000 -9999.000000 -9999.000000 -9999.000000 -9999.000000 -9999.000000 -9999.000000 -9999.000000 -9999.000000 -9999.000000 -9999.000000 -9999.000000 -9999.000000 -9999.000000
0.078958 0.080090 0.047427 0.152037 0.984678 0.112198 0.154346 0.250254 0.224376 1.063321 1.009610 0.990166 1.000578 0.031519 0.035718 0.028282 0.180580 0.141379 0.091338 0.132679 0.070166 0.093859 0.049014 0.369531 0.024895 0.033470 0.020637 0.091560 0.067829 0.824037 1.866123 1.872040 0.034126 0.059218 0.033958 0.043022 0.035087 0.096459 0.067314 0.088876 0.055961 0.035546 -9999.000000 -9999.000000 -9999.000000 -9999.000000 -9999.000000 -9999.000000 -9999.000000 -9999.000000 -9999.000000 -9999.000000 -9999.000000 -9999.000000 -9999.000000 -9999.000000 -9999.000000 -9999.000000 -9999.000000
0.041726 0.033241 0.021049 0.128368 0.435674 0.059397 0.028424 1.417713 0.353388 0.318689 0.338995 0.329665 0.329359 0.022591 0.022591 0.036903 0.256827 0.018441 0.068255 0.078847 0.098501 0.078588 0.045335 0.365817 0.386802 0.020637 0.030647 0.080462 0.083584 0.799554 1.840121 1.865057 0.831312 0.041229 0.027596 0.035286 0.034294 0.030861 0.024695 0.048361 -9999.000000 -9999.000000 -9999.000000 -9999.000000 -9999.000000 -9999.000000 -9999.000000 -9999.000000 -9999.000000 -9999.000000 -9999.000000 -9999.000000 -9999.000000 -9999.000000 -9999.000000 -9999.000000 -9999.000000 -9999.000000 -9999.000000
0.027269 0.025642 0.344584 0.273785 0.196477 0.132915 0.397443 1.418594 1.433001 0.384881 0.378602 0.363702 0.365491 0.022591 0.022591 0.037041 0.290741 0.023384 0.014396 0.046887 0.253093 1.388785 1.460636 1.351527 1.175358 0.893329 0.955422 0.980238 0.928895 1.831202 1.882850 1.925558 0.857357 0.869119 0.023491 0.095900 0.037253 0.024330 0.023323 -9999.000000 -9999.000000 -9999.000000 -9999.000000 -9999.000000 -9999.000000 -9999.000000 -9999.000000 -9999.000000 -9999.000000 -9999.000000 -9999.000000 -9999.000000 -9999.000000 -9999.000000 -9999.000000 -9999.000000 -9999.000000 -9999.000000 -9999.000000
0.494834 0.514231 0.411484 0.342118 0.268764 0.170646 1.421159 1.426860 2.450063 2.466241 2.459769 0.388550 0.375845 0.039328 0.039692 0.029206 0.295554 0.295255 0.019310 0.030835 0.279037 1.092736 1.165177 1.072258 0.994055 0.774213 0.835627 1.640141 1.857999 2.885433 1.865960 1.909303 0.810131 0.750327 0.499580 0.575505 0.028465 -9999.000000 -9999.000000 -9999.000000 -9999.000000 -9999.000000 -9999.000000 -9999.000000 -9999.000000 -9999.000000 -9999.000000 -9999.000000 -9999.000000 -9999.000000 -9999.000000 -9999.000000 -9999.000000 -9999.000000 -9999.000000 -9999.000000 -9999.000000 -9999.000000 -9999.000000
1.475183 0.504973 0.421934 0.359541 0.282834 0.150963 1.408481 1.418977 2.408221 2.421828 2.427866 0.349738 0.024986 0.027198 0.241470 0.267181 1.306463 0.271862 0.164374 0.258796 0.467999 0.580535 0.586743 0.525519 0.300655 0.162571 0.149573 1.780849 1.917103 1.912854 0.833033 1.844014 0.791596 0.710670 0.509794 -9999.000000 -9999.000000 -9999.000000 -9999.000000 -9999.000000 -9999.000000 -9999.000000 -9999.000000 -9999.000000 -9999.000000 -9999.000000 -9999.000000 -9999.000000 -9999.000000 -9999.000000 -9999.000000 -9999.000000 -9999.000000 -9999.000000 -9999.000000 -9999.000000 -9999.000000 -9999.000000 -9999.000000
1.472002 0.528229 0.411086 0.357545 0.271256 0.544939 1.354977 1.433911 1.439506 1.456423 0.374676 0.025505 0.029731 0.304754 1.317857 1.323979 2.320078 1.325052 0.192866 0.161992 0.091805 0.565264 0.596326 0.529602 0.275637 0.152483 0.168538 0.071538 0.903768 0.023684 0.030257 0.784530 0.777219 0.678992 0.498705 -9999.000000 -9999.000000 -9999.000000 -9999.000000 -9999.000000 -9999.000000 -9999.000000 -9999.000000 -9999.000000 -9999.000000 -9999.000000 -9999.000000 -9999.000000 -9999.000000 -9999.000000 -9999.000000 -9999.000000 -9999.000000 -9999.000000 -9999.000000 -9999.000000 -9999.000000 -9999.000000 -9999.000000
0.548187 0.590264 0.055038 0.066873 0.052433 0.066607 1.402146 0.404848 0.407910 0.034007 0.043012 0.014396 0.026606 0.304102 1.270653 2.304261 2.314480 1.321597 0.167283 0.072846 0.950379 1.869048 1.956913 0.849584 0.050199 0.025782 0.040007 0.790719 0.881025 1.928899 0.883839 0.866417 0.835459 0.017372 0.017372 -9999.000000 -9999.000000 -9999.000000 -9999.000000 -9999.000000 -9999.000000 -9999.000000 -9999.000000 -9999.000000 -9999.000000 -9999.000000 -9999.000000 -9999.000000 -9999.000000 -9999.000000 -9999.000000 -9999.000000 -9999.000000 -9999.000000 -9999.000000 -9999.000000 -9999.000000 -9999.000000 -9999.000000
0.506986 0.644519 0.093636 0.107306 0.092590 0.054930 0.095192 0.078941 0.075214 0.017372 0.017372 0.031389 0.366232 1.492686 0.361645 0.314477 0.269835 0.201532 0.326332 0.285585 1.872964 2.927143 2.992345 0.928680 0.057608 0.081016 0.072411 0.098663 0.830647 1.917437 1.917045 1.936527 0.019677 0.080116 0.056084 -9999.000000 -9999.000000 -9999.000000 -9999.000000 -9999.000000 -9999.000000 -9999.000000 -9999.000000 -9999.000000 -9999.000000 -9999.000000 -9999.000000 -9999.000000 -9999.000000 -9999.000000 -9999.000000 -9999.000000 -9999.000000 -9999.000000 -9999.000000 -9999.000000 -9999.000000 -9999.000000 -9999.000000
0.159267 0.225071 0.158976 0.141960 0.119219 0.078199 0.134797 0.110135 0.100500 0.091258 0.051136 0.415659 1.477551 1.479113 0.027440 0.033442 0.026945 0.115350 0.215667 1.814116 1.955451 2.832387 1.887771 0.883395 0.051456 0.066676 0.106790 0.087692 0.844733 1.791075 0.878922 0.851791 0.027409 0.072528 0.043273 -9999.000000 -9999.000000 -9999.000000 -9999.000000 -9999.000000 -9999.000000 -9999.000000 -9999.000000 -9999.000000 -9999.000000 -9999.000000 -9999.000000 -9999.000000 -9999.000000 -9999.000000 -9999.000000 -9999.000000 -9999.000000 -9999.000000 -9999.000000 -9999.000000 -9999.000000 -9999.000000 -9999.000000
0.252615 0.374977 0.040183 0.048057 0.042061 0.029199 0.034417 0.095804 0.103639 0.083940 0.523922 1.524512 3.496125 1.516263 0.036105 0.042216 0.033481 0.075741 0.220116 1.801785 1.955773 0.844809 0.080261 0.028587 0.028587 0.063307 0.129870 0.139103 0.094523 0.282892 0.049920 0.031884 0.045601 0.049813 -9999.000000 -9999.000000 -9999.000000 -9999.000000 -9999.000000 -9999.000000 -9999.000000 -9999.000000 -9999.000000 -9999.000000 -9999.000000 -9999.000000 -9999.000000 -9999.000000 -9999.000000 -9999.000000 -9999.000000 -9999.000000 -9999.000000 -9999.000000 -9999.000000 -9999.000000 -9999.000000 -9999.000000 -9999.000000
0.265736 0.372463 0.064462 0.070277 0.056435 0.032952 0.046413 0.092455 0.083478 0.078062 0.526761 1.533675 3.472611 2.536034 1.514519 0.030673 0.026091 0.044352 0.304498 0.974586 0.985364 0.152878 0.044283 0.024330 0.024330 0.039375 0.046211 0.155776 0.155866 0.106612 0.106086 0.017967 0.021125 -9999.000000 -9999.000000 -9999.000000 -9999.000000 -9999.000000 -9999.000000 -9999.000000 -9999.000000 -9999.000000 -9999.000000 -9999.000000 -9999.000000 -9999.000000 -9999.000000 -9999.000000 -9999.000000 -9999.000000 -9999.000000 -9999.000000 -9999.000000 -9999.000000 -9999.000000 -9999.000000 -9999.000000 -9999.000000 -9999.000000
0.133203 0.112024 0.105255 0.084561 0.047149 0.111210 0.054876 0.089769 0.590465 0.624533 1.533674 1.548004 3.481328 2.534296 1.519301 0.363724 0.237716 0.684454 0.552531 1.029360 0.124540 0.154953 0.071031 0.029564 0.029564 0.058342 0.084202 0.166131 0.167717 0.116723 0.017967 0.021034 -9999.000000 -9999.000000 -9999.000000 -9999.000000 -9999.000000 -9999.000000 -9999.000000 -9999.000000 -9999.000000 -9999.000000 -9999.000000 -9999.000000 -9999.000000 -9999.000000 -9999.000000 -9999.000000 -9999.000000 -9999.000000 -9999.000000 -9999.000000 -9999.000000 -9999.000000 -9999.000000 -9999.000000 -9999.000000 -9999.000000 -9999.000000
0.105757 0.062249 0.123017 0.082664 0.169269 0.109809 0.109602 0.581139 0.602277 1.553552 1.543696 1.532485 3.447571 2.521406 1.431390 1.300901 1.161694 0.858336 1.679614 0.652302 0.109033 0.080969 0.089992 0.024330 0.024330 0.077017 0.119400 0.080848 0.036339 -9999.000000 -9999.000000 -9999.000000 -9999.000000 -9999.000000 -9999.000000 -9999.000000 -9999.000000 -9999.000000 -9999.000000 -9999.000000 -9999.000000 -9999.000000 -9999.000000 -9999.000000 -9999.000000 -9999.000000 -9999.000000 -9999.000000 -9999.000000 -9999.000000 -9999.000000 -9999.000000 -9999.000000 -9999.000000 -9999.000000 -9999.000000 -9999.000000 -9999.000000 -9999.000000
0.156765 0.086195 0.040935 0.078270 0.157200 0.097359 0.483509 1.601338 1.633777 2.587943 1.529124 1.538044 2.506613 2.546355 0.463719 0.334335 0.236068 0.156912 0.129058 0.054285 0.069455 0.064738 0.041828 0.209385 0.167544 0.076713 0.072773 0.032829 -9999.000000 -9999.000000 -9999.000000 -9999.000000 -9999.000000 -9999.000000 -9999.000000 -9999.000000 -9999.000000 -9999.000000 -9999.000000 -9999.000000 -9999.000000 -9999.000000 -9999.000000 -9999.000000 -9999.000000 -9999.000000 -9999.000000 -9999.000000 -9999.000000 -9999.000000 -9999.000000 -9999.000000 -9999.000000 -9999.000000 -9999.000000 -9999.000000 -9999.000000 -9999.000000 -9999.000000
0.183178 0.297404 0.230480 0.130016 0.061366 0.394236 1.382646 1.574985 1.590848 1.605236 0.563426 1.488069 2.522182 1.507065 0.056656 0.034370 0.046088 0.049324 0.063667 0.065682 0.060158 0.052636 0.036506 0.044854 0.023612 0.049052 0.025353 -9999.000000 -9999.000000 -9999.000000 -9999.000000 -9999.000000 -9999.000000 -9999.000000 -9999.000000 -9999.000000 -9999.000000 -9999.000000 -9999.000000 -9999.000000 -9999.000000 -9999.000000 -9999.000000 -9999.000000 -9999.000000 -9999.000000 -9999.000000 -9999.000000 -9999.000000 -9999.000000 -9999.000000 -9999.000000 -9999.000000 -9999.000000 -9999.000000 -9999.000000 -9999.000000 -9999.000000 -9999.000000
