use_cases/Flooding_chicago/flooding_data/output/h_1140.asc
ncols 337
nrows 393
xllcorner 428428.000000
yllcorner 4602440.000000
cellsize 26.757400
NODATA_value -9999.000000
[rows 162 to 188 of 393, columns 118 to 176 of 337]
0.409485 0.031288 0.023506 0.022942 0.029946 0.085455 0.074882 0.872037 0.063270 0.017372 0.051156 0.031228 0.035129 0.051422 3.023164 3.042663 3.043010 3.105354 1.963142 0.724939 0.629857 0.078014 0.057583 0.102125 0.148820 0.259329 0.312013 0.359704 0.349828 0.254989 0.241207 0.056173 0.314829 2.435483 2.397364 2.401858 1.072446 0.098544 0.094092 0.141701 0.069878 0.046913 0.031975 0.020802 0.038520 0.038125 0.065537 0.121530 0.197578 0.113685 0.041085 0.049370 0.026803 0.039101 0.048928 0.443032 0.221916 0.062141 0.058175
0.346935 0.019309 0.027366 0.023567 0.037315 0.092787 0.083679 0.861877 0.020134 0.017372 0.034935 0.041497 0.065327 0.067653 3.049975 3.057238 2.082456 0.076344 0.033546 0.037349 0.039391 0.032250 0.047325 0.070248 0.071426 0.102744 0.113273 0.225681 0.198769 0.163724 0.045636 0.083814 0.060753 2.370651 2.350223 0.218728 0.043450 0.052574 0.072823 0.155273 0.084100 0.041191 0.026237 0.019309 0.029731 0.037178 0.098276 0.145317 0.163231 0.043922 0.043923 0.053713 0.037772 0.038627 0.045555 0.406547 0.431418 0.050942 0.051461
0.220906 0.029382 0.039619 0.039574 0.036033 0.031425 0.024879 0.044136 0.045387 0.037650 0.034188 0.042121 0.038629 0.066157 3.091175 3.056730 0.860607 0.036126 0.031666 0.032875 0.025704 0.025704 0.055899 0.069741 0.068092 0.102509 0.181914 0.225059 0.214598 0.111692 0.060971 0.066188 0.049202 0.500256 0.271364 0.083620 0.033425 0.029320 0.021263 0.234580 0.101719 0.043630 0.025322 0.014396 0.019309 0.056693 0.119209 0.142784 0.105139 0.039696 0.036583 0.043172 0.037163 0.046120 0.044197 0.420817 0.447406 0.061029 0.064011
0.178144 0.087929 0.067887 0.064465 0.038048 0.024468 0.023385 0.034783 0.039200 0.058808 0.042686 0.079882 0.976373 0.954914 3.085000 4.035983 1.721069 0.021538 0.021110 0.020180 0.017372 0.017372 0.085167 0.033134 0.030530 0.105018 0.176529 0.282128 0.281023 0.126292 0.056435 0.055203 0.039796 0.390539 0.355109 0.140997 0.020195 0.017967 0.021034 0.141503 0.134696 0.095726 0.095588 0.058403 0.062294 0.076469 0.147804 0.118347 0.076180 0.049720 0.022911 0.038827 0.039513 0.066199 0.041466 0.523903 0.550270 0.090325 0.053748
0.125489 0.436056 0.457826 0.058122 0.048961 0.038550 0.022055 0.046196 0.043374 0.087802 0.987089 0.980636 2.026369 2.962724 3.014990 1.901012 0.191145 0.250919 0.233223 0.178611 0.141745 0.165947 0.043756 0.045372 0.027794 0.027794 0.215872 0.338255 0.362541 0.029484 0.028930 0.041710 0.038823 0.373917 0.505894 0.289146 0.060478 0.031822 0.017967 0.185585 0.078224 0.130868 0.095162 0.052392 0.058434 0.051521 0.126350 0.070704 0.092613 0.052345 0.026405 0.038790 0.055732 0.086831 0.797289 0.485986 0.382026 0.059746 0.062065
0.166563 1.656626 1.715839 1.726252 1.719761 0.050373 0.028542 0.033231 0.091059 0.084368 0.047963 1.025099 0.993230 3.015721 2.957347 0.112371 0.091729 0.118161 0.119255 0.081202 0.038658 0.064492 0.076929 0.029138 0.022591 0.022591 0.035179 0.529564 0.531121 0.046965 0.024834 0.025398 0.044960 0.324898 0.458887 0.543373 0.588845 0.072257 0.105568 0.156594 0.054873 0.070961 0.103462 0.037620 0.050941 0.027149 0.074633 0.084113 0.116690 0.076928 0.049324 0.035820 0.063133 0.111053 0.725423 0.236382 0.058378 0.052956 0.046898
0.186311 0.680104 1.720490 2.730728 2.739390 1.727730 0.548623 0.051617 0.083696 0.062527 0.056223 1.053613 0.984237 2.950967 0.168164 0.080818 0.068260 0.121377 0.204704 0.154605 0.046349 0.034691 0.044929 0.034432 0.022591 0.022591 0.034988 1.702737 1.700924 0.050389 0.030829 0.032738 0.040276 0.078596 0.635002 0.669594 0.633461 0.166407 0.093438 0.052498 0.055719 0.047828 0.058556 0.035743 0.031943 0.040688 0.052895 0.038566 0.082681 0.063011 0.065360 0.051599 0.053183 0.045403 0.277122 0.378684 0.095271 0.068901 0.040016
0.729222 1.713776 1.726429 2.739923 2.737723 2.742184 2.735078 0.632474 0.660103 1.795746 1.751973 2.688749 2.610318 0.555481 0.188469 0.186486 0.220983 0.114631 0.172402 1.313501 0.035729 0.033180 0.054436 0.024361 0.277773 0.021782 0.691188 1.670953 1.673772 0.039020 0.026654 0.035026 0.061455 0.127054 0.591349 0.619285 0.607888 0.215147 0.130272 0.095212 0.083560 0.070661 0.049643 0.048652 0.026619 0.020438 0.049309 0.034172 0.067650 0.048195 0.035667 0.053536 0.044653 0.046839 0.213036 0.305565 0.091011 0.048529 0.035942
0.757566 4.742699 4.723826 3.741779 4.776704 4.760376 4.745822 2.716623 2.660894 1.781069 2.824661 3.859160 2.689319 0.146929 0.175743 0.180154 0.229784 0.276736 0.209298 1.314988 1.319177 0.042061 0.036384 0.018898 0.198522 0.141946 0.652465 1.654042 1.656224 0.587179 0.078971 0.030862 0.069435 0.160036 0.221264 0.246284 0.229285 0.247474 0.186329 0.135216 0.117607 0.104058 0.083604 0.059456 0.025459 0.018136 0.049690 0.035912 0.075692 0.020394 0.042595 0.035866 0.046302 0.091148 0.234490 0.308800 0.200385 0.040826 0.040723
3.729066 5.754232 5.726292 4.734501 4.726682 4.728096 4.729296 3.712538 2.629612 1.781099 1.817204 1.824060 0.559386 0.051090 0.046336 0.048805 0.078728 0.095761 0.195321 0.269127 2.363374 0.227236 0.095879 0.080529 0.027794 0.144804 0.655355 0.667623 0.567096 0.074688 0.038806 0.025337 0.055474 0.048455 0.191813 0.214743 0.176780 0.111064 0.193611 0.160355 0.137321 0.131370 0.115593 0.092903 0.068855 0.021965 0.022468 0.022484 0.021905 0.018287 0.029884 0.022331 0.034310 0.094094 0.140265 0.460564 0.082206 0.046119 0.026909
3.714875 4.731631 3.705375 2.703826 0.506636 1.589664 2.699510 2.688118 1.604480 0.629691 0.745984 0.814046 0.174695 0.035507 0.029442 0.029960 0.041389 0.045463 0.036537 0.021385 2.357323 1.263583 0.047287 0.036842 0.045281 0.038170 0.628324 0.594438 0.088738 0.041390 0.034981 0.038491 0.055153 0.051146 0.237602 0.254846 0.046274 0.063195 0.064004 0.094064 0.062722 0.078283 0.078416 0.131790 0.081216 0.079445 0.031746 0.044548 0.061805 0.058525 0.033349 0.061684 0.196235 0.155617 0.187916 0.185143 0.166726 0.054252 0.029289
3.747957 2.726952 0.459729 0.032353 0.019752 0.031533 0.708349 0.554087 0.051239 0.030387 0.137187 0.848654 0.284868 0.028559 0.026690 0.019600 0.028389 0.028389 0.019600 0.413368 1.324060 0.247980 0.050301 0.061729 0.030569 0.049842 0.176739 0.174896 0.099220 0.046791 0.035821 0.038829 0.044564 0.063560 0.149091 0.137797 0.065132 0.050868 0.048150 0.065959 0.072563 0.052212 0.047128 0.073860 0.055107 0.096139 0.108711 0.125694 0.044165 0.043267 0.075004 0.077873 0.077051 0.086723 0.052513 0.161400 0.167703 0.058477 0.038963
1.708467 0.478993 0.039233 0.017372 0.017372 0.024172 0.676553 0.032006 0.035343 0.045288 0.051290 0.415072 0.424411 0.051186 0.051766 0.035505 0.023903 0.023903 0.051704 1.437622 0.262273 0.069893 0.063453 0.039420 0.051201 0.032783 0.140432 0.176178 0.141895 0.035896 0.061012 0.069939 0.049399 0.054776 0.107721 0.081946 0.045647 0.038612 0.065300 0.069695 0.039512 0.061820 0.033013 0.049920 0.078086 0.112221 0.132682 0.144508 0.036583 0.036293 0.063026 0.118857 0.087868 0.057321 0.036719 0.044594 0.091759 0.027779 0.174966
0.437476 0.051125 0.047631 0.046372 0.046440 0.844155 1.856697 0.032734 0.014396 0.067606 0.059361 0.051663 0.676954 0.079841 0.037292 0.036278 0.031791 0.042900 0.052377 0.287165 0.117668 0.058767 0.054222 0.055321 0.038231 0.021232 0.037892 0.157149 0.279955 0.039650 0.072229 0.095055 0.043725 0.053963 0.104744 0.073433 0.039742 0.036841 0.054985 0.025185 0.032112 0.033500 0.036797 0.043114 0.052391 0.014396 0.112449 0.105338 0.026848 0.026771 0.078071 0.066262 0.027825 0.032173 0.029152 0.041558 0.055687 0.039177 0.245993
0.141537 0.064948 0.073488 0.048958 0.049096 0.829668 0.798340 0.063031 0.106939 0.109717 0.096945 1.095469 0.976969 0.125552 0.055947 0.060433 0.062904 0.070869 0.078894 0.062631 0.121019 0.052254 0.040778 0.046303 0.030327 0.020531 0.037865 0.032921 0.449928 0.528557 0.057336 0.103309 0.074348 0.108650 0.084587 0.031929 0.031578 0.017372 0.080314 0.024728 0.030585 0.026268 0.072548 0.072068 0.081017 0.031760 0.053428 0.111227 0.078057 0.040566 0.063408 0.070564 0.037695 0.014396 0.043144 0.041070 0.039925 0.038203 0.170527
0.106324 0.053108 0.037987 0.029152 0.029656 0.093006 0.748141 0.094934 1.182719 1.175457 2.157726 3.175476 3.141139 2.189264 1.091260 0.145232 0.074334 0.048338 0.032844 0.026802 0.140907 0.090722 0.059974 0.026664 0.041786 0.018440 0.029839 0.043282 0.420429 0.561214 0.074459 0.080956 0.095864 0.144295 0.128166 0.045646 0.039651 0.017372 0.057090 0.052775 0.049309 0.034111 0.069496 0.062249 0.052986 0.131665 0.034773 0.108216 0.792254 0.068310 0.059225 0.064064 0.048926 0.073555 0.052162 0.067376 0.043940 0.049811 0.125191
0.096917 0.109222 0.049782 0.042214 0.043830 0.118273 1.026842 1.099040 1.148246 2.171974 3.140750 5.156800 4.113002 2.166506 1.083332 0.182126 0.068825 0.043129 0.042519 0.054162 0.095528 0.151619 0.096139 0.108801 0.044762 0.022514 0.042106 0.051735 0.034569 0.557396 0.533313 0.135050 0.081140 0.126306 0.126167 0.059242 0.035208 0.027504 0.068168 0.052575 0.039422 0.216697 0.193798 1.189405 1.185781 1.146792 1.019810 2.091640 3.111204 2.102178 1.114941 0.042336 0.050163 0.021539 0.060966 0.066337 0.108899 0.147751 0.147927
0.119194 0.124473 0.050773 0.043144 0.048079 0.033105 1.019945 1.077029 2.173712 3.150056 4.139313 5.142586 4.114369 2.085871 0.906700 0.120620 0.036537 0.050147 0.054618 0.036340 0.031838 0.063637 0.093346 0.043205 0.059793 0.026313 0.018959 0.039786 0.465008 1.622616 0.515413 0.095713 0.034128 0.043221 0.054069 0.036110 0.036155 0.050957 0.216170 0.225576 1.274020 1.298438 1.270470 1.231014 0.160304 1.115067 2.104326 3.120410 4.139677 4.129938 2.096903 0.094058 0.054055 0.035256 0.032678 0.040351 0.044533 0.059334 0.065345
0.088707 0.090950 0.042916 0.029731 0.019309 0.035286 0.065358 1.094038 2.135077 4.160564 5.142355 4.147073 3.070768 0.228262 0.300504 0.234025 0.260377 0.042167 0.063027 0.048717 0.045448 0.042168 0.036339 0.039924 0.031624 0.019082 0.033272 0.033974 1.569520 0.571671 0.458191 0.040413 0.031089 0.023705 0.025536 0.064415 0.036415 0.045431 0.239248 1.285235 1.277863 1.297488 0.215533 0.032751 0.033289 1.129749 2.132101 4.112118 4.135100 3.125136 2.110576 0.084807 0.066384 0.045540 0.052390 0.034294 0.038018 0.085640 0.077538
0.573377 0.440971 0.029701 0.019309 0.014396 0.024361 0.040784 0.060234 0.952412 3.078493 4.123942 3.120137 2.096850 0.065805 0.123887 0.208476 0.205385 0.347388 0.267219 0.052787 0.047816 0.041801 0.031487 0.026619 0.039223 0.031762 0.036125 0.062628 0.539842 0.538939 0.042720 0.036949 0.040793 0.025536 0.035713 0.025536 0.054573 0.292151 0.276586 0.283778 0.257936 0.209537 0.047737 0.032678 0.030022 1.109858 2.153899 3.111652 3.114538 2.133814 0.092250 0.045722 0.037681 0.060754 0.062142 0.044868 0.056602 0.068001 0.054892
0.527350 0.493333 0.056050 0.036368 0.026849 0.023887 0.024022 0.033090 0.501219 0.987844 2.088545 1.159801 0.127261 0.067262 0.115805 0.163608 0.280730 0.358482 0.341928 0.160614 0.094873 0.034935 0.042106 0.024132 0.026618 0.039070 0.041618 0.042268 0.513015 0.536575 0.055477 0.038048 0.046379 0.070839 0.025536 0.023705 0.044349 0.345040 0.048134 0.095410 0.098747 0.093818 0.043373 0.055412 0.044869 0.054655 1.095478 3.157220 2.196723 0.124604 0.041252 0.045249 0.048424 0.067634 0.065957 0.047767 0.077453 0.056419 0.064049
0.514068 1.469244 0.046722 0.034828 0.026695 0.028069 0.054638 0.880608 0.805858 0.767307 0.063065 0.067177 0.043726 0.040567 0.062876 0.039268 0.234394 0.241693 0.253018 0.100036 0.154443 0.070809 0.037284 0.032143 0.023247 0.060524 0.041862 0.202489 0.323343 0.047812 0.072488 0.057091 0.032799 0.045418 0.035515 0.069527 0.039695 0.342651 0.022271 0.130471 0.152880 0.050759 0.074821 0.024910 0.024604 0.029030 0.033733 1.028152 2.196642 0.111670 0.047590 0.061440 0.053139 0.071256 0.065621 0.046532 0.041634 0.065696 0.063759
1.493603 1.479474 0.360590 0.062980 0.044167 0.043602 1.966507 1.971201 1.979989 0.893335 0.939025 0.058910 0.065546 0.057579 0.087161 0.042690 0.047617 0.049069 0.063275 0.059966 0.085298 0.098339 0.057046 0.037025 0.023858 0.061409 0.044167 0.405281 0.174286 0.042139 0.055752 0.041559 0.054406 0.043037 0.041481 0.039252 0.178596 0.034818 0.038703 0.052635 0.080955 0.082588 0.035728 0.031303 0.030251 0.030724 0.043179 0.063798 0.891706 0.814654 0.045207 0.020180 0.017372 0.017372 0.056908 0.036263 0.050377 0.040260 0.063300
1.494567 1.459032 0.346357 0.063530 0.048286 0.048027 1.970319 1.945848 1.960210 1.955303 1.982684 0.894442 0.082269 0.066429 0.052986 0.041647 0.051094 0.028871 0.017967 0.101279 0.110994 0.101518 0.045570 0.054513 0.021660 0.102304 0.132745 0.244902 0.191754 0.116143 0.057716 0.048458 0.051155 0.040809 0.065971 0.097298 0.112616 0.032341 0.039742 0.014396 0.120720 0.107997 0.049370 0.031364 0.025720 0.040166 0.033702 0.054200 0.842739 0.843888 0.054107 0.029945 0.040566 0.052345 0.027473 0.060158 0.042518 0.023538 0.027671
1.500432 1.470945 0.359978 0.045892 0.048637 0.048514 1.955312 0.949140 1.893879 1.902672 1.910695 0.827545 0.044655 0.051733 0.043441 0.058560 0.025704 0.017967 0.021034 0.075283 0.817111 0.809547 0.087097 0.037299 0.029777 0.122046 0.144422 0.215565 0.159393 0.162886 0.123956 0.042366 0.056446 0.031440 0.130227 0.071021 0.059578 0.068153 0.038185 0.066749 0.080062 0.028938 0.024147 0.030113 0.034386 0.053412 0.698293 0.719130 0.793760 0.776992 0.734290 0.034507 0.047174 0.038184 0.041100 0.041145 0.093208 0.023842 0.028145
1.489989 2.448890 1.385786 0.087975 0.045220 0.045097 0.779736 0.782785 0.708535 0.179458 0.784379 0.108250 0.071467 0.075420 0.050200 0.070523 0.025413 0.032921 0.028312 1.843361 2.854930 1.816215 0.060738 0.076245 0.025154 0.334945 0.433480 0.649096 0.694477 0.131387 1.154061 0.052208 0.054359 0.073738 0.113305 0.071372 0.060006 0.078834 0.057946 0.056344 0.043037 0.030784 0.023232 0.024452 0.044898 0.515521 1.715421 1.732230 1.740577 1.724256 0.739337 0.057085 0.078582 0.041863 0.054985 0.064978 0.076246 0.020424 0.046363
0.319870 2.434073 2.378262 0.073065 0.030220 0.029931 0.265066 0.380955 0.401051 0.382458 0.251575 0.071311 0.048822 0.095823 0.049818 0.067493 0.073603 0.067750 1.855714 2.880856 2.867784 1.788180 0.931441 0.923388 0.932046 0.809969 0.313038 0.024208 0.042081 0.089640 0.111481 0.082894 0.097576 0.129284 0.135443 0.149864 0.216836 0.096107 0.056450 0.062904 0.049218 0.046273 0.028160 0.028571 0.344264 0.465101 0.623936 0.622150 1.768069 1.746678 1.733019 0.640092 0.608490 0.532106 0.058076 0.085368 0.127566 0.036690 0.037071
