use_cases/Flooding_chicago/flooding_data/output/h_1140.asc
ncols 337
nrows 393
xllcorner 428428.000000
yllcorner 4602440.000000
cellsize 26.757400
NODATA_value -9999.000000
[rows 108 to 134 of 393, columns 236 to 294 of 337]
0.405861 3.494644 4.507604 2.505378 1.496335 0.456679 0.444476 0.431296 0.362230 0.373180 0.284897 0.901021 0.881291 0.055003 0.053417 0.050987 0.074165 0.088142 0.021401 0.041222 0.039452 0.432229 0.084325 0.053559 0.062392 0.041538 0.135975 0.097640 0.022361 0.344506 0.368480 0.019051 0.416567 1.098082 1.187840 0.349981 0.297118 0.313099 0.302360 1.298933 0.385344 0.105504 0.112997 0.309873 0.711200 0.161336 0.074747 0.022591 0.022591 0.048697 0.050745 0.033822 0.047906 0.028871 0.017967 0.036644 0.033516 0.043988 0.032264
1.498041 3.494342 4.509404 2.502387 1.492436 0.461198 0.449514 0.444832 1.469658 1.470094 1.468689 0.286562 0.034815 0.056451 0.028053 0.044823 0.063627 0.069389 0.045266 0.065423 0.254116 0.344764 0.021953 0.038829 0.036598 0.048883 0.106865 0.797563 0.176402 0.336782 0.392058 0.487430 0.486363 0.472906 0.517421 0.470922 0.164394 0.421321 0.410530 0.679574 0.293053 0.187205 0.201539 0.215360 0.282844 0.224375 0.113212 0.030846 0.041023 0.046074 0.044342 0.026344 0.022124 0.017967 0.021034 0.028863 0.022011 0.045097 0.103980
1.484798 3.493225 3.507181 2.497470 2.494892 1.489801 0.454502 0.452475 1.474125 1.467661 1.461136 0.332921 0.042567 0.029259 0.019386 0.092232 0.038231 0.046928 0.037452 0.059455 0.254156 0.303948 0.029443 0.034221 0.076654 0.707728 0.727935 0.819972 0.786926 0.268846 0.362478 0.435071 0.498811 0.538608 0.620235 0.279868 0.362192 0.300239 0.670368 0.662413 0.295975 0.309285 0.139174 0.236209 0.339515 0.364499 0.210701 0.039116 0.061180 0.044411 0.061577 0.035988 0.043831 0.031182 0.026512 0.024665 0.035698 0.046333 0.169380
1.446880 3.481429 3.508335 3.502272 3.494177 3.496867 2.477663 2.484925 3.493655 3.502225 1.476743 0.406491 0.019828 0.029548 0.027046 0.082130 0.085487 0.047311 0.058967 0.039742 0.137850 0.650489 0.593200 0.627426 0.644160 1.780374 1.730556 0.839164 0.809096 0.204397 0.274238 0.146664 0.331001 0.388566 0.498976 0.497516 1.586220 1.606480 0.454333 0.492555 1.514755 0.390902 0.176828 0.141234 0.235170 0.302029 0.333662 0.050700 0.081111 0.046423 0.070610 0.072753 0.048817 0.038231 0.030602 0.037803 0.030481 0.040596 0.171120
2.439440 3.479839 4.517180 3.506824 3.499809 3.500338 3.490246 3.496950 4.486016 4.510058 2.494695 0.423504 0.049964 0.049217 0.145358 0.146923 0.098692 0.040421 0.028481 0.048279 0.615646 2.747318 2.758876 1.758028 1.781128 1.795960 1.769261 0.065358 0.137214 0.160191 0.029691 0.019310 0.522258 0.526905 0.657384 1.605456 2.636560 1.606751 1.616456 1.663216 0.441788 0.455753 0.176728 0.175987 0.254922 0.271301 0.596762 1.784027 0.681605 0.568779 0.574131 0.073685 0.077757 0.087976 0.130116 0.035256 0.050162 0.022560 0.140877
3.485825 4.475214 3.494195 2.481933 2.484306 2.484568 3.478154 4.484855 3.477779 2.486795 0.422376 0.035841 0.056388 0.046837 1.212087 0.151202 0.524781 0.518545 0.038435 0.047198 0.707535 2.755270 2.758943 1.750037 0.782340 0.781200 1.744904 0.040509 0.021114 0.034031 0.019127 0.027076 0.593250 0.590502 1.882004 2.538336 2.623788 2.645432 1.618430 1.646908 0.050775 0.080223 0.081531 0.136074 0.048836 0.019937 1.847430 1.828943 2.856650 2.828573 1.823744 0.700655 0.171218 0.132495 1.220841 1.208145 0.180247 0.051064 0.073555
2.491517 3.427758 2.519615 1.517905 0.472497 1.459829 2.468462 2.483187 1.451344 0.441045 0.031471 0.048643 0.014396 0.051954 0.031165 0.119268 1.663360 2.734360 1.728028 0.660266 0.711427 1.766732 2.785920 2.762161 1.768745 1.763909 1.744506 0.654728 0.058454 0.029368 0.043123 0.025734 0.571391 1.589201 1.694545 2.497226 2.525291 1.556598 1.546352 0.402509 0.043678 0.037697 0.054101 0.079095 0.072380 0.021919 0.756935 1.843051 2.877096 2.867169 2.842193 1.802366 0.164794 0.137946 1.233466 1.223036 0.201105 0.038627 0.042382
2.550113 1.450004 1.497538 0.499365 0.032165 0.037459 0.295599 0.283252 0.034076 0.035463 0.035845 0.039808 0.040970 0.039356 0.028081 0.098361 1.690054 3.742281 2.743562 1.736058 0.734535 1.774283 1.763388 1.768332 1.775565 1.767411 1.744573 0.724586 0.851328 0.780654 0.141901 0.158346 0.071521 1.485130 1.365163 1.274628 0.418627 0.405453 0.056744 0.075574 0.038689 0.034817 0.036293 0.086328 0.039848 0.017372 0.038987 0.710426 1.864023 2.872853 2.849518 1.820698 0.113655 0.117224 0.170389 0.190802 0.205829 0.022438 -9999.000000
2.567023 0.526878 0.533649 0.515950 0.050530 0.046994 0.030877 0.026268 0.043902 0.033121 0.086115 0.094004 0.074491 0.081630 0.081859 0.094624 0.713629 2.751662 2.746384 1.755648 1.748591 1.762455 1.754107 1.759866 1.767929 1.756772 1.749792 0.028737 0.858807 0.729795 0.182464 0.194709 0.139582 0.195235 0.922666 0.425427 0.287631 0.056802 0.060029 0.074504 0.028140 0.058770 0.064795 0.061718 0.072411 0.017372 0.037606 0.074555 0.780357 1.871582 2.851543 2.876299 0.846210 0.019082 0.026314 0.022514 0.018440 -9999.000000 -9999.000000
3.626093 0.544063 0.543288 0.514891 0.032295 0.029487 0.032188 0.018028 0.028526 0.066435 1.661858 1.697567 1.715050 1.708134 1.710241 1.709521 0.720102 1.751458 2.747413 2.733598 3.744403 2.764766 2.734922 2.753134 2.761762 1.754894 1.746752 0.060539 0.129714 0.168870 0.125657 0.132373 0.144132 0.298711 0.918033 0.613366 0.376688 0.056437 0.058043 0.115101 0.159727 0.068577 0.023567 0.027366 0.019309 0.037972 0.021721 0.088200 0.111419 0.758528 1.786480 1.837773 0.030280 0.033119 0.018959 -9999.000000 -9999.000000 -9999.000000 -9999.000000
3.570853 0.528036 0.532565 0.109785 0.033607 0.032340 0.041587 0.021004 0.040229 0.069235 1.716230 1.745655 1.751151 2.750499 3.748077 2.753158 2.750304 3.758332 3.747029 3.741192 3.741370 3.752977 2.743735 2.749394 1.745546 1.748072 1.716519 0.582350 0.114680 0.113782 0.189453 0.127900 0.061584 0.591437 0.646012 1.010607 0.290584 0.025740 0.039420 0.030770 0.063533 0.106464 0.022942 0.023506 0.102802 0.340323 0.327931 0.181465 0.181785 0.919932 0.089360 0.083188 0.036979 0.034340 -9999.000000 -9999.000000 -9999.000000 -9999.000000 -9999.000000
1.426157 0.066760 0.124121 0.231219 0.235069 0.087990 0.038429 0.018028 0.020317 0.027657 0.579707 1.737455 1.763846 2.749655 3.751691 3.759837 4.753729 4.758653 4.749845 3.758223 1.740358 2.738653 2.748708 0.625485 0.558584 0.034106 0.426805 0.050858 0.049786 0.084145 0.127385 0.114382 0.124986 0.220362 0.414668 1.489025 0.568928 0.569408 0.210419 0.220324 0.070927 0.147360 0.188767 0.192384 0.159953 0.120142 0.058222 0.115883 0.146967 0.900823 0.121439 0.037330 0.014396 -9999.000000 -9999.000000 -9999.000000 -9999.000000 -9999.000000 -9999.000000
0.045547 0.040140 0.036644 0.232540 0.065239 0.090187 0.035516 0.027809 0.033135 0.031608 0.637784 0.746754 0.751794 0.752594 1.747597 3.750946 4.746465 5.751986 4.747715 2.752273 0.732385 1.722978 1.696103 0.073289 0.064287 0.061104 0.062509 0.047554 0.041907 0.047081 0.074382 0.095755 0.039792 0.075230 0.582555 1.655692 0.638846 0.554872 0.245870 0.260623 0.431129 0.173900 1.261124 1.258479 0.197846 0.182057 0.020928 0.043023 0.104544 0.108743 0.077706 0.057746 -9999.000000 -9999.000000 -9999.000000 -9999.000000 -9999.000000 -9999.000000 -9999.000000
0.035606 0.047402 0.038856 0.086877 0.076164 0.030327 0.036966 0.044168 0.057657 0.707367 0.708879 0.737791 0.740899 0.742371 0.741670 2.749994 3.744992 4.747441 3.742989 1.738321 0.037440 0.847459 0.079542 0.085884 0.056388 0.055428 0.071725 0.049857 0.069955 0.042210 0.047494 0.087682 0.027686 0.121829 0.622939 1.753609 0.577479 0.052868 0.072596 0.083204 0.175980 0.229983 1.271364 1.255635 0.183819 0.049538 0.024667 0.060381 0.107125 0.102898 0.059457 0.075753 -9999.000000 -9999.000000 -9999.000000 -9999.000000 -9999.000000 -9999.000000 -9999.000000
0.031120 0.039741 0.035285 0.071327 0.029732 0.033622 0.044365 0.610297 0.677734 0.690820 0.699689 0.729905 0.737339 1.756012 1.752215 1.752270 2.746278 3.755023 2.752227 0.711000 0.049670 0.859520 0.066433 0.076975 0.085152 0.084570 0.096519 0.078423 0.097663 0.033378 0.055580 0.047035 0.033334 0.143852 0.535925 1.511077 0.412345 0.057554 0.053305 0.030250 0.259569 0.254989 1.233569 1.224624 0.152866 0.067238 0.024880 0.070288 0.112613 0.096642 0.075568 0.033653 -9999.000000 -9999.000000 -9999.000000 -9999.000000 -9999.000000 -9999.000000 -9999.000000
0.025032 0.031745 0.036156 0.037299 0.027337 0.030189 0.043876 0.683579 0.733882 0.724860 0.731335 0.745291 0.748067 1.751698 2.754781 2.763133 3.754020 3.760293 1.753453 0.698938 0.070887 0.831919 0.684386 0.088921 0.074425 0.079368 0.051506 0.093666 0.060891 0.074958 0.031913 0.036354 0.028191 0.118085 0.186830 0.837324 0.611565 0.055812 0.041038 0.060030 0.245389 0.222386 0.046287 0.066444 0.045127 0.052023 0.035515 0.109733 0.062203 0.041009 0.022560 -9999.000000 -9999.000000 -9999.000000 -9999.000000 -9999.000000 -9999.000000 -9999.000000 -9999.000000
0.104103 0.048623 0.018594 0.049247 0.030297 0.031211 0.043573 0.094441 0.091486 0.714740 0.723747 1.764305 1.768038 1.753520 2.745102 2.755562 3.745105 3.748347 2.752062 0.667528 0.090189 0.059647 0.478468 0.070679 0.040567 0.045372 0.045784 0.042991 0.075355 0.024330 0.029564 0.024330 0.036034 0.133687 0.150215 0.693337 0.857491 0.094018 0.063438 0.107586 0.113280 0.066181 0.057426 0.034081 0.052773 0.022377 0.042107 0.081918 0.027535 0.019279 -9999.000000 -9999.000000 -9999.000000 -9999.000000 -9999.000000 -9999.000000 -9999.000000 -9999.000000 -9999.000000
0.098748 0.056557 0.023139 0.035911 0.036773 0.042625 0.040092 0.139782 0.148401 1.670459 2.766484 1.748489 1.750680 1.744993 1.719040 2.689706 2.695145 2.705409 2.689202 0.537866 0.060251 0.043344 0.056884 0.044868 0.037377 0.031639 0.028953 0.028618 0.121635 0.024330 0.029564 0.024330 0.030114 0.160197 0.153637 0.389420 1.227933 1.061061 0.053734 0.063424 0.094398 0.075419 0.053552 0.023078 0.041268 0.023765 0.038750 0.045281 0.026420 -9999.000000 -9999.000000 -9999.000000 -9999.000000 -9999.000000 -9999.000000 -9999.000000 -9999.000000 -9999.000000 -9999.000000
0.033989 0.043404 0.027229 0.038049 0.043251 0.067727 0.051674 0.113913 0.155911 1.651665 2.744984 1.753640 1.734557 1.746283 0.064581 0.127624 0.104380 0.459470 0.493954 0.482565 0.071466 0.056068 0.042565 0.041924 0.032554 0.018028 0.026665 0.043862 0.027687 0.591427 0.500529 0.361025 0.465866 0.277246 0.154203 0.108400 0.891252 1.080805 0.402473 0.087854 0.081324 0.116004 0.103950 0.116661 0.049339 0.043327 0.046623 0.023827 -9999.000000 -9999.000000 -9999.000000 -9999.000000 -9999.000000 -9999.000000 -9999.000000 -9999.000000 -9999.000000 -9999.000000 -9999.000000
0.031257 0.038536 0.073685 0.088824 1.342508 1.418661 0.291800 0.165031 0.146370 0.674448 1.751700 1.772693 0.617713 0.066609 0.070641 0.151191 0.129616 0.171851 0.159742 0.178705 0.076989 0.059741 0.044289 0.041008 0.029960 0.021004 0.029685 0.031197 0.713119 0.664804 0.031488 0.039128 0.030820 0.058309 0.035698 0.039101 0.389362 1.442666 0.463454 0.101143 0.090324 0.087318 0.141442 0.126130 0.045799 0.031381 0.036552 -9999.000000 -9999.000000 -9999.000000 -9999.000000 -9999.000000 -9999.000000 -9999.000000 -9999.000000 -9999.000000 -9999.000000 -9999.000000 -9999.000000
0.030159 0.042121 0.044624 0.083809 1.249785 1.426673 1.410764 0.241021 0.224134 0.626542 1.634052 1.644381 0.088750 0.060219 0.040245 0.198674 0.182884 0.111808 0.085097 0.219550 0.081082 0.096660 0.051888 0.067360 0.039559 0.018028 0.066524 0.773237 0.774008 0.049092 0.025322 0.030006 0.024498 0.037058 0.043963 0.055708 0.478486 1.600167 1.694969 0.069313 0.072457 0.132961 0.165947 0.141288 0.040794 0.047158 0.063989 0.039192 -9999.000000 -9999.000000 -9999.000000 -9999.000000 -9999.000000 -9999.000000 -9999.000000 -9999.000000 -9999.000000 -9999.000000 -9999.000000
0.047997 0.030419 0.054283 0.055808 0.049172 0.042535 0.068763 0.086554 0.190776 0.275210 0.193950 0.144573 0.085305 0.069528 0.085289 0.292885 0.284601 0.070122 0.095679 0.092097 0.070717 0.082562 0.063972 0.075172 0.047930 0.054222 0.057213 0.772659 0.766113 0.064377 0.029229 0.030586 0.024666 0.050958 0.054675 0.067952 0.481228 2.693059 1.691341 0.066156 0.094517 1.172680 1.173620 1.165526 0.146492 0.023095 0.068458 0.051658 -9999.000000 -9999.000000 -9999.000000 -9999.000000 -9999.000000 -9999.000000 -9999.000000 -9999.000000 -9999.000000 -9999.000000 -9999.000000
0.014396 0.032158 0.043221 0.059558 0.040916 0.043098 0.045651 0.160032 0.167159 0.286920 0.106396 0.124414 0.092598 0.119758 0.155188 0.156442 0.164406 0.076312 0.102167 0.087016 0.070564 0.083107 0.061988 0.039360 0.027535 0.027535 0.757582 0.736063 0.719112 0.062172 0.019706 0.059839 0.071334 0.057804 0.074074 0.068754 0.489970 2.660297 2.726027 0.061395 0.081491 1.164910 0.149731 1.160437 0.119820 0.043099 0.027458 0.026710 -9999.000000 -9999.000000 -9999.000000 -9999.000000 -9999.000000 -9999.000000 -9999.000000 -9999.000000 -9999.000000 -9999.000000 -9999.000000
0.027092 0.025490 0.041068 0.034859 0.026192 0.031989 0.047219 0.256081 0.235587 0.159978 0.132851 0.087991 0.067147 0.127572 0.157223 0.174767 0.159370 0.096244 0.076103 0.090554 0.077401 0.047692 0.042106 0.050222 0.038963 0.038963 0.079621 0.067475 0.061424 0.052005 0.504906 0.501104 0.058000 0.076197 0.018089 0.033332 0.035324 1.491246 2.508085 0.056409 0.066139 0.027932 0.020485 0.082220 0.037712 0.022591 0.022591 0.037101 -9999.000000 -9999.000000 -9999.000000 -9999.000000 -9999.000000 -9999.000000 -9999.000000 -9999.000000 -9999.000000 -9999.000000 -9999.000000
0.029305 0.038384 0.036842 0.033745 0.025856 0.043938 0.039697 0.318056 0.113072 0.085510 0.076456 0.129615 0.132988 0.029521 0.078301 0.090198 0.072914 0.079811 0.050269 0.085900 0.116219 0.037834 0.032950 0.027794 0.022591 0.022591 0.052254 0.033882 0.043678 0.053475 0.506804 0.508117 0.046330 0.021660 0.021660 0.027199 0.031967 0.604477 1.751813 0.746418 0.044869 0.032067 0.033149 0.046409 0.036949 0.022591 0.022591 0.031182 -9999.000000 -9999.000000 -9999.000000 -9999.000000 -9999.000000 -9999.000000 -9999.000000 -9999.000000 -9999.000000 -9999.000000 -9999.000000
0.042948 0.075935 0.093423 0.070564 0.111649 0.055153 0.069405 0.257447 0.240439 0.071780 0.023277 0.132897 0.089546 0.034844 0.046304 0.055947 0.050072 0.088089 0.038445 0.060005 0.082817 0.059853 0.032714 0.027794 0.022591 0.022591 0.040093 0.032355 0.041298 0.059807 0.499178 0.489353 0.030979 0.018089 0.040520 0.027549 0.040738 0.389193 0.639966 0.744048 0.116792 0.065719 0.078179 0.056220 0.062753 0.038170 0.029854 0.093590 0.050391 -9999.000000 -9999.000000 -9999.000000 -9999.000000 -9999.000000 -9999.000000 -9999.000000 -9999.000000 -9999.000000 -9999.000000
0.084738 0.073418 0.091499 0.068428 0.090004 0.085410 0.098903 0.395033 0.088838 0.139748 0.038536 0.176687 0.052010 0.042443 0.032401 0.030342 0.042683 0.090950 0.034629 0.023995 0.083610 1.106591 0.083140 0.061685 0.040977 0.048607 0.035896 0.017372 0.026223 0.038460 0.040748 0.389391 0.210447 0.142022 0.141385 1.009933 1.026343 0.787446 0.497431 0.459069 0.143365 0.132011 0.076409 0.063424 0.033334 0.030865 0.147743 0.100120 0.062034 -9999.000000 -9999.000000 -9999.000000 -9999.000000 -9999.000000 -9999.000000 -9999.000000 -9999.000000 -9999.000000 -9999.000000
