use_cases/Flooding_chicago/flooding_data/output/h_1140.asc
ncols 337
nrows 393
xllcorner 428428.000000
yllcorner 4602440.000000
cellsize 26.757400
NODATA_value -9999.000000
[rows 216 to 242 of 393, columns 236 to 294 of 337]
0.148224 0.467003 0.459663 0.465072 0.444774 0.430400 0.406218 0.384723 0.358374 0.272482 0.036218 0.014396 0.034523 0.391966 0.373220 0.185467 0.092747 0.081191 0.538040 0.382645 0.345259 0.213260 0.164008 0.153933 0.651571 0.637882 0.699656 0.042916 0.043814 0.555983 0.536715 0.532728 0.508735 0.417627 1.242539 1.234133 2.216953 1.253871 0.240014 0.116731 0.730290 1.753560 1.770708 1.767131 0.670882 0.074939 0.042659 0.043017 -9999.000000 -9999.000000 -9999.000000 -9999.000000 -9999.000000 -9999.000000 -9999.000000 -9999.000000 -9999.000000 -9999.000000 -9999.000000
0.230177 0.147493 0.108081 0.072638 0.054080 0.438445 0.431225 0.427995 0.413228 0.024088 0.045347 0.053324 0.038857 0.520244 0.520176 0.022591 0.022591 0.053404 0.518223 0.277525 0.148985 0.160285 0.194117 0.140999 0.080933 0.132607 0.019860 0.029381 0.031059 0.025627 0.537643 0.541502 0.539733 0.044562 0.165647 0.151712 1.158139 1.176472 0.290473 0.735713 1.751257 1.735301 1.750987 0.705184 0.050461 0.054626 -9999.000000 -9999.000000 -9999.000000 -9999.000000 -9999.000000 -9999.000000 -9999.000000 -9999.000000 -9999.000000 -9999.000000 -9999.000000 -9999.000000 -9999.000000
0.279104 0.050888 0.060753 0.046555 0.090791 0.418443 0.436356 0.461321 0.458954 0.479901 0.031700 0.041534 0.647848 1.658113 1.676588 0.022591 0.022591 0.100359 0.859310 0.077361 0.127436 0.122262 0.202575 0.170368 0.096403 0.044589 0.874307 0.025627 0.031059 0.029381 0.019860 0.149918 0.164125 0.108553 0.073856 0.044207 0.281782 0.418434 0.394108 0.699815 0.702123 0.701706 0.685740 0.226334 0.021034 0.017967 -9999.000000 -9999.000000 -9999.000000 -9999.000000 -9999.000000 -9999.000000 -9999.000000 -9999.000000 -9999.000000 -9999.000000 -9999.000000 -9999.000000 -9999.000000
0.097178 0.095024 0.097796 0.077039 0.152883 0.099014 0.073963 0.484679 0.491747 0.507838 0.555385 0.610066 1.615378 2.595013 2.617117 0.625644 0.463545 1.135154 1.087468 1.188171 0.083466 0.069977 0.056001 0.113440 0.902262 0.945532 0.836769 0.754649 0.627254 0.578138 0.493103 1.305965 0.318178 0.024330 0.029564 0.024330 0.033545 0.606149 0.670362 0.020328 0.369677 0.393657 0.375907 0.345180 0.017967 -9999.000000 -9999.000000 -9999.000000 -9999.000000 -9999.000000 -9999.000000 -9999.000000 -9999.000000 -9999.000000 -9999.000000 -9999.000000 -9999.000000 -9999.000000 -9999.000000
0.033150 0.107723 0.125979 0.118171 0.090789 0.064041 0.130148 0.075438 0.464062 0.469892 0.041943 0.591133 1.641023 2.574711 1.651190 0.601375 0.430697 0.330884 0.915802 0.068298 0.061826 0.034101 0.092074 0.117510 0.814995 0.906208 0.038658 0.032384 0.532270 0.545994 0.480692 1.276115 1.309415 0.024330 0.029564 0.024330 0.032255 1.792097 0.840671 0.029985 0.469725 0.503839 0.457951 0.285699 -9999.000000 -9999.000000 -9999.000000 -9999.000000 -9999.000000 -9999.000000 -9999.000000 -9999.000000 -9999.000000 -9999.000000 -9999.000000 -9999.000000 -9999.000000 -9999.000000 -9999.000000
0.040688 0.037879 0.027870 0.140918 0.130803 0.109525 0.084230 0.067101 0.071622 0.060501 0.036204 0.083130 1.594380 1.624673 1.669660 0.700614 0.017726 0.410546 0.321145 0.025322 0.046812 0.030560 0.081662 0.079980 0.226298 0.280001 0.030669 0.032406 0.070002 0.069714 0.082570 0.059523 1.200108 1.118363 1.201377 1.061883 1.796599 1.796785 1.859880 1.879434 0.706174 0.656648 0.588744 0.014396 -9999.000000 -9999.000000 -9999.000000 -9999.000000 -9999.000000 -9999.000000 -9999.000000 -9999.000000 -9999.000000 -9999.000000 -9999.000000 -9999.000000 -9999.000000 -9999.000000 -9999.000000
0.193653 0.026878 0.029014 0.158926 0.154247 0.129065 0.118417 0.124069 0.021034 0.017967 0.083570 0.058718 0.089075 0.537427 1.603735 0.726596 0.791180 0.594455 0.029437 0.028037 0.262731 0.226456 0.163375 0.099988 0.124695 0.358887 0.048727 0.026626 0.024119 0.034941 0.138425 0.102879 0.317810 1.033894 1.190711 1.009687 0.803160 0.739176 1.764094 1.815996 1.823217 0.761452 0.033055 -9999.000000 -9999.000000 -9999.000000 -9999.000000 -9999.000000 -9999.000000 -9999.000000 -9999.000000 -9999.000000 -9999.000000 -9999.000000 -9999.000000 -9999.000000 -9999.000000 -9999.000000 -9999.000000
1.202839 1.215006 0.019722 0.175544 0.180803 0.017967 0.021034 0.148562 0.017967 0.128450 0.118053 0.102649 0.064935 0.360165 0.659237 0.669690 0.696574 0.086453 0.043945 0.039438 0.215865 0.212844 0.179234 0.135793 0.221657 0.164636 0.031880 0.039316 0.026585 0.053301 0.202041 0.108681 0.410101 1.043808 1.220963 0.243563 0.155883 0.116945 0.660432 1.803730 1.795496 0.758952 0.014396 -9999.000000 -9999.000000 -9999.000000 -9999.000000 -9999.000000 -9999.000000 -9999.000000 -9999.000000 -9999.000000 -9999.000000 -9999.000000 -9999.000000 -9999.000000 -9999.000000 -9999.000000 -9999.000000
1.206612 1.219576 0.182913 0.181156 0.193444 0.177100 0.017967 0.150368 1.180667 1.185787 0.150968 0.136064 0.102907 0.577849 0.564620 0.342719 0.324269 0.051757 0.066206 0.049515 0.063402 0.044718 0.186358 0.182898 0.124656 0.084861 0.050068 0.033557 0.131798 0.082233 0.284023 0.527966 1.665855 0.521979 0.341277 0.324676 0.048423 0.044002 0.051674 0.651006 1.773661 0.761897 0.038612 -9999.000000 -9999.000000 -9999.000000 -9999.000000 -9999.000000 -9999.000000 -9999.000000 -9999.000000 -9999.000000 -9999.000000 -9999.000000 -9999.000000 -9999.000000 -9999.000000 -9999.000000 -9999.000000
1.182067 1.209312 1.206885 1.186777 1.227096 1.201456 1.197930 1.194146 1.178582 1.170566 1.163338 1.161190 1.135168 0.905461 0.831144 0.063860 0.083472 0.092149 0.085222 0.059892 0.057600 0.074413 0.048643 0.223906 0.171262 0.110311 0.274532 0.217518 0.155972 0.096286 0.395301 0.527266 1.561750 0.600405 0.059075 0.057789 0.073673 0.079041 0.050712 0.094251 0.644430 0.714515 0.022156 -9999.000000 -9999.000000 -9999.000000 -9999.000000 -9999.000000 -9999.000000 -9999.000000 -9999.000000 -9999.000000 -9999.000000 -9999.000000 -9999.000000 -9999.000000 -9999.000000 -9999.000000 -9999.000000
1.192238 1.209857 1.205141 2.181248 2.205272 2.194779 2.203585 1.187542 1.179884 1.170392 2.157375 2.180086 2.197426 0.976163 0.119147 0.118574 0.127970 0.117781 0.099888 0.072535 0.033206 0.078390 0.043253 0.272573 0.187925 0.122826 0.226918 0.178533 0.116729 0.069694 0.550214 0.484464 0.251629 0.207361 0.037282 0.050309 0.047065 0.052434 0.037606 0.049384 0.125915 0.022210 -9999.000000 -9999.000000 -9999.000000 -9999.000000 -9999.000000 -9999.000000 -9999.000000 -9999.000000 -9999.000000 -9999.000000 -9999.000000 -9999.000000 -9999.000000 -9999.000000 -9999.000000 -9999.000000 -9999.000000
0.159679 0.035100 0.137847 1.169815 1.203988 1.189471 1.192590 1.181215 1.169063 1.164783 2.145689 2.156762 2.168890 0.098609 0.108736 0.126742 0.152000 0.133459 0.103839 0.057153 0.083927 0.075850 0.361466 0.397757 0.023460 0.024896 0.034879 0.101337 0.774418 0.845408 0.762820 0.750956 0.030911 0.046999 0.027199 0.033958 0.027535 0.081703 0.056495 0.086433 0.055580 0.039787 -9999.000000 -9999.000000 -9999.000000 -9999.000000 -9999.000000 -9999.000000 -9999.000000 -9999.000000 -9999.000000 -9999.000000 -9999.000000 -9999.000000 -9999.000000 -9999.000000 -9999.000000 -9999.000000 -9999.000000
0.078721 0.079894 0.047116 0.162280 1.022504 0.143257 0.178891 0.269206 0.245874 1.098235 1.050847 1.029565 1.043262 0.031304 0.035665 0.028269 0.189961 0.147610 0.095219 0.136901 0.072383 0.095785 0.049912 0.418799 0.024896 0.033470 0.020637 0.092646 0.068419 0.866395 1.909885 1.918507 0.034201 0.059450 0.033958 0.043022 0.035087 0.096458 0.067315 0.088875 0.055961 0.035546 -9999.000000 -9999.000000 -9999.000000 -9999.000000 -9999.000000 -9999.000000 -9999.000000 -9999.000000 -9999.000000 -9999.000000 -9999.000000 -9999.000000 -9999.000000 -9999.000000 -9999.000000 -9999.000000 -9999.000000
0.041725 0.033242 0.021049 0.128584 0.439893 0.059522 0.028468 1.429145 0.367254 0.336332 0.354676 0.343535 0.343603 0.022591 0.022591 0.036896 0.270218 0.018440 0.070101 0.080885 0.100915 0.080241 0.046151 0.426825 0.462120 0.020637 0.030647 0.081152 0.083666 0.836555 1.879769 1.911606 0.896070 0.042035 0.027595 0.035286 0.034294 0.030860 0.024696 0.048360 -9999.000000 -9999.000000 -9999.000000 -9999.000000 -9999.000000 -9999.000000 -9999.000000 -9999.000000 -9999.000000 -9999.000000 -9999.000000 -9999.000000 -9999.000000 -9999.000000 -9999.000000 -9999.000000 -9999.000000 -9999.000000 -9999.000000
0.027269 0.025643 0.345042 0.274209 0.196858 0.133204 0.411535 1.429361 1.443817 0.396891 0.391186 0.375678 0.377903 0.022591 0.022591 0.037039 0.305529 0.023384 0.014396 0.047675 0.285385 1.455041 1.521082 1.404626 1.219644 0.937720 0.991023 1.029051 0.978154 1.874846 1.931308 1.978059 0.915890 0.925993 0.025858 0.105269 0.037253 0.024330 0.023323 -9999.000000 -9999.000000 -9999.000000 -9999.000000 -9999.000000 -9999.000000 -9999.000000 -9999.000000 -9999.000000 -9999.000000 -9999.000000 -9999.000000 -9999.000000 -9999.000000 -9999.000000 -9999.000000 -9999.000000 -9999.000000 -9999.000000 -9999.000000
0.495650 0.514918 0.412050 0.342657 0.269283 0.171004 1.433069 1.438192 2.460678 2.476595 2.471540 0.399581 0.387032 0.039313 0.039650 0.029196 0.311607 0.311763 0.019310 0.031070 0.302615 1.172461 1.232886 1.135626 1.052061 0.820950 0.864972 1.680539 1.906702 2.933871 1.913830 1.960334 0.862732 0.799216 0.531165 0.609521 0.028465 -9999.000000 -9999.000000 -9999.000000 -9999.000000 -9999.000000 -9999.000000 -9999.000000 -9999.000000 -9999.000000 -9999.000000 -9999.000000 -9999.000000 -9999.000000 -9999.000000 -9999.000000 -9999.000000 -9999.000000 -9999.000000 -9999.000000 -9999.000000 -9999.000000 -9999.000000
1.475607 0.505508 0.422444 0.360064 0.283426 0.151271 1.419743 1.430062 2.419205 2.432938 2.439087 0.363313 0.024986 0.027196 0.256398 0.284603 1.322573 0.287525 0.175265 0.275686 0.495969 0.605032 0.610813 0.546852 0.315696 0.171734 0.157723 1.819484 1.964910 1.962108 0.878604 1.890207 0.840587 0.756903 0.546126 -9999.000000 -9999.000000 -9999.000000 -9999.000000 -9999.000000 -9999.000000 -9999.000000 -9999.000000 -9999.000000 -9999.000000 -9999.000000 -9999.000000 -9999.000000 -9999.000000 -9999.000000 -9999.000000 -9999.000000 -9999.000000 -9999.000000 -9999.000000 -9999.000000 -9999.000000 -9999.000000 -9999.000000
1.472575 0.528790 0.411578 0.358105 0.272213 0.548245 1.368633 1.444118 1.449646 1.466230 0.384880 0.025505 0.029729 0.325150 1.334832 1.342624 2.336830 1.342895 0.204360 0.171702 0.098300 0.596316 0.627654 0.558291 0.290063 0.161667 0.176243 0.075343 0.957068 0.023737 0.030399 0.826404 0.824540 0.724113 0.535026 -9999.000000 -9999.000000 -9999.000000 -9999.000000 -9999.000000 -9999.000000 -9999.000000 -9999.000000 -9999.000000 -9999.000000 -9999.000000 -9999.000000 -9999.000000 -9999.000000 -9999.000000 -9999.000000 -9999.000000 -9999.000000 -9999.000000 -9999.000000 -9999.000000 -9999.000000 -9999.000000 -9999.000000
0.548796 0.590863 0.055067 0.066908 0.052459 0.067152 1.414261 0.418107 0.421508 0.034052 0.043041 0.014396 0.026588 0.320637 1.284937 2.318068 2.330693 1.338801 0.177026 0.077488 0.985851 1.909493 1.997619 0.889531 0.051103 0.026081 0.040243 0.873153 0.934897 1.982239 0.935904 0.913819 0.886819 0.017372 0.017372 -9999.000000 -9999.000000 -9999.000000 -9999.000000 -9999.000000 -9999.000000 -9999.000000 -9999.000000 -9999.000000 -9999.000000 -9999.000000 -9999.000000 -9999.000000 -9999.000000 -9999.000000 -9999.000000 -9999.000000 -9999.000000 -9999.000000 -9999.000000 -9999.000000 -9999.000000 -9999.000000 -9999.000000
0.507563 0.645052 0.093682 0.107362 0.092639 0.054956 0.095693 0.079743 0.076348 0.017372 0.017372 0.031445 0.387632 1.514863 0.381111 0.334926 0.288315 0.215282 0.344837 0.304984 1.906126 2.969034 3.036130 0.972657 0.058551 0.081860 0.072865 0.099736 0.891721 1.968340 1.966294 1.982284 0.019677 0.080117 0.056084 -9999.000000 -9999.000000 -9999.000000 -9999.000000 -9999.000000 -9999.000000 -9999.000000 -9999.000000 -9999.000000 -9999.000000 -9999.000000 -9999.000000 -9999.000000 -9999.000000 -9999.000000 -9999.000000 -9999.000000 -9999.000000 -9999.000000 -9999.000000 -9999.000000 -9999.000000 -9999.000000 -9999.000000
0.159363 0.225194 0.159055 0.142030 0.119273 0.078233 0.135496 0.111490 0.102687 0.095339 0.055027 0.439894 1.498081 1.499149 0.027607 0.033897 0.027129 0.122333 0.228243 1.835829 1.991457 2.865126 1.922644 0.921901 0.051838 0.067105 0.107193 0.087905 0.902555 1.841598 0.934307 0.916726 0.027412 0.072533 0.043280 -9999.000000 -9999.000000 -9999.000000 -9999.000000 -9999.000000 -9999.000000 -9999.000000 -9999.000000 -9999.000000 -9999.000000 -9999.000000 -9999.000000 -9999.000000 -9999.000000 -9999.000000 -9999.000000 -9999.000000 -9999.000000 -9999.000000 -9999.000000 -9999.000000 -9999.000000 -9999.000000 -9999.000000
0.252751 0.375160 0.040199 0.048073 0.042076 0.029211 0.034424 0.097743 0.106774 0.090479 0.539360 1.547508 3.516388 1.538413 0.036496 0.043530 0.034029 0.079831 0.230916 1.827097 1.987113 0.885260 0.086512 0.028587 0.028587 0.063464 0.130137 0.139300 0.094616 0.287720 0.049938 0.031889 0.045602 0.049812 -9999.000000 -9999.000000 -9999.000000 -9999.000000 -9999.000000 -9999.000000 -9999.000000 -9999.000000 -9999.000000 -9999.000000 -9999.000000 -9999.000000 -9999.000000 -9999.000000 -9999.000000 -9999.000000 -9999.000000 -9999.000000 -9999.000000 -9999.000000 -9999.000000 -9999.000000 -9999.000000 -9999.000000 -9999.000000
0.265894 0.372689 0.064494 0.070311 0.056452 0.032963 0.046425 0.095250 0.086755 0.085909 0.546608 1.559752 3.492750 2.560673 1.532789 0.035776 0.027470 0.046489 0.315866 1.007855 1.044384 0.159403 0.044415 0.024330 0.024330 0.039375 0.046211 0.155852 0.155940 0.106655 0.106128 0.017967 0.021125 -9999.000000 -9999.000000 -9999.000000 -9999.000000 -9999.000000 -9999.000000 -9999.000000 -9999.000000 -9999.000000 -9999.000000 -9999.000000 -9999.000000 -9999.000000 -9999.000000 -9999.000000 -9999.000000 -9999.000000 -9999.000000 -9999.000000 -9999.000000 -9999.000000 -9999.000000 -9999.000000 -9999.000000 -9999.000000 -9999.000000
0.133270 0.112085 0.105313 0.084607 0.047173 0.111277 0.054908 0.094733 0.610799 0.647354 1.556192 1.572058 3.501021 2.556924 1.539506 0.384569 0.254642 0.706613 0.573520 1.055540 0.139084 0.162225 0.071285 0.029564 0.029564 0.058342 0.084190 0.166163 0.167767 0.116760 0.017967 0.021034 -9999.000000 -9999.000000 -9999.000000 -9999.000000 -9999.000000 -9999.000000 -9999.000000 -9999.000000 -9999.000000 -9999.000000 -9999.000000 -9999.000000 -9999.000000 -9999.000000 -9999.000000 -9999.000000 -9999.000000 -9999.000000 -9999.000000 -9999.000000 -9999.000000 -9999.000000 -9999.000000 -9999.000000 -9999.000000 -9999.000000 -9999.000000
0.105815 0.062280 0.123082 0.082713 0.169397 0.109892 0.111675 0.594261 0.622630 1.577456 1.566200 1.555407 3.467006 2.543222 1.447762 1.318627 1.181609 0.876910 1.696004 0.672199 0.110385 0.081661 0.090381 0.024330 0.024330 0.077006 0.119392 0.080849 0.036338 -9999.000000 -9999.000000 -9999.000000 -9999.000000 -9999.000000 -9999.000000 -9999.000000 -9999.000000 -9999.000000 -9999.000000 -9999.000000 -9999.000000 -9999.000000 -9999.000000 -9999.000000 -9999.000000 -9999.000000 -9999.000000 -9999.000000 -9999.000000 -9999.000000 -9999.000000 -9999.000000 -9999.000000 -9999.000000 -9999.000000 -9999.000000 -9999.000000 -9999.000000 -9999.000000
0.156857 0.086249 0.040962 0.078334 0.157331 0.097438 0.502828 1.620763 1.653867 2.609965 1.551203 1.559913 2.526782 2.567717 0.484191 0.352346 0.250268 0.166188 0.135044 0.054272 0.069403 0.064697 0.041815 0.209357 0.167517 0.076698 0.072761 0.032828 -9999.000000 -9999.000000 -9999.000000 -9999.000000 -9999.000000 -9999.000000 -9999.000000 -9999.000000 -9999.000000 -9999.000000 -9999.000000 -9999.000000 -9999.000000 -9999.000000 -9999.000000 -9999.000000 -9999.000000 -9999.000000 -9999.000000 -9999.000000 -9999.000000 -9999.000000 -9999.000000 -9999.000000 -9999.000000 -9999.000000 -9999.000000 -9999.000000 -9999.000000 -9999.000000 -9999.000000
0.183299 0.297624 0.230722 0.130154 0.061439 0.397305 1.398385 1.597428 1.612642 1.628086 0.586786 1.514081 2.544816 1.532679 0.056848 0.034370 0.046089 0.049324 0.063668 0.065681 0.060157 0.052636 0.036507 0.044854 0.023613 0.049049 0.025352 -9999.000000 -9999.000000 -9999.000000 -9999.000000 -9999.000000 -9999.000000 -9999.000000 -9999.000000 -9999.000000 -9999.000000 -9999.000000 -9999.000000 -9999.000000 -9999.000000 -9999.000000 -9999.000000 -9999.000000 -9999.000000 -9999.000000 -9999.000000 -9999.000000 -9999.000000 -9999.000000 -9999.000000 -9999.000000 -9999.000000 -9999.000000 -9999.000000 -9999.000000 -9999.000000 -9999.000000 -9999.000000
