use_cases/Flooding_chicago/flooding_data/output/h_1140.asc
ncols 337
nrows 393
xllcorner 428428.000000
yllcorner 4602440.000000
cellsize 26.757400
NODATA_value -9999.000000
[rows 189 to 215 of 393, columns 177 to 235 of 337]
0.064903 0.052971 0.032051 0.034157 0.036676 0.130568 0.118498 0.985102 0.982842 2.019068 0.967905 0.048820 0.061134 0.033501 0.057839 0.019250 0.079796 0.030296 0.027932 0.055092 0.060865 0.024224 0.033806 0.421854 0.478551 0.478513 0.029976 0.030510 0.017372 0.081230 0.067200 0.025215 0.041328 0.045525 0.066979 0.055257 0.225973 0.213782 0.263202 0.476340 1.605671 2.637603 3.603598 1.443158 0.056101 0.028527 0.038627 0.035134 0.030312 0.034202 0.029840 0.064206 0.384875 1.429795 1.459848 0.067344 0.108909 0.049705 0.045447
0.045876 0.034631 0.050667 0.042640 0.171313 0.185519 0.155336 2.085697 2.095783 2.060911 0.922578 0.100654 0.046042 0.062844 0.019081 0.026877 0.086510 0.029777 0.023811 0.025382 0.043862 0.035453 0.050377 0.336766 1.505567 0.515786 0.507513 0.070224 0.064317 0.032082 0.036954 0.037110 0.062751 0.058067 0.086281 0.079735 0.208618 0.158370 0.235521 0.461326 1.545283 3.533143 4.562692 1.551073 0.054931 0.023840 0.044158 0.383159 0.448690 0.363979 0.269583 0.122081 0.450682 0.352965 0.323408 0.047065 0.038689 0.062249 0.062111
0.103925 0.055495 0.055526 0.112054 0.198310 0.210165 0.175018 1.991154 3.080281 2.068776 1.015612 0.128425 0.131783 0.059822 0.050133 0.025383 0.029350 0.035469 0.025459 0.017967 0.021034 0.026955 0.029594 0.345773 1.528313 1.516476 0.439565 0.079918 0.064278 0.050745 0.028756 0.027672 0.061139 0.059334 0.087180 0.082143 0.138964 0.232140 0.178125 0.558860 1.542027 2.587440 2.600598 1.587019 0.589376 0.518385 1.598740 2.619291 1.609114 0.387750 0.259046 0.622283 0.560076 0.056703 0.043174 0.032112 0.028343 0.017372 0.025703
0.091445 0.141558 0.275835 0.196991 0.217697 0.992597 1.073136 2.048630 3.066132 2.056668 0.075160 0.080947 0.075829 0.075981 0.034356 0.048958 0.034569 0.184807 0.049568 0.032401 0.017967 0.026115 0.029305 0.310506 0.444438 0.485831 0.040444 0.034537 0.037766 0.020409 0.018089 0.021660 0.033928 0.032035 0.040840 0.035653 0.085001 0.141143 0.623143 0.678389 0.019434 0.626975 1.582681 1.593554 1.621220 2.642590 2.628585 2.630354 1.617794 0.033714 0.030925 0.095340 0.080613 0.045931 0.037880 0.048516 0.026207 0.017372 0.025703
0.096954 0.049631 0.071419 0.046684 0.162563 2.028028 2.096488 2.059357 2.083224 3.080830 0.045601 0.077720 0.146080 0.101815 0.145912 0.025245 0.135439 0.111396 0.035454 0.030266 0.038369 0.031134 0.036689 0.224137 0.330038 0.030114 0.030586 0.046425 0.047339 0.053124 0.034065 0.021660 0.018089 0.020409 0.029281 0.023353 0.060553 0.103121 0.634483 0.692501 0.017572 0.613570 0.513162 1.566178 1.576600 2.629601 1.624359 1.633835 1.606841 0.039719 0.051811 0.046966 0.046446 0.028099 0.043678 0.042549 0.047384 0.020180 0.036216
0.088543 0.014396 0.053154 0.072412 0.174970 0.870243 1.027451 0.989994 2.056707 3.027772 0.097463 0.091613 0.073511 0.128271 0.151252 0.156274 0.134850 0.385032 0.040353 0.032281 0.031456 0.040033 0.036930 0.419309 0.173952 0.025062 0.014396 0.029914 0.077125 0.072563 0.034141 0.027199 0.026192 0.036158 0.029640 0.036812 0.055924 0.116384 0.086944 0.672943 0.689503 0.695823 0.033175 0.048629 0.652148 1.673949 1.650225 1.662248 1.669628 1.731776 1.715180 0.615035 0.050502 0.024696 0.027870 0.594478 0.507636 0.456954 0.448230
0.073358 0.097633 0.094032 0.064720 0.085288 0.048474 0.122085 0.114047 1.113037 3.058491 0.073807 0.051323 0.104470 0.148384 0.162010 0.026116 0.025643 0.303853 0.203438 0.144323 0.072133 0.097618 0.089990 0.325893 0.088954 0.039209 0.019310 0.037361 0.072946 0.078632 0.067590 0.032067 0.029777 0.048591 0.044060 0.060021 0.063194 0.140000 0.128114 0.066618 0.693005 0.720829 0.024498 0.030006 0.025276 0.046205 0.589359 1.676863 2.717272 3.750373 2.748263 2.740633 0.740666 0.042654 0.043224 1.646930 2.660971 2.669458 1.647423
0.072259 0.098579 0.093514 0.105367 0.063591 0.037421 0.036599 0.103397 1.110227 3.065487 0.046645 0.031898 0.018563 0.172004 0.176200 0.034751 0.033150 0.302071 0.229774 0.158807 0.173011 0.129630 0.126000 0.621350 0.084612 0.036743 0.028938 0.030014 0.117714 0.099831 0.108299 0.024696 0.051353 0.040820 0.045556 0.041359 0.045983 0.185092 0.017372 0.062129 0.029007 0.767309 0.024681 0.030617 0.029198 0.019814 0.043487 0.582529 1.698343 3.746992 3.751568 3.731156 2.775763 0.658210 0.648238 2.680218 3.337180 2.679651 1.653107
0.018959 0.026085 0.037728 0.121803 0.028740 0.019783 0.043572 0.130363 1.028731 2.991568 0.115921 0.047951 0.024163 0.031822 0.035850 0.043877 0.035393 0.033088 0.149985 0.125908 0.161507 0.117988 0.118997 0.594165 0.497943 0.044708 0.036599 0.059181 0.071983 0.150231 0.063332 0.037864 0.065423 0.044810 0.057517 0.045768 0.153798 0.188010 0.017372 0.057407 0.777537 1.879422 0.854802 0.826160 0.841851 0.036825 0.047935 0.044527 0.693486 2.722983 3.728664 4.328633 3.767285 2.755864 2.761918 2.700526 2.692141 0.522231 0.033294
-9999.000000 0.038566 0.042596 0.029961 0.049660 0.056908 0.062798 0.112406 0.217746 0.690909 0.153875 0.035834 0.043479 0.026756 0.033562 0.035408 0.027992 0.030753 0.101371 0.082572 0.115668 0.091835 0.095650 0.487154 0.430239 0.046683 0.049484 0.033806 0.074700 0.221548 0.221321 0.028892 0.063927 0.056968 0.072514 0.076820 0.136020 0.128158 0.078998 0.840322 0.814967 1.832914 2.870705 2.866457 2.855519 2.852880 1.830511 1.859975 0.756527 1.712571 2.690186 3.716980 3.755377 2.755564 2.763785 2.715650 0.518479 0.030598 0.023781
-9999.000000 0.048684 0.025245 0.027092 0.059689 0.061699 0.069192 0.218704 0.223156 0.126749 0.094490 0.054177 0.043541 0.032204 0.041618 0.035256 0.058235 0.053475 0.052903 0.102576 0.068567 0.066277 0.055763 0.281133 0.670830 0.074658 0.056068 0.034203 0.039909 0.172066 0.142830 0.069405 0.079781 0.055378 0.075523 0.056664 0.098939 0.710260 1.840044 1.881559 2.864577 2.883327 3.875180 2.862691 2.861103 3.834038 3.862706 2.875918 1.814176 1.776722 1.761974 2.676512 2.755780 1.744615 1.750083 1.740218 0.032121 0.040416 0.023018
-9999.000000 0.020455 0.031563 0.014396 0.028191 0.029732 0.065804 0.293679 0.328061 0.028114 0.026985 0.047920 0.094932 0.034919 0.045540 0.036126 0.063961 0.030896 0.083260 0.077559 0.057950 0.060370 0.061500 0.316677 0.437099 0.321225 0.051124 0.063147 0.085883 0.140244 0.126381 0.071114 0.086955 0.062375 0.128702 0.124739 0.082611 0.717081 2.818466 2.856408 3.830986 3.875387 3.859196 3.864027 3.860035 3.858170 4.834395 4.875968 3.875015 2.868175 1.774646 1.766126 1.774147 0.640574 0.581492 1.640975 0.487711 0.032404 0.028572
-9999.000000 -9999.000000 0.040444 0.021019 0.029808 0.040336 0.040901 0.162250 0.180880 0.042716 0.020439 0.049171 0.183162 0.183497 0.124323 0.196027 0.139537 0.040214 0.063210 0.063829 0.062676 0.068489 0.119308 0.582313 0.659715 0.166760 0.098543 0.071985 0.057143 0.154471 0.113716 0.148689 0.112120 0.929784 1.010754 0.975224 0.951429 1.673704 2.812306 2.868436 3.826279 3.872898 3.849863 3.861373 3.861771 3.862809 4.842022 4.884590 3.867303 2.854496 1.791821 1.784335 0.660650 0.045662 0.023387 0.089906 0.096060 0.169637 0.169774
-9999.000000 0.045433 0.035057 0.019889 0.075662 0.050224 0.054420 0.225254 0.268693 0.024788 0.031456 0.030357 0.031631 0.217743 0.185970 0.271402 0.205758 0.210821 0.214514 0.045776 0.063652 0.252178 0.188785 0.583010 0.564292 0.360154 0.188734 0.348215 0.211969 2.099447 2.140056 2.142505 2.145486 3.122290 3.172049 1.023102 0.952253 1.618852 2.760540 2.864272 3.808742 3.882840 2.844444 3.821151 3.860342 3.865359 3.878757 2.883039 1.863005 1.857139 1.810582 0.601965 0.037807 0.025870 0.027703 0.052300 0.033394 0.040443 0.163006
-9999.000000 0.081765 0.137947 0.034187 0.058371 0.044349 0.051995 0.269645 0.291137 0.024559 0.014396 0.025192 0.029808 0.266163 0.017372 0.031167 0.111839 0.636799 0.726755 0.617588 0.551138 0.395157 0.218945 0.495653 0.432940 0.274340 1.403954 1.423264 1.899526 3.118688 3.197271 3.170733 3.164469 3.152426 3.146056 3.185241 2.027138 1.867549 1.882689 2.773165 2.871856 2.900061 1.831399 1.854846 2.840956 2.866227 3.863377 2.877198 1.855541 1.848368 0.735975 0.045581 0.032890 0.033653 0.042274 0.036278 0.030159 0.045555 0.038307
-9999.000000 0.020637 0.195382 0.177451 0.041023 0.037238 0.040428 0.251987 1.351131 0.333816 0.019310 0.031120 0.181683 0.275163 0.017372 0.047066 0.062812 0.681091 0.784847 0.721636 0.607512 0.382102 0.445553 0.373382 0.727825 1.467006 1.510396 1.396616 1.810990 3.075584 3.169925 3.153462 3.150143 3.135944 3.124876 3.112169 3.123579 1.935274 1.871334 1.882595 2.848838 1.950314 0.857926 0.861099 1.827126 2.848674 3.848358 2.870274 0.675997 0.629200 0.702078 0.023476 0.033272 0.027809 0.036049 0.038108 0.014396 0.026849 0.026695
0.020637 0.033470 0.024896 0.197959 0.028389 0.027214 0.287202 1.318962 1.336112 0.267191 0.147042 0.225327 1.245101 0.234328 0.162304 0.078536 0.294602 0.688662 0.805254 0.024712 0.023476 0.186991 0.255887 0.772914 0.809499 2.509255 1.519960 1.301086 1.152161 2.088512 2.155749 2.150887 2.162923 2.142645 2.122002 2.059263 2.014372 1.961549 0.820425 0.835627 1.851703 2.897385 0.829717 0.835800 0.799762 0.807722 1.822523 1.841191 0.028270 0.032647 0.025596 0.141947 0.038430 0.049946 0.055875 0.038704 0.024361 0.023887 0.028069
0.033623 0.024896 0.023460 0.117822 0.067070 0.040703 0.290988 1.312289 0.280799 0.019309 0.106187 0.250585 0.248583 1.216828 0.124610 0.103270 0.354258 0.348956 0.014396 0.032539 0.025139 0.094323 0.771533 0.819472 1.741707 1.668740 1.566679 0.341885 0.191997 1.008776 1.037696 1.109892 2.159166 2.147283 2.141599 1.128187 1.054723 0.047743 0.047666 0.053959 1.810796 2.862157 0.812336 0.103335 0.146937 0.164832 0.140785 0.021263 0.021034 0.017967 0.027351 0.092569 0.587516 0.558502 0.582796 0.069863 0.050525 0.022225 0.050926
0.064306 0.058083 0.061287 0.465560 0.449195 0.359056 0.334633 0.024543 0.020988 0.014396 0.021004 0.019570 0.190144 0.182829 0.244121 0.405479 0.258541 0.154397 0.189032 0.107724 0.887006 0.941671 1.872537 1.900228 1.833348 1.821378 0.691517 0.065117 0.039329 0.287213 0.297148 1.111096 2.175931 3.192197 3.194105 2.206864 0.145604 0.018180 0.022242 0.057313 0.793988 1.826919 0.785466 0.136222 0.163840 0.175124 0.177338 0.186248 0.017967 0.028871 0.056150 0.790554 2.851709 2.854040 0.741644 0.079553 0.050336 0.057243 0.051444
0.047142 0.019294 0.078026 0.049233 0.032280 0.331197 0.331281 0.025353 0.033347 0.025826 0.035957 0.059896 0.203638 0.185631 0.244463 0.413221 0.299808 0.164561 0.190342 0.776207 1.868543 1.921849 1.885329 1.880078 1.803086 1.788574 0.032952 0.017372 0.017372 0.325246 0.334136 0.286316 1.053000 2.164262 3.187523 3.197117 1.182956 0.109560 0.023627 0.074605 0.882807 0.917709 0.069926 0.120891 0.138975 0.178186 0.186172 0.188214 0.020378 0.092236 0.782267 1.881884 3.877361 2.889818 0.754212 0.073960 0.045632 0.059761 0.037621
-9999.000000 0.027672 0.027153 0.017372 0.038323 0.243985 1.285198 1.317497 0.173018 0.189868 1.157175 0.091060 0.249649 0.198760 0.304462 0.165644 0.201174 0.399189 0.245756 0.764419 1.731799 1.768231 1.738205 1.745059 0.701808 0.839315 0.901069 0.048663 0.051720 0.372919 0.384235 0.340320 0.292847 1.040922 3.146589 4.179824 3.183980 1.119874 0.029663 0.023426 0.904981 0.920688 0.029626 0.020210 0.035454 0.153099 0.188374 0.183040 0.144849 0.141621 0.814261 1.880385 3.879222 2.881474 0.737629 0.066053 0.037878 0.041800 0.063701
-9999.000000 0.019294 0.055520 0.017372 0.037285 0.204791 1.295893 1.319625 0.182287 0.253139 0.167795 0.377298 0.323069 0.266496 0.172165 0.097372 0.177739 0.090009 0.150810 0.174387 0.436339 0.432988 0.396279 0.344178 0.225000 0.862064 0.873260 0.864662 0.708840 0.513565 0.432474 0.367037 0.296125 0.259532 1.216005 3.159586 3.157825 1.067185 0.425281 0.018379 0.849062 0.922207 0.039710 0.030983 0.032494 0.060107 0.046105 0.183061 0.159149 0.140799 0.067110 1.857257 2.877704 1.884811 0.750101 0.059532 0.027473 0.028679 0.510361
-9999.000000 -9999.000000 0.052300 0.025063 0.026360 0.183446 0.025491 0.027001 0.115310 0.194924 0.128807 0.375173 0.346015 0.293169 0.216445 0.109897 0.177419 0.090513 0.092997 0.326000 0.321606 0.308940 0.319196 0.302246 0.210864 0.738794 0.757558 0.768960 0.117005 0.131555 0.102045 0.077487 0.227209 0.217237 1.235367 2.241540 2.185685 1.053205 0.471603 0.614711 0.359311 0.824632 0.033470 0.031258 0.053200 0.041618 0.079413 0.041329 0.090762 0.890579 0.906800 0.884742 1.853845 1.896804 0.768635 0.769906 0.751179 0.723518 1.547660
-9999.000000 -9999.000000 -9999.000000 0.099890 0.147208 0.105337 0.032615 0.039802 0.028725 0.120319 0.406075 0.395101 0.362604 0.305948 0.208321 0.225107 0.175030 0.222793 0.565070 0.492914 0.459326 0.437081 0.452481 0.435977 0.315753 0.307300 0.209522 0.200423 0.136173 0.144449 0.096767 0.137600 0.166751 1.136390 2.236162 2.229280 1.100188 0.367647 0.482089 0.594782 0.495756 0.295754 0.318224 0.088676 0.049949 0.052910 0.034386 0.034675 1.869545 1.899820 0.873814 0.859236 0.829633 0.830436 1.679419 2.775828 1.752101 1.730908 2.645001
-9999.000000 -9999.000000 -9999.000000 0.102777 0.137874 0.077695 0.027017 0.034050 0.033820 0.040306 0.036430 0.260417 0.310337 0.310645 0.026512 0.137102 0.188422 0.249887 0.158090 0.430348 0.419060 0.419689 1.518049 1.591187 1.469660 0.239363 0.159348 0.143778 0.206954 0.187059 0.124724 0.130061 0.116344 1.109838 2.000031 2.080599 0.222474 0.360370 0.447757 0.672301 0.611780 0.033455 0.027535 0.035958 0.038550 0.030037 0.045600 0.212304 0.729051 0.707154 0.806214 0.145501 0.074549 0.738717 1.662251 1.749024 2.657655 2.708869 2.668905
-9999.000000 -9999.000000 -9999.000000 -9999.000000 0.020103 0.014396 0.130424 0.105095 0.035363 0.020134 0.028756 0.032829 0.086128 0.031030 0.055018 0.111934 0.274058 0.036232 0.081825 0.059975 0.044671 0.033622 0.589630 1.615449 0.470061 0.115618 0.069282 0.075918 0.171947 0.136148 0.096248 0.057110 0.022758 0.033791 0.335970 0.288190 0.106995 0.134841 0.105247 0.733728 0.616057 0.021019 0.033638 0.019082 0.026314 0.022514 0.018440 0.149311 0.126268 0.059302 0.139047 0.268746 0.741948 1.748880 1.680458 1.718631 1.718883 1.710140 2.635519
-9999.000000 -9999.000000 -9999.000000 -9999.000000 -9999.000000 0.044166 0.079963 0.067238 0.027794 0.017372 0.017372 0.019798 0.048712 0.068015 0.044625 0.062950 0.076316 0.082985 0.058647 0.042840 0.023781 0.049065 0.590299 1.643758 0.512044 0.119621 0.092572 0.107346 0.235147 0.184712 0.119676 0.027046 0.031166 0.040855 0.571946 0.082252 0.128693 0.146788 0.124386 0.631159 0.648085 0.872007 0.900517 0.099280 0.018959 0.114127 0.081695 0.165455 0.146117 0.025337 0.050786 0.351111 0.614432 1.466928 0.462713 0.481887 0.496246 0.542308 1.590128
