use_cases/Flooding_chicago/flooding_data/output/h_1260.asc
ncols 337
nrows 393
xllcorner 428428.000000
yllcorner 4602440.000000
cellsize 26.757400
NODATA_value -9999.000000
[rows 216 to 242 of 393, columns 59 to 117 of 337]
1.221053 1.217628 0.221777 0.230019 0.221728 0.052480 0.024440 0.018605 0.347995 0.053028 0.028021 0.018272 0.022652 0.039848 0.388534 0.420543 0.045311 0.082157 0.033104 0.036278 0.027244 0.061676 0.272210 1.409338 0.406895 0.389758 0.365065 0.338873 0.263861 0.835870 0.850150 0.127205 0.114930 0.038948 0.054314 0.066094 0.020606 0.039878 0.103887 0.118483 0.137273 1.783539 2.801972 1.737297 1.759249 1.789317 1.777393 1.073111 0.876999 0.534190 0.503724 0.579431 0.079313 0.035345 0.058596 0.035241 0.063455 0.095344 0.099542
1.234830 1.230556 1.245643 0.025623 0.048087 0.081810 0.031174 0.595711 0.504417 0.105131 0.025900 0.033256 0.028961 0.396289 1.439313 1.421873 0.306215 0.055303 0.020760 0.073726 0.075363 0.060878 0.344399 1.404793 0.025078 0.025902 0.348901 0.342022 0.289701 0.038231 0.075027 0.194283 0.052376 0.048576 0.035622 0.048363 0.019860 0.033882 0.075920 0.070199 0.129246 0.634303 0.695768 0.174125 0.162417 0.794287 0.753854 0.954877 0.852997 0.419581 0.080394 0.025219 0.032553 0.039648 0.047705 0.060474 0.087044 0.112862 0.076447
2.250701 2.254020 2.242357 0.125706 0.040081 0.037768 0.051890 0.619347 0.134210 0.205531 0.263268 0.300822 0.338247 0.383152 1.432109 1.421091 0.361181 0.032950 0.587984 0.555412 0.085708 0.024895 0.023460 0.375232 0.031486 0.034217 0.362318 0.302421 0.033120 0.018745 0.120110 0.073067 0.074138 0.025124 0.031837 0.032525 0.029960 0.053779 0.099999 0.090507 0.048621 0.192157 0.258210 0.299110 0.323301 0.350087 0.368351 0.463501 0.503835 0.206769 0.156305 0.023494 0.024731 0.501761 0.492938 0.494668 0.479099 0.498575 0.094683
2.217076 3.238579 3.241694 2.141783 0.235853 0.060506 0.097682 0.130725 0.211078 0.259893 1.313794 0.346720 0.373412 0.387820 1.433626 1.423003 0.026801 0.034477 0.586235 0.582846 0.020637 0.033470 0.024895 0.032877 0.852233 0.041832 0.051257 0.052849 0.038078 0.023704 0.201320 0.022071 0.037454 0.025078 0.031670 0.031914 0.025994 0.079583 0.053261 0.040230 0.027413 0.061139 0.307842 0.366461 0.383962 0.372497 0.204366 0.301142 0.410198 0.410137 0.283638 0.411735 0.456776 1.523542 1.485371 0.533434 1.651521 0.485950 0.107145
2.208954 2.198824 3.180292 2.051036 0.282789 0.050667 0.086442 0.140111 0.200958 0.270504 1.319051 0.345022 0.374796 0.387543 1.433303 1.423006 0.032158 0.036934 0.589445 0.570549 0.044449 0.020637 0.062406 0.035207 1.865751 0.044900 0.066719 0.037055 0.026938 0.030646 0.236921 0.237285 0.034447 0.038887 0.036293 0.056358 0.042992 0.027274 0.023201 0.018623 0.026253 0.122675 0.110902 0.393079 0.377433 0.142916 0.264018 0.379645 0.550204 0.231343 0.363568 0.424978 0.461858 1.512086 0.501413 0.468547 0.061982 0.094795 0.110944
1.153028 1.099040 1.047288 0.925757 0.425203 0.163780 0.197213 0.083644 0.025489 0.025261 0.331941 0.333424 0.021034 0.017967 0.468372 0.445845 0.026207 0.014397 0.027973 0.515081 0.445937 0.437877 0.037392 0.838733 1.862398 0.750812 0.021568 0.021508 0.036659 0.032432 1.263163 0.221292 0.024680 0.068107 0.039329 0.111519 0.074104 0.185089 0.173764 0.172441 0.181261 0.189322 1.216219 0.139799 0.105926 0.055366 0.074430 0.137653 0.762165 0.322191 1.447093 0.450876 0.477739 0.520605 1.522657 0.390305 0.062324 0.033058 0.039940
0.233373 0.306660 0.552081 0.587143 0.551304 0.136408 0.027443 0.028923 0.017372 0.032448 0.305890 0.353817 0.017967 0.450034 0.454463 0.457507 0.447610 0.034416 0.034645 0.582326 2.585999 2.542421 1.417046 0.768507 0.766278 0.669972 0.153610 0.091692 0.026069 0.025353 0.236764 0.235761 0.018990 0.046899 0.110969 0.125440 0.083214 1.230388 1.223435 1.222519 1.226976 1.235748 1.210862 0.192217 0.053914 0.091120 0.014397 0.312920 0.305760 1.470901 1.448695 1.435177 0.476465 0.522196 1.516108 0.379373 0.087884 0.037514 0.053856
0.167084 0.051869 0.742700 0.715961 0.611294 0.198390 0.027428 0.028923 0.017372 0.027092 1.370340 1.336678 1.320561 1.408363 1.428119 1.477130 1.475267 1.495709 1.493222 1.532064 2.575398 2.536763 0.462990 0.101984 0.182854 0.179243 0.226560 0.121513 0.171639 0.189309 0.203805 0.014397 0.063774 0.130009 0.113967 0.091804 0.057989 2.242359 1.234002 1.232279 2.244508 2.242668 2.206333 0.248273 0.076786 0.141610 0.276356 0.328768 0.367276 1.457482 1.444144 1.430884 0.420604 0.027444 0.031010 0.453302 0.145812 0.168348 0.050308
0.014397 0.124920 0.863785 0.830851 0.248951 0.367539 0.429225 0.077046 0.130591 0.204284 1.346098 1.328505 1.284816 0.421372 0.442366 1.518335 1.493388 2.518881 1.501059 1.528588 1.562724 1.517399 0.071448 0.017372 0.236949 0.061088 0.104352 1.165947 0.173302 0.187577 0.186592 0.155036 0.094719 0.120864 0.186284 1.216058 1.228344 2.248566 1.233781 1.232062 2.243778 2.232418 2.203966 0.372846 0.520331 0.563848 0.254618 0.347439 0.393552 1.453099 1.435110 1.414375 0.377712 0.037728 0.023827 0.025446 0.191605 0.156925 0.047280
0.171434 0.155058 0.915684 0.851854 0.376018 0.497333 0.587991 1.680648 0.775784 1.071254 1.279157 1.287435 1.260482 0.324489 0.405597 1.498594 1.480509 2.497197 1.460624 0.493608 1.567794 0.489946 0.133677 0.017372 0.253279 0.078180 0.130303 1.161112 0.157580 0.018456 0.186680 0.161278 0.099786 0.117352 0.167489 1.214065 2.223679 1.232304 1.230715 1.229246 1.228457 1.212207 1.171226 0.371998 0.506345 0.540055 0.265892 0.371336 0.418460 0.460180 0.476632 0.483522 0.454466 0.031152 0.026131 0.035260 0.046943 0.051891 0.042021
0.196073 0.270240 0.295433 0.344715 0.462328 0.534952 0.621799 1.752900 0.710364 0.217671 0.290887 1.323710 0.040291 0.025597 0.028404 0.039986 0.405323 0.400192 0.033182 0.039395 0.037876 0.628315 0.217274 0.250418 0.219816 0.055901 0.017967 0.194451 0.195504 0.023567 0.030128 0.028633 0.081978 0.087814 0.160787 1.216800 2.231473 1.233821 1.233639 1.232588 1.230490 0.257173 0.273391 0.304056 0.097312 0.180089 0.296151 0.399253 1.439908 0.478716 0.502796 0.517948 0.521287 0.545694 0.117978 0.169973 0.046599 0.021575 0.036070
0.233523 0.328672 0.384675 0.431280 0.478618 0.504968 0.552318 0.573035 0.143910 0.249344 0.242477 0.031929 0.036279 0.017372 0.025703 0.038337 0.033714 0.091641 0.030708 0.035879 0.026115 0.245435 1.376274 0.244052 0.031226 0.017967 0.021034 0.203744 0.210761 0.225689 0.028145 0.042045 0.031090 0.039841 0.037523 1.211794 2.225908 2.218705 1.234532 1.233016 1.228747 0.253979 0.270521 0.254460 0.080525 0.034447 0.037346 0.437261 0.435152 0.497146 0.527559 0.547448 0.559058 0.579031 0.574760 0.194054 0.063772 0.130297 0.179253
0.265756 0.363001 0.422869 0.460747 1.490032 0.477783 0.506677 0.074296 0.151795 0.221534 0.215228 0.036614 0.035836 0.017372 0.025703 0.039925 0.041695 0.040306 0.047768 0.014397 0.025917 0.274322 1.382824 0.028684 0.045739 0.077492 0.107276 0.167534 0.208341 0.230980 0.244209 0.041191 0.043021 0.023201 0.022164 0.161132 3.223539 3.222430 3.220423 2.218521 1.230038 1.225999 0.204160 0.064188 0.118702 0.055352 0.068504 0.018166 0.055904 0.519282 0.548990 0.563844 0.569283 0.555150 0.181618 0.311671 0.497249 0.102849 0.185885
0.307775 0.404999 1.506241 1.515370 1.475644 0.382371 0.077080 0.040538 0.061930 0.082927 0.105818 0.019310 0.014397 0.047432 0.066358 0.303211 1.441956 0.033165 0.030052 0.321376 1.366934 1.381186 1.371097 0.019539 0.327856 1.338707 0.238217 0.099492 0.026023 0.034309 0.038659 0.049599 0.040657 0.043938 0.036525 0.168156 2.227465 3.235011 3.235673 2.232985 1.228871 1.229810 0.043846 0.043680 0.061867 0.079461 0.023751 0.022072 0.099137 0.065690 0.573274 0.578789 0.569117 0.024438 0.018837 0.025474 0.593979 0.618311 0.155933
0.392968 0.432324 0.457182 1.493770 1.459409 0.359764 0.134202 0.025527 0.048180 0.077609 0.128800 0.159133 0.028678 0.042901 0.028359 0.346825 0.382158 0.025185 0.329945 1.370847 1.371091 2.373156 1.363878 1.383231 2.375039 2.372504 1.343388 0.062042 0.025978 0.034158 0.038215 0.047401 0.038750 0.070578 0.144609 1.222738 1.235386 2.241486 2.238360 2.241014 1.235484 0.201769 0.031319 0.068076 0.085153 0.024650 0.028633 0.158684 0.135383 0.110069 0.582847 1.623407 1.602884 0.442555 0.072569 0.036278 0.033458 0.644222 0.101117
1.469129 1.473706 0.439710 0.374192 0.362850 0.131050 0.228935 0.115991 0.044738 0.019141 1.223610 1.220395 0.177981 0.028800 0.029519 0.019844 0.367727 0.023858 0.024834 0.315094 1.361806 1.356242 0.348862 1.383946 1.382690 2.385724 1.368961 0.354312 0.065347 0.092155 0.101376 0.030435 0.032463 0.065674 0.147762 1.221715 0.231287 1.221095 1.219518 1.221342 1.225042 1.217081 0.087158 0.071068 0.093801 0.027840 0.024727 0.160076 0.146635 0.119122 0.554658 1.590127 1.567897 0.415259 0.080927 0.046737 0.056595 0.055521 0.083978
1.451336 1.463151 0.454971 0.046487 0.087362 0.092607 0.184716 0.180260 0.044854 0.025215 1.217281 1.220143 0.219660 0.180388 0.147890 0.097408 0.313587 0.270599 0.032089 0.035698 0.039304 0.046667 0.040245 0.029656 0.344945 0.342320 0.340083 0.354457 0.054482 0.072412 0.067635 0.058129 0.020699 0.045065 0.175997 0.220106 0.223934 1.225132 1.221861 1.223357 1.226700 1.218868 0.083107 0.064431 0.097466 0.019417 0.168269 0.168022 0.155127 0.127154 0.070188 0.435997 0.045470 0.059993 0.036780 0.057879 0.055832 0.046994 0.045080
0.434020 0.440756 0.410226 0.038356 0.027855 0.028908 0.288749 0.248833 0.049904 0.036094 0.036324 0.034904 0.027153 0.167158 0.132181 0.085575 0.251132 0.214156 0.027717 0.036515 0.017372 0.017372 0.051305 0.037481 0.317999 0.314344 0.310661 0.029198 0.048286 0.041513 0.180177 0.161385 0.027229 0.028983 0.207300 0.216890 1.222662 1.225453 2.227904 2.221688 1.222603 0.162166 0.032829 0.026726 0.028938 0.151379 1.208461 0.186452 0.178427 0.021034 0.017967 0.067479 0.028039 0.037703 0.050179 0.014397 0.033214 0.077060 0.066051
0.106758 0.086464 0.066308 0.023795 0.023018 0.044654 0.315833 0.290775 0.054403 0.045616 0.017372 0.017372 0.032936 0.020821 0.093017 0.056969 0.130708 0.229668 0.180589 0.040398 0.047740 0.030418 0.037033 0.028679 0.279852 0.277837 0.274721 0.025307 0.029731 0.152256 1.215758 1.216308 0.186677 0.209012 1.230135 1.225328 1.229445 1.231635 1.230149 1.230644 1.227317 0.145588 0.044151 0.019310 0.046058 0.136417 1.211957 0.181277 0.146553 0.017967 0.083123 0.020458 0.032956 0.035513 0.038005 0.030286 0.064470 0.994135 1.008744
0.168923 0.132125 0.034248 0.028145 0.023674 0.061608 0.346550 0.044929 0.026558 0.014397 0.045234 0.033196 0.056434 0.045906 0.049233 0.069027 0.115775 0.582832 0.551758 0.045801 0.085344 0.048555 0.092534 0.142163 0.209945 1.218775 0.197772 0.099810 0.054870 1.198739 1.208400 1.204438 0.212386 0.205634 0.200476 0.181279 0.206538 1.242356 1.233571 1.233623 0.201662 0.157292 0.029519 0.027367 0.023506 0.041801 0.032403 0.136680 0.967156 1.992398 1.994479 2.019906 1.017548 0.043408 0.986503 0.037730 1.061732 1.045790 2.050982
0.199137 0.160788 0.047017 0.022972 0.095250 1.101768 0.082328 0.089057 0.024238 0.026618 0.049813 0.033362 0.077720 0.062191 0.058650 0.057951 0.065271 0.031590 0.417001 0.291030 0.062808 0.087304 0.112889 0.105468 0.161123 0.170376 0.134923 0.410258 0.354925 1.214213 1.228137 1.229106 1.238809 1.239612 0.201298 0.014397 0.197841 1.247436 2.244199 0.210243 0.032616 0.039467 0.028434 0.023567 0.022942 0.044487 0.046501 0.031395 0.955615 1.984651 3.005855 2.993339 2.995355 2.953499 2.985752 0.965724 0.056349 1.038938 1.042532
0.190300 0.043876 0.065803 0.018548 0.105033 0.102834 1.095725 0.090020 0.076531 0.041321 0.086022 0.081124 0.118424 0.773763 0.918597 0.897317 0.050607 0.747846 1.699228 1.725890 0.742509 1.799864 0.678931 0.066650 0.103133 0.111687 0.104279 0.056157 0.033962 1.218694 2.230722 2.225354 2.229130 2.223119 1.238271 0.157232 0.014397 1.237497 1.243321 1.237653 0.033546 0.042152 0.036065 0.028191 0.027992 0.198692 0.039589 0.036827 0.065982 0.986607 1.025790 1.023365 1.003853 1.996823 2.991001 1.001391 1.011251 1.013274 1.045229
0.049216 0.065996 0.014397 0.097552 0.099906 0.098656 0.092659 0.080864 0.051202 0.130638 0.095559 0.100933 0.917228 1.985811 0.953104 0.885185 0.836382 2.890289 3.890653 3.887841 3.882306 3.899972 3.852903 0.144581 0.116668 0.165292 0.053221 0.043473 0.029849 1.210471 1.215202 2.230594 2.227730 2.230640 2.238342 1.205869 0.240713 1.268336 2.249621 1.221831 0.310701 0.328539 0.160376 0.275276 0.260687 0.120018 0.042336 0.043313 0.027662 0.024229 0.026126 0.021187 0.064154 0.950028 0.977706 0.991541 1.009059 0.972867 0.059408
0.083139 0.073463 0.062045 0.070442 0.083457 0.086031 0.081489 0.060402 0.173123 0.158547 0.104062 0.108094 0.985069 1.018348 1.014424 0.029700 1.854151 2.880410 3.887827 2.881510 3.874872 3.872486 3.876906 3.842628 2.856192 1.824408 0.090987 0.053839 0.094952 1.183995 2.231387 2.218204 2.223644 2.225035 2.192490 0.271796 1.294567 2.251211 2.263427 2.257791 0.296644 0.283532 0.123328 0.035973 0.044533 0.030450 0.018136 0.030098 0.071521 0.058031 0.876633 0.855319 1.826689 0.807693 0.049563 0.017372 1.030041 0.994504 0.065982
0.026711 0.050384 0.092539 0.129804 0.047462 0.058463 0.063133 0.041633 0.146263 1.147755 0.103387 0.116702 0.084092 0.979403 1.029233 0.021895 1.896991 3.914609 3.902221 2.904690 2.903502 3.911326 4.918859 5.926336 5.892544 3.906438 2.871570 1.766627 0.850474 0.995367 2.235828 2.204259 2.213580 2.222346 2.236389 2.338581 1.275738 2.268774 2.259482 1.243261 0.197788 0.037958 0.029518 0.021965 0.022453 0.022453 0.021965 0.046237 1.854737 1.865798 1.859702 1.855370 2.863435 2.847103 0.792921 0.017372 0.028491 1.979029 0.902001
0.033622 0.037368 0.193593 1.233412 0.181915 0.062723 0.033774 0.175988 0.162498 1.150741 0.096230 0.114246 0.127195 0.937018 0.029655 0.017372 1.906470 4.902567 5.908867 4.875995 2.907938 3.919855 4.930342 4.926224 5.918631 4.924160 4.882489 2.776149 0.882550 0.978219 2.217229 3.223797 3.207911 3.209431 3.222770 3.299172 2.282399 1.258895 1.240376 0.179744 0.043449 0.039681 0.036934 0.018135 0.030450 0.067698 0.075330 0.805218 1.876894 1.877272 1.866956 2.848268 3.860070 4.851602 2.836594 0.058171 0.931790 2.003771 1.945955
0.056097 0.050080 0.219231 2.281032 2.289052 0.192874 0.021584 0.173409 0.160850 0.121438 0.070197 0.101925 0.219758 0.208794 0.042029 0.017372 0.775557 3.883015 5.896863 4.900906 3.887152 3.894334 3.897674 3.894973 2.883531 3.890946 4.879594 2.828662 0.811612 0.079704 1.191159 3.185225 3.186306 2.126075 2.081124 3.232532 2.274605 2.253946 0.283126 0.200205 0.029884 0.023414 0.025749 0.053665 1.826859 1.845494 1.846594 1.852495 0.798316 1.871363 2.854579 3.845380 5.849662 6.849790 2.813273 0.835867 0.909375 2.018733 1.943082
