use_cases/Flooding_chicago/flooding_data/output/h_1200.asc
ncols 337
nrows 393
xllcorner 428428.000000
yllcorner 4602440.000000
cellsize 26.757400
NODATA_value -9999.000000
[rows 189 to 215 of 393, columns 236 to 294 of 337]
0.052393 0.043159 0.086638 2.956197 2.996192 3.051128 1.985198 0.877954 0.798723 0.823142 0.023348 0.021889 0.332409 0.353166 1.333410 1.346941 3.319708 3.345310 3.326574 1.318706 0.212723 0.054434 0.021033 0.017967 0.029518 0.029945 0.025765 0.065704 0.054191 0.079868 1.082420 1.972402 2.058125 1.098910 1.062964 0.814262 0.727472 0.636434 1.441966 1.569943 1.550611 0.040180 0.019309 0.053308 0.701839 0.733807 0.735561 1.759498 1.749802 0.074262 0.139491 0.153316 0.062753 0.037162 0.033852 0.050926 0.083350 0.061212 0.167915
0.037926 0.048821 0.045992 1.935710 2.982221 2.990259 0.936740 0.882830 0.838187 1.877312 0.893433 0.874230 0.014396 0.299196 1.335371 2.298385 3.321137 3.327136 2.313681 1.317767 0.221888 0.053102 0.028603 0.034163 0.031105 0.039024 0.068434 0.559379 0.561040 1.085011 2.270955 1.242264 1.226474 1.202406 1.212382 0.138272 0.078891 0.670479 0.677524 1.667577 2.674304 0.065253 0.027366 0.023506 0.035378 1.757462 0.768952 0.783425 1.784550 0.710676 0.173614 0.176507 0.064796 0.044518 0.055733 0.046471 0.040535 0.028450 0.038948
0.049035 0.036323 0.034309 0.109918 1.910189 2.003234 0.942302 0.897498 1.827033 3.891537 2.909790 1.881167 0.877209 0.026032 1.329400 2.331647 2.332670 1.244679 1.287690 1.290805 0.243972 0.055340 0.075750 0.077817 0.020226 0.029457 0.070397 0.555757 0.557979 1.092814 2.217330 2.267516 2.271044 2.265434 2.295492 0.196609 0.119301 0.690552 0.721917 1.680481 2.687173 0.712343 0.023566 0.022942 0.037376 1.763900 1.775017 0.779395 0.782071 0.737341 0.096305 0.031894 0.026986 0.054023 0.067375 0.059197 0.025704 0.017372 0.025703
0.040305 0.033454 0.033241 0.179293 0.981426 1.072196 0.149335 1.800523 2.838680 3.853932 2.855993 0.766091 0.045395 0.023307 0.076559 0.074559 0.057261 0.044191 0.041284 0.194845 0.203848 0.061707 0.089813 0.059662 0.060896 0.053768 0.713409 0.671309 0.553598 1.135289 1.239509 2.234345 2.249726 3.233797 2.269617 0.225516 0.145171 0.701840 0.762179 1.694769 2.709495 1.806764 0.049248 0.050001 0.743546 1.763869 1.748355 0.765112 0.768624 0.740132 0.059244 0.031303 0.051042 0.036461 0.050317 0.046288 0.025704 0.017372 0.025703
0.040787 0.211136 0.268844 0.323136 1.002019 0.216504 0.241514 0.693506 1.795437 1.760381 0.609373 0.042152 0.035591 0.021782 0.033577 0.077497 0.017967 0.032172 0.076870 0.073796 0.058734 0.074236 0.014396 0.071583 0.088156 0.647036 1.809412 1.864327 0.653533 0.448446 1.180032 1.247915 2.216568 3.222950 2.274298 1.268021 1.153128 0.911272 1.794043 1.767859 2.690425 1.819676 0.709213 0.669211 0.738555 1.725561 0.682498 0.748033 1.783815 1.786411 0.831892 0.821385 0.773267 0.052079 0.083351 0.042777 0.056567 0.025596 0.028405
0.514167 0.353573 0.339761 0.233130 0.260724 0.349812 0.313906 0.102374 0.084939 0.051537 0.051788 0.042188 0.022591 0.022591 0.027794 0.097480 0.021033 0.017967 0.037799 0.031778 0.020560 0.073609 0.042600 0.045633 0.647522 1.775664 2.823177 2.858366 1.799417 0.558088 0.419164 1.181194 1.189579 2.200827 2.262611 2.312308 1.119115 0.937057 1.612081 1.643302 1.656105 1.764535 1.756232 1.737326 0.720699 0.046029 0.041286 0.753830 1.762936 1.756658 0.804050 0.792913 1.752029 1.725893 1.743585 1.724189 1.705053 1.771104 0.598655
0.559792 0.365225 0.190199 0.131386 0.077020 0.322630 0.150134 0.148444 0.088569 0.029702 0.041252 0.055386 0.022591 0.022591 0.027794 0.060192 0.059700 0.043892 0.036323 0.027556 0.057294 0.556866 0.518833 0.829297 0.713701 2.329705 2.676235 1.772889 0.666613 0.554724 0.487436 0.404023 0.382695 1.185824 2.235937 2.249810 1.140071 0.956091 0.928368 0.031357 0.040572 2.800288 1.788246 1.767776 0.059485 0.038787 0.020302 0.086770 0.760525 0.812995 0.821401 0.809923 0.805993 1.727575 1.761699 1.726676 2.700648 2.747015 1.713174
0.057633 0.020104 0.040992 0.036531 0.040839 0.160928 0.213039 0.267745 0.059307 0.017372 0.017372 0.028152 0.062482 0.045113 0.060150 0.119637 0.118113 0.708306 0.669346 1.581796 2.625883 3.695395 2.635992 1.003573 0.610857 0.774413 0.956805 0.043615 0.037348 0.482896 0.477949 0.428154 0.393189 2.300159 2.327876 1.292196 1.204426 0.251757 0.272138 0.019309 0.069534 1.753819 1.762444 0.565238 0.034249 0.021033 0.017967 0.156675 0.755213 0.838977 0.842797 0.824912 0.810777 0.754394 0.685897 1.662566 1.707532 0.523481 0.497949
0.036743 0.018349 0.029686 0.027992 0.031180 0.134263 0.137811 0.262839 0.070896 0.086255 0.070824 0.037459 0.041778 0.076430 0.051395 0.069819 0.771360 1.580957 2.652628 3.642228 3.674916 3.709188 1.616554 0.374425 0.240043 0.131090 0.069179 0.076581 0.042408 1.490822 1.517074 1.477214 1.450384 2.334256 2.382761 1.390357 0.349155 0.351812 0.341565 0.027366 0.023506 0.106890 0.657513 0.062104 0.054882 0.017967 0.028871 1.273225 0.159367 0.844906 1.925804 1.921110 1.920991 0.816814 0.088578 0.079916 0.041512 0.025459 0.031609
0.028114 0.023033 0.031060 0.028390 0.031349 0.224900 0.245570 0.179671 0.138981 0.084364 0.053238 0.050809 0.068715 0.058958 0.117741 1.004681 0.903910 0.774091 1.410149 2.551580 2.621800 2.556805 0.707441 0.030986 0.020196 0.063596 0.042199 0.051154 1.509506 2.542440 1.493145 2.410604 2.442211 2.389344 2.353414 1.416410 0.402698 0.407459 0.383964 0.023566 0.022942 0.156030 0.032799 0.021355 0.077374 0.055958 0.150985 1.251110 0.183519 0.851331 1.877859 3.916292 2.898818 0.721458 0.030767 0.027779 0.027153 0.014396 0.034538
0.023660 0.036705 0.036537 0.052727 0.263231 1.339703 1.364850 0.256341 0.157256 0.204504 0.109006 0.139188 0.514841 0.491469 0.827452 1.228172 0.432940 0.441970 0.221877 0.116838 0.628051 0.758340 0.696350 0.028000 0.062242 0.168293 0.152558 0.439780 2.455884 3.498900 3.532053 3.460992 3.458213 2.389538 1.374459 1.421283 1.425946 0.469964 0.493926 1.583931 0.456053 0.036591 0.025840 0.036088 0.025840 0.044268 1.149199 1.207781 1.146933 1.004305 0.886608 1.865323 1.894865 0.065184 0.028999 0.031669 0.025628 0.032692 0.032600
0.031074 0.049567 0.256830 1.326308 2.358941 2.346584 1.354018 0.288835 0.014396 0.120630 0.232843 0.187103 0.529699 0.459728 0.999611 0.250946 0.533279 0.571166 0.022591 0.022591 0.260352 0.840811 0.033274 0.039533 0.059807 0.138064 0.117655 0.385593 1.455452 3.376255 3.427805 3.428483 1.427979 0.335352 0.368289 1.463518 1.439050 1.479984 1.501971 1.524551 1.501111 0.052829 0.024926 0.031150 0.024926 0.032479 1.095663 1.202599 1.037207 1.030105 0.079293 0.049377 0.751770 0.114707 0.181634 0.177981 0.031502 0.040261 0.033058
0.029015 0.034995 1.348814 2.326598 2.347584 1.322287 1.344440 0.241599 0.143174 0.146321 0.262978 0.211100 0.586518 0.584114 0.095345 0.513459 0.324128 0.409831 0.022591 0.022591 0.408808 0.526308 0.024056 0.026528 0.035530 0.053735 0.039772 0.038735 1.267625 1.271041 1.268079 1.221901 0.318817 0.031078 0.039848 1.385020 1.380949 0.358122 0.412631 0.567099 1.543696 0.599832 0.103670 0.104285 0.088264 0.623392 1.085629 1.277006 0.184489 0.120974 0.133599 0.033868 0.099730 0.142438 0.182264 0.171020 0.120168 0.195885 0.449013
0.154067 0.121474 1.328833 1.342299 0.259056 0.231292 0.026879 0.028648 0.073599 0.033462 0.047370 0.034572 0.249625 0.238338 0.211823 0.827436 0.014396 0.539467 0.677994 0.621394 0.338387 0.802448 0.026314 0.038599 0.028008 0.039360 0.022605 0.021964 0.799300 0.909876 0.728102 0.151298 0.052329 0.035242 0.074091 0.261561 0.273951 0.042834 0.053002 0.611498 1.614062 1.713395 1.751965 0.837756 0.833533 0.713428 0.607137 0.628588 0.039210 0.048068 0.065164 0.074152 0.053949 0.042808 0.220620 0.030648 0.025871 0.106839 0.078197
0.150437 0.139857 0.273299 0.294336 0.041893 0.059845 0.027107 0.025322 0.126503 0.083941 0.053357 0.047153 0.366168 0.345351 1.243413 0.826717 0.885923 0.726858 0.718114 0.645586 0.392867 0.822451 0.897793 0.034539 0.032814 0.036194 0.062067 0.771241 0.998456 0.923387 0.500383 0.105051 0.109816 0.020087 0.094969 0.070413 0.081931 0.042076 0.032764 0.050300 0.530918 1.667521 0.820777 0.847944 0.840191 0.772098 0.725294 0.731465 0.068181 0.014396 0.099898 0.102447 0.021355 0.072930 0.057198 0.052345 0.030952 0.190976 0.092924
0.146813 0.174617 0.128946 0.028754 0.034829 0.037819 0.014396 0.031425 0.097359 0.575002 0.628997 0.644461 0.536310 1.477846 1.465019 0.232442 0.741776 0.730674 0.737892 0.744841 0.017372 0.806827 0.832688 0.032585 0.032081 0.221369 0.942282 0.947497 0.839576 0.566525 0.606417 0.180894 0.141491 0.029228 0.058356 0.057975 0.061409 0.081940 0.020578 0.031843 0.131395 0.649510 0.841622 0.866600 0.859626 0.799125 0.751464 0.721330 0.072939 0.099231 0.102589 0.025840 0.036088 0.025840 0.072305 0.052575 0.326289 0.304801 0.022591
0.158116 0.204524 0.026772 0.039346 0.036171 0.036671 0.037865 0.027610 0.036368 0.043745 0.543439 1.572072 1.634041 1.496467 1.577009 0.019409 0.200588 0.676643 0.746206 0.762862 0.017372 0.816019 0.823457 0.025384 0.025230 0.147203 0.962444 0.960525 1.093546 0.283401 0.314374 0.323263 0.031777 0.027885 0.033318 0.029518 0.055900 0.040688 0.033073 0.040973 0.224100 0.209478 0.934320 0.922799 0.907234 0.830073 0.777803 0.053338 0.088312 0.097962 0.099043 0.024926 0.031150 0.024926 0.073357 0.052184 0.329232 0.325864 0.022591
0.165629 0.201845 0.024147 0.026511 0.056739 0.050468 0.043550 0.035836 0.046019 0.080907 0.617544 0.678752 1.566646 0.562068 1.521230 0.537176 0.394478 0.263217 0.688451 0.676556 0.462765 0.784875 0.816143 0.696358 0.581749 0.365521 0.398300 0.390407 1.330600 0.432951 0.439907 0.436671 0.037984 0.037559 0.017372 0.044380 0.023841 0.039955 0.028832 0.032841 0.315529 0.301353 1.032428 0.895319 0.940915 0.824114 0.025703 0.030144 0.024559 0.088048 0.072161 0.064820 0.065442 0.068898 0.065370 0.046795 0.315598 0.301430 0.230130
0.025795 0.141871 0.109909 0.075043 0.138244 0.103422 0.068595 0.047492 0.033251 0.138935 0.686702 0.757327 0.697676 0.604152 2.545561 1.615948 0.482867 0.392393 0.304249 0.232688 0.402985 0.725142 0.794696 0.696085 0.580067 0.392500 0.545854 0.544171 1.487941 1.597052 0.529632 0.523652 0.030376 0.030961 0.017372 0.032631 0.038658 0.046287 0.351228 1.447702 1.487223 1.479517 1.358435 0.283078 0.983177 0.270108 0.030556 0.030875 0.024772 0.053579 0.869259 0.850839 0.880048 0.039288 0.044301 0.032906 0.322285 0.306115 0.186322
0.079289 0.091135 0.086427 0.059636 0.137681 0.085729 1.306898 0.243424 1.139659 2.234350 1.001974 0.895673 0.776620 1.459416 2.534193 2.636572 1.626130 0.476762 0.429044 0.375638 0.212848 0.725022 0.755150 0.663644 0.542168 0.327033 0.581667 1.546710 1.555387 1.609144 1.644921 0.596022 0.585328 0.075185 0.020180 0.039482 0.035148 0.369905 1.462162 2.464119 2.500672 2.482749 1.408135 0.452318 0.416518 0.433453 0.025231 0.094695 0.818125 0.853387 0.870859 1.884458 1.918990 0.764518 0.699639 0.611516 0.429330 0.304679 0.851532
0.587655 0.633688 0.052470 0.038191 0.077105 0.150714 1.216452 1.301120 2.190741 2.218800 2.247200 1.005859 0.771640 1.363910 2.449610 2.568711 2.586205 1.495203 1.510744 1.539903 0.285588 0.678808 0.720802 0.634215 0.479963 0.756083 0.694512 1.515661 1.538506 1.608697 1.615990 0.613240 0.054589 0.071800 0.051441 0.072255 0.385717 0.436313 1.437014 2.433874 2.442580 1.356397 1.328830 0.504914 0.531398 0.520828 0.027168 0.100687 0.067199 0.840330 0.811855 0.840962 0.833781 0.043497 0.059258 0.059536 0.047355 0.033382 0.052588
1.667898 0.609280 0.539869 0.417299 0.704776 1.101370 1.320141 2.189185 2.224279 2.243051 2.277179 1.220860 0.124376 0.663099 0.506294 1.514215 1.562798 1.497665 1.479265 1.426622 1.148058 0.649607 0.645617 0.579247 0.441716 0.738258 0.749443 0.683311 0.653334 1.630447 0.640518 0.622596 0.059661 0.075573 0.063029 0.084507 0.428914 0.459261 1.393237 1.400919 1.351397 0.554907 0.569641 0.606076 0.629559 0.591015 0.017967 0.021033 0.057025 0.043151 0.146846 0.170183 0.120918 0.027413 0.034935 0.034585 0.032738 0.025474 0.029121
2.686756 1.625325 1.460273 1.311835 0.947312 1.083717 1.257449 1.180063 1.138063 2.131828 3.200514 1.115526 1.100179 1.053200 0.064089 0.047621 0.040694 0.491395 1.505747 1.509369 0.286016 0.155195 0.097615 0.290385 0.250287 0.734747 0.747431 0.702705 0.674366 1.605655 0.654350 0.059205 0.080698 0.025536 0.023705 0.023441 0.080580 0.484959 0.487736 0.489260 0.612467 0.656565 0.684978 0.714572 1.809624 0.672165 0.058650 0.017967 0.080915 0.071531 0.048690 0.232039 0.040598 0.033456 0.041878 0.035805 0.033120 0.025581 0.029152
2.745702 1.720361 0.575046 0.468069 0.302028 0.504793 0.489152 0.494306 0.402434 1.037352 1.111242 2.101683 1.094069 1.083989 0.090710 0.049416 0.034534 0.513528 1.532698 1.534209 0.022848 0.018268 0.060331 0.140751 0.719575 0.780106 0.754901 0.714968 0.687072 0.671839 0.658497 0.068298 0.025536 0.035713 0.025536 0.197630 0.175292 0.138636 0.097756 0.048639 0.720639 1.818108 1.837335 1.834580 1.810774 1.836942 0.059077 0.085046 1.085071 1.084253 1.084933 0.060844 0.065635 0.025794 0.027565 0.088281 0.079719 0.056191 0.053383
2.746677 1.727386 0.610026 0.512389 0.416905 0.279794 0.541883 0.567034 0.512156 0.326274 0.193737 1.068846 1.089240 1.092841 0.111243 0.649457 0.594679 1.508572 2.578942 1.560810 0.028141 0.100801 0.059991 0.731271 0.756847 0.774162 0.749914 0.715715 0.690639 0.705693 0.033026 0.058751 0.023705 0.025536 0.034174 0.202534 0.225954 0.205074 0.139034 0.833459 0.803836 1.788582 1.820473 2.840681 1.819104 1.836445 0.058668 0.084151 1.083695 1.084264 1.084560 0.063292 0.042510 0.073008 0.074379 0.046838 0.051308 0.037148 -9999.000000
2.735041 1.685921 1.706365 0.543466 0.468378 0.392316 0.264074 0.623140 0.628352 0.118406 0.070713 0.043231 0.075067 1.048236 0.160642 0.577581 0.553556 1.512664 2.553918 2.574451 0.019266 0.130034 0.239532 0.705653 0.782461 0.802536 0.759229 0.705494 0.681376 0.699774 0.026702 0.032716 0.576032 0.022850 0.229223 1.247286 2.258128 2.290247 1.161100 0.901371 0.858508 1.800986 1.830229 2.813566 1.821791 1.827301 0.056260 0.082445 0.073015 0.059792 0.055118 0.039683 -9999.000000 -9999.000000 -9999.000000 -9999.000000 -9999.000000 -9999.000000 -9999.000000
1.631447 1.639485 1.646224 0.525359 0.476135 0.436870 0.383332 0.312403 0.281816 0.261881 0.028099 0.035428 0.027702 0.277247 0.236236 0.190229 0.412831 1.493535 2.469936 1.525535 0.446793 0.257345 0.318011 0.675326 0.772856 1.817999 0.799065 0.031135 0.610695 0.613399 0.571552 0.576784 0.550136 0.460282 0.343815 2.217723 2.248302 2.257453 1.194102 0.122251 0.771580 1.804202 2.820278 1.824520 1.804196 0.727790 0.048995 0.017372 0.017372 -9999.000000 -9999.000000 -9999.000000 -9999.000000 -9999.000000 -9999.000000 -9999.000000 -9999.000000 -9999.000000 -9999.000000
