use_cases/Flooding_chicago/flooding_data/output/h_1200.asc
ncols 337
nrows 393
xllcorner 428428.000000
yllcorner 4602440.000000
cellsize 26.757400
NODATA_value -9999.000000
[rows 216 to 242 of 393, columns 236 to 294 of 337]
0.155174 0.494076 0.487097 0.495031 0.470472 0.454481 0.428519 0.405014 0.376550 0.289434 0.036233 0.014396 0.034523 0.413380 0.389984 0.192981 0.096660 0.088429 0.555897 0.409651 0.373872 0.232822 0.178785 0.170022 0.705565 0.708418 0.768095 0.043742 0.045498 0.606919 0.584367 0.580460 0.554678 0.452970 1.273113 1.266601 2.248273 1.288777 0.264456 0.129882 0.761866 1.790518 1.807945 1.804736 0.713468 0.074393 0.042705 0.043144 -9999.000000 -9999.000000 -9999.000000 -9999.000000 -9999.000000 -9999.000000 -9999.000000 -9999.000000 -9999.000000 -9999.000000 -9999.000000
0.235137 0.151068 0.110991 0.074675 0.056083 0.462356 0.453788 0.449610 0.433594 0.024105 0.045389 0.053383 0.038856 0.545052 0.544311 0.022591 0.022591 0.061006 0.536616 0.293833 0.160800 0.174388 0.210434 0.152226 0.087901 0.146472 0.019859 0.029381 0.031059 0.025627 0.584905 0.589246 0.587632 0.047450 0.185721 0.174108 1.191781 1.208617 0.310569 0.761752 1.785544 1.770565 1.786264 0.733892 0.051757 0.054862 -9999.000000 -9999.000000 -9999.000000 -9999.000000 -9999.000000 -9999.000000 -9999.000000 -9999.000000 -9999.000000 -9999.000000 -9999.000000 -9999.000000 -9999.000000
0.284034 0.051712 0.062159 0.048303 0.094858 0.450656 0.458954 0.484395 0.482194 0.504111 0.031750 0.041643 0.677326 1.688173 1.707243 0.022591 0.022591 0.113015 0.890938 0.088790 0.142056 0.134488 0.219522 0.183554 0.104403 0.048232 0.899495 0.025627 0.031059 0.029381 0.019861 0.162598 0.179144 0.116493 0.077968 0.045771 0.297910 0.435117 0.407096 0.723246 0.725483 0.725822 0.706800 0.241275 0.021033 0.017967 -9999.000000 -9999.000000 -9999.000000 -9999.000000 -9999.000000 -9999.000000 -9999.000000 -9999.000000 -9999.000000 -9999.000000 -9999.000000 -9999.000000 -9999.000000
0.098414 0.096685 0.100347 0.080738 0.160136 0.103923 0.078088 0.511813 0.517552 0.533536 0.583591 0.641190 1.643592 2.624473 2.645854 0.657917 0.490811 1.157098 1.116215 1.215064 0.095889 0.078545 0.060095 0.120126 0.928763 0.975143 0.860703 0.776473 0.646787 0.599229 0.515318 1.331850 0.347734 0.024330 0.029564 0.024330 0.033516 0.622304 0.688660 0.020409 0.382699 0.408958 0.391827 0.361094 0.017967 -9999.000000 -9999.000000 -9999.000000 -9999.000000 -9999.000000 -9999.000000 -9999.000000 -9999.000000 -9999.000000 -9999.000000 -9999.000000 -9999.000000 -9999.000000 -9999.000000
0.033150 0.109707 0.129388 0.125478 0.097696 0.068633 0.138199 0.082652 0.501936 0.506972 0.044930 0.616733 1.669641 2.600933 1.680021 0.629952 0.452699 0.350462 0.943361 0.076093 0.067515 0.036299 0.095612 0.122382 0.837417 0.933082 0.038665 0.032392 0.545256 0.561532 0.501424 1.302497 1.338273 0.024330 0.029564 0.024330 0.032232 1.809866 0.862754 0.030241 0.482235 0.519300 0.472959 0.296220 -9999.000000 -9999.000000 -9999.000000 -9999.000000 -9999.000000 -9999.000000 -9999.000000 -9999.000000 -9999.000000 -9999.000000 -9999.000000 -9999.000000 -9999.000000 -9999.000000 -9999.000000
0.040688 0.037879 0.027870 0.152906 0.142386 0.118026 0.090871 0.073517 0.076357 0.065348 0.040848 0.093727 1.615340 1.652177 1.699158 0.732974 0.017788 0.428384 0.337663 0.025322 0.049024 0.031616 0.084092 0.082922 0.236556 0.291989 0.030794 0.032474 0.075886 0.075975 0.088828 0.063381 1.227060 1.151410 1.232506 1.091872 1.819797 1.817851 1.882872 1.904795 0.726207 0.676568 0.607007 0.014396 -9999.000000 -9999.000000 -9999.000000 -9999.000000 -9999.000000 -9999.000000 -9999.000000 -9999.000000 -9999.000000 -9999.000000 -9999.000000 -9999.000000 -9999.000000 -9999.000000 -9999.000000
0.216916 0.026878 0.029014 0.174459 0.169331 0.138990 0.127530 0.136333 0.021033 0.017967 0.095281 0.067928 0.104511 0.560210 1.635230 0.757745 0.825722 0.620418 0.029674 0.028204 0.267645 0.231302 0.168086 0.104635 0.131618 0.377194 0.049140 0.026757 0.024167 0.035207 0.148043 0.109107 0.343708 1.063364 1.219872 1.036512 0.826346 0.761201 1.784189 1.839318 1.846575 0.785206 0.033195 -9999.000000 -9999.000000 -9999.000000 -9999.000000 -9999.000000 -9999.000000 -9999.000000 -9999.000000 -9999.000000 -9999.000000 -9999.000000 -9999.000000 -9999.000000 -9999.000000 -9999.000000 -9999.000000
1.229714 1.243723 0.019722 0.194737 0.200812 0.017967 0.021033 0.165739 0.017967 0.148323 0.136218 0.119306 0.076426 0.378664 0.674299 0.689032 0.718629 0.088489 0.044553 0.039851 0.220410 0.217832 0.185390 0.143470 0.233077 0.173989 0.032654 0.039766 0.026713 0.054133 0.214951 0.114327 0.434106 1.068551 1.250385 0.268911 0.171447 0.127535 0.680803 1.826750 1.818586 0.782367 0.014396 -9999.000000 -9999.000000 -9999.000000 -9999.000000 -9999.000000 -9999.000000 -9999.000000 -9999.000000 -9999.000000 -9999.000000 -9999.000000 -9999.000000 -9999.000000 -9999.000000 -9999.000000 -9999.000000
1.234096 1.248582 0.209002 0.204608 0.217376 0.202852 0.017967 0.171303 1.207852 1.213974 0.173866 0.157510 0.120500 0.598717 0.583725 0.357050 0.342465 0.053106 0.067574 0.050348 0.064147 0.045175 0.194053 0.195839 0.134005 0.090984 0.052646 0.034538 0.135464 0.084427 0.300768 0.560683 1.697429 0.550882 0.363123 0.351692 0.048455 0.044019 0.051926 0.680031 1.797739 0.785589 0.038597 -9999.000000 -9999.000000 -9999.000000 -9999.000000 -9999.000000 -9999.000000 -9999.000000 -9999.000000 -9999.000000 -9999.000000 -9999.000000 -9999.000000 -9999.000000 -9999.000000 -9999.000000 -9999.000000
1.209953 1.238316 1.236094 1.213143 1.253927 1.230119 1.225815 1.220663 1.205570 1.197892 1.189269 1.187208 1.161158 0.929817 0.853074 0.066309 0.086604 0.095023 0.087468 0.061254 0.058651 0.075321 0.049120 0.242918 0.184822 0.119002 0.285257 0.226400 0.161840 0.099851 0.416257 0.550097 1.577836 0.619416 0.059706 0.057971 0.073733 0.079065 0.050714 0.095046 0.670244 0.738938 0.022147 -9999.000000 -9999.000000 -9999.000000 -9999.000000 -9999.000000 -9999.000000 -9999.000000 -9999.000000 -9999.000000 -9999.000000 -9999.000000 -9999.000000 -9999.000000 -9999.000000 -9999.000000 -9999.000000
1.219143 1.239749 1.233886 2.208997 2.233415 2.223565 2.232062 1.214286 1.207096 1.198040 2.183121 2.206587 2.224510 0.997945 0.124908 0.123460 0.132964 0.121789 0.102877 0.074434 0.033923 0.079347 0.043673 0.297257 0.201038 0.131435 0.237324 0.186394 0.121614 0.072479 0.575405 0.508364 0.264844 0.220628 0.037262 0.050299 0.047056 0.052433 0.037605 0.049384 0.127090 0.022210 -9999.000000 -9999.000000 -9999.000000 -9999.000000 -9999.000000 -9999.000000 -9999.000000 -9999.000000 -9999.000000 -9999.000000 -9999.000000 -9999.000000 -9999.000000 -9999.000000 -9999.000000 -9999.000000 -9999.000000
0.175928 0.035047 0.157410 1.198710 1.232308 1.216991 1.219567 1.207736 1.196174 1.192846 2.172276 2.184086 2.196923 0.111211 0.115338 0.131908 0.157873 0.138041 0.107129 0.058813 0.085814 0.077111 0.406321 0.434461 0.023625 0.024920 0.034842 0.104639 0.807891 0.881408 0.796319 0.784894 0.030957 0.047107 0.027199 0.033958 0.027534 0.081704 0.056494 0.086433 0.055579 0.039787 -9999.000000 -9999.000000 -9999.000000 -9999.000000 -9999.000000 -9999.000000 -9999.000000 -9999.000000 -9999.000000 -9999.000000 -9999.000000 -9999.000000 -9999.000000 -9999.000000 -9999.000000 -9999.000000 -9999.000000
0.078563 0.079747 0.046922 0.179201 1.059057 0.173742 0.201514 0.285857 0.264095 1.126556 1.082922 1.062990 1.077462 0.031162 0.035629 0.028263 0.196585 0.152118 0.098118 0.140247 0.074208 0.097512 0.050754 0.461616 0.027334 0.033673 0.020654 0.094531 0.069633 0.903291 1.947731 1.959159 0.034292 0.059743 0.033959 0.043022 0.035087 0.096458 0.067314 0.088875 0.055961 0.035546 -9999.000000 -9999.000000 -9999.000000 -9999.000000 -9999.000000 -9999.000000 -9999.000000 -9999.000000 -9999.000000 -9999.000000 -9999.000000 -9999.000000 -9999.000000 -9999.000000 -9999.000000 -9999.000000 -9999.000000
0.041726 0.033241 0.021050 0.128732 0.452434 0.059610 0.028497 1.439510 0.379824 0.352151 0.369355 0.358235 0.358632 0.022591 0.022591 0.036888 0.279334 0.018441 0.071540 0.082547 0.102962 0.081727 0.046921 0.480496 0.518797 0.020646 0.030649 0.083026 0.085114 0.868377 1.913930 1.951598 0.953984 0.043060 0.027595 0.035286 0.034294 0.030861 0.024696 0.048358 -9999.000000 -9999.000000 -9999.000000 -9999.000000 -9999.000000 -9999.000000 -9999.000000 -9999.000000 -9999.000000 -9999.000000 -9999.000000 -9999.000000 -9999.000000 -9999.000000 -9999.000000 -9999.000000 -9999.000000 -9999.000000 -9999.000000
0.027268 0.025642 0.345357 0.274506 0.197124 0.133404 0.424979 1.439310 1.453712 0.408223 0.403401 0.388243 0.390996 0.022591 0.022591 0.037035 0.315548 0.023384 0.014396 0.048352 0.310981 1.507026 1.567611 1.446311 1.253195 0.983400 1.015524 1.073050 1.024331 1.912859 1.973135 2.023280 0.967797 0.975513 0.026189 0.107915 0.037254 0.024330 0.023323 -9999.000000 -9999.000000 -9999.000000 -9999.000000 -9999.000000 -9999.000000 -9999.000000 -9999.000000 -9999.000000 -9999.000000 -9999.000000 -9999.000000 -9999.000000 -9999.000000 -9999.000000 -9999.000000 -9999.000000 -9999.000000 -9999.000000 -9999.000000
0.496187 0.515364 0.412427 0.343020 0.269652 0.171255 1.444151 1.448653 2.470466 2.486150 2.482302 0.410833 0.398977 0.039313 0.039631 0.029183 0.322590 0.323172 0.019309 0.031284 0.319051 1.237457 1.285660 1.186141 1.100148 0.864133 0.889735 1.713604 1.947027 2.975137 1.954663 2.003888 0.909149 0.842258 0.560250 0.643213 0.028465 -9999.000000 -9999.000000 -9999.000000 -9999.000000 -9999.000000 -9999.000000 -9999.000000 -9999.000000 -9999.000000 -9999.000000 -9999.000000 -9999.000000 -9999.000000 -9999.000000 -9999.000000 -9999.000000 -9999.000000 -9999.000000 -9999.000000 -9999.000000 -9999.000000 -9999.000000
1.475884 0.505865 0.422785 0.360430 0.283859 0.151493 1.430329 1.440375 2.429550 2.443310 2.449558 0.377045 0.024986 0.027184 0.267164 0.297455 1.333849 0.298449 0.182982 0.302055 0.513566 0.625190 0.629975 0.563827 0.328350 0.179759 0.164834 1.851617 2.004282 2.000656 0.916520 1.929536 0.883555 0.797568 0.577767 -9999.000000 -9999.000000 -9999.000000 -9999.000000 -9999.000000 -9999.000000 -9999.000000 -9999.000000 -9999.000000 -9999.000000 -9999.000000 -9999.000000 -9999.000000 -9999.000000 -9999.000000 -9999.000000 -9999.000000 -9999.000000 -9999.000000 -9999.000000 -9999.000000 -9999.000000 -9999.000000 -9999.000000
1.472953 0.529161 0.411914 0.358506 0.272995 0.551260 1.381317 1.453559 1.459036 1.475356 0.394512 0.025505 0.029719 0.340327 1.346782 1.356221 2.348548 1.355596 0.212508 0.178532 0.103235 0.619722 0.651277 0.580020 0.301060 0.168804 0.182410 0.079119 1.004245 0.029486 0.031167 0.862860 0.866502 0.764300 0.567320 -9999.000000 -9999.000000 -9999.000000 -9999.000000 -9999.000000 -9999.000000 -9999.000000 -9999.000000 -9999.000000 -9999.000000 -9999.000000 -9999.000000 -9999.000000 -9999.000000 -9999.000000 -9999.000000 -9999.000000 -9999.000000 -9999.000000 -9999.000000 -9999.000000 -9999.000000 -9999.000000 -9999.000000
0.549194 0.591251 0.055085 0.066932 0.052471 0.067615 1.425579 0.430314 0.433933 0.034095 0.043071 0.014396 0.026583 0.332813 1.293553 2.327116 2.341826 1.350852 0.183815 0.080727 1.014967 1.939620 2.028068 0.919682 0.051802 0.026328 0.040431 0.952281 0.982707 2.027696 0.982055 0.955177 0.932778 0.017372 0.017372 -9999.000000 -9999.000000 -9999.000000 -9999.000000 -9999.000000 -9999.000000 -9999.000000 -9999.000000 -9999.000000 -9999.000000 -9999.000000 -9999.000000 -9999.000000 -9999.000000 -9999.000000 -9999.000000 -9999.000000 -9999.000000 -9999.000000 -9999.000000 -9999.000000 -9999.000000 -9999.000000 -9999.000000
0.507935 0.645396 0.093713 0.107394 0.092665 0.054971 0.096173 0.080472 0.077346 0.017372 0.017372 0.031495 0.404373 1.531389 0.395724 0.350241 0.301919 0.225314 0.357840 0.318448 1.929767 2.999896 3.067890 1.005373 0.059226 0.082500 0.073214 0.101069 0.946534 2.012117 2.009095 2.021041 0.022827 0.080657 0.056178 -9999.000000 -9999.000000 -9999.000000 -9999.000000 -9999.000000 -9999.000000 -9999.000000 -9999.000000 -9999.000000 -9999.000000 -9999.000000 -9999.000000 -9999.000000 -9999.000000 -9999.000000 -9999.000000 -9999.000000 -9999.000000 -9999.000000 -9999.000000 -9999.000000 -9999.000000 -9999.000000 -9999.000000
0.159419 0.225266 0.159099 0.142069 0.119309 0.078255 0.136137 0.112646 0.104509 0.098572 0.058104 0.458786 1.513274 1.514188 0.027810 0.034387 0.027380 0.127453 0.237324 1.853103 2.018098 2.891672 1.947458 0.950848 0.052101 0.067429 0.107499 0.088067 0.954296 1.886987 0.982894 0.973947 0.027664 0.072633 0.043297 -9999.000000 -9999.000000 -9999.000000 -9999.000000 -9999.000000 -9999.000000 -9999.000000 -9999.000000 -9999.000000 -9999.000000 -9999.000000 -9999.000000 -9999.000000 -9999.000000 -9999.000000 -9999.000000 -9999.000000 -9999.000000 -9999.000000 -9999.000000 -9999.000000 -9999.000000 -9999.000000 -9999.000000
0.252832 0.375267 0.040210 0.048088 0.042078 0.029213 0.034432 0.099207 0.109196 0.095144 0.549901 1.564547 3.531373 1.554687 0.036868 0.044506 0.034585 0.082975 0.239032 1.846776 2.009843 0.913421 0.091828 0.028588 0.028587 0.063582 0.130338 0.139443 0.094683 0.288182 0.049950 0.031899 0.045638 0.049834 -9999.000000 -9999.000000 -9999.000000 -9999.000000 -9999.000000 -9999.000000 -9999.000000 -9999.000000 -9999.000000 -9999.000000 -9999.000000 -9999.000000 -9999.000000 -9999.000000 -9999.000000 -9999.000000 -9999.000000 -9999.000000 -9999.000000 -9999.000000 -9999.000000 -9999.000000 -9999.000000 -9999.000000 -9999.000000
0.265987 0.372821 0.064507 0.070334 0.056466 0.032967 0.046440 0.096924 0.089135 0.091245 0.560739 1.578725 3.508149 2.578876 1.548429 0.038186 0.028529 0.048238 0.324772 1.034647 1.086823 0.167755 0.044480 0.024330 0.024330 0.039375 0.046211 0.155908 0.155988 0.106688 0.106158 0.017967 0.021125 -9999.000000 -9999.000000 -9999.000000 -9999.000000 -9999.000000 -9999.000000 -9999.000000 -9999.000000 -9999.000000 -9999.000000 -9999.000000 -9999.000000 -9999.000000 -9999.000000 -9999.000000 -9999.000000 -9999.000000 -9999.000000 -9999.000000 -9999.000000 -9999.000000 -9999.000000 -9999.000000 -9999.000000 -9999.000000 -9999.000000
0.133314 0.112116 0.105349 0.084633 0.047189 0.111317 0.054925 0.096520 0.625889 0.663349 1.572613 1.589437 3.515918 2.574083 1.555474 0.400802 0.267960 0.723585 0.589515 1.075783 0.151377 0.169876 0.071428 0.029564 0.029564 0.058342 0.084190 0.166192 0.167801 0.116785 0.017967 0.021033 -9999.000000 -9999.000000 -9999.000000 -9999.000000 -9999.000000 -9999.000000 -9999.000000 -9999.000000 -9999.000000 -9999.000000 -9999.000000 -9999.000000 -9999.000000 -9999.000000 -9999.000000 -9999.000000 -9999.000000 -9999.000000 -9999.000000 -9999.000000 -9999.000000 -9999.000000 -9999.000000 -9999.000000 -9999.000000 -9999.000000 -9999.000000
0.105843 0.062301 0.123118 0.082745 0.169470 0.109943 0.113314 0.605553 0.638355 1.595430 1.582941 1.572293 3.482190 2.560056 1.460410 1.331862 1.196580 0.891190 1.708593 0.687541 0.111349 0.082129 0.090627 0.024330 0.024330 0.077003 0.119378 0.080846 0.036339 -9999.000000 -9999.000000 -9999.000000 -9999.000000 -9999.000000 -9999.000000 -9999.000000 -9999.000000 -9999.000000 -9999.000000 -9999.000000 -9999.000000 -9999.000000 -9999.000000 -9999.000000 -9999.000000 -9999.000000 -9999.000000 -9999.000000 -9999.000000 -9999.000000 -9999.000000 -9999.000000 -9999.000000 -9999.000000 -9999.000000 -9999.000000 -9999.000000 -9999.000000 -9999.000000
0.156907 0.086281 0.040979 0.078372 0.157408 0.097484 0.515016 1.635370 1.668841 2.626248 1.567687 1.576285 2.542572 2.584227 0.499759 0.366282 0.261438 0.173560 0.139938 0.054267 0.069373 0.064674 0.041801 0.209343 0.167503 0.076697 0.072761 0.032821 -9999.000000 -9999.000000 -9999.000000 -9999.000000 -9999.000000 -9999.000000 -9999.000000 -9999.000000 -9999.000000 -9999.000000 -9999.000000 -9999.000000 -9999.000000 -9999.000000 -9999.000000 -9999.000000 -9999.000000 -9999.000000 -9999.000000 -9999.000000 -9999.000000 -9999.000000 -9999.000000 -9999.000000 -9999.000000 -9999.000000 -9999.000000 -9999.000000 -9999.000000 -9999.000000 -9999.000000
0.183367 0.297757 0.230864 0.130234 0.061485 0.398512 1.413913 1.614173 1.629002 1.645283 0.604524 1.533580 2.562706 1.553000 0.057153 0.034370 0.046089 0.049324 0.063668 0.065682 0.060157 0.052635 0.036507 0.044853 0.023613 0.049048 0.025352 -9999.000000 -9999.000000 -9999.000000 -9999.000000 -9999.000000 -9999.000000 -9999.000000 -9999.000000 -9999.000000 -9999.000000 -9999.000000 -9999.000000 -9999.000000 -9999.000000 -9999.000000 -9999.000000 -9999.000000 -9999.000000 -9999.000000 -9999.000000 -9999.000000 -9999.000000 -9999.000000 -9999.000000 -9999.000000 -9999.000000 -9999.000000 -9999.000000 -9999.000000 -9999.000000 -9999.000000 -9999.000000
