use_cases/Flooding_chicago/flooding_data/output/h_1260.asc
ncols 337
nrows 393
xllcorner 428428.000000
yllcorner 4602440.000000
cellsize 26.757400
NODATA_value -9999.000000
[rows 81 to 107 of 393, columns 236 to 294 of 337]
3.652375 3.650723 1.640828 0.553889 0.037942 0.039345 0.033348 0.044381 0.051247 0.059120 0.025551 0.023705 0.049874 0.045082 0.081868 0.077141 0.073036 0.029838 0.026740 0.032036 0.051506 0.054953 0.061195 0.026223 0.027122 0.049904 0.043579 0.053565 0.050758 0.022087 0.042427 0.035775 0.043617 0.348956 0.368943 0.377237 1.320998 2.395475 2.395939 1.358649 0.291392 0.028129 0.022758 0.039267 0.060433 0.089226 0.110664 0.114157 0.094978 0.051369 0.047110 0.090003 0.113680 0.092030 0.077365 0.039513 0.050209 0.047646 0.039269
1.639356 1.625903 0.536746 0.052424 0.062461 0.057686 0.027427 0.018471 0.022667 0.025244 0.035728 0.025550 0.041069 0.042518 0.064139 0.059424 0.053932 0.021934 0.018135 0.020424 0.026420 0.026971 0.027962 0.018211 0.021660 0.021660 0.018211 0.063210 0.021660 0.018089 0.027443 0.048683 0.069313 0.038170 0.353856 1.392968 3.411077 3.403688 3.408385 3.401491 2.411966 1.392766 0.032372 0.031310 0.018440 0.023459 0.122475 0.116830 0.078757 0.097749 0.090878 0.939112 0.956210 0.072117 0.030983 0.066704 0.043510 0.050406 0.038217
0.046428 0.051393 0.046349 0.053331 0.045631 0.037407 0.041145 0.031273 0.047157 0.057304 0.025307 0.109550 0.063348 0.076040 0.039451 0.027839 0.024117 0.023047 0.039161 0.034004 0.068574 0.077839 0.093790 0.038964 0.042076 0.049003 0.067681 0.018089 0.021660 0.059333 0.033424 0.068489 0.070656 0.264763 1.368975 2.391455 4.416755 4.399642 4.405230 5.414584 5.419315 3.392237 0.236246 0.052422 0.037224 0.029991 0.030754 0.024726 0.057777 0.073489 1.000433 2.007740 2.025659 0.063212 0.089355 0.064903 0.061866 0.036751 0.036964
0.048845 0.034849 0.086219 0.080816 0.093233 0.046820 0.064872 0.044853 0.039051 0.054558 0.023353 0.021994 0.049537 0.053962 0.101524 0.085213 0.046776 0.054298 0.036004 0.043006 0.445362 0.444094 0.049973 0.027702 0.223481 0.211396 0.044320 0.045052 0.044594 0.036385 0.077644 0.040107 0.038832 0.025697 1.319908 4.374920 3.406429 4.394477 5.404044 6.398431 6.403313 4.394484 0.276397 0.052040 0.075171 0.025535 0.030083 0.024529 0.039482 0.042327 0.989112 1.990349 1.998633 1.989090 0.881537 0.036858 0.039589 0.064430 0.023446
0.035196 0.050929 0.576987 0.547572 1.604236 0.409092 0.061806 0.048165 0.047508 0.065865 0.030922 0.018150 0.034615 0.042336 0.065101 0.072532 0.076729 0.115165 0.080968 0.527837 1.611468 1.597913 0.597824 0.028083 0.281034 0.255698 0.024284 0.053276 0.048759 0.049721 0.050315 0.032752 0.033776 0.244145 2.375373 4.391672 3.401591 4.387261 5.382313 6.386203 5.384936 3.362857 0.053720 0.048286 0.071929 0.057892 0.054952 0.049802 0.042004 1.047994 1.038513 2.031059 2.015766 2.002650 0.867588 0.041512 0.027794 0.022591 0.022591
0.063268 0.610696 0.619039 1.665842 2.666672 2.658147 0.521050 0.048425 0.067957 0.079655 0.038521 0.029656 0.039955 0.030571 0.040229 0.074714 0.056496 0.117505 1.586406 1.625287 2.625578 1.619565 0.604055 0.017967 0.030128 0.130187 0.240775 0.254143 0.170386 0.236268 0.151220 0.090002 0.281787 1.345510 2.371342 3.389562 3.396809 3.383698 3.386081 4.379432 3.383071 2.354622 0.057314 0.032204 0.039358 0.070400 0.062455 0.059931 0.055068 1.013121 2.026294 1.015541 0.978568 0.964496 0.115824 0.044272 0.027794 0.022591 0.022591
0.039749 0.635415 0.027126 1.685233 2.656943 2.684674 1.688874 0.640261 0.561107 0.521459 0.035957 0.028964 0.043007 0.033073 0.047412 0.115279 0.107419 0.071347 1.634124 1.643617 2.629913 1.633083 0.017967 0.021034 0.037915 0.077751 0.240637 0.289863 0.207100 0.259560 0.216597 2.309020 1.331228 1.350985 2.366475 2.389730 2.378717 2.390653 2.349613 2.344866 2.324325 2.329653 0.039225 0.062748 0.060391 1.043253 1.042957 1.057465 1.057950 1.033494 1.028374 0.998140 0.077851 0.040140 0.243662 0.051323 0.039604 0.037621 0.029929
0.973924 0.025799 0.042829 0.040909 1.663605 2.682294 1.686617 0.649431 0.660833 1.664477 0.527262 0.487219 0.466610 0.459591 0.045430 0.076772 0.615142 0.628115 1.633008 2.636683 2.633129 1.632753 0.028587 0.038187 0.028969 0.054512 0.031929 0.024633 0.018990 0.209934 1.025861 2.315061 2.341315 1.347229 0.347839 0.373782 1.446566 2.392456 1.447252 1.462189 1.466898 2.408228 0.700878 0.806554 0.937918 2.050634 2.043638 2.057689 3.068967 2.063155 2.066581 1.032830 0.050596 0.096067 0.116615 0.053658 0.022590 0.136254 0.076316
1.943760 0.926009 0.046351 0.053532 1.666541 2.686103 2.698201 1.686914 1.691064 1.698714 1.697578 1.693299 1.686356 1.685921 0.673650 0.055283 0.663629 0.645724 1.642503 2.644989 3.633623 3.630287 0.642743 0.048897 0.066522 0.378179 0.370671 0.334032 0.259040 0.287137 0.226791 1.199000 1.320950 1.311898 0.333535 0.365692 1.451455 1.422926 1.431372 1.432989 2.438793 2.362357 0.042595 0.061800 0.996014 2.058047 2.048810 3.073208 5.073985 4.082551 2.048981 1.013497 0.042391 0.021919 0.159535 0.075202 0.112853 0.018120 0.069984
1.903163 1.888827 1.920542 0.043403 0.655582 1.694528 2.692411 2.692871 2.694407 2.709430 2.712580 2.709825 2.701655 1.705996 0.686580 0.049410 0.036051 0.635720 1.646217 2.645877 3.628958 2.631767 0.649660 0.657495 0.061223 0.321428 1.336149 1.354551 0.279892 0.144833 0.077267 0.073013 0.231881 1.346922 1.344489 0.379195 1.454999 1.437275 2.487654 2.508578 2.319915 0.021263 0.021034 0.017967 0.036629 2.060567 3.068671 4.076738 5.059246 4.062239 3.061234 0.916930 0.038353 0.037605 0.055504 0.087716 0.022728 0.021873 0.054512
1.877929 2.902187 1.942290 0.051695 0.037952 1.672073 1.694852 2.676852 1.681391 2.699421 2.705542 2.702110 1.691614 0.697192 0.694552 0.025055 0.650153 0.645318 1.654451 1.651788 1.640384 1.614605 0.074685 0.049552 0.071418 0.074761 0.063377 0.190173 0.189881 0.047539 0.049746 0.041373 0.058486 0.209076 1.320988 0.363531 0.406857 1.415905 1.365462 2.370056 1.983315 0.968256 0.017967 0.156757 0.945812 3.037512 4.052223 5.060059 4.058010 3.033165 2.022966 0.983265 0.080704 0.030006 0.024208 0.029320 0.023994 0.067848 0.041360
0.720028 1.852795 2.867398 0.705098 0.733559 0.724146 1.686429 0.678799 0.703078 1.717218 1.720960 1.714426 0.709343 0.699691 0.697419 0.680440 1.670457 0.653408 0.653361 1.645812 0.621059 0.588817 0.088349 0.048302 0.074241 0.112523 0.044272 0.030357 0.057793 0.052710 0.037514 0.041998 0.049951 0.052275 0.222526 0.307980 0.403524 0.426167 0.464497 0.529270 1.375716 0.972509 1.221118 1.208304 2.910152 4.057058 5.073485 5.080347 4.081573 2.081237 1.081401 0.071748 0.091819 0.109090 0.023994 0.028541 0.071923 0.046120 0.072121
0.255988 0.784004 1.842568 2.726576 1.809004 1.847370 0.820501 0.067093 0.696323 1.721158 1.724389 1.718602 1.725220 1.708946 1.720735 0.682951 0.679406 0.663720 0.663266 0.665569 0.615002 0.067111 0.051039 0.048088 0.050283 0.092340 0.062662 0.022712 0.046882 0.046471 0.034446 0.032799 0.036292 0.049964 0.039620 0.052346 0.328709 0.387644 0.440492 0.665634 0.913191 1.061029 1.160029 1.165731 2.877609 4.048054 5.056200 5.066617 4.063988 2.083597 1.083138 0.094980 0.085968 0.097276 0.035133 0.019646 0.043501 0.045447 0.072304
0.134711 0.142410 0.857506 2.731882 2.822932 1.846604 0.827826 0.048965 0.699229 2.731600 2.740031 1.717743 1.717167 2.704812 1.709481 0.682709 0.681339 0.663783 0.641622 0.664545 0.604646 0.069842 0.036094 0.031578 0.021309 0.081490 0.098521 0.025139 0.023476 0.038414 0.030174 0.014397 0.027840 0.030899 0.038261 0.045692 0.058037 0.046298 0.061349 0.691265 0.999225 1.115537 1.165314 1.159106 1.895483 3.018173 3.047210 3.048886 2.036265 2.053726 1.032358 1.070988 1.011129 0.102744 0.028831 0.026465 0.048330 0.443385 0.492832
0.198818 0.279499 0.171733 1.755313 2.790078 2.782496 2.793263 1.781758 0.729471 2.722439 2.733858 3.741277 2.733415 3.712604 2.734963 0.689768 0.694313 0.057507 0.061086 0.704734 0.575247 0.037148 0.028251 0.024315 0.026695 0.058966 0.063652 0.032538 0.024712 0.030647 0.070610 0.025398 0.028923 0.019661 0.028816 0.036568 0.035484 0.044028 0.034860 0.351344 1.201628 1.233834 1.197062 1.137976 1.813814 1.999604 0.815734 0.071353 0.025247 0.064666 0.084057 0.089816 0.027794 0.092691 0.073528 0.479477 1.598782 2.567815 0.480643
0.324108 0.207404 0.234717 1.755188 1.793800 2.780810 2.800740 1.765390 1.732642 2.720981 2.737869 3.718512 3.732215 3.729058 2.726694 1.699218 0.083802 0.113674 0.068524 0.093914 0.098999 0.044747 0.026756 0.026936 0.014397 0.046394 0.040642 0.014397 0.029553 0.037177 0.079735 0.064903 0.035958 0.029122 0.036385 0.019310 0.028969 0.038570 0.037673 1.623803 2.641526 1.405174 1.277538 1.184764 0.153016 0.033515 0.030114 0.050133 0.033813 0.034431 0.081008 0.085579 0.040886 0.024177 0.081193 1.579962 2.602223 1.615323 0.558446
0.376532 0.297828 0.174453 1.752939 1.784781 1.785925 1.769534 1.775374 2.694407 3.744319 2.744222 2.739044 3.731885 2.729539 1.724200 0.616451 0.099760 0.050064 0.120686 0.078922 0.100202 0.035132 0.047128 0.039282 0.034080 0.014397 0.030678 0.029016 0.039283 0.038658 0.384222 0.440705 0.052483 0.053540 0.047461 0.014397 0.018943 0.020485 0.025232 2.662036 3.707650 2.555688 1.303607 0.086739 0.019570 0.021004 0.014397 0.068517 0.024497 0.034341 0.053032 0.060036 0.035027 0.035317 0.043461 1.607150 1.634296 0.604470 0.025055
0.369980 0.316330 0.213566 1.668139 0.663171 0.669997 0.064631 0.123266 1.659655 2.711344 2.719405 2.724244 2.719836 2.709195 0.700728 0.156665 1.151837 0.172186 0.070314 0.124161 0.179158 0.167176 0.037299 0.040092 0.028939 0.028048 0.046989 0.041633 0.055259 0.079007 0.526270 1.647393 0.516892 0.058789 0.039528 0.021004 0.033378 0.034859 1.105859 3.663209 4.622443 1.374157 0.327442 0.142616 0.071815 0.061966 0.048866 0.028771 0.030952 0.023887 0.024361 0.031502 0.039177 0.032021 0.034416 0.056505 0.545665 0.540690 0.481506
0.305767 0.265353 0.172310 0.154068 0.104153 0.089770 0.019844 0.216566 0.209768 0.623911 1.712780 2.727516 2.715214 2.690220 0.697891 0.159388 0.148943 0.068277 0.082986 0.014397 0.231092 0.191830 0.042091 0.049736 0.030997 0.027626 0.043938 0.039145 0.082760 0.109210 0.613053 1.687657 1.659988 0.565279 0.035088 0.019570 0.030937 0.047231 1.029980 3.430579 3.236369 0.703458 0.226499 0.234926 0.061988 0.055458 0.045753 0.030800 0.027565 0.026847 0.014397 0.019310 0.035194 0.030708 0.045768 0.028160 0.034704 0.498097 0.484161
0.041197 0.038643 0.035365 0.029921 0.032705 0.039604 0.030327 0.285546 0.270204 0.129290 0.560901 2.702495 2.701490 2.656500 0.709559 0.155634 0.152577 0.092006 0.103103 0.196102 1.222755 1.223398 0.170821 0.167391 0.027184 0.042565 0.053621 0.521513 0.577235 0.638167 0.618617 1.670592 1.664333 0.629122 0.021079 0.035618 0.035301 0.042313 0.169127 1.866806 1.938867 0.856699 0.323703 0.311295 0.040047 0.044807 0.041619 0.058723 0.040401 0.029991 0.031883 0.027565 0.074896 0.046258 0.039268 0.152581 0.453426 0.521641 0.488683
0.048592 0.019310 0.014397 0.024284 0.039513 0.035072 0.327571 1.415254 1.438288 0.029429 0.027787 0.063631 1.710974 1.652945 0.764116 0.128392 0.116487 0.035760 0.021095 0.166732 1.218571 2.226126 2.220814 1.228872 0.125491 0.234504 1.557045 2.676949 1.702355 1.700054 1.664477 1.683292 1.688525 0.646561 0.021003 0.044877 0.044665 0.384035 0.314592 2.006716 2.072940 0.985550 0.395060 0.432072 0.493261 0.050968 0.041542 0.057030 0.033180 0.040719 0.035057 0.279682 1.312467 0.236418 0.411528 0.266448 0.390331 1.535496 0.499217
0.039894 0.045228 0.024284 0.023399 0.029883 0.310915 1.423663 2.429205 1.442414 0.022591 0.022591 0.028282 0.058372 0.057867 0.933210 0.086376 0.039686 0.032021 0.019310 0.035103 0.153985 3.224637 2.231964 0.193208 0.139350 0.240118 1.563846 2.709567 1.705350 1.680020 1.662676 1.702265 0.632673 0.577509 0.334427 0.181915 1.365940 1.454312 1.423396 2.022488 2.079496 1.162519 1.440624 1.494144 1.501843 0.377134 0.374636 0.164516 0.162281 0.260836 0.289256 1.398427 2.346007 1.394178 0.213414 0.151660 0.107251 0.295175 0.293127
0.121203 0.099717 0.036393 0.032517 0.054481 0.352766 1.402621 2.413846 1.428361 0.022591 0.022591 0.030357 0.022726 0.081856 1.021810 0.088226 0.034529 0.025750 0.014397 0.033516 0.035743 2.221295 1.223465 0.018364 0.023140 0.033028 0.458529 1.661478 0.594788 0.572315 1.639215 0.624867 0.651100 0.017967 0.819925 0.748683 2.459445 2.543573 2.564524 1.400298 1.392471 0.439196 1.492060 2.543533 2.549081 1.491878 1.494255 0.126484 0.118851 0.033241 1.376695 2.363112 3.357254 1.378526 0.301666 0.044044 0.083259 0.047615 0.062621
0.597183 1.730209 1.743106 0.029090 0.031780 0.447468 0.402163 1.411817 1.417272 0.027794 0.027794 0.044992 0.127454 1.153579 1.105633 0.058443 0.052653 0.030587 0.052238 0.048409 0.030235 0.186961 1.231822 0.180643 0.028496 0.024574 0.031761 0.089621 0.071260 0.041312 0.608449 0.585320 0.017967 0.021034 0.854658 1.375866 2.486571 3.568542 2.564714 2.623191 1.465760 1.553292 2.499207 2.506998 2.504734 2.508096 0.353149 0.033318 0.022148 0.044334 0.244532 1.030147 2.151290 0.215878 0.210163 0.089898 0.068048 0.038185 0.047966
1.615001 2.778936 2.893562 0.735474 0.735225 0.662946 0.022049 0.360010 0.364848 0.046195 0.041700 0.152927 1.233089 2.189646 2.206403 0.096690 0.076971 0.135236 0.041268 0.045630 0.029366 0.024254 0.155177 0.181580 0.024727 0.027825 0.019416 0.052052 0.017967 0.037010 0.042076 0.441608 0.356145 1.154996 1.058964 0.757646 1.399539 2.542667 3.576274 3.641508 1.466014 1.485573 1.467113 1.458471 1.410308 0.387283 0.043056 0.033794 0.021400 0.050133 0.134941 0.048714 0.051796 0.026664 0.062798 0.085717 0.071313 0.052632 0.036920
0.694806 2.775170 2.804842 1.794289 0.784549 0.028183 0.039518 0.038613 0.014397 0.062319 0.040432 1.168278 1.203559 2.140811 2.180129 0.056191 0.056342 0.034279 0.033393 0.030128 0.042298 0.110480 0.084205 0.122314 0.103987 0.090430 0.064385 0.053799 0.021034 0.017967 0.039116 0.452994 0.406707 1.214522 1.250425 0.267332 0.201093 1.434620 3.520697 3.565279 1.418027 0.398273 0.449498 0.537606 0.665099 0.460736 0.043023 0.027245 0.028300 0.055060 0.100406 0.046959 0.039025 0.038261 0.028680 0.045159 0.056053 0.079140 0.027626
0.066874 2.761518 3.791923 2.797159 0.772225 0.771807 0.028853 0.035811 0.041824 0.048286 0.478918 1.081462 2.204522 1.154748 1.122884 0.045921 0.064737 0.028557 0.021003 0.044548 0.039664 0.465967 0.111516 0.077481 0.084025 0.063414 0.085977 0.087279 0.029457 0.026604 0.040538 0.026543 0.412211 1.209743 1.312616 0.330033 0.252266 0.564292 1.387328 3.453780 0.409412 0.106073 0.055223 0.274572 0.751625 0.542519 0.068628 0.022591 0.022591 0.066780 0.066933 0.062284 0.040078 0.029518 0.025596 0.038193 0.059119 0.066170 0.020286
