use_cases/Flooding_chicago/flooding_data/output/h_120.asc
ncols 337
nrows 393
xllcorner 428428.000000
yllcorner 4602440.000000
cellsize 26.757400
NODATA_value -9999.000000
[rows 162 to 188 of 393, columns 177 to 235 of 337]
0.035220 0.062555 0.058991 0.076503 0.080925 0.045423 0.019419 0.030502 0.044886 0.033699 0.028475 0.037444 0.040720 0.031600 0.048385 0.054765 0.067288 0.048378 0.045200 0.106663 0.104320 0.397493 0.089712 0.056770 0.062895 0.035151 0.053991 0.072155 0.086513 0.078976 0.056056 0.052872 0.190365 0.047483 0.039872 0.057981 0.054827 0.020647 0.047021 0.071047 0.075746 0.088301 0.118639 0.038965 0.025674 0.034526 0.052139 0.031401 0.039369 0.029743 0.036197 0.054034 0.133521 0.039135 0.021756 0.048666 0.038430 0.045271 0.084280
0.022982 0.067500 0.050657 0.094794 0.088625 0.047793 0.028715 0.019124 0.020209 0.048287 0.060650 0.018950 0.026836 0.023614 0.023186 0.046554 0.033210 0.040170 0.049236 0.045726 0.049513 0.116307 0.137268 0.083869 0.105722 0.064189 0.098866 0.042416 0.073570 0.076999 0.055191 0.109662 0.261169 0.067099 0.049891 0.058992 0.029708 0.020473 0.028022 0.059867 0.088809 0.153695 0.046671 0.042553 0.065207 0.054872 0.066731 0.034534 0.045186 0.034415 0.041177 0.052242 0.143039 0.038999 0.044411 0.062544 0.044554 0.155213 0.071926
0.031819 0.066467 0.061312 0.065999 0.061184 0.065282 0.030907 0.054126 0.071122 0.204988 0.241081 0.057994 0.018800 0.058852 0.022955 0.022732 0.023025 0.031301 0.033103 0.052456 0.061584 0.145165 0.142223 0.090953 0.132046 0.086922 0.130372 0.076724 0.054643 0.071578 0.056213 0.145550 0.068456 0.057623 0.032804 0.034044 0.017496 0.032927 0.033826 0.034478 0.145226 0.053875 0.048997 0.052521 0.059094 0.081484 0.203678 0.044338 0.040815 0.036088 0.057985 0.095512 0.288525 0.051253 0.069528 0.033778 0.041167 0.196102 0.062595
0.076036 0.054710 0.054410 0.078688 0.076188 0.034037 0.028440 0.056502 0.082844 0.076010 0.259246 0.059878 0.039982 0.173152 0.147382 0.051712 0.022638 0.040173 0.036442 0.064831 0.055879 0.091922 0.031614 0.045540 0.171723 0.080001 0.050836 0.096081 0.060078 0.065234 0.060926 0.044511 0.130063 0.041425 0.041514 0.017496 0.020853 0.029262 0.075517 0.055641 0.047651 0.052574 0.074429 0.022583 0.066554 0.076527 0.220165 0.234989 0.055247 0.049318 0.066920 0.110738 0.226834 0.230920 0.073476 0.077426 0.202610 0.163137 0.064118
0.083340 0.034509 0.038647 0.125281 0.057652 0.068691 0.047355 0.041587 0.057993 0.077653 0.120851 0.035789 0.040396 0.166323 0.142203 0.056830 0.021883 0.043406 0.057957 0.085386 0.101284 0.077892 0.028521 0.083671 0.096808 0.115192 0.080399 0.047590 0.050155 0.030599 0.028499 0.041771 0.072758 0.074929 0.034817 0.030280 0.028938 0.037623 0.063405 0.222248 0.052200 0.037782 0.044611 0.027482 0.045773 0.039580 0.063911 0.069269 0.075768 0.056065 0.068254 0.098283 0.062035 0.053594 0.075016 0.098491 0.087747 0.039698 0.054781
0.057806 0.029549 0.034587 0.071863 0.089695 0.075300 0.064876 0.064263 0.093352 0.123468 0.094031 0.033020 0.032072 0.041520 0.072489 0.094889 0.017820 0.051260 0.043779 0.109534 0.142483 0.122496 0.048879 0.052260 0.093087 0.078479 0.108461 0.074825 0.061986 0.028301 0.027961 0.045647 0.035785 0.069661 0.069037 0.023098 0.057770 0.070551 0.086512 0.233774 0.063213 0.027994 0.012093 0.062364 0.050342 0.034369 0.041069 0.082507 0.095978 0.071011 0.074879 0.100383 0.029073 0.030268 0.046844 0.085228 0.094559 0.042377 0.051408
0.055436 0.023118 0.041549 0.093958 0.051969 0.031134 0.058802 0.057645 0.089376 0.080158 0.044306 0.033272 0.030337 0.046261 0.068069 0.057823 0.107730 0.061888 0.099788 0.124290 0.158628 0.107269 0.043289 0.022032 0.129128 0.035673 0.053032 0.070366 0.042254 0.038622 0.012093 0.018522 0.030888 0.038906 0.168906 0.179592 0.042294 0.066599 0.047024 0.045562 0.055653 0.044869 0.072691 0.082078 0.025737 0.025278 0.033447 0.041892 0.096488 0.089794 0.058970 0.060687 0.024610 0.026277 0.043124 0.052989 0.059680 0.061455 0.058921
0.047077 0.031332 0.031852 0.117429 0.031441 0.027320 0.038565 0.036897 0.058936 0.050266 0.041690 0.035550 0.026727 0.036074 0.035348 0.107855 0.019128 0.030447 0.044069 0.043769 0.118412 0.042771 0.041399 0.026080 0.080621 0.037758 0.045815 0.047930 0.041790 0.037749 0.030196 0.054032 0.101019 0.232848 0.196795 0.041796 0.021009 0.032150 0.142598 0.036280 0.066944 0.051238 0.080904 0.097808 0.034804 0.033000 0.046932 0.036651 0.056988 0.049681 0.032228 0.098423 0.026232 0.018533 0.050912 0.035072 0.064190 0.045440 0.039615
0.042511 0.020648 0.038027 0.087129 0.026582 0.012093 0.018522 0.029383 0.038880 0.025801 0.022443 0.035488 0.030191 0.042492 0.054831 0.036602 0.029828 0.019444 0.033293 0.035861 0.082504 0.043999 0.028921 0.031315 0.077929 0.033372 0.030690 0.052174 0.051228 0.098488 0.065368 0.055388 0.057150 0.080762 0.074262 0.040607 0.021214 0.020871 0.124032 0.135655 0.054623 0.057761 0.030523 0.040310 0.045075 0.035432 0.036721 0.042781 0.038023 0.027459 0.041362 0.110964 0.116157 0.024751 0.017496 0.020853 0.028018 0.044033 0.052443
0.020648 0.034429 0.026356 0.047145 0.036504 0.049544 0.033477 0.036564 0.033145 0.038765 0.040199 0.097473 0.026341 0.036407 0.035655 0.055978 0.050523 0.032273 0.042529 0.029813 0.034175 0.050291 0.045369 0.032806 0.042628 0.042348 0.034427 0.035559 0.065483 0.101046 0.326025 0.051151 0.053916 0.051592 0.046483 0.051538 0.037922 0.056566 0.144405 0.166038 0.062534 0.075674 0.043949 0.053768 0.039158 0.028436 0.039623 0.082001 0.026524 0.028669 0.046763 0.118733 0.138637 0.118303 0.029629 0.017496 0.026912 0.166214 0.040898
0.037933 0.026295 0.028727 0.056594 0.033731 0.046263 0.042128 0.047378 0.046685 0.047713 0.087907 0.058128 0.021836 0.057671 0.047369 0.088251 0.069321 0.066596 0.091420 0.134932 0.149210 0.067152 0.056572 0.044987 0.027176 0.012093 0.018522 0.038512 0.078477 0.120695 0.088770 0.035004 0.042961 0.040358 0.027901 0.037194 0.043452 0.066869 0.164175 0.185329 0.080443 0.082414 0.044345 0.045958 0.062424 0.041829 0.078027 0.289950 0.069798 0.019222 0.056124 0.116674 0.129462 0.115196 0.051177 0.022635 0.035700 0.178244 0.046935
0.048345 0.033234 0.019260 0.037382 0.037982 0.070147 0.048532 0.058988 0.047927 0.095413 0.133266 0.062458 0.028114 0.033025 0.074204 0.064278 0.046022 0.061590 0.319879 0.090751 0.054043 0.085633 0.057438 0.022266 0.024302 0.050212 0.033673 0.043913 0.076084 0.076038 0.042043 0.030193 0.035588 0.028430 0.027469 0.045683 0.060113 0.086965 0.100244 0.090900 0.081708 0.054697 0.031140 0.033722 0.110177 0.049339 0.096909 0.257973 0.089696 0.078067 0.069054 0.052856 0.050999 0.048262 0.058865 0.032500 0.089223 0.066307 0.072692
0.059976 0.037075 0.020241 0.042734 0.040186 0.064070 0.062175 0.103260 0.131533 0.411180 0.132972 0.053348 0.057693 0.047826 0.046005 0.071468 0.056256 0.062860 0.056489 0.063469 0.045274 0.027619 0.035266 0.017710 0.055854 0.042385 0.108882 0.038237 0.055158 0.048240 0.036938 0.025615 0.049768 0.087104 0.119869 0.062231 0.096469 0.083662 0.067216 0.068919 0.039036 0.070201 0.040488 0.039047 0.093475 0.215151 0.102653 0.062226 0.066845 0.078102 0.042517 0.034136 0.037569 0.027282 0.050333 0.103454 0.115823 0.100085 0.035870
0.047028 0.047847 0.031500 0.048987 0.043052 0.060844 0.052269 0.109644 0.066129 0.035522 0.122327 0.049350 0.054062 0.096992 0.050484 0.189899 0.159257 0.058435 0.028450 0.035953 0.035294 0.032579 0.027468 0.032321 0.061009 0.067520 0.095039 0.113639 0.067826 0.046550 0.035178 0.019490 0.035794 0.037566 0.089061 0.189273 0.140691 0.047409 0.046967 0.053449 0.032759 0.058253 0.049493 0.052731 0.056019 0.084148 0.033941 0.039989 0.043731 0.042164 0.038104 0.034628 0.025662 0.028760 0.055644 0.121526 0.135838 0.035310 0.055027
0.067844 0.046649 0.040600 0.056065 0.099311 0.061537 0.077123 0.031727 0.019942 0.031858 0.044315 0.027151 0.067676 0.093242 0.185703 0.170442 0.142537 0.061933 0.016690 0.016690 0.031008 0.037907 0.046012 0.052873 0.117223 0.152803 0.112288 0.092184 0.046629 0.038004 0.034885 0.012093 0.025126 0.033375 0.055542 0.075049 0.055686 0.064593 0.030861 0.037487 0.085783 0.060346 0.107477 0.028275 0.051625 0.050431 0.032040 0.026407 0.034182 0.030115 0.041408 0.039110 0.026980 0.036675 0.089316 0.022774 0.022774 0.049532 0.045161
0.097221 0.074838 0.059733 0.066409 0.209205 0.055414 0.048193 0.019558 0.016690 0.016690 0.019972 0.108427 0.105129 0.066299 0.049535 0.049013 0.047715 0.057961 0.026447 0.026447 0.043455 0.041849 0.053050 0.045187 0.322491 0.117055 0.094812 0.049906 0.043200 0.041562 0.019255 0.026110 0.030331 0.025722 0.031160 0.067595 0.027423 0.038002 0.035893 0.054586 0.115852 0.134323 0.036920 0.042024 0.027801 0.025132 0.033527 0.029704 0.033973 0.033589 0.057909 0.054903 0.035241 0.078416 0.066382 0.022774 0.022774 0.096158 0.070828
0.109948 0.110739 0.099552 0.200227 0.205005 0.141201 0.047376 0.045886 0.027420 0.033841 0.029324 0.108021 0.091789 0.047895 0.030240 0.037296 0.028227 0.036380 0.052182 0.049997 0.083791 0.085869 0.264267 0.072655 0.049048 0.055610 0.058327 0.047947 0.029743 0.026038 0.039315 0.030471 0.039221 0.044408 0.036321 0.072193 0.028444 0.024739 0.028818 0.038325 0.037191 0.168258 0.049885 0.022774 0.022774 0.027801 0.031790 0.048147 0.051872 0.052122 0.078978 0.122529 0.098226 0.066790 0.130172 0.099558 0.021993 0.046336 0.106864
0.048858 0.082724 0.103562 0.070652 0.145269 0.140339 0.107709 0.043915 0.037996 0.060621 0.072366 0.040696 0.036744 0.059904 0.029653 0.025559 0.032581 0.039995 0.053575 0.085274 0.104495 0.112014 0.320392 0.089211 0.070794 0.046388 0.055135 0.037049 0.027312 0.018613 0.040184 0.039551 0.048974 0.068045 0.072731 0.140829 0.146214 0.029330 0.047110 0.016690 0.038013 0.086681 0.031123 0.022774 0.022774 0.039784 0.044890 0.053157 0.078930 0.085478 0.086651 0.141319 0.105468 0.049159 0.115164 0.073537 0.065001 0.058021 0.080982
0.046073 0.047820 0.052443 0.058629 0.065295 0.116280 0.127740 0.158867 0.076937 0.110162 0.048968 0.029240 0.023908 0.027851 0.019123 0.026545 0.048263 0.037415 0.038035 0.090327 0.061096 0.064172 0.093286 0.116594 0.119516 0.067698 0.084786 0.060434 0.050428 0.059049 0.052627 0.067931 0.094089 0.060156 0.047688 0.131357 0.136962 0.051555 0.034184 0.016690 0.025844 0.040236 0.043431 0.047287 0.036710 0.041041 0.067520 0.140528 0.106179 0.094658 0.097384 0.056594 0.081029 0.164883 0.118268 0.068292 0.175593 0.173374 0.171741
0.048098 0.044501 0.043299 0.040911 0.074789 0.046346 0.126159 0.173890 0.087827 0.133172 0.133213 0.028972 0.023135 0.023842 0.043685 0.045321 0.086793 0.062237 0.138747 0.118713 0.082651 0.071602 0.050121 0.041827 0.172145 0.055759 0.056679 0.030805 0.046998 0.043976 0.043801 0.069102 0.073495 0.065198 0.141950 0.135245 0.123379 0.054011 0.081331 0.029077 0.025475 0.032154 0.078324 0.063855 0.038490 0.049156 0.075917 0.054424 0.085016 0.038758 0.025549 0.077052 0.059324 0.072110 0.048247 0.036377 0.136218 0.149448 0.136290
0.054243 0.055717 0.061810 0.061289 0.137691 0.022797 0.044734 0.070860 0.098016 0.124334 0.116625 0.068776 0.028966 0.029207 0.046183 0.039764 0.057236 0.051349 0.129611 0.120585 0.047171 0.046637 0.029460 0.046505 0.106665 0.043244 0.053368 0.036402 0.030594 0.107105 0.022654 0.050527 0.052139 0.160087 0.142523 0.104735 0.044914 0.050135 0.059456 0.035154 0.081602 0.071067 0.052359 0.074698 0.043363 0.059533 0.025387 0.024350 0.020587 0.036018 0.131483 0.102278 0.084430 0.074239 0.029884 0.030904 0.049381 0.092165 0.040885
0.048831 0.044428 0.082357 0.079649 0.074603 0.047644 0.103473 0.068655 0.059906 0.063387 0.046510 0.060614 0.106503 0.068976 0.095578 0.103992 0.143189 0.336357 0.064759 0.050237 0.044141 0.045188 0.026038 0.068897 0.083044 0.036885 0.056259 0.017927 0.077316 0.064928 0.053260 0.034849 0.044014 0.068834 0.063073 0.034626 0.027801 0.025132 0.036809 0.056405 0.055412 0.046150 0.032700 0.065407 0.047554 0.073386 0.051964 0.034080 0.067071 0.179356 0.165304 0.040442 0.051974 0.035654 0.027646 0.028785 0.047714 0.065012 0.066726
0.090130 0.171460 0.137572 0.065908 0.064340 0.057260 0.176600 0.040178 0.035040 0.038574 0.028422 0.029653 0.049567 0.072906 0.099797 0.150504 0.106487 0.071509 0.079254 0.047309 0.037472 0.032992 0.030601 0.036065 0.078766 0.026082 0.031222 0.023581 0.058064 0.173348 0.025112 0.048757 0.032396 0.098192 0.021993 0.022774 0.022774 0.027801 0.057319 0.097464 0.069782 0.078789 0.041429 0.064712 0.061275 0.158595 0.153276 0.120797 0.062958 0.077869 0.064279 0.029648 0.036378 0.055221 0.040239 0.025565 0.045926 0.035693 0.062836
0.035471 0.068629 0.058380 0.074907 0.042688 0.062957 0.184515 0.054117 0.021968 0.022100 0.024121 0.024220 0.034300 0.045727 0.108449 0.105258 0.099318 0.057416 0.069401 0.039315 0.029075 0.035831 0.027823 0.023175 0.108396 0.031346 0.033821 0.067073 0.077702 0.126520 0.060914 0.142336 0.130955 0.103048 0.033249 0.022774 0.022774 0.055453 0.052053 0.067400 0.060423 0.055443 0.084209 0.094199 0.064304 0.138977 0.130210 0.027635 0.031884 0.074193 0.061132 0.042890 0.143328 0.045147 0.045485 0.049090 0.019558 0.038889 0.064108
0.025102 0.064316 0.057048 0.037385 0.062983 0.052574 0.090239 0.099462 0.039750 0.033032 0.024220 0.012093 0.034577 0.051756 0.075239 0.091281 0.100132 0.062886 0.068075 0.052822 0.045089 0.052192 0.038308 0.055474 0.127677 0.026585 0.034355 0.059885 0.081330 0.049191 0.197862 0.132706 0.109778 0.094600 0.101796 0.032172 0.042878 0.035535 0.037798 0.051741 0.090034 0.095776 0.081303 0.094157 0.086088 0.039835 0.044281 0.028140 0.030654 0.044168 0.041832 0.054217 0.108269 0.079636 0.028514 0.020903 0.016690 0.026447 0.035867
0.122349 0.092548 0.058617 0.033397 0.035027 0.048372 0.037596 0.039481 0.218891 0.037098 0.037620 0.027363 0.024645 0.042497 0.039415 0.067866 0.086301 0.106962 0.048833 0.051354 0.074126 0.067453 0.045390 0.051151 0.116377 0.114401 0.039597 0.022171 0.034732 0.044983 0.107557 0.030373 0.058799 0.037317 0.122799 0.085305 0.053985 0.037769 0.048021 0.064235 0.075193 0.062307 0.129257 0.047419 0.034050 0.031624 0.031069 0.016690 0.026447 0.060700 0.067278 0.077658 0.080673 0.265239 0.034551 0.032736 0.016690 0.026447 0.051685
0.051714 0.039721 0.027041 0.038319 0.045265 0.068971 0.053283 0.063716 0.033610 0.136776 0.044755 0.033736 0.025020 0.032030 0.033310 0.040231 0.066047 0.092491 0.043085 0.077413 0.088085 0.067523 0.052955 0.042549 0.101334 0.101626 0.041373 0.038364 0.016690 0.039931 0.073841 0.054231 0.047784 0.031453 0.036568 0.080959 0.068456 0.084284 0.050544 0.048744 0.100104 0.070351 0.126537 0.063003 0.036711 0.037690 0.031030 0.016690 0.026447 0.034757 0.033630 0.036153 0.067783 0.280269 0.105313 0.111615 0.032213 0.054757 0.033843
