use_cases/Flooding_chicago/flooding_data/output/h_120.asc
ncols 337
nrows 393
xllcorner 428428.000000
yllcorner 4602440.000000
cellsize 26.757400
NODATA_value -9999.000000
[rows 270 to 296 of 393, columns 59 to 117 of 337]
0.070147 0.081684 0.090659 0.053407 0.033751 0.035967 0.080953 0.043411 0.084241 0.038152 0.022774 0.022774 0.054851 0.032934 0.056150 0.088090 0.082201 0.041633 0.050010 0.016690 0.030544 0.076586 0.068018 0.033925 0.025455 0.034375 0.043880 0.047944 0.060823 0.116420 0.132317 0.016690 0.082758 0.067537 0.033969 0.053939 0.062597 0.072979 0.081282 0.088494 0.030068 0.050361 0.052918 0.041347 0.091077 0.059195 0.035513 0.065167 0.058832 0.035850 0.069863 0.065448 0.098820 0.056067 0.087505 0.083791 0.095341 0.110892 0.151481
0.044126 0.043568 0.048745 0.070099 0.034238 0.034860 0.056986 0.136670 0.152145 0.065556 0.048496 0.062787 0.054643 0.037512 0.046271 0.179500 0.206097 0.078627 0.048908 0.016690 0.019942 0.070812 0.034068 0.025420 0.033229 0.026710 0.037404 0.044597 0.068972 0.069027 0.115840 0.112908 0.077707 0.228479 0.038995 0.033796 0.048552 0.074387 0.080905 0.027997 0.012093 0.059408 0.057785 0.055124 0.045892 0.045278 0.035383 0.066776 0.053876 0.040675 0.076941 0.063302 0.069239 0.080707 0.094966 0.035686 0.043061 0.049012 0.067669
0.061385 0.057597 0.060062 0.071262 0.032643 0.032776 0.048025 0.137207 0.144355 0.054320 0.041987 0.053740 0.041245 0.028773 0.032869 0.172273 0.190793 0.075002 0.044807 0.041984 0.078010 0.086830 0.052280 0.027253 0.041778 0.033259 0.033386 0.050392 0.048199 0.049590 0.054723 0.098781 0.089381 0.256394 0.116629 0.080844 0.093866 0.045358 0.031515 0.017571 0.066707 0.049600 0.046873 0.058217 0.063670 0.071051 0.025105 0.026103 0.052410 0.031600 0.043989 0.031095 0.117632 0.043096 0.052922 0.036781 0.038267 0.030547 0.126578
0.057404 0.045713 0.044957 0.051605 0.025197 0.025215 0.040600 0.117620 0.119208 0.050480 0.037952 0.042400 0.127590 0.083214 0.181252 0.095377 0.032881 0.044892 0.056937 0.043435 0.324160 0.073299 0.063639 0.120192 0.035859 0.027016 0.034041 0.031884 0.036263 0.048468 0.050445 0.048383 0.086119 0.066086 0.069556 0.092253 0.083221 0.032149 0.032530 0.020818 0.051434 0.161309 0.200278 0.053683 0.072137 0.083496 0.031767 0.036718 0.021255 0.027880 0.041982 0.043695 0.050836 0.080413 0.042246 0.063953 0.012093 0.045104 0.178601
0.036967 0.063056 0.055924 0.059466 0.064904 0.032229 0.028741 0.123033 0.106818 0.052070 0.039684 0.050500 0.040171 0.030067 0.073824 0.034781 0.025157 0.028294 0.019188 0.043654 0.091934 0.034914 0.028456 0.036083 0.037988 0.054776 0.080711 0.047193 0.051228 0.029255 0.034500 0.043212 0.075644 0.060498 0.056550 0.039118 0.090678 0.071144 0.035994 0.017571 0.061474 0.050604 0.055560 0.072251 0.085243 0.093183 0.025105 0.026103 0.038363 0.053146 0.145397 0.141354 0.045853 0.038357 0.025635 0.026928 0.103034 0.085010 0.064859
0.050110 0.064962 0.127135 0.123334 0.048615 0.031463 0.041955 0.141775 0.121508 0.058611 0.041911 0.054186 0.051932 0.043651 0.027744 0.025159 0.029593 0.025251 0.052172 0.059195 0.047923 0.019972 0.016690 0.016690 0.040466 0.037927 0.048227 0.050228 0.042376 0.078390 0.050133 0.024542 0.081829 0.020859 0.044080 0.052556 0.054855 0.075638 0.067841 0.036363 0.056676 0.066307 0.079492 0.031144 0.038373 0.029545 0.086757 0.058405 0.095482 0.059821 0.146343 0.122705 0.057369 0.051587 0.033744 0.039911 0.026930 0.107012 0.096793
0.076485 0.046424 0.113458 0.113349 0.100609 0.052928 0.036982 0.039210 0.045058 0.028498 0.046956 0.052407 0.048297 0.031929 0.075774 0.055656 0.118694 0.106165 0.113065 0.049377 0.068383 0.086908 0.028106 0.034389 0.029614 0.087460 0.062074 0.069195 0.082011 0.078887 0.156065 0.141463 0.041859 0.024504 0.045821 0.041619 0.068553 0.278419 0.077690 0.039020 0.039215 0.066040 0.031234 0.050966 0.057624 0.042270 0.085852 0.054367 0.105681 0.076720 0.016690 0.016690 0.089615 0.045093 0.031693 0.033686 0.025605 0.106832 0.043543
0.054270 0.067950 0.069266 0.074515 0.088169 0.041386 0.029989 0.043079 0.045214 0.026075 0.035985 0.037874 0.030742 0.140132 0.048915 0.048240 0.115622 0.109260 0.123608 0.049899 0.073236 0.084834 0.077922 0.075603 0.069770 0.034975 0.174162 0.038607 0.072994 0.072934 0.158441 0.149312 0.054160 0.022774 0.022774 0.028050 0.052993 0.289294 0.099918 0.075388 0.062717 0.059849 0.039501 0.060398 0.073860 0.017637 0.083426 0.052671 0.087375 0.055191 0.045225 0.055238 0.056063 0.031096 0.019911 0.082254 0.082760 0.094547 0.048565
0.045437 0.107886 0.124711 0.137437 0.066747 0.079242 0.034659 0.022420 0.074092 0.033281 0.047439 0.058416 0.037221 0.129581 0.043913 0.023958 0.026939 0.129487 0.118827 0.055437 0.026469 0.023866 0.091099 0.083944 0.067240 0.033961 0.175760 0.040625 0.026845 0.044430 0.039287 0.039483 0.043828 0.022774 0.022774 0.028050 0.031460 0.097616 0.141265 0.061841 0.051553 0.053378 0.033238 0.055515 0.021665 0.021665 0.031485 0.045236 0.061821 0.076222 0.164700 0.051582 0.071975 0.038725 0.031399 0.051691 0.062580 0.073384 0.047671
0.107988 0.112580 0.104670 0.116672 0.048942 0.064457 0.061871 0.059413 0.102025 0.102028 0.058746 0.030869 0.101206 0.093807 0.042627 0.026934 0.041165 0.036465 0.036313 0.037793 0.039839 0.026666 0.083712 0.078517 0.012093 0.055723 0.064570 0.066635 0.034279 0.046164 0.039556 0.039159 0.012093 0.040886 0.043783 0.049134 0.042206 0.082197 0.092005 0.036824 0.043280 0.042646 0.057458 0.033245 0.017637 0.042693 0.029818 0.048673 0.048680 0.062109 0.147836 0.116968 0.075157 0.065368 0.047283 0.059069 0.089317 0.038952 0.023842
0.117174 0.096424 0.094454 0.029279 0.047553 0.052257 0.042909 0.135697 0.075831 0.109663 0.054096 0.019656 0.090103 0.070521 0.045033 0.096433 0.036157 0.035673 0.036606 0.042599 0.030181 0.088321 0.075586 0.067002 0.053087 0.025074 0.038121 0.053214 0.068318 0.104646 0.079354 0.072245 0.018522 0.042641 0.039757 0.060895 0.098107 0.144837 0.136916 0.092812 0.047937 0.064383 0.048947 0.050178 0.022646 0.077931 0.064863 0.037859 0.036861 0.066294 0.045925 0.083719 0.273608 0.268014 0.114069 0.133332 0.079682 0.120442 0.023135
0.104366 0.083948 0.019703 0.030750 0.035681 0.031208 0.099744 0.118666 0.144932 0.035492 0.060470 0.067933 0.060406 0.297260 0.087753 0.076081 0.030833 0.164268 0.157339 0.029939 0.107694 0.082405 0.066894 0.057342 0.041912 0.063318 0.055229 0.071916 0.072975 0.079605 0.115867 0.077760 0.050903 0.045554 0.079571 0.052430 0.053778 0.043682 0.030446 0.112864 0.150281 0.138052 0.046505 0.049366 0.031971 0.055344 0.038083 0.046938 0.088058 0.084421 0.067092 0.033873 0.074099 0.057929 0.038104 0.042875 0.033278 0.046950 0.033671
0.019245 0.053929 0.050185 0.051347 0.065582 0.066646 0.068927 0.080469 0.042989 0.047710 0.068153 0.074763 0.074186 0.062443 0.041555 0.038959 0.021193 0.045521 0.039520 0.040411 0.021966 0.065301 0.047622 0.040326 0.029617 0.044603 0.064376 0.040501 0.074295 0.070695 0.089404 0.121811 0.075654 0.058121 0.056938 0.034312 0.053015 0.059319 0.019546 0.043592 0.036682 0.136699 0.115644 0.052254 0.035100 0.050144 0.039714 0.061494 0.073557 0.077378 0.081825 0.020879 0.106762 0.021078 0.026033 0.028597 0.046270 0.050846 0.041662
0.035189 0.083148 0.073446 0.083676 0.034686 0.034307 0.094892 0.046434 0.055265 0.023135 0.023908 0.088488 0.074143 0.033915 0.039205 0.027591 0.036497 0.021025 0.039082 0.029961 0.049377 0.045036 0.129956 0.082925 0.150236 0.022899 0.056603 0.033037 0.035611 0.033702 0.073625 0.084681 0.165224 0.145805 0.101257 0.062589 0.216560 0.047013 0.027650 0.016690 0.034683 0.034681 0.129299 0.154208 0.049331 0.061154 0.037081 0.140495 0.057932 0.066312 0.026020 0.012093 0.029311 0.173751 0.052557 0.027818 0.043071 0.038201 0.110809
0.050086 0.043036 0.135097 0.048092 0.042880 0.034015 0.164910 0.053835 0.022336 0.023842 0.027851 0.079181 0.063826 0.046963 0.052906 0.033014 0.034586 0.061428 0.049936 0.073574 0.095029 0.036280 0.027996 0.059487 0.112677 0.069182 0.039453 0.073930 0.037553 0.049744 0.042093 0.069655 0.136662 0.122044 0.091331 0.062972 0.182929 0.061249 0.091853 0.016690 0.048691 0.024774 0.037514 0.184769 0.047428 0.048217 0.107442 0.129137 0.046870 0.069368 0.032721 0.036129 0.046508 0.189048 0.047915 0.041110 0.027753 0.026662 0.136486
0.150826 0.109205 0.109823 0.089329 0.082121 0.096160 0.121691 0.042310 0.038020 0.042524 0.019123 0.038818 0.154866 0.048178 0.052748 0.032344 0.032822 0.048520 0.064925 0.162358 0.054997 0.031771 0.017496 0.034040 0.032634 0.123609 0.095445 0.058098 0.090662 0.051625 0.071217 0.043039 0.052334 0.040349 0.029613 0.090698 0.070970 0.088160 0.107769 0.043336 0.041127 0.100730 0.071336 0.051598 0.051815 0.033657 0.108490 0.102215 0.035149 0.059495 0.026482 0.031428 0.053365 0.171591 0.055667 0.083543 0.045548 0.074868 0.036253
0.031205 0.079996 0.085287 0.072489 0.077448 0.085823 0.099615 0.098100 0.052789 0.035653 0.042890 0.066846 0.095631 0.041278 0.038626 0.025138 0.025251 0.033617 0.044485 0.104797 0.081956 0.036733 0.020853 0.017496 0.040220 0.026491 0.052587 0.038477 0.070957 0.038216 0.080052 0.071097 0.022774 0.022774 0.036708 0.051985 0.051169 0.042809 0.039942 0.050598 0.042893 0.108439 0.086670 0.070001 0.051645 0.133391 0.097050 0.080864 0.080775 0.035830 0.045700 0.020059 0.074331 0.053135 0.012093 0.071789 0.062585 0.050482 0.058945
0.039568 0.066308 0.058739 0.048086 0.048280 0.053194 0.072622 0.088471 0.045121 0.078140 0.092961 0.067744 0.063211 0.033247 0.052994 0.052410 0.048932 0.036641 0.043882 0.092996 0.097636 0.047772 0.031394 0.020143 0.030847 0.043903 0.068769 0.073856 0.050464 0.098096 0.078000 0.071103 0.022774 0.022774 0.030478 0.071110 0.070468 0.055996 0.042617 0.051046 0.052791 0.042914 0.035253 0.083972 0.068465 0.040404 0.081035 0.053820 0.041518 0.191683 0.074010 0.066212 0.087250 0.023615 0.058352 0.174164 0.172607 0.079895 0.048449
0.034380 0.041619 0.137335 0.147009 0.150110 0.167210 0.057473 0.083158 0.109268 0.061236 0.088590 0.042246 0.045000 0.039290 0.048999 0.048707 0.038368 0.049108 0.044541 0.099256 0.104814 0.043340 0.044146 0.021299 0.047454 0.040989 0.129423 0.040223 0.030651 0.079560 0.062868 0.047318 0.031880 0.054052 0.127902 0.099965 0.073739 0.049688 0.175664 0.034699 0.054446 0.059462 0.062981 0.022774 0.022774 0.029842 0.058857 0.186022 0.193989 0.155407 0.066205 0.026375 0.035829 0.043978 0.030232 0.180902 0.176297 0.078485 0.061926
0.051769 0.129278 0.128083 0.115394 0.040471 0.047518 0.069891 0.089749 0.104910 0.124296 0.049106 0.057475 0.045283 0.035568 0.052472 0.044283 0.065100 0.071834 0.088189 0.296283 0.292908 0.091795 0.053543 0.048248 0.038605 0.205667 0.065926 0.021654 0.076552 0.064498 0.038923 0.105809 0.084120 0.057170 0.123971 0.094456 0.076188 0.056761 0.147981 0.165069 0.050643 0.063207 0.066503 0.022774 0.022774 0.032536 0.033091 0.062077 0.058750 0.055501 0.085063 0.026475 0.035365 0.012093 0.034992 0.072733 0.073759 0.049160 0.076224
0.154874 0.033203 0.052722 0.033805 0.053700 0.024559 0.025299 0.049049 0.102725 0.133934 0.161851 0.159213 0.067129 0.037777 0.054973 0.060943 0.051912 0.072010 0.093071 0.106838 0.046160 0.100952 0.048328 0.040847 0.081844 0.040297 0.157211 0.033240 0.056799 0.047222 0.126641 0.104195 0.109984 0.022628 0.065647 0.024435 0.023278 0.082956 0.059520 0.054029 0.065556 0.065885 0.052481 0.130084 0.110957 0.111743 0.019609 0.055198 0.045331 0.030992 0.125267 0.062405 0.095953 0.038991 0.038022 0.109931 0.100308 0.029619 0.042729
0.169340 0.039696 0.030347 0.018172 0.023540 0.030520 0.033344 0.072855 0.041145 0.122429 0.129928 0.043334 0.089603 0.109326 0.106371 0.037714 0.031626 0.054933 0.128198 0.023855 0.026609 0.050851 0.045491 0.111909 0.094196 0.052756 0.152950 0.157297 0.044752 0.048366 0.028783 0.097460 0.029399 0.042792 0.036102 0.031522 0.024780 0.043851 0.040467 0.036880 0.026243 0.078752 0.065869 0.040817 0.115516 0.116457 0.029971 0.024387 0.063249 0.042983 0.144778 0.057823 0.088398 0.039234 0.040484 0.118840 0.125716 0.036435 0.017496
0.173531 0.048242 0.031296 0.051980 0.044909 0.150082 0.038094 0.041432 0.039548 0.066554 0.064770 0.034892 0.037800 0.026975 0.101787 0.085535 0.078555 0.067462 0.053061 0.026402 0.039657 0.029616 0.052721 0.112741 0.119661 0.017571 0.045141 0.041245 0.050094 0.047960 0.029017 0.073561 0.036501 0.047513 0.036561 0.089752 0.069807 0.047388 0.050838 0.047748 0.028485 0.097934 0.084963 0.070900 0.045897 0.141022 0.033762 0.024906 0.072868 0.050213 0.168845 0.068630 0.087357 0.042160 0.017647 0.031655 0.145251 0.037546 0.020853
0.041095 0.067381 0.092593 0.038880 0.036600 0.138780 0.042527 0.027747 0.037374 0.039451 0.037374 0.027747 0.052545 0.030777 0.080948 0.071446 0.071237 0.071484 0.016690 0.122754 0.037881 0.039102 0.056053 0.109313 0.132901 0.020818 0.054367 0.041518 0.039774 0.037077 0.058056 0.202500 0.035556 0.044769 0.029837 0.069888 0.042595 0.179873 0.042135 0.046310 0.142692 0.101949 0.086788 0.076819 0.063312 0.054547 0.043465 0.106576 0.089600 0.070134 0.059454 0.079175 0.032224 0.053739 0.021825 0.022893 0.067021 0.029443 0.038149
0.068892 0.075002 0.085701 0.031646 0.027181 0.115702 0.044351 0.035754 0.049840 0.053051 0.049840 0.035754 0.037544 0.053375 0.055332 0.050948 0.062257 0.069601 0.016690 0.115629 0.042117 0.054064 0.034350 0.042827 0.121349 0.017571 0.032982 0.105887 0.126862 0.026684 0.052447 0.191052 0.026990 0.032869 0.073815 0.044940 0.127122 0.024347 0.052640 0.069656 0.052220 0.047574 0.050594 0.046108 0.032905 0.084420 0.059126 0.112299 0.086518 0.079406 0.080432 0.024202 0.033919 0.042382 0.048397 0.025598 0.036379 0.079168 0.071990
0.084059 0.080575 0.079279 0.019908 0.060408 0.063658 0.033779 0.030207 0.047475 0.051716 0.047475 0.030207 0.040318 0.126214 0.144058 0.148603 0.048983 0.071082 0.094145 0.096203 0.044637 0.024170 0.023182 0.036834 0.035883 0.054682 0.111037 0.115395 0.113716 0.028380 0.019043 0.056040 0.076814 0.020254 0.047217 0.104066 0.117821 0.120773 0.052720 0.077751 0.038658 0.044392 0.045669 0.038755 0.026648 0.043568 0.035963 0.027011 0.033281 0.087423 0.101896 0.017973 0.055159 0.063103 0.095395 0.041927 0.078416 0.023734 0.025877
0.027506 0.019101 0.061380 0.038547 0.103361 0.084302 0.045871 0.042566 0.030263 0.036518 0.030263 0.054837 0.141611 0.134036 0.114801 0.117111 0.049936 0.073589 0.095055 0.100654 0.051665 0.028934 0.024028 0.050070 0.025158 0.052131 0.111528 0.123697 0.017872 0.023139 0.050475 0.058714 0.065315 0.055503 0.034644 0.103133 0.120276 0.117078 0.059545 0.040161 0.069012 0.021244 0.069359 0.053713 0.029969 0.044563 0.036872 0.031074 0.019792 0.032805 0.099538 0.084840 0.222340 0.235549 0.102425 0.133458 0.064968 0.025877 0.036513
