use_cases/Flooding_chicago/flooding_data/output/h_120.asc
ncols 337
nrows 393
xllcorner 428428.000000
yllcorner 4602440.000000
cellsize 26.757400
NODATA_value -9999.000000
[rows 135 to 161 of 393, columns 177 to 235 of 337]
0.091442 0.116683 0.044065 0.039835 0.075755 0.036260 0.043226 0.032211 0.057286 0.055468 0.068598 0.050572 0.038563 0.049538 0.064383 0.046089 0.039194 0.034517 0.046687 0.168348 0.053945 0.064664 0.105623 0.074099 0.046251 0.046827 0.047008 0.043564 0.034724 0.028506 0.028442 0.051429 0.037636 0.047285 0.124436 0.124171 0.043355 0.040668 0.041005 0.041040 0.034382 0.036293 0.062340 0.040918 0.071654 0.073692 0.059186 0.049437 0.037262 0.044938 0.036711 0.054848 0.074772 0.083251 0.052758 0.039124 0.083475 0.071943 0.319675
0.141904 0.069744 0.066982 0.040860 0.069578 0.029201 0.039608 0.074555 0.058694 0.035325 0.071049 0.084696 0.055200 0.042310 0.046385 0.035784 0.035257 0.033981 0.049555 0.143196 0.144031 0.077859 0.068397 0.059750 0.063474 0.059951 0.053711 0.032600 0.046403 0.033653 0.056395 0.047052 0.037274 0.092244 0.105508 0.046011 0.043717 0.048876 0.034297 0.056240 0.031308 0.031898 0.054111 0.045755 0.078144 0.077148 0.056755 0.051641 0.039743 0.063324 0.056030 0.096199 0.077407 0.186608 0.146069 0.117146 0.087009 0.069518 0.045422
0.094479 0.170152 0.053458 0.068051 0.048346 0.033777 0.051956 0.184353 0.055109 0.032177 0.041479 0.064590 0.103084 0.037554 0.037355 0.053279 0.049918 0.058919 0.060902 0.143125 0.167428 0.069114 0.103892 0.072766 0.076593 0.047039 0.040397 0.032328 0.034753 0.056126 0.053585 0.049606 0.079120 0.061607 0.020507 0.023746 0.022503 0.043451 0.070338 0.090544 0.034426 0.034570 0.057573 0.075165 0.081361 0.072277 0.058614 0.045743 0.052013 0.045170 0.044051 0.076102 0.059857 0.025876 0.035938 0.021230 0.055053 0.047946 0.049075
0.053642 0.144761 0.095512 0.069058 0.054224 0.040695 0.042868 0.212448 0.184223 0.032841 0.032920 0.052514 0.083276 0.065476 0.034582 0.037525 0.042120 0.056517 0.052682 0.129174 0.030288 0.048102 0.075843 0.095558 0.060567 0.050865 0.039517 0.036294 0.047740 0.085251 0.069135 0.062995 0.119766 0.053420 0.047963 0.044976 0.043302 0.056851 0.042556 0.071250 0.034701 0.034362 0.048701 0.082068 0.078395 0.053974 0.054973 0.065072 0.044384 0.061579 0.053945 0.052467 0.078941 0.060984 0.033864 0.040822 0.080756 0.086253 0.073400
0.050894 0.024230 0.069002 0.132639 0.098694 0.269492 0.093363 0.034517 0.033021 0.086534 0.100883 0.145421 0.304860 0.244748 0.161641 0.166829 0.172240 0.111755 0.045571 0.040338 0.038861 0.141575 0.128580 0.055825 0.036023 0.041927 0.031542 0.032576 0.062318 0.067685 0.119362 0.090412 0.329733 0.078814 0.074034 0.047751 0.043930 0.047257 0.042938 0.072945 0.027305 0.044927 0.048660 0.068430 0.101133 0.031752 0.048723 0.063648 0.060307 0.043519 0.048312 0.043917 0.067608 0.055087 0.036036 0.039669 0.070590 0.073381 0.088640
0.012093 0.115111 0.080176 0.128376 0.085577 0.235910 0.044927 0.033957 0.032957 0.045887 0.099214 0.073390 0.078383 0.055631 0.131958 0.138610 0.152625 0.056521 0.029743 0.031016 0.051415 0.122585 0.132916 0.124622 0.065877 0.048100 0.038614 0.055315 0.072472 0.033293 0.018887 0.064933 0.306236 0.077920 0.077573 0.046954 0.064865 0.050150 0.042467 0.035942 0.036403 0.055568 0.049953 0.080387 0.084255 0.031207 0.038717 0.064854 0.081751 0.049586 0.066574 0.041788 0.074596 0.050204 0.058232 0.042431 0.143206 0.067790 0.041132
0.155316 0.136210 0.114165 0.038694 0.054770 0.051630 0.039218 0.033972 0.037523 0.052920 0.055214 0.041877 0.040278 0.049376 0.045565 0.064595 0.065442 0.079185 0.032849 0.020150 0.053285 0.107765 0.127984 0.121893 0.065371 0.070017 0.042064 0.048199 0.076920 0.036704 0.056874 0.037484 0.083572 0.031372 0.048923 0.051281 0.116625 0.037690 0.043324 0.026030 0.031691 0.087180 0.030902 0.067096 0.155001 0.038346 0.031611 0.071389 0.084776 0.047459 0.076364 0.045289 0.089739 0.051114 0.114326 0.109618 0.074808 0.042582 0.055488
0.082677 0.076269 0.077117 0.052094 0.042322 0.029127 0.029320 0.043504 0.077204 0.068590 0.031026 0.019811 0.044949 0.042341 0.056511 0.051460 0.074574 0.056903 0.036109 0.121713 0.050688 0.046081 0.142668 0.146137 0.070175 0.069214 0.103300 0.063006 0.108940 0.059226 0.054416 0.032319 0.048568 0.019972 0.049892 0.058645 0.138788 0.101257 0.069489 0.021306 0.089934 0.081677 0.036227 0.051476 0.191617 0.112142 0.024083 0.047758 0.091388 0.141733 0.125565 0.087906 0.073227 0.115367 0.123633 0.142862 0.190124 0.123513 0.114967
0.097162 0.081642 0.069864 0.041258 0.049919 0.026510 0.026778 0.031731 0.079343 0.083447 0.020166 0.017637 0.036079 0.037971 0.062191 0.044290 0.054327 0.042768 0.057040 0.150733 0.026552 0.043051 0.153919 0.149426 0.071949 0.088656 0.133923 0.085036 0.082040 0.056184 0.041418 0.037477 0.030977 0.016690 0.019527 0.045293 0.109709 0.206009 0.157562 0.249605 0.113508 0.063244 0.061729 0.033297 0.019609 0.069721 0.037299 0.074518 0.081887 0.147906 0.126956 0.088967 0.053365 0.105060 0.095246 0.025358 0.062312 0.121934 0.111305
0.124062 0.024128 0.126531 0.057927 0.036043 0.036232 0.036801 0.041244 0.067843 0.067267 0.036933 0.021665 0.021665 0.030089 0.072643 0.060555 0.065396 0.052335 0.071450 0.072550 0.060368 0.070809 0.099919 0.072822 0.028655 0.043123 0.177314 0.065954 0.062782 0.047262 0.071224 0.030972 0.031024 0.016690 0.029663 0.036841 0.029097 0.041102 0.036116 0.330896 0.117796 0.118063 0.049960 0.020111 0.035278 0.079289 0.064911 0.064765 0.036014 0.039293 0.094172 0.078729 0.039930 0.069790 0.074528 0.104159 0.073520 0.063977 0.074341
0.067535 0.049730 0.052845 0.040214 0.042064 0.042056 0.016690 0.028347 0.098671 0.098883 0.040646 0.036048 0.017637 0.035673 0.041572 0.072587 0.044392 0.035467 0.044195 0.051272 0.078590 0.060134 0.105891 0.038470 0.025689 0.070913 0.070930 0.090866 0.048826 0.077039 0.043195 0.047534 0.025512 0.036762 0.047422 0.047472 0.076610 0.012093 0.050218 0.106236 0.039418 0.043535 0.029239 0.069360 0.040779 0.095139 0.108104 0.058850 0.030054 0.030165 0.034820 0.056088 0.153884 0.206383 0.188305 0.087199 0.059354 0.072548 0.050026
0.050891 0.070772 0.025588 0.040517 0.032475 0.033561 0.016690 0.032715 0.048294 0.203236 0.060833 0.037024 0.027300 0.031674 0.027523 0.022301 0.031394 0.032071 0.033489 0.035688 0.027125 0.051665 0.042078 0.036193 0.027260 0.033429 0.082485 0.111610 0.139860 0.046839 0.078095 0.036552 0.039934 0.033392 0.106476 0.099704 0.350199 0.075143 0.066358 0.067849 0.031413 0.033252 0.025983 0.044266 0.046475 0.130838 0.070776 0.027021 0.017953 0.046547 0.050717 0.073489 0.168279 0.186091 0.048650 0.055046 0.052528 0.056046 0.069587
0.016690 0.016690 0.080926 0.065539 0.039981 0.032889 0.026807 0.066275 0.188903 0.197059 0.055646 0.058452 0.048374 0.020110 0.046279 0.045413 0.066853 0.129172 0.115801 0.026433 0.012093 0.024221 0.018756 0.038676 0.031964 0.020130 0.030446 0.101762 0.122690 0.147701 0.051851 0.064156 0.064198 0.047958 0.023512 0.033741 0.069079 0.098047 0.035117 0.055191 0.054763 0.041171 0.066814 0.053372 0.053823 0.306093 0.053850 0.028379 0.022714 0.058218 0.062613 0.081403 0.108089 0.109941 0.065613 0.059885 0.053352 0.044485 0.051881
0.038091 0.037901 0.039864 0.112913 0.105906 0.044156 0.041059 0.074625 0.173289 0.183406 0.093027 0.041134 0.029877 0.045833 0.045831 0.047519 0.056605 0.106916 0.081956 0.068317 0.020992 0.048885 0.036305 0.064332 0.058879 0.077010 0.024579 0.051622 0.047349 0.038216 0.041680 0.050303 0.043312 0.064361 0.048008 0.053897 0.056516 0.059768 0.030714 0.071697 0.069083 0.049814 0.058343 0.074782 0.203843 0.059869 0.070561 0.079501 0.026584 0.076366 0.042456 0.041929 0.068926 0.079520 0.048324 0.040227 0.048443 0.067860 0.075071
0.064791 0.073681 0.084147 0.101314 0.110534 0.044404 0.047775 0.047418 0.073678 0.077562 0.103927 0.069860 0.024092 0.044679 0.045503 0.085793 0.066902 0.033615 0.099166 0.071708 0.020059 0.078636 0.041586 0.151625 0.131115 0.053575 0.023135 0.023908 0.033046 0.030630 0.095580 0.104793 0.071925 0.179915 0.138599 0.049585 0.034861 0.056782 0.069257 0.026300 0.027539 0.061435 0.054646 0.073655 0.252035 0.082774 0.081615 0.075883 0.041184 0.025577 0.026059 0.041369 0.042128 0.090835 0.100199 0.051179 0.051811 0.069473 0.082099
0.053496 0.069312 0.067335 0.074897 0.085852 0.040126 0.052990 0.050265 0.051193 0.018522 0.043820 0.029420 0.054337 0.065793 0.100978 0.089032 0.051522 0.029208 0.047524 0.107473 0.059940 0.071399 0.180930 0.179354 0.156604 0.057931 0.023842 0.027851 0.031667 0.100894 0.107642 0.097771 0.056759 0.184007 0.172363 0.060605 0.042566 0.032732 0.020853 0.017496 0.038560 0.032217 0.048810 0.080599 0.227219 0.048686 0.057793 0.051474 0.052710 0.029286 0.017496 0.020853 0.037919 0.036108 0.143365 0.064868 0.111261 0.063914 0.049781
0.032504 0.043117 0.043938 0.047344 0.055554 0.030013 0.041706 0.018756 0.024221 0.012093 0.020860 0.026741 0.043841 0.053550 0.084440 0.056010 0.097190 0.096052 0.157922 0.393420 0.058983 0.063062 0.054423 0.150540 0.142521 0.082607 0.089383 0.019123 0.066008 0.139129 0.138197 0.101807 0.023387 0.051849 0.169561 0.094219 0.055597 0.031633 0.017496 0.048179 0.032809 0.032604 0.051541 0.117557 0.110084 0.029882 0.060815 0.048694 0.091411 0.105064 0.029629 0.017496 0.056268 0.059392 0.186646 0.206520 0.065476 0.081320 0.049306
0.061495 0.044572 0.083276 0.083568 0.044216 0.055721 0.069666 0.030747 0.044114 0.018121 0.036487 0.041408 0.086845 0.023551 0.040433 0.123080 0.091390 0.113672 0.152081 0.035329 0.043162 0.037084 0.058263 0.073091 0.059637 0.067532 0.046305 0.110793 0.090423 0.187441 0.167351 0.046414 0.025946 0.049147 0.047179 0.131926 0.090060 0.126419 0.032497 0.043178 0.054617 0.042251 0.076449 0.096987 0.106453 0.161469 0.071048 0.057564 0.089010 0.111655 0.161012 0.044122 0.086328 0.049003 0.117174 0.095195 0.086925 0.080629 0.038333
0.046840 0.043950 0.073541 0.072673 0.086387 0.038308 0.043699 0.062997 0.067165 0.031027 0.045518 0.034194 0.258118 0.061313 0.225609 0.043046 0.052417 0.086751 0.031290 0.039051 0.026392 0.060837 0.095951 0.065542 0.047524 0.055107 0.067496 0.059832 0.066087 0.120455 0.092615 0.040233 0.022829 0.041431 0.063838 0.056253 0.138106 0.041267 0.045730 0.093825 0.199230 0.188950 0.119768 0.082647 0.048407 0.051516 0.049684 0.047294 0.054836 0.047422 0.069179 0.086937 0.053413 0.062011 0.174469 0.061356 0.053436 0.058203 0.037419
0.052994 0.100789 0.256665 0.304811 0.084820 0.108680 0.084431 0.238350 0.234669 0.077352 0.143971 0.162972 0.049628 0.086349 0.065777 0.044809 0.053377 0.035923 0.034952 0.023067 0.032684 0.078870 0.093416 0.049969 0.034858 0.065320 0.058333 0.033011 0.055376 0.067599 0.050160 0.032404 0.027499 0.042283 0.056805 0.058028 0.069631 0.058461 0.063034 0.117613 0.084378 0.068640 0.068054 0.050593 0.047050 0.048185 0.040692 0.055707 0.053107 0.056546 0.043067 0.105290 0.069692 0.047639 0.110778 0.109150 0.037762 0.037267 0.025960
0.072117 0.052947 0.078725 0.089372 0.044517 0.041163 0.030518 0.055712 0.047640 0.080604 0.049024 0.038734 0.033573 0.067204 0.082310 0.047178 0.035945 0.035153 0.023512 0.024754 0.020900 0.080016 0.081163 0.050610 0.056202 0.065746 0.036368 0.037573 0.033971 0.066257 0.031438 0.023669 0.035438 0.041168 0.055904 0.069738 0.066065 0.079950 0.048477 0.083391 0.086318 0.073303 0.041477 0.035967 0.042706 0.039505 0.038884 0.046589 0.035792 0.052759 0.045287 0.067226 0.047699 0.052392 0.128013 0.107833 0.048787 0.035601 0.022407
0.043729 0.037826 0.049667 0.089796 0.112034 0.034928 0.022058 0.035004 0.271945 0.072599 0.049401 0.035543 0.018705 0.069658 0.069071 0.038576 0.030518 0.016690 0.026447 0.036772 0.056630 0.047081 0.041638 0.035103 0.050648 0.059872 0.040888 0.029192 0.038236 0.047951 0.026447 0.026447 0.029222 0.030759 0.042251 0.058794 0.040869 0.042220 0.028942 0.075272 0.072118 0.038749 0.025990 0.030866 0.023763 0.030999 0.042328 0.044476 0.038010 0.056011 0.059850 0.070309 0.044785 0.051864 0.118085 0.098041 0.037021 0.027980 0.017890
0.072384 0.029876 0.045907 0.051551 0.204729 0.057943 0.028038 0.059567 0.294213 0.082123 0.053980 0.043875 0.030867 0.059521 0.076845 0.044616 0.043249 0.016690 0.026447 0.058187 0.156867 0.123379 0.033653 0.028384 0.034092 0.039753 0.039584 0.039666 0.037423 0.019972 0.016690 0.016690 0.025778 0.029775 0.033322 0.036683 0.027425 0.035077 0.110000 0.106179 0.072134 0.187413 0.155238 0.055097 0.061040 0.045421 0.034541 0.038625 0.054266 0.086787 0.054697 0.050669 0.045421 0.049737 0.136958 0.123356 0.044719 0.012093 0.057519
0.082582 0.241350 0.039140 0.060352 0.190069 0.060874 0.023430 0.054281 0.180970 0.071554 0.073601 0.089981 0.099954 0.061510 0.052764 0.028413 0.045778 0.039479 0.057511 0.066255 0.160744 0.114806 0.020191 0.018522 0.012093 0.024220 0.039766 0.116901 0.118166 0.048288 0.030967 0.030942 0.042125 0.060752 0.165002 0.026470 0.029776 0.050763 0.059306 0.043369 0.049084 0.041836 0.212019 0.192529 0.067178 0.057569 0.045599 0.057827 0.039311 0.056735 0.036352 0.028616 0.029398 0.051897 0.081737 0.072359 0.035512 0.034357 0.033818
0.068225 0.050469 0.070682 0.073417 0.095663 0.043397 0.021244 0.042541 0.118949 0.070355 0.051252 0.059812 0.109804 0.042017 0.068954 0.025811 0.034847 0.028804 0.044921 0.053597 0.135538 0.031823 0.035052 0.031642 0.024220 0.024121 0.031736 0.067251 0.076401 0.031754 0.036615 0.030436 0.036753 0.049853 0.119491 0.130935 0.024850 0.028332 0.052290 0.037244 0.037398 0.037720 0.116896 0.115969 0.072012 0.055708 0.034038 0.041468 0.045443 0.034292 0.052594 0.062531 0.046001 0.051784 0.045691 0.046235 0.018203 0.024926 0.043111
0.056869 0.032944 0.089668 0.078925 0.054563 0.044695 0.021080 0.031624 0.078307 0.057099 0.034990 0.061382 0.076909 0.033847 0.036787 0.140014 0.100399 0.054569 0.033166 0.036106 0.082603 0.076273 0.040413 0.041976 0.033886 0.023523 0.042400 0.093089 0.092144 0.064167 0.055089 0.037699 0.054892 0.039671 0.116131 0.132497 0.148934 0.043400 0.030306 0.031422 0.045432 0.049622 0.181127 0.132503 0.040552 0.036250 0.029920 0.023135 0.023842 0.036904 0.034946 0.059408 0.061347 0.047823 0.056353 0.021943 0.037875 0.031815 0.046531
0.031902 0.040900 0.083724 0.064984 0.076640 0.042360 0.020697 0.034211 0.047473 0.086697 0.035770 0.050423 0.062409 0.036385 0.037459 0.052561 0.078687 0.164237 0.118870 0.068528 0.127920 0.115982 0.052836 0.042307 0.046252 0.027242 0.040763 0.043594 0.071110 0.053546 0.042903 0.046797 0.053296 0.129673 0.119534 0.122950 0.047645 0.046926 0.039939 0.034907 0.052332 0.079579 0.148518 0.041071 0.031569 0.023742 0.032666 0.023908 0.027851 0.019123 0.027511 0.055478 0.127697 0.051813 0.039202 0.044315 0.035138 0.048691 0.050765
