use_cases/Flooding_chicago/flooding_data/output/h_1200.asc
ncols 337
nrows 393
xllcorner 428428.000000
yllcorner 4602440.000000
cellsize 26.757400
NODATA_value -9999.000000
[rows 189 to 215 of 393, columns 59 to 117 of 337]
0.040856 0.279076 0.033074 0.033836 0.081368 0.056206 0.130074 0.470177 1.637645 0.629941 0.068306 0.044351 0.042289 0.638269 0.651240 0.643208 0.700446 1.593143 1.524680 1.550318 0.500622 0.045121 0.021538 0.053841 0.038246 0.235686 0.215045 0.218596 0.023186 0.024025 0.099069 0.027886 0.014396 0.029137 0.285488 0.281474 0.191558 0.132141 0.069635 1.521161 2.512672 3.511730 2.575309 2.552645 2.511734 2.501265 3.506233 3.511781 1.409457 0.096750 0.052785 0.057449 0.119800 0.743434 1.966140 1.904480 0.744867 0.278901 0.034614
0.330017 0.131355 0.124963 0.021080 0.076972 0.062233 0.035194 0.035530 0.471123 0.505440 0.031442 0.044730 0.041771 0.577629 1.665867 1.679900 1.674664 1.707780 2.638224 2.661463 1.628871 0.529580 0.457987 0.416331 0.386919 1.375713 0.338723 0.341087 0.024299 0.029640 0.028069 0.018440 0.023384 0.023872 0.025594 0.023628 0.106163 0.079606 0.459075 2.519192 3.516786 3.512624 3.559005 2.503250 2.503423 3.488428 4.498819 3.498402 1.405395 0.022591 0.024956 0.028405 0.053582 0.038051 0.076307 0.083821 0.121961 0.047278 0.030485
0.250580 0.239822 0.060632 0.049812 0.059898 0.046761 0.031076 0.041725 0.332977 0.292137 0.204510 0.121827 0.495970 1.643372 1.663711 1.664121 2.643319 2.650766 3.642391 3.667723 2.606994 2.625001 3.606469 2.557390 2.580220 1.438343 2.457274 1.444653 0.293613 0.154390 0.141248 0.914924 0.109413 0.029155 0.024662 0.137591 0.077214 0.411947 2.502707 4.506868 3.507347 3.466207 2.562233 1.554034 0.532930 3.535147 3.516483 3.500940 1.312470 0.040212 0.028450 0.026284 0.035544 0.034143 0.066214 0.053966 0.057296 0.064721 0.038599
0.443416 0.465219 0.059027 0.081122 0.028785 0.073555 0.063484 0.037072 0.177775 0.345329 0.199970 0.541152 1.647778 2.657283 2.665137 2.662669 2.670391 3.661327 3.677378 3.687283 2.622538 2.618429 2.627777 1.535912 1.521377 2.341293 2.462903 1.290127 0.835923 0.972347 2.095253 4.169038 2.234685 0.124020 0.063598 0.163683 0.434721 1.434513 2.505082 4.513773 3.513863 3.471490 2.571002 1.570141 0.525960 3.490927 3.492153 3.509655 2.489543 0.325445 0.036178 0.027152 0.021675 0.036003 0.049324 0.028359 0.026954 0.034126 1.348590
0.319800 0.310431 0.186313 0.050179 0.035179 0.081245 0.029778 0.057549 0.152060 0.233582 0.542052 1.646312 1.680525 3.672398 2.678782 3.679062 3.689922 3.694434 4.691123 2.705336 1.661361 1.677741 0.615634 0.552223 0.535505 1.408100 1.455081 0.308646 0.674596 0.989066 3.076184 3.228374 1.082425 0.833843 0.625910 0.336461 0.558801 1.369731 2.487512 3.497100 3.519800 2.497358 2.579710 1.540785 2.541194 3.477053 3.510869 3.506557 2.459677 1.503793 0.371304 0.101140 0.033089 0.034218 0.028419 0.043235 0.036630 0.048440 3.353223
0.179485 0.383036 0.300482 0.168544 0.110720 0.105034 0.031300 0.033028 0.093857 0.139655 0.559436 1.682138 2.674690 3.663790 3.685899 3.682416 3.692890 4.694040 4.704898 1.687626 1.670587 1.683765 0.644504 0.086230 0.089459 0.082532 0.071063 0.044861 0.048022 2.088297 3.088923 3.138386 1.041900 0.890692 0.604752 1.004756 0.764685 1.274044 2.473064 3.491747 3.540051 2.495471 2.453031 1.301239 2.330876 1.344744 1.349238 1.267943 0.278621 0.279046 0.101591 0.129143 0.175552 0.041374 0.028846 0.044777 0.040428 0.057167 3.357864
0.102745 0.255232 0.215789 0.465718 0.391430 0.239514 0.160741 0.034737 0.047401 0.102338 0.631478 0.684547 1.675053 2.667547 3.676621 3.674177 3.685205 4.693756 3.695812 1.679132 1.662962 1.662024 0.610638 0.109411 0.097073 0.098161 0.083703 0.062097 0.058096 2.073157 3.103192 3.125791 1.112913 0.063150 0.415406 0.971954 0.040405 0.046635 0.037056 1.430474 1.424391 2.472123 1.239760 0.587845 0.437669 0.040067 0.055269 0.047880 0.037574 0.030800 0.032876 0.029411 0.260037 0.257971 0.039927 0.032372 0.014396 0.024284 3.349511
0.121423 0.555759 0.585095 0.509756 0.405778 0.668115 1.671111 0.722238 0.067322 0.054653 0.644312 0.675000 1.668156 2.662236 3.670154 3.671173 3.679687 2.686997 2.692662 1.676509 1.661746 0.564369 0.068218 0.088678 0.044700 0.066901 0.043852 0.063876 0.204119 0.924091 2.129136 2.129739 0.149329 0.111673 0.074499 0.035667 0.040276 0.028990 0.028100 0.040811 0.035921 0.225502 1.157677 0.669049 0.481782 0.046346 0.060481 0.039177 0.042229 0.028871 0.017967 0.026604 0.034065 0.335959 0.036212 0.040855 0.024284 0.023399 0.227697
0.117066 0.576042 0.612103 0.526535 0.384817 0.710947 1.767270 1.826204 0.720794 0.727417 0.686253 0.689189 2.669196 2.670037 2.679580 3.677585 2.692342 2.696116 1.702903 1.681075 0.505763 0.047709 0.032020 0.040540 0.056602 0.078162 0.046821 0.043617 0.065575 0.063530 0.030556 0.034371 1.133636 0.092996 0.038537 0.031349 0.026894 0.026116 0.022865 0.030163 0.026223 0.305344 1.154112 1.169304 0.324545 0.021370 0.025932 0.019905 0.022118 0.017967 0.021033 0.029458 0.022512 0.027529 0.564326 1.744947 0.566779 0.039185 0.017372
0.170434 0.096779 0.062883 0.038751 0.262730 0.644366 1.788172 1.840232 1.860441 0.764308 0.704562 1.637574 3.653190 3.675035 2.676810 2.673939 2.680511 1.670368 1.668922 0.516270 0.058245 0.032647 0.036705 0.017967 0.033973 0.150078 0.026221 0.027108 0.044166 0.037300 0.028892 0.048607 0.079412 0.041324 0.034050 0.018028 0.021004 0.018028 0.034097 0.029076 0.522704 1.596564 2.544891 2.544055 1.567306 0.070676 0.066190 0.040170 0.043694 0.029366 0.030221 0.047035 0.039976 0.582416 2.704598 2.739461 2.732363 0.540679 0.017372
0.060845 0.091876 0.059647 0.042507 0.028145 0.064662 0.703256 1.845209 0.828431 0.832891 0.021679 1.611375 2.623316 3.644782 2.640364 1.640593 0.559503 0.068129 0.086685 0.097713 0.050698 0.043724 0.017967 0.021033 0.057351 0.049354 0.018196 0.021615 0.021706 0.021506 0.038154 0.046745 0.026741 0.033531 0.033485 0.035025 0.028755 0.032784 0.043633 0.441165 2.618028 2.624329 3.594588 3.514115 2.592997 1.602735 0.434989 0.036151 0.042412 0.027518 0.027764 0.047078 0.437688 1.626165 2.701633 2.640878 1.619526 0.028119 0.020180
0.038887 0.047797 0.080260 0.081041 0.022977 0.018349 0.082553 0.706387 0.770700 0.752162 0.718336 0.672139 0.550818 0.026139 0.395308 0.418440 0.074345 0.065565 0.084254 0.084316 0.097812 0.048774 0.032655 0.043922 0.045418 0.046700 0.045539 0.030143 0.018090 0.033084 0.100350 0.030113 0.017372 0.017372 0.026588 0.079170 0.092583 0.062966 0.450138 2.592891 3.614223 3.616265 3.574651 2.540890 2.552013 1.603313 1.569275 0.500700 0.109142 0.211550 0.348413 1.551819 1.506632 1.610674 1.588270 0.370826 0.683089 2.019318 1.992416
0.431139 0.437395 0.423344 0.391541 0.398668 0.036299 0.065166 0.044960 0.750172 1.742869 1.758470 1.755451 0.039162 0.025215 0.067982 0.074669 0.065483 0.071725 0.069741 0.054568 0.051246 0.057794 0.047691 0.052879 0.070961 0.062767 0.066521 0.048821 0.038063 0.029838 0.080480 0.072962 0.019752 0.028190 0.058234 0.085777 0.095253 0.067208 0.474436 2.601864 3.615351 3.618691 3.597455 2.546974 1.646624 1.668482 2.655696 1.666534 1.490999 0.901581 1.292719 1.493295 1.441437 0.444919 0.060121 0.032117 0.920138 3.038488 3.014136
0.433263 0.438150 0.447740 0.414135 0.400545 0.391773 0.028688 0.030574 0.078687 1.754032 1.772451 0.707102 0.036720 0.032143 0.044380 0.032416 0.125985 0.111626 0.109948 0.017372 0.062905 0.048348 0.186701 0.184636 1.228221 1.225433 0.042717 0.066873 0.073340 0.051621 0.140273 1.117628 0.115351 0.101888 0.121096 0.050255 0.070351 0.052177 0.044836 1.475820 3.594830 3.616647 3.589460 2.563793 1.648251 2.701855 2.640579 1.685406 1.530481 0.702722 0.438852 1.561101 0.475317 0.214540 0.021434 0.034645 0.948816 2.016631 2.992511
0.037162 0.033653 0.025780 0.384829 0.387683 0.410602 0.023566 0.022942 0.031503 0.031045 0.720840 0.736397 0.051582 0.043128 0.051552 0.044334 0.117165 0.116129 0.115822 0.017372 0.059166 0.037575 0.212446 1.247414 2.251961 0.192332 0.033287 0.059334 0.112838 1.118109 0.165265 1.156618 1.152756 1.149042 0.134091 0.054366 0.038949 0.033593 0.055134 1.567844 2.570372 2.568834 2.540325 2.530452 1.622930 2.687929 2.654615 2.627467 1.563558 0.682181 0.397938 0.494076 0.631855 0.472670 0.705753 0.806756 1.943559 1.954378 1.911326
0.035758 0.033225 0.025642 0.354476 0.354631 0.402947 0.027366 0.023506 0.031653 0.030145 0.717813 0.717224 0.057640 0.055504 0.024559 0.024788 0.032127 0.103432 0.103874 0.069450 0.043266 0.118176 0.165829 1.268172 1.259639 0.024360 0.014396 0.041253 1.148660 1.151745 1.142584 1.157580 1.158384 1.157907 0.140408 0.137726 0.038955 0.037275 0.628700 1.589199 1.622898 1.620515 1.616737 0.604205 0.605317 1.638664 1.628817 1.635244 1.605304 0.028737 0.036937 0.019309 0.521255 0.569859 0.695489 0.784344 1.852090 1.004823 0.969928
0.157089 0.073641 0.130924 0.240602 0.215228 0.020698 0.019309 0.039924 0.046664 0.660636 0.037717 0.055546 0.026695 0.026848 0.014396 0.031457 0.020438 0.022667 0.049217 0.071465 0.053428 0.293114 0.324214 0.152923 0.189422 0.023842 0.026634 0.032172 1.158103 2.143649 2.148704 1.161588 1.161107 0.141574 0.128287 0.145098 0.076118 0.046066 1.637542 1.618597 1.632052 1.629511 1.627442 0.610823 0.057482 0.057194 0.041187 0.642505 0.606902 0.463387 0.054960 0.014396 0.068299 0.061740 0.063356 0.055175 0.055574 1.038394 1.102686
1.151582 0.124075 0.140057 0.104550 0.374024 0.030708 0.020821 0.047573 0.620684 0.638557 0.030861 0.025779 0.028069 0.023887 0.024361 0.054405 0.033821 0.045997 0.046348 0.114606 0.143045 0.229424 0.244308 0.089534 0.017372 0.062934 0.036248 0.120737 1.153980 2.147870 2.153268 0.134531 0.132996 0.119222 0.075911 0.676080 0.638238 1.617723 1.640914 1.628065 1.638978 1.636923 1.632904 0.620622 0.059305 0.056283 0.040853 0.643262 0.599684 0.069238 0.096722 0.071116 0.088064 0.086364 0.030370 0.041600 0.036113 0.212780 1.226063
2.162107 2.171304 1.152622 1.174060 1.081237 1.088978 0.371154 0.522080 0.617518 0.646836 0.693076 0.688795 0.036494 0.029853 0.038550 0.038537 0.060627 0.039576 0.705238 0.690006 0.743630 0.713671 0.141939 0.060027 0.017372 0.036523 0.104866 1.130606 1.145189 2.134378 2.148836 1.099600 0.116396 0.106578 0.710385 1.733770 1.732361 2.656039 2.708870 1.659294 1.635383 1.659948 2.689495 1.689389 0.679725 0.656262 0.657737 1.655892 1.605420 0.088775 0.103840 0.082275 1.107804 0.074532 0.040611 0.024529 0.030082 0.025430 0.164503
4.184748 4.195131 2.182270 1.188094 1.191226 0.105989 0.021706 0.021615 0.018196 0.657416 0.677906 1.685595 0.550851 0.531777 0.040771 0.058257 0.067287 0.726240 1.807315 1.790871 0.780898 0.049335 0.100054 0.033654 0.026902 0.047153 0.110783 1.126974 1.144554 2.130888 2.152056 1.094369 1.093165 0.100528 0.675754 1.693554 1.707374 2.646304 2.682558 1.652545 0.663679 1.622125 2.637272 1.670265 1.696922 1.676576 1.677424 1.642821 0.528670 0.088911 0.051538 0.098218 1.107731 0.073173 0.033592 0.024757 0.030831 0.029960 0.023598
4.195903 3.196397 2.193412 2.184225 1.202610 0.119104 0.018090 0.052407 0.048136 0.020273 0.712573 1.721044 3.794530 2.781849 2.780526 0.674242 0.703078 1.789691 1.785924 0.810528 0.816193 0.812586 0.054123 0.059477 0.043557 0.104504 1.134230 1.133381 1.141307 1.118787 2.145081 1.090810 1.114898 0.101446 0.700427 1.627927 1.696124 0.673799 0.684706 0.667030 0.662262 0.660793 1.669987 1.673487 1.683160 1.670464 1.668172 0.490224 0.064735 0.041866 0.022591 0.022591 0.093182 0.080272 0.077624 0.082615 0.037101 0.047142 0.018456
3.182954 2.180682 2.181471 2.175452 2.169828 0.127260 0.020423 0.141468 0.128975 0.059723 0.027612 0.728563 3.821332 3.815232 3.807128 1.779477 1.799793 1.796573 0.058540 0.070212 0.829336 0.826069 0.857801 0.836489 0.034143 1.136416 1.137753 1.134336 1.133154 0.188780 0.187951 1.011820 1.033800 0.978147 0.905136 0.939603 0.021561 0.664683 0.677021 0.665928 0.662093 0.664294 1.670159 1.674774 1.683328 0.667423 0.656866 0.067058 0.096465 0.064504 0.022591 0.022591 0.063301 0.046715 0.942726 0.932875 0.185216 0.354455 0.163250
1.161916 2.188424 2.180271 2.176251 2.175257 1.185977 1.198682 1.188637 0.137012 0.074772 0.029872 0.708239 2.817713 2.801953 3.805532 3.763967 2.792948 0.762756 0.041420 0.110405 0.077880 0.839624 0.853237 0.848415 0.032128 1.134805 1.131168 0.148914 0.157983 0.217954 0.267415 0.987315 2.031844 2.079582 0.989049 1.019172 0.038554 0.027378 0.693944 0.687243 1.713027 2.735592 2.725733 2.725669 1.702700 1.675657 0.067144 0.036288 0.052889 0.081626 0.042227 0.033417 0.952358 0.916650 0.970217 1.996167 0.837853 0.428447 0.530114
0.126038 2.190542 2.190178 2.180442 2.186158 1.187766 1.191006 1.163695 0.179053 0.133972 0.252780 0.496332 0.561689 0.598094 2.741733 2.703196 0.046683 0.018730 0.094613 0.061043 0.107732 0.811088 0.863583 0.037723 0.046715 1.140253 0.114525 0.138384 0.026909 0.249348 0.342854 0.230441 0.931913 2.056965 1.013512 1.036530 0.051189 0.035230 0.693750 1.716723 2.701460 3.708042 3.699284 2.705456 1.678833 0.620733 0.060749 0.052163 0.027382 0.035854 0.041801 0.993871 0.956155 0.934955 0.931626 0.080346 0.043487 0.075887 0.090038
0.118521 1.187981 1.186470 1.178299 1.184101 1.181304 1.174260 1.199128 1.181689 0.380164 0.435608 0.313860 0.019309 0.031304 0.147949 0.158581 0.037230 0.023643 0.129401 0.098801 0.063454 0.052575 0.049920 0.018257 0.074664 0.055239 0.056892 0.019050 0.055321 0.032723 0.458698 0.276992 0.175900 0.973731 0.954789 0.967473 0.058367 0.709107 1.742166 2.686517 2.702583 2.704236 2.705275 2.691968 0.700109 0.672766 0.027229 0.020836 0.032982 0.017372 0.017372 0.024331 0.900125 0.871565 0.043083 0.045442 0.043941 0.075889 0.073281
0.974807 0.079399 0.111213 0.119391 1.166959 0.118019 0.093847 1.085149 1.043179 0.349616 0.319076 0.031960 0.014396 0.019309 0.043190 0.053048 0.024605 0.030280 0.165154 0.031212 0.037040 0.032403 0.024758 0.022606 0.028313 0.024376 0.023827 0.026711 0.019204 0.031181 0.690702 0.050071 0.054283 0.101021 0.083422 0.077998 0.093461 0.684802 1.711486 1.694153 1.693645 1.718642 2.724849 2.678928 1.718812 0.662070 0.028732 0.044694 0.058086 0.027061 0.025963 0.741535 0.843464 0.813861 0.061943 0.055146 0.017372 0.130877 0.104148
2.001613 1.003476 0.080779 0.014396 0.152067 0.031784 0.031362 0.274680 0.344331 0.049631 0.036799 0.040077 0.025277 0.069287 0.050102 0.051170 0.025581 0.033393 0.037818 0.048316 0.014396 0.028573 0.032249 0.346484 0.399346 0.386939 0.363139 0.333751 0.252228 0.901274 0.889518 0.087158 0.102257 0.067421 0.058235 0.050041 0.075454 0.044216 0.558363 0.563638 0.631152 1.742302 2.730438 2.674180 1.728770 1.734070 0.674148 0.160575 0.241807 0.263461 0.488289 0.671934 0.842479 0.829224 0.034737 0.029732 0.017372 0.138818 0.112831
