use_cases/Flooding_chicago/flooding_data/output/h_1260.asc
ncols 337
nrows 393
xllcorner 428428.000000
yllcorner 4602440.000000
cellsize 26.757400
NODATA_value -9999.000000
[rows 135 to 161 of 393, columns 118 to 176 of 337]
0.219709 0.178211 0.100874 0.109493 1.158916 1.170622 2.171158 2.169208 2.175831 2.186680 2.184358 3.184834 5.193534 5.197281 5.192318 3.177167 3.163729 3.166541 3.162805 3.168459 2.164863 1.160453 0.132628 0.127979 1.124324 1.132122 1.139964 1.099483 0.116546 0.014397 0.047082 0.034234 0.175977 0.169924 1.075919 1.081470 0.140484 0.056968 0.078087 0.086344 0.055504 0.064034 0.134681 0.125574 0.051597 0.053841 0.033333 0.034553 0.047753 0.038659 0.031518 0.038139 0.030419 0.037209 0.043647 0.051139 0.064782 0.075539 0.059243
0.225394 0.183506 0.249987 1.040757 1.180763 2.181521 2.179381 3.173391 3.183155 3.186883 3.189170 3.196714 3.189906 3.188230 3.183128 3.192301 2.166933 2.166166 3.160472 3.163742 2.156678 1.149022 1.147069 1.166951 1.138722 1.138471 0.117562 0.082726 0.023091 0.025494 0.183018 0.188284 1.224907 2.246897 2.200069 1.226484 0.186813 0.059303 0.080634 0.070764 0.095034 0.093056 0.355533 0.354679 0.067346 0.038643 0.037147 0.025993 0.084693 0.041908 0.044349 0.029961 0.039329 0.047111 0.044931 0.053765 0.071831 0.121096 0.083509
0.158572 0.409573 0.355991 0.203320 1.141468 2.170693 2.171221 3.172630 3.182438 2.184253 2.186827 2.189044 3.190040 3.188226 3.189476 2.188823 1.165424 1.162184 2.161430 2.156555 2.154438 1.144786 2.149476 2.151095 1.127395 0.117410 0.119190 0.018150 0.021968 0.157209 1.220712 2.222910 2.226085 2.234218 2.223074 1.221319 0.176968 0.044289 0.053474 0.043709 0.081566 0.079941 1.470953 1.477461 0.047173 0.046212 0.038155 0.023262 0.109246 0.035912 0.028496 0.049522 0.038215 0.050697 0.051891 0.076267 0.876268 0.977497 0.056438
0.302729 0.493711 0.382581 1.089870 1.171033 2.169792 2.168635 3.175474 3.182981 2.184650 2.187226 2.189798 2.196939 3.197991 2.183864 3.189365 0.140613 0.129395 1.151514 2.154562 1.152688 0.127595 2.139729 2.128337 1.117237 0.129841 0.150151 0.185582 1.228047 1.212299 1.222786 2.230844 2.225518 2.236897 2.221252 1.225558 0.166050 0.024117 0.067748 0.060516 0.046989 0.071539 1.501270 1.507240 1.495572 0.329125 0.055334 0.045432 0.088020 0.068503 0.027809 0.047997 0.046759 0.034415 0.047537 0.635277 1.998660 2.067222 0.888043
0.288592 0.148788 0.335610 1.026626 1.185316 2.154390 2.169158 2.178541 2.183341 3.193965 3.195203 2.193324 1.189455 1.182859 2.182955 3.188290 0.133202 0.117377 0.118790 1.147249 0.125891 0.126557 0.147848 1.187514 1.156179 1.151757 2.193382 2.222167 2.176173 1.208573 1.211981 2.229295 2.212245 2.213829 2.203731 0.192107 0.147129 0.070185 0.289978 0.240808 0.196094 0.092514 1.488231 2.467494 2.492667 1.476919 0.378913 0.045448 0.068030 0.098627 0.410373 0.437429 0.367491 0.029685 0.203918 0.092653 1.938919 2.041499 0.871982
0.205372 0.128908 0.350803 1.010464 1.175535 1.132806 2.165842 2.176168 2.180028 3.185090 3.186252 2.187802 1.185782 1.178706 2.179395 2.180692 0.137533 0.121253 0.110866 0.113582 0.115867 0.124064 0.145126 1.165190 1.155541 2.169497 3.141317 2.201330 2.176635 1.206861 1.211150 1.199692 0.145826 1.152079 2.209622 0.131835 0.098918 0.369806 0.345781 1.339692 0.219458 0.497140 2.464251 4.479666 3.492875 2.486859 1.473707 0.324773 0.220799 0.653742 1.500822 1.645896 1.575917 1.605018 0.370356 0.996428 0.871688 0.875309 0.908934
0.613855 0.644436 0.490514 0.349603 0.316112 0.287085 1.088768 2.170789 3.175608 3.183962 3.177018 2.191897 1.185278 2.157746 3.175168 2.177433 2.175152 1.168044 0.126285 0.119003 1.131792 0.126637 0.140197 0.146503 2.144444 2.157679 3.154291 3.163266 1.022411 0.151352 0.156259 0.146780 0.027183 0.036390 0.157134 0.026100 0.040642 0.039069 0.224266 0.237314 0.205093 2.310395 4.436378 5.130842 4.449174 2.447933 2.447296 1.361270 1.195233 0.844786 0.746533 0.699042 2.483363 2.602153 0.388672 0.508447 0.437591 0.324657 0.673409
1.690756 0.649287 1.538094 0.427627 0.355020 0.307592 1.088410 2.174635 3.175733 3.186637 2.190714 1.186723 1.185430 2.156703 4.160006 4.173120 3.168583 2.168750 1.150586 1.139316 1.149176 0.134688 0.120617 0.122068 0.107679 1.094319 2.112741 1.026579 0.066488 0.062627 0.082023 0.043663 0.034843 0.027443 0.068641 0.032189 0.027657 0.036659 0.045754 0.056368 0.126221 1.364697 3.469283 4.488962 2.497056 1.461947 1.469932 1.443628 0.310939 0.028359 0.029487 0.056057 1.535401 2.615292 0.453295 0.329679 0.270684 0.198648 0.240068
0.598507 0.596535 0.512742 0.389581 0.315664 0.284428 0.204714 1.162871 2.179631 2.186816 1.183818 1.180939 1.181717 2.160198 3.171220 3.179349 2.173529 1.163443 1.149225 2.141194 1.139916 0.101431 0.045146 0.059261 0.080877 0.113580 0.164551 0.161535 0.045555 0.056877 0.065929 0.040764 0.027641 0.038262 0.041969 0.036552 0.021644 0.034935 0.040566 0.069878 0.060127 0.070585 0.420247 0.488443 0.500942 0.530012 0.467649 0.422330 0.032844 0.023720 0.046929 0.059148 0.419249 1.561641 0.490291 0.427088 0.376015 0.314436 0.192431
0.140335 0.121181 0.082977 0.247126 1.149875 1.235837 0.200420 0.184813 0.176046 2.176437 2.194253 1.173297 1.175796 2.155881 2.172610 1.172836 1.168218 1.171541 0.141762 1.135696 0.093012 0.032252 0.054042 0.060529 0.063562 0.085133 0.144046 0.130867 0.062858 0.054741 0.070167 0.039925 0.030145 0.048606 0.056312 0.043861 0.070809 0.055550 0.050086 0.062646 0.041878 0.044166 0.041754 0.084194 0.081630 0.611750 0.045604 0.035545 0.019310 0.045739 0.057716 0.070694 0.383526 1.557939 0.519344 0.470938 0.426106 0.373907 0.258890
0.067511 0.153814 0.120149 0.209030 1.143633 2.207594 1.204846 1.201927 1.200359 3.182645 3.204327 2.190282 2.203953 1.176691 1.185299 0.143918 0.133534 0.117405 0.031074 0.021003 0.033699 0.017967 0.041908 0.036934 0.057320 0.036705 0.176600 0.156609 0.040505 0.035180 0.048041 0.066308 0.088554 0.036751 0.060371 0.048897 0.065452 0.054619 0.057045 0.033668 0.034691 0.051751 0.068307 0.138458 0.133618 0.585177 0.082660 0.051627 0.027367 0.023506 0.037300 0.037709 0.058696 1.556044 0.551230 0.505568 0.464060 0.421891 0.311355
0.132643 0.104363 0.134637 0.156367 2.179242 2.215659 2.205124 2.197524 3.177765 3.187875 3.193196 3.192066 3.207961 1.191949 0.140924 0.025612 0.033364 0.036980 0.046150 0.057773 0.028343 0.021034 0.017967 0.065773 0.020088 0.038719 0.082634 0.082816 0.031838 0.049965 0.053993 0.051979 0.059302 0.057869 0.022591 0.022591 0.050210 0.040092 0.066474 0.059349 0.071068 0.057823 0.106864 0.071358 0.152755 0.123953 0.141060 0.061469 0.023567 0.022942 0.052894 0.031837 0.068361 0.560629 0.559701 0.513599 0.478635 0.476057 0.035713
0.196806 0.157849 0.161993 0.147795 2.162146 2.208908 2.197479 2.190857 3.164571 3.167472 3.171905 3.179779 3.184195 2.185151 0.103223 0.024941 0.031104 0.027183 0.833720 0.827166 0.842520 0.034904 0.047029 0.039452 0.030480 0.030755 0.067681 0.082405 0.035285 0.045693 0.034675 0.054756 0.096443 0.099146 0.022591 0.022591 0.033835 0.046150 0.061242 0.052438 0.486262 0.039986 0.031544 0.088066 0.072150 0.073429 0.085441 0.093284 0.091484 0.057594 0.043983 0.029747 0.131943 0.072706 0.095548 0.065295 0.038023 0.039982 0.051507
0.330480 0.207445 0.160894 0.150090 2.154769 2.213945 2.208320 2.199878 2.202484 2.193234 2.200101 2.202280 2.209577 2.169513 0.988865 0.583697 0.695891 0.714162 0.811698 0.814604 0.806902 0.052877 0.066510 0.046409 0.030738 0.049735 0.049477 0.052194 0.026543 0.029045 0.059396 0.048470 0.090414 0.098807 0.028572 0.037047 0.033577 0.035651 0.100258 0.467110 0.501501 0.032342 0.046195 0.042886 0.052438 0.043587 0.128883 0.107949 0.084084 0.341773 0.334859 0.330548 0.219326 0.104082 0.138895 0.086644 0.224534 0.029543 0.038614
1.434579 0.206157 0.517963 1.042297 2.165136 2.221560 2.214825 1.187748 1.187810 1.175303 1.179821 2.183729 1.173198 1.175778 0.084632 0.018273 0.721594 0.718304 0.033120 0.033057 0.847430 0.894263 0.788156 0.046058 0.043411 0.053003 0.020500 0.060417 0.048760 0.043724 0.035896 0.061211 0.140725 0.120863 0.071931 0.031883 0.045296 0.039406 0.033607 0.476169 0.472621 0.415926 0.040794 0.017372 0.081916 0.077217 0.067437 0.017372 0.025703 0.346458 1.372869 1.410576 0.240276 0.282654 0.157312 0.087847 0.157846 1.085040 0.118048
0.285264 0.441268 1.126416 2.144963 3.149051 2.218021 0.197723 0.180938 0.163283 0.153036 1.164608 1.160625 1.168801 0.116686 0.085511 0.022683 0.025002 0.031379 0.055442 0.014397 0.109630 0.139378 0.147729 0.150063 0.060463 0.020103 0.031533 0.038675 0.066570 0.061026 0.049462 0.043587 0.097237 0.106543 0.358180 0.364281 0.037482 0.039116 0.028450 0.034356 1.481777 0.352615 0.043401 0.017372 0.089074 0.087439 0.085777 0.017372 0.025703 0.409870 0.390505 0.275352 0.161837 0.182158 0.249259 0.182132 1.010127 1.057803 1.013078
0.019310 0.885941 0.530646 1.044157 1.107838 1.181555 0.197034 0.183831 0.157203 0.143440 0.131488 1.156735 0.101031 0.078201 0.049626 0.545243 0.041494 0.069393 0.064201 0.100410 0.014397 0.215050 0.184204 0.063135 0.077659 0.054039 0.018028 0.091167 0.087334 0.110882 0.096627 0.030055 0.089871 0.430639 1.540288 1.568332 0.044457 0.069312 0.073372 0.047752 0.406506 0.359526 0.046531 0.068748 0.077994 0.079003 0.070779 0.039178 0.052237 0.507064 0.440045 0.031547 0.018943 0.115441 0.152289 0.950788 2.078863 2.093619 1.047710
0.263527 1.164451 0.162402 0.117264 0.204480 0.175398 0.178327 0.169441 0.036647 0.031243 0.096706 0.071311 0.566737 0.541035 0.522162 1.493821 1.509360 0.457348 0.061610 0.115787 0.158454 0.196954 0.065514 0.079311 0.037850 0.028892 0.021004 0.034924 0.059072 0.363440 0.459405 0.506095 0.562227 0.502295 1.550091 1.559518 0.429691 0.058693 0.064385 0.045143 0.339663 0.315746 0.034157 0.049172 0.056131 0.063881 0.050926 0.573584 1.652946 1.614814 0.453087 0.018943 0.014397 0.024299 0.112022 0.981981 2.053963 2.089546 0.996582
0.982559 0.980837 0.089962 0.128557 0.111998 0.206364 0.105822 0.070094 0.067168 0.046995 0.079096 0.581931 0.585815 1.543136 1.547238 1.545419 1.529766 0.416151 0.119709 0.091256 0.134694 0.056724 0.084571 0.048179 0.060524 0.035530 0.018028 0.029930 0.058128 0.399615 1.589044 1.626704 0.598474 0.024479 1.565123 1.579510 1.568873 0.038704 0.050758 0.033837 0.229675 0.686305 0.713162 0.698727 0.096671 0.036019 0.032737 1.648463 3.666119 3.653781 1.622856 0.693921 0.020868 0.025939 0.149793 0.941836 2.003334 2.023105 0.943598
0.460697 0.502554 0.149462 0.213303 0.216219 0.197981 0.022591 0.022591 0.077891 0.052167 0.069234 0.552868 0.564512 1.544494 0.513383 0.498076 0.484183 0.445563 0.084592 0.067707 0.118003 0.060815 0.095005 0.060127 0.064674 0.035805 0.038445 0.045738 0.044426 0.402470 1.613971 1.639090 0.611102 0.032065 0.561175 0.559614 0.537252 0.503371 0.025963 0.051372 0.661758 1.776361 2.780461 2.793976 1.757126 0.066211 0.673359 2.640376 3.665626 3.650389 2.641247 1.676668 0.036202 0.351741 0.236903 0.942676 1.078150 0.161006 0.127989
0.039696 0.028084 0.237068 2.331023 2.331614 1.323380 0.022591 0.022591 0.082943 0.045697 0.050085 0.558610 0.525653 0.497735 0.463950 0.464878 0.447928 0.433227 0.063147 0.112248 0.088157 0.122930 0.074384 0.061746 0.035729 0.034188 0.034294 0.048378 0.028938 0.041723 1.621060 1.642218 1.643756 1.663641 0.609173 0.027780 0.509954 0.477215 0.310577 0.719490 1.767624 1.792121 3.769885 3.795729 2.786013 1.746526 0.701885 2.626417 3.659108 3.657248 2.639993 1.682143 0.612753 0.296460 0.157631 0.189318 0.299001 0.253847 0.161068
0.014397 0.030799 1.271579 2.299094 2.305610 1.303954 0.234346 0.150990 0.102685 0.320518 0.748530 0.810673 0.014397 0.409977 1.290634 1.381814 0.387687 0.365274 0.310400 0.272296 0.113737 0.071952 0.032493 0.034416 0.020024 0.030632 0.026847 0.033959 0.039755 0.050721 1.506712 3.645380 3.672269 3.714617 1.667109 0.649587 0.036622 0.021619 0.236425 0.139956 1.753204 1.772143 2.751951 2.774885 2.787692 1.758410 1.714199 1.686358 3.663051 3.663475 2.648033 1.690396 0.672359 0.017372 0.017372 0.038508 0.361619 0.258272 0.154327
0.048732 0.403973 1.223712 1.281531 1.322272 0.263371 0.223074 0.133727 0.777379 0.469309 0.274466 0.567210 0.555616 0.454461 1.357288 1.420148 0.367181 1.320970 1.323662 1.340232 1.225987 0.038533 0.021401 0.021065 0.035331 0.040535 0.032035 0.039650 0.051765 1.527470 3.638514 4.652048 5.643026 5.689066 3.652161 1.616260 0.708017 0.684566 0.020194 0.186750 0.733753 0.821634 0.823223 0.815687 0.795010 0.782476 0.748423 2.659615 4.698433 5.650476 4.637207 3.709167 2.732082 0.656509 0.669887 0.744700 0.580712 0.327978 0.203346
0.037392 0.425628 0.399830 0.399581 0.024284 0.014397 0.020500 0.058543 0.725991 0.031729 0.034035 0.072084 0.050941 0.346865 1.308272 0.341476 1.272471 1.308653 3.311552 3.298198 2.279280 0.063638 0.031120 0.021323 0.040291 0.059563 0.051217 0.039131 1.663446 3.677075 5.657023 6.660610 6.646933 5.675880 3.650484 2.602836 1.702282 0.663909 0.031097 0.260592 1.703041 0.789981 0.808153 0.830995 0.022236 0.763924 1.732855 2.691900 4.717810 5.683550 6.674505 6.696197 5.749407 3.755867 3.743164 2.791246 1.722713 0.037069 0.143224
0.409658 1.493637 0.434174 0.441790 0.023399 0.024284 0.043457 0.737829 0.569996 0.038261 0.045310 0.035285 0.040184 0.035073 1.263018 1.216957 1.284347 3.308370 4.323277 4.303860 3.282865 1.063355 0.042663 0.028115 0.033181 0.426048 0.467459 0.533164 2.668144 4.635824 5.644611 6.653671 6.634127 5.666889 3.641125 2.608217 1.672669 0.639087 1.617710 0.426675 0.570499 0.037107 0.036456 0.669889 0.660424 0.632680 1.677826 2.652026 3.663329 4.642413 5.631805 6.637990 5.608728 3.702223 2.680509 1.603581 0.524610 0.048895 0.127721
1.452802 1.530275 0.412827 0.365555 0.235921 0.929036 0.957091 0.906986 0.020608 0.033103 0.030296 0.056542 0.048949 0.047497 2.197258 3.198430 2.187615 4.260262 5.259726 5.234910 3.255759 2.220872 2.187104 0.225675 0.270553 0.509038 0.582123 0.629819 2.669345 3.629916 4.639212 5.650893 5.651149 5.660168 3.646155 2.608474 1.685785 2.684051 3.665107 2.640559 0.067282 0.036803 0.029762 0.054106 0.049710 0.036918 0.450576 1.576217 1.601582 2.512627 3.563237 2.385409 1.137000 0.414170 0.452201 0.274784 0.278499 0.052010 0.066353
0.476211 1.504326 0.028176 0.027992 0.174626 0.096782 0.059280 0.885927 0.069971 0.040627 0.046226 0.029670 0.044008 0.143405 3.248803 3.249204 3.230564 4.288725 5.291516 4.260026 3.205787 3.198798 2.213779 1.047569 0.688700 0.476005 0.562734 0.618371 0.640197 2.597034 2.604463 2.613322 2.624496 3.648894 3.638862 3.618700 2.643558 2.604213 2.599489 1.322172 0.048995 0.039727 0.025368 0.039049 0.041756 0.035179 0.065040 0.107809 0.509020 0.112140 0.084302 0.048378 0.039530 0.031158 0.152199 0.338584 0.295434 0.061944 0.047859
