use_cases/Flooding_chicago/flooding_data/output/h_120.asc
ncols 337
nrows 393
xllcorner 428428.000000
yllcorner 4602440.000000
cellsize 26.757400
NODATA_value -9999.000000
[rows 108 to 134 of 393, columns 118 to 176 of 337]
-9999.000000 -9999.000000 -9999.000000 -9999.000000 -9999.000000 -9999.000000 -9999.000000 -9999.000000 -9999.000000 -9999.000000 0.017496 0.108654 0.039897 0.049210 0.092116 0.091902 0.072972 0.047131 0.113724 0.029790 0.034578 0.027046 0.038815 0.035172 0.138550 0.030532 0.029350 0.031363 0.031639 0.032659 0.024306 0.034298 0.076768 0.025633 0.097579 0.097260 0.031656 0.031372 0.066585 0.056711 0.031120 0.034437 0.091390 0.012093 0.027874 0.028425 0.038108 0.064380 0.116390 0.122030 0.035447 0.049850 0.037387 0.067947 0.078307 0.436144 0.071491 0.070823 0.099176
-9999.000000 -9999.000000 -9999.000000 -9999.000000 -9999.000000 -9999.000000 -9999.000000 0.027294 0.038355 0.017496 0.020853 0.075178 0.027472 0.029990 0.070056 0.056447 0.044943 0.030539 0.052820 0.093657 0.025749 0.058916 0.045405 0.064882 0.078903 0.039442 0.045328 0.060722 0.062536 0.019848 0.032404 0.124900 0.138745 0.037735 0.075688 0.079792 0.049090 0.066684 0.067364 0.030979 0.024920 0.045666 0.058908 0.045923 0.029144 0.030453 0.060966 0.083231 0.078959 0.076730 0.043280 0.045841 0.034851 0.070297 0.055643 0.132119 0.070384 0.058481 0.025748
-9999.000000 -9999.000000 -9999.000000 -9999.000000 -9999.000000 -9999.000000 0.033332 0.027493 0.040562 0.032620 0.036266 0.096234 0.033975 0.023591 0.074564 0.051245 0.072135 0.041912 0.077313 0.068167 0.049421 0.051232 0.037480 0.140271 0.082610 0.043270 0.042719 0.077285 0.078887 0.064636 0.044316 0.110534 0.112361 0.089531 0.039361 0.051522 0.037076 0.058267 0.122001 0.037923 0.031854 0.041612 0.163169 0.141234 0.089787 0.123937 0.088839 0.136331 0.033345 0.046137 0.046158 0.048758 0.037710 0.045152 0.042110 0.049124 0.052156 0.012093 0.050651
-9999.000000 -9999.000000 0.034380 0.031831 0.028739 0.034981 0.040900 0.063795 0.022267 0.033519 0.045144 0.121148 0.040966 0.032613 0.051971 0.037569 0.051465 0.052838 0.048820 0.083404 0.063157 0.046670 0.054394 0.030933 0.134171 0.067999 0.056001 0.121181 0.094471 0.104146 0.019972 0.034321 0.077861 0.075423 0.067860 0.023965 0.036947 0.107193 0.108199 0.073514 0.048034 0.026859 0.023996 0.037134 0.035292 0.046108 0.054529 0.047260 0.029818 0.077530 0.064420 0.029525 0.025320 0.025189 0.035976 0.033584 0.029869 0.058018 0.012093
0.025355 0.039694 0.037855 0.049798 0.085654 0.030711 0.027882 0.033972 0.040560 0.043356 0.051298 0.188153 0.052914 0.042298 0.036022 0.052868 0.052149 0.086575 0.077163 0.071667 0.078043 0.048232 0.037747 0.012093 0.020876 0.039699 0.106490 0.111038 0.389426 0.077997 0.016690 0.026447 0.040282 0.087443 0.079508 0.024025 0.049995 0.088856 0.410133 0.086102 0.032948 0.017764 0.012093 0.018121 0.021126 0.035686 0.012093 0.024220 0.029674 0.058949 0.057503 0.028602 0.028984 0.016690 0.016690 0.019972 0.089072 0.111954 0.018522
0.162455 0.040157 0.058928 0.046900 0.024447 0.031425 0.029579 0.038372 0.057335 0.040775 0.060805 0.136234 0.092287 0.042345 0.026009 0.044572 0.045073 0.083830 0.058607 0.107051 0.106838 0.050090 0.038517 0.020992 0.038752 0.074307 0.047395 0.045697 0.085282 0.033969 0.016690 0.026447 0.046449 0.081904 0.092887 0.029707 0.043323 0.041370 0.086706 0.096141 0.038603 0.028684 0.018121 0.029634 0.053064 0.075549 0.024220 0.024121 0.042553 0.074269 0.081485 0.035737 0.049474 0.025690 0.025690 0.031793 0.073668 0.098042 0.050816
0.030182 0.122949 0.105756 0.042684 0.038667 0.034091 0.034002 0.045978 0.083721 0.073194 0.031018 0.078381 0.133408 0.038287 0.029690 0.046296 0.074737 0.087850 0.050796 0.171249 0.170858 0.070700 0.038762 0.020059 0.049555 0.050113 0.047612 0.036674 0.033557 0.030220 0.019972 0.034321 0.042345 0.094852 0.096968 0.039841 0.034100 0.025722 0.037813 0.101568 0.107741 0.034962 0.044052 0.027477 0.040160 0.102511 0.024132 0.046428 0.043254 0.091571 0.089160 0.060540 0.068432 0.030425 0.029397 0.055645 0.060183 0.062552 0.038685
0.032295 0.101231 0.104845 0.087776 0.039322 0.039391 0.027817 0.054788 0.066110 0.113860 0.023101 0.043581 0.095064 0.062606 0.052395 0.072110 0.103453 0.043287 0.120729 0.148287 0.152922 0.074590 0.066451 0.021898 0.091172 0.093068 0.029243 0.032115 0.026418 0.050468 0.032648 0.042583 0.069358 0.178325 0.176615 0.057361 0.026263 0.028427 0.019201 0.023037 0.065543 0.109603 0.155270 0.023284 0.044800 0.096383 0.027360 0.034780 0.045657 0.079673 0.062287 0.168918 0.064654 0.039859 0.079907 0.099907 0.032166 0.031889 0.061970
0.019823 0.079538 0.076210 0.061857 0.126609 0.051093 0.032538 0.044440 0.108482 0.110119 0.061465 0.042565 0.122606 0.101307 0.104378 0.053215 0.072532 0.021893 0.138700 0.116365 0.038097 0.039533 0.076415 0.063757 0.065102 0.046660 0.069877 0.056856 0.039836 0.076750 0.056084 0.051756 0.074984 0.192867 0.189326 0.057685 0.038161 0.032375 0.034693 0.048134 0.041161 0.097365 0.018651 0.026732 0.045396 0.153056 0.042980 0.035402 0.038755 0.088301 0.100169 0.144198 0.046141 0.091136 0.080595 0.072486 0.050166 0.049652 0.042287
0.085661 0.072864 0.061172 0.046077 0.137492 0.100375 0.076832 0.083723 0.101780 0.086382 0.050282 0.097103 0.099775 0.089140 0.084372 0.067661 0.068395 0.031565 0.021510 0.037244 0.023991 0.046086 0.016690 0.056494 0.059669 0.082120 0.070889 0.054145 0.036488 0.086028 0.100890 0.043362 0.029419 0.051609 0.164647 0.049726 0.021973 0.036246 0.043825 0.071846 0.073519 0.053191 0.029939 0.034887 0.054969 0.147833 0.040586 0.045764 0.038211 0.274098 0.074193 0.024533 0.027164 0.075736 0.095106 0.099595 0.077213 0.059318 0.022577
0.069866 0.070169 0.047497 0.039440 0.122047 0.109357 0.091545 0.086276 0.016690 0.047654 0.089679 0.094172 0.074312 0.060682 0.042529 0.119629 0.111220 0.052414 0.050534 0.038189 0.052063 0.030559 0.016690 0.033493 0.042845 0.071699 0.074648 0.058274 0.038331 0.200744 0.077947 0.039085 0.039204 0.079401 0.054700 0.064058 0.046875 0.065875 0.109090 0.154255 0.140943 0.031336 0.037771 0.151828 0.118969 0.352725 0.045715 0.032384 0.107665 0.038226 0.024376 0.012093 0.018522 0.020914 0.237252 0.058680 0.055480 0.110019 0.089720
0.060215 0.054174 0.198395 0.036560 0.030704 0.019690 0.068809 0.058565 0.016690 0.030057 0.054737 0.057612 0.045108 0.033269 0.069300 0.078398 0.081370 0.039402 0.060951 0.076003 0.044910 0.034363 0.041085 0.034990 0.046716 0.085500 0.083741 0.099707 0.146858 0.167884 0.077914 0.044732 0.058123 0.045069 0.036350 0.080914 0.042024 0.077640 0.052142 0.156001 0.149905 0.084326 0.143057 0.067533 0.035278 0.038291 0.170325 0.178967 0.084390 0.034762 0.025028 0.027466 0.033162 0.044889 0.042037 0.016690 0.040721 0.099269 0.081438
0.046568 0.041547 0.037947 0.043488 0.028531 0.046337 0.037449 0.064752 0.042154 0.033681 0.078139 0.066456 0.045835 0.061828 0.059095 0.068591 0.083496 0.057348 0.091108 0.041046 0.053375 0.055425 0.026849 0.045739 0.046310 0.095985 0.096033 0.067371 0.036872 0.060145 0.098241 0.058448 0.079104 0.028540 0.026400 0.038108 0.101152 0.055892 0.042405 0.039503 0.120558 0.024165 0.028835 0.023129 0.018110 0.026387 0.035537 0.216552 0.075902 0.054310 0.040623 0.030393 0.040480 0.135015 0.051512 0.016690 0.029059 0.090139 0.108772
0.112483 0.129846 0.035517 0.035396 0.054270 0.083205 0.054325 0.076225 0.147144 0.101003 0.069781 0.054165 0.036466 0.100819 0.096787 0.100887 0.116959 0.039554 0.075070 0.084436 0.102891 0.144965 0.030968 0.074673 0.077723 0.226754 0.194071 0.051713 0.031751 0.043281 0.056653 0.088566 0.037069 0.047949 0.037951 0.064964 0.047610 0.054218 0.058754 0.058263 0.089414 0.023185 0.024023 0.048629 0.039099 0.027399 0.023403 0.069770 0.100171 0.025131 0.034178 0.055172 0.073707 0.147124 0.035056 0.025692 0.116622 0.092895 0.024663
0.079552 0.021041 0.036680 0.028152 0.039865 0.051640 0.089069 0.078274 0.037107 0.078704 0.110109 0.080468 0.071031 0.089215 0.093967 0.107065 0.113246 0.059461 0.042682 0.068151 0.094110 0.026539 0.034856 0.078476 0.079463 0.200352 0.193398 0.063665 0.045438 0.037460 0.049181 0.056488 0.067359 0.063132 0.047932 0.070396 0.066999 0.071016 0.080741 0.068528 0.135988 0.090012 0.068558 0.183557 0.155367 0.023352 0.125892 0.111813 0.100627 0.024478 0.030300 0.054912 0.073731 0.156659 0.036401 0.019006 0.124962 0.116064 0.039959
0.043678 0.064315 0.021208 0.057279 0.066610 0.101135 0.078140 0.053182 0.035191 0.024161 0.080108 0.176315 0.045283 0.065038 0.074189 0.085030 0.104247 0.059464 0.101624 0.051969 0.077300 0.030948 0.032807 0.084772 0.052056 0.031467 0.122032 0.079138 0.045540 0.025298 0.025795 0.090451 0.073418 0.078137 0.067738 0.038231 0.072282 0.073077 0.083181 0.075777 0.109974 0.360042 0.031613 0.040927 0.126567 0.150392 0.126562 0.110633 0.060173 0.069417 0.019688 0.055099 0.074689 0.476538 0.143832 0.077386 0.104582 0.139283 0.168969
0.104558 0.045958 0.057987 0.046099 0.063741 0.061593 0.105482 0.090243 0.081504 0.017960 0.026398 0.146031 0.159538 0.048701 0.068650 0.080045 0.105608 0.061358 0.099453 0.046424 0.065499 0.024749 0.025217 0.099120 0.030834 0.019891 0.072590 0.073493 0.056909 0.033105 0.035027 0.124146 0.026918 0.037246 0.033937 0.025521 0.043970 0.048224 0.052768 0.046004 0.049187 0.087991 0.049917 0.037931 0.039236 0.068496 0.069900 0.063798 0.045363 0.081393 0.098917 0.085083 0.065508 0.079933 0.087361 0.034063 0.045013 0.068407 0.104415
0.068540 0.032754 0.049109 0.039915 0.055621 0.042256 0.051564 0.091517 0.040496 0.040180 0.027828 0.031220 0.152215 0.048759 0.073787 0.067726 0.027120 0.020167 0.032513 0.046064 0.047346 0.052717 0.062043 0.078252 0.044350 0.033663 0.045582 0.047104 0.033265 0.035837 0.045679 0.040161 0.012093 0.049598 0.036985 0.026398 0.036102 0.064375 0.049862 0.049063 0.052752 0.077529 0.066304 0.056472 0.034653 0.065275 0.065082 0.036822 0.051580 0.054342 0.042014 0.108178 0.033006 0.059719 0.064314 0.027820 0.023617 0.042777 0.041376
0.149799 0.057482 0.036161 0.034098 0.037867 0.048398 0.048425 0.159318 0.040501 0.043596 0.042263 0.035839 0.031076 0.047816 0.012093 0.058123 0.028903 0.043872 0.025170 0.027959 0.074598 0.074592 0.100630 0.057520 0.048219 0.032160 0.055337 0.056927 0.030700 0.027902 0.036491 0.036960 0.035988 0.037368 0.104547 0.085663 0.063517 0.048981 0.048486 0.040305 0.043766 0.053040 0.069999 0.047514 0.051888 0.107356 0.103052 0.034508 0.034734 0.052149 0.042175 0.042484 0.049077 0.039908 0.061412 0.012093 0.027862 0.036936 0.044743
0.133050 0.049793 0.025989 0.025460 0.043582 0.064633 0.104886 0.116392 0.064403 0.070691 0.068922 0.064221 0.067285 0.029182 0.024967 0.065716 0.050550 0.054550 0.056463 0.038068 0.075763 0.115367 0.079693 0.061382 0.036564 0.058678 0.033287 0.043044 0.050498 0.023240 0.093396 0.048369 0.071996 0.026070 0.097573 0.082705 0.073738 0.071852 0.080280 0.059596 0.036226 0.046623 0.043468 0.067084 0.071050 0.150622 0.145507 0.045431 0.054577 0.033914 0.063265 0.041919 0.028100 0.034737 0.060413 0.040167 0.028152 0.062616 0.039346
0.041419 0.057277 0.044018 0.032453 0.044923 0.043572 0.085015 0.062475 0.133299 0.048119 0.043776 0.065735 0.059248 0.054545 0.047900 0.056300 0.107566 0.118979 0.078573 0.124014 0.150517 0.068941 0.018522 0.012093 0.061871 0.055365 0.050013 0.055727 0.069096 0.041514 0.075598 0.045273 0.054266 0.023424 0.021887 0.083020 0.083429 0.088311 0.093009 0.029354 0.033522 0.044700 0.073566 0.055045 0.042652 0.073457 0.082952 0.054975 0.082488 0.088507 0.046807 0.039639 0.023358 0.049974 0.049358 0.105851 0.331799 0.048333 0.057810
0.019678 0.059874 0.073162 0.070076 0.069325 0.079365 0.052911 0.109663 0.114750 0.023565 0.038686 0.091712 0.077400 0.061163 0.080813 0.030547 0.118699 0.137357 0.091672 0.130416 0.056498 0.062033 0.051875 0.018522 0.060853 0.066613 0.075673 0.092874 0.125353 0.085865 0.103243 0.049771 0.047259 0.036667 0.017653 0.082328 0.028434 0.040072 0.049074 0.027637 0.025898 0.029828 0.038325 0.049739 0.054965 0.125060 0.148368 0.170420 0.088401 0.084872 0.071745 0.057551 0.046998 0.041833 0.047456 0.057948 0.090970 0.027099 0.079338
0.030434 0.026814 0.064742 0.065113 0.059346 0.071037 0.062292 0.074150 0.076780 0.050401 0.092017 0.072322 0.188090 0.158398 0.062143 0.067355 0.067604 0.084621 0.025547 0.038294 0.030639 0.025933 0.036713 0.073605 0.076233 0.097403 0.049714 0.077354 0.098577 0.016690 0.065830 0.134919 0.051874 0.047494 0.036052 0.048125 0.033918 0.044726 0.018522 0.012093 0.027624 0.028372 0.048673 0.053572 0.067859 0.149579 0.151294 0.062549 0.044377 0.051569 0.054827 0.040986 0.067322 0.062910 0.041008 0.060555 0.045501 0.034842 0.036955
0.034540 0.035299 0.038964 0.078006 0.201070 0.234491 0.073864 0.054141 0.065533 0.046626 0.099432 0.068724 0.034526 0.181630 0.051150 0.051530 0.160301 0.046336 0.039422 0.031902 0.032687 0.023646 0.026383 0.048862 0.105715 0.055862 0.069313 0.039506 0.055100 0.016690 0.047148 0.069091 0.145596 0.055396 0.057995 0.048124 0.051703 0.031913 0.039933 0.027713 0.042539 0.043660 0.044638 0.057371 0.097712 0.083336 0.088691 0.052828 0.046939 0.041375 0.052154 0.034910 0.047976 0.042466 0.045549 0.040124 0.028103 0.030123 0.033131
0.036866 0.044014 0.028030 0.079467 0.054062 0.242223 0.071960 0.061970 0.021676 0.049023 0.081341 0.059229 0.041416 0.041456 0.023135 0.023908 0.120208 0.117900 0.100231 0.049964 0.042479 0.068657 0.022926 0.041750 0.171076 0.045862 0.071515 0.094339 0.065927 0.026232 0.029051 0.145768 0.148929 0.122535 0.058304 0.060319 0.045191 0.036486 0.034406 0.041547 0.064030 0.044089 0.091720 0.012093 0.045856 0.065752 0.071502 0.051563 0.047611 0.050756 0.054698 0.037028 0.052710 0.017652 0.020169 0.048078 0.012093 0.024940 0.042667
0.035176 0.042422 0.027684 0.037615 0.038427 0.082489 0.027412 0.034117 0.038879 0.026707 0.061530 0.112240 0.087108 0.031396 0.023842 0.027851 0.114646 0.123076 0.118390 0.049098 0.071962 0.047787 0.045557 0.159196 0.161817 0.139864 0.149357 0.067028 0.067124 0.046758 0.060859 0.035044 0.128404 0.127461 0.105139 0.055133 0.049298 0.032026 0.035677 0.047359 0.092507 0.060551 0.090712 0.066946 0.037725 0.044777 0.072907 0.056908 0.051698 0.029736 0.029901 0.017768 0.021621 0.021720 0.031692 0.053872 0.043309 0.043710 0.043357
0.025942 0.027629 0.040884 0.048041 0.067721 0.050521 0.037217 0.035162 0.034180 0.025702 0.028846 0.073812 0.156150 0.138225 0.032334 0.019123 0.041069 0.117176 0.155386 0.162660 0.064971 0.046185 0.062487 0.041950 0.034405 0.165533 0.153007 0.073685 0.065887 0.051541 0.055845 0.044848 0.026685 0.018741 0.078037 0.072166 0.048602 0.033113 0.034167 0.062710 0.055210 0.055838 0.104243 0.086588 0.048742 0.034255 0.031922 0.030565 0.024525 0.034117 0.029118 0.040888 0.034840 0.043372 0.050816 0.073897 0.051902 0.044535 0.055236
