use_cases/Flooding_chicago/flooding_data/output/h_1200.asc
ncols 337
nrows 393
xllcorner 428428.000000
yllcorner 4602440.000000
cellsize 26.757400
NODATA_value -9999.000000
[rows 243 to 269 of 393, columns 59 to 117 of 337]
0.055481 0.134287 1.201684 2.211116 2.209455 1.189736 0.044670 0.017372 0.017372 0.058036 0.134692 0.133025 0.088597 0.067289 0.059460 0.038723 0.551003 2.632220 3.642219 3.648789 3.645857 2.646745 2.653672 2.651032 1.638718 2.643723 2.626501 0.491128 0.097716 0.052998 0.098690 1.140475 1.128536 0.167666 0.197168 2.209614 3.179743 2.172065 2.188217 0.127669 0.036306 0.022544 0.069986 0.595377 1.743787 2.771883 2.763773 1.747190 0.050655 0.715894 2.797523 3.780752 3.791166 3.763673 1.778057 1.779424 0.809645 0.820612 0.051096
0.180631 1.195575 2.195817 3.201735 3.205533 2.204546 0.158733 0.026007 0.027271 1.139484 1.142112 1.141917 0.107924 0.082292 0.047484 0.057701 2.639349 3.657737 3.653170 2.635442 2.653672 1.636819 1.649815 1.642278 1.644841 0.530919 0.498135 0.507434 0.155995 0.014396 0.119990 1.171757 1.156959 1.212233 1.263957 3.205639 2.131355 2.148096 0.114657 0.061039 0.031755 0.021988 0.018150 0.034703 0.658593 1.763698 1.783491 0.776536 0.019309 0.045903 1.775389 2.784801 1.772437 0.785799 0.775367 0.830956 0.758465 0.068975 0.029728
0.234191 2.172764 3.201592 4.098058 3.211148 2.204882 1.217181 0.152916 0.118235 2.141638 2.139079 1.143140 0.103566 0.069195 0.093296 0.503328 3.600116 3.611239 3.617998 2.621938 1.618570 1.643868 0.646980 0.656084 0.083049 0.077995 0.118689 0.224289 0.274903 0.064843 0.094864 1.076062 1.044855 1.054733 1.104496 1.910526 0.909146 0.107659 0.077360 0.132738 0.195582 0.036358 0.054290 0.051888 0.044778 0.783001 0.750367 0.060342 0.027366 0.023506 0.769399 1.772635 1.764382 0.755939 0.048708 0.042033 0.772996 0.065168 0.031854
1.167001 3.198892 4.204707 3.207755 3.213289 2.210855 0.172341 0.177268 1.151092 1.145599 1.148867 0.099991 0.082702 0.049888 0.062242 1.572595 2.589130 2.599195 2.609786 2.627950 1.623872 0.616650 0.030638 0.036628 0.137478 0.039229 0.031410 0.349791 0.359926 0.074343 0.119438 0.148792 0.199142 0.285811 0.538058 1.461131 0.632252 0.076239 0.116903 0.156989 0.227385 0.258519 0.035344 0.046726 0.038563 0.787262 0.045458 0.062027 0.023566 0.022942 0.041830 0.675208 1.759955 2.773849 0.040037 0.037373 0.749464 0.093041 0.190545
1.171673 3.198942 3.200137 2.203951 2.209207 1.204433 0.022270 0.172748 0.157420 0.124079 0.082458 0.199507 0.035926 0.091656 0.764216 0.702020 1.464032 1.500442 1.574418 1.602252 0.489568 0.080608 0.045175 0.067100 0.071007 0.042244 0.034401 0.332772 0.393939 0.068118 0.097575 0.040761 0.059359 0.071670 0.786327 1.546553 0.801169 0.019309 0.027366 0.023566 0.298212 2.403844 1.393538 0.029386 0.027518 0.791205 0.040078 0.041624 0.668091 0.653976 1.655684 2.673065 3.700592 3.688304 1.685731 0.670867 0.687613 0.619864 0.165829
0.140167 2.189466 2.195328 0.165352 0.172585 0.036188 0.037742 0.169307 0.143306 0.083851 0.170794 0.831085 0.998932 0.998532 0.855995 0.811945 0.780899 0.748269 0.665968 0.040467 0.532185 0.108910 0.044258 0.082238 0.044868 0.063073 0.024117 0.035180 0.433543 0.057901 0.038980 0.068149 0.096877 0.126206 0.931669 1.444595 0.918711 0.140934 0.023506 0.022942 0.336634 3.437155 2.372173 1.459113 0.409633 0.029239 0.043451 0.031023 1.681832 1.661948 2.691674 2.690852 3.722979 3.715726 2.704413 1.696489 1.657317 0.553858 0.133161
0.141352 2.186200 1.188757 0.031258 0.047387 0.061654 0.051002 0.139088 0.116339 0.253689 0.847980 1.957983 2.033373 2.067079 0.907579 0.875268 0.848804 0.837885 0.056290 0.075197 0.109685 0.181067 0.224118 0.079886 0.057213 0.031060 0.044975 0.029503 0.245339 0.031287 0.023506 0.022942 0.134115 1.202760 2.211589 1.058884 1.112509 1.195357 0.196009 0.267660 0.317879 3.439456 2.379908 1.435678 1.418425 0.581614 0.593004 1.661976 1.660678 1.657404 1.678994 1.678530 2.700317 1.606462 2.692387 3.683330 2.668543 0.546371 0.084375
0.136105 1.183450 1.178664 0.035149 0.062632 0.076578 0.070533 0.042030 0.106899 0.052137 0.926163 1.971632 1.967696 1.990517 0.885368 0.869705 0.888973 1.984764 0.960087 0.043821 0.026696 0.052284 0.062783 0.080100 0.036552 0.020576 0.056207 0.032738 0.240227 0.019309 0.027366 0.023566 0.169171 1.179782 2.184054 1.147163 1.166704 1.208377 1.200378 0.264264 0.296082 1.389237 1.368729 0.346408 0.396567 1.635655 1.612725 1.639985 1.647663 1.631803 0.632419 0.629724 0.052698 0.020492 1.678466 2.664486 1.643938 0.076462 0.076484
0.042531 0.139437 1.166882 0.160764 0.060717 0.089107 0.028767 0.029473 0.050437 0.037467 0.038516 0.938427 0.895022 0.918123 0.163551 0.164473 0.837896 1.918455 1.953731 0.831933 0.096783 0.065025 0.039973 0.044731 0.034676 0.032372 0.050320 0.262623 1.390366 0.395694 0.358953 0.319983 0.268037 1.184155 2.202457 2.199907 1.202094 1.216207 0.252146 0.268280 0.276037 0.307964 0.300145 0.029213 0.029430 0.634451 0.627708 1.677494 1.667464 1.646789 0.554963 0.048939 0.025704 0.017372 0.073853 0.071601 0.083644 0.034036 0.022591
0.026588 0.037069 0.185988 0.191553 0.054360 0.028695 0.044152 0.046973 0.040443 0.027153 0.024886 0.067118 0.471741 0.461448 0.348701 0.258092 0.151406 0.939997 0.885416 0.110856 0.047646 0.045112 0.027245 0.031151 0.061730 0.035041 0.039483 0.284170 1.357374 1.396921 0.348814 0.316981 0.296455 1.205116 2.231059 1.231416 1.241135 2.305714 2.301757 1.290168 0.251934 0.030495 0.043129 0.022591 0.022591 0.039072 0.579880 1.672603 1.681568 1.672640 0.574400 0.045847 0.025704 0.017372 0.046180 0.017372 0.046898 0.054192 0.022591
0.024163 0.059833 0.050635 0.052522 0.069077 0.027122 0.037024 0.041069 0.014396 0.024894 0.268864 1.076500 0.729021 0.539654 0.371814 1.088503 1.170751 1.073800 0.118128 0.150440 0.074883 0.035714 0.020180 0.032235 0.064049 0.084653 0.361743 0.361018 0.284321 0.271819 0.289505 0.303663 1.300312 2.307718 2.269143 2.307606 1.263751 2.283285 2.288858 1.282208 1.277701 0.037681 0.052102 0.022591 0.022591 0.036942 1.658481 1.661223 1.664483 1.664486 1.644185 0.043599 0.038071 0.046746 0.036843 0.017372 0.041130 0.033790 0.199681
0.035651 0.046260 0.056472 0.059094 0.062731 0.056598 0.060731 0.066142 0.019309 0.335089 2.384507 1.231472 0.306271 0.143730 1.177124 2.122672 1.184142 0.119056 0.061912 0.088218 0.072212 0.046600 0.017372 0.048866 0.073403 0.086036 0.327928 0.343916 0.034335 0.043202 0.043358 0.030741 1.287818 2.281444 2.271846 2.285123 2.305319 2.288527 2.292584 1.284308 0.264110 0.027336 0.030480 0.522420 0.527947 0.567006 1.657694 1.644555 1.649022 1.651335 1.643904 1.649897 0.462944 0.072548 0.026848 0.028328 0.041405 0.199086 0.107788
0.720973 0.760845 0.041816 0.041652 0.536323 0.496725 0.478645 0.441839 0.409713 2.538821 1.491403 0.478842 0.465417 0.058611 0.161843 0.747397 0.105883 0.037056 0.040826 0.045296 0.070365 0.050896 0.017372 0.041420 0.051429 0.048545 0.108970 0.033577 0.027794 0.027794 0.035759 0.039719 1.269929 2.286811 2.282637 2.292267 2.293326 2.293644 2.294230 1.273581 0.325534 1.360801 0.362030 0.461203 0.509137 0.551852 1.648854 1.643711 1.643213 1.635667 1.636638 1.624834 0.479625 0.081274 0.041572 0.029838 0.766985 0.752430 0.149111
1.795170 0.733166 0.650934 0.624390 1.597852 1.623046 1.625394 2.571814 2.567053 2.573183 1.524848 0.572987 0.541873 0.130130 0.105889 0.040931 0.045387 0.034782 0.045433 0.028605 0.042320 0.076973 0.107628 0.077887 0.043129 0.041802 0.098042 0.021782 0.022591 0.022591 0.042870 0.034493 1.251617 3.336236 2.307419 2.311070 2.311195 3.332507 4.335721 3.312489 1.346779 1.352723 1.307570 0.416416 0.488852 0.513147 0.526639 0.613030 0.620439 0.637473 1.615742 1.612372 0.532683 0.014396 0.038032 0.067878 0.773087 0.823072 0.709813
1.805591 0.742822 1.598111 1.612104 1.609520 1.627625 1.618237 2.553619 3.576784 2.571489 1.474468 0.614687 0.572774 0.208680 0.103801 0.044424 0.038917 0.034239 0.032412 0.020775 0.033968 0.040966 0.093589 0.083093 0.045325 0.055305 0.039085 0.075920 0.022591 0.022591 0.037796 0.204014 1.301892 3.287741 2.300306 2.305298 3.327675 4.312972 5.313711 4.312108 3.273015 1.349964 1.329212 0.317081 0.028473 0.036365 0.028562 0.647629 0.634668 0.661117 0.664856 1.647219 0.519225 0.040138 0.021727 0.077010 0.041893 0.850604 0.758690
1.811680 1.824557 0.027734 1.585701 1.575075 1.588052 0.513231 1.557958 3.569308 1.534896 0.033630 0.403497 0.437210 0.249748 0.134662 0.057105 0.049126 0.030922 0.018089 0.021660 0.030205 0.034936 0.042030 0.047385 0.064995 0.046333 0.039712 0.241162 0.032402 0.023582 0.030235 0.227779 1.292521 2.214429 2.265986 2.279873 3.301111 3.305954 4.298177 4.272336 2.240187 1.358137 1.336408 0.276670 0.037813 0.024346 0.026908 0.038855 0.607735 1.723953 1.712617 1.663944 1.720384 1.752878 1.757000 1.752455 1.763895 1.743697 0.698703
1.748941 1.743668 0.034463 0.057313 0.395341 0.120030 0.085828 0.529578 2.536316 0.044181 0.029304 0.024223 0.174587 0.207213 0.174253 0.035394 0.037765 0.026970 0.033592 0.021660 0.018089 0.025505 0.029671 0.075036 0.149564 0.128014 0.128977 0.260847 0.256423 0.020347 0.034096 1.314257 1.324903 1.332938 1.315494 1.323734 2.296323 3.301172 2.317497 2.295759 1.356010 1.335216 0.368978 0.317109 0.028761 0.026894 0.014396 0.057994 0.638569 0.658127 0.659707 0.643191 1.738472 2.789775 2.766703 2.775581 2.764925 1.757257 0.695258
0.133834 0.144261 0.048555 0.050377 0.069761 0.160460 0.086818 0.084554 0.340944 0.045018 0.036308 0.025887 0.027932 0.356493 0.313158 0.042427 0.027260 0.019173 0.110466 0.036308 0.025414 0.023826 0.035011 0.039700 0.126422 0.117484 0.111718 0.212097 0.207180 0.429881 0.377718 1.296467 2.387715 2.381945 1.320229 1.327121 1.311968 1.310519 1.305128 1.280910 1.361281 1.367137 1.379231 0.377661 0.374167 0.032993 0.021067 0.058256 0.588695 0.050267 0.017372 0.039385 0.676188 2.786046 2.781038 1.795764 2.786380 1.782045 0.716726
0.114043 0.127220 0.090892 0.067869 0.083016 0.213023 0.064739 0.083019 0.079415 0.043515 0.028871 0.017967 0.026115 0.316421 0.324666 0.031716 0.032524 0.056984 0.085441 0.052788 0.045265 0.031502 0.032310 0.032235 0.041014 0.068932 0.067556 0.161558 0.170099 0.078542 0.375794 1.301568 2.363764 1.343830 1.266886 1.309940 0.262992 0.329805 0.342920 0.357243 1.412397 1.390295 1.394992 1.401416 0.408810 0.416268 0.021369 0.575825 0.563982 0.047391 0.017372 0.043048 0.679751 2.778992 2.777472 1.789255 1.789363 1.786130 0.161578
0.177956 0.191933 0.113060 0.119376 0.168803 0.159520 0.081324 0.076501 0.076795 0.048905 0.017967 0.021033 0.026955 0.450153 0.461062 0.030128 0.046974 0.061440 0.038934 0.067024 0.043358 0.070397 0.025078 0.032326 0.030206 0.041953 0.071263 0.623889 0.091704 0.053669 0.387088 2.363797 2.413412 1.404773 0.281567 0.278652 0.021099 0.311782 0.353107 0.372845 1.428408 1.397861 1.396246 1.362357 0.443771 0.475865 1.560374 1.538894 0.539813 0.037116 0.046247 0.042797 0.734390 2.783891 2.772160 2.772027 1.778591 1.756472 0.160009
0.230796 0.180356 0.056313 0.108931 0.150918 0.153787 0.084470 0.135288 0.059932 0.096105 0.128643 0.116014 0.576252 1.590111 1.604415 0.583363 0.124021 0.169444 0.175093 0.129856 0.154814 0.176298 0.119210 0.078407 0.040643 0.051769 0.407527 1.620530 0.585176 1.505716 1.501560 2.340469 2.390867 2.465195 0.055263 0.081326 0.018227 0.031700 0.325641 0.385197 1.415124 1.376832 1.373189 1.431457 1.512644 1.522133 1.545647 1.554458 1.529822 0.612779 0.593718 0.650026 0.699915 1.766907 1.755622 1.743936 1.712385 0.717889 0.807076
0.242872 0.037437 0.029656 0.027241 0.039437 0.252513 0.124170 0.169492 0.066890 0.109435 0.130869 0.112311 0.557736 1.548621 1.551679 0.561462 0.137507 0.162469 0.134389 0.103941 0.133881 0.111548 0.142607 0.096418 0.054497 0.067617 2.572755 1.618923 1.601729 1.527705 1.427169 1.295057 1.270071 1.347556 0.087913 0.126753 0.022377 0.025185 0.035765 0.321860 0.369349 0.413690 0.437761 1.505613 2.536302 1.522414 1.536141 1.533976 1.504915 0.600726 0.580277 0.024654 0.733272 0.744035 0.743839 0.064228 0.100919 0.134746 0.201459
0.185037 0.030663 0.028388 0.021599 0.037177 0.098118 0.165948 0.152631 0.030586 0.040990 0.121200 0.109006 0.539155 0.534125 0.463709 0.092676 0.126021 0.034844 0.022315 0.032677 0.032708 0.128639 0.187162 0.153595 0.166656 0.587401 2.491300 2.641393 1.617405 1.602907 0.580042 0.574586 0.570864 0.069535 0.121980 0.170388 0.182730 0.033928 0.038307 0.028481 0.072187 0.423544 0.442642 1.470833 2.507617 2.475173 0.580064 0.601191 0.604679 0.605640 0.032768 0.048226 0.048852 0.066060 0.025002 0.031487 0.031487 0.025002 0.278438
0.226449 0.032142 0.032555 0.035622 0.035363 0.045829 0.148539 0.048683 0.022363 0.079308 0.047798 0.123576 0.106591 0.154778 0.119944 0.048680 0.052411 0.030602 0.024452 0.014396 0.027673 0.029535 0.169411 0.409800 0.702658 0.639931 0.596122 3.657413 3.666094 2.651672 1.677575 0.622653 0.609175 0.018349 0.023033 0.216497 0.181110 0.034661 0.017372 0.017372 0.139330 0.110277 0.072659 0.416800 1.430660 1.374404 0.583472 0.632550 0.650967 0.671121 0.731334 0.716182 0.684467 0.045322 0.025002 0.031487 0.031487 0.025002 0.273768
0.255302 0.280707 0.072625 0.045784 0.059715 0.037529 0.063753 0.071052 0.039045 0.046455 0.038552 0.053979 0.037940 0.252220 0.045355 0.078622 0.075059 0.036873 0.024468 0.029671 0.019722 0.026631 0.264751 0.260160 0.290471 0.027840 0.069789 3.633062 3.650443 2.605267 1.676934 1.699204 1.679498 0.060618 0.028115 0.023659 0.203863 0.029563 0.043572 0.029747 0.184511 0.163323 0.119064 0.079346 0.582720 0.609302 0.662143 1.764229 1.750051 1.748664 1.766190 2.755725 2.722559 0.750301 0.070919 0.091190 0.114872 0.148601 0.198343
0.124397 0.141030 0.085627 0.055275 0.081245 0.028756 0.032447 0.029945 0.020013 0.070915 0.065047 0.041558 0.057869 0.240345 0.054733 0.084643 0.079248 0.030189 0.024239 0.040246 0.032692 0.209702 0.386060 0.378241 0.030968 0.033073 0.060635 1.607941 2.606765 1.637101 1.657354 1.641358 1.651861 0.650402 0.023781 0.023018 0.200097 0.202058 0.023614 0.208628 0.217739 0.203006 0.036157 0.126868 0.122173 0.651930 1.761001 1.743317 1.737371 1.736124 2.773277 2.751063 2.723669 0.786632 0.806280 0.835896 0.861505 0.782686 0.159849
0.040414 0.123679 0.059105 0.056572 0.029031 0.041221 0.033943 0.026604 0.064674 0.071739 0.022591 0.022591 0.035851 0.052471 0.040826 0.903606 0.879893 0.053079 0.020546 0.070991 0.096441 0.274388 0.226389 0.138104 0.032417 0.034695 0.053182 0.049010 0.068804 1.654411 1.674468 0.698127 1.694183 0.656418 0.130166 0.152959 0.181725 0.197754 0.206274 0.240686 0.204412 0.059838 0.079155 0.055544 0.138574 0.573645 1.697687 1.719273 1.717860 1.722147 2.771601 2.730642 1.680954 0.796619 0.832337 0.866596 0.892696 0.844661 0.192293
