use_cases/Flooding_chicago/flooding_data/output/h_1260.asc
ncols 337
nrows 393
xllcorner 428428.000000
yllcorner 4602440.000000
cellsize 26.757400
NODATA_value -9999.000000
[rows 216 to 242 of 393, columns 177 to 235 of 337]
-9999.000000 -9999.000000 -9999.000000 -9999.000000 -9999.000000 -9999.000000 0.112054 0.119073 0.036963 0.030434 0.020134 0.030160 0.069679 0.084572 0.063368 0.068662 0.043799 0.042259 0.071174 0.047092 0.161053 0.074379 1.709410 1.623459 0.153561 0.213541 0.163000 1.206170 0.196935 0.167014 0.025704 0.017372 0.025703 0.029046 0.547004 0.118741 0.186478 0.219690 0.218241 0.189209 0.136163 0.894520 0.995210 1.141280 1.093999 1.128830 0.088504 0.200256 0.207519 0.053222 0.050019 0.466963 0.636500 0.514029 0.031518 0.036748 0.043218 0.103354 0.165444
-9999.000000 -9999.000000 -9999.000000 -9999.000000 -9999.000000 -9999.000000 0.072240 0.108912 0.145805 0.026274 0.026436 0.130393 0.061256 0.083275 0.079825 0.044944 0.065637 0.056632 0.076821 0.227317 0.186653 0.432551 1.538739 0.502893 0.171502 0.162125 0.247400 0.277811 0.284637 0.258742 0.025704 0.017372 0.025703 0.029046 0.705879 0.115800 0.183228 0.223978 0.221111 0.205673 0.169527 0.291368 0.849981 2.048728 2.003201 1.088909 0.124009 0.079756 0.090277 0.090659 0.087546 0.647545 0.618551 0.388365 0.028871 0.017967 0.056879 0.091632 0.190825
-9999.000000 -9999.000000 -9999.000000 -9999.000000 -9999.000000 -9999.000000 -9999.000000 0.055871 0.019310 0.206246 0.215507 0.103845 0.062110 0.089303 0.098244 0.018577 0.030738 0.063682 0.095574 0.210777 0.164209 0.425065 0.279111 0.137565 0.155941 0.252031 0.310069 0.338714 1.361956 0.359249 0.422875 0.031471 0.065682 0.184167 0.685034 0.178450 0.282317 1.388442 2.390378 1.358608 1.357824 0.228825 0.335889 0.189547 1.043821 0.950327 0.173354 0.041625 0.135902 0.103033 1.111266 0.977919 0.923574 0.164363 0.017967 0.021034 0.109904 0.106186 0.096640
-9999.000000 -9999.000000 -9999.000000 -9999.000000 -9999.000000 -9999.000000 -9999.000000 -9999.000000 0.014397 0.290537 1.339056 0.065391 0.059930 0.089776 0.104993 0.023064 0.045327 0.038063 0.119407 0.096341 0.073755 0.221356 0.100655 0.167794 0.228081 0.300912 0.356448 1.406780 2.347866 1.400478 0.310113 0.026008 0.051658 0.163284 0.211757 0.203816 0.325100 1.377246 2.365783 2.370772 3.346392 1.386484 0.243136 0.145514 0.110808 0.421067 0.107997 0.091183 0.142443 1.024705 0.978092 1.020786 1.002613 0.241820 0.375856 0.323317 0.163912 0.168699 0.091895
-9999.000000 -9999.000000 -9999.000000 -9999.000000 -9999.000000 -9999.000000 -9999.000000 -9999.000000 -9999.000000 0.212864 2.343101 0.272468 0.046089 0.079231 0.024620 0.028527 0.051262 0.052895 0.089851 0.090984 0.089196 0.258890 0.093322 0.116253 0.103554 0.334360 1.368449 2.374681 2.347867 1.387860 0.030800 0.018943 0.030800 0.041390 0.151619 0.224522 1.337209 1.325390 1.309384 3.348145 3.895419 2.416516 0.340879 0.038941 0.189288 0.203115 0.211555 0.151335 0.082512 0.201981 0.231883 0.985138 0.931170 1.139959 0.355096 0.292907 0.021667 0.047584 0.029930
-9999.000000 -9999.000000 -9999.000000 -9999.000000 -9999.000000 -9999.000000 -9999.000000 -9999.000000 -9999.000000 -9999.000000 0.014397 0.140434 0.189168 0.064811 0.027825 0.024696 0.053520 0.026542 0.066597 0.046622 0.173278 0.149154 0.172999 0.188472 0.192534 0.144605 0.386222 1.271038 0.242824 0.035423 0.024620 0.014397 0.024620 0.039954 0.038400 0.041546 0.463104 0.481079 0.442998 1.329521 2.399480 2.392984 0.371904 0.083505 0.088265 0.301420 0.300786 0.082043 0.060021 0.195728 0.330918 0.344137 0.312539 0.532388 0.503456 0.034857 0.021767 0.034721 0.029441
-9999.000000 -9999.000000 -9999.000000 -9999.000000 -9999.000000 -9999.000000 -9999.000000 -9999.000000 -9999.000000 -9999.000000 -9999.000000 0.014397 0.059089 0.081917 0.019417 0.044213 0.034432 0.123894 0.101693 0.072913 0.168999 0.146114 0.167184 0.229806 0.260301 0.260688 0.250239 0.235934 0.099360 0.030526 0.025504 0.034234 0.025504 0.033561 0.055213 0.056732 0.539365 0.538030 0.414569 0.382374 1.350517 1.310645 0.376138 0.134861 0.172171 0.163596 0.157292 0.164694 0.106569 0.059464 0.530956 0.520471 0.528896 0.407253 0.256468 0.032996 0.036262 0.046623 0.045784
-9999.000000 -9999.000000 -9999.000000 -9999.000000 -9999.000000 -9999.000000 -9999.000000 -9999.000000 -9999.000000 -9999.000000 -9999.000000 -9999.000000 0.017372 0.017372 0.030663 0.071343 0.084938 0.118049 0.109475 0.096413 0.070412 0.023018 0.034492 0.218344 0.266748 0.309750 0.331907 0.148218 0.201946 0.028023 0.040063 0.045982 0.062294 0.046837 0.071831 0.066564 0.636427 0.658475 0.045840 0.059310 0.468006 0.456722 0.136061 0.205725 0.233320 0.239392 0.232057 0.239823 0.027016 0.027046 0.654012 1.718514 1.767006 0.601605 0.023476 0.025153 0.050956 0.050194 0.194756
-9999.000000 -9999.000000 -9999.000000 -9999.000000 -9999.000000 -9999.000000 -9999.000000 -9999.000000 -9999.000000 -9999.000000 -9999.000000 -9999.000000 -9999.000000 -9999.000000 -9999.000000 -9999.000000 -9999.000000 0.018669 0.023414 0.028435 0.023857 0.025979 0.038536 0.080207 0.103661 0.164031 0.200937 0.260767 0.317965 0.397375 0.431537 0.388718 0.047523 0.018441 0.028497 0.061820 0.696964 0.718255 0.078555 0.123343 0.143096 0.171260 0.221030 0.262016 0.281424 0.283983 0.267352 0.278999 0.037003 0.037102 0.618650 1.641598 1.701452 0.615225 0.024666 0.032264 0.063133 0.055428 0.196242
-9999.000000 -9999.000000 -9999.000000 -9999.000000 -9999.000000 -9999.000000 -9999.000000 -9999.000000 -9999.000000 -9999.000000 -9999.000000 -9999.000000 -9999.000000 -9999.000000 -9999.000000 -9999.000000 -9999.000000 -9999.000000 -9999.000000 -9999.000000 0.025856 0.036949 0.025994 0.041435 0.029763 0.247140 0.265038 0.282524 0.316919 0.398698 0.447986 0.418606 0.045083 0.022530 0.039650 0.067773 1.740266 0.753398 0.094344 0.159388 0.204225 0.239515 0.276508 1.356768 1.355221 0.319485 0.274484 0.250316 0.045540 0.045693 0.051367 0.655716 1.783494 0.636137 0.093304 0.037468 0.029092 0.054434 0.048212
-9999.000000 -9999.000000 -9999.000000 -9999.000000 -9999.000000 -9999.000000 -9999.000000 -9999.000000 -9999.000000 -9999.000000 -9999.000000 -9999.000000 -9999.000000 -9999.000000 -9999.000000 -9999.000000 -9999.000000 -9999.000000 -9999.000000 -9999.000000 -9999.000000 0.030403 0.024727 0.042122 0.035347 0.233643 0.224735 0.050210 0.055977 0.090462 0.443794 0.411855 0.050316 0.024712 0.045265 0.093469 0.692257 0.784645 0.820772 0.159299 0.224152 0.258864 0.288657 1.335790 1.304273 1.321115 0.251721 0.047157 0.030846 0.066608 0.072320 0.677821 1.797363 0.605441 0.081717 0.036752 0.037574 0.068810 0.046016
-9999.000000 -9999.000000 -9999.000000 -9999.000000 -9999.000000 -9999.000000 -9999.000000 -9999.000000 -9999.000000 -9999.000000 -9999.000000 -9999.000000 -9999.000000 -9999.000000 -9999.000000 -9999.000000 -9999.000000 -9999.000000 -9999.000000 -9999.000000 -9999.000000 0.020180 0.032036 0.471443 0.029853 0.041695 0.052239 0.071205 0.023032 0.181945 0.096416 0.073938 0.026100 0.031929 0.060874 0.052712 0.112908 0.677167 0.102074 0.074700 0.093004 0.093132 0.084731 0.062246 0.351503 0.400152 0.317281 0.043931 0.064358 0.042260 0.085358 0.682464 1.675435 0.050087 0.038262 0.021263 0.048363 0.035668 0.049476
-9999.000000 -9999.000000 -9999.000000 -9999.000000 -9999.000000 -9999.000000 -9999.000000 -9999.000000 -9999.000000 -9999.000000 -9999.000000 -9999.000000 -9999.000000 -9999.000000 -9999.000000 -9999.000000 -9999.000000 -9999.000000 -9999.000000 -9999.000000 -9999.000000 -9999.000000 0.268375 0.413028 0.352095 0.049172 0.032494 0.035103 0.040000 0.275828 0.018837 0.024071 0.031792 0.038735 0.026451 0.065837 0.189217 0.255774 0.060920 0.131980 0.144295 0.141616 0.129997 0.107062 0.062562 0.549632 0.084182 0.066874 0.089975 0.062526 0.057411 0.688980 0.852575 0.027764 0.030220 0.021034 0.017967 0.035042 0.047585
-9999.000000 -9999.000000 -9999.000000 -9999.000000 -9999.000000 -9999.000000 -9999.000000 -9999.000000 -9999.000000 -9999.000000 -9999.000000 -9999.000000 -9999.000000 -9999.000000 -9999.000000 -9999.000000 -9999.000000 -9999.000000 -9999.000000 -9999.000000 -9999.000000 -9999.000000 0.019310 0.324836 0.307862 0.061217 0.053352 0.022362 0.046008 0.270077 0.357614 0.380434 0.358117 0.026466 0.024071 0.080230 0.120241 0.225746 0.029796 0.145058 0.139610 0.132021 0.119280 0.099078 0.081526 0.628981 0.138228 0.090599 0.119053 0.083841 0.045236 0.058902 0.968750 0.027519 0.029366 0.017967 0.028871 0.031227 0.042152
-9999.000000 -9999.000000 -9999.000000 -9999.000000 -9999.000000 -9999.000000 -9999.000000 -9999.000000 -9999.000000 -9999.000000 -9999.000000 -9999.000000 -9999.000000 -9999.000000 -9999.000000 -9999.000000 -9999.000000 -9999.000000 -9999.000000 -9999.000000 -9999.000000 -9999.000000 0.014397 0.026054 0.106209 0.039451 0.032143 0.019082 0.033069 0.043281 0.293518 0.327738 0.333441 0.257311 0.227761 0.158472 0.247792 0.170152 0.037926 0.074016 0.076943 0.069639 0.059414 0.040235 0.097058 0.588874 0.183237 0.125248 0.164386 0.017372 0.046332 0.104551 0.876840 0.912823 0.095425 0.029641 0.051661 0.070456 0.411462
-9999.000000 -9999.000000 -9999.000000 -9999.000000 -9999.000000 -9999.000000 -9999.000000 -9999.000000 -9999.000000 -9999.000000 -9999.000000 -9999.000000 -9999.000000 -9999.000000 -9999.000000 -9999.000000 -9999.000000 -9999.000000 -9999.000000 -9999.000000 -9999.000000 -9999.000000 -9999.000000 0.014397 0.072823 0.071862 0.040260 0.026313 0.018959 0.049309 0.069344 0.053627 0.036520 0.224591 0.226592 1.227234 0.148193 0.099030 0.087444 0.072336 0.074171 0.062880 0.052575 0.036011 0.046288 0.162380 0.233956 0.166484 0.207936 0.017372 0.051911 0.163061 1.102261 0.168267 0.025642 0.034309 0.055336 0.073631 0.361981
-9999.000000 -9999.000000 -9999.000000 -9999.000000 -9999.000000 -9999.000000 -9999.000000 -9999.000000 -9999.000000 -9999.000000 -9999.000000 -9999.000000 -9999.000000 -9999.000000 -9999.000000 -9999.000000 -9999.000000 -9999.000000 -9999.000000 -9999.000000 -9999.000000 -9999.000000 -9999.000000 0.020102 0.075889 0.076715 0.041283 0.022514 0.125984 0.098686 0.067833 0.042518 0.052589 0.178622 1.215771 1.227410 0.192788 0.026741 0.035804 0.032509 0.087519 0.087628 0.073976 0.051858 0.045092 0.039284 0.027888 0.251151 0.240134 0.157563 0.077347 0.260433 1.223873 0.262531 0.025994 0.014397 0.052635 0.078462 0.058142
-9999.000000 -9999.000000 -9999.000000 -9999.000000 -9999.000000 -9999.000000 -9999.000000 -9999.000000 -9999.000000 -9999.000000 -9999.000000 -9999.000000 -9999.000000 -9999.000000 -9999.000000 -9999.000000 -9999.000000 -9999.000000 -9999.000000 -9999.000000 -9999.000000 -9999.000000 -9999.000000 -9999.000000 0.078392 0.060951 0.043618 0.018439 0.129693 0.116753 0.022591 0.022591 0.052117 1.192878 1.221197 0.220574 0.218806 0.029411 0.046837 0.051582 0.032235 0.100096 0.074513 1.009893 0.049438 0.046050 0.029325 0.317208 0.271655 0.617224 0.601587 1.358616 1.271562 1.383859 0.455974 0.046502 0.035622 0.046012 0.052116
-9999.000000 -9999.000000 -9999.000000 -9999.000000 -9999.000000 -9999.000000 -9999.000000 -9999.000000 -9999.000000 -9999.000000 -9999.000000 -9999.000000 -9999.000000 -9999.000000 -9999.000000 -9999.000000 -9999.000000 -9999.000000 -9999.000000 -9999.000000 -9999.000000 -9999.000000 -9999.000000 -9999.000000 -9999.000000 0.023217 0.042748 0.042366 0.014397 0.081596 0.022591 0.022591 0.048897 1.197898 1.223411 0.221916 0.227959 0.241872 0.037163 0.060524 0.017372 0.035699 0.072582 0.974404 1.045240 1.018007 0.819789 0.536529 0.380717 0.612006 0.580479 1.375039 0.369411 0.372252 0.417200 0.041969 0.040733 0.053658 0.040289
-9999.000000 -9999.000000 -9999.000000 -9999.000000 -9999.000000 -9999.000000 -9999.000000 -9999.000000 -9999.000000 -9999.000000 -9999.000000 -9999.000000 -9999.000000 -9999.000000 -9999.000000 -9999.000000 -9999.000000 -9999.000000 -9999.000000 -9999.000000 -9999.000000 -9999.000000 -9999.000000 -9999.000000 -9999.000000 -9999.000000 0.023231 0.074120 0.059074 0.083642 0.027794 0.027794 0.034310 0.126514 0.160408 0.198314 0.223681 0.241616 0.223807 0.056100 0.017372 0.054283 0.106734 1.000999 1.057816 1.055842 0.125276 0.075159 0.272169 0.199118 0.168445 0.158018 0.069985 0.061604 0.084779 0.026817 0.029900 0.034477 0.052835
-9999.000000 -9999.000000 -9999.000000 -9999.000000 -9999.000000 -9999.000000 -9999.000000 -9999.000000 -9999.000000 -9999.000000 -9999.000000 -9999.000000 -9999.000000 -9999.000000 -9999.000000 -9999.000000 -9999.000000 -9999.000000 -9999.000000 -9999.000000 -9999.000000 -9999.000000 -9999.000000 -9999.000000 -9999.000000 -9999.000000 -9999.000000 0.039803 0.109414 0.138725 0.183480 0.030433 0.058967 0.299372 0.350863 0.140634 0.207528 0.219410 0.043474 0.081047 0.110191 0.075091 0.169784 0.135130 0.929299 0.914613 0.196068 0.119896 0.088573 0.107123 0.109681 0.121285 0.142084 0.123929 0.029213 0.018364 0.029243 0.046684 0.030601
-9999.000000 -9999.000000 -9999.000000 -9999.000000 -9999.000000 -9999.000000 -9999.000000 -9999.000000 -9999.000000 -9999.000000 -9999.000000 -9999.000000 -9999.000000 -9999.000000 -9999.000000 -9999.000000 -9999.000000 -9999.000000 -9999.000000 -9999.000000 -9999.000000 -9999.000000 -9999.000000 -9999.000000 -9999.000000 -9999.000000 -9999.000000 -9999.000000 -9999.000000 0.087608 0.025275 0.034066 0.056495 0.222466 0.243709 0.068322 0.019111 0.025459 0.017372 0.017372 0.094719 0.098425 0.084221 0.239969 0.232951 0.248143 0.354883 0.021278 0.036049 0.129742 0.156931 1.189899 1.186900 1.186414 0.039711 0.022239 0.039802 0.051841 0.057152
-9999.000000 -9999.000000 -9999.000000 -9999.000000 -9999.000000 -9999.000000 -9999.000000 -9999.000000 -9999.000000 -9999.000000 -9999.000000 -9999.000000 -9999.000000 -9999.000000 -9999.000000 -9999.000000 -9999.000000 -9999.000000 -9999.000000 -9999.000000 -9999.000000 -9999.000000 -9999.000000 -9999.000000 -9999.000000 -9999.000000 -9999.000000 -9999.000000 -9999.000000 -9999.000000 0.024651 0.030480 0.019936 -9999.000000 -9999.000000 -9999.000000 -9999.000000 -9999.000000 -9999.000000 -9999.000000 0.020897 0.119576 1.173960 0.125435 0.109689 0.079018 0.557321 0.584813 0.064446 0.035011 0.136504 1.180140 1.182506 1.181842 0.046494 0.023614 0.047213 0.055417 0.063934
-9999.000000 -9999.000000 -9999.000000 -9999.000000 -9999.000000 -9999.000000 -9999.000000 -9999.000000 -9999.000000 -9999.000000 -9999.000000 -9999.000000 -9999.000000 -9999.000000 -9999.000000 -9999.000000 -9999.000000 -9999.000000 -9999.000000 -9999.000000 -9999.000000 -9999.000000 -9999.000000 -9999.000000 -9999.000000 -9999.000000 -9999.000000 -9999.000000 -9999.000000 -9999.000000 -9999.000000 -9999.000000 -9999.000000 -9999.000000 -9999.000000 -9999.000000 -9999.000000 -9999.000000 -9999.000000 -9999.000000 0.019539 0.126794 1.158608 0.162925 0.159325 0.126534 0.568468 0.567635 0.117958 0.020851 0.029610 0.172710 0.031822 0.044318 0.062631 0.028313 0.023705 0.051491 0.100105
-9999.000000 -9999.000000 -9999.000000 -9999.000000 -9999.000000 -9999.000000 -9999.000000 -9999.000000 -9999.000000 -9999.000000 -9999.000000 -9999.000000 -9999.000000 -9999.000000 -9999.000000 -9999.000000 -9999.000000 -9999.000000 -9999.000000 -9999.000000 -9999.000000 -9999.000000 -9999.000000 -9999.000000 -9999.000000 -9999.000000 -9999.000000 -9999.000000 -9999.000000 -9999.000000 -9999.000000 -9999.000000 -9999.000000 -9999.000000 -9999.000000 -9999.000000 -9999.000000 -9999.000000 -9999.000000 -9999.000000 0.028342 0.026038 0.138023 0.177286 0.195656 0.199028 0.017372 0.215615 0.196131 0.034386 0.017372 0.027474 0.040627 0.046592 0.052100 0.023843 0.023033 0.027672 1.130547
-9999.000000 -9999.000000 -9999.000000 -9999.000000 -9999.000000 -9999.000000 -9999.000000 -9999.000000 -9999.000000 -9999.000000 -9999.000000 -9999.000000 -9999.000000 -9999.000000 -9999.000000 -9999.000000 -9999.000000 -9999.000000 -9999.000000 -9999.000000 -9999.000000 -9999.000000 -9999.000000 -9999.000000 -9999.000000 -9999.000000 -9999.000000 -9999.000000 -9999.000000 -9999.000000 -9999.000000 -9999.000000 -9999.000000 -9999.000000 -9999.000000 -9999.000000 -9999.000000 -9999.000000 -9999.000000 -9999.000000 0.025613 0.032615 0.040213 0.148949 0.179833 0.230491 0.017372 0.287499 0.259746 0.039527 0.017372 0.034065 0.385292 0.412104 0.406697 0.030113 0.030053 0.030327 0.156447
-9999.000000 -9999.000000 -9999.000000 -9999.000000 -9999.000000 -9999.000000 -9999.000000 -9999.000000 -9999.000000 -9999.000000 -9999.000000 -9999.000000 -9999.000000 -9999.000000 -9999.000000 -9999.000000 -9999.000000 -9999.000000 -9999.000000 -9999.000000 -9999.000000 -9999.000000 -9999.000000 -9999.000000 -9999.000000 -9999.000000 -9999.000000 -9999.000000 -9999.000000 -9999.000000 -9999.000000 -9999.000000 -9999.000000 -9999.000000 -9999.000000 -9999.000000 -9999.000000 -9999.000000 -9999.000000 -9999.000000 -9999.000000 0.038733 0.043436 0.032463 0.037971 0.273568 0.338599 0.303307 0.262795 0.045281 0.053582 0.032218 1.407145 1.419070 1.423925 0.208213 0.101769 0.207376 0.169159
