use_cases/Flooding_chicago/flooding_data/output/h_1320.asc
ncols 337
nrows 393
xllcorner 428428.000000
yllcorner 4602440.000000
cellsize 26.757400
NODATA_value -9999.000000
[rows 216 to 242 of 393, columns 177 to 235 of 337]
-9999.000000 -9999.000000 -9999.000000 -9999.000000 -9999.000000 -9999.000000 0.112055 0.119074 0.036963 0.030434 0.020134 0.030160 0.069679 0.084571 0.063369 0.068661 0.043800 0.042259 0.071174 0.047095 0.161063 0.074379 1.709610 1.623606 0.153630 0.213613 0.163048 1.206230 0.196985 0.167061 0.025704 0.017372 0.025703 0.029045 0.548306 0.118932 0.186755 0.219993 0.218529 0.189470 0.136362 0.896821 0.997700 1.143115 1.096408 1.131576 0.089711 0.203384 0.210822 0.054586 0.051098 0.469438 0.638958 0.516591 0.031727 0.037404 0.043788 0.105937 0.170514
-9999.000000 -9999.000000 -9999.000000 -9999.000000 -9999.000000 -9999.000000 0.072241 0.108910 0.145805 0.026274 0.026436 0.130394 0.061256 0.083274 0.079826 0.044945 0.065636 0.056632 0.076821 0.227317 0.186654 0.432665 1.538875 0.503107 0.171557 0.162179 0.247475 0.277878 0.284706 0.258810 0.025704 0.017372 0.025703 0.029045 0.706934 0.115988 0.183501 0.224281 0.221391 0.205944 0.169767 0.292128 0.852331 2.051452 2.004847 1.092095 0.124911 0.080473 0.091607 0.093246 0.089451 0.650050 0.620586 0.390575 0.028871 0.017967 0.057222 0.092089 0.193686
-9999.000000 -9999.000000 -9999.000000 -9999.000000 -9999.000000 -9999.000000 -9999.000000 0.055871 0.019310 0.206247 0.215506 0.103844 0.062111 0.089303 0.098244 0.018577 0.030739 0.063682 0.095574 0.210779 0.164214 0.425152 0.279185 0.137598 0.155989 0.252105 0.310157 0.338800 1.362041 0.359330 0.422982 0.031471 0.065681 0.184387 0.685703 0.178713 0.282693 1.388921 2.390817 1.359024 1.358250 0.229105 0.336540 0.190473 1.046252 0.952586 0.173886 0.041671 0.137710 0.106809 1.114405 0.980805 0.925761 0.166403 0.017967 0.021034 0.110559 0.106785 0.097220
-9999.000000 -9999.000000 -9999.000000 -9999.000000 -9999.000000 -9999.000000 -9999.000000 -9999.000000 0.014396 0.290536 1.339057 0.065391 0.059929 0.089775 0.104993 0.023065 0.045327 0.038064 0.119408 0.096346 0.073767 0.221386 0.100680 0.167839 0.228140 0.300988 0.356540 1.406871 2.347937 1.400569 0.310206 0.026009 0.051658 0.163475 0.212031 0.204087 0.325506 1.377700 2.366200 2.371198 3.346920 1.386930 0.243488 0.145719 0.110973 0.421920 0.108134 0.091290 0.143299 1.028131 0.980955 1.023496 1.005048 0.244671 0.378456 0.325473 0.165114 0.169756 0.092577
-9999.000000 -9999.000000 -9999.000000 -9999.000000 -9999.000000 -9999.000000 -9999.000000 -9999.000000 -9999.000000 0.212867 2.343101 0.272467 0.046090 0.079231 0.024620 0.028526 0.051262 0.052895 0.089851 0.090993 0.089210 0.258929 0.093344 0.116280 0.103573 0.334451 1.368535 2.374763 2.347939 1.387943 0.030800 0.018944 0.030800 0.041389 0.151815 0.224781 1.337627 1.325779 1.309787 3.348567 3.895752 2.416953 0.341360 0.038984 0.189517 0.203354 0.211796 0.151498 0.082598 0.202522 0.232568 0.987430 0.933338 1.142251 0.357223 0.295071 0.021665 0.047584 0.029930
-9999.000000 -9999.000000 -9999.000000 -9999.000000 -9999.000000 -9999.000000 -9999.000000 -9999.000000 -9999.000000 -9999.000000 0.014396 0.140436 0.189167 0.064812 0.027825 0.024696 0.053520 0.026543 0.066597 0.046622 0.173300 0.149178 0.173028 0.188514 0.192574 0.144640 0.386324 1.271099 0.242883 0.035422 0.024620 0.014396 0.024620 0.039954 0.038399 0.041558 0.463521 0.481480 0.443392 1.329944 2.399904 2.393389 0.372411 0.083602 0.088375 0.301729 0.301086 0.082127 0.060071 0.196311 0.331898 0.345186 0.313460 0.533741 0.504589 0.035329 0.021767 0.034720 0.029441
-9999.000000 -9999.000000 -9999.000000 -9999.000000 -9999.000000 -9999.000000 -9999.000000 -9999.000000 -9999.000000 -9999.000000 -9999.000000 0.014396 0.059090 0.081917 0.019417 0.044213 0.034432 0.123894 0.101693 0.072912 0.169014 0.146137 0.167213 0.229854 0.260355 0.260738 0.250287 0.235985 0.099373 0.030525 0.025505 0.034234 0.025505 0.033560 0.055213 0.056773 0.539712 0.538432 0.414910 0.382743 1.350609 1.310517 0.376537 0.135013 0.172367 0.163777 0.157456 0.164856 0.106657 0.059503 0.532369 0.521879 0.530288 0.408659 0.257624 0.032982 0.036257 0.046623 0.045784
-9999.000000 -9999.000000 -9999.000000 -9999.000000 -9999.000000 -9999.000000 -9999.000000 -9999.000000 -9999.000000 -9999.000000 -9999.000000 -9999.000000 0.017372 0.017372 0.030662 0.071343 0.084938 0.118049 0.109474 0.096413 0.070411 0.023018 0.034492 0.218393 0.266802 0.309809 0.331968 0.148248 0.201977 0.028023 0.040063 0.045982 0.062294 0.046837 0.071833 0.066573 0.636854 0.658894 0.045881 0.059367 0.468878 0.457528 0.136203 0.205930 0.233565 0.239634 0.232277 0.240044 0.027017 0.027046 0.655608 1.720243 1.768754 0.603269 0.023476 0.025154 0.050957 0.050194 0.206028
-9999.000000 -9999.000000 -9999.000000 -9999.000000 -9999.000000 -9999.000000 -9999.000000 -9999.000000 -9999.000000 -9999.000000 -9999.000000 -9999.000000 -9999.000000 -9999.000000 -9999.000000 -9999.000000 -9999.000000 0.018670 0.023415 0.028434 0.023857 0.025979 0.038536 0.080215 0.103679 0.164072 0.200982 0.260819 0.318021 0.397456 0.431635 0.388850 0.047523 0.018441 0.028496 0.061823 0.697417 0.718693 0.078637 0.123465 0.143237 0.171423 0.221235 0.262257 0.281700 0.284240 0.267587 0.279239 0.037010 0.037103 0.620054 1.643051 1.703060 0.616920 0.024666 0.032265 0.063133 0.055427 0.207412
-9999.000000 -9999.000000 -9999.000000 -9999.000000 -9999.000000 -9999.000000 -9999.000000 -9999.000000 -9999.000000 -9999.000000 -9999.000000 -9999.000000 -9999.000000 -9999.000000 -9999.000000 -9999.000000 -9999.000000 -9999.000000 -9999.000000 -9999.000000 0.025856 0.036949 0.025994 0.041436 0.029763 0.247191 0.265089 0.282577 0.316979 0.398765 0.448052 0.418697 0.045082 0.022530 0.039650 0.067774 1.740744 0.753817 0.094436 0.159540 0.204407 0.239728 0.276756 1.357080 1.355549 0.319753 0.274705 0.250545 0.045541 0.045707 0.051403 0.657484 1.785072 0.638022 0.093460 0.037467 0.029091 0.054435 0.048221
-9999.000000 -9999.000000 -9999.000000 -9999.000000 -9999.000000 -9999.000000 -9999.000000 -9999.000000 -9999.000000 -9999.000000 -9999.000000 -9999.000000 -9999.000000 -9999.000000 -9999.000000 -9999.000000 -9999.000000 -9999.000000 -9999.000000 -9999.000000 -9999.000000 0.030403 0.024727 0.042122 0.035346 0.233686 0.224779 0.050210 0.055977 0.090472 0.443874 0.411987 0.050316 0.024712 0.045265 0.093483 0.692687 0.785063 0.821207 0.159425 0.224322 0.259059 0.288875 1.336054 1.304440 1.321341 0.251891 0.047169 0.030862 0.066616 0.072370 0.679496 1.798830 0.607011 0.081841 0.036751 0.037575 0.068810 0.046016
-9999.000000 -9999.000000 -9999.000000 -9999.000000 -9999.000000 -9999.000000 -9999.000000 -9999.000000 -9999.000000 -9999.000000 -9999.000000 -9999.000000 -9999.000000 -9999.000000 -9999.000000 -9999.000000 -9999.000000 -9999.000000 -9999.000000 -9999.000000 -9999.000000 0.020180 0.032036 0.471443 0.029853 0.041695 0.052239 0.071205 0.023033 0.181957 0.096428 0.073941 0.026100 0.031929 0.060874 0.052716 0.112925 0.677429 0.102093 0.074717 0.093027 0.093162 0.084762 0.062273 0.351910 0.400460 0.317447 0.043947 0.064385 0.042274 0.085429 0.684150 1.676544 0.050090 0.038261 0.021263 0.048363 0.035668 0.049476
-9999.000000 -9999.000000 -9999.000000 -9999.000000 -9999.000000 -9999.000000 -9999.000000 -9999.000000 -9999.000000 -9999.000000 -9999.000000 -9999.000000 -9999.000000 -9999.000000 -9999.000000 -9999.000000 -9999.000000 -9999.000000 -9999.000000 -9999.000000 -9999.000000 -9999.000000 0.268378 0.413032 0.352103 0.049171 0.032494 0.035103 0.040000 0.275850 0.018837 0.024071 0.031791 0.038735 0.026451 0.065850 0.189248 0.255821 0.060931 0.132002 0.144328 0.141657 0.130045 0.107112 0.062617 0.550056 0.084287 0.066903 0.090009 0.062544 0.057427 0.690257 0.853910 0.027764 0.030220 0.021034 0.017967 0.035041 0.047585
-9999.000000 -9999.000000 -9999.000000 -9999.000000 -9999.000000 -9999.000000 -9999.000000 -9999.000000 -9999.000000 -9999.000000 -9999.000000 -9999.000000 -9999.000000 -9999.000000 -9999.000000 -9999.000000 -9999.000000 -9999.000000 -9999.000000 -9999.000000 -9999.000000 -9999.000000 0.019310 0.324837 0.307866 0.061217 0.053353 0.022361 0.046008 0.270104 0.357645 0.380459 0.358147 0.026466 0.024071 0.080240 0.120262 0.225785 0.029804 0.145086 0.139641 0.132059 0.119319 0.099131 0.081628 0.629494 0.138380 0.090633 0.119105 0.083870 0.045251 0.059086 0.970168 0.027519 0.029366 0.017967 0.028871 0.031228 0.042153
-9999.000000 -9999.000000 -9999.000000 -9999.000000 -9999.000000 -9999.000000 -9999.000000 -9999.000000 -9999.000000 -9999.000000 -9999.000000 -9999.000000 -9999.000000 -9999.000000 -9999.000000 -9999.000000 -9999.000000 -9999.000000 -9999.000000 -9999.000000 -9999.000000 -9999.000000 0.014396 0.026054 0.106210 0.039451 0.032143 0.019081 0.033069 0.043282 0.293545 0.327769 0.333468 0.257341 0.227792 0.158501 0.247829 0.170183 0.037927 0.074028 0.076958 0.069663 0.059441 0.040254 0.097244 0.589182 0.183427 0.125299 0.164456 0.017372 0.046334 0.104983 0.878363 0.914734 0.095369 0.029641 0.051660 0.070456 0.411620
-9999.000000 -9999.000000 -9999.000000 -9999.000000 -9999.000000 -9999.000000 -9999.000000 -9999.000000 -9999.000000 -9999.000000 -9999.000000 -9999.000000 -9999.000000 -9999.000000 -9999.000000 -9999.000000 -9999.000000 -9999.000000 -9999.000000 -9999.000000 -9999.000000 -9999.000000 -9999.000000 0.014396 0.072823 0.071862 0.040260 0.026314 0.018959 0.049309 0.069344 0.053628 0.036519 0.224621 0.226628 1.227273 0.148221 0.099047 0.087456 0.072350 0.074186 0.062905 0.052606 0.036039 0.046343 0.162572 0.234142 0.166545 0.208021 0.017372 0.051935 0.163718 1.103881 0.168996 0.025642 0.034309 0.055336 0.073632 0.362153
-9999.000000 -9999.000000 -9999.000000 -9999.000000 -9999.000000 -9999.000000 -9999.000000 -9999.000000 -9999.000000 -9999.000000 -9999.000000 -9999.000000 -9999.000000 -9999.000000 -9999.000000 -9999.000000 -9999.000000 -9999.000000 -9999.000000 -9999.000000 -9999.000000 -9999.000000 -9999.000000 0.020103 0.075890 0.076714 0.041283 0.022514 0.125985 0.098686 0.067833 0.042519 0.052589 0.178646 1.215809 1.227441 0.192821 0.026742 0.035805 0.032509 0.087538 0.087669 0.074030 0.051944 0.045176 0.039353 0.027918 0.251228 0.240238 0.157756 0.077431 0.261347 1.225422 0.263451 0.025994 0.014396 0.052635 0.078462 0.058143
-9999.000000 -9999.000000 -9999.000000 -9999.000000 -9999.000000 -9999.000000 -9999.000000 -9999.000000 -9999.000000 -9999.000000 -9999.000000 -9999.000000 -9999.000000 -9999.000000 -9999.000000 -9999.000000 -9999.000000 -9999.000000 -9999.000000 -9999.000000 -9999.000000 -9999.000000 -9999.000000 -9999.000000 0.078392 0.060951 0.043617 0.018440 0.129692 0.116753 0.022591 0.022591 0.052116 1.192913 1.221231 0.220607 0.218843 0.029411 0.046837 0.051582 0.032234 0.100141 0.074593 1.010071 0.049590 0.046176 0.029371 0.317276 0.271739 0.617786 0.602474 1.359759 1.272738 1.384854 0.457223 0.046501 0.035623 0.046013 0.052116
-9999.000000 -9999.000000 -9999.000000 -9999.000000 -9999.000000 -9999.000000 -9999.000000 -9999.000000 -9999.000000 -9999.000000 -9999.000000 -9999.000000 -9999.000000 -9999.000000 -9999.000000 -9999.000000 -9999.000000 -9999.000000 -9999.000000 -9999.000000 -9999.000000 -9999.000000 -9999.000000 -9999.000000 -9999.000000 0.023216 0.042748 0.042365 0.014396 0.081597 0.022591 0.022591 0.048896 1.197934 1.223444 0.221950 0.227992 0.241908 0.037162 0.060524 0.017372 0.035698 0.072611 0.974553 1.045381 1.018151 0.819935 0.536630 0.380822 0.612525 0.581165 1.376069 0.370726 0.373750 0.418923 0.041969 0.040732 0.053657 0.040290
-9999.000000 -9999.000000 -9999.000000 -9999.000000 -9999.000000 -9999.000000 -9999.000000 -9999.000000 -9999.000000 -9999.000000 -9999.000000 -9999.000000 -9999.000000 -9999.000000 -9999.000000 -9999.000000 -9999.000000 -9999.000000 -9999.000000 -9999.000000 -9999.000000 -9999.000000 -9999.000000 -9999.000000 -9999.000000 -9999.000000 0.023231 0.074120 0.059075 0.083643 0.027794 0.027794 0.034311 0.126534 0.160438 0.198350 0.223717 0.241647 0.223833 0.056101 0.017372 0.054283 0.106769 1.001172 1.057947 1.055965 0.125314 0.075174 0.272295 0.199317 0.168648 0.158107 0.070001 0.061638 0.084806 0.026817 0.029900 0.034477 0.052834
-9999.000000 -9999.000000 -9999.000000 -9999.000000 -9999.000000 -9999.000000 -9999.000000 -9999.000000 -9999.000000 -9999.000000 -9999.000000 -9999.000000 -9999.000000 -9999.000000 -9999.000000 -9999.000000 -9999.000000 -9999.000000 -9999.000000 -9999.000000 -9999.000000 -9999.000000 -9999.000000 -9999.000000 -9999.000000 -9999.000000 -9999.000000 0.039802 0.109414 0.138725 0.183480 0.030434 0.058967 0.299426 0.350900 0.140663 0.207558 0.219442 0.043477 0.081047 0.110191 0.075095 0.169823 0.135187 0.929425 0.914745 0.196075 0.119911 0.088593 0.107167 0.109704 0.121276 0.142113 0.124000 0.029213 0.018364 0.029243 0.046684 0.030602
-9999.000000 -9999.000000 -9999.000000 -9999.000000 -9999.000000 -9999.000000 -9999.000000 -9999.000000 -9999.000000 -9999.000000 -9999.000000 -9999.000000 -9999.000000 -9999.000000 -9999.000000 -9999.000000 -9999.000000 -9999.000000 -9999.000000 -9999.000000 -9999.000000 -9999.000000 -9999.000000 -9999.000000 -9999.000000 -9999.000000 -9999.000000 -9999.000000 -9999.000000 0.087608 0.025276 0.034065 0.056496 0.222511 0.243750 0.068336 0.019111 0.025460 0.017372 0.017372 0.094720 0.098425 0.084222 0.239997 0.232967 0.248149 0.354897 0.021279 0.036049 0.129817 0.156980 1.189934 1.186929 1.186454 0.039711 0.022240 0.039802 0.051841 0.057153
-9999.000000 -9999.000000 -9999.000000 -9999.000000 -9999.000000 -9999.000000 -9999.000000 -9999.000000 -9999.000000 -9999.000000 -9999.000000 -9999.000000 -9999.000000 -9999.000000 -9999.000000 -9999.000000 -9999.000000 -9999.000000 -9999.000000 -9999.000000 -9999.000000 -9999.000000 -9999.000000 -9999.000000 -9999.000000 -9999.000000 -9999.000000 -9999.000000 -9999.000000 -9999.000000 0.024650 0.030480 0.019936 -9999.000000 -9999.000000 -9999.000000 -9999.000000 -9999.000000 -9999.000000 -9999.000000 0.020897 0.119578 1.173959 0.125435 0.109688 0.079017 0.557336 0.584820 0.064445 0.035011 0.136454 1.180139 1.182533 1.181863 0.046494 0.023613 0.047213 0.055416 0.063942
-9999.000000 -9999.000000 -9999.000000 -9999.000000 -9999.000000 -9999.000000 -9999.000000 -9999.000000 -9999.000000 -9999.000000 -9999.000000 -9999.000000 -9999.000000 -9999.000000 -9999.000000 -9999.000000 -9999.000000 -9999.000000 -9999.000000 -9999.000000 -9999.000000 -9999.000000 -9999.000000 -9999.000000 -9999.000000 -9999.000000 -9999.000000 -9999.000000 -9999.000000 -9999.000000 -9999.000000 -9999.000000 -9999.000000 -9999.000000 -9999.000000 -9999.000000 -9999.000000 -9999.000000 -9999.000000 -9999.000000 0.019539 0.126793 1.158610 0.162926 0.159325 0.126536 0.568479 0.567649 0.117959 0.020851 0.029610 0.172848 0.031823 0.044319 0.062630 0.028313 0.023705 0.051491 0.100109
-9999.000000 -9999.000000 -9999.000000 -9999.000000 -9999.000000 -9999.000000 -9999.000000 -9999.000000 -9999.000000 -9999.000000 -9999.000000 -9999.000000 -9999.000000 -9999.000000 -9999.000000 -9999.000000 -9999.000000 -9999.000000 -9999.000000 -9999.000000 -9999.000000 -9999.000000 -9999.000000 -9999.000000 -9999.000000 -9999.000000 -9999.000000 -9999.000000 -9999.000000 -9999.000000 -9999.000000 -9999.000000 -9999.000000 -9999.000000 -9999.000000 -9999.000000 -9999.000000 -9999.000000 -9999.000000 -9999.000000 0.028343 0.026039 0.138023 0.177295 0.195657 0.199027 0.017372 0.215615 0.196139 0.034386 0.017372 0.027474 0.040626 0.046592 0.052101 0.023842 0.023034 0.027672 1.130552
-9999.000000 -9999.000000 -9999.000000 -9999.000000 -9999.000000 -9999.000000 -9999.000000 -9999.000000 -9999.000000 -9999.000000 -9999.000000 -9999.000000 -9999.000000 -9999.000000 -9999.000000 -9999.000000 -9999.000000 -9999.000000 -9999.000000 -9999.000000 -9999.000000 -9999.000000 -9999.000000 -9999.000000 -9999.000000 -9999.000000 -9999.000000 -9999.000000 -9999.000000 -9999.000000 -9999.000000 -9999.000000 -9999.000000 -9999.000000 -9999.000000 -9999.000000 -9999.000000 -9999.000000 -9999.000000 -9999.000000 0.025612 0.032616 0.040214 0.148948 0.179833 0.230492 0.017372 0.287498 0.259753 0.039527 0.017372 0.034065 0.385359 0.412164 0.406759 0.030113 0.030052 0.030327 0.156461
-9999.000000 -9999.000000 -9999.000000 -9999.000000 -9999.000000 -9999.000000 -9999.000000 -9999.000000 -9999.000000 -9999.000000 -9999.000000 -9999.000000 -9999.000000 -9999.000000 -9999.000000 -9999.000000 -9999.000000 -9999.000000 -9999.000000 -9999.000000 -9999.000000 -9999.000000 -9999.000000 -9999.000000 -9999.000000 -9999.000000 -9999.000000 -9999.000000 -9999.000000 -9999.000000 -9999.000000 -9999.000000 -9999.000000 -9999.000000 -9999.000000 -9999.000000 -9999.000000 -9999.000000 -9999.000000 -9999.000000 -9999.000000 0.038733 0.043435 0.032463 0.037972 0.273574 0.338601 0.303308 0.262794 0.045281 0.053582 0.032218 1.407189 1.419106 1.423964 0.208240 0.101784 0.207406 0.169182
