use_cases/Flooding_chicago/flooding_data/output/h_1320.asc
ncols 337
nrows 393
xllcorner 428428.000000
yllcorner 4602440.000000
cellsize 26.757400
NODATA_value -9999.000000
[rows 162 to 188 of 393, columns 118 to 176 of 337]
0.416189 0.033094 0.023506 0.022942 0.029945 0.086440 0.075712 0.903223 0.063021 0.017372 0.051155 0.031228 0.034300 0.204468 3.358438 3.369077 3.363881 3.415612 2.332218 1.009122 0.891392 0.175598 0.078074 0.160626 0.242772 0.403208 0.466157 0.518920 0.535100 0.422935 0.429494 0.071457 0.579398 2.708974 2.667462 2.676166 1.450626 0.116290 0.100244 0.141869 0.069879 0.046913 0.031975 0.020803 0.038521 0.038124 0.065537 0.121528 0.197578 0.113685 0.041085 0.049370 0.026803 0.039101 0.048927 0.443031 0.221916 0.062142 0.058175
0.352913 0.019309 0.027366 0.023566 0.037315 0.093372 0.084272 0.892486 0.020134 0.017372 0.034935 0.041498 0.064260 0.257559 3.391823 3.390275 2.397213 0.277907 0.036022 0.037402 0.039399 0.032250 0.047325 0.070295 0.071572 0.103084 0.113707 0.226553 0.199523 0.164313 0.045769 0.085184 0.076261 2.620395 2.622881 0.388450 0.043450 0.052573 0.072823 0.155275 0.084099 0.041191 0.026238 0.019310 0.029732 0.037178 0.098276 0.145315 0.163230 0.043922 0.043923 0.053713 0.037772 0.038627 0.045555 0.406547 0.431419 0.050942 0.051461
0.225062 0.029381 0.039619 0.039574 0.036034 0.031425 0.024879 0.044136 0.045387 0.037650 0.034188 0.042106 0.038370 0.308021 3.443780 3.399072 1.219260 0.036119 0.031635 0.032875 0.025704 0.025704 0.055900 0.069782 0.068207 0.102862 0.182608 0.225914 0.215388 0.112084 0.061160 0.066308 0.049251 0.500456 0.271197 0.083621 0.033425 0.029320 0.021263 0.234580 0.101719 0.043630 0.025322 0.014396 0.019310 0.056693 0.119211 0.142784 0.105139 0.039696 0.036583 0.043173 0.037163 0.046120 0.044197 0.420819 0.447407 0.061028 0.064011
0.181248 0.089121 0.068274 0.064351 0.038048 0.024468 0.023385 0.034782 0.039203 0.059041 0.043827 0.326906 1.394323 1.361022 3.414689 4.395391 2.246224 0.021538 0.021109 0.020180 0.017372 0.017372 0.085167 0.033134 0.030530 0.105373 0.177227 0.283271 0.282113 0.126748 0.056618 0.055292 0.039823 0.390541 0.355111 0.140998 0.020195 0.017967 0.021034 0.141502 0.134696 0.095726 0.095589 0.058404 0.062294 0.076469 0.147805 0.118347 0.076180 0.049720 0.022911 0.038826 0.039513 0.066200 0.041466 0.523903 0.550270 0.090324 0.053749
0.127407 1.367906 1.365327 0.260571 0.050980 0.037038 0.022055 0.046181 0.043219 0.338028 1.431111 1.445283 2.423380 3.383135 3.400358 2.377444 0.242839 0.250925 0.233227 0.178612 0.141745 0.165947 0.043755 0.045372 0.027794 0.027794 0.216766 0.339584 0.363892 0.029595 0.028953 0.041710 0.038826 0.373923 0.505897 0.289146 0.060478 0.031822 0.017967 0.185585 0.078224 0.130867 0.095161 0.052392 0.058434 0.051521 0.126351 0.070702 0.092614 0.052345 0.026405 0.038790 0.055732 0.086831 0.797288 0.485982 0.382028 0.059747 0.062064
0.371228 2.473837 2.478895 2.485406 2.507253 0.323133 0.028808 0.033213 0.412961 0.413747 0.449337 1.458850 1.425919 3.421788 3.409334 0.270923 0.091734 0.118171 0.119268 0.081215 0.038659 0.064491 0.076928 0.029137 0.022591 0.022591 0.035640 0.531283 0.532854 0.047328 0.024833 0.025398 0.044960 0.324898 0.458886 0.543373 0.588845 0.072257 0.105567 0.156595 0.054874 0.070961 0.103462 0.037620 0.050941 0.027149 0.074634 0.084113 0.116691 0.076928 0.049324 0.035821 0.063133 0.111053 0.725424 0.236383 0.058378 0.052955 0.046897
0.457704 1.459332 2.461860 3.472684 3.507879 2.473178 1.364440 0.386235 0.437556 0.439678 0.461823 1.479575 1.441573 3.412863 0.305506 0.080824 0.068261 0.121391 0.204709 0.154609 0.046349 0.034691 0.044930 0.034432 0.022591 0.022591 0.035104 1.704939 1.703146 0.050509 0.030830 0.032738 0.040276 0.078598 0.635002 0.669595 0.633459 0.166405 0.093438 0.052497 0.055718 0.047829 0.058555 0.035743 0.031944 0.040688 0.052894 0.038566 0.082680 0.063011 0.065360 0.051599 0.053184 0.045403 0.277122 0.378684 0.095270 0.068901 0.040017
1.466105 2.481454 2.481835 3.496781 3.510555 3.492211 3.515058 1.490785 1.475145 2.513665 2.501194 3.501049 3.396790 1.184108 0.188874 0.186499 0.221000 0.114632 0.172407 1.313516 0.035729 0.033179 0.054437 0.024361 0.277871 0.021782 0.693394 1.673046 1.675930 0.039062 0.026655 0.035026 0.061455 0.127053 0.591349 0.619286 0.607889 0.215149 0.130272 0.095213 0.083561 0.070662 0.049644 0.048652 0.026619 0.020439 0.049309 0.034172 0.067650 0.048195 0.035667 0.053536 0.044653 0.046838 0.213035 0.305565 0.091011 0.048529 0.035942
1.487985 5.494534 5.488772 4.489079 5.546125 5.494523 5.522937 3.474933 3.450432 2.485385 3.485581 4.480959 3.440893 0.286921 0.176560 0.180168 0.229803 0.276756 0.209312 1.314996 1.319190 0.042060 0.036384 0.018897 0.198617 0.142021 0.654616 1.656142 1.658326 0.590093 0.078972 0.030861 0.069436 0.160037 0.221267 0.246284 0.229285 0.247475 0.186330 0.135216 0.117609 0.104058 0.083604 0.059456 0.025458 0.018136 0.049689 0.035913 0.075691 0.020393 0.042595 0.035866 0.046303 0.091148 0.234490 0.308800 0.200387 0.040826 0.040723
4.445536 6.493116 6.470841 5.473814 5.461660 5.483659 5.498988 4.464419 3.440917 2.479700 2.484210 2.466259 1.341027 0.050969 0.046336 0.048808 0.078733 0.095771 0.195334 0.269142 2.363384 0.227251 0.095879 0.080529 0.027794 0.144875 0.657408 0.669715 0.568865 0.075356 0.038809 0.025337 0.055474 0.048454 0.191816 0.214744 0.176781 0.111064 0.193612 0.160358 0.137319 0.131369 0.115593 0.092903 0.068855 0.021965 0.022468 0.022484 0.021905 0.018287 0.029884 0.022331 0.034309 0.094095 0.140266 0.460563 0.082205 0.046120 0.026909
4.436524 5.463276 4.453249 3.446779 1.192185 2.441933 3.491315 3.460240 2.441991 1.436021 1.473731 1.455997 0.325404 0.036342 0.029441 0.029960 0.041389 0.045463 0.036537 0.021385 2.357331 1.263604 0.047287 0.036842 0.045281 0.038170 0.629770 0.595821 0.088814 0.041390 0.034982 0.038491 0.055154 0.051148 0.237602 0.254849 0.046273 0.063195 0.064005 0.094063 0.062721 0.078284 0.078418 0.131790 0.081216 0.079445 0.031747 0.044548 0.061805 0.058525 0.033348 0.061684 0.196235 0.155619 0.187916 0.185143 0.166726 0.054252 0.029288
4.473904 3.496307 1.285739 0.033476 0.019677 0.041549 1.426808 1.384595 0.297073 0.054539 0.370237 1.309036 0.367969 0.031307 0.026663 0.019600 0.028389 0.028389 0.019600 0.413384 1.324075 0.247994 0.050301 0.061729 0.030569 0.049842 0.176900 0.175058 0.099317 0.046791 0.035820 0.038835 0.044563 0.063561 0.149092 0.137795 0.065132 0.050869 0.048149 0.065959 0.072563 0.052213 0.047127 0.073861 0.055107 0.096138 0.108711 0.125694 0.044166 0.043267 0.075004 0.077873 0.077050 0.086722 0.052513 0.161400 0.167702 0.058477 0.038963
2.467951 1.274326 0.042480 0.017372 0.017372 0.029080 0.844865 0.050506 0.052199 0.093198 0.128204 0.548231 0.515001 0.062044 0.051689 0.035505 0.023903 0.023903 0.051705 1.437631 0.262275 0.069893 0.063453 0.039421 0.051201 0.032784 0.140556 0.176364 0.142053 0.035897 0.061012 0.069938 0.049400 0.054779 0.107720 0.081948 0.045647 0.038613 0.065300 0.069694 0.039513 0.061820 0.033013 0.049920 0.078087 0.112221 0.132682 0.144509 0.036583 0.036294 0.063026 0.118858 0.087868 0.057321 0.036720 0.044594 0.091758 0.027779 0.174965
1.255773 0.059078 0.047632 0.046373 0.046440 1.032422 2.042224 0.067455 0.014396 0.154371 0.135597 0.118394 0.820524 0.113187 0.037284 0.036278 0.031791 0.042899 0.052376 0.287176 0.117669 0.058768 0.054222 0.055321 0.038231 0.021233 0.037893 0.157328 0.280230 0.039649 0.072233 0.095055 0.043725 0.053963 0.104744 0.073433 0.039742 0.036842 0.054985 0.025186 0.032112 0.033501 0.036797 0.043114 0.052391 0.014396 0.112449 0.105337 0.026849 0.026771 0.078072 0.066261 0.027824 0.032173 0.029152 0.041558 0.055687 0.039177 0.245994
0.286302 0.065437 0.073506 0.048958 0.049096 1.009551 0.948170 0.150315 0.251037 0.239053 0.212828 1.230152 1.123105 0.197319 0.055944 0.060433 0.062904 0.070870 0.078895 0.062630 0.121019 0.052255 0.040778 0.046303 0.030327 0.020531 0.037864 0.032921 0.450391 0.528897 0.057339 0.103310 0.074349 0.108651 0.084586 0.031929 0.031578 0.017372 0.080314 0.024727 0.030586 0.026268 0.072548 0.072068 0.081016 0.031761 0.053428 0.111228 0.078056 0.040566 0.063409 0.070564 0.037696 0.014396 0.043144 0.041070 0.039924 0.038204 0.170527
0.106281 0.053109 0.037986 0.029151 0.029656 0.133026 0.913851 0.203695 1.356835 1.349531 2.293077 3.320557 3.305422 2.332647 1.288294 0.206390 0.074333 0.048338 0.032844 0.026801 0.140907 0.090722 0.059974 0.026664 0.041786 0.018439 0.029838 0.043282 0.420894 0.561529 0.074547 0.080955 0.095864 0.144294 0.128166 0.045646 0.039651 0.017372 0.057090 0.052777 0.049309 0.034111 0.069497 0.062249 0.052987 0.208789 0.035076 0.142771 0.899215 0.067322 0.059225 0.064064 0.048927 0.073555 0.052162 0.067375 0.043940 0.049811 0.125190
0.096917 0.109222 0.049781 0.042214 0.043831 0.171612 1.191997 1.245703 1.307713 2.337709 3.287000 5.308955 4.271519 2.317298 1.289455 0.247321 0.068824 0.043129 0.042519 0.054161 0.095530 0.151619 0.096138 0.108802 0.044761 0.022514 0.042106 0.051734 0.034570 0.557754 0.533566 0.135140 0.081140 0.126306 0.126167 0.059242 0.035209 0.027504 0.068169 0.052574 0.039422 0.295010 0.278390 1.302318 1.307381 1.266956 1.152833 2.211637 3.220904 2.216297 1.241382 0.042335 0.050163 0.021538 0.060967 0.066337 0.108899 0.147751 0.147927
0.119195 0.124473 0.050773 0.043144 0.048079 0.033104 1.190782 1.227029 2.356098 3.335929 4.290818 5.304489 4.270954 2.299498 1.149451 0.121339 0.036537 0.050147 0.054619 0.036339 0.031837 0.063637 0.093345 0.043206 0.059793 0.026314 0.018959 0.039787 0.465390 1.623008 0.515841 0.095762 0.034126 0.043220 0.054069 0.036110 0.036155 0.050951 0.282004 0.297341 1.374173 1.399018 1.378762 1.334629 0.247687 1.250210 2.217052 3.236306 4.247400 4.240833 2.205770 0.095427 0.054055 0.035256 0.032678 0.040352 0.044533 0.059333 0.065345
0.088707 0.090948 0.042915 0.029732 0.019310 0.035286 0.136477 1.219683 2.273565 4.301486 5.213315 4.290920 3.274425 0.279082 0.330340 0.235415 0.262094 0.042167 0.063027 0.048718 0.045449 0.042169 0.036338 0.039925 0.031624 0.019082 0.033272 0.033974 1.569894 0.572034 0.458598 0.040412 0.031090 0.023705 0.025536 0.064415 0.036415 0.045403 0.305631 1.383017 1.381075 1.399444 0.306930 0.032692 0.033015 1.250241 2.244693 4.230244 4.249506 3.245126 2.232958 0.085574 0.066384 0.045540 0.052390 0.034294 0.038018 0.085640 0.077538
0.584098 0.451970 0.029701 0.019310 0.014396 0.024361 0.038752 0.120516 1.095809 3.232246 4.270495 3.272631 2.254878 0.066221 0.124695 0.209671 0.206604 0.349272 0.268657 0.052788 0.047815 0.041802 0.031487 0.026619 0.039223 0.031761 0.036126 0.062740 0.540169 0.539260 0.042763 0.036949 0.040794 0.025537 0.035712 0.025536 0.054572 0.345528 0.340807 0.378290 0.348571 0.286326 0.047563 0.032677 0.030023 1.232088 2.264518 3.230185 3.238128 2.246104 0.157342 0.045723 0.037682 0.060753 0.062142 0.044868 0.056602 0.068001 0.054892
0.537711 0.505132 0.057636 0.036369 0.026849 0.023887 0.023976 0.037471 0.609074 1.119266 2.214118 1.286665 0.222172 0.067605 0.116412 0.164493 0.282161 0.360186 0.343550 0.161030 0.095072 0.034935 0.042106 0.024132 0.026618 0.039070 0.041618 0.042337 0.513347 0.536900 0.055491 0.038048 0.046379 0.070839 0.025536 0.023705 0.044349 0.385188 0.048118 0.095375 0.098670 0.093525 0.043372 0.055412 0.044868 0.056403 1.216949 3.266061 2.287620 0.185819 0.041140 0.045249 0.048424 0.067634 0.065957 0.047767 0.077453 0.056419 0.064050
0.525726 1.481233 0.047000 0.034828 0.026696 0.028069 0.083144 1.047682 0.947364 0.913289 0.087359 0.082442 0.043772 0.040614 0.062963 0.039300 0.235728 0.242987 0.254256 0.100386 0.154912 0.070947 0.037285 0.032143 0.023247 0.060524 0.041863 0.202629 0.323562 0.047813 0.072498 0.057091 0.032799 0.045418 0.035515 0.069527 0.039696 0.380070 0.022271 0.130447 0.152839 0.050759 0.074821 0.024909 0.024604 0.029029 0.033859 1.166260 2.290037 0.154693 0.047503 0.061439 0.053139 0.071257 0.065620 0.046533 0.041634 0.065696 0.063758
1.506121 1.491505 0.372630 0.070525 0.059133 0.088986 2.127984 2.133687 2.133352 1.040210 1.118960 0.093217 0.065652 0.057680 0.087315 0.042763 0.047661 0.049156 0.063497 0.060297 0.085722 0.098687 0.057045 0.037024 0.023858 0.061409 0.044167 0.405575 0.174425 0.042138 0.055762 0.041558 0.054406 0.043037 0.041481 0.039252 0.178596 0.034818 0.038704 0.052635 0.080956 0.082588 0.035728 0.031303 0.030251 0.030724 0.042852 0.103753 1.000066 0.976141 0.045141 0.020180 0.017372 0.017372 0.056909 0.036263 0.050376 0.040260 0.063300
1.507411 1.470835 0.358583 0.073924 0.067317 0.097276 2.112272 2.092933 2.104986 2.100259 2.131244 1.094049 0.082477 0.066648 0.053180 0.041772 0.051124 0.028871 0.017967 0.101928 0.111703 0.102232 0.045571 0.054515 0.021660 0.102347 0.132816 0.245076 0.191894 0.116204 0.057716 0.048459 0.051155 0.040810 0.065971 0.097298 0.112617 0.032341 0.039742 0.014396 0.120721 0.107997 0.049370 0.031364 0.025720 0.040156 0.033640 0.069148 0.977119 1.002122 0.054845 0.029945 0.040566 0.052345 0.027473 0.060158 0.042518 0.023538 0.027672
1.513183 1.482190 0.371194 0.053109 0.062609 0.085579 2.093040 1.098429 2.036183 2.037867 2.057175 1.039803 0.044890 0.052079 0.043759 0.058995 0.025704 0.017967 0.021034 0.075878 0.947168 0.937670 0.092854 0.037299 0.029793 0.122135 0.144572 0.215928 0.159569 0.163089 0.124178 0.042366 0.056446 0.031440 0.130228 0.071021 0.059578 0.068152 0.038185 0.066748 0.080062 0.028938 0.024146 0.030114 0.034386 0.057653 0.829961 0.839661 0.933340 0.925804 0.878119 0.034507 0.047172 0.038185 0.041099 0.041145 0.093208 0.023842 0.028145
1.501355 2.461216 1.399299 0.093437 0.050803 0.057253 0.912604 0.888429 0.830661 0.207948 0.965067 0.113161 0.071974 0.076128 0.050797 0.071441 0.025413 0.032921 0.028313 1.975000 2.984891 1.940133 0.079067 0.086475 0.027087 0.343514 0.438650 0.653380 0.698377 0.131701 1.154643 0.052208 0.054359 0.073738 0.113305 0.071373 0.060005 0.078835 0.057946 0.056345 0.043038 0.030784 0.023232 0.024452 0.050036 0.659278 1.857190 1.865459 1.886380 1.869300 0.879735 0.060126 0.082287 0.041863 0.054955 0.064917 0.076226 0.020425 0.046363
0.330065 2.446699 2.389671 0.074379 0.030220 0.029930 0.346182 0.463203 0.467772 0.427938 0.282297 0.078337 0.049326 0.096981 0.050879 0.069238 0.074924 0.069109 1.986618 3.013751 2.998554 1.924581 1.056184 1.058015 1.067297 0.912088 0.322917 0.024270 0.042291 0.090168 0.113282 0.083377 0.097688 0.129310 0.135444 0.149864 0.216835 0.096107 0.056449 0.062904 0.049218 0.046272 0.028161 0.028571 0.467325 0.598198 0.770736 0.792346 1.917126 1.894809 1.881247 0.814103 0.784916 0.696279 0.058936 0.087920 0.131161 0.036690 0.037071
