use_cases/Flooding_chicago/flooding_data/output/h_1320.asc
ncols 337
nrows 393
xllcorner 428428.000000
yllcorner 4602440.000000
cellsize 26.757400
NODATA_value -9999.000000
[rows 189 to 215 of 393, columns 177 to 235 of 337]
0.064902 0.052972 0.032051 0.034157 0.036675 0.140291 0.135448 1.013567 1.011966 2.050467 1.013214 0.048820 0.061135 0.033501 0.057839 0.019249 0.079797 0.030296 0.027932 0.055092 0.060864 0.024224 0.033806 0.422612 0.479204 0.479477 0.029976 0.030510 0.017372 0.081230 0.067200 0.025214 0.041328 0.045526 0.066979 0.055259 0.228652 0.217180 0.291620 0.942883 2.039510 3.078113 4.068516 2.054358 0.077561 0.028526 0.038627 0.035134 0.030312 0.034202 0.029778 0.124712 0.594252 1.606083 1.648538 0.083527 0.110422 0.049706 0.045448
0.045876 0.034631 0.050667 0.042640 0.179501 0.198755 0.176515 2.125835 2.135903 2.098528 0.961748 0.100577 0.046042 0.062844 0.019081 0.026878 0.086509 0.029777 0.023811 0.025383 0.043862 0.035454 0.050376 0.337447 1.506420 0.516681 0.508165 0.070224 0.064318 0.032082 0.036954 0.037111 0.062751 0.058066 0.086281 0.079735 0.210925 0.160678 0.269939 0.938800 2.030771 4.061105 5.060359 2.059016 0.079367 0.024810 0.068825 0.760901 0.904057 0.740228 0.573141 0.284593 0.712441 0.538069 0.548760 0.046768 0.038689 0.062248 0.062111
0.104401 0.055691 0.055628 0.112260 0.205369 0.223488 0.192838 2.036895 3.119506 2.104911 1.049235 0.128233 0.131788 0.059822 0.050133 0.025382 0.029350 0.035469 0.025459 0.017967 0.021034 0.026955 0.029594 0.346495 1.529208 1.517405 0.440456 0.079918 0.064278 0.050745 0.028756 0.027672 0.061139 0.059334 0.087181 0.082142 0.140226 0.246202 0.214659 0.966570 2.006144 3.027280 3.034243 2.045438 1.039157 0.957668 2.060926 3.063438 2.039625 0.708566 0.527747 1.011214 0.973154 0.093821 0.043253 0.032219 0.028342 0.017372 0.025703
0.092062 0.142268 0.276663 0.197462 0.223750 1.064803 1.122550 2.087288 3.105977 2.088029 0.079925 0.080947 0.075830 0.075980 0.034356 0.048958 0.034568 0.184807 0.049568 0.032402 0.017967 0.026115 0.029304 0.311237 0.445278 0.487517 0.040443 0.034537 0.037766 0.020409 0.018089 0.021660 0.033928 0.032035 0.040840 0.035653 0.085595 0.153201 0.995939 1.077108 0.054582 1.098428 2.045181 2.067302 2.084939 3.096584 3.081216 3.079228 2.050608 0.052133 0.045281 0.135212 0.106802 0.044854 0.038146 0.048908 0.026207 0.017372 0.025703
0.097524 0.049878 0.071535 0.046716 0.166573 2.088742 2.131896 2.094196 2.117831 3.114273 0.045601 0.077721 0.146080 0.101814 0.145912 0.025245 0.135439 0.111396 0.035455 0.030265 0.038369 0.031135 0.036689 0.224644 0.330760 0.030113 0.030587 0.046425 0.047340 0.053124 0.034065 0.021660 0.018089 0.020409 0.029280 0.023353 0.060732 0.112430 1.016002 1.074658 0.065566 1.092192 1.036897 2.027995 2.039358 3.078084 2.071939 2.077765 2.024781 0.085131 0.090309 0.073863 0.067004 0.028334 0.044372 0.044469 0.055171 0.020180 0.035824
0.088907 0.014396 0.053169 0.072427 0.174711 0.930977 1.081710 1.036576 2.098822 3.056985 0.097924 0.091617 0.073511 0.128272 0.151253 0.156274 0.134851 0.385032 0.040352 0.032280 0.031456 0.040032 0.036930 0.420313 0.174358 0.025062 0.014396 0.029915 0.077125 0.072563 0.034141 0.027199 0.026192 0.036158 0.029641 0.036812 0.055978 0.124651 0.108471 1.067878 1.097677 1.091467 0.063007 0.079329 1.115749 2.128829 2.086187 2.109319 2.087924 2.157239 2.142447 1.117765 0.099670 0.024764 0.028030 0.971230 0.910034 0.854523 0.876662
0.073488 0.097675 0.094049 0.064720 0.085305 0.048536 0.138934 0.133034 1.144563 3.092598 0.073741 0.051324 0.104470 0.148383 0.162010 0.026115 0.025643 0.303854 0.203435 0.144325 0.072135 0.097618 0.089989 0.326587 0.089186 0.039207 0.019310 0.037361 0.072945 0.078632 0.067591 0.032066 0.029778 0.048591 0.044060 0.060021 0.063210 0.150923 0.143904 0.116478 1.085659 1.105613 0.028761 0.035942 0.029395 0.093122 1.100706 2.110482 3.124855 4.157484 3.150229 3.127243 1.151044 0.107795 0.103815 1.993834 3.041070 3.056931 2.038496
0.072331 0.098610 0.093529 0.105369 0.063592 0.037422 0.036599 0.117569 1.139688 3.101508 0.046425 0.031898 0.018563 0.172005 0.176200 0.034752 0.033150 0.302069 0.229776 0.158806 0.173013 0.129629 0.126000 0.621841 0.084767 0.036736 0.028939 0.030013 0.117715 0.099831 0.108298 0.024696 0.051353 0.040820 0.045556 0.041358 0.045989 0.206276 0.017372 0.142283 0.151743 1.144073 0.038431 0.048029 0.042667 0.023181 0.113441 1.041242 2.093459 4.148040 4.150682 4.128215 3.172836 1.139888 1.149893 3.028424 4.048424 3.076403 2.044938
0.018959 0.026085 0.037727 0.121803 0.028740 0.019782 0.043572 0.134562 1.058270 3.033427 0.123015 0.047951 0.024163 0.031821 0.035851 0.043876 0.035393 0.033088 0.149985 0.125910 0.161507 0.117989 0.118997 0.594883 0.498681 0.044701 0.036599 0.059181 0.071984 0.150231 0.063332 0.037865 0.065423 0.044810 0.057517 0.045768 0.186087 0.229406 0.017372 0.181562 1.236834 2.248620 1.261683 1.241258 1.244676 0.194351 0.168132 0.168473 1.077121 3.117632 4.127218 4.662437 4.169601 3.148775 3.162903 3.084517 3.074102 0.978648 0.036319
-9999.000000 0.038566 0.042596 0.029961 0.049660 0.056908 0.062798 0.112542 0.225599 0.718971 0.162115 0.035835 0.043480 0.026756 0.033562 0.035408 0.027992 0.030753 0.101371 0.082572 0.115668 0.091835 0.095649 0.487832 0.430796 0.046682 0.049482 0.033805 0.074699 0.221548 0.221320 0.028892 0.063927 0.056968 0.072514 0.076820 0.190831 0.219054 0.209674 1.233336 1.228099 2.202361 3.246494 3.245956 3.232225 3.243004 2.218299 2.247905 1.145503 2.121695 3.087030 4.112739 4.155266 3.140612 3.147740 3.090956 0.872639 0.030924 0.023781
-9999.000000 0.048683 0.025246 0.027092 0.059689 0.061700 0.069192 0.218963 0.223396 0.126933 0.094576 0.054177 0.043541 0.032204 0.041618 0.035257 0.058235 0.053475 0.052908 0.102577 0.068567 0.066277 0.055763 0.281674 0.671548 0.074778 0.056068 0.034203 0.039909 0.172065 0.142831 0.069405 0.079780 0.055372 0.075523 0.056663 0.197267 1.198738 2.241106 2.246680 3.241629 3.251072 4.251133 3.238674 3.235675 4.208284 4.233047 3.248113 2.194990 2.168202 2.157631 3.078059 3.155008 2.133811 2.143269 2.145111 0.115284 0.041229 0.023018
-9999.000000 0.020455 0.031563 0.014396 0.028191 0.029732 0.065804 0.293975 0.328326 0.028114 0.026986 0.047920 0.094933 0.034919 0.045540 0.036125 0.063961 0.030897 0.083259 0.077561 0.057953 0.060370 0.061500 0.317309 0.437714 0.321818 0.051124 0.063142 0.085884 0.140246 0.126381 0.071113 0.087008 0.063738 0.246319 0.268138 0.243444 1.161964 3.202640 3.239427 4.221741 4.251636 4.240374 4.243062 4.237499 4.235235 5.210237 5.251704 4.248384 3.245445 2.166705 2.148758 2.178135 1.094434 1.022786 2.030343 1.062738 0.038271 0.028572
-9999.000000 -9999.000000 0.040444 0.021019 0.029808 0.040336 0.040901 0.162453 0.181102 0.042717 0.020438 0.049172 0.183208 0.183604 0.124410 0.196148 0.139598 0.040214 0.063211 0.063833 0.062676 0.068489 0.119725 0.583640 0.661542 0.167045 0.098671 0.072033 0.057152 0.153699 0.113168 0.281458 0.272138 1.258534 1.325515 1.303256 1.281448 2.145532 3.206769 3.242513 4.215360 4.245319 4.230975 4.239249 4.237052 4.237231 5.213366 5.253598 4.233549 3.225529 2.180090 2.162943 1.173748 0.133027 0.023797 0.087791 0.101637 0.174070 0.171663
-9999.000000 0.045433 0.035057 0.019889 0.075661 0.050225 0.054421 0.225519 0.268986 0.024788 0.031457 0.030357 0.031631 0.217928 0.186104 0.271589 0.205880 0.211297 0.214933 0.045783 0.063838 0.252896 0.189366 0.585405 0.567261 0.365302 0.189812 0.455197 0.332306 2.340208 2.371634 2.385477 2.387337 3.370535 3.420536 1.300379 1.268607 2.103808 3.177161 3.242616 4.204168 4.254713 3.230615 4.210052 4.239536 4.242841 4.245163 3.261643 2.238566 2.239425 2.201441 1.058850 0.046586 0.025871 0.027702 0.052300 0.033394 0.040443 0.164265
-9999.000000 0.081766 0.137947 0.034187 0.058372 0.044349 0.051994 0.269917 0.291465 0.024559 0.014396 0.025192 0.029808 0.266462 0.017372 0.031182 0.111902 0.638662 0.728668 0.619369 0.552545 0.396252 0.219660 0.498883 0.437802 0.294738 1.537690 1.573727 2.212857 3.371203 3.431135 3.415096 3.411154 3.398360 3.398582 3.438705 2.332075 2.249517 2.259853 3.178904 3.254645 3.269256 2.219997 2.235634 3.218616 3.242952 4.229496 3.260537 2.229213 2.234054 1.215365 0.148484 0.032890 0.033653 0.042274 0.036279 0.030159 0.045556 0.038306
-9999.000000 0.020637 0.195381 0.177452 0.041023 0.037239 0.040427 0.252252 1.351494 0.334281 0.019310 0.031120 0.181950 0.275545 0.017372 0.047118 0.062860 0.683426 0.787036 0.723190 0.609098 0.383204 0.447691 0.377992 0.769192 1.573551 1.635563 1.558624 2.102558 3.338740 3.416283 3.404052 3.400101 3.389309 3.385727 3.381395 3.399444 2.282755 2.249914 2.259361 3.240961 2.307461 1.245501 1.246472 2.178875 3.214986 4.190550 3.257485 1.105373 1.067187 1.152601 0.023476 0.033272 0.027809 0.036049 0.038108 0.014396 0.026849 0.026696
0.020637 0.033470 0.024896 0.197959 0.028389 0.027215 0.287557 1.319290 1.336449 0.267639 0.147292 0.225671 1.245448 0.234696 0.162592 0.078683 0.295948 0.690217 0.807531 0.024713 0.023476 0.187492 0.257429 0.821493 0.867321 2.620720 1.646099 1.491913 1.406511 2.346793 2.408352 2.403808 2.406835 2.393887 2.384321 2.350030 2.323337 2.302055 1.237458 1.242460 2.248712 3.280666 1.238890 1.236106 1.233654 1.241709 2.239506 2.245166 0.029156 0.033522 0.025812 0.146375 0.038585 0.050028 0.055901 0.038704 0.024361 0.023887 0.028069
0.033623 0.024896 0.023460 0.117822 0.067070 0.040704 0.291331 1.312601 0.281149 0.019310 0.106347 0.250948 0.248928 1.217167 0.124841 0.103472 0.355480 0.350258 0.014396 0.032539 0.025138 0.094597 0.824279 0.873210 1.807565 1.750900 1.673841 0.447171 0.351636 1.320371 1.343647 1.381969 2.400725 2.391560 2.390060 1.380613 1.338609 0.242062 0.198219 0.202706 2.225131 3.239187 1.224185 0.218245 0.224405 0.227992 0.192571 0.021263 0.021034 0.017967 0.027337 0.096596 0.690561 0.666026 0.718437 0.069387 0.050438 0.022225 0.050926
0.064307 0.058083 0.061287 0.465742 0.449412 0.359295 0.334969 0.024543 0.020989 0.014396 0.021005 0.019570 0.190438 0.183124 0.244589 0.406372 0.259048 0.154750 0.189496 0.107968 0.935953 0.992718 1.927519 1.953688 1.889595 1.882185 0.763729 0.064345 0.038728 0.427185 0.446256 1.389669 2.414375 3.421819 3.424471 2.428243 0.371392 0.018211 0.022315 0.179998 1.239590 2.211840 1.227611 0.214069 0.219257 0.216049 0.208735 0.205961 0.017967 0.028871 0.055431 0.900467 2.942567 2.943109 0.852225 0.084577 0.050285 0.057228 0.051430
0.047142 0.019294 0.078026 0.049233 0.032280 0.331445 0.331551 0.025352 0.033348 0.025827 0.035956 0.059930 0.203938 0.185922 0.244914 0.414096 0.300381 0.164926 0.190794 0.827829 1.914483 1.967120 1.935432 1.931258 1.858134 1.848441 0.032612 0.017372 0.017372 0.431532 0.454574 0.444889 1.363991 2.406887 3.421679 3.427383 1.418072 0.327526 0.023687 0.192320 1.264761 1.271720 0.194971 0.198110 0.181306 0.206635 0.207566 0.205121 0.020378 0.096271 0.899662 1.976461 3.964341 2.985771 0.871078 0.081173 0.045615 0.059746 0.037621
-9999.000000 0.027672 0.027153 0.017372 0.038323 0.244201 1.285459 1.317802 0.173197 0.190045 1.157300 0.091164 0.249980 0.199076 0.304942 0.165960 0.201578 0.400191 0.246333 0.808340 1.765355 1.802655 1.773718 1.780262 0.748621 0.881161 0.933671 0.048353 0.051706 0.442813 0.472421 0.458473 0.441412 1.350339 3.392826 4.407478 3.420885 1.372039 0.029300 0.023644 1.276837 1.283433 0.029625 0.020209 0.035454 0.167929 0.204144 0.195046 0.150966 0.144555 0.926426 1.980056 3.965670 2.988376 0.866419 0.073355 0.037864 0.041786 0.071191
-9999.000000 0.019295 0.055519 0.017372 0.037285 0.204978 1.296180 1.319938 0.182475 0.253365 0.167968 0.377730 0.323496 0.266891 0.172454 0.097559 0.178069 0.090195 0.151165 0.174746 0.450669 0.446158 0.408193 0.353868 0.230460 0.893778 0.902864 0.891997 0.738568 0.551960 0.501544 0.466500 0.439940 0.439544 1.447138 3.393240 3.396931 1.338608 0.543235 0.020024 1.208504 1.277018 0.039710 0.030984 0.032494 0.060108 0.046106 0.192185 0.165258 0.145669 0.073445 1.951087 2.967696 1.985871 0.877725 0.066140 0.027473 0.028679 0.582459
-9999.000000 -9999.000000 0.052300 0.025063 0.026360 0.183618 0.025490 0.027001 0.115413 0.195094 0.128931 0.375604 0.346462 0.293595 0.216794 0.110094 0.177724 0.090692 0.093219 0.326584 0.322172 0.309570 0.319865 0.302859 0.211343 0.761948 0.784084 0.793942 0.118254 0.136211 0.103677 0.078076 0.399648 0.412088 1.445801 2.447718 2.412743 1.316784 0.562913 0.690474 0.462733 1.191448 0.033470 0.031258 0.053200 0.041617 0.079413 0.041329 0.093726 0.984942 1.015692 0.983372 1.945325 1.997816 0.865325 0.847459 0.830331 0.801147 1.619104
-9999.000000 -9999.000000 -9999.000000 0.099968 0.147326 0.105435 0.032615 0.039803 0.028724 0.120427 0.406688 0.395624 0.363077 0.306405 0.208655 0.225458 0.175286 0.223122 0.565622 0.493630 0.460081 0.437909 0.453318 0.436729 0.316346 0.308003 0.210495 0.201285 0.136399 0.144683 0.096926 0.138126 0.319287 1.399001 2.459189 2.449395 1.389213 0.499979 0.561035 0.651434 0.540202 0.330200 0.356968 0.088676 0.049949 0.052909 0.034386 0.034676 1.957456 1.993239 0.978530 0.953269 0.918593 0.921790 1.754897 2.857664 1.833062 1.809010 2.719887
-9999.000000 -9999.000000 -9999.000000 0.102864 0.137993 0.077767 0.027017 0.034049 0.033821 0.040306 0.036430 0.260861 0.310817 0.311108 0.026512 0.137278 0.188623 0.250185 0.158302 0.431157 0.419961 0.420466 1.518913 1.592088 1.470394 0.239739 0.159614 0.144011 0.207261 0.187341 0.124903 0.130460 0.254569 1.387725 2.369600 2.405930 0.371322 0.464628 0.512311 0.711086 0.640052 0.033455 0.027535 0.035957 0.038551 0.030036 0.045600 0.225152 0.845242 0.822778 0.920362 0.152017 0.077542 0.822070 1.747609 1.832732 2.734519 2.788011 2.747804
-9999.000000 -9999.000000 -9999.000000 -9999.000000 0.020103 0.014396 0.130425 0.105095 0.035362 0.020134 0.028756 0.032830 0.086128 0.031030 0.055018 0.112024 0.274319 0.036231 0.081824 0.059975 0.044670 0.033623 0.590584 1.616372 0.470990 0.115864 0.069406 0.076044 0.172196 0.136346 0.096372 0.057167 0.022759 0.033790 0.368453 0.352867 0.107788 0.135797 0.105978 0.750410 0.628159 0.021019 0.033638 0.019082 0.026314 0.022514 0.018439 0.160326 0.136596 0.064138 0.143848 0.280562 0.788328 1.836666 1.765831 1.801649 1.797723 1.786666 2.710996
-9999.000000 -9999.000000 -9999.000000 -9999.000000 -9999.000000 0.044167 0.079963 0.067238 0.027794 0.017372 0.017372 0.019798 0.048713 0.068016 0.044625 0.062950 0.076317 0.082985 0.058647 0.042839 0.023781 0.049065 0.591257 1.644602 0.512693 0.119853 0.092738 0.107526 0.235497 0.184994 0.119847 0.027046 0.031166 0.040856 0.578417 0.082899 0.129656 0.147816 0.125231 0.646917 0.660128 0.886030 0.912649 0.104333 0.018959 0.125793 0.088593 0.178075 0.158553 0.027848 0.055281 0.360507 0.640314 1.525385 0.520131 0.541636 0.555181 0.613871 1.644765
