use_cases/Flooding_chicago/flooding_data/output/h_1380.asc
ncols 337
nrows 393
xllcorner 428428.000000
yllcorner 4602440.000000
cellsize 26.757400
NODATA_value -9999.000000
[rows 297 to 323 of 393, columns 59 to 117 of 337]
1.114557 1.199986 1.339254 2.284244 2.327164 3.339495 1.343129 1.323407 0.323758 0.081426 0.106872 0.083610 1.635676 0.590624 0.658488 0.671732 0.654670 0.656432 0.661493 0.037553 0.022056 0.023659 0.051566 0.034675 0.056404 0.070156 0.981857 1.000379 0.788292 1.736906 1.803963 0.797811 0.770151 0.751472 1.725119 1.732705 0.714565 0.704302 0.057175 0.032310 0.042549 0.040260 0.100506 0.066353 0.099856 0.751494 0.815885 0.831724 0.761606 0.698072 1.668202 1.688448 1.692227 1.706204 1.683680 0.638300 0.154924 0.222735 0.025536
2.289212 2.302508 3.265621 3.288949 3.288105 2.327423 2.288567 1.319838 0.277989 0.082451 0.110853 0.103945 0.072595 0.060425 0.063631 0.036580 0.637743 0.628910 0.025337 0.049599 0.018165 0.035423 0.039941 0.458827 0.033515 0.037819 0.030556 0.075059 0.709578 1.759663 1.814508 0.809154 0.771176 1.732025 1.736510 1.743456 0.726655 0.710674 0.087338 0.045462 0.059700 0.057000 0.034905 0.058846 0.065184 0.736424 1.861859 0.864010 0.039879 0.037556 0.659335 0.659140 0.687758 1.714487 0.658761 0.168390 0.216941 0.270307 0.315053
1.353571 2.373689 3.384563 3.382713 3.370081 2.373212 1.347885 0.257790 0.046117 0.036965 0.045448 0.045577 0.039921 0.028313 0.065219 0.596414 0.621234 0.615960 0.618097 0.041017 0.041545 0.064206 0.429003 0.459819 0.463295 0.024330 0.024330 0.035440 0.052678 1.756353 1.793910 0.021887 0.734202 1.730253 2.738308 1.728554 1.735230 0.716969 0.033318 0.056739 0.067940 0.017372 0.041465 0.048837 0.048178 0.756278 1.858201 0.853775 0.046130 0.066265 0.077695 0.080900 0.685058 1.697002 0.673957 0.173501 0.236881 0.306781 1.389367
0.285633 1.295945 1.172603 1.153433 1.156689 1.284963 0.240794 0.030815 0.046486 0.060646 0.064064 0.063912 0.014396 0.032219 0.063997 0.042984 0.600211 0.597012 0.616667 0.040444 0.039436 0.072075 0.459499 0.462704 0.473124 0.029564 0.029564 0.046873 0.093642 1.760074 1.808153 0.026504 0.737789 1.737429 2.733804 1.739803 1.721755 0.061012 0.030677 0.045983 0.061637 0.017372 0.040382 0.046333 1.825896 1.822937 1.835087 0.809942 0.827089 0.067194 0.083065 0.078303 0.043603 0.766423 0.722667 0.101094 0.017372 0.324137 1.382147
0.245531 0.199021 0.914235 0.894663 0.851393 0.150804 0.030479 0.036155 0.014396 0.065048 0.061209 0.049888 0.042428 0.028969 0.061931 0.037046 0.560010 0.548158 0.029762 0.047538 0.041084 0.090813 0.047096 0.437951 0.449736 0.024330 0.024330 0.046012 0.146938 0.648429 1.771457 1.770549 1.785571 1.761750 1.753463 1.769316 0.739889 0.097133 0.111497 0.118026 0.035866 0.038603 0.029687 0.047539 1.772460 1.764406 0.750286 0.065256 0.076136 0.091076 0.092926 0.084813 0.053257 0.781737 0.745507 0.057931 0.017372 0.349824 1.406413
0.206505 0.136267 1.067127 2.098973 1.134162 0.144916 0.030723 0.029077 0.040001 0.044611 0.036813 0.074692 0.053345 0.045191 0.037163 0.417666 1.286361 0.464481 0.029701 0.046745 0.046406 0.029107 0.045238 0.351155 1.442259 0.032875 0.041566 0.040888 0.255978 0.230073 0.720156 2.754285 2.785146 2.775451 1.746725 1.761627 0.727477 0.093593 0.094705 0.079098 0.059165 0.051949 0.063612 0.051550 0.097605 0.076315 0.033851 0.018943 0.047432 0.036720 0.025474 0.019204 0.043072 0.815224 0.816022 0.848268 0.209163 1.348797 1.372382
0.120348 0.209486 2.227041 2.271878 1.253025 1.162187 0.143836 0.046586 0.035027 0.047447 0.037331 0.210169 0.223060 0.310080 0.353929 1.399136 2.405664 1.374980 0.279134 0.030803 0.035469 0.026588 0.033150 1.398744 1.424637 0.304661 0.294842 1.367196 1.372525 0.287903 0.725196 2.742116 2.759351 2.758081 2.747709 1.763427 0.718351 0.080492 0.066477 0.445314 0.427567 0.388168 0.037911 0.020424 0.031548 0.036156 0.038078 0.025322 0.061959 0.035713 0.079183 0.049926 0.815520 0.784945 0.761852 0.787356 0.203979 0.284277 0.307196
0.084023 1.256316 2.308135 2.295714 1.268562 1.206492 1.225726 0.143799 0.075647 0.154052 0.211839 1.295134 1.278012 0.353086 0.363335 1.420843 1.446646 1.421218 0.234457 0.133039 0.077371 0.381366 0.394305 1.393259 1.413184 1.380709 2.371549 3.391519 3.395699 1.385426 0.208449 0.584041 0.583266 1.715710 1.715640 0.671793 0.677701 0.053569 0.052034 0.445313 0.446242 0.423266 0.378073 0.032902 0.029320 0.017372 0.017372 0.086606 0.060481 0.803442 0.820765 0.808413 0.800005 0.057958 0.097910 0.151169 0.231978 0.257108 0.024926
0.266549 1.281126 2.310550 2.303458 1.274705 1.231697 1.254931 1.140622 0.382890 0.166799 0.242617 1.320097 0.224774 0.026894 0.014396 0.034813 0.026084 0.205763 0.436521 0.413850 0.332839 1.400550 1.419708 1.393368 1.425195 2.339979 3.380569 3.389508 2.375097 2.388261 0.307015 0.029550 0.029663 0.065499 0.676787 0.648228 0.657263 0.046394 0.049202 0.416239 0.436225 0.386857 0.366773 0.267357 0.035500 0.025703 0.025703 0.081801 0.059258 0.073035 0.856122 0.046093 0.063585 0.080200 0.018501 0.023751 0.263351 0.272905 0.025841
1.232786 1.265697 2.301790 2.298166 1.247355 1.198538 1.243701 0.177690 0.054462 0.115226 0.157659 0.196043 0.020423 0.031426 0.037880 0.033776 0.025826 0.122888 0.412503 0.436073 1.417065 1.422840 1.426903 0.384151 0.405225 1.394375 3.387291 2.396753 1.386620 1.390174 0.329150 0.024330 0.024330 0.031812 0.035279 0.548397 0.577303 0.047269 0.061509 0.042811 0.032040 0.318350 1.336788 1.351622 0.231561 0.207498 0.046227 0.067511 0.062217 0.046639 0.046318 0.017967 0.026116 0.089810 0.123579 0.031364 0.034461 0.037025 0.048866
1.247149 2.251973 2.288929 2.284684 1.197671 1.142559 0.172475 0.155205 0.026501 0.196179 0.218862 0.095198 0.062063 0.053133 0.035747 0.140815 0.037447 0.069279 0.388902 0.401769 0.409636 0.393024 0.397195 0.027076 0.024254 0.366568 1.384563 1.387715 1.386055 1.387545 0.333484 0.029564 0.029564 0.030983 0.314478 0.440259 0.470184 0.048412 0.072984 0.018959 0.045422 0.260728 1.352526 0.305438 0.226175 0.211101 0.038291 0.048196 0.047463 0.045554 0.017967 0.021033 0.026954 0.065898 0.089934 0.026146 0.031563 0.027306 -9999.000000
1.233428 2.252968 2.281694 2.276966 1.114160 1.884944 0.850939 0.122778 0.064647 0.729535 0.724129 0.080420 0.061658 0.045710 0.956348 0.088255 0.102437 0.037831 0.354219 0.361769 0.371830 0.370567 0.029334 0.040199 0.026741 0.387750 0.388147 0.394219 1.381719 1.381726 0.327975 0.024330 0.024330 0.037300 0.248978 0.325190 0.325171 0.031829 0.019082 0.026313 0.022514 0.018440 0.020531 0.142402 -9999.000000 -9999.000000 -9999.000000 -9999.000000 -9999.000000 -9999.000000 -9999.000000 -9999.000000 -9999.000000 -9999.000000 -9999.000000 -9999.000000 -9999.000000 -9999.000000 -9999.000000
1.263587 2.276893 2.341687 2.330744 1.084257 1.898170 1.942643 0.880686 0.879569 1.915812 1.923361 0.042033 0.926742 0.923051 0.931475 0.064651 0.109144 0.022904 0.291998 0.299207 0.319429 0.331094 0.036262 0.038018 0.388166 0.385297 0.385085 0.390779 0.378945 0.371102 0.014396 0.042034 0.031624 -9999.000000 -9999.000000 -9999.000000 -9999.000000 -9999.000000 -9999.000000 -9999.000000 -9999.000000 -9999.000000 -9999.000000 -9999.000000 -9999.000000 -9999.000000 -9999.000000 -9999.000000 -9999.000000 -9999.000000 -9999.000000 -9999.000000 -9999.000000 -9999.000000 -9999.000000 -9999.000000 -9999.000000 -9999.000000 -9999.000000
0.218225 0.224440 0.250149 0.249316 0.982900 2.694484 2.893486 2.918742 2.939918 1.949278 1.959508 0.024361 0.958162 0.948052 1.966151 1.965049 0.900970 0.089296 1.126144 1.123331 0.223318 0.279378 0.040658 0.041054 1.398400 1.393209 0.381826 0.359578 0.369024 0.345053 0.019310 0.084219 0.047255 -9999.000000 -9999.000000 -9999.000000 -9999.000000 -9999.000000 -9999.000000 -9999.000000 -9999.000000 -9999.000000 -9999.000000 -9999.000000 -9999.000000 -9999.000000 -9999.000000 -9999.000000 -9999.000000 -9999.000000 -9999.000000 -9999.000000 -9999.000000 -9999.000000 -9999.000000 -9999.000000 -9999.000000 -9999.000000 -9999.000000
0.171092 0.193839 0.206976 0.017372 0.037862 3.857393 2.944486 2.957424 2.962369 1.955968 1.954763 0.941895 0.958433 0.953300 1.986946 1.969432 1.937276 0.946929 1.123429 1.129226 1.007197 0.217323 0.048606 0.048210 1.396581 1.395729 0.375320 0.024284 0.023399 0.232933 0.150171 0.101161 -9999.000000 -9999.000000 -9999.000000 -9999.000000 -9999.000000 -9999.000000 -9999.000000 -9999.000000 -9999.000000 -9999.000000 -9999.000000 -9999.000000 -9999.000000 -9999.000000 -9999.000000 -9999.000000 -9999.000000 -9999.000000 -9999.000000 -9999.000000 -9999.000000 -9999.000000 -9999.000000 -9999.000000 -9999.000000 -9999.000000 -9999.000000
0.746094 0.690204 0.138338 0.017372 0.048608 3.906203 2.940605 1.935736 1.949228 0.932686 0.925707 0.941008 0.946373 0.940855 0.940625 0.960099 1.960540 0.888125 0.162778 0.123497 0.114718 0.041771 0.068825 0.050254 0.295300 0.284574 0.019310 0.014396 0.024284 0.171042 0.159548 0.087128 -9999.000000 -9999.000000 -9999.000000 -9999.000000 -9999.000000 -9999.000000 -9999.000000 -9999.000000 -9999.000000 -9999.000000 -9999.000000 -9999.000000 -9999.000000 -9999.000000 -9999.000000 -9999.000000 -9999.000000 -9999.000000 -9999.000000 -9999.000000 -9999.000000 -9999.000000 -9999.000000 -9999.000000 -9999.000000 -9999.000000 -9999.000000
2.808901 2.791056 0.750578 0.753194 2.825592 3.884173 2.928591 2.866750 0.922356 0.921365 0.902694 0.941334 0.947373 0.937249 0.930401 0.899001 0.895401 0.122391 0.206837 0.025947 0.050560 0.033195 0.044533 0.029136 0.038902 0.231206 0.238209 0.020192 0.107257 0.124122 0.090744 -9999.000000 -9999.000000 -9999.000000 -9999.000000 -9999.000000 -9999.000000 -9999.000000 -9999.000000 -9999.000000 -9999.000000 -9999.000000 -9999.000000 -9999.000000 -9999.000000 -9999.000000 -9999.000000 -9999.000000 -9999.000000 -9999.000000 -9999.000000 -9999.000000 -9999.000000 -9999.000000 -9999.000000 -9999.000000 -9999.000000 -9999.000000 -9999.000000
2.828771 2.806683 2.761659 1.780742 3.890062 2.875658 1.939656 2.905647 1.881855 0.910338 0.854608 0.054728 0.030174 0.035683 0.027504 0.130633 0.162223 0.014396 0.310629 0.304292 0.066202 0.048362 0.070823 0.021858 0.028558 0.176783 0.191499 0.102293 0.081305 0.069641 -9999.000000 -9999.000000 -9999.000000 -9999.000000 -9999.000000 -9999.000000 -9999.000000 -9999.000000 -9999.000000 -9999.000000 -9999.000000 -9999.000000 -9999.000000 -9999.000000 -9999.000000 -9999.000000 -9999.000000 -9999.000000 -9999.000000 -9999.000000 -9999.000000 -9999.000000 -9999.000000 -9999.000000 -9999.000000 -9999.000000 -9999.000000 -9999.000000 -9999.000000
2.815650 2.810924 2.782960 1.801977 2.856309 0.836768 0.907423 1.881199 0.840063 0.906304 0.840815 0.084973 0.042122 0.046760 0.033805 0.021157 0.197536 0.196678 0.025715 0.347201 0.075752 0.049613 0.029412 0.017372 0.032921 0.134576 0.140330 0.150785 -9999.000000 -9999.000000 -9999.000000 -9999.000000 -9999.000000 -9999.000000 -9999.000000 -9999.000000 -9999.000000 -9999.000000 -9999.000000 -9999.000000 -9999.000000 -9999.000000 -9999.000000 -9999.000000 -9999.000000 -9999.000000 -9999.000000 -9999.000000 -9999.000000 -9999.000000 -9999.000000 -9999.000000 -9999.000000 -9999.000000 -9999.000000 -9999.000000 -9999.000000 -9999.000000 -9999.000000
2.804096 2.795198 1.798249 1.764494 0.826421 0.787281 0.071253 0.060616 0.040557 0.888214 0.858774 0.071115 0.040978 0.041070 0.237823 0.231253 1.219117 0.148718 0.053032 0.034034 0.056130 0.070091 0.032799 0.017372 0.029609 0.022469 0.067233 0.103581 -9999.000000 -9999.000000 -9999.000000 -9999.000000 -9999.000000 -9999.000000 -9999.000000 -9999.000000 -9999.000000 -9999.000000 -9999.000000 -9999.000000 -9999.000000 -9999.000000 -9999.000000 -9999.000000 -9999.000000 -9999.000000 -9999.000000 -9999.000000 -9999.000000 -9999.000000 -9999.000000 -9999.000000 -9999.000000 -9999.000000 -9999.000000 -9999.000000 -9999.000000 -9999.000000 -9999.000000
2.804504 2.803369 1.802928 1.780542 0.841127 0.787284 0.097845 0.023781 0.025352 0.135891 0.039055 0.025597 0.028404 0.044533 0.214643 0.223279 1.221653 0.025337 0.026297 0.036004 0.018379 0.022300 0.024681 -9999.000000 -9999.000000 -9999.000000 -9999.000000 -9999.000000 -9999.000000 -9999.000000 -9999.000000 -9999.000000 -9999.000000 -9999.000000 -9999.000000 -9999.000000 -9999.000000 -9999.000000 -9999.000000 -9999.000000 -9999.000000 -9999.000000 -9999.000000 -9999.000000 -9999.000000 -9999.000000 -9999.000000 -9999.000000 -9999.000000 -9999.000000 -9999.000000 -9999.000000 -9999.000000 -9999.000000 -9999.000000 -9999.000000 -9999.000000 -9999.000000 -9999.000000
4.798142 3.803997 3.781332 2.711485 0.857971 0.772964 0.138662 0.026009 0.034905 0.046165 0.064506 0.017372 0.025703 0.048241 0.029336 0.141019 0.137345 0.014396 -9999.000000 -9999.000000 -9999.000000 -9999.000000 -9999.000000 -9999.000000 -9999.000000 -9999.000000 -9999.000000 -9999.000000 -9999.000000 -9999.000000 -9999.000000 -9999.000000 -9999.000000 -9999.000000 -9999.000000 -9999.000000 -9999.000000 -9999.000000 -9999.000000 -9999.000000 -9999.000000 -9999.000000 -9999.000000 -9999.000000 -9999.000000 -9999.000000 -9999.000000 -9999.000000 -9999.000000 -9999.000000 -9999.000000 -9999.000000 -9999.000000 -9999.000000 -9999.000000 -9999.000000 -9999.000000 -9999.000000 -9999.000000
5.790998 4.798905 4.783424 4.781720 0.049788 0.096175 0.159706 0.260671 0.240890 0.048553 0.020134 0.017372 0.025703 0.033759 0.043114 -9999.000000 -9999.000000 -9999.000000 -9999.000000 -9999.000000 -9999.000000 -9999.000000 -9999.000000 -9999.000000 -9999.000000 -9999.000000 -9999.000000 -9999.000000 -9999.000000 -9999.000000 -9999.000000 -9999.000000 -9999.000000 -9999.000000 -9999.000000 -9999.000000 -9999.000000 -9999.000000 -9999.000000 -9999.000000 -9999.000000 -9999.000000 -9999.000000 -9999.000000 -9999.000000 -9999.000000 -9999.000000 -9999.000000 -9999.000000 -9999.000000 -9999.000000 -9999.000000 -9999.000000 -9999.000000 -9999.000000 -9999.000000 -9999.000000 -9999.000000 -9999.000000
3.799340 4.789967 4.798427 4.790010 0.049416 0.042278 0.020180 0.054376 0.053063 0.070625 0.079704 0.027687 0.030113 -9999.000000 -9999.000000 -9999.000000 -9999.000000 -9999.000000 -9999.000000 -9999.000000 -9999.000000 -9999.000000 -9999.000000 -9999.000000 -9999.000000 -9999.000000 -9999.000000 -9999.000000 -9999.000000 -9999.000000 -9999.000000 -9999.000000 -9999.000000 -9999.000000 -9999.000000 -9999.000000 -9999.000000 -9999.000000 -9999.000000 -9999.000000 -9999.000000 -9999.000000 -9999.000000 -9999.000000 -9999.000000 -9999.000000 -9999.000000 -9999.000000 -9999.000000 -9999.000000 -9999.000000 -9999.000000 -9999.000000 -9999.000000 -9999.000000 -9999.000000 -9999.000000 -9999.000000 -9999.000000
1.805354 2.824004 3.796390 1.666453 0.052547 0.030633 0.017372 0.033210 0.020881 0.067635 0.048333 -9999.000000 -9999.000000 -9999.000000 -9999.000000 -9999.000000 -9999.000000 -9999.000000 -9999.000000 -9999.000000 -9999.000000 -9999.000000 -9999.000000 -9999.000000 -9999.000000 -9999.000000 -9999.000000 -9999.000000 -9999.000000 -9999.000000 -9999.000000 -9999.000000 -9999.000000 -9999.000000 -9999.000000 -9999.000000 -9999.000000 -9999.000000 -9999.000000 -9999.000000 -9999.000000 -9999.000000 -9999.000000 -9999.000000 -9999.000000 -9999.000000 -9999.000000 -9999.000000 -9999.000000 -9999.000000 -9999.000000 -9999.000000 -9999.000000 -9999.000000 -9999.000000 -9999.000000 -9999.000000 -9999.000000 -9999.000000
0.789792 0.772216 0.723807 0.121708 0.024376 0.046302 0.017372 0.027138 0.060417 0.048561 -9999.000000 -9999.000000 -9999.000000 -9999.000000 -9999.000000 -9999.000000 -9999.000000 -9999.000000 -9999.000000 -9999.000000 -9999.000000 -9999.000000 -9999.000000 -9999.000000 -9999.000000 -9999.000000 -9999.000000 -9999.000000 -9999.000000 -9999.000000 -9999.000000 -9999.000000 -9999.000000 -9999.000000 -9999.000000 -9999.000000 -9999.000000 -9999.000000 -9999.000000 -9999.000000 -9999.000000 -9999.000000 -9999.000000 -9999.000000 -9999.000000 -9999.000000 -9999.000000 -9999.000000 -9999.000000 -9999.000000 -9999.000000 -9999.000000 -9999.000000 -9999.000000 -9999.000000 -9999.000000 -9999.000000 -9999.000000 -9999.000000
0.769394 0.083592 0.142298 0.139320 0.055504 0.037850 0.038735 0.056741 0.039834 -9999.000000 -9999.000000 -9999.000000 -9999.000000 -9999.000000 -9999.000000 -9999.000000 -9999.000000 -9999.000000 -9999.000000 -9999.000000 -9999.000000 -9999.000000 -9999.000000 -9999.000000 -9999.000000 -9999.000000 -9999.000000 -9999.000000 -9999.000000 -9999.000000 -9999.000000 -9999.000000 -9999.000000 -9999.000000 -9999.000000 -9999.000000 -9999.000000 -9999.000000 -9999.000000 -9999.000000 -9999.000000 -9999.000000 -9999.000000 -9999.000000 -9999.000000 -9999.000000 -9999.000000 -9999.000000 -9999.000000 -9999.000000 -9999.000000 -9999.000000 -9999.000000 -9999.000000 -9999.000000 -9999.000000 -9999.000000 -9999.000000 -9999.000000
