use_cases/Flooding_chicago/flooding_data/output/h_1380.asc
ncols 337
nrows 393
xllcorner 428428.000000
yllcorner 4602440.000000
cellsize 26.757400
NODATA_value -9999.000000
[rows 216 to 242 of 393, columns 59 to 117 of 337]
1.601172 1.599971 0.620902 0.611170 0.610142 0.062640 0.024840 0.018683 0.409023 0.060581 0.027903 0.018272 0.022652 0.039848 0.447169 0.469101 0.045310 0.082139 0.033104 0.036278 0.027244 0.062360 0.273700 1.410923 0.408366 0.391085 0.366191 0.339912 0.264694 0.839398 0.853765 0.127220 0.114937 0.038948 0.054314 0.066094 0.020607 0.039820 0.113015 0.129309 0.144812 1.968423 2.996167 1.924198 1.961501 1.991236 1.964242 1.204221 0.950208 0.554567 0.529504 0.602560 0.080943 0.035521 0.058728 0.035243 0.063466 0.095381 0.099639
1.616084 1.608170 1.611492 0.027737 0.049183 0.085612 0.032425 0.654232 0.546066 0.124012 0.025877 0.033243 0.028955 0.437270 1.475326 1.452244 0.337193 0.055259 0.020761 0.080186 0.080643 0.063065 0.346365 1.406338 0.025078 0.025902 0.349824 0.343024 0.290703 0.038231 0.075038 0.194299 0.052377 0.048576 0.035622 0.048363 0.019860 0.033883 0.075920 0.070199 0.131502 0.815389 0.862774 0.207876 0.190753 0.930771 0.890762 1.048931 0.909719 0.440465 0.080856 0.025303 0.032774 0.040339 0.047993 0.060953 0.088286 0.115764 0.076696
2.626493 2.619350 2.611943 0.526020 0.040389 0.040009 0.055294 0.675929 0.148639 0.228524 0.292484 0.332272 0.370123 0.418260 1.466440 1.456699 0.395311 0.032936 0.624268 0.579733 0.095437 0.024895 0.023460 0.377158 0.031487 0.034218 0.363284 0.303485 0.033120 0.018745 0.120125 0.073070 0.074149 0.025124 0.031836 0.032525 0.029960 0.053780 0.099999 0.090508 0.048622 0.252437 0.327201 0.356914 0.373263 0.395307 0.399622 0.487820 0.519649 0.208469 0.157155 0.023529 0.024797 0.503531 0.495340 0.497152 0.481022 0.500751 0.095396
2.600489 3.614475 3.617049 2.622206 0.503995 0.065470 0.106373 0.142822 0.229820 0.283447 1.340710 0.374324 0.402319 0.421776 1.469834 1.458101 0.026799 0.034476 0.622844 0.618993 0.020637 0.033470 0.024895 0.032793 0.885334 0.041832 0.051260 0.052849 0.038079 0.023704 0.201348 0.022071 0.037453 0.025078 0.031670 0.031914 0.025993 0.079583 0.053260 0.040230 0.027413 0.089632 0.383419 0.434021 0.442619 0.419265 0.206336 0.304051 0.415442 0.413115 0.285188 0.413787 0.458807 1.525675 1.487183 0.535105 1.653882 0.488268 0.108032
2.596843 2.583716 3.560732 2.561400 0.495709 0.055003 0.094469 0.153218 0.220114 0.293777 1.345301 0.372432 0.403659 0.420995 1.467572 1.455998 0.032158 0.036934 0.625237 0.606299 0.044960 0.020637 0.062264 0.035145 1.899150 0.044899 0.066719 0.037054 0.026939 0.030647 0.236957 0.237313 0.034447 0.038887 0.036294 0.056359 0.042992 0.027275 0.023201 0.018623 0.026253 0.181683 0.164423 0.475118 0.462728 0.144163 0.266033 0.382177 0.553707 0.232794 0.365603 0.427171 0.464037 1.514360 0.503499 0.470322 0.062166 0.095183 0.111659
1.587054 1.570410 1.502328 1.420400 0.571007 0.194471 0.215571 0.089345 0.025490 0.025262 0.360541 0.361380 0.021040 0.018254 0.500669 0.493573 0.026207 0.014396 0.029837 0.546027 0.482046 0.475092 0.037035 0.870299 1.895270 0.796318 0.021568 0.021508 0.036659 0.032432 1.263200 0.221322 0.024680 0.068107 0.039328 0.111514 0.074089 0.294302 0.289906 0.287301 0.288189 0.280217 1.321023 0.206335 0.140764 0.055654 0.074856 0.138592 0.766606 0.324175 1.449772 0.453352 0.480123 0.522878 1.524937 0.392075 0.062389 0.033058 0.039941
0.599426 0.575866 0.721424 0.736258 0.650827 0.156888 0.027442 0.028923 0.017372 0.032448 0.336468 0.381766 0.017967 0.503767 0.498491 0.504345 0.496368 0.034641 0.035196 0.617571 2.620743 2.575876 1.462636 0.798564 0.798739 0.703327 0.154859 0.091667 0.026069 0.025352 0.236794 0.235802 0.018989 0.046898 0.110938 0.125419 0.083199 1.354467 1.353815 1.352204 1.351968 1.354145 1.330887 0.282847 0.054207 0.091585 0.014396 0.315070 0.307738 1.473830 1.451448 1.438018 0.479062 0.524383 1.517670 0.380932 0.088009 0.037513 0.053860
0.583917 0.058760 0.844462 0.815078 0.684368 0.213964 0.027428 0.028923 0.017372 0.027092 1.405530 1.369251 1.351100 1.438296 1.462080 1.516393 1.510348 1.531816 1.527665 1.567156 2.610488 2.571194 0.509229 0.109596 0.187329 0.184702 0.228945 0.121513 0.171649 0.189325 0.203821 0.014396 0.063777 0.129859 0.113892 0.091770 0.057969 2.365351 1.359601 1.357745 2.362597 2.361677 2.346615 0.327226 0.077316 0.142557 0.278323 0.330933 0.369588 1.460352 1.446923 1.433592 0.423849 0.027502 0.031277 0.454947 0.146073 0.168631 0.050321
0.014396 0.131260 0.943953 0.908688 0.258938 0.381135 0.442224 0.086320 0.146532 0.227035 1.380373 1.361558 1.315874 0.457980 0.476149 1.559455 1.529442 2.556148 1.536672 1.565922 1.600002 1.544552 0.080187 0.017372 0.240329 0.061089 0.104363 1.165953 0.173317 0.187599 0.186614 0.155052 0.094725 0.120535 0.255863 1.340616 1.362806 2.368786 1.362776 1.361501 2.363643 2.351521 2.329617 0.437295 0.559604 0.592085 0.256493 0.349794 0.396065 1.455873 1.437726 1.416871 0.380784 0.037748 0.023843 0.025491 0.192066 0.157283 0.047339
0.179859 0.161397 0.986667 0.915163 0.390388 0.514325 0.606188 1.698304 0.797955 1.098707 1.310339 1.319074 1.290408 0.359962 0.442152 1.530193 1.513956 2.533391 1.491951 0.529851 1.603411 0.520739 0.138738 0.017372 0.256426 0.078183 0.130312 1.161124 0.157585 0.018455 0.186699 0.161298 0.099800 0.116899 0.242899 1.342220 2.362298 1.364718 1.363409 1.362240 1.360243 1.340483 1.310280 0.437419 0.543223 0.561552 0.268013 0.374061 0.421365 0.463580 0.480191 0.487095 0.458255 0.031169 0.026183 0.035447 0.047618 0.052231 0.042251
0.205133 0.281614 0.307546 0.358050 0.479728 0.554769 0.644290 1.778516 0.732099 0.242894 0.318464 1.354305 0.040291 0.025597 0.028404 0.045713 0.455359 0.435557 0.033196 0.039440 0.037974 0.656290 0.222379 0.255400 0.223297 0.055907 0.017967 0.194452 0.195509 0.023567 0.030128 0.028633 0.081993 0.087652 0.232431 1.345058 2.364820 1.365998 1.365124 1.364240 1.361070 0.369822 0.373444 0.380759 0.099342 0.185321 0.298904 0.402528 1.443295 0.482839 0.507426 0.523127 0.527150 0.552933 0.124908 0.179701 0.049041 0.021935 0.037238
0.243479 0.341506 0.399541 0.447805 0.496487 0.524254 0.573935 0.596372 0.154794 0.268484 0.261570 0.031929 0.036279 0.017372 0.025703 0.038337 0.033713 0.092097 0.030708 0.035866 0.026115 0.252184 1.384804 0.249769 0.031212 0.017967 0.021033 0.203744 0.210762 0.225699 0.028145 0.042045 0.031091 0.039859 0.037992 1.346302 2.364890 2.366034 1.367712 1.366764 1.363552 0.371009 0.372719 0.336707 0.080956 0.034447 0.037346 0.441390 0.439587 0.501967 0.533088 0.553796 0.566317 0.587803 0.582798 0.206545 0.072278 0.149376 0.206862
0.275784 0.375682 0.437678 0.477024 1.505438 0.494212 0.523983 0.080221 0.162765 0.238049 0.231228 0.036614 0.035835 0.017372 0.025703 0.039925 0.041696 0.040306 0.047767 0.014396 0.025917 0.281555 1.391245 0.028679 0.045738 0.077476 0.107258 0.167534 0.208351 0.230980 0.244209 0.041191 0.043021 0.023202 0.022164 0.266796 3.362982 3.370672 3.372225 2.370851 1.367752 1.366547 0.313920 0.064262 0.118894 0.055351 0.068504 0.018165 0.057181 0.524118 0.555074 0.570777 0.576965 0.562188 0.194750 0.331259 0.531015 0.118915 0.213700
0.317994 0.417623 1.521955 1.531328 1.491051 0.395674 0.077080 0.040472 0.061954 0.082986 0.105935 0.019310 0.014396 0.047432 0.066358 0.303420 1.442211 0.033164 0.030053 0.331344 1.375604 1.389963 1.379695 0.019538 0.338593 1.347426 0.244071 0.099468 0.026023 0.034309 0.038659 0.049598 0.040658 0.043937 0.036515 0.279985 2.362472 3.371270 3.374608 2.373770 1.368733 1.370343 0.043846 0.043680 0.061867 0.079461 0.023751 0.022072 0.100471 0.066539 0.578512 0.584542 0.575003 0.024438 0.018837 0.025506 0.636638 0.659807 0.177537
0.404845 0.445372 0.472228 1.510614 1.475758 0.373299 0.134195 0.025536 0.048210 0.077662 0.128943 0.159243 0.028679 0.042901 0.028359 0.347053 0.382404 0.025184 0.340442 1.379511 1.379832 2.381676 1.372076 1.392244 2.383746 2.381315 1.352043 0.062059 0.025978 0.034158 0.038216 0.047401 0.038749 0.069643 0.237820 1.361238 1.369692 2.378545 2.376436 2.376144 1.372804 0.339034 0.031319 0.068076 0.085153 0.024650 0.028633 0.161162 0.137672 0.111953 0.586874 1.628690 1.608372 0.447068 0.072982 0.036417 0.033671 0.688974 0.111657
1.481136 1.486106 0.454269 0.388082 0.376859 0.131050 0.228936 0.116005 0.044746 0.019141 1.223808 1.220587 0.178172 0.028800 0.029518 0.019844 0.367975 0.023858 0.024833 0.325185 1.370507 1.364738 0.358033 1.392954 1.391695 2.394778 1.378175 0.364279 0.065346 0.092156 0.101376 0.030434 0.032463 0.064512 0.258599 1.355077 0.379168 1.375672 1.376357 1.374033 1.372586 1.367561 0.087153 0.071068 0.093797 0.027840 0.024727 0.163209 0.150128 0.121488 0.557998 1.595266 1.572816 0.419997 0.081756 0.047164 0.057480 0.057619 0.089580
1.463056 1.475671 0.472882 0.046501 0.087383 0.092612 0.184716 0.180260 0.044856 0.025215 1.217474 1.220329 0.219843 0.180495 0.147976 0.097469 0.313808 0.270796 0.032082 0.035691 0.039289 0.046621 0.040229 0.029655 0.353757 0.351069 0.349005 0.363990 0.054482 0.072411 0.067636 0.058129 0.020699 0.044625 0.323943 0.369593 0.373897 1.379879 1.379021 1.376464 1.375283 1.372127 0.083108 0.064431 0.097465 0.019417 0.171811 0.172353 0.160706 0.129407 0.071420 0.440494 0.046996 0.061648 0.038056 0.058446 0.056439 0.048069 0.047248
0.450369 0.457961 0.433289 0.038354 0.027855 0.028908 0.288740 0.248833 0.049904 0.036094 0.036324 0.034904 0.027153 0.167260 0.132266 0.085630 0.251323 0.214335 0.027717 0.036507 0.017372 0.017372 0.051292 0.037468 0.326161 0.322392 0.318527 0.029198 0.048286 0.041511 0.345027 0.312772 0.027209 0.028838 0.366540 0.373879 1.384846 1.385866 2.386805 2.379951 1.374375 0.282322 0.032829 0.026726 0.028938 0.154086 1.213337 0.193278 0.189417 0.021033 0.017967 0.070370 0.030772 0.040053 0.054463 0.014396 0.033398 0.092316 0.083934
0.106758 0.086464 0.066308 0.023796 0.023018 0.044654 0.315832 0.290772 0.054405 0.045616 0.017372 0.017372 0.032936 0.020821 0.093071 0.057006 0.130818 0.231742 0.183596 0.040364 0.047723 0.030403 0.037025 0.028678 0.287212 0.285117 0.281998 0.025307 0.029731 0.338824 1.409176 1.408276 0.386614 0.414257 1.394086 1.390611 1.387599 1.393518 1.392323 1.387455 1.373119 0.251900 0.044151 0.019309 0.046043 0.139000 1.217010 0.193514 0.180605 0.017967 0.094286 0.022884 0.041699 0.040300 0.051352 0.033303 0.105638 1.122299 1.114819
0.168922 0.132119 0.034249 0.028145 0.023674 0.061608 0.346549 0.044929 0.026558 0.014396 0.045234 0.033195 0.056435 0.045906 0.049260 0.069266 0.116784 0.593334 0.567688 0.047641 0.091475 0.049350 0.094326 0.145351 0.215556 1.224745 0.203730 0.106225 0.057507 1.402593 1.407172 1.406947 0.414928 0.407256 0.390632 0.351194 0.369175 1.392604 1.390972 1.387504 0.344643 0.281297 0.029518 0.027367 0.023506 0.041801 0.032405 0.150475 1.079743 2.095585 2.102569 2.109613 1.103673 0.084044 1.070182 0.082062 1.131444 1.122717 2.122644
0.199135 0.160786 0.047012 0.022972 0.095237 1.101754 0.082314 0.089048 0.024238 0.026617 0.049813 0.033363 0.078959 0.066375 0.076857 0.062086 0.068590 0.045723 0.452850 0.335268 0.083554 0.091834 0.117223 0.108360 0.165820 0.175557 0.139057 0.524332 0.509454 1.417020 1.428066 1.431703 1.439682 1.441845 0.399292 0.014396 0.366857 1.408490 2.407353 0.379652 0.032617 0.039466 0.028435 0.023567 0.022942 0.044487 0.046501 0.031410 1.084966 2.090509 3.097794 3.096469 3.093528 3.055423 3.083045 1.066027 0.122243 1.122905 1.120282
0.190294 0.043876 0.065803 0.018548 0.105017 0.102806 1.095721 0.090026 0.076537 0.041328 0.086337 0.087322 0.165778 1.165040 1.248805 1.250764 0.243656 1.284362 2.171413 2.246628 1.276327 2.291156 1.244351 0.068626 0.106404 0.115343 0.107514 0.057567 0.034589 1.424246 2.433591 2.426194 2.432799 2.425756 1.444257 0.391104 0.014396 1.406518 1.409622 1.411930 0.033546 0.042152 0.036065 0.028191 0.027992 0.198709 0.039591 0.036843 0.081180 1.097290 1.098910 1.104409 1.109720 2.087019 3.089462 1.094297 1.100140 1.106696 1.119063
0.049203 0.065986 0.014396 0.097541 0.099892 0.098640 0.092659 0.080865 0.051212 0.130662 0.095661 0.125470 1.231053 2.303147 1.285173 1.259773 1.321054 3.347696 4.319611 4.326136 4.335319 4.342092 4.337747 0.279301 0.120137 0.166970 0.054762 0.044386 0.030263 1.419405 1.419552 2.437806 2.432199 2.435086 2.441333 1.393878 0.484093 1.414290 2.431050 1.410106 0.437227 0.442007 0.160377 0.275286 0.260693 0.120032 0.042366 0.043419 0.028005 0.025429 0.029970 0.024431 0.087548 1.067928 1.083112 1.084657 1.097321 1.082010 0.091884
0.083136 0.073449 0.062034 0.070426 0.083442 0.086021 0.081488 0.060402 0.173134 0.158562 0.104098 0.114117 1.249566 1.290686 1.278145 0.216290 2.334660 3.323708 4.327588 3.332914 4.323301 4.328152 4.342848 4.341575 3.307785 2.306168 0.268564 0.119958 0.188491 1.377246 2.425736 2.413913 2.419851 2.421554 2.382113 0.458232 1.497986 2.417171 2.437126 2.445939 0.440074 0.422734 0.123329 0.035973 0.044532 0.030449 0.018135 0.030115 0.071615 0.059283 1.005093 0.988629 1.959473 0.970716 0.058412 0.017372 1.109535 1.104726 0.089602
0.026710 0.050376 0.092603 0.129823 0.047462 0.058460 0.063132 0.041634 0.146263 1.147761 0.103402 0.120633 0.184256 1.280516 1.290989 0.028843 2.357563 4.369000 4.345684 3.360365 3.354591 4.373636 5.388441 6.381913 6.338654 4.364453 3.343214 2.250731 1.148505 1.185723 2.425970 2.395993 2.404880 2.413509 2.429139 2.548172 1.468715 2.422635 2.419870 1.414295 0.332853 0.037793 0.029518 0.021965 0.022453 0.022453 0.021965 0.051431 1.980892 1.997382 2.000175 1.992572 2.999851 2.993249 0.977804 0.017372 0.075006 2.093710 0.993624
0.033622 0.037362 0.307110 1.378137 0.287677 0.061861 0.033774 0.175989 0.162499 1.150750 0.096231 0.117293 0.188922 1.313507 0.030163 0.017372 2.363654 5.370090 6.345593 5.319278 3.359946 4.382725 5.399879 5.377501 6.377323 5.387271 5.322729 3.272851 1.206299 1.175360 2.409305 3.410555 3.391700 3.393783 3.410861 3.496212 2.489339 1.435826 1.412211 0.326015 0.043419 0.039665 0.036934 0.018135 0.030449 0.064508 0.066715 0.985112 2.012115 2.018095 2.009078 2.994699 4.005651 4.998833 2.983090 0.060892 1.055714 2.107301 2.052542
0.056053 0.049653 0.340954 2.424442 2.436460 0.303673 0.021584 0.173409 0.160851 0.121437 0.070198 0.108701 0.263097 0.270333 0.044045 0.017372 1.271788 4.333679 6.345055 5.346718 4.335268 4.347570 4.356580 4.344668 3.340432 4.347795 5.329235 3.320089 1.245137 0.255807 1.385687 3.374912 3.370804 2.302649 2.249058 3.416722 2.466259 2.444736 0.436164 0.362590 0.029856 0.023415 0.025749 0.048123 1.993945 2.008373 2.002569 2.016420 0.981182 2.015326 2.999608 3.993075 6.000250 6.997234 2.963991 1.012521 1.046961 2.133669 2.066255
