use_cases/Flooding_chicago/flooding_data/output/h_1320.asc
ncols 337
nrows 393
xllcorner 428428.000000
yllcorner 4602440.000000
cellsize 26.757400
NODATA_value -9999.000000
[rows 135 to 161 of 393, columns 236 to 294 of 337]
0.081993 0.068198 0.023506 0.022942 0.061654 0.069649 0.135661 0.147620 0.147413 0.151810 0.059990 0.070555 0.052392 0.035789 0.043236 0.024590 0.056526 0.052208 0.020974 0.029456 0.022194 0.067728 0.078377 0.041008 0.061181 0.078269 0.027947 0.017372 0.028420 0.028130 0.034676 0.036263 0.231223 1.251517 2.161827 2.224594 1.011178 0.950977 0.139450 0.054301 0.060326 0.045265 0.037896 0.033897 0.041161 0.017372 0.020134 0.058982 0.046165 0.041344 -9999.000000 -9999.000000 -9999.000000 -9999.000000 -9999.000000 -9999.000000 -9999.000000 -9999.000000 -9999.000000
0.020820 0.019309 0.027366 0.023566 0.045739 0.024420 0.029243 0.210847 0.048230 0.062890 0.045250 0.045937 0.048606 0.037132 0.026482 0.036522 0.034478 0.030678 0.020226 0.026772 0.037938 0.359119 0.403452 0.096274 0.208077 0.070961 0.085594 0.031959 0.042627 0.032982 0.046135 0.043593 0.237307 1.237380 1.091734 1.139174 0.133641 0.114798 0.050494 0.044250 0.047958 0.055336 0.050320 0.039696 0.040214 0.017372 0.039879 0.094277 0.084191 0.044228 -9999.000000 -9999.000000 -9999.000000 -9999.000000 -9999.000000 -9999.000000 -9999.000000 -9999.000000 -9999.000000
0.032236 0.048502 0.023338 0.033030 0.065800 0.057523 0.033092 0.233909 0.072105 0.047400 0.033074 0.040459 0.029091 0.021421 0.027062 0.014396 0.035225 0.027017 0.033028 0.037423 0.278117 1.405143 1.418878 0.361728 0.032676 0.058937 0.057351 0.046653 0.050835 0.020684 0.034202 0.039206 0.312090 1.369286 0.333331 0.248164 0.040753 0.065635 0.082489 0.046149 0.049295 0.030922 0.052192 0.032447 0.028664 0.033913 0.028632 0.049370 0.075035 0.051567 -9999.000000 -9999.000000 -9999.000000 -9999.000000 -9999.000000 -9999.000000 -9999.000000 -9999.000000 -9999.000000
0.125346 0.037970 0.033367 0.133402 0.151241 0.179342 0.204596 0.173210 0.058892 0.052460 0.033577 0.041725 0.030447 0.038414 0.030831 0.035362 0.042320 0.032448 0.038445 0.275214 1.431966 2.427233 2.421265 0.364674 0.026878 0.033485 0.051079 0.275259 0.043786 0.039879 0.042030 0.030341 0.405581 1.409808 0.391431 0.031864 0.056450 0.080547 1.105914 0.040712 0.036186 0.043694 0.033746 0.043480 0.046614 0.037054 0.031178 0.050621 0.095557 0.062507 0.038459 -9999.000000 -9999.000000 -9999.000000 -9999.000000 -9999.000000 -9999.000000 -9999.000000 -9999.000000
1.224282 2.249883 2.239252 3.238814 2.221986 1.257015 1.221210 0.187051 0.103900 0.101584 0.217235 0.297317 0.280841 0.045052 0.039772 0.056314 0.062207 0.041906 0.276821 2.425701 3.441222 2.421010 2.420367 1.423815 0.389046 0.367874 0.323891 0.296746 0.180508 0.453726 0.477915 0.544655 2.537827 1.475623 0.438400 0.028239 0.043079 1.070671 3.083744 1.025704 0.085727 0.083405 0.044853 0.077507 0.028450 0.064558 0.049843 0.038735 0.076881 0.063149 0.259078 -9999.000000 -9999.000000 -9999.000000 -9999.000000 -9999.000000 -9999.000000 -9999.000000 -9999.000000
3.095671 4.238883 3.246234 3.236426 3.217774 1.245961 1.181705 0.225546 0.139120 0.149803 0.125310 0.024651 0.323274 0.278993 0.045662 0.045063 0.043861 0.049949 0.342531 2.417023 3.435014 2.422184 2.432942 1.421149 0.344427 0.313723 0.302125 0.255244 0.187234 0.581253 1.602010 1.598629 3.572987 2.564681 1.447678 0.821828 0.873398 2.007160 4.038283 2.985197 0.991409 0.109063 0.189281 0.068535 0.040031 0.081917 0.070305 0.045392 0.338635 0.342070 0.382995 -9999.000000 -9999.000000 -9999.000000 -9999.000000 -9999.000000 -9999.000000 -9999.000000 -9999.000000
2.228022 2.266374 0.154971 0.130458 0.129418 0.180499 0.090639 0.109879 0.101850 0.049141 0.042930 0.025627 0.027901 0.277266 0.264438 0.041863 0.041420 0.346492 0.391743 2.423396 3.429107 3.424748 1.411957 0.379312 0.028862 0.035194 0.035239 0.029122 0.121996 0.465340 1.553083 1.566763 2.483332 2.508265 0.364558 0.036132 0.048265 1.045446 2.969873 2.008015 0.083573 0.077095 0.029076 0.017372 0.056851 0.533353 1.693765 0.605831 0.498091 0.254618 0.171138 -9999.000000 -9999.000000 -9999.000000 -9999.000000 -9999.000000 -9999.000000 -9999.000000 -9999.000000
0.923095 0.040875 0.029060 0.021507 0.047372 0.102394 0.087457 0.041709 0.061638 0.049278 0.040656 0.023796 0.042594 0.044334 0.297656 0.330946 0.347323 1.445640 1.452085 2.431065 3.441357 2.430208 1.389910 0.116485 0.021110 0.017372 0.017372 0.021919 0.019844 0.481355 1.595261 1.604124 0.406101 0.044049 0.037361 0.024756 0.036046 0.208844 0.236437 0.041039 0.059336 0.020989 0.033684 0.017372 0.044442 1.670253 1.699507 1.712133 0.627133 0.032176 0.044029 -9999.000000 -9999.000000 -9999.000000 -9999.000000 -9999.000000 -9999.000000 -9999.000000 -9999.000000
0.166090 0.040336 0.018318 0.022896 0.059875 0.086432 0.073219 0.043007 0.054222 0.039176 0.045907 0.022453 0.021782 0.031104 0.282581 1.441876 1.457874 1.461696 1.452792 2.442624 3.448777 3.432787 1.361791 0.238341 0.309659 0.311516 0.049263 0.085960 0.237135 0.126625 1.584470 1.582621 0.055286 0.042420 0.024926 0.031151 0.024925 0.326005 0.020422 0.049901 0.033963 0.428980 0.432505 0.020180 0.598884 0.519097 0.504530 0.553349 0.568920 0.037574 0.030663 -9999.000000 -9999.000000 -9999.000000 -9999.000000 -9999.000000 -9999.000000 -9999.000000 -9999.000000
0.059019 0.062519 0.052163 0.025826 0.119988 0.091698 0.036688 0.040230 0.030357 0.032936 0.030236 0.040215 0.048942 0.045876 0.036076 1.444250 2.464641 1.463819 1.457379 2.431033 3.444743 3.438729 1.368275 0.207315 0.265486 0.304267 0.076789 0.039284 0.113120 0.080529 0.478983 0.058288 0.061583 0.073851 0.025840 0.036088 0.025840 0.470842 0.031314 0.025925 0.047136 0.368456 0.389626 0.345024 0.194941 0.127532 0.025886 0.053841 0.583603 0.047600 0.043313 -9999.000000 -9999.000000 -9999.000000 -9999.000000 -9999.000000 -9999.000000 -9999.000000 -9999.000000
0.078725 0.059440 0.057610 0.037407 0.045907 0.046959 0.032723 0.027826 0.029396 0.018028 0.037697 0.045112 0.061409 0.045327 0.428513 1.456260 2.464849 1.461700 1.456569 1.452268 2.450611 2.443166 0.327433 0.040063 0.067618 0.117913 0.143608 0.017372 0.114830 0.085232 0.148339 0.050466 0.046902 0.085773 0.115487 0.021355 0.574741 1.630645 1.624397 0.033426 0.027514 0.056903 0.058680 0.063697 0.069205 0.036827 0.034141 0.045265 0.041161 0.076881 0.059624 -9999.000000 -9999.000000 -9999.000000 -9999.000000 -9999.000000 -9999.000000 -9999.000000 -9999.000000
0.079933 0.099139 0.070884 0.037071 0.046822 0.049659 0.039696 0.028038 0.030175 0.021004 0.028282 0.032783 0.088571 0.070091 0.436174 1.465047 1.467515 1.464239 1.460417 1.456577 2.454658 1.378104 0.037099 0.023980 0.026345 0.185633 0.189048 0.017372 0.179924 0.151092 0.097389 0.031821 0.041618 0.031700 0.083538 0.476225 2.654828 3.661425 3.648978 0.556653 0.040861 0.031410 0.044517 0.043770 0.050453 0.022255 0.060251 0.033774 0.036125 0.031257 0.040932 -9999.000000 -9999.000000 -9999.000000 -9999.000000 -9999.000000 -9999.000000 -9999.000000 -9999.000000
0.139215 0.088478 0.103875 0.021613 0.446893 0.443950 0.036003 0.047035 0.033317 0.018028 0.033028 0.042609 0.080665 0.466090 0.463118 1.460843 1.465632 1.459822 2.479851 2.474748 2.457765 1.376864 0.055688 0.025948 0.036050 0.158761 0.171211 0.228386 1.223858 1.191766 0.053591 0.035880 0.024788 0.024560 0.033403 0.434462 2.679220 4.673383 3.655250 1.563996 0.030884 0.021919 0.036826 0.025887 0.033119 0.029625 0.037498 0.030587 0.033241 0.035743 -9999.000000 -9999.000000 -9999.000000 -9999.000000 -9999.000000 -9999.000000 -9999.000000 -9999.000000 -9999.000000
0.182154 0.167400 0.188513 0.294950 0.405404 0.396008 0.096505 0.068856 0.059883 0.028420 0.025917 0.042228 0.093254 0.083836 0.441668 0.428195 0.431323 0.426740 2.463547 2.461210 2.458881 1.412220 0.082939 0.078810 0.052956 0.022438 0.033103 0.187219 0.209236 0.155525 0.035942 0.020438 0.031457 0.014396 0.025246 0.027442 2.640979 4.644891 3.646548 2.626806 0.510567 0.035409 0.029016 0.028175 0.017372 0.017372 0.020180 0.035469 0.045387 -9999.000000 -9999.000000 -9999.000000 -9999.000000 -9999.000000 -9999.000000 -9999.000000 -9999.000000 -9999.000000 -9999.000000
0.103339 0.146964 0.155923 0.234918 0.049461 0.088280 0.116677 0.069679 0.059395 0.029039 0.036838 0.045738 0.056497 0.097386 0.074550 0.051949 0.037955 0.022407 2.490391 3.482343 2.466376 1.367146 0.072483 0.040291 0.071189 0.024467 0.025353 0.054511 0.064110 0.061195 0.065741 0.029731 0.039819 0.033531 0.025521 0.031503 2.614668 4.620985 3.637656 1.590167 0.586025 0.584533 0.087657 0.035062 0.025704 0.025703 0.035408 -9999.000000 -9999.000000 -9999.000000 -9999.000000 -9999.000000 -9999.000000 -9999.000000 -9999.000000 -9999.000000 -9999.000000 -9999.000000 -9999.000000
0.053931 0.036797 0.035923 0.024315 0.025932 0.035562 0.019692 0.027305 0.043495 0.049774 0.021919 0.038613 0.075615 0.049278 0.078636 0.050948 0.033447 0.488104 3.510700 4.491378 3.478247 1.311754 0.028501 0.021050 0.019997 0.029777 0.034675 0.021004 0.096138 0.080060 0.047600 0.352951 0.391759 0.299859 0.243236 1.576927 2.620197 2.648261 1.614879 0.490031 0.537045 0.063458 0.121309 0.162285 0.030540 0.030540 -9999.000000 -9999.000000 -9999.000000 -9999.000000 -9999.000000 -9999.000000 -9999.000000 -9999.000000 -9999.000000 -9999.000000 -9999.000000 -9999.000000 -9999.000000
0.039818 0.031685 0.019402 0.025932 0.068214 0.030097 0.044838 0.054237 0.063943 0.067390 0.030128 0.027596 0.044227 0.023414 0.053496 0.340081 1.456622 1.476110 3.453474 4.465605 3.465323 2.456458 0.033832 0.038505 0.047142 0.037839 0.020897 0.128318 0.114973 0.082070 0.452167 1.473418 0.446407 0.400951 0.293289 0.598884 1.663417 0.643818 0.070278 0.060157 0.064626 0.027061 0.022728 0.018485 -9999.000000 -9999.000000 -9999.000000 -9999.000000 -9999.000000 -9999.000000 -9999.000000 -9999.000000 -9999.000000 -9999.000000 -9999.000000 -9999.000000 -9999.000000 -9999.000000 -9999.000000
0.031685 0.024422 0.027748 0.053993 0.118844 0.115440 0.037907 0.052651 0.067054 0.100013 0.028832 0.032799 0.025139 0.036211 0.036850 0.362215 2.452569 3.466830 3.473125 3.472204 2.461038 1.344970 0.507824 0.025322 0.094139 0.062142 0.085319 0.121148 0.121574 0.095909 0.050514 0.491423 0.491340 0.027489 0.032830 0.025581 0.618522 0.070755 0.037107 0.062037 0.033897 0.030113 -9999.000000 -9999.000000 -9999.000000 -9999.000000 -9999.000000 -9999.000000 -9999.000000 -9999.000000 -9999.000000 -9999.000000 -9999.000000 -9999.000000 -9999.000000 -9999.000000 -9999.000000 -9999.000000 -9999.000000
0.019402 0.027748 0.024513 0.053631 0.092873 0.155528 0.044181 0.067499 0.091530 0.061790 0.046895 0.032708 0.036628 0.082216 0.327175 1.469135 2.452486 3.466732 3.475027 2.451667 1.431588 0.470000 0.515981 0.636559 0.469400 0.105155 0.087501 0.128823 0.140558 0.022942 0.023566 0.036915 0.500581 0.035378 0.040246 0.027168 0.125398 0.095283 0.046379 0.036460 0.059518 0.018089 -9999.000000 -9999.000000 -9999.000000 -9999.000000 -9999.000000 -9999.000000 -9999.000000 -9999.000000 -9999.000000 -9999.000000 -9999.000000 -9999.000000 -9999.000000 -9999.000000 -9999.000000 -9999.000000 -9999.000000
0.035728 0.039237 0.030919 0.059090 0.075965 0.522200 0.515857 0.064171 0.097863 0.049646 0.051474 0.037589 0.056266 0.109847 0.343883 1.436324 2.459103 2.469193 1.426353 0.505323 0.500167 0.023826 0.022826 0.686055 0.515763 0.104102 0.091362 0.136543 0.154396 0.023506 0.027366 0.057860 0.491365 0.036400 0.029045 0.079398 1.086094 0.078562 0.047630 0.044671 0.021660 0.021660 -9999.000000 -9999.000000 -9999.000000 -9999.000000 -9999.000000 -9999.000000 -9999.000000 -9999.000000 -9999.000000 -9999.000000 -9999.000000 -9999.000000 -9999.000000 -9999.000000 -9999.000000 -9999.000000 -9999.000000
0.094993 0.086613 0.077217 0.069756 0.039039 0.557291 0.518326 1.509012 1.523112 0.517666 0.520850 0.525500 0.031578 0.162477 0.355473 0.344822 1.411491 2.390535 0.509322 0.514537 0.515330 0.029532 0.023575 0.677627 0.512965 0.099450 0.095361 0.146707 1.177329 0.152711 0.019309 0.067042 0.048150 0.043449 0.118096 1.066740 2.086476 0.077883 0.051595 0.045112 0.018089 -9999.000000 -9999.000000 -9999.000000 -9999.000000 -9999.000000 -9999.000000 -9999.000000 -9999.000000 -9999.000000 -9999.000000 -9999.000000 -9999.000000 -9999.000000 -9999.000000 -9999.000000 -9999.000000 -9999.000000 -9999.000000
0.101950 0.083702 0.075967 0.075966 0.017372 0.026893 0.395699 1.523166 1.558769 0.531643 0.538777 0.014396 0.342670 0.289270 0.156268 0.106098 0.072136 0.527694 1.602629 1.594415 0.548889 0.565478 0.533786 0.061818 0.098512 0.104088 0.085837 0.135429 0.148155 0.175285 0.194297 0.027581 0.034751 0.020862 0.100137 2.070071 3.087468 0.082142 0.064654 0.041909 0.044198 -9999.000000 -9999.000000 -9999.000000 -9999.000000 -9999.000000 -9999.000000 -9999.000000 -9999.000000 -9999.000000 -9999.000000 -9999.000000 -9999.000000 -9999.000000 -9999.000000 -9999.000000 -9999.000000 -9999.000000 -9999.000000
0.056221 0.122574 0.107927 0.040566 0.017372 0.034172 0.346764 1.508346 1.544712 1.515315 1.524508 0.496456 0.399716 0.387283 0.025551 0.030144 0.024559 0.043830 2.611358 2.614313 2.620840 2.611944 0.488783 0.057661 0.043435 0.043724 0.063255 0.026404 0.033088 0.034904 0.036691 0.017372 0.017372 0.036239 0.843258 3.066008 3.121865 0.105955 0.074098 0.045296 0.045937 -9999.000000 -9999.000000 -9999.000000 -9999.000000 -9999.000000 -9999.000000 -9999.000000 -9999.000000 -9999.000000 -9999.000000 -9999.000000 -9999.000000 -9999.000000 -9999.000000 -9999.000000 -9999.000000 -9999.000000 -9999.000000
0.057536 0.151739 0.121359 0.128832 0.037086 0.036156 0.042412 0.517166 0.534084 0.491880 1.541809 0.524532 0.029725 0.025622 0.030568 0.031014 0.024805 0.053378 2.583562 3.599869 3.597992 2.592097 0.465019 0.060023 0.054635 0.049430 0.055412 0.030206 0.033119 0.033119 0.027626 0.051548 0.043563 1.040499 3.046467 3.058117 2.062139 0.048584 0.088393 0.024330 0.024330 -9999.000000 -9999.000000 -9999.000000 -9999.000000 -9999.000000 -9999.000000 -9999.000000 -9999.000000 -9999.000000 -9999.000000 -9999.000000 -9999.000000 -9999.000000 -9999.000000 -9999.000000 -9999.000000 -9999.000000 -9999.000000
0.075291 0.109913 0.251823 0.082484 0.029334 0.039405 0.026543 0.048874 0.031143 0.400238 0.424350 0.022647 0.023850 0.089360 0.085396 0.080767 0.067010 0.041328 1.514052 2.577376 2.567326 2.550819 0.471313 0.045559 0.043786 0.044578 0.045205 0.019921 0.048829 0.036201 0.073204 1.044889 1.047826 2.069003 3.009183 2.071187 1.049569 0.058140 0.040376 0.029564 0.029564 -9999.000000 -9999.000000 -9999.000000 -9999.000000 -9999.000000 -9999.000000 -9999.000000 -9999.000000 -9999.000000 -9999.000000 -9999.000000 -9999.000000 -9999.000000 -9999.000000 -9999.000000 -9999.000000 -9999.000000 -9999.000000
0.165171 1.217428 2.204621 1.206158 0.051346 0.026787 0.024147 0.041499 0.163024 0.236528 0.943258 0.022051 0.058081 0.987498 1.030922 1.005432 0.960166 0.941782 0.700299 1.589564 1.632762 1.630790 1.623548 0.508367 0.079651 0.033653 0.028770 0.026909 0.152011 0.113990 1.064551 1.065972 1.068766 1.056677 2.002761 1.041326 0.056333 0.036460 0.057563 0.024330 0.024330 0.023201 -9999.000000 -9999.000000 -9999.000000 -9999.000000 -9999.000000 -9999.000000 -9999.000000 -9999.000000 -9999.000000 -9999.000000 -9999.000000 -9999.000000 -9999.000000 -9999.000000 -9999.000000 -9999.000000 -9999.000000
2.240372 3.243508 3.236120 3.249659 1.139540 0.052522 0.045586 0.036790 0.112091 0.995308 2.077957 1.075992 1.077599 2.059877 2.089718 1.033792 0.988812 0.998511 0.025111 0.573913 0.587468 0.589048 1.585856 1.551961 0.094972 0.126644 0.094163 0.127303 0.146642 0.134192 1.068295 1.065090 1.066886 1.053406 0.054975 0.036578 0.029473 0.046877 0.051782 0.034264 0.097756 0.066492 -9999.000000 -9999.000000 -9999.000000 -9999.000000 -9999.000000 -9999.000000 -9999.000000 -9999.000000 -9999.000000 -9999.000000 -9999.000000 -9999.000000 -9999.000000 -9999.000000 -9999.000000 -9999.000000 -9999.000000
