use_cases/Flooding_chicago/flooding_data/output/h_1380.asc
ncols 337
nrows 393
xllcorner 428428.000000
yllcorner 4602440.000000
cellsize 26.757400
NODATA_value -9999.000000
[rows 270 to 296 of 393, columns 59 to 117 of 337]
0.093728 0.108894 0.115197 0.059868 0.033821 0.035835 0.086280 0.047142 0.223706 0.040275 0.022591 0.022591 0.060447 0.039484 1.120440 2.127131 2.118535 1.126891 0.092642 0.017372 0.032197 0.277150 0.164690 0.033485 0.025581 0.033958 0.042183 0.042976 0.072347 1.856431 1.873788 0.917111 1.932371 1.912500 0.128027 0.177342 0.206584 0.212380 0.209601 0.213554 0.049599 0.104179 0.113289 0.089455 0.206229 0.157963 0.079166 0.726671 0.716752 0.741771 1.872816 1.852477 1.817903 0.886527 0.910005 0.914988 0.921790 0.904945 0.971484
0.052910 0.055199 0.061104 0.082009 0.034111 0.034721 0.060845 1.331483 1.321131 0.295790 0.054257 0.071090 0.064976 0.057726 1.110976 3.128994 3.125116 2.132318 0.108394 0.017372 0.027703 0.349331 0.043747 0.025704 0.033257 0.026877 0.036553 0.043083 0.075742 0.804355 1.897593 1.969774 1.935792 2.914817 0.802442 0.178560 0.212734 0.217464 0.186257 0.027870 0.014396 0.147865 0.148019 0.138680 0.114129 0.100414 0.054539 0.074645 0.054032 0.040110 0.801201 0.795728 0.867966 0.877572 0.862289 0.064677 0.100425 0.165100 0.245147
0.076012 0.073553 0.076165 0.085259 0.032524 0.032708 0.049995 1.340805 1.337277 0.295317 0.048378 0.062853 0.050199 0.044273 1.105266 3.119324 3.118530 2.126284 0.105818 0.081416 0.556243 0.521124 0.076661 0.027397 0.041466 0.033227 0.032722 0.049645 0.047188 0.050995 0.718821 1.890909 1.916827 2.888610 1.680964 1.142412 1.157713 0.179126 0.027453 0.018028 0.169872 0.168225 0.170464 0.168587 0.163994 0.162788 0.024926 0.025841 0.049809 0.030123 0.233100 0.200966 0.898274 0.084180 0.077869 0.037575 0.041163 0.048255 0.372196
0.069283 0.057579 0.057275 0.062843 0.025383 0.025444 0.041207 1.339603 1.335200 0.292476 0.044008 0.049765 0.238817 0.215863 2.123426 2.129599 0.103646 0.100694 0.101201 0.088117 1.552131 0.517796 0.090382 0.154388 0.035301 0.027168 0.033364 0.033211 0.039956 0.052211 0.077676 0.111783 0.778114 0.805933 0.822052 1.001098 1.070424 0.253162 0.028291 0.021003 0.157162 1.181055 1.185644 0.184607 0.184273 0.185370 0.031150 0.036087 0.021354 0.027627 0.301247 0.314042 0.236428 0.176866 0.041847 0.064705 0.014396 0.090413 0.417228
0.043175 0.079689 0.070875 0.070456 0.068110 0.030586 0.028344 1.337883 1.332704 0.290295 0.045833 0.058564 0.045644 0.033610 1.115160 0.089615 0.024833 0.027946 0.019447 0.125802 0.553439 0.051749 0.027687 0.034874 0.036507 0.053169 0.080952 0.049919 0.058342 0.032952 0.098810 0.141046 0.241433 0.153620 0.161383 0.265496 1.384571 1.440471 0.471641 0.018028 0.165384 0.173010 0.181925 0.185663 0.188117 0.188804 0.024926 0.025841 0.035278 0.420929 1.453126 1.460473 0.336185 0.035249 0.025703 0.026909 0.196264 0.171823 0.118216
0.056477 0.080254 0.271561 0.273681 0.079186 0.102310 0.210692 1.344984 1.334702 0.286669 0.047799 0.061575 0.058372 0.048607 0.029828 0.025826 0.029457 0.025001 0.223960 0.208025 0.167074 0.020180 0.017372 0.017372 0.038902 0.036155 0.047432 0.054193 0.048654 0.188920 0.208262 0.161642 0.340825 0.020347 0.038962 0.291988 1.456801 2.548103 2.536574 0.067035 0.129574 0.156121 0.177073 0.036354 0.044441 0.032998 0.114730 0.081111 0.509627 0.492288 1.434588 1.425060 0.366608 0.047754 0.033302 0.039375 0.026909 0.202941 0.158275
0.088570 0.058052 0.306587 0.311219 0.271929 0.154752 0.152002 0.230676 0.243310 0.031394 0.052621 0.059106 0.054313 0.035636 0.228330 0.248687 1.280925 1.287171 1.281181 0.238376 0.227123 0.240325 0.027229 0.033026 0.028159 0.111198 0.072854 0.107402 0.138103 0.216259 1.284964 1.320972 0.218225 0.023582 0.041528 0.044874 2.540606 5.599144 4.575638 0.486069 0.079854 0.122436 0.036598 0.059288 0.065865 0.047173 0.113326 0.076924 0.529628 0.530150 0.023412 0.023796 0.486322 0.046471 0.031471 0.033272 0.025689 0.200983 0.048197
0.061439 0.170991 0.221541 0.239773 0.250912 0.109976 0.099413 0.162312 0.164116 0.028236 0.039757 0.042565 0.034463 0.549976 0.165503 0.238890 1.280467 1.281511 1.279148 0.242024 0.227214 0.232742 0.180928 0.156589 0.138047 0.069217 1.180934 0.133563 0.172286 0.216150 1.275728 1.309572 0.224506 0.022591 0.022591 0.032686 2.498517 5.562871 4.538208 1.585143 0.468080 0.090135 0.046089 0.068900 0.082238 0.018088 0.108351 0.070779 0.548512 0.560111 0.592188 0.599471 0.556743 0.050308 0.020333 0.149652 0.149448 0.169787 0.054237
0.082028 0.883338 0.956262 0.949475 0.175506 0.178607 0.085441 0.069848 0.194750 0.035341 0.051339 0.064278 0.041009 0.540792 0.102168 0.025642 0.030296 1.287083 1.282924 0.239900 0.028054 0.024803 0.202556 0.190829 0.151958 0.075239 1.182150 0.149995 0.077137 0.077837 0.055817 0.047331 0.046975 0.022591 0.022591 0.028378 1.359403 4.554094 4.587429 1.629100 0.504157 0.072864 0.037208 0.060982 0.021660 0.021660 0.029530 0.052164 0.495812 1.627352 2.636548 1.641721 1.646838 0.610098 0.089247 0.122173 0.118558 0.124411 0.049797
0.910772 0.951772 0.976286 0.976579 0.122865 0.146006 0.144422 0.165998 0.258914 0.240919 0.092271 0.034096 0.466767 0.470464 0.070210 0.030220 0.050697 0.052788 0.051704 0.047023 0.044533 0.028449 0.200868 0.197849 0.014396 0.094256 0.151067 0.153555 0.081139 0.079527 0.056930 0.050262 0.014396 0.038170 0.039153 0.052180 1.527117 3.573439 3.537219 1.586386 0.545400 0.074116 0.067082 0.035851 0.018088 0.040628 0.027976 0.057545 0.512124 1.616590 2.624719 2.628793 2.631008 2.630838 1.597963 0.614834 0.616719 0.068543 0.023506
0.966149 0.929925 0.968890 0.048323 0.098491 0.109220 0.091002 0.583892 0.210360 0.280856 0.122706 0.021690 0.470838 0.464790 0.065366 0.126372 0.053169 0.072973 0.071526 0.060540 0.036751 0.180534 0.180089 0.162904 0.113077 0.048257 0.054657 0.092797 0.120921 0.193208 0.149605 0.128863 0.019310 0.037987 0.037550 0.515952 2.567420 3.550501 3.524740 2.580599 1.601711 1.581409 0.442378 0.043857 0.021951 0.090357 0.090056 0.076851 0.586177 1.627158 1.626035 2.632624 3.633865 3.622989 2.627242 1.629566 0.626663 0.631573 0.022942
0.937102 0.853728 0.023744 0.043145 0.062499 0.058055 0.511698 0.559562 0.625301 0.132464 0.229334 0.310279 0.403555 1.426549 0.270971 0.097100 0.057091 1.079401 1.079308 0.055611 0.210850 0.177647 0.162148 0.139049 0.091369 0.108449 0.081734 0.107421 0.113074 0.138601 0.241139 0.167060 0.093658 0.054106 0.573602 0.563801 1.566203 1.582907 1.547880 2.594928 2.588506 2.601547 1.600675 0.509054 0.043341 0.089588 0.085564 0.604282 1.638492 1.630142 1.631535 1.632050 2.639145 2.628066 1.636741 0.601231 0.096393 0.105358 0.029670
0.021461 0.484921 0.268588 0.235355 0.245966 0.269926 0.390491 0.398959 0.107334 0.168219 0.259214 0.319010 0.366237 0.366367 0.039147 0.037682 0.021492 0.074944 0.071251 0.057301 0.027855 0.131512 0.109761 0.091740 0.059259 0.071804 0.095786 0.059423 0.111756 0.112084 0.178888 0.523588 0.525735 0.530871 0.577963 0.567715 1.568848 1.590244 0.594532 1.577811 1.566980 2.602735 2.612390 1.605226 0.534287 0.597287 0.605017 1.635816 1.624535 1.625077 1.623764 0.621232 2.636106 1.630107 0.610186 0.128330 0.157630 0.189146 0.236986
0.041485 0.714532 0.637498 0.712480 0.146889 0.151253 0.800539 0.212205 0.076818 0.022942 0.023567 0.326676 0.286062 0.033958 0.037697 0.027397 0.036330 0.021309 0.051873 0.037574 0.064782 0.076028 0.279396 0.185677 0.453709 0.031841 0.091811 0.049924 0.054663 0.052766 0.149404 0.488103 1.629841 1.662093 1.637067 1.632193 2.638681 1.633485 0.622006 0.043709 0.623346 1.594628 2.615407 2.622239 1.627231 1.636754 1.639168 2.638182 1.628245 1.626855 0.623661 0.029957 1.654741 2.656784 1.617728 0.145230 0.190657 0.246645 1.364583
0.725325 0.807360 1.773738 0.817578 0.777050 0.783571 1.803409 0.685485 0.022117 0.023506 0.027367 0.263664 0.204193 0.046151 0.050284 0.032539 0.033943 0.059826 0.053599 0.091814 0.125639 0.049462 0.031655 0.102433 0.358570 0.200017 0.111505 0.168649 0.081192 0.097574 0.093133 0.503525 1.605719 1.641379 1.627782 1.622250 2.602376 1.619661 1.629938 0.022490 0.629414 0.628485 1.631096 2.628409 1.643237 1.635608 2.642785 2.639051 1.633192 1.632775 0.640104 0.643755 1.648873 2.642696 1.630037 0.610168 0.166325 0.209580 1.382035
1.817714 1.794552 1.832049 1.817636 1.820379 1.822922 1.818908 0.714088 0.034588 0.039546 0.019309 0.128574 0.416868 0.047172 0.049971 0.031959 0.032356 0.047385 0.067513 0.246395 0.074498 0.036149 0.017967 0.032372 0.029885 0.327478 0.248749 0.161989 0.218450 0.129784 0.183147 0.123454 0.129308 0.081795 0.043818 1.595008 1.563341 1.589685 1.600129 0.672671 0.641385 1.649353 1.638823 1.639001 1.647173 1.639859 2.640438 2.640777 1.635581 1.634009 0.643003 0.643503 1.650628 2.640630 1.630484 1.646773 0.624750 0.623369 0.238293
0.812447 1.820550 1.826433 1.826733 1.832172 1.835452 1.837183 1.811211 0.827598 0.052017 0.097182 0.185216 0.281873 0.041252 0.036843 0.025185 0.025307 0.033349 0.046795 0.177516 0.137190 0.036828 0.021033 0.017967 0.037605 0.024971 0.135647 0.104394 0.173676 0.096863 0.216129 0.205457 0.022591 0.022591 0.047008 0.630039 0.654900 0.654786 0.658860 0.667676 0.653087 1.624374 1.620468 1.637169 1.645842 2.643341 2.641978 2.641568 2.643064 1.637899 1.648051 0.640324 1.642883 1.633575 0.647780 1.667664 1.648780 0.616401 0.232435
0.802179 1.813382 1.816193 1.819845 1.825885 1.830875 1.834278 1.806463 0.830028 0.817406 0.702723 0.195617 0.183842 0.032844 0.050270 0.049812 0.046883 0.035729 0.045357 0.424363 0.496925 0.043066 0.030048 0.020302 0.029137 0.041161 0.145692 0.158754 0.118556 0.275836 0.233679 0.220174 0.022591 0.022591 0.036368 0.630109 0.668236 0.673694 0.674956 0.680627 0.668678 0.670334 0.666733 1.633952 1.650942 1.637849 2.647061 2.643725 2.642499 3.654987 2.651637 1.644275 1.640318 0.645068 1.657963 2.667856 2.654021 1.564185 0.151265
0.748998 1.812024 2.789956 2.808319 2.823293 2.819250 1.837764 1.812387 1.816919 0.837715 0.777393 0.140280 0.105783 0.038765 0.046807 0.046498 0.037239 0.049247 0.461802 2.581491 2.599691 0.423751 0.039205 0.021142 0.042084 0.040730 0.569981 0.086487 0.067613 0.256329 0.208940 0.151610 0.107266 0.330607 0.670407 0.711996 0.712434 0.714490 1.733559 0.706929 0.687139 0.689226 0.695399 0.024247 0.029704 0.636419 2.640651 3.643367 3.641551 3.638925 2.640164 0.647980 0.648193 0.643028 0.653072 2.671439 2.658850 1.586449 0.142420
1.706029 2.790917 2.815372 2.813411 1.827623 1.825148 1.843667 1.803006 1.822241 1.805299 0.820889 0.766187 0.116620 0.035607 0.051803 0.044228 0.071207 0.509029 1.604528 3.579220 3.643116 1.568155 0.395586 0.252468 0.144162 1.633048 0.621846 0.053952 0.319794 0.271181 0.155482 0.815233 0.811229 0.466784 0.663480 0.700088 0.701111 0.722623 1.690970 1.720006 0.686892 0.693186 0.700715 0.024124 0.029277 0.631819 1.613003 2.632954 2.624025 2.626950 2.634188 0.642573 0.639881 0.018845 0.683127 1.691456 1.656703 0.518832 0.163232
2.708526 1.735308 1.760784 0.800574 0.786713 0.036185 0.036314 0.784991 1.807334 1.809909 1.805822 1.816882 0.743693 0.058054 0.065987 0.074987 0.073240 0.546320 1.581236 2.567454 1.613332 1.596682 0.404788 0.254691 0.726103 0.683308 1.533187 0.505202 0.392793 0.288632 0.917457 0.900108 0.916545 0.023736 0.096486 0.024544 0.023415 0.665205 0.653855 0.645996 0.665093 0.686526 0.691804 1.689798 1.688023 1.694310 0.665329 1.636605 1.648533 1.654678 2.652210 1.662218 1.657674 0.669620 0.660389 1.665083 1.662442 0.046929 0.088207
2.724661 1.685254 0.646169 0.036529 0.039350 0.036859 0.038093 0.750346 0.716414 1.777965 1.779179 0.712089 0.783745 0.736306 0.697184 0.050184 0.049922 0.549457 1.560635 0.034568 0.040274 0.450000 0.309414 0.809758 0.821135 0.686937 1.514863 1.594023 0.412890 0.316066 0.167373 0.918629 0.030479 0.044173 0.036857 0.031685 0.024956 0.288264 0.302351 0.253498 0.137140 0.688119 0.703522 0.695529 1.671741 1.689299 0.664537 0.660149 1.649632 1.656786 2.653654 1.657538 1.654872 0.664623 0.661837 1.666699 1.663963 0.038933 0.017967
2.730093 1.667235 0.579763 0.451920 0.428519 1.403355 0.043282 0.057237 0.044467 0.827807 0.827022 0.036513 0.043924 0.033349 0.681104 0.677600 0.668149 0.628407 0.627483 0.030129 0.045832 0.032097 0.221791 0.829577 0.943406 0.018028 0.362310 0.399286 0.334330 0.270891 0.146756 0.912705 0.037651 0.048699 0.037651 0.603627 0.605577 0.478599 0.418612 0.336716 0.163283 0.689070 0.710530 0.698515 0.690613 1.679412 0.670981 0.665095 1.648648 1.657907 2.641560 1.657497 1.646883 0.655624 0.033030 0.643355 1.659337 0.037178 0.021033
1.651320 1.625245 1.551250 0.485922 0.448251 1.432529 0.045128 0.030205 0.040993 0.043465 0.040993 0.030205 0.066914 0.048738 0.689357 0.688581 0.677460 0.675427 0.019558 0.661691 0.042085 0.041481 0.176290 0.822452 0.923863 0.021003 0.288655 0.284913 0.257708 0.227919 0.782724 1.888457 0.036636 0.046073 0.030877 0.585884 0.590881 1.527359 0.467331 0.362253 0.796479 0.659517 0.644034 0.645110 0.655317 0.669136 0.667207 1.655383 1.654787 1.660131 1.658616 1.652249 0.666995 0.665959 0.038280 0.048372 0.614559 0.029919 0.041924
1.648351 1.638775 1.609709 0.491953 0.440334 1.420885 0.047067 0.039253 0.054680 0.058067 0.054680 0.039253 0.064115 0.683264 0.706132 0.695711 0.682162 0.688392 0.017676 0.667386 0.047559 0.056094 0.034982 0.060448 0.887013 0.018028 0.181446 1.009626 1.096147 0.160015 0.804479 1.905583 0.028007 0.034599 0.661024 0.647186 1.673935 0.587676 0.521627 0.454267 0.282618 0.174572 0.130955 0.096149 0.058891 0.665608 0.666030 1.656111 1.649536 1.660227 1.655517 0.666773 0.669789 0.676066 0.671840 0.081661 0.129491 0.249506 0.313833
1.649979 1.670977 1.578242 0.454593 1.235248 1.350668 0.035927 0.033165 0.052208 0.056724 0.052209 0.033164 0.668795 1.710942 1.695755 1.701048 0.675545 0.672288 0.671795 0.654289 0.061329 0.023826 0.023033 0.035545 0.045039 0.084899 1.013346 1.062534 1.111068 0.106969 0.049405 0.790492 0.769659 0.024689 0.648699 1.689759 1.671041 1.700582 0.578308 0.536566 0.047181 0.048806 0.056055 0.047845 0.031650 0.050983 0.046805 0.041071 0.632446 1.650528 1.652452 0.671971 1.705055 1.713509 1.694605 0.679877 0.702301 0.023705 0.025536
0.523447 0.493017 1.320411 1.217058 2.283019 2.296906 0.249521 0.042967 0.033303 0.040336 0.033302 0.093600 1.653159 1.688818 1.698640 1.704118 0.672793 0.671480 0.679315 0.655284 0.070189 0.028237 0.023689 0.048713 0.025154 0.082362 1.015429 1.037673 0.068440 0.058826 0.750282 0.781941 0.754596 0.728578 0.695006 1.661019 1.642999 1.664308 0.593997 0.073536 0.089320 0.022972 0.085858 0.067838 0.037133 0.054732 0.058966 0.042084 0.034777 0.670634 1.683016 1.696526 2.695442 2.693191 1.693529 1.690425 0.699023 0.025536 0.035712
