use_cases/Flooding_chicago/flooding_data/output/h_1380.asc
ncols 337
nrows 393
xllcorner 428428.000000
yllcorner 4602440.000000
cellsize 26.757400
NODATA_value -9999.000000
[rows 162 to 188 of 393, columns 177 to 235 of 337]
0.047873 0.094582 0.102277 0.134422 0.130792 0.053612 0.020210 0.030235 0.143067 0.272727 0.269519 0.127513 0.077293 0.045434 0.052677 0.052269 0.064960 0.047976 0.045113 3.562198 4.598599 5.587064 4.582969 2.611784 1.594108 0.055631 0.080809 0.123188 0.157202 0.141770 0.095182 0.104080 1.537764 0.585551 0.052374 0.054222 0.052162 0.020699 0.062356 0.182677 0.439912 0.546244 0.667744 0.052616 0.025291 0.032798 0.048439 0.030128 0.037423 0.028801 0.034279 1.184644 2.407602 1.475256 0.023435 0.247760 0.267729 2.365307 3.354192
0.028649 0.091326 0.075048 0.163307 0.146354 0.060479 0.030175 0.019798 0.023934 1.511754 1.518194 0.019645 0.028419 0.029594 0.024224 0.045220 0.032707 0.039504 0.047741 1.519488 3.619876 4.635660 4.638602 3.642648 2.637264 1.612842 1.605602 0.085604 0.153447 0.154158 0.107928 0.750784 1.522997 0.647169 0.043833 0.053306 0.028984 0.020194 0.026625 0.229488 0.638897 0.819646 0.283882 0.067797 0.089375 0.063805 0.073605 0.032996 0.042671 0.032965 0.038583 2.336586 3.349532 2.346156 2.376852 2.353427 2.355902 4.365981 3.365468
0.039405 0.085560 0.090187 0.119530 0.100425 0.092857 0.035622 0.060982 0.366108 2.529961 2.534071 1.545963 0.022538 0.607012 0.023155 0.023003 0.024941 0.032860 0.033716 1.613704 2.575990 4.627074 4.629650 3.634524 2.617479 1.636956 1.645455 0.601439 0.131186 0.142358 0.103791 0.820577 0.192949 0.153160 0.029888 0.032372 0.017967 0.031761 0.031319 0.337775 0.905694 0.304923 0.144910 0.097762 0.082999 0.272806 1.328498 0.232946 0.039208 0.035149 0.321286 4.343373 5.372580 4.381099 3.372732 2.359888 3.359862 4.366322 3.368867
0.086251 0.064811 0.077871 0.136145 0.127114 0.050102 0.039041 0.070076 0.360924 1.509024 2.520232 1.484992 0.630133 1.610819 1.617982 0.564491 0.033040 0.046196 0.038659 1.623831 1.683104 2.612900 1.645767 1.654016 2.627688 1.636303 0.619856 0.615324 0.106615 0.110780 0.089825 0.050155 0.345063 0.132856 0.037631 0.017967 0.021033 0.028053 0.750460 0.706096 0.589518 0.307637 0.269626 0.028923 0.079905 0.259624 1.354641 1.385724 0.276440 0.192615 0.478128 4.267663 5.375460 5.408024 3.377611 3.369135 4.360183 4.375815 3.376948
0.086145 0.033973 0.037026 0.193306 0.080313 0.095956 0.062735 0.054406 0.073830 0.380843 1.485849 0.422704 0.492888 1.590817 1.579392 0.550853 0.030072 0.053460 0.065715 1.610299 1.688111 1.672758 0.643396 1.640612 1.627972 1.620910 0.538898 0.049943 0.047631 0.029231 0.027061 0.036797 0.167758 0.265183 0.033085 0.028847 0.027458 0.034889 0.738325 1.953870 0.877931 0.065048 0.058863 0.040093 0.054986 0.044353 0.267120 0.346484 0.311965 0.240766 0.514901 3.203800 3.377222 3.398759 3.372571 3.372777 3.378113 2.369913 2.374573
0.054331 0.029548 0.033257 0.078300 0.106560 0.091164 0.071130 0.073128 0.106943 0.307948 0.323412 0.032417 0.031501 0.043236 0.498600 0.541360 0.020052 0.068535 0.053368 1.557262 1.664209 1.662397 0.581819 0.473042 0.458762 0.431651 0.433586 0.077333 0.059225 0.026780 0.027353 0.040978 0.031196 0.417443 0.501613 0.027392 0.199781 0.189910 0.797965 1.834028 0.825393 0.039714 0.014396 0.091591 0.062020 0.038201 0.041862 0.302551 0.320885 0.262915 0.511931 1.230879 0.282439 0.271912 1.273157 2.340886 2.340648 1.323281 1.319151
0.047950 0.022422 0.039699 0.093177 0.052482 0.030761 0.057563 0.057746 0.089410 0.080555 0.043739 0.032875 0.030296 0.044136 0.067321 0.071358 0.155422 0.089251 0.361678 1.395730 1.502243 1.548271 0.056388 0.021265 0.116461 0.034437 0.052420 0.069733 0.042283 0.037586 0.014396 0.019310 0.028404 0.400333 1.516240 1.561278 0.288381 0.241745 0.496421 0.478800 0.442873 0.075005 0.122247 0.124747 0.026787 0.026069 0.033195 0.043036 0.265878 0.280381 0.272394 0.486500 0.027438 0.026190 0.039354 0.212674 0.268281 0.354517 0.386705
0.042107 0.030114 0.029797 0.113863 0.029549 0.026177 0.035057 0.033043 0.054848 0.048836 0.041634 0.035287 0.026970 0.035224 0.034920 0.140176 0.020042 0.030418 0.229865 0.302088 1.039461 0.295875 0.041553 0.025863 0.072174 0.036676 0.044570 0.045726 0.043156 0.037254 0.029500 0.133010 0.433077 1.451307 1.490643 0.432268 0.028952 0.036205 1.716285 0.646760 0.581257 0.085871 0.127818 0.139352 0.036675 0.034248 0.046684 0.039635 0.065758 0.062143 0.069680 0.736651 0.042438 0.018654 0.046270 0.031465 0.125170 0.213911 0.216242
0.039635 0.020745 0.036278 0.085426 0.027565 0.014396 0.019310 0.028007 0.036583 0.025063 0.022880 0.035301 0.029854 0.040962 0.054191 0.037452 0.031243 0.020530 0.337609 0.444044 0.813882 0.502060 0.035250 0.031236 0.071726 0.031319 0.029029 0.049863 0.056856 0.243196 0.268320 0.204225 0.160175 0.292056 0.304030 0.049666 0.040130 0.028060 1.747793 1.778844 0.598229 0.094426 0.036644 0.047204 0.049476 0.037971 0.037391 0.058143 0.045617 0.030830 0.139689 0.910291 1.025201 0.024528 0.017967 0.021033 0.026955 0.341472 0.337811
0.020745 0.033897 0.025841 0.046974 0.037179 0.048819 0.031959 0.034037 0.030861 0.037437 0.040290 0.096658 0.026055 0.034751 0.034753 0.057793 0.053017 0.033867 0.561600 0.600549 0.606965 0.576201 0.069238 0.030178 0.038903 0.039437 0.032020 0.037890 0.085903 0.247030 1.360403 0.221601 0.125738 0.077550 0.056214 0.062153 0.086472 0.205621 1.692513 1.797909 0.664120 0.128047 0.054345 0.064429 0.044273 0.031258 0.057044 0.764518 0.029045 0.030794 0.188071 0.913158 1.014978 0.996032 0.028871 0.017967 0.026116 1.526793 0.435739
0.036232 0.025796 0.028313 0.056160 0.034187 0.044761 0.039909 0.042870 0.042260 0.059591 0.141609 0.058662 0.021432 0.053673 0.044823 0.291754 0.326953 0.933379 1.846480 1.942452 1.917507 0.800974 0.083032 0.041737 0.026375 0.014396 0.019310 0.058347 0.125308 0.226514 0.224854 0.032448 0.040952 0.039073 0.027168 0.037652 0.152037 0.251969 1.630528 1.761913 0.670545 0.139719 0.058190 0.057625 0.071358 0.045302 1.744674 2.767041 1.758022 0.023501 0.257490 0.804809 0.933356 0.888042 0.208908 0.021462 0.064448 1.410672 0.451650
0.044593 0.032310 0.019538 0.037117 0.038353 0.066079 0.045342 0.053757 0.092519 2.166173 2.188978 1.127426 0.027901 0.031440 0.381576 0.373956 0.375301 0.891949 2.312207 1.857859 0.707459 0.709551 0.103650 0.022011 0.023247 0.045034 0.030911 0.103847 0.150616 0.106104 0.038826 0.028403 0.031944 0.027260 0.026740 0.054247 0.250872 0.315166 0.510077 0.508977 0.448550 0.091819 0.048286 0.048440 0.191455 0.118647 1.686854 2.730013 1.734849 0.593371 0.396213 0.267752 0.193567 0.184348 0.255459 0.131774 0.850657 0.731252 0.521886
0.054070 0.035148 0.020500 0.040932 0.038933 0.060699 0.085990 0.951301 2.103288 3.129471 2.189188 1.031547 0.797596 0.655343 0.530105 1.356011 1.423156 1.186956 0.809293 0.871590 0.121171 0.028158 0.037102 0.018150 0.266906 0.234881 1.281599 0.208257 0.146327 0.041543 0.031455 0.024254 0.044090 0.076485 0.151345 0.085992 0.379023 0.268221 0.165627 0.128865 0.070092 0.132120 0.073738 0.061210 0.155385 0.554153 0.488114 0.445664 0.440276 0.427643 0.042365 0.034273 0.037438 0.027031 0.314716 0.811289 0.943500 0.877914 0.202585
0.042854 0.044701 0.030480 0.046661 0.046517 0.110308 0.784108 0.896184 0.951401 0.900308 2.090025 1.010874 0.791775 1.388204 1.515041 2.467698 2.546561 1.488186 0.028297 0.035320 0.036783 0.034144 0.035391 0.252764 1.318326 1.317591 1.293641 1.288289 0.177764 0.037927 0.031408 0.019799 0.032951 0.033729 0.138840 0.760872 0.617788 0.072953 0.059029 0.072411 0.063927 0.124138 0.100960 0.078682 0.064949 0.083017 0.032066 0.038002 0.041344 0.041237 0.038185 0.035397 0.026573 0.028893 0.417338 0.826742 0.984083 0.302251 0.395736
0.111918 0.064017 0.047096 0.787304 3.127395 2.159908 2.111106 0.772501 0.020134 0.029197 0.066605 0.035775 0.666176 1.352711 2.463369 2.464966 2.507586 1.486755 0.017372 0.017372 0.041385 0.268630 1.357509 2.377518 3.373267 3.355752 2.337700 1.263994 0.036540 0.033622 0.033317 0.014396 0.024697 0.032280 0.146774 0.341415 0.158469 0.114497 0.030373 0.035775 0.150887 0.110040 0.193155 0.024941 0.047874 0.047646 0.030144 0.025307 0.032342 0.029321 0.041603 0.039803 0.027976 0.080424 0.684102 0.022987 0.023679 0.526020 0.553384
0.172401 0.133765 0.132500 3.148201 4.158432 3.181649 2.141002 0.118361 0.017372 0.017372 0.020180 0.872303 0.762584 0.536426 0.413189 0.344289 0.342297 0.344778 0.026797 0.031313 1.367838 2.364620 3.368045 3.375099 4.355711 3.355999 2.347844 0.204223 0.038658 0.038282 0.018898 0.025779 0.028251 0.024131 0.030633 0.482008 0.028679 0.037263 0.034645 0.051018 0.171699 0.193246 0.033820 0.038977 0.027001 0.024406 0.031593 0.027977 0.031685 0.032371 0.059119 0.057045 0.037178 0.902194 0.881659 0.023613 0.027883 1.697362 1.739312
0.173775 0.247896 2.043429 4.196655 4.174302 4.197969 3.196547 2.202304 0.135691 0.120890 0.117181 0.748474 0.675577 0.089224 0.028648 0.035561 0.026909 0.033091 0.245015 1.368138 3.396554 4.377278 5.381367 4.385749 3.371454 2.359885 1.285141 0.046272 0.028526 0.024972 0.036827 0.028236 0.036018 0.041192 0.036569 0.663503 0.037483 0.024879 0.028145 0.036735 0.033837 0.201775 0.047813 0.022591 0.022591 0.027001 0.029991 0.044972 0.044747 0.047279 0.151034 0.951104 1.041693 0.975599 1.907206 1.971048 0.844050 1.676963 2.760825
0.063453 0.180234 2.125161 3.189791 4.140790 4.180203 4.190461 3.184202 2.162116 2.167063 2.197889 0.817021 0.097513 0.085847 0.028511 0.024513 0.030709 0.037012 0.271858 2.368375 3.376796 4.363772 5.371275 4.379446 3.373812 1.328802 0.250328 0.037652 0.026695 0.018853 0.037697 0.036843 0.044670 0.087261 0.801172 1.866062 1.886855 0.028725 0.045235 0.017372 0.035530 0.081200 0.030571 0.022591 0.022591 0.037209 0.040856 0.045768 0.084784 0.108863 0.217452 0.877716 0.991277 0.967437 1.843242 1.899190 2.753974 2.785616 2.781677
0.058037 0.060787 1.053429 2.218163 3.164744 4.184779 4.191843 4.200352 3.185554 3.189517 2.186211 0.034065 0.023567 0.027367 0.019309 0.026025 0.044914 0.034632 0.312624 2.371959 2.384326 3.346516 4.361148 4.365294 3.362787 1.297578 0.233654 0.063271 0.052467 0.061851 0.051904 0.067604 0.116693 0.132026 0.826545 1.865157 1.851357 0.064985 0.032341 0.017372 0.025261 0.038201 0.041054 0.044106 0.034370 0.037254 0.062325 0.140510 0.126808 0.142540 0.339705 0.425846 0.848480 1.858871 1.816693 1.858464 3.754651 3.778813 3.792230
0.062433 0.055808 0.058388 0.156078 2.171835 3.117234 4.153448 4.177806 3.174404 3.176503 3.186481 0.029167 0.022942 0.023506 0.040413 0.040607 0.295965 0.355613 2.370899 2.378917 2.377614 2.366853 2.367663 2.358451 3.344830 1.161810 0.052253 0.032494 0.050224 0.047661 0.046258 0.072099 0.092018 0.745118 1.848499 1.857969 1.875379 0.070145 0.092026 0.027596 0.024193 0.030525 0.081800 0.065972 0.038963 0.045669 0.073579 0.055244 0.110711 0.056069 0.233782 0.601181 0.528724 0.686261 0.577110 0.636459 3.753311 3.743107 3.741634
0.071188 0.071634 0.096667 0.153714 2.163489 1.211299 2.179926 3.180948 3.182059 3.179955 3.119055 0.290730 0.027992 0.028175 0.041344 0.035026 0.302656 1.362404 2.309266 2.367786 1.309111 0.237309 0.040746 0.079950 0.339525 0.069007 0.050892 0.037620 0.032204 0.145011 0.025017 0.055366 0.073227 1.787003 1.829943 1.814890 0.796341 0.084211 0.074921 0.040750 0.096416 0.085139 0.061791 0.084816 0.049232 0.063713 0.028755 0.026024 0.021112 0.445560 1.344889 0.837129 0.713281 0.649048 0.029465 0.030360 0.493467 1.503221 0.547736
0.059318 0.055429 0.143195 0.188415 1.114494 1.205433 2.162174 2.135261 2.139615 2.148110 0.872697 0.195503 0.188975 0.110746 0.129520 0.285492 1.349782 2.331378 1.363174 0.234993 0.046264 0.047174 0.027260 0.126929 0.232099 0.035162 0.053490 0.018472 0.101585 0.092140 0.070381 0.042671 0.072230 0.824060 0.835229 0.052302 0.027001 0.024406 0.042969 0.066204 0.068839 0.058810 0.041222 0.079795 0.060048 0.174815 0.217410 0.124458 0.422402 1.251747 1.262985 0.386751 0.438451 0.194688 0.027122 0.027891 0.043183 0.063898 0.066571
0.097757 0.225645 0.217155 0.124246 0.237398 1.265397 2.208957 1.173596 0.115620 0.042101 0.027092 0.028160 0.043570 0.091588 0.131496 0.322457 0.280291 0.225842 0.214922 0.055720 0.044106 0.039163 0.034635 0.037727 0.274260 0.025948 0.030907 0.023659 0.071694 0.395599 0.031791 0.077715 0.047477 0.826718 0.021782 0.022591 0.022591 0.027001 0.058791 0.111308 0.086532 0.107549 0.056763 0.107711 0.509103 1.085060 1.274385 1.023804 0.645574 0.638620 0.674783 0.289815 0.411551 0.373055 0.038552 0.023466 0.043619 0.032357 0.058510
0.034644 0.081840 0.072425 0.110004 0.058200 1.249594 2.122850 1.042020 0.056084 0.021629 0.023399 0.024284 0.031609 0.040338 0.132629 0.145517 0.155717 0.085542 0.095718 0.052239 0.039512 0.047736 0.034860 0.026161 0.389374 0.031089 0.033287 0.064246 0.081505 0.300477 0.218696 0.861570 0.875324 0.856674 0.055879 0.022591 0.022591 0.051456 0.049389 0.074147 0.076529 0.107894 0.966218 1.006924 0.726311 1.127709 1.296401 0.025851 0.029680 0.236046 0.277723 0.475357 1.680691 0.511514 0.044647 0.044710 0.019798 0.035896 0.059426
0.024086 0.078362 0.071404 0.045524 0.073316 0.205919 1.215128 1.089424 0.560905 0.031822 0.024284 0.014396 0.033180 0.047875 0.076009 0.106345 0.137152 0.091408 0.091636 0.072685 0.063133 0.072136 0.050759 0.068244 0.452148 0.026527 0.033745 0.058266 0.081963 0.050850 0.814384 0.829683 0.825000 0.790062 0.717749 0.030022 0.038215 0.032432 0.036172 0.060918 1.090482 1.135366 1.053077 1.032280 0.876982 0.071551 0.039312 0.026925 0.028649 0.039269 0.037821 0.565340 1.710681 1.689227 0.048032 0.020425 0.017372 0.025703 0.034691
0.136619 0.111382 0.074226 0.040733 0.038857 0.076819 0.088778 0.757841 1.747361 0.056138 0.034301 0.026772 0.023918 0.040993 0.038215 0.075264 0.106789 0.137429 0.058815 0.064536 0.096214 0.090705 0.060692 0.065102 0.486680 0.496965 0.038231 0.021110 0.032570 0.044899 0.188568 0.033027 0.084718 0.057697 0.588490 0.359303 0.217419 0.116709 0.092070 0.132812 1.108474 1.141981 2.143501 1.109280 0.037714 0.028876 0.028984 0.017372 0.025703 0.054207 0.060566 0.595725 1.757549 2.737588 0.583923 0.029171 0.017372 0.025703 0.051324
0.054344 0.043205 0.029595 0.041114 0.047082 0.112506 0.107831 0.973649 0.969041 2.073741 0.052180 0.032067 0.025138 0.032616 0.033577 0.039131 0.067025 0.104484 0.045295 0.082985 0.097191 0.080880 0.063362 0.051902 0.496736 0.497906 0.038781 0.035759 0.017372 0.043313 0.076988 0.058742 0.050316 0.033973 0.040824 0.237048 0.209288 0.248352 0.150767 0.168149 2.155199 2.178595 3.165250 2.168773 0.038439 0.034752 0.028862 0.017372 0.025703 0.032281 0.030499 0.081707 1.675184 2.685387 1.783747 0.771597 0.033301 0.057258 0.036171
