use_cases/Flooding_chicago/flooding_data/output/h_1440.asc
ncols 337
nrows 393
xllcorner 428428.000000
yllcorner 4602440.000000
cellsize 26.757400
NODATA_value -9999.000000
[rows 216 to 242 of 393, columns 177 to 235 of 337]
-9999.000000 -9999.000000 -9999.000000 -9999.000000 -9999.000000 -9999.000000 0.112054 0.119072 0.036964 0.030434 0.020134 0.030159 0.069679 0.084572 0.063372 0.068661 0.043799 0.042259 0.071174 0.047096 0.161064 0.074378 1.709817 1.623768 0.153701 0.213682 0.163109 1.206291 0.197045 0.167120 0.025703 0.017372 0.025703 0.029046 0.551057 0.119127 0.187038 0.220300 0.218823 0.189738 0.136568 0.899154 1.000232 1.144974 1.098855 1.134352 0.090959 0.206834 0.214497 0.056177 0.052299 0.472004 0.641802 0.519227 0.032007 0.037655 0.044074 0.109366 0.177224
-9999.000000 -9999.000000 -9999.000000 -9999.000000 -9999.000000 -9999.000000 0.072243 0.108910 0.145805 0.026274 0.026436 0.130393 0.061256 0.083274 0.079826 0.044945 0.065636 0.056632 0.076821 0.227321 0.186654 0.432786 1.539018 0.503332 0.171612 0.162239 0.247551 0.277957 0.284776 0.258882 0.025703 0.017372 0.025703 0.029046 0.708636 0.116180 0.183779 0.224592 0.221677 0.206219 0.170006 0.292911 0.854730 2.054224 2.006556 1.095314 0.125871 0.081279 0.093149 0.096143 0.091484 0.652604 0.622718 0.392910 0.028871 0.017967 0.057544 0.092509 0.197482
-9999.000000 -9999.000000 -9999.000000 -9999.000000 -9999.000000 -9999.000000 -9999.000000 0.055870 0.019309 0.206247 0.215506 0.103844 0.062110 0.089303 0.098244 0.018577 0.030739 0.063682 0.095574 0.210791 0.164224 0.425256 0.279262 0.137642 0.156044 0.252183 0.310249 0.338891 1.362130 0.359428 0.423093 0.031472 0.065681 0.184613 0.686704 0.178979 0.283080 1.389406 2.391275 1.359460 1.358695 0.229389 0.337205 0.191417 1.048713 0.954858 0.174453 0.041725 0.139726 0.110861 1.117600 0.983791 0.928125 0.168472 0.017967 0.021034 0.111185 0.107353 0.097773
-9999.000000 -9999.000000 -9999.000000 -9999.000000 -9999.000000 -9999.000000 -9999.000000 -9999.000000 0.014396 0.290536 1.339057 0.065392 0.059929 0.089776 0.104992 0.023065 0.045326 0.038064 0.119407 0.096351 0.073769 0.221437 0.100709 0.167885 0.228204 0.301081 0.356640 1.406966 2.348006 1.400659 0.310307 0.026009 0.051658 0.163674 0.212326 0.204368 0.325924 1.378160 2.366625 2.371642 3.347464 1.387395 0.243844 0.145933 0.111142 0.422818 0.108272 0.091404 0.144284 1.031755 0.983928 1.026322 1.007659 0.247525 0.381031 0.327575 0.166278 0.170763 0.093220
-9999.000000 -9999.000000 -9999.000000 -9999.000000 -9999.000000 -9999.000000 -9999.000000 -9999.000000 -9999.000000 0.212865 2.343101 0.272467 0.046090 0.079231 0.024620 0.028526 0.051262 0.052895 0.089851 0.090995 0.089213 0.258981 0.093362 0.116312 0.103601 0.334544 1.368624 2.374858 2.348017 1.388040 0.030800 0.018944 0.030800 0.041390 0.152013 0.225047 1.338059 1.326185 1.310207 3.348999 3.896087 2.417400 0.341861 0.039029 0.189753 0.203609 0.212047 0.151667 0.082694 0.203073 0.233252 0.989815 0.935623 1.144603 0.359330 0.297179 0.021660 0.047584 0.029930
-9999.000000 -9999.000000 -9999.000000 -9999.000000 -9999.000000 -9999.000000 -9999.000000 -9999.000000 -9999.000000 -9999.000000 0.014396 0.140435 0.189167 0.064812 0.027825 0.024696 0.053520 0.026543 0.066597 0.046623 0.173318 0.149208 0.173063 0.188552 0.192620 0.144676 0.386436 1.271160 0.242942 0.035423 0.024620 0.014396 0.024620 0.039955 0.038399 0.041573 0.463944 0.481886 0.443802 1.330379 2.400338 2.393795 0.372927 0.083706 0.088490 0.302047 0.301405 0.082216 0.060129 0.196899 0.332882 0.346236 0.314381 0.535084 0.505719 0.035782 0.021767 0.034721 0.029441
-9999.000000 -9999.000000 -9999.000000 -9999.000000 -9999.000000 -9999.000000 -9999.000000 -9999.000000 -9999.000000 -9999.000000 -9999.000000 0.014396 0.059090 0.081917 0.019416 0.044212 0.034432 0.123894 0.101692 0.072914 0.169030 0.146160 0.167244 0.229903 0.260405 0.260797 0.250344 0.236033 0.099389 0.030525 0.025505 0.034234 0.025505 0.033560 0.055209 0.056816 0.540064 0.538841 0.415252 0.383125 1.350701 1.310383 0.376949 0.135171 0.172574 0.163967 0.157626 0.165020 0.106745 0.059547 0.533781 0.523276 0.531669 0.410049 0.258762 0.032966 0.036247 0.046623 0.045784
-9999.000000 -9999.000000 -9999.000000 -9999.000000 -9999.000000 -9999.000000 -9999.000000 -9999.000000 -9999.000000 -9999.000000 -9999.000000 -9999.000000 0.017372 0.017372 0.030663 0.071343 0.084938 0.118049 0.109474 0.096412 0.070412 0.023018 0.034491 0.218453 0.266863 0.309870 0.332030 0.148278 0.202010 0.028023 0.040063 0.045981 0.062294 0.046837 0.071838 0.066582 0.637292 0.659326 0.045924 0.059427 0.469786 0.458367 0.136351 0.206144 0.233821 0.239883 0.232509 0.240274 0.027022 0.027046 0.657204 1.721980 1.770498 0.604928 0.023476 0.025154 0.050956 0.050194 0.221869
-9999.000000 -9999.000000 -9999.000000 -9999.000000 -9999.000000 -9999.000000 -9999.000000 -9999.000000 -9999.000000 -9999.000000 -9999.000000 -9999.000000 -9999.000000 -9999.000000 -9999.000000 -9999.000000 -9999.000000 0.018669 0.023414 0.028435 0.023857 0.025979 0.038537 0.080225 0.103707 0.164114 0.201027 0.260873 0.318089 0.397532 0.431742 0.388985 0.047523 0.018440 0.028497 0.061835 0.697878 0.719136 0.078720 0.123593 0.143385 0.171593 0.221450 0.262507 0.281992 0.284511 0.267831 0.279491 0.037010 0.037103 0.621449 1.644496 1.704664 0.618612 0.024666 0.032265 0.063133 0.055428 0.223123
-9999.000000 -9999.000000 -9999.000000 -9999.000000 -9999.000000 -9999.000000 -9999.000000 -9999.000000 -9999.000000 -9999.000000 -9999.000000 -9999.000000 -9999.000000 -9999.000000 -9999.000000 -9999.000000 -9999.000000 -9999.000000 -9999.000000 -9999.000000 0.025856 0.036949 0.025994 0.041435 0.029763 0.247246 0.265147 0.282635 0.317040 0.398831 0.448113 0.418803 0.045082 0.022530 0.039650 0.067786 1.741232 0.754239 0.094536 0.159694 0.204600 0.239950 0.277013 1.357405 1.355888 0.320033 0.274934 0.250786 0.045555 0.045709 0.051445 0.659251 1.786639 0.639905 0.093621 0.037468 0.029091 0.054435 0.048223
-9999.000000 -9999.000000 -9999.000000 -9999.000000 -9999.000000 -9999.000000 -9999.000000 -9999.000000 -9999.000000 -9999.000000 -9999.000000 -9999.000000 -9999.000000 -9999.000000 -9999.000000 -9999.000000 -9999.000000 -9999.000000 -9999.000000 -9999.000000 -9999.000000 0.030403 0.024727 0.042122 0.035347 0.233730 0.224825 0.050209 0.055988 0.090478 0.443965 0.412120 0.050316 0.024712 0.045265 0.093498 0.693123 0.785489 0.821639 0.159557 0.224499 0.259261 0.289106 1.336332 1.304619 1.321576 0.252068 0.047181 0.030866 0.066630 0.072426 0.681164 1.800285 0.608577 0.081967 0.036751 0.037574 0.068810 0.046017
-9999.000000 -9999.000000 -9999.000000 -9999.000000 -9999.000000 -9999.000000 -9999.000000 -9999.000000 -9999.000000 -9999.000000 -9999.000000 -9999.000000 -9999.000000 -9999.000000 -9999.000000 -9999.000000 -9999.000000 -9999.000000 -9999.000000 -9999.000000 -9999.000000 0.020180 0.032036 0.471444 0.029853 0.041696 0.052239 0.071205 0.023033 0.181977 0.096428 0.073952 0.026100 0.031928 0.060875 0.052727 0.112938 0.677697 0.102116 0.074741 0.093056 0.093193 0.084801 0.062300 0.352334 0.400778 0.317621 0.043968 0.064401 0.042290 0.085504 0.685817 1.677660 0.050102 0.038261 0.021263 0.048363 0.035668 0.049476
-9999.000000 -9999.000000 -9999.000000 -9999.000000 -9999.000000 -9999.000000 -9999.000000 -9999.000000 -9999.000000 -9999.000000 -9999.000000 -9999.000000 -9999.000000 -9999.000000 -9999.000000 -9999.000000 -9999.000000 -9999.000000 -9999.000000 -9999.000000 -9999.000000 -9999.000000 0.268379 0.413033 0.352104 0.049171 0.032494 0.035103 0.040000 0.275872 0.018838 0.024071 0.031791 0.038735 0.026451 0.065854 0.189278 0.255867 0.060940 0.132030 0.144370 0.141702 0.130090 0.107171 0.062673 0.550501 0.084390 0.066933 0.090050 0.062569 0.057442 0.691528 0.855222 0.027764 0.030220 0.021034 0.017967 0.035041 0.047585
-9999.000000 -9999.000000 -9999.000000 -9999.000000 -9999.000000 -9999.000000 -9999.000000 -9999.000000 -9999.000000 -9999.000000 -9999.000000 -9999.000000 -9999.000000 -9999.000000 -9999.000000 -9999.000000 -9999.000000 -9999.000000 -9999.000000 -9999.000000 -9999.000000 -9999.000000 0.019309 0.324837 0.307869 0.061217 0.053352 0.022362 0.046008 0.270133 0.357673 0.380485 0.358172 0.026465 0.024071 0.080254 0.120280 0.225823 0.029808 0.145113 0.139672 0.132103 0.119366 0.099190 0.081734 0.630014 0.138531 0.090675 0.119149 0.083892 0.045265 0.059265 0.971548 0.027519 0.029366 0.017967 0.028871 0.031228 0.042153
-9999.000000 -9999.000000 -9999.000000 -9999.000000 -9999.000000 -9999.000000 -9999.000000 -9999.000000 -9999.000000 -9999.000000 -9999.000000 -9999.000000 -9999.000000 -9999.000000 -9999.000000 -9999.000000 -9999.000000 -9999.000000 -9999.000000 -9999.000000 -9999.000000 -9999.000000 0.014396 0.026054 0.106209 0.039452 0.032143 0.019082 0.033069 0.043281 0.293572 0.327798 0.333496 0.257365 0.227822 0.158517 0.247871 0.170208 0.037940 0.074040 0.076974 0.069679 0.059466 0.040275 0.097437 0.589494 0.183619 0.125344 0.164520 0.017372 0.046335 0.105400 0.879848 0.916590 0.095313 0.029641 0.051660 0.070456 0.411814
-9999.000000 -9999.000000 -9999.000000 -9999.000000 -9999.000000 -9999.000000 -9999.000000 -9999.000000 -9999.000000 -9999.000000 -9999.000000 -9999.000000 -9999.000000 -9999.000000 -9999.000000 -9999.000000 -9999.000000 -9999.000000 -9999.000000 -9999.000000 -9999.000000 -9999.000000 -9999.000000 0.014396 0.072823 0.071862 0.040259 0.026314 0.018959 0.049309 0.069344 0.053628 0.036517 0.224649 0.226661 1.227307 0.148247 0.099061 0.087471 0.072356 0.074210 0.062933 0.052636 0.036068 0.046395 0.162761 0.234326 0.166602 0.208097 0.017372 0.051964 0.164348 1.105455 0.169707 0.025643 0.034309 0.055336 0.073632 0.362370
-9999.000000 -9999.000000 -9999.000000 -9999.000000 -9999.000000 -9999.000000 -9999.000000 -9999.000000 -9999.000000 -9999.000000 -9999.000000 -9999.000000 -9999.000000 -9999.000000 -9999.000000 -9999.000000 -9999.000000 -9999.000000 -9999.000000 -9999.000000 -9999.000000 -9999.000000 -9999.000000 0.020103 0.075889 0.076714 0.041284 0.022514 0.125984 0.098686 0.067833 0.042518 0.052589 0.178674 1.215843 1.227483 0.192850 0.026742 0.035804 0.032509 0.087563 0.087702 0.074089 0.052026 0.045250 0.039414 0.027947 0.251296 0.240335 0.157936 0.077508 0.262231 1.226915 0.264340 0.025993 0.014396 0.052635 0.078462 0.058142
-9999.000000 -9999.000000 -9999.000000 -9999.000000 -9999.000000 -9999.000000 -9999.000000 -9999.000000 -9999.000000 -9999.000000 -9999.000000 -9999.000000 -9999.000000 -9999.000000 -9999.000000 -9999.000000 -9999.000000 -9999.000000 -9999.000000 -9999.000000 -9999.000000 -9999.000000 -9999.000000 -9999.000000 0.078392 0.060952 0.043617 0.018439 0.129692 0.116752 0.022591 0.022591 0.052116 1.192940 1.221261 0.220637 0.218880 0.029411 0.046838 0.051582 0.032234 0.100183 0.074668 1.010223 0.049724 0.046289 0.029412 0.317345 0.271812 0.618325 0.603322 1.360851 1.273863 1.385814 0.458403 0.046501 0.035622 0.046013 0.052116
-9999.000000 -9999.000000 -9999.000000 -9999.000000 -9999.000000 -9999.000000 -9999.000000 -9999.000000 -9999.000000 -9999.000000 -9999.000000 -9999.000000 -9999.000000 -9999.000000 -9999.000000 -9999.000000 -9999.000000 -9999.000000 -9999.000000 -9999.000000 -9999.000000 -9999.000000 -9999.000000 -9999.000000 -9999.000000 0.023216 0.042748 0.042365 0.014396 0.081597 0.022591 0.022591 0.048897 1.197967 1.223476 0.221981 0.228023 0.241936 0.037163 0.060524 0.017372 0.035698 0.072640 0.974681 1.045510 1.018275 0.820066 0.536721 0.380916 0.613025 0.581812 1.377057 0.372004 0.375197 0.420584 0.041969 0.040733 0.053658 0.040289
-9999.000000 -9999.000000 -9999.000000 -9999.000000 -9999.000000 -9999.000000 -9999.000000 -9999.000000 -9999.000000 -9999.000000 -9999.000000 -9999.000000 -9999.000000 -9999.000000 -9999.000000 -9999.000000 -9999.000000 -9999.000000 -9999.000000 -9999.000000 -9999.000000 -9999.000000 -9999.000000 -9999.000000 -9999.000000 -9999.000000 0.023231 0.074120 0.059075 0.083641 0.027794 0.027794 0.034310 0.126563 0.160457 0.198387 0.223748 0.241677 0.223857 0.056102 0.017372 0.054283 0.106804 1.001322 1.058066 1.056070 0.125344 0.075188 0.272418 0.199502 0.168833 0.158168 0.070016 0.061685 0.084833 0.026817 0.029900 0.034477 0.052835
-9999.000000 -9999.000000 -9999.000000 -9999.000000 -9999.000000 -9999.000000 -9999.000000 -9999.000000 -9999.000000 -9999.000000 -9999.000000 -9999.000000 -9999.000000 -9999.000000 -9999.000000 -9999.000000 -9999.000000 -9999.000000 -9999.000000 -9999.000000 -9999.000000 -9999.000000 -9999.000000 -9999.000000 -9999.000000 -9999.000000 -9999.000000 0.039804 0.109413 0.138724 0.183480 0.030433 0.058967 0.299477 0.350947 0.140679 0.207588 0.219475 0.043479 0.081048 0.110191 0.075096 0.169853 0.135248 0.929538 0.914858 0.196083 0.119926 0.088615 0.107216 0.109718 0.121243 0.142128 0.124077 0.029213 0.018364 0.029243 0.046684 0.030601
-9999.000000 -9999.000000 -9999.000000 -9999.000000 -9999.000000 -9999.000000 -9999.000000 -9999.000000 -9999.000000 -9999.000000 -9999.000000 -9999.000000 -9999.000000 -9999.000000 -9999.000000 -9999.000000 -9999.000000 -9999.000000 -9999.000000 -9999.000000 -9999.000000 -9999.000000 -9999.000000 -9999.000000 -9999.000000 -9999.000000 -9999.000000 -9999.000000 -9999.000000 0.087608 0.025276 0.034066 0.056496 0.222544 0.243783 0.068350 0.019111 0.025460 0.017372 0.017372 0.094720 0.098425 0.084221 0.240013 0.232981 0.248161 0.354901 0.021278 0.036050 0.129896 0.157028 1.189962 1.186942 1.186481 0.039711 0.022239 0.039802 0.051841 0.057153
-9999.000000 -9999.000000 -9999.000000 -9999.000000 -9999.000000 -9999.000000 -9999.000000 -9999.000000 -9999.000000 -9999.000000 -9999.000000 -9999.000000 -9999.000000 -9999.000000 -9999.000000 -9999.000000 -9999.000000 -9999.000000 -9999.000000 -9999.000000 -9999.000000 -9999.000000 -9999.000000 -9999.000000 -9999.000000 -9999.000000 -9999.000000 -9999.000000 -9999.000000 -9999.000000 0.024650 0.030480 0.019936 -9999.000000 -9999.000000 -9999.000000 -9999.000000 -9999.000000 -9999.000000 -9999.000000 0.020897 0.119583 1.173964 0.125435 0.109689 0.079017 0.557350 0.584831 0.064446 0.035011 0.136374 1.180123 1.182543 1.181878 0.046495 0.023613 0.047213 0.055416 0.063943
-9999.000000 -9999.000000 -9999.000000 -9999.000000 -9999.000000 -9999.000000 -9999.000000 -9999.000000 -9999.000000 -9999.000000 -9999.000000 -9999.000000 -9999.000000 -9999.000000 -9999.000000 -9999.000000 -9999.000000 -9999.000000 -9999.000000 -9999.000000 -9999.000000 -9999.000000 -9999.000000 -9999.000000 -9999.000000 -9999.000000 -9999.000000 -9999.000000 -9999.000000 -9999.000000 -9999.000000 -9999.000000 -9999.000000 -9999.000000 -9999.000000 -9999.000000 -9999.000000 -9999.000000 -9999.000000 -9999.000000 0.019539 0.126793 1.158609 0.162926 0.159325 0.126537 0.568489 0.567656 0.117960 0.020851 0.029610 0.173001 0.031823 0.044319 0.062630 0.028313 0.023705 0.051491 0.100122
-9999.000000 -9999.000000 -9999.000000 -9999.000000 -9999.000000 -9999.000000 -9999.000000 -9999.000000 -9999.000000 -9999.000000 -9999.000000 -9999.000000 -9999.000000 -9999.000000 -9999.000000 -9999.000000 -9999.000000 -9999.000000 -9999.000000 -9999.000000 -9999.000000 -9999.000000 -9999.000000 -9999.000000 -9999.000000 -9999.000000 -9999.000000 -9999.000000 -9999.000000 -9999.000000 -9999.000000 -9999.000000 -9999.000000 -9999.000000 -9999.000000 -9999.000000 -9999.000000 -9999.000000 -9999.000000 -9999.000000 0.028342 0.026039 0.138024 0.177298 0.195657 0.199028 0.017372 0.215617 0.196142 0.034386 0.017372 0.027475 0.040627 0.046592 0.052100 0.023843 0.023034 0.027672 1.130562
-9999.000000 -9999.000000 -9999.000000 -9999.000000 -9999.000000 -9999.000000 -9999.000000 -9999.000000 -9999.000000 -9999.000000 -9999.000000 -9999.000000 -9999.000000 -9999.000000 -9999.000000 -9999.000000 -9999.000000 -9999.000000 -9999.000000 -9999.000000 -9999.000000 -9999.000000 -9999.000000 -9999.000000 -9999.000000 -9999.000000 -9999.000000 -9999.000000 -9999.000000 -9999.000000 -9999.000000 -9999.000000 -9999.000000 -9999.000000 -9999.000000 -9999.000000 -9999.000000 -9999.000000 -9999.000000 -9999.000000 0.025613 0.032615 0.040214 0.148949 0.179833 0.230492 0.017372 0.287499 0.259756 0.039527 0.017372 0.034065 0.385430 0.412215 0.406808 0.030113 0.030052 0.030327 0.156472
-9999.000000 -9999.000000 -9999.000000 -9999.000000 -9999.000000 -9999.000000 -9999.000000 -9999.000000 -9999.000000 -9999.000000 -9999.000000 -9999.000000 -9999.000000 -9999.000000 -9999.000000 -9999.000000 -9999.000000 -9999.000000 -9999.000000 -9999.000000 -9999.000000 -9999.000000 -9999.000000 -9999.000000 -9999.000000 -9999.000000 -9999.000000 -9999.000000 -9999.000000 -9999.000000 -9999.000000 -9999.000000 -9999.000000 -9999.000000 -9999.000000 -9999.000000 -9999.000000 -9999.000000 -9999.000000 -9999.000000 -9999.000000 0.038734 0.043435 0.032463 0.037971 0.273581 0.338601 0.303317 0.262796 0.045281 0.053582 0.032219 1.407225 1.419152 1.424004 0.208260 0.101799 0.207434 0.169209
