use_cases/Flooding_chicago/flooding_data/output/h_1440.asc
ncols 337
nrows 393
xllcorner 428428.000000
yllcorner 4602440.000000
cellsize 26.757400
NODATA_value -9999.000000
[rows 81 to 107 of 393, columns 236 to 294 of 337]
4.017791 4.018303 2.004388 1.025696 0.037942 0.039345 0.033348 0.044380 0.051247 0.059120 0.025551 0.023705 0.049873 0.045083 0.081868 0.077141 0.073036 0.029838 0.026740 0.032036 0.051507 0.054953 0.061195 0.026222 0.027123 0.049918 0.043587 0.053565 0.050742 0.022086 0.042420 0.035771 0.069748 0.778249 0.842915 0.865796 1.991830 2.992122 2.999702 1.922721 0.973264 0.028130 0.022758 0.039268 0.060433 0.089225 0.110651 0.114155 0.094963 0.051356 0.047089 0.234278 0.254329 0.208870 0.129282 0.039512 0.050209 0.047645 0.039270
1.989474 1.992060 0.950976 0.057219 0.062461 0.057686 0.027427 0.018471 0.022666 0.025245 0.035727 0.025550 0.041070 0.042519 0.064139 0.059424 0.053932 0.021934 0.018135 0.020425 0.026420 0.026970 0.027962 0.018212 0.021660 0.021660 0.018212 0.063209 0.021660 0.018089 0.027443 0.048664 0.078877 0.053937 0.930342 1.986691 4.021836 4.008919 4.013969 4.011154 3.019898 1.995905 0.032372 0.031310 0.018440 0.023460 0.122475 0.116824 0.078727 0.098144 0.232156 1.329480 1.344492 0.271807 0.030984 0.066704 0.043510 0.050406 0.038216
0.077087 0.074289 0.066795 0.059343 0.045631 0.037407 0.041145 0.031273 0.047157 0.057304 0.025308 0.109550 0.063347 0.076042 0.039450 0.027840 0.024117 0.023048 0.039161 0.034003 0.077343 0.088865 0.102260 0.038964 0.042076 0.049003 0.067680 0.018089 0.021660 0.059333 0.033424 0.068371 0.077102 0.909918 1.992943 2.998929 5.017991 5.012269 5.018135 6.023399 6.028351 3.995607 0.811871 0.052814 0.037213 0.029991 0.030754 0.024726 0.057656 0.078810 1.322644 2.341839 2.359141 0.306263 0.251661 0.064903 0.061866 0.036751 0.036965
0.063389 0.044895 0.139971 0.115047 0.109549 0.046852 0.064863 0.044853 0.039050 0.054559 0.023353 0.021995 0.049537 0.053962 0.101524 0.085213 0.046776 0.054299 0.036003 0.059890 0.842459 0.841507 0.063055 0.027702 0.223479 0.211394 0.044319 0.045052 0.044595 0.036385 0.077644 0.040107 0.039451 0.047397 1.967173 4.996657 4.007019 4.999458 6.004732 6.987582 7.000988 4.998519 0.850503 0.052042 0.075032 0.025535 0.030082 0.024529 0.039360 0.046192 1.307840 2.320791 2.331733 2.330498 1.302164 0.036858 0.039589 0.064430 0.023445
0.040600 0.066188 0.948298 0.959872 1.984441 0.795127 0.080198 0.048164 0.047508 0.065865 0.030922 0.018150 0.034615 0.042336 0.065102 0.072533 0.076728 0.126314 0.109968 0.904485 1.964522 1.953522 0.963275 0.028083 0.281032 0.255699 0.024284 0.053276 0.048759 0.049720 0.050315 0.032753 0.035286 0.879956 2.985841 4.994576 4.017648 5.000733 5.996696 6.976749 6.001413 3.983257 0.059332 0.048115 0.071434 0.056059 0.052603 0.047391 0.040283 1.367867 1.352689 2.348869 2.347242 2.331503 1.278643 0.041512 0.027794 0.022591 0.022591
0.113320 1.008548 1.032007 2.052439 3.060469 3.057127 1.065731 0.055611 0.069646 0.080404 0.038521 0.029656 0.039955 0.030571 0.040228 0.074714 0.056496 0.133335 1.906905 1.973535 2.966624 1.972384 0.966481 0.017967 0.030128 0.130182 0.240774 0.254142 0.170385 0.254762 0.169855 0.118828 0.982247 2.008725 2.980563 3.992332 4.005155 4.000699 4.001240 4.971990 3.996812 2.961555 0.080125 0.032136 0.039201 0.241666 0.246086 0.253116 0.271475 1.356148 2.344651 1.344010 1.347190 1.330011 0.260198 0.044273 0.027794 0.022591 0.022591
0.152824 1.041822 0.061547 2.062861 3.052521 3.086899 2.092321 1.060280 1.043859 0.979685 0.035957 0.028964 0.043007 0.033074 0.047576 0.117158 0.111083 0.078611 1.966730 1.975633 2.964489 1.968802 0.017967 0.021034 0.037911 0.077751 0.240633 0.289863 0.207099 0.290356 0.727470 2.955926 2.000037 1.982466 2.958677 2.958504 2.969248 2.994426 2.958863 2.939909 2.944073 2.939764 0.122027 0.197964 0.271584 1.363676 1.365270 1.365854 1.366154 1.359568 1.347847 1.343927 0.295093 0.040367 0.338333 0.051323 0.039604 0.037621 0.029929
1.222358 0.139283 0.113254 0.098705 2.039454 3.086932 2.087139 1.047771 1.035784 2.050538 0.920816 0.890396 0.871044 0.882952 0.053448 0.079260 0.948197 0.977680 1.960901 2.976635 2.968826 1.971638 0.028587 0.038185 0.028968 0.054513 0.031929 0.024624 0.018990 0.246330 1.871463 3.012110 3.015609 2.004579 1.021830 1.016710 2.048585 3.002944 2.046130 2.058131 2.063844 3.000301 1.150487 1.208663 1.288472 2.367378 2.355802 2.359890 3.367229 2.363749 2.358821 1.338633 0.052937 0.096709 0.116753 0.053658 0.022590 0.136253 0.076315
2.187795 1.196403 0.149798 0.130836 2.046449 3.095234 3.103097 2.091008 2.088560 2.100631 2.096166 2.091374 2.084832 2.086797 1.099239 0.062774 0.999822 0.985723 1.967306 2.979141 3.968666 3.975976 0.968152 0.049077 0.066566 0.378334 0.370823 0.334211 0.259180 0.318457 0.788254 1.976854 2.001319 2.005612 1.022428 1.009018 2.041590 2.017158 2.023024 2.026965 3.035287 2.977903 0.121815 0.207802 1.325422 2.365891 2.360117 3.376513 5.377388 4.374717 2.355658 1.332636 0.054971 0.021919 0.159584 0.075202 0.112853 0.018120 0.069984
2.161350 2.152811 2.185103 0.152114 1.015800 2.099239 3.089810 3.095593 3.088238 3.106221 3.107890 3.103130 3.087948 2.108678 1.089830 0.060581 0.043993 0.965472 1.971838 2.972392 3.943046 2.973767 0.969287 0.976490 0.061226 0.321590 1.336285 1.354699 0.280011 0.144898 0.077297 0.093271 0.931897 2.009028 2.030865 1.010724 2.049988 2.027525 3.068895 3.088296 2.913682 0.163277 0.021164 0.017983 0.311646 2.373399 3.385401 4.380805 5.370775 4.368174 3.364539 1.297968 0.043314 0.037605 0.055504 0.087716 0.022728 0.021873 0.054512
2.153084 3.169245 2.204327 0.142487 0.100714 2.077406 2.093830 3.073443 2.073369 3.105949 3.104893 3.102445 2.100509 1.098144 1.095763 0.050643 0.999414 0.993734 1.965675 1.990124 1.977244 1.951838 0.080259 0.049552 0.071418 0.074760 0.063388 0.190241 0.189949 0.047539 0.049743 0.041374 0.068190 0.905216 1.982481 0.987063 0.999046 2.026274 1.991089 2.990111 2.727441 1.233935 0.018651 0.413626 1.315223 3.344470 4.367718 5.367650 4.370190 3.355685 2.345727 1.343637 0.293745 0.030006 0.024208 0.029320 0.023994 0.067848 0.041360
0.980553 2.147911 3.178962 1.090194 1.114609 1.106248 2.079158 1.057455 1.091816 2.104734 2.110903 2.111419 1.093624 1.089409 1.081202 1.062411 2.028385 1.007639 1.000812 1.982551 0.985098 0.947017 0.096821 0.048301 0.074241 0.112524 0.044272 0.030357 0.057792 0.052711 0.037514 0.041999 0.049959 0.078530 0.785471 0.916852 0.956858 0.959869 0.969668 1.007055 1.868847 1.262758 1.475078 1.451128 3.284868 4.362823 5.382338 5.380035 4.383875 2.380786 1.376608 0.349861 0.331669 0.322627 0.023994 0.028542 0.071923 0.046120 0.072121
0.298542 1.080513 2.159741 3.133150 2.159641 2.186003 1.181551 0.141230 1.071941 2.103658 2.112550 2.107227 2.107361 2.101825 2.126311 1.056196 1.037848 1.017321 1.015910 1.015377 0.988932 0.072713 0.050894 0.048088 0.050285 0.092338 0.062661 0.022713 0.046883 0.046471 0.034446 0.032798 0.036293 0.049964 0.039619 0.090387 0.927676 0.937449 0.884698 1.017351 1.199961 1.323209 1.414585 1.417889 3.266983 4.359283 5.361138 5.369909 4.374778 2.381310 1.378121 0.364179 0.352355 0.300467 0.035132 0.019646 0.043501 0.045447 0.072304
0.147214 0.173878 1.148077 3.133298 3.170567 2.179775 1.181033 0.146798 1.078149 3.113462 3.131926 2.106957 2.102849 3.091969 2.117241 1.057765 1.038504 1.001050 0.982843 1.009026 0.976784 0.074098 0.036094 0.031578 0.021309 0.081490 0.098521 0.025138 0.023477 0.038413 0.030174 0.014396 0.027840 0.030899 0.038261 0.045691 0.058038 0.046298 0.075371 0.942686 1.230461 1.346847 1.409852 1.411801 2.269613 3.341598 3.357538 3.365040 2.355392 2.366785 1.354818 1.360519 1.362018 0.290085 0.028831 0.026466 0.048372 0.456267 0.503131
0.212722 0.301226 0.186151 2.137314 3.150120 3.146985 3.162209 2.165695 1.119915 3.104036 3.122795 4.127918 3.119985 4.101747 3.143894 1.074248 1.056203 0.071205 0.063274 1.000557 0.967674 0.037148 0.028252 0.024315 0.026695 0.058966 0.063652 0.032538 0.024713 0.030648 0.070610 0.025398 0.028923 0.019661 0.028817 0.036569 0.035484 0.044028 0.034873 0.439506 1.381654 1.417310 1.413526 1.387033 2.184425 2.327698 1.194515 0.222373 0.025836 0.201403 0.222323 0.218097 0.027794 0.190778 0.106734 0.494643 1.609414 2.579011 0.490444
0.344347 0.221794 0.251123 2.131705 2.154730 3.140903 3.163230 2.153085 2.151920 3.108049 3.127495 4.109558 4.120599 4.110275 3.130226 2.120080 0.110472 0.124281 0.070291 0.096133 0.101101 0.044747 0.026756 0.026936 0.014396 0.046395 0.040642 0.014396 0.029553 0.037177 0.079734 0.064904 0.035957 0.029121 0.036386 0.019309 0.028969 0.038570 0.037696 1.752366 2.784214 1.554399 1.453871 1.381523 0.291309 0.033515 0.030113 0.050133 0.033821 0.034431 0.080857 0.085432 0.040886 0.024178 0.095679 1.589083 2.614344 1.628698 0.569211
0.398756 0.316464 0.186865 2.134587 2.152111 2.151621 2.148182 2.152070 3.107876 4.121043 3.126795 3.118840 4.114099 3.106511 2.120479 1.018284 0.131804 0.051328 0.123681 0.081042 0.102874 0.035132 0.047127 0.039282 0.034080 0.014396 0.030678 0.029016 0.039283 0.038659 0.422931 0.483622 0.052613 0.053520 0.047461 0.014396 0.018944 0.020485 0.025355 2.796150 3.848433 2.687341 1.479539 0.109908 0.019570 0.021004 0.014396 0.068517 0.024497 0.034340 0.053033 0.060036 0.035027 0.035316 0.043366 1.618280 1.645727 0.615669 0.025142
0.390823 0.334712 0.227872 2.096729 1.144118 1.143961 0.164969 0.267015 1.953429 3.088190 3.100959 3.110294 3.111095 3.066960 1.121837 0.184053 1.183997 0.192003 0.072305 0.127402 0.183994 0.171929 0.037299 0.040092 0.028938 0.028048 0.046989 0.041633 0.055215 0.079992 0.571922 1.693502 0.567151 0.058759 0.039528 0.021004 0.033379 0.034859 1.258026 3.797699 4.761734 1.510125 0.444848 0.175980 0.072834 0.061969 0.048866 0.028771 0.030952 0.023887 0.024361 0.031502 0.039177 0.032021 0.034416 0.057261 0.552960 0.548727 0.486506
0.321764 0.283290 0.185508 0.168738 0.136717 0.129237 0.022869 0.375805 0.386740 0.967370 2.113762 3.127012 3.120621 3.070575 1.137017 0.198372 0.175672 0.069809 0.085008 0.014396 0.237151 0.197332 0.042076 0.049736 0.030998 0.027625 0.043938 0.039146 0.084098 0.111210 0.658022 1.736133 1.709774 0.617890 0.035087 0.019570 0.030937 0.047203 1.177769 3.566155 3.384569 0.804878 0.277388 0.288927 0.065913 0.055455 0.045753 0.030800 0.027565 0.026848 0.014396 0.019309 0.035195 0.030708 0.045768 0.028159 0.035058 0.503975 0.489572
0.041221 0.038648 0.035377 0.029930 0.032707 0.041312 0.044068 0.455599 0.444863 0.249675 0.941966 3.115661 3.103842 3.015013 1.139558 0.207695 0.184231 0.094212 0.106096 0.201650 1.228892 1.229584 0.175351 0.171594 0.027183 0.042436 0.066183 0.563550 0.629666 0.686638 0.665608 1.720512 1.713238 0.679590 0.021080 0.035617 0.035301 0.042198 0.220275 1.983704 2.074044 0.975570 0.386536 0.377718 0.058246 0.044744 0.041619 0.058724 0.040401 0.029991 0.031883 0.027565 0.074885 0.046258 0.039269 0.152642 0.458253 0.527073 0.493506
0.048597 0.019309 0.014396 0.024284 0.039523 0.035282 0.573925 1.647066 1.683848 0.028875 0.028081 0.071530 2.033321 1.869819 1.179170 0.203644 0.149136 0.035760 0.021096 0.171513 1.224463 2.232304 2.226604 1.235304 0.129377 0.241613 1.599294 2.725922 1.750711 1.748543 1.713925 1.733378 1.738106 0.697355 0.021003 0.044761 0.049133 0.495829 0.402188 2.116800 2.196627 1.110926 0.471267 0.506346 0.553916 0.059074 0.041541 0.057031 0.033179 0.040719 0.035057 0.279777 1.312523 0.236516 0.411737 0.266578 0.393935 1.540566 0.503952
0.039894 0.045234 0.024284 0.023399 0.030072 0.537163 1.666091 2.668785 1.698208 0.022591 0.022591 0.028312 0.183390 0.332961 1.338875 0.228364 0.039681 0.032021 0.019309 0.035103 0.157925 3.230662 2.238359 0.199440 0.143874 0.247532 1.609916 2.759297 1.754602 1.730357 1.711601 1.753346 0.681298 0.624736 0.364996 0.202600 1.487347 1.560902 1.526516 2.133208 2.193864 1.262591 1.532248 1.581450 1.584913 0.447834 0.441311 0.164499 0.162349 0.260932 0.289349 1.398567 2.346062 1.394325 0.213495 0.151717 0.107279 0.298465 0.296338
0.133604 0.111062 0.036214 0.032439 0.062321 0.571647 1.617980 2.635966 1.655722 0.022591 0.022591 0.030602 0.033703 0.420624 1.456739 0.283633 0.034504 0.025749 0.014396 0.033516 0.035743 2.227128 1.229280 0.018364 0.023139 0.033027 0.510407 1.711213 0.647915 0.626059 1.687657 0.674442 0.701981 0.017967 0.864695 0.817503 2.552259 2.637240 2.659969 1.495144 1.487458 0.530565 1.578319 2.631831 2.632435 1.577097 1.559044 0.126356 0.118905 0.033241 1.376807 2.363230 3.357322 1.378654 0.301791 0.044044 0.083259 0.047614 0.062621
0.947654 2.130823 2.136050 0.083388 0.063175 0.662306 0.616206 1.634626 1.651406 0.027794 0.027794 0.044524 0.618578 1.655805 1.607776 0.064031 0.052542 0.030587 0.052239 0.048410 0.030235 0.192324 1.238255 0.185878 0.028496 0.024574 0.031761 0.090151 0.072220 0.041652 0.656709 0.634782 0.017967 0.021034 0.913468 1.499968 2.574147 3.659770 2.660719 2.713773 1.559855 1.648416 2.589606 2.594364 2.592557 2.591597 0.419065 0.033318 0.022148 0.044334 0.244606 1.030248 2.151393 0.215950 0.210227 0.089898 0.068048 0.038186 0.047966
1.970546 3.139216 3.240963 1.133468 1.103325 0.985191 0.030371 0.619016 0.628862 0.052686 0.060565 0.646032 1.730308 2.699911 2.708549 0.102065 0.076942 0.135230 0.041267 0.045631 0.029366 0.024254 0.159899 0.186609 0.024727 0.027825 0.019417 0.052227 0.017967 0.036993 0.042323 0.491569 0.399977 1.203480 1.114079 0.814240 1.490168 2.630962 3.671027 3.729302 1.561145 1.578367 1.559705 1.557994 1.506081 0.461073 0.043551 0.033794 0.021400 0.050134 0.134942 0.048714 0.051796 0.026665 0.062798 0.085717 0.071313 0.052632 0.036919
0.987393 3.138387 3.178470 2.164179 1.150650 0.085721 0.069364 0.069073 0.014396 0.072074 0.048862 1.666331 1.700575 2.630425 2.691627 0.056189 0.056328 0.034278 0.033393 0.030127 0.042298 0.117234 0.086849 0.125691 0.106068 0.091936 0.065227 0.054253 0.021034 0.017967 0.040892 0.513067 0.455501 1.263030 1.302310 0.301918 0.224797 1.528915 3.613089 3.660681 1.513032 0.480374 0.532123 0.595070 0.730442 0.528630 0.044160 0.027245 0.028300 0.055060 0.100406 0.046959 0.039025 0.038262 0.028680 0.045159 0.056053 0.079140 0.027626
0.092775 3.133992 4.141151 3.144355 1.125377 1.125681 0.086967 0.079023 0.067980 0.068133 0.844227 1.625560 2.713804 1.659018 1.684344 0.045921 0.064736 0.028558 0.021003 0.044548 0.039665 0.506035 0.118727 0.079467 0.085731 0.064546 0.086800 0.087112 0.029456 0.026604 0.040830 0.026597 0.462839 1.254343 1.360178 0.363097 0.281929 0.609153 1.480124 3.544174 0.492431 0.112499 0.057978 0.306638 0.790828 0.591813 0.071324 0.022591 0.022591 0.066780 0.066933 0.062284 0.040079 0.029518 0.025597 0.038192 0.059120 0.066170 0.020286
