use_cases/Flooding_chicago/flooding_data/output/h_1440.asc
ncols 337
nrows 393
xllcorner 428428.000000
yllcorner 4602440.000000
cellsize 26.757400
NODATA_value -9999.000000
[rows 108 to 134 of 393, columns 177 to 235 of 337]
0.046431 0.027657 0.014396 0.051569 0.907596 0.939404 0.065605 0.935867 0.932230 0.047572 0.419433 0.363008 0.221431 0.047463 0.034721 0.044181 0.023537 0.031410 0.046221 0.037613 0.052155 0.193211 1.280547 0.205085 0.208072 0.189684 0.068060 0.065071 0.053535 0.050300 0.035896 0.028282 0.029915 0.041461 0.045570 0.064797 0.072441 0.113761 0.784413 0.890235 0.908075 1.882049 2.908755 2.923274 1.893254 1.903584 0.653436 1.064275 0.876472 0.813381 0.660730 0.594199 0.463464 0.467871 1.421013 2.515074 1.603075 0.044152 0.045759
1.060417 0.047171 0.021019 0.086515 0.884845 0.098080 0.129583 0.140983 0.130156 0.043861 0.050527 0.039407 0.035896 0.047971 0.034157 0.025551 0.030144 0.024559 0.028709 0.033805 0.043999 0.099159 0.316417 0.056143 0.060839 0.067749 0.070046 0.057839 0.037727 0.063286 0.018577 0.023065 0.028526 0.024696 0.031121 0.056543 0.043708 0.041405 0.047867 0.919044 0.963852 1.864574 2.870343 1.846874 1.858772 0.660767 0.483974 0.299232 0.172287 0.103495 0.063809 0.292356 0.271389 0.397940 2.425807 2.496624 1.521234 0.469700 0.033870
0.048669 0.144453 0.019782 0.104584 0.084790 0.091436 0.130884 0.154381 0.064141 0.070445 0.028449 0.031776 0.024056 0.028939 0.025391 0.030510 0.030999 0.024804 0.028786 0.045891 0.069801 0.193183 0.294655 0.038244 0.042153 0.052970 0.075905 0.054665 0.022484 0.106421 0.040490 0.065986 0.024620 0.027825 0.019416 0.020576 0.030754 0.037880 0.068399 0.930410 1.984984 2.997655 1.987728 0.884216 0.056629 0.045853 0.022471 0.067680 0.027764 0.034264 0.034646 0.153143 0.151060 0.367797 2.437388 2.474843 1.487129 0.453950 0.025121
0.031283 0.137214 0.094244 0.066731 0.063772 0.021202 0.064619 0.023431 0.111064 0.089684 0.028345 0.031456 0.023109 0.023857 0.056481 0.048057 0.043633 0.032127 0.041720 0.060907 0.085245 0.363931 0.042000 0.039925 0.036324 0.054756 0.065926 0.082613 0.029198 0.091743 0.072762 0.037666 0.040367 0.040001 0.029519 0.034935 0.028511 0.049196 2.058157 3.031839 4.024486 5.057528 2.050752 0.058081 0.042172 0.035315 0.024376 0.050187 0.021171 0.034645 0.040549 0.125245 1.255072 2.419915 2.442500 2.467974 1.449888 0.363578 0.233893
0.046670 0.726459 0.727765 0.033302 0.037940 0.020469 0.038720 0.044808 0.095294 0.092863 0.023597 0.079285 0.034065 0.029641 0.037880 0.118553 0.122397 0.132728 0.135551 0.075004 0.057427 0.417945 0.031899 0.028984 0.026787 0.037652 0.044136 0.044730 0.030205 0.057899 0.089248 0.075371 0.057610 0.049476 0.034903 0.042152 0.034389 0.716779 4.052361 5.034500 5.052187 4.045054 3.084566 0.080465 0.037041 0.042839 0.031837 0.023566 0.022942 0.032807 0.036736 0.083407 1.258216 2.412126 2.441250 1.440738 1.434743 1.303647 1.209279
0.719937 1.820762 2.812719 0.044822 0.030007 0.018240 0.031701 0.028954 0.074894 0.521594 0.524033 0.512438 0.467387 0.068963 0.067085 0.107521 0.140235 0.172645 0.023842 0.024360 0.027763 0.140663 0.041450 0.029486 0.026833 0.020561 0.031823 0.037940 0.017372 0.033791 0.108406 0.080589 0.072776 0.079384 0.051019 0.050941 0.104295 3.005313 4.055207 5.013345 4.021272 4.038901 2.016531 0.092148 0.054146 0.027397 0.044273 0.027366 0.023506 0.037315 0.031730 0.043298 0.044182 0.258047 1.428344 0.368315 0.342886 0.314368 2.011190
1.799555 2.832125 2.838332 0.056969 0.042916 0.021736 0.039696 0.031563 0.033578 0.556855 0.544407 0.546859 0.585985 0.079966 0.036950 0.158743 0.066399 0.021507 0.026619 0.014396 0.024619 0.200220 0.039757 0.041649 0.035286 0.037454 0.027733 0.037132 0.017372 0.071953 0.084344 0.120191 0.145472 0.334663 0.224296 0.287941 0.801047 2.924709 4.981039 4.990145 4.000220 1.973852 0.750911 0.067011 0.070716 0.086921 0.041252 0.019310 0.039269 0.024987 0.024651 0.028404 0.042321 0.045281 0.047879 0.205254 1.128041 1.155244 2.157727
1.826423 2.822379 2.833414 0.026497 0.021789 0.022332 0.030295 0.053597 0.037392 0.531461 0.523480 0.512984 0.034019 0.061241 0.052773 0.302079 0.051796 0.035255 0.023017 0.034950 0.161614 1.223838 0.161384 0.054325 0.045494 0.045906 0.038292 0.045890 0.020180 0.020560 0.053780 0.099982 0.166589 0.096611 0.193459 0.307396 0.345852 0.572773 1.622725 2.861062 2.809897 0.586853 0.075627 0.043403 0.041466 0.052940 0.042381 0.041755 0.046715 0.036766 0.060967 0.042854 0.062462 0.035454 0.057780 0.137899 1.160095 2.178537 3.185457
1.824095 2.818710 2.840332 0.025474 0.018105 0.034355 0.035377 0.057183 0.043389 0.518404 0.512039 0.503152 0.029549 0.043188 0.041556 0.241646 0.476300 0.066568 0.136670 0.092369 1.215164 1.217052 1.195415 0.157677 0.080895 0.045884 0.045586 0.027368 0.035957 0.031608 0.044761 0.028238 0.033362 0.070351 0.038245 0.214030 0.228965 0.106011 0.054298 0.147095 0.247771 0.120805 0.100437 0.031213 0.029457 0.043236 0.018212 0.037636 0.049038 0.055662 0.047675 0.064842 0.050055 0.079078 0.066205 0.111938 1.173547 2.189319 3.183666
1.826359 1.825234 1.836575 0.032127 0.020027 0.040772 0.044776 0.358654 1.493829 1.509312 1.510647 0.453038 0.385392 0.395418 0.033318 0.024940 0.392622 1.379727 0.191217 0.338188 0.155007 1.222786 1.206492 0.196083 0.119833 0.162606 0.068505 0.025520 0.174126 0.182213 0.168312 0.090813 0.046837 0.051490 0.768014 0.400796 0.299848 0.031075 0.037193 0.033789 0.249841 0.145518 0.154953 0.032310 0.032570 0.055626 0.021660 0.029625 0.059105 0.062582 0.056282 0.059840 0.117332 0.091024 0.237687 1.061709 2.187954 3.199465 4.210407
2.842934 2.839051 0.824555 0.104845 0.064066 1.510453 1.511073 2.511461 1.512050 0.501778 0.446487 0.418332 0.384069 0.387206 0.025490 0.023598 0.338398 0.356639 0.101143 0.064095 0.153831 0.202080 1.204998 0.142448 0.083382 0.044121 0.085885 0.063667 0.268137 1.282140 0.189643 0.364778 0.263038 0.969918 0.963203 0.059879 0.041587 0.028221 0.026100 0.034249 0.178884 0.256204 0.272440 0.247836 0.056298 0.048424 0.021660 0.035424 0.037620 0.062096 0.070573 0.188701 0.125282 0.074877 0.229747 1.017928 2.145866 3.166834 4.142689
3.837602 1.827432 0.812955 0.021340 0.068055 1.506127 1.524203 1.521720 0.499993 0.014942 0.346004 0.344108 0.316150 0.285898 0.178536 0.091227 0.565812 0.196002 0.163240 0.135036 0.126212 0.185814 1.199393 0.126839 0.064170 0.020088 0.031395 0.065285 0.256249 0.248634 0.174736 0.352424 0.252279 0.897744 0.897029 0.038872 0.030983 0.043220 0.034127 0.049624 0.232070 0.306710 0.314145 0.262078 0.045205 0.041009 0.018212 0.041191 0.039512 0.056268 0.247927 0.268643 0.629796 0.566245 0.372895 0.999089 2.154501 3.165842 3.201273
1.821684 1.809223 0.075300 0.034461 0.026619 0.130374 1.511713 0.509200 0.444410 0.261368 0.268964 0.247784 0.219971 0.191296 0.117738 0.261725 1.060396 1.104725 0.219671 0.110113 0.096197 0.168084 1.198294 0.131752 0.068194 0.078804 0.041756 0.030968 0.135155 0.060097 0.051764 0.086051 0.170677 0.136833 0.115592 0.060020 0.039681 0.044853 0.029885 0.064559 0.036719 1.380151 1.365165 0.275709 0.033455 0.022484 0.033003 0.039323 0.038094 0.171988 2.351514 1.244672 0.764745 0.596956 1.039826 1.961748 2.128064 2.132834 1.079597
0.049246 0.029152 0.041618 0.050148 0.014396 0.244044 0.189699 0.481415 0.376883 0.453379 0.682198 0.708134 0.712674 0.129216 0.106546 0.276196 1.242832 1.198917 0.243484 0.103143 0.198372 0.121743 1.199394 0.140556 0.072747 0.067940 0.035058 0.020379 0.101280 0.117335 0.089805 0.102670 0.056801 0.036736 0.108376 0.038612 0.048790 0.033287 0.100363 0.060859 0.036672 1.348091 2.348399 1.359754 0.269108 0.195941 0.105848 0.073253 0.123480 2.278629 3.346811 1.249277 0.174268 0.097132 0.133281 0.144823 0.992319 0.202284 0.054124
0.045956 0.014396 0.050865 0.035181 0.407810 0.364662 0.329355 0.235162 0.107028 0.316208 0.650339 0.638839 0.590915 0.355919 1.193935 1.235720 1.256483 1.206343 0.193040 0.192893 0.166315 0.240868 0.120629 0.114279 0.061501 0.034797 0.041863 0.023704 0.139838 0.157845 0.109080 0.078179 0.018836 0.026649 0.052850 0.065484 0.049080 0.148496 0.094897 0.295561 0.293113 3.281515 3.320295 2.302326 1.138508 0.985948 0.754046 0.694004 1.949875 2.309280 2.369289 0.264292 0.120415 0.086706 0.120689 0.132239 0.301906 0.273786 0.072442
0.041980 0.027383 0.037712 0.454274 1.474394 2.480524 1.477196 0.347554 0.020164 0.035881 0.033210 0.403839 0.459230 1.137293 2.242712 2.290896 1.235401 1.161179 1.157986 0.123872 0.134529 0.207680 0.090202 0.038521 0.041184 0.035118 0.023506 0.022942 0.057074 0.181068 0.028801 0.034565 0.024406 0.028282 0.069206 0.072502 0.047828 0.025475 0.073728 0.261490 3.332959 5.359616 3.345046 2.340427 0.230770 0.176241 0.101400 0.074708 0.061806 0.043156 0.107226 0.093421 0.148506 0.183280 0.197527 0.158058 0.223927 0.201301 0.091637
0.550300 0.112799 0.033028 1.483498 2.486510 3.470850 2.475209 0.023066 0.014396 0.025291 0.046580 1.051861 2.238949 2.284110 3.251692 2.247758 2.153053 3.053797 2.138963 0.251274 0.161768 0.034554 0.032308 0.022324 0.029839 0.019310 0.027366 0.023566 1.109779 0.066277 0.029594 0.031959 0.067696 0.101140 0.075081 0.050103 0.076746 0.065750 0.081795 1.285854 4.314611 5.318099 2.313770 0.229397 0.116416 0.078314 0.051980 0.055717 0.034508 0.039605 0.051522 0.047310 0.289009 0.322428 0.199838 0.119591 0.116417 0.142983 0.170754
0.151540 0.047738 0.049920 0.470633 2.469382 2.469070 2.455538 1.491567 0.019309 0.026237 0.082722 1.007349 2.252848 2.281682 1.257434 1.264010 2.165710 3.165742 2.217045 0.046896 0.052559 0.049461 0.035500 0.044060 0.031410 0.031914 0.038795 0.033363 0.140617 0.025703 0.017372 0.025703 0.031868 0.074394 0.154228 0.136314 0.315972 0.238175 1.292475 2.269692 4.305786 2.244653 0.054377 0.037849 0.125072 0.136908 0.059761 0.027336 0.024925 0.035378 0.048194 0.043403 1.433142 1.475401 0.284812 0.022041 0.034209 0.095925 0.097756
0.088663 0.084893 0.078554 0.404561 1.403206 1.442711 1.458140 0.341198 0.241504 0.230657 0.169214 0.263650 1.290729 1.333533 0.232603 0.024559 0.972787 1.955703 1.014796 0.045270 0.067899 0.061698 0.079262 0.042015 0.039208 0.033576 0.052376 0.033928 0.135475 0.025703 0.017372 0.025703 0.042762 0.037956 0.126839 0.122216 0.345628 1.259143 3.301144 4.288538 3.302917 0.039907 0.019982 0.069496 0.073478 0.089032 0.094247 0.040490 0.014396 0.054191 0.049979 0.075311 1.346122 1.427137 0.033623 0.028984 0.028511 0.082421 0.064705
0.106759 0.065496 0.063324 0.505865 0.522249 0.473093 0.478918 0.032189 0.046028 0.138551 0.185829 0.159678 0.150933 0.129845 0.079324 0.046699 0.933306 1.921139 0.915105 0.085887 0.053116 0.041422 0.060265 0.069054 0.052039 0.053184 0.035286 0.090064 0.083427 0.069028 0.025597 0.028404 0.043037 0.047095 0.131875 0.127572 0.315862 1.278787 1.287662 2.211293 0.072162 0.040841 0.017967 0.028871 0.083992 0.068538 0.052223 0.053306 0.143775 0.090248 0.099526 0.060185 0.429863 0.594734 0.020561 0.018516 0.023812 0.068947 0.030831
0.079750 0.079905 0.425774 0.562176 0.566462 0.056723 0.034981 0.034203 0.073402 0.056541 0.067099 0.147844 0.168312 0.159145 0.031060 0.033822 0.881918 1.889201 0.851038 0.082187 0.046090 0.083336 0.122438 0.122435 0.069649 0.039803 0.022179 0.058174 0.749560 0.074866 0.145081 0.205426 0.023018 0.057426 0.051032 0.120567 0.087058 0.056816 0.288894 0.125982 0.102271 0.076135 0.021034 0.017967 0.075188 0.054363 0.040581 0.061761 0.116081 0.097863 0.065483 0.068290 0.072267 0.664101 0.075066 0.037332 0.030372 0.054012 0.028954
0.083503 0.088387 0.423511 0.572090 0.550339 0.079955 0.060782 0.028740 0.056023 0.041832 0.057500 0.045602 0.080709 0.072687 0.051962 0.085319 1.589229 2.680666 1.584680 0.090470 0.056060 0.087450 0.120740 0.097817 0.067131 0.050484 0.021827 0.075859 1.666502 0.656491 0.202822 0.218472 0.253492 0.026055 0.084249 0.062646 0.055062 0.055183 0.282712 0.110146 0.107300 0.133311 0.037849 0.063072 0.110009 0.020393 0.031196 0.046836 0.035042 0.035819 0.049478 0.066857 0.084277 1.724465 0.658173 0.096536 0.083504 0.028786 0.044395
0.024161 0.031135 0.397449 0.549336 0.050995 0.082485 0.056816 0.046242 0.045297 0.039391 0.051170 0.047095 0.065897 0.056664 0.040168 0.063999 2.779156 2.823388 2.769839 1.739665 0.103546 0.161613 0.175536 0.064725 0.062524 0.031380 0.033013 2.769426 1.734348 0.634475 0.139468 0.032264 0.043297 0.051690 0.031533 0.039619 0.022759 1.113106 0.117409 0.142554 0.127465 0.165856 0.323433 0.365836 0.115426 0.165642 0.056220 0.019111 0.031107 0.044762 0.036874 0.030737 0.055901 0.565129 0.112985 0.045143 0.032524 0.027367 0.037988
0.044350 0.037514 0.090647 0.096024 0.041976 0.041191 0.032661 0.043663 0.025902 0.053476 0.035315 0.041084 0.036385 0.055489 0.037758 0.052659 1.714780 3.774976 3.797146 2.806534 1.767833 0.662833 0.138346 0.072763 0.085262 0.158350 0.023735 1.840301 0.689595 0.047478 0.045555 0.034447 0.040490 0.027566 0.033013 0.030831 0.082206 0.093377 0.098214 0.043205 0.033484 0.025948 0.061831 0.063911 0.045296 0.066048 0.094355 0.025460 0.046044 0.050361 0.063224 0.118065 0.091193 0.091804 0.072747 0.085411 0.031319 0.050941 0.065319
0.044578 0.069572 0.061241 0.056980 0.032081 0.027565 0.028923 0.017372 0.034782 0.026558 0.029335 0.024193 0.031197 0.022774 0.030219 0.037652 2.788383 4.805506 4.801333 3.807436 2.801056 0.708813 0.151072 0.164637 0.199754 0.282959 0.515083 0.634464 0.069298 0.044410 0.043937 0.025536 0.023705 0.027885 0.046760 0.068732 0.663534 0.552118 0.035699 0.042044 0.037712 0.032784 0.038749 0.029288 0.056221 0.045845 0.049553 0.017372 0.025703 0.040275 0.042102 0.147636 0.014396 0.027550 0.076485 0.089287 0.083916 0.063205 0.065332
0.049751 0.097995 0.037926 0.025398 0.037348 0.027322 0.028923 0.017372 0.027489 0.066002 0.023948 0.023155 0.029274 0.033561 0.042396 1.503282 3.802030 4.860135 5.819655 4.825456 3.829403 1.814472 0.678204 0.159936 0.183588 0.142279 0.059325 0.117549 0.094324 0.031303 0.025536 0.035712 0.025536 0.039344 0.051387 0.690040 0.698504 0.555859 0.039147 0.032387 0.024681 0.030617 0.029198 0.019814 0.020989 0.045205 0.062736 0.017372 0.025703 0.030906 0.057949 0.106742 0.076394 0.040718 0.075539 0.062538 0.048807 0.062371 0.132499
0.050407 0.132134 0.038033 0.022606 0.095259 0.040123 0.029564 0.025810 0.056450 0.062386 0.044442 0.038048 0.032187 0.033424 0.060243 1.524191 3.795318 3.838790 4.808558 5.781997 3.819340 2.817113 2.779709 0.543934 0.100823 0.080363 0.056653 0.086114 0.031883 0.039391 0.023705 0.025536 0.053047 0.042168 0.712052 0.729991 0.632246 0.044808 0.034141 0.042611 0.024498 0.030005 0.025276 0.040779 0.034782 0.106423 0.033745 0.027398 0.038796 0.045552 0.052519 0.062248 0.137697 0.133460 0.032876 0.066009 0.063014 0.520691 0.457529
