use_cases/Flooding_chicago/flooding_data/output/h_1440.asc
ncols 337
nrows 393
xllcorner 428428.000000
yllcorner 4602440.000000
cellsize 26.757400
NODATA_value -9999.000000
[rows 216 to 242 of 393, columns 59 to 117 of 337]
1.773745 1.769593 0.793329 0.790298 0.776012 0.067921 0.025028 0.018719 0.455099 0.064675 0.027843 0.018273 0.022652 0.039848 0.477313 0.490287 0.045310 0.082131 0.033104 0.036278 0.027244 0.062611 0.274304 1.411582 0.408994 0.391670 0.366697 0.340382 0.265077 0.841493 0.855884 0.127221 0.114937 0.038948 0.054314 0.066094 0.020607 0.039670 0.118959 0.135224 0.146178 2.061415 3.076411 2.000475 2.046490 2.080511 2.050819 1.260372 0.988839 0.564463 0.541951 0.613996 0.081440 0.035595 0.058790 0.035255 0.063473 0.095432 0.099741
1.782442 1.775335 1.772813 0.040173 0.053060 0.090531 0.033013 0.693601 0.575152 0.134273 0.025868 0.033241 0.028954 0.454758 1.489937 1.464203 0.351252 0.055247 0.020760 0.081628 0.082442 0.063827 0.347137 1.406978 0.025078 0.025902 0.350252 0.343483 0.291168 0.038231 0.075038 0.194303 0.052376 0.048576 0.035621 0.048363 0.019860 0.033883 0.075919 0.070201 0.129701 0.911790 0.948621 0.230677 0.221832 1.007141 0.972243 1.112140 0.943922 0.451691 0.081142 0.025329 0.032861 0.040669 0.048140 0.061162 0.088647 0.116334 0.076912
2.797288 2.786792 2.775274 0.714133 0.042092 0.041045 0.056830 0.713868 0.155007 0.238813 0.305242 0.345888 0.383828 0.433050 1.480626 1.471498 0.410173 0.032936 0.637811 0.589407 0.099137 0.024895 0.023460 0.377965 0.031486 0.034218 0.363729 0.303980 0.033120 0.018745 0.120128 0.073075 0.074150 0.025124 0.031837 0.032525 0.029961 0.053779 0.099999 0.090507 0.048621 0.288940 0.363801 0.392638 0.405408 0.420125 0.420233 0.502014 0.528755 0.209438 0.157719 0.023538 0.024819 0.504627 0.496768 0.498545 0.482296 0.501792 0.095961
2.770730 3.783908 3.775924 2.794437 0.670015 0.067717 0.110218 0.148054 0.237836 0.293498 1.351968 0.385814 0.414492 0.436202 1.484961 1.472390 0.026892 0.034485 0.635669 0.631217 0.020637 0.033470 0.024895 0.032757 0.898852 0.041832 0.051262 0.052849 0.038078 0.023704 0.201350 0.022071 0.037453 0.025078 0.031670 0.031913 0.025994 0.079583 0.053261 0.040230 0.027413 0.109753 0.427362 0.476169 0.480382 0.449822 0.208250 0.309949 0.418869 0.414936 0.286203 0.415139 0.460085 1.526956 1.488249 0.536245 1.655586 0.490249 0.108730
2.766424 2.754587 3.727642 2.738649 0.650497 0.056976 0.098035 0.158925 0.228390 0.303650 1.356287 0.383762 0.415869 0.435365 1.481775 1.469407 0.032704 0.036999 0.637889 0.618632 0.045066 0.020637 0.062174 0.035114 1.912595 0.044900 0.066719 0.037054 0.026938 0.030647 0.236962 0.237327 0.034446 0.038887 0.036293 0.056358 0.042992 0.027274 0.023201 0.018623 0.026253 0.219967 0.198122 0.527553 0.517157 0.144795 0.267217 0.384008 0.555942 0.233770 0.366998 0.428610 0.465368 1.515635 0.504662 0.471329 0.062350 0.095541 0.112252
1.759961 1.747360 1.691347 1.658879 0.675557 0.227424 0.235269 0.091902 0.025490 0.025261 0.372298 0.372736 0.021294 0.020024 0.514923 0.509876 0.030583 0.014396 0.029829 0.557754 0.494323 0.487152 0.036771 0.881954 1.908344 0.815007 0.021569 0.021508 0.036659 0.032433 1.263206 0.221330 0.024681 0.068107 0.039329 0.111504 0.074089 0.376178 0.375134 0.371129 0.366237 0.341030 1.385278 0.254056 0.172988 0.055838 0.075141 0.139283 0.769462 0.325597 1.451867 0.455117 0.481661 0.524190 1.526181 0.393056 0.062460 0.033059 0.039940
0.764599 0.736199 0.844853 0.846692 0.741451 0.175462 0.027427 0.028923 0.017372 0.032448 0.349198 0.392801 0.017999 0.515752 0.512946 0.519688 0.510266 0.034644 0.035194 0.630467 2.633479 2.587197 1.476742 0.809498 0.812405 0.718587 0.154896 0.091661 0.026069 0.025353 0.236802 0.235802 0.018990 0.046898 0.110938 0.125413 0.083198 1.428136 1.430646 1.429025 1.426272 1.424994 1.402516 0.350498 0.054390 0.091897 0.014396 0.316688 0.309265 1.476103 1.453578 1.440377 0.480892 0.525667 1.518551 0.381790 0.088118 0.037513 0.053868
0.752557 0.064501 0.930457 0.901510 0.755317 0.227410 0.027427 0.028923 0.017372 0.027092 1.419517 1.382293 1.363720 1.453108 1.475805 1.531834 1.524172 1.545395 1.540350 1.580023 2.623133 2.583672 0.517474 0.112674 0.189178 0.186437 0.229597 0.121513 0.171653 0.189325 0.203834 0.014396 0.063781 0.129862 0.113884 0.091758 0.057961 2.437757 1.433655 1.432111 2.434679 2.434039 2.422313 0.390386 0.077677 0.143245 0.279847 0.332646 0.371440 1.462576 1.449077 1.435704 0.426291 0.027526 0.031403 0.455821 0.146295 0.168867 0.050332
0.014396 0.141784 1.008955 0.976304 0.263664 0.388575 0.448218 0.090190 0.152975 0.236056 1.393770 1.374447 1.327841 0.472025 0.489158 1.575212 1.543557 2.570187 1.549985 1.579659 1.613584 1.554503 0.083728 0.017372 0.241774 0.061088 0.104363 1.165957 0.173318 0.187599 0.186623 0.155052 0.094734 0.120600 0.301741 1.411704 1.438584 2.438631 1.436609 1.435404 2.433231 2.421768 2.402214 0.487023 0.593384 0.617887 0.257978 0.351711 0.398106 1.457889 1.439613 1.418672 0.383145 0.037763 0.023858 0.025526 0.192424 0.157555 0.047363
0.191235 0.182791 1.035389 0.965825 0.396645 0.521841 0.613782 1.705371 0.806642 1.109364 1.322557 1.331452 1.301970 0.373975 0.456304 1.542190 1.526998 2.547126 1.502980 0.543207 1.616414 0.532007 0.140539 0.017372 0.257738 0.078192 0.130317 1.161124 0.157586 0.018455 0.186702 0.161308 0.099801 0.116928 0.291243 1.413857 2.438494 1.439186 1.437772 1.436546 1.434707 1.413167 1.387509 0.486835 0.574887 0.581150 0.269800 0.376439 0.423918 0.466572 0.483304 0.490141 0.461270 0.031190 0.026228 0.035584 0.048062 0.052419 0.042347
0.212505 0.292265 0.324894 0.365419 0.487402 0.563135 0.653475 1.788824 0.740771 0.252674 0.329173 1.366230 0.040291 0.025597 0.028404 0.047705 0.476976 0.449573 0.033860 0.039506 0.038005 0.666462 0.224011 0.257023 0.224621 0.055909 0.017967 0.194454 0.195513 0.023567 0.030128 0.028633 0.081994 0.087657 0.280165 1.417301 2.439254 1.440016 1.438730 1.437915 1.435433 0.438245 0.438970 0.439782 0.101082 0.189862 0.301269 0.405501 1.446386 0.486645 0.511677 0.527778 0.532278 0.558997 0.131062 0.187883 0.050532 0.022083 0.037704
0.248809 0.348477 0.407557 0.455301 0.504097 0.532286 0.582769 0.605830 0.159142 0.276017 0.269130 0.031929 0.036280 0.017372 0.025703 0.038337 0.033714 0.092313 0.030708 0.035866 0.026115 0.254223 1.387365 0.251537 0.031212 0.017967 0.021034 0.203744 0.210762 0.225698 0.028145 0.042045 0.031090 0.039883 0.038346 1.420594 2.440774 2.443469 1.440850 1.440042 1.437982 0.439733 0.439944 0.407628 0.081314 0.034446 0.037346 0.445231 0.443702 0.506549 0.538287 0.559584 0.572734 0.595095 0.589113 0.215982 0.076945 0.159148 0.220217
0.280328 0.381487 0.444382 0.484013 1.511871 0.501035 0.531109 0.082799 0.167384 0.244896 0.237866 0.036614 0.035835 0.017372 0.025703 0.039925 0.041695 0.040306 0.047767 0.014396 0.025917 0.283731 1.393766 0.028679 0.045737 0.077475 0.107247 0.167534 0.208350 0.230981 0.244209 0.041191 0.043022 0.023201 0.022164 0.328349 3.437762 3.450259 3.453884 2.450938 1.443029 1.445080 0.396752 0.064315 0.119045 0.055352 0.068504 0.018165 0.058771 0.528821 0.560969 0.577236 0.583860 0.567909 0.204881 0.345592 0.554875 0.126878 0.226632
0.322299 0.422949 1.528574 1.537965 1.497461 0.401216 0.077080 0.040442 0.061958 0.083000 0.105956 0.019309 0.014396 0.047433 0.066358 0.303471 1.442270 0.033164 0.030052 0.334374 1.378195 1.392587 1.382274 0.019538 0.341872 1.350051 0.245844 0.099464 0.026024 0.034309 0.038659 0.049598 0.040657 0.043938 0.036508 0.345358 2.435999 3.446060 3.450747 2.449630 1.443725 1.446989 0.043846 0.043679 0.061867 0.079460 0.023751 0.022072 0.102588 0.067877 0.583768 0.590161 0.580691 0.024437 0.018840 0.025546 0.665870 0.687865 0.187709
0.409703 0.450714 0.478469 1.517630 1.482560 0.379012 0.134194 0.025538 0.048210 0.077675 0.128975 0.159264 0.028678 0.042900 0.028358 0.347103 0.382459 0.025184 0.343633 1.382097 1.382453 2.384233 1.374539 1.394945 2.386373 2.383969 1.354659 0.062065 0.025978 0.034158 0.038216 0.047401 0.038749 0.069322 0.298484 1.434163 1.442771 2.449388 2.448298 2.448208 1.444937 0.419335 0.031319 0.068077 0.085153 0.024650 0.028633 0.165239 0.141203 0.114644 0.591049 1.633941 1.613866 0.451666 0.073423 0.036557 0.033860 0.719064 0.116931
1.485947 1.491032 0.460270 0.393857 0.382729 0.131051 0.228936 0.116005 0.044746 0.019142 1.223848 1.220625 0.178212 0.028800 0.029518 0.019844 0.368033 0.023858 0.024834 0.328250 1.373109 1.367279 0.360802 1.395647 1.394408 2.397503 1.380958 0.367319 0.065347 0.092155 0.101375 0.030434 0.032462 0.064320 0.324139 1.424142 0.453676 1.451896 1.454722 1.450729 1.446887 1.443978 0.087151 0.071068 0.093793 0.027840 0.024727 0.167699 0.154680 0.124667 0.561466 1.600526 1.578037 0.424922 0.082418 0.047527 0.058151 0.058963 0.092760
1.467729 1.480664 0.480243 0.046502 0.087396 0.092613 0.184716 0.180260 0.044858 0.025215 1.217508 1.220374 0.219880 0.180519 0.147989 0.097482 0.313855 0.270838 0.032082 0.035683 0.039284 0.046606 0.040229 0.029655 0.356462 0.353763 0.351769 0.366917 0.054482 0.072412 0.067635 0.058129 0.020698 0.044526 0.407454 0.441135 0.446527 1.456068 1.456083 1.452321 1.448699 1.449285 0.083107 0.064431 0.097466 0.019417 0.176774 0.177730 0.166626 0.132299 0.073045 0.445333 0.047525 0.062468 0.038555 0.058879 0.056942 0.048839 0.048593
0.457180 0.465137 0.443295 0.038354 0.027855 0.028908 0.288735 0.248832 0.049904 0.036095 0.036324 0.034904 0.027153 0.167276 0.132286 0.085642 0.251367 0.214375 0.027717 0.036507 0.017372 0.017372 0.051292 0.037468 0.328732 0.324956 0.321095 0.029198 0.048286 0.041512 0.436678 0.397844 0.027198 0.028800 0.444322 0.449414 1.462566 1.462122 2.463948 2.456550 1.447544 0.349378 0.032829 0.026725 0.028932 0.158261 1.219528 0.200251 0.198326 0.021034 0.017967 0.071164 0.031084 0.040707 0.055494 0.014396 0.033566 0.124985 0.142116
0.106757 0.086465 0.066308 0.023796 0.023018 0.044654 0.315828 0.290767 0.054405 0.045616 0.017372 0.017372 0.032937 0.020821 0.093084 0.057015 0.130841 0.234803 0.189250 0.040336 0.047715 0.030396 0.037026 0.028679 0.289650 0.287624 0.284704 0.025307 0.029732 0.447896 1.494044 1.492126 0.485466 0.503144 1.468639 1.466154 1.463790 1.469853 1.470312 1.465865 1.445705 0.315113 0.044151 0.019310 0.046021 0.142772 1.223274 0.202947 0.197925 0.017967 0.119749 0.023053 0.042028 0.040949 0.052487 0.033655 0.136276 1.162056 1.157467
0.168923 0.132119 0.034248 0.028145 0.023673 0.061607 0.346542 0.044930 0.026558 0.014396 0.045234 0.033195 0.056435 0.045910 0.049263 0.069273 0.117942 0.609934 0.600122 0.047992 0.091845 0.049612 0.094922 0.146455 0.217537 1.227212 0.207476 0.115881 0.066830 1.487495 1.490200 1.493863 0.493959 0.491491 0.472924 0.432592 0.449715 1.463519 1.464176 1.460644 0.421230 0.361238 0.029518 0.027366 0.023506 0.041801 0.032411 0.161159 1.123257 2.135895 2.142477 2.147141 1.139772 0.114940 1.111400 0.112555 1.169412 1.162116 2.162728
0.199135 0.160785 0.047010 0.022972 0.095236 1.101753 0.082308 0.089043 0.024238 0.026617 0.049813 0.033363 0.078702 0.066971 0.075233 0.061918 0.068794 0.043884 0.533585 0.456920 0.083199 0.092051 0.123607 0.109341 0.167444 0.177516 0.140973 0.588562 0.578184 1.500742 1.509598 1.515988 1.521760 1.526210 0.493203 0.016686 0.453527 1.478264 2.477088 0.464620 0.032616 0.039467 0.028435 0.023566 0.022942 0.044486 0.046502 0.031410 1.129894 2.133355 3.140644 3.142851 3.140912 3.111544 3.130473 1.124431 0.160528 1.163190 1.160716
0.190288 0.043877 0.065803 0.018547 0.105004 0.102804 1.095711 0.090034 0.076546 0.041328 0.086287 0.088825 0.327387 1.431581 1.475842 1.485707 0.487016 1.511380 2.460196 2.504555 1.490958 2.500749 1.499823 0.069276 0.107513 0.116678 0.108874 0.058132 0.035937 1.512473 2.519940 2.512120 2.519868 2.510127 1.533039 0.530046 0.020909 1.481462 1.484518 1.490900 0.033546 0.042151 0.036065 0.028191 0.027992 0.198724 0.039595 0.036852 0.110885 1.137311 1.136350 1.142939 1.150283 2.129166 3.135013 1.140398 1.143462 1.150428 1.159632
0.049202 0.065986 0.014396 0.097538 0.099891 0.098640 0.092659 0.080864 0.051216 0.130674 0.095665 0.128758 1.433215 2.502012 1.498724 1.472395 1.528682 3.545604 4.516218 4.524840 4.531206 4.535918 4.532101 0.460787 0.121099 0.168528 0.055388 0.044717 0.030442 1.507372 1.504354 2.524251 2.516091 2.519060 2.523574 1.452412 0.578898 1.468295 2.509827 1.503602 0.507678 0.514126 0.160696 0.275318 0.260713 0.120037 0.042366 0.043420 0.028007 0.025405 0.029792 0.024445 0.116858 1.120273 1.127985 1.131952 1.141284 1.132387 0.121734
0.083137 0.073449 0.062035 0.070427 0.083443 0.086020 0.081488 0.060403 0.173142 0.158577 0.104105 0.115520 1.461453 1.489572 1.483176 0.392183 2.538175 3.523368 4.520742 3.525208 4.521147 4.524526 4.531232 4.534294 3.494516 2.493208 0.450310 0.148886 0.227827 1.457721 2.506572 2.496113 2.501578 2.504249 2.464201 0.543213 1.586922 2.492262 2.512089 2.526093 0.512267 0.521120 0.127052 0.035973 0.044533 0.030449 0.018136 0.030128 0.076915 0.078279 1.060299 1.045321 2.003308 1.034829 0.080692 0.017695 1.153598 1.149876 0.118973
0.026711 0.050377 0.092500 0.129533 0.047462 0.058452 0.063132 0.041633 0.146263 1.147773 0.103416 0.121566 0.350142 1.488891 1.506110 0.028984 2.562379 4.569761 4.541453 3.554282 3.552623 4.571989 5.581076 6.576733 6.524003 4.552673 3.531763 2.437653 1.297676 1.270595 2.505630 2.476927 2.485397 2.494708 2.512328 2.639874 1.552676 2.491931 2.491323 1.491753 0.410375 0.038050 0.029518 0.021965 0.022453 0.022453 0.021965 0.056777 2.047053 2.056584 2.055662 2.047312 3.053432 3.051612 1.040690 0.020519 0.115213 2.139810 1.052630
0.033622 0.037361 0.362663 1.439427 0.338114 0.061935 0.033775 0.175998 0.162500 1.150750 0.096237 0.119081 0.346784 1.528005 0.032973 0.020513 2.566599 5.574925 6.540547 5.515456 3.559553 4.581235 5.593869 5.570868 6.565629 5.577222 5.508181 3.462151 1.358036 1.261772 2.489183 3.489170 3.470086 3.472722 3.492254 3.582827 2.577411 1.513174 1.491099 0.400589 0.043419 0.039671 0.036934 0.018136 0.030449 0.064953 0.066550 1.062678 2.063405 2.069969 2.063682 3.049866 4.060031 5.053916 3.033699 0.087375 1.111050 2.154506 2.101604
0.056053 0.049627 0.394423 2.482921 2.496273 0.353508 0.021584 0.173410 0.160851 0.121448 0.070199 0.113151 0.413828 0.458126 0.045466 0.017884 1.518558 4.535550 6.537981 5.534337 4.529336 4.541500 4.546278 4.533902 3.529483 4.542868 5.518175 3.506254 1.393502 0.332306 1.465533 3.454382 3.448317 2.377796 2.321880 3.496613 2.547055 2.525460 0.502786 0.452851 0.029854 0.023414 0.025748 0.049569 2.061866 2.064073 2.060009 2.069409 1.054258 2.067585 3.059536 4.051586 6.062379 7.053633 3.017817 1.089345 1.105555 2.178754 2.114533
