use_cases/Flooding_chicago/flooding_data/output/h_1560.asc
ncols 337
nrows 393
xllcorner 428428.000000
yllcorner 4602440.000000
cellsize 26.757400
NODATA_value -9999.000000
[rows 297 to 323 of 393, columns 59 to 117 of 337]
1.187064 1.271384 1.407178 2.352597 2.396641 3.409657 1.411099 1.386576 0.399764 0.081430 0.106880 0.083593 1.675367 0.631392 0.698302 0.710492 0.691054 0.692854 0.699331 0.037529 0.022056 0.023658 0.051566 0.034676 0.056340 0.072731 1.053553 1.055913 0.859465 1.813630 1.878266 0.870209 0.842909 0.823293 1.794968 1.803299 0.784343 0.775629 0.058086 0.032310 0.042549 0.040260 0.100533 0.066367 0.100266 0.899972 0.944222 0.964360 0.935164 0.891272 1.879344 1.890128 1.890244 1.904675 1.881559 0.805941 0.184585 0.257527 0.025536
2.358126 2.369657 3.332653 3.356385 3.355457 2.396728 2.355403 1.386277 0.353316 0.082466 0.110863 0.103950 0.072633 0.060840 0.064027 0.036746 0.671578 0.662521 0.025338 0.049584 0.018165 0.035424 0.039940 0.483261 0.033500 0.037810 0.030555 0.078774 0.800756 1.836001 1.888044 0.881561 0.843923 1.803241 1.807835 1.815231 0.797559 0.783240 0.088727 0.045463 0.059700 0.056999 0.034904 0.058807 0.067776 0.898058 1.972059 0.972109 0.039135 0.037950 0.871561 0.862665 0.894682 1.917708 0.833744 0.209196 0.252998 0.308978 0.357070
1.426665 2.445228 3.456062 3.454377 3.442603 2.446053 1.415996 0.317304 0.046044 0.036964 0.045448 0.045571 0.039910 0.028313 0.065511 0.628636 0.653908 0.648571 0.650345 0.041008 0.041542 0.064205 0.476020 0.486831 0.489498 0.024331 0.024331 0.035313 0.056059 1.832121 1.870628 0.021822 0.805068 1.801906 2.810045 1.799320 1.807850 0.787283 0.033318 0.056739 0.067940 0.017372 0.041466 0.048836 0.050547 0.913222 1.971745 0.963436 0.046293 0.067795 0.079997 0.084374 0.890759 1.902381 0.856033 0.206011 0.270325 0.345071 1.428052
0.346906 1.366966 1.243510 1.224416 1.226640 1.356562 0.308876 0.030815 0.046485 0.060644 0.064064 0.063912 0.014396 0.032220 0.064098 0.043038 0.631984 0.629111 0.649162 0.040443 0.039437 0.072075 0.491670 0.486136 0.496514 0.029564 0.029564 0.046681 0.101466 1.831952 1.884943 0.026466 0.809065 1.809074 2.804702 1.810730 1.792989 0.061841 0.030677 0.045983 0.061637 0.017372 0.040382 0.046333 1.963246 1.955721 1.965214 0.932939 0.954566 0.068672 0.085167 0.080690 0.044853 0.959930 0.904192 0.121248 0.017372 0.368432 1.419703
0.298196 0.247537 1.007474 0.988797 0.935615 0.188478 0.030465 0.036155 0.014396 0.065041 0.061210 0.049885 0.042428 0.028969 0.061977 0.037074 0.590092 0.578598 0.029763 0.047538 0.041084 0.090813 0.047097 0.464436 0.475440 0.024331 0.024331 0.045936 0.160431 0.710571 1.844307 1.841426 1.858007 1.833073 1.824304 1.839222 0.810314 0.098391 0.112584 0.118835 0.035866 0.038597 0.029686 0.047544 1.915799 1.896462 0.912141 0.062364 0.075581 0.092294 0.094775 0.087012 0.054673 0.967363 0.922969 0.074064 0.017372 0.395323 1.443028
0.252955 0.170275 1.235935 2.280626 1.302354 0.261032 0.030723 0.029076 0.040001 0.044610 0.036812 0.074621 0.053322 0.045190 0.037178 0.458038 1.287242 0.498618 0.029701 0.046745 0.046409 0.029109 0.045254 0.376483 1.471843 0.032867 0.041588 0.041002 0.278280 0.260708 0.777410 2.824308 2.859274 2.849696 1.819214 1.834939 0.801315 0.095440 0.096093 0.079879 0.059511 0.052064 0.063667 0.051568 0.095486 0.075928 0.033851 0.018943 0.047433 0.036720 0.025474 0.019203 0.044133 0.997739 0.992295 1.019527 0.241961 1.387645 1.409775
0.149114 0.367128 2.421042 2.470765 1.447091 1.353298 0.297969 0.045079 0.035026 0.047448 0.037331 0.216661 0.230556 0.321079 0.364701 1.407295 2.418121 1.388216 0.289346 0.030808 0.035469 0.026588 0.033150 1.425009 1.452625 0.326710 0.319261 1.395019 1.400400 0.316040 0.780009 2.811747 2.832453 2.830954 2.821172 1.837197 0.791541 0.082265 0.067579 0.448051 0.431385 0.392721 0.037931 0.020424 0.031548 0.036156 0.038078 0.025322 0.061958 0.035713 0.078807 0.049760 0.985118 0.960868 0.924863 0.948547 0.233325 0.320394 0.345964
0.104683 1.449135 2.495935 2.488413 1.456614 1.389344 1.411871 0.294574 0.078800 0.160221 0.218336 1.303729 1.285032 0.363273 0.377174 1.445545 1.466180 1.442517 0.245705 0.139425 0.081139 0.418617 0.433810 1.420126 1.441485 1.405640 2.401062 3.419940 3.424191 1.414035 0.228404 0.655178 0.653103 1.785323 1.785960 0.738309 0.746053 0.054348 0.052632 0.448075 0.449370 0.426503 0.382391 0.032890 0.029320 0.017372 0.017372 0.086606 0.060482 0.965789 0.981002 0.971547 0.964242 0.063893 0.111794 0.172452 0.263215 0.288592 0.024925
0.455952 1.467860 2.499810 2.496063 1.466266 1.420529 1.439531 1.368301 0.524003 0.178609 0.249843 1.329427 0.231028 0.026879 0.014396 0.034813 0.026085 0.216663 0.471562 0.447433 0.361723 1.431632 1.450743 1.421419 1.454395 2.367554 3.409482 3.417793 2.402236 2.417368 0.339512 0.029638 0.029765 0.065621 0.744984 0.712008 0.722984 0.046767 0.049535 0.420270 0.439547 0.390380 0.370805 0.270731 0.035500 0.025704 0.025704 0.081801 0.059258 0.071342 1.013838 0.052351 0.065860 0.082298 0.018501 0.023751 0.297963 0.307674 0.025840
1.427051 1.457188 2.493942 2.492883 1.445392 1.398280 1.432483 0.376496 0.056309 0.120249 0.162339 0.201461 0.020423 0.031425 0.037879 0.033775 0.025826 0.129868 0.454896 0.469977 1.450222 1.454860 1.458649 0.418933 0.444245 1.418517 3.419102 2.426455 1.414920 1.419816 0.365052 0.024331 0.024331 0.031774 0.036085 0.601410 0.634420 0.047473 0.061718 0.042887 0.032067 0.321554 1.340209 1.355260 0.234050 0.210003 0.046226 0.067512 0.062217 0.046639 0.046319 0.017966 0.026115 0.090661 0.124401 0.031363 0.034462 0.037026 0.048866
1.444348 2.446774 2.485167 2.482942 1.412678 1.375126 0.362333 0.350026 0.027024 0.282230 0.293740 0.097673 0.061642 0.052246 0.035587 0.228917 0.038468 0.073173 0.436073 0.445356 0.452745 0.435534 0.440578 0.027076 0.024254 0.396484 1.413653 1.416205 1.413869 1.416156 0.368605 0.029564 0.029564 0.030968 0.348864 0.481823 0.516693 0.048532 0.073141 0.018959 0.045418 0.263796 1.356379 0.308726 0.228597 0.213597 0.038291 0.048196 0.047462 0.045555 0.017966 0.021034 0.026954 0.066300 0.090448 0.026147 0.031563 0.027306 -9999.000000
1.437228 2.450482 2.481431 2.478503 1.357807 2.213692 1.178964 0.293596 0.225756 1.212762 1.210337 0.227138 0.178427 0.185045 1.248952 0.223991 0.202424 0.039577 0.413688 0.418393 0.425439 0.422615 0.029334 0.040199 0.026741 0.415344 0.417057 0.421616 1.408865 1.409963 0.361397 0.024331 0.024331 0.037299 0.282042 0.358870 0.363977 0.031871 0.019081 0.026314 0.022514 0.018440 0.020531 0.144016 -9999.000000 -9999.000000 -9999.000000 -9999.000000 -9999.000000 -9999.000000 -9999.000000 -9999.000000 -9999.000000 -9999.000000 -9999.000000 -9999.000000 -9999.000000 -9999.000000 -9999.000000
1.465937 2.476522 2.544487 2.533274 1.348115 2.245424 2.281180 1.244717 1.267747 2.265379 2.279270 0.252252 1.250743 1.250264 1.247192 0.237501 0.242731 0.023509 0.382638 0.384772 0.393099 0.396722 0.036262 0.038017 0.418086 0.413747 0.414620 0.418756 0.407723 0.399808 0.014396 0.042034 0.031623 -9999.000000 -9999.000000 -9999.000000 -9999.000000 -9999.000000 -9999.000000 -9999.000000 -9999.000000 -9999.000000 -9999.000000 -9999.000000 -9999.000000 -9999.000000 -9999.000000 -9999.000000 -9999.000000 -9999.000000 -9999.000000 -9999.000000 -9999.000000 -9999.000000 -9999.000000 -9999.000000 -9999.000000 -9999.000000 -9999.000000
0.384717 0.387340 0.419951 0.461486 1.288426 3.112345 3.245840 3.259007 3.278652 2.281327 2.294173 0.258449 1.260402 1.258831 2.259916 2.257230 1.249539 0.225041 1.293703 1.283065 0.343138 0.360779 0.040657 0.041054 1.421977 1.415588 0.410718 0.392104 0.398025 0.372666 0.019309 0.086093 0.047885 -9999.000000 -9999.000000 -9999.000000 -9999.000000 -9999.000000 -9999.000000 -9999.000000 -9999.000000 -9999.000000 -9999.000000 -9999.000000 -9999.000000 -9999.000000 -9999.000000 -9999.000000 -9999.000000 -9999.000000 -9999.000000 -9999.000000 -9999.000000 -9999.000000 -9999.000000 -9999.000000 -9999.000000 -9999.000000 -9999.000000
0.309724 0.337072 0.353379 0.017372 0.240410 4.218839 3.282209 3.292551 3.292418 2.284417 2.294672 1.261888 1.270199 1.267227 2.269282 2.259324 2.239558 1.244156 1.312306 1.312161 1.263980 0.301001 0.048605 0.048210 1.419687 1.419688 0.406584 0.024284 0.023398 0.248697 0.159187 0.106405 -9999.000000 -9999.000000 -9999.000000 -9999.000000 -9999.000000 -9999.000000 -9999.000000 -9999.000000 -9999.000000 -9999.000000 -9999.000000 -9999.000000 -9999.000000 -9999.000000 -9999.000000 -9999.000000 -9999.000000 -9999.000000 -9999.000000 -9999.000000 -9999.000000 -9999.000000 -9999.000000 -9999.000000 -9999.000000 -9999.000000 -9999.000000
1.148774 1.052841 0.267526 0.017372 0.224595 4.264601 3.279145 2.274185 2.281590 1.265726 1.264249 1.263818 1.264314 1.260952 1.255116 1.255574 2.250906 1.204040 0.291804 0.262536 0.254576 0.041771 0.068825 0.050254 0.312521 0.303613 0.019309 0.014396 0.024284 0.182967 0.168490 0.092052 -9999.000000 -9999.000000 -9999.000000 -9999.000000 -9999.000000 -9999.000000 -9999.000000 -9999.000000 -9999.000000 -9999.000000 -9999.000000 -9999.000000 -9999.000000 -9999.000000 -9999.000000 -9999.000000 -9999.000000 -9999.000000 -9999.000000 -9999.000000 -9999.000000 -9999.000000 -9999.000000 -9999.000000 -9999.000000 -9999.000000 -9999.000000
3.201742 3.187595 1.162627 1.170320 3.216565 4.250446 3.277568 3.231448 1.256870 1.256700 1.253645 1.262903 1.264236 1.258997 1.251917 1.249381 1.247576 0.250992 0.295806 0.025948 0.050560 0.033195 0.044534 0.029136 0.038917 0.246354 0.248550 0.020163 0.112084 0.132399 0.096390 -9999.000000 -9999.000000 -9999.000000 -9999.000000 -9999.000000 -9999.000000 -9999.000000 -9999.000000 -9999.000000 -9999.000000 -9999.000000 -9999.000000 -9999.000000 -9999.000000 -9999.000000 -9999.000000 -9999.000000 -9999.000000 -9999.000000 -9999.000000 -9999.000000 -9999.000000 -9999.000000 -9999.000000 -9999.000000 -9999.000000 -9999.000000 -9999.000000
3.228585 3.210090 3.181196 2.196218 4.254892 3.250773 2.285947 3.257282 2.228588 1.255137 1.242770 0.212859 0.030175 0.035683 0.027503 0.204464 0.215502 0.014396 0.358195 0.334556 0.066201 0.048363 0.070823 0.021859 0.028557 0.188766 0.201401 0.107484 0.085581 0.074367 -9999.000000 -9999.000000 -9999.000000 -9999.000000 -9999.000000 -9999.000000 -9999.000000 -9999.000000 -9999.000000 -9999.000000 -9999.000000 -9999.000000 -9999.000000 -9999.000000 -9999.000000 -9999.000000 -9999.000000 -9999.000000 -9999.000000 -9999.000000 -9999.000000 -9999.000000 -9999.000000 -9999.000000 -9999.000000 -9999.000000 -9999.000000 -9999.000000 -9999.000000
3.220431 3.213336 3.200775 2.208852 3.235658 1.230235 1.283852 2.266772 1.255332 1.257056 1.246160 0.211111 0.042122 0.046761 0.033805 0.021156 0.216517 0.206049 0.025703 0.367741 0.075754 0.049613 0.029412 0.017372 0.032921 0.143577 0.148725 0.158809 -9999.000000 -9999.000000 -9999.000000 -9999.000000 -9999.000000 -9999.000000 -9999.000000 -9999.000000 -9999.000000 -9999.000000 -9999.000000 -9999.000000 -9999.000000 -9999.000000 -9999.000000 -9999.000000 -9999.000000 -9999.000000 -9999.000000 -9999.000000 -9999.000000 -9999.000000 -9999.000000 -9999.000000 -9999.000000 -9999.000000 -9999.000000 -9999.000000 -9999.000000 -9999.000000 -9999.000000
3.209140 3.196814 2.203956 2.184047 1.218402 1.195238 0.217783 0.208946 0.216538 1.264413 1.260656 0.163838 0.040977 0.041069 0.239527 0.233483 1.224544 0.152822 0.053016 0.034035 0.056130 0.070092 0.032798 0.017372 0.029609 0.022467 0.070847 0.108731 -9999.000000 -9999.000000 -9999.000000 -9999.000000 -9999.000000 -9999.000000 -9999.000000 -9999.000000 -9999.000000 -9999.000000 -9999.000000 -9999.000000 -9999.000000 -9999.000000 -9999.000000 -9999.000000 -9999.000000 -9999.000000 -9999.000000 -9999.000000 -9999.000000 -9999.000000 -9999.000000 -9999.000000 -9999.000000 -9999.000000 -9999.000000 -9999.000000 -9999.000000 -9999.000000 -9999.000000
3.208966 3.201154 2.206377 2.192760 1.223449 1.210321 0.189007 0.023782 0.025352 0.226019 0.039056 0.025596 0.028405 0.044533 0.216143 0.225264 1.226812 0.025336 0.026298 0.036003 0.018380 0.022300 0.024681 -9999.000000 -9999.000000 -9999.000000 -9999.000000 -9999.000000 -9999.000000 -9999.000000 -9999.000000 -9999.000000 -9999.000000 -9999.000000 -9999.000000 -9999.000000 -9999.000000 -9999.000000 -9999.000000 -9999.000000 -9999.000000 -9999.000000 -9999.000000 -9999.000000 -9999.000000 -9999.000000 -9999.000000 -9999.000000 -9999.000000 -9999.000000 -9999.000000 -9999.000000 -9999.000000 -9999.000000 -9999.000000 -9999.000000 -9999.000000 -9999.000000 -9999.000000
5.192267 4.200944 4.184500 3.144388 1.237233 1.224328 0.196246 0.026008 0.034905 0.046165 0.064506 0.017372 0.025704 0.048240 0.029336 0.142139 0.139261 0.014396 -9999.000000 -9999.000000 -9999.000000 -9999.000000 -9999.000000 -9999.000000 -9999.000000 -9999.000000 -9999.000000 -9999.000000 -9999.000000 -9999.000000 -9999.000000 -9999.000000 -9999.000000 -9999.000000 -9999.000000 -9999.000000 -9999.000000 -9999.000000 -9999.000000 -9999.000000 -9999.000000 -9999.000000 -9999.000000 -9999.000000 -9999.000000 -9999.000000 -9999.000000 -9999.000000 -9999.000000 -9999.000000 -9999.000000 -9999.000000 -9999.000000 -9999.000000 -9999.000000 -9999.000000 -9999.000000 -9999.000000 -9999.000000
6.202286 5.201008 5.197284 5.198912 0.184867 0.168723 0.190097 0.273120 0.248155 0.048553 0.020134 0.017372 0.025704 0.033759 0.043114 -9999.000000 -9999.000000 -9999.000000 -9999.000000 -9999.000000 -9999.000000 -9999.000000 -9999.000000 -9999.000000 -9999.000000 -9999.000000 -9999.000000 -9999.000000 -9999.000000 -9999.000000 -9999.000000 -9999.000000 -9999.000000 -9999.000000 -9999.000000 -9999.000000 -9999.000000 -9999.000000 -9999.000000 -9999.000000 -9999.000000 -9999.000000 -9999.000000 -9999.000000 -9999.000000 -9999.000000 -9999.000000 -9999.000000 -9999.000000 -9999.000000 -9999.000000 -9999.000000 -9999.000000 -9999.000000 -9999.000000 -9999.000000 -9999.000000 -9999.000000 -9999.000000
4.206899 5.200656 5.203483 5.199942 0.139694 0.040986 0.020180 0.054375 0.053063 0.070624 0.079704 0.027687 0.030113 -9999.000000 -9999.000000 -9999.000000 -9999.000000 -9999.000000 -9999.000000 -9999.000000 -9999.000000 -9999.000000 -9999.000000 -9999.000000 -9999.000000 -9999.000000 -9999.000000 -9999.000000 -9999.000000 -9999.000000 -9999.000000 -9999.000000 -9999.000000 -9999.000000 -9999.000000 -9999.000000 -9999.000000 -9999.000000 -9999.000000 -9999.000000 -9999.000000 -9999.000000 -9999.000000 -9999.000000 -9999.000000 -9999.000000 -9999.000000 -9999.000000 -9999.000000 -9999.000000 -9999.000000 -9999.000000 -9999.000000 -9999.000000 -9999.000000 -9999.000000 -9999.000000 -9999.000000 -9999.000000
2.203424 3.205160 4.205453 2.193598 0.119798 0.030632 0.017372 0.033210 0.020882 0.067635 0.048333 -9999.000000 -9999.000000 -9999.000000 -9999.000000 -9999.000000 -9999.000000 -9999.000000 -9999.000000 -9999.000000 -9999.000000 -9999.000000 -9999.000000 -9999.000000 -9999.000000 -9999.000000 -9999.000000 -9999.000000 -9999.000000 -9999.000000 -9999.000000 -9999.000000 -9999.000000 -9999.000000 -9999.000000 -9999.000000 -9999.000000 -9999.000000 -9999.000000 -9999.000000 -9999.000000 -9999.000000 -9999.000000 -9999.000000 -9999.000000 -9999.000000 -9999.000000 -9999.000000 -9999.000000 -9999.000000 -9999.000000 -9999.000000 -9999.000000 -9999.000000 -9999.000000 -9999.000000 -9999.000000 -9999.000000 -9999.000000
1.193289 1.191392 1.190840 0.158437 0.024376 0.046302 0.017372 0.027138 0.060417 0.048561 -9999.000000 -9999.000000 -9999.000000 -9999.000000 -9999.000000 -9999.000000 -9999.000000 -9999.000000 -9999.000000 -9999.000000 -9999.000000 -9999.000000 -9999.000000 -9999.000000 -9999.000000 -9999.000000 -9999.000000 -9999.000000 -9999.000000 -9999.000000 -9999.000000 -9999.000000 -9999.000000 -9999.000000 -9999.000000 -9999.000000 -9999.000000 -9999.000000 -9999.000000 -9999.000000 -9999.000000 -9999.000000 -9999.000000 -9999.000000 -9999.000000 -9999.000000 -9999.000000 -9999.000000 -9999.000000 -9999.000000 -9999.000000 -9999.000000 -9999.000000 -9999.000000 -9999.000000 -9999.000000 -9999.000000 -9999.000000 -9999.000000
1.177929 0.190286 0.201324 0.167440 0.055504 0.037850 0.038736 0.056740 0.039833 -9999.000000 -9999.000000 -9999.000000 -9999.000000 -9999.000000 -9999.000000 -9999.000000 -9999.000000 -9999.000000 -9999.000000 -9999.000000 -9999.000000 -9999.000000 -9999.000000 -9999.000000 -9999.000000 -9999.000000 -9999.000000 -9999.000000 -9999.000000 -9999.000000 -9999.000000 -9999.000000 -9999.000000 -9999.000000 -9999.000000 -9999.000000 -9999.000000 -9999.000000 -9999.000000 -9999.000000 -9999.000000 -9999.000000 -9999.000000 -9999.000000 -9999.000000 -9999.000000 -9999.000000 -9999.000000 -9999.000000 -9999.000000 -9999.000000 -9999.000000 -9999.000000 -9999.000000 -9999.000000 -9999.000000 -9999.000000 -9999.000000 -9999.000000
