use_cases/Flooding_chicago/flooding_data/output/h_1500.asc
ncols 337
nrows 393
xllcorner 428428.000000
yllcorner 4602440.000000
cellsize 26.757400
NODATA_value -9999.000000
[rows 162 to 188 of 393, columns 177 to 235 of 337]
0.047874 0.094581 0.102277 0.134422 0.130790 0.053613 0.020210 0.030235 0.144375 0.275162 0.271888 0.128534 0.077835 0.045668 0.052812 0.052323 0.064997 0.047997 0.045128 3.747819 4.782489 5.766371 4.752316 2.794111 1.780113 0.056795 0.082267 0.125032 0.159564 0.144526 0.097108 0.106439 1.542004 0.593785 0.052529 0.054255 0.052164 0.020699 0.062457 0.183945 0.443676 0.548683 0.670652 0.052717 0.025291 0.032799 0.048439 0.030128 0.037422 0.028801 0.034280 1.439867 2.620556 1.655503 0.045376 0.445510 0.456137 2.563722 3.559618
0.028650 0.091326 0.075050 0.163306 0.146355 0.060478 0.030174 0.019799 0.023942 1.516085 1.522348 0.019645 0.028419 0.029594 0.024224 0.045219 0.032707 0.039513 0.047752 1.751674 3.809418 4.826296 4.819908 3.827419 2.819964 1.809445 1.788517 0.087788 0.158184 0.159119 0.111465 0.763174 1.526808 0.655559 0.043907 0.053315 0.028983 0.020194 0.026622 0.230909 0.643435 0.821945 0.285684 0.067996 0.089550 0.063904 0.073814 0.032996 0.042672 0.032966 0.045123 2.545949 3.562757 2.561679 2.560406 2.562768 2.564259 4.563944 3.559580
0.039404 0.085560 0.090186 0.119530 0.100425 0.092857 0.035623 0.060982 0.369801 2.534625 2.538415 1.550902 0.022514 0.613090 0.023155 0.023004 0.024956 0.032869 0.033725 1.804206 2.758539 4.818059 4.819394 3.830052 2.802135 1.834590 1.833012 0.780247 0.142472 0.149934 0.108897 0.834640 0.198373 0.158595 0.030132 0.032387 0.017967 0.031761 0.031318 0.340189 0.910906 0.306378 0.145799 0.098180 0.083188 0.279243 1.338137 0.239187 0.039208 0.035149 0.463125 4.568359 5.581357 4.589806 3.573313 2.570650 3.565102 4.569224 3.563352
0.086251 0.064811 0.077871 0.136145 0.127114 0.050102 0.039040 0.070077 0.364218 1.513228 2.524414 1.489525 0.634633 1.616299 1.622989 0.569374 0.033089 0.046222 0.038674 1.808561 1.869265 2.803440 1.836016 1.844544 2.802615 1.831559 0.799750 0.792461 0.114130 0.116028 0.093365 0.051403 0.356093 0.139869 0.038880 0.017967 0.021034 0.028052 0.755981 0.710830 0.593848 0.309665 0.271578 0.028923 0.079976 0.266068 1.364181 1.395608 0.295369 0.234552 0.602219 4.525018 5.584807 5.605388 3.573271 3.578114 4.557674 4.578629 3.565988
0.086144 0.033973 0.037026 0.193305 0.080313 0.095956 0.062736 0.054406 0.073833 0.384389 1.489779 0.426662 0.497692 1.595368 1.584139 0.555567 0.030097 0.053477 0.065729 1.788284 1.870941 1.866927 0.832591 1.828375 1.809669 1.814624 0.740146 0.052543 0.048159 0.029276 0.027066 0.036797 0.173921 0.278903 0.039029 0.028852 0.027458 0.034889 0.743576 1.959717 0.884208 0.065116 0.058892 0.040096 0.054985 0.044363 0.276998 0.359978 0.332486 0.280482 0.612042 3.470061 3.581010 3.589643 3.572639 3.579790 3.587925 2.574677 2.572793
0.054329 0.029548 0.033257 0.078300 0.106560 0.091163 0.071130 0.073127 0.106943 0.310657 0.326057 0.032417 0.031502 0.045781 0.503557 0.546344 0.020058 0.068549 0.053377 1.724251 1.840481 1.850860 0.754510 0.646022 0.637991 0.606251 0.630668 0.084315 0.060642 0.026913 0.027372 0.040991 0.031197 0.440017 0.525390 0.027587 0.207909 0.197141 0.804683 1.839376 0.832241 0.039732 0.014396 0.091606 0.062025 0.038205 0.041862 0.319871 0.343685 0.298961 0.584032 1.392577 0.461935 0.450482 1.538655 2.548275 2.546009 1.546888 1.539772
0.047951 0.022422 0.039699 0.093177 0.052482 0.030761 0.057564 0.057746 0.089410 0.080554 0.043738 0.032875 0.030296 0.044162 0.067376 0.071388 0.155453 0.089271 0.421661 1.538739 1.680067 1.709723 0.073561 0.021454 0.117132 0.034691 0.053524 0.072940 0.045439 0.038165 0.014396 0.019310 0.028427 0.425144 1.549327 1.594661 0.304361 0.255473 0.500187 0.482288 0.446055 0.075036 0.122279 0.124764 0.026787 0.026069 0.033196 0.043037 0.292995 0.310674 0.304457 0.526283 0.031885 0.026842 0.042784 0.357035 0.431604 0.536571 0.556090
0.042107 0.030113 0.029796 0.113862 0.029550 0.026177 0.035057 0.033044 0.054848 0.048836 0.041633 0.035287 0.026970 0.035224 0.034919 0.140191 0.020042 0.030419 0.267769 0.344257 1.212646 0.346024 0.045633 0.026354 0.072636 0.036791 0.045137 0.048997 0.050726 0.039691 0.030681 0.160615 0.490658 1.478876 1.524718 0.469451 0.029087 0.036300 1.718974 0.649758 0.584356 0.085945 0.127847 0.139378 0.036675 0.034248 0.046684 0.039635 0.065808 0.062314 0.070588 0.772786 0.058062 0.018655 0.046387 0.031295 0.148085 0.262147 0.266821
0.039635 0.020745 0.036278 0.085427 0.027565 0.014396 0.019310 0.028007 0.036583 0.025063 0.022881 0.035302 0.029854 0.040962 0.054192 0.037452 0.031242 0.020530 0.389987 0.508933 0.899661 0.586569 0.040827 0.032369 0.072288 0.031318 0.029030 0.057206 0.079346 0.324826 0.355578 0.259140 0.201416 0.320036 0.328221 0.050280 0.040434 0.028181 1.750446 1.781883 0.601755 0.094628 0.036644 0.047203 0.049477 0.037972 0.037392 0.058143 0.045617 0.030830 0.141737 0.945489 1.062144 0.024529 0.017967 0.021034 0.026954 0.399101 0.389350
0.020745 0.033898 0.025841 0.046974 0.037179 0.048820 0.031959 0.034037 0.030861 0.037437 0.040291 0.096657 0.026055 0.034752 0.034752 0.057793 0.053017 0.033867 0.632934 0.687905 0.691258 0.692428 0.083109 0.030162 0.038903 0.039437 0.032021 0.054345 0.135231 0.326986 1.453083 0.279338 0.157146 0.092361 0.061477 0.063617 0.087262 0.206860 1.694724 1.801120 0.667994 0.128342 0.054345 0.064430 0.044272 0.031258 0.057024 0.766147 0.029044 0.030787 0.191222 0.947867 1.048279 1.022625 0.028871 0.017967 0.026115 1.606330 0.501227
0.036232 0.025795 0.028312 0.056160 0.034187 0.044761 0.039910 0.042870 0.042260 0.059592 0.182202 0.058663 0.021431 0.053673 0.044822 0.414537 0.448552 0.993509 1.959261 2.050483 2.022052 0.934833 0.100484 0.041680 0.026375 0.014396 0.019310 0.102425 0.207373 0.314935 0.290668 0.032448 0.040951 0.039072 0.027168 0.037672 0.152931 0.253171 1.632570 1.764982 0.674279 0.139968 0.058190 0.057625 0.071358 0.045296 1.746189 2.768623 1.759597 0.023491 0.262382 0.842879 0.969578 0.896990 0.292927 0.021500 0.066563 1.462050 0.513453
0.044593 0.032310 0.019539 0.037117 0.038353 0.066079 0.045343 0.067844 0.143251 2.247065 2.273593 1.211704 0.027901 0.031440 0.475685 0.474241 0.471448 0.958908 2.389053 1.949644 0.814188 0.823494 0.114824 0.022010 0.023247 0.044859 0.030830 0.184819 0.258226 0.159325 0.038826 0.028403 0.031944 0.027259 0.026740 0.054319 0.252026 0.316495 0.511450 0.510797 0.451070 0.091820 0.048286 0.048440 0.191703 0.119004 1.688264 2.731554 1.736408 0.595091 0.398637 0.270829 0.202778 0.209117 0.319509 0.167597 0.965075 0.837539 0.588558
0.054069 0.035148 0.020500 0.040932 0.038934 0.060630 0.091280 1.044734 2.188622 3.214628 2.278732 1.114555 0.874803 0.738590 0.622519 1.478647 1.542322 1.288406 0.900521 0.999550 0.126811 0.028329 0.037442 0.018151 0.453355 0.397523 1.470912 0.362430 0.255291 0.041543 0.031456 0.024254 0.044089 0.076484 0.151739 0.086192 0.380616 0.269219 0.166158 0.129164 0.070092 0.132119 0.073738 0.061209 0.155572 0.554673 0.489230 0.446742 0.441387 0.429252 0.042366 0.034272 0.037438 0.027031 0.394559 0.904407 1.070776 1.002328 0.254842
0.042856 0.044700 0.030479 0.046657 0.046532 0.143263 0.861621 0.952938 1.028147 0.985294 2.170094 1.091059 0.877197 1.515093 1.646626 2.592522 2.675382 1.601277 0.058205 0.043515 0.038459 0.034753 0.036289 0.416513 1.494553 1.495275 1.482148 1.483361 0.278916 0.037926 0.031407 0.019799 0.032952 0.033730 0.139353 0.764516 0.620980 0.073145 0.059082 0.072427 0.063928 0.124137 0.100962 0.078683 0.064948 0.083017 0.032067 0.038002 0.041345 0.041236 0.038185 0.035396 0.026573 0.028893 0.511772 0.907509 1.099442 0.400316 0.483267
0.111918 0.064018 0.047096 0.857521 3.200099 2.229813 2.176337 0.817191 0.020134 0.029277 0.108743 0.079433 0.739983 1.480695 2.578358 2.580976 2.625090 1.603317 0.017372 0.017372 0.040906 0.427006 1.517035 2.535202 3.526783 3.523062 2.518410 1.478670 0.040508 0.033622 0.033318 0.014396 0.024697 0.032280 0.147551 0.343067 0.159065 0.114853 0.030373 0.035774 0.150887 0.110040 0.193154 0.024942 0.047874 0.047646 0.030143 0.025307 0.032341 0.029321 0.041603 0.039802 0.027977 0.094031 0.832402 0.040787 0.029333 0.634832 0.661988
0.172402 0.133766 0.163706 3.218768 4.229912 3.252037 2.206955 0.170410 0.017372 0.017372 0.020180 0.975869 0.849203 0.626435 0.512478 0.444935 0.457213 0.479418 0.027334 0.036194 1.525752 2.543544 3.534187 3.544271 4.525403 3.531766 2.517632 0.316923 0.038792 0.038277 0.018898 0.025779 0.028251 0.024131 0.030633 0.484383 0.028679 0.037257 0.034645 0.051018 0.171700 0.193246 0.033821 0.038977 0.027000 0.024406 0.031593 0.027976 0.031686 0.032371 0.059119 0.057045 0.037178 1.093097 1.075223 0.093003 0.047852 1.835521 1.888775
0.173777 0.260738 2.184381 4.270396 4.248298 4.272915 3.270116 2.280973 0.191914 0.170555 0.166888 0.821366 0.762422 0.091397 0.028650 0.035561 0.026908 0.033079 0.390255 1.537209 3.546810 4.550529 5.537125 4.549776 3.532921 2.528915 1.504858 0.051093 0.028525 0.024972 0.036827 0.028235 0.036018 0.041192 0.036581 0.666423 0.037479 0.024879 0.028145 0.036735 0.033837 0.201775 0.047813 0.022591 0.022591 0.027000 0.029992 0.044973 0.044747 0.047280 0.230694 1.167068 1.259728 1.160741 2.083241 2.173520 1.025320 1.810269 2.920438
0.063452 0.200452 2.222637 3.261648 4.213576 4.250789 4.261971 3.256454 2.230890 2.235846 2.272143 0.879134 0.101366 0.088685 0.028511 0.024512 0.030709 0.038192 0.418113 2.537133 3.537557 4.534899 5.531317 4.545717 3.537440 1.498068 0.389304 0.037652 0.026695 0.018853 0.037696 0.036843 0.044671 0.087153 0.805571 1.869530 1.890045 0.028725 0.045235 0.017372 0.035530 0.081200 0.030571 0.022591 0.022591 0.037208 0.040856 0.045763 0.085319 0.115619 0.313227 1.028097 1.184677 1.152471 2.002569 2.074396 2.904809 2.939750 2.945832
0.058038 0.060930 1.153676 2.296324 3.229118 4.255504 4.264210 4.275710 3.258674 3.263541 2.262671 0.034077 0.023566 0.027367 0.019309 0.026025 0.048256 0.043315 0.485977 2.537760 2.538177 3.525579 4.520108 4.529251 3.524411 1.466170 0.375839 0.063270 0.052468 0.061852 0.051904 0.067603 0.116583 0.131727 0.830372 1.868520 1.854863 0.064964 0.032340 0.017372 0.025261 0.038201 0.041054 0.044105 0.034371 0.037254 0.062325 0.140814 0.128100 0.158916 0.450860 0.544563 0.979762 2.017439 1.972333 2.022814 3.908315 3.930802 3.960526
0.062432 0.055808 0.058385 0.211951 2.247440 3.189343 4.224998 4.252360 3.248247 3.249892 3.261450 0.029168 0.022941 0.023506 0.040413 0.040597 0.527882 0.553938 2.535870 2.546172 2.539192 2.524467 2.523190 2.520487 3.507585 1.348186 0.052634 0.032494 0.050224 0.047661 0.046258 0.072105 0.092016 0.749451 1.852443 1.861441 1.878894 0.070055 0.091937 0.027596 0.024192 0.030524 0.081795 0.065972 0.038964 0.045666 0.073578 0.055244 0.116521 0.096421 0.374421 0.733122 0.664162 0.830519 0.707374 0.791573 3.903647 3.898737 3.899498
0.071189 0.071633 0.096653 0.197834 2.239730 1.281505 2.251955 3.254045 3.253981 3.251125 3.197154 0.343044 0.027992 0.028175 0.041344 0.035032 0.455271 1.529323 2.496962 2.529925 1.517392 0.371151 0.040792 0.080516 0.441609 0.068891 0.050869 0.037620 0.032203 0.145012 0.025017 0.055366 0.073196 1.791053 1.833902 1.818322 0.801064 0.084002 0.074795 0.040697 0.096375 0.085118 0.061783 0.084809 0.049232 0.063713 0.028755 0.026023 0.021111 0.594588 1.559545 0.970257 0.818417 0.740023 0.029597 0.030461 0.657472 1.721683 0.702228
0.059317 0.055429 0.143149 0.212291 1.214230 1.273639 2.234887 2.209025 2.214248 2.221764 0.939566 0.222988 0.207000 0.120673 0.137006 0.373278 1.492293 2.494709 1.510285 0.337476 0.048404 0.047117 0.027261 0.126986 0.232175 0.035159 0.053490 0.018471 0.101585 0.092139 0.070381 0.042671 0.072195 0.828162 0.839291 0.052259 0.027000 0.024406 0.042930 0.066153 0.068807 0.058785 0.041213 0.080181 0.105239 0.284921 0.382150 0.259674 0.524926 1.429101 1.454150 0.537868 0.562710 0.287926 0.027492 0.027947 0.043205 0.066261 0.067199
0.097757 0.225640 0.217141 0.124243 0.292552 1.332971 2.282358 1.252148 0.167807 0.041755 0.027099 0.028160 0.043491 0.095914 0.135581 0.392752 0.363793 0.319876 0.300963 0.055594 0.044107 0.039162 0.034636 0.037727 0.274348 0.025947 0.030907 0.023659 0.071694 0.395592 0.031791 0.077549 0.047416 0.830837 0.021782 0.022591 0.022591 0.027000 0.058768 0.111252 0.086483 0.116215 0.081502 0.146280 0.609182 1.266842 1.442517 1.153292 0.751280 0.844591 0.938977 0.391979 0.529484 0.500124 0.039738 0.023457 0.043622 0.032357 0.058510
0.034644 0.081840 0.072424 0.109993 0.058174 1.318029 2.206108 1.131314 0.056779 0.021629 0.023399 0.024285 0.031609 0.040338 0.134132 0.146386 0.155986 0.085380 0.095680 0.052239 0.039513 0.047736 0.034859 0.026161 0.389474 0.031089 0.033288 0.064246 0.081504 0.300467 0.218666 0.864882 0.878937 0.860184 0.055669 0.022591 0.022591 0.051452 0.049385 0.074115 0.076292 0.177649 1.120995 1.170209 0.863000 1.269208 1.470667 0.026511 0.029823 0.331668 0.361682 0.615701 1.832399 0.652167 0.047998 0.044596 0.019798 0.035896 0.059426
0.024086 0.078363 0.071405 0.045525 0.073247 0.256518 1.276109 1.157397 0.581161 0.031822 0.024285 0.014396 0.033180 0.047875 0.076009 0.106345 0.137153 0.091408 0.091637 0.072685 0.063134 0.072136 0.050760 0.068245 0.452249 0.026527 0.033745 0.058266 0.081963 0.050851 0.818712 0.834789 0.829059 0.794028 0.721674 0.030021 0.038209 0.032432 0.036171 0.061044 1.251040 1.292959 1.211637 1.175447 1.010765 0.076364 0.039286 0.026945 0.028649 0.039279 0.042937 0.772540 1.876654 1.840156 0.056734 0.020290 0.017372 0.025703 0.034691
0.136620 0.111381 0.074226 0.040733 0.038857 0.078981 0.091889 0.781793 1.766598 0.061599 0.034211 0.026772 0.023918 0.040992 0.038216 0.075264 0.106789 0.137428 0.058815 0.064536 0.096214 0.090706 0.060692 0.065101 0.486795 0.497100 0.038231 0.021110 0.032570 0.044899 0.188611 0.033027 0.084726 0.057686 0.591446 0.361125 0.218730 0.117531 0.092643 0.228641 1.279117 1.299523 2.300973 1.257499 0.037793 0.028871 0.028984 0.017372 0.025703 0.054115 0.070405 0.788021 1.928566 2.919919 0.774844 0.029124 0.017372 0.025703 0.051324
0.054344 0.043205 0.029594 0.041115 0.047081 0.116387 0.112825 0.989655 0.984264 2.087668 0.055378 0.032066 0.025138 0.032616 0.033577 0.039132 0.067025 0.104484 0.045295 0.082986 0.097191 0.080880 0.063362 0.051902 0.496859 0.498040 0.038781 0.035759 0.017372 0.043312 0.076988 0.058742 0.050316 0.033973 0.040824 0.238129 0.210252 0.249540 0.151571 0.305795 2.320814 2.338482 3.323834 2.323467 0.038586 0.034752 0.028861 0.017372 0.025703 0.032280 0.030469 0.112229 1.823098 2.844710 1.985000 0.971594 0.033301 0.057258 0.036171
