use_cases/Flooding_chicago/flooding_data/output/h_1560.asc
ncols 337
nrows 393
xllcorner 428428.000000
yllcorner 4602440.000000
cellsize 26.757400
NODATA_value -9999.000000
[rows 216 to 242 of 393, columns 177 to 235 of 337]
-9999.000000 -9999.000000 -9999.000000 -9999.000000 -9999.000000 -9999.000000 0.112055 0.119073 0.036964 0.030434 0.020133 0.030159 0.069680 0.084571 0.063375 0.068662 0.043799 0.042260 0.071174 0.047096 0.161064 0.074379 1.709895 1.623830 0.153736 0.213720 0.163128 1.206322 0.197065 0.167139 0.025704 0.017372 0.025704 0.029046 0.553603 0.119209 0.187148 0.220422 0.218942 0.189843 0.136652 0.900073 1.001229 1.145713 1.099815 1.135444 0.091451 0.208234 0.215975 0.056800 0.052767 0.473084 0.643341 0.520657 0.032035 0.037721 0.044183 0.111419 0.180937
-9999.000000 -9999.000000 -9999.000000 -9999.000000 -9999.000000 -9999.000000 0.072242 0.108910 0.145805 0.026274 0.026437 0.130394 0.061256 0.083275 0.079825 0.044945 0.065636 0.056632 0.076820 0.227325 0.186660 0.432837 1.539070 0.503425 0.171639 0.162257 0.247583 0.277993 0.284807 0.258918 0.025704 0.017372 0.025704 0.029046 0.710018 0.116256 0.183893 0.224710 0.221792 0.206324 0.170105 0.293222 0.855672 2.055314 2.007231 1.096576 0.126253 0.081600 0.093749 0.097262 0.092274 0.653591 0.623555 0.393863 0.028872 0.017966 0.057669 0.092646 0.199622
-9999.000000 -9999.000000 -9999.000000 -9999.000000 -9999.000000 -9999.000000 -9999.000000 0.055870 0.019309 0.206246 0.215506 0.103845 0.062111 0.089302 0.098245 0.018577 0.030739 0.063682 0.095575 0.210790 0.164223 0.425292 0.279291 0.137659 0.156061 0.252219 0.310287 0.338935 1.362170 0.359460 0.423148 0.031472 0.065681 0.184701 0.687463 0.179088 0.283234 1.389601 2.391457 1.359631 1.358867 0.229505 0.337470 0.191786 1.049675 0.955743 0.174684 0.041741 0.140510 0.112430 1.118828 0.984949 0.929046 0.169265 0.017966 0.021034 0.111420 0.107570 0.097979
-9999.000000 -9999.000000 -9999.000000 -9999.000000 -9999.000000 -9999.000000 -9999.000000 -9999.000000 0.014396 0.290535 1.339057 0.065391 0.059930 0.089775 0.104993 0.023064 0.045326 0.038063 0.119408 0.096352 0.073769 0.221457 0.100718 0.167902 0.228227 0.301113 0.356683 1.407006 2.348032 1.400705 0.310344 0.026009 0.051657 0.163762 0.212465 0.204477 0.326090 1.378340 2.366790 2.371808 3.347682 1.387582 0.243981 0.146020 0.111214 0.423175 0.108330 0.091453 0.144674 1.033175 0.985090 1.027416 1.008674 0.248608 0.382010 0.328378 0.166720 0.171145 0.093468
-9999.000000 -9999.000000 -9999.000000 -9999.000000 -9999.000000 -9999.000000 -9999.000000 -9999.000000 -9999.000000 0.212866 2.343101 0.272469 0.046090 0.079231 0.024621 0.028526 0.051262 0.052895 0.089852 0.090996 0.089225 0.259002 0.093376 0.116325 0.103613 0.334587 1.368660 2.374894 2.348048 1.388075 0.030800 0.018943 0.030800 0.041389 0.152093 0.225153 1.338233 1.326346 1.310372 3.349164 3.896226 2.417576 0.342059 0.039054 0.189844 0.203713 0.212148 0.151733 0.082725 0.203282 0.233511 0.990741 0.936508 1.145506 0.360136 0.297983 0.021661 0.047584 0.029930
-9999.000000 -9999.000000 -9999.000000 -9999.000000 -9999.000000 -9999.000000 -9999.000000 -9999.000000 -9999.000000 -9999.000000 0.014396 0.140434 0.189168 0.064812 0.027825 0.024695 0.053521 0.026542 0.066597 0.046622 0.173332 0.149209 0.173074 0.188575 0.192636 0.144692 0.386482 1.271187 0.242966 0.035423 0.024620 0.014396 0.024620 0.039955 0.038399 0.041574 0.464109 0.482049 0.443965 1.330552 2.400508 2.393960 0.373132 0.083750 0.088538 0.302177 0.301531 0.082253 0.060157 0.197114 0.333247 0.346628 0.314722 0.535586 0.506144 0.035950 0.021767 0.034721 0.029442
-9999.000000 -9999.000000 -9999.000000 -9999.000000 -9999.000000 -9999.000000 -9999.000000 -9999.000000 -9999.000000 -9999.000000 -9999.000000 0.014396 0.059090 0.081917 0.019417 0.044212 0.034432 0.123895 0.101692 0.072914 0.169044 0.146173 0.167259 0.229928 0.260429 0.260821 0.250363 0.236052 0.099403 0.030526 0.025504 0.034234 0.025504 0.033562 0.055206 0.056831 0.540203 0.538998 0.415387 0.383274 1.350732 1.310321 0.377110 0.135234 0.172652 0.164041 0.157695 0.165091 0.106779 0.059563 0.534307 0.523796 0.532177 0.410565 0.259185 0.032965 0.036247 0.046621 0.045784
-9999.000000 -9999.000000 -9999.000000 -9999.000000 -9999.000000 -9999.000000 -9999.000000 -9999.000000 -9999.000000 -9999.000000 -9999.000000 -9999.000000 0.017372 0.017372 0.030662 0.071343 0.084938 0.118049 0.109475 0.096412 0.070412 0.023018 0.034492 0.218470 0.266886 0.309899 0.332054 0.148293 0.202022 0.028022 0.040063 0.045982 0.062293 0.046837 0.071840 0.066596 0.637460 0.659494 0.045943 0.059454 0.470148 0.458696 0.136413 0.206230 0.233927 0.239983 0.232599 0.240365 0.027031 0.027047 0.657798 1.722617 1.771142 0.605544 0.023476 0.025154 0.050956 0.050194 0.231988
-9999.000000 -9999.000000 -9999.000000 -9999.000000 -9999.000000 -9999.000000 -9999.000000 -9999.000000 -9999.000000 -9999.000000 -9999.000000 -9999.000000 -9999.000000 -9999.000000 -9999.000000 -9999.000000 -9999.000000 0.018669 0.023415 0.028434 0.023857 0.025978 0.038537 0.080238 0.103708 0.164131 0.201046 0.260901 0.318110 0.397564 0.431777 0.389039 0.047523 0.018441 0.028496 0.061836 0.698058 0.719313 0.078757 0.123650 0.143441 0.171661 0.221536 0.262606 0.282101 0.284622 0.267925 0.279591 0.037011 0.037103 0.621970 1.645032 1.705257 0.619236 0.024667 0.032264 0.063133 0.055427 0.233136
-9999.000000 -9999.000000 -9999.000000 -9999.000000 -9999.000000 -9999.000000 -9999.000000 -9999.000000 -9999.000000 -9999.000000 -9999.000000 -9999.000000 -9999.000000 -9999.000000 -9999.000000 -9999.000000 -9999.000000 -9999.000000 -9999.000000 -9999.000000 0.025855 0.036949 0.025993 0.041436 0.029763 0.247267 0.265165 0.282661 0.317069 0.398857 0.448143 0.418846 0.045082 0.022530 0.039650 0.067787 1.741421 0.754405 0.094570 0.159753 0.204675 0.240036 0.277114 1.357539 1.356023 0.320138 0.275032 0.250879 0.045555 0.045708 0.051460 0.659903 1.787220 0.640601 0.093681 0.037468 0.029092 0.054436 0.048225
-9999.000000 -9999.000000 -9999.000000 -9999.000000 -9999.000000 -9999.000000 -9999.000000 -9999.000000 -9999.000000 -9999.000000 -9999.000000 -9999.000000 -9999.000000 -9999.000000 -9999.000000 -9999.000000 -9999.000000 -9999.000000 -9999.000000 -9999.000000 -9999.000000 0.030403 0.024727 0.042122 0.035346 0.233756 0.224846 0.050209 0.055992 0.090478 0.444008 0.412170 0.050316 0.024713 0.045265 0.093499 0.693300 0.785653 0.821810 0.159614 0.224573 0.259344 0.289194 1.336437 1.304682 1.321668 0.252133 0.047188 0.030876 0.066642 0.072442 0.681778 1.800827 0.609159 0.082013 0.036752 0.037573 0.068809 0.046017
-9999.000000 -9999.000000 -9999.000000 -9999.000000 -9999.000000 -9999.000000 -9999.000000 -9999.000000 -9999.000000 -9999.000000 -9999.000000 -9999.000000 -9999.000000 -9999.000000 -9999.000000 -9999.000000 -9999.000000 -9999.000000 -9999.000000 -9999.000000 -9999.000000 0.020180 0.032036 0.471444 0.029854 0.041696 0.052239 0.071205 0.023033 0.181985 0.096439 0.073951 0.026100 0.031929 0.060874 0.052726 0.112946 0.677803 0.102121 0.074746 0.093070 0.093208 0.084816 0.062312 0.352501 0.400902 0.317690 0.043968 0.064415 0.042291 0.085529 0.686440 1.678075 0.050102 0.038262 0.021263 0.048364 0.035667 0.049476
-9999.000000 -9999.000000 -9999.000000 -9999.000000 -9999.000000 -9999.000000 -9999.000000 -9999.000000 -9999.000000 -9999.000000 -9999.000000 -9999.000000 -9999.000000 -9999.000000 -9999.000000 -9999.000000 -9999.000000 -9999.000000 -9999.000000 -9999.000000 -9999.000000 -9999.000000 0.268379 0.413034 0.352104 0.049171 0.032494 0.035103 0.040000 0.275883 0.018838 0.024071 0.031792 0.038734 0.026452 0.065864 0.189292 0.255878 0.060950 0.132045 0.144386 0.141719 0.130112 0.107187 0.062691 0.550669 0.084431 0.066935 0.090065 0.062571 0.057447 0.692002 0.855699 0.027764 0.030219 0.021034 0.017966 0.035042 0.047585
-9999.000000 -9999.000000 -9999.000000 -9999.000000 -9999.000000 -9999.000000 -9999.000000 -9999.000000 -9999.000000 -9999.000000 -9999.000000 -9999.000000 -9999.000000 -9999.000000 -9999.000000 -9999.000000 -9999.000000 -9999.000000 -9999.000000 -9999.000000 -9999.000000 -9999.000000 0.019309 0.324838 0.307869 0.061217 0.053353 0.022361 0.046008 0.270138 0.357675 0.380502 0.358178 0.026466 0.024071 0.080257 0.120293 0.225837 0.029808 0.145128 0.139687 0.132120 0.119392 0.099205 0.081772 0.630211 0.138587 0.090688 0.119165 0.083901 0.045267 0.059330 0.972041 0.027518 0.029367 0.017966 0.028872 0.031227 0.042153
-9999.000000 -9999.000000 -9999.000000 -9999.000000 -9999.000000 -9999.000000 -9999.000000 -9999.000000 -9999.000000 -9999.000000 -9999.000000 -9999.000000 -9999.000000 -9999.000000 -9999.000000 -9999.000000 -9999.000000 -9999.000000 -9999.000000 -9999.000000 -9999.000000 -9999.000000 0.014396 0.026055 0.106210 0.039451 0.032143 0.019081 0.033069 0.043281 0.293585 0.327813 0.333505 0.257379 0.227835 0.158532 0.247879 0.170221 0.037940 0.074043 0.076988 0.069695 0.059472 0.040282 0.097508 0.589608 0.183688 0.125358 0.164544 0.017372 0.046344 0.105547 0.880374 0.917254 0.095296 0.029641 0.051660 0.070457 0.411923
-9999.000000 -9999.000000 -9999.000000 -9999.000000 -9999.000000 -9999.000000 -9999.000000 -9999.000000 -9999.000000 -9999.000000 -9999.000000 -9999.000000 -9999.000000 -9999.000000 -9999.000000 -9999.000000 -9999.000000 -9999.000000 -9999.000000 -9999.000000 -9999.000000 -9999.000000 -9999.000000 0.014396 0.072823 0.071862 0.040260 0.026314 0.018960 0.049309 0.069345 0.053627 0.036514 0.224663 0.226665 1.227319 0.148259 0.099067 0.087472 0.072365 0.074211 0.062936 0.052650 0.036080 0.046410 0.162828 0.234392 0.166619 0.208123 0.017372 0.051965 0.164574 1.106012 0.169960 0.025642 0.034309 0.055336 0.073631 0.362497
-9999.000000 -9999.000000 -9999.000000 -9999.000000 -9999.000000 -9999.000000 -9999.000000 -9999.000000 -9999.000000 -9999.000000 -9999.000000 -9999.000000 -9999.000000 -9999.000000 -9999.000000 -9999.000000 -9999.000000 -9999.000000 -9999.000000 -9999.000000 -9999.000000 -9999.000000 -9999.000000 0.020103 0.075889 0.076715 0.041283 0.022514 0.125984 0.098686 0.067833 0.042518 0.052590 0.178686 1.215851 1.227490 0.192863 0.026741 0.035804 0.032510 0.087567 0.087716 0.074106 0.052050 0.045281 0.039436 0.027958 0.251322 0.240371 0.157999 0.077537 0.262542 1.227445 0.264655 0.025994 0.014396 0.052634 0.078462 0.058143
-9999.000000 -9999.000000 -9999.000000 -9999.000000 -9999.000000 -9999.000000 -9999.000000 -9999.000000 -9999.000000 -9999.000000 -9999.000000 -9999.000000 -9999.000000 -9999.000000 -9999.000000 -9999.000000 -9999.000000 -9999.000000 -9999.000000 -9999.000000 -9999.000000 -9999.000000 -9999.000000 -9999.000000 0.078392 0.060952 0.043618 0.018440 0.129693 0.116753 0.022590 0.022590 0.052117 1.192954 1.221275 0.220650 0.218883 0.029412 0.046837 0.051583 0.032234 0.100200 0.074686 1.010277 0.049767 0.046319 0.029427 0.317359 0.271840 0.618509 0.603621 1.361237 1.274259 1.386147 0.458818 0.046501 0.035623 0.046013 0.052116
-9999.000000 -9999.000000 -9999.000000 -9999.000000 -9999.000000 -9999.000000 -9999.000000 -9999.000000 -9999.000000 -9999.000000 -9999.000000 -9999.000000 -9999.000000 -9999.000000 -9999.000000 -9999.000000 -9999.000000 -9999.000000 -9999.000000 -9999.000000 -9999.000000 -9999.000000 -9999.000000 -9999.000000 -9999.000000 0.023216 0.042747 0.042365 0.014396 0.081597 0.022590 0.022590 0.048897 1.197977 1.223488 0.221995 0.228037 0.241950 0.037163 0.060523 0.017372 0.035698 0.072655 0.974726 1.045555 1.018317 0.820107 0.536752 0.380947 0.613198 0.582042 1.377405 0.372454 0.375714 0.421174 0.041969 0.040733 0.053657 0.040290
-9999.000000 -9999.000000 -9999.000000 -9999.000000 -9999.000000 -9999.000000 -9999.000000 -9999.000000 -9999.000000 -9999.000000 -9999.000000 -9999.000000 -9999.000000 -9999.000000 -9999.000000 -9999.000000 -9999.000000 -9999.000000 -9999.000000 -9999.000000 -9999.000000 -9999.000000 -9999.000000 -9999.000000 -9999.000000 -9999.000000 0.023232 0.074120 0.059075 0.083641 0.027794 0.027794 0.034310 0.126565 0.160469 0.198391 0.223762 0.241694 0.223869 0.056104 0.017372 0.054283 0.106806 1.001372 1.058097 1.056101 0.125359 0.075188 0.272457 0.199574 0.168893 0.158180 0.070017 0.061700 0.084847 0.026818 0.029900 0.034477 0.052835
-9999.000000 -9999.000000 -9999.000000 -9999.000000 -9999.000000 -9999.000000 -9999.000000 -9999.000000 -9999.000000 -9999.000000 -9999.000000 -9999.000000 -9999.000000 -9999.000000 -9999.000000 -9999.000000 -9999.000000 -9999.000000 -9999.000000 -9999.000000 -9999.000000 -9999.000000 -9999.000000 -9999.000000 -9999.000000 -9999.000000 -9999.000000 0.039803 0.109413 0.138724 0.183480 0.030433 0.058967 0.299492 0.350966 0.140692 0.207604 0.219478 0.043480 0.081047 0.110191 0.075096 0.169863 0.135261 0.929574 0.914898 0.196085 0.119927 0.088617 0.107233 0.109719 0.121221 0.142128 0.124108 0.029213 0.018364 0.029243 0.046684 0.030601
-9999.000000 -9999.000000 -9999.000000 -9999.000000 -9999.000000 -9999.000000 -9999.000000 -9999.000000 -9999.000000 -9999.000000 -9999.000000 -9999.000000 -9999.000000 -9999.000000 -9999.000000 -9999.000000 -9999.000000 -9999.000000 -9999.000000 -9999.000000 -9999.000000 -9999.000000 -9999.000000 -9999.000000 -9999.000000 -9999.000000 -9999.000000 -9999.000000 -9999.000000 0.087608 0.025276 0.034066 0.056496 0.222562 0.243797 0.068353 0.019111 0.025459 0.017372 0.017372 0.094720 0.098426 0.084222 0.240018 0.232993 0.248161 0.354911 0.021279 0.036049 0.129937 0.157051 1.189965 1.186942 1.186485 0.039711 0.022239 0.039802 0.051842 0.057152
-9999.000000 -9999.000000 -9999.000000 -9999.000000 -9999.000000 -9999.000000 -9999.000000 -9999.000000 -9999.000000 -9999.000000 -9999.000000 -9999.000000 -9999.000000 -9999.000000 -9999.000000 -9999.000000 -9999.000000 -9999.000000 -9999.000000 -9999.000000 -9999.000000 -9999.000000 -9999.000000 -9999.000000 -9999.000000 -9999.000000 -9999.000000 -9999.000000 -9999.000000 -9999.000000 0.024650 0.030480 0.019936 -9999.000000 -9999.000000 -9999.000000 -9999.000000 -9999.000000 -9999.000000 -9999.000000 0.020897 0.119585 1.173966 0.125435 0.109689 0.079017 0.557350 0.584832 0.064445 0.035012 0.136328 1.180107 1.182536 1.181882 0.046495 0.023613 0.047213 0.055416 0.063942
-9999.000000 -9999.000000 -9999.000000 -9999.000000 -9999.000000 -9999.000000 -9999.000000 -9999.000000 -9999.000000 -9999.000000 -9999.000000 -9999.000000 -9999.000000 -9999.000000 -9999.000000 -9999.000000 -9999.000000 -9999.000000 -9999.000000 -9999.000000 -9999.000000 -9999.000000 -9999.000000 -9999.000000 -9999.000000 -9999.000000 -9999.000000 -9999.000000 -9999.000000 -9999.000000 -9999.000000 -9999.000000 -9999.000000 -9999.000000 -9999.000000 -9999.000000 -9999.000000 -9999.000000 -9999.000000 -9999.000000 0.019539 0.126794 1.158610 0.162925 0.159325 0.126544 0.568494 0.567662 0.117959 0.020850 0.029610 0.173082 0.031823 0.044318 0.062630 0.028314 0.023705 0.051491 0.100122
-9999.000000 -9999.000000 -9999.000000 -9999.000000 -9999.000000 -9999.000000 -9999.000000 -9999.000000 -9999.000000 -9999.000000 -9999.000000 -9999.000000 -9999.000000 -9999.000000 -9999.000000 -9999.000000 -9999.000000 -9999.000000 -9999.000000 -9999.000000 -9999.000000 -9999.000000 -9999.000000 -9999.000000 -9999.000000 -9999.000000 -9999.000000 -9999.000000 -9999.000000 -9999.000000 -9999.000000 -9999.000000 -9999.000000 -9999.000000 -9999.000000 -9999.000000 -9999.000000 -9999.000000 -9999.000000 -9999.000000 0.028342 0.026038 0.138023 0.177299 0.195656 0.199028 0.017372 0.215617 0.196142 0.034386 0.017372 0.027474 0.040627 0.046593 0.052100 0.023842 0.023034 0.027672 1.130562
-9999.000000 -9999.000000 -9999.000000 -9999.000000 -9999.000000 -9999.000000 -9999.000000 -9999.000000 -9999.000000 -9999.000000 -9999.000000 -9999.000000 -9999.000000 -9999.000000 -9999.000000 -9999.000000 -9999.000000 -9999.000000 -9999.000000 -9999.000000 -9999.000000 -9999.000000 -9999.000000 -9999.000000 -9999.000000 -9999.000000 -9999.000000 -9999.000000 -9999.000000 -9999.000000 -9999.000000 -9999.000000 -9999.000000 -9999.000000 -9999.000000 -9999.000000 -9999.000000 -9999.000000 -9999.000000 -9999.000000 0.025612 0.032615 0.040213 0.148949 0.179833 0.230492 0.017372 0.287498 0.259758 0.039526 0.017372 0.034065 0.385452 0.412238 0.406837 0.030113 0.030052 0.030327 0.156486
-9999.000000 -9999.000000 -9999.000000 -9999.000000 -9999.000000 -9999.000000 -9999.000000 -9999.000000 -9999.000000 -9999.000000 -9999.000000 -9999.000000 -9999.000000 -9999.000000 -9999.000000 -9999.000000 -9999.000000 -9999.000000 -9999.000000 -9999.000000 -9999.000000 -9999.000000 -9999.000000 -9999.000000 -9999.000000 -9999.000000 -9999.000000 -9999.000000 -9999.000000 -9999.000000 -9999.000000 -9999.000000 -9999.000000 -9999.000000 -9999.000000 -9999.000000 -9999.000000 -9999.000000 -9999.000000 -9999.000000 -9999.000000 0.038733 0.043435 0.032464 0.037971 0.273582 0.338599 0.303321 0.262798 0.045281 0.053581 0.032219 1.407236 1.419166 1.424021 0.208275 0.101800 0.207436 0.169211
