use_cases/Flooding_chicago/flooding_data/output/h_1560.asc
ncols 337
nrows 393
xllcorner 428428.000000
yllcorner 4602440.000000
cellsize 26.757400
NODATA_value -9999.000000
[rows 108 to 134 of 393, columns 177 to 235 of 337]
0.046468 0.027657 0.014396 0.054017 0.912748 0.946459 0.065792 0.942404 0.939145 0.047358 0.421284 0.365195 0.223150 0.047462 0.034721 0.044167 0.023537 0.031411 0.046047 0.037558 0.054112 0.317303 1.454930 0.328066 0.319203 0.291160 0.071465 0.065126 0.053535 0.050300 0.035896 0.028282 0.029915 0.041461 0.045570 0.064797 0.072442 0.113760 0.811660 0.908412 0.925667 1.898288 2.926432 2.941658 1.910660 1.920441 0.668795 1.077897 0.894769 0.832336 0.678258 0.605050 0.475426 0.502472 1.520769 2.601603 1.686177 0.049727 0.055165
1.060433 0.047201 0.021019 0.091397 0.888841 0.098629 0.129945 0.141180 0.130646 0.043862 0.050529 0.039406 0.035896 0.047971 0.034157 0.025551 0.030144 0.024559 0.028709 0.033805 0.043999 0.099159 0.316414 0.056142 0.060840 0.067750 0.070045 0.057839 0.037728 0.063286 0.018577 0.023064 0.028526 0.024695 0.031121 0.056542 0.043708 0.041405 0.048737 0.936480 0.981332 1.880453 2.887456 1.863143 1.874359 0.676626 0.498358 0.310310 0.179607 0.107852 0.066020 0.297699 0.277548 0.449681 2.508653 2.582469 1.608969 0.551968 0.058629
0.048649 0.152133 0.019767 0.111739 0.088458 0.092390 0.131249 0.154587 0.064172 0.070474 0.028450 0.031776 0.024056 0.028939 0.025390 0.030510 0.030999 0.024803 0.028786 0.045890 0.069801 0.193185 0.294655 0.038246 0.042152 0.052970 0.075904 0.054666 0.022483 0.106422 0.040490 0.065986 0.024621 0.027825 0.019417 0.020577 0.030754 0.037880 0.071632 0.950227 2.001656 3.013632 2.005067 0.903530 0.058020 0.045862 0.022471 0.067680 0.027764 0.034264 0.034645 0.156155 0.154609 0.438139 2.525113 2.563254 1.578929 0.547903 0.043566
0.031273 0.150622 0.124738 0.076886 0.067935 0.021202 0.064619 0.023430 0.111129 0.089730 0.028343 0.031456 0.023109 0.023857 0.056481 0.048057 0.043632 0.032127 0.041720 0.060906 0.085246 0.363930 0.042000 0.039926 0.036324 0.054756 0.065927 0.082613 0.029197 0.091743 0.072762 0.037667 0.040367 0.040000 0.029518 0.034935 0.028511 0.049636 2.075228 3.048204 4.043061 5.075607 2.072004 0.064136 0.042140 0.035316 0.024377 0.050187 0.021171 0.034645 0.040550 0.130830 1.405489 2.513217 2.532108 2.557338 1.542804 0.464181 0.354401
0.122512 1.168935 1.171956 0.035023 0.038005 0.020469 0.038719 0.044808 0.095393 0.092936 0.023598 0.080486 0.034066 0.029641 0.037880 0.118553 0.122397 0.132729 0.135551 0.075004 0.057427 0.417945 0.031900 0.028983 0.026787 0.037651 0.044136 0.044730 0.030205 0.057899 0.089248 0.075371 0.057610 0.049476 0.034904 0.042152 0.034389 0.738714 4.068620 5.051976 5.070354 4.062306 3.102111 0.087261 0.037041 0.042840 0.031837 0.023567 0.022941 0.032807 0.036736 0.087796 1.412212 2.502169 2.528356 1.532138 1.534699 1.431682 1.374105
1.191795 2.190750 3.160631 0.053379 0.030007 0.018241 0.031700 0.028954 0.075204 0.524657 0.527798 0.515478 0.472100 0.068963 0.067086 0.107520 0.140235 0.172644 0.023842 0.024360 0.027763 0.140663 0.041451 0.029486 0.026832 0.020562 0.031823 0.037941 0.017372 0.033791 0.108406 0.080589 0.072777 0.079383 0.051019 0.050941 0.107698 3.030892 4.070065 5.029238 4.038192 4.055627 2.040351 0.094936 0.054146 0.027397 0.044273 0.027366 0.023507 0.037314 0.031730 0.043298 0.044181 0.314890 1.513792 0.459867 0.458807 0.437759 2.212392
2.189311 3.185991 3.159917 0.067963 0.042916 0.021736 0.039696 0.031563 0.033578 0.560685 0.548166 0.550829 0.590518 0.079978 0.036949 0.158745 0.066399 0.021508 0.026618 0.014396 0.024620 0.200219 0.039758 0.041649 0.035285 0.037453 0.027732 0.037133 0.017372 0.071953 0.084344 0.120191 0.145470 0.334663 0.224297 0.287940 0.816138 2.943730 4.998643 5.007476 4.017621 1.990831 0.771172 0.067010 0.070716 0.086922 0.041252 0.019309 0.039269 0.024987 0.024651 0.028404 0.042321 0.045280 0.050789 0.292403 1.314930 1.319315 2.331447
2.179931 3.180516 3.182447 0.026497 0.021790 0.022332 0.030296 0.053596 0.037391 0.535211 0.527290 0.516711 0.034019 0.061242 0.052773 0.302085 0.051797 0.035255 0.023018 0.034950 0.161613 1.223841 0.161383 0.054326 0.045493 0.045906 0.038292 0.045890 0.020180 0.020561 0.053780 0.099982 0.166589 0.096611 0.193459 0.307395 0.347515 0.584528 1.642159 2.881001 2.824482 0.601026 0.077317 0.043404 0.041465 0.052941 0.042381 0.041755 0.046716 0.036765 0.060967 0.042854 0.062462 0.035455 0.057279 0.251474 1.341398 2.348481 3.359533
2.179044 3.186159 3.196388 0.025474 0.018104 0.034355 0.035378 0.057183 0.043388 0.522116 0.515843 0.506913 0.029554 0.043190 0.041557 0.241656 0.477757 0.066568 0.136671 0.092369 1.215165 1.217051 1.195415 0.157678 0.080896 0.045884 0.045586 0.027367 0.035958 0.031609 0.044761 0.028236 0.033362 0.070350 0.038246 0.214028 0.228966 0.106010 0.054298 0.151098 0.255006 0.124637 0.103574 0.031213 0.029458 0.043236 0.018211 0.037636 0.049037 0.055663 0.047675 0.064842 0.050056 0.079467 0.065870 0.253414 1.357342 2.364908 3.361369
2.180415 2.186777 2.191145 0.032127 0.020028 0.040779 0.044746 0.362067 1.497118 1.512966 1.514508 0.456510 0.388309 0.398614 0.033318 0.024941 0.394378 1.381046 0.191218 0.338188 0.155007 1.222784 1.206490 0.196081 0.119836 0.162606 0.068505 0.025520 0.174126 0.182214 0.168313 0.090814 0.046837 0.051491 0.768014 0.400796 0.299847 0.031075 0.037193 0.033776 0.259249 0.150165 0.160165 0.032311 0.032570 0.055626 0.021660 0.029625 0.059105 0.062582 0.056282 0.059840 0.118672 0.092087 0.326533 1.318169 2.368955 3.367366 4.380811
3.189128 3.193923 1.190366 0.136698 0.073222 1.513420 1.513821 2.515416 1.515111 0.504309 0.449474 0.421436 0.387112 0.390477 0.025490 0.023598 0.342718 0.359078 0.101143 0.064095 0.153830 0.202080 1.204996 0.142448 0.083382 0.044121 0.085884 0.063667 0.268137 1.282140 0.189641 0.364778 0.263038 0.969917 0.963204 0.059879 0.041588 0.028221 0.026101 0.034248 0.185844 0.263937 0.280864 0.256882 0.056299 0.048423 0.021660 0.035424 0.037620 0.062096 0.070700 0.194414 0.128291 0.076593 0.291456 1.276579 2.327940 3.339248 4.304828
4.188698 2.193972 1.197485 0.021340 0.073113 1.508993 1.527684 1.525792 0.503750 0.016715 0.348736 0.346908 0.318806 0.288378 0.179984 0.092007 0.586778 0.196955 0.163610 0.135040 0.126211 0.185815 1.199394 0.126840 0.064171 0.020088 0.031395 0.065286 0.256249 0.248632 0.174737 0.352424 0.252281 0.897744 0.897027 0.038872 0.030982 0.043221 0.034127 0.049614 0.239539 0.315321 0.323562 0.271384 0.045205 0.041010 0.018212 0.041190 0.039513 0.056267 0.255951 0.277831 0.638508 0.575195 0.419112 1.239053 2.343552 3.343104 3.388383
2.179049 2.187434 0.135455 0.034461 0.026620 0.131322 1.514153 0.513483 0.448173 0.264127 0.271618 0.250230 0.222126 0.193197 0.118915 0.329336 1.197868 1.261944 0.256239 0.110115 0.096198 0.168083 1.198294 0.131752 0.068194 0.078803 0.041756 0.030968 0.135154 0.060099 0.051765 0.086050 0.170679 0.136833 0.115593 0.060021 0.039680 0.044854 0.029884 0.064534 0.036704 1.392093 1.376869 0.285826 0.033455 0.022484 0.032949 0.039299 0.038078 0.177136 2.363521 1.255111 0.772606 0.606110 1.164003 2.241918 2.343040 2.355442 1.325327
0.149647 0.029152 0.041618 0.050149 0.014396 0.245152 0.190591 0.484799 0.380212 0.460286 0.694465 0.728348 0.736480 0.130562 0.108071 0.359713 1.365319 1.335826 0.312668 0.103144 0.198372 0.121740 1.199395 0.140556 0.072746 0.067940 0.035057 0.020380 0.101280 0.117333 0.089807 0.102670 0.056801 0.036735 0.108376 0.038612 0.048790 0.033287 0.100218 0.060798 0.036643 1.359706 2.360073 1.372337 0.280332 0.204972 0.111110 0.076009 0.125995 2.285699 3.354719 1.258033 0.177697 0.098677 0.136635 0.209245 1.301402 0.273158 0.053795
0.162932 0.014396 0.050865 0.035181 0.409555 0.366214 0.330723 0.236357 0.107629 0.322435 0.664366 0.666594 0.627341 0.413037 1.336048 1.379075 1.387964 1.341494 0.274203 0.192961 0.166314 0.240868 0.120628 0.114279 0.061502 0.034796 0.041863 0.023704 0.139832 0.157845 0.109079 0.078178 0.018836 0.026649 0.052850 0.065483 0.049081 0.148355 0.094684 0.306202 0.306129 3.291742 3.331653 2.313954 1.149475 0.996570 0.763337 0.705176 1.955953 2.320700 2.382907 0.272558 0.120415 0.086707 0.120689 0.132240 0.336303 0.303580 0.072427
0.210957 0.027383 0.037713 0.457663 1.475942 2.482427 1.478968 0.349328 0.020164 0.035881 0.033228 0.460070 0.521236 1.297315 2.379887 2.417293 1.376412 1.317118 1.328098 0.123971 0.134529 0.207679 0.090204 0.038520 0.041184 0.035118 0.023507 0.022942 0.057075 0.181067 0.028802 0.034565 0.024406 0.028282 0.069206 0.072502 0.047829 0.025474 0.073151 0.271379 3.344670 5.370693 3.357221 2.352655 0.238255 0.182167 0.104844 0.076244 0.062491 0.043401 0.107262 0.093422 0.148505 0.183282 0.197529 0.158056 0.223929 0.201301 0.091636
1.205772 0.172174 0.033036 1.485197 2.488025 3.472728 2.476828 0.023068 0.014396 0.025291 0.046680 1.202162 2.360530 2.403975 3.382843 2.375428 2.313378 3.225780 2.325599 0.299743 0.162060 0.034554 0.032308 0.022324 0.029839 0.019309 0.027366 0.023567 1.109778 0.066278 0.029594 0.031960 0.067696 0.101140 0.075081 0.050102 0.076587 0.065321 0.080743 1.299416 4.327651 5.331190 2.325640 0.237743 0.116418 0.078314 0.051979 0.055718 0.034508 0.039605 0.051522 0.047309 0.289009 0.322426 0.199839 0.119591 0.116418 0.142982 0.170753
0.171399 0.047737 0.049934 0.472935 2.470782 2.470825 2.457955 1.493276 0.019309 0.026237 0.083101 1.205728 2.388644 2.408317 1.393257 1.394842 2.342577 3.320279 2.370278 0.047455 0.052605 0.049462 0.035500 0.044060 0.031410 0.031914 0.038795 0.033364 0.140617 0.025704 0.017372 0.025704 0.031868 0.074394 0.154228 0.136314 0.325889 0.250268 1.305344 2.286012 4.318015 2.259435 0.053705 0.037849 0.125073 0.136908 0.059761 0.027336 0.024925 0.035379 0.048193 0.043404 1.433143 1.475407 0.284812 0.022041 0.034209 0.095926 0.097755
0.088661 0.084893 0.078577 0.406020 1.403184 1.443257 1.458793 0.342443 0.242393 0.231408 0.169676 0.323270 1.403668 1.447477 0.334882 0.024951 1.215105 2.197866 1.224668 0.049180 0.068067 0.061698 0.079262 0.042016 0.039207 0.033576 0.052376 0.033928 0.135468 0.025704 0.017372 0.025704 0.042762 0.037956 0.126839 0.122217 0.354805 1.275644 3.312458 4.302969 3.314567 0.040032 0.019982 0.069496 0.073477 0.089033 0.094246 0.040489 0.014396 0.054191 0.049981 0.075310 1.346123 1.427137 0.033624 0.028983 0.028511 0.082421 0.064705
0.106759 0.065498 0.063459 0.507701 0.524538 0.476011 0.481923 0.032190 0.046028 0.138893 0.186200 0.159881 0.151073 0.129971 0.079612 0.048071 1.210145 2.182620 1.205480 0.135374 0.053156 0.041420 0.060265 0.069055 0.052039 0.053184 0.035286 0.090065 0.083426 0.069024 0.025596 0.028405 0.043037 0.047095 0.131874 0.127571 0.326067 1.296635 1.301777 2.225472 0.071966 0.040841 0.017966 0.028872 0.083992 0.068538 0.052222 0.053307 0.143776 0.090248 0.099526 0.060184 0.429862 0.594736 0.020561 0.018517 0.023811 0.068946 0.030831
0.079750 0.079904 0.427503 0.564080 0.568250 0.056810 0.034981 0.034203 0.073402 0.056541 0.067099 0.147928 0.168389 0.159211 0.031059 0.041276 1.191994 2.179980 1.191843 0.130596 0.046105 0.083338 0.122444 0.122442 0.069649 0.039802 0.022178 0.058174 0.750549 0.074932 0.145243 0.205622 0.023017 0.057426 0.051033 0.120567 0.087059 0.056815 0.294509 0.126033 0.102258 0.076134 0.021034 0.017966 0.075189 0.054362 0.040582 0.061760 0.116081 0.097863 0.065484 0.068290 0.072267 0.664101 0.075066 0.037331 0.030372 0.054012 0.028955
0.083503 0.088386 0.425121 0.573946 0.551592 0.080241 0.060769 0.028740 0.056023 0.041833 0.057500 0.045601 0.080711 0.072686 0.051964 0.093906 2.025975 3.084607 2.019331 0.108797 0.055918 0.087410 0.120736 0.097829 0.067145 0.050484 0.021827 0.075857 1.667587 0.657189 0.203121 0.218685 0.253693 0.026055 0.084249 0.062646 0.055062 0.055184 0.282799 0.110147 0.107302 0.133309 0.037849 0.063072 0.110010 0.020393 0.031195 0.046836 0.035042 0.035819 0.049478 0.066857 0.084276 1.724465 0.658175 0.096536 0.083504 0.028786 0.044395
0.024162 0.031135 0.399022 0.550826 0.051120 0.082591 0.056816 0.046241 0.045297 0.039391 0.051170 0.047096 0.065896 0.056664 0.040168 0.085796 3.142170 3.156054 3.131234 2.122380 0.116418 0.169476 0.181244 0.064742 0.062549 0.031380 0.033013 2.770325 1.735299 0.635294 0.139668 0.032265 0.043296 0.051690 0.031532 0.039619 0.022759 1.113104 0.117409 0.142554 0.127464 0.165856 0.323432 0.365835 0.115426 0.165642 0.056221 0.019111 0.031107 0.044762 0.036874 0.030737 0.055901 0.565130 0.112986 0.045143 0.032525 0.027367 0.037987
0.044349 0.037514 0.090715 0.096163 0.041970 0.041192 0.032660 0.043664 0.025901 0.053475 0.035316 0.041085 0.036385 0.055489 0.037758 0.080510 2.141409 4.098827 4.135646 3.134135 2.115733 1.073818 0.153192 0.072809 0.085334 0.158498 0.023735 1.841212 0.690776 0.047478 0.045555 0.034446 0.040489 0.027565 0.033014 0.030831 0.082207 0.093377 0.098214 0.043205 0.033485 0.025949 0.061831 0.063912 0.045294 0.066048 0.094356 0.025459 0.046044 0.050360 0.063225 0.118066 0.091192 0.091805 0.072747 0.085411 0.031318 0.050941 0.065320
0.044578 0.069573 0.061242 0.056979 0.032081 0.027565 0.028924 0.017372 0.034782 0.026558 0.029335 0.024193 0.031197 0.022773 0.030220 0.073381 3.148238 5.145483 5.147025 4.142721 3.136922 1.131471 0.163322 0.165514 0.199997 0.283295 0.515669 0.635264 0.069297 0.044410 0.043937 0.025536 0.023705 0.027886 0.046759 0.068718 0.664221 0.552919 0.035698 0.042045 0.037712 0.032784 0.038749 0.029289 0.056221 0.045846 0.049553 0.017372 0.025704 0.040276 0.042102 0.147636 0.014396 0.027550 0.076485 0.089288 0.083916 0.063205 0.065331
0.049751 0.097995 0.037926 0.025399 0.037348 0.027321 0.028923 0.017372 0.027488 0.066001 0.023949 0.023154 0.029274 0.033562 0.042396 2.052928 4.148506 5.180501 6.169367 5.164953 4.172737 2.173515 1.112288 0.196950 0.183787 0.142437 0.059355 0.117611 0.094339 0.031303 0.025536 0.035712 0.025536 0.039344 0.051397 0.690684 0.699203 0.556649 0.039147 0.032387 0.024681 0.030617 0.029198 0.019814 0.020989 0.045204 0.062736 0.017372 0.025704 0.030906 0.057949 0.106743 0.076394 0.040718 0.075539 0.062538 0.048806 0.062371 0.135534
0.050407 0.132133 0.038033 0.022606 0.095259 0.040124 0.029564 0.025810 0.056449 0.062387 0.044441 0.038048 0.032187 0.033424 0.081251 2.092056 4.160689 4.167964 5.165789 6.120369 4.159658 3.175779 3.117117 0.831030 0.100922 0.080452 0.056680 0.086159 0.031883 0.039391 0.023705 0.025536 0.053047 0.042167 0.712631 0.730621 0.632992 0.044808 0.034141 0.042611 0.024498 0.030006 0.025276 0.040779 0.034783 0.106423 0.033745 0.027397 0.038796 0.045552 0.052520 0.062247 0.137688 0.133446 0.032876 0.066252 0.068065 0.805336 0.784332
