use_cases/Flooding_chicago/flooding_data/output/h_1500.asc
ncols 337
nrows 393
xllcorner 428428.000000
yllcorner 4602440.000000
cellsize 26.757400
NODATA_value -9999.000000
[rows 162 to 188 of 393, columns 118 to 176 of 337]
0.418554 0.033601 0.023506 0.022942 0.029945 0.086803 0.076012 0.915807 0.062919 0.017372 0.051155 0.031227 0.034037 0.626139 3.873204 3.911677 3.906070 3.938066 2.898924 1.543846 1.464785 0.543484 0.104102 0.199748 0.336532 0.527578 0.590924 0.648399 0.682204 0.550054 0.560928 0.071682 0.766194 2.872440 2.816549 2.833613 1.641143 0.118251 0.099821 0.141856 0.069877 0.046913 0.031975 0.020803 0.038520 0.038124 0.065537 0.121529 0.197578 0.113686 0.041085 0.049369 0.026803 0.039101 0.048928 0.443031 0.221917 0.062142 0.058174
0.355028 0.019309 0.027367 0.023566 0.037316 0.093584 0.084485 0.904817 0.020134 0.017372 0.034935 0.041505 0.073157 0.781085 3.931339 3.929636 2.931575 0.697130 0.042066 0.037406 0.039404 0.032250 0.047326 0.070311 0.071617 0.103176 0.113827 0.226791 0.199731 0.164477 0.045814 0.085578 0.080300 2.749439 2.761539 0.492162 0.043450 0.052574 0.072822 0.155274 0.084100 0.041192 0.026237 0.019310 0.029732 0.037179 0.098274 0.145316 0.163230 0.043922 0.043923 0.053712 0.037772 0.038627 0.045555 0.406547 0.431419 0.050942 0.051461
0.226554 0.029381 0.039619 0.039574 0.036033 0.031425 0.024879 0.044136 0.045387 0.037650 0.034188 0.041979 0.057472 0.848888 3.954492 3.931485 1.879139 0.039674 0.031517 0.032874 0.025703 0.025703 0.055899 0.069788 0.068244 0.102960 0.182796 0.226149 0.215610 0.112190 0.061213 0.066343 0.049270 0.500394 0.271264 0.083621 0.033425 0.029320 0.021263 0.234580 0.101719 0.043630 0.025322 0.014396 0.019310 0.056694 0.119211 0.142784 0.105139 0.039695 0.036583 0.043173 0.037163 0.046120 0.044197 0.420820 0.447410 0.061027 0.064012
0.186435 0.103280 0.085740 0.069336 0.038048 0.024468 0.023385 0.034783 0.039163 0.084241 0.070244 0.990527 1.990441 1.963363 3.920123 4.948473 2.936062 0.024228 0.021110 0.020180 0.017372 0.017372 0.085167 0.033134 0.030530 0.105474 0.177414 0.283587 0.282414 0.126872 0.056669 0.055321 0.039833 0.390541 0.355112 0.140999 0.020195 0.017967 0.021034 0.141503 0.134696 0.095726 0.095589 0.058403 0.062295 0.076468 0.147807 0.118347 0.076181 0.049720 0.022911 0.038827 0.039514 0.066199 0.041466 0.523903 0.550270 0.090325 0.053747
0.154127 2.059252 2.092493 0.874024 0.106219 0.036703 0.022055 0.046789 0.058264 1.044533 2.038424 2.063836 2.992388 3.996952 3.977961 2.942513 0.619987 0.251399 0.233230 0.178612 0.141745 0.165947 0.043755 0.045372 0.027794 0.027794 0.217017 0.339945 0.364266 0.029625 0.028954 0.041710 0.038826 0.373923 0.505897 0.289146 0.060478 0.031822 0.017967 0.185585 0.078224 0.130866 0.095161 0.052392 0.058433 0.051520 0.126350 0.070703 0.092612 0.052345 0.026404 0.038790 0.055732 0.086830 0.797288 0.485986 0.382028 0.059746 0.062064
1.050787 3.125884 3.141726 3.139139 3.192973 0.922893 0.125938 0.070975 1.085508 1.076249 1.082236 2.045916 2.022956 3.987755 3.961079 0.734037 0.091738 0.118171 0.119270 0.081214 0.038658 0.064492 0.076928 0.029137 0.022591 0.022591 0.035768 0.531756 0.533329 0.047428 0.024833 0.025398 0.044960 0.324898 0.458886 0.543373 0.588845 0.072257 0.105567 0.156595 0.054875 0.070961 0.103463 0.037620 0.050942 0.027149 0.074634 0.084114 0.116692 0.076928 0.049324 0.035820 0.063133 0.111054 0.725423 0.236382 0.058378 0.052955 0.046898
1.146207 2.147202 3.148058 4.170456 4.185641 3.120566 2.222468 1.110965 1.113677 1.101053 1.107957 2.090760 2.057436 3.983509 0.670970 0.080829 0.068260 0.121391 0.204714 0.154610 0.046349 0.034691 0.044930 0.034432 0.022591 0.022591 0.035134 1.705545 1.703750 0.050545 0.030830 0.032737 0.040276 0.078598 0.635003 0.669596 0.633462 0.166406 0.093437 0.052497 0.055718 0.047828 0.058556 0.035743 0.031944 0.040688 0.052894 0.038565 0.082680 0.063011 0.065360 0.051599 0.053184 0.045402 0.277123 0.378683 0.095271 0.068901 0.040017
2.140504 3.156490 3.151057 4.177042 4.182209 4.166809 4.206420 2.118529 2.138916 3.148572 3.153727 4.137467 4.085444 1.968262 0.249289 0.186500 0.221000 0.114634 0.172414 1.313518 0.035729 0.033180 0.054437 0.024361 0.277885 0.021782 0.694002 1.673624 1.676523 0.039072 0.026657 0.035027 0.061456 0.127052 0.591350 0.619284 0.607890 0.215149 0.130273 0.095214 0.083562 0.070662 0.049643 0.048652 0.026619 0.020438 0.049309 0.034173 0.067650 0.048195 0.035667 0.053536 0.044653 0.046838 0.213034 0.305566 0.091010 0.048530 0.035942
2.149955 6.158687 6.154681 5.160532 6.198934 6.153739 6.207691 4.102944 4.141578 3.119830 4.069686 5.088044 4.088187 0.929533 0.203217 0.180168 0.229805 0.276756 0.209312 1.314994 1.319191 0.042061 0.036385 0.018897 0.198625 0.142027 0.655209 1.656721 1.658902 0.590891 0.078972 0.030862 0.069435 0.160036 0.221268 0.246285 0.229284 0.247475 0.186330 0.135216 0.117608 0.104058 0.083605 0.059455 0.025459 0.018136 0.049689 0.035912 0.075691 0.020393 0.042595 0.035866 0.046303 0.091149 0.234490 0.308802 0.200387 0.040825 0.040723
5.099531 7.149659 7.134246 6.152747 6.119028 6.161581 6.150343 5.108673 4.123764 3.109933 3.111136 3.088541 2.028912 0.060264 0.046334 0.048811 0.078737 0.095771 0.195335 0.269143 2.363384 0.227255 0.095879 0.080529 0.027794 0.144875 0.657969 0.670282 0.569346 0.075541 0.038810 0.025337 0.055474 0.048455 0.191818 0.214744 0.176780 0.111065 0.193612 0.160357 0.137319 0.131371 0.115594 0.092903 0.068854 0.021965 0.022468 0.022484 0.021905 0.018287 0.029884 0.022331 0.034310 0.094094 0.140265 0.460563 0.082205 0.046119 0.026909
5.075728 6.131387 5.132174 4.148004 1.896806 3.125921 4.122347 4.111644 3.093399 2.061192 2.095934 2.069737 0.788799 0.037465 0.029435 0.029961 0.041389 0.045464 0.036536 0.021386 2.357334 1.263609 0.047287 0.036842 0.045281 0.038169 0.630168 0.596203 0.088832 0.041390 0.034981 0.038491 0.055154 0.051149 0.237602 0.254849 0.046273 0.063195 0.064004 0.094063 0.062722 0.078284 0.078419 0.131790 0.081216 0.079445 0.031746 0.044548 0.061805 0.058524 0.033350 0.061684 0.196235 0.155617 0.187916 0.185143 0.166726 0.054253 0.029288
5.124388 4.174477 2.135137 0.053248 0.019854 0.070720 2.023296 2.070747 0.861458 0.156226 0.810876 1.770215 0.665044 0.034726 0.026628 0.019600 0.028389 0.028389 0.019600 0.413384 1.324074 0.247994 0.050301 0.061729 0.030569 0.049843 0.176938 0.175102 0.099342 0.046790 0.035821 0.038840 0.044564 0.063561 0.149091 0.137798 0.065132 0.050869 0.048150 0.065959 0.072563 0.052213 0.047128 0.073860 0.055107 0.096139 0.108712 0.125693 0.044166 0.043267 0.075005 0.077873 0.077050 0.086722 0.052513 0.161400 0.167702 0.058477 0.038963
3.153526 2.162326 0.056999 0.017372 0.017372 0.076660 0.966949 0.067687 0.065885 0.125213 0.226213 0.645019 0.569770 0.073769 0.051591 0.035505 0.023903 0.023903 0.051704 1.437630 0.262276 0.069892 0.063453 0.039420 0.051201 0.032784 0.140586 0.176411 0.142096 0.035897 0.061011 0.069939 0.049399 0.054780 0.107721 0.081946 0.045647 0.038612 0.065299 0.069694 0.039513 0.061820 0.033012 0.049920 0.078086 0.112221 0.132681 0.144510 0.036583 0.036294 0.063027 0.118857 0.087869 0.057321 0.036719 0.044594 0.091758 0.027779 0.174966
2.101921 0.090310 0.047646 0.046373 0.046439 1.152282 2.163257 0.094575 0.014396 0.208128 0.184277 0.158635 0.909791 0.142324 0.037254 0.036278 0.031792 0.042900 0.052377 0.287178 0.117668 0.058767 0.054221 0.055322 0.038231 0.021232 0.037893 0.157373 0.280298 0.039649 0.072237 0.095055 0.043725 0.053962 0.104744 0.073433 0.039742 0.036842 0.054986 0.025186 0.032112 0.033500 0.036798 0.043114 0.052391 0.014396 0.112449 0.105339 0.026849 0.026771 0.078071 0.066262 0.027824 0.032174 0.029152 0.041558 0.055687 0.039176 0.245994
1.022171 0.066084 0.073546 0.048958 0.049096 1.117904 1.051695 0.206681 0.345271 0.314600 0.283509 1.308042 1.204852 0.252404 0.055931 0.060432 0.062903 0.070870 0.078895 0.062630 0.121019 0.052254 0.040779 0.046303 0.030327 0.020530 0.037865 0.032921 0.450510 0.528985 0.057346 0.103310 0.074350 0.108651 0.084587 0.031928 0.031578 0.017372 0.080314 0.024727 0.030586 0.026268 0.072548 0.072069 0.081016 0.031761 0.053428 0.111228 0.078057 0.040565 0.063408 0.070564 0.037696 0.014396 0.043145 0.041069 0.039924 0.038204 0.170525
0.107942 0.053109 0.037986 0.029151 0.029656 0.178225 1.007245 0.271335 1.451563 1.441641 2.379293 3.404780 3.390566 2.422376 1.375508 0.251666 0.074334 0.048338 0.032845 0.026801 0.140907 0.090723 0.059974 0.026664 0.041786 0.018440 0.029838 0.043281 0.421003 0.561608 0.074577 0.080955 0.095863 0.144293 0.128166 0.045647 0.039650 0.017372 0.057091 0.052777 0.049309 0.034112 0.069496 0.062250 0.052985 0.269090 0.035443 0.174911 0.982929 0.066742 0.059226 0.064063 0.048927 0.073554 0.052161 0.067376 0.043940 0.049811 0.125189
0.096917 0.109222 0.049782 0.042214 0.043831 0.232207 1.271968 1.327060 1.394239 2.429529 3.371894 5.394079 4.355858 2.405569 1.377221 0.300637 0.068823 0.043129 0.042519 0.054161 0.095527 0.151619 0.096137 0.108802 0.044762 0.022514 0.042106 0.051735 0.034570 0.557843 0.533624 0.135157 0.081139 0.126306 0.126167 0.059242 0.035209 0.027504 0.068168 0.052574 0.039422 0.363636 0.349679 1.384490 1.394999 1.351324 1.256883 2.291721 3.298173 2.296805 1.329893 0.042336 0.050163 0.021539 0.060967 0.066338 0.108899 0.147751 0.147927
0.119195 0.124472 0.050774 0.043144 0.048079 0.033105 1.271305 1.304982 2.446253 3.424125 4.373770 5.388084 4.353732 2.386105 1.279503 0.122122 0.036537 0.050146 0.054619 0.036339 0.031838 0.063638 0.093345 0.043206 0.059793 0.026314 0.018959 0.039787 0.465490 1.623104 0.515951 0.095775 0.034127 0.043221 0.054069 0.036111 0.036155 0.050957 0.349856 0.358983 1.447353 1.476161 1.459345 1.411585 0.316516 1.333218 2.303721 3.318872 4.322814 4.321104 2.286889 0.095746 0.054054 0.035256 0.032677 0.040351 0.044533 0.059333 0.065346
0.088707 0.090948 0.042916 0.029732 0.019310 0.035285 0.185455 1.291388 2.351998 4.384591 4.986162 4.372908 3.358661 0.332000 0.366791 0.235714 0.262355 0.042167 0.063027 0.048718 0.045448 0.042168 0.036339 0.039925 0.031624 0.019081 0.033272 0.033973 1.569985 0.572121 0.458703 0.040412 0.031090 0.023704 0.025536 0.064415 0.036415 0.045450 0.363632 1.452016 1.455740 1.475384 0.383132 0.032677 0.032951 1.334996 2.325361 4.316731 4.330204 3.329508 2.319855 0.085664 0.066385 0.045539 0.052391 0.034294 0.038018 0.085640 0.077536
0.600123 0.467369 0.029700 0.019310 0.014396 0.024361 0.037738 0.174884 1.176844 3.311260 4.350019 3.359135 2.336246 0.066292 0.124821 0.209865 0.206814 0.349622 0.268960 0.052787 0.047816 0.041802 0.031487 0.026618 0.039223 0.031761 0.036125 0.062768 0.540247 0.539344 0.042777 0.036949 0.040794 0.025536 0.035712 0.025536 0.054573 0.423128 0.409272 0.468645 0.433152 0.362326 0.047585 0.032677 0.030022 1.317468 2.343710 3.316960 3.324808 2.326204 0.208030 0.045723 0.037681 0.060754 0.062141 0.044867 0.056603 0.068000 0.054893
0.555615 0.518882 0.059571 0.036368 0.026849 0.023887 0.023486 0.081441 0.679326 1.189875 2.269734 1.353088 0.284373 0.067667 0.116529 0.164653 0.282427 0.360543 0.343977 0.161354 0.095264 0.034936 0.042106 0.024132 0.026618 0.039070 0.041618 0.042354 0.513436 0.536980 0.055503 0.038048 0.046378 0.070839 0.025536 0.023704 0.044349 0.450415 0.048106 0.095360 0.098656 0.093514 0.043373 0.055413 0.044868 0.057670 1.303224 3.344704 2.350369 0.231893 0.041084 0.045249 0.048424 0.067634 0.065956 0.047767 0.077454 0.056420 0.064049
0.543797 1.499325 0.047413 0.034828 0.026696 0.028069 0.136983 1.149609 1.028513 0.998182 0.129471 0.109940 0.043815 0.040657 0.063019 0.039330 0.235982 0.243280 0.254676 0.100838 0.155465 0.071151 0.037284 0.032143 0.023247 0.060524 0.041862 0.202661 0.323616 0.047814 0.072502 0.057091 0.032799 0.045419 0.035515 0.069527 0.039696 0.442811 0.022270 0.130440 0.152832 0.050760 0.074821 0.024910 0.024605 0.029029 0.034036 1.263107 2.353213 0.192277 0.047442 0.061440 0.053140 0.071258 0.065621 0.046531 0.041634 0.065697 0.063758
1.526330 1.509727 0.393046 0.090920 0.086573 0.139793 2.215160 2.227634 2.220126 1.122310 1.202035 0.134840 0.065732 0.057754 0.087425 0.042807 0.047690 0.049241 0.063853 0.061250 0.086693 0.099367 0.057045 0.037024 0.023858 0.061409 0.044167 0.405650 0.174462 0.042139 0.055763 0.041558 0.054406 0.043037 0.041481 0.039252 0.178596 0.034819 0.038703 0.052635 0.080957 0.082588 0.035728 0.031303 0.030251 0.030724 0.042636 0.149900 1.088533 1.044915 0.053909 0.020180 0.017372 0.017372 0.056908 0.036264 0.050377 0.040260 0.063300
1.527838 1.488155 0.379931 0.101928 0.102961 0.154934 2.196115 2.178403 2.186708 2.181904 2.210873 1.159185 0.082632 0.066797 0.053317 0.041876 0.051140 0.028871 0.017967 0.104561 0.114098 0.104302 0.045570 0.054517 0.021660 0.102353 0.132836 0.245120 0.191933 0.116219 0.057716 0.048459 0.051156 0.040809 0.065971 0.097299 0.112617 0.032341 0.039741 0.014396 0.120720 0.107997 0.049370 0.031364 0.025719 0.040154 0.033579 0.093855 1.058124 1.084462 0.068312 0.029945 0.040566 0.052345 0.027472 0.060158 0.042518 0.023538 0.027672
1.532923 1.498641 0.389398 0.074857 0.094449 0.137753 2.180000 1.189612 2.119568 2.114317 2.139365 1.136369 0.045047 0.052318 0.044001 0.059364 0.025704 0.017967 0.021034 0.082814 1.057012 1.024355 0.114993 0.037299 0.029794 0.122160 0.144631 0.216087 0.159636 0.163171 0.124260 0.042366 0.056446 0.031441 0.130228 0.071020 0.059579 0.068153 0.038186 0.066749 0.080061 0.028939 0.024147 0.030114 0.034386 0.056794 0.902603 0.903003 1.013514 1.004416 0.956611 0.034507 0.047173 0.038185 0.041100 0.041146 0.093208 0.023842 0.028145
1.521085 2.478510 1.411222 0.114025 0.066540 0.079818 0.999515 0.954390 0.910133 0.252669 1.056323 0.129638 0.072316 0.076634 0.051308 0.072361 0.025413 0.032920 0.028313 2.082965 3.072036 2.028471 0.121401 0.124494 0.027157 0.347348 0.442739 0.655746 0.700342 0.131814 1.154764 0.052207 0.054359 0.073737 0.113304 0.071372 0.060005 0.078835 0.057945 0.056344 0.043038 0.030784 0.023232 0.024452 0.055815 0.751785 1.936922 1.941061 1.970846 1.950146 0.960683 0.065355 0.088151 0.041881 0.054956 0.064902 0.076226 0.020424 0.046363
0.344663 2.463748 2.401580 0.082166 0.030221 0.029931 0.405116 0.513825 0.510917 0.463383 0.306357 0.084125 0.049691 0.097906 0.052139 0.072039 0.081416 0.083028 2.090020 3.094063 3.078811 1.999440 1.135324 1.144697 1.147402 0.982211 0.334241 0.024300 0.042350 0.090279 0.113427 0.083431 0.097710 0.129313 0.135444 0.149865 0.216835 0.096107 0.056450 0.062904 0.049218 0.046272 0.028161 0.028572 0.547878 0.675220 0.856321 0.894890 2.004610 1.980050 1.964388 0.920819 0.892908 0.794560 0.058991 0.089004 0.133626 0.036690 0.037071
