use_cases/Flooding_chicago/flooding_data/output/h_1500.asc
ncols 337
nrows 393
xllcorner 428428.000000
yllcorner 4602440.000000
cellsize 26.757400
NODATA_value -9999.000000
[rows 189 to 215 of 393, columns 177 to 235 of 337]
0.064902 0.052972 0.032051 0.034157 0.036675 0.150001 0.150415 1.036558 1.035537 2.074446 1.040137 0.048820 0.061135 0.033501 0.057839 0.019250 0.079796 0.030296 0.027931 0.055092 0.060865 0.024223 0.033806 0.422834 0.479395 0.479755 0.029976 0.030511 0.017372 0.081230 0.067200 0.025215 0.041328 0.045526 0.066978 0.055259 0.229830 0.218683 0.372077 1.283326 2.308385 3.333130 4.329948 2.328970 0.267696 0.028526 0.038628 0.035166 0.030313 0.034201 0.029730 0.216353 0.821969 1.839941 1.936396 0.085356 0.110762 0.049706 0.045447
0.045876 0.034631 0.050666 0.042639 0.187451 0.210547 0.191956 2.147560 2.157856 2.121263 0.981934 0.101157 0.046043 0.062844 0.019081 0.026878 0.086510 0.029777 0.023810 0.025383 0.043861 0.035454 0.050377 0.337645 1.506667 0.516945 0.508354 0.070224 0.064317 0.032082 0.036954 0.037111 0.062751 0.058067 0.086282 0.079734 0.211940 0.161697 0.378083 1.278546 2.305492 4.313682 5.305141 2.324087 0.291969 0.026048 0.189673 1.003235 1.190088 1.024977 0.844124 0.498661 0.991222 0.820968 0.892763 0.046733 0.038689 0.062249 0.062111
0.104736 0.055827 0.055694 0.112456 0.212420 0.235612 0.207461 2.062464 3.141003 2.126091 1.064410 0.129655 0.131854 0.059822 0.050133 0.025383 0.029351 0.035469 0.025459 0.017967 0.021034 0.026954 0.029595 0.346706 1.529474 1.517672 0.440714 0.079918 0.064278 0.050745 0.028756 0.027672 0.061139 0.059334 0.087181 0.082142 0.140765 0.336334 0.380030 1.278211 2.286585 3.266808 3.299907 2.300654 1.314434 1.260273 2.313459 3.317664 2.300538 0.982478 0.795770 1.304298 1.327707 0.251850 0.045031 0.032330 0.028329 0.017372 0.025703
0.092492 0.142782 0.277350 0.197875 0.229541 1.109771 1.150837 2.108280 3.128490 2.111453 0.080017 0.080947 0.075829 0.075982 0.034356 0.048958 0.034568 0.184808 0.049568 0.032401 0.017967 0.026115 0.029304 0.311450 0.445525 0.488011 0.040443 0.034537 0.037766 0.020409 0.018088 0.021660 0.033928 0.032035 0.040841 0.035652 0.085782 0.265413 1.335026 1.356125 0.344109 1.352924 2.287306 2.318774 2.334075 3.340304 3.326600 3.322248 2.308144 0.208459 0.153607 0.432413 0.358881 0.043193 0.038435 0.049317 0.026207 0.017372 0.025703
0.097942 0.050064 0.071636 0.046750 0.170233 2.124811 2.153706 2.115126 2.138468 3.134412 0.045601 0.077719 0.146082 0.101814 0.145913 0.025245 0.135439 0.111396 0.035455 0.030265 0.038369 0.031135 0.036689 0.224788 0.330971 0.030114 0.030586 0.046425 0.047340 0.053124 0.034065 0.021660 0.018088 0.020409 0.029281 0.023353 0.060493 0.262514 1.345684 1.358371 0.351220 1.352685 1.312195 2.304558 2.304930 3.329580 2.322881 2.327695 2.286467 0.283602 0.265745 0.227523 0.205845 0.028590 0.045088 0.046386 0.062062 0.020180 0.058301
0.089183 0.014396 0.053173 0.072442 0.175333 0.968370 1.114257 1.066789 2.124695 3.074301 0.100267 0.091619 0.073510 0.128272 0.151252 0.156274 0.134850 0.385032 0.040352 0.032281 0.031455 0.040032 0.036930 0.420604 0.174478 0.025063 0.014396 0.029915 0.077125 0.072563 0.034141 0.027199 0.026191 0.036159 0.029641 0.036811 0.055944 0.312624 0.367783 1.340466 1.374739 1.358949 0.281594 0.287083 1.336455 2.351896 2.312099 2.345774 2.330896 2.389964 2.381311 1.355690 0.296829 0.024852 0.028219 1.233208 1.220783 1.173797 1.176230
0.073601 0.097726 0.094071 0.064735 0.085320 0.048577 0.152373 0.147845 1.163874 3.111602 0.074027 0.051323 0.104470 0.148383 0.162011 0.026116 0.025643 0.303854 0.203437 0.144324 0.072134 0.097619 0.089989 0.326791 0.089256 0.039207 0.019310 0.037361 0.072944 0.078632 0.067590 0.032066 0.029777 0.048592 0.044059 0.060021 0.063209 0.335556 0.367906 0.379382 1.354029 1.370885 0.029347 0.036896 0.030143 0.308973 1.340527 2.349139 3.364712 4.394645 3.388781 3.372861 1.391409 0.338635 0.326859 2.224495 3.291907 3.311969 2.291248
0.072397 0.098656 0.093546 0.105372 0.063605 0.037422 0.036599 0.127878 1.158007 3.121484 0.046277 0.031898 0.018563 0.172005 0.176199 0.034751 0.033149 0.302071 0.229774 0.158806 0.173012 0.129629 0.126000 0.621985 0.084811 0.036736 0.028939 0.030012 0.117715 0.099831 0.108298 0.024696 0.051354 0.040820 0.045555 0.041358 0.045993 0.398545 0.017372 0.397695 0.404585 1.401458 0.039433 0.049632 0.044071 0.023689 0.333543 1.295889 2.336548 4.382590 4.389340 4.366946 3.415879 1.378545 1.376655 3.250484 4.276947 3.311147 2.289343
0.018960 0.026084 0.037728 0.121803 0.028740 0.019783 0.043572 0.136526 1.076594 3.056656 0.128421 0.047951 0.024163 0.031821 0.035851 0.043877 0.035393 0.033088 0.149985 0.125909 0.161508 0.117990 0.118997 0.595085 0.498897 0.044701 0.036599 0.059181 0.071984 0.150230 0.063332 0.037864 0.065422 0.044810 0.057517 0.045769 0.419059 0.447459 0.017372 0.425116 1.474882 2.484449 1.498343 1.477349 1.481963 0.434963 0.398523 0.400699 1.323189 3.351990 4.364482 4.919518 4.407892 3.388560 3.389480 3.314277 3.308818 1.264295 0.039139
-9999.000000 0.038566 0.042596 0.029961 0.049660 0.056907 0.062798 0.112571 0.230196 0.732943 0.167361 0.035834 0.043480 0.026756 0.033561 0.035409 0.027992 0.030753 0.101371 0.082572 0.115669 0.091834 0.095650 0.488029 0.430961 0.046678 0.049482 0.033806 0.074699 0.221547 0.221321 0.028892 0.063926 0.056969 0.072514 0.076862 0.425658 0.448924 0.467865 1.472069 1.463647 2.441982 3.484461 3.483392 3.469660 3.478290 2.452271 2.485047 1.385193 2.357384 3.325527 4.352072 4.393486 3.377224 3.378477 3.326897 1.097523 0.043449 0.023780
-9999.000000 0.048684 0.025245 0.027092 0.059689 0.061700 0.069192 0.219018 0.223444 0.126993 0.094601 0.054177 0.043541 0.032204 0.041619 0.035256 0.058235 0.053475 0.052909 0.102577 0.068567 0.066277 0.055762 0.281837 0.671774 0.074818 0.056068 0.034203 0.039909 0.172065 0.142832 0.069405 0.079780 0.055368 0.075566 0.057933 0.441574 1.452942 2.482320 2.485460 3.480411 3.487796 4.489227 3.476447 3.472903 4.444093 4.467395 3.482908 2.429706 2.404083 2.398746 3.323227 3.393876 2.375327 2.381061 2.375997 0.303913 0.045056 0.023018
-9999.000000 0.020455 0.031563 0.014396 0.028191 0.029732 0.065805 0.294039 0.328378 0.028114 0.026986 0.047920 0.094932 0.034919 0.045540 0.036127 0.063961 0.030898 0.083259 0.077562 0.057956 0.060370 0.061501 0.317647 0.437938 0.322033 0.051125 0.063139 0.085883 0.140246 0.126380 0.071114 0.087393 0.072800 0.453013 0.509899 0.474066 1.416227 3.444399 3.479180 4.460792 4.488717 4.478962 4.480995 4.474848 4.471025 5.445097 5.488553 4.479745 3.473780 2.410005 2.396411 2.416746 1.357473 1.312504 2.299290 1.338328 0.042015 0.028572
-9999.000000 -9999.000000 0.040444 0.021019 0.029808 0.040336 0.040900 0.162492 0.181145 0.042717 0.020439 0.049171 0.183220 0.183632 0.124428 0.196174 0.139611 0.040214 0.063210 0.063835 0.062675 0.068489 0.119991 0.585160 0.663582 0.167145 0.098717 0.072058 0.057167 0.154685 0.113304 0.442104 0.444948 1.536815 1.568238 1.536686 1.521415 2.406756 3.451956 3.482108 4.455451 4.482597 4.469561 4.476368 4.473308 4.471985 5.447328 5.486389 4.464236 3.456094 2.421593 2.409892 1.400121 0.361027 0.024396 0.186316 0.204178 0.226549 0.200525
-9999.000000 0.045432 0.035057 0.019889 0.075660 0.050224 0.054420 0.225578 0.269048 0.024787 0.031457 0.030358 0.031630 0.217966 0.186134 0.271630 0.205909 0.211405 0.215023 0.045783 0.063882 0.253070 0.189552 0.588535 0.571752 0.376858 0.212614 0.596310 0.499309 2.561597 2.586491 2.599410 2.597929 3.584754 3.639263 1.527193 1.503951 2.371716 3.426557 3.481620 4.445109 4.490723 3.469394 4.447485 4.475620 4.477591 4.477798 3.496491 2.463630 2.460852 2.439141 1.383921 0.053377 0.025871 0.027702 0.052300 0.033394 0.040442 0.180433
-9999.000000 0.081765 0.137948 0.034187 0.058372 0.044349 0.051994 0.269969 0.291528 0.024560 0.014396 0.025192 0.029809 0.266524 0.017372 0.031196 0.111916 0.639083 0.729096 0.619776 0.552866 0.396508 0.219835 0.503024 0.444053 0.321035 1.666083 1.725266 2.520741 3.595562 3.641648 3.629835 3.624969 3.604492 3.617418 3.651151 2.561844 2.491281 2.498976 3.425446 3.491595 3.503956 2.460967 2.473998 3.458388 3.480245 4.465634 3.499156 2.463927 2.470730 1.465325 0.341943 0.032890 0.033652 0.042275 0.036279 0.030159 0.045556 0.038307
-9999.000000 0.020636 0.195381 0.177452 0.041022 0.037239 0.040428 0.252298 1.351571 0.334374 0.019310 0.031120 0.182000 0.275627 0.017372 0.047128 0.062874 0.683955 0.787535 0.723538 0.609459 0.383458 0.449746 0.384094 0.835499 1.705472 1.791554 1.731234 2.397222 3.570662 3.633689 3.622712 3.618465 3.600677 3.605142 3.599264 3.618532 2.516918 2.490485 2.496796 3.479430 2.539532 1.485979 1.484158 2.427182 3.460566 4.440279 3.499359 1.410032 1.384431 1.427032 0.023476 0.033272 0.027809 0.036049 0.038108 0.014396 0.026849 0.026696
0.020636 0.033471 0.024895 0.197960 0.028389 0.027215 0.287622 1.319358 1.336524 0.267727 0.147346 0.225734 1.245522 0.234772 0.162651 0.078713 0.296244 0.690571 0.808045 0.024712 0.023477 0.187599 0.259029 0.906074 0.960001 2.778297 1.809320 1.693021 1.640326 2.577013 2.630898 2.625382 2.624826 2.611740 2.606058 2.575495 2.554568 2.530231 1.481392 1.485543 2.487803 3.519822 1.479866 1.472850 1.473099 1.480175 2.475519 2.485035 0.030847 0.035273 0.026184 0.146152 0.038632 0.050118 0.055920 0.038703 0.024361 0.023887 0.028069
0.033622 0.024895 0.023460 0.117821 0.067071 0.040703 0.291398 1.312663 0.281217 0.019310 0.106378 0.251020 0.249002 1.217233 0.124891 0.103510 0.355745 0.350546 0.014396 0.032539 0.025138 0.094658 0.916139 0.964813 1.913399 1.876947 1.827881 0.617078 0.556823 1.557432 1.582925 1.609637 2.614856 2.608113 2.610297 1.595033 1.557728 0.479698 0.455511 0.462852 2.463852 3.481793 1.468444 0.450535 0.451646 0.444486 0.412480 0.021263 0.021034 0.017967 0.027402 0.096394 0.760865 0.734678 0.806057 0.070171 0.050415 0.022225 0.050926
0.064308 0.058083 0.061287 0.465782 0.449456 0.359343 0.335030 0.024543 0.020989 0.014396 0.021004 0.019569 0.190498 0.183189 0.244683 0.406558 0.259154 0.154824 0.189593 0.108025 1.020012 1.080554 2.021637 2.044229 1.982166 1.981485 0.883369 0.062664 0.038162 0.639388 0.653460 1.617263 2.630419 3.634648 3.640085 2.640939 0.605544 0.029604 0.025430 0.438621 1.476121 2.456331 1.466714 0.443962 0.443377 0.427687 0.408879 0.393557 0.017967 0.028871 0.055904 0.959067 2.996902 2.994544 0.916053 0.089355 0.050276 0.057228 0.051429
0.047142 0.019294 0.078027 0.049233 0.032280 0.331492 0.331611 0.025353 0.033347 0.025826 0.035957 0.059944 0.204002 0.185987 0.245003 0.414282 0.300499 0.165000 0.190893 0.923574 1.991955 2.043856 2.020961 2.017943 1.949850 1.946870 0.032027 0.017372 0.017372 0.634109 0.656916 0.650919 1.608339 2.624483 3.639280 3.641029 1.639112 0.603082 0.030392 0.450557 1.495847 1.505045 0.426678 0.433530 0.414429 0.410348 0.400341 0.390347 0.020377 0.118913 0.952471 2.023685 4.020167 3.036536 0.936457 0.088251 0.045601 0.059745 0.037621
-9999.000000 0.027672 0.027153 0.017372 0.038323 0.244244 1.285516 1.317866 0.173229 0.190084 1.157327 0.091179 0.250047 0.199136 0.305046 0.166024 0.201665 0.400401 0.246456 0.892753 1.822432 1.862479 1.835478 1.840806 0.832999 0.957252 0.995377 0.047537 0.051941 0.619449 0.662061 0.654697 0.638837 1.604138 3.618938 4.628559 3.641458 1.603381 0.029770 0.023684 1.516535 1.517685 0.031090 0.020210 0.035454 0.342185 0.383640 0.330989 0.229311 0.194551 0.976095 2.032537 4.023556 3.050499 0.947002 0.082928 0.037865 0.041786 0.071211
-9999.000000 0.019294 0.055519 0.017372 0.037285 0.205011 1.296241 1.320000 0.182518 0.253411 0.168008 0.377819 0.323586 0.266975 0.172514 0.097598 0.178140 0.090234 0.151238 0.174828 0.475886 0.468624 0.428538 0.370374 0.240095 0.956635 0.961557 0.949375 0.809822 0.649723 0.628647 0.636792 0.626976 0.632487 1.651136 3.617006 3.617002 1.585892 0.710384 0.020426 1.452127 1.513972 0.041101 0.030984 0.032494 0.060108 0.046105 0.297816 0.233717 0.197636 0.110525 1.992970 3.024890 2.047025 0.962032 0.076753 0.027472 0.028679 0.626593
-9999.000000 -9999.000000 0.052300 0.025063 0.026360 0.183649 0.025490 0.027001 0.115440 0.195125 0.128960 0.375696 0.346551 0.293685 0.216866 0.110135 0.177788 0.090737 0.093269 0.326718 0.322303 0.309720 0.320029 0.303010 0.211464 0.807583 0.837027 0.845542 0.122135 0.150559 0.122559 0.083523 0.593892 0.607695 1.644746 2.650619 2.625216 1.564182 0.714236 0.823951 0.628697 1.507367 0.034059 0.031258 0.053200 0.041617 0.079413 0.041329 0.130273 1.031739 1.077641 1.037491 2.000228 2.053821 0.921807 0.888580 0.872830 0.843538 1.659650
-9999.000000 -9999.000000 -9999.000000 0.099984 0.147346 0.105461 0.032615 0.039803 0.028724 0.120447 0.406814 0.395728 0.363174 0.306496 0.208721 0.225533 0.175346 0.223187 0.565742 0.493800 0.460249 0.438102 0.453521 0.436914 0.316491 0.310986 0.212794 0.203132 0.136454 0.144751 0.096962 0.141289 0.496820 1.599609 2.656398 2.655973 1.610252 0.680063 0.707023 0.766741 0.648631 0.452897 0.522035 0.093952 0.049949 0.052910 0.034387 0.034675 2.009525 2.049805 1.040176 1.005473 0.972803 0.973267 1.800218 2.903357 1.877715 1.852586 2.762137
-9999.000000 -9999.000000 -9999.000000 0.102882 0.138022 0.077782 0.027017 0.034050 0.033821 0.040306 0.036430 0.260952 0.310921 0.311200 0.026512 0.137309 0.188665 0.250252 0.158350 0.431343 0.420172 0.420649 1.519128 1.592313 1.470583 0.239831 0.159676 0.144065 0.207345 0.187407 0.124951 0.131249 0.435919 1.593824 2.575174 2.615109 0.540363 0.606106 0.621412 0.790850 0.707756 0.033455 0.027535 0.035957 0.038551 0.030036 0.045600 0.229554 0.918371 0.900209 0.987651 0.155842 0.079101 0.869350 1.798469 1.879763 2.776550 2.831888 2.791858
-9999.000000 -9999.000000 -9999.000000 -9999.000000 0.020103 0.014396 0.130424 0.105095 0.035362 0.020134 0.028755 0.032829 0.086128 0.031029 0.055018 0.112043 0.274376 0.036231 0.081824 0.059975 0.044671 0.033622 0.590829 1.616602 0.471229 0.115929 0.069436 0.076078 0.172263 0.136399 0.096413 0.057181 0.022759 0.033789 0.456953 0.479217 0.107994 0.136145 0.106427 0.779966 0.655324 0.021020 0.033638 0.019081 0.026314 0.022514 0.018440 0.163806 0.139926 0.065912 0.143930 0.283145 0.822967 1.888180 1.817138 1.849854 1.843609 1.830769 2.753564
-9999.000000 -9999.000000 -9999.000000 -9999.000000 -9999.000000 0.044167 0.079963 0.067239 0.027794 0.017372 0.017372 0.019798 0.048714 0.068015 0.044626 0.062950 0.076317 0.082985 0.058647 0.042840 0.023781 0.049065 0.591502 1.644817 0.512856 0.119913 0.092782 0.107583 0.235589 0.185067 0.119892 0.027046 0.031166 0.040855 0.590091 0.083062 0.129892 0.148067 0.125436 0.656731 0.667694 0.889452 0.915650 0.105567 0.018959 0.128631 0.090308 0.181857 0.162357 0.028639 0.056713 0.363419 0.658905 1.570199 0.560353 0.586194 0.599563 0.659513 1.676799
