use_cases/Flooding_chicago/flooding_data/output/h_1500.asc
ncols 337
nrows 393
xllcorner 428428.000000
yllcorner 4602440.000000
cellsize 26.757400
NODATA_value -9999.000000
[rows 108 to 134 of 393, columns 118 to 176 of 337]
-9999.000000 -9999.000000 -9999.000000 -9999.000000 -9999.000000 -9999.000000 -9999.000000 -9999.000000 -9999.000000 -9999.000000 0.017967 0.140358 0.041434 0.049553 0.112801 0.116798 0.099755 0.066629 0.180475 0.033898 0.037971 0.029059 0.039270 0.036171 0.180657 0.029625 0.028373 0.030815 0.031197 0.032418 0.024528 0.087317 0.217141 0.058200 0.152255 0.130564 0.030815 0.030098 0.065102 0.058906 0.033287 0.035943 0.166404 0.014396 0.029336 0.028511 0.050957 0.126289 0.256253 0.280433 0.037682 0.049934 0.037423 0.066568 0.300652 2.428787 0.354488 0.089898 0.123878
-9999.000000 -9999.000000 -9999.000000 -9999.000000 -9999.000000 -9999.000000 -9999.000000 0.027000 0.037438 0.017967 0.021034 0.102592 0.028907 0.031731 0.097655 0.083001 0.068581 0.045205 0.090005 0.143702 0.027412 0.058495 0.044183 0.079017 0.112451 0.055681 0.053127 0.080369 0.101921 0.020302 0.031930 0.445168 0.469020 0.070063 0.129295 0.123531 0.069810 0.078368 0.071476 0.033195 0.026970 0.045646 0.091484 0.066613 0.037040 0.033714 0.094460 0.168879 0.151937 0.146050 0.046090 0.044945 0.033211 0.065284 0.049737 1.125244 0.203344 0.075180 0.042229
-9999.000000 -9999.000000 -9999.000000 -9999.000000 -9999.000000 -9999.000000 0.034066 0.027107 0.039314 0.031531 0.034095 0.119835 0.034707 0.025216 0.106559 0.076486 0.104091 0.058159 0.118766 0.100701 0.062392 0.053337 0.037819 0.224373 0.146475 0.078010 0.061333 1.178638 1.216796 1.243161 0.131454 0.418274 0.404104 0.330755 0.072216 0.087005 0.056435 0.071060 0.140251 0.038949 0.031929 0.040200 0.361473 0.319085 0.208075 0.254066 0.156517 0.263287 0.037179 0.055550 0.051628 0.048240 0.035957 0.042732 0.037986 0.044457 0.049262 0.014396 0.063573
-9999.000000 -9999.000000 0.038429 0.034387 0.029381 0.036462 0.042672 0.065712 0.022240 0.032280 0.042118 0.133947 0.042793 0.038902 0.070946 0.053170 0.071511 0.071251 0.072106 0.124244 0.082817 0.049141 0.058787 0.033546 0.288079 0.157645 0.222030 2.279559 2.262214 2.279922 0.020180 0.032280 0.279340 0.255530 0.199868 0.039141 0.052756 0.162025 0.151706 0.103259 0.045372 0.025780 0.023818 0.034340 0.032082 0.041070 0.052315 0.046440 0.029610 0.092659 0.073295 0.028236 0.024133 0.024680 0.033882 0.030677 0.026741 0.056450 0.014396
0.041558 0.049660 0.043007 0.053093 0.088401 0.032005 0.029641 0.035637 0.041176 0.041771 0.046105 0.219063 0.054695 0.050911 0.048424 0.071846 0.071327 0.120346 0.113289 0.103021 0.098990 0.055108 0.041985 0.014396 0.020256 0.097727 1.245327 2.312570 2.782586 2.290382 0.017372 0.025703 0.141360 0.279587 0.219372 0.030850 0.059464 0.148387 1.878631 0.648795 0.031532 0.018670 0.014396 0.018944 0.021004 0.034599 0.014396 0.024285 0.028709 0.067649 0.064688 0.027047 0.027828 0.017372 0.017372 0.020180 0.122128 0.155007 0.019310
1.056878 0.057228 0.066764 0.049782 0.024284 0.031547 0.030264 0.039345 0.055931 0.037957 0.058144 0.197228 0.139168 0.049233 0.036111 0.056869 0.056909 0.114768 0.088402 0.239692 0.218957 0.055000 0.039589 0.021004 0.033332 0.196894 0.259778 1.308141 2.269006 1.293952 0.017372 0.025703 0.103273 0.214150 0.228346 0.031630 0.046967 0.043404 0.933155 0.806164 0.036019 0.027656 0.018944 0.028403 0.049736 0.067557 0.024285 0.023399 0.039253 0.081992 0.092232 0.033302 0.045433 0.024986 0.024986 0.030098 0.108518 0.162453 0.120319
0.045724 0.262557 0.206444 0.042091 0.036354 0.032891 0.033180 0.044885 0.077465 0.067558 0.032784 0.140373 0.243352 0.044243 0.037606 0.057533 0.134136 0.208093 0.226973 1.282607 1.268304 0.173928 0.037964 0.019569 0.082345 0.135462 0.193540 0.218348 0.194783 0.177311 0.020180 0.032280 0.084612 0.597873 0.620313 0.058521 0.035976 0.026422 0.067806 0.642540 0.531983 0.031945 0.041252 0.025301 0.036887 0.091447 0.023212 0.041526 0.037559 0.144580 0.152996 0.101868 0.088799 0.028694 0.028038 0.068908 0.098445 0.125210 0.104560
0.037391 0.249229 0.236213 0.165764 0.036675 0.037254 0.026207 0.049290 0.062203 0.127389 0.025399 0.083001 0.181266 0.112328 0.102777 0.168267 0.278785 0.208502 1.305683 1.309337 1.293132 0.199878 0.070842 0.022041 0.188367 0.221531 0.106303 0.133785 0.104380 0.166009 0.072595 0.057322 0.697996 1.774206 1.801440 0.752868 0.027181 0.028756 0.019651 0.021522 0.260485 0.376027 0.492422 0.021873 0.039454 0.129617 0.025535 0.030983 0.041131 1.053884 1.091998 2.019471 0.782918 0.463061 0.811561 0.962355 0.070398 0.097992 0.983124
0.021980 0.222342 0.208993 0.151879 0.360557 0.048637 0.032967 0.042060 0.220086 0.202446 0.121391 0.081946 0.346324 0.322031 0.329966 0.157451 0.233154 0.169870 1.336434 1.319307 0.261530 0.048167 0.093860 0.095101 0.134002 0.114391 0.172791 0.148142 0.100518 0.178000 0.113690 0.104492 0.758226 1.836002 1.844986 0.789326 0.064053 0.039538 0.036995 0.069501 0.140554 0.383921 0.019096 0.026741 0.999802 3.161571 1.040291 0.127284 0.122324 2.033535 2.092152 2.016506 0.716395 0.955893 1.056455 1.044978 1.004794 1.006914 1.018949
0.206551 0.210732 0.189751 0.133719 0.456734 0.408057 0.308196 0.295357 0.288077 0.222175 0.131892 0.324195 0.360596 0.338381 0.314461 0.256280 0.261471 0.159263 0.166575 0.209222 0.025368 0.049817 0.017372 0.076877 0.109341 0.171998 0.149721 0.115001 0.073022 0.259868 0.296934 0.078177 0.057928 0.793810 1.852751 0.775115 0.039420 0.044902 0.047025 0.164230 0.267917 0.234168 0.107948 0.156853 3.189928 4.185922 2.197830 2.195988 2.201448 3.112661 2.111465 0.082643 0.051290 1.012685 1.889373 2.022111 2.024768 2.045791 1.019211
0.161019 0.191950 0.170462 0.119589 0.477572 0.454323 0.395423 0.384895 0.017372 0.117271 0.273288 0.317941 0.308433 0.269906 0.191735 0.513684 0.484149 0.152074 0.164673 0.106911 0.073554 0.031883 0.017372 0.042121 0.067557 0.198292 0.213530 0.195905 0.243676 1.307081 0.315713 0.068214 0.065014 0.737517 0.730650 0.617557 0.354096 0.328253 0.922547 2.053777 2.119369 1.171179 2.184512 4.220190 4.217331 5.176693 4.221365 3.202666 4.226361 2.131745 0.041477 0.014396 0.019310 0.028519 2.993758 2.051514 2.030842 3.009680 3.019436
0.127938 0.160591 1.148156 0.117851 0.064980 0.031945 0.280142 0.270445 0.017372 0.061608 0.179482 0.218270 0.206645 0.157555 0.337379 0.374293 0.363784 0.096962 0.129828 0.140408 0.051704 0.033548 0.039955 0.037583 0.204478 1.274848 1.260701 1.216850 1.315750 1.308877 0.311350 0.078195 0.097642 0.090734 0.056867 0.514177 0.292546 0.368322 0.252120 2.115716 2.237833 2.262502 3.235184 3.234339 3.254895 4.157917 5.223597 5.229992 4.239425 1.189767 0.038722 0.030590 0.047326 1.979760 2.013985 1.036195 2.003453 3.014685 3.013634
0.085656 0.104347 0.114753 0.095314 0.052376 0.094138 0.138741 0.244331 0.118539 0.072166 0.217494 0.220360 0.169642 0.323561 0.302904 0.421784 0.449974 0.139167 0.206620 0.070007 0.062081 0.058140 0.025810 0.166191 1.256652 2.271147 2.259986 1.198725 0.290928 0.262323 0.294398 0.099679 0.124842 0.038567 0.033592 0.047356 0.389547 0.189511 0.133000 0.970693 2.227290 1.265633 1.248406 1.235034 1.241214 2.193324 4.201728 5.206725 4.227423 1.165986 0.134460 0.064007 1.927334 3.987937 2.934468 1.029057 2.017902 3.023175 3.017394
0.269326 0.331552 0.069299 0.061318 0.078347 0.140312 0.121941 0.228920 0.506216 0.354156 0.247260 0.180726 0.119547 0.817861 0.837050 0.834465 0.825680 0.115453 0.211209 0.236691 0.265101 0.356032 0.124902 1.192945 2.246051 3.255144 3.243121 1.190391 0.047529 0.056815 0.084285 0.143586 0.057304 0.070016 0.052423 0.082449 0.058099 0.118845 0.131032 0.937230 2.226293 1.267887 1.247640 2.201060 2.215479 2.217238 3.224510 4.218332 4.230775 0.161365 0.110842 0.381687 2.847289 3.999625 2.982408 2.076458 3.041483 3.029489 1.006748
0.197457 0.025597 0.053093 0.039772 0.050789 0.081337 0.195020 0.216155 0.100137 0.369038 0.824659 0.868243 0.916968 0.985254 1.027446 1.033112 0.961656 0.243478 0.141375 0.215603 0.259610 0.087282 0.170422 1.227073 2.275318 3.283631 3.252348 1.130120 0.056072 0.040702 0.061013 0.088217 0.103158 0.093345 0.068337 0.091104 0.080879 0.108576 0.142087 0.855770 3.188431 3.280194 3.249653 4.218565 4.235424 3.236955 4.235865 4.230064 4.247175 0.165391 0.105685 0.398490 2.859832 4.997886 4.033455 2.064999 3.039644 3.036022 2.040308
0.101632 0.098823 0.027000 0.067284 0.076698 0.157324 0.167718 0.149950 0.090373 0.045556 0.980832 1.918325 0.991723 1.000181 1.034820 1.020991 1.000807 0.231074 0.322343 0.163389 0.222692 0.097274 0.162430 1.198588 1.249252 1.266553 2.281222 1.075701 0.050275 0.025780 0.026329 0.134621 0.105506 0.106254 0.089744 0.048454 0.087449 0.104605 0.133822 0.816445 3.207379 4.258293 2.238941 3.211061 4.235283 4.223967 4.218692 4.220918 3.241104 1.173804 0.093047 0.425262 2.844304 5.999792 5.045640 3.061035 3.036868 3.037886 3.045112
0.763502 0.063043 0.073418 0.055277 0.074102 0.089928 0.231637 0.229699 0.213707 0.023796 0.038554 1.973741 1.938981 0.983437 1.032034 0.997292 1.011538 0.235958 0.320477 0.131943 0.180367 0.055413 0.075553 0.939556 0.141269 0.026938 0.277055 0.229612 0.058252 0.033515 0.035362 0.169732 0.027458 0.037090 0.034157 0.026055 0.060646 0.078424 0.086983 0.074423 0.130666 0.912110 0.132278 0.144932 1.173261 2.143264 2.160002 2.187178 1.142451 1.105477 0.911035 0.662238 1.673300 3.940386 4.019574 1.820092 1.951918 1.983406 1.950130
0.774925 0.043302 0.065484 0.049714 0.065838 0.054746 0.113483 0.463011 0.110701 0.069351 0.057009 0.893385 1.984349 0.930795 1.041222 0.925630 0.048850 0.032703 0.066506 0.124705 0.160486 0.217719 0.311113 0.581686 0.096406 0.038521 0.049564 0.048790 0.033531 0.036308 0.045936 0.041008 0.014396 0.049843 0.037208 0.026970 0.067939 0.124519 0.095435 0.084695 0.078988 0.096077 0.078579 0.071788 0.060490 1.268385 1.270890 0.190574 0.157496 0.117930 0.073653 0.482691 0.035440 0.079176 0.081752 0.027950 0.022316 0.063546 0.067409
1.688587 0.613916 0.067202 0.047736 0.046245 0.057100 0.489651 1.600605 0.595247 0.540108 0.580678 0.738864 0.777133 0.769179 0.029708 0.859627 0.054763 0.083900 0.041314 0.057829 0.347024 0.349067 0.503275 0.389792 0.067518 0.036223 0.060219 0.059259 0.031059 0.028573 0.036843 0.036995 0.036369 0.037163 0.187798 0.174766 0.140787 0.110695 0.097969 0.069205 0.062492 0.060264 0.075714 0.053565 0.068657 1.282426 1.283173 0.042128 0.041497 0.058448 0.044258 0.043754 0.053194 0.044105 0.067742 0.014396 0.026833 0.080066 0.085853
1.730665 0.637155 0.050809 0.035208 0.049339 0.381256 1.573932 1.612700 1.600352 1.594758 1.580090 1.507056 1.467280 0.657893 0.573798 1.507222 1.563411 1.565226 1.565102 0.493398 0.545172 0.599605 0.430236 0.394969 0.043396 0.064717 0.036492 0.044716 0.050774 0.023857 0.095253 0.048073 0.071724 0.026238 0.187431 0.175315 0.163537 0.150536 0.143334 0.092294 0.048058 0.049050 0.041011 0.069435 0.084361 1.246729 1.243972 0.059379 0.066568 0.036644 0.069084 0.046043 0.030937 0.037209 0.064232 0.042794 0.028297 0.156318 0.095498
0.662320 0.513808 0.273599 0.155457 0.120066 0.434240 1.571448 1.614249 2.608388 1.617577 1.607602 2.582551 2.582064 2.554103 2.595015 2.589734 3.601264 3.597214 2.595973 2.570081 2.525683 0.449067 0.019310 0.014396 0.067563 0.059390 0.055455 0.061028 0.074440 0.046501 0.079627 0.046333 0.054436 0.023628 0.022042 0.165413 0.166282 0.158901 0.142677 0.027229 0.030791 0.040460 0.066874 0.051475 0.047325 0.421149 0.410092 0.074913 0.096443 0.099814 0.054849 0.046729 0.027717 0.055867 0.052864 0.219368 1.320028 0.206551 0.146538
0.032114 0.389938 0.304868 0.262036 0.439393 1.564824 1.602719 2.611953 2.622774 1.626033 2.604126 3.606639 3.607466 3.617520 3.611800 2.643956 3.617584 3.604319 2.606249 2.600796 1.639994 0.479456 0.044903 0.019310 0.069286 0.083014 0.113853 0.144925 0.185151 0.122888 0.130073 0.052025 0.046809 0.034645 0.018151 0.149558 0.028359 0.038170 0.045784 0.026940 0.024361 0.028267 0.035592 0.048180 0.062005 0.490233 0.491576 0.508925 0.097511 0.094795 0.079125 0.065832 0.053382 0.046288 0.050544 0.059946 0.199576 0.026801 0.121604
0.040795 0.031808 0.196103 0.422609 1.571817 2.604412 2.608934 2.615999 2.614961 2.617486 3.612229 3.620798 4.625809 4.613721 3.612058 3.608458 3.599165 3.600337 1.603632 1.605013 0.599003 0.030595 0.035459 0.529063 0.470307 0.527699 0.101651 0.147953 0.173770 0.017372 0.092536 0.201881 0.053093 0.050515 0.049873 0.079689 0.033119 0.043312 0.019310 0.014396 0.026939 0.026757 0.044590 0.051583 0.079169 0.452640 0.452004 0.068145 0.045861 0.050881 0.051162 0.042000 0.068914 0.064400 0.040245 0.059455 0.044975 0.033867 0.035240
0.058331 0.045464 0.045537 2.585635 4.604568 4.600834 3.583851 2.610993 2.612206 2.615348 3.615056 3.619642 3.627321 4.634950 3.615992 3.647651 4.598242 3.608715 2.605188 1.618348 0.612288 0.030804 0.037077 0.540302 1.560703 0.555202 0.554723 0.083783 0.111535 0.017372 0.063309 0.120604 0.600151 0.080331 0.071373 0.061972 0.048790 0.030053 0.037362 0.026787 0.038627 0.039390 0.038949 0.055611 0.120279 0.107705 0.102249 0.055000 0.045431 0.036995 0.045967 0.032479 0.044068 0.040809 0.043526 0.038674 0.028298 0.029228 0.031441
0.066876 0.058381 0.034190 2.614029 3.609732 4.596354 3.592893 2.616980 1.614488 2.620834 3.614866 3.622173 3.626977 3.622823 2.608384 2.623610 4.590212 4.598269 4.602209 2.599676 1.588083 1.590639 0.571246 1.572895 2.575766 1.571970 1.573044 1.582079 0.571851 0.027123 0.034813 0.743058 0.741190 0.701136 0.074737 0.064263 0.041878 0.034172 0.031543 0.038567 0.055565 0.038337 0.085502 0.014396 0.051903 0.069192 0.071968 0.049568 0.042687 0.044578 0.048698 0.034310 0.048485 0.018089 0.020332 0.047265 0.014396 0.024894 0.040778
0.066445 0.057047 0.033882 0.556559 1.595750 2.577651 1.598129 1.605705 1.606539 1.610276 3.610724 4.606507 4.594419 3.620050 2.607104 2.622301 4.593619 4.599223 4.600930 3.605503 2.604806 1.588378 1.582233 2.566823 2.584539 2.576209 2.577017 1.586362 0.572638 0.065786 0.070630 0.039583 0.732344 0.738194 0.608247 0.081735 0.044915 0.030266 0.032921 0.042305 0.084400 0.057426 0.092148 0.072899 0.041512 0.045707 0.071496 0.055168 0.049584 0.027994 0.028664 0.018197 0.021614 0.021706 0.030327 0.050804 0.040245 0.041024 0.039604
0.048457 0.036675 0.045692 0.452187 1.592627 1.615473 1.609611 1.614308 1.614099 1.616264 2.610228 4.621796 5.608092 5.613455 3.609010 2.623727 3.586694 4.594977 4.602310 4.613699 2.608709 1.588283 1.585093 1.573130 1.581731 2.575528 2.583048 1.586974 0.573649 0.077431 0.066127 0.050910 0.029756 0.020284 0.501249 0.409522 0.047196 0.032707 0.033790 0.062568 0.056129 0.061424 0.114372 0.097642 0.051918 0.035728 0.031914 0.029915 0.023355 0.032066 0.027092 0.037988 0.032341 0.039558 0.045357 0.065469 0.045280 0.040337 0.051307
