use_cases/Flooding_chicago/flooding_data/output/h_1560.asc
ncols 337
nrows 393
xllcorner 428428.000000
yllcorner 4602440.000000
cellsize 26.757400
NODATA_value -9999.000000
[rows 162 to 188 of 393, columns 118 to 176 of 337]
0.418967 0.033688 0.023507 0.022942 0.029945 0.086865 0.076062 0.917987 0.062903 0.017372 0.051156 0.031227 0.034266 0.869049 4.100801 4.138291 4.138057 4.166914 3.131699 1.804050 1.760406 0.759326 0.151336 0.228940 0.382009 0.570715 0.629101 0.685349 0.721830 0.584246 0.595177 0.071531 0.816003 2.912503 2.852841 2.871463 1.687401 0.117130 0.099775 0.141854 0.069878 0.046913 0.031976 0.020803 0.038521 0.038125 0.065536 0.121528 0.197577 0.113685 0.041085 0.049370 0.026802 0.039101 0.048928 0.443033 0.221918 0.062141 0.058175
0.355399 0.019309 0.027366 0.023567 0.037315 0.093622 0.084524 0.906956 0.020134 0.017372 0.034936 0.041289 0.101675 1.057558 4.163103 4.152101 3.152519 0.941638 0.042568 0.037407 0.039403 0.032250 0.047325 0.070320 0.071619 0.103189 0.113847 0.226823 0.199758 0.164499 0.045815 0.085716 0.081895 2.780459 2.794160 0.515648 0.043315 0.052574 0.072822 0.155275 0.084099 0.041191 0.026238 0.019309 0.029732 0.037179 0.098275 0.145316 0.163230 0.043922 0.043923 0.053712 0.037773 0.038627 0.045555 0.406546 0.431419 0.050942 0.051461
0.226822 0.029382 0.039619 0.039574 0.036034 0.031425 0.024880 0.044136 0.045380 0.037650 0.034188 0.057251 0.120173 1.104213 4.165214 4.154256 2.147905 0.044051 0.031503 0.032872 0.025704 0.025704 0.055899 0.069794 0.068245 0.102974 0.182823 0.226181 0.215635 0.112204 0.061226 0.066352 0.049273 0.500323 0.271335 0.083622 0.033424 0.029321 0.021263 0.234581 0.101719 0.043630 0.025322 0.014396 0.019309 0.056694 0.119211 0.142784 0.105138 0.039696 0.036583 0.043173 0.037163 0.046121 0.044197 0.420820 0.447409 0.061029 0.064011
0.189173 0.107511 0.086300 0.069700 0.038048 0.024468 0.023384 0.034783 0.038995 0.176799 0.191076 1.241388 2.220986 2.211982 4.139220 5.182827 3.187157 0.024547 0.021110 0.020180 0.017372 0.017372 0.085168 0.033134 0.030530 0.105486 0.177439 0.283627 0.282451 0.126887 0.056679 0.055321 0.039833 0.390546 0.355109 0.140999 0.020196 0.017966 0.021034 0.141502 0.134697 0.095725 0.095589 0.058403 0.062295 0.076468 0.147805 0.118346 0.076182 0.049720 0.022912 0.038827 0.039513 0.066199 0.041466 0.523904 0.550271 0.090324 0.053748
0.244005 2.263703 2.294542 1.104223 0.222461 0.035947 0.022055 0.044043 0.185463 1.278659 2.286855 2.295451 3.198721 4.240685 4.204722 3.174414 0.825779 0.251461 0.233230 0.178612 0.141745 0.165947 0.043755 0.045371 0.027794 0.027794 0.217050 0.339993 0.364312 0.029625 0.028954 0.041711 0.038826 0.373922 0.505895 0.289147 0.060478 0.031822 0.017966 0.185585 0.078224 0.130868 0.095161 0.052392 0.058434 0.051521 0.126350 0.070704 0.092613 0.052345 0.026405 0.038790 0.055733 0.086831 0.797286 0.485985 0.382026 0.059747 0.062064
1.324945 3.325848 3.336483 3.333493 3.382603 1.112438 0.271779 0.219206 1.283564 1.279887 1.284628 2.264710 2.240492 4.228302 4.185462 0.995378 0.091739 0.118172 0.119269 0.081213 0.038658 0.064491 0.076928 0.029138 0.022590 0.022590 0.035785 0.531816 0.533393 0.047441 0.024833 0.025399 0.044960 0.324896 0.458889 0.543371 0.588845 0.072257 0.105568 0.156594 0.054874 0.070961 0.103462 0.037621 0.050941 0.027149 0.074633 0.084114 0.116690 0.076927 0.049324 0.035821 0.063132 0.111054 0.725423 0.236384 0.058378 0.052955 0.046898
1.369478 2.344471 3.353422 4.373950 4.383575 3.315808 2.425781 1.312450 1.305596 1.298456 1.304390 2.294161 2.263036 4.182805 0.840458 0.080830 0.068260 0.121391 0.204715 0.154610 0.046349 0.034691 0.044930 0.034432 0.022590 0.022590 0.035140 1.705619 1.703831 0.050545 0.030830 0.032737 0.040275 0.078599 0.635002 0.669596 0.633462 0.166405 0.093437 0.052498 0.055718 0.047828 0.058556 0.035743 0.031943 0.040688 0.052895 0.038566 0.082681 0.063010 0.065360 0.051598 0.053184 0.045402 0.277122 0.378684 0.095270 0.068902 0.040017
2.339705 3.352081 3.346816 4.374803 4.373390 4.360786 4.411766 2.314431 2.331557 3.331261 3.353021 4.336668 4.298809 2.263218 0.319241 0.186500 0.221000 0.114634 0.172413 1.313516 0.035728 0.033180 0.054436 0.024362 0.277886 0.021781 0.694084 1.673701 1.676598 0.039077 0.026658 0.035027 0.061456 0.127052 0.591352 0.619285 0.607890 0.215150 0.130272 0.095214 0.083562 0.070662 0.049643 0.048653 0.026620 0.020438 0.049309 0.034172 0.067650 0.048196 0.035668 0.053536 0.044653 0.046838 0.213036 0.305564 0.091011 0.048529 0.035942
2.349281 6.354859 6.352499 5.360766 6.388860 6.351322 6.414911 4.300308 4.340819 3.311950 4.292130 5.271081 4.297048 1.254400 0.244379 0.180167 0.229804 0.276756 0.209312 1.314998 1.319188 0.042060 0.036384 0.018897 0.198626 0.142030 0.655290 1.656792 1.658974 0.590994 0.078972 0.030861 0.069435 0.160037 0.221268 0.246285 0.229284 0.247475 0.186330 0.135216 0.117607 0.104058 0.083605 0.059456 0.025459 0.018135 0.049689 0.035913 0.075692 0.020393 0.042595 0.035866 0.046303 0.091149 0.234490 0.308803 0.200385 0.040825 0.040723
5.306500 7.338719 7.332537 6.351139 6.313690 6.356011 6.351855 5.300550 4.321218 3.302826 3.306627 3.288363 2.247298 0.152481 0.046334 0.048812 0.078738 0.095771 0.195334 0.269143 2.363384 0.227254 0.095879 0.080529 0.027794 0.144875 0.658045 0.670363 0.569410 0.075563 0.038810 0.025338 0.055473 0.048454 0.191819 0.214742 0.176781 0.111065 0.193613 0.160356 0.137320 0.131370 0.115594 0.092903 0.068855 0.021965 0.022468 0.022484 0.021905 0.018286 0.029884 0.022332 0.034310 0.094094 0.140266 0.460562 0.082207 0.046120 0.026909
5.279202 6.327886 5.338347 4.358461 2.121677 3.323705 4.321394 4.305226 3.294702 2.288819 2.298801 2.280369 1.000817 0.037790 0.029427 0.029960 0.041389 0.045463 0.036537 0.021385 2.357334 1.263609 0.047287 0.036842 0.045280 0.038170 0.630219 0.596247 0.088839 0.041390 0.034982 0.038491 0.055154 0.051150 0.237602 0.254849 0.046274 0.063195 0.064003 0.094063 0.062722 0.078284 0.078419 0.131790 0.081215 0.079446 0.031746 0.044548 0.061806 0.058524 0.033349 0.061685 0.196234 0.155620 0.187916 0.185143 0.166725 0.054252 0.029288
5.319547 4.366024 2.336325 0.050760 0.019957 0.082169 2.175299 2.252299 1.037333 0.211760 1.029598 1.974932 0.842599 0.035670 0.026619 0.019600 0.028389 0.028389 0.019600 0.413384 1.324076 0.247994 0.050301 0.061729 0.030569 0.049842 0.176949 0.175103 0.099342 0.046791 0.035821 0.038841 0.044564 0.063560 0.149092 0.137796 0.065131 0.050869 0.048150 0.065959 0.072563 0.052213 0.047127 0.073860 0.055109 0.096138 0.108713 0.125693 0.044165 0.043267 0.075005 0.077873 0.077051 0.086723 0.052512 0.161400 0.167703 0.058477 0.038963
3.353340 2.358267 0.060678 0.017372 0.017372 0.093744 1.018682 0.077099 0.070137 0.132416 0.247339 0.664100 0.582067 0.076790 0.051565 0.035505 0.023903 0.023903 0.051704 1.437630 0.262276 0.069893 0.063453 0.039421 0.051201 0.032784 0.140587 0.176414 0.142099 0.035896 0.061012 0.069939 0.049399 0.054781 0.107719 0.081948 0.045647 0.038612 0.065300 0.069694 0.039513 0.061821 0.033013 0.049920 0.078086 0.112221 0.132681 0.144510 0.036583 0.036294 0.063027 0.118857 0.087869 0.057320 0.036719 0.044595 0.091757 0.027778 0.174965
2.317877 0.217987 0.047645 0.046373 0.046440 1.188837 2.197984 0.101356 0.014396 0.219942 0.195161 0.167744 0.929668 0.149272 0.037252 0.036277 0.031792 0.042899 0.052377 0.287177 0.117668 0.058768 0.054222 0.055321 0.038231 0.021233 0.037893 0.157373 0.280309 0.039650 0.072239 0.095055 0.043725 0.053962 0.104744 0.073433 0.039743 0.036842 0.054985 0.025185 0.032112 0.033500 0.036797 0.043114 0.052391 0.014396 0.112450 0.105337 0.026849 0.026771 0.078071 0.066262 0.027825 0.032173 0.029152 0.041558 0.055687 0.039177 0.245995
1.181902 0.065361 0.073520 0.048958 0.049095 1.149727 1.079526 0.219539 0.365887 0.331124 0.299344 1.325678 1.222712 0.265077 0.055931 0.060432 0.062904 0.070870 0.078895 0.062631 0.121019 0.052254 0.040779 0.046303 0.030326 0.020531 0.037864 0.032922 0.450522 0.528999 0.057348 0.103310 0.074349 0.108650 0.084586 0.031929 0.031578 0.017372 0.080314 0.024728 0.030585 0.026268 0.072548 0.072069 0.081017 0.031760 0.053429 0.111288 0.078530 0.040567 0.063408 0.070564 0.037695 0.014396 0.043145 0.041070 0.039924 0.038203 0.170525
0.162558 0.053109 0.037987 0.029151 0.029657 0.190652 1.025520 0.288387 1.471776 1.461320 2.399220 3.423928 3.409415 2.442060 1.394860 0.261909 0.074334 0.048338 0.032844 0.026801 0.140907 0.090722 0.059975 0.026664 0.041786 0.018439 0.029838 0.043281 0.421016 0.561614 0.074577 0.080956 0.095863 0.144294 0.128166 0.045647 0.039650 0.017372 0.057091 0.052777 0.049309 0.034112 0.069496 0.062248 0.052987 0.287063 0.035576 0.184659 1.005772 0.066558 0.059226 0.064063 0.048927 0.073554 0.052161 0.067375 0.043940 0.049811 0.125190
0.096917 0.109222 0.049781 0.042214 0.043831 0.246256 1.288803 1.344226 1.412672 2.449220 3.390997 5.412970 4.374739 2.424819 1.396485 0.312826 0.068824 0.043130 0.042519 0.054161 0.095528 0.151618 0.096139 0.108802 0.044761 0.022514 0.042106 0.051736 0.034570 0.557854 0.533639 0.135160 0.081139 0.126305 0.126168 0.059243 0.035208 0.027505 0.068168 0.052575 0.039422 0.384166 0.370686 1.407322 1.419172 1.374895 1.286384 2.313833 3.319561 2.319160 1.354572 0.042336 0.050163 0.021539 0.060967 0.066338 0.108899 0.147751 0.147926
0.119194 0.124473 0.050773 0.043144 0.048079 0.033105 1.288259 1.321517 2.465105 3.442609 4.392440 5.406449 4.372822 2.404613 1.308558 0.122503 0.036538 0.050146 0.054619 0.036339 0.031838 0.063638 0.093345 0.043205 0.059793 0.026314 0.018959 0.039787 0.465497 1.623115 0.515968 0.095778 0.034128 0.043220 0.054069 0.036110 0.036156 0.050960 0.372102 0.377888 1.467273 1.497659 1.481644 1.433096 0.336234 1.356302 2.327569 3.341452 4.343420 4.343292 2.309350 0.095873 0.054054 0.035256 0.032678 0.040351 0.044532 0.059334 0.065345
0.088707 0.090949 0.042916 0.029732 0.019309 0.035285 0.196259 1.306695 2.368678 4.402705 4.910047 4.391126 3.376717 0.344083 0.375966 0.235928 0.262592 0.042168 0.063027 0.048718 0.045449 0.042167 0.036339 0.039925 0.031624 0.019081 0.033272 0.033974 1.569998 0.572135 0.458709 0.040413 0.031089 0.023705 0.025536 0.064416 0.036415 0.045471 0.380441 1.470210 1.475655 1.496044 0.405360 0.032676 0.032952 1.358708 2.347619 4.340500 4.352199 3.352928 2.344208 0.085703 0.066384 0.045539 0.052390 0.034294 0.038017 0.085640 0.077537
0.607074 0.474072 0.029700 0.019309 0.014396 0.024361 0.037563 0.188213 1.192364 3.327279 4.367448 3.377290 2.354285 0.066333 0.124936 0.210080 0.207122 0.350192 0.269518 0.052787 0.047816 0.041802 0.031487 0.026618 0.039223 0.031761 0.036125 0.062768 0.540261 0.539354 0.042777 0.036949 0.040793 0.025536 0.035712 0.025536 0.054572 0.453213 0.431492 0.495598 0.458845 0.386826 0.047617 0.032678 0.030022 1.341220 2.365426 3.340703 3.348429 2.348305 0.222836 0.045723 0.037682 0.060754 0.062141 0.044868 0.056602 0.067999 0.054893
0.563449 0.524780 0.060203 0.036369 0.026849 0.023887 0.023406 0.092003 0.695341 1.204059 2.277821 1.365844 0.297981 0.067724 0.116654 0.164879 0.282851 0.361200 0.344907 0.162356 0.095865 0.034936 0.042106 0.024132 0.026618 0.039069 0.041618 0.042364 0.513437 0.536991 0.055503 0.038048 0.046379 0.070839 0.025536 0.023705 0.044349 0.476661 0.048107 0.095360 0.098667 0.093571 0.043372 0.055413 0.044868 0.058070 1.326396 3.365919 2.366797 0.244516 0.041075 0.045248 0.048424 0.067633 0.065957 0.047767 0.077454 0.056419 0.064049
0.551352 1.506777 0.047593 0.034828 0.026695 0.028070 0.152241 1.172102 1.047890 1.016489 0.149542 0.120313 0.043835 0.040679 0.063067 0.039353 0.236393 0.243831 0.255640 0.102057 0.157045 0.071691 0.037285 0.032143 0.023247 0.060525 0.041862 0.202662 0.323631 0.047813 0.072502 0.057091 0.032798 0.045418 0.035514 0.069527 0.039695 0.468285 0.022271 0.130439 0.152840 0.050759 0.074822 0.024910 0.024604 0.029030 0.034111 1.289702 2.369739 0.201911 0.047429 0.061440 0.053139 0.071258 0.065620 0.046532 0.041633 0.065697 0.063758
1.534446 1.517242 0.401035 0.097018 0.094324 0.152869 2.235306 2.249837 2.240579 1.141379 1.222184 0.147673 0.065792 0.057815 0.087521 0.042856 0.047743 0.049472 0.064739 0.063313 0.088906 0.100936 0.057044 0.037024 0.023858 0.061409 0.044166 0.405662 0.174462 0.042139 0.055763 0.041557 0.054406 0.043038 0.041481 0.039253 0.178596 0.034818 0.038704 0.052635 0.080956 0.082588 0.035728 0.031303 0.030252 0.030724 0.042609 0.163711 1.112416 1.058970 0.058794 0.020180 0.017372 0.017372 0.056908 0.036263 0.050377 0.040260 0.063301
1.536171 1.495362 0.388083 0.109901 0.112569 0.169416 2.215321 2.197635 2.206099 2.201173 2.230510 1.178979 0.082753 0.066928 0.053449 0.041973 0.051160 0.028872 0.017966 0.109596 0.118629 0.108058 0.045571 0.054517 0.021660 0.102360 0.132835 0.245128 0.191932 0.116221 0.057717 0.048459 0.051155 0.040810 0.065970 0.097298 0.112617 0.032341 0.039741 0.014396 0.120721 0.107997 0.049369 0.031364 0.025719 0.040153 0.033575 0.102188 1.079648 1.099779 0.075442 0.029945 0.040566 0.052345 0.027473 0.060158 0.042519 0.023537 0.027672
1.541102 1.505521 0.396625 0.081259 0.103751 0.152616 2.199656 1.209619 2.137959 2.131556 2.158623 1.155053 0.045188 0.052541 0.044234 0.059715 0.025704 0.017966 0.021034 0.094036 1.101440 1.065264 0.127411 0.037300 0.029793 0.122170 0.144648 0.216135 0.159648 0.163179 0.124262 0.042366 0.056446 0.031440 0.130228 0.071020 0.059579 0.068152 0.038185 0.066749 0.080062 0.028938 0.024146 0.030113 0.034386 0.056640 0.917794 0.915161 1.030350 1.021822 0.971041 0.034507 0.047173 0.038184 0.041100 0.041145 0.093209 0.023842 0.028146
1.529405 2.485736 1.417024 0.120940 0.072275 0.092539 1.017795 0.968332 0.928056 0.264336 1.078390 0.138740 0.072630 0.077107 0.051789 0.073201 0.025414 0.032921 0.028313 2.103333 3.088429 2.055884 0.138300 0.139842 0.027170 0.348948 0.444185 0.656626 0.701077 0.131824 1.154768 0.052208 0.054359 0.073739 0.113305 0.071373 0.060005 0.078835 0.057945 0.056344 0.043037 0.030784 0.023232 0.024452 0.057414 0.772302 1.954082 1.957668 1.986748 1.971873 0.977152 0.066826 0.089823 0.041894 0.054954 0.064903 0.076225 0.020425 0.046363
0.350944 2.471026 2.407000 0.084906 0.030221 0.029931 0.416628 0.523845 0.521199 0.472713 0.312703 0.085907 0.050028 0.098760 0.053293 0.074525 0.086636 0.093471 2.113245 3.116159 3.100465 2.023267 1.156574 1.165729 1.167921 1.000166 0.337594 0.024301 0.042351 0.090279 0.113427 0.083436 0.097710 0.129312 0.135444 0.149864 0.216835 0.096108 0.056450 0.062904 0.049217 0.046273 0.028160 0.028572 0.567524 0.693020 0.876417 0.920726 2.030979 1.998860 1.983130 0.944301 0.916713 0.816022 0.059362 0.089442 0.134446 0.036690 0.037071
