use_cases/Flooding_chicago/flooding_data/output/h_1680.asc
ncols 337
nrows 393
xllcorner 428428.000000
yllcorner 4602440.000000
cellsize 26.757400
NODATA_value -9999.000000
[rows 324 to 350 of 393, columns 0 to 58 of 337]
-9999.000000 -9999.000000 -9999.000000 -9999.000000 -9999.000000 -9999.000000 -9999.000000 -9999.000000 -9999.000000 -9999.000000 -9999.000000 -9999.000000 -9999.000000 -9999.000000 -9999.000000 -9999.000000 -9999.000000 -9999.000000 -9999.000000 -9999.000000 -9999.000000 -9999.000000 -9999.000000 -9999.000000 -9999.000000 0.041068 0.051841 0.053994 0.062920 0.035897 0.042516 0.180557 0.050088 0.036614 0.021904 0.046959 0.032875 0.027443 0.039756 0.049720 0.276668 1.406440 1.416862 1.408692 2.410423 2.412584 2.415132 1.405757 1.403651 2.404067 1.396493 2.404369 2.407558 4.423976 5.424464 4.413142 2.416197 2.414548 2.411780
-9999.000000 -9999.000000 -9999.000000 -9999.000000 -9999.000000 -9999.000000 -9999.000000 -9999.000000 -9999.000000 -9999.000000 -9999.000000 -9999.000000 -9999.000000 -9999.000000 -9999.000000 -9999.000000 -9999.000000 -9999.000000 -9999.000000 -9999.000000 -9999.000000 -9999.000000 -9999.000000 -9999.000000 0.030891 0.039604 0.038592 0.030723 0.057579 0.067727 0.162060 1.232315 0.192863 0.040296 0.041449 0.041175 0.185823 0.044090 0.042763 0.053399 0.263613 1.413432 0.410189 1.406414 1.408134 1.406365 1.410122 1.403628 1.401860 2.407376 3.390589 2.405612 2.413655 2.413171 3.422064 3.414218 2.412548 2.408842 2.408725
-9999.000000 -9999.000000 -9999.000000 -9999.000000 -9999.000000 -9999.000000 -9999.000000 -9999.000000 -9999.000000 -9999.000000 -9999.000000 -9999.000000 -9999.000000 -9999.000000 -9999.000000 -9999.000000 -9999.000000 -9999.000000 -9999.000000 -9999.000000 -9999.000000 -9999.000000 -9999.000000 -9999.000000 0.019401 0.027748 0.024514 0.044548 0.051308 0.077615 1.207510 2.212596 2.236496 2.240949 1.127916 1.133256 2.216395 0.038003 0.017372 0.052681 0.247196 1.400711 0.402220 0.395760 1.410450 1.406377 2.411587 1.403738 1.401922 2.408448 3.393137 2.408255 1.407197 0.352351 0.303601 1.264753 0.259236 0.256101 0.265749
-9999.000000 -9999.000000 -9999.000000 -9999.000000 -9999.000000 -9999.000000 -9999.000000 -9999.000000 -9999.000000 -9999.000000 -9999.000000 -9999.000000 -9999.000000 -9999.000000 -9999.000000 -9999.000000 -9999.000000 -9999.000000 -9999.000000 -9999.000000 -9999.000000 -9999.000000 -9999.000000 -9999.000000 -9999.000000 0.024422 0.027748 0.047280 0.055854 0.075724 1.219501 1.243054 2.241633 2.249335 2.239129 2.241188 2.239120 0.028526 0.017372 0.077015 0.246222 0.318670 0.386114 0.377286 1.409564 2.404384 3.408446 2.408658 2.402688 2.408209 2.390180 1.408344 0.355918 0.038537 0.059353 0.082345 0.031059 0.034707 0.075333
-9999.000000 -9999.000000 -9999.000000 -9999.000000 -9999.000000 -9999.000000 -9999.000000 -9999.000000 -9999.000000 -9999.000000 -9999.000000 -9999.000000 -9999.000000 -9999.000000 -9999.000000 -9999.000000 -9999.000000 -9999.000000 -9999.000000 -9999.000000 -9999.000000 -9999.000000 -9999.000000 -9999.000000 -9999.000000 -9999.000000 0.019401 0.040337 0.027412 0.033309 0.165497 0.230766 1.252225 1.258044 2.273766 2.276898 2.257281 0.185782 0.184435 0.136493 0.111740 0.067265 0.041395 0.355212 1.402446 2.402669 3.403915 2.400712 1.400654 0.410724 1.403260 0.368831 0.027412 0.055690 0.033835 0.053765 0.028069 0.039131 0.036506
-9999.000000 -9999.000000 -9999.000000 -9999.000000 -9999.000000 -9999.000000 -9999.000000 -9999.000000 -9999.000000 -9999.000000 -9999.000000 -9999.000000 -9999.000000 -9999.000000 -9999.000000 -9999.000000 -9999.000000 -9999.000000 -9999.000000 -9999.000000 -9999.000000 -9999.000000 -9999.000000 -9999.000000 -9999.000000 -9999.000000 -9999.000000 -9999.000000 0.024574 0.027885 0.038960 0.214175 0.246195 0.233383 1.262845 1.270198 1.229272 1.209986 0.214336 0.209875 0.020866 0.041903 0.055628 0.351422 0.385017 1.404759 2.387692 1.405059 0.404200 0.408592 1.412663 1.395810 0.297485 0.042367 0.039193 0.073662 0.031913 0.054345 0.062767
-9999.000000 -9999.000000 -9999.000000 -9999.000000 -9999.000000 -9999.000000 -9999.000000 -9999.000000 -9999.000000 -9999.000000 -9999.000000 -9999.000000 -9999.000000 -9999.000000 -9999.000000 -9999.000000 -9999.000000 -9999.000000 -9999.000000 -9999.000000 -9999.000000 -9999.000000 -9999.000000 -9999.000000 -9999.000000 -9999.000000 -9999.000000 -9999.000000 -9999.000000 0.017372 0.029396 0.022178 0.225371 0.017967 0.021034 0.208300 0.195169 1.180153 0.205369 0.209791 0.033119 0.027992 0.086487 0.065294 0.047311 0.386690 1.408086 1.416667 0.406990 1.418337 1.407637 1.403114 1.381070 0.281372 0.132388 0.086831 0.123743 0.050575 0.028191
-9999.000000 -9999.000000 -9999.000000 -9999.000000 -9999.000000 -9999.000000 -9999.000000 -9999.000000 -9999.000000 -9999.000000 -9999.000000 -9999.000000 -9999.000000 -9999.000000 -9999.000000 -9999.000000 -9999.000000 -9999.000000 -9999.000000 -9999.000000 -9999.000000 -9999.000000 -9999.000000 -9999.000000 -9999.000000 -9999.000000 -9999.000000 -9999.000000 -9999.000000 0.017372 0.032052 0.118326 0.182208 0.173444 0.017967 0.163514 1.154753 1.166741 1.181864 0.027763 0.017372 0.038613 0.036537 0.089749 0.076272 0.390959 1.405360 1.406352 1.409155 1.409593 2.396397 1.396820 0.344709 0.095476 0.134399 0.050606 0.042915 0.061440 0.034553
-9999.000000 -9999.000000 -9999.000000 -9999.000000 -9999.000000 -9999.000000 -9999.000000 -9999.000000 -9999.000000 -9999.000000 -9999.000000 -9999.000000 -9999.000000 -9999.000000 -9999.000000 -9999.000000 -9999.000000 -9999.000000 -9999.000000 -9999.000000 -9999.000000 -9999.000000 -9999.000000 -9999.000000 -9999.000000 -9999.000000 -9999.000000 -9999.000000 -9999.000000 0.026756 0.025337 0.120734 0.136142 0.134456 0.121950 0.142598 1.163169 1.153342 0.130755 0.035404 0.017372 0.035361 0.056247 0.046868 0.030678 0.181715 1.394423 1.401418 1.404984 1.411786 2.397781 0.367944 0.074540 0.135995 0.175957 0.201008 0.042139 0.059150 0.034236
-9999.000000 -9999.000000 -9999.000000 -9999.000000 -9999.000000 -9999.000000 -9999.000000 -9999.000000 -9999.000000 -9999.000000 -9999.000000 -9999.000000 -9999.000000 -9999.000000 -9999.000000 -9999.000000 -9999.000000 -9999.000000 -9999.000000 -9999.000000 -9999.000000 -9999.000000 -9999.000000 -9999.000000 -9999.000000 -9999.000000 -9999.000000 -9999.000000 -9999.000000 -9999.000000 0.022731 0.081311 0.574856 0.580589 0.622336 0.091202 0.116059 1.118767 0.096897 0.027259 0.032661 0.027306 0.048225 0.040016 0.028419 0.332573 0.168230 0.112352 0.066451 1.398566 0.396298 0.385082 0.094078 0.153083 0.198904 0.193964 0.042396 0.040062 0.026176
-9999.000000 -9999.000000 -9999.000000 -9999.000000 -9999.000000 -9999.000000 -9999.000000 -9999.000000 -9999.000000 -9999.000000 -9999.000000 -9999.000000 -9999.000000 -9999.000000 -9999.000000 -9999.000000 -9999.000000 -9999.000000 -9999.000000 -9999.000000 -9999.000000 -9999.000000 -9999.000000 -9999.000000 -9999.000000 -9999.000000 -9999.000000 -9999.000000 -9999.000000 -9999.000000 0.270188 1.537746 2.498094 1.374533 0.607183 0.059282 0.071536 1.073886 1.038286 1.051939 0.097476 0.086189 0.606737 0.604149 0.630121 0.564694 0.028267 0.092369 0.060712 0.313335 0.378500 0.377205 0.077519 0.141015 0.197954 0.237965 0.260974 0.266708 0.029045
-9999.000000 -9999.000000 -9999.000000 -9999.000000 -9999.000000 -9999.000000 -9999.000000 -9999.000000 -9999.000000 -9999.000000 -9999.000000 -9999.000000 -9999.000000 -9999.000000 -9999.000000 -9999.000000 -9999.000000 -9999.000000 -9999.000000 -9999.000000 -9999.000000 -9999.000000 -9999.000000 -9999.000000 -9999.000000 -9999.000000 -9999.000000 -9999.000000 -9999.000000 -9999.000000 1.065035 2.517470 2.425569 1.245487 0.772699 0.950148 0.970995 1.051278 1.040986 1.042098 0.122706 0.100212 0.600108 0.600562 0.612677 0.557062 0.045066 0.039711 0.030694 0.043602 0.355848 0.406086 0.393357 0.077947 0.018669 0.283530 0.312469 1.318656 0.254892
-9999.000000 -9999.000000 -9999.000000 -9999.000000 -9999.000000 -9999.000000 -9999.000000 -9999.000000 -9999.000000 -9999.000000 -9999.000000 -9999.000000 -9999.000000 -9999.000000 -9999.000000 -9999.000000 -9999.000000 -9999.000000 -9999.000000 -9999.000000 -9999.000000 -9999.000000 -9999.000000 -9999.000000 -9999.000000 -9999.000000 -9999.000000 -9999.000000 -9999.000000 -9999.000000 0.036377 0.030924 0.464025 0.561821 0.817934 0.957401 0.996996 1.079988 1.031597 0.129190 0.161822 0.148854 0.094385 0.556707 0.514627 0.048442 0.044259 0.024284 0.023399 0.038156 0.037865 0.352913 0.355663 0.064324 0.023415 0.264352 1.329782 1.325724 1.329769
-9999.000000 -9999.000000 -9999.000000 -9999.000000 -9999.000000 -9999.000000 -9999.000000 -9999.000000 -9999.000000 -9999.000000 -9999.000000 -9999.000000 -9999.000000 -9999.000000 -9999.000000 -9999.000000 -9999.000000 -9999.000000 -9999.000000 -9999.000000 -9999.000000 -9999.000000 -9999.000000 -9999.000000 -9999.000000 -9999.000000 -9999.000000 -9999.000000 -9999.000000 -9999.000000 0.014396 0.032982 0.032931 0.053644 0.762122 0.889251 0.879993 0.137089 0.162806 0.192599 0.204883 0.189856 0.124529 0.089195 0.038794 0.038933 0.040016 0.014396 0.024285 0.055154 0.032036 0.056038 0.057838 0.027703 0.029854 0.268775 1.313365 1.317744 2.327078
-9999.000000 -9999.000000 -9999.000000 -9999.000000 -9999.000000 -9999.000000 -9999.000000 -9999.000000 -9999.000000 -9999.000000 -9999.000000 -9999.000000 -9999.000000 -9999.000000 -9999.000000 -9999.000000 -9999.000000 -9999.000000 -9999.000000 -9999.000000 -9999.000000 -9999.000000 -9999.000000 -9999.000000 -9999.000000 -9999.000000 -9999.000000 -9999.000000 -9999.000000 -9999.000000 -9999.000000 0.017372 0.026175 0.038082 0.252219 0.431409 0.262321 0.177426 0.170293 0.186666 0.201611 0.194893 0.031883 0.041756 0.025598 0.069299 0.038246 0.049080 0.033607 0.065803 0.397123 0.020774 0.032921 0.039879 0.027763 0.269482 0.242996 0.284050 1.338959
-9999.000000 -9999.000000 -9999.000000 -9999.000000 -9999.000000 -9999.000000 -9999.000000 -9999.000000 -9999.000000 -9999.000000 -9999.000000 -9999.000000 -9999.000000 -9999.000000 -9999.000000 -9999.000000 -9999.000000 -9999.000000 -9999.000000 -9999.000000 -9999.000000 -9999.000000 -9999.000000 -9999.000000 -9999.000000 -9999.000000 -9999.000000 -9999.000000 -9999.000000 -9999.000000 -9999.000000 0.017372 0.028145 0.022010 0.061579 0.745942 0.124851 0.022194 0.066477 0.091124 0.131417 0.117356 0.025703 0.017372 0.051429 0.033715 0.065665 0.185766 0.182824 0.110220 0.384331 0.389670 0.033165 0.033745 0.106527 0.026770 0.034126 0.030098 0.276734
-9999.000000 -9999.000000 -9999.000000 -9999.000000 -9999.000000 -9999.000000 -9999.000000 -9999.000000 -9999.000000 -9999.000000 -9999.000000 -9999.000000 -9999.000000 -9999.000000 -9999.000000 -9999.000000 -9999.000000 -9999.000000 -9999.000000 -9999.000000 -9999.000000 -9999.000000 -9999.000000 -9999.000000 -9999.000000 -9999.000000 -9999.000000 -9999.000000 -9999.000000 -9999.000000 -9999.000000 0.020180 0.039597 0.245304 1.089823 0.999468 0.211334 0.023827 0.026004 0.102444 0.137524 0.128010 0.025703 0.017372 0.054741 0.041877 0.066354 0.189508 0.216628 0.124610 0.375396 0.386651 0.030189 0.026573 0.833393 0.031548 0.014396 0.046013 0.030189
-9999.000000 -9999.000000 -9999.000000 -9999.000000 -9999.000000 -9999.000000 -9999.000000 -9999.000000 -9999.000000 -9999.000000 -9999.000000 -9999.000000 -9999.000000 -9999.000000 -9999.000000 -9999.000000 -9999.000000 -9999.000000 -9999.000000 -9999.000000 -9999.000000 -9999.000000 -9999.000000 -9999.000000 -9999.000000 -9999.000000 -9999.000000 -9999.000000 -9999.000000 -9999.000000 -9999.000000 0.208418 0.281701 0.281915 1.038841 0.892323 0.242429 0.025695 0.036710 0.021361 0.218497 0.229666 0.288736 0.292165 0.034325 0.043618 0.031014 0.047584 0.024284 0.073968 0.315987 0.351176 0.020088 0.067012 0.896686 0.026772 0.033989 0.036934 0.032616
-9999.000000 -9999.000000 -9999.000000 -9999.000000 -9999.000000 -9999.000000 -9999.000000 -9999.000000 -9999.000000 -9999.000000 -9999.000000 -9999.000000 -9999.000000 -9999.000000 -9999.000000 -9999.000000 -9999.000000 -9999.000000 -9999.000000 -9999.000000 -9999.000000 -9999.000000 -9999.000000 -9999.000000 -9999.000000 -9999.000000 -9999.000000 -9999.000000 -9999.000000 -9999.000000 -9999.000000 1.301519 0.947524 0.407889 0.376511 0.037257 0.337484 0.110402 1.162681 1.150810 0.208515 0.243374 0.284412 0.289292 0.271378 0.031043 0.040916 0.028710 0.079512 0.068752 0.238368 0.235711 0.160049 0.084915 0.901188 0.051979 0.067116 0.075645 0.066841
-9999.000000 -9999.000000 -9999.000000 -9999.000000 -9999.000000 -9999.000000 -9999.000000 -9999.000000 -9999.000000 -9999.000000 -9999.000000 -9999.000000 -9999.000000 -9999.000000 -9999.000000 -9999.000000 -9999.000000 -9999.000000 -9999.000000 -9999.000000 -9999.000000 -9999.000000 -9999.000000 -9999.000000 -9999.000000 -9999.000000 -9999.000000 -9999.000000 -9999.000000 -9999.000000 -9999.000000 1.070544 0.976827 0.541139 0.507153 0.085780 0.128717 1.172580 3.178454 2.128606 0.208111 0.258256 1.330592 1.325191 1.310913 0.272151 0.035224 0.033150 0.032906 0.062812 0.149782 0.992539 1.075269 1.018261 0.954543 0.042229 0.055046 0.043784 -9999.000000
-9999.000000 -9999.000000 -9999.000000 -9999.000000 -9999.000000 -9999.000000 -9999.000000 -9999.000000 -9999.000000 -9999.000000 -9999.000000 -9999.000000 -9999.000000 -9999.000000 -9999.000000 -9999.000000 -9999.000000 -9999.000000 -9999.000000 -9999.000000 -9999.000000 -9999.000000 -9999.000000 -9999.000000 -9999.000000 -9999.000000 -9999.000000 -9999.000000 -9999.000000 0.022073 0.173574 1.185228 1.481029 1.755319 1.652523 0.121746 1.209608 3.160044 4.184837 2.165110 1.122270 0.264415 1.314201 1.307169 1.307744 0.264299 0.032845 0.032219 0.034859 0.024025 0.133225 1.027032 1.093648 0.055220 0.594689 0.023369 -9999.000000 -9999.000000 -9999.000000
-9999.000000 -9999.000000 -9999.000000 -9999.000000 -9999.000000 -9999.000000 -9999.000000 -9999.000000 -9999.000000 -9999.000000 -9999.000000 -9999.000000 -9999.000000 -9999.000000 -9999.000000 -9999.000000 -9999.000000 -9999.000000 -9999.000000 -9999.000000 -9999.000000 -9999.000000 -9999.000000 -9999.000000 -9999.000000 -9999.000000 0.047751 0.027795 0.014396 0.021065 0.020852 0.778099 1.817412 1.833437 1.783685 2.115567 2.104809 2.092461 1.127475 1.046396 0.137336 0.020851 0.213178 0.220433 0.266998 0.271280 0.025475 0.025292 0.089480 0.084548 0.179201 0.159272 0.149257 0.014396 -9999.000000 -9999.000000 -9999.000000 -9999.000000 -9999.000000
-9999.000000 -9999.000000 -9999.000000 -9999.000000 -9999.000000 -9999.000000 -9999.000000 -9999.000000 -9999.000000 -9999.000000 -9999.000000 -9999.000000 -9999.000000 -9999.000000 -9999.000000 -9999.000000 -9999.000000 -9999.000000 -9999.000000 -9999.000000 -9999.000000 -9999.000000 -9999.000000 -9999.000000 0.025550 0.023552 0.049004 0.014396 0.029885 0.244919 0.850562 0.882042 1.758812 1.719423 0.954473 2.155960 2.151904 2.131637 1.107587 0.196988 0.185757 0.033180 0.041206 0.052431 0.064263 0.219901 0.198071 0.124696 0.118914 0.101605 0.185440 0.158990 0.014396 -9999.000000 -9999.000000 -9999.000000 -9999.000000 -9999.000000 -9999.000000
-9999.000000 -9999.000000 -9999.000000 -9999.000000 -9999.000000 -9999.000000 -9999.000000 -9999.000000 -9999.000000 -9999.000000 -9999.000000 -9999.000000 -9999.000000 -9999.000000 -9999.000000 -9999.000000 -9999.000000 -9999.000000 -9999.000000 -9999.000000 -9999.000000 -9999.000000 0.021507 0.019310 0.014396 0.024330 0.040489 0.036243 0.037226 1.328878 0.251321 0.757864 0.685748 0.896125 1.031331 2.167786 2.165692 2.142494 2.184878 1.227222 1.204435 0.030677 0.029350 0.031074 0.125940 0.072059 0.043343 0.099255 0.094443 0.137961 0.085799 -9999.000000 -9999.000000 -9999.000000 -9999.000000 -9999.000000 -9999.000000 -9999.000000 -9999.000000
-9999.000000 -9999.000000 -9999.000000 -9999.000000 -9999.000000 -9999.000000 -9999.000000 -9999.000000 -9999.000000 -9999.000000 -9999.000000 -9999.000000 -9999.000000 -9999.000000 -9999.000000 -9999.000000 -9999.000000 -9999.000000 -9999.000000 -9999.000000 -9999.000000 -9999.000000 0.411164 0.029166 0.038972 0.030672 0.076358 0.046807 0.467503 0.443260 0.402409 0.246890 0.170112 2.076821 2.168208 2.157585 2.135708 1.191311 2.174385 2.213475 1.198453 0.195368 0.018805 0.050607 0.153770 0.021782 0.055107 0.032753 0.032692 0.030295 0.022866 -9999.000000 -9999.000000 -9999.000000 -9999.000000 -9999.000000 -9999.000000 -9999.000000 -9999.000000
-9999.000000 -9999.000000 -9999.000000 -9999.000000 -9999.000000 -9999.000000 -9999.000000 -9999.000000 -9999.000000 -9999.000000 -9999.000000 -9999.000000 -9999.000000 -9999.000000 -9999.000000 -9999.000000 -9999.000000 -9999.000000 -9999.000000 -9999.000000 -9999.000000 0.027703 1.633864 1.634368 1.623350 1.614821 1.603397 1.633893 1.638633 0.551101 0.547792 0.091596 0.090462 0.853679 1.986015 2.095007 1.176935 1.204975 1.214731 2.205257 1.225231 0.177933 0.023934 0.080528 0.050651 0.036369 0.048790 0.031394 0.033608 -9999.000000 -9999.000000 -9999.000000 -9999.000000 -9999.000000 -9999.000000 -9999.000000 -9999.000000 -9999.000000 -9999.000000
-9999.000000 -9999.000000 -9999.000000 -9999.000000 -9999.000000 -9999.000000 -9999.000000 -9999.000000 -9999.000000 -9999.000000 -9999.000000 -9999.000000 -9999.000000 -9999.000000 -9999.000000 -9999.000000 -9999.000000 -9999.000000 -9999.000000 -9999.000000 0.021858 0.035454 1.582580 2.621289 2.625095 2.599231 1.629776 1.640206 1.636850 1.618449 0.587550 0.168710 0.158058 0.236690 1.080574 1.191220 1.221305 1.236734 1.180960 1.187668 1.206563 0.051786 0.032142 0.035682 0.029274 0.032571 -9999.000000 -9999.000000 -9999.000000 -9999.000000 -9999.000000 -9999.000000 -9999.000000 -9999.000000 -9999.000000 -9999.000000 -9999.000000 -9999.000000 -9999.000000
