use_cases/Flooding_chicago/flooding_data/output/h_1620.asc
ncols 337
nrows 393
xllcorner 428428.000000
yllcorner 4602440.000000
cellsize 26.757400
NODATA_value -9999.000000
[rows 216 to 242 of 393, columns 177 to 235 of 337]
-9999.000000 -9999.000000 -9999.000000 -9999.000000 -9999.000000 -9999.000000 0.112055 0.119073 0.036964 0.030433 0.020134 0.030159 0.069679 0.084572 0.063376 0.068661 0.043800 0.042260 0.071174 0.047096 0.161064 0.074379 1.709921 1.623849 0.153739 0.213723 0.163139 1.206322 0.197075 0.167152 0.025703 0.017373 0.025703 0.029046 0.554879 0.119226 0.187173 0.220453 0.218971 0.189869 0.136666 0.900292 1.001468 1.145889 1.100047 1.135708 0.091571 0.208571 0.216328 0.056944 0.052878 0.473381 0.643964 0.521223 0.032041 0.037753 0.044220 0.111922 0.181495
-9999.000000 -9999.000000 -9999.000000 -9999.000000 -9999.000000 -9999.000000 0.072242 0.108910 0.145805 0.026274 0.026436 0.130394 0.061256 0.083274 0.079826 0.044945 0.065636 0.056632 0.076821 0.227326 0.186666 0.432849 1.539086 0.503442 0.171650 0.162269 0.247597 0.277994 0.284815 0.258919 0.025703 0.017373 0.025703 0.029046 0.710662 0.116279 0.183920 0.224741 0.221812 0.206353 0.170129 0.293294 0.855899 2.055580 2.007397 1.096880 0.126345 0.081676 0.093889 0.097525 0.092457 0.653824 0.623758 0.394114 0.028871 0.017967 0.057695 0.092678 0.200062
-9999.000000 -9999.000000 -9999.000000 -9999.000000 -9999.000000 -9999.000000 -9999.000000 0.055872 0.019309 0.206246 0.215507 0.103844 0.062111 0.089303 0.098244 0.018578 0.030739 0.063682 0.095573 0.210793 0.164223 0.425301 0.279304 0.137665 0.156074 0.252223 0.310297 0.338939 1.362177 0.359475 0.423154 0.031471 0.065682 0.184727 0.687801 0.179116 0.283273 1.389645 2.391500 1.359674 1.358911 0.229531 0.337533 0.191877 1.049909 0.955960 0.174738 0.041745 0.140693 0.112794 1.119110 0.985219 0.929261 0.169448 0.017967 0.021034 0.111476 0.107617 0.098031
-9999.000000 -9999.000000 -9999.000000 -9999.000000 -9999.000000 -9999.000000 -9999.000000 -9999.000000 0.014396 0.290537 1.339056 0.065391 0.059929 0.089775 0.104993 0.023064 0.045326 0.038064 0.119409 0.096351 0.073770 0.221458 0.100728 0.167915 0.228234 0.301125 0.356695 1.407021 2.348048 1.400719 0.310356 0.026009 0.051658 0.163782 0.212508 0.204507 0.326125 1.378384 2.366832 2.371852 3.347739 1.387627 0.244015 0.146035 0.111229 0.423267 0.108346 0.091458 0.144768 1.033503 0.985361 1.027673 1.008911 0.248860 0.382234 0.328564 0.166822 0.171236 0.093523
-9999.000000 -9999.000000 -9999.000000 -9999.000000 -9999.000000 -9999.000000 -9999.000000 -9999.000000 -9999.000000 0.212866 2.343101 0.272468 0.046089 0.079231 0.024620 0.028527 0.051262 0.052895 0.089852 0.090996 0.089226 0.259010 0.093376 0.116325 0.103614 0.334589 1.368672 2.374900 2.348064 1.388084 0.030800 0.018943 0.030800 0.041390 0.152108 0.225177 1.338273 1.326379 1.310414 3.349208 3.896253 2.417615 0.342109 0.039056 0.189872 0.203733 0.212167 0.151755 0.082740 0.203331 0.233569 0.990957 0.936716 1.145713 0.360320 0.298169 0.021660 0.047584 0.029930
-9999.000000 -9999.000000 -9999.000000 -9999.000000 -9999.000000 -9999.000000 -9999.000000 -9999.000000 -9999.000000 -9999.000000 0.014396 0.140435 0.189168 0.064812 0.027825 0.024696 0.053521 0.026543 0.066597 0.046622 0.173333 0.149216 0.173085 0.188575 0.192638 0.144692 0.386491 1.271190 0.242973 0.035423 0.024620 0.014396 0.024620 0.039955 0.038399 0.041573 0.464152 0.482083 0.444001 1.330592 2.400549 2.394004 0.373179 0.083763 0.088544 0.302208 0.301566 0.082258 0.060158 0.197167 0.333327 0.346714 0.314797 0.535701 0.506241 0.035990 0.021767 0.034721 0.029441
-9999.000000 -9999.000000 -9999.000000 -9999.000000 -9999.000000 -9999.000000 -9999.000000 -9999.000000 -9999.000000 -9999.000000 -9999.000000 0.014396 0.059089 0.081917 0.019417 0.044213 0.034432 0.123894 0.101693 0.072914 0.169044 0.146173 0.167260 0.229929 0.260431 0.260826 0.250374 0.236060 0.099404 0.030526 0.025505 0.034234 0.025505 0.033561 0.055206 0.056835 0.540232 0.539039 0.415423 0.383310 1.350746 1.310306 0.377149 0.135247 0.172676 0.164058 0.157710 0.165108 0.106789 0.059563 0.534428 0.523910 0.532295 0.410682 0.259281 0.032960 0.036247 0.046620 0.045784
-9999.000000 -9999.000000 -9999.000000 -9999.000000 -9999.000000 -9999.000000 -9999.000000 -9999.000000 -9999.000000 -9999.000000 -9999.000000 -9999.000000 0.017373 0.017373 0.030662 0.071343 0.084939 0.118048 0.109475 0.096412 0.070412 0.023018 0.034491 0.218481 0.266895 0.309899 0.332059 0.148294 0.202033 0.028023 0.040062 0.045982 0.062293 0.046837 0.071841 0.066597 0.637503 0.659538 0.045951 0.059456 0.470234 0.458779 0.136423 0.206249 0.233947 0.240003 0.232617 0.240389 0.027031 0.027047 0.657928 1.722763 1.771285 0.605680 0.023476 0.025154 0.050956 0.050194 0.235543
-9999.000000 -9999.000000 -9999.000000 -9999.000000 -9999.000000 -9999.000000 -9999.000000 -9999.000000 -9999.000000 -9999.000000 -9999.000000 -9999.000000 -9999.000000 -9999.000000 -9999.000000 -9999.000000 -9999.000000 0.018669 0.023414 0.028435 0.023857 0.025979 0.038536 0.080238 0.103719 0.164132 0.201056 0.260904 0.318124 0.397576 0.431786 0.389054 0.047523 0.018441 0.028496 0.061836 0.698102 0.719353 0.078759 0.123664 0.143457 0.171681 0.221555 0.262627 0.282128 0.284647 0.267953 0.279610 0.037011 0.037104 0.622086 1.645150 1.705395 0.619379 0.024666 0.032265 0.063132 0.055428 0.236652
-9999.000000 -9999.000000 -9999.000000 -9999.000000 -9999.000000 -9999.000000 -9999.000000 -9999.000000 -9999.000000 -9999.000000 -9999.000000 -9999.000000 -9999.000000 -9999.000000 -9999.000000 -9999.000000 -9999.000000 -9999.000000 -9999.000000 -9999.000000 0.025856 0.036949 0.025994 0.041436 0.029763 0.247277 0.265177 0.282664 0.317071 0.398872 0.448146 0.418851 0.045083 0.022531 0.039650 0.067787 1.741471 0.754447 0.094583 0.159768 0.204695 0.240059 0.277139 1.357568 1.356051 0.320166 0.275048 0.250904 0.045555 0.045709 0.051460 0.660046 1.787350 0.640759 0.093696 0.037467 0.029091 0.054435 0.048225
-9999.000000 -9999.000000 -9999.000000 -9999.000000 -9999.000000 -9999.000000 -9999.000000 -9999.000000 -9999.000000 -9999.000000 -9999.000000 -9999.000000 -9999.000000 -9999.000000 -9999.000000 -9999.000000 -9999.000000 -9999.000000 -9999.000000 -9999.000000 -9999.000000 0.030403 0.024727 0.042122 0.035346 0.233758 0.224847 0.050210 0.055992 0.090477 0.444009 0.412192 0.050315 0.024712 0.045265 0.093500 0.693339 0.785699 0.821852 0.159625 0.224587 0.259362 0.289217 1.336465 1.304701 1.321692 0.252150 0.047187 0.030875 0.066643 0.072450 0.681920 1.800947 0.609290 0.082024 0.036751 0.037575 0.068809 0.046017
-9999.000000 -9999.000000 -9999.000000 -9999.000000 -9999.000000 -9999.000000 -9999.000000 -9999.000000 -9999.000000 -9999.000000 -9999.000000 -9999.000000 -9999.000000 -9999.000000 -9999.000000 -9999.000000 -9999.000000 -9999.000000 -9999.000000 -9999.000000 -9999.000000 0.020180 0.032036 0.471445 0.029853 0.041695 0.052239 0.071205 0.023032 0.181985 0.096442 0.073952 0.026100 0.031929 0.060874 0.052727 0.112953 0.677827 0.102124 0.074746 0.093072 0.093208 0.084816 0.062318 0.352533 0.400931 0.317708 0.043968 0.064416 0.042290 0.085533 0.686578 1.678172 0.050102 0.038262 0.021263 0.048363 0.035668 0.049476
-9999.000000 -9999.000000 -9999.000000 -9999.000000 -9999.000000 -9999.000000 -9999.000000 -9999.000000 -9999.000000 -9999.000000 -9999.000000 -9999.000000 -9999.000000 -9999.000000 -9999.000000 -9999.000000 -9999.000000 -9999.000000 -9999.000000 -9999.000000 -9999.000000 -9999.000000 0.268379 0.413032 0.352105 0.049171 0.032494 0.035103 0.040000 0.275886 0.018837 0.024071 0.031791 0.038735 0.026452 0.065864 0.189293 0.255882 0.060952 0.132056 0.144386 0.141731 0.130120 0.107201 0.062694 0.550705 0.084435 0.066948 0.090065 0.062580 0.057452 0.692108 0.855809 0.027763 0.030220 0.021034 0.017967 0.035041 0.047585
-9999.000000 -9999.000000 -9999.000000 -9999.000000 -9999.000000 -9999.000000 -9999.000000 -9999.000000 -9999.000000 -9999.000000 -9999.000000 -9999.000000 -9999.000000 -9999.000000 -9999.000000 -9999.000000 -9999.000000 -9999.000000 -9999.000000 -9999.000000 -9999.000000 -9999.000000 0.019309 0.324838 0.307868 0.061216 0.053352 0.022362 0.046007 0.270146 0.357678 0.380499 0.358179 0.026466 0.024071 0.080265 0.120293 0.225838 0.029808 0.145134 0.139688 0.132119 0.119393 0.099213 0.081780 0.630252 0.138599 0.090690 0.119169 0.083901 0.045265 0.059345 0.972149 0.027519 0.029366 0.017967 0.028871 0.031228 0.042152
-9999.000000 -9999.000000 -9999.000000 -9999.000000 -9999.000000 -9999.000000 -9999.000000 -9999.000000 -9999.000000 -9999.000000 -9999.000000 -9999.000000 -9999.000000 -9999.000000 -9999.000000 -9999.000000 -9999.000000 -9999.000000 -9999.000000 -9999.000000 -9999.000000 -9999.000000 0.014396 0.026054 0.106208 0.039452 0.032143 0.019082 0.033069 0.043281 0.293587 0.327813 0.333506 0.257378 0.227836 0.158531 0.247886 0.170222 0.037940 0.074044 0.076988 0.069695 0.059473 0.040291 0.097523 0.589638 0.183703 0.125363 0.164543 0.017373 0.046348 0.105584 0.880489 0.917398 0.095291 0.029641 0.051660 0.070456 0.411963
-9999.000000 -9999.000000 -9999.000000 -9999.000000 -9999.000000 -9999.000000 -9999.000000 -9999.000000 -9999.000000 -9999.000000 -9999.000000 -9999.000000 -9999.000000 -9999.000000 -9999.000000 -9999.000000 -9999.000000 -9999.000000 -9999.000000 -9999.000000 -9999.000000 -9999.000000 -9999.000000 0.014396 0.072823 0.071862 0.040260 0.026314 0.018959 0.049309 0.069344 0.053628 0.036513 0.224662 0.226676 1.227320 0.148262 0.099067 0.087472 0.072364 0.074212 0.062939 0.052651 0.036080 0.046415 0.162842 0.234405 0.166619 0.208136 0.017373 0.051969 0.164620 1.106135 0.170014 0.025642 0.034309 0.055335 0.073632 0.362536
-9999.000000 -9999.000000 -9999.000000 -9999.000000 -9999.000000 -9999.000000 -9999.000000 -9999.000000 -9999.000000 -9999.000000 -9999.000000 -9999.000000 -9999.000000 -9999.000000 -9999.000000 -9999.000000 -9999.000000 -9999.000000 -9999.000000 -9999.000000 -9999.000000 -9999.000000 -9999.000000 0.020103 0.075890 0.076714 0.041283 0.022514 0.125985 0.098685 0.067833 0.042519 0.052589 0.178688 1.215856 1.227495 0.192865 0.026742 0.035804 0.032510 0.087572 0.087715 0.074105 0.052056 0.045280 0.039437 0.027962 0.251327 0.240378 0.158013 0.077538 0.262609 1.227563 0.264725 0.025994 0.014396 0.052635 0.078461 0.058143
-9999.000000 -9999.000000 -9999.000000 -9999.000000 -9999.000000 -9999.000000 -9999.000000 -9999.000000 -9999.000000 -9999.000000 -9999.000000 -9999.000000 -9999.000000 -9999.000000 -9999.000000 -9999.000000 -9999.000000 -9999.000000 -9999.000000 -9999.000000 -9999.000000 -9999.000000 -9999.000000 -9999.000000 0.078392 0.060952 0.043618 0.018440 0.129692 0.116753 0.022590 0.022590 0.052116 1.192954 1.221275 0.220650 0.218893 0.029411 0.046838 0.051582 0.032234 0.100205 0.074700 1.010286 0.049769 0.046333 0.029427 0.317361 0.271842 0.618554 0.603681 1.361322 1.274344 1.386215 0.458907 0.046501 0.035623 0.046013 0.052116
-9999.000000 -9999.000000 -9999.000000 -9999.000000 -9999.000000 -9999.000000 -9999.000000 -9999.000000 -9999.000000 -9999.000000 -9999.000000 -9999.000000 -9999.000000 -9999.000000 -9999.000000 -9999.000000 -9999.000000 -9999.000000 -9999.000000 -9999.000000 -9999.000000 -9999.000000 -9999.000000 -9999.000000 -9999.000000 0.023216 0.042747 0.042365 0.014396 0.081597 0.022590 0.022590 0.048897 1.197978 1.223491 0.221994 0.228037 0.241951 0.037161 0.060524 0.017373 0.035697 0.072655 0.974739 1.045554 1.018320 0.820115 0.536762 0.380958 0.613233 0.582087 1.377484 0.372554 0.375825 0.421299 0.041969 0.040733 0.053658 0.040289
-9999.000000 -9999.000000 -9999.000000 -9999.000000 -9999.000000 -9999.000000 -9999.000000 -9999.000000 -9999.000000 -9999.000000 -9999.000000 -9999.000000 -9999.000000 -9999.000000 -9999.000000 -9999.000000 -9999.000000 -9999.000000 -9999.000000 -9999.000000 -9999.000000 -9999.000000 -9999.000000 -9999.000000 -9999.000000 -9999.000000 0.023231 0.074119 0.059074 0.083642 0.027794 0.027794 0.034310 0.126567 0.160469 0.198400 0.223762 0.241693 0.223870 0.056104 0.017373 0.054283 0.106814 1.001380 1.058113 1.056111 0.125358 0.075189 0.272468 0.199586 0.168906 0.158180 0.070016 0.061713 0.084847 0.026817 0.029900 0.034477 0.052835
-9999.000000 -9999.000000 -9999.000000 -9999.000000 -9999.000000 -9999.000000 -9999.000000 -9999.000000 -9999.000000 -9999.000000 -9999.000000 -9999.000000 -9999.000000 -9999.000000 -9999.000000 -9999.000000 -9999.000000 -9999.000000 -9999.000000 -9999.000000 -9999.000000 -9999.000000 -9999.000000 -9999.000000 -9999.000000 -9999.000000 -9999.000000 0.039804 0.109414 0.138724 0.183480 0.030433 0.058967 0.299492 0.350971 0.140693 0.207605 0.219487 0.043478 0.081047 0.110191 0.075096 0.169868 0.135262 0.929586 0.914908 0.196091 0.119927 0.088624 0.107235 0.109719 0.121208 0.142130 0.124122 0.029213 0.018364 0.029243 0.046684 0.030601
-9999.000000 -9999.000000 -9999.000000 -9999.000000 -9999.000000 -9999.000000 -9999.000000 -9999.000000 -9999.000000 -9999.000000 -9999.000000 -9999.000000 -9999.000000 -9999.000000 -9999.000000 -9999.000000 -9999.000000 -9999.000000 -9999.000000 -9999.000000 -9999.000000 -9999.000000 -9999.000000 -9999.000000 -9999.000000 -9999.000000 -9999.000000 -9999.000000 -9999.000000 0.087610 0.025275 0.034066 0.056496 0.222572 0.243797 0.068352 0.019111 0.025460 0.017373 0.017373 0.094719 0.098426 0.084222 0.240026 0.232992 0.248163 0.354910 0.021278 0.036049 0.129951 0.157053 1.189963 1.186942 1.186486 0.039711 0.022240 0.039802 0.051841 0.057153
-9999.000000 -9999.000000 -9999.000000 -9999.000000 -9999.000000 -9999.000000 -9999.000000 -9999.000000 -9999.000000 -9999.000000 -9999.000000 -9999.000000 -9999.000000 -9999.000000 -9999.000000 -9999.000000 -9999.000000 -9999.000000 -9999.000000 -9999.000000 -9999.000000 -9999.000000 -9999.000000 -9999.000000 -9999.000000 -9999.000000 -9999.000000 -9999.000000 -9999.000000 -9999.000000 0.024651 0.030479 0.019936 -9999.000000 -9999.000000 -9999.000000 -9999.000000 -9999.000000 -9999.000000 -9999.000000 0.020897 0.119585 1.173967 0.125434 0.109689 0.079018 0.557350 0.584832 0.064446 0.035011 0.136308 1.180107 1.182534 1.181880 0.046495 0.023613 0.047213 0.055416 0.063942
-9999.000000 -9999.000000 -9999.000000 -9999.000000 -9999.000000 -9999.000000 -9999.000000 -9999.000000 -9999.000000 -9999.000000 -9999.000000 -9999.000000 -9999.000000 -9999.000000 -9999.000000 -9999.000000 -9999.000000 -9999.000000 -9999.000000 -9999.000000 -9999.000000 -9999.000000 -9999.000000 -9999.000000 -9999.000000 -9999.000000 -9999.000000 -9999.000000 -9999.000000 -9999.000000 -9999.000000 -9999.000000 -9999.000000 -9999.000000 -9999.000000 -9999.000000 -9999.000000 -9999.000000 -9999.000000 -9999.000000 0.019539 0.126793 1.158609 0.162925 0.159326 0.126548 0.568494 0.567663 0.117959 0.020851 0.029610 0.173105 0.031823 0.044319 0.062630 0.028313 0.023705 0.051491 0.100122
-9999.000000 -9999.000000 -9999.000000 -9999.000000 -9999.000000 -9999.000000 -9999.000000 -9999.000000 -9999.000000 -9999.000000 -9999.000000 -9999.000000 -9999.000000 -9999.000000 -9999.000000 -9999.000000 -9999.000000 -9999.000000 -9999.000000 -9999.000000 -9999.000000 -9999.000000 -9999.000000 -9999.000000 -9999.000000 -9999.000000 -9999.000000 -9999.000000 -9999.000000 -9999.000000 -9999.000000 -9999.000000 -9999.000000 -9999.000000 -9999.000000 -9999.000000 -9999.000000 -9999.000000 -9999.000000 -9999.000000 0.028343 0.026038 0.138024 0.177299 0.195656 0.199028 0.017373 0.215615 0.196144 0.034386 0.017373 0.027474 0.040626 0.046592 0.052100 0.023842 0.023034 0.027672 1.130562
-9999.000000 -9999.000000 -9999.000000 -9999.000000 -9999.000000 -9999.000000 -9999.000000 -9999.000000 -9999.000000 -9999.000000 -9999.000000 -9999.000000 -9999.000000 -9999.000000 -9999.000000 -9999.000000 -9999.000000 -9999.000000 -9999.000000 -9999.000000 -9999.000000 -9999.000000 -9999.000000 -9999.000000 -9999.000000 -9999.000000 -9999.000000 -9999.000000 -9999.000000 -9999.000000 -9999.000000 -9999.000000 -9999.000000 -9999.000000 -9999.000000 -9999.000000 -9999.000000 -9999.000000 -9999.000000 -9999.000000 0.025612 0.032615 0.040214 0.148949 0.179833 0.230492 0.017373 0.287498 0.259757 0.039526 0.017373 0.034065 0.385459 0.412240 0.406838 0.030113 0.030052 0.030327 0.156486
-9999.000000 -9999.000000 -9999.000000 -9999.000000 -9999.000000 -9999.000000 -9999.000000 -9999.000000 -9999.000000 -9999.000000 -9999.000000 -9999.000000 -9999.000000 -9999.000000 -9999.000000 -9999.000000 -9999.000000 -9999.000000 -9999.000000 -9999.000000 -9999.000000 -9999.000000 -9999.000000 -9999.000000 -9999.000000 -9999.000000 -9999.000000 -9999.000000 -9999.000000 -9999.000000 -9999.000000 -9999.000000 -9999.000000 -9999.000000 -9999.000000 -9999.000000 -9999.000000 -9999.000000 -9999.000000 -9999.000000 -9999.000000 0.038734 0.043435 0.032463 0.037971 0.273582 0.338600 0.303321 0.262797 0.045281 0.053581 0.032218 1.407245 1.419166 1.424020 0.208276 0.101800 0.207439 0.169213
