use_cases/Flooding_chicago/flooding_data/output/h_1680.asc
ncols 337
nrows 393
xllcorner 428428.000000
yllcorner 4602440.000000
cellsize 26.757400
NODATA_value -9999.000000
[rows 189 to 215 of 393, columns 59 to 117 of 337]
0.040856 0.279076 0.033074 0.033837 0.081367 0.056206 0.130075 0.470192 1.637658 0.629953 0.068307 0.044364 0.042290 1.180551 1.188099 1.168308 1.217442 2.143853 2.097570 2.107203 1.139553 0.096857 0.021814 0.058602 0.041890 0.574155 0.565742 0.617172 0.023949 0.024328 0.131936 0.041120 0.014396 0.048063 1.394748 1.426489 1.412589 1.422927 1.428753 3.387933 4.407351 5.416642 4.439225 4.463756 4.427291 4.375781 5.369354 5.404419 3.394418 1.366617 0.292076 0.257122 1.075011 2.152762 3.105774 3.116050 2.028107 1.186987 0.039400
0.339223 0.131357 0.124964 0.021079 0.076973 0.062232 0.035195 0.035529 0.471138 0.505454 0.031442 0.044363 0.063401 1.160653 2.194323 2.197554 2.191831 2.224081 3.158517 3.186780 2.159049 1.085452 1.006818 0.975459 0.936332 1.821857 0.783913 0.834203 0.028456 0.030515 0.028374 0.018441 0.023385 0.023865 0.026188 0.309941 1.394149 1.413223 2.403547 4.378794 5.396845 5.404063 5.424807 4.373356 4.347341 5.377399 6.350079 5.387650 3.380402 0.330993 0.025412 0.028468 0.073122 0.065369 0.740901 0.742445 0.752503 0.124837 0.031318
0.259314 0.246749 0.060632 0.049812 0.059898 0.046760 0.031076 0.041725 0.332984 0.292141 0.205411 0.150818 1.158615 2.169580 2.187565 2.184262 3.150209 3.163680 4.143849 4.182816 3.101219 3.106559 4.098183 3.029708 3.059653 1.863994 2.897723 1.889093 0.619689 0.369008 0.588266 1.700876 0.642674 0.052002 0.030626 1.353455 1.377469 2.393340 4.414404 6.380617 5.397927 5.397288 4.427802 3.437157 2.423951 5.375793 5.374510 5.395172 3.387873 1.328697 0.031003 0.026283 0.035545 0.034142 0.066356 0.055335 0.064804 0.076239 0.044474
0.460183 0.481724 0.058967 0.081098 0.028786 0.073555 0.063484 0.037071 0.177787 0.366076 0.247799 1.106905 2.188968 3.175894 3.199961 3.187070 3.189349 4.170514 4.191848 4.208524 3.135480 3.106817 3.122898 1.993382 1.964667 2.758709 2.917750 1.678854 1.160033 1.463503 2.672888 4.771589 2.884589 0.552393 0.467071 1.327054 2.380617 3.395332 4.404792 6.384699 5.402096 5.399753 4.442388 3.454384 2.427545 5.363096 5.377476 5.405328 4.410007 2.395008 0.379774 0.027153 0.021675 0.036004 0.049324 0.028359 0.026954 0.050690 2.070520
0.331175 0.320434 0.192459 0.050173 0.035178 0.081245 0.029777 0.057549 0.152053 0.264804 1.102690 2.179869 2.201964 4.192164 3.200969 4.190652 4.200001 4.207134 5.211227 3.221404 2.172148 2.182583 1.092410 0.946848 0.905450 1.716585 1.839025 0.641796 0.963598 1.538713 3.629538 3.846872 1.702175 1.507174 1.420316 1.415895 2.360828 3.390667 4.408967 5.386871 5.431855 4.434296 4.480125 3.455888 4.476451 5.324634 5.392914 5.418653 4.424560 3.379250 2.504964 0.299189 0.033089 0.034217 0.028420 0.043235 0.036630 0.074452 4.043146
0.186485 0.395236 0.309892 0.178479 0.115379 0.107247 0.031299 0.033027 0.093757 0.185951 1.199655 2.186617 3.202935 4.182022 4.214772 4.198578 4.205836 5.209784 5.220989 2.204842 2.189188 2.192521 1.172030 0.192316 0.190748 0.178522 0.150196 0.095881 0.080884 2.611780 3.654396 3.720581 1.642554 1.571556 1.445586 2.323794 2.422276 3.345017 4.372411 5.378573 5.428956 4.427698 4.431275 3.347134 4.323322 3.305741 3.333858 3.362810 2.340730 2.353549 1.216484 0.228140 0.189746 0.041301 0.028846 0.044776 0.040428 0.089453 4.047487
0.106844 0.265514 0.223044 0.514210 0.459937 0.290629 0.209263 0.042030 0.048552 0.183063 1.205133 1.200179 2.202354 3.189453 4.206017 4.196960 4.204216 5.213344 4.218319 2.202030 2.187088 2.181996 1.150289 0.193742 0.163575 0.150897 0.124187 0.086172 0.081374 2.631914 3.673360 3.705388 1.715208 0.564403 1.230233 2.355419 1.239856 1.180561 1.179938 3.325679 3.369139 4.352988 3.352106 2.214046 2.262919 1.210996 1.244267 1.170506 0.042002 0.030868 0.033311 0.029479 0.287957 0.299667 0.040091 0.032358 0.014396 0.024284 4.044341
0.127248 0.585318 0.631003 0.564420 0.492247 0.977442 2.155289 1.213406 0.194808 0.197791 1.204442 1.196293 2.199754 3.187738 4.196812 4.195204 4.201737 3.210789 3.214297 2.204817 2.191751 1.181758 0.131586 0.137471 0.044700 0.066901 0.043853 0.070746 0.606220 1.635211 2.691438 2.728089 0.667989 0.556310 0.453171 0.040337 0.040688 0.028990 0.028099 0.057416 0.244037 1.234450 2.144718 1.392394 1.140466 0.157000 0.167187 0.038373 0.042535 0.028872 0.017967 0.026605 0.034047 0.392262 0.068101 0.061801 0.024284 0.023399 0.943130
0.122787 0.607776 0.661771 0.581883 0.467479 1.065024 2.209185 2.260115 1.229570 1.221161 1.227246 1.207412 3.207525 3.199534 3.215204 4.200187 3.209499 3.218503 2.218937 2.215620 1.197760 0.154641 0.032020 0.040540 0.056602 0.078163 0.046821 0.043618 0.068746 0.067743 0.035235 0.035133 1.634528 0.406983 0.038536 0.031349 0.026893 0.026116 0.022865 0.032300 0.126044 0.899498 1.812417 1.803420 0.881487 0.021370 0.025933 0.019905 0.022118 0.017967 0.021034 0.029457 0.022444 0.080926 1.145385 2.213049 1.158955 0.103070 0.017372
0.173062 0.097916 0.063488 0.039027 0.360420 1.087681 2.218943 2.244187 2.258421 1.227954 1.229300 2.161960 4.200959 4.204330 3.216397 3.200097 3.209220 2.216961 2.218226 1.208042 0.153994 0.032646 0.036705 0.017967 0.033973 0.150077 0.026222 0.027108 0.044166 0.037300 0.028893 0.048637 0.081224 0.041324 0.034049 0.018029 0.021003 0.018029 0.034187 0.041464 1.266690 2.249758 3.203483 3.201649 2.193850 0.273645 0.227429 0.038887 0.043602 0.029365 0.030220 0.046789 0.084858 1.108895 3.144280 3.192750 3.178955 1.107117 0.017372
0.060843 0.092331 0.059960 0.042673 0.028206 0.150658 1.225359 2.246866 1.232660 1.238575 0.219954 2.143015 3.170582 4.184397 3.169172 2.173466 1.195351 0.160301 0.162223 0.156892 0.050676 0.043724 0.017967 0.021034 0.057351 0.049355 0.018196 0.021614 0.021706 0.021507 0.038154 0.046745 0.026740 0.033531 0.033485 0.035025 0.028755 0.032783 0.204005 1.299512 3.313029 3.306481 4.275946 4.198840 3.239358 2.313478 1.277965 0.144190 0.041945 0.027519 0.027764 0.061035 0.843374 1.976415 3.075886 2.943686 1.911300 0.146581 0.025244
0.038887 0.047982 0.080545 0.081291 0.022989 0.018349 0.178580 1.214311 1.215080 1.202946 1.177762 1.177493 1.124264 0.106721 0.878307 0.874589 0.149363 0.064368 0.083027 0.084037 0.097718 0.048775 0.032655 0.043922 0.045417 0.046700 0.045539 0.030144 0.018089 0.033085 0.100384 0.030113 0.017372 0.017372 0.026588 0.079169 0.092584 0.062967 1.301819 3.320737 4.312521 4.314649 4.258654 3.220562 3.195564 2.295547 2.248366 1.154418 0.341296 0.470335 0.666864 1.921431 1.883706 2.020199 1.936206 0.577560 0.962464 2.348361 2.312514
0.464846 0.471561 0.463776 0.437479 0.445409 0.061215 0.134010 0.163491 1.224357 2.200956 2.213221 2.219555 0.041374 0.025215 0.070877 0.082510 0.065484 0.071724 0.069741 0.054573 0.051247 0.057793 0.047692 0.052878 0.070961 0.062766 0.066521 0.048820 0.038063 0.029838 0.080880 0.074797 0.019752 0.028191 0.058234 0.085777 0.095253 0.067207 1.313378 3.315664 4.311361 4.303082 4.273896 3.224704 2.297315 2.339682 3.329232 2.309901 2.145226 1.330040 1.662382 1.861300 1.800511 0.763621 0.186698 0.156214 1.251760 3.385629 3.346612
0.466897 0.471964 0.479757 0.455543 0.447679 0.444727 0.028528 0.029732 0.183983 2.212635 2.215507 1.214082 0.036720 0.032142 0.044381 0.032417 0.125985 0.111626 0.109948 0.017372 0.062905 0.048348 0.186927 0.184868 1.228566 1.225760 0.042717 0.066872 0.073245 0.052051 0.287569 1.315516 0.240916 0.207198 0.209071 0.050254 0.070351 0.052177 0.244077 2.308518 4.289900 4.281265 4.248497 3.234305 2.315531 3.393581 3.310791 2.355191 2.257307 1.113844 0.775289 1.918179 0.788314 0.370904 0.078753 0.180632 1.290245 2.357990 3.336913
0.042792 0.035729 0.026483 0.439091 0.440620 0.456540 0.023567 0.022941 0.030182 0.147932 1.205373 1.211622 0.051582 0.043129 0.051552 0.044334 0.117165 0.116129 0.115821 0.017372 0.059166 0.037576 0.212730 1.247715 2.252262 0.192574 0.033288 0.059335 0.244094 1.334947 0.359921 1.362540 1.354123 1.343665 0.274193 0.053722 0.038949 0.033593 0.238909 2.283787 3.246985 3.247671 3.218554 3.203173 2.300824 3.379102 3.335474 3.303395 2.271695 1.090574 0.707358 0.796567 0.873265 0.675827 0.976250 1.105014 2.272186 2.283406 2.242954
0.038987 0.034580 0.026136 0.434373 0.429853 0.456419 0.027366 0.023506 0.030644 0.109626 1.206571 1.205200 0.057639 0.055503 0.024560 0.024788 0.032127 0.103431 0.103875 0.069450 0.043265 0.118325 0.166055 1.268516 1.259958 0.024360 0.014396 0.041252 1.356972 1.363549 1.368851 1.361347 1.365968 1.367626 0.327234 0.322027 0.037820 0.035703 1.323383 2.304186 2.316103 2.304754 2.299831 1.292356 1.278644 2.338666 2.310335 2.324600 2.310705 0.203303 0.040794 0.019310 0.763708 0.785294 0.939653 1.055617 2.150913 1.317819 1.273038
1.390694 0.351857 0.343610 0.393578 0.368534 0.020698 0.019309 0.039757 0.045728 0.868871 0.122746 0.131806 0.026696 0.026849 0.014396 0.031456 0.020439 0.022667 0.049218 0.071464 0.053399 0.294144 0.325284 0.153146 0.189690 0.023842 0.026635 0.032172 1.370032 2.363835 2.371786 1.364196 1.373374 0.347393 0.334459 0.345706 0.270042 0.254400 2.319086 2.317283 2.318944 2.310862 2.307304 1.295753 0.330025 0.339816 0.328838 1.326248 1.321597 1.280561 0.069200 0.014396 0.085792 0.078803 0.104228 0.142738 0.224004 1.337467 1.394271
2.360471 1.374270 1.363309 0.380820 1.349141 0.278770 0.020821 0.053588 0.817916 0.836135 0.062473 0.025504 0.028070 0.023887 0.024361 0.054405 0.033821 0.045935 0.049806 0.120867 0.144110 0.230540 0.245935 0.089668 0.017372 0.062934 0.036249 0.304762 1.366269 2.365117 2.369446 0.352674 0.353548 0.348050 0.342303 1.347843 1.349389 2.329573 2.331296 2.329498 2.329563 2.321223 2.314770 1.300534 0.341110 0.346926 0.338502 1.346453 1.326636 0.231696 0.104190 0.075454 0.096250 0.093885 0.030806 0.043970 0.051822 0.536277 1.501154
3.392507 3.390644 2.389718 2.384562 2.387454 2.344909 0.611876 0.713821 0.815232 0.839109 0.886272 0.872674 0.036658 0.029854 0.038538 0.038537 0.060649 0.039580 1.015328 0.992583 0.994101 0.961035 0.146127 0.060074 0.017372 0.036523 0.249817 1.350700 1.365866 2.361161 2.370719 1.361162 0.354872 0.351432 1.344703 2.354904 2.355393 3.341671 3.358314 2.339503 2.319215 2.336620 3.370170 2.366112 1.381138 1.375395 1.355558 2.351358 2.341909 0.243972 0.109535 0.087044 1.116676 0.079970 0.040541 0.024528 0.030083 0.025430 0.447819
5.379756 5.381528 3.372596 2.380462 2.375592 1.371166 0.021706 0.021614 0.018196 0.846441 0.863328 1.852325 0.710926 0.693854 0.041004 0.059321 0.066713 1.009369 2.040116 2.037789 1.031012 0.063659 0.111670 0.033684 0.026909 0.045069 0.278945 1.349339 1.369709 2.361630 2.375813 1.360810 1.366909 0.355187 1.325112 2.339826 2.346187 3.331666 3.332639 2.317282 1.338333 2.294748 3.310980 2.342236 2.363395 2.358449 2.339913 2.340739 1.330166 0.269176 0.053663 0.103368 1.116469 0.081271 0.033486 0.024756 0.030830 0.029960 0.023598
5.389578 4.392914 3.386448 3.388787 2.388560 1.388230 0.018089 0.309885 0.319493 0.020952 0.902029 1.904753 3.974627 2.960853 2.955255 0.902521 0.925948 2.003670 1.993861 1.035214 1.051497 1.035292 0.085795 0.071946 0.050709 0.261045 1.364810 1.353970 1.362772 1.356690 2.363213 1.361712 1.370549 0.359633 1.335269 2.334565 2.347900 1.351344 1.353748 1.344311 1.342227 1.340499 2.353221 2.353395 2.364703 2.353253 2.349204 1.341448 0.272178 0.048402 0.022591 0.022591 0.110176 0.099423 0.091760 0.091857 0.037178 0.047172 0.018456
4.393603 3.388070 3.386844 3.387508 3.391219 1.388021 0.360374 1.383589 1.387689 0.312475 0.027870 0.912060 4.005301 3.998047 3.985915 1.958520 1.970849 1.971488 0.068832 0.102677 1.067455 1.054741 1.082836 1.067650 0.054150 1.353286 1.359544 1.353737 1.357714 0.377444 0.401638 1.354172 1.364496 1.367639 1.355794 1.370148 0.366789 1.347543 1.356137 1.347434 1.344639 1.344567 2.355632 2.356646 2.364835 1.365159 1.349694 0.314173 0.268996 0.082164 0.022591 0.022591 0.104757 0.098094 1.102321 1.064266 0.281988 0.469941 0.268323
2.382916 3.383792 3.383663 3.384055 3.383799 2.378639 2.380777 2.370118 1.379275 0.313276 0.029832 0.895125 3.001085 2.990185 3.981265 3.950483 2.949290 1.004102 0.042049 0.133088 0.117409 1.061892 1.075551 1.068194 0.052794 1.349718 1.344191 0.347099 0.341317 0.375199 0.419685 1.333401 2.363985 2.384008 1.364293 1.379765 0.375518 0.377844 1.373767 1.364978 2.393013 3.417574 3.408356 3.404958 2.383546 2.384579 0.316255 0.041845 0.069419 0.118981 0.083859 0.107815 1.104252 1.057384 1.112169 2.159902 0.947314 0.538828 0.635093
1.377966 3.396120 3.389516 3.390780 3.388095 2.383765 2.387159 2.369019 1.365877 0.408655 0.483294 0.695485 0.753397 0.785520 2.914083 2.872137 0.047348 0.018730 0.094652 0.061044 0.119998 1.036702 1.082900 0.072761 0.058998 1.361669 0.287426 0.332682 0.026909 0.374494 0.450545 0.406635 1.331030 2.379590 1.371741 1.385994 0.380372 0.385158 1.370076 2.386037 3.381314 4.381499 4.371710 3.378823 2.352885 1.375971 0.271178 0.055396 0.034948 0.060751 0.105894 1.139736 1.099660 1.071471 1.064481 0.131764 0.049287 0.093370 0.122347
1.378455 2.396561 2.391395 2.392430 2.385009 2.384405 2.388142 2.374127 2.406417 1.353986 1.114846 0.581239 0.019310 0.032019 0.156395 0.167953 0.037234 0.023643 0.129403 0.098802 0.063454 0.052575 0.049919 0.018258 0.079066 0.056446 0.056075 0.019050 0.055321 0.032722 0.514023 0.387852 0.369400 1.354304 1.348356 1.355860 0.380330 1.413109 2.389683 3.380604 3.377696 3.378792 3.387523 3.369255 1.386286 1.369390 0.027356 0.021158 0.034423 0.017372 0.017372 0.083486 1.046232 1.005408 0.068525 0.045002 0.043892 0.075984 0.073379
2.366175 1.382858 1.385666 1.389506 2.388674 1.376198 1.378886 2.365611 2.357372 1.382767 1.322887 0.062522 0.014396 0.019310 0.045812 0.056425 0.024605 0.030280 0.165153 0.031212 0.037041 0.032402 0.024757 0.022606 0.028313 0.024376 0.023827 0.026711 0.019203 0.031181 0.717400 0.050073 0.054283 0.252339 0.245700 0.271497 0.358282 1.396810 2.382061 2.374179 2.372742 2.395885 3.406559 3.366976 2.406728 1.353281 0.028917 0.045441 0.059071 0.027638 0.028970 0.859739 0.978026 0.940233 0.069290 0.054793 0.017372 0.131117 0.104346
3.373299 2.375519 1.380462 0.364711 1.362757 0.332797 0.317111 1.324955 1.242161 0.266980 0.036718 0.040395 0.025277 0.074233 0.059081 0.061566 0.025581 0.033394 0.037818 0.048318 0.014396 0.028573 0.032249 0.351653 0.403836 0.391065 0.366753 0.337052 0.254885 0.915327 0.907492 0.087167 0.102256 0.067344 0.058220 0.050041 0.261756 0.291541 1.380223 1.365392 1.360555 2.416590 3.415143 3.360997 2.412791 2.417992 1.386690 0.408767 0.378639 0.322357 0.567467 0.779984 0.982295 0.961811 0.035124 0.029732 0.017372 0.139195 0.113192
