use_cases/Flooding_chicago/flooding_data/output/h_1620.asc
ncols 337
nrows 393
xllcorner 428428.000000
yllcorner 4602440.000000
cellsize 26.757400
NODATA_value -9999.000000
[rows 162 to 188 of 393, columns 59 to 117 of 337]
0.175360 1.113707 1.189564 3.163955 3.171359 3.183012 2.177944 2.176092 3.172754 5.171185 4.177252 4.180285 3.173146 3.179280 2.176636 2.179004 2.172716 3.157505 4.170627 3.195287 2.066386 1.159913 1.072042 0.202116 0.026695 0.018867 0.109687 0.116021 0.122277 0.037178 0.058860 0.047219 0.327204 2.441031 3.453973 1.467195 0.354165 0.263913 0.603648 0.028679 0.025932 0.062171 0.028938 0.182762 0.249048 0.027870 0.039086 0.038628 0.027718 0.030983 0.052467 0.038872 0.079615 0.959325 0.981905 0.986018 0.042275 0.047463 0.030235
0.049659 0.114425 2.174132 3.158987 3.170023 2.177845 2.178170 3.176092 3.177511 4.175341 4.176566 3.174761 2.179164 2.177669 2.175536 0.136902 1.162156 2.130747 3.147066 3.141604 3.074388 2.070209 0.199316 0.308110 0.156858 0.040931 0.073906 0.096047 0.032356 0.051231 0.056816 0.043999 0.276880 2.421369 0.343691 0.026283 0.267864 0.200418 0.411316 0.248492 0.323900 0.251479 0.229206 0.074244 0.325889 0.288734 0.027855 0.136024 0.109947 0.069268 0.049782 0.040764 0.036614 0.035560 0.034645 0.032692 0.025444 0.054419 0.032418
0.047386 0.114606 2.170937 3.159214 2.173668 2.180351 2.179385 3.176510 3.175779 3.173634 3.175549 2.179016 2.181391 2.177836 1.179572 0.023943 0.160394 0.185513 0.848588 1.829884 3.033593 0.761435 0.028983 0.307910 0.218934 0.395526 0.362999 0.053825 0.036415 0.048501 0.044258 0.038383 0.040490 0.317239 0.029732 0.019309 0.031471 0.134901 0.269403 0.273965 0.353392 0.984663 1.098286 0.305764 0.209956 0.263634 0.216912 0.142739 0.083681 0.139549 0.106209 0.112404 0.032525 0.034386 0.034279 0.032585 0.025399 0.035286 0.138926
0.063498 0.119194 2.166398 3.114406 2.179600 1.174452 2.161638 3.172931 2.170738 1.161464 1.164499 1.179509 2.180846 2.175804 1.178823 0.025398 0.026725 0.209359 0.033135 0.021477 0.066502 0.025810 0.035925 0.054268 0.040016 0.424291 0.410250 1.473727 0.026969 0.029853 0.133675 0.028114 0.028832 0.032692 0.019309 0.014396 0.024284 0.028328 0.196648 0.137851 0.098087 1.079008 1.110583 1.036520 0.129618 0.023735 0.024341 0.065880 0.109772 0.099067 0.149177 0.056098 0.020607 0.055308 0.050902 0.049666 0.055046 0.038689 0.132128
0.086639 0.150173 1.143785 1.156754 1.175060 0.187903 1.089207 1.091980 0.183435 0.195867 0.193597 1.166353 2.180021 2.184007 1.193110 0.032585 0.039682 0.038348 0.028939 0.025871 0.018943 0.033869 0.031777 0.041120 0.046305 0.053306 0.316749 1.469244 0.035225 0.051491 0.075751 0.055565 0.056601 0.028985 0.042198 0.024284 0.023399 0.028206 0.039529 0.026070 0.030342 0.083535 1.096804 1.140028 0.067910 0.026100 0.014396 0.086046 0.077233 0.206273 0.219669 0.202656 0.024087 0.784064 0.738557 0.088407 0.027017 0.051577 0.422617
0.126508 0.111473 0.181726 0.150706 0.024541 0.255163 0.268312 0.254841 0.238540 0.225510 0.212758 1.152017 2.178981 2.187793 1.198920 0.020393 0.131045 0.033768 0.027962 0.023842 0.014396 0.021004 0.019570 0.023247 0.032661 0.044670 0.043586 0.269204 0.272484 0.259371 1.281047 1.292905 1.294541 1.287519 0.205376 0.029473 0.028419 0.094221 0.047341 0.066006 0.035652 0.072858 1.050615 1.812402 1.023955 0.038646 0.019310 0.072854 0.169963 1.177882 2.227949 1.198819 1.157903 2.066580 2.108891 0.090437 0.066660 0.048824 0.493930
0.125194 0.106125 0.127639 0.095767 0.045156 0.290452 0.303513 0.278593 0.271980 0.250030 0.233102 1.126316 2.128946 2.169617 1.181319 0.039438 0.057460 0.114255 0.035255 0.028344 0.018455 0.029380 0.047066 0.053429 0.050987 0.046867 0.031517 0.034615 0.284115 0.294648 1.288679 1.291500 1.290897 3.259568 2.280575 1.263659 0.172527 0.107434 0.123423 0.079569 2.024615 1.991776 3.015704 3.042885 1.032558 0.135393 0.039193 0.084327 0.055459 0.150483 1.254182 0.173773 0.126723 0.077062 0.897727 0.769183 0.586586 0.571175 1.549303
0.265750 0.154473 0.135218 0.058128 0.334150 1.341090 2.387832 1.314196 1.324212 1.271000 1.259543 1.240198 0.197112 0.155465 0.127058 0.070407 0.051334 0.201186 0.179953 0.038048 0.029197 0.050194 0.067512 0.044898 0.032173 0.023551 0.022590 0.022590 0.027687 0.191356 0.231077 0.247102 0.255969 2.285807 1.290133 0.258316 0.192895 0.100965 0.085985 0.828775 4.019954 4.029483 3.078065 1.020442 0.034878 0.044062 0.029030 0.055779 0.032738 0.036415 0.202519 0.044212 0.019309 0.026154 0.100558 0.062782 0.518072 1.511468 2.557088
0.017373 0.017373 0.020180 0.276227 0.348359 2.271410 3.352533 2.336148 1.345536 0.278395 0.230339 0.202508 0.018867 0.025551 0.018867 0.213167 1.282831 2.273383 1.288894 1.273793 0.191676 0.089272 0.081752 0.049919 0.036947 0.036415 0.022590 0.022590 0.027122 0.337589 0.109385 0.018501 0.023781 1.278135 0.258363 0.245622 0.139255 0.129635 0.102400 1.999866 4.051256 4.053290 2.036177 0.918611 0.035433 0.014396 0.062798 0.059776 0.018120 0.026726 0.045586 0.046959 0.014396 0.024895 0.081182 0.061082 0.532983 1.551607 2.552396
0.214417 0.128486 0.389112 0.257059 0.274056 1.153590 2.157549 1.268622 0.258670 0.262409 0.019783 0.121217 0.078253 0.018806 0.029441 1.293447 1.291972 1.295763 1.300884 1.300195 1.290986 0.085518 0.064446 0.076500 0.060997 0.037134 0.021050 0.029946 0.149942 0.968763 0.181402 0.034168 0.031349 0.034187 0.035286 0.028328 0.146858 0.220736 0.859755 1.979091 2.006251 2.013869 2.013794 0.957940 0.034107 0.035774 0.062203 0.022651 0.021843 0.029801 0.022605 0.032539 0.033565 0.385571 1.525475 0.541358 0.544331 1.548868 2.546788
0.541269 0.569564 0.490863 0.394957 0.245875 0.515283 0.568628 0.019921 0.029549 0.031669 0.029609 0.072774 0.333001 0.376521 0.322232 2.290621 1.292434 1.292738 0.305459 0.307781 1.310308 0.059104 0.040093 0.049156 0.186651 0.169252 0.160422 1.062153 3.260167 3.232067 2.229351 0.151337 0.027214 0.034966 0.042916 0.036384 0.039268 0.048244 0.057471 0.935488 1.988701 2.000101 2.001944 0.946892 0.102549 0.114048 0.048011 0.022743 0.050255 0.046669 0.045357 0.071339 1.332846 3.539755 4.572461 3.588672 2.565581 2.565037 2.564388
0.496849 1.706216 0.581852 0.473912 0.330086 0.263697 0.528068 0.564200 0.025458 0.030433 0.025490 0.049589 0.360709 0.386405 0.344898 2.298032 1.295710 1.301892 0.305040 0.305610 1.309360 0.034859 0.037315 0.249953 1.287968 2.287743 2.273153 1.359172 1.276853 3.289880 2.272090 0.190966 0.041069 0.061546 0.030464 0.039971 0.027503 0.036736 0.029594 0.051065 1.962321 1.990346 1.992706 0.922269 0.793783 0.135918 0.046532 0.023017 0.033318 0.038933 0.068632 0.614568 2.463572 5.521968 5.564741 5.574856 4.566899 4.565117 4.584828
0.536355 0.544533 0.513009 0.430093 0.289300 0.266441 0.478789 0.447936 0.259526 0.156825 0.688052 0.031325 0.376687 0.382640 2.271730 2.296819 1.285680 1.289531 0.296367 1.296736 0.305655 0.280133 0.248860 1.296119 1.299097 1.304083 2.297354 0.294374 0.249525 0.243864 1.219357 0.147409 0.036430 0.052040 0.053276 0.027732 0.029091 0.019737 0.027702 0.045302 1.963891 1.993963 1.994247 1.963157 0.793329 0.025340 0.014396 0.024331 0.035855 1.720432 2.873406 2.862464 2.471865 4.493618 5.563770 6.581503 6.581361 6.579776 5.600426
0.127984 0.225244 0.170011 0.122522 0.070841 0.092797 0.076077 0.298029 0.565582 0.558576 1.594837 0.585243 0.468303 0.424460 1.233346 2.320758 1.299723 1.313271 0.299508 0.298998 1.310216 1.315808 2.307079 1.302741 1.310119 0.245288 0.202216 0.215170 0.017373 0.017373 0.093036 0.190270 0.102136 0.609222 0.115942 0.034569 0.023948 0.040046 0.047119 0.057090 1.982100 2.019382 2.029639 0.903317 0.806354 0.026146 0.021004 0.030428 1.534527 4.978522 5.025413 2.985100 0.028241 1.496253 2.537079 3.556509 3.546905 5.558062 4.542375
0.079139 0.164056 0.142817 0.109031 0.061359 0.098356 0.084069 0.086800 0.560327 1.646244 2.667711 1.685458 0.496992 0.412672 1.258968 1.287766 1.280312 1.295542 0.275436 0.280213 0.268738 2.311693 2.320431 1.307684 0.231327 0.151507 0.392180 0.398358 0.033210 0.027137 0.086710 0.706972 1.751406 1.737790 0.122879 0.072205 0.065988 0.046577 0.033332 0.043424 0.907255 0.930117 0.865232 0.793671 0.723111 0.058028 0.019570 0.047770 4.957265 5.978799 4.973432 2.949899 0.973873 0.043826 0.502371 0.035805 0.034189 0.329479 1.314171
0.056555 0.231179 0.211287 0.162098 0.077874 0.165871 0.150542 0.145473 0.155290 0.493103 1.592680 1.662413 0.470833 0.381721 0.314828 1.233467 1.245008 1.236504 1.192833 0.241751 0.018654 0.219527 0.239995 0.209207 0.138482 0.386316 1.000476 0.352197 0.020882 0.072355 0.811168 0.826070 1.837976 0.031517 0.024758 0.028557 0.068382 0.083529 0.063483 0.940216 0.935684 0.928803 0.750190 0.583649 0.922214 0.083443 0.021721 0.868304 4.942452 5.965902 4.969576 2.955932 1.958269 0.070092 0.055414 0.039864 0.023460 0.033999 0.121287
0.308002 0.303688 0.262877 0.185307 0.398934 0.231608 0.208933 0.148193 0.224842 0.221950 0.118447 0.435490 0.357864 1.223043 1.252550 1.254379 1.231994 1.223918 1.230728 0.193335 0.024497 0.014396 0.025672 0.116992 0.358180 0.361921 1.187420 1.155106 0.121151 0.096450 0.058150 0.035058 0.685871 0.018943 0.014396 0.026604 0.021278 0.858747 0.913235 0.923702 0.028864 0.025281 0.469699 0.385283 0.946013 0.866689 0.778555 1.984102 3.940749 5.967773 5.982547 3.985635 2.994295 0.935121 0.058748 0.031929 0.027275 0.026086 0.035363
0.364739 1.361460 0.303097 0.224571 0.131662 0.073618 0.063510 0.047052 0.085111 0.144661 0.075280 0.063015 0.214543 1.222100 1.254688 1.247966 1.185904 2.099594 2.125069 1.148315 0.125915 0.024330 0.023659 0.079900 0.246914 0.251424 0.189703 1.064528 1.067533 0.076930 0.060387 0.034726 0.571811 0.030693 0.024361 0.023841 0.052000 0.821444 2.004061 1.030122 0.047477 0.029913 0.291985 0.349437 1.111492 1.091452 2.946792 3.035720 3.939681 5.955008 5.985383 5.012201 2.996145 1.993479 0.069677 0.039680 0.040336 0.018212 0.028495
0.344110 1.353134 0.322431 0.034904 0.041099 0.039192 0.029381 0.031516 0.035088 0.271494 0.020469 0.037106 0.177076 1.246724 0.020225 0.172856 2.060020 2.146362 2.158125 2.162080 1.152928 1.168672 0.145368 0.031287 0.039864 0.031700 0.122226 1.039573 1.083505 1.040681 0.041328 0.113103 0.893353 0.096182 0.035804 0.022210 0.056489 0.066887 0.937349 0.974940 0.023715 0.043181 0.243976 0.995509 1.200596 1.132848 2.963534 3.035631 3.903764 4.922048 5.956969 5.005117 1.988901 0.920079 0.071678 0.034050 0.041849 0.021660 0.037206
0.378262 0.035896 0.048027 0.056754 0.055810 0.051521 0.037728 0.034248 0.044655 0.334740 0.031517 0.028130 0.038994 0.171643 0.029257 0.149995 2.164294 2.187960 2.192451 2.185808 1.162871 1.165590 0.152883 0.025261 0.032448 0.027091 0.032158 2.008047 1.045399 0.977400 0.610551 0.913564 2.073944 1.157533 0.044172 0.050477 0.019310 0.035286 0.059328 0.032619 0.049099 0.056600 1.098512 2.175368 2.205969 1.139325 2.908651 4.078090 2.999979 3.003866 3.973530 4.044420 0.983696 0.118609 0.094273 0.041915 0.030601 0.021660 0.038429
0.025703 0.056816 0.066247 0.060371 0.047463 0.041313 0.030097 0.043831 0.043252 0.365339 0.036477 0.038048 0.046104 0.065554 0.050652 0.121272 0.996551 1.026799 1.051591 1.155972 1.139572 0.110276 0.058093 0.025490 0.017373 0.017373 0.032204 0.095410 0.141749 0.021248 0.418551 1.928353 3.122919 2.178744 0.147533 0.050896 0.027366 0.023507 0.028176 0.057987 0.056820 1.071168 2.143047 2.159472 2.172664 2.134532 3.982687 4.057558 2.957848 2.949012 2.963683 4.028470 0.915074 0.845002 0.848068 0.729655 0.032859 0.018212 0.035392
0.025703 0.045616 0.049950 0.038168 0.078210 0.063160 0.042641 0.077950 0.041573 0.373532 0.040916 0.050300 0.032158 0.039070 0.043326 0.084871 0.877089 0.867279 0.853914 0.113380 0.042914 0.076155 0.113253 0.109656 0.032417 0.024269 0.018608 0.020591 0.025306 0.021126 0.021841 0.878555 2.137671 0.107648 0.034438 0.045234 0.023566 0.022941 0.027992 0.048233 1.075313 1.069897 1.149387 2.137272 2.160278 3.017525 3.973898 2.927784 1.903142 0.882654 1.878780 2.921678 2.885141 2.891542 3.909781 2.894249 0.070083 0.025901 0.026055
0.033958 0.061714 0.046088 0.070122 0.065285 0.055295 0.037743 0.056450 0.284142 0.359612 0.043877 0.055656 0.038932 0.048927 0.037407 0.063965 0.734878 1.375705 0.704140 0.074653 0.024117 0.026650 0.123896 0.116539 1.083922 0.053968 0.036125 0.057273 0.039330 0.043318 0.042959 0.806075 0.872559 0.055178 0.034679 0.030373 0.036035 0.029626 0.040765 0.039591 0.098912 0.126177 1.165882 2.168090 3.208311 3.154307 3.144140 1.171815 0.113470 0.089312 0.866805 1.932356 2.914311 2.916447 3.919112 2.913949 0.736673 0.186590 0.023018
0.043403 0.122154 0.081794 0.156735 0.099693 0.072013 0.045401 0.214857 0.238089 0.025185 0.049187 0.014396 0.030469 0.032356 0.076980 0.063463 0.618139 1.494052 0.536012 0.045679 0.026481 0.039086 0.029625 0.118267 0.089912 0.121423 0.058355 0.068367 0.040128 0.231022 1.313982 1.294238 0.608523 0.440942 0.032816 0.031860 0.127808 0.133758 0.138644 0.022075 0.147267 1.218626 2.274464 3.250979 3.223354 4.201888 4.219443 1.190032 0.132486 0.103326 0.870907 1.931488 1.911845 1.893880 1.911584 0.822122 0.237269 0.313767 0.427375
0.125313 0.140480 0.096351 0.160943 0.386271 0.310830 0.237251 0.184638 0.187249 0.163171 0.038673 0.038124 0.045678 0.045463 0.049819 0.289804 0.430498 1.310547 1.186704 0.141977 0.038376 0.035256 0.040352 0.027184 0.065864 0.090201 0.145477 0.414162 1.243666 3.354956 4.396654 4.403050 3.362904 2.325990 1.217127 1.145037 3.225800 3.250828 2.236896 2.212292 3.224084 4.241679 3.281278 3.229991 3.215617 4.182682 4.173664 2.224148 0.156380 0.127434 0.018089 0.052403 0.786977 1.872570 0.893998 0.018867 0.025551 0.018867 0.490639
0.116980 0.109905 0.089263 0.046409 0.049722 0.293192 0.227012 0.580359 0.579750 0.094429 0.034279 0.034020 0.066947 0.046014 0.189946 0.242995 1.158797 1.257798 1.243409 1.179846 0.069250 0.027442 0.032860 0.025582 0.042686 0.048974 1.483622 2.452761 3.346516 4.401349 5.419353 5.470977 5.505564 2.417295 1.260306 2.186320 3.205783 3.260932 2.242842 3.198706 5.223660 5.243283 3.253606 3.231763 3.213211 4.182848 4.172391 3.220858 2.218181 0.147393 0.021660 0.021660 0.808167 1.853545 2.828735 0.805064 0.018806 0.344928 0.425428
0.071556 0.342263 0.051613 0.041435 0.076759 0.044793 0.151846 0.483867 1.592615 0.620842 0.026009 0.025931 0.055184 1.147455 0.194105 0.223280 1.229791 1.253968 1.241001 1.229000 0.046650 0.057464 0.027371 0.057520 0.045360 0.058841 0.579294 0.569543 1.202984 2.359549 2.362860 2.451637 1.327700 1.347272 1.254606 2.236985 2.284599 1.251945 1.257743 3.211273 5.234147 4.239099 4.295628 3.235777 3.214960 4.179271 5.192202 4.221050 3.216914 1.195294 0.136027 0.018089 0.770140 2.849798 3.866645 1.854699 0.807845 0.774326 0.296343
