use_cases/Flooding_chicago/flooding_data/output/h_1620.asc
ncols 337
nrows 393
xllcorner 428428.000000
yllcorner 4602440.000000
cellsize 26.757400
NODATA_value -9999.000000
[rows 81 to 107 of 393, columns 177 to 235 of 337]
0.059230 0.061256 0.578907 1.674983 1.643924 0.423387 0.033561 0.026070 0.027000 0.036812 0.063850 0.043862 0.038462 0.043571 0.055778 0.087289 0.088844 0.029089 0.026344 0.049133 0.081032 0.116799 0.063530 0.055336 0.042229 0.032096 0.041466 0.050464 0.180035 2.260288 3.304291 2.269931 2.287450 1.259070 0.232341 0.186272 0.124468 0.427850 1.355638 2.406200 2.411829 1.380338 1.392464 1.374878 1.367348 2.334168 4.339856 4.355245 4.355759 3.346462 2.330362 3.297047 4.308990 4.315292 5.317169 5.329851 4.329607 3.316679 4.310185
0.048958 0.035713 0.060268 1.684767 2.677971 0.433697 0.050209 0.034600 0.014396 0.020973 0.025504 0.040871 0.037620 0.036674 0.060081 0.103661 0.031852 0.019798 0.034401 0.042992 0.046022 0.074959 0.087686 0.045442 0.025139 0.027702 0.038200 0.034623 0.096638 0.202593 2.284550 2.279450 2.280472 1.249537 0.259034 0.219219 0.152617 0.123918 0.260600 0.263826 0.276061 1.336817 1.365140 1.352819 1.336570 2.331979 4.339185 5.358006 4.353134 3.341000 2.326179 2.318371 3.294521 4.307694 4.316596 4.326389 3.326238 3.316401 3.305805
0.033668 0.054003 0.084633 1.628262 2.634863 0.378778 0.054269 0.037102 0.027336 0.043801 0.028221 0.032661 0.050637 0.036918 0.070488 0.056648 0.028099 0.017373 0.033186 0.056206 0.040106 0.040048 0.055686 0.061653 0.014396 0.042793 0.023369 0.023211 0.148445 0.121328 0.215990 2.264110 1.259534 0.280866 0.277457 0.244171 0.190666 0.100686 0.055954 0.033699 0.043267 0.260904 1.215730 1.271060 0.235081 3.312108 4.332968 5.292589 4.292626 3.331239 1.310872 1.294033 1.298606 2.288146 3.316387 4.330068 3.324956 2.311944 1.298278
0.040414 0.078682 0.085655 0.534721 0.399087 0.036293 0.033470 0.045036 0.076106 0.147910 0.086234 0.072991 0.113072 0.097771 0.080131 0.031089 0.036827 0.017373 0.054497 0.041191 0.028633 0.030663 0.026833 0.022454 0.039070 0.033639 0.045406 0.368006 0.317098 0.157364 0.098414 1.245104 0.285608 0.301263 0.310449 1.300767 0.208236 0.038703 0.021462 0.035485 0.031516 0.191630 0.211490 0.130272 0.032906 0.044388 0.807099 1.697387 0.827036 0.895350 0.180263 0.051101 0.026406 0.048159 0.235482 2.339643 1.348692 0.270222 0.232486
0.044609 0.056771 0.123986 0.092902 0.066856 0.026222 0.029732 0.069557 0.089500 0.133339 0.161017 0.150401 0.108346 0.262184 0.042030 0.033638 0.029030 0.038918 0.050453 0.046165 0.029533 0.030969 0.036828 0.073697 0.362250 1.502587 1.502748 1.520449 0.453523 0.030383 0.019925 0.065162 0.269929 0.270340 1.243896 1.248113 0.155194 0.039330 0.022773 0.018303 0.020088 0.367062 0.276170 0.034172 0.045586 0.023841 0.035546 0.051048 0.045615 0.033976 0.115670 0.039340 0.052299 0.025520 0.022988 0.238702 0.275359 0.017967 0.021034
0.043327 0.101312 0.109489 0.078133 0.029976 0.017373 0.047981 0.105477 0.065206 0.050850 0.046181 0.179723 0.222969 0.195702 0.118584 0.097879 0.035423 0.054053 0.030891 0.029610 0.056266 0.055931 0.094150 1.263774 3.534995 3.562306 4.535044 3.582812 1.553154 0.053210 0.082029 0.079879 0.207144 0.043648 0.064766 0.073343 0.047203 0.039071 0.026893 0.032449 0.595891 0.500267 0.035210 0.032295 0.030311 0.035225 0.031395 0.040657 0.037804 0.046562 0.117912 0.036507 0.035271 0.066188 0.161011 0.197343 0.169348 0.101420 0.017967
0.039192 0.027259 0.156060 0.027489 0.021842 0.017373 0.076911 0.071693 0.024254 0.023170 0.030831 0.127907 0.141777 0.289435 0.162911 0.103677 0.071390 0.076435 0.033385 0.039833 0.034096 0.038445 0.034541 1.239875 3.500758 4.510713 5.488771 4.533619 2.501493 0.074214 0.028862 0.065841 0.062950 0.033965 0.045173 0.039284 0.050972 0.079813 0.078851 0.635078 0.629479 0.595404 0.041603 0.036980 0.025703 0.017373 0.028937 0.027596 0.034341 0.038444 0.065345 0.051734 0.061257 0.079706 0.154183 0.140704 0.447083 1.486018 0.487381
0.044182 0.024910 0.027351 0.039665 0.062294 0.045540 0.075095 0.090919 0.029518 0.023995 0.021858 0.089852 0.293678 0.231591 0.237588 0.152643 0.106697 0.093323 0.040352 0.035652 0.032875 0.045052 0.033027 2.554657 3.527600 3.534313 4.543955 4.550715 2.518838 0.074527 0.040931 0.045555 0.051232 0.025697 0.026796 0.038352 0.062491 0.054008 0.092888 0.083487 0.591527 0.630134 0.512170 0.030571 0.025703 0.017373 0.028938 0.027580 0.045230 0.053672 0.054436 0.032539 0.033806 0.042360 0.036553 0.081468 0.395766 1.483975 1.522199
0.039863 0.032967 0.046058 0.059853 0.069325 0.045753 0.054894 0.023994 0.029518 0.047752 0.056305 0.049453 0.042244 0.111226 0.241553 0.182569 0.106379 1.537839 0.405151 0.038920 0.037662 0.476066 0.531059 2.512332 3.544554 3.536411 3.525488 2.541134 1.488220 0.073822 0.063056 0.038260 0.037377 0.021751 0.032433 0.042854 0.038583 0.072045 0.048608 0.044289 0.105079 0.591871 0.524897 0.045075 0.036705 0.021919 0.037918 0.070442 0.055948 0.062450 0.044456 0.058116 0.039680 0.061263 0.040935 0.049728 0.438765 0.488991 1.485540
0.093088 0.039040 0.061973 0.082069 0.067239 0.045892 0.034966 0.023170 0.024254 0.033058 0.037880 0.049201 0.041940 0.127854 1.449572 1.515281 0.478871 1.554884 1.562770 1.557934 0.559567 0.570427 1.528644 1.518928 3.525623 2.528903 1.513391 0.385145 0.064711 0.060574 0.051750 0.056785 0.038384 0.023735 0.025185 0.030525 0.033044 0.037819 0.053367 0.055657 0.100562 0.098718 0.537728 0.075676 0.032920 0.019844 0.047432 0.047387 0.036064 0.040839 0.053764 0.095864 0.079170 0.076292 0.113787 0.328173 1.479330 1.521813 1.506164
0.104759 0.742298 0.748947 0.105278 0.056412 0.050529 0.037513 0.027321 0.027687 0.036857 0.042824 0.035410 0.047661 1.351319 2.574265 2.598433 2.594218 1.587832 1.607014 1.605443 0.582068 0.588199 0.559505 1.505088 2.506002 1.539809 1.524994 0.063470 0.054996 0.043251 0.034629 0.038200 0.029046 0.025246 0.017373 0.017373 0.019798 0.042626 0.059364 0.052009 0.188409 0.113822 0.117182 1.124868 0.103797 0.032219 0.040566 0.068703 0.053230 0.040091 0.063373 0.070793 0.050010 0.070210 0.129354 0.310109 1.450739 1.477935 1.470210
3.134275 3.091578 2.095893 1.068209 0.093045 0.050734 0.044109 0.023613 0.038022 0.038841 0.046639 0.045952 0.109003 1.447923 2.572735 3.562420 3.576185 2.579406 2.589916 1.576038 1.575974 1.576033 1.577658 1.547260 1.558888 1.551649 0.453492 0.045982 0.046195 0.057353 0.031441 0.026023 0.030358 0.037728 0.025703 0.025703 0.068352 0.046395 0.072563 0.231552 0.301001 0.030525 0.027626 1.127070 0.093217 0.049414 0.056160 0.075973 0.049386 0.233389 0.154190 0.138301 0.131722 0.084307 0.102373 0.125897 1.432859 0.541860 0.570529
4.127681 4.123650 3.119781 1.104724 0.014396 0.053533 0.038173 0.059173 0.048107 0.407458 0.388925 0.251052 0.181124 1.448189 2.581010 3.608997 3.608288 3.593068 2.594906 3.574435 3.584837 3.584474 3.587476 3.589993 2.581562 1.558219 0.038785 0.065270 0.047372 0.068825 0.048760 0.049293 0.042280 0.045113 0.029046 0.029046 0.023834 0.052498 0.044876 0.058682 0.054694 0.053289 0.037880 0.062951 0.097405 0.065600 0.059908 1.485575 1.508802 0.330969 1.105635 1.143396 0.134112 0.090851 0.168207 0.166058 0.286887 0.553707 0.622649
4.135102 4.144497 3.137326 1.128026 0.037801 0.080785 0.779115 0.855296 0.777832 0.663708 0.563180 0.309124 0.817852 1.285844 1.569057 1.602903 2.594528 2.596347 2.597933 3.571890 5.577272 6.585257 5.587746 5.587291 2.571133 1.552939 0.618536 0.076408 0.122533 0.045890 0.061089 0.045350 0.048012 0.095908 0.057766 0.082344 0.062812 0.070457 0.061424 0.069909 0.082814 0.133249 0.138129 0.179955 0.150079 0.492079 0.526033 1.501928 1.534565 0.345378 1.138551 1.178337 0.140335 0.105638 0.064106 0.274380 0.464819 0.344419 0.792552
3.145655 2.125888 2.131376 1.095871 1.099597 1.998873 2.038163 2.025192 0.831147 0.711991 0.586899 0.803191 0.521002 0.520776 0.574275 1.572766 2.593822 2.596975 2.596986 3.577636 5.580037 6.583679 6.588349 3.577174 1.566886 0.485279 0.053467 0.070290 0.112694 0.114205 0.568582 0.081857 0.092493 0.110550 0.076926 0.091961 0.064538 0.063362 0.076256 0.049279 0.047889 0.114813 0.128684 0.170693 0.131652 0.498390 0.536269 1.528097 0.463815 0.296831 1.120793 1.151658 0.108722 0.083054 0.583799 0.518373 0.414975 0.354573 0.300912
2.158890 1.118778 1.105786 2.067181 2.105271 2.028734 2.061025 0.907546 0.818262 0.724610 0.760157 0.022590 0.022590 0.096107 0.434668 1.566063 3.586251 3.598456 1.588007 2.564594 3.566450 4.573167 5.575346 2.568978 0.564990 0.546677 0.041909 0.051754 0.019310 0.163520 0.712501 0.107461 0.075583 0.071236 0.028618 0.023384 0.018440 0.035958 0.052375 0.040778 0.036476 0.041985 0.037856 0.040428 0.096187 0.487689 0.529244 1.525488 0.422652 1.060546 1.091708 1.004377 1.726429 1.769653 2.771884 1.779515 0.610500 0.510215 0.439501
2.146188 1.128413 1.119104 2.077978 2.123699 1.006556 1.046178 0.051321 0.043016 0.598223 0.650124 0.022590 0.022590 0.116738 0.434862 2.554775 3.594706 3.592845 1.590339 0.583024 1.586359 2.576977 2.581348 1.579602 1.589574 1.582424 0.463629 0.035271 0.027366 0.023507 0.686594 0.068733 0.050331 0.051780 0.030907 0.014396 0.027291 0.039116 0.077492 0.070836 0.038521 0.056372 0.048378 0.053246 0.047331 0.417718 1.543141 1.583457 0.438677 1.021479 1.050691 1.807882 1.799447 2.736332 2.815040 1.727487 1.764571 0.578202 0.498129
2.152590 2.138137 2.133628 2.105435 2.145802 0.124170 0.088819 0.032002 0.063042 0.561075 0.577986 1.571525 0.446939 0.274710 0.512426 2.567202 3.595550 2.600058 1.595570 0.583656 1.581516 1.585588 1.586422 1.576193 2.581064 3.593853 2.547988 0.080160 0.023566 0.022941 0.632408 0.065450 0.040749 0.034995 0.024894 0.025185 0.036782 0.054574 0.078269 0.066856 0.046272 0.060249 0.042458 0.042503 0.043007 1.518046 2.558491 2.602478 1.587145 0.367618 0.311703 0.173665 0.642750 0.638268 1.685541 1.693584 0.627304 0.571021 0.496265
2.176101 1.120955 1.116444 1.091722 1.120791 0.108192 0.038760 0.054512 0.036217 0.555458 1.490603 1.558472 0.409782 0.261015 0.186408 2.526186 3.607964 2.614717 1.597842 1.598875 1.593912 2.592966 2.599477 2.582701 3.585457 4.588625 2.550658 0.081344 0.040764 0.039802 1.503260 0.278176 0.056481 0.042076 0.027458 0.024788 0.040474 0.038445 0.129615 0.129507 0.082770 0.056739 0.052392 0.125549 0.473483 1.302703 2.480417 2.550936 1.544347 0.407333 0.389458 0.032692 0.079953 0.060907 0.541997 1.668918 0.626624 0.034730 0.030819
1.173319 0.139474 0.124275 0.105785 0.083159 0.037452 0.033454 0.038918 0.033928 0.052249 1.511219 0.516571 0.030061 0.030047 0.102463 1.539077 2.603299 1.599365 1.590619 1.593252 2.594486 3.596069 2.591403 3.545297 4.577459 3.576608 1.550074 0.069139 0.032890 0.028693 1.561309 0.342019 0.039572 0.026009 0.051948 0.047112 0.049842 0.038368 0.112571 0.110589 1.099729 0.052987 0.161559 1.101113 1.624756 0.420392 0.401982 0.366853 0.036889 0.036858 0.044578 0.046394 0.097259 0.062664 0.037377 0.645642 0.609637 0.030409 0.045876
1.155747 0.140873 0.134895 0.108846 0.049935 0.041257 0.041878 0.026115 0.026955 0.031609 0.103447 0.034386 0.019371 0.037913 0.035440 0.437322 1.601986 0.598138 0.029860 0.571259 2.576657 3.578597 3.590324 2.575101 1.569083 0.497535 0.531564 0.048515 0.020867 0.255563 0.349526 0.288202 0.037193 0.042763 0.043297 0.217540 0.184341 0.192705 0.256092 0.258487 0.045998 0.053366 0.232697 1.085211 0.439196 0.018487 0.043678 0.041771 0.019752 0.046882 0.032445 0.089599 0.077996 0.022590 0.022590 0.041928 0.448024 0.410444 0.045434
1.147822 1.145595 1.142897 0.102251 0.030693 0.027116 0.022103 0.017967 0.021034 0.021263 0.071509 0.030648 0.028135 0.019615 0.026894 0.034202 0.566167 0.030485 0.037251 0.581372 2.594191 3.593507 3.585807 0.489138 0.040026 0.017373 0.043651 0.608555 0.620327 0.149592 0.221796 0.191719 0.165676 0.195753 0.241697 0.298747 1.242502 2.266088 0.256683 0.230403 0.148294 0.160795 0.092711 0.577895 0.655487 0.023628 0.021969 0.017373 0.017373 0.020180 0.043892 0.033287 0.102271 0.022590 0.022590 0.031106 0.375244 0.390788 0.031669
1.152555 2.145793 1.144632 0.098793 0.033288 0.034920 0.050394 0.032522 0.017967 0.046822 0.064689 0.050621 0.071113 0.046319 0.029304 0.024224 0.493127 1.609873 0.618787 1.595589 2.589918 3.587386 3.589445 0.500614 0.039836 0.017373 0.054913 1.653802 1.635819 0.731472 0.788684 0.765533 0.153895 0.216929 0.258118 0.223932 1.243792 2.273995 1.247942 0.212687 0.140120 0.165980 0.096648 0.741479 1.891339 0.865482 0.030907 0.020134 0.045671 0.040046 0.036934 0.028021 0.075524 0.045418 0.040505 0.171755 0.269701 0.248598 0.118009
1.139726 1.140179 1.137797 0.089158 0.053046 0.040261 0.051277 0.031501 0.020378 0.051139 0.030525 0.043480 0.060310 0.052055 0.066451 0.424136 2.587036 3.609955 2.610912 2.608278 2.597269 2.599190 2.602988 2.613240 1.608318 1.611203 1.587950 1.626331 1.604087 0.718275 0.780264 0.753264 0.105451 0.175373 0.178639 0.020805 0.042180 0.173350 1.250503 0.204197 0.131818 0.136681 0.849108 1.862204 1.859871 0.865850 0.109745 0.059009 1.871065 0.886522 0.044428 0.642519 0.033683 0.041191 0.099691 1.492762 0.612173 0.563180 0.446654
0.034014 0.103159 0.092640 0.080285 0.072067 0.079417 0.083977 0.038862 0.039680 0.030250 0.025703 0.032402 0.066917 1.418469 3.611709 3.636693 3.624986 3.628894 3.654738 2.619383 2.606385 2.604685 2.608361 2.613747 3.609279 3.608383 3.600974 1.609936 0.517862 0.037014 0.707595 0.711943 0.677924 0.110944 0.031622 0.026543 0.025811 0.028344 0.141955 0.164977 0.096368 0.104704 0.816593 1.801576 0.816198 0.022590 0.022590 0.043705 1.859325 0.852773 0.721312 0.623330 0.375927 0.312043 0.198483 2.538540 1.621376 1.570253 1.543068
0.018425 0.037697 0.038453 0.049825 1.892192 1.937842 1.925202 0.759391 0.048312 0.040122 0.022850 0.035759 0.045937 1.323587 2.504951 2.553006 3.580530 3.579576 3.585029 2.579921 2.577607 2.577963 2.585258 2.594783 3.614677 3.604015 3.589041 1.580325 0.070151 0.045789 0.036857 0.090025 0.052620 0.051262 0.034499 0.018562 0.034034 0.028008 0.081766 0.093092 0.131448 0.074411 0.891610 0.894194 0.062235 0.022590 0.022590 0.260854 0.871414 1.019997 0.025405 0.019104 0.162913 0.159652 0.144643 2.569578 1.645185 0.564894 0.553776
0.023400 0.029640 0.025597 0.953088 1.927339 1.962216 0.955614 1.933140 1.971251 0.750764 0.586368 0.470806 0.716977 0.373661 0.197891 0.094629 0.311449 0.306586 0.334489 0.400503 1.559085 2.573965 2.570635 2.570257 2.589122 3.590585 2.554310 0.068645 0.043282 0.053505 0.034782 0.042473 0.049544 0.035868 0.030250 0.024010 0.028924 0.036462 0.063813 0.146238 0.129906 0.097502 1.931467 1.973898 0.902483 0.874803 0.718687 0.396993 0.864566 0.912462 0.770909 0.462960 0.358107 0.245071 0.521054 2.612938 1.679707 0.060126 0.049900
