use_cases/Flooding_chicago/flooding_data/output/h_1620.asc
ncols 337
nrows 393
xllcorner 428428.000000
yllcorner 4602440.000000
cellsize 26.757400
NODATA_value -9999.000000
[rows 162 to 188 of 393, columns 118 to 176 of 337]
0.419273 0.033751 0.023506 0.022942 0.029946 0.086909 0.076104 0.919619 0.062890 0.017373 0.051155 0.031228 0.034595 1.125534 4.321552 4.358533 4.358847 4.391137 3.355519 2.070415 2.033904 0.969610 0.261019 0.309862 0.432043 0.621954 0.670514 0.722635 0.759696 0.615696 0.626157 0.071340 0.860522 2.946923 2.883818 2.904210 1.727437 0.116121 0.099754 0.141854 0.069878 0.046913 0.031975 0.020803 0.038521 0.038125 0.065537 0.121529 0.197579 0.113686 0.041085 0.049369 0.026802 0.039101 0.048927 0.443031 0.221916 0.062142 0.058174
0.355672 0.019310 0.027366 0.023566 0.037315 0.093649 0.084548 0.908552 0.020134 0.017373 0.034946 0.041176 0.258457 1.310068 4.386397 4.371895 3.377352 1.249371 0.043298 0.037407 0.039405 0.032250 0.047325 0.070320 0.071619 0.103203 0.113854 0.226845 0.199776 0.164512 0.045815 0.085882 0.083855 2.807290 2.821537 0.534869 0.043550 0.052574 0.072822 0.155275 0.084099 0.041191 0.026238 0.019309 0.029732 0.037179 0.098275 0.145316 0.163232 0.043921 0.043923 0.053712 0.037773 0.038627 0.045555 0.406547 0.431419 0.050943 0.051461
0.227017 0.029382 0.039620 0.039574 0.036033 0.031425 0.024879 0.044135 0.045372 0.037648 0.034188 0.056572 0.287613 1.345790 4.387373 4.378560 2.375363 0.047814 0.031492 0.032870 0.025703 0.025703 0.055900 0.069799 0.068246 0.102985 0.182839 0.226204 0.215653 0.112215 0.061226 0.066353 0.049278 0.500272 0.271381 0.083622 0.033425 0.029320 0.021263 0.234580 0.101719 0.043630 0.025322 0.014396 0.019309 0.056693 0.119210 0.142783 0.105139 0.039696 0.036583 0.043173 0.037162 0.046120 0.044197 0.420820 0.447409 0.061028 0.064011
0.190004 0.109244 0.086706 0.070071 0.038048 0.024468 0.023384 0.034783 0.038938 0.318567 0.356127 1.461397 2.438394 2.440287 4.358353 5.403492 3.418750 0.024735 0.021110 0.020180 0.017373 0.017373 0.085167 0.033134 0.030530 0.105492 0.177458 0.283654 0.282478 0.126902 0.056679 0.055324 0.039833 0.390543 0.355110 0.140998 0.020195 0.017967 0.021034 0.141503 0.134696 0.095726 0.095589 0.058403 0.062295 0.076469 0.147804 0.118347 0.076182 0.049720 0.022912 0.038826 0.039514 0.066199 0.041466 0.523904 0.550270 0.090324 0.053749
0.391806 2.462981 2.491773 1.348467 0.353544 0.036071 0.022055 0.042711 0.346342 1.484376 2.502421 2.507575 3.417881 4.472629 4.424335 3.402963 1.048725 0.251504 0.233228 0.178612 0.141745 0.165947 0.043755 0.045372 0.027794 0.027794 0.217065 0.340027 0.364342 0.029628 0.028954 0.041712 0.038826 0.373921 0.505898 0.289147 0.060478 0.031822 0.017967 0.185585 0.078224 0.130867 0.095162 0.052392 0.058433 0.051520 0.126351 0.070702 0.092613 0.052345 0.026405 0.038790 0.055733 0.086830 0.797283 0.485985 0.382028 0.059746 0.062064
1.514983 3.518117 3.530031 3.530114 3.571951 1.349957 0.446889 0.396574 1.492808 1.493629 1.505440 2.485169 2.459910 4.461827 4.404860 1.229135 0.094217 0.118184 0.119269 0.081214 0.038658 0.064492 0.076928 0.029137 0.022590 0.022590 0.035792 0.531855 0.533428 0.047447 0.024833 0.025399 0.044959 0.324897 0.458886 0.543374 0.588845 0.072258 0.105567 0.156595 0.054875 0.070960 0.103463 0.037620 0.050941 0.027149 0.074633 0.084113 0.116691 0.076928 0.049323 0.035821 0.063133 0.111053 0.725426 0.236382 0.058378 0.052955 0.046898
1.566942 2.539764 3.551810 4.572443 4.577957 3.520385 2.632355 1.513964 1.512300 1.510005 1.519406 2.501894 2.474381 4.396759 1.049909 0.080830 0.068260 0.121392 0.204713 0.154610 0.046350 0.034690 0.044930 0.034432 0.022590 0.022590 0.035148 1.705675 1.703884 0.050548 0.030829 0.032738 0.040275 0.078598 0.635002 0.669595 0.633462 0.166406 0.093438 0.052498 0.055718 0.047828 0.058555 0.035743 0.031943 0.040688 0.052895 0.038566 0.082681 0.063011 0.065361 0.051598 0.053184 0.045403 0.277123 0.378683 0.095270 0.068901 0.040017
2.540173 3.551126 3.545129 4.573012 4.567609 4.559574 4.618143 2.511479 2.529140 3.528155 3.553878 4.529950 4.501795 2.489109 0.441606 0.186500 0.221000 0.114632 0.172415 1.313517 0.035729 0.033180 0.054436 0.024361 0.277886 0.021782 0.694131 1.673744 1.676647 0.039082 0.026658 0.035027 0.061455 0.127054 0.591350 0.619287 0.607887 0.215149 0.130272 0.095214 0.083562 0.070662 0.049644 0.048652 0.026619 0.020438 0.049309 0.034172 0.067651 0.048195 0.035667 0.053536 0.044653 0.046837 0.213036 0.305566 0.091010 0.048530 0.035942
2.548415 6.555628 6.553559 5.561623 6.580179 6.553072 6.622227 4.496293 4.539493 3.513441 4.483353 5.377044 4.500439 1.458742 0.344844 0.180168 0.229804 0.276756 0.209313 1.314996 1.319192 0.042061 0.036384 0.018898 0.198627 0.142033 0.655335 1.656839 1.659022 0.591059 0.078972 0.030861 0.069436 0.160036 0.221268 0.246283 0.229285 0.247475 0.186330 0.135215 0.117608 0.104058 0.083604 0.059456 0.025459 0.018136 0.049689 0.035913 0.075691 0.020394 0.042595 0.035866 0.046303 0.091149 0.234489 0.308802 0.200386 0.040825 0.040723
5.509764 7.533664 7.533349 6.551134 6.517502 6.554008 6.556725 5.497439 4.524696 3.509409 3.511606 3.495038 2.455650 0.294815 0.046334 0.048812 0.078738 0.095772 0.195335 0.269142 2.363382 0.227254 0.095879 0.080528 0.027795 0.144875 0.658091 0.670405 0.569451 0.075577 0.038810 0.025337 0.055474 0.048454 0.191818 0.214744 0.176780 0.111064 0.193612 0.160356 0.137320 0.131369 0.115595 0.092903 0.068855 0.021965 0.022468 0.022484 0.021904 0.018287 0.029884 0.022331 0.034309 0.094093 0.140266 0.460562 0.082206 0.046119 0.026909
5.482040 6.527170 5.540113 4.561994 2.362718 3.521544 4.524045 4.504158 3.497957 2.494431 2.507282 2.482368 1.218575 0.038084 0.029427 0.029960 0.041389 0.045463 0.036537 0.021385 2.357336 1.263607 0.047287 0.036842 0.045281 0.038170 0.630250 0.596279 0.088844 0.041390 0.034981 0.038492 0.055154 0.051149 0.237602 0.254849 0.046273 0.063195 0.064004 0.094063 0.062722 0.078284 0.078420 0.131790 0.081216 0.079445 0.031746 0.044548 0.061805 0.058525 0.033349 0.061684 0.196235 0.155619 0.187915 0.185144 0.166726 0.054253 0.029288
5.516473 4.563982 2.536817 0.050408 0.020112 0.094216 2.333866 2.435086 1.225655 0.348881 1.318341 2.227707 1.062097 0.036503 0.026606 0.019601 0.028388 0.028388 0.019601 0.413385 1.324074 0.247993 0.050301 0.061729 0.030569 0.049842 0.176948 0.175114 0.099344 0.046791 0.035821 0.038840 0.044565 0.063561 0.149091 0.137798 0.065132 0.050868 0.048149 0.065959 0.072563 0.052213 0.047127 0.073860 0.055107 0.096139 0.108712 0.125694 0.044166 0.043267 0.075004 0.077873 0.077050 0.086723 0.052512 0.161400 0.167702 0.058477 0.038963
3.555464 2.561652 0.062598 0.017373 0.017373 0.111411 1.062177 0.091992 0.077381 0.139023 0.274267 0.697607 0.593921 0.079339 0.051548 0.035504 0.023903 0.023903 0.051704 1.437630 0.262276 0.069893 0.063453 0.039421 0.051201 0.032783 0.140589 0.176416 0.142099 0.035897 0.061012 0.069939 0.049399 0.054781 0.107720 0.081947 0.045648 0.038612 0.065300 0.069694 0.039513 0.061820 0.033012 0.049920 0.078086 0.112221 0.132683 0.144508 0.036583 0.036294 0.063027 0.118857 0.087868 0.057320 0.036720 0.044595 0.091758 0.027778 0.174966
2.519963 0.366500 0.047645 0.046373 0.046439 1.220423 2.228401 0.106567 0.014396 0.229224 0.203871 0.174861 0.945311 0.154860 0.037241 0.036277 0.031791 0.042900 0.052376 0.287177 0.117668 0.058768 0.054222 0.055321 0.038231 0.021232 0.037893 0.157386 0.280313 0.039649 0.072241 0.095055 0.043724 0.053962 0.104744 0.073433 0.039742 0.036842 0.054985 0.025185 0.032113 0.033500 0.036798 0.043114 0.052390 0.014396 0.112449 0.105338 0.026849 0.026770 0.078071 0.066261 0.027825 0.032173 0.029152 0.041557 0.055687 0.039177 0.245994
1.369481 0.065488 0.073511 0.048958 0.049096 1.177293 1.104086 0.229478 0.381870 0.343836 0.311774 1.339133 1.236095 0.274951 0.055932 0.060432 0.062903 0.070870 0.078895 0.062630 0.121020 0.052254 0.040778 0.046303 0.030326 0.020531 0.037864 0.032921 0.450530 0.529000 0.057349 0.103310 0.074349 0.108651 0.084587 0.031928 0.031579 0.017373 0.080314 0.024727 0.030586 0.026268 0.072548 0.072069 0.081017 0.031761 0.053427 0.111557 0.079313 0.040566 0.063408 0.070564 0.037696 0.014396 0.043145 0.041069 0.039924 0.038204 0.170525
0.171754 0.053108 0.037986 0.029152 0.029656 0.201163 1.040233 0.301380 1.487261 1.476045 2.414892 3.438450 3.423183 2.456793 1.409549 0.269929 0.074334 0.048338 0.032844 0.026802 0.140907 0.090722 0.059974 0.026664 0.041786 0.018440 0.029838 0.043282 0.421030 0.561622 0.074578 0.080956 0.095864 0.144295 0.128165 0.045646 0.039650 0.017373 0.057091 0.052777 0.049309 0.034111 0.069496 0.062249 0.052986 0.303918 0.035715 0.194742 1.017436 0.066393 0.059226 0.064064 0.048927 0.073555 0.052162 0.067376 0.043940 0.049811 0.125189
0.096916 0.109223 0.049782 0.042214 0.043830 0.257695 1.301836 1.357304 1.426889 2.464074 3.406030 5.427434 4.388760 2.439316 1.411139 0.322464 0.068824 0.043129 0.042518 0.054161 0.095528 0.151618 0.096138 0.108802 0.044761 0.022514 0.042107 0.051735 0.034569 0.557867 0.533639 0.135167 0.081139 0.126305 0.126167 0.059242 0.035209 0.027504 0.068167 0.052574 0.039422 0.403491 0.390339 1.428019 1.441042 1.396405 1.313453 2.333809 3.337049 2.338886 1.376401 0.042335 0.050163 0.021539 0.060967 0.066337 0.108899 0.147751 0.147926
0.119195 0.124473 0.050773 0.043143 0.048079 0.033105 1.301341 1.334098 2.479606 3.456368 4.407312 5.420568 4.387597 2.418652 1.331112 0.123047 0.036537 0.050146 0.054619 0.036340 0.031838 0.063637 0.093346 0.043205 0.059793 0.026314 0.018959 0.039787 0.465508 1.623129 0.515968 0.095780 0.034127 0.043220 0.054070 0.036110 0.036156 0.050972 0.393788 0.395388 1.485323 1.517334 1.501988 1.452671 0.354378 1.377280 2.349117 3.361675 4.361315 4.363029 2.329429 0.095994 0.054055 0.035256 0.032677 0.040352 0.044533 0.059333 0.065346
0.088706 0.090949 0.042916 0.029732 0.019309 0.035286 0.204411 1.318173 2.381233 4.416098 4.911399 4.404520 3.389578 0.353448 0.383649 0.236551 0.263370 0.042168 0.063027 0.048717 0.045448 0.042168 0.036339 0.039924 0.031624 0.019082 0.033272 0.033973 1.570000 0.572138 0.458718 0.040412 0.031090 0.023705 0.025536 0.064416 0.036415 0.045497 0.396269 1.489251 1.494440 1.515311 0.426479 0.032677 0.032952 1.380471 2.367876 4.361752 4.371494 3.373875 2.366024 0.085736 0.066385 0.045540 0.052390 0.034294 0.038018 0.085640 0.077537
0.614943 0.481768 0.029701 0.019309 0.014396 0.024361 0.037436 0.198762 1.204165 3.339561 4.380934 3.391464 2.368383 0.066490 0.125304 0.210752 0.208001 0.351775 0.270976 0.052787 0.047815 0.041801 0.031487 0.026619 0.039223 0.031762 0.036125 0.062774 0.540272 0.539361 0.042777 0.036950 0.040794 0.025535 0.035713 0.025535 0.054600 0.484314 0.451153 0.513707 0.481289 0.409220 0.047656 0.032677 0.030022 1.362933 2.385216 3.361848 3.369059 2.368062 0.236400 0.045722 0.037682 0.060753 0.062142 0.044868 0.056603 0.068000 0.054893
0.572474 0.531632 0.061117 0.036369 0.026849 0.023888 0.023349 0.101057 0.708611 1.214960 2.283711 1.375388 0.308218 0.067884 0.117013 0.165531 0.284038 0.362918 0.347145 0.164475 0.097022 0.034936 0.042106 0.024132 0.026618 0.039070 0.041618 0.042365 0.513450 0.536995 0.055503 0.038048 0.046379 0.070839 0.025536 0.023705 0.044913 0.504839 0.049602 0.100926 0.099693 0.094036 0.043373 0.055412 0.044869 0.058467 1.347845 3.384391 2.381275 0.255899 0.041068 0.045249 0.048423 0.067634 0.065956 0.047767 0.077454 0.056419 0.064049
0.560508 1.516327 0.047797 0.034828 0.026696 0.028069 0.165333 1.191195 1.064141 1.031842 0.164088 0.129479 0.043878 0.040724 0.063148 0.039395 0.237524 0.245241 0.257836 0.104460 0.160004 0.072591 0.037284 0.032143 0.023247 0.060524 0.041862 0.202674 0.323630 0.047814 0.072501 0.057091 0.032799 0.045418 0.035515 0.069527 0.039719 0.496092 0.022270 0.131445 0.153322 0.050759 0.074821 0.024910 0.024605 0.029029 0.034193 1.313560 2.384167 0.210572 0.047415 0.061439 0.053139 0.071258 0.065620 0.046532 0.041633 0.065696 0.063758
1.544993 1.526995 0.410867 0.102786 0.101424 0.164371 2.252109 2.268360 2.257383 1.157029 1.238305 0.158410 0.065885 0.057916 0.087677 0.042942 0.047864 0.049976 0.066529 0.067160 0.092830 0.103465 0.057046 0.037024 0.023858 0.061409 0.044167 0.405663 0.174464 0.042138 0.055763 0.041559 0.054405 0.043037 0.041480 0.039253 0.178597 0.034819 0.038703 0.052635 0.080956 0.082589 0.035727 0.031303 0.030251 0.030725 0.042595 0.176362 1.131319 1.072572 0.059796 0.020180 0.017373 0.017373 0.056908 0.036264 0.050376 0.040261 0.063300
1.547205 1.505284 0.398349 0.117342 0.121251 0.182005 2.231503 2.213689 2.222216 2.217154 2.246682 1.195141 0.082952 0.067137 0.053660 0.042121 0.051196 0.028871 0.017967 0.118214 0.126511 0.113677 0.045569 0.054517 0.021660 0.102363 0.132836 0.245124 0.191933 0.116227 0.057716 0.048459 0.051155 0.040809 0.065971 0.097298 0.112617 0.032341 0.039742 0.014396 0.120720 0.107997 0.049370 0.031364 0.025719 0.040153 0.033563 0.109986 1.096763 1.112955 0.081106 0.029945 0.040566 0.052345 0.027473 0.060158 0.042518 0.023537 0.027672
1.551671 1.515042 0.406219 0.087293 0.112250 0.165429 2.216373 1.226488 2.152991 2.145903 2.174444 1.170137 0.045410 0.052892 0.044586 0.060236 0.025704 0.017967 0.021034 0.111049 1.132118 1.115582 0.141681 0.037300 0.029793 0.122176 0.144661 0.216182 0.159661 0.163185 0.124271 0.042366 0.056446 0.031440 0.130228 0.071021 0.059579 0.068153 0.038185 0.066749 0.080061 0.028938 0.024146 0.030113 0.034385 0.056490 0.929238 0.923820 1.043431 1.035794 0.982573 0.034508 0.047173 0.038184 0.041099 0.041145 0.093208 0.023842 0.028145
1.540087 2.495865 1.426725 0.128096 0.077725 0.102711 1.034482 0.980608 0.943535 0.273806 1.096425 0.146313 0.073126 0.077829 0.052489 0.074377 0.025413 0.032921 0.028312 2.112286 3.088694 2.059255 0.153829 0.153891 0.027200 0.351585 0.445994 0.657615 0.701864 0.131830 1.154776 0.052208 0.054359 0.073738 0.113305 0.071373 0.060005 0.078835 0.057945 0.056344 0.043038 0.030784 0.023232 0.024452 0.058725 0.788544 1.967391 1.970777 1.999088 1.988185 0.990197 0.067901 0.091162 0.041893 0.054955 0.064893 0.076225 0.020425 0.046364
0.359554 2.481213 2.415380 0.087831 0.030221 0.029931 0.426913 0.532217 0.529772 0.480457 0.318012 0.087495 0.050550 0.100025 0.054846 0.077588 0.092340 0.103102 2.132200 3.132530 3.118812 2.047250 1.174676 1.183804 1.186372 1.022974 0.342086 0.024300 0.042351 0.090279 0.113438 0.083441 0.097710 0.129313 0.135443 0.149865 0.216836 0.096107 0.056449 0.062904 0.049217 0.046273 0.028160 0.028572 0.583441 0.707157 0.892215 0.941922 2.053254 2.014892 1.999679 0.963242 0.936609 0.833978 0.059929 0.089676 0.135244 0.036690 0.037071
