use_cases/Flooding_chicago/flooding_data/output/h_1680.asc
ncols 337
nrows 393
xllcorner 428428.000000
yllcorner 4602440.000000
cellsize 26.757400
NODATA_value -9999.000000
[rows 108 to 134 of 393, columns 177 to 235 of 337]
0.046486 0.027657 0.014396 0.068218 0.932925 0.972709 0.066596 0.955332 0.952864 0.047021 0.424330 0.368667 0.225814 0.047462 0.034720 0.044164 0.023537 0.031410 0.045958 0.037528 0.059077 0.477171 1.615159 0.470267 0.455428 0.426431 0.077297 0.065151 0.053535 0.050300 0.035896 0.028282 0.029915 0.041461 0.045570 0.064796 0.072441 0.113761 0.829077 0.919683 0.936967 1.908562 2.937291 2.953082 1.921554 1.930981 0.678240 1.085997 0.905252 0.843093 0.688444 0.611384 0.482458 0.539879 1.604744 2.680302 1.763135 0.059460 0.068163
1.060448 0.047219 0.021019 0.122654 0.901148 0.102692 0.131930 0.142254 0.131762 0.043876 0.050529 0.039406 0.035896 0.047971 0.034157 0.025550 0.030144 0.024559 0.028709 0.033805 0.043998 0.099161 0.374463 0.056143 0.060840 0.067750 0.070045 0.057839 0.037727 0.063286 0.018577 0.023064 0.028527 0.024696 0.031120 0.056542 0.043708 0.041405 0.050054 0.947200 0.992617 1.890442 2.898154 1.873463 1.884191 0.686548 0.507317 0.317260 0.184217 0.110609 0.067436 0.300827 0.281152 0.506777 2.590884 2.661395 1.690546 0.624737 0.075164
0.048635 0.345323 0.019794 0.169836 0.124733 0.100878 0.133848 0.155819 0.064195 0.070489 0.028449 0.031776 0.024056 0.028939 0.025389 0.030510 0.030999 0.024803 0.028786 0.045891 0.069801 0.193182 0.317416 0.038246 0.042153 0.052970 0.075905 0.054665 0.022483 0.106422 0.040490 0.065987 0.024621 0.027825 0.019417 0.020576 0.030754 0.037880 0.075794 0.962781 2.012708 3.024026 2.015674 0.914235 0.058819 0.045876 0.022471 0.067680 0.027764 0.034264 0.034645 0.157900 0.156680 0.508531 2.607499 2.642024 1.661869 0.627541 0.054037
0.031258 0.362508 0.332341 0.176697 0.128678 0.021203 0.064619 0.023431 0.111180 0.089759 0.028344 0.031456 0.023109 0.023857 0.056481 0.048057 0.043632 0.032128 0.041720 0.060907 0.085244 0.363930 0.042001 0.039925 0.036324 0.054756 0.065926 0.082613 0.029197 0.091743 0.072762 0.037665 0.040367 0.040001 0.029518 0.034935 0.028511 0.049987 2.084780 3.059253 4.055049 5.086192 2.082825 0.068967 0.042111 0.035315 0.024376 0.050187 0.021171 0.034645 0.040550 0.135406 1.532390 2.595027 2.614621 2.637311 1.627303 0.555456 0.473818
0.454927 1.490560 1.487908 0.035274 0.038048 0.020469 0.038720 0.044807 0.095471 0.092996 0.023597 0.081456 0.034066 0.029641 0.037880 0.118553 0.122397 0.132728 0.135552 0.075005 0.057427 0.417946 0.031899 0.028984 0.026787 0.037652 0.044136 0.044730 0.030205 0.057899 0.089248 0.075371 0.057609 0.049476 0.034904 0.042152 0.034389 0.752330 4.079156 5.063178 5.082324 4.073331 3.113737 0.092115 0.037041 0.042840 0.031837 0.023567 0.022941 0.032807 0.036735 0.091808 1.539169 2.582334 2.607895 1.612336 1.622661 1.534416 1.490248
1.504005 2.505065 3.472694 0.053101 0.030007 0.018241 0.031700 0.028954 0.075487 0.528121 0.531703 0.518430 0.476144 0.068966 0.067085 0.107521 0.140234 0.172645 0.023841 0.024360 0.027763 0.140664 0.041451 0.029486 0.026832 0.020562 0.031823 0.037941 0.017372 0.033790 0.108407 0.080589 0.072776 0.079383 0.051019 0.050942 0.109988 3.046966 4.079732 5.039653 4.049155 4.066078 2.054835 0.096931 0.054146 0.027397 0.044273 0.027366 0.023506 0.037315 0.031730 0.043298 0.044181 0.364301 1.571886 0.539323 0.553503 0.539947 2.349512
2.494099 3.489940 3.461203 0.067784 0.042916 0.021737 0.039696 0.031563 0.033578 0.565059 0.552289 0.554721 0.594380 0.079980 0.036949 0.158744 0.066399 0.021508 0.026619 0.014396 0.024619 0.200220 0.039756 0.041649 0.035286 0.037453 0.027732 0.037133 0.017372 0.071953 0.084343 0.120192 0.145472 0.334663 0.224297 0.287940 0.825366 2.955661 5.009923 5.018913 4.029299 2.002017 0.783918 0.067009 0.070717 0.086921 0.041252 0.019309 0.039269 0.024987 0.024650 0.028404 0.042321 0.045280 0.063505 0.383119 1.440963 1.452753 2.453421
2.487571 3.489002 3.495521 0.026496 0.021790 0.022332 0.030295 0.053584 0.037391 0.540332 0.532310 0.521358 0.034020 0.061243 0.052773 0.302086 0.051796 0.035255 0.023017 0.034950 0.161614 1.223838 0.161384 0.054325 0.045494 0.045906 0.038292 0.045890 0.020180 0.020561 0.053780 0.099982 0.166589 0.096612 0.193460 0.307395 0.348642 0.592287 1.655185 2.894443 2.834430 0.610432 0.078294 0.043404 0.041465 0.052940 0.042381 0.041755 0.046715 0.036766 0.060967 0.042854 0.062462 0.035454 0.060643 0.349830 1.465053 2.472814 3.480571
2.484189 3.493881 3.515263 0.025474 0.018105 0.034354 0.035378 0.057572 0.045597 0.528769 0.522260 0.512690 0.029560 0.043190 0.041557 0.241661 0.480564 0.066570 0.136673 0.092370 1.215166 1.217053 1.195414 0.157677 0.080895 0.045884 0.045586 0.027367 0.035958 0.031609 0.044762 0.028237 0.033362 0.070351 0.038246 0.214029 0.228965 0.106011 0.054298 0.153481 0.259119 0.126817 0.105366 0.031213 0.029458 0.043236 0.018212 0.037636 0.049038 0.055663 0.047676 0.064842 0.050056 0.079706 0.066699 0.364363 1.484190 2.490710 3.485959
2.484541 2.493955 2.499859 0.032127 0.020027 0.040779 0.044637 0.377432 1.509866 1.523793 1.525143 0.463060 0.393266 0.403584 0.033319 0.024940 0.397837 1.383584 0.191216 0.338188 0.155007 1.222783 1.206491 0.196083 0.119835 0.162605 0.068505 0.025520 0.174127 0.182212 0.168312 0.090814 0.046837 0.051490 0.768013 0.400796 0.299847 0.031075 0.037193 0.033776 0.264692 0.152792 0.163113 0.032311 0.032570 0.055626 0.021660 0.029625 0.059105 0.062582 0.056283 0.059840 0.119477 0.092718 0.451721 1.457873 2.495776 3.489920 4.501336
3.493402 3.509302 1.490001 0.349617 0.182210 1.528993 1.535476 2.537756 1.534905 0.513595 0.457514 0.427473 0.392054 0.395358 0.025490 0.023598 0.351323 0.363827 0.101144 0.064095 0.153831 0.202082 1.204997 0.142448 0.083381 0.044122 0.085883 0.063668 0.268135 1.282140 0.189643 0.364778 0.263038 0.969918 0.963206 0.059879 0.041587 0.028221 0.026100 0.034248 0.189869 0.268296 0.285608 0.262083 0.056299 0.048424 0.021660 0.035424 0.037620 0.062096 0.070775 0.197771 0.130055 0.077613 0.395111 1.412795 2.455255 3.461698 4.425324
4.492523 2.497164 1.494539 0.021340 0.150667 1.530638 1.553866 1.554072 0.523557 0.021412 0.353070 0.351113 0.322432 0.291474 0.181533 0.092746 0.631402 0.198761 0.164309 0.135040 0.126212 0.185814 1.199392 0.126839 0.064170 0.020088 0.031396 0.065285 0.256249 0.248633 0.174736 0.352425 0.252280 0.897745 0.897025 0.038873 0.030983 0.043221 0.034127 0.049603 0.243813 0.320132 0.328797 0.276657 0.045204 0.041009 0.018212 0.041191 0.039512 0.056267 0.260589 0.283117 0.643564 0.580521 0.463616 1.391622 2.471594 3.459967 3.514464
2.487620 2.492739 0.438958 0.034461 0.026620 0.133579 1.532083 0.532098 0.462573 0.271912 0.276819 0.254024 0.224920 0.195340 0.120078 0.579548 1.446670 1.500854 0.424267 0.110115 0.096199 0.168084 1.198294 0.131753 0.068193 0.078805 0.041756 0.030968 0.135155 0.060098 0.051764 0.086051 0.170678 0.136834 0.115593 0.060021 0.039680 0.044853 0.029885 0.064522 0.036691 1.398662 1.383295 0.291475 0.033455 0.022484 0.032920 0.039283 0.038075 0.180088 2.370384 1.261110 0.777138 0.611630 1.250203 2.382761 2.474122 2.480503 1.478917
0.471925 0.029152 0.041619 0.050148 0.014396 0.246017 0.191112 0.497556 0.392040 0.477998 0.728130 0.783777 0.801008 0.134362 0.125202 0.561746 1.552315 1.543618 0.510568 0.103142 0.198373 0.121740 1.199395 0.140555 0.072747 0.067940 0.035057 0.020378 0.101279 0.117334 0.089806 0.102669 0.056801 0.036736 0.108377 0.038612 0.048790 0.033287 0.100164 0.060769 0.036628 1.366111 2.366432 1.379225 0.286651 0.210139 0.114165 0.077641 0.127454 2.289705 3.359218 1.263030 0.179680 0.099578 0.137654 0.303102 1.448442 0.370801 0.055408
0.447098 0.014396 0.050876 0.035180 0.410381 0.367019 0.331410 0.236920 0.107910 0.337649 0.703556 0.741657 0.722280 0.550288 1.552229 1.586139 1.586657 1.550101 0.442547 0.195472 0.166314 0.240869 0.120628 0.114281 0.061500 0.034797 0.041863 0.023705 0.139831 0.157845 0.109078 0.078179 0.018836 0.026649 0.052850 0.065484 0.049080 0.148300 0.094597 0.312085 0.313396 3.297342 3.337877 2.320348 1.155503 1.002459 0.768549 0.711597 1.959385 2.327169 2.390659 0.277334 0.120414 0.086706 0.120688 0.132239 0.410704 0.366052 0.072502
0.513141 0.030771 0.037981 0.459385 1.476700 2.483366 1.479827 0.350133 0.020164 0.035917 0.034143 0.592774 0.659943 1.557114 2.591303 2.617319 1.578642 1.540842 1.542089 0.131064 0.134530 0.207680 0.090204 0.038520 0.041184 0.035118 0.023506 0.022942 0.057075 0.181068 0.028801 0.034565 0.024405 0.028282 0.069206 0.072502 0.047828 0.025475 0.072942 0.276754 3.351103 5.376756 3.363908 2.359396 0.242474 0.185594 0.106868 0.077163 0.062903 0.043546 0.107289 0.093421 0.148508 0.183281 0.197530 0.158058 0.223928 0.201300 0.091636
1.543425 0.546129 0.036315 1.486241 2.488770 3.473676 2.477612 0.023065 0.014396 0.025267 0.050316 1.489168 2.556746 2.598871 3.582309 2.578317 2.529527 3.482338 2.530559 0.442240 0.163066 0.034554 0.032308 0.022324 0.029839 0.019309 0.027366 0.023566 1.109779 0.066278 0.029595 0.031960 0.067696 0.101140 0.075081 0.050103 0.076529 0.065172 0.080385 1.306612 4.334836 5.338331 2.332130 0.242341 0.116418 0.078315 0.051980 0.055718 0.034508 0.039605 0.051522 0.047310 0.289008 0.322427 0.199837 0.119591 0.116417 0.142982 0.170755
0.376948 0.048070 0.050088 0.474109 2.471468 2.471691 2.459093 1.494146 0.019310 0.026237 0.088561 1.543918 2.593233 2.613812 1.596373 1.584301 2.562347 3.549783 2.570773 0.047294 0.052604 0.049462 0.035499 0.044060 0.031410 0.031914 0.038795 0.033363 0.140617 0.025703 0.017372 0.025704 0.031868 0.074395 0.154227 0.136315 0.331306 0.256718 1.312806 2.294557 4.324820 2.267776 0.053357 0.037850 0.125072 0.136909 0.059760 0.027336 0.024926 0.035378 0.048194 0.043404 1.433142 1.475406 0.284812 0.022042 0.034209 0.095924 0.097756
0.088663 0.084898 0.078597 0.406752 1.403180 1.443537 1.459120 0.343087 0.242856 0.231848 0.171208 0.482453 1.567015 1.609098 0.528540 0.035252 1.472216 2.473662 1.471266 0.049177 0.068062 0.061699 0.079262 0.042016 0.039208 0.033577 0.052375 0.033928 0.135460 0.025703 0.017372 0.025704 0.042763 0.037956 0.126839 0.122216 0.359818 1.284130 3.318764 4.310518 3.320914 0.040104 0.019982 0.069496 0.073479 0.089033 0.094246 0.040490 0.014396 0.054192 0.049979 0.075311 1.346125 1.427140 0.033623 0.028983 0.028511 0.082421 0.064705
0.106759 0.065497 0.063526 0.508621 0.525660 0.477443 0.483384 0.032189 0.046028 0.139088 0.188221 0.165527 0.174089 0.157396 0.090137 0.052624 1.475398 2.469215 1.467542 0.315946 0.053155 0.041420 0.060265 0.069053 0.052040 0.053184 0.035285 0.090064 0.083426 0.069023 0.025597 0.028404 0.043037 0.047095 0.131875 0.127571 0.331559 1.306004 1.308960 2.233010 0.071856 0.040841 0.017967 0.028872 0.083991 0.068538 0.052223 0.053307 0.143776 0.090247 0.099526 0.060185 0.429862 0.594737 0.020561 0.018516 0.023812 0.068947 0.030831
0.079750 0.079904 0.428417 0.565066 0.569136 0.056862 0.034980 0.034203 0.073402 0.056542 0.067099 0.150815 0.174792 0.167000 0.031060 0.041811 1.456320 2.462091 1.460163 0.367365 0.046105 0.083346 0.122445 0.122444 0.069649 0.039802 0.022179 0.058174 0.751085 0.074974 0.145334 0.205729 0.023017 0.057426 0.051033 0.120566 0.087059 0.056816 0.297687 0.126073 0.102253 0.076135 0.021034 0.017967 0.075189 0.054363 0.040581 0.061760 0.116081 0.097862 0.065483 0.068290 0.072267 0.664102 0.075066 0.037331 0.030372 0.054012 0.028955
0.083504 0.088387 0.426033 0.574975 0.552319 0.080395 0.060769 0.028740 0.056023 0.041832 0.057500 0.045601 0.080711 0.072685 0.051964 0.260424 2.366926 3.392960 2.372076 0.355016 0.055566 0.087349 0.120734 0.097833 0.067145 0.050484 0.021827 0.075852 1.668170 0.657571 0.203279 0.218800 0.253801 0.026056 0.084248 0.062646 0.055061 0.055184 0.282830 0.110146 0.107302 0.133309 0.037849 0.063072 0.110008 0.020393 0.031196 0.046836 0.035041 0.035820 0.049478 0.066856 0.084277 1.724465 0.658176 0.096536 0.083504 0.028786 0.044395
0.024161 0.031135 0.399871 0.551629 0.051143 0.082641 0.056815 0.046242 0.045297 0.039390 0.051169 0.047096 0.065895 0.056664 0.040168 0.260547 3.424448 3.438416 3.423261 2.422173 0.328191 0.322115 0.269125 0.064751 0.062563 0.031380 0.033013 2.770811 1.735812 0.635740 0.139779 0.032264 0.043297 0.051689 0.031533 0.039619 0.022758 1.113106 0.117408 0.142554 0.127464 0.165856 0.323432 0.365835 0.115427 0.165643 0.056221 0.019111 0.031106 0.044762 0.036874 0.030738 0.055901 0.565130 0.112988 0.045143 0.032525 0.027366 0.037987
0.044350 0.037514 0.090752 0.096241 0.041969 0.041191 0.032661 0.043663 0.025901 0.053475 0.035316 0.041084 0.036385 0.055489 0.037758 0.281944 2.430911 4.409296 4.428174 3.424980 2.419185 1.412412 0.291255 0.072839 0.085369 0.158578 0.023735 1.841708 0.691417 0.047478 0.045555 0.034447 0.040490 0.027566 0.033013 0.030830 0.082207 0.093376 0.098215 0.043206 0.033484 0.025948 0.061831 0.063911 0.045296 0.066047 0.094355 0.025460 0.046044 0.050360 0.063225 0.118064 0.091194 0.091804 0.072748 0.085411 0.031319 0.050941 0.065320
0.044577 0.069572 0.061242 0.056980 0.032082 0.027565 0.028924 0.017372 0.034782 0.026558 0.029335 0.024193 0.031197 0.022774 0.030220 0.280890 3.431883 5.435383 5.437771 4.432849 3.431344 1.434452 0.332866 0.165044 0.200127 0.283476 0.515989 0.635700 0.069282 0.044411 0.043938 0.025536 0.023705 0.027886 0.046759 0.068715 0.664629 0.553390 0.035698 0.042045 0.037712 0.032784 0.038749 0.029289 0.056222 0.045845 0.049554 0.017372 0.025704 0.040275 0.042102 0.147637 0.014396 0.027551 0.076485 0.089288 0.083916 0.063205 0.065331
0.049751 0.097995 0.037926 0.025398 0.037348 0.027322 0.028923 0.017372 0.027489 0.066002 0.023949 0.023155 0.029274 0.033561 0.042896 2.397098 4.425962 5.447472 6.445914 5.439047 4.448520 2.443366 1.433480 0.314176 0.183893 0.142526 0.059371 0.117653 0.094352 0.031304 0.025536 0.035713 0.025536 0.039344 0.051399 0.691060 0.699611 0.557118 0.039146 0.032386 0.024681 0.030617 0.029198 0.019814 0.020989 0.045205 0.062737 0.017372 0.025704 0.030906 0.057949 0.106742 0.076394 0.040718 0.075539 0.062538 0.048806 0.062371 0.201649
0.050407 0.132133 0.038033 0.022605 0.095259 0.040124 0.029565 0.025810 0.056450 0.062386 0.044442 0.038047 0.032188 0.033424 0.274012 2.414290 4.455296 4.454820 5.453546 6.412899 4.441272 3.450254 3.377671 1.101912 0.100979 0.080497 0.056695 0.086177 0.031883 0.039391 0.023705 0.025536 0.053047 0.042167 0.712972 0.730985 0.633428 0.044808 0.034141 0.042611 0.024498 0.030006 0.025277 0.040779 0.034782 0.106422 0.033744 0.027397 0.038796 0.045552 0.052520 0.062248 0.137791 0.133752 0.032875 0.065084 0.190240 1.278833 1.280246
