use_cases/Flooding_chicago/flooding_data/output/h_1680.asc
ncols 337
nrows 393
xllcorner 428428.000000
yllcorner 4602440.000000
cellsize 26.757400
NODATA_value -9999.000000
[rows 216 to 242 of 393, columns 59 to 117 of 337]
2.375307 2.375098 1.384843 1.375537 1.380142 0.325604 0.026096 0.018926 0.652652 0.087903 0.027579 0.018272 0.022652 0.044406 0.515875 0.521967 0.045311 0.082132 0.033104 0.036277 0.027245 0.063106 0.275843 1.413259 0.410665 0.393236 0.368112 0.341721 0.266168 0.854010 0.868519 0.127220 0.114937 0.038948 0.054313 0.066094 0.020607 0.038244 0.304586 0.341902 0.348285 2.385613 3.340004 2.288954 2.342245 2.387424 2.372461 1.536891 1.335039 0.618211 0.594176 0.663006 0.083977 0.036315 0.059713 0.035301 0.063596 0.095706 0.100229
2.378936 2.378229 2.379652 0.364176 0.349138 0.344779 0.036266 0.870215 0.715035 0.176727 0.025822 0.033312 0.029953 0.502360 1.527493 1.498678 0.389733 0.055261 0.020760 0.083848 0.085552 0.065211 0.349057 1.408577 0.025077 0.025901 0.351483 0.344811 0.292503 0.038231 0.075050 0.194313 0.052380 0.048576 0.035621 0.048363 0.019859 0.033887 0.076032 0.070393 0.266854 1.243088 1.227963 0.477914 0.500192 1.348025 1.344376 1.442069 1.265161 0.522917 0.083649 0.025553 0.033588 0.043247 0.051526 0.064206 0.090360 0.118655 0.077867
3.384694 3.382645 3.379848 1.379767 0.335497 0.052773 0.065467 0.882859 0.173702 0.269847 0.340481 0.381999 0.418875 0.470466 1.513474 1.505831 0.449042 0.033019 0.677864 0.621406 0.105285 0.024896 0.023461 0.380109 0.031471 0.034218 0.365007 0.305410 0.033119 0.018745 0.120140 0.073081 0.074150 0.025124 0.031838 0.032524 0.029961 0.053795 0.100184 0.090900 0.049358 0.505904 0.573904 0.611622 0.630085 0.617870 0.564001 0.603194 0.598730 0.218075 0.162478 0.023614 0.024990 0.511095 0.503850 0.504617 0.488958 0.507022 0.098287
3.375387 4.382957 4.383381 3.382108 1.339241 0.100581 0.128696 0.164483 0.260710 0.321589 1.381956 0.415319 0.445312 0.472812 1.520658 1.506361 0.027898 0.034878 0.674041 0.669071 0.020637 0.033470 0.024896 0.032661 0.927068 0.041831 0.051262 0.052849 0.038078 0.023704 0.201363 0.022071 0.037453 0.025078 0.031669 0.031914 0.025994 0.079629 0.053369 0.040675 0.029652 0.223003 0.605853 0.692694 0.707175 0.628688 0.234541 0.341149 0.444798 0.430296 0.294467 0.426120 0.470328 1.536356 1.497051 0.544060 1.663954 0.499694 0.111569
3.375249 3.370828 4.356981 3.365381 1.336049 0.084625 0.113744 0.176702 0.252114 0.330898 1.385424 0.413371 0.447636 0.472810 1.516918 1.502263 0.035768 0.037777 0.677652 0.657153 0.045847 0.020637 0.061834 0.034987 1.940984 0.044900 0.066719 0.037054 0.026939 0.030647 0.236977 0.237329 0.034447 0.038887 0.036293 0.056359 0.042991 0.027275 0.023200 0.018622 0.037334 0.380834 0.339495 0.735773 0.713894 0.167240 0.283772 0.401058 0.575160 0.241347 0.377847 0.439899 0.475666 1.524475 0.512825 0.478817 0.063208 0.097133 0.114775
2.376641 2.368874 2.350416 2.344694 1.340097 0.360707 0.341116 0.100198 0.025489 0.025262 0.403493 0.402817 0.021553 0.021095 0.556759 0.539627 0.043043 0.014396 0.029745 0.590601 0.528889 0.521393 0.035910 0.905751 1.935652 0.857694 0.021569 0.021508 0.036659 0.032432 1.263220 0.221337 0.024681 0.068107 0.039329 0.112554 0.075495 0.706571 0.716773 0.709182 0.683852 0.594859 1.640368 0.457380 0.356806 0.059921 0.078041 0.145019 0.792773 0.336169 1.467512 0.468560 0.493597 0.534060 1.535609 0.400651 0.062785 0.033058 0.039955
1.374745 1.357122 1.392334 1.382002 1.358394 0.298648 0.027414 0.028923 0.017372 0.032448 0.383809 0.421074 0.018059 0.548627 0.548002 0.551195 0.537828 0.034661 0.035110 0.665591 2.667841 2.618586 1.519130 0.832031 0.842480 0.754398 0.154906 0.091652 0.026070 0.025353 0.236810 0.235816 0.018989 0.046898 0.111905 0.127375 0.087043 1.711800 1.722292 1.720473 1.712689 1.697723 1.674524 0.612475 0.079647 0.102692 0.014396 0.329401 0.320966 1.492609 1.469044 1.457368 0.494526 0.535299 1.525072 0.388388 0.088578 0.037514 0.053872
1.375426 0.394475 1.402727 1.382641 1.336096 0.318061 0.027413 0.028923 0.017372 0.027092 1.455391 1.415892 1.397019 1.489240 1.511354 1.569380 1.560399 1.582728 1.577594 1.615901 2.657487 2.618371 0.541135 0.120266 0.193835 0.191609 0.231441 0.121512 0.171653 0.189338 0.203834 0.014396 0.063790 0.131095 0.115342 0.095236 0.073092 2.720944 1.720600 1.718986 2.718034 2.713588 2.710693 0.643139 0.101124 0.152768 0.292778 0.345919 0.385332 1.478416 1.464417 1.450753 0.444153 0.027720 0.032357 0.462402 0.147143 0.169766 0.050347
0.014396 0.420200 1.431334 1.383953 0.449816 0.466804 0.497322 0.100696 0.169828 0.259221 1.427783 1.407105 1.358460 0.506635 0.522332 1.614532 1.580641 2.608255 1.587885 1.617239 1.650541 1.582310 0.092616 0.017372 0.245136 0.061090 0.104362 1.165961 0.173318 0.187600 0.186623 0.155053 0.094734 0.123167 0.521076 1.687941 1.701872 2.710570 1.718253 1.717376 2.706478 2.695062 2.678374 0.732657 0.814697 0.821486 0.269466 0.365814 0.412944 1.471889 1.452701 1.431342 0.399386 0.037851 0.023919 0.025656 0.193721 0.158535 0.047432
0.440077 0.430448 1.416262 1.341264 0.519746 0.580636 0.654176 1.733443 0.831936 1.137319 1.354199 1.363000 1.331244 0.409919 0.493849 1.576325 1.562257 2.583278 1.528357 0.580044 1.651697 0.562823 0.144536 0.017372 0.260653 0.078192 0.130318 1.161125 0.157587 0.018455 0.186713 0.161308 0.099799 0.119663 0.520865 1.694101 2.726668 1.722396 1.720464 1.718518 1.715698 1.686256 1.667939 0.731299 0.780894 0.734738 0.282753 0.392910 0.441531 0.485833 0.503101 0.509428 0.481315 0.031269 0.026382 0.036039 0.049449 0.052975 0.042593
0.437688 0.460754 0.488679 0.512746 0.570580 0.616237 0.695128 1.825734 0.767977 0.278384 0.356789 1.396323 0.040291 0.025597 0.028404 0.055220 0.521474 0.491167 0.038670 0.040626 0.038375 0.693575 0.227296 0.260276 0.227425 0.055916 0.017967 0.194466 0.195517 0.023567 0.030128 0.028633 0.081973 0.088540 0.528648 1.699517 2.728548 1.724564 1.722934 1.722305 1.722155 0.709284 0.710064 0.710705 0.120387 0.222004 0.317618 0.424485 1.464692 0.509274 0.536853 0.554750 0.561034 0.590055 0.155902 0.218051 0.054818 0.022476 0.038921
0.444684 0.474723 0.509023 0.540004 0.570629 0.582673 0.626462 0.644515 0.170799 0.295975 0.289259 0.031929 0.036279 0.017372 0.025704 0.038337 0.033714 0.092930 0.030693 0.035835 0.026105 0.258233 1.392306 0.254996 0.031212 0.017967 0.021034 0.203744 0.210762 0.225699 0.028145 0.042045 0.031089 0.039968 0.043412 1.703201 2.731356 2.738670 1.724546 1.724245 1.726936 0.709343 0.709832 0.654841 0.116491 0.034447 0.037346 0.468184 0.468692 0.532704 0.567739 0.591367 0.606338 0.629805 0.614677 0.247613 0.089513 0.184446 0.254016
0.458325 0.486791 0.523782 0.552745 1.569003 0.549099 0.574948 0.090438 0.180491 0.264012 0.256459 0.036614 0.035836 0.017372 0.025704 0.039925 0.041696 0.040306 0.047767 0.014396 0.025918 0.287977 1.398671 0.028678 0.045724 0.077462 0.107246 0.167532 0.208350 0.230980 0.244210 0.041191 0.043021 0.023203 0.022515 0.587930 3.724611 3.752415 3.762218 2.755049 1.729567 1.726619 0.675467 0.120610 0.151155 0.055352 0.068504 0.018165 0.071428 0.554018 0.594371 0.612891 0.620506 0.597838 0.239318 0.391255 0.629179 0.147024 0.258202
0.479849 0.510575 1.589739 1.597358 1.557021 0.448303 0.077345 0.040352 0.061942 0.083015 0.105985 0.019310 0.014396 0.047433 0.066358 0.303535 1.442345 0.033164 0.030053 0.340369 1.383259 1.397697 1.387288 0.019537 0.348375 1.355176 0.249330 0.099449 0.026024 0.034309 0.038659 0.049598 0.040658 0.044113 0.055037 0.634394 2.728297 3.737139 3.743514 2.744189 1.737557 1.713498 0.074407 0.043679 0.061866 0.079460 0.023750 0.022072 0.119983 0.079262 0.615554 0.624322 0.615363 0.024491 0.018870 0.025689 0.754923 0.772717 0.212436
0.502091 0.521106 0.538582 1.578312 1.542686 0.427792 0.134427 0.025550 0.048216 0.077690 0.129005 0.159293 0.028679 0.042901 0.028359 0.347175 0.382530 0.025185 0.349990 1.387194 1.387565 2.389223 1.379371 1.400208 2.391505 2.389133 1.359763 0.062066 0.025978 0.034158 0.038216 0.047401 0.038749 0.071849 0.606239 1.724705 1.732229 2.721854 2.731582 2.736391 1.735586 0.717124 0.031320 0.068072 0.085151 0.024651 0.028633 0.197454 0.168896 0.135738 0.617727 1.667710 1.649838 0.483414 0.074913 0.037009 0.034482 0.809290 0.129933
1.540023 1.544397 0.513616 0.445722 0.433839 0.131073 0.228986 0.116004 0.044747 0.019141 1.223898 1.220669 0.178261 0.028801 0.029518 0.019844 0.368097 0.023858 0.024833 0.334310 1.378201 1.372227 0.366228 1.400906 1.399694 2.402793 1.386366 0.373318 0.065346 0.092155 0.101376 0.030434 0.032463 0.070933 0.619659 1.701299 0.741384 1.748689 1.750352 1.743568 1.734811 1.666809 0.145345 0.071068 0.093785 0.027840 0.024726 0.202303 0.188661 0.149120 0.584219 1.635087 1.612983 0.459779 0.083995 0.048598 0.060188 0.062763 0.101185
1.525270 1.536914 0.533082 0.053978 0.089313 0.092599 0.184717 0.180260 0.044867 0.025215 1.217561 1.220413 0.219929 0.180534 0.148018 0.097497 0.313916 0.270892 0.032082 0.035683 0.039280 0.046577 0.040214 0.029655 0.361808 0.359057 0.357150 0.372676 0.054482 0.072412 0.067635 0.058129 0.020699 0.060639 0.707497 0.731743 0.739345 1.756938 1.754711 1.749075 1.740838 1.681090 0.136020 0.064428 0.097435 0.019416 0.216039 0.218963 0.208487 0.154680 0.085629 0.478991 0.048074 0.063107 0.039042 0.059922 0.058456 0.051113 0.052317
0.524147 0.529655 0.524405 0.038196 0.027855 0.028908 0.288734 0.248819 0.049904 0.036094 0.036324 0.034904 0.027152 0.167305 0.132302 0.085655 0.251420 0.214424 0.027716 0.036507 0.017372 0.017372 0.051293 0.037468 0.333822 0.329947 0.325951 0.029198 0.048287 0.041511 0.789157 0.769591 0.035072 0.034444 0.735907 0.743237 1.760503 1.757607 2.758865 2.750193 1.737740 0.629683 0.033110 0.026722 0.028876 0.192512 1.266560 0.251554 0.256409 0.021034 0.017967 0.072023 0.031379 0.041039 0.056001 0.014396 0.034118 0.277060 0.319169
0.106757 0.086464 0.066308 0.023796 0.023018 0.044651 0.315818 0.290764 0.054405 0.045616 0.017372 0.017372 0.032937 0.020821 0.093088 0.057029 0.130869 0.277024 0.273988 0.039391 0.047515 0.030380 0.037025 0.028670 0.294522 0.292370 0.289370 0.025306 0.029731 0.798551 1.815266 1.812918 0.810882 0.828496 1.761054 1.764755 1.760019 1.770643 1.773647 1.769021 1.735967 0.575797 0.045554 0.019309 0.045818 0.173178 1.270911 0.266511 0.277602 0.017967 0.247395 0.023218 0.042619 0.041268 0.052906 0.033352 0.257334 1.305420 1.300848
0.168922 0.132119 0.034249 0.028144 0.023674 0.061607 0.346534 0.044930 0.026558 0.014396 0.045234 0.033196 0.056435 0.045920 0.049263 0.068295 0.234099 1.268482 1.304027 0.238327 0.245528 0.050335 0.096599 0.150347 0.221990 1.231483 0.211350 0.117563 0.066389 1.807284 1.807426 1.816392 0.812640 0.809957 0.771090 0.713250 0.740316 1.749460 1.753087 1.747257 0.698407 0.676246 0.029518 0.027366 0.023506 0.041802 0.032417 0.246018 1.287282 2.291883 2.295669 2.298714 1.285350 0.254677 1.258986 0.236638 1.317969 1.311994 2.316625
0.199134 0.160778 0.047005 0.022972 0.095223 1.101752 0.082297 0.089043 0.024238 0.026616 0.049813 0.033362 0.187430 0.186641 0.205191 0.224722 0.279778 0.325842 1.324764 1.335821 0.302474 0.263483 0.267177 0.115613 0.172367 0.181872 0.144708 0.894052 0.892074 1.826486 1.830976 1.842232 1.849959 1.854970 0.793995 0.072778 0.739094 1.771258 2.770790 0.754653 0.061553 0.046821 0.028434 0.023567 0.022941 0.044487 0.046501 0.031411 1.284562 2.288564 3.293684 3.294256 3.292794 3.277382 3.284828 1.284810 0.313135 1.317607 1.317415
0.190285 0.043877 0.065802 0.018548 0.105002 0.102791 1.095710 0.090036 0.076546 0.041328 0.085826 0.213759 1.306793 2.317611 2.313301 2.313627 1.351884 2.369972 3.346393 3.352909 2.356565 3.364074 2.363250 0.089211 0.113780 0.121063 0.115407 0.063431 0.048212 1.836049 2.847838 2.842316 2.851268 2.844349 1.860480 0.855011 0.026043 1.770517 1.780242 1.792896 0.041192 0.045041 0.036065 0.028191 0.027993 0.198730 0.039604 0.036857 0.238226 1.292708 1.288342 1.293363 1.302131 2.293457 3.287586 1.307135 1.302964 1.309011 1.322236
0.049203 0.065987 0.014396 0.097530 0.099891 0.098641 0.092658 0.080865 0.051215 0.130628 0.095508 0.264756 2.318448 3.314182 2.312855 2.311052 2.352170 4.369886 5.349825 5.352011 5.356668 5.360032 5.360521 1.335153 0.330774 0.336530 0.070649 0.050383 0.034988 1.842820 1.831136 2.854259 2.842768 2.846840 2.852278 1.799241 0.908540 1.740342 2.810921 1.813051 0.798912 0.803825 0.171072 0.280427 0.263961 0.120048 0.042367 0.043418 0.027977 0.025321 0.029458 0.024144 0.265365 1.286627 1.289696 1.306076 1.303786 1.294633 0.266079
0.083137 0.073461 0.062064 0.070428 0.083442 0.086008 0.081489 0.060402 0.173125 0.158546 0.104052 0.256465 2.320050 2.313782 2.309986 1.309370 3.369843 4.357255 5.352196 4.355579 5.358583 5.364699 5.368045 5.371059 4.370722 3.368650 1.277648 0.451371 0.507324 1.786792 2.825004 2.816190 2.819160 2.823114 2.777987 0.864843 1.908382 2.792232 2.810326 2.824886 0.820585 0.780419 0.161511 0.035973 0.044533 0.030449 0.018136 0.030128 0.178378 0.211269 1.229771 1.214169 2.175107 1.218358 0.208199 0.017998 1.315573 1.308661 0.264121
0.026710 0.050377 0.095782 0.129967 0.047462 0.058450 0.063130 0.041633 0.146264 1.147759 0.103386 0.243055 1.294538 2.302949 2.304765 0.290122 3.388759 5.388999 5.362129 4.368676 4.368240 5.383261 6.386428 7.378905 7.342888 5.363413 4.331822 3.229850 1.963179 1.655426 2.824027 2.795924 2.799851 2.809984 2.828812 2.969438 1.867546 2.779303 2.773005 1.790394 0.729494 0.046595 0.029518 0.021965 0.022453 0.022453 0.021965 0.161534 2.225309 2.233346 2.226030 2.217083 3.221474 3.219556 1.215743 0.021186 0.259648 2.292401 1.269852
0.033623 0.037361 0.568363 1.641624 0.532212 0.064187 0.033774 0.176000 0.162498 1.150736 0.096229 0.243360 1.297024 2.305462 0.253223 0.024794 3.400908 6.408480 7.376190 6.355568 4.387970 5.406846 6.409954 6.390401 7.383051 6.390647 6.324874 4.304265 2.111514 1.660314 2.810436 3.803034 3.783375 3.786280 3.809347 3.905046 2.897532 1.811347 1.794162 0.708838 0.068610 0.039640 0.036934 0.018135 0.030449 0.143710 0.168284 1.218229 2.226105 2.229801 2.225956 3.210614 4.222049 5.219894 3.206566 0.235016 1.280715 2.316752 2.265754
0.056108 0.050145 0.588051 2.676161 2.691653 0.539188 0.021584 0.173412 0.160851 0.121438 0.070196 0.246690 1.303252 1.310419 0.260967 0.023626 2.366386 5.381044 7.368983 6.365441 5.365194 5.375175 5.375930 5.364740 4.369256 5.390303 6.341496 4.349855 2.104720 0.653092 1.772973 3.768089 3.749967 2.671690 2.612262 3.800948 2.852276 2.825002 0.793123 0.772719 0.030190 0.023414 0.025748 0.157017 2.210133 2.206487 2.206964 2.205383 1.221616 2.232508 3.230317 4.217825 6.228854 7.215023 3.184223 1.254611 1.269346 2.327564 2.277117
