use_cases/Flooding_chicago/flooding_data/output/h_1740.asc
ncols 337
nrows 393
xllcorner 428428.000000
yllcorner 4602440.000000
cellsize 26.757400
NODATA_value -9999.000000
[rows 135 to 161 of 393, columns 59 to 117 of 337]
-9999.000000 -9999.000000 -9999.000000 -9999.000000 -9999.000000 -9999.000000 -9999.000000 -9999.000000 -9999.000000 -9999.000000 -9999.000000 -9999.000000 -9999.000000 -9999.000000 -9999.000000 0.054519 0.069145 0.053308 0.082482 1.764706 1.808197 1.812838 0.884190 2.889575 1.865386 1.877021 1.864188 1.925162 1.947536 0.911393 0.059040 0.090931 0.071401 0.661583 0.686370 0.639667 0.027794 0.022591 0.022591 0.113075 0.029426 0.040596 0.033455 0.175621 0.178016 0.184976 1.191046 1.871970 1.190253 0.147101 0.097269 0.157570 0.091681 0.054479 0.062950 0.632407 0.606404 0.644575 0.489077
-9999.000000 -9999.000000 -9999.000000 -9999.000000 -9999.000000 -9999.000000 -9999.000000 -9999.000000 -9999.000000 -9999.000000 -9999.000000 -9999.000000 -9999.000000 -9999.000000 0.025703 0.100075 0.095238 0.073357 0.040687 0.077566 1.794132 0.887254 0.899253 1.877416 0.882299 0.891977 0.904998 1.947531 2.972861 1.951537 0.855880 0.086106 0.073343 0.042405 0.721141 0.183698 0.272551 0.035730 0.058701 0.068503 0.058432 0.058251 0.079382 0.139777 0.162346 0.181130 0.175483 1.175194 1.178156 0.146828 0.102384 0.052407 0.032798 0.028116 0.039024 0.032830 0.499456 0.022119 0.287715
-9999.000000 -9999.000000 -9999.000000 -9999.000000 -9999.000000 -9999.000000 -9999.000000 -9999.000000 -9999.000000 -9999.000000 -9999.000000 -9999.000000 -9999.000000 0.034981 0.050438 0.043906 0.040490 0.037635 0.032112 0.037041 0.721090 1.896597 1.892998 1.866407 0.882817 0.887937 0.909950 2.955597 2.949915 2.940655 0.847111 0.031106 0.035599 0.034355 0.191935 1.328232 0.308054 0.304758 1.327394 1.335479 0.251289 0.234269 0.230118 0.085487 0.128883 0.025840 0.025461 0.172174 0.171943 0.018028 0.064400 0.505236 0.492393 0.033911 0.029931 0.314666 0.310299 0.161153 0.174051
-9999.000000 -9999.000000 -9999.000000 -9999.000000 -9999.000000 -9999.000000 -9999.000000 -9999.000000 -9999.000000 -9999.000000 -9999.000000 0.044960 0.068916 0.048044 0.060157 0.054834 0.046883 0.017967 0.021034 0.053410 0.053007 0.798342 0.810603 0.859926 0.864889 0.858578 0.915006 1.967360 2.937398 2.928657 0.794565 0.027733 0.018028 0.028848 0.208942 1.323391 0.329140 0.350844 2.351375 2.347759 2.339609 2.331915 1.338148 0.250863 0.103355 0.033943 0.032677 0.157004 0.155816 0.021004 0.060067 1.547142 0.442093 0.039665 0.018028 0.031000 0.448166 0.416500 0.305039
-9999.000000 -9999.000000 -9999.000000 -9999.000000 -9999.000000 -9999.000000 -9999.000000 -9999.000000 -9999.000000 -9999.000000 -9999.000000 0.064460 0.040938 0.061653 0.061226 0.038934 0.120994 0.031807 0.017967 0.027854 0.021676 0.217921 0.265760 0.014397 0.088943 0.079984 0.944522 1.982353 1.985712 1.964654 0.037926 0.034462 0.021004 0.039116 0.033333 1.345561 1.343703 2.353757 2.354238 3.353283 3.347945 2.341627 0.280259 0.033131 0.027352 0.041115 0.034218 0.109582 0.107445 0.018028 0.048210 0.509594 0.470999 0.037239 0.021004 0.036689 0.040261 0.363079 0.259194
0.014397 -9999.000000 -9999.000000 -9999.000000 -9999.000000 -9999.000000 -9999.000000 -9999.000000 -9999.000000 -9999.000000 0.042413 0.037667 0.060661 0.067893 0.056206 0.124548 0.587700 0.061384 0.028175 0.024774 0.286771 0.270839 0.262823 0.232349 0.154420 0.123864 0.957810 1.998723 1.995722 1.963230 0.035148 0.027733 0.018028 0.031396 0.041108 1.332184 2.346701 2.352635 2.353448 3.347892 2.349820 1.346934 0.027336 0.038898 0.025672 0.033134 0.027153 0.798145 0.798412 0.035027 0.047737 0.033913 0.402122 0.028451 0.018028 0.028069 0.027168 0.026176 0.119451
0.028679 -9999.000000 -9999.000000 -9999.000000 -9999.000000 -9999.000000 -9999.000000 -9999.000000 0.014397 0.228598 0.057869 0.047952 0.067054 0.071877 0.066643 0.037635 0.619593 0.601321 0.027656 0.028580 1.348416 0.311895 0.285131 0.228261 1.086408 1.079849 0.977039 1.990866 2.013109 1.959594 0.996078 0.033607 0.046333 0.042387 0.030812 1.344671 2.348331 2.350904 2.351981 3.347668 2.348150 1.345552 0.024696 0.818764 0.815721 0.042320 0.039254 0.785995 0.792643 0.768605 0.037910 0.034934 0.313044 0.247520 0.027168 0.024635 0.028434 0.037834 0.118116
0.035621 0.022591 0.022591 0.050255 0.037010 0.067115 0.063660 0.050743 0.293062 0.198163 0.069771 0.050270 0.066368 0.071571 0.014397 0.039482 0.035911 0.571356 0.589473 0.488610 1.362190 0.328541 0.305659 0.232191 1.031923 0.066977 0.079328 0.961958 2.018167 1.924250 1.057738 1.142560 1.205750 1.261329 1.287470 1.309205 2.348593 2.342000 2.341950 2.340350 2.336306 1.332123 0.027123 0.801474 0.808764 0.815065 0.801357 0.803199 0.801473 0.794045 0.033883 0.032967 0.243494 0.192877 0.099836 0.052590 0.071000 0.225279 0.745047
0.029427 0.022591 0.022591 0.067680 0.056900 0.033791 0.096440 0.088114 0.048224 0.172874 0.036828 0.053902 0.049996 0.049538 0.039039 0.034508 0.050362 0.588661 1.759658 0.020377 0.251411 0.278506 1.313751 0.247856 0.170781 0.017372 0.032513 0.062898 1.006291 0.989481 1.037431 1.110522 1.171468 1.198028 1.239081 2.340622 2.310743 1.334431 1.335796 1.339282 1.286776 0.347862 0.039360 0.034141 0.809431 0.803024 0.814893 0.804099 0.800259 0.767355 0.025841 0.025567 0.157448 0.112862 0.529206 0.432688 0.633007 0.407137 0.774189
0.035393 0.050650 0.021781 0.064858 0.055443 0.033333 0.108276 0.113844 0.030251 0.038841 0.052101 0.045082 0.189888 0.170356 0.141823 0.021172 0.049965 0.615719 0.026115 0.017967 0.028871 0.244150 1.320161 0.027200 0.040688 0.017372 0.044897 0.023992 0.137073 0.090774 0.107975 0.138859 0.188379 0.299004 0.317496 1.260388 0.264199 0.331447 0.286816 1.341013 0.395762 0.384547 0.026176 0.036368 0.027977 0.073810 0.066276 0.048073 0.025303 0.550794 0.334275 0.818596 0.864743 0.798871 0.650526 0.498148 0.268489 0.185079 0.106594
0.074526 0.057182 0.055659 0.035759 0.033286 0.073333 0.075328 0.023308 0.042550 0.014397 0.056587 0.043816 0.183704 0.148491 0.119544 0.070702 0.051999 0.035988 0.026954 0.021034 0.017967 0.288902 0.241079 0.024895 0.014397 0.042853 0.031693 0.211331 0.181505 0.040779 0.036797 0.041481 0.165006 0.236138 0.235561 0.149861 0.126256 0.200433 0.108375 0.059030 0.401748 0.405240 0.025627 0.017372 0.017372 0.025504 0.099666 0.059563 0.645732 0.592476 0.357092 0.827290 0.868655 0.822476 0.783568 0.025993 0.027230 0.039436 0.031989
0.069939 0.270338 0.278223 0.042366 0.034706 0.220164 0.227916 0.035311 0.030353 0.039723 0.041862 0.036446 0.021630 0.070666 0.311386 0.347928 0.326573 0.285253 0.040640 0.034255 0.046043 0.028404 0.031776 0.303808 0.022823 0.216783 1.285647 1.259585 0.195831 0.041146 0.062904 0.075843 0.050408 0.383021 0.376537 0.027458 0.019172 0.362970 0.035820 0.036445 0.042778 0.474347 0.161586 0.028511 0.032768 0.025337 0.147728 0.679694 0.711341 0.020911 0.191501 0.895227 0.034778 0.028194 0.587581 0.017372 0.017372 0.020180 0.035591
0.040755 0.305728 0.351801 0.023612 1.309312 1.310756 0.265238 0.250490 0.266616 0.036210 0.053030 0.050595 0.034705 0.289055 0.306754 0.332626 0.306175 0.291792 0.234461 0.035707 0.028969 0.024971 0.036779 1.353782 1.346373 2.345968 2.329093 1.234730 0.036376 0.022636 0.018272 0.105742 0.078453 0.434710 0.472404 0.564268 0.533591 0.453730 0.058784 0.063986 0.046777 0.146506 0.237311 0.258689 0.294783 0.312066 0.219456 0.706771 0.032967 0.033333 0.151292 0.090159 0.067560 0.037332 0.473522 0.025703 0.025703 0.035942 0.030693
0.214569 1.306981 0.330029 0.316442 1.310595 0.307668 0.280198 0.291018 0.276986 1.299390 0.242728 0.223833 0.229943 0.275052 0.296538 0.021294 0.275350 1.303364 1.315122 0.241673 0.035446 0.039841 0.029148 2.330703 2.339362 2.345140 2.316947 0.217295 0.037950 0.024850 0.158070 0.137030 0.113564 0.075463 0.545053 1.620079 0.543049 0.066307 0.093803 0.032602 0.040856 0.031228 0.305400 1.373841 0.362022 0.344992 0.325678 0.018715 0.056373 0.040764 0.132550 0.095427 0.053845 0.186600 0.241095 0.152473 0.286544 1.449662 1.478813
1.299637 1.296537 0.322911 0.318711 1.316269 0.286530 0.018105 0.296554 0.281688 1.299352 1.323418 1.309629 1.304907 1.284505 0.040503 0.020714 0.261862 1.295768 2.313445 2.332332 1.253536 0.255795 0.301262 2.348719 2.343404 0.348323 0.264994 0.035551 0.025047 0.032616 0.161873 0.147576 0.126121 0.090843 0.530080 1.561121 0.045875 0.085718 0.113594 0.047370 0.058311 0.043358 0.335795 1.381081 0.367074 0.316934 0.323020 0.023614 0.057487 0.035164 0.107317 0.063637 0.154501 0.124293 0.300251 0.366135 1.380888 1.439339 1.455852
2.300465 1.291343 0.321740 0.314721 1.315505 1.316928 0.021798 0.022408 0.266824 1.305134 2.335297 1.319614 2.319724 1.286312 0.075138 0.032493 0.025078 1.322775 2.330694 3.341146 3.321723 2.328360 2.348439 2.344421 2.322724 0.340561 0.031985 0.055332 0.024619 0.014397 0.034828 0.032433 0.025306 0.080833 0.042916 0.695948 0.044198 0.082192 0.038093 0.064079 0.068809 0.049295 0.379386 0.392174 0.379189 0.027290 0.032845 0.030921 0.037986 0.099939 0.076078 0.162154 0.134026 0.088988 0.299394 0.162476 0.418196 0.344848 0.366561
3.308892 2.325411 2.334183 1.321882 2.318362 1.314768 0.278731 0.022408 0.021798 0.294287 2.340752 3.339426 2.328371 1.242617 0.024986 0.017372 0.024879 1.250598 2.330241 3.341136 3.346598 3.346558 1.354436 1.352851 1.326211 0.409030 0.463095 0.064897 0.058918 0.034751 0.026573 0.030724 0.024788 0.078439 0.042265 0.755599 0.724671 0.071022 0.046730 0.023827 0.025842 0.052269 0.338250 0.345284 0.043176 0.017372 0.035729 0.027291 0.158654 0.104745 0.183539 0.125349 0.084774 0.511343 0.014397 0.195353 0.167154 0.119716 0.014397
3.310764 4.329501 4.333246 2.317012 2.312535 1.311525 0.291127 0.281040 0.018105 0.310297 2.353175 3.338969 2.328513 1.251017 0.024986 0.017372 0.032905 1.263497 2.332619 3.344424 3.348130 3.352561 1.355942 1.346493 0.392100 0.429993 0.488351 0.572147 0.487414 0.041741 0.043964 0.077156 0.098641 0.074486 0.755551 0.709500 0.713205 0.087975 0.050377 0.025856 0.036735 0.027823 0.064461 0.061242 0.080665 0.017372 0.127663 0.097739 0.176843 0.109153 0.137373 0.513987 0.523934 1.473478 0.374277 0.288253 0.282208 0.014397 0.026619
3.310398 4.322371 4.331780 2.320228 1.320052 0.285839 0.305414 1.330256 1.327714 1.328568 1.328074 2.335673 2.322260 0.258839 0.037640 0.021919 0.274750 1.330913 1.331010 2.350941 3.351531 2.328480 0.360571 0.364963 0.382736 0.426632 0.520767 1.640172 1.611379 0.617094 0.621082 0.043266 0.024895 0.031044 0.027595 0.110522 0.142051 0.138465 0.053748 0.080498 0.027397 0.032952 0.065086 0.050027 0.036339 0.068809 0.130759 0.116432 0.060874 0.085731 0.100625 0.514291 0.525112 0.489795 0.357187 0.244286 0.239123 0.150644 0.287381
3.320574 4.333223 4.351171 1.340160 0.306521 0.014397 1.332511 1.330846 2.327692 1.325919 1.326384 1.326770 2.325305 1.326070 0.237379 0.019981 0.309555 1.330511 2.340140 2.341904 2.332361 1.326463 0.342145 0.337004 0.328005 0.019035 0.528018 0.506606 0.572135 1.704554 0.576554 0.058685 0.025444 0.032892 0.038719 0.028236 0.227302 0.024544 0.045616 0.062887 0.086907 0.037224 0.032646 0.020683 0.055275 0.033302 0.033485 0.083854 0.055611 0.066139 0.031441 0.124946 0.112039 0.072656 0.227057 0.700411 0.790959 0.766048 0.457560
3.317470 4.324424 4.332947 1.326993 0.320260 1.331637 1.328852 1.330290 2.327171 2.328846 2.329162 2.328613 2.327354 2.331713 1.327982 0.267657 1.329638 1.319536 2.333805 3.338586 2.332149 2.329228 0.339797 0.332398 0.330677 0.026331 0.039882 0.045845 0.038103 0.735473 0.698984 0.671155 0.087033 0.071510 0.027717 0.032250 0.265128 0.290886 0.277932 0.231407 0.054938 0.017372 0.034615 0.068459 0.055306 0.034370 0.036049 0.067910 0.100257 0.262198 0.283395 0.216788 0.182211 0.116952 0.197187 0.702256 1.902383 0.896080 0.053016
2.311082 3.318009 3.330232 1.321982 1.327535 2.321330 2.329949 2.327161 2.326425 2.326956 2.327722 2.328007 2.326560 2.326667 1.337234 1.334943 1.331513 1.325460 2.337393 2.342440 3.323504 2.329816 1.337180 0.330379 0.332673 0.277952 0.051187 0.031485 0.032219 0.753630 0.722705 0.688013 0.105497 0.074989 0.114007 0.033745 0.028664 0.293999 0.277062 0.221870 0.043038 0.017372 0.029930 0.047311 0.073678 0.142937 0.153678 0.096611 0.111823 0.263100 0.281396 0.235192 0.210229 0.132393 0.187265 0.766498 0.040047 0.052086 0.066399
1.275483 2.323837 1.319347 1.328001 3.320202 4.338692 2.329884 2.328891 2.327927 2.329606 2.334310 1.331253 1.331489 1.329928 2.335371 2.339803 1.330730 1.324760 2.335677 2.342145 3.332957 3.333151 1.334155 0.325691 0.330904 0.280708 0.068535 0.048104 0.050255 0.698694 0.683003 0.659850 0.104158 0.072182 0.113258 0.036613 0.040917 0.027474 0.242622 0.188578 0.038108 0.020180 0.065148 0.038978 0.054939 0.120262 0.136743 0.096137 0.138007 0.068199 0.265892 0.227822 0.237632 0.017967 0.026115 0.050484 0.065926 0.067451 0.066398
0.243808 1.306766 0.359978 1.311398 3.326971 4.332720 2.334654 0.325573 0.325403 2.328428 2.326751 1.328818 1.328537 1.327039 2.334096 4.334811 3.329645 2.326452 2.332193 4.355059 3.333257 3.337795 1.336076 0.310230 0.321319 0.255685 0.096229 0.067954 0.074286 0.124064 0.066064 0.665093 0.094417 0.053949 0.022056 0.038826 0.035149 0.026360 0.158836 0.133735 0.030419 0.043755 0.038093 0.066215 0.040412 0.094978 0.113884 0.014397 0.026436 0.056404 0.032525 0.150641 0.017967 0.021034 0.026955 0.057914 0.058799 1.062997 0.058844
0.336764 0.384611 0.376941 2.292372 3.329901 3.339764 2.344216 0.328427 0.328221 2.330893 2.328782 2.331616 2.331207 1.328146 2.335149 5.339501 4.332393 4.328473 4.333756 4.337025 3.337571 2.331831 1.330777 0.244109 0.042458 0.041237 0.074470 0.109537 1.138770 0.082986 0.044884 0.089324 0.108477 0.042915 0.050545 0.022118 0.048240 0.390234 0.420114 0.456271 0.066882 0.032387 0.047740 0.048698 0.466758 0.498742 0.067542 0.060932 0.033668 0.042122 0.039589 0.158105 0.121384 0.088373 0.075111 0.043449 0.847356 0.035760 0.034599
0.348899 0.385239 0.379527 2.285128 3.327732 3.340486 2.335360 2.332020 3.331460 3.332616 5.332461 5.335140 3.333559 2.335148 2.334832 5.341759 5.334529 5.330807 5.320804 3.348512 2.341058 1.344753 1.332987 0.228678 0.052329 0.018868 0.103416 1.137138 2.136990 0.108970 0.028069 0.026146 0.044167 0.032174 0.338282 0.029351 0.030067 0.388069 0.356056 0.027504 0.022423 0.025535 0.065605 0.361783 1.482627 1.507176 0.051414 0.048118 0.098245 0.096907 0.135049 0.811840 0.872506 0.869008 0.920552 0.940803 0.814047 0.721856 0.589113
0.260222 1.295061 1.334895 2.311451 3.327473 3.337526 2.334076 3.328046 4.330835 5.328536 6.330799 5.332847 4.330272 3.333385 2.334778 3.341078 4.333946 5.334087 5.324614 3.348141 1.314668 1.342747 2.328349 0.226693 0.028542 0.025551 0.018806 0.117761 1.134777 0.118752 0.017372 0.017372 0.020180 0.328192 1.465353 0.372618 0.353447 0.348497 0.275417 0.026299 0.018227 0.031853 0.062568 0.034965 0.396066 0.030770 0.052009 0.050804 0.030524 0.034492 0.034422 0.097473 0.899056 1.980097 0.981467 0.994261 0.028862 0.029991 0.515573
