use_cases/Flooding_chicago/flooding_data/output/h_1740.asc
ncols 337
nrows 393
xllcorner 428428.000000
yllcorner 4602440.000000
cellsize 26.757400
NODATA_value -9999.000000
[rows 108 to 134 of 393, columns 118 to 176 of 337]
-9999.000000 -9999.000000 -9999.000000 -9999.000000 -9999.000000 -9999.000000 -9999.000000 -9999.000000 -9999.000000 -9999.000000 0.017967 0.140358 0.041434 0.049553 0.112800 0.116801 0.099755 0.066629 0.180476 0.033898 0.037972 0.029060 0.039269 0.036171 0.180657 0.029625 0.028374 0.030815 0.031197 0.032418 0.024528 0.089898 0.223991 0.060089 0.155055 0.132311 0.030815 0.030098 0.065087 0.058906 0.033287 0.035942 0.166404 0.014397 0.029335 0.028511 0.050957 0.126289 0.256250 0.280432 0.037682 0.049934 0.037424 0.066567 0.350143 2.486257 0.416961 0.089904 0.123933
-9999.000000 -9999.000000 -9999.000000 -9999.000000 -9999.000000 -9999.000000 -9999.000000 0.027000 0.037437 0.017967 0.021034 0.102593 0.028908 0.031730 0.097655 0.083000 0.068582 0.045205 0.090004 0.143702 0.027411 0.058495 0.044183 0.079018 0.112450 0.055681 0.053127 0.080361 0.101906 0.020302 0.031929 0.455418 0.477775 0.071519 0.131453 0.125180 0.070567 0.078815 0.071646 0.033196 0.026970 0.045646 0.091485 0.066612 0.037040 0.033715 0.094460 0.168879 0.151937 0.146051 0.046089 0.044944 0.033211 0.065285 0.049736 1.200525 0.241628 0.075119 0.042298
-9999.000000 -9999.000000 -9999.000000 -9999.000000 -9999.000000 -9999.000000 0.034065 0.027106 0.039314 0.031532 0.034096 0.119835 0.034707 0.025216 0.106559 0.076486 0.104091 0.058159 0.118767 0.100700 0.062392 0.053337 0.037819 0.224373 0.146476 0.078011 0.061332 1.179039 1.217156 1.243499 0.131676 0.433017 0.415158 0.341846 0.073421 0.088167 0.057074 0.071549 0.140712 0.038949 0.031929 0.040200 0.361473 0.319084 0.208076 0.254066 0.156517 0.263284 0.037179 0.055550 0.051628 0.048241 0.035957 0.042732 0.037986 0.044456 0.049263 0.014397 0.063809
-9999.000000 -9999.000000 0.038429 0.034387 0.029381 0.036461 0.042673 0.065712 0.022240 0.032280 0.042117 0.133947 0.042793 0.038902 0.070946 0.053170 0.071510 0.071251 0.072107 0.124244 0.082817 0.049141 0.058786 0.033547 0.288078 0.157645 0.222242 2.279913 2.262602 2.280268 0.020180 0.032280 0.286612 0.262238 0.205297 0.039622 0.053275 0.162944 0.152312 0.103537 0.045373 0.025780 0.023818 0.034340 0.032082 0.041070 0.052314 0.046440 0.029610 0.092659 0.073295 0.028236 0.024133 0.024681 0.033883 0.030676 0.026740 0.074985 0.014397
0.041559 0.049659 0.043006 0.053093 0.088402 0.032005 0.029641 0.035636 0.041176 0.041771 0.046104 0.219064 0.054695 0.050912 0.048423 0.071846 0.071327 0.120347 0.113289 0.103021 0.098990 0.055108 0.041985 0.014397 0.020256 0.097738 1.245726 2.312920 2.783012 2.290773 0.017372 0.025703 0.145505 0.287440 0.225127 0.031092 0.059876 0.149189 1.879975 0.650877 0.031532 0.018669 0.014397 0.018943 0.021003 0.034599 0.014397 0.024284 0.028709 0.067648 0.064689 0.027047 0.027828 0.017372 0.017372 0.020180 0.562610 0.581153 0.028670
1.056878 0.057228 0.066764 0.049782 0.024284 0.031547 0.030265 0.039345 0.055931 0.037956 0.058144 0.197230 0.139168 0.049234 0.036111 0.056869 0.056908 0.114768 0.088403 0.239709 0.218970 0.055000 0.039589 0.021004 0.033323 0.197138 0.260128 1.308466 2.269389 1.294276 0.017372 0.025703 0.106042 0.219966 0.234194 0.031746 0.047189 0.043526 0.935425 0.809115 0.036019 0.027657 0.018943 0.028404 0.049735 0.067558 0.024284 0.023399 0.039253 0.081994 0.092231 0.033303 0.045432 0.024986 0.024986 0.030099 0.514625 0.626719 0.631143
0.045723 0.262553 0.206441 0.042091 0.036354 0.032890 0.033180 0.044885 0.077465 0.067558 0.032785 0.140372 0.243352 0.044243 0.037605 0.057533 0.134148 0.208108 0.226998 1.282637 1.268337 0.173957 0.037964 0.019570 0.082461 0.135660 0.193826 0.218606 0.195050 0.177559 0.020180 0.032280 0.085900 0.622038 0.644801 0.058812 0.036066 0.026451 0.068162 0.644810 0.534213 0.031945 0.041252 0.025300 0.036888 0.091356 0.023212 0.041527 0.037559 0.181738 0.199865 0.130617 0.102950 0.028834 0.028350 0.445245 0.538018 0.593034 0.614214
0.037383 0.249227 0.236215 0.165764 0.036674 0.037255 0.026207 0.049290 0.062203 0.127388 0.025398 0.083001 0.181267 0.112330 0.102790 0.168284 0.278817 0.208520 1.305718 1.309380 1.293160 0.199903 0.070876 0.022041 0.188678 0.221866 0.106473 0.133963 0.104532 0.166253 0.072701 0.057381 0.727382 1.799648 1.825870 0.777145 0.027214 0.028771 0.019660 0.021522 0.261639 0.377611 0.494255 0.021872 0.039453 0.176613 0.025535 0.030983 0.041116 1.186698 1.224610 2.142215 0.938393 0.667894 1.563349 1.676805 0.610688 0.629385 1.636826
0.021980 0.222342 0.208993 0.151877 0.360558 0.048639 0.032966 0.042061 0.220085 0.202448 0.121390 0.081946 0.346351 0.322060 0.329996 0.157475 0.233178 0.169899 1.336480 1.319342 0.261575 0.048209 0.093942 0.095222 0.134224 0.114587 0.173078 0.148372 0.100686 0.178219 0.113730 0.104102 0.786946 1.862503 1.871953 0.816108 0.064481 0.039706 0.037072 0.069740 0.141275 0.385554 0.019096 0.026741 1.116522 3.258862 1.188160 0.190534 0.190390 2.113555 2.174595 2.117129 0.891985 1.519353 1.663214 1.688915 1.652326 1.662086 1.655779
0.206552 0.210732 0.189750 0.133720 0.456734 0.408056 0.308196 0.295356 0.288078 0.222174 0.131892 0.324211 0.360618 0.338403 0.314492 0.256325 0.261511 0.159280 0.166604 0.209251 0.025368 0.049831 0.017372 0.076960 0.109508 0.172243 0.149952 0.115182 0.073141 0.273701 0.311397 0.078010 0.057829 0.820547 1.880394 0.801511 0.039743 0.045114 0.068368 0.205457 0.303765 0.241105 0.110667 0.217614 3.290183 4.285111 2.299033 2.296682 2.301969 3.207713 2.209869 0.137341 0.090188 1.572382 2.610757 2.648573 2.645956 2.659023 1.640489
0.161018 0.191947 0.170463 0.119590 0.477569 0.454324 0.395422 0.384894 0.017372 0.117271 0.273293 0.317958 0.308452 0.269921 0.191750 0.513818 0.484306 0.152092 0.164695 0.106927 0.073558 0.031895 0.017372 0.042162 0.067651 0.208101 0.223815 0.206846 0.257480 1.329441 0.333131 0.068168 0.065040 0.764793 0.763121 0.640730 0.367678 0.341615 1.072810 2.221750 2.289351 1.261192 2.284991 4.318508 4.320611 5.281558 4.325941 3.307583 4.332375 2.239211 0.041912 0.014397 0.019310 0.500312 3.630343 2.669701 2.651347 3.629893 3.641891
0.127937 0.160592 1.148156 0.117851 0.064979 0.031946 0.280144 0.270453 0.017372 0.061607 0.179495 0.218284 0.206658 0.157569 0.338441 0.374644 0.364015 0.096975 0.129845 0.140434 0.051705 0.033558 0.039970 0.037606 0.218906 1.294322 1.279861 1.236522 1.335083 1.330969 0.328541 0.078236 0.097787 0.091256 0.058127 0.534851 0.305779 0.384555 0.271759 2.247959 2.336369 2.370934 3.341967 3.339682 3.358519 4.260137 5.323454 5.331866 4.341465 1.289648 0.038887 0.029907 0.440382 2.626256 2.634059 1.643282 2.639525 3.639752 3.636773
0.085654 0.104347 0.114754 0.095313 0.052375 0.094139 0.138742 0.244331 0.118538 0.072167 0.217675 0.220695 0.169823 0.337463 0.314266 0.443140 0.473007 0.141017 0.209320 0.070015 0.062095 0.058144 0.025813 0.180680 1.276217 2.292378 2.279712 1.218281 0.312062 0.280137 0.310975 0.099707 0.124902 0.038567 0.033593 0.047355 0.407046 0.196888 0.139399 1.108838 2.326488 1.375108 1.350437 1.335926 1.341378 2.293566 4.301009 5.307265 4.329669 1.263817 0.226882 0.150246 2.564035 4.626821 3.615865 1.639153 2.641181 3.638199 3.627764
0.269328 0.331552 0.069297 0.061319 0.078346 0.140313 0.121940 0.229824 0.509761 0.364230 0.255199 0.186565 0.122942 0.939029 0.953228 0.928580 0.919691 0.119067 0.217797 0.246828 0.278079 0.370919 0.135544 1.211171 2.265323 3.274768 3.261439 1.210317 0.047353 0.056754 0.084280 0.143593 0.057304 0.070016 0.052422 0.082450 0.058099 0.122487 0.136038 1.075403 2.323462 1.374065 1.348605 2.303069 2.315454 2.316624 3.323483 4.320236 4.332885 0.253041 0.211402 0.646395 3.584874 4.620156 3.629887 2.654932 3.655393 3.642578 1.647716
0.197457 0.025597 0.053093 0.039771 0.050790 0.081338 0.195154 0.216582 0.100307 0.387777 0.954134 1.060166 1.090324 1.134932 1.166948 1.168317 1.105228 0.291171 0.146818 0.225018 0.269571 0.094194 0.183320 1.245836 2.296011 3.304082 3.272667 1.155334 0.056283 0.040704 0.061012 0.088218 0.103158 0.093345 0.068337 0.091103 0.080879 0.109908 0.143972 0.976339 3.292266 3.386261 3.352469 4.319129 4.335512 3.335750 4.335032 4.331613 4.350456 0.259414 0.206961 0.682112 3.593328 5.620354 4.659729 2.656912 3.660600 3.651179 2.664127
0.101631 0.098824 0.027000 0.067284 0.076699 0.157375 0.167840 0.150216 0.090521 0.045616 1.122055 2.090009 1.138273 1.144748 1.175467 1.164333 1.139655 0.297844 0.362012 0.171293 0.232122 0.104930 0.174280 1.216080 1.268801 1.286272 2.300351 1.103689 0.050450 0.025780 0.026329 0.134621 0.105506 0.106254 0.089745 0.048455 0.087425 0.105082 0.134620 0.949389 3.309953 4.375395 2.340696 3.308153 4.335714 4.328735 4.321493 4.325953 3.350233 1.289837 0.190618 0.671278 3.577688 6.613097 5.644424 3.652050 3.650594 3.650394 3.670630
0.771390 0.063057 0.073448 0.055300 0.074119 0.089957 0.253707 0.253461 0.232291 0.023812 0.108085 2.140968 2.097224 1.134592 1.174549 1.148799 1.149861 0.304618 0.363608 0.138326 0.188034 0.059607 0.081083 0.958283 0.152331 0.026981 0.296778 0.246958 0.058311 0.033516 0.035362 0.169732 0.027458 0.037091 0.034156 0.026055 0.060646 0.078423 0.086983 0.074424 0.174415 1.038437 0.199482 0.216262 1.273969 2.250654 2.262980 2.289455 1.249399 1.220578 1.060646 0.855959 2.490434 4.606134 4.675807 2.627900 2.644963 2.625972 2.629979
0.782942 0.043327 0.065531 0.049752 0.065872 0.054772 0.160533 0.831797 0.125548 0.088681 0.096611 1.091765 2.142271 1.102367 1.184154 1.102532 0.113603 0.034005 0.069552 0.130728 0.167594 0.226076 0.320769 0.592086 0.103413 0.038536 0.049568 0.048791 0.033531 0.036308 0.045937 0.041008 0.014397 0.049843 0.037208 0.026970 0.067940 0.124519 0.095436 0.084695 0.078941 0.096076 0.078484 0.071348 0.060278 1.357990 1.363277 0.274555 0.238388 0.181493 0.101812 0.709376 0.041271 0.352489 0.347013 0.029582 0.022316 0.070449 0.070895
1.696782 0.621575 0.067362 0.047815 0.046289 0.092455 0.818647 1.943314 0.922426 0.898869 0.913310 1.003682 1.012344 1.009472 0.103486 1.071277 0.096143 0.099166 0.042999 0.060489 0.372693 0.362861 0.511716 0.398800 0.071060 0.036232 0.060219 0.059258 0.031059 0.028573 0.036843 0.036995 0.036369 0.037163 0.187798 0.174766 0.140786 0.110695 0.097968 0.069207 0.062491 0.060264 0.075721 0.053567 0.068582 1.376051 1.376663 0.042128 0.041497 0.058449 0.044258 0.043754 0.053194 0.044106 0.067741 0.014397 0.026832 0.080066 0.085853
1.739087 0.645231 0.050952 0.035271 0.051151 0.710716 1.925716 1.962673 1.950900 1.944386 1.940960 1.900297 1.877159 0.975190 0.904827 1.877173 1.899997 1.908092 1.916872 0.853886 0.822673 0.751687 0.442092 0.406375 0.044673 0.065096 0.036492 0.044716 0.050775 0.023857 0.095253 0.048072 0.071724 0.026238 0.187431 0.175315 0.163537 0.150536 0.143334 0.092294 0.048057 0.049049 0.041012 0.069435 0.084335 1.341236 1.338340 0.059379 0.066568 0.036644 0.069084 0.046043 0.030937 0.037208 0.064232 0.042793 0.028298 0.156318 0.095499
0.670396 0.520387 0.277119 0.157809 0.132141 0.787181 1.918776 1.950846 2.946013 1.956018 1.953628 2.933063 2.932340 2.909669 2.939562 2.940183 3.948728 3.943581 2.943851 2.926197 2.880992 0.728685 0.019461 0.014397 0.068389 0.059734 0.055551 0.061058 0.074443 0.046501 0.079627 0.046334 0.054436 0.023628 0.022041 0.165414 0.166284 0.158901 0.142678 0.027229 0.030791 0.040459 0.066874 0.051475 0.047324 0.485604 0.472307 0.074913 0.096442 0.099814 0.054848 0.046730 0.027717 0.055867 0.052864 0.219367 1.320029 0.206549 0.146538
0.032144 0.395669 0.309474 0.273808 0.749139 1.911943 1.946120 2.952922 2.967058 1.965389 2.941937 3.948152 3.947134 3.954357 3.951929 2.973916 3.958679 3.949188 2.948460 2.945534 1.973269 0.832124 0.051356 0.019310 0.073744 0.092169 0.120525 0.148545 0.187430 0.122887 0.130072 0.052024 0.046809 0.034645 0.018151 0.149559 0.028359 0.038171 0.045784 0.026940 0.024362 0.028267 0.035591 0.048179 0.062004 0.540233 0.536238 0.552648 0.097512 0.094794 0.079125 0.065833 0.053382 0.046288 0.050545 0.059945 0.199577 0.026802 0.121604
0.040824 0.031822 0.202234 0.665642 1.912737 2.943917 2.951583 2.958448 2.959641 2.955551 3.952629 3.960817 4.961686 4.953691 3.954503 3.949544 3.946969 3.946339 1.947471 1.948647 0.940584 0.035448 0.042003 0.899557 0.858855 0.887334 0.114287 0.153492 0.177421 0.017372 0.092521 0.202770 0.053092 0.050515 0.049874 0.079689 0.033119 0.043312 0.019310 0.014397 0.026939 0.026757 0.044590 0.051583 0.079170 0.513584 0.508817 0.073089 0.045861 0.050881 0.051162 0.042000 0.068914 0.064399 0.040246 0.059456 0.044975 0.033867 0.035241
0.058382 0.045494 0.045556 2.932097 4.946646 4.936902 3.915669 2.949114 2.956856 2.955404 3.955692 3.958354 3.962570 4.971916 3.958812 3.980341 4.944912 3.952194 2.948438 1.957677 0.949922 0.038148 0.050558 0.893216 1.917313 0.924692 0.903373 0.086463 0.113991 0.017372 0.063260 0.122211 0.858703 0.089834 0.071358 0.061972 0.048790 0.030053 0.037361 0.026786 0.038627 0.039390 0.038949 0.055611 0.120279 0.107705 0.102249 0.054999 0.045432 0.036996 0.045967 0.032479 0.044068 0.040809 0.043525 0.038674 0.028298 0.029228 0.031441
0.066924 0.058418 0.034206 2.946122 3.946107 4.928039 3.927504 2.952919 1.954438 2.964130 3.952841 3.959646 3.961909 3.960290 2.949687 2.960308 4.939155 4.944285 4.947195 2.943624 1.939779 1.941638 0.920964 1.931772 2.929241 1.934774 1.932155 1.941281 0.922002 0.027123 0.034798 0.933057 0.934628 0.897404 0.075840 0.064402 0.041878 0.034172 0.031544 0.038567 0.055565 0.038338 0.085502 0.014397 0.051903 0.069191 0.071968 0.049568 0.042688 0.044578 0.048698 0.034310 0.048485 0.018090 0.020333 0.047264 0.014397 0.024894 0.040779
0.066521 0.057101 0.033898 0.898782 1.935752 2.905872 1.939189 1.947912 1.949075 1.950673 3.953258 4.944682 4.933178 3.958141 2.948739 2.960165 4.944000 4.945632 4.946900 3.948925 2.950242 1.942842 1.939925 2.931103 2.942573 2.939095 2.935634 1.941256 0.911283 0.090011 0.092801 0.052340 0.930241 0.946750 0.868549 0.073782 0.044915 0.030266 0.032921 0.042305 0.084401 0.057427 0.092148 0.072899 0.041512 0.045707 0.071495 0.055168 0.049584 0.027994 0.028664 0.018196 0.021614 0.021706 0.030326 0.050803 0.040245 0.041022 0.039604
0.048571 0.036720 0.047572 0.767829 1.928813 1.956814 1.955417 1.961381 1.961904 1.962391 2.950166 4.960866 5.947534 5.953581 3.948903 2.963618 3.939243 4.943753 4.948714 4.956801 2.954402 1.943426 1.946092 1.929458 1.940259 2.943236 2.944039 1.942096 0.905254 0.115870 0.096412 0.074221 0.051633 0.031989 0.841026 0.813630 0.047196 0.032707 0.033790 0.062568 0.056129 0.061424 0.114372 0.097642 0.051918 0.035729 0.031914 0.029915 0.023355 0.032066 0.027092 0.037988 0.032340 0.039559 0.045356 0.065468 0.045281 0.040337 0.051307
