use_cases/Flooding_chicago/flooding_data/output/h_1740.asc
ncols 337
nrows 393
xllcorner 428428.000000
yllcorner 4602440.000000
cellsize 26.757400
NODATA_value -9999.000000
[rows 135 to 161 of 393, columns 118 to 176 of 337]
0.231218 0.187665 0.122043 0.829917 1.934711 1.950945 2.941693 2.944902 2.946726 2.947780 2.953510 3.954183 5.970191 5.971940 5.964636 3.954032 3.952745 3.949602 3.948326 3.957169 2.958194 1.953443 0.936899 0.927528 1.931466 1.933291 1.939958 1.939369 0.928432 0.014397 0.085131 0.061901 0.889768 0.874426 1.871851 1.880792 0.821143 0.099262 0.096314 0.093747 0.057837 0.064960 0.135019 0.125725 0.051598 0.053841 0.033332 0.034554 0.047753 0.038658 0.031518 0.038138 0.030420 0.037210 0.043647 0.051139 0.064781 0.075538 0.059244
0.236153 0.199664 0.793015 1.908912 1.952786 2.948838 2.948225 3.946579 3.951734 3.955063 3.953922 3.963513 3.958815 3.957679 3.953272 3.971849 2.952095 2.948092 3.942317 3.958337 2.955792 1.938404 1.924199 1.922271 1.934305 1.940996 0.931583 0.932717 0.031695 0.028747 0.880857 0.879572 1.915660 2.869647 2.892537 1.901106 0.834912 0.115362 0.107312 0.083108 0.104412 0.109251 0.506884 0.525208 0.073210 0.038643 0.037147 0.025993 0.084693 0.041909 0.044349 0.029961 0.039329 0.047110 0.044930 0.053764 0.071839 0.185091 0.129027
0.167483 0.822613 0.892005 0.908976 1.941649 2.945261 2.943098 3.948465 3.949964 2.951456 2.950489 2.952777 3.962403 3.957775 3.959414 2.963030 1.952643 1.947587 2.939122 2.946935 2.957714 1.943527 2.920403 2.924479 1.938104 0.927688 0.936542 0.041008 0.054384 0.846844 1.902849 2.897456 2.915012 2.881860 2.890923 1.896114 0.829188 0.092540 0.074409 0.053070 0.090086 0.126092 1.655452 1.691977 0.069554 0.046334 0.038155 0.023262 0.109246 0.035911 0.028496 0.049521 0.038215 0.050697 0.051891 0.112410 1.181348 1.246485 0.174739
0.379693 0.889709 0.956207 1.934990 1.963454 2.949708 2.955433 3.955048 3.963876 2.959142 2.957583 2.958997 2.971947 3.974522 2.953824 3.962231 0.949057 0.946243 1.946313 2.952015 1.957298 0.936486 2.926127 2.933377 1.932863 0.916739 0.919011 0.901129 1.892825 1.906874 1.904873 2.890582 2.907876 2.882907 2.893902 1.911533 0.824452 0.052389 0.113481 0.082796 0.055208 0.165634 1.651065 1.722751 1.716921 0.527898 0.057989 0.045326 0.088003 0.068492 0.027809 0.047997 0.046759 0.034415 0.047538 0.861339 2.235175 2.295401 1.146747
0.338885 0.197559 0.880071 1.932927 1.954983 2.942700 2.948489 2.951399 2.952958 3.951466 3.951555 2.955447 1.953951 1.950751 2.952210 3.965820 0.943448 0.940022 0.938161 1.948960 0.936296 0.931166 0.924790 1.902397 1.917281 1.900641 2.893138 2.909043 2.919129 1.903258 1.898283 2.859701 2.862331 2.870384 2.899997 0.802733 0.680930 0.382765 0.597943 0.572259 0.483103 0.292090 1.651353 2.713451 2.749592 1.727311 0.630266 0.067014 0.071638 0.102737 0.504853 0.532542 0.456142 0.029577 0.250016 0.186434 2.178755 2.259451 1.125659
0.259111 0.183920 0.883512 1.923427 1.946544 1.938929 2.946424 2.950036 2.951667 3.952678 3.951973 2.954225 1.952443 1.948511 2.948994 2.956112 0.941368 0.937327 0.935164 0.934879 0.934441 0.929326 0.922307 1.902763 1.915572 2.870915 3.906366 2.905229 2.918420 1.886544 1.872684 1.889797 0.682368 1.816043 2.843685 0.722113 0.596029 0.877004 0.743699 1.718826 0.545457 0.694245 2.682416 4.700307 3.747682 2.736945 1.720703 0.526754 0.400250 0.768262 1.618701 1.779469 1.700399 1.733275 0.453466 1.140843 1.100352 1.116429 1.157738
0.893035 0.995794 0.952848 0.950835 0.958579 0.963632 1.935460 2.949255 3.948331 3.954716 3.948124 2.964331 1.951327 2.923689 3.934567 2.953691 2.948890 1.945112 0.934920 0.933897 1.934971 0.928762 0.921308 0.917160 2.885166 2.896674 3.890415 3.916630 1.877110 0.703511 0.644230 0.653934 0.027139 0.045797 0.514864 0.026100 0.055279 0.092448 0.577279 0.594090 0.480359 2.426725 4.668112 5.205017 4.705954 2.684984 2.680649 1.571687 1.410403 0.988952 0.877863 0.822943 2.563030 2.726771 0.475712 0.601024 0.542448 0.442176 0.862954
2.000420 1.005594 1.975709 0.952784 0.963848 0.970954 1.928989 2.950056 3.952301 3.962931 2.962213 1.950735 1.952559 2.935145 4.936767 4.949055 3.946850 2.946077 1.938631 1.932503 1.944802 0.919185 0.886118 0.880681 0.845970 1.826892 2.815206 1.800449 0.091442 0.063262 0.082705 0.043662 0.034844 0.027443 0.068641 0.032190 0.027657 0.036659 0.045753 0.056697 0.279616 1.603774 3.686573 4.710913 2.748347 1.720700 1.713186 1.683388 0.556735 0.048665 0.033475 0.057039 1.629817 2.732619 0.550480 0.420249 0.351093 0.255382 0.372454
0.954121 0.987467 0.925814 0.930653 0.956878 0.966849 0.957373 1.938087 2.951937 2.959094 1.948134 1.948336 1.952188 2.938419 3.948312 3.962534 2.952579 1.941223 1.937224 2.927685 1.946160 0.888902 0.073863 0.074857 0.091721 0.130322 0.197417 0.205703 0.045555 0.056877 0.065928 0.040764 0.027641 0.038261 0.041970 0.036552 0.021644 0.034934 0.040566 0.069890 0.060127 0.093640 0.620151 0.673769 0.698439 0.742970 0.697498 0.662623 0.046463 0.023689 0.048620 0.061150 0.514416 1.671465 0.591660 0.520404 0.460860 0.388762 0.242630
0.163985 0.154248 0.165437 0.870741 1.944198 1.963499 0.948573 0.948343 0.947653 2.941759 2.939430 1.945058 1.950251 2.950753 2.955088 1.957199 1.948169 1.949203 0.923231 1.935099 0.938830 0.032204 0.053865 0.060189 0.063481 0.085045 0.144020 0.130865 0.062859 0.054741 0.070167 0.039926 0.030144 0.048607 0.056312 0.043861 0.070809 0.055550 0.050087 0.062645 0.041878 0.044366 0.042090 0.119341 0.119217 0.825727 0.060656 0.035557 0.019309 0.045628 0.061505 0.075324 0.500790 1.675571 0.631631 0.574325 0.519946 0.458773 0.321316
0.069517 0.184913 0.191916 0.858727 1.943901 2.965434 1.957631 1.951710 1.948712 3.936848 3.943756 2.926603 2.934860 1.941669 1.951574 0.935954 0.925170 0.905130 0.060420 0.021004 0.033698 0.017967 0.041907 0.036934 0.057324 0.036704 0.176597 0.156609 0.040505 0.035180 0.048042 0.066307 0.088554 0.036751 0.060371 0.048897 0.065453 0.054619 0.057045 0.033667 0.034691 0.052489 0.069360 0.154241 0.149948 0.756548 0.087977 0.052497 0.027366 0.023507 0.045058 0.045000 0.098090 1.645014 0.675659 0.619102 0.566219 0.516130 0.378276
0.136969 0.108076 0.174583 0.821967 2.928104 2.960059 2.958068 2.952744 3.940470 3.949794 3.947011 3.937732 3.951050 1.949618 0.923749 0.069074 0.069935 0.073129 0.074992 0.068104 0.028343 0.021034 0.017967 0.065773 0.020088 0.038719 0.082634 0.082816 0.031837 0.049965 0.053993 0.051979 0.059303 0.057869 0.022591 0.022591 0.050210 0.040092 0.066474 0.059457 0.079003 0.061334 0.109487 0.072627 0.162508 0.133595 0.148634 0.064111 0.023567 0.022942 0.072370 0.044314 0.132364 0.683488 0.686114 0.627661 0.580845 0.582954 0.039583
0.203332 0.163676 0.200778 0.812072 2.924869 2.963315 2.954205 2.951699 3.935796 3.946811 3.947848 3.953722 3.961376 2.948814 0.926483 0.058339 0.060028 0.061649 1.063995 1.055040 1.066383 0.034905 0.047029 0.039452 0.030480 0.030754 0.067680 0.082405 0.035286 0.045692 0.034675 0.054755 0.096443 0.099146 0.022591 0.022591 0.033836 0.046151 0.061276 0.054178 0.530103 0.041137 0.031932 0.088990 0.073125 0.075270 0.089291 0.100546 0.105644 0.099153 0.087624 0.060951 0.253806 0.159458 0.187842 0.137594 0.067778 0.054833 0.064880
0.341595 0.216744 0.225627 0.839100 2.932951 2.968734 2.958741 2.956194 2.956622 2.958519 2.960116 2.952500 2.972454 2.966507 1.895714 1.028733 1.035864 1.032646 1.060428 1.056158 1.042006 0.061616 0.067472 0.046397 0.030739 0.049736 0.049477 0.052194 0.026543 0.029045 0.059395 0.048469 0.090414 0.098808 0.028572 0.037047 0.033577 0.035651 0.106064 0.523013 0.554616 0.032771 0.046614 0.043144 0.053064 0.044131 0.132618 0.113056 0.091664 0.733002 0.749783 0.676727 0.451960 0.235564 0.274291 0.198278 0.749284 0.037697 0.059275
1.449380 0.227121 0.909047 1.938583 2.928651 2.962102 2.951499 1.948060 1.949797 1.952281 1.937947 2.957958 1.939581 1.955868 0.893108 0.036634 1.037561 1.036206 0.057406 0.050383 1.035370 1.061902 1.029947 0.048525 0.043411 0.053003 0.020500 0.060417 0.048760 0.043724 0.035896 0.061211 0.140657 0.120837 0.071921 0.031884 0.045295 0.039406 0.033607 0.531740 0.524943 0.492805 0.041534 0.017372 0.083246 0.078476 0.068599 0.017372 0.025703 0.699498 1.674712 1.723402 0.455198 0.524566 0.312296 0.241935 0.670902 1.733553 0.670654
0.310304 0.543365 1.702104 2.934829 3.938780 2.994313 0.947812 0.942240 0.942330 0.942116 1.939369 1.927894 1.959895 0.891243 0.888465 0.033982 0.044479 0.051314 0.066687 0.014397 0.130453 0.170802 0.173323 0.159833 0.060463 0.020103 0.031533 0.038674 0.066571 0.061026 0.049461 0.043587 0.096868 0.128669 0.645424 0.692774 0.037482 0.039116 0.028450 0.044833 1.542445 0.439615 0.045911 0.017372 0.091074 0.089341 0.087724 0.017372 0.025703 0.766469 0.731920 0.518821 0.333265 0.372249 0.609995 0.655954 1.693066 1.717041 1.706780
0.019310 1.088446 0.926671 1.832235 1.913323 1.938138 0.928418 0.925426 0.936471 0.937005 0.886196 1.939969 0.872046 0.855034 0.831423 1.774601 0.797382 0.811639 0.073151 0.113177 0.014397 0.230498 0.196361 0.063133 0.077660 0.054039 0.018028 0.091168 0.087334 0.117252 0.106200 0.030055 0.113786 0.835202 1.925501 1.950027 0.047472 0.079858 0.082547 0.054112 0.484559 0.456655 0.052811 0.077977 0.081989 0.082059 0.074479 0.046834 0.102308 0.894077 0.857394 0.041162 0.018943 0.229787 0.496432 1.630538 2.707607 2.738711 1.700848
0.335721 1.351532 0.248532 0.172613 0.868828 0.822895 0.859252 0.872320 0.044199 0.039515 0.801335 0.829962 1.763111 1.754471 1.760064 2.798831 2.801353 1.766451 0.082528 0.135984 0.173460 0.207843 0.065515 0.079311 0.037849 0.028892 0.021004 0.034924 0.059072 0.811369 0.916692 0.974269 0.964326 0.921071 1.936570 1.954084 0.846676 0.094672 0.080233 0.053262 0.440698 0.435569 0.049860 0.070466 0.061924 0.067733 0.054871 1.089240 2.122901 2.092293 0.915776 0.019710 0.014397 0.024273 0.424471 1.622149 2.661996 2.712446 1.603302
1.165466 1.191870 0.091495 0.130684 0.113812 0.234710 0.146493 0.109557 0.087165 0.071866 0.795254 1.801461 1.820342 2.798398 2.817525 2.809962 2.810163 1.813469 0.772392 0.140635 0.160633 0.056724 0.084572 0.048179 0.060524 0.035530 0.018028 0.029930 0.058128 0.808402 2.006363 2.038154 1.038654 0.029972 1.946494 1.963191 1.948032 0.051322 0.059338 0.038124 0.355273 1.150320 1.251250 1.259109 0.233562 0.039411 0.044345 2.105687 4.136561 4.131996 2.092227 1.161234 0.020437 0.025795 0.402433 1.585598 2.610681 2.651482 1.561726
0.489695 0.549393 0.151841 0.216537 0.219460 0.200958 0.022591 0.022591 0.090540 0.075673 0.802429 1.823236 1.828633 2.837430 1.823458 1.810204 1.810721 1.817496 0.773114 0.136566 0.155045 0.060815 0.095005 0.060127 0.064674 0.035804 0.038445 0.045739 0.044425 0.815936 2.014954 2.042424 1.047817 0.044408 0.922558 0.933198 0.884311 0.850692 0.028736 0.164381 1.211570 2.277216 3.267881 3.272458 2.269330 0.205816 1.138988 3.075820 4.126984 4.119005 3.109837 2.167150 0.092770 0.582141 0.438026 1.404156 1.494817 0.500434 0.425425
0.039680 0.028084 0.240766 2.335962 2.336482 1.327969 0.022591 0.022591 0.091537 0.061304 0.800926 1.817241 1.831513 1.815027 1.820092 1.809250 1.806945 1.816888 0.793293 0.795611 0.132691 0.133670 0.074384 0.061746 0.035728 0.034188 0.034294 0.048378 0.028939 0.039147 2.015421 2.027632 2.016357 2.064404 0.989833 0.036047 0.839691 0.822759 0.548223 1.113485 2.241374 2.301355 4.239218 4.287428 3.285658 2.255461 1.178015 3.045485 4.118081 4.132303 3.106517 2.159967 1.076115 0.555130 0.321792 0.399021 0.526531 0.455586 0.311564
0.014397 0.030815 1.274953 2.303089 2.309796 1.308102 0.237851 0.153416 0.107931 0.712612 1.811613 1.855830 0.833184 1.801034 2.806957 2.813313 1.815776 1.816458 1.812290 1.808744 0.697971 0.081039 0.032493 0.034416 0.020022 0.030632 0.026847 0.033959 0.039817 0.045363 2.004542 4.013738 4.013996 4.056654 1.997485 0.964015 0.045500 0.027922 0.448492 0.360418 2.231590 2.286354 3.209581 3.245876 3.271459 2.230727 2.193209 2.153193 4.126991 4.146075 3.122093 2.177937 1.169923 0.026762 0.027343 0.105305 0.556474 0.427254 0.278700
0.048729 0.410544 1.225750 1.284950 1.326627 0.267544 0.226676 0.136031 0.920798 0.730238 0.727016 1.813388 1.819874 1.814466 2.822301 2.820246 1.814065 2.816381 2.808633 2.821120 2.786533 0.068270 0.021401 0.021065 0.035331 0.040535 0.032035 0.039650 0.056651 2.021678 4.021436 5.024101 6.015602 6.060906 4.005985 1.962255 1.063865 1.035627 0.028655 0.371812 1.196739 1.326051 1.313838 1.290253 1.262211 1.247099 1.235475 3.101479 5.162079 6.139727 5.137049 4.136262 3.229544 1.223716 1.211094 1.187322 0.926315 0.543535 0.354820
0.037391 0.431102 0.404656 0.406385 0.024284 0.014397 0.020485 0.059411 0.799869 0.031868 0.034058 0.820404 0.809477 1.831282 2.817868 1.813675 2.812959 2.811499 4.821870 4.804097 3.775842 0.652075 0.031120 0.021323 0.040307 0.059589 0.051460 0.041587 2.011204 4.046416 6.019232 7.024593 7.006678 6.045222 4.006326 2.962408 2.050394 1.023874 0.036093 0.433072 2.107468 1.304332 1.318930 1.356565 0.303960 1.177418 2.210152 3.142730 5.178874 6.160044 7.146523 7.130409 6.240833 4.258599 4.249089 3.257611 2.197443 0.099319 0.216477
0.417672 1.500358 0.439788 0.448029 0.023399 0.024284 0.043298 0.765761 0.602398 0.038262 0.045311 0.035314 0.057013 0.745873 2.823501 2.809371 2.817348 4.813898 5.811038 5.798479 4.763286 2.841801 0.606586 0.033218 0.033972 0.911494 0.897782 0.922933 3.025884 5.032841 6.015392 7.022455 7.000144 6.036552 3.997049 2.965382 2.030599 0.987273 1.967483 0.696789 1.085071 0.160372 0.165471 1.212855 1.216657 1.189623 2.137273 3.101382 4.130156 5.116963 6.111149 7.116682 6.114146 4.158110 3.163798 2.105219 1.023909 0.075758 0.166119
1.458647 1.537670 0.419389 0.372390 0.240364 0.957485 0.987201 0.936472 0.020608 0.033103 0.030297 0.056705 0.052185 0.732535 3.807610 4.791849 3.803579 5.818666 6.811007 6.784946 4.759718 3.873144 3.858793 1.848237 0.814892 0.914611 0.927159 0.948871 3.036434 4.020834 5.014152 6.021687 6.017733 6.016830 4.000299 2.968218 2.039878 3.030586 4.025976 3.004033 0.069200 0.036803 0.029762 0.068496 0.056820 0.041397 0.887835 2.020086 2.050164 3.015291 4.068836 2.955435 1.671969 0.741736 0.813057 0.280814 0.279726 0.052011 0.066353
0.481164 1.509241 0.028176 0.027992 0.177788 0.098374 0.060129 0.913740 0.069740 0.040626 0.046227 0.029670 0.045600 1.688790 4.776156 4.809958 4.804088 5.811686 6.816787 5.792650 4.754824 4.760116 3.837932 2.833422 1.777532 0.905245 0.914860 0.943296 0.962172 2.979120 2.981275 2.986789 2.996449 3.998624 3.984310 3.973887 3.003726 2.949012 2.950623 1.886363 0.048995 0.039727 0.025367 0.039049 0.041756 0.035179 0.065040 0.115514 0.826527 0.110720 0.085388 0.048787 0.039607 0.031167 0.152200 0.338584 0.295433 0.061942 0.047859
