use_cases/Flooding_chicago/flooding_data/output/h_1740.asc
ncols 337
nrows 393
xllcorner 428428.000000
yllcorner 4602440.000000
cellsize 26.757400
NODATA_value -9999.000000
[rows 135 to 161 of 393, columns 177 to 235 of 337]
0.116163 0.146279 0.044304 0.039970 0.072365 0.032967 0.039600 0.030328 0.053994 0.053521 0.067573 0.049282 0.036461 0.046525 0.438851 1.541240 2.555285 3.560965 5.560282 6.550410 5.537535 4.527672 4.530647 3.525012 0.360563 0.073265 0.059212 0.053852 0.032799 0.027275 0.027840 0.048577 0.035148 0.062584 0.709583 0.695084 0.067833 0.040093 0.038643 0.037407 0.032432 0.034112 0.057701 0.037300 0.069246 0.075813 0.062050 0.049384 0.034736 0.040643 0.033318 0.058144 0.107166 0.293787 0.341750 0.338055 1.464485 1.458899 2.453945
0.956758 0.105896 0.085358 0.043510 0.070152 0.027321 0.036231 0.080222 0.054057 0.036354 0.077282 0.089737 0.065934 0.048460 0.501494 1.534858 2.548010 3.554685 5.555557 6.548443 6.544650 5.537420 4.529797 3.518417 2.526632 0.082323 0.062446 0.034568 0.044182 0.032128 0.052529 0.043678 0.035011 0.414659 0.612663 0.060980 0.045754 0.050743 0.032874 0.052071 0.029121 0.029625 0.050071 0.043418 0.081504 0.084190 0.061929 0.052758 0.038886 0.061614 0.055076 0.108543 0.105391 1.469201 1.455125 1.467902 1.461655 1.466198 1.467156
0.913373 1.958181 0.938198 0.895774 0.065972 0.057346 0.734842 2.762159 0.608156 0.040371 0.059333 0.391748 2.560847 1.579286 1.549648 2.541849 3.547698 4.547488 5.557373 6.550480 6.556220 5.546532 5.529773 4.543150 3.532807 0.061577 0.044945 0.033485 0.033775 0.053841 0.048331 0.042427 0.175693 0.219613 0.020806 0.025032 0.025918 0.049308 0.078912 0.094352 0.032218 0.032417 0.055153 0.078653 0.090080 0.088141 0.072158 0.051627 0.057959 0.046990 0.046333 0.091012 0.085808 0.039529 0.462304 0.474814 1.460767 1.467828 1.473752
1.036336 1.953594 1.996790 1.997353 1.961421 1.992139 1.948923 2.768834 2.910053 1.657170 1.646465 3.478592 4.582764 4.641608 3.569878 3.571019 4.542408 5.554937 5.572809 6.568709 5.563230 5.558306 5.546699 5.564291 3.565334 0.442357 0.041313 0.036827 0.046791 0.089306 0.068112 0.352617 1.236002 0.185964 0.047143 0.045844 0.048790 0.066888 0.051734 0.080863 0.033577 0.033547 0.048103 0.091021 0.096245 0.076212 0.080147 0.086450 0.053718 0.065086 0.057716 0.059451 0.416446 0.448802 0.458353 1.458086 2.460893 2.472070 2.475610
1.039564 1.051561 1.920008 2.950289 2.999717 4.032029 3.000166 1.766992 1.803424 2.353459 4.495448 6.540135 7.562132 7.569053 7.543130 7.541361 7.565222 6.579370 5.575533 5.568747 5.558645 6.537646 6.546882 5.564040 3.570960 1.568599 0.032662 0.032753 0.068790 0.087787 0.556729 1.564548 2.581639 1.552638 0.388255 0.048236 0.049355 0.055717 0.054663 0.089409 0.027580 0.045967 0.049201 0.079505 0.162285 0.051979 0.074256 0.084251 0.067055 0.047723 0.059597 0.364272 1.472871 1.487956 1.490586 2.465037 3.471857 3.481797 3.480685
0.072491 1.993192 1.992771 2.987702 3.004616 3.998222 1.959257 0.114625 0.172878 1.467461 4.566186 5.471269 6.522862 6.567102 7.553503 7.553878 7.563341 5.555796 4.557875 4.556112 5.528317 6.537091 6.539522 6.548082 5.562155 3.546995 0.361648 0.314553 0.304036 0.045786 0.030337 1.612072 2.651336 1.662708 0.536551 0.059056 0.072786 0.060652 0.054221 0.045327 0.042786 0.059540 0.050592 0.144226 0.168591 0.048393 0.056006 0.333350 1.349116 1.403350 2.465509 2.465919 3.473314 3.469576 4.480165 4.482886 5.483094 4.482841 3.448506
1.967950 1.959260 1.978887 0.909830 0.834041 0.735796 0.086817 0.056055 0.134251 0.276616 1.198304 1.070545 1.144769 2.405662 3.516430 4.542246 4.524925 4.525207 3.534701 3.532515 5.515945 6.531583 6.525442 6.535365 5.537538 4.534977 2.486803 1.440596 1.457255 0.439397 0.450361 0.538031 1.608914 0.525824 0.376824 0.497000 1.444415 0.394954 0.061393 0.034172 0.040445 0.364304 0.033841 1.434574 2.458316 1.348193 0.461045 2.500216 3.513777 3.487944 4.486713 4.493071 5.484007 5.490778 6.486080 6.500334 5.479568 4.454645 4.456594
0.803718 0.829995 0.897054 0.066795 0.039405 0.028572 0.028694 0.041190 0.289573 0.312551 0.029656 0.020027 0.040993 0.040007 0.076060 0.405445 2.541992 2.553171 2.544450 4.527288 4.538295 5.527492 6.516943 6.541403 5.539562 4.517367 4.514794 2.449361 2.470193 1.445038 0.433468 0.048337 0.077144 0.020180 0.249202 1.335968 3.617433 3.697835 3.700496 2.430003 3.606364 2.640511 1.583250 1.552230 2.551274 2.588546 1.579762 2.487746 4.516617 5.492137 5.512564 5.507875 5.502339 6.501579 6.503701 6.496419 6.499332 5.503353 5.468428
0.545136 0.450732 0.085838 0.039024 0.047020 0.026040 0.026421 0.030953 0.362349 0.442342 0.020333 0.018089 0.034049 0.034737 0.061042 0.048409 0.424890 1.521273 2.524102 4.523606 3.523709 4.517154 6.504202 6.534785 5.530552 4.517225 4.512785 3.475083 2.494814 1.480763 0.382349 0.038550 0.028782 0.017372 0.020419 1.450017 3.631741 4.673557 4.675881 6.628371 5.679053 3.663756 2.631397 1.555137 1.567587 2.565345 2.593582 3.499359 4.504078 5.480410 5.513906 5.510484 5.509707 6.503547 6.520926 5.515702 5.516748 5.512315 5.463203
0.661444 0.027290 0.152474 0.056770 0.034264 0.034356 0.035881 0.040229 0.468390 0.467118 0.034400 0.021660 0.021660 0.028817 0.071067 0.062813 0.069854 0.431329 2.515119 3.522435 3.520204 4.523044 5.520026 5.546377 3.513443 3.502918 4.493294 3.482678 2.468212 1.389549 1.352771 0.029405 0.028966 0.017372 0.051104 1.547667 2.643176 3.651765 3.678855 6.673599 5.665920 4.681613 2.631573 1.555646 2.503817 3.565541 3.592083 3.534802 3.520075 4.413824 5.483521 5.499665 5.498908 6.490213 6.502481 6.511273 5.503682 4.500722 3.500418
0.287964 0.054742 0.055779 0.038216 0.039056 0.039315 0.017372 0.031328 1.558714 1.550592 0.042809 0.034050 0.018089 0.034157 0.038735 0.072752 0.046242 0.047596 1.428733 2.400761 3.496934 3.504214 4.498235 3.494922 2.462717 3.435814 3.447199 3.455670 2.393450 2.331293 1.376714 0.267943 0.023812 0.045908 1.547466 2.604142 3.674544 2.692137 3.658010 5.648372 4.683736 3.673334 2.601733 3.541182 3.584646 4.589939 4.630994 3.557199 2.511252 2.517051 3.500738 5.492475 7.496697 7.504313 7.507251 6.504730 4.500869 3.479003 1.285517
0.052776 0.075606 0.026481 0.040177 0.030327 0.031441 0.017372 0.057201 1.557777 2.553156 0.387885 0.034019 0.026756 0.030540 0.026390 0.021523 0.032234 0.036785 0.641369 0.670678 0.521764 1.430051 1.456698 1.544119 1.529927 2.239518 3.358577 3.383323 3.361233 2.265976 2.163597 0.791733 0.674650 0.628061 2.406215 3.555275 4.655082 3.736716 3.672137 3.731139 2.666355 2.647460 2.616954 3.555107 4.591083 5.621079 4.649742 2.600349 1.545776 2.458854 3.496244 5.480676 7.486153 7.500046 6.500329 5.502759 3.500259 1.482272 0.350248
0.017372 0.017372 0.096639 0.080877 0.037636 0.030541 0.025993 1.560643 2.560688 2.545669 0.435200 0.056230 0.045311 0.020164 0.042244 0.040068 0.769727 1.850652 1.844520 0.834314 0.032237 0.659773 0.693805 1.516020 1.557174 1.518122 2.159124 3.298610 3.338183 3.298036 2.088099 1.869490 1.820569 1.774786 1.724734 2.538454 3.578671 3.719183 2.639106 2.681481 2.671634 2.650196 3.546268 4.583296 5.600124 6.631860 4.651901 2.608221 1.550179 2.456573 3.494885 5.485162 6.496436 6.504495 5.502247 4.505265 2.496823 0.382431 0.101907
0.054510 0.051989 0.049397 0.563072 0.569600 0.045652 0.050908 1.549285 2.545681 2.555189 1.535322 0.050613 0.027347 0.042705 0.040106 0.059967 0.753077 1.833506 1.826775 1.905020 0.872882 1.826479 1.888337 2.696732 2.721511 2.720168 1.265161 2.078434 2.206203 2.105075 2.045091 1.971306 1.903999 2.701932 2.831970 2.732525 2.678875 2.780335 1.703894 2.574048 2.657454 2.638403 3.568578 5.575838 6.603119 5.634059 4.630732 3.638151 1.546269 2.451292 2.490839 3.484561 4.490946 4.496766 3.495295 2.487667 1.476445 0.347134 0.140814
0.612055 0.586742 0.582782 0.591322 0.597431 0.048295 0.054408 0.466805 1.519959 1.529513 1.510261 0.515064 0.026726 0.041285 0.070077 0.815821 0.839079 0.858477 2.796777 2.896228 1.867719 2.852432 2.924891 3.763559 3.816623 2.807929 0.582098 0.462734 0.861713 1.915297 2.888354 2.962410 2.933964 3.821727 3.951081 2.871082 1.760604 1.634242 1.685232 0.640023 0.658548 2.552197 3.579287 5.579317 6.594171 5.611357 4.610083 3.608942 1.583099 0.517769 0.478741 1.474537 2.483320 3.486209 3.483231 2.475152 1.463597 0.315647 0.117699
0.618527 0.601401 0.588907 0.585849 0.595015 0.044748 0.059263 0.054641 0.067890 0.019310 0.044111 0.028175 0.055671 0.259736 0.805296 0.888236 0.863283 0.855900 2.706863 3.895272 2.862996 2.852429 3.791330 3.756401 3.770888 2.791975 0.590213 0.443374 0.842260 2.915881 3.013094 3.005234 2.970167 3.853421 3.955042 2.909012 1.900178 0.930290 0.045617 0.049953 0.602284 1.600433 3.551093 5.573565 6.593482 4.593091 3.588773 2.588958 1.587856 0.560703 0.027524 0.028079 1.474468 2.476848 3.479209 2.471701 2.463392 0.293734 0.043525
0.592795 0.580714 0.569712 0.567962 0.574524 0.033195 0.046210 0.018882 0.024514 0.014397 0.020973 0.025392 0.060076 0.355700 0.764858 0.816381 1.716975 2.736974 3.748154 4.837412 2.730361 2.579751 2.577860 3.507628 3.603193 2.644934 1.601920 0.352615 1.852546 3.003415 3.027715 3.051904 1.973719 2.789676 3.900940 2.887976 1.896092 0.908322 0.033646 0.656070 0.649291 1.590270 3.563455 5.583762 5.588691 3.625248 2.633561 1.605154 1.600434 1.611739 0.660756 0.023099 1.473654 2.482197 3.475565 3.472155 1.466165 0.296099 0.043785
1.471266 1.369569 2.268563 2.368341 1.336570 1.347284 1.372233 0.259268 0.266608 0.023535 0.102253 0.823403 1.976485 0.709565 0.929446 1.456854 1.625786 2.545201 3.721082 1.566606 0.620250 0.496626 0.605349 0.934589 1.138378 1.275728 0.346645 0.930676 1.926771 3.009137 3.019259 2.017457 0.048805 0.558063 1.744524 2.791960 1.787873 1.791277 0.685521 1.671054 2.688936 2.659090 3.513979 4.567723 4.602311 4.635271 2.598673 1.563824 1.560366 1.571227 1.608743 0.513291 1.479198 1.489028 2.482112 2.484561 1.467299 0.280059 0.035362
1.459203 2.281381 3.383890 3.435388 3.429125 2.355520 2.337174 3.267560 3.367854 2.238756 2.181322 2.053519 2.930676 1.841257 2.275036 0.728854 0.512148 1.149312 0.046958 0.099312 0.175106 0.650150 0.709750 0.323540 0.165126 0.092777 0.087230 0.067334 0.530034 1.619245 1.643559 0.052272 0.021141 0.038185 0.069737 0.553662 1.707418 0.722721 0.680837 2.622953 3.585825 3.586321 3.541844 3.591259 2.590860 1.478720 0.400388 0.051212 0.060047 0.054919 0.408669 0.453279 0.452040 1.473046 2.466859 1.451829 0.320655 0.049896 0.035728
1.334575 3.323473 4.383817 4.429838 3.393557 3.344697 3.320301 4.206703 4.326027 3.215556 3.062874 3.072711 1.878174 1.939852 0.734817 0.041038 0.047911 0.033819 0.037480 0.030034 0.298012 0.851734 0.775277 0.148470 0.034584 0.057549 0.055595 0.033435 0.050409 0.058997 0.046638 0.031518 0.025831 0.038644 0.065747 0.108679 0.175642 0.213837 0.611748 2.573457 2.577157 2.555166 2.506458 1.554501 0.384349 0.050254 0.042502 0.058604 0.056736 0.063929 0.051920 0.330344 0.324693 0.356881 1.440072 1.427690 0.033784 0.034356 0.025413
1.347788 2.355555 3.383049 3.429014 2.401048 2.332767 2.299289 3.269826 3.331169 3.302430 2.262513 0.152007 0.042029 0.084572 0.093636 0.043556 0.033205 0.033394 0.022726 0.044404 0.450816 1.120360 0.711422 0.107616 0.050026 0.059853 0.036079 0.037758 0.033027 0.062569 0.030739 0.022865 0.033134 0.037880 0.086646 0.154092 0.143978 0.201657 0.134246 1.380384 1.366524 1.304898 0.369199 0.034905 0.043449 0.041694 0.041573 0.050620 0.039222 0.061179 0.056145 0.077248 0.056357 0.065372 0.535071 0.410089 0.044351 0.033973 0.022469
0.248980 0.364129 1.418636 2.451515 2.468126 1.463161 0.433990 2.322140 4.379042 3.313559 0.992251 0.059993 0.021324 0.083668 0.074110 0.036888 0.029305 0.017372 0.025703 0.978392 1.886582 1.670578 0.392906 0.032555 0.047158 0.057700 0.040733 0.029168 0.036858 0.045311 0.025703 0.025703 0.027641 0.029060 0.111778 0.199230 0.141452 0.138388 0.073248 0.987014 0.997924 0.897799 0.256765 0.030792 0.025154 0.033287 0.045693 0.048546 0.041832 0.063362 0.071663 0.082527 0.050361 0.056592 0.195453 0.144703 0.034568 0.027916 0.018425
0.340799 0.255956 0.391037 1.420126 2.439566 1.439666 0.382480 2.284137 4.339294 3.311523 0.205439 0.086991 0.036171 0.066308 0.079377 0.042503 0.041359 0.017372 0.025703 2.059661 3.077465 3.057048 0.040738 0.027183 0.032996 0.038093 0.038322 0.038826 0.036689 0.020180 0.017372 0.017372 0.025037 0.028466 0.184561 0.211982 0.149882 0.153767 0.554778 0.940272 1.027074 2.174806 2.477702 1.434813 0.071221 0.048013 0.036003 0.040001 0.057334 0.093759 0.060539 0.056206 0.048607 0.054562 0.175870 0.154715 0.042748 0.014397 0.065971
0.237959 1.276667 0.176018 0.351419 2.406556 1.407191 0.023034 2.282606 3.280266 2.170275 0.181746 0.168850 0.166105 0.068489 0.057220 0.028389 0.044578 0.039146 0.058172 1.995907 2.989797 2.933351 0.020302 0.019310 0.014397 0.024284 0.038063 0.157570 0.159127 0.044533 0.028862 0.028968 0.038163 0.208275 1.373535 0.318354 0.233233 0.246759 0.193156 0.117475 0.123799 0.240041 2.381011 2.437567 0.081763 0.057489 0.045020 0.056831 0.038093 0.056175 0.036430 0.029167 0.030538 0.061474 0.095593 0.080516 0.035073 0.035438 0.036660
0.109242 0.085431 0.133970 0.149637 0.280590 0.049218 0.021233 0.039525 0.814424 0.246061 0.120968 0.112529 0.180965 0.045161 0.074455 0.026237 0.034645 0.028832 0.054077 2.031067 3.039956 1.995410 0.041636 0.030078 0.024284 0.023399 0.030281 0.097710 0.115135 0.029975 0.034432 0.028587 0.033547 0.244905 1.363047 1.412026 0.317092 0.186832 0.190138 0.108639 0.117962 0.158453 1.441925 1.532648 0.091125 0.053719 0.032235 0.039420 0.042915 0.031852 0.049899 0.061010 0.044952 0.066120 0.060345 0.051886 0.018746 0.025047 0.043358
0.073005 0.048226 0.165174 0.148734 0.093296 0.049416 0.021188 0.029547 0.146649 0.181601 0.101710 0.125840 0.122694 0.035735 0.036919 0.217634 0.170273 0.108396 0.056134 2.051507 3.091949 3.124416 0.842878 0.038386 0.032126 0.022575 0.038933 0.129082 0.136758 0.086769 0.063226 0.039710 0.052803 0.318392 1.354964 1.390423 1.395474 0.260796 0.132654 0.090900 0.187411 0.273892 1.176529 1.305099 0.039665 0.034385 0.028481 0.022942 0.023507 0.034997 0.032188 0.077099 0.093716 0.082222 0.085092 0.021140 0.035878 0.031421 0.052066
0.039878 0.059151 0.151932 0.130332 0.136055 0.048941 0.021126 0.033531 0.094098 0.332388 0.170422 0.130409 0.107445 0.041909 0.037838 0.049139 0.105258 0.526135 0.520931 3.010818 5.208157 5.192188 4.174275 0.949047 0.090726 0.027108 0.041985 0.060142 0.109536 0.077050 0.053108 0.053031 0.361283 1.395146 1.322825 1.385619 0.268559 0.180642 0.108701 0.078030 0.290217 0.466529 0.911172 0.117396 0.031915 0.022636 0.030769 0.023567 0.027366 0.019309 0.026527 0.703482 1.918938 0.982411 0.082145 0.066570 0.062431 0.780257 1.900453
