use_cases/Flooding_chicago/flooding_data/output/h_180.asc
ncols 337
nrows 393
xllcorner 428428.000000
yllcorner 4602440.000000
cellsize 26.757400
NODATA_value -9999.000000
[rows 270 to 296 of 393, columns 59 to 117 of 337]
0.085312 0.099969 0.107144 0.057648 0.033836 0.035850 0.085535 0.046671 0.092590 0.039971 0.022609 0.022609 0.056815 0.034723 0.059523 0.098298 0.088579 0.039271 0.049288 0.017339 0.029376 0.086279 0.073565 0.033485 0.025588 0.033970 0.042237 0.043076 0.055605 0.155854 0.227059 0.017339 0.140485 0.122139 0.042580 0.073458 0.094024 0.108631 0.116215 0.124531 0.032673 0.055811 0.059710 0.048497 0.112886 0.074386 0.041478 0.067757 0.059264 0.037642 0.081864 0.094856 0.157986 0.092787 0.144370 0.158238 0.193662 0.235586 0.324604
0.049047 0.051055 0.057043 0.077925 0.034126 0.034731 0.060295 0.243529 0.253047 0.071283 0.051678 0.066828 0.058325 0.040657 0.049186 0.429423 0.562366 0.084960 0.048531 0.017339 0.020097 0.087699 0.037931 0.025710 0.033301 0.026882 0.036611 0.043127 0.064236 0.067060 0.170750 0.189318 0.140426 0.760722 0.047197 0.045875 0.069046 0.098624 0.100339 0.027768 0.014329 0.068128 0.068046 0.069074 0.060335 0.057560 0.038464 0.064988 0.051048 0.039193 0.081696 0.076070 0.099287 0.113567 0.127480 0.037595 0.049530 0.073047 0.125259
0.069940 0.067728 0.070736 0.080412 0.032524 0.032721 0.049631 0.287496 0.288902 0.060062 0.045946 0.059029 0.045094 0.031512 0.034773 0.433906 0.575150 0.086279 0.046198 0.044421 0.139304 0.118000 0.061184 0.027428 0.041551 0.033271 0.032773 0.049684 0.047021 0.048804 0.054104 0.140627 0.132258 0.789552 0.229171 0.121909 0.129844 0.054603 0.029183 0.018005 0.073783 0.057128 0.057877 0.077394 0.086630 0.092935 0.024977 0.025892 0.050193 0.030327 0.044290 0.032860 0.159209 0.046678 0.055674 0.036995 0.039041 0.037258 0.233625
0.064248 0.053046 0.053042 0.059013 0.025376 0.025434 0.041046 0.274445 0.269200 0.055820 0.041990 0.047263 0.170573 0.119086 0.272198 0.155748 0.032598 0.045011 0.058709 0.045862 0.735169 0.100300 0.074908 0.140786 0.035406 0.027213 0.033419 0.033272 0.039704 0.051545 0.050319 0.048412 0.094331 0.081618 0.089090 0.133648 0.112397 0.033732 0.030300 0.020974 0.056853 0.395213 0.458292 0.074686 0.099373 0.108962 0.031214 0.036167 0.021394 0.027718 0.043236 0.046993 0.055487 0.084120 0.042063 0.064478 0.014329 0.067486 0.294414
0.040646 0.073166 0.065171 0.065896 0.065570 0.031527 0.028455 0.283289 0.229281 0.057182 0.043798 0.055862 0.043769 0.032423 0.075263 0.033943 0.024818 0.027947 0.019447 0.048098 0.145677 0.033118 0.027730 0.034973 0.036664 0.053491 0.081425 0.050171 0.058046 0.032618 0.040204 0.048950 0.079020 0.060873 0.052058 0.037766 0.109528 0.079824 0.033518 0.018005 0.072813 0.063867 0.072811 0.097307 0.113173 0.119033 0.024977 0.025892 0.036446 0.059204 0.298481 0.283052 0.049627 0.036652 0.025731 0.026947 0.148511 0.129506 0.090545
0.053786 0.074151 0.184713 0.180231 0.048443 0.030850 0.042124 0.283549 0.225815 0.063924 0.045766 0.058895 0.056003 0.046851 0.029099 0.025564 0.029344 0.024967 0.056531 0.068368 0.056362 0.020146 0.017339 0.017339 0.039054 0.036355 0.047730 0.054448 0.048633 0.098587 0.064168 0.031365 0.084934 0.020392 0.039274 0.048691 0.060602 0.085539 0.075489 0.041268 0.067755 0.080664 0.096750 0.034845 0.042588 0.031849 0.104641 0.072990 0.122405 0.081107 0.317546 0.260796 0.062085 0.048956 0.033346 0.039435 0.026946 0.161025 0.129329
0.083916 0.053808 0.192959 0.190000 0.142880 0.053839 0.038201 0.040591 0.046565 0.030395 0.050546 0.056621 0.052157 0.034361 0.082969 0.061538 0.214636 0.215151 0.199020 0.061449 0.086036 0.106814 0.027273 0.033120 0.028289 0.090965 0.064004 0.077658 0.095110 0.096398 0.350361 0.355744 0.039755 0.023621 0.041553 0.037076 0.068299 0.705009 0.277233 0.044159 0.046635 0.077046 0.035075 0.056740 0.063167 0.045515 0.103084 0.068743 0.145797 0.117681 0.017339 0.017339 0.099554 0.043684 0.031510 0.033316 0.025720 0.160247 0.047399
0.058366 0.097091 0.128967 0.136509 0.130929 0.042652 0.031246 0.044687 0.046451 0.027485 0.038367 0.040922 0.033222 0.222949 0.054007 0.053766 0.220464 0.222649 0.228617 0.061955 0.092730 0.106748 0.098754 0.093840 0.086517 0.043573 0.375735 0.045309 0.087137 0.087011 0.346892 0.351123 0.051934 0.022609 0.022609 0.027077 0.053144 0.690601 0.325071 0.084886 0.069055 0.066723 0.044170 0.066104 0.079329 0.018070 0.098405 0.063413 0.121485 0.082209 0.057747 0.062246 0.061701 0.030831 0.020340 0.109414 0.114481 0.133705 0.053247
0.049270 0.214401 0.274913 0.296080 0.089182 0.089769 0.035579 0.023483 0.077002 0.034404 0.049626 0.061997 0.039630 0.207359 0.047358 0.024361 0.027221 0.249069 0.214368 0.060045 0.026733 0.024211 0.125041 0.116183 0.092785 0.045994 0.376611 0.046964 0.031030 0.047752 0.040892 0.039772 0.043508 0.022609 0.022609 0.027077 0.030780 0.228654 0.340483 0.070306 0.054585 0.056881 0.035898 0.058950 0.021648 0.021648 0.029752 0.047704 0.076418 0.102588 0.297992 0.055346 0.075144 0.040493 0.038500 0.069912 0.085831 0.096055 0.049190
0.177135 0.232159 0.255121 0.285319 0.063295 0.076063 0.071920 0.074877 0.125759 0.125214 0.063442 0.033031 0.153600 0.145319 0.046242 0.027253 0.041391 0.036832 0.036802 0.038179 0.040203 0.027003 0.122816 0.118731 0.014329 0.063948 0.068974 0.072658 0.039128 0.050252 0.041817 0.041175 0.014329 0.038189 0.039089 0.042594 0.039334 0.145098 0.176239 0.042132 0.045159 0.043636 0.058911 0.034884 0.018070 0.040818 0.028162 0.048495 0.053447 0.077765 0.275960 0.233874 0.140107 0.111957 0.063502 0.084543 0.124918 0.047690 0.023546
0.204996 0.208406 0.237316 0.032532 0.056977 0.061749 0.049980 0.241086 0.107035 0.143227 0.062503 0.021240 0.144361 0.113086 0.051495 0.103508 0.036365 0.036114 0.037136 0.043224 0.030621 0.118635 0.110859 0.098552 0.070893 0.031195 0.040409 0.058017 0.079534 0.133285 0.104544 0.089567 0.019216 0.037881 0.034188 0.058138 0.109962 0.235360 0.238682 0.153822 0.051428 0.064696 0.045983 0.047346 0.022042 0.077226 0.067134 0.039484 0.039680 0.084880 0.062332 0.202383 0.855299 0.833919 0.172951 0.190919 0.111904 0.155260 0.022977
0.191989 0.171473 0.020578 0.032595 0.040174 0.035904 0.195605 0.233195 0.274977 0.044413 0.078932 0.098555 0.094557 0.859632 0.098641 0.078724 0.031146 0.299071 0.297875 0.030522 0.140627 0.114010 0.098378 0.082635 0.055127 0.071451 0.058397 0.077314 0.082094 0.099364 0.169475 0.117148 0.067184 0.044068 0.080681 0.057187 0.062238 0.050617 0.032826 0.201435 0.259098 0.226369 0.043942 0.046321 0.033531 0.057688 0.041660 0.050584 0.105877 0.108749 0.090189 0.044179 0.098332 0.086270 0.037324 0.043514 0.033980 0.046362 0.031465
0.020683 0.092367 0.061239 0.059177 0.081987 0.096956 0.128701 0.148160 0.046871 0.058732 0.088223 0.104578 0.106677 0.085333 0.039394 0.037740 0.021505 0.045158 0.039221 0.041092 0.022758 0.086251 0.066663 0.054619 0.036661 0.048902 0.069295 0.044765 0.084354 0.083631 0.128448 0.199542 0.129808 0.081325 0.068717 0.042240 0.063367 0.069705 0.019040 0.041732 0.034933 0.236800 0.198427 0.049811 0.037817 0.055588 0.044336 0.073840 0.094002 0.100572 0.104203 0.020663 0.131157 0.021188 0.026358 0.030005 0.048055 0.051795 0.041140
0.034156 0.105060 0.088244 0.100285 0.042342 0.045745 0.162354 0.071474 0.054638 0.022977 0.023592 0.122865 0.098352 0.034209 0.037913 0.027436 0.036375 0.021313 0.039213 0.030383 0.052243 0.053499 0.184241 0.116318 0.253839 0.024369 0.064714 0.037530 0.039735 0.037091 0.099386 0.141616 0.341411 0.338314 0.247854 0.151064 0.610934 0.060389 0.026281 0.017339 0.034371 0.034116 0.262234 0.342686 0.055737 0.069303 0.041196 0.215312 0.074280 0.081387 0.026055 0.014329 0.030215 0.392395 0.053062 0.028944 0.044688 0.039583 0.231710
0.050219 0.050733 0.203255 0.059518 0.050954 0.040460 0.266109 0.064553 0.022141 0.023546 0.027402 0.106497 0.078962 0.046533 0.050626 0.032600 0.034013 0.059746 0.048896 0.080001 0.106808 0.038811 0.028534 0.068925 0.183531 0.108607 0.058455 0.099793 0.047804 0.059936 0.053546 0.110525 0.272662 0.266656 0.215543 0.134678 0.575185 0.087727 0.126080 0.017339 0.049150 0.025125 0.052014 0.423733 0.057585 0.056899 0.192983 0.224238 0.057687 0.079395 0.031709 0.035525 0.047621 0.382845 0.048909 0.040730 0.028851 0.027913 0.293263
0.220555 0.178533 0.193790 0.162877 0.150186 0.171013 0.201911 0.042822 0.034873 0.039889 0.019323 0.051153 0.222821 0.047560 0.050318 0.032013 0.032419 0.047486 0.065504 0.214922 0.064050 0.031691 0.017943 0.032419 0.030067 0.182462 0.143823 0.089014 0.127972 0.072129 0.098628 0.060582 0.060605 0.041913 0.029371 0.134829 0.107644 0.125294 0.142184 0.046830 0.043396 0.142755 0.106667 0.075975 0.070277 0.042985 0.212795 0.204598 0.041415 0.066598 0.026049 0.030872 0.058515 0.334455 0.061043 0.090684 0.051610 0.088320 0.044354
0.030565 0.135877 0.162102 0.144692 0.153521 0.167398 0.178682 0.145507 0.053360 0.036611 0.056626 0.097981 0.141179 0.041588 0.037071 0.025218 0.025345 0.033435 0.046096 0.154271 0.119641 0.034887 0.021005 0.017943 0.037868 0.025182 0.077499 0.057778 0.100194 0.053344 0.111661 0.100045 0.022609 0.022609 0.035465 0.065011 0.069332 0.056405 0.047813 0.056741 0.048128 0.150535 0.125904 0.099479 0.070967 0.225924 0.184158 0.161005 0.132750 0.038660 0.046117 0.020317 0.084713 0.060730 0.014329 0.086328 0.077345 0.061839 0.070836
0.038267 0.096731 0.105744 0.093183 0.097490 0.110117 0.141810 0.150498 0.055409 0.102854 0.126926 0.096110 0.088265 0.033123 0.050722 0.050194 0.047190 0.035920 0.045136 0.137418 0.143693 0.043561 0.030050 0.020279 0.029294 0.041286 0.083459 0.093998 0.067818 0.137560 0.112052 0.101781 0.022609 0.022609 0.029446 0.101410 0.104591 0.080232 0.054261 0.060300 0.062698 0.052567 0.042205 0.105307 0.085247 0.046517 0.132191 0.100356 0.068968 0.477863 0.092752 0.076322 0.097055 0.023645 0.058125 0.476909 0.439232 0.106209 0.059223
0.032508 0.049534 0.314041 0.367087 0.406648 0.435987 0.117040 0.165850 0.219140 0.089738 0.122611 0.055664 0.054063 0.039101 0.047263 0.046921 0.037546 0.048904 0.045286 0.203242 0.216708 0.038557 0.040345 0.021131 0.043514 0.037366 0.159637 0.050816 0.039564 0.112722 0.090735 0.065846 0.037833 0.061699 0.177793 0.154468 0.122266 0.080421 0.429741 0.041435 0.066884 0.074987 0.076393 0.022609 0.022609 0.028464 0.078914 0.442757 0.472687 0.427256 0.104338 0.026290 0.035097 0.043801 0.029785 0.496951 0.465058 0.103901 0.078341
0.050111 0.205255 0.251699 0.271250 0.043883 0.069287 0.128283 0.176664 0.234163 0.274189 0.066685 0.067837 0.048605 0.035920 0.052362 0.044709 0.069263 0.074833 0.104176 0.899076 0.931337 0.103257 0.050753 0.047396 0.035858 0.497197 0.088889 0.026010 0.095457 0.087276 0.054745 0.171294 0.140036 0.082598 0.168172 0.143685 0.120770 0.083309 0.354885 0.354236 0.064664 0.085462 0.086119 0.022609 0.022609 0.030840 0.031708 0.064044 0.071627 0.086430 0.163569 0.026253 0.035212 0.014329 0.035133 0.126528 0.124822 0.062304 0.103390
0.309610 0.033194 0.050501 0.032534 0.051299 0.024589 0.025512 0.051277 0.222331 0.291746 0.321785 0.285237 0.081800 0.041267 0.060622 0.070074 0.058808 0.079575 0.125439 0.308187 0.055110 0.117083 0.049561 0.041647 0.125538 0.062868 0.353156 0.038715 0.068907 0.059786 0.212627 0.181565 0.194198 0.023589 0.066490 0.024494 0.023386 0.100001 0.070204 0.064754 0.083223 0.097122 0.077506 0.250602 0.238532 0.243683 0.020278 0.055589 0.052928 0.036929 0.262306 0.079531 0.113785 0.039667 0.037622 0.184801 0.167934 0.034549 0.061210
0.361256 0.042363 0.029588 0.018708 0.023619 0.030242 0.033219 0.074385 0.042125 0.240014 0.255316 0.058523 0.123836 0.158486 0.150284 0.045617 0.037164 0.068605 0.175454 0.024227 0.027098 0.052859 0.048758 0.182370 0.169661 0.093354 0.356500 0.352022 0.051860 0.056465 0.032072 0.154539 0.030258 0.043834 0.036620 0.031579 0.024907 0.047617 0.044855 0.041141 0.028314 0.126951 0.107458 0.065458 0.236973 0.238452 0.030902 0.024713 0.082872 0.056998 0.314497 0.077628 0.108029 0.039072 0.040276 0.180707 0.174257 0.036028 0.017943
0.381305 0.058849 0.031074 0.052108 0.044914 0.234885 0.038161 0.041908 0.040249 0.069724 0.067452 0.034816 0.038295 0.027766 0.154924 0.130347 0.116302 0.094806 0.066237 0.026786 0.040516 0.030493 0.055536 0.184309 0.221170 0.018005 0.046878 0.044032 0.055563 0.053227 0.031617 0.108291 0.037352 0.048272 0.037370 0.101708 0.082023 0.055057 0.059365 0.055868 0.031682 0.156159 0.135796 0.107006 0.064387 0.250926 0.036389 0.025715 0.105845 0.075425 0.344399 0.090365 0.103669 0.042215 0.018125 0.030901 0.175019 0.036236 0.021005
0.061819 0.093452 0.116811 0.039381 0.037160 0.222992 0.043345 0.029479 0.039851 0.042215 0.039851 0.029479 0.054032 0.031838 0.127405 0.113436 0.109323 0.106220 0.017339 0.183083 0.038820 0.040030 0.057650 0.164122 0.218364 0.020974 0.055259 0.043579 0.043391 0.039993 0.060747 0.441319 0.036305 0.045540 0.030634 0.082500 0.052060 0.391242 0.050404 0.055739 0.215712 0.152578 0.125297 0.102271 0.078061 0.064099 0.050361 0.159383 0.139076 0.112412 0.095431 0.107928 0.032871 0.053919 0.021971 0.023427 0.070382 0.028666 0.037943
0.108365 0.110369 0.115575 0.032448 0.027912 0.181400 0.045741 0.038186 0.053055 0.056329 0.053055 0.038186 0.038985 0.062515 0.081940 0.079366 0.096963 0.104642 0.017339 0.175517 0.042482 0.054393 0.034405 0.041404 0.180694 0.018005 0.033333 0.198948 0.246957 0.027640 0.053715 0.437623 0.027684 0.033689 0.080654 0.052519 0.243503 0.029196 0.063459 0.082568 0.060223 0.052199 0.056846 0.050850 0.035168 0.093264 0.066394 0.160058 0.127661 0.122068 0.128322 0.024907 0.034687 0.042562 0.048784 0.027995 0.040765 0.086983 0.076276
0.113609 0.112683 0.108377 0.020722 0.081279 0.094101 0.035065 0.032286 0.050676 0.055030 0.050676 0.032286 0.041804 0.276156 0.341633 0.354816 0.082929 0.117511 0.146317 0.138000 0.043884 0.023866 0.023066 0.035902 0.035070 0.055196 0.177577 0.218297 0.239425 0.028530 0.019411 0.064789 0.086464 0.021091 0.051963 0.188782 0.232584 0.226964 0.060686 0.088001 0.041772 0.047503 0.052694 0.044730 0.029821 0.045328 0.036936 0.027719 0.033336 0.121573 0.153014 0.018688 0.079336 0.086408 0.121040 0.047644 0.088718 0.023745 0.025592
0.027388 0.019709 0.077383 0.043727 0.138886 0.124176 0.044365 0.043809 0.032410 0.039203 0.032410 0.063382 0.255727 0.280112 0.276750 0.288742 0.085639 0.121436 0.141378 0.131718 0.049936 0.028303 0.023738 0.049043 0.025296 0.054498 0.174026 0.220471 0.018371 0.023251 0.054568 0.066637 0.074354 0.062884 0.039018 0.204728 0.230693 0.202210 0.065171 0.043625 0.074710 0.022600 0.080859 0.063353 0.034730 0.046940 0.038022 0.031888 0.020541 0.036761 0.140338 0.132289 0.701223 0.706197 0.141631 0.170143 0.073665 0.025592 0.035800
