use_cases/Flooding_chicago/flooding_data/output/h_1860.asc
ncols 337
nrows 393
xllcorner 428428.000000
yllcorner 4602440.000000
cellsize 26.757400
NODATA_value -9999.000000
[rows 81 to 107 of 393, columns 236 to 294 of 337]
4.645360 4.646363 2.614513 1.651667 0.037941 0.039345 0.033348 0.044380 0.051247 0.059120 0.025550 0.023705 0.049874 0.045083 0.081869 0.077142 0.073036 0.029838 0.026741 0.032036 0.057413 0.062580 0.065829 0.026223 0.027123 0.049889 0.043584 0.053550 0.050657 0.022087 0.042396 0.035822 0.397355 1.367981 1.480716 1.521921 2.730356 3.742979 3.734526 2.593061 1.690503 0.051325 0.022734 0.039189 0.060416 0.089211 0.110650 0.114144 0.094962 0.051354 0.056574 0.671783 0.618454 0.552736 0.436370 0.043904 0.051113 0.047829 0.039315
2.655805 2.646308 1.617988 0.509640 0.062461 0.057686 0.027428 0.018471 0.022667 0.025245 0.035728 0.025550 0.041069 0.042518 0.064139 0.059424 0.053932 0.021934 0.018135 0.020424 0.037659 0.040566 0.032047 0.018211 0.021660 0.021660 0.018211 0.063209 0.021660 0.018089 0.027443 0.049387 0.508649 0.555211 1.625711 2.709116 4.763324 4.742371 4.743211 4.738672 3.755845 2.712387 0.050525 0.030922 0.018440 0.023460 0.122474 0.116814 0.078726 0.099830 0.644770 1.781552 1.805464 0.719636 0.060746 0.080492 0.043357 0.050378 0.038216
0.548296 0.512143 0.488092 0.443058 0.045632 0.037406 0.041145 0.031273 0.047157 0.057304 0.025307 0.109551 0.063348 0.076040 0.039451 0.027839 0.024117 0.023047 0.039162 0.034004 0.908270 0.912335 0.906803 0.041987 0.042689 0.049157 0.067754 0.018089 0.021660 0.059334 0.033424 0.069536 0.482158 1.664618 2.725451 3.732527 5.742613 5.744172 5.745541 6.755713 6.768343 4.743550 1.695850 0.076566 0.036760 0.029991 0.030754 0.024727 0.057639 0.079619 1.783017 2.806650 2.824090 0.752072 0.735903 0.079056 0.061484 0.036750 0.036964
0.462451 0.374741 0.911336 0.893294 0.931158 0.050515 0.067686 0.044853 0.039051 0.054558 0.023354 0.021995 0.049537 0.053962 0.101524 0.085205 0.046776 0.054300 0.036034 0.898451 1.927124 1.918008 0.887867 0.037831 0.233882 0.219790 0.044339 0.045052 0.044599 0.036384 0.077644 0.040108 0.046141 0.627712 2.703139 5.751191 4.746582 5.740921 6.748094 7.731514 7.740735 5.741669 1.713704 0.089805 0.093231 0.025535 0.030082 0.024529 0.039345 0.046668 1.769738 2.784622 2.790361 2.795894 1.777072 0.038262 0.039588 0.064431 0.023445
0.245032 0.844298 1.981916 2.001184 2.986917 1.983471 1.007604 0.048338 0.047507 0.065865 0.030922 0.018150 0.034614 0.042336 0.065101 0.072364 0.097950 0.797660 0.770274 1.917606 2.915356 2.913038 1.891717 0.039805 0.291369 0.264847 0.024285 0.053276 0.048760 0.049720 0.050316 0.032753 0.062683 1.721219 3.721693 5.705387 4.742801 5.719759 6.702541 7.692269 6.714011 4.727661 0.709609 0.087129 0.094811 0.067963 0.059818 0.052967 0.043876 1.830770 1.809344 2.778134 2.782339 2.782942 1.777182 0.047965 0.027795 0.022591 0.022591
1.025081 2.023550 2.047953 3.002177 4.005659 4.010325 2.013318 0.075399 0.085899 0.094057 0.038384 0.029608 0.039940 0.030569 0.040221 0.098595 0.111443 0.877770 2.905698 2.918299 3.915646 2.917188 1.898235 0.017967 0.030234 0.134270 0.260198 0.279593 0.201077 0.773850 0.825667 0.782022 1.759117 2.757700 3.706415 4.719040 4.740923 4.739352 4.732302 5.688880 4.734573 3.728737 0.708320 0.077566 0.067810 0.734065 0.731237 0.750347 0.756349 1.821584 2.803638 1.807857 1.796487 1.752277 0.628844 0.046147 0.027794 0.022591 0.022591
1.044925 2.019228 1.041646 3.018818 4.003830 4.021240 3.019387 1.986234 1.988093 1.971774 0.054688 0.034052 0.051733 0.040078 0.071629 0.886014 0.898776 0.913284 2.929636 2.926562 3.919097 2.925978 0.017967 0.021034 0.038428 0.080350 0.265455 0.320623 0.267224 0.731767 1.804498 3.817764 2.807087 2.766070 3.675001 3.680849 3.721467 3.739768 3.708920 3.688863 3.708911 3.704809 0.753132 0.773838 0.786876 1.844051 1.838745 1.849924 1.840567 1.825794 1.811545 1.807594 0.749834 0.074823 0.716770 0.051782 0.039604 0.037621 0.029930
2.086354 1.046679 1.045432 1.037105 2.984308 4.016365 3.025669 2.014513 2.017535 3.008533 1.996296 1.997929 1.990345 2.002387 0.975107 0.959418 1.933017 1.944423 2.936230 3.933105 3.931751 2.923647 0.057107 0.050091 0.031853 0.058528 0.042378 0.035739 0.021644 0.712139 2.786294 3.803227 3.816747 2.795436 1.762689 1.758436 2.765875 3.743005 2.760347 2.764465 2.786331 3.751791 1.790592 1.806620 1.817241 2.853380 2.843623 2.856577 3.851917 2.850867 2.844334 1.792554 0.100307 0.119114 0.122515 0.053780 0.022590 0.136253 0.076316
3.013922 2.068575 1.036290 1.028582 2.992765 4.024144 4.020679 3.017165 3.023180 3.014319 3.016409 3.013431 3.010843 3.010039 2.029575 0.959825 1.917596 1.933543 2.916623 3.916582 4.910560 4.950474 1.889928 0.755534 0.553767 0.787788 0.795878 0.777570 0.646083 0.751638 1.682632 2.779476 2.795591 2.786627 1.762870 1.754825 2.764703 2.751359 2.749990 2.754486 3.797713 3.715780 0.761791 0.781526 1.835682 2.851055 2.840764 3.864685 5.849463 4.862641 2.837479 1.809351 0.075838 0.021918 0.161725 0.075233 0.112873 0.018120 0.069983
3.045039 3.052133 3.051537 1.022333 1.989164 3.015849 4.018696 4.016800 4.019472 4.015248 4.016572 4.013507 4.012966 3.011939 2.025408 0.963391 0.951609 1.898494 2.914368 3.903148 4.854466 3.932263 1.874222 1.850539 0.577122 0.739152 1.715421 1.832342 0.646749 0.380072 0.249955 0.645340 1.791178 2.769178 2.768746 1.757718 2.772343 2.754550 3.773838 3.795721 3.714384 0.761295 0.051366 0.071077 0.812273 2.845954 3.848208 4.859580 5.841596 4.847147 3.848316 1.823633 0.056434 0.037605 0.055519 0.087735 0.022728 0.021873 0.054513
3.037165 4.047650 3.053720 1.014035 1.010084 3.014498 3.016916 4.012207 3.012197 4.006525 4.012096 4.013018 3.012877 2.008770 2.030257 0.968573 1.941864 1.943994 2.919237 2.941819 2.930900 2.944998 0.939868 0.069130 0.077603 0.075603 0.071864 0.475572 0.439411 0.047457 0.049411 0.041310 0.701161 1.745737 2.731870 1.743653 1.736434 2.750567 2.720664 3.718849 3.611918 1.820601 0.031676 0.877649 1.806386 3.840095 4.848708 5.864224 4.854610 3.843542 2.832187 1.818280 0.828228 0.030006 0.024208 0.029321 0.023994 0.067848 0.041359
1.992884 3.027051 4.053417 2.006703 2.019351 2.023111 3.022141 2.018867 2.024965 3.004858 3.014080 3.017536 2.002802 2.004426 2.016251 1.994192 2.958804 1.950009 1.946570 2.931081 1.936614 1.941842 0.931624 0.048302 0.074244 0.112537 0.044272 0.030357 0.057793 0.052711 0.037514 0.041999 0.052550 0.502000 1.635936 1.697900 1.708953 1.705100 1.694490 1.733742 2.644073 1.832117 1.960482 1.907942 3.780090 4.846937 5.850830 5.863541 4.860117 2.859956 1.846297 0.818233 0.828760 0.818933 0.023994 0.028542 0.071907 0.046119 0.071780
0.953589 1.909637 3.015523 3.954605 3.003150 3.000615 2.010814 1.013712 2.015481 3.004956 3.014241 3.009391 3.010834 3.016011 3.051389 1.981013 1.963497 1.956706 1.954107 1.950488 1.949215 0.866460 0.060238 0.048088 0.050284 0.092339 0.062662 0.022712 0.046882 0.046471 0.034447 0.032798 0.036292 0.049965 0.039619 0.573333 1.694704 1.671800 1.650881 1.721186 1.800004 1.854279 1.905772 1.886806 3.772517 4.842679 5.836852 5.851429 4.854682 2.866069 1.850615 0.823200 0.834469 0.825592 0.035268 0.019646 0.043434 0.048164 0.088399
0.238409 0.299091 1.860956 3.993939 4.014915 3.014132 2.021733 1.019336 2.016412 4.013369 4.026711 3.010235 3.009838 4.007263 3.034633 1.980656 1.966583 1.950214 1.951799 1.964628 1.944769 0.788025 0.036094 0.031578 0.021309 0.081490 0.098521 0.025139 0.023476 0.038413 0.030174 0.014397 0.027840 0.030899 0.038262 0.045691 0.068665 0.070075 0.581648 1.612837 1.788541 1.851350 1.891139 1.872896 2.765269 3.820898 3.835607 3.838969 2.818844 2.835077 1.817092 1.814304 1.828024 0.783928 0.043130 0.030207 0.076211 0.606926 0.665134
0.225997 0.390126 0.377778 2.880762 4.023899 4.034784 4.047066 3.070539 2.038005 4.011158 4.024078 5.020618 4.019660 5.010843 4.062525 1.973881 1.963211 0.941822 0.895220 1.866583 1.860376 0.061299 0.028251 0.024315 0.026695 0.058966 0.063651 0.032539 0.024712 0.030648 0.070611 0.025398 0.028923 0.019661 0.028816 0.036569 0.035484 0.044268 0.044236 0.808183 1.838972 1.872514 1.879152 1.852820 2.729652 2.818481 1.788741 0.666678 0.041155 0.543993 0.616697 0.612488 0.028259 0.627344 0.370773 0.629911 1.752929 2.749403 0.681769
0.363401 0.235476 0.395292 2.881430 3.025363 4.027654 4.050265 3.049801 3.052675 4.008182 4.020387 5.006205 5.013054 5.013658 4.023656 3.013344 0.959371 0.962825 0.106362 0.148312 0.147996 0.045111 0.026756 0.026936 0.014397 0.046394 0.040642 0.014397 0.029553 0.037178 0.079736 0.064902 0.035958 0.029122 0.036385 0.019310 0.028968 0.038564 0.051784 2.094125 3.132715 1.952327 1.887249 1.824684 0.764983 0.039289 0.030114 0.050132 0.033795 0.034430 0.081884 0.086272 0.040895 0.024178 0.265216 1.697860 2.797462 1.831133 0.778861
0.419526 0.333984 0.198693 2.993646 3.000312 3.015706 3.026085 3.021991 4.011983 5.008849 4.013286 4.007233 5.005579 4.013201 2.991197 1.964156 0.951528 0.067666 0.139790 0.081612 0.103585 0.035133 0.047127 0.039282 0.034080 0.014397 0.030677 0.029015 0.039284 0.038658 0.477558 0.531596 0.056982 0.053535 0.047462 0.014397 0.018944 0.020485 0.050654 3.138279 4.190742 3.054888 1.890333 0.156353 0.019570 0.021004 0.014397 0.068517 0.024497 0.034340 0.053033 0.060035 0.035028 0.035316 0.043698 1.759585 1.805565 0.759326 0.026062
0.410432 0.352072 0.241541 2.963166 1.992960 1.997687 0.993006 1.059331 2.902157 3.993325 4.003522 4.007754 4.010772 3.985173 2.041944 0.978201 1.958986 0.964873 0.073036 0.128299 0.185280 0.173197 0.037299 0.040092 0.028939 0.028048 0.046990 0.041634 0.055205 0.080225 0.628921 1.746488 0.627639 0.058428 0.039528 0.021004 0.033378 0.034859 1.689401 4.130532 5.098231 1.871709 0.743192 0.266917 0.073341 0.061957 0.048866 0.028772 0.030952 0.023887 0.024360 0.031501 0.039177 0.032021 0.034416 0.056472 0.691451 0.649966 0.536843
0.336793 0.300633 0.198524 0.851465 0.953449 0.925979 0.100891 1.067122 1.097092 1.966096 3.018692 4.019612 4.023763 4.007185 2.050514 0.982157 0.949204 0.086231 0.086481 0.014397 0.238736 0.198785 0.042076 0.049736 0.030997 0.027626 0.043937 0.039146 0.084949 0.111834 0.711475 1.791114 1.766618 0.679927 0.035087 0.019570 0.030938 0.056352 1.615053 3.929083 3.752164 1.099490 0.424351 0.425177 0.067412 0.055412 0.045753 0.030799 0.027566 0.026847 0.014397 0.019310 0.035194 0.030708 0.045769 0.028145 0.039567 0.566650 0.549669
0.041237 0.038658 0.035378 0.029929 0.032560 0.161568 0.193164 1.076899 1.089933 0.929914 1.969361 4.009367 4.005081 3.956821 2.034868 0.975578 0.931409 0.122917 0.107066 0.203152 1.230509 1.231202 0.176537 0.172695 0.027184 0.042381 0.069160 0.621977 0.690959 0.742170 0.720578 1.777583 1.769458 0.738295 0.021080 0.035617 0.035301 0.076315 0.331459 2.279072 2.346669 1.264066 0.534041 0.523914 0.063303 0.044594 0.041619 0.058724 0.040401 0.029990 0.031884 0.027564 0.074883 0.046257 0.039268 0.152650 0.509243 0.589706 0.546785
0.048607 0.019310 0.014397 0.024284 0.038796 0.204683 1.307128 2.270592 2.315182 0.170533 0.111106 0.931068 2.979861 2.830326 2.021817 0.949975 0.943953 0.035760 0.021096 0.172791 1.226004 2.233916 2.228117 1.236997 0.130403 0.244386 1.654200 2.783653 1.805410 1.803531 1.771497 1.790722 1.794457 0.755747 0.021003 0.044593 0.054448 0.636596 0.571893 2.359120 2.454241 1.389272 0.635487 0.662432 0.707733 0.062367 0.041542 0.057031 0.033179 0.040718 0.035058 0.279776 1.312524 0.236520 0.411765 0.266588 0.434250 1.598162 0.555614
0.039896 0.045234 0.024284 0.023399 0.030872 1.242301 2.325556 3.309448 2.334559 0.022591 0.022591 0.028083 0.973422 1.062521 2.093285 0.902842 0.040510 0.032021 0.019310 0.035103 0.158954 3.232230 2.240039 0.201090 0.145068 0.250102 1.665404 2.817358 1.809516 1.787435 1.768643 1.811579 0.737504 0.680547 0.410142 0.244817 1.689854 1.755652 1.725712 2.363084 2.434622 1.476358 1.717550 1.754841 1.753242 0.615605 0.581448 0.194601 0.162133 0.260870 0.289346 1.398578 2.346061 1.394336 0.213507 0.151727 0.107287 0.337470 0.333343
0.412639 0.398365 0.033943 0.031401 0.313246 1.221467 2.259107 3.241110 2.282156 0.022591 0.022591 0.029287 0.184638 1.101418 2.134399 0.919891 0.034352 0.025749 0.014397 0.033515 0.035744 2.228642 1.230800 0.018364 0.023140 0.033027 0.576870 1.770630 0.710792 0.690641 1.745018 0.735080 0.760938 0.017967 1.048888 1.064336 2.753491 2.838428 2.869123 1.701132 1.698068 0.716441 1.749362 2.803016 2.797968 1.748122 1.689400 0.150275 0.118511 0.033241 1.376808 2.363242 3.357321 1.378659 0.301797 0.044043 0.083259 0.047615 0.062620
1.470979 2.562363 2.589201 0.441129 0.389419 1.223057 1.203293 2.229995 2.256409 0.027795 0.027794 0.296085 1.326566 2.272170 2.268881 0.168868 0.051921 0.030587 0.052239 0.048410 0.030235 0.193735 1.239941 0.187236 0.028497 0.024574 0.031761 0.090508 0.073240 0.041977 0.717022 0.702296 0.017967 0.021034 1.075081 1.713095 2.763117 3.849166 2.860612 2.906435 1.754474 1.831901 2.764609 2.766645 2.764987 2.760516 0.562910 0.033318 0.022147 0.044334 0.244606 1.030251 2.151401 0.215963 0.210228 0.089897 0.068048 0.038185 0.047968
2.446749 3.579558 3.666895 1.560244 1.524298 1.428942 0.408153 1.170405 1.237617 0.326889 0.336595 1.364230 2.358365 3.326169 3.376486 0.237751 0.076802 0.135154 0.041267 0.045630 0.029366 0.024254 0.161141 0.187915 0.024727 0.027825 0.019417 0.052254 0.017967 0.036888 0.044564 0.585721 0.566934 1.418350 1.300907 0.966209 1.629634 2.805476 3.864737 3.916355 1.755877 1.759316 1.740707 1.749409 1.698888 0.603999 0.044458 0.033794 0.021400 0.050133 0.134941 0.048714 0.051796 0.026665 0.062798 0.085718 0.071312 0.052632 0.036919
1.437838 3.570840 3.618154 2.602870 1.579742 0.488766 0.468938 0.479542 0.014447 0.365413 0.371720 2.270341 2.324729 3.247750 3.319890 0.056170 0.056282 0.034279 0.033393 0.030128 0.042298 0.181057 0.087546 0.126565 0.106589 0.092260 0.065173 0.054280 0.021034 0.017967 0.045703 0.617631 0.615207 1.458449 1.498450 0.444264 0.349760 1.686881 3.804494 3.864754 1.712241 0.646778 0.689816 0.715189 0.850410 0.659813 0.045115 0.027245 0.028300 0.055061 0.100406 0.046959 0.039025 0.038262 0.028680 0.045158 0.056054 0.079140 0.027626
0.545805 3.568960 4.581198 3.583664 1.550029 1.560163 0.490367 0.486053 0.502230 0.438101 1.347122 2.278019 3.337164 2.283592 2.324618 0.045921 0.064729 0.028559 0.021004 0.044547 0.039665 0.919969 0.141627 0.079980 0.086169 0.064827 0.105104 0.102063 0.029461 0.026604 0.043250 0.031560 0.616792 1.455268 1.559683 0.508943 0.396915 0.714054 1.665261 3.737952 0.694333 0.127007 0.061217 0.349663 0.858824 0.686887 0.073552 0.022591 0.022591 0.066780 0.066933 0.062285 0.040078 0.029518 0.025596 0.038192 0.059120 0.066170 0.020286
