use_cases/Flooding_chicago/flooding_data/output/h_1860.asc
ncols 337
nrows 393
xllcorner 428428.000000
yllcorner 4602440.000000
cellsize 26.757400
NODATA_value -9999.000000
[rows 162 to 188 of 393, columns 59 to 117 of 337]
0.315654 1.437620 1.471583 3.462912 3.466220 3.470997 2.466693 2.466040 3.461419 5.462065 4.464517 4.466655 3.462077 3.464839 2.465027 2.467833 2.462689 3.455206 4.454479 3.477100 2.346905 1.475213 1.446599 0.363257 0.026695 0.018867 0.109687 0.116021 0.122277 0.037178 0.058860 0.047219 0.327263 2.441095 3.454049 1.467279 0.354224 0.263969 0.603754 0.028679 0.025931 0.062172 0.028938 0.182762 0.249060 0.027870 0.039086 0.038627 0.027718 0.030983 0.052467 0.038872 0.079596 0.960353 0.983056 0.987095 0.042274 0.047463 0.030236
0.049645 0.341648 2.452832 3.460513 3.463305 2.467029 2.465937 3.463403 3.464558 4.461617 4.464038 3.464050 2.460266 2.460611 2.465700 0.387306 1.447999 2.453516 3.434028 3.442706 3.373945 2.444884 0.373529 0.420278 0.156995 0.040931 0.073906 0.096046 0.032356 0.051231 0.056817 0.043999 0.276926 2.421438 0.343772 0.026283 0.267922 0.200463 0.411398 0.248542 0.324195 0.251914 0.230599 0.074251 0.325889 0.288735 0.027856 0.136024 0.109947 0.069268 0.049782 0.040763 0.036614 0.035561 0.034645 0.032692 0.025444 0.054419 0.032418
0.047353 0.302836 2.453530 3.463525 2.466372 2.467773 2.467213 3.464158 3.464413 3.463958 3.465377 2.463057 2.462056 2.462022 1.464321 0.023585 0.410091 0.419856 1.132591 2.162679 3.349942 1.147924 0.038110 0.364484 0.219140 0.395915 0.363429 0.053825 0.036416 0.048500 0.044257 0.038383 0.040490 0.317291 0.029732 0.019310 0.031471 0.134926 0.269464 0.274028 0.353843 0.996053 1.116260 0.311503 0.209955 0.263634 0.216910 0.142740 0.083684 0.139550 0.106208 0.112404 0.032525 0.034385 0.034279 0.032584 0.025399 0.035286 0.139760
0.063345 0.274386 2.446908 3.452602 2.468791 1.467914 2.461018 3.464632 2.465902 1.464276 1.464454 1.464963 2.460609 2.461180 1.463169 0.025397 0.026726 0.441994 0.034359 0.021477 0.062640 0.025811 0.035926 0.054268 0.040016 0.424796 0.410713 1.474242 0.026970 0.029854 0.133675 0.028115 0.028832 0.032692 0.019310 0.014397 0.024284 0.028328 0.196702 0.137886 0.098122 1.091340 1.123446 1.051575 0.129618 0.023735 0.024341 0.065879 0.109774 0.099068 0.149176 0.056099 0.020607 0.056623 0.052855 0.050029 0.055151 0.038720 0.270449
0.086616 0.286316 1.435936 1.448908 1.461495 0.468960 1.451835 1.454925 0.465752 0.464067 0.464321 1.460356 2.458953 2.460433 1.462536 0.032585 0.039681 0.038348 0.028938 0.025871 0.018944 0.033869 0.031776 0.041121 0.046305 0.053306 0.317185 1.469768 0.035225 0.051491 0.075751 0.055565 0.056602 0.028984 0.042198 0.024284 0.023399 0.028206 0.039543 0.026070 0.030342 0.092022 1.110034 1.152679 0.067909 0.026100 0.014397 0.086048 0.077233 0.270107 0.282971 0.296513 0.024613 1.116942 1.066584 0.182999 0.027047 0.293107 1.376120
0.126520 0.111488 0.319905 0.323276 0.024497 0.468263 0.476969 0.470761 0.470331 0.467166 0.467120 1.455869 2.458227 2.461358 1.463454 0.020394 0.130958 0.033768 0.027962 0.023842 0.014397 0.021004 0.019570 0.023247 0.032661 0.044671 0.043587 0.269525 0.272817 0.259668 1.281335 1.293210 1.294854 1.287822 0.205600 0.029473 0.028419 0.094292 0.047370 0.066033 0.035655 0.077987 1.066157 1.826042 1.034500 0.041643 0.019310 0.072854 0.217601 1.291712 2.337050 1.338214 1.335063 2.314038 2.340979 0.294689 0.317795 0.344850 1.387852
0.125235 0.106158 0.127603 0.095424 0.045022 0.465303 0.479225 0.470464 0.472285 0.467044 0.467034 1.447274 2.454385 2.459539 1.466431 0.038676 0.057317 0.113552 0.035255 0.028344 0.018455 0.029380 0.047066 0.053429 0.050987 0.046867 0.031517 0.034615 0.284419 0.294934 1.288982 1.291805 1.291198 3.259833 2.280861 1.263954 0.172725 0.107558 0.123548 0.079644 2.037399 2.003668 3.028638 3.056142 1.042871 0.141518 0.039192 0.084326 0.055459 0.200134 1.350485 0.263037 0.246044 0.271217 1.335349 1.344155 1.374868 1.387639 2.401115
0.265817 0.154520 0.135254 0.058144 0.460667 1.485391 2.527473 1.486877 1.495103 1.471732 1.472126 1.482263 0.434301 0.410646 0.370984 0.196292 0.106097 0.238291 0.206102 0.038048 0.029198 0.050194 0.067513 0.044899 0.032173 0.023552 0.022591 0.022591 0.027687 0.191588 0.231348 0.247414 0.256281 2.286119 1.290446 0.258590 0.193108 0.101088 0.086083 0.846215 4.033668 4.043073 3.092565 1.032713 0.037803 0.045134 0.029030 0.055778 0.032739 0.036415 0.266502 0.044096 0.019310 0.028894 0.320217 0.370666 1.383951 2.395629 3.398348
0.017372 0.017372 0.020180 0.276941 0.431473 2.446862 3.507382 2.505582 1.507068 0.456122 0.436179 0.410352 0.018867 0.025551 0.018867 0.251072 1.320690 2.312802 1.325887 1.311923 0.212311 0.089273 0.081751 0.049920 0.036947 0.036415 0.022591 0.022591 0.027122 0.339390 0.109509 0.018501 0.023781 1.278433 0.258693 0.245906 0.139429 0.129796 0.102439 2.013793 4.063826 4.067156 2.049290 0.933291 0.036190 0.014397 0.062798 0.059776 0.018119 0.026726 0.045570 0.046920 0.014397 0.037560 0.332271 0.375354 1.375771 2.383551 3.387638
0.214501 0.128536 0.389244 0.257149 0.296849 1.318220 2.389599 1.473519 0.454804 0.453309 0.019783 0.240991 0.144290 0.018806 0.029442 1.327681 1.331657 1.336389 1.340336 1.337663 1.327171 0.085518 0.064446 0.076499 0.060997 0.037133 0.021049 0.029946 0.155444 0.982270 0.186389 0.034168 0.031348 0.034187 0.035286 0.028328 0.147005 0.221645 0.876365 1.991126 2.018262 2.026033 2.026026 0.974239 0.034271 0.035775 0.062202 0.022651 0.021844 0.029800 0.022606 0.032405 0.059719 1.366438 2.429710 1.410554 1.392071 2.374883 3.384528
0.541358 0.569720 0.491008 0.395081 0.245962 0.561038 0.614738 0.019921 0.029548 0.031670 0.029609 0.138199 0.410041 0.421517 0.369907 2.333544 1.335179 1.337378 0.343938 0.344332 1.347082 0.059103 0.040092 0.049156 0.195054 0.176474 0.167754 1.074811 3.270190 3.242642 2.239120 0.157216 0.027214 0.034966 0.042915 0.036385 0.039269 0.048234 0.058376 0.951044 2.001065 2.012189 2.013940 0.960325 0.102779 0.114160 0.048011 0.022744 0.050301 0.047285 0.045723 0.390882 2.426640 4.396988 5.451017 4.456651 3.423181 3.423637 3.406637
0.496971 1.706376 0.582013 0.474037 0.330190 0.275927 0.554166 0.591967 0.025459 0.030433 0.025490 0.082717 0.421181 0.432224 0.387773 2.342981 1.338385 1.346274 0.343218 0.342299 1.349089 0.034858 0.037285 0.263385 1.302428 2.299117 2.287222 1.370049 1.287649 3.300687 2.282764 0.198331 0.041069 0.061545 0.030465 0.039970 0.027504 0.036736 0.029595 0.050766 1.975895 2.003564 2.005537 0.935955 0.807183 0.136038 0.046532 0.023017 0.033332 0.061226 0.413822 1.536038 3.303207 6.355233 6.436698 6.448299 5.429367 5.438194 5.421170
0.536461 0.544696 0.513130 0.430229 0.289407 0.273864 0.505463 0.468322 0.271760 0.164650 0.710243 0.044293 0.424461 0.425810 2.312026 2.342290 1.326608 1.332292 0.330346 1.327784 0.332722 0.302546 0.265809 1.311016 1.314322 1.317194 2.312268 0.304724 0.260248 0.254424 1.228788 0.154122 0.036430 0.052040 0.053275 0.027732 0.029091 0.019736 0.027703 0.045250 1.977376 2.007458 2.007618 1.977121 0.809351 0.025367 0.014397 0.024330 0.055594 2.630262 3.684638 3.665884 3.353855 5.326079 6.416294 7.428595 7.437836 7.454403 6.445336
0.128021 0.225319 0.170086 0.122569 0.070869 0.092918 0.078535 0.314472 0.578743 0.576873 1.613572 0.605098 0.500258 0.459934 1.278536 2.366748 1.339140 1.353231 0.331106 0.327830 1.327734 1.333629 2.324540 1.318917 1.327529 0.257868 0.212491 0.224044 0.017372 0.017372 0.096890 0.196986 0.105010 0.662283 0.115837 0.034569 0.023949 0.040047 0.047123 0.057091 1.995282 2.032925 2.043138 0.917862 0.825959 0.026158 0.021004 0.031572 2.636032 5.767433 5.799518 3.765550 0.613759 2.110075 3.398158 4.427349 4.418607 6.404351 5.406668
0.079157 0.164102 0.142859 0.109063 0.061378 0.098380 0.084090 0.086817 0.579138 1.665552 2.688286 1.705262 0.521704 0.443832 1.301373 1.329476 1.319760 1.335549 0.308223 0.310741 0.295196 2.328158 2.339378 1.323977 0.243251 0.159569 0.420058 0.426589 0.033210 0.027138 0.090431 0.757858 1.796615 1.779489 0.122925 0.072202 0.065987 0.046576 0.033333 0.043430 0.921184 0.944814 0.880604 0.812509 0.747745 0.057830 0.019570 0.518454 5.730025 6.745410 5.743698 3.725110 1.738304 0.558235 1.341457 0.324933 0.293350 1.229819 2.377321
0.056570 0.231225 0.211342 0.162136 0.077900 0.165903 0.150574 0.145502 0.155397 0.510979 1.614157 1.683560 0.493394 0.411695 0.350361 1.272263 1.283531 1.274613 1.230827 0.276887 0.018645 0.232474 0.255023 0.219941 0.145819 0.421184 1.027129 0.388162 0.020882 0.079835 0.859097 0.881856 1.888177 0.031517 0.024757 0.028556 0.068383 0.083660 0.063893 0.953767 0.949593 0.943903 0.767022 0.613744 1.021747 0.095021 0.026465 1.762071 5.678709 6.736054 5.736972 3.716496 2.753061 0.648735 0.597683 0.050167 0.023460 0.034210 0.265240
0.308069 0.303748 0.262939 0.185355 0.399012 0.231671 0.208992 0.148230 0.225105 0.222750 0.118992 0.454377 0.381293 1.259860 1.289947 1.292688 1.269594 1.261916 1.268886 0.224722 0.024460 0.014397 0.025642 0.122065 0.388186 0.393918 1.217926 1.187910 0.141902 0.113986 0.069195 0.040590 0.738641 0.018944 0.014397 0.026604 0.021279 0.871586 0.925389 0.936766 0.029123 0.025414 0.493239 0.429822 1.651174 1.683516 1.629766 2.763062 4.701421 6.742846 6.756971 4.762915 3.773312 1.766373 0.598634 0.031929 0.027275 0.026085 0.035362
0.364815 1.361526 0.303168 0.224619 0.131689 0.073639 0.063515 0.047066 0.085121 0.144661 0.075279 0.062981 0.236583 1.259843 1.293151 1.286859 1.222851 2.134993 2.160118 1.183230 0.152078 0.024330 0.023644 0.082824 0.269855 0.277652 0.218096 1.099837 1.107960 0.103823 0.077367 0.042125 0.644761 0.030693 0.024360 0.023841 0.052042 0.834740 2.011402 1.043730 0.048294 0.030240 0.352327 0.742842 1.883766 1.839231 3.732269 3.806781 4.710497 6.733876 6.762364 5.795468 3.766099 2.780916 0.593118 0.039681 0.040336 0.018211 0.028496
0.344183 1.353199 0.322504 0.034904 0.041100 0.039192 0.029381 0.031517 0.035088 0.271492 0.020469 0.037116 0.198972 1.284848 0.020225 0.200290 2.096142 2.181705 2.193490 2.196375 1.187621 1.203388 0.169940 0.031288 0.039863 0.031700 0.141122 1.076464 1.118461 1.077878 0.058106 0.180656 1.069607 0.193429 0.035767 0.022210 0.056510 0.066921 0.950336 0.988079 0.023920 0.044058 0.772340 1.871411 1.933126 1.856027 3.725192 3.800793 4.672034 5.691377 6.719295 5.781708 2.747600 1.760935 0.665706 0.034050 0.041849 0.021660 0.037205
0.378334 0.035896 0.048027 0.056754 0.055810 0.051520 0.037728 0.034248 0.044655 0.334741 0.031518 0.028129 0.038994 0.193864 0.029239 0.176192 2.201121 2.224804 2.228785 2.221237 1.197729 1.200151 0.177509 0.025262 0.032448 0.027092 0.032158 2.071070 1.097876 1.024270 0.672173 1.128883 2.312846 1.379694 0.046765 0.050661 0.019309 0.035286 0.059780 0.032801 0.049750 0.711716 1.896146 2.905667 2.940299 1.866477 3.694378 4.829659 3.766017 3.774097 4.739190 4.812652 1.780198 0.744887 0.726452 0.071239 0.030602 0.021660 0.038430
0.025704 0.056816 0.066246 0.060371 0.047463 0.041313 0.030097 0.043832 0.043251 0.365348 0.036477 0.038048 0.046104 0.065447 0.050606 0.137363 1.035089 1.062157 1.086431 1.190030 1.174295 0.128635 0.057931 0.025490 0.017372 0.017372 0.032204 0.114460 0.169850 0.021248 0.485382 2.179584 3.352048 2.395580 0.274319 0.050960 0.027366 0.023506 0.028175 0.060291 0.677143 1.831377 2.854305 2.874007 2.893474 2.854719 4.752314 4.814293 3.735143 3.723578 3.734011 4.791742 1.739628 1.732349 1.734565 1.756308 0.032860 0.018211 0.035392
0.025704 0.045616 0.049950 0.038169 0.078209 0.063161 0.042641 0.077950 0.041573 0.373536 0.040916 0.050300 0.032159 0.039070 0.043311 0.092575 0.917551 0.910507 0.890978 0.130871 0.042832 0.075899 0.113132 0.109596 0.032417 0.024269 0.018608 0.020591 0.025306 0.021126 0.022463 1.183084 2.364441 0.262980 0.034277 0.045241 0.023567 0.022942 0.027992 0.053898 1.808018 1.831107 1.873238 2.855341 2.880916 3.765643 4.754813 3.735349 2.692402 1.690329 2.693717 3.725950 3.721705 3.725195 4.724260 3.729837 0.545063 0.025902 0.026055
0.033959 0.061714 0.046088 0.070122 0.065284 0.055295 0.037743 0.056451 0.284141 0.359613 0.043877 0.055656 0.038933 0.048927 0.037407 0.067240 0.779630 1.453230 0.745315 0.084694 0.024117 0.026649 0.123832 0.116491 1.083898 0.053960 0.036111 0.057130 0.039209 0.042349 0.096439 1.163736 1.188056 0.160637 0.033675 0.030373 0.036034 0.029626 0.043614 0.050082 0.836750 0.859866 1.880916 2.876204 3.912890 3.867143 3.866968 1.874261 0.803189 0.793238 1.673742 2.741481 3.735404 3.740841 4.729160 3.760201 1.711471 0.698609 0.035920
0.043403 0.122154 0.081795 0.156735 0.099692 0.072014 0.045402 0.214857 0.238091 0.025184 0.049187 0.014397 0.030468 0.032356 0.077294 0.064708 0.667246 1.582606 0.588686 0.050057 0.026481 0.039085 0.029625 0.118232 0.089894 0.121406 0.058342 0.074151 0.045043 0.785313 1.949832 1.911223 1.062152 0.941589 0.039436 0.035755 0.582298 0.588874 0.614906 0.040143 0.861797 1.907295 2.952046 3.939030 3.918761 4.895387 4.913219 1.882480 0.817843 0.804599 1.656811 2.742344 2.737251 2.734542 2.728977 1.749030 0.691098 0.693741 0.670591
0.125313 0.140481 0.096351 0.160944 0.386272 0.310830 0.237250 0.184638 0.187248 0.163171 0.038674 0.038124 0.045678 0.045463 0.049905 0.374263 0.501531 1.416489 1.299420 0.228856 0.038376 0.035255 0.040352 0.027184 0.065849 0.090186 0.134448 0.994370 1.963945 3.971390 4.999485 5.010506 3.985216 2.979174 1.890974 1.882838 3.887350 3.911875 2.904631 2.882835 3.905535 4.927425 3.956764 3.917083 3.913208 4.880785 4.875570 2.916902 0.842783 0.848469 0.025616 0.711234 1.711215 2.723874 1.701836 0.058360 0.047204 0.036259 0.683567
0.116981 0.109907 0.089271 0.046409 0.049721 0.293193 0.227012 0.580358 0.579753 0.094429 0.034278 0.034019 0.066948 0.046013 0.297378 0.353416 1.284862 1.377677 1.363028 1.303136 0.067970 0.027442 0.032860 0.025581 0.042680 0.048972 2.098070 3.101544 3.964138 5.030617 6.007000 6.053018 6.091439 3.020928 1.928914 2.873048 3.900029 3.940358 2.920462 3.894309 5.901295 5.919253 3.930616 3.917480 3.911080 4.881396 4.874753 3.909449 2.919701 0.865892 0.038855 0.053082 1.703578 2.727478 3.726875 1.707215 0.032996 0.661343 0.660459
0.071555 0.342263 0.051613 0.041436 0.076758 0.044794 0.151846 0.483868 1.592613 0.620842 0.026008 0.025932 0.055184 1.282032 0.310561 0.337573 1.355513 1.375949 1.361139 1.347887 0.045770 0.055774 0.027382 0.057447 0.045584 0.063394 0.921430 0.948060 1.936726 3.009538 2.952037 3.024741 2.039109 1.988998 1.923713 2.901498 2.943799 1.927408 1.928404 3.897609 5.909235 4.920660 4.966866 3.919263 3.909660 4.870833 5.884256 4.911635 3.912477 1.895647 0.863739 0.042850 1.679798 3.701672 4.701763 2.716480 1.634663 1.666319 0.626703
