use_cases/Flooding_chicago/flooding_data/output/h_1800.asc
ncols 337
nrows 393
xllcorner 428428.000000
yllcorner 4602440.000000
cellsize 26.757400
NODATA_value -9999.000000
[rows 81 to 107 of 393, columns 177 to 235 of 337]
0.059236 0.061256 0.578983 1.675071 1.644004 0.423451 0.033562 0.026070 0.026999 0.036812 0.063851 0.043862 0.038461 0.043571 0.055777 0.087288 0.088844 0.029089 0.026344 0.049133 0.081032 0.116798 0.063530 0.055336 0.042229 0.032100 0.041557 0.052957 0.241303 2.324349 3.378164 2.344297 2.363532 1.333216 0.286045 0.233760 0.155779 0.600763 1.633054 2.642743 2.644597 1.628390 1.645605 1.621568 1.625987 2.566952 4.583250 4.606758 4.603076 3.585339 2.578521 3.549384 4.557311 4.565811 5.562266 5.577658 4.572064 3.566375 4.559413
0.048959 0.035714 0.060271 1.684839 2.678048 0.433753 0.050209 0.034599 0.014396 0.020973 0.025504 0.040871 0.037620 0.036674 0.060080 0.103661 0.031852 0.019798 0.034401 0.042991 0.046022 0.074959 0.087686 0.045446 0.025139 0.027749 0.038398 0.041184 0.169048 0.278579 2.340670 2.354032 2.356850 1.327684 0.310418 0.262588 0.183364 0.145117 0.451978 0.437410 0.504246 1.605433 1.624153 1.607670 1.597675 2.576652 4.589094 5.606728 4.596691 3.571555 2.583646 2.576232 3.550279 4.559249 4.568011 4.575065 3.568651 3.570294 3.561177
0.033667 0.054003 0.084633 1.628338 2.634926 0.378825 0.054269 0.037102 0.027336 0.043801 0.028222 0.032660 0.050637 0.036918 0.070488 0.056648 0.028099 0.017372 0.033186 0.056206 0.040107 0.040047 0.055686 0.061653 0.014396 0.042983 0.023410 0.042464 0.264318 0.201666 0.289384 2.329773 1.354333 0.339015 0.325576 0.284582 0.222405 0.115425 0.061823 0.035125 0.043625 0.444584 1.480194 1.528767 0.452954 3.556880 4.546671 5.553694 4.537899 3.563729 1.561391 1.548996 1.550169 2.536492 3.566379 4.583389 3.560826 2.567796 1.551611
0.040413 0.078682 0.085656 0.534797 0.399148 0.036293 0.033469 0.045037 0.076106 0.147910 0.086234 0.072991 0.113072 0.097771 0.080131 0.031089 0.036827 0.017372 0.054497 0.041192 0.028633 0.030663 0.026833 0.022454 0.042451 0.034701 0.058492 0.633734 0.522878 0.264799 0.165991 1.303111 0.346242 0.352179 0.353390 1.339190 0.236692 0.038703 0.021462 0.035518 0.031518 0.191642 0.212921 0.133925 0.032906 0.051758 1.050837 1.991998 1.087503 1.161057 0.321375 0.050974 0.026406 0.048643 0.462961 2.582837 1.589214 0.545648 0.509980
0.044609 0.056771 0.123986 0.092903 0.066856 0.026222 0.029733 0.069557 0.089500 0.133339 0.161018 0.150399 0.108346 0.262184 0.042030 0.033639 0.029030 0.038918 0.050453 0.046165 0.029533 0.030969 0.036828 0.067168 0.633554 1.812539 1.808317 1.818107 0.737846 0.046582 0.024638 0.066385 0.309278 0.312911 1.277684 1.284615 0.174221 0.039329 0.022774 0.018303 0.020089 0.367074 0.276193 0.034173 0.045586 0.023841 0.035546 0.051050 0.045660 0.034377 0.117445 0.039341 0.052299 0.025520 0.022989 0.427017 0.451424 0.021967 0.022042
0.043327 0.101311 0.109490 0.078133 0.029976 0.017372 0.047980 0.105477 0.065206 0.050849 0.046181 0.179725 0.222970 0.195701 0.118585 0.097878 0.035423 0.054054 0.030891 0.029610 0.056267 0.055932 0.094559 1.679031 3.860489 3.874619 4.849057 3.887079 1.862347 0.055241 0.084873 0.081148 0.228729 0.043658 0.064767 0.073361 0.047202 0.039071 0.026893 0.032449 0.595891 0.500265 0.035210 0.032295 0.030311 0.035225 0.031395 0.040657 0.037803 0.046565 0.117986 0.036506 0.035271 0.066201 0.261377 0.342433 0.296505 0.221649 0.018007
0.039192 0.027259 0.156059 0.027489 0.021843 0.017372 0.076912 0.071694 0.024253 0.023171 0.030830 0.127908 0.141777 0.289437 0.162911 0.103677 0.071390 0.076434 0.033386 0.039833 0.034095 0.038445 0.034554 1.609501 3.836379 4.836842 5.630268 4.853870 2.825674 0.074417 0.028862 0.065837 0.062950 0.033965 0.045173 0.039284 0.050973 0.079812 0.078850 0.635078 0.629481 0.595404 0.041603 0.036979 0.025704 0.017372 0.028938 0.027596 0.034341 0.038444 0.065346 0.051734 0.061257 0.079735 0.244645 0.280026 0.776085 1.818465 0.905638
0.044182 0.024910 0.027352 0.039665 0.062294 0.045540 0.075095 0.090919 0.029519 0.023994 0.021859 0.089851 0.293679 0.231591 0.237587 0.152642 0.106698 0.093323 0.040352 0.035652 0.032876 0.045051 0.033028 2.859180 3.857388 3.851214 4.850118 4.853664 2.817127 0.076223 0.040917 0.045555 0.051232 0.025697 0.026797 0.038353 0.062491 0.054009 0.092888 0.083488 0.591528 0.630134 0.512172 0.030571 0.025704 0.017372 0.028937 0.027580 0.045231 0.053672 0.054435 0.032539 0.033806 0.042424 0.036597 0.156624 0.788669 1.922510 1.936424
0.039863 0.032967 0.046058 0.059853 0.069324 0.045754 0.054894 0.023994 0.029519 0.047752 0.056304 0.049453 0.042244 0.111226 0.245969 0.186555 0.108151 1.850149 0.696764 0.068301 0.046697 0.844951 0.868226 2.789375 3.858830 3.848894 3.840565 2.849155 1.799162 0.077254 0.063040 0.038261 0.037377 0.021751 0.032433 0.042854 0.038582 0.072045 0.048607 0.044288 0.105079 0.591872 0.524896 0.045075 0.036705 0.021920 0.037918 0.070443 0.055946 0.062450 0.044456 0.058116 0.039680 0.061455 0.041019 0.086705 0.849360 0.915250 1.912032
0.093055 0.039040 0.061973 0.082069 0.067239 0.045891 0.034966 0.023170 0.024254 0.033058 0.037880 0.049202 0.041940 0.113763 1.769384 1.829366 0.805945 1.861192 1.878944 1.870845 0.874410 0.885183 1.841229 1.832704 3.840919 2.841006 1.831348 0.706298 0.060480 0.060661 0.051750 0.056785 0.038384 0.023735 0.025185 0.030526 0.033044 0.037819 0.053367 0.055657 0.100562 0.098718 0.537727 0.075677 0.032921 0.019844 0.047432 0.047387 0.036064 0.040840 0.053764 0.095863 0.079170 0.076773 0.119392 0.715076 1.869316 1.909637 1.911835
0.186162 0.940361 0.931659 0.157171 0.056412 0.050530 0.037514 0.027321 0.027687 0.036857 0.042823 0.035410 0.047723 1.755288 2.904954 2.914001 2.908129 1.897445 1.931784 1.921321 0.899850 0.904681 0.886501 1.828329 2.832714 1.869522 1.831090 0.074429 0.055046 0.043251 0.034629 0.038200 0.029046 0.025245 0.017372 0.017372 0.019798 0.042626 0.059365 0.052009 0.188409 0.113823 0.117181 1.124869 0.103798 0.032219 0.040565 0.068703 0.053230 0.040093 0.063372 0.070793 0.050010 0.071762 0.136155 0.655749 1.845678 1.888162 1.886626
3.323370 3.276815 2.285182 1.254034 0.102189 0.050697 0.044111 0.023613 0.038022 0.038841 0.046639 0.045952 0.139930 1.817564 2.913646 3.909772 3.911717 2.911937 2.924240 1.905708 1.904779 1.905727 1.904750 1.868882 1.883006 1.881646 0.810960 0.046105 0.046195 0.057352 0.031440 0.026024 0.030357 0.037728 0.025704 0.025703 0.068352 0.046395 0.072563 0.231552 0.301002 0.030525 0.027627 1.127068 0.093222 0.049414 0.056161 0.076097 0.049422 0.240529 0.160408 0.146004 0.138828 0.088778 0.106828 0.158193 1.804376 0.933214 0.958270
4.316405 4.310099 3.300961 1.279364 0.014396 0.053732 0.039224 0.071646 0.052410 0.511525 0.514947 0.346524 0.256823 1.771214 2.911449 3.930125 3.932072 3.923100 2.931848 3.905904 3.916346 3.916927 3.920907 3.926585 2.919082 1.893377 0.050920 0.065739 0.047372 0.068826 0.048760 0.049293 0.042280 0.045113 0.029046 0.029046 0.023834 0.052498 0.044876 0.058682 0.054694 0.053289 0.037880 0.062950 0.097404 0.065602 0.060078 1.494266 1.517987 0.339971 1.120478 1.159003 0.144102 0.097431 0.175671 0.170725 0.324205 0.771402 0.931882
4.319193 4.340868 3.317423 1.304600 0.040104 0.126039 0.963726 1.076047 0.958590 0.801925 0.692125 0.391523 1.017029 1.648466 1.907272 1.934660 2.915654 2.927779 2.936770 3.902312 5.905649 6.918906 5.921974 5.923014 2.902141 1.886871 0.935982 0.076531 0.122589 0.045889 0.061089 0.045350 0.048012 0.095909 0.057766 0.082344 0.062813 0.070457 0.061425 0.069909 0.082814 0.133248 0.138130 0.179955 0.150079 0.501839 0.533041 1.510392 1.543341 0.354252 1.150713 1.192373 0.150136 0.112955 0.067956 0.279388 0.484748 0.385509 1.010741
3.348172 2.326287 2.327586 1.271259 1.281891 2.175893 2.206658 2.192654 0.984038 0.844629 0.710763 0.953798 0.645286 0.756594 0.892618 1.896212 2.917935 2.928320 2.934381 3.907089 5.910392 6.916307 6.923803 3.909005 1.895086 0.845741 0.060388 0.070396 0.112740 0.114220 0.568616 0.081857 0.092493 0.110549 0.076927 0.091961 0.064537 0.063362 0.076256 0.049278 0.047889 0.114812 0.128685 0.170693 0.131658 0.505870 0.544970 1.536764 0.472819 0.306552 1.133178 1.165678 0.117034 0.089285 0.591403 0.526075 0.421418 0.360469 0.306353
2.349013 1.307689 1.287465 2.231492 2.280843 2.179863 2.217644 1.062645 0.968000 0.859736 0.915417 0.022591 0.022591 0.124561 0.757266 1.890170 3.910347 3.925525 1.918487 2.890433 3.900059 4.905944 5.910819 2.901136 0.902122 0.878082 0.061440 0.052041 0.019310 0.163516 0.712533 0.107461 0.075583 0.071236 0.028618 0.023384 0.018440 0.035958 0.052375 0.040779 0.036477 0.041985 0.037855 0.040428 0.096199 0.497290 0.536991 1.533697 0.431646 1.071078 1.103959 1.017356 1.736883 1.779239 2.782020 1.790548 0.619490 0.518091 0.446776
2.334226 1.317795 1.304133 2.251184 2.307596 1.166377 1.215693 0.140754 0.075689 0.711704 0.782423 0.022591 0.022591 0.144830 0.705385 2.876098 3.923316 3.932086 1.931355 0.919525 1.915997 2.915098 2.913806 1.908951 1.915992 1.911655 0.839890 0.035351 0.027366 0.023507 0.686626 0.068733 0.050331 0.051780 0.030907 0.014396 0.027290 0.039117 0.077492 0.070835 0.038521 0.056372 0.048378 0.053246 0.047356 0.424957 1.551685 1.592715 0.447915 1.030895 1.061875 1.818805 1.810281 2.747419 2.826611 1.738142 1.775569 0.587036 0.506148
2.340745 2.326260 2.319082 2.285761 2.330731 0.271576 0.192479 0.031991 0.071711 0.660899 0.692063 1.666324 0.523793 0.328519 0.813756 2.886492 3.919806 2.923178 1.925318 0.915741 1.914290 1.918371 1.920626 1.911276 2.920317 3.927285 2.885600 0.079920 0.023566 0.022942 0.632475 0.065450 0.040748 0.034996 0.024895 0.025185 0.036782 0.054573 0.078269 0.066857 0.046272 0.060249 0.042458 0.042504 0.043141 1.523794 2.567479 2.612754 1.597120 0.376587 0.320899 0.178863 0.654097 0.651002 1.695491 1.704753 0.637268 0.579916 0.504224
2.362009 1.309381 1.305376 1.279776 1.306440 0.243942 0.038709 0.054504 0.036216 0.659074 1.606862 1.666188 0.502910 0.329487 0.232177 2.818702 3.931010 2.940098 1.927160 1.923658 1.923375 2.916679 2.928083 2.915765 3.914739 4.919059 2.883117 0.086235 0.040764 0.039802 1.503462 0.278321 0.056481 0.042075 0.027459 0.024788 0.040473 0.038445 0.129615 0.129507 0.082770 0.056740 0.052392 0.128438 0.480894 1.306384 2.487960 2.559837 1.553381 0.416734 0.400889 0.032676 0.080423 0.062718 0.550069 1.679093 0.637302 0.034798 0.030846
1.369506 0.329533 0.312083 0.275012 0.215966 0.037452 0.033455 0.038917 0.033928 0.056167 1.597576 0.612577 0.044615 0.033434 0.126897 1.854997 2.929869 1.925118 1.926397 1.921896 2.913865 3.920957 2.922011 3.873980 4.912112 3.911201 1.881358 0.080353 0.032890 0.028693 1.561646 0.342444 0.039572 0.026009 0.051948 0.047112 0.049842 0.038369 0.112572 0.110589 1.099731 0.052987 0.163726 1.120045 1.629729 0.424223 0.406655 0.373247 0.036873 0.036858 0.044578 0.046393 0.097315 0.062773 0.037422 0.656203 0.620711 0.030434 0.045891
1.352106 0.334509 0.325025 0.262592 0.048490 0.041258 0.041878 0.026115 0.026955 0.031609 0.116699 0.034386 0.019371 0.038124 0.035517 0.818071 1.926622 0.903670 0.038084 0.899081 2.907008 3.909117 3.921735 2.910964 1.901006 0.857607 0.846891 0.068668 0.020867 0.256812 0.350998 0.290052 0.037193 0.042763 0.043297 0.217705 0.184434 0.192802 0.256189 0.258576 0.045998 0.053367 0.235470 1.095515 0.446034 0.018486 0.043678 0.041771 0.019753 0.046882 0.032439 0.089593 0.077996 0.022591 0.022591 0.041954 0.459981 0.421229 0.045443
1.345271 1.342684 1.335390 0.236663 0.030693 0.027116 0.022103 0.017967 0.021034 0.021263 0.071509 0.030648 0.028134 0.019615 0.026894 0.034202 0.926647 0.039898 0.049434 0.911994 2.926038 3.922599 3.919046 0.868795 0.044948 0.017372 0.064245 0.932279 0.957028 0.156154 0.232115 0.202703 0.169598 0.196997 0.242203 0.299020 1.242581 2.266250 0.256814 0.230509 0.148371 0.160954 0.094005 0.586088 0.664102 0.023629 0.021969 0.017372 0.017372 0.020180 0.043892 0.033287 0.102269 0.022591 0.022591 0.031120 0.391609 0.405319 0.031669
1.349414 2.344113 1.339711 0.227907 0.033287 0.034920 0.050394 0.032522 0.017967 0.046822 0.064689 0.050621 0.071114 0.046318 0.029305 0.024224 0.882048 1.950114 0.950754 1.927002 2.923387 3.920446 3.924983 0.881432 0.045451 0.017372 0.063000 1.972707 1.975113 1.022870 1.037348 1.033755 0.163357 0.218651 0.258708 0.224184 1.243903 2.274163 1.248074 0.212792 0.140191 0.166113 0.097106 0.751144 1.900122 0.877891 0.030907 0.020134 0.045616 0.040031 0.036933 0.028012 0.075523 0.045418 0.040505 0.188835 0.294755 0.272603 0.130166
1.331675 1.331733 1.322219 0.199022 0.051321 0.040260 0.051278 0.031501 0.020378 0.051139 0.030525 0.043480 0.060309 0.052055 0.068408 0.774313 2.940688 3.958087 2.959322 2.943311 2.933523 2.931262 2.938345 2.954067 1.946912 1.954535 1.909766 1.959217 1.942614 1.013173 1.034518 1.019592 0.110861 0.176885 0.179082 0.020805 0.042168 0.173453 1.250635 0.204294 0.131889 0.136767 0.864123 1.872845 1.867992 0.878208 0.109202 0.058780 1.883847 0.899727 0.044550 0.653375 0.033684 0.041191 0.102560 1.574621 0.693322 0.653731 0.562482
0.033831 0.221281 0.203960 0.155665 0.102871 0.090124 0.086401 0.038948 0.039649 0.030250 0.025704 0.032402 0.070169 1.897410 3.967159 3.982270 3.972179 3.973877 3.998947 2.950769 2.940827 2.937962 2.948225 2.954435 3.951047 3.959286 3.936272 1.966776 0.921549 0.058602 1.041267 1.009098 0.984616 0.112500 0.031622 0.026543 0.025810 0.028343 0.142022 0.165053 0.096417 0.104760 0.830417 1.810233 0.825883 0.022591 0.022591 0.043588 1.871493 0.865242 0.733142 0.633513 0.382452 0.317357 0.205620 2.616718 1.742930 1.707787 1.684409
0.018425 0.037715 0.037780 0.082096 1.975772 2.045653 2.022159 0.872288 0.052706 0.040098 0.022850 0.035758 0.062581 1.718909 2.851319 2.899914 3.914414 3.905294 3.906065 2.907135 2.909897 2.905251 2.922226 2.930431 3.950815 3.945915 3.929127 1.920584 0.073269 0.045937 0.038655 0.090211 0.052619 0.051263 0.034499 0.018562 0.034034 0.028009 0.081799 0.093133 0.131519 0.074456 0.904116 0.906577 0.062494 0.022591 0.022591 0.266072 0.882613 1.034788 0.032176 0.021130 0.165852 0.162186 0.169990 2.645248 1.769411 0.701104 0.693233
0.023400 0.029640 0.025597 1.017521 2.013214 2.038488 1.029165 2.000132 2.040148 0.803892 0.622132 0.501463 0.756779 0.400622 0.214671 0.103176 0.523080 0.513116 0.568296 0.680716 1.897952 2.909411 2.903403 2.898296 2.917594 3.921363 2.886206 0.066163 0.043281 0.053504 0.034782 0.042473 0.049544 0.035868 0.030250 0.024010 0.028924 0.036462 0.063834 0.146408 0.130136 0.097693 1.942807 1.986313 0.914368 0.885476 0.728476 0.404923 0.876083 0.926198 0.784229 0.472864 0.365700 0.259119 0.606027 2.712491 1.781103 0.067605 0.060244
