use_cases/Flooding_chicago/flooding_data/output/h_180.asc
ncols 337
nrows 393
xllcorner 428428.000000
yllcorner 4602440.000000
cellsize 26.757400
NODATA_value -9999.000000
[rows 135 to 161 of 393, columns 59 to 117 of 337]
-9999.000000 -9999.000000 -9999.000000 -9999.000000 -9999.000000 -9999.000000 -9999.000000 -9999.000000 -9999.000000 -9999.000000 -9999.000000 -9999.000000 -9999.000000 -9999.000000 -9999.000000 0.050767 0.064287 0.049998 0.049811 0.201319 0.269225 0.264211 0.025093 0.550764 0.091559 0.134898 0.138103 0.107729 0.077558 0.042474 0.035413 0.058482 0.053778 0.172414 0.181890 0.138886 0.027870 0.022609 0.022609 0.106209 0.029804 0.041367 0.034202 0.119169 0.108246 0.078215 0.188273 0.813358 0.148677 0.040098 0.039757 0.092539 0.058046 0.039940 0.045763 0.063075 0.064516 0.048965 0.053388
-9999.000000 -9999.000000 -9999.000000 -9999.000000 -9999.000000 -9999.000000 -9999.000000 -9999.000000 -9999.000000 -9999.000000 -9999.000000 -9999.000000 -9999.000000 -9999.000000 0.024754 0.094163 0.089442 0.069628 0.039163 0.043747 0.230790 0.018267 0.022705 0.157819 0.033162 0.040569 0.030709 0.053880 0.331499 0.051540 0.075967 0.049832 0.058747 0.036163 0.191757 0.031117 0.068257 0.031586 0.044138 0.062015 0.054784 0.049968 0.056654 0.089555 0.095340 0.085262 0.045198 0.149280 0.160564 0.043024 0.046630 0.028579 0.024807 0.026039 0.037773 0.023614 0.094205 0.014329 0.043561
-9999.000000 -9999.000000 -9999.000000 -9999.000000 -9999.000000 -9999.000000 -9999.000000 -9999.000000 -9999.000000 -9999.000000 -9999.000000 -9999.000000 -9999.000000 0.033333 0.048094 0.042216 0.039358 0.037227 0.032084 0.037252 0.041360 0.238752 0.270811 0.202476 0.050121 0.058861 0.042989 0.391627 0.384128 0.257144 0.054547 0.031319 0.035896 0.034832 0.037761 0.225673 0.044870 0.041046 0.077965 0.092736 0.042981 0.061500 0.079335 0.056297 0.086893 0.025844 0.025475 0.059400 0.057794 0.018005 0.040576 0.100075 0.121786 0.033840 0.030018 0.132312 0.076489 0.049777 0.033283
-9999.000000 -9999.000000 -9999.000000 -9999.000000 -9999.000000 -9999.000000 -9999.000000 -9999.000000 -9999.000000 -9999.000000 -9999.000000 0.041931 0.064520 0.045391 0.056998 0.052437 0.045161 0.017943 0.021005 0.053412 0.046009 0.072285 0.072508 0.056008 0.074126 0.071802 0.049841 0.068710 0.419477 0.315524 0.054957 0.027817 0.018005 0.029018 0.052026 0.197630 0.030455 0.032614 0.129846 0.108276 0.138558 0.186909 0.150196 0.094665 0.076402 0.033967 0.032704 0.078928 0.077254 0.020974 0.040183 0.686861 0.088281 0.040389 0.018005 0.031200 0.139192 0.152346 0.101428
-9999.000000 -9999.000000 -9999.000000 -9999.000000 -9999.000000 -9999.000000 -9999.000000 -9999.000000 -9999.000000 -9999.000000 -9999.000000 0.060189 0.038334 0.057759 0.057601 0.037017 0.085906 0.032550 0.017943 0.027937 0.021765 0.047493 0.055809 0.014329 0.036550 0.026770 0.052150 0.138541 0.145725 0.098830 0.033135 0.034585 0.020974 0.039381 0.032693 0.115020 0.069359 0.158909 0.122199 0.629770 0.588042 0.136885 0.035265 0.034886 0.027366 0.041159 0.034255 0.061842 0.058857 0.018005 0.039742 0.117815 0.118307 0.037624 0.020974 0.036873 0.040654 0.145924 0.101289
0.014329 -9999.000000 -9999.000000 -9999.000000 -9999.000000 -9999.000000 -9999.000000 -9999.000000 -9999.000000 -9999.000000 0.039882 0.035309 0.056610 0.063401 0.052595 0.087623 0.283456 0.034274 0.028255 0.024900 0.053633 0.060465 0.063253 0.061343 0.040588 0.027985 0.070817 0.201424 0.217061 0.159312 0.030728 0.027817 0.018005 0.031699 0.036218 0.072080 0.167668 0.173826 0.122773 0.670980 0.048097 0.038528 0.027484 0.039387 0.025678 0.033156 0.027166 0.173730 0.172624 0.029924 0.043443 0.029393 0.136740 0.028641 0.018005 0.028189 0.027342 0.026821 0.048110
0.028720 -9999.000000 -9999.000000 -9999.000000 -9999.000000 -9999.000000 -9999.000000 -9999.000000 0.014329 0.172369 0.054195 0.044885 0.062600 0.067161 0.062477 0.035741 0.299142 0.217424 0.027567 0.028755 0.392269 0.047282 0.056527 0.048290 0.239007 0.187299 0.095334 0.205274 0.228201 0.217137 0.074679 0.031358 0.036031 0.040256 0.029371 0.053758 0.193434 0.195035 0.138585 0.655884 0.093529 0.052518 0.024730 0.218769 0.208133 0.032154 0.030280 0.161830 0.156167 0.136261 0.036326 0.033607 0.126191 0.118537 0.027898 0.024887 0.028698 0.039287 0.045585
0.035724 0.022609 0.022609 0.049205 0.036109 0.062839 0.057227 0.044956 0.227798 0.149995 0.065610 0.047214 0.061993 0.066997 0.014329 0.038617 0.034569 0.161868 0.104792 0.080353 0.400265 0.043242 0.043566 0.044075 0.201813 0.026801 0.031369 0.035859 0.188360 0.229209 0.099321 0.141532 0.149255 0.148758 0.121134 0.056862 0.226400 0.172297 0.148020 0.154916 0.144384 0.068029 0.027114 0.169023 0.183593 0.168295 0.146373 0.157191 0.155486 0.158827 0.033257 0.032432 0.103938 0.089700 0.052053 0.034223 0.037568 0.084316 0.132052
0.029522 0.022609 0.022609 0.066149 0.055376 0.032905 0.086677 0.078336 0.043873 0.140750 0.035490 0.051273 0.047022 0.046659 0.037748 0.033863 0.047553 0.121607 0.655532 0.020352 0.048309 0.046332 0.418262 0.048367 0.049540 0.017339 0.032999 0.037980 0.078732 0.085563 0.110865 0.150009 0.175026 0.153737 0.097709 0.325014 0.244235 0.047562 0.069476 0.114278 0.106488 0.062675 0.039042 0.031933 0.151867 0.169475 0.180667 0.164009 0.157520 0.150404 0.025612 0.025356 0.067441 0.050514 0.127448 0.093566 0.145340 0.111403 0.163349
0.035762 0.051210 0.021796 0.063355 0.053937 0.032459 0.097512 0.102823 0.029992 0.038127 0.050688 0.043511 0.152977 0.133841 0.110098 0.020979 0.041881 0.167498 0.026143 0.017943 0.028858 0.059576 0.363301 0.027904 0.043015 0.017339 0.045298 0.024154 0.061253 0.053581 0.049712 0.050965 0.059017 0.063623 0.049038 0.089050 0.041616 0.064076 0.042504 0.154916 0.095293 0.117981 0.026270 0.036392 0.028042 0.049895 0.042845 0.035352 0.021428 0.120673 0.076522 0.210562 0.198025 0.176869 0.153901 0.108588 0.049906 0.049468 0.040097
0.071868 0.056143 0.054728 0.034928 0.032436 0.069709 0.068832 0.023250 0.042374 0.014329 0.055324 0.042655 0.146321 0.113560 0.090317 0.055519 0.044024 0.032927 0.026982 0.021005 0.017943 0.092965 0.063978 0.024990 0.014329 0.044291 0.032183 0.079351 0.080319 0.038219 0.033126 0.034766 0.071580 0.068090 0.060620 0.046280 0.051116 0.068000 0.053767 0.037686 0.151819 0.157494 0.025663 0.017339 0.017339 0.025535 0.053340 0.038064 0.182915 0.132967 0.077681 0.210808 0.196838 0.179177 0.163753 0.026220 0.028160 0.042174 0.033259
0.066554 0.145443 0.143699 0.041477 0.033945 0.100133 0.109272 0.035263 0.030214 0.039396 0.041128 0.035770 0.021398 0.054011 0.169022 0.186827 0.162460 0.123929 0.042220 0.034357 0.046232 0.028516 0.031915 0.081035 0.019216 0.036545 0.108229 0.143361 0.064557 0.038201 0.056038 0.061525 0.039850 0.107429 0.096683 0.017339 0.017339 0.120583 0.032865 0.034306 0.040728 0.179699 0.059168 0.029532 0.033132 0.025514 0.053580 0.198522 0.223865 0.020769 0.058231 0.242294 0.028341 0.024802 0.142859 0.017339 0.017339 0.020146 0.036107
0.039097 0.122351 0.155745 0.023229 0.249810 0.326049 0.076962 0.089402 0.100910 0.036254 0.053796 0.052161 0.036002 0.133326 0.148362 0.164063 0.128141 0.089056 0.064998 0.036006 0.029092 0.025054 0.036942 0.066244 0.040653 0.298325 0.269938 0.106780 0.033485 0.022643 0.018260 0.083240 0.059661 0.125945 0.098301 0.080351 0.108416 0.132397 0.053085 0.060204 0.044627 0.065830 0.070338 0.057995 0.079776 0.098743 0.070751 0.223574 0.032699 0.033036 0.078515 0.054376 0.046945 0.029015 0.122202 0.025707 0.025707 0.036064 0.030997
0.042916 0.269648 0.079244 0.052071 0.268606 0.040513 0.083477 0.098456 0.073620 0.166344 0.040361 0.050003 0.058120 0.090682 0.131791 0.021320 0.073317 0.148184 0.122142 0.042607 0.033008 0.040834 0.029441 0.242724 0.259248 0.330484 0.236258 0.041839 0.037916 0.024863 0.128230 0.106946 0.084407 0.047244 0.074281 0.563064 0.088397 0.049634 0.082714 0.031744 0.039689 0.030436 0.070069 0.572166 0.082328 0.104898 0.100776 0.018716 0.055934 0.040383 0.084869 0.063841 0.038086 0.089915 0.065358 0.055041 0.040270 0.293346 0.361412
0.083551 0.173308 0.049272 0.039971 0.214517 0.028677 0.018099 0.100532 0.068543 0.163038 0.095304 0.092657 0.096636 0.115831 0.032572 0.020745 0.064809 0.084110 0.180696 0.128235 0.039649 0.032235 0.031240 0.277468 0.277197 0.037956 0.047867 0.032830 0.025042 0.032600 0.132506 0.117515 0.096616 0.062029 0.082899 0.588112 0.040451 0.074840 0.103809 0.046125 0.056701 0.042233 0.102707 0.587905 0.082806 0.092259 0.108434 0.023653 0.057136 0.034901 0.076643 0.045259 0.103350 0.069794 0.113943 0.120453 0.302756 0.313732 0.295751
0.112748 0.084374 0.030419 0.027751 0.127174 0.104676 0.021799 0.022422 0.061518 0.108758 0.258283 0.046905 0.226511 0.074792 0.049283 0.032531 0.025124 0.059930 0.120399 0.268647 0.262736 0.083291 0.191353 0.257608 0.223512 0.047910 0.028533 0.045885 0.024554 0.014329 0.034822 0.032485 0.025340 0.068017 0.037338 0.166508 0.039395 0.072708 0.037561 0.062741 0.067298 0.048278 0.161320 0.134333 0.123924 0.027327 0.032959 0.031014 0.037876 0.085844 0.059362 0.117832 0.090015 0.051393 0.107968 0.055444 0.075720 0.053940 0.039104
0.301851 0.055664 0.049638 0.023416 0.331068 0.071869 0.051728 0.022422 0.021799 0.027304 0.176873 0.723224 0.159593 0.053311 0.024982 0.017339 0.024884 0.048926 0.081749 0.287371 0.342631 0.348947 0.042103 0.064069 0.078634 0.064032 0.095935 0.039684 0.053452 0.034798 0.026603 0.030789 0.024833 0.070180 0.037981 0.254587 0.213062 0.057924 0.046861 0.023844 0.025882 0.051828 0.161239 0.153860 0.042334 0.017339 0.035824 0.027378 0.132122 0.084787 0.138478 0.088957 0.056733 0.119915 0.014329 0.065476 0.051563 0.050941 0.014329
0.246349 0.424660 0.393747 0.130434 0.212489 0.059897 0.039945 0.044268 0.018099 0.026254 0.126582 0.702151 0.110662 0.052498 0.024982 0.017339 0.030434 0.051028 0.075064 0.280821 0.339381 0.349387 0.064932 0.098517 0.046432 0.073243 0.082719 0.065272 0.062407 0.040750 0.042414 0.073989 0.093879 0.069127 0.268124 0.239966 0.222009 0.066695 0.050388 0.025896 0.036807 0.027887 0.064552 0.060688 0.079384 0.017339 0.117713 0.088410 0.150070 0.089068 0.100562 0.188044 0.163573 0.781511 0.058783 0.064895 0.062773 0.014329 0.026429
0.149459 0.479571 0.503776 0.089889 0.037285 0.025135 0.027628 0.079917 0.053425 0.056235 0.032652 0.113630 0.109877 0.025831 0.041066 0.021918 0.044959 0.063227 0.035624 0.043486 0.340864 0.038107 0.033665 0.051304 0.070863 0.077224 0.069441 0.478220 0.476984 0.062671 0.093317 0.041864 0.024924 0.031074 0.027623 0.066297 0.087764 0.103930 0.052643 0.079012 0.027460 0.033052 0.065472 0.050291 0.036285 0.067890 0.121936 0.105729 0.054357 0.072243 0.076646 0.185465 0.186342 0.127914 0.081508 0.055403 0.045546 0.029681 0.054171
0.136385 0.471819 0.495697 0.027987 0.025706 0.014329 0.077947 0.066928 0.172669 0.032940 0.031299 0.020248 0.148691 0.034563 0.038947 0.020207 0.039015 0.050786 0.096277 0.073134 0.055160 0.029620 0.045074 0.070181 0.085909 0.018846 0.087693 0.055934 0.035558 0.755805 0.108403 0.044516 0.025470 0.032934 0.038764 0.028258 0.137944 0.023971 0.044476 0.061510 0.085618 0.037334 0.032791 0.020742 0.055002 0.033029 0.033171 0.075681 0.049494 0.056604 0.027389 0.071950 0.057834 0.037410 0.058437 0.131422 0.114933 0.097890 0.071490
0.128549 0.421510 0.429356 0.035273 0.018889 0.051045 0.052133 0.041743 0.177489 0.153091 0.151519 0.157671 0.159097 0.135700 0.051362 0.021771 0.082004 0.054312 0.074769 0.514978 0.044972 0.082582 0.041087 0.077425 0.098570 0.025529 0.036968 0.043314 0.035048 0.156558 0.183416 0.168804 0.067248 0.068865 0.027733 0.032265 0.162827 0.176691 0.178016 0.151057 0.054010 0.017339 0.034770 0.068791 0.055354 0.034271 0.035962 0.059792 0.084723 0.175571 0.179325 0.126020 0.094847 0.058166 0.069096 0.128658 0.760558 0.126730 0.031856
0.070481 0.130180 0.093255 0.033568 0.027713 0.075549 0.107922 0.127147 0.147941 0.140031 0.142068 0.156073 0.165010 0.174854 0.039382 0.044926 0.061465 0.044852 0.077612 0.040521 0.269419 0.062343 0.098202 0.079011 0.119911 0.115963 0.042470 0.024890 0.024617 0.217121 0.227453 0.203905 0.073272 0.069839 0.107099 0.033746 0.028664 0.179680 0.167247 0.132094 0.042478 0.017339 0.030046 0.047597 0.073751 0.131978 0.136663 0.082775 0.091021 0.173451 0.174346 0.134476 0.108772 0.067208 0.073729 0.209002 0.034063 0.041335 0.053166
0.064780 0.126134 0.028691 0.032772 0.061263 0.545863 0.078631 0.120048 0.139069 0.124336 0.123896 0.024554 0.030085 0.025379 0.097247 0.077243 0.034842 0.030167 0.065135 0.036830 0.245155 0.206619 0.084139 0.081997 0.129014 0.122900 0.048774 0.031178 0.030257 0.187704 0.205696 0.219238 0.075519 0.067118 0.106366 0.036599 0.040903 0.027460 0.144762 0.110702 0.037878 0.020146 0.065520 0.039234 0.054893 0.107935 0.117884 0.080128 0.112012 0.054551 0.159295 0.125308 0.123356 0.017943 0.026143 0.045377 0.054374 0.044806 0.051629
0.048388 0.129801 0.023142 0.028882 0.092689 0.567231 0.050407 0.022609 0.022609 0.104899 0.103972 0.024724 0.030677 0.029301 0.062270 0.132519 0.044505 0.031566 0.035458 0.307625 0.155319 0.160513 0.076815 0.077298 0.127364 0.112907 0.058048 0.030887 0.025665 0.049075 0.034950 0.244733 0.080554 0.051642 0.022032 0.038790 0.035124 0.026334 0.090613 0.077357 0.030396 0.043823 0.038287 0.066303 0.040292 0.082006 0.095919 0.014329 0.025671 0.050663 0.029972 0.084245 0.017943 0.021005 0.026982 0.050362 0.040878 0.333983 0.036228
0.091293 0.070511 0.045813 0.063468 0.135135 0.127631 0.041284 0.022609 0.022609 0.068820 0.064081 0.050872 0.058469 0.019725 0.045113 0.421435 0.043629 0.079496 0.137591 0.233713 0.106819 0.060016 0.064304 0.053896 0.039078 0.028159 0.035597 0.027358 0.116402 0.028294 0.027370 0.068296 0.096269 0.042405 0.051702 0.022092 0.048290 0.193729 0.241204 0.229706 0.066915 0.032444 0.047939 0.048691 0.083246 0.112576 0.057325 0.054876 0.031087 0.039038 0.037336 0.079245 0.060107 0.049996 0.042537 0.033102 0.173762 0.018783 0.025457
0.105987 0.075743 0.043385 0.061774 0.161718 0.192413 0.034132 0.028818 0.050979 0.049746 0.209088 0.185818 0.044882 0.028390 0.036416 0.428579 0.439172 0.465096 0.429101 0.040210 0.044239 0.042472 0.059672 0.053466 0.053765 0.018857 0.047241 0.077973 0.821115 0.042483 0.028436 0.026258 0.044291 0.032049 0.072595 0.030495 0.030292 0.180181 0.162962 0.027514 0.022402 0.025536 0.066772 0.094263 0.547520 0.581357 0.045330 0.043918 0.091568 0.091449 0.118542 0.266116 0.227883 0.150947 0.131727 0.144990 0.156635 0.132323 0.090805
0.091749 0.179923 0.139791 0.085855 0.208467 0.230607 0.027499 0.081111 0.105831 0.285559 1.371621 0.255532 0.121055 0.088077 0.032276 0.048911 0.047867 0.475771 0.404690 0.066027 0.021537 0.038845 0.645276 0.058974 0.028591 0.025541 0.018794 0.039462 0.113483 0.051053 0.017339 0.017339 0.020146 0.035047 0.107041 0.046714 0.094515 0.123186 0.097095 0.026312 0.018208 0.031841 0.063218 0.035261 0.067461 0.029378 0.048069 0.047744 0.029357 0.033813 0.033836 0.043823 0.158384 1.042172 0.123690 0.137633 0.028740 0.029847 0.096748
