use_cases/Flooding_chicago/flooding_data/output/h_1800.asc
ncols 337
nrows 393
xllcorner 428428.000000
yllcorner 4602440.000000
cellsize 26.757400
NODATA_value -9999.000000
[rows 297 to 323 of 393, columns 59 to 117 of 337]
1.251112 1.334950 1.467084 2.413499 2.458023 3.467314 1.468860 1.437576 0.470028 0.081429 0.106880 0.083562 1.709906 0.667656 0.732771 0.744001 0.722703 0.724508 0.732231 0.037521 0.022056 0.023659 0.051639 0.034692 0.056075 0.083525 1.102199 1.102855 0.919871 1.875972 1.938703 0.926795 0.900114 0.879474 1.849460 1.858609 0.838796 0.831327 0.058828 0.032310 0.042549 0.040260 0.100515 0.066275 0.119713 1.122249 1.130508 1.129295 1.128850 1.104883 2.096286 2.104496 2.099134 2.113416 2.092975 0.994925 0.234605 0.290906 0.025536
2.418448 2.428847 3.393118 3.416702 3.416405 2.454198 2.414512 1.441206 0.437999 0.082465 0.110863 0.103950 0.072656 0.061220 0.064266 0.036816 0.700980 0.691753 0.025338 0.049599 0.018165 0.035390 0.041866 0.516234 0.033425 0.037788 0.030555 0.092817 0.875296 1.897295 1.947822 0.937910 0.901012 1.858866 1.863728 1.871508 0.852917 0.839843 0.089835 0.045463 0.059700 0.057000 0.034904 0.058307 0.101674 1.126893 2.132840 1.127924 0.132983 0.124805 1.110686 1.092835 1.122479 2.125840 1.034507 0.238577 0.283479 0.337801 0.386110
1.489011 2.506790 3.518031 3.516511 3.507173 2.505393 1.474635 0.370836 0.046097 0.036965 0.045447 0.045571 0.039910 0.028312 0.065688 0.656893 0.682456 0.676995 0.678601 0.041064 0.041588 0.070269 0.514625 0.521863 0.526112 0.024330 0.024330 0.035202 0.059924 1.893669 1.933551 0.021750 0.860372 1.858135 2.866249 1.854709 1.864585 0.842038 0.033318 0.056739 0.067940 0.017372 0.041466 0.048716 0.106282 1.128875 2.132875 1.123753 0.137856 0.129439 0.127367 0.133201 1.125648 2.110036 1.058437 0.236287 0.296219 0.371648 1.453061
0.403233 1.432714 1.317293 1.299635 1.300255 1.420473 0.379046 0.030815 0.046485 0.060642 0.064063 0.063912 0.014396 0.032219 0.064156 0.043068 0.659763 0.656960 0.677588 0.040588 0.039515 0.079522 0.523310 0.523428 0.534520 0.029564 0.029564 0.046531 0.110456 1.889258 1.947857 0.026389 0.864952 1.865154 2.860201 1.866272 1.848725 0.062366 0.030677 0.045983 0.061638 0.017372 0.040383 0.046314 2.127336 2.127572 2.133288 1.125222 1.132104 0.130564 0.130278 0.133101 0.132923 1.140157 1.102289 0.158505 0.017372 0.399299 1.443586
0.354350 0.317414 1.126158 1.114297 1.060146 0.232926 0.030464 0.036155 0.014396 0.065041 0.061210 0.049879 0.042430 0.028969 0.062007 0.037194 0.616324 0.604518 0.030640 0.047971 0.041274 0.094043 0.048354 0.507329 0.517776 0.024330 0.024330 0.045962 0.175998 0.760460 1.902905 1.896420 1.915141 1.889230 1.880013 1.893893 0.865038 0.099089 0.113169 0.119246 0.035866 0.038597 0.029686 0.047546 2.120719 2.119200 1.114548 0.102475 0.109111 0.129571 0.131401 0.134136 0.137949 1.142096 1.110479 0.141523 0.017372 0.427109 1.466477
0.309584 0.243861 1.526603 2.589061 1.603122 0.533396 0.030723 0.029076 0.040001 0.044610 0.036813 0.074557 0.053305 0.045189 0.037349 0.500344 1.297326 0.523744 0.034498 0.047862 0.046781 0.029245 0.046779 0.422997 1.531625 0.032911 0.041654 0.041329 0.303310 0.288484 0.827333 2.879572 2.918165 2.908544 1.876570 1.892501 0.859175 0.096629 0.096933 0.080313 0.059701 0.052128 0.063687 0.051583 0.108590 0.093824 0.037838 0.018956 0.047448 0.036720 0.025474 0.019204 0.144538 1.168451 1.150821 1.159216 0.298318 1.415444 1.434700
0.200699 0.635622 2.726306 2.770058 1.746547 1.662308 0.620699 0.046888 0.035024 0.047448 0.037330 0.226763 0.240955 0.334358 0.377095 1.416779 2.432827 1.402470 0.300902 0.031109 0.035619 0.026640 0.039830 1.477114 1.507298 0.364781 0.353330 1.433517 1.439130 0.348896 0.825694 2.865763 2.891143 2.888912 2.880714 1.895919 0.850308 0.083638 0.068355 0.449413 0.433279 0.394996 0.037941 0.020423 0.031563 0.036217 0.038336 0.025383 0.061989 0.035717 0.129024 0.126009 1.142391 1.133511 1.100815 1.109562 0.292788 0.355330 0.377401
0.205534 1.696032 2.789997 2.787408 1.745800 1.675432 1.706848 0.596495 0.113595 0.185938 0.235417 1.318072 1.297679 0.376002 0.392889 1.471228 1.487299 1.464074 0.258707 0.156702 0.089143 0.513130 0.528254 1.468801 1.496339 1.449150 2.438030 3.462128 3.468580 1.456656 0.258030 0.714649 0.711526 1.839817 1.842240 0.790527 0.800343 0.054900 0.053024 0.449437 0.450901 0.428083 0.384488 0.032887 0.029320 0.017372 0.017372 0.086632 0.060497 1.145229 1.150794 1.151497 1.143020 0.147339 0.156280 0.211244 0.305501 0.323110 0.024926
0.692280 1.725751 2.775153 2.781782 1.752487 1.708960 1.723841 1.730881 0.706071 0.225227 0.273589 1.345361 0.242414 0.026871 0.014396 0.034813 0.026085 0.240597 0.549330 0.546563 0.445128 1.502186 1.532416 1.469514 1.504328 2.400017 3.449430 3.461661 2.444836 2.463150 0.389474 0.029728 0.029854 0.065594 0.797848 0.761009 0.774107 0.047011 0.049738 0.422268 0.441184 0.392092 0.372748 0.272362 0.035501 0.025704 0.025703 0.081810 0.059263 0.116319 1.149500 0.130012 0.118860 0.124931 0.018501 0.023751 0.338646 0.345384 0.025841
1.731286 1.735195 2.781155 2.784419 1.743253 1.703573 1.726025 0.711880 0.086700 0.166557 0.200331 0.217916 0.020424 0.031443 0.037989 0.033795 0.025828 0.151319 0.553786 0.578613 1.534474 1.532436 1.538794 0.491243 0.511043 1.452507 3.460903 2.473540 1.456762 1.465095 0.420901 0.024330 0.024330 0.031760 0.036576 0.641442 0.678127 0.047592 0.061835 0.042931 0.032073 0.323093 1.341844 1.356995 0.235234 0.211194 0.046226 0.067513 0.062217 0.046639 0.046318 0.017967 0.026115 0.107135 0.136217 0.031364 0.034462 0.037025 0.048866
1.741658 2.734631 2.775911 2.777388 1.725224 1.701068 0.689237 0.702772 0.041180 0.606969 0.603440 0.104428 0.063986 0.053560 0.039938 0.595975 0.048124 0.083830 0.573764 0.583435 0.582885 0.565239 0.554284 0.027510 0.026300 0.437288 1.454896 1.458383 1.452730 1.456515 0.420659 0.029564 0.029564 0.030968 0.374458 0.513010 0.552078 0.048592 0.073219 0.018960 0.045418 0.265272 1.358221 0.310294 0.229736 0.214776 0.038291 0.048201 0.047463 0.045555 0.017967 0.021034 0.026955 0.072868 0.097044 0.026146 0.031563 0.027306 -9999.000000
1.742186 2.738133 2.776459 2.776958 1.695759 2.609074 1.592518 0.669902 0.619413 1.619497 1.634412 0.600632 0.511182 0.505819 1.586362 0.583405 0.573104 0.044475 0.587148 0.590844 0.592030 0.589098 0.035163 0.041532 0.027264 0.449862 0.452928 0.456575 1.448242 1.450547 0.410883 0.024330 0.024330 0.037299 0.307160 0.384141 0.393775 0.031899 0.019082 0.026313 0.022514 0.018440 0.020530 0.144784 -9999.000000 -9999.000000 -9999.000000 -9999.000000 -9999.000000 -9999.000000 -9999.000000 -9999.000000 -9999.000000 -9999.000000 -9999.000000 -9999.000000 -9999.000000 -9999.000000 -9999.000000
1.766817 2.760450 2.838052 2.827757 1.695264 2.632085 2.656160 1.631121 1.643549 2.634411 2.655834 0.620327 1.605823 1.610271 1.611826 0.600160 0.603765 0.029531 0.595969 0.597303 0.597175 0.594018 0.038238 0.038791 0.453626 0.447384 0.449233 0.452053 0.442627 0.434103 0.014396 0.042034 0.031624 -9999.000000 -9999.000000 -9999.000000 -9999.000000 -9999.000000 -9999.000000 -9999.000000 -9999.000000 -9999.000000 -9999.000000 -9999.000000 -9999.000000 -9999.000000 -9999.000000 -9999.000000 -9999.000000 -9999.000000 -9999.000000 -9999.000000 -9999.000000 -9999.000000 -9999.000000 -9999.000000 -9999.000000 -9999.000000 -9999.000000
0.696528 0.686227 0.714798 0.771886 1.668107 3.532917 3.630188 3.636939 3.652583 2.647902 2.664930 0.626535 1.620661 1.628384 2.608277 2.615750 1.610054 0.602663 1.605864 1.603150 0.602439 0.595649 0.044248 0.042370 1.445371 1.438272 0.443592 0.431673 0.433959 0.405013 0.019310 0.087837 0.048454 -9999.000000 -9999.000000 -9999.000000 -9999.000000 -9999.000000 -9999.000000 -9999.000000 -9999.000000 -9999.000000 -9999.000000 -9999.000000 -9999.000000 -9999.000000 -9999.000000 -9999.000000 -9999.000000 -9999.000000 -9999.000000 -9999.000000 -9999.000000 -9999.000000 -9999.000000 -9999.000000 -9999.000000 -9999.000000 -9999.000000
0.654963 0.660945 0.670040 0.038992 0.632186 4.608297 3.654104 3.663361 3.663102 2.648001 2.661272 1.632742 1.634039 1.633734 2.608716 2.614773 2.607064 1.614540 1.611321 1.607212 1.604435 0.571510 0.062771 0.051535 1.445393 1.445820 0.442385 0.024284 0.023399 0.266677 0.168558 0.111653 -9999.000000 -9999.000000 -9999.000000 -9999.000000 -9999.000000 -9999.000000 -9999.000000 -9999.000000 -9999.000000 -9999.000000 -9999.000000 -9999.000000 -9999.000000 -9999.000000 -9999.000000 -9999.000000 -9999.000000 -9999.000000 -9999.000000 -9999.000000 -9999.000000 -9999.000000 -9999.000000 -9999.000000 -9999.000000 -9999.000000 -9999.000000
1.600462 1.548379 0.638372 0.041798 0.644123 4.638851 3.654543 2.650323 2.657438 1.634442 1.635824 1.633254 1.631294 1.631150 1.617980 1.613760 2.614744 1.614308 0.612288 0.593771 0.590208 0.052036 0.074498 0.052131 0.331254 0.323649 0.019310 0.014396 0.024284 0.196080 0.177403 0.096862 -9999.000000 -9999.000000 -9999.000000 -9999.000000 -9999.000000 -9999.000000 -9999.000000 -9999.000000 -9999.000000 -9999.000000 -9999.000000 -9999.000000 -9999.000000 -9999.000000 -9999.000000 -9999.000000 -9999.000000 -9999.000000 -9999.000000 -9999.000000 -9999.000000 -9999.000000 -9999.000000 -9999.000000 -9999.000000 -9999.000000 -9999.000000
3.618255 3.608081 1.603172 1.588059 3.607670 4.633763 3.650601 3.623082 1.633833 1.628544 1.630874 1.630525 1.633123 1.635021 1.614045 1.616227 1.617384 0.616713 0.620655 0.038671 0.075185 0.033195 0.044533 0.029136 0.038943 0.260975 0.257455 0.020134 0.116632 0.140992 0.101990 -9999.000000 -9999.000000 -9999.000000 -9999.000000 -9999.000000 -9999.000000 -9999.000000 -9999.000000 -9999.000000 -9999.000000 -9999.000000 -9999.000000 -9999.000000 -9999.000000 -9999.000000 -9999.000000 -9999.000000 -9999.000000 -9999.000000 -9999.000000 -9999.000000 -9999.000000 -9999.000000 -9999.000000 -9999.000000 -9999.000000 -9999.000000 -9999.000000
3.636992 3.625847 3.609300 2.617113 4.646595 3.645380 2.660936 3.642096 2.627005 1.632918 1.629813 0.627676 0.041066 0.038500 0.028472 0.562517 0.536927 0.017070 0.638114 0.600290 0.085006 0.048361 0.070824 0.021858 0.028557 0.199965 0.209850 0.111862 0.089392 0.079071 -9999.000000 -9999.000000 -9999.000000 -9999.000000 -9999.000000 -9999.000000 -9999.000000 -9999.000000 -9999.000000 -9999.000000 -9999.000000 -9999.000000 -9999.000000 -9999.000000 -9999.000000 -9999.000000 -9999.000000 -9999.000000 -9999.000000 -9999.000000 -9999.000000 -9999.000000 -9999.000000 -9999.000000 -9999.000000 -9999.000000 -9999.000000 -9999.000000 -9999.000000
3.632619 3.628795 3.622665 2.625283 3.640179 1.638410 1.663110 2.651706 1.642617 1.633760 1.631225 0.628420 0.058375 0.051204 0.036021 0.027680 0.416912 0.369641 0.025556 0.610569 0.081275 0.049593 0.029411 0.017372 0.032921 0.151953 0.156020 0.165494 -9999.000000 -9999.000000 -9999.000000 -9999.000000 -9999.000000 -9999.000000 -9999.000000 -9999.000000 -9999.000000 -9999.000000 -9999.000000 -9999.000000 -9999.000000 -9999.000000 -9999.000000 -9999.000000 -9999.000000 -9999.000000 -9999.000000 -9999.000000 -9999.000000 -9999.000000 -9999.000000 -9999.000000 -9999.000000 -9999.000000 -9999.000000 -9999.000000 -9999.000000 -9999.000000 -9999.000000
3.628214 3.620322 2.625289 2.612783 1.624497 1.622630 0.618041 0.623510 0.620725 1.625834 1.637293 0.527589 0.049921 0.042968 0.349482 0.334948 1.352786 0.277988 0.052437 0.034035 0.056129 0.070091 0.032799 0.017372 0.029609 0.022453 0.073914 0.112907 -9999.000000 -9999.000000 -9999.000000 -9999.000000 -9999.000000 -9999.000000 -9999.000000 -9999.000000 -9999.000000 -9999.000000 -9999.000000 -9999.000000 -9999.000000 -9999.000000 -9999.000000 -9999.000000 -9999.000000 -9999.000000 -9999.000000 -9999.000000 -9999.000000 -9999.000000 -9999.000000 -9999.000000 -9999.000000 -9999.000000 -9999.000000 -9999.000000 -9999.000000 -9999.000000 -9999.000000
3.628146 3.622976 2.625818 2.617486 1.624467 1.631058 0.600411 0.046567 0.038809 0.617498 0.045661 0.025597 0.028404 0.044846 0.336305 0.341468 1.380846 0.025337 0.026298 0.036003 0.018379 0.022300 0.024681 -9999.000000 -9999.000000 -9999.000000 -9999.000000 -9999.000000 -9999.000000 -9999.000000 -9999.000000 -9999.000000 -9999.000000 -9999.000000 -9999.000000 -9999.000000 -9999.000000 -9999.000000 -9999.000000 -9999.000000 -9999.000000 -9999.000000 -9999.000000 -9999.000000 -9999.000000 -9999.000000 -9999.000000 -9999.000000 -9999.000000 -9999.000000 -9999.000000 -9999.000000 -9999.000000 -9999.000000 -9999.000000 -9999.000000 -9999.000000 -9999.000000 -9999.000000
5.616652 4.622432 4.611426 3.589228 1.636556 1.630605 0.604906 0.039151 0.043704 0.064490 0.072106 0.017372 0.025703 0.048294 0.029352 0.219307 0.223853 0.014396 -9999.000000 -9999.000000 -9999.000000 -9999.000000 -9999.000000 -9999.000000 -9999.000000 -9999.000000 -9999.000000 -9999.000000 -9999.000000 -9999.000000 -9999.000000 -9999.000000 -9999.000000 -9999.000000 -9999.000000 -9999.000000 -9999.000000 -9999.000000 -9999.000000 -9999.000000 -9999.000000 -9999.000000 -9999.000000 -9999.000000 -9999.000000 -9999.000000 -9999.000000 -9999.000000 -9999.000000 -9999.000000 -9999.000000 -9999.000000 -9999.000000 -9999.000000 -9999.000000 -9999.000000 -9999.000000 -9999.000000 -9999.000000
6.622310 5.622496 5.618633 5.621076 0.568441 0.536026 0.607174 0.595826 0.575821 0.059206 0.020134 0.017372 0.025703 0.033763 0.043117 -9999.000000 -9999.000000 -9999.000000 -9999.000000 -9999.000000 -9999.000000 -9999.000000 -9999.000000 -9999.000000 -9999.000000 -9999.000000 -9999.000000 -9999.000000 -9999.000000 -9999.000000 -9999.000000 -9999.000000 -9999.000000 -9999.000000 -9999.000000 -9999.000000 -9999.000000 -9999.000000 -9999.000000 -9999.000000 -9999.000000 -9999.000000 -9999.000000 -9999.000000 -9999.000000 -9999.000000 -9999.000000 -9999.000000 -9999.000000 -9999.000000 -9999.000000 -9999.000000 -9999.000000 -9999.000000 -9999.000000 -9999.000000 -9999.000000 -9999.000000 -9999.000000
4.630403 5.623317 5.625150 5.623494 0.505819 0.041243 0.020180 0.064215 0.061640 0.073839 0.080373 0.027686 0.030113 -9999.000000 -9999.000000 -9999.000000 -9999.000000 -9999.000000 -9999.000000 -9999.000000 -9999.000000 -9999.000000 -9999.000000 -9999.000000 -9999.000000 -9999.000000 -9999.000000 -9999.000000 -9999.000000 -9999.000000 -9999.000000 -9999.000000 -9999.000000 -9999.000000 -9999.000000 -9999.000000 -9999.000000 -9999.000000 -9999.000000 -9999.000000 -9999.000000 -9999.000000 -9999.000000 -9999.000000 -9999.000000 -9999.000000 -9999.000000 -9999.000000 -9999.000000 -9999.000000 -9999.000000 -9999.000000 -9999.000000 -9999.000000 -9999.000000 -9999.000000 -9999.000000 -9999.000000 -9999.000000
2.631938 3.633970 4.628417 2.615757 0.461394 0.030632 0.017372 0.033211 0.020881 0.068339 0.048541 -9999.000000 -9999.000000 -9999.000000 -9999.000000 -9999.000000 -9999.000000 -9999.000000 -9999.000000 -9999.000000 -9999.000000 -9999.000000 -9999.000000 -9999.000000 -9999.000000 -9999.000000 -9999.000000 -9999.000000 -9999.000000 -9999.000000 -9999.000000 -9999.000000 -9999.000000 -9999.000000 -9999.000000 -9999.000000 -9999.000000 -9999.000000 -9999.000000 -9999.000000 -9999.000000 -9999.000000 -9999.000000 -9999.000000 -9999.000000 -9999.000000 -9999.000000 -9999.000000 -9999.000000 -9999.000000 -9999.000000 -9999.000000 -9999.000000 -9999.000000 -9999.000000 -9999.000000 -9999.000000 -9999.000000 -9999.000000
1.621586 1.619064 1.617431 0.599874 0.024376 0.046302 0.017372 0.027138 0.060435 0.048712 -9999.000000 -9999.000000 -9999.000000 -9999.000000 -9999.000000 -9999.000000 -9999.000000 -9999.000000 -9999.000000 -9999.000000 -9999.000000 -9999.000000 -9999.000000 -9999.000000 -9999.000000 -9999.000000 -9999.000000 -9999.000000 -9999.000000 -9999.000000 -9999.000000 -9999.000000 -9999.000000 -9999.000000 -9999.000000 -9999.000000 -9999.000000 -9999.000000 -9999.000000 -9999.000000 -9999.000000 -9999.000000 -9999.000000 -9999.000000 -9999.000000 -9999.000000 -9999.000000 -9999.000000 -9999.000000 -9999.000000 -9999.000000 -9999.000000 -9999.000000 -9999.000000 -9999.000000 -9999.000000 -9999.000000 -9999.000000 -9999.000000
1.623928 0.621065 0.607450 0.585614 0.072879 0.037850 0.038735 0.056741 0.039835 -9999.000000 -9999.000000 -9999.000000 -9999.000000 -9999.000000 -9999.000000 -9999.000000 -9999.000000 -9999.000000 -9999.000000 -9999.000000 -9999.000000 -9999.000000 -9999.000000 -9999.000000 -9999.000000 -9999.000000 -9999.000000 -9999.000000 -9999.000000 -9999.000000 -9999.000000 -9999.000000 -9999.000000 -9999.000000 -9999.000000 -9999.000000 -9999.000000 -9999.000000 -9999.000000 -9999.000000 -9999.000000 -9999.000000 -9999.000000 -9999.000000 -9999.000000 -9999.000000 -9999.000000 -9999.000000 -9999.000000 -9999.000000 -9999.000000 -9999.000000 -9999.000000 -9999.000000 -9999.000000 -9999.000000 -9999.000000 -9999.000000 -9999.000000
