use_cases/Flooding_chicago/flooding_data/output/h_1860.asc
ncols 337
nrows 393
xllcorner 428428.000000
yllcorner 4602440.000000
cellsize 26.757400
NODATA_value -9999.000000
[rows 324 to 350 of 393, columns 0 to 58 of 337]
-9999.000000 -9999.000000 -9999.000000 -9999.000000 -9999.000000 -9999.000000 -9999.000000 -9999.000000 -9999.000000 -9999.000000 -9999.000000 -9999.000000 -9999.000000 -9999.000000 -9999.000000 -9999.000000 -9999.000000 -9999.000000 -9999.000000 -9999.000000 -9999.000000 -9999.000000 -9999.000000 -9999.000000 -9999.000000 0.041069 0.051841 0.053994 0.062920 0.035896 0.042488 0.190339 0.050088 0.036613 0.021904 0.046959 0.032875 0.027443 0.039756 0.049920 0.538162 1.699200 1.702721 1.711665 2.723520 2.725676 2.728784 1.710294 1.702871 2.710231 1.709386 2.710360 2.714545 4.721669 5.723810 4.707182 2.725388 2.726232 2.721136
-9999.000000 -9999.000000 -9999.000000 -9999.000000 -9999.000000 -9999.000000 -9999.000000 -9999.000000 -9999.000000 -9999.000000 -9999.000000 -9999.000000 -9999.000000 -9999.000000 -9999.000000 -9999.000000 -9999.000000 -9999.000000 -9999.000000 -9999.000000 -9999.000000 -9999.000000 -9999.000000 -9999.000000 0.030892 0.039604 0.038593 0.030724 0.057579 0.067746 0.174237 1.250633 0.208286 0.040308 0.041581 0.041228 0.199201 0.044090 0.042763 0.054129 0.521840 1.697550 0.701668 1.718595 1.721465 1.716743 1.719952 1.710901 1.704220 2.708787 3.706952 2.710570 2.718547 2.713835 3.718056 3.720537 2.709046 2.707272 2.711306
-9999.000000 -9999.000000 -9999.000000 -9999.000000 -9999.000000 -9999.000000 -9999.000000 -9999.000000 -9999.000000 -9999.000000 -9999.000000 -9999.000000 -9999.000000 -9999.000000 -9999.000000 -9999.000000 -9999.000000 -9999.000000 -9999.000000 -9999.000000 -9999.000000 -9999.000000 -9999.000000 -9999.000000 0.019401 0.027749 0.024513 0.044548 0.051308 0.077683 1.228314 2.233866 2.256378 2.261454 1.153605 1.157822 2.237194 0.038003 0.017372 0.055170 0.469982 1.680525 0.701021 0.705900 1.718397 1.715716 2.714547 1.710137 1.703635 2.706580 3.706610 2.711160 1.715837 0.663489 0.611074 1.647063 0.535081 0.516292 0.548200
-9999.000000 -9999.000000 -9999.000000 -9999.000000 -9999.000000 -9999.000000 -9999.000000 -9999.000000 -9999.000000 -9999.000000 -9999.000000 -9999.000000 -9999.000000 -9999.000000 -9999.000000 -9999.000000 -9999.000000 -9999.000000 -9999.000000 -9999.000000 -9999.000000 -9999.000000 -9999.000000 -9999.000000 -9999.000000 0.024421 0.027749 0.047280 0.055853 0.075745 1.239836 1.262372 2.263076 2.270456 2.260028 2.261677 2.260152 0.028526 0.017372 0.082795 0.495534 0.593845 0.686026 0.689111 1.720962 2.708763 3.715338 2.714246 2.706242 2.706771 2.699761 1.711694 0.679939 0.080407 0.077646 0.105148 0.031560 0.034743 0.076805
-9999.000000 -9999.000000 -9999.000000 -9999.000000 -9999.000000 -9999.000000 -9999.000000 -9999.000000 -9999.000000 -9999.000000 -9999.000000 -9999.000000 -9999.000000 -9999.000000 -9999.000000 -9999.000000 -9999.000000 -9999.000000 -9999.000000 -9999.000000 -9999.000000 -9999.000000 -9999.000000 -9999.000000 -9999.000000 -9999.000000 0.019401 0.040337 0.027413 0.033309 0.179763 0.248400 1.272968 1.278479 2.292503 2.295867 2.277437 0.202743 0.200759 0.148653 0.120347 0.073934 0.055575 0.688862 1.718565 2.707023 3.715180 2.710799 1.693248 0.719242 1.717335 0.690021 0.087055 0.081660 0.033836 0.053764 0.028068 0.039131 0.036507
-9999.000000 -9999.000000 -9999.000000 -9999.000000 -9999.000000 -9999.000000 -9999.000000 -9999.000000 -9999.000000 -9999.000000 -9999.000000 -9999.000000 -9999.000000 -9999.000000 -9999.000000 -9999.000000 -9999.000000 -9999.000000 -9999.000000 -9999.000000 -9999.000000 -9999.000000 -9999.000000 -9999.000000 -9999.000000 -9999.000000 -9999.000000 -9999.000000 0.024574 0.027886 0.038883 0.231684 0.264907 0.252946 1.282173 1.289366 1.250701 1.232684 0.233129 0.228449 0.020866 0.041512 0.064432 0.689499 0.703620 1.715628 2.717761 1.716041 0.716554 0.723396 1.730532 1.702662 0.608929 0.050522 0.039193 0.073662 0.031913 0.054346 0.062767
-9999.000000 -9999.000000 -9999.000000 -9999.000000 -9999.000000 -9999.000000 -9999.000000 -9999.000000 -9999.000000 -9999.000000 -9999.000000 -9999.000000 -9999.000000 -9999.000000 -9999.000000 -9999.000000 -9999.000000 -9999.000000 -9999.000000 -9999.000000 -9999.000000 -9999.000000 -9999.000000 -9999.000000 -9999.000000 -9999.000000 -9999.000000 -9999.000000 -9999.000000 0.017372 0.029396 0.022178 0.242844 0.017967 0.021034 0.226801 0.218274 1.205378 0.225855 0.229122 0.033119 0.027992 0.095217 0.080098 0.095293 0.687049 1.715421 1.723819 0.715271 1.725889 1.718267 1.710825 1.688247 0.542900 0.138361 0.086831 0.123744 0.050574 0.028190
-9999.000000 -9999.000000 -9999.000000 -9999.000000 -9999.000000 -9999.000000 -9999.000000 -9999.000000 -9999.000000 -9999.000000 -9999.000000 -9999.000000 -9999.000000 -9999.000000 -9999.000000 -9999.000000 -9999.000000 -9999.000000 -9999.000000 -9999.000000 -9999.000000 -9999.000000 -9999.000000 -9999.000000 -9999.000000 -9999.000000 -9999.000000 -9999.000000 -9999.000000 0.017372 0.032052 0.129185 0.198856 0.190328 0.017967 0.182597 1.184984 1.193301 1.206231 0.027731 0.017372 0.038613 0.036538 0.105506 0.118835 0.671713 1.708737 1.715262 1.715751 1.719257 2.706803 1.711094 0.629850 0.126258 0.143420 0.050605 0.042916 0.061440 0.034553
-9999.000000 -9999.000000 -9999.000000 -9999.000000 -9999.000000 -9999.000000 -9999.000000 -9999.000000 -9999.000000 -9999.000000 -9999.000000 -9999.000000 -9999.000000 -9999.000000 -9999.000000 -9999.000000 -9999.000000 -9999.000000 -9999.000000 -9999.000000 -9999.000000 -9999.000000 -9999.000000 -9999.000000 -9999.000000 -9999.000000 -9999.000000 -9999.000000 -9999.000000 0.026756 0.025337 0.137972 0.153828 0.152996 0.138324 0.164230 1.194868 1.183149 0.152055 0.035251 0.017372 0.035361 0.056243 0.046868 0.030678 0.219302 1.636353 1.711853 1.714810 1.723935 2.717866 0.677561 0.121706 0.153349 0.182917 0.204768 0.042137 0.059151 0.034236
-9999.000000 -9999.000000 -9999.000000 -9999.000000 -9999.000000 -9999.000000 -9999.000000 -9999.000000 -9999.000000 -9999.000000 -9999.000000 -9999.000000 -9999.000000 -9999.000000 -9999.000000 -9999.000000 -9999.000000 -9999.000000 -9999.000000 -9999.000000 -9999.000000 -9999.000000 -9999.000000 -9999.000000 -9999.000000 -9999.000000 -9999.000000 -9999.000000 -9999.000000 -9999.000000 0.022731 0.103008 0.604611 0.617604 0.664882 0.108379 0.142374 1.152913 0.123144 0.027229 0.032653 0.027306 0.048225 0.040016 0.028419 0.353665 0.200107 0.124723 0.072248 1.704613 0.694785 0.689595 0.105682 0.161466 0.203218 0.196472 0.042397 0.040062 0.026175
-9999.000000 -9999.000000 -9999.000000 -9999.000000 -9999.000000 -9999.000000 -9999.000000 -9999.000000 -9999.000000 -9999.000000 -9999.000000 -9999.000000 -9999.000000 -9999.000000 -9999.000000 -9999.000000 -9999.000000 -9999.000000 -9999.000000 -9999.000000 -9999.000000 -9999.000000 -9999.000000 -9999.000000 -9999.000000 -9999.000000 -9999.000000 -9999.000000 -9999.000000 -9999.000000 0.308412 1.592332 2.572006 1.433481 0.649998 0.076640 0.099840 1.113093 1.079988 1.091538 0.119132 0.098718 0.632006 0.631446 0.652535 0.589279 0.028252 0.095906 0.062788 0.617022 0.671743 0.660801 0.082993 0.149612 0.201579 0.239748 0.262091 0.267600 0.029045
-9999.000000 -9999.000000 -9999.000000 -9999.000000 -9999.000000 -9999.000000 -9999.000000 -9999.000000 -9999.000000 -9999.000000 -9999.000000 -9999.000000 -9999.000000 -9999.000000 -9999.000000 -9999.000000 -9999.000000 -9999.000000 -9999.000000 -9999.000000 -9999.000000 -9999.000000 -9999.000000 -9999.000000 -9999.000000 -9999.000000 -9999.000000 -9999.000000 -9999.000000 -9999.000000 1.115147 2.587143 2.483796 1.299530 0.821294 1.006012 1.027337 1.092150 1.081179 1.080079 0.147073 0.113692 0.624444 0.626703 0.635225 0.579793 0.045038 0.039711 0.030693 0.060657 0.672677 0.692400 0.656676 0.101867 0.018669 0.284559 0.313371 1.319419 0.255545
-9999.000000 -9999.000000 -9999.000000 -9999.000000 -9999.000000 -9999.000000 -9999.000000 -9999.000000 -9999.000000 -9999.000000 -9999.000000 -9999.000000 -9999.000000 -9999.000000 -9999.000000 -9999.000000 -9999.000000 -9999.000000 -9999.000000 -9999.000000 -9999.000000 -9999.000000 -9999.000000 -9999.000000 -9999.000000 -9999.000000 -9999.000000 -9999.000000 -9999.000000 -9999.000000 0.036112 0.030874 0.502315 0.596089 0.860583 1.005394 1.046475 1.117805 1.070299 0.156658 0.182054 0.163250 0.102186 0.576281 0.532777 0.052300 0.044196 0.024285 0.023398 0.037828 0.055525 0.642429 0.622166 0.095221 0.023415 0.265184 1.330580 1.326478 1.330524
-9999.000000 -9999.000000 -9999.000000 -9999.000000 -9999.000000 -9999.000000 -9999.000000 -9999.000000 -9999.000000 -9999.000000 -9999.000000 -9999.000000 -9999.000000 -9999.000000 -9999.000000 -9999.000000 -9999.000000 -9999.000000 -9999.000000 -9999.000000 -9999.000000 -9999.000000 -9999.000000 -9999.000000 -9999.000000 -9999.000000 -9999.000000 -9999.000000 -9999.000000 -9999.000000 0.014397 0.032981 0.032919 0.054082 0.791288 0.926969 0.916705 0.159931 0.188675 0.214251 0.223268 0.204359 0.133146 0.095517 0.038795 0.038933 0.040016 0.014397 0.024285 0.055088 0.032019 0.083052 0.084353 0.027702 0.029855 0.269560 1.314100 1.318473 2.327797
-9999.000000 -9999.000000 -9999.000000 -9999.000000 -9999.000000 -9999.000000 -9999.000000 -9999.000000 -9999.000000 -9999.000000 -9999.000000 -9999.000000 -9999.000000 -9999.000000 -9999.000000 -9999.000000 -9999.000000 -9999.000000 -9999.000000 -9999.000000 -9999.000000 -9999.000000 -9999.000000 -9999.000000 -9999.000000 -9999.000000 -9999.000000 -9999.000000 -9999.000000 -9999.000000 -9999.000000 0.017372 0.026167 0.038046 0.285488 0.465396 0.294604 0.197576 0.189431 0.204024 0.217976 0.208889 0.031884 0.041756 0.025597 0.069298 0.038246 0.049080 0.033606 0.065789 0.397133 0.020775 0.032920 0.039880 0.027762 0.270214 0.243635 0.284792 1.339724
-9999.000000 -9999.000000 -9999.000000 -9999.000000 -9999.000000 -9999.000000 -9999.000000 -9999.000000 -9999.000000 -9999.000000 -9999.000000 -9999.000000 -9999.000000 -9999.000000 -9999.000000 -9999.000000 -9999.000000 -9999.000000 -9999.000000 -9999.000000 -9999.000000 -9999.000000 -9999.000000 -9999.000000 -9999.000000 -9999.000000 -9999.000000 -9999.000000 -9999.000000 -9999.000000 -9999.000000 0.017372 0.028145 0.021960 0.098415 0.795836 0.162865 0.022196 0.068909 0.096381 0.140896 0.125559 0.025703 0.017372 0.051430 0.033714 0.065666 0.185765 0.182825 0.110218 0.384346 0.389686 0.033165 0.033745 0.106531 0.026770 0.034126 0.030097 0.277522
-9999.000000 -9999.000000 -9999.000000 -9999.000000 -9999.000000 -9999.000000 -9999.000000 -9999.000000 -9999.000000 -9999.000000 -9999.000000 -9999.000000 -9999.000000 -9999.000000 -9999.000000 -9999.000000 -9999.000000 -9999.000000 -9999.000000 -9999.000000 -9999.000000 -9999.000000 -9999.000000 -9999.000000 -9999.000000 -9999.000000 -9999.000000 -9999.000000 -9999.000000 -9999.000000 -9999.000000 0.020180 0.039936 0.293014 1.166559 1.051927 0.265980 0.023842 0.026055 0.108871 0.148947 0.137963 0.025703 0.017372 0.054740 0.041878 0.066353 0.189508 0.216627 0.124609 0.375421 0.386670 0.030189 0.026573 0.833958 0.031548 0.014397 0.046012 0.030188
-9999.000000 -9999.000000 -9999.000000 -9999.000000 -9999.000000 -9999.000000 -9999.000000 -9999.000000 -9999.000000 -9999.000000 -9999.000000 -9999.000000 -9999.000000 -9999.000000 -9999.000000 -9999.000000 -9999.000000 -9999.000000 -9999.000000 -9999.000000 -9999.000000 -9999.000000 -9999.000000 -9999.000000 -9999.000000 -9999.000000 -9999.000000 -9999.000000 -9999.000000 -9999.000000 -9999.000000 0.237357 0.322044 0.327367 1.107733 0.936246 0.292738 0.025734 0.036830 0.021391 0.236909 0.245697 0.304875 0.307344 0.034325 0.043617 0.031014 0.047584 0.024284 0.073969 0.316019 0.351204 0.020088 0.067094 0.897265 0.026772 0.033989 0.036934 0.032615
-9999.000000 -9999.000000 -9999.000000 -9999.000000 -9999.000000 -9999.000000 -9999.000000 -9999.000000 -9999.000000 -9999.000000 -9999.000000 -9999.000000 -9999.000000 -9999.000000 -9999.000000 -9999.000000 -9999.000000 -9999.000000 -9999.000000 -9999.000000 -9999.000000 -9999.000000 -9999.000000 -9999.000000 -9999.000000 -9999.000000 -9999.000000 -9999.000000 -9999.000000 -9999.000000 -9999.000000 1.342210 0.973444 0.441548 0.412184 0.045069 0.404695 0.138668 1.202839 1.190376 0.233594 0.261874 0.300276 0.304331 0.286301 0.031044 0.040916 0.028710 0.079513 0.068750 0.238431 0.235767 0.160221 0.085129 0.901801 0.051979 0.067115 0.075645 0.066842
-9999.000000 -9999.000000 -9999.000000 -9999.000000 -9999.000000 -9999.000000 -9999.000000 -9999.000000 -9999.000000 -9999.000000 -9999.000000 -9999.000000 -9999.000000 -9999.000000 -9999.000000 -9999.000000 -9999.000000 -9999.000000 -9999.000000 -9999.000000 -9999.000000 -9999.000000 -9999.000000 -9999.000000 -9999.000000 -9999.000000 -9999.000000 -9999.000000 -9999.000000 -9999.000000 -9999.000000 1.108884 1.010242 0.575102 0.541466 0.105591 0.155491 1.212850 3.218326 2.177283 0.238903 0.277877 1.345244 1.340021 1.325670 0.285531 0.035225 0.033150 0.032905 0.062813 0.149932 0.993238 1.076246 1.018948 0.955243 0.042229 0.055046 0.043784 -9999.000000
-9999.000000 -9999.000000 -9999.000000 -9999.000000 -9999.000000 -9999.000000 -9999.000000 -9999.000000 -9999.000000 -9999.000000 -9999.000000 -9999.000000 -9999.000000 -9999.000000 -9999.000000 -9999.000000 -9999.000000 -9999.000000 -9999.000000 -9999.000000 -9999.000000 -9999.000000 -9999.000000 -9999.000000 -9999.000000 -9999.000000 -9999.000000 -9999.000000 -9999.000000 0.022087 0.200561 1.221316 1.519614 1.797383 1.693850 0.150197 1.249052 3.199871 4.223600 2.205840 1.177163 0.283129 1.328313 1.321424 1.322707 0.276719 0.032845 0.032220 0.034859 0.024025 0.133677 1.027609 1.094213 0.055478 0.595147 0.023368 -9999.000000 -9999.000000 -9999.000000
-9999.000000 -9999.000000 -9999.000000 -9999.000000 -9999.000000 -9999.000000 -9999.000000 -9999.000000 -9999.000000 -9999.000000 -9999.000000 -9999.000000 -9999.000000 -9999.000000 -9999.000000 -9999.000000 -9999.000000 -9999.000000 -9999.000000 -9999.000000 -9999.000000 -9999.000000 -9999.000000 -9999.000000 -9999.000000 -9999.000000 0.047751 0.027794 0.014397 0.021079 0.021257 0.823793 1.858139 1.876266 1.825826 2.158130 2.147791 2.133285 1.169643 1.087295 0.176522 0.020851 0.223222 0.230982 0.279789 0.281563 0.025475 0.025291 0.090332 0.085232 0.180262 0.160296 0.150134 0.014397 -9999.000000 -9999.000000 -9999.000000 -9999.000000 -9999.000000
-9999.000000 -9999.000000 -9999.000000 -9999.000000 -9999.000000 -9999.000000 -9999.000000 -9999.000000 -9999.000000 -9999.000000 -9999.000000 -9999.000000 -9999.000000 -9999.000000 -9999.000000 -9999.000000 -9999.000000 -9999.000000 -9999.000000 -9999.000000 -9999.000000 -9999.000000 -9999.000000 -9999.000000 0.025550 0.023552 0.049003 0.014397 0.029885 0.256272 0.892050 0.927968 1.801260 1.762387 0.996666 2.196819 2.192177 2.171646 1.148900 0.236108 0.224653 0.033180 0.041191 0.052408 0.064262 0.227229 0.203242 0.127639 0.120889 0.102774 0.186926 0.160200 0.014397 -9999.000000 -9999.000000 -9999.000000 -9999.000000 -9999.000000 -9999.000000
-9999.000000 -9999.000000 -9999.000000 -9999.000000 -9999.000000 -9999.000000 -9999.000000 -9999.000000 -9999.000000 -9999.000000 -9999.000000 -9999.000000 -9999.000000 -9999.000000 -9999.000000 -9999.000000 -9999.000000 -9999.000000 -9999.000000 -9999.000000 -9999.000000 -9999.000000 0.021507 0.019310 0.014397 0.024330 0.040490 0.036246 0.037259 1.339912 0.260711 0.793503 0.721853 0.936167 1.072792 2.208468 2.206106 2.182534 2.225961 1.267196 1.245543 0.030677 0.029350 0.031075 0.125938 0.072060 0.043343 0.100534 0.095506 0.139205 0.086506 -9999.000000 -9999.000000 -9999.000000 -9999.000000 -9999.000000 -9999.000000 -9999.000000 -9999.000000
-9999.000000 -9999.000000 -9999.000000 -9999.000000 -9999.000000 -9999.000000 -9999.000000 -9999.000000 -9999.000000 -9999.000000 -9999.000000 -9999.000000 -9999.000000 -9999.000000 -9999.000000 -9999.000000 -9999.000000 -9999.000000 -9999.000000 -9999.000000 -9999.000000 -9999.000000 0.426277 0.029194 0.039084 0.030697 0.076302 0.046775 0.485753 0.459506 0.417163 0.261568 0.192975 2.116935 2.211695 2.198998 2.176094 1.231593 2.215719 2.253428 1.239625 0.234218 0.018806 0.050606 0.153770 0.021782 0.055107 0.032754 0.032693 0.030295 0.022865 -9999.000000 -9999.000000 -9999.000000 -9999.000000 -9999.000000 -9999.000000 -9999.000000 -9999.000000
-9999.000000 -9999.000000 -9999.000000 -9999.000000 -9999.000000 -9999.000000 -9999.000000 -9999.000000 -9999.000000 -9999.000000 -9999.000000 -9999.000000 -9999.000000 -9999.000000 -9999.000000 -9999.000000 -9999.000000 -9999.000000 -9999.000000 -9999.000000 -9999.000000 0.027702 1.653373 1.653860 1.643572 1.634047 1.622293 1.653381 1.658458 0.569501 0.564650 0.099296 0.101163 0.882342 2.024647 2.134753 1.216546 1.244678 1.255367 2.245818 1.266018 0.210793 0.023934 0.080528 0.050650 0.036370 0.048790 0.031394 0.033608 -9999.000000 -9999.000000 -9999.000000 -9999.000000 -9999.000000 -9999.000000 -9999.000000 -9999.000000 -9999.000000 -9999.000000
-9999.000000 -9999.000000 -9999.000000 -9999.000000 -9999.000000 -9999.000000 -9999.000000 -9999.000000 -9999.000000 -9999.000000 -9999.000000 -9999.000000 -9999.000000 -9999.000000 -9999.000000 -9999.000000 -9999.000000 -9999.000000 -9999.000000 -9999.000000 0.021858 0.035454 1.601247 2.640931 2.645078 2.618076 1.648831 1.659639 1.656003 1.637079 0.601669 0.181654 0.175741 0.262825 1.122811 1.230698 1.260915 1.277477 1.227937 1.234048 1.249877 0.052380 0.032142 0.035682 0.029274 0.032570 -9999.000000 -9999.000000 -9999.000000 -9999.000000 -9999.000000 -9999.000000 -9999.000000 -9999.000000 -9999.000000 -9999.000000 -9999.000000 -9999.000000 -9999.000000
