use_cases/Flooding_chicago/flooding_data/output/h_1800.asc
ncols 337
nrows 393
xllcorner 428428.000000
yllcorner 4602440.000000
cellsize 26.757400
NODATA_value -9999.000000
[rows 135 to 161 of 393, columns 177 to 235 of 337]
0.116210 0.146423 0.044304 0.039970 0.072365 0.032967 0.039600 0.030327 0.053993 0.053522 0.067573 0.049280 0.036445 0.046303 0.543560 1.652705 2.668572 3.676373 5.676404 6.666987 5.652063 4.642621 4.645489 3.637167 0.443887 0.073266 0.059212 0.053856 0.032799 0.027275 0.027840 0.048576 0.035149 0.062584 0.709678 0.695178 0.067832 0.040093 0.038643 0.037407 0.032433 0.034112 0.057701 0.037300 0.069246 0.075814 0.062050 0.049383 0.034736 0.040642 0.033318 0.058143 0.108118 0.504381 0.587542 0.544025 1.672085 1.670582 2.606927
1.040170 0.118663 0.091658 0.043509 0.070152 0.027321 0.036232 0.080475 0.054058 0.036354 0.077482 0.090661 0.069552 0.066521 0.599246 1.649403 2.661549 3.668816 5.669227 6.662996 6.658440 5.650717 4.641604 3.631239 2.637550 0.084091 0.062447 0.034568 0.044182 0.032128 0.052530 0.043679 0.035011 0.414726 0.612740 0.060981 0.045754 0.050743 0.032875 0.052071 0.029121 0.029625 0.050071 0.043418 0.081505 0.084190 0.061929 0.052757 0.038887 0.061614 0.055076 0.110141 0.110408 1.685988 1.657801 1.675083 1.660563 1.669955 1.656578
0.986561 2.058917 1.048363 1.007270 0.068153 0.067848 0.830952 2.867565 0.723018 0.040627 0.059960 0.495800 2.668829 1.681554 1.655133 2.655928 3.659358 4.659678 5.670408 6.664933 6.670949 5.660248 5.643321 4.657067 3.643644 0.072875 0.044945 0.033485 0.033776 0.053841 0.048331 0.042426 0.175712 0.219641 0.020805 0.025033 0.025918 0.049308 0.078911 0.094353 0.032219 0.032417 0.055154 0.078653 0.090079 0.088140 0.072157 0.051628 0.057959 0.046990 0.046333 0.097323 0.113449 0.056177 0.657202 0.674902 1.655510 1.667126 1.662814
1.108740 2.041941 2.078984 2.082603 2.049167 2.096511 2.040404 2.872849 3.011436 1.759497 1.753759 3.593005 4.691966 4.748630 3.680826 3.684694 4.657967 5.668730 5.686769 6.683977 5.677660 5.672440 5.660079 5.678023 3.676358 0.550551 0.041313 0.036827 0.046789 0.089879 0.068542 0.374627 1.266560 0.186114 0.047142 0.045845 0.048790 0.066887 0.051735 0.080864 0.033577 0.033547 0.048103 0.091021 0.096244 0.076212 0.080147 0.086450 0.053718 0.065371 0.057764 0.073739 0.620224 0.657008 0.651724 1.638770 2.646514 2.659254 2.659835
1.108912 1.128588 2.000850 3.026393 3.074229 4.114065 3.078336 1.860561 1.908012 2.490717 4.616287 6.652971 7.671312 7.674487 7.655874 7.653271 7.678751 6.692422 5.688663 5.682765 5.671618 6.650002 6.659249 5.677328 3.682886 1.682837 0.032662 0.032753 0.069599 0.090568 0.571354 1.591347 2.606412 1.575688 0.408506 0.048189 0.049354 0.055717 0.054663 0.089409 0.027579 0.045968 0.049201 0.079506 0.162284 0.051980 0.074255 0.084349 0.067880 0.053967 0.062385 0.560778 1.667900 1.686002 1.684131 2.656065 3.662659 3.672829 3.668994
0.128558 2.071962 2.071303 3.067788 3.084009 4.075298 2.052138 0.118844 0.177639 1.576336 4.679608 5.582019 6.633014 6.678617 7.665266 7.666483 7.676351 5.668135 4.669404 4.668672 5.639006 6.648202 6.650506 6.659852 5.672949 3.658475 0.452487 0.407311 0.399999 0.049857 0.030787 1.636153 2.673971 1.685852 0.559122 0.063794 0.074799 0.060651 0.054221 0.045327 0.042786 0.059543 0.050605 0.144931 0.167936 0.048392 0.056007 0.497989 1.574246 1.624603 2.659500 2.660118 3.664782 3.663277 4.669413 4.674598 5.674975 4.673820 3.637534
2.047911 2.041198 2.059533 1.007958 0.930452 0.824135 0.091852 0.056367 0.135224 0.278480 1.327681 1.187616 1.265381 2.541656 3.629581 4.655055 4.638852 4.639342 3.646984 3.644796 5.626405 6.643003 6.636745 6.647642 5.647865 4.644894 2.596146 1.547901 1.567150 0.536752 0.538187 0.576429 1.634228 0.554109 0.423960 0.654407 1.704338 0.541453 0.063096 0.034173 0.040337 0.476576 0.038549 1.617417 2.652464 1.587525 0.659935 2.689543 3.697381 3.681306 4.678663 4.682415 5.673868 5.682245 6.674865 6.691134 5.670119 4.643294 4.644072
0.854668 0.907842 0.977977 0.071159 0.039405 0.028572 0.028695 0.041177 0.291402 0.314645 0.029656 0.020026 0.041114 0.040570 0.076290 0.512119 2.655236 2.664972 2.654075 4.638333 4.649917 5.638879 6.628034 6.653239 5.649823 4.626128 4.624969 2.557626 2.579931 1.556221 0.551412 0.062627 0.080075 0.020180 0.278248 1.580970 3.806715 3.872908 3.874112 2.642348 3.790679 2.820702 1.765206 1.735082 2.738672 2.776045 1.764907 2.689278 4.693097 5.686689 5.703111 5.696536 5.691056 6.690101 6.692448 6.685049 6.688783 5.686049 5.660434
0.570683 0.485914 0.085851 0.039024 0.047020 0.026039 0.026421 0.030953 0.364477 0.444952 0.020333 0.018088 0.034050 0.034737 0.061042 0.048409 0.552927 1.632698 2.632830 4.635373 3.633949 4.628942 6.613866 6.644747 5.640411 4.625904 4.622453 3.584070 2.604377 1.589347 0.496954 0.041629 0.028741 0.017372 0.020865 1.677538 3.811002 4.857800 4.854397 6.811204 5.857861 3.842473 2.810196 1.736717 1.752725 2.743890 2.777757 3.697828 4.684491 5.673785 5.705976 5.701465 5.701501 6.697545 6.712389 5.709194 5.709340 5.701982 5.652160
0.681254 0.027305 0.152489 0.056770 0.034264 0.034356 0.035881 0.040228 0.470970 0.469674 0.034401 0.021660 0.021660 0.028817 0.071067 0.062813 0.071184 0.548730 2.625760 3.635543 3.633131 4.635621 5.631073 5.659508 3.624576 3.612736 4.604197 3.592734 2.578673 1.501951 1.470508 0.029956 0.028948 0.017372 0.054646 1.740699 2.822701 3.838966 3.858684 6.845832 5.843087 4.859708 2.809712 1.737266 2.692932 3.746621 3.777773 3.728939 3.707834 4.602095 5.674054 5.689990 5.689792 6.683319 6.694194 6.703561 5.694756 4.690803 3.685281
0.300806 0.054780 0.055794 0.038216 0.039055 0.039315 0.017372 0.031319 1.561810 1.553616 0.042814 0.034050 0.018088 0.034157 0.038735 0.072751 0.046241 0.059378 1.550966 2.525839 3.618870 3.621572 4.611258 3.614645 2.579867 3.547775 3.559328 3.567221 2.505520 2.446649 1.487819 0.368775 0.023811 0.047579 1.721587 2.779054 3.847748 2.871938 3.836794 5.800905 4.861972 3.854214 2.784087 3.726461 3.769489 4.770769 4.816204 3.750778 2.702204 2.707903 3.692433 5.681688 7.687207 7.696001 7.697508 6.694704 4.687694 3.671127 1.528849
0.052957 0.075709 0.026481 0.040178 0.030327 0.031440 0.017372 0.057206 1.561152 2.556115 0.390976 0.034020 0.026757 0.030541 0.026389 0.021523 0.032234 0.038253 0.725126 0.756905 0.617547 1.550585 1.577845 1.652387 1.636045 2.357395 3.470918 3.494281 3.473568 2.380683 2.284114 0.919567 0.824575 0.805863 2.585839 3.736907 4.833900 3.914267 3.851272 3.905963 2.848223 2.831807 2.799956 3.738824 4.775723 5.799945 4.837348 2.790744 1.735456 2.651003 3.687946 5.670849 7.677922 7.694044 6.693508 5.697470 3.694039 1.676962 0.518867
0.017372 0.017372 0.104812 0.088453 0.037636 0.030541 0.025993 1.563281 2.563567 2.548287 0.438097 0.056220 0.045311 0.020164 0.042244 0.040059 0.872249 1.926013 1.916673 0.908073 0.040276 0.742492 0.780881 1.614874 1.656587 1.617195 2.281153 3.411572 3.450823 3.415227 2.215485 2.015297 1.971606 1.935043 1.889329 2.718859 3.756407 3.900820 2.821019 2.858665 2.853209 2.834360 3.728601 4.766905 5.785326 6.813468 4.841483 2.798643 1.740193 2.648025 3.684957 5.672856 6.686134 6.696026 5.693695 4.697059 2.688370 0.560879 0.104450
0.056034 0.053984 0.053002 0.615246 0.623933 0.045795 0.051353 1.551732 2.549073 2.558242 1.539007 0.050564 0.027345 0.042717 0.040104 0.060402 0.846705 1.909169 1.898898 1.978113 0.948849 1.906238 1.967243 2.779010 2.804245 2.803830 1.375613 2.214624 2.328019 2.237566 2.181126 2.116440 2.054138 2.866540 2.990011 2.903031 2.857280 2.958539 1.878468 2.753255 2.837538 2.823353 3.748558 5.757378 6.789660 5.815275 4.818719 3.826050 1.734775 2.639188 2.680681 3.673760 4.680915 4.689267 3.687266 2.680618 1.669406 0.512757 0.140896
0.675544 0.651068 0.647962 0.657758 0.659830 0.048441 0.054700 0.469744 1.522421 1.532006 1.512534 0.516796 0.027007 0.041371 0.070827 0.885783 0.917578 0.934196 2.869797 2.972193 1.944423 2.932234 3.003162 3.841625 3.896269 2.887957 0.648433 0.529552 0.966983 2.063191 3.034130 3.113920 3.088753 3.980172 4.102740 3.032870 1.921833 1.808255 1.855395 0.805201 0.838932 2.735563 3.760543 5.762684 6.780866 5.792913 4.797953 3.795513 1.768915 0.706445 0.667302 1.652770 2.671739 3.678075 3.675909 2.668542 1.657679 0.477035 0.117700
0.682212 0.667748 0.656296 0.653876 0.661063 0.044843 0.059438 0.054758 0.068042 0.019310 0.044768 0.028375 0.056008 0.275577 0.847217 0.952187 0.936037 0.930490 2.777941 3.970381 2.939122 2.931576 3.866199 3.832769 3.848848 2.868834 0.654332 0.504396 0.952743 3.058336 3.157523 3.158093 3.119732 4.011155 4.106178 3.071783 2.048725 1.108619 0.064488 0.067218 0.775761 1.787789 3.731570 5.758541 6.778253 4.778964 3.777518 2.774565 1.772465 0.743920 0.051917 0.047487 1.653206 2.672992 3.673752 2.666070 2.656031 0.443729 0.043525
0.658733 0.648145 0.638206 0.637435 0.642913 0.033243 0.046303 0.018882 0.024514 0.014396 0.020973 0.025429 0.060809 0.372251 0.795167 0.874624 1.788971 2.812567 3.821456 4.914131 2.804049 2.645923 2.650129 3.579193 3.681144 2.721224 1.673456 0.418168 1.985567 3.147112 3.170685 3.210863 2.146748 2.945245 4.054751 3.056248 2.044817 1.084192 0.043838 0.833415 0.827816 1.780318 3.742741 5.768791 5.781483 3.798071 2.818736 1.789793 1.782549 1.796232 0.829060 0.034491 1.653648 2.674387 3.670727 3.664281 1.657172 0.438065 0.043785
1.538405 1.433365 2.332255 2.433845 1.400189 1.408848 1.437520 0.319355 0.329409 0.023475 0.129769 0.866471 2.022556 0.743541 0.960747 1.514446 1.695264 2.625937 3.794617 1.659913 0.675622 0.520438 0.627234 0.992279 1.223025 1.372369 0.411535 1.043965 2.070277 3.159410 3.157374 2.197199 0.114828 0.697679 1.934843 2.960770 1.946338 1.959866 0.841619 1.853307 2.863194 2.835259 3.696079 4.750965 4.785142 4.814085 2.780778 1.739082 1.732967 1.743672 1.789905 0.696992 1.661446 1.680829 2.672796 2.678183 1.659611 0.428501 0.035363
1.526195 2.346300 3.451794 3.503952 3.496378 2.420318 2.402260 3.334855 3.436654 2.294935 2.236957 2.102308 2.969677 1.883971 2.313742 0.751024 0.544819 1.242159 0.048057 0.103284 0.185099 0.669276 0.728848 0.332109 0.169906 0.096290 0.089308 0.071246 0.691914 1.844266 1.836238 0.099936 0.021142 0.038184 0.076774 0.698139 1.854641 0.870435 0.829841 2.816968 3.748052 3.764515 3.722188 3.773736 2.775136 1.691233 0.567001 0.070266 0.066241 0.056747 0.564876 0.636077 0.637810 1.658469 2.658556 1.636356 0.487689 0.050062 0.035728
1.409481 3.379447 4.452238 4.497550 3.461215 3.410686 3.386260 4.276275 4.393477 3.273984 3.123673 3.133560 1.932085 1.992212 0.793868 0.041038 0.047890 0.033773 0.037280 0.029496 0.313900 0.878029 0.802766 0.152095 0.034584 0.057550 0.055595 0.033435 0.050408 0.059001 0.046729 0.031518 0.025830 0.038643 0.066513 0.110928 0.189682 0.246718 0.732589 2.774158 2.759633 2.739051 2.689746 1.742349 0.549719 0.051110 0.042504 0.058632 0.056726 0.063979 0.052253 0.504587 0.497221 0.531641 1.647447 1.620240 0.034036 0.034363 0.025413
1.414182 2.424318 3.451744 3.501329 2.469741 2.399757 2.367680 3.335392 3.398729 3.365260 2.331274 0.187639 0.042030 0.084572 0.093636 0.043556 0.033204 0.033394 0.022726 0.043496 0.473998 1.149218 0.733390 0.109417 0.050026 0.059852 0.036079 0.037758 0.033027 0.062569 0.030738 0.022865 0.033135 0.037880 0.088292 0.157725 0.147161 0.215590 0.150887 1.565099 1.545477 1.498359 0.525160 0.035010 0.043449 0.041694 0.041573 0.050621 0.039223 0.061180 0.056145 0.077249 0.056357 0.087256 0.674184 0.586780 0.044366 0.033974 0.022469
0.255623 0.412811 1.489706 2.521549 2.538988 1.532109 0.496972 2.395895 4.448483 3.378672 1.066690 0.060021 0.021324 0.083672 0.074115 0.036889 0.029305 0.017372 0.025703 1.031722 1.927327 1.708124 0.414462 0.032555 0.047158 0.057701 0.040733 0.029168 0.036858 0.045311 0.025704 0.025704 0.027641 0.029060 0.114926 0.204784 0.145454 0.142305 0.080275 1.076560 1.111967 0.998450 0.288719 0.033225 0.025154 0.033287 0.045692 0.048546 0.041832 0.063361 0.071664 0.082527 0.050362 0.056596 0.244180 0.180350 0.034569 0.027916 0.018425
0.348117 0.262020 0.446162 1.490564 2.508043 1.506282 0.459501 2.357205 4.406155 3.380509 0.236330 0.087037 0.036171 0.066307 0.079384 0.042504 0.041359 0.017372 0.025703 2.102223 3.125358 3.106629 0.040757 0.027184 0.032997 0.038093 0.038321 0.038826 0.036689 0.020180 0.017372 0.017372 0.025037 0.028465 0.190455 0.218354 0.154524 0.158428 0.582177 1.005435 1.105925 2.245021 2.533215 1.513039 0.071294 0.048013 0.036003 0.040001 0.057335 0.093759 0.060539 0.056206 0.048607 0.054598 0.191496 0.167465 0.042748 0.014396 0.065971
0.243075 1.283218 0.179840 0.407934 2.473916 1.473189 0.023033 2.364862 3.353053 2.257672 0.179247 0.168944 0.166193 0.068499 0.057228 0.028388 0.044578 0.039146 0.066885 2.033062 3.039660 2.982270 0.020302 0.019310 0.014396 0.024284 0.038064 0.157570 0.159128 0.044533 0.028862 0.028969 0.038163 0.215801 1.385390 0.328101 0.240245 0.253602 0.197886 0.120478 0.131282 0.273035 2.439702 2.499455 0.081557 0.057489 0.045020 0.056831 0.038093 0.056175 0.036430 0.029167 0.030525 0.061667 0.096014 0.080737 0.035072 0.035439 0.036660
0.110787 0.085855 0.134054 0.149667 0.314053 0.049589 0.021233 0.038809 0.872332 0.251005 0.121069 0.112606 0.181069 0.045174 0.074458 0.026237 0.034645 0.028831 0.063674 2.070991 3.091021 2.048471 0.043033 0.030079 0.024284 0.023399 0.030281 0.097710 0.115135 0.029976 0.034432 0.028586 0.033547 0.254291 1.374050 1.425333 0.326353 0.192634 0.195486 0.111938 0.122583 0.163144 1.492435 1.603453 0.091122 0.053719 0.032235 0.039421 0.042915 0.031853 0.049899 0.060965 0.044927 0.066888 0.061201 0.052103 0.018746 0.025047 0.043292
0.073005 0.048226 0.165174 0.148734 0.093297 0.049416 0.021187 0.029547 0.146766 0.181776 0.101801 0.125940 0.122776 0.035744 0.036925 0.218986 0.172671 0.117035 0.060340 2.102206 3.143574 3.176308 0.900182 0.038452 0.032127 0.022575 0.038933 0.129081 0.136758 0.086770 0.063225 0.039711 0.053010 0.331217 1.365170 1.402147 1.407124 0.268557 0.136905 0.093541 0.194426 0.280555 1.210341 1.374850 0.039665 0.034385 0.028481 0.022942 0.023507 0.034996 0.032189 0.084242 0.098557 0.087097 0.087801 0.021138 0.035839 0.031557 0.054783
0.039879 0.059151 0.151932 0.130331 0.136053 0.048942 0.021126 0.033531 0.094177 0.332729 0.170585 0.130520 0.107526 0.041923 0.037849 0.049134 0.106418 0.539673 0.547318 3.069153 5.261841 5.244705 4.225432 1.009384 0.115882 0.027108 0.041985 0.060143 0.109535 0.077049 0.053108 0.053017 0.375696 1.410540 1.329423 1.396650 0.277238 0.186489 0.112096 0.080149 0.299828 0.474766 0.927653 0.120880 0.031914 0.022636 0.030770 0.023566 0.027366 0.019310 0.026527 0.805318 1.987159 1.113639 0.091949 0.073152 0.066881 0.871000 1.983397
