use_cases/Flooding_chicago/flooding_data/output/h_180.asc
ncols 337
nrows 393
xllcorner 428428.000000
yllcorner 4602440.000000
cellsize 26.757400
NODATA_value -9999.000000
[rows 54 to 80 of 393, columns 236 to 294 of 337]
0.037362 0.031520 0.031717 0.042922 0.048376 0.066384 -9999.000000 -9999.000000 -9999.000000 -9999.000000 -9999.000000 -9999.000000 -9999.000000 -9999.000000 -9999.000000 -9999.000000 -9999.000000 -9999.000000 -9999.000000 -9999.000000 -9999.000000 -9999.000000 -9999.000000 -9999.000000 -9999.000000 -9999.000000 -9999.000000 -9999.000000 -9999.000000 -9999.000000 -9999.000000 -9999.000000 -9999.000000 -9999.000000 -9999.000000 -9999.000000 -9999.000000 -9999.000000 -9999.000000 -9999.000000 0.022609 0.022609 0.046195 0.047529 0.050549 0.322771 0.341286 0.216512 0.161944 0.065708 0.055440 0.035604 0.034613 0.051064 0.158912 0.198140 0.019453 0.092524 0.047248
0.080672 0.028568 0.028811 0.057718 0.039078 0.064368 -9999.000000 -9999.000000 -9999.000000 -9999.000000 -9999.000000 -9999.000000 -9999.000000 -9999.000000 -9999.000000 -9999.000000 -9999.000000 -9999.000000 -9999.000000 -9999.000000 -9999.000000 -9999.000000 -9999.000000 -9999.000000 -9999.000000 -9999.000000 -9999.000000 -9999.000000 -9999.000000 -9999.000000 -9999.000000 -9999.000000 -9999.000000 -9999.000000 -9999.000000 -9999.000000 -9999.000000 -9999.000000 -9999.000000 -9999.000000 0.046113 0.052742 0.034523 0.036545 0.031947 0.023403 0.022208 0.202831 0.172912 0.062340 0.047015 0.034917 0.037345 0.047736 0.122618 0.139604 0.063394 0.116698 0.508592
0.101244 0.078389 0.043017 0.147663 0.125381 0.080480 0.034600 0.039982 0.022551 -9999.000000 -9999.000000 -9999.000000 -9999.000000 -9999.000000 -9999.000000 -9999.000000 -9999.000000 -9999.000000 -9999.000000 -9999.000000 -9999.000000 -9999.000000 -9999.000000 -9999.000000 -9999.000000 -9999.000000 -9999.000000 -9999.000000 -9999.000000 -9999.000000 -9999.000000 -9999.000000 -9999.000000 -9999.000000 -9999.000000 -9999.000000 -9999.000000 -9999.000000 -9999.000000 -9999.000000 0.039904 0.033531 0.045461 0.041412 0.058337 0.052533 0.056858 0.092063 0.356105 0.081477 0.031868 0.029635 0.014329 0.037662 0.089590 0.089914 0.104218 0.114751 0.448246
0.087537 0.082871 0.180277 0.180380 0.133905 0.065953 0.064907 0.035545 0.038069 -9999.000000 -9999.000000 -9999.000000 -9999.000000 -9999.000000 -9999.000000 -9999.000000 -9999.000000 -9999.000000 -9999.000000 -9999.000000 -9999.000000 -9999.000000 -9999.000000 -9999.000000 -9999.000000 -9999.000000 -9999.000000 -9999.000000 -9999.000000 -9999.000000 -9999.000000 -9999.000000 -9999.000000 -9999.000000 -9999.000000 -9999.000000 -9999.000000 -9999.000000 -9999.000000 0.014329 0.044384 0.041239 0.050330 0.057004 0.146557 0.069323 0.088822 0.185508 0.226601 0.086037 0.040798 0.036857 0.044870 0.030682 0.060388 0.049669 0.086069 0.140527 0.106367
0.089066 0.072725 0.209789 0.195165 0.111333 0.126499 0.210518 0.134277 0.143076 0.073827 0.033387 -9999.000000 -9999.000000 -9999.000000 -9999.000000 -9999.000000 -9999.000000 -9999.000000 -9999.000000 -9999.000000 -9999.000000 -9999.000000 -9999.000000 -9999.000000 -9999.000000 -9999.000000 -9999.000000 -9999.000000 -9999.000000 -9999.000000 -9999.000000 -9999.000000 -9999.000000 -9999.000000 -9999.000000 -9999.000000 -9999.000000 -9999.000000 -9999.000000 0.031695 0.046520 0.065003 0.111448 0.079761 0.890592 0.252618 0.093866 0.113720 0.132717 0.051820 0.056849 0.039013 0.023969 0.035680 0.113686 0.107322 0.093066 0.064733 0.056228
0.022335 0.037800 0.189616 0.195815 0.020963 0.089466 0.042038 0.078052 0.122935 0.072308 0.092064 0.020654 0.018832 0.024422 0.014329 -9999.000000 -9999.000000 -9999.000000 -9999.000000 -9999.000000 -9999.000000 -9999.000000 -9999.000000 -9999.000000 -9999.000000 -9999.000000 -9999.000000 -9999.000000 -9999.000000 -9999.000000 -9999.000000 -9999.000000 -9999.000000 -9999.000000 -9999.000000 -9999.000000 -9999.000000 -9999.000000 -9999.000000 0.018866 0.047460 0.060306 0.055016 0.154544 0.866564 0.252708 0.106225 0.110869 0.063084 0.066091 0.071193 0.128654 0.137149 0.136444 0.104163 0.833794 0.073394 0.044525 0.022615
0.034569 0.152327 0.165597 0.037178 0.022684 0.037824 0.031945 0.045350 0.063333 0.068461 0.103239 0.075909 0.039844 0.039892 0.042907 0.019216 0.014329 -9999.000000 -9999.000000 -9999.000000 -9999.000000 -9999.000000 -9999.000000 -9999.000000 -9999.000000 -9999.000000 -9999.000000 -9999.000000 -9999.000000 -9999.000000 -9999.000000 -9999.000000 -9999.000000 -9999.000000 -9999.000000 -9999.000000 -9999.000000 -9999.000000 0.014329 0.025566 0.020966 0.037862 0.052884 0.166698 0.204763 0.039830 0.057955 0.537757 0.079456 0.053614 0.049221 0.022138 0.143878 0.144406 0.145881 0.131990 0.050561 0.033528 0.347870
0.069462 0.101897 0.043501 0.033701 0.020146 0.027786 0.049239 0.079278 0.073173 0.189723 0.701431 0.647918 0.071118 0.061107 0.034146 0.042307 0.025867 0.014329 -9999.000000 -9999.000000 -9999.000000 -9999.000000 -9999.000000 -9999.000000 -9999.000000 -9999.000000 -9999.000000 -9999.000000 -9999.000000 -9999.000000 -9999.000000 -9999.000000 -9999.000000 -9999.000000 -9999.000000 -9999.000000 -9999.000000 0.028400 0.037270 0.069820 0.064472 0.066400 0.060022 0.091405 0.056644 0.043912 0.693946 0.535857 0.084300 0.039000 0.035483 0.039621 0.021221 0.029779 0.158548 0.178472 0.061616 0.072988 0.281808
0.081174 0.061078 0.038494 0.029107 0.017339 0.036674 0.048667 0.065923 0.132784 0.209501 0.177475 0.833319 0.077940 0.059888 0.026161 0.035512 0.067069 0.025867 0.014329 0.069925 0.020503 0.018532 -9999.000000 -9999.000000 -9999.000000 -9999.000000 -9999.000000 -9999.000000 -9999.000000 -9999.000000 -9999.000000 -9999.000000 -9999.000000 -9999.000000 -9999.000000 -9999.000000 -9999.000000 0.035683 0.037755 0.066687 0.060656 0.069424 0.077094 0.090866 0.059282 0.047964 0.608449 0.561708 0.148074 0.050851 0.045992 0.039372 0.035952 0.017339 0.089668 0.083575 0.121873 0.141032 0.046251
0.123600 0.063198 0.042640 0.040443 0.017339 0.019433 0.020887 0.032241 0.039591 0.071920 0.022106 0.046330 0.044198 0.049585 0.072369 0.216580 0.215746 0.072174 0.070187 0.095355 0.075342 0.023873 0.017943 0.030141 0.043427 0.035125 -9999.000000 -9999.000000 -9999.000000 -9999.000000 -9999.000000 -9999.000000 -9999.000000 -9999.000000 -9999.000000 -9999.000000 -9999.000000 0.040217 0.041073 0.071738 0.061223 0.066101 0.089483 0.126243 0.182400 0.247678 0.543488 0.143414 0.257570 0.233773 0.092553 0.030299 0.030669 0.017339 0.143017 0.052036 0.085992 0.099312 0.048612
0.049823 0.037501 0.028142 0.041351 0.029207 0.032195 0.036382 0.043102 0.032748 0.025870 0.023929 0.023854 0.026675 0.032725 0.074495 1.231805 0.203881 0.076980 0.070717 0.097943 0.074504 0.031971 0.021005 0.017943 0.054201 0.038886 0.026930 0.023738 0.022246 0.018350 0.022254 0.019962 0.147469 0.049633 0.036679 0.031706 0.033126 0.018257 0.053180 0.026398 0.057636 0.045080 0.118873 0.102854 0.088090 0.102642 0.111449 0.107505 0.124374 0.151487 0.142427 0.127676 0.142770 0.111302 0.146549 0.073796 0.105813 0.119114 0.073441
0.043519 0.033588 0.030110 0.028373 0.048976 0.047227 0.080115 0.091915 0.089472 0.033981 0.048522 0.052507 0.039665 0.020195 0.036914 0.036431 0.125495 0.074839 0.022609 0.022609 0.040513 0.074816 0.025676 0.024863 0.038193 0.040825 0.043017 0.179144 0.209995 0.212677 0.027094 0.058980 0.208176 0.042834 0.048566 0.041433 0.043844 0.021844 0.049962 0.055356 0.063710 0.206376 0.169572 0.118502 0.064462 0.087893 0.094563 0.087108 0.053321 0.098392 0.067971 0.070580 0.145695 0.097517 0.120518 0.071813 0.040573 0.057089 0.082222
0.052755 0.018436 0.023550 0.038833 0.047965 0.123752 0.111885 0.471976 0.490141 0.518528 0.435550 0.116031 0.051699 0.030588 0.027160 0.033486 0.059065 0.063068 0.022609 0.022609 0.051583 0.104279 0.070139 0.049886 0.052277 0.091708 0.214584 0.222288 0.212437 0.215078 0.019517 0.077549 0.047451 0.038423 0.038434 0.035195 0.043369 0.022327 0.048702 0.047902 0.061887 0.076442 0.067848 0.073969 0.051150 0.044026 0.115102 0.053632 0.028083 0.113709 0.063461 0.066420 0.040415 0.048477 0.036206 0.054069 0.027956 0.036541 0.041988
0.032266 0.056260 0.049219 0.096381 0.048322 0.068742 0.113085 0.118167 0.428619 0.412834 0.391603 0.057454 0.070929 0.034310 0.037466 0.021744 0.082529 0.063198 0.021796 0.043885 0.033860 0.065974 0.142311 0.153226 0.044334 0.030853 0.041870 0.245218 0.017339 0.017339 0.103046 0.072945 0.615201 0.078060 0.047032 0.049848 0.031198 0.021844 0.044381 0.036838 0.062519 0.039586 0.023483 0.123846 0.037587 0.047697 0.062088 0.080575 0.039748 0.046526 0.062708 0.034541 0.059843 0.039583 0.042325 0.039196 0.030459 0.020097 0.034126
0.030997 0.050563 0.047329 0.104816 0.103360 0.119766 0.086969 0.114449 0.102226 0.071394 0.039324 0.067853 0.097043 0.033319 0.027623 0.062185 0.029056 0.129496 0.100979 0.071909 0.133379 0.098945 0.113839 0.124535 0.017943 0.040101 0.070470 0.047971 0.151227 0.146983 0.118292 0.092727 0.066964 0.014329 0.128913 0.047144 0.044355 0.018257 0.030484 0.057286 0.044865 0.077923 0.065623 0.032499 0.029450 0.041749 0.049374 0.055064 0.069774 0.023592 0.022977 0.212389 0.046369 0.038134 0.026484 0.027804 0.017339 0.017339 0.020146
0.055118 0.032763 0.018246 0.022589 0.036027 0.050339 0.052247 0.074573 0.091204 0.018905 0.024423 0.033721 0.036234 0.034215 0.052522 0.039001 0.044951 0.109481 0.121390 0.085009 0.109942 0.226228 0.227171 0.173575 0.021005 0.017943 0.029000 0.047225 0.142503 0.154221 0.124215 0.096138 0.076455 0.070242 0.092671 0.069050 0.031100 0.020458 0.034350 0.044589 0.088444 0.110194 0.052210 0.038280 0.036169 0.014329 0.069298 0.072525 0.079901 0.027402 0.023546 0.185490 0.121101 0.030034 0.032289 0.032533 0.020097 0.046592 0.031645
0.059776 0.038514 0.040604 0.024672 0.040886 0.049318 0.046545 0.055075 0.136575 0.179291 0.199325 0.036175 0.042794 0.029504 0.081281 0.047656 0.072403 0.090768 0.101180 0.078830 0.096053 0.201841 0.170234 0.353059 0.032354 0.026753 0.030267 0.023611 0.042812 0.116010 0.109426 0.071635 0.046719 0.054084 0.132093 0.059554 0.033309 0.039766 0.090747 0.090561 0.553224 0.579425 0.070818 0.032572 0.029656 0.042544 0.051400 0.064415 0.071854 0.019323 0.102333 0.118838 0.093691 0.039782 0.040910 0.020445 0.046921 0.037441 0.125068
0.075923 0.036660 0.039844 0.031876 0.026168 0.033161 0.046643 0.041045 0.042099 0.163629 0.209380 0.034320 0.034895 0.043767 0.055019 0.088332 0.105029 0.065192 0.095353 0.074661 0.052454 0.037252 0.102377 0.256686 0.147664 0.035223 0.038176 0.018471 0.056422 0.038575 0.072747 0.063500 0.059498 0.164781 0.659735 0.135941 0.070862 0.043588 0.079643 0.077824 0.074194 0.614140 0.057938 0.041175 0.037681 0.058840 0.096805 0.036910 0.043100 0.091404 0.040790 0.153133 0.048862 0.038776 0.033543 0.021225 0.064389 0.075047 0.119337
0.448298 0.109236 0.067300 0.036012 0.017339 0.026501 0.030175 0.044957 0.052600 0.163100 0.207122 0.030612 0.026973 0.058380 0.088734 0.524870 0.549891 0.038729 0.035287 0.027901 0.033722 0.044883 0.042404 0.139014 0.518062 0.470276 0.071779 0.054568 0.020352 0.031890 0.054377 0.089297 0.654334 0.797650 0.651925 0.061265 0.063881 0.049458 0.021065 0.034529 0.048433 0.045244 0.319616 0.103989 0.095766 0.153109 0.065036 0.111743 0.023762 0.627768 0.591368 0.556037 0.137884 0.110999 0.063600 0.041598 0.074831 0.090327 0.060845
0.083553 0.064535 0.065024 0.040211 0.017339 0.032378 0.032380 0.037598 0.054695 0.168844 0.198177 0.020197 0.036498 0.062983 0.094152 0.536721 0.549877 0.092564 0.039735 0.019323 0.059944 0.034265 0.041368 0.091734 0.564503 0.585790 0.069292 0.028378 0.017943 0.032574 0.057682 0.054125 0.058580 0.117264 0.054932 0.040718 0.032105 0.032705 0.020097 0.030306 0.034532 0.075999 1.246178 0.135996 0.126125 0.182953 0.244986 0.081274 0.099434 0.055877 0.419477 0.055357 0.050142 0.052929 0.073213 0.028440 0.139398 0.075613 0.043891
0.042257 0.058444 0.043035 0.052259 0.021784 0.028511 0.050758 0.106732 0.071338 0.192688 0.157796 0.094653 0.188925 0.108265 0.055401 0.046798 0.113760 0.109970 0.049559 0.027402 0.023546 0.031833 0.023022 0.043105 0.057329 0.125242 0.034587 0.039604 0.021005 0.017943 0.020352 0.044601 0.049174 0.052553 0.057752 0.033827 0.026146 0.017339 0.017339 0.020146 0.021083 0.093002 0.367757 0.142033 0.138463 0.141875 0.042227 0.046264 0.031913 0.034777 0.079414 0.040366 0.027201 0.032822 0.026772 0.036839 0.120937 0.106052 0.041038
0.020097 0.039713 0.032609 0.020760 0.033404 0.033619 0.038657 0.129999 0.325301 0.242555 0.141062 0.100005 0.046472 0.090488 0.061539 0.028584 0.058938 0.050534 0.030008 0.023592 0.022977 0.035720 0.060888 0.040353 0.073100 0.059161 0.046724 0.032986 0.030335 0.029491 0.064137 0.021532 0.027373 0.014329 0.053176 0.023918 0.028360 0.044678 0.030024 0.038734 0.038409 0.210490 0.195998 0.097609 0.182749 0.043697 0.042010 0.048420 0.030020 0.037948 0.039430 0.041615 0.017339 0.017339 0.032641 0.062171 0.101314 0.124807 0.084037
0.017339 0.017339 0.029581 0.031320 0.047438 0.042494 0.097511 0.229761 0.129498 0.077334 0.734159 0.066072 0.035670 0.060956 0.039527 0.338914 0.038828 0.019287 0.037212 0.030654 0.034517 0.244464 0.033232 0.028873 0.103185 0.070862 0.283576 0.038014 0.027972 0.027715 0.279992 0.034162 0.028627 0.044298 0.052906 0.058856 0.051923 0.028180 0.056121 0.041748 0.077803 0.364998 0.048258 0.028685 0.307238 0.064537 0.045060 0.030529 0.022381 0.021738 0.018228 0.041634 0.038673 0.035565 0.027407 0.050844 0.099417 0.142847 0.641753
0.024982 0.024982 0.041771 0.041081 0.084564 0.192810 0.148279 0.309482 0.033723 0.083567 0.096784 0.075611 0.113635 0.360764 0.418105 0.350438 0.033663 0.025735 0.081314 0.097005 0.303289 0.307230 0.278163 0.219864 0.154899 0.099171 0.246530 0.182545 0.159837 0.203745 0.277147 0.281673 0.108587 0.059439 0.117638 0.110452 0.043246 0.023491 0.049587 0.073980 0.102486 0.374084 0.071109 0.054705 0.304488 0.072476 0.035054 0.040122 0.021738 0.055409 0.056845 0.110186 0.089313 0.074697 0.023504 0.033967 0.056467 0.629120 0.857732
0.028751 0.045178 0.041931 0.049579 0.020029 0.034344 0.118383 0.113304 0.044132 0.083962 0.045379 0.052173 0.047639 0.054238 0.391317 0.356332 0.048012 0.027840 0.067842 0.109731 0.076530 0.299455 0.235854 0.200272 0.162729 0.116622 0.204106 0.168937 0.990659 0.136562 0.027478 0.314910 0.156501 0.222793 0.096481 0.107366 0.037066 0.018681 0.032417 0.062366 0.124240 0.113698 0.053778 0.096554 0.100910 0.055742 0.047127 0.031795 0.018228 0.048260 0.056489 0.075920 0.142201 0.102008 0.050566 0.046733 0.179789 0.209327 0.174308
0.060630 0.067977 0.046897 0.056614 0.030340 0.030210 0.053911 0.062652 0.065202 0.065777 0.047813 0.034236 0.044264 0.062799 0.307122 0.281740 0.063736 0.022540 0.043850 0.042308 0.083909 0.245679 0.032239 0.125145 0.115426 0.111266 0.038105 0.137660 0.111581 0.034796 0.030860 0.037527 0.197180 0.285049 0.078945 0.097796 0.027033 0.028842 0.042290 0.056916 0.060151 0.070071 0.041364 0.065095 0.089654 0.069100 0.070346 0.105973 0.038876 0.044100 0.023518 0.054636 0.099847 0.279622 0.199069 0.234952 0.222805 0.172556 0.042976
0.154246 0.165727 0.097998 0.092234 0.030813 0.049320 0.020880 0.053749 0.053568 0.060924 0.029109 0.028490 0.039312 0.048674 0.058664 0.135467 0.069789 0.022726 0.033818 0.042443 0.075970 0.083748 0.040400 0.031552 0.052367 0.048004 0.057338 0.063802 0.051796 0.019915 0.039706 0.042604 0.069009 0.076207 0.091100 0.093115 0.029514 0.027664 0.037501 0.143946 0.024167 0.029188 0.046428 0.058657 0.068618 0.051926 0.086966 0.102927 0.027672 0.028858 0.044117 0.037738 0.080928 0.055150 0.186873 0.099416 0.073258 0.075570 0.043623
