use_cases/Flooding_chicago/flooding_data/output/h_1800.asc
ncols 337
nrows 393
xllcorner 428428.000000
yllcorner 4602440.000000
cellsize 26.757400
NODATA_value -9999.000000
[rows 270 to 296 of 393, columns 59 to 117 of 337]
0.093727 0.108894 0.115197 0.059868 0.033821 0.035835 0.086280 0.047141 0.224526 0.040276 0.022591 0.022591 0.061226 0.040146 1.265912 2.272848 2.268594 1.270504 0.198741 0.017372 0.031745 0.318941 0.185152 0.033485 0.025581 0.033959 0.042182 0.042977 0.218505 2.327042 2.313908 1.338918 2.357897 2.315547 0.416824 0.471222 0.479768 0.449423 0.407626 0.398297 0.049953 0.105206 0.114393 0.090265 0.256980 0.218768 0.192415 1.239233 1.225154 1.217528 2.270943 2.257787 2.241271 1.283691 1.290582 1.289650 1.292383 1.281911 1.267811
0.052910 0.055199 0.061103 0.082009 0.034111 0.034721 0.060844 1.332803 1.322368 0.297345 0.054848 0.071956 0.065997 0.058968 1.253802 3.275567 3.273330 2.277770 0.233143 0.017372 0.026561 0.402065 0.056426 0.025703 0.033257 0.026877 0.036553 0.043082 0.215425 1.313383 2.341856 2.388767 2.363581 3.334915 1.182978 0.493123 0.523859 0.467980 0.394518 0.027870 0.014396 0.149552 0.149660 0.140015 0.115138 0.101099 0.053960 0.175707 0.150291 0.152197 1.130820 1.136017 1.271071 1.265804 1.266399 0.240159 0.228535 0.275163 0.363043
0.076012 0.073554 0.076165 0.085259 0.032524 0.032708 0.049994 1.342190 1.338603 0.296945 0.048897 0.063650 0.051154 0.045684 1.250815 3.265046 3.263711 2.273247 0.217859 0.143776 0.642505 0.592997 0.110330 0.027397 0.041466 0.033227 0.032722 0.049645 0.047188 0.058705 1.267683 2.349489 2.349699 3.306761 2.151129 1.557962 1.589774 0.438821 0.034719 0.018028 0.172514 0.170644 0.172680 0.170353 0.165512 0.164194 0.024926 0.025841 0.048472 0.030406 0.467200 0.459575 1.253758 0.329248 0.242158 0.037329 0.040542 0.048594 0.442028
0.069283 0.057579 0.057274 0.062842 0.025383 0.025444 0.041208 1.340978 1.336525 0.294091 0.044319 0.050149 0.344473 0.338748 2.260654 2.271528 0.230954 0.220002 0.204755 0.144738 1.632510 0.579515 0.120031 0.176132 0.035301 0.027168 0.033364 0.033211 0.039956 0.052060 0.093051 0.240240 1.330803 1.303485 1.269940 1.380633 1.478474 0.516246 0.054215 0.021003 0.160230 1.183840 1.188691 0.186639 0.186035 0.187055 0.031150 0.036084 0.021355 0.031457 0.564685 0.603801 0.557057 0.414651 0.040756 0.064242 0.014396 0.091418 0.467991
0.043176 0.079690 0.070870 0.070442 0.068105 0.030586 0.028343 1.339248 1.334038 0.291881 0.046014 0.058815 0.045740 0.033654 1.258702 0.209609 0.024834 0.027946 0.019447 0.153418 0.614918 0.075184 0.027687 0.034874 0.036506 0.053169 0.080952 0.049920 0.058341 0.032951 0.099022 0.142185 0.304412 0.280478 0.340311 0.571202 1.764221 1.817803 0.878654 0.018028 0.170562 0.176934 0.184922 0.187707 0.189818 0.190442 0.024926 0.025841 0.065014 0.911195 1.761508 1.847337 0.754595 0.041154 0.025703 0.026909 0.197903 0.173737 0.119336
0.056477 0.080253 0.272026 0.274178 0.079415 0.102714 0.211479 1.346407 1.336038 0.288233 0.047906 0.061730 0.058464 0.048653 0.029853 0.025826 0.029457 0.025001 0.235269 0.224009 0.183955 0.020180 0.017372 0.017372 0.038903 0.036156 0.047432 0.054192 0.048653 0.189319 0.208725 0.162073 0.349093 0.020347 0.047388 0.601095 1.844443 2.956001 2.946335 0.079474 0.138967 0.162638 0.180783 0.036354 0.044440 0.032997 0.115558 0.082271 0.974007 0.930432 1.716726 1.767695 0.758847 0.058217 0.033302 0.039375 0.026909 0.205699 0.159868
0.088570 0.058052 0.307181 0.311822 0.272652 0.155359 0.152629 0.231636 0.244247 0.031411 0.052696 0.059211 0.054375 0.035667 0.233173 0.254053 1.288063 1.294411 1.287980 0.247253 0.236304 0.248200 0.027228 0.033025 0.028160 0.111844 0.073135 0.107777 0.138589 0.216809 1.285644 1.321858 0.218939 0.023582 0.041318 0.051759 3.000748 6.059318 5.021390 0.997646 0.103506 0.136127 0.036598 0.059288 0.065865 0.047173 0.114791 0.081693 1.010824 1.000127 0.031545 0.034287 0.876341 0.068714 0.031471 0.033271 0.025688 0.205817 0.048202
0.061439 0.171278 0.221965 0.240259 0.251565 0.110420 0.099861 0.163021 0.164788 0.028251 0.039803 0.042624 0.034493 0.556002 0.169125 0.244073 1.287559 1.288504 1.286162 0.249469 0.234902 0.239723 0.184645 0.159051 0.139797 0.070078 1.181866 0.134240 0.173048 0.216720 1.276369 1.310408 0.225242 0.022591 0.022591 0.034415 2.932312 5.998587 4.953874 2.031048 0.993469 0.109420 0.046089 0.068901 0.082238 0.018088 0.111389 0.082789 1.034695 1.025655 1.059467 1.066190 0.989809 0.073548 0.020332 0.166168 0.165140 0.179713 0.054237
0.082130 0.888965 0.962067 0.955033 0.176051 0.179264 0.085809 0.070170 0.195547 0.035347 0.051368 0.064310 0.041038 0.546117 0.104406 0.025643 0.030296 1.294462 1.290400 0.246989 0.028054 0.024803 0.204792 0.192989 0.153774 0.076120 1.183099 0.150787 0.077552 0.078134 0.055981 0.047418 0.047020 0.022591 0.022591 0.029602 1.860186 4.986831 4.981374 2.042552 0.992365 0.101099 0.037208 0.060982 0.021660 0.021660 0.029305 0.070081 1.057376 2.093078 3.085000 2.091224 2.092044 1.072018 0.108039 0.147056 0.149953 0.140381 0.049797
0.916648 0.957578 0.982146 0.982234 0.123344 0.146652 0.145205 0.167157 0.260265 0.242337 0.092633 0.034111 0.471131 0.474751 0.071179 0.030220 0.050697 0.052788 0.051704 0.047020 0.044533 0.028449 0.202655 0.199685 0.014396 0.094955 0.151858 0.154298 0.081550 0.079827 0.057098 0.050368 0.014396 0.038170 0.039254 0.073217 1.976225 4.020650 3.978675 2.024486 0.977006 0.117520 0.102462 0.035850 0.018088 0.040626 0.027931 0.084976 1.051167 2.070488 3.073666 3.078844 3.082487 3.080131 2.040869 1.065773 1.066671 0.098654 0.023507
0.972215 0.935733 0.974765 0.048485 0.098867 0.109688 0.091437 0.587136 0.211366 0.282305 0.123332 0.021691 0.474118 0.468249 0.065643 0.126481 0.053168 0.072960 0.071526 0.060540 0.036750 0.181393 0.181319 0.164066 0.113667 0.048492 0.054837 0.093151 0.121347 0.193798 0.150020 0.129143 0.019310 0.037972 0.043860 1.037154 2.996009 3.981339 3.922565 3.027374 2.055724 2.038594 1.025071 0.064655 0.021579 0.111713 0.118057 0.106849 1.055214 2.076671 2.080896 3.076593 4.075976 4.075137 3.067136 2.084974 1.065064 1.071808 0.022941
0.943135 0.859452 0.023781 0.043256 0.062722 0.058284 0.519012 0.565155 0.630639 0.133424 0.230783 0.312114 0.406168 1.429725 0.273051 0.097146 0.057092 1.079414 1.079322 0.055612 0.211448 0.178383 0.163085 0.139906 0.091867 0.108918 0.082013 0.107759 0.113413 0.139006 0.249212 0.183091 0.113982 0.078554 1.053143 1.055583 2.015554 2.037094 1.994380 3.043401 3.046038 3.053802 2.061133 1.016074 0.074585 0.120041 0.117373 1.076361 2.098931 2.083572 2.086311 2.081287 3.083411 3.076068 2.080725 1.021973 0.137861 0.141933 0.029640
0.021470 0.489054 0.274334 0.243765 0.252240 0.276148 0.400895 0.404925 0.108104 0.169504 0.261055 0.321192 0.368919 0.370719 0.039146 0.037682 0.021492 0.074959 0.071266 0.057305 0.027855 0.132063 0.110378 0.092289 0.059573 0.072105 0.096086 0.059587 0.112043 0.112376 0.194637 0.956892 1.075479 1.081890 1.065876 1.062792 2.023757 2.047396 1.047864 1.997348 2.005636 3.061013 3.064538 2.047809 1.070683 1.066207 1.072784 2.097966 2.081515 2.078182 2.072977 1.065154 3.081541 2.069526 1.025868 0.176149 0.189499 0.210614 0.249478
0.042997 0.791482 0.723126 0.790534 0.150664 0.154820 0.854586 0.215300 0.077189 0.022942 0.023566 0.328798 0.288198 0.033958 0.037696 0.027397 0.036327 0.021308 0.051874 0.037575 0.064874 0.076284 0.280394 0.186419 0.455483 0.031944 0.092076 0.050056 0.054790 0.052914 0.163940 1.017982 2.083794 2.092905 2.084366 2.084836 3.084578 2.073876 1.068122 0.086714 1.082179 2.046637 3.063212 3.069137 2.082958 2.088542 2.091323 3.091655 2.082324 2.078251 1.075216 0.104242 2.122903 3.104389 2.051150 0.198006 0.222820 0.264702 1.378042
0.834492 0.901144 1.868984 0.911339 0.865805 0.872546 1.895060 0.801804 0.022117 0.023507 0.027366 0.265410 0.205846 0.046151 0.050285 0.032539 0.033944 0.059825 0.053611 0.091867 0.125771 0.049585 0.031690 0.102850 0.360175 0.200779 0.111953 0.169161 0.081460 0.097943 0.094661 1.055595 2.059383 2.077847 2.077105 2.072506 3.044613 2.063312 2.073491 0.096633 1.082264 1.081734 2.079466 3.061013 2.085679 2.090100 3.095731 3.091628 2.085283 2.083061 1.091780 1.097782 2.092796 3.092482 2.077936 1.012831 0.211611 0.234393 1.397181
1.904687 1.885715 1.921390 1.908027 1.911071 1.914551 1.913293 0.831703 0.034584 0.039543 0.019310 0.129513 0.419222 0.047172 0.049970 0.031959 0.032356 0.047385 0.067513 0.247234 0.074568 0.036202 0.017967 0.032372 0.029884 0.328568 0.249492 0.162508 0.219192 0.130281 0.186549 0.126398 0.132313 0.088004 0.070025 2.049276 2.015743 2.032018 2.035461 1.129354 1.087029 2.103945 2.087532 2.081034 2.089063 2.092906 3.093483 3.092251 2.085495 2.082659 1.089207 1.091358 2.083516 3.085206 2.062497 2.096392 1.029255 1.023799 0.264091
0.902631 1.910980 1.916471 1.918623 1.924176 1.927624 1.930039 1.905685 0.917445 0.052224 0.097656 0.186256 0.283736 0.041252 0.036843 0.025184 0.025307 0.033348 0.046806 0.179413 0.141445 0.036847 0.021034 0.017967 0.037605 0.024971 0.136050 0.104717 0.174494 0.097305 0.221417 0.210970 0.022591 0.022591 0.059084 1.078712 1.080589 1.082240 1.094408 1.113887 1.092988 2.077044 2.067472 2.081490 2.089148 3.099152 3.094385 3.094055 3.095895 2.088104 2.099701 1.094693 2.094610 2.081298 1.095017 2.118986 2.095544 1.004821 0.270997
0.897179 1.906060 1.907888 1.913533 1.919736 1.925114 1.929223 1.900803 0.925964 0.914638 0.806099 0.193667 0.185231 0.032844 0.050270 0.049812 0.046882 0.035728 0.045357 0.458921 0.526235 0.049694 0.030048 0.020302 0.029137 0.041161 0.150632 0.161805 0.120127 0.285731 0.241820 0.227949 0.022591 0.022591 0.042074 1.065471 1.087741 1.093048 1.106871 1.121433 1.102010 1.110271 1.105891 2.073738 2.088339 2.088063 3.097952 3.094536 3.092782 4.107806 3.103836 2.096727 2.088104 1.098810 2.106304 3.118234 3.103421 2.010451 0.172668
0.857877 1.903413 2.880191 2.898943 2.914142 2.909227 1.928785 1.905050 1.904374 0.929294 0.860650 0.139309 0.106689 0.038765 0.046806 0.046498 0.037240 0.059468 0.512076 2.624776 2.647085 0.466210 0.039593 0.021141 0.041960 0.040748 0.597299 0.088982 0.068737 0.267332 0.218281 0.157811 0.113785 0.415178 0.967825 1.124181 1.130707 1.132318 2.174325 1.142931 1.114003 1.123030 1.124719 0.103164 0.098131 1.098706 3.091076 4.095593 4.093238 4.088574 3.092096 1.099640 1.098606 1.093133 1.098812 3.119685 3.109814 2.024977 0.162452
1.795142 2.881739 2.904621 2.904729 1.919059 1.917056 1.935681 1.897169 1.911772 1.897542 0.906701 0.850077 0.119043 0.035607 0.051803 0.044228 0.073345 0.546512 1.654563 3.617351 3.692153 1.610910 0.428025 0.276274 0.160584 1.679051 0.666745 0.061784 0.337996 0.288134 0.168061 0.910554 0.906910 0.533338 0.969904 1.080411 1.096748 1.116039 2.111295 2.132560 1.104691 1.117628 1.115790 0.112301 0.102533 1.087359 2.071292 3.084613 3.074573 3.078282 3.086535 1.093497 1.088912 0.104734 1.117215 2.121202 2.108250 1.025015 0.188311
2.801893 1.828091 1.850714 0.895620 0.879050 0.036300 0.036363 0.881425 1.902615 1.903921 1.904017 1.912680 0.846347 0.058574 0.066175 0.077031 0.079516 0.580936 1.625308 2.608601 1.661185 1.642819 0.434890 0.275741 0.773523 0.730467 1.572527 0.536075 0.420401 0.315353 1.001252 0.997480 1.011688 0.029965 0.097284 0.024674 0.023464 1.025706 0.977992 0.980352 1.067024 1.099567 1.109420 2.129430 2.118223 2.124393 1.107504 2.086234 2.097378 2.102614 3.102446 2.109249 2.106629 1.118166 1.105078 2.113532 2.111069 0.046927 0.088203
2.818892 1.778458 0.734399 0.036942 0.039874 0.037237 0.039204 0.851315 0.832467 1.874631 1.875245 0.832699 0.886980 0.830637 0.784591 0.051555 0.052372 0.586396 1.598065 0.034432 0.040388 0.488932 0.335108 0.861839 0.879287 0.733280 1.548659 1.637170 0.445620 0.345303 0.194281 1.024985 0.047937 0.051440 0.039356 0.032395 0.025148 0.366326 0.405053 0.357784 0.239110 1.105395 1.128147 1.128020 2.106038 2.125031 1.108397 1.106430 2.097273 2.104164 3.103228 2.104896 2.103810 1.112611 1.102025 2.112523 2.110015 0.038933 0.017967
2.824167 1.759218 0.671525 0.546302 0.537143 1.518023 0.046871 0.057708 0.045828 0.917170 0.916451 0.037812 0.044259 0.033474 0.745706 0.742555 0.733592 0.685267 0.681804 0.030112 0.045900 0.032113 0.240188 0.886259 1.011974 0.021814 0.387053 0.431695 0.364986 0.299138 0.169261 1.023046 0.053815 0.055301 0.040346 0.715957 0.724646 0.577418 0.516992 0.436756 0.270752 1.102353 1.131729 1.124577 1.118457 2.115815 1.112543 1.110290 2.097586 2.104597 3.091511 2.103489 2.092519 1.107469 0.099833 1.111892 2.109440 0.037178 0.021034
1.746679 1.719494 1.647696 0.591498 0.568848 1.544212 0.060788 0.030205 0.040992 0.043465 0.040993 0.030204 0.067147 0.048866 0.759372 0.759865 0.746741 0.745216 0.019278 0.731802 0.042138 0.041497 0.193290 0.881349 0.993427 0.021543 0.318601 0.323459 0.295152 0.259798 0.890507 2.018936 0.049505 0.050877 0.032594 0.689893 0.701286 1.628801 0.563490 0.463036 1.073633 1.007052 1.038646 1.075545 1.100356 1.104543 1.102841 2.104014 2.097846 2.101405 2.101834 2.095089 1.106027 1.104391 0.094861 0.096964 1.025758 0.029929 0.041924
1.743527 1.733253 1.707128 0.598424 0.563791 1.537692 0.060917 0.039253 0.054679 0.058067 0.054679 0.039254 0.064486 0.753043 0.780226 0.767874 0.751791 0.759402 0.017616 0.737985 0.047630 0.056116 0.034996 0.060241 0.953467 0.018156 0.224551 1.076748 1.157896 0.197536 0.912779 2.030372 0.038595 0.037696 0.775119 0.760387 1.792064 0.694924 0.618514 0.547222 0.340895 0.217016 0.164730 0.128845 0.106785 1.105655 1.103968 2.101525 2.091985 2.101238 2.097960 1.103252 1.104789 1.107244 1.095208 0.153368 0.207761 0.312184 0.371779
1.748080 1.767960 1.680028 0.564207 1.369394 1.477425 0.039379 0.033165 0.052208 0.056724 0.052208 0.033165 0.741570 1.781100 1.767913 1.773275 0.744584 0.741009 0.741902 0.724497 0.061516 0.023826 0.023033 0.035546 0.045031 0.104605 1.115312 1.134556 1.178261 0.142067 0.064908 0.917001 0.900997 0.025219 0.757547 1.805551 1.787267 1.823083 0.678545 0.625976 0.049722 0.049354 0.056206 0.047905 0.031670 0.117913 0.113741 0.112137 1.069099 2.092516 2.092180 1.101714 2.123029 2.124498 2.101150 1.092420 1.111214 0.023705 0.025536
0.618089 0.591660 1.445646 1.354953 2.416203 2.427075 0.371531 0.042916 0.033302 0.040337 0.033303 0.093375 1.726274 1.761891 1.772987 1.777866 0.742158 0.740681 0.750586 0.726175 0.070463 0.028237 0.023690 0.048714 0.025154 0.106413 1.123681 1.114685 0.111099 0.081733 0.875661 0.909657 0.882604 0.852931 0.813661 1.773844 1.754132 1.777120 0.695153 0.084438 0.095696 0.022972 0.085906 0.067848 0.037148 0.124534 0.119841 0.117141 0.116231 1.108933 2.112015 2.117468 3.113525 3.108426 2.102661 2.107293 1.103376 0.025536 0.035712
