use_cases/Flooding_chicago/flooding_data/output/h_180.asc
ncols 337
nrows 393
xllcorner 428428.000000
yllcorner 4602440.000000
cellsize 26.757400
NODATA_value -9999.000000
[rows 189 to 215 of 393, columns 118 to 176 of 337]
0.021689 0.031472 0.096251 0.034199 0.026982 0.026143 0.037186 0.109036 0.133255 0.123975 0.100873 0.053662 0.042227 0.028607 0.046392 0.046622 0.046640 0.038511 0.150765 0.104838 0.071996 0.038532 0.075723 0.073419 0.300891 0.092135 0.086704 0.081172 0.036540 0.059799 0.022601 0.053691 0.200732 0.139866 0.138603 0.079961 0.041780 0.082526 0.077688 0.051022 0.045209 0.033950 0.030971 0.037366 0.241344 0.052761 0.027791 0.040867 0.028460 0.035351 0.210612 0.234402 0.202750 0.210159 0.127017 0.108435 0.103973 0.035530 0.028623
0.023582 0.024852 0.070378 0.026323 0.021005 0.017943 0.059172 0.144478 0.171707 0.187784 0.072855 0.046147 0.034513 0.024817 0.028616 0.071767 0.084699 0.069629 0.204788 0.160636 0.019216 0.014329 0.086940 0.068741 0.303014 0.257087 0.227619 0.038443 0.136105 0.038719 0.029319 0.358805 0.373757 0.112327 0.100052 0.088769 0.030413 0.041976 0.088737 0.071083 0.072976 0.036044 0.037518 0.301494 0.276165 0.045806 0.027295 0.028431 0.017339 0.025707 0.213441 0.284797 1.302653 0.211157 0.118904 0.088922 0.070591 0.021736 0.049627
0.025428 0.032869 0.029546 0.026027 0.017943 0.099611 0.098554 0.067711 0.050127 0.241807 0.142300 0.095076 0.168067 0.204914 0.023888 0.271369 0.060509 0.051342 0.214514 0.206166 0.217018 0.060204 0.070475 0.055640 0.251612 0.234619 0.238913 0.022714 0.145351 0.091223 0.633573 0.304636 0.354178 0.065501 0.063090 0.061803 0.031014 0.104760 0.080422 0.483202 0.104835 0.078707 0.027696 0.380224 0.024599 0.044833 0.051764 0.026258 0.017339 0.025707 0.060256 0.063008 0.031016 0.042116 0.052502 0.032985 0.054419 0.033249 0.096141
0.065390 0.043114 0.038841 0.044774 0.041973 0.083015 0.099650 0.049530 0.057894 0.037422 0.203192 0.109874 0.166946 0.194251 0.268775 0.252833 0.052994 0.019857 0.172703 0.175678 0.164812 0.053302 0.027463 0.027463 0.043285 0.169400 0.204414 0.175862 0.154842 0.109445 0.719922 0.066554 0.138423 0.250163 0.038283 0.040362 0.026094 0.088831 0.627934 0.611233 0.125783 0.095402 0.097912 0.021947 0.101285 0.074634 0.063640 0.034731 0.026269 0.028591 0.049327 0.018351 0.022209 0.023501 0.026386 0.017339 0.041649 0.078788 0.084713
0.420180 0.125554 0.112641 0.092342 0.076834 0.059345 0.041086 0.073121 0.098887 0.031655 0.077154 0.107072 0.135319 0.039406 0.057725 0.057596 0.032958 0.021904 0.057116 0.055414 0.052907 0.033649 0.029011 0.029011 0.040808 0.033821 0.153760 0.173412 0.164276 0.133079 0.108872 0.029209 0.030255 0.298250 0.092011 0.093176 0.028423 0.077255 0.631481 0.077425 0.104631 0.046841 0.046801 0.028703 0.084073 0.380658 0.375992 0.048545 0.032991 0.040657 0.032569 -9999.000000 -9999.000000 -9999.000000 -9999.000000 0.017339 0.031874 0.049265 0.492929
0.555417 0.139165 0.120444 0.103471 0.079839 0.045710 0.026750 0.039536 0.057471 0.069885 0.058352 0.055451 0.058625 0.033991 0.042529 0.040649 0.025707 0.017339 0.035900 0.028787 0.026871 0.020146 0.017339 0.017339 0.035621 0.037468 0.049432 0.037270 0.190572 0.150189 0.039527 0.018349 0.023273 0.104756 0.113280 0.039579 0.043529 0.055984 0.065860 0.073710 0.052905 0.041871 0.039691 0.035558 0.091410 0.047876 0.438831 0.028742 -9999.000000 -9999.000000 -9999.000000 -9999.000000 -9999.000000 -9999.000000 -9999.000000 -9999.000000 -9999.000000 0.049668 0.026685
0.058110 0.044434 0.056533 0.062744 0.087554 0.042427 0.024695 0.014329 0.088994 0.097898 0.030441 0.040293 0.044833 0.051063 0.045716 0.041530 0.025707 0.017339 0.027757 0.072313 0.083985 0.046263 0.066613 0.027454 0.014329 0.020937 0.019546 0.038666 0.039833 0.059697 0.074903 0.047873 0.030461 0.050649 0.061954 0.048377 0.056236 0.046106 0.066870 0.041558 0.048542 0.041535 0.056197 0.043984 0.053074 0.029602 0.020262 -9999.000000 -9999.000000 -9999.000000 -9999.000000 -9999.000000 -9999.000000 -9999.000000 -9999.000000 -9999.000000 -9999.000000 -9999.000000 0.051814
0.052218 0.032575 0.026697 0.014329 0.051466 0.046375 0.074477 0.042934 0.082386 0.106550 0.040400 0.052082 0.014329 0.041289 0.062563 0.459865 0.051227 0.020146 0.082131 0.603577 0.595757 0.117562 0.064155 0.083558 0.087649 0.059452 0.067103 0.352781 0.356310 0.055643 0.027099 0.042670 0.060965 0.050902 0.081229 0.043270 0.046062 0.050251 0.040135 0.037903 0.047025 0.032671 0.036823 0.029887 0.025149 -9999.000000 -9999.000000 -9999.000000 -9999.000000 -9999.000000 -9999.000000 -9999.000000 -9999.000000 -9999.000000 -9999.000000 -9999.000000 -9999.000000 -9999.000000 -9999.000000
0.025707 0.052867 0.023874 0.024311 0.156494 0.096298 0.091112 0.138722 0.062701 0.028819 0.043649 0.040823 0.035534 0.029343 0.056598 0.458287 0.054634 0.036383 0.027300 0.069497 0.082921 0.022609 0.022609 0.115057 0.017339 0.046222 0.054788 0.359766 0.047513 0.075244 0.019116 0.390036 0.337660 0.117444 0.104818 0.137317 0.054790 0.046620 0.051474 0.051561 0.026263 0.052501 0.023592 0.022977 -9999.000000 -9999.000000 -9999.000000 -9999.000000 -9999.000000 -9999.000000 -9999.000000 -9999.000000 -9999.000000 -9999.000000 -9999.000000 -9999.000000 -9999.000000 -9999.000000 -9999.000000
0.025707 0.083036 0.077226 0.088306 0.109874 0.068348 0.054319 0.031107 0.023573 0.030281 0.028855 0.067100 0.074723 0.083642 0.075061 0.064291 0.068144 0.041149 0.021876 0.058806 0.053001 0.022609 0.022609 0.082995 0.017339 0.030656 0.062023 0.061871 0.077998 0.096263 0.118637 0.019724 0.412846 0.124674 0.118179 0.175064 0.150636 0.093076 0.065320 0.060828 0.054968 0.050149 0.027402 0.023546 -9999.000000 -9999.000000 -9999.000000 -9999.000000 -9999.000000 -9999.000000 -9999.000000 -9999.000000 -9999.000000 -9999.000000 -9999.000000 -9999.000000 -9999.000000 -9999.000000 -9999.000000
0.036190 0.043677 0.101387 0.076890 0.318481 0.042394 0.033792 0.029839 0.018434 0.046548 0.034333 0.166508 0.062671 0.071559 0.067077 0.057256 0.051668 0.029421 0.017339 0.026247 0.053542 0.045464 0.065324 0.072614 0.047214 0.046543 0.048812 0.054826 0.080035 0.102691 0.124319 0.031281 0.057568 0.064543 0.142467 0.196072 0.165436 0.088321 0.060835 0.054975 0.046332 0.043347 0.019323 -9999.000000 -9999.000000 -9999.000000 -9999.000000 -9999.000000 -9999.000000 -9999.000000 -9999.000000 -9999.000000 -9999.000000 -9999.000000 -9999.000000 -9999.000000 -9999.000000 -9999.000000 -9999.000000
0.048831 0.053126 0.060110 0.389450 0.294445 0.071537 0.044689 0.033178 0.027632 0.173380 0.169942 0.138290 0.044628 0.047653 0.038621 0.099983 0.082278 0.032937 0.017339 0.028351 0.033745 0.043113 0.106745 0.213709 0.169115 0.171113 0.049321 0.078835 0.067895 0.106583 0.145115 0.137136 0.051705 0.037214 0.020983 0.031936 0.044239 0.038140 0.041598 0.036025 0.037192 0.028292 0.026668 -9999.000000 -9999.000000 -9999.000000 -9999.000000 -9999.000000 -9999.000000 -9999.000000 -9999.000000 -9999.000000 -9999.000000 -9999.000000 -9999.000000 -9999.000000 -9999.000000 -9999.000000 -9999.000000
0.282898 0.291060 0.335929 0.368046 0.306183 0.079633 0.048679 0.046251 0.091048 0.153830 0.157701 0.022877 0.028346 0.043815 0.067639 0.079705 0.068844 0.064037 0.027811 0.032823 0.057646 0.157119 0.122073 0.203380 1.164904 0.176697 0.200470 0.197663 0.048375 0.084891 0.118650 0.147219 0.071061 0.103649 0.038039 0.050736 0.036370 0.036918 0.065767 0.039038 0.054560 0.030099 0.031966 -9999.000000 -9999.000000 -9999.000000 -9999.000000 -9999.000000 -9999.000000 -9999.000000 -9999.000000 -9999.000000 -9999.000000 -9999.000000 -9999.000000 -9999.000000 -9999.000000 -9999.000000 -9999.000000
0.285290 0.271653 0.234157 0.255082 0.236298 0.124452 0.213619 0.058516 0.068720 0.113696 0.127316 0.018279 0.053293 0.067608 0.183153 0.176919 0.113665 0.083531 0.033113 0.033859 0.052279 0.043069 0.033816 0.054587 0.147475 0.026948 0.222977 0.243681 0.221459 0.041695 0.033378 0.019131 0.091368 0.088868 0.763166 0.125790 0.047885 0.041282 0.062899 0.090584 0.053867 0.054456 0.024482 -9999.000000 -9999.000000 -9999.000000 -9999.000000 -9999.000000 -9999.000000 -9999.000000 -9999.000000 -9999.000000 -9999.000000 -9999.000000 -9999.000000 -9999.000000 -9999.000000 -9999.000000 -9999.000000
0.032898 0.048363 0.049348 0.055423 0.056103 0.021819 0.286625 0.311797 0.065114 0.065748 0.098901 0.039872 0.040767 0.072238 0.176656 0.159207 0.464123 0.423885 0.047897 0.048449 0.035386 0.025372 0.029654 0.057669 0.052621 0.042878 0.047323 0.245490 0.261934 0.037684 0.019323 0.027195 0.027273 0.134106 0.146141 0.213536 0.200116 0.090061 0.078869 0.065858 0.031962 0.067531 0.054042 0.014329 -9999.000000 -9999.000000 -9999.000000 -9999.000000 -9999.000000 -9999.000000 -9999.000000 -9999.000000 -9999.000000 -9999.000000 -9999.000000 -9999.000000 -9999.000000 -9999.000000 -9999.000000
0.023685 0.042697 0.035365 0.047948 0.034283 0.021323 0.036260 0.366865 0.399876 0.116483 0.056408 0.035441 0.036809 0.093904 0.049708 0.111669 0.467489 0.477287 0.427602 0.078523 0.038827 0.029636 0.048639 0.049488 0.041910 0.039624 0.055627 0.040882 0.311687 0.374733 0.078526 0.118425 0.039285 0.045192 0.039222 0.281429 0.250488 0.090917 0.051822 0.068490 0.025578 0.114303 0.107162 0.019216 -9999.000000 -9999.000000 -9999.000000 -9999.000000 -9999.000000 -9999.000000 -9999.000000 -9999.000000 -9999.000000 -9999.000000 -9999.000000 -9999.000000 -9999.000000 -9999.000000 -9999.000000
0.169404 0.035673 0.033196 0.030562 0.038943 0.020812 0.032806 0.067945 0.091094 0.169674 0.218008 0.028376 0.035345 0.037121 0.041052 0.037507 0.045835 0.434629 0.424249 0.102946 0.092722 0.059467 0.050428 0.028791 0.028764 0.070051 0.039301 0.052734 0.358088 0.056605 0.076482 0.122015 0.050862 0.068233 0.071783 0.071772 0.083827 0.123558 0.158793 0.154371 0.132318 0.073648 0.083891 0.071479 0.014329 -9999.000000 -9999.000000 -9999.000000 -9999.000000 -9999.000000 -9999.000000 -9999.000000 -9999.000000 -9999.000000 -9999.000000 -9999.000000 -9999.000000 -9999.000000 -9999.000000
0.217902 0.205658 0.066071 0.027252 0.020809 0.034105 0.026076 0.038507 0.037877 0.169145 0.242273 0.099167 0.103230 0.037126 0.017339 0.066001 0.044834 0.101201 0.119137 0.152276 0.104956 0.058032 0.045777 0.043698 0.018191 0.032188 0.040228 0.064282 0.395201 0.066081 0.066839 0.040450 0.067583 0.082674 0.086724 0.099099 0.105441 0.104992 0.123985 0.141370 0.110568 0.376722 0.354670 0.055462 0.019216 -9999.000000 -9999.000000 -9999.000000 -9999.000000 -9999.000000 -9999.000000 -9999.000000 -9999.000000 -9999.000000 -9999.000000 -9999.000000 -9999.000000 -9999.000000 -9999.000000
0.235344 0.238697 0.090655 0.042526 0.036898 0.026213 0.029492 0.024400 0.024717 0.031594 0.075862 0.116899 0.106642 0.037428 0.017339 0.081550 0.072745 0.056474 0.052695 0.057807 0.064455 0.052518 0.038953 0.051565 0.021604 0.041163 0.041326 0.087930 0.362868 0.059810 0.032581 0.056566 0.074498 0.090997 0.014329 0.119718 0.123044 0.028036 0.035213 0.029327 0.079484 0.323812 0.333559 0.032264 0.027846 -9999.000000 -9999.000000 -9999.000000 -9999.000000 -9999.000000 -9999.000000 -9999.000000 -9999.000000 -9999.000000 -9999.000000 -9999.000000 -9999.000000 -9999.000000 -9999.000000
0.050510 0.036385 0.166227 0.168228 0.035498 0.053907 0.051726 0.029993 0.014329 0.019216 0.081719 0.111000 0.121019 0.038767 0.072393 0.083802 0.081292 0.071257 0.063625 0.058165 0.079623 0.044381 0.051764 0.018078 0.021692 0.033394 0.031624 0.145751 0.108808 0.029535 0.030354 0.047152 0.065746 0.106802 0.135335 0.030220 0.038093 0.018225 0.021729 0.022341 0.041371 0.029094 0.055189 0.060249 -9999.000000 -9999.000000 -9999.000000 -9999.000000 -9999.000000 -9999.000000 -9999.000000 -9999.000000 -9999.000000 -9999.000000 -9999.000000 -9999.000000 -9999.000000 -9999.000000 -9999.000000
0.068638 0.053448 0.206175 0.224397 0.044542 0.069854 0.087731 0.046846 0.025426 0.028829 0.070881 0.085724 0.123059 0.159976 0.062622 0.088274 0.019631 0.064763 0.041546 0.398195 0.060685 0.035736 0.390402 0.026240 0.027263 0.063624 0.079230 0.236444 0.024808 0.024270 -9999.000000 -9999.000000 -9999.000000 0.025894 0.034249 0.042238 0.038422 0.040505 0.046185 0.021782 0.018096 0.034598 0.024843 0.019036 -9999.000000 -9999.000000 -9999.000000 -9999.000000 -9999.000000 -9999.000000 -9999.000000 -9999.000000 -9999.000000 -9999.000000 -9999.000000 -9999.000000 -9999.000000 -9999.000000 -9999.000000
0.069923 0.072092 0.050659 0.025350 0.091663 0.105300 0.061238 0.044397 0.048307 0.031941 0.367402 0.391534 0.100454 0.121048 0.056670 0.026701 0.028714 0.051010 0.326436 0.331588 0.065451 0.058526 0.035946 0.067062 0.068864 0.055356 0.103628 0.056383 0.032935 -9999.000000 -9999.000000 -9999.000000 -9999.000000 0.025100 0.031573 0.028542 0.097139 0.089096 0.093053 0.027426 0.027638 0.055251 0.037926 -9999.000000 -9999.000000 -9999.000000 -9999.000000 -9999.000000 -9999.000000 -9999.000000 -9999.000000 -9999.000000 -9999.000000 -9999.000000 -9999.000000 -9999.000000 -9999.000000 -9999.000000 -9999.000000
0.056817 0.084639 0.065084 0.134818 0.678439 0.691708 0.147825 0.030925 0.035652 0.205972 0.253110 0.057771 0.086474 0.036577 0.027062 0.036945 0.026726 0.049733 0.320467 0.047456 0.038847 0.027216 0.014329 0.086719 0.081514 0.064389 0.035495 0.039956 -9999.000000 -9999.000000 -9999.000000 -9999.000000 -9999.000000 -9999.000000 -9999.000000 -9999.000000 0.053654 0.071513 0.071409 0.041566 -9999.000000 -9999.000000 -9999.000000 -9999.000000 -9999.000000 -9999.000000 -9999.000000 -9999.000000 -9999.000000 -9999.000000 -9999.000000 -9999.000000 -9999.000000 -9999.000000 -9999.000000 -9999.000000 -9999.000000 -9999.000000 -9999.000000
0.024276 0.085096 0.070367 0.046685 0.080919 0.686741 0.142117 0.263903 0.141965 0.172080 0.032861 0.033190 0.024405 0.029930 0.030888 0.027298 0.092305 0.065005 0.024446 0.046807 0.070393 0.027696 0.041301 0.064102 0.057629 0.054133 0.032439 -9999.000000 -9999.000000 -9999.000000 -9999.000000 -9999.000000 -9999.000000 -9999.000000 -9999.000000 -9999.000000 -9999.000000 -9999.000000 -9999.000000 -9999.000000 -9999.000000 -9999.000000 -9999.000000 -9999.000000 -9999.000000 -9999.000000 -9999.000000 -9999.000000 -9999.000000 -9999.000000 -9999.000000 -9999.000000 -9999.000000 -9999.000000 -9999.000000 -9999.000000 -9999.000000 -9999.000000 -9999.000000
0.029595 0.037424 0.031826 0.042760 0.061674 0.219309 0.040327 0.056892 0.033520 0.045875 0.021914 0.036864 0.023236 0.024114 0.151952 0.136261 0.084847 0.556997 0.076433 0.057402 0.086399 0.107984 0.111474 0.033667 0.177567 0.030519 -9999.000000 -9999.000000 -9999.000000 -9999.000000 -9999.000000 -9999.000000 -9999.000000 -9999.000000 -9999.000000 -9999.000000 -9999.000000 -9999.000000 -9999.000000 -9999.000000 -9999.000000 -9999.000000 -9999.000000 -9999.000000 -9999.000000 -9999.000000 -9999.000000 -9999.000000 -9999.000000 -9999.000000 -9999.000000 -9999.000000 -9999.000000 -9999.000000 -9999.000000 -9999.000000 -9999.000000 -9999.000000 -9999.000000
0.040901 0.026428 0.028213 0.041073 0.105943 0.145546 0.039142 0.054943 0.026743 0.025371 0.194750 0.191328 0.041379 0.073595 0.022609 0.022609 0.065747 0.523419 0.080559 0.064268 0.094469 0.112803 0.128581 0.021307 0.150973 0.023966 -9999.000000 -9999.000000 -9999.000000 -9999.000000 -9999.000000 -9999.000000 -9999.000000 -9999.000000 -9999.000000 -9999.000000 -9999.000000 -9999.000000 -9999.000000 -9999.000000 -9999.000000 -9999.000000 -9999.000000 -9999.000000 -9999.000000 -9999.000000 -9999.000000 -9999.000000 -9999.000000 -9999.000000 -9999.000000 -9999.000000 -9999.000000 -9999.000000 -9999.000000 -9999.000000 -9999.000000 -9999.000000 -9999.000000
0.047268 0.035222 0.043098 0.029443 0.041987 0.178240 0.061805 0.026743 0.038916 0.032255 0.202735 0.199527 0.169495 0.056155 0.022609 0.022609 0.087986 0.073434 0.043094 0.077083 0.099030 0.112113 0.121703 0.096847 0.098293 0.018749 -9999.000000 -9999.000000 -9999.000000 -9999.000000 -9999.000000 -9999.000000 -9999.000000 -9999.000000 -9999.000000 -9999.000000 -9999.000000 -9999.000000 -9999.000000 -9999.000000 -9999.000000 -9999.000000 -9999.000000 -9999.000000 -9999.000000 -9999.000000 -9999.000000 -9999.000000 -9999.000000 -9999.000000 -9999.000000 -9999.000000 -9999.000000 -9999.000000 -9999.000000 -9999.000000 -9999.000000 -9999.000000 -9999.000000
