use_cases/Flooding_chicago/flooding_data/output/h_1860.asc
ncols 337
nrows 393
xllcorner 428428.000000
yllcorner 4602440.000000
cellsize 26.757400
NODATA_value -9999.000000
[rows 216 to 242 of 393, columns 177 to 235 of 337]
-9999.000000 -9999.000000 -9999.000000 -9999.000000 -9999.000000 -9999.000000 0.112053 0.119073 0.036963 0.030434 0.020134 0.030159 0.069679 0.084572 0.063376 0.068662 0.043799 0.042259 0.071175 0.047096 0.161064 0.074380 1.710640 1.624488 0.153863 0.213752 0.163143 1.206336 0.197090 0.167154 0.025703 0.017372 0.025704 0.029045 0.559719 0.119255 0.187218 0.220496 0.219005 0.189905 0.136697 0.900602 1.001800 1.146139 1.100366 1.136076 0.091741 0.209030 0.216810 0.057137 0.053020 0.474017 0.645980 0.523061 0.032085 0.037870 0.044336 0.113804 0.183241
-9999.000000 -9999.000000 -9999.000000 -9999.000000 -9999.000000 -9999.000000 0.072242 0.108911 0.145805 0.026274 0.026436 0.130395 0.061255 0.083276 0.079825 0.044945 0.065637 0.056632 0.076821 0.227330 0.186667 0.433052 1.539667 0.504238 0.171670 0.162271 0.247605 0.278009 0.284827 0.258935 0.025703 0.017372 0.025704 0.029045 0.713070 0.116306 0.183952 0.224786 0.221854 0.206384 0.170161 0.293402 0.856223 2.055945 2.007621 1.097303 0.126474 0.081780 0.094078 0.097865 0.092697 0.654139 0.624045 0.394571 0.028872 0.017967 0.057732 0.092706 0.201260
-9999.000000 -9999.000000 -9999.000000 -9999.000000 -9999.000000 -9999.000000 -9999.000000 0.055871 0.019310 0.206247 0.215506 0.103844 0.062110 0.089303 0.098244 0.018577 0.030739 0.063682 0.095574 0.210792 0.164225 0.425422 0.279389 0.137673 0.156075 0.252236 0.310313 0.338951 1.362193 0.359488 0.423180 0.031472 0.065681 0.184761 0.689061 0.179148 0.283320 1.389713 2.391560 1.359731 1.358970 0.229569 0.337623 0.192002 1.050242 0.956262 0.174812 0.041755 0.140939 0.113269 1.119487 0.985575 0.929548 0.169686 0.017967 0.021034 0.111549 0.107688 0.098093
-9999.000000 -9999.000000 -9999.000000 -9999.000000 -9999.000000 -9999.000000 -9999.000000 -9999.000000 0.014397 0.290536 1.339057 0.065390 0.059930 0.089776 0.104993 0.023064 0.045327 0.038064 0.119408 0.096351 0.073769 0.221467 0.100730 0.167917 0.228247 0.301141 0.356711 1.407037 2.348059 1.400733 0.310373 0.026008 0.051658 0.163834 0.212609 0.204539 0.326181 1.378446 2.366888 2.371909 3.347803 1.387689 0.244071 0.146065 0.111247 0.423381 0.108362 0.091476 0.144889 1.033945 0.985718 1.028005 1.009227 0.249183 0.382531 0.328803 0.166956 0.171350 0.093602
-9999.000000 -9999.000000 -9999.000000 -9999.000000 -9999.000000 -9999.000000 -9999.000000 -9999.000000 -9999.000000 0.212868 2.343100 0.272468 0.046090 0.079231 0.024621 0.028527 0.051262 0.052894 0.089853 0.090996 0.089224 0.259016 0.093377 0.116327 0.103616 0.334608 1.368690 2.374915 2.348077 1.388101 0.030800 0.018944 0.030799 0.041390 0.152139 0.225213 1.338325 1.326439 1.310468 3.349265 3.896295 2.417675 0.342172 0.039057 0.189903 0.203772 0.212201 0.151772 0.082756 0.203391 0.233649 0.991238 0.936988 1.145989 0.360559 0.298410 0.021661 0.047584 0.029929
-9999.000000 -9999.000000 -9999.000000 -9999.000000 -9999.000000 -9999.000000 -9999.000000 -9999.000000 -9999.000000 -9999.000000 0.014397 0.140435 0.189168 0.064811 0.027824 0.024696 0.053520 0.026543 0.066596 0.046622 0.173334 0.149224 0.173088 0.188579 0.192651 0.144695 0.386513 1.271203 0.242987 0.035423 0.024620 0.014397 0.024620 0.039955 0.038399 0.041573 0.464211 0.482139 0.444054 1.330652 2.400612 2.394063 0.373251 0.083778 0.088557 0.302251 0.301598 0.082269 0.060173 0.197228 0.333431 0.346825 0.314896 0.535849 0.506367 0.036034 0.021767 0.034721 0.029442
-9999.000000 -9999.000000 -9999.000000 -9999.000000 -9999.000000 -9999.000000 -9999.000000 -9999.000000 -9999.000000 -9999.000000 -9999.000000 0.014397 0.059090 0.081917 0.019417 0.044213 0.034432 0.123893 0.101694 0.072914 0.169044 0.146176 0.167274 0.229942 0.260443 0.260842 0.250374 0.236062 0.099405 0.030525 0.025504 0.034234 0.025505 0.033561 0.055204 0.056846 0.540279 0.539088 0.415474 0.383357 1.350760 1.310292 0.377204 0.135273 0.172701 0.164085 0.157738 0.165125 0.106803 0.059575 0.534573 0.524060 0.532438 0.410835 0.259406 0.032952 0.036247 0.046617 0.045784
-9999.000000 -9999.000000 -9999.000000 -9999.000000 -9999.000000 -9999.000000 -9999.000000 -9999.000000 -9999.000000 -9999.000000 -9999.000000 -9999.000000 0.017372 0.017372 0.030662 0.071344 0.084937 0.118049 0.109474 0.096413 0.070412 0.023018 0.034492 0.218484 0.266901 0.309914 0.332069 0.148302 0.202033 0.028022 0.040063 0.045981 0.062293 0.046836 0.071842 0.066596 0.637556 0.659598 0.045953 0.059470 0.470354 0.458886 0.136452 0.206275 0.233980 0.240030 0.232644 0.240421 0.027031 0.027047 0.658104 1.722944 1.771469 0.605858 0.023476 0.025154 0.050956 0.050193 0.243704
-9999.000000 -9999.000000 -9999.000000 -9999.000000 -9999.000000 -9999.000000 -9999.000000 -9999.000000 -9999.000000 -9999.000000 -9999.000000 -9999.000000 -9999.000000 -9999.000000 -9999.000000 -9999.000000 -9999.000000 0.018670 0.023415 0.028435 0.023857 0.025979 0.038536 0.080238 0.103721 0.164131 0.201058 0.260916 0.318125 0.397589 0.431801 0.389075 0.047524 0.018441 0.028496 0.061836 0.698160 0.719415 0.078774 0.123679 0.143474 0.171701 0.221579 0.262659 0.282165 0.284677 0.267982 0.279641 0.037011 0.037109 0.622234 1.645300 1.705562 0.619562 0.024666 0.032264 0.063132 0.055428 0.244723
-9999.000000 -9999.000000 -9999.000000 -9999.000000 -9999.000000 -9999.000000 -9999.000000 -9999.000000 -9999.000000 -9999.000000 -9999.000000 -9999.000000 -9999.000000 -9999.000000 -9999.000000 -9999.000000 -9999.000000 -9999.000000 -9999.000000 -9999.000000 0.025855 0.036949 0.025994 0.041436 0.029762 0.247289 0.265179 0.282676 0.317084 0.398875 0.448158 0.418871 0.045082 0.022530 0.039650 0.067787 1.741528 0.754504 0.094597 0.159798 0.204719 0.240088 0.277170 1.357609 1.356089 0.320198 0.275079 0.250938 0.045555 0.045709 0.051460 0.660242 1.787515 0.640955 0.093711 0.037468 0.029092 0.054435 0.048224
-9999.000000 -9999.000000 -9999.000000 -9999.000000 -9999.000000 -9999.000000 -9999.000000 -9999.000000 -9999.000000 -9999.000000 -9999.000000 -9999.000000 -9999.000000 -9999.000000 -9999.000000 -9999.000000 -9999.000000 -9999.000000 -9999.000000 -9999.000000 -9999.000000 0.030403 0.024726 0.042122 0.035347 0.233762 0.224859 0.050210 0.055991 0.090479 0.444025 0.412207 0.050316 0.024712 0.045265 0.093504 0.693399 0.785759 0.821909 0.159644 0.224606 0.259391 0.289248 1.336496 1.304726 1.321725 0.252174 0.047188 0.030876 0.066643 0.072456 0.682092 1.801097 0.609458 0.082039 0.036751 0.037574 0.068810 0.046017
-9999.000000 -9999.000000 -9999.000000 -9999.000000 -9999.000000 -9999.000000 -9999.000000 -9999.000000 -9999.000000 -9999.000000 -9999.000000 -9999.000000 -9999.000000 -9999.000000 -9999.000000 -9999.000000 -9999.000000 -9999.000000 -9999.000000 -9999.000000 -9999.000000 0.020180 0.032036 0.471444 0.029854 0.041696 0.052238 0.071205 0.023032 0.181983 0.096443 0.073951 0.026101 0.031928 0.060875 0.052727 0.112952 0.677863 0.102133 0.074754 0.093071 0.093209 0.084817 0.062324 0.352584 0.400963 0.317727 0.043968 0.064416 0.042291 0.085547 0.686758 1.678292 0.050102 0.038262 0.021263 0.048363 0.035667 0.049476
-9999.000000 -9999.000000 -9999.000000 -9999.000000 -9999.000000 -9999.000000 -9999.000000 -9999.000000 -9999.000000 -9999.000000 -9999.000000 -9999.000000 -9999.000000 -9999.000000 -9999.000000 -9999.000000 -9999.000000 -9999.000000 -9999.000000 -9999.000000 -9999.000000 -9999.000000 0.268379 0.413032 0.352105 0.049171 0.032495 0.035103 0.040000 0.275887 0.018837 0.024072 0.031791 0.038735 0.026452 0.065864 0.189292 0.255883 0.060952 0.132057 0.144388 0.141732 0.130119 0.107201 0.062706 0.550759 0.084449 0.066948 0.090064 0.062584 0.057456 0.692244 0.855948 0.027764 0.030220 0.021034 0.017967 0.035042 0.047585
-9999.000000 -9999.000000 -9999.000000 -9999.000000 -9999.000000 -9999.000000 -9999.000000 -9999.000000 -9999.000000 -9999.000000 -9999.000000 -9999.000000 -9999.000000 -9999.000000 -9999.000000 -9999.000000 -9999.000000 -9999.000000 -9999.000000 -9999.000000 -9999.000000 -9999.000000 0.019310 0.324837 0.307868 0.061217 0.053352 0.022362 0.046007 0.270149 0.357689 0.380500 0.358184 0.026466 0.024071 0.080268 0.120295 0.225839 0.029807 0.145134 0.139701 0.132123 0.119400 0.099220 0.081795 0.630303 0.138617 0.090691 0.119179 0.083901 0.045268 0.059365 0.972282 0.027519 0.029365 0.017967 0.028872 0.031227 0.042153
-9999.000000 -9999.000000 -9999.000000 -9999.000000 -9999.000000 -9999.000000 -9999.000000 -9999.000000 -9999.000000 -9999.000000 -9999.000000 -9999.000000 -9999.000000 -9999.000000 -9999.000000 -9999.000000 -9999.000000 -9999.000000 -9999.000000 -9999.000000 -9999.000000 -9999.000000 0.014397 0.026054 0.106209 0.039451 0.032143 0.019082 0.033069 0.043282 0.293588 0.327814 0.333518 0.257379 0.227836 0.158533 0.247885 0.170227 0.037941 0.074043 0.076988 0.069696 0.059485 0.040291 0.097542 0.589668 0.183723 0.125373 0.164558 0.017372 0.046348 0.105624 0.880637 0.917580 0.095284 0.029641 0.051660 0.070457 0.412215
-9999.000000 -9999.000000 -9999.000000 -9999.000000 -9999.000000 -9999.000000 -9999.000000 -9999.000000 -9999.000000 -9999.000000 -9999.000000 -9999.000000 -9999.000000 -9999.000000 -9999.000000 -9999.000000 -9999.000000 -9999.000000 -9999.000000 -9999.000000 -9999.000000 -9999.000000 -9999.000000 0.014397 0.072822 0.071862 0.040260 0.026314 0.018959 0.049309 0.069344 0.053628 0.036507 0.224664 0.226677 1.227332 0.148263 0.099068 0.087471 0.072365 0.074217 0.062949 0.052651 0.036083 0.046424 0.162863 0.234425 0.166631 0.208139 0.017372 0.051979 0.164681 1.106285 0.170083 0.025643 0.034309 0.055335 0.073631 0.362840
-9999.000000 -9999.000000 -9999.000000 -9999.000000 -9999.000000 -9999.000000 -9999.000000 -9999.000000 -9999.000000 -9999.000000 -9999.000000 -9999.000000 -9999.000000 -9999.000000 -9999.000000 -9999.000000 -9999.000000 -9999.000000 -9999.000000 -9999.000000 -9999.000000 -9999.000000 -9999.000000 0.020103 0.075890 0.076715 0.041283 0.022514 0.125985 0.098686 0.067833 0.042519 0.052589 0.178688 1.215856 1.227500 0.192876 0.026742 0.035804 0.032510 0.087577 0.087731 0.074118 0.052057 0.045294 0.039452 0.027962 0.251335 0.240393 0.158028 0.077552 0.262689 1.227701 0.264809 0.025993 0.014397 0.052635 0.078462 0.058142
-9999.000000 -9999.000000 -9999.000000 -9999.000000 -9999.000000 -9999.000000 -9999.000000 -9999.000000 -9999.000000 -9999.000000 -9999.000000 -9999.000000 -9999.000000 -9999.000000 -9999.000000 -9999.000000 -9999.000000 -9999.000000 -9999.000000 -9999.000000 -9999.000000 -9999.000000 -9999.000000 -9999.000000 0.078391 0.060952 0.043618 0.018440 0.129692 0.116752 0.022591 0.022591 0.052116 1.192957 1.221279 0.220664 0.218895 0.029411 0.046838 0.051582 0.032234 0.100212 0.074700 1.010300 0.049782 0.046334 0.029435 0.317375 0.271846 0.618604 0.603768 1.361426 1.274452 1.386313 0.459022 0.046501 0.035623 0.046013 0.052116
-9999.000000 -9999.000000 -9999.000000 -9999.000000 -9999.000000 -9999.000000 -9999.000000 -9999.000000 -9999.000000 -9999.000000 -9999.000000 -9999.000000 -9999.000000 -9999.000000 -9999.000000 -9999.000000 -9999.000000 -9999.000000 -9999.000000 -9999.000000 -9999.000000 -9999.000000 -9999.000000 -9999.000000 -9999.000000 0.023216 0.042748 0.042365 0.014397 0.081597 0.022591 0.022591 0.048897 1.197987 1.223500 0.222007 0.228045 0.241952 0.037162 0.060523 0.017372 0.035698 0.072654 0.974751 1.045571 1.018332 0.820126 0.536766 0.380961 0.613290 0.582148 1.377575 0.372677 0.375969 0.421459 0.041970 0.040733 0.053657 0.040290
-9999.000000 -9999.000000 -9999.000000 -9999.000000 -9999.000000 -9999.000000 -9999.000000 -9999.000000 -9999.000000 -9999.000000 -9999.000000 -9999.000000 -9999.000000 -9999.000000 -9999.000000 -9999.000000 -9999.000000 -9999.000000 -9999.000000 -9999.000000 -9999.000000 -9999.000000 -9999.000000 -9999.000000 -9999.000000 -9999.000000 0.023232 0.074120 0.059074 0.083642 0.027795 0.027794 0.034310 0.126570 0.160471 0.198402 0.223762 0.241693 0.223869 0.056105 0.017372 0.054282 0.106819 1.001399 1.058115 1.056118 0.125358 0.075190 0.272483 0.199608 0.168921 0.158181 0.070029 0.061717 0.084861 0.026817 0.029900 0.034478 0.052834
-9999.000000 -9999.000000 -9999.000000 -9999.000000 -9999.000000 -9999.000000 -9999.000000 -9999.000000 -9999.000000 -9999.000000 -9999.000000 -9999.000000 -9999.000000 -9999.000000 -9999.000000 -9999.000000 -9999.000000 -9999.000000 -9999.000000 -9999.000000 -9999.000000 -9999.000000 -9999.000000 -9999.000000 -9999.000000 -9999.000000 -9999.000000 0.039803 0.109415 0.138724 0.183480 0.030433 0.058967 0.299495 0.350972 0.140694 0.207605 0.219489 0.043480 0.081048 0.110192 0.075096 0.169869 0.135262 0.929595 0.914916 0.196097 0.119929 0.088631 0.107248 0.109719 0.121192 0.142128 0.124139 0.029214 0.018364 0.029243 0.046684 0.030602
-9999.000000 -9999.000000 -9999.000000 -9999.000000 -9999.000000 -9999.000000 -9999.000000 -9999.000000 -9999.000000 -9999.000000 -9999.000000 -9999.000000 -9999.000000 -9999.000000 -9999.000000 -9999.000000 -9999.000000 -9999.000000 -9999.000000 -9999.000000 -9999.000000 -9999.000000 -9999.000000 -9999.000000 -9999.000000 -9999.000000 -9999.000000 -9999.000000 -9999.000000 0.087609 0.025275 0.034066 0.056496 0.222572 0.243803 0.068352 0.019111 0.025460 0.017372 0.017372 0.094719 0.098426 0.084221 0.240028 0.232993 0.248162 0.354912 0.021279 0.036049 0.129970 0.157066 1.189964 1.186935 1.186486 0.039710 0.022239 0.039802 0.051842 0.057152
-9999.000000 -9999.000000 -9999.000000 -9999.000000 -9999.000000 -9999.000000 -9999.000000 -9999.000000 -9999.000000 -9999.000000 -9999.000000 -9999.000000 -9999.000000 -9999.000000 -9999.000000 -9999.000000 -9999.000000 -9999.000000 -9999.000000 -9999.000000 -9999.000000 -9999.000000 -9999.000000 -9999.000000 -9999.000000 -9999.000000 -9999.000000 -9999.000000 -9999.000000 -9999.000000 0.024651 0.030480 0.019936 -9999.000000 -9999.000000 -9999.000000 -9999.000000 -9999.000000 -9999.000000 -9999.000000 0.020897 0.119585 1.173973 0.125435 0.109689 0.079018 0.557351 0.584831 0.064446 0.035011 0.136270 1.180089 1.182532 1.181877 0.046495 0.023614 0.047213 0.055415 0.063943
-9999.000000 -9999.000000 -9999.000000 -9999.000000 -9999.000000 -9999.000000 -9999.000000 -9999.000000 -9999.000000 -9999.000000 -9999.000000 -9999.000000 -9999.000000 -9999.000000 -9999.000000 -9999.000000 -9999.000000 -9999.000000 -9999.000000 -9999.000000 -9999.000000 -9999.000000 -9999.000000 -9999.000000 -9999.000000 -9999.000000 -9999.000000 -9999.000000 -9999.000000 -9999.000000 -9999.000000 -9999.000000 -9999.000000 -9999.000000 -9999.000000 -9999.000000 -9999.000000 -9999.000000 -9999.000000 -9999.000000 0.019538 0.126793 1.158617 0.162925 0.159326 0.126548 0.568497 0.567664 0.117960 0.020851 0.029610 0.173150 0.031823 0.044319 0.062630 0.028312 0.023705 0.051491 0.100126
-9999.000000 -9999.000000 -9999.000000 -9999.000000 -9999.000000 -9999.000000 -9999.000000 -9999.000000 -9999.000000 -9999.000000 -9999.000000 -9999.000000 -9999.000000 -9999.000000 -9999.000000 -9999.000000 -9999.000000 -9999.000000 -9999.000000 -9999.000000 -9999.000000 -9999.000000 -9999.000000 -9999.000000 -9999.000000 -9999.000000 -9999.000000 -9999.000000 -9999.000000 -9999.000000 -9999.000000 -9999.000000 -9999.000000 -9999.000000 -9999.000000 -9999.000000 -9999.000000 -9999.000000 -9999.000000 -9999.000000 0.028342 0.026039 0.138023 0.177299 0.195655 0.199029 0.017372 0.215617 0.196142 0.034386 0.017372 0.027475 0.040627 0.046592 0.052100 0.023842 0.023034 0.027672 1.130563
-9999.000000 -9999.000000 -9999.000000 -9999.000000 -9999.000000 -9999.000000 -9999.000000 -9999.000000 -9999.000000 -9999.000000 -9999.000000 -9999.000000 -9999.000000 -9999.000000 -9999.000000 -9999.000000 -9999.000000 -9999.000000 -9999.000000 -9999.000000 -9999.000000 -9999.000000 -9999.000000 -9999.000000 -9999.000000 -9999.000000 -9999.000000 -9999.000000 -9999.000000 -9999.000000 -9999.000000 -9999.000000 -9999.000000 -9999.000000 -9999.000000 -9999.000000 -9999.000000 -9999.000000 -9999.000000 -9999.000000 0.025613 0.032615 0.040214 0.148949 0.179834 0.230492 0.017372 0.287498 0.259758 0.039526 0.017372 0.034065 0.385459 0.412252 0.406841 0.030113 0.030052 0.030327 0.156486
-9999.000000 -9999.000000 -9999.000000 -9999.000000 -9999.000000 -9999.000000 -9999.000000 -9999.000000 -9999.000000 -9999.000000 -9999.000000 -9999.000000 -9999.000000 -9999.000000 -9999.000000 -9999.000000 -9999.000000 -9999.000000 -9999.000000 -9999.000000 -9999.000000 -9999.000000 -9999.000000 -9999.000000 -9999.000000 -9999.000000 -9999.000000 -9999.000000 -9999.000000 -9999.000000 -9999.000000 -9999.000000 -9999.000000 -9999.000000 -9999.000000 -9999.000000 -9999.000000 -9999.000000 -9999.000000 -9999.000000 -9999.000000 0.038734 0.043435 0.032463 0.037971 0.273581 0.338601 0.303322 0.262798 0.045281 0.053581 0.032219 1.407249 1.419166 1.424034 0.208275 0.101805 0.207451 0.169213
