use_cases/Flooding_chicago/flooding_data/output/h_1980.asc
ncols 337
nrows 393
xllcorner 428428.000000
yllcorner 4602440.000000
cellsize 26.757400
NODATA_value -9999.000000
[rows 162 to 188 of 393, columns 236 to 294 of 337]
4.217735 4.210269 4.209945 4.206568 4.238265 1.148554 1.142694 0.106607 1.806661 3.840036 4.865716 3.893926 3.885499 3.852875 2.874739 1.821652 0.757875 0.687168 0.675608 0.648034 1.616697 1.632485 2.636159 2.622853 0.460069 0.174111 0.138705 0.165833 0.032967 0.019677 0.205259 1.253341 1.246306 1.235362 0.166594 0.042405 0.027046 0.036690 0.037437 0.106468 0.092293 0.051948 -9999.000000 -9999.000000 -9999.000000 -9999.000000 -9999.000000 -9999.000000 -9999.000000 -9999.000000 -9999.000000 -9999.000000 -9999.000000 -9999.000000 -9999.000000 -9999.000000 -9999.000000 -9999.000000 -9999.000000
4.211816 4.201754 4.200747 4.196983 4.237357 2.109447 2.117883 0.972629 1.801015 3.834080 5.861027 5.925665 3.888377 2.826439 2.882079 0.797621 0.770980 1.562152 2.656851 3.679146 2.669813 2.669040 2.669416 1.672380 0.025315 0.027565 0.032722 0.047797 0.027244 0.028893 0.033806 0.179471 1.236124 1.227459 0.177782 0.035707 0.058081 0.093849 0.022163 0.120918 0.084449 0.119620 -9999.000000 -9999.000000 -9999.000000 -9999.000000 -9999.000000 -9999.000000 -9999.000000 -9999.000000 -9999.000000 -9999.000000 -9999.000000 -9999.000000 -9999.000000 -9999.000000 -9999.000000 -9999.000000 -9999.000000
4.212811 4.201859 4.202302 5.185184 4.233273 2.094406 2.059757 1.998549 1.934040 3.781493 5.854590 5.931860 3.923266 1.862321 1.883399 0.815152 0.793348 1.552048 3.646633 4.674470 3.671540 3.675996 2.668682 1.661442 0.507395 0.079582 0.043389 0.027840 0.038521 0.027106 0.039344 0.026313 0.160953 1.107241 1.038293 1.072841 1.107104 0.080174 0.109704 0.112907 0.081886 0.119240 -9999.000000 -9999.000000 -9999.000000 -9999.000000 -9999.000000 -9999.000000 -9999.000000 -9999.000000 -9999.000000 -9999.000000 -9999.000000 -9999.000000 -9999.000000 -9999.000000 -9999.000000 -9999.000000 -9999.000000
4.216919 3.198488 4.184081 4.191208 3.217297 1.103491 1.983775 2.003180 1.933055 1.909046 3.823269 3.911661 2.905951 1.901716 0.855710 0.824983 0.808080 1.447607 2.634495 3.659682 3.654334 3.659832 2.650604 2.651672 0.494235 0.074710 0.052056 0.032189 0.033272 0.053856 0.178849 0.019005 0.141187 1.165649 2.080434 2.134427 0.130274 0.080300 0.111106 0.115700 0.094779 0.053140 0.063880 -9999.000000 -9999.000000 -9999.000000 -9999.000000 -9999.000000 -9999.000000 -9999.000000 -9999.000000 -9999.000000 -9999.000000 -9999.000000 -9999.000000 -9999.000000 -9999.000000 -9999.000000 -9999.000000
3.206236 3.198074 3.202773 3.215235 1.179647 1.132569 1.082802 1.019563 0.953809 1.832142 1.882836 1.886106 2.879004 1.876003 1.882905 1.863370 1.877885 0.664992 0.618705 1.626558 1.624551 1.644804 1.642183 1.625003 0.040936 0.031288 0.024224 0.030709 0.026619 0.044412 0.107018 0.125711 0.014396 0.116598 1.083026 1.067801 0.028694 0.024543 0.030098 0.025474 0.097786 0.066827 0.056492 -9999.000000 -9999.000000 -9999.000000 -9999.000000 -9999.000000 -9999.000000 -9999.000000 -9999.000000 -9999.000000 -9999.000000 -9999.000000 -9999.000000 -9999.000000 -9999.000000 -9999.000000 -9999.000000
2.179817 2.177748 2.171618 2.171504 1.174131 1.137949 1.073190 0.952224 0.911701 0.848484 0.836016 1.864691 1.875020 1.877564 1.880501 1.867194 0.878105 0.023018 0.023659 0.077095 0.081664 0.605677 1.636741 1.638363 0.025536 0.018181 0.022164 0.058403 0.045647 0.037437 0.282492 0.064710 0.075568 0.090609 0.071165 0.870739 0.028771 0.024772 0.030891 0.030144 0.024147 0.022438 0.029030 -9999.000000 -9999.000000 -9999.000000 -9999.000000 -9999.000000 -9999.000000 -9999.000000 -9999.000000 -9999.000000 -9999.000000 -9999.000000 -9999.000000 -9999.000000 -9999.000000 -9999.000000 -9999.000000
1.041600 1.169282 1.209078 1.222401 1.199883 1.177578 1.115011 0.100882 0.067324 0.051016 0.041743 0.842647 0.840630 1.870706 1.874262 1.857012 0.872691 0.023781 0.028114 0.023033 0.088556 0.067827 0.609820 0.039958 0.023827 0.025453 0.051338 0.058602 0.076662 0.021995 0.230596 0.214067 0.052567 0.067174 0.045920 0.651334 0.033348 0.043624 0.052504 0.053862 0.031090 0.018227 0.027871 -9999.000000 -9999.000000 -9999.000000 -9999.000000 -9999.000000 -9999.000000 -9999.000000 -9999.000000 -9999.000000 -9999.000000 -9999.000000 -9999.000000 -9999.000000 -9999.000000 -9999.000000 -9999.000000
0.470777 1.194485 1.262177 1.271957 1.253349 1.280278 0.220645 0.043501 0.049212 0.048010 0.038163 0.064648 0.791196 1.871417 1.885989 1.878294 0.883809 0.889006 0.892769 0.018349 0.095814 0.088837 0.076826 0.058999 0.037209 0.261074 1.290639 0.271886 0.048270 0.035225 0.160110 0.152582 0.033538 0.037665 0.058051 0.556658 0.319484 0.040133 0.051241 0.063697 0.036918 0.027778 0.032173 0.025889 -9999.000000 -9999.000000 -9999.000000 -9999.000000 -9999.000000 -9999.000000 -9999.000000 -9999.000000 -9999.000000 -9999.000000 -9999.000000 -9999.000000 -9999.000000 -9999.000000 -9999.000000
0.562094 1.179560 1.291487 2.347414 1.208629 1.230052 0.198839 0.062069 0.028892 0.027595 0.062775 0.074816 1.843459 1.882841 1.888176 1.869283 1.898031 1.880620 0.869496 0.073499 0.092915 0.091547 0.072673 0.043272 0.369717 1.382082 2.387135 1.388731 0.039468 0.031624 0.302599 0.283414 0.254336 0.232070 1.152080 1.178331 3.299480 3.313144 2.259888 2.306596 1.229230 0.044497 0.023108 0.179741 -9999.000000 -9999.000000 -9999.000000 -9999.000000 -9999.000000 -9999.000000 -9999.000000 -9999.000000 -9999.000000 -9999.000000 -9999.000000 -9999.000000 -9999.000000 -9999.000000 -9999.000000
0.692391 1.100040 2.310823 2.348585 0.236004 0.048565 0.083237 0.048358 0.042372 0.038173 0.070330 0.092462 1.831081 2.888040 1.888248 1.865980 1.876866 1.885316 1.894951 0.885555 0.014396 0.095550 0.053146 0.432299 0.423776 1.375757 2.398367 1.410121 0.314509 0.174398 1.340306 2.352928 2.364063 2.352839 2.334684 3.294479 5.336321 5.343602 5.354819 4.342739 2.332143 1.310484 0.191364 0.247710 0.125182 -9999.000000 -9999.000000 -9999.000000 -9999.000000 -9999.000000 -9999.000000 -9999.000000 -9999.000000 -9999.000000 -9999.000000 -9999.000000 -9999.000000 -9999.000000 -9999.000000
0.703179 0.948195 2.175609 0.168459 0.024544 0.027413 0.105334 0.044254 0.062076 0.046701 0.045838 0.063470 0.614899 2.834414 2.856659 1.863258 0.804243 1.866384 1.830234 0.792886 0.181792 0.115936 0.486336 0.437412 0.420974 0.385159 0.347580 0.362947 0.014396 0.147547 2.275112 3.350714 4.356559 4.353092 4.334253 4.332731 7.335666 7.332108 6.357795 5.336131 3.347042 1.320533 1.313067 0.152398 0.074362 0.059846 -9999.000000 -9999.000000 -9999.000000 -9999.000000 -9999.000000 -9999.000000 -9999.000000 -9999.000000 -9999.000000 -9999.000000 -9999.000000 -9999.000000 -9999.000000
0.647507 0.413798 0.307467 0.029885 0.014396 0.023384 0.054309 0.075094 0.082177 0.017372 0.020134 0.123667 0.180069 0.630857 0.661149 0.780831 0.052117 0.800515 0.115903 0.234237 0.103435 0.074332 0.148944 0.017967 0.021034 0.021263 0.211560 0.279024 0.183521 0.126763 2.275837 4.346968 3.363173 3.346232 4.348982 5.325890 6.340436 6.325822 5.353179 4.328546 3.353293 2.351279 1.331862 0.037615 0.017967 0.030143 -9999.000000 -9999.000000 -9999.000000 -9999.000000 -9999.000000 -9999.000000 -9999.000000 -9999.000000 -9999.000000 -9999.000000 -9999.000000 -9999.000000 -9999.000000
0.332949 0.034384 0.050504 0.027166 0.043752 0.018440 0.068011 0.073998 0.081996 0.017372 0.049411 0.219484 0.197585 0.121157 0.088399 0.093060 0.085885 0.073319 0.103930 0.191137 0.206030 0.129800 0.194712 0.127431 0.017967 0.073407 0.942726 0.964536 0.897285 1.332571 2.264190 3.343258 3.423970 2.379138 3.347687 4.362991 5.354268 5.358709 4.388570 3.352696 3.356444 3.366297 2.349226 0.040705 0.021034 0.017967 0.020378 0.186855 -9999.000000 -9999.000000 -9999.000000 -9999.000000 -9999.000000 -9999.000000 -9999.000000 -9999.000000 -9999.000000 -9999.000000 -9999.000000
0.027693 0.036650 0.033802 0.544819 1.546979 1.551597 0.536000 0.051587 0.070664 0.059140 0.058470 0.310142 0.289394 0.030053 0.028551 0.142105 0.129612 0.024449 0.024995 0.310576 0.294272 0.174149 0.087509 0.274463 0.020378 0.091219 0.937464 2.049006 0.960343 0.736220 1.218987 1.333391 2.331179 2.348645 2.335268 3.337290 4.344101 4.347648 4.374804 3.331564 3.330469 4.304698 3.328535 1.192959 0.066040 0.039302 0.073083 0.340201 -9999.000000 -9999.000000 -9999.000000 -9999.000000 -9999.000000 -9999.000000 -9999.000000 -9999.000000 -9999.000000 -9999.000000 -9999.000000
0.033647 0.014396 0.032132 1.561892 2.568534 2.563284 1.555302 0.448543 0.065201 0.020378 0.046212 0.429515 0.032873 0.048171 0.041443 0.169255 0.025618 0.030195 0.031787 0.406754 0.413360 0.017373 0.070957 0.239977 0.189418 0.153793 0.975388 2.051124 1.022326 0.974567 0.031529 0.268062 0.278776 1.305596 2.312743 2.298440 3.327825 4.325133 4.364551 3.322039 3.319525 4.316598 3.333452 1.089119 0.794661 0.689236 1.546390 2.678771 1.089694 -9999.000000 -9999.000000 -9999.000000 -9999.000000 -9999.000000 -9999.000000 -9999.000000 -9999.000000 -9999.000000 -9999.000000
1.473543 0.390653 0.442362 1.547862 2.562940 2.548015 1.546631 0.491151 0.027336 0.031182 0.048506 0.489250 0.044344 0.057166 0.022591 0.022591 0.030914 0.431627 1.529244 1.556698 0.503441 0.017546 0.105168 0.216214 0.196137 0.172515 1.018154 2.080923 3.137527 1.035431 0.071991 0.056603 0.041765 0.244139 1.276191 2.238286 3.297157 4.286036 4.320047 4.295711 4.276709 4.306554 3.141556 2.864565 2.906125 3.799754 3.861406 3.862857 2.629689 0.965716 -9999.000000 -9999.000000 -9999.000000 -9999.000000 -9999.000000 -9999.000000 -9999.000000 -9999.000000 -9999.000000
3.524229 2.464870 2.452732 1.552355 0.569986 1.556079 1.542804 0.047110 0.035712 0.035745 0.059142 0.550230 0.569036 0.039621 0.022591 0.022591 1.514090 2.530724 3.539096 2.539083 1.511671 0.376171 0.218515 0.213694 1.040948 1.141802 1.093421 3.085023 4.119475 1.068687 0.094811 0.085605 0.073467 0.039205 0.323706 2.178573 3.294410 4.241287 4.283031 4.238651 4.236567 4.277298 3.108982 3.862103 3.968819 4.833771 4.930776 3.805483 2.393235 2.031090 1.311351 -9999.000000 -9999.000000 -9999.000000 -9999.000000 -9999.000000 -9999.000000 -9999.000000 -9999.000000
3.531087 2.502598 2.510731 1.566249 0.556023 0.546601 0.537182 0.067688 0.041359 0.039498 0.631980 1.578247 1.613123 0.607192 0.052735 0.052919 2.512040 4.540878 4.546620 2.541497 0.460580 0.363650 0.213015 1.083264 1.085942 1.127654 2.101962 3.025981 3.080350 2.106997 2.126095 1.117129 1.118227 0.051097 0.376339 2.193690 4.356698 3.325950 3.216596 2.157104 3.032347 3.163824 2.034271 2.799167 3.904955 3.805781 3.808308 2.766011 1.378901 1.093222 0.849252 -9999.000000 -9999.000000 -9999.000000 -9999.000000 -9999.000000 -9999.000000 -9999.000000 -9999.000000
3.486753 2.473926 1.465432 0.030942 0.051987 0.069045 0.072047 0.033135 0.055030 0.046394 1.610425 2.565984 2.604471 0.596468 0.578680 0.562839 3.504439 5.523955 4.537810 2.541507 0.506219 0.018391 0.101527 0.167299 1.032377 1.128785 2.113830 1.125082 1.127396 2.050907 2.096487 3.033307 2.093039 0.931706 0.620486 1.301557 4.344006 3.342334 1.410042 1.383525 1.357583 1.316972 1.209032 2.842369 4.048454 3.142823 0.905052 0.751429 0.522927 0.937670 1.056322 0.040201 -9999.000000 -9999.000000 -9999.000000 -9999.000000 -9999.000000 -9999.000000 -9999.000000
3.427955 3.412463 1.354908 0.032639 0.014396 0.089961 0.075760 0.037087 0.023567 0.022942 0.055154 1.576688 2.600152 1.630022 0.592690 0.580721 2.488485 3.523919 3.533344 2.546108 0.513111 0.022345 0.061254 0.239739 0.251639 1.051155 2.131717 1.152712 1.142218 2.038623 2.100524 2.098295 2.120417 1.058952 0.031523 2.306178 3.160460 2.392758 1.421516 1.406176 2.461880 1.334305 2.046469 3.938606 4.109570 3.175377 0.939473 0.743507 0.439054 0.832647 0.816250 -9999.000000 -9999.000000 -9999.000000 -9999.000000 -9999.000000 -9999.000000 -9999.000000 -9999.000000
2.378905 2.342039 2.136747 0.121415 0.036654 0.058944 0.054049 0.031288 0.027366 0.023506 0.021751 0.413974 2.567517 3.634074 2.622830 1.567447 2.522576 2.540545 2.558928 1.564218 0.510716 0.019143 0.036034 1.275863 1.355230 1.213747 2.123820 2.235313 2.256634 1.104746 1.105764 1.048103 1.030494 0.953936 0.727050 1.379604 2.494305 3.554822 3.665078 2.551024 2.398400 2.374147 2.105788 3.859284 4.049643 3.099358 2.067056 0.712105 1.834106 1.938726 2.993314 0.552639 -9999.000000 -9999.000000 -9999.000000 -9999.000000 -9999.000000 -9999.000000 -9999.000000
0.068946 1.216141 2.998686 0.869269 0.112447 0.104365 0.087072 0.034764 0.019310 0.031288 0.047606 1.426006 3.579669 3.623889 2.593674 2.572430 2.573077 1.549566 1.539359 1.566936 0.384068 0.190693 1.162093 1.306472 1.305768 1.234812 2.104644 2.221949 2.240578 1.141299 1.195807 0.153835 0.122891 0.070507 0.603076 1.420517 2.481915 3.492293 3.555881 3.590099 2.380770 2.261032 1.871379 1.853367 1.978772 2.008523 2.038111 0.685008 1.834081 1.929582 2.989353 0.670219 -9999.000000 -9999.000000 -9999.000000 -9999.000000 -9999.000000 -9999.000000 -9999.000000
0.048072 0.182475 1.897751 1.698566 1.779970 0.629886 0.596282 0.543239 0.033332 0.044681 1.523671 3.574704 3.588680 2.613919 1.582277 1.566135 1.540297 1.562515 0.479528 0.413372 0.603114 0.955689 1.204548 1.392808 1.325694 1.251953 2.037703 2.247932 1.153834 1.113222 1.130147 1.145749 0.128115 0.088389 0.048216 1.410263 2.468608 3.491965 3.556549 3.558156 2.444487 2.351845 0.195939 0.097877 0.861247 0.887953 0.031027 0.030673 0.786125 1.867079 1.908367 0.759251 0.037116 -9999.000000 -9999.000000 -9999.000000 -9999.000000 -9999.000000 -9999.000000
0.048026 0.053275 0.193662 1.722887 1.919287 1.740206 1.741969 2.667583 1.671235 1.664283 3.493053 4.604383 3.641438 2.656311 1.646412 0.561065 0.524213 0.501891 0.457440 0.384158 2.002374 2.095673 1.458253 2.389971 1.275165 1.230418 1.156201 1.159118 1.089605 1.897237 2.001882 2.019802 2.057482 0.073094 0.056614 1.329587 2.361256 3.418653 3.545582 3.490913 2.391608 1.489362 0.024705 0.026022 0.086472 0.093763 0.028984 0.028984 0.075914 0.069043 0.070110 0.073905 0.024024 -9999.000000 -9999.000000 -9999.000000 -9999.000000 -9999.000000 -9999.000000
0.071207 0.049948 0.041313 0.709287 0.872069 1.744736 1.785207 2.654958 2.702706 2.675472 3.480024 4.571733 4.648095 3.650458 2.652357 0.548965 0.512123 0.489343 0.438276 0.864769 1.801362 1.815329 0.437442 1.020363 1.142044 1.159448 0.139357 0.124457 0.946288 2.930366 3.015648 3.025131 3.044484 1.963505 1.947774 1.666879 1.662076 2.548653 3.649314 2.671361 1.621400 1.568331 0.742011 0.014396 0.041461 0.043665 0.017372 0.017372 0.086601 0.025276 0.033043 0.034248 0.028908 0.038628 0.046685 -9999.000000 -9999.000000 -9999.000000 -9999.000000
0.090523 0.056801 0.044121 0.750615 0.893860 0.860482 0.811543 1.600388 1.681336 2.607178 2.596444 3.532279 3.594285 3.629557 2.602706 1.548542 0.486314 1.100378 2.232532 2.206512 1.783745 0.617042 0.064741 0.066830 0.038430 0.117209 0.143998 0.130488 0.112511 2.937689 4.018633 4.030100 4.036525 4.020009 4.063483 1.766976 1.738358 2.587950 3.706818 2.721087 2.787983 1.675256 1.749789 1.751328 0.733473 0.739222 0.043338 0.061690 0.050632 0.024590 0.014396 0.038826 0.041084 0.029335 0.054192 0.070167 -9999.000000 -9999.000000 -9999.000000
0.081994 0.106087 0.145631 2.809569 2.907863 0.875391 0.828886 0.748466 1.637911 1.670103 1.533530 1.501153 2.495909 2.541703 2.498573 2.420738 2.422375 3.415746 4.457455 3.433630 1.348208 0.028241 0.017967 0.032371 0.039760 0.047125 0.187608 0.017372 0.017372 1.944740 2.989155 3.999854 4.010069 3.996033 3.004528 1.816518 1.782526 2.525418 3.640006 3.724791 2.730700 1.591030 0.724192 1.758027 1.749135 1.764692 1.763425 1.735233 0.644148 0.038102 0.019310 0.106244 0.028542 0.033577 0.040718 0.062793 0.070792 0.060784 0.028496
