use_cases/Flooding_chicago/flooding_data/output/h_1980.asc
ncols 337
nrows 393
xllcorner 428428.000000
yllcorner 4602440.000000
cellsize 26.757400
NODATA_value -9999.000000
[rows 243 to 269 of 393, columns 59 to 117 of 337]
0.069275 0.995550 2.059922 3.048605 3.045503 2.037226 0.053074 0.017372 0.017372 0.142533 1.103248 1.128364 1.155183 1.167248 1.159048 1.153944 3.192420 5.189056 6.181374 6.181095 6.176715 5.181350 5.178883 5.173535 4.176523 5.190866 5.139196 3.177035 2.125553 1.248995 1.265744 2.312097 2.285189 1.310594 1.337202 3.356818 4.337961 3.286216 3.301894 1.187096 0.039308 0.022544 0.314395 1.356821 2.367656 3.361213 3.362274 2.360948 0.367543 1.409585 3.411828 4.402320 4.408465 4.398512 2.402173 2.395420 1.416876 1.415196 0.308523
0.970444 2.039529 3.048148 4.042645 4.045556 3.046661 1.020339 0.078192 0.084328 2.134400 2.136232 2.118917 1.152300 1.162026 1.153863 2.161220 5.179893 6.174877 6.171367 5.174989 5.172496 4.170414 4.171137 4.174306 4.168137 3.175901 3.170352 3.164145 2.119511 0.236368 1.311056 2.327215 2.321097 2.382165 2.444955 4.340975 3.236788 3.215266 1.087360 0.333218 0.031019 0.021983 0.018150 0.322973 1.370366 2.371651 2.373209 1.371091 0.019310 0.358808 2.406038 3.400131 2.391172 1.398316 1.403515 1.435402 1.395707 0.316432 0.030538
1.019681 3.052284 4.057371 5.050940 4.047534 3.049503 2.024344 1.113533 1.105769 3.143386 3.132373 2.098594 1.158511 1.166596 2.170114 3.162713 6.186471 6.178344 6.173120 5.175401 4.172689 4.173603 3.177527 3.174704 2.173268 2.175577 2.167061 2.178410 2.158010 1.160169 1.220378 2.254104 2.221220 2.218270 2.198620 3.060596 2.021915 0.940501 0.504414 0.591830 0.799935 0.139965 0.207484 0.287497 0.323362 1.363138 1.359757 0.321048 0.027366 0.023506 1.399829 2.396361 2.390606 1.379740 0.411375 0.421597 1.406185 0.294967 0.033446
2.016884 4.040874 5.044447 4.050867 4.045290 3.044886 1.040690 1.099819 2.121181 2.134925 2.117937 1.132049 1.153718 1.163778 2.166635 4.169967 5.179664 5.175008 5.173031 5.174666 4.173738 3.172320 1.165543 1.171003 2.170380 1.170700 1.159598 2.185318 2.163627 1.155199 1.193355 1.119587 1.049163 1.069651 1.374397 2.419354 1.459967 0.456280 0.513527 0.599074 0.877565 0.972334 0.183066 0.266056 0.303872 1.339996 0.334072 0.326093 0.023567 0.022942 0.337377 1.357279 2.367571 3.355117 0.403553 0.409005 1.391007 0.355374 0.379887
1.993531 4.040575 4.049594 3.051325 3.046486 2.016994 0.092678 1.130084 1.129759 1.144605 1.140366 2.152084 1.156000 2.180083 3.154800 3.162699 4.175968 4.173788 4.171796 4.174234 3.169471 2.171854 1.163216 1.169413 1.169549 0.145043 0.132144 2.165299 2.158687 1.139214 1.104142 0.403645 0.579073 0.639756 1.590649 2.529040 1.512497 0.048269 0.061245 0.080617 1.087879 3.175010 2.011131 0.257949 0.296511 1.352724 0.330725 0.327567 1.318643 1.307444 2.318499 3.324676 4.347964 4.331628 2.336059 1.334798 1.363912 1.321190 0.370439
0.997386 3.030908 3.048047 1.017156 1.019902 0.074762 0.100157 1.142235 1.137970 1.148916 2.161574 3.166082 3.185733 3.177895 3.160075 3.162045 3.176857 3.172050 3.167361 2.181945 3.174552 2.172914 1.164661 1.171556 0.138996 0.115800 0.024523 0.120612 2.153697 1.054067 0.298950 0.403448 0.696462 0.790250 1.759188 2.390903 1.678124 0.960257 0.090614 0.118356 1.134008 4.190031 3.115738 2.170927 1.029985 0.315127 0.323501 0.327696 2.345480 2.322618 3.351209 3.349829 4.371134 4.359865 3.358715 2.363595 2.345294 1.325403 0.290063
1.042181 3.050591 2.012887 0.080126 0.098836 0.101169 0.110511 1.136656 1.138009 2.159764 3.160122 4.164846 4.173049 4.171696 3.159594 3.160962 3.176482 3.165944 2.172653 2.183177 2.175837 2.177789 2.162002 1.169635 0.115654 0.031360 0.046371 0.030678 0.959455 0.076727 0.032671 0.044533 0.954980 2.089159 3.053154 1.906332 1.944191 2.041949 1.107047 1.132922 1.112091 4.187227 3.091833 2.176848 2.125968 1.255747 1.261484 2.323441 2.318346 2.316159 2.337420 2.338953 3.363012 2.354458 3.361467 4.362423 3.344438 1.302250 0.114827
1.007322 2.033451 2.018389 0.059434 0.109996 0.111177 0.107175 0.105045 1.141193 1.141423 3.160651 4.154234 4.158900 4.157544 3.159180 3.164363 3.176705 4.172833 3.173903 2.183840 1.153004 1.165847 1.159181 1.155998 0.036538 0.020576 0.060260 0.040111 0.729583 0.032934 0.052067 0.062737 1.007254 2.048815 3.005537 1.983285 2.008929 2.066409 2.049388 1.116636 1.117465 2.167095 2.105201 1.172476 1.175600 2.318440 2.293716 2.307063 2.309955 2.287892 1.312994 1.299356 0.243522 0.023452 2.372619 3.366330 2.366431 0.272427 0.087736
0.062621 0.946320 2.009847 0.975192 0.141300 0.129077 0.028794 0.029552 0.089622 0.092993 1.111543 3.127214 3.142989 3.145986 2.155794 2.156339 3.168800 4.166029 4.159950 3.186908 2.156673 1.178335 0.108316 0.050090 0.034672 0.032357 0.062191 1.043425 2.008765 1.057265 1.066226 1.079147 1.049756 2.068055 3.028883 3.019088 2.041515 2.060720 1.102949 1.111066 1.105537 1.099281 1.078451 0.150429 0.206605 1.317644 1.313604 2.332028 2.324469 2.314195 1.313992 0.245316 0.025703 0.017372 0.253659 0.246966 0.246023 0.034035 0.022591
0.027605 0.234527 0.910895 0.959114 0.176810 0.028731 0.044268 0.047289 0.041719 0.034991 0.161215 1.136190 2.153760 2.181465 2.164695 2.170182 2.195829 3.172050 3.166403 2.196784 1.158308 0.123875 0.027245 0.031151 0.061684 0.035027 0.052968 1.045045 1.945098 1.997916 1.051011 1.055228 1.065149 2.082079 3.053597 2.068394 2.087377 3.174603 3.177136 2.157053 1.117277 0.163998 0.159324 0.022591 0.022591 0.284318 1.328251 2.332006 2.329699 2.323967 1.324845 0.245735 0.025703 0.017372 0.046181 0.017372 0.046899 0.054192 0.022591
0.026576 0.297435 0.285611 0.232451 0.257190 0.027123 0.037056 0.041139 0.014396 0.056212 1.190358 2.197440 2.143749 2.156132 2.156607 3.143640 3.209680 3.179219 2.171936 2.167207 1.068846 0.037780 0.020180 0.032234 0.063912 0.095609 1.016865 1.042686 0.982472 1.046642 1.036867 1.032160 2.185067 3.178321 3.112229 3.164758 2.116283 3.147385 3.147127 2.140678 2.122092 0.168510 0.168841 0.022591 0.022591 0.278152 2.328219 2.328235 2.328785 2.326720 2.326647 0.282947 0.038071 0.046746 0.036842 0.017372 0.041130 0.033790 0.215368
0.491608 0.408594 0.351813 0.310907 0.295079 0.302686 0.289834 0.273648 0.023413 1.201651 3.220105 2.183960 1.170390 1.068411 3.082307 4.082871 3.147707 2.118004 0.982639 0.898287 0.129033 0.046701 0.017372 0.048866 0.073338 0.100365 0.957041 1.021826 0.042039 0.058364 0.075428 0.093213 2.155982 3.150196 3.128440 3.145998 3.178375 3.156482 3.154497 2.141282 1.098609 0.202956 0.216196 1.277949 1.267053 1.277381 2.330789 2.318848 2.321182 2.320402 2.323911 2.326045 1.321010 0.233673 0.026848 0.028328 0.041405 0.370951 0.116576
1.524159 1.522610 0.392692 0.339388 1.280443 1.332371 1.324018 1.295144 1.252719 3.293993 2.289271 1.258249 1.259579 0.255803 1.964287 3.131141 2.038549 0.046415 0.040826 0.045296 0.070366 0.050896 0.017372 0.041420 0.051429 0.048546 0.119223 0.033577 0.027794 0.027794 0.035086 0.103433 2.160680 3.158422 3.144965 3.159142 3.162463 3.166936 3.160652 2.139232 1.184649 2.235539 1.220016 1.254527 1.260619 1.272555 2.331986 2.319985 2.319147 2.314319 2.319320 2.311150 1.309372 0.273400 0.041247 0.029762 1.371536 1.370667 0.364617
2.544800 1.462784 1.390373 1.348684 2.292277 2.354116 2.345076 3.287403 3.330632 3.336488 2.323454 1.294673 1.275156 0.295016 0.196214 0.052353 0.045505 0.034782 0.045433 0.028605 0.042319 0.076973 0.107628 0.077888 0.043129 0.041801 0.097649 0.021782 0.022591 0.022591 0.042779 0.122868 2.168382 4.211891 3.173970 3.184388 3.186616 4.224829 5.230319 4.197607 2.230797 2.240418 2.206853 1.256454 1.264349 1.275324 1.305886 1.310753 1.314722 1.316740 2.318550 2.312760 1.309677 0.014396 0.036759 0.286218 1.374056 1.386485 1.343063
2.539266 1.460065 2.277621 2.320122 2.330322 2.348057 2.333808 3.273969 4.332821 3.331807 2.275461 1.325909 1.239508 0.310631 0.123036 0.044424 0.038917 0.034239 0.032413 0.020775 0.033968 0.040966 0.093589 0.083092 0.045326 0.055305 0.039085 0.075920 0.022591 0.022591 0.040787 1.124416 2.193666 4.149996 3.184283 3.191800 4.213389 5.192724 6.195267 5.198988 4.165681 2.231134 2.209991 1.215296 0.219191 0.225867 0.244082 1.330408 1.327020 1.328232 1.329793 2.322839 1.310767 0.258452 0.021430 0.365333 0.369726 1.377160 1.357264
2.542764 2.562491 0.347191 2.305090 2.316387 2.330167 1.314539 2.271994 4.323811 2.308722 0.201597 1.196892 1.067447 0.315352 0.161262 0.057105 0.049126 0.030922 0.018089 0.021660 0.030204 0.034935 0.042031 0.047385 0.064995 0.046334 0.039712 0.346833 0.032402 0.023582 0.036184 1.125726 2.166396 3.058861 3.125639 3.144964 4.170666 4.187003 5.169467 5.142045 3.133737 2.224413 2.194340 1.210302 0.181327 0.023848 0.025526 0.321078 1.358050 2.360529 2.350767 2.331178 2.367891 2.377173 2.374876 2.378242 2.375705 2.356510 1.312223
2.528216 2.533540 0.033580 0.182115 1.171757 0.250504 0.235541 1.273283 3.282798 0.174644 0.029320 0.024255 0.199056 0.246035 0.213558 0.035393 0.037765 0.026970 0.033593 0.021660 0.018089 0.025504 0.029671 0.075035 0.149574 0.128029 0.128990 0.383425 0.408978 0.020348 0.167560 2.189516 2.203065 2.204017 2.191381 2.205785 3.164384 4.172541 3.198281 3.178763 2.229494 2.214776 1.236725 1.217170 0.181324 0.025494 0.014396 0.308921 1.344975 1.338550 1.331737 1.318636 2.365829 3.391823 3.375386 3.375680 3.363117 2.359855 1.288407
0.446773 0.426598 0.048844 0.050713 0.070295 0.162457 0.088066 0.174960 0.876330 0.045628 0.036339 0.025987 0.028511 0.427853 0.384482 0.042427 0.027260 0.019173 0.110466 0.036308 0.025414 0.023826 0.035011 0.039702 0.126438 0.117501 0.111731 0.358611 0.388291 1.219622 1.244575 2.174186 3.258914 3.249682 2.204881 2.217032 2.187894 2.185286 2.187716 2.178013 2.234089 2.237778 2.241834 1.246916 1.252733 0.202755 0.020018 0.307311 1.338790 0.299917 0.017372 0.334109 1.383878 3.398062 3.379664 2.389068 3.384099 2.371907 1.302315
0.114317 0.127691 0.091523 0.068480 0.083822 0.216088 0.066512 0.085907 0.082806 0.045412 0.028872 0.017967 0.027703 0.389779 0.396864 0.031716 0.032524 0.056984 0.085440 0.052789 0.045265 0.031502 0.032311 0.032235 0.041054 0.068955 0.067568 0.361760 0.393982 0.326098 1.157192 2.192400 3.235629 2.220149 2.160900 2.199111 1.189421 1.231198 1.235427 1.230952 2.269628 2.251342 2.253176 2.260339 1.258409 1.253949 0.253580 1.336411 1.322735 0.289814 0.017372 0.332150 1.376470 3.387021 3.377873 2.382929 2.380038 2.373559 0.415611
0.178299 0.192529 0.113929 0.120500 0.170547 0.161885 0.083690 0.079546 0.081879 0.053218 0.017967 0.021034 0.034543 0.545913 0.555234 0.030128 0.046974 0.061440 0.038933 0.067024 0.043358 0.070397 0.025078 0.032338 0.030320 0.042000 0.269792 1.436977 0.409544 0.368717 1.172028 3.236997 3.278920 2.254473 1.067854 1.118456 0.168200 1.226957 1.236205 1.234367 2.276675 2.254178 2.253636 2.234049 1.267640 1.271081 2.333541 2.300161 1.298958 0.314356 0.307440 0.337533 1.375167 3.385756 3.376721 3.376247 2.376265 2.364738 0.420782
0.230981 0.180708 0.056673 0.109815 0.152373 0.155893 0.086718 0.139758 0.066274 0.108037 0.148817 0.146089 0.675439 1.716296 1.734032 0.689255 0.147455 0.185013 0.186764 0.137121 0.161359 0.181316 0.122356 0.080114 0.041320 0.056719 1.292634 2.413913 1.396843 2.372872 2.349958 3.217782 3.258236 3.326554 0.295787 0.296163 0.018226 0.191665 1.242741 1.243358 2.267374 2.239910 2.235917 2.269198 2.313731 2.312497 2.325106 2.322549 2.304759 1.343234 1.334668 1.346504 1.361427 2.392025 2.373906 2.375406 2.363503 1.377210 1.362156
0.242928 0.037437 0.029656 0.027243 0.039437 0.255618 0.126432 0.173489 0.072965 0.121197 0.149558 0.142426 0.641957 1.656441 1.663722 0.632257 0.171423 0.180081 0.145629 0.109921 0.139048 0.114641 0.146022 0.098522 0.055501 0.274061 3.368226 2.390232 2.375208 2.354995 2.263508 2.154866 2.135482 2.169351 0.287219 0.305311 0.022358 0.025105 0.170853 1.231783 1.211814 1.252588 1.260213 2.306861 3.324721 2.307362 2.317385 2.310778 2.292409 1.331997 1.312376 0.355227 1.372617 1.378838 1.369102 0.350732 0.354622 0.366134 0.416079
0.185036 0.030663 0.028388 0.021599 0.037177 0.098657 0.167142 0.154445 0.030586 0.040978 0.135409 0.131303 0.610050 0.609143 0.537406 0.134497 0.164753 0.034843 0.022315 0.032678 0.032708 0.130629 0.199235 0.160519 0.328065 1.446034 3.236908 3.419637 2.396065 2.402880 1.375304 1.354786 1.350055 0.286181 0.320112 0.387309 0.467804 0.033576 0.036689 0.028110 0.292406 1.240366 1.246432 2.283136 3.305312 3.273680 1.336930 1.335447 1.333785 1.314906 0.366832 0.374792 0.383005 0.377097 0.025002 0.031486 0.031486 0.025002 0.477950
0.226449 0.032143 0.032555 0.035621 0.035362 0.045829 0.149029 0.048682 0.022362 0.079308 0.047798 0.157393 0.163698 0.268501 0.211269 0.091368 0.085921 0.030603 0.024452 0.014396 0.027672 0.029533 0.188722 0.495778 1.362536 1.440057 1.423883 4.452575 4.440724 3.467339 2.473994 1.395703 1.380765 0.018349 0.023033 0.418342 0.467641 0.034610 0.017372 0.017372 0.333858 0.326693 0.315514 1.229607 2.287454 2.229576 1.336462 1.343145 1.349354 1.358337 1.419830 1.419518 1.402613 0.369868 0.025002 0.031486 0.031486 0.025002 0.458751
0.255303 0.280706 0.072624 0.045784 0.059715 0.037529 0.063748 0.071052 0.039041 0.046455 0.038551 0.054009 0.038079 0.430932 0.102558 0.163299 0.142037 0.036873 0.024467 0.029671 0.019722 0.026619 0.297638 0.290324 0.389524 0.028955 0.305714 4.432148 4.412060 3.388130 2.448864 2.474467 2.457719 0.413496 0.028114 0.023660 0.550077 0.029548 0.043572 0.029746 0.367485 0.362655 0.329130 0.346317 1.326442 1.346439 1.361751 2.406299 2.391645 2.395191 2.429926 3.443411 3.422139 1.416432 0.402148 0.404839 0.415853 0.404987 0.419366
0.124397 0.141030 0.085628 0.055275 0.081246 0.028755 0.032448 0.029946 0.020012 0.070915 0.065041 0.041557 0.058372 0.462682 0.152304 0.211374 0.189072 0.030189 0.024239 0.040246 0.032692 0.252788 0.442255 0.431565 0.030967 0.033073 0.062260 2.394489 3.401203 2.438756 2.443584 2.406133 2.421381 1.419235 0.023781 0.023018 0.598745 0.606303 0.023613 0.464280 0.435187 0.405862 0.036619 0.352306 0.357430 1.388848 2.413346 2.388366 2.385585 2.385174 3.443526 3.421715 3.390585 1.419787 1.433323 1.433179 1.444778 1.419976 0.409850
0.040414 0.123680 0.059105 0.056572 0.029030 0.041221 0.033943 0.026603 0.064659 0.071733 0.022591 0.022591 0.036950 0.134201 0.218666 1.280899 1.271594 0.227598 0.020547 0.070992 0.096156 0.318289 0.253235 0.152509 0.032417 0.034695 0.053131 0.048297 0.355068 2.482760 2.467287 1.476970 2.470597 1.394130 0.578300 0.630017 0.594310 0.577373 0.535839 0.509979 0.481276 0.060900 0.080431 0.056364 0.359284 1.368589 2.381163 2.376029 2.372615 2.369397 3.420177 3.393454 2.394906 1.421559 1.432626 1.431944 1.441879 1.410706 0.461932
