use_cases/Flooding_chicago/flooding_data/output/h_1920.asc
ncols 337
nrows 393
xllcorner 428428.000000
yllcorner 4602440.000000
cellsize 26.757400
NODATA_value -9999.000000
[rows 162 to 188 of 393, columns 177 to 235 of 337]
0.047873 0.094581 0.102276 0.134423 0.130791 0.053612 0.020210 0.030235 0.145897 0.278023 0.274666 0.129714 0.078460 0.045937 0.052971 0.052390 0.065041 0.048013 0.066657 4.170584 5.209089 6.207010 5.165508 3.228802 2.238863 0.183283 0.181023 0.229674 0.218090 0.187407 0.123300 0.148378 1.647473 0.785346 0.055774 0.055092 0.052421 0.020699 0.068250 0.212062 0.521609 0.595567 0.727571 0.054548 0.025291 0.032798 0.048439 0.030128 0.037422 0.028801 0.034279 2.152845 3.106699 2.157048 0.165532 1.150279 1.143360 3.146508 4.145412
0.028649 0.091326 0.075050 0.163306 0.146355 0.060478 0.030174 0.019799 0.023949 1.521189 1.527256 0.019646 0.028404 0.029579 0.024223 0.045220 0.032708 0.039513 0.060482 2.233946 4.253129 5.281534 5.249968 4.269866 3.242723 2.287755 2.255658 0.245728 0.251808 0.225715 0.154750 0.988273 1.614228 0.810490 0.044336 0.053429 0.028984 0.020195 0.026620 0.257784 0.730350 0.863066 0.318638 0.071603 0.092538 0.065332 0.075688 0.032997 0.042672 0.032966 0.051126 3.124757 4.143223 3.158688 3.121295 3.144552 3.131034 5.136734 4.144658
0.039404 0.085560 0.090187 0.119530 0.100425 0.092857 0.035623 0.060981 0.374178 2.540150 2.543559 1.556723 0.022492 0.620889 0.023155 0.023017 0.024956 0.032875 0.033729 2.238948 3.193161 5.252208 5.229125 4.278048 3.232134 2.278638 2.262167 1.250300 0.246465 0.226411 0.158784 1.076383 0.322156 0.263791 0.031417 0.032464 0.017967 0.031760 0.031304 0.380351 1.003319 0.332497 0.161975 0.105890 0.086562 0.347925 1.422622 0.297036 0.041006 0.046114 1.072095 5.169819 6.087180 5.166436 4.153032 3.147838 4.110008 5.153705 4.147868
0.086251 0.064812 0.077870 0.136145 0.127115 0.050101 0.039040 0.070077 0.368155 1.518222 2.529361 1.494803 0.640036 1.623042 1.629060 0.576051 0.033104 0.046226 0.038688 2.237108 2.293568 3.238404 2.268650 2.290920 3.227874 2.280346 1.259726 1.253739 0.248912 0.195246 0.140326 0.069344 0.538575 0.251851 0.043957 0.017967 0.021034 0.028053 0.833206 0.785216 0.675037 0.345119 0.306268 0.028923 0.080977 0.331006 1.446322 1.481483 0.414263 0.394250 1.054611 5.125057 6.134182 6.171435 4.144134 4.150579 5.128681 5.159101 4.144879
0.086143 0.033974 0.037026 0.193306 0.080313 0.095956 0.062735 0.054406 0.073845 0.388640 1.494472 0.431485 0.503657 1.601272 1.590202 0.561854 0.030052 0.053474 0.065727 2.210783 2.293128 2.321866 1.283745 2.282454 2.260142 2.277318 1.275967 0.205054 0.053636 0.030041 0.027295 0.037123 0.279678 0.460253 0.053348 0.028938 0.027473 0.034893 0.816980 2.051596 1.004752 0.066690 0.059564 0.040123 0.055001 0.044365 0.359558 0.455273 0.441728 0.422803 1.042741 4.093563 4.128477 4.164526 4.147161 4.143888 4.136928 3.155371 3.145373
0.054330 0.029549 0.033257 0.078300 0.106562 0.091164 0.071131 0.073127 0.106942 0.313875 0.329189 0.032417 0.031502 0.048061 0.509637 0.553432 0.020057 0.068550 0.053378 2.134660 2.261781 2.314388 1.227287 1.188738 1.223172 1.159266 1.219446 0.175478 0.074581 0.028838 0.027698 0.041767 0.045463 0.732844 0.867905 0.029325 0.322362 0.300478 0.901959 1.924707 0.987126 0.039819 0.014396 0.091651 0.062048 0.038215 0.041862 0.460568 0.464987 0.441439 0.887718 1.855918 1.044930 1.028407 2.136638 3.108650 3.107931 2.128868 2.116667
0.047951 0.022422 0.039698 0.093177 0.052482 0.030761 0.057563 0.057747 0.089409 0.080555 0.043739 0.032875 0.030296 0.044075 0.067390 0.071388 0.155464 0.089272 0.527723 1.917332 2.123866 2.093370 0.148922 0.021800 0.173538 0.039674 0.072845 0.101467 0.069907 0.045079 0.014396 0.019309 0.060767 0.691376 1.881895 1.936184 0.492861 0.416866 0.549936 0.539515 0.499219 0.075236 0.122424 0.124855 0.026787 0.026070 0.033195 0.043037 0.456131 0.447775 0.432255 0.657335 0.070561 0.037681 0.104432 0.827817 0.928492 0.946097 0.952715
0.042107 0.030113 0.029795 0.113863 0.029549 0.026177 0.035057 0.033043 0.054849 0.048835 0.041633 0.035286 0.026970 0.035224 0.034919 0.140203 0.020042 0.030418 0.319275 0.411879 1.513470 0.445741 0.053073 0.027263 0.073805 0.037900 0.049807 0.069391 0.094693 0.060017 0.045429 0.317149 1.024544 1.656250 1.856215 0.883709 0.044982 0.043099 1.747765 0.684311 0.621268 0.086399 0.128017 0.139475 0.036675 0.034249 0.046684 0.039636 0.066716 0.065339 0.084460 0.948142 0.133006 0.018654 0.045504 0.031166 0.293440 0.482433 0.515169
0.039635 0.020744 0.036278 0.085427 0.027564 0.014396 0.019309 0.028007 0.036583 0.025064 0.022881 0.035301 0.029854 0.040962 0.054192 0.037453 0.031243 0.020531 0.463810 0.614980 1.032952 0.730304 0.051765 0.034572 0.073334 0.031319 0.029029 0.092576 0.165380 0.620511 0.713236 0.488199 0.388623 0.481106 0.539133 0.067677 0.042088 0.028820 1.778344 1.809551 0.635223 0.096090 0.036643 0.047203 0.049477 0.037971 0.037392 0.058145 0.045617 0.030830 0.174913 1.131054 1.206723 0.024529 0.017967 0.021034 0.026954 0.617258 0.646341
0.020745 0.033898 0.025841 0.046974 0.037179 0.048820 0.031959 0.034037 0.030861 0.037437 0.040291 0.096657 0.026055 0.034752 0.034753 0.095033 0.100469 0.049964 0.733222 0.827729 0.843622 0.876873 0.112299 0.030144 0.038903 0.039437 0.032020 0.111046 0.275744 0.577060 1.741791 0.484752 0.286932 0.172289 0.104651 0.080710 0.092166 0.210745 1.719645 1.829273 0.701588 0.130559 0.054345 0.064430 0.044274 0.031258 0.056983 0.770680 0.029045 0.030785 0.229027 1.152408 1.199155 1.172319 0.067103 0.017967 0.026115 1.878416 0.807297
0.036233 0.025796 0.028313 0.056161 0.034187 0.044761 0.039910 0.042869 0.042260 0.058625 0.253225 0.058663 0.021431 0.053586 0.071783 0.576793 0.615985 1.160125 2.105678 2.227020 2.198299 1.154486 0.148235 0.041630 0.026375 0.014396 0.019309 0.205497 0.403863 0.557155 0.510324 0.032448 0.040951 0.039071 0.027168 0.037697 0.154588 0.255588 1.657582 1.792927 0.706435 0.141891 0.058190 0.057626 0.071357 0.045296 1.750545 2.773166 1.764128 0.023491 0.295472 1.053817 1.158662 0.996267 0.593831 0.025414 0.308730 1.674352 0.819922
0.044593 0.032310 0.019538 0.037117 0.038353 0.066079 0.045342 0.098289 0.227555 2.373711 2.405081 1.344002 0.027901 0.031410 0.609177 0.634989 0.637169 1.112656 2.536463 2.141640 1.009025 1.019194 0.154354 0.022011 0.023247 0.057162 0.044149 0.351554 0.505151 0.313687 0.038826 0.028404 0.031943 0.027260 0.026741 0.054405 0.253435 0.319276 0.524445 0.527291 0.473510 0.091820 0.048287 0.048439 0.192300 0.119925 1.692403 2.735934 1.740854 0.601508 0.413253 0.291831 0.250840 0.297796 0.540454 0.431482 1.370388 1.200584 0.878471
0.054069 0.035147 0.020500 0.040932 0.038933 0.060538 0.098929 1.196813 2.327808 3.353270 2.419734 1.248743 1.004273 0.884204 0.785374 1.664933 1.726526 1.456650 1.029211 1.151327 0.226803 0.041515 0.051164 0.018151 0.860334 0.840109 1.847319 0.681319 0.557812 0.061818 0.031456 0.024254 0.044090 0.076484 0.152184 0.086419 0.382413 0.270348 0.166756 0.129500 0.070093 0.132119 0.073737 0.061210 0.156025 0.556078 0.492323 0.449770 0.444701 0.434737 0.042366 0.034273 0.037469 0.027682 0.623127 1.401672 1.495907 1.385542 0.552758
0.042854 0.044701 0.030480 0.046655 0.046547 0.193161 0.979381 1.063903 1.158182 1.129740 2.298354 1.222894 1.014144 1.713801 1.842876 2.789286 2.873661 1.802135 0.066061 0.053483 0.049639 0.068520 0.067064 0.858041 1.897151 1.904567 1.882525 1.874770 0.577412 0.039876 0.031408 0.019799 0.032952 0.033729 0.139931 0.768613 0.624571 0.073356 0.059146 0.072455 0.063928 0.124138 0.100960 0.078683 0.064949 0.083017 0.032066 0.038001 0.041345 0.041236 0.038185 0.035393 0.026573 0.035871 0.780169 1.285523 1.507420 0.772645 0.837875
0.111916 0.064018 0.047096 0.965342 3.299968 2.326814 2.268768 0.888444 0.020134 0.029469 0.188802 0.209832 0.850086 1.698011 2.765177 2.768824 2.813020 1.800678 0.017372 0.017372 0.046989 0.879946 1.909511 2.929903 3.927794 3.932456 2.921518 1.880450 0.050467 0.033601 0.033318 0.014396 0.024697 0.032280 0.148427 0.344925 0.159731 0.115252 0.030373 0.035774 0.150886 0.110039 0.193155 0.024941 0.047874 0.047646 0.030144 0.025307 0.032342 0.029321 0.041603 0.039803 0.027976 0.524012 1.245881 0.332834 0.257451 1.032620 1.058541
0.172401 0.133766 0.222370 3.321396 4.330884 3.353168 2.302990 0.251426 0.017372 0.017372 0.020180 1.112824 0.975503 0.778029 0.681179 0.611156 0.648322 0.672389 0.040972 0.052987 1.913086 2.963599 3.935416 3.947294 4.933081 3.934647 2.910201 0.631526 0.038496 0.038290 0.018898 0.025780 0.028251 0.024132 0.030636 0.487047 0.028679 0.037255 0.034645 0.051018 0.171701 0.193245 0.033821 0.038977 0.027001 0.024406 0.031593 0.027976 0.031685 0.032372 0.142802 0.169047 0.108288 1.489734 1.521048 0.495773 0.410381 2.274566 2.329233
0.173776 0.297903 2.310444 4.373682 4.347069 4.372606 3.367064 2.391808 0.276547 0.246269 0.237962 0.927347 0.898317 0.093683 0.029015 0.036760 0.027107 0.051686 0.847450 1.937562 3.935425 4.958855 5.930722 4.949878 3.936106 2.932820 1.913255 0.058655 0.028526 0.024972 0.036827 0.028236 0.036018 0.041191 0.036583 0.669699 0.037468 0.024879 0.028145 0.036735 0.033836 0.201775 0.047813 0.022590 0.022590 0.027001 0.029991 0.044975 0.044747 0.047278 0.641809 1.815407 1.858653 1.655405 2.555702 2.697204 1.523265 2.251925 3.392205
0.063453 0.251966 2.338768 3.367349 4.314016 4.354423 4.369024 3.365669 2.332166 2.333971 2.370121 0.970513 0.107911 0.093478 0.028496 0.024513 0.030357 0.058213 0.860066 2.951517 3.936386 4.945480 5.932955 4.946957 3.937814 1.915736 0.772249 0.038158 0.026695 0.018852 0.037698 0.036842 0.044671 0.087033 0.810499 1.873409 1.893599 0.028725 0.045235 0.017372 0.035530 0.081200 0.030571 0.022590 0.022590 0.037209 0.040856 0.045738 0.087413 0.143183 0.631961 1.659639 1.757366 1.655262 2.447555 2.534112 3.357794 3.399035 3.417290
0.058037 0.061237 1.306000 2.403259 3.330337 4.356959 4.365937 4.382857 3.361232 3.365978 2.363810 0.034246 0.023566 0.027366 0.019309 0.026024 0.072383 0.087926 0.877473 2.944066 2.933926 3.934142 4.920629 4.930767 3.926861 1.895592 0.815574 0.063407 0.052467 0.061852 0.051903 0.067604 0.116461 0.131386 0.834641 1.872277 1.858804 0.064949 0.032341 0.017372 0.025261 0.038201 0.041054 0.044105 0.034371 0.037255 0.062355 0.143620 0.132693 0.214755 0.667431 0.895903 1.438711 2.474561 2.405394 2.461882 4.367375 4.378505 4.417511
0.062431 0.055809 0.058373 0.290522 2.345636 3.289091 4.322952 4.355124 3.351536 3.353105 3.361180 0.029199 0.022942 0.023506 0.040374 0.041126 0.881768 0.908730 2.901950 2.932390 2.921073 2.901104 2.899950 2.900464 3.891535 1.841698 0.060840 0.032495 0.050223 0.047661 0.046257 0.072105 0.092003 0.754312 1.856860 1.865328 1.882831 0.069949 0.091835 0.027596 0.024193 0.030525 0.081794 0.065971 0.038964 0.045663 0.073662 0.058561 0.128475 0.134695 0.612173 1.054839 1.054140 1.229408 1.119792 1.287198 4.348395 4.348286 4.360947
0.071190 0.071633 0.096641 0.266315 2.340245 1.383459 2.356019 3.359672 3.359191 3.357087 3.292677 0.459798 0.027992 0.028176 0.041832 0.042526 0.851853 1.916062 2.865050 2.913446 1.902189 0.714591 0.070780 0.090969 0.668436 0.064850 0.051083 0.037620 0.032204 0.145011 0.025016 0.055367 0.073159 1.795597 1.838355 1.822160 0.806388 0.083763 0.074652 0.040626 0.096326 0.085091 0.061766 0.084801 0.049231 0.063713 0.028755 0.038206 0.025254 0.953597 1.952362 1.339015 1.072704 0.939919 0.034052 0.032223 1.159468 2.274323 1.214920
0.059317 0.055429 0.143105 0.271189 1.315341 1.374431 2.338878 2.308936 2.315790 2.323863 1.030111 0.294391 0.256803 0.149950 0.165983 0.680621 1.851575 2.858835 1.870229 0.668279 0.055181 0.046958 0.027107 0.135709 0.249943 0.035163 0.053495 0.018471 0.101585 0.092140 0.070381 0.042671 0.072151 0.832757 0.843851 0.052208 0.027001 0.024406 0.042880 0.066093 0.068765 0.058767 0.041206 0.080336 0.115309 0.600306 0.741558 0.581739 0.758624 1.735300 1.903044 0.870691 0.815726 0.526344 0.039128 0.029502 0.043551 0.081820 0.078951
0.097756 0.225639 0.217138 0.124230 0.394301 1.430039 2.388060 1.366133 0.249675 0.041728 0.027123 0.028160 0.043266 0.108063 0.154378 0.640239 0.689280 0.601572 0.568293 0.055568 0.044106 0.039162 0.034636 0.037728 0.274410 0.025948 0.030908 0.023658 0.071695 0.395577 0.031791 0.077363 0.047354 0.835473 0.021782 0.022590 0.022590 0.027001 0.058739 0.111249 0.086771 0.124618 0.085869 0.325891 0.870525 1.619409 1.772272 1.398293 0.998122 1.314571 1.442892 0.751106 0.832557 0.789761 0.069820 0.023014 0.043489 0.032331 0.058494
0.034644 0.081840 0.072424 0.109993 0.058175 1.414162 2.317686 1.264945 0.057501 0.021629 0.023399 0.024284 0.031609 0.040338 0.142747 0.156209 0.159817 0.085691 0.096484 0.052239 0.039512 0.047737 0.034859 0.026161 0.389548 0.031089 0.033287 0.064246 0.081505 0.300453 0.218635 0.868623 0.883007 0.864123 0.055432 0.022590 0.022590 0.051446 0.049371 0.074079 0.082334 0.384705 1.445902 1.460818 1.135407 1.555016 1.797541 0.026479 0.029808 0.624147 0.592164 0.936573 2.170692 0.988561 0.105273 0.042822 0.019799 0.035896 0.059426
0.024087 0.078362 0.071405 0.045524 0.073275 0.341205 1.368814 1.264582 0.617379 0.031822 0.024284 0.014396 0.033180 0.047875 0.076009 0.106346 0.137153 0.091408 0.091637 0.072685 0.063133 0.072136 0.050759 0.068245 0.452324 0.026527 0.033745 0.058266 0.081963 0.050850 0.823613 0.840571 0.833648 0.798505 0.726114 0.030007 0.038200 0.032432 0.036171 0.074526 1.555574 1.611074 1.526899 1.467923 1.275936 0.213658 0.040737 0.026940 0.028648 0.038302 0.143828 1.199407 2.236668 2.209377 0.173752 0.019901 0.017372 0.025703 0.034691
0.136619 0.111382 0.074225 0.040732 0.038857 0.085398 0.102341 0.822212 1.800635 0.071602 0.034065 0.026771 0.023919 0.040992 0.038216 0.075264 0.106789 0.137430 0.058815 0.064537 0.096215 0.090705 0.060692 0.065101 0.486886 0.497200 0.038231 0.021110 0.032570 0.044899 0.188659 0.033027 0.084740 0.057685 0.594787 0.363189 0.220214 0.118473 0.092843 0.550984 1.607106 1.631061 2.634720 1.585762 0.038728 0.028877 0.028984 0.017372 0.025703 0.053158 0.165341 1.180768 2.301402 3.330768 1.267890 0.029333 0.017372 0.025703 0.051324
0.054345 0.043205 0.029595 0.041115 0.047081 0.127143 0.132291 1.016376 1.011050 2.112698 0.063399 0.032067 0.025139 0.032616 0.033577 0.039131 0.067024 0.104484 0.045296 0.082985 0.097190 0.080880 0.063362 0.051903 0.496942 0.498142 0.038781 0.035759 0.017372 0.043313 0.076988 0.058742 0.050316 0.033974 0.040824 0.239348 0.211344 0.263142 0.180070 0.620592 2.651402 2.669981 3.656080 2.649539 0.038840 0.034774 0.028862 0.017372 0.025703 0.031958 0.048691 0.240938 2.188695 3.210447 2.446926 1.430773 0.033302 0.057257 0.036171
