use_cases/Flooding_chicago/flooding_data/output/h_1980.asc
ncols 337
nrows 393
xllcorner 428428.000000
yllcorner 4602440.000000
cellsize 26.757400
NODATA_value -9999.000000
[rows 216 to 242 of 393, columns 236 to 294 of 337]
0.176123 0.653341 0.652586 0.621592 0.603885 0.586737 0.553876 0.521284 0.477462 0.394771 0.036232 0.014396 0.034523 0.498637 0.456169 0.222405 0.112346 0.159325 0.660768 0.564929 0.520153 0.332949 0.252685 0.245592 1.110377 1.161881 1.203856 0.167726 0.107542 0.981503 0.960504 0.961841 0.927804 0.752428 1.492190 1.506220 2.472057 1.549269 0.460130 0.246994 1.007083 2.085038 2.104918 2.103280 1.090943 0.090005 0.062116 0.051475 -9999.000000 -9999.000000 -9999.000000 -9999.000000 -9999.000000 -9999.000000 -9999.000000 -9999.000000 -9999.000000 -9999.000000 -9999.000000
0.253675 0.170479 0.133634 0.106872 0.079548 0.592279 0.582433 0.574270 0.547090 0.024116 0.045402 0.053398 0.038872 0.643329 0.640682 0.022591 0.022591 0.089775 0.603383 0.360214 0.210162 0.238323 0.287131 0.208337 0.135290 0.399973 0.035441 0.039195 0.035600 0.027459 0.962971 0.973469 0.975460 0.073248 0.356006 0.352494 1.419835 1.443965 0.469085 0.963261 2.053451 2.050905 2.066433 0.988640 0.072242 0.065830 -9999.000000 -9999.000000 -9999.000000 -9999.000000 -9999.000000 -9999.000000 -9999.000000 -9999.000000 -9999.000000 -9999.000000 -9999.000000 -9999.000000 -9999.000000
0.302298 0.056994 0.070860 0.058206 0.137542 0.565904 0.581630 0.613428 0.601869 0.628016 0.031747 0.041618 0.795110 1.807822 1.829399 0.022591 0.022591 0.160779 1.001957 0.137449 0.202402 0.187231 0.297570 0.253270 0.190688 0.129494 1.066600 0.051001 0.039981 0.032669 0.020824 0.245230 0.279538 0.180133 0.118259 0.065510 0.462282 0.573905 0.506402 0.908557 0.908994 0.912426 0.874755 0.334365 0.021034 0.017967 -9999.000000 -9999.000000 -9999.000000 -9999.000000 -9999.000000 -9999.000000 -9999.000000 -9999.000000 -9999.000000 -9999.000000 -9999.000000 -9999.000000 -9999.000000
0.103400 0.106332 0.114786 0.099601 0.208719 0.147213 0.107445 0.609666 0.630482 0.653369 0.705347 0.770102 1.752200 2.749554 2.764650 0.786227 0.599642 1.241687 1.220609 1.318835 0.147006 0.115632 0.079902 0.157646 1.102712 1.135561 1.010668 0.925201 0.791731 0.751775 0.673365 1.493876 0.533920 0.043750 0.036217 0.026560 0.034434 0.735917 0.810566 0.026343 0.475682 0.516518 0.503391 0.469883 0.017967 -9999.000000 -9999.000000 -9999.000000 -9999.000000 -9999.000000 -9999.000000 -9999.000000 -9999.000000 -9999.000000 -9999.000000 -9999.000000 -9999.000000 -9999.000000 -9999.000000
0.033150 0.121756 0.147819 0.159738 0.130476 0.091633 0.183414 0.120905 0.578937 0.587283 0.056436 0.720864 1.783222 2.710860 1.795273 0.743731 0.543114 0.444224 1.041613 0.125755 0.096772 0.048574 0.114321 0.147840 0.969039 1.079273 0.065996 0.040135 0.658452 0.692593 0.652997 1.462973 1.511279 0.028609 0.032090 0.025335 0.032722 1.923221 0.997773 0.051449 0.571800 0.626237 0.574680 0.367666 -9999.000000 -9999.000000 -9999.000000 -9999.000000 -9999.000000 -9999.000000 -9999.000000 -9999.000000 -9999.000000 -9999.000000 -9999.000000 -9999.000000 -9999.000000 -9999.000000 -9999.000000
0.040688 0.037874 0.027870 0.204655 0.193438 0.157898 0.122994 0.103554 0.122749 0.110407 0.058480 0.134454 1.698003 1.759408 1.814803 0.857674 0.017943 0.504296 0.414628 0.025307 0.059611 0.037322 0.096183 0.096528 0.308709 0.384505 0.031532 0.032765 0.112533 0.104221 0.119937 0.083225 1.383627 1.332615 1.398704 1.257080 1.960500 1.949520 2.025730 2.065378 0.857726 0.809452 0.725514 0.014396 -9999.000000 -9999.000000 -9999.000000 -9999.000000 -9999.000000 -9999.000000 -9999.000000 -9999.000000 -9999.000000 -9999.000000 -9999.000000 -9999.000000 -9999.000000 -9999.000000 -9999.000000
0.312169 0.026878 0.029014 0.238766 0.232310 0.182992 0.169019 0.189639 0.021034 0.017967 0.137262 0.101861 0.162111 0.645699 1.752272 0.877345 0.961017 0.723781 0.030663 0.028925 0.293838 0.257467 0.190928 0.124288 0.159279 0.484059 0.051338 0.027498 0.024482 0.037164 0.192120 0.138570 0.485772 1.232805 1.379151 1.191829 0.972476 0.905204 1.916690 1.992999 1.998585 0.943660 0.033469 -9999.000000 -9999.000000 -9999.000000 -9999.000000 -9999.000000 -9999.000000 -9999.000000 -9999.000000 -9999.000000 -9999.000000 -9999.000000 -9999.000000 -9999.000000 -9999.000000 -9999.000000 -9999.000000
1.329867 1.347245 0.019722 0.272748 0.281490 0.017967 0.021034 0.234787 0.017967 0.222635 0.202311 0.178538 0.117654 0.442187 0.734459 0.764456 0.805408 0.095065 0.046937 0.041544 0.244982 0.243958 0.212227 0.171707 0.275505 0.211119 0.036090 0.042031 0.027433 0.059418 0.270022 0.143325 0.544860 1.222476 1.416481 0.402112 0.260867 0.193599 0.818999 1.979774 1.972443 0.943040 0.014396 -9999.000000 -9999.000000 -9999.000000 -9999.000000 -9999.000000 -9999.000000 -9999.000000 -9999.000000 -9999.000000 -9999.000000 -9999.000000 -9999.000000 -9999.000000 -9999.000000 -9999.000000 -9999.000000
1.333333 1.352744 0.312083 0.298884 0.311121 0.305492 0.017967 0.249441 1.302880 1.312711 0.254252 0.231330 0.180459 0.669746 0.656386 0.411925 0.413447 0.058070 0.072723 0.053583 0.067180 0.047104 0.222948 0.236727 0.164498 0.112117 0.062560 0.038872 0.154054 0.096743 0.369088 0.708389 1.836884 0.688363 0.476645 0.501671 0.048561 0.044060 0.055190 0.902486 1.957819 0.945388 0.037596 -9999.000000 -9999.000000 -9999.000000 -9999.000000 -9999.000000 -9999.000000 -9999.000000 -9999.000000 -9999.000000 -9999.000000 -9999.000000 -9999.000000 -9999.000000 -9999.000000 -9999.000000 -9999.000000
1.309990 1.340759 1.340685 1.314413 1.350578 1.329115 1.322666 1.314125 1.300550 1.293481 1.282524 1.277811 1.248665 1.014411 0.941395 0.076711 0.098322 0.105439 0.095681 0.066373 0.062708 0.078980 0.051148 0.295738 0.225347 0.146580 0.324847 0.262722 0.188489 0.118266 0.498199 0.648885 1.651592 0.705511 0.062139 0.058693 0.073952 0.079139 0.050680 0.101960 0.848540 0.908271 0.021858 -9999.000000 -9999.000000 -9999.000000 -9999.000000 -9999.000000 -9999.000000 -9999.000000 -9999.000000 -9999.000000 -9999.000000 -9999.000000 -9999.000000 -9999.000000 -9999.000000 -9999.000000 -9999.000000
1.316498 1.343340 1.334093 2.305703 2.331086 2.321918 2.331263 1.308098 1.301906 1.293552 2.273280 2.299044 2.318383 1.120423 0.153747 0.145793 0.151912 0.136185 0.113611 0.081389 0.036644 0.083087 0.045438 0.361501 0.237922 0.157192 0.276502 0.220637 0.144806 0.091868 0.670859 0.599609 0.325927 0.288740 0.037178 0.050250 0.047044 0.052422 0.037605 0.049385 0.140242 0.022209 -9999.000000 -9999.000000 -9999.000000 -9999.000000 -9999.000000 -9999.000000 -9999.000000 -9999.000000 -9999.000000 -9999.000000 -9999.000000 -9999.000000 -9999.000000 -9999.000000 -9999.000000 -9999.000000 -9999.000000
0.239513 0.034950 0.235608 1.301974 1.330561 1.314302 1.314903 1.300031 1.289709 1.288069 2.262903 2.276095 2.290109 0.155695 0.142298 0.153054 0.177336 0.152935 0.117983 0.064540 0.092318 0.081570 0.527226 0.532793 0.024940 0.025521 0.034993 0.126162 0.930952 1.013477 0.923649 0.914829 0.059413 0.073136 0.027199 0.033958 0.027534 0.081702 0.056482 0.086432 0.055579 0.039787 -9999.000000 -9999.000000 -9999.000000 -9999.000000 -9999.000000 -9999.000000 -9999.000000 -9999.000000 -9999.000000 -9999.000000 -9999.000000 -9999.000000 -9999.000000 -9999.000000 -9999.000000 -9999.000000 -9999.000000
0.078321 0.079475 0.046484 0.252297 1.182816 0.277410 0.289722 0.355981 0.337898 1.221958 1.184377 1.167599 1.183165 0.030846 0.035545 0.028236 0.214751 0.165213 0.106819 0.150657 0.080048 0.103335 0.053668 0.566104 0.031349 0.035012 0.021111 0.127900 0.102122 1.037403 2.083972 2.101690 0.109345 0.109310 0.033958 0.043022 0.035088 0.096458 0.067314 0.088876 0.055962 0.035545 -9999.000000 -9999.000000 -9999.000000 -9999.000000 -9999.000000 -9999.000000 -9999.000000 -9999.000000 -9999.000000 -9999.000000 -9999.000000 -9999.000000 -9999.000000 -9999.000000 -9999.000000 -9999.000000 -9999.000000
0.041725 0.033241 0.021049 0.132130 0.502416 0.062224 0.030876 1.490096 0.439138 0.420400 0.435667 0.424692 0.426146 0.022591 0.022591 0.036888 0.302290 0.018441 0.076036 0.087819 0.109577 0.086694 0.049569 0.586200 0.633196 0.020974 0.030931 0.129841 0.139701 0.981738 2.047614 2.085225 1.149308 0.115282 0.027595 0.035286 0.034294 0.030860 0.024696 0.048348 -9999.000000 -9999.000000 -9999.000000 -9999.000000 -9999.000000 -9999.000000 -9999.000000 -9999.000000 -9999.000000 -9999.000000 -9999.000000 -9999.000000 -9999.000000 -9999.000000 -9999.000000 -9999.000000 -9999.000000 -9999.000000 -9999.000000
0.027263 0.025643 0.347311 0.277337 0.203596 0.140068 0.505530 1.484460 1.507620 0.465977 0.464400 0.449943 0.454219 0.022591 0.022591 0.037026 0.340198 0.023384 0.014396 0.050545 0.391563 1.649691 1.701434 1.568481 1.374009 1.101104 1.107245 1.201114 1.174610 2.046456 2.119935 2.178016 1.138476 1.131020 0.096999 0.171854 0.037254 0.024330 0.023323 -9999.000000 -9999.000000 -9999.000000 -9999.000000 -9999.000000 -9999.000000 -9999.000000 -9999.000000 -9999.000000 -9999.000000 -9999.000000 -9999.000000 -9999.000000 -9999.000000 -9999.000000 -9999.000000 -9999.000000 -9999.000000 -9999.000000 -9999.000000
0.497874 0.516884 0.414069 0.345036 0.272387 0.173730 1.503271 1.502804 2.522274 2.536986 2.539605 0.468750 0.458471 0.039299 0.039604 0.029182 0.349696 0.351645 0.019310 0.032003 0.373334 1.410954 1.440984 1.333410 1.242136 0.982020 0.968122 1.848725 2.087787 3.112477 2.098841 2.154397 1.064001 0.983157 0.662675 0.769404 0.028465 -9999.000000 -9999.000000 -9999.000000 -9999.000000 -9999.000000 -9999.000000 -9999.000000 -9999.000000 -9999.000000 -9999.000000 -9999.000000 -9999.000000 -9999.000000 -9999.000000 -9999.000000 -9999.000000 -9999.000000 -9999.000000 -9999.000000 -9999.000000 -9999.000000 -9999.000000
1.476784 0.507056 0.424188 0.362235 0.286372 0.152949 1.486998 1.494155 2.485297 2.498580 2.505314 0.459775 0.024972 0.027183 0.294339 0.332033 1.362031 0.326179 0.203160 0.354830 0.562659 0.688334 0.688655 0.616605 0.369370 0.205642 0.194030 1.970524 2.141194 2.146602 1.051232 2.066855 1.027403 0.934103 0.691295 -9999.000000 -9999.000000 -9999.000000 -9999.000000 -9999.000000 -9999.000000 -9999.000000 -9999.000000 -9999.000000 -9999.000000 -9999.000000 -9999.000000 -9999.000000 -9999.000000 -9999.000000 -9999.000000 -9999.000000 -9999.000000 -9999.000000 -9999.000000 -9999.000000 -9999.000000 -9999.000000 -9999.000000
1.474176 0.530403 0.413323 0.360498 0.277469 0.569745 1.450537 1.501778 1.509210 1.524302 0.448233 0.025505 0.029716 0.384454 1.374325 1.392688 2.378102 1.388454 0.233802 0.197388 0.122654 0.678349 0.714476 0.643252 0.336172 0.191830 0.218386 0.142440 1.139837 0.150167 0.104827 0.998497 1.008368 0.904058 0.682697 -9999.000000 -9999.000000 -9999.000000 -9999.000000 -9999.000000 -9999.000000 -9999.000000 -9999.000000 -9999.000000 -9999.000000 -9999.000000 -9999.000000 -9999.000000 -9999.000000 -9999.000000 -9999.000000 -9999.000000 -9999.000000 -9999.000000 -9999.000000 -9999.000000 -9999.000000 -9999.000000 -9999.000000
0.550391 0.592386 0.055108 0.066963 0.052498 0.070308 1.487657 0.498387 0.501007 0.034398 0.043297 0.014396 0.026558 0.367808 1.309015 2.349196 2.369400 1.381189 0.200789 0.088754 1.109401 2.013525 2.111098 1.010530 0.063073 0.030043 0.049695 1.086057 1.122947 2.157856 1.123461 1.093130 1.076441 0.044310 0.025205 -9999.000000 -9999.000000 -9999.000000 -9999.000000 -9999.000000 -9999.000000 -9999.000000 -9999.000000 -9999.000000 -9999.000000 -9999.000000 -9999.000000 -9999.000000 -9999.000000 -9999.000000 -9999.000000 -9999.000000 -9999.000000 -9999.000000 -9999.000000 -9999.000000 -9999.000000 -9999.000000 -9999.000000
0.509035 0.646417 0.093757 0.107445 0.092705 0.055000 0.097919 0.083299 0.083085 0.017372 0.017372 0.031743 0.455429 1.578448 0.434296 0.391100 0.338117 0.251937 0.393261 0.357900 1.979062 3.074603 3.143095 1.098031 0.079215 0.098705 0.082410 0.124771 1.113232 2.139595 2.133689 2.143268 0.080565 0.142381 0.091358 -9999.000000 -9999.000000 -9999.000000 -9999.000000 -9999.000000 -9999.000000 -9999.000000 -9999.000000 -9999.000000 -9999.000000 -9999.000000 -9999.000000 -9999.000000 -9999.000000 -9999.000000 -9999.000000 -9999.000000 -9999.000000 -9999.000000 -9999.000000 -9999.000000 -9999.000000 -9999.000000 -9999.000000
0.159507 0.225366 0.159171 0.142128 0.119361 0.078286 0.138217 0.116177 0.110315 0.108607 0.070755 0.510947 1.557825 1.558571 0.028068 0.034721 0.027581 0.140943 0.262675 1.896596 2.086621 2.961519 2.008087 1.039670 0.060003 0.075527 0.114702 0.091638 1.099796 2.020078 1.108925 1.105094 0.073035 0.119096 0.067630 -9999.000000 -9999.000000 -9999.000000 -9999.000000 -9999.000000 -9999.000000 -9999.000000 -9999.000000 -9999.000000 -9999.000000 -9999.000000 -9999.000000 -9999.000000 -9999.000000 -9999.000000 -9999.000000 -9999.000000 -9999.000000 -9999.000000 -9999.000000 -9999.000000 -9999.000000 -9999.000000 -9999.000000
0.252945 0.375421 0.040229 0.048104 0.042091 0.029214 0.034432 0.102860 0.115682 0.107731 0.581269 1.612938 3.577027 1.602311 0.037301 0.045036 0.034919 0.090903 0.262755 1.895726 2.066585 0.977423 0.108709 0.028587 0.028587 0.066433 0.134835 0.142539 0.096075 0.303405 0.051034 0.036873 0.061345 0.071224 -9999.000000 -9999.000000 -9999.000000 -9999.000000 -9999.000000 -9999.000000 -9999.000000 -9999.000000 -9999.000000 -9999.000000 -9999.000000 -9999.000000 -9999.000000 -9999.000000 -9999.000000 -9999.000000 -9999.000000 -9999.000000 -9999.000000 -9999.000000 -9999.000000 -9999.000000 -9999.000000 -9999.000000 -9999.000000
0.266121 0.373008 0.064538 0.070366 0.056484 0.032981 0.046456 0.100057 0.094899 0.104095 0.597635 1.628420 3.552199 2.628843 1.598589 0.038823 0.028892 0.052025 0.351014 1.106149 1.195997 0.197033 0.044670 0.024330 0.024330 0.039375 0.046196 0.157073 0.157036 0.107351 0.106988 0.017967 0.021125 -9999.000000 -9999.000000 -9999.000000 -9999.000000 -9999.000000 -9999.000000 -9999.000000 -9999.000000 -9999.000000 -9999.000000 -9999.000000 -9999.000000 -9999.000000 -9999.000000 -9999.000000 -9999.000000 -9999.000000 -9999.000000 -9999.000000 -9999.000000 -9999.000000 -9999.000000 -9999.000000 -9999.000000 -9999.000000 -9999.000000
0.133370 0.112174 0.105400 0.084678 0.047204 0.111381 0.054954 0.098092 0.670693 0.709282 1.619257 1.638067 3.560156 2.622074 1.603564 0.441921 0.302000 0.770381 0.635555 1.133833 0.189143 0.197508 0.071830 0.029564 0.029564 0.058341 0.084181 0.166772 0.168512 0.117314 0.017967 0.021034 -9999.000000 -9999.000000 -9999.000000 -9999.000000 -9999.000000 -9999.000000 -9999.000000 -9999.000000 -9999.000000 -9999.000000 -9999.000000 -9999.000000 -9999.000000 -9999.000000 -9999.000000 -9999.000000 -9999.000000 -9999.000000 -9999.000000 -9999.000000 -9999.000000 -9999.000000 -9999.000000 -9999.000000 -9999.000000 -9999.000000 -9999.000000
0.105889 0.062339 0.123177 0.082787 0.169578 0.110022 0.115281 0.645324 0.683950 1.645750 1.630488 1.620097 3.526551 2.607126 1.511036 1.376087 1.242417 0.934222 1.747716 0.736252 0.114155 0.083504 0.091323 0.024330 0.024330 0.076989 0.119374 0.080834 0.036338 -9999.000000 -9999.000000 -9999.000000 -9999.000000 -9999.000000 -9999.000000 -9999.000000 -9999.000000 -9999.000000 -9999.000000 -9999.000000 -9999.000000 -9999.000000 -9999.000000 -9999.000000 -9999.000000 -9999.000000 -9999.000000 -9999.000000 -9999.000000 -9999.000000 -9999.000000 -9999.000000 -9999.000000 -9999.000000 -9999.000000 -9999.000000 -9999.000000 -9999.000000 -9999.000000
0.156989 0.086327 0.040995 0.078436 0.157524 0.097558 0.551648 1.678072 1.711947 2.672252 1.613736 1.622024 2.586573 2.629192 0.532512 0.400827 0.290841 0.193609 0.154150 0.054238 0.069298 0.064598 0.041786 0.209312 0.167487 0.076683 0.072746 0.032814 -9999.000000 -9999.000000 -9999.000000 -9999.000000 -9999.000000 -9999.000000 -9999.000000 -9999.000000 -9999.000000 -9999.000000 -9999.000000 -9999.000000 -9999.000000 -9999.000000 -9999.000000 -9999.000000 -9999.000000 -9999.000000 -9999.000000 -9999.000000 -9999.000000 -9999.000000 -9999.000000 -9999.000000 -9999.000000 -9999.000000 -9999.000000 -9999.000000 -9999.000000 -9999.000000 -9999.000000
0.183466 0.297951 0.231086 0.130364 0.061547 0.401387 1.459872 1.662622 1.676499 1.694486 0.656328 1.585062 2.612075 1.597698 0.072385 0.034370 0.046089 0.049324 0.063667 0.065682 0.060157 0.052635 0.036507 0.044854 0.023613 0.049048 0.025353 -9999.000000 -9999.000000 -9999.000000 -9999.000000 -9999.000000 -9999.000000 -9999.000000 -9999.000000 -9999.000000 -9999.000000 -9999.000000 -9999.000000 -9999.000000 -9999.000000 -9999.000000 -9999.000000 -9999.000000 -9999.000000 -9999.000000 -9999.000000 -9999.000000 -9999.000000 -9999.000000 -9999.000000 -9999.000000 -9999.000000 -9999.000000 -9999.000000 -9999.000000 -9999.000000 -9999.000000 -9999.000000
