use_cases/Flooding_chicago/flooding_data/output/h_1980.asc
ncols 337
nrows 393
xllcorner 428428.000000
yllcorner 4602440.000000
cellsize 26.757400
NODATA_value -9999.000000
[rows 81 to 107 of 393, columns 236 to 294 of 337]
4.766874 4.774808 2.735479 1.780941 0.037941 0.039345 0.033348 0.044380 0.051247 0.059120 0.025551 0.023704 0.049873 0.045083 0.081871 0.077140 0.073036 0.029838 0.026740 0.032036 0.082176 0.096708 0.100961 0.026222 0.027123 0.049275 0.043414 0.053421 0.050088 0.022087 0.042624 0.039787 0.525357 1.484959 1.602857 1.645003 2.860900 3.875957 3.865065 2.713736 1.813881 0.054452 0.022729 0.039182 0.060405 0.089211 0.110648 0.114144 0.094962 0.051354 0.059341 0.766236 0.701905 0.629683 0.511203 0.044489 0.052089 0.047984 0.039344
2.775324 2.777144 1.742870 0.643399 0.067782 0.057610 0.027427 0.018472 0.022667 0.025245 0.035728 0.025550 0.041069 0.042518 0.064139 0.059425 0.053932 0.021934 0.018135 0.020424 0.089759 0.105069 0.098044 0.018212 0.021660 0.021660 0.018212 0.063206 0.021660 0.018089 0.027443 0.066052 0.627486 0.681331 1.750274 2.838063 4.896152 4.872171 4.873666 4.869350 3.888947 2.845226 0.050116 0.030923 0.018440 0.023460 0.122474 0.116814 0.078713 0.101639 0.777233 1.884795 1.906590 0.814628 0.064330 0.081988 0.043350 0.050378 0.038216
0.664526 0.633934 0.614776 0.576235 0.066637 0.037391 0.041145 0.031272 0.047157 0.057304 0.025307 0.109551 0.063348 0.076041 0.039452 0.027839 0.024117 0.023048 0.039598 0.042779 1.179113 1.190273 1.178598 0.111471 0.064115 0.053701 0.068913 0.018089 0.021660 0.059333 0.033424 0.078541 0.598310 1.788587 2.851108 3.863012 5.873394 5.874550 5.876026 6.889597 6.903614 4.877518 1.826586 0.077633 0.036734 0.029991 0.030754 0.024726 0.057625 0.080389 1.886510 2.909888 2.928105 0.849005 0.835910 0.080217 0.061454 0.036751 0.036964
0.577064 0.498007 1.108670 1.090803 1.156556 0.168383 0.159222 0.044575 0.039051 0.054558 0.023354 0.021995 0.049537 0.053962 0.101524 0.085198 0.046776 0.071842 0.040053 1.180909 2.186598 2.191590 1.169762 0.091636 0.267328 0.240166 0.044563 0.045085 0.044609 0.036385 0.077644 0.040107 0.048179 0.762680 2.829003 5.884332 4.877466 5.870774 6.878953 7.864219 7.870413 5.873570 1.843574 0.091169 0.094366 0.025535 0.030083 0.024529 0.039342 0.046929 1.869895 2.886235 2.891648 2.899601 1.879094 0.038282 0.039589 0.064430 0.023445
0.379478 1.116457 2.256084 2.254768 3.233292 2.262712 1.252597 0.063761 0.047508 0.065865 0.030922 0.018150 0.034614 0.042336 0.065101 0.072334 0.123939 1.160801 1.089036 2.189154 3.182040 3.188882 2.174025 0.088843 0.319258 0.283203 0.024331 0.053287 0.048760 0.049721 0.050315 0.032753 0.065826 1.840817 3.845832 5.834114 4.873068 5.844163 6.828513 7.822130 6.839010 4.856690 0.838750 0.088826 0.096799 0.071797 0.064455 0.058126 0.046959 1.934714 1.912054 2.877150 2.881069 2.882970 1.878772 0.048050 0.027794 0.022591 0.022591
1.279819 2.292310 2.328591 3.236037 4.246784 4.274686 2.281971 0.206288 0.188144 0.176757 0.038017 0.029609 0.039940 0.030570 0.040216 0.153925 0.171678 1.183107 3.180225 3.187305 4.182907 3.189686 2.174245 0.017967 0.030443 0.140219 0.270926 0.291627 0.212995 0.901779 0.971748 0.947214 1.886089 2.888293 3.831890 4.848828 4.873315 4.871449 4.864313 5.817730 4.868099 3.865492 0.840622 0.079476 0.069168 0.887186 0.880763 0.902638 0.897297 1.926401 2.909381 1.911449 1.897437 1.854593 0.731849 0.046221 0.027794 0.022591 0.022591
1.316711 2.317832 1.317923 3.284545 4.248391 4.286549 3.285473 2.271958 2.276606 2.281151 0.182057 0.033752 0.051306 0.039990 0.190301 1.216257 1.212630 1.203712 3.205341 3.199445 4.189993 3.202999 0.017967 0.021034 0.039598 0.083062 0.277147 0.332833 0.283189 0.837970 1.935316 3.952974 2.940281 2.896857 3.796659 3.806717 3.852625 3.870992 3.841084 3.820677 3.842388 3.843484 0.879955 0.893587 0.900556 1.950799 1.944358 1.958734 1.947642 1.931177 1.915072 1.911088 0.849830 0.075783 0.821254 0.051797 0.039604 0.037621 0.029930
2.331109 1.316968 1.316158 1.300877 3.219116 4.268294 3.283386 2.273176 2.274390 3.265090 2.268490 2.258564 2.252329 2.265510 1.269437 1.234548 2.202110 2.221179 3.205657 4.198145 4.197234 3.217177 0.137094 0.088889 0.041719 0.061916 0.043740 0.035848 0.021707 0.811956 2.900582 3.928885 3.951183 2.932263 1.889879 1.892718 2.893699 3.874260 2.890945 2.894096 2.916296 3.886294 1.913525 1.928255 1.932264 2.959676 2.949152 2.965193 3.960421 2.959832 2.952467 1.899332 0.101064 0.119664 0.122695 0.053785 0.022591 0.136253 0.076316
3.280773 2.324775 1.307850 1.292815 3.229806 4.271311 4.275660 3.273001 3.277362 3.274077 3.275158 3.271607 3.271095 3.274714 2.291991 1.225060 2.180699 2.203499 3.184637 4.180763 5.176682 5.227801 2.159838 1.012065 0.756539 0.968305 1.029002 0.999317 0.851862 0.855080 1.758807 2.894676 2.933362 2.934953 1.895934 1.893622 2.895654 2.884761 2.883378 2.886873 3.931894 3.847343 0.880553 0.901161 1.946941 2.957961 2.945982 3.972467 5.954564 4.973055 2.944325 1.914857 0.076721 0.021919 0.161806 0.075233 0.112877 0.018120 0.069984
3.304702 3.306882 3.312724 1.282788 2.228009 3.265097 4.274845 4.271754 4.273458 4.271371 4.273029 4.270107 4.272120 3.278339 2.283149 1.226809 1.215946 2.165313 3.180279 4.165533 5.112985 4.209137 2.110285 2.073772 0.749716 0.874665 1.922698 2.067517 0.861943 0.526544 0.367434 0.746746 1.918169 2.905555 2.896605 1.893974 2.902465 2.886735 3.904719 3.928201 3.853965 0.886804 0.062102 0.075349 0.922100 2.951912 3.950325 4.966096 5.946526 4.954594 3.955265 1.928605 0.057120 0.037606 0.055518 0.087746 0.022728 0.021874 0.054512
3.301419 4.306316 3.317602 1.277488 1.265354 3.263433 3.273973 4.269282 3.267884 4.265461 4.269955 4.272311 3.275066 2.269876 2.287858 1.233310 2.214770 2.213986 3.191438 3.210055 3.198954 3.219548 1.210539 0.117910 0.091654 0.078117 0.089291 0.656640 0.653595 0.047526 0.049404 0.041300 0.855111 1.882008 2.863050 1.880314 1.869635 2.881662 2.852707 3.849218 3.756972 1.942510 0.064966 0.976339 1.927072 3.946866 4.951852 5.971978 4.961906 3.950380 2.938421 1.915370 0.962331 0.030006 0.024209 0.029320 0.023994 0.067847 0.041359
2.259239 3.282488 4.315935 2.263023 2.273428 2.277320 3.283823 2.278458 2.280249 3.262308 3.272328 3.277597 2.265109 2.268041 2.274244 2.257581 3.227590 2.219792 2.218364 3.203482 2.211971 2.221445 1.213935 0.048302 0.074235 0.112569 0.044273 0.030357 0.057792 0.052711 0.037513 0.041999 0.056370 0.633658 1.800227 1.835935 1.843518 1.838046 1.825637 1.865397 2.777331 1.952825 2.076697 2.017468 3.890273 4.955373 5.954645 5.972123 4.968130 2.970176 1.953336 0.923445 0.945396 0.925878 0.023994 0.028542 0.071904 0.046119 0.071754
1.255749 2.185524 3.279678 4.228740 3.268666 3.263693 2.276607 1.273050 2.269008 3.262784 3.270261 3.266276 3.269095 3.275548 3.304937 2.242932 2.229656 2.222265 2.219276 2.212172 2.219470 1.199879 0.140844 0.048088 0.050284 0.092339 0.062661 0.022713 0.046883 0.046471 0.034446 0.032798 0.036293 0.049964 0.039619 0.709588 1.825965 1.801684 1.781033 1.850961 1.921200 1.970480 2.019536 1.995242 3.882138 4.949906 5.944299 5.960054 4.961521 2.976899 1.957222 0.927938 0.948828 0.935406 0.035241 0.019646 0.043433 0.048346 0.090061
0.369612 0.394696 2.134010 4.266194 4.272388 3.269354 2.278225 1.273324 2.268039 4.266119 4.280329 3.266861 3.268862 4.269515 3.291720 2.245952 2.237475 2.220782 2.223171 2.230680 2.219679 1.140409 0.036094 0.031578 0.021308 0.081490 0.098521 0.025139 0.023476 0.038413 0.030174 0.014396 0.027840 0.030899 0.038262 0.045691 0.070096 0.072544 0.709813 1.743573 1.908161 1.966307 2.004730 1.981654 2.881032 3.928022 3.943501 3.947909 2.924270 2.941784 1.923756 1.919518 1.941080 0.888233 0.043748 0.030404 0.077355 0.674827 0.736047
0.227278 0.435402 0.431069 3.156268 4.273739 4.284527 4.300710 3.320468 2.290967 4.261242 4.278698 5.275357 4.279296 5.272341 4.319992 2.239373 2.235861 1.219631 1.194706 2.188702 2.211072 0.122681 0.028251 0.024315 0.026695 0.058967 0.063651 0.032539 0.024712 0.030648 0.070610 0.025398 0.028923 0.019661 0.028816 0.036569 0.035484 0.044028 0.055995 0.925302 1.951539 1.985444 1.991761 1.959750 2.824973 2.921000 1.921797 0.779941 0.042040 0.654689 0.742829 0.740353 0.028593 0.715432 0.422687 0.673503 1.802804 2.809226 0.754905
0.365172 0.236749 0.439273 3.157102 3.277942 4.277009 4.306367 3.301582 3.301350 4.262295 4.275781 5.265007 5.274841 5.275768 4.285575 3.276921 1.230283 1.229608 0.222046 0.203919 0.184259 0.044747 0.026756 0.026936 0.014396 0.046395 0.040643 0.014396 0.029554 0.037177 0.079734 0.064904 0.035957 0.029122 0.036385 0.019310 0.028969 0.038548 0.086824 2.197458 3.237416 2.065642 2.001387 1.927100 0.928456 0.039160 0.030114 0.050132 0.033790 0.034417 0.085407 0.089797 0.040902 0.024178 0.301757 1.739978 2.857262 1.898124 0.849976
0.421439 0.335601 0.199784 3.265104 3.263453 3.273286 3.286353 3.281858 4.265725 5.263864 4.267755 4.265207 5.266110 4.273192 3.258107 2.230988 1.242668 0.227490 0.229811 0.081623 0.103598 0.035133 0.047127 0.039282 0.034080 0.014396 0.030677 0.029015 0.039284 0.038658 0.494130 0.544098 0.061234 0.053520 0.047462 0.014396 0.018943 0.020486 0.085384 3.241528 4.296990 3.169411 1.999194 0.183689 0.019570 0.021004 0.014396 0.068515 0.024497 0.034341 0.053033 0.060036 0.035027 0.035317 0.043855 1.807307 1.857221 0.809562 0.026345
0.412245 0.353670 0.242805 3.242130 2.259703 2.257000 1.274453 1.307608 3.189628 4.251913 4.260445 4.265096 4.269806 4.251367 2.295271 1.239132 2.232650 1.238066 0.072847 0.128283 0.185296 0.173214 0.037300 0.040092 0.028939 0.028048 0.046990 0.041633 0.055199 0.080365 0.645222 1.761405 0.644159 0.058403 0.039528 0.021004 0.033379 0.034859 1.853657 4.237105 5.199988 1.974555 0.831641 0.313209 0.073522 0.061956 0.048866 0.028771 0.030952 0.023887 0.024360 0.031502 0.039177 0.032021 0.034416 0.056022 0.738982 0.686948 0.555409
0.338166 0.302243 0.199746 1.161831 1.233678 1.202021 0.291750 1.305545 1.327208 2.231300 3.271547 4.275058 4.279885 4.269749 2.302768 1.245018 1.245253 0.194179 0.085426 0.014396 0.238764 0.198815 0.042076 0.049737 0.030998 0.027626 0.043938 0.039145 0.085256 0.112078 0.726396 1.806206 1.782085 0.697517 0.035087 0.019570 0.030937 0.057412 1.775153 4.039088 3.854569 1.216766 0.487212 0.484911 0.068163 0.055410 0.045753 0.030800 0.027566 0.026847 0.014396 0.019310 0.035194 0.030708 0.045769 0.028145 0.040848 0.592038 0.572168
0.041237 0.038658 0.035377 0.029929 0.032568 0.295789 0.353335 1.301996 1.320047 1.232613 2.258947 4.271698 4.268712 4.239449 2.289103 1.229967 1.234191 0.191798 0.106913 0.203147 1.230531 1.231225 0.176556 0.172716 0.027184 0.042381 0.069417 0.638093 0.707415 0.756863 0.735749 1.793332 1.784915 0.754617 0.021080 0.035618 0.035301 0.079339 0.380596 2.377960 2.441247 1.373670 0.605522 0.583116 0.066954 0.044550 0.041619 0.058723 0.040401 0.029991 0.031884 0.027564 0.074884 0.046257 0.039268 0.152642 0.524856 0.615722 0.568845
0.048607 0.019310 0.014396 0.024284 0.038914 0.334125 1.454389 2.432884 2.465683 0.278829 0.219244 1.234073 3.224273 3.122214 2.274196 1.219079 1.226957 0.035760 0.021096 0.172799 1.226035 2.233948 2.228143 1.237023 0.130424 0.244646 1.669428 2.799124 1.820096 1.818253 1.787889 1.806544 1.809964 0.772348 0.021004 0.044579 0.056132 0.709396 0.644864 2.446485 2.552003 1.499525 0.711022 0.734593 0.780629 0.063512 0.041542 0.057031 0.033179 0.040718 0.035057 0.279776 1.312523 0.236517 0.411750 0.266579 0.449421 1.622168 0.577014
0.039899 0.045234 0.024284 0.023399 0.031644 1.428416 2.468685 3.459376 2.473428 0.022591 0.022591 0.038580 1.271162 1.313241 2.320779 1.183525 0.040964 0.032021 0.019310 0.035103 0.158973 3.232261 2.240064 0.201120 0.145088 0.250376 1.680511 2.832758 1.823985 1.802536 1.784586 1.827002 0.753256 0.698541 0.441741 0.276737 1.778273 1.843630 1.812536 2.453413 2.532754 1.568655 1.801440 1.836692 1.833374 0.709243 0.652132 0.211083 0.162009 0.260825 0.289333 1.398566 2.346047 1.394324 0.213494 0.151726 0.107281 0.354908 0.349597
0.497365 0.475874 0.034045 0.031694 0.437327 1.395301 2.412464 3.398767 2.437054 0.022591 0.022591 0.031541 0.303032 1.333668 2.339653 1.187740 0.034286 0.025749 0.014396 0.033516 0.035744 2.228673 1.230827 0.018364 0.023140 0.033027 0.595665 1.786539 0.727733 0.708803 1.761259 0.754041 0.776944 0.017967 1.163172 1.205003 2.844033 2.932088 2.966341 1.793780 1.793057 0.799610 1.826714 2.881679 2.874716 1.828424 1.761276 0.159482 0.118306 0.033241 1.376793 2.363228 3.357310 1.378652 0.301796 0.044043 0.083258 0.047615 0.062621
1.550012 2.636001 2.663657 0.520711 0.488523 1.381945 1.369240 2.389813 2.417704 0.027794 0.027794 0.463665 1.466627 2.441816 2.428031 0.274947 0.051654 0.030587 0.052238 0.048410 0.030235 0.193764 1.239969 0.187263 0.028496 0.024575 0.031761 0.090572 0.073479 0.042053 0.737567 0.728274 0.017967 0.021034 1.147067 1.791316 2.844427 3.931487 2.948161 2.991303 1.841236 1.912251 2.842978 2.845076 2.844606 2.840504 0.637597 0.033318 0.022148 0.044334 0.244602 1.030241 2.151388 0.215950 0.210228 0.089897 0.068048 0.038185 0.047966
2.523426 3.656232 3.740903 1.640736 1.611200 1.542349 0.523856 1.337366 1.400016 0.478916 0.494564 1.497674 2.485987 3.471034 3.508175 0.326197 0.076732 0.135120 0.041267 0.045631 0.029366 0.024253 0.161164 0.187936 0.024727 0.027824 0.019417 0.052247 0.017967 0.036866 0.046716 0.636547 0.649430 1.529749 1.390368 1.043081 1.686965 2.882164 3.950240 4.000968 1.843556 1.838974 1.821707 1.831763 1.787711 0.680259 0.044535 0.033794 0.021400 0.050133 0.134942 0.048714 0.051796 0.026664 0.062798 0.085718 0.071312 0.052632 0.036919
1.520259 3.646251 3.693803 2.678894 1.658267 0.575835 0.561380 0.575760 0.019386 0.466442 0.485911 2.414613 2.457456 3.403489 3.460033 0.056158 0.056263 0.034279 0.033393 0.030128 0.042298 0.203731 0.087553 0.126579 0.106590 0.092247 0.065126 0.054262 0.021034 0.017967 0.056650 0.669038 0.685697 1.556418 1.593212 0.519402 0.410217 1.751889 3.889546 3.957671 1.803382 0.725804 0.766210 0.774437 0.908240 0.726959 0.045206 0.027244 0.028300 0.055060 0.100406 0.046959 0.039025 0.038261 0.028680 0.045158 0.056054 0.079140 0.027626
0.607940 3.643460 4.655988 3.660092 1.626874 1.636884 0.571773 0.569403 0.585144 0.528275 1.469759 2.419829 3.466547 2.429455 2.464802 0.045920 0.064720 0.028560 0.021004 0.044548 0.039665 1.178427 0.155599 0.079994 0.086173 0.064814 0.130005 0.139434 0.029103 0.026583 0.080364 0.052475 0.674827 1.559812 1.658803 0.588308 0.456946 0.759996 1.742492 3.819129 0.794220 0.135000 0.061990 0.363213 0.895446 0.738725 0.073760 0.022591 0.022591 0.066780 0.066933 0.062285 0.040077 0.029518 0.025596 0.038193 0.059120 0.066169 0.020287
