use_cases/Flooding_chicago/flooding_data/output/h_1920.asc
ncols 337
nrows 393
xllcorner 428428.000000
yllcorner 4602440.000000
cellsize 26.757400
NODATA_value -9999.000000
[rows 324 to 350 of 393, columns 0 to 58 of 337]
-9999.000000 -9999.000000 -9999.000000 -9999.000000 -9999.000000 -9999.000000 -9999.000000 -9999.000000 -9999.000000 -9999.000000 -9999.000000 -9999.000000 -9999.000000 -9999.000000 -9999.000000 -9999.000000 -9999.000000 -9999.000000 -9999.000000 -9999.000000 -9999.000000 -9999.000000 -9999.000000 -9999.000000 -9999.000000 0.041069 0.051841 0.053994 0.062920 0.035897 0.042486 0.193227 0.050087 0.036614 0.021904 0.046959 0.032874 0.027443 0.039756 0.050235 0.637056 1.791791 1.791430 1.804957 2.821748 2.824398 2.824693 1.806548 1.799058 2.807540 1.807104 2.805585 2.809880 4.814082 5.815572 4.799618 2.816975 2.819022 2.811527
-9999.000000 -9999.000000 -9999.000000 -9999.000000 -9999.000000 -9999.000000 -9999.000000 -9999.000000 -9999.000000 -9999.000000 -9999.000000 -9999.000000 -9999.000000 -9999.000000 -9999.000000 -9999.000000 -9999.000000 -9999.000000 -9999.000000 -9999.000000 -9999.000000 -9999.000000 -9999.000000 -9999.000000 0.030891 0.039604 0.038593 0.030724 0.057579 0.067757 0.177797 1.255926 0.212811 0.040316 0.041621 0.041247 0.203098 0.044090 0.042762 0.054520 0.622073 1.786726 0.793237 1.815320 1.819383 1.814301 1.816393 1.807392 1.800329 2.804871 3.805409 2.805808 2.813187 2.806443 3.809746 3.813068 2.798120 2.795232 2.802209
-9999.000000 -9999.000000 -9999.000000 -9999.000000 -9999.000000 -9999.000000 -9999.000000 -9999.000000 -9999.000000 -9999.000000 -9999.000000 -9999.000000 -9999.000000 -9999.000000 -9999.000000 -9999.000000 -9999.000000 -9999.000000 -9999.000000 -9999.000000 -9999.000000 -9999.000000 -9999.000000 -9999.000000 0.019401 0.027748 0.024513 0.044548 0.051308 0.077706 1.234339 2.240002 2.262112 2.267344 1.161051 1.164952 2.243191 0.038002 0.017372 0.056884 0.552828 1.774427 0.797133 0.803091 1.817065 1.814410 2.812533 1.807721 1.800169 2.801856 3.802845 2.807741 1.811391 0.754528 0.709126 1.737697 0.621464 0.598134 0.648042
-9999.000000 -9999.000000 -9999.000000 -9999.000000 -9999.000000 -9999.000000 -9999.000000 -9999.000000 -9999.000000 -9999.000000 -9999.000000 -9999.000000 -9999.000000 -9999.000000 -9999.000000 -9999.000000 -9999.000000 -9999.000000 -9999.000000 -9999.000000 -9999.000000 -9999.000000 -9999.000000 -9999.000000 -9999.000000 0.024422 0.027748 0.047280 0.055853 0.075753 1.245713 1.267951 2.269258 2.276525 2.266033 2.267569 2.266198 0.028526 0.017372 0.084626 0.581690 0.684818 0.777579 0.783973 1.819163 2.805745 3.812952 2.812340 2.802421 2.800879 2.794315 1.808219 0.768434 0.087907 0.082535 0.108484 0.032437 0.035975 0.078791
-9999.000000 -9999.000000 -9999.000000 -9999.000000 -9999.000000 -9999.000000 -9999.000000 -9999.000000 -9999.000000 -9999.000000 -9999.000000 -9999.000000 -9999.000000 -9999.000000 -9999.000000 -9999.000000 -9999.000000 -9999.000000 -9999.000000 -9999.000000 -9999.000000 -9999.000000 -9999.000000 -9999.000000 -9999.000000 -9999.000000 0.019401 0.040337 0.027412 0.033309 0.183961 0.253514 1.278940 1.284359 2.297875 2.301306 2.283235 0.207700 0.205571 0.152232 0.139968 0.080901 0.058240 0.785081 1.817194 2.805391 3.813873 2.809495 1.783411 0.821313 1.817838 0.781874 0.101300 0.092649 0.033835 0.053765 0.028069 0.039131 0.036507
-9999.000000 -9999.000000 -9999.000000 -9999.000000 -9999.000000 -9999.000000 -9999.000000 -9999.000000 -9999.000000 -9999.000000 -9999.000000 -9999.000000 -9999.000000 -9999.000000 -9999.000000 -9999.000000 -9999.000000 -9999.000000 -9999.000000 -9999.000000 -9999.000000 -9999.000000 -9999.000000 -9999.000000 -9999.000000 -9999.000000 -9999.000000 -9999.000000 0.024575 0.027886 0.038861 0.236852 0.270306 0.258654 1.287701 1.294853 1.256817 1.239094 0.238564 0.233822 0.020866 0.041357 0.065951 0.786500 0.800791 1.816201 2.817611 1.815574 0.815029 0.823224 1.828540 1.804300 0.719990 0.055835 0.039193 0.073663 0.031913 0.054345 0.062767
-9999.000000 -9999.000000 -9999.000000 -9999.000000 -9999.000000 -9999.000000 -9999.000000 -9999.000000 -9999.000000 -9999.000000 -9999.000000 -9999.000000 -9999.000000 -9999.000000 -9999.000000 -9999.000000 -9999.000000 -9999.000000 -9999.000000 -9999.000000 -9999.000000 -9999.000000 -9999.000000 -9999.000000 -9999.000000 -9999.000000 -9999.000000 -9999.000000 -9999.000000 0.017372 0.029396 0.022179 0.247866 0.017967 0.021034 0.232207 0.224761 1.212403 0.231754 0.234719 0.033119 0.027992 0.097561 0.082850 0.099406 0.784364 1.815370 1.824265 0.815142 1.828489 1.819514 1.813046 1.795159 0.654509 0.143091 0.086830 0.123744 0.050575 0.028191
-9999.000000 -9999.000000 -9999.000000 -9999.000000 -9999.000000 -9999.000000 -9999.000000 -9999.000000 -9999.000000 -9999.000000 -9999.000000 -9999.000000 -9999.000000 -9999.000000 -9999.000000 -9999.000000 -9999.000000 -9999.000000 -9999.000000 -9999.000000 -9999.000000 -9999.000000 -9999.000000 -9999.000000 -9999.000000 -9999.000000 -9999.000000 -9999.000000 -9999.000000 0.017372 0.032052 0.132219 0.203553 0.195020 0.017967 0.188484 1.192616 1.200823 1.213445 0.027717 0.017372 0.038612 0.036537 0.108100 0.122673 0.768442 1.807642 1.815813 1.816573 1.819734 2.806475 1.812912 0.731488 0.132265 0.148056 0.050606 0.042916 0.061439 0.034554
-9999.000000 -9999.000000 -9999.000000 -9999.000000 -9999.000000 -9999.000000 -9999.000000 -9999.000000 -9999.000000 -9999.000000 -9999.000000 -9999.000000 -9999.000000 -9999.000000 -9999.000000 -9999.000000 -9999.000000 -9999.000000 -9999.000000 -9999.000000 -9999.000000 -9999.000000 -9999.000000 -9999.000000 -9999.000000 -9999.000000 -9999.000000 -9999.000000 -9999.000000 0.026756 0.025337 0.142525 0.158658 0.157929 0.142725 0.170488 1.202870 1.190794 0.157852 0.035218 0.017372 0.035362 0.056243 0.046868 0.030678 0.236087 1.703672 1.811581 1.813754 1.823544 2.815444 0.772162 0.127208 0.158414 0.186855 0.207660 0.042137 0.059151 0.034235
-9999.000000 -9999.000000 -9999.000000 -9999.000000 -9999.000000 -9999.000000 -9999.000000 -9999.000000 -9999.000000 -9999.000000 -9999.000000 -9999.000000 -9999.000000 -9999.000000 -9999.000000 -9999.000000 -9999.000000 -9999.000000 -9999.000000 -9999.000000 -9999.000000 -9999.000000 -9999.000000 -9999.000000 -9999.000000 -9999.000000 -9999.000000 -9999.000000 -9999.000000 -9999.000000 0.022731 0.107793 0.612961 0.626931 0.675282 0.114260 0.149967 1.161736 0.130074 0.027215 0.032646 0.027306 0.048225 0.040016 0.028420 0.363365 0.215894 0.131570 0.075807 1.804585 0.794429 0.787556 0.109455 0.165499 0.206411 0.198666 0.042396 0.040062 0.026175
-9999.000000 -9999.000000 -9999.000000 -9999.000000 -9999.000000 -9999.000000 -9999.000000 -9999.000000 -9999.000000 -9999.000000 -9999.000000 -9999.000000 -9999.000000 -9999.000000 -9999.000000 -9999.000000 -9999.000000 -9999.000000 -9999.000000 -9999.000000 -9999.000000 -9999.000000 -9999.000000 -9999.000000 -9999.000000 -9999.000000 -9999.000000 -9999.000000 -9999.000000 -9999.000000 0.318682 1.606540 2.590807 1.449130 0.660391 0.085921 0.109503 1.122985 1.090313 1.101463 0.124914 0.102371 0.642359 0.642790 0.661813 0.599713 0.028249 0.098369 0.064284 0.727771 0.771429 0.757064 0.085498 0.153070 0.204181 0.241138 0.262727 0.268132 0.029045
-9999.000000 -9999.000000 -9999.000000 -9999.000000 -9999.000000 -9999.000000 -9999.000000 -9999.000000 -9999.000000 -9999.000000 -9999.000000 -9999.000000 -9999.000000 -9999.000000 -9999.000000 -9999.000000 -9999.000000 -9999.000000 -9999.000000 -9999.000000 -9999.000000 -9999.000000 -9999.000000 -9999.000000 -9999.000000 -9999.000000 -9999.000000 -9999.000000 -9999.000000 -9999.000000 1.128245 2.605374 2.499613 1.313944 0.833368 1.018841 1.040686 1.102159 1.091101 1.089564 0.153587 0.117631 0.634481 0.637584 0.644536 0.589220 0.045018 0.039709 0.030693 0.062632 0.768612 0.787995 0.747874 0.105914 0.018669 0.285309 0.313877 1.319734 0.255774
-9999.000000 -9999.000000 -9999.000000 -9999.000000 -9999.000000 -9999.000000 -9999.000000 -9999.000000 -9999.000000 -9999.000000 -9999.000000 -9999.000000 -9999.000000 -9999.000000 -9999.000000 -9999.000000 -9999.000000 -9999.000000 -9999.000000 -9999.000000 -9999.000000 -9999.000000 -9999.000000 -9999.000000 -9999.000000 -9999.000000 -9999.000000 -9999.000000 -9999.000000 -9999.000000 0.036064 0.030861 0.512552 0.605051 0.871129 1.016784 1.058361 1.127092 1.079857 0.163911 0.187706 0.167464 0.104566 0.584483 0.540162 0.054537 0.044149 0.024284 0.023399 0.037799 0.055582 0.732872 0.708773 0.100375 0.023415 0.265654 1.330868 1.326792 1.330782
-9999.000000 -9999.000000 -9999.000000 -9999.000000 -9999.000000 -9999.000000 -9999.000000 -9999.000000 -9999.000000 -9999.000000 -9999.000000 -9999.000000 -9999.000000 -9999.000000 -9999.000000 -9999.000000 -9999.000000 -9999.000000 -9999.000000 -9999.000000 -9999.000000 -9999.000000 -9999.000000 -9999.000000 -9999.000000 -9999.000000 -9999.000000 -9999.000000 -9999.000000 -9999.000000 0.014396 0.032982 0.032914 0.054184 0.798604 0.936039 0.925414 0.165774 0.195347 0.220141 0.228461 0.208607 0.135858 0.097915 0.038795 0.038933 0.040016 0.014396 0.024284 0.055067 0.032006 0.088013 0.088811 0.027703 0.029854 0.269942 1.314423 1.318809 2.328084
-9999.000000 -9999.000000 -9999.000000 -9999.000000 -9999.000000 -9999.000000 -9999.000000 -9999.000000 -9999.000000 -9999.000000 -9999.000000 -9999.000000 -9999.000000 -9999.000000 -9999.000000 -9999.000000 -9999.000000 -9999.000000 -9999.000000 -9999.000000 -9999.000000 -9999.000000 -9999.000000 -9999.000000 -9999.000000 -9999.000000 -9999.000000 -9999.000000 -9999.000000 -9999.000000 -9999.000000 0.017372 0.026165 0.038032 0.293401 0.472814 0.302524 0.202650 0.194530 0.208852 0.222631 0.212940 0.031884 0.041756 0.025597 0.069299 0.038246 0.049080 0.033607 0.065787 0.397130 0.020774 0.032920 0.039879 0.027764 0.270595 0.243929 0.285096 1.339983
-9999.000000 -9999.000000 -9999.000000 -9999.000000 -9999.000000 -9999.000000 -9999.000000 -9999.000000 -9999.000000 -9999.000000 -9999.000000 -9999.000000 -9999.000000 -9999.000000 -9999.000000 -9999.000000 -9999.000000 -9999.000000 -9999.000000 -9999.000000 -9999.000000 -9999.000000 -9999.000000 -9999.000000 -9999.000000 -9999.000000 -9999.000000 -9999.000000 -9999.000000 -9999.000000 -9999.000000 0.017372 0.028145 0.021949 0.106501 0.806057 0.172606 0.022202 0.069613 0.097858 0.143514 0.127851 0.025703 0.017372 0.051429 0.033715 0.065665 0.185765 0.182823 0.110207 0.384347 0.389686 0.033165 0.033745 0.106538 0.026771 0.034125 0.030098 0.277764
-9999.000000 -9999.000000 -9999.000000 -9999.000000 -9999.000000 -9999.000000 -9999.000000 -9999.000000 -9999.000000 -9999.000000 -9999.000000 -9999.000000 -9999.000000 -9999.000000 -9999.000000 -9999.000000 -9999.000000 -9999.000000 -9999.000000 -9999.000000 -9999.000000 -9999.000000 -9999.000000 -9999.000000 -9999.000000 -9999.000000 -9999.000000 -9999.000000 -9999.000000 -9999.000000 -9999.000000 0.020180 0.040056 0.304127 1.182679 1.062312 0.279508 0.023843 0.026054 0.110661 0.152035 0.140704 0.025703 0.017372 0.054741 0.041877 0.066354 0.189508 0.216624 0.124611 0.375421 0.386681 0.030189 0.026573 0.834259 0.031548 0.014396 0.046013 0.030188
-9999.000000 -9999.000000 -9999.000000 -9999.000000 -9999.000000 -9999.000000 -9999.000000 -9999.000000 -9999.000000 -9999.000000 -9999.000000 -9999.000000 -9999.000000 -9999.000000 -9999.000000 -9999.000000 -9999.000000 -9999.000000 -9999.000000 -9999.000000 -9999.000000 -9999.000000 -9999.000000 -9999.000000 -9999.000000 -9999.000000 -9999.000000 -9999.000000 -9999.000000 -9999.000000 -9999.000000 0.244449 0.331664 0.337511 1.122335 0.944776 0.304491 0.025734 0.036852 0.021400 0.241836 0.250112 0.309489 0.311715 0.034325 0.043618 0.031013 0.047584 0.024284 0.073967 0.316034 0.351220 0.020088 0.067135 0.897566 0.026772 0.033989 0.036933 0.032616
-9999.000000 -9999.000000 -9999.000000 -9999.000000 -9999.000000 -9999.000000 -9999.000000 -9999.000000 -9999.000000 -9999.000000 -9999.000000 -9999.000000 -9999.000000 -9999.000000 -9999.000000 -9999.000000 -9999.000000 -9999.000000 -9999.000000 -9999.000000 -9999.000000 -9999.000000 -9999.000000 -9999.000000 -9999.000000 -9999.000000 -9999.000000 -9999.000000 -9999.000000 -9999.000000 -9999.000000 1.351189 0.979725 0.449235 0.420133 0.046889 0.420109 0.145265 1.211862 1.199199 0.239801 0.266832 0.304797 0.308681 0.290640 0.031043 0.040916 0.028710 0.079513 0.068749 0.238457 0.235789 0.160304 0.085234 0.902117 0.051979 0.067115 0.075645 0.066841
-9999.000000 -9999.000000 -9999.000000 -9999.000000 -9999.000000 -9999.000000 -9999.000000 -9999.000000 -9999.000000 -9999.000000 -9999.000000 -9999.000000 -9999.000000 -9999.000000 -9999.000000 -9999.000000 -9999.000000 -9999.000000 -9999.000000 -9999.000000 -9999.000000 -9999.000000 -9999.000000 -9999.000000 -9999.000000 -9999.000000 -9999.000000 -9999.000000 -9999.000000 -9999.000000 -9999.000000 1.117379 1.018324 0.583036 0.549391 0.110098 0.161534 1.221974 3.227264 2.187824 0.246126 0.283022 1.349472 1.344282 1.329883 0.289478 0.035224 0.033150 0.032906 0.062812 0.149995 0.993579 1.076706 1.019282 0.955586 0.042229 0.055046 0.043784 -9999.000000
-9999.000000 -9999.000000 -9999.000000 -9999.000000 -9999.000000 -9999.000000 -9999.000000 -9999.000000 -9999.000000 -9999.000000 -9999.000000 -9999.000000 -9999.000000 -9999.000000 -9999.000000 -9999.000000 -9999.000000 -9999.000000 -9999.000000 -9999.000000 -9999.000000 -9999.000000 -9999.000000 -9999.000000 -9999.000000 -9999.000000 -9999.000000 -9999.000000 -9999.000000 0.022086 0.206537 1.229427 1.528374 1.806927 1.703327 0.156548 1.257932 3.208979 4.232265 2.214744 1.188651 0.288032 1.332382 1.325507 1.326971 0.280402 0.032845 0.032219 0.034859 0.024025 0.133864 1.027888 1.094481 0.055606 0.595381 0.023368 -9999.000000 -9999.000000 -9999.000000
-9999.000000 -9999.000000 -9999.000000 -9999.000000 -9999.000000 -9999.000000 -9999.000000 -9999.000000 -9999.000000 -9999.000000 -9999.000000 -9999.000000 -9999.000000 -9999.000000 -9999.000000 -9999.000000 -9999.000000 -9999.000000 -9999.000000 -9999.000000 -9999.000000 -9999.000000 -9999.000000 -9999.000000 -9999.000000 -9999.000000 0.047752 0.027794 0.014396 0.021079 0.021358 0.834005 1.867230 1.885893 1.835308 2.167705 2.157385 2.142549 1.179121 1.096495 0.185020 0.020851 0.226196 0.234120 0.283624 0.284688 0.025475 0.025291 0.090639 0.085488 0.180690 0.160738 0.150522 0.014396 -9999.000000 -9999.000000 -9999.000000 -9999.000000 -9999.000000
-9999.000000 -9999.000000 -9999.000000 -9999.000000 -9999.000000 -9999.000000 -9999.000000 -9999.000000 -9999.000000 -9999.000000 -9999.000000 -9999.000000 -9999.000000 -9999.000000 -9999.000000 -9999.000000 -9999.000000 -9999.000000 -9999.000000 -9999.000000 -9999.000000 -9999.000000 -9999.000000 -9999.000000 0.025551 0.023552 0.049003 0.014396 0.029884 0.259125 0.901413 0.938348 1.810786 1.772092 1.006182 2.205986 2.201236 2.180686 1.158274 0.244780 0.233238 0.033179 0.041191 0.052406 0.064261 0.229557 0.204958 0.128638 0.121580 0.103202 0.187506 0.160691 0.014396 -9999.000000 -9999.000000 -9999.000000 -9999.000000 -9999.000000 -9999.000000
-9999.000000 -9999.000000 -9999.000000 -9999.000000 -9999.000000 -9999.000000 -9999.000000 -9999.000000 -9999.000000 -9999.000000 -9999.000000 -9999.000000 -9999.000000 -9999.000000 -9999.000000 -9999.000000 -9999.000000 -9999.000000 -9999.000000 -9999.000000 -9999.000000 -9999.000000 0.021508 0.019309 0.014396 0.024330 0.040490 0.036247 0.037270 1.342674 0.263061 0.801470 0.729999 0.945170 1.082123 2.217615 2.215220 2.191586 2.235245 1.276233 1.254832 0.030677 0.029350 0.031075 0.125938 0.072060 0.043342 0.100985 0.095890 0.139668 0.086778 -9999.000000 -9999.000000 -9999.000000 -9999.000000 -9999.000000 -9999.000000 -9999.000000 -9999.000000
-9999.000000 -9999.000000 -9999.000000 -9999.000000 -9999.000000 -9999.000000 -9999.000000 -9999.000000 -9999.000000 -9999.000000 -9999.000000 -9999.000000 -9999.000000 -9999.000000 -9999.000000 -9999.000000 -9999.000000 -9999.000000 -9999.000000 -9999.000000 -9999.000000 -9999.000000 0.429993 0.029198 0.039106 0.030708 0.076301 0.046776 0.490506 0.463636 0.420882 0.265223 0.198381 2.125888 2.221479 2.208310 2.185207 1.240689 2.225034 2.262477 1.248948 0.243369 0.018806 0.050606 0.153770 0.021781 0.055107 0.032753 0.032693 0.030295 0.022865 -9999.000000 -9999.000000 -9999.000000 -9999.000000 -9999.000000 -9999.000000 -9999.000000 -9999.000000
-9999.000000 -9999.000000 -9999.000000 -9999.000000 -9999.000000 -9999.000000 -9999.000000 -9999.000000 -9999.000000 -9999.000000 -9999.000000 -9999.000000 -9999.000000 -9999.000000 -9999.000000 -9999.000000 -9999.000000 -9999.000000 -9999.000000 -9999.000000 -9999.000000 0.027703 1.658274 1.658721 1.648631 1.638858 1.627047 1.658283 1.663429 0.574077 0.568830 0.101223 0.103744 0.888592 2.033193 2.143661 1.225478 1.253641 1.264528 2.254925 1.275247 0.218667 0.023933 0.080528 0.050651 0.036369 0.048790 0.031395 0.033608 -9999.000000 -9999.000000 -9999.000000 -9999.000000 -9999.000000 -9999.000000 -9999.000000 -9999.000000 -9999.000000 -9999.000000
-9999.000000 -9999.000000 -9999.000000 -9999.000000 -9999.000000 -9999.000000 -9999.000000 -9999.000000 -9999.000000 -9999.000000 -9999.000000 -9999.000000 -9999.000000 -9999.000000 -9999.000000 -9999.000000 -9999.000000 -9999.000000 -9999.000000 -9999.000000 0.021858 0.035454 1.605911 2.645847 2.650082 2.622827 1.653628 1.664524 1.660819 1.641770 0.605232 0.184890 0.179930 0.268958 1.132336 1.239578 1.269849 1.286663 1.238482 1.244419 1.259676 0.052507 0.032142 0.035682 0.029274 0.032570 -9999.000000 -9999.000000 -9999.000000 -9999.000000 -9999.000000 -9999.000000 -9999.000000 -9999.000000 -9999.000000 -9999.000000 -9999.000000 -9999.000000 -9999.000000
