use_cases/Flooding_chicago/flooding_data/output/h_1920.asc
ncols 337
nrows 393
xllcorner 428428.000000
yllcorner 4602440.000000
cellsize 26.757400
NODATA_value -9999.000000
[rows 135 to 161 of 393, columns 236 to 294 of 337]
0.111911 0.067365 0.023506 0.022942 0.082678 0.096898 0.608430 0.837298 0.519878 0.501437 0.059990 0.070554 0.052393 0.035790 0.043236 0.024590 0.056526 0.052209 0.020973 0.029456 0.022194 0.224724 0.262959 0.040721 0.061165 0.078315 0.027947 0.017372 0.028420 0.028130 0.034676 0.036263 0.620697 1.745798 2.590290 2.657077 1.370780 1.335275 0.353421 0.054406 0.060355 0.045265 0.037895 0.033898 0.041161 0.017372 0.020134 0.058983 0.046166 0.041344 -9999.000000 -9999.000000 -9999.000000 -9999.000000 -9999.000000 -9999.000000 -9999.000000 -9999.000000 -9999.000000
0.020821 0.019309 0.027366 0.023567 0.101867 0.056542 0.434924 1.302352 0.262953 0.141417 0.045250 0.045936 0.048606 0.037132 0.026482 0.036522 0.034478 0.030678 0.020226 0.026771 0.192633 1.294395 1.303682 0.285401 0.334628 0.071145 0.085716 0.031960 0.042626 0.032982 0.046135 0.043604 0.649108 1.716351 1.538876 1.570532 0.512179 0.500579 0.124220 0.044518 0.047967 0.055336 0.050321 0.039696 0.040214 0.017372 0.039879 0.094277 0.084190 0.044228 -9999.000000 -9999.000000 -9999.000000 -9999.000000 -9999.000000 -9999.000000 -9999.000000 -9999.000000 -9999.000000
0.043900 0.056359 0.024217 0.044671 0.896858 0.890086 0.740316 1.576589 0.379654 0.067522 0.033074 0.040459 0.029091 0.021419 0.027061 0.014396 0.035225 0.027016 0.033028 0.045176 1.217198 2.298811 2.318725 1.327139 0.034149 0.059667 0.057548 0.046716 0.050859 0.020684 0.034201 0.039302 0.753711 1.820002 0.758403 0.636483 0.163651 0.234869 0.250852 0.047462 0.049370 0.030922 0.052192 0.032447 0.028663 0.033912 0.028633 0.049370 0.075035 0.051567 -9999.000000 -9999.000000 -9999.000000 -9999.000000 -9999.000000 -9999.000000 -9999.000000 -9999.000000 -9999.000000
1.988286 0.963439 0.918704 1.955137 1.992243 1.943867 1.939337 1.802999 0.139421 0.094993 0.033576 0.041725 0.030446 0.038414 0.030831 0.035362 0.042320 0.032448 0.053083 1.110855 2.293848 3.297905 3.282172 1.317834 0.035317 0.035273 0.079639 0.832575 0.046945 0.041474 0.048055 0.031361 0.841797 1.874737 0.823247 0.217471 0.264386 0.341210 1.400454 0.045957 0.036201 0.043694 0.033745 0.043479 0.046614 0.037054 0.031177 0.050621 0.095556 0.062508 0.038460 -9999.000000 -9999.000000 -9999.000000 -9999.000000 -9999.000000 -9999.000000 -9999.000000 -9999.000000
3.002392 4.025333 4.060865 5.031950 4.072093 2.982186 3.018594 1.869009 0.250267 0.228197 0.451127 0.638381 0.746104 0.092760 0.039749 0.057060 0.064864 0.051563 1.257185 3.279491 4.305298 3.274693 3.287302 2.266913 1.084214 1.016975 0.929328 0.825610 0.597935 0.948529 1.048653 1.061054 3.013193 1.986691 0.919419 0.263736 0.304346 1.438175 3.420445 1.368543 0.266483 0.097821 0.044853 0.077507 0.028450 0.064557 0.049843 0.038735 0.076881 0.063150 0.259750 -9999.000000 -9999.000000 -9999.000000 -9999.000000 -9999.000000 -9999.000000 -9999.000000 -9999.000000
4.863550 5.993373 5.020040 4.996802 5.009843 2.955314 2.956235 1.826466 0.262182 0.268168 0.242896 0.025947 0.874988 0.929122 0.076684 0.045647 0.045055 0.204273 1.263466 3.261560 4.273252 3.262089 3.277775 2.269725 1.067546 0.979722 0.909149 0.803483 0.590061 0.919394 2.047041 2.092206 4.042314 3.076587 1.998634 1.256993 1.275433 2.365036 4.357422 3.321037 1.265833 0.152133 0.217255 0.068535 0.040031 0.082017 0.070355 0.045419 0.340017 0.343209 0.384164 -9999.000000 -9999.000000 -9999.000000 -9999.000000 -9999.000000 -9999.000000 -9999.000000 -9999.000000
3.958147 4.042819 1.735607 1.720513 1.698889 1.830834 0.640921 0.579879 0.143696 0.049142 0.042930 0.025627 0.027902 0.990816 1.051226 0.192709 0.233112 1.292747 1.284923 3.285787 4.287632 4.283142 2.272569 1.301259 0.181036 0.119371 0.081750 0.050881 0.388177 0.856459 2.000106 2.042348 2.956979 2.995795 0.815089 0.181309 0.184937 1.267430 3.313734 2.336488 0.206765 0.097222 0.028862 0.017372 0.056862 0.536550 1.696628 0.608265 0.499840 0.255598 0.171754 -9999.000000 -9999.000000 -9999.000000 -9999.000000 -9999.000000 -9999.000000 -9999.000000 -9999.000000
3.021935 0.058833 0.029060 0.021507 0.048926 0.119461 0.093767 0.041710 0.061638 0.049278 0.040656 0.023796 0.042594 0.151158 1.205345 1.268295 1.276653 2.302914 2.306691 3.286076 4.292121 3.285366 2.278919 0.256760 0.020807 0.017372 0.017372 0.021919 0.019844 0.884115 2.014393 2.023828 0.843708 0.053462 0.038693 0.025002 0.037347 0.388695 0.432226 0.052121 0.063814 0.020988 0.033637 0.017372 0.044432 1.672624 1.701951 1.714435 0.629297 0.032212 0.044045 -9999.000000 -9999.000000 -9999.000000 -9999.000000 -9999.000000 -9999.000000 -9999.000000 -9999.000000
1.784719 0.040368 0.018319 0.022895 0.059875 0.086432 0.073219 0.043007 0.054223 0.039177 0.045907 0.022452 0.021782 0.031982 1.116545 2.296994 2.302231 2.304125 2.304376 3.298444 4.302681 4.301102 2.265545 0.330126 0.367667 0.358306 0.049370 0.086061 0.245134 0.147703 2.058228 2.045254 0.062545 0.045171 0.025200 0.031826 0.026384 0.591888 0.025981 0.060460 0.039625 0.439238 0.441604 0.020180 0.602151 0.521350 0.506318 0.555477 0.570847 0.037575 0.030662 -9999.000000 -9999.000000 -9999.000000 -9999.000000 -9999.000000 -9999.000000 -9999.000000 -9999.000000
0.672040 0.062511 0.052163 0.025826 0.119987 0.091698 0.036689 0.040230 0.030357 0.032936 0.030235 0.040215 0.048943 0.046032 0.203040 2.289986 3.292538 2.296601 2.296887 3.266364 4.276681 4.277555 2.276177 0.283011 0.319070 0.345579 0.077000 0.039346 0.113350 0.080537 1.025269 0.061235 0.065916 0.080680 0.026401 0.037697 0.032358 0.809929 0.050430 0.041045 0.060754 0.382482 0.400404 0.352565 0.199267 0.130268 0.025896 0.053847 0.585422 0.047600 0.043313 -9999.000000 -9999.000000 -9999.000000 -9999.000000 -9999.000000 -9999.000000 -9999.000000 -9999.000000
0.096720 0.059440 0.057610 0.037407 0.045906 0.046959 0.032723 0.027824 0.029396 0.018028 0.037698 0.045113 0.061409 0.045359 1.292161 2.292190 3.291031 2.296553 2.298224 2.296801 3.296071 3.280126 1.276493 0.052009 0.070374 0.118755 0.144127 0.017372 0.115183 0.085494 0.149627 0.052562 0.051844 0.098482 0.146557 0.021728 1.102484 2.059669 2.090124 0.073027 0.044572 0.063624 0.060210 0.064036 0.069287 0.036827 0.034142 0.045265 0.041160 0.076882 0.059625 -9999.000000 -9999.000000 -9999.000000 -9999.000000 -9999.000000 -9999.000000 -9999.000000 -9999.000000
0.080046 0.099139 0.070884 0.037071 0.046822 0.049659 0.039695 0.028039 0.030174 0.021003 0.028281 0.032784 0.177386 0.254449 1.292356 2.296130 2.295851 2.298204 2.301414 2.302177 3.304421 2.299389 0.219741 0.023979 0.026344 0.186171 0.189513 0.017372 0.180505 0.151561 0.097590 0.031792 0.041480 0.031669 0.118615 0.916825 3.095491 4.090265 4.078219 1.097068 0.071865 0.031411 0.044517 0.043771 0.050453 0.022255 0.060251 0.033775 0.036125 0.031258 0.040931 -9999.000000 -9999.000000 -9999.000000 -9999.000000 -9999.000000 -9999.000000 -9999.000000 -9999.000000
0.139729 0.088479 0.103875 0.021614 0.446893 0.443950 0.036004 0.047035 0.033317 0.018028 0.033028 0.042609 0.192112 1.295252 1.295920 2.294104 2.296308 2.295507 3.330449 3.334625 3.312140 2.307640 0.211412 0.025948 0.036050 0.159194 0.171681 0.229197 1.224699 1.192483 0.053685 0.035876 0.024788 0.024559 0.033391 0.847118 3.091828 5.095372 4.109358 2.129885 0.076738 0.021919 0.036827 0.025887 0.033119 0.029624 0.037498 0.030587 0.033242 0.035743 -9999.000000 -9999.000000 -9999.000000 -9999.000000 -9999.000000 -9999.000000 -9999.000000 -9999.000000 -9999.000000
0.182503 0.167398 0.188515 0.294950 0.405403 0.396008 0.096504 0.068856 0.059883 0.028419 0.025917 0.042228 0.196083 0.299554 1.282635 1.271551 1.277370 1.272313 3.315984 3.315458 3.311775 2.307573 0.212083 0.078720 0.052956 0.022438 0.033104 0.188061 0.210293 0.156483 0.036182 0.020439 0.031456 0.014396 0.024909 0.059724 3.123749 5.085371 4.101678 3.080497 1.015566 0.035745 0.029015 0.028175 0.017372 0.017372 0.020180 0.035469 0.045387 -9999.000000 -9999.000000 -9999.000000 -9999.000000 -9999.000000 -9999.000000 -9999.000000 -9999.000000 -9999.000000 -9999.000000
0.103340 0.146965 0.155921 0.234919 0.049462 0.088280 0.116677 0.069679 0.059395 0.029039 0.036838 0.045738 0.056496 0.253260 0.301122 0.311504 0.313821 0.320949 3.323803 4.343617 3.323128 2.320514 0.219698 0.040290 0.071189 0.024467 0.025353 0.054833 0.065034 0.062526 0.066493 0.029732 0.039818 0.033516 0.025472 0.054775 3.096253 5.053861 4.080898 2.101995 1.074233 1.100857 0.101568 0.035062 0.025703 0.025703 0.035408 -9999.000000 -9999.000000 -9999.000000 -9999.000000 -9999.000000 -9999.000000 -9999.000000 -9999.000000 -9999.000000 -9999.000000 -9999.000000 -9999.000000
0.053931 0.036797 0.035923 0.024315 0.025932 0.035561 0.019692 0.027305 0.043495 0.049774 0.021919 0.038612 0.075615 0.049278 0.303544 0.314591 0.321000 1.359118 4.341795 5.357470 4.361573 2.331463 0.034866 0.021050 0.019997 0.029777 0.034675 0.021004 0.097947 0.082817 0.048497 0.415514 0.475325 0.385131 0.381168 1.871339 3.073240 3.061579 2.088094 1.088130 1.060808 0.088798 0.134672 0.170818 0.030540 0.030540 -9999.000000 -9999.000000 -9999.000000 -9999.000000 -9999.000000 -9999.000000 -9999.000000 -9999.000000 -9999.000000 -9999.000000 -9999.000000 -9999.000000 -9999.000000
0.039818 0.031686 0.019401 0.025932 0.068214 0.030097 0.044838 0.054237 0.063942 0.067390 0.030128 0.027596 0.044227 0.023414 0.276499 1.341673 2.347378 2.357832 4.314404 5.326630 4.326053 3.323121 0.043480 0.038505 0.047142 0.037835 0.020897 0.129783 0.117476 0.090438 0.523131 1.544418 0.512560 0.496750 0.421796 0.888438 2.098109 1.092010 0.090774 0.081249 0.081135 0.027031 0.022727 0.018485 -9999.000000 -9999.000000 -9999.000000 -9999.000000 -9999.000000 -9999.000000 -9999.000000 -9999.000000 -9999.000000 -9999.000000 -9999.000000 -9999.000000 -9999.000000 -9999.000000 -9999.000000
0.031686 0.024421 0.027749 0.053992 0.118857 0.115450 0.037906 0.052651 0.067054 0.100013 0.028832 0.032799 0.025139 0.035021 0.255656 1.328925 3.331389 4.355637 4.336961 4.333217 3.325309 2.307506 1.355145 0.025321 0.208728 0.062408 0.085843 0.122227 0.123217 0.099910 0.055461 0.547018 0.555538 0.027519 0.032845 0.025582 1.017809 0.102260 0.037055 0.061797 0.033898 0.030113 -9999.000000 -9999.000000 -9999.000000 -9999.000000 -9999.000000 -9999.000000 -9999.000000 -9999.000000 -9999.000000 -9999.000000 -9999.000000 -9999.000000 -9999.000000 -9999.000000 -9999.000000 -9999.000000 -9999.000000
0.019401 0.027749 0.024513 0.053632 0.092873 0.159684 0.044182 0.067498 0.091529 0.061790 0.046896 0.032708 0.036627 0.239830 1.328277 2.335911 3.323060 4.326795 4.308259 3.259466 2.279125 1.293861 1.342250 1.360065 1.281336 0.127566 0.087887 0.129483 0.141263 0.022942 0.023566 0.056934 0.563627 0.035470 0.040292 0.027172 0.226828 0.160367 0.046347 0.036461 0.059517 0.018089 -9999.000000 -9999.000000 -9999.000000 -9999.000000 -9999.000000 -9999.000000 -9999.000000 -9999.000000 -9999.000000 -9999.000000 -9999.000000 -9999.000000 -9999.000000 -9999.000000 -9999.000000 -9999.000000 -9999.000000
0.035728 0.039238 0.030919 0.059090 0.075966 0.629017 0.630353 0.072162 0.113347 0.049644 0.051474 0.037589 0.055366 0.284956 1.338345 2.337450 3.342052 3.353428 2.261297 1.381693 1.359266 0.382993 0.391663 1.374004 1.303430 0.133102 0.091600 0.136928 0.154766 0.023506 0.027366 0.070739 0.542550 0.036691 0.029117 0.211973 1.256914 0.160743 0.047523 0.044673 0.021660 0.021660 -9999.000000 -9999.000000 -9999.000000 -9999.000000 -9999.000000 -9999.000000 -9999.000000 -9999.000000 -9999.000000 -9999.000000 -9999.000000 -9999.000000 -9999.000000 -9999.000000 -9999.000000 -9999.000000 -9999.000000
0.094993 0.086613 0.077217 0.069755 0.039039 0.709178 0.664813 1.698114 1.697016 0.743434 0.751832 0.736385 0.031241 0.348166 1.264470 1.315823 2.316533 3.270893 1.372125 1.384733 1.361838 0.401797 0.403498 1.350060 1.281545 0.127913 0.095505 0.146926 1.177529 0.152811 0.019309 0.072329 0.051519 0.044321 0.209124 1.240591 2.239806 0.163722 0.051185 0.045128 0.018089 -9999.000000 -9999.000000 -9999.000000 -9999.000000 -9999.000000 -9999.000000 -9999.000000 -9999.000000 -9999.000000 -9999.000000 -9999.000000 -9999.000000 -9999.000000 -9999.000000 -9999.000000 -9999.000000 -9999.000000 -9999.000000
0.101951 0.083702 0.075967 0.075965 0.017372 0.027476 0.547842 1.738822 1.770084 0.756964 0.767229 0.014396 0.484117 0.449497 0.350094 0.330770 0.333578 1.365420 2.471432 2.466239 1.433606 1.500652 1.497688 0.390685 0.328181 0.113786 0.085929 0.135580 0.148267 0.175365 0.194349 0.027570 0.034676 0.020850 0.190454 2.245229 3.246721 0.172695 0.063233 0.041908 0.044198 -9999.000000 -9999.000000 -9999.000000 -9999.000000 -9999.000000 -9999.000000 -9999.000000 -9999.000000 -9999.000000 -9999.000000 -9999.000000 -9999.000000 -9999.000000 -9999.000000 -9999.000000 -9999.000000 -9999.000000 -9999.000000
0.056221 0.122395 0.107588 0.040567 0.017372 0.034321 0.518081 1.730856 1.764279 1.755188 1.776259 0.695821 0.556373 0.559826 0.036348 0.041380 0.031157 0.500566 3.517068 3.520507 3.544732 3.538826 1.498957 0.360618 0.043450 0.043739 0.063286 0.026405 0.033088 0.034904 0.036691 0.017372 0.017372 0.038243 1.005358 3.234079 3.282669 0.202005 0.073020 0.045296 0.045937 -9999.000000 -9999.000000 -9999.000000 -9999.000000 -9999.000000 -9999.000000 -9999.000000 -9999.000000 -9999.000000 -9999.000000 -9999.000000 -9999.000000 -9999.000000 -9999.000000 -9999.000000 -9999.000000 -9999.000000 -9999.000000
0.057011 0.174350 0.147129 0.154105 0.037086 0.036170 0.053502 0.723091 0.752115 0.756470 1.762964 0.721784 0.044427 0.048981 0.061335 0.059768 0.043533 0.504721 3.454414 4.486624 4.480192 3.508421 1.498041 0.372219 0.054637 0.049431 0.055428 0.030205 0.033120 0.033119 0.027626 0.057012 0.050745 1.211317 3.218334 3.235014 2.231572 0.049400 0.088188 0.024330 0.024330 -9999.000000 -9999.000000 -9999.000000 -9999.000000 -9999.000000 -9999.000000 -9999.000000 -9999.000000 -9999.000000 -9999.000000 -9999.000000 -9999.000000 -9999.000000 -9999.000000 -9999.000000 -9999.000000 -9999.000000 -9999.000000
0.125555 0.184508 1.141198 0.125364 0.029334 0.039405 0.026543 0.068398 0.037814 0.775498 0.777644 0.027964 0.041168 0.735901 0.764872 0.726261 0.680142 0.606040 2.311864 3.463819 3.489509 3.489198 1.515787 0.418339 0.043787 0.044578 0.045209 0.019921 0.048828 0.036201 0.199025 1.220801 1.212338 2.241061 3.153884 2.237632 1.203770 0.061770 0.040287 0.029565 0.029565 -9999.000000 -9999.000000 -9999.000000 -9999.000000 -9999.000000 -9999.000000 -9999.000000 -9999.000000 -9999.000000 -9999.000000 -9999.000000 -9999.000000 -9999.000000 -9999.000000 -9999.000000 -9999.000000 -9999.000000 -9999.000000
1.155923 2.112270 3.141148 2.143844 0.120971 0.026787 0.024148 0.063762 0.763445 0.783297 1.799444 0.030671 0.739787 1.740539 1.775729 1.731951 1.686129 1.650066 1.520939 2.490713 2.525369 2.527919 2.567381 1.551649 0.393675 0.033653 0.028770 0.026909 0.253700 0.235080 1.248983 1.250268 1.242940 1.233628 2.203998 1.213705 0.069820 0.036446 0.057533 0.024330 0.024330 0.023202 -9999.000000 -9999.000000 -9999.000000 -9999.000000 -9999.000000 -9999.000000 -9999.000000 -9999.000000 -9999.000000 -9999.000000 -9999.000000 -9999.000000 -9999.000000 -9999.000000 -9999.000000 -9999.000000 -9999.000000
3.156291 4.139818 4.142054 4.128913 2.154128 0.089976 0.066841 0.064229 0.751451 1.766336 2.783161 1.812308 1.794938 2.760143 2.808040 1.718177 1.672892 1.689878 0.591110 1.463017 1.528664 1.537790 2.554544 2.536331 0.377395 0.168620 0.132998 0.189794 0.252480 0.279216 1.248809 1.249617 1.241698 1.230649 0.166023 0.035339 0.029472 0.046868 0.051780 0.034264 0.097756 0.066491 -9999.000000 -9999.000000 -9999.000000 -9999.000000 -9999.000000 -9999.000000 -9999.000000 -9999.000000 -9999.000000 -9999.000000 -9999.000000 -9999.000000 -9999.000000 -9999.000000 -9999.000000 -9999.000000 -9999.000000
