use_cases/Flooding_chicago/flooding_data/output/h_1920.asc
ncols 337
nrows 393
xllcorner 428428.000000
yllcorner 4602440.000000
cellsize 26.757400
NODATA_value -9999.000000
[rows 270 to 296 of 393, columns 59 to 117 of 337]
0.093728 0.108894 0.115197 0.059867 0.033821 0.035835 0.086280 0.047141 0.224557 0.040276 0.022590 0.022590 0.061241 0.040154 1.273337 2.280235 2.275978 1.278066 0.205242 0.017372 0.031696 0.325499 0.188529 0.033486 0.025581 0.033959 0.042182 0.042978 0.285174 2.426782 2.419242 1.438556 2.456981 2.409395 0.512916 0.564094 0.566879 0.536439 0.492196 0.485720 0.050052 0.105547 0.114729 0.090486 0.317890 0.290926 0.266390 1.331587 1.316176 1.309296 2.362633 2.349633 2.334504 1.378301 1.388683 1.383871 1.387246 1.378882 1.363646
0.052910 0.055199 0.061104 0.082009 0.034111 0.034721 0.060844 1.332851 1.322427 0.297403 0.054849 0.071969 0.066015 0.058999 1.261096 3.283022 3.280577 2.285151 0.240435 0.017372 0.026445 0.409736 0.058905 0.025704 0.033257 0.026878 0.036553 0.043082 0.277854 1.405657 2.444865 2.486443 2.461425 3.429640 1.287241 0.578683 0.605153 0.546711 0.484690 0.027870 0.014396 0.150241 0.150280 0.140431 0.115405 0.101260 0.053854 0.248695 0.218175 0.231876 1.226667 1.230781 1.364215 1.356058 1.361978 0.334941 0.308272 0.356273 0.428603
0.076012 0.073554 0.076164 0.085259 0.032525 0.032708 0.049995 1.342246 1.338661 0.297006 0.048902 0.063652 0.051156 0.045708 1.257976 3.272274 3.270697 2.280708 0.224502 0.148019 0.655015 0.602568 0.116079 0.027397 0.041466 0.033227 0.032723 0.049645 0.047189 0.064770 1.389374 2.442404 2.442024 3.398295 2.234076 1.649797 1.682018 0.515585 0.035567 0.018028 0.174750 0.172065 0.173800 0.171030 0.165978 0.164562 0.024926 0.025840 0.047943 0.030412 0.525583 0.525555 1.332303 0.409524 0.318407 0.037297 0.040583 0.049950 0.491775
0.069283 0.057579 0.057275 0.062842 0.025383 0.025444 0.041206 1.341029 1.336582 0.294153 0.044320 0.050149 0.350819 0.345664 2.267544 2.278733 0.237829 0.227040 0.211428 0.149101 1.644086 0.588721 0.125207 0.180660 0.035301 0.027168 0.033364 0.033211 0.039955 0.051886 0.091660 0.307874 1.427551 1.399060 1.369209 1.466150 1.564990 0.581060 0.056196 0.021003 0.163790 1.186181 1.191083 0.187664 0.186688 0.187568 0.031150 0.036083 0.021355 0.034245 0.618118 0.667106 0.631147 0.483201 0.040611 0.064156 0.014396 0.096267 0.507354
0.043176 0.079689 0.070870 0.070442 0.068102 0.030586 0.028344 1.339303 1.334085 0.291941 0.046021 0.058816 0.045739 0.033654 1.265631 0.215922 0.024834 0.027946 0.019447 0.156656 0.623719 0.078700 0.027687 0.034874 0.036506 0.053169 0.080952 0.049919 0.058342 0.032951 0.099084 0.141820 0.349587 0.339948 0.395526 0.648844 1.847349 1.896985 0.962935 0.018028 0.178882 0.181635 0.187674 0.188931 0.190537 0.190992 0.024926 0.025840 0.077109 1.011745 1.817944 1.922121 0.849630 0.045190 0.025703 0.026909 0.200792 0.178107 0.121526
0.056477 0.080253 0.272053 0.274199 0.079421 0.102730 0.211510 1.346462 1.336096 0.288293 0.047905 0.061730 0.058464 0.048654 0.029854 0.025826 0.029457 0.025002 0.237584 0.226697 0.186833 0.020180 0.017372 0.017372 0.038903 0.036155 0.047432 0.054192 0.048655 0.189424 0.208846 0.162191 0.356600 0.020347 0.053520 0.682554 1.931348 3.042811 3.028707 0.116122 0.159073 0.172242 0.185207 0.036353 0.044441 0.032997 0.134431 0.115500 1.073804 1.017651 1.776808 1.835569 0.853685 0.066300 0.033303 0.039374 0.026909 0.212318 0.163419
0.088570 0.058051 0.307212 0.311860 0.272683 0.155388 0.152658 0.231680 0.244288 0.031411 0.052696 0.059212 0.054374 0.035667 0.234543 0.255549 1.289919 1.296313 1.289752 0.249214 0.238346 0.250103 0.027229 0.033025 0.028160 0.112050 0.073225 0.107900 0.138744 0.216966 1.285827 1.322097 0.219130 0.023583 0.040844 0.075991 3.115085 6.160967 5.095708 1.147321 0.154535 0.158263 0.036598 0.059288 0.065865 0.047173 0.137214 0.122238 1.091592 1.080167 0.082272 0.070594 0.969698 0.086799 0.031471 0.033272 0.025688 0.218052 0.048204
0.061440 0.171294 0.221993 0.240290 0.251595 0.110438 0.099878 0.163050 0.164818 0.028252 0.039802 0.042625 0.034493 0.557693 0.170160 0.245524 1.289401 1.290330 1.287968 0.251267 0.236722 0.241467 0.185633 0.159748 0.140320 0.070340 1.182176 0.134457 0.173296 0.216884 1.276535 1.310644 0.225436 0.022590 0.022590 0.034188 3.025838 6.086341 5.040586 2.118215 1.116354 0.130169 0.046089 0.068901 0.082237 0.018089 0.137196 0.127841 1.117055 1.105888 1.141323 1.144269 1.076082 0.116549 0.020333 0.202619 0.201544 0.203740 0.054237
0.082131 0.889307 0.962422 0.955375 0.176094 0.179299 0.085824 0.070184 0.195581 0.035348 0.051368 0.064319 0.041037 0.547619 0.105064 0.025643 0.030296 1.296365 1.292302 0.248764 0.028054 0.024803 0.205433 0.193624 0.154322 0.076393 1.183413 0.151043 0.077682 0.078229 0.056032 0.047447 0.047034 0.022590 0.022590 0.029843 1.976071 5.076794 5.054816 2.133481 1.117216 0.128434 0.037208 0.060982 0.021660 0.021660 0.028967 0.116895 1.149041 2.176715 3.170889 2.170655 2.170347 1.166059 0.157289 0.193468 0.200225 0.173249 0.049797
0.917006 0.957930 0.982501 0.982576 0.123375 0.146707 0.145287 0.167306 0.260448 0.242566 0.092711 0.034111 0.472327 0.475928 0.071473 0.030220 0.050698 0.052788 0.051705 0.047020 0.044533 0.028450 0.203185 0.200237 0.014396 0.095177 0.152117 0.154537 0.081682 0.079921 0.057153 0.050397 0.014396 0.038139 0.038142 0.105837 2.086332 4.116374 4.065159 2.119541 1.089225 0.156548 0.136067 0.035851 0.018089 0.040611 0.027880 0.135092 1.150497 2.156550 3.158507 3.162852 3.167569 3.163743 2.153900 1.154276 1.161117 0.152529 0.023506
0.972590 0.936092 0.975127 0.048500 0.098891 0.109726 0.091469 0.587619 0.211511 0.282562 0.123477 0.021691 0.475020 0.469190 0.065730 0.126518 0.053169 0.072960 0.071525 0.060540 0.036750 0.181661 0.181694 0.164424 0.113849 0.048566 0.054894 0.093263 0.121480 0.193966 0.150113 0.129122 0.019309 0.036977 0.102428 1.150686 3.089020 4.078544 4.008167 3.126326 2.159934 2.161043 1.154139 0.116984 0.021374 0.149192 0.165314 0.158911 1.150064 2.158059 2.162719 3.152909 4.154679 4.157851 3.152087 2.163155 1.159361 1.157928 0.022942
0.943511 0.859813 0.023781 0.043266 0.062736 0.058301 0.520100 0.565982 0.631443 0.133657 0.231138 0.312579 0.406863 1.430581 0.273617 0.097160 0.057091 1.079413 1.079321 0.055615 0.211637 0.178614 0.163374 0.140176 0.092023 0.109064 0.082097 0.107859 0.113508 0.139125 0.253140 0.191919 0.139614 0.126618 1.143628 1.147485 2.108376 2.128006 2.078517 3.135801 3.138222 3.134192 2.147174 1.134800 0.127717 0.172035 0.169213 1.177352 2.178960 2.165406 2.168523 2.160587 3.162665 3.160810 2.160348 1.121943 0.194825 0.190302 0.029630
0.021476 0.489368 0.274988 0.244439 0.252908 0.276930 0.402401 0.405785 0.108289 0.169820 0.261519 0.321750 0.369627 0.371899 0.039146 0.037682 0.021492 0.074959 0.071267 0.057304 0.027856 0.132238 0.110573 0.092462 0.059671 0.072198 0.096172 0.059633 0.112118 0.112468 0.201106 1.056954 1.161520 1.168118 1.154765 1.154731 2.117770 2.139275 1.140055 2.092319 2.109636 3.150378 3.153545 2.135550 1.168277 1.173141 1.174676 2.178252 2.167262 2.162801 2.158433 1.147329 3.158808 2.154155 1.122337 0.218516 0.225644 0.237959 0.263375
0.043349 0.803906 0.737128 0.803720 0.151084 0.155233 0.862387 0.215736 0.077270 0.022942 0.023566 0.329332 0.288742 0.033958 0.037696 0.027397 0.036326 0.021308 0.051877 0.037575 0.064904 0.076363 0.280703 0.186649 0.455987 0.031975 0.092149 0.050087 0.054828 0.053002 0.176473 1.125329 2.160386 2.176214 2.169442 2.169320 3.170370 2.158463 1.152662 0.175747 1.170411 2.127912 3.150782 3.159002 2.172143 2.175397 2.176645 3.177252 2.167859 2.163067 1.162781 0.180521 2.194655 3.185455 2.149309 0.239796 0.255043 0.286931 1.391616
0.851325 0.915495 1.883242 0.925237 0.878943 0.885650 1.908267 0.819612 0.022118 0.023506 0.027366 0.265841 0.206256 0.046151 0.050285 0.032539 0.033944 0.059825 0.053611 0.091881 0.125803 0.049625 0.031700 0.102977 0.360626 0.200988 0.112073 0.169286 0.081520 0.098199 0.099007 1.136244 2.163774 2.174478 2.164332 2.165992 3.137141 2.155734 2.168457 0.183814 1.167519 1.166624 2.164443 3.145139 2.172080 2.173884 3.179729 3.175637 2.170557 2.167288 1.176010 1.182011 2.174558 3.176193 2.165033 1.123625 0.251298 0.271061 1.411664
1.917192 1.899187 1.934559 1.921440 1.924486 1.928061 1.927277 0.850135 0.034584 0.039543 0.019309 0.129741 0.419770 0.047172 0.049970 0.031959 0.032357 0.047386 0.067512 0.247340 0.074593 0.036217 0.017967 0.032372 0.029884 0.328838 0.249672 0.162631 0.219357 0.130420 0.188766 0.127803 0.157169 0.132625 0.136367 2.138082 2.106038 2.122276 2.126867 1.216722 1.174698 2.188071 2.173698 2.165985 2.174561 2.176270 3.176945 3.176189 2.170559 2.166915 1.173382 1.175833 2.166476 3.168786 2.152938 2.180466 1.137541 1.130598 0.299538
0.915924 1.924383 1.929841 1.932155 1.937735 1.941201 1.943737 1.919693 0.930630 0.052267 0.097759 0.186488 0.284155 0.041252 0.036843 0.025184 0.025307 0.033348 0.046806 0.179602 0.141825 0.036857 0.021034 0.017967 0.037605 0.024971 0.136146 0.104791 0.174652 0.097405 0.223601 0.213139 0.022590 0.022590 0.122327 1.167328 1.167636 1.168887 1.181387 1.199815 1.179311 2.159932 2.153011 2.165754 2.174180 3.181928 3.178040 3.178012 3.179953 2.171685 2.183362 1.178554 2.176844 2.163067 1.179833 2.201204 2.179676 1.117852 0.297743
0.911449 1.920033 1.921707 1.927477 1.933711 1.939120 1.943342 1.914943 0.940143 0.929315 0.821791 0.193424 0.185538 0.032843 0.050270 0.049812 0.046883 0.035729 0.045357 0.464483 0.530596 0.051163 0.030047 0.020302 0.029137 0.041161 0.151446 0.162314 0.120399 0.288672 0.244597 0.230610 0.022590 0.022590 0.100840 1.153953 1.173686 1.178491 1.192504 1.206683 1.187675 1.194001 1.189773 2.154243 2.171046 2.170822 3.181453 3.178016 3.176483 4.190320 3.186620 2.179116 2.167989 1.179939 2.188037 3.196351 3.184770 2.145520 0.196295
0.874525 1.917208 2.893905 2.912536 2.927599 2.922601 1.942111 1.918839 1.917099 0.942454 0.873088 0.139266 0.106883 0.038765 0.046806 0.046498 0.037240 0.061813 0.520072 2.631408 2.654454 0.472967 0.039668 0.021142 0.041941 0.040748 0.601755 0.089386 0.068924 0.270417 0.221378 0.159736 0.115002 0.439187 1.049674 1.209586 1.215436 1.216861 2.258361 1.227676 1.199363 1.206484 1.208985 0.188906 0.186520 1.179242 3.175344 4.178941 4.176997 4.171412 3.177089 1.181553 1.179215 1.173189 1.179346 3.195328 3.188574 2.154049 0.184890
1.810212 2.895933 2.918239 2.918390 1.932647 1.930644 1.949301 1.911277 1.924758 1.911124 0.918893 0.861803 0.119543 0.035607 0.051803 0.044228 0.073402 0.552843 1.662375 3.623164 3.699701 1.617450 0.432954 0.279922 0.163116 1.686365 0.673991 0.062964 0.341823 0.292376 0.173028 0.925689 0.922115 0.558823 1.055374 1.169958 1.183236 1.200661 2.195769 2.216738 1.189866 1.200176 1.197880 0.192831 0.186682 1.170508 2.157772 3.169279 3.160015 3.162785 3.171609 1.177351 1.172615 0.184237 1.191527 2.195705 2.188790 1.149895 0.208510
2.817633 1.843332 1.865141 0.909868 0.893011 0.036405 0.036561 0.895620 1.916481 1.917670 1.918076 1.926249 0.861246 0.058603 0.066147 0.077027 0.079472 0.587767 1.632161 2.614834 1.668568 1.649911 0.439488 0.278942 0.780538 0.737899 1.578946 0.541181 0.425473 0.321538 1.011392 1.011554 1.025120 0.036410 0.106615 0.024946 0.023585 1.107683 1.064412 1.066042 1.150523 1.181727 1.190312 2.207837 2.200065 2.205023 1.190602 2.169896 2.180856 2.185360 3.185673 2.192125 2.190874 1.197827 1.185609 2.192313 2.190607 0.046928 0.088196
2.834589 1.794685 0.750165 0.037012 0.039986 0.037431 0.039842 0.866427 0.850306 1.888937 1.889293 0.851133 0.902099 0.844732 0.797888 0.051565 0.052323 0.592763 1.604138 0.034415 0.040413 0.494994 0.339094 0.869296 0.887921 0.740857 1.554337 1.644167 0.451396 0.351322 0.202542 1.040010 0.060789 0.058976 0.042697 0.033515 0.025503 0.398094 0.435145 0.393733 0.298030 1.184171 1.207386 1.208126 2.189473 2.207431 1.192755 1.190206 2.180543 2.187379 3.186796 2.188450 2.188122 1.193446 1.182055 2.191554 2.189963 0.038934 0.017967
2.839954 1.775782 0.689366 0.567588 0.561363 1.540681 0.048707 0.058067 0.046198 0.930089 0.929324 0.038100 0.044324 0.033501 0.755631 0.752648 0.743743 0.694257 0.690263 0.030109 0.045906 0.032113 0.243025 0.894159 1.021679 0.025337 0.391810 0.437400 0.370612 0.304813 0.175114 1.038414 0.066749 0.063245 0.044242 0.738244 0.748269 0.600896 0.542231 0.469219 0.330431 1.183266 1.209934 1.205491 1.204012 2.198501 1.196940 1.193753 2.180889 2.188146 3.176642 2.187828 2.178077 1.191877 0.182491 1.190362 2.189417 0.037177 0.021034
1.763942 1.737542 1.667623 0.615650 0.596729 1.563223 0.067214 0.030204 0.040993 0.043465 0.040992 0.030205 0.067188 0.048882 0.770106 0.770839 0.757436 0.756010 0.019245 0.742663 0.042144 0.041503 0.196013 0.889700 1.003444 0.023365 0.324080 0.330414 0.302018 0.265842 0.906182 2.038962 0.062558 0.058063 0.035661 0.710754 0.723309 1.650514 0.586274 0.494931 1.152799 1.118645 1.154818 1.185651 1.194650 1.193540 1.191974 2.188622 2.183957 2.186831 2.187041 2.182015 1.190394 1.189115 0.178128 0.179668 1.126978 0.029930 0.041924
1.761063 1.751360 1.726577 0.623406 0.593911 1.557652 0.067388 0.039253 0.054680 0.058067 0.054680 0.039254 0.064554 0.763659 0.791521 0.778955 0.762525 0.770330 0.017608 0.748921 0.047639 0.056124 0.034996 0.060219 0.963110 0.018466 0.231450 1.089956 1.169009 0.204277 0.928925 2.049093 0.047376 0.042033 0.796912 0.782163 1.814289 0.716102 0.639136 0.569345 0.361762 0.236522 0.193308 0.173159 0.169074 1.190282 1.189091 2.185643 2.177569 2.186397 2.184273 1.189529 1.191380 1.193602 1.183311 0.221921 0.258948 0.338292 0.387920
1.766572 1.786338 1.701258 0.589947 1.404556 1.503386 0.041939 0.033165 0.052208 0.056724 0.052208 0.033165 0.752875 1.791857 1.779069 1.784408 0.755286 0.751655 0.752766 0.735344 0.061533 0.023826 0.023033 0.035550 0.045019 0.111784 1.127766 1.148057 1.190309 0.148692 0.068089 0.939838 0.926003 0.026533 0.778117 1.827558 1.809293 1.845913 0.699056 0.646939 0.049843 0.049338 0.056191 0.047883 0.031669 0.202270 0.201476 0.200702 1.153553 2.178881 2.179501 1.187155 2.204811 2.204642 2.188934 1.178847 1.195964 0.023705 0.025536
0.637801 0.613458 1.477549 1.391693 2.451085 2.461112 0.403456 0.042971 0.033302 0.040337 0.033303 0.093355 1.737555 1.773184 1.784410 1.789194 0.752942 0.751421 0.761618 0.737150 0.070504 0.028237 0.023690 0.048717 0.025154 0.114464 1.136856 1.129172 0.118818 0.086168 0.900088 0.932937 0.906735 0.876844 0.836185 1.795529 1.775479 1.798650 0.715368 0.084997 0.096036 0.022972 0.085870 0.067800 0.037131 0.204742 0.204537 0.203953 0.201795 1.193769 2.195465 2.199671 3.196552 3.193066 2.189192 2.191229 1.189341 0.025536 0.035713
