use_cases/Flooding_chicago/flooding_data/output/h_2040.asc
ncols 337
nrows 393
xllcorner 428428.000000
yllcorner 4602440.000000
cellsize 26.757400
NODATA_value -9999.000000
[rows 162 to 188 of 393, columns 118 to 176 of 337]
0.430105 0.034052 0.023507 0.022942 0.029955 0.087974 0.078389 0.975272 0.062540 0.017373 0.051154 0.031227 0.475147 2.542957 5.542745 5.575643 5.549118 5.502548 4.544887 3.508570 3.516868 2.384149 1.311606 1.319013 1.397960 1.381611 1.362912 1.288683 1.196324 1.028203 1.043473 0.196727 1.290465 3.327676 3.227839 3.272607 2.214579 0.169794 0.099127 0.141838 0.069879 0.046913 0.031975 0.020803 0.038520 0.038126 0.065536 0.121530 0.197576 0.113686 0.041085 0.049369 0.026802 0.039101 0.048927 0.443031 0.221918 0.062141 0.058175
0.378950 0.019309 0.027366 0.023567 0.037368 0.094241 0.085520 0.964791 0.020134 0.017373 0.034904 0.043783 1.619331 2.581899 5.576186 5.603148 4.563673 2.529648 0.368122 0.044321 0.045091 0.032361 0.047341 0.070320 0.071633 0.103217 0.113870 0.247820 0.212133 0.168090 0.045828 0.084921 0.188870 3.123689 3.141164 0.825718 0.043770 0.052574 0.072822 0.155274 0.084100 0.041191 0.026238 0.019309 0.029732 0.037179 0.098275 0.145316 0.163232 0.043921 0.043923 0.053713 0.037772 0.038627 0.045555 0.406546 0.431418 0.050942 0.051461
0.287743 0.031081 0.042412 0.042218 0.036516 0.031533 0.024897 0.052089 0.052597 0.055822 0.060697 0.563625 1.595221 2.601106 5.608938 5.631436 3.648569 0.411727 0.030051 0.032829 0.025703 0.025703 0.055900 0.069801 0.068260 0.102994 0.182869 0.226235 0.215690 0.112234 0.061235 0.066399 0.049710 0.515778 0.273444 0.083623 0.033425 0.029320 0.021264 0.234581 0.101719 0.043631 0.025321 0.014397 0.019309 0.056694 0.119211 0.142784 0.105139 0.039696 0.036583 0.043173 0.037163 0.046120 0.044197 0.420822 0.447407 0.061029 0.064011
0.716921 0.638944 0.630562 0.616023 0.067188 0.024487 0.023385 0.058788 0.567613 1.724764 1.750011 2.698968 3.715565 3.698213 5.600037 6.635860 4.689034 0.025290 0.021110 0.020179 0.017373 0.017373 0.085167 0.033134 0.030530 0.105507 0.177483 0.283700 0.282525 0.126916 0.056693 0.055336 0.039834 0.390542 0.355114 0.140997 0.020195 0.017967 0.021033 0.141503 0.134698 0.095726 0.095588 0.058403 0.062295 0.076468 0.147806 0.118347 0.076181 0.049720 0.022911 0.038826 0.039513 0.066199 0.041466 0.523903 0.550270 0.090324 0.053749
1.850047 3.858902 3.869855 2.869605 1.849803 0.792353 0.082886 0.696306 1.708530 2.718624 3.708354 3.722543 4.634769 5.684416 5.667557 4.650010 2.595145 0.508409 0.233228 0.178612 0.141746 0.165946 0.043756 0.045372 0.027794 0.027794 0.217108 0.340078 0.364398 0.029640 0.028953 0.041713 0.038826 0.373924 0.505895 0.289146 0.060478 0.031822 0.017967 0.185586 0.078223 0.130868 0.095162 0.052391 0.058434 0.051521 0.126350 0.070703 0.092612 0.052345 0.026405 0.038790 0.055733 0.086830 0.797287 0.485986 0.382026 0.059746 0.062065
2.847589 4.864828 4.872638 4.874947 4.868174 2.836436 1.887670 1.797054 2.731346 2.744585 2.744414 3.694963 3.711999 5.635327 5.641209 2.577174 0.128855 0.118399 0.119270 0.081215 0.038658 0.064492 0.076928 0.029137 0.022591 0.022591 0.035819 0.531929 0.533499 0.047463 0.024834 0.025398 0.044960 0.324898 0.458889 0.543372 0.588848 0.072256 0.105568 0.156594 0.054875 0.070960 0.103462 0.037620 0.050942 0.027149 0.074633 0.084113 0.116691 0.076927 0.049324 0.035820 0.063133 0.111054 0.725423 0.236381 0.058378 0.052956 0.046897
2.851583 3.865757 4.869592 5.870097 5.862719 4.821522 3.922487 2.800759 2.756749 2.754225 2.752791 3.708432 3.725306 5.623209 2.633080 0.118079 0.068061 0.121392 0.204713 0.154610 0.046349 0.034691 0.044930 0.034432 0.022591 0.022591 0.035149 1.705758 1.703973 0.050559 0.030830 0.032738 0.040275 0.078598 0.635000 0.669596 0.633461 0.166407 0.093437 0.052499 0.055717 0.047829 0.058555 0.035744 0.031943 0.040688 0.052894 0.038566 0.082680 0.063011 0.065361 0.051598 0.053184 0.045403 0.277122 0.378685 0.095270 0.068901 0.040017
3.857228 4.869968 4.872883 5.868279 5.864219 5.851734 5.930054 3.813321 3.798115 4.798891 4.818951 5.796530 5.846414 3.738808 1.691843 0.218582 0.221792 0.114633 0.172416 1.313516 0.035728 0.033180 0.054436 0.024361 0.277885 0.021781 0.694218 1.673833 1.676734 0.039085 0.026662 0.035027 0.061455 0.127053 0.591354 0.619285 0.607889 0.215149 0.130273 0.095215 0.083563 0.070662 0.049644 0.048652 0.026619 0.020439 0.049310 0.034172 0.067651 0.048196 0.035667 0.053536 0.044653 0.046839 0.213036 0.305564 0.091010 0.048530 0.035942
3.855203 7.859367 7.888433 6.872521 7.852002 7.846766 7.929373 5.809555 5.814955 4.783775 5.674139 6.685517 5.764323 2.699236 1.623995 0.202900 0.229991 0.276756 0.209311 1.314997 1.319191 0.042061 0.036384 0.018898 0.198631 0.142037 0.655420 1.656929 1.659107 0.591174 0.078972 0.030861 0.069436 0.160036 0.221270 0.246283 0.229285 0.247475 0.186331 0.135215 0.117606 0.104058 0.083604 0.059457 0.025458 0.018136 0.049689 0.035912 0.075692 0.020393 0.042595 0.035866 0.046302 0.091148 0.234491 0.308803 0.200387 0.040825 0.040723
6.809220 8.835990 8.866796 7.850958 7.848234 7.843970 7.874276 6.817791 5.815558 4.798368 4.798613 4.793608 3.790427 1.604110 0.053516 0.048814 0.078737 0.095773 0.195335 0.269142 2.363382 0.227255 0.095879 0.080529 0.027794 0.144877 0.658170 0.670493 0.569522 0.075601 0.038810 0.025338 0.055474 0.048454 0.191822 0.214745 0.176780 0.111066 0.193613 0.160357 0.137320 0.131371 0.115594 0.092903 0.068855 0.021965 0.022468 0.022484 0.021904 0.018287 0.029884 0.022331 0.034310 0.094094 0.140265 0.460564 0.082205 0.046120 0.026909
6.774203 7.859844 6.858464 5.869400 3.828155 4.829690 5.828515 5.790296 4.809659 3.790878 3.794237 3.794280 2.797797 0.059980 0.029425 0.029959 0.041389 0.045463 0.036537 0.021385 2.357336 1.263607 0.047287 0.036842 0.045280 0.038169 0.630306 0.596336 0.088844 0.041391 0.034981 0.038491 0.055155 0.051150 0.237602 0.254851 0.046275 0.063195 0.064004 0.094066 0.062721 0.078284 0.078420 0.131790 0.081216 0.079445 0.031746 0.044548 0.061805 0.058524 0.033349 0.061683 0.196236 0.155618 0.187916 0.185141 0.166727 0.054252 0.029289
6.825613 5.873354 3.906270 0.772117 0.066260 0.748035 3.389189 3.578208 2.636537 1.620471 2.673011 3.687599 2.540642 0.043755 0.026553 0.019601 0.028389 0.028389 0.019601 0.413383 1.324072 0.247996 0.050301 0.061729 0.030569 0.049843 0.176952 0.175118 0.099357 0.046791 0.035821 0.038840 0.044563 0.063561 0.149091 0.137797 0.065132 0.050871 0.048150 0.065961 0.072563 0.052213 0.047127 0.073860 0.055108 0.096138 0.108711 0.125694 0.044166 0.043267 0.075004 0.077873 0.077050 0.086723 0.052512 0.161402 0.167701 0.058476 0.038963
4.876398 3.911990 0.770934 0.017373 0.017373 0.331972 1.384743 0.282711 0.214529 0.295510 0.757811 1.744959 0.792895 0.091532 0.051445 0.035504 0.023903 0.023903 0.051704 1.437631 0.262277 0.069893 0.063454 0.039420 0.051201 0.032783 0.140602 0.176429 0.142111 0.035897 0.061012 0.069939 0.049400 0.054780 0.107720 0.081947 0.045647 0.038613 0.065299 0.069694 0.039513 0.061820 0.033012 0.049920 0.078087 0.112221 0.132682 0.144508 0.036583 0.036293 0.063027 0.118859 0.087868 0.057320 0.036720 0.044594 0.091758 0.027779 0.174965
3.861989 1.850829 0.097743 0.046373 0.046440 1.436373 2.448286 0.128167 0.014397 0.267372 0.241374 0.217530 1.029045 0.180403 0.037223 0.036277 0.031792 0.042899 0.052376 0.287177 0.117668 0.058769 0.054222 0.055321 0.038231 0.021233 0.037893 0.157387 0.280326 0.039650 0.072242 0.095055 0.043724 0.053963 0.104744 0.073433 0.039742 0.036842 0.054986 0.025185 0.032112 0.033501 0.036798 0.043114 0.052391 0.014397 0.112450 0.105338 0.026848 0.026771 0.078071 0.066262 0.027825 0.032173 0.029151 0.041558 0.055687 0.039177 0.245995
2.818069 0.740374 0.092905 0.048958 0.049096 1.365001 1.276221 0.270571 0.448064 0.395892 0.364045 1.399562 1.297329 0.318246 0.055918 0.060432 0.062905 0.070869 0.078896 0.062630 0.121020 0.052254 0.040778 0.046302 0.030327 0.020531 0.037864 0.032921 0.450551 0.529015 0.057349 0.103310 0.074349 0.108651 0.084587 0.031928 0.031578 0.017373 0.080315 0.024727 0.030586 0.026268 0.072589 0.072192 0.081266 0.031760 0.053428 0.112280 0.081639 0.040566 0.063408 0.070564 0.037695 0.014397 0.043145 0.041070 0.039924 0.038204 0.170526
0.695225 0.095591 0.037392 0.029152 0.029656 0.248098 1.115711 0.357072 1.552257 1.537139 2.482296 3.502667 3.485192 2.521084 1.475484 0.305975 0.074333 0.048338 0.032844 0.026802 0.140906 0.090722 0.059975 0.026665 0.041786 0.018440 0.029838 0.043282 0.421044 0.561636 0.074578 0.080955 0.095864 0.144294 0.128166 0.045646 0.039650 0.017373 0.057104 0.052802 0.049553 0.034173 0.069698 0.063286 0.056900 0.382214 0.036764 0.242661 1.073779 0.065630 0.059226 0.064064 0.048927 0.073555 0.052161 0.067375 0.043940 0.049811 0.125189
0.165421 0.157970 0.049674 0.042214 0.043830 0.309332 1.360539 1.414543 1.487295 2.527146 3.468665 5.489820 4.450485 2.502115 1.475372 0.365513 0.068825 0.043129 0.042519 0.054162 0.095527 0.151619 0.096137 0.108802 0.044761 0.022514 0.042106 0.051735 0.034570 0.557879 0.533653 0.135170 0.081140 0.126305 0.126167 0.059241 0.035209 0.027504 0.073167 0.054732 0.043925 0.508406 0.495220 1.526986 1.539212 1.494550 1.442304 2.416770 3.417872 2.430233 1.476781 0.042335 0.050163 0.021538 0.060967 0.066338 0.108899 0.147751 0.147927
0.163754 0.164387 0.050840 0.043144 0.048079 0.033105 1.358818 1.389063 2.540781 3.514148 4.469127 5.480064 4.449243 2.476923 1.419261 0.130593 0.036537 0.050148 0.054618 0.036340 0.031837 0.063637 0.093345 0.043205 0.059793 0.026313 0.018959 0.039788 0.465523 1.623141 0.515987 0.095787 0.034127 0.043221 0.054069 0.036111 0.036155 0.055006 0.513247 0.482112 1.569016 1.614395 1.599706 1.542803 0.452717 1.473975 2.446578 3.449981 4.439781 4.454672 2.423996 0.096916 0.054055 0.035256 0.032677 0.040352 0.044532 0.059334 0.065347
0.159429 0.159478 0.043464 0.029732 0.019309 0.035285 0.242423 1.369103 2.436551 4.476242 4.990616 4.465043 3.450108 0.399037 0.426602 0.248972 0.279125 0.042168 0.063026 0.048717 0.045449 0.042168 0.036339 0.039925 0.031623 0.019082 0.033272 0.033973 1.570017 0.572151 0.458732 0.040412 0.031090 0.023704 0.025536 0.064415 0.036415 0.047216 0.481865 1.592790 1.600864 1.617246 0.534767 0.051637 0.037623 1.480770 2.460740 4.453578 4.456320 3.470353 2.467477 0.086007 0.066384 0.045539 0.052392 0.034293 0.038018 0.085641 0.077537
1.170387 1.153661 0.032836 0.019309 0.014397 0.024361 0.037054 0.243997 1.255831 3.392746 4.438719 3.450551 2.428219 0.070076 0.132866 0.222952 0.222221 0.375349 0.290744 0.052787 0.047815 0.041802 0.031486 0.026619 0.039223 0.031761 0.036126 0.062782 0.540276 0.539376 0.042778 0.036949 0.040794 0.025536 0.035713 0.025536 0.067047 0.548522 0.532694 0.585883 0.563454 0.506919 0.051092 0.032677 0.030022 1.461811 2.474284 3.454000 3.455319 2.457954 0.302790 0.045722 0.037682 0.060753 0.062141 0.044868 0.056602 0.068001 0.054892
1.162637 1.156016 0.101909 0.036369 0.026848 0.023887 0.023200 0.134860 0.760473 1.261043 2.314182 1.415649 0.355135 0.071164 0.123541 0.176145 0.302029 0.386349 0.373091 0.182595 0.106913 0.034936 0.042107 0.024132 0.026618 0.039070 0.041618 0.042366 0.513465 0.537010 0.055503 0.038048 0.046379 0.070839 0.025536 0.023704 0.055025 0.576230 0.064513 0.129070 0.126918 0.106588 0.043373 0.055412 0.044869 0.061273 1.445125 3.465083 2.441255 0.306413 0.041038 0.045249 0.048424 0.067635 0.065957 0.047767 0.077454 0.056418 0.064050
1.166608 2.167244 0.097078 0.034828 0.026695 0.028069 0.217240 1.260297 1.124012 1.087884 0.216577 0.165394 0.044371 0.041224 0.063970 0.039819 0.254713 0.263749 0.280380 0.121303 0.182438 0.079856 0.037285 0.032142 0.023247 0.060524 0.041863 0.202674 0.323644 0.047813 0.072501 0.057091 0.032799 0.045419 0.035514 0.070368 0.042141 0.565138 0.022271 0.145028 0.166911 0.050759 0.074821 0.024910 0.024604 0.029030 0.035431 1.419468 2.445915 0.248361 0.047370 0.061440 0.053138 0.071258 0.065620 0.046532 0.041635 0.065696 0.063758
2.171128 2.165335 1.106583 0.155005 0.129383 0.207821 2.314022 2.334960 2.318957 1.214107 1.297002 0.199548 0.066928 0.058897 0.089123 0.043665 0.048949 0.053878 0.077684 0.086306 0.115734 0.120887 0.057046 0.037025 0.023858 0.061409 0.044167 0.405678 0.174476 0.042146 0.055763 0.041571 0.054421 0.043052 0.041542 0.039528 0.180835 0.034819 0.038704 0.052635 0.080955 0.082589 0.035728 0.031303 0.030251 0.030725 0.042834 0.235633 1.203600 1.129388 0.058920 0.020179 0.017373 0.017373 0.056908 0.036263 0.050376 0.040260 0.063300
2.172508 2.165422 1.114948 0.176441 0.153217 0.226894 2.290601 2.271756 2.281340 2.275823 2.305761 1.254404 0.084846 0.068946 0.055202 0.043117 0.051476 0.028871 0.017967 0.154229 0.164534 0.145275 0.045570 0.054517 0.021661 0.102363 0.132837 0.245140 0.191947 0.116234 0.057717 0.048470 0.051192 0.040901 0.066270 0.098009 0.113728 0.032341 0.039741 0.014397 0.120721 0.107997 0.049369 0.031364 0.025719 0.040154 0.033607 0.150980 1.163502 1.173464 0.109724 0.029945 0.040565 0.052345 0.027472 0.060158 0.042519 0.023538 0.027672
2.165894 2.158767 1.110812 0.132276 0.143204 0.210462 2.276574 1.286931 2.207034 2.198373 2.231593 1.224519 0.047255 0.055509 0.046883 0.063323 0.025704 0.017967 0.021033 0.157415 1.187758 1.174885 0.192561 0.037299 0.029793 0.122220 0.144769 0.216518 0.159751 0.163231 0.124307 0.042381 0.056480 0.031487 0.130761 0.071459 0.060052 0.068263 0.038185 0.066749 0.080061 0.028939 0.024147 0.030113 0.034386 0.056083 0.973978 0.959040 1.101428 1.096149 1.042368 0.034507 0.047173 0.038184 0.041099 0.041145 0.093208 0.023842 0.028145
2.135251 3.150992 2.078578 0.180558 0.098871 0.139127 1.095275 1.030497 1.000087 0.311123 1.163251 0.176377 0.076912 0.082848 0.056659 0.080704 0.025414 0.032920 0.028313 2.174064 3.152258 2.133400 0.211695 0.208577 0.027326 0.366917 0.456820 0.664587 0.707745 0.131861 1.154822 0.052239 0.054421 0.073912 0.113709 0.071686 0.060220 0.078912 0.057945 0.056343 0.043037 0.030784 0.023232 0.024452 0.064194 0.849392 2.018021 2.023054 2.054589 2.043512 1.054900 0.074997 0.097277 0.041894 0.054906 0.064820 0.076211 0.020424 0.046364
1.029320 3.135014 3.103788 0.108714 0.030220 0.029931 0.471154 0.566640 0.563179 0.509907 0.337850 0.094682 0.054145 0.108055 0.062915 0.092097 0.116388 0.139150 2.196333 3.194881 3.178015 2.108198 1.238340 1.248364 1.254397 1.113451 0.365264 0.024300 0.042365 0.090311 0.113474 0.083534 0.098015 0.129603 0.135787 0.150170 0.217179 0.096164 0.056450 0.062904 0.049218 0.046273 0.028160 0.028571 0.640349 0.758133 0.948352 1.015432 2.120648 2.073885 2.056494 1.034141 1.008162 0.901374 0.073013 0.097643 0.141267 0.036691 0.037071
