use_cases/Flooding_chicago/flooding_data/output/h_2040.asc
ncols 337
nrows 393
xllcorner 428428.000000
yllcorner 4602440.000000
cellsize 26.757400
NODATA_value -9999.000000
[rows 135 to 161 of 393, columns 236 to 294 of 337]
0.300292 0.066911 0.023507 0.022942 0.111881 0.145172 0.774253 1.043690 0.700524 0.659212 0.059989 0.070555 0.052392 0.035789 0.043237 0.024590 0.056526 0.052208 0.020974 0.029457 0.022194 0.352183 0.391764 0.040530 0.061133 0.078309 0.027947 0.017373 0.028420 0.028130 0.034675 0.036279 0.728960 1.849294 2.695051 2.754121 1.460123 1.415133 0.446657 0.054405 0.060356 0.045264 0.037895 0.033898 0.041160 0.017373 0.020134 0.058981 0.046166 0.041343 -9999.000000 -9999.000000 -9999.000000 -9999.000000 -9999.000000 -9999.000000 -9999.000000 -9999.000000 -9999.000000
0.020820 0.019309 0.027366 0.023567 0.167412 0.140558 0.621834 1.554860 0.458222 0.265579 0.045250 0.045936 0.048606 0.037132 0.026481 0.036522 0.034477 0.030678 0.020226 0.026771 0.330116 1.450281 1.474029 0.454324 0.489959 0.071159 0.085717 0.031959 0.042626 0.032982 0.046135 0.043667 0.787354 1.831527 1.650511 1.675824 0.575470 0.554720 0.145234 0.044518 0.047967 0.055336 0.050321 0.039695 0.040215 0.017373 0.039879 0.094278 0.084190 0.044229 -9999.000000 -9999.000000 -9999.000000 -9999.000000 -9999.000000 -9999.000000 -9999.000000 -9999.000000 -9999.000000
0.318354 0.313893 0.025880 0.179290 1.218464 1.228746 1.026978 1.873523 0.589949 0.084760 0.033074 0.040460 0.029091 0.021419 0.027062 0.014397 0.035225 0.027016 0.033028 0.049850 1.417572 2.453362 2.464329 1.468775 0.034189 0.059700 0.057559 0.046719 0.050865 0.020684 0.034187 0.039611 0.883891 1.929895 0.863413 0.711713 0.201479 0.280031 0.286874 0.047446 0.049370 0.030922 0.052192 0.032447 0.028663 0.033912 0.028633 0.049369 0.075035 0.051566 -9999.000000 -9999.000000 -9999.000000 -9999.000000 -9999.000000 -9999.000000 -9999.000000 -9999.000000 -9999.000000
2.375540 1.358461 1.332263 2.306595 2.319468 2.297441 2.279396 2.181367 0.185648 0.116720 0.033577 0.041725 0.030446 0.038414 0.030831 0.035362 0.042319 0.032449 0.056378 1.367034 2.463544 3.458514 3.462260 1.468410 0.035532 0.035346 0.081248 0.961524 0.047762 0.046814 0.052011 0.032793 0.954557 1.992436 0.937447 0.269328 0.312498 0.388569 1.445930 0.045849 0.036201 0.043694 0.033745 0.043479 0.046614 0.037054 0.031177 0.050622 0.095556 0.062509 0.038459 -9999.000000 -9999.000000 -9999.000000 -9999.000000 -9999.000000 -9999.000000 -9999.000000 -9999.000000
3.361881 4.374430 4.399595 5.360170 4.388647 3.335713 3.362380 2.258067 0.328918 0.284403 0.547813 0.771633 0.896027 0.111435 0.039712 0.057015 0.064721 0.051113 1.414440 3.436839 4.464293 3.430088 3.444700 2.417288 1.215805 1.146830 1.064562 0.947999 0.707487 1.045535 1.179282 1.184070 3.129470 2.117128 1.055279 0.327013 0.363084 1.498123 3.470568 1.423908 0.318187 0.098095 0.044853 0.077507 0.028450 0.064556 0.049843 0.038735 0.076882 0.063149 0.260442 -9999.000000 -9999.000000 -9999.000000 -9999.000000 -9999.000000 -9999.000000 -9999.000000 -9999.000000
5.238725 6.345323 5.362057 5.334599 5.363038 3.310325 3.300908 2.226571 0.336599 0.322116 0.291057 0.040409 1.035250 1.122682 0.174642 0.045617 0.044990 0.334660 1.418405 3.414935 4.430689 3.415563 3.428390 2.415447 1.205023 1.113261 1.023492 0.909464 0.681367 1.001229 2.151228 2.212970 4.158634 3.203568 2.141244 1.338611 1.350450 2.425752 4.408572 3.383307 1.325192 0.153189 0.218045 0.068535 0.040032 0.082185 0.070431 0.045462 0.341692 0.344570 0.385464 -9999.000000 -9999.000000 -9999.000000 -9999.000000 -9999.000000 -9999.000000 -9999.000000 -9999.000000
4.307791 4.402640 2.133739 2.151507 2.151220 2.220027 1.017696 0.972875 0.200001 0.049142 0.042930 0.025627 0.027901 1.200766 1.259672 0.372888 0.399417 1.452390 1.441116 3.441303 4.445804 4.440561 2.430336 1.445299 0.295444 0.207111 0.138927 0.078876 0.470927 0.993110 2.120519 2.158825 3.091208 3.138379 0.949939 0.222069 0.222372 1.307888 3.372011 2.392356 0.240310 0.097718 0.028861 0.017373 0.056861 0.541289 1.700597 0.611606 0.502147 0.256876 0.172534 -9999.000000 -9999.000000 -9999.000000 -9999.000000 -9999.000000 -9999.000000 -9999.000000 -9999.000000
3.406650 0.273244 0.029768 0.021507 0.050847 0.113147 0.091316 0.041710 0.061638 0.049277 0.040657 0.023795 0.042595 0.258364 1.382438 1.439823 1.442162 2.466775 2.470882 3.445167 4.455759 3.448163 2.438806 0.387813 0.020803 0.017373 0.017373 0.021919 0.019853 1.003597 2.117185 2.123699 0.989777 0.077625 0.038678 0.025018 0.037450 0.405155 0.460227 0.057485 0.068841 0.020988 0.033637 0.017373 0.044394 1.675815 1.705285 1.717625 0.632208 0.032274 0.044070 -9999.000000 -9999.000000 -9999.000000 -9999.000000 -9999.000000 -9999.000000 -9999.000000 -9999.000000
2.202950 0.040962 0.018318 0.022895 0.059874 0.086432 0.073219 0.043007 0.054222 0.039177 0.045906 0.022453 0.021782 0.033264 1.323227 2.458281 2.456216 2.459817 2.458933 3.451375 4.458726 4.463276 2.441079 0.452225 0.473226 0.464328 0.049401 0.086099 0.266500 0.184227 2.177801 2.153158 0.066697 0.045846 0.025210 0.031853 0.026421 0.616532 0.031054 0.070234 0.045620 0.453310 0.455055 0.020179 0.606839 0.524319 0.508727 0.558304 0.573417 0.037591 0.030663 -9999.000000 -9999.000000 -9999.000000 -9999.000000 -9999.000000 -9999.000000 -9999.000000 -9999.000000
1.005234 0.062533 0.052162 0.025825 0.119988 0.091698 0.036689 0.040229 0.030357 0.032937 0.030236 0.040214 0.048945 0.046228 0.350064 2.450664 3.460045 2.461817 2.459811 3.419653 4.433816 4.436462 2.442768 0.418276 0.440256 0.450109 0.077053 0.039364 0.113381 0.080158 1.098232 0.062027 0.067010 0.082281 0.026420 0.037728 0.032465 0.841006 0.064199 0.051880 0.072823 0.401872 0.416952 0.364355 0.206295 0.134979 0.025920 0.053860 0.587823 0.047601 0.043313 -9999.000000 -9999.000000 -9999.000000 -9999.000000 -9999.000000 -9999.000000 -9999.000000 -9999.000000
0.278637 0.059440 0.057610 0.037407 0.045907 0.046959 0.032723 0.027824 0.029396 0.018029 0.037698 0.045112 0.061409 0.045394 1.459455 2.455204 3.451042 2.461056 2.461085 2.457544 3.456990 3.435473 1.434004 0.051767 0.070318 0.118833 0.144233 0.017373 0.115384 0.085647 0.150637 0.053108 0.053045 0.101398 0.153183 0.021737 1.135514 2.092489 2.123339 0.095728 0.056846 0.069700 0.061885 0.064450 0.069400 0.036827 0.034141 0.045265 0.041160 0.076882 0.059624 -9999.000000 -9999.000000 -9999.000000 -9999.000000 -9999.000000 -9999.000000 -9999.000000 -9999.000000
0.080931 0.099141 0.070884 0.037072 0.046822 0.049659 0.039695 0.028038 0.030175 0.021003 0.028282 0.032784 0.285697 0.419143 1.456143 2.460408 2.457786 2.461678 2.463972 2.463832 3.466799 2.458418 0.355896 0.023980 0.026345 0.186336 0.189676 0.017373 0.180814 0.151822 0.097718 0.031788 0.041449 0.031662 0.125509 0.959106 3.129909 4.124821 4.112715 1.130584 0.092558 0.031410 0.044518 0.043771 0.050453 0.022255 0.060251 0.033775 0.036125 0.031258 0.040932 -9999.000000 -9999.000000 -9999.000000 -9999.000000 -9999.000000 -9999.000000 -9999.000000 -9999.000000
0.140185 0.088478 0.103875 0.021613 0.446893 0.443950 0.036004 0.047035 0.033316 0.018029 0.033028 0.042609 0.296668 1.451390 1.458787 2.457166 2.457403 2.457427 3.497979 3.501121 3.475574 2.468692 0.343720 0.025948 0.036053 0.159371 0.171893 0.229591 1.225092 1.192828 0.053721 0.035872 0.024788 0.024559 0.033378 0.889319 3.126177 5.130249 4.144400 2.165771 0.104441 0.021919 0.036826 0.025887 0.033118 0.029624 0.037498 0.030586 0.033241 0.035744 -9999.000000 -9999.000000 -9999.000000 -9999.000000 -9999.000000 -9999.000000 -9999.000000 -9999.000000 -9999.000000
0.183328 0.167396 0.188515 0.294950 0.405405 0.396009 0.096504 0.068855 0.059883 0.028419 0.025917 0.042228 0.303203 0.450910 1.442754 1.431816 1.434994 1.429619 3.480373 3.478880 3.475126 2.469167 0.336224 0.078705 0.052956 0.022438 0.033103 0.188447 0.210747 0.156867 0.036267 0.020439 0.031456 0.014397 0.024814 0.072096 3.155677 5.118071 4.134850 3.115216 1.047994 0.035774 0.029015 0.028175 0.017373 0.017373 0.020179 0.035469 0.045387 -9999.000000 -9999.000000 -9999.000000 -9999.000000 -9999.000000 -9999.000000 -9999.000000 -9999.000000 -9999.000000 -9999.000000
0.103339 0.146965 0.155922 0.234918 0.049461 0.088279 0.116677 0.069679 0.059395 0.029039 0.036837 0.045738 0.056495 0.428905 0.463582 0.472685 0.474755 0.483003 3.488206 4.510274 3.487736 2.484108 0.347088 0.040290 0.071190 0.024467 0.025353 0.054953 0.065347 0.062939 0.066752 0.029731 0.039818 0.033516 0.025449 0.068061 3.130187 5.092446 4.113461 2.137987 1.106918 1.135165 0.117819 0.035062 0.025703 0.025703 0.035408 -9999.000000 -9999.000000 -9999.000000 -9999.000000 -9999.000000 -9999.000000 -9999.000000 -9999.000000 -9999.000000 -9999.000000 -9999.000000 -9999.000000
0.053931 0.036797 0.035923 0.024316 0.025932 0.035561 0.019692 0.027306 0.043495 0.049774 0.021919 0.038613 0.075615 0.049277 0.473766 0.478633 0.483477 1.526912 4.509650 5.525701 4.530455 2.498449 0.034993 0.021050 0.019996 0.029777 0.034675 0.021005 0.098518 0.083594 0.048777 0.425620 0.487080 0.396359 0.394702 1.895844 3.108365 3.088003 2.123123 1.126427 1.099649 0.113460 0.151429 0.183755 0.030540 0.030540 -9999.000000 -9999.000000 -9999.000000 -9999.000000 -9999.000000 -9999.000000 -9999.000000 -9999.000000 -9999.000000 -9999.000000 -9999.000000 -9999.000000 -9999.000000
0.039818 0.031685 0.019401 0.025931 0.068215 0.030098 0.044838 0.054237 0.063942 0.067391 0.030128 0.027596 0.044227 0.023415 0.458218 1.505524 2.512963 2.522916 4.478572 5.488553 4.488209 3.486603 0.043435 0.038566 0.047143 0.037834 0.020897 0.130269 0.118216 0.092376 0.530346 1.555346 0.521735 0.508113 0.434218 0.911804 2.131842 1.130731 0.117281 0.102524 0.094498 0.027010 0.022720 0.018478 -9999.000000 -9999.000000 -9999.000000 -9999.000000 -9999.000000 -9999.000000 -9999.000000 -9999.000000 -9999.000000 -9999.000000 -9999.000000 -9999.000000 -9999.000000 -9999.000000 -9999.000000
0.031685 0.024421 0.027748 0.053993 0.118782 0.115237 0.037906 0.052651 0.067054 0.100013 0.028832 0.032799 0.025139 0.034951 0.409734 1.494532 3.499568 4.526789 4.505366 4.500267 3.492344 2.471510 1.523569 0.028359 0.318296 0.062514 0.086039 0.122600 0.123715 0.100909 0.056448 0.554607 0.563777 0.027534 0.032859 0.025582 1.063523 0.114817 0.036931 0.061344 0.033898 0.030113 -9999.000000 -9999.000000 -9999.000000 -9999.000000 -9999.000000 -9999.000000 -9999.000000 -9999.000000 -9999.000000 -9999.000000 -9999.000000 -9999.000000 -9999.000000 -9999.000000 -9999.000000 -9999.000000 -9999.000000
0.019401 0.027748 0.024514 0.053632 0.092844 0.170656 0.044182 0.067497 0.091529 0.061790 0.046896 0.032708 0.036628 0.389028 1.496651 2.501557 3.490454 4.492246 4.470487 3.417496 2.442026 1.453180 1.507604 1.527069 1.448581 0.128534 0.088049 0.129741 0.141519 0.022942 0.023567 0.058839 0.572182 0.035515 0.040310 0.027184 0.239975 0.170722 0.046327 0.036461 0.059517 0.018088 -9999.000000 -9999.000000 -9999.000000 -9999.000000 -9999.000000 -9999.000000 -9999.000000 -9999.000000 -9999.000000 -9999.000000 -9999.000000 -9999.000000 -9999.000000 -9999.000000 -9999.000000 -9999.000000 -9999.000000
0.035729 0.039237 0.030919 0.059090 0.075951 0.713934 0.718807 0.072418 0.114373 0.049644 0.051474 0.037589 0.055839 0.426531 1.503664 2.504376 3.509248 3.519528 2.426577 1.545354 1.522541 0.549726 0.563297 1.547260 1.479215 0.134315 0.091714 0.137097 0.154919 0.023507 0.027366 0.072084 0.548509 0.036807 0.029151 0.223207 1.269069 0.168523 0.047520 0.044676 0.021660 0.021660 -9999.000000 -9999.000000 -9999.000000 -9999.000000 -9999.000000 -9999.000000 -9999.000000 -9999.000000 -9999.000000 -9999.000000 -9999.000000 -9999.000000 -9999.000000 -9999.000000 -9999.000000 -9999.000000 -9999.000000
0.094993 0.086613 0.077217 0.069756 0.039040 0.818836 0.767142 1.811939 1.807749 0.863861 0.872072 0.851733 0.031375 0.492397 1.435549 1.465665 2.468310 3.423368 1.530759 1.544875 1.522700 0.561444 0.566424 1.515337 1.445820 0.130409 0.095585 0.147042 1.177636 0.152871 0.019309 0.073178 0.052667 0.044650 0.219352 1.252628 2.251586 0.171267 0.051170 0.045128 0.018088 -9999.000000 -9999.000000 -9999.000000 -9999.000000 -9999.000000 -9999.000000 -9999.000000 -9999.000000 -9999.000000 -9999.000000 -9999.000000 -9999.000000 -9999.000000 -9999.000000 -9999.000000 -9999.000000 -9999.000000 -9999.000000
0.101951 0.083703 0.075966 0.075965 0.017373 0.027835 0.652467 1.852157 1.878433 0.873823 0.884016 0.014397 0.589251 0.573406 0.514337 0.521634 0.521389 1.527686 2.636316 2.628769 1.594945 1.664236 1.663677 0.557258 0.530388 0.120707 0.085978 0.135666 0.148339 0.175420 0.194391 0.027565 0.034649 0.020836 0.199827 2.257282 3.258929 0.180493 0.063181 0.041909 0.044198 -9999.000000 -9999.000000 -9999.000000 -9999.000000 -9999.000000 -9999.000000 -9999.000000 -9999.000000 -9999.000000 -9999.000000 -9999.000000 -9999.000000 -9999.000000 -9999.000000 -9999.000000 -9999.000000 -9999.000000 -9999.000000
0.056220 0.122063 0.106961 0.040566 0.017373 0.035173 0.605596 1.841604 1.873248 1.870628 1.893694 0.802963 0.653786 0.670001 0.039778 0.049046 0.048249 0.650504 3.687168 3.686766 3.713977 3.707772 1.664596 0.525109 0.046826 0.043741 0.063307 0.026406 0.033088 0.034905 0.036690 0.017373 0.017373 0.038255 1.018549 3.246382 3.294436 0.209747 0.072991 0.045295 0.045936 -9999.000000 -9999.000000 -9999.000000 -9999.000000 -9999.000000 -9999.000000 -9999.000000 -9999.000000 -9999.000000 -9999.000000 -9999.000000 -9999.000000 -9999.000000 -9999.000000 -9999.000000 -9999.000000 -9999.000000 -9999.000000
0.056383 0.232019 0.219363 0.244550 0.037125 0.036357 0.084139 0.824653 0.863077 0.874376 1.871790 0.826823 0.046263 0.051745 0.065666 0.067479 0.061827 0.636246 3.625135 4.645428 4.631724 3.670121 1.662215 0.536265 0.054936 0.049440 0.055428 0.030205 0.033120 0.033118 0.027626 0.057048 0.050767 1.222971 3.230047 3.246983 2.243386 0.049404 0.088173 0.024330 0.024330 -9999.000000 -9999.000000 -9999.000000 -9999.000000 -9999.000000 -9999.000000 -9999.000000 -9999.000000 -9999.000000 -9999.000000 -9999.000000 -9999.000000 -9999.000000 -9999.000000 -9999.000000 -9999.000000 -9999.000000 -9999.000000
0.207087 0.275684 1.272303 0.237808 0.029351 0.039476 0.026558 0.077082 0.040308 0.898100 0.900807 0.028255 0.042335 0.877876 0.911410 0.870975 0.824861 0.749425 2.485222 3.627392 3.654850 3.653926 1.680553 0.584703 0.043819 0.044578 0.045220 0.019920 0.048828 0.036201 0.209465 1.232412 1.223938 2.252832 3.165415 2.249701 1.215661 0.061805 0.040280 0.029564 0.029564 -9999.000000 -9999.000000 -9999.000000 -9999.000000 -9999.000000 -9999.000000 -9999.000000 -9999.000000 -9999.000000 -9999.000000 -9999.000000 -9999.000000 -9999.000000 -9999.000000 -9999.000000 -9999.000000 -9999.000000 -9999.000000
1.286340 2.265391 3.272640 2.275894 0.235225 0.026803 0.024162 0.085330 0.887336 0.913263 1.934816 0.030767 0.882535 1.885206 1.921455 1.878452 1.835730 1.798358 1.680169 2.653589 2.686039 2.685649 2.731711 1.717870 0.550198 0.033654 0.028770 0.026910 0.262190 0.244660 1.261056 1.262020 1.254709 1.245339 2.215837 1.225737 0.069771 0.036446 0.057533 0.024330 0.024330 0.023202 -9999.000000 -9999.000000 -9999.000000 -9999.000000 -9999.000000 -9999.000000 -9999.000000 -9999.000000 -9999.000000 -9999.000000 -9999.000000 -9999.000000 -9999.000000 -9999.000000 -9999.000000 -9999.000000 -9999.000000
3.288778 4.270419 4.274240 4.262563 2.287308 0.189021 0.148227 0.121190 0.871569 1.911200 2.926953 1.958796 1.938202 2.903793 2.953400 1.864226 1.821621 1.836625 0.746596 1.626480 1.698139 1.706744 2.722101 2.710715 0.529172 0.177298 0.137108 0.195789 0.261490 0.289215 1.260820 1.261320 1.253381 1.241721 0.174301 0.035295 0.029473 0.046867 0.051780 0.034264 0.097756 0.066491 -9999.000000 -9999.000000 -9999.000000 -9999.000000 -9999.000000 -9999.000000 -9999.000000 -9999.000000 -9999.000000 -9999.000000 -9999.000000 -9999.000000 -9999.000000 -9999.000000 -9999.000000 -9999.000000 -9999.000000
