use_cases/Flooding_chicago/flooding_data/output/h_2040.asc
ncols 337
nrows 393
xllcorner 428428.000000
yllcorner 4602440.000000
cellsize 26.757400
NODATA_value -9999.000000
[rows 189 to 215 of 393, columns 59 to 117 of 337]
0.040855 0.279077 0.033074 0.033836 0.081367 0.056207 0.130074 0.470193 1.637660 0.629952 0.068307 0.044364 0.042290 1.347084 1.357663 1.335187 1.379005 2.304559 2.260759 2.274447 1.294738 0.209599 0.022015 0.106465 0.079122 0.817545 0.828688 0.899164 0.040627 0.040725 0.340835 0.039260 0.014397 0.267461 2.337230 2.344670 2.346257 2.347340 2.341197 4.322097 5.336190 6.352807 5.359873 5.378685 5.355186 5.305352 6.299834 6.325543 4.326660 2.295706 1.262253 1.229757 2.141433 3.173620 4.169040 4.185348 3.189579 2.197284 0.156664
0.339885 0.131353 0.124966 0.021079 0.076973 0.062232 0.035195 0.035529 0.471137 0.505456 0.031441 0.044411 0.062105 1.319229 2.351994 2.355280 2.346382 2.381933 3.315897 3.344492 2.316532 1.250249 1.191026 1.162494 1.129392 2.011649 0.988501 1.054762 0.063153 0.053347 0.045635 0.018445 0.023692 0.022750 0.268113 1.326762 2.336708 2.340830 3.314125 5.318233 6.331146 6.338745 6.350658 5.305540 5.278807 6.308393 7.295434 6.310400 4.316919 1.303926 0.245434 0.178475 1.107324 1.052201 2.140001 2.142701 2.122691 1.083149 0.098334
0.259942 0.247247 0.060631 0.049812 0.059898 0.046760 0.031077 0.041725 0.332984 0.292138 0.208388 0.229299 1.309197 2.328469 2.346792 2.340798 3.304531 3.319304 4.298634 4.337467 3.253505 3.260090 4.253014 3.185935 3.218470 2.029603 3.068987 2.065113 0.774714 0.631740 1.223163 2.444751 1.515125 0.382489 0.353685 2.331124 2.339532 3.325037 5.330532 7.318551 6.332144 6.337038 5.357000 4.357053 3.346828 6.300240 6.308897 6.317128 4.320577 2.329401 0.261886 0.028877 0.048443 0.038236 0.117294 0.138397 0.195369 0.305450 0.186491
0.461374 0.482906 0.058967 0.081093 0.028785 0.073555 0.063484 0.037072 0.177787 0.398913 0.302226 1.314388 2.337926 3.332495 3.355438 3.337703 3.342685 4.325497 4.347596 4.362773 3.289711 3.263345 3.277690 2.144839 2.117490 2.922952 3.085651 1.863927 1.449438 2.124847 3.361055 5.452410 3.526687 1.356267 1.362270 2.318018 3.333979 4.333824 5.333214 7.325342 6.340214 6.336554 5.371160 4.372358 3.356109 6.301669 6.318921 6.325012 5.337864 3.338666 1.276748 0.029695 0.021675 0.036003 0.049324 0.028359 0.026954 0.229109 2.380638
0.331982 0.321147 0.192896 0.050164 0.035176 0.081245 0.029777 0.057549 0.151930 0.317408 1.323704 2.338228 2.353738 4.348603 3.358512 4.343253 4.354372 4.364884 5.371399 3.378341 2.325813 2.340666 1.247886 1.082933 1.033615 1.838931 1.978212 0.804851 1.278140 2.367210 4.370329 4.518488 2.438967 2.367265 2.372844 2.366260 3.318878 4.334182 5.336591 6.327804 6.362268 5.365893 5.391688 4.371829 5.401652 6.236139 6.316185 6.335516 5.342272 4.350444 3.355023 1.229479 0.033537 0.034229 0.028420 0.043235 0.036630 0.286757 4.382201
0.186984 0.396468 0.311507 0.183479 0.118365 0.108388 0.031300 0.033028 0.093345 0.280558 1.358328 2.345995 3.356642 4.341624 4.375496 4.353095 4.362128 5.367753 5.381613 2.359949 2.343646 2.351548 1.341694 0.305520 0.279885 0.250656 0.206550 0.133735 0.352319 3.365067 4.388402 4.436670 2.407229 2.387164 2.374444 3.323876 3.349715 4.315541 5.330619 6.325145 6.358735 5.362791 5.354554 4.304915 5.280906 4.263908 4.292516 4.309621 3.313956 3.306048 2.294496 1.189797 0.409691 0.074042 0.028846 0.044777 0.040428 0.302587 4.387198
0.107140 0.266526 0.223963 0.540486 0.502676 0.339251 0.282669 0.040456 0.048133 0.314515 1.360019 1.356416 2.353419 3.347934 4.362925 4.350481 4.359879 5.370080 4.377667 2.356663 2.340986 2.341391 1.321072 0.304494 0.244626 0.211693 0.168965 0.119944 0.383619 3.410025 4.403674 4.434103 2.440092 1.364073 2.333430 3.339685 2.326522 2.328726 2.328912 4.307190 4.335856 5.301558 4.329443 3.261013 3.279299 2.243288 2.272001 2.285192 0.211824 0.035561 0.038897 0.034849 0.561795 0.630202 0.039743 0.032372 0.014397 0.024285 4.371397
0.129406 0.603350 0.659333 0.599551 0.537134 1.186952 2.344491 1.384528 0.352569 0.349253 1.360464 1.353996 2.352045 3.346401 4.351239 4.348644 4.359001 3.368869 3.372939 2.360591 2.349586 1.340636 0.244930 0.221810 0.044700 0.066902 0.043852 0.103934 1.363440 2.404269 3.390106 3.431706 1.416820 1.366921 1.355667 0.226928 0.047789 0.034103 0.035626 0.191416 1.163969 2.180113 3.162000 2.295072 2.142609 1.214558 1.236799 0.167828 0.040049 0.028871 0.017967 0.026604 0.077652 0.729363 0.174680 0.057380 0.024285 0.023399 1.352761
0.125584 0.626540 0.691420 0.618774 0.524445 1.253160 2.367331 2.411220 1.377694 1.371385 1.381683 1.364715 3.360135 3.357101 3.372330 4.353590 3.364722 3.375321 2.376882 2.371981 1.354083 0.299153 0.032019 0.040540 0.056602 0.078162 0.046822 0.043617 0.194417 0.228266 0.036972 0.041102 2.452231 1.352597 0.044209 0.031350 0.026893 0.026116 0.022864 0.032579 0.516544 1.547845 2.469943 2.467822 1.474574 0.031396 0.035368 0.019905 0.022118 0.017967 0.021033 0.029457 0.022480 0.243764 1.401286 2.475382 1.461250 0.317798 0.017373
0.174281 0.098429 0.063756 0.039147 0.450665 1.292726 2.376313 2.398035 2.404236 1.378619 1.384083 2.326982 4.358269 4.362994 3.374021 3.354793 3.368084 2.371044 2.371975 1.358885 0.270617 0.032646 0.036705 0.017967 0.033973 0.150078 0.026221 0.027108 0.044166 0.037301 0.028892 0.048957 0.255312 0.049332 0.034050 0.018028 0.021003 0.018029 0.034156 0.042937 1.735484 2.749765 3.714887 3.708544 2.677345 0.776695 0.740524 0.042976 0.043879 0.029366 0.030220 0.045080 0.204739 1.296028 3.316324 3.387038 3.347034 1.301205 0.017373
0.060844 0.092532 0.060087 0.042747 0.028223 0.290887 1.380180 2.403529 1.383238 1.385847 0.371180 2.311283 3.333271 4.340487 3.319133 2.329505 1.348781 0.278132 0.269121 0.247982 0.050650 0.043724 0.017967 0.021033 0.057351 0.049355 0.018197 0.021614 0.021706 0.021506 0.038155 0.046745 0.026740 0.033531 0.033485 0.035026 0.028756 0.032783 0.633598 1.774468 3.788419 3.781112 4.757849 4.685934 3.708547 2.775219 1.737181 0.543880 0.042242 0.027518 0.027763 0.125885 1.156188 2.199496 3.289648 3.148259 2.064978 0.202675 0.025542
0.038887 0.048057 0.118848 0.129524 0.023003 0.018349 0.321168 1.372761 1.369855 1.356941 1.334902 1.341548 1.314460 0.234136 1.086064 1.075884 0.251087 0.063927 0.082405 0.083860 0.097640 0.048775 0.032654 0.043923 0.045417 0.046699 0.045539 0.030144 0.018090 0.033085 0.102648 0.030113 0.017373 0.017373 0.026589 0.079169 0.092584 0.062966 1.778159 3.795254 4.779056 4.787376 4.736530 3.708111 3.668673 2.762856 2.720269 1.675352 0.716417 0.776600 0.939291 2.165989 2.119408 2.236123 2.151047 0.680519 1.061372 2.455019 2.423832
1.042674 1.056597 1.028996 1.013395 1.040508 0.147353 0.255385 0.289010 1.376133 2.348762 2.362068 2.368499 0.043164 0.025215 0.073415 0.088872 0.065484 0.071725 0.069741 0.054573 0.051248 0.057793 0.047691 0.052879 0.070961 0.062768 0.066520 0.048820 0.038063 0.029838 0.098537 0.087407 0.019752 0.028190 0.058235 0.085778 0.095252 0.067208 1.796151 3.796641 4.779924 4.778049 4.752904 3.716086 2.768542 2.806048 3.793489 2.789067 2.673617 1.734387 1.934336 2.091393 2.030161 0.936381 0.318000 0.230010 1.356059 3.497353 3.458320
1.043950 1.054549 1.078572 1.060573 1.044373 1.037940 0.028496 0.029632 0.336672 2.366440 2.370402 1.369546 0.036720 0.032142 0.044381 0.032417 0.125985 0.111626 0.109947 0.017373 0.062904 0.048348 0.186927 0.184869 1.228565 1.225760 0.042717 0.066872 0.076435 0.065259 0.696393 1.725579 0.587924 0.517384 0.579134 0.050255 0.070352 0.052176 0.717193 2.784538 4.760611 4.756764 4.729536 3.724986 2.786666 3.852997 3.775093 2.815494 2.728004 1.544959 1.025774 2.133441 0.990733 0.464286 0.135639 0.267644 1.402898 2.473196 3.454056
0.120941 0.091983 0.078339 1.065281 1.057273 1.076428 0.023567 0.022942 0.029884 0.264402 1.356966 1.370252 0.051582 0.043129 0.051551 0.044334 0.117165 0.116132 0.115822 0.017373 0.059166 0.037575 0.212731 1.247711 2.252258 0.192573 0.033287 0.059335 0.628194 1.759310 0.768946 1.780264 1.772993 1.760931 0.684508 0.071752 0.038949 0.033593 0.700305 2.762392 3.729534 3.731168 3.706518 3.690527 2.771852 3.836656 3.795899 3.765872 2.737949 1.548794 0.964356 1.009287 1.011779 0.767972 1.073048 1.204366 2.382720 2.392123 2.350469
0.129067 0.100871 0.082215 1.074947 1.061328 1.084200 0.027366 0.023507 0.030230 0.221959 1.364254 1.366812 0.057640 0.055503 0.024559 0.024788 0.032127 0.103432 0.103875 0.069450 0.043266 0.118325 0.166062 1.268517 1.259959 0.024360 0.014397 0.041251 1.786850 1.790894 1.797707 1.784487 1.794760 1.808311 0.758416 0.766222 0.041801 0.049051 1.772128 2.780905 2.780098 2.771024 2.764523 1.761741 1.750317 2.798907 2.777307 2.782030 2.765272 0.642251 0.045541 0.019481 0.875888 0.883571 1.043010 1.171110 2.270698 1.425315 1.381554
1.990378 1.014634 1.022180 1.045591 1.020881 0.056424 0.019309 0.038817 0.078295 1.091078 0.249975 0.254336 0.026695 0.026848 0.014397 0.031456 0.020439 0.022666 0.049217 0.071431 0.053236 0.310965 0.337616 0.153145 0.189689 0.023842 0.026634 0.032172 1.793441 2.790093 2.798588 1.777990 1.798352 0.787321 0.762903 0.773733 0.706804 0.705312 2.786534 2.781716 2.778202 2.771620 2.765398 1.757318 0.783608 0.791550 0.775491 1.769251 1.765560 1.722271 0.079058 0.014397 0.102642 0.098492 0.141457 0.196909 0.298524 1.453513 1.503918
3.051127 2.052951 2.050331 1.049699 2.044209 1.034800 0.020820 0.081748 1.119547 1.079565 0.151464 0.025121 0.028069 0.023887 0.024361 0.054405 0.033821 0.045719 0.057051 0.152079 0.174567 0.272932 0.267394 0.089622 0.017373 0.062935 0.036248 0.788108 1.792516 2.789204 2.792739 0.784508 0.793092 0.795301 0.780599 1.793237 1.791910 2.786460 2.783334 2.788337 2.785185 2.778369 2.770533 1.761164 0.796453 0.804287 0.791034 1.803513 1.770486 0.638843 0.119776 0.084407 0.109526 0.106026 0.033762 0.053325 0.074194 0.611732 1.612721
4.058746 4.057210 3.057622 3.055039 3.052582 3.030629 1.083816 1.092740 1.119915 1.094511 1.115533 1.109645 0.036941 0.029808 0.038335 0.038513 0.060485 0.040839 1.166474 1.167685 1.153834 1.142840 0.174573 0.059842 0.017373 0.036522 0.714919 1.783938 1.801535 2.794147 2.799143 1.804385 0.800065 0.801734 1.804258 2.797815 2.800765 3.798799 3.803783 2.795224 2.777079 2.790312 3.821889 2.823807 1.833778 1.821695 1.797246 2.797351 2.784646 0.674161 0.128187 0.098378 1.135437 0.090764 0.041034 0.024529 0.030082 0.025429 0.568895
6.050386 6.050699 4.049700 3.052809 3.047929 2.033517 0.075659 0.086201 0.093594 1.083339 1.089457 2.063164 0.928655 0.921597 0.083441 0.107042 0.125978 1.159245 2.178804 2.162694 1.160585 0.182403 0.177726 0.033620 0.026906 0.049371 0.702370 1.781896 1.797888 2.792661 2.797836 1.796331 1.800921 0.798642 1.785137 2.786823 2.795724 3.793692 3.777523 2.777256 1.788685 2.747415 3.760194 2.790729 2.809288 2.795670 2.771383 2.786818 1.774013 0.723415 0.059313 0.115974 1.133956 0.096597 0.033482 0.024757 0.030831 0.029960 0.023597
6.057590 5.058227 4.054970 4.056642 3.052951 2.053058 0.052320 1.034342 1.032326 0.074919 1.129064 2.120882 4.178298 3.167522 3.162224 1.151141 1.162439 2.179240 2.181740 1.177197 1.178152 1.168355 0.169149 0.145097 0.117840 0.688834 1.802511 1.780771 1.790123 1.784549 2.779927 1.791610 1.789209 0.797443 1.799274 2.788458 2.799838 1.806071 1.801437 1.796377 1.793511 1.792985 2.804384 2.805727 2.816071 2.802782 2.794297 1.792679 0.703308 0.075926 0.022591 0.022591 0.138984 0.129468 0.123090 0.113951 0.038329 0.051457 0.018456
5.059935 4.055435 4.054780 4.054979 4.058470 2.056357 1.052699 2.060986 2.065119 1.003678 0.120605 1.137422 4.199594 4.199890 4.178370 2.161178 2.172369 2.174036 0.171174 0.190193 1.182144 1.174902 1.181244 1.180525 0.119818 1.789070 1.789018 1.786587 1.791505 0.796129 0.815610 1.800114 1.801053 1.812700 1.799120 1.797296 0.812123 1.806089 1.805147 1.798411 1.794068 1.793881 2.802563 2.803791 2.811332 1.803174 1.789946 0.757448 0.694353 0.141589 0.022591 0.022591 0.150279 0.143792 1.165357 1.117644 0.321175 0.509949 0.301931
3.054665 4.052343 4.053740 4.053751 4.053261 3.051222 3.053628 3.052448 2.059012 1.001865 0.122069 1.144282 3.206057 3.209163 4.175684 4.154216 3.176329 1.178234 0.048922 0.203429 0.202358 1.173454 1.178355 1.179976 0.109815 1.783051 1.772012 0.778061 0.787388 0.791748 0.818375 1.790327 2.806443 2.813920 1.801926 1.798106 0.818591 0.823021 1.824314 1.812453 2.838913 3.869403 3.856349 3.853405 2.825607 2.819471 0.749520 0.109632 0.124097 0.172446 0.114189 0.151130 1.165132 1.114689 1.172873 2.213762 0.985266 0.572998 0.668347
2.052171 4.057902 4.053829 4.054725 4.050591 3.050234 3.055021 3.052014 2.049922 1.031051 1.009489 1.060943 1.039986 1.058967 3.150879 3.124597 0.103685 0.018729 0.096737 0.061824 0.167873 1.166105 1.177382 0.140249 0.098289 1.758451 0.691384 0.760689 0.032801 0.784797 0.818828 0.805732 1.796582 2.802789 1.802962 1.797138 0.818254 0.822999 1.825236 2.832819 3.828345 4.828671 4.811817 3.822016 2.789900 1.810101 0.709350 0.087121 0.042954 0.080253 0.145324 1.196805 1.155958 1.126609 1.124895 0.168187 0.052305 0.101914 0.131228
2.051158 3.058660 3.053277 3.054168 3.049420 3.049397 3.054493 3.055053 3.057685 2.031224 2.022434 1.044858 0.019309 0.033246 0.172624 0.179882 0.036758 0.023644 0.130290 0.099410 0.063714 0.052666 0.049951 0.018257 0.106680 0.088845 0.071464 0.019050 0.057665 0.033506 0.810096 0.783764 0.783316 1.797789 1.783481 1.773929 0.816341 1.857001 2.837346 3.829530 3.820726 3.820963 3.832402 3.807192 1.832425 1.786396 0.046037 0.021631 0.036288 0.017373 0.017373 0.120734 1.107855 1.064599 0.097861 0.044380 0.043861 0.076075 0.073463
3.045849 2.050206 2.051062 2.052177 3.050014 2.046218 2.051883 3.051351 3.041887 2.043364 2.023138 0.054061 0.014397 0.019309 0.048064 0.059300 0.024605 0.030280 0.165818 0.031212 0.037029 0.032403 0.024757 0.022607 0.028312 0.024376 0.023827 0.026710 0.019204 0.031875 0.896252 0.054101 0.065921 0.677044 0.660711 0.687003 0.793299 1.843101 2.833269 2.819206 2.812653 2.836472 3.854367 3.808950 2.861567 1.766393 0.069308 0.064012 0.070511 0.027643 0.028928 0.918170 1.036487 0.995265 0.081441 0.054166 0.017373 0.131314 0.104501
4.048139 3.048669 2.049745 1.041523 2.037915 1.030777 1.015004 1.997522 1.980268 0.964858 0.050389 0.040235 0.025277 0.077921 0.064850 0.067972 0.025581 0.033393 0.037818 0.048317 0.014397 0.028572 0.032249 0.352350 0.404473 0.391687 0.367369 0.337858 0.259316 1.001496 1.017244 0.095356 0.106248 0.068650 0.058545 0.050097 0.731823 0.735683 1.828376 1.807656 1.795066 2.853240 3.857641 3.800280 2.869969 2.872590 1.865956 0.911261 0.810169 0.375103 0.621285 0.838006 1.051391 1.021123 0.035684 0.029731 0.017373 0.139464 0.113438
