use_cases/Flooding_chicago/flooding_data/output/h_2040.asc
ncols 337
nrows 393
xllcorner 428428.000000
yllcorner 4602440.000000
cellsize 26.757400
NODATA_value -9999.000000
[rows 270 to 296 of 393, columns 59 to 117 of 337]
0.093727 0.108895 0.115197 0.059867 0.033821 0.035836 0.086279 0.047142 0.224572 0.040276 0.022591 0.022591 0.061242 0.040168 1.276887 2.283769 2.279523 1.281693 0.208413 0.017373 0.031669 0.329285 0.190489 0.033485 0.025581 0.033958 0.042182 0.042977 0.345348 2.511943 2.510190 1.523907 2.541124 2.491917 0.592951 0.640319 0.637989 0.607275 0.557684 0.545665 0.052538 0.108266 0.117335 0.092268 0.392842 0.372236 0.341884 1.416288 1.401191 1.394990 2.446294 2.434401 2.421260 1.465162 1.477303 1.467880 1.471392 1.464386 1.451187
0.052910 0.055198 0.061104 0.082009 0.034111 0.034721 0.060845 1.332875 1.322443 0.297430 0.054858 0.071973 0.066018 0.059014 1.264599 3.286589 3.284043 2.288677 0.243968 0.017373 0.026385 0.414120 0.060352 0.025703 0.033258 0.026877 0.036552 0.043084 0.336263 1.485373 2.532945 2.568696 2.544213 3.511327 1.377735 0.649736 0.673226 0.617114 0.547027 0.041650 0.014397 0.154737 0.154568 0.143665 0.117757 0.103084 0.054459 0.329650 0.291425 0.317428 1.317030 1.320438 1.451249 1.440641 1.450438 0.431731 0.389653 0.444587 0.497720
0.076011 0.073554 0.076164 0.085259 0.032524 0.032708 0.049994 1.342267 1.338680 0.297036 0.048912 0.063653 0.051170 0.045718 1.261400 3.275738 3.274040 2.284282 0.227724 0.150130 0.662169 0.607964 0.119360 0.027397 0.041466 0.033227 0.032723 0.049645 0.047188 0.071227 1.492483 2.521157 2.520856 3.477515 2.309145 1.721834 1.753489 0.580396 0.036630 0.018029 0.184784 0.179837 0.180460 0.175783 0.169745 0.167976 0.024926 0.025841 0.050203 0.041888 0.581709 0.589849 1.408600 0.486967 0.394800 0.037557 0.042008 0.056165 0.548476
0.069283 0.057579 0.057275 0.062842 0.025383 0.025443 0.041208 1.341056 1.336602 0.294174 0.044321 0.050149 0.353874 0.348984 2.270840 2.282166 0.241149 0.230455 0.214692 0.151321 1.650686 0.593857 0.128167 0.183313 0.035301 0.027168 0.033363 0.033211 0.039956 0.051694 0.090929 0.372504 1.511054 1.482057 1.453661 1.537603 1.634535 0.632004 0.059039 0.021003 0.176185 1.195721 1.201574 0.193657 0.191449 0.191984 0.031151 0.036082 0.021355 0.075778 0.669733 0.727932 0.700608 0.550723 0.040601 0.064211 0.014397 0.112895 0.555887
0.043175 0.079689 0.070870 0.070443 0.068099 0.030586 0.028343 1.339331 1.334116 0.291970 0.046027 0.058817 0.045739 0.033654 1.268930 0.218935 0.024834 0.027946 0.019447 0.158486 0.628746 0.080809 0.027687 0.034874 0.036506 0.053169 0.080953 0.049919 0.058342 0.032952 0.099132 0.141843 0.400504 0.396085 0.443834 0.708232 1.910212 1.954061 1.032024 0.018029 0.197115 0.196080 0.198568 0.195557 0.195520 0.195587 0.024926 0.025841 0.123203 1.085706 1.876963 1.984902 0.933314 0.053568 0.025703 0.026909 0.210989 0.191228 0.128696
0.056478 0.080254 0.272060 0.274210 0.079429 0.102731 0.211525 1.346490 1.336115 0.288323 0.047905 0.061730 0.058464 0.048654 0.029853 0.025825 0.029457 0.025001 0.239078 0.228356 0.188606 0.020179 0.017373 0.017373 0.038903 0.036155 0.047432 0.054192 0.048654 0.189524 0.208961 0.162300 0.360232 0.020348 0.057880 0.735966 1.991218 3.104212 3.091341 0.160116 0.188940 0.193125 0.198579 0.036353 0.044441 0.032997 0.176272 0.166588 1.147708 1.088370 1.836064 1.890850 0.940361 0.082897 0.033302 0.039375 0.026909 0.228285 0.172961
0.088569 0.058051 0.307228 0.311876 0.272699 0.155403 0.152672 0.231697 0.244302 0.031410 0.052696 0.059211 0.054375 0.035667 0.235504 0.256587 1.291192 1.297607 1.290973 0.250512 0.239692 0.251378 0.027229 0.033025 0.028160 0.112208 0.073297 0.107997 0.138872 0.217101 1.285993 1.322321 0.219308 0.023582 0.040275 0.105146 3.178967 6.225918 5.163267 1.210366 0.199370 0.194780 0.036598 0.059288 0.065864 0.047172 0.181635 0.175862 1.161414 1.148217 0.131250 0.118640 1.049167 0.117227 0.031472 0.033271 0.025688 0.242201 0.048206
0.061440 0.171304 0.222005 0.240305 0.251611 0.110452 0.099891 0.163063 0.164834 0.028252 0.039803 0.042625 0.034492 0.559001 0.170898 0.246538 1.290663 1.291579 1.289202 0.252477 0.237929 0.242645 0.186320 0.160244 0.140702 0.070537 1.182412 0.134633 0.173500 0.217028 1.276699 1.310849 0.225619 0.022591 0.022591 0.034251 3.088318 6.147796 5.103369 2.178695 1.182555 0.169120 0.046089 0.068901 0.082238 0.018088 0.184496 0.182654 1.186562 1.175913 1.213974 1.214835 1.153645 0.165889 0.020333 0.251699 0.250544 0.242699 0.054238
0.082134 0.889504 0.962627 0.955566 0.176109 0.179316 0.085838 0.070196 0.195595 0.035347 0.051369 0.064323 0.041039 0.548800 0.105545 0.025642 0.030296 1.297656 1.293598 0.249965 0.028054 0.024803 0.205893 0.194087 0.154727 0.076593 1.183653 0.151248 0.077792 0.078308 0.056076 0.047469 0.047039 0.022591 0.022591 0.030110 2.056344 5.139861 5.111318 2.193678 1.182827 0.175409 0.037208 0.060982 0.021660 0.021660 0.028682 0.170993 1.221807 2.251543 3.248827 2.243913 2.243059 1.238976 0.222766 0.251228 0.254626 0.215702 0.049797
0.917213 0.958131 0.982706 0.982770 0.123395 0.146738 0.145348 0.167432 0.260598 0.242775 0.092783 0.034111 0.473311 0.476882 0.071692 0.030220 0.050697 0.052787 0.051705 0.047021 0.044533 0.028449 0.203581 0.200649 0.014397 0.095348 0.152320 0.154730 0.081792 0.080002 0.057198 0.050425 0.014397 0.038076 0.037660 0.149740 2.159803 4.182314 4.130243 2.184567 1.158491 0.215686 0.186463 0.035850 0.018088 0.040596 0.027822 0.199395 1.225510 2.232204 3.233850 3.237468 3.243161 3.239525 2.233508 1.233525 1.233631 0.209772 0.023507
0.972801 0.936288 0.975329 0.048501 0.098915 0.109752 0.091505 0.588048 0.211634 0.282791 0.123609 0.021691 0.475762 0.469961 0.065793 0.126541 0.053169 0.072961 0.071526 0.060540 0.036750 0.181871 0.181979 0.164698 0.113993 0.048624 0.054940 0.093355 0.121591 0.194103 0.150177 0.129014 0.019309 0.036448 0.146839 1.218370 3.158547 4.141351 4.069780 3.194932 2.228847 2.231470 1.222642 0.171726 0.021194 0.213460 0.236243 0.226133 1.223229 2.230239 2.235555 3.221262 4.225724 4.228808 3.225168 2.233513 1.231033 1.227661 0.022942
0.943721 0.860025 0.023785 0.043269 0.062740 0.058313 0.521071 0.566717 0.632155 0.133863 0.231455 0.312984 0.407453 1.431305 0.274090 0.097176 0.057092 1.079414 1.079322 0.055616 0.211791 0.178799 0.163601 0.140385 0.092145 0.109185 0.082167 0.107949 0.113597 0.139221 0.262551 0.210398 0.177150 0.174676 1.212352 1.215047 2.177999 2.195152 2.143028 3.204460 3.208008 3.203995 2.218366 1.205968 0.186369 0.243219 0.238458 1.249835 2.250872 2.238057 2.241662 2.232003 3.235580 3.233520 2.235667 1.205908 0.254525 0.245799 0.029594
0.021477 0.489590 0.275569 0.245026 0.253493 0.277622 0.403758 0.406547 0.108454 0.170099 0.261924 0.322232 0.370229 0.372895 0.039147 0.037681 0.021492 0.074959 0.071267 0.057305 0.027856 0.132381 0.110726 0.092599 0.059751 0.072274 0.096250 0.059673 0.112191 0.112532 0.215689 1.180240 1.232481 1.240601 1.226237 1.224490 2.188942 2.207027 1.206949 2.161215 2.180546 3.219855 3.224360 2.207884 1.240159 1.247250 1.248346 2.249677 2.239529 2.235536 2.231510 1.218332 3.229604 2.229332 1.208534 0.271638 0.273675 0.277502 0.285913
0.043691 0.815392 0.750086 0.815858 0.151459 0.155597 0.869377 0.216123 0.077347 0.022942 0.023567 0.329799 0.289216 0.033959 0.037696 0.027397 0.036325 0.021308 0.051881 0.037575 0.064921 0.076425 0.280959 0.186842 0.456431 0.031999 0.092216 0.050118 0.054858 0.053023 0.201256 1.220178 2.233809 2.247165 2.237847 2.237396 3.238197 2.224407 1.215818 0.246794 1.240734 2.197510 3.222241 3.231937 2.245687 2.249877 2.251043 3.251770 2.241739 2.237187 1.239316 0.252601 2.264140 3.259211 2.233764 0.292028 0.300239 0.321243 1.413243
0.866729 0.928643 1.896302 0.937918 0.890884 0.897533 1.920111 0.835814 0.022117 0.023507 0.027366 0.266224 0.206618 0.046151 0.050285 0.032539 0.033943 0.059825 0.053611 0.091896 0.125840 0.049660 0.031715 0.103083 0.361027 0.201174 0.112184 0.169405 0.081582 0.098264 0.098575 1.211158 2.235305 2.246649 2.234245 2.238514 3.209811 2.227810 2.243088 0.254318 1.239095 1.237888 2.236697 3.218722 2.246212 2.247793 3.253939 3.249436 2.244756 2.241487 1.250845 1.258565 2.249644 3.251562 2.242996 1.216622 0.301523 0.316168 1.435048
1.928566 1.911550 1.946563 1.933716 1.936704 1.940322 1.939924 0.867024 0.034584 0.039541 0.019309 0.129944 0.420269 0.047171 0.049970 0.031959 0.032356 0.047385 0.067513 0.247422 0.074609 0.036233 0.017967 0.032372 0.029884 0.329096 0.249841 0.162747 0.219501 0.130512 0.189391 0.128437 0.201614 0.182810 0.197000 2.207664 2.176008 2.191507 2.197130 1.285620 1.246061 2.259604 2.245499 2.239272 2.248792 2.250251 3.251028 3.250003 2.245195 2.241416 1.249482 1.252934 2.245890 3.245011 2.234455 2.255078 1.232244 1.223850 0.339316
0.928056 1.936620 1.942060 1.944493 1.950041 1.953487 1.956068 1.932452 0.942547 0.052303 0.097855 0.186704 0.284543 0.041252 0.036843 0.025185 0.025307 0.033349 0.046805 0.179746 0.142113 0.036858 0.021033 0.017967 0.037605 0.024972 0.136238 0.104867 0.174790 0.097482 0.224811 0.214408 0.022591 0.022591 0.182809 1.236630 1.237196 1.238454 1.251073 1.269326 1.251031 2.231917 2.225839 2.239351 2.248507 3.255734 3.252163 3.251937 3.254390 2.246243 2.258116 1.254368 2.252424 2.237530 1.256440 2.275553 2.256106 1.212824 0.334439
0.924539 1.932849 1.934388 1.940223 1.946417 1.951826 1.956102 1.927833 0.952896 0.942516 0.835928 0.193258 0.185823 0.032844 0.050270 0.049812 0.046883 0.035728 0.045357 0.468855 0.533995 0.052366 0.030048 0.020302 0.029137 0.041160 0.152073 0.162716 0.120616 0.290790 0.246490 0.232386 0.022591 0.022591 0.163536 1.225776 1.242841 1.247567 1.261260 1.275654 1.258839 1.264009 1.260449 2.227446 2.245212 2.243932 3.255245 3.252014 3.250899 4.264893 3.261338 2.254335 2.242232 1.255206 2.263439 3.270311 3.261234 2.250384 0.235103
0.889928 1.929937 2.906658 2.925121 2.939929 2.934941 1.954230 1.931344 1.928621 0.954215 0.884303 0.139259 0.107068 0.038765 0.046806 0.046498 0.037239 0.063687 0.526421 2.636588 2.660231 0.478286 0.039728 0.021142 0.041931 0.040742 0.605100 0.089698 0.069074 0.272735 0.223716 0.161088 0.115783 0.469912 1.116066 1.276225 1.281820 1.283663 2.324034 1.295509 1.270302 1.275538 1.279044 0.263061 0.262438 1.253353 3.248989 4.253360 4.251818 4.245975 3.252336 1.256953 1.254150 1.248694 1.255526 3.269436 3.262869 2.247798 0.224812
1.825274 2.909336 2.930936 2.931032 1.945098 1.942996 1.961725 1.924090 1.936444 1.923388 0.929812 0.872278 0.120016 0.035607 0.051803 0.044228 0.073403 0.557825 1.668520 3.627659 3.705615 1.622564 0.436793 0.282764 0.165072 1.691816 0.679421 0.063847 0.344777 0.295708 0.177204 0.941841 0.938407 0.583483 1.131207 1.245429 1.254344 1.273165 2.265815 2.288408 1.262817 1.270425 1.268694 0.265186 0.261200 1.246216 2.231477 3.244112 3.235396 3.237768 3.246893 1.253289 1.248195 0.258176 1.262090 2.265768 2.262659 1.249909 0.243153
2.833343 1.858277 1.879154 0.923061 0.906093 0.036494 0.036712 0.908249 1.928838 1.929931 1.930528 1.938282 0.874355 0.058640 0.066096 0.076965 0.079337 0.593175 1.637540 2.619685 1.674334 1.655445 0.443065 0.281428 0.785704 0.743467 1.583829 0.545079 0.429405 0.326558 1.022278 1.026443 1.039297 0.043594 0.125328 0.025272 0.023730 1.178728 1.142748 1.146981 1.223626 1.253780 1.262001 2.281996 2.275541 2.279104 1.264851 2.244531 2.255940 2.260301 3.260849 2.268431 2.267449 1.273030 1.260965 2.266274 2.265372 0.046914 0.088188
2.850056 1.811180 0.766515 0.037057 0.040048 0.037591 0.040301 0.880020 0.866438 1.901725 1.901867 0.867529 0.915411 0.856945 0.809299 0.051505 0.052196 0.597795 1.608860 0.034399 0.040424 0.499721 0.342188 0.874722 0.894326 0.746621 1.558738 1.649525 0.455924 0.356204 0.209892 1.055794 0.074244 0.067239 0.046498 0.034839 0.025931 0.430939 0.469265 0.433474 0.353261 1.254706 1.278578 1.282248 2.263972 2.281790 1.267686 1.265371 2.255648 2.262663 3.262188 2.264484 2.264320 1.268590 1.257082 2.265396 2.264780 0.038933 0.017967
2.855518 1.792825 0.708427 0.591322 0.587768 1.566399 0.049819 0.058329 0.046546 0.941702 0.940868 0.038373 0.044395 0.033517 0.763725 0.760804 0.751934 0.701483 0.697040 0.030099 0.045919 0.032119 0.245212 0.899905 1.028849 0.028263 0.395870 0.442106 0.375316 0.309611 0.180455 1.055041 0.080329 0.071779 0.048557 0.764964 0.776394 0.627873 0.571143 0.504063 0.383628 1.253235 1.281206 1.281392 1.280183 2.272279 1.272041 1.268994 2.256108 2.263708 3.252933 2.264231 2.254180 1.268726 0.259349 1.263888 2.263581 0.037178 0.021033
1.781627 1.756480 1.689105 0.641381 0.625108 1.586367 0.070102 0.030205 0.040992 0.043466 0.040992 0.030205 0.067227 0.048890 0.778877 0.779777 0.766091 0.764734 0.019215 0.751335 0.042153 0.041512 0.198108 0.895793 1.010834 0.026038 0.329302 0.336921 0.308370 0.271323 0.924375 2.061217 0.076388 0.066031 0.039149 0.735732 0.749545 1.676013 0.612559 0.528392 1.221498 1.212085 1.246358 1.264555 1.271078 1.271284 1.269763 2.264595 2.261295 2.263802 2.263513 2.259588 1.266297 1.266156 0.254677 0.255996 1.221186 0.029929 0.041924
1.779178 1.770349 1.747184 0.650680 0.625374 1.580003 0.072139 0.039254 0.054679 0.058067 0.054679 0.039254 0.064627 0.772307 0.800770 0.787974 0.771200 0.779156 0.017601 0.757648 0.047646 0.056129 0.034997 0.060226 0.970289 0.019044 0.238369 1.104254 1.180655 0.210835 0.947278 2.069614 0.056987 0.047096 0.823641 0.808641 1.841331 0.741433 0.663461 0.594910 0.387276 0.264523 0.237365 0.231873 0.233907 1.265178 1.263403 2.260747 2.253421 2.262206 2.259760 1.266141 1.267716 1.270598 1.261045 0.288757 0.312950 0.369992 0.408707
1.785850 1.805516 1.724336 0.619961 1.448840 1.528808 0.047135 0.033164 0.052208 0.056725 0.052208 0.033165 0.762207 1.800615 1.788225 1.793536 0.763918 0.760225 0.761494 0.744068 0.061562 0.023826 0.023033 0.035561 0.045005 0.119520 1.141241 1.162339 1.202715 0.155307 0.071433 0.967746 0.956771 0.028122 0.803183 1.854607 1.836128 1.873676 0.723543 0.671676 0.049972 0.049308 0.056171 0.047859 0.031654 0.278500 0.278405 0.278506 1.227338 2.255550 2.256515 1.263909 2.279673 2.279466 2.267144 1.257446 1.271943 0.023704 0.025536
0.659235 0.637670 1.514313 1.434069 2.491338 2.499727 0.441720 0.043055 0.033303 0.040337 0.033302 0.094242 1.746494 1.782441 1.793777 1.798527 0.761640 0.760067 0.770494 0.745970 0.070539 0.028237 0.023690 0.048730 0.025154 0.123145 1.150927 1.144760 0.126810 0.090635 0.930958 0.961576 0.936657 0.907043 0.864082 1.822136 1.801387 1.824797 0.739694 0.085668 0.096429 0.022972 0.085838 0.067748 0.037117 0.280441 0.280970 0.281648 0.279353 1.268498 2.270655 2.275294 3.271856 3.269844 2.266427 2.267616 1.266030 0.025536 0.035713
