use_cases/Flooding_chicago/flooding_data/output/h_2160.asc
ncols 337
nrows 393
xllcorner 428428.000000
yllcorner 4602440.000000
cellsize 26.757400
NODATA_value -9999.000000
[rows 162 to 188 of 393, columns 59 to 117 of 337]
0.568875 1.741113 1.770293 3.767166 3.772762 3.775004 2.769265 2.771173 3.766935 5.765465 4.768964 4.770599 3.768026 3.769398 2.767876 2.771461 2.767097 3.760481 4.760913 3.774586 2.706700 1.771250 1.752515 0.643286 0.026803 0.018867 0.109687 0.116021 0.122277 0.037177 0.058861 0.047219 0.327264 2.441111 3.454063 1.467288 0.354226 0.263969 0.603773 0.028678 0.025932 0.062171 0.028938 0.182763 0.249061 0.027870 0.039086 0.038628 0.027718 0.030983 0.052467 0.038872 0.079583 0.960976 0.983744 0.987770 0.042274 0.047462 0.030235
0.063703 0.626152 2.750463 3.764840 3.767027 2.768417 2.766472 3.767314 3.769299 4.763574 4.767109 3.768018 2.764536 2.763942 2.775189 0.702207 1.757004 2.759565 3.751882 3.755390 3.726169 2.763539 0.668793 0.651317 0.192580 0.040932 0.073906 0.096046 0.032356 0.051231 0.056817 0.043998 0.276939 2.421446 0.343779 0.026283 0.267936 0.200476 0.411414 0.248543 0.325012 0.253481 0.233419 0.074255 0.325889 0.288734 0.027855 0.136024 0.109948 0.069268 0.049782 0.040764 0.036614 0.035560 0.034646 0.032692 0.025444 0.054420 0.032418
0.047341 0.545479 2.749886 3.770503 2.775466 2.771086 2.770086 3.768536 3.769057 3.768233 3.770897 2.768523 2.767179 2.767340 1.758346 0.031503 0.739724 0.742562 1.558654 2.583329 3.706787 1.587530 0.038130 0.548345 0.227449 0.398526 0.365299 0.053825 0.036416 0.048501 0.044258 0.038383 0.040490 0.317300 0.029731 0.019310 0.031471 0.134939 0.269476 0.274041 0.355291 1.020161 1.145275 0.319309 0.209955 0.263635 0.216911 0.142739 0.083685 0.139597 0.106086 0.112367 0.032524 0.034386 0.034279 0.032585 0.025398 0.035285 0.226826
0.063301 0.482866 2.743110 3.765260 2.783792 1.774036 2.760166 3.769376 2.773699 1.767990 1.767842 1.761595 2.762719 2.765711 1.764506 0.025397 0.026726 0.759601 0.035737 0.021477 0.055579 0.025811 0.035926 0.054268 0.040015 0.426715 0.412207 1.475479 0.026969 0.029853 0.133675 0.028115 0.028831 0.032692 0.019310 0.014396 0.024284 0.028328 0.196710 0.137901 0.098122 1.110977 1.144069 1.076435 0.129617 0.023735 0.024340 0.065880 0.111176 0.099527 0.172259 0.056083 0.020608 0.082000 0.082428 0.089116 0.086779 0.066175 0.953029
0.086663 0.512654 1.740482 1.760245 1.762512 0.766535 1.767467 1.768919 0.772229 0.768564 0.765257 1.750800 2.760798 2.762142 1.759897 0.032585 0.039681 0.038348 0.028938 0.025871 0.018943 0.033869 0.031777 0.041120 0.046305 0.053306 0.318444 1.471074 0.035225 0.051491 0.075750 0.055566 0.056602 0.028985 0.042198 0.024284 0.023399 0.028205 0.039543 0.026071 0.030343 0.105719 1.133176 1.174038 0.067909 0.026100 0.014396 0.088580 0.104895 1.164443 1.131973 1.138244 0.100724 2.113317 2.113420 1.116563 0.091026 1.100581 2.105034
0.126555 0.112481 0.577760 0.602875 0.029406 0.764293 0.766721 0.774717 0.772337 0.768599 0.764905 1.747784 2.759606 2.761851 1.758091 0.020393 0.132400 0.033768 0.027961 0.023842 0.014396 0.021004 0.019570 0.023247 0.032662 0.044670 0.043586 0.270154 0.273184 0.259895 1.281427 1.293314 1.294948 1.287928 0.205665 0.029473 0.028419 0.094307 0.047371 0.066032 0.035667 0.088766 1.094588 1.859298 1.060166 0.044508 0.019310 0.078025 0.850705 2.123894 3.132811 2.129716 2.122821 3.115904 3.132198 1.114819 1.109505 1.102830 2.101981
0.125238 0.106161 0.127979 0.097734 0.046473 0.763440 0.766026 0.776173 0.775258 0.772962 0.769671 1.759769 2.770563 2.768131 1.756169 0.051031 0.059745 0.114907 0.035256 0.028343 0.018456 0.029380 0.047065 0.053429 0.050986 0.046867 0.031516 0.034615 0.284566 0.295078 1.289074 1.291910 1.291300 3.259905 2.280955 1.264028 0.172773 0.107586 0.123575 0.079658 2.067280 2.038491 3.056749 3.084080 1.068844 0.149445 0.039193 0.087665 0.088486 1.004181 2.123216 1.128260 1.114529 1.111500 2.111834 2.111410 2.109029 2.107204 3.108356
0.265833 0.154534 0.135278 0.058158 0.761301 1.726094 2.761186 1.785858 1.782692 1.765631 1.760524 1.770885 0.735217 0.714992 0.666462 0.349218 0.195452 0.316146 0.271557 0.038172 0.029197 0.050194 0.067513 0.044898 0.032174 0.023552 0.022590 0.022590 0.027687 0.191682 0.231428 0.247508 0.256373 2.286209 1.290539 0.258658 0.193158 0.101115 0.086112 0.880462 4.060919 4.071652 3.120806 1.060941 0.039593 0.045896 0.029029 0.055778 0.032738 0.038059 1.147024 0.110727 0.023502 0.080369 1.102952 1.113323 2.090539 3.096321 4.108210
0.017372 0.017372 0.020180 0.280599 0.651073 2.730780 3.767499 2.803046 1.787278 0.761957 0.736011 0.693672 0.028084 0.041501 0.032636 0.317949 1.396201 2.398054 1.406708 1.397373 0.260242 0.089272 0.081751 0.049919 0.036946 0.036415 0.022590 0.022590 0.027123 0.342049 0.109551 0.018501 0.023781 1.278515 0.258783 0.245980 0.139474 0.129821 0.102315 2.041315 4.090434 4.093136 2.076751 0.964253 0.036905 0.014396 0.062797 0.059776 0.018120 0.026725 0.061076 0.054900 0.014396 0.078620 1.090028 1.110947 2.076922 3.087759 4.099183
0.214515 0.128549 0.389275 0.257168 0.334761 1.623393 2.764835 1.793931 0.764838 0.781203 0.024625 0.412004 0.265160 0.022938 0.036047 1.402006 1.417396 1.425101 1.430375 1.419957 1.408205 0.085518 0.064446 0.076500 0.060997 0.037133 0.021050 0.029946 0.166101 1.008234 0.195964 0.034168 0.031348 0.034188 0.035286 0.028328 0.147041 0.223327 0.912107 2.016966 2.046169 2.052398 2.053048 1.007555 0.035754 0.035774 0.062203 0.022651 0.021843 0.029800 0.022603 0.033986 0.141979 2.107311 3.193508 2.151243 2.117415 3.061620 4.090092
0.541377 0.569754 0.491050 0.395108 0.245978 0.693102 0.748513 0.025857 0.039207 0.034170 0.031508 0.254852 0.527283 0.506454 0.470721 2.423424 1.427043 1.433185 0.429558 0.425552 1.431980 0.059092 0.040093 0.049156 0.213975 0.192109 0.183550 1.099364 3.289275 3.262897 2.258174 0.168567 0.027214 0.034965 0.042916 0.036384 0.039268 0.048210 0.060300 0.984775 2.031419 2.039417 2.041346 0.990755 0.103470 0.113932 0.048012 0.022743 0.050300 0.047249 0.070859 1.160149 3.226626 5.127149 6.232830 5.228024 4.171994 4.145603 4.141803
0.496994 1.706416 0.582052 0.474070 0.330210 0.309158 0.642486 0.682781 0.027882 0.031617 0.026227 0.165513 0.534766 0.529145 0.478225 2.438212 1.431629 1.443301 0.429798 0.425760 1.439857 0.034844 0.037254 0.293118 1.333544 2.322446 2.317789 1.391660 1.308901 3.321081 2.303796 0.212652 0.041069 0.061546 0.030465 0.039970 0.027503 0.036736 0.029595 0.050438 2.010643 2.033303 2.035523 0.971328 0.849313 0.134851 0.046532 0.023017 0.033333 0.061760 1.116741 2.252782 4.061666 7.091097 7.179273 7.177748 6.164903 6.145373 6.156865
0.536484 0.544731 0.513162 0.430258 0.289423 0.292344 0.568836 0.543523 0.319608 0.198023 0.791552 0.085922 0.531466 0.523447 2.397059 2.439763 1.417182 1.427046 0.408530 1.399720 0.391415 0.347058 0.302131 1.342806 1.346921 1.344241 2.344173 0.325758 0.281954 0.274951 1.246736 0.166781 0.036430 0.052041 0.053275 0.027732 0.029090 0.019737 0.027702 0.045655 2.016190 2.038835 2.039987 2.012098 0.853948 0.025361 0.014396 0.024331 0.048509 3.342717 4.393545 4.366843 4.102969 6.046803 7.155645 8.163375 8.171021 8.157393 7.182513
0.128030 0.225335 0.170101 0.122582 0.070874 0.093478 0.090842 0.374368 0.624305 0.640350 1.677591 0.669527 0.589407 0.549646 1.370580 2.466067 1.428352 1.444771 0.404379 0.393690 1.364641 1.371039 2.363494 1.353915 1.365625 0.284869 0.234461 0.242567 0.017372 0.017372 0.104086 0.208162 0.110301 0.817489 0.114790 0.034569 0.023949 0.040046 0.047120 0.058253 2.036175 2.060630 2.071495 0.960295 0.892050 0.026161 0.021004 0.047669 3.408863 6.446022 6.472560 4.429981 1.284956 2.805881 4.124401 5.147911 5.142996 7.123625 6.146413
0.079170 0.164114 0.142861 0.109063 0.061379 0.098381 0.084099 0.086829 0.645320 1.731793 2.762021 1.774179 0.598906 0.527544 1.392470 1.422180 1.409042 1.427220 0.383901 0.382766 0.363401 2.363192 2.381624 1.360089 0.269140 0.176842 0.470678 0.478307 0.033210 0.027138 0.098931 0.900082 1.924999 1.894217 0.122579 0.072199 0.065988 0.046576 0.033332 0.043961 0.961847 0.985496 0.931486 0.885418 0.854507 0.052910 0.019570 1.270479 6.420023 7.447503 6.445803 4.426651 2.424543 1.257327 2.096392 1.106173 1.046926 2.112265 3.111683
0.056571 0.231240 0.211357 0.162148 0.077904 0.165917 0.150580 0.145516 0.155756 0.577727 1.692461 1.759465 0.565603 0.492918 0.436047 1.358280 1.370939 1.361197 1.314524 0.367772 0.018642 0.260915 0.288344 0.242967 0.161475 0.477436 1.058662 0.448620 0.020881 0.092280 0.991388 1.029018 2.023957 0.031517 0.024758 0.028556 0.068382 0.083846 0.064534 0.983945 0.988649 0.987142 0.837132 0.745345 1.381909 0.395810 0.028814 2.414034 6.392432 7.426338 6.435556 4.410313 3.455086 1.350260 1.362916 0.238764 0.024348 0.076704 0.953642
0.308086 0.303764 0.262948 0.185359 0.399029 0.231684 0.209005 0.148233 0.226059 0.225960 0.121312 0.521282 0.451478 1.343698 1.377180 1.380049 1.355590 1.348343 1.357013 0.303861 0.024478 0.014396 0.025584 0.132633 0.437793 0.444090 1.264899 1.241813 0.175167 0.142023 0.088385 0.057247 0.910863 0.018943 0.014396 0.026604 0.021279 0.895988 0.948401 0.960409 0.030987 0.026828 0.630329 0.666578 2.450470 2.497477 2.482919 3.460197 5.420330 7.440351 7.474558 5.469547 4.483366 2.475828 1.425732 0.045073 0.027283 0.026085 0.037876
0.364828 1.361547 0.303184 0.224632 0.131695 0.073646 0.063519 0.047066 0.085120 0.144663 0.075263 0.063609 0.296930 1.347592 1.382987 1.374311 1.304753 2.210908 2.239739 1.257823 0.215380 0.024327 0.023643 0.088983 0.310014 0.321608 0.263048 1.163961 1.179826 0.149307 0.109906 0.067093 0.875148 0.030693 0.024360 0.023841 0.052120 0.859083 2.026904 1.064723 0.055049 0.036015 0.585032 1.425158 2.534090 2.533731 4.439197 4.496469 5.423823 7.427163 7.457699 6.490076 4.450314 3.479803 1.432895 0.048541 0.040308 0.018212 0.028496
0.344201 1.353217 0.322527 0.034904 0.041100 0.039192 0.029381 0.031517 0.035088 0.271492 0.020470 0.037102 0.261136 1.378236 0.020225 0.263895 2.170261 2.259652 2.273364 2.274878 1.266733 1.283919 0.234631 0.031288 0.039864 0.031701 0.172157 1.146063 1.179453 1.147639 0.103351 0.611252 1.579865 0.503239 0.035625 0.022210 0.056527 0.066983 0.973320 1.010907 0.028188 0.498359 1.521887 2.548397 2.566420 2.529616 4.431018 4.481851 5.385765 6.378962 7.402772 6.470504 3.431947 2.437153 1.450855 0.041144 0.042258 0.021660 0.037206
0.378349 0.035895 0.048027 0.056755 0.055809 0.051521 0.037727 0.034249 0.044654 0.334741 0.031517 0.028130 0.038994 0.252498 0.029228 0.239322 2.281284 2.306607 2.311694 2.304000 1.277178 1.280432 0.241741 0.025262 0.032448 0.027092 0.032158 2.163123 1.178239 1.113946 0.854323 1.648146 2.751470 1.778463 0.057176 0.051378 0.019310 0.035286 0.061109 0.035969 0.513876 1.535791 2.564528 3.572170 3.600420 2.540237 4.412613 5.516193 4.468797 4.473375 5.437809 5.503304 2.477137 1.465970 1.469624 0.384652 0.030698 0.021660 0.038429
0.025704 0.056815 0.066247 0.060371 0.047462 0.041312 0.030098 0.043831 0.043251 0.365347 0.036476 0.038048 0.046104 0.065361 0.050560 0.182036 1.117245 1.136841 1.162352 1.269111 1.253500 0.174535 0.057669 0.025490 0.017372 0.017372 0.032204 0.152547 0.223278 0.021247 0.769515 2.711109 3.766779 2.781476 0.547911 0.053058 0.027367 0.023506 0.028175 0.349370 1.512856 2.519605 3.533760 3.552515 3.556650 3.541523 5.458685 5.500551 4.444984 4.430846 4.441500 5.482905 2.462316 2.474355 2.474565 2.462787 0.065677 0.018212 0.035392
0.025704 0.045616 0.049950 0.038170 0.078210 0.063161 0.042640 0.077950 0.041573 0.373542 0.040916 0.050300 0.032158 0.039070 0.043297 0.115936 0.998478 0.991996 0.963614 0.174550 0.042714 0.075531 0.112957 0.109520 0.032416 0.024269 0.018608 0.020592 0.025307 0.021126 0.032474 1.731391 2.767169 0.644826 0.034485 0.045741 0.023567 0.022942 0.027992 0.338922 2.494747 2.506373 2.548342 3.532944 3.544894 4.462692 5.452136 4.435586 3.405259 2.419575 3.419586 4.447632 4.444404 4.452097 5.450712 4.450727 1.422989 0.025902 0.026055
0.033958 0.061715 0.046088 0.070122 0.065284 0.055295 0.037743 0.056450 0.284142 0.359613 0.043877 0.055657 0.038932 0.048928 0.037405 0.077865 0.865160 1.534862 0.822201 0.111579 0.024116 0.026650 0.123741 0.116431 1.083856 0.053945 0.036108 0.056561 0.038806 0.043615 0.566078 1.712901 1.706895 0.596498 0.034481 0.030978 0.038666 0.032027 0.060477 0.393795 1.521928 1.535620 2.554131 3.549941 4.575007 4.538012 4.545234 2.538141 1.486755 1.484923 2.393066 3.447676 4.448356 4.462511 5.455962 4.464105 2.455140 1.471485 0.435675
0.043403 0.122154 0.081794 0.156735 0.099693 0.072014 0.045402 0.214858 0.238091 0.025185 0.049186 0.014396 0.030469 0.032356 0.078215 0.068560 0.747880 1.675477 0.672868 0.062794 0.026481 0.039086 0.029625 0.118200 0.089866 0.121517 0.058863 0.098052 0.057025 1.507782 2.577400 2.541889 1.634168 1.564596 0.508369 0.451276 1.356945 1.362004 1.429405 0.452223 1.527416 2.567220 3.599337 4.597239 4.576888 5.560442 5.585560 2.543699 1.495655 1.490687 2.364487 3.440778 3.453138 3.462465 3.467488 2.463876 1.444474 1.467016 1.457937
0.125313 0.140480 0.096352 0.160942 0.386274 0.310827 0.237252 0.184639 0.187248 0.163171 0.038673 0.038124 0.045678 0.045463 0.050151 0.468102 0.582958 1.518971 1.401333 0.316678 0.038376 0.035255 0.040351 0.027184 0.065849 0.090219 0.570888 1.717853 2.579754 4.606938 5.605350 5.639200 4.643245 3.616349 2.575553 2.582837 4.563175 4.582757 3.576109 3.570632 4.588135 5.612435 4.616622 4.584222 4.576805 5.546046 5.557048 3.578856 1.514295 1.527474 0.471166 1.408657 2.442769 3.459306 2.456000 0.448010 0.442462 0.461440 1.454708
0.116979 0.109914 0.089271 0.046409 0.049721 0.293194 0.227012 0.580360 0.579751 0.094430 0.034279 0.034020 0.066948 0.046014 0.416651 0.457515 1.390670 1.482878 1.468579 1.407150 0.067676 0.027442 0.032860 0.025582 0.042671 0.048977 2.718144 3.682370 4.584889 5.643362 6.613286 6.659633 6.694615 3.634824 2.586984 3.562225 4.587818 4.613379 3.568155 4.563307 6.573843 6.589036 4.592932 4.582131 4.573595 5.545232 5.556296 4.555328 3.591765 1.542923 0.491311 0.488085 2.432015 3.463765 4.465716 2.469481 0.442863 1.468738 1.459922
0.071555 0.342264 0.051613 0.041436 0.076759 0.044793 0.151846 0.483870 1.592613 0.620842 0.026009 0.025932 0.055184 1.396377 0.422542 0.445899 1.466621 1.483190 1.467647 1.451389 0.045505 0.055133 0.027383 0.056101 0.044613 0.069972 1.483640 1.502537 2.550677 3.616574 3.595816 3.620390 2.648279 2.611010 2.580820 3.578941 3.608172 2.589772 2.576622 4.561347 6.573764 5.588909 5.623540 4.582415 4.572094 5.534554 6.559692 5.565340 4.583235 2.570084 1.553459 0.499554 2.419429 4.456920 5.468176 3.470641 2.467490 2.484629 1.445667
