use_cases/Flooding_chicago/flooding_data/output/h_2100.asc
ncols 337
nrows 393
xllcorner 428428.000000
yllcorner 4602440.000000
cellsize 26.757400
NODATA_value -9999.000000
[rows 108 to 134 of 393, columns 118 to 176 of 337]
-9999.000000 -9999.000000 -9999.000000 -9999.000000 -9999.000000 -9999.000000 -9999.000000 -9999.000000 -9999.000000 -9999.000000 0.017967 0.140358 0.041435 0.049552 0.112801 0.116799 0.099756 0.066628 0.180476 0.033897 0.037972 0.029060 0.039269 0.036171 0.180658 0.029625 0.028374 0.030815 0.031197 0.032417 0.024529 0.090567 0.225757 0.060584 0.155790 0.132776 0.030815 0.030098 0.065087 0.058906 0.033287 0.035941 0.166405 0.014397 0.029335 0.028510 0.050957 0.126289 0.256250 0.280432 0.037682 0.049934 0.037423 0.068633 0.542812 2.721312 0.633192 0.152411 0.166717
-9999.000000 -9999.000000 -9999.000000 -9999.000000 -9999.000000 -9999.000000 -9999.000000 0.027000 0.037438 0.017967 0.021034 0.102592 0.028907 0.031731 0.097656 0.083002 0.068581 0.045205 0.090004 0.143702 0.027411 0.058495 0.044182 0.079018 0.112450 0.055681 0.053127 0.080361 0.101905 0.020302 0.031929 0.458057 0.479988 0.071897 0.132026 0.125619 0.070772 0.078937 0.071693 0.033196 0.026970 0.045647 0.091483 0.066613 0.037040 0.033714 0.094459 0.168877 0.151939 0.146050 0.046089 0.044944 0.033211 0.066200 0.059505 1.530253 0.460338 0.108756 0.062844
-9999.000000 -9999.000000 -9999.000000 -9999.000000 -9999.000000 -9999.000000 0.034066 0.027107 0.039314 0.031532 0.034095 0.119834 0.034706 0.025216 0.106559 0.076486 0.104090 0.058160 0.118766 0.100702 0.062392 0.053337 0.037819 0.224373 0.146477 0.078010 0.061333 1.179073 1.217185 1.243536 0.131692 0.436921 0.418022 0.344753 0.073738 0.088479 0.057243 0.071680 0.140840 0.038948 0.031929 0.040199 0.361474 0.319084 0.208076 0.254065 0.156517 0.263285 0.037178 0.055551 0.051628 0.048240 0.035957 0.042731 0.037986 0.044457 0.049263 0.014397 0.100097
-9999.000000 -9999.000000 0.038430 0.034387 0.029381 0.036461 0.042672 0.065712 0.022240 0.032280 0.042118 0.133948 0.042793 0.038902 0.070946 0.053170 0.071511 0.071251 0.072105 0.124244 0.082817 0.049141 0.058787 0.033547 0.288078 0.157645 0.222266 2.279941 2.262642 2.280299 0.020180 0.032280 0.288494 0.263986 0.206719 0.039747 0.053414 0.163200 0.152490 0.103615 0.045372 0.025780 0.023818 0.034340 0.032082 0.041070 0.052315 0.046440 0.029610 0.092659 0.073294 0.028236 0.024132 0.024681 0.033882 0.030678 0.026741 0.181147 0.014397
0.041566 0.049660 0.043007 0.053093 0.088401 0.032006 0.029640 0.035637 0.041176 0.041771 0.046105 0.219063 0.054695 0.050912 0.048424 0.071846 0.071327 0.120346 0.113290 0.103020 0.098990 0.055107 0.041985 0.014397 0.020256 0.097739 1.245764 2.312958 2.783046 2.290810 0.017372 0.025704 0.146582 0.289485 0.226632 0.031162 0.059991 0.149422 1.880425 0.651533 0.031532 0.018669 0.014397 0.018944 0.021003 0.034599 0.014397 0.024284 0.028709 0.067649 0.064689 0.027047 0.027828 0.017372 0.017372 0.020180 1.211000 1.214832 0.199658
1.056877 0.057227 0.066765 0.049782 0.024285 0.031547 0.030265 0.039344 0.055931 0.037956 0.058144 0.197229 0.139169 0.049233 0.036110 0.056869 0.056908 0.114769 0.088402 0.239708 0.218972 0.055001 0.039589 0.021004 0.033318 0.197166 0.260155 1.308495 2.269420 1.294303 0.017372 0.025704 0.106759 0.221482 0.235722 0.031777 0.047249 0.043557 0.936131 0.810066 0.036019 0.027657 0.018944 0.028404 0.049735 0.067558 0.024284 0.023399 0.039253 0.081993 0.092231 0.033303 0.045433 0.024986 0.024986 0.030099 1.230218 1.224062 1.231046
0.045722 0.262552 0.206437 0.042091 0.036354 0.032890 0.033180 0.044885 0.077465 0.067558 0.032784 0.140373 0.243351 0.044244 0.037605 0.057534 0.134148 0.208107 0.226998 1.282646 1.268335 0.173957 0.037964 0.019570 0.082466 0.135680 0.193855 0.218622 0.195075 0.177576 0.020180 0.032279 0.086173 0.631224 0.654060 0.058892 0.036095 0.026452 0.068278 0.645538 0.534946 0.031945 0.041252 0.025300 0.036887 0.091283 0.023212 0.041527 0.037559 0.308451 0.332326 0.270948 0.229158 0.029088 0.029419 1.056432 1.161659 1.187297 1.203717
0.037378 0.249217 0.236214 0.165765 0.036674 0.037255 0.026207 0.049290 0.062202 0.127388 0.025399 0.083002 0.181267 0.112329 0.102791 0.168283 0.278816 0.208521 1.305727 1.309380 1.293169 0.199912 0.070884 0.022041 0.188702 0.221894 0.106489 0.133978 0.104548 0.166281 0.072715 0.057382 0.738379 1.809026 1.834823 0.786028 0.027229 0.028778 0.019661 0.021522 0.262016 0.378163 0.494890 0.021873 0.039454 0.261777 0.025535 0.030983 0.041114 1.382312 1.415642 2.385743 1.313297 1.179486 2.220225 2.248295 1.215438 1.225755 2.239930
0.021980 0.222342 0.208994 0.151876 0.360558 0.048638 0.032967 0.042060 0.220086 0.202447 0.121392 0.081946 0.346389 0.322124 0.330077 0.157476 0.233178 0.169899 1.336479 1.319344 0.261574 0.048210 0.093948 0.095228 0.134240 0.114602 0.173104 0.148399 0.100698 0.178229 0.113674 0.103872 0.797562 1.872075 1.881712 0.825897 0.064634 0.039772 0.037102 0.069817 0.141520 0.386124 0.019096 0.026741 1.318494 3.422186 1.401548 0.321890 0.338845 2.363596 2.404723 2.385240 1.309933 2.195133 2.264955 2.281721 2.236734 2.250794 2.246631
0.206551 0.210731 0.189751 0.133720 0.456734 0.408052 0.308195 0.295356 0.288077 0.222175 0.131890 0.324258 0.360681 0.338514 0.314710 0.257096 0.261741 0.159283 0.166603 0.209252 0.025375 0.049842 0.017372 0.076973 0.109525 0.172250 0.149969 0.115196 0.073145 0.278180 0.316153 0.077889 0.057762 0.830141 1.890252 0.811082 0.039860 0.045190 0.052532 0.280914 0.386134 0.243023 0.111764 0.327494 3.456851 4.445319 2.457817 2.459106 2.468626 3.401938 2.412186 0.307474 0.272484 2.192966 3.225958 3.250182 3.238087 3.256850 2.238471
0.161018 0.191949 0.170463 0.119590 0.477567 0.454323 0.395421 0.384895 0.017372 0.117271 0.273319 0.317989 0.308496 0.269982 0.191826 0.519243 0.492150 0.152094 0.164697 0.106925 0.073570 0.031898 0.017372 0.042168 0.067665 0.211463 0.227325 0.210577 0.262064 1.336385 0.338700 0.068123 0.065025 0.774592 0.774824 0.649155 0.372615 0.346889 1.304037 2.377086 2.443810 1.415917 2.447216 4.476624 4.479187 5.445373 4.481918 3.470580 4.492025 2.419359 0.040181 0.014397 0.025136 1.127134 4.224904 3.270490 3.240868 4.215594 4.241038
0.127937 0.160592 1.148155 0.117851 0.064979 0.031945 0.280144 0.270451 0.017372 0.061607 0.179507 0.218301 0.206688 0.157592 0.351862 0.392852 0.385436 0.096975 0.129845 0.140434 0.051705 0.033561 0.039970 0.037605 0.223848 1.300860 1.286266 1.243150 1.341456 1.337775 0.334216 0.078239 0.097833 0.091439 0.058626 0.542492 0.310686 0.391539 0.335533 2.419961 2.496464 2.534385 3.506386 3.511451 3.522607 4.428459 5.479863 5.491095 4.503712 1.457198 0.041466 0.042230 1.212731 3.244141 3.251016 2.254085 3.230806 4.238225 4.239936
0.085655 0.104347 0.114753 0.095314 0.052376 0.094139 0.138741 0.244332 0.118539 0.072166 0.220143 0.224009 0.172191 0.471405 0.407046 0.530906 0.550077 0.141859 0.210719 0.070016 0.062095 0.058144 0.025824 0.185661 1.282809 2.299518 2.286307 1.224900 0.319207 0.285937 0.316502 0.099709 0.124917 0.038567 0.033592 0.047355 0.413701 0.199695 0.146682 1.314706 2.478106 1.527665 1.506335 1.496143 1.498404 2.453079 4.455318 5.467578 4.488502 1.429695 0.376490 0.256774 3.226858 5.243237 4.258461 2.253656 3.227858 4.235001 4.235569
0.269327 0.331551 0.069299 0.061317 0.078346 0.140313 0.121941 0.237173 0.545938 0.458194 0.372506 0.336648 0.330350 1.397638 1.410013 1.369873 1.365051 0.120748 0.221434 0.250904 0.282826 0.376074 0.139180 1.217331 2.271807 3.281377 3.267564 1.217060 0.047286 0.056725 0.084268 0.143593 0.057305 0.070016 0.052422 0.082451 0.058098 0.123887 0.144566 1.294092 2.473583 1.523109 1.501781 2.465756 2.473229 2.472828 3.476025 4.478965 4.490147 0.415084 0.384523 1.176918 4.240567 5.243631 4.257115 3.259386 4.252267 4.252031 2.249174
0.197456 0.025597 0.053093 0.039772 0.050790 0.081338 0.196088 0.219993 0.104476 0.517717 1.434803 1.468372 1.470405 1.483801 1.510160 1.506592 1.491217 0.531783 0.155876 0.229466 0.273343 0.096549 0.187690 1.252192 2.303011 3.310975 3.279497 1.163875 0.056355 0.040704 0.061013 0.088217 0.103157 0.093345 0.068338 0.091103 0.080872 0.110440 0.146129 1.182393 3.453890 3.540138 3.510536 4.480108 4.493781 3.490545 4.488029 4.488765 4.507287 0.425486 0.389736 1.217824 4.246331 6.248798 5.269462 3.264608 4.253869 4.253649 3.262455
0.101632 0.098824 0.027000 0.067298 0.076713 0.157638 0.168521 0.152054 0.091828 0.045998 1.498865 2.480728 1.503451 1.492086 1.514740 1.507053 1.497221 0.546231 0.547710 0.174506 0.235606 0.107518 0.178252 1.221945 1.275363 1.292867 2.306714 1.113071 0.050514 0.025780 0.026329 0.134621 0.105507 0.106254 0.089746 0.048454 0.087425 0.105279 0.135438 1.169999 3.469673 4.537718 2.496657 3.467059 4.494297 4.488989 4.479240 4.487816 3.511943 1.481282 0.398916 1.208589 4.241847 7.235952 6.266451 4.262208 4.252169 4.249987 4.263612
0.775109 0.063057 0.073463 0.055306 0.074129 0.090047 0.435865 0.472067 0.484420 0.023899 0.477302 2.509792 2.485372 1.496896 1.519306 1.507199 1.511066 0.555318 0.559343 0.141324 0.191106 0.061037 0.082951 0.964851 0.156134 0.027000 0.303554 0.253092 0.058328 0.033515 0.035362 0.169731 0.027458 0.037092 0.034157 0.026054 0.060646 0.078423 0.086984 0.074424 0.257286 1.214323 0.332748 0.349443 1.438472 2.424766 2.428912 2.452815 1.428170 1.422931 1.357486 1.286272 3.201235 5.204937 5.251254 3.247118 3.238863 3.218473 3.247810
0.786720 0.043328 0.065559 0.049767 0.065890 0.054801 0.376243 1.472530 0.492014 0.464717 0.482879 1.498594 2.513026 1.488792 1.529828 1.486935 0.467184 0.035033 0.072166 0.135736 0.172666 0.230329 0.326624 0.596340 0.105921 0.038536 0.049569 0.048790 0.033530 0.036309 0.045937 0.041008 0.014397 0.049842 0.037209 0.026970 0.067939 0.124521 0.095434 0.084695 0.078910 0.096160 0.078515 0.071417 0.060004 1.492079 1.500596 0.429821 0.406560 0.326848 0.270715 1.241004 0.132450 0.762171 0.785917 0.031958 0.024704 0.070927 0.148538
1.700645 0.625182 0.067437 0.047858 0.046314 0.348905 1.451104 2.458987 1.452533 1.457922 1.445907 1.473892 1.470045 1.463568 0.480576 1.477927 0.460799 0.444054 0.046570 0.072143 0.503834 0.437353 0.535161 0.404747 0.072342 0.036232 0.060220 0.059258 0.031059 0.028572 0.036843 0.036994 0.036369 0.037163 0.187797 0.174766 0.140787 0.110694 0.097969 0.069206 0.062492 0.060265 0.075721 0.053566 0.070787 1.512121 1.512094 0.043907 0.041499 0.058449 0.044258 0.043754 0.053194 0.044106 0.067741 0.014397 0.026833 0.080065 0.085853
1.743053 0.649038 0.051018 0.035301 0.053559 1.394246 2.451218 2.464450 2.462065 2.459148 2.457144 2.444747 2.442498 1.470011 1.440911 2.443331 2.435833 2.452940 2.436842 1.421931 1.415126 1.270163 0.481869 0.413171 0.045144 0.065215 0.036492 0.044716 0.050775 0.023857 0.095253 0.048073 0.071724 0.026238 0.187431 0.175316 0.163537 0.150537 0.143335 0.092294 0.048057 0.049050 0.041011 0.069435 0.084607 1.482347 1.478822 0.059929 0.066586 0.036644 0.069084 0.046044 0.030937 0.037209 0.064232 0.042793 0.028297 0.156318 0.095497
0.674202 0.523491 0.278778 0.158921 0.345135 1.414344 2.446189 2.455437 3.454394 2.457048 2.457831 3.450218 3.449116 3.435735 3.448616 3.451119 4.447114 4.442544 3.448107 3.441816 3.408973 1.343946 0.020241 0.014397 0.067082 0.059512 0.055499 0.061042 0.074440 0.046501 0.079627 0.046333 0.054436 0.023628 0.022041 0.165413 0.166283 0.158902 0.142677 0.027229 0.030790 0.040459 0.066874 0.051475 0.047324 0.592943 0.564683 0.077020 0.096443 0.099814 0.054848 0.046730 0.027717 0.055867 0.052863 0.219368 1.320030 0.206551 0.146538
0.032158 0.398411 0.312209 0.368871 1.421827 2.445206 2.465637 3.462391 3.479320 2.470212 3.453948 4.458426 4.457873 4.459666 4.459687 3.467134 4.452145 4.452811 3.451126 3.457041 2.464254 1.434214 0.403181 0.019310 0.267346 0.276701 0.319403 0.329859 0.339376 0.122855 0.130012 0.052024 0.046809 0.034645 0.018151 0.149559 0.028359 0.038170 0.045784 0.026939 0.024361 0.028267 0.035592 0.048179 0.062004 0.625497 0.611954 0.627458 0.097512 0.094795 0.079125 0.065833 0.053382 0.046288 0.050545 0.059944 0.199576 0.026802 0.121604
0.040831 0.031837 0.207779 1.309634 2.453059 3.453947 3.468295 3.468976 3.471426 3.468183 4.459713 4.468360 5.462895 5.464738 4.462461 4.458095 4.452442 4.458557 2.449633 2.457808 1.457891 0.416195 0.404708 1.398962 1.396566 1.395888 0.390339 0.392475 0.390865 0.017372 0.092273 0.282147 0.059726 0.050499 0.049873 0.079690 0.033119 0.043312 0.019310 0.014397 0.026939 0.026757 0.044590 0.051583 0.079170 0.598712 0.570915 0.079577 0.045860 0.050880 0.051162 0.042000 0.068914 0.064400 0.040246 0.059456 0.044976 0.033867 0.035241
0.058403 0.045510 0.045570 3.461349 5.465295 5.460477 4.449656 3.459615 3.465765 3.462876 4.460342 4.463419 4.463999 5.469362 4.464596 4.471765 5.444754 4.455876 3.448394 2.459138 1.461291 0.419236 0.409158 1.396236 2.405061 1.405888 1.402638 0.400716 0.400728 0.017372 0.062144 0.261111 1.305607 0.221467 0.070535 0.061973 0.048789 0.030052 0.037361 0.026787 0.038627 0.039390 0.038949 0.055611 0.120277 0.107706 0.102248 0.055000 0.045432 0.036996 0.045966 0.032478 0.044068 0.040809 0.043526 0.038674 0.028298 0.029228 0.031441
0.066948 0.058434 0.034218 3.446379 4.454024 5.436364 4.443709 3.451162 2.460278 3.462903 4.457804 4.462054 4.462009 4.463376 3.456391 3.459379 5.436571 5.443771 5.447101 3.443195 2.427794 2.430538 1.415340 2.399417 3.409426 2.407666 2.407088 2.413444 1.412082 0.027070 0.034477 1.322493 1.329739 1.313905 0.212668 0.062562 0.041879 0.034172 0.031544 0.038567 0.055565 0.038338 0.085502 0.014397 0.051903 0.069191 0.071968 0.049568 0.042687 0.044578 0.048698 0.034310 0.048484 0.018089 0.020333 0.047264 0.014397 0.024894 0.040779
0.066552 0.057121 0.033913 1.441477 2.457876 3.432694 2.460863 2.462603 2.464282 2.464387 4.456698 5.459325 5.456763 4.464870 3.457690 3.460587 5.440382 5.446078 5.446945 4.449429 3.448480 2.426756 2.416914 3.398537 3.410470 3.407482 3.409769 2.414943 1.412392 0.340334 0.332003 0.326959 1.332803 1.333727 1.318951 0.217010 0.044915 0.030266 0.032921 0.042305 0.084401 0.057426 0.092149 0.072899 0.041511 0.045708 0.071496 0.055168 0.049583 0.027993 0.028664 0.018197 0.021615 0.021706 0.030327 0.050804 0.040245 0.041023 0.039603
0.048623 0.036737 0.049899 1.386268 2.456648 2.464325 2.466200 2.467691 2.469982 2.470593 3.458960 5.461620 6.459560 6.468626 4.466540 3.464204 4.437748 5.442398 5.447592 5.459889 3.453141 2.427526 2.419629 2.408467 2.411712 3.408866 3.415063 2.416706 1.414471 0.381690 0.341588 0.332845 0.340731 0.325411 1.312497 1.308036 0.047195 0.032708 0.033790 0.062569 0.056129 0.061424 0.114373 0.097642 0.051918 0.035729 0.031914 0.029914 0.023354 0.032066 0.027092 0.037987 0.032341 0.039559 0.045356 0.065468 0.045280 0.040338 0.051308
