use_cases/Flooding_chicago/flooding_data/output/h_2160.asc
ncols 337
nrows 393
xllcorner 428428.000000
yllcorner 4602440.000000
cellsize 26.757400
NODATA_value -9999.000000
[rows 270 to 296 of 393, columns 59 to 117 of 337]
0.093728 0.108894 0.115196 0.059868 0.033821 0.035835 0.086280 0.047141 0.224576 0.040276 0.022590 0.022590 0.061242 0.040169 1.278579 2.285451 2.281207 1.283421 0.209941 0.017372 0.031654 0.331342 0.191555 0.033485 0.025581 0.033959 0.042182 0.042976 0.402249 2.588562 2.590791 1.603003 2.619832 2.569689 0.666905 0.710433 0.702460 0.671500 0.617236 0.606712 0.058591 0.115192 0.123848 0.096966 0.478113 0.461611 0.419962 1.494908 1.481605 1.475333 2.524148 2.513772 2.502072 1.547611 1.562114 1.550176 1.554750 1.549652 1.537772
0.052909 0.055199 0.061103 0.082008 0.034112 0.034721 0.060845 1.332887 1.322456 0.297438 0.054863 0.071983 0.066027 0.059029 1.266259 3.288285 3.285695 2.290364 0.245660 0.017372 0.026357 0.416497 0.061139 0.025704 0.033257 0.026877 0.036553 0.043083 0.394068 1.558919 2.611635 2.647018 2.622842 3.589687 1.467399 0.716552 0.736036 0.681445 0.606438 0.043888 0.014396 0.164871 0.164217 0.151386 0.123682 0.107937 0.056365 0.418976 0.370190 0.410336 1.403121 1.405880 1.533315 1.520658 1.534426 0.528172 0.473882 0.533644 0.575484
0.076012 0.073554 0.076164 0.085259 0.032525 0.032708 0.049995 1.342277 1.338693 0.297050 0.048912 0.063660 0.051170 0.045723 1.263032 3.277393 3.275637 2.285985 0.229278 0.151169 0.666047 0.610868 0.121129 0.027397 0.041466 0.033226 0.032723 0.049645 0.047189 0.073645 1.572114 2.598469 2.599220 3.557513 2.393188 1.790954 1.819923 0.642487 0.043096 0.018028 0.203417 0.195389 0.194012 0.186220 0.178662 0.176409 0.024926 0.025841 0.054069 0.056607 0.636895 0.651792 1.481111 0.561613 0.472426 0.043203 0.046709 0.071858 0.625878
0.069283 0.057580 0.057275 0.062842 0.025384 0.025444 0.041207 1.341070 1.336617 0.294185 0.044326 0.050149 0.355331 0.350572 2.272405 2.283812 0.242739 0.232099 0.216272 0.152437 1.654238 0.596601 0.129762 0.184762 0.035301 0.027169 0.033363 0.033211 0.039955 0.051597 0.090980 0.440023 1.591453 1.560194 1.529054 1.605583 1.697406 0.684265 0.076817 0.021003 0.196507 1.213041 1.220334 0.205933 0.202054 0.202286 0.031151 0.036081 0.021354 0.110755 0.719570 0.785470 0.766162 0.617090 0.040872 0.065343 0.014396 0.138045 0.624688
0.043175 0.079689 0.070870 0.070442 0.068098 0.030586 0.028344 1.339339 1.334121 0.291985 0.046027 0.058821 0.045739 0.033654 1.270499 0.220368 0.024834 0.027946 0.019447 0.159492 0.631457 0.081967 0.027687 0.034874 0.036506 0.053169 0.080952 0.049920 0.058342 0.032951 0.099174 0.142103 0.459877 0.455241 0.495380 0.764350 1.967812 2.008213 1.093161 0.018028 0.222047 0.218835 0.217399 0.208921 0.206564 0.206247 0.024926 0.025841 0.170494 1.150257 1.934254 2.041857 1.010482 0.068644 0.025704 0.026909 0.228422 0.212556 0.141419
0.056477 0.080254 0.272072 0.274222 0.079429 0.102743 0.211527 1.346502 1.336129 0.288335 0.047905 0.061730 0.058464 0.048653 0.029854 0.025826 0.029457 0.025001 0.239975 0.229332 0.189632 0.020180 0.017372 0.017372 0.038903 0.036155 0.047433 0.054192 0.048653 0.189599 0.209047 0.162377 0.362168 0.020348 0.061811 0.784033 2.045401 3.159879 3.147398 0.206470 0.223450 0.222520 0.220980 0.036353 0.044441 0.032997 0.229117 0.223914 1.210659 1.151128 1.892825 1.940960 1.021320 0.109988 0.033302 0.039375 0.026909 0.253335 0.189194
0.088571 0.058051 0.307228 0.311883 0.272712 0.155403 0.152673 0.231700 0.244315 0.031411 0.052696 0.059211 0.054374 0.035668 0.236116 0.257249 1.291982 1.298415 1.291744 0.251308 0.240513 0.252163 0.027229 0.033025 0.028160 0.112315 0.073343 0.108067 0.138968 0.217204 1.286124 1.322487 0.219445 0.023582 0.040050 0.133887 3.239843 6.287076 5.221661 1.270252 0.243376 0.236246 0.036598 0.059288 0.065865 0.047172 0.235372 0.232686 1.223444 1.209674 0.176922 0.165797 1.119225 0.158306 0.031472 0.033271 0.025689 0.278214 0.048209
0.061439 0.171305 0.222007 0.240309 0.251624 0.110452 0.099891 0.163077 0.164835 0.028252 0.039803 0.042625 0.034493 0.559904 0.171369 0.247181 1.291453 1.292361 1.289969 0.253226 0.238670 0.243374 0.186754 0.160564 0.140956 0.070661 1.182569 0.134758 0.173641 0.217138 1.276819 1.311011 0.225762 0.022590 0.022590 0.034564 3.149416 6.206575 5.158003 2.239302 1.242419 0.211938 0.046089 0.068901 0.082238 0.018089 0.238176 0.238254 1.248684 1.238509 1.277524 1.277859 1.220054 0.217952 0.020333 0.305210 0.305811 0.293467 0.054238
0.082141 0.889626 0.962745 0.955685 0.176112 0.179331 0.085839 0.070198 0.195602 0.035347 0.051369 0.064323 0.041038 0.549625 0.105864 0.025642 0.030295 1.298460 1.294403 0.250715 0.028054 0.024803 0.206194 0.194391 0.154995 0.076727 1.183817 0.151392 0.077870 0.078363 0.056112 0.047486 0.047051 0.022590 0.022590 0.030432 2.128424 5.197907 5.162618 2.250897 1.238529 0.223215 0.037208 0.060982 0.021660 0.021660 0.028542 0.223523 1.286464 2.317312 3.316208 2.308927 2.307739 1.303744 0.285799 0.308921 0.310514 0.264724 0.049797
0.917339 0.958258 0.982830 0.982889 0.123409 0.146767 0.145402 0.167535 0.260718 0.242936 0.092843 0.034111 0.474024 0.477566 0.071837 0.030220 0.050698 0.052788 0.051704 0.047021 0.044532 0.028450 0.203844 0.200923 0.014396 0.095464 0.152459 0.154866 0.081871 0.080057 0.057229 0.050453 0.014396 0.038042 0.037432 0.196382 2.221215 4.242212 4.189533 2.244971 1.219144 0.271362 0.238293 0.035850 0.018089 0.040593 0.027794 0.260515 1.290473 2.297304 3.298664 3.302343 3.308449 3.305396 2.298934 1.301833 1.298585 0.267558 0.023506
0.972925 0.936416 0.975454 0.048506 0.098925 0.109779 0.091530 0.588421 0.211739 0.282970 0.123711 0.021690 0.476301 0.470522 0.065837 0.126564 0.053169 0.072959 0.071525 0.060541 0.036749 0.182018 0.182172 0.164883 0.114094 0.048669 0.054971 0.093423 0.121671 0.194208 0.150219 0.128933 0.019310 0.036183 0.186832 1.278714 3.220672 4.198639 4.124763 3.256596 2.291364 2.294724 1.284914 0.224726 0.021121 0.276376 0.300361 0.287416 1.287368 2.293749 2.299550 3.282690 4.288957 4.291608 3.293019 2.295752 1.294735 1.290966 0.022942
0.943857 0.860156 0.023793 0.043281 0.062752 0.058327 0.521976 0.567380 0.632773 0.134028 0.231693 0.313291 0.407882 1.431822 0.274439 0.097178 0.057092 1.079414 1.079322 0.055619 0.211900 0.178931 0.163756 0.140530 0.092233 0.109266 0.082222 0.108012 0.113657 0.139295 0.277561 0.235892 0.215605 0.219453 1.271631 1.273655 2.238874 2.254920 2.200782 3.264687 3.268665 3.265104 2.279780 1.266640 0.239418 0.305752 0.300762 1.315003 2.315353 2.302187 2.305993 2.295330 3.299836 3.297205 2.300902 1.277613 0.313133 0.303612 0.029580
0.021476 0.489770 0.276153 0.245602 0.254063 0.278296 0.405095 0.407262 0.108580 0.170314 0.262233 0.322600 0.370678 0.373633 0.039147 0.037682 0.021492 0.074959 0.071266 0.057304 0.027856 0.132478 0.110832 0.092693 0.059809 0.072328 0.096307 0.059704 0.112244 0.112588 0.239321 1.257527 1.292907 1.301710 1.286785 1.284563 2.250007 2.267185 1.266409 2.218861 2.239303 3.281703 3.286685 2.269577 1.303643 1.312265 1.313553 2.314181 2.303567 2.299396 2.295090 1.280810 3.291657 2.294297 1.279552 0.326178 0.325076 0.322794 0.314729
0.044063 0.827318 0.763540 0.828400 0.151821 0.155953 0.876435 0.216476 0.077408 0.022942 0.023567 0.330152 0.289573 0.033959 0.037697 0.027396 0.036324 0.021309 0.051885 0.037575 0.064938 0.076474 0.281144 0.186978 0.456767 0.032021 0.092264 0.050148 0.054880 0.053047 0.234177 1.282911 2.296564 2.309918 2.298622 2.299216 3.299572 2.284616 1.274389 0.308816 1.305578 2.259381 3.285646 3.295234 2.310544 2.315372 2.316646 3.317313 2.306426 2.301652 1.303809 0.316252 2.326123 3.323850 2.303288 0.345612 0.349573 0.361444 1.441597
0.882553 0.942151 1.909714 0.950908 0.903091 0.909639 1.932079 0.852436 0.022117 0.023506 0.027367 0.266517 0.206895 0.046150 0.050285 0.032539 0.033944 0.059825 0.053611 0.091911 0.125863 0.049678 0.031717 0.103161 0.361331 0.201320 0.112270 0.169497 0.081628 0.098313 0.098815 1.272372 2.296625 2.308680 2.295609 2.300706 3.271506 2.289623 2.305416 0.315947 1.303932 1.301438 2.301699 3.282201 2.311577 2.312910 3.319938 3.314134 2.309732 2.305795 1.315717 1.325262 2.314451 3.316681 2.309362 1.293101 0.352936 0.361884 1.465742
1.940166 1.924226 1.958819 1.946307 1.949165 1.952809 1.952775 0.884439 0.034585 0.039537 0.019310 0.130102 0.420657 0.047173 0.049970 0.031959 0.032356 0.047385 0.067514 0.247486 0.074624 0.036247 0.017967 0.032372 0.029884 0.329299 0.249980 0.162841 0.219617 0.130586 0.190090 0.129042 0.243436 0.229758 0.252308 2.269122 2.236113 2.251473 2.256895 1.346793 1.309168 2.324389 2.309281 2.303565 2.314015 2.315305 3.316622 3.314382 2.310209 2.305653 1.314972 1.319036 2.313060 3.309437 2.302761 2.319676 1.307049 1.294708 0.381473
0.940458 1.949128 1.954558 1.957085 1.962587 1.965982 1.968597 1.945491 0.954689 0.052337 0.097930 0.186875 0.284848 0.041252 0.036843 0.025185 0.025307 0.033349 0.046805 0.179860 0.142337 0.036873 0.021034 0.017967 0.037606 0.024971 0.136309 0.104927 0.174906 0.097543 0.225935 0.215548 0.022590 0.022590 0.240505 1.298396 1.298139 1.299763 1.312427 1.330994 1.314292 2.296622 2.289891 2.303854 2.313597 3.320956 3.317187 3.316665 3.319537 2.310834 2.322880 1.319393 2.316568 2.300985 1.321669 2.338161 2.322301 1.286822 0.376823
0.937928 1.945948 1.947388 1.953257 1.959362 1.964758 1.969078 1.941060 0.965845 0.955944 0.850388 0.193081 0.186049 0.032844 0.050270 0.049812 0.046882 0.035729 0.045357 0.472459 0.536811 0.053368 0.030048 0.020302 0.029137 0.041160 0.152584 0.163041 0.120791 0.292703 0.248214 0.233974 0.022590 0.022590 0.224443 1.289282 1.303783 1.308695 1.322182 1.336980 1.321676 1.326464 1.323338 2.291609 2.310064 2.307628 3.320294 3.316886 3.316014 4.330771 3.326537 2.320097 2.306445 1.321238 2.330710 3.336609 3.327528 2.315208 0.280564
0.905759 1.942992 2.919842 2.938095 2.952565 2.947657 1.966597 1.944112 1.940363 0.966112 0.895762 0.139246 0.107215 0.038765 0.046806 0.046498 0.037240 0.065227 0.531748 2.640853 2.665006 0.482676 0.039778 0.021141 0.041923 0.040734 0.607836 0.089954 0.069196 0.274845 0.225893 0.162359 0.117931 0.501765 1.184334 1.336605 1.340891 1.343396 2.383477 1.355999 1.332995 1.337213 1.340879 0.328194 0.328505 1.319023 3.313424 4.318607 4.317215 4.311127 3.317308 1.322796 1.319443 1.313874 1.321923 3.334774 3.326890 2.311326 0.271511
1.841416 2.923254 2.944057 2.944043 1.957854 1.955635 1.974440 1.937207 1.948334 1.935886 0.940917 0.882912 0.120487 0.035607 0.051803 0.044228 0.073402 0.561930 1.673632 3.631307 3.710490 1.626784 0.439932 0.285084 0.166666 1.696234 0.683825 0.064569 0.347436 0.298781 0.181312 0.959792 0.955834 0.608327 1.194435 1.308560 1.315153 1.335815 2.327149 2.350623 1.326770 1.332799 1.331468 0.329493 0.326499 1.312174 2.294946 3.308714 3.300115 3.302437 3.311776 1.318899 1.313340 0.322768 1.325387 2.328732 2.327973 1.315364 0.290814
2.850143 1.874135 1.893996 0.936638 0.919715 0.036493 0.036660 0.921030 1.941326 1.942335 1.943046 1.950384 0.887453 0.058700 0.066057 0.076909 0.079220 0.597591 1.641962 2.623634 1.679026 1.659972 0.445972 0.283449 0.789849 0.747973 1.587900 0.548378 0.432854 0.331249 1.034161 1.042688 1.054245 0.051046 0.165661 0.025668 0.023908 1.240341 1.209517 1.216295 1.287277 1.317301 1.326051 2.348190 2.342009 2.344943 1.330112 2.308687 2.321295 2.325692 3.326164 2.335013 2.333714 1.339206 1.327112 2.331093 2.330806 0.046914 0.088178
2.866437 1.828964 0.784489 0.037056 0.040021 0.037605 0.040317 0.893978 0.883062 1.914686 1.914682 0.884093 0.928678 0.868878 0.820213 0.051460 0.052082 0.601870 1.612602 0.034440 0.040558 0.502245 0.344375 0.878966 0.899385 0.751264 1.562483 1.653997 0.459918 0.360742 0.217325 1.073320 0.088710 0.076402 0.050878 0.036422 0.026449 0.465123 0.505909 0.475165 0.405685 1.317995 1.342999 1.347724 2.329361 2.347437 1.333258 1.330886 2.321041 2.328299 3.327648 2.330588 2.330323 1.334287 1.322786 2.329966 2.330108 0.038933 0.017967
2.871975 1.811278 0.729683 0.618002 0.617374 1.599031 0.049828 0.058304 0.046828 0.953551 0.952620 0.038673 0.044461 0.033543 0.770752 0.767758 0.758957 0.707660 0.702812 0.030263 0.046399 0.034201 0.247262 0.904317 1.034538 0.030556 0.399678 0.446484 0.379835 0.314310 0.185935 1.073717 0.095126 0.081418 0.053593 0.797757 0.810890 0.659644 0.604345 0.541978 0.433807 1.316006 1.346395 1.347637 1.346492 2.337202 1.337730 1.334605 2.321529 2.329458 3.318778 2.330509 2.319925 1.335274 0.326456 1.328012 2.328215 0.037178 0.021034
1.800589 1.776946 1.712654 0.668453 0.654571 1.618047 0.069996 0.030205 0.040992 0.043465 0.040993 0.030205 0.067271 0.048900 0.786560 0.787578 0.773602 0.772324 0.019187 0.758949 0.042326 0.041897 0.199947 0.900481 1.016677 0.028089 0.334750 0.343890 0.315197 0.277124 0.945625 2.086927 0.091848 0.075376 0.043360 0.766336 0.781743 1.706809 0.643640 0.565025 1.283107 1.291282 1.315849 1.331578 1.337464 1.338526 1.336685 2.330927 2.328024 2.330331 2.329544 2.326178 1.332088 1.332747 0.321989 0.322854 1.298399 0.029929 0.041924
1.798523 1.790677 1.769385 0.678535 0.656199 1.612189 0.072720 0.039254 0.054680 0.058067 0.054679 0.039254 0.064705 0.779782 0.808881 0.795827 0.778705 0.786799 0.017601 0.765279 0.047723 0.056258 0.035028 0.060248 0.975957 0.019497 0.246251 1.121704 1.194587 0.218242 0.968333 2.092747 0.068237 0.053308 0.856590 0.841287 1.874692 0.772466 0.692996 0.625484 0.418508 0.300642 0.291187 0.293169 0.297895 1.330768 1.327903 2.325706 2.318573 2.327613 2.324407 1.332035 1.333326 1.336600 1.328034 0.349142 0.365627 0.406295 0.434964
1.806489 1.826047 1.749576 0.652785 1.497840 1.562084 0.050924 0.033165 0.052207 0.056724 0.052208 0.033165 0.770262 1.808153 1.796134 1.801456 0.771368 0.767620 0.769054 0.751639 0.061607 0.023826 0.023033 0.035560 0.044991 0.128844 1.157366 1.179240 1.217353 0.163160 0.075623 1.000584 0.992986 0.030137 0.834045 1.887816 1.869114 1.907754 0.753482 0.701735 0.050150 0.049294 0.056158 0.047843 0.031653 0.344549 0.344604 0.345344 1.291126 2.321555 2.322692 1.330352 2.345229 2.344906 2.334661 1.326622 1.338483 0.023704 0.025536
0.683309 0.664771 1.554992 1.480661 2.534963 2.540314 0.486005 0.049212 0.033303 0.040337 0.033302 0.095364 1.754050 1.790448 1.801954 1.806681 0.769140 0.767530 0.778180 0.753640 0.070590 0.028237 0.023690 0.048729 0.025154 0.133699 1.167546 1.163212 0.140986 0.096908 0.967243 0.995121 0.971978 0.943540 0.898095 1.854743 1.833071 1.856729 0.769377 0.086511 0.096939 0.022971 0.085808 0.067725 0.037102 0.346284 0.346882 0.348330 0.345936 1.333205 2.335821 2.341193 3.337273 3.336210 2.333348 2.334154 1.333001 0.025536 0.035712
