use_cases/Flooding_chicago/flooding_data/output/h_2100.asc
ncols 337
nrows 393
xllcorner 428428.000000
yllcorner 4602440.000000
cellsize 26.757400
NODATA_value -9999.000000
[rows 135 to 161 of 393, columns 236 to 294 of 337]
0.474098 0.067252 0.023507 0.022942 0.158806 0.213053 0.863437 1.156654 0.793589 0.742390 0.060056 0.070565 0.052392 0.035789 0.043236 0.024590 0.056526 0.052209 0.020974 0.029457 0.022194 0.419377 0.453312 0.045123 0.063033 0.078595 0.027947 0.017372 0.028420 0.028130 0.034675 0.036281 0.784997 1.900794 2.750076 2.805422 1.508339 1.454340 0.501601 0.054697 0.060356 0.045265 0.037895 0.033898 0.041161 0.017372 0.020134 0.058983 0.046166 0.041344 -9999.000000 -9999.000000 -9999.000000 -9999.000000 -9999.000000 -9999.000000 -9999.000000 -9999.000000 -9999.000000
0.024541 0.019309 0.027367 0.023566 0.243864 0.223046 0.708746 1.683661 0.560586 0.337924 0.045250 0.045936 0.048606 0.037132 0.026481 0.036522 0.034477 0.030678 0.020226 0.026771 0.408321 1.531377 1.558819 0.541932 0.577689 0.071269 0.085744 0.031959 0.042625 0.032982 0.046135 0.043679 0.862589 1.889829 1.706034 1.729206 0.607641 0.581087 0.156891 0.044517 0.047966 0.055336 0.050320 0.039696 0.040214 0.017372 0.039880 0.094277 0.084190 0.044228 -9999.000000 -9999.000000 -9999.000000 -9999.000000 -9999.000000 -9999.000000 -9999.000000 -9999.000000 -9999.000000
0.523022 0.542183 0.028105 0.282921 1.338347 1.360619 1.150166 2.010490 0.713135 0.094656 0.033073 0.040459 0.029091 0.021419 0.027061 0.014397 0.035225 0.027016 0.033028 0.055339 1.515731 2.527274 2.533876 1.529486 0.039209 0.060369 0.057642 0.046737 0.050865 0.020684 0.034187 0.039675 0.953963 1.986655 0.918741 0.752385 0.220455 0.300937 0.305501 0.047432 0.049369 0.030922 0.052192 0.032447 0.028663 0.033913 0.028632 0.049370 0.075035 0.051567 -9999.000000 -9999.000000 -9999.000000 -9999.000000 -9999.000000 -9999.000000 -9999.000000 -9999.000000 -9999.000000
2.547771 1.523721 1.519678 2.448812 2.461833 2.450642 2.431808 2.347472 0.272466 0.127820 0.033577 0.041725 0.030446 0.038414 0.030831 0.035362 0.042320 0.032448 0.059199 1.505689 2.544549 3.535271 3.545582 1.542231 0.036274 0.035521 0.093987 1.021988 0.056873 0.050232 0.053166 0.033145 1.012158 2.053159 0.999780 0.299339 0.339408 0.413486 1.469641 0.045807 0.036202 0.043694 0.033745 0.043479 0.046614 0.037054 0.031178 0.050621 0.095558 0.062508 0.038459 -9999.000000 -9999.000000 -9999.000000 -9999.000000 -9999.000000 -9999.000000 -9999.000000 -9999.000000
3.523316 4.530258 4.551383 5.506991 4.535391 3.492580 3.522299 2.451709 0.422900 0.311589 0.596793 0.837677 0.944287 0.156423 0.039841 0.057016 0.064678 0.050985 1.490139 3.512245 4.540076 3.504915 3.521008 2.490027 1.279287 1.207114 1.122931 1.006717 0.760362 1.089914 1.239029 1.243786 3.184943 2.181958 1.130542 0.364284 0.396209 1.529268 3.497123 1.454061 0.347382 0.098376 0.044853 0.077507 0.028450 0.064555 0.049843 0.038735 0.076882 0.063148 0.261193 -9999.000000 -9999.000000 -9999.000000 -9999.000000 -9999.000000 -9999.000000 -9999.000000 -9999.000000
5.391393 6.507941 5.512813 5.486487 5.522106 3.465771 3.459391 2.440803 0.413208 0.349251 0.320971 0.073919 1.089273 1.191154 0.241067 0.045616 0.044971 0.408110 1.492159 3.488247 4.506574 3.489352 3.501001 2.484100 1.267235 1.175745 1.081448 0.962855 0.729348 1.046124 2.202198 2.272943 4.214176 3.268583 2.213955 1.380735 1.390536 2.458323 4.436185 3.417596 1.357572 0.153946 0.218637 0.068536 0.040032 0.082326 0.070497 0.045497 0.343316 0.345915 0.386808 -9999.000000 -9999.000000 -9999.000000 -9999.000000 -9999.000000 -9999.000000 -9999.000000 -9999.000000
4.472829 4.566220 2.325954 2.363945 2.369922 2.402725 1.208636 1.247570 0.245105 0.049142 0.042930 0.025627 0.027901 1.301365 1.360699 0.471640 0.493544 1.530269 1.517332 3.514781 4.521866 4.517244 2.506722 1.513713 0.356442 0.260557 0.180848 0.106028 0.515895 1.050849 2.179944 2.218462 3.154887 3.201942 1.020206 0.244665 0.243169 1.330155 3.404508 2.421134 0.259600 0.098096 0.028859 0.017372 0.056862 0.545196 1.703971 0.614541 0.504251 0.258063 0.173277 -9999.000000 -9999.000000 -9999.000000 -9999.000000 -9999.000000 -9999.000000 -9999.000000 -9999.000000
3.574285 0.397144 0.030012 0.021508 0.052784 0.112932 0.091154 0.041710 0.061638 0.049277 0.040656 0.023796 0.042595 0.319608 1.470490 1.520676 1.522081 2.545777 2.550351 3.521008 4.534382 3.526454 2.515925 0.454786 0.020858 0.017372 0.017372 0.021993 0.024204 1.062709 2.174573 2.180240 1.066108 0.104408 0.038433 0.025017 0.037485 0.411539 0.473855 0.059963 0.071332 0.020988 0.033636 0.017372 0.044373 1.678506 1.708135 1.720357 0.634807 0.032324 0.044092 -9999.000000 -9999.000000 -9999.000000 -9999.000000 -9999.000000 -9999.000000 -9999.000000 -9999.000000
2.404729 0.041554 0.018318 0.022895 0.059875 0.086432 0.073219 0.043007 0.054222 0.039177 0.045906 0.022453 0.021782 0.035484 1.430827 2.534882 2.530620 2.535137 2.533677 3.525590 4.534741 4.541464 2.520957 0.517546 0.534643 0.532694 0.049417 0.086136 0.283738 0.208920 2.236100 2.210918 0.066914 0.046154 0.025215 0.031853 0.026436 0.625543 0.033165 0.074486 0.048338 0.461109 0.462682 0.020180 0.610191 0.526679 0.510771 0.560811 0.575727 0.037595 0.030663 -9999.000000 -9999.000000 -9999.000000 -9999.000000 -9999.000000 -9999.000000 -9999.000000 -9999.000000
1.182386 0.062555 0.052163 0.025825 0.119988 0.091698 0.036689 0.040230 0.030357 0.032936 0.030235 0.040214 0.048963 0.047128 0.425071 2.527726 3.539085 2.541075 2.538088 3.492906 4.509926 4.513350 2.519215 0.504383 0.522118 0.522592 0.077082 0.039376 0.113385 0.080005 1.137071 0.062374 0.067491 0.083007 0.026421 0.037743 0.032494 0.852480 0.069610 0.056283 0.077979 0.412886 0.426709 0.371396 0.210623 0.137998 0.025951 0.053875 0.590043 0.047603 0.043313 -9999.000000 -9999.000000 -9999.000000 -9999.000000 -9999.000000 -9999.000000 -9999.000000 -9999.000000
0.403012 0.059440 0.057609 0.037408 0.045906 0.046959 0.032723 0.027825 0.029396 0.018028 0.037697 0.045112 0.061965 0.051944 1.532664 2.535562 3.527555 2.540235 2.539310 2.534254 3.533877 3.510440 1.508394 0.052389 0.073110 0.119146 0.144318 0.017372 0.115471 0.085712 0.157238 0.053360 0.053597 0.102720 0.156107 0.021738 1.147994 2.104657 2.135882 0.104616 0.061892 0.072382 0.062694 0.064658 0.069458 0.036827 0.034141 0.045266 0.041160 0.076883 0.059624 -9999.000000 -9999.000000 -9999.000000 -9999.000000 -9999.000000 -9999.000000 -9999.000000 -9999.000000
0.084831 0.099144 0.070884 0.037071 0.046822 0.049659 0.039696 0.028038 0.030175 0.021004 0.028282 0.032783 0.356115 0.513877 1.533526 2.539447 2.536178 2.540735 2.542368 2.541259 3.544776 2.535755 0.426659 0.023980 0.026344 0.186433 0.189753 0.017372 0.180947 0.151931 0.097773 0.031777 0.041433 0.031654 0.128506 0.975717 3.142926 4.137608 4.125584 1.143300 0.100890 0.031410 0.044518 0.043771 0.050453 0.022255 0.060251 0.033775 0.036125 0.031258 0.040931 -9999.000000 -9999.000000 -9999.000000 -9999.000000 -9999.000000 -9999.000000 -9999.000000 -9999.000000
0.141627 0.088478 0.103875 0.021613 0.446894 0.443950 0.036003 0.047035 0.033317 0.018028 0.033028 0.042609 0.354044 1.525630 1.536951 2.535411 2.534924 2.535513 3.578482 3.581064 3.554159 2.546767 0.415182 0.025948 0.036055 0.159449 0.171984 0.229755 1.225255 1.192971 0.053737 0.035871 0.024788 0.024559 0.033379 0.905987 3.139304 5.143363 4.157525 2.179164 0.115283 0.021919 0.036826 0.025887 0.033119 0.029625 0.037498 0.030587 0.033241 0.035743 -9999.000000 -9999.000000 -9999.000000 -9999.000000 -9999.000000 -9999.000000 -9999.000000 -9999.000000 -9999.000000
0.183997 0.167398 0.188514 0.294951 0.405404 0.396008 0.096504 0.068855 0.059883 0.028419 0.025917 0.042228 0.365946 0.526527 1.519007 1.507816 1.509906 1.505221 3.559424 3.557384 3.553753 2.547846 0.405695 0.078719 0.052956 0.022438 0.033104 0.188608 0.210932 0.157022 0.036303 0.020438 0.031456 0.014397 0.024781 0.076997 3.167892 5.130542 4.147363 3.128232 1.062297 0.035781 0.029015 0.028175 0.017372 0.017372 0.020180 0.035469 0.045387 -9999.000000 -9999.000000 -9999.000000 -9999.000000 -9999.000000 -9999.000000 -9999.000000 -9999.000000 -9999.000000 -9999.000000
0.103352 0.146965 0.155922 0.234918 0.049461 0.088280 0.116676 0.069680 0.059395 0.029039 0.036837 0.045738 0.058845 0.533132 0.545389 0.552073 0.553742 0.561530 3.567787 4.590605 3.567029 2.563604 0.418450 0.040290 0.071189 0.024467 0.025353 0.055002 0.065471 0.063100 0.066853 0.029731 0.039818 0.033516 0.025444 0.073558 3.143342 5.104860 4.125972 2.151046 1.120454 1.148252 0.124806 0.035062 0.025704 0.025704 0.035408 -9999.000000 -9999.000000 -9999.000000 -9999.000000 -9999.000000 -9999.000000 -9999.000000 -9999.000000 -9999.000000 -9999.000000 -9999.000000 -9999.000000
0.054036 0.036797 0.035923 0.024315 0.025932 0.035561 0.019692 0.027305 0.043495 0.049774 0.021919 0.038612 0.076197 0.052758 0.559223 0.560772 0.564462 1.607732 4.591362 5.607076 4.611989 2.579247 0.034996 0.021050 0.019997 0.029777 0.034676 0.021004 0.098739 0.083884 0.048885 0.429772 0.491518 0.400291 0.398732 1.905419 3.120680 3.098750 2.135469 1.139259 1.112409 0.121993 0.158436 0.189619 0.030540 0.030540 -9999.000000 -9999.000000 -9999.000000 -9999.000000 -9999.000000 -9999.000000 -9999.000000 -9999.000000 -9999.000000 -9999.000000 -9999.000000 -9999.000000 -9999.000000
0.039818 0.031685 0.019401 0.025932 0.068214 0.030098 0.044838 0.054237 0.063943 0.067391 0.030128 0.027595 0.044227 0.023415 0.555280 1.586627 2.595042 2.602805 4.558614 5.567009 4.566418 3.565677 0.043453 0.038814 0.047202 0.037834 0.020897 0.130459 0.118493 0.093062 0.532835 1.559123 0.524989 0.511877 0.438257 0.920472 2.144967 1.144586 0.127890 0.110874 0.101876 0.027000 0.022713 0.018473 -9999.000000 -9999.000000 -9999.000000 -9999.000000 -9999.000000 -9999.000000 -9999.000000 -9999.000000 -9999.000000 -9999.000000 -9999.000000 -9999.000000 -9999.000000 -9999.000000 -9999.000000
0.031685 0.024422 0.027748 0.053993 0.118767 0.115207 0.037906 0.052650 0.067054 0.100013 0.028832 0.032799 0.025139 0.035012 0.491666 1.575316 3.580976 4.608999 4.587476 4.581598 3.573830 2.553695 1.602254 0.033918 0.376113 0.062558 0.086117 0.122748 0.123906 0.101268 0.056771 0.557191 0.566701 0.027536 0.032861 0.025585 1.082349 0.121382 0.036874 0.061162 0.033898 0.030113 -9999.000000 -9999.000000 -9999.000000 -9999.000000 -9999.000000 -9999.000000 -9999.000000 -9999.000000 -9999.000000 -9999.000000 -9999.000000 -9999.000000 -9999.000000 -9999.000000 -9999.000000 -9999.000000 -9999.000000
0.019401 0.027748 0.024514 0.053633 0.092832 0.171944 0.044181 0.067498 0.091529 0.061790 0.046895 0.032708 0.036627 0.481798 1.582512 2.583645 3.571739 4.573656 4.551180 3.495970 2.523311 1.529912 1.582836 1.604998 1.523519 0.129019 0.088115 0.129845 0.141621 0.022941 0.023566 0.059520 0.575336 0.035531 0.040321 0.027184 0.245813 0.175618 0.046317 0.036460 0.059517 0.018089 -9999.000000 -9999.000000 -9999.000000 -9999.000000 -9999.000000 -9999.000000 -9999.000000 -9999.000000 -9999.000000 -9999.000000 -9999.000000 -9999.000000 -9999.000000 -9999.000000 -9999.000000 -9999.000000 -9999.000000
0.035728 0.039238 0.030919 0.059090 0.075950 0.771461 0.776480 0.072542 0.114772 0.049645 0.051474 0.037590 0.057154 0.501858 1.588256 2.584334 3.589407 3.600571 2.507752 1.625585 1.602429 0.630037 0.643688 1.632116 1.559279 0.136207 0.091761 0.137169 0.154986 0.023507 0.027367 0.072588 0.550707 0.036860 0.029166 0.227959 1.273984 0.171826 0.047508 0.044678 0.021660 0.021660 -9999.000000 -9999.000000 -9999.000000 -9999.000000 -9999.000000 -9999.000000 -9999.000000 -9999.000000 -9999.000000 -9999.000000 -9999.000000 -9999.000000 -9999.000000 -9999.000000 -9999.000000 -9999.000000 -9999.000000
0.094993 0.086613 0.077217 0.069756 0.039039 0.879684 0.827162 1.875331 1.869927 0.930166 0.938535 0.916645 0.036342 0.558852 1.545200 1.560700 2.561277 3.508502 1.612698 1.624873 1.602358 0.640589 0.647910 1.607257 1.538316 0.135070 0.095619 0.147087 1.177679 0.152902 0.019309 0.073521 0.053138 0.044790 0.223578 1.257536 2.256365 0.174417 0.051166 0.045128 0.018089 -9999.000000 -9999.000000 -9999.000000 -9999.000000 -9999.000000 -9999.000000 -9999.000000 -9999.000000 -9999.000000 -9999.000000 -9999.000000 -9999.000000 -9999.000000 -9999.000000 -9999.000000 -9999.000000 -9999.000000 -9999.000000
0.101951 0.083702 0.075967 0.075966 0.017372 0.027933 0.715696 1.915559 1.939338 0.938211 0.948545 0.014397 0.648581 0.634358 0.569052 0.573462 0.574650 1.601312 2.714620 2.706905 1.673617 1.743714 1.744270 0.641786 0.581034 0.135252 0.086006 0.135704 0.148370 0.175442 0.194411 0.027564 0.034641 0.020836 0.203702 2.262209 3.263902 0.183728 0.063163 0.041909 0.044197 -9999.000000 -9999.000000 -9999.000000 -9999.000000 -9999.000000 -9999.000000 -9999.000000 -9999.000000 -9999.000000 -9999.000000 -9999.000000 -9999.000000 -9999.000000 -9999.000000 -9999.000000 -9999.000000 -9999.000000 -9999.000000
0.056221 0.121951 0.106780 0.040565 0.017372 0.035261 0.669057 1.905513 1.934718 1.934103 1.957542 0.864380 0.711053 0.731409 0.048703 0.062572 0.062504 0.725002 3.768230 3.766840 3.795592 3.789243 1.745520 0.616009 0.051721 0.043754 0.063317 0.026405 0.033088 0.034904 0.036690 0.017372 0.017372 0.038257 1.024064 3.251479 3.299294 0.212964 0.072978 0.045296 0.045937 -9999.000000 -9999.000000 -9999.000000 -9999.000000 -9999.000000 -9999.000000 -9999.000000 -9999.000000 -9999.000000 -9999.000000 -9999.000000 -9999.000000 -9999.000000 -9999.000000 -9999.000000 -9999.000000 -9999.000000 -9999.000000
0.056246 0.273248 0.262882 0.295600 0.037133 0.036384 0.087074 0.882245 0.922814 0.937483 1.931999 0.886901 0.047322 0.053640 0.069994 0.073505 0.068110 0.705415 3.705035 4.722403 4.705403 3.748741 1.742365 0.626992 0.056233 0.049445 0.055434 0.030205 0.033119 0.033119 0.027626 0.057061 0.050775 1.227809 3.234918 3.251926 2.248275 0.049401 0.088173 0.024330 0.024330 -9999.000000 -9999.000000 -9999.000000 -9999.000000 -9999.000000 -9999.000000 -9999.000000 -9999.000000 -9999.000000 -9999.000000 -9999.000000 -9999.000000 -9999.000000 -9999.000000 -9999.000000 -9999.000000 -9999.000000 -9999.000000
0.254398 0.327260 1.330230 0.291088 0.029359 0.039487 0.026558 0.086512 0.043852 0.962779 0.965711 0.028348 0.042825 0.946638 0.982206 0.941521 0.896411 0.820841 2.566939 3.706473 3.734886 3.734242 1.760877 0.673950 0.044139 0.044578 0.045219 0.019921 0.048828 0.036201 0.213924 1.237263 1.228743 2.257736 3.170216 2.254671 1.220581 0.061805 0.040277 0.029564 0.029564 -9999.000000 -9999.000000 -9999.000000 -9999.000000 -9999.000000 -9999.000000 -9999.000000 -9999.000000 -9999.000000 -9999.000000 -9999.000000 -9999.000000 -9999.000000 -9999.000000 -9999.000000 -9999.000000 -9999.000000 -9999.000000
1.347515 2.332965 3.334286 2.337885 0.298078 0.026806 0.024162 0.102583 0.945709 0.980236 2.003575 0.031050 0.951325 1.955382 1.992476 1.950381 1.909165 1.871410 1.756647 2.732176 2.763742 2.762521 2.811608 1.799736 0.641239 0.033654 0.028770 0.026909 0.265780 0.248712 1.266140 1.266941 1.259612 1.250200 2.220812 1.230694 0.069771 0.036446 0.057533 0.024330 0.024330 0.023202 -9999.000000 -9999.000000 -9999.000000 -9999.000000 -9999.000000 -9999.000000 -9999.000000 -9999.000000 -9999.000000 -9999.000000 -9999.000000 -9999.000000 -9999.000000 -9999.000000 -9999.000000 -9999.000000 -9999.000000
3.350837 4.332189 4.336598 4.325626 2.350164 0.242166 0.196436 0.157600 0.925350 1.981385 2.998210 2.033555 2.008708 2.974002 3.024832 1.936378 1.894920 1.909178 0.822878 1.705922 1.780198 1.788775 2.803574 2.796047 0.617064 0.182734 0.138812 0.198293 0.265285 0.293374 1.265878 1.266220 1.258245 1.246323 0.177779 0.035275 0.029472 0.046868 0.051780 0.034264 0.097755 0.066490 -9999.000000 -9999.000000 -9999.000000 -9999.000000 -9999.000000 -9999.000000 -9999.000000 -9999.000000 -9999.000000 -9999.000000 -9999.000000 -9999.000000 -9999.000000 -9999.000000 -9999.000000 -9999.000000 -9999.000000
