use_cases/Flooding_chicago/flooding_data/output/h_2100.asc
ncols 337
nrows 393
xllcorner 428428.000000
yllcorner 4602440.000000
cellsize 26.757400
NODATA_value -9999.000000
[rows 189 to 215 of 393, columns 118 to 176 of 337]
0.023463 0.157090 1.142730 0.034065 0.026955 0.026115 0.092308 0.584343 0.552668 0.518874 0.409224 0.157332 0.047293 0.035362 0.064039 0.082983 0.097738 0.136060 2.212982 2.192218 2.181026 1.193961 1.237408 1.250344 2.282051 1.275982 1.215896 1.234399 0.220327 0.234439 0.057059 0.261546 1.151478 0.231462 0.179963 0.092612 0.044446 0.087197 0.080132 0.052437 0.045204 0.033501 0.030739 0.038403 1.202466 0.454891 0.057136 0.086807 0.103845 1.116222 3.055182 3.096862 3.092477 3.088940 2.108549 1.101241 0.142865 0.035501 0.028557
0.026436 0.028477 0.073185 0.026298 0.021034 0.017967 0.149982 0.646463 0.626042 0.675440 0.432956 0.225055 0.035189 0.027632 0.034293 0.802095 0.810492 0.963801 2.172372 2.127501 1.078046 0.205247 1.267734 1.261193 2.293293 2.284594 2.268493 1.258921 2.260084 1.261770 1.257884 2.338520 2.282163 0.259914 0.175055 0.197601 0.032462 0.044701 0.384088 0.354271 0.366929 0.137743 0.269211 1.432944 1.420553 0.322686 0.034253 0.028297 0.017372 0.025704 3.125394 3.107820 4.067205 3.155619 2.107152 1.108938 0.108117 0.021737 0.049995
0.035478 0.045401 0.032222 0.025994 0.017967 0.132428 0.143517 0.099348 0.070572 0.996598 0.738896 0.523666 0.760705 0.765144 0.227673 1.258237 0.711178 0.949005 2.182082 2.154399 2.114404 1.179053 1.223450 1.236001 2.290779 2.288052 2.269191 1.263945 2.296053 2.271104 3.271624 2.323656 2.239950 0.273248 0.191670 0.285254 0.329592 1.533476 1.525360 2.507456 1.488559 0.469222 0.271642 1.471830 0.328824 0.260617 0.134431 0.026201 0.017372 0.025704 2.090604 2.080836 1.105845 1.154011 1.112809 0.097457 0.085965 0.044250 0.122512
2.384304 1.380616 0.297857 0.048979 0.052210 0.107814 0.129702 0.058446 0.072593 0.062545 1.021255 0.610274 0.771355 0.890186 1.148178 1.170292 0.512622 0.084276 2.177922 2.164864 2.131164 1.175546 0.173451 0.203669 1.304761 2.316779 2.299331 2.274184 2.282950 2.283087 3.263871 1.338168 1.317842 1.266910 0.154634 0.253759 0.354130 1.582191 2.598387 2.530962 1.501407 0.500726 0.503268 0.228121 0.696024 0.624563 0.554792 0.058654 0.026223 0.028511 0.767931 0.048690 0.069543 0.092418 0.079118 0.017372 0.054001 0.110029 0.135471
4.394691 3.396203 2.397018 1.400634 0.254021 0.072229 0.045929 0.083755 0.114712 0.035566 0.461496 0.574638 0.609603 0.296700 0.467172 0.468182 0.038375 0.021309 1.109586 1.098121 1.066957 0.128037 0.027246 0.027233 0.219321 1.302161 2.300093 2.287167 2.271840 2.266474 2.255557 0.333251 0.355827 1.280464 0.427487 0.562385 0.318945 1.545350 2.553826 1.521076 1.505627 0.049171 0.050232 0.031052 0.688363 1.619684 1.676848 0.545574 0.099916 0.167951 0.368122 -9999.000000 -9999.000000 -9999.000000 -9999.000000 0.017372 0.035908 0.080001 1.118808
4.401499 3.405836 2.398789 1.396882 0.280716 0.051558 0.028145 0.043271 0.065255 0.079065 0.065393 0.075855 0.076241 0.033836 0.042380 0.040546 0.025704 0.017372 0.249444 0.243916 0.194616 0.020180 0.017372 0.017372 0.031379 0.212346 1.280585 1.254523 2.284859 2.282168 1.268538 0.019432 0.027839 0.495574 0.479210 0.160469 0.260432 0.430640 0.410649 0.381056 0.059905 0.041695 0.039497 0.035408 0.677305 0.670214 1.699146 0.406553 -9999.000000 -9999.000000 -9999.000000 -9999.000000 -9999.000000 -9999.000000 -9999.000000 -9999.000000 -9999.000000 0.081960 0.067687
3.395423 2.398177 1.386715 0.385678 0.276293 0.045344 0.025063 0.014397 0.100826 0.109368 0.030616 0.040474 0.044593 0.050712 0.045524 0.041418 0.025704 0.017372 0.228242 1.241096 1.242682 0.235001 0.209138 0.027565 0.014397 0.020052 0.175972 1.212927 1.213869 1.217628 1.250215 0.237910 0.047757 0.089916 0.118980 0.115546 0.148141 0.045647 0.065770 0.041297 0.048271 0.041297 0.055901 0.043790 0.088541 0.050931 0.026461 -9999.000000 -9999.000000 -9999.000000 -9999.000000 -9999.000000 -9999.000000 -9999.000000 -9999.000000 -9999.000000 -9999.000000 -9999.000000 0.079496
1.367959 0.325264 0.025500 0.014397 0.056435 0.050722 0.082344 0.047707 0.091849 0.116387 0.040702 0.052455 0.014397 0.040107 0.205453 1.300633 0.263087 0.020180 1.253816 2.247521 2.225774 1.265557 0.226340 0.205753 0.209707 0.184976 1.099624 2.142738 2.154726 1.132731 0.242848 0.261721 0.253592 0.083761 0.133030 0.074217 0.080489 0.050072 0.039894 0.037666 0.046761 0.032463 0.036669 0.029792 0.025063 -9999.000000 -9999.000000 -9999.000000 -9999.000000 -9999.000000 -9999.000000 -9999.000000 -9999.000000 -9999.000000 -9999.000000 -9999.000000 -9999.000000 -9999.000000 -9999.000000
0.036679 0.403319 0.024925 0.030998 0.491860 0.111754 0.102055 0.154397 0.068276 0.028950 0.043908 0.041085 0.035663 0.029121 0.234103 1.308592 0.257033 0.089264 0.161913 1.241805 1.237479 0.022591 0.022591 0.255346 0.017372 0.153185 1.154089 2.202425 1.165342 1.150406 0.223590 1.321372 1.263061 0.327484 0.154870 0.191141 0.069673 0.046389 0.051053 0.051126 0.026115 0.052162 0.023566 0.022942 -9999.000000 -9999.000000 -9999.000000 -9999.000000 -9999.000000 -9999.000000 -9999.000000 -9999.000000 -9999.000000 -9999.000000 -9999.000000 -9999.000000 -9999.000000 -9999.000000 -9999.000000
0.028201 1.443067 1.441511 1.453094 1.388037 0.087413 0.059530 0.030830 0.023628 0.030387 0.028985 0.095509 0.129909 0.173841 0.210739 0.248602 0.211727 0.061428 0.021019 0.198183 0.197589 0.022591 0.022591 0.239855 0.017372 0.120328 1.116461 1.116419 1.131710 1.136809 1.107264 0.257824 1.276173 0.311791 0.163404 0.224487 0.176894 0.092769 0.064569 0.060157 0.054450 0.049812 0.027367 0.023507 -9999.000000 -9999.000000 -9999.000000 -9999.000000 -9999.000000 -9999.000000 -9999.000000 -9999.000000 -9999.000000 -9999.000000 -9999.000000 -9999.000000 -9999.000000 -9999.000000 -9999.000000
0.425063 1.448282 2.449985 2.462149 3.409250 0.053828 0.035698 0.029595 0.018470 0.046615 0.034400 0.277183 0.117835 0.156300 0.181159 0.211701 0.175573 0.036313 0.017372 0.026085 0.126098 0.081547 0.990124 0.962894 0.993397 0.974627 1.050967 1.071094 1.099993 1.113527 1.099849 0.187794 0.257805 0.089772 0.189921 0.244047 0.192146 0.088081 0.060097 0.054314 0.045860 0.043038 0.019309 -9999.000000 -9999.000000 -9999.000000 -9999.000000 -9999.000000 -9999.000000 -9999.000000 -9999.000000 -9999.000000 -9999.000000 -9999.000000 -9999.000000 -9999.000000 -9999.000000 -9999.000000 -9999.000000
2.431383 2.418229 2.435120 3.478661 3.362607 0.431749 0.046107 0.032004 0.027290 0.337687 0.317617 0.232146 0.086160 0.118139 0.108125 0.700529 0.674985 0.065246 0.017372 0.027687 0.069051 0.903180 1.990228 3.010835 2.998740 2.997050 1.968169 1.905993 1.073325 1.097878 1.114343 1.003885 0.257198 0.046155 0.021263 0.032418 0.044609 0.037942 0.041160 0.035634 0.036827 0.028099 0.026588 -9999.000000 -9999.000000 -9999.000000 -9999.000000 -9999.000000 -9999.000000 -9999.000000 -9999.000000 -9999.000000 -9999.000000 -9999.000000 -9999.000000 -9999.000000 -9999.000000 -9999.000000 -9999.000000
3.460558 3.451398 3.452958 3.465755 3.297690 0.520937 0.250401 0.100819 0.195703 0.305687 0.306876 0.033101 0.057886 0.684134 1.707778 1.731980 1.741330 1.719403 0.038063 0.068602 0.832135 1.989834 1.991156 3.028817 3.993858 3.015901 3.008676 2.965371 1.055082 1.048944 1.080985 0.995670 0.404587 0.529745 0.070294 0.094165 0.036729 0.036933 0.065499 0.038582 0.053947 0.029899 0.031822 -9999.000000 -9999.000000 -9999.000000 -9999.000000 -9999.000000 -9999.000000 -9999.000000 -9999.000000 -9999.000000 -9999.000000 -9999.000000 -9999.000000 -9999.000000 -9999.000000 -9999.000000 -9999.000000
3.457063 3.455626 3.452378 3.444186 3.304170 0.798497 1.261676 0.527159 0.194371 0.278436 0.297898 0.031763 0.645663 1.721743 2.742444 2.737653 2.745190 2.730800 0.564093 0.404777 0.688603 0.917444 0.954529 2.025225 2.992806 2.015327 3.038757 3.005424 2.949516 0.980047 0.066605 0.019508 0.577223 0.634851 1.694691 0.586548 0.066362 0.041511 0.062874 0.090218 0.053230 0.053931 0.024346 -9999.000000 -9999.000000 -9999.000000 -9999.000000 -9999.000000 -9999.000000 -9999.000000 -9999.000000 -9999.000000 -9999.000000 -9999.000000 -9999.000000 -9999.000000 -9999.000000 -9999.000000 -9999.000000
1.367826 1.375363 1.368757 1.313504 1.240101 0.266176 1.476714 1.613262 0.602536 0.246882 0.361121 0.362089 0.573953 1.736014 2.761796 2.742957 3.761831 3.745758 2.709561 1.510330 0.401285 0.044607 0.046819 1.000725 0.985713 0.993412 2.037469 3.018038 3.006686 1.978568 0.019783 0.028725 0.033349 0.675367 0.691213 0.695248 0.635950 0.135842 0.079567 0.065727 0.031593 0.066932 0.053765 0.014397 -9999.000000 -9999.000000 -9999.000000 -9999.000000 -9999.000000 -9999.000000 -9999.000000 -9999.000000 -9999.000000 -9999.000000 -9999.000000 -9999.000000 -9999.000000 -9999.000000 -9999.000000
0.473597 0.415338 0.057846 0.064394 0.034095 0.021324 0.634170 1.733594 1.539446 0.810381 0.291471 0.354434 0.528923 1.743603 1.736857 2.751743 3.751345 3.749722 3.748702 2.717668 0.639817 0.036771 0.058290 0.065671 0.061367 0.086897 0.990063 1.981712 2.994828 3.008559 0.156000 0.200211 0.057046 0.073295 0.080056 0.732084 0.661317 0.183143 0.052926 0.069451 0.025445 0.116098 0.109686 0.019310 -9999.000000 -9999.000000 -9999.000000 -9999.000000 -9999.000000 -9999.000000 -9999.000000 -9999.000000 -9999.000000 -9999.000000 -9999.000000 -9999.000000 -9999.000000 -9999.000000 -9999.000000
1.519945 0.359996 0.038459 0.030413 0.038795 0.020783 0.032723 0.702871 0.677208 0.944615 1.000487 0.261076 0.393818 0.550767 0.686275 0.700410 2.756744 3.750561 3.757912 2.745099 1.690698 0.072951 0.052396 0.028435 0.028297 0.111039 0.105991 1.961430 3.002002 1.949773 0.181052 0.210912 0.079963 0.114327 0.136063 0.146966 0.181299 0.267343 0.342371 0.357587 0.359195 0.076059 0.087592 0.075433 0.014397 -9999.000000 -9999.000000 -9999.000000 -9999.000000 -9999.000000 -9999.000000 -9999.000000 -9999.000000 -9999.000000 -9999.000000 -9999.000000 -9999.000000 -9999.000000 -9999.000000
1.628517 1.433839 0.850882 0.027306 0.020776 0.034034 0.026023 0.038061 0.084692 1.091524 1.081043 0.512030 0.565693 0.302155 0.024302 0.739077 0.739163 2.763822 2.782139 2.754492 1.724507 0.070145 0.045869 0.043205 0.018197 0.031227 0.074246 1.966913 2.996589 1.936563 0.157205 0.058799 0.103797 0.133370 0.157234 0.190727 0.216106 0.247048 0.312095 0.364936 0.396333 1.418159 1.407358 0.058815 0.019310 -9999.000000 -9999.000000 -9999.000000 -9999.000000 -9999.000000 -9999.000000 -9999.000000 -9999.000000 -9999.000000 -9999.000000 -9999.000000 -9999.000000 -9999.000000 -9999.000000
1.571642 1.282462 0.897762 0.236132 0.036369 0.026146 0.029427 0.024376 0.024773 0.036129 0.511137 0.572276 0.562776 0.218686 0.018883 0.728084 0.733639 0.771604 0.782747 0.772513 0.729525 0.070496 0.038600 0.051063 0.021615 0.040096 0.060274 1.962072 3.016411 1.991884 0.041725 0.076624 0.103675 0.124900 0.014397 0.202782 0.207094 0.027946 0.035057 0.029214 0.370828 1.420680 1.420023 0.033897 0.028298 -9999.000000 -9999.000000 -9999.000000 -9999.000000 -9999.000000 -9999.000000 -9999.000000 -9999.000000 -9999.000000 -9999.000000 -9999.000000 -9999.000000 -9999.000000 -9999.000000
0.362101 0.366438 1.342040 1.321124 0.057016 0.093292 0.094430 0.030029 0.014397 0.019310 0.584642 0.587621 0.582080 0.235399 0.389482 0.586761 0.680578 0.756232 0.773845 0.766219 0.748135 0.085533 0.116298 0.018089 0.021706 0.032875 0.040740 1.916891 1.965359 0.838289 0.037575 0.061502 0.086578 0.135948 0.160225 0.030205 0.038063 0.018241 0.021736 0.022332 0.041221 0.028969 0.299111 0.199241 -9999.000000 -9999.000000 -9999.000000 -9999.000000 -9999.000000 -9999.000000 -9999.000000 -9999.000000 -9999.000000 -9999.000000 -9999.000000 -9999.000000 -9999.000000 -9999.000000 -9999.000000
0.494224 0.485187 1.391071 1.321884 0.818502 0.879418 0.806364 0.102133 0.025122 0.027256 0.573056 0.569144 0.599245 0.606568 0.331370 0.487768 0.022712 0.807085 0.805848 1.804343 0.741912 0.122444 1.156272 0.026207 0.027214 0.069274 0.660189 1.906622 0.727051 0.522063 -9999.000000 -9999.000000 -9999.000000 0.025902 0.034248 0.042183 0.038338 0.040368 0.046013 0.021792 0.018105 0.034507 0.024789 0.019021 -9999.000000 -9999.000000 -9999.000000 -9999.000000 -9999.000000 -9999.000000 -9999.000000 -9999.000000 -9999.000000 -9999.000000 -9999.000000 -9999.000000 -9999.000000 -9999.000000 -9999.000000
0.472089 0.572936 0.611501 0.720524 1.989822 1.940013 0.831491 0.170749 0.217361 0.266796 1.424988 1.395295 0.548132 0.570694 0.236919 0.030341 0.041353 0.827943 1.843418 1.810393 0.719897 0.095635 0.037469 0.070503 0.072569 0.059117 0.655236 0.645089 0.470062 -9999.000000 -9999.000000 -9999.000000 -9999.000000 0.025123 0.031593 0.028541 0.099907 0.091499 0.094963 0.027382 0.027596 0.054940 0.037697 -9999.000000 -9999.000000 -9999.000000 -9999.000000 -9999.000000 -9999.000000 -9999.000000 -9999.000000 -9999.000000 -9999.000000 -9999.000000 -9999.000000 -9999.000000 -9999.000000 -9999.000000 -9999.000000
0.424767 0.637057 0.704676 1.899450 2.975833 2.931771 1.840425 0.171384 0.273910 1.337816 1.372861 0.487172 0.504862 0.059917 0.028219 0.040471 0.037157 0.843033 1.827374 0.721634 0.061394 0.027092 0.014397 0.092538 0.087380 0.069330 0.038124 0.358101 -9999.000000 -9999.000000 -9999.000000 -9999.000000 -9999.000000 -9999.000000 -9999.000000 -9999.000000 0.055794 0.074256 0.073647 0.042625 -9999.000000 -9999.000000 -9999.000000 -9999.000000 -9999.000000 -9999.000000 -9999.000000 -9999.000000 -9999.000000 -9999.000000 -9999.000000 -9999.000000 -9999.000000 -9999.000000 -9999.000000 -9999.000000 -9999.000000 -9999.000000 -9999.000000
0.024347 0.709941 0.686005 0.748533 1.955185 2.914863 1.915537 1.953611 1.160702 1.171968 0.275330 0.078660 0.024407 0.030006 0.031303 0.028205 0.893038 0.884050 0.046561 0.114367 0.122978 0.028561 0.043648 0.068841 0.062163 0.058288 0.034735 -9999.000000 -9999.000000 -9999.000000 -9999.000000 -9999.000000 -9999.000000 -9999.000000 -9999.000000 -9999.000000 -9999.000000 -9999.000000 -9999.000000 -9999.000000 -9999.000000 -9999.000000 -9999.000000 -9999.000000 -9999.000000 -9999.000000 -9999.000000 -9999.000000 -9999.000000 -9999.000000 -9999.000000 -9999.000000 -9999.000000 -9999.000000 -9999.000000 -9999.000000 -9999.000000 -9999.000000 -9999.000000
0.029778 0.037528 0.031899 0.047543 0.953371 1.819667 0.812000 0.838055 0.245506 0.355642 0.113481 0.148478 0.023231 0.024116 0.924225 0.929337 0.910368 1.917256 0.846630 0.143149 0.156777 0.181498 0.173318 0.035943 0.265816 0.032317 -9999.000000 -9999.000000 -9999.000000 -9999.000000 -9999.000000 -9999.000000 -9999.000000 -9999.000000 -9999.000000 -9999.000000 -9999.000000 -9999.000000 -9999.000000 -9999.000000 -9999.000000 -9999.000000 -9999.000000 -9999.000000 -9999.000000 -9999.000000 -9999.000000 -9999.000000 -9999.000000 -9999.000000 -9999.000000 -9999.000000 -9999.000000 -9999.000000 -9999.000000 -9999.000000 -9999.000000 -9999.000000 -9999.000000
0.041496 0.026498 0.028297 0.041054 0.918326 0.933055 0.310145 0.222674 0.091172 0.135654 1.228194 1.220389 0.205264 0.228546 0.024239 0.029474 0.901388 1.896155 0.842799 0.151624 0.170242 0.190666 0.207166 0.022285 0.253534 0.024712 -9999.000000 -9999.000000 -9999.000000 -9999.000000 -9999.000000 -9999.000000 -9999.000000 -9999.000000 -9999.000000 -9999.000000 -9999.000000 -9999.000000 -9999.000000 -9999.000000 -9999.000000 -9999.000000 -9999.000000 -9999.000000 -9999.000000 -9999.000000 -9999.000000 -9999.000000 -9999.000000 -9999.000000 -9999.000000 -9999.000000 -9999.000000 -9999.000000 -9999.000000 -9999.000000 -9999.000000 -9999.000000 -9999.000000
0.049019 0.035332 0.043236 0.029534 0.206276 0.829293 0.496457 0.088828 0.145807 0.178334 1.230085 1.221436 1.214088 0.217818 0.023170 0.023979 0.893196 0.886853 0.073234 0.145477 0.171381 0.191614 0.210418 0.183830 0.210335 0.019019 -9999.000000 -9999.000000 -9999.000000 -9999.000000 -9999.000000 -9999.000000 -9999.000000 -9999.000000 -9999.000000 -9999.000000 -9999.000000 -9999.000000 -9999.000000 -9999.000000 -9999.000000 -9999.000000 -9999.000000 -9999.000000 -9999.000000 -9999.000000 -9999.000000 -9999.000000 -9999.000000 -9999.000000 -9999.000000 -9999.000000 -9999.000000 -9999.000000 -9999.000000 -9999.000000 -9999.000000 -9999.000000 -9999.000000
