use_cases/Flooding_chicago/flooding_data/output/h_2160.asc
ncols 337
nrows 393
xllcorner 428428.000000
yllcorner 4602440.000000
cellsize 26.757400
NODATA_value -9999.000000
[rows 216 to 242 of 393, columns 59 to 117 of 337]
3.226723 3.226008 2.228006 2.226939 2.225910 1.216133 0.237494 0.246725 1.242348 0.183390 0.027199 0.018273 0.022651 0.048211 0.532507 0.545292 0.045320 0.082176 0.033104 0.036278 0.027244 0.063143 0.277088 1.414784 0.413218 0.396885 0.373766 0.350954 0.291929 1.044925 1.065149 0.159366 0.129009 0.038948 0.054291 0.066123 0.020607 0.059436 0.915181 0.924055 0.939144 2.978408 3.933890 2.859273 2.951367 3.014947 3.023208 2.164757 2.074899 0.925384 0.704398 0.743188 0.094373 0.038230 0.061913 0.035347 0.063699 0.095986 0.100688
3.226172 3.226778 3.229976 1.225394 1.226198 1.222689 0.236118 1.256050 1.226001 0.230262 0.026259 0.035372 0.038448 0.530406 1.562644 1.534661 0.427544 0.055369 0.020760 0.084033 0.085765 0.065302 0.350445 1.409974 0.025077 0.025901 0.357864 0.352907 0.307081 0.042645 0.075734 0.205403 0.052382 0.048576 0.035622 0.048363 0.019859 0.033955 0.141676 0.168780 0.880697 1.946578 1.920492 1.087042 1.125341 2.015185 2.074460 2.131178 2.090255 1.054597 0.096307 0.026162 0.035454 0.049299 0.057940 0.068921 0.093393 0.123163 0.078701
4.229880 4.228848 4.227211 2.227215 1.219952 0.237950 0.248226 1.247236 0.294060 0.326052 0.387250 0.422891 0.454306 0.499810 1.542253 1.535781 0.483763 0.033092 0.707009 0.650079 0.105728 0.024896 0.023460 0.381724 0.031460 0.034218 0.370668 0.311920 0.033120 0.018745 0.120141 0.073081 0.074150 0.025124 0.031837 0.032525 0.029961 0.054013 0.132392 0.139514 0.097497 0.866677 1.044770 1.138619 1.175696 1.133855 0.992144 1.006748 0.937523 0.271574 0.176993 0.023825 0.025450 0.528399 0.521302 0.519592 0.506025 0.522152 0.100213
4.229093 5.230803 5.228619 4.223742 2.215992 0.244440 0.255608 0.280946 0.330412 0.366727 1.421088 0.448093 0.474118 0.502070 1.551478 1.536030 0.028313 0.035073 0.703371 0.698685 0.020636 0.033471 0.024896 0.032600 0.947666 0.041832 0.051261 0.052849 0.038078 0.023704 0.201362 0.022072 0.037454 0.025077 0.031669 0.031914 0.025993 0.080337 0.055229 0.049254 0.079104 0.518300 0.969509 1.204604 1.242072 1.104974 0.349653 0.448841 0.546606 0.489646 0.318121 0.457722 0.500174 1.562807 1.523759 0.565490 1.682894 0.516584 0.113893
4.228757 4.227415 5.225346 4.225346 2.217790 0.243090 0.245763 0.264685 0.308512 0.370818 1.421691 0.447969 0.476815 0.502236 1.546786 1.530879 0.036918 0.038110 0.707168 0.686862 0.046260 0.020636 0.061588 0.034889 1.961748 0.044900 0.066719 0.037054 0.026939 0.030647 0.236973 0.237329 0.034446 0.038888 0.036293 0.056358 0.042992 0.027274 0.023201 0.018622 0.161457 0.724555 0.701347 1.146786 1.132608 0.272294 0.362884 0.470276 0.646906 0.262327 0.407864 0.471663 0.505104 1.548696 0.536057 0.501258 0.067084 0.105874 0.116887
3.228544 3.227113 3.225077 3.225960 2.224299 1.228226 1.218998 0.205383 0.025491 0.025343 0.445293 0.444628 0.021571 0.021219 0.591376 0.570756 0.046679 0.014396 0.029656 0.619358 0.560218 0.552868 0.035299 0.923675 1.955456 0.889804 0.021569 0.021508 0.036660 0.032432 1.263220 0.221336 0.024681 0.068107 0.039329 0.290505 0.295902 1.349856 1.368802 1.351915 1.297567 1.119825 2.176901 0.919653 0.727915 0.116080 0.097254 0.170195 0.872749 0.364814 1.509286 0.505358 0.527195 0.561968 1.562063 0.423297 0.063608 0.033059 0.039955
2.228152 2.226073 2.231827 2.227853 2.223423 1.231046 0.171781 0.027671 0.017372 0.032941 0.434523 0.462039 0.018060 0.586365 0.583663 0.583765 0.570039 0.034660 0.034935 0.695722 2.698119 2.647696 1.559642 0.848694 0.864145 0.782006 0.155416 0.091636 0.026069 0.025353 0.236808 0.235812 0.018989 0.046898 0.281182 0.344475 0.348542 2.337687 2.361770 2.356769 2.336273 2.296753 2.251708 1.184653 0.248578 0.236755 0.014396 0.377488 0.360771 1.536922 1.510931 1.503254 0.532374 0.563236 1.546907 0.409021 0.089051 0.037514 0.053872
2.231751 1.230802 2.230037 2.227725 2.214812 1.232320 0.167419 0.027665 0.017372 0.030546 1.514632 1.475396 1.457804 1.539605 1.553808 1.607297 1.596093 1.619313 1.613588 1.649216 2.688098 2.650353 0.563595 0.126814 0.197792 0.195787 0.233110 0.121511 0.171650 0.189324 0.203821 0.014396 0.063730 0.285250 0.340986 0.353759 0.357031 3.346438 2.357002 2.353189 3.343657 3.336864 3.348077 1.257134 0.320877 0.332613 0.411410 0.412744 0.435891 1.521172 1.506187 1.491900 0.494018 0.028299 0.034127 0.482101 0.147791 0.170419 0.050361
0.228058 1.234963 2.233861 2.225410 1.224055 1.227385 1.212785 0.207201 0.233923 0.318044 1.488273 1.465446 1.420230 0.553447 0.561589 1.651619 1.615871 2.644484 1.623651 1.651223 1.683425 1.609502 0.100988 0.017372 0.248071 0.061089 0.104363 1.165949 0.173316 0.187595 0.186600 0.154994 0.094634 0.289103 1.335412 2.361509 2.384007 3.330158 2.351170 2.345032 3.300097 3.292345 3.296100 1.307808 1.344666 1.332326 0.407839 0.437532 0.465569 1.510840 1.489658 1.467858 0.440249 0.038765 0.023963 0.025738 0.194634 0.159224 0.047472
1.238889 1.237808 2.246867 2.216241 1.241540 1.247177 1.238844 2.225768 1.186127 1.309453 1.439560 1.431481 1.400118 0.456470 0.533096 1.610841 1.596530 2.618128 1.558590 0.613895 1.682590 0.593446 0.150672 0.017372 0.263444 0.078192 0.130318 1.161123 0.157585 0.018456 0.186668 0.161218 0.099523 0.290798 1.337759 2.353934 3.373329 2.352792 2.351617 2.344745 2.332098 2.264626 2.266536 1.310597 1.328265 1.287865 0.411930 0.462383 0.495613 0.535041 0.552121 0.558302 0.525079 0.034712 0.026484 0.036328 0.050295 0.053313 0.042733
1.242178 1.240888 1.240803 1.241890 1.242748 1.248431 1.244053 2.263115 1.151347 0.373462 0.421209 1.454608 0.040291 0.025597 0.028404 0.061037 0.550756 0.531733 0.041954 0.041423 0.038625 0.722922 0.234320 0.265980 0.230929 0.055915 0.017967 0.194460 0.195517 0.023567 0.030128 0.028633 0.080693 0.235523 1.337027 2.360522 3.370694 2.360463 2.360196 2.358326 2.362283 1.333262 1.323703 1.333239 0.352743 0.353405 0.409455 0.485192 1.517132 0.560211 0.591014 0.611481 0.618559 0.648874 0.179329 0.240315 0.057262 0.022701 0.039607
1.238149 1.236259 1.235998 1.237447 1.238000 1.243083 1.234271 1.224746 0.292406 0.372109 0.350092 0.031929 0.036279 0.017372 0.025704 0.038337 0.033714 0.093553 0.030693 0.035805 0.026100 0.268228 1.406615 0.262975 0.031242 0.017967 0.021034 0.203748 0.210763 0.225701 0.028146 0.042045 0.031090 0.038221 0.253349 2.353896 3.377323 3.396720 2.365223 2.362238 2.368800 1.335588 1.323808 1.316829 0.314238 0.034447 0.037346 0.518996 0.518594 0.584036 0.625329 0.652435 0.668609 0.688406 0.647856 0.269379 0.096397 0.197892 0.271767
1.233487 1.231402 1.230998 1.232795 2.231292 1.238530 1.225577 0.204138 0.265221 0.336012 0.316267 0.036614 0.035835 0.017372 0.025704 0.039925 0.041696 0.040305 0.047755 0.014396 0.025936 0.300883 1.413475 0.028711 0.045841 0.077875 0.107543 0.167552 0.208352 0.230983 0.244211 0.041191 0.043022 0.023201 0.024140 1.346525 4.393098 4.416157 4.439574 3.419929 2.375878 2.395775 1.329870 0.297082 0.324758 0.055350 0.068505 0.018165 0.112497 0.599597 0.659032 0.681038 0.690294 0.658593 0.263454 0.418691 0.672069 0.157531 0.274239
1.233427 1.231201 2.237434 2.234843 2.225191 1.234512 0.207995 0.039795 0.061843 0.083015 0.106039 0.019310 0.014396 0.047433 0.066367 0.374937 1.530818 0.033165 0.030052 0.361033 1.402266 1.415943 1.403750 0.019539 0.403563 1.402192 0.282615 0.099316 0.026024 0.034309 0.038659 0.049598 0.040657 0.042178 0.319236 1.374844 3.357883 4.372095 4.381340 3.390678 2.373369 2.361462 0.275770 0.043677 0.061852 0.079460 0.023751 0.022072 0.175531 0.117660 0.681588 0.696670 0.690865 0.024760 0.018914 0.025877 0.805831 0.821075 0.225053
1.230985 1.228615 1.227334 2.233876 2.225062 1.220139 0.214242 0.025551 0.048226 0.077723 0.129098 0.159387 0.028678 0.042900 0.028359 0.428707 0.475902 0.025184 0.373528 1.409314 1.408391 2.411568 1.401737 1.434999 2.441477 2.433985 1.408581 0.061782 0.025978 0.034158 0.038216 0.047401 0.038750 0.339165 1.418733 2.401126 2.359499 3.348256 3.358391 3.362270 2.385018 1.382602 0.031319 0.068059 0.085128 0.024651 0.028633 0.300660 0.254744 0.200692 0.678649 1.746858 1.736472 0.573702 0.078069 0.037690 0.035597 0.860742 0.137148
2.223771 2.223914 1.224553 1.225703 1.222072 0.218005 0.271801 0.116011 0.044750 0.019142 1.224069 1.220838 0.178447 0.028801 0.029519 0.019844 0.504852 0.023858 0.024834 0.355451 1.397690 1.389536 0.391304 1.437158 1.439674 2.444822 1.429447 0.430070 0.066747 0.095049 0.106478 0.030434 0.032463 0.374351 1.396866 2.362444 1.409029 2.409561 2.423334 2.415642 2.407788 2.424593 0.392129 0.071037 0.093742 0.027839 0.024727 0.306044 0.285755 0.220679 0.636221 1.711019 1.692087 0.543356 0.086978 0.050290 0.063688 0.067653 0.108301
2.218154 2.215142 1.214508 0.162221 0.168513 0.091847 0.184645 0.180278 0.044869 0.025214 1.217737 1.220575 0.220237 0.181195 0.149088 0.098256 0.508379 0.512994 0.032084 0.035682 0.039268 0.046525 0.040183 0.029635 0.455503 0.450427 0.446978 0.440282 0.056798 0.078496 0.085323 0.082974 0.020699 0.395686 1.406369 1.422207 1.416966 2.411105 2.427640 2.419195 2.409159 2.414010 0.389859 0.064399 0.097373 0.019417 0.346670 0.343805 0.319062 0.220513 0.123818 0.564342 0.052382 0.076064 0.039980 0.062769 0.065313 0.063511 0.063674
1.228946 1.229419 1.223797 0.037201 0.027856 0.028923 0.288829 0.248913 0.049904 0.036095 0.036324 0.034904 0.027152 0.168246 0.134204 0.086808 0.513525 0.519704 0.028064 0.036511 0.017372 0.017372 0.051216 0.037437 0.463418 0.460522 0.460628 0.029984 0.051351 0.051896 1.548456 1.560226 0.545609 0.483674 1.415513 1.441816 2.443942 2.436523 3.432751 3.440922 2.428917 1.419504 0.044618 0.026696 0.028771 0.316380 1.402404 0.390710 0.392384 0.021352 0.021024 0.074004 0.031614 0.041225 0.056428 0.014396 0.049570 0.544323 0.547262
0.106777 0.086482 0.066322 0.023796 0.023018 0.044717 0.316012 0.290888 0.054404 0.045615 0.017372 0.017372 0.032937 0.020820 0.098453 0.059121 0.504169 1.473663 1.507635 0.486667 0.488808 0.029321 0.036797 0.028602 0.474638 0.471727 0.471146 0.028292 0.039294 1.549958 2.564544 2.584390 1.568446 1.560406 2.442630 2.458548 2.423391 2.449395 2.451796 2.441377 2.416363 1.384917 0.053358 0.019310 0.045455 0.282488 1.406096 0.424398 0.432201 0.017994 0.523023 0.024157 0.043313 0.041642 0.053944 0.037889 0.516739 1.497880 1.501645
0.168970 0.132164 0.034249 0.028144 0.023674 0.061806 0.346887 0.045015 0.026557 0.014396 0.045234 0.033195 0.082040 0.066627 0.067605 0.487124 1.507751 2.498358 2.509834 1.503687 1.504848 0.430844 0.485281 0.495340 0.487089 1.491766 0.495189 0.522809 0.530536 2.572025 2.560684 2.573706 1.552557 1.533514 1.474430 1.348346 1.416322 2.425788 2.431625 2.395528 1.346195 1.387688 0.029518 0.027367 0.023506 0.041801 0.032418 0.431870 1.500974 2.505016 2.500826 2.505774 1.492599 0.489635 1.477646 0.434057 1.529837 1.526299 2.527257
0.199198 0.160852 0.047022 0.022971 0.095834 1.102276 0.082624 0.089311 0.024238 0.026613 0.049813 0.033368 1.479403 1.444381 1.475726 1.493961 1.497814 1.497329 2.506951 2.495959 1.501654 1.508659 1.500919 0.501597 0.502453 0.508477 0.510258 1.566854 1.550175 2.582310 2.568498 2.581338 2.595708 2.593914 1.523856 0.528602 1.362859 2.449777 3.458418 1.455229 0.450121 0.428517 0.028435 0.023567 0.022942 0.044487 0.046502 0.031410 1.493681 2.506128 3.511967 3.506257 3.508701 3.500769 3.498038 1.500921 0.525035 1.532083 1.530249
0.190386 0.043969 0.065835 0.018548 0.105860 0.103508 1.096233 0.090365 0.076737 0.041394 0.466609 1.505073 2.511224 3.489679 3.501383 3.501475 2.515680 3.514166 4.512671 4.510754 3.507142 4.512111 3.507065 0.506736 0.509230 0.513786 0.516975 0.536826 0.542148 2.610632 3.592680 3.599294 3.608773 3.606377 2.607616 1.640103 0.529082 2.462625 2.485674 2.527473 0.475434 0.465884 0.041432 0.028191 0.027992 0.201887 0.039604 0.036858 0.482682 1.504816 1.499750 1.498598 1.508211 2.507427 3.493210 1.527728 1.519301 1.526127 1.534527
0.049316 0.066260 0.014396 0.098527 0.101271 0.099605 0.093382 0.081312 0.051398 0.473426 0.482046 1.505964 3.509448 4.500033 3.501529 3.497742 3.515615 5.514956 6.510439 6.511114 6.508657 6.513391 6.510767 2.508962 1.513271 1.507939 0.523723 0.535915 0.537147 2.597470 2.577865 3.596696 3.588913 3.587956 3.609672 2.560644 1.629552 2.442986 3.548648 2.536076 1.527929 1.543047 0.548247 0.566258 0.544821 0.128674 0.042367 0.043421 0.028031 0.026113 0.030337 0.028545 0.518817 1.511719 1.511876 1.534720 1.522971 1.521277 0.516350
0.083305 0.073956 0.061979 0.071511 0.086760 0.087621 0.082493 0.060938 0.479336 0.484483 0.482677 1.504332 3.513434 3.504014 3.499996 2.497776 4.524616 5.512263 6.511840 5.512382 6.513926 6.515840 6.512246 6.512561 5.513038 4.509813 2.474986 1.531566 1.519777 2.580020 3.582597 3.574114 3.575360 3.572833 3.554706 1.594079 2.607644 3.500529 3.532873 3.547086 1.524072 1.519722 0.551410 0.050870 0.052027 0.030449 0.018135 0.030128 0.468420 0.486238 1.487853 1.479432 2.448488 1.474830 0.466514 0.018317 1.531000 1.529997 0.521435
0.026710 0.051978 0.298768 0.363895 0.059316 0.061226 0.064506 0.042184 0.463850 1.480888 0.487256 1.505012 2.508625 3.504350 3.498721 1.498601 4.532947 6.524094 6.513687 5.518822 5.516129 6.525999 7.523655 8.523455 8.499607 6.514595 5.504261 4.500667 3.448152 2.548634 3.579686 3.565281 3.570045 3.572209 3.583463 3.696789 2.575224 3.460318 3.492233 2.474006 1.505576 0.363578 0.029533 0.021965 0.022453 0.022453 0.021965 0.375183 2.479910 2.491664 2.488857 2.483320 3.486183 3.484095 1.481879 0.024543 0.515568 2.521222 1.467783
0.033623 0.044564 1.403707 2.424582 1.418203 0.378824 0.034935 0.488257 0.477497 1.487817 0.482964 1.504633 2.507958 3.505871 1.492832 0.499139 4.532145 7.527175 8.515662 7.515307 5.518272 6.526805 7.523809 7.519237 8.514857 7.519557 7.491555 5.503527 3.487274 2.553598 3.573041 4.576509 4.583340 4.572996 4.585500 4.650109 3.626234 2.506978 2.466079 1.534368 0.428399 0.037854 0.036995 0.018136 0.030449 0.336925 0.371331 1.465170 2.484755 2.483037 2.481631 3.478676 4.484940 5.473228 3.455506 0.504636 1.522177 2.546366 2.499309
0.052371 0.325572 1.425972 3.429191 3.433097 1.421853 0.026845 0.489571 0.477703 0.480906 0.479996 1.503465 2.508767 2.505697 1.491928 0.495278 3.518686 6.517481 8.512113 7.511934 6.507933 6.514328 6.511058 6.509655 5.507714 6.513783 7.497971 5.505827 3.484554 1.527506 2.526650 4.522701 4.515687 3.432346 3.394075 4.544234 3.571905 3.538470 1.545069 1.535499 0.035100 0.023414 0.025750 0.396853 2.452496 2.442279 2.441127 2.428688 1.471265 2.488082 3.490008 4.479905 6.489140 7.472064 3.447366 1.504614 1.512481 2.549218 2.508816
