use_cases/Flooding_chicago/flooding_data/output/h_2100.asc
ncols 337
nrows 393
xllcorner 428428.000000
yllcorner 4602440.000000
cellsize 26.757400
NODATA_value -9999.000000
[rows 189 to 215 of 393, columns 59 to 117 of 337]
0.040855 0.279077 0.033074 0.033836 0.081367 0.056206 0.130074 0.470192 1.637657 0.629953 0.068307 0.044365 0.042289 1.369095 1.379267 1.356916 1.400912 2.325878 2.282228 2.295927 1.316058 0.227593 0.022104 0.120935 0.092056 0.879340 0.891847 0.961177 0.051908 0.048289 0.489020 0.040203 0.014397 0.379553 2.460063 2.470352 2.472658 2.472018 2.462548 4.444997 5.460109 6.478164 5.483204 5.501939 5.479633 5.430321 6.425727 6.449955 4.454696 2.423317 1.392941 1.369659 2.295701 3.322414 4.328124 4.341624 3.339422 2.341295 0.279337
0.339916 0.131355 0.124965 0.021080 0.076973 0.062233 0.035194 0.035530 0.471138 0.505455 0.031442 0.044412 0.062014 1.340855 2.373600 2.376836 2.367565 2.403694 3.337521 3.365865 2.338418 1.274253 1.218750 1.190170 1.158944 2.049743 1.031631 1.096879 0.089873 0.067883 0.054222 0.021993 0.026864 0.023629 0.378311 1.450476 2.463004 2.468134 3.437390 5.442465 6.457465 6.464785 6.476826 5.432069 5.404281 6.433763 7.423362 6.435430 4.445990 1.431220 0.383319 0.321026 1.274863 1.235838 2.313310 2.317492 2.313554 1.284596 0.104453
0.259973 0.247271 0.060632 0.049812 0.059899 0.046761 0.031077 0.041724 0.332985 0.292139 0.208289 0.242646 1.329982 2.350421 2.368634 2.362646 3.326534 3.341218 4.321073 4.359433 3.276511 3.283767 4.277219 3.212630 3.245604 2.064628 3.104533 2.102290 0.811895 0.687626 1.358016 2.554089 1.614023 0.501976 0.477290 2.453400 2.467195 3.446681 5.453768 7.444274 6.458212 6.463895 5.484188 4.483264 3.471106 6.424389 6.435091 6.441728 4.449553 2.456278 0.406181 0.030801 0.051093 0.040649 0.216839 0.237392 0.268936 0.366684 0.197276
0.461436 0.482956 0.058967 0.081093 0.028785 0.073555 0.063484 0.037072 0.177786 0.406945 0.314225 1.335775 2.358858 3.354444 3.376696 3.358739 3.364339 4.347428 4.369652 4.384377 3.312118 3.286958 3.301381 2.172140 2.147146 2.961207 3.120465 1.911363 1.545386 2.282130 3.488699 5.571201 3.639009 1.481477 1.483320 2.440631 3.458801 4.458021 5.456328 7.450270 6.466707 6.462610 5.498732 4.497585 3.478500 6.423047 6.442942 6.447478 5.465432 3.464718 1.438544 0.031490 0.021675 0.036015 0.049325 0.028359 0.026954 0.250335 2.404735
0.332024 0.321177 0.192916 0.050164 0.035176 0.081245 0.029777 0.057549 0.151939 0.329533 1.344127 2.359043 2.374406 4.370111 3.379756 4.364444 4.375564 4.386772 5.393329 3.399985 2.347320 2.362940 1.271169 1.110687 1.064438 1.872077 2.011296 0.849223 1.388240 2.492544 4.491013 4.632813 2.554767 2.492690 2.491807 2.490104 3.444414 4.459203 5.460734 6.453191 6.488251 5.491750 5.517342 4.496805 5.523748 6.357732 6.440106 6.458196 5.469187 4.472431 3.486496 1.430763 0.035655 0.034263 0.028419 0.043235 0.036630 0.310714 4.404970
0.187006 0.396607 0.311780 0.184493 0.119451 0.108854 0.031300 0.033028 0.093346 0.295918 1.378975 2.366761 3.377496 4.363442 4.396923 4.374463 4.383689 5.389594 5.403922 2.381475 2.365091 2.373581 1.363781 0.324014 0.295896 0.263753 0.216933 0.140477 0.483458 3.484052 4.508995 4.556537 2.524410 2.507698 2.490382 3.453556 3.472889 4.444096 5.454443 6.450116 6.481879 5.487545 5.480231 4.434094 5.409641 4.392243 4.420734 4.436204 3.443067 3.432802 2.432231 1.383103 0.479239 0.077244 0.028847 0.044777 0.040428 0.325082 4.410527
0.107156 0.266637 0.224089 0.545314 0.509205 0.347459 0.294526 0.040423 0.048126 0.334238 1.380783 1.377020 2.374216 3.369714 4.384261 4.371740 4.381312 5.392238 4.399676 2.378113 2.362324 2.363594 1.343211 0.322649 0.259631 0.223685 0.177950 0.128079 0.516051 3.527114 4.523670 4.555455 2.554150 1.492947 2.424814 3.458270 2.445644 2.450419 2.450010 4.432224 4.458096 5.423547 4.454714 3.390275 3.407417 2.369981 2.397283 2.410454 0.320408 0.035869 0.039848 0.035884 0.603068 0.674383 0.039862 0.032371 0.014397 0.024284 4.394854
0.129726 0.607236 0.664989 0.606447 0.546435 1.217549 2.365615 1.405289 0.374218 0.369693 1.381527 1.375070 2.372854 3.368300 4.372549 4.369894 4.380573 3.390663 3.394907 2.381961 2.371252 1.362767 0.261882 0.236396 0.044700 0.066901 0.043853 0.106606 1.480956 2.524014 3.512658 3.551219 1.535299 1.506604 1.507255 0.314140 0.048605 0.034187 0.035699 0.307247 1.319832 2.319967 3.304630 2.428066 2.286838 1.345231 1.365768 0.260579 0.039404 0.028871 0.017967 0.026604 0.086167 0.777981 0.189782 0.057381 0.024284 0.023399 1.384540
0.125775 0.630998 0.697091 0.625861 0.535537 1.277921 2.388113 2.430858 1.397550 1.391541 1.402323 1.385703 3.380886 3.378544 3.393430 4.374754 3.385971 3.396903 2.398537 2.393312 1.375460 0.322682 0.032020 0.040540 0.056602 0.078162 0.046821 0.043618 0.259146 0.300758 0.036979 0.040734 2.541116 1.497077 0.048727 0.031349 0.026894 0.026116 0.022865 0.032809 0.614457 1.651312 2.583943 2.582566 1.574277 0.039915 0.036931 0.019905 0.022118 0.017967 0.021034 0.029457 0.022501 0.267417 1.432067 2.509069 1.497643 0.354146 0.017372
0.174389 0.098485 0.063790 0.039162 0.467706 1.315313 2.396955 2.417991 2.423321 1.398485 1.404709 2.349252 4.379438 4.384467 3.395166 3.376212 3.389792 2.392741 2.393409 1.379961 0.288796 0.032646 0.036705 0.017967 0.033972 0.150078 0.026222 0.027107 0.044167 0.037300 0.028893 0.048927 0.313970 0.047708 0.034051 0.018028 0.021003 0.018029 0.034155 0.043118 1.825032 2.840861 3.809549 3.802536 2.769104 0.864387 0.829080 0.043868 0.043969 0.029366 0.030220 0.044751 0.227047 1.327353 3.345196 3.417170 3.371714 1.331287 0.017372
0.060845 0.092554 0.060111 0.042758 0.028236 0.313273 1.400803 2.423656 1.402925 1.405399 0.391209 2.333922 3.355155 4.361496 3.340425 2.351298 1.370008 0.295745 0.285323 0.262570 0.050651 0.043724 0.017967 0.021034 0.057351 0.049354 0.018197 0.021615 0.021706 0.021507 0.038155 0.046745 0.026740 0.033531 0.033485 0.035026 0.028756 0.032783 0.753790 1.864679 3.877604 3.870037 4.848581 4.778979 3.797709 2.863315 1.827853 0.649785 0.042885 0.027519 0.027778 0.157020 1.201828 2.238778 3.322613 3.181540 2.091486 0.210323 0.025568
0.038886 0.048073 0.127784 0.139699 0.023002 0.018349 0.343872 1.393337 1.389938 1.377241 1.355946 1.363537 1.339921 0.253810 1.111989 1.107137 0.269596 0.063944 0.082407 0.083855 0.097635 0.048775 0.032654 0.043922 0.045417 0.046699 0.045539 0.030144 0.018089 0.033085 0.102947 0.030113 0.017372 0.017372 0.026588 0.079170 0.092584 0.062966 1.871703 3.884941 4.868031 4.877040 4.827978 3.801871 3.761448 2.855409 2.814544 1.770256 0.823225 0.865439 1.004804 2.212616 2.162961 2.273203 2.186979 0.695319 1.073730 2.465527 2.434576
1.122558 1.141077 1.133354 1.118271 1.130575 0.186558 0.280782 0.307628 1.395977 2.368278 2.381715 2.388024 0.043493 0.025215 0.073849 0.089895 0.065484 0.071725 0.069741 0.054573 0.051247 0.057793 0.047691 0.052879 0.070961 0.062767 0.066521 0.048820 0.038063 0.029838 0.100299 0.088956 0.019752 0.028190 0.058234 0.085777 0.095253 0.067207 1.886426 3.886706 4.867613 4.866920 4.842911 3.808577 2.856297 2.892929 3.880493 2.876288 2.768806 1.820884 1.991068 2.138003 2.073065 0.968859 0.337770 0.237946 1.366806 3.508255 3.469062
1.119637 1.136354 1.143425 1.135433 1.129199 1.126291 0.028500 0.029641 0.360271 2.386808 2.390672 1.390106 0.036720 0.032142 0.044380 0.032417 0.125985 0.111627 0.109947 0.017372 0.062905 0.048348 0.186927 0.184868 1.228563 1.225760 0.042717 0.066872 0.076912 0.065488 0.779779 1.811931 0.675984 0.601007 0.689743 0.050255 0.070350 0.052178 0.822987 2.873926 4.847632 4.844830 4.819211 3.816721 2.874638 3.937846 3.862422 2.901144 2.821495 1.651965 1.076996 2.176142 1.028180 0.478275 0.141589 0.276281 1.413942 2.484388 3.465294
0.175992 0.156343 0.148888 1.141107 1.136977 1.149760 0.023566 0.022942 0.029876 0.281805 1.377474 1.391534 0.051583 0.043129 0.051552 0.044334 0.117165 0.116134 0.115822 0.017372 0.059165 0.037576 0.212729 1.247708 2.252253 0.192573 0.033287 0.059334 0.739284 1.847195 0.852288 1.864379 1.858922 1.848569 0.781281 0.073719 0.038949 0.033593 0.803059 2.850711 3.814679 3.818092 3.794994 3.780637 2.858876 3.920205 3.880899 3.853604 2.830503 1.661436 1.015767 1.048331 1.038179 0.780229 1.082635 1.214130 2.393367 2.402770 2.360982
0.177698 0.158478 0.152709 1.154214 1.142663 1.157896 0.027367 0.023507 0.030172 0.243311 1.385484 1.389258 0.057639 0.055504 0.024560 0.024788 0.032128 0.103432 0.103874 0.069450 0.043266 0.118324 0.166057 1.268516 1.259958 0.024360 0.014397 0.041252 1.876760 1.879089 1.885336 1.871901 1.882461 1.901386 0.845667 0.853704 0.042828 0.050478 1.859948 2.869688 2.868221 2.859535 2.853510 1.850532 1.837178 2.883745 2.862565 2.867519 2.854026 0.747717 0.049389 0.020391 0.891891 0.896848 1.055534 1.183377 2.282955 1.436016 1.392141
2.083943 1.112426 1.113696 1.128748 1.110695 0.117085 0.019309 0.037774 0.110963 1.139026 0.276007 0.276003 0.026696 0.026848 0.014397 0.031456 0.020438 0.022666 0.049218 0.071417 0.053169 0.320149 0.344449 0.153143 0.189688 0.023842 0.026635 0.032173 1.879969 2.877347 2.885332 1.863652 1.884373 0.878702 0.851439 0.864738 0.810396 0.809892 2.875825 2.871082 2.866751 2.860422 2.854515 1.847187 0.871515 0.879111 0.862848 1.858832 1.855764 1.811633 0.081072 0.014397 0.104795 0.100836 0.145680 0.202279 0.305378 1.464012 1.514064
3.139054 2.140835 2.139457 1.139995 2.134995 1.133393 0.020820 0.117452 1.168486 1.134960 0.176493 0.025066 0.028069 0.023887 0.024361 0.054405 0.033820 0.045729 0.057258 0.169162 0.189960 0.290415 0.278263 0.089602 0.017372 0.062934 0.036248 0.875529 1.879538 2.876310 2.879332 0.871710 0.880966 0.885666 0.867825 1.879791 1.878840 2.875128 2.871559 2.876644 2.872990 2.866544 2.859047 1.850728 0.883544 0.890992 0.876729 1.888364 1.859092 0.739771 0.124586 0.085507 0.111099 0.107395 0.033791 0.053426 0.074458 0.621122 1.622299
4.144454 4.144464 3.143032 3.139782 3.138324 3.123268 1.151987 1.157237 1.172481 1.148389 1.164248 1.162709 0.037020 0.029793 0.038273 0.038504 0.060380 0.041065 1.205603 1.205224 1.195510 1.195283 0.189855 0.059745 0.017372 0.036522 0.830697 1.872845 1.888281 2.881351 2.885111 1.891628 0.887956 0.891684 1.889656 2.883670 2.886815 3.885850 3.890768 2.882947 2.864659 2.878032 3.909419 2.913062 1.921180 1.907946 1.882694 2.883415 2.874007 0.775307 0.133499 0.099740 1.137552 0.091962 0.041019 0.024529 0.030083 0.025429 0.578026
6.140563 6.139320 4.139338 3.140036 3.135689 2.134394 0.142769 0.144733 0.144214 1.134310 1.138156 2.112540 0.981405 0.976443 0.102245 0.133005 0.155270 1.198891 2.217875 2.201571 1.195888 0.220762 0.205934 0.033590 0.026893 0.051917 0.810431 1.871611 1.885193 2.879964 2.883490 1.883096 1.887827 0.887440 1.870019 2.873234 2.881538 3.879766 3.863487 2.865130 1.875391 2.834543 3.847058 2.878096 2.896672 2.881814 2.856842 2.872556 1.862018 0.813882 0.059993 0.117432 1.135906 0.098199 0.033462 0.024757 0.030830 0.029961 0.023597
6.145931 5.146753 4.143767 4.146008 3.140932 2.149657 0.141876 1.146977 1.144888 0.148784 1.178133 2.168111 4.224754 3.213843 3.207730 1.196696 1.208804 2.219496 2.222174 1.216859 1.211895 1.203494 0.196008 0.168328 0.132464 0.788339 1.892539 1.871096 1.879391 1.872527 2.865889 1.878514 1.875919 0.885930 1.884612 2.876005 2.884672 1.892432 1.888101 1.883461 1.880211 1.879970 2.890843 2.892312 2.901977 2.887646 2.879578 1.878858 0.801421 0.078905 0.022591 0.022591 0.142055 0.132340 0.126061 0.116688 0.038617 0.052412 0.018456
5.148337 4.144578 4.144171 4.144750 4.146875 2.147686 1.146074 2.148152 2.150420 1.114615 0.165773 1.187064 4.244086 4.245963 4.223979 2.206255 2.219111 2.219505 0.205780 0.220588 1.213199 1.207356 1.209401 1.211401 0.137374 1.878866 1.878712 1.876354 1.880752 0.883590 0.899860 1.887130 1.887691 1.900112 1.884276 1.882002 0.897759 1.892810 1.891808 1.885430 1.880778 1.880962 2.889557 2.890661 2.897743 1.888865 1.875430 0.841952 0.779993 0.144886 0.022591 0.022591 0.154454 0.147722 1.170220 1.121791 0.324069 0.512863 0.304790
3.143897 4.141410 4.142860 4.143050 4.142306 3.140272 3.140144 3.140645 2.144516 1.108938 0.168120 1.196773 3.250903 3.256714 4.221428 4.198760 3.222293 1.219922 0.049186 0.229239 0.229555 1.203373 1.207252 1.210804 0.126353 1.872382 1.863218 0.868193 0.875589 0.879446 0.901652 1.878691 2.893519 2.900040 1.886782 1.881802 0.903865 0.908224 1.911881 1.899549 2.926473 3.958827 3.944535 3.941617 2.912535 2.905514 0.837616 0.113055 0.128278 0.176928 0.117125 0.155169 1.170768 1.120028 1.178087 2.218848 0.988747 0.576192 0.671233
2.142473 4.145415 4.142686 4.143895 4.140427 3.140036 3.142192 3.140015 2.138522 1.126299 1.108540 1.137515 1.111359 1.130154 3.214982 3.191786 0.138025 0.018730 0.096813 0.061854 0.188815 1.198269 1.206762 0.162359 0.110959 1.844785 0.790003 0.852989 0.032846 0.872904 0.900270 0.889557 1.883614 2.887485 1.887093 1.879790 0.902836 0.907574 1.912609 2.920204 3.915139 4.915755 4.897593 3.908157 2.873862 1.895269 0.808669 0.090848 0.043793 0.082154 0.149027 1.201967 1.161093 1.131710 1.129959 0.171859 0.052591 0.102722 0.132051
2.141696 3.147288 3.142699 3.143868 3.139216 3.140586 3.141690 3.141394 3.142521 2.127562 2.116019 1.132065 0.019310 0.033646 0.194800 0.197765 0.036440 0.023643 0.130324 0.099435 0.063726 0.052666 0.049954 0.018257 0.113669 0.092580 0.074810 0.019051 0.057855 0.034399 0.887864 0.872417 0.867400 1.886492 1.871219 1.860300 0.901332 1.942205 2.925884 3.916525 3.906911 3.907034 3.919128 3.892630 1.918650 1.869431 0.047092 0.021687 0.036498 0.017372 0.017372 0.124208 1.113576 1.070315 0.100354 0.044335 0.043856 0.076088 0.073466
3.139169 2.141527 2.142154 2.143386 3.141441 2.139181 2.139444 3.137267 3.132728 2.131885 2.133379 0.094735 0.014397 0.019310 0.048360 0.059666 0.024605 0.030281 0.165844 0.031211 0.037026 0.032402 0.024758 0.022606 0.028312 0.024377 0.023827 0.026710 0.019203 0.038364 0.953055 0.059014 0.068632 0.794434 0.771511 0.790750 0.881603 1.930357 2.921146 2.906272 2.898831 2.924455 3.942301 3.895563 2.950746 1.848358 0.072573 0.070940 0.074904 0.027675 0.028964 0.924614 1.042287 1.000801 0.082656 0.054110 0.017372 0.131330 0.104515
4.141329 3.141381 2.142270 1.133716 2.131708 1.127951 1.117463 2.094667 2.090540 1.096849 0.080744 0.039633 0.025276 0.078377 0.065633 0.068803 0.025581 0.033393 0.037818 0.048317 0.014397 0.028572 0.032249 0.352629 0.404847 0.392385 0.368739 0.341117 0.270827 1.027408 1.047639 0.108963 0.111398 0.070545 0.059037 0.050361 0.851829 0.844597 1.917187 1.896158 1.881835 2.942334 3.946296 3.888210 2.962887 2.965118 1.955022 1.037623 0.923318 0.387956 0.631044 0.845259 1.058641 1.027106 0.035776 0.029732 0.017372 0.139489 0.113458
