use_cases/Flooding_chicago/flooding_data/output/h_2160.asc
ncols 337
nrows 393
xllcorner 428428.000000
yllcorner 4602440.000000
cellsize 26.757400
NODATA_value -9999.000000
[rows 135 to 161 of 393, columns 236 to 294 of 337]
0.646346 0.081074 0.023506 0.022942 0.210899 0.283342 0.948560 1.261235 0.881290 0.824368 0.060134 0.070584 0.052392 0.035790 0.043237 0.024589 0.056526 0.052208 0.020974 0.029457 0.022193 0.488568 0.514789 0.048217 0.063711 0.079153 0.027946 0.017372 0.028420 0.028130 0.034675 0.036293 0.840111 1.950197 2.806111 2.857335 1.557047 1.508322 0.520867 0.062869 0.062145 0.045265 0.037895 0.033897 0.041161 0.017372 0.020134 0.058983 0.046166 0.041344 -9999.000000 -9999.000000 -9999.000000 -9999.000000 -9999.000000 -9999.000000 -9999.000000 -9999.000000 -9999.000000
0.031976 0.019310 0.027367 0.023566 0.321355 0.305833 0.795627 1.798783 0.655822 0.407826 0.045251 0.045936 0.048606 0.037132 0.026481 0.036522 0.034477 0.030678 0.020226 0.026771 0.483111 1.609057 1.640255 0.613852 0.656212 0.071981 0.086125 0.031959 0.042626 0.032982 0.046135 0.043703 0.934900 1.945192 1.759659 1.782094 0.640844 0.608124 0.174411 0.044517 0.047967 0.055336 0.050321 0.039696 0.040214 0.017372 0.039879 0.094276 0.084191 0.044228 -9999.000000 -9999.000000 -9999.000000 -9999.000000 -9999.000000 -9999.000000 -9999.000000 -9999.000000 -9999.000000
0.705925 0.723790 0.029166 0.402564 1.458563 1.489350 1.269489 2.132256 0.831682 0.104518 0.033073 0.040459 0.029091 0.021419 0.027061 0.014396 0.035225 0.027017 0.033028 0.058412 1.593527 2.607881 2.609192 1.596054 0.045467 0.062746 0.058348 0.046959 0.050908 0.020684 0.034187 0.039849 1.018765 2.041750 0.975138 0.797236 0.240452 0.322938 0.326284 0.047429 0.049369 0.030923 0.052192 0.032447 0.028663 0.033913 0.028633 0.049370 0.075035 0.051566 -9999.000000 -9999.000000 -9999.000000 -9999.000000 -9999.000000 -9999.000000 -9999.000000 -9999.000000 -9999.000000
2.720321 1.674572 1.672802 2.589789 2.602661 2.599860 2.577433 2.486210 0.372607 0.139171 0.033576 0.041726 0.030446 0.038414 0.030831 0.035362 0.042320 0.032448 0.060823 1.588964 2.621376 3.614498 3.625082 1.618890 0.038711 0.036648 0.119880 1.077076 0.087834 0.060713 0.055917 0.033825 1.064851 2.109141 1.067663 0.333868 0.369165 0.440208 1.494722 0.045764 0.036202 0.043694 0.033745 0.043480 0.046614 0.037054 0.031177 0.050620 0.095557 0.062508 0.038459 -9999.000000 -9999.000000 -9999.000000 -9999.000000 -9999.000000 -9999.000000 -9999.000000 -9999.000000
3.687671 4.688132 4.708268 5.659284 4.688999 3.652350 3.680491 2.601937 0.548751 0.339288 0.647150 0.905532 0.991186 0.202307 0.040478 0.059365 0.067195 0.051425 1.566315 3.587637 4.615749 3.580671 3.596958 2.564074 1.342059 1.266619 1.178004 1.062673 0.813024 1.134990 1.297025 1.303594 3.238009 2.245488 1.205114 0.404590 0.432307 1.562257 3.524834 1.485767 0.379506 0.098757 0.044852 0.077507 0.028450 0.064553 0.049842 0.038735 0.076883 0.063150 0.262172 -9999.000000 -9999.000000 -9999.000000 -9999.000000 -9999.000000 -9999.000000 -9999.000000 -9999.000000
5.551047 6.674429 5.673184 5.644050 5.685994 3.627467 3.621259 2.598269 0.544450 0.377443 0.352919 0.105112 1.143677 1.256697 0.315771 0.058581 0.059207 0.492607 1.565776 3.562482 4.581440 3.563776 3.573738 2.554012 1.326602 1.233911 1.137624 1.012662 0.776628 1.095330 2.256399 2.333298 4.267945 3.331765 2.287380 1.426730 1.434059 2.492955 4.465019 3.453357 1.390789 0.154737 0.219260 0.068536 0.040031 0.082493 0.070577 0.045541 0.345353 0.347604 0.388528 -9999.000000 -9999.000000 -9999.000000 -9999.000000 -9999.000000 -9999.000000 -9999.000000 -9999.000000
4.641923 4.730605 2.531358 2.575571 2.580866 2.587078 1.413230 1.474399 0.385876 0.049142 0.042930 0.025627 0.027901 1.392938 1.455646 0.553688 0.568251 1.607216 1.593099 3.589152 4.597672 4.594951 2.582283 1.586923 0.423762 0.322273 0.233056 0.144094 0.549834 1.110943 2.238697 2.277943 3.214731 3.264028 1.106923 0.276355 0.268482 1.353948 3.438890 2.452837 0.280496 0.098515 0.028848 0.017372 0.056863 0.549744 1.707966 0.618049 0.506821 0.259522 0.174205 -9999.000000 -9999.000000 -9999.000000 -9999.000000 -9999.000000 -9999.000000 -9999.000000 -9999.000000
3.740854 0.535304 0.030251 0.021508 0.056784 0.114627 0.091757 0.041710 0.061638 0.049277 0.040657 0.023796 0.042595 0.392357 1.558883 1.603209 1.604732 2.625285 2.630040 3.597739 4.612689 3.605187 2.593203 0.532405 0.020951 0.017372 0.017372 0.021980 0.024326 1.130676 2.232822 2.239214 1.145664 0.136150 0.038359 0.025017 0.037514 0.417369 0.487994 0.062170 0.073576 0.020988 0.033635 0.017372 0.044348 1.681700 1.711533 1.723603 0.637941 0.032377 0.044121 -9999.000000 -9999.000000 -9999.000000 -9999.000000 -9999.000000 -9999.000000 -9999.000000 -9999.000000
2.610542 0.042542 0.018318 0.022896 0.059874 0.086431 0.073220 0.043006 0.054222 0.039177 0.045906 0.022453 0.021781 0.039799 1.535871 2.614047 2.608294 2.611912 2.609637 3.601758 4.612076 4.620804 2.597710 0.597657 0.618794 0.609518 0.049532 0.086202 0.306549 0.238286 2.293855 2.268341 0.067168 0.046434 0.025216 0.031856 0.026436 0.633087 0.034969 0.078136 0.050709 0.468551 0.470028 0.020180 0.613861 0.529411 0.513204 0.563837 0.578521 0.037606 0.030663 -9999.000000 -9999.000000 -9999.000000 -9999.000000 -9999.000000 -9999.000000 -9999.000000 -9999.000000
1.372744 0.062593 0.052162 0.025826 0.119988 0.091699 0.036689 0.040230 0.030357 0.032936 0.030236 0.040215 0.048876 0.053531 0.502338 2.605435 3.619611 2.620496 2.616435 3.566664 4.585741 4.591037 2.593491 0.568294 0.583545 0.592929 0.077388 0.039450 0.113420 0.079910 1.177353 0.062695 0.067928 0.083660 0.026421 0.037744 0.032509 0.862081 0.074132 0.060003 0.082384 0.423580 0.436283 0.378308 0.214941 0.141075 0.025994 0.053898 0.592758 0.047615 0.043312 -9999.000000 -9999.000000 -9999.000000 -9999.000000 -9999.000000 -9999.000000 -9999.000000 -9999.000000
0.534328 0.059441 0.057610 0.037407 0.045906 0.046959 0.032723 0.027825 0.029396 0.018028 0.037697 0.045112 0.067444 0.077672 1.598201 2.614337 3.607486 2.620826 2.618861 2.612343 3.611917 3.587497 1.580987 0.066841 0.085806 0.121722 0.145316 0.017372 0.115546 0.085768 0.165942 0.053590 0.054096 0.103898 0.158689 0.021749 1.158293 2.114798 2.146243 0.112059 0.066203 0.074706 0.063423 0.064847 0.069514 0.036827 0.034141 0.045265 0.041160 0.076883 0.059624 -9999.000000 -9999.000000 -9999.000000 -9999.000000 -9999.000000 -9999.000000 -9999.000000 -9999.000000
0.092803 0.099143 0.070885 0.037071 0.046822 0.049660 0.039695 0.028039 0.030174 0.021003 0.028282 0.032783 0.423846 0.582486 1.604757 2.616034 2.613387 2.618922 2.620206 2.618354 3.622474 2.613367 0.501136 0.023979 0.026345 0.187163 0.190227 0.017372 0.181059 0.152025 0.097812 0.031777 0.041418 0.031654 0.131136 0.989571 3.153646 4.148293 4.136099 1.153901 0.107978 0.031410 0.044517 0.043771 0.050453 0.022255 0.060251 0.033775 0.036125 0.031257 0.040932 -9999.000000 -9999.000000 -9999.000000 -9999.000000 -9999.000000 -9999.000000 -9999.000000 -9999.000000
0.144190 0.088478 0.103875 0.021613 0.446893 0.443949 0.036003 0.047035 0.033317 0.018028 0.033027 0.042610 0.412470 1.603609 1.612142 2.612314 2.611845 2.613254 3.657926 3.659891 3.631972 2.624268 0.491489 0.025948 0.036056 0.159787 0.172217 0.229934 1.225398 1.193099 0.053750 0.035869 0.024787 0.024559 0.033379 0.919949 3.150174 5.154357 4.168320 2.190298 0.124348 0.021919 0.036827 0.025887 0.033119 0.029625 0.037498 0.030587 0.033241 0.035744 -9999.000000 -9999.000000 -9999.000000 -9999.000000 -9999.000000 -9999.000000 -9999.000000 -9999.000000 -9999.000000
0.185709 0.167398 0.188515 0.294951 0.405404 0.396008 0.096504 0.068855 0.059882 0.028420 0.025917 0.042229 0.431963 0.599666 1.588650 1.580245 1.582398 1.579240 3.636949 3.634287 3.631031 2.625369 0.480681 0.078750 0.052955 0.022438 0.033104 0.188753 0.211095 0.157151 0.036329 0.020439 0.031457 0.014396 0.024756 0.081059 3.177921 5.141049 4.157658 3.138926 1.074427 0.035790 0.029015 0.028176 0.017372 0.017372 0.020180 0.035469 0.045388 -9999.000000 -9999.000000 -9999.000000 -9999.000000 -9999.000000 -9999.000000 -9999.000000 -9999.000000 -9999.000000 -9999.000000
0.104106 0.146965 0.155921 0.234918 0.049461 0.088280 0.116676 0.069680 0.059396 0.029039 0.036838 0.045738 0.066367 0.584005 0.617608 0.626476 0.628891 0.637681 3.645433 4.668858 3.644572 2.641412 0.495619 0.040290 0.071190 0.024467 0.025352 0.055042 0.065567 0.063226 0.066936 0.029731 0.039818 0.033516 0.025443 0.078163 3.154162 5.115316 4.136311 2.161864 1.131844 1.159405 0.130903 0.035062 0.025704 0.025704 0.035408 -9999.000000 -9999.000000 -9999.000000 -9999.000000 -9999.000000 -9999.000000 -9999.000000 -9999.000000 -9999.000000 -9999.000000 -9999.000000 -9999.000000
0.054098 0.036797 0.035923 0.024315 0.025933 0.035561 0.019692 0.027306 0.043494 0.049774 0.021919 0.038612 0.079556 0.059005 0.634479 0.636737 0.640559 1.685591 4.670820 5.685831 4.691277 2.657542 0.035001 0.021050 0.019997 0.029778 0.034676 0.021004 0.098911 0.084106 0.048970 0.432859 0.494825 0.403307 0.401864 1.913229 3.130787 3.107546 2.145517 1.149812 1.123035 0.129109 0.164500 0.194739 0.030540 0.030540 -9999.000000 -9999.000000 -9999.000000 -9999.000000 -9999.000000 -9999.000000 -9999.000000 -9999.000000 -9999.000000 -9999.000000 -9999.000000 -9999.000000 -9999.000000
0.039818 0.031685 0.019401 0.025932 0.068214 0.030097 0.044838 0.054237 0.063942 0.067391 0.030128 0.027596 0.044227 0.023415 0.632302 1.662829 2.671714 2.679946 4.636133 5.643202 4.642465 3.641905 0.043426 0.038845 0.047218 0.037834 0.020896 0.130608 0.118710 0.093568 0.534652 1.561904 0.527393 0.514682 0.441359 0.927670 2.155674 1.156324 0.136910 0.118027 0.108390 0.027000 0.022713 0.018471 -9999.000000 -9999.000000 -9999.000000 -9999.000000 -9999.000000 -9999.000000 -9999.000000 -9999.000000 -9999.000000 -9999.000000 -9999.000000 -9999.000000 -9999.000000 -9999.000000 -9999.000000
0.031685 0.024421 0.027749 0.053992 0.118763 0.115192 0.037906 0.052651 0.067055 0.100013 0.028831 0.032799 0.025139 0.050972 0.566836 1.652295 3.658591 4.688148 4.666094 4.659288 3.651630 2.628805 1.684430 0.034220 0.431019 0.062594 0.086181 0.122866 0.124055 0.101539 0.057003 0.559061 0.568784 0.027545 0.032860 0.025593 1.097517 0.127466 0.036833 0.061020 0.033898 0.030111 -9999.000000 -9999.000000 -9999.000000 -9999.000000 -9999.000000 -9999.000000 -9999.000000 -9999.000000 -9999.000000 -9999.000000 -9999.000000 -9999.000000 -9999.000000 -9999.000000 -9999.000000 -9999.000000 -9999.000000
0.019401 0.027749 0.024513 0.053635 0.092827 0.173486 0.044182 0.067497 0.091530 0.061790 0.046896 0.032707 0.036628 0.563262 1.660344 2.659122 3.648923 4.651211 4.627461 3.569805 2.599832 1.603476 1.660700 1.689649 1.599357 0.130619 0.088172 0.129929 0.141704 0.022942 0.023567 0.060009 0.577590 0.035546 0.040332 0.027184 0.250967 0.180067 0.046302 0.036461 0.059517 0.018089 -9999.000000 -9999.000000 -9999.000000 -9999.000000 -9999.000000 -9999.000000 -9999.000000 -9999.000000 -9999.000000 -9999.000000 -9999.000000 -9999.000000 -9999.000000 -9999.000000 -9999.000000 -9999.000000 -9999.000000
0.035728 0.039238 0.030919 0.059090 0.075948 0.834318 0.839525 0.072663 0.115048 0.049645 0.051474 0.037589 0.058259 0.582932 1.666313 2.660207 3.666178 3.678143 2.582950 1.702686 1.679708 0.708337 0.723900 1.715723 1.638265 0.138703 0.091803 0.137225 0.155041 0.023506 0.027367 0.072952 0.552253 0.036904 0.029171 0.232220 1.278293 0.174764 0.047508 0.044680 0.021660 0.021660 -9999.000000 -9999.000000 -9999.000000 -9999.000000 -9999.000000 -9999.000000 -9999.000000 -9999.000000 -9999.000000 -9999.000000 -9999.000000 -9999.000000 -9999.000000 -9999.000000 -9999.000000 -9999.000000 -9999.000000
0.094993 0.086613 0.077216 0.069756 0.039040 0.944921 0.891634 1.941508 1.934418 0.996977 1.004890 0.981152 0.037474 0.634649 1.637834 1.643811 2.644915 3.589429 1.691487 1.703056 1.680761 0.719392 0.729705 1.695477 1.623706 0.139611 0.095648 0.147128 1.177713 0.152927 0.019310 0.073776 0.053488 0.044899 0.227341 1.261872 2.260587 0.177223 0.051155 0.045128 0.018089 -9999.000000 -9999.000000 -9999.000000 -9999.000000 -9999.000000 -9999.000000 -9999.000000 -9999.000000 -9999.000000 -9999.000000 -9999.000000 -9999.000000 -9999.000000 -9999.000000 -9999.000000 -9999.000000 -9999.000000 -9999.000000
0.101951 0.083702 0.075967 0.075966 0.017372 0.028058 0.784990 1.981742 2.002395 1.003427 1.013281 0.015158 0.706710 0.699793 0.639041 0.644924 0.644823 1.677542 2.790627 2.782716 1.750690 1.822022 1.824773 0.730791 0.641038 0.152574 0.086022 0.135736 0.148400 0.175465 0.194428 0.027564 0.034630 0.020836 0.207149 2.266572 3.268307 0.186602 0.063147 0.041909 0.044197 -9999.000000 -9999.000000 -9999.000000 -9999.000000 -9999.000000 -9999.000000 -9999.000000 -9999.000000 -9999.000000 -9999.000000 -9999.000000 -9999.000000 -9999.000000 -9999.000000 -9999.000000 -9999.000000 -9999.000000 -9999.000000
0.056221 0.121906 0.106724 0.040565 0.017372 0.035364 0.738658 1.971187 1.998110 1.998318 2.022193 0.926436 0.766684 0.793456 0.052879 0.068319 0.068611 0.798565 3.844990 3.843856 3.874183 3.868474 1.824931 0.712868 0.052093 0.043754 0.063328 0.026405 0.033088 0.034905 0.036690 0.017372 0.017372 0.038258 1.028957 3.255988 3.303596 0.215824 0.072974 0.045295 0.045937 -9999.000000 -9999.000000 -9999.000000 -9999.000000 -9999.000000 -9999.000000 -9999.000000 -9999.000000 -9999.000000 -9999.000000 -9999.000000 -9999.000000 -9999.000000 -9999.000000 -9999.000000 -9999.000000 -9999.000000 -9999.000000
0.056174 0.320624 0.307616 0.347590 0.037139 0.036402 0.088441 0.942805 0.983584 1.000866 1.993785 0.948555 0.048890 0.055976 0.075350 0.079003 0.073514 0.775089 3.779509 4.797563 4.778580 3.826060 1.820946 0.722448 0.056474 0.049447 0.055442 0.030205 0.033120 0.033118 0.027626 0.057063 0.050786 1.232099 3.239233 3.256311 2.252610 0.049401 0.088167 0.024330 0.024330 -9999.000000 -9999.000000 -9999.000000 -9999.000000 -9999.000000 -9999.000000 -9999.000000 -9999.000000 -9999.000000 -9999.000000 -9999.000000 -9999.000000 -9999.000000 -9999.000000 -9999.000000 -9999.000000 -9999.000000 -9999.000000
0.303128 0.377084 1.383416 0.344242 0.029365 0.039498 0.026559 0.098536 0.052656 1.025640 1.029420 0.039888 0.046879 1.016397 1.058914 1.013968 0.968109 0.892061 2.644944 3.782955 3.812469 3.812939 1.839039 0.765623 0.044608 0.044578 0.045219 0.019921 0.048828 0.036201 0.217894 1.241554 1.232988 2.262096 3.174484 2.259073 1.224947 0.061800 0.040276 0.029564 0.029564 -9999.000000 -9999.000000 -9999.000000 -9999.000000 -9999.000000 -9999.000000 -9999.000000 -9999.000000 -9999.000000 -9999.000000 -9999.000000 -9999.000000 -9999.000000 -9999.000000 -9999.000000 -9999.000000 -9999.000000 -9999.000000
1.404003 2.389737 3.390814 2.394091 0.363128 0.026817 0.024162 0.121947 1.001016 1.045584 2.069780 0.065815 1.013541 2.023951 2.060514 2.020936 1.981499 1.943314 1.830859 2.808162 2.839042 2.837414 2.889138 1.879480 0.739488 0.033653 0.028771 0.026909 0.268985 0.252324 1.270626 1.271293 1.263936 1.254502 2.225230 1.235083 0.069777 0.036446 0.057533 0.024330 0.024330 0.023202 -9999.000000 -9999.000000 -9999.000000 -9999.000000 -9999.000000 -9999.000000 -9999.000000 -9999.000000 -9999.000000 -9999.000000 -9999.000000 -9999.000000 -9999.000000 -9999.000000 -9999.000000 -9999.000000 -9999.000000
3.408380 4.389939 4.394784 4.385847 2.409335 0.295341 0.246676 0.195786 0.976513 2.049212 3.066840 2.102718 2.075678 3.041919 3.093677 2.007020 1.967146 1.980589 0.897309 1.783041 1.859569 1.868249 2.882501 2.878981 0.712096 0.189308 0.140345 0.200526 0.268669 0.297053 1.270352 1.270552 1.262546 1.250404 0.180870 0.035261 0.029473 0.046867 0.051781 0.034264 0.097756 0.066491 -9999.000000 -9999.000000 -9999.000000 -9999.000000 -9999.000000 -9999.000000 -9999.000000 -9999.000000 -9999.000000 -9999.000000 -9999.000000 -9999.000000 -9999.000000 -9999.000000 -9999.000000 -9999.000000 -9999.000000
