use_cases/Flooding_chicago/flooding_data/output/h_2280.asc
ncols 337
nrows 393
xllcorner 428428.000000
yllcorner 4602440.000000
cellsize 26.757400
NODATA_value -9999.000000
[rows 189 to 215 of 393, columns 236 to 294 of 337]
0.052391 0.043159 0.095582 3.996104 4.058340 4.127407 3.075465 1.970506 1.935423 1.963574 0.894027 0.825348 1.565602 1.667179 2.633714 2.669748 4.597001 4.634876 4.647773 2.620354 1.582228 0.682105 0.021035 0.017967 0.029697 0.030083 0.025841 0.412723 0.447152 1.120459 2.245979 3.180572 3.286602 2.228172 2.205858 2.032177 1.997128 1.988508 2.856663 2.990317 3.008463 0.969424 0.099711 0.954585 2.004803 2.011690 2.019549 3.004511 3.010858 0.979155 0.988257 0.936735 0.103555 0.037163 0.033852 0.050927 0.083351 0.061211 0.167915
0.037926 0.048821 0.045986 2.987972 4.035224 4.060613 2.022472 1.955808 1.953144 2.967235 1.987522 1.996401 0.873606 1.470132 2.617665 3.620481 4.613378 4.643456 3.640320 2.638197 1.620899 0.671239 0.042754 0.037723 0.032043 0.039482 0.303679 1.431142 1.466399 2.229862 3.360847 2.334262 2.324234 2.290134 2.322447 1.152706 1.107784 2.000974 2.054975 3.028748 4.095697 1.041948 0.113368 0.103413 0.982816 3.023046 2.030857 2.020732 3.012407 2.018775 1.012946 0.987023 0.100637 0.044517 0.055733 0.046471 0.040536 0.028450 0.038948
0.049034 0.036323 0.034309 0.817937 2.970869 3.063347 1.993917 1.947229 2.964237 4.924861 4.022779 2.980519 1.972803 0.681000 2.573799 3.666072 3.693397 2.615131 2.600209 2.625950 1.628655 0.579514 0.482179 0.445510 0.020455 0.029641 0.314976 1.371369 1.422643 2.211160 3.294428 3.354432 3.352397 3.334458 3.392445 1.186606 1.135203 2.016747 2.088278 3.047995 4.071411 2.164194 0.128890 0.111765 0.982008 3.017979 3.043061 2.018778 2.007710 2.021289 0.989663 0.040206 0.026986 0.054023 0.067375 0.059198 0.025703 0.017372 0.025703
0.040305 0.033454 0.033241 0.795353 2.022496 2.122579 1.120401 2.740796 3.942047 4.929782 4.003841 1.940392 0.813565 0.045606 0.473795 0.581971 0.543981 0.497052 0.539622 1.550891 1.567491 0.517998 0.478259 0.305676 0.238866 0.326787 1.451427 1.440045 1.402376 2.201328 2.324885 3.294874 3.335774 4.304249 3.381272 1.214875 1.152843 2.012428 2.099572 3.038647 4.063132 3.183607 1.097141 1.079662 1.987925 3.013068 3.057725 2.025807 2.014692 2.041391 1.012802 0.050205 0.069922 0.036461 0.050316 0.046288 0.025703 0.017372 0.025703
0.236920 0.640983 0.758617 0.896674 2.039772 1.214955 1.193856 1.635072 2.864913 2.914141 1.946008 0.060379 0.036371 0.021782 0.033577 0.132377 0.017967 0.037395 0.537524 0.547881 0.547430 0.530216 0.014396 0.301505 0.305317 1.425370 2.505371 2.578223 1.424349 1.338356 2.233784 2.327653 3.269801 4.284453 3.364731 2.298308 2.237356 2.123598 3.109253 3.089822 4.029706 3.152255 2.091896 2.081951 2.033437 3.004541 2.020024 2.001632 2.938205 3.014416 1.927444 1.892281 1.908103 0.819774 0.866194 0.053686 0.065026 0.029800 0.029183
1.408092 0.990152 0.842655 0.652549 0.884548 1.203051 1.237276 0.241543 0.150179 0.078688 0.061112 0.042168 0.022591 0.022591 0.027794 0.124902 0.021035 0.017967 0.060218 0.059139 0.033584 0.390806 0.234518 0.302847 1.235363 2.433641 3.523864 3.584811 2.549381 1.410108 1.368479 2.223442 2.261492 3.248698 3.328665 3.355315 2.208116 2.128729 2.978308 2.980369 2.987893 3.088742 3.084998 3.104265 2.059177 0.973880 0.986225 1.932622 2.941602 3.014908 1.913705 1.868509 2.744181 2.762588 2.737005 2.697051 2.695984 2.750985 1.483128
1.316381 0.960258 0.624610 0.429872 0.272413 1.073427 0.299182 0.162054 0.094734 0.029425 0.041098 0.055476 0.022591 0.022591 0.027794 0.074700 0.082044 0.102287 0.085755 0.065699 0.133664 0.894780 0.954218 1.189985 1.150725 3.179785 3.539594 2.537732 1.447641 1.457998 1.427173 1.381080 1.371490 2.236202 3.294820 3.314149 2.226593 2.105149 2.063050 0.939999 1.031800 4.082033 3.084819 3.089854 1.027822 0.057507 0.020302 0.936223 1.906216 1.959701 1.922435 1.886495 1.863507 2.741648 2.787158 2.726254 3.612745 3.755564 2.611503
0.584985 0.039629 0.050207 0.039879 0.042582 0.182441 0.234429 0.294134 0.062670 0.017372 0.017372 0.028465 0.062850 0.045283 0.060768 0.327394 0.347695 1.273379 1.304050 2.058516 3.159680 4.204445 3.133855 1.417089 0.961294 1.200567 1.539137 0.520211 0.510139 1.409886 1.426079 1.388318 1.374102 3.307988 3.370071 2.332611 2.284898 1.282486 1.310982 0.263729 0.971975 3.075585 3.087375 2.087715 0.073859 0.021035 0.017967 0.933652 1.884203 1.958837 1.932921 1.900036 1.880966 1.825344 1.744344 2.589985 2.698573 1.536796 1.435654
0.036674 0.018348 0.029687 0.027991 0.031181 0.148546 0.151384 0.287951 0.076476 0.091647 0.074200 0.038729 0.042359 0.081430 0.053559 0.301109 1.360842 2.122981 3.180640 4.151680 4.188659 4.230582 2.107305 0.713483 0.510229 0.327760 0.219020 0.446783 0.500901 2.464480 2.505874 2.467426 2.437562 3.331894 3.403248 2.401308 1.336195 1.327501 1.345433 0.297731 0.227509 1.070904 2.087831 1.117736 0.101133 0.017967 0.028872 2.056938 1.003224 1.936530 2.956644 2.958874 2.983011 1.930889 0.832923 0.825360 0.076229 0.027593 0.032000
0.028115 0.023033 0.031060 0.028389 0.031349 0.247366 0.268123 0.196950 0.151509 0.090753 0.056561 0.052920 0.110836 0.077348 0.140430 1.283856 1.315092 1.144767 1.944492 3.010106 3.105466 3.076745 1.170082 0.112244 0.048603 0.142110 0.109500 0.393649 2.510499 3.526083 2.464177 3.401566 3.421782 3.374534 3.382224 2.413724 1.362531 1.355529 1.358548 0.331708 0.284814 1.088844 0.079622 0.022998 0.118387 0.123968 0.969152 2.041244 1.005165 1.934167 2.928759 4.645348 3.934565 1.904670 0.048608 0.027748 0.027153 0.014396 0.034537
0.023659 0.036705 0.036536 0.053506 0.291419 1.373367 1.401219 0.282032 0.172230 0.219896 0.118006 0.169256 0.671852 0.728754 1.012963 1.494042 0.750374 0.718831 0.371331 0.210703 0.996251 1.186865 1.135714 0.111282 0.155893 0.524404 0.536418 1.283964 3.434085 4.493270 4.533089 4.447351 4.422170 3.370714 2.369942 2.396224 2.407723 1.382828 1.380376 2.419013 1.412709 0.279315 0.030908 0.041999 0.028144 0.125978 1.916877 2.039984 2.042491 1.988884 1.951624 2.930577 2.983628 0.914759 0.036781 0.031699 0.025628 0.032692 0.032600
0.031075 0.049568 0.285314 1.365977 2.393698 2.383913 1.391690 0.324068 0.014396 0.129432 0.253464 0.208202 0.723665 0.679358 1.178990 0.402269 0.730862 0.805755 0.022591 0.022591 0.412773 1.170630 0.170653 0.120814 0.138988 0.512032 0.525089 1.286956 2.453937 4.313768 4.389459 4.388407 2.387950 1.346580 1.347003 2.388090 2.378208 2.373268 2.375208 2.382825 2.360688 0.311191 0.042123 0.048663 0.032015 0.164036 1.840390 2.033570 1.951709 1.983848 0.940605 0.899134 1.919541 0.871378 0.845238 0.851774 0.035769 0.041027 0.033203
0.029015 0.034996 1.382509 2.353000 2.380652 1.354167 1.377648 0.269054 0.159124 0.160205 0.284666 0.230438 0.766668 0.783367 0.168918 0.684282 0.483866 0.603195 0.022591 0.022591 0.573676 0.784267 0.066153 0.059563 0.064467 0.084557 0.059152 0.271259 2.273121 2.274857 2.323973 2.165642 1.343966 0.276374 0.328214 2.382903 2.359235 1.355276 1.361757 1.401870 2.403001 1.371120 0.543747 0.538143 0.509048 1.190149 1.824769 2.032074 0.852923 0.844683 0.918534 0.058828 0.794008 0.836286 0.812202 0.787634 0.550645 0.590083 0.762657
0.253193 0.183188 1.360958 1.382679 0.289893 0.258995 0.026879 0.028648 0.079881 0.035771 0.049685 0.036938 0.365978 0.371714 0.355126 1.063340 0.101193 0.774409 0.966335 0.899614 0.506813 1.089658 0.140907 0.115923 0.066165 0.064656 0.031057 0.175457 1.481065 1.600425 1.275846 0.535286 0.135865 0.063786 0.309156 1.343706 1.350911 0.315344 0.303747 1.403068 2.394006 2.442662 2.488567 1.494370 1.468146 1.323794 1.236320 1.294720 0.266864 0.160286 0.135979 0.123838 0.080599 0.050742 0.849035 0.030836 0.025954 0.115390 0.114057
0.200104 0.182444 0.313697 0.337031 0.041847 0.059700 0.027107 0.025322 0.135322 0.089060 0.056648 0.052243 0.512712 0.516433 1.441830 0.999805 1.143247 0.971911 0.983651 0.897644 0.552322 1.072876 1.191962 0.145792 0.090121 0.067764 0.261403 1.286434 1.521374 1.469499 0.921477 0.332956 0.277614 0.020070 0.251943 0.235919 0.237842 0.041789 0.031502 0.297564 1.317442 2.361407 1.472204 1.469232 1.449422 1.374587 1.318141 1.369990 0.342992 0.014396 0.181863 0.165066 0.021355 0.075638 0.058386 0.052965 0.031160 0.203857 0.099744
0.182398 0.211239 0.156031 0.028756 0.034828 0.037819 0.014396 0.031426 0.107127 0.774190 0.851818 0.890622 0.745804 1.695975 1.677578 0.341989 0.974919 0.993927 1.024119 1.044736 0.038242 1.059248 1.099178 0.101360 0.068371 0.505066 1.383598 1.391709 1.256336 0.915105 0.997862 0.390507 0.289404 0.029154 0.057936 0.056556 0.061060 0.081702 0.020577 0.035161 0.411607 1.244374 1.464918 1.471684 1.454303 1.393264 1.327705 1.329933 0.316004 0.278788 0.259285 0.025840 0.036080 0.025841 0.073554 0.053323 0.348067 0.325916 0.022591
0.186522 0.237512 0.026772 0.039345 0.036172 0.036670 0.037865 0.027610 0.035319 0.078754 0.751666 1.806252 1.876156 1.717230 1.828164 0.022425 0.304282 0.891893 1.035727 1.085802 0.049807 1.076565 1.088787 0.067356 0.044879 0.208416 1.322920 1.367323 1.514988 0.648119 0.649542 0.679489 0.043867 0.027708 0.033288 0.029518 0.055909 0.040688 0.033074 0.053499 0.535091 0.564314 1.481076 1.498181 1.476032 1.403650 1.300489 0.274388 0.279214 0.246257 0.237861 0.024926 0.031151 0.024926 0.075503 0.053481 0.350954 0.349266 0.022591
0.188840 0.228416 0.024147 0.026513 0.056739 0.050468 0.043541 0.035817 0.044732 0.156400 0.796701 0.913586 1.790988 0.795934 1.759917 0.796857 0.584300 0.403998 0.934415 0.954017 0.706497 1.016496 1.089634 0.934606 0.791858 0.520252 0.719543 0.798435 1.757997 0.842239 0.841913 0.842414 0.059276 0.036785 0.017372 0.044380 0.023841 0.039955 0.028832 0.060295 0.626567 0.649857 1.508356 1.423857 1.486215 1.378302 0.027963 0.031243 0.024986 0.175256 0.156754 0.110600 0.089287 0.082192 0.071360 0.049564 0.335880 0.324860 0.249461
0.025793 0.157857 0.119633 0.081430 0.144482 0.107410 0.072713 0.048819 0.033274 0.267711 0.854312 0.979041 0.925400 0.843098 2.778529 1.890934 0.702838 0.574990 0.454780 0.376272 0.589171 0.904940 1.050171 0.932559 0.793978 0.566016 0.871566 0.962995 1.913861 2.063994 0.974539 0.965467 0.079482 0.030049 0.017372 0.032616 0.038890 0.066397 0.805415 1.849127 1.875980 1.878017 1.772416 0.698525 1.439649 0.640671 0.040173 0.033418 0.025618 0.099800 1.026461 1.038150 1.056063 0.058143 0.050230 0.035179 0.343989 0.333324 0.202864
0.089556 0.101777 0.096095 0.067386 0.145109 0.089800 1.544627 0.512905 1.387233 2.483759 1.228547 1.117831 1.000751 1.697297 2.769823 2.906528 1.885945 0.680598 0.620380 0.558185 0.336069 0.913789 0.980353 0.873992 0.738227 0.503154 0.892962 2.007060 2.015902 2.074569 2.132013 1.067249 1.113706 0.111912 0.020180 0.039737 0.040783 0.791297 1.873880 2.870447 2.899098 2.882676 1.828065 0.818825 0.775283 0.783409 0.027414 0.099242 0.946162 0.996369 1.016544 1.993781 2.031357 0.867093 0.791686 0.692639 0.487903 0.352829 0.924827
0.834257 0.868938 0.063571 0.054133 0.083546 0.296253 1.458335 1.578247 2.443625 2.469212 2.510106 1.237531 0.993190 1.571821 2.669030 2.810154 2.833622 1.712162 1.727826 1.773140 0.443950 0.831027 0.912879 0.822106 0.659786 1.077823 1.091864 1.953770 1.990452 2.067517 2.070925 1.101134 0.129308 0.117634 0.076141 0.130708 0.764125 0.834165 1.838842 2.827655 2.838695 1.754706 1.730426 0.852578 0.856896 0.857789 0.027901 0.104856 0.072095 0.987947 0.957933 0.974516 0.991242 0.045869 0.061524 0.060878 0.047741 0.033499 0.052544
1.870104 0.818201 0.712493 0.577055 0.853431 1.331625 1.581511 2.447855 2.486304 2.494891 2.546216 1.472666 0.282858 0.861224 0.680284 1.668899 1.737766 1.689458 1.681968 1.628020 1.302071 0.765622 0.783503 0.738900 0.608599 1.099926 1.179663 1.129990 1.104621 2.086964 1.105046 1.082892 0.127929 0.119978 0.091488 0.157500 0.769210 0.848788 1.824689 1.844907 1.796751 0.920366 0.909523 0.929393 0.940083 0.931448 0.017967 0.021035 0.066594 0.051223 0.171109 0.194633 0.147673 0.027413 0.034935 0.034585 0.032738 0.025474 0.029121
2.889389 1.825088 1.652066 1.492578 1.111304 1.301149 1.511627 1.446352 1.401549 2.348463 3.462847 1.362367 1.341579 1.294186 0.250506 0.201602 0.167483 0.663268 1.712867 1.728165 0.429818 0.251436 0.156531 0.397799 0.398628 1.139163 1.184670 1.145195 1.122313 2.051034 1.143087 0.128511 0.140707 0.025536 0.023705 0.023036 0.172037 0.790078 0.793781 0.808115 0.935398 0.981043 0.998255 1.024893 2.118862 1.034804 0.140093 0.017967 0.098779 0.089284 0.063178 0.262893 0.044052 0.033456 0.041878 0.035805 0.033120 0.025582 0.029153
2.962358 1.933387 0.760671 0.642347 0.449175 0.660685 0.707945 0.727854 0.642759 1.245597 1.371307 2.347775 1.336247 1.336495 0.262583 0.161449 0.126324 0.698677 1.754771 1.775167 0.023720 0.018487 0.084477 0.220803 1.132476 1.203211 1.192134 1.151318 1.125223 1.111823 1.132462 0.127520 0.025536 0.035713 0.025536 0.397657 0.344663 0.291041 0.276219 0.204501 1.001487 2.140842 2.166315 2.170421 2.133684 2.182895 0.161488 0.156127 1.117826 1.118371 1.121443 0.076501 0.076913 0.025795 0.027565 0.088280 0.079719 0.056192 0.053383
2.963254 1.936693 0.795215 0.686538 0.573463 0.414171 0.746489 0.806963 0.749237 0.508875 0.362375 1.284054 1.318010 1.324792 0.243934 0.946404 0.869384 1.744813 2.828868 1.830252 0.030516 0.147475 0.083917 1.111507 1.173778 1.190332 1.184675 1.150024 1.127499 1.148607 0.133915 0.131297 0.023705 0.025536 0.037272 0.399519 0.409817 0.390133 0.322647 1.129423 1.106342 2.105843 2.143995 3.176408 2.141990 2.176146 0.162389 0.155211 1.114198 1.117598 1.120543 0.080861 0.050691 0.077382 0.076947 0.046838 0.051308 0.037147 -9999.000000
2.947457 1.878381 1.903174 0.723210 0.631953 0.537309 0.369807 0.848792 0.879848 0.177414 0.097010 0.053651 0.241531 1.265295 0.261095 0.804648 0.795339 1.752687 2.794743 2.824548 0.019708 0.187965 0.397779 1.058301 1.220767 1.238501 1.207066 1.127418 1.118853 1.148078 0.106606 0.078422 1.001276 0.030555 0.507090 1.484331 2.495770 2.549922 1.409069 1.170618 1.146913 2.114586 2.149704 3.134363 2.141499 2.160657 0.154672 0.153139 0.112846 0.083332 0.073565 0.049288 -9999.000000 -9999.000000 -9999.000000 -9999.000000 -9999.000000 -9999.000000 -9999.000000
1.812985 1.831234 1.843420 0.708822 0.641581 0.588008 0.519566 0.426872 0.387383 0.383267 0.028038 0.035164 0.027861 0.344444 0.287846 0.237772 0.635701 1.674849 2.732736 1.768102 0.642279 0.381484 0.501441 0.980271 1.222162 2.272267 1.279099 0.171622 0.994898 1.017392 0.963362 0.980216 0.948580 0.801086 0.615078 2.395639 2.481274 2.508281 1.442141 0.297674 1.027105 2.116056 3.140309 2.148982 2.126415 1.141875 0.127298 0.017372 0.017372 -9999.000000 -9999.000000 -9999.000000 -9999.000000 -9999.000000 -9999.000000 -9999.000000 -9999.000000 -9999.000000 -9999.000000
