use_cases/Flooding_chicago/flooding_data/output/h_2280.asc
ncols 337
nrows 393
xllcorner 428428.000000
yllcorner 4602440.000000
cellsize 26.757400
NODATA_value -9999.000000
[rows 162 to 188 of 393, columns 118 to 176 of 337]
0.461620 0.035354 0.023506 0.022942 0.030037 0.118066 0.131479 1.070790 0.069422 0.017372 0.051048 0.031206 0.867815 2.920089 5.921311 5.967420 5.935045 5.863439 4.919750 3.906915 3.926511 2.891315 1.750237 1.776876 1.772863 1.713084 1.682236 1.607261 1.496532 1.367996 1.410100 0.481481 1.573564 3.640194 3.515378 3.557880 2.561931 0.337502 0.098828 0.141836 0.069879 0.046913 0.031975 0.020803 0.038520 0.038125 0.065537 0.121530 0.197598 0.113686 0.041085 0.049369 0.026802 0.039100 0.048928 0.443031 0.221919 0.062141 0.058174
0.432717 0.019309 0.027367 0.023566 0.037676 0.116462 0.127517 1.061762 0.020134 0.017372 0.034523 0.064353 1.961962 2.963757 5.931959 5.986738 4.913895 2.862959 0.701252 0.048847 0.045444 0.033654 0.048127 0.074015 0.079412 0.104418 0.114036 0.251444 0.216122 0.169571 0.045829 0.086833 0.382497 3.436401 3.428742 1.111670 0.048081 0.052574 0.072822 0.155276 0.084099 0.041191 0.026238 0.019310 0.029731 0.037179 0.098275 0.145316 0.163230 0.043921 0.043923 0.053712 0.037773 0.038627 0.045555 0.406546 0.431417 0.050942 0.051461
0.386453 0.033888 0.047068 0.046990 0.038050 0.033349 0.025546 0.104170 0.129656 0.135468 0.137956 0.963721 1.961145 2.985919 5.983241 6.039687 4.080328 0.756291 0.029996 0.032830 0.025703 0.025703 0.055901 0.069785 0.068249 0.103000 0.182868 0.226235 0.215691 0.112234 0.061238 0.066430 0.050190 0.518421 0.273676 0.083623 0.033424 0.029321 0.021263 0.234580 0.101719 0.043631 0.025322 0.014396 0.019310 0.056694 0.119208 0.142785 0.105138 0.039696 0.036583 0.043172 0.037163 0.046120 0.044197 0.420821 0.447408 0.061029 0.064012
1.225585 1.194165 1.198575 1.186119 0.211366 0.030779 0.024683 0.106806 1.150509 2.185136 2.198463 3.084894 4.128455 4.126976 5.976282 7.026669 5.142365 0.073051 0.021111 0.020180 0.017372 0.017372 0.085167 0.033134 0.030530 0.105507 0.177483 0.283700 0.282524 0.126916 0.056693 0.055336 0.039833 0.390542 0.355112 0.140998 0.020196 0.017967 0.021035 0.141503 0.134697 0.095725 0.095589 0.058403 0.062295 0.076469 0.147807 0.118346 0.076181 0.049721 0.022911 0.038827 0.039512 0.066199 0.041466 0.523903 0.550269 0.090325 0.053747
2.312800 4.318594 4.329294 3.330375 2.314963 1.300523 0.254122 1.059572 2.103044 3.105448 4.089166 4.118568 5.020415 6.109547 6.076333 5.041943 2.993542 0.881282 0.233230 0.178612 0.141746 0.165947 0.043755 0.045372 0.027794 0.027794 0.217109 0.340079 0.364402 0.029640 0.028954 0.041713 0.038826 0.373922 0.505899 0.289145 0.060478 0.031822 0.017967 0.185585 0.078224 0.130867 0.095161 0.052393 0.058433 0.051521 0.126351 0.070703 0.092613 0.052345 0.026404 0.038790 0.055733 0.086830 0.797286 0.485983 0.382028 0.059746 0.062064
3.295489 5.296709 5.314714 5.313257 5.321259 3.295070 2.296343 2.208758 3.144920 3.160309 3.155629 4.084721 4.114809 6.028936 6.017819 2.935755 0.142266 0.118431 0.119269 0.081214 0.038658 0.064492 0.076928 0.029137 0.022591 0.022591 0.035819 0.531930 0.533501 0.047462 0.024834 0.025398 0.044960 0.324897 0.458887 0.543374 0.588845 0.072258 0.105567 0.156595 0.054875 0.070960 0.103463 0.037620 0.050941 0.027149 0.074633 0.084114 0.116691 0.076927 0.049324 0.035820 0.063133 0.111053 0.725424 0.236382 0.058378 0.052956 0.046898
3.304797 4.305322 5.308792 6.299364 6.309238 5.287119 4.336419 3.229851 3.179546 3.173516 3.166719 4.106222 4.134326 5.992660 3.031528 0.132998 0.068014 0.121392 0.204713 0.154609 0.046348 0.034690 0.044930 0.034431 0.022591 0.022591 0.035149 1.705766 1.703972 0.050560 0.030829 0.032738 0.040275 0.078598 0.635001 0.669595 0.633461 0.166405 0.093438 0.052499 0.055718 0.047828 0.058555 0.035743 0.031944 0.040687 0.052895 0.038566 0.082681 0.063012 0.065360 0.051598 0.053185 0.045403 0.277124 0.378682 0.095270 0.068901 0.040017
4.310512 5.315011 5.321055 6.301844 6.303567 6.295813 6.358585 4.253008 4.237471 5.229455 5.246753 6.224180 6.298631 4.173869 2.207879 0.248640 0.222057 0.114632 0.172416 1.313515 0.035729 0.033180 0.054436 0.024361 0.277885 0.021782 0.694221 1.673837 1.676735 0.039085 0.026664 0.035026 0.061455 0.127053 0.591353 0.619287 0.607889 0.215149 0.130272 0.095214 0.083562 0.070662 0.049644 0.048652 0.026619 0.020439 0.049309 0.034172 0.067649 0.048195 0.035667 0.053536 0.044653 0.046838 0.213034 0.305567 0.091012 0.048531 0.035941
4.309636 8.298459 8.350597 7.314920 8.285680 8.290607 8.360566 6.261428 6.267669 5.209167 6.061397 7.080392 6.213252 3.143333 2.085920 0.221798 0.230059 0.276755 0.209313 1.314998 1.319189 0.042061 0.036384 0.018897 0.198632 0.142035 0.655424 1.656925 1.659113 0.591177 0.078971 0.030862 0.069436 0.160036 0.221270 0.246284 0.229284 0.247477 0.186331 0.135216 0.117607 0.104057 0.083605 0.059455 0.025459 0.018135 0.049689 0.035913 0.075691 0.020393 0.042595 0.035866 0.046302 0.091149 0.234491 0.308801 0.200386 0.040825 0.040723
7.250839 9.262659 9.314753 8.283234 8.280794 8.287801 8.324950 7.273499 6.255535 5.216712 5.212898 5.216645 4.250798 2.134860 0.074101 0.048814 0.078737 0.095772 0.195334 0.269141 2.363384 0.227254 0.095878 0.080529 0.027794 0.144876 0.658180 0.670493 0.569525 0.075602 0.038810 0.025337 0.055474 0.048454 0.191821 0.214745 0.176779 0.111065 0.193613 0.160357 0.137321 0.131370 0.115593 0.092904 0.068855 0.021965 0.022468 0.022484 0.021904 0.018288 0.029884 0.022332 0.034310 0.094094 0.140265 0.460563 0.082206 0.046119 0.026909
7.215740 8.306506 7.314512 6.316387 4.278021 5.268205 6.291354 6.253357 5.250658 4.222063 4.225443 4.225777 3.265595 0.129037 0.029414 0.029960 0.041389 0.045464 0.036537 0.021386 2.357336 1.263608 0.047287 0.036842 0.045281 0.038170 0.630313 0.596337 0.088844 0.041390 0.034981 0.038490 0.055155 0.051150 0.237602 0.254851 0.046275 0.063195 0.064004 0.094065 0.062721 0.078284 0.078420 0.131790 0.081216 0.079445 0.031746 0.044548 0.061805 0.058525 0.033349 0.061684 0.196235 0.155618 0.187916 0.185143 0.166727 0.054252 0.029289
7.272137 6.336553 4.349591 1.286830 0.225750 1.089272 4.017509 4.022460 3.084791 2.070069 3.157809 4.149272 3.073233 0.045162 0.026542 0.019601 0.028389 0.028389 0.019601 0.413384 1.324072 0.247994 0.050300 0.061729 0.030569 0.049842 0.176953 0.175117 0.099358 0.046791 0.035820 0.038841 0.044563 0.063561 0.149092 0.137794 0.065131 0.050868 0.048149 0.065959 0.072563 0.052213 0.047127 0.073860 0.055107 0.096138 0.108713 0.125694 0.044166 0.043267 0.075004 0.077873 0.077051 0.086722 0.052512 0.161401 0.167701 0.058477 0.038963
5.331705 4.356829 1.313716 0.017372 0.017372 0.531978 1.571718 0.367549 0.262143 0.332523 1.099905 2.133743 1.061121 0.098915 0.051413 0.035504 0.023903 0.023903 0.051704 1.437630 0.262278 0.069893 0.063453 0.039420 0.051202 0.032783 0.140601 0.176431 0.142111 0.035897 0.061013 0.069938 0.049401 0.054780 0.107720 0.081948 0.045647 0.038614 0.065300 0.069695 0.039513 0.061820 0.033013 0.049920 0.078087 0.112221 0.132682 0.144509 0.036583 0.036294 0.063026 0.118858 0.087868 0.057320 0.036720 0.044594 0.091757 0.027779 0.174965
4.320877 2.336218 0.296793 0.056504 0.074135 1.602482 2.603373 0.153077 0.014396 0.289640 0.284499 0.267752 1.088461 0.193345 0.037209 0.036278 0.031791 0.042899 0.052376 0.287178 0.117668 0.058768 0.054222 0.055322 0.038231 0.021232 0.037893 0.157386 0.280327 0.039650 0.072242 0.095055 0.043723 0.053963 0.104743 0.073433 0.039742 0.036842 0.054985 0.025185 0.032113 0.033500 0.036797 0.043114 0.052390 0.014396 0.112450 0.105338 0.026848 0.026771 0.078071 0.066262 0.027824 0.032173 0.029152 0.041558 0.055687 0.039176 0.245994
3.293349 1.313013 0.278860 0.054000 0.059162 1.516634 1.419798 0.288291 0.472330 0.416561 0.388188 1.424960 1.327333 0.334759 0.055916 0.060432 0.062905 0.070870 0.078895 0.062629 0.121019 0.052254 0.040778 0.046303 0.030327 0.020531 0.037864 0.032921 0.450552 0.529014 0.057349 0.103310 0.074350 0.108650 0.084587 0.031929 0.031578 0.017372 0.080313 0.024728 0.030585 0.026268 0.072884 0.072756 0.081753 0.031761 0.053427 0.112452 0.082163 0.040566 0.063408 0.070564 0.037696 0.014396 0.043145 0.041069 0.039925 0.038203 0.170525
1.105211 0.306451 0.036773 0.029152 0.029656 0.267966 1.162524 0.379839 1.574586 1.558492 2.505495 3.525158 3.507540 2.543387 1.499090 0.319124 0.074333 0.048339 0.032844 0.026802 0.140906 0.090723 0.059974 0.026664 0.041786 0.018440 0.029838 0.043281 0.421044 0.561638 0.074578 0.080956 0.095864 0.144294 0.128165 0.045646 0.039651 0.017372 0.057090 0.052757 0.049557 0.034174 0.071320 0.070094 0.062910 0.402223 0.037319 0.257517 1.095688 0.065441 0.059226 0.064064 0.048926 0.073555 0.052162 0.067376 0.043940 0.049811 0.125191
0.477110 0.459398 0.049703 0.042215 0.043830 0.330799 1.386385 1.436429 1.509075 2.549170 3.490331 5.511516 4.472559 2.524003 1.498182 0.381075 0.068825 0.043129 0.042519 0.054161 0.095528 0.151618 0.096139 0.108802 0.044762 0.022514 0.042107 0.051735 0.034569 0.557884 0.533653 0.135170 0.081140 0.126306 0.126167 0.059243 0.035209 0.027505 0.077677 0.056138 0.044333 0.535612 0.523046 1.551947 1.562903 1.520097 1.479040 2.438315 3.441369 2.455914 1.504756 0.042336 0.050163 0.021538 0.060967 0.066337 0.108899 0.147751 0.147927
0.523255 0.513752 0.052834 0.043143 0.048079 0.033105 1.382805 1.410462 2.562013 3.534325 4.490451 5.501314 4.472140 2.496787 1.447851 0.133337 0.036537 0.050147 0.054619 0.036339 0.031838 0.063637 0.093345 0.043205 0.059793 0.026313 0.018959 0.039787 0.465525 1.623142 0.515986 0.095787 0.034127 0.043220 0.054070 0.036110 0.036156 0.059123 0.531972 0.509970 1.596694 1.640723 1.626643 1.569933 0.486209 1.500687 2.471962 3.473913 4.462177 4.480648 2.451244 0.097269 0.054055 0.035255 0.032677 0.040352 0.044533 0.059334 0.065345
0.571393 0.556010 0.049486 0.029731 0.019310 0.035286 0.258540 1.389397 2.457106 4.497839 5.097171 4.486704 3.471823 0.415426 0.443558 0.253110 0.284376 0.042167 0.063027 0.048717 0.045449 0.042169 0.036339 0.039925 0.031624 0.019082 0.033272 0.033974 1.570015 0.572154 0.458732 0.040412 0.031089 0.023705 0.025535 0.064415 0.036415 0.049136 0.508519 1.621023 1.628538 1.643932 0.558210 0.063031 0.044301 1.507381 2.488863 4.477759 4.480151 3.497767 2.496497 0.086113 0.066383 0.045540 0.052391 0.034294 0.038018 0.085639 0.077538
1.676113 1.658459 0.034678 0.019310 0.014396 0.024361 0.036989 0.261207 1.276376 3.413089 4.459631 3.471975 2.449953 0.071321 0.135394 0.226859 0.226667 0.382598 0.296771 0.052788 0.047815 0.041801 0.031487 0.026618 0.039223 0.031761 0.036125 0.062782 0.540277 0.539375 0.042778 0.036950 0.040793 0.025535 0.035713 0.025536 0.069286 0.562014 0.550988 0.605006 0.582700 0.525267 0.056936 0.032677 0.030022 1.489517 2.500160 3.478522 3.477936 2.483386 0.322989 0.045722 0.037682 0.060753 0.062142 0.044868 0.056602 0.068001 0.054893
1.659834 1.641909 0.503852 0.036369 0.026849 0.023887 0.023173 0.142076 0.774370 1.278075 2.329052 1.431744 0.373279 0.072284 0.125676 0.179477 0.307561 0.393383 0.380594 0.187425 0.109617 0.034936 0.042106 0.024132 0.026619 0.039070 0.041619 0.042366 0.513465 0.537009 0.055504 0.038047 0.046378 0.070840 0.025535 0.023705 0.055830 0.590992 0.069261 0.136532 0.133900 0.110316 0.043372 0.055413 0.044868 0.062353 1.473188 3.486355 2.457201 0.320536 0.041023 0.045250 0.048423 0.067634 0.065956 0.047767 0.077454 0.056420 0.064049
1.685670 2.663214 0.486222 0.034828 0.026695 0.028070 0.229287 1.274965 1.137513 1.101212 0.228826 0.174310 0.044518 0.041371 0.064204 0.039940 0.260121 0.269359 0.286767 0.125543 0.188234 0.081876 0.037285 0.032143 0.023247 0.060524 0.041862 0.202675 0.323644 0.047813 0.072501 0.057092 0.032799 0.045418 0.035515 0.070449 0.042369 0.578832 0.022270 0.149326 0.171072 0.050759 0.074821 0.024910 0.024604 0.029030 0.036072 1.448263 2.462627 0.258806 0.047355 0.061440 0.053139 0.071258 0.065620 0.046531 0.041634 0.065696 0.063758
2.680145 2.666404 1.586817 0.190635 0.135698 0.217344 2.327338 2.348874 2.331961 1.227421 1.310386 0.209231 0.067232 0.059174 0.089521 0.043857 0.049245 0.054884 0.080371 0.090785 0.121252 0.125352 0.057045 0.037025 0.023858 0.061409 0.044166 0.405678 0.174477 0.042152 0.055763 0.041572 0.054421 0.043053 0.041542 0.039558 0.181070 0.034819 0.038704 0.052635 0.080955 0.082589 0.035728 0.031303 0.030251 0.030725 0.043000 0.252817 1.222868 1.144223 0.058672 0.020180 0.017372 0.017372 0.056908 0.036264 0.050376 0.040260 0.063301
2.676547 2.668322 1.574159 0.220172 0.160049 0.236329 2.303617 2.284434 2.294269 2.289848 2.319311 1.267840 0.085373 0.069435 0.055599 0.043370 0.051552 0.028872 0.017967 0.162355 0.173241 0.152713 0.045570 0.054517 0.021661 0.102362 0.132838 0.245139 0.191949 0.116233 0.057718 0.048474 0.051200 0.040903 0.066308 0.098091 0.113847 0.032340 0.039742 0.014396 0.120720 0.107998 0.049369 0.031364 0.025719 0.040153 0.033639 0.163694 1.181009 1.190087 0.118752 0.029945 0.040566 0.052345 0.027472 0.060157 0.042519 0.023537 0.027673
2.666125 2.668990 1.596447 0.162610 0.149654 0.219617 2.289304 1.299656 2.218871 2.209763 2.244352 1.236750 0.047746 0.056190 0.047455 0.064073 0.025704 0.017967 0.021035 0.167544 1.200111 1.187566 0.203885 0.037301 0.029793 0.122232 0.144798 0.216604 0.159766 0.163246 0.124309 0.042382 0.056481 0.031487 0.130828 0.071511 0.060109 0.068276 0.038185 0.066749 0.080061 0.028939 0.024146 0.030113 0.034386 0.056021 0.985845 0.968651 1.117686 1.112779 1.060654 0.034507 0.047172 0.038186 0.041100 0.041145 0.093208 0.023842 0.028145
2.654464 3.672467 2.654508 0.540574 0.103508 0.146620 1.107687 1.042120 1.010155 0.327605 1.179851 0.183781 0.077906 0.084128 0.057682 0.082204 0.025413 0.032921 0.028312 2.186749 3.165173 2.146267 0.223746 0.220254 0.027352 0.370689 0.459591 0.666415 0.709295 0.131875 1.154824 0.052243 0.054423 0.073938 0.113761 0.071725 0.060249 0.078926 0.057946 0.056343 0.043038 0.030784 0.023232 0.024452 0.065735 0.865260 2.031306 2.037245 2.069906 2.056948 1.073273 0.077570 0.099285 0.041893 0.054878 0.064769 0.076197 0.020424 0.046364
1.655691 3.649176 3.637455 0.486875 0.030220 0.029931 0.481588 0.574560 0.570777 0.517048 0.342326 0.096237 0.055072 0.110067 0.064835 0.095425 0.121654 0.146687 2.209305 3.207758 3.190140 2.119863 1.251437 1.261544 1.268185 1.131815 0.370946 0.024300 0.042366 0.090324 0.113487 0.083565 0.098138 0.129662 0.135831 0.150213 0.217220 0.096169 0.056449 0.062904 0.049218 0.046272 0.028161 0.028572 0.655686 0.771594 0.962983 1.034647 2.138052 2.089938 2.070491 1.053722 1.027779 0.920321 0.078242 0.104074 0.144986 0.036690 0.037071
