use_cases/Flooding_chicago/flooding_data/output/h_2220.asc
ncols 337
nrows 393
xllcorner 428428.000000
yllcorner 4602440.000000
cellsize 26.757400
NODATA_value -9999.000000
[rows 189 to 215 of 393, columns 59 to 117 of 337]
0.040855 0.279076 0.033074 0.033836 0.081367 0.056206 0.130074 0.470192 1.637658 0.629954 0.068307 0.044365 0.042290 1.416065 1.425148 1.403083 1.447418 2.371295 2.328079 2.341502 1.361976 0.268233 0.022367 0.155004 0.124521 1.007701 1.016457 1.078154 0.105782 0.079044 0.676729 0.053184 0.014396 0.621228 2.689022 2.704303 2.705902 2.702990 2.691336 4.676506 5.692846 6.713076 5.715176 5.733878 5.713215 5.665735 6.661440 6.683650 4.691024 2.658043 1.630952 1.616888 2.556596 3.579767 4.587097 4.599327 3.598679 2.599716 0.592948
0.339954 0.131356 0.124965 0.021080 0.076973 0.062232 0.035195 0.035530 0.471136 0.505455 0.031442 0.044424 0.061887 1.387541 2.420715 2.423260 2.413289 2.450364 3.383976 3.411489 2.385620 1.327213 1.280347 1.251662 1.224774 2.133759 1.122132 1.183794 0.148939 0.117113 0.120836 0.023557 0.028076 0.049854 0.596097 1.683107 2.696065 2.702244 3.670060 5.675554 6.693034 6.700579 6.712332 5.669009 5.640761 6.668674 7.660818 6.670109 4.684344 1.666127 0.633131 0.592872 1.551327 1.560550 2.575250 2.578685 2.573851 1.567649 0.112616
0.260003 0.247299 0.060632 0.049812 0.059898 0.046761 0.031077 0.041724 0.332987 0.292137 0.208235 0.273617 1.375811 2.398165 2.416180 2.410037 3.374573 3.388776 4.369977 4.406814 3.327105 3.335851 4.330377 3.271825 3.305202 2.143218 3.178298 2.183722 0.898529 0.810521 1.591674 2.752484 1.804096 0.705273 0.699733 2.684963 2.702875 3.677428 5.685744 7.679723 6.693419 6.700732 5.720191 4.718033 3.703387 6.656505 6.669662 6.675013 4.687243 2.691002 0.657398 0.052430 0.053444 0.044806 0.418551 0.450891 0.474814 0.566167 0.211660
0.461504 0.483025 0.058967 0.081093 0.028785 0.073555 0.063484 0.037072 0.177786 0.426949 0.342193 1.382567 2.404687 3.401965 3.423043 3.404501 3.411487 4.395105 4.417424 4.430893 3.360961 3.338797 3.353281 2.233527 2.213794 3.048981 3.194875 2.019066 1.745358 2.568839 3.718636 5.779011 3.849079 1.714492 1.710733 2.674872 3.693447 4.691587 5.688597 7.684729 6.702825 6.698925 5.734472 4.730592 3.708426 6.652781 6.675117 6.678042 5.701043 3.699054 1.690155 0.038940 0.021656 0.035874 0.049302 0.028358 0.026954 0.280800 2.437447
0.332070 0.321222 0.192941 0.050164 0.035175 0.081245 0.029778 0.057549 0.151971 0.358703 1.389833 2.404963 2.420025 4.416987 3.426175 4.410355 4.421484 4.434227 5.440516 3.446591 2.393821 2.411036 1.322651 1.174613 1.136062 1.949896 2.092387 0.943988 1.609887 2.712006 4.697643 4.827775 2.762709 2.716880 2.715022 2.721226 3.679878 4.693177 5.693337 6.687354 6.721147 5.725970 5.749573 4.730035 5.754734 6.591151 6.673355 6.689343 5.700001 4.703698 3.715798 1.690692 0.086920 0.033407 0.028419 0.043235 0.036629 0.345095 4.435126
0.187035 0.396847 0.312295 0.186650 0.121517 0.109626 0.031300 0.033028 0.093392 0.332379 1.425274 2.412099 3.423507 4.411039 4.443566 4.420841 4.430416 5.436863 5.452001 2.427892 2.411256 2.420854 1.411318 0.366043 0.334709 0.300240 0.260713 0.202549 0.661691 3.702096 4.724070 4.765740 2.738753 2.728903 2.712945 3.694638 3.703132 4.682330 5.686216 6.683468 6.710841 5.719558 5.711752 4.672437 5.649827 4.631880 4.658714 4.668901 3.676119 3.662232 2.671108 1.655310 0.642738 0.083680 0.028846 0.044776 0.040428 0.357541 4.441994
0.107171 0.266821 0.224322 0.556651 0.524672 0.366596 0.321994 0.040398 0.048134 0.380687 1.427200 1.422369 2.420166 3.417348 4.430930 4.417999 4.427892 5.440618 4.447274 2.424471 2.408361 2.411408 1.391207 0.363848 0.296712 0.258369 0.216978 0.189143 0.684149 3.735087 4.736446 4.764775 2.764693 1.715782 2.656984 3.682142 2.671457 2.680389 2.677612 4.666576 4.685679 5.651342 4.685378 3.627836 3.644940 2.605961 2.630838 2.645251 0.562279 0.047672 0.042723 0.036738 0.742868 0.800575 0.040228 0.032368 0.014396 0.024561 4.426957
0.130583 0.616458 0.678432 0.622689 0.568393 1.284101 2.412925 1.451174 0.423550 0.415751 1.428524 1.421646 2.418761 3.416327 4.419322 4.416269 4.427581 3.438044 3.442620 2.428184 2.417890 1.410672 0.299955 0.270416 0.044700 0.066901 0.043853 0.135581 1.667847 2.725962 3.723242 3.755124 1.741779 1.720161 1.714807 0.477797 0.051080 0.034310 0.035785 0.597328 1.569039 2.573061 3.556993 2.666905 2.538608 1.564369 1.584883 0.458421 0.039910 0.028872 0.017967 0.026604 0.097675 0.904330 0.219943 0.062861 0.036447 0.025649 1.427824
0.126197 0.641510 0.710467 0.642515 0.561451 1.331399 2.434324 2.474693 1.441883 1.436692 1.448040 1.432157 3.426752 3.425632 3.439686 4.421056 3.432329 3.443973 2.445630 2.439576 1.421815 0.378104 0.032020 0.040540 0.056603 0.078163 0.046821 0.043617 0.376787 0.428586 0.036964 0.040531 2.740427 1.712226 0.053499 0.031349 0.026894 0.026116 0.022865 0.047771 0.830272 1.856245 2.801772 2.798489 1.781343 0.064888 0.058768 0.019905 0.022118 0.017967 0.021034 0.029458 0.022611 0.317241 1.488286 2.567598 1.550215 0.438099 0.017372
0.174594 0.098571 0.063899 0.040068 0.506253 1.363127 2.442640 2.462462 2.465605 1.442881 1.450435 2.399715 4.426350 4.431702 3.441635 3.423366 3.437274 2.440524 2.440454 1.426187 0.330409 0.032647 0.036705 0.017967 0.033973 0.150078 0.026222 0.027107 0.044166 0.037300 0.028893 0.048912 0.455423 0.046225 0.034050 0.018028 0.021003 0.018028 0.040153 0.048055 2.013704 3.030107 4.003371 3.995081 2.958419 1.054618 1.014354 0.047908 0.043920 0.029421 0.030299 0.044435 0.292841 1.408341 3.426632 3.494969 3.449551 1.407355 0.017372
0.060844 0.092591 0.060138 0.042844 0.028240 0.366477 1.446956 2.468234 1.446766 1.448903 0.435959 2.384473 3.403466 4.407787 3.387390 2.399344 1.416509 0.335424 0.322052 0.296510 0.050651 0.043724 0.017967 0.021034 0.057351 0.049354 0.018197 0.021614 0.021706 0.021507 0.038154 0.046746 0.026741 0.033531 0.033485 0.035025 0.028755 0.032784 1.048176 2.061011 4.066463 4.057700 5.038576 4.971698 3.985183 3.046174 2.019408 0.922510 0.049022 0.028555 0.029343 0.234843 1.302577 2.327158 3.398005 3.266069 2.153327 0.225012 0.025598
0.038886 0.048083 0.246972 0.281802 0.023002 0.018349 0.398851 1.439807 1.435334 1.423591 1.405468 1.413725 1.397162 0.298152 1.170952 1.177807 0.314609 0.064049 0.082486 0.083870 0.097643 0.048775 0.032654 0.043923 0.045418 0.046700 0.045539 0.030144 0.018090 0.033085 0.103343 0.030113 0.017372 0.017372 0.026588 0.079827 0.095198 0.076519 2.053714 4.071544 5.058399 5.066315 5.020161 3.998070 3.957160 3.050517 3.011930 1.959372 1.053895 1.058259 1.141307 2.323624 2.271214 2.361889 2.271819 0.724034 1.097463 2.482872 2.452058
1.300615 1.321174 1.316965 1.312091 1.313627 0.302683 0.351822 0.354041 1.441502 2.414275 2.427718 2.433264 0.044331 0.025215 0.074957 0.092537 0.065484 0.071725 0.069741 0.054573 0.051247 0.057793 0.047692 0.052878 0.070962 0.062766 0.066521 0.048821 0.038063 0.029838 0.102521 0.090209 0.019752 0.028190 0.058434 0.086581 0.098601 0.083653 2.056705 4.073725 5.053851 5.053591 5.030921 4.000304 3.039546 3.074385 4.063724 3.057477 2.963070 2.016152 2.140208 2.254437 2.185855 1.074424 0.383416 0.251696 1.385243 3.526143 3.486819
1.298241 1.320983 1.318130 1.317686 1.315935 1.319328 0.028508 0.029639 0.418598 2.434073 2.436910 1.437925 0.036720 0.032143 0.044380 0.032417 0.125984 0.111626 0.109947 0.017372 0.062905 0.048347 0.186927 0.184869 1.228554 1.225751 0.042718 0.067045 0.082152 0.068160 0.963757 2.002687 0.889764 0.810672 0.954777 0.050681 0.072347 0.063204 1.045943 3.061198 5.031583 5.028811 5.004999 4.006237 3.058909 4.116589 4.046749 3.080627 3.018139 1.886183 1.203643 2.283216 1.131026 0.504450 0.153000 0.290866 1.432396 2.502841 3.483936
0.336547 0.331291 0.325352 1.313466 1.313962 1.320411 0.023567 0.022942 0.029854 0.325851 1.426866 1.442811 0.051582 0.043129 0.051552 0.044334 0.117165 0.116136 0.115822 0.017372 0.059166 0.037575 0.212730 1.247704 2.252252 0.192573 0.033287 0.061430 1.019081 2.036681 1.030302 2.042067 2.041851 2.032045 0.995183 0.084080 0.039538 0.037763 1.026867 3.034216 3.991226 3.997639 3.977148 3.966549 3.040918 4.096451 4.060548 4.040699 3.026866 1.907303 1.148356 1.157374 1.110530 0.803991 1.099561 1.230613 2.411043 2.420472 2.378569
0.337246 0.330595 0.326771 1.321107 1.316307 1.325314 0.027366 0.023506 0.030037 0.298678 1.435925 1.443701 0.057640 0.055503 0.024559 0.024787 0.032128 0.103432 0.103874 0.069450 0.043266 0.118323 0.166056 1.268515 1.259957 0.024360 0.014396 0.047642 2.051925 2.066202 2.072329 2.059411 2.069319 2.099756 1.028501 1.040751 0.055531 0.059766 2.048748 3.054147 3.052894 3.045410 3.040634 2.036180 2.016238 3.058415 3.036779 3.044370 3.040706 0.985973 0.090193 0.020525 0.925363 0.922217 1.077835 1.204352 2.303678 1.453689 1.409619
2.275607 1.293580 1.293366 1.302816 1.292420 0.274752 0.019310 0.036310 0.203546 1.267417 0.350608 0.339867 0.026696 0.026848 0.014396 0.031457 0.020438 0.022667 0.049217 0.071388 0.053065 0.346141 0.365096 0.153129 0.189675 0.023842 0.026634 0.038149 2.050724 3.064047 3.070467 2.049519 2.069286 1.074353 1.041456 1.061233 1.051586 1.053986 3.066217 3.061825 3.055858 3.049675 3.044360 2.037963 1.060384 1.068630 1.052816 2.054685 2.052349 2.005339 0.096143 0.014396 0.108517 0.104842 0.152856 0.211246 0.316702 1.481168 1.530578
3.311487 2.312968 2.312135 1.310004 2.308282 1.309921 0.020821 0.210639 1.295441 1.272625 0.255267 0.024979 0.028069 0.023888 0.024361 0.054405 0.033820 0.045762 0.058025 0.214775 0.236153 0.330808 0.309767 0.089561 0.017372 0.064046 0.036449 1.059253 2.059787 3.061572 3.062560 1.057103 1.067175 1.076679 1.051360 2.063802 2.062564 3.064398 3.060554 3.063939 3.059517 3.053642 3.046610 2.039955 1.067821 1.074625 1.059073 2.066022 2.051336 0.983545 0.144511 0.087344 0.113762 0.109708 0.033836 0.053569 0.074843 0.636303 1.637800
4.312814 4.314922 3.311205 3.307920 3.307819 3.304975 1.298357 1.301780 1.298502 1.281139 1.288535 1.296635 0.037424 0.030212 0.038179 0.038490 0.060398 0.041818 1.295873 1.291082 1.280579 1.275771 0.237570 0.059546 0.017372 0.041706 1.057185 2.059632 2.067519 3.065677 3.065162 2.073761 1.072923 1.081372 2.066606 3.068604 3.069109 4.070804 4.076047 3.069171 3.050554 3.064529 4.095846 3.102407 2.107830 2.092262 2.066797 3.067626 3.067698 1.011678 0.152271 0.101985 1.141099 0.093982 0.040991 0.024529 0.030082 0.025429 0.592823
6.311834 6.311882 4.311541 3.308784 3.308062 2.309500 0.300231 0.298767 0.284148 1.256148 1.259793 2.235030 1.109183 1.098458 0.181914 0.207623 0.232420 1.297359 2.310137 2.295553 1.291534 0.291288 0.275359 0.033531 0.026888 0.066622 1.047998 2.057839 2.065511 3.063182 3.064408 2.066009 2.072053 1.076019 2.048124 3.058429 3.062985 4.060218 4.047690 3.051035 2.060312 3.020168 4.032496 3.065310 3.085777 3.068855 3.044809 3.058844 2.054418 1.018610 0.061101 0.119829 1.139169 0.100897 0.033431 0.024757 0.030831 0.029961 0.023597
6.314739 5.316102 4.312960 4.314713 3.312758 2.317944 0.308384 1.308216 1.308304 0.300396 1.297081 2.287929 4.335105 3.325785 3.326440 1.307301 1.320005 2.317303 2.317843 1.306375 1.295668 1.286197 0.264895 0.230967 0.176678 1.001069 2.076365 2.063993 2.068046 2.062338 3.050412 2.064232 2.063038 1.075422 2.061931 3.064764 3.063062 2.075502 2.073681 2.069454 2.065157 2.064946 3.074323 3.076113 3.084336 3.067011 3.062363 2.061317 1.033355 0.088438 0.022591 0.022591 0.147211 0.137125 0.131026 0.121242 0.039048 0.053841 0.018456
5.314945 4.312551 4.312176 4.311952 4.315510 2.313765 1.306925 2.304805 2.310584 1.300454 0.298679 1.311157 4.351323 4.357986 4.340311 2.319139 2.332175 2.328659 0.294569 0.300404 1.293403 1.286272 1.284618 1.290807 0.201432 2.062902 2.066688 2.063246 2.066585 1.067022 1.076214 2.069636 2.070927 2.082401 2.064081 2.063745 1.078760 2.076049 2.077005 2.071303 2.065845 2.066442 3.075265 3.076580 3.083117 2.073133 2.062066 1.027981 0.974523 0.148759 0.022591 0.022591 0.161447 0.154314 1.178279 1.128752 0.328586 0.517337 0.309108
3.310522 4.308592 4.310355 4.309964 4.310982 3.306699 3.305284 3.306731 2.307960 1.299916 0.303833 1.322391 3.358881 3.374725 4.336309 4.322253 3.334909 1.323377 0.050018 0.300462 0.301636 1.276371 1.281723 1.288639 0.186058 2.054628 2.057877 1.057373 1.065306 1.064464 1.076489 2.063758 3.076146 3.078487 2.066140 2.061858 1.084268 1.088523 2.099319 2.086017 3.114276 4.149862 4.132774 4.130756 3.099240 3.090272 1.036678 0.118404 0.135673 0.183713 0.122013 0.161940 1.180346 1.129356 1.186848 2.227219 0.994477 0.581077 0.675608
2.309386 4.310002 4.309145 4.310054 4.309111 3.306781 3.306264 3.305011 2.304675 1.299302 1.290178 1.297099 1.275145 1.296162 3.334453 3.316658 0.216704 0.018730 0.097028 0.061930 0.248497 1.276322 1.284538 0.225398 0.155787 2.019959 1.015877 1.045602 0.051840 1.057171 1.072088 1.065875 2.066565 3.066060 2.065402 2.058759 1.082623 1.086890 2.099359 3.107803 4.100374 5.100120 5.079601 4.091299 3.052360 2.072335 1.030597 0.099859 0.045195 0.085292 0.155155 1.210545 1.169789 1.140682 1.138707 0.177951 0.053028 0.103968 0.133312
2.307708 3.310647 3.307459 3.308602 3.306454 3.306138 3.304730 3.303504 3.305686 2.293135 2.290323 1.288881 0.019310 0.034985 0.292691 0.296176 0.036041 0.023643 0.130410 0.099491 0.063745 0.052681 0.049965 0.018258 0.136356 0.103170 0.087071 0.019050 0.065073 0.059116 1.059536 1.055989 1.043779 2.071970 2.056875 2.047981 1.084042 2.123085 3.117096 4.102976 4.091084 4.090193 4.104023 4.074784 2.101945 2.042444 0.079172 0.021783 0.036852 0.017372 0.017372 0.129979 1.123580 1.080945 0.104643 0.044261 0.043846 0.076091 0.073479
3.308694 2.308404 2.309122 2.309370 3.308497 2.306796 2.305574 3.302223 3.300985 2.297554 2.297587 0.199921 0.014396 0.019310 0.049209 0.060690 0.024605 0.030281 0.165903 0.031212 0.037026 0.032403 0.024758 0.022606 0.028313 0.024376 0.023827 0.026710 0.019203 0.074197 1.085922 0.110877 0.106571 1.066747 1.040054 1.044707 1.080033 2.116443 3.110340 3.093615 3.083973 3.112767 4.131001 4.081921 3.144223 2.012035 0.141695 0.165518 0.123855 0.027718 0.029064 0.935921 1.051964 1.013025 0.085124 0.054014 0.017372 0.131356 0.104530
4.308527 3.310484 2.310921 1.305863 2.306174 1.304783 1.301160 2.290236 2.284621 1.290267 0.210974 0.037155 0.025277 0.079636 0.067946 0.071205 0.025581 0.033394 0.037818 0.048317 0.014396 0.028572 0.032249 0.357356 0.409881 0.399169 0.378704 0.356764 0.306124 1.117551 1.142602 0.157429 0.139921 0.086248 0.071414 0.079442 1.097785 1.091545 2.107607 2.089491 2.071432 3.132663 4.134842 4.076609 3.161430 3.150302 2.183578 1.254593 1.145508 0.426716 0.654629 0.859699 1.071572 1.039054 0.035984 0.029731 0.017372 0.139519 0.113488
