use_cases/Flooding_chicago/flooding_data/output/h_2220.asc
ncols 337
nrows 393
xllcorner 428428.000000
yllcorner 4602440.000000
cellsize 26.757400
NODATA_value -9999.000000
[rows 189 to 215 of 393, columns 118 to 176 of 337]
0.031179 0.387961 1.481492 0.034065 0.026954 0.026115 0.094963 0.589062 0.557982 0.521876 0.411281 0.158583 0.047601 0.035753 0.064996 0.084610 0.100085 0.139571 2.219392 2.198349 2.186913 1.200220 1.243734 1.256750 2.288506 1.282483 1.223391 1.241146 0.226090 0.239633 0.057045 0.265388 1.162746 0.233353 0.180162 0.092616 0.044456 0.087203 0.080131 0.052437 0.045204 0.033500 0.030739 0.038396 1.203633 0.459065 0.058927 0.090577 0.109772 1.123810 3.061309 3.104027 3.099309 3.096325 2.115352 1.110722 0.145819 0.035500 0.028557
0.026538 0.028619 0.073307 0.026299 0.021034 0.017967 0.152864 0.649915 0.630329 0.678043 0.435244 0.226917 0.035331 0.027802 0.034619 0.808122 0.816350 0.970585 2.178668 2.133517 1.084078 0.211123 1.274253 1.267633 2.299764 2.290981 2.274871 1.265520 2.266329 1.268103 1.264147 2.345084 2.288757 0.263069 0.175561 0.198409 0.032462 0.044701 0.386489 0.356348 0.368531 0.139030 0.271387 1.435915 1.423944 0.325633 0.034733 0.028282 0.017372 0.025704 3.132795 3.115154 4.074213 3.163532 2.114013 1.117800 0.112349 0.021737 0.049995
0.035737 0.045746 0.032308 0.025994 0.017967 0.133629 0.145190 0.101359 0.077545 1.001080 0.742659 0.528053 0.766533 0.771046 0.232808 1.264325 0.716431 0.955145 2.188231 2.160353 2.120604 1.185121 1.229476 1.242158 2.297178 2.294273 2.275234 1.270330 2.302342 2.277331 3.277750 2.330164 2.248092 0.276685 0.192549 0.286740 0.331498 1.536380 1.528150 2.510100 1.490544 0.472759 0.273956 1.475514 0.331916 0.263416 0.135783 0.026192 0.017372 0.025704 2.097672 2.087930 1.112529 1.161236 1.119732 0.103231 0.089268 0.045559 0.123457
2.416506 1.409926 0.323881 0.049145 0.052565 0.108674 0.130910 0.059118 0.074202 0.066878 1.025921 0.614671 0.775700 0.893127 1.151075 1.172513 0.515494 0.087293 2.184144 2.170771 2.137205 1.181385 0.178205 0.208549 1.311024 2.322978 2.305433 2.280308 2.289165 2.289301 3.270100 1.344513 1.323800 1.272177 0.155449 0.255137 0.356189 1.585272 2.601553 2.533803 1.503711 0.503596 0.505788 0.230866 0.701586 0.628769 0.558795 0.060535 0.026223 0.028511 0.774307 0.051609 0.073053 0.096511 0.082827 0.017372 0.055247 0.111498 0.136611
4.428008 3.426738 2.427141 1.428883 0.273702 0.072613 0.046086 0.084159 0.115391 0.035596 0.467374 0.579396 0.614365 0.303306 0.476024 0.479819 0.039898 0.021293 1.117174 1.105935 1.077001 0.132489 0.027229 0.027219 0.224610 1.308634 2.306416 2.293621 2.278175 2.272784 2.261311 0.340543 0.362638 1.286665 0.431045 0.565622 0.320986 1.548530 2.556818 1.524271 1.507379 0.050326 0.051219 0.031160 0.694270 1.626306 1.682679 0.549270 0.101625 0.169440 0.371395 -9999.000000 -9999.000000 -9999.000000 -9999.000000 0.017372 0.036367 0.080762 1.119721
4.434035 3.435564 2.428004 1.425983 0.302754 0.051705 0.028160 0.043297 0.065300 0.079143 0.065590 0.076366 0.076423 0.033836 0.042381 0.040543 0.025704 0.017372 0.253761 0.247757 0.197838 0.020180 0.017372 0.017372 0.031347 0.217409 1.286762 1.260932 2.291257 2.288359 1.274565 0.019447 0.027887 0.499947 0.484098 0.161444 0.262071 0.433361 0.413121 0.383800 0.060018 0.041695 0.039497 0.035408 0.683413 0.676217 1.704536 0.410227 -9999.000000 -9999.000000 -9999.000000 -9999.000000 -9999.000000 -9999.000000 -9999.000000 -9999.000000 -9999.000000 0.082543 0.068097
3.428221 2.428752 1.415312 0.423794 0.303227 0.045388 0.025063 0.014396 0.100868 0.109410 0.030615 0.040473 0.044579 0.050712 0.045525 0.041415 0.025704 0.017372 0.231636 1.243688 1.245545 0.237964 0.211835 0.027565 0.014396 0.020042 0.180967 1.219176 1.220183 1.223903 1.256459 0.242815 0.047955 0.090550 0.119515 0.116201 0.149025 0.045662 0.065791 0.041298 0.048271 0.041298 0.055901 0.043790 0.088955 0.051148 0.026534 -9999.000000 -9999.000000 -9999.000000 -9999.000000 -9999.000000 -9999.000000 -9999.000000 -9999.000000 -9999.000000 -9999.000000 -9999.000000 0.079775
1.407252 0.353919 0.025492 0.014396 0.059831 0.050729 0.082359 0.047716 0.091867 0.116417 0.040702 0.052453 0.014396 0.040094 0.206673 1.302338 0.264924 0.020180 1.257041 2.250758 2.228887 1.268926 0.229132 0.208277 0.213013 0.188625 1.106191 2.148620 2.160721 1.139133 0.247786 0.265993 0.257687 0.084060 0.133473 0.074575 0.080917 0.050073 0.039894 0.037666 0.046761 0.032463 0.036669 0.029792 0.025063 -9999.000000 -9999.000000 -9999.000000 -9999.000000 -9999.000000 -9999.000000 -9999.000000 -9999.000000 -9999.000000 -9999.000000 -9999.000000 -9999.000000 -9999.000000 -9999.000000
0.035888 0.427397 0.024916 0.030942 0.505755 0.115188 0.102062 0.154418 0.068291 0.028948 0.043908 0.041084 0.035659 0.029121 0.235778 1.310347 0.258939 0.090428 0.164085 1.244979 1.240443 0.022591 0.022591 0.257633 0.017379 0.157785 1.160634 2.208767 1.171600 1.156709 0.228535 1.324951 1.267503 0.330430 0.155168 0.191482 0.069881 0.046392 0.051054 0.051125 0.026115 0.052162 0.023567 0.022942 -9999.000000 -9999.000000 -9999.000000 -9999.000000 -9999.000000 -9999.000000 -9999.000000 -9999.000000 -9999.000000 -9999.000000 -9999.000000 -9999.000000 -9999.000000 -9999.000000 -9999.000000
0.027976 1.460674 1.459678 1.470644 1.407395 0.088650 0.059532 0.030831 0.023628 0.030387 0.028984 0.095991 0.130695 0.174948 0.212197 0.250307 0.213384 0.061852 0.021019 0.200850 0.199954 0.022591 0.022591 0.241870 0.017616 0.123964 1.123628 1.122458 1.137766 1.142884 1.112880 0.261788 1.280807 0.314763 0.163610 0.224730 0.177056 0.092770 0.064568 0.060157 0.054451 0.049812 0.027366 0.023506 -9999.000000 -9999.000000 -9999.000000 -9999.000000 -9999.000000 -9999.000000 -9999.000000 -9999.000000 -9999.000000 -9999.000000 -9999.000000 -9999.000000 -9999.000000 -9999.000000 -9999.000000
0.454919 1.466399 2.467783 2.479460 3.427006 0.054252 0.035704 0.029595 0.018470 0.046614 0.034401 0.279000 0.118611 0.157406 0.182558 0.213702 0.177259 0.036479 0.017372 0.026080 0.127574 0.082429 0.996708 0.968747 1.000665 0.980645 1.057491 1.077323 1.106170 1.119724 1.105755 0.192962 0.261718 0.089854 0.190106 0.244263 0.192275 0.088081 0.060096 0.054313 0.045860 0.043038 0.019310 -9999.000000 -9999.000000 -9999.000000 -9999.000000 -9999.000000 -9999.000000 -9999.000000 -9999.000000 -9999.000000 -9999.000000 -9999.000000 -9999.000000 -9999.000000 -9999.000000 -9999.000000 -9999.000000
2.447636 2.435211 2.452380 3.494863 3.383591 0.441883 0.046287 0.031990 0.027287 0.341160 0.320734 0.233546 0.086695 0.118885 0.108842 0.705620 0.680321 0.065435 0.017372 0.027678 0.070085 0.913638 1.997006 3.016823 3.004718 3.003567 1.974318 1.911964 1.079253 1.103764 1.120111 1.009399 0.260734 0.046181 0.021263 0.032418 0.044609 0.037941 0.041160 0.035633 0.036827 0.028099 0.026589 -9999.000000 -9999.000000 -9999.000000 -9999.000000 -9999.000000 -9999.000000 -9999.000000 -9999.000000 -9999.000000 -9999.000000 -9999.000000 -9999.000000 -9999.000000 -9999.000000 -9999.000000 -9999.000000
3.478583 3.469079 3.470939 3.483039 3.316721 0.530338 0.259728 0.102665 0.198440 0.308689 0.309810 0.033237 0.058235 0.690670 1.714544 1.738893 1.748268 1.726235 0.038156 0.068832 0.838266 1.996527 1.997958 3.035417 3.999695 3.022798 3.015246 2.971668 1.061258 1.055138 1.086952 1.000215 0.411997 0.531502 0.070345 0.094285 0.036729 0.036933 0.065499 0.038582 0.053947 0.029899 0.031822 -9999.000000 -9999.000000 -9999.000000 -9999.000000 -9999.000000 -9999.000000 -9999.000000 -9999.000000 -9999.000000 -9999.000000 -9999.000000 -9999.000000 -9999.000000 -9999.000000 -9999.000000 -9999.000000
3.475267 3.473354 3.470446 3.462307 3.320462 0.807124 1.272632 0.535477 0.198427 0.281882 0.300960 0.031922 0.651998 1.728570 2.749545 2.744619 2.752196 2.737456 0.569062 0.408500 0.693554 0.923254 0.960414 2.031817 2.998729 2.022190 3.045570 3.011919 2.955374 0.987403 0.070045 0.019508 0.579599 0.635941 1.695195 0.586893 0.066358 0.041511 0.062874 0.090217 0.053230 0.053932 0.024346 -9999.000000 -9999.000000 -9999.000000 -9999.000000 -9999.000000 -9999.000000 -9999.000000 -9999.000000 -9999.000000 -9999.000000 -9999.000000 -9999.000000 -9999.000000 -9999.000000 -9999.000000 -9999.000000
1.387452 1.394952 1.388429 1.337324 1.261751 0.270577 1.485340 1.622516 0.607272 0.250359 0.365656 0.365726 0.579604 1.742936 2.769062 2.749959 3.769050 3.752754 2.716229 1.514927 0.404770 0.045859 0.051160 1.009791 0.995018 1.000882 2.044430 3.024407 3.013317 1.985028 0.019783 0.028725 0.033348 0.676003 0.691693 0.695563 0.636165 0.135857 0.079568 0.065726 0.031594 0.066933 0.053765 0.014396 -9999.000000 -9999.000000 -9999.000000 -9999.000000 -9999.000000 -9999.000000 -9999.000000 -9999.000000 -9999.000000 -9999.000000 -9999.000000 -9999.000000 -9999.000000 -9999.000000 -9999.000000
0.490169 0.430630 0.057958 0.065000 0.034096 0.021324 0.649310 1.745674 1.554052 0.819954 0.302190 0.358220 0.534076 1.750330 1.743600 2.758646 3.758074 3.756598 3.755669 2.724505 0.645224 0.037508 0.060025 0.066989 0.061979 0.086926 0.996678 1.987883 3.001207 3.015321 0.159885 0.202659 0.057047 0.073295 0.080066 0.732327 0.661484 0.183161 0.052926 0.069450 0.025444 0.116097 0.109687 0.019309 -9999.000000 -9999.000000 -9999.000000 -9999.000000 -9999.000000 -9999.000000 -9999.000000 -9999.000000 -9999.000000 -9999.000000 -9999.000000 -9999.000000 -9999.000000 -9999.000000 -9999.000000
1.536523 0.373759 0.038443 0.030418 0.038795 0.020782 0.032723 0.713482 0.685900 0.953779 1.007595 0.264179 0.397964 0.556205 0.692949 0.707165 2.763688 3.757212 3.764825 2.751999 1.697085 0.073430 0.053030 0.028435 0.028282 0.111126 0.106240 1.967698 3.008448 1.955717 0.183625 0.213023 0.079963 0.114329 0.136070 0.146966 0.181299 0.267357 0.342373 0.357591 0.359198 0.076059 0.087593 0.075432 0.014396 -9999.000000 -9999.000000 -9999.000000 -9999.000000 -9999.000000 -9999.000000 -9999.000000 -9999.000000 -9999.000000 -9999.000000 -9999.000000 -9999.000000 -9999.000000 -9999.000000
1.644529 1.450579 0.862027 0.027306 0.020775 0.034034 0.026023 0.038048 0.089607 1.099878 1.089065 0.519784 0.570594 0.305763 0.024330 0.746477 0.746447 2.771019 2.789120 2.761453 1.731753 0.070219 0.046037 0.043205 0.018197 0.031212 0.074438 1.973363 3.002996 1.942312 0.159076 0.058799 0.103798 0.133369 0.157235 0.190727 0.216117 0.247053 0.312096 0.364937 0.396338 1.418160 1.407359 0.058815 0.019309 -9999.000000 -9999.000000 -9999.000000 -9999.000000 -9999.000000 -9999.000000 -9999.000000 -9999.000000 -9999.000000 -9999.000000 -9999.000000 -9999.000000 -9999.000000 -9999.000000
1.586711 1.297182 0.907068 0.241232 0.036354 0.026146 0.029427 0.024376 0.024773 0.040369 0.519298 0.581277 0.568568 0.222020 0.018894 0.735405 0.740822 0.778898 0.790114 0.780089 0.737002 0.070490 0.038631 0.051063 0.021614 0.040092 0.060404 1.968446 3.022924 1.998189 0.041726 0.076622 0.103676 0.124901 0.014396 0.202782 0.207098 0.027947 0.035057 0.029213 0.370831 1.420680 1.420025 0.033896 0.028297 -9999.000000 -9999.000000 -9999.000000 -9999.000000 -9999.000000 -9999.000000 -9999.000000 -9999.000000 -9999.000000 -9999.000000 -9999.000000 -9999.000000 -9999.000000 -9999.000000
0.367814 0.372084 1.349561 1.327465 0.057700 0.094096 0.094681 0.030029 0.014396 0.019310 0.593252 0.596149 0.589082 0.238465 0.393290 0.592490 0.687094 0.763351 0.781134 0.773819 0.755585 0.085548 0.116314 0.018090 0.021706 0.032875 0.040800 1.922729 1.971291 0.843630 0.037575 0.061502 0.086585 0.135948 0.160225 0.030204 0.038064 0.018241 0.021736 0.022331 0.041222 0.028968 0.299111 0.199241 -9999.000000 -9999.000000 -9999.000000 -9999.000000 -9999.000000 -9999.000000 -9999.000000 -9999.000000 -9999.000000 -9999.000000 -9999.000000 -9999.000000 -9999.000000 -9999.000000 -9999.000000
0.501009 0.491580 1.398327 1.327838 0.827362 0.887818 0.812249 0.103839 0.025121 0.027245 0.581664 0.577529 0.606756 0.612888 0.335002 0.492440 0.022704 0.814747 0.813503 1.812498 0.749794 0.122463 1.156273 0.026206 0.027214 0.069503 0.665963 1.911966 0.731571 0.525581 -9999.000000 -9999.000000 -9999.000000 0.025902 0.034248 0.042184 0.038338 0.040367 0.046013 0.021793 0.018105 0.034507 0.024788 0.019020 -9999.000000 -9999.000000 -9999.000000 -9999.000000 -9999.000000 -9999.000000 -9999.000000 -9999.000000 -9999.000000 -9999.000000 -9999.000000 -9999.000000 -9999.000000 -9999.000000 -9999.000000
0.477249 0.578768 0.617351 0.726484 1.997285 1.946519 0.836733 0.174384 0.222152 0.272050 1.432349 1.401953 0.555384 0.576026 0.240438 0.030326 0.041313 0.834978 1.850433 1.818000 0.728597 0.095835 0.037473 0.070507 0.072594 0.059182 0.661475 0.650006 0.473617 -9999.000000 -9999.000000 -9999.000000 -9999.000000 0.025123 0.031593 0.028541 0.099907 0.091499 0.094962 0.027382 0.027595 0.054940 0.037697 -9999.000000 -9999.000000 -9999.000000 -9999.000000 -9999.000000 -9999.000000 -9999.000000 -9999.000000 -9999.000000 -9999.000000 -9999.000000 -9999.000000 -9999.000000 -9999.000000 -9999.000000 -9999.000000
0.429311 0.643018 0.710515 1.905732 2.982931 2.938009 1.845224 0.175320 0.279980 1.345242 1.380003 0.497410 0.511297 0.061862 0.028206 0.040444 0.037100 0.849436 1.834328 0.730218 0.061425 0.027092 0.014396 0.092552 0.087396 0.069362 0.038136 0.360859 -9999.000000 -9999.000000 -9999.000000 -9999.000000 -9999.000000 -9999.000000 -9999.000000 -9999.000000 0.055794 0.074256 0.073647 0.042626 -9999.000000 -9999.000000 -9999.000000 -9999.000000 -9999.000000 -9999.000000 -9999.000000 -9999.000000 -9999.000000 -9999.000000 -9999.000000 -9999.000000 -9999.000000 -9999.000000 -9999.000000 -9999.000000 -9999.000000 -9999.000000 -9999.000000
0.024349 0.716788 0.692278 0.755144 1.962369 2.921109 1.922436 1.959323 1.167223 1.179338 0.280613 0.078908 0.024407 0.030006 0.031303 0.028196 0.900122 0.891127 0.046503 0.114219 0.122952 0.028572 0.043648 0.068854 0.062174 0.058311 0.034737 -9999.000000 -9999.000000 -9999.000000 -9999.000000 -9999.000000 -9999.000000 -9999.000000 -9999.000000 -9999.000000 -9999.000000 -9999.000000 -9999.000000 -9999.000000 -9999.000000 -9999.000000 -9999.000000 -9999.000000 -9999.000000 -9999.000000 -9999.000000 -9999.000000 -9999.000000 -9999.000000 -9999.000000 -9999.000000 -9999.000000 -9999.000000 -9999.000000 -9999.000000 -9999.000000 -9999.000000 -9999.000000
0.029777 0.037528 0.031899 0.047818 0.962711 1.826345 0.820018 0.847250 0.251505 0.361676 0.113917 0.148994 0.023231 0.024116 0.931495 0.936685 0.917594 1.924551 0.853889 0.143135 0.156777 0.181511 0.173332 0.035950 0.265834 0.032326 -9999.000000 -9999.000000 -9999.000000 -9999.000000 -9999.000000 -9999.000000 -9999.000000 -9999.000000 -9999.000000 -9999.000000 -9999.000000 -9999.000000 -9999.000000 -9999.000000 -9999.000000 -9999.000000 -9999.000000 -9999.000000 -9999.000000 -9999.000000 -9999.000000 -9999.000000 -9999.000000 -9999.000000 -9999.000000 -9999.000000 -9999.000000 -9999.000000 -9999.000000 -9999.000000 -9999.000000 -9999.000000 -9999.000000
0.041497 0.026498 0.028298 0.041043 0.924659 0.938264 0.311118 0.224333 0.091627 0.136240 1.229067 1.221210 0.206033 0.229323 0.024239 0.029488 0.908597 1.903237 0.850070 0.151634 0.170250 0.190670 0.207177 0.022285 0.253563 0.024712 -9999.000000 -9999.000000 -9999.000000 -9999.000000 -9999.000000 -9999.000000 -9999.000000 -9999.000000 -9999.000000 -9999.000000 -9999.000000 -9999.000000 -9999.000000 -9999.000000 -9999.000000 -9999.000000 -9999.000000 -9999.000000 -9999.000000 -9999.000000 -9999.000000 -9999.000000 -9999.000000 -9999.000000 -9999.000000 -9999.000000 -9999.000000 -9999.000000 -9999.000000 -9999.000000 -9999.000000 -9999.000000 -9999.000000
0.049034 0.035332 0.043236 0.029533 0.208290 0.831905 0.497777 0.089332 0.146536 0.179112 1.230916 1.222228 1.214892 0.218543 0.023170 0.023979 0.900277 0.893944 0.073234 0.145480 0.171395 0.191627 0.210429 0.183837 0.210350 0.019020 -9999.000000 -9999.000000 -9999.000000 -9999.000000 -9999.000000 -9999.000000 -9999.000000 -9999.000000 -9999.000000 -9999.000000 -9999.000000 -9999.000000 -9999.000000 -9999.000000 -9999.000000 -9999.000000 -9999.000000 -9999.000000 -9999.000000 -9999.000000 -9999.000000 -9999.000000 -9999.000000 -9999.000000 -9999.000000 -9999.000000 -9999.000000 -9999.000000 -9999.000000 -9999.000000 -9999.000000 -9999.000000 -9999.000000
