use_cases/Flooding_chicago/flooding_data/output/h_2220.asc
ncols 337
nrows 393
xllcorner 428428.000000
yllcorner 4602440.000000
cellsize 26.757400
NODATA_value -9999.000000
[rows 81 to 107 of 393, columns 118 to 176 of 337]
-9999.000000 -9999.000000 -9999.000000 -9999.000000 -9999.000000 -9999.000000 -9999.000000 -9999.000000 -9999.000000 -9999.000000 -9999.000000 -9999.000000 -9999.000000 -9999.000000 -9999.000000 -9999.000000 -9999.000000 -9999.000000 -9999.000000 -9999.000000 -9999.000000 -9999.000000 -9999.000000 -9999.000000 -9999.000000 -9999.000000 -9999.000000 -9999.000000 -9999.000000 -9999.000000 -9999.000000 -9999.000000 -9999.000000 -9999.000000 -9999.000000 -9999.000000 -9999.000000 -9999.000000 -9999.000000 -9999.000000 -9999.000000 -9999.000000 -9999.000000 -9999.000000 -9999.000000 -9999.000000 -9999.000000 -9999.000000 -9999.000000 -9999.000000 0.201009 0.160663 0.046883 0.038826 0.029259 0.029502 0.051339 0.077369 0.048607
-9999.000000 -9999.000000 -9999.000000 -9999.000000 -9999.000000 -9999.000000 -9999.000000 -9999.000000 -9999.000000 -9999.000000 -9999.000000 -9999.000000 -9999.000000 -9999.000000 -9999.000000 -9999.000000 -9999.000000 -9999.000000 -9999.000000 -9999.000000 -9999.000000 -9999.000000 -9999.000000 -9999.000000 -9999.000000 -9999.000000 -9999.000000 -9999.000000 -9999.000000 -9999.000000 -9999.000000 -9999.000000 -9999.000000 -9999.000000 -9999.000000 -9999.000000 -9999.000000 -9999.000000 -9999.000000 -9999.000000 -9999.000000 -9999.000000 -9999.000000 -9999.000000 -9999.000000 -9999.000000 -9999.000000 -9999.000000 -9999.000000 -9999.000000 0.022103 0.167450 0.040228 0.035621 0.027734 0.028436 0.059901 0.039192 0.068543
-9999.000000 -9999.000000 -9999.000000 -9999.000000 -9999.000000 -9999.000000 -9999.000000 -9999.000000 -9999.000000 -9999.000000 -9999.000000 -9999.000000 -9999.000000 -9999.000000 -9999.000000 -9999.000000 -9999.000000 -9999.000000 -9999.000000 -9999.000000 -9999.000000 -9999.000000 -9999.000000 -9999.000000 -9999.000000 -9999.000000 -9999.000000 -9999.000000 -9999.000000 -9999.000000 -9999.000000 -9999.000000 -9999.000000 -9999.000000 -9999.000000 -9999.000000 -9999.000000 -9999.000000 -9999.000000 -9999.000000 -9999.000000 -9999.000000 -9999.000000 -9999.000000 -9999.000000 -9999.000000 -9999.000000 -9999.000000 -9999.000000 0.017967 0.039635 0.143986 0.031777 0.027748 0.023964 0.026101 0.050133 0.034065 0.053490
-9999.000000 -9999.000000 -9999.000000 -9999.000000 -9999.000000 -9999.000000 -9999.000000 -9999.000000 -9999.000000 -9999.000000 -9999.000000 -9999.000000 -9999.000000 -9999.000000 -9999.000000 -9999.000000 -9999.000000 -9999.000000 -9999.000000 -9999.000000 -9999.000000 -9999.000000 -9999.000000 -9999.000000 -9999.000000 -9999.000000 -9999.000000 -9999.000000 -9999.000000 -9999.000000 -9999.000000 -9999.000000 -9999.000000 -9999.000000 -9999.000000 -9999.000000 -9999.000000 -9999.000000 -9999.000000 -9999.000000 -9999.000000 -9999.000000 -9999.000000 -9999.000000 -9999.000000 -9999.000000 -9999.000000 -9999.000000 0.017967 0.021034 0.026954 0.196943 0.038490 0.028511 0.026268 0.037849 0.032631 0.025353 0.035545
-9999.000000 -9999.000000 -9999.000000 -9999.000000 -9999.000000 -9999.000000 -9999.000000 -9999.000000 -9999.000000 -9999.000000 -9999.000000 -9999.000000 -9999.000000 -9999.000000 -9999.000000 -9999.000000 -9999.000000 -9999.000000 -9999.000000 -9999.000000 -9999.000000 -9999.000000 -9999.000000 -9999.000000 -9999.000000 -9999.000000 -9999.000000 -9999.000000 -9999.000000 -9999.000000 -9999.000000 -9999.000000 -9999.000000 -9999.000000 -9999.000000 -9999.000000 -9999.000000 -9999.000000 -9999.000000 -9999.000000 -9999.000000 -9999.000000 -9999.000000 -9999.000000 -9999.000000 -9999.000000 -9999.000000 0.023934 0.026604 0.029453 0.029961 0.207634 0.032784 0.039908 0.035164 0.027336 0.030922 0.024849 0.044885
-9999.000000 -9999.000000 -9999.000000 -9999.000000 -9999.000000 -9999.000000 -9999.000000 -9999.000000 -9999.000000 -9999.000000 -9999.000000 -9999.000000 -9999.000000 -9999.000000 -9999.000000 -9999.000000 -9999.000000 -9999.000000 -9999.000000 -9999.000000 -9999.000000 -9999.000000 -9999.000000 -9999.000000 -9999.000000 -9999.000000 -9999.000000 -9999.000000 -9999.000000 -9999.000000 -9999.000000 -9999.000000 -9999.000000 -9999.000000 -9999.000000 -9999.000000 -9999.000000 -9999.000000 -9999.000000 -9999.000000 -9999.000000 -9999.000000 -9999.000000 -9999.000000 0.024422 0.018654 0.020607 0.450129 0.035561 0.022194 0.034496 0.189064 0.084906 0.074654 0.065174 0.056160 0.077812 0.042030 0.041984
-9999.000000 -9999.000000 -9999.000000 -9999.000000 -9999.000000 -9999.000000 -9999.000000 -9999.000000 -9999.000000 -9999.000000 -9999.000000 -9999.000000 -9999.000000 -9999.000000 -9999.000000 -9999.000000 -9999.000000 -9999.000000 -9999.000000 -9999.000000 -9999.000000 -9999.000000 -9999.000000 -9999.000000 -9999.000000 -9999.000000 -9999.000000 -9999.000000 -9999.000000 -9999.000000 -9999.000000 -9999.000000 -9999.000000 -9999.000000 -9999.000000 -9999.000000 -9999.000000 -9999.000000 -9999.000000 -9999.000000 -9999.000000 0.018272 0.030892 0.041985 0.034554 0.046349 0.041002 1.385024 0.283518 0.189375 1.013830 1.024763 0.063240 0.070122 0.055869 0.044197 0.014396 0.053978 0.050086
-9999.000000 -9999.000000 -9999.000000 -9999.000000 -9999.000000 -9999.000000 -9999.000000 -9999.000000 -9999.000000 -9999.000000 -9999.000000 -9999.000000 -9999.000000 -9999.000000 -9999.000000 -9999.000000 -9999.000000 -9999.000000 -9999.000000 -9999.000000 -9999.000000 -9999.000000 -9999.000000 -9999.000000 -9999.000000 -9999.000000 -9999.000000 -9999.000000 -9999.000000 -9999.000000 -9999.000000 -9999.000000 -9999.000000 -9999.000000 -9999.000000 -9999.000000 -9999.000000 -9999.000000 -9999.000000 0.014396 0.025277 0.022652 0.022377 0.019447 0.039055 0.042975 0.253664 2.350029 2.345228 3.303610 4.268803 1.052171 0.050117 0.043755 0.036734 0.028252 0.025077 0.081963 0.079418
-9999.000000 -9999.000000 -9999.000000 -9999.000000 -9999.000000 -9999.000000 -9999.000000 -9999.000000 -9999.000000 -9999.000000 -9999.000000 -9999.000000 -9999.000000 -9999.000000 -9999.000000 -9999.000000 -9999.000000 -9999.000000 -9999.000000 -9999.000000 -9999.000000 -9999.000000 -9999.000000 -9999.000000 -9999.000000 -9999.000000 -9999.000000 -9999.000000 -9999.000000 -9999.000000 -9999.000000 -9999.000000 -9999.000000 -9999.000000 -9999.000000 -9999.000000 -9999.000000 -9999.000000 0.025963 0.121390 0.058755 0.047095 0.042443 0.034507 0.164221 1.224990 2.324339 2.296509 3.247496 4.259594 6.238490 3.216231 0.061485 0.069741 0.046624 0.034340 0.035377 0.129799 0.094872
-9999.000000 -9999.000000 -9999.000000 -9999.000000 -9999.000000 -9999.000000 -9999.000000 -9999.000000 -9999.000000 -9999.000000 -9999.000000 -9999.000000 -9999.000000 -9999.000000 -9999.000000 -9999.000000 -9999.000000 -9999.000000 -9999.000000 -9999.000000 -9999.000000 -9999.000000 -9999.000000 -9999.000000 -9999.000000 -9999.000000 -9999.000000 -9999.000000 -9999.000000 -9999.000000 -9999.000000 -9999.000000 -9999.000000 -9999.000000 -9999.000000 -9999.000000 -9999.000000 0.019310 0.031288 0.038827 0.072181 0.078403 0.071434 0.978367 2.203969 1.187969 1.037603 0.985046 2.181390 3.245718 5.287888 3.225546 0.149738 0.043937 0.039360 0.039802 0.024575 0.080375 0.117837
-9999.000000 -9999.000000 -9999.000000 -9999.000000 -9999.000000 -9999.000000 -9999.000000 -9999.000000 -9999.000000 -9999.000000 -9999.000000 -9999.000000 -9999.000000 -9999.000000 -9999.000000 -9999.000000 -9999.000000 -9999.000000 -9999.000000 -9999.000000 -9999.000000 -9999.000000 -9999.000000 -9999.000000 -9999.000000 -9999.000000 -9999.000000 -9999.000000 -9999.000000 -9999.000000 -9999.000000 -9999.000000 -9999.000000 -9999.000000 -9999.000000 0.026116 0.031044 0.027366 0.023506 0.030852 0.028275 0.071129 0.151267 0.752919 0.817885 0.112307 0.033394 0.019509 0.033273 0.996004 2.222232 0.998874 0.082776 0.043907 0.048943 0.036246 0.029681 0.066476 0.375370
-9999.000000 -9999.000000 -9999.000000 -9999.000000 -9999.000000 -9999.000000 -9999.000000 -9999.000000 -9999.000000 -9999.000000 -9999.000000 -9999.000000 -9999.000000 -9999.000000 -9999.000000 -9999.000000 -9999.000000 -9999.000000 -9999.000000 -9999.000000 -9999.000000 -9999.000000 -9999.000000 -9999.000000 -9999.000000 -9999.000000 -9999.000000 -9999.000000 -9999.000000 -9999.000000 -9999.000000 -9999.000000 -9999.000000 0.056906 0.049629 0.058831 0.035957 0.023567 0.022942 0.037636 0.036980 0.084207 0.112501 0.104180 0.067677 0.034235 0.031196 0.018105 0.032555 0.035895 0.134716 0.626491 0.351128 0.268736 0.044639 0.045265 0.032937 1.511782 2.600637
-9999.000000 -9999.000000 -9999.000000 -9999.000000 -9999.000000 -9999.000000 -9999.000000 -9999.000000 -9999.000000 -9999.000000 -9999.000000 -9999.000000 -9999.000000 -9999.000000 -9999.000000 -9999.000000 -9999.000000 -9999.000000 -9999.000000 -9999.000000 -9999.000000 -9999.000000 -9999.000000 -9999.000000 -9999.000000 -9999.000000 -9999.000000 -9999.000000 -9999.000000 -9999.000000 -9999.000000 -9999.000000 0.062951 0.083244 0.059075 0.056557 0.032475 0.031557 0.031349 0.032752 0.043358 0.068596 0.073693 0.068001 0.031271 0.035560 0.022423 0.021812 0.030067 0.028115 0.035988 0.351789 0.342989 0.259117 0.120171 0.423333 1.370136 4.614061 4.595588
-9999.000000 -9999.000000 -9999.000000 -9999.000000 -9999.000000 -9999.000000 -9999.000000 -9999.000000 -9999.000000 -9999.000000 -9999.000000 -9999.000000 -9999.000000 -9999.000000 -9999.000000 -9999.000000 -9999.000000 -9999.000000 -9999.000000 -9999.000000 -9999.000000 -9999.000000 -9999.000000 -9999.000000 -9999.000000 -9999.000000 -9999.000000 -9999.000000 -9999.000000 0.138089 0.258773 0.834164 2.081005 1.051552 0.069603 0.061836 0.064649 0.028359 0.028297 0.042274 0.042603 0.068704 0.066871 0.063911 0.018242 0.021766 0.022453 0.042488 0.028557 0.030113 0.024865 0.188873 0.537887 0.597142 0.577958 1.631251 3.614375 5.615522 5.603287
-9999.000000 -9999.000000 -9999.000000 -9999.000000 -9999.000000 -9999.000000 -9999.000000 -9999.000000 -9999.000000 -9999.000000 -9999.000000 -9999.000000 -9999.000000 -9999.000000 -9999.000000 -9999.000000 -9999.000000 -9999.000000 -9999.000000 -9999.000000 -9999.000000 -9999.000000 -9999.000000 -9999.000000 -9999.000000 -9999.000000 0.022987 0.018349 0.020500 0.298500 0.238383 1.012216 2.066619 1.049891 0.069191 0.077370 0.057280 0.062279 0.051675 0.210389 0.038201 0.021034 0.017967 0.025948 0.049156 0.044535 0.031090 0.048683 0.037941 0.039711 0.040459 0.450569 2.615433 3.669230 2.679037 3.645029 3.670464 5.627592 4.626425
-9999.000000 -9999.000000 -9999.000000 -9999.000000 -9999.000000 -9999.000000 -9999.000000 -9999.000000 -9999.000000 -9999.000000 -9999.000000 -9999.000000 -9999.000000 -9999.000000 -9999.000000 -9999.000000 -9999.000000 -9999.000000 -9999.000000 -9999.000000 -9999.000000 -9999.000000 -9999.000000 0.028174 0.027062 0.043587 0.028099 0.091362 0.824501 0.511517 0.333768 0.937466 1.053492 0.981682 0.068902 0.021782 0.022591 0.022591 0.338188 0.254112 0.028694 0.017967 0.038918 0.026939 0.038978 0.053641 0.047615 0.052529 0.050548 0.351901 1.284201 3.659318 4.661079 5.664695 5.658622 3.645419 3.656417 3.650779 2.604676
-9999.000000 -9999.000000 -9999.000000 -9999.000000 -9999.000000 -9999.000000 -9999.000000 -9999.000000 -9999.000000 -9999.000000 -9999.000000 -9999.000000 -9999.000000 -9999.000000 -9999.000000 -9999.000000 -9999.000000 -9999.000000 -9999.000000 -9999.000000 -9999.000000 -9999.000000 -9999.000000 0.040596 0.037117 0.049781 0.420115 0.973209 1.016650 0.107101 0.022561 0.118953 1.030325 0.148155 0.098184 0.053764 0.022591 0.022591 0.039253 0.117210 0.103707 0.075112 0.046928 0.053688 0.051872 0.056832 0.063134 0.069228 0.537223 2.675833 5.617596 5.664973 6.679072 6.680098 5.676175 4.665501 3.675468 2.660150 1.615295
-9999.000000 -9999.000000 -9999.000000 -9999.000000 -9999.000000 -9999.000000 -9999.000000 -9999.000000 -9999.000000 -9999.000000 -9999.000000 -9999.000000 -9999.000000 0.066934 0.084404 0.068381 0.101768 0.087059 0.116112 0.112021 0.104622 0.073326 0.089638 0.061943 0.014396 0.044541 0.526531 0.426249 0.038155 0.028679 0.030556 0.090110 0.201168 0.210451 0.099556 0.068779 0.040657 0.030433 0.060936 0.137688 0.152855 0.127785 0.296130 0.030327 0.042839 0.061699 0.063289 0.608954 0.663770 1.681986 5.686312 6.662476 6.679459 6.692480 5.688808 4.666653 4.694919 2.644992 2.631424
-9999.000000 -9999.000000 -9999.000000 -9999.000000 -9999.000000 -9999.000000 -9999.000000 -9999.000000 -9999.000000 -9999.000000 -9999.000000 -9999.000000 0.060570 0.117423 1.127099 0.100060 0.064507 0.043740 1.210717 0.177377 0.164954 0.124886 0.051750 0.270713 0.019309 0.691219 1.711041 0.556489 0.060043 0.023567 0.022942 0.130941 0.141350 0.138239 0.139295 0.029396 0.038273 0.165337 0.104957 0.152319 0.133354 0.321389 0.357445 0.221748 0.140513 0.425666 1.663879 1.684212 0.677852 1.674075 5.680902 6.637312 6.670494 6.688651 5.681066 4.656164 4.683696 3.670100 2.636093
-9999.000000 -9999.000000 -9999.000000 -9999.000000 -9999.000000 -9999.000000 -9999.000000 -9999.000000 -9999.000000 -9999.000000 -9999.000000 -9999.000000 0.031318 0.107123 0.103590 0.061074 0.038567 0.054329 1.191049 0.191124 0.192284 0.140661 0.239967 0.205803 0.566187 1.694315 1.723977 1.706172 0.083856 0.027366 0.023506 0.188380 0.213190 0.208001 0.204720 0.038413 0.042656 0.172662 0.129617 0.067986 0.110775 0.281937 0.337287 0.243066 0.603449 2.613281 3.675633 2.696658 2.703426 2.690670 4.689587 4.670306 4.668388 4.686126 4.696665 2.646607 1.657699 1.656588 2.635145
-9999.000000 -9999.000000 -9999.000000 -9999.000000 -9999.000000 -9999.000000 -9999.000000 -9999.000000 -9999.000000 -9999.000000 -9999.000000 0.023080 0.043892 0.040414 0.044777 0.064736 0.069771 0.049354 0.170098 0.191612 0.187491 0.150428 0.089393 0.172523 0.463983 1.685178 1.650051 1.637461 0.110329 0.019310 0.036110 0.207383 1.276513 1.276875 0.237206 0.044990 0.042106 0.055473 0.042564 0.076241 0.068290 0.059715 0.243605 0.214943 0.657203 2.674097 3.688186 3.711285 3.708868 3.704371 3.720765 3.692863 2.682791 3.695175 3.695154 0.704067 0.046563 0.622608 1.608860
-9999.000000 -9999.000000 -9999.000000 -9999.000000 -9999.000000 -9999.000000 -9999.000000 -9999.000000 -9999.000000 -9999.000000 -9999.000000 -9999.000000 0.036186 0.020803 0.038078 0.060813 0.047892 0.064277 0.072533 0.066796 0.132102 0.100167 0.086541 0.079246 0.083398 0.059928 0.110959 0.629265 0.166658 0.021538 0.220879 1.291554 1.279750 1.278162 0.240259 0.028985 0.025627 0.041556 0.073372 0.056145 0.066384 0.054405 0.166739 0.169946 0.160391 1.534596 3.685640 4.720146 4.727285 4.724884 3.747337 2.723606 1.717468 2.690406 1.717912 0.717010 0.029949 0.646170 0.660827
-9999.000000 -9999.000000 -9999.000000 -9999.000000 -9999.000000 -9999.000000 -9999.000000 -9999.000000 -9999.000000 -9999.000000 -9999.000000 -9999.000000 0.031334 0.019310 0.031868 0.053444 0.043175 0.049752 0.042992 0.115851 0.123437 0.082115 0.134864 0.093741 0.053553 0.054742 0.042879 0.188249 0.251747 0.253360 1.308765 2.301261 2.299537 1.270919 0.042214 0.046761 0.023109 0.034432 0.035667 0.078819 0.053002 0.045763 0.041756 0.035271 0.050453 0.489049 2.680402 4.694044 5.705331 5.698260 3.737470 1.688430 1.682845 0.620369 1.691156 1.704469 0.656187 0.647881 1.648871
-9999.000000 -9999.000000 -9999.000000 -9999.000000 -9999.000000 -9999.000000 -9999.000000 -9999.000000 -9999.000000 -9999.000000 -9999.000000 -9999.000000 0.020103 0.014396 0.034356 0.032356 0.051476 0.035805 0.069295 1.139145 1.179620 0.133766 0.079277 0.061273 0.041114 0.049670 0.067513 0.219097 1.326739 1.349626 1.335291 2.314363 2.296747 1.225810 0.048026 0.017967 0.021034 0.043313 0.057656 0.037514 0.022927 0.023903 0.020454 0.022088 0.078819 0.538121 1.706040 2.721256 4.707218 4.707007 2.730939 0.671734 0.058596 0.039996 1.676104 1.684612 0.646687 0.638546 0.554074
-9999.000000 -9999.000000 -9999.000000 -9999.000000 -9999.000000 -9999.000000 -9999.000000 -9999.000000 -9999.000000 -9999.000000 -9999.000000 -9999.000000 -9999.000000 0.031120 0.014396 0.021019 0.019905 0.028175 0.094368 0.067711 0.157371 0.156012 0.026329 0.081627 0.060890 0.035897 0.036644 0.198404 2.311546 2.330715 1.318662 1.295037 1.299043 0.218808 0.024101 0.036583 0.017967 0.020302 0.044548 0.081901 0.054467 0.051186 0.038948 0.119301 0.124121 0.423267 0.575177 1.678741 2.702498 3.685297 1.667871 0.089122 0.032151 0.029475 0.732445 0.731951 0.032730 0.046157 0.043806
-9999.000000 -9999.000000 -9999.000000 -9999.000000 -9999.000000 -9999.000000 -9999.000000 -9999.000000 -9999.000000 -9999.000000 -9999.000000 -9999.000000 0.028923 0.027595 0.024651 0.035331 0.031807 0.081718 0.064232 0.050622 0.042625 0.030587 0.054298 0.026879 0.048546 0.036675 0.045464 0.052498 2.313350 1.356045 0.290646 0.259504 0.251787 0.198516 0.036278 0.037941 0.022148 0.047295 0.044533 0.051017 0.084710 0.162742 0.138634 0.112421 0.097756 0.074973 0.103154 0.102883 0.596679 0.598215 0.557056 0.092825 0.050487 0.042596 0.741957 0.740095 0.044705 0.070740 0.026809
-9999.000000 -9999.000000 -9999.000000 -9999.000000 -9999.000000 -9999.000000 -9999.000000 -9999.000000 -9999.000000 -9999.000000 -9999.000000 0.021736 0.019981 0.061760 0.036933 0.093530 0.087135 0.079705 0.057853 0.057121 0.052239 0.038032 0.053826 0.053413 0.104012 0.021523 0.042213 0.032601 0.271478 0.326781 0.018639 0.182483 0.165887 0.145059 0.084877 0.041069 0.025413 0.029106 0.033729 0.070169 0.087837 0.195763 0.186971 0.093605 0.075843 0.051791 0.058922 0.113472 0.181955 0.169213 0.191002 0.047914 0.062769 0.052990 0.761980 1.817435 0.650185 0.101143 0.029726
