use_cases/Flooding_chicago/flooding_data/output/h_2220.asc
ncols 337
nrows 393
xllcorner 428428.000000
yllcorner 4602440.000000
cellsize 26.757400
NODATA_value -9999.000000
[rows 189 to 215 of 393, columns 177 to 235 of 337]
0.064903 0.052971 0.032051 0.034157 0.036674 0.167959 0.175941 1.068576 1.068216 2.107518 1.074107 0.048820 0.061134 0.033500 0.057839 0.019249 0.079796 0.030296 0.027932 0.055092 0.060865 0.024224 0.033806 0.422921 0.479472 0.479869 0.029976 0.030510 0.017372 0.081231 0.067200 0.025214 0.041328 0.045525 0.066978 0.055258 0.248036 0.272340 0.687471 1.773884 2.747957 3.781296 4.774713 2.764677 0.754788 0.028956 0.040485 0.040331 0.031442 0.033042 0.139496 0.452971 1.343933 2.357452 2.551581 0.462468 0.115319 0.049705 0.045434
0.045876 0.034631 0.050636 0.042625 0.202529 0.231217 0.216923 2.178535 2.188756 2.153733 1.012790 0.102797 0.046043 0.062844 0.019081 0.026878 0.086509 0.029777 0.023811 0.025383 0.043861 0.035453 0.050376 0.337728 1.506769 0.517051 0.508432 0.070224 0.064317 0.032082 0.036954 0.037110 0.062751 0.058067 0.086281 0.079735 0.233338 0.209910 0.730253 1.758126 2.741117 4.750513 5.751447 2.765341 0.770503 0.047595 0.513187 1.534033 1.638721 1.480552 1.286422 0.915588 1.505174 1.360486 1.476458 0.049116 0.038628 0.062233 0.062111
0.108385 0.057338 0.056469 0.114287 0.226641 0.256993 0.231620 2.098186 3.172626 2.157823 1.088139 0.133531 0.131948 0.059822 0.050133 0.025383 0.029350 0.035469 0.025460 0.017967 0.021034 0.026955 0.029595 0.346794 1.529579 1.517787 0.440818 0.079918 0.064278 0.050745 0.028756 0.027672 0.061139 0.059334 0.087180 0.082143 0.160900 0.721930 0.797734 1.739083 2.707242 3.712474 3.744329 2.748339 1.760138 1.751576 2.726610 3.755843 2.734945 1.420591 1.241087 1.877415 1.842609 0.681461 0.095509 0.040225 0.028145 0.017372 0.025704
0.096890 0.148016 0.284005 0.201785 0.242514 1.173548 1.191342 2.138636 3.161309 2.146081 0.080177 0.080948 0.075828 0.075980 0.034356 0.048958 0.034569 0.184807 0.049568 0.032402 0.017967 0.026115 0.029305 0.311537 0.445626 0.488212 0.040444 0.034537 0.037766 0.020409 0.018089 0.021660 0.033928 0.032035 0.040840 0.035652 0.094322 0.694830 1.800678 1.826842 0.798564 1.778333 2.712044 2.755213 2.774322 3.766822 3.756337 3.750366 2.749350 0.595468 0.445831 0.849371 0.782153 0.089923 0.054124 0.072944 0.026170 0.017372 0.025704
0.102061 0.051888 0.072593 0.047071 0.178962 2.176264 2.184152 2.145669 2.168473 3.164218 0.045601 0.077720 0.146081 0.101816 0.145912 0.025245 0.135440 0.111396 0.035455 0.030265 0.038368 0.031135 0.036690 0.224847 0.331062 0.030114 0.030586 0.046425 0.047340 0.053124 0.034065 0.021660 0.018089 0.020409 0.029280 0.023353 0.066861 0.719234 1.792115 1.817895 0.800506 1.784972 1.744671 2.737642 2.756773 3.756493 2.756346 2.755580 2.726414 0.670699 0.627626 0.590375 0.571196 0.047598 0.073757 0.101817 0.112650 0.029575 0.068658
0.091892 0.014396 0.053263 0.072580 0.180297 1.027849 1.161751 1.110902 2.162893 3.099342 0.105191 0.091619 0.073511 0.128272 0.151254 0.156274 0.134850 0.385032 0.040352 0.032281 0.031455 0.040032 0.036930 0.420723 0.174524 0.025062 0.014396 0.029914 0.077125 0.072563 0.034141 0.027199 0.026192 0.036158 0.029641 0.036812 0.064629 0.774044 0.810292 1.791675 1.831830 1.810261 0.721830 0.727923 1.743426 2.761332 2.737355 2.765945 2.756757 2.809819 2.810511 1.780586 0.698140 0.067973 0.057560 1.657911 1.724013 1.703075 1.630784
0.074626 0.098188 0.094295 0.064827 0.085405 0.048668 0.174625 0.170412 1.191648 3.138472 0.074855 0.051324 0.104470 0.148384 0.162010 0.026115 0.025642 0.303855 0.203437 0.144325 0.072135 0.097618 0.089989 0.326869 0.089286 0.039207 0.019309 0.037361 0.072945 0.078632 0.067590 0.032066 0.029777 0.048591 0.044060 0.060021 0.070304 0.781797 0.801407 0.829023 1.800236 1.820685 0.046276 0.066022 0.071950 0.741164 1.761520 2.768178 3.787100 4.817103 3.814985 3.819453 1.822627 0.801361 0.782859 2.629121 3.745910 3.778517 2.718619
0.073022 0.099044 0.093713 0.105452 0.063637 0.037427 0.036613 0.142972 1.182812 3.150466 0.046231 0.031898 0.018563 0.172005 0.176200 0.034752 0.033150 0.302070 0.229774 0.158805 0.173012 0.129630 0.125999 0.622048 0.084831 0.036736 0.028938 0.030011 0.117714 0.099832 0.108298 0.024696 0.051353 0.040820 0.045555 0.041358 0.051277 0.826590 0.020166 0.841177 0.848278 1.849743 0.051243 0.068955 0.070068 0.062429 0.745461 1.698456 2.753793 4.792139 4.812205 4.792916 3.858749 1.814783 1.798250 3.655476 4.714968 3.727720 2.700791
0.018959 0.026084 0.037728 0.121835 0.028740 0.019783 0.043572 0.139154 1.102853 3.091367 0.136092 0.047950 0.024163 0.031822 0.035850 0.043876 0.035393 0.033089 0.149986 0.125909 0.161509 0.117988 0.118997 0.595177 0.498986 0.044701 0.036599 0.059181 0.071984 0.150230 0.063331 0.037865 0.065423 0.044810 0.057517 0.045769 0.872266 0.875719 0.030390 0.855028 1.902939 2.912811 1.933616 1.906738 1.911588 0.860820 0.816026 0.821357 1.734449 3.754138 4.778383 5.787490 4.840934 3.828388 3.813182 3.743299 3.753173 1.747008 0.052172
-9999.000000 0.038567 0.042595 0.029961 0.049660 0.056908 0.062798 0.112582 0.236178 0.755443 0.172489 0.035835 0.043479 0.026756 0.033562 0.035408 0.027992 0.030753 0.101370 0.082572 0.115668 0.091835 0.095649 0.488120 0.431024 0.046674 0.049483 0.033806 0.074699 0.221548 0.221321 0.028892 0.063926 0.056968 0.072092 0.094641 0.851445 0.885652 0.921556 1.898107 1.892880 2.871163 3.919377 3.920399 3.908988 3.916223 2.880751 2.923269 1.806946 2.762983 3.734468 4.770383 4.820194 3.799307 3.794047 3.771056 1.664178 0.042702 0.023781
-9999.000000 0.048683 0.025245 0.027092 0.059689 0.061699 0.069192 0.219035 0.223472 0.127052 0.094628 0.054176 0.043541 0.032204 0.041618 0.035256 0.058235 0.053474 0.052909 0.102577 0.068567 0.066277 0.055763 0.281914 0.672039 0.074852 0.056068 0.034203 0.039909 0.172066 0.142830 0.069405 0.079780 0.055365 0.099401 0.113350 0.848575 1.889611 2.921610 2.922027 3.914897 3.922305 4.925773 3.912454 3.908975 4.872444 4.900948 3.919730 2.855675 2.823938 2.823460 3.743950 3.824889 2.806735 2.808265 2.814221 0.747944 0.049317 0.023018
-9999.000000 0.020455 0.031563 0.014396 0.028190 0.029732 0.065804 0.294059 0.328404 0.028114 0.026986 0.047920 0.094933 0.034919 0.045540 0.036126 0.063960 0.030900 0.083259 0.077562 0.057959 0.060371 0.061501 0.319386 0.438548 0.322596 0.051125 0.063136 0.085884 0.140248 0.126380 0.071113 0.087593 0.075837 0.905341 0.947122 0.910844 1.847401 3.876408 3.916646 4.893628 4.923571 4.913623 4.916028 4.910090 4.904623 5.871351 5.927896 4.912288 3.899348 2.839117 2.831889 2.841299 1.777476 1.770397 2.735487 1.779964 0.045734 0.028572
-9999.000000 -9999.000000 0.040443 0.021019 0.029808 0.040336 0.040901 0.162498 0.181161 0.042717 0.020438 0.049171 0.183221 0.183634 0.124429 0.196186 0.139615 0.040214 0.063210 0.063834 0.062675 0.068474 0.121796 0.596992 0.678019 0.167382 0.098804 0.071878 0.057155 0.152912 0.112774 0.856505 0.837720 1.961079 1.982053 1.970724 1.950911 2.852453 3.888265 3.915685 4.887641 4.915262 4.901691 4.908971 4.906227 4.903543 5.874307 5.919634 4.892675 3.882481 2.851311 2.835987 1.793718 0.839677 0.039783 0.497619 0.553793 0.503974 0.458325
-9999.000000 0.045432 0.035057 0.019889 0.075661 0.050224 0.054421 0.225593 0.269066 0.024787 0.031457 0.030357 0.031631 0.217977 0.186149 0.271644 0.205911 0.211432 0.215051 0.045783 0.063897 0.253213 0.190104 0.611089 0.596806 0.409734 0.245649 1.017786 0.948560 2.974061 3.010151 3.025524 3.018856 4.003339 4.054372 1.961188 1.936568 2.820444 3.864087 3.915430 4.877649 4.923608 3.901392 4.878230 4.908172 4.909431 4.905816 3.934622 2.889814 2.883399 2.872833 1.860617 0.065148 0.025871 0.027703 0.052299 0.033394 0.040444 0.345538
-9999.000000 0.081765 0.137947 0.034187 0.058372 0.044349 0.051994 0.269983 0.291543 0.024559 0.014396 0.025192 0.029809 0.266546 0.017372 0.031196 0.111917 0.639197 0.729211 0.619882 0.552955 0.396599 0.220016 0.541528 0.493936 0.386918 2.022233 2.085804 2.997454 4.022240 4.054081 4.046822 4.041455 4.018116 4.026528 4.065656 2.988119 2.921178 2.929275 3.863011 3.923339 3.930914 2.894155 2.906294 3.894070 3.913820 4.893487 3.936926 2.890905 2.897304 1.900307 0.825174 0.032956 0.033652 0.042274 0.036278 0.030159 0.045555 0.038307
-9999.000000 0.020638 0.195381 0.177452 0.041023 0.037239 0.040428 0.252313 1.351585 0.334396 0.019309 0.031120 0.182016 0.275642 0.017372 0.047142 0.062873 0.684091 0.787666 0.723634 0.609549 0.383460 0.487942 0.474471 1.086272 2.055264 2.155628 2.098379 2.907583 4.007278 4.054037 4.043502 4.040455 4.020248 4.020160 4.016769 4.039266 2.945710 2.922317 2.927829 3.912320 2.970402 1.921930 1.920888 2.872230 3.900943 4.876205 3.939713 1.868578 1.856802 1.867918 0.032078 0.033640 0.027809 0.036049 0.038108 0.014396 0.026848 0.026696
0.020638 0.033470 0.024895 0.197960 0.028389 0.027215 0.287648 1.319376 1.336540 0.267753 0.147360 0.225760 1.245539 0.234794 0.162666 0.078727 0.296319 0.690665 0.808184 0.024712 0.023476 0.187126 0.308899 1.219928 1.240428 3.151543 2.181422 2.092120 2.073967 3.016816 3.065700 3.052522 3.050167 3.037925 3.029626 2.995264 2.975824 2.954028 1.915725 1.918111 2.921119 3.957287 1.913439 1.906706 1.907640 1.912392 2.901722 2.917137 0.033014 0.038261 0.026938 0.173453 0.040865 0.055956 0.069524 0.038703 0.024361 0.023887 0.028069
0.033622 0.024895 0.023460 0.117822 0.067070 0.040703 0.291420 1.312678 0.281241 0.019310 0.106392 0.251045 0.249016 1.217248 0.124902 0.103523 0.355814 0.350622 0.014396 0.032539 0.025138 0.094473 1.271707 1.281216 2.225885 2.221214 2.203303 1.059840 1.048864 2.007621 2.043133 2.055407 3.038526 3.041532 3.046801 2.019878 1.985666 0.886705 0.874528 0.897854 2.887604 3.916872 1.906872 0.885868 0.886315 0.877307 0.868295 0.035845 0.021034 0.017967 0.027341 0.124997 0.953424 0.932849 1.047220 0.084686 0.050021 0.022225 0.050925
0.064307 0.058083 0.061287 0.465785 0.449470 0.359353 0.335047 0.024543 0.020989 0.014396 0.021004 0.019569 0.190513 0.183205 0.244711 0.406608 0.259180 0.154841 0.189614 0.108039 1.312575 1.374510 2.320061 2.331744 2.272330 2.286079 1.242341 0.166356 0.114840 1.075845 1.085905 2.048479 3.056649 4.062062 4.068249 3.070015 1.023206 0.074516 0.075228 0.864850 1.911686 2.884528 1.903275 0.877367 0.876335 0.855957 0.841170 0.816155 0.017967 0.028872 0.101114 1.148235 3.150464 3.152585 1.117334 0.125008 0.050116 0.057182 0.051415
0.047142 0.019294 0.078026 0.049233 0.032280 0.331505 0.331626 0.025352 0.033347 0.025826 0.035957 0.059944 0.204018 0.186010 0.245032 0.414330 0.300532 0.165018 0.190910 1.220493 2.271749 2.313949 2.298568 2.298709 2.244372 2.259332 0.231428 0.017372 0.017372 1.069868 1.086374 1.078745 2.042233 3.055095 4.067381 4.069013 2.062964 1.051678 0.085408 0.872765 1.926342 1.931319 0.857978 0.868940 0.857271 0.839892 0.836475 0.828282 0.020378 0.253894 1.099684 2.167993 4.170938 3.193819 1.140957 0.139323 0.045553 0.059713 0.037606
-9999.000000 0.027672 0.027153 0.017372 0.038323 0.244256 1.285530 1.317879 0.173241 0.190087 1.157341 0.091193 0.250068 0.199152 0.305076 0.166039 0.201684 0.400458 0.246484 1.180645 2.041587 2.113578 2.072628 2.107910 1.148528 1.235727 1.244624 0.189941 0.137863 1.055129 1.088529 1.081019 1.063973 2.050021 4.051608 5.063739 4.064519 2.036252 0.093744 0.071019 1.966498 1.938870 0.060496 0.020210 0.057510 0.764739 0.812753 0.689395 0.482772 0.403792 1.086691 2.179255 4.181256 3.227160 1.168545 0.154949 0.037834 0.041771 0.070646
-9999.000000 0.019294 0.055520 0.017372 0.037285 0.205024 1.296256 1.320015 0.182533 0.253426 0.168010 0.377845 0.323602 0.267001 0.172537 0.097604 0.178155 0.090248 0.151254 0.178499 0.547320 0.543858 0.503642 0.447402 0.348367 1.215245 1.216477 1.210326 1.136357 1.032207 1.035541 1.059271 1.053607 1.056758 2.068925 4.050076 4.047233 2.042927 1.104088 0.116717 1.913202 1.932364 0.065993 0.030983 0.032494 0.098448 0.057028 0.614481 0.473355 0.415780 0.283759 2.118904 3.185072 2.216528 1.172635 0.155177 0.027458 0.028679 0.733249
-9999.000000 -9999.000000 0.052300 0.025063 0.026360 0.183663 0.025490 0.027001 0.115441 0.195137 0.128959 0.375725 0.346579 0.293709 0.216895 0.110146 0.177804 0.090750 0.093283 0.334998 0.341841 0.328728 0.331172 0.307430 0.213966 1.083949 1.127560 1.129585 0.174174 0.172746 0.140865 0.118746 1.033761 1.039937 2.059963 3.067366 3.049282 2.019502 1.097703 1.185939 1.026392 1.948503 0.058466 0.031258 0.053200 0.041618 0.083028 0.042611 0.301192 1.132328 1.215770 1.190395 2.150378 2.211944 1.065367 0.977726 0.969256 0.943420 1.753000
-9999.000000 -9999.000000 -9999.000000 0.099984 0.147359 0.105461 0.032615 0.039802 0.028725 0.120457 0.406852 0.395760 0.363198 0.306526 0.208747 0.225557 0.175361 0.223213 0.567500 0.497848 0.465968 0.444261 0.458112 0.439851 0.318543 0.321323 0.229077 0.220825 0.136513 0.144798 0.096993 0.172039 0.990481 2.035206 3.070056 3.074982 2.046136 1.087842 1.097252 1.131221 1.028856 0.912904 0.912486 0.147272 0.049949 0.052910 0.034386 0.034951 2.195796 2.242388 1.197943 1.165457 1.143324 1.115579 1.903387 3.019485 1.989396 1.961046 2.862003
-9999.000000 -9999.000000 -9999.000000 0.102883 0.138024 0.077784 0.027017 0.034050 0.033821 0.040306 0.036430 0.260978 0.310951 0.311226 0.026512 0.137322 0.188669 0.250282 0.158425 0.435834 0.425717 0.425585 1.521535 1.594192 1.472603 0.240857 0.160215 0.144295 0.207444 0.187463 0.124992 0.148487 0.977033 2.035914 2.993697 3.042072 1.008067 1.000954 1.010717 1.110279 1.015991 0.033455 0.027535 0.035958 0.038551 0.030037 0.045601 0.257920 1.134718 1.119901 1.201222 0.248622 0.130696 0.988791 1.925829 2.003166 2.879407 2.942981 2.899198
-9999.000000 -9999.000000 -9999.000000 -9999.000000 0.020103 0.014396 0.130425 0.105094 0.035362 0.020134 0.028756 0.032829 0.086129 0.031029 0.055020 0.112053 0.274391 0.036231 0.081821 0.059975 0.044670 0.033623 0.592750 1.618321 0.472907 0.115975 0.069450 0.076095 0.172294 0.136421 0.096426 0.057183 0.022759 0.033790 0.732122 0.802451 0.111908 0.140359 0.109114 0.941920 0.817584 0.021020 0.033638 0.019082 0.026313 0.022513 0.018440 0.173405 0.171236 0.077831 0.180368 0.309228 0.926808 2.024647 1.952380 1.978653 1.963360 1.942430 2.857152
-9999.000000 -9999.000000 -9999.000000 -9999.000000 -9999.000000 0.044166 0.079962 0.067239 0.027795 0.017372 0.017372 0.019798 0.048713 0.068016 0.044625 0.062950 0.076318 0.082984 0.058648 0.042840 0.023781 0.049065 0.593070 1.646263 0.513976 0.119947 0.092797 0.107598 0.235620 0.185097 0.119912 0.027047 0.031165 0.040856 0.624904 0.083109 0.129967 0.148156 0.125510 0.700748 0.701598 0.890558 0.916618 0.105965 0.018959 0.129555 0.090866 0.183098 0.163599 0.028891 0.056946 0.369257 0.720693 1.699460 0.684760 0.717989 0.725720 0.786231 1.775917
