use_cases/Flooding_chicago/flooding_data/output/h_2280.asc
ncols 337
nrows 393
xllcorner 428428.000000
yllcorner 4602440.000000
cellsize 26.757400
NODATA_value -9999.000000
[rows 243 to 269 of 393, columns 59 to 117 of 337]
0.560663 1.656986 2.662644 3.654018 3.660159 2.650506 0.642657 0.032231 0.032950 0.693455 1.697300 1.698761 1.700696 1.697677 1.694835 1.692758 3.709901 5.708341 6.700902 6.703175 6.698977 5.705870 5.702296 5.696066 4.699967 5.707677 5.659765 3.707026 2.697380 1.728327 1.737195 2.771590 2.751284 1.768256 1.779533 3.779667 4.748598 3.703489 3.734222 1.668622 0.059790 0.026835 0.528357 1.500841 2.519835 3.513577 3.510155 2.488896 0.531943 1.553018 3.555351 4.550024 4.553219 4.540629 2.546020 2.541764 1.561019 1.554062 0.440832
1.657098 2.664630 3.669163 4.663293 4.661217 3.652798 1.655297 0.682130 0.681527 2.694474 2.685393 2.684140 1.696989 1.694310 1.691313 2.696677 5.704319 6.698624 6.693861 5.702811 5.696660 4.700604 4.699964 4.699218 4.691993 3.699943 3.696958 3.693361 2.683507 0.723598 1.771146 2.783002 2.783780 2.847276 2.885580 4.785751 3.686786 3.651291 1.593657 0.619520 0.045964 0.022455 0.018185 0.485813 1.516619 2.520165 2.517852 1.510803 0.032496 0.538024 2.553958 3.548076 2.543872 1.547990 1.543683 1.575145 1.540624 0.443168 0.030632
1.679661 3.669362 4.674344 5.663761 4.669617 3.662869 2.632944 1.695096 1.694714 3.702556 3.688517 2.684011 1.697587 1.694690 2.696456 3.695708 6.708016 6.701272 6.691827 5.700457 4.697796 4.698780 3.700187 3.694520 2.696790 2.698456 2.693532 2.711355 2.706935 1.685738 1.711597 2.722047 2.696915 2.697046 2.680293 3.592380 2.558732 1.456774 0.807275 0.846955 1.024581 0.261516 0.338266 0.430209 0.462051 1.506840 1.503334 0.485063 0.032199 0.039085 1.542014 2.551911 2.547192 1.534709 0.564009 0.572040 1.555945 0.424109 0.033592
2.649874 4.664947 5.665848 4.663047 4.666232 3.656047 1.654838 1.686400 2.701609 2.693918 2.680066 1.693142 1.694931 1.692549 2.697608 4.701395 5.703335 5.699593 5.695269 5.696809 4.696496 3.690140 1.699694 1.696210 2.695229 1.692867 1.688132 2.717808 2.704214 1.682854 1.697612 1.651222 1.562476 1.553089 1.786658 2.819843 1.799032 0.721436 0.785967 0.837873 1.093736 1.182787 0.338181 0.418836 0.450670 1.488258 0.486614 0.480602 0.025093 0.028691 0.518805 1.520823 2.530207 3.518012 0.555250 0.559702 1.539734 0.495585 0.509341
2.664960 4.656237 4.663760 3.658809 3.665044 2.640291 0.671862 1.701532 1.697015 1.690896 1.692708 2.696334 1.694243 2.696948 3.689369 3.692216 4.700211 4.698215 4.693675 4.683848 3.693481 2.698096 1.699090 1.694428 1.691395 0.704730 0.676527 2.708800 2.707336 1.696328 1.673653 0.768428 0.866916 0.913554 1.938210 2.888601 1.802017 0.199469 0.192174 0.225206 1.295293 3.384876 2.244949 0.430495 0.453957 1.501591 0.488814 0.488933 1.499804 1.488836 2.486523 3.494065 4.516109 4.496253 2.505227 1.504363 1.519780 1.481473 0.506063
1.658355 3.663025 3.666737 1.659674 1.661323 0.667055 0.668031 1.702136 1.697244 1.688990 2.700527 3.700531 3.702657 3.693675 3.692031 3.692644 3.695450 3.695743 3.690490 2.707381 3.698607 2.699219 1.696977 1.692900 0.683656 0.676773 0.068815 0.660179 2.691326 1.655903 0.659739 0.687758 0.931456 1.015618 2.040354 2.761815 1.938510 1.213023 0.263375 0.296230 1.337708 4.396181 3.319547 2.370937 1.250930 0.479801 0.485492 0.490738 2.520056 2.500888 3.520909 3.516650 4.533028 4.519921 3.521538 2.531357 2.513346 1.488570 0.426090
1.648368 3.662510 2.666126 0.669308 0.670419 0.665701 0.667501 1.698044 1.698018 2.695084 3.698104 4.697736 4.696419 4.688698 3.691355 3.691709 3.693745 3.690741 2.688213 2.705584 2.698179 2.697229 2.697830 1.689902 0.654519 0.073280 0.102943 0.088550 1.494249 0.580547 0.142763 0.160403 1.186682 2.311896 3.282960 2.151693 2.175801 2.271461 1.328922 1.350299 1.323488 4.386299 3.288579 2.378416 2.329660 1.454673 1.459533 2.508426 2.497445 2.494356 2.510383 2.506106 3.522053 2.510950 3.523660 4.527529 3.505429 1.464965 0.116156
1.647438 2.663619 2.669163 0.668001 0.667491 0.662404 0.663210 0.663741 1.691827 1.688482 3.699077 4.691254 4.691753 4.687810 3.693222 3.693528 3.692740 4.693951 3.666237 2.703292 1.697199 1.702921 1.683320 1.659632 0.066769 0.020569 0.146248 0.142719 1.034987 0.160837 0.198374 0.222989 1.235179 2.265688 3.230175 2.207225 2.228263 2.284616 2.266814 1.327808 1.328101 2.366632 2.308069 1.373612 1.371208 2.494955 2.472429 2.486406 2.488446 2.470996 1.489376 1.476189 0.401123 0.029320 2.528354 3.529329 2.526741 0.427123 0.088824
0.632563 1.660006 2.658414 1.662056 0.659769 0.658796 0.034514 0.041523 0.601547 0.647911 1.685561 3.685857 3.684243 3.680234 2.688706 2.688509 3.692787 4.692863 4.671866 3.700522 2.694999 1.683944 0.487699 0.053722 0.034629 0.032341 0.193152 1.254168 2.217175 1.265028 1.271563 1.293538 1.262685 2.283802 3.252915 3.235826 2.257637 2.276790 1.315485 1.322235 1.316741 1.302932 1.280020 0.343413 0.375912 1.492812 1.490109 2.514281 2.505109 2.493193 1.492388 0.406255 0.025703 0.017372 0.377551 0.363506 0.372480 0.034035 0.022591
0.058747 0.645979 1.648129 1.653477 0.649286 0.043126 0.056908 0.059686 0.050429 0.060491 0.668508 1.682838 2.689097 2.692502 2.693164 2.692944 2.692529 3.692497 3.681762 2.708264 1.700344 0.612612 0.027244 0.031151 0.061569 0.034981 0.212015 1.251087 2.142211 2.198577 1.251548 1.258808 1.272545 2.296195 3.272190 2.283614 2.302329 3.390694 3.395077 2.374050 1.332322 0.369748 0.357426 0.022591 0.022771 0.503263 1.511703 2.515586 2.511290 2.504276 1.504234 0.415875 0.025703 0.017372 0.046181 0.017372 0.046898 0.054191 0.022591
0.048786 0.653130 0.665167 0.666176 0.668121 0.046183 0.063115 0.065955 0.014396 0.057889 1.669421 2.683538 2.683621 2.685461 2.692297 3.679446 3.688726 3.699026 2.683835 2.687074 1.686386 0.044502 0.020180 0.032234 0.063494 0.172393 1.243498 1.248452 1.194582 1.250588 1.244898 1.229975 2.394817 3.392642 3.326616 3.377377 2.330492 3.363051 3.361119 2.355219 2.332388 0.373086 0.357472 0.022591 0.022592 0.497364 2.514276 2.509868 2.509441 2.507294 2.510454 0.479528 0.039127 0.046820 0.036843 0.017372 0.041130 0.033791 0.221064
0.688876 0.672043 0.669898 0.669207 0.661189 0.675702 0.667876 0.658670 0.028584 1.661116 3.690640 2.675673 1.690121 1.665952 3.655351 4.672534 3.685472 2.674805 1.639968 1.543663 0.456943 0.047083 0.017372 0.048866 0.073151 0.158958 1.221426 1.239540 0.160912 0.181213 0.210186 0.261303 2.362797 3.363147 3.341867 3.359037 3.393541 3.371805 3.369186 2.356159 1.317291 0.407072 0.410174 1.477466 1.462273 1.476075 2.515922 2.503571 2.503851 2.502946 2.507011 2.515826 1.508238 0.454085 0.026848 0.028328 0.064924 0.607301 0.128060
1.712712 1.723328 0.677003 0.675632 1.656765 1.688441 1.687616 1.667887 1.672195 3.699274 2.696222 1.681376 1.703042 0.679712 2.659075 3.664746 2.656099 0.052546 0.045221 0.045953 0.070489 0.050895 0.017372 0.041419 0.051429 0.048545 0.172516 0.033577 0.027794 0.027794 0.034217 0.263386 2.371658 3.372983 3.359963 3.373189 3.376789 3.381684 3.375504 2.355664 1.397099 2.453220 1.435779 1.459678 1.458207 1.468995 2.510854 2.499270 2.497235 2.493740 2.501004 2.495395 1.493938 0.479428 0.041607 0.029850 1.556061 1.554199 0.549647
2.722016 1.698826 1.695693 1.690869 2.655872 2.696463 2.695103 3.659405 3.685537 3.697617 2.697119 1.679013 1.693566 0.650257 0.557910 0.054651 0.051760 0.034782 0.045433 0.028606 0.042320 0.076973 0.107628 0.077888 0.043129 0.041801 0.096747 0.021782 0.022591 0.022591 0.042071 0.301670 2.386781 4.427554 3.388652 3.398222 3.400748 4.440289 5.447434 4.417906 2.445685 2.452340 2.428021 1.464693 1.463414 1.469131 1.488307 1.498110 1.499606 1.501057 2.500115 2.497536 1.493310 0.014396 0.038338 0.504034 1.589681 1.602068 1.563966
2.715680 1.697116 2.655774 2.679621 2.665684 2.691893 2.686759 3.669992 4.686639 3.693927 2.649242 1.690349 1.688422 0.581071 0.125898 0.044424 0.038917 0.034239 0.032413 0.020775 0.033968 0.040966 0.093589 0.083092 0.045326 0.055305 0.039085 0.095046 0.022591 0.022591 0.041651 1.372487 2.400074 4.360840 3.395271 3.404308 4.429219 5.406743 6.409051 5.414576 4.386212 2.443310 2.422105 1.433501 0.423279 0.424877 0.406246 1.509907 1.506846 1.508837 1.508775 2.505739 1.491263 0.437169 0.026596 0.553742 0.562130 1.576334 1.559602
2.712174 2.727659 0.599523 2.653767 2.652690 2.660797 1.659460 2.652893 4.673502 2.662117 0.485826 1.628264 1.532800 0.473797 0.164539 0.057106 0.049126 0.030922 0.018089 0.021660 0.030205 0.034935 0.042030 0.047386 0.064995 0.046333 0.039712 0.550640 0.049218 0.023583 0.035850 1.340866 2.375891 3.270478 3.337772 3.357625 4.383605 4.402653 5.381145 5.354967 3.344396 2.437074 2.404371 1.422680 0.385364 0.025306 0.034476 0.539202 1.542121 2.545005 2.532087 2.513549 2.553726 2.564686 2.556405 2.564392 2.561412 2.546900 1.525667
2.699722 2.705062 0.033896 0.499097 1.592497 0.534413 0.534013 1.622716 3.637138 0.432145 0.029677 0.027014 0.210753 0.250328 0.218146 0.035394 0.037765 0.026970 0.033593 0.021660 0.018089 0.025505 0.029671 0.075036 0.149574 0.128030 0.145909 0.566728 0.593827 0.020347 0.392396 2.400006 2.416691 2.417625 2.406193 2.420850 3.376840 4.385987 3.413629 3.394453 2.444763 2.429518 1.453920 1.431889 0.363004 0.025393 0.014396 0.531242 1.521403 1.515893 1.504882 1.485728 2.549731 3.581002 3.564317 3.561895 3.551282 2.553477 1.509292
0.611827 0.604212 0.048928 0.050798 0.085173 0.167141 0.089724 0.360882 1.261700 0.045646 0.036342 0.025996 0.028511 0.435556 0.392508 0.042427 0.027260 0.019173 0.110466 0.036308 0.025414 0.023826 0.035011 0.039702 0.126442 0.117500 0.123239 0.542904 0.571557 1.450639 1.478408 2.387391 3.473427 3.465722 2.422142 2.433044 2.401541 2.399696 2.402544 2.393321 2.447896 2.450275 2.455655 1.459390 1.464127 0.430390 0.023542 0.524143 1.520099 0.525649 0.029410 0.557967 1.573023 3.587464 3.569541 2.575714 3.572697 2.565473 1.519758
0.114405 0.127831 0.091685 0.068627 0.083995 0.216820 0.066796 0.086329 0.083254 0.045632 0.028872 0.017967 0.027702 0.397310 0.404424 0.031716 0.032525 0.056983 0.085441 0.052788 0.045265 0.031502 0.032310 0.032235 0.041066 0.068963 0.070807 0.544032 0.574896 0.521408 1.387355 2.409518 3.450952 2.434765 2.379967 2.414216 1.403993 1.446023 1.450238 1.442312 2.481670 2.462314 2.464880 2.472109 1.465104 1.460279 0.441334 1.534926 1.510927 0.516240 0.032429 0.557327 1.569327 3.579527 3.568413 2.571580 2.570515 2.563423 0.598735
0.178404 0.192696 0.114142 0.120750 0.170908 0.162318 0.084040 0.079951 0.082473 0.053662 0.017967 0.021035 0.034523 0.555425 0.564772 0.030128 0.046973 0.061440 0.038934 0.067023 0.043358 0.070396 0.025078 0.032340 0.030343 0.042016 0.444899 1.630975 0.601966 0.568626 1.402636 3.454090 3.492251 2.466143 1.301779 1.346424 0.382091 1.440203 1.449886 1.443788 2.489115 2.465111 2.465709 2.446598 1.477070 1.480331 2.544303 2.510221 1.486811 0.530276 0.537041 0.547482 1.568121 3.576990 3.567486 3.565221 2.566926 2.556993 0.598671
0.231040 0.180811 0.056756 0.110007 0.152657 0.156265 0.087035 0.140328 0.066904 0.109095 0.150395 0.147892 0.686915 1.728264 1.746045 0.700277 0.149177 0.186612 0.188166 0.138045 0.162300 0.182097 0.122875 0.080421 0.041451 0.061732 1.532853 2.589372 1.575928 2.577967 2.555831 3.428433 3.464581 3.525269 0.486743 0.484997 0.018242 0.415710 1.452833 1.449739 2.476673 2.448698 2.445901 2.478377 2.520317 2.517394 2.533457 2.525321 2.510779 1.547878 1.542775 1.550302 1.557858 2.580724 2.565829 2.564842 2.555853 1.570311 1.560480
0.242950 0.037436 0.029656 0.027243 0.039437 0.256162 0.126765 0.174019 0.073586 0.122284 0.151096 0.144254 0.652682 1.667284 1.674739 0.640260 0.174333 0.181949 0.146956 0.110687 0.139784 0.115122 0.146602 0.098902 0.055692 0.419351 3.567355 2.587925 2.579266 2.560203 2.474433 2.373239 2.356572 2.383739 0.480049 0.476076 0.022440 0.025557 0.344256 1.430442 1.408005 1.457370 1.468539 2.513382 3.530763 2.512007 2.524968 2.510330 2.489638 1.532718 1.509617 0.553464 1.559009 1.561417 1.544037 0.553194 0.554500 0.557181 0.594261
0.185037 0.030663 0.028389 0.021599 0.037177 0.098750 0.167348 0.154718 0.030586 0.040978 0.136693 0.133023 0.617792 0.616395 0.545673 0.137077 0.167403 0.034844 0.022316 0.032677 0.032707 0.130976 0.200876 0.171733 0.501067 1.632546 3.456699 3.617254 2.591964 2.602777 1.576068 1.551665 1.546881 0.480249 0.495688 0.551823 0.635879 0.035095 0.036950 0.031449 0.520982 1.439304 1.456384 2.492177 3.513059 3.481023 1.544684 1.536745 1.533821 1.515099 0.564178 0.572538 0.581898 0.574882 0.045876 0.058652 0.062293 0.061360 0.650961
0.226450 0.032143 0.032555 0.035620 0.035363 0.045827 0.149117 0.048683 0.022363 0.079308 0.047798 0.160087 0.167485 0.273511 0.214623 0.092740 0.087130 0.030601 0.024453 0.014396 0.027672 0.029533 0.190978 0.548571 1.605364 1.630007 1.616108 4.645673 4.625705 3.657480 2.666582 1.586900 1.571634 0.025148 0.026093 0.564329 0.617172 0.041481 0.017372 0.017372 0.532352 0.526656 0.518609 1.448143 2.497778 2.441712 1.544384 1.543669 1.549575 1.556860 1.614911 1.621512 1.608388 0.573933 0.057373 0.061847 0.062253 0.047612 0.638732
0.255303 0.280706 0.072624 0.045785 0.059715 0.037529 0.063749 0.071052 0.039040 0.046456 0.038550 0.054009 0.038080 0.437615 0.104138 0.165616 0.144068 0.036873 0.024467 0.029671 0.019722 0.026619 0.301222 0.293605 0.553259 0.029106 0.494413 4.625294 4.598485 3.578058 2.640617 2.665369 2.648746 0.631099 0.036846 0.025830 0.710579 0.032238 0.048075 0.043573 0.549598 0.552306 0.520319 0.549068 1.539126 1.551725 1.569506 2.606107 2.594115 2.593590 2.628390 3.655632 3.631052 1.621039 0.627588 0.620662 0.635557 0.621367 0.623876
0.124396 0.141031 0.085629 0.055274 0.081246 0.028755 0.032448 0.029945 0.020012 0.070915 0.065042 0.041557 0.058373 0.471974 0.154500 0.214228 0.191776 0.030189 0.024239 0.040246 0.032692 0.257049 0.448160 0.437318 0.030967 0.033073 0.061897 2.587332 3.590117 2.630154 2.635643 2.595005 2.611077 1.588223 0.030030 0.024539 0.767801 0.781269 0.024862 0.619938 0.602925 0.577921 0.041831 0.553566 0.558114 1.588213 2.616834 2.585301 2.586697 2.582536 3.641236 3.624213 3.587608 1.623787 1.645741 1.638356 1.655216 1.629940 0.613240
0.040414 0.123680 0.059104 0.056572 0.029030 0.041222 0.033942 0.026604 0.064659 0.071731 0.022591 0.022591 0.036950 0.136063 0.221764 1.284850 1.275352 0.231216 0.020546 0.070991 0.096139 0.322367 0.255672 0.153870 0.032417 0.034695 0.053169 0.048848 0.528444 2.672510 2.659545 1.667869 2.662510 1.587639 0.763861 0.814703 0.761018 0.743388 0.689845 0.666200 0.633594 0.071231 0.094978 0.078049 0.566892 1.570624 2.581771 2.573551 2.573414 2.567790 3.617861 3.590835 2.602314 1.628059 1.643017 1.637206 1.650557 1.621601 0.653688
