use_cases/Flooding_chicago/flooding_data/output/h_2280.asc
ncols 337
nrows 393
xllcorner 428428.000000
yllcorner 4602440.000000
cellsize 26.757400
NODATA_value -9999.000000
[rows 81 to 107 of 393, columns 177 to 235 of 337]
0.059238 0.061256 0.579007 1.675097 1.644035 0.423469 0.033562 0.026069 0.027000 0.036811 0.063851 0.043862 0.038461 0.043572 0.055777 0.087288 0.088845 0.029089 0.026344 0.049133 0.081046 0.116844 0.063595 0.055505 0.042687 0.033224 0.042303 0.088124 0.476128 2.575604 3.673297 2.653445 2.683512 1.634336 0.532254 0.470429 0.343656 1.033000 2.047917 3.089016 3.076366 2.080867 2.099005 2.080353 2.091483 3.042897 5.047544 5.057178 5.062447 4.041800 3.036311 4.021028 5.026853 5.037341 6.031211 6.031701 5.045951 4.042917 5.043190
0.048959 0.035713 0.060273 1.684869 2.678075 0.433779 0.050209 0.034599 0.014396 0.020973 0.025504 0.040871 0.037621 0.036674 0.060080 0.103661 0.031852 0.019799 0.034401 0.042991 0.046022 0.074989 0.087760 0.045601 0.025723 0.030638 0.039237 0.107423 0.386872 0.528858 2.548732 2.657799 2.662195 1.627677 0.556975 0.497532 0.374684 0.353690 0.787157 0.866682 1.005733 2.076092 2.082067 2.073239 2.067189 3.059155 5.059537 6.049876 5.053599 4.018225 3.046967 3.048626 4.026395 5.029884 5.041061 5.030427 4.037002 4.047873 4.055439
0.033668 0.054003 0.084634 1.628366 2.634959 0.378846 0.054268 0.037102 0.027336 0.043801 0.028221 0.032661 0.050636 0.036918 0.070489 0.056648 0.028099 0.017372 0.033186 0.056206 0.040107 0.040048 0.055687 0.061653 0.014396 0.051528 0.025712 0.162140 0.588665 0.435906 0.523015 2.577021 1.679253 0.614326 0.577560 0.530412 0.438812 0.217130 0.110611 0.051933 0.064812 1.008856 1.949752 2.003036 0.926347 4.041630 5.012049 6.024537 5.015978 4.014773 2.029301 2.029921 2.024336 3.008105 4.042242 5.028154 4.048615 3.045352 2.038254
0.040413 0.078682 0.085656 0.534820 0.399175 0.036293 0.033469 0.045036 0.076107 0.147910 0.086235 0.072991 0.113071 0.097771 0.080131 0.031089 0.036828 0.017372 0.054497 0.041192 0.028632 0.030663 0.026833 0.022454 0.064675 0.059887 0.434292 1.258392 1.066781 0.595365 0.389540 1.488482 0.637174 0.625068 0.609207 1.605357 0.477225 0.038704 0.021461 0.035190 0.031421 0.191639 0.217849 0.136522 0.032906 0.068965 1.648204 2.650387 1.671820 1.812028 0.783369 0.053989 0.029158 0.058391 0.998499 3.024576 2.030310 1.010714 0.988814
0.044609 0.056772 0.123985 0.092904 0.066856 0.026222 0.029732 0.069557 0.089500 0.133339 0.161018 0.150401 0.108346 0.262184 0.042030 0.033639 0.029030 0.038918 0.050453 0.046165 0.029533 0.030969 0.036828 0.390719 1.562322 2.584111 2.583729 2.549094 1.429209 0.295753 0.125350 0.172289 0.569863 0.580531 1.508839 1.539552 0.341181 0.039329 0.022774 0.018303 0.020088 0.367103 0.276326 0.034172 0.045586 0.023841 0.035546 0.051307 0.046986 0.042106 0.150899 0.039368 0.052617 0.025554 0.040279 0.863219 0.895899 0.038110 0.048688
0.043327 0.101311 0.109491 0.078132 0.029976 0.017372 0.047981 0.105477 0.065207 0.050849 0.046181 0.179725 0.222968 0.195701 0.118584 0.097878 0.035423 0.054053 0.030892 0.029609 0.056266 0.055932 0.387954 2.586454 4.623929 4.629606 5.619146 4.616621 2.587768 0.357409 0.375896 0.243833 0.462381 0.045397 0.066218 0.073052 0.047202 0.039071 0.026893 0.032449 0.595893 0.500267 0.035211 0.032295 0.030311 0.035226 0.031395 0.040656 0.037804 0.046793 0.117796 0.036507 0.035270 0.100667 0.745232 0.813811 0.823674 0.791912 0.037673
0.039192 0.027259 0.156059 0.027489 0.021842 0.017372 0.076912 0.071694 0.024254 0.023171 0.030831 0.127907 0.141778 0.289437 0.162911 0.103676 0.071388 0.076431 0.033386 0.039833 0.034096 0.038445 0.039743 2.559147 4.592917 5.590429 6.585914 5.583660 3.598812 0.474669 0.028801 0.065818 0.062936 0.033965 0.045173 0.039284 0.050973 0.079812 0.078850 0.635079 0.629477 0.595406 0.041602 0.036980 0.025703 0.017372 0.028938 0.027596 0.034340 0.038444 0.065346 0.051734 0.061257 0.102905 0.744491 0.793792 1.737473 2.770399 1.777715
0.044182 0.024911 0.027351 0.039666 0.062293 0.045540 0.075095 0.090919 0.029518 0.023994 0.021858 0.089852 0.293678 0.231591 0.237820 0.153632 0.111538 0.111738 0.040412 0.035651 0.032876 0.045723 0.048499 3.561347 4.598866 4.608259 5.582675 5.580976 3.580788 0.434179 0.040791 0.045540 0.051230 0.025697 0.026797 0.038352 0.062491 0.054008 0.092889 0.083487 0.591529 0.630134 0.512172 0.030572 0.025703 0.017372 0.028938 0.027580 0.045231 0.053673 0.054436 0.032540 0.033807 0.042473 0.036630 0.718994 1.782607 2.788942 2.796023
0.039863 0.032967 0.046059 0.059852 0.069325 0.045753 0.054894 0.023994 0.029518 0.047753 0.056304 0.049453 0.042244 0.111226 0.521429 0.512994 0.510051 2.607930 1.554536 0.464518 0.478360 1.621287 1.623218 3.524812 4.595690 4.593739 4.574126 3.569375 2.549087 0.354243 0.062660 0.038261 0.037377 0.021751 0.032432 0.042854 0.038583 0.072045 0.048607 0.044288 0.105080 0.591872 0.524897 0.045075 0.036705 0.021919 0.037918 0.070442 0.055946 0.062451 0.044456 0.058116 0.039680 0.061616 0.041090 0.696078 1.783296 1.805774 2.779631
0.093011 0.039039 0.061973 0.082070 0.067239 0.045890 0.034966 0.023170 0.024254 0.033059 0.037880 0.049201 0.041939 0.479554 2.650080 2.675780 1.673599 2.651382 2.681499 2.667895 1.644332 1.631139 2.613486 2.610853 4.591010 3.590378 2.616629 1.575721 0.416564 0.060599 0.051750 0.056785 0.038384 0.023735 0.025185 0.030526 0.033043 0.037820 0.053367 0.055657 0.100562 0.098719 0.537727 0.075676 0.032920 0.019845 0.047432 0.047387 0.036063 0.040840 0.053764 0.095864 0.079170 0.077193 0.644008 1.754592 2.775457 2.793396 2.787007
0.411467 1.285884 1.330699 0.305689 0.056412 0.050530 0.037513 0.027322 0.027687 0.036858 0.042823 0.035410 0.059997 2.650814 3.687091 3.685590 3.691767 2.672175 2.699498 2.698333 1.670704 1.649661 1.650214 2.599252 3.588631 2.640904 2.619146 0.511374 0.052385 0.043282 0.034630 0.038200 0.029045 0.025246 0.017372 0.017372 0.019799 0.042625 0.059365 0.052009 0.188409 0.113822 0.117180 1.124870 0.103797 0.032219 0.040565 0.068703 0.053229 0.040092 0.063372 0.070793 0.050010 0.073143 0.642553 1.760235 2.779683 2.786377 2.781329
3.633218 3.594170 2.606540 1.559197 0.106008 0.050656 0.044114 0.023612 0.038022 0.038840 0.046531 0.059349 0.525663 2.646300 3.689807 4.686411 4.700491 3.696018 3.713210 2.691592 2.679893 2.675142 2.678246 2.645776 2.648801 2.660238 1.614484 0.066473 0.046196 0.057365 0.031441 0.026023 0.030358 0.037728 0.025703 0.025703 0.068352 0.046395 0.072563 0.231552 0.301001 0.030526 0.027627 1.127069 0.093223 0.049415 0.056130 0.076375 0.049493 0.248203 0.166938 0.154028 0.145565 0.092851 0.123540 0.648376 2.775651 1.807384 1.801979
4.636824 4.623788 3.613844 1.588193 0.014396 0.055892 0.047384 0.227264 0.142917 0.720612 0.772555 0.577114 0.671376 2.610691 3.680679 4.692102 4.703455 4.707829 3.712543 4.687189 4.694636 4.696563 4.704019 4.714431 3.703066 2.693182 0.592212 0.083254 0.047371 0.068827 0.048760 0.049293 0.042281 0.045112 0.029046 0.029046 0.023833 0.052498 0.044876 0.058682 0.054695 0.053289 0.037880 0.062951 0.097404 0.065602 0.062857 1.504524 1.530256 0.350358 1.136529 1.175832 0.153882 0.103608 0.208747 0.250336 0.727213 1.764028 1.803543
4.637409 4.658595 3.628089 1.614521 0.041840 0.299489 1.323281 1.365783 1.224468 1.025694 0.913358 0.592284 1.515998 2.597723 2.690842 2.696213 3.686466 3.698924 3.709738 4.678308 6.660683 7.689143 6.693985 6.704037 3.671112 2.668383 1.643174 0.116622 0.140979 0.045890 0.061088 0.045351 0.048011 0.095909 0.057766 0.082344 0.062812 0.070457 0.061424 0.069909 0.082814 0.133248 0.138130 0.179968 0.150157 0.508823 0.541966 1.520731 1.554308 0.364352 1.163684 1.207353 0.159689 0.119711 0.071285 0.331005 0.720717 0.755902 1.761361
3.677161 2.644629 2.647738 1.574052 1.591278 2.450985 2.494708 2.473064 1.230438 1.067116 0.940500 1.157674 0.934767 1.527483 1.695572 2.665926 3.694935 3.717365 3.719297 4.685249 6.679666 7.692584 7.721912 4.707191 2.678271 1.691831 0.643380 0.107283 0.127610 0.100417 0.812540 0.081857 0.092493 0.110550 0.076927 0.091962 0.064538 0.063361 0.076256 0.049277 0.047889 0.114813 0.128684 0.170709 0.131988 0.513544 0.556354 1.547790 0.484080 0.317759 1.146665 1.180944 0.125243 0.095109 0.604690 0.545271 0.438490 0.414254 0.330746
2.666886 1.617315 1.593240 2.522489 2.584447 2.460272 2.498079 1.318941 1.205293 1.089707 1.170531 0.114278 0.061965 0.595589 1.630117 2.680894 4.702714 4.696468 2.696890 3.681272 4.687864 5.686810 6.689482 3.675285 1.683186 1.670822 0.577388 0.067647 0.019309 0.115008 0.918267 0.107460 0.075583 0.071236 0.028618 0.023384 0.018440 0.035958 0.052376 0.040779 0.036476 0.041985 0.037856 0.040428 0.098004 0.506336 0.548334 1.544961 0.443239 1.083729 1.117862 1.032497 1.751277 1.792318 2.795271 1.805116 0.633531 0.537976 0.464375
2.650500 1.629450 1.613192 2.549197 2.623021 1.449153 1.506868 0.347599 0.222399 0.924881 1.028974 0.058000 0.039424 0.262737 1.579682 3.678049 4.698126 4.697065 2.706680 1.694347 2.682552 3.683057 3.689193 2.687923 2.687208 2.688360 1.672304 0.047641 0.027366 0.023506 0.900477 0.068733 0.050331 0.051780 0.030906 0.014396 0.027290 0.039116 0.077492 0.070835 0.038522 0.056372 0.048377 0.053246 0.048284 0.434317 1.564605 1.605735 0.460276 1.041871 1.074483 1.831928 1.823925 2.761670 2.840856 1.751940 1.789294 0.601507 0.520377
2.657832 2.639735 2.631386 2.594607 2.652051 0.558660 0.460648 0.033943 0.131748 0.827747 0.901071 1.838656 0.695597 0.500173 1.522101 3.670316 4.717807 3.733308 2.735085 1.708719 2.691186 2.698399 2.703676 2.697944 3.696043 4.700557 3.694664 0.634655 0.023566 0.022942 0.885264 0.082677 0.040749 0.034996 0.024895 0.025184 0.036782 0.054574 0.078269 0.066857 0.046271 0.060249 0.042458 0.042504 0.049224 1.532322 2.581525 2.629389 1.613098 0.388847 0.332594 0.185254 0.668388 0.667034 1.708563 1.719011 0.650517 0.593673 0.517547
2.679223 1.624919 1.620453 1.591087 1.630871 0.572474 0.058320 0.059678 0.037629 0.833225 1.823038 1.862560 0.664791 0.495587 0.650082 3.670120 4.702536 3.708648 2.700661 2.689109 2.689229 3.671974 3.692255 3.686008 4.670221 5.681815 3.686066 0.656027 0.068513 0.050000 1.846609 0.567244 0.057152 0.042076 0.027458 0.024788 0.040473 0.038444 0.129616 0.129506 0.082771 0.056740 0.052391 0.145420 0.509901 1.311278 2.498471 2.574607 1.568034 0.430276 0.416717 0.032662 0.081085 0.065332 0.560839 1.692509 0.651168 0.034826 0.030876
1.687589 0.637370 0.619576 0.577069 0.533806 0.047976 0.033439 0.038915 0.033912 0.061705 1.814708 0.839018 0.058390 0.036788 0.575225 2.681897 3.700671 2.697458 2.700590 2.693080 3.676434 4.683726 3.692903 4.681237 5.682938 4.689813 2.684844 0.662473 0.058876 0.036926 1.859829 0.674786 0.039744 0.026009 0.052025 0.047131 0.049843 0.038369 0.112573 0.110588 1.099733 0.052987 0.175676 1.156753 1.655025 0.432700 0.413565 0.383316 0.036842 0.036857 0.044579 0.046390 0.097329 0.062720 0.037422 0.670336 0.635784 0.030464 0.045976
1.667145 0.641148 0.631903 0.591941 0.059188 0.041416 0.041893 0.026116 0.026954 0.031609 0.130805 0.034386 0.019371 0.038353 0.035606 1.665303 2.679395 1.646793 0.704277 1.671997 3.677633 4.680303 4.691265 3.672105 2.681945 1.661820 1.668130 0.662789 0.044549 0.734167 0.746087 0.707778 0.049064 0.053937 0.050599 0.406142 0.286415 0.305201 0.366272 0.353423 0.045999 0.053366 0.253185 1.126792 0.480380 0.018487 0.043678 0.041771 0.019752 0.046882 0.032433 0.089592 0.077995 0.022591 0.022591 0.041924 0.479505 0.439804 0.045589
1.672559 1.671718 1.664818 0.541501 0.030693 0.027116 0.022103 0.017967 0.021035 0.021263 0.071509 0.030647 0.028131 0.019615 0.026894 0.051195 1.708890 0.741169 0.725562 1.676774 3.687115 4.689123 4.696568 1.696287 0.671689 0.069385 0.687097 1.720403 1.728941 0.719678 0.724563 0.685213 0.664637 0.628427 0.639397 0.580349 1.308398 2.458797 0.392518 0.341586 0.225299 0.227658 0.127919 0.618685 0.708334 0.023628 0.021969 0.017372 0.017372 0.020180 0.043892 0.033287 0.102257 0.022591 0.022591 0.031106 0.419878 0.429879 0.031937
1.676476 2.671488 1.667406 0.532116 0.033288 0.034920 0.050394 0.032522 0.017967 0.046822 0.064689 0.050620 0.071118 0.046329 0.029304 0.032549 1.720159 2.775991 1.736807 2.667943 3.690732 4.695037 4.708761 1.705963 0.681071 0.071484 0.684744 2.720443 2.737968 1.732305 1.706907 1.722010 0.674227 0.639596 0.640148 0.498172 1.304767 2.463083 1.419264 0.327833 0.218805 0.234251 0.132478 0.787048 1.940671 0.937170 0.030907 0.020134 0.045582 0.040016 0.036934 0.028008 0.075523 0.045417 0.040504 0.220862 0.336075 0.311167 0.154373
1.654099 1.655242 1.639906 0.493528 0.052109 0.040260 0.051277 0.031502 0.020378 0.051139 0.030525 0.043480 0.060476 0.066974 0.549996 1.720158 3.742215 4.764617 3.733610 3.699106 3.699969 3.697896 3.706591 3.717618 2.701618 2.720916 2.703482 2.713546 2.727750 1.705844 1.712730 1.721092 0.674705 0.620735 0.587703 0.020805 0.041571 0.290155 1.401808 0.305679 0.200394 0.194848 0.918191 1.912390 1.906309 0.935307 0.107912 0.058302 1.898180 0.914837 0.044724 0.664253 0.033683 0.041191 0.107415 1.791592 0.897393 0.879284 0.864644
0.033839 0.498772 0.488503 0.498533 0.481401 0.433571 0.384280 0.040875 0.038818 0.030251 0.025703 0.032402 0.087567 2.701615 4.759441 4.764907 4.762007 4.748653 4.741223 3.693208 3.695552 3.694949 3.708923 3.713767 4.696968 4.737325 4.716085 2.723239 1.720917 0.619406 1.694935 1.680548 1.646984 0.464526 0.031621 0.026543 0.025810 0.028344 0.216504 0.238617 0.142442 0.146992 0.886239 1.851119 0.872811 0.022591 0.022591 0.043391 1.884741 0.879246 0.745661 0.643760 0.389075 0.322807 0.217341 2.839428 2.012671 2.010091 1.990848
0.018424 0.037661 0.037872 0.469941 2.593967 2.610514 2.590842 1.555658 0.379550 0.068110 0.022850 0.035759 0.103417 2.566265 3.687368 3.704384 4.664641 4.662778 4.671752 3.673182 3.680201 3.673912 3.692783 3.696466 4.695125 4.717304 4.700618 2.685309 0.541305 0.056706 0.043273 0.383600 0.052937 0.051262 0.034499 0.018562 0.034034 0.028008 0.119374 0.135361 0.179678 0.102969 0.950318 0.947986 0.063047 0.022591 0.022591 0.273342 0.895180 1.052178 0.039263 0.023404 0.168763 0.164704 0.197041 2.872892 2.029573 0.999789 0.983751
0.023384 0.029514 0.025581 1.500113 2.534189 2.560116 1.510361 2.355191 2.470890 1.162074 0.920356 0.769507 1.082068 0.670506 0.503084 0.412726 1.186079 1.141613 1.265827 1.457177 2.667259 3.678861 3.667317 3.672009 3.670997 4.674601 3.666382 0.430452 0.043281 0.053505 0.034783 0.042473 0.049544 0.035868 0.030250 0.024010 0.028924 0.036461 0.082063 0.188240 0.163090 0.122348 1.969974 2.012555 0.935503 0.903495 0.744298 0.417070 0.890149 0.942851 0.800447 0.484696 0.374464 0.289523 0.841964 2.953181 2.019367 0.083667 0.087047
