use_cases/Flooding_chicago/flooding_data/output/h_2340.asc
ncols 337
nrows 393
xllcorner 428428.000000
yllcorner 4602440.000000
cellsize 26.757400
NODATA_value -9999.000000
[rows 135 to 161 of 393, columns 59 to 117 of 337]
-9999.000000 -9999.000000 -9999.000000 -9999.000000 -9999.000000 -9999.000000 -9999.000000 -9999.000000 -9999.000000 -9999.000000 -9999.000000 -9999.000000 -9999.000000 -9999.000000 -9999.000000 0.054513 0.069145 0.053307 0.084520 1.830557 1.875282 1.879387 0.957100 2.964090 1.937200 1.949596 1.936436 2.002975 2.033510 0.996497 0.058394 0.089906 0.070769 0.725154 0.751694 0.695586 0.027794 0.022590 0.022590 0.113152 0.029427 0.040596 0.033455 0.175620 0.178016 0.184948 1.190676 1.689105 1.190020 0.147086 0.097268 0.157569 0.091682 0.054451 0.062923 0.637020 0.610700 0.649322 0.492763
-9999.000000 -9999.000000 -9999.000000 -9999.000000 -9999.000000 -9999.000000 -9999.000000 -9999.000000 -9999.000000 -9999.000000 -9999.000000 -9999.000000 -9999.000000 -9999.000000 0.025702 0.100075 0.095237 0.073357 0.040687 0.080632 1.868286 0.959496 0.972953 1.949501 0.955419 0.966300 0.981177 2.031058 3.064816 2.038982 0.949428 0.084276 0.072539 0.042026 0.789741 0.208014 0.305401 0.035912 0.059300 0.068646 0.058510 0.058266 0.079367 0.139766 0.162345 0.181128 0.175441 1.175192 1.178128 0.146827 0.102393 0.052407 0.032799 0.028115 0.039040 0.032937 0.502945 0.022163 0.290095
-9999.000000 -9999.000000 -9999.000000 -9999.000000 -9999.000000 -9999.000000 -9999.000000 -9999.000000 -9999.000000 -9999.000000 -9999.000000 -9999.000000 -9999.000000 0.034982 0.050437 0.043907 0.040490 0.037636 0.032112 0.037041 0.820785 1.971650 1.966432 1.936280 0.955428 0.960980 0.985331 3.037213 3.034610 3.023952 0.953429 0.031106 0.035606 0.034370 0.221151 1.368728 0.345913 0.347464 1.369627 1.378720 0.285354 0.264737 0.255909 0.085487 0.128883 0.025841 0.025460 0.172173 0.171943 0.018028 0.064400 0.505240 0.492400 0.033912 0.029930 0.316322 0.312541 0.162399 0.175701
-9999.000000 -9999.000000 -9999.000000 -9999.000000 -9999.000000 -9999.000000 -9999.000000 -9999.000000 -9999.000000 -9999.000000 -9999.000000 0.044961 0.068916 0.048042 0.060158 0.054835 0.046882 0.017967 0.021034 0.053415 0.054444 0.866459 0.878501 0.928702 0.934295 0.927662 0.990032 2.046348 3.017357 3.011678 0.897044 0.027734 0.018028 0.028847 0.236027 1.362383 0.368454 0.389861 2.393517 2.389655 2.380769 2.374105 1.378687 0.277961 0.103374 0.033943 0.032677 0.156998 0.155815 0.021004 0.060066 1.547157 0.442103 0.039665 0.018028 0.030998 0.463871 0.440031 0.363841
-9999.000000 -9999.000000 -9999.000000 -9999.000000 -9999.000000 -9999.000000 -9999.000000 -9999.000000 -9999.000000 -9999.000000 -9999.000000 0.064461 0.040942 0.061653 0.061226 0.038933 0.121763 0.031792 0.017967 0.027855 0.021675 0.228946 0.278256 0.014396 0.110417 0.106140 1.024939 2.063361 2.070978 2.057984 0.048982 0.034462 0.021004 0.039116 0.033364 1.389098 1.388898 2.398309 2.397738 3.397200 3.390783 2.384465 0.319998 0.033103 0.027351 0.041116 0.034218 0.109581 0.107445 0.018028 0.048210 0.509606 0.471005 0.037238 0.021004 0.036690 0.040260 0.388664 0.292957
0.014396 -9999.000000 -9999.000000 -9999.000000 -9999.000000 -9999.000000 -9999.000000 -9999.000000 -9999.000000 -9999.000000 0.042412 0.037666 0.060661 0.067893 0.056206 0.125054 0.590040 0.061979 0.028176 0.024773 0.297984 0.282763 0.277922 0.256283 0.188474 0.167106 1.044610 2.084178 2.084352 2.051316 0.066097 0.027734 0.018028 0.031395 0.041283 1.375001 2.391479 2.396200 2.396565 3.391383 2.392653 1.390315 0.027322 0.038887 0.025673 0.033135 0.027152 0.803999 0.804272 0.035012 0.047737 0.033913 0.402138 0.028450 0.018028 0.028069 0.027167 0.026009 0.177645
0.028679 -9999.000000 -9999.000000 -9999.000000 -9999.000000 -9999.000000 -9999.000000 -9999.000000 0.014396 0.228627 0.057868 0.047952 0.067055 0.071877 0.066643 0.037636 0.623118 0.605456 0.027673 0.028587 1.358184 0.323101 0.300546 0.255062 1.148102 1.151041 1.054274 2.071627 2.102420 2.046990 1.070045 0.033577 0.046219 0.042361 0.030846 1.388175 2.392412 2.394338 2.394907 3.391275 2.390838 1.388946 0.024691 0.824610 0.821580 0.042319 0.039268 0.791686 0.798441 0.774274 0.037910 0.034935 0.313072 0.247551 0.027168 0.024635 0.028435 0.052163 0.725651
0.035622 0.022590 0.022590 0.050255 0.037010 0.067137 0.063744 0.050791 0.293130 0.198206 0.069771 0.050270 0.066368 0.071571 0.014396 0.039482 0.036018 0.576166 0.594922 0.495108 1.371324 0.339348 0.320836 0.259956 1.114987 0.126675 0.115993 1.049832 2.097490 2.024009 1.133298 1.207656 1.263419 1.310214 1.334289 1.352922 2.392844 2.385155 2.384062 2.383909 2.379817 1.375422 0.027122 0.807310 0.814648 0.820966 0.807276 0.809080 0.807361 0.799909 0.033882 0.032967 0.243523 0.192925 0.100015 0.052651 0.073006 0.556291 1.812894
0.029427 0.022590 0.022590 0.067681 0.056903 0.033791 0.096633 0.088248 0.048257 0.172919 0.036828 0.053917 0.049996 0.049537 0.039040 0.034509 0.050786 0.593566 1.763897 0.020378 0.260582 0.289816 1.327911 0.266179 0.187660 0.017372 0.035860 0.071017 1.000006 1.038196 1.104682 1.180485 1.237294 1.259984 1.294591 2.383472 2.353940 1.377688 1.377991 1.382650 1.334034 0.390277 0.039361 0.034141 0.815294 0.808955 0.820797 0.809950 0.806096 0.772966 0.025841 0.025566 0.157465 0.112891 0.531072 0.434647 0.666767 0.593582 1.739370
0.035301 0.050270 0.021782 0.064858 0.055443 0.033333 0.108691 0.114077 0.030266 0.038841 0.052109 0.045082 0.193386 0.174558 0.145523 0.021172 0.051293 0.620848 0.026115 0.017967 0.028872 0.255297 1.334623 0.028664 0.041038 0.017372 0.054781 0.037575 0.423265 0.230113 0.193084 0.194350 0.221271 0.327542 0.347513 1.300179 0.297620 0.368559 0.320974 1.384239 0.430889 0.420999 0.026176 0.036368 0.027977 0.073860 0.066332 0.048104 0.025307 0.554240 0.336134 0.821849 0.868618 0.802612 0.653546 0.500333 0.269970 0.186829 0.137279
0.086081 0.068245 0.073033 0.035759 0.033287 0.078543 0.076805 0.023308 0.042565 0.014396 0.056602 0.043831 0.187760 0.155002 0.125708 0.087603 0.057551 0.038098 0.026954 0.021034 0.017967 0.302297 0.255887 0.032674 0.014396 0.052249 0.048851 0.729453 0.677080 0.065733 0.036751 0.041464 0.164634 0.236112 0.235665 0.150430 0.126458 0.200523 0.108437 0.059059 0.439042 0.440521 0.025627 0.017372 0.017372 0.025504 0.099788 0.059620 0.648605 0.596417 0.359327 0.830781 0.872598 0.826338 0.787558 0.026422 0.027317 0.039456 0.031974
0.085975 0.888115 0.893124 0.044227 0.042396 0.846350 0.844276 0.057224 0.030388 0.039909 0.041893 0.036461 0.021630 0.085823 0.875454 0.898505 0.906445 0.897358 0.056072 0.033837 0.045906 0.028358 0.038336 0.904334 0.032173 0.764209 1.817285 1.815970 0.706937 0.040605 0.062737 0.075797 0.050393 0.383054 0.376581 0.027458 0.019172 0.363030 0.035821 0.036446 0.045071 0.503376 0.167466 0.028510 0.032768 0.025338 0.147954 0.681957 0.713939 0.020911 0.192692 0.899455 0.034860 0.028251 0.590356 0.017372 0.017372 0.020179 0.035591
0.083911 0.911076 0.950976 0.024116 1.904367 1.910344 0.874246 0.889152 0.897461 0.041560 0.058989 0.055468 0.037991 0.895396 0.891292 0.923185 0.898019 0.895764 0.860947 0.053623 0.028938 0.024956 0.050990 1.854940 1.893327 2.878377 2.881655 1.836404 0.049288 0.022636 0.018272 0.105736 0.078453 0.434746 0.472451 0.564329 0.533638 0.453778 0.058785 0.064007 0.046869 0.150976 0.239832 0.259560 0.295476 0.312604 0.219852 0.708951 0.032968 0.033333 0.152108 0.090586 0.067833 0.037452 0.475755 0.025704 0.025703 0.035942 0.030693
0.835826 1.915508 0.927794 0.919549 1.921971 0.920015 0.876031 0.906168 0.896410 1.898788 0.854657 0.848041 0.855503 0.889681 0.883261 0.036879 0.890049 1.912308 1.918155 0.867001 0.068232 0.056304 0.045703 2.901234 2.907945 2.883835 2.863042 0.686403 0.040314 0.024850 0.158073 0.137032 0.113578 0.075478 0.545097 1.620141 0.543095 0.066318 0.093814 0.032601 0.040856 0.031227 0.306447 1.374566 0.362653 0.345574 0.326271 0.018715 0.056373 0.040764 0.133130 0.095833 0.054055 0.187277 0.242302 0.153320 0.311370 1.488350 1.516275
1.904182 1.897183 0.921378 0.917632 1.921906 0.913834 0.022453 0.913801 0.908032 1.918641 1.916116 1.919472 1.918113 1.895493 0.048078 0.020760 0.899727 1.902004 2.904272 2.914634 1.893261 0.864275 0.894937 2.898852 2.901464 0.889879 0.837884 0.077560 0.025047 0.032615 0.161878 0.147575 0.126133 0.090858 0.530113 1.561173 0.045875 0.085732 0.113594 0.047370 0.058312 0.043358 0.336596 1.381924 0.367728 0.317570 0.323622 0.023613 0.057487 0.035164 0.107693 0.063872 0.154945 0.124724 0.301990 0.385183 1.418220 1.477909 1.495052
2.911582 1.908729 0.926828 0.921716 1.926516 1.924101 0.025750 0.036529 0.904169 1.922292 2.920392 1.929028 2.921010 1.885912 0.074888 0.032662 0.025944 1.909356 2.917263 3.919451 3.916638 2.915742 2.916060 2.901116 2.907642 0.894330 0.056323 0.068088 0.024620 0.014396 0.034828 0.032433 0.025306 0.080834 0.042915 0.696007 0.044197 0.082192 0.038093 0.064079 0.068810 0.049295 0.380044 0.392843 0.379850 0.027290 0.032845 0.030921 0.037987 0.099983 0.076241 0.162483 0.134362 0.089317 0.301251 0.163275 0.450752 0.380169 0.417504
3.921365 2.930062 2.937689 1.929547 2.928590 1.927355 0.918074 0.046013 0.036794 0.908256 2.923001 3.923354 2.925125 1.905699 0.031643 0.017372 0.029487 1.905122 2.921382 3.923388 3.921364 3.925149 1.916526 1.908597 1.901999 0.917501 0.934118 0.063132 0.063057 0.034268 0.026573 0.030724 0.024788 0.078453 0.042274 0.755656 0.724730 0.071022 0.046731 0.023827 0.025841 0.052269 0.338953 0.346028 0.043176 0.017372 0.035729 0.027291 0.158668 0.104760 0.183712 0.125545 0.084953 0.511662 0.014396 0.195802 0.167457 0.120095 0.014396
3.917574 4.928308 4.934197 2.923765 2.926730 1.925562 0.917503 0.914539 0.033256 0.907521 2.922988 3.924173 2.925856 1.903265 0.031911 0.017372 0.051728 1.902262 2.922853 3.923623 3.922448 3.928721 1.914340 1.906234 0.917799 0.915453 0.929793 0.946640 0.889889 0.061257 0.043967 0.077156 0.098641 0.074486 0.755608 0.709556 0.713264 0.087974 0.050377 0.025857 0.036736 0.027824 0.064460 0.061243 0.080665 0.017372 0.127663 0.097739 0.176842 0.109157 0.137505 0.514266 0.524362 1.473900 0.374643 0.288629 0.282587 0.014396 0.026619
3.914380 4.926314 4.929340 2.924124 1.925270 0.915325 0.921619 1.928508 1.914773 1.924691 1.926899 2.934177 2.918824 0.869732 0.048027 0.021630 0.907907 1.917123 1.919217 2.927045 3.921486 2.920673 0.921583 0.910161 0.917159 0.906699 0.933865 1.969156 1.953455 0.946383 0.946409 0.043266 0.024895 0.031044 0.027595 0.110522 0.142050 0.138466 0.053749 0.080498 0.027397 0.032952 0.065086 0.050027 0.036339 0.068809 0.130759 0.116432 0.060874 0.085731 0.100689 0.514595 0.525570 0.490285 0.357600 0.244576 0.239388 0.150619 0.352330
3.917406 4.929702 4.936662 1.932114 0.924442 0.031761 1.921369 1.926074 2.922816 1.919997 1.923753 1.922896 2.918732 1.928331 0.873425 0.041720 0.917069 1.917354 2.923972 2.926115 2.921130 1.928378 0.917351 0.904716 0.914108 0.019784 0.940438 0.911719 0.935240 1.979229 0.901228 0.062147 0.025444 0.032891 0.038719 0.028236 0.227302 0.024544 0.045616 0.062888 0.086906 0.037224 0.032646 0.020683 0.055275 0.033302 0.033486 0.083854 0.055611 0.066139 0.031441 0.124947 0.112038 0.072655 0.227690 0.704614 0.796758 0.773389 0.477584
3.919986 4.928088 4.940671 1.934262 0.927986 1.918563 1.922121 1.926532 2.921074 2.923243 2.924628 2.922551 2.922872 2.928423 1.920743 0.883871 1.922116 1.915264 2.923688 3.924283 2.921417 2.924524 0.915440 0.901981 0.911179 0.029680 0.050893 0.052687 0.042840 0.985092 0.963821 0.919269 0.092374 0.071398 0.027717 0.032250 0.265129 0.290885 0.277931 0.231406 0.054939 0.017372 0.034615 0.068459 0.055306 0.034371 0.036048 0.067910 0.100258 0.262198 0.283394 0.216789 0.182213 0.116951 0.197669 0.707845 1.907982 0.901839 0.052859
2.914011 3.923811 3.933662 1.926856 1.930938 2.926905 2.929664 2.928003 2.927394 2.924498 2.926645 2.926504 2.925675 2.925077 1.928390 1.929849 1.926385 1.920001 2.923248 2.926446 3.921545 2.926499 1.929218 0.899115 0.909580 0.862668 0.081986 0.031486 0.032219 1.002968 0.976178 0.935886 0.109475 0.074970 0.114000 0.033745 0.028664 0.293999 0.277064 0.221870 0.043038 0.017372 0.029931 0.047311 0.073678 0.142937 0.153678 0.096611 0.111823 0.263100 0.281396 0.235192 0.210229 0.132393 0.187479 0.770974 0.040047 0.052079 0.066367
1.906596 2.923928 1.922396 1.927819 3.931234 4.935317 2.926424 2.927928 2.927076 2.924461 2.927881 1.924424 1.924232 1.922217 2.917979 2.929226 1.923676 1.917872 2.923149 2.924831 3.923152 3.927790 1.922559 0.898191 0.913391 0.857758 0.105977 0.048103 0.050255 0.947415 0.932036 0.897777 0.106052 0.072167 0.113246 0.036613 0.040917 0.027473 0.242621 0.188577 0.038109 0.020179 0.065147 0.038979 0.054939 0.120261 0.136743 0.096137 0.138008 0.068199 0.265892 0.227821 0.237633 0.017967 0.026115 0.050484 0.065926 0.067448 0.066383
0.784768 1.938119 0.946735 1.920500 3.927197 4.936327 2.939779 0.931345 0.931542 2.920658 2.926490 1.922789 1.922687 1.920764 2.922854 4.929035 3.924085 2.922085 2.923392 4.931896 3.924712 3.927288 1.926956 0.895948 0.916888 0.853678 0.134896 0.067954 0.074287 0.126123 0.067704 0.900360 0.094896 0.053945 0.022056 0.038826 0.035149 0.026359 0.158837 0.133736 0.030418 0.043755 0.038093 0.066215 0.040412 0.094979 0.113883 0.014396 0.026436 0.056404 0.032525 0.150643 0.017967 0.021034 0.026954 0.057914 0.058799 1.062996 0.058830
0.804897 0.933261 0.945155 2.913787 3.931229 3.937100 2.938465 0.930752 0.931012 2.920219 2.924566 2.920494 2.922590 1.920656 2.923649 5.930273 4.924825 4.924125 4.924511 4.923541 3.925372 2.918580 1.922530 0.843617 0.047280 0.041237 0.074470 0.109536 1.138766 0.082985 0.044884 0.091307 0.109280 0.042915 0.050545 0.022118 0.048240 0.390251 0.420127 0.456290 0.066881 0.032388 0.047739 0.048699 0.466758 0.498742 0.067543 0.060932 0.033668 0.042123 0.039589 0.158122 0.121453 0.088478 0.075086 0.043445 0.851271 0.035760 0.034599
0.789284 0.928462 0.945216 2.909963 3.929331 3.936320 2.928687 2.929523 3.927982 3.927438 5.924732 5.924166 3.925848 2.923777 2.926330 5.929604 5.924945 5.925040 5.922273 3.926911 2.914781 1.929399 1.919369 0.821221 0.058759 0.018867 0.103417 1.137138 2.136987 0.108971 0.028068 0.026147 0.044166 0.032174 0.338323 0.029351 0.030067 0.388086 0.356073 0.027504 0.022423 0.025535 0.065605 0.361784 1.482626 1.507172 0.051414 0.048118 0.098244 0.096907 0.135094 0.814698 0.875648 0.872263 0.923237 0.943703 0.818400 0.728773 0.601702
0.748666 1.870015 1.909504 2.925066 3.929465 3.929556 2.925921 3.927999 4.928435 5.924911 6.926019 5.925948 4.924956 3.920419 2.927549 3.936774 4.933070 5.929224 5.924726 3.922089 1.939062 1.941159 2.917636 0.747477 0.029383 0.025551 0.018806 0.117760 1.134780 0.118751 0.017372 0.017372 0.020179 0.328224 1.465386 0.372657 0.353478 0.348519 0.275444 0.026298 0.018227 0.031853 0.062568 0.034966 0.396065 0.030770 0.052010 0.050804 0.030525 0.034492 0.034421 0.097665 0.902372 1.982310 0.983897 0.996595 0.028862 0.029991 0.533280
