use_cases/Flooding_chicago/flooding_data/output/h_2340.asc
ncols 337
nrows 393
xllcorner 428428.000000
yllcorner 4602440.000000
cellsize 26.757400
NODATA_value -9999.000000
[rows 135 to 161 of 393, columns 118 to 176 of 337]
0.233033 0.203484 0.672085 1.840654 2.863491 2.867911 3.868716 3.871715 3.872794 3.876371 3.870814 4.863897 6.856978 6.869622 6.878110 4.865427 4.851968 4.854550 4.847547 4.860616 3.860567 2.847928 1.816537 1.810863 2.803307 2.811565 2.814671 2.820993 1.815018 0.022246 0.636232 0.650447 1.601875 1.608128 2.606476 2.628284 1.573767 0.440300 0.351948 0.262798 0.135575 0.102303 0.249888 0.264134 0.051598 0.053841 0.033333 0.034554 0.047753 0.038658 0.031517 0.038139 0.030419 0.037209 0.043647 0.051139 0.064781 0.075538 0.059243
0.241382 0.648300 1.836565 2.853047 2.869090 3.869694 3.867006 4.863506 4.870640 4.868570 4.869181 4.864965 4.868431 4.867457 4.865585 4.871098 3.849530 3.851884 4.837734 4.862339 3.857628 2.822932 2.795871 2.797092 2.808949 2.824225 1.794400 1.818429 0.752356 0.696464 1.650804 1.675128 2.642866 3.635937 3.676914 2.660961 1.627035 0.470086 0.375694 0.266049 0.287765 0.308535 1.340283 1.389043 0.267817 0.038643 0.037147 0.025993 0.084694 0.041908 0.044349 0.029961 0.039329 0.047111 0.044930 0.053765 0.090772 0.767721 0.828396
0.192816 1.771419 1.869244 1.868188 2.863642 3.865284 3.868068 4.865432 4.872484 3.872410 3.871113 3.871240 4.859366 4.868058 4.870026 3.873031 2.843807 2.846502 3.831614 3.843098 3.859809 2.827955 3.780266 3.807349 2.818114 1.789717 1.804297 0.766479 0.748116 1.562396 2.644028 3.646971 3.668036 3.646744 3.680051 2.659229 1.615461 0.443814 0.297885 0.195685 0.252478 0.342931 2.348963 2.390790 0.317243 0.050617 0.038155 0.023262 0.109245 0.035911 0.028496 0.049522 0.038215 0.050697 0.051918 0.548439 1.947376 1.993998 0.911032
0.772650 1.824805 1.867217 2.867486 2.870171 3.864998 3.867512 4.862125 4.868721 3.873701 3.872883 3.873205 3.866082 4.867399 3.871712 4.884765 1.849511 1.850733 2.824473 3.845967 2.862134 1.819761 3.782890 3.815690 2.808279 1.764061 1.753550 1.715706 2.670907 2.680558 2.668878 3.640101 3.665926 3.644815 3.689970 2.664243 1.583240 0.375294 0.480564 0.379537 0.220852 0.454505 2.319486 2.399627 2.437217 1.385951 0.298792 0.045128 0.087959 0.068487 0.027809 0.047996 0.046759 0.034415 0.050776 1.766415 2.960991 3.021366 1.934704
0.833185 0.865016 1.853842 2.862208 2.870443 3.859042 3.867656 3.869665 3.871701 4.882685 4.887076 3.878214 2.874624 2.873457 3.859657 4.881695 1.844358 1.843835 1.836619 2.840386 1.828054 1.810040 1.794961 2.745409 2.774366 2.741756 3.692562 3.742001 3.759808 2.671425 2.661192 3.586666 3.633217 3.627258 3.704056 1.492833 1.332500 0.814093 0.946863 0.995984 0.892794 0.640323 2.243835 3.413320 3.481658 2.474332 1.449776 0.267491 0.165740 0.205727 0.759890 0.919787 0.846982 0.045643 0.401195 0.763022 2.866683 3.001964 1.926679
0.802654 0.874399 1.845570 2.849992 2.858362 2.850869 3.858689 3.866782 3.868970 4.873179 4.876960 3.876801 2.873819 2.872549 3.862932 3.882783 1.843196 1.841023 1.831775 1.830423 1.826592 1.810226 1.794955 2.745032 2.777299 3.686408 4.744786 3.747969 3.758585 2.670532 2.660346 2.692817 1.502977 2.533249 3.637976 1.457904 1.283683 1.401249 1.246601 2.222884 1.010265 1.112559 3.296634 5.371197 4.452619 3.425308 2.404348 1.220647 1.106641 1.209867 1.886449 2.198359 2.113620 2.141007 0.726145 1.791361 1.973258 1.989632 2.006455
1.854923 1.871042 1.863739 1.870573 1.872435 1.873064 2.858875 3.865181 4.872067 4.875194 4.869582 3.865897 2.874995 3.875323 4.879413 3.871328 3.882577 2.877543 1.836201 1.833980 2.836770 1.817876 1.804599 1.795296 3.715423 3.749929 4.732169 4.776623 2.741855 1.639910 1.629126 1.671430 0.027254 0.294200 1.268132 0.031442 0.170548 0.297502 1.073883 1.245387 0.956673 2.833265 5.315732 6.371987 5.453243 3.362919 3.361545 2.181834 1.851364 1.388823 1.204008 1.149176 2.706419 3.046919 0.720558 0.920286 0.921499 0.880994 1.808437
2.856050 1.865623 2.860205 1.870515 1.872237 1.872797 2.841715 3.856202 4.860169 4.865285 3.851229 2.872777 2.871769 3.858946 5.842099 5.874353 4.864892 3.864090 2.844424 2.839238 2.855471 1.818659 1.797076 1.789169 1.785496 2.725850 3.750534 2.781312 0.688374 0.100024 0.099080 0.046974 0.034843 0.027444 0.068641 0.032190 0.027658 0.036659 0.071868 0.157151 0.628368 2.113683 4.358163 5.419977 3.456447 2.423815 2.410462 2.380136 1.358851 0.190371 0.098662 0.109925 1.874285 3.081318 0.823307 0.670963 0.597845 0.501305 0.735055
1.858353 1.873726 1.868279 1.884212 1.881815 1.879915 1.875548 2.832296 3.842833 3.873534 2.875477 2.871904 2.871070 3.855587 4.841014 4.861415 3.866431 2.853235 2.832900 3.822587 2.847723 1.814534 0.698575 0.662295 0.645613 0.626717 0.673132 0.665182 0.045555 0.056878 0.065929 0.040764 0.027642 0.038262 0.041969 0.036552 0.021643 0.034935 0.040566 0.070744 0.116496 0.239897 1.356587 1.373893 1.388962 1.409806 1.394359 1.366974 0.294084 0.023654 0.063839 0.077607 0.810170 1.961822 0.858396 0.769058 0.697444 0.614582 0.441122
0.784612 0.869270 0.866836 1.885649 2.899688 2.901184 1.878544 1.879178 1.883121 3.881935 3.907270 2.876166 2.873261 3.844660 3.863334 2.858063 2.858273 2.861712 1.827938 2.801479 1.809945 0.052082 0.060020 0.064617 0.073358 0.111285 0.205861 0.186531 0.062858 0.054741 0.070167 0.039925 0.030144 0.048606 0.056313 0.043861 0.070809 0.055550 0.050087 0.062645 0.041878 0.044668 0.053588 0.421730 0.461575 1.452669 0.325532 0.034678 0.019309 0.045462 0.067407 0.082684 0.778963 1.959911 0.900118 0.828613 0.763182 0.690200 0.506991
0.114087 0.844040 0.875111 1.892356 2.896002 3.906706 2.903540 2.903148 2.907189 4.909495 4.918649 3.911824 3.911441 2.879454 2.853642 1.840639 1.844553 1.840524 0.848860 0.072498 0.071879 0.017967 0.041908 0.036933 0.057052 0.036641 0.204258 0.180245 0.040505 0.035180 0.048042 0.066307 0.088555 0.036751 0.060371 0.048897 0.065452 0.054619 0.057045 0.033669 0.034691 0.053976 0.074276 0.417552 0.454526 1.430097 0.303902 0.051858 0.027366 0.023506 0.049021 0.048326 0.163348 1.925737 0.968729 0.898096 0.832552 0.769645 0.563672
0.181009 0.180809 0.826011 1.892468 3.905236 3.901278 3.906700 3.906452 4.918210 4.903249 4.909834 4.920383 4.915392 2.894799 1.897453 0.895642 0.893855 0.887377 0.876821 0.858436 0.047014 0.021034 0.017967 0.065774 0.020088 0.038719 0.082634 0.082817 0.031837 0.049965 0.053993 0.051979 0.059302 0.057869 0.022590 0.022590 0.050210 0.040092 0.066490 0.059891 0.092563 0.067886 0.116567 0.076206 0.389033 0.332055 0.318741 0.065327 0.023567 0.022942 0.081849 0.049705 0.172574 0.977816 0.995065 0.917617 0.858640 0.872334 0.073413
0.249176 0.254850 0.800575 1.888265 3.891004 3.898875 3.897456 3.897668 4.897420 4.888035 4.890749 4.890819 4.877509 3.912645 1.894008 0.901266 0.900745 0.897940 1.921853 1.906550 1.920360 0.036660 0.049347 0.039452 0.030480 0.030754 0.067680 0.082405 0.035286 0.045692 0.034675 0.054756 0.096443 0.099147 0.022590 0.022590 0.033836 0.046150 0.061364 0.059404 0.819644 0.043852 0.034078 0.092010 0.075206 0.076954 0.092169 0.104734 0.113124 0.116328 0.105259 0.071711 0.326156 0.221501 0.254708 0.219664 0.158399 0.152308 0.157817
0.387144 0.311437 0.794966 1.885647 3.885650 3.899226 3.897290 3.890625 3.897086 3.885887 3.877655 3.901783 3.876591 3.864568 2.886600 1.900066 1.923658 1.912051 1.879134 1.881940 1.900415 0.734731 0.648082 0.046198 0.030738 0.049736 0.049477 0.052193 0.026543 0.029045 0.059396 0.048470 0.090415 0.098808 0.028573 0.037091 0.033579 0.035652 0.125732 0.816243 0.887749 0.034719 0.051176 0.044633 0.055141 0.045766 0.136469 0.117098 0.101465 1.030452 1.056485 0.919683 0.611010 0.329770 0.368570 0.330645 1.215291 0.226472 0.194052
1.493052 0.342619 1.803648 2.906591 3.894352 3.906129 3.900155 2.898590 2.898972 2.881540 2.910746 3.882760 2.898094 2.815372 1.876756 0.903400 1.884485 1.870889 0.916292 0.895107 1.911763 1.937258 1.893905 0.054497 0.043411 0.053003 0.020500 0.060417 0.048760 0.043724 0.035895 0.061211 0.145448 0.123744 0.078639 0.034338 0.045736 0.039474 0.033615 0.851978 0.857369 0.837168 0.056498 0.017372 0.087300 0.082095 0.071392 0.017372 0.025703 0.979579 1.874213 1.942651 0.608893 0.692412 0.421574 0.393048 1.128897 2.271454 1.217276
0.386985 0.823728 2.862017 3.892819 4.889207 3.896122 1.898048 1.900801 1.914013 1.907969 2.895733 2.904241 2.855828 1.909533 1.880860 0.921099 0.934342 0.931335 0.927530 0.017345 0.939645 0.968481 0.948189 0.876418 0.060463 0.020103 0.031532 0.038674 0.066571 0.061026 0.049461 0.043587 0.118110 0.423885 1.530487 1.559596 0.037605 0.039145 0.028452 0.095127 1.859560 0.834440 0.054450 0.017372 0.097134 0.094876 0.092289 0.017372 0.025703 1.006485 0.992783 0.705115 0.476817 0.525307 0.940536 1.106552 2.219018 2.241747 2.234650
0.019310 1.903894 1.861943 2.877707 2.887865 2.886178 1.892021 1.892760 1.891292 1.874746 1.916593 2.876570 1.917936 1.934161 1.948452 3.050491 2.032406 2.014114 0.980812 1.009497 0.017297 0.991625 0.954537 0.068863 0.077690 0.054039 0.018028 0.091287 0.089239 0.381208 0.427542 0.045979 0.571460 1.567148 2.556816 2.589463 0.416730 0.361567 0.306535 0.188395 0.846683 0.865641 0.058056 0.085668 0.091787 0.090428 0.080380 0.050356 0.365582 1.166985 1.200140 0.115098 0.018944 0.350972 0.934205 2.138176 3.226044 3.261651 2.221241
0.847179 1.919895 0.822327 0.835902 1.832142 1.870008 1.873604 1.846183 0.914131 0.920624 1.970262 1.949706 3.020499 3.024809 3.040712 4.056040 4.064039 3.025344 0.990147 1.004638 1.012867 0.997157 0.066859 0.081053 0.037850 0.028891 0.021004 0.034822 0.068736 1.556017 1.621934 1.624902 1.619315 1.577495 2.550864 2.587038 1.545594 0.432243 0.342757 0.226772 0.832245 0.863553 0.055501 0.080822 0.086837 0.084497 0.063584 1.416732 2.456165 2.428191 1.303565 0.026113 0.014396 0.025050 0.862533 2.125926 3.168386 3.225568 2.129294
1.749549 1.911067 0.127500 0.180099 0.154470 0.855187 0.878454 0.867909 0.917379 0.931976 1.979321 3.008508 2.982618 4.030721 3.998775 4.000827 3.997921 2.991738 2.013893 1.006402 1.003265 0.058079 0.086295 0.048164 0.060525 0.035530 0.018028 0.029930 0.070283 1.588425 2.646993 2.652647 1.634154 0.603809 2.532039 2.565115 2.564862 0.428551 0.335939 0.240737 0.730436 1.746218 1.751117 1.766413 0.738417 0.078083 0.058431 2.453211 4.490266 4.497621 2.467273 1.527035 0.023981 0.026853 0.780942 2.074956 3.104217 3.154643 2.077435
0.858440 0.968084 0.172880 0.244996 0.253270 0.263025 0.022590 0.022590 0.961553 0.958008 1.985603 2.990423 2.981948 3.973211 3.010257 3.021948 3.027534 3.001527 1.995584 1.008734 1.005662 0.063194 0.098873 0.060094 0.064674 0.035804 0.038445 0.045739 0.050879 1.594885 2.638007 2.643437 1.632645 0.604578 1.521313 1.531032 1.484235 1.458286 0.302171 0.658131 1.726141 2.782356 3.749605 3.782842 2.776191 0.629274 1.443058 3.410392 4.470440 4.479443 3.491818 2.554096 0.360588 0.863527 0.736593 1.825315 1.946333 0.953415 0.890237
0.039617 0.028083 0.262016 2.358887 2.358261 1.350931 0.022590 0.022590 0.958966 0.969634 1.989738 2.993154 2.963580 3.002384 3.015809 3.025001 3.031873 3.005985 2.009491 2.026167 1.007665 0.955861 0.084184 0.061638 0.035729 0.034187 0.034294 0.048378 0.028938 0.482813 2.642259 2.660161 2.663614 2.720793 1.625768 0.546368 1.390443 1.394140 1.105623 1.563040 2.697005 2.815152 4.692223 4.807484 3.789395 2.708670 1.553504 3.352877 4.470596 4.515293 3.496513 2.538091 1.415766 0.772518 0.460808 0.559381 0.674663 0.604745 0.496441
0.014396 0.030904 1.297661 2.326067 2.331747 1.331971 0.269073 0.215668 0.944603 2.019990 2.999119 2.997701 2.005231 3.038976 4.087975 4.072943 3.049437 3.022679 3.037469 3.032546 2.024481 0.959396 0.032494 0.034416 0.020020 0.030632 0.026847 0.033959 0.039177 0.466715 2.653203 4.673660 4.677086 4.727913 2.659825 1.646706 0.533764 0.451410 1.014180 0.862831 2.651170 2.782713 3.663784 3.747860 3.776620 2.657842 2.582743 2.524698 4.481049 4.543314 3.527743 2.569743 1.573605 0.043113 0.033311 0.225413 0.683598 0.586210 0.400478
0.048729 0.431949 1.246800 1.306920 1.348118 0.291051 0.254512 0.168956 2.002284 1.994294 1.983365 2.993139 2.992354 3.011354 4.047103 4.004443 3.055201 4.060221 4.055081 4.057416 4.026738 0.843686 0.021401 0.021065 0.035331 0.040535 0.032036 0.039650 0.397501 2.642188 4.672852 5.646835 6.655431 6.703712 4.663734 2.629038 1.597843 1.609243 0.366470 0.775148 1.673087 1.832380 1.805038 1.758356 1.733117 1.652024 1.631162 3.406529 5.509024 6.527217 5.532156 4.476108 3.628381 1.590798 1.553027 1.451392 1.154881 0.737563 0.507390
0.037391 0.448512 0.421721 0.427863 0.024284 0.014396 0.020256 0.095375 1.835912 0.904998 0.895359 1.928723 1.912705 2.968581 4.025268 3.039260 4.093608 4.042668 6.054348 6.058029 5.051469 2.029462 0.058126 0.021324 0.040489 0.083923 0.077221 0.073414 2.558882 4.636741 6.658123 7.654032 7.637750 6.687790 4.642301 3.632561 2.630482 1.612124 0.454648 0.837043 2.579998 1.767348 1.770194 1.809896 0.714446 1.509694 2.558371 3.485754 5.522642 6.530131 7.518910 7.485587 6.616852 4.622242 4.610346 3.576400 2.512082 0.265786 0.371134
0.448192 1.520815 0.457124 0.467568 0.023399 0.024284 0.092060 1.058546 1.041872 0.058725 0.060546 0.069033 0.983603 2.026477 4.046181 4.099981 4.076059 6.033526 7.055712 7.064897 6.062696 4.060449 2.081995 0.053123 0.042301 1.703871 1.753257 1.746730 3.474794 5.607245 6.642277 7.645957 7.638035 6.704145 4.646013 3.636939 2.633398 1.559285 2.536984 1.215885 1.561269 0.523433 0.490233 1.611326 1.621713 1.581456 2.511966 3.449178 4.492799 5.497325 6.503612 7.507978 6.528341 4.518394 3.528848 2.485770 1.414912 0.234685 0.286073
1.480487 1.557453 0.438404 0.397110 0.287311 1.114201 1.144628 1.136058 0.020607 0.033103 0.030288 0.074577 0.979039 2.029713 5.075843 6.140095 5.109955 6.944995 8.034284 8.070369 6.051160 5.024462 5.093077 3.018541 1.889514 1.791693 1.792154 1.780471 3.454903 4.626402 5.635936 6.637392 6.661288 6.707014 4.657320 3.652813 2.636455 3.606360 4.609849 3.654354 0.328117 0.036803 0.029762 0.070582 0.061281 0.043214 1.307195 2.404043 2.427184 3.433752 4.464394 3.439474 2.138697 1.077524 1.179174 0.385758 0.343062 0.052010 0.066353
0.510700 1.523694 0.028175 0.027992 0.224041 0.166042 0.155922 1.107714 0.092359 0.040611 0.046175 0.029648 0.987854 3.061904 6.047679 6.080305 6.095947 6.953626 8.020946 7.051674 6.031260 6.030851 5.070166 4.034256 2.972906 1.808816 1.787443 1.777448 1.689280 3.560882 3.646311 3.631525 3.648861 4.640376 4.596143 4.618016 3.611945 3.578367 3.538795 2.570806 0.048995 0.039726 0.025368 0.039049 0.041756 0.035179 0.065041 0.236083 1.276290 0.334093 0.278915 0.054467 0.040788 0.031354 0.152232 0.338584 0.295434 0.061944 0.047859
