use_cases/Flooding_chicago/flooding_data/output/h_2340.asc
ncols 337
nrows 393
xllcorner 428428.000000
yllcorner 4602440.000000
cellsize 26.757400
NODATA_value -9999.000000
[rows 216 to 242 of 393, columns 236 to 294 of 337]
0.177250 0.689998 0.692691 0.653818 0.632235 0.610949 0.576440 0.541338 0.495309 0.416892 0.036232 0.014396 0.035704 0.502083 0.459466 0.223889 0.113155 0.162583 0.674686 0.584163 0.536219 0.343574 0.259776 0.254557 1.151810 1.194074 1.236416 0.190953 0.126133 1.010509 0.991462 0.992412 0.957227 0.778496 1.510492 1.526889 2.490352 1.570827 0.477469 0.259962 1.043970 2.118220 2.137741 2.136863 1.123662 0.113473 0.076576 0.059643 -9999.000000 -9999.000000 -9999.000000 -9999.000000 -9999.000000 -9999.000000 -9999.000000 -9999.000000 -9999.000000 -9999.000000 -9999.000000
0.254943 0.173136 0.136550 0.108883 0.081512 0.611405 0.602425 0.592900 0.565221 0.024117 0.045433 0.053475 0.039150 0.647914 0.645325 0.022590 0.022590 0.091080 0.606962 0.364107 0.212855 0.243422 0.293210 0.212355 0.138622 0.438304 0.036883 0.040233 0.036160 0.027704 0.994176 1.004802 1.005403 0.079126 0.372687 0.369150 1.436329 1.462665 0.482890 0.986536 2.086678 2.084751 2.100057 1.027961 0.088752 0.079919 -9999.000000 -9999.000000 -9999.000000 -9999.000000 -9999.000000 -9999.000000 -9999.000000 -9999.000000 -9999.000000 -9999.000000 -9999.000000 -9999.000000 -9999.000000
0.303203 0.057230 0.071252 0.058651 0.141499 0.578896 0.600354 0.630409 0.617050 0.642581 0.031761 0.041634 0.800716 1.813530 1.835353 0.022590 0.022590 0.162970 1.005608 0.140864 0.205950 0.190833 0.303183 0.257921 0.195805 0.133603 1.070995 0.053133 0.040965 0.033075 0.020948 0.256511 0.290559 0.187007 0.122679 0.067876 0.481156 0.586993 0.514838 0.931650 0.932097 0.934522 0.895196 0.341801 0.021034 0.017967 -9999.000000 -9999.000000 -9999.000000 -9999.000000 -9999.000000 -9999.000000 -9999.000000 -9999.000000 -9999.000000 -9999.000000 -9999.000000 -9999.000000 -9999.000000
0.103569 0.106758 0.115415 0.100414 0.211915 0.150882 0.109331 0.620479 0.642432 0.665236 0.714969 0.778159 1.757073 2.756713 2.771267 0.792447 0.604913 1.245500 1.225001 1.323702 0.149509 0.117507 0.080900 0.159971 1.108651 1.140757 1.015549 0.930704 0.796969 0.757259 0.679273 1.501213 0.540286 0.047087 0.037564 0.027046 0.034688 0.743384 0.817816 0.027221 0.483356 0.524474 0.511807 0.477835 0.017967 -9999.000000 -9999.000000 -9999.000000 -9999.000000 -9999.000000 -9999.000000 -9999.000000 -9999.000000 -9999.000000 -9999.000000 -9999.000000 -9999.000000 -9999.000000 -9999.000000
0.033150 0.122310 0.148624 0.161164 0.131851 0.092609 0.185645 0.123147 0.587390 0.595874 0.056774 0.726812 1.788735 2.717084 1.801033 0.749245 0.547633 0.448798 1.046210 0.129018 0.098584 0.049383 0.115201 0.149118 0.973559 1.084396 0.068249 0.040950 0.663464 0.697989 0.658888 1.469611 1.517879 0.029497 0.032652 0.025571 0.032882 1.928604 1.004072 0.054139 0.577556 0.632444 0.580671 0.372535 -9999.000000 -9999.000000 -9999.000000 -9999.000000 -9999.000000 -9999.000000 -9999.000000 -9999.000000 -9999.000000 -9999.000000 -9999.000000 -9999.000000 -9999.000000 -9999.000000 -9999.000000
0.040689 0.037870 0.027871 0.206740 0.195504 0.159538 0.124336 0.104818 0.125940 0.113686 0.059188 0.136271 1.702164 1.764760 1.820413 0.863439 0.017952 0.507911 0.418644 0.025307 0.060216 0.037682 0.096542 0.096862 0.311089 0.387448 0.031546 0.032753 0.112709 0.104472 0.120477 0.083596 1.389309 1.338669 1.404049 1.262953 1.966836 1.955541 2.031842 2.072155 0.863874 0.815856 0.731334 0.014396 -9999.000000 -9999.000000 -9999.000000 -9999.000000 -9999.000000 -9999.000000 -9999.000000 -9999.000000 -9999.000000 -9999.000000 -9999.000000 -9999.000000 -9999.000000 -9999.000000 -9999.000000
0.316104 0.026878 0.029015 0.241294 0.234789 0.184744 0.170698 0.191808 0.021034 0.017967 0.138892 0.103218 0.164421 0.649733 1.757389 0.882683 0.966994 0.728422 0.030694 0.028954 0.294703 0.258307 0.191552 0.124744 0.159818 0.487179 0.051384 0.027516 0.024483 0.037209 0.192941 0.139131 0.490444 1.238951 1.384425 1.197719 0.978894 0.911927 1.922978 1.999924 2.005275 0.950858 0.033430 -9999.000000 -9999.000000 -9999.000000 -9999.000000 -9999.000000 -9999.000000 -9999.000000 -9999.000000 -9999.000000 -9999.000000 -9999.000000 -9999.000000 -9999.000000 -9999.000000 -9999.000000 -9999.000000
1.333615 1.351084 0.019722 0.275784 0.284626 0.017967 0.021034 0.237547 0.017967 0.225607 0.204926 0.180867 0.119297 0.444785 0.737306 0.767874 0.809268 0.095325 0.047020 0.041603 0.245803 0.244764 0.212901 0.172295 0.276296 0.211824 0.036156 0.042076 0.027445 0.059547 0.271032 0.143968 0.547793 1.228590 1.422434 0.406681 0.264145 0.196119 0.825712 1.986678 1.979389 0.950519 0.014396 -9999.000000 -9999.000000 -9999.000000 -9999.000000 -9999.000000 -9999.000000 -9999.000000 -9999.000000 -9999.000000 -9999.000000 -9999.000000 -9999.000000 -9999.000000 -9999.000000 -9999.000000 -9999.000000
1.337059 1.356616 0.316248 0.302589 0.314774 0.309650 0.017967 0.252530 1.306481 1.316424 0.257303 0.234138 0.182766 0.672527 0.659290 0.414167 0.416384 0.058236 0.072899 0.053689 0.067284 0.047173 0.223565 0.237433 0.164990 0.112462 0.062722 0.038948 0.154425 0.097019 0.370318 0.711682 1.840093 0.691912 0.479666 0.504974 0.048561 0.044061 0.055494 0.913917 1.964965 0.952617 0.037496 -9999.000000 -9999.000000 -9999.000000 -9999.000000 -9999.000000 -9999.000000 -9999.000000 -9999.000000 -9999.000000 -9999.000000 -9999.000000 -9999.000000 -9999.000000 -9999.000000 -9999.000000 -9999.000000
1.313710 1.344573 1.344611 1.318258 1.354156 1.332823 1.326299 1.317683 1.304141 1.297069 1.286092 1.281282 1.252015 1.017653 0.944847 0.077095 0.098718 0.105784 0.095956 0.066546 0.062844 0.079110 0.051217 0.296526 0.225957 0.146996 0.325480 0.263336 0.188988 0.118704 0.499631 0.651053 1.653428 0.707587 0.062172 0.058708 0.073952 0.079139 0.050667 0.102333 0.856567 0.916101 0.021828 -9999.000000 -9999.000000 -9999.000000 -9999.000000 -9999.000000 -9999.000000 -9999.000000 -9999.000000 -9999.000000 -9999.000000 -9999.000000 -9999.000000 -9999.000000 -9999.000000 -9999.000000 -9999.000000
1.320142 1.347177 1.337793 2.309332 2.334718 2.325586 2.334966 1.311646 1.305489 1.297132 2.276720 2.302560 2.321950 1.125228 0.154902 0.146660 0.152553 0.136667 0.113966 0.081627 0.036736 0.083214 0.045495 0.362420 0.238445 0.157563 0.277138 0.221246 0.145290 0.092680 0.672542 0.601190 0.327241 0.290322 0.037178 0.050240 0.047040 0.052422 0.037605 0.049384 0.141223 0.022210 -9999.000000 -9999.000000 -9999.000000 -9999.000000 -9999.000000 -9999.000000 -9999.000000 -9999.000000 -9999.000000 -9999.000000 -9999.000000 -9999.000000 -9999.000000 -9999.000000 -9999.000000 -9999.000000 -9999.000000
0.242117 0.034950 0.238722 1.305799 1.334219 1.317945 1.318487 1.303483 1.293188 1.291600 2.266281 2.279521 2.293591 0.157428 0.143377 0.153880 0.177942 0.153390 0.118323 0.064721 0.092523 0.081707 0.528200 0.534205 0.024941 0.025520 0.034981 0.126619 0.933078 1.015714 0.925783 0.917006 0.060235 0.073999 0.027199 0.033958 0.027534 0.081703 0.056482 0.086432 0.055579 0.039787 -9999.000000 -9999.000000 -9999.000000 -9999.000000 -9999.000000 -9999.000000 -9999.000000 -9999.000000 -9999.000000 -9999.000000 -9999.000000 -9999.000000 -9999.000000 -9999.000000 -9999.000000 -9999.000000 -9999.000000
0.078322 0.079475 0.046471 0.255587 1.188220 0.281693 0.293525 0.359064 0.340980 1.225447 1.188018 1.171306 1.186887 0.030834 0.035545 0.028236 0.215143 0.165555 0.107058 0.150951 0.080223 0.103509 0.053751 0.567619 0.031349 0.035012 0.021111 0.128714 0.103024 1.039843 2.085992 2.103770 0.111051 0.110757 0.033958 0.043022 0.035087 0.096459 0.067314 0.088876 0.055961 0.035546 -9999.000000 -9999.000000 -9999.000000 -9999.000000 -9999.000000 -9999.000000 -9999.000000 -9999.000000 -9999.000000 -9999.000000 -9999.000000 -9999.000000 -9999.000000 -9999.000000 -9999.000000 -9999.000000 -9999.000000
0.041725 0.033241 0.021049 0.132409 0.503511 0.062464 0.031213 1.492582 0.441782 0.423236 0.438492 0.427554 0.429073 0.022590 0.022590 0.036888 0.302693 0.018440 0.076165 0.087975 0.109767 0.086835 0.049649 0.587808 0.634964 0.020973 0.030929 0.130746 0.140941 0.983569 2.049723 2.087513 1.151792 0.117100 0.027595 0.035286 0.034294 0.030860 0.024696 0.048348 -9999.000000 -9999.000000 -9999.000000 -9999.000000 -9999.000000 -9999.000000 -9999.000000 -9999.000000 -9999.000000 -9999.000000 -9999.000000 -9999.000000 -9999.000000 -9999.000000 -9999.000000 -9999.000000 -9999.000000 -9999.000000 -9999.000000
0.027261 0.025642 0.347466 0.277552 0.204061 0.140604 0.507013 1.487128 1.509979 0.468461 0.467070 0.452683 0.457082 0.022590 0.022590 0.037026 0.340596 0.023384 0.014396 0.050607 0.392779 1.651504 1.703281 1.570201 1.375684 1.102777 1.108605 1.202907 1.176636 2.048511 2.122153 2.180323 1.140752 1.133320 0.098278 0.173458 0.037253 0.024330 0.023323 -9999.000000 -9999.000000 -9999.000000 -9999.000000 -9999.000000 -9999.000000 -9999.000000 -9999.000000 -9999.000000 -9999.000000 -9999.000000 -9999.000000 -9999.000000 -9999.000000 -9999.000000 -9999.000000 -9999.000000 -9999.000000 -9999.000000 -9999.000000
0.498006 0.517005 0.414195 0.345193 0.272594 0.173929 1.506283 1.505578 2.524762 2.539452 2.542411 0.471460 0.461292 0.039299 0.039604 0.029182 0.350111 0.352090 0.019310 0.032021 0.374263 1.412997 1.443184 1.335508 1.244159 0.983692 0.969281 1.850853 2.089995 3.114671 2.101080 2.156674 1.066119 0.985185 0.664212 0.771418 0.028465 -9999.000000 -9999.000000 -9999.000000 -9999.000000 -9999.000000 -9999.000000 -9999.000000 -9999.000000 -9999.000000 -9999.000000 -9999.000000 -9999.000000 -9999.000000 -9999.000000 -9999.000000 -9999.000000 -9999.000000 -9999.000000 -9999.000000 -9999.000000 -9999.000000 -9999.000000
1.476847 0.507148 0.424294 0.362363 0.286551 0.153055 1.489454 1.496718 2.487938 2.501234 2.507970 0.464091 0.024972 0.027183 0.294755 0.332601 1.362464 0.326609 0.203483 0.355634 0.563413 0.689267 0.689493 0.617394 0.370007 0.206054 0.194518 1.972211 2.143188 2.148667 1.052974 2.068804 1.029347 0.936015 0.692957 -9999.000000 -9999.000000 -9999.000000 -9999.000000 -9999.000000 -9999.000000 -9999.000000 -9999.000000 -9999.000000 -9999.000000 -9999.000000 -9999.000000 -9999.000000 -9999.000000 -9999.000000 -9999.000000 -9999.000000 -9999.000000 -9999.000000 -9999.000000 -9999.000000 -9999.000000 -9999.000000 -9999.000000
1.474267 0.530494 0.413430 0.360635 0.277740 0.570745 1.453292 1.504118 1.511588 1.526584 0.450947 0.025505 0.029716 0.385224 1.374672 1.393291 2.378563 1.388997 0.234157 0.197694 0.122968 0.679166 0.715315 0.644183 0.336778 0.192239 0.219005 0.143398 1.141858 0.152392 0.108447 1.000170 1.010264 0.906020 0.684350 -9999.000000 -9999.000000 -9999.000000 -9999.000000 -9999.000000 -9999.000000 -9999.000000 -9999.000000 -9999.000000 -9999.000000 -9999.000000 -9999.000000 -9999.000000 -9999.000000 -9999.000000 -9999.000000 -9999.000000 -9999.000000 -9999.000000 -9999.000000 -9999.000000 -9999.000000 -9999.000000 -9999.000000
0.550483 0.592474 0.055107 0.066964 0.052498 0.070411 1.489772 0.500386 0.502760 0.034416 0.043313 0.014396 0.026557 0.368419 1.309136 2.349543 2.369821 1.381668 0.201056 0.088877 1.110623 2.014566 2.112181 1.011903 0.063470 0.030190 0.049860 1.087890 1.125034 2.159712 1.125494 1.095072 1.078385 0.045044 0.025489 -9999.000000 -9999.000000 -9999.000000 -9999.000000 -9999.000000 -9999.000000 -9999.000000 -9999.000000 -9999.000000 -9999.000000 -9999.000000 -9999.000000 -9999.000000 -9999.000000 -9999.000000 -9999.000000 -9999.000000 -9999.000000 -9999.000000 -9999.000000 -9999.000000 -9999.000000 -9999.000000 -9999.000000
0.509117 0.646493 0.093758 0.107444 0.092705 0.055000 0.098877 0.086058 0.084816 0.017372 0.017372 0.031746 0.456342 1.579250 0.434886 0.391758 0.338705 0.252372 0.393824 0.358513 1.979825 3.075706 3.144147 1.099283 0.079831 0.099286 0.082742 0.125599 1.115694 2.141519 2.135659 2.145198 0.081767 0.144073 0.092465 -9999.000000 -9999.000000 -9999.000000 -9999.000000 -9999.000000 -9999.000000 -9999.000000 -9999.000000 -9999.000000 -9999.000000 -9999.000000 -9999.000000 -9999.000000 -9999.000000 -9999.000000 -9999.000000 -9999.000000 -9999.000000 -9999.000000 -9999.000000 -9999.000000 -9999.000000 -9999.000000 -9999.000000
0.159507 0.225368 0.159172 0.142128 0.119362 0.078286 0.138846 0.117093 0.111172 0.109248 0.071313 0.511664 1.558634 1.559415 0.028068 0.034723 0.027580 0.141167 0.263085 1.897270 2.087646 2.962444 2.009167 1.041125 0.060307 0.075849 0.115012 0.091804 1.102003 2.022528 1.110957 1.107151 0.074108 0.120454 0.068442 -9999.000000 -9999.000000 -9999.000000 -9999.000000 -9999.000000 -9999.000000 -9999.000000 -9999.000000 -9999.000000 -9999.000000 -9999.000000 -9999.000000 -9999.000000 -9999.000000 -9999.000000 -9999.000000 -9999.000000 -9999.000000 -9999.000000 -9999.000000 -9999.000000 -9999.000000 -9999.000000 -9999.000000
0.252945 0.375419 0.040230 0.048104 0.042092 0.029213 0.034432 0.103356 0.116277 0.108270 0.581770 1.613751 3.577872 1.603144 0.037307 0.045036 0.034920 0.091034 0.263146 1.896541 2.067620 0.978400 0.109092 0.028587 0.028587 0.066564 0.135048 0.142693 0.096153 0.304648 0.051049 0.036873 0.061749 0.071883 -9999.000000 -9999.000000 -9999.000000 -9999.000000 -9999.000000 -9999.000000 -9999.000000 -9999.000000 -9999.000000 -9999.000000 -9999.000000 -9999.000000 -9999.000000 -9999.000000 -9999.000000 -9999.000000 -9999.000000 -9999.000000 -9999.000000 -9999.000000 -9999.000000 -9999.000000 -9999.000000 -9999.000000 -9999.000000
0.266121 0.373008 0.064537 0.070366 0.056487 0.032982 0.046456 0.100327 0.095275 0.104537 0.598293 1.629221 3.553017 2.629697 1.599454 0.038827 0.028892 0.052086 0.351445 1.107112 1.197230 0.197572 0.044670 0.024330 0.024330 0.039376 0.046197 0.157142 0.157100 0.107384 0.107019 0.017967 0.021125 -9999.000000 -9999.000000 -9999.000000 -9999.000000 -9999.000000 -9999.000000 -9999.000000 -9999.000000 -9999.000000 -9999.000000 -9999.000000 -9999.000000 -9999.000000 -9999.000000 -9999.000000 -9999.000000 -9999.000000 -9999.000000 -9999.000000 -9999.000000 -9999.000000 -9999.000000 -9999.000000 -9999.000000 -9999.000000 -9999.000000
0.133371 0.112175 0.105400 0.084678 0.047204 0.111381 0.054954 0.098208 0.671457 0.710027 1.620059 1.638880 3.560942 2.622913 1.604399 0.442620 0.302578 0.771173 0.636325 1.134735 0.189785 0.198022 0.071832 0.029564 0.029564 0.058342 0.084180 0.166804 0.168556 0.117348 0.017967 0.021034 -9999.000000 -9999.000000 -9999.000000 -9999.000000 -9999.000000 -9999.000000 -9999.000000 -9999.000000 -9999.000000 -9999.000000 -9999.000000 -9999.000000 -9999.000000 -9999.000000 -9999.000000 -9999.000000 -9999.000000 -9999.000000 -9999.000000 -9999.000000 -9999.000000 -9999.000000 -9999.000000 -9999.000000 -9999.000000 -9999.000000 -9999.000000
0.105888 0.062338 0.123177 0.082787 0.169578 0.110023 0.115289 0.646043 0.684746 1.646651 1.631331 1.620905 3.527337 2.607949 1.511931 1.376847 1.243192 0.934949 1.748378 0.737066 0.114204 0.083535 0.091332 0.024330 0.024330 0.076988 0.119373 0.080833 0.036338 -9999.000000 -9999.000000 -9999.000000 -9999.000000 -9999.000000 -9999.000000 -9999.000000 -9999.000000 -9999.000000 -9999.000000 -9999.000000 -9999.000000 -9999.000000 -9999.000000 -9999.000000 -9999.000000 -9999.000000 -9999.000000 -9999.000000 -9999.000000 -9999.000000 -9999.000000 -9999.000000 -9999.000000 -9999.000000 -9999.000000 -9999.000000 -9999.000000 -9999.000000 -9999.000000
0.156990 0.086327 0.040997 0.078437 0.157525 0.097558 0.552318 1.678830 1.712703 2.673058 1.614544 1.622804 2.587351 2.629984 0.533092 0.401437 0.291360 0.193966 0.154412 0.054237 0.069297 0.064599 0.041785 0.209312 0.167488 0.076683 0.072747 0.032814 -9999.000000 -9999.000000 -9999.000000 -9999.000000 -9999.000000 -9999.000000 -9999.000000 -9999.000000 -9999.000000 -9999.000000 -9999.000000 -9999.000000 -9999.000000 -9999.000000 -9999.000000 -9999.000000 -9999.000000 -9999.000000 -9999.000000 -9999.000000 -9999.000000 -9999.000000 -9999.000000 -9999.000000 -9999.000000 -9999.000000 -9999.000000 -9999.000000 -9999.000000 -9999.000000 -9999.000000
0.183469 0.297951 0.231087 0.130363 0.061546 0.401435 1.460692 1.663499 1.677345 1.695356 0.657244 1.585887 2.612926 1.598461 0.072609 0.034370 0.046089 0.049324 0.063667 0.065682 0.060158 0.052635 0.036507 0.044853 0.023613 0.049049 0.025352 -9999.000000 -9999.000000 -9999.000000 -9999.000000 -9999.000000 -9999.000000 -9999.000000 -9999.000000 -9999.000000 -9999.000000 -9999.000000 -9999.000000 -9999.000000 -9999.000000 -9999.000000 -9999.000000 -9999.000000 -9999.000000 -9999.000000 -9999.000000 -9999.000000 -9999.000000 -9999.000000 -9999.000000 -9999.000000 -9999.000000 -9999.000000 -9999.000000 -9999.000000 -9999.000000 -9999.000000 -9999.000000
