use_cases/Flooding_chicago/flooding_data/output/h_2340.asc
ncols 337
nrows 393
xllcorner 428428.000000
yllcorner 4602440.000000
cellsize 26.757400
NODATA_value -9999.000000
[rows 297 to 323 of 393, columns 59 to 117 of 337]
1.467938 1.532211 1.639698 2.594319 2.629024 3.626740 1.627472 1.587017 0.599898 0.120860 0.125302 0.093047 1.747865 0.709946 0.772623 0.782752 0.759165 0.761017 0.770238 0.037529 0.022056 0.023659 0.051902 0.034767 0.055463 0.119713 1.184955 1.193938 1.076647 2.052939 2.103657 1.066139 1.047356 1.033058 2.002415 2.009227 0.987016 0.981372 0.060700 0.032310 0.042549 0.040260 0.100376 0.065971 0.364651 1.428573 1.433820 1.440685 1.429097 1.410132 2.408355 2.414143 2.411732 2.420031 2.407813 1.372856 0.447323 0.457905 0.025989
2.597251 2.601670 3.576035 3.596347 3.595662 2.616629 2.571920 1.618162 0.576836 0.120338 0.128221 0.114079 0.077379 0.063494 0.065387 0.037249 0.734762 0.725495 0.025353 0.049641 0.018165 0.035286 0.045750 0.837472 0.033252 0.037741 0.030540 0.145329 1.059019 2.062284 2.104152 1.069058 1.045448 2.016641 2.016276 2.023541 1.004038 0.992715 0.092682 0.045462 0.059700 0.056999 0.034905 0.057045 0.321602 1.427451 2.441529 1.449032 0.438082 0.430328 1.410565 1.408108 1.422752 2.423698 1.393435 0.443578 0.455674 0.472584 0.498878
1.658791 2.674739 3.686764 3.684022 3.678654 2.663404 1.637434 0.560461 0.051140 0.036961 0.045433 0.045559 0.039843 0.028294 0.066375 0.689263 0.715501 0.709708 0.711186 0.041134 0.041649 0.095843 0.794642 0.842906 0.853226 0.024330 0.024330 0.034349 0.117745 2.070359 2.103186 0.089254 0.992764 2.016110 3.026705 2.010648 2.028405 0.992482 0.033318 0.056739 0.067940 0.017372 0.041480 0.048365 0.332574 1.428085 2.439910 1.448906 0.438720 0.429518 0.426174 0.429065 1.423835 2.418309 1.406567 0.442992 0.454628 0.485599 1.532356
0.573183 1.624113 1.547905 1.542387 1.537471 1.603189 0.582270 0.030820 0.046398 0.060615 0.064048 0.063911 0.014396 0.032219 0.065156 0.044051 0.692273 0.689107 0.710385 0.040748 0.039620 0.105383 0.815662 0.850892 0.867023 0.029564 0.029564 0.045771 0.183796 2.031547 2.130753 0.104313 0.994100 2.020210 3.014934 2.022547 2.008423 0.065519 0.030677 0.045983 0.061637 0.017372 0.040398 0.046226 2.432472 2.432460 2.433978 1.435903 1.434850 0.425867 0.423721 0.425828 0.426549 1.429587 1.421590 0.406563 0.019153 0.505895 1.519167
0.535241 0.533307 1.476035 1.482869 1.462471 0.428092 0.042532 0.036268 0.014396 0.065041 0.061196 0.049874 0.042426 0.028969 0.064744 0.041128 0.647981 0.634945 0.031181 0.048348 0.041481 0.109137 0.056546 0.841505 0.848501 0.024330 0.024330 0.046332 0.280751 0.887322 2.052934 2.045782 2.073029 2.045779 2.036706 2.049938 1.031284 0.104481 0.116857 0.121518 0.035866 0.038593 0.029686 0.047526 2.415468 2.417452 1.417125 0.408140 0.404022 0.421793 0.419468 0.422312 0.425309 1.429687 1.421794 0.405790 0.023042 0.523827 1.541606
0.504327 0.493851 2.103777 3.277708 2.279263 1.189871 0.043604 0.029106 0.040016 0.044609 0.036812 0.074602 0.053585 0.046458 0.042952 0.516333 1.334216 0.547981 0.036727 0.048667 0.047142 0.029396 0.061435 0.780437 1.891052 0.034456 0.043021 0.043181 0.453043 0.428102 0.958054 3.027544 3.090321 3.084440 2.041652 2.063234 1.044536 0.105520 0.102275 0.082802 0.060705 0.052421 0.063788 0.051614 0.303499 0.266083 0.037485 0.018959 0.047447 0.036721 0.025475 0.019203 0.425038 1.437168 1.433810 1.431220 0.468523 1.503176 1.516301
0.418003 1.197749 3.321018 3.368402 2.357468 2.312613 1.335742 0.282462 0.035011 0.047448 0.037330 0.276232 0.284359 0.378210 0.414259 1.454610 2.470752 1.434432 0.330325 0.031379 0.035790 0.026725 0.071919 1.765729 1.852726 0.674185 0.624003 1.683195 1.706810 0.550391 0.950456 2.999042 3.054091 3.051343 3.049601 2.062015 1.026947 0.091087 0.072298 0.452144 0.436643 0.398968 0.037972 0.020424 0.031563 0.036216 0.038301 0.025369 0.061988 0.035728 0.420151 0.417426 1.442262 1.429179 1.421201 1.420026 0.472753 0.487322 0.501513
0.432419 2.305584 3.371639 3.387110 2.366287 2.343772 2.349983 1.342438 0.278464 0.319586 0.335732 1.388368 1.365724 0.417729 0.428950 1.499993 1.518264 1.496819 0.284955 0.209232 0.125763 0.884565 0.926666 1.757014 1.830772 1.761315 2.685373 3.742586 3.781852 1.747205 0.458100 0.869048 0.884458 1.989872 2.005116 0.939496 0.960880 0.057594 0.054787 0.451898 0.453460 0.430602 0.387567 0.032875 0.029320 0.017372 0.017372 0.086632 0.060495 1.434393 1.437829 1.440561 1.437917 0.411240 0.408193 0.424686 0.467424 0.464271 0.024926
1.305697 2.351407 3.367372 3.379307 2.365787 2.352752 2.359974 2.354635 1.371388 0.385387 0.393579 1.423832 0.307009 0.026786 0.014396 0.036169 0.031813 0.293954 0.943079 1.038426 0.990183 1.901155 1.947314 1.794397 1.826823 2.605400 3.721486 3.775320 2.749998 2.786285 0.702076 0.053159 0.036310 0.068466 0.938953 0.894009 0.917306 0.048055 0.050542 0.425752 0.443907 0.394657 0.375439 0.274541 0.035500 0.025704 0.025703 0.081811 0.059272 0.389113 1.440940 0.418541 0.401711 0.381966 0.018501 0.023750 0.484939 0.486065 0.025841
2.343451 2.356298 3.372176 3.379563 2.363064 2.349327 2.368028 1.345802 0.367637 0.361937 0.361563 0.338315 0.020337 0.031112 0.036510 0.033975 0.026954 0.213070 0.959579 1.057085 1.949775 1.918278 1.944181 0.779737 0.792693 1.704296 3.732246 2.768129 1.738281 1.756224 0.742017 0.024330 0.024330 0.031715 0.038262 0.747123 0.796941 0.048040 0.062236 0.043053 0.032105 0.325092 1.343855 1.359141 0.236573 0.212477 0.046227 0.067512 0.062218 0.046639 0.046318 0.017967 0.026115 0.254473 0.251866 0.031364 0.034461 0.037025 0.048866
2.363356 3.353263 3.370853 3.377359 2.354681 2.344412 1.336205 1.340471 0.326490 1.230022 1.241060 0.274329 0.207308 0.194598 0.173467 1.217034 0.179541 0.173605 1.041390 1.071837 1.048727 1.009794 0.939962 0.043631 0.049572 0.685815 1.725007 1.735675 1.724332 1.731186 0.731440 0.029564 0.029564 0.030967 0.436913 0.593483 0.646518 0.048800 0.073458 0.018959 0.045420 0.267184 1.360565 0.312117 0.230987 0.216015 0.038291 0.048210 0.047463 0.045555 0.017967 0.021034 0.026954 0.162595 0.186918 0.026146 0.031563 0.027306 -9999.000000
2.362665 3.351932 3.369041 3.378154 2.340309 3.295220 2.296519 1.316685 1.285887 2.275507 2.304460 1.258748 1.242465 1.243540 2.231902 1.229347 1.241729 0.183293 1.071287 1.093766 1.086764 1.085269 0.082810 0.066657 0.047125 0.702451 0.709542 0.717340 1.728970 1.733747 0.719973 0.024330 0.024330 0.037287 0.370110 0.449075 0.473168 0.031960 0.019082 0.026313 0.022514 0.018440 0.020531 0.145647 -9999.000000 -9999.000000 -9999.000000 -9999.000000 -9999.000000 -9999.000000 -9999.000000 -9999.000000 -9999.000000 -9999.000000 -9999.000000 -9999.000000 -9999.000000 -9999.000000 -9999.000000
2.374677 3.362794 3.399286 3.408348 2.341015 3.310554 3.325839 2.304958 2.309877 3.289452 3.325333 1.267651 2.227684 2.247737 2.252867 1.233183 1.248940 0.185232 1.081601 1.107452 1.108139 1.121517 0.106837 0.071225 0.698865 0.690177 0.701198 0.706257 0.696718 0.677512 0.014396 0.042034 0.031624 -9999.000000 -9999.000000 -9999.000000 -9999.000000 -9999.000000 -9999.000000 -9999.000000 -9999.000000 -9999.000000 -9999.000000 -9999.000000 -9999.000000 -9999.000000 -9999.000000 -9999.000000 -9999.000000 -9999.000000 -9999.000000 -9999.000000 -9999.000000 -9999.000000 -9999.000000 -9999.000000 -9999.000000 -9999.000000 -9999.000000
1.342164 1.342232 1.346620 1.379074 2.329952 4.234777 4.305066 4.302498 4.318290 3.302301 3.332025 1.262437 2.219198 2.241850 3.209366 3.231510 2.224691 1.200371 2.156010 2.201249 1.151560 1.171697 0.132800 0.085567 1.675182 1.657709 0.694658 0.696025 0.695971 0.636919 0.019310 0.101306 0.052913 -9999.000000 -9999.000000 -9999.000000 -9999.000000 -9999.000000 -9999.000000 -9999.000000 -9999.000000 -9999.000000 -9999.000000 -9999.000000 -9999.000000 -9999.000000 -9999.000000 -9999.000000 -9999.000000 -9999.000000 -9999.000000 -9999.000000 -9999.000000 -9999.000000 -9999.000000 -9999.000000 -9999.000000 -9999.000000 -9999.000000
1.340160 1.337817 1.340098 0.338567 1.295787 5.276488 4.317476 4.316890 4.323714 3.295127 3.320197 2.261784 2.244641 2.242902 3.204411 3.228338 3.233851 2.207236 2.155269 2.166572 2.202605 1.158953 0.139597 0.093948 1.695850 1.685415 0.702566 0.043653 0.027820 0.400973 0.237124 0.151961 -9999.000000 -9999.000000 -9999.000000 -9999.000000 -9999.000000 -9999.000000 -9999.000000 -9999.000000 -9999.000000 -9999.000000 -9999.000000 -9999.000000 -9999.000000 -9999.000000 -9999.000000 -9999.000000 -9999.000000 -9999.000000 -9999.000000 -9999.000000 -9999.000000 -9999.000000 -9999.000000 -9999.000000 -9999.000000 -9999.000000 -9999.000000
2.325126 2.314277 1.334916 0.334305 1.314933 5.285649 4.325258 3.311146 3.323601 2.285993 2.288948 2.268333 2.249681 2.246347 2.238222 2.228260 3.224623 2.252146 1.182584 1.148148 1.179212 0.137135 0.128628 0.079863 0.531261 0.526441 0.021932 0.014396 0.024994 0.300465 0.244189 0.134329 -9999.000000 -9999.000000 -9999.000000 -9999.000000 -9999.000000 -9999.000000 -9999.000000 -9999.000000 -9999.000000 -9999.000000 -9999.000000 -9999.000000 -9999.000000 -9999.000000 -9999.000000 -9999.000000 -9999.000000 -9999.000000 -9999.000000 -9999.000000 -9999.000000 -9999.000000 -9999.000000 -9999.000000 -9999.000000 -9999.000000 -9999.000000
4.320570 4.327609 2.310473 2.306396 4.291296 5.309685 4.319737 4.319267 2.298232 2.286103 2.288208 2.267917 2.244412 2.243771 2.236347 2.233581 2.254745 1.238293 1.235396 0.202477 0.196135 0.033180 0.044533 0.029136 0.039727 0.399752 0.339482 0.019994 0.156062 0.213070 0.147339 -9999.000000 -9999.000000 -9999.000000 -9999.000000 -9999.000000 -9999.000000 -9999.000000 -9999.000000 -9999.000000 -9999.000000 -9999.000000 -9999.000000 -9999.000000 -9999.000000 -9999.000000 -9999.000000 -9999.000000 -9999.000000 -9999.000000 -9999.000000 -9999.000000 -9999.000000 -9999.000000 -9999.000000 -9999.000000 -9999.000000 -9999.000000 -9999.000000
4.329118 4.328827 4.322723 3.323182 5.314528 4.317431 3.330245 4.321383 3.320976 2.305296 2.314755 1.310238 0.253783 0.218721 0.183850 1.152750 1.125756 0.152854 1.193621 1.189927 0.164741 0.048342 0.070823 0.021858 0.028557 0.314028 0.286370 0.151286 0.124440 0.121988 -9999.000000 -9999.000000 -9999.000000 -9999.000000 -9999.000000 -9999.000000 -9999.000000 -9999.000000 -9999.000000 -9999.000000 -9999.000000 -9999.000000 -9999.000000 -9999.000000 -9999.000000 -9999.000000 -9999.000000 -9999.000000 -9999.000000 -9999.000000 -9999.000000 -9999.000000 -9999.000000 -9999.000000 -9999.000000 -9999.000000 -9999.000000 -9999.000000 -9999.000000
4.331740 4.330532 4.332961 3.324476 4.323194 2.321936 2.334117 3.327656 2.318569 2.306982 2.316930 1.314030 0.252719 0.196918 0.134991 0.096398 0.894138 0.866149 0.138823 1.187620 0.128171 0.049495 0.029412 0.017372 0.032920 0.248788 0.229939 0.229663 -9999.000000 -9999.000000 -9999.000000 -9999.000000 -9999.000000 -9999.000000 -9999.000000 -9999.000000 -9999.000000 -9999.000000 -9999.000000 -9999.000000 -9999.000000 -9999.000000 -9999.000000 -9999.000000 -9999.000000 -9999.000000 -9999.000000 -9999.000000 -9999.000000 -9999.000000 -9999.000000 -9999.000000 -9999.000000 -9999.000000 -9999.000000 -9999.000000 -9999.000000 -9999.000000 -9999.000000
4.330952 4.330521 3.328648 3.326609 2.316484 2.324399 1.324788 1.323555 1.315672 2.291498 2.312083 1.294666 0.211914 0.142715 0.801306 0.739958 1.757569 0.848865 0.105105 0.034034 0.056126 0.070062 0.032799 0.017372 0.029610 0.022423 0.105892 0.152115 -9999.000000 -9999.000000 -9999.000000 -9999.000000 -9999.000000 -9999.000000 -9999.000000 -9999.000000 -9999.000000 -9999.000000 -9999.000000 -9999.000000 -9999.000000 -9999.000000 -9999.000000 -9999.000000 -9999.000000 -9999.000000 -9999.000000 -9999.000000 -9999.000000 -9999.000000 -9999.000000 -9999.000000 -9999.000000 -9999.000000 -9999.000000 -9999.000000 -9999.000000 -9999.000000 -9999.000000
4.332635 4.332118 3.330937 3.328656 2.320205 2.324710 1.330680 0.324117 0.321379 1.308173 0.271676 0.029488 0.029121 0.093332 0.801734 0.766042 1.845544 0.025337 0.026298 0.036004 0.018379 0.022300 0.024681 -9999.000000 -9999.000000 -9999.000000 -9999.000000 -9999.000000 -9999.000000 -9999.000000 -9999.000000 -9999.000000 -9999.000000 -9999.000000 -9999.000000 -9999.000000 -9999.000000 -9999.000000 -9999.000000 -9999.000000 -9999.000000 -9999.000000 -9999.000000 -9999.000000 -9999.000000 -9999.000000 -9999.000000 -9999.000000 -9999.000000 -9999.000000 -9999.000000 -9999.000000 -9999.000000 -9999.000000 -9999.000000 -9999.000000 -9999.000000 -9999.000000 -9999.000000
6.335397 5.334272 5.328836 4.331883 2.328302 2.328067 1.333416 0.317610 0.310713 0.281702 0.290584 0.017372 0.025703 0.064329 0.035184 0.536447 0.536555 0.014396 -9999.000000 -9999.000000 -9999.000000 -9999.000000 -9999.000000 -9999.000000 -9999.000000 -9999.000000 -9999.000000 -9999.000000 -9999.000000 -9999.000000 -9999.000000 -9999.000000 -9999.000000 -9999.000000 -9999.000000 -9999.000000 -9999.000000 -9999.000000 -9999.000000 -9999.000000 -9999.000000 -9999.000000 -9999.000000 -9999.000000 -9999.000000 -9999.000000 -9999.000000 -9999.000000 -9999.000000 -9999.000000 -9999.000000 -9999.000000 -9999.000000 -9999.000000 -9999.000000 -9999.000000 -9999.000000 -9999.000000 -9999.000000
7.328282 6.332464 6.329429 6.332153 1.310445 1.324769 1.336049 1.320627 1.315594 0.226670 0.020133 0.017372 0.025703 0.038348 0.047185 -9999.000000 -9999.000000 -9999.000000 -9999.000000 -9999.000000 -9999.000000 -9999.000000 -9999.000000 -9999.000000 -9999.000000 -9999.000000 -9999.000000 -9999.000000 -9999.000000 -9999.000000 -9999.000000 -9999.000000 -9999.000000 -9999.000000 -9999.000000 -9999.000000 -9999.000000 -9999.000000 -9999.000000 -9999.000000 -9999.000000 -9999.000000 -9999.000000 -9999.000000 -9999.000000 -9999.000000 -9999.000000 -9999.000000 -9999.000000 -9999.000000 -9999.000000 -9999.000000 -9999.000000 -9999.000000 -9999.000000 -9999.000000 -9999.000000 -9999.000000 -9999.000000
5.339218 6.328489 6.336445 6.343932 1.310728 0.269857 0.020180 0.239886 0.228833 0.186538 0.145130 0.027687 0.030113 -9999.000000 -9999.000000 -9999.000000 -9999.000000 -9999.000000 -9999.000000 -9999.000000 -9999.000000 -9999.000000 -9999.000000 -9999.000000 -9999.000000 -9999.000000 -9999.000000 -9999.000000 -9999.000000 -9999.000000 -9999.000000 -9999.000000 -9999.000000 -9999.000000 -9999.000000 -9999.000000 -9999.000000 -9999.000000 -9999.000000 -9999.000000 -9999.000000 -9999.000000 -9999.000000 -9999.000000 -9999.000000 -9999.000000 -9999.000000 -9999.000000 -9999.000000 -9999.000000 -9999.000000 -9999.000000 -9999.000000 -9999.000000 -9999.000000 -9999.000000 -9999.000000 -9999.000000 -9999.000000
3.338259 4.342974 5.332933 3.322426 1.281236 0.033223 0.017372 0.033211 0.020881 0.125496 0.081304 -9999.000000 -9999.000000 -9999.000000 -9999.000000 -9999.000000 -9999.000000 -9999.000000 -9999.000000 -9999.000000 -9999.000000 -9999.000000 -9999.000000 -9999.000000 -9999.000000 -9999.000000 -9999.000000 -9999.000000 -9999.000000 -9999.000000 -9999.000000 -9999.000000 -9999.000000 -9999.000000 -9999.000000 -9999.000000 -9999.000000 -9999.000000 -9999.000000 -9999.000000 -9999.000000 -9999.000000 -9999.000000 -9999.000000 -9999.000000 -9999.000000 -9999.000000 -9999.000000 -9999.000000 -9999.000000 -9999.000000 -9999.000000 -9999.000000 -9999.000000 -9999.000000 -9999.000000 -9999.000000 -9999.000000 -9999.000000
2.328085 2.326303 2.327392 1.318836 0.024585 0.047040 0.017372 0.027137 0.066855 0.070602 -9999.000000 -9999.000000 -9999.000000 -9999.000000 -9999.000000 -9999.000000 -9999.000000 -9999.000000 -9999.000000 -9999.000000 -9999.000000 -9999.000000 -9999.000000 -9999.000000 -9999.000000 -9999.000000 -9999.000000 -9999.000000 -9999.000000 -9999.000000 -9999.000000 -9999.000000 -9999.000000 -9999.000000 -9999.000000 -9999.000000 -9999.000000 -9999.000000 -9999.000000 -9999.000000 -9999.000000 -9999.000000 -9999.000000 -9999.000000 -9999.000000 -9999.000000 -9999.000000 -9999.000000 -9999.000000 -9999.000000 -9999.000000 -9999.000000 -9999.000000 -9999.000000 -9999.000000 -9999.000000 -9999.000000 -9999.000000 -9999.000000
2.331906 1.328761 1.329525 1.324800 0.278656 0.038080 0.038800 0.057112 0.041407 -9999.000000 -9999.000000 -9999.000000 -9999.000000 -9999.000000 -9999.000000 -9999.000000 -9999.000000 -9999.000000 -9999.000000 -9999.000000 -9999.000000 -9999.000000 -9999.000000 -9999.000000 -9999.000000 -9999.000000 -9999.000000 -9999.000000 -9999.000000 -9999.000000 -9999.000000 -9999.000000 -9999.000000 -9999.000000 -9999.000000 -9999.000000 -9999.000000 -9999.000000 -9999.000000 -9999.000000 -9999.000000 -9999.000000 -9999.000000 -9999.000000 -9999.000000 -9999.000000 -9999.000000 -9999.000000 -9999.000000 -9999.000000 -9999.000000 -9999.000000 -9999.000000 -9999.000000 -9999.000000 -9999.000000 -9999.000000 -9999.000000 -9999.000000
