use_cases/Flooding_chicago/flooding_data/output/h_2460.asc
ncols 337
nrows 393
xllcorner 428428.000000
yllcorner 4602440.000000
cellsize 26.757400
NODATA_value -9999.000000
[rows 216 to 242 of 393, columns 236 to 294 of 337]
0.177501 0.697991 0.701556 0.660932 0.638434 0.616187 0.581338 0.545720 0.499245 0.421873 0.036233 0.014397 0.035817 0.502565 0.459986 0.224132 0.113289 0.162814 0.677737 0.588397 0.539744 0.345882 0.261282 0.256499 1.160847 1.200972 1.243514 0.197285 0.131386 1.016713 0.997731 0.998650 0.963158 0.784264 1.514665 1.531524 2.494348 1.575513 0.481229 0.262921 1.052988 2.126138 2.145529 2.144960 1.131608 0.119099 0.079999 0.061609 -9999.000000 -9999.000000 -9999.000000 -9999.000000 -9999.000000 -9999.000000 -9999.000000 -9999.000000 -9999.000000 -9999.000000 -9999.000000
0.255217 0.173735 0.137209 0.109316 0.081894 0.615489 0.606728 0.596920 0.569192 0.024121 0.045433 0.053483 0.039178 0.648593 0.646030 0.022591 0.022591 0.091274 0.607585 0.364788 0.213309 0.244453 0.294439 0.213136 0.139245 0.446835 0.037126 0.040402 0.036250 0.027739 1.000385 1.011109 1.011255 0.081225 0.376525 0.372924 1.439831 1.466723 0.485740 0.992580 2.094757 2.092883 2.108098 1.039172 0.093189 0.083484 -9999.000000 -9999.000000 -9999.000000 -9999.000000 -9999.000000 -9999.000000 -9999.000000 -9999.000000 -9999.000000 -9999.000000 -9999.000000 -9999.000000 -9999.000000
0.303376 0.057263 0.071297 0.058706 0.142240 0.581688 0.604413 0.634028 0.620278 0.645668 0.031761 0.041633 0.801559 1.814389 1.836259 0.022591 0.022591 0.163296 1.006181 0.141379 0.206509 0.191496 0.304275 0.258797 0.196711 0.134307 1.071736 0.053483 0.041124 0.033137 0.020973 0.259038 0.292861 0.188728 0.123812 0.068513 0.485461 0.589907 0.516689 0.937491 0.937827 0.939924 0.900100 0.343785 0.021034 0.017967 -9999.000000 -9999.000000 -9999.000000 -9999.000000 -9999.000000 -9999.000000 -9999.000000 -9999.000000 -9999.000000 -9999.000000 -9999.000000 -9999.000000 -9999.000000
0.103587 0.106804 0.115491 0.100508 0.212444 0.151564 0.109637 0.622724 0.644906 0.667667 0.716823 0.779575 1.757794 2.757877 2.772360 0.793398 0.605721 1.246082 1.225678 1.324453 0.149894 0.117797 0.081050 0.160391 1.109604 1.141617 1.016397 0.931670 0.797914 0.758256 0.680372 1.502644 0.541547 0.047741 0.037845 0.027154 0.034752 0.744941 0.819374 0.027401 0.485121 0.526275 0.513735 0.479717 0.017967 -9999.000000 -9999.000000 -9999.000000 -9999.000000 -9999.000000 -9999.000000 -9999.000000 -9999.000000 -9999.000000 -9999.000000 -9999.000000 -9999.000000 -9999.000000 -9999.000000
0.033150 0.122376 0.148720 0.161329 0.132012 0.092722 0.185963 0.123517 0.589168 0.597670 0.056798 0.727830 1.789582 2.718100 1.801929 0.750086 0.548340 0.449493 1.046935 0.129528 0.098866 0.049509 0.115335 0.149337 0.974328 1.085259 0.068630 0.041087 0.664400 0.698987 0.659984 1.470904 1.519169 0.029684 0.032778 0.025628 0.032923 1.929617 1.005415 0.054694 0.578779 0.633770 0.581987 0.373668 -9999.000000 -9999.000000 -9999.000000 -9999.000000 -9999.000000 -9999.000000 -9999.000000 -9999.000000 -9999.000000 -9999.000000 -9999.000000 -9999.000000 -9999.000000 -9999.000000 -9999.000000
0.040688 0.037870 0.027871 0.206982 0.195745 0.159729 0.124493 0.104966 0.126528 0.114303 0.059274 0.136513 1.702828 1.765596 1.821268 0.864288 0.017952 0.508447 0.419244 0.025306 0.060311 0.037737 0.096590 0.096901 0.311426 0.387875 0.031547 0.032753 0.112722 0.104500 0.120538 0.083644 1.390401 1.339778 1.405026 1.264043 1.967989 1.956693 2.033047 2.073489 0.865121 0.817174 0.732574 0.014397 -9999.000000 -9999.000000 -9999.000000 -9999.000000 -9999.000000 -9999.000000 -9999.000000 -9999.000000 -9999.000000 -9999.000000 -9999.000000 -9999.000000 -9999.000000 -9999.000000 -9999.000000
0.316563 0.026878 0.029014 0.241593 0.235080 0.184950 0.170899 0.192065 0.021034 0.017967 0.139088 0.103380 0.164696 0.650357 1.758185 0.883468 0.967847 0.729099 0.030698 0.028954 0.294817 0.258416 0.191629 0.124796 0.159881 0.487594 0.051384 0.027518 0.024484 0.037223 0.193038 0.139199 0.491364 1.240144 1.385432 1.198840 0.980099 0.913199 1.924206 2.001291 2.006612 0.952321 0.033424 -9999.000000 -9999.000000 -9999.000000 -9999.000000 -9999.000000 -9999.000000 -9999.000000 -9999.000000 -9999.000000 -9999.000000 -9999.000000 -9999.000000 -9999.000000 -9999.000000 -9999.000000 -9999.000000
1.334050 1.351531 0.019722 0.276142 0.284993 0.017967 0.021034 0.237881 0.017967 0.225969 0.205243 0.181148 0.119494 0.445126 0.737725 0.768374 0.809819 0.095356 0.047032 0.041606 0.245910 0.244867 0.212980 0.172359 0.276380 0.211906 0.036156 0.042077 0.027457 0.059561 0.271146 0.144061 0.548341 1.229831 1.423606 0.407545 0.264785 0.196621 0.827047 1.988059 1.980783 0.952027 0.014397 -9999.000000 -9999.000000 -9999.000000 -9999.000000 -9999.000000 -9999.000000 -9999.000000 -9999.000000 -9999.000000 -9999.000000 -9999.000000 -9999.000000 -9999.000000 -9999.000000 -9999.000000 -9999.000000
1.337495 1.357069 0.316737 0.303022 0.315208 0.310139 0.017967 0.252905 1.306916 1.316872 0.257673 0.234477 0.183044 0.672870 0.659655 0.414457 0.416768 0.058252 0.072916 0.053704 0.067299 0.047175 0.223635 0.237510 0.165046 0.112495 0.062741 0.038954 0.154457 0.097045 0.370459 0.712154 1.840585 0.692516 0.480213 0.505572 0.048561 0.044060 0.055555 0.916215 1.966416 0.954088 0.037476 -9999.000000 -9999.000000 -9999.000000 -9999.000000 -9999.000000 -9999.000000 -9999.000000 -9999.000000 -9999.000000 -9999.000000 -9999.000000 -9999.000000 -9999.000000 -9999.000000 -9999.000000 -9999.000000
1.314146 1.345018 1.345075 1.318714 1.354580 1.333260 1.326732 1.318111 1.304574 1.297504 1.286526 1.281697 1.252422 1.018047 0.945270 0.077143 0.098763 0.105828 0.095986 0.066567 0.062861 0.079121 0.051232 0.296608 0.226012 0.147042 0.325539 0.263395 0.189035 0.118749 0.499786 0.651355 1.653735 0.707913 0.062172 0.058708 0.073952 0.079139 0.050666 0.102413 0.858237 0.917726 0.021828 -9999.000000 -9999.000000 -9999.000000 -9999.000000 -9999.000000 -9999.000000 -9999.000000 -9999.000000 -9999.000000 -9999.000000 -9999.000000 -9999.000000 -9999.000000 -9999.000000 -9999.000000 -9999.000000
1.320568 1.347624 1.338224 2.309764 2.335146 2.326020 2.335402 1.312075 1.305921 1.297556 2.277137 2.302978 2.322384 1.125811 0.155041 0.146763 0.152628 0.136727 0.114007 0.081654 0.036751 0.083229 0.045508 0.362511 0.238499 0.157600 0.277202 0.221307 0.145336 0.092766 0.672717 0.601359 0.327401 0.290513 0.037178 0.050240 0.047039 0.052421 0.037605 0.049384 0.141415 0.022210 -9999.000000 -9999.000000 -9999.000000 -9999.000000 -9999.000000 -9999.000000 -9999.000000 -9999.000000 -9999.000000 -9999.000000 -9999.000000 -9999.000000 -9999.000000 -9999.000000 -9999.000000 -9999.000000 -9999.000000
0.242422 0.034950 0.239092 1.306250 1.334651 1.318383 1.318915 1.303892 1.293603 1.292020 2.266680 2.279935 2.294005 0.157635 0.143504 0.153978 0.178012 0.153440 0.118355 0.064749 0.092546 0.081719 0.528299 0.534349 0.024941 0.025520 0.034981 0.126660 0.933300 1.015944 0.926003 0.917225 0.060316 0.074090 0.027199 0.033958 0.027534 0.081703 0.056482 0.086432 0.055580 0.039787 -9999.000000 -9999.000000 -9999.000000 -9999.000000 -9999.000000 -9999.000000 -9999.000000 -9999.000000 -9999.000000 -9999.000000 -9999.000000 -9999.000000 -9999.000000 -9999.000000 -9999.000000 -9999.000000 -9999.000000
0.078322 0.079475 0.046471 0.255978 1.188858 0.282202 0.293979 0.359448 0.341353 1.225862 1.188445 1.171739 1.187320 0.030831 0.035545 0.028236 0.215188 0.165596 0.107083 0.150987 0.080239 0.103524 0.053764 0.567774 0.031349 0.035012 0.021111 0.128791 0.103112 1.040101 2.086188 2.103984 0.111219 0.110905 0.033958 0.043022 0.035087 0.096458 0.067314 0.088876 0.055960 0.035547 -9999.000000 -9999.000000 -9999.000000 -9999.000000 -9999.000000 -9999.000000 -9999.000000 -9999.000000 -9999.000000 -9999.000000 -9999.000000 -9999.000000 -9999.000000 -9999.000000 -9999.000000 -9999.000000 -9999.000000
0.041724 0.033242 0.021049 0.132441 0.503642 0.062494 0.031246 1.492916 0.442113 0.423581 0.438841 0.427905 0.429437 0.022591 0.022591 0.036888 0.302738 0.018441 0.076180 0.087991 0.109794 0.086855 0.049660 0.587968 0.635145 0.020973 0.030929 0.130829 0.141054 0.983759 2.049938 2.087733 1.152037 0.117281 0.027596 0.035285 0.034294 0.030860 0.024696 0.048348 -9999.000000 -9999.000000 -9999.000000 -9999.000000 -9999.000000 -9999.000000 -9999.000000 -9999.000000 -9999.000000 -9999.000000 -9999.000000 -9999.000000 -9999.000000 -9999.000000 -9999.000000 -9999.000000 -9999.000000 -9999.000000 -9999.000000
0.027260 0.025642 0.347481 0.277580 0.204111 0.140667 0.507185 1.487485 1.510267 0.468763 0.467395 0.453021 0.457436 0.022591 0.022591 0.037026 0.340636 0.023384 0.014397 0.050620 0.392905 1.651688 1.703472 1.570374 1.375850 1.102944 1.108745 1.203085 1.176833 2.048731 2.122370 2.180554 1.140977 1.133539 0.098400 0.173612 0.037254 0.024330 0.023323 -9999.000000 -9999.000000 -9999.000000 -9999.000000 -9999.000000 -9999.000000 -9999.000000 -9999.000000 -9999.000000 -9999.000000 -9999.000000 -9999.000000 -9999.000000 -9999.000000 -9999.000000 -9999.000000 -9999.000000 -9999.000000 -9999.000000 -9999.000000
0.498013 0.517018 0.414208 0.345208 0.272621 0.173947 1.506645 1.505928 2.525081 2.539745 2.542752 0.471794 0.461639 0.039299 0.039604 0.029182 0.350161 0.352135 0.019310 0.032021 0.374353 1.413203 1.443404 1.335721 1.244364 0.983852 0.969397 1.851062 2.090206 3.114881 2.101298 2.156891 1.066322 0.985381 0.664361 0.771608 0.028466 -9999.000000 -9999.000000 -9999.000000 -9999.000000 -9999.000000 -9999.000000 -9999.000000 -9999.000000 -9999.000000 -9999.000000 -9999.000000 -9999.000000 -9999.000000 -9999.000000 -9999.000000 -9999.000000 -9999.000000 -9999.000000 -9999.000000 -9999.000000 -9999.000000 -9999.000000
1.476859 0.507150 0.424309 0.362376 0.286569 0.153068 1.489760 1.497051 2.488262 2.501559 2.508295 0.464626 0.024972 0.027183 0.294803 0.332665 1.362509 0.326665 0.203516 0.355719 0.563488 0.689361 0.689584 0.617472 0.370078 0.206092 0.194567 1.972390 2.143396 2.148899 1.053171 2.069007 1.029552 0.936213 0.693114 -9999.000000 -9999.000000 -9999.000000 -9999.000000 -9999.000000 -9999.000000 -9999.000000 -9999.000000 -9999.000000 -9999.000000 -9999.000000 -9999.000000 -9999.000000 -9999.000000 -9999.000000 -9999.000000 -9999.000000 -9999.000000 -9999.000000 -9999.000000 -9999.000000 -9999.000000 -9999.000000 -9999.000000
1.474281 0.530509 0.413443 0.360650 0.277773 0.570865 1.453632 1.504418 1.511871 1.526860 0.451274 0.025505 0.029716 0.385321 1.374704 1.393361 2.378619 1.389060 0.234198 0.197731 0.123006 0.679254 0.715408 0.644280 0.336845 0.192284 0.219063 0.143488 1.142053 0.152587 0.108679 1.000349 1.010453 0.906211 0.684511 -9999.000000 -9999.000000 -9999.000000 -9999.000000 -9999.000000 -9999.000000 -9999.000000 -9999.000000 -9999.000000 -9999.000000 -9999.000000 -9999.000000 -9999.000000 -9999.000000 -9999.000000 -9999.000000 -9999.000000 -9999.000000 -9999.000000 -9999.000000 -9999.000000 -9999.000000 -9999.000000 -9999.000000
0.550487 0.592476 0.055108 0.066963 0.052498 0.070410 1.490034 0.500600 0.502985 0.034416 0.043315 0.014397 0.026558 0.368493 1.309141 2.349586 2.369869 1.381722 0.201086 0.088892 1.110758 2.014676 2.112295 1.012051 0.063509 0.030205 0.049880 1.088058 1.125230 2.159878 1.125681 1.095262 1.078576 0.045114 0.025515 -9999.000000 -9999.000000 -9999.000000 -9999.000000 -9999.000000 -9999.000000 -9999.000000 -9999.000000 -9999.000000 -9999.000000 -9999.000000 -9999.000000 -9999.000000 -9999.000000 -9999.000000 -9999.000000 -9999.000000 -9999.000000 -9999.000000 -9999.000000 -9999.000000 -9999.000000 -9999.000000 -9999.000000
0.509132 0.646506 0.093757 0.107443 0.092706 0.055000 0.098948 0.086220 0.084981 0.017372 0.017373 0.031746 0.456458 1.579356 0.434960 0.391836 0.338769 0.252420 0.393884 0.358581 1.979911 3.075823 3.144258 1.099425 0.079899 0.099343 0.082773 0.125680 1.115930 2.141705 2.135839 2.145379 0.081881 0.144236 0.092569 -9999.000000 -9999.000000 -9999.000000 -9999.000000 -9999.000000 -9999.000000 -9999.000000 -9999.000000 -9999.000000 -9999.000000 -9999.000000 -9999.000000 -9999.000000 -9999.000000 -9999.000000 -9999.000000 -9999.000000 -9999.000000 -9999.000000 -9999.000000 -9999.000000 -9999.000000 -9999.000000 -9999.000000
0.159506 0.225366 0.159172 0.142129 0.119361 0.078287 0.138908 0.117181 0.111267 0.109332 0.071388 0.511749 1.558739 1.559518 0.028068 0.034722 0.027581 0.141197 0.263136 1.897336 2.087759 2.962546 2.009276 1.041286 0.060340 0.075885 0.115043 0.091820 1.102214 2.022758 1.111147 1.107344 0.074212 0.120585 0.068519 -9999.000000 -9999.000000 -9999.000000 -9999.000000 -9999.000000 -9999.000000 -9999.000000 -9999.000000 -9999.000000 -9999.000000 -9999.000000 -9999.000000 -9999.000000 -9999.000000 -9999.000000 -9999.000000 -9999.000000 -9999.000000 -9999.000000 -9999.000000 -9999.000000 -9999.000000 -9999.000000 -9999.000000
0.252946 0.375420 0.040230 0.048104 0.042091 0.029213 0.034432 0.103414 0.116356 0.108346 0.581829 1.613855 3.577975 1.603246 0.037314 0.045037 0.034920 0.091045 0.263193 1.896632 2.067735 0.978500 0.109131 0.028587 0.028587 0.066574 0.135064 0.142709 0.096154 0.304765 0.051048 0.036873 0.061791 0.071941 -9999.000000 -9999.000000 -9999.000000 -9999.000000 -9999.000000 -9999.000000 -9999.000000 -9999.000000 -9999.000000 -9999.000000 -9999.000000 -9999.000000 -9999.000000 -9999.000000 -9999.000000 -9999.000000 -9999.000000 -9999.000000 -9999.000000 -9999.000000 -9999.000000 -9999.000000 -9999.000000 -9999.000000 -9999.000000
0.266120 0.373009 0.064538 0.070365 0.056489 0.032982 0.046455 0.100365 0.095331 0.104603 0.598380 1.629324 3.553113 2.629810 1.599564 0.038827 0.028892 0.052102 0.351496 1.107216 1.197367 0.197630 0.044669 0.024330 0.024330 0.039375 0.046197 0.157143 0.157113 0.107388 0.107028 0.017967 0.021126 -9999.000000 -9999.000000 -9999.000000 -9999.000000 -9999.000000 -9999.000000 -9999.000000 -9999.000000 -9999.000000 -9999.000000 -9999.000000 -9999.000000 -9999.000000 -9999.000000 -9999.000000 -9999.000000 -9999.000000 -9999.000000 -9999.000000 -9999.000000 -9999.000000 -9999.000000 -9999.000000 -9999.000000 -9999.000000 -9999.000000
0.133371 0.112174 0.105400 0.084679 0.047203 0.111381 0.054955 0.098228 0.671548 0.710119 1.620161 1.638984 3.561048 2.623009 1.604508 0.442708 0.302652 0.771270 0.636421 1.134845 0.189858 0.198081 0.071832 0.029564 0.029564 0.058342 0.084179 0.166816 0.168558 0.117348 0.017967 0.021034 -9999.000000 -9999.000000 -9999.000000 -9999.000000 -9999.000000 -9999.000000 -9999.000000 -9999.000000 -9999.000000 -9999.000000 -9999.000000 -9999.000000 -9999.000000 -9999.000000 -9999.000000 -9999.000000 -9999.000000 -9999.000000 -9999.000000 -9999.000000 -9999.000000 -9999.000000 -9999.000000 -9999.000000 -9999.000000 -9999.000000 -9999.000000
0.105888 0.062338 0.123176 0.082787 0.169578 0.110023 0.115293 0.646134 0.684853 1.646767 1.631436 1.621015 3.527431 2.608057 1.512048 1.376945 1.243288 0.935039 1.748458 0.737165 0.114207 0.083535 0.091338 0.024330 0.024330 0.076988 0.119373 0.080833 0.036338 -9999.000000 -9999.000000 -9999.000000 -9999.000000 -9999.000000 -9999.000000 -9999.000000 -9999.000000 -9999.000000 -9999.000000 -9999.000000 -9999.000000 -9999.000000 -9999.000000 -9999.000000 -9999.000000 -9999.000000 -9999.000000 -9999.000000 -9999.000000 -9999.000000 -9999.000000 -9999.000000 -9999.000000 -9999.000000 -9999.000000 -9999.000000 -9999.000000 -9999.000000 -9999.000000
0.156990 0.086326 0.040999 0.078437 0.157525 0.097557 0.552404 1.678927 1.712801 2.673161 1.614646 1.622905 2.587448 2.630088 0.533168 0.401515 0.291424 0.194010 0.154442 0.054238 0.069297 0.064598 0.041785 0.209312 0.167487 0.076684 0.072747 0.032813 -9999.000000 -9999.000000 -9999.000000 -9999.000000 -9999.000000 -9999.000000 -9999.000000 -9999.000000 -9999.000000 -9999.000000 -9999.000000 -9999.000000 -9999.000000 -9999.000000 -9999.000000 -9999.000000 -9999.000000 -9999.000000 -9999.000000 -9999.000000 -9999.000000 -9999.000000 -9999.000000 -9999.000000 -9999.000000 -9999.000000 -9999.000000 -9999.000000 -9999.000000 -9999.000000 -9999.000000
0.183468 0.297951 0.231086 0.130364 0.061546 0.401439 1.460795 1.663602 1.677453 1.695471 0.657362 1.585994 2.613031 1.598566 0.072640 0.034370 0.046089 0.049324 0.063668 0.065682 0.060157 0.052636 0.036507 0.044853 0.023613 0.049048 0.025353 -9999.000000 -9999.000000 -9999.000000 -9999.000000 -9999.000000 -9999.000000 -9999.000000 -9999.000000 -9999.000000 -9999.000000 -9999.000000 -9999.000000 -9999.000000 -9999.000000 -9999.000000 -9999.000000 -9999.000000 -9999.000000 -9999.000000 -9999.000000 -9999.000000 -9999.000000 -9999.000000 -9999.000000 -9999.000000 -9999.000000 -9999.000000 -9999.000000 -9999.000000 -9999.000000 -9999.000000 -9999.000000
