use_cases/Flooding_chicago/flooding_data/output/h_2460.asc
ncols 337
nrows 393
xllcorner 428428.000000
yllcorner 4602440.000000
cellsize 26.757400
NODATA_value -9999.000000
[rows 270 to 296 of 393, columns 59 to 117 of 337]
0.093727 0.108895 0.115196 0.059868 0.033821 0.035835 0.086280 0.047142 0.224587 0.040276 0.022591 0.022591 0.061248 0.040169 1.279880 2.286737 2.282510 1.284755 0.211123 0.017372 0.031640 0.333160 0.192496 0.033485 0.025581 0.033959 0.042183 0.042975 0.537913 2.758889 2.769424 1.778852 2.793872 2.744245 0.836899 0.874778 0.857403 0.829285 0.770404 0.759685 0.069724 0.143912 0.155656 0.123232 0.641674 0.621382 0.594814 1.673716 1.663291 1.659208 2.704061 2.695670 2.686912 1.739553 1.756477 1.744383 1.747437 1.740701 1.734327
0.052910 0.055199 0.061102 0.082009 0.034111 0.034721 0.060845 1.332892 1.322458 0.297448 0.054863 0.071983 0.066032 0.059029 1.267542 3.289591 3.286951 2.291652 0.246970 0.017372 0.026329 0.418577 0.061834 0.025704 0.033257 0.026877 0.036553 0.043083 0.536963 1.729264 2.787658 2.823442 2.798272 3.766026 1.668644 0.874198 0.885047 0.837550 0.758080 0.043635 0.014397 0.208215 0.207662 0.189744 0.157400 0.155688 0.075846 0.617754 0.554604 0.598265 1.597116 1.599087 1.721229 1.706639 1.730187 0.712344 0.661695 0.701801 0.756187
0.076012 0.073555 0.076164 0.085259 0.032524 0.032708 0.049995 1.342295 1.338704 0.297051 0.048912 0.063667 0.051171 0.045724 1.264291 3.278668 3.276866 2.287294 0.230479 0.152002 0.669462 0.613410 0.122678 0.027398 0.041465 0.033227 0.032722 0.049644 0.047187 0.074507 1.742411 2.771132 2.772437 3.733403 2.579709 1.947864 1.970486 0.795211 0.076333 0.018028 0.269950 0.255753 0.249085 0.232679 0.222067 0.222204 0.024925 0.025841 0.072964 0.109133 0.781159 0.808050 1.659772 0.744689 0.675484 0.052709 0.059431 0.100229 0.811766
0.069283 0.057580 0.057274 0.062843 0.025384 0.025443 0.041207 1.341070 1.336624 0.294198 0.044334 0.050162 0.356458 0.351791 2.273613 2.285066 0.243963 0.233369 0.217509 0.153344 1.657359 0.598983 0.131159 0.186042 0.035301 0.027168 0.033363 0.033212 0.039956 0.051565 0.094082 0.612658 1.769358 1.736831 1.704048 1.765582 1.844851 0.815505 0.140581 0.021003 0.264336 1.273630 1.285040 0.255514 0.248571 0.250138 0.031151 0.036080 0.021355 0.186411 0.844347 0.926904 0.915444 0.781006 0.043411 0.070651 0.014397 0.176642 0.800947
0.043175 0.079689 0.070871 0.070442 0.068097 0.030587 0.028343 1.339350 1.334129 0.291999 0.046028 0.058830 0.045739 0.033654 1.271702 0.221471 0.024833 0.027946 0.019446 0.160395 0.633846 0.082990 0.027688 0.034874 0.036507 0.053168 0.080952 0.049919 0.058342 0.032952 0.099236 0.150332 0.604800 0.615177 0.630493 0.895706 2.091862 2.130044 1.205150 0.018028 0.297351 0.290485 0.280993 0.258623 0.252582 0.253329 0.024925 0.025841 0.285759 1.283927 2.070167 2.173189 1.158158 0.135239 0.025703 0.026909 0.274551 0.265163 0.179680
0.056477 0.080254 0.272073 0.274223 0.079430 0.102745 0.211540 1.346506 1.336138 0.288338 0.047906 0.061731 0.058464 0.048653 0.029854 0.025826 0.029458 0.025001 0.240868 0.230264 0.190617 0.020180 0.017372 0.017373 0.038902 0.036156 0.047433 0.054193 0.048653 0.189692 0.209162 0.162484 0.370576 0.020347 0.072161 0.894917 2.164623 3.281215 3.269031 0.325083 0.315456 0.307439 0.295063 0.036354 0.044441 0.032997 0.346383 0.348987 1.338185 1.279777 2.019259 2.057246 1.173114 0.197591 0.033302 0.039375 0.026909 0.316391 0.234950
0.088570 0.058051 0.307242 0.311887 0.272713 0.155411 0.152676 0.231712 0.244317 0.031410 0.052696 0.059211 0.054375 0.035667 0.236754 0.257935 1.292796 1.299238 1.292536 0.252104 0.241328 0.252959 0.027229 0.033025 0.028160 0.112433 0.073402 0.108146 0.139077 0.217338 1.286297 1.322702 0.219613 0.023583 0.040094 0.201097 3.371066 6.418117 5.346492 1.399556 0.352342 0.337824 0.036598 0.059289 0.065865 0.047173 0.353238 0.355065 1.348176 1.335449 0.280911 0.277110 1.254728 0.266887 0.031472 0.033271 0.025688 0.369325 0.048210
0.061439 0.171309 0.222009 0.240317 0.251626 0.110453 0.099891 0.163078 0.164848 0.028252 0.039802 0.042626 0.034492 0.560941 0.171863 0.247852 1.292261 1.293161 1.290758 0.253988 0.239411 0.244118 0.187203 0.160900 0.141228 0.070804 1.182746 0.134896 0.173810 0.217268 1.276970 1.311213 0.225939 0.022591 0.022591 0.035337 3.282063 6.333163 5.277183 2.367553 1.371853 0.322179 0.046089 0.068900 0.082238 0.018089 0.353633 0.360907 1.373789 1.365230 1.404082 1.404512 1.345891 0.339441 0.020332 0.428248 0.430804 0.410619 0.054237
0.082145 0.889812 0.962939 0.955866 0.176126 0.179346 0.085840 0.070198 0.195611 0.035347 0.051368 0.064323 0.041039 0.550585 0.106210 0.025643 0.030295 1.299281 1.295224 0.251482 0.028053 0.024804 0.206520 0.194719 0.155283 0.076871 1.183997 0.151558 0.077959 0.078437 0.056146 0.047509 0.047065 0.022591 0.022591 0.031363 2.282399 5.320868 5.273989 2.372827 1.359271 0.337737 0.037208 0.060982 0.021660 0.021660 0.028503 0.341833 1.415522 2.447872 3.448776 2.438774 2.436793 1.433506 0.423294 0.433081 0.433065 0.393363 0.049797
0.917538 0.958450 0.983020 0.983073 0.123435 0.146812 0.145484 0.167708 0.260887 0.243161 0.092918 0.034112 0.474880 0.478382 0.071995 0.030220 0.050698 0.052787 0.051705 0.047020 0.044533 0.028449 0.204126 0.201223 0.014397 0.095593 0.152616 0.155022 0.081963 0.080131 0.057274 0.050474 0.014397 0.038011 0.037261 0.309460 2.352869 4.370732 4.317870 2.373985 1.348835 0.393437 0.375151 0.035851 0.018089 0.040581 0.027779 0.395107 1.417081 2.424800 3.425271 3.430033 3.436711 3.435347 2.429598 1.430754 1.427888 0.401374 0.023506
0.973128 0.936620 0.975644 0.048516 0.098946 0.109806 0.091571 0.589194 0.211877 0.283213 0.123844 0.021691 0.476941 0.471196 0.065892 0.126579 0.053168 0.072961 0.071525 0.060540 0.036750 0.182183 0.182383 0.165091 0.114204 0.048715 0.055014 0.093499 0.121772 0.194333 0.150293 0.128931 0.019310 0.035957 0.280020 1.407771 3.352246 4.322280 4.243715 3.388088 2.423117 2.427565 1.417731 0.360420 0.021096 0.420874 0.435691 0.417132 1.412983 2.420715 2.427461 3.406232 4.415427 4.415483 3.422801 2.422668 1.422465 1.418849 0.022942
0.944070 0.860392 0.023795 0.043282 0.062766 0.058342 0.524279 0.568892 0.634130 0.134226 0.232002 0.313669 0.408413 1.432458 0.274861 0.097192 0.057091 1.079413 1.079323 0.055625 0.212029 0.179075 0.163933 0.140695 0.092335 0.109368 0.082285 0.108089 0.113736 0.139388 0.333304 0.313297 0.314527 0.326743 1.398326 1.398071 2.367661 2.382293 2.323572 3.391729 3.396452 3.393817 2.408295 1.394865 0.354334 0.429810 0.428731 1.445865 2.444305 2.430193 2.434171 2.421443 3.427373 3.423542 2.429223 1.411565 0.436640 0.428052 0.033344
0.021476 0.490241 0.277972 0.247242 0.255673 0.280187 0.408877 0.409089 0.108747 0.170587 0.262619 0.323056 0.371227 0.374538 0.039147 0.037682 0.021492 0.074959 0.071266 0.057305 0.027855 0.132592 0.110955 0.092803 0.059868 0.072395 0.096382 0.059746 0.112313 0.112649 0.313214 1.386433 1.426099 1.434982 1.417059 1.412904 2.379787 2.396660 1.393913 2.340836 2.365050 3.411057 3.417143 2.399246 1.433507 1.442786 1.444462 2.444047 2.431605 2.427044 2.421666 1.405033 3.416128 2.422274 1.414404 0.443703 0.440496 0.431705 0.398583
0.045411 0.865038 0.806071 0.867652 0.152852 0.156940 0.897718 0.217370 0.077491 0.022942 0.023566 0.330600 0.290019 0.033958 0.037696 0.027397 0.036324 0.021309 0.051887 0.037574 0.064964 0.076531 0.281359 0.187142 0.457179 0.032037 0.092324 0.050179 0.054910 0.053077 0.318860 1.414418 2.432403 2.445986 2.430771 2.432350 3.431653 2.415385 1.403104 0.439733 1.437938 2.388755 3.416656 3.426361 2.442255 2.446918 2.448223 3.448831 2.435633 2.430603 1.432794 0.443734 2.451648 3.452635 2.437908 0.461987 0.462041 0.462419 1.522794
0.931764 0.984150 1.951159 0.991012 0.940596 0.946731 1.968265 0.903883 0.022117 0.023506 0.027367 0.266885 0.207246 0.046151 0.050285 0.032539 0.033944 0.059824 0.053612 0.091921 0.125893 0.049706 0.031731 0.103253 0.361706 0.201501 0.112376 0.169625 0.081687 0.098366 0.100181 1.404689 2.430442 2.442802 2.428347 2.432949 3.402920 2.420742 2.436807 0.445596 1.436774 1.432520 2.434126 3.413014 2.444106 2.443785 3.451675 3.444376 2.439336 2.434740 1.445073 1.457582 2.442457 3.446002 2.440411 1.439373 0.466763 0.468631 1.552775
1.975552 1.963245 1.996396 1.984984 1.987319 1.990941 1.991905 0.938977 0.034584 0.039529 0.019309 0.130302 0.421161 0.047173 0.049970 0.031959 0.032356 0.047386 0.067513 0.247598 0.074639 0.036262 0.017967 0.032372 0.029884 0.329559 0.250159 0.162973 0.219782 0.130699 0.192825 0.131485 0.348766 0.342769 0.380325 2.400043 2.365285 2.379641 2.384154 1.476758 1.440204 2.457086 2.440678 2.435011 2.446258 2.445932 3.447488 3.444161 2.439589 2.434513 1.444354 1.449366 2.442694 3.437662 2.435064 2.449799 1.447275 1.431305 0.486166
0.978619 1.987572 1.992952 1.995763 2.000905 2.004119 2.006598 1.985403 0.991757 0.052378 0.098033 0.187098 0.285246 0.041252 0.036843 0.025184 0.025307 0.033348 0.046806 0.180086 0.142805 0.036873 0.021034 0.017967 0.037605 0.024972 0.136408 0.105002 0.175088 0.097636 0.230381 0.220384 0.022591 0.022591 0.382541 1.429326 1.426796 1.428946 1.441283 1.460529 1.445169 2.427825 2.420636 2.435291 2.445682 3.451137 3.447681 3.446568 3.450358 2.439807 2.452831 1.448716 2.443597 2.427891 1.450423 2.463145 2.452975 1.429045 0.477405
0.979291 1.986383 1.987564 1.993374 1.999076 2.004312 2.008551 1.981814 1.005240 0.997013 0.895054 0.192384 0.186352 0.032844 0.050270 0.049812 0.046882 0.035729 0.045357 0.480579 0.543108 0.055654 0.030048 0.020301 0.029137 0.041160 0.153652 0.163702 0.121132 0.299432 0.255147 0.241640 0.022591 0.022591 0.371804 1.422662 1.432542 1.437662 1.450649 1.466393 1.452449 1.456481 1.453693 2.421608 2.442145 2.437551 3.450683 3.447048 3.446154 4.462037 3.456789 2.450656 2.434128 1.451930 2.462785 3.468128 3.458147 2.442670 0.385123
0.955124 1.983319 2.960925 2.978315 2.991430 2.987071 2.004179 1.983095 1.976149 1.002123 0.931090 0.139152 0.107417 0.038764 0.046807 0.046498 0.037240 0.067469 0.544188 2.650471 2.675695 0.492644 0.039889 0.021142 0.041898 0.040727 0.613929 0.090495 0.069436 0.282592 0.235910 0.176777 0.136359 0.555545 1.346621 1.465071 1.466167 1.469924 2.510520 1.484735 1.463929 1.466895 1.470685 0.460303 0.461313 1.448166 3.442778 4.448508 4.447347 4.440784 3.447398 1.453319 1.449117 1.443280 1.453173 3.465651 3.454915 2.438138 0.376826
1.893562 2.967003 2.984970 2.984369 1.997095 1.994045 2.013049 1.977475 1.984364 1.973886 0.974555 0.915281 0.121764 0.035608 0.051802 0.044228 0.073403 0.572114 1.685440 3.639330 3.721476 1.636461 0.447062 0.290314 0.170195 1.705870 0.693499 0.066208 0.355208 0.308607 0.198235 1.009369 1.002098 0.666527 1.339880 1.443340 1.444302 1.468018 2.455832 2.483126 1.459723 1.464014 1.464033 0.460530 0.458123 1.440852 2.422776 3.436990 3.428803 3.431323 3.441536 1.448663 1.442721 0.451284 1.453772 2.456127 2.457018 1.447501 0.413172
2.904464 1.924919 1.941463 0.978721 0.962414 0.037582 0.041771 0.958718 1.979170 1.980024 1.980790 1.986872 0.926584 0.058984 0.065978 0.076796 0.078970 0.607470 1.652037 2.632440 1.689511 1.670151 0.452461 0.287927 0.798482 0.757803 1.597452 0.556422 0.442029 0.344827 1.071373 1.089852 1.098146 0.072570 0.300255 0.027181 0.024605 1.365733 1.344444 1.354125 1.418044 1.449264 1.457986 2.479298 2.473894 2.477620 1.460743 2.435600 2.451085 2.455552 3.455952 2.466149 2.464643 1.468856 1.457795 2.459904 2.460608 0.046928 0.088218
2.919101 1.886813 0.844111 0.036957 0.039854 0.037919 0.041347 0.936485 0.934930 1.953880 1.953880 0.934264 0.968414 0.903618 0.851210 0.051354 0.051830 0.610960 1.620831 0.034529 0.040782 0.507972 0.349086 0.887777 0.909939 0.761576 1.571736 1.664672 0.470621 0.374133 0.240419 1.124383 0.130703 0.105053 0.065708 0.042214 0.028442 0.551355 0.601057 0.578224 0.521910 1.447206 1.474724 1.478897 2.459207 2.479957 1.464266 1.461250 2.450036 2.458362 3.457545 2.461063 2.461131 1.463765 1.453088 2.458572 2.460023 0.038960 0.017967
2.925121 1.871772 0.800460 0.707605 0.713421 1.700041 0.050738 0.058453 0.048055 0.989556 0.988338 0.039855 0.044725 0.033623 0.787632 0.783946 0.775662 0.722293 0.716547 0.030497 0.047025 0.036604 0.250984 0.913346 1.045979 0.035036 0.410772 0.459060 0.393795 0.330281 0.210314 1.129003 0.138787 0.112764 0.071094 0.893516 0.912724 0.750201 0.696224 0.640187 0.545062 1.445066 1.478312 1.478742 1.477493 2.468139 1.469123 1.465192 2.450552 2.459584 3.449377 2.461054 2.451055 1.466067 0.458037 1.455296 2.457602 0.037298 0.021034
1.862795 1.844194 1.790017 0.757221 0.749035 1.714671 0.072198 0.030204 0.040993 0.043465 0.040992 0.030204 0.067422 0.048951 0.805402 0.806700 0.791859 0.790869 0.019127 0.776873 0.042647 0.042620 0.203421 0.910040 1.028367 0.032066 0.352619 0.366675 0.338181 0.297888 1.009823 2.161637 0.141122 0.109920 0.059488 0.856207 0.877158 1.797156 0.732229 0.660492 1.404400 1.430253 1.449474 1.463135 1.469309 1.470978 1.468918 2.461084 2.458702 2.460671 2.459370 2.457088 1.461070 1.463054 0.454192 0.454984 1.441622 0.030802 0.046054
1.861703 1.857104 1.841507 0.768952 0.754228 1.709340 0.082011 0.039254 0.054679 0.058067 0.054680 0.039254 0.064961 0.797967 0.829045 0.815075 0.796876 0.805349 0.017586 0.783197 0.047909 0.056578 0.035120 0.060328 0.987416 0.020366 0.274278 1.181467 1.242497 0.248889 1.032313 2.157141 0.122664 0.087376 0.949499 0.937173 1.974059 0.865229 0.779934 0.713416 0.506262 0.406329 0.425437 0.440954 0.447646 1.461660 1.458444 2.454094 2.447726 2.456794 2.452903 1.460755 1.461257 1.464260 1.456775 0.470655 0.478806 0.499737 0.512132
1.873168 1.892125 1.829767 0.754050 1.636021 1.668669 0.084285 0.033164 0.052208 0.056723 0.052208 0.033165 0.789887 1.826331 1.815364 1.820759 0.789312 0.785399 0.787142 0.769722 0.061764 0.023826 0.023033 0.035560 0.044960 0.161642 1.211515 1.235213 1.266393 0.205288 0.128024 1.089333 1.088336 0.080078 0.917803 1.985911 1.968557 2.011042 0.842779 0.790751 0.051805 0.049616 0.056208 0.047846 0.031653 0.472277 0.472586 0.473520 1.420240 2.451059 2.452196 1.459375 2.471578 2.470198 2.462884 1.459235 1.466361 0.025375 0.032706
0.764016 0.752879 1.676076 1.616469 2.659109 2.661103 0.592223 0.055641 0.033303 0.040336 0.033303 0.099732 1.772025 1.809943 1.822188 1.826877 0.787233 0.785504 0.796578 0.771946 0.070769 0.028237 0.023690 0.048729 0.025155 0.171327 1.222380 1.222722 0.198481 0.160784 1.068942 1.088713 1.069681 1.047637 0.995507 1.950952 1.927823 1.952029 0.857092 0.088949 0.098633 0.022972 0.085810 0.067711 0.037103 0.473035 0.473592 0.475058 0.471981 1.460055 2.462570 2.468392 3.463848 3.463969 2.461411 2.462580 1.461197 0.026500 0.038923
