use_cases/Flooding_chicago/flooding_data/output/h_240.asc
ncols 337
nrows 393
xllcorner 428428.000000
yllcorner 4602440.000000
cellsize 26.757400
NODATA_value -9999.000000
[rows 162 to 188 of 393, columns 118 to 176 of 337]
0.120099 0.031287 0.023520 0.022950 0.029966 0.072397 0.064832 0.396251 0.048989 0.017373 0.051143 0.031228 0.035271 0.043249 0.248062 0.311955 0.235281 0.137636 0.044759 0.039651 0.054437 0.043008 0.049038 0.082733 0.093382 0.122998 0.129341 0.129044 0.104990 0.072517 0.065222 0.042751 0.049934 0.318939 0.235606 0.133424 0.062144 0.072016 0.088936 0.134300 0.067906 0.046715 0.031976 0.020791 0.038495 0.038095 0.065640 0.121871 0.197849 0.113570 0.040946 0.049161 0.026680 0.038680 0.048318 0.317343 0.150935 0.060142 0.057277
0.123189 0.019310 0.027366 0.023566 0.037341 0.086279 0.077371 0.402177 0.020125 0.017373 0.034932 0.041496 0.065165 0.056409 0.351466 0.340877 0.044597 0.040858 0.033545 0.037359 0.039406 0.032292 0.047436 0.065773 0.056223 0.059049 0.047910 0.080663 0.070436 0.070953 0.028487 0.066694 0.053178 0.334995 0.238788 0.050574 0.042629 0.050533 0.069110 0.146917 0.081642 0.040856 0.026238 0.019298 0.029720 0.037148 0.098564 0.145828 0.163655 0.043798 0.043799 0.053501 0.037536 0.037871 0.044549 0.294379 0.295310 0.048512 0.051104
0.090353 0.029406 0.039649 0.039610 0.036060 0.031444 0.024889 0.044183 0.045432 0.037674 0.034202 0.042129 0.038604 0.041409 0.420009 0.347266 0.032998 0.036133 0.031664 0.032874 0.025703 0.025703 0.056015 0.066229 0.055301 0.053646 0.066490 0.064346 0.060129 0.043543 0.033716 0.052109 0.043583 0.322539 0.180857 0.057368 0.033816 0.029320 0.021261 0.221462 0.098795 0.043065 0.025337 0.014386 0.019298 0.056659 0.119625 0.143360 0.105537 0.039681 0.036529 0.043082 0.037053 0.044758 0.042736 0.326002 0.318079 0.055311 0.063644
0.088668 0.058441 0.059073 0.061793 0.038084 0.024482 0.023398 0.034812 0.039248 0.058890 0.042739 0.050784 0.061218 0.048966 0.427080 1.316651 0.118639 0.021538 0.021098 0.020179 0.017373 0.017373 0.085352 0.033166 0.030553 0.055071 0.055678 0.058216 0.056950 0.044808 0.029244 0.044633 0.037381 0.260547 0.243104 0.094769 0.020428 0.017965 0.021024 0.133991 0.130512 0.094380 0.094775 0.058372 0.062304 0.076472 0.148400 0.118879 0.076594 0.049799 0.022927 0.038813 0.039459 0.063037 0.039454 0.429874 0.413822 0.074578 0.053810
0.075945 0.104528 0.091001 0.050065 0.040247 0.038775 0.022055 0.046244 0.043467 0.077362 0.195298 0.125108 0.184453 0.563646 0.503674 0.100618 0.108984 0.163984 0.159659 0.151351 0.140377 0.164826 0.043812 0.045400 0.027806 0.027806 0.059754 0.049427 0.051884 0.027234 0.028971 0.041936 0.038785 0.255222 0.365109 0.208572 0.037248 0.031962 0.017965 0.174623 0.076798 0.128772 0.094132 0.052376 0.058474 0.051582 0.126919 0.071089 0.093121 0.052565 0.026459 0.038835 0.055732 0.080129 0.678927 0.394839 0.273278 0.060059 0.062209
0.092670 0.299821 0.224298 0.136843 0.089567 0.034726 0.029050 0.033343 0.086575 0.078016 0.041061 0.119433 0.056171 0.618814 0.370165 0.050730 0.043637 0.048428 0.044357 0.035672 0.038942 0.064637 0.077044 0.029153 0.022591 0.022591 0.027691 0.053686 0.056312 0.038065 0.024818 0.025368 0.044682 0.216170 0.339054 0.414542 0.455895 0.067056 0.098143 0.147234 0.053480 0.069577 0.102049 0.037571 0.051006 0.027190 0.074921 0.084515 0.117299 0.077263 0.049470 0.035917 0.063224 0.096235 0.656498 0.207147 0.057120 0.053278 0.047014
0.062313 0.039809 0.136570 0.267860 0.241923 0.045584 0.041694 0.041736 0.066110 0.054619 0.034439 0.079130 0.044989 0.625165 0.070280 0.041197 0.027970 0.037431 0.055331 0.035427 0.047516 0.034724 0.044968 0.034452 0.022591 0.022591 0.027128 0.697140 0.692860 0.039792 0.030786 0.032656 0.039739 0.055644 0.495870 0.516888 0.519847 0.154543 0.088270 0.050638 0.053926 0.046566 0.057452 0.035524 0.031971 0.040758 0.053014 0.038656 0.083031 0.063268 0.065558 0.051745 0.053320 0.045284 0.258189 0.347981 0.091724 0.069346 0.040094
0.119271 0.108382 0.082887 0.206098 0.181293 0.096338 0.071004 0.040499 0.048997 0.108815 0.068423 0.610451 0.430699 0.074614 0.096645 0.088009 0.090729 0.029139 0.022184 0.341012 0.036031 0.033209 0.054489 0.024373 0.217826 0.021781 0.145564 0.711678 0.652948 0.031028 0.026597 0.034823 0.060121 0.100222 0.508396 0.523402 0.531341 0.202897 0.124415 0.091325 0.080240 0.068047 0.048015 0.047892 0.026624 0.020429 0.049381 0.034224 0.067861 0.048323 0.035711 0.053628 0.044740 0.046337 0.201844 0.287279 0.086030 0.048723 0.035974
0.091503 0.324813 0.358788 0.107878 0.801460 0.770899 0.702238 0.074062 0.151957 0.076750 0.581212 1.585497 0.410256 0.067699 0.092821 0.083987 0.091160 0.078460 0.035264 0.265275 0.201659 0.043416 0.036382 0.018898 0.146109 0.081616 0.173937 0.663676 0.649240 0.138701 0.077612 0.030462 0.067377 0.136714 0.186096 0.212416 0.210895 0.233558 0.178690 0.129454 0.112241 0.099223 0.079804 0.057413 0.025460 0.018136 0.049738 0.035954 0.075893 0.020393 0.042594 0.035869 0.046364 0.089732 0.224046 0.295217 0.190778 0.040881 0.040752
0.146513 1.434990 1.508056 0.533801 0.506023 0.552767 0.640101 0.175373 0.146949 0.080913 0.121490 0.158198 0.055346 0.048863 0.041141 0.038760 0.051048 0.038148 0.052324 0.033362 1.273957 0.075358 0.096047 0.080696 0.027860 0.079477 0.231661 0.195242 0.126126 0.047531 0.037713 0.024609 0.053383 0.046635 0.179682 0.202901 0.167530 0.106675 0.185870 0.153884 0.130898 0.124740 0.109478 0.088262 0.066692 0.021965 0.022468 0.022490 0.021904 0.018280 0.029857 0.022317 0.034363 0.092186 0.136758 0.445681 0.080576 0.046181 0.026923
0.138937 0.325365 0.048181 0.037351 0.020234 0.033652 0.068496 0.083753 0.051439 0.051991 0.100421 0.158007 0.048046 0.035188 0.029485 0.030027 0.041594 0.046197 0.036753 0.021450 1.252461 0.144541 0.047429 0.036946 0.045398 0.038267 0.244420 0.206986 0.054586 0.039842 0.033568 0.036832 0.052762 0.048760 0.224663 0.242695 0.045976 0.062582 0.063007 0.092219 0.060673 0.074420 0.073500 0.123983 0.077210 0.075472 0.031717 0.044476 0.061665 0.058387 0.033291 0.061133 0.192990 0.152775 0.183885 0.181064 0.163415 0.054297 0.029298
0.181583 0.045621 0.038556 0.028176 0.019740 0.030161 0.067618 0.063161 0.037913 0.026297 0.041790 0.190452 0.071129 0.027253 0.026710 0.019612 0.028393 0.028393 0.019612 0.153024 0.231714 0.066143 0.050445 0.061901 0.030626 0.049942 0.117247 0.108671 0.056731 0.044602 0.033799 0.036510 0.042337 0.060526 0.143343 0.133311 0.064842 0.050586 0.047792 0.065221 0.071224 0.050570 0.044588 0.069280 0.051518 0.090244 0.103209 0.120654 0.044048 0.043157 0.074599 0.076997 0.076085 0.085520 0.051844 0.158717 0.165274 0.058484 0.038986
0.071608 0.056173 0.039149 0.017373 0.017373 0.020179 0.067110 0.029869 0.033149 0.033608 0.038266 0.105217 0.072454 0.045008 0.051765 0.035524 0.023911 0.023911 0.050880 1.223646 0.116820 0.071004 0.063609 0.039496 0.051287 0.032823 0.090015 0.095435 0.065355 0.033849 0.057101 0.065510 0.046822 0.052185 0.103575 0.079660 0.045518 0.038425 0.064906 0.069151 0.038957 0.060437 0.031530 0.046952 0.072991 0.105097 0.124875 0.137307 0.036488 0.036204 0.062525 0.117377 0.086748 0.056672 0.036398 0.044305 0.091148 0.027669 0.171067
0.080035 0.051794 0.047531 0.046282 0.046346 0.124049 1.093692 0.025642 0.014386 0.035966 0.031058 0.020358 0.080430 0.049535 0.037267 0.036172 0.031556 0.042278 0.051216 0.168626 0.117243 0.058758 0.054325 0.055414 0.038261 0.021232 0.037909 0.078126 0.132440 0.037119 0.067355 0.089262 0.041938 0.051978 0.101481 0.071874 0.039677 0.036710 0.054738 0.025112 0.031921 0.033067 0.035693 0.041156 0.049686 0.014386 0.104967 0.098928 0.026796 0.026707 0.077237 0.065484 0.027730 0.032112 0.029031 0.041317 0.055350 0.038953 0.239319
0.124816 0.064483 0.073367 0.048887 0.049025 0.156935 0.151028 0.030295 0.033821 0.033346 0.026542 0.069833 0.067753 0.048404 0.055099 0.059288 0.061479 0.069290 0.077201 0.061875 0.120152 0.052201 0.040878 0.046375 0.030356 0.020531 0.037880 0.032955 0.181069 0.250649 0.053628 0.097672 0.071639 0.105353 0.082661 0.031942 0.031588 0.017373 0.079935 0.024696 0.030486 0.026125 0.070480 0.069237 0.077318 0.030370 0.049756 0.103718 0.073880 0.040178 0.062679 0.069815 0.037453 0.014386 0.042849 0.040719 0.039605 0.037958 0.165229
0.104026 0.052198 0.038053 0.029164 0.029682 0.043550 0.099321 0.019996 0.072518 0.046247 0.048488 0.166868 0.180100 0.159482 0.133964 0.117394 0.072725 0.047400 0.032445 0.026576 0.140258 0.090714 0.060178 0.026696 0.041843 0.018430 0.029848 0.043320 0.205358 0.258096 0.060310 0.077015 0.093048 0.140897 0.125891 0.045660 0.039657 0.017373 0.056845 0.052623 0.049192 0.034022 0.067912 0.060238 0.050911 0.077737 0.031838 0.075335 0.125200 0.057214 0.058547 0.063364 0.048423 0.072771 0.051602 0.066623 0.043519 0.049366 0.121645
0.094965 0.107203 0.049831 0.042240 0.043850 0.057240 0.122755 0.121118 0.071761 0.067075 0.060692 1.620372 0.492587 0.189036 0.169634 0.145212 0.067444 0.042444 0.042075 0.053882 0.095437 0.151694 0.096500 0.109121 0.044829 0.022513 0.042119 0.051731 0.032913 0.234595 0.221007 0.116006 0.079317 0.123986 0.124567 0.059257 0.035208 0.027513 0.067907 0.052411 0.039335 0.075977 0.060485 0.405610 0.327616 0.208105 0.095421 0.086430 0.262862 0.061510 0.061228 0.041886 0.049578 0.021353 0.060249 0.065537 0.107310 0.145614 0.144888
0.116711 0.122049 0.050801 0.043144 0.048097 0.033118 0.108467 0.085530 0.132817 0.090843 0.532408 1.698601 0.502367 0.185215 0.193448 0.101794 0.035896 0.049353 0.053947 0.036180 0.031916 0.063824 0.093620 0.043292 0.059888 0.026313 0.018960 0.039813 0.148124 1.231019 0.167746 0.084414 0.034127 0.043221 0.054069 0.036110 0.036157 0.051095 0.127810 0.089223 0.609587 0.610720 0.556458 0.516218 0.023781 0.138046 0.122538 0.218795 1.340107 1.286836 0.127477 0.082883 0.053194 0.034758 0.032178 0.039765 0.043893 0.058368 0.064093
0.086935 0.089202 0.042929 0.029720 0.019298 0.035271 0.042361 0.066683 0.098311 0.447368 1.633275 0.515765 0.100767 0.117117 0.198098 0.198047 0.217071 0.041564 0.062386 0.048607 0.045513 0.042253 0.036381 0.039960 0.031649 0.019094 0.033271 0.033993 1.121240 0.187006 0.134756 0.040389 0.031077 0.023715 0.025549 0.064430 0.036415 0.045917 0.137525 0.592981 0.601256 0.600639 0.054668 0.032858 0.034172 0.107125 0.099606 1.307262 1.334920 0.225299 0.108166 0.080858 0.065145 0.044711 0.051433 0.033718 0.037392 0.084140 0.075987
0.239929 0.198061 0.029700 0.019298 0.014386 0.024358 0.041413 0.037682 0.043111 0.052025 0.419771 0.054094 0.067988 0.055920 0.104316 0.178717 0.175223 0.300781 0.232788 0.052735 0.047872 0.041857 0.031528 0.026641 0.039266 0.031786 0.036149 0.055140 0.168276 0.175460 0.040191 0.036927 0.040768 0.025549 0.035722 0.025549 0.054560 0.209953 0.181568 0.150141 0.129185 0.098528 0.049433 0.032618 0.029977 0.078692 0.078096 0.322803 0.311489 0.054970 0.046970 0.044915 0.036980 0.059552 0.060935 0.044027 0.055515 0.066766 0.053818
0.177170 0.153427 0.053598 0.036357 0.026848 0.023882 0.024069 0.020805 0.031456 0.045249 0.095432 0.047493 0.058587 0.059633 0.101763 0.141860 0.244883 0.315379 0.301200 0.148997 0.088815 0.034984 0.042155 0.024156 0.026637 0.039108 0.041652 0.040868 0.172742 0.188217 0.053651 0.038007 0.046331 0.070791 0.025549 0.023715 0.044327 0.266864 0.046190 0.091451 0.095256 0.092899 0.043222 0.055299 0.044794 0.042278 0.043295 0.316936 0.106547 0.032813 0.040868 0.044438 0.047496 0.066293 0.064675 0.046849 0.075965 0.055452 0.062968
0.084353 0.411890 0.037311 0.034830 0.026700 0.028082 0.034464 0.048212 0.045654 0.047804 0.028927 0.046996 0.043288 0.040263 0.062456 0.039062 0.202523 0.209844 0.221333 0.088301 0.138902 0.066328 0.037330 0.032172 0.023272 0.060624 0.041928 0.091612 0.127051 0.047396 0.071794 0.056982 0.032767 0.045377 0.035498 0.069477 0.039659 0.270898 0.022069 0.125886 0.148257 0.050327 0.074544 0.024921 0.024615 0.029040 0.033194 0.042337 0.242073 0.035191 0.047005 0.060428 0.052210 0.069961 0.064400 0.045687 0.040988 0.064753 0.062857
0.384357 0.334427 0.078304 0.062984 0.044167 0.043602 0.530879 0.519238 0.534465 0.041971 0.060776 0.050424 0.064793 0.057073 0.086554 0.042429 0.047037 0.046585 0.055123 0.044876 0.066228 0.085334 0.057139 0.037050 0.023878 0.061563 0.044280 0.197676 0.066905 0.041848 0.055413 0.041473 0.054295 0.042965 0.041432 0.039209 0.174531 0.034429 0.038179 0.051817 0.079721 0.081684 0.035750 0.031313 0.030271 0.030747 0.043264 0.035930 0.115681 0.121900 0.044614 0.020179 0.017373 0.017373 0.056011 0.035695 0.049684 0.039792 0.062603
0.365467 0.303650 0.068815 0.063519 0.048274 0.048023 0.541167 0.528420 0.538691 0.538885 0.534054 0.121344 0.081201 0.065641 0.052545 0.041383 0.051003 0.028863 0.017965 0.065956 0.063798 0.065910 0.045643 0.054584 0.021675 0.081171 0.085839 0.129661 0.102867 0.084799 0.057403 0.048259 0.050864 0.040313 0.064656 0.094909 0.109708 0.032053 0.039362 0.014386 0.118959 0.106864 0.049406 0.031378 0.025733 0.040190 0.033757 0.034844 0.118953 0.120871 0.037694 0.029916 0.040467 0.052072 0.027090 0.059332 0.041990 0.023343 0.027568
0.303887 0.275128 0.046976 0.045887 0.048633 0.048504 0.505437 0.068749 0.523227 0.520589 0.499868 0.101295 0.043875 0.050811 0.042820 0.057752 0.025717 0.017965 0.021024 0.037233 0.095703 0.099854 0.060720 0.037354 0.029805 0.094451 0.094115 0.114805 0.093982 0.110732 0.089645 0.042117 0.056009 0.031057 0.126711 0.069055 0.057851 0.066831 0.037613 0.065719 0.078934 0.028961 0.024147 0.030127 0.034404 0.044193 0.063486 0.065273 0.076046 0.080002 0.086958 0.034470 0.047064 0.037982 0.040724 0.040673 0.092129 0.023756 0.028086
0.216844 1.174111 0.169048 0.071691 0.045229 0.045097 0.102665 0.142015 0.142534 0.074902 0.172550 0.072403 0.070000 0.073757 0.049107 0.068832 0.025420 0.032928 0.028313 0.092051 0.928579 0.168245 0.038476 0.053060 0.025180 0.167950 0.235245 0.367312 0.403139 0.062850 0.878595 0.051603 0.053468 0.071741 0.109912 0.069180 0.058350 0.077242 0.057107 0.055554 0.042507 0.030819 0.023246 0.024459 0.043874 0.061449 0.462475 0.497452 0.475933 0.423874 0.063300 0.045637 0.075478 0.041981 0.054605 0.064341 0.075467 0.020391 0.046329
0.030677 0.927096 0.644044 0.057014 0.030234 0.029943 0.096779 0.137192 0.175563 0.181338 0.119715 0.050215 0.047690 0.093376 0.047796 0.063456 0.065991 0.048530 0.161368 0.890199 0.877841 0.173633 0.079682 0.102284 0.122543 0.209489 0.127286 0.019697 0.027632 0.047325 0.042404 0.065828 0.090800 0.123783 0.129989 0.143995 0.209192 0.094136 0.055773 0.062222 0.048909 0.046355 0.028174 0.028576 0.063345 0.069013 0.050208 0.036149 0.313016 0.317222 0.194233 0.045862 0.069367 0.061636 0.052252 0.078231 0.124357 0.036685 0.037066
