use_cases/Flooding_chicago/flooding_data/output/h_240.asc
ncols 337
nrows 393
xllcorner 428428.000000
yllcorner 4602440.000000
cellsize 26.757400
NODATA_value -9999.000000
[rows 81 to 107 of 393, columns 236 to 294 of 337]
1.125976 1.105673 0.111231 0.099537 0.037987 0.039399 0.033392 0.044455 0.051334 0.059206 0.025560 0.023720 0.049681 0.044818 0.080923 0.076131 0.072234 0.029833 0.026738 0.032044 0.051566 0.055031 0.061282 0.026224 0.027122 0.050010 0.043672 0.053691 0.051035 0.022086 0.042432 0.035773 0.043569 0.099218 0.098107 0.064686 0.051946 0.092220 0.101672 0.071371 0.037355 0.027779 0.022210 0.037840 0.057377 0.084009 0.103896 0.107164 0.089379 0.048721 0.045596 0.069055 0.069038 0.071266 0.066832 0.039516 0.050246 0.047691 0.039316
0.056431 0.080454 0.054091 0.052435 0.062567 0.057762 0.027442 0.018477 0.022667 0.025244 0.035739 0.025556 0.040852 0.042142 0.063385 0.058689 0.053405 0.021913 0.018128 0.020424 0.026421 0.026980 0.027963 0.018213 0.021660 0.021660 0.018213 0.063290 0.021660 0.018076 0.027443 0.048641 0.069191 0.038101 0.057449 0.065642 0.091162 0.092844 0.094343 0.084347 0.041861 0.042327 0.031999 0.030912 0.018439 0.023461 0.115956 0.109920 0.073954 0.090628 0.063036 0.102130 0.109859 0.053133 0.030985 0.066726 0.043583 0.050470 0.038268
0.030043 0.035107 0.037935 0.052527 0.045726 0.037459 0.041193 0.031304 0.047223 0.057380 0.025321 0.108819 0.062861 0.075286 0.039031 0.027616 0.024015 0.022998 0.039107 0.033979 0.069467 0.078937 0.094445 0.038962 0.042062 0.048968 0.067643 0.018076 0.021660 0.059346 0.033434 0.068395 0.070492 0.097643 0.100489 0.084528 0.274498 0.228529 0.126034 0.326533 0.235911 0.064311 0.071885 0.052209 0.037246 0.030006 0.030765 0.024734 0.055406 0.069024 0.098518 0.563212 0.579370 0.049975 0.072160 0.064949 0.061953 0.036792 0.037007
0.043263 0.029762 0.066518 0.072605 0.072184 0.048013 0.065247 0.044928 0.039112 0.054645 0.023352 0.021996 0.049261 0.053517 0.100283 0.084010 0.046103 0.053712 0.035790 0.043692 0.079293 0.084648 0.050248 0.027701 0.186793 0.177401 0.044296 0.045051 0.044615 0.036399 0.077534 0.040026 0.038717 0.025392 0.049058 0.934600 0.031954 0.195656 0.323635 1.482725 1.409249 0.144355 0.078265 0.051957 0.075132 0.025538 0.030095 0.024542 0.038498 0.040348 0.079184 0.582494 0.600770 0.572774 0.096995 0.036891 0.039630 0.064493 0.023451
0.033514 0.035651 0.113413 0.072452 0.125775 0.045416 0.062409 0.048291 0.047622 0.065994 0.030922 0.018149 0.034483 0.042097 0.064413 0.071582 0.075620 0.106951 0.065113 0.055439 0.134655 0.155062 0.066174 0.028079 0.238968 0.214112 0.024270 0.053263 0.048745 0.049686 0.050216 0.032675 0.033675 0.038324 0.065409 0.879733 0.062933 0.167902 0.284067 1.421483 0.300214 0.063199 0.040358 0.048217 0.071866 0.057913 0.054908 0.049632 0.041398 0.091718 0.054257 0.594978 0.582974 0.558432 0.112945 0.041512 0.027806 0.022591 0.022591
0.045584 0.152446 0.137310 0.154434 0.569835 0.433304 0.060756 0.048596 0.068181 0.079781 0.038519 0.029634 0.039854 0.030457 0.039888 0.073738 0.055594 0.095838 0.136093 0.099851 0.501913 0.106276 0.058538 0.017965 0.030485 0.108859 0.197892 0.205865 0.134308 0.175699 0.108786 0.055148 0.060969 0.080285 0.092864 0.126151 0.117571 0.096786 0.057829 0.145481 0.071503 0.084315 0.041445 0.032152 0.039305 0.063929 0.053709 0.047511 0.035563 0.070383 0.698824 0.047320 0.081343 0.109715 0.105916 0.044205 0.027806 0.022591 0.022591
0.028814 0.217436 0.020781 0.132049 0.611344 0.597567 0.103264 0.066094 0.091270 0.090947 0.035954 0.028939 0.042947 0.033021 0.046910 0.108064 0.085912 0.060004 0.158343 0.092608 0.505311 0.062700 0.017965 0.021024 0.038417 0.066077 0.195431 0.239727 0.165985 0.185500 0.114637 1.137548 0.117088 0.102014 0.130718 0.085614 0.074812 0.100250 0.073490 0.065463 0.089597 0.158001 0.030404 0.040868 0.036996 0.080409 0.068281 0.060887 0.052785 0.052486 0.046883 0.067572 0.052983 0.038938 0.233025 0.051121 0.039633 0.037654 0.029942
0.146533 0.020786 0.034024 0.026113 0.045062 0.565183 0.073867 0.050403 0.065248 0.188866 0.044998 0.052313 0.057709 0.061356 0.040624 0.070327 0.164720 0.111428 0.133597 0.382925 0.442110 0.039621 0.028677 0.038550 0.029187 0.049243 0.029773 0.023883 0.018776 0.119074 0.231064 1.092230 1.177614 0.172783 0.023603 0.025619 0.053770 0.189941 0.028474 0.029557 0.019790 0.245894 0.085703 0.115133 0.071185 0.159881 0.123315 0.069762 0.135815 0.069526 0.096727 0.060907 0.049027 0.093461 0.113665 0.053126 0.022606 0.134798 0.075437
0.462396 0.035002 0.025992 0.029272 0.053838 0.556637 0.535012 0.053524 0.085409 0.125586 0.078121 0.074736 0.095117 0.121120 0.064950 0.039682 0.187176 0.110584 0.130796 0.316986 1.448446 1.491312 0.084907 0.038033 0.063379 0.251043 0.240801 0.159182 0.109627 0.132531 0.081016 0.127415 0.139936 0.232267 0.024999 0.033847 0.102848 0.075062 0.044107 0.029600 0.350770 0.284981 0.026953 0.026115 0.069957 0.145660 0.108337 0.093226 1.257748 0.174259 0.056155 0.059000 0.040759 0.021797 0.155824 0.074122 0.111394 0.018119 0.069126
0.406179 0.258287 0.243570 0.023841 0.034723 0.040263 0.523189 0.512975 0.529426 0.541649 0.517444 0.501621 0.482340 0.107439 0.066466 0.031833 0.020126 0.072023 0.113735 0.304761 1.452697 0.355529 0.135261 0.207479 0.060632 0.191497 0.793224 0.888910 0.100520 0.065336 0.046916 0.058439 0.056578 0.293907 0.421770 0.040284 0.129854 0.101882 0.500495 0.488963 0.407832 0.021261 0.021024 0.017965 0.020372 0.071939 0.097714 0.214645 1.331909 0.205811 0.124330 0.056469 0.035893 0.037293 0.054927 0.086746 0.022734 0.021873 0.053959
0.366156 1.303155 0.264233 0.022360 0.018211 0.070788 0.057337 0.512354 0.024344 0.555108 0.548022 0.533785 0.038362 0.035118 0.061542 0.020652 0.056883 0.058622 0.174966 0.172470 0.112322 0.092148 0.055369 0.049662 0.071659 0.075057 0.060136 0.089645 0.103411 0.047810 0.049991 0.041447 0.059109 0.051225 0.400021 0.071615 0.064148 0.150045 0.087345 0.483555 0.344038 0.050911 0.017965 0.032518 0.031501 0.062168 0.087364 1.009906 0.199453 0.082712 0.081282 0.074069 0.069049 0.029919 0.024222 0.029333 0.023995 0.067663 0.041109
0.073305 0.165465 1.066393 0.029364 0.035680 0.021090 0.105685 0.025538 0.025595 0.047232 0.045028 0.049098 0.021285 0.034785 0.044438 0.048155 0.752239 0.069098 0.068674 0.287623 0.073559 0.085485 0.068737 0.048440 0.074508 0.112948 0.044408 0.030400 0.057848 0.052768 0.037555 0.042028 0.049978 0.052404 0.078926 0.099763 0.117990 0.098346 0.081611 0.054132 0.126513 0.061985 0.081318 0.058058 0.099587 0.143434 1.070264 1.071723 0.192334 0.079358 0.080302 0.042028 0.078097 0.098545 0.024002 0.028554 0.071867 0.046034 0.071734
0.061589 0.072516 0.054242 0.351634 0.045162 0.059428 0.026191 0.017373 0.033742 0.046846 0.051023 0.060309 0.071033 0.079914 0.111610 0.055937 0.076184 0.110949 0.137801 0.143121 0.125579 0.045315 0.051147 0.048185 0.050431 0.092626 0.062855 0.022712 0.046909 0.046508 0.034464 0.032814 0.036303 0.049979 0.039647 0.052395 0.108316 0.109303 0.093924 0.086514 0.074022 0.084777 0.086464 0.066357 0.133951 0.161132 1.062236 1.046424 0.192999 0.150293 0.137674 0.040225 0.068025 0.084503 0.035141 0.019658 0.043471 0.045368 0.071994
0.041029 0.044926 0.056486 0.390356 0.551300 0.037129 0.028276 0.017373 0.032842 0.133259 0.166190 0.034706 0.038193 0.116519 0.066620 0.062932 0.100054 0.126900 0.143924 0.199806 0.162187 0.058099 0.036109 0.031580 0.021309 0.081664 0.098760 0.025139 0.023488 0.038423 0.030183 0.014386 0.027841 0.030906 0.038278 0.045705 0.058063 0.046315 0.045719 0.096876 0.099028 0.096623 0.093400 0.067793 0.084209 0.100749 0.068806 0.084186 0.079428 0.177778 0.184593 0.333972 0.304738 0.075688 0.028840 0.026470 0.040780 0.087854 0.128861
0.041627 0.087570 0.050605 0.082703 0.554984 0.564254 0.561174 0.050747 0.020462 0.117146 0.105098 0.773207 0.035344 0.639942 0.117051 0.053751 0.104400 0.043466 0.041638 0.204220 0.149265 0.037212 0.028258 0.024321 0.026695 0.059018 0.063713 0.032526 0.024722 0.030660 0.070664 0.025398 0.028923 0.019663 0.028831 0.036581 0.035478 0.044021 0.034887 0.028347 0.068919 0.091924 0.096758 0.071663 0.100354 0.075127 0.040563 0.053974 0.024391 0.058393 0.079570 0.088923 0.027847 0.080009 0.063393 0.055148 0.177136 1.135963 0.096365
0.072142 0.050014 0.070626 0.147520 0.110252 0.537085 0.546622 0.041337 0.029967 0.119664 0.098135 0.764592 0.756966 0.682532 0.102701 0.115210 0.043564 0.083642 0.050706 0.069030 0.073250 0.044811 0.026759 0.026927 0.014386 0.046407 0.040660 0.014386 0.029549 0.037178 0.079804 0.064962 0.035974 0.029135 0.036404 0.019298 0.028960 0.038553 0.037648 0.054228 0.170961 0.063304 0.105779 0.094135 0.034825 0.033555 0.030192 0.050301 0.033891 0.034484 0.081199 0.085786 0.040940 0.024208 0.063994 0.217059 1.319752 0.193637 0.073699
0.090946 0.082016 0.049139 0.195155 0.132170 0.088630 0.058685 0.050558 0.116708 1.118614 0.134286 0.094222 0.753977 0.082882 0.046624 0.037873 0.039788 0.037349 0.086807 0.050046 0.058518 0.035154 0.047141 0.039269 0.034066 0.014386 0.030682 0.029030 0.039284 0.038666 0.120266 0.118262 0.053244 0.053453 0.047494 0.014386 0.018932 0.020484 0.025085 0.045231 0.558488 0.139381 0.088149 0.039250 0.019571 0.021004 0.014386 0.068719 0.024507 0.034363 0.053099 0.060114 0.035061 0.035359 0.039422 0.177368 0.221508 0.056874 0.018440
0.105012 0.101780 0.068727 0.171445 0.046473 0.062239 0.027408 0.030509 0.038680 0.094761 0.124568 0.170257 0.183864 0.163209 0.040813 0.028551 0.833340 0.111015 0.043402 0.075933 0.090729 0.090101 0.037322 0.040101 0.028932 0.028050 0.047021 0.041663 0.055836 0.059480 0.106612 0.454621 0.050629 0.050288 0.039553 0.021004 0.033367 0.034859 0.055442 0.519991 1.754746 0.070624 0.074224 0.074519 0.072096 0.062149 0.048965 0.028796 0.030958 0.023873 0.024358 0.031489 0.039189 0.032046 0.034302 0.039566 0.082798 0.120775 0.150443
0.117935 0.095520 0.063905 0.070825 0.063591 0.068385 0.019865 0.051055 0.032538 0.045631 0.040567 0.224714 0.268191 0.229022 0.069466 0.061008 0.068358 0.045932 0.049403 0.014386 0.075704 0.068420 0.042692 0.049837 0.031001 0.027632 0.043985 0.039199 0.065581 0.047826 0.071491 0.443803 0.405690 0.066396 0.035104 0.019571 0.030937 0.047367 0.064527 0.601489 0.800577 0.051467 0.060436 0.090821 0.062266 0.055658 0.045864 0.030815 0.027579 0.026834 0.014386 0.019298 0.035208 0.030722 0.045214 0.027974 0.024930 0.147141 0.170882
0.040902 0.038522 0.035333 0.029914 0.032706 0.039649 0.030370 0.047219 0.037522 0.030488 0.038792 0.169608 0.234354 0.220663 0.090972 0.077142 0.095161 0.057962 0.043953 0.054559 0.175518 0.142583 0.043525 0.065131 0.027206 0.042827 0.045523 0.079973 0.077649 0.060275 0.043884 0.447455 0.425001 0.056170 0.021089 0.035621 0.035313 0.043005 0.036834 0.137705 0.130658 0.064357 0.064175 0.079174 0.040241 0.045002 0.041755 0.058852 0.040430 0.029987 0.031888 0.027565 0.053008 0.039485 0.036544 0.074879 0.178057 0.203106 0.187148
0.048442 0.019298 0.014386 0.024275 0.039518 0.035115 0.041562 0.135622 0.179524 0.030584 0.027671 0.035049 0.095884 0.111956 0.114861 0.071252 0.084412 0.035742 0.021094 0.055327 0.109444 0.398494 0.384229 0.105404 0.033375 0.072987 0.149415 1.252081 0.340504 0.355459 0.369078 0.412006 0.402930 0.050086 0.021009 0.045202 0.040731 0.066207 0.043280 0.209817 0.175658 0.058124 0.043567 0.064095 0.073510 0.053078 0.041722 0.057226 0.033230 0.040825 0.035358 0.041501 0.103404 0.025669 0.100144 0.089201 0.154557 1.214605 0.201160
0.039833 0.045201 0.024275 0.023385 0.029885 0.061058 0.115644 1.114365 0.149885 0.022591 0.022591 0.028295 0.042682 0.032462 0.192279 0.059751 0.039560 0.032002 0.019298 0.035065 0.041267 1.577288 0.454182 0.029867 0.043394 0.072657 0.168948 1.292498 0.353115 0.359028 0.373247 0.398358 0.041026 0.059138 0.043482 0.040056 0.064074 0.056190 0.042046 0.209332 0.206438 0.060359 0.085229 0.101772 0.095187 0.061490 0.099101 0.113660 0.085785 0.117218 0.056910 0.091158 0.856332 0.130368 0.048760 0.057065 0.071370 0.127028 0.128471
0.081559 0.069498 0.028831 0.031022 0.055847 0.064181 0.120142 1.124536 0.149570 0.022591 0.022591 0.030370 0.022803 0.028770 0.200045 0.066355 0.034326 0.025729 0.014386 0.033462 0.035685 0.488427 0.080754 0.018365 0.023139 0.033033 0.040161 0.201193 0.038388 0.036306 0.323161 0.046436 0.064473 0.017965 0.115453 0.058045 0.194807 0.164498 0.146607 0.022140 0.038861 0.014386 0.051562 0.833948 0.842787 0.143675 0.242508 0.095654 0.077974 0.033242 0.258668 0.846336 1.945014 0.141649 0.113144 0.044315 0.083882 0.047933 0.062901
0.058607 0.088533 0.072614 0.028683 0.032174 0.086086 0.045706 0.107792 0.135039 0.027806 0.027806 0.046280 0.037476 0.136357 0.126413 0.048767 0.052177 0.030542 0.052147 0.048324 0.030185 0.035694 0.173297 0.060994 0.028510 0.024584 0.031771 0.060788 0.054940 0.035818 0.066482 0.076892 0.017965 0.021024 0.143621 0.159485 0.207967 1.253812 0.180416 0.165934 0.048914 0.069343 0.813243 0.787565 0.789042 0.629777 0.041554 0.033333 0.022148 0.044353 0.113471 0.083649 0.538622 0.071416 0.127862 0.090355 0.068416 0.038377 0.048126
0.150786 0.241492 0.253065 0.048378 0.086678 0.098600 0.021675 0.067056 0.062003 0.045096 0.041373 0.048394 0.076745 0.705079 0.630593 0.080236 0.076076 0.134013 0.041186 0.045538 0.029318 0.024224 0.051704 0.080555 0.024737 0.027836 0.019423 0.051024 0.017965 0.036872 0.031200 0.079385 0.075356 0.247452 0.210532 0.093869 0.072043 0.137307 0.685899 0.734632 0.056272 0.080347 0.091270 0.148148 0.222829 0.068542 0.039758 0.033810 0.021401 0.050179 0.135128 0.048601 0.050472 0.026681 0.062955 0.085993 0.071628 0.052866 0.037017
0.033905 0.216807 0.222324 0.052993 0.061547 0.021979 0.037910 0.038059 0.014386 0.058416 0.039430 0.110603 0.092291 0.704009 0.652701 0.055526 0.055730 0.034250 0.033335 0.030070 0.042231 0.084115 0.040769 0.069835 0.079514 0.075638 0.057134 0.050562 0.021024 0.017965 0.036556 0.085432 0.073274 0.270342 0.280223 0.028644 0.028803 0.045183 0.546989 0.737083 0.067388 0.045436 0.076572 0.123061 0.199325 0.138761 0.034414 0.027254 0.028312 0.055132 0.100582 0.047045 0.039074 0.038282 0.028693 0.045233 0.056229 0.079466 0.027641
0.022157 0.100688 0.478231 0.075147 0.044913 0.073782 0.028425 0.035179 0.039011 0.035216 0.063620 0.112921 1.114139 0.102038 0.083853 0.045288 0.063975 0.028544 0.020977 0.044486 0.039606 0.313819 0.074495 0.052978 0.067109 0.053520 0.078239 0.082618 0.029462 0.026609 0.039857 0.026368 0.058671 0.270981 0.327875 0.041628 0.042125 0.063227 0.047967 0.731952 0.047076 0.050224 0.026368 0.061252 0.305195 0.191021 0.044712 0.022591 0.022591 0.066893 0.067056 0.062381 0.040111 0.029518 0.025595 0.038212 0.059252 0.066407 0.020319
