use_cases/Flooding_chicago/flooding_data/output/h_2460.asc
ncols 337
nrows 393
xllcorner 428428.000000
yllcorner 4602440.000000
cellsize 26.757400
NODATA_value -9999.000000
[rows 216 to 242 of 393, columns 177 to 235 of 337]
-9999.000000 -9999.000000 -9999.000000 -9999.000000 -9999.000000 -9999.000000 0.112053 0.119073 0.036964 0.030434 0.020134 0.030159 0.069679 0.084572 0.063377 0.068662 0.043799 0.042260 0.071174 0.047096 0.161064 0.074380 1.711868 1.625560 0.154067 0.213769 0.163155 1.206336 0.197090 0.167154 0.025703 0.017372 0.025703 0.029046 0.563607 0.119255 0.187218 0.220499 0.219017 0.189919 0.136706 0.900658 1.001868 1.146185 1.100425 1.136146 0.091769 0.209104 0.216891 0.057168 0.053048 0.474646 0.649008 0.525721 0.032168 0.038085 0.044514 0.117240 0.185752
-9999.000000 -9999.000000 -9999.000000 -9999.000000 -9999.000000 -9999.000000 0.072242 0.108910 0.145805 0.026274 0.026436 0.130394 0.061256 0.083275 0.079825 0.044945 0.065636 0.056632 0.076821 0.227329 0.186668 0.433404 1.540672 0.505671 0.171669 0.162285 0.247610 0.278008 0.284829 0.258935 0.025703 0.017372 0.025703 0.029046 0.715083 0.116310 0.183967 0.224791 0.221868 0.206397 0.170162 0.293419 0.856272 2.056010 2.007666 1.097377 0.126498 0.081795 0.094110 0.097923 0.092736 0.654215 0.624153 0.394912 0.028871 0.017967 0.057746 0.092659 0.202749
-9999.000000 -9999.000000 -9999.000000 -9999.000000 -9999.000000 -9999.000000 -9999.000000 0.055871 0.019309 0.206247 0.215506 0.103845 0.062110 0.089303 0.098244 0.018578 0.030739 0.063681 0.095574 0.210793 0.164222 0.425624 0.279549 0.137672 0.156077 0.252249 0.310322 0.338967 1.362190 0.359489 0.423180 0.031472 0.065681 0.184770 0.690106 0.179162 0.283332 1.389721 2.391570 1.359746 1.358983 0.229578 0.337637 0.192025 1.050297 0.956316 0.174827 0.041755 0.140983 0.113349 1.119558 0.985639 0.929605 0.169729 0.017967 0.021034 0.111564 0.107690 0.098107
-9999.000000 -9999.000000 -9999.000000 -9999.000000 -9999.000000 -9999.000000 -9999.000000 -9999.000000 0.014397 0.290536 1.339055 0.065392 0.059929 0.089775 0.104993 0.023064 0.045326 0.038064 0.119407 0.096352 0.073771 0.221472 0.100732 0.167917 0.228248 0.301141 0.356712 1.407036 2.348059 1.400735 0.310376 0.026009 0.051658 0.163858 0.212684 0.204552 0.326194 1.378458 2.366904 2.371926 3.347817 1.387702 0.244073 0.146079 0.111260 0.423405 0.108374 0.091483 0.144906 1.034018 0.985785 1.028069 1.009285 0.249241 0.382577 0.328836 0.166983 0.171366 0.093606
-9999.000000 -9999.000000 -9999.000000 -9999.000000 -9999.000000 -9999.000000 -9999.000000 -9999.000000 -9999.000000 0.212864 2.343102 0.272467 0.046089 0.079232 0.024620 0.028526 0.051262 0.052894 0.089852 0.090995 0.089226 0.259022 0.093376 0.116326 0.103615 0.334616 1.368690 2.374918 2.348076 1.388100 0.030800 0.018943 0.030800 0.041390 0.152142 0.225217 1.338340 1.326442 1.310478 3.349279 3.896310 2.417689 0.342186 0.039069 0.189903 0.203775 0.212211 0.151774 0.082755 0.203399 0.233654 0.991293 0.937038 1.146032 0.360601 0.298449 0.021660 0.047584 0.029930
-9999.000000 -9999.000000 -9999.000000 -9999.000000 -9999.000000 -9999.000000 -9999.000000 -9999.000000 -9999.000000 -9999.000000 0.014397 0.140435 0.189168 0.064811 0.027825 0.024697 0.053520 0.026543 0.066596 0.046622 0.173333 0.149224 0.173088 0.188590 0.192650 0.144706 0.386513 1.271203 0.242987 0.035422 0.024620 0.014397 0.024619 0.039955 0.038398 0.041573 0.464221 0.482152 0.444070 1.330666 2.400615 2.394065 0.373260 0.083778 0.088569 0.302253 0.301613 0.082268 0.060173 0.197243 0.333454 0.346842 0.314917 0.535868 0.506385 0.036049 0.021768 0.034721 0.029441
-9999.000000 -9999.000000 -9999.000000 -9999.000000 -9999.000000 -9999.000000 -9999.000000 -9999.000000 -9999.000000 -9999.000000 -9999.000000 0.014397 0.059089 0.081917 0.019416 0.044213 0.034432 0.123894 0.101694 0.072914 0.169045 0.146182 0.167274 0.229942 0.260445 0.260841 0.250387 0.236069 0.099405 0.030525 0.025505 0.034233 0.025505 0.033561 0.055204 0.056847 0.540290 0.539104 0.415474 0.383370 1.350763 1.310287 0.377213 0.135278 0.172705 0.164087 0.157737 0.165125 0.106805 0.059578 0.534600 0.524084 0.532465 0.410851 0.259422 0.032952 0.036247 0.046611 0.045784
-9999.000000 -9999.000000 -9999.000000 -9999.000000 -9999.000000 -9999.000000 -9999.000000 -9999.000000 -9999.000000 -9999.000000 -9999.000000 -9999.000000 0.017372 0.017373 0.030662 0.071343 0.084938 0.118049 0.109475 0.096412 0.070411 0.023018 0.034493 0.218485 0.266899 0.309913 0.332071 0.148305 0.202034 0.028023 0.040063 0.045982 0.062294 0.046837 0.071843 0.066597 0.637568 0.659599 0.045952 0.059471 0.470374 0.458909 0.136452 0.206277 0.233987 0.240042 0.232657 0.240425 0.027030 0.027046 0.658121 1.722973 1.771490 0.605886 0.023475 0.025153 0.050957 0.050193 0.248700
-9999.000000 -9999.000000 -9999.000000 -9999.000000 -9999.000000 -9999.000000 -9999.000000 -9999.000000 -9999.000000 -9999.000000 -9999.000000 -9999.000000 -9999.000000 -9999.000000 -9999.000000 -9999.000000 -9999.000000 0.018670 0.023414 0.028435 0.023858 0.025979 0.038536 0.080238 0.103722 0.164133 0.201059 0.260919 0.318123 0.397590 0.431805 0.389076 0.047523 0.018440 0.028495 0.061836 0.698173 0.719429 0.078775 0.123680 0.143485 0.171702 0.221589 0.262658 0.282175 0.284689 0.267985 0.279653 0.037010 0.037117 0.622257 1.645326 1.705589 0.619588 0.024666 0.032265 0.063133 0.055428 0.249664
-9999.000000 -9999.000000 -9999.000000 -9999.000000 -9999.000000 -9999.000000 -9999.000000 -9999.000000 -9999.000000 -9999.000000 -9999.000000 -9999.000000 -9999.000000 -9999.000000 -9999.000000 -9999.000000 -9999.000000 -9999.000000 -9999.000000 -9999.000000 0.025856 0.036949 0.025994 0.041436 0.029762 0.247291 0.265189 0.282675 0.317086 0.398881 0.448158 0.418875 0.045082 0.022530 0.039650 0.067787 1.741540 0.754508 0.094598 0.159797 0.204719 0.240091 0.277168 1.357615 1.356099 0.320198 0.275078 0.250938 0.045555 0.045710 0.051461 0.660265 1.787542 0.640985 0.093713 0.037467 0.029091 0.054435 0.048224
-9999.000000 -9999.000000 -9999.000000 -9999.000000 -9999.000000 -9999.000000 -9999.000000 -9999.000000 -9999.000000 -9999.000000 -9999.000000 -9999.000000 -9999.000000 -9999.000000 -9999.000000 -9999.000000 -9999.000000 -9999.000000 -9999.000000 -9999.000000 -9999.000000 0.030403 0.024726 0.042123 0.035347 0.233768 0.224860 0.050211 0.055991 0.090483 0.444026 0.412209 0.050316 0.024712 0.045265 0.093505 0.693412 0.785773 0.821922 0.159644 0.224617 0.259391 0.289252 1.336499 1.304726 1.321726 0.252176 0.047188 0.030876 0.066643 0.072457 0.682123 1.801120 0.609482 0.082039 0.036752 0.037574 0.068810 0.046017
-9999.000000 -9999.000000 -9999.000000 -9999.000000 -9999.000000 -9999.000000 -9999.000000 -9999.000000 -9999.000000 -9999.000000 -9999.000000 -9999.000000 -9999.000000 -9999.000000 -9999.000000 -9999.000000 -9999.000000 -9999.000000 -9999.000000 -9999.000000 -9999.000000 0.020180 0.032036 0.471444 0.029853 0.041696 0.052240 0.071204 0.023033 0.181983 0.096443 0.073952 0.026100 0.031929 0.060874 0.052726 0.112953 0.677865 0.102134 0.074759 0.093072 0.093210 0.084816 0.062324 0.352592 0.400975 0.317727 0.043968 0.064415 0.042290 0.085548 0.686776 1.678310 0.050102 0.038261 0.021262 0.048363 0.035667 0.049476
-9999.000000 -9999.000000 -9999.000000 -9999.000000 -9999.000000 -9999.000000 -9999.000000 -9999.000000 -9999.000000 -9999.000000 -9999.000000 -9999.000000 -9999.000000 -9999.000000 -9999.000000 -9999.000000 -9999.000000 -9999.000000 -9999.000000 -9999.000000 -9999.000000 -9999.000000 0.268378 0.413035 0.352103 0.049171 0.032493 0.035103 0.040000 0.275887 0.018838 0.024071 0.031791 0.038734 0.026452 0.065865 0.189294 0.255882 0.060951 0.132057 0.144388 0.141731 0.130121 0.107201 0.062706 0.550760 0.084450 0.066947 0.090067 0.062582 0.057457 0.692268 0.855964 0.027763 0.030220 0.021034 0.017967 0.035041 0.047585
-9999.000000 -9999.000000 -9999.000000 -9999.000000 -9999.000000 -9999.000000 -9999.000000 -9999.000000 -9999.000000 -9999.000000 -9999.000000 -9999.000000 -9999.000000 -9999.000000 -9999.000000 -9999.000000 -9999.000000 -9999.000000 -9999.000000 -9999.000000 -9999.000000 -9999.000000 0.019309 0.324838 0.307869 0.061217 0.053353 0.022361 0.046008 0.270149 0.357688 0.380500 0.358188 0.026466 0.024070 0.080269 0.120293 0.225843 0.029808 0.145134 0.139701 0.132130 0.119407 0.099221 0.081795 0.630317 0.138619 0.090692 0.119178 0.083906 0.045279 0.059364 0.972310 0.027519 0.029366 0.017967 0.028871 0.031227 0.042153
-9999.000000 -9999.000000 -9999.000000 -9999.000000 -9999.000000 -9999.000000 -9999.000000 -9999.000000 -9999.000000 -9999.000000 -9999.000000 -9999.000000 -9999.000000 -9999.000000 -9999.000000 -9999.000000 -9999.000000 -9999.000000 -9999.000000 -9999.000000 -9999.000000 -9999.000000 0.014397 0.026055 0.106209 0.039451 0.032143 0.019082 0.033069 0.043281 0.293589 0.327816 0.333518 0.257379 0.227838 0.158530 0.247888 0.170230 0.037941 0.074043 0.076989 0.069695 0.059486 0.040290 0.097542 0.589682 0.183723 0.125374 0.164558 0.017372 0.046349 0.105628 0.880655 0.917600 0.095284 0.029640 0.051660 0.070457 0.412392
-9999.000000 -9999.000000 -9999.000000 -9999.000000 -9999.000000 -9999.000000 -9999.000000 -9999.000000 -9999.000000 -9999.000000 -9999.000000 -9999.000000 -9999.000000 -9999.000000 -9999.000000 -9999.000000 -9999.000000 -9999.000000 -9999.000000 -9999.000000 -9999.000000 -9999.000000 -9999.000000 0.014397 0.072823 0.071862 0.040260 0.026314 0.018959 0.049310 0.069344 0.053627 0.036507 0.224663 0.226676 1.227332 0.148261 0.099069 0.087471 0.072366 0.074225 0.062950 0.052651 0.036093 0.046425 0.162864 0.234428 0.166633 0.208138 0.017372 0.051978 0.164695 1.106307 0.170097 0.025642 0.034309 0.055336 0.073631 0.363035
-9999.000000 -9999.000000 -9999.000000 -9999.000000 -9999.000000 -9999.000000 -9999.000000 -9999.000000 -9999.000000 -9999.000000 -9999.000000 -9999.000000 -9999.000000 -9999.000000 -9999.000000 -9999.000000 -9999.000000 -9999.000000 -9999.000000 -9999.000000 -9999.000000 -9999.000000 -9999.000000 0.020103 0.075889 0.076714 0.041283 0.022514 0.125985 0.098685 0.067833 0.042519 0.052589 0.178689 1.215857 1.227500 0.192878 0.026742 0.035804 0.032509 0.087578 0.087729 0.074120 0.052070 0.045295 0.039452 0.027962 0.251335 0.240394 0.158028 0.077554 0.262704 1.227731 0.264823 0.025994 0.014397 0.052635 0.078462 0.058143
-9999.000000 -9999.000000 -9999.000000 -9999.000000 -9999.000000 -9999.000000 -9999.000000 -9999.000000 -9999.000000 -9999.000000 -9999.000000 -9999.000000 -9999.000000 -9999.000000 -9999.000000 -9999.000000 -9999.000000 -9999.000000 -9999.000000 -9999.000000 -9999.000000 -9999.000000 -9999.000000 -9999.000000 0.078392 0.060951 0.043618 0.018440 0.129692 0.116754 0.022591 0.022591 0.052117 1.192961 1.221280 0.220664 0.218894 0.029411 0.046837 0.051583 0.032234 0.100212 0.074699 1.010304 0.049782 0.046347 0.029441 0.317376 0.271857 0.618613 0.603783 1.361441 1.274467 1.386316 0.459038 0.046501 0.035623 0.046014 0.052116
-9999.000000 -9999.000000 -9999.000000 -9999.000000 -9999.000000 -9999.000000 -9999.000000 -9999.000000 -9999.000000 -9999.000000 -9999.000000 -9999.000000 -9999.000000 -9999.000000 -9999.000000 -9999.000000 -9999.000000 -9999.000000 -9999.000000 -9999.000000 -9999.000000 -9999.000000 -9999.000000 -9999.000000 -9999.000000 0.023216 0.042748 0.042366 0.014397 0.081597 0.022591 0.022591 0.048896 1.197988 1.223500 0.222008 0.228049 0.241952 0.037163 0.060523 0.017372 0.035698 0.072655 0.974755 1.045569 1.018333 0.820136 0.536767 0.380968 0.613290 0.582159 1.377587 0.372702 0.375985 0.421486 0.041969 0.040733 0.053658 0.040291
-9999.000000 -9999.000000 -9999.000000 -9999.000000 -9999.000000 -9999.000000 -9999.000000 -9999.000000 -9999.000000 -9999.000000 -9999.000000 -9999.000000 -9999.000000 -9999.000000 -9999.000000 -9999.000000 -9999.000000 -9999.000000 -9999.000000 -9999.000000 -9999.000000 -9999.000000 -9999.000000 -9999.000000 -9999.000000 -9999.000000 0.023231 0.074119 0.059075 0.083642 0.027794 0.027794 0.034310 0.126578 0.160471 0.198403 0.223763 0.241693 0.223870 0.056106 0.017372 0.054283 0.106819 1.001398 1.058117 1.056116 0.125360 0.075202 0.272484 0.199609 0.168922 0.158166 0.070030 0.061729 0.084862 0.026817 0.029899 0.034477 0.052834
-9999.000000 -9999.000000 -9999.000000 -9999.000000 -9999.000000 -9999.000000 -9999.000000 -9999.000000 -9999.000000 -9999.000000 -9999.000000 -9999.000000 -9999.000000 -9999.000000 -9999.000000 -9999.000000 -9999.000000 -9999.000000 -9999.000000 -9999.000000 -9999.000000 -9999.000000 -9999.000000 -9999.000000 -9999.000000 -9999.000000 -9999.000000 0.039803 0.109413 0.138724 0.183480 0.030433 0.058967 0.299499 0.350974 0.140695 0.207604 0.219490 0.043479 0.081047 0.110193 0.075095 0.169868 0.135274 0.929601 0.914922 0.196096 0.119940 0.088630 0.107262 0.109718 0.121178 0.142128 0.124153 0.029213 0.018365 0.029243 0.046684 0.030601
-9999.000000 -9999.000000 -9999.000000 -9999.000000 -9999.000000 -9999.000000 -9999.000000 -9999.000000 -9999.000000 -9999.000000 -9999.000000 -9999.000000 -9999.000000 -9999.000000 -9999.000000 -9999.000000 -9999.000000 -9999.000000 -9999.000000 -9999.000000 -9999.000000 -9999.000000 -9999.000000 -9999.000000 -9999.000000 -9999.000000 -9999.000000 -9999.000000 -9999.000000 0.087609 0.025275 0.034066 0.056496 0.222572 0.243811 0.068351 0.019111 0.025460 0.017372 0.017373 0.094718 0.098427 0.084221 0.240028 0.232994 0.248162 0.354911 0.021279 0.036050 0.129981 0.157067 1.189963 1.186927 1.186486 0.039711 0.022239 0.039802 0.051842 0.057153
-9999.000000 -9999.000000 -9999.000000 -9999.000000 -9999.000000 -9999.000000 -9999.000000 -9999.000000 -9999.000000 -9999.000000 -9999.000000 -9999.000000 -9999.000000 -9999.000000 -9999.000000 -9999.000000 -9999.000000 -9999.000000 -9999.000000 -9999.000000 -9999.000000 -9999.000000 -9999.000000 -9999.000000 -9999.000000 -9999.000000 -9999.000000 -9999.000000 -9999.000000 -9999.000000 0.024651 0.030480 0.019935 -9999.000000 -9999.000000 -9999.000000 -9999.000000 -9999.000000 -9999.000000 -9999.000000 0.020897 0.119587 1.173971 0.125436 0.109688 0.079017 0.557352 0.584831 0.064445 0.035011 0.136254 1.180079 1.182524 1.181877 0.046495 0.023614 0.047213 0.055415 0.063942
-9999.000000 -9999.000000 -9999.000000 -9999.000000 -9999.000000 -9999.000000 -9999.000000 -9999.000000 -9999.000000 -9999.000000 -9999.000000 -9999.000000 -9999.000000 -9999.000000 -9999.000000 -9999.000000 -9999.000000 -9999.000000 -9999.000000 -9999.000000 -9999.000000 -9999.000000 -9999.000000 -9999.000000 -9999.000000 -9999.000000 -9999.000000 -9999.000000 -9999.000000 -9999.000000 -9999.000000 -9999.000000 -9999.000000 -9999.000000 -9999.000000 -9999.000000 -9999.000000 -9999.000000 -9999.000000 -9999.000000 0.019539 0.126793 1.158615 0.162926 0.159325 0.126548 0.568496 0.567666 0.117959 0.020851 0.029610 0.173179 0.031822 0.044319 0.062630 0.028312 0.023705 0.051491 0.100133
-9999.000000 -9999.000000 -9999.000000 -9999.000000 -9999.000000 -9999.000000 -9999.000000 -9999.000000 -9999.000000 -9999.000000 -9999.000000 -9999.000000 -9999.000000 -9999.000000 -9999.000000 -9999.000000 -9999.000000 -9999.000000 -9999.000000 -9999.000000 -9999.000000 -9999.000000 -9999.000000 -9999.000000 -9999.000000 -9999.000000 -9999.000000 -9999.000000 -9999.000000 -9999.000000 -9999.000000 -9999.000000 -9999.000000 -9999.000000 -9999.000000 -9999.000000 -9999.000000 -9999.000000 -9999.000000 -9999.000000 0.028343 0.026039 0.138024 0.177298 0.195657 0.199028 0.017372 0.215614 0.196145 0.034386 0.017372 0.027475 0.040626 0.046592 0.052100 0.023843 0.023033 0.027672 1.130562
-9999.000000 -9999.000000 -9999.000000 -9999.000000 -9999.000000 -9999.000000 -9999.000000 -9999.000000 -9999.000000 -9999.000000 -9999.000000 -9999.000000 -9999.000000 -9999.000000 -9999.000000 -9999.000000 -9999.000000 -9999.000000 -9999.000000 -9999.000000 -9999.000000 -9999.000000 -9999.000000 -9999.000000 -9999.000000 -9999.000000 -9999.000000 -9999.000000 -9999.000000 -9999.000000 -9999.000000 -9999.000000 -9999.000000 -9999.000000 -9999.000000 -9999.000000 -9999.000000 -9999.000000 -9999.000000 -9999.000000 0.025613 0.032614 0.040214 0.148948 0.179834 0.230491 0.017372 0.287500 0.259756 0.039526 0.017372 0.034065 0.385467 0.412253 0.406846 0.030114 0.030053 0.030327 0.156487
-9999.000000 -9999.000000 -9999.000000 -9999.000000 -9999.000000 -9999.000000 -9999.000000 -9999.000000 -9999.000000 -9999.000000 -9999.000000 -9999.000000 -9999.000000 -9999.000000 -9999.000000 -9999.000000 -9999.000000 -9999.000000 -9999.000000 -9999.000000 -9999.000000 -9999.000000 -9999.000000 -9999.000000 -9999.000000 -9999.000000 -9999.000000 -9999.000000 -9999.000000 -9999.000000 -9999.000000 -9999.000000 -9999.000000 -9999.000000 -9999.000000 -9999.000000 -9999.000000 -9999.000000 -9999.000000 -9999.000000 -9999.000000 0.038734 0.043435 0.032463 0.037971 0.273583 0.338600 0.303321 0.262798 0.045281 0.053582 0.032218 1.407250 1.419166 1.424035 0.208275 0.101813 0.207450 0.169214
