use_cases/Flooding_chicago/flooding_data/output/h_2400.asc
ncols 337
nrows 393
xllcorner 428428.000000
yllcorner 4602440.000000
cellsize 26.757400
NODATA_value -9999.000000
[rows 162 to 188 of 393, columns 236 to 294 of 337]
4.608294 4.592502 4.597450 4.593532 4.629056 1.522755 1.531107 0.414129 2.180758 4.276359 5.314174 4.336087 4.328740 4.300253 3.323886 2.275149 1.225788 1.174152 1.166471 1.147860 2.128726 2.148307 3.148477 3.148128 1.105619 0.241488 0.146702 0.174647 0.032967 0.019676 0.230811 1.281583 1.273986 1.261775 0.185274 0.042289 0.027046 0.036690 0.037437 0.106467 0.092292 0.051950 -9999.000000 -9999.000000 -9999.000000 -9999.000000 -9999.000000 -9999.000000 -9999.000000 -9999.000000 -9999.000000 -9999.000000 -9999.000000 -9999.000000 -9999.000000 -9999.000000 -9999.000000 -9999.000000 -9999.000000
4.598658 4.582534 4.586479 4.583489 4.626790 2.502002 2.520301 1.406083 2.212389 4.262854 6.292269 6.362916 4.327940 3.268892 3.327097 1.253389 1.238882 2.101361 3.168721 4.183736 3.178555 3.183644 3.173238 2.195780 0.142274 0.026799 0.032722 0.047797 0.027244 0.028893 0.033729 0.200556 1.263698 1.255144 0.200511 0.035682 0.058067 0.093849 0.022163 0.120918 0.084450 0.119620 -9999.000000 -9999.000000 -9999.000000 -9999.000000 -9999.000000 -9999.000000 -9999.000000 -9999.000000 -9999.000000 -9999.000000 -9999.000000 -9999.000000 -9999.000000 -9999.000000 -9999.000000 -9999.000000 -9999.000000
4.597422 4.579186 4.584543 5.568238 4.620971 2.483985 2.459116 2.411157 2.344404 4.205877 6.285314 6.363200 4.355513 2.298674 2.321007 1.266825 1.254702 2.087770 4.146529 5.175560 4.177642 4.188478 3.175887 2.176196 1.192604 0.153393 0.043388 0.027840 0.038520 0.027107 0.039323 0.026308 0.181174 1.134902 1.063971 1.095928 1.131861 0.080163 0.109703 0.112907 0.081886 0.119240 -9999.000000 -9999.000000 -9999.000000 -9999.000000 -9999.000000 -9999.000000 -9999.000000 -9999.000000 -9999.000000 -9999.000000 -9999.000000 -9999.000000 -9999.000000 -9999.000000 -9999.000000 -9999.000000 -9999.000000
4.595349 3.576224 4.568000 4.571929 3.605211 1.491104 2.385606 2.404541 2.340019 2.331852 4.256135 4.345663 3.343750 2.336915 1.301489 1.273335 1.260606 2.008925 3.137887 4.163279 4.163021 4.170832 3.160503 3.166096 1.187854 0.136543 0.052055 0.032189 0.033272 0.053856 0.178973 0.019004 0.162448 1.192357 2.104775 2.159740 0.147909 0.080299 0.111107 0.115700 0.094779 0.053140 0.063881 -9999.000000 -9999.000000 -9999.000000 -9999.000000 -9999.000000 -9999.000000 -9999.000000 -9999.000000 -9999.000000 -9999.000000 -9999.000000 -9999.000000 -9999.000000 -9999.000000 -9999.000000 -9999.000000
3.585281 3.573156 3.581724 3.596327 1.566478 1.518366 1.474787 1.417710 1.365058 2.238155 2.303131 2.320184 3.317040 2.316002 2.332371 2.307868 2.314062 1.136347 1.157418 2.151520 2.160833 2.166508 2.162100 2.172857 0.131435 0.031288 0.024224 0.030708 0.026619 0.044412 0.107217 0.126304 0.014397 0.132892 1.109154 1.090689 0.028694 0.024544 0.030098 0.025474 0.097786 0.066826 0.056491 -9999.000000 -9999.000000 -9999.000000 -9999.000000 -9999.000000 -9999.000000 -9999.000000 -9999.000000 -9999.000000 -9999.000000 -9999.000000 -9999.000000 -9999.000000 -9999.000000 -9999.000000 -9999.000000
2.564435 2.557579 2.558988 2.564524 1.563514 1.525100 1.470308 1.379292 1.350962 1.319099 1.314274 2.303289 2.326224 2.326194 2.334051 2.320785 1.330253 0.023921 0.028265 0.132669 0.150207 1.149044 2.149883 2.153466 0.025535 0.018181 0.022164 0.058404 0.045647 0.037438 0.285106 0.066041 0.079776 0.101128 0.082874 0.893410 0.028770 0.024773 0.030891 0.030143 0.024147 0.022438 0.029030 -9999.000000 -9999.000000 -9999.000000 -9999.000000 -9999.000000 -9999.000000 -9999.000000 -9999.000000 -9999.000000 -9999.000000 -9999.000000 -9999.000000 -9999.000000 -9999.000000 -9999.000000 -9999.000000
1.448876 1.553643 1.586494 1.599789 1.582999 1.554472 1.498179 0.378113 0.287774 0.240655 0.257999 1.301555 1.301018 2.313693 2.321450 2.303021 1.308196 0.024124 0.029046 0.023219 0.163098 0.164618 1.141262 0.106664 0.023828 0.025453 0.051338 0.058601 0.076662 0.021995 0.233507 0.217276 0.055689 0.073712 0.051835 0.669153 0.033348 0.043602 0.052479 0.053840 0.031090 0.018227 0.027871 -9999.000000 -9999.000000 -9999.000000 -9999.000000 -9999.000000 -9999.000000 -9999.000000 -9999.000000 -9999.000000 -9999.000000 -9999.000000 -9999.000000 -9999.000000 -9999.000000 -9999.000000 -9999.000000
0.738352 1.563228 1.633128 1.646067 1.635444 1.655029 0.593922 0.066340 0.054767 0.047526 0.037493 0.265222 1.309965 2.317814 2.325570 2.307874 1.316891 1.328419 1.328074 0.018380 0.165417 0.158410 0.131960 0.100596 0.057022 0.385010 1.453764 0.388895 0.048270 0.035240 0.162251 0.154923 0.035076 0.040455 0.071899 0.677599 0.509763 0.039980 0.056160 0.064176 0.044271 0.027809 0.032174 0.025887 -9999.000000 -9999.000000 -9999.000000 -9999.000000 -9999.000000 -9999.000000 -9999.000000 -9999.000000 -9999.000000 -9999.000000 -9999.000000 -9999.000000 -9999.000000 -9999.000000 -9999.000000
0.792296 1.531963 1.651199 2.708507 1.593685 1.588013 0.529915 0.070074 0.029528 0.027933 0.060809 0.231180 2.302422 2.314298 2.325529 2.309235 2.321777 2.316466 1.316920 0.291772 0.208392 0.175762 0.128138 0.077495 0.532731 1.489473 2.499595 1.512461 0.042711 0.032033 0.643625 0.636665 0.626344 0.616502 1.643806 1.652848 3.675928 3.689558 2.709855 2.691091 1.672818 0.042047 0.023109 0.335799 -9999.000000 -9999.000000 -9999.000000 -9999.000000 -9999.000000 -9999.000000 -9999.000000 -9999.000000 -9999.000000 -9999.000000 -9999.000000 -9999.000000 -9999.000000 -9999.000000 -9999.000000
0.904397 1.430498 2.657200 2.703956 0.533017 0.063538 0.091170 0.050759 0.044082 0.039012 0.068854 0.236933 2.318178 3.323715 2.335327 2.320980 2.323218 2.330956 2.326252 1.354539 0.014397 0.159164 0.086635 0.569589 0.558847 1.462465 2.495232 1.532956 0.404637 0.260429 1.643866 2.723543 2.737076 2.720773 2.701257 3.670090 5.692594 5.706995 5.724594 4.714659 2.696160 1.674013 0.475715 0.544030 0.323636 -9999.000000 -9999.000000 -9999.000000 -9999.000000 -9999.000000 -9999.000000 -9999.000000 -9999.000000 -9999.000000 -9999.000000 -9999.000000 -9999.000000 -9999.000000 -9999.000000
0.900179 1.288443 2.588512 0.486653 0.024544 0.027412 0.115373 0.048003 0.066186 0.048246 0.045893 0.096702 1.179234 3.288792 3.318829 2.319268 1.313101 2.310560 2.305999 1.271780 0.331132 0.201323 0.650958 0.574653 0.554487 0.526776 0.481347 0.511499 0.014397 0.202176 2.602046 3.717370 4.721039 4.718607 4.689890 4.699161 7.690514 7.705397 6.716156 5.715184 3.709884 1.666387 1.661546 0.325297 0.175725 0.122527 -9999.000000 -9999.000000 -9999.000000 -9999.000000 -9999.000000 -9999.000000 -9999.000000 -9999.000000 -9999.000000 -9999.000000 -9999.000000 -9999.000000 -9999.000000
0.760639 0.517428 0.466784 0.030509 0.014397 0.023384 0.063199 0.084036 0.090208 0.017372 0.020134 0.184765 0.303347 1.098789 1.166220 1.267534 0.271931 1.258886 0.263632 0.382465 0.153730 0.110317 0.210843 0.017967 0.021034 0.024985 0.363639 0.420808 0.301763 0.197663 2.576006 4.713483 3.736775 3.720572 4.696131 5.700269 6.707275 6.705144 5.713040 4.718812 3.714298 2.716004 1.694107 0.038865 0.017967 0.030144 -9999.000000 -9999.000000 -9999.000000 -9999.000000 -9999.000000 -9999.000000 -9999.000000 -9999.000000 -9999.000000 -9999.000000 -9999.000000 -9999.000000 -9999.000000
0.435853 0.036385 0.054939 0.027946 0.044871 0.018440 0.087227 0.086718 0.092102 0.017372 0.052034 0.309760 0.253903 0.164160 0.117788 0.111676 0.106644 0.116562 0.143181 0.270815 0.292915 0.185247 0.263101 0.182694 0.017967 0.206686 1.236039 1.248691 1.193242 1.733850 2.573862 3.698554 3.796553 2.746997 3.694445 4.722692 5.722188 5.738391 4.753381 3.726947 3.719832 3.733303 2.722655 0.041659 0.021034 0.017967 0.020378 0.252477 -9999.000000 -9999.000000 -9999.000000 -9999.000000 -9999.000000 -9999.000000 -9999.000000 -9999.000000 -9999.000000 -9999.000000 -9999.000000
0.028167 0.038445 0.039084 0.764518 1.772162 1.786347 0.734351 0.063040 0.079034 0.063640 0.065253 0.419239 0.352353 0.030656 0.028877 0.157826 0.147231 0.031701 0.028672 0.424537 0.406252 0.233966 0.121661 0.496996 0.020378 0.238104 1.238731 2.306307 1.220921 1.016117 1.528356 1.681865 2.688747 2.707331 2.686927 3.692096 4.703730 4.712997 4.735992 3.697943 3.687943 4.656749 3.688022 1.542315 0.077907 0.045398 0.077451 0.444639 -9999.000000 -9999.000000 -9999.000000 -9999.000000 -9999.000000 -9999.000000 -9999.000000 -9999.000000 -9999.000000 -9999.000000 -9999.000000
0.033398 0.014397 0.046647 1.783816 2.798396 2.796566 1.779425 0.701110 0.071882 0.020378 0.064174 0.569899 0.034233 0.049537 0.042066 0.183545 0.032000 0.052302 0.040957 0.552695 0.570567 0.019575 0.096481 0.424481 0.383072 0.351108 1.252816 2.314109 1.288616 1.245364 0.178196 0.635339 0.655121 1.664382 2.662836 2.662048 3.684030 4.688549 4.725024 3.684122 3.673618 4.669036 3.689927 1.414087 1.087442 0.989616 1.788181 2.917229 1.275309 -9999.000000 -9999.000000 -9999.000000 -9999.000000 -9999.000000 -9999.000000 -9999.000000 -9999.000000 -9999.000000 -9999.000000
1.697280 0.606222 0.651786 1.768681 2.787031 2.766143 1.766779 0.725398 0.027337 0.031182 0.072271 0.648415 0.046850 0.059074 0.022591 0.022591 0.040522 0.634819 1.728852 1.756097 0.690454 0.027662 0.146128 0.420988 0.423562 0.401857 1.286671 2.338568 3.413828 1.314933 0.276590 0.242176 0.209092 0.615482 1.636907 2.604839 3.654044 4.650740 4.678467 4.653147 4.628417 4.659904 3.475052 3.171365 3.193819 4.071548 4.141516 4.136025 2.871149 1.124922 -9999.000000 -9999.000000 -9999.000000 -9999.000000 -9999.000000 -9999.000000 -9999.000000 -9999.000000 -9999.000000
3.742395 2.678765 2.658763 1.766727 0.802004 1.792998 1.765188 0.056092 0.035712 0.035744 0.081421 0.741674 0.778780 0.040425 0.022591 0.022591 1.684778 2.721653 3.732625 2.724364 1.683990 0.515938 0.306637 0.429394 1.347609 1.420700 1.366249 3.344222 4.401268 1.350381 0.323988 0.298916 0.273366 0.194691 0.623234 2.556386 3.651130 4.611580 4.643088 4.598037 4.587770 4.628503 3.433765 4.155183 4.269736 5.118837 5.228223 4.080759 2.621450 2.229016 1.461397 -9999.000000 -9999.000000 -9999.000000 -9999.000000 -9999.000000 -9999.000000 -9999.000000 -9999.000000
3.745559 2.717256 2.718845 1.786684 0.774492 0.758872 0.732912 0.083415 0.041359 0.039498 0.842242 1.793152 1.826467 0.825280 0.058086 0.058495 2.692735 4.733149 4.743163 2.732898 0.625934 0.491645 0.296346 1.343700 1.383922 1.405155 2.352547 3.281171 3.354713 2.372143 2.402108 1.375013 1.390468 0.239768 0.648287 2.571884 4.705031 3.689491 3.588865 2.522430 3.383611 3.527282 2.365677 3.083058 4.205234 4.100349 4.112764 3.045508 1.613061 1.295456 1.055929 -9999.000000 -9999.000000 -9999.000000 -9999.000000 -9999.000000 -9999.000000 -9999.000000 -9999.000000
3.697318 2.681496 1.660800 0.056769 0.074122 0.095765 0.100634 0.033134 0.055030 0.046393 1.831630 2.762674 2.823926 0.812733 0.795412 0.771908 3.677607 5.710657 4.733527 2.740371 0.694474 0.027827 0.138568 0.354285 1.325703 1.398052 2.373730 1.382694 1.389353 2.305862 2.361012 3.293106 2.361250 1.191081 0.882481 1.655306 4.698566 3.737896 1.760030 1.729798 1.697388 1.649391 1.526116 3.118245 4.359642 3.478162 1.174701 0.998592 0.734437 1.123211 1.313388 0.158516 -9999.000000 -9999.000000 -9999.000000 -9999.000000 -9999.000000 -9999.000000 -9999.000000
3.637957 3.617443 1.580273 0.046095 0.014397 0.109801 0.090952 0.037087 0.023567 0.022942 0.057722 1.780917 2.810715 1.850673 0.806768 0.790034 2.657802 3.709634 3.727350 2.748154 0.706885 0.035759 0.084373 0.424834 0.472651 1.313957 2.388347 1.408494 1.399518 2.286076 2.360085 2.353906 2.385925 1.321017 0.144264 2.599795 3.580309 2.762496 1.761117 1.741428 2.788764 1.656290 2.344250 4.220015 4.427581 3.503321 1.206354 0.979954 0.617593 1.011187 1.044458 -9999.000000 -9999.000000 -9999.000000 -9999.000000 -9999.000000 -9999.000000 -9999.000000 -9999.000000
2.590694 2.542252 2.335974 0.273247 0.040297 0.068908 0.061170 0.031288 0.027366 0.023507 0.021721 0.600213 2.775800 3.857316 2.848695 1.774599 2.710105 2.738595 2.762187 1.769331 0.710449 0.032750 0.049151 1.450178 1.578958 1.456531 2.371112 2.493665 2.521910 1.361916 1.365888 1.295456 1.283083 1.211361 0.998716 1.702797 2.834722 3.894689 4.006860 2.881407 2.724713 2.693275 2.398726 4.121836 4.351840 3.403732 2.344193 0.942874 2.003257 2.171665 3.256113 0.726348 -9999.000000 -9999.000000 -9999.000000 -9999.000000 -9999.000000 -9999.000000 -9999.000000
0.073257 1.383901 3.196199 1.081946 0.123052 0.119667 0.100210 0.035416 0.019310 0.031287 0.050219 1.680448 3.794074 3.829597 2.798489 2.770439 2.767667 1.740229 1.725393 1.760476 0.547960 0.336600 1.342013 1.505148 1.530388 1.475976 2.347152 2.484002 2.508536 1.406483 1.471343 0.403313 0.362120 0.288748 0.847553 1.764591 2.829825 3.837449 3.896855 3.930347 2.709337 2.571396 2.123774 2.099626 2.251238 2.286576 2.311861 0.896302 1.995564 2.162995 3.245615 0.878250 -9999.000000 -9999.000000 -9999.000000 -9999.000000 -9999.000000 -9999.000000 -9999.000000
0.047983 0.310764 2.128039 1.884892 1.954532 0.842843 0.849030 0.826008 0.032546 0.043045 1.722840 3.787048 3.806625 2.837302 1.797114 1.765866 1.736867 1.767663 0.664436 0.583362 0.736694 1.184825 1.412557 1.605071 1.561842 1.496783 2.278001 2.519173 1.419649 1.386436 1.409679 1.441629 0.374961 0.310355 0.204865 1.710404 2.828798 3.843824 3.903119 3.903243 2.779891 2.665257 0.374531 0.249484 1.220931 1.263846 0.195035 0.092678 1.067351 2.122841 2.186539 1.019335 0.041766 -9999.000000 -9999.000000 -9999.000000 -9999.000000 -9999.000000 -9999.000000
0.048026 0.053275 0.221447 1.904971 2.128167 1.959236 1.969009 2.905812 1.891435 1.887002 3.710328 4.830190 3.868730 2.884647 1.873263 0.767309 0.724148 0.696450 0.641273 0.538163 2.164964 2.357810 1.678501 2.584840 1.521685 1.478613 1.380263 1.405568 1.351427 2.184090 2.301228 2.317274 2.374590 0.309217 0.243654 1.656393 2.734807 3.777639 3.896229 3.843521 2.747580 1.820012 0.054499 0.032152 0.196580 0.225555 0.027663 0.027762 0.090845 0.102078 0.122419 0.094583 0.024025 -9999.000000 -9999.000000 -9999.000000 -9999.000000 -9999.000000 -9999.000000
0.071206 0.049948 0.041451 0.936399 1.073240 1.966669 2.007546 2.892360 2.932171 2.902072 3.693877 4.796432 4.877114 3.884252 2.892612 0.759324 0.712815 0.683663 0.621767 1.027473 1.991809 2.070129 0.593142 1.179673 1.354584 1.407287 0.338957 0.324452 1.198036 3.201654 3.290824 3.296327 3.310709 2.227459 2.229628 1.979558 1.993096 2.899455 3.990187 3.012697 1.961390 1.908594 1.093377 0.014397 0.053467 0.057952 0.017372 0.017372 0.087949 0.025276 0.033043 0.034248 0.028908 0.038628 0.046685 -9999.000000 -9999.000000 -9999.000000 -9999.000000
0.090523 0.056801 0.045217 1.013283 1.093310 1.066755 1.023754 1.838104 1.913361 2.830974 2.819170 3.753217 3.820847 3.859462 2.838449 1.788375 0.693063 1.320989 2.461589 2.426165 2.011562 0.849053 0.082448 0.077615 0.042176 0.273142 0.311368 0.314834 0.288644 3.219038 4.295129 4.306859 4.315464 4.290137 4.335229 2.066889 2.054618 2.933007 4.040810 3.055062 3.120255 2.011263 2.088351 2.086531 1.080304 1.088005 0.084679 0.075580 0.055216 0.024589 0.014397 0.038826 0.041085 0.029335 0.054192 0.070167 -9999.000000 -9999.000000 -9999.000000
0.081994 0.106087 0.146365 3.015119 3.110965 1.085747 1.042698 0.973164 1.867980 1.896151 1.766716 1.735385 2.718127 2.768991 2.734443 2.660288 2.665485 3.637598 4.688679 3.669843 1.610075 0.034569 0.017967 0.032357 0.039901 0.046470 0.336397 0.017602 0.019497 2.215312 3.266465 4.282251 4.287300 4.278768 3.283375 2.114418 2.094059 2.870698 3.975818 4.062889 3.063672 1.922405 1.055205 2.087381 2.078295 2.091156 2.105452 2.085288 1.079927 0.071386 0.019310 0.106883 0.028541 0.033577 0.040718 0.062793 0.070792 0.060784 0.028496
