use_cases/Flooding_chicago/flooding_data/output/h_2400.asc
ncols 337
nrows 393
xllcorner 428428.000000
yllcorner 4602440.000000
cellsize 26.757400
NODATA_value -9999.000000
[rows 135 to 161 of 393, columns 118 to 176 of 337]
0.233074 0.211053 0.800282 1.941651 2.962688 2.967901 3.967875 3.971259 3.972220 3.976071 3.970395 4.962906 6.954851 6.968379 6.977983 4.964829 4.950587 4.953842 4.946405 4.959888 3.959474 2.946330 1.914260 1.908676 2.900515 2.909408 2.913596 2.920305 1.915184 0.022381 0.721030 0.739504 1.679766 1.690798 2.688008 2.713603 1.654782 0.509793 0.413996 0.312942 0.163926 0.118296 0.316731 0.336349 0.051597 0.053841 0.033333 0.034554 0.047753 0.038659 0.031517 0.038138 0.030419 0.037209 0.043647 0.051139 0.064782 0.075538 0.059243
0.242462 0.757716 1.940648 2.951476 2.968673 3.968714 3.966718 4.962471 4.970081 4.968140 4.968756 4.963855 4.967795 4.966774 4.964845 4.970203 3.947927 3.950912 4.936183 4.961793 3.956337 2.920248 2.891556 2.893016 2.905894 2.921870 1.891343 1.916416 0.846294 0.785821 1.738966 1.767242 2.727259 3.726809 3.769125 2.752465 1.712883 0.531915 0.427140 0.307079 0.340710 0.388852 1.449339 1.505414 0.361973 0.038644 0.037147 0.025993 0.084693 0.041908 0.044350 0.029960 0.039329 0.047110 0.044930 0.053765 0.092677 0.914082 0.997590
0.193238 1.873773 1.968290 1.967071 2.962893 3.964703 3.967837 4.964847 4.972479 3.972168 3.970776 3.970550 4.958023 4.967206 4.969191 3.972288 2.941873 2.945319 3.929731 3.941525 3.958890 2.925603 3.875614 3.904321 2.915651 1.886177 1.902316 0.862108 0.841939 1.645723 2.732322 3.736297 3.756955 3.738394 3.773624 2.750817 1.701978 0.506970 0.352842 0.231509 0.298358 0.422621 2.453436 2.504785 0.412786 0.053648 0.038155 0.023262 0.109246 0.035912 0.028496 0.049523 0.038215 0.050696 0.051927 0.656456 2.075701 2.115789 1.021414
0.850519 1.923711 1.968423 2.968826 2.970565 3.965438 3.967281 4.962006 4.967959 3.972854 3.971911 3.971866 3.963907 4.965090 3.970356 4.983887 1.947499 1.948912 2.922124 3.944379 2.961079 1.916805 3.878542 3.913427 2.905361 1.859805 1.849663 1.811422 2.760145 2.771447 2.759507 3.728933 3.754915 3.735952 3.783769 2.754233 1.667821 0.432889 0.532977 0.444663 0.269692 0.538571 2.432086 2.508254 2.539235 1.512744 0.394047 0.045133 0.087960 0.068488 0.027808 0.047997 0.046759 0.034416 0.052398 1.929116 3.066463 3.129137 2.049147
0.926256 0.960177 1.955211 2.961839 2.968980 3.958800 3.966618 3.968451 3.970522 4.981620 4.986237 3.976857 2.973171 2.972196 3.957655 4.980690 1.942437 1.942051 1.934724 2.938594 1.925470 1.906701 1.890436 2.840195 2.870139 2.837895 3.789409 3.840071 3.856211 2.763425 2.752601 3.674001 3.723340 3.718422 3.799042 1.576006 1.407916 0.871606 1.001113 1.064679 0.967406 0.718718 2.350944 3.514598 3.580744 2.569883 1.552475 0.334264 0.208223 0.261635 0.812947 1.001134 0.932636 0.061514 0.436236 0.883409 2.966158 3.111684 2.041004
0.894481 0.968834 1.946274 2.949649 2.957300 2.950823 3.958022 3.965809 3.968037 4.971942 4.976082 3.975643 2.972375 2.971228 3.961040 3.982112 1.941146 1.938920 1.929504 1.927949 1.923821 1.906908 1.890311 2.840836 2.873791 3.783685 4.843524 3.845977 3.854722 2.763725 2.753381 2.787115 1.608256 2.624491 3.734777 1.540890 1.355652 1.464434 1.325962 2.304755 1.087706 1.197841 3.390647 5.476438 4.561944 3.529211 2.514298 1.325828 1.206048 1.287196 1.933568 2.266401 2.183015 2.204219 0.772866 1.899145 2.098281 2.108233 2.128946
1.955058 1.967185 1.960116 1.968017 1.970332 1.971130 2.958585 3.964044 4.970868 4.973797 4.967817 3.963414 2.973300 3.974463 4.978228 3.969763 3.981680 2.975845 1.933821 1.931318 2.933530 1.914521 1.899368 1.890070 3.810318 3.847409 4.829390 4.874983 2.837313 1.732351 1.721122 1.766264 0.027283 0.373886 1.378507 0.031427 0.208094 0.341210 1.152346 1.319502 1.025422 2.878489 5.398602 6.463694 5.546244 3.447658 3.447744 2.263755 1.930559 1.471349 1.268555 1.205562 2.738768 3.107822 0.765903 0.986819 1.005771 0.964718 1.926037
2.949957 1.961801 2.957430 1.969142 1.971074 1.971479 2.942138 3.955468 4.959089 4.963711 3.949336 2.970852 2.969835 3.957207 5.939469 5.972985 4.962997 3.961864 2.942005 2.936329 2.953015 1.915973 1.894270 1.887686 1.885278 2.824909 3.848627 2.881848 0.803112 0.099683 0.098987 0.046867 0.034843 0.027444 0.068642 0.032189 0.027657 0.036659 0.078370 0.195608 0.693129 2.227361 4.457488 5.531735 3.561024 2.519001 2.508201 2.479942 1.454727 0.237876 0.125385 0.140427 1.907667 3.140463 0.872218 0.719021 0.646690 0.550084 0.805312
1.958088 1.970740 1.967107 1.982923 1.980412 1.978206 1.974128 2.932716 3.941792 3.971905 2.973615 2.969722 2.968903 3.953550 4.937983 4.958366 3.963825 2.950583 2.929865 3.918663 2.944971 1.911650 0.809160 0.778770 0.762120 0.731487 0.757031 0.754613 0.045555 0.056878 0.065929 0.040764 0.027642 0.038262 0.041969 0.036552 0.021644 0.034935 0.040566 0.071215 0.120131 0.297849 1.451015 1.471255 1.491018 1.504747 1.489578 1.467425 0.407151 0.023629 0.072242 0.089486 0.858406 2.010534 0.906293 0.816890 0.745033 0.662036 0.492200
0.879776 0.964813 0.961738 1.984205 2.998541 2.999019 1.977448 1.977934 1.981838 3.980241 4.005523 2.973975 2.971115 3.942053 3.960527 2.955784 2.955816 2.958709 1.925993 2.897940 1.906947 0.053050 0.062139 0.068726 0.079349 0.122719 0.226221 0.202834 0.062858 0.054740 0.070168 0.039925 0.030144 0.048607 0.056312 0.043861 0.070809 0.055550 0.050086 0.062645 0.041877 0.044672 0.054932 0.543714 0.547053 1.542809 0.406354 0.034908 0.019310 0.045377 0.070873 0.088043 0.828679 2.006979 0.947473 0.876488 0.811148 0.738044 0.556734
0.119391 0.937907 0.970762 1.991119 2.994633 4.005143 3.002154 3.001491 3.005743 5.007948 5.016813 4.009965 4.009718 2.977145 2.950252 1.938225 1.941890 1.937750 0.944751 0.073561 0.073027 0.017967 0.041908 0.036933 0.056834 0.036584 0.219191 0.192234 0.040505 0.035180 0.048042 0.066308 0.088554 0.036751 0.060370 0.048897 0.065452 0.054619 0.057045 0.033667 0.034691 0.054023 0.074432 0.537411 0.538650 1.521898 0.384079 0.052316 0.027366 0.023507 0.051390 0.050102 0.168678 1.973493 1.017983 0.949208 0.883801 0.819462 0.604944
0.188928 0.190089 0.918683 1.990981 4.003627 3.999750 4.005453 4.004963 5.016716 5.001470 5.007819 5.018581 5.014011 2.992466 1.995298 0.993838 0.991762 0.984705 0.973636 0.955353 0.049908 0.021034 0.017967 0.065773 0.020088 0.038715 0.082634 0.082816 0.031838 0.049965 0.053993 0.051979 0.059303 0.057870 0.022591 0.022591 0.050209 0.040092 0.066490 0.059944 0.092977 0.068085 0.116772 0.076360 0.487049 0.414489 0.411055 0.066618 0.023567 0.022942 0.087602 0.052784 0.180265 1.026968 1.043831 0.971135 0.912063 0.926557 0.089426
0.258534 0.266641 0.889821 1.986315 3.988129 3.997447 3.996489 3.996574 4.995604 4.986350 4.988573 4.988545 4.975085 4.011088 1.992119 0.999131 0.998352 0.994991 2.018238 2.003591 2.016576 0.036989 0.049498 0.039452 0.030480 0.030755 0.067681 0.082405 0.035286 0.045693 0.034676 0.054755 0.096443 0.099146 0.022591 0.022591 0.033836 0.046151 0.061378 0.059956 0.891964 0.043894 0.034034 0.092234 0.075694 0.078157 0.094335 0.108704 0.121298 0.128397 0.116395 0.077844 0.339309 0.233073 0.284433 0.242934 0.188419 0.184777 0.194817
0.398470 0.327047 0.875930 1.983807 3.982016 3.998419 3.996834 3.989512 3.995172 3.984507 3.975546 3.999440 3.973803 3.961747 2.984178 1.996608 2.020267 2.007183 1.972870 1.978057 1.995414 0.836322 0.762210 0.046214 0.030738 0.049736 0.049476 0.052193 0.026543 0.029045 0.059395 0.048469 0.090416 0.098808 0.028573 0.037101 0.033581 0.035652 0.125537 0.895616 0.964378 0.034690 0.051036 0.044714 0.055514 0.046139 0.139235 0.121641 0.114426 1.085260 1.115028 0.962310 0.638036 0.346429 0.388329 0.359839 1.271335 0.274237 0.241036
1.504580 0.363658 1.883729 3.007266 3.993095 4.006006 4.001471 3.000029 3.000619 2.982594 3.008557 3.980574 2.995359 2.914010 1.973385 0.998588 1.979975 1.964669 1.009912 0.986982 2.012728 2.030329 1.992585 0.053981 0.043411 0.053003 0.020500 0.060417 0.048759 0.043724 0.035896 0.061211 0.149517 0.125764 0.079877 0.034175 0.045841 0.039539 0.033653 0.931727 0.932326 0.920850 0.055843 0.017372 0.088025 0.082864 0.072045 0.017372 0.026442 1.013704 1.899428 1.973678 0.630529 0.715301 0.438900 0.421562 1.191519 2.330871 1.274167
0.408346 0.890624 2.957840 3.991837 4.985723 3.991377 1.994941 1.997692 2.010202 2.003569 2.992134 2.999213 2.950733 2.002884 1.974780 1.012571 1.025110 1.021600 1.017903 0.044328 1.022021 1.053283 1.045056 1.026342 0.062201 0.020103 0.031532 0.038674 0.066571 0.061027 0.049461 0.043586 0.130454 0.467320 1.581759 1.614853 0.037723 0.039209 0.028481 0.105900 1.910525 0.936258 0.057271 0.017372 0.097994 0.095812 0.093172 0.017372 0.025762 1.037586 1.030140 0.732205 0.496246 0.541803 0.983881 1.172123 2.278694 2.301376 2.295913
0.019310 1.999575 1.953764 2.976993 2.984236 2.982056 1.988407 1.988868 1.987491 1.970601 2.009492 2.970511 2.009860 2.024657 2.038702 3.139783 2.119733 2.100805 1.066263 1.091513 0.068564 1.078777 1.057078 0.076632 0.077902 0.054039 0.018028 0.091298 0.089359 0.421597 0.467687 0.046629 0.614353 1.619849 2.607509 2.640752 0.462521 0.407220 0.346423 0.214942 0.920661 0.950791 0.058729 0.086236 0.092486 0.091364 0.081268 0.050973 0.428950 1.201400 1.247107 0.143918 0.018944 0.366831 0.991309 2.192636 3.284181 3.319189 2.277854
0.971264 2.010388 0.907853 0.927233 1.927295 1.967884 1.970746 1.941776 1.006202 1.010966 2.060124 2.038774 3.109491 3.112310 3.128854 4.144076 4.151478 3.111408 1.074668 1.086801 1.093124 1.077691 0.094462 0.086504 0.037849 0.028892 0.021003 0.034813 0.069272 1.609234 1.674740 1.679976 1.673823 1.629351 2.601576 2.639769 1.597006 0.474407 0.381621 0.256562 0.905210 0.946700 0.055647 0.081108 0.087287 0.085516 0.064455 1.464118 2.504368 2.475205 1.359970 0.030463 0.014397 0.025369 0.920969 2.177790 3.223522 3.281064 2.185338
1.788189 1.973501 0.136273 0.185678 0.157508 0.951541 0.975576 0.963919 1.007505 1.019577 2.066830 3.095250 3.069755 4.117163 4.084719 4.086193 4.082535 3.076670 2.097730 1.087864 1.083005 0.094470 0.096384 0.048164 0.060524 0.035530 0.018028 0.029930 0.070671 1.642839 2.700584 2.707324 1.688331 0.656323 2.580323 2.617092 2.616890 0.472985 0.375726 0.274438 0.786716 1.810592 1.818095 1.836995 0.808864 0.079828 0.059672 2.503289 4.540826 4.550180 2.523196 1.582196 0.025967 0.027913 0.829531 2.123909 3.156164 3.208245 2.132385
0.984759 1.080970 0.201625 0.253806 0.258292 0.267547 0.022591 0.022591 1.050058 1.043132 2.071780 3.076666 3.068594 4.058219 3.096375 3.107952 3.112634 3.086273 2.079724 1.090040 1.085093 0.093799 0.104607 0.060097 0.064674 0.035805 0.038445 0.045738 0.050814 1.649685 2.691220 2.698332 1.687628 0.657101 1.571950 1.583363 1.535834 1.512168 0.346541 0.699461 1.792738 2.851521 3.810785 3.852463 2.846051 0.685391 1.484862 3.460477 4.520109 4.530625 3.548456 2.612657 0.404959 0.910036 0.778189 1.864784 1.995661 1.007836 0.947177
0.039588 0.028076 0.270766 2.365098 2.364099 1.356624 0.022591 0.022591 1.045162 1.051682 2.074182 3.077979 3.048190 3.086102 3.101012 3.110595 3.116792 3.091327 2.093774 2.109534 1.089561 1.049184 0.086510 0.061661 0.035729 0.034187 0.034294 0.048379 0.028939 0.532433 2.694889 2.714957 2.719418 2.775788 1.678979 0.598031 1.437398 1.443415 1.159794 1.627037 2.765366 2.887060 4.757129 4.877927 3.856906 2.768233 1.604062 3.398341 4.521204 4.570690 3.554557 2.593522 1.463433 0.804037 0.481727 0.583349 0.697659 0.626260 0.515432
0.014397 0.030888 1.302485 2.331330 2.337140 1.337282 0.276834 0.228352 1.023077 2.098766 3.083462 3.079918 2.090659 3.121509 4.173377 4.159798 3.132936 3.106367 3.120572 3.116155 2.108884 1.057198 0.036485 0.034521 0.020020 0.030632 0.026847 0.033959 0.039172 0.512581 2.706763 4.729750 4.734693 4.784720 2.715722 1.702373 0.584195 0.502644 1.061128 0.916963 2.713718 2.851461 3.728091 3.817317 3.845564 2.715733 2.636041 2.578487 4.531858 4.601355 3.588977 2.626720 1.633049 0.046402 0.035132 0.246023 0.705501 0.613286 0.428103
0.048729 0.440643 1.250036 1.311462 1.353312 0.296957 0.264162 0.195215 2.075756 2.074067 2.065085 3.074381 3.077827 3.093557 4.130936 4.089656 3.139412 4.145884 4.140402 4.141560 4.111535 0.930243 0.021401 0.021065 0.035332 0.040535 0.032036 0.039651 0.438288 2.694529 4.726418 5.701598 6.710538 6.757548 4.719110 2.682998 1.649921 1.662221 0.412130 0.815912 1.747635 1.899633 1.869967 1.821474 1.795559 1.706337 1.684082 3.454833 5.558816 6.582383 5.592124 4.528054 3.686265 1.643950 1.602363 1.494174 1.192199 0.768925 0.532867
0.037390 0.455818 0.427863 0.436499 0.024284 0.014397 0.020116 0.122385 1.933913 1.020603 1.011088 2.008358 1.996686 3.050036 4.109362 3.124206 4.175808 4.126752 6.136223 6.141547 5.138023 2.114374 0.060538 0.021324 0.040387 0.085105 0.078388 0.074360 2.608660 4.687527 6.710390 7.709457 7.692858 6.742585 4.696980 3.687507 2.684569 1.665166 0.499255 0.878610 2.654704 1.829588 1.832048 1.871196 0.771227 1.554424 2.604488 3.539008 5.571399 6.582986 7.574667 7.538671 6.671065 4.675108 4.661919 3.626887 2.561045 0.292553 0.396494
0.466815 1.532049 0.465056 0.476383 0.023399 0.024284 0.113279 1.118965 1.095891 0.089001 0.074484 0.078631 1.083919 2.104130 4.126812 4.184074 4.156526 6.113988 7.137024 7.146538 6.146709 4.144357 2.157102 0.084313 0.050955 1.756639 1.813564 1.806013 3.516504 5.656729 6.695171 7.700078 7.693650 6.761514 4.702426 3.692862 2.688819 1.612898 2.588105 1.265010 1.610938 0.568287 0.538361 1.666243 1.678901 1.635427 2.564161 3.504729 4.545470 5.552496 6.561859 7.566654 6.589943 4.573328 3.582736 2.535997 1.462650 0.262083 0.308085
1.493010 1.568574 0.447444 0.407832 0.303693 1.153357 1.181960 1.182009 0.020611 0.033151 0.030490 0.084710 1.081994 2.106462 5.158517 6.226383 5.190310 7.023322 8.113454 8.150798 6.132513 5.101415 5.167561 3.090513 1.952666 1.850111 1.852105 1.838759 3.495084 4.677364 5.688100 6.691024 6.716470 6.766435 4.714713 3.709518 2.691977 3.663443 4.663072 3.712403 0.363101 0.036803 0.029762 0.070667 0.061761 0.043391 1.374055 2.459076 2.482161 3.490738 4.521112 3.511689 2.208387 1.134674 1.241533 0.417264 0.366109 0.052010 0.066353
0.528549 1.531567 0.028175 0.027992 0.240884 0.189585 0.186010 1.156972 0.129256 0.040866 0.047334 0.035793 1.073645 3.142638 6.134117 6.164449 6.177750 7.032565 8.099367 7.130734 6.112622 6.115807 5.150041 4.100855 3.041183 1.870146 1.848298 1.836795 1.745222 3.611066 3.703716 3.686751 3.703783 4.696138 4.651049 4.673297 3.667648 3.632398 3.590418 2.627251 0.048995 0.039727 0.025367 0.039049 0.041756 0.035179 0.065040 0.268547 1.347441 0.383796 0.316564 0.055886 0.041109 0.031408 0.152245 0.338586 0.295436 0.061943 0.047859
