use_cases/Flooding_chicago/flooding_data/output/h_2400.asc
ncols 337
nrows 393
xllcorner 428428.000000
yllcorner 4602440.000000
cellsize 26.757400
NODATA_value -9999.000000
[rows 135 to 161 of 393, columns 59 to 117 of 337]
-9999.000000 -9999.000000 -9999.000000 -9999.000000 -9999.000000 -9999.000000 -9999.000000 -9999.000000 -9999.000000 -9999.000000 -9999.000000 -9999.000000 -9999.000000 -9999.000000 -9999.000000 0.054513 0.069145 0.053308 0.084737 1.836929 1.881781 1.885918 0.964499 2.970798 1.943797 1.956263 1.943067 2.010061 2.041371 1.005762 0.058368 0.089798 0.070699 0.728848 0.755499 0.698726 0.027794 0.022591 0.022591 0.113153 0.029426 0.040596 0.033455 0.175309 0.177588 0.184365 1.189631 1.688063 1.188710 0.146331 0.096885 0.157340 0.091581 0.054423 0.062916 0.637122 0.610795 0.649425 0.492853
-9999.000000 -9999.000000 -9999.000000 -9999.000000 -9999.000000 -9999.000000 -9999.000000 -9999.000000 -9999.000000 -9999.000000 -9999.000000 -9999.000000 -9999.000000 -9999.000000 0.025703 0.100075 0.095238 0.073357 0.040687 0.080942 1.875504 0.966523 0.980250 1.956231 0.962329 0.973343 0.988351 2.038711 3.073267 2.046930 0.958197 0.084079 0.072451 0.041985 0.793880 0.209812 0.307817 0.035921 0.059343 0.068658 0.058514 0.058260 0.079301 0.139596 0.162068 0.180664 0.174583 1.174310 1.177187 0.146304 0.102140 0.052329 0.032781 0.028114 0.039039 0.032937 0.503020 0.022163 0.290233
-9999.000000 -9999.000000 -9999.000000 -9999.000000 -9999.000000 -9999.000000 -9999.000000 -9999.000000 -9999.000000 -9999.000000 -9999.000000 -9999.000000 -9999.000000 0.034982 0.050438 0.043906 0.040489 0.037635 0.032112 0.037040 0.830884 1.978873 1.973538 1.942793 0.962363 0.967975 0.992482 3.044679 3.042323 3.031396 0.963409 0.031105 0.035606 0.034370 0.223326 1.371738 0.348728 0.350723 1.372774 1.381928 0.287937 0.267064 0.257848 0.085420 0.128793 0.025841 0.025460 0.171783 0.171511 0.018028 0.064334 0.505222 0.492382 0.033913 0.029930 0.316350 0.312587 0.162431 0.175765
-9999.000000 -9999.000000 -9999.000000 -9999.000000 -9999.000000 -9999.000000 -9999.000000 -9999.000000 -9999.000000 -9999.000000 -9999.000000 0.044961 0.068917 0.048043 0.060157 0.054835 0.046883 0.017967 0.021034 0.053413 0.054614 0.872998 0.885017 0.935101 0.940810 0.934198 0.997228 2.053656 3.024625 3.019025 0.906490 0.027734 0.018028 0.028847 0.238047 1.365273 0.371357 0.392705 2.396674 2.392777 2.383867 2.377299 1.381658 0.279980 0.103339 0.033943 0.032676 0.156793 0.155588 0.021003 0.060049 1.547140 0.442098 0.039665 0.018028 0.030999 0.467819 0.446235 0.375627
-9999.000000 -9999.000000 -9999.000000 -9999.000000 -9999.000000 -9999.000000 -9999.000000 -9999.000000 -9999.000000 -9999.000000 -9999.000000 0.064460 0.040943 0.061653 0.061226 0.038934 0.121830 0.031792 0.017967 0.027855 0.021675 0.230087 0.279521 0.014397 0.112963 0.109433 1.033969 2.070891 2.078920 2.065422 0.051719 0.034462 0.021003 0.039116 0.033365 1.392325 1.392300 2.401640 2.400994 3.400475 3.394002 2.387687 0.323022 0.033104 0.027352 0.041115 0.034219 0.109487 0.107341 0.018028 0.048210 0.509594 0.471002 0.037239 0.021003 0.036690 0.040261 0.394934 0.298678
0.014397 -9999.000000 -9999.000000 -9999.000000 -9999.000000 -9999.000000 -9999.000000 -9999.000000 -9999.000000 -9999.000000 0.042412 0.037666 0.060662 0.067893 0.056207 0.125096 0.590241 0.062033 0.028176 0.024773 0.299135 0.283997 0.279504 0.258851 0.192107 0.171833 1.053380 2.091639 2.092198 2.059826 0.069869 0.027733 0.018028 0.031395 0.041296 1.378213 2.394846 2.399440 2.399801 3.394612 2.395854 1.393577 0.027322 0.038887 0.025673 0.033135 0.027152 0.804148 0.804422 0.035011 0.047737 0.033913 0.402137 0.028451 0.018028 0.028069 0.027168 0.026008 0.180830
0.028679 -9999.000000 -9999.000000 -9999.000000 -9999.000000 -9999.000000 -9999.000000 -9999.000000 0.014397 0.228648 0.057869 0.047951 0.067055 0.071876 0.066643 0.037636 0.623420 0.605806 0.027672 0.028587 1.359152 0.324239 0.302154 0.257936 1.154507 1.158132 1.062499 2.078927 2.110753 2.055016 1.077420 0.033577 0.046227 0.042366 0.030846 1.391468 2.395704 2.397573 2.398120 3.394495 2.394020 1.392189 0.024690 0.824784 0.821757 0.042320 0.039268 0.791839 0.798600 0.774443 0.037911 0.034935 0.313069 0.247551 0.027168 0.024635 0.028435 0.057929 0.842726
0.035621 0.022591 0.022591 0.050255 0.037010 0.067148 0.063778 0.050821 0.293163 0.198235 0.069771 0.050270 0.066368 0.071571 0.014397 0.039482 0.036019 0.576583 0.595390 0.495708 1.372227 0.340400 0.322357 0.262846 1.123668 0.133036 0.120641 1.057363 2.103845 2.032989 1.140630 1.214231 1.269108 1.314708 1.338361 1.356428 2.396169 2.388418 2.387263 2.387170 2.383109 1.378706 0.027122 0.807487 0.814825 0.821147 0.807454 0.809258 0.807528 0.800084 0.033883 0.032967 0.243524 0.192926 0.100016 0.052654 0.074815 0.628737 1.914082
0.029426 0.022591 0.022591 0.067681 0.056903 0.033790 0.096710 0.088299 0.048277 0.172937 0.036827 0.053917 0.049995 0.049538 0.039039 0.034509 0.050791 0.593987 1.764258 0.020378 0.261453 0.290846 1.329140 0.268048 0.189489 0.017372 0.035984 0.070681 0.998942 1.042100 1.110627 1.186654 1.243056 1.265355 1.299254 2.386684 2.357293 1.380960 1.381181 1.385874 1.337631 0.393545 0.039360 0.034141 0.815472 0.809128 0.820975 0.810119 0.806269 0.773143 0.025841 0.025566 0.157465 0.112892 0.531145 0.434735 0.680937 0.653744 1.846241
0.035301 0.050270 0.021782 0.064857 0.055443 0.033333 0.108841 0.114168 0.030266 0.038841 0.052110 0.045082 0.193413 0.174583 0.145549 0.021171 0.051309 0.621267 0.026115 0.017967 0.028871 0.256243 1.335922 0.028664 0.041036 0.017372 0.055114 0.038158 0.446828 0.241744 0.201797 0.201256 0.225193 0.330474 0.350146 1.303134 0.300198 0.371404 0.323542 1.387422 0.433429 0.423724 0.026176 0.036369 0.027977 0.073868 0.066354 0.048121 0.025310 0.554383 0.336233 0.821986 0.868780 0.802764 0.653669 0.500409 0.270021 0.186912 0.138783
0.085976 0.068384 0.073277 0.035759 0.033287 0.080249 0.077325 0.023309 0.042564 0.014397 0.056602 0.043831 0.187783 0.155017 0.125758 0.087801 0.057621 0.038126 0.026954 0.021034 0.017967 0.303309 0.256933 0.032695 0.014397 0.054422 0.049554 0.772049 0.719600 0.066942 0.036751 0.041461 0.164586 0.236104 0.235667 0.150452 0.126469 0.200524 0.108445 0.059060 0.441773 0.443197 0.025627 0.017372 0.017372 0.025505 0.099838 0.059641 0.648816 0.596576 0.359436 0.830919 0.872759 0.826494 0.787719 0.026437 0.027321 0.039458 0.031968
0.085448 0.936573 0.941235 0.044212 0.042324 0.915039 0.904847 0.057713 0.030388 0.039903 0.041893 0.036461 0.021630 0.085710 0.933399 0.955905 0.961626 0.951732 0.057900 0.033836 0.045906 0.028358 0.038214 0.952953 0.031406 0.819218 1.864418 1.864733 0.752248 0.040577 0.062734 0.075796 0.050392 0.383050 0.376578 0.027458 0.019172 0.363030 0.035821 0.036446 0.045447 0.504603 0.168009 0.028511 0.032768 0.025338 0.148032 0.682176 0.714186 0.020912 0.192734 0.899614 0.034871 0.028252 0.590465 0.017372 0.017372 0.020180 0.035591
0.082054 0.959822 0.999056 0.024112 1.954299 1.959945 0.929100 0.941319 0.949616 0.041781 0.060542 0.057317 0.039254 0.952664 0.949400 0.981082 0.954971 0.952704 0.923939 0.054073 0.028939 0.024956 0.050910 1.903433 1.942976 2.926950 2.930004 1.884694 0.049437 0.022636 0.018272 0.105735 0.078454 0.434745 0.472451 0.564326 0.533638 0.453780 0.058786 0.064018 0.046885 0.151405 0.240144 0.259737 0.295669 0.312771 0.219977 0.709182 0.032967 0.033332 0.152130 0.090600 0.067835 0.037453 0.475840 0.025703 0.025703 0.035942 0.030693
0.898834 1.963873 0.975102 0.968429 1.971164 0.968877 0.929451 0.958861 0.949560 1.951162 0.920900 0.917543 0.924150 0.948896 0.943165 0.036834 0.944744 1.964172 1.968692 0.927960 0.067096 0.057027 0.045661 2.948579 2.956370 2.928199 2.910567 0.735094 0.040487 0.024850 0.158073 0.137031 0.113578 0.075477 0.545099 1.620139 0.543094 0.066322 0.093819 0.032601 0.040856 0.031228 0.306670 1.374746 0.362826 0.345747 0.326447 0.018715 0.056374 0.040764 0.133153 0.095848 0.054069 0.187295 0.242349 0.153386 0.319544 1.500425 1.527684
1.956206 1.948665 0.970771 0.966917 1.971472 0.961986 0.022443 0.966187 0.959972 1.970472 1.967032 1.969686 1.968426 1.946300 0.047946 0.020759 0.954115 1.953332 2.953511 2.964169 1.943927 0.925094 0.945753 2.947191 2.951344 0.937128 0.885604 0.077883 0.025047 0.032615 0.161877 0.147576 0.126127 0.090858 0.530113 1.561169 0.045876 0.085731 0.113594 0.047370 0.058312 0.043358 0.336801 1.382121 0.367905 0.317749 0.323801 0.023614 0.057487 0.035164 0.107705 0.063882 0.154954 0.124742 0.302181 0.391320 1.429712 1.489691 1.506656
2.962123 1.959703 0.975876 0.971055 1.976099 1.973509 0.025733 0.036449 0.955446 1.974030 2.970107 1.977782 2.970893 1.937068 0.074602 0.032662 0.025930 1.959206 2.965865 3.967301 3.965955 2.964880 2.965019 2.949578 2.956601 0.942032 0.056374 0.067949 0.024619 0.014397 0.034828 0.032433 0.025306 0.080833 0.042916 0.696008 0.044197 0.082192 0.038093 0.064079 0.068810 0.049295 0.380224 0.393026 0.380029 0.027290 0.032845 0.030921 0.037986 0.099983 0.076242 0.162489 0.134376 0.089321 0.301416 0.163340 0.462149 0.392170 0.434648
3.970225 2.978738 2.985513 1.978745 2.978000 1.976323 0.966843 0.046003 0.036777 0.958767 2.972305 3.971409 2.974058 1.956319 0.031509 0.017372 0.029420 1.954376 2.969776 3.970900 3.970462 3.973211 1.965870 1.957456 1.951029 0.965331 0.982348 0.062768 0.064589 0.034245 0.026573 0.030723 0.024788 0.078452 0.042274 0.755655 0.724729 0.071022 0.046730 0.023827 0.025841 0.052269 0.339156 0.346240 0.043176 0.017372 0.035729 0.027291 0.158668 0.104760 0.183723 0.125557 0.084954 0.511681 0.014397 0.195842 0.167489 0.120155 0.014397
3.967406 4.977119 4.983010 2.973190 2.976331 1.974683 0.966497 0.963712 0.033241 0.957783 2.972258 3.973837 2.974884 1.953805 0.031789 0.017372 0.051562 1.950770 2.971064 3.970864 3.971385 3.976197 1.964017 1.955294 0.966982 0.963901 0.978793 0.989417 0.941743 0.063611 0.043968 0.077157 0.098640 0.074487 0.755608 0.709556 0.713265 0.087974 0.050377 0.025857 0.036736 0.027824 0.064461 0.061241 0.080665 0.017372 0.127662 0.097739 0.176842 0.109158 0.137507 0.514280 0.524390 1.473922 0.374672 0.288669 0.282623 0.014397 0.026619
3.964185 4.975529 4.978691 2.973615 1.975204 0.963996 0.970157 1.976296 1.963119 1.973029 1.974842 2.980425 2.968358 0.930859 0.050854 0.021639 0.956101 1.965940 1.967661 2.974111 3.970460 2.966245 0.970374 0.958907 0.966157 0.954666 0.982431 2.013766 1.994837 1.009051 1.000609 0.043265 0.024895 0.031044 0.027596 0.110522 0.142051 0.138466 0.053748 0.080498 0.027397 0.032952 0.065086 0.050026 0.036340 0.068809 0.130760 0.116432 0.060874 0.085731 0.100695 0.514611 0.525597 0.490314 0.357655 0.244601 0.239405 0.150574 0.366224
3.967126 4.978917 4.985858 1.981555 0.974133 0.031773 1.970203 1.974948 2.971974 1.969315 1.972966 1.971992 2.968580 1.977620 0.932783 0.041637 0.965009 1.966041 2.972030 2.973536 2.971110 1.975747 0.966450 0.954117 0.963534 0.019823 0.992105 0.973402 0.983905 2.021689 0.962842 0.063844 0.025444 0.032891 0.038719 0.028236 0.227302 0.024544 0.045616 0.062888 0.086907 0.037224 0.032646 0.020683 0.055275 0.033302 0.033485 0.083854 0.055611 0.066139 0.031441 0.124947 0.112039 0.072655 0.227859 0.706002 0.798653 0.775528 0.482381
3.969723 4.977231 4.989588 1.983111 0.977271 1.967105 1.970899 1.975389 2.970066 2.972080 2.973477 2.971092 2.971928 2.976831 1.969136 0.945112 1.970976 1.965042 2.972023 3.972075 2.970899 2.972845 0.964804 0.951892 0.961017 0.029876 0.051544 0.055393 0.049810 1.027418 1.011127 0.962620 0.092987 0.071383 0.027718 0.032250 0.265129 0.290885 0.277932 0.231406 0.054938 0.017372 0.034614 0.068459 0.055306 0.034371 0.036048 0.067910 0.100257 0.262199 0.283394 0.216789 0.182211 0.116952 0.197808 0.709731 1.909786 0.903585 0.052801
2.963799 3.971941 3.980176 1.974729 1.978907 2.975327 2.977550 2.976448 2.975884 2.972977 2.975176 2.975029 2.974607 2.974376 1.975141 1.977128 1.974897 1.968637 2.971225 2.973677 3.971771 2.974391 1.977451 0.949305 0.959359 0.912243 0.082564 0.031486 0.032218 1.046897 1.022492 0.980259 0.109942 0.074959 0.113993 0.033746 0.028664 0.293999 0.277063 0.221870 0.043038 0.017372 0.029930 0.047310 0.073677 0.142937 0.153679 0.096611 0.111823 0.263099 0.281398 0.235192 0.210229 0.132393 0.187534 0.772505 0.040047 0.052070 0.066352
1.956837 2.974686 1.974065 1.977659 3.979648 4.984499 2.975200 2.976770 2.975923 2.973331 2.976980 1.972854 1.972879 1.970930 2.965470 2.975955 1.972448 1.966657 2.971405 2.972125 3.972313 3.975101 1.971146 0.949218 0.963335 0.907452 0.106488 0.048103 0.050255 0.990842 0.978657 0.941226 0.106303 0.072165 0.113244 0.036613 0.040917 0.027473 0.242622 0.188578 0.038109 0.020180 0.065148 0.038978 0.054939 0.120262 0.136743 0.096136 0.138008 0.068199 0.265892 0.227822 0.237632 0.017967 0.026115 0.050484 0.065925 0.067437 0.066381
0.843294 1.986905 0.993179 1.969637 3.975707 4.984857 2.987522 0.979777 0.980077 2.969232 2.975302 1.971225 1.971378 1.969542 2.970519 4.976443 3.973256 2.971063 2.971900 4.977669 3.973977 3.974985 1.975172 0.948874 0.966859 0.903634 0.135311 0.067955 0.074286 0.126065 0.067942 0.944259 0.095014 0.053936 0.022056 0.038826 0.035149 0.026360 0.158837 0.133734 0.030418 0.043755 0.038093 0.066215 0.040413 0.094978 0.113883 0.014397 0.026436 0.056404 0.032524 0.150642 0.017967 0.021034 0.026954 0.057914 0.058800 1.062996 0.058830
0.855290 0.983246 0.993914 2.961687 3.979843 3.986176 2.987391 0.979458 0.979744 2.968247 2.973173 2.968139 2.970648 1.969271 2.971126 5.977177 4.973632 4.972905 4.972893 4.970986 3.974099 2.968508 1.971124 0.908283 0.048917 0.041236 0.074471 0.109536 1.138770 0.082986 0.044883 0.091593 0.109421 0.042915 0.050545 0.022117 0.048241 0.390251 0.420128 0.456291 0.066882 0.032387 0.047740 0.048699 0.466758 0.498742 0.067543 0.060932 0.033668 0.042123 0.039590 0.158128 0.121469 0.088500 0.075081 0.043435 0.853087 0.035759 0.034599
0.839421 0.978760 0.994365 2.957632 3.977797 3.985429 2.977047 2.978172 3.976077 3.975901 5.972027 5.971595 3.974005 2.971447 2.973603 5.975019 5.971935 5.972917 5.971415 3.972999 2.962420 1.974320 1.966899 0.888380 0.061078 0.018867 0.103417 1.137138 2.136987 0.108970 0.028069 0.026146 0.044166 0.032173 0.338324 0.029350 0.030067 0.388086 0.356073 0.027504 0.022423 0.025535 0.065605 0.361782 1.482627 1.507175 0.051414 0.048118 0.098244 0.096907 0.135111 0.815700 0.876734 0.873381 0.924245 0.944885 0.820479 0.732485 0.609028
0.809971 1.920002 1.957470 2.973796 3.978075 3.977982 2.974151 3.976708 4.977007 5.973554 6.974419 5.974400 4.973544 3.968940 2.975478 3.984326 4.982217 5.977458 5.972616 3.965950 1.990573 1.987811 2.964713 0.806830 0.029467 0.025551 0.018806 0.117760 1.134775 0.118752 0.017372 0.017372 0.020180 0.328224 1.465387 0.372656 0.353478 0.348519 0.275443 0.026299 0.018228 0.031853 0.062568 0.034966 0.396066 0.030769 0.052010 0.050804 0.030525 0.034492 0.034421 0.097724 0.903501 1.983078 0.984742 0.997438 0.028862 0.029991 0.544031
