use_cases/Flooding_chicago/flooding_data/output/h_240.asc
ncols 337
nrows 393
xllcorner 428428.000000
yllcorner 4602440.000000
cellsize 26.757400
NODATA_value -9999.000000
[rows 81 to 107 of 393, columns 177 to 235 of 337]
0.054216 0.038575 0.079358 0.296261 0.325000 0.067755 0.033431 0.026005 0.026973 0.036791 0.063954 0.043979 0.038597 0.043732 0.055720 0.086988 0.088616 0.029076 0.026324 0.049059 0.080916 0.116653 0.063483 0.055318 0.042214 0.032082 0.041467 0.046660 0.043048 0.075456 0.771269 0.210499 0.237215 0.058790 0.036324 0.039935 0.037241 0.061572 0.082038 0.628885 0.671829 0.110993 0.144509 0.118971 0.072808 0.054525 0.485033 0.520184 0.454902 0.112384 0.051226 0.114647 0.371691 0.397625 1.399391 1.401087 0.366295 0.074620 1.131807
0.049025 0.035701 0.048441 0.335516 1.496389 0.084869 0.049888 0.034421 0.014386 0.020965 0.025493 0.040941 0.037704 0.036769 0.059806 0.103225 0.031852 0.019792 0.034367 0.042925 0.045945 0.074868 0.087598 0.045418 0.025125 0.027690 0.038201 0.034903 0.042211 0.050065 0.135529 0.266358 0.233392 0.075254 0.044799 0.052408 0.047328 0.054460 0.068396 0.051731 0.041239 0.154936 0.205599 0.182886 0.092763 0.060798 0.470286 1.556941 0.412148 0.135307 0.070485 0.050291 0.048504 0.276461 0.303974 0.375992 0.051420 0.086427 0.114044
0.033698 0.053930 0.077225 0.315173 1.431157 0.079835 0.053831 0.036758 0.027200 0.043718 0.028200 0.032682 0.050761 0.037019 0.069946 0.056463 0.028100 0.017373 0.033140 0.056097 0.040025 0.039981 0.055616 0.061594 0.014386 0.042768 0.023362 0.024003 0.033480 0.039464 0.045662 0.303064 0.074633 0.054677 0.059017 0.051286 0.066270 0.053109 0.039631 0.030134 0.044148 0.083295 0.201049 0.177591 0.029024 0.141281 0.317351 1.493211 0.301900 0.123342 0.071406 0.061286 0.036468 0.048116 0.042411 0.292403 0.064576 0.037871 0.043615
0.040444 0.078299 0.083973 0.140068 0.110841 0.036089 0.033148 0.044413 0.074800 0.144916 0.084277 0.071383 0.110929 0.096048 0.078973 0.031102 0.036826 0.017373 0.054409 0.041117 0.028583 0.030623 0.026806 0.022440 0.039045 0.033625 0.036837 0.058738 0.057538 0.040859 0.037177 0.124840 0.086543 0.099656 0.050912 0.882841 0.080073 0.038765 0.021463 0.035411 0.031599 0.108262 0.123413 0.081032 0.032955 0.036319 0.040384 0.079235 0.048284 0.085164 0.091874 0.048140 0.026258 0.038255 0.034307 0.106119 0.053762 0.029669 0.042191
0.044610 0.056098 0.121168 0.090913 0.065686 0.026150 0.029485 0.068463 0.087970 0.130782 0.157352 0.146630 0.105133 0.251369 0.041575 0.033671 0.029030 0.038874 0.050360 0.046073 0.029481 0.030927 0.036784 0.040488 0.044449 0.063560 0.063342 0.063092 0.035759 0.023376 0.018398 0.057504 0.162891 0.115157 0.771502 0.738227 0.074582 0.039466 0.022789 0.018303 0.020090 0.207024 0.158925 0.034221 0.045642 0.023854 0.035588 0.051140 0.045717 0.034081 0.115804 0.039190 0.051988 0.025382 0.022916 0.065288 0.068217 0.017965 0.021024
0.043285 0.099596 0.107056 0.076890 0.029976 0.017373 0.047433 0.103878 0.064188 0.050123 0.045730 0.173920 0.214287 0.186647 0.112564 0.093040 0.035390 0.053974 0.030834 0.029562 0.056154 0.055824 0.094004 0.073636 0.128361 0.102228 0.746616 0.082854 0.038123 0.027684 0.064765 0.072075 0.159149 0.043116 0.062619 0.067357 0.047375 0.039249 0.026969 0.032484 0.341585 0.284097 0.033627 0.032321 0.030322 0.035254 0.031419 0.040708 0.037876 0.046705 0.118186 0.036505 0.035161 0.065509 0.127386 0.113050 0.072449 0.059347 0.017965
0.039121 0.027216 0.152654 0.027430 0.021831 0.017373 0.075918 0.070793 0.024262 0.023180 0.030840 0.123251 0.135066 0.272340 0.151531 0.096070 0.067896 0.074986 0.033332 0.039760 0.034030 0.038375 0.034456 0.047549 0.144332 0.879190 1.984727 0.716751 0.081871 0.044244 0.028971 0.066049 0.063074 0.033983 0.045197 0.039320 0.051081 0.080118 0.078908 0.352635 0.390519 0.357777 0.036116 0.037000 0.025703 0.017373 0.028939 0.027609 0.034411 0.038559 0.065555 0.051874 0.061166 0.078984 0.133789 0.103268 0.117633 0.307093 0.026260
0.044112 0.024868 0.027247 0.039422 0.061791 0.045036 0.074179 0.089990 0.029532 0.024001 0.021863 0.086756 0.270006 0.213354 0.217468 0.138069 0.097809 0.088690 0.040288 0.035587 0.032828 0.044978 0.032972 0.074598 0.202439 0.159877 0.803582 0.615794 0.095751 0.057042 0.041086 0.045679 0.051302 0.025702 0.026801 0.038355 0.062562 0.054125 0.092132 0.063899 0.351620 0.401650 0.295246 0.030586 0.025703 0.017373 0.028938 0.027592 0.045355 0.053877 0.054670 0.032667 0.033832 0.041840 0.036072 0.064555 0.080215 0.280144 0.209526
0.039773 0.032852 0.045796 0.059383 0.068705 0.045295 0.054381 0.024001 0.029532 0.047789 0.056373 0.049531 0.042324 0.101757 0.200407 0.149971 0.091391 0.236035 0.045240 0.034921 0.033726 0.070626 0.042356 0.083021 0.268551 0.217641 0.175732 0.074260 0.083385 0.068799 0.063257 0.038325 0.037408 0.021750 0.032434 0.042861 0.038596 0.072147 0.048706 0.044393 0.072868 0.381837 0.317965 0.045106 0.036708 0.021916 0.037932 0.070650 0.056187 0.062764 0.044662 0.058312 0.039719 0.059939 0.040183 0.044433 0.057953 0.033557 0.152457
0.092693 0.038852 0.061543 0.081368 0.066559 0.045463 0.034745 0.023180 0.024262 0.033087 0.037924 0.049276 0.042028 0.073767 0.220657 0.244012 0.059543 0.210263 0.139216 0.121543 0.048083 0.061778 0.156007 0.068213 0.308777 0.068233 0.064494 0.052804 0.051659 0.060686 0.051849 0.056858 0.038409 0.023735 0.025188 0.030526 0.033048 0.037833 0.053400 0.055746 0.096399 0.091813 0.312770 0.038715 0.032929 0.019845 0.047536 0.047566 0.036222 0.041034 0.054024 0.095806 0.078831 0.073327 0.100647 0.105462 0.267077 0.283739 0.188969
0.082300 0.091571 0.101367 0.085253 0.055898 0.050178 0.037385 0.027336 0.027693 0.036885 0.042868 0.035466 0.047751 0.088859 0.277696 0.242081 0.195538 0.111773 0.120651 0.142908 0.037855 0.043355 0.023072 0.051512 0.116882 0.062413 0.094270 0.062906 0.054950 0.043367 0.034677 0.038230 0.029060 0.025245 0.017373 0.017373 0.019792 0.042625 0.059337 0.052025 0.181309 0.109235 0.077029 0.512086 0.050914 0.032468 0.040684 0.068949 0.053360 0.040238 0.063282 0.070479 0.049633 0.061542 0.100970 0.099339 0.268538 0.284286 0.197110
0.159675 0.168785 0.115280 0.125830 0.091314 0.050463 0.044039 0.023619 0.038037 0.038866 0.046703 0.046023 0.068085 0.105744 0.231961 0.920327 1.043802 0.117054 0.164227 0.070148 0.055730 0.053467 0.045582 0.046567 0.047479 0.072539 0.046779 0.045411 0.046380 0.057551 0.031483 0.026040 0.030370 0.037741 0.025703 0.025703 0.068448 0.046376 0.072374 0.225029 0.291595 0.030083 0.027253 0.529163 0.036104 0.031369 0.049429 0.062605 0.042828 0.086855 0.076616 0.077289 0.080904 0.055211 0.058215 0.049337 0.315622 0.063402 0.067051
0.401395 0.394605 0.135804 0.078247 0.014386 0.053327 0.038100 0.050874 0.041095 0.093730 0.087705 0.063073 0.056584 0.130606 0.195719 1.066498 1.165738 1.158800 0.097512 0.147902 0.089911 0.074334 0.083471 0.101863 0.096658 0.069957 0.034726 0.063297 0.047611 0.069122 0.048878 0.049373 0.042331 0.045138 0.029058 0.029058 0.023840 0.052142 0.044460 0.057876 0.053746 0.052305 0.037182 0.027402 0.050628 0.041585 0.047947 0.305907 0.342192 0.050947 0.213395 0.210807 0.051175 0.045031 0.082735 0.043502 0.049014 0.107289 0.128744
0.453828 0.408962 0.109755 0.048991 0.019298 0.048766 0.076719 0.081152 0.103766 0.128373 0.112949 0.062760 0.147183 0.174056 0.112011 0.058227 0.090241 0.090870 0.063085 0.101229 0.165860 1.208049 0.249078 0.303061 0.104458 0.095359 0.124513 0.071024 0.113787 0.046070 0.061217 0.045287 0.047747 0.095258 0.057202 0.081392 0.062016 0.069551 0.060590 0.068795 0.081234 0.129709 0.133373 0.158493 0.121911 0.182764 0.144580 0.474562 0.504546 0.032271 0.247472 0.245012 0.040403 0.043759 0.023264 0.040893 0.080180 0.060007 0.186886
0.068804 0.032556 0.047483 0.030031 0.026845 0.473073 0.476692 0.499619 0.100683 0.119256 0.096216 0.193335 0.091314 0.081437 0.042944 0.050993 0.058721 0.057966 0.055079 0.079139 0.167697 1.233168 1.286975 0.043706 0.041782 0.037500 0.049379 0.062446 0.097403 0.071449 0.382839 0.081303 0.091753 0.109534 0.075999 0.090771 0.063672 0.062449 0.075055 0.048413 0.047076 0.111608 0.124111 0.156375 0.116505 0.188705 0.157318 0.470522 0.023048 0.025526 0.216254 0.207422 0.028194 0.028670 0.048928 0.041048 0.039710 0.046552 0.049882
0.082252 0.022591 0.022591 0.415177 0.396078 0.457462 0.457257 0.055726 0.114329 0.124450 0.119717 0.022591 0.022591 0.045135 0.044741 0.042989 0.636927 0.653155 0.021220 0.033607 0.035159 0.058398 0.230526 0.041842 0.027924 0.043990 0.038235 0.048789 0.019310 0.064096 0.517472 0.106626 0.075022 0.070716 0.028618 0.023378 0.018440 0.035569 0.051606 0.040112 0.035973 0.041336 0.037342 0.039927 0.088518 0.137341 0.104820 0.394118 0.021869 0.167619 0.170785 0.116338 0.248146 0.165116 1.139628 0.131420 0.036076 0.063131 0.073854
0.143639 0.022591 0.022591 0.403908 0.400730 0.046036 0.069439 0.036143 0.037704 0.128911 0.121169 0.022591 0.022591 0.033037 0.050658 0.086557 0.617459 0.657197 0.035873 0.017373 0.030815 0.055034 0.063076 0.032250 0.058320 0.063615 0.042765 0.034280 0.027366 0.023520 0.442487 0.068216 0.050046 0.051558 0.030906 0.014386 0.027278 0.038893 0.076510 0.069803 0.037975 0.055121 0.047490 0.052431 0.046484 0.069838 0.199567 0.259635 0.018264 0.161245 0.143857 0.336557 0.225850 1.075257 1.076390 0.162376 0.202095 0.065186 0.086575
0.173239 0.237405 0.287240 0.324791 0.339276 0.043981 0.058106 0.032096 0.052686 0.108974 0.079875 0.670156 0.052221 0.045659 0.065680 0.089661 0.627293 0.057213 0.045135 0.017373 0.047180 0.029096 0.024903 0.025648 0.044107 0.166346 0.086375 0.052681 0.023566 0.022950 0.324170 0.064066 0.040595 0.034913 0.024895 0.025184 0.036774 0.054431 0.077668 0.066147 0.045895 0.057708 0.041265 0.041691 0.041524 0.117629 0.866998 0.902754 0.124061 0.045101 0.060526 0.036148 0.084419 0.052939 0.141822 0.200794 0.047579 0.082284 0.097900
0.160278 0.037398 0.056187 0.071257 0.080277 0.056571 0.038861 0.054651 0.036295 0.090750 0.608616 0.647389 0.044527 0.044779 0.044218 0.084880 0.576558 0.076181 0.048712 0.059800 0.036312 0.059125 0.057298 0.036632 0.114297 1.201710 0.097527 0.051123 0.040792 0.039817 1.132521 0.086122 0.056404 0.042044 0.027467 0.024789 0.040468 0.038399 0.124410 0.120311 0.070845 0.048033 0.048004 0.051908 0.064466 0.098840 0.846538 0.832731 0.099215 0.056677 0.081019 0.033501 0.076593 0.048805 0.048691 0.207814 0.061207 0.024822 0.028356
0.070255 0.030104 0.043698 0.053023 0.054081 0.037505 0.033478 0.038946 0.033950 0.038952 0.580320 0.088445 0.027198 0.029891 0.049606 0.050562 0.118479 0.035432 0.058912 0.055193 0.069911 0.399795 0.027684 0.142414 1.195878 0.152552 0.047216 0.044761 0.032903 0.028707 1.161428 0.079655 0.039550 0.026008 0.051997 0.047162 0.049891 0.038400 0.102571 0.083574 0.734259 0.025365 0.069485 0.160903 1.108370 0.062925 0.066641 0.058419 0.035798 0.036854 0.044476 0.046049 0.095823 0.061221 0.036056 0.073074 0.097444 0.028272 0.044751
0.143642 0.034012 0.054979 0.071447 0.050475 0.041300 0.041901 0.026115 0.026953 0.031617 0.103520 0.034385 0.019369 0.037910 0.035444 0.047798 0.122816 0.032462 0.017965 0.026115 0.051820 0.438909 0.449917 0.036962 0.043467 0.037228 0.052927 0.031248 0.020881 0.080398 0.084480 0.083893 0.037223 0.042822 0.043366 0.102993 0.076988 0.082987 0.134228 0.145819 0.014386 0.030734 0.075150 0.269747 0.032679 0.018487 0.043710 0.041798 0.019740 0.046896 0.032446 0.088948 0.077253 0.022591 0.022591 0.027806 0.118104 0.165863 0.045115
0.209903 0.211408 0.173909 0.054927 0.030745 0.027139 0.022102 0.017965 0.021024 0.021261 0.071553 0.030674 0.028142 0.019616 0.026894 0.034188 0.057900 0.017965 0.021024 0.026953 0.051517 0.442078 0.446745 0.027295 0.028921 0.017373 0.025703 0.054941 0.065671 0.044174 0.052840 0.063821 0.088495 0.111542 0.127892 0.116028 0.239546 1.110019 0.073880 0.097470 0.059332 0.075929 0.046994 0.061762 0.053516 0.023630 0.021966 0.017373 0.017373 0.020179 0.043844 0.033267 0.101250 0.022591 0.022591 0.027806 0.107927 0.147736 0.031548
0.256374 1.258941 0.156823 0.053104 0.033355 0.034958 0.050426 0.032518 0.017965 0.046836 0.064728 0.050659 0.071155 0.046339 0.029298 0.024224 0.035560 0.063269 0.021261 0.036526 0.067584 0.448841 0.451785 0.027295 0.028921 0.017373 0.025703 0.346127 0.419807 0.215157 0.310343 0.330525 0.089240 0.130046 0.149890 0.090493 0.209888 1.114187 0.254030 0.060606 0.047745 0.075318 0.047835 0.052140 0.579653 0.067250 0.030907 0.020125 0.040529 0.038761 0.036630 0.027931 0.074739 0.044989 0.040215 0.059356 0.073852 0.084205 0.049416
0.162202 0.172910 0.150465 0.052363 0.054044 0.040348 0.051350 0.031501 0.020372 0.051154 0.030538 0.043509 0.060341 0.052116 0.047609 0.043385 0.065062 0.596115 0.055894 0.096158 0.113504 0.111090 0.127768 0.150863 0.043325 0.080902 0.150555 0.301148 0.379864 0.180005 0.297341 0.320338 0.064558 0.113384 0.113442 0.020805 0.036252 0.037203 0.286028 0.048956 0.041308 0.058360 0.084319 0.574474 0.572102 0.079245 0.057377 0.041254 0.671518 0.094464 0.026814 0.168059 0.033312 0.040755 0.060307 0.139463 0.056910 0.071341 0.043193
0.029351 0.061812 0.052076 0.060074 0.054741 0.061977 0.071787 0.037903 0.039673 0.030262 0.025710 0.032416 0.066947 0.122098 0.593792 0.676787 0.709683 0.718022 0.736616 0.107765 0.140858 0.159102 0.176714 0.135324 0.757461 0.734604 0.678729 0.161142 0.055851 0.032241 0.235243 0.285419 0.306582 0.077399 0.031640 0.026556 0.025830 0.028369 0.043219 0.057955 0.036041 0.049150 0.067968 0.572313 0.046025 0.022591 0.022591 0.035820 0.957990 0.116037 0.138509 0.144117 0.082975 0.090194 0.071760 0.611993 0.088779 0.145940 0.109259
0.018428 0.037740 0.038870 0.042095 0.656005 0.637037 0.602249 0.073348 0.037508 0.040107 0.022850 0.035759 0.045952 0.142128 0.180608 0.185720 0.505613 0.479069 0.484642 0.082216 0.131525 0.188803 0.227326 0.160805 0.837339 0.834908 0.751921 0.111525 0.057538 0.045519 0.036827 0.084620 0.052686 0.051327 0.034536 0.018570 0.034051 0.028033 0.042951 0.041749 0.066411 0.039020 0.057743 0.035936 0.021781 0.022591 0.022591 0.050983 0.134254 0.172865 0.017373 0.017373 0.046143 0.056646 0.052484 0.645467 0.090027 0.028047 0.028302
0.023428 0.029716 0.025613 0.109196 0.646608 0.699923 0.071782 0.824765 0.830025 0.110630 0.152486 0.120845 0.281953 0.125775 0.060106 0.036430 0.044749 0.039623 0.039049 0.036264 0.049812 0.159605 0.258333 0.156057 0.097436 0.578496 0.080715 0.051073 0.042933 0.053169 0.034819 0.042507 0.049587 0.035902 0.030277 0.024039 0.028950 0.036500 0.046986 0.068317 0.064100 0.042600 0.112553 0.100837 0.031334 0.043801 0.061844 0.037985 0.190134 0.177267 0.144636 0.068922 0.065858 0.055375 0.067094 0.639258 0.072000 0.023028 0.023796
