use_cases/Flooding_chicago/flooding_data/output/h_2400.asc
ncols 337
nrows 393
xllcorner 428428.000000
yllcorner 4602440.000000
cellsize 26.757400
NODATA_value -9999.000000
[rows 216 to 242 of 393, columns 177 to 235 of 337]
-9999.000000 -9999.000000 -9999.000000 -9999.000000 -9999.000000 -9999.000000 0.112054 0.119073 0.036963 0.030434 0.020134 0.030160 0.069679 0.084572 0.063377 0.068662 0.043799 0.042259 0.071174 0.047095 0.161064 0.074380 1.711795 1.625497 0.154059 0.213768 0.163153 1.206338 0.197089 0.167154 0.025703 0.017372 0.025703 0.029046 0.563396 0.119256 0.187220 0.220498 0.219016 0.189916 0.136705 0.900657 1.001860 1.146183 1.100427 1.136143 0.091766 0.209103 0.216890 0.057167 0.053047 0.474603 0.648810 0.525546 0.032158 0.038072 0.044503 0.117004 0.185593
-9999.000000 -9999.000000 -9999.000000 -9999.000000 -9999.000000 -9999.000000 0.072242 0.108910 0.145805 0.026274 0.026436 0.130394 0.061257 0.083274 0.079825 0.044945 0.065636 0.056632 0.076821 0.227330 0.186668 0.433386 1.540601 0.505579 0.171670 0.162285 0.247612 0.278009 0.284827 0.258935 0.025703 0.017372 0.025703 0.029046 0.714977 0.116310 0.183967 0.224789 0.221868 0.206398 0.170160 0.293419 0.856274 2.056008 2.007668 1.097376 0.126495 0.081795 0.094108 0.097923 0.092737 0.654214 0.624146 0.394891 0.028872 0.017967 0.057746 0.092659 0.202659
-9999.000000 -9999.000000 -9999.000000 -9999.000000 -9999.000000 -9999.000000 -9999.000000 0.055871 0.019310 0.206245 0.215507 0.103845 0.062110 0.089303 0.098244 0.018578 0.030739 0.063682 0.095574 0.210793 0.164223 0.425611 0.279534 0.137673 0.156076 0.252247 0.310320 0.338966 1.362192 0.359490 0.423179 0.031471 0.065682 0.184772 0.690050 0.179161 0.283332 1.389719 2.391570 1.359745 1.358985 0.229577 0.337638 0.192025 1.050297 0.956315 0.174827 0.041756 0.140980 0.113350 1.119558 0.985636 0.929605 0.169723 0.017967 0.021034 0.111565 0.107690 0.098106
-9999.000000 -9999.000000 -9999.000000 -9999.000000 -9999.000000 -9999.000000 -9999.000000 -9999.000000 0.014397 0.290536 1.339056 0.065391 0.059929 0.089776 0.104993 0.023064 0.045326 0.038064 0.119409 0.096351 0.073770 0.221473 0.100731 0.167916 0.228248 0.301141 0.356712 1.407036 2.348061 1.400735 0.310377 0.026009 0.051658 0.163857 0.212674 0.204552 0.326195 1.378456 2.366904 2.371925 3.347821 1.387701 0.244073 0.146079 0.111258 0.423407 0.108375 0.091484 0.144905 1.034018 0.985787 1.028068 1.009283 0.249236 0.382576 0.328834 0.166982 0.171366 0.093606
-9999.000000 -9999.000000 -9999.000000 -9999.000000 -9999.000000 -9999.000000 -9999.000000 -9999.000000 -9999.000000 0.212866 2.343101 0.272468 0.046090 0.079231 0.024621 0.028527 0.051262 0.052895 0.089851 0.090996 0.089226 0.259021 0.093377 0.116326 0.103616 0.334617 1.368690 2.374919 2.348074 1.388100 0.030800 0.018944 0.030799 0.041389 0.152142 0.225216 1.338340 1.326439 1.310479 3.349282 3.896309 2.417688 0.342185 0.039070 0.189904 0.203774 0.212211 0.151773 0.082756 0.203399 0.233652 0.991294 0.937037 1.146031 0.360603 0.298448 0.021660 0.047585 0.029930
-9999.000000 -9999.000000 -9999.000000 -9999.000000 -9999.000000 -9999.000000 -9999.000000 -9999.000000 -9999.000000 -9999.000000 0.014397 0.140435 0.189168 0.064812 0.027824 0.024696 0.053520 0.026542 0.066597 0.046623 0.173333 0.149224 0.173089 0.188589 0.192650 0.144706 0.386513 1.271202 0.242989 0.035423 0.024620 0.014397 0.024620 0.039955 0.038399 0.041574 0.464218 0.482154 0.444068 1.330667 2.400615 2.394067 0.373259 0.083778 0.088570 0.302253 0.301612 0.082269 0.060172 0.197242 0.333455 0.346841 0.314912 0.535866 0.506387 0.036049 0.021767 0.034721 0.029442
-9999.000000 -9999.000000 -9999.000000 -9999.000000 -9999.000000 -9999.000000 -9999.000000 -9999.000000 -9999.000000 -9999.000000 -9999.000000 0.014397 0.059089 0.081917 0.019417 0.044213 0.034432 0.123894 0.101693 0.072913 0.169044 0.146182 0.167274 0.229942 0.260445 0.260840 0.250386 0.236069 0.099404 0.030525 0.025505 0.034233 0.025505 0.033561 0.055204 0.056846 0.540292 0.539102 0.415475 0.383370 1.350762 1.310291 0.377215 0.135276 0.172706 0.164086 0.157738 0.165124 0.106804 0.059578 0.534599 0.524085 0.532462 0.410850 0.259423 0.032951 0.036247 0.046611 0.045784
-9999.000000 -9999.000000 -9999.000000 -9999.000000 -9999.000000 -9999.000000 -9999.000000 -9999.000000 -9999.000000 -9999.000000 -9999.000000 -9999.000000 0.017372 0.017372 0.030662 0.071343 0.084938 0.118050 0.109475 0.096412 0.070412 0.023018 0.034492 0.218484 0.266902 0.309915 0.332069 0.148307 0.202034 0.028023 0.040062 0.045982 0.062293 0.046837 0.071843 0.066596 0.637567 0.659600 0.045952 0.059471 0.470375 0.458909 0.136452 0.206277 0.233986 0.240042 0.232659 0.240424 0.027030 0.027046 0.658121 1.722970 1.771495 0.605886 0.023476 0.025154 0.050957 0.050193 0.248562
-9999.000000 -9999.000000 -9999.000000 -9999.000000 -9999.000000 -9999.000000 -9999.000000 -9999.000000 -9999.000000 -9999.000000 -9999.000000 -9999.000000 -9999.000000 -9999.000000 -9999.000000 -9999.000000 -9999.000000 0.018669 0.023414 0.028435 0.023857 0.025979 0.038537 0.080239 0.103721 0.164131 0.201059 0.260918 0.318125 0.397590 0.431805 0.389076 0.047523 0.018440 0.028496 0.061837 0.698174 0.719428 0.078774 0.123679 0.143486 0.171701 0.221588 0.262660 0.282173 0.284689 0.267983 0.279653 0.037011 0.037116 0.622257 1.645326 1.705586 0.619586 0.024666 0.032264 0.063132 0.055428 0.249528
-9999.000000 -9999.000000 -9999.000000 -9999.000000 -9999.000000 -9999.000000 -9999.000000 -9999.000000 -9999.000000 -9999.000000 -9999.000000 -9999.000000 -9999.000000 -9999.000000 -9999.000000 -9999.000000 -9999.000000 -9999.000000 -9999.000000 -9999.000000 0.025856 0.036949 0.025993 0.041435 0.029763 0.247291 0.265190 0.282677 0.317086 0.398880 0.448158 0.418875 0.045082 0.022530 0.039650 0.067788 1.741538 0.754510 0.094597 0.159798 0.204720 0.240090 0.277169 1.357613 1.356100 0.320199 0.275078 0.250939 0.045555 0.045710 0.051461 0.660264 1.787544 0.640984 0.093712 0.037468 0.029091 0.054435 0.048224
-9999.000000 -9999.000000 -9999.000000 -9999.000000 -9999.000000 -9999.000000 -9999.000000 -9999.000000 -9999.000000 -9999.000000 -9999.000000 -9999.000000 -9999.000000 -9999.000000 -9999.000000 -9999.000000 -9999.000000 -9999.000000 -9999.000000 -9999.000000 -9999.000000 0.030403 0.024727 0.042122 0.035347 0.233768 0.224861 0.050211 0.055992 0.090482 0.444027 0.412208 0.050316 0.024713 0.045265 0.093505 0.693412 0.785774 0.821921 0.159644 0.224617 0.259392 0.289252 1.336499 1.304727 1.321725 0.252176 0.047188 0.030876 0.066643 0.072457 0.682121 1.801123 0.609481 0.082040 0.036751 0.037575 0.068809 0.046017
-9999.000000 -9999.000000 -9999.000000 -9999.000000 -9999.000000 -9999.000000 -9999.000000 -9999.000000 -9999.000000 -9999.000000 -9999.000000 -9999.000000 -9999.000000 -9999.000000 -9999.000000 -9999.000000 -9999.000000 -9999.000000 -9999.000000 -9999.000000 -9999.000000 0.020180 0.032036 0.471444 0.029854 0.041695 0.052238 0.071205 0.023032 0.181985 0.096442 0.073952 0.026100 0.031928 0.060875 0.052726 0.112953 0.677865 0.102134 0.074759 0.093071 0.093209 0.084817 0.062324 0.352593 0.400973 0.317727 0.043969 0.064415 0.042291 0.085548 0.686778 1.678311 0.050103 0.038261 0.021263 0.048363 0.035668 0.049476
-9999.000000 -9999.000000 -9999.000000 -9999.000000 -9999.000000 -9999.000000 -9999.000000 -9999.000000 -9999.000000 -9999.000000 -9999.000000 -9999.000000 -9999.000000 -9999.000000 -9999.000000 -9999.000000 -9999.000000 -9999.000000 -9999.000000 -9999.000000 -9999.000000 -9999.000000 0.268380 0.413031 0.352105 0.049171 0.032494 0.035102 0.040000 0.275887 0.018837 0.024071 0.031792 0.038735 0.026452 0.065864 0.189292 0.255884 0.060952 0.132057 0.144388 0.141732 0.130120 0.107200 0.062707 0.550760 0.084451 0.066947 0.090065 0.062584 0.057457 0.692268 0.855964 0.027763 0.030220 0.021034 0.017967 0.035041 0.047586
-9999.000000 -9999.000000 -9999.000000 -9999.000000 -9999.000000 -9999.000000 -9999.000000 -9999.000000 -9999.000000 -9999.000000 -9999.000000 -9999.000000 -9999.000000 -9999.000000 -9999.000000 -9999.000000 -9999.000000 -9999.000000 -9999.000000 -9999.000000 -9999.000000 -9999.000000 0.019310 0.324839 0.307869 0.061217 0.053352 0.022362 0.046007 0.270149 0.357688 0.380501 0.358187 0.026466 0.024071 0.080268 0.120293 0.225844 0.029808 0.145133 0.139702 0.132130 0.119406 0.099221 0.081794 0.630317 0.138618 0.090691 0.119178 0.083905 0.045279 0.059364 0.972311 0.027518 0.029366 0.017967 0.028871 0.031228 0.042152
-9999.000000 -9999.000000 -9999.000000 -9999.000000 -9999.000000 -9999.000000 -9999.000000 -9999.000000 -9999.000000 -9999.000000 -9999.000000 -9999.000000 -9999.000000 -9999.000000 -9999.000000 -9999.000000 -9999.000000 -9999.000000 -9999.000000 -9999.000000 -9999.000000 -9999.000000 0.014397 0.026054 0.106209 0.039451 0.032143 0.019082 0.033069 0.043282 0.293590 0.327816 0.333518 0.257380 0.227838 0.158531 0.247887 0.170231 0.037941 0.074044 0.076988 0.069694 0.059486 0.040291 0.097542 0.589680 0.183724 0.125374 0.164557 0.017372 0.046348 0.105629 0.880654 0.917601 0.095284 0.029641 0.051660 0.070457 0.412390
-9999.000000 -9999.000000 -9999.000000 -9999.000000 -9999.000000 -9999.000000 -9999.000000 -9999.000000 -9999.000000 -9999.000000 -9999.000000 -9999.000000 -9999.000000 -9999.000000 -9999.000000 -9999.000000 -9999.000000 -9999.000000 -9999.000000 -9999.000000 -9999.000000 -9999.000000 -9999.000000 0.014397 0.072822 0.071862 0.040260 0.026314 0.018959 0.049309 0.069344 0.053628 0.036507 0.224663 0.226677 1.227333 0.148261 0.099069 0.087472 0.072365 0.074226 0.062950 0.052651 0.036094 0.046425 0.162865 0.234428 0.166631 0.208139 0.017372 0.051978 0.164695 1.106308 0.170097 0.025643 0.034309 0.055336 0.073631 0.363031
-9999.000000 -9999.000000 -9999.000000 -9999.000000 -9999.000000 -9999.000000 -9999.000000 -9999.000000 -9999.000000 -9999.000000 -9999.000000 -9999.000000 -9999.000000 -9999.000000 -9999.000000 -9999.000000 -9999.000000 -9999.000000 -9999.000000 -9999.000000 -9999.000000 -9999.000000 -9999.000000 0.020103 0.075890 0.076714 0.041283 0.022514 0.125985 0.098686 0.067833 0.042518 0.052590 0.178689 1.215858 1.227501 0.192877 0.026741 0.035804 0.032510 0.087577 0.087730 0.074119 0.052070 0.045296 0.039452 0.027962 0.251336 0.240393 0.158029 0.077553 0.262703 1.227728 0.264824 0.025994 0.014397 0.052635 0.078462 0.058143
-9999.000000 -9999.000000 -9999.000000 -9999.000000 -9999.000000 -9999.000000 -9999.000000 -9999.000000 -9999.000000 -9999.000000 -9999.000000 -9999.000000 -9999.000000 -9999.000000 -9999.000000 -9999.000000 -9999.000000 -9999.000000 -9999.000000 -9999.000000 -9999.000000 -9999.000000 -9999.000000 -9999.000000 0.078392 0.060951 0.043618 0.018440 0.129692 0.116753 0.022591 0.022591 0.052117 1.192961 1.221276 0.220665 0.218895 0.029411 0.046838 0.051582 0.032234 0.100212 0.074699 1.010305 0.049782 0.046347 0.029441 0.317375 0.271858 0.618613 0.603781 1.361440 1.274470 1.386315 0.459037 0.046501 0.035622 0.046013 0.052116
-9999.000000 -9999.000000 -9999.000000 -9999.000000 -9999.000000 -9999.000000 -9999.000000 -9999.000000 -9999.000000 -9999.000000 -9999.000000 -9999.000000 -9999.000000 -9999.000000 -9999.000000 -9999.000000 -9999.000000 -9999.000000 -9999.000000 -9999.000000 -9999.000000 -9999.000000 -9999.000000 -9999.000000 -9999.000000 0.023216 0.042748 0.042365 0.014397 0.081597 0.022591 0.022591 0.048897 1.197989 1.223501 0.222008 0.228049 0.241952 0.037162 0.060524 0.017372 0.035698 0.072655 0.974754 1.045572 1.018334 0.820136 0.536767 0.380965 0.613290 0.582160 1.377588 0.372703 0.375984 0.421487 0.041969 0.040733 0.053658 0.040289
-9999.000000 -9999.000000 -9999.000000 -9999.000000 -9999.000000 -9999.000000 -9999.000000 -9999.000000 -9999.000000 -9999.000000 -9999.000000 -9999.000000 -9999.000000 -9999.000000 -9999.000000 -9999.000000 -9999.000000 -9999.000000 -9999.000000 -9999.000000 -9999.000000 -9999.000000 -9999.000000 -9999.000000 -9999.000000 -9999.000000 0.023232 0.074120 0.059075 0.083641 0.027794 0.027794 0.034310 0.126579 0.160470 0.198401 0.223764 0.241692 0.223870 0.056106 0.017372 0.054282 0.106820 1.001397 1.058117 1.056115 0.125359 0.075203 0.272484 0.199609 0.168923 0.158168 0.070029 0.061729 0.084862 0.026818 0.029899 0.034477 0.052835
-9999.000000 -9999.000000 -9999.000000 -9999.000000 -9999.000000 -9999.000000 -9999.000000 -9999.000000 -9999.000000 -9999.000000 -9999.000000 -9999.000000 -9999.000000 -9999.000000 -9999.000000 -9999.000000 -9999.000000 -9999.000000 -9999.000000 -9999.000000 -9999.000000 -9999.000000 -9999.000000 -9999.000000 -9999.000000 -9999.000000 -9999.000000 0.039802 0.109414 0.138724 0.183480 0.030433 0.058967 0.299500 0.350974 0.140695 0.207604 0.219490 0.043480 0.081047 0.110191 0.075095 0.169868 0.135277 0.929599 0.914921 0.196098 0.119939 0.088631 0.107261 0.109718 0.121178 0.142129 0.124153 0.029214 0.018364 0.029244 0.046684 0.030601
-9999.000000 -9999.000000 -9999.000000 -9999.000000 -9999.000000 -9999.000000 -9999.000000 -9999.000000 -9999.000000 -9999.000000 -9999.000000 -9999.000000 -9999.000000 -9999.000000 -9999.000000 -9999.000000 -9999.000000 -9999.000000 -9999.000000 -9999.000000 -9999.000000 -9999.000000 -9999.000000 -9999.000000 -9999.000000 -9999.000000 -9999.000000 -9999.000000 -9999.000000 0.087608 0.025276 0.034065 0.056496 0.222573 0.243810 0.068352 0.019112 0.025459 0.017372 0.017372 0.094718 0.098427 0.084221 0.240028 0.232993 0.248162 0.354910 0.021278 0.036050 0.129982 0.157067 1.189962 1.186928 1.186486 0.039710 0.022239 0.039802 0.051841 0.057152
-9999.000000 -9999.000000 -9999.000000 -9999.000000 -9999.000000 -9999.000000 -9999.000000 -9999.000000 -9999.000000 -9999.000000 -9999.000000 -9999.000000 -9999.000000 -9999.000000 -9999.000000 -9999.000000 -9999.000000 -9999.000000 -9999.000000 -9999.000000 -9999.000000 -9999.000000 -9999.000000 -9999.000000 -9999.000000 -9999.000000 -9999.000000 -9999.000000 -9999.000000 -9999.000000 0.024651 0.030480 0.019936 -9999.000000 -9999.000000 -9999.000000 -9999.000000 -9999.000000 -9999.000000 -9999.000000 0.020897 0.119588 1.173972 0.125434 0.109689 0.079018 0.557351 0.584832 0.064445 0.035012 0.136255 1.180078 1.182525 1.181876 0.046495 0.023613 0.047213 0.055415 0.063942
-9999.000000 -9999.000000 -9999.000000 -9999.000000 -9999.000000 -9999.000000 -9999.000000 -9999.000000 -9999.000000 -9999.000000 -9999.000000 -9999.000000 -9999.000000 -9999.000000 -9999.000000 -9999.000000 -9999.000000 -9999.000000 -9999.000000 -9999.000000 -9999.000000 -9999.000000 -9999.000000 -9999.000000 -9999.000000 -9999.000000 -9999.000000 -9999.000000 -9999.000000 -9999.000000 -9999.000000 -9999.000000 -9999.000000 -9999.000000 -9999.000000 -9999.000000 -9999.000000 -9999.000000 -9999.000000 -9999.000000 0.019539 0.126793 1.158616 0.162926 0.159325 0.126547 0.568498 0.567663 0.117959 0.020851 0.029610 0.173179 0.031823 0.044319 0.062630 0.028313 0.023705 0.051491 0.100132
-9999.000000 -9999.000000 -9999.000000 -9999.000000 -9999.000000 -9999.000000 -9999.000000 -9999.000000 -9999.000000 -9999.000000 -9999.000000 -9999.000000 -9999.000000 -9999.000000 -9999.000000 -9999.000000 -9999.000000 -9999.000000 -9999.000000 -9999.000000 -9999.000000 -9999.000000 -9999.000000 -9999.000000 -9999.000000 -9999.000000 -9999.000000 -9999.000000 -9999.000000 -9999.000000 -9999.000000 -9999.000000 -9999.000000 -9999.000000 -9999.000000 -9999.000000 -9999.000000 -9999.000000 -9999.000000 -9999.000000 0.028343 0.026039 0.138024 0.177299 0.195656 0.199027 0.017372 0.215617 0.196142 0.034386 0.017372 0.027474 0.040626 0.046592 0.052101 0.023843 0.023033 0.027672 1.130562
-9999.000000 -9999.000000 -9999.000000 -9999.000000 -9999.000000 -9999.000000 -9999.000000 -9999.000000 -9999.000000 -9999.000000 -9999.000000 -9999.000000 -9999.000000 -9999.000000 -9999.000000 -9999.000000 -9999.000000 -9999.000000 -9999.000000 -9999.000000 -9999.000000 -9999.000000 -9999.000000 -9999.000000 -9999.000000 -9999.000000 -9999.000000 -9999.000000 -9999.000000 -9999.000000 -9999.000000 -9999.000000 -9999.000000 -9999.000000 -9999.000000 -9999.000000 -9999.000000 -9999.000000 -9999.000000 -9999.000000 0.025612 0.032615 0.040214 0.148949 0.179833 0.230492 0.017372 0.287499 0.259758 0.039526 0.017372 0.034065 0.385466 0.412253 0.406846 0.030113 0.030052 0.030327 0.156487
-9999.000000 -9999.000000 -9999.000000 -9999.000000 -9999.000000 -9999.000000 -9999.000000 -9999.000000 -9999.000000 -9999.000000 -9999.000000 -9999.000000 -9999.000000 -9999.000000 -9999.000000 -9999.000000 -9999.000000 -9999.000000 -9999.000000 -9999.000000 -9999.000000 -9999.000000 -9999.000000 -9999.000000 -9999.000000 -9999.000000 -9999.000000 -9999.000000 -9999.000000 -9999.000000 -9999.000000 -9999.000000 -9999.000000 -9999.000000 -9999.000000 -9999.000000 -9999.000000 -9999.000000 -9999.000000 -9999.000000 -9999.000000 0.038734 0.043435 0.032464 0.037971 0.273582 0.338600 0.303322 0.262798 0.045281 0.053581 0.032219 1.407248 1.419170 1.424032 0.208277 0.101814 0.207451 0.169213
