use_cases/Flooding_chicago/flooding_data/output/h_240.asc
ncols 337
nrows 393
xllcorner 428428.000000
yllcorner 4602440.000000
cellsize 26.757400
NODATA_value -9999.000000
[rows 216 to 242 of 393, columns 236 to 294 of 337]
0.089683 0.109178 0.086649 0.107989 0.130562 0.156722 0.161165 0.161985 0.159375 0.119358 0.035503 0.014386 0.032450 0.064211 0.068119 0.053968 0.034542 0.038345 0.101761 0.085446 0.083306 0.056028 0.062376 0.065020 0.176477 0.156130 0.161456 0.038931 0.032844 0.164150 0.167488 0.165420 0.157818 0.117656 0.247932 0.111390 0.517771 0.051482 0.024149 0.022141 0.031404 0.207934 0.222894 0.155482 0.033969 0.026790 0.027168 0.035141 -9999.000000 -9999.000000 -9999.000000 -9999.000000 -9999.000000 -9999.000000 -9999.000000 -9999.000000 -9999.000000 -9999.000000 -9999.000000
0.168113 0.111222 0.085305 0.059704 0.045124 0.195906 0.195250 0.196348 0.192842 0.023335 0.042905 0.047464 0.030286 0.056454 0.056354 0.022591 0.022591 0.027806 0.118703 0.083902 0.045303 0.059945 0.095420 0.079726 0.047606 0.089504 0.019874 0.029393 0.031070 0.025633 0.173587 0.173058 0.173290 0.026785 0.051736 0.034952 0.078104 0.097604 0.028129 0.072296 0.256588 0.235511 0.198838 0.040840 0.031575 0.035839 -9999.000000 -9999.000000 -9999.000000 -9999.000000 -9999.000000 -9999.000000 -9999.000000 -9999.000000 -9999.000000 -9999.000000 -9999.000000 -9999.000000 -9999.000000
0.203632 0.045253 0.054028 0.040424 0.076244 0.184655 0.213043 0.221039 0.214952 0.225000 0.028542 0.029932 0.037597 0.110035 0.118565 0.022591 0.022591 0.027806 0.231157 0.014386 0.049356 0.059976 0.114916 0.103804 0.060047 0.029982 0.454703 0.025633 0.031070 0.029393 0.019874 0.032012 0.038778 0.054279 0.049851 0.036608 0.062274 0.046288 0.043672 0.100281 0.078243 0.076727 0.073223 0.037414 0.021024 0.017965 -9999.000000 -9999.000000 -9999.000000 -9999.000000 -9999.000000 -9999.000000 -9999.000000 -9999.000000 -9999.000000 -9999.000000 -9999.000000 -9999.000000 -9999.000000
0.075756 0.082485 0.085992 0.064621 0.128000 0.082389 0.060964 0.195245 0.210295 0.209918 0.175039 0.111518 0.149858 1.002760 1.070144 0.051969 0.053994 0.317054 0.292689 0.311295 0.022392 0.037781 0.041433 0.075567 0.453913 0.485937 0.405697 0.361017 0.295579 0.236776 0.145969 0.445746 0.030559 0.024341 0.029578 0.024341 0.028599 0.047862 0.064317 0.017373 0.053364 0.054020 0.059017 0.064840 0.017965 -9999.000000 -9999.000000 -9999.000000 -9999.000000 -9999.000000 -9999.000000 -9999.000000 -9999.000000 -9999.000000 -9999.000000 -9999.000000 -9999.000000 -9999.000000 -9999.000000
0.033164 0.099110 0.112874 0.095406 0.069769 0.050776 0.107143 0.060516 0.182376 0.177661 0.022904 0.073646 0.143370 0.970838 0.168291 0.056461 0.065382 0.060256 0.246080 0.028677 0.039559 0.027231 0.074800 0.079488 0.430326 0.483230 0.030816 0.028869 0.197508 0.168396 0.116674 0.411448 0.359960 0.024341 0.029578 0.024341 0.028599 0.551257 0.039773 0.017373 0.068777 0.071803 0.078193 0.058210 -9999.000000 -9999.000000 -9999.000000 -9999.000000 -9999.000000 -9999.000000 -9999.000000 -9999.000000 -9999.000000 -9999.000000 -9999.000000 -9999.000000 -9999.000000 -9999.000000 -9999.000000
0.040702 0.037872 0.027870 0.103099 0.093801 0.084609 0.065404 0.048862 0.060939 0.052745 0.025280 0.037563 0.139614 0.160178 0.234453 0.073502 0.014386 0.114033 0.077219 0.025225 0.039617 0.027687 0.064824 0.061444 0.128718 0.182525 0.030037 0.031890 0.052620 0.047468 0.045348 0.034951 0.305534 0.243382 0.245101 0.169271 0.544631 0.519379 0.507421 0.489132 0.043521 0.065342 0.071139 0.014386 -9999.000000 -9999.000000 -9999.000000 -9999.000000 -9999.000000 -9999.000000 -9999.000000 -9999.000000 -9999.000000 -9999.000000 -9999.000000 -9999.000000 -9999.000000 -9999.000000 -9999.000000
0.089926 0.026869 0.029002 0.105134 0.100116 0.097960 0.090994 0.085900 0.021024 0.017965 0.050630 0.034278 0.043701 0.049790 0.295187 0.119989 0.161663 0.124781 0.027799 0.026836 0.219175 0.183452 0.127896 0.072706 0.087201 0.240717 0.046868 0.026011 0.023874 0.032545 0.064886 0.053837 0.043163 0.209349 0.251777 0.189339 0.103164 0.053226 0.452155 0.446871 0.399151 0.048724 0.019298 -9999.000000 -9999.000000 -9999.000000 -9999.000000 -9999.000000 -9999.000000 -9999.000000 -9999.000000 -9999.000000 -9999.000000 -9999.000000 -9999.000000 -9999.000000 -9999.000000 -9999.000000 -9999.000000
0.296850 0.359184 0.019714 0.095717 0.094820 0.017965 0.021024 0.085331 0.017965 0.046400 0.051407 0.046317 0.029284 0.049663 0.113376 0.147696 0.146217 0.046278 0.039841 0.036595 0.177913 0.171150 0.138441 0.095456 0.159074 0.114219 0.028717 0.037356 0.025987 0.046397 0.076435 0.050817 0.042289 0.214461 0.245983 0.061440 0.061421 0.046890 0.055401 0.389374 0.394726 0.049198 0.014386 -9999.000000 -9999.000000 -9999.000000 -9999.000000 -9999.000000 -9999.000000 -9999.000000 -9999.000000 -9999.000000 -9999.000000 -9999.000000 -9999.000000 -9999.000000 -9999.000000 -9999.000000 -9999.000000
0.319917 0.375270 0.034812 0.058647 0.061308 0.055741 0.017965 0.043637 0.122398 0.142059 0.032015 0.035464 0.026626 0.091774 0.080695 0.068387 0.079177 0.042585 0.056955 0.043913 0.058149 0.041309 0.142890 0.122510 0.083044 0.058374 0.039229 0.029559 0.105159 0.065296 0.083999 0.090193 0.845482 0.064947 0.063925 0.096145 0.047155 0.043065 0.051613 0.044361 0.355646 0.067815 0.024512 -9999.000000 -9999.000000 -9999.000000 -9999.000000 -9999.000000 -9999.000000 -9999.000000 -9999.000000 -9999.000000 -9999.000000 -9999.000000 -9999.000000 -9999.000000 -9999.000000 -9999.000000 -9999.000000
0.258958 0.327630 0.253769 0.187057 0.133346 0.094270 0.092560 0.109113 0.115432 0.125422 0.075292 0.062472 0.067495 0.102164 0.119535 0.045558 0.060362 0.071680 0.069737 0.050714 0.050567 0.067789 0.044931 0.139454 0.111142 0.072752 0.211334 0.163255 0.117305 0.071706 0.090841 0.104117 0.840739 0.109109 0.035378 0.051918 0.071406 0.077428 0.049781 0.058186 0.100056 0.110740 0.018869 -9999.000000 -9999.000000 -9999.000000 -9999.000000 -9999.000000 -9999.000000 -9999.000000 -9999.000000 -9999.000000 -9999.000000 -9999.000000 -9999.000000 -9999.000000 -9999.000000 -9999.000000 -9999.000000
0.239923 0.294673 0.221683 0.892565 0.911319 0.896174 0.906111 0.083904 0.101357 0.088495 0.519549 0.513700 0.508493 0.079182 0.054826 0.077333 0.087581 0.087331 0.078362 0.059497 0.028434 0.071212 0.039957 0.158250 0.124288 0.082678 0.168465 0.130004 0.085377 0.051083 0.099670 0.067425 0.058966 0.068295 0.037679 0.050492 0.046894 0.051894 0.037169 0.048461 0.114932 0.021893 -9999.000000 -9999.000000 -9999.000000 -9999.000000 -9999.000000 -9999.000000 -9999.000000 -9999.000000 -9999.000000 -9999.000000 -9999.000000 -9999.000000 -9999.000000 -9999.000000 -9999.000000 -9999.000000 -9999.000000
0.102109 0.035271 0.042765 0.099195 0.127883 0.091515 0.078818 0.098189 0.103206 0.082962 0.513330 0.510843 0.505880 0.039412 0.071123 0.091866 0.102054 0.096210 0.078957 0.045428 0.070802 0.066745 0.203620 0.218940 0.023459 0.024909 0.035415 0.071832 0.194586 0.165613 0.101628 0.080526 0.030821 0.046783 0.027189 0.033955 0.027521 0.080892 0.055818 0.084778 0.054322 0.038899 -9999.000000 -9999.000000 -9999.000000 -9999.000000 -9999.000000 -9999.000000 -9999.000000 -9999.000000 -9999.000000 -9999.000000 -9999.000000 -9999.000000 -9999.000000 -9999.000000 -9999.000000 -9999.000000 -9999.000000
0.079419 0.080462 0.048027 0.056718 0.189534 0.033819 0.037745 0.025989 0.024200 0.099998 0.071690 0.068570 0.076557 0.032199 0.035874 0.028339 0.118910 0.104078 0.070322 0.110862 0.058983 0.082921 0.043654 0.178543 0.024909 0.033481 0.020637 0.064083 0.036181 0.088144 0.310050 0.354296 0.034018 0.058880 0.033958 0.043008 0.035075 0.095675 0.066645 0.087317 0.054750 0.034771 -9999.000000 -9999.000000 -9999.000000 -9999.000000 -9999.000000 -9999.000000 -9999.000000 -9999.000000 -9999.000000 -9999.000000 -9999.000000 -9999.000000 -9999.000000 -9999.000000 -9999.000000 -9999.000000 -9999.000000
0.041770 0.033271 0.021062 0.048438 0.102410 0.027695 0.019227 0.153709 0.025754 0.034391 0.041609 0.052170 0.061861 0.022591 0.022591 0.036950 0.147065 0.018440 0.059061 0.068407 0.085753 0.069183 0.040422 0.108354 0.072704 0.020637 0.030656 0.046796 0.035689 0.050596 0.319736 0.329008 0.058201 0.039986 0.027594 0.035287 0.034289 0.030859 0.024695 0.047565 -9999.000000 -9999.000000 -9999.000000 -9999.000000 -9999.000000 -9999.000000 -9999.000000 -9999.000000 -9999.000000 -9999.000000 -9999.000000 -9999.000000 -9999.000000 -9999.000000 -9999.000000 -9999.000000 -9999.000000 -9999.000000 -9999.000000
0.027290 0.025656 0.127957 0.097994 0.067501 0.047114 0.040743 0.128097 0.122214 0.031036 0.045846 0.071362 0.086752 0.022591 0.022591 0.037144 0.143662 0.023378 0.014386 0.042818 0.088787 0.337479 0.385179 0.368971 0.298872 0.199715 0.217047 0.119853 0.062792 0.301054 0.313751 0.305001 0.061643 0.091478 0.023492 0.076788 0.037253 0.024330 0.023323 -9999.000000 -9999.000000 -9999.000000 -9999.000000 -9999.000000 -9999.000000 -9999.000000 -9999.000000 -9999.000000 -9999.000000 -9999.000000 -9999.000000 -9999.000000 -9999.000000 -9999.000000 -9999.000000 -9999.000000 -9999.000000 -9999.000000 -9999.000000
0.216831 0.189971 0.151575 0.121981 0.092138 0.056840 0.164673 0.126834 0.592827 0.593773 0.596395 0.068723 0.098576 0.039770 0.041351 0.029613 0.094768 0.089334 0.019298 0.029577 0.079692 0.291829 0.326996 0.308652 0.272717 0.168646 0.204160 0.310148 0.320126 1.332915 0.287251 0.299846 0.057005 0.076771 0.052207 0.115204 0.028465 -9999.000000 -9999.000000 -9999.000000 -9999.000000 -9999.000000 -9999.000000 -9999.000000 -9999.000000 -9999.000000 -9999.000000 -9999.000000 -9999.000000 -9999.000000 -9999.000000 -9999.000000 -9999.000000 -9999.000000 -9999.000000 -9999.000000 -9999.000000 -9999.000000 -9999.000000
1.108695 0.174218 0.144852 0.122814 0.093870 0.048717 0.203851 0.158995 0.585093 0.572706 0.585655 0.053009 0.025123 0.027353 0.050207 0.038164 0.174171 0.044667 0.036132 0.083791 0.111941 0.085604 0.060945 0.052747 0.044458 0.031913 0.043473 0.300761 0.356759 0.310262 0.020125 0.303703 0.059026 0.075594 0.058920 -9999.000000 -9999.000000 -9999.000000 -9999.000000 -9999.000000 -9999.000000 -9999.000000 -9999.000000 -9999.000000 -9999.000000 -9999.000000 -9999.000000 -9999.000000 -9999.000000 -9999.000000 -9999.000000 -9999.000000 -9999.000000 -9999.000000 -9999.000000 -9999.000000 -9999.000000 -9999.000000 -9999.000000
1.179650 0.225610 0.161833 0.133758 0.092000 0.127500 0.230994 0.191008 0.119231 0.082861 0.038159 0.025581 0.030063 0.049492 0.107829 0.065502 0.733006 0.085361 0.029229 0.042255 0.022832 0.029624 0.027711 0.037520 0.042343 0.032577 0.071530 0.032352 0.081953 0.017373 0.017373 0.056192 0.074075 0.079290 0.060034 -9999.000000 -9999.000000 -9999.000000 -9999.000000 -9999.000000 -9999.000000 -9999.000000 -9999.000000 -9999.000000 -9999.000000 -9999.000000 -9999.000000 -9999.000000 -9999.000000 -9999.000000 -9999.000000 -9999.000000 -9999.000000 -9999.000000 -9999.000000 -9999.000000 -9999.000000 -9999.000000 -9999.000000
0.214240 0.291305 0.043561 0.053777 0.043037 0.048168 0.288405 0.058094 0.082307 0.030036 0.044011 0.014386 0.028160 0.032469 0.098249 0.818475 0.824946 0.085258 0.023906 0.018505 0.030652 0.111197 0.110002 0.043549 0.023233 0.018379 0.034196 0.119204 0.103960 0.638370 0.040869 0.051858 0.078561 0.017373 0.017373 -9999.000000 -9999.000000 -9999.000000 -9999.000000 -9999.000000 -9999.000000 -9999.000000 -9999.000000 -9999.000000 -9999.000000 -9999.000000 -9999.000000 -9999.000000 -9999.000000 -9999.000000 -9999.000000 -9999.000000 -9999.000000 -9999.000000 -9999.000000 -9999.000000 -9999.000000 -9999.000000 -9999.000000
0.240095 0.351873 0.073269 0.085766 0.075407 0.045383 0.082714 0.068810 0.065848 0.017373 0.017373 0.035710 0.038765 0.183507 0.031879 0.042129 0.039977 0.031348 0.078565 0.042410 0.214914 0.931424 1.044840 0.053272 0.026848 0.057620 0.059985 0.073359 0.096503 0.608368 0.629311 0.638226 0.019571 0.079286 0.055493 -9999.000000 -9999.000000 -9999.000000 -9999.000000 -9999.000000 -9999.000000 -9999.000000 -9999.000000 -9999.000000 -9999.000000 -9999.000000 -9999.000000 -9999.000000 -9999.000000 -9999.000000 -9999.000000 -9999.000000 -9999.000000 -9999.000000 -9999.000000 -9999.000000 -9999.000000 -9999.000000 -9999.000000
0.115136 0.164506 0.123794 0.113744 0.097579 0.064844 0.117977 0.095837 0.086952 0.076324 0.041168 0.040030 0.076944 0.132713 0.025347 0.032206 0.026420 0.045765 0.057121 0.275436 0.268545 0.973533 0.075759 0.057019 0.029318 0.051679 0.092462 0.077255 0.126366 0.622132 0.048581 0.056121 0.027026 0.071610 0.042759 -9999.000000 -9999.000000 -9999.000000 -9999.000000 -9999.000000 -9999.000000 -9999.000000 -9999.000000 -9999.000000 -9999.000000 -9999.000000 -9999.000000 -9999.000000 -9999.000000 -9999.000000 -9999.000000 -9999.000000 -9999.000000 -9999.000000 -9999.000000 -9999.000000 -9999.000000 -9999.000000 -9999.000000
0.184595 0.278005 0.033703 0.041673 0.038218 0.027557 0.032784 0.083292 0.088329 0.062616 0.079100 0.074205 1.106955 0.066937 0.026709 0.038854 0.032206 0.049063 0.050958 0.344459 0.328234 0.053372 0.046644 0.028599 0.028599 0.058397 0.117772 0.125208 0.084139 0.146868 0.044429 0.029947 0.044440 0.048961 -9999.000000 -9999.000000 -9999.000000 -9999.000000 -9999.000000 -9999.000000 -9999.000000 -9999.000000 -9999.000000 -9999.000000 -9999.000000 -9999.000000 -9999.000000 -9999.000000 -9999.000000 -9999.000000 -9999.000000 -9999.000000 -9999.000000 -9999.000000 -9999.000000 -9999.000000 -9999.000000 -9999.000000 -9999.000000
0.180246 0.254433 0.050072 0.057789 0.049333 0.030272 0.042797 0.074461 0.067369 0.044303 0.060940 0.074559 1.113478 0.096865 0.074412 0.026709 0.025347 0.036473 0.050779 0.153024 0.135186 0.064405 0.042444 0.024341 0.024341 0.038422 0.043578 0.141673 0.140199 0.094606 0.093825 0.017965 0.021116 -9999.000000 -9999.000000 -9999.000000 -9999.000000 -9999.000000 -9999.000000 -9999.000000 -9999.000000 -9999.000000 -9999.000000 -9999.000000 -9999.000000 -9999.000000 -9999.000000 -9999.000000 -9999.000000 -9999.000000 -9999.000000 -9999.000000 -9999.000000 -9999.000000 -9999.000000 -9999.000000 -9999.000000 -9999.000000 -9999.000000
0.066636 0.064550 0.073009 0.063535 0.038482 0.091975 0.046777 0.048311 0.100903 0.074408 0.185390 0.109104 1.126346 0.105916 0.084621 0.029600 0.029144 0.137823 0.078339 0.195192 0.069279 0.105944 0.065590 0.029578 0.029578 0.055930 0.078519 0.151860 0.152080 0.104085 0.017965 0.021024 -9999.000000 -9999.000000 -9999.000000 -9999.000000 -9999.000000 -9999.000000 -9999.000000 -9999.000000 -9999.000000 -9999.000000 -9999.000000 -9999.000000 -9999.000000 -9999.000000 -9999.000000 -9999.000000 -9999.000000 -9999.000000 -9999.000000 -9999.000000 -9999.000000 -9999.000000 -9999.000000 -9999.000000 -9999.000000 -9999.000000 -9999.000000
0.038148 0.030101 0.085038 0.058208 0.126300 0.083488 0.075320 0.078986 0.063235 0.309294 0.234972 0.139919 1.112478 0.165808 0.093476 0.163926 0.173105 0.125881 1.065110 0.065652 0.046818 0.059653 0.079804 0.024341 0.024341 0.072048 0.110499 0.074602 0.033624 -9999.000000 -9999.000000 -9999.000000 -9999.000000 -9999.000000 -9999.000000 -9999.000000 -9999.000000 -9999.000000 -9999.000000 -9999.000000 -9999.000000 -9999.000000 -9999.000000 -9999.000000 -9999.000000 -9999.000000 -9999.000000 -9999.000000 -9999.000000 -9999.000000 -9999.000000 -9999.000000 -9999.000000 -9999.000000 -9999.000000 -9999.000000 -9999.000000 -9999.000000 -9999.000000
0.076661 0.044401 0.024225 0.048057 0.109715 0.071135 0.065806 0.484626 0.502718 1.458081 0.297305 0.170253 0.295777 0.235359 0.038877 0.048267 0.056872 0.063482 0.080184 0.051584 0.066378 0.062240 0.040284 0.195220 0.154175 0.070146 0.066863 0.030308 -9999.000000 -9999.000000 -9999.000000 -9999.000000 -9999.000000 -9999.000000 -9999.000000 -9999.000000 -9999.000000 -9999.000000 -9999.000000 -9999.000000 -9999.000000 -9999.000000 -9999.000000 -9999.000000 -9999.000000 -9999.000000 -9999.000000 -9999.000000 -9999.000000 -9999.000000 -9999.000000 -9999.000000 -9999.000000 -9999.000000 -9999.000000 -9999.000000 -9999.000000 -9999.000000 -9999.000000
0.082579 0.137810 0.095251 0.057035 0.028364 0.163037 0.456859 0.514345 0.470493 0.392908 0.058425 0.102025 0.385402 0.055859 0.040882 0.034152 0.045540 0.048008 0.060694 0.062274 0.057168 0.050193 0.035011 0.043757 0.023232 0.046201 0.024283 -9999.000000 -9999.000000 -9999.000000 -9999.000000 -9999.000000 -9999.000000 -9999.000000 -9999.000000 -9999.000000 -9999.000000 -9999.000000 -9999.000000 -9999.000000 -9999.000000 -9999.000000 -9999.000000 -9999.000000 -9999.000000 -9999.000000 -9999.000000 -9999.000000 -9999.000000 -9999.000000 -9999.000000 -9999.000000 -9999.000000 -9999.000000 -9999.000000 -9999.000000 -9999.000000 -9999.000000 -9999.000000
