use_cases/Flooding_chicago/flooding_data/output/h_2460.asc
ncols 337
nrows 393
xllcorner 428428.000000
yllcorner 4602440.000000
cellsize 26.757400
NODATA_value -9999.000000
[rows 324 to 350 of 393, columns 0 to 58 of 337]
-9999.000000 -9999.000000 -9999.000000 -9999.000000 -9999.000000 -9999.000000 -9999.000000 -9999.000000 -9999.000000 -9999.000000 -9999.000000 -9999.000000 -9999.000000 -9999.000000 -9999.000000 -9999.000000 -9999.000000 -9999.000000 -9999.000000 -9999.000000 -9999.000000 -9999.000000 -9999.000000 -9999.000000 -9999.000000 0.041070 0.051841 0.053994 0.062920 0.035897 0.042472 0.209978 0.050087 0.036613 0.021904 0.046959 0.032874 0.027443 0.039681 0.068282 1.397197 2.433234 2.429122 2.428737 3.452271 3.467045 3.453581 2.431735 2.428988 3.436025 2.438131 3.436756 3.436046 5.425457 6.434913 5.434005 3.434276 3.434697 3.430255
-9999.000000 -9999.000000 -9999.000000 -9999.000000 -9999.000000 -9999.000000 -9999.000000 -9999.000000 -9999.000000 -9999.000000 -9999.000000 -9999.000000 -9999.000000 -9999.000000 -9999.000000 -9999.000000 -9999.000000 -9999.000000 -9999.000000 -9999.000000 -9999.000000 -9999.000000 -9999.000000 -9999.000000 0.030891 0.039604 0.038593 0.030724 0.057579 0.067781 0.198146 1.285568 0.238798 0.040336 0.041868 0.041353 0.224858 0.044075 0.042748 0.083572 1.384177 2.427035 1.428552 2.435692 2.446563 2.448542 2.440264 2.430408 2.428091 3.428796 4.438150 3.435100 3.433204 3.429624 4.434628 4.436834 3.425861 3.423037 3.432703
-9999.000000 -9999.000000 -9999.000000 -9999.000000 -9999.000000 -9999.000000 -9999.000000 -9999.000000 -9999.000000 -9999.000000 -9999.000000 -9999.000000 -9999.000000 -9999.000000 -9999.000000 -9999.000000 -9999.000000 -9999.000000 -9999.000000 -9999.000000 -9999.000000 -9999.000000 -9999.000000 -9999.000000 0.019401 0.027748 0.024513 0.044548 0.051309 0.077783 1.267755 2.274053 2.293863 2.300041 1.202776 1.204606 2.276426 0.038002 0.017372 0.077923 1.320357 2.424067 1.432642 1.437418 2.447687 2.452956 3.436437 2.434577 2.430712 3.424137 4.430899 3.436724 2.439022 1.421274 1.426124 2.427838 1.378560 1.367215 1.416660
-9999.000000 -9999.000000 -9999.000000 -9999.000000 -9999.000000 -9999.000000 -9999.000000 -9999.000000 -9999.000000 -9999.000000 -9999.000000 -9999.000000 -9999.000000 -9999.000000 -9999.000000 -9999.000000 -9999.000000 -9999.000000 -9999.000000 -9999.000000 -9999.000000 -9999.000000 -9999.000000 -9999.000000 -9999.000000 0.024422 0.027748 0.047280 0.055853 0.075774 1.278261 1.299084 2.303552 2.310286 2.299284 2.300182 2.299762 0.028526 0.017372 0.115909 1.358293 1.411929 1.424201 1.425639 2.444564 3.436167 4.436729 3.440311 3.430807 3.420479 3.432324 2.430832 1.436174 0.425325 0.411680 0.418012 0.036075 0.039574 0.346993
-9999.000000 -9999.000000 -9999.000000 -9999.000000 -9999.000000 -9999.000000 -9999.000000 -9999.000000 -9999.000000 -9999.000000 -9999.000000 -9999.000000 -9999.000000 -9999.000000 -9999.000000 -9999.000000 -9999.000000 -9999.000000 -9999.000000 -9999.000000 -9999.000000 -9999.000000 -9999.000000 -9999.000000 -9999.000000 -9999.000000 0.019401 0.040337 0.027411 0.033309 0.208152 0.282546 1.312332 1.317262 2.327528 2.331439 2.315521 0.235186 0.232947 0.175955 0.348548 0.330228 0.389562 1.428172 2.444093 3.446440 4.434619 3.436950 2.413680 1.437849 2.439201 1.442369 0.439642 0.437752 0.033836 0.053765 0.028069 0.039131 0.036507
-9999.000000 -9999.000000 -9999.000000 -9999.000000 -9999.000000 -9999.000000 -9999.000000 -9999.000000 -9999.000000 -9999.000000 -9999.000000 -9999.000000 -9999.000000 -9999.000000 -9999.000000 -9999.000000 -9999.000000 -9999.000000 -9999.000000 -9999.000000 -9999.000000 -9999.000000 -9999.000000 -9999.000000 -9999.000000 -9999.000000 -9999.000000 -9999.000000 0.024575 0.027885 0.038762 0.266867 0.300413 0.291081 1.317684 1.324780 1.290254 1.272387 0.268444 0.264259 0.020866 0.038468 0.354234 1.436092 1.469157 2.449192 3.452780 2.455136 1.443149 1.443366 2.444447 2.445943 1.446077 0.422832 0.039192 0.073662 0.031913 0.054345 0.062766
-9999.000000 -9999.000000 -9999.000000 -9999.000000 -9999.000000 -9999.000000 -9999.000000 -9999.000000 -9999.000000 -9999.000000 -9999.000000 -9999.000000 -9999.000000 -9999.000000 -9999.000000 -9999.000000 -9999.000000 -9999.000000 -9999.000000 -9999.000000 -9999.000000 -9999.000000 -9999.000000 -9999.000000 -9999.000000 -9999.000000 -9999.000000 -9999.000000 -9999.000000 0.017372 0.029396 0.022179 0.274958 0.017967 0.021034 0.261228 0.258617 1.248039 0.262844 0.265057 0.033119 0.027992 0.407954 0.420502 0.442576 1.454797 2.434275 2.448361 1.439755 2.441860 2.441189 2.443331 2.442382 1.437895 0.414892 0.086831 0.123742 0.050575 0.028190
-9999.000000 -9999.000000 -9999.000000 -9999.000000 -9999.000000 -9999.000000 -9999.000000 -9999.000000 -9999.000000 -9999.000000 -9999.000000 -9999.000000 -9999.000000 -9999.000000 -9999.000000 -9999.000000 -9999.000000 -9999.000000 -9999.000000 -9999.000000 -9999.000000 -9999.000000 -9999.000000 -9999.000000 -9999.000000 -9999.000000 -9999.000000 -9999.000000 -9999.000000 0.017372 0.032052 0.145692 0.227011 0.217818 0.017967 0.219299 1.229755 1.238010 1.249324 0.027687 0.017372 0.038612 0.036538 0.419723 0.456578 1.439225 2.436429 2.445352 2.446336 2.441894 3.443575 2.445585 1.446656 0.437112 0.405663 0.050605 0.042916 0.061440 0.034553
-9999.000000 -9999.000000 -9999.000000 -9999.000000 -9999.000000 -9999.000000 -9999.000000 -9999.000000 -9999.000000 -9999.000000 -9999.000000 -9999.000000 -9999.000000 -9999.000000 -9999.000000 -9999.000000 -9999.000000 -9999.000000 -9999.000000 -9999.000000 -9999.000000 -9999.000000 -9999.000000 -9999.000000 -9999.000000 -9999.000000 -9999.000000 -9999.000000 -9999.000000 0.026756 0.025337 0.160176 0.182485 0.182288 0.165189 0.202447 1.242777 1.228393 0.187141 0.035073 0.017372 0.035360 0.056238 0.046868 0.030678 0.499400 2.371568 2.440635 2.437373 2.441753 3.444472 1.449191 0.433471 0.423378 0.413211 0.404806 0.042137 0.059151 0.034235
-9999.000000 -9999.000000 -9999.000000 -9999.000000 -9999.000000 -9999.000000 -9999.000000 -9999.000000 -9999.000000 -9999.000000 -9999.000000 -9999.000000 -9999.000000 -9999.000000 -9999.000000 -9999.000000 -9999.000000 -9999.000000 -9999.000000 -9999.000000 -9999.000000 -9999.000000 -9999.000000 -9999.000000 -9999.000000 -9999.000000 -9999.000000 -9999.000000 -9999.000000 -9999.000000 0.022730 0.119281 0.657143 0.670188 0.723987 0.143896 0.187226 1.202873 0.163539 0.027184 0.032646 0.027306 0.048224 0.040016 0.028420 0.524381 0.462363 0.463969 0.455468 2.434500 1.436652 1.442780 0.435123 0.426157 0.418210 0.382590 0.042397 0.040062 0.026176
-9999.000000 -9999.000000 -9999.000000 -9999.000000 -9999.000000 -9999.000000 -9999.000000 -9999.000000 -9999.000000 -9999.000000 -9999.000000 -9999.000000 -9999.000000 -9999.000000 -9999.000000 -9999.000000 -9999.000000 -9999.000000 -9999.000000 -9999.000000 -9999.000000 -9999.000000 -9999.000000 -9999.000000 -9999.000000 -9999.000000 -9999.000000 -9999.000000 -9999.000000 -9999.000000 0.369104 1.680480 2.670697 1.530558 0.712057 0.128760 0.154426 1.168021 1.136904 1.146672 0.152298 0.120564 0.739325 0.746033 0.756817 0.713208 0.028205 0.416021 0.411398 1.432940 1.429634 1.431665 0.426094 0.413190 0.406312 0.373252 0.342765 0.339115 0.029045
-9999.000000 -9999.000000 -9999.000000 -9999.000000 -9999.000000 -9999.000000 -9999.000000 -9999.000000 -9999.000000 -9999.000000 -9999.000000 -9999.000000 -9999.000000 -9999.000000 -9999.000000 -9999.000000 -9999.000000 -9999.000000 -9999.000000 -9999.000000 -9999.000000 -9999.000000 -9999.000000 -9999.000000 -9999.000000 -9999.000000 -9999.000000 -9999.000000 -9999.000000 -9999.000000 1.185904 2.679364 2.570903 1.382012 0.889260 1.075291 1.099617 1.147581 1.136107 1.133178 0.183986 0.137091 0.729312 0.737927 0.739022 0.689853 0.044915 0.039680 0.030693 0.404187 1.440750 1.440841 1.444425 0.409445 0.018668 0.350889 0.368460 1.353706 0.280312
-9999.000000 -9999.000000 -9999.000000 -9999.000000 -9999.000000 -9999.000000 -9999.000000 -9999.000000 -9999.000000 -9999.000000 -9999.000000 -9999.000000 -9999.000000 -9999.000000 -9999.000000 -9999.000000 -9999.000000 -9999.000000 -9999.000000 -9999.000000 -9999.000000 -9999.000000 -9999.000000 -9999.000000 -9999.000000 -9999.000000 -9999.000000 -9999.000000 -9999.000000 -9999.000000 0.036155 0.030983 0.568085 0.651487 0.920579 1.067610 1.111385 1.169980 1.123680 0.197860 0.214591 0.187904 0.116014 0.678314 0.635758 0.061736 0.043968 0.024284 0.023399 0.036580 0.335813 1.435185 1.448341 0.423991 0.023415 0.318975 1.360083 1.360036 1.356475
-9999.000000 -9999.000000 -9999.000000 -9999.000000 -9999.000000 -9999.000000 -9999.000000 -9999.000000 -9999.000000 -9999.000000 -9999.000000 -9999.000000 -9999.000000 -9999.000000 -9999.000000 -9999.000000 -9999.000000 -9999.000000 -9999.000000 -9999.000000 -9999.000000 -9999.000000 -9999.000000 -9999.000000 -9999.000000 -9999.000000 -9999.000000 -9999.000000 -9999.000000 -9999.000000 0.014397 0.032982 0.032906 0.054690 0.834394 0.977893 0.965382 0.192767 0.225896 0.247729 0.253027 0.228765 0.148307 0.106850 0.038795 0.038934 0.040016 0.014397 0.024284 0.054748 0.031883 0.392191 0.391374 0.027703 0.029854 0.312294 1.347610 1.355333 2.357435
-9999.000000 -9999.000000 -9999.000000 -9999.000000 -9999.000000 -9999.000000 -9999.000000 -9999.000000 -9999.000000 -9999.000000 -9999.000000 -9999.000000 -9999.000000 -9999.000000 -9999.000000 -9999.000000 -9999.000000 -9999.000000 -9999.000000 -9999.000000 -9999.000000 -9999.000000 -9999.000000 -9999.000000 -9999.000000 -9999.000000 -9999.000000 -9999.000000 -9999.000000 -9999.000000 -9999.000000 0.017372 0.026162 0.038010 0.326090 0.501574 0.335810 0.225500 0.218387 0.231817 0.244811 0.232373 0.031884 0.041755 0.025597 0.069298 0.038246 0.049080 0.033607 0.065712 0.397102 0.020775 0.032921 0.039879 0.027763 0.312670 0.276528 0.318464 1.365626
-9999.000000 -9999.000000 -9999.000000 -9999.000000 -9999.000000 -9999.000000 -9999.000000 -9999.000000 -9999.000000 -9999.000000 -9999.000000 -9999.000000 -9999.000000 -9999.000000 -9999.000000 -9999.000000 -9999.000000 -9999.000000 -9999.000000 -9999.000000 -9999.000000 -9999.000000 -9999.000000 -9999.000000 -9999.000000 -9999.000000 -9999.000000 -9999.000000 -9999.000000 -9999.000000 -9999.000000 0.017372 0.028144 0.021931 0.138194 0.843394 0.213778 0.022209 0.072979 0.104724 0.155506 0.138514 0.025703 0.017372 0.051429 0.033714 0.065666 0.185752 0.182823 0.110191 0.384361 0.389712 0.033165 0.033745 0.106575 0.026768 0.034111 0.030095 0.302765
-9999.000000 -9999.000000 -9999.000000 -9999.000000 -9999.000000 -9999.000000 -9999.000000 -9999.000000 -9999.000000 -9999.000000 -9999.000000 -9999.000000 -9999.000000 -9999.000000 -9999.000000 -9999.000000 -9999.000000 -9999.000000 -9999.000000 -9999.000000 -9999.000000 -9999.000000 -9999.000000 -9999.000000 -9999.000000 -9999.000000 -9999.000000 -9999.000000 -9999.000000 -9999.000000 -9999.000000 0.020180 0.040737 0.350025 1.243057 1.099744 0.335531 0.023858 0.026080 0.118935 0.166003 0.153293 0.025703 0.017372 0.054741 0.041878 0.066353 0.189508 0.216621 0.124597 0.375464 0.386712 0.030190 0.026572 0.836915 0.031547 0.014397 0.046013 0.030189
-9999.000000 -9999.000000 -9999.000000 -9999.000000 -9999.000000 -9999.000000 -9999.000000 -9999.000000 -9999.000000 -9999.000000 -9999.000000 -9999.000000 -9999.000000 -9999.000000 -9999.000000 -9999.000000 -9999.000000 -9999.000000 -9999.000000 -9999.000000 -9999.000000 -9999.000000 -9999.000000 -9999.000000 -9999.000000 -9999.000000 -9999.000000 -9999.000000 -9999.000000 -9999.000000 -9999.000000 0.275815 0.372884 0.378118 1.177518 0.975076 0.352153 0.025749 0.036903 0.021415 0.264004 0.270324 0.331151 0.332346 0.034324 0.043618 0.031013 0.047584 0.024284 0.073967 0.316118 0.351301 0.020088 0.067515 0.900300 0.026772 0.033989 0.036934 0.032615
-9999.000000 -9999.000000 -9999.000000 -9999.000000 -9999.000000 -9999.000000 -9999.000000 -9999.000000 -9999.000000 -9999.000000 -9999.000000 -9999.000000 -9999.000000 -9999.000000 -9999.000000 -9999.000000 -9999.000000 -9999.000000 -9999.000000 -9999.000000 -9999.000000 -9999.000000 -9999.000000 -9999.000000 -9999.000000 -9999.000000 -9999.000000 -9999.000000 -9999.000000 -9999.000000 -9999.000000 1.385815 1.004817 0.480018 0.451371 0.054276 0.481912 0.172324 1.247861 1.234167 0.266277 0.289158 0.326015 0.329263 0.311344 0.031043 0.040917 0.028709 0.079512 0.068748 0.238643 0.235970 0.160975 0.086153 0.904925 0.051979 0.067114 0.075645 0.066842
-9999.000000 -9999.000000 -9999.000000 -9999.000000 -9999.000000 -9999.000000 -9999.000000 -9999.000000 -9999.000000 -9999.000000 -9999.000000 -9999.000000 -9999.000000 -9999.000000 -9999.000000 -9999.000000 -9999.000000 -9999.000000 -9999.000000 -9999.000000 -9999.000000 -9999.000000 -9999.000000 -9999.000000 -9999.000000 -9999.000000 -9999.000000 -9999.000000 -9999.000000 -9999.000000 -9999.000000 1.151074 1.050432 0.614763 0.581092 0.128031 0.185397 1.258057 3.262737 2.228507 0.275855 0.305861 1.369409 1.364317 1.349654 0.308546 0.035224 0.033150 0.032905 0.062799 0.150445 0.996448 1.080402 1.022182 0.958614 0.042229 0.055046 0.043784 -9999.000000
-9999.000000 -9999.000000 -9999.000000 -9999.000000 -9999.000000 -9999.000000 -9999.000000 -9999.000000 -9999.000000 -9999.000000 -9999.000000 -9999.000000 -9999.000000 -9999.000000 -9999.000000 -9999.000000 -9999.000000 -9999.000000 -9999.000000 -9999.000000 -9999.000000 -9999.000000 -9999.000000 -9999.000000 -9999.000000 -9999.000000 -9999.000000 -9999.000000 -9999.000000 0.022087 0.229764 1.261389 1.563105 1.844911 1.741214 0.181349 1.292765 3.245442 4.266626 2.249459 1.231614 0.309749 1.351474 1.344700 1.346929 0.298349 0.032845 0.032220 0.034859 0.024025 0.135159 1.030381 1.096651 0.056655 0.597551 0.023368 -9999.000000 -9999.000000 -9999.000000
-9999.000000 -9999.000000 -9999.000000 -9999.000000 -9999.000000 -9999.000000 -9999.000000 -9999.000000 -9999.000000 -9999.000000 -9999.000000 -9999.000000 -9999.000000 -9999.000000 -9999.000000 -9999.000000 -9999.000000 -9999.000000 -9999.000000 -9999.000000 -9999.000000 -9999.000000 -9999.000000 -9999.000000 -9999.000000 -9999.000000 0.047752 0.027794 0.014397 0.021065 0.021740 0.874254 1.903094 1.924160 1.872950 2.205168 2.194850 2.179028 1.216551 1.132807 0.217924 0.020851 0.240638 0.249418 0.302468 0.300179 0.025474 0.025291 0.092455 0.087018 0.183514 0.163860 0.153355 0.014397 -9999.000000 -9999.000000 -9999.000000 -9999.000000 -9999.000000
-9999.000000 -9999.000000 -9999.000000 -9999.000000 -9999.000000 -9999.000000 -9999.000000 -9999.000000 -9999.000000 -9999.000000 -9999.000000 -9999.000000 -9999.000000 -9999.000000 -9999.000000 -9999.000000 -9999.000000 -9999.000000 -9999.000000 -9999.000000 -9999.000000 -9999.000000 -9999.000000 -9999.000000 0.025551 0.023552 0.049003 0.014397 0.029884 0.272163 0.938595 0.980031 1.848673 1.811132 1.043838 2.241966 2.236775 2.216193 1.195556 0.278689 0.266547 0.033166 0.041175 0.052387 0.064262 0.241767 0.214308 0.134171 0.125533 0.105713 0.191159 0.163921 0.014397 -9999.000000 -9999.000000 -9999.000000 -9999.000000 -9999.000000 -9999.000000
-9999.000000 -9999.000000 -9999.000000 -9999.000000 -9999.000000 -9999.000000 -9999.000000 -9999.000000 -9999.000000 -9999.000000 -9999.000000 -9999.000000 -9999.000000 -9999.000000 -9999.000000 -9999.000000 -9999.000000 -9999.000000 -9999.000000 -9999.000000 -9999.000000 -9999.000000 0.021508 0.019309 0.014397 0.024330 0.040489 0.036246 0.037316 1.355015 0.273689 0.833042 0.762687 0.980983 1.118894 2.253489 2.250930 2.227166 2.272083 1.311801 1.290963 0.030678 0.029350 0.031074 0.125937 0.072060 0.043342 0.103588 0.098123 0.142447 0.088434 -9999.000000 -9999.000000 -9999.000000 -9999.000000 -9999.000000 -9999.000000 -9999.000000 -9999.000000
-9999.000000 -9999.000000 -9999.000000 -9999.000000 -9999.000000 -9999.000000 -9999.000000 -9999.000000 -9999.000000 -9999.000000 -9999.000000 -9999.000000 -9999.000000 -9999.000000 -9999.000000 -9999.000000 -9999.000000 -9999.000000 -9999.000000 -9999.000000 -9999.000000 -9999.000000 0.447017 0.029228 0.039194 0.030724 0.076302 0.046791 0.512611 0.482514 0.437632 0.281212 0.220749 2.161223 2.259717 2.244755 2.220942 1.276244 2.261654 2.298344 1.285381 0.280887 0.018806 0.050607 0.153771 0.021782 0.055108 0.032753 0.032693 0.030295 0.022866 -9999.000000 -9999.000000 -9999.000000 -9999.000000 -9999.000000 -9999.000000 -9999.000000 -9999.000000
-9999.000000 -9999.000000 -9999.000000 -9999.000000 -9999.000000 -9999.000000 -9999.000000 -9999.000000 -9999.000000 -9999.000000 -9999.000000 -9999.000000 -9999.000000 -9999.000000 -9999.000000 -9999.000000 -9999.000000 -9999.000000 -9999.000000 -9999.000000 -9999.000000 0.027703 1.680725 1.680831 1.671749 1.660757 1.648778 1.680477 1.685981 0.594639 0.587478 0.108859 0.113572 0.913804 2.067136 2.178630 1.260385 1.288646 1.300900 2.290698 1.311213 0.251602 0.023934 0.080528 0.050650 0.036369 0.048790 0.031394 0.033608 -9999.000000 -9999.000000 -9999.000000 -9999.000000 -9999.000000 -9999.000000 -9999.000000 -9999.000000 -9999.000000 -9999.000000
-9999.000000 -9999.000000 -9999.000000 -9999.000000 -9999.000000 -9999.000000 -9999.000000 -9999.000000 -9999.000000 -9999.000000 -9999.000000 -9999.000000 -9999.000000 -9999.000000 -9999.000000 -9999.000000 -9999.000000 -9999.000000 -9999.000000 -9999.000000 0.021858 0.035454 1.627165 2.668310 2.672895 2.644608 1.675511 1.686671 1.682556 1.663136 0.621086 0.197725 0.195538 0.292130 1.169350 1.274069 1.304423 1.321982 1.276715 1.283597 1.297135 0.052819 0.032142 0.035683 0.029273 0.032571 -9999.000000 -9999.000000 -9999.000000 -9999.000000 -9999.000000 -9999.000000 -9999.000000 -9999.000000 -9999.000000 -9999.000000 -9999.000000 -9999.000000 -9999.000000
