use_cases/Flooding_chicago/flooding_data/output/h_2520.asc
ncols 337
nrows 393
xllcorner 428428.000000
yllcorner 4602440.000000
cellsize 26.757400
NODATA_value -9999.000000
[rows 324 to 350 of 393, columns 0 to 58 of 337]
-9999.000000 -9999.000000 -9999.000000 -9999.000000 -9999.000000 -9999.000000 -9999.000000 -9999.000000 -9999.000000 -9999.000000 -9999.000000 -9999.000000 -9999.000000 -9999.000000 -9999.000000 -9999.000000 -9999.000000 -9999.000000 -9999.000000 -9999.000000 -9999.000000 -9999.000000 -9999.000000 -9999.000000 -9999.000000 0.041069 0.051842 0.053993 0.062920 0.035896 0.042473 0.210907 0.050087 0.036614 0.021904 0.046959 0.032874 0.027444 0.039681 0.067842 1.444083 2.479288 2.476088 2.473164 3.495750 3.510851 3.498434 2.475584 2.473174 3.480387 2.482446 3.481075 3.480380 5.468997 6.478751 5.479284 3.477428 3.477466 3.474171
-9999.000000 -9999.000000 -9999.000000 -9999.000000 -9999.000000 -9999.000000 -9999.000000 -9999.000000 -9999.000000 -9999.000000 -9999.000000 -9999.000000 -9999.000000 -9999.000000 -9999.000000 -9999.000000 -9999.000000 -9999.000000 -9999.000000 -9999.000000 -9999.000000 -9999.000000 -9999.000000 -9999.000000 0.030891 0.039604 0.038592 0.030724 0.057579 0.067783 0.199264 1.287162 0.240234 0.040336 0.041884 0.041359 0.226021 0.044075 0.042747 0.083113 1.431895 2.474314 1.474359 2.477595 2.490006 2.492594 2.484648 2.474391 2.472240 3.472966 4.482435 3.479376 3.477236 3.474119 4.478372 4.481142 3.471733 3.468427 3.477053
-9999.000000 -9999.000000 -9999.000000 -9999.000000 -9999.000000 -9999.000000 -9999.000000 -9999.000000 -9999.000000 -9999.000000 -9999.000000 -9999.000000 -9999.000000 -9999.000000 -9999.000000 -9999.000000 -9999.000000 -9999.000000 -9999.000000 -9999.000000 -9999.000000 -9999.000000 -9999.000000 -9999.000000 0.019401 0.027748 0.024514 0.044548 0.051308 0.077787 1.269534 2.275860 2.295552 2.301790 1.205031 1.206722 2.278195 0.038003 0.017372 0.078610 1.382952 2.468545 1.475543 1.478670 2.490359 2.495985 3.479270 2.477766 2.474208 3.468225 4.474252 3.480414 2.482331 1.464572 1.470533 2.472263 1.438103 1.426935 1.462558
-9999.000000 -9999.000000 -9999.000000 -9999.000000 -9999.000000 -9999.000000 -9999.000000 -9999.000000 -9999.000000 -9999.000000 -9999.000000 -9999.000000 -9999.000000 -9999.000000 -9999.000000 -9999.000000 -9999.000000 -9999.000000 -9999.000000 -9999.000000 -9999.000000 -9999.000000 -9999.000000 -9999.000000 -9999.000000 0.024422 0.027748 0.047279 0.055853 0.075775 1.279994 1.300752 2.305379 2.312090 2.301053 2.301917 2.301562 0.028526 0.017372 0.115164 1.408301 1.459132 1.471487 1.470883 2.487998 3.480535 4.481032 3.484180 3.475045 3.464819 3.477244 2.475848 1.480261 0.476238 0.469412 0.477592 0.037144 0.040557 0.393643
-9999.000000 -9999.000000 -9999.000000 -9999.000000 -9999.000000 -9999.000000 -9999.000000 -9999.000000 -9999.000000 -9999.000000 -9999.000000 -9999.000000 -9999.000000 -9999.000000 -9999.000000 -9999.000000 -9999.000000 -9999.000000 -9999.000000 -9999.000000 -9999.000000 -9999.000000 -9999.000000 -9999.000000 -9999.000000 -9999.000000 0.019401 0.040337 0.027412 0.033309 0.209488 0.284133 1.314126 1.319032 2.329102 2.333050 2.317259 0.236598 0.234226 0.176739 0.399525 0.373518 0.435128 1.471578 2.486710 3.490055 4.479172 3.480592 2.457505 1.481643 2.483100 1.486303 0.485083 0.484902 0.033836 0.053765 0.028068 0.039131 0.036507
-9999.000000 -9999.000000 -9999.000000 -9999.000000 -9999.000000 -9999.000000 -9999.000000 -9999.000000 -9999.000000 -9999.000000 -9999.000000 -9999.000000 -9999.000000 -9999.000000 -9999.000000 -9999.000000 -9999.000000 -9999.000000 -9999.000000 -9999.000000 -9999.000000 -9999.000000 -9999.000000 -9999.000000 -9999.000000 -9999.000000 -9999.000000 -9999.000000 0.024575 0.027885 0.038750 0.268545 0.302048 0.292865 1.319236 1.326358 1.292024 1.274078 0.269906 0.265681 0.020866 0.038497 0.395880 1.478220 1.511814 2.493233 3.497588 2.499392 1.486851 1.487118 2.487411 2.489967 1.490579 0.477336 0.039193 0.073662 0.031914 0.054345 0.062767
-9999.000000 -9999.000000 -9999.000000 -9999.000000 -9999.000000 -9999.000000 -9999.000000 -9999.000000 -9999.000000 -9999.000000 -9999.000000 -9999.000000 -9999.000000 -9999.000000 -9999.000000 -9999.000000 -9999.000000 -9999.000000 -9999.000000 -9999.000000 -9999.000000 -9999.000000 -9999.000000 -9999.000000 -9999.000000 -9999.000000 -9999.000000 -9999.000000 -9999.000000 0.017372 0.029396 0.022179 0.276440 0.017967 0.021034 0.262726 0.260330 1.249792 0.264375 0.266541 0.033119 0.027992 0.452892 0.466615 0.484896 1.497971 2.478887 2.492157 1.483417 2.485258 2.484856 2.487198 2.486763 1.484143 0.471585 0.086831 0.123742 0.050575 0.028191
-9999.000000 -9999.000000 -9999.000000 -9999.000000 -9999.000000 -9999.000000 -9999.000000 -9999.000000 -9999.000000 -9999.000000 -9999.000000 -9999.000000 -9999.000000 -9999.000000 -9999.000000 -9999.000000 -9999.000000 -9999.000000 -9999.000000 -9999.000000 -9999.000000 -9999.000000 -9999.000000 -9999.000000 -9999.000000 -9999.000000 -9999.000000 -9999.000000 -9999.000000 0.017372 0.032051 0.146410 0.228275 0.219009 0.017967 0.220871 1.231542 1.239816 1.251100 0.027687 0.017372 0.038612 0.036549 0.471517 0.496828 1.482573 2.481550 2.488807 2.489448 2.485505 3.487053 2.489046 1.491295 0.483056 0.465687 0.050606 0.042915 0.061439 0.034553
-9999.000000 -9999.000000 -9999.000000 -9999.000000 -9999.000000 -9999.000000 -9999.000000 -9999.000000 -9999.000000 -9999.000000 -9999.000000 -9999.000000 -9999.000000 -9999.000000 -9999.000000 -9999.000000 -9999.000000 -9999.000000 -9999.000000 -9999.000000 -9999.000000 -9999.000000 -9999.000000 -9999.000000 -9999.000000 -9999.000000 -9999.000000 -9999.000000 -9999.000000 0.026755 0.025337 0.161082 0.183746 0.183547 0.166317 0.204052 1.244731 1.230219 0.188600 0.035072 0.017372 0.035360 0.056332 0.047399 0.034528 0.532609 2.421990 2.484819 2.481074 2.485385 3.488301 1.493605 0.479612 0.472637 0.464050 0.453056 0.042137 0.059151 0.034235
-9999.000000 -9999.000000 -9999.000000 -9999.000000 -9999.000000 -9999.000000 -9999.000000 -9999.000000 -9999.000000 -9999.000000 -9999.000000 -9999.000000 -9999.000000 -9999.000000 -9999.000000 -9999.000000 -9999.000000 -9999.000000 -9999.000000 -9999.000000 -9999.000000 -9999.000000 -9999.000000 -9999.000000 -9999.000000 -9999.000000 -9999.000000 -9999.000000 -9999.000000 -9999.000000 0.022730 0.119813 0.659415 0.672297 0.726406 0.145386 0.189043 1.204809 0.165163 0.027183 0.032646 0.027305 0.048254 0.040162 0.028969 0.555558 0.507836 0.505463 0.497971 2.477977 1.480541 1.488069 0.480549 0.474495 0.465886 0.440582 0.042396 0.040062 0.026176
-9999.000000 -9999.000000 -9999.000000 -9999.000000 -9999.000000 -9999.000000 -9999.000000 -9999.000000 -9999.000000 -9999.000000 -9999.000000 -9999.000000 -9999.000000 -9999.000000 -9999.000000 -9999.000000 -9999.000000 -9999.000000 -9999.000000 -9999.000000 -9999.000000 -9999.000000 -9999.000000 -9999.000000 -9999.000000 -9999.000000 -9999.000000 -9999.000000 -9999.000000 -9999.000000 0.371483 1.683919 2.674224 1.534413 0.714617 0.130801 0.156544 1.170093 1.139028 1.148746 0.153592 0.121450 0.757055 0.764264 0.774355 0.733798 0.028762 0.476208 0.470489 1.477641 1.474343 1.478044 0.472810 0.464523 0.453903 0.412737 0.371716 0.369184 0.029045
-9999.000000 -9999.000000 -9999.000000 -9999.000000 -9999.000000 -9999.000000 -9999.000000 -9999.000000 -9999.000000 -9999.000000 -9999.000000 -9999.000000 -9999.000000 -9999.000000 -9999.000000 -9999.000000 -9999.000000 -9999.000000 -9999.000000 -9999.000000 -9999.000000 -9999.000000 -9999.000000 -9999.000000 -9999.000000 -9999.000000 -9999.000000 -9999.000000 -9999.000000 -9999.000000 1.188583 2.682782 2.574270 1.385279 0.891911 1.077826 1.102247 1.149665 1.138171 1.135205 0.185394 0.138027 0.746865 0.756021 0.756630 0.708887 0.044931 0.039681 0.030693 0.469484 1.485921 1.485287 1.490715 0.470751 0.018669 0.373525 0.389571 1.370026 0.294357
-9999.000000 -9999.000000 -9999.000000 -9999.000000 -9999.000000 -9999.000000 -9999.000000 -9999.000000 -9999.000000 -9999.000000 -9999.000000 -9999.000000 -9999.000000 -9999.000000 -9999.000000 -9999.000000 -9999.000000 -9999.000000 -9999.000000 -9999.000000 -9999.000000 -9999.000000 -9999.000000 -9999.000000 -9999.000000 -9999.000000 -9999.000000 -9999.000000 -9999.000000 -9999.000000 0.036156 0.030983 0.571087 0.653907 0.922940 1.069923 1.113784 1.171988 1.125716 0.199435 0.215839 0.188861 0.116537 0.696970 0.656019 0.061600 0.043968 0.024284 0.023399 0.036583 0.379520 1.480100 1.496520 0.486347 0.023415 0.341625 1.375153 1.376680 1.371249
-9999.000000 -9999.000000 -9999.000000 -9999.000000 -9999.000000 -9999.000000 -9999.000000 -9999.000000 -9999.000000 -9999.000000 -9999.000000 -9999.000000 -9999.000000 -9999.000000 -9999.000000 -9999.000000 -9999.000000 -9999.000000 -9999.000000 -9999.000000 -9999.000000 -9999.000000 -9999.000000 -9999.000000 -9999.000000 -9999.000000 -9999.000000 -9999.000000 -9999.000000 -9999.000000 0.014396 0.032982 0.032906 0.054714 0.836174 0.979867 0.967259 0.194010 0.227290 0.248988 0.254149 0.229676 0.148846 0.107131 0.038795 0.038933 0.040016 0.014396 0.024284 0.054742 0.031883 0.459526 0.458962 0.027702 0.029854 0.333140 1.363665 1.373095 2.373012
-9999.000000 -9999.000000 -9999.000000 -9999.000000 -9999.000000 -9999.000000 -9999.000000 -9999.000000 -9999.000000 -9999.000000 -9999.000000 -9999.000000 -9999.000000 -9999.000000 -9999.000000 -9999.000000 -9999.000000 -9999.000000 -9999.000000 -9999.000000 -9999.000000 -9999.000000 -9999.000000 -9999.000000 -9999.000000 -9999.000000 -9999.000000 -9999.000000 -9999.000000 -9999.000000 -9999.000000 0.017372 0.026161 0.038005 0.327390 0.502681 0.337167 0.226521 0.219486 0.232870 0.245812 0.233252 0.031883 0.041755 0.025597 0.069298 0.038246 0.049080 0.033608 0.065712 0.397102 0.020774 0.032921 0.039879 0.027763 0.334312 0.293818 0.337117 1.381060
-9999.000000 -9999.000000 -9999.000000 -9999.000000 -9999.000000 -9999.000000 -9999.000000 -9999.000000 -9999.000000 -9999.000000 -9999.000000 -9999.000000 -9999.000000 -9999.000000 -9999.000000 -9999.000000 -9999.000000 -9999.000000 -9999.000000 -9999.000000 -9999.000000 -9999.000000 -9999.000000 -9999.000000 -9999.000000 -9999.000000 -9999.000000 -9999.000000 -9999.000000 -9999.000000 -9999.000000 0.017372 0.028145 0.021927 0.139398 0.844753 0.215420 0.022209 0.073124 0.105013 0.156006 0.138963 0.025703 0.017372 0.051429 0.033714 0.065666 0.185754 0.182822 0.110191 0.384363 0.389716 0.033165 0.033746 0.106575 0.026759 0.034110 0.030086 0.319411
-9999.000000 -9999.000000 -9999.000000 -9999.000000 -9999.000000 -9999.000000 -9999.000000 -9999.000000 -9999.000000 -9999.000000 -9999.000000 -9999.000000 -9999.000000 -9999.000000 -9999.000000 -9999.000000 -9999.000000 -9999.000000 -9999.000000 -9999.000000 -9999.000000 -9999.000000 -9999.000000 -9999.000000 -9999.000000 -9999.000000 -9999.000000 -9999.000000 -9999.000000 -9999.000000 -9999.000000 0.020180 0.040777 0.351871 1.245276 1.101110 0.337736 0.023857 0.026085 0.119282 0.166576 0.153815 0.025703 0.017372 0.054741 0.041878 0.066353 0.189506 0.216622 0.124596 0.375466 0.386724 0.030189 0.026573 0.837089 0.031547 0.014396 0.046013 0.030189
-9999.000000 -9999.000000 -9999.000000 -9999.000000 -9999.000000 -9999.000000 -9999.000000 -9999.000000 -9999.000000 -9999.000000 -9999.000000 -9999.000000 -9999.000000 -9999.000000 -9999.000000 -9999.000000 -9999.000000 -9999.000000 -9999.000000 -9999.000000 -9999.000000 -9999.000000 -9999.000000 -9999.000000 -9999.000000 -9999.000000 -9999.000000 -9999.000000 -9999.000000 -9999.000000 -9999.000000 0.277283 0.374751 0.379732 1.179563 0.976172 0.353982 0.025749 0.036903 0.021416 0.264913 0.271164 0.332070 0.333221 0.034325 0.043617 0.031014 0.047584 0.024284 0.073967 0.316124 0.351310 0.020088 0.067542 0.900476 0.026772 0.033989 0.036934 0.032615
-9999.000000 -9999.000000 -9999.000000 -9999.000000 -9999.000000 -9999.000000 -9999.000000 -9999.000000 -9999.000000 -9999.000000 -9999.000000 -9999.000000 -9999.000000 -9999.000000 -9999.000000 -9999.000000 -9999.000000 -9999.000000 -9999.000000 -9999.000000 -9999.000000 -9999.000000 -9999.000000 -9999.000000 -9999.000000 -9999.000000 -9999.000000 -9999.000000 -9999.000000 -9999.000000 -9999.000000 1.387036 1.005895 0.481228 0.452564 0.054558 0.484258 0.173363 1.249220 1.235474 0.267322 0.290072 0.326915 0.330141 0.312232 0.031044 0.040916 0.028709 0.079512 0.068749 0.238655 0.235984 0.161015 0.086210 0.905110 0.051979 0.067115 0.075645 0.066841
-9999.000000 -9999.000000 -9999.000000 -9999.000000 -9999.000000 -9999.000000 -9999.000000 -9999.000000 -9999.000000 -9999.000000 -9999.000000 -9999.000000 -9999.000000 -9999.000000 -9999.000000 -9999.000000 -9999.000000 -9999.000000 -9999.000000 -9999.000000 -9999.000000 -9999.000000 -9999.000000 -9999.000000 -9999.000000 -9999.000000 -9999.000000 -9999.000000 -9999.000000 -9999.000000 -9999.000000 1.152334 1.051648 0.615975 0.582305 0.128707 0.186287 1.259411 3.264068 2.229997 0.276997 0.306791 1.370253 1.365167 1.350485 0.309372 0.035225 0.033150 0.032906 0.062798 0.150472 0.996625 1.080632 1.022366 0.958810 0.042228 0.055046 0.043785 -9999.000000
-9999.000000 -9999.000000 -9999.000000 -9999.000000 -9999.000000 -9999.000000 -9999.000000 -9999.000000 -9999.000000 -9999.000000 -9999.000000 -9999.000000 -9999.000000 -9999.000000 -9999.000000 -9999.000000 -9999.000000 -9999.000000 -9999.000000 -9999.000000 -9999.000000 -9999.000000 -9999.000000 -9999.000000 -9999.000000 -9999.000000 -9999.000000 -9999.000000 -9999.000000 0.022086 0.230622 1.262582 1.564410 1.846357 1.742659 0.182267 1.294061 3.246825 4.267908 2.250743 1.233142 0.310630 1.352279 1.345509 1.347773 0.299131 0.032844 0.032220 0.034859 0.024025 0.135233 1.030542 1.096787 0.056722 0.597695 0.023369 -9999.000000 -9999.000000 -9999.000000
-9999.000000 -9999.000000 -9999.000000 -9999.000000 -9999.000000 -9999.000000 -9999.000000 -9999.000000 -9999.000000 -9999.000000 -9999.000000 -9999.000000 -9999.000000 -9999.000000 -9999.000000 -9999.000000 -9999.000000 -9999.000000 -9999.000000 -9999.000000 -9999.000000 -9999.000000 -9999.000000 -9999.000000 -9999.000000 -9999.000000 0.047752 0.027794 0.014396 0.021065 0.021754 0.875763 1.904440 1.925608 1.874374 2.206571 2.196251 2.180390 1.217953 1.134164 0.219133 0.020851 0.241264 0.250091 0.303297 0.300865 0.025475 0.025291 0.092546 0.087095 0.183667 0.164040 0.153520 0.014396 -9999.000000 -9999.000000 -9999.000000 -9999.000000 -9999.000000
-9999.000000 -9999.000000 -9999.000000 -9999.000000 -9999.000000 -9999.000000 -9999.000000 -9999.000000 -9999.000000 -9999.000000 -9999.000000 -9999.000000 -9999.000000 -9999.000000 -9999.000000 -9999.000000 -9999.000000 -9999.000000 -9999.000000 -9999.000000 -9999.000000 -9999.000000 -9999.000000 -9999.000000 0.025551 0.023552 0.049004 0.014396 0.029884 0.272708 0.939996 0.981617 1.850108 1.812621 1.045262 2.243311 2.238107 2.217530 1.196963 0.279947 0.267769 0.033165 0.041176 0.052382 0.064262 0.242333 0.214752 0.134442 0.125729 0.105843 0.191349 0.164100 0.014396 -9999.000000 -9999.000000 -9999.000000 -9999.000000 -9999.000000 -9999.000000
-9999.000000 -9999.000000 -9999.000000 -9999.000000 -9999.000000 -9999.000000 -9999.000000 -9999.000000 -9999.000000 -9999.000000 -9999.000000 -9999.000000 -9999.000000 -9999.000000 -9999.000000 -9999.000000 -9999.000000 -9999.000000 -9999.000000 -9999.000000 -9999.000000 -9999.000000 0.021507 0.019310 0.014396 0.024330 0.040489 0.036246 0.037316 1.355521 0.274128 0.834229 0.763927 0.982342 1.120274 2.254832 2.252264 2.228498 2.273474 1.313135 1.292309 0.030678 0.029350 0.031074 0.125938 0.072059 0.043344 0.103716 0.098236 0.142590 0.088518 -9999.000000 -9999.000000 -9999.000000 -9999.000000 -9999.000000 -9999.000000 -9999.000000 -9999.000000
-9999.000000 -9999.000000 -9999.000000 -9999.000000 -9999.000000 -9999.000000 -9999.000000 -9999.000000 -9999.000000 -9999.000000 -9999.000000 -9999.000000 -9999.000000 -9999.000000 -9999.000000 -9999.000000 -9999.000000 -9999.000000 -9999.000000 -9999.000000 -9999.000000 -9999.000000 0.447731 0.029228 0.039204 0.030724 0.076302 0.046792 0.513539 0.483304 0.438323 0.281865 0.221627 2.162557 2.261151 2.246117 2.222283 1.277573 2.263017 2.299696 1.286735 0.282330 0.018806 0.050606 0.153770 0.021782 0.055107 0.032754 0.032693 0.030296 0.022866 -9999.000000 -9999.000000 -9999.000000 -9999.000000 -9999.000000 -9999.000000 -9999.000000 -9999.000000
-9999.000000 -9999.000000 -9999.000000 -9999.000000 -9999.000000 -9999.000000 -9999.000000 -9999.000000 -9999.000000 -9999.000000 -9999.000000 -9999.000000 -9999.000000 -9999.000000 -9999.000000 -9999.000000 -9999.000000 -9999.000000 -9999.000000 -9999.000000 -9999.000000 0.027703 1.681657 1.681745 1.672710 1.661668 1.649675 1.681392 1.686917 0.595488 0.588254 0.109145 0.113936 0.914766 2.068421 2.179945 1.261686 1.289951 1.302261 2.292035 1.312558 0.252895 0.023934 0.080528 0.050651 0.036369 0.048790 0.031394 0.033608 -9999.000000 -9999.000000 -9999.000000 -9999.000000 -9999.000000 -9999.000000 -9999.000000 -9999.000000 -9999.000000 -9999.000000
-9999.000000 -9999.000000 -9999.000000 -9999.000000 -9999.000000 -9999.000000 -9999.000000 -9999.000000 -9999.000000 -9999.000000 -9999.000000 -9999.000000 -9999.000000 -9999.000000 -9999.000000 -9999.000000 -9999.000000 -9999.000000 -9999.000000 -9999.000000 0.021858 0.035454 1.628047 2.669242 2.673848 2.645512 1.676421 1.687586 1.683455 1.664026 0.621742 0.198209 0.196105 0.292983 1.170742 1.275359 1.305707 1.323293 1.278095 1.285030 1.298520 0.052826 0.032142 0.035682 0.029274 0.032571 -9999.000000 -9999.000000 -9999.000000 -9999.000000 -9999.000000 -9999.000000 -9999.000000 -9999.000000 -9999.000000 -9999.000000 -9999.000000 -9999.000000 -9999.000000
