use_cases/Flooding_chicago/flooding_data/output/h_2580.asc
ncols 337
nrows 393
xllcorner 428428.000000
yllcorner 4602440.000000
cellsize 26.757400
NODATA_value -9999.000000
[rows 189 to 215 of 393, columns 118 to 176 of 337]
0.095885 0.916182 1.962908 0.034064 0.026955 0.026115 0.098890 0.596339 0.566228 0.527011 0.414969 0.160545 0.048107 0.036390 0.066559 0.087274 0.103878 0.145228 2.229747 2.208248 2.196407 1.210205 1.253964 1.267113 2.298966 1.293007 1.235510 1.252054 0.235573 0.248235 0.057030 0.271697 1.181097 0.236506 0.180537 0.092643 0.044457 0.087211 0.080132 0.052437 0.045204 0.033500 0.030740 0.038368 1.205684 0.466328 0.062154 0.097268 0.120022 1.136641 3.070715 3.116076 3.110868 3.109494 2.126737 1.126315 0.151675 0.035500 0.028557
0.026664 0.028771 0.188953 0.026299 0.021034 0.017967 0.157036 0.654381 0.636440 0.682726 0.439065 0.229846 0.035561 0.028083 0.035156 0.817852 0.825814 0.981554 2.188829 2.143240 1.093772 0.220623 1.284872 1.278060 2.310314 2.301353 2.285186 1.276201 2.276473 1.278368 1.274282 2.355672 2.299382 0.268282 0.176496 0.199904 0.032462 0.044704 0.390812 0.360049 0.371279 0.141245 0.275129 1.440976 1.429796 0.330719 0.035614 0.028264 0.017372 0.025703 3.145961 3.127818 4.086400 3.177085 2.126101 1.133087 0.120015 0.021737 0.049996
0.036020 0.046101 0.032402 0.025994 0.017967 0.136782 0.149092 0.107392 0.089358 1.006779 0.748962 0.535004 0.775812 0.780451 0.241118 1.274129 0.724900 0.965032 2.198164 2.169992 2.130545 1.194871 1.239248 1.252123 2.307628 2.304383 2.284995 1.280692 2.312615 2.287434 3.287697 2.340771 2.261346 0.282319 0.194167 0.289451 0.334962 1.541625 1.533155 2.514811 1.493963 0.479037 0.277951 1.481890 0.337260 0.268257 0.138130 0.026191 0.017372 0.025703 2.109756 2.099878 1.123966 1.173657 1.131736 0.113731 0.095514 0.048094 0.125471
2.455570 1.445536 0.354124 0.049599 0.053367 0.110685 0.133372 0.060140 0.076622 0.073293 1.033086 0.621522 0.782610 0.897722 1.155517 1.175822 0.520084 0.092149 2.194158 2.180290 2.146927 1.190755 0.185920 0.216488 1.321179 2.333007 2.315287 2.290232 2.299218 2.299333 3.280173 1.354604 1.332967 1.280742 0.156940 0.257653 0.359933 1.590832 2.607268 2.538925 1.507627 0.508788 0.510255 0.235566 0.711149 0.636083 0.566319 0.062669 0.026222 0.028511 0.784997 0.056640 0.079130 0.103601 0.089431 0.017372 0.057742 0.114581 0.139087
4.467103 3.463091 2.458322 1.465370 0.299459 0.073531 0.046303 0.084720 0.116327 0.035606 0.477768 0.587896 0.622307 0.313909 0.490176 0.499016 0.042415 0.021263 1.129220 1.118239 1.092701 0.139717 0.027198 0.027199 0.233315 1.319169 2.316659 2.304100 2.288499 2.283072 2.270637 0.352766 0.374698 1.298626 0.435920 0.571320 0.324726 1.554304 2.562214 1.530039 1.510466 0.052137 0.052904 0.031361 0.704431 1.636884 1.692607 0.555426 0.104525 0.171957 0.376831 -9999.000000 -9999.000000 -9999.000000 -9999.000000 0.017372 0.037342 0.082396 1.121747
4.471522 3.470993 2.460883 1.457460 0.330331 0.052059 0.028160 0.043297 0.065301 0.079140 0.065559 0.076212 0.076301 0.033836 0.042381 0.040540 0.025703 0.017372 0.260805 0.254407 0.203515 0.020180 0.017372 0.017372 0.031293 0.225722 1.296777 1.271341 2.301656 2.298392 1.284349 0.019554 0.028313 0.503959 0.489559 0.163241 0.265085 0.438334 0.417630 0.388856 0.060236 0.041695 0.039497 0.035408 0.694020 0.686862 1.713922 0.416504 -9999.000000 -9999.000000 -9999.000000 -9999.000000 -9999.000000 -9999.000000 -9999.000000 -9999.000000 -9999.000000 0.083853 0.069041
3.463890 2.463707 1.442589 0.473407 0.338300 0.045495 0.025063 0.014396 0.100882 0.109413 0.030613 0.040474 0.044579 0.050712 0.045524 0.041410 0.025703 0.017372 0.237512 1.248320 1.250567 0.243205 0.216690 0.027565 0.014396 0.020027 0.189033 1.229398 1.230505 1.234174 1.266595 0.251559 0.049417 0.094282 0.120951 0.117414 0.150658 0.045677 0.065837 0.041297 0.048271 0.041298 0.055901 0.043790 0.089656 0.051536 0.026665 -9999.000000 -9999.000000 -9999.000000 -9999.000000 -9999.000000 -9999.000000 -9999.000000 -9999.000000 -9999.000000 -9999.000000 -9999.000000 0.080439
1.453893 0.395293 0.025626 0.014396 0.066377 0.050758 0.082360 0.047722 0.091880 0.116419 0.040702 0.052453 0.014396 0.040092 0.208500 1.304889 0.267704 0.020180 1.262681 2.256449 2.234325 1.274792 0.234126 0.212956 0.219012 0.195100 1.116377 2.158322 2.170571 1.149517 0.256391 0.273914 0.265597 0.085159 0.134499 0.075245 0.081712 0.050077 0.039894 0.037667 0.046760 0.032463 0.036668 0.029793 0.025063 -9999.000000 -9999.000000 -9999.000000 -9999.000000 -9999.000000 -9999.000000 -9999.000000 -9999.000000 -9999.000000 -9999.000000 -9999.000000 -9999.000000 -9999.000000 -9999.000000
0.036100 0.468486 0.026157 0.030853 0.530096 0.119037 0.102073 0.154427 0.068305 0.028940 0.043908 0.041085 0.035653 0.029121 0.238314 1.312988 0.261869 0.092469 0.167883 1.250534 1.245621 0.022591 0.022591 0.262079 0.017590 0.165776 1.171043 2.219187 1.181977 1.167098 0.237189 1.331845 1.275566 0.336202 0.155790 0.192146 0.070270 0.046394 0.051053 0.051125 0.026116 0.052162 0.023567 0.022942 -9999.000000 -9999.000000 -9999.000000 -9999.000000 -9999.000000 -9999.000000 -9999.000000 -9999.000000 -9999.000000 -9999.000000 -9999.000000 -9999.000000 -9999.000000 -9999.000000 -9999.000000
0.033526 1.506596 1.505255 1.515952 1.456324 0.088799 0.059533 0.030830 0.023628 0.030388 0.028985 0.096694 0.131833 0.176560 0.214355 0.252855 0.215880 0.062595 0.021018 0.205662 0.204359 0.022591 0.022591 0.245979 0.019004 0.131698 1.134017 1.132736 1.148114 1.153273 1.122683 0.269049 1.289004 0.320522 0.164026 0.225214 0.177364 0.092772 0.064568 0.060157 0.054450 0.049812 0.027366 0.023506 -9999.000000 -9999.000000 -9999.000000 -9999.000000 -9999.000000 -9999.000000 -9999.000000 -9999.000000 -9999.000000 -9999.000000 -9999.000000 -9999.000000 -9999.000000 -9999.000000 -9999.000000
0.516426 1.509732 2.514193 2.525423 3.476399 0.054323 0.035712 0.029595 0.018471 0.046612 0.034401 0.281664 0.119732 0.158997 0.184604 0.216694 0.179703 0.036773 0.017372 0.026070 0.131079 0.088741 1.005410 0.976629 1.008032 0.988332 1.067335 1.087328 1.116498 1.130287 1.116043 0.201959 0.268366 0.090020 0.190481 0.244683 0.192530 0.088081 0.060096 0.054313 0.045861 0.043038 0.019309 -9999.000000 -9999.000000 -9999.000000 -9999.000000 -9999.000000 -9999.000000 -9999.000000 -9999.000000 -9999.000000 -9999.000000 -9999.000000 -9999.000000 -9999.000000 -9999.000000 -9999.000000 -9999.000000
2.485719 2.478069 2.496638 3.535974 3.435877 0.464589 0.046564 0.031972 0.027275 0.346028 0.325082 0.235595 0.087471 0.119958 0.109884 0.713880 0.688993 0.065612 0.017372 0.027656 0.072236 0.929116 2.007544 3.026809 3.014923 3.013410 1.985168 1.921867 1.089467 1.114062 1.130494 1.019935 0.265876 0.046219 0.021263 0.032418 0.044609 0.037941 0.041161 0.035633 0.036827 0.028100 0.026589 -9999.000000 -9999.000000 -9999.000000 -9999.000000 -9999.000000 -9999.000000 -9999.000000 -9999.000000 -9999.000000 -9999.000000 -9999.000000 -9999.000000 -9999.000000 -9999.000000 -9999.000000 -9999.000000
3.523553 3.512953 3.516113 3.526137 3.370915 0.550400 0.273818 0.105446 0.202442 0.312833 0.313756 0.033440 0.058755 0.700827 1.724981 1.749564 1.759032 1.736779 0.038284 0.069136 0.847824 2.007515 2.008054 3.046280 4.010460 3.033686 3.026171 2.981817 1.071800 1.065938 1.098162 1.011122 0.418651 0.535899 0.071159 0.095792 0.036729 0.036933 0.065498 0.038582 0.053947 0.029900 0.031822 -9999.000000 -9999.000000 -9999.000000 -9999.000000 -9999.000000 -9999.000000 -9999.000000 -9999.000000 -9999.000000 -9999.000000 -9999.000000 -9999.000000 -9999.000000 -9999.000000 -9999.000000 -9999.000000
3.522056 3.518005 3.516986 3.508275 3.365392 0.822992 1.289181 0.548269 0.204502 0.286577 0.305100 0.032168 0.661809 1.739124 2.760520 2.755399 2.763005 2.747720 0.576755 0.414307 0.701392 0.932734 0.968985 2.042387 3.007596 2.032982 3.056526 3.022337 2.964779 0.999039 0.076114 0.019509 0.583974 0.639724 1.698291 0.590024 0.066321 0.041511 0.062874 0.090217 0.053230 0.053931 0.024346 -9999.000000 -9999.000000 -9999.000000 -9999.000000 -9999.000000 -9999.000000 -9999.000000 -9999.000000 -9999.000000 -9999.000000 -9999.000000 -9999.000000 -9999.000000 -9999.000000 -9999.000000 -9999.000000
1.440358 1.446428 1.440265 1.400140 1.320626 0.277543 1.498917 1.637022 0.615484 0.255204 0.371484 0.371362 0.588352 1.753644 2.780320 2.760860 3.780194 3.763553 2.726529 1.521972 0.410379 0.048250 0.057202 1.025714 1.012459 1.017166 2.056000 3.035006 3.024415 1.996127 0.019783 0.028728 0.033348 0.679702 0.695623 0.699099 0.638950 0.136055 0.079567 0.065726 0.031594 0.066932 0.053765 0.014396 -9999.000000 -9999.000000 -9999.000000 -9999.000000 -9999.000000 -9999.000000 -9999.000000 -9999.000000 -9999.000000 -9999.000000 -9999.000000 -9999.000000 -9999.000000 -9999.000000 -9999.000000
0.530929 0.468562 0.058515 0.067025 0.034096 0.021324 0.669870 1.762514 1.573273 0.836960 0.311383 0.364087 0.542041 1.760732 1.754054 2.769428 3.768284 3.767205 3.766436 2.735100 0.653619 0.038922 0.062885 0.069519 0.063977 0.089234 1.012476 1.996160 3.011777 3.026649 0.165712 0.206231 0.057060 0.073311 0.080118 0.735868 0.663980 0.183531 0.052927 0.069451 0.025444 0.116097 0.109687 0.019310 -9999.000000 -9999.000000 -9999.000000 -9999.000000 -9999.000000 -9999.000000 -9999.000000 -9999.000000 -9999.000000 -9999.000000 -9999.000000 -9999.000000 -9999.000000 -9999.000000 -9999.000000
1.575905 0.407652 0.038476 0.030418 0.038795 0.020781 0.032722 0.730933 0.700711 0.969703 1.020984 0.268993 0.404404 0.564643 0.703345 0.717671 2.774373 3.767492 3.775414 2.762586 1.706713 0.074547 0.054221 0.028434 0.028261 0.112665 0.107942 1.977226 3.019077 1.965799 0.187348 0.216059 0.079972 0.114357 0.136102 0.147010 0.181346 0.267462 0.342416 0.357627 0.359225 0.076059 0.087593 0.075433 0.014396 -9999.000000 -9999.000000 -9999.000000 -9999.000000 -9999.000000 -9999.000000 -9999.000000 -9999.000000 -9999.000000 -9999.000000 -9999.000000 -9999.000000 -9999.000000 -9999.000000
1.681031 1.488746 0.884145 0.027321 0.020775 0.034035 0.026023 0.038048 0.098897 1.115321 1.103878 0.531907 0.578097 0.311322 0.024376 0.757919 0.757639 2.782226 2.799986 2.772213 1.742867 0.070543 0.046398 0.043190 0.018197 0.031206 0.075355 1.983413 3.013493 1.951956 0.161804 0.058800 0.103804 0.133385 0.157268 0.190770 0.216158 0.247123 0.312137 0.364968 0.396355 1.418175 1.407375 0.058814 0.019310 -9999.000000 -9999.000000 -9999.000000 -9999.000000 -9999.000000 -9999.000000 -9999.000000 -9999.000000 -9999.000000 -9999.000000 -9999.000000 -9999.000000 -9999.000000 -9999.000000
1.621237 1.331247 0.925443 0.249626 0.036339 0.026146 0.029426 0.024376 0.024772 0.047318 0.531983 0.595068 0.577430 0.227147 0.018899 0.746688 0.751863 0.790076 0.801400 0.791697 0.748421 0.070569 0.038707 0.051064 0.021614 0.040077 0.060834 1.978611 3.033601 2.008588 0.041726 0.076637 0.103677 0.124902 0.014396 0.202820 0.207131 0.027946 0.035058 0.029213 0.370857 1.420695 1.420044 0.033897 0.028298 -9999.000000 -9999.000000 -9999.000000 -9999.000000 -9999.000000 -9999.000000 -9999.000000 -9999.000000 -9999.000000 -9999.000000 -9999.000000 -9999.000000 -9999.000000 -9999.000000
0.376640 0.380873 1.362012 1.337868 0.058751 0.095274 0.095004 0.030029 0.014396 0.019310 0.606116 0.608840 0.599547 0.243190 0.399148 0.601339 0.697178 0.774253 0.792290 0.785463 0.766991 0.085610 0.116378 0.018089 0.021706 0.032874 0.040978 1.932062 1.980913 0.852302 0.037575 0.061515 0.086586 0.135962 0.160226 0.030204 0.038063 0.018241 0.021736 0.022332 0.041222 0.028969 0.299125 0.199242 -9999.000000 -9999.000000 -9999.000000 -9999.000000 -9999.000000 -9999.000000 -9999.000000 -9999.000000 -9999.000000 -9999.000000 -9999.000000 -9999.000000 -9999.000000 -9999.000000 -9999.000000
0.511400 0.501398 1.409888 1.337393 0.840946 0.900387 0.821038 0.106395 0.025108 0.027245 0.594289 0.589758 0.617773 0.622167 0.340625 0.499696 0.022682 0.826446 0.825212 1.824988 0.761827 0.122545 1.156335 0.026207 0.027215 0.069872 0.675099 1.920369 0.738837 0.531263 -9999.000000 -9999.000000 -9999.000000 0.025902 0.034247 0.042183 0.038338 0.040367 0.046013 0.021795 0.018105 0.034508 0.024788 0.019021 -9999.000000 -9999.000000 -9999.000000 -9999.000000 -9999.000000 -9999.000000 -9999.000000 -9999.000000 -9999.000000 -9999.000000 -9999.000000 -9999.000000 -9999.000000 -9999.000000 -9999.000000
0.485094 0.587549 0.626257 0.735586 2.008653 1.956316 0.844622 0.179788 0.229310 0.279966 1.443518 1.412933 0.565959 0.584051 0.245834 0.030295 0.041248 0.845648 1.861089 1.829628 0.741874 0.096181 0.037483 0.070523 0.072624 0.059289 0.671335 0.657714 0.479290 -9999.000000 -9999.000000 -9999.000000 -9999.000000 0.025123 0.031593 0.028541 0.099907 0.091499 0.094962 0.027381 0.027596 0.054939 0.037697 -9999.000000 -9999.000000 -9999.000000 -9999.000000 -9999.000000 -9999.000000 -9999.000000 -9999.000000 -9999.000000 -9999.000000 -9999.000000 -9999.000000 -9999.000000 -9999.000000 -9999.000000 -9999.000000
0.436157 0.651875 0.719256 1.915175 2.993737 2.947280 1.852174 0.181031 0.288790 1.355958 1.390656 0.508434 0.519588 0.064094 0.028191 0.040405 0.037010 0.859125 1.844859 0.743394 0.061472 0.027092 0.014396 0.092583 0.087426 0.069420 0.038154 0.365177 -9999.000000 -9999.000000 -9999.000000 -9999.000000 -9999.000000 -9999.000000 -9999.000000 -9999.000000 0.055794 0.074255 0.073647 0.042626 -9999.000000 -9999.000000 -9999.000000 -9999.000000 -9999.000000 -9999.000000 -9999.000000 -9999.000000 -9999.000000 -9999.000000 -9999.000000 -9999.000000 -9999.000000 -9999.000000 -9999.000000 -9999.000000 -9999.000000 -9999.000000 -9999.000000
0.024358 0.726750 0.701381 0.764518 1.971948 2.930411 1.932396 1.967428 1.176886 1.190058 0.289014 0.084036 0.024406 0.030006 0.031288 0.028190 0.910869 0.901876 0.046421 0.113976 0.122917 0.028571 0.043663 0.068868 0.062202 0.058333 0.034752 -9999.000000 -9999.000000 -9999.000000 -9999.000000 -9999.000000 -9999.000000 -9999.000000 -9999.000000 -9999.000000 -9999.000000 -9999.000000 -9999.000000 -9999.000000 -9999.000000 -9999.000000 -9999.000000 -9999.000000 -9999.000000 -9999.000000 -9999.000000 -9999.000000 -9999.000000 -9999.000000 -9999.000000 -9999.000000 -9999.000000 -9999.000000 -9999.000000 -9999.000000 -9999.000000 -9999.000000 -9999.000000
0.029778 0.037529 0.031899 0.048235 0.977114 1.836242 0.832010 0.860821 0.260325 0.370499 0.114801 0.150766 0.023231 0.024117 0.942503 0.947808 0.928540 1.935598 0.864886 0.143104 0.156778 0.181525 0.173347 0.035957 0.265877 0.032341 -9999.000000 -9999.000000 -9999.000000 -9999.000000 -9999.000000 -9999.000000 -9999.000000 -9999.000000 -9999.000000 -9999.000000 -9999.000000 -9999.000000 -9999.000000 -9999.000000 -9999.000000 -9999.000000 -9999.000000 -9999.000000 -9999.000000 -9999.000000 -9999.000000 -9999.000000 -9999.000000 -9999.000000 -9999.000000 -9999.000000 -9999.000000 -9999.000000 -9999.000000 -9999.000000 -9999.000000 -9999.000000 -9999.000000
0.041497 0.026497 0.028297 0.041027 0.934630 0.946341 0.312460 0.226668 0.092219 0.137035 1.230299 1.222375 0.207099 0.230378 0.024239 0.029488 0.919531 1.913981 0.861086 0.151620 0.170261 0.190682 0.207191 0.022285 0.253594 0.024724 -9999.000000 -9999.000000 -9999.000000 -9999.000000 -9999.000000 -9999.000000 -9999.000000 -9999.000000 -9999.000000 -9999.000000 -9999.000000 -9999.000000 -9999.000000 -9999.000000 -9999.000000 -9999.000000 -9999.000000 -9999.000000 -9999.000000 -9999.000000 -9999.000000 -9999.000000 -9999.000000 -9999.000000 -9999.000000 -9999.000000 -9999.000000 -9999.000000 -9999.000000 -9999.000000 -9999.000000 -9999.000000 -9999.000000
0.049040 0.035332 0.043236 0.029534 0.211320 0.835902 0.499596 0.089975 0.147478 0.180141 1.232079 1.223368 1.216047 0.219525 0.023171 0.023980 0.911016 0.904694 0.073234 0.145470 0.171394 0.191629 0.210443 0.183847 0.210367 0.019020 -9999.000000 -9999.000000 -9999.000000 -9999.000000 -9999.000000 -9999.000000 -9999.000000 -9999.000000 -9999.000000 -9999.000000 -9999.000000 -9999.000000 -9999.000000 -9999.000000 -9999.000000 -9999.000000 -9999.000000 -9999.000000 -9999.000000 -9999.000000 -9999.000000 -9999.000000 -9999.000000 -9999.000000 -9999.000000 -9999.000000 -9999.000000 -9999.000000 -9999.000000 -9999.000000 -9999.000000 -9999.000000 -9999.000000
