use_cases/Flooding_chicago/flooding_data/output/h_2520.asc
ncols 337
nrows 393
xllcorner 428428.000000
yllcorner 4602440.000000
cellsize 26.757400
NODATA_value -9999.000000
[rows 108 to 134 of 393, columns 236 to 294 of 337]
2.211842 5.202465 6.229138 4.222327 3.220387 2.197304 2.204038 2.204434 2.205538 2.201723 2.180304 3.118476 3.125523 2.143671 1.127807 0.051159 0.074245 0.088190 0.021400 0.039636 0.189184 2.282873 1.287236 0.253085 0.230840 0.217259 2.158292 2.228319 1.146582 2.002784 2.055156 0.757643 1.142670 2.084297 2.269174 1.226269 0.913863 0.845795 0.799954 2.469207 1.411366 0.174548 0.168053 0.544091 1.383977 0.329655 0.088524 0.022591 0.022591 0.048698 0.050744 0.033821 0.047905 0.028871 0.017967 0.036644 0.033516 0.043988 0.032265
3.207549 5.206840 6.226951 4.222075 3.217470 2.202080 2.200979 2.200885 3.209424 3.215935 3.230396 2.194629 1.162576 1.150213 0.032656 0.045690 0.063859 0.069464 0.045296 0.230763 2.292631 2.296131 0.276533 0.258526 0.232686 1.112472 2.153475 3.198985 2.155218 2.034632 1.966736 1.858404 1.618326 1.580490 1.578849 1.399509 0.420210 0.787275 0.814278 1.372381 0.603675 0.306162 0.263725 0.254428 0.324272 0.262554 0.135684 0.030845 0.041023 0.046074 0.044342 0.026344 0.022125 0.017967 0.021034 0.028862 0.022010 0.045098 0.103980
3.192566 5.208643 5.223472 4.215571 4.215939 3.214886 2.201948 2.200761 3.202170 3.205784 3.213338 2.196448 1.156818 0.188429 0.020282 0.287664 0.038292 0.046960 0.037459 0.264557 2.279661 2.298367 1.301041 1.291398 2.243382 3.234193 3.253058 3.212701 3.242790 2.063885 1.976712 1.778599 1.666562 1.593626 1.596654 0.677315 0.647705 0.503580 0.984633 0.974692 0.429791 0.472758 0.172841 0.274290 0.384476 0.415249 0.244099 0.039101 0.061165 0.044412 0.061577 0.035988 0.043831 0.031182 0.026512 0.024666 0.035698 0.046333 0.169381
3.206738 5.211493 5.225139 5.222706 5.219294 5.221636 4.224013 4.226073 5.230445 5.238037 3.227028 2.203844 0.232908 0.256129 0.280523 1.337950 1.335387 0.298034 0.313806 0.295838 2.253959 3.285263 3.311055 3.303615 3.274474 4.234708 4.282663 3.183800 3.201488 2.109661 2.055057 0.875053 0.896571 0.867683 0.918709 0.839999 1.887248 1.915381 0.673969 0.727368 1.720551 0.612833 0.231555 0.166366 0.269639 0.344267 0.382319 0.053874 0.089577 0.046501 0.070733 0.072777 0.048805 0.038231 0.030601 0.037803 0.030479 0.040597 0.171119
4.233566 5.200885 6.225865 5.221704 5.219902 5.219250 5.223615 5.223496 6.220442 6.223326 4.216127 2.168681 1.293570 1.322217 2.338137 2.334734 2.327118 1.335406 0.315314 1.321423 3.276484 5.299725 5.327572 4.297570 4.269005 4.232651 4.282648 2.214222 2.115419 2.114283 1.002575 0.093424 0.930338 0.919522 1.026777 1.944334 2.965027 1.885482 1.889199 1.956661 0.662658 0.648718 0.247572 0.206283 0.293894 0.326095 0.696230 1.921949 0.847568 0.704142 0.715575 0.078561 0.078072 0.088024 0.130182 0.035256 0.050163 0.022560 0.140877
5.214749 6.201431 5.224033 4.216947 4.215984 4.216109 5.213810 6.204017 5.214714 4.213979 2.150246 1.259540 1.274500 1.306688 3.328181 2.328875 3.334959 3.340663 2.357784 2.341926 3.275919 5.283568 5.314044 4.306524 3.283518 3.265890 4.279175 2.269910 1.244373 1.223049 0.203064 0.142373 0.982593 0.985235 2.298746 2.879771 2.924283 2.918234 1.889521 1.942919 0.051888 0.083550 0.085733 0.145442 0.048836 0.019933 1.980152 1.966983 3.006174 2.971385 1.969129 0.878412 0.179316 0.132592 1.220998 1.208290 0.180350 0.051064 0.073555
4.225963 5.137854 4.223800 3.223267 2.218257 3.213460 4.215812 4.215040 3.207193 2.171415 1.264563 1.253656 0.307350 1.329473 1.338704 2.334871 4.336916 5.338178 4.362967 3.342323 3.307407 4.304829 5.306190 5.316058 4.315136 4.304891 4.286067 3.341435 2.329762 1.264840 1.303245 0.228787 0.905583 2.013047 2.049348 2.729313 2.737078 1.779981 1.789058 0.624188 0.043694 0.037726 0.054116 0.079110 0.072388 0.021920 0.920375 1.982202 3.014495 3.010537 2.981021 1.928920 0.172696 0.138053 1.233621 1.223174 0.201238 0.038627 0.042382
4.232270 3.195443 3.212027 2.221458 1.214586 1.215708 2.206075 2.195836 1.220884 1.258175 1.279753 1.293153 1.360511 1.327707 1.337003 2.326967 4.318765 6.320737 5.351285 4.350141 3.306084 4.299572 4.316168 4.310376 4.303657 4.292485 4.301293 3.288397 3.333656 3.342153 2.322520 1.307486 0.242239 1.749860 1.576771 1.380478 0.613103 0.616016 0.061546 0.076983 0.038731 0.034880 0.036314 0.086344 0.039849 0.017372 0.044911 0.912750 2.005731 3.017499 2.988604 1.944192 0.132732 0.117332 0.170527 0.190932 0.205962 0.022438 -9999.000000
4.233411 2.218460 2.225491 2.222726 1.216198 0.170757 0.038641 0.032343 0.220310 1.305554 2.369792 2.373051 2.378138 2.364482 2.359550 2.341235 3.318899 5.306264 5.353245 4.335386 4.325861 4.313703 4.320855 4.314765 4.309065 4.298048 4.317633 2.327767 3.301426 3.293046 2.302884 1.247451 0.374875 0.472345 1.233032 0.675784 0.496696 0.060692 0.060258 0.074697 0.028186 0.058938 0.064831 0.061738 0.072425 0.017372 0.037177 0.084150 0.951736 2.021179 2.990331 2.978947 1.060648 0.019082 0.026313 0.022514 0.018439 -9999.000000 -9999.000000
5.252099 2.220028 2.228094 2.221179 0.168698 0.029386 0.032188 0.018028 0.038066 2.336431 4.403578 4.409398 4.402800 4.385980 4.376639 4.383301 3.343615 4.328911 5.340281 5.356389 6.343760 5.334968 5.339482 5.330401 5.332023 4.306938 4.335024 2.346362 2.337954 2.327369 1.314247 0.412096 0.278819 0.575825 1.234025 0.922458 0.640136 0.068010 0.058241 0.115518 0.160445 0.069007 0.023567 0.027366 0.019309 0.037971 0.021720 0.088511 0.107804 0.909442 1.901851 1.941917 0.030280 0.033119 0.018959 -9999.000000 -9999.000000 -9999.000000 -9999.000000
5.181016 2.201674 2.218060 1.233147 0.179904 0.032264 0.041584 0.021003 0.051887 2.282730 4.331370 4.363097 4.366002 5.334412 6.359601 5.347165 5.356381 6.352209 6.357868 6.348437 6.308780 6.334674 5.321466 5.317174 4.299941 4.287936 4.314383 3.311886 2.293705 1.306154 1.279530 0.353596 0.132028 0.829262 0.957394 1.397947 0.648905 0.025813 0.039517 0.030921 0.063987 0.107377 0.022941 0.023507 0.103388 0.341693 0.328983 0.182066 0.183609 1.051289 0.135652 0.111401 0.036979 0.034341 -9999.000000 -9999.000000 -9999.000000 -9999.000000 -9999.000000
3.269581 1.203900 1.228532 1.243760 1.250231 0.198961 0.038429 0.018028 0.020317 1.259228 3.344998 4.333884 4.353381 5.321500 6.339123 6.359489 7.352689 7.360560 7.372199 6.357782 4.310423 5.294627 5.332634 3.275463 3.290648 2.247231 3.263265 1.022879 0.194158 0.203831 0.233803 0.206552 0.276237 0.474592 0.894981 1.952691 1.026689 0.925094 0.243297 0.224051 0.071532 0.148936 0.190458 0.194084 0.161045 0.120832 0.058501 0.116217 0.149726 1.032395 0.133342 0.037178 0.014396 -9999.000000 -9999.000000 -9999.000000 -9999.000000 -9999.000000 -9999.000000
1.057232 0.143647 0.153434 1.210559 0.203059 0.176006 0.035516 0.027810 0.059030 1.273611 3.350983 3.380857 3.379587 3.375476 4.308519 6.335352 7.340417 8.348778 7.361568 5.354886 3.297964 4.283884 4.300685 2.299487 1.297871 0.199776 0.071367 0.047554 0.041907 0.047081 0.081403 0.119372 0.096455 0.229842 1.263584 2.139996 1.092297 0.851858 0.301602 0.264895 0.438137 0.176083 1.263390 1.260788 0.199258 0.183052 0.020928 0.043022 0.104544 0.108742 0.077705 0.057716 -9999.000000 -9999.000000 -9999.000000 -9999.000000 -9999.000000 -9999.000000 -9999.000000
0.035103 0.046957 0.038484 0.150637 0.139427 0.030327 0.036965 1.402169 2.445467 3.476425 3.403785 3.395149 3.388790 3.383667 3.377086 5.285045 6.336715 7.329816 6.360353 4.352405 2.342578 3.335240 2.345821 1.320750 0.056388 0.055427 0.071725 0.049857 0.069955 0.042206 0.047493 0.087516 0.027445 0.360108 1.385205 2.125123 0.897850 0.146743 0.081091 0.085670 0.180280 0.233750 1.273695 1.258045 0.185390 0.049537 0.024666 0.060380 0.107125 0.102897 0.059457 0.075740 -9999.000000 -9999.000000 -9999.000000 -9999.000000 -9999.000000 -9999.000000 -9999.000000
0.031120 0.039741 0.035286 0.071327 0.029732 0.033623 0.044365 3.418570 3.452043 3.434038 3.406615 3.393873 3.389563 4.390644 4.393641 4.377066 5.353262 6.373372 5.378154 3.382931 2.360527 3.354332 2.362019 0.261577 0.085152 0.084571 0.096519 0.078423 0.097663 0.033378 0.055580 0.047036 0.033333 0.309241 1.025337 1.718962 0.788063 0.239066 0.080542 0.035410 0.266987 0.260342 1.235720 1.227131 0.154196 0.067242 0.024880 0.070289 0.112612 0.096642 0.075568 0.033653 -9999.000000 -9999.000000 -9999.000000 -9999.000000 -9999.000000 -9999.000000 -9999.000000
0.025032 0.031746 0.036156 0.037299 0.027336 0.030190 0.043876 3.379886 3.410906 3.430022 3.405526 3.388721 3.385892 4.367647 5.374454 5.387877 6.372016 6.395244 4.390254 3.387861 2.365462 3.346180 3.370518 0.256735 0.074425 0.079369 0.051506 0.093665 0.060891 0.074959 0.031913 0.036354 0.028191 0.132543 0.388958 1.362779 1.066756 0.329039 0.085430 0.075336 0.256513 0.229140 0.046272 0.066414 0.045127 0.052023 0.035515 0.109734 0.062203 0.041008 0.022560 -9999.000000 -9999.000000 -9999.000000 -9999.000000 -9999.000000 -9999.000000 -9999.000000 -9999.000000
0.104103 0.048622 0.018594 0.049247 0.030297 0.031211 0.043573 2.407924 2.441016 3.419011 3.410055 4.394949 4.405771 4.391201 5.358894 5.383128 6.360544 6.374009 5.410151 3.385129 2.345024 2.324475 3.346485 0.202189 0.040567 0.045372 0.045783 0.042991 0.075356 0.024330 0.029564 0.024330 0.036034 0.138560 0.259261 1.275389 1.411854 0.479672 0.156232 0.130722 0.119845 0.066185 0.057426 0.034081 0.052773 0.022377 0.042107 0.081917 0.027534 0.019279 -9999.000000 -9999.000000 -9999.000000 -9999.000000 -9999.000000 -9999.000000 -9999.000000 -9999.000000 -9999.000000
0.098748 0.056558 0.023139 0.035911 0.036773 0.042625 0.040092 2.303897 2.412639 4.465120 5.508026 4.392822 4.387137 4.392290 4.357845 5.348580 5.353960 5.363074 5.380348 3.387190 1.347932 0.226576 0.186075 0.044868 0.037377 0.031639 0.028953 0.028618 0.121635 0.024330 0.029564 0.024330 0.030114 0.162808 0.215655 0.755245 1.863432 1.649497 0.254980 0.063577 0.094415 0.075432 0.053565 0.023078 0.041267 0.023766 0.038749 0.045282 0.026419 -9999.000000 -9999.000000 -9999.000000 -9999.000000 -9999.000000 -9999.000000 -9999.000000 -9999.000000 -9999.000000 -9999.000000
0.033990 0.043404 0.027230 0.038049 0.043251 0.081376 0.101620 1.059048 2.182543 4.278010 5.364589 4.356107 4.321495 4.361753 2.331166 2.335084 2.340044 3.337075 3.344654 3.326478 0.213647 0.058679 0.042564 0.041924 0.032555 0.018028 0.026665 0.043862 0.027687 0.597516 0.505654 0.365091 0.469814 0.280327 0.156335 0.180575 1.632622 1.806618 1.331429 0.088369 0.081333 0.116004 0.103951 0.116661 0.049339 0.043327 0.046623 0.023827 -9999.000000 -9999.000000 -9999.000000 -9999.000000 -9999.000000 -9999.000000 -9999.000000 -9999.000000 -9999.000000 -9999.000000 -9999.000000
0.031257 0.038536 0.073684 0.103834 1.803133 1.845385 1.066745 0.930803 1.306207 3.334916 4.397280 4.391432 3.405573 1.329996 0.304375 0.389643 0.348016 1.149841 1.152553 1.133018 0.101987 0.069668 0.044289 0.041007 0.029961 0.021003 0.029686 0.031196 0.720318 0.671462 0.032280 0.039345 0.030891 0.058477 0.035790 0.065608 1.241141 2.187807 1.272926 0.102706 0.090324 0.087319 0.141455 0.126137 0.045799 0.031380 0.036552 -9999.000000 -9999.000000 -9999.000000 -9999.000000 -9999.000000 -9999.000000 -9999.000000 -9999.000000 -9999.000000 -9999.000000 -9999.000000 -9999.000000
0.030159 0.042121 0.044624 0.093237 1.794121 1.870063 1.834777 0.842981 1.226917 2.936423 4.165921 4.266512 2.262996 0.130603 0.056973 0.308588 0.287994 0.199391 0.176329 0.459559 0.124691 0.119914 0.051872 0.067358 0.039559 0.018028 0.066521 0.781070 0.781761 0.049204 0.025322 0.030006 0.024498 0.037255 0.044169 0.085074 1.369910 2.418185 2.526005 0.069327 0.072458 0.132972 0.165948 0.141288 0.040794 0.047158 0.063988 0.039192 -9999.000000 -9999.000000 -9999.000000 -9999.000000 -9999.000000 -9999.000000 -9999.000000 -9999.000000 -9999.000000 -9999.000000 -9999.000000
0.047997 0.030419 0.054283 0.055809 0.049247 0.045508 0.347379 0.821826 1.075072 1.528701 1.726200 1.889439 0.983705 0.108948 0.124235 0.434463 0.415630 0.158211 0.220764 0.216066 0.153224 0.115248 0.063927 0.075158 0.047928 0.054222 0.057212 0.780481 0.773820 0.064616 0.029229 0.030587 0.024666 0.051560 0.055270 0.095948 1.425878 3.597948 2.503489 0.066170 0.094520 1.172679 1.173621 1.165523 0.146492 0.023095 0.068459 0.051658 -9999.000000 -9999.000000 -9999.000000 -9999.000000 -9999.000000 -9999.000000 -9999.000000 -9999.000000 -9999.000000 -9999.000000 -9999.000000
0.014396 0.032158 0.043221 0.059556 0.040916 0.052614 0.208682 1.207993 1.050527 1.271989 0.587309 0.520286 0.208721 0.189189 0.231964 0.240910 0.266271 0.177572 0.256141 0.253649 0.210855 0.148595 0.061821 0.039345 0.027534 0.027535 0.765212 0.743732 0.726515 0.062720 0.019706 0.067719 0.075229 0.059663 0.075509 0.087915 1.318511 3.477966 3.558184 0.061409 0.081504 1.164909 0.149727 1.160434 0.119820 0.043099 0.027458 0.026710 -9999.000000 -9999.000000 -9999.000000 -9999.000000 -9999.000000 -9999.000000 -9999.000000 -9999.000000 -9999.000000 -9999.000000 -9999.000000
0.027092 0.025490 0.041069 0.034859 0.026192 0.057069 0.347975 1.353943 1.211668 0.925953 0.689037 0.363030 0.201390 0.218612 0.235770 0.264001 0.262194 0.205989 0.224343 0.283558 0.305547 0.139086 0.041725 0.050194 0.038963 0.038963 0.079596 0.067497 0.061507 0.053105 0.545494 0.538035 0.061629 0.078176 0.018089 0.032267 0.273504 2.354113 3.224280 0.154485 0.065825 0.027931 0.020485 0.082222 0.037712 0.022591 0.022591 0.037102 -9999.000000 -9999.000000 -9999.000000 -9999.000000 -9999.000000 -9999.000000 -9999.000000 -9999.000000 -9999.000000 -9999.000000 -9999.000000
0.029217 0.038358 0.036842 0.033745 0.025855 0.115246 0.572283 1.835806 1.330285 0.996294 0.503060 0.484011 0.444633 0.029627 0.085350 0.105569 0.100987 0.135398 0.153648 0.284444 0.450173 0.204709 0.031718 0.027794 0.022591 0.022591 0.052254 0.033882 0.043570 0.057916 0.549819 0.553883 0.058065 0.021660 0.021660 0.028103 0.289377 1.317622 2.536088 2.191695 0.045766 0.032067 0.033150 0.046408 0.036949 0.022591 0.022591 0.031182 -9999.000000 -9999.000000 -9999.000000 -9999.000000 -9999.000000 -9999.000000 -9999.000000 -9999.000000 -9999.000000 -9999.000000 -9999.000000
0.457692 0.428454 0.361002 0.248607 0.523323 0.238620 0.941171 1.922903 1.699175 1.310840 0.226951 0.377219 0.233034 0.035036 0.047304 0.060039 0.060346 0.123146 0.115689 0.221748 0.403053 0.358125 0.031654 0.027794 0.022591 0.022591 0.040092 0.032355 0.041300 0.064989 0.531550 0.533598 0.040231 0.018089 0.062312 0.033431 0.492227 0.996721 1.563244 1.999577 0.244164 0.065719 0.078179 0.056221 0.062752 0.038170 0.029854 0.093590 0.050392 -9999.000000 -9999.000000 -9999.000000 -9999.000000 -9999.000000 -9999.000000 -9999.000000 -9999.000000 -9999.000000 -9999.000000
1.587820 0.485967 0.378133 0.264820 0.532239 0.800356 1.365805 2.133748 1.405302 1.517711 0.319071 0.545054 0.061051 0.042443 0.032401 0.030342 0.042683 0.094335 0.043258 0.049182 0.545689 1.680419 0.836323 0.064298 0.040908 0.048592 0.035896 0.017372 0.026222 0.038322 0.048153 0.473801 0.367315 0.317263 0.961058 2.112030 1.918763 1.587436 1.192377 1.213545 0.334521 0.132011 0.076409 0.063424 0.033333 0.030862 0.147743 0.100121 0.062035 -9999.000000 -9999.000000 -9999.000000 -9999.000000 -9999.000000 -9999.000000 -9999.000000 -9999.000000 -9999.000000 -9999.000000
