use_cases/Flooding_chicago/flooding_data/output/h_2520.asc
ncols 337
nrows 393
xllcorner 428428.000000
yllcorner 4602440.000000
cellsize 26.757400
NODATA_value -9999.000000
[rows 243 to 269 of 393, columns 59 to 117 of 337]
0.922281 1.986988 2.981443 3.982604 3.981514 2.975281 0.964552 0.036405 0.036776 1.014350 2.014919 2.021325 2.023510 2.020618 2.021688 2.017226 4.030597 6.031401 7.026178 7.025772 7.023571 6.028195 6.027611 6.020989 5.024493 6.029119 5.986681 4.032207 3.030971 2.039722 2.054929 3.081217 3.062960 2.073978 2.079527 4.078584 5.044840 4.008790 4.029901 1.946186 0.123351 0.029455 0.630569 1.621415 2.642874 3.625280 3.628392 2.619759 0.636274 1.666669 3.667164 4.663489 4.661833 4.648664 2.657912 2.656342 1.672487 1.662197 0.547041
1.976796 2.985957 3.984259 4.986565 4.977847 3.965428 1.978292 0.998654 1.001346 3.014651 3.007641 3.005059 2.019046 2.016522 2.018167 3.020127 6.025146 7.023417 7.018823 6.023553 6.019517 5.023800 5.025628 5.023565 5.015010 4.024693 4.023819 4.019100 3.013278 1.043431 2.086899 3.094628 3.093537 3.149154 3.174517 5.086649 3.997603 3.954844 1.913094 0.903436 0.155351 0.024540 0.023967 0.608466 1.647952 2.641593 2.638489 1.613052 0.063257 0.640599 2.671264 3.664435 2.662308 1.666344 1.654675 1.685573 1.656148 0.554157 0.043972
1.984947 3.989228 4.987228 5.987295 4.986319 3.981633 2.961398 2.011316 2.014235 4.021763 4.011319 3.012355 2.019729 2.016538 3.020754 4.017625 7.029045 7.024843 7.020102 6.019951 5.023017 5.021052 4.021769 4.018495 3.021320 3.023139 3.021127 3.037027 3.034839 2.021923 2.043812 3.041176 3.018899 3.018314 3.003102 3.940287 2.912008 1.850800 1.072418 1.082769 1.201638 0.411420 0.460915 0.549653 0.584312 1.627575 1.619980 0.591231 0.062055 0.063685 1.653408 2.670137 2.669368 1.661105 0.682158 0.691302 1.674031 0.539428 0.035789
2.968676 4.983685 5.983706 4.985746 4.987675 3.977668 1.982398 2.007245 3.019455 3.016406 3.008395 2.014422 2.017613 2.014482 3.022686 5.024507 6.026573 6.024100 6.021800 6.018464 5.020975 4.010903 2.030230 2.021611 3.019140 2.016421 2.017034 3.044324 3.034752 2.017806 2.033241 1.979761 1.913522 1.901806 2.082085 3.101745 2.059852 0.934628 1.022097 1.049483 1.263252 1.333783 0.467328 0.543065 0.574058 1.608293 0.606714 0.596214 0.048609 0.059733 0.632064 1.646214 2.654373 3.647518 0.671508 0.678329 1.658895 0.615683 0.624094
2.985026 4.980386 4.977639 3.978968 3.984532 2.952655 0.993173 2.017124 2.014512 2.012924 2.014173 3.010720 2.016796 3.010784 4.017516 4.016006 5.024315 5.022193 5.019854 5.011405 4.018845 3.015103 2.027704 2.018701 2.014221 1.032980 0.988074 3.031771 3.037164 2.025002 2.001514 1.066628 1.127386 1.157816 2.195395 3.159650 2.040871 0.330166 0.313154 0.349961 1.447424 3.536252 2.409660 0.562888 0.581310 1.620719 0.610766 0.607966 1.617730 1.604469 2.626399 3.620140 4.642894 4.628464 2.627022 1.635242 1.642172 1.606838 0.624820
1.977004 3.982309 3.983355 1.985991 1.987172 0.990669 0.992166 2.016340 2.013399 2.011545 3.016361 4.013036 4.011032 4.008256 4.015738 4.014980 4.015091 4.017436 4.015111 3.019258 4.018406 3.014979 2.023145 2.016637 1.000941 0.989940 0.117559 0.944095 3.010599 1.986409 0.940126 0.973327 1.151343 1.215404 2.253052 3.045378 2.146547 1.399547 0.400867 0.431711 1.486417 4.545279 3.470225 2.515008 1.410001 0.608188 0.609861 0.613208 2.652846 2.636726 3.647494 3.642343 4.655889 4.646148 3.642416 2.659073 2.641113 1.614414 0.549957
1.963189 3.982452 2.981992 0.987237 0.984767 0.988793 0.991247 2.013191 2.012218 3.016109 4.016093 5.012636 5.013186 5.005760 4.016449 4.015766 4.015373 4.015200 3.016967 3.019703 3.019903 3.016542 3.023824 2.014574 0.966586 0.113703 0.185516 0.167374 1.886919 0.818478 0.272315 0.282746 1.359412 2.479947 3.455938 2.342132 2.353206 2.443810 1.491511 1.509247 1.479448 4.532689 3.438941 2.525207 2.482270 1.598974 1.604211 2.643847 2.633343 2.630099 2.636824 2.632160 3.642120 2.632124 3.646787 4.653268 3.628512 1.591182 0.115994
1.960666 2.981229 2.990274 0.986642 0.982611 0.987654 0.987672 0.987365 2.011264 2.012637 4.020214 5.013278 5.014653 5.011145 4.017917 4.018220 4.014441 5.016045 4.009352 3.013963 2.019620 2.017475 2.005943 1.982088 0.068390 0.020561 0.275851 0.281346 1.235494 0.326854 0.338581 0.362636 1.399986 2.430983 3.401092 2.379194 2.393468 2.446656 2.426573 1.481932 1.482096 2.514111 2.460018 1.518299 1.509412 2.624737 2.604309 2.618833 2.622925 2.608459 1.619562 1.608557 0.540046 0.045399 2.648354 3.652290 2.652825 0.568812 0.089028
0.947690 1.977187 2.980863 1.976917 0.974602 0.982100 0.036517 0.044041 0.991399 0.991381 2.013418 4.016154 4.011185 4.007650 3.012718 3.011232 4.013846 5.011575 5.009737 4.011919 3.015114 2.004898 0.838799 0.066978 0.034599 0.032326 0.343137 1.409923 2.379035 1.420172 1.424172 1.449236 1.420476 2.446086 3.421475 3.400391 2.419331 2.438034 1.472712 1.478891 1.475189 1.459298 1.432904 0.510982 0.523897 1.621916 1.621923 2.649177 2.640501 2.627578 1.624848 0.536142 0.025703 0.017372 0.485285 0.460138 0.497497 0.034035 0.022591
0.068333 0.951240 1.980868 1.982055 0.963111 0.046582 0.060828 0.064475 0.058277 0.065014 0.988473 2.004297 3.010101 3.008232 3.015834 3.015035 3.013671 4.016098 4.018096 3.017075 2.023127 1.001123 0.027245 0.031151 0.061513 0.034950 0.356729 1.399691 2.317635 2.355751 1.400630 1.408862 1.427022 2.456108 3.435326 2.443877 2.460524 3.547112 3.552147 2.530737 1.489189 0.521841 0.508771 0.027179 0.036820 0.631704 1.647367 2.651450 2.647958 2.640257 1.639470 0.548711 0.025703 0.017372 0.046180 0.017372 0.046898 0.054192 0.022591
0.053413 0.959180 0.964207 0.964740 0.962211 0.048913 0.066609 0.070131 0.014396 0.058962 1.986874 2.999113 3.011041 3.011155 3.016696 4.009969 4.009975 4.020525 3.016357 3.010368 1.993287 0.046898 0.020180 0.032234 0.063334 0.266738 1.384912 1.393067 1.347856 1.397285 1.388223 1.373841 2.546707 3.547471 3.483995 3.531632 2.486309 3.519302 3.516305 2.510699 2.486923 0.523988 0.503812 0.025305 0.032385 0.628894 2.654293 2.646976 2.647462 2.644555 2.649276 0.603091 0.082696 0.073034 0.036842 0.017372 0.041130 0.033790 0.229896
0.906805 0.936183 0.948332 0.950195 0.946558 0.943895 0.931740 0.931640 0.030751 1.978467 4.004039 2.999925 2.004271 2.002187 3.995039 5.002094 4.013788 3.001693 1.994216 1.966337 0.743045 0.050258 0.017372 0.048866 0.073066 0.239096 1.354707 1.381245 0.276626 0.300531 0.338963 0.400716 2.514919 3.517095 3.498084 3.513794 3.547812 3.527439 3.524375 2.511790 1.476593 0.555696 0.555290 1.621611 1.605144 1.615882 2.649290 2.637552 2.638156 2.635649 2.639084 2.649961 1.618648 0.590176 0.026802 0.028068 0.069079 0.746232 0.143179
1.922094 1.922533 0.952358 0.956678 1.954539 1.967528 1.961810 1.955165 1.954691 4.000025 2.983470 1.991101 1.994636 0.982943 3.004943 3.987303 2.981915 0.051002 0.044610 0.047390 0.070697 0.050895 0.017372 0.041420 0.051429 0.048546 0.252243 0.033577 0.027794 0.027794 0.034872 0.401964 2.526886 3.528383 3.516224 3.527936 3.530772 3.536423 3.530193 2.511607 1.549498 2.607973 1.589867 1.607863 1.602829 1.610423 2.644586 2.633150 2.632234 2.628115 2.639182 2.626773 1.637957 0.617673 0.062672 0.042525 1.694909 1.694704 0.672647
2.897776 1.934572 1.960926 1.966105 2.954661 2.968745 2.964459 3.959375 3.963109 3.979125 2.974872 1.982950 1.983142 0.959592 0.912607 0.058044 0.053879 0.034782 0.045433 0.028605 0.042320 0.076973 0.107628 0.077888 0.043128 0.041801 0.096150 0.021781 0.022591 0.022591 0.044423 0.444462 2.544112 4.581939 3.543045 3.551810 3.553765 4.594391 5.602241 4.574815 2.598264 2.602720 2.583440 1.613050 1.607846 1.609656 1.623735 1.635803 1.638487 1.637333 2.635526 2.630851 1.634064 0.014396 0.049400 0.655363 1.739144 1.748025 1.718104
2.906410 1.931140 2.956063 2.967283 2.952723 2.965791 2.965501 3.974936 4.951016 3.976889 2.928123 1.995638 1.978723 0.881521 0.131250 0.044424 0.038917 0.034239 0.032413 0.020775 0.033968 0.040966 0.093589 0.083092 0.045326 0.055305 0.039085 0.120474 0.022591 0.022591 0.048942 1.543052 2.546954 4.513294 3.546648 3.556615 4.582129 5.560493 6.562218 5.568388 4.543312 2.594409 2.573620 1.585881 0.574312 0.572807 0.537986 1.642471 1.642913 1.642455 1.645849 2.640378 1.633449 0.583217 0.040322 0.709043 0.713885 1.725275 1.712634
2.911312 2.911158 0.887163 2.944598 2.946074 2.936999 1.946094 2.947665 4.950591 2.948209 0.768256 1.958699 1.841431 0.697155 0.165094 0.057106 0.049126 0.030922 0.018089 0.021660 0.030204 0.034935 0.042030 0.047385 0.064996 0.046333 0.039711 0.624877 0.048020 0.023628 0.058133 1.489321 2.527086 3.425434 3.491458 3.510996 4.535856 4.556777 5.532266 5.508193 3.495747 2.587510 2.553578 1.574115 0.545597 0.046986 0.041920 0.674888 1.680916 2.679720 2.671993 2.649573 2.693577 2.704141 2.693971 2.702333 2.694323 2.687276 1.685498
2.903906 2.904274 0.053504 0.789128 1.896172 0.832363 0.849886 1.904313 3.916632 0.696411 0.029608 0.026219 0.216134 0.251035 0.218920 0.035393 0.037765 0.026970 0.033593 0.021660 0.018089 0.025505 0.029671 0.075035 0.149576 0.128029 0.170024 0.668957 0.743021 0.029039 0.558461 2.547148 2.569006 2.570357 2.559980 2.574479 3.530047 4.539367 3.567703 3.548765 2.596920 2.581984 1.606685 1.583853 0.505760 0.044802 0.014396 0.665805 1.658587 1.649111 1.618936 1.620920 2.691111 3.722086 3.706519 3.703929 3.695525 2.695808 1.671119
0.861650 0.865064 0.048942 0.050805 0.088038 0.173703 0.108468 0.587494 1.566553 0.045662 0.036340 0.025994 0.028511 0.436829 0.393855 0.042427 0.027260 0.019173 0.110467 0.036308 0.025414 0.023826 0.035011 0.039702 0.126442 0.117501 0.145834 0.642421 0.718520 1.602973 1.633884 2.539665 3.624903 3.617944 2.576784 2.586692 2.554160 2.552399 2.555256 2.546360 2.598534 2.601053 2.606706 1.609329 1.613452 0.589629 0.034268 0.664690 1.664832 0.643165 0.063907 0.689532 1.715365 3.728922 3.712860 2.718099 3.715852 2.709531 1.680876
0.114418 0.127846 0.091710 0.068642 0.084021 0.217053 0.066826 0.086372 0.083295 0.045661 0.028871 0.017967 0.027702 0.398549 0.405682 0.031716 0.032524 0.056984 0.085440 0.052789 0.045265 0.031502 0.032310 0.032234 0.041068 0.068978 0.095762 0.655109 0.717862 0.673402 1.547335 2.564354 3.604328 2.588087 2.536967 2.567674 1.558105 1.600043 1.604753 1.594982 2.631217 2.612691 2.614952 2.622181 1.613938 1.610017 0.593550 1.682607 1.652868 0.634060 0.065125 0.690680 1.711901 3.721489 3.711366 2.713878 2.713192 2.706331 0.738157
0.178415 0.192715 0.114160 0.120776 0.170945 0.162361 0.084075 0.079994 0.082532 0.053704 0.017967 0.021034 0.034508 0.556970 0.566365 0.030129 0.046974 0.061440 0.038934 0.067024 0.043358 0.070397 0.025078 0.032341 0.030356 0.042340 0.552463 1.764855 0.741884 0.714867 1.564515 3.607806 3.643331 2.616985 1.469729 1.508328 0.544698 1.593324 1.604323 1.596055 2.637957 2.615118 2.615131 2.596369 1.624545 1.628444 2.690680 2.656190 1.633439 0.664271 0.674964 0.684893 1.708950 3.717834 3.708229 3.705736 2.708127 2.699648 0.731155
0.231041 0.180824 0.056770 0.110024 0.152687 0.156305 0.087070 0.140388 0.066964 0.109200 0.150559 0.148089 0.688813 1.730199 1.748007 0.701923 0.149468 0.186878 0.188401 0.138206 0.162456 0.182230 0.122968 0.080470 0.041480 0.065434 1.662713 2.722924 1.711583 2.720578 2.701953 3.580330 3.612526 3.667385 0.627957 0.627977 0.032315 0.586229 1.607311 1.600916 2.624429 2.597077 2.594089 2.626139 2.666565 2.664635 2.679599 2.670254 2.657576 1.691908 1.690931 1.693466 1.700936 2.721738 2.707125 2.705118 2.698218 1.711109 1.702797
0.242958 0.037437 0.029656 0.027243 0.039436 0.256218 0.126798 0.174069 0.073647 0.122399 0.151268 0.144463 0.654528 1.669098 1.676517 0.641616 0.174786 0.182258 0.147179 0.110818 0.139915 0.115210 0.146705 0.098975 0.055732 0.541967 3.702612 2.723113 2.717082 2.703434 2.625602 2.531700 2.517228 2.541971 0.622044 0.610079 0.025429 0.030302 0.501135 1.563131 1.549665 1.604167 1.615017 2.659563 3.676268 2.658116 2.669940 2.653315 2.631859 1.674993 1.653748 0.691720 1.694316 1.698018 1.679140 0.684247 0.685984 0.686663 0.727837
0.185036 0.030663 0.028389 0.021599 0.037177 0.098762 0.167367 0.154747 0.030586 0.040978 0.136849 0.133248 0.619056 0.617569 0.547028 0.137430 0.167807 0.034844 0.022315 0.032678 0.032707 0.131035 0.201179 0.179436 0.625709 1.765755 3.595330 3.750575 2.727383 2.739414 1.716036 1.690484 1.684723 0.611569 0.625947 0.678879 0.763490 0.036865 0.040995 0.044726 0.657963 1.591477 1.604220 2.639981 3.659683 3.627910 1.690035 1.680174 1.676952 1.657149 0.706856 0.712781 0.724254 0.713294 0.056117 0.072196 0.076414 0.073383 0.779069
0.226449 0.032144 0.032555 0.035621 0.035363 0.045826 0.149132 0.048682 0.022362 0.079308 0.047798 0.160496 0.168074 0.274269 0.215121 0.092936 0.087305 0.030602 0.024453 0.014396 0.027672 0.029534 0.191390 0.601113 1.728646 1.751026 1.740897 4.779703 4.754937 3.787849 2.798378 1.721098 1.704637 0.029739 0.026924 0.679211 0.732137 0.041793 0.017372 0.017372 0.672474 0.669686 0.661899 1.601692 2.644819 2.589495 1.689611 1.686460 1.692162 1.699239 1.755943 1.765626 1.753395 0.710821 0.068312 0.073834 0.074306 0.057074 0.770268
0.255302 0.280708 0.072624 0.045784 0.059715 0.037529 0.063749 0.071052 0.039040 0.046455 0.038551 0.054008 0.038082 0.438617 0.104364 0.165947 0.144360 0.036873 0.024468 0.029671 0.019722 0.026619 0.301877 0.294201 0.678731 0.043392 0.621371 4.759546 4.729397 3.710789 2.772853 2.797502 2.779457 0.761810 0.037056 0.025887 0.829418 0.032383 0.048293 0.044169 0.683779 0.691184 0.657946 0.692044 1.687128 1.698947 1.714698 2.748286 2.736837 2.737044 2.769896 3.803586 3.777879 1.767468 0.768757 0.759440 0.774947 0.764861 0.761407
0.124397 0.141029 0.085629 0.055275 0.081246 0.028756 0.032448 0.029946 0.020012 0.070915 0.065041 0.041557 0.058373 0.473387 0.154812 0.214637 0.192165 0.030189 0.024239 0.040246 0.032691 0.257816 0.449230 0.438365 0.030968 0.033073 0.062072 2.720898 3.722891 2.762425 2.767915 2.726084 2.741651 1.716876 0.030122 0.024578 0.892883 0.910969 0.024925 0.742021 0.730698 0.708091 0.049727 0.694030 0.696293 1.733095 2.759408 2.726451 2.728829 2.725680 3.782865 3.767474 3.727610 1.768383 1.791448 1.782783 1.799183 1.777040 0.750412
0.040414 0.123680 0.059104 0.056572 0.029030 0.041221 0.033943 0.026604 0.064659 0.071730 0.022591 0.022591 0.036949 0.136331 0.222209 1.285422 1.275888 0.231741 0.020546 0.070991 0.096138 0.323100 0.256111 0.154113 0.032417 0.034695 0.053216 0.049579 0.662167 2.802943 2.789472 1.798918 2.794352 1.720290 0.896037 0.946938 0.883727 0.868442 0.812440 0.787790 0.755535 0.085772 0.114420 0.096075 0.697116 1.713890 2.725317 2.715579 2.715462 2.711273 3.758731 3.731278 2.746864 1.774085 1.789188 1.782467 1.794960 1.769396 0.791430
