use_cases/Flooding_chicago/flooding_data/output/h_2580.asc
ncols 337
nrows 393
xllcorner 428428.000000
yllcorner 4602440.000000
cellsize 26.757400
NODATA_value -9999.000000
[rows 54 to 80 of 393, columns 236 to 294 of 337]
0.037086 0.031349 0.031548 0.042534 0.047569 0.077661 -9999.000000 -9999.000000 -9999.000000 -9999.000000 -9999.000000 -9999.000000 -9999.000000 -9999.000000 -9999.000000 -9999.000000 -9999.000000 -9999.000000 -9999.000000 -9999.000000 -9999.000000 -9999.000000 -9999.000000 -9999.000000 -9999.000000 -9999.000000 -9999.000000 -9999.000000 -9999.000000 -9999.000000 -9999.000000 -9999.000000 -9999.000000 -9999.000000 -9999.000000 -9999.000000 -9999.000000 -9999.000000 -9999.000000 -9999.000000 0.022591 0.022591 1.150872 2.153029 4.154431 5.146006 5.149012 5.160861 5.153759 3.108376 0.085116 0.035545 0.034584 0.083083 0.742513 0.787195 0.022996 1.838227 1.811962
0.251824 0.028328 0.028542 0.056721 0.038231 0.093101 -9999.000000 -9999.000000 -9999.000000 -9999.000000 -9999.000000 -9999.000000 -9999.000000 -9999.000000 -9999.000000 -9999.000000 -9999.000000 -9999.000000 -9999.000000 -9999.000000 -9999.000000 -9999.000000 -9999.000000 -9999.000000 -9999.000000 -9999.000000 -9999.000000 -9999.000000 -9999.000000 -9999.000000 -9999.000000 -9999.000000 -9999.000000 -9999.000000 -9999.000000 -9999.000000 -9999.000000 -9999.000000 -9999.000000 -9999.000000 0.846979 1.060327 1.092085 2.144819 3.152088 3.147510 4.155550 5.158370 5.154362 4.121398 0.070783 0.034872 0.037357 0.075523 0.739618 0.777542 0.744314 2.799883 3.775574
0.245293 0.157096 0.076667 0.272033 0.243446 0.154441 0.067191 0.064445 0.031394 -9999.000000 -9999.000000 -9999.000000 -9999.000000 -9999.000000 -9999.000000 -9999.000000 -9999.000000 -9999.000000 -9999.000000 -9999.000000 -9999.000000 -9999.000000 -9999.000000 -9999.000000 -9999.000000 -9999.000000 -9999.000000 -9999.000000 -9999.000000 -9999.000000 -9999.000000 -9999.000000 -9999.000000 -9999.000000 -9999.000000 -9999.000000 -9999.000000 -9999.000000 -9999.000000 -9999.000000 0.811399 1.029442 2.167073 3.163442 5.168705 5.167192 5.164875 5.162119 6.164875 5.145447 0.042702 0.029481 0.014396 0.062186 0.759016 0.783818 1.758352 2.812026 3.807389
0.174979 0.152108 0.330422 0.331995 0.261863 0.136392 0.127632 0.066993 0.058220 -9999.000000 -9999.000000 -9999.000000 -9999.000000 -9999.000000 -9999.000000 -9999.000000 -9999.000000 -9999.000000 -9999.000000 -9999.000000 -9999.000000 -9999.000000 -9999.000000 -9999.000000 -9999.000000 -9999.000000 -9999.000000 -9999.000000 -9999.000000 -9999.000000 -9999.000000 -9999.000000 -9999.000000 -9999.000000 -9999.000000 -9999.000000 -9999.000000 -9999.000000 -9999.000000 0.014396 1.081708 2.180824 4.206729 7.193647 9.176700 8.186426 6.174153 6.172884 6.168651 5.172449 0.139164 0.038406 0.051318 0.044005 0.764722 0.770046 1.770141 2.811803 2.792289
0.150780 0.123435 0.358377 0.349830 0.222420 0.250587 0.436927 0.277931 0.323077 0.230738 0.170787 -9999.000000 -9999.000000 -9999.000000 -9999.000000 -9999.000000 -9999.000000 -9999.000000 -9999.000000 -9999.000000 -9999.000000 -9999.000000 -9999.000000 -9999.000000 -9999.000000 -9999.000000 -9999.000000 -9999.000000 -9999.000000 -9999.000000 -9999.000000 -9999.000000 -9999.000000 -9999.000000 -9999.000000 -9999.000000 -9999.000000 -9999.000000 -9999.000000 0.087077 1.124420 3.201181 6.193739 8.175967 10.173203 9.166710 7.169636 6.168352 6.160272 4.144569 1.150748 0.226515 0.034821 0.718341 1.736088 1.720444 1.746230 1.798490 1.685019
0.022011 0.058008 0.340431 0.368489 0.020942 0.157585 0.071281 0.149558 0.304804 0.309487 1.295810 0.220878 0.018882 0.024514 0.014396 -9999.000000 -9999.000000 -9999.000000 -9999.000000 -9999.000000 -9999.000000 -9999.000000 -9999.000000 -9999.000000 -9999.000000 -9999.000000 -9999.000000 -9999.000000 -9999.000000 -9999.000000 -9999.000000 -9999.000000 -9999.000000 -9999.000000 -9999.000000 -9999.000000 -9999.000000 -9999.000000 -9999.000000 0.029126 1.106013 3.182678 5.199457 9.221196 10.174113 9.180159 8.190987 8.171878 6.158674 4.062127 1.263515 1.398239 1.581632 1.601246 1.687797 2.724957 1.704397 0.679829 0.242736
0.033744 0.258355 0.289481 0.036950 0.022697 0.037987 0.038292 0.077705 0.252074 2.292554 3.301432 3.307447 2.316325 1.276330 0.215391 0.019310 0.014396 -9999.000000 -9999.000000 -9999.000000 -9999.000000 -9999.000000 -9999.000000 -9999.000000 -9999.000000 -9999.000000 -9999.000000 -9999.000000 -9999.000000 -9999.000000 -9999.000000 -9999.000000 -9999.000000 -9999.000000 -9999.000000 -9999.000000 -9999.000000 -9999.000000 0.014396 0.026538 0.127231 2.177257 4.167702 9.177649 9.167403 8.175664 8.175877 9.174363 7.165838 4.148505 1.092869 0.429150 1.667559 1.670921 1.699461 1.698263 0.654014 0.241458 1.348781
0.095603 0.160867 0.042946 0.033562 0.020180 0.027764 0.154649 2.272284 3.286612 5.298909 6.289295 6.297841 4.302590 2.271729 0.235770 0.177184 0.030730 0.014396 -9999.000000 -9999.000000 -9999.000000 -9999.000000 -9999.000000 -9999.000000 -9999.000000 -9999.000000 -9999.000000 -9999.000000 -9999.000000 -9999.000000 -9999.000000 -9999.000000 -9999.000000 -9999.000000 -9999.000000 -9999.000000 -9999.000000 0.028507 0.037422 0.135676 1.196875 2.173192 3.188078 6.159084 6.174728 7.170727 9.170506 9.174357 7.172441 4.166075 1.139861 0.232561 0.025251 0.691773 1.713036 1.688535 0.186211 0.259187 1.332616
0.137741 0.086937 0.037957 0.029000 0.017372 0.036674 0.146530 2.272052 4.276944 5.283617 5.284533 6.289073 4.303202 2.268368 1.210196 2.195056 3.205911 1.200129 0.019804 0.147981 0.020515 0.018547 -9999.000000 -9999.000000 -9999.000000 -9999.000000 -9999.000000 -9999.000000 -9999.000000 -9999.000000 -9999.000000 -9999.000000 -9999.000000 -9999.000000 -9999.000000 -9999.000000 -9999.000000 0.035757 0.037803 0.128537 1.178513 2.175017 3.184603 5.176373 6.169488 7.170994 9.169717 9.173042 7.169325 6.175326 2.171294 0.154088 0.035201 0.017372 0.142039 0.166765 0.223672 0.256864 0.062021
0.743463 0.071291 0.042291 0.040260 0.017372 0.019463 0.020912 0.234716 1.169645 2.202830 1.221488 2.209285 2.223217 2.255948 3.186929 4.215247 4.226807 2.186591 0.255486 0.226140 0.155232 0.023888 0.017967 0.030144 0.064093 0.052810 -9999.000000 -9999.000000 -9999.000000 -9999.000000 -9999.000000 -9999.000000 -9999.000000 -9999.000000 -9999.000000 -9999.000000 -9999.000000 0.040229 0.040914 0.130158 1.177022 2.173404 3.181636 5.158427 7.162466 8.166857 9.171654 7.169161 7.166453 7.169227 3.174992 0.124871 0.029539 0.017372 0.183745 0.056695 0.094002 0.109352 0.059761
0.090133 0.037360 0.028007 0.041115 0.029121 0.032128 0.036278 0.362525 0.404143 0.409598 0.405388 0.405376 0.388491 1.237200 3.208834 5.214996 4.246018 2.218306 0.258226 0.229374 0.160931 0.031933 0.021034 0.017967 0.104973 0.084285 0.072871 0.094104 0.092394 0.083281 0.469685 0.965414 2.454786 1.651594 0.516515 0.031977 0.032939 0.018272 0.052630 0.026234 1.174800 2.174709 3.182201 4.158863 5.160415 6.166665 6.170009 6.168662 6.164529 6.161289 3.171731 1.119246 0.219581 0.131006 0.171243 0.077401 0.111901 0.125556 0.077079
0.043618 0.033516 0.030006 0.028221 0.048836 0.049274 1.388634 2.463812 2.463341 1.465609 1.466591 1.470988 0.427273 0.020531 1.214459 2.212629 3.232331 2.223606 0.022591 0.022591 0.072870 0.415710 0.026987 0.026018 0.143175 0.920140 2.091681 3.160430 3.163017 3.180210 1.951503 2.622462 3.056303 1.627897 0.746161 0.044189 0.043774 0.021858 0.048302 0.117516 1.169593 3.153305 3.152302 3.155719 3.164355 4.165494 4.167526 4.164225 3.160069 3.156306 2.161143 0.155924 0.209113 0.111048 0.135387 0.072089 0.040458 0.057396 0.084009
0.053078 0.018441 0.023522 0.038643 0.047966 0.343071 1.419387 3.453568 3.450387 3.457320 3.458707 2.448866 0.429251 0.032111 0.034171 0.143769 1.114172 1.109424 0.022591 0.022591 0.485538 1.437126 1.415064 1.376857 1.276857 1.884654 3.063921 3.150789 3.121667 3.163860 2.002687 2.786293 2.727966 1.811497 0.882270 0.048615 0.044346 0.022316 0.046164 0.140287 1.161763 1.988224 2.075310 2.169525 2.156356 2.162447 3.163004 2.168467 1.151987 2.155369 1.165249 0.118814 0.039374 0.047264 0.035516 0.053246 0.027867 0.036292 0.041648
0.032600 0.056847 0.049706 0.097724 0.048974 0.075351 1.368230 2.448758 3.453931 3.456504 3.458188 1.461740 0.443738 0.035072 0.039370 0.022194 1.112788 1.050496 0.044648 0.566468 0.533307 1.466149 2.539519 2.579137 1.297669 1.100777 2.084747 3.136996 2.138140 2.127097 3.061622 2.974621 3.917392 2.910372 2.090924 1.060270 0.037591 0.021858 0.042216 0.217721 1.211251 1.226586 1.208606 2.107142 1.069661 1.096104 1.088789 1.090160 0.177354 0.127407 0.125175 0.033668 0.058296 0.038948 0.041862 0.039054 0.030465 0.020134 0.034081
0.031334 0.051156 0.047829 0.106591 0.105066 0.123230 0.294178 1.429997 1.451222 1.450769 0.438633 0.436593 0.438473 0.033653 0.028282 0.109369 0.102655 1.599569 1.585424 1.616890 2.594957 2.597686 2.592673 2.619415 0.456402 0.941943 2.045377 2.162252 3.133265 3.147306 3.108870 3.041473 3.008734 1.987777 3.093307 2.048215 0.082798 0.018272 0.029820 1.375839 1.312079 2.391564 2.397848 1.302172 0.276254 0.215966 0.271817 0.276515 0.265666 0.023567 0.022942 0.496381 0.045388 0.037682 0.026360 0.027733 0.017372 0.017372 0.020180
0.055733 0.033074 0.018257 0.022560 0.035836 0.049958 0.051125 0.345123 0.427469 0.022972 0.025124 0.033928 0.036324 0.034340 0.088871 0.096633 0.644101 1.687285 1.651693 1.639501 2.587320 3.614687 3.629861 3.658319 0.522175 0.386292 1.060103 2.040104 3.070097 3.132136 3.135509 3.082424 3.037344 3.059197 3.079239 3.049525 0.102699 0.020470 0.377535 2.434179 4.431456 4.450177 3.422842 1.334355 0.307546 0.014396 0.320104 0.318224 0.312859 0.027366 0.023506 0.500367 0.334778 0.029747 0.032097 0.032417 0.020134 0.046260 0.031426
0.059853 0.038491 0.040428 0.024589 0.040713 0.049065 0.046211 0.052391 0.459683 0.489044 0.488439 0.036247 0.042855 0.029564 0.635510 0.668064 1.685814 1.710691 1.656847 1.642146 2.543107 3.558782 3.609742 4.623574 2.663948 1.547729 1.358300 1.291147 2.072815 3.116051 3.174311 3.121585 3.080959 4.093829 5.149096 4.028485 1.184167 1.210191 2.386057 3.379358 5.378412 5.373442 4.352577 1.302046 0.356995 0.379307 0.357151 0.354559 0.345865 0.019309 0.481290 0.479130 0.327405 0.039269 0.040520 0.020363 0.046440 0.037055 0.127495
0.135681 0.036446 0.039544 0.031715 0.026122 0.033042 0.046318 0.040582 0.041755 0.492932 0.499292 0.034370 0.034935 0.063852 0.620117 2.705594 2.741807 1.705201 1.662786 1.625448 1.588202 1.602137 3.593419 4.627466 4.667547 3.647358 2.579825 1.343308 1.918740 2.088178 3.164213 4.168201 5.146951 6.076129 7.152266 5.093918 2.092169 1.210863 2.374527 3.382369 4.374824 5.363427 4.342955 2.395220 1.434610 1.439597 1.420081 0.402556 0.412322 1.462149 0.466120 1.457213 0.324150 0.037381 0.033181 0.021171 0.065086 0.076700 0.122581
2.149855 0.132799 0.066458 0.035774 0.017372 0.026436 0.030006 0.044425 0.053141 0.490327 0.499165 0.030662 0.027010 0.627320 2.731923 3.733549 3.748231 1.736085 0.684769 0.069657 0.072161 0.558955 2.598798 4.630415 5.648358 5.652958 4.661839 2.545696 0.316007 0.996642 3.156402 5.106892 7.104038 7.084336 7.102962 4.061833 2.155287 1.100534 0.253913 1.339587 3.377060 4.402673 5.417007 3.426332 2.442625 2.441379 1.418386 1.426850 0.422775 2.450055 2.438724 2.451997 1.405175 0.280886 0.063880 0.042503 0.076638 0.093117 0.062980
0.669565 0.063530 0.064140 0.039818 0.017372 0.032250 0.032158 0.037148 0.058663 0.482614 0.492254 0.020225 0.047434 0.627977 2.702836 3.707013 3.712885 2.720427 0.624491 0.019309 0.082423 0.067182 1.517770 4.572747 5.591871 5.593646 4.559852 1.539509 0.028069 0.062903 2.954981 3.997100 5.024595 6.052652 5.039621 2.016710 0.091554 0.049479 0.020134 0.039967 1.270678 4.361317 6.392376 3.408052 2.427006 2.431002 2.422312 1.401889 1.391515 1.391299 2.429809 1.388031 0.268012 0.053047 0.073616 0.029046 0.146147 0.078728 0.045891
0.041863 0.057824 0.042480 0.051704 0.021812 0.028389 0.050118 0.121683 0.083199 0.447765 0.428769 0.292372 0.779720 0.752624 0.776118 1.670790 2.727909 2.729950 0.633170 0.027366 0.023506 0.059152 0.612572 2.503880 3.571674 4.385353 2.629389 1.544433 0.042488 0.031328 1.313941 1.781342 1.814377 1.951235 1.799349 0.074919 0.026131 0.017372 0.017372 0.020180 0.304383 3.340329 5.283823 3.377077 2.428148 2.424933 1.405203 0.308715 0.033267 0.036823 0.292732 0.045076 0.027153 0.032738 0.026665 0.037300 0.141390 0.150465 0.044604
0.020134 0.039573 0.032418 0.020668 0.033257 0.033333 0.038140 0.148980 0.522126 0.475073 0.423599 0.329227 0.172184 0.742654 0.766902 0.758766 1.720623 1.724606 0.038741 0.023567 0.022942 0.843987 1.811569 1.764124 2.737227 2.725518 2.686272 1.569733 0.803066 0.845597 2.754952 1.471585 0.594856 0.068841 0.875933 0.046870 0.028283 0.044563 0.029976 0.057905 1.391377 3.325861 3.362099 2.359270 2.440630 1.456758 0.290196 0.044608 0.029915 0.037788 0.039269 0.041450 0.017372 0.017372 0.032555 0.065452 0.144089 2.092520 2.115680
0.017372 0.017372 0.029488 0.031150 0.047081 0.041984 0.099510 0.255001 0.147240 0.088224 1.346816 0.302586 0.156432 0.751015 0.771296 1.781658 0.733278 0.019295 0.046958 0.055669 0.807078 2.891284 1.830426 1.793692 2.781040 2.767127 3.780239 2.686089 1.826228 1.862356 3.862070 2.593386 0.864865 1.085700 0.998300 0.979762 0.102934 0.028114 0.105147 0.476067 2.427711 3.433914 2.519568 1.471549 2.467050 1.495519 0.051810 0.030342 0.022377 0.021751 0.018242 0.041481 0.038552 0.035469 0.027306 0.063032 2.121502 4.203496 5.210649
0.024986 0.024986 0.041557 0.040780 0.083076 0.193746 0.150472 0.338525 0.033272 0.085429 0.225341 0.239732 0.734524 1.776629 1.812834 1.779047 0.067326 0.025704 0.837335 1.772867 2.862182 2.865786 2.873218 2.829298 2.796355 2.796839 3.816558 3.795407 3.814710 3.821116 3.760535 3.689394 2.924869 2.086465 2.109235 1.960918 0.125968 0.023475 0.152159 1.534286 2.375590 3.355103 2.460537 1.451933 2.436182 1.479654 0.036292 0.039849 0.021751 0.054924 0.056236 0.138373 0.148515 0.112508 0.023430 0.043405 2.119540 5.145539 5.198510
0.028664 0.044971 0.041485 0.048866 0.020043 0.034331 0.119837 0.114403 0.043419 0.082664 0.044869 0.052240 0.051976 0.695781 1.807701 1.783551 0.080742 0.027748 0.809729 1.795249 1.841581 2.832758 2.803214 2.789832 2.768018 2.770694 3.753728 3.766696 4.777241 3.748162 2.657073 3.568996 2.881020 2.889309 2.004601 1.852091 0.178356 0.018685 0.218421 1.354033 2.114161 2.311404 1.350412 1.387570 1.399078 0.296297 0.052070 0.031441 0.018242 0.047844 0.055885 0.104254 0.727439 0.774354 0.626788 0.960931 3.086125 4.113198 4.204915
2.036600 2.092453 0.974191 0.173966 0.030327 0.030143 0.053612 0.061897 0.064232 0.064827 0.047371 0.034050 0.044197 0.561832 1.760831 1.750736 0.091144 0.022423 0.050116 0.620781 1.768327 2.727098 1.657741 2.699852 2.715838 2.703210 1.709732 3.742264 3.755682 1.707131 0.609073 1.733286 2.877009 2.818492 1.985514 1.854652 0.263845 0.366990 1.284253 1.639270 1.298018 1.203833 0.241083 0.261151 0.266818 0.081081 0.081575 0.119875 0.038765 0.043815 0.023400 0.125708 0.679535 1.511418 1.575205 1.915972 3.087573 3.227884 2.210629
4.305656 4.323343 3.304571 2.324068 0.030754 0.049126 0.020775 0.053093 0.052833 0.060172 0.029030 0.028419 0.039514 0.049095 0.066933 0.520188 0.083352 0.022651 0.033622 0.054511 0.748470 0.703967 0.298273 0.118420 0.479930 0.435171 0.463638 0.487289 0.481187 0.021835 0.054208 0.673056 1.816431 1.999683 2.083402 2.024784 1.374322 1.430276 2.429089 3.273798 1.179920 0.224217 0.114704 0.086417 0.085086 0.061393 0.102457 0.118825 0.027611 0.028710 0.041552 0.189183 0.824456 0.790948 1.229831 0.976932 0.959580 1.040923 0.131434
