use_cases/Flooding_chicago/flooding_data/output/h_2580.asc
ncols 337
nrows 393
xllcorner 428428.000000
yllcorner 4602440.000000
cellsize 26.757400
NODATA_value -9999.000000
[rows 81 to 107 of 393, columns 236 to 294 of 337]
5.339501 5.347829 3.359186 2.356171 0.043536 0.039345 0.033348 0.044380 0.051247 0.059120 0.025551 0.023705 0.049873 0.045082 0.081871 0.077141 0.073036 0.029838 0.026741 0.039453 0.540978 0.580049 0.608225 0.026614 0.028572 0.048837 0.043230 0.053252 0.049443 0.022173 0.041335 0.200701 1.278550 2.030179 2.203080 2.240664 3.499851 4.532696 4.504044 3.291251 2.420320 0.371727 0.022665 0.038901 0.060171 0.089115 0.110557 0.114022 0.094751 0.051278 0.306122 1.307167 1.158520 1.057106 0.853926 0.113493 0.075504 0.054454 0.040824
3.339429 3.349482 2.344381 1.298297 0.195167 0.059154 0.027427 0.018471 0.022667 0.025245 0.035728 0.025550 0.041069 0.042519 0.064138 0.059425 0.053932 0.021934 0.018135 0.020425 0.578526 0.624355 0.648974 0.018997 0.026439 0.022397 0.018367 0.063232 0.021660 0.018089 0.027743 0.260568 1.333316 1.289338 2.363758 3.465271 5.555130 5.515662 5.519135 5.507751 4.553084 3.541814 0.435574 0.029777 0.018440 0.023460 0.122368 0.116662 0.078342 0.353256 1.457326 2.428571 2.442899 1.324260 0.315880 0.257692 0.043016 0.050351 0.038215
1.246681 1.239952 1.244770 1.247799 0.180847 0.046444 0.041271 0.031273 0.047157 0.057305 0.025307 0.109551 0.063348 0.076037 0.039451 0.027840 0.024117 0.023048 0.038545 0.058473 1.850434 1.921953 1.917532 0.721545 0.557558 0.452248 0.452840 0.018089 0.021660 0.064170 0.034882 0.284310 1.286913 2.386434 3.463787 4.495980 6.516254 6.517934 6.521279 7.556333 7.584553 5.555695 2.543869 0.459881 0.036367 0.029992 0.030754 0.024727 0.056370 0.359982 2.478676 3.477299 3.491103 1.389835 1.437523 0.272652 0.060653 0.036750 0.036965
1.189520 1.171334 1.984753 1.987269 1.979360 1.063457 1.077417 0.044445 0.039051 0.054558 0.023353 0.021995 0.049538 0.053962 0.101622 0.085620 0.046893 0.078941 0.056637 1.901567 2.910336 2.967781 1.887743 0.626062 1.099292 1.180254 0.285514 0.155823 0.095218 0.053019 0.098055 0.050234 0.333114 1.398890 3.439060 6.522828 5.514635 6.505116 7.518763 8.511877 8.514401 6.522874 2.516736 0.499424 0.509300 0.025535 0.030083 0.024528 0.043172 0.372469 2.453935 3.456719 3.461035 3.491874 2.463386 0.049357 0.039589 0.064430 0.023445
1.064978 2.056514 3.094358 3.097984 4.059541 3.091571 2.111732 0.087281 0.047524 0.065873 0.030922 0.018150 0.034615 0.042335 0.065110 0.079448 0.927598 1.961608 1.966700 2.947498 3.933893 3.986860 2.954582 0.612019 1.228801 1.277200 0.213268 0.217234 0.137017 0.088794 0.084481 0.054291 0.363383 2.433332 4.452266 6.455328 5.509239 6.458928 7.447157 8.453026 7.476959 5.472256 1.527073 0.511490 0.517876 0.526502 0.530522 0.546430 0.531262 2.477973 2.480252 3.422024 3.434305 3.449806 2.449231 0.052676 0.027794 0.022591 0.022591
2.063836 3.111403 3.147492 4.057467 5.071474 5.100992 3.118700 1.035071 0.948093 0.951825 0.037684 0.029194 0.039849 0.030541 0.040215 0.957801 0.954017 1.970032 3.949574 3.969085 4.949257 3.963236 2.901252 0.031878 0.193535 0.706951 0.884965 1.101877 0.964801 1.413740 1.581057 1.571344 2.489084 3.499736 4.449243 5.477005 5.515324 5.510567 5.506941 6.451645 5.521517 4.542988 1.537934 0.522945 0.520783 1.527582 1.532916 1.550761 1.543940 2.442087 3.486239 2.471779 2.432081 2.428075 1.440477 0.050692 0.027794 0.022591 0.022591
2.114545 3.136858 2.125652 4.118289 5.080853 5.112403 4.119357 3.093043 3.094226 3.121869 0.906070 0.066048 0.067041 0.065821 0.990264 2.002279 2.007670 2.003812 3.965623 3.979388 4.952102 3.999274 0.044740 0.040822 0.241059 0.559536 1.008175 1.221297 1.068790 1.320150 2.511190 4.535312 3.578982 3.532860 4.401901 4.434347 4.498193 4.517110 4.484156 4.467401 4.495080 4.530327 1.540024 1.558465 1.529146 2.528101 2.533190 2.547678 2.538727 2.495354 2.490412 2.492715 1.409166 0.458938 1.448994 0.052713 0.039604 0.037621 0.029930
3.137682 2.130382 2.127553 2.121233 4.043413 5.094117 4.116035 3.086111 3.093868 4.084403 3.069229 3.065172 3.081668 3.105392 2.052695 2.020048 2.968995 3.014528 3.952442 4.979156 4.964604 4.041575 0.901922 0.759940 0.466693 0.599341 0.458172 0.451289 0.328999 1.256940 3.472438 4.537417 4.592871 3.579921 2.513219 2.532366 3.518017 4.518770 3.537526 3.544981 3.567267 4.557508 2.553378 2.549540 2.536901 3.541976 3.542187 3.558458 4.563260 3.545984 3.547596 2.526785 0.487348 0.458145 0.452015 0.054034 0.022590 0.136253 0.076316
4.121060 3.135424 2.125716 2.119367 4.054902 5.095078 5.114892 4.096483 4.098761 4.105012 4.098507 4.086701 4.087139 4.108449 3.099399 2.013680 2.943673 2.995224 3.931739 4.952076 5.946727 6.052057 2.944349 1.678991 1.387198 1.472622 1.608271 1.590807 1.389078 1.259128 2.275939 3.478786 3.594024 3.629588 2.548112 2.555816 3.538553 3.544739 3.547111 3.549401 4.594225 4.471340 1.466616 1.487496 2.530717 3.532983 3.530368 4.553076 6.555394 5.569636 3.531266 2.530841 0.517635 0.024969 0.413752 0.075376 0.112955 0.018120 0.069984
4.115216 4.115352 4.127305 2.112110 3.058585 4.091263 5.097050 5.097733 5.096554 5.096675 5.099371 5.091784 5.098355 4.105660 3.095199 2.019552 2.000956 2.936553 3.936760 4.922695 5.812801 4.995829 2.835769 2.755770 1.353617 1.351179 2.452255 2.715264 1.424994 1.019210 0.822274 1.287820 2.542343 3.568397 3.578043 2.562757 3.550477 3.551421 4.566878 4.604953 4.517466 1.580109 0.596065 0.596847 1.491674 3.520501 4.532612 5.548082 6.540583 5.533590 4.551355 2.546382 0.533008 0.045787 0.056656 0.088077 0.022728 0.021874 0.054512
4.112555 5.121891 4.136570 2.112718 2.104255 4.084366 4.106927 5.090495 4.094845 5.096416 5.109921 5.106512 4.101874 3.085049 3.102160 2.030546 2.994706 3.001388 3.940439 3.984852 3.952531 4.014508 1.975512 0.646137 0.425863 0.240853 0.331209 1.360294 1.395840 0.207467 0.114742 0.068524 1.526517 2.543466 3.508703 2.517658 2.510359 3.523677 3.497189 4.485649 4.390643 2.672872 0.632226 1.635628 2.481221 4.524009 5.538512 6.564460 5.566647 4.542122 3.537068 2.532779 1.552321 0.040645 0.024208 0.029320 0.023994 0.067844 0.041359
3.075795 4.109869 5.129854 3.100657 3.107936 3.108666 4.107547 3.094046 3.102083 4.088681 4.106165 4.110464 3.085886 3.085667 3.083183 3.063212 4.028991 3.018787 3.004527 3.983048 3.006805 3.018052 2.000385 0.070943 0.079002 0.113811 0.044273 0.030357 0.057793 0.052711 0.037514 0.041999 0.312357 1.366246 2.488993 2.480508 2.479662 2.477852 2.461603 2.511702 3.407059 2.624025 2.778703 2.673378 4.429382 5.546211 6.548333 6.576383 5.587923 3.573150 2.550216 1.506558 1.525222 1.505488 0.023995 0.028542 0.071876 0.046105 0.071453
2.120552 3.083274 4.116069 5.106249 4.119929 4.133532 3.132459 2.108570 3.080692 4.088577 4.105788 4.097583 4.096128 4.099387 4.123283 3.056663 3.037934 3.024326 3.011914 3.003202 3.024467 2.015997 0.845370 0.047920 0.050284 0.092339 0.062661 0.022713 0.046882 0.046471 0.034446 0.032798 0.036292 0.050654 0.043151 1.478472 2.481253 2.476408 2.439434 2.511305 2.559119 2.621302 2.671169 2.619758 4.393798 5.525048 6.532804 6.555721 5.568499 3.571672 2.542195 1.505116 1.529278 1.523448 0.037246 0.019646 0.043372 0.050743 0.146113
1.046525 1.127806 3.104851 5.110389 5.120657 4.124202 3.126189 2.109396 3.088767 5.088211 5.112134 4.096296 4.094902 5.093090 4.112531 3.058557 3.041595 3.008774 3.000885 3.012212 3.027574 2.011890 0.047484 0.031578 0.021309 0.081490 0.098521 0.025138 0.023477 0.038414 0.030174 0.014396 0.027840 0.030899 0.038262 0.047377 0.287368 0.336137 1.372357 2.376112 2.533622 2.601797 2.640681 2.594609 3.420023 4.500665 4.531782 4.547838 3.522180 3.538004 2.499887 2.490414 2.536965 1.438719 0.223717 0.112371 0.146942 1.141286 1.191291
0.329934 1.103141 1.131660 4.091248 5.115472 5.126062 5.135157 4.139334 3.111045 5.088733 5.108762 6.103550 5.106896 6.099278 5.138257 3.064844 3.051039 2.030123 1.994790 2.976999 2.993969 0.838536 0.028251 0.024315 0.026695 0.058967 0.063651 0.032539 0.024712 0.030648 0.070610 0.025398 0.028923 0.019661 0.028816 0.036568 0.035484 0.042111 0.383047 1.541758 2.565365 2.610776 2.614738 2.544771 3.352202 3.440487 2.507739 1.413563 0.356889 1.331929 1.423286 1.427844 0.337561 1.196420 0.725556 0.905757 2.116298 3.167786 1.205038
0.422095 0.328796 1.065567 4.090126 4.122376 5.116062 5.131784 4.124700 4.125788 5.094643 5.109500 6.096810 6.108603 6.103847 5.114922 4.109665 2.051140 2.034174 1.007827 0.945146 0.948645 0.071194 0.026756 0.026936 0.014396 0.046394 0.040643 0.014396 0.029554 0.037178 0.079734 0.064904 0.035957 0.029121 0.036385 0.019310 0.028969 0.038553 0.461754 2.815400 3.877108 2.706949 2.623968 2.422408 1.400077 0.091890 0.034480 0.050875 0.033498 0.034335 0.298546 0.305730 0.041075 0.024177 0.578235 1.951028 3.205828 2.290997 1.279647
0.461067 0.384101 0.268741 4.101264 4.111589 4.113923 4.111708 4.108983 5.102484 6.099964 5.106823 5.103216 6.100974 5.108778 4.100976 3.069052 2.077600 1.036393 1.021256 0.130559 0.144518 0.035134 0.047127 0.039282 0.034081 0.014396 0.030677 0.029015 0.039284 0.038658 0.956120 0.859123 0.085967 0.053344 0.047462 0.014396 0.018944 0.020485 0.541797 3.890476 4.967703 3.842992 2.657818 0.655078 0.019678 0.021007 0.014396 0.068563 0.024498 0.034341 0.053033 0.060036 0.035027 0.035317 0.091253 2.088338 2.189102 1.133437 0.130559
0.446339 0.394216 0.306343 4.109946 3.120679 3.126381 2.121365 2.139387 4.039185 5.092776 5.104555 5.105005 5.110248 5.100141 3.126922 2.094180 3.082472 2.043257 0.128554 0.161464 0.211178 0.192602 0.037300 0.040092 0.028939 0.028048 0.046989 0.041634 0.055104 0.088427 1.014321 2.063953 1.086939 0.068633 0.039527 0.021004 0.033379 0.037419 2.809258 4.908009 5.841162 2.585427 1.390655 0.806837 0.125394 0.061895 0.048866 0.028771 0.030952 0.023887 0.024361 0.031502 0.039177 0.032021 0.034416 0.067083 1.041685 0.921468 0.689166
0.369793 0.344403 0.260526 2.093889 2.108619 2.104097 1.142109 2.137035 2.145641 3.075708 4.111960 5.109936 5.117005 5.110681 3.134446 2.100009 2.095150 1.052590 0.146277 0.014396 0.261554 0.220238 0.042076 0.049737 0.030998 0.027626 0.043938 0.039145 0.097660 0.120062 1.039178 2.107028 2.099311 1.087845 0.035088 0.019570 0.030937 0.143462 2.604920 4.662575 4.451718 1.954667 1.064446 1.019761 0.179026 0.055183 0.045763 0.030800 0.027566 0.026848 0.014396 0.019310 0.035195 0.030708 0.045769 0.028130 0.050125 0.748833 0.720561
0.041437 0.039025 0.036753 0.035975 0.112073 1.147135 1.153062 2.133942 2.144763 2.100820 3.105536 5.103087 5.111504 5.097799 3.134176 2.096163 2.096242 1.013711 0.165924 0.237366 1.258428 1.261982 0.201098 0.190302 0.027184 0.042313 0.072713 1.001862 1.071839 1.069854 1.059844 2.114575 2.098219 1.091680 0.021079 0.035618 0.035302 0.236887 0.960734 2.989340 3.107859 2.130909 1.226200 1.183932 0.280952 0.043523 0.041664 0.058834 0.040401 0.029990 0.031884 0.027565 0.074883 0.046258 0.039268 0.155263 0.621912 0.780609 0.718168
0.049005 0.019310 0.014396 0.024284 0.125497 1.172655 2.204829 3.189559 3.214892 1.086104 1.098605 2.069736 4.089700 4.030140 3.127159 2.086056 2.071619 0.063292 0.021095 0.196610 1.253631 2.266971 2.268552 1.264477 0.144062 0.263926 1.985964 3.125385 2.117520 2.113691 2.127382 2.126743 2.120001 1.112644 0.022095 0.051434 0.318448 1.371830 1.277718 3.077851 3.258519 2.280477 1.364430 1.374303 1.469715 0.459828 0.052609 0.060062 0.033180 0.040718 0.035057 0.279802 1.312535 0.236519 0.411786 0.267105 0.550388 1.780936 0.716169
0.041602 0.052195 0.024284 0.023399 0.160911 2.217332 3.223288 4.213598 3.220885 0.023534 0.027974 0.128545 2.085573 2.135007 3.139386 2.117190 0.083456 0.032021 0.019310 0.035103 0.177763 3.266963 2.276274 0.224417 0.159057 0.277336 1.965385 3.137887 2.111686 2.106761 2.108827 2.129824 1.074070 1.066266 0.966425 0.944492 2.523710 2.589713 2.525821 3.133384 3.266335 2.287552 2.509110 2.534747 2.543527 1.546936 1.546822 0.541174 0.173997 0.263464 0.289811 1.398665 2.346078 1.394344 0.213498 0.151833 0.111481 0.480300 0.467704
1.230080 1.222487 0.206796 0.207598 1.219924 2.189492 3.189247 4.172089 3.214267 0.022905 0.023632 0.165322 1.167800 2.149341 3.152097 2.094428 0.041642 0.025749 0.014396 0.033516 0.035744 2.264822 1.271342 0.018364 0.023140 0.043091 1.044150 2.102194 1.085556 1.093068 2.080658 1.100598 1.091069 0.101977 1.837054 1.976083 3.572015 3.671135 3.703058 2.493311 2.513465 1.481667 2.502199 3.564549 3.574585 2.567282 2.570581 0.417576 0.124486 0.033241 1.376981 2.363210 3.357358 1.378659 0.301795 0.044043 0.083259 0.047614 0.062621
2.263435 3.292989 3.315318 1.263889 1.227777 2.185910 2.177571 3.176422 3.204059 0.215968 0.230456 1.254065 2.246518 3.237104 3.209097 1.014681 0.059413 0.030586 0.052239 0.048409 0.030236 0.234853 1.290061 0.290494 0.028496 0.024574 0.037042 0.201584 0.137251 0.076474 1.004804 1.074379 0.151388 0.174042 1.669825 2.584330 3.499042 4.620389 3.657462 3.692381 2.536385 2.584232 3.503109 3.521021 3.536071 3.562310 1.549494 0.033318 0.022148 0.044334 0.244665 1.030264 2.151412 0.215953 0.210228 0.089897 0.068048 0.038186 0.047967
3.242709 4.298185 4.339369 2.284981 2.274064 2.239129 1.231578 2.127876 2.146284 1.251364 1.268014 2.204904 3.222992 4.208550 4.250185 1.076060 0.101546 0.145795 0.041267 0.045631 0.029366 0.024254 0.292785 0.340194 0.024727 0.027825 0.019417 0.190106 0.017967 0.033897 0.295157 1.041227 1.244683 2.229138 2.029209 1.663885 2.185576 3.516234 4.654240 4.719252 2.539891 2.485444 2.481883 2.508440 2.524094 1.521190 0.062409 0.033794 0.021400 0.050133 0.134941 0.048714 0.051796 0.026665 0.062798 0.085717 0.071312 0.052632 0.036919
2.225091 4.292768 4.315904 3.306855 2.289647 1.250937 1.249286 1.261332 0.247499 1.230677 1.254729 3.219239 3.229553 4.193942 4.226385 0.145969 0.062118 0.034227 0.033394 0.030128 0.042270 1.391080 0.344719 0.336650 0.335927 0.331132 0.313537 0.299400 0.021034 0.017967 0.431987 0.968851 1.206735 2.202442 2.288833 1.134547 0.955528 2.277700 4.551414 4.699365 2.528173 1.403394 1.422023 1.430209 1.527274 1.515669 0.045711 0.027245 0.028300 0.055061 0.100405 0.046960 0.039025 0.038261 0.028680 0.045159 0.056053 0.079140 0.027626
1.274603 4.293295 5.306499 4.312240 2.279916 2.296989 1.256107 1.253930 1.283942 1.256180 2.261965 3.204897 4.234024 3.209944 3.233893 0.046306 0.065963 0.028557 0.021004 0.044410 0.039221 2.386646 1.391411 0.347672 0.340214 0.337613 1.359353 1.374486 0.263663 0.165405 0.645149 0.544763 1.092112 2.247075 2.420364 1.245452 1.022931 1.233651 2.320437 4.510211 1.603366 0.529187 0.104146 0.599292 1.528921 1.535104 0.074837 0.022591 0.022591 0.066780 0.066933 0.062285 0.040078 0.029518 0.025597 0.038192 0.059120 0.066170 0.020286
