use_cases/Flooding_chicago/flooding_data/output/h_2520.asc
ncols 337
nrows 393
xllcorner 428428.000000
yllcorner 4602440.000000
cellsize 26.757400
NODATA_value -9999.000000
[rows 216 to 242 of 393, columns 177 to 235 of 337]
-9999.000000 -9999.000000 -9999.000000 -9999.000000 -9999.000000 -9999.000000 0.112054 0.119073 0.036964 0.030434 0.020134 0.030159 0.069680 0.084572 0.063376 0.068662 0.043800 0.042260 0.071173 0.047096 0.161064 0.074380 1.711938 1.625623 0.154077 0.213770 0.163153 1.206337 0.197090 0.167154 0.025703 0.017372 0.025704 0.029046 0.563786 0.119256 0.187219 0.220497 0.219017 0.189917 0.136707 0.900657 1.001869 1.146186 1.100426 1.136144 0.091774 0.209106 0.216894 0.057169 0.053047 0.474679 0.649190 0.525880 0.032173 0.038100 0.044520 0.117462 0.185897
-9999.000000 -9999.000000 -9999.000000 -9999.000000 -9999.000000 -9999.000000 0.072242 0.108910 0.145805 0.026274 0.026436 0.130394 0.061256 0.083275 0.079826 0.044945 0.065636 0.056632 0.076821 0.227330 0.186667 0.433422 1.540722 0.505746 0.171671 0.162283 0.247612 0.278010 0.284828 0.258935 0.025703 0.017372 0.025704 0.029046 0.715176 0.116310 0.183967 0.224792 0.221870 0.206398 0.170159 0.293418 0.856277 2.056009 2.007668 1.097378 0.126499 0.081795 0.094109 0.097924 0.092736 0.654214 0.624156 0.394935 0.028871 0.017967 0.057746 0.092657 0.202829
-9999.000000 -9999.000000 -9999.000000 -9999.000000 -9999.000000 -9999.000000 -9999.000000 0.055871 0.019310 0.206245 0.215507 0.103844 0.062110 0.089302 0.098244 0.018577 0.030739 0.063682 0.095573 0.210792 0.164223 0.425636 0.279557 0.137673 0.156075 0.252248 0.310324 0.338964 1.362191 0.359491 0.423180 0.031471 0.065681 0.184771 0.690154 0.179161 0.283333 1.389719 2.391570 1.359746 1.358986 0.229577 0.337637 0.192025 1.050298 0.956317 0.174827 0.041756 0.140983 0.113350 1.119561 0.985647 0.929606 0.169730 0.017967 0.021034 0.111564 0.107690 0.098106
-9999.000000 -9999.000000 -9999.000000 -9999.000000 -9999.000000 -9999.000000 -9999.000000 -9999.000000 0.014396 0.290536 1.339056 0.065392 0.059928 0.089776 0.104993 0.023064 0.045327 0.038064 0.119408 0.096352 0.073770 0.221473 0.100731 0.167916 0.228247 0.301142 0.356713 1.407037 2.348060 1.400734 0.310377 0.026009 0.051658 0.163860 0.212684 0.204551 0.326195 1.378457 2.366901 2.371925 3.347818 1.387703 0.244072 0.146079 0.111259 0.423405 0.108375 0.091483 0.144906 1.034019 0.985785 1.028068 1.009283 0.249244 0.382575 0.328837 0.166983 0.171368 0.093607
-9999.000000 -9999.000000 -9999.000000 -9999.000000 -9999.000000 -9999.000000 -9999.000000 -9999.000000 -9999.000000 0.212867 2.343101 0.272469 0.046089 0.079231 0.024621 0.028526 0.051262 0.052895 0.089852 0.090996 0.089226 0.259022 0.093376 0.116327 0.103615 0.334616 1.368691 2.374917 2.348075 1.388100 0.030799 0.018943 0.030800 0.041390 0.152141 0.225217 1.338341 1.326440 1.310478 3.349281 3.896308 2.417686 0.342186 0.039069 0.189903 0.203775 0.212211 0.151772 0.082756 0.203400 0.233651 0.991295 0.937037 1.146034 0.360603 0.298450 0.021660 0.047584 0.029929
-9999.000000 -9999.000000 -9999.000000 -9999.000000 -9999.000000 -9999.000000 -9999.000000 -9999.000000 -9999.000000 -9999.000000 0.014396 0.140434 0.189168 0.064812 0.027825 0.024696 0.053520 0.026543 0.066597 0.046623 0.173333 0.149223 0.173089 0.188590 0.192650 0.144706 0.386513 1.271203 0.242988 0.035423 0.024620 0.014396 0.024620 0.039955 0.038399 0.041573 0.464218 0.482155 0.444068 1.330664 2.400622 2.394066 0.373259 0.083778 0.088569 0.302254 0.301613 0.082269 0.060172 0.197243 0.333456 0.346841 0.314916 0.535866 0.506386 0.036049 0.021767 0.034721 0.029441
-9999.000000 -9999.000000 -9999.000000 -9999.000000 -9999.000000 -9999.000000 -9999.000000 -9999.000000 -9999.000000 -9999.000000 -9999.000000 0.014396 0.059090 0.081917 0.019417 0.044213 0.034432 0.123894 0.101692 0.072914 0.169045 0.146182 0.167274 0.229941 0.260446 0.260841 0.250387 0.236069 0.099403 0.030526 0.025504 0.034234 0.025505 0.033561 0.055204 0.056847 0.540291 0.539103 0.415475 0.383369 1.350762 1.310290 0.377215 0.135275 0.172707 0.164086 0.157738 0.165125 0.106805 0.059577 0.534599 0.524086 0.532463 0.410852 0.259422 0.032951 0.036247 0.046611 0.045784
-9999.000000 -9999.000000 -9999.000000 -9999.000000 -9999.000000 -9999.000000 -9999.000000 -9999.000000 -9999.000000 -9999.000000 -9999.000000 -9999.000000 0.017372 0.017372 0.030662 0.071343 0.084938 0.118049 0.109474 0.096412 0.070412 0.023018 0.034492 0.218485 0.266901 0.309914 0.332072 0.148306 0.202035 0.028022 0.040063 0.045982 0.062293 0.046837 0.071843 0.066597 0.637566 0.659601 0.045952 0.059470 0.470375 0.458909 0.136451 0.206277 0.233987 0.240042 0.232657 0.240425 0.027031 0.027047 0.658122 1.722970 1.771493 0.605887 0.023476 0.025154 0.050957 0.050194 0.248812
-9999.000000 -9999.000000 -9999.000000 -9999.000000 -9999.000000 -9999.000000 -9999.000000 -9999.000000 -9999.000000 -9999.000000 -9999.000000 -9999.000000 -9999.000000 -9999.000000 -9999.000000 -9999.000000 -9999.000000 0.018669 0.023415 0.028435 0.023857 0.025979 0.038536 0.080238 0.103722 0.164133 0.201060 0.260917 0.318124 0.397591 0.431804 0.389076 0.047524 0.018440 0.028496 0.061836 0.698174 0.719427 0.078774 0.123681 0.143486 0.171700 0.221591 0.262660 0.282172 0.284691 0.267984 0.279653 0.037010 0.037116 0.622258 1.645327 1.705589 0.619587 0.024666 0.032265 0.063133 0.055427 0.249774
-9999.000000 -9999.000000 -9999.000000 -9999.000000 -9999.000000 -9999.000000 -9999.000000 -9999.000000 -9999.000000 -9999.000000 -9999.000000 -9999.000000 -9999.000000 -9999.000000 -9999.000000 -9999.000000 -9999.000000 -9999.000000 -9999.000000 -9999.000000 0.025856 0.036949 0.025994 0.041436 0.029763 0.247290 0.265189 0.282676 0.317086 0.398880 0.448158 0.418875 0.045083 0.022530 0.039650 0.067788 1.741539 0.754510 0.094597 0.159798 0.204720 0.240090 0.277172 1.357612 1.356101 0.320200 0.275079 0.250939 0.045555 0.045711 0.051461 0.660266 1.787541 0.640984 0.093713 0.037467 0.029091 0.054435 0.048225
-9999.000000 -9999.000000 -9999.000000 -9999.000000 -9999.000000 -9999.000000 -9999.000000 -9999.000000 -9999.000000 -9999.000000 -9999.000000 -9999.000000 -9999.000000 -9999.000000 -9999.000000 -9999.000000 -9999.000000 -9999.000000 -9999.000000 -9999.000000 -9999.000000 0.030403 0.024726 0.042122 0.035347 0.233769 0.224860 0.050210 0.055992 0.090483 0.444026 0.412210 0.050316 0.024712 0.045265 0.093504 0.693412 0.785774 0.821921 0.159645 0.224617 0.259392 0.289253 1.336498 1.304726 1.321725 0.252175 0.047188 0.030876 0.066642 0.072456 0.682122 1.801124 0.609482 0.082039 0.036751 0.037575 0.068810 0.046017
-9999.000000 -9999.000000 -9999.000000 -9999.000000 -9999.000000 -9999.000000 -9999.000000 -9999.000000 -9999.000000 -9999.000000 -9999.000000 -9999.000000 -9999.000000 -9999.000000 -9999.000000 -9999.000000 -9999.000000 -9999.000000 -9999.000000 -9999.000000 -9999.000000 0.020180 0.032035 0.471444 0.029854 0.041695 0.052240 0.071204 0.023032 0.181984 0.096443 0.073951 0.026100 0.031929 0.060875 0.052727 0.112952 0.677865 0.102134 0.074759 0.093071 0.093208 0.084816 0.062325 0.352593 0.400976 0.317727 0.043969 0.064415 0.042291 0.085548 0.686776 1.678307 0.050102 0.038262 0.021263 0.048363 0.035668 0.049476
-9999.000000 -9999.000000 -9999.000000 -9999.000000 -9999.000000 -9999.000000 -9999.000000 -9999.000000 -9999.000000 -9999.000000 -9999.000000 -9999.000000 -9999.000000 -9999.000000 -9999.000000 -9999.000000 -9999.000000 -9999.000000 -9999.000000 -9999.000000 -9999.000000 -9999.000000 0.268379 0.413034 0.352103 0.049172 0.032494 0.035103 0.040000 0.275886 0.018837 0.024071 0.031791 0.038735 0.026451 0.065864 0.189294 0.255883 0.060952 0.132057 0.144389 0.141732 0.130120 0.107201 0.062706 0.550761 0.084451 0.066947 0.090066 0.062583 0.057457 0.692268 0.855965 0.027764 0.030220 0.021034 0.017967 0.035041 0.047586
-9999.000000 -9999.000000 -9999.000000 -9999.000000 -9999.000000 -9999.000000 -9999.000000 -9999.000000 -9999.000000 -9999.000000 -9999.000000 -9999.000000 -9999.000000 -9999.000000 -9999.000000 -9999.000000 -9999.000000 -9999.000000 -9999.000000 -9999.000000 -9999.000000 -9999.000000 0.019310 0.324838 0.307870 0.061217 0.053352 0.022362 0.046007 0.270149 0.357689 0.380501 0.358188 0.026466 0.024071 0.080268 0.120293 0.225843 0.029808 0.145134 0.139700 0.132130 0.119407 0.099220 0.081795 0.630316 0.138618 0.090690 0.119179 0.083906 0.045280 0.059364 0.972311 0.027519 0.029365 0.017967 0.028871 0.031227 0.042153
-9999.000000 -9999.000000 -9999.000000 -9999.000000 -9999.000000 -9999.000000 -9999.000000 -9999.000000 -9999.000000 -9999.000000 -9999.000000 -9999.000000 -9999.000000 -9999.000000 -9999.000000 -9999.000000 -9999.000000 -9999.000000 -9999.000000 -9999.000000 -9999.000000 -9999.000000 0.014396 0.026054 0.106209 0.039451 0.032143 0.019082 0.033069 0.043281 0.293590 0.327816 0.333518 0.257380 0.227836 0.158533 0.247887 0.170231 0.037941 0.074044 0.076988 0.069695 0.059485 0.040291 0.097542 0.589682 0.183724 0.125374 0.164558 0.017372 0.046348 0.105629 0.880655 0.917600 0.095283 0.029641 0.051660 0.070457 0.412392
-9999.000000 -9999.000000 -9999.000000 -9999.000000 -9999.000000 -9999.000000 -9999.000000 -9999.000000 -9999.000000 -9999.000000 -9999.000000 -9999.000000 -9999.000000 -9999.000000 -9999.000000 -9999.000000 -9999.000000 -9999.000000 -9999.000000 -9999.000000 -9999.000000 -9999.000000 -9999.000000 0.014396 0.072823 0.071862 0.040260 0.026313 0.018959 0.049309 0.069344 0.053628 0.036507 0.224663 0.226676 1.227332 0.148261 0.099068 0.087471 0.072365 0.074226 0.062950 0.052651 0.036094 0.046425 0.162865 0.234428 0.166633 0.208138 0.017372 0.051979 0.164695 1.106310 0.170096 0.025642 0.034309 0.055336 0.073631 0.363040
-9999.000000 -9999.000000 -9999.000000 -9999.000000 -9999.000000 -9999.000000 -9999.000000 -9999.000000 -9999.000000 -9999.000000 -9999.000000 -9999.000000 -9999.000000 -9999.000000 -9999.000000 -9999.000000 -9999.000000 -9999.000000 -9999.000000 -9999.000000 -9999.000000 -9999.000000 -9999.000000 0.020103 0.075890 0.076714 0.041283 0.022514 0.125985 0.098686 0.067833 0.042519 0.052589 0.178688 1.215859 1.227501 0.192878 0.026742 0.035804 0.032510 0.087578 0.087730 0.074119 0.052070 0.045295 0.039451 0.027962 0.251336 0.240393 0.158030 0.077551 0.262703 1.227730 0.264823 0.025994 0.014396 0.052635 0.078462 0.058143
-9999.000000 -9999.000000 -9999.000000 -9999.000000 -9999.000000 -9999.000000 -9999.000000 -9999.000000 -9999.000000 -9999.000000 -9999.000000 -9999.000000 -9999.000000 -9999.000000 -9999.000000 -9999.000000 -9999.000000 -9999.000000 -9999.000000 -9999.000000 -9999.000000 -9999.000000 -9999.000000 -9999.000000 0.078392 0.060952 0.043618 0.018440 0.129692 0.116754 0.022591 0.022591 0.052117 1.192962 1.221277 0.220665 0.218895 0.029411 0.046837 0.051582 0.032234 0.100211 0.074700 1.010306 0.049782 0.046348 0.029441 0.317374 0.271858 0.618613 0.603782 1.361443 1.274467 1.386316 0.459038 0.046501 0.035622 0.046013 0.052116
-9999.000000 -9999.000000 -9999.000000 -9999.000000 -9999.000000 -9999.000000 -9999.000000 -9999.000000 -9999.000000 -9999.000000 -9999.000000 -9999.000000 -9999.000000 -9999.000000 -9999.000000 -9999.000000 -9999.000000 -9999.000000 -9999.000000 -9999.000000 -9999.000000 -9999.000000 -9999.000000 -9999.000000 -9999.000000 0.023216 0.042748 0.042366 0.014396 0.081597 0.022591 0.022591 0.048897 1.197989 1.223502 0.222006 0.228050 0.241951 0.037163 0.060523 0.017372 0.035698 0.072655 0.974755 1.045570 1.018333 0.820137 0.536766 0.380972 0.613289 0.582161 1.377588 0.372702 0.375984 0.421485 0.041969 0.040733 0.053658 0.040290
-9999.000000 -9999.000000 -9999.000000 -9999.000000 -9999.000000 -9999.000000 -9999.000000 -9999.000000 -9999.000000 -9999.000000 -9999.000000 -9999.000000 -9999.000000 -9999.000000 -9999.000000 -9999.000000 -9999.000000 -9999.000000 -9999.000000 -9999.000000 -9999.000000 -9999.000000 -9999.000000 -9999.000000 -9999.000000 -9999.000000 0.023232 0.074120 0.059075 0.083642 0.027794 0.027794 0.034310 0.126578 0.160471 0.198402 0.223763 0.241692 0.223870 0.056106 0.017372 0.054283 0.106819 1.001396 1.058119 1.056115 0.125359 0.075203 0.272484 0.199609 0.168922 0.158166 0.070030 0.061730 0.084862 0.026817 0.029900 0.034477 0.052834
-9999.000000 -9999.000000 -9999.000000 -9999.000000 -9999.000000 -9999.000000 -9999.000000 -9999.000000 -9999.000000 -9999.000000 -9999.000000 -9999.000000 -9999.000000 -9999.000000 -9999.000000 -9999.000000 -9999.000000 -9999.000000 -9999.000000 -9999.000000 -9999.000000 -9999.000000 -9999.000000 -9999.000000 -9999.000000 -9999.000000 -9999.000000 0.039803 0.109414 0.138724 0.183480 0.030433 0.058967 0.299499 0.350974 0.140694 0.207604 0.219490 0.043480 0.081047 0.110192 0.075095 0.169868 0.135276 0.929600 0.914921 0.196097 0.119941 0.088631 0.107260 0.109719 0.121179 0.142128 0.124152 0.029214 0.018364 0.029244 0.046684 0.030601
-9999.000000 -9999.000000 -9999.000000 -9999.000000 -9999.000000 -9999.000000 -9999.000000 -9999.000000 -9999.000000 -9999.000000 -9999.000000 -9999.000000 -9999.000000 -9999.000000 -9999.000000 -9999.000000 -9999.000000 -9999.000000 -9999.000000 -9999.000000 -9999.000000 -9999.000000 -9999.000000 -9999.000000 -9999.000000 -9999.000000 -9999.000000 -9999.000000 -9999.000000 0.087609 0.025275 0.034067 0.056496 0.222572 0.243811 0.068352 0.019111 0.025460 0.017372 0.017372 0.094719 0.098427 0.084221 0.240028 0.232994 0.248162 0.354912 0.021278 0.036050 0.129983 0.157066 1.189962 1.186930 1.186485 0.039710 0.022240 0.039802 0.051841 0.057153
-9999.000000 -9999.000000 -9999.000000 -9999.000000 -9999.000000 -9999.000000 -9999.000000 -9999.000000 -9999.000000 -9999.000000 -9999.000000 -9999.000000 -9999.000000 -9999.000000 -9999.000000 -9999.000000 -9999.000000 -9999.000000 -9999.000000 -9999.000000 -9999.000000 -9999.000000 -9999.000000 -9999.000000 -9999.000000 -9999.000000 -9999.000000 -9999.000000 -9999.000000 -9999.000000 0.024651 0.030479 0.019936 -9999.000000 -9999.000000 -9999.000000 -9999.000000 -9999.000000 -9999.000000 -9999.000000 0.020897 0.119588 1.173971 0.125435 0.109688 0.079018 0.557351 0.584832 0.064447 0.035011 0.136254 1.180078 1.182524 1.181877 0.046495 0.023613 0.047213 0.055415 0.063942
-9999.000000 -9999.000000 -9999.000000 -9999.000000 -9999.000000 -9999.000000 -9999.000000 -9999.000000 -9999.000000 -9999.000000 -9999.000000 -9999.000000 -9999.000000 -9999.000000 -9999.000000 -9999.000000 -9999.000000 -9999.000000 -9999.000000 -9999.000000 -9999.000000 -9999.000000 -9999.000000 -9999.000000 -9999.000000 -9999.000000 -9999.000000 -9999.000000 -9999.000000 -9999.000000 -9999.000000 -9999.000000 -9999.000000 -9999.000000 -9999.000000 -9999.000000 -9999.000000 -9999.000000 -9999.000000 -9999.000000 0.019539 0.126793 1.158617 0.162926 0.159325 0.126549 0.568496 0.567664 0.117959 0.020850 0.029610 0.173179 0.031823 0.044319 0.062630 0.028313 0.023705 0.051491 0.100133
-9999.000000 -9999.000000 -9999.000000 -9999.000000 -9999.000000 -9999.000000 -9999.000000 -9999.000000 -9999.000000 -9999.000000 -9999.000000 -9999.000000 -9999.000000 -9999.000000 -9999.000000 -9999.000000 -9999.000000 -9999.000000 -9999.000000 -9999.000000 -9999.000000 -9999.000000 -9999.000000 -9999.000000 -9999.000000 -9999.000000 -9999.000000 -9999.000000 -9999.000000 -9999.000000 -9999.000000 -9999.000000 -9999.000000 -9999.000000 -9999.000000 -9999.000000 -9999.000000 -9999.000000 -9999.000000 -9999.000000 0.028343 0.026038 0.138024 0.177298 0.195656 0.199028 0.017372 0.215616 0.196144 0.034386 0.017372 0.027474 0.040627 0.046592 0.052101 0.023842 0.023033 0.027672 1.130562
-9999.000000 -9999.000000 -9999.000000 -9999.000000 -9999.000000 -9999.000000 -9999.000000 -9999.000000 -9999.000000 -9999.000000 -9999.000000 -9999.000000 -9999.000000 -9999.000000 -9999.000000 -9999.000000 -9999.000000 -9999.000000 -9999.000000 -9999.000000 -9999.000000 -9999.000000 -9999.000000 -9999.000000 -9999.000000 -9999.000000 -9999.000000 -9999.000000 -9999.000000 -9999.000000 -9999.000000 -9999.000000 -9999.000000 -9999.000000 -9999.000000 -9999.000000 -9999.000000 -9999.000000 -9999.000000 -9999.000000 0.025612 0.032616 0.040213 0.148949 0.179834 0.230492 0.017372 0.287498 0.259757 0.039526 0.017372 0.034065 0.385467 0.412253 0.406846 0.030113 0.030052 0.030327 0.156486
-9999.000000 -9999.000000 -9999.000000 -9999.000000 -9999.000000 -9999.000000 -9999.000000 -9999.000000 -9999.000000 -9999.000000 -9999.000000 -9999.000000 -9999.000000 -9999.000000 -9999.000000 -9999.000000 -9999.000000 -9999.000000 -9999.000000 -9999.000000 -9999.000000 -9999.000000 -9999.000000 -9999.000000 -9999.000000 -9999.000000 -9999.000000 -9999.000000 -9999.000000 -9999.000000 -9999.000000 -9999.000000 -9999.000000 -9999.000000 -9999.000000 -9999.000000 -9999.000000 -9999.000000 -9999.000000 -9999.000000 -9999.000000 0.038734 0.043434 0.032464 0.037971 0.273582 0.338601 0.303320 0.262799 0.045281 0.053581 0.032219 1.407248 1.419168 1.424033 0.208276 0.101813 0.207451 0.169213
