use_cases/Flooding_chicago/flooding_data/output/h_2580.asc
ncols 337
nrows 393
xllcorner 428428.000000
yllcorner 4602440.000000
cellsize 26.757400
NODATA_value -9999.000000
[rows 270 to 296 of 393, columns 59 to 117 of 337]
0.093727 0.108894 0.115196 0.059868 0.033821 0.035835 0.086280 0.047141 0.224586 0.040276 0.022591 0.022591 0.061253 0.040169 1.280007 2.286870 2.282632 1.284886 0.211238 0.017372 0.031639 0.333365 0.192602 0.033485 0.025581 0.033959 0.042183 0.042961 0.593869 2.821783 2.834699 1.843148 2.857047 2.808559 0.899246 0.935176 0.914963 0.888660 0.829113 0.817900 0.074598 0.156139 0.169057 0.133775 0.703741 0.675269 0.662332 1.739774 1.729007 1.725936 2.770008 2.761918 2.753881 1.808340 1.824036 1.812405 1.815070 1.807747 1.802709
0.052910 0.055198 0.061103 0.082009 0.034112 0.034721 0.060845 1.332894 1.322464 0.297449 0.054863 0.071983 0.066032 0.059030 1.267664 3.289717 3.287082 2.291775 0.247096 0.017372 0.026329 0.418814 0.061913 0.025704 0.033256 0.026878 0.036553 0.043082 0.592299 1.792366 2.851705 2.887583 2.861711 3.830578 1.742564 0.932676 0.940319 0.896537 0.816261 0.043540 0.014396 0.226263 0.226001 0.206115 0.171808 0.173920 0.084338 0.683147 0.622019 0.657703 1.667426 1.668572 1.789550 1.774385 1.799298 0.781094 0.734602 0.766091 0.822043
0.076012 0.073555 0.076165 0.085258 0.032524 0.032707 0.049995 1.342292 1.338708 0.297052 0.048912 0.063667 0.051170 0.045723 1.264412 3.278789 3.276985 2.287423 0.230601 0.152088 0.669853 0.613691 0.122853 0.027397 0.041466 0.033226 0.032722 0.049645 0.047188 0.074733 1.804026 2.834455 2.834977 3.796941 2.646862 2.004888 2.024746 0.854625 0.090026 0.018028 0.298117 0.280490 0.271887 0.252478 0.240824 0.242029 0.024926 0.025841 0.080860 0.125657 0.837122 0.868441 1.728040 0.814605 0.755037 0.053940 0.062938 0.108409 0.877962
0.069283 0.057580 0.057274 0.062842 0.025383 0.025444 0.041207 1.341074 1.336628 0.294198 0.044334 0.050162 0.356568 0.351908 2.273733 2.285184 0.244084 0.233495 0.217629 0.153437 1.657710 0.599254 0.131315 0.186186 0.035300 0.027168 0.033364 0.033211 0.039956 0.051551 0.096178 0.682663 1.833642 1.802407 1.770183 1.826268 1.899600 0.866074 0.163390 0.021004 0.292391 1.297817 1.310578 0.276245 0.268403 0.270740 0.031150 0.036080 0.021355 0.212134 0.892572 0.981400 0.971060 0.844462 0.043933 0.071248 0.014396 0.190824 0.863309
0.043175 0.079690 0.070870 0.070443 0.068097 0.030586 0.028344 1.339347 1.334131 0.291999 0.046027 0.058830 0.045739 0.033654 1.271819 0.221581 0.024833 0.027946 0.019447 0.160499 0.634118 0.083107 0.027687 0.034874 0.036507 0.053169 0.080952 0.049920 0.058341 0.032951 0.099232 0.166209 0.659536 0.684819 0.689071 0.946488 2.136129 2.172631 1.243005 0.018028 0.326398 0.318628 0.305973 0.278794 0.271885 0.273359 0.024926 0.025841 0.333105 1.327388 2.120852 2.221235 1.204932 0.169877 0.025704 0.026909 0.291584 0.284983 0.195626
0.056477 0.080254 0.272072 0.274224 0.079429 0.102746 0.211539 1.346510 1.336139 0.288339 0.047905 0.061730 0.058464 0.048653 0.029853 0.025826 0.029457 0.025001 0.240979 0.230377 0.190737 0.020180 0.017372 0.017372 0.038902 0.036155 0.047433 0.054191 0.048654 0.189705 0.209176 0.162499 0.375474 0.020347 0.076278 0.936524 2.205853 3.322127 3.309984 0.371013 0.350727 0.340089 0.322843 0.036353 0.044441 0.032997 0.387229 0.392574 1.380695 1.322274 2.063866 2.100842 1.220260 0.236448 0.033302 0.039375 0.026909 0.340005 0.252690
0.088570 0.058052 0.307242 0.311896 0.272714 0.155412 0.152681 0.231712 0.244317 0.031410 0.052696 0.059211 0.054375 0.035668 0.236840 0.258025 1.292902 1.299341 1.292642 0.252208 0.241434 0.253062 0.027229 0.033025 0.028160 0.112450 0.073405 0.108160 0.139092 0.217358 1.286323 1.322736 0.219643 0.023582 0.040249 0.225167 3.414133 6.461005 5.387850 1.441836 0.390984 0.375487 0.036598 0.059288 0.065865 0.047173 0.394122 0.397492 1.389779 1.377486 0.321523 0.318321 1.297272 0.310127 0.031471 0.033272 0.025689 0.404372 0.048209
0.061439 0.171311 0.222009 0.240318 0.251625 0.110451 0.099892 0.163079 0.164848 0.028252 0.039802 0.042625 0.034492 0.561090 0.171930 0.247939 1.292367 1.293265 1.290860 0.254084 0.239507 0.244211 0.187265 0.160946 0.141260 0.070823 1.182771 0.134914 0.173836 0.217292 1.276998 1.311241 0.225968 0.022591 0.022591 0.035615 3.325902 6.374669 5.317140 2.408964 1.414169 0.364890 0.046090 0.068900 0.082238 0.018089 0.393497 0.403748 1.415315 1.407001 1.445703 1.446081 1.386931 0.383143 0.020332 0.470172 0.473164 0.453182 0.054237
0.082146 0.889879 0.963006 0.955932 0.176127 0.179358 0.085838 0.070198 0.195610 0.035348 0.051368 0.064323 0.041038 0.550729 0.106256 0.025642 0.030296 1.299387 1.295333 0.251582 0.028054 0.024803 0.206559 0.194761 0.155326 0.076896 1.184014 0.151588 0.077968 0.078442 0.056160 0.047509 0.047066 0.022591 0.022591 0.031846 2.332833 5.360738 5.311089 2.412424 1.398886 0.379428 0.037208 0.060982 0.021660 0.021660 0.028562 0.384472 1.458119 2.490610 3.492014 2.481357 2.479177 1.476282 0.471828 0.474578 0.474409 0.447297 0.049797
0.917611 0.958522 0.983088 0.983135 0.123436 0.146819 0.145502 0.167763 0.260919 0.243202 0.092930 0.034111 0.475009 0.478506 0.072014 0.030220 0.050697 0.052788 0.051705 0.047020 0.044532 0.028450 0.204170 0.201260 0.014396 0.095607 0.152641 0.155048 0.081978 0.080136 0.057274 0.050483 0.014396 0.038009 0.037288 0.351403 2.396189 4.412972 4.360494 2.416167 1.391180 0.434532 0.432138 0.035850 0.018089 0.040581 0.027786 0.442603 1.457980 2.466275 3.466460 3.471725 3.478523 3.478005 2.472530 1.472483 1.470838 0.452094 0.023507
0.973203 0.936696 0.975718 0.048516 0.098946 0.109811 0.091577 0.589520 0.211898 0.283257 0.123863 0.021691 0.477044 0.471294 0.065896 0.126581 0.053168 0.072960 0.071525 0.060540 0.036750 0.182203 0.182412 0.165122 0.114221 0.048725 0.055016 0.093513 0.121788 0.194360 0.150338 0.129039 0.019310 0.035956 0.313565 1.450258 3.394994 4.363107 4.283244 3.431176 2.466136 2.470910 1.461652 0.416379 0.021126 0.472649 0.481857 0.462505 1.453835 2.462705 2.469794 3.447422 4.457490 4.458129 3.464851 2.464710 1.465397 1.461966 0.022941
0.944147 0.860497 0.023795 0.043282 0.062767 0.058342 0.525432 0.569585 0.634722 0.134261 0.232048 0.313730 0.408487 1.432557 0.274926 0.097192 0.057092 1.079414 1.079323 0.055625 0.212044 0.179101 0.163963 0.140712 0.092350 0.109383 0.082298 0.108101 0.113747 0.139403 0.358688 0.343347 0.350965 0.364844 1.440163 1.438913 2.409794 2.424089 2.364048 3.433259 3.438371 3.436069 2.450434 1.437415 0.394032 0.468423 0.471340 1.488519 2.486429 2.472067 2.476104 2.462701 3.469077 3.465130 2.470454 1.453104 0.478653 0.470437 0.033672
0.021476 0.490489 0.279022 0.248086 0.256535 0.281191 0.410908 0.410004 0.108773 0.170632 0.262677 0.323128 0.371315 0.374674 0.039147 0.037682 0.021492 0.074959 0.071266 0.057305 0.027855 0.132607 0.110971 0.092821 0.059883 0.072403 0.096383 0.059746 0.112326 0.112663 0.341910 1.429264 1.470168 1.478889 1.459921 1.454992 2.422274 2.439233 1.435730 2.380739 2.406621 3.453297 3.459958 2.442067 1.476064 1.485007 1.487128 2.486392 2.473490 2.468884 2.463138 1.445795 3.457113 2.464262 1.457169 0.484287 0.481162 0.471417 0.432170
0.046328 0.886321 0.830033 0.889386 0.153429 0.157451 0.909350 0.217811 0.077508 0.022942 0.023567 0.330666 0.290090 0.033958 0.037696 0.027397 0.036324 0.021309 0.051887 0.037574 0.064964 0.076543 0.281387 0.187164 0.457239 0.032050 0.092339 0.050179 0.054921 0.053077 0.350640 1.457745 2.476896 2.490448 2.474551 2.476025 3.474864 2.458397 1.445574 0.482487 1.480549 2.431017 3.459365 3.469347 2.485074 2.489555 2.491116 3.491683 2.477892 2.472880 1.475244 0.485786 2.493344 3.495088 2.481237 0.502381 0.502047 0.500320 1.555220
0.959038 1.007411 1.973919 1.013131 0.961402 0.966968 1.987988 0.932582 0.022117 0.023506 0.027366 0.266946 0.207300 0.046151 0.050285 0.032539 0.033943 0.059825 0.053612 0.091927 0.125894 0.049709 0.031730 0.103264 0.361764 0.201531 0.112392 0.169640 0.081703 0.098361 0.101390 1.448066 2.474314 2.486667 2.471792 2.476234 3.446081 2.463753 2.480013 0.488078 1.479607 1.475197 2.477021 3.455816 2.487081 2.486151 3.494503 3.487049 2.481709 2.477145 1.487543 1.500900 2.484651 3.488625 2.482109 1.486486 0.506429 0.506798 1.586010
1.994633 1.984405 2.016761 2.006078 2.008132 2.011527 2.013333 0.969910 0.034584 0.039529 0.019309 0.130334 0.421243 0.047172 0.049970 0.031959 0.032356 0.047386 0.067513 0.247636 0.074639 0.036263 0.017967 0.032372 0.029884 0.329599 0.250187 0.162987 0.219825 0.130715 0.195316 0.133851 0.388347 0.383615 0.425639 2.443024 2.408066 2.421789 2.425990 1.519717 1.482875 2.500154 2.483526 2.477836 2.489230 2.488312 3.490157 3.486805 2.481933 2.476956 1.486793 1.492123 2.485154 3.479840 2.477778 2.492726 1.491969 1.475018 0.524428
0.999334 2.008399 2.013803 2.016897 2.021783 2.024721 2.027401 2.007257 1.012286 0.052391 0.098048 0.187133 0.285308 0.041252 0.036843 0.025185 0.025307 0.033348 0.046806 0.180170 0.143001 0.036874 0.021034 0.017967 0.037605 0.024971 0.136421 0.105019 0.175133 0.097663 0.234250 0.224811 0.022591 0.022591 0.435634 1.471885 1.468278 1.470741 1.483134 1.502823 1.487632 2.470136 2.463109 2.478056 2.488622 3.493347 3.490332 3.489080 3.493134 2.482123 2.495532 1.491263 2.485611 2.469799 1.492922 2.505452 2.496195 1.473889 0.517804
1.001708 2.008312 2.009412 2.015317 2.020805 2.025655 2.030228 2.004396 1.026968 1.019743 0.919943 0.191976 0.186396 0.032844 0.050270 0.049812 0.046883 0.035728 0.045357 0.484221 0.545938 0.056680 0.030048 0.020302 0.029137 0.041160 0.154117 0.163977 0.121266 0.304112 0.260395 0.248147 0.022591 0.022591 0.425359 1.465254 1.473894 1.479359 1.492475 1.508756 1.495034 1.498973 1.496316 2.463859 2.485144 2.479973 3.493335 3.489681 3.488755 4.504934 3.499551 2.493522 2.476218 1.494805 2.506052 3.511553 3.501120 2.484942 0.423966
0.981787 2.004826 2.982923 2.999896 3.011833 3.005960 2.024559 2.004528 1.995747 1.021717 0.950524 0.139138 0.107459 0.038765 0.046807 0.046498 0.037240 0.067575 0.550193 2.654827 2.680483 0.497085 0.039934 0.021141 0.041892 0.040718 0.616730 0.090733 0.069532 0.287756 0.242657 0.187404 0.147346 0.577700 1.400234 1.507091 1.507379 1.511640 2.552751 1.527335 1.506751 1.509510 1.513557 0.503137 0.504321 1.490129 3.485363 4.491048 4.489913 4.483281 3.490066 1.496189 1.491777 1.485800 1.496235 3.509058 3.497412 2.480260 0.415563
1.921653 2.990692 3.007206 3.006306 2.019070 2.019185 2.034494 2.000194 2.004485 1.994938 0.993073 0.933693 0.122365 0.035607 0.051802 0.044228 0.073403 0.577479 1.690980 3.642745 3.726521 1.640911 0.450320 0.292692 0.171787 1.710233 0.697873 0.066963 0.359619 0.314348 0.207754 1.029107 1.022915 0.689154 1.387917 1.486838 1.486306 1.511163 2.497769 2.527052 1.503022 1.507051 1.507863 0.503054 0.500792 1.482570 2.465111 3.479186 3.471117 3.473741 3.484358 1.491344 1.485417 0.493483 1.496173 2.498443 2.499594 1.491052 0.466410
2.933363 1.952013 1.966936 1.001448 0.985841 0.040349 0.049491 0.978265 2.000067 2.000934 2.001434 2.007541 0.948493 0.059196 0.065970 0.076757 0.078867 0.611891 1.656659 2.636374 1.694177 1.674707 0.455352 0.289915 0.802243 0.762238 1.602018 0.560358 0.446813 0.351722 1.087169 1.108971 1.114897 0.081364 0.359169 0.027977 0.024982 1.405270 1.386947 1.397149 1.459948 1.492130 1.500951 2.520946 2.515882 2.520460 1.503346 2.477355 2.493625 2.498163 3.498663 2.509158 2.507769 1.511214 1.500739 2.502606 2.503426 0.046985 0.088282
2.946879 1.917283 0.875778 0.036982 0.040007 0.038918 0.043462 0.959852 0.963804 1.976165 1.976194 0.962106 0.990822 0.922799 0.868172 0.051308 0.051718 0.615028 1.624357 0.034558 0.040863 0.510509 0.351148 0.891549 0.914519 0.766274 1.576312 1.669790 0.476230 0.381520 0.252481 1.145735 0.147950 0.117521 0.072578 0.045090 0.029492 0.582756 0.636008 0.614925 0.561051 1.488686 1.517483 1.521019 2.501020 2.523056 1.507066 1.503917 2.492260 2.501068 3.500339 2.504009 2.504300 1.506306 1.495995 2.501272 2.502690 0.039454 0.017967
2.952995 1.903314 0.836651 0.751884 0.759253 1.747399 0.051482 0.059280 0.052572 1.008692 1.007331 0.043767 0.045282 0.033759 0.796088 0.791944 0.784083 0.729534 0.723240 0.030586 0.047273 0.037614 0.252586 0.917163 1.050834 0.036882 0.416751 0.465719 0.401644 0.340179 0.227646 1.152620 0.157108 0.126735 0.079273 0.929225 0.951253 0.784881 0.730957 0.676001 0.582932 1.486291 1.520724 1.520482 1.519295 2.510987 1.512148 1.507973 2.492840 2.502357 3.492446 2.504053 2.494545 1.509138 0.501165 1.496987 2.500280 0.037631 0.021034
1.895040 1.878549 1.828734 0.800314 0.793682 1.760226 0.072233 0.030205 0.040992 0.043466 0.040992 0.030205 0.067580 0.049012 0.814992 0.816479 0.801220 0.800363 0.019101 0.786018 0.042781 0.042948 0.204915 0.914086 1.033307 0.033734 0.362339 0.378550 0.350857 0.311382 1.044490 2.189998 0.160724 0.125223 0.066953 0.890439 0.913715 1.832373 0.766325 0.695691 1.445566 1.473861 1.491842 1.505109 1.511821 1.513986 1.512209 2.503354 2.501516 2.503471 2.502207 2.500426 1.503676 1.506151 0.497697 0.498869 1.487902 0.032291 0.051290
1.893865 1.890594 1.877235 0.811958 0.799362 1.754873 0.082035 0.039254 0.054680 0.058067 0.054680 0.039253 0.065130 0.807226 0.839412 0.824954 0.806251 0.814906 0.017586 0.792276 0.047996 0.056716 0.035164 0.060364 0.992295 0.020721 0.289150 1.209111 1.265136 0.267009 1.065838 2.182176 0.145106 0.104148 0.983145 0.973093 2.011770 0.901662 0.813718 0.746105 0.532646 0.443337 0.473919 0.495605 0.503562 1.504341 1.502190 2.496326 2.490718 2.499714 2.496124 1.503302 1.503562 1.506201 1.498907 0.511270 0.517348 0.533673 0.543139
1.906376 1.924818 1.867890 0.799715 1.692656 1.718604 0.084943 0.033165 0.052208 0.056724 0.052208 0.033165 0.799886 1.835563 1.825180 1.830630 0.798642 0.794617 0.796477 0.779019 0.061858 0.023826 0.023033 0.035560 0.044958 0.177548 1.236314 1.260771 1.289373 0.228858 0.158860 1.125319 1.126967 0.107955 0.947540 2.022566 2.007242 2.052547 0.878362 0.824761 0.054914 0.050480 0.056419 0.047938 0.032117 0.513722 0.513861 0.514884 1.464294 2.493972 2.495130 1.501965 2.513286 2.511273 2.504517 1.503799 1.508864 0.025692 0.033415
0.804039 0.795314 1.729550 1.674715 2.712838 2.714596 0.648551 0.056317 0.033302 0.040337 0.033302 0.102152 1.781117 1.819848 1.832596 1.837251 0.796782 0.794943 0.806064 0.781344 0.070891 0.028237 0.023690 0.048730 0.025155 0.189639 1.247145 1.249096 0.225130 0.192349 1.107172 1.124149 1.107304 1.085455 1.031645 1.986782 1.964808 1.990460 0.893085 0.090631 0.100502 0.022971 0.085880 0.067758 0.037126 0.514270 0.514460 0.516027 0.512635 1.502674 2.504772 2.510440 3.505934 3.506275 2.503494 2.505404 1.503355 0.027504 0.040531
