use_cases/Flooding_chicago/flooding_data/output/h_2640.asc
ncols 337
nrows 393
xllcorner 428428.000000
yllcorner 4602440.000000
cellsize 26.757400
NODATA_value -9999.000000
[rows 108 to 134 of 393, columns 177 to 235 of 337]
0.147864 0.026564 0.014396 0.724533 1.788295 1.792607 0.771564 1.704286 1.768143 0.460442 0.899284 0.903712 0.744571 0.108287 0.034600 0.043662 0.023536 0.031444 0.050194 0.051749 1.069495 2.042880 3.038159 2.069593 2.073666 1.984231 0.099533 0.064446 0.053551 0.050301 0.035896 0.028282 0.029915 0.041461 0.045570 0.064797 0.072441 0.113761 0.994233 1.021159 1.033057 1.984386 3.056041 3.075349 2.032500 2.030612 0.763899 1.152837 0.980527 0.916018 0.756479 0.654742 0.529795 1.241783 2.412272 3.442350 2.532081 0.449002 0.437828
1.260195 0.307298 0.020669 0.697079 1.692039 0.794855 0.783349 0.773355 0.777569 0.045480 0.050826 0.039406 0.035897 0.047971 0.034156 0.025551 0.030144 0.024559 0.028710 0.033806 0.058854 0.160858 1.198486 0.149418 0.067757 0.067850 0.070046 0.057839 0.037728 0.063286 0.018577 0.023064 0.028526 0.024696 0.031120 0.056542 0.043708 0.041404 0.077274 1.111399 1.141353 2.019851 3.036317 1.993992 1.995794 0.788226 0.596245 0.387356 0.230714 0.138431 0.081608 0.322860 0.356283 1.365420 3.388729 3.425023 2.452862 1.431570 0.428117
0.304967 1.394678 0.276958 0.694072 0.641682 0.672450 0.746004 0.759678 0.081104 0.075908 0.028449 0.031776 0.024056 0.028939 0.025384 0.030510 0.030998 0.024804 0.028786 0.045891 0.072678 0.226768 1.171155 0.038245 0.042153 0.052971 0.075905 0.054664 0.022483 0.106422 0.040490 0.065987 0.024620 0.027824 0.019417 0.020577 0.030753 0.037880 0.131195 1.139159 2.152051 3.158381 2.151321 1.090010 0.075152 0.046006 0.022471 0.067681 0.027763 0.034263 0.034646 0.169015 0.333181 1.392909 3.408810 3.416981 2.438128 1.437697 0.426173
0.332466 1.291656 1.299499 0.718349 0.666985 0.021202 0.084736 0.023430 0.119789 0.094469 0.028343 0.031456 0.023109 0.023857 0.056480 0.048058 0.043632 0.032128 0.041720 0.060906 0.085866 0.386559 0.048163 0.039926 0.036324 0.054756 0.065926 0.082613 0.029197 0.091743 0.072762 0.037666 0.040367 0.040001 0.029518 0.034935 0.028511 0.054440 2.207337 3.198219 4.193446 5.218617 2.213175 0.131513 0.041901 0.035316 0.024377 0.050187 0.021172 0.034646 0.040550 0.259648 2.399933 3.402241 3.413717 3.418997 2.429733 1.418686 1.411150
1.494176 2.486171 2.479143 0.279172 0.037140 0.020469 0.038720 0.044808 0.100480 0.097028 0.023597 0.112237 0.034066 0.029641 0.037880 0.118552 0.122397 0.132729 0.135551 0.075005 0.057427 0.433866 0.031899 0.028984 0.026786 0.037652 0.044135 0.044730 0.030205 0.057899 0.089249 0.075371 0.057609 0.049476 0.034904 0.042153 0.034388 0.909101 4.209615 5.201056 5.225832 4.212719 3.249432 0.156004 0.037041 0.042839 0.031837 0.023566 0.022942 0.032807 0.036735 0.211155 2.374957 3.400770 3.399827 2.411633 2.435472 2.414721 2.415201
2.507894 3.505062 4.506469 0.294511 0.030007 0.018242 0.031700 0.028954 0.082415 0.869792 0.890465 0.848504 0.821768 0.099682 0.067086 0.107520 0.140236 0.172645 0.023841 0.024360 0.027763 0.140663 0.041451 0.029486 0.026832 0.020562 0.031823 0.037941 0.017372 0.033791 0.108406 0.080589 0.072777 0.079383 0.051018 0.050940 0.152286 3.211200 4.206040 5.178031 4.190184 4.203268 2.200804 0.143982 0.054146 0.027397 0.044274 0.027366 0.023507 0.037315 0.031730 0.043297 0.053020 1.278894 2.414761 1.407921 1.421171 1.419184 3.392353
3.479120 4.477675 4.467782 0.296486 0.042916 0.021736 0.039696 0.031563 0.033561 0.910978 0.901433 0.902287 0.893241 0.103975 0.036949 0.158745 0.066399 0.021507 0.026619 0.014396 0.024619 0.200220 0.039757 0.041649 0.035285 0.037453 0.027733 0.037132 0.017372 0.071953 0.084344 0.120191 0.145471 0.334664 0.224297 0.287940 0.948593 3.097947 5.149144 5.160882 4.173076 2.144152 0.948282 0.067010 0.070717 0.086922 0.041251 0.019310 0.039269 0.024986 0.024651 0.028404 0.042321 0.045281 0.315094 1.395717 2.399400 2.401460 3.410505
3.489244 4.488420 4.491022 0.033964 0.021795 0.022332 0.030296 0.053133 0.037208 0.889488 0.890393 0.878711 0.037939 0.072365 0.055775 0.366137 0.051796 0.035255 0.023017 0.034950 0.161613 1.223839 0.161384 0.054325 0.045494 0.045906 0.038291 0.045891 0.020180 0.020561 0.053780 0.099983 0.166589 0.096611 0.193459 0.307397 0.360309 0.713060 1.824673 3.066831 2.986077 0.739708 0.079443 0.043404 0.041466 0.052940 0.042381 0.041755 0.046715 0.036766 0.060966 0.042854 0.062463 0.035453 0.327020 1.398644 2.411556 3.406257 4.416867
3.482792 4.477094 4.492982 0.034225 0.018104 0.034355 0.035378 0.075926 0.069956 0.878538 0.887716 0.877203 0.031709 0.048269 0.043492 0.342875 1.218847 0.217866 0.246263 0.092369 1.215167 1.217052 1.195412 0.157678 0.080895 0.045884 0.045586 0.027367 0.035958 0.031608 0.044761 0.028236 0.033363 0.070351 0.038246 0.214027 0.228966 0.106011 0.054298 0.160439 0.264113 0.129371 0.107461 0.031212 0.029458 0.043235 0.018212 0.037636 0.049037 0.055662 0.047676 0.064843 0.050055 0.080442 0.309483 1.406087 2.419742 3.417106 4.418117
3.481947 3.494414 3.515005 0.464076 0.020027 0.040826 0.043120 0.822209 1.921079 1.901755 1.923013 0.814510 0.703137 0.746555 0.033924 0.025100 1.223351 2.218944 0.309998 0.395352 0.155005 1.222785 1.206494 0.196081 0.119833 0.162606 0.068505 0.025520 0.174127 0.182213 0.168312 0.090814 0.046836 0.051491 0.768013 0.400796 0.299845 0.031075 0.037193 0.033776 0.271127 0.155860 0.166557 0.032311 0.032569 0.055626 0.021660 0.029625 0.059105 0.062582 0.056282 0.059840 0.122647 0.094908 1.367459 2.394362 3.410199 4.410669 5.419720
4.485059 4.512954 2.456105 1.167656 0.732900 1.759826 1.943855 2.973208 1.983974 0.855881 0.786915 0.758178 0.719064 0.754087 0.025688 0.023674 1.259556 1.246722 0.251588 0.064095 0.153830 0.202082 1.204996 0.142449 0.083382 0.044122 0.085884 0.063668 0.268134 1.282140 0.189642 0.364777 0.263037 0.969919 0.963204 0.059879 0.041588 0.028221 0.026100 0.034247 0.194636 0.273384 0.291146 0.268247 0.056299 0.048424 0.021660 0.035424 0.037620 0.062096 0.071143 0.215174 0.137901 0.081694 1.348823 2.369719 3.379638 4.377920 5.338511
5.495672 3.503561 2.496407 0.309738 0.608617 1.802866 1.998322 2.049654 1.040617 0.041828 0.597455 0.637552 0.611676 0.582201 0.409330 0.342344 2.254230 1.269246 1.247813 0.256697 0.126212 0.185813 1.199392 0.126840 0.064171 0.020088 0.031395 0.065285 0.256250 0.248632 0.174737 0.352424 0.252282 0.897742 0.897028 0.038873 0.030982 0.043221 0.034127 0.049600 0.248856 0.325727 0.334919 0.282890 0.045205 0.041010 0.018211 0.041191 0.039512 0.056268 0.284027 0.310818 0.679879 0.622862 1.223566 2.364360 3.401269 4.393440 4.448985
3.460571 3.492597 1.470397 0.334749 0.199895 0.259536 1.892224 0.976658 0.906300 0.654182 0.597996 0.581759 0.543857 0.527840 0.435936 2.107973 3.251042 3.251108 2.280753 0.261936 0.096197 0.168085 1.198295 0.131752 0.068193 0.078804 0.041756 0.030968 0.135154 0.060098 0.051765 0.086052 0.170677 0.136832 0.115593 0.060021 0.039680 0.044854 0.029884 0.064506 0.036689 1.406335 1.390831 0.298136 0.033469 0.022484 0.032890 0.039269 0.038047 0.197281 2.407650 1.298626 0.805101 0.654793 1.997394 3.350173 3.410590 3.423906 2.418303
1.513193 0.446132 0.399098 0.366127 0.014396 0.353664 0.285351 0.877982 0.800928 1.021136 2.141719 2.236200 2.277623 1.200720 1.209812 2.254086 3.260515 3.256721 2.246917 0.279641 0.306511 0.121741 1.199395 0.140555 0.072747 0.067940 0.035057 0.020379 0.101280 0.117333 0.089806 0.102669 0.056802 0.036736 0.108377 0.038612 0.048790 0.033286 0.100106 0.060753 0.036614 1.373588 2.373863 1.387275 0.294119 0.216287 0.117836 0.079604 0.136208 2.317709 3.390127 1.288593 0.216208 0.125070 0.258770 1.339130 2.387079 1.379862 0.289506
1.518881 0.017832 0.311355 0.229874 0.591829 0.534429 0.483947 0.359986 0.192702 1.195483 2.235403 2.283527 2.306452 2.296832 3.269704 3.276856 3.272765 3.275069 2.276822 1.255094 0.314556 0.326153 0.120628 0.114280 0.061500 0.034798 0.041862 0.023705 0.139829 0.157845 0.109079 0.078178 0.018837 0.026649 0.052849 0.065483 0.049080 0.148247 0.094519 0.319091 0.322044 3.303918 3.345192 2.327860 1.162529 1.009334 0.774679 0.719248 1.985289 2.363812 2.421942 0.320804 0.179414 0.127158 0.165654 0.290984 1.390652 1.366575 0.086038
1.515357 0.473522 0.345891 0.626865 1.651026 2.686680 1.683816 0.525616 0.032204 0.161090 1.192795 2.272645 2.295132 3.279543 4.281775 4.281794 3.266927 3.267941 3.270605 1.257417 0.316576 0.305763 0.090204 0.038520 0.041184 0.035118 0.023506 0.022942 0.057071 0.181069 0.028801 0.034565 0.024406 0.028282 0.069206 0.072502 0.047829 0.025475 0.072731 0.283133 3.358634 5.383862 3.371744 2.367273 0.247461 0.189664 0.109297 0.078270 0.063427 0.043902 0.127042 0.129664 0.228339 0.260989 0.273198 0.210612 0.354120 0.322673 0.092937
2.516507 1.516334 0.340489 1.633481 2.686273 3.690495 2.704972 0.023736 0.014396 0.025341 1.050487 3.253872 4.280442 4.304746 5.299392 4.276320 4.258358 5.238142 4.275247 2.272279 1.288150 0.034554 0.032307 0.022323 0.029839 0.019310 0.027366 0.023567 1.109777 0.066283 0.029595 0.031959 0.067696 0.101140 0.075082 0.050103 0.076470 0.065024 0.079994 1.315042 4.343199 5.346638 2.339744 0.247765 0.116431 0.078316 0.051978 0.055718 0.034509 0.039605 0.051522 0.047311 0.436706 0.449098 0.282691 0.163544 0.137340 0.151017 0.173819
1.478875 0.369332 0.270997 0.644214 2.668661 2.675174 2.675749 1.689039 0.024276 0.029433 1.102069 3.275662 4.296091 4.315086 3.294531 3.285346 4.269310 5.274467 4.298048 1.279693 0.235862 0.049462 0.035500 0.044059 0.031411 0.031914 0.038795 0.033363 0.140602 0.025704 0.017372 0.025703 0.031869 0.074394 0.154229 0.136314 0.337899 0.264344 1.321511 2.304612 4.332792 2.277548 0.052964 0.037849 0.125072 0.136909 0.059760 0.027336 0.024925 0.035378 0.048194 0.043436 1.643830 1.682581 0.436959 0.022042 0.034209 0.095925 0.097754
0.088675 0.086746 0.140914 0.566726 1.613834 1.659969 1.681659 0.541178 0.388290 0.445943 1.147200 2.294713 3.314226 3.340222 2.329592 1.267994 3.228985 4.250029 3.265859 1.263961 0.220908 0.061698 0.079263 0.042015 0.039208 0.033576 0.052376 0.033928 0.135460 0.025704 0.017372 0.025703 0.042762 0.037956 0.126839 0.122215 0.365883 1.293861 3.326135 4.319374 3.328331 0.040189 0.019982 0.069496 0.073478 0.089033 0.094246 0.040490 0.014396 0.054192 0.049980 0.075822 1.545580 1.540539 0.039022 0.028983 0.028511 0.082421 0.064705
0.106757 0.065498 0.088809 0.656516 0.691948 0.650685 0.672915 0.032236 0.046029 0.323588 1.145229 1.277470 1.289580 1.294033 1.292387 1.249884 3.228516 4.245897 3.254132 2.246418 0.190153 0.041420 0.060264 0.069054 0.052040 0.053184 0.035285 0.090062 0.083413 0.069023 0.025597 0.028404 0.043038 0.047095 0.131874 0.127571 0.338248 1.316764 1.317410 2.241846 0.071739 0.040841 0.017967 0.028871 0.083992 0.068538 0.052223 0.053307 0.143775 0.090248 0.099526 0.060185 0.619234 0.782201 0.020561 0.018517 0.023812 0.068947 0.030830
0.079751 0.079904 0.578495 0.712290 0.702609 0.077892 0.034890 0.034188 0.073402 0.056527 0.163329 1.287512 1.294680 1.300117 0.278385 1.210432 3.236778 4.243705 3.247623 2.250575 0.204853 0.195080 0.204254 0.155743 0.069632 0.039802 0.022179 0.058173 0.751715 0.075020 0.145440 0.205850 0.023017 0.057426 0.051033 0.120567 0.087058 0.056815 0.301511 0.126106 0.102242 0.076133 0.021034 0.017967 0.075187 0.054363 0.040581 0.061760 0.116081 0.097862 0.065483 0.068290 0.134040 1.028466 0.163943 0.036211 0.030372 0.054012 0.028955
0.083504 0.088386 0.572061 0.718701 0.679835 0.092842 0.060494 0.028740 0.056023 0.041833 0.057501 0.045602 0.193711 0.208677 0.217971 2.189491 4.209861 5.218940 4.190543 2.236832 1.217932 1.230650 1.230055 0.157956 0.067062 0.050484 0.021827 0.075844 1.668861 0.658014 0.203468 0.218941 0.253930 0.026055 0.084248 0.062646 0.055061 0.055184 0.282871 0.110146 0.107302 0.133309 0.037849 0.063072 0.110009 0.020393 0.031196 0.046836 0.035042 0.035819 0.049478 0.066856 0.164931 2.197001 1.023071 0.279078 0.078387 0.028786 0.044395
0.024161 0.031135 0.538354 0.679594 0.053682 0.086739 0.056739 0.046242 0.045298 0.039390 0.051170 0.047096 0.066475 0.059573 0.053056 2.203003 5.230849 5.235750 5.225317 4.209406 2.221626 2.231233 2.225494 0.135561 0.062082 0.031381 0.033013 2.771384 1.736425 0.636266 0.139902 0.032264 0.043296 0.051689 0.031532 0.039619 0.022759 1.113106 0.117408 0.142555 0.127464 0.165855 0.323434 0.365834 0.115427 0.165642 0.056220 0.019111 0.031106 0.044761 0.036873 0.030738 0.103467 1.092305 0.351732 0.249507 0.031543 0.027367 0.037987
0.044350 0.037514 0.105558 0.107478 0.041893 0.041191 0.032661 0.043664 0.025901 0.053475 0.035316 0.041084 0.036386 0.055398 0.037835 2.221350 4.235087 6.221532 6.225531 5.223655 4.205263 3.221967 2.216181 0.162511 0.085350 0.158669 0.023735 1.842279 0.692166 0.047477 0.045556 0.034447 0.040490 0.027566 0.033012 0.030830 0.082207 0.093376 0.098215 0.043206 0.033485 0.025948 0.061831 0.063912 0.045295 0.066048 0.094355 0.025460 0.046043 0.050361 0.063225 0.121583 0.094375 0.276132 0.408092 0.452474 0.031491 0.052661 0.068126
0.044578 0.069572 0.061241 0.056980 0.032082 0.027565 0.028924 0.017372 0.034782 0.026558 0.029335 0.024193 0.031197 0.022774 0.030918 2.121698 5.233486 7.243341 7.248321 6.245988 5.234638 3.248698 2.238782 1.096502 0.202862 0.283697 0.516365 0.636208 0.069282 0.044411 0.043938 0.025535 0.023705 0.027885 0.046760 0.068703 0.665200 0.554054 0.035698 0.042046 0.037712 0.032784 0.038750 0.029289 0.056221 0.045846 0.049554 0.017372 0.025703 0.040275 0.042102 0.156809 0.014396 0.044433 0.619878 0.640849 0.748861 0.707394 0.716498
0.049751 0.097995 0.037926 0.025398 0.037348 0.027322 0.028923 0.017372 0.027489 0.066001 0.023949 0.023155 0.029274 0.033317 1.013667 4.216626 6.235349 7.254618 8.250701 7.245090 6.240520 4.229763 3.247141 2.239822 0.231870 0.142631 0.059395 0.117698 0.094367 0.031304 0.025535 0.035713 0.025535 0.039345 0.051399 0.691596 0.700189 0.557773 0.039146 0.032386 0.024681 0.030617 0.029198 0.019814 0.020989 0.045205 0.062737 0.017372 0.025703 0.030906 0.057949 0.126655 0.117736 0.068946 0.699917 0.713166 0.756180 1.819575 2.840791
0.050407 0.132134 0.038033 0.022606 0.095253 0.040123 0.029564 0.025811 0.056449 0.062386 0.044441 0.038048 0.032188 0.042824 2.214840 4.203489 6.236952 6.238081 7.234810 8.204300 6.227868 5.224373 5.222163 3.216971 0.189183 0.080552 0.056710 0.086205 0.031884 0.039391 0.023705 0.025535 0.053048 0.042168 0.713448 0.731500 0.634041 0.044808 0.034141 0.042611 0.024498 0.030006 0.025276 0.040779 0.034782 0.106422 0.033744 0.027397 0.038796 0.045552 0.052520 0.104176 1.764946 1.824066 0.772263 1.822307 2.841753 3.845861 3.858598
