use_cases/Flooding_chicago/flooding_data/output/h_2640.asc
ncols 337
nrows 393
xllcorner 428428.000000
yllcorner 4602440.000000
cellsize 26.757400
NODATA_value -9999.000000
[rows 162 to 188 of 393, columns 236 to 294 of 337]
4.767158 4.750703 4.755456 4.751154 4.788452 1.684031 1.696357 0.575030 2.372963 4.460183 5.498990 4.518234 4.510360 4.483490 3.506779 2.460139 1.418854 1.373881 1.366067 1.350169 2.332718 2.352209 3.348687 3.354886 1.339987 0.374045 0.149059 0.177231 0.032967 0.019677 0.238255 1.289529 1.281755 1.269199 0.190649 0.042259 0.027046 0.036689 0.037437 0.106467 0.092293 0.051949 -9999.000000 -9999.000000 -9999.000000 -9999.000000 -9999.000000 -9999.000000 -9999.000000 -9999.000000 -9999.000000 -9999.000000 -9999.000000 -9999.000000 -9999.000000 -9999.000000 -9999.000000 -9999.000000 -9999.000000
4.757031 4.740637 4.744523 4.741441 4.784106 2.667691 2.687475 1.583059 2.401138 4.445439 6.474191 6.546488 4.510776 3.453438 3.511233 1.443223 1.432911 2.317791 3.375031 4.389845 3.383062 3.388595 3.377395 2.395493 0.315888 0.026481 0.032722 0.047798 0.027244 0.028893 0.033714 0.206622 1.271428 1.262932 0.207146 0.035668 0.058068 0.093849 0.022163 0.120918 0.084449 0.119621 -9999.000000 -9999.000000 -9999.000000 -9999.000000 -9999.000000 -9999.000000 -9999.000000 -9999.000000 -9999.000000 -9999.000000 -9999.000000 -9999.000000 -9999.000000 -9999.000000 -9999.000000 -9999.000000 -9999.000000
4.755876 4.736581 4.742114 5.727016 4.778107 2.649366 2.629336 2.586073 2.523946 4.388650 6.466609 6.543779 4.535834 2.480200 2.502298 1.454353 1.444967 2.299884 4.347493 5.377046 4.378643 4.390698 3.375324 2.383618 1.385145 0.294231 0.043388 0.027840 0.038520 0.027107 0.039314 0.026300 0.187024 1.142649 1.071229 1.102516 1.138919 0.080163 0.109703 0.112908 0.081886 0.119241 -9999.000000 -9999.000000 -9999.000000 -9999.000000 -9999.000000 -9999.000000 -9999.000000 -9999.000000 -9999.000000 -9999.000000 -9999.000000 -9999.000000 -9999.000000 -9999.000000 -9999.000000 -9999.000000 -9999.000000
4.752649 3.733502 4.725194 4.728421 3.763387 1.656064 2.558324 2.575125 2.517289 2.513029 4.435895 4.525936 3.523776 2.517038 1.482943 1.459886 1.448506 2.228679 3.341237 4.364316 4.365712 4.374223 3.361734 3.377802 1.380718 0.264435 0.052055 0.032189 0.033272 0.053855 0.179009 0.019005 0.168697 1.199894 2.111712 2.166918 0.153176 0.080298 0.111107 0.115699 0.094780 0.053140 0.063881 -9999.000000 -9999.000000 -9999.000000 -9999.000000 -9999.000000 -9999.000000 -9999.000000 -9999.000000 -9999.000000 -9999.000000 -9999.000000 -9999.000000 -9999.000000 -9999.000000 -9999.000000 -9999.000000
3.743053 3.730077 3.739306 3.755240 1.725871 1.681757 1.642482 1.586110 1.542181 2.422780 2.484809 2.501719 3.498714 2.498329 2.511813 2.493476 2.496891 1.334240 1.358755 2.357406 2.365708 2.371180 2.366077 2.370713 0.275423 0.031288 0.024223 0.030709 0.026619 0.044412 0.107284 0.126483 0.014396 0.137603 1.116636 1.097235 0.028694 0.024544 0.030098 0.025474 0.097786 0.066826 0.056491 -9999.000000 -9999.000000 -9999.000000 -9999.000000 -9999.000000 -9999.000000 -9999.000000 -9999.000000 -9999.000000 -9999.000000 -9999.000000 -9999.000000 -9999.000000 -9999.000000 -9999.000000 -9999.000000
2.723541 2.715211 2.718464 2.725703 1.723326 1.688221 1.638192 1.548044 1.529389 1.500498 1.491104 2.485712 2.508573 2.508993 2.514487 2.506861 1.510264 0.025442 0.028437 0.335174 0.346181 1.358837 2.353137 2.357784 0.025536 0.018181 0.022163 0.058295 0.045623 0.037437 0.285927 0.066446 0.081041 0.104235 0.086295 0.899945 0.028771 0.024773 0.030891 0.030143 0.024147 0.022438 0.029031 -9999.000000 -9999.000000 -9999.000000 -9999.000000 -9999.000000 -9999.000000 -9999.000000 -9999.000000 -9999.000000 -9999.000000 -9999.000000 -9999.000000 -9999.000000 -9999.000000 -9999.000000 -9999.000000
1.621333 1.714381 1.744418 1.757962 1.741339 1.715035 1.658844 0.528334 0.444312 0.402876 0.446544 1.484450 1.482453 2.496710 2.500486 2.487358 1.485713 0.025569 0.029166 0.023237 0.346265 0.340964 1.342690 0.285471 0.023827 0.025453 0.067304 0.061945 0.077745 0.021995 0.234430 0.218283 0.056640 0.075680 0.053618 0.674297 0.033347 0.043602 0.052482 0.053845 0.031090 0.018228 0.027870 -9999.000000 -9999.000000 -9999.000000 -9999.000000 -9999.000000 -9999.000000 -9999.000000 -9999.000000 -9999.000000 -9999.000000 -9999.000000 -9999.000000 -9999.000000 -9999.000000 -9999.000000 -9999.000000
0.866544 1.720241 1.787548 1.802735 1.793371 1.817035 0.771112 0.075431 0.057652 0.048284 0.037688 0.462576 1.492538 2.501062 2.504864 2.491268 1.499483 1.510845 1.516514 0.018395 0.325337 0.319903 0.287359 0.236866 0.137639 0.528889 1.582560 0.538579 0.048697 0.035475 0.162973 0.155676 0.035551 0.041314 0.073052 0.752961 0.601929 0.039847 0.055949 0.063904 0.043948 0.027809 0.032173 0.025887 -9999.000000 -9999.000000 -9999.000000 -9999.000000 -9999.000000 -9999.000000 -9999.000000 -9999.000000 -9999.000000 -9999.000000 -9999.000000 -9999.000000 -9999.000000 -9999.000000 -9999.000000
0.901405 1.684189 1.799194 2.855536 1.742409 1.731512 0.680159 0.076523 0.029549 0.027947 0.060938 0.394644 2.480536 2.497877 2.505544 2.495021 2.504140 2.498854 1.505850 0.479806 0.357653 0.314710 0.256065 0.180679 0.637990 1.647190 2.645620 1.644774 0.056552 0.035300 0.783704 0.794481 0.792935 0.777025 1.775312 1.791561 3.797695 3.816855 2.835718 2.818894 1.799512 0.042045 0.023109 0.397718 -9999.000000 -9999.000000 -9999.000000 -9999.000000 -9999.000000 -9999.000000 -9999.000000 -9999.000000 -9999.000000 -9999.000000 -9999.000000 -9999.000000 -9999.000000 -9999.000000 -9999.000000
0.994797 1.581322 2.803878 2.850003 0.662591 0.094556 0.102208 0.050820 0.044136 0.039040 0.068687 0.389636 2.497352 3.508256 2.514847 2.506474 2.505159 2.514428 2.525269 1.528082 0.016290 0.250029 0.158737 0.734574 0.717478 1.597682 2.635633 1.679116 0.523726 0.353105 1.723621 2.854506 2.872726 2.855020 2.831814 3.798050 5.815174 5.834401 5.852815 4.846608 2.823882 1.798249 0.583927 0.637006 0.392683 -9999.000000 -9999.000000 -9999.000000 -9999.000000 -9999.000000 -9999.000000 -9999.000000 -9999.000000 -9999.000000 -9999.000000 -9999.000000 -9999.000000 -9999.000000 -9999.000000
0.984091 1.442345 2.744922 0.640542 0.024544 0.027412 0.116404 0.048089 0.066298 0.048290 0.045743 0.109541 1.437720 3.478605 3.502390 2.501329 1.491880 2.491279 2.491910 1.484148 0.449608 0.286714 0.828189 0.754050 0.720515 0.689656 0.620536 0.661644 0.014396 0.242870 2.705003 3.843376 4.845982 4.843416 4.814919 4.825797 7.810414 7.830894 6.843583 5.843465 3.838400 1.785823 1.779666 0.385961 0.214845 0.148659 -9999.000000 -9999.000000 -9999.000000 -9999.000000 -9999.000000 -9999.000000 -9999.000000 -9999.000000 -9999.000000 -9999.000000 -9999.000000 -9999.000000 -9999.000000
0.807970 0.577505 0.554881 0.031410 0.014396 0.023384 0.063276 0.084193 0.090417 0.017372 0.020133 0.202440 0.410354 1.383675 1.410740 1.476470 0.472054 1.444605 0.411276 0.512063 0.167195 0.120010 0.230802 0.017967 0.021034 0.026115 0.467827 0.520072 0.377383 0.245677 2.670933 4.840656 3.868663 3.852216 4.822949 5.826951 6.836211 6.837875 5.845006 4.851992 3.844511 2.843406 1.822279 0.039854 0.017967 0.030144 -9999.000000 -9999.000000 -9999.000000 -9999.000000 -9999.000000 -9999.000000 -9999.000000 -9999.000000 -9999.000000 -9999.000000 -9999.000000 -9999.000000 -9999.000000
0.468048 0.036760 0.056787 0.027931 0.044949 0.018441 0.087350 0.086938 0.092394 0.017372 0.052264 0.334242 0.268985 0.181711 0.132302 0.118119 0.111941 0.124323 0.154147 0.296000 0.315863 0.199617 0.286862 0.217802 0.017967 0.295687 1.327008 1.336516 1.284974 1.893290 2.685816 3.820733 3.922979 2.872178 3.820104 4.846157 5.848519 5.867728 4.881040 3.854511 3.846970 3.858823 2.849782 0.042291 0.021034 0.017967 0.020378 0.276002 -9999.000000 -9999.000000 -9999.000000 -9999.000000 -9999.000000 -9999.000000 -9999.000000 -9999.000000 -9999.000000 -9999.000000 -9999.000000
0.028140 0.038447 0.038985 0.825014 1.833497 1.848427 0.794849 0.063420 0.079585 0.063900 0.065700 0.447642 0.367431 0.030689 0.028892 0.161362 0.150774 0.031710 0.028710 0.453606 0.434388 0.248194 0.130123 0.550775 0.020378 0.317827 1.333007 2.396537 1.313687 1.121492 1.628360 1.799793 2.810812 2.827284 2.807939 3.814449 4.827445 4.837972 4.860475 3.822319 3.811347 4.776427 3.807187 1.658847 0.082373 0.047943 0.080359 0.481831 -9999.000000 -9999.000000 -9999.000000 -9999.000000 -9999.000000 -9999.000000 -9999.000000 -9999.000000 -9999.000000 -9999.000000 -9999.000000
0.033271 0.014396 0.046154 1.843671 2.859192 2.858027 1.840944 0.774378 0.073351 0.020378 0.065109 0.607176 0.034437 0.049624 0.042106 0.186293 0.032117 0.052251 0.041023 0.589162 0.610125 0.019723 0.102790 0.507065 0.464920 0.429197 1.349591 2.407120 1.380431 1.338523 0.242800 0.728063 0.752230 1.786319 2.786464 2.785579 3.806329 4.813001 4.848837 3.807724 3.796273 4.790405 3.809731 1.524868 1.192766 1.101131 1.878079 3.001739 1.341404 -9999.000000 -9999.000000 -9999.000000 -9999.000000 -9999.000000 -9999.000000 -9999.000000 -9999.000000 -9999.000000 -9999.000000
1.759083 0.669128 0.709765 1.829853 2.848038 2.825530 1.827250 0.791358 0.027336 0.031181 0.073761 0.690643 0.047404 0.059213 0.022591 0.022591 0.040800 0.691593 1.780029 1.805201 0.737946 0.028136 0.156187 0.507586 0.495620 0.477045 1.378955 2.427577 3.502775 1.403936 0.349315 0.312289 0.278130 0.700341 1.757100 2.732829 3.775507 4.775573 4.802232 4.775904 4.750310 4.781636 3.589885 3.277599 3.293600 4.167215 4.239430 4.230440 2.954648 1.180532 -9999.000000 -9999.000000 -9999.000000 -9999.000000 -9999.000000 -9999.000000 -9999.000000 -9999.000000 -9999.000000
3.801757 2.736427 2.713992 1.826828 0.863108 1.855023 1.826862 0.055990 0.035713 0.035744 0.083215 0.793765 0.833273 0.040351 0.022591 0.022591 1.730210 2.770306 3.782492 2.772982 1.728620 0.551898 0.329374 0.512570 1.437165 1.508341 1.455115 3.430637 4.492459 1.438739 0.399996 0.370820 0.344182 0.262576 0.711368 2.692476 3.772292 4.737742 4.767358 4.721663 4.710006 4.750394 3.546797 4.257781 4.374424 5.218147 5.331257 4.175792 2.700790 2.297879 1.513910 -9999.000000 -9999.000000 -9999.000000 -9999.000000 -9999.000000 -9999.000000 -9999.000000 -9999.000000
3.803374 2.774540 2.775549 1.846284 0.834784 0.819171 0.793409 0.083287 0.041360 0.039498 0.894911 1.848274 1.882736 0.882688 0.058541 0.059030 2.738820 4.781821 4.792916 2.780928 0.668028 0.522628 0.316790 1.426123 1.472721 1.490937 2.435950 3.369735 3.445634 2.456315 2.489732 1.455473 1.476356 0.311393 0.735562 2.707143 4.824396 3.814409 3.716975 2.648201 3.507039 3.654107 2.481357 3.182447 4.310241 4.202281 4.215534 3.141098 1.692975 1.365054 1.127702 -9999.000000 -9999.000000 -9999.000000 -9999.000000 -9999.000000 -9999.000000 -9999.000000 -9999.000000
3.753558 2.736138 1.715310 0.056848 0.074533 0.096441 0.101474 0.033134 0.055030 0.046394 1.893656 2.814450 2.881167 0.868851 0.851621 0.826642 3.718813 5.758793 4.784424 2.791794 0.744853 0.028334 0.146920 0.423218 1.416477 1.482605 2.457422 1.466606 1.473054 2.387279 2.444284 3.376378 2.444765 1.272871 0.975157 1.773454 4.817500 3.871937 1.880701 1.849477 1.815785 1.765436 1.636857 3.216316 4.469183 3.594722 1.271554 1.089016 0.813132 1.187037 1.401431 0.199873 -9999.000000 -9999.000000 -9999.000000 -9999.000000 -9999.000000 -9999.000000 -9999.000000
3.693589 3.671254 1.634552 0.046126 0.014396 0.110393 0.091469 0.037087 0.023566 0.022942 0.058500 1.833125 2.865062 1.907360 0.861489 0.843656 2.700453 3.757499 3.777769 2.799894 0.759056 0.036522 0.088925 0.490974 0.540367 1.399547 2.469659 1.489495 1.480509 2.364412 2.440893 2.433018 2.468347 1.402385 0.201517 2.689747 3.726269 2.893680 1.882620 1.859760 2.903167 1.769331 2.448983 4.319936 4.539686 3.617739 1.303263 1.070244 0.696161 1.074225 1.126148 -9999.000000 -9999.000000 -9999.000000 -9999.000000 -9999.000000 -9999.000000 -9999.000000 -9999.000000
2.647054 2.594389 2.385262 0.313038 0.040320 0.069197 0.061408 0.031288 0.027366 0.023507 0.021721 0.651039 2.830514 3.914298 2.905910 1.828012 2.757867 2.789320 2.814130 1.821039 0.763135 0.033625 0.051389 1.505764 1.645586 1.532860 2.451134 2.574568 2.604043 1.443127 1.447317 1.370603 1.359799 1.289798 1.082745 1.814926 2.951189 4.011475 4.123048 2.994652 2.838574 2.804203 2.502936 4.218593 4.460569 3.511949 2.445471 1.036912 2.064498 2.252764 3.344422 0.780789 -9999.000000 -9999.000000 -9999.000000 -9999.000000 -9999.000000 -9999.000000 -9999.000000
0.073345 1.428101 3.245968 1.138391 0.133680 0.126995 0.105503 0.035598 0.019310 0.031287 0.050755 1.747263 3.848239 3.881805 2.850341 2.820511 2.816438 1.788843 1.772882 1.809130 0.590731 0.374016 1.392413 1.564540 1.598572 1.551684 2.426388 2.565781 2.591115 1.490336 1.557177 0.484332 0.440334 0.363025 0.924893 1.881091 2.949131 3.956686 4.014410 4.047271 2.825235 2.683003 2.229481 2.208324 2.356456 2.388404 2.411266 0.993473 2.048407 2.238911 3.328222 0.939317 -9999.000000 -9999.000000 -9999.000000 -9999.000000 -9999.000000 -9999.000000 -9999.000000
0.047981 0.349652 2.198630 1.931886 2.000832 0.906580 0.924200 0.908511 0.032495 0.042855 1.773003 3.841050 3.861893 2.894178 1.851708 1.815745 1.786231 1.819366 0.712305 0.628829 0.777117 1.234283 1.468388 1.667882 1.634719 1.574833 2.356188 2.602584 1.505491 1.474393 1.499763 1.537665 0.457064 0.386193 0.262678 1.809309 2.953296 3.966292 4.023331 4.022662 2.898031 2.775883 0.458544 0.320470 1.314867 1.365062 0.269349 0.130370 1.137940 2.192125 2.263200 1.107488 0.068812 -9999.000000 -9999.000000 -9999.000000 -9999.000000 -9999.000000 -9999.000000
0.048027 0.053275 0.237022 1.954224 2.186826 2.019283 2.029430 2.968944 1.950570 1.945108 3.763386 4.888282 3.927563 2.943834 1.931960 0.820739 0.775594 0.746956 0.689693 0.582082 2.219630 2.423158 1.739712 2.647425 1.600849 1.561283 1.456849 1.486633 1.441161 2.284348 2.403273 2.416701 2.475942 0.391174 0.321127 1.759787 2.866042 3.903836 4.018374 3.966471 2.877034 1.926219 0.107512 0.050657 0.327495 0.352039 0.027658 0.027484 0.129969 0.144124 0.165040 0.120446 0.024025 -9999.000000 -9999.000000 -9999.000000 -9999.000000 -9999.000000 -9999.000000
0.071205 0.049950 0.041991 0.996383 1.128201 2.026433 2.066194 2.953038 2.992367 2.960233 3.747172 4.854085 4.936408 3.944673 2.954917 0.813723 0.764458 0.734067 0.670989 1.076273 2.053225 2.141980 0.640848 1.244430 1.431502 1.493469 0.416706 0.404542 1.286804 3.295021 3.382243 3.388497 3.403785 2.324617 2.329240 2.086508 2.107154 3.019872 4.106349 3.127267 2.076183 2.020622 1.205609 0.014396 0.113766 0.118251 0.017372 0.017372 0.139162 0.025276 0.033043 0.034249 0.028909 0.038637 0.046739 -9999.000000 -9999.000000 -9999.000000 -9999.000000
0.090524 0.056800 0.047650 1.063525 1.154714 1.128700 1.084257 1.899628 1.975273 2.887583 2.876474 3.809972 3.879270 3.918961 2.899126 1.849988 0.746391 1.378129 2.520339 2.483351 2.070640 0.915122 0.084964 0.079258 0.042822 0.344645 0.386631 0.396413 0.382820 3.310658 4.388719 4.400660 4.409646 4.382607 4.427568 2.169580 2.162982 3.051340 4.153773 3.167121 3.231083 2.122833 2.198981 2.200670 1.189883 1.197178 0.176138 0.158396 0.112913 0.024589 0.014396 0.038826 0.041100 0.029366 0.054324 0.070391 -9999.000000 -9999.000000 -9999.000000
0.081993 0.106087 0.158517 3.090292 3.157177 1.141556 1.099516 1.031959 1.928059 1.952417 1.825579 1.794636 2.775083 2.827196 2.794317 2.721677 2.727511 3.694188 4.747910 3.730364 1.672526 0.034995 0.017967 0.032356 0.039992 0.046588 0.407806 0.028074 0.027871 2.305297 3.358748 4.375851 4.381824 4.372667 3.376769 2.215655 2.199760 2.988729 4.089555 4.174823 3.174785 2.033900 1.163280 2.197837 2.190080 2.200209 2.213710 2.195061 1.185596 0.155232 0.019310 0.172923 0.028561 0.033701 0.040989 0.063054 0.070998 0.060911 0.028531
