use_cases/Flooding_chicago/flooding_data/output/h_2640.asc
ncols 337
nrows 393
xllcorner 428428.000000
yllcorner 4602440.000000
cellsize 26.757400
NODATA_value -9999.000000
[rows 162 to 188 of 393, columns 177 to 235 of 337]
0.047874 0.094581 0.102276 0.134422 0.130791 0.053612 0.020210 0.030235 0.146173 0.278542 0.275171 0.129936 0.078575 0.045984 0.053002 0.052391 0.065041 0.048017 0.066536 4.339564 5.376108 6.379136 5.337031 3.394989 2.407388 0.290875 0.296664 0.358150 0.328216 0.278988 0.187551 0.275186 1.860195 1.099142 0.078649 0.062069 0.054628 0.020699 0.087049 0.256119 0.581911 0.663571 0.880140 0.061603 0.025291 0.032799 0.048439 0.030128 0.037422 0.028801 0.034279 2.745934 3.732020 2.752062 0.716474 1.736585 1.730398 3.755481 4.767948
0.028649 0.091326 0.075050 0.163306 0.146355 0.060478 0.030174 0.019798 0.023949 1.522119 1.528143 0.019645 0.028405 0.029579 0.024223 0.045219 0.032708 0.039513 0.060019 2.401139 4.416340 5.450951 5.417995 4.434304 3.429556 2.437651 2.426824 0.378065 0.370882 0.329873 0.234463 1.294779 1.791448 1.048871 0.046772 0.053719 0.028984 0.020194 0.026619 0.287571 0.790974 0.925753 0.382607 0.085698 0.118506 0.085463 0.086544 0.032997 0.042672 0.032966 0.057598 3.709792 4.743804 3.737255 3.735605 3.742031 3.722025 5.746775 4.761878
0.039405 0.085560 0.090187 0.119530 0.100425 0.092857 0.035622 0.060982 0.374973 2.541146 2.544489 1.557778 0.022484 0.622261 0.023155 0.023018 0.024955 0.032875 0.033730 2.403502 3.354366 5.409133 5.387052 4.439888 3.414888 2.441437 2.431774 1.411769 0.369773 0.333891 0.242967 1.337380 0.484445 0.387312 0.039175 0.032339 0.017967 0.031760 0.031303 0.422317 1.060318 0.393944 0.184676 0.125964 0.127380 0.627791 1.749831 0.565706 0.070869 0.060414 1.716303 5.759060 6.731712 5.752175 4.749585 3.744678 4.719154 5.754802 4.763184
0.086250 0.064811 0.077870 0.136146 0.127113 0.050102 0.039040 0.070076 0.368863 1.519126 2.530250 1.495766 0.641000 1.624240 1.630136 0.577233 0.033104 0.046226 0.038688 2.400956 2.451040 3.391640 2.423944 2.451974 3.406900 2.444440 1.432493 1.413410 0.371526 0.307375 0.227772 0.111679 0.680759 0.366509 0.068682 0.017967 0.021034 0.028053 0.908805 0.856915 0.744730 0.384842 0.349990 0.029019 0.098166 0.637949 1.781771 1.822977 0.793592 0.813448 1.728121 5.712658 6.729967 6.744351 4.736220 4.740126 5.728812 5.745735 4.751968
0.086144 0.033973 0.037026 0.193305 0.080315 0.095955 0.062735 0.054406 0.073844 0.389412 1.495322 0.432350 0.504725 1.602319 1.591288 0.562980 0.030037 0.053468 0.065728 2.381263 2.456569 2.494566 1.470693 2.463232 2.449064 2.458892 1.457233 0.346114 0.065045 0.031717 0.027839 0.036888 0.414004 0.613294 0.109240 0.028185 0.027336 0.034843 0.886815 2.138264 1.106272 0.092140 0.070420 0.040336 0.055631 0.069918 0.738610 0.836985 0.821205 0.827141 1.726759 4.675567 4.726813 4.749745 4.737305 4.737186 4.737319 3.747536 3.747945
0.054329 0.029548 0.033257 0.078301 0.106559 0.091164 0.071130 0.073127 0.106943 0.314462 0.329752 0.032418 0.031501 0.048440 0.510705 0.554695 0.020050 0.068549 0.053373 2.304381 2.426806 2.489428 1.411037 1.419666 1.421168 1.397552 1.402906 0.315606 0.095939 0.032676 0.028430 0.040717 0.099169 0.954223 1.137842 0.090095 0.439429 0.387650 0.986425 2.008614 1.080398 0.057513 0.014396 0.092202 0.062279 0.038292 0.041893 0.840742 0.834042 0.835621 1.629462 2.517278 1.666430 1.704084 2.725928 3.723557 3.728446 2.726622 2.724149
0.047951 0.022422 0.039698 0.093177 0.052483 0.030761 0.057564 0.057746 0.089410 0.080554 0.043739 0.032875 0.030297 0.044060 0.067390 0.071389 0.155464 0.089272 0.576365 2.065751 2.292521 2.213383 0.256693 0.022714 0.280817 0.044180 0.083894 0.133018 0.099101 0.056684 0.014396 0.019310 0.158636 0.906655 2.066219 2.120428 0.605156 0.505261 0.594215 0.608104 0.581666 0.079465 0.124256 0.125936 0.026787 0.026069 0.033196 0.075013 0.770156 0.771768 0.721473 0.909117 0.150251 0.092035 0.572842 1.546467 1.623239 1.587611 1.578059
0.042107 0.030113 0.029794 0.113863 0.029549 0.026177 0.035057 0.033044 0.054849 0.048836 0.041633 0.035287 0.026970 0.035224 0.034919 0.140205 0.020042 0.030419 0.336438 0.434921 1.553074 0.480723 0.060598 0.028351 0.075320 0.039434 0.055757 0.091743 0.139935 0.085470 0.072503 0.445203 1.122882 1.911069 2.060780 1.127427 0.084232 0.064554 1.783889 0.727563 0.670499 0.088454 0.129410 0.140376 0.036675 0.034248 0.046684 0.039665 0.127997 0.155137 0.238635 1.160129 0.255558 0.018654 0.046384 0.032464 0.760793 0.856257 0.895977
0.039635 0.020745 0.036278 0.085426 0.027564 0.014396 0.019310 0.028008 0.036582 0.025063 0.022881 0.035301 0.029854 0.040962 0.054192 0.037451 0.031243 0.020531 0.489277 0.649900 1.073944 0.770033 0.062700 0.037136 0.074632 0.031319 0.029029 0.128207 0.237248 0.780472 0.950283 0.643154 0.520214 0.619825 0.708752 0.108950 0.044505 0.029809 1.813116 1.844674 0.680270 0.098839 0.036643 0.047203 0.049477 0.037972 0.037391 0.058222 0.045654 0.030845 0.350991 1.334303 1.383942 0.024529 0.017967 0.021034 0.042114 0.858976 0.963212
0.020744 0.033898 0.025841 0.046975 0.037179 0.048820 0.031959 0.034037 0.030861 0.037438 0.040290 0.096657 0.026055 0.034751 0.034753 0.112389 0.114092 0.055915 0.767523 0.872523 0.898013 0.927304 0.137965 0.030342 0.038954 0.039452 0.032020 0.160815 0.377706 0.708785 1.893509 0.606788 0.369920 0.230863 0.144822 0.102788 0.099107 0.215605 1.751332 1.865026 0.746338 0.134088 0.054345 0.064430 0.044273 0.031257 0.056780 0.796028 0.029046 0.030785 0.402693 1.380848 1.390269 1.356474 0.091162 0.017967 0.072626 2.098396 1.112596
0.036233 0.025795 0.028313 0.056160 0.034187 0.044761 0.039909 0.042869 0.042259 0.058361 0.275312 0.058663 0.021431 0.053523 0.073186 0.619686 0.668662 1.227465 2.154863 2.282595 2.260661 1.211640 0.193225 0.042366 0.026435 0.014396 0.019310 0.279803 0.511417 0.671086 0.663352 0.032448 0.040951 0.039071 0.027168 0.037684 0.155832 0.257767 1.689562 1.827998 0.749025 0.144777 0.058189 0.057625 0.071357 0.045280 1.774855 2.798542 1.789336 0.023476 0.443482 1.358634 1.380474 1.185854 0.845146 0.039536 0.578071 1.880193 1.112028
0.044593 0.032310 0.019539 0.037117 0.038354 0.066077 0.045343 0.098732 0.253005 2.411131 2.442925 1.382732 0.027901 0.031394 0.658996 0.690203 0.693424 1.171808 2.585039 2.197825 1.061301 1.068596 0.203410 0.023583 0.023552 0.108391 0.078871 0.479167 0.639003 0.422619 0.038826 0.028404 0.031944 0.027260 0.026740 0.054420 0.253819 0.321446 0.541105 0.548770 0.504607 0.091820 0.048287 0.048439 0.195525 0.124982 1.715633 2.760483 1.765542 0.636883 0.490554 0.378886 0.359824 0.431760 0.768859 0.793091 1.674535 1.464095 1.102833
0.054069 0.035148 0.020500 0.040931 0.038933 0.060509 0.101027 1.249623 2.369639 3.393813 2.460668 1.289200 1.045703 0.932860 0.838913 1.725918 1.786180 1.516445 1.078992 1.185233 0.320603 0.062521 0.074437 0.024875 1.100485 1.121809 2.099859 0.886212 0.796588 0.078995 0.031456 0.024254 0.044090 0.076484 0.152256 0.086450 0.382712 0.270530 0.166856 0.129556 0.070091 0.132119 0.073738 0.061210 0.158505 0.564019 0.509736 0.466781 0.463331 0.466366 0.042581 0.034851 0.040011 0.041009 0.822273 1.793269 1.787237 1.644746 0.772261
0.042854 0.044701 0.030480 0.046655 0.046565 0.206542 1.013927 1.101422 1.198652 1.173751 2.337249 1.263458 1.057452 1.779590 1.904797 2.852575 2.935793 1.867355 0.070044 0.063262 0.080596 0.113431 0.107412 1.106697 2.113338 2.125910 2.097384 2.085339 0.801586 0.041849 0.031409 0.019799 0.032951 0.033730 0.140022 0.769233 0.625122 0.073388 0.059151 0.072456 0.063927 0.124138 0.100960 0.078682 0.064948 0.083017 0.032067 0.038002 0.041345 0.041237 0.038185 0.035393 0.026574 0.072551 0.973367 1.585634 1.770693 1.028421 1.099167
0.111915 0.064018 0.047095 0.994564 3.326036 2.351531 2.293225 0.908694 0.020133 0.029534 0.215613 0.250806 0.885234 1.771558 2.826780 2.830580 2.874046 1.864845 0.017372 0.017372 0.113499 1.159394 2.129682 3.145043 4.152171 4.160375 3.139991 2.098277 0.071249 0.033576 0.033318 0.014396 0.024696 0.032280 0.148553 0.345207 0.159830 0.115316 0.030373 0.035774 0.150886 0.110040 0.193154 0.024941 0.047875 0.047645 0.030144 0.025306 0.032341 0.029321 0.041603 0.039803 0.027976 0.762968 1.493377 0.558348 0.484343 1.297639 1.348410
0.172402 0.133766 0.238221 3.347737 4.357075 3.378949 2.328265 0.274511 0.017372 0.017372 0.020180 1.153947 1.014338 0.832306 0.742530 0.673451 0.717844 0.736824 0.089858 0.133466 2.149459 3.179568 4.137236 4.154906 5.149728 4.147241 3.115244 0.848498 0.038026 0.038286 0.018898 0.025779 0.028251 0.024132 0.030640 0.487451 0.028679 0.037255 0.034645 0.051018 0.171701 0.193244 0.033821 0.038976 0.027001 0.024406 0.031593 0.027976 0.031685 0.032372 0.221518 0.317196 0.257053 1.765420 1.814209 0.763384 0.681700 2.564234 2.635828
0.173776 0.311766 2.338276 4.400527 4.374116 4.399556 3.393330 2.422993 0.300124 0.266497 0.253865 0.959345 0.942053 0.094495 0.029049 0.036859 0.027031 0.111372 1.139050 2.171271 4.123545 5.171348 6.122327 5.156103 4.151013 3.141474 2.139087 0.103641 0.028526 0.024971 0.036827 0.028236 0.036018 0.041192 0.036583 0.670188 0.037468 0.024879 0.028145 0.036735 0.033837 0.201776 0.047813 0.022591 0.022591 0.027001 0.029991 0.044974 0.044746 0.047279 1.078033 2.238950 2.274996 1.974736 2.854049 3.021734 1.828910 2.556792 3.702936
0.063453 0.266539 2.365328 3.394156 4.340358 4.380673 4.395768 3.393225 2.357458 2.357724 2.391465 0.995671 0.109986 0.095031 0.028496 0.024512 0.029812 0.119391 1.149964 3.172765 4.147808 5.165153 6.133964 5.156332 4.153461 2.148386 1.019123 0.046425 0.026695 0.018853 0.037697 0.036842 0.044671 0.087014 0.811241 1.873987 1.894136 0.028725 0.045235 0.017372 0.035530 0.081200 0.030571 0.022591 0.022591 0.037208 0.040855 0.045724 0.088357 0.161278 1.001281 2.024156 2.110579 1.973024 2.734370 2.826724 3.660715 3.710939 3.724247
0.058037 0.061485 1.340908 2.429908 3.356809 4.382682 4.391834 4.410794 3.386585 3.391450 2.388231 0.034446 0.023566 0.027366 0.019310 0.026024 0.106735 0.147482 1.130535 3.152543 3.143371 4.150902 5.124868 5.145364 4.151395 2.142045 1.083539 0.090164 0.052468 0.061852 0.051904 0.067604 0.116437 0.131340 0.835288 1.872843 1.859396 0.064944 0.032340 0.017372 0.025261 0.038201 0.041054 0.044106 0.034370 0.037254 0.062355 0.144339 0.134546 0.243173 0.907705 1.197238 1.751132 2.774551 2.680643 2.739711 4.664818 4.687275 4.706199
0.062432 0.055810 0.058372 0.311264 2.370740 3.313607 4.347294 4.380664 3.376839 3.378606 3.383747 0.029244 0.022942 0.023507 0.040413 0.040528 1.111515 1.152160 3.115925 3.147460 3.133006 3.120753 3.124171 3.139208 4.104867 2.132139 0.089736 0.032494 0.050224 0.047661 0.046257 0.072105 0.092004 0.755044 1.857521 1.865911 1.883417 0.069933 0.091819 0.027596 0.024193 0.030524 0.081794 0.065971 0.038963 0.045663 0.073677 0.058831 0.133954 0.161193 0.751457 1.292962 1.297392 1.503181 1.412268 1.613421 4.646452 4.650642 4.661661
0.071190 0.071632 0.096635 0.286136 2.367368 1.410570 2.385128 3.388561 3.386573 3.384786 3.310552 0.500453 0.028775 0.028295 0.041511 0.060279 1.090923 2.114946 3.097826 3.111889 2.123362 0.932084 0.095032 0.110750 0.830647 0.079284 0.050786 0.037620 0.032203 0.145011 0.025017 0.055366 0.073158 1.796286 1.839013 1.822740 0.807183 0.083718 0.074624 0.040626 0.096321 0.085075 0.061761 0.084800 0.049231 0.063713 0.028755 0.039020 0.025700 1.108079 2.166666 1.572139 1.263502 1.060310 0.081577 0.054969 1.512581 2.587905 1.582172
0.059319 0.055428 0.143104 0.288005 1.338841 1.399707 2.365769 2.333802 2.340540 2.348910 1.052453 0.323822 0.279478 0.164190 0.190911 0.928994 2.065053 3.059072 2.091884 0.891701 0.088448 0.046575 0.027046 0.142016 0.261283 0.035156 0.053487 0.018471 0.101585 0.092141 0.070381 0.042671 0.072136 0.833444 0.844536 0.052206 0.027001 0.024406 0.042869 0.066079 0.068763 0.058755 0.041206 0.084582 0.119540 0.792959 0.962229 0.767128 0.893284 1.924685 2.169553 1.081751 0.975184 0.661395 0.079091 0.038711 0.046831 0.085366 0.091833
0.097756 0.225640 0.217128 0.124244 0.427374 1.455410 2.415821 1.396119 0.272211 0.041787 0.027137 0.028160 0.043159 0.113786 0.169967 0.860314 0.964776 0.814966 0.833000 0.055672 0.044106 0.039162 0.034636 0.037728 0.274422 0.025947 0.030907 0.023659 0.071694 0.395576 0.031791 0.077335 0.047340 0.836174 0.021781 0.022591 0.022591 0.027001 0.058738 0.111321 0.087043 0.137338 0.093123 0.459786 1.025716 1.804324 1.948768 1.538774 1.133959 1.599679 1.725418 0.958429 1.025716 0.964567 0.145844 0.022560 0.043283 0.032280 0.058462
0.034645 0.081840 0.072425 0.109994 0.058197 1.438640 2.345048 1.300194 0.057854 0.021629 0.023399 0.024284 0.031609 0.040337 0.154174 0.174186 0.180193 0.086083 0.096826 0.052239 0.039512 0.047738 0.034859 0.026161 0.389550 0.031089 0.033288 0.064247 0.081506 0.300452 0.218636 0.869180 0.883615 0.864717 0.055397 0.022591 0.022591 0.051445 0.049370 0.074105 0.095023 0.545543 1.629683 1.626790 1.282166 1.694550 1.962349 0.026879 0.031060 0.757946 0.722385 1.110971 2.380310 1.203057 0.220629 0.041153 0.019798 0.035886 0.059426
0.024086 0.078362 0.071404 0.045524 0.073341 0.366527 1.394168 1.294459 0.631121 0.031822 0.024284 0.014396 0.033180 0.047875 0.076009 0.106346 0.137152 0.091408 0.091636 0.072685 0.063134 0.072135 0.050760 0.068245 0.452324 0.026527 0.033746 0.058265 0.081962 0.050851 0.824361 0.841445 0.834342 0.799175 0.726784 0.030006 0.038200 0.032432 0.036172 0.084163 1.724727 1.788299 1.700965 1.626786 1.403745 0.315315 0.043669 0.026955 0.028649 0.038513 0.288185 1.392796 2.460215 2.445023 0.342837 0.019798 0.017372 0.025703 0.034691
0.136619 0.111382 0.074226 0.040733 0.038856 0.089031 0.107852 0.837114 1.814162 0.076261 0.034004 0.026772 0.023918 0.040993 0.038216 0.075264 0.106788 0.137429 0.058815 0.064536 0.096215 0.090705 0.060691 0.065101 0.486892 0.497213 0.038231 0.021110 0.032570 0.044900 0.188667 0.033028 0.084740 0.057686 0.595295 0.363501 0.220437 0.118614 0.092690 0.740819 1.792276 1.810100 2.818357 1.765066 0.039255 0.028908 0.028984 0.017372 0.025703 0.052956 0.294771 1.348227 2.519959 3.573343 1.554646 0.043419 0.017372 0.025703 0.051323
0.054344 0.043205 0.029594 0.041114 0.047083 0.133076 0.141414 1.027602 1.022789 2.124464 0.068355 0.032067 0.025138 0.032616 0.033578 0.039132 0.067024 0.104484 0.045295 0.082985 0.097191 0.080880 0.063362 0.051902 0.496955 0.498147 0.038780 0.035759 0.017372 0.043312 0.076988 0.058742 0.050317 0.033973 0.040825 0.239539 0.211508 0.274530 0.203311 0.790345 2.839161 2.861322 3.847164 2.842675 0.039459 0.034952 0.028854 0.017372 0.025703 0.031441 0.084795 0.375828 2.415339 3.434766 2.715283 1.699649 0.033301 0.057244 0.036170
