use_cases/Flooding_chicago/flooding_data/output/h_2640.asc
ncols 337
nrows 393
xllcorner 428428.000000
yllcorner 4602440.000000
cellsize 26.757400
NODATA_value -9999.000000
[rows 189 to 215 of 393, columns 177 to 235 of 337]
0.064903 0.052971 0.032051 0.034157 0.036674 0.170800 0.179601 1.072623 1.072392 2.111817 1.078128 0.048820 0.061134 0.033501 0.057838 0.019249 0.079796 0.030296 0.027932 0.055092 0.060865 0.024224 0.033806 0.422920 0.479471 0.479868 0.029976 0.030511 0.017372 0.081231 0.067200 0.025214 0.041328 0.045525 0.066978 0.055260 0.251969 0.281711 0.740665 1.848083 2.820905 3.855305 4.849888 2.837650 0.843610 0.029717 0.043378 0.043667 0.032269 0.033109 0.170674 0.507495 1.441273 2.452381 2.653568 0.562968 0.119817 0.049705 0.045434
0.045875 0.034631 0.050629 0.042625 0.205278 0.234617 0.220736 2.182801 2.193046 2.158224 1.017351 0.103110 0.046043 0.062844 0.019082 0.026878 0.086510 0.029777 0.023811 0.025382 0.043861 0.035453 0.050377 0.337730 1.506769 0.517051 0.508432 0.070224 0.064317 0.032082 0.036954 0.037110 0.062752 0.058067 0.086280 0.079735 0.236517 0.214385 0.794985 1.832917 2.815589 4.826073 5.826622 2.839666 0.849481 0.062803 0.565747 1.629945 1.722504 1.560567 1.358675 0.992617 1.599652 1.456688 1.562171 0.090981 0.038628 0.062233 0.062111
0.109796 0.057935 0.056788 0.115122 0.229501 0.260653 0.235530 2.103017 3.177200 2.162361 1.091761 0.134242 0.131936 0.059821 0.050132 0.025383 0.029350 0.035469 0.025459 0.017967 0.021034 0.026954 0.029594 0.346794 1.529579 1.517788 0.440820 0.079919 0.064278 0.050745 0.028756 0.027672 0.061139 0.059334 0.087180 0.082143 0.162050 0.800648 0.871460 1.812301 2.776909 3.782847 3.816897 2.822935 1.830707 1.819984 2.797577 3.828594 2.807980 1.495162 1.314070 1.967529 1.923415 0.758479 0.107303 0.040557 0.028130 0.017372 0.025703
0.098569 0.150155 0.286909 0.203530 0.245534 1.181404 1.197044 2.142735 3.165912 2.151060 0.080207 0.080948 0.075829 0.075981 0.034356 0.048958 0.034569 0.184808 0.049568 0.032401 0.017967 0.026115 0.029304 0.311539 0.445626 0.488212 0.040444 0.034537 0.037766 0.020409 0.018089 0.021660 0.033928 0.032035 0.040840 0.035653 0.095178 0.784877 1.876256 1.896870 0.870331 1.851851 2.782188 2.827651 2.847167 3.838666 3.829282 3.819257 2.823079 0.662779 0.500899 0.915069 0.842804 0.093847 0.054799 0.073820 0.026161 0.017372 0.025703
0.103710 0.052642 0.073011 0.047218 0.181333 2.182431 2.188491 2.150017 2.172713 3.168607 0.045601 0.077720 0.146081 0.101815 0.145912 0.025245 0.135440 0.111396 0.035454 0.030266 0.038368 0.031135 0.036689 0.224848 0.331060 0.030114 0.030586 0.046425 0.047340 0.053124 0.034065 0.021660 0.018089 0.020409 0.029280 0.023353 0.067799 0.807238 1.864598 1.887616 0.872218 1.858294 1.816761 2.810327 2.831425 3.830617 2.830313 2.827145 2.800444 0.739068 0.691961 0.652708 0.632839 0.048599 0.075039 0.103708 0.115518 0.029935 0.069043
0.093029 0.014396 0.053307 0.072654 0.182164 1.036619 1.167908 1.116622 2.168033 3.102844 0.105938 0.091620 0.073511 0.128272 0.151252 0.156275 0.134849 0.385033 0.040352 0.032280 0.031456 0.040032 0.036930 0.420723 0.174525 0.025062 0.014396 0.029914 0.077125 0.072563 0.034141 0.027198 0.026192 0.036158 0.029640 0.036812 0.064643 0.849493 0.884395 1.862364 1.906772 1.883818 0.791831 0.799464 1.817269 2.835670 2.812284 2.838286 2.830354 2.883555 2.885378 1.854329 0.766715 0.069839 0.058771 1.733694 1.806504 1.782746 1.704567
0.075070 0.098405 0.094414 0.064873 0.085442 0.048691 0.178085 0.173701 1.195203 3.142489 0.075012 0.051324 0.104470 0.148384 0.162010 0.026115 0.025643 0.303855 0.203437 0.144325 0.072135 0.097619 0.089989 0.326869 0.089286 0.039207 0.019310 0.037361 0.072945 0.078632 0.067589 0.032067 0.029777 0.048592 0.044060 0.060021 0.070225 0.854728 0.873229 0.901812 1.872372 1.894129 0.046598 0.066450 0.072366 0.813860 1.833951 2.839058 3.859884 4.890761 3.888962 3.897414 1.897024 0.878797 0.859269 2.703644 3.826843 3.858029 2.792016
0.073308 0.099236 0.093802 0.105492 0.063653 0.037437 0.036613 0.145121 1.185738 3.154999 0.046270 0.031898 0.018563 0.172005 0.176201 0.034752 0.033149 0.302070 0.229773 0.158807 0.173012 0.129629 0.126001 0.622047 0.084831 0.036735 0.028938 0.030011 0.117714 0.099832 0.108299 0.024696 0.051354 0.040820 0.045555 0.041358 0.051216 0.900414 0.020226 0.913742 0.921623 1.923870 0.052030 0.069578 0.070545 0.062776 0.813141 1.767430 2.825429 4.863579 4.885921 4.867538 3.936042 1.891379 1.874079 3.731174 4.796765 3.803425 2.774038
0.018960 0.026084 0.037728 0.121861 0.028740 0.019783 0.043572 0.139687 1.106336 3.096970 0.137424 0.047950 0.024163 0.031821 0.035850 0.043877 0.035393 0.033088 0.149986 0.125908 0.161507 0.117989 0.118996 0.595177 0.498988 0.044702 0.036598 0.059182 0.071983 0.150230 0.063332 0.037864 0.065423 0.044810 0.057517 0.045769 0.946388 0.950398 0.030587 0.927081 1.977806 2.988012 2.015199 1.984026 1.988923 0.935093 0.888195 0.893543 1.806100 3.824793 4.850819 5.862777 4.917325 3.905500 3.889721 3.821191 3.833019 1.823088 0.052996
-9999.000000 0.038566 0.042596 0.029961 0.049660 0.056907 0.062799 0.112579 0.237207 0.759074 0.173363 0.035834 0.043479 0.026757 0.033562 0.035408 0.027992 0.030754 0.101371 0.082572 0.115669 0.091834 0.095650 0.488119 0.431037 0.046673 0.049483 0.033805 0.074700 0.221548 0.221321 0.028892 0.063927 0.056969 0.072017 0.097442 0.922892 0.959925 0.999015 1.971241 1.966787 2.944564 3.993010 3.996162 3.984106 3.991708 2.954432 2.998182 1.879576 2.833534 3.804953 4.842973 4.894480 3.873309 3.867925 3.850137 1.776963 0.046825 0.023781
-9999.000000 0.048684 0.025246 0.027091 0.059689 0.061699 0.069192 0.219043 0.223473 0.127057 0.094628 0.054178 0.043541 0.032204 0.041618 0.035256 0.058236 0.053474 0.052909 0.102576 0.068567 0.066277 0.055762 0.281931 0.672158 0.074867 0.056068 0.034203 0.039908 0.172066 0.142831 0.069406 0.079780 0.055367 0.108643 0.121903 0.916525 1.963286 2.996916 2.997196 3.990204 3.997782 5.002033 3.988241 3.984796 4.946617 4.976267 3.995363 2.929643 2.897130 2.896990 3.816310 3.899277 2.881813 2.883540 2.893860 0.837433 0.053560 0.023018
-9999.000000 0.020455 0.031563 0.014396 0.028191 0.029732 0.065804 0.294059 0.328407 0.028114 0.026986 0.047919 0.094932 0.034919 0.045541 0.036126 0.063960 0.030901 0.083259 0.077563 0.057959 0.060370 0.061502 0.320383 0.438896 0.322981 0.051109 0.063085 0.085915 0.140253 0.126381 0.071114 0.087640 0.077051 0.996138 1.037048 0.989682 1.919934 3.951067 3.993498 4.968962 4.999745 4.989682 4.992038 4.986042 4.980103 5.945488 6.003998 4.987900 3.974426 2.913903 2.908801 2.914743 1.853850 1.845127 2.811921 1.855211 0.047205 0.028572
-9999.000000 -9999.000000 0.040444 0.021019 0.029808 0.040336 0.040901 0.162499 0.181161 0.042717 0.020439 0.049172 0.183221 0.183632 0.124429 0.196186 0.139615 0.040214 0.063210 0.063835 0.062676 0.068459 0.123000 0.603836 0.686905 0.167888 0.100782 0.081939 0.059143 0.158374 0.118457 0.947422 0.924778 2.042946 2.057098 2.047227 2.026844 2.927237 3.963838 3.991272 4.962603 4.990843 4.976944 4.984265 4.981603 4.978595 5.948685 5.995154 4.967651 3.957136 2.925779 2.909335 1.860363 0.913297 0.040076 0.557628 0.640978 0.574192 0.527111
-9999.000000 0.045432 0.035057 0.019890 0.075661 0.050225 0.054420 0.225594 0.269065 0.024788 0.031456 0.030357 0.031631 0.217978 0.186149 0.271644 0.205910 0.211432 0.215050 0.045784 0.063897 0.253305 0.190470 0.623650 0.612128 0.431253 0.273785 1.078293 1.020862 3.063147 3.114952 3.108327 3.099423 4.076574 4.133240 2.037762 2.013412 2.896297 3.939607 3.990723 4.952554 4.999563 3.976458 4.953325 4.983478 4.984609 4.980618 4.010358 2.964816 2.958642 2.948951 1.942345 0.065410 0.025871 0.027703 0.056079 0.034396 0.041704 0.393431
-9999.000000 0.081765 0.137947 0.034187 0.058372 0.044349 0.051995 0.269983 0.291543 0.024559 0.014396 0.025192 0.029808 0.266548 0.017372 0.031196 0.111916 0.639200 0.729222 0.619896 0.552956 0.396646 0.220127 0.559811 0.520062 0.422925 2.096785 2.160404 3.064816 4.089729 4.122250 4.121544 4.116024 4.090123 4.099584 4.137286 3.062241 2.996428 3.004502 3.938290 3.998044 4.004875 2.967883 2.979719 3.967818 3.987712 4.966755 4.011905 2.964236 2.971859 1.975008 0.922884 0.032951 0.033652 0.042274 0.036278 0.030139 0.045632 0.038334
-9999.000000 0.020637 0.195381 0.177452 0.041023 0.037238 0.040428 0.252312 1.351587 0.334396 0.019310 0.031120 0.182016 0.275642 0.017372 0.047141 0.062874 0.684104 0.787668 0.723641 0.609555 0.383460 0.502787 0.502951 1.146426 2.130914 2.216434 2.167591 2.980403 4.074901 4.118251 4.115344 4.113502 4.091363 4.092263 4.088717 4.110982 3.020464 2.997116 3.001160 3.987002 3.044593 1.996764 1.995158 2.946988 3.975483 4.949230 4.015235 1.943048 1.931450 1.943159 0.031692 0.033623 0.027808 0.036050 0.038108 0.014396 0.026848 0.026695
0.020637 0.033471 0.024895 0.197960 0.028389 0.027215 0.287649 1.319374 1.336540 0.267754 0.147360 0.225761 1.245538 0.234794 0.162665 0.078728 0.296326 0.690666 0.808189 0.024712 0.023477 0.187096 0.327687 1.283204 1.295735 3.213892 2.240029 2.159361 2.140864 3.084188 3.130254 3.121407 3.121850 3.108216 3.101041 3.068707 3.050977 3.028306 1.991521 1.991435 2.997800 4.033938 1.988856 1.981052 1.982512 1.987215 2.976923 2.992740 0.032997 0.038257 0.026909 0.188242 0.043611 0.062000 0.082255 0.038703 0.024361 0.023887 0.028069
0.033623 0.024895 0.023460 0.117821 0.067071 0.040703 0.291419 1.312681 0.281241 0.019310 0.106392 0.251045 0.249015 1.217249 0.124902 0.103523 0.355813 0.350624 0.014396 0.032539 0.025138 0.094460 1.330910 1.338351 2.283957 2.281477 2.263653 1.135095 1.126352 2.076455 2.111090 2.126158 3.109851 3.112208 3.118706 2.089757 2.056799 0.949672 0.936234 0.964281 2.964220 3.991033 1.981734 0.960724 0.961126 0.951404 0.942808 0.035988 0.021034 0.017967 0.027244 0.139114 0.986899 0.965254 1.082963 0.098028 0.049707 0.022224 0.050926
0.064307 0.058083 0.061287 0.465786 0.449470 0.359354 0.335046 0.024544 0.020989 0.014396 0.021004 0.019570 0.190514 0.183204 0.244711 0.406609 0.259180 0.154842 0.189614 0.108040 1.365179 1.423445 2.369108 2.382676 2.327777 2.341982 1.295904 0.208019 0.160423 1.140881 1.149447 2.118755 3.126487 4.131189 4.138252 3.139998 1.102633 0.120523 0.112861 0.922296 1.985468 2.955283 1.978720 0.952097 0.950910 0.929088 0.913779 0.887421 0.017967 0.028871 0.127168 1.184462 3.188246 3.190415 1.163398 0.150845 0.049988 0.057152 0.051400
0.047142 0.019295 0.078026 0.049233 0.032279 0.331506 0.331626 0.025353 0.033347 0.025826 0.035957 0.059944 0.204017 0.186011 0.245035 0.414328 0.300530 0.165017 0.190912 1.279602 2.330915 2.369681 2.351276 2.353391 2.303081 2.317840 0.290498 0.017372 0.017372 1.135639 1.150238 1.146682 2.109388 3.124122 4.137143 4.139777 2.131215 1.139172 0.129688 0.932108 2.001302 2.010309 0.929896 0.942117 0.931401 0.911887 0.909498 0.902306 0.021697 0.283508 1.147768 2.207583 4.206821 3.233267 1.181127 0.168213 0.045494 0.059680 0.037601
-9999.000000 0.027672 0.027153 0.017372 0.038323 0.244255 1.285531 1.317879 0.173240 0.190088 1.157341 0.091194 0.250068 0.199161 0.305075 0.166039 0.201683 0.400460 0.246483 1.244145 2.124802 2.194662 2.152395 2.188407 1.219408 1.297946 1.306542 0.248497 0.200685 1.122881 1.153858 1.150375 1.138474 2.103662 4.117760 5.130160 4.135753 2.119338 0.141892 0.112642 2.038920 2.021406 0.062151 0.020210 0.057217 0.831852 0.884206 0.748468 0.520649 0.440111 1.131317 2.219375 4.212416 3.269924 1.208747 0.186242 0.037818 0.041756 0.070446
-9999.000000 0.019294 0.055520 0.017372 0.037285 0.205025 1.296255 1.320016 0.182533 0.253424 0.168009 0.377846 0.323601 0.267006 0.172536 0.097605 0.178155 0.090247 0.151254 0.179402 0.559099 0.560172 0.520507 0.474036 0.383872 1.278773 1.279613 1.272614 1.215722 1.121299 1.124193 1.134887 1.135353 1.136924 2.143753 4.114717 4.121227 2.124555 1.170827 0.160531 1.987367 2.016030 0.068631 0.030983 0.032493 0.101159 0.057932 0.667388 0.516362 0.455717 0.324604 2.154447 3.218200 2.257070 1.210782 0.186209 0.027453 0.028673 0.761106
-9999.000000 -9999.000000 0.052300 0.025062 0.026359 0.183663 0.025490 0.027000 0.115440 0.195138 0.128959 0.375723 0.346580 0.293708 0.216896 0.110147 0.177803 0.090750 0.093283 0.336891 0.345394 0.333083 0.335420 0.309014 0.214914 1.188761 1.235026 1.237419 0.227512 0.207213 0.173594 0.169189 1.116714 1.121046 2.137038 3.139957 3.124513 2.108025 1.164637 1.255841 1.096127 2.034928 0.065006 0.031258 0.053201 0.041618 0.083351 0.042732 0.336901 1.154664 1.247737 1.226070 2.182786 2.249636 1.096125 0.995538 0.989042 0.965363 1.776129
-9999.000000 -9999.000000 -9999.000000 0.099983 0.147359 0.105461 0.032616 0.039802 0.028725 0.120458 0.406853 0.395760 0.363199 0.306526 0.208747 0.225557 0.175360 0.223215 0.568029 0.498986 0.467477 0.446046 0.459718 0.440929 0.319334 0.330405 0.242711 0.236440 0.136528 0.144803 0.097007 0.199703 1.090907 2.119442 3.150682 3.148358 2.122648 1.159841 1.165692 1.204234 1.107369 1.013427 1.003763 0.148595 0.049949 0.052910 0.034386 0.034981 2.239556 2.285684 1.234494 1.203523 1.176024 1.151026 1.926641 3.046961 2.015330 1.986566 2.886100
-9999.000000 -9999.000000 -9999.000000 0.102884 0.138023 0.077784 0.027016 0.034050 0.033820 0.040306 0.036430 0.260978 0.310950 0.311226 0.026512 0.137322 0.188668 0.250283 0.158454 0.437199 0.427360 0.427120 1.522470 1.594969 1.473425 0.241282 0.160442 0.144398 0.207482 0.187477 0.124993 0.163578 1.081375 2.116210 3.073589 3.111936 1.120342 1.118801 1.122845 1.187527 1.094234 0.035452 0.027535 0.035958 0.038551 0.030037 0.045601 0.269698 1.169829 1.163136 1.236339 0.269994 0.147168 1.021017 1.953109 2.032547 2.903554 2.969535 2.925152
-9999.000000 -9999.000000 -9999.000000 -9999.000000 0.020103 0.014396 0.130424 0.105094 0.035363 0.020133 0.028756 0.032829 0.086128 0.031030 0.055020 0.112052 0.274391 0.036231 0.081818 0.059974 0.044670 0.033623 0.593601 1.619088 0.473679 0.115989 0.069451 0.076100 0.172295 0.136421 0.096427 0.057183 0.022758 0.033790 0.805399 0.877069 0.117422 0.147195 0.115094 0.984606 0.862140 0.021020 0.033638 0.019082 0.026314 0.022514 0.018440 0.175654 0.178786 0.080883 0.197989 0.319186 0.954327 2.058093 1.983751 2.009523 1.992124 1.969064 2.882190
-9999.000000 -9999.000000 -9999.000000 -9999.000000 -9999.000000 0.044167 0.079964 0.067239 0.027794 0.017372 0.017372 0.019798 0.048713 0.068015 0.044624 0.062950 0.076318 0.082984 0.058647 0.042840 0.023781 0.049065 0.593808 1.646936 0.514495 0.119958 0.092798 0.107597 0.235621 0.185097 0.119911 0.027047 0.031166 0.040856 0.629978 0.083109 0.129966 0.148155 0.125510 0.713623 0.711473 0.890571 0.916622 0.105965 0.018959 0.129554 0.090874 0.183098 0.163601 0.028893 0.056891 0.371554 0.738858 1.732549 0.715951 0.751625 0.757759 0.818423 1.800228
