use_cases/Flooding_chicago/flooding_data/output/h_2760.asc
ncols 337
nrows 393
xllcorner 428428.000000
yllcorner 4602440.000000
cellsize 26.757400
NODATA_value -9999.000000
[rows 108 to 134 of 393, columns 236 to 294 of 337]
2.574489 5.558281 6.594621 4.581928 3.579258 2.548457 2.559319 2.552442 2.556900 2.555106 2.521219 3.423168 3.421684 2.458268 1.442456 0.058685 0.082853 0.096559 0.021400 0.046239 0.480703 2.628818 1.639313 0.602163 0.593546 0.582834 2.483532 2.585644 1.476015 2.319624 2.371420 1.023911 1.387287 2.360271 2.579972 1.510128 1.173981 1.132696 1.113970 2.883336 1.815089 0.352968 0.299368 0.755550 1.724226 0.589496 0.088601 0.022590 0.022590 0.048698 0.050743 0.033821 0.047905 0.028871 0.017967 0.036644 0.033516 0.043988 0.032264
3.569858 5.559414 6.587793 4.579435 3.570629 2.552479 2.550256 2.545577 3.563916 3.574753 3.589535 2.523842 1.483843 1.454912 0.041106 0.065987 0.077756 0.084596 0.065983 0.637300 2.652650 2.664528 0.635663 0.609148 0.588032 1.445225 2.492265 3.548207 2.497500 2.355620 2.275189 2.152078 1.886189 1.857995 1.867216 1.689536 0.629916 1.021514 1.097624 1.799872 0.790076 0.434814 0.340584 0.275919 0.330742 0.262905 0.135826 0.030845 0.041023 0.046074 0.044342 0.026345 0.022125 0.017967 0.021034 0.028862 0.022011 0.045098 0.103980
3.556402 5.565510 5.585296 4.573136 4.573527 3.570667 2.552496 2.546774 3.555014 3.559108 3.563461 2.526318 1.451907 0.532095 0.031980 0.697912 0.059664 0.075238 0.060394 0.634335 2.633547 2.659689 1.669873 1.655670 2.602018 3.587623 3.607044 3.561539 3.596037 2.392592 2.292641 2.076072 1.937831 1.880289 1.909343 0.918251 0.848952 0.684439 1.149593 1.164837 0.583305 0.621017 0.186943 0.278060 0.385826 0.415863 0.244302 0.039100 0.061166 0.044411 0.061577 0.035987 0.043831 0.031182 0.026512 0.024666 0.035698 0.046333 0.169380
3.571193 5.572186 5.588899 5.584537 5.579107 5.581850 4.586796 4.580581 5.594612 5.603484 3.580696 2.522397 0.584788 0.609971 0.668991 1.704674 1.686960 0.682589 0.705526 0.670500 2.605584 3.654239 3.687102 3.675314 3.637480 4.589101 4.643961 3.526924 3.547683 2.440371 2.370978 1.104465 1.132639 1.114893 1.149762 1.052874 2.079405 2.113193 0.851364 0.889107 1.870739 0.784733 0.268707 0.166529 0.269860 0.344538 0.382633 0.053903 0.089656 0.046500 0.070733 0.072777 0.048806 0.038231 0.030602 0.037804 0.030480 0.040596 0.171119
4.595911 5.559519 6.587156 5.577613 5.572641 5.571263 5.575531 5.570333 6.571787 6.561394 4.545318 2.473403 1.667734 1.692887 2.720109 2.707725 2.699486 1.701809 0.691638 1.694900 3.637580 5.669604 5.704617 4.664051 4.628773 4.587471 4.646467 2.560390 2.454105 2.451558 1.349364 0.347436 1.129490 1.156451 1.234147 2.146888 3.163961 2.064007 2.067859 2.141773 0.823408 0.778024 0.301097 0.206496 0.294152 0.326472 0.696908 1.922918 0.848734 0.705108 0.716593 0.078622 0.078072 0.088025 0.130182 0.035256 0.050163 0.022560 0.140877
5.570910 6.560119 5.581183 4.569932 4.563581 4.566168 5.565080 6.498510 5.562445 4.546941 2.452556 1.608520 1.619046 1.668927 3.695002 2.695500 3.706400 3.708137 2.734699 2.713641 3.630986 5.640445 5.684140 4.674411 3.644882 3.624795 4.642962 2.628860 1.597210 1.575744 0.525041 0.429525 1.174644 1.239901 2.483568 3.089396 3.111928 3.095177 2.067589 2.136325 0.098493 0.096499 0.085779 0.145532 0.048842 0.019932 1.981066 1.967949 3.007195 2.972359 1.970116 0.879914 0.179380 0.132592 1.220999 1.208289 0.180350 0.051063 0.073556
4.587548 5.489974 4.585900 3.580460 2.571894 3.565388 4.567907 4.566652 3.554492 2.493220 1.614634 1.606755 0.672012 1.696660 1.712199 2.702750 4.707221 5.706007 4.742673 3.714795 3.669622 4.664575 5.668782 5.687202 4.682520 4.670663 4.656450 3.707425 2.700197 1.621425 1.683535 0.546630 1.069764 2.280279 2.283411 2.897638 2.896033 1.927305 1.956296 0.830779 0.043755 0.037780 0.054158 0.079140 0.072396 0.021919 0.921525 1.983186 3.015455 3.011518 2.981946 1.929909 0.172768 0.138053 1.233621 1.223174 0.201240 0.038627 0.042381
4.591130 3.551571 3.571830 2.578360 1.566579 1.564381 2.549290 2.537857 1.550648 1.608022 1.631312 1.652992 1.743162 1.698136 1.712297 2.691715 4.685311 6.676168 5.729715 4.728288 3.670037 4.659715 4.685057 4.678032 4.669722 4.657466 4.672679 3.654494 3.703315 3.719577 2.710717 1.694624 0.442108 1.922329 1.769279 1.489586 0.734375 0.756123 0.060979 0.077438 0.038822 0.035025 0.036370 0.086388 0.039855 0.017372 0.044964 0.914141 2.006688 3.018498 2.989511 1.945126 0.132934 0.117331 0.170525 0.190932 0.205961 0.022439 -9999.000000
4.598421 2.581595 2.589229 2.582582 1.573324 0.553594 0.054717 0.054428 0.566958 1.659382 2.751378 2.760497 2.767007 2.746454 2.740109 2.714152 3.685919 5.659382 5.731323 4.708323 4.696455 4.679964 4.689907 4.681808 4.675050 4.662807 4.693489 2.684994 3.648758 3.653821 2.666874 1.635874 0.554326 0.576167 1.313558 0.732570 0.546172 0.063715 0.060592 0.075130 0.028294 0.059308 0.064934 0.061775 0.072441 0.017372 0.037163 0.084561 0.952614 2.022099 2.991153 2.979932 1.061503 0.019082 0.026314 0.022514 0.018440 -9999.000000 -9999.000000
5.617529 2.589980 2.599652 2.581517 0.489759 0.035203 0.032319 0.018028 0.044574 2.739781 4.814985 4.821976 4.806918 4.779077 4.765181 4.772018 3.722258 4.696894 5.715888 5.737028 6.721301 5.710784 5.715573 5.702128 5.704658 4.675176 4.712535 2.714068 2.708448 2.691039 1.731730 0.719600 0.357758 0.664349 1.310898 0.990815 0.698265 0.071665 0.058739 0.116487 0.162073 0.069934 0.023567 0.027366 0.019309 0.037971 0.021720 0.089005 0.108273 0.910448 1.902201 1.942606 0.030280 0.033120 0.018959 -9999.000000 -9999.000000 -9999.000000 -9999.000000
5.549381 2.569211 2.593655 1.594025 0.496011 0.032986 0.041767 0.021003 0.055561 2.637100 4.700998 4.745842 4.747944 5.704498 6.736486 5.719390 5.732092 6.724881 6.734437 6.723281 6.671984 6.704771 5.689922 5.678843 4.662145 4.648166 4.678993 3.689142 2.654778 1.654328 1.671708 0.643454 0.159953 0.897245 1.032423 1.482020 0.739589 0.036562 0.040029 0.031260 0.064970 0.109288 0.022942 0.023506 0.104699 0.344793 0.331342 0.183370 0.184591 1.052425 0.136659 0.112171 0.036979 0.034341 -9999.000000 -9999.000000 -9999.000000 -9999.000000 -9999.000000
3.644189 1.572378 1.590147 1.601103 1.598245 0.504721 0.038989 0.018028 0.022513 1.660772 3.710778 4.696122 4.720978 5.685212 6.709460 6.734457 7.726319 7.733734 7.751245 6.733270 4.674757 5.658207 5.701637 3.631642 3.648580 2.600092 3.626104 1.451529 0.447342 0.442933 0.467694 0.244679 0.328534 0.553192 1.003918 2.058649 1.139745 1.041569 0.259506 0.230052 0.072808 0.152148 0.193990 0.197640 0.163422 0.122364 0.059139 0.116954 0.150211 1.033587 0.133815 0.037172 0.014396 -9999.000000 -9999.000000 -9999.000000 -9999.000000 -9999.000000 -9999.000000
1.476951 0.439081 0.448786 1.540067 0.517850 0.506387 0.038329 0.040733 0.076826 1.642271 3.699716 3.753201 3.755424 3.749852 4.670328 6.703553 7.713863 8.722308 7.742124 5.733397 3.657872 4.638921 4.662650 2.657739 1.656768 0.499429 0.072246 0.047554 0.041908 0.047081 0.092388 0.147671 0.147176 0.341328 1.398138 2.246679 1.200051 0.936876 0.322555 0.272685 0.451013 0.180309 1.267967 1.265449 0.202241 0.185246 0.020928 0.043022 0.104545 0.108743 0.077705 0.057715 -9999.000000 -9999.000000 -9999.000000 -9999.000000 -9999.000000 -9999.000000 -9999.000000
0.035311 0.046802 0.038340 0.367094 0.369101 0.030449 0.037639 1.834905 2.873434 3.893564 3.794889 3.781983 3.771282 3.762695 3.759518 5.643454 6.712435 7.703176 6.744940 4.735446 2.716140 3.713704 2.719871 1.689096 0.056389 0.055427 0.071725 0.049858 0.069955 0.042206 0.047493 0.087635 0.029327 0.510890 1.532027 2.210190 0.972999 0.186940 0.098931 0.089836 0.187558 0.240624 1.278377 1.262844 0.188614 0.049533 0.024666 0.060380 0.107125 0.102897 0.059456 0.075737 -9999.000000 -9999.000000 -9999.000000 -9999.000000 -9999.000000 -9999.000000 -9999.000000
0.031120 0.039741 0.035286 0.071327 0.029732 0.033623 0.044587 3.829907 3.875048 3.846979 3.799145 3.775626 3.766989 4.765213 4.776450 4.758261 5.733407 6.752450 5.764621 3.766347 2.739058 3.741673 2.738293 0.555721 0.085152 0.084570 0.096520 0.078423 0.097663 0.033378 0.055580 0.047036 0.033333 0.428438 1.151487 1.785464 0.866698 0.302470 0.117258 0.042798 0.278926 0.269617 1.240013 1.232093 0.156890 0.067253 0.024879 0.070288 0.112613 0.096642 0.075569 0.033654 -9999.000000 -9999.000000 -9999.000000 -9999.000000 -9999.000000 -9999.000000 -9999.000000
0.025032 0.031745 0.036156 0.037299 0.027336 0.030189 0.043922 3.763595 3.812034 3.834353 3.794407 3.764178 3.756906 4.736173 5.750906 5.769001 6.752914 6.778492 4.773504 3.769850 2.742623 3.728185 3.752832 0.540037 0.074425 0.079370 0.051506 0.093666 0.060891 0.074958 0.031914 0.036354 0.028191 0.142101 0.484563 1.465505 1.155482 0.416565 0.133097 0.094804 0.273425 0.240570 0.046244 0.066360 0.045127 0.052023 0.035515 0.109733 0.062203 0.041008 0.022560 -9999.000000 -9999.000000 -9999.000000 -9999.000000 -9999.000000 -9999.000000 -9999.000000 -9999.000000
0.104112 0.048622 0.018593 0.049247 0.030297 0.031212 0.043587 2.799602 2.846957 3.821023 3.799395 4.774992 4.778690 4.760962 5.733754 5.762987 6.738988 6.753612 5.794789 3.763831 2.718273 2.693446 3.703861 0.428853 0.040566 0.045372 0.045783 0.042991 0.075355 0.024330 0.029564 0.024330 0.036034 0.142279 0.325543 1.374241 1.522924 0.572930 0.236510 0.157113 0.129263 0.066185 0.057426 0.034081 0.052772 0.022377 0.042107 0.081917 0.027535 0.019279 -9999.000000 -9999.000000 -9999.000000 -9999.000000 -9999.000000 -9999.000000 -9999.000000 -9999.000000 -9999.000000
0.098782 0.056558 0.023140 0.035911 0.036773 0.042625 0.040093 2.677068 2.814109 4.887967 5.937928 4.766530 4.749400 4.757779 4.730470 5.717356 5.727450 5.736148 5.758380 3.760329 1.703497 0.497983 0.415696 0.044868 0.037377 0.031639 0.028953 0.028618 0.121635 0.024330 0.029564 0.024330 0.030113 0.163442 0.234108 0.864907 1.992066 1.785859 0.366461 0.063788 0.094445 0.075431 0.053566 0.023078 0.041268 0.023766 0.038750 0.045281 0.026420 -9999.000000 -9999.000000 -9999.000000 -9999.000000 -9999.000000 -9999.000000 -9999.000000 -9999.000000 -9999.000000 -9999.000000
0.033989 0.043404 0.027230 0.038048 0.043251 0.105714 0.175256 1.373581 2.548478 4.653436 5.743930 4.720582 4.684333 4.727151 2.710214 2.730471 2.725204 3.726796 3.733408 3.701899 0.471795 0.060282 0.042564 0.041924 0.032554 0.018028 0.026665 0.043862 0.027687 0.597729 0.505814 0.365212 0.469936 0.280434 0.156398 0.240782 1.754682 1.963050 1.513674 0.089065 0.081325 0.116005 0.103950 0.116661 0.049339 0.043327 0.046623 0.023827 -9999.000000 -9999.000000 -9999.000000 -9999.000000 -9999.000000 -9999.000000 -9999.000000 -9999.000000 -9999.000000 -9999.000000 -9999.000000
0.031258 0.038536 0.073710 0.106341 1.903434 1.938221 1.203182 1.105153 1.614984 3.716442 4.781178 4.740602 3.733004 1.692747 0.646089 0.698894 0.689811 1.628994 1.638189 1.596864 0.114569 0.074338 0.044289 0.041008 0.029960 0.021003 0.029685 0.031196 0.720602 0.671711 0.032295 0.039345 0.030891 0.058531 0.035821 0.069197 1.407961 2.327178 1.468528 0.104787 0.090324 0.087318 0.141456 0.126136 0.045799 0.031380 0.036552 -9999.000000 -9999.000000 -9999.000000 -9999.000000 -9999.000000 -9999.000000 -9999.000000 -9999.000000 -9999.000000 -9999.000000 -9999.000000 -9999.000000
0.030159 0.042122 0.044671 0.093233 1.893834 1.964440 1.924722 0.953880 1.417822 3.226634 4.452332 4.565276 2.545786 0.185155 0.074508 0.423182 0.389597 0.260568 0.217328 0.583640 0.142154 0.129752 0.051873 0.067356 0.039559 0.018028 0.066512 0.781510 0.782120 0.049292 0.025322 0.030006 0.024498 0.037362 0.044249 0.092597 1.555999 2.591682 2.700313 0.069327 0.072457 0.132972 0.165948 0.141288 0.040793 0.047158 0.063989 0.039193 -9999.000000 -9999.000000 -9999.000000 -9999.000000 -9999.000000 -9999.000000 -9999.000000 -9999.000000 -9999.000000 -9999.000000 -9999.000000
0.047997 0.030418 0.054451 0.056016 0.049468 0.055204 0.395277 0.918832 1.256288 1.721085 1.893749 2.143283 1.274852 0.152029 0.161781 0.529254 0.497182 0.185426 0.255120 0.250733 0.180033 0.127998 0.063949 0.075160 0.047928 0.054222 0.057213 0.780934 0.774133 0.064825 0.029228 0.030587 0.024667 0.051893 0.055476 0.111128 1.634676 3.788462 2.671803 0.066170 0.094521 1.172681 1.173620 1.165523 0.146492 0.023094 0.068459 0.051658 -9999.000000 -9999.000000 -9999.000000 -9999.000000 -9999.000000 -9999.000000 -9999.000000 -9999.000000 -9999.000000 -9999.000000 -9999.000000
0.014396 0.032157 0.043594 0.059955 0.041104 0.078982 0.271223 1.339389 1.261930 1.487768 0.799395 0.713306 0.409954 0.254717 0.295781 0.292053 0.311397 0.208066 0.295978 0.297590 0.252301 0.171617 0.061994 0.039349 0.027534 0.027535 0.765735 0.744183 0.726759 0.063277 0.019706 0.073482 0.077549 0.060752 0.075964 0.104394 1.517350 3.649977 3.718421 0.061409 0.081505 1.164910 0.149727 1.160434 0.119820 0.043098 0.027458 0.026710 -9999.000000 -9999.000000 -9999.000000 -9999.000000 -9999.000000 -9999.000000 -9999.000000 -9999.000000 -9999.000000 -9999.000000 -9999.000000
0.026935 0.025471 0.041959 0.035367 0.026391 0.110010 0.433340 1.518552 1.442766 1.140313 0.870705 0.580587 0.375382 0.310727 0.306163 0.318615 0.304952 0.237766 0.261769 0.329817 0.366544 0.167911 0.042476 0.050221 0.038963 0.038963 0.079598 0.067519 0.061619 0.054301 0.582975 0.572651 0.063076 0.079143 0.018088 0.032623 0.413861 2.556551 3.381543 0.282679 0.065552 0.027931 0.020486 0.082221 0.037712 0.022590 0.022590 0.037101 -9999.000000 -9999.000000 -9999.000000 -9999.000000 -9999.000000 -9999.000000 -9999.000000 -9999.000000 -9999.000000 -9999.000000 -9999.000000
0.039375 0.056058 0.041031 0.035133 0.026305 0.226349 0.725330 2.108587 1.623672 1.245545 0.697970 0.698026 0.688152 0.029707 0.089131 0.112999 0.112954 0.156158 0.182713 0.330259 0.519952 0.248089 0.035282 0.027794 0.022590 0.022590 0.052254 0.033882 0.043457 0.062290 0.589117 0.598122 0.061087 0.021660 0.021660 0.029276 0.356532 1.485207 2.712419 2.405525 0.045723 0.032067 0.033149 0.046409 0.036949 0.022590 0.022590 0.031182 -9999.000000 -9999.000000 -9999.000000 -9999.000000 -9999.000000 -9999.000000 -9999.000000 -9999.000000 -9999.000000 -9999.000000 -9999.000000
0.961854 0.878502 0.749933 0.565259 0.811391 0.509422 1.238479 2.255227 2.044357 1.626865 0.428260 0.655727 0.465634 0.035166 0.047957 0.062459 0.065831 0.139067 0.139164 0.260418 0.474547 0.419507 0.051659 0.027794 0.022590 0.022590 0.040092 0.032355 0.041313 0.070358 0.561994 0.576744 0.042662 0.018088 0.081786 0.039655 0.583301 1.133891 1.749641 2.280322 0.326967 0.065719 0.078180 0.056221 0.062752 0.038170 0.029854 0.093590 0.050392 -9999.000000 -9999.000000 -9999.000000 -9999.000000 -9999.000000 -9999.000000 -9999.000000 -9999.000000 -9999.000000 -9999.000000
2.038330 0.888453 0.727188 0.576531 0.801112 1.262582 1.757004 2.558023 1.756522 1.824374 0.521613 0.784155 0.098011 0.042447 0.032401 0.030342 0.042683 0.100659 0.053212 0.065312 0.636670 1.787493 1.043833 0.119225 0.040173 0.048424 0.035896 0.017372 0.026222 0.038259 0.051831 0.540901 0.491371 0.467541 1.187827 2.316617 2.092874 1.746098 1.342840 1.370018 0.436230 0.132011 0.076409 0.063424 0.033333 0.030861 0.147743 0.100121 0.062034 -9999.000000 -9999.000000 -9999.000000 -9999.000000 -9999.000000 -9999.000000 -9999.000000 -9999.000000 -9999.000000 -9999.000000
