use_cases/Flooding_chicago/flooding_data/output/h_2760.asc
ncols 337
nrows 393
xllcorner 428428.000000
yllcorner 4602440.000000
cellsize 26.757400
NODATA_value -9999.000000
[rows 189 to 215 of 393, columns 236 to 294 of 337]
0.052391 0.043159 0.118040 4.150348 4.172033 4.241852 3.190759 2.094643 2.057680 2.080379 1.004824 0.940241 1.684908 1.790222 2.755692 2.793371 4.712508 4.756178 4.771295 2.743169 1.705319 0.803180 0.021034 0.017967 0.030104 0.030404 0.026244 0.597542 0.624019 1.314239 2.437852 3.379071 3.485317 2.419946 2.400716 2.244017 2.216726 2.213242 3.093540 3.219826 3.239471 1.203816 0.279241 1.178978 2.226309 2.234200 2.244585 3.229280 3.227437 1.233413 1.226649 1.232616 0.198950 0.037881 0.034746 0.051819 0.084013 0.061537 0.168259
0.037926 0.048820 0.045984 3.121654 4.151404 4.185554 2.141850 2.079553 2.076847 3.077255 2.097434 2.112380 0.986594 1.578091 2.736900 3.743402 4.734761 4.768090 3.764922 2.762418 1.746118 0.793401 0.056571 0.045801 0.034238 0.040527 0.456560 1.600643 1.635606 2.420152 3.543145 2.518091 2.510355 2.476164 2.509663 1.350906 1.317525 2.224186 2.275998 3.252202 4.320294 1.273235 0.295110 0.289517 1.204095 3.241733 2.252507 2.241213 3.236355 2.242874 1.237491 1.242576 0.205010 0.046232 0.057978 0.047609 0.040855 0.028527 0.038979
0.049035 0.036323 0.034309 0.963011 3.089258 3.180593 2.113489 2.075113 3.095135 5.001103 4.139098 3.102007 2.095429 0.804770 2.682534 3.783246 3.815795 2.738018 2.722964 2.750252 1.750236 0.688506 0.571039 0.540194 0.021012 0.030052 0.447843 1.540726 1.591818 2.399965 3.477152 3.536253 3.534370 3.515274 3.574304 1.378631 1.340231 2.239520 2.305828 3.270536 4.293472 2.383191 0.316572 0.303420 1.196505 3.232529 3.266898 2.239509 2.231387 2.247520 1.240511 0.206845 0.028224 0.058011 0.072096 0.061491 0.025703 0.017372 0.025703
0.040306 0.033455 0.033241 0.927021 2.138126 2.238131 1.233292 2.879907 4.075301 5.025669 4.131695 2.083590 0.967988 0.046646 0.566468 0.670807 0.661634 0.616379 0.651939 1.666478 1.689584 0.622135 0.581375 0.375348 0.293437 0.447158 1.601082 1.603487 1.573034 2.390893 2.508410 3.477460 3.519037 4.485406 3.564665 1.402720 1.353682 2.236650 2.316453 3.263196 4.284459 3.402189 1.327553 1.316561 2.200593 3.230865 3.283838 2.246149 2.237697 2.266429 1.253200 0.197432 0.171891 0.047170 0.064298 0.050168 0.025703 0.017372 0.025703
0.272088 0.679968 0.794880 0.972014 2.148101 1.331179 1.307659 1.745325 2.966699 2.985561 2.099731 0.075910 0.036424 0.021782 0.034966 0.182373 0.017967 0.039064 0.648530 0.660793 0.662552 0.636855 0.014396 0.363337 0.385909 1.557078 2.648580 2.722826 1.584532 1.510796 2.420078 2.509763 3.453273 4.467423 3.546325 2.478439 2.427571 2.333160 3.325917 3.310295 4.251596 3.367144 2.306206 2.299102 2.246467 3.219708 2.239246 2.216859 3.157436 3.232825 2.145928 2.101385 2.117107 1.062155 1.106874 0.110823 0.089629 0.029579 0.029143
1.466775 1.034497 0.870073 0.685224 0.967925 1.325322 1.375002 0.317249 0.195135 0.103835 0.081032 0.042168 0.022590 0.022590 0.027794 0.157331 0.021034 0.017967 0.065329 0.069352 0.038110 0.446933 0.266167 0.371028 1.340977 2.572456 3.669267 3.732025 2.701626 1.574198 1.542453 2.409920 2.449253 3.432411 3.509537 3.533172 2.400256 2.335310 3.205587 3.209865 3.210177 3.310589 3.307560 3.326986 2.270368 1.207274 1.208673 2.145172 3.161297 3.237615 2.130656 2.077087 2.934610 2.947783 2.920956 2.878218 2.870952 2.929180 1.641381
1.369580 1.001260 0.658003 0.452605 0.292582 1.155169 0.340322 0.168079 0.097569 0.029189 0.040835 0.055468 0.022590 0.022590 0.027794 0.089140 0.092221 0.108282 0.091627 0.074797 0.168288 0.940919 1.002595 1.240900 1.251237 3.335335 3.691746 2.689713 1.609227 1.621435 1.596716 1.554461 1.546453 2.419507 3.476084 3.498582 2.417366 2.316010 2.290304 1.169365 1.264117 4.299243 3.304882 3.313583 1.262991 0.202262 0.024347 1.139082 2.130343 2.173273 2.136774 2.097558 2.069564 2.947882 2.994130 2.928749 3.798269 3.944196 2.788165
0.666057 0.041059 0.051002 0.040178 0.042749 0.193531 0.243564 0.305737 0.064184 0.017372 0.017372 0.028618 0.063039 0.045373 0.060860 0.375596 0.395809 1.324531 1.356726 2.100500 3.210033 4.257909 3.183202 1.470131 1.017308 1.300063 1.657450 0.657297 0.661301 1.575671 1.594316 1.557636 1.546390 3.483278 3.545590 2.509434 2.471939 1.461300 1.496684 0.422764 1.186293 3.285712 3.306170 2.305217 0.231386 0.021034 0.017967 1.138976 2.114276 2.173530 2.147489 2.112109 2.089756 2.036458 1.943764 2.759393 2.880648 1.744312 1.619776
0.036663 0.018349 0.029686 0.027992 0.031181 0.154279 0.156746 0.298364 0.078898 0.094098 0.075783 0.039341 0.042645 0.081881 0.053774 0.340296 1.411935 2.191973 3.239622 4.198567 4.242588 4.288405 2.161193 0.754254 0.540465 0.360361 0.243741 0.585391 0.650133 2.623949 2.665702 2.626640 2.601378 3.503196 3.572236 2.570073 1.506135 1.496859 1.525800 0.453464 0.397912 1.295070 2.300996 1.332307 0.271471 0.017967 0.044102 2.245949 1.214483 2.154823 3.170277 3.170083 3.192260 2.148728 1.046637 1.087719 0.081525 0.029059 0.032270
0.028114 0.023033 0.031060 0.028389 0.031349 0.256059 0.276802 0.203837 0.156710 0.093526 0.058072 0.053922 0.112758 0.078297 0.144443 1.317750 1.361176 1.191705 1.993622 3.066793 3.159670 3.142214 1.215915 0.141373 0.062803 0.158517 0.130991 0.546115 2.657301 3.675909 2.623511 3.562241 3.585039 3.540993 3.551505 2.579524 1.526908 1.519620 1.538951 0.480843 0.442691 1.300839 0.274485 0.025687 0.248283 0.242473 1.183350 2.233760 1.214858 2.155897 3.148222 4.715097 4.137209 2.131509 0.100953 0.032104 0.027043 0.014396 0.034538
0.023659 0.036705 0.036537 0.053781 0.302179 1.385860 1.414813 0.292070 0.178292 0.226429 0.121959 0.174336 0.693697 0.755917 1.038086 1.522721 0.782756 0.748497 0.389829 0.238063 1.054055 1.241057 1.192597 0.140672 0.216099 0.626921 0.690548 1.461233 3.592340 4.651096 4.695084 4.605928 4.585535 3.535892 2.533550 2.557887 2.572363 1.540407 1.543816 2.559540 1.565294 0.482610 0.035192 0.049797 0.034685 0.220983 2.124676 2.236341 2.252694 2.199711 2.166787 3.141060 3.198494 1.166021 0.115012 0.031796 0.025612 0.032682 0.032600
0.031075 0.049567 0.295572 1.379943 2.406296 2.397442 1.405544 0.338039 0.014396 0.133232 0.261413 0.214103 0.745826 0.703744 1.198157 0.414480 0.749786 0.827816 0.022590 0.022590 0.431611 1.210048 0.198449 0.141908 0.185273 0.587173 0.649040 1.462541 2.606960 4.479548 4.552238 4.552110 2.555469 1.511425 1.511130 2.544171 2.539702 2.530961 2.535650 2.535195 2.524214 0.494101 0.049411 0.062767 0.048432 0.254482 2.049452 2.238971 2.171186 2.199374 1.163971 1.123433 2.136267 1.105503 1.076441 1.083456 0.078489 0.052979 0.036171
0.029016 0.034996 1.394216 2.363128 2.392569 1.365812 1.389853 0.279946 0.165523 0.166070 0.292909 0.236704 0.787587 0.806154 0.175391 0.695937 0.497805 0.618356 0.022590 0.022590 0.589494 0.806693 0.073754 0.065796 0.070335 0.109311 0.081819 0.446256 2.446363 2.459398 2.505374 2.401924 1.511948 0.427360 0.487492 2.543679 2.524551 1.514518 1.520529 1.548513 2.549257 1.529967 0.660548 0.640753 0.606865 1.323327 2.041616 2.231523 1.057934 1.077553 1.141233 0.150035 1.040124 1.079072 1.045037 1.016783 0.744470 0.718472 0.859993
0.275953 0.198448 1.371987 1.396597 0.301039 0.269416 0.026879 0.028649 0.082554 0.036798 0.050351 0.037335 0.375660 0.383072 0.367555 1.076470 0.113622 0.792960 0.987913 0.920400 0.520393 1.107396 0.158542 0.128547 0.073146 0.069715 0.032999 0.209340 1.599397 1.736488 1.436673 0.589666 0.161757 0.074022 0.486160 1.508388 1.510727 0.491673 0.446628 1.551184 2.539749 2.584360 2.631343 1.624967 1.598259 1.455904 1.383006 1.443388 0.382809 0.254810 0.240801 0.210911 0.156597 0.120792 1.081152 0.064204 0.036676 0.125966 0.111876
0.213662 0.194399 0.327254 0.352124 0.041843 0.059654 0.027107 0.025322 0.137524 0.090468 0.057389 0.052900 0.524722 0.530692 1.458020 1.013438 1.161284 0.990073 1.003183 0.916622 0.566432 1.089614 1.212182 0.158901 0.098601 0.073310 0.291011 1.336785 1.617819 1.615001 0.988075 0.362142 0.302046 0.020058 0.426046 0.383368 0.377070 0.042079 0.033892 0.508254 1.484575 2.517760 1.604239 1.593525 1.571466 1.500696 1.447441 1.501359 0.484526 0.014396 0.262399 0.243849 0.021355 0.113246 0.094731 0.073741 0.039596 0.219597 0.106750
0.193945 0.223154 0.165492 0.028755 0.034829 0.037819 0.014396 0.031425 0.108507 0.792441 0.871409 0.911872 0.763599 1.714123 1.695362 0.351394 0.990743 1.012626 1.044551 1.066255 0.047347 1.076129 1.117127 0.112133 0.074994 0.533107 1.415970 1.428707 1.292534 0.944248 1.029397 0.420811 0.309363 0.029137 0.057962 0.056763 0.061106 0.081765 0.020577 0.039462 0.510198 1.422816 1.594977 1.592356 1.573290 1.515929 1.451658 1.461490 0.431818 0.383034 0.368372 0.025841 0.036080 0.025841 0.089413 0.063939 0.374622 0.351243 0.022590
0.197098 0.249353 0.026772 0.039345 0.036171 0.036671 0.037865 0.027610 0.035255 0.083075 0.770117 1.825927 1.896602 1.736061 1.849892 0.022611 0.312650 0.906484 1.055889 1.108559 0.059521 1.093494 1.106872 0.075883 0.049331 0.213776 1.352886 1.402546 1.547651 0.675841 0.680251 0.705924 0.046094 0.027656 0.033287 0.029515 0.055907 0.040688 0.033073 0.058131 0.613035 0.657150 1.597801 1.611602 1.589116 1.521279 1.415748 0.388344 0.390416 0.345224 0.343553 0.024926 0.031151 0.024926 0.087512 0.061323 0.376933 0.376082 0.022590
0.198128 0.238611 0.024147 0.026512 0.056739 0.050468 0.043526 0.035774 0.044716 0.164455 0.812061 0.934244 1.810264 0.815856 1.780373 0.819289 0.600420 0.415982 0.951701 0.974404 0.726640 1.031247 1.108739 0.954259 0.808742 0.532561 0.741335 0.826312 1.787330 0.870071 0.870104 0.868260 0.065346 0.036589 0.017372 0.044380 0.023842 0.039955 0.028831 0.062389 0.688802 0.721438 1.612292 1.541020 1.599562 1.503863 0.028069 0.031321 0.025017 0.248513 0.239721 0.166087 0.130857 0.110971 0.089217 0.059172 0.359855 0.349577 0.269510
0.025780 0.163915 0.122949 0.083385 0.146672 0.109598 0.077648 0.050499 0.033724 0.280424 0.868973 0.998561 0.944760 0.863109 2.798187 1.914406 0.721510 0.590039 0.466775 0.387839 0.602485 0.917294 1.068519 0.950852 0.810732 0.579937 0.892236 0.989873 1.941175 2.092988 1.003774 0.993081 0.093673 0.029865 0.017372 0.032616 0.038887 0.064949 0.877867 1.907821 1.930001 1.934282 1.840170 0.773880 1.547909 0.717407 0.040589 0.033623 0.025689 0.172488 1.115239 1.132794 1.144390 0.093716 0.068047 0.043295 0.366682 0.358593 0.219721
0.092792 0.105627 0.098722 0.068961 0.147194 0.091323 1.562504 0.538300 1.412262 2.507925 1.249927 1.137674 1.019374 1.715959 2.789682 2.929744 1.908117 0.697235 0.635475 0.572514 0.346074 0.926696 0.996607 0.890016 0.753721 0.518402 0.912357 2.033623 2.044224 2.102707 2.160568 1.095368 1.142583 0.131752 0.020180 0.039726 0.041122 0.855739 1.930194 2.927912 2.951792 2.936570 1.887915 0.875843 0.834774 0.841073 0.027520 0.110916 1.049652 1.093264 1.107740 2.054023 2.101752 0.945480 0.860329 0.749631 0.523076 0.384335 0.971015
0.868109 0.902148 0.064826 0.055113 0.084687 0.313739 1.482437 1.604698 2.468177 2.493527 2.535962 1.258588 1.009032 1.587915 2.686546 2.830344 2.854552 1.729388 1.744628 1.791070 0.456652 0.841987 0.926955 0.836716 0.674954 1.096845 1.115949 1.980496 2.018341 2.095031 2.098458 1.130826 0.151777 0.135991 0.086874 0.143896 0.813253 0.892914 1.896173 2.884467 2.894786 1.815052 1.795115 0.903974 0.904641 0.905622 0.027932 0.121794 0.103339 1.092511 1.069752 1.084205 1.101730 0.078214 0.071703 0.065062 0.052711 0.034815 0.053476
1.896243 0.847067 0.734192 0.596363 0.869886 1.353651 1.607555 2.472080 2.511732 2.519343 2.572886 1.497056 0.304923 0.879169 0.695827 1.681008 1.752280 1.704694 1.697905 1.643808 1.314582 0.775344 0.793957 0.751838 0.623647 1.121597 1.204932 1.156229 1.131202 2.114105 1.132166 1.110943 0.151219 0.138176 0.103938 0.173848 0.818075 0.906648 1.883109 1.904028 1.859721 0.969387 0.956078 0.971943 0.979488 0.972537 0.017967 0.021034 0.069670 0.053802 0.196096 0.222527 0.177581 0.027413 0.034935 0.034584 0.032738 0.025475 0.029121
2.914205 1.850609 1.675683 1.514612 1.130517 1.323308 1.537504 1.472045 1.426906 2.368109 3.488498 1.385014 1.363206 1.316592 0.266477 0.214530 0.178102 0.675590 1.728878 1.745376 0.442404 0.260360 0.161949 0.408361 0.415117 1.163012 1.209953 1.170834 1.148107 2.078215 1.169131 0.151012 0.162596 0.025536 0.023705 0.023028 0.177553 0.841696 0.845977 0.858038 0.981127 1.021312 1.035230 1.059467 2.149763 1.071183 0.159854 0.017967 0.104234 0.094663 0.067428 0.286621 0.045237 0.033455 0.041878 0.035805 0.033119 0.025582 0.029152
2.989344 1.960472 0.784059 0.663912 0.467534 0.677593 0.731202 0.752876 0.667962 1.263995 1.393293 2.369414 1.357461 1.359390 0.277967 0.171419 0.134221 0.712664 1.771963 1.793724 0.023766 0.018501 0.086649 0.231277 1.160368 1.226933 1.216370 1.176211 1.150408 1.137573 1.158260 0.148123 0.025536 0.035713 0.025536 0.411756 0.355650 0.301416 0.290213 0.223430 1.039302 2.171325 2.195735 2.199527 2.163353 2.212270 0.182065 0.172918 1.126808 1.127871 1.131654 0.081413 0.080605 0.025795 0.027565 0.088280 0.079719 0.056191 0.053384
2.990735 1.963460 0.818782 0.708121 0.592679 0.429757 0.768031 0.833000 0.775234 0.524500 0.378669 1.301874 1.337854 1.346016 0.256583 0.967358 0.891268 1.761282 2.847372 1.850853 0.030682 0.150491 0.085572 1.135939 1.200543 1.214985 1.209203 1.174841 1.152112 1.173596 0.154803 0.152009 0.023705 0.025536 0.039672 0.413918 0.421140 0.401851 0.337348 1.156940 1.137438 2.136322 2.173333 3.205070 2.171231 2.205209 0.182488 0.171487 1.122007 1.126690 1.130471 0.086078 0.053300 0.078882 0.077873 0.046838 0.051309 0.037148 -9999.000000
2.975278 1.903322 1.928974 0.745488 0.651944 0.553920 0.381726 0.873829 0.909528 0.185946 0.101017 0.055424 0.259882 1.286430 0.270841 0.824540 0.816101 1.769791 2.813391 2.844001 0.019737 0.191632 0.407942 1.085203 1.246907 1.262276 1.230962 1.151905 1.142757 1.172521 0.122792 0.095782 1.020714 0.038895 0.515732 1.501337 2.510239 2.564995 1.426339 1.194881 1.175975 2.144559 2.178684 3.163387 2.170709 2.189933 0.174232 0.169388 0.123442 0.090163 0.079177 0.052345 -9999.000000 -9999.000000 -9999.000000 -9999.000000 -9999.000000 -9999.000000 -9999.000000
1.838904 1.856573 1.870521 0.731687 0.661879 0.604798 0.534372 0.438843 0.399233 0.398745 0.028038 0.035135 0.027932 0.345645 0.288995 0.239272 0.655605 1.692392 2.750822 1.787124 0.655416 0.390015 0.511451 0.998770 1.250312 2.299126 1.306176 0.196643 1.015214 1.039864 0.984802 1.000560 0.968167 0.819456 0.630205 2.406456 2.495627 2.523563 1.458629 0.314724 1.059540 2.145738 3.169353 2.177945 2.156319 1.171105 0.147457 0.017372 0.017372 -9999.000000 -9999.000000 -9999.000000 -9999.000000 -9999.000000 -9999.000000 -9999.000000 -9999.000000 -9999.000000 -9999.000000
