use_cases/Flooding_chicago/flooding_data/output/h_2700.asc
ncols 337
nrows 393
xllcorner 428428.000000
yllcorner 4602440.000000
cellsize 26.757400
NODATA_value -9999.000000
[rows 216 to 242 of 393, columns 59 to 117 of 337]
3.839758 3.838400 2.842375 2.842452 2.839568 1.833079 0.845414 0.849173 1.845594 0.745662 0.059582 0.018272 0.022652 0.065676 0.834418 0.860094 0.060850 0.091418 0.033104 0.036277 0.027244 0.082621 0.572477 1.712537 0.750414 0.751269 0.749241 0.751980 0.756335 1.758571 1.751135 0.770491 0.748581 0.038795 0.053983 0.066835 0.020607 0.773384 1.776877 1.771141 1.758840 3.758543 4.712662 3.629956 3.752645 3.839263 3.859540 2.980915 2.959499 1.783714 1.067646 1.000662 0.146633 0.044979 0.070567 0.035284 0.063513 0.095994 0.100761
3.838117 3.839277 3.840818 1.839485 1.840195 1.839736 0.833369 1.836418 1.836282 0.803943 0.069012 0.065106 0.065546 0.874693 1.912766 1.897577 0.800861 0.065859 0.020760 0.092991 0.100650 0.106250 0.625887 1.700023 0.039867 0.037458 0.740501 0.744246 0.735698 0.050228 0.092633 0.781235 0.060048 0.048363 0.035622 0.048363 0.019860 0.080291 0.729081 0.768556 1.724266 2.739787 2.730968 1.877339 1.936376 2.834188 2.915478 2.950418 2.933404 1.830695 0.183890 0.028038 0.041024 0.065747 0.078246 0.086397 0.105377 0.142854 0.078841
4.838314 4.839547 4.840180 2.839258 1.840266 0.839414 0.833329 1.838994 0.842832 0.825656 0.831534 0.835750 0.835557 0.860695 1.891106 1.890629 0.833037 0.054334 1.031460 0.971223 0.116199 0.024896 0.023460 0.684273 0.072285 0.064722 0.741774 0.715251 0.048794 0.018745 0.122035 0.073859 0.074868 0.025124 0.031837 0.032525 0.029960 0.102012 0.666360 0.700283 0.683019 1.621596 1.839931 1.920583 1.981610 1.962929 1.872694 1.893566 1.857736 0.844944 0.270254 0.024460 0.026801 0.643606 0.635090 0.617407 0.608612 0.618365 0.100535
4.838423 5.839909 5.840193 4.838975 2.838261 0.842876 0.835239 0.840623 0.847633 0.835998 1.857589 0.863652 0.864029 0.868045 1.902253 1.889338 0.029892 0.044157 1.024655 1.023860 0.020637 0.033496 0.024895 0.108951 1.149440 0.113800 0.085420 0.071061 0.038090 0.023704 0.204734 0.022071 0.037453 0.025078 0.031670 0.031914 0.025994 0.145814 0.142665 0.162596 0.308156 0.852461 1.653378 1.924659 2.018551 1.932525 1.044707 1.060041 1.080052 0.954817 0.447881 0.638503 0.672562 1.703621 1.668514 0.687082 1.786789 0.618831 0.114290
4.837503 4.837790 5.837748 4.837426 2.836954 0.841019 0.829796 0.835567 0.827805 0.829580 1.855682 0.862715 0.865894 0.866536 1.889636 1.879479 0.038571 0.047034 1.032011 1.011075 0.053269 0.021441 0.115754 0.127787 2.154525 0.132184 0.106960 0.036696 0.026939 0.030647 0.241527 0.241923 0.034436 0.038871 0.036201 0.092105 0.076858 0.055970 0.047258 0.035446 0.477274 1.100098 1.190940 1.732420 1.805607 0.826205 0.889436 0.977114 1.078358 0.394459 0.566590 0.645036 0.669898 1.680998 0.674438 0.637312 0.077251 0.129580 0.117249
3.836654 3.836700 3.836737 3.835511 2.836653 1.843012 1.826622 0.828298 0.044019 0.033682 0.868949 0.870615 0.021807 0.022369 0.940220 0.920784 0.048120 0.014397 0.036202 0.998563 1.007753 1.017177 0.083976 1.135940 2.136511 1.112113 0.027131 0.021508 0.036659 0.032433 1.268591 0.226233 0.024675 0.072827 0.044186 0.926911 0.947234 1.950705 1.979801 1.955052 1.837708 1.623871 2.697887 1.432157 1.219069 0.455301 0.302498 0.374461 1.193898 0.547571 1.720558 0.697545 0.707718 0.718800 1.715217 0.570405 0.065713 0.033059 0.039954
2.840100 2.840861 2.843434 2.842188 2.835155 1.833090 0.761870 0.030796 0.017372 0.051762 0.859052 0.882352 0.018105 0.951109 0.939860 0.936428 0.927507 0.034883 0.036949 1.044121 3.052984 3.001765 2.049229 1.065792 1.060953 0.987045 0.170399 0.093635 0.026070 0.025352 0.243063 0.241439 0.018990 0.059511 0.911782 0.958874 0.962669 2.937770 2.979481 2.965178 2.919994 2.863330 2.808971 1.752639 0.717106 0.728084 0.014397 0.590800 0.613512 1.752972 1.726239 1.748086 0.726507 0.721607 1.697089 0.553494 0.089720 0.037514 0.053872
2.835774 1.840690 2.850054 2.842912 2.831673 1.836022 0.757848 0.038691 0.017372 0.060244 1.921916 1.911682 1.912362 1.948735 1.941360 1.976494 1.958551 1.977431 1.965131 1.993424 3.026742 2.991965 0.894975 0.168518 0.261208 0.227979 0.254304 0.125750 0.178846 0.199256 0.213643 0.014397 0.124497 0.866705 0.934968 0.956610 0.961933 3.941690 2.965308 2.956639 3.926608 3.927399 3.957628 1.850595 0.793342 0.779585 0.821487 0.725384 0.728028 1.737185 1.735008 1.735377 0.707153 0.035082 0.035406 0.614687 0.148053 0.170595 0.050362
0.837898 1.845432 2.847666 2.838764 1.846722 1.847599 1.834903 0.853763 0.843104 0.851744 1.916898 1.897380 1.881087 0.940677 0.937567 2.011152 1.974135 3.000879 1.977869 1.999630 2.027659 1.844021 0.282220 0.017372 0.351342 0.062687 0.107394 1.170970 0.181160 0.198935 0.204131 0.188836 0.157895 0.865190 1.938040 2.990330 3.014710 3.926328 2.954537 2.940062 3.851776 3.853564 3.887679 1.850883 1.888236 1.896274 0.819531 0.774724 0.767074 1.706733 1.703073 1.701593 0.664176 0.042185 0.023964 0.025750 0.194878 0.159391 0.047478
1.838984 1.841331 2.854498 2.834442 1.850494 1.853307 1.843758 2.865768 1.845465 1.873133 1.896619 1.881274 1.861765 0.898928 0.914296 1.967587 1.956523 2.981321 1.914136 0.980240 1.968771 0.960796 0.362904 0.017372 0.395848 0.079954 0.133614 1.166112 0.162226 0.018455 0.207591 0.193929 0.159602 0.865554 1.939862 2.965341 3.993102 2.958215 2.955208 2.940892 2.907768 2.806646 2.836062 1.844251 1.818617 1.850401 0.822550 0.796649 0.797498 0.782129 0.781893 0.780670 0.736584 0.037659 0.026503 0.036373 0.050423 0.053368 0.042749
1.841850 1.842138 1.840966 1.844125 1.846913 1.852946 1.844549 2.865516 1.820039 0.886702 0.892617 1.854643 0.055836 0.025597 0.028404 0.077064 0.926508 0.947412 0.048701 0.054569 0.075160 1.076385 0.479821 0.519322 0.410053 0.056574 0.017967 0.198993 0.199876 0.023567 0.030129 0.028633 0.120504 0.837494 1.946504 2.973541 3.988338 2.969935 2.966172 2.960080 2.960455 1.911457 1.890307 1.900812 0.862121 0.806268 0.813120 0.805847 1.813665 0.801284 0.810404 0.819993 0.817078 0.837121 0.218143 0.262891 0.057627 0.022743 0.039712
1.839707 1.839525 1.836091 1.839840 1.842332 1.850647 1.840613 1.846535 0.864219 0.881816 0.854994 0.043188 0.036422 0.017372 0.025704 0.059401 0.059699 0.157709 0.038403 0.040353 0.036798 0.602880 1.784783 0.537305 0.040773 0.017967 0.021034 0.208514 0.214778 0.229047 0.028145 0.042046 0.031090 0.062120 0.888220 2.955110 3.992851 4.020198 2.972046 2.964842 2.969310 1.921180 1.894753 1.873184 0.913763 0.071266 0.048731 0.776044 0.733450 0.790180 0.818572 0.839656 0.849256 0.856770 0.740837 0.291640 0.097432 0.199900 0.274423
1.835883 1.835219 1.830477 1.834352 2.839608 1.841779 1.834302 0.779704 0.813342 0.823534 0.811372 0.036903 0.035820 0.017372 0.025704 0.099754 0.111155 0.080941 0.073501 0.014397 0.029385 0.691240 1.789740 0.037133 0.069852 0.092463 0.124634 0.175563 0.212640 0.234152 0.246809 0.041191 0.043021 0.023202 0.094356 1.973542 5.012176 5.047950 5.082778 4.051950 2.981098 3.015822 1.893093 0.824780 0.884630 0.070555 0.078191 0.018166 0.184019 0.773039 0.851751 0.870135 0.877401 0.837871 0.287263 0.432526 0.685835 0.159098 0.276638
1.840267 1.839792 2.836897 2.840481 2.835428 1.846007 0.811436 0.069041 0.094312 0.112634 0.143270 0.019309 0.014397 0.046856 0.109377 1.150788 2.162253 0.112520 0.066848 0.899841 1.921646 1.900299 1.849084 0.030731 1.067583 2.040689 0.992942 0.114601 0.026024 0.034308 0.038660 0.049598 0.040658 0.075019 1.029637 1.977705 3.950245 4.983054 4.998890 4.013253 2.977251 2.947633 0.831742 0.112808 0.094522 0.101815 0.023794 0.022072 0.246382 0.169887 0.857100 0.879216 0.878968 0.025020 0.019035 0.026466 0.820674 0.835291 0.227045
1.834462 1.833639 1.827457 2.830983 2.831909 1.822910 0.820611 0.025602 0.048415 0.078253 0.131868 0.162677 0.028659 0.042781 0.028337 1.148313 1.150808 0.124888 0.935523 1.946092 1.942758 2.916120 1.871696 1.993712 3.062625 3.021997 1.983824 0.071495 0.025978 0.034158 0.038215 0.047401 0.038749 1.045822 2.065520 3.029294 2.965178 3.953108 3.966972 3.973082 3.005137 1.986602 0.071895 0.117283 0.121723 0.024692 0.028896 0.419517 0.356546 0.284522 0.827891 1.933261 1.941527 0.837092 0.091309 0.039513 0.038338 0.875513 0.138850
2.830026 2.829206 1.824284 1.828596 1.827166 0.766569 0.782625 0.127247 0.044657 0.019141 1.230255 1.226597 0.185598 0.028766 0.029513 0.019843 1.164729 0.139805 0.100069 0.838173 1.868593 1.829933 0.854111 1.986389 1.991485 3.014089 1.973010 1.021932 0.147844 0.175192 0.187467 0.030434 0.032462 1.025431 2.034677 2.979287 2.040657 3.034933 3.054924 3.048337 3.041552 3.081419 1.028598 0.137853 0.137001 0.028096 0.027157 0.419311 0.395321 0.312394 0.764015 1.892081 1.883136 0.781028 0.099946 0.053902 0.070064 0.072092 0.111851
2.821285 2.824683 1.817149 0.739961 0.749824 0.097238 0.192656 0.188992 0.044838 0.025215 1.224035 1.226384 0.233332 0.210723 0.200126 0.194142 1.174280 1.181725 0.144681 0.138748 0.096404 0.077190 0.091449 0.077838 1.090021 1.092349 1.064882 1.035257 0.138454 0.173187 0.189939 0.191796 0.020699 1.017931 2.038565 2.054074 2.050478 3.036577 3.059088 3.050519 3.037907 3.036937 1.028698 0.116586 0.135512 0.019441 0.509761 0.483202 0.438402 0.296039 0.172177 0.793092 0.062611 0.099853 0.043835 0.068648 0.075962 0.072883 0.069811
1.740537 1.749481 1.735568 0.050078 0.027937 0.029527 0.300344 0.259676 0.049889 0.036094 0.036324 0.034904 0.027153 0.206988 0.197118 0.193585 1.176378 1.180987 0.164932 0.165228 0.017372 0.017372 0.123481 0.117727 1.112828 1.113654 1.101243 0.120551 0.154961 0.181508 2.209541 2.238193 1.207226 1.118255 2.059911 2.086366 3.094252 3.075028 4.067986 4.082436 3.061315 2.087077 0.066433 0.026709 0.028819 0.484021 1.538173 0.529676 0.524283 0.021706 0.021950 0.089317 0.035774 0.048814 0.063266 0.014397 0.073007 0.743713 0.746844
0.196244 0.176655 0.157493 0.023796 0.023018 0.046949 0.331814 0.302279 0.054357 0.045616 0.017372 0.017372 0.032936 0.020821 0.189289 0.192340 1.176517 2.187800 2.190982 1.191388 1.193301 0.160160 0.154159 0.146574 1.128801 1.128080 1.112374 0.153083 0.170037 2.208798 3.201203 3.226600 2.212025 2.195335 3.083934 3.098582 3.051363 3.081240 3.082021 3.071644 3.020848 2.085818 0.073153 0.019310 0.045671 0.433988 1.538713 0.577054 0.577072 0.018089 0.738334 0.032254 0.052932 0.061706 0.065322 0.051534 0.713231 1.735220 1.724389
0.223337 0.178774 0.034403 0.028144 0.023674 0.068443 0.370613 0.055324 0.026415 0.014397 0.043481 0.031693 0.155773 0.157221 0.182324 1.193820 2.193245 3.185072 3.191520 2.192544 2.193336 1.194307 1.195348 1.190789 1.163659 2.160792 1.153400 1.199407 1.199124 3.210675 3.201628 3.214153 2.192368 2.165283 2.112941 1.993540 2.062818 3.060144 3.065519 3.021509 1.961123 2.020479 0.029518 0.027366 0.023507 0.051834 0.054943 0.605800 1.707624 2.737235 2.721691 2.716622 1.704669 0.709183 1.700432 0.660424 1.749896 1.746327 2.743209
0.238946 0.195511 0.047558 0.022972 0.112562 1.121028 0.102908 0.116173 0.024064 0.025743 0.127585 0.139210 2.192328 2.186831 2.188236 2.191765 2.187244 2.186654 3.193091 3.185829 2.191127 2.192952 2.190886 1.186260 1.169103 1.168581 1.167274 2.213925 2.199353 3.216634 3.208784 3.219296 3.235144 3.232948 2.167906 1.143718 1.983106 3.082154 4.094227 2.089466 1.081902 1.087651 0.028435 0.023566 0.022942 0.052805 0.062472 0.056932 1.691662 2.734397 3.735679 3.731066 3.730790 3.736644 3.721313 1.729892 0.747606 1.752656 1.747494
0.225203 0.048412 0.067458 0.018548 0.132606 0.132949 1.135013 0.143800 0.160419 0.142986 1.186584 2.187148 3.192017 4.190418 4.188687 4.189057 3.193256 4.196218 5.194399 5.192582 4.195085 5.197601 4.194770 1.188425 1.174651 1.176530 1.178501 1.199232 1.200283 3.236971 4.226969 4.238808 4.247765 4.246264 3.251819 2.266071 1.146956 3.099177 3.124041 3.170809 1.115979 1.110286 0.144668 0.028191 0.027992 0.323151 0.055444 0.071283 0.660735 1.705059 1.698178 1.701032 1.717600 2.727459 3.699215 1.750017 1.745965 1.747835 1.752923
0.055905 0.079722 0.014397 0.146097 0.142430 0.144416 0.150070 0.157546 0.170836 1.189303 1.189772 2.194513 4.194788 5.189620 4.190671 4.189706 4.195008 6.199365 7.195169 7.195136 7.197053 7.197653 7.195653 3.194396 2.193380 2.192742 1.184677 1.200248 1.200931 3.224442 3.215919 4.228227 4.226676 4.224384 4.252937 3.206735 2.246366 3.094570 4.191522 3.170136 2.194383 2.186020 1.214634 1.226914 1.166487 0.246081 0.056830 0.072395 0.070896 0.072281 0.073879 0.073603 0.731557 1.748483 1.744667 1.763182 1.753769 1.753417 0.730852
0.097199 0.108026 0.125454 0.144818 0.145976 0.149625 0.157432 0.166894 1.191151 1.192658 1.190278 2.194480 4.201292 4.193087 4.190506 3.193433 5.205347 6.199452 7.197311 6.197539 7.202205 7.199412 7.199366 7.196855 6.199834 5.201599 3.190955 2.212844 2.214901 3.218312 4.227505 4.222063 4.223094 4.219398 4.218797 2.220809 3.222240 4.149643 4.170992 4.187300 2.174995 2.154026 1.209799 0.165862 0.122416 0.030449 0.018135 0.066952 0.702897 0.725359 1.715860 1.715330 2.740955 1.727130 0.717328 0.027298 1.761481 1.756532 0.725985
0.026710 0.117464 1.155920 1.158726 0.153831 0.155424 0.163159 0.171862 1.190652 2.186908 1.190507 2.193470 3.194504 4.192284 4.188666 2.192438 5.207230 7.202050 7.196338 6.198714 6.199707 7.203724 8.206433 9.202950 9.188112 7.204448 6.198609 5.210896 4.210239 3.210418 4.221905 4.220222 4.222919 4.221952 4.226661 4.308818 3.197359 4.097848 4.132258 3.114161 2.149299 1.140535 0.038426 0.021964 0.022453 0.022453 0.021965 0.649791 2.741796 2.747743 2.746592 2.748429 3.750416 3.746647 1.734513 0.044168 0.739204 2.752890 1.732514
0.033622 0.122448 2.143477 3.147708 2.145189 1.135504 0.171149 1.189308 1.188837 2.193200 1.189066 2.190545 3.191981 4.190014 2.187645 1.189780 5.202400 8.198910 9.194660 8.192671 6.197916 7.199742 8.200296 8.197627 9.191884 8.197807 8.192448 6.193767 4.203464 3.207670 4.215144 5.234555 5.243742 5.228368 5.232340 5.273098 4.245842 3.145325 3.098443 2.166401 1.143570 0.109488 0.040683 0.018136 0.066054 0.627116 0.642320 1.727371 2.745407 2.740726 2.741244 3.744930 4.745659 5.733069 3.726263 0.748087 1.766034 2.775732 2.736033
0.126984 1.151229 2.153347 4.155568 4.150817 2.143174 0.172980 1.189405 1.190682 1.189171 1.188704 2.189707 3.196485 3.192913 2.189864 1.188986 4.195245 7.195126 9.195552 8.191086 7.193846 7.193972 7.194031 7.193698 6.189209 7.192448 8.184467 6.190547 4.190037 2.195014 3.160232 5.172564 5.164453 4.092868 4.068648 5.187270 4.199488 4.182573 2.172776 2.170252 0.160076 0.027143 0.035797 0.694054 2.700352 2.703183 2.705061 2.681027 1.729047 2.749642 3.743012 4.744526 6.747797 7.732149 3.704858 1.762346 1.760642 2.780664 2.746749
