use_cases/Flooding_chicago/flooding_data/output/h_2700.asc
ncols 337
nrows 393
xllcorner 428428.000000
yllcorner 4602440.000000
cellsize 26.757400
NODATA_value -9999.000000
[rows 135 to 161 of 393, columns 118 to 176 of 337]
0.233438 0.369188 1.382526 2.382374 3.391543 3.398066 4.397684 4.401226 4.402816 4.406380 4.400882 5.391377 7.380502 7.396608 7.410997 5.398275 5.382615 5.386300 5.377614 5.392500 4.391679 3.376724 2.341487 2.334689 3.321209 3.334268 3.342577 3.349273 2.358794 0.233187 1.101709 1.139275 2.036515 2.068152 3.051332 3.085206 2.006790 0.789953 0.669422 0.543956 0.323555 0.291187 0.835648 0.960886 0.078651 0.053840 0.033333 0.034554 0.047753 0.038658 0.031517 0.038139 0.030419 0.037210 0.043647 0.051140 0.064782 0.092318 0.072818
0.325591 1.370604 2.395796 3.384765 3.402323 4.399786 4.400388 5.393450 5.403028 5.400376 5.400406 5.393176 5.399117 5.398345 5.396929 5.402730 4.379173 4.382681 5.365073 5.394365 4.388091 3.347177 3.314244 3.316270 3.328548 3.348202 2.314942 2.343660 1.261355 1.172747 2.123328 2.170054 3.098866 4.116937 4.172890 3.156216 2.094498 0.827106 0.675907 0.524128 0.574391 0.824398 2.014869 2.089880 0.997654 0.038644 0.037147 0.025993 0.084692 0.041908 0.044349 0.029961 0.039330 0.047110 0.044931 0.053764 0.473146 1.763439 1.754319
0.378139 2.381721 2.396449 2.393491 3.392606 4.394331 4.398502 5.395083 5.403776 4.402324 4.401181 4.400066 5.386085 5.397876 5.399150 4.404601 3.370784 3.374958 4.357321 4.371379 4.390646 3.352740 4.295345 4.332585 3.341697 2.307090 2.329510 1.281765 1.256423 2.020827 3.117964 4.126781 4.148319 4.136959 4.182196 3.153518 2.081534 0.797544 0.596538 0.443924 0.528538 0.874881 2.974984 3.079987 1.076714 0.073307 0.038155 0.023263 0.109249 0.035911 0.028495 0.049522 0.038215 0.050697 0.054684 1.394476 2.731763 2.771579 1.747537
1.341973 2.383683 2.406671 3.404104 3.404286 4.397852 4.401510 5.394777 5.402404 4.404853 4.403464 4.402069 4.392380 5.392307 4.402406 5.419098 2.379513 2.380850 3.345624 4.373510 3.393772 2.343875 4.298550 4.342919 3.330724 2.278816 2.270234 2.232125 3.161798 3.173336 3.156388 4.119013 4.145024 4.131581 4.191083 3.150216 2.035523 0.699461 0.755947 0.683940 0.538467 0.927787 2.999511 3.081061 3.104759 2.093786 0.987835 0.071906 0.093981 0.070259 0.027809 0.048711 0.046845 0.034416 0.074429 2.627508 3.719732 3.772707 2.744505
1.381240 1.404701 2.395734 3.397530 3.401719 4.392276 4.399621 4.400195 4.402335 5.411740 5.416656 4.406323 3.402899 3.402623 4.388159 5.412570 2.374233 2.373522 2.366278 3.367412 2.355240 2.334017 2.315285 3.261622 3.292330 3.257629 4.210569 4.267988 4.280055 3.167257 3.149418 4.055717 4.110951 4.110450 4.207549 1.944705 1.740051 1.150867 1.295066 1.444067 1.337201 1.149277 2.921965 4.058973 4.133698 3.116348 2.103013 0.805299 0.632694 0.660299 1.291788 1.601955 1.564989 0.401159 0.724659 1.568874 3.592218 3.722388 2.726882
1.387265 1.404746 2.392621 3.382105 3.388394 3.384162 4.391672 4.397007 4.399427 5.402199 5.406018 4.404766 3.401983 3.401506 4.391559 4.415057 2.372962 2.369962 2.361226 2.357146 2.353158 2.334640 2.316207 3.265609 3.299003 4.206512 5.272618 4.275310 4.278310 3.173169 3.159690 3.203303 2.065617 3.007200 4.156631 1.918994 1.675407 1.746315 1.678714 2.675852 1.465376 1.684458 3.926188 6.025236 5.142204 4.098692 3.080000 1.827619 1.679671 1.734882 2.357218 2.734698 2.645084 2.671414 1.151850 2.508646 2.821639 2.816022 2.857822
2.403690 2.402604 2.396365 2.397896 2.398994 2.399483 3.393909 4.395866 5.402544 5.404072 5.397614 4.391273 3.403802 4.408709 5.411995 4.402735 4.418599 3.408710 2.366119 2.359359 3.361838 2.341980 2.324911 2.313012 4.228891 4.276751 5.258998 5.312671 3.251975 2.161775 2.154783 2.195346 0.115432 0.828753 1.887224 0.031771 0.388654 0.560448 1.538872 1.667501 1.394987 3.297844 5.929324 7.019413 6.130835 3.989847 3.994742 2.780778 2.410237 1.862046 1.606297 1.569455 3.074744 3.560117 1.162124 1.516651 1.710466 1.694775 2.627266
3.330577 2.379374 3.378006 2.392151 2.396120 2.398018 3.378844 4.387716 5.391037 5.395152 4.380460 3.401055 3.401000 4.390737 6.372225 6.408003 5.395700 4.393541 3.379906 3.366620 3.383972 2.347428 2.327621 2.320498 2.321180 3.238659 4.267756 3.315277 1.289732 0.179209 0.139152 0.046423 0.034844 0.027443 0.070901 0.032189 0.027657 0.036660 0.078117 0.388873 1.126722 2.788847 5.009030 6.111096 4.132036 3.063350 3.054982 3.023867 1.963465 0.576637 0.338641 0.378697 2.177224 3.540480 1.241614 1.118118 1.078459 0.993531 1.391372
2.414875 2.412411 2.406806 2.421603 2.417231 2.413685 2.411472 3.370332 4.378243 4.407495 3.406288 3.401839 3.401514 4.388259 5.370980 5.388057 4.395689 3.385307 3.365696 4.352710 3.378076 2.357992 1.319657 1.313303 1.314088 1.300394 1.293748 1.313590 0.045555 0.056877 0.065929 0.040764 0.027641 0.038262 0.041970 0.036552 0.021644 0.034934 0.040566 0.080349 0.151346 0.878719 2.000274 2.035712 2.052025 2.050662 2.026367 1.994045 0.974587 0.043152 0.156467 0.221519 1.234230 2.373737 1.266865 1.193361 1.138220 1.068660 0.943793
1.389822 1.418236 1.413130 2.417610 3.428173 3.426853 2.410819 2.410137 2.413449 4.410280 4.432466 3.403879 3.401938 4.374122 4.389824 3.387163 3.386050 3.386223 2.351264 3.316704 2.357563 0.262003 0.232655 0.238728 0.218776 0.230067 0.305318 0.269617 0.062859 0.054740 0.070168 0.039925 0.030144 0.048606 0.056312 0.043861 0.070808 0.055551 0.050086 0.062645 0.041878 0.048677 0.079156 1.072738 1.102453 2.087791 1.084279 0.072452 0.019310 0.049582 0.124654 0.198993 1.248829 2.374491 1.304311 1.242451 1.187737 1.129299 1.003792
0.334780 1.403181 1.416252 2.422300 3.423275 4.429627 3.428738 3.428662 3.433421 5.435311 5.441632 4.436312 4.437599 3.406901 3.377083 2.365754 2.366877 2.346445 1.393991 0.393597 0.388388 0.017967 0.041908 0.036933 0.055472 0.036249 0.272524 0.237576 0.040505 0.035180 0.048042 0.066306 0.088554 0.036752 0.060371 0.048896 0.065453 0.054618 0.057045 0.033668 0.034691 0.069337 0.113515 1.068463 1.110840 2.079731 1.074321 0.088547 0.027366 0.023507 0.092747 0.084358 0.286920 2.399230 1.356358 1.298803 1.246903 1.194319 1.007748
0.382302 0.432181 1.404755 2.420571 4.431500 4.425157 4.431705 4.432292 5.445219 5.429857 5.434509 5.445331 5.442603 3.422526 2.424080 1.429677 1.427972 1.421711 1.415821 1.422938 0.388196 0.021034 0.017967 0.065774 0.020087 0.038692 0.082633 0.082811 0.031837 0.049965 0.053993 0.051979 0.059303 0.057869 0.022591 0.022591 0.050209 0.040092 0.066450 0.059281 0.128586 0.110860 0.182880 0.147083 1.080753 1.055013 1.056637 0.110526 0.023566 0.022942 0.167520 0.101988 0.232191 1.392144 1.395445 1.327254 1.271756 1.284747 0.295606
0.397935 0.439797 1.387490 2.414616 4.415677 4.421747 4.422937 4.423973 5.423257 5.415689 5.416903 5.416756 5.403180 4.440959 2.421754 1.432151 1.430891 1.427012 2.448777 2.437547 2.446501 0.040616 0.052576 0.039452 0.030480 0.030755 0.067681 0.082405 0.035286 0.045693 0.034675 0.054755 0.096442 0.099146 0.022591 0.022591 0.033836 0.046150 0.060880 0.123376 1.170142 0.151054 0.088154 0.158899 0.136810 0.125953 0.147640 0.166307 0.199454 0.252187 0.240825 0.156223 0.417662 0.291350 0.483568 0.485382 0.450053 0.446970 0.462433
0.497704 0.473324 1.375195 2.413852 4.410830 4.422859 4.423922 4.419231 4.425043 4.414613 4.406816 4.426860 4.403127 4.391944 3.413872 2.428722 2.452699 2.439420 2.404752 2.410480 2.427793 1.373244 1.343363 0.065706 0.030738 0.049736 0.049476 0.052193 0.026543 0.029045 0.059395 0.048470 0.090415 0.098808 0.028573 0.037087 0.033583 0.035652 0.160549 1.193380 1.198709 0.175944 0.131832 0.076729 0.070416 0.054418 0.186425 0.177166 0.199133 1.264220 1.307595 1.142123 0.751370 0.413360 0.535419 0.566750 1.549975 0.533531 0.508512
1.583329 0.501909 2.391829 3.434538 4.418427 4.427871 4.424457 3.423908 3.424610 3.410297 3.432338 4.409119 3.423354 3.347541 2.403466 1.426810 2.407342 2.393366 1.429613 1.400496 2.427651 2.433302 2.420856 0.247338 0.043411 0.053003 0.020500 0.060417 0.048760 0.043724 0.035896 0.061287 0.157246 0.132782 0.083153 0.033913 0.045769 0.039497 0.033715 1.193141 1.186495 1.207026 0.151890 0.017372 0.105751 0.097798 0.084194 0.017372 0.032941 1.147833 2.046206 2.108436 0.727699 0.836681 0.620412 0.629329 1.487476 2.617547 1.556327
0.528780 1.395694 3.417318 4.428189 5.417152 4.416897 2.430309 2.430806 2.440115 2.431728 3.422206 3.425266 3.381435 2.428247 2.404115 1.435184 1.446141 1.442696 1.438255 0.449640 1.414027 1.439264 1.436314 1.373416 0.074900 0.020104 0.031533 0.038675 0.066858 0.062119 0.051801 0.044077 0.147308 0.702213 1.811968 1.847889 0.038226 0.041763 0.029072 0.251144 2.160011 1.230148 0.180784 0.017372 0.124884 0.118989 0.113806 0.017372 0.044764 1.173120 1.186412 0.845807 0.577888 0.635523 1.259431 1.466999 2.556895 2.581750 2.582883
0.023887 2.442647 2.407105 3.414207 3.415187 3.409785 2.423604 2.421839 2.419123 2.404516 2.431710 3.399279 2.430884 2.443012 2.455673 3.553149 2.529495 2.511735 1.475927 1.501134 0.478280 1.478845 1.460076 0.337812 0.083371 0.054039 0.018028 0.091601 0.094914 0.575269 0.636474 0.048198 0.830161 1.844688 2.828865 2.870707 0.685955 0.614647 0.536549 0.390649 1.180554 1.242435 0.195163 0.176499 0.147396 0.130072 0.113262 0.083612 0.632601 1.371026 1.442422 0.278259 0.018943 0.502668 1.305195 2.464868 3.552492 3.592365 2.552479
1.390768 2.435768 1.368984 1.386760 2.384911 2.403173 2.406700 2.378054 1.435837 1.433919 2.472251 2.449427 3.515314 3.517950 3.536054 4.553681 4.561985 3.520611 1.479050 1.487730 1.493752 1.471421 0.460368 0.331041 0.037849 0.028891 0.021004 0.034792 0.072006 1.824302 1.891787 1.907325 1.898643 1.845051 2.820717 2.865087 1.818672 0.665540 0.561903 0.428409 1.162650 1.245495 0.195217 0.174839 0.151841 0.132425 0.113094 1.644531 2.727134 2.695793 1.600600 0.036005 0.014397 0.058953 1.246458 2.441649 3.485885 3.551504 2.467697
2.246870 2.433991 0.448947 0.460540 0.457343 1.414260 1.417786 1.403101 1.440200 1.440480 2.473790 3.492120 3.473797 4.520241 4.487646 4.488947 4.485873 3.483802 2.501107 1.487168 1.483582 0.464553 0.435120 0.048103 0.060510 0.035531 0.018028 0.029930 0.071499 1.862276 2.920214 2.932040 1.912377 0.873804 2.789410 2.837974 2.839570 0.667688 0.551615 0.425905 1.015864 2.099507 2.111887 2.156124 1.164598 0.129933 0.092396 2.721870 4.772542 4.786287 2.762458 1.847466 0.028822 0.110253 1.119702 2.384807 3.419581 3.482759 2.414074
1.374226 1.468018 0.476311 0.483791 0.476696 0.477464 0.022895 0.022631 1.475826 1.458695 2.477492 3.475641 3.472536 4.461400 3.499722 3.512506 3.516639 3.492706 2.484953 1.488923 1.485918 0.466127 0.427883 0.059848 0.064659 0.035805 0.038445 0.045739 0.050439 1.871334 2.909816 2.922592 1.913595 0.873777 1.786840 1.801290 1.752813 1.739160 0.535230 0.881186 2.060165 3.135085 4.076405 4.139694 3.131765 0.916266 1.679660 3.676053 4.745040 4.763193 3.791660 2.878243 0.611906 1.089689 1.022754 2.151224 2.357301 1.336839 1.275924
0.048596 0.030357 0.485070 2.544269 2.540639 1.526637 0.026394 0.022934 1.477671 1.462319 2.478348 3.472849 3.449261 3.485890 3.501244 3.513116 3.519262 3.497464 2.494714 2.511111 1.492148 1.468082 0.361802 0.060877 0.035728 0.034188 0.034294 0.048378 0.028939 0.752519 2.915427 2.939825 2.951380 3.006500 1.901717 0.813505 1.633364 1.648822 1.389822 1.898811 3.054000 3.179535 5.036935 5.173852 4.143618 3.021832 1.828501 3.602705 4.750597 4.816703 3.803732 2.845272 1.672920 0.941096 0.582179 0.712785 0.825498 0.737527 0.617759
0.014397 0.031073 1.486879 2.509063 2.517146 1.512922 0.498499 0.484889 1.480219 2.488604 3.478636 3.461538 2.482199 3.515390 4.570382 4.564620 3.534461 3.511224 3.521955 3.518188 2.510033 1.474548 0.037755 0.034477 0.020019 0.030632 0.026847 0.033958 0.041264 0.718168 2.932681 4.963904 4.976508 5.022811 2.950689 1.936139 0.794677 0.711712 1.260859 1.146300 2.973490 3.130483 4.002438 4.103697 4.135661 2.965612 2.867322 2.813811 4.762084 4.856090 3.848952 2.889859 1.895905 0.052598 0.037856 0.334809 0.802867 0.734889 0.534971
0.068576 0.584781 1.431536 1.483303 1.520395 0.502254 0.497303 0.485163 2.478913 2.470297 2.465738 3.461211 3.472238 3.490622 4.525038 4.490950 3.539160 4.549712 4.541784 4.541482 4.516989 1.368918 0.022029 0.021065 0.035332 0.040535 0.032036 0.039651 0.624274 2.914201 4.950117 5.928148 6.943665 6.985125 4.954189 2.913718 1.872462 1.887157 0.600892 0.994592 2.043017 2.178303 2.144331 2.091741 2.063114 1.943536 1.909670 3.678806 5.786084 6.825222 5.854954 4.788542 3.940430 1.877781 1.817113 1.680358 1.358744 0.911312 0.646451
0.058197 0.595251 0.582200 0.602709 0.034162 0.014397 0.019799 0.405496 2.436275 1.459376 1.454397 2.432727 2.420359 3.451171 4.510104 3.525571 4.573466 4.530367 6.533096 6.543716 5.542372 2.522355 0.059742 0.021324 0.039389 0.089636 0.091304 0.085156 2.815957 4.897463 6.926981 7.935837 7.925411 6.973692 4.928843 3.922974 2.917282 1.890185 0.689219 1.061508 2.958893 2.084386 2.092497 2.131290 1.015714 1.756997 2.797795 3.784878 5.794344 6.818930 7.819926 7.793569 6.917360 4.908081 4.886081 3.848488 2.777905 0.417216 0.506139
0.647390 1.695689 0.622752 0.648389 0.025014 0.024501 0.448398 1.492158 1.475920 0.442313 0.432629 0.432717 1.466287 2.488032 4.509588 4.573735 4.543201 6.497422 7.521283 7.539238 6.543756 4.542503 2.524285 0.324025 0.198319 2.002560 2.105269 2.093391 3.673340 5.868783 6.920292 7.928524 7.932995 7.007836 4.944539 3.933215 2.926350 1.839157 2.802058 1.474615 1.812050 0.757580 0.753830 1.901792 1.924655 1.867335 2.778313 3.766587 4.783602 5.795982 6.813582 7.817567 6.859908 4.819363 3.819205 2.762032 1.677106 0.393477 0.413230
1.669887 1.719020 0.593875 0.585646 0.540393 1.489977 1.506994 1.517274 0.020794 0.033839 0.031960 0.415246 1.460980 2.487664 5.539816 6.618134 5.575651 7.396157 8.489752 8.541476 6.515781 5.462099 5.520184 3.417362 2.253034 2.120880 2.115774 2.089829 3.645657 4.890764 5.909349 6.916259 6.952787 7.020445 4.961274 3.954012 2.931419 3.907870 4.874688 3.965756 0.536954 0.036803 0.029762 0.071401 0.065946 0.056484 1.641986 2.709600 2.729955 3.733399 4.759608 3.764928 2.507002 1.403503 1.541959 0.587281 0.503740 0.052010 0.066353
0.723685 1.656744 0.033905 0.034780 0.509658 0.499036 0.502675 1.506316 0.493330 0.042277 0.051206 0.038266 1.440201 3.522766 6.514691 6.550206 6.565939 7.402878 8.470062 7.515298 6.494993 6.506214 5.520413 4.453561 3.365925 2.158278 2.123733 2.097131 1.982478 3.813136 3.942214 3.921429 3.939852 4.929681 4.884947 4.910936 3.905873 3.862442 3.799530 2.872137 0.048994 0.039727 0.025367 0.039049 0.041756 0.035179 0.066228 0.429712 1.628243 0.620451 0.506380 0.055717 0.041145 0.031425 0.152245 0.338586 0.295437 0.061942 0.047860
