use_cases/Flooding_chicago/flooding_data/output/h_2760.asc
ncols 337
nrows 393
xllcorner 428428.000000
yllcorner 4602440.000000
cellsize 26.757400
NODATA_value -9999.000000
[rows 135 to 161 of 393, columns 236 to 294 of 337]
2.028110 0.955433 0.049065 0.039058 0.772305 1.078708 1.715102 2.074728 1.603941 1.471542 0.418420 0.298936 0.056310 0.035790 0.043236 0.024590 0.056526 0.052208 0.020974 0.029021 0.095156 0.999057 1.088122 0.150369 0.150814 0.137987 0.027947 0.017372 0.028420 0.028130 0.034671 0.037669 1.346191 2.499040 3.318175 3.379105 2.051078 1.947834 0.806306 0.115039 0.081897 0.045265 0.037896 0.033897 0.041161 0.017372 0.020134 0.058982 0.046166 0.041344 -9999.000000 -9999.000000 -9999.000000 -9999.000000 -9999.000000 -9999.000000 -9999.000000 -9999.000000 -9999.000000
1.053414 0.042760 0.054465 0.058870 0.954363 1.033174 1.602248 2.681189 1.533648 1.008260 0.245510 0.088558 0.057578 0.037132 0.026482 0.036522 0.034477 0.030678 0.020226 0.027724 1.147546 2.210094 2.243690 1.226310 1.247385 0.188741 0.173012 0.031582 0.042372 0.032924 0.046148 0.047415 1.352237 2.396678 2.221383 2.257849 0.984904 0.872553 0.382168 0.045396 0.047981 0.055336 0.050320 0.039696 0.040214 0.017372 0.039879 0.094277 0.084190 0.044229 -9999.000000 -9999.000000 -9999.000000 -9999.000000 -9999.000000 -9999.000000 -9999.000000 -9999.000000 -9999.000000
2.019777 2.041126 0.848866 1.450877 2.470055 2.528419 2.258930 3.134561 1.889712 0.263809 0.094909 0.128104 0.029091 0.021418 0.027062 0.014396 0.035225 0.027016 0.033028 0.158531 2.211852 3.212336 3.217442 2.225025 0.200592 0.158498 0.117069 0.069658 0.058188 0.020682 0.033918 0.054240 1.414133 2.481436 1.439829 1.230841 0.539127 0.596914 0.580506 0.052410 0.049424 0.030922 0.052192 0.032447 0.028663 0.033913 0.028633 0.049370 0.075035 0.051567 -9999.000000 -9999.000000 -9999.000000 -9999.000000 -9999.000000 -9999.000000 -9999.000000 -9999.000000 -9999.000000
4.048645 2.919047 2.871132 3.712536 3.743952 3.735280 3.694288 3.601805 1.464806 0.281643 0.134799 0.216246 0.030446 0.038413 0.030831 0.035362 0.042320 0.032448 0.139251 2.216636 3.221253 4.215502 4.244355 2.243511 0.153516 0.099660 0.474925 1.479652 0.320248 0.203399 0.139205 0.080529 1.444339 2.531032 1.593341 0.701747 0.726344 0.768626 1.789521 0.052103 0.036216 0.043694 0.033745 0.043480 0.046614 0.037054 0.031177 0.050621 0.095557 0.062508 0.038459 -9999.000000 -9999.000000 -9999.000000 -9999.000000 -9999.000000 -9999.000000 -9999.000000 -9999.000000
4.972620 5.938731 5.925337 6.856279 5.920700 4.848544 4.878963 3.803881 1.691275 0.566181 1.015031 1.332507 1.444268 0.698463 0.094860 0.119984 0.142787 0.146690 2.172885 4.143407 5.202183 4.162183 4.185820 3.146360 1.849322 1.722568 1.591033 1.471875 1.221478 1.541732 1.770300 1.795723 3.663310 2.742534 1.773219 0.806200 0.830212 1.925622 3.838933 1.848858 0.780092 0.109225 0.044853 0.077507 0.028450 0.064552 0.049842 0.038734 0.076881 0.063150 0.271380 -9999.000000 -9999.000000 -9999.000000 -9999.000000 -9999.000000 -9999.000000 -9999.000000 -9999.000000
6.882088 7.945005 6.878380 6.841768 6.918587 4.821505 4.827587 3.789876 1.913221 0.933025 0.622555 0.363419 1.552629 1.772230 0.866855 0.167933 0.180653 1.194119 2.145414 4.142606 5.171206 4.146744 4.148326 3.122166 1.838040 1.697661 1.560269 1.422184 1.161803 1.552847 2.754006 2.869558 4.715738 3.874016 2.865265 1.870554 1.889964 2.896649 4.392323 3.820788 1.757827 0.165279 0.227092 0.068535 0.040031 0.083868 0.071236 0.045944 0.363290 0.362645 0.404074 -9999.000000 -9999.000000 -9999.000000 -9999.000000 -9999.000000 -9999.000000 -9999.000000 -9999.000000
5.891817 5.903222 3.795182 3.773013 3.772516 3.779998 2.712817 2.652209 1.807399 0.089678 0.042930 0.025627 0.027901 1.994305 2.038638 1.161082 1.180033 2.202814 2.174095 4.164251 5.177986 5.181845 3.158180 2.106467 0.856389 0.755568 0.657632 0.527956 0.858065 1.661793 2.748610 2.808244 3.708032 3.793425 1.757697 0.695278 0.623073 1.654924 3.766536 2.803249 0.603128 0.104767 0.028801 0.017372 0.056938 0.584486 1.738498 0.645877 0.527932 0.271481 0.182043 -9999.000000 -9999.000000 -9999.000000 -9999.000000 -9999.000000 -9999.000000 -9999.000000 -9999.000000
5.068068 2.029708 0.054628 0.024500 0.057365 0.465444 0.421891 0.041853 0.062264 0.049049 0.040657 0.023796 0.042594 0.982540 2.126477 2.179547 2.189238 3.213823 3.219048 4.179282 5.199136 4.192920 3.187020 1.185454 0.152208 0.017372 0.017372 0.026183 0.023507 1.701700 2.752289 2.770379 1.712857 0.559750 0.043488 0.025018 0.038279 0.488228 0.689329 0.073649 0.088623 0.020974 0.033622 0.017372 0.044227 1.706897 1.738290 1.749194 0.663273 0.032723 0.044290 -9999.000000 -9999.000000 -9999.000000 -9999.000000 -9999.000000 -9999.000000 -9999.000000 -9999.000000
4.069954 0.875664 0.018319 0.022895 0.059875 0.086432 0.073219 0.043007 0.054222 0.039176 0.045906 0.022453 0.021782 0.097192 2.127450 3.203156 3.197870 3.193191 3.195211 4.190213 5.204082 5.222254 3.192393 1.181937 1.187503 1.187994 0.134108 0.229722 0.691372 0.669959 2.798656 2.753522 0.073757 0.047742 0.025215 0.031868 0.026452 0.662619 0.042260 0.093235 0.060808 0.506161 0.507540 0.020180 0.639207 0.550840 0.533970 0.588806 0.601682 0.037682 0.030678 -9999.000000 -9999.000000 -9999.000000 -9999.000000 -9999.000000 -9999.000000 -9999.000000 -9999.000000
3.067819 0.083596 0.052162 0.025825 0.119988 0.091698 0.036689 0.040230 0.030357 0.032936 0.030236 0.040215 0.047094 0.132237 1.163222 3.191831 4.204495 3.196514 3.195522 4.138784 5.165057 5.175125 3.171330 1.172265 1.179883 1.182161 0.153962 0.068257 0.144605 0.091629 1.685135 0.079127 0.069953 0.086663 0.026435 0.037758 0.032555 0.899608 0.091737 0.074819 0.100324 0.479779 0.486203 0.413878 0.237987 0.158262 0.026329 0.054085 0.615362 0.047630 0.043327 -9999.000000 -9999.000000 -9999.000000 -9999.000000 -9999.000000 -9999.000000 -9999.000000 -9999.000000
2.050366 0.067915 0.057609 0.037408 0.045906 0.046959 0.032723 0.027825 0.029396 0.018028 0.037698 0.045112 0.126351 0.182886 2.210621 3.193010 4.185964 3.200971 3.200123 3.191676 4.187975 4.157944 2.159674 0.152832 0.163353 0.202372 0.198605 0.017372 0.116950 0.086905 0.173736 0.054606 0.056419 0.109269 0.170053 0.021751 1.197762 2.153952 2.186045 0.141105 0.083642 0.084498 0.066718 0.065745 0.069787 0.036827 0.034141 0.045265 0.041161 0.076896 0.059639 -9999.000000 -9999.000000 -9999.000000 -9999.000000 -9999.000000 -9999.000000 -9999.000000 -9999.000000
0.906832 0.101009 0.070884 0.037071 0.046822 0.049659 0.039696 0.028039 0.030175 0.021003 0.028282 0.032784 1.170259 1.197646 2.194452 3.202585 3.203039 3.204494 3.205996 3.202802 4.206786 3.208987 1.186629 0.033486 0.029141 0.228799 0.225498 0.017372 0.183382 0.154179 0.098744 0.031761 0.041344 0.031639 0.142608 1.043584 3.194675 4.189524 4.176438 1.194720 0.136249 0.031411 0.044518 0.043771 0.050453 0.022254 0.060251 0.033775 0.036125 0.031258 0.040932 -9999.000000 -9999.000000 -9999.000000 -9999.000000 -9999.000000 -9999.000000 -9999.000000 -9999.000000
1.085515 0.088478 0.103875 0.021614 0.446893 0.443949 0.036003 0.047035 0.033317 0.018028 0.033028 0.042609 1.101296 2.202315 2.213564 3.193356 3.196617 3.193277 4.249944 4.252327 4.218742 3.219594 1.194596 0.036071 0.039514 0.185201 0.190589 0.238046 1.229220 1.197230 0.053834 0.035866 0.024788 0.024559 0.033394 0.974684 3.192006 5.196698 4.209729 2.232864 0.158906 0.021919 0.036827 0.025886 0.033119 0.029625 0.037498 0.030587 0.033241 0.035743 -9999.000000 -9999.000000 -9999.000000 -9999.000000 -9999.000000 -9999.000000 -9999.000000 -9999.000000 -9999.000000
1.031634 0.167398 0.188515 0.294950 0.405404 0.396008 0.096504 0.068855 0.059883 0.028420 0.025917 0.042228 1.164103 1.184860 2.163238 2.137256 2.140086 2.135429 4.215579 4.214560 4.210343 3.218020 1.202445 0.164146 0.055944 0.022438 0.033104 0.193463 0.214740 0.159704 0.036415 0.020438 0.031457 0.014396 0.024681 0.096702 3.216177 5.181448 4.197029 3.180165 1.121737 0.035836 0.029015 0.028175 0.017372 0.017372 0.020180 0.035469 0.045387 -9999.000000 -9999.000000 -9999.000000 -9999.000000 -9999.000000 -9999.000000 -9999.000000 -9999.000000 -9999.000000 -9999.000000
0.125993 0.146965 0.155921 0.234918 0.049461 0.088280 0.116677 0.069679 0.059395 0.029039 0.036837 0.045738 0.164732 1.198666 1.219728 1.224166 1.223227 1.226543 4.229132 5.261623 4.229311 3.235169 1.184311 0.056771 0.078905 0.024467 0.025353 0.055159 0.065864 0.063597 0.067177 0.029731 0.039818 0.033509 0.025428 0.096296 3.195664 5.155591 4.175745 2.203034 1.175785 1.202269 0.155557 0.035062 0.025703 0.025703 0.035408 -9999.000000 -9999.000000 -9999.000000 -9999.000000 -9999.000000 -9999.000000 -9999.000000 -9999.000000 -9999.000000 -9999.000000 -9999.000000 -9999.000000
0.054101 0.036796 0.035923 0.024315 0.025933 0.035561 0.019692 0.027305 0.043495 0.049774 0.021919 0.038612 0.150396 0.179448 1.235323 1.238925 1.240585 2.285240 5.266510 6.287631 5.293430 3.267134 0.195376 0.021050 0.019997 0.029777 0.034675 0.021004 0.099432 0.084771 0.049220 0.441950 0.504531 0.412512 0.411835 1.944863 3.169762 3.141830 2.183934 1.189793 1.163865 0.156495 0.189294 0.216486 0.030540 0.030540 -9999.000000 -9999.000000 -9999.000000 -9999.000000 -9999.000000 -9999.000000 -9999.000000 -9999.000000 -9999.000000 -9999.000000 -9999.000000 -9999.000000 -9999.000000
0.039756 0.031685 0.019402 0.025932 0.068214 0.030098 0.044838 0.054237 0.063942 0.067390 0.030128 0.027596 0.044228 0.023415 1.249087 2.287986 3.295135 3.292561 5.226791 6.237813 5.225093 4.254587 0.245037 0.039647 0.051416 0.037834 0.020897 0.131065 0.119362 0.095093 0.540255 1.570284 0.535335 0.523638 0.451263 0.957552 2.196942 1.200810 0.172378 0.146690 0.136075 0.026985 0.022712 0.018471 -9999.000000 -9999.000000 -9999.000000 -9999.000000 -9999.000000 -9999.000000 -9999.000000 -9999.000000 -9999.000000 -9999.000000 -9999.000000 -9999.000000 -9999.000000 -9999.000000 -9999.000000
0.031685 0.024422 0.027748 0.053992 0.118806 0.115372 0.037906 0.052651 0.067054 0.100013 0.028832 0.032799 0.025139 0.207643 1.245083 2.260640 4.266117 5.296299 5.264336 5.253898 4.244057 3.215508 2.305344 0.233987 1.152604 0.062706 0.086387 0.123225 0.124504 0.102337 0.057671 0.566346 0.576458 0.027565 0.032875 0.025596 1.152579 0.157842 0.036690 0.060552 0.033898 0.030099 -9999.000000 -9999.000000 -9999.000000 -9999.000000 -9999.000000 -9999.000000 -9999.000000 -9999.000000 -9999.000000 -9999.000000 -9999.000000 -9999.000000 -9999.000000 -9999.000000 -9999.000000 -9999.000000 -9999.000000
0.019401 0.027748 0.024513 0.053642 0.092843 0.346620 0.044182 0.067498 0.091529 0.061790 0.046895 0.032707 0.043480 1.277660 2.292033 3.284686 4.254248 5.251338 5.220339 4.160596 3.190181 2.204268 2.268816 2.337094 2.283386 0.217609 0.088341 0.130196 0.141961 0.022942 0.023567 0.060600 0.585250 0.035576 0.040352 0.027199 0.276421 0.202691 0.046272 0.036461 0.059517 0.018088 -9999.000000 -9999.000000 -9999.000000 -9999.000000 -9999.000000 -9999.000000 -9999.000000 -9999.000000 -9999.000000 -9999.000000 -9999.000000 -9999.000000 -9999.000000 -9999.000000 -9999.000000 -9999.000000 -9999.000000
0.035728 0.039238 0.030919 0.059090 0.075950 1.432115 1.444235 0.378185 0.371708 0.049683 0.051474 0.037589 0.270731 1.269073 2.280409 3.252958 4.267888 4.286493 3.190292 2.294645 2.274570 1.303082 1.324544 2.341925 2.317832 0.250049 0.091937 0.137414 0.155220 0.023506 0.027366 0.073797 0.559223 0.036980 0.029198 0.255598 1.301078 0.190438 0.047493 0.044685 0.021660 0.021660 -9999.000000 -9999.000000 -9999.000000 -9999.000000 -9999.000000 -9999.000000 -9999.000000 -9999.000000 -9999.000000 -9999.000000 -9999.000000 -9999.000000 -9999.000000 -9999.000000 -9999.000000 -9999.000000 -9999.000000
0.094993 0.086613 0.077217 0.069756 0.039039 1.471855 1.458748 2.481986 2.478986 1.500659 1.506708 1.489463 0.372044 1.233123 2.245743 2.263530 3.243440 4.229907 2.286345 2.293885 2.275182 1.307671 1.325575 2.316532 2.302553 0.254692 0.095743 0.147270 1.177849 0.153013 0.019309 0.074287 0.054023 0.045082 0.247747 1.285022 2.283005 0.192397 0.051139 0.045128 0.018088 -9999.000000 -9999.000000 -9999.000000 -9999.000000 -9999.000000 -9999.000000 -9999.000000 -9999.000000 -9999.000000 -9999.000000 -9999.000000 -9999.000000 -9999.000000 -9999.000000 -9999.000000 -9999.000000 -9999.000000 -9999.000000
0.101951 0.083702 0.075966 0.075966 0.017372 0.032362 1.443470 2.493068 2.496809 1.493820 1.505664 0.444591 1.316361 1.305064 1.192269 1.183993 1.198945 2.259964 3.359267 3.355470 2.325624 2.390081 2.398399 1.357018 1.327772 0.293209 0.086098 0.135853 0.148492 0.175545 0.194496 0.027550 0.034615 0.020833 0.225833 2.289752 3.291720 0.202195 0.063072 0.041909 0.044197 -9999.000000 -9999.000000 -9999.000000 -9999.000000 -9999.000000 -9999.000000 -9999.000000 -9999.000000 -9999.000000 -9999.000000 -9999.000000 -9999.000000 -9999.000000 -9999.000000 -9999.000000 -9999.000000 -9999.000000 -9999.000000
0.056221 0.168571 0.130750 0.040566 0.017372 0.041689 1.421921 2.483954 2.492289 2.492328 2.515783 1.461032 1.350039 1.357782 0.420496 0.411067 0.407742 1.363729 4.404956 4.410137 4.440153 4.440068 2.397173 1.385726 0.277577 0.043831 0.063362 0.026405 0.033088 0.034904 0.036690 0.017372 0.017372 0.038261 1.055083 3.279951 3.326404 0.231261 0.072940 0.045296 0.045937 -9999.000000 -9999.000000 -9999.000000 -9999.000000 -9999.000000 -9999.000000 -9999.000000 -9999.000000 -9999.000000 -9999.000000 -9999.000000 -9999.000000 -9999.000000 -9999.000000 -9999.000000 -9999.000000 -9999.000000 -9999.000000
0.077719 0.721332 0.710456 0.764942 0.050500 0.045432 0.449339 1.473686 1.474629 1.490894 2.483818 1.464891 0.447617 0.442191 0.458808 0.447234 0.435376 1.330275 4.337052 5.363206 5.341769 4.397203 2.392065 1.385516 0.280012 0.049757 0.055473 0.030205 0.033119 0.033119 0.027626 0.057092 0.050819 1.254946 3.262216 3.279639 2.275620 0.049400 0.088143 0.024330 0.024330 -9999.000000 -9999.000000 -9999.000000 -9999.000000 -9999.000000 -9999.000000 -9999.000000 -9999.000000 -9999.000000 -9999.000000 -9999.000000 -9999.000000 -9999.000000 -9999.000000 -9999.000000 -9999.000000 -9999.000000 -9999.000000
0.747420 0.801018 1.802765 0.764392 0.062626 0.058129 0.036598 0.524362 0.520467 1.510445 1.524842 0.499331 0.488752 1.517373 1.554732 1.531165 1.503972 1.429129 3.240728 4.354805 4.380513 4.384475 2.405790 1.402253 0.312516 0.046135 0.045235 0.019920 0.048828 0.036201 0.239738 1.264499 1.255693 2.285305 3.197183 2.282514 1.248133 0.061776 0.040276 0.029564 0.029564 -9999.000000 -9999.000000 -9999.000000 -9999.000000 -9999.000000 -9999.000000 -9999.000000 -9999.000000 -9999.000000 -9999.000000 -9999.000000 -9999.000000 -9999.000000 -9999.000000 -9999.000000 -9999.000000 -9999.000000 -9999.000000
1.837880 2.815493 3.815944 2.819669 0.808459 0.059031 0.048123 0.525205 1.515193 1.525414 2.560155 0.518651 1.514464 2.507191 2.549384 2.521704 2.498991 2.471851 2.377799 3.371959 3.396349 3.399580 3.444301 2.448345 1.414040 0.041352 0.028775 0.026909 0.286674 0.272146 1.294681 1.294551 1.287077 1.277500 2.248792 1.258526 0.069816 0.036446 0.057533 0.024330 0.024330 0.023202 -9999.000000 -9999.000000 -9999.000000 -9999.000000 -9999.000000 -9999.000000 -9999.000000 -9999.000000 -9999.000000 -9999.000000 -9999.000000 -9999.000000 -9999.000000 -9999.000000 -9999.000000 -9999.000000 -9999.000000
3.827992 4.811182 4.819930 4.819805 2.842467 0.722991 0.691984 0.609642 1.475651 2.536096 3.563916 2.588265 2.562399 3.528105 3.585950 2.507517 2.474517 2.489081 1.436384 2.347084 2.420049 2.429993 3.436087 3.449505 1.406644 0.478475 0.148809 0.212768 0.287212 0.316791 1.294322 1.293723 1.285564 1.272220 0.197602 0.035194 0.029473 0.046868 0.051780 0.034264 0.097755 0.066490 -9999.000000 -9999.000000 -9999.000000 -9999.000000 -9999.000000 -9999.000000 -9999.000000 -9999.000000 -9999.000000 -9999.000000 -9999.000000 -9999.000000 -9999.000000 -9999.000000 -9999.000000 -9999.000000 -9999.000000
