use_cases/Flooding_chicago/flooding_data/output/h_2700.asc
ncols 337
nrows 393
xllcorner 428428.000000
yllcorner 4602440.000000
cellsize 26.757400
NODATA_value -9999.000000
[rows 189 to 215 of 393, columns 236 to 294 of 337]
0.052392 0.043159 0.114763 4.141715 4.162934 4.233120 3.181847 2.085506 2.048526 2.071290 0.996289 0.931648 1.676414 1.781361 2.746918 2.784376 4.704072 4.747359 4.762281 2.734205 1.696336 0.794250 0.021034 0.017967 0.030064 0.030367 0.026228 0.582845 0.608539 1.296982 2.420825 3.361563 3.467847 2.402941 2.383398 2.225282 2.197395 2.193566 3.072700 3.199878 3.219479 1.183856 0.261117 1.160115 2.208433 2.215764 2.225917 3.210890 3.208947 1.215336 1.208684 1.214718 0.183966 0.037775 0.034648 0.051703 0.083898 0.061474 0.168160
0.037926 0.048821 0.045984 3.112419 4.143007 4.176574 2.132964 2.070540 2.067771 3.068399 2.088790 2.103467 0.978405 1.570407 2.728347 3.734431 4.726050 4.759057 3.755821 2.753364 1.737037 0.784270 0.056225 0.045168 0.034049 0.040424 0.441529 1.585441 1.620518 2.403395 3.527007 2.501805 2.493875 2.459667 2.493085 1.333319 1.299080 2.204695 2.256716 3.232822 4.300943 1.253782 0.277318 0.271120 1.186397 3.223359 2.233769 2.222616 3.218078 2.224336 1.219111 1.224029 0.189863 0.046025 0.057774 0.047493 0.040812 0.028512 0.038975
0.049034 0.036322 0.034309 0.952514 3.080586 3.172027 2.104599 2.066005 3.085919 4.992569 4.130075 3.092968 2.086691 0.795548 2.674648 3.774667 3.806821 2.729019 2.713905 2.741116 1.741229 0.680476 0.564452 0.534182 0.020961 0.030007 0.434932 1.525532 1.576668 2.383243 3.460883 3.520155 3.518267 3.499250 3.558226 1.361572 1.322198 2.220169 2.286917 3.251316 4.274362 2.364157 0.298989 0.285214 1.178549 3.214307 3.248076 2.220946 2.213042 2.228885 1.222120 0.190134 0.028079 0.057634 0.071788 0.061318 0.025703 0.017372 0.025704
0.040305 0.033454 0.033241 0.917509 2.129991 2.229751 1.224979 2.870488 4.066043 5.017276 4.122609 2.074605 0.957493 0.046663 0.558571 0.664002 0.652409 0.606984 0.643419 1.658063 1.680584 0.614519 0.574104 0.369983 0.289230 0.435327 1.587339 1.588758 1.557702 2.373979 2.492099 3.461245 3.502819 4.469366 3.548478 1.386041 1.336016 2.217282 2.297710 3.244009 4.265502 3.383285 1.308822 1.297796 2.182520 3.212535 3.264951 2.227762 2.219518 2.247919 1.235096 0.180771 0.157772 0.046592 0.063897 0.049985 0.025703 0.017372 0.025704
0.269324 0.676864 0.792003 0.966445 2.140549 1.323012 1.299557 1.738382 2.959876 2.978578 2.091554 0.071446 0.036482 0.021782 0.034963 0.179304 0.017967 0.038972 0.640308 0.652171 0.653978 0.628985 0.014397 0.358384 0.378391 1.544806 2.635580 2.709820 1.570097 1.495337 2.403426 2.493610 3.437000 4.451222 3.530308 2.462500 2.410896 2.315045 3.307384 3.291469 4.232444 3.348546 2.287643 2.280823 2.228493 3.201723 2.221028 2.199031 3.139911 3.214983 2.128685 2.084641 2.099226 1.047009 1.090608 0.101501 0.084488 0.029608 0.029151
1.462269 1.031007 0.867930 0.682702 0.962286 1.316995 1.366208 0.311902 0.191589 0.101515 0.078059 0.042167 0.022591 0.022591 0.027794 0.155212 0.021034 0.017967 0.065214 0.069185 0.038013 0.442882 0.263833 0.365358 1.331154 2.559540 3.656044 3.718811 2.687983 1.559477 1.526900 2.393276 2.432589 3.416123 3.493564 3.517460 2.383436 2.317496 3.186351 3.190312 3.191290 3.291657 3.288919 3.308372 2.252236 1.189172 1.190723 2.127603 3.143493 3.219325 2.113190 2.060027 2.918759 2.931278 2.904942 2.862959 2.856812 2.914430 1.628240
1.365594 0.998384 0.655568 0.450942 0.290959 1.149509 0.336368 0.167536 0.097315 0.029211 0.040868 0.055473 0.022591 0.022591 0.027794 0.088166 0.091543 0.107950 0.091414 0.074646 0.165842 0.937215 0.998666 1.236694 1.241597 3.321595 3.678533 2.676379 1.594816 1.606956 1.581690 1.539076 1.530945 2.403261 3.460064 3.482335 2.400615 2.297682 2.270546 1.148348 1.243826 4.280694 3.286186 3.294535 1.244345 0.185728 0.024346 1.122607 2.112553 2.155974 2.119537 2.080480 2.052869 2.931288 2.977383 2.910678 3.780152 3.928181 2.773322
0.659692 0.040651 0.050872 0.040144 0.042734 0.192641 0.242770 0.304685 0.064044 0.017372 0.017372 0.028603 0.063021 0.045366 0.060860 0.371647 0.391942 1.320290 1.352401 2.096859 3.205999 4.253616 3.179219 1.465754 1.012359 1.290753 1.646903 0.645205 0.647954 1.560917 1.579369 1.542559 1.531067 3.467741 3.530078 2.493819 2.455561 1.445705 1.480448 0.407856 1.166855 3.268156 3.288009 2.287350 0.216473 0.021034 0.017967 1.122242 2.096027 2.156233 2.130289 2.095199 2.073336 2.020453 1.928723 2.744589 2.866506 1.727309 1.604509
0.036668 0.018349 0.029686 0.027992 0.031181 0.153732 0.156240 0.297394 0.078673 0.093874 0.075637 0.039285 0.042623 0.081842 0.053752 0.337067 1.407897 2.186809 3.235086 4.194917 4.238363 4.283862 2.156981 0.751064 0.538050 0.357422 0.241443 0.573476 0.637084 2.609851 2.651532 2.612422 2.586753 3.487991 3.557250 2.555114 1.491163 1.482100 1.510021 0.439421 0.382799 1.275985 2.283236 1.314158 0.254304 0.017967 0.044253 2.230316 1.197550 2.137360 3.153196 3.153174 3.175612 2.132030 1.028518 1.065658 0.075441 0.028902 0.032240
0.028114 0.023033 0.031060 0.028389 0.031349 0.255231 0.275979 0.203184 0.156224 0.093269 0.057933 0.053831 0.112594 0.078216 0.144098 1.315002 1.357487 1.187866 1.989761 3.062325 3.155383 3.137085 1.212182 0.138965 0.061598 0.156873 0.128273 0.535510 2.644346 3.662488 2.609288 3.547805 3.570370 3.526170 3.536464 2.564777 1.512409 1.505373 1.523153 0.467473 0.428880 1.282706 0.255068 0.025683 0.233856 0.229040 1.162485 2.217479 1.197868 2.137894 3.130771 4.699362 4.120020 2.114629 0.090478 0.032150 0.027044 0.014397 0.034538
0.023659 0.036705 0.036537 0.053751 0.301136 1.384651 1.413506 0.291115 0.177718 0.225822 0.121595 0.173876 0.691884 0.753649 1.035968 1.520359 0.780105 0.746050 0.388318 0.236067 1.049269 1.236655 1.187995 0.138220 0.210989 0.617662 0.677199 1.446579 3.578332 4.637156 4.680824 4.591714 4.570911 3.521222 2.519037 2.543519 2.557807 1.526821 1.529418 2.547024 1.552028 0.462980 0.035194 0.049797 0.034676 0.209935 2.102307 2.220085 2.236100 2.182546 2.149255 3.124103 3.181620 1.149608 0.103545 0.031869 0.025611 0.032688 0.032600
0.031074 0.049567 0.294560 1.378538 2.405066 2.396121 1.404199 0.336684 0.014397 0.132883 0.260693 0.213570 0.743972 0.701719 1.196610 0.413487 0.748216 0.825995 0.022591 0.022591 0.429967 1.206785 0.196140 0.140124 0.181161 0.580099 0.637048 1.448264 2.593609 4.464829 4.537842 4.537541 2.540357 1.496846 1.496671 2.530393 2.525440 2.517274 2.521462 2.521807 2.509776 0.475819 0.049420 0.062767 0.048413 0.245369 2.026925 2.222445 2.153832 2.181889 1.145836 1.106293 2.119958 1.089497 1.061550 1.068233 0.070021 0.049872 0.035288
0.029015 0.034996 1.393071 2.362150 2.391410 1.364681 1.388675 0.278898 0.164910 0.165519 0.292158 0.236138 0.785830 0.804246 0.174864 0.694981 0.496660 0.617109 0.022591 0.022591 0.588154 0.804820 0.073127 0.065273 0.069836 0.107376 0.080606 0.429715 2.431616 2.443681 2.490024 2.381141 1.500121 0.414176 0.473274 2.529475 2.509932 1.500478 1.506509 1.535274 2.536075 1.515461 0.648782 0.629315 0.595443 1.311006 2.020109 2.213530 1.038627 1.057226 1.121819 0.134804 1.024385 1.063178 1.030067 1.001882 0.729862 0.707750 0.853160
0.273434 0.196781 1.370885 1.395185 0.299929 0.268380 0.026878 0.028648 0.082301 0.036700 0.050290 0.037302 0.374863 0.382137 0.366536 1.075399 0.112614 0.791444 0.986144 0.918692 0.519279 1.105926 0.157089 0.127495 0.072560 0.069286 0.032830 0.206267 1.588727 1.723803 1.421873 0.583631 0.155744 0.071638 0.468143 1.493661 1.496898 0.474167 0.433493 1.538234 2.526308 2.571140 2.618103 1.613007 1.586345 1.443322 1.368540 1.429189 0.370647 0.244026 0.228096 0.198788 0.145430 0.108212 1.066066 0.051925 0.032365 0.123463 0.110813
0.212128 0.193078 0.325848 0.350579 0.041846 0.059654 0.027107 0.025322 0.137321 0.090337 0.057322 0.052843 0.523732 0.529519 1.456692 1.012315 1.159808 0.988582 1.001584 0.915069 0.565262 1.088224 1.210511 0.157812 0.097884 0.072840 0.288162 1.332010 1.608483 1.600777 0.981485 0.359546 0.299201 0.020058 0.405787 0.367483 0.362071 0.041791 0.031532 0.491580 1.471898 2.502991 1.591139 1.581112 1.559216 1.488243 1.434538 1.488448 0.469934 0.014397 0.252577 0.233446 0.021355 0.104625 0.086720 0.067400 0.036798 0.216465 0.105272
0.192653 0.221850 0.164456 0.028755 0.034828 0.037818 0.014397 0.031425 0.108380 0.790939 0.869794 0.910119 0.762133 1.712632 1.693897 0.350617 0.989451 1.011095 1.042882 1.064492 0.046588 1.074735 1.115634 0.111227 0.074435 0.530606 1.413014 1.425311 1.289143 0.941382 1.026106 0.418508 0.307435 0.029137 0.057945 0.056689 0.061082 0.081703 0.020577 0.036562 0.499313 1.405832 1.582016 1.580258 1.561332 1.503719 1.439285 1.448524 0.419893 0.372155 0.356543 0.025841 0.036080 0.025841 0.085194 0.060761 0.369876 0.346645 0.022591
0.195934 0.248070 0.026772 0.039345 0.036171 0.036671 0.037865 0.027610 0.035256 0.082712 0.768588 1.824305 1.894913 1.734514 1.848107 0.022596 0.311964 0.905292 1.054236 1.106697 0.058716 1.092102 1.105369 0.075160 0.048950 0.213329 1.350136 1.399312 1.544737 0.673506 0.677858 0.703826 0.045892 0.027664 0.033287 0.029516 0.055910 0.040688 0.033073 0.057547 0.604090 0.647386 1.585982 1.600150 1.577679 1.509465 1.404130 0.376299 0.378605 0.334640 0.332091 0.024926 0.031151 0.024926 0.084575 0.059276 0.372296 0.371432 0.022591
0.197110 0.237513 0.024147 0.026512 0.056739 0.050468 0.043528 0.035774 0.044715 0.163798 0.810796 0.932539 1.808670 0.814227 1.778699 0.817452 0.599099 0.415001 0.950284 0.972729 0.724989 1.030035 1.107162 0.952629 0.807340 0.531542 0.739441 0.823896 1.784803 0.867723 0.867751 0.866109 0.064807 0.036606 0.017372 0.044379 0.023842 0.039956 0.028831 0.062238 0.681868 0.713718 1.601520 1.529028 1.588018 1.491145 0.028057 0.031319 0.025009 0.240437 0.230601 0.159076 0.124620 0.106594 0.085995 0.057295 0.355740 0.345584 0.266436
0.025780 0.163275 0.122606 0.083184 0.146459 0.109394 0.077210 0.050345 0.033684 0.279379 0.867760 0.996954 0.943153 0.861483 2.796585 1.912486 0.719983 0.588811 0.465794 0.386892 0.601393 0.916277 1.067006 0.949334 0.809342 0.578783 0.890480 0.987593 1.938859 2.090544 1.001318 0.990768 0.092456 0.029878 0.017372 0.032617 0.038887 0.065096 0.870019 1.901507 1.924224 1.928305 1.832971 0.765894 1.536653 0.709170 0.040545 0.033597 0.025684 0.163949 1.105520 1.120997 1.134328 0.088886 0.065233 0.041882 0.363126 0.354853 0.217201
0.092467 0.105224 0.098453 0.068800 0.146993 0.091178 1.561041 0.536213 1.410212 2.505950 1.248172 1.136034 1.017796 1.714483 2.788072 2.927841 1.906302 0.695875 0.634242 0.571340 0.345256 0.925630 0.995266 0.888684 0.752438 0.517133 0.910729 2.031391 2.041837 2.100345 2.158170 1.093020 1.140165 0.130038 0.020180 0.039726 0.041058 0.848778 1.924190 2.921756 2.946191 2.930818 1.881515 0.869698 0.828319 0.834786 0.027504 0.107924 1.033359 1.081218 1.097377 2.048094 2.093161 0.935941 0.852091 0.742986 0.519190 0.380715 0.966291
0.865307 0.899408 0.064699 0.055018 0.084575 0.312292 1.480469 1.602532 2.466171 2.491533 2.533846 1.256843 1.007580 1.586666 2.685107 2.828689 2.852834 1.727978 1.743255 1.789604 0.455610 0.841084 0.925789 0.835504 0.673698 1.095244 1.113928 1.978248 2.015984 2.092728 2.096141 1.128349 0.149874 0.134421 0.085941 0.142718 0.807839 0.886556 1.890023 2.878418 2.888759 1.808535 1.788108 0.898390 0.899403 0.900380 0.027931 0.118095 0.097882 1.078984 1.055010 1.069727 1.087953 0.073227 0.069984 0.064398 0.052052 0.034633 0.053162
1.894107 0.844655 0.732437 0.594801 0.868545 1.351854 1.605427 2.470108 2.509652 2.517353 2.570708 1.495071 0.303361 0.877781 0.694592 1.680013 1.751090 1.703456 1.696605 1.642513 1.313559 0.774552 0.793093 0.750757 0.622396 1.119771 1.202814 1.154023 1.128972 2.111822 1.129888 1.108580 0.149265 0.136637 0.102868 0.172404 0.812692 0.900393 1.876830 1.897707 1.852922 0.964113 0.951034 0.967317 0.975183 0.968057 0.017967 0.021034 0.069322 0.053523 0.191544 0.217696 0.172844 0.027413 0.034935 0.034585 0.032738 0.025474 0.029121
2.912184 1.848505 1.673735 1.512798 1.128944 1.321502 1.535388 1.469943 1.424838 2.366508 3.486405 1.383178 1.361460 1.314786 0.265188 0.213476 0.177233 0.674579 1.727567 1.743971 0.441365 0.259621 0.161502 0.407474 0.413732 1.161009 1.207832 1.168685 1.145949 2.075930 1.166941 0.149106 0.160754 0.025536 0.023704 0.023032 0.176932 0.836071 0.840290 0.852667 0.976195 1.016984 1.031266 1.055752 2.146438 1.067272 0.157729 0.017967 0.103623 0.094086 0.066982 0.282682 0.045108 0.033455 0.041878 0.035805 0.033119 0.025581 0.029153
2.987143 1.958239 0.782147 0.662143 0.466026 0.676209 0.729306 0.750824 0.665895 1.262499 1.391508 2.367657 1.355748 1.357537 0.276718 0.170608 0.133577 0.711524 1.770555 1.792207 0.023766 0.018502 0.086469 0.230387 1.158038 1.224944 1.214339 1.174128 1.148299 1.135399 1.156080 0.146317 0.025536 0.035713 0.025536 0.410143 0.354405 0.300251 0.288636 0.221371 1.035302 2.168180 2.192717 2.196493 2.160193 2.209168 0.179884 0.171140 1.125811 1.126868 1.130569 0.080878 0.080205 0.025795 0.027565 0.088280 0.079719 0.056191 0.053382
2.988509 1.961281 0.816864 0.706361 0.591113 0.428490 0.766275 0.830862 0.773105 0.523221 0.377338 1.300438 1.336260 1.344302 0.255557 0.965660 0.889487 1.759942 2.845862 1.849172 0.030669 0.150246 0.085438 1.133885 1.198307 1.212922 1.207154 1.172761 1.150061 1.171502 0.152962 0.149948 0.023704 0.025536 0.039395 0.412270 0.419871 0.400551 0.335705 1.154011 1.134186 2.133130 2.170265 3.202070 2.168097 2.202113 0.180343 0.169759 1.121243 1.125740 1.129440 0.085537 0.053026 0.078724 0.077776 0.046838 0.051308 0.037148 -9999.000000
2.973007 1.901276 1.926865 0.743666 0.650309 0.552564 0.380753 0.871777 0.907083 0.185243 0.100686 0.055277 0.258378 1.284718 0.270038 0.822919 0.814401 1.768392 2.811860 2.842411 0.019737 0.191335 0.407095 1.082941 1.244728 1.260296 1.228969 1.149857 1.140773 1.170458 0.121165 0.092356 1.018594 0.038016 0.514787 1.499405 2.508633 2.563361 1.424411 1.192366 1.173110 2.141470 2.175639 3.160297 2.167544 2.186785 0.172118 0.167644 0.122270 0.089414 0.078569 0.052018 -9999.000000 -9999.000000 -9999.000000 -9999.000000 -9999.000000 -9999.000000 -9999.000000
1.836786 1.854506 1.868298 0.729816 0.660216 0.603422 0.533168 0.437871 0.398256 0.397464 0.028038 0.035143 0.027932 0.345564 0.288918 0.239163 0.653966 1.690947 2.749339 1.785570 0.654352 0.389324 0.510634 0.997225 1.247974 2.296879 1.303921 0.194705 1.013360 1.037932 0.982998 0.999212 0.966325 0.817756 0.628652 2.405157 2.494032 2.521914 1.456871 0.312654 1.056695 2.142671 3.166260 2.174825 2.153013 1.167904 0.145209 0.017372 0.017372 -9999.000000 -9999.000000 -9999.000000 -9999.000000 -9999.000000 -9999.000000 -9999.000000 -9999.000000 -9999.000000 -9999.000000
