use_cases/Flooding_chicago/flooding_data/output/h_2700.asc
ncols 337
nrows 393
xllcorner 428428.000000
yllcorner 4602440.000000
cellsize 26.757400
NODATA_value -9999.000000
[rows 243 to 269 of 393, columns 59 to 117 of 337]
1.152374 2.153447 3.155645 4.156081 4.152684 3.149985 1.144675 0.180653 0.183790 1.192994 2.182052 2.189254 2.190859 2.189042 2.190191 2.187290 4.202833 6.202549 7.198041 7.196404 7.195378 6.198335 6.199275 6.193105 5.196589 6.199553 6.159012 4.203527 3.204200 2.205943 2.225592 3.250757 3.233807 2.242805 2.246754 4.245731 5.214616 4.181266 4.196480 2.136925 0.193347 0.030410 0.717392 1.710293 2.734378 3.710983 3.717953 2.712824 0.721418 1.751046 3.748242 4.747832 4.743124 4.730417 2.741915 2.742165 1.756807 1.745328 0.636998
2.160930 3.158214 4.159503 5.160419 5.151129 4.138203 2.151951 1.177301 1.175141 3.184927 3.179954 3.174316 2.188007 2.186226 2.187895 3.192087 6.199619 7.194768 7.191302 6.193811 6.191300 5.194393 5.197756 5.196228 5.186307 4.195487 4.196285 4.190281 3.182042 1.216944 2.257383 3.265415 3.263659 3.314709 3.334642 5.254311 4.171638 4.123493 2.076400 1.099329 0.232808 0.029937 0.024662 0.699765 1.741637 2.727064 2.728563 1.703092 0.065692 0.725254 2.757319 3.750500 2.749299 1.753546 1.738757 1.768523 1.742937 0.645249 0.045734
2.161547 4.160951 5.158985 6.159531 5.154797 4.150857 3.131033 2.178345 2.178438 4.194555 4.180682 3.181602 2.188259 2.185774 3.191415 4.188885 7.202060 7.196300 7.191991 6.188884 5.195179 5.191032 4.191348 4.188459 3.194548 3.193766 3.193963 3.209342 3.205975 2.207028 2.220898 3.215182 3.194652 3.194244 3.180740 4.129494 3.102488 2.058549 1.240743 1.246098 1.331701 0.525360 0.556731 0.641555 0.676750 1.716763 1.707427 0.678417 0.064152 0.066144 1.738885 2.756496 2.756991 1.751388 0.766877 0.777451 1.761390 0.634877 0.036445
3.154279 5.156202 6.154420 5.159155 5.155601 4.144264 2.155336 2.176004 3.187715 3.187576 3.176024 2.184093 2.186558 2.184190 3.193461 5.196855 6.199823 6.195766 6.194383 6.189876 5.192929 4.179196 2.205063 2.197053 3.193074 2.189305 2.190914 3.217812 3.208200 2.198638 2.210492 2.155738 2.100802 2.090811 2.248067 3.261997 2.221674 1.079729 1.175306 1.196859 1.384849 1.442394 0.565362 0.637320 0.667228 1.696936 0.697075 0.684038 0.050493 0.062348 0.723544 1.738114 2.744873 3.740969 0.756248 0.765384 1.748688 0.710444 0.721417
3.161948 5.158722 5.153578 4.157197 4.155894 3.123438 1.166931 2.187937 2.182575 2.185121 2.186018 3.181302 2.186756 3.184466 4.189370 4.187681 5.198386 5.193986 5.192639 5.188477 4.190847 3.182901 2.202052 2.193784 2.188628 1.198550 1.165670 3.203691 3.211197 2.204330 2.174655 1.238007 1.286018 1.309456 2.346161 3.311884 2.206091 0.437192 0.428806 0.460353 1.556857 3.643432 2.524349 0.661250 0.676956 1.707875 0.702644 0.699266 1.715120 1.702733 2.725531 3.712611 4.734771 4.723617 2.714821 1.731792 1.733954 1.701008 0.721587
2.156989 4.156421 4.152918 2.160084 2.155791 1.161670 1.163959 2.185770 2.180863 2.182698 3.189308 4.183483 4.177977 4.177810 4.186439 4.186428 4.188964 4.188658 4.186841 3.188972 4.191367 3.182449 2.199552 2.192359 1.185123 1.180414 0.252735 1.106848 3.183651 2.161747 1.105110 1.138255 1.294793 1.349409 2.391152 3.207867 2.290737 1.517291 0.507203 0.534418 1.592678 4.651508 3.577714 2.620427 1.527584 0.700692 0.701935 0.704623 2.747475 2.733499 3.739850 3.733743 4.744899 4.736689 3.729846 2.750411 2.732482 1.706080 0.628544
2.157128 4.158772 3.149151 1.157738 1.155865 1.160226 1.163012 2.185428 2.180668 3.188319 4.189681 5.184114 5.183215 5.177328 4.187684 4.187733 4.190163 4.186358 3.190716 3.189801 3.191812 3.187295 3.196097 2.188630 1.180421 0.191971 0.286181 0.271493 2.095276 0.959786 0.365892 0.391662 1.478481 2.593336 3.570746 2.466371 2.474100 2.558611 1.602261 1.618235 1.587908 4.636434 3.546497 2.630059 2.589711 1.699767 1.705160 2.741190 2.729925 2.726709 2.729625 2.724895 3.732182 2.720132 3.737070 4.745383 3.718417 1.678275 0.132453
2.158605 3.157194 3.153821 1.157123 1.154624 1.159774 1.161762 1.172120 2.186294 2.184234 4.192638 5.187064 5.187247 5.183867 4.189094 4.189990 4.189156 5.186270 4.185554 3.184801 2.189931 2.185394 2.180914 2.190511 0.150087 0.020562 0.390305 0.384115 1.354896 0.421286 0.433568 0.462040 1.513558 2.543827 3.515830 2.495076 2.506978 2.556539 2.535722 1.588838 1.589745 2.619612 2.567744 1.624249 1.617128 2.719156 2.699141 2.714672 2.719447 2.706232 1.715679 1.704704 0.637098 0.052828 2.735067 3.740872 2.744376 0.669834 0.088939
1.155027 2.152630 3.152008 2.143845 1.148190 1.154322 0.150238 0.157724 1.183812 1.185703 2.185839 4.186909 4.185703 4.184786 3.184008 3.183543 4.187185 5.182127 5.187916 4.186271 3.190413 2.181316 1.077722 0.131644 0.034600 0.032326 0.471002 1.516281 2.484733 1.523103 1.526051 1.554903 1.528136 2.556877 3.535161 3.511901 2.529973 2.547228 1.579604 1.585432 1.582470 1.565068 1.538861 0.606410 0.612098 1.713628 1.715466 2.744055 2.735996 2.723304 1.721360 0.639705 0.025703 0.017372 0.579269 0.545485 0.591043 0.034035 0.022591
0.126273 1.136258 2.149406 2.150165 1.140811 0.140509 0.139420 0.141837 0.144930 0.166228 1.184733 2.181078 3.183678 3.180895 3.185994 3.186817 3.191505 4.190616 4.189957 3.187950 2.193681 1.184458 0.027245 0.031151 0.061526 0.034959 0.478902 1.499903 2.428147 2.455158 1.498741 1.509721 1.532106 2.565413 3.545966 2.553327 2.569194 3.653932 3.659299 2.637921 1.596298 0.628586 0.614855 0.035342 0.046107 0.724661 1.742217 2.746936 2.744434 2.737089 1.737001 0.655539 0.025703 0.017372 0.046180 0.017372 0.046898 0.054192 0.022591
0.114525 1.129004 1.130712 1.134360 1.132796 0.134524 0.132127 0.131874 0.014397 0.157141 2.184146 3.176866 3.185890 3.186070 3.185344 4.182108 4.189064 4.190130 3.187484 3.186457 2.179431 0.124074 0.020180 0.032235 0.063426 0.339987 1.483132 1.491769 1.450407 1.495440 1.483249 1.471132 2.650593 3.652807 3.591373 3.636995 2.593457 3.626148 3.622542 2.617377 2.593332 0.629694 0.607781 0.028129 0.036466 0.726059 2.752905 2.744064 2.744691 2.741367 2.746800 0.701227 0.083580 0.073601 0.036842 0.017372 0.041130 0.033790 0.230441
1.053189 1.100843 1.114303 1.121081 1.123009 1.117674 1.107036 1.109955 0.125645 2.181623 4.183645 3.181464 2.179195 2.184462 4.179749 5.062383 4.190060 3.187017 2.170195 2.161247 0.941145 0.050074 0.017372 0.048866 0.073082 0.305530 1.450230 1.479192 0.365436 0.391976 0.436830 0.501499 2.619971 3.622710 3.604976 3.619847 3.653923 3.634036 3.630746 2.618680 1.585873 0.659655 0.658004 1.723927 1.707254 1.717353 2.744528 2.734225 2.735203 2.732262 2.735469 2.748668 1.715562 0.686804 0.026802 0.028068 0.067806 0.838422 0.143820
2.073685 2.066940 1.117202 1.126890 2.140678 2.133423 2.126310 2.126041 2.133548 4.177091 3.157851 2.165444 2.159128 1.154937 3.181502 4.185206 3.171614 0.115089 0.044643 0.049667 0.071161 0.050896 0.017372 0.041420 0.051429 0.048545 0.320983 0.033577 0.027794 0.027794 0.035867 0.505985 2.632956 3.634380 3.622921 3.633930 3.636830 3.642676 3.636472 2.618800 1.654903 2.714810 1.696547 1.712013 1.705227 1.711650 2.739922 2.728491 2.727966 2.723619 2.735782 2.723563 1.734189 0.715365 0.062729 0.041916 1.796014 1.796045 0.772027
3.027935 2.092640 2.117922 2.131400 3.138266 3.131829 3.125707 4.135694 4.130330 4.145767 3.145194 2.160200 2.150732 1.146672 1.140065 0.109598 0.050954 0.034782 0.045433 0.028605 0.042320 0.076973 0.107628 0.077888 0.043129 0.041801 0.096436 0.021782 0.022591 0.022591 0.046691 0.546147 2.649410 4.687000 3.648829 3.657283 3.659405 4.699975 5.708044 4.682342 2.703418 2.706937 2.690504 1.716884 1.709524 1.709680 1.720681 1.733785 1.736550 1.734422 2.731440 2.728068 1.729172 0.014397 0.050478 0.769942 1.839499 1.843798 1.818654
3.050772 2.087841 3.131868 3.137690 3.127229 3.130599 3.130051 4.145505 5.101228 4.143127 3.105839 2.164622 2.146275 1.100052 0.150718 0.044424 0.038917 0.034239 0.032413 0.020775 0.033968 0.040966 0.093589 0.083092 0.045326 0.055305 0.039085 0.124456 0.022591 0.022591 0.052842 1.644845 2.652070 4.619475 3.652429 3.662247 4.688070 5.666180 6.667568 5.674330 4.651649 2.698951 2.678416 1.691944 0.678545 0.672263 0.637953 1.737544 1.739792 1.739089 1.742528 2.739018 1.732534 0.691887 0.039946 0.814552 0.817162 1.824727 1.814280
3.066533 3.050885 1.097508 3.125729 3.125336 3.115313 2.119929 3.120419 5.111801 3.120472 0.962202 2.147603 2.037904 0.906550 0.165205 0.057105 0.049126 0.030922 0.018088 0.021660 0.030204 0.034935 0.042030 0.047386 0.064996 0.046333 0.039712 0.709170 0.047731 0.023628 0.065325 1.588917 2.631947 3.533843 3.597970 3.616797 4.641391 4.662873 5.637622 5.614043 3.601223 2.692651 2.657436 1.680034 0.645549 0.051815 0.045292 0.771097 1.778203 2.776344 2.768846 2.747339 2.792170 2.802546 2.790555 2.796104 2.789552 2.783561 1.788144
3.061769 3.057784 0.086930 0.990074 2.081267 1.052098 1.073831 2.068341 4.087814 0.900756 0.029471 0.025272 0.223619 0.251184 0.219079 0.035394 0.037765 0.026970 0.033592 0.021660 0.018089 0.025505 0.029671 0.075035 0.149575 0.128029 0.177098 0.756495 0.840552 0.028980 0.660124 2.651340 2.672878 2.674795 2.665516 2.679631 3.635418 4.644336 3.672746 3.654518 2.701454 2.687125 1.710427 1.689603 0.610243 0.048664 0.014397 0.763049 1.756743 1.745069 1.712571 1.717931 2.789056 3.820053 3.804168 3.803009 3.793849 2.793437 1.774544
1.051533 1.047501 0.048942 0.050806 0.086708 0.186029 0.128054 0.748444 1.776442 0.045693 0.036340 0.025994 0.028511 0.437087 0.394128 0.042427 0.027260 0.019173 0.110466 0.036308 0.025414 0.023826 0.035011 0.039702 0.126442 0.117501 0.156345 0.726615 0.817096 1.710987 1.741449 2.643783 3.728637 3.722195 2.683114 2.692419 2.659683 2.657954 2.660757 2.652365 2.703338 2.705851 2.711596 1.713781 1.717421 0.692140 0.036068 0.763439 1.763581 0.739840 0.065640 0.788554 1.814305 3.826741 3.810927 2.817297 3.815020 2.808050 1.784601
0.131098 0.144285 0.091713 0.068642 0.084024 0.217516 0.066827 0.086378 0.083306 0.045661 0.028871 0.017967 0.027702 0.398797 0.405937 0.031715 0.032524 0.056984 0.085442 0.052789 0.045264 0.031503 0.032310 0.032235 0.041068 0.068947 0.118507 0.740456 0.815599 0.774806 1.657300 2.669929 3.708857 2.693051 2.644884 2.673470 1.664295 1.706091 1.709176 1.699667 2.735543 2.717296 2.719370 2.726575 1.718091 1.714958 0.707120 1.783634 1.751681 0.730140 0.067451 0.789767 1.810705 3.818990 3.809196 2.812582 2.811574 2.804895 0.833579
0.182598 0.196943 0.114172 0.120781 0.170952 0.162376 0.084082 0.079996 0.082543 0.053719 0.017967 0.021034 0.034508 0.557283 0.566688 0.030129 0.046974 0.061439 0.038933 0.067024 0.043359 0.070396 0.025078 0.032341 0.030357 0.042366 0.632279 1.854789 0.834527 0.811146 1.674568 3.712243 3.745839 2.719867 1.583185 1.618335 0.646583 1.698420 1.707803 1.699817 2.741901 2.719360 2.719103 2.700672 1.727528 1.732068 2.792909 2.757841 1.733972 0.763310 0.776707 0.784071 1.807259 3.814253 3.805406 3.803496 2.805530 2.797901 0.823221
0.232404 0.182810 0.056770 0.110025 0.152691 0.156304 0.087075 0.140398 0.066979 0.109226 0.150597 0.148125 0.689195 1.730592 1.748398 0.702257 0.149527 0.186931 0.188455 0.138237 0.162498 0.182259 0.122992 0.080483 0.041480 0.069117 1.756572 2.819864 1.808786 2.818870 2.802634 3.684745 3.714418 3.765751 0.727130 0.727898 0.036597 0.684196 1.710797 1.703762 2.727769 2.700683 2.697703 2.729201 2.768387 2.767157 2.780018 2.770788 2.758621 1.792627 1.793267 1.793385 1.800648 2.818889 2.805181 2.803946 2.796856 1.808506 1.801051
0.243339 0.037437 0.029656 0.027243 0.039437 0.256232 0.126807 0.174081 0.073661 0.122417 0.151299 0.144508 0.654901 1.669463 1.676873 0.641891 0.174880 0.182320 0.147225 0.110848 0.139933 0.115227 0.146724 0.098990 0.055735 0.637006 3.798404 2.817979 2.812860 2.802191 2.729746 2.640383 2.627026 2.649542 0.721836 0.706605 0.033805 0.056186 0.600818 1.663666 1.652644 1.708396 1.718596 2.761749 3.777794 2.760079 2.769761 2.753228 2.731042 1.774705 1.753332 0.790265 1.792334 1.795248 1.776128 0.781695 0.783019 0.782352 0.823570
0.185036 0.030663 0.028389 0.021599 0.037177 0.098763 0.167367 0.154753 0.030586 0.040978 0.136880 0.133294 0.619313 0.617806 0.547302 0.137505 0.167885 0.034844 0.022315 0.032677 0.032708 0.131049 0.201241 0.186452 0.723803 1.857625 3.694692 3.843793 2.821414 2.834030 1.813052 1.787230 1.781312 0.706998 0.719950 0.771517 0.855446 0.042132 0.043051 0.046097 0.759318 1.696546 1.708562 2.743061 3.761737 3.730935 1.789924 1.779829 1.776291 1.756691 0.805507 0.810440 0.822376 0.809436 0.056663 0.072753 0.076509 0.072977 0.866566
0.226449 0.032143 0.032555 0.035621 0.035362 0.045826 0.149132 0.048683 0.022363 0.079307 0.047798 0.160577 0.168192 0.274422 0.215219 0.092979 0.087338 0.030602 0.024453 0.014397 0.027672 0.029534 0.191484 0.643246 1.816012 1.837216 1.830789 4.872824 4.845843 3.878849 2.890083 1.814861 1.798094 0.029956 0.027069 0.765155 0.816047 0.043693 0.017372 0.017372 0.773198 0.770981 0.763077 1.707945 2.747519 2.693567 1.789481 1.785524 1.790635 1.798013 1.853487 1.864451 1.853233 0.807080 0.069054 0.074541 0.074705 0.057660 0.860536
0.255302 0.280707 0.072625 0.045784 0.059715 0.037529 0.063748 0.071052 0.039040 0.046455 0.038551 0.054009 0.038083 0.438815 0.104408 0.166010 0.144418 0.036873 0.024467 0.029671 0.019721 0.026620 0.302024 0.294337 0.783951 0.043600 0.724869 4.853083 4.821690 3.804318 2.864969 2.888887 2.870284 0.853301 0.037704 0.028186 0.914690 0.033114 0.048489 0.044451 0.780825 0.790058 0.755571 0.792033 1.788769 1.800855 1.813942 2.846026 2.834482 2.836123 2.867634 3.904483 3.878914 1.867658 0.865355 0.855471 0.869592 0.864253 0.856461
0.124397 0.141030 0.085628 0.055275 0.081245 0.028755 0.032448 0.029946 0.020012 0.070915 0.065041 0.041558 0.058373 0.473666 0.154885 0.214716 0.192242 0.030190 0.024239 0.040246 0.032692 0.257990 0.449473 0.438599 0.030968 0.033073 0.062354 2.813764 3.816293 2.854498 2.859737 2.817614 2.832686 1.806066 0.032033 0.035897 0.981871 1.001888 0.025131 0.830833 0.823413 0.801941 0.055604 0.791827 0.793958 1.832944 2.855729 2.823665 2.825964 2.824138 3.880089 3.865682 3.825067 1.866839 1.888157 1.879767 1.893952 1.876271 0.844807
0.040413 0.123680 0.059105 0.056572 0.029030 0.041222 0.033943 0.026603 0.064659 0.071729 0.022591 0.022591 0.036950 0.136383 0.222298 1.285531 1.275997 0.231842 0.020546 0.070992 0.096138 0.323266 0.256205 0.154168 0.032416 0.034695 0.053351 0.051465 0.762326 2.892947 2.878890 1.889222 2.885434 1.812470 0.986890 1.035328 0.969363 0.956917 0.900851 0.875295 0.843259 0.096497 0.128244 0.107497 0.791925 1.812679 2.824186 2.813788 2.812961 2.809805 3.855401 3.828190 2.846310 1.873465 1.886355 1.880013 1.890361 1.868529 0.885625
