use_cases/Flooding_chicago/flooding_data/output/h_2760.asc
ncols 337
nrows 393
xllcorner 428428.000000
yllcorner 4602440.000000
cellsize 26.757400
NODATA_value -9999.000000
[rows 216 to 242 of 393, columns 59 to 117 of 337]
3.896630 3.895118 2.899048 2.898994 2.896006 1.889829 0.901142 0.904495 1.902170 0.814151 0.059693 0.018272 0.022652 0.066433 0.895013 0.920596 0.060412 0.093626 0.033103 0.036277 0.027244 0.092051 0.681440 1.816436 0.848072 0.847908 0.844232 0.847464 0.850240 1.847815 1.839869 0.859358 0.838415 0.038983 0.054726 0.067800 0.020607 0.853254 1.855704 1.849717 1.840683 3.833176 4.790219 3.706623 3.828288 3.915180 3.933727 3.054362 3.035087 1.863271 1.118655 1.060554 0.164654 0.045483 0.071231 0.035269 0.063467 0.095986 0.100761
3.894908 3.896028 3.897260 1.896288 1.896897 1.896195 0.891173 1.895126 1.893634 0.863548 0.068820 0.064932 0.065091 0.932848 1.971881 1.959073 0.871597 0.073235 0.020760 0.100209 0.108225 0.114967 0.727644 1.797012 0.047347 0.043334 0.835648 0.840570 0.830758 0.050386 0.092710 0.869621 0.060005 0.048367 0.035622 0.048363 0.019859 0.084476 0.803769 0.846327 1.802532 2.817719 2.807785 1.953502 2.012517 2.914412 2.995801 3.028619 3.010551 1.898233 0.212394 0.028191 0.041424 0.066804 0.079601 0.088057 0.108232 0.148397 0.078850
4.895082 4.896302 4.896838 2.896023 1.896781 0.897345 0.891813 1.897247 0.901822 0.886106 0.891832 0.896163 0.896960 0.921745 1.955905 1.952791 0.896869 0.078876 1.089869 1.040939 0.124495 0.025083 0.023496 0.768662 0.088516 0.077295 0.837224 0.810667 0.049521 0.018745 0.122296 0.073971 0.074929 0.025123 0.031837 0.032524 0.029960 0.107255 0.735588 0.772204 0.745242 1.709038 1.920032 1.996351 2.056946 2.043079 1.953168 1.972367 1.937618 0.923983 0.294792 0.024520 0.026913 0.673682 0.665940 0.646345 0.638621 0.647022 0.100548
4.895224 5.896859 5.896866 4.895370 2.893511 0.901083 0.894157 0.899098 0.906445 0.895827 1.917444 0.923641 0.924279 0.927656 1.963907 1.949989 0.037523 0.069298 1.083842 1.084419 0.020767 0.034198 0.025026 0.137237 1.186097 0.137166 0.098886 0.077377 0.038067 0.023704 0.205165 0.022072 0.037453 0.025078 0.031670 0.031914 0.025993 0.153307 0.151617 0.173305 0.329727 0.893589 1.731449 1.996648 2.091792 2.010652 1.120974 1.132802 1.147117 1.014240 0.481977 0.673050 0.706881 1.734210 1.699742 0.716046 1.814251 0.651220 0.114298
4.894351 4.894631 5.894610 4.893772 2.892010 0.899312 0.889008 0.893848 0.886312 0.889196 1.915664 0.922405 0.925891 0.925293 1.950951 1.940258 0.046886 0.071786 1.085178 1.081731 0.069395 0.024206 0.158990 0.162335 2.192135 0.160823 0.124821 0.036584 0.026939 0.030647 0.242041 0.242432 0.034433 0.038871 0.036197 0.092934 0.077513 0.056394 0.048027 0.035916 0.502268 1.135950 1.233613 1.794800 1.877822 0.882012 0.950365 1.041491 1.137240 0.430235 0.597580 0.677120 0.702270 1.710273 0.705013 0.668553 0.080044 0.134844 0.117257
3.894044 3.894040 3.894142 3.892870 2.892532 1.900394 1.885456 0.885217 0.043888 0.033649 0.928905 0.930420 0.021795 0.022310 1.003145 0.982331 0.050352 0.014396 0.063671 1.080029 1.086614 1.077098 0.139961 1.173402 2.172134 1.151566 0.026671 0.021508 0.036659 0.032432 1.269120 0.226737 0.024674 0.072838 0.044462 0.972217 0.994615 1.998682 2.032877 2.002223 1.878059 1.663469 2.738522 1.473867 1.261476 0.494100 0.332584 0.412658 1.238887 0.579762 1.753746 0.729952 0.740679 0.749659 1.746875 0.604707 0.066433 0.033059 0.039955
2.896235 2.897015 2.899400 2.897972 2.891044 1.890103 0.831065 0.031363 0.017372 0.051752 0.918530 0.942314 0.018784 1.010976 1.001029 0.998335 0.989915 0.043433 0.065141 1.109430 3.117495 3.059174 2.123343 1.121062 1.105811 1.035830 0.175744 0.093860 0.026069 0.025352 0.243559 0.241945 0.018990 0.059216 0.958679 1.004745 1.008981 2.979359 3.020584 3.009164 2.962281 2.905287 2.851065 1.794100 0.756298 0.771801 0.014396 0.618113 0.646273 1.785592 1.759289 1.784319 0.760029 0.751788 1.728215 0.587551 0.089942 0.037514 0.053871
2.891968 1.896828 2.905966 2.898768 2.887027 1.892531 0.826382 0.039355 0.017372 0.060191 1.981111 1.970692 1.969284 2.007029 2.002204 2.038058 2.022163 2.046375 2.025351 2.054999 3.086430 3.051471 0.951813 0.182122 0.281874 0.236824 0.260448 0.126166 0.179349 0.199704 0.214076 0.014396 0.124086 0.915245 0.982923 1.003003 1.008686 3.985527 3.009884 3.001108 3.969321 3.971081 4.002869 1.893058 0.832090 0.818086 0.859885 0.757959 0.762233 1.769164 1.769226 1.771480 0.743169 0.035242 0.035398 0.647277 0.148118 0.170625 0.050362
0.895208 1.903115 2.905182 2.895243 1.903550 1.904518 1.891159 0.909116 0.900665 0.909685 1.976197 1.956125 1.938732 0.996521 0.997527 2.072458 2.036042 3.062440 2.039581 2.063475 2.088554 1.890930 0.314957 0.017372 0.383395 0.062909 0.107809 1.171754 0.181745 0.199391 0.204530 0.189126 0.157917 0.912225 1.986257 3.035020 3.061448 3.971067 2.999196 2.984246 3.893153 3.895736 3.931917 1.891619 1.929035 1.938492 0.855603 0.808309 0.801662 1.735870 1.735053 1.736345 0.702915 0.042568 0.023964 0.025750 0.194916 0.159417 0.047477
1.896618 1.898610 2.912045 2.890946 1.907772 1.910763 1.902116 2.920978 1.904105 1.932161 1.955932 1.941119 1.921899 0.972918 0.976159 2.031332 2.018148 3.042674 1.973779 1.052072 2.023287 1.020410 0.399446 0.017372 0.434120 0.080197 0.134061 1.166838 0.162982 0.018455 0.208001 0.194311 0.160256 0.914142 1.987985 3.011381 4.040169 3.003570 2.999869 2.985070 2.950348 2.847712 2.878532 1.884085 1.855830 1.890219 0.858037 0.830871 0.833518 0.816022 0.815992 0.815280 0.771638 0.037859 0.026508 0.036378 0.050425 0.053368 0.042752
1.899508 1.899606 1.898327 1.901453 1.904258 1.910288 1.902467 2.922344 1.876419 0.944572 0.950727 1.912048 0.056273 0.025597 0.028404 0.088066 0.990494 1.018051 0.059217 0.065927 0.095442 1.116617 0.518297 0.563898 0.455678 0.056672 0.017967 0.200551 0.201131 0.023567 0.030128 0.028633 0.123490 0.891112 1.992446 3.017803 4.033209 3.013872 3.009972 3.003901 3.003760 1.954143 1.932602 1.942659 0.900153 0.840441 0.847259 0.839874 1.849850 0.835536 0.844124 0.853753 0.850821 0.870178 0.224578 0.266712 0.057641 0.022743 0.039712
1.897492 1.897114 1.893425 1.897203 1.899636 1.907836 1.898349 1.903141 0.921892 0.939749 0.912405 0.043457 0.036413 0.017372 0.025703 0.072816 0.076119 0.206743 0.044061 0.041775 0.037347 0.647125 1.830861 0.579826 0.050814 0.017967 0.021034 0.211150 0.216446 0.230413 0.028145 0.042046 0.031090 0.062835 0.941907 2.999083 4.037498 4.064455 3.015880 3.008813 3.013064 1.964506 1.937781 1.915396 0.957037 0.072232 0.049181 0.809337 0.765826 0.822515 0.849716 0.870666 0.880043 0.886322 0.759027 0.295643 0.097460 0.199955 0.274499
1.893688 1.892884 1.887834 1.891733 2.896646 1.899341 1.892866 0.847502 0.871646 0.881597 0.869852 0.036903 0.035820 0.017372 0.025703 0.125301 0.142303 0.102774 0.090305 0.014396 0.029833 0.740291 1.835596 0.048664 0.094202 0.113002 0.139140 0.182380 0.214985 0.235558 0.247882 0.041191 0.043022 0.023202 0.099547 2.016562 5.057566 5.093794 5.129577 4.098315 3.025600 3.061171 1.935251 0.862741 0.925353 0.071221 0.078692 0.018166 0.189940 0.802521 0.882772 0.901229 0.908663 0.868440 0.290385 0.434179 0.686687 0.159141 0.276699
1.898164 1.897578 2.894248 2.897882 2.892786 1.902986 0.869191 0.070875 0.095318 0.113878 0.145282 0.019310 0.014396 0.046455 0.135486 1.193426 2.207845 0.142833 0.082950 0.947590 1.976876 1.955620 1.907548 0.065085 1.138656 2.128902 1.140173 0.132371 0.026024 0.034309 0.038659 0.049598 0.040658 0.091607 1.109024 2.009097 4.001988 5.027923 5.044417 4.059218 3.021658 2.990571 0.866632 0.117821 0.097285 0.103326 0.024065 0.022114 0.254103 0.176006 0.886956 0.909593 0.910223 0.025032 0.019036 0.026466 0.821379 0.835909 0.227104
1.892672 1.891837 1.885589 2.889038 2.889593 1.882234 0.879609 0.025708 0.048766 0.079276 0.134613 0.165850 0.028633 0.042671 0.028301 1.188866 1.194274 0.160214 0.972453 1.992964 1.996618 2.968433 1.921351 2.043108 3.095198 3.053298 1.993806 0.100175 0.025978 0.034158 0.038216 0.047401 0.038749 1.100571 2.112716 3.072581 3.011561 3.998082 4.012528 4.018734 3.051390 2.032359 0.099901 0.127024 0.127126 0.024994 0.029851 0.433899 0.368560 0.294197 0.853886 1.963953 1.975178 0.887136 0.094571 0.039524 0.038353 0.876121 0.138881
2.889045 2.887500 1.883452 1.888125 1.885287 0.835309 0.842171 0.131858 0.044686 0.019142 1.236215 1.232096 0.192458 0.028726 0.029499 0.019841 1.205439 0.177926 0.128136 0.867887 1.912093 1.872404 0.898520 2.042287 2.053768 3.078734 2.045870 1.085601 0.196840 0.222233 0.232681 0.030434 0.032463 1.065660 2.079737 3.020638 2.085329 3.079342 3.100123 3.094043 3.087519 3.127633 1.112246 0.147725 0.143503 0.028855 0.031007 0.433316 0.408454 0.323617 0.786459 1.923003 1.915813 0.830634 0.102419 0.053928 0.070100 0.072152 0.111900
2.879643 2.882697 1.875551 0.812580 0.824955 0.100863 0.200033 0.196172 0.044839 0.025215 1.230148 1.231942 0.244980 0.233724 0.231432 0.232002 1.217325 1.225553 0.180911 0.172324 0.119034 0.097959 0.124827 0.121536 1.148888 1.152358 1.129101 1.096098 0.190643 0.218929 0.234279 0.235041 0.020699 1.056825 2.083087 2.097488 2.095254 3.081178 3.104534 3.096762 3.084747 3.072794 1.113431 0.124981 0.141053 0.019576 0.523480 0.498114 0.451549 0.304046 0.177560 0.836761 0.062722 0.100309 0.043886 0.068692 0.076013 0.073030 0.069883
1.795545 1.805175 1.790848 0.051085 0.028036 0.030384 0.311999 0.270215 0.049888 0.036095 0.036323 0.034904 0.027152 0.234681 0.232345 0.233100 1.219010 1.223022 0.205360 0.205264 0.017372 0.017372 0.163890 0.162497 1.168756 1.170354 1.158920 0.172275 0.202936 0.226365 2.257154 2.286300 1.253671 1.161821 2.105739 2.131548 3.140441 3.120574 4.113402 4.128878 3.108257 2.132464 0.109384 0.026801 0.030259 0.506351 1.556225 0.546638 0.540175 0.021714 0.021959 0.090942 0.035909 0.048965 0.063398 0.014396 0.072974 0.767962 0.770409
0.202600 0.182897 0.163584 0.023796 0.023018 0.050203 0.348849 0.313581 0.054318 0.045616 0.017372 0.017372 0.032936 0.020821 0.232467 0.235549 1.224457 2.235316 2.236872 1.236797 1.238749 0.201942 0.197493 0.192200 1.181793 1.181689 1.166598 0.200881 0.216208 2.256573 3.248457 3.273449 2.258065 2.240450 3.129856 3.144212 3.096504 3.126658 3.127365 3.117692 3.066232 2.131023 0.103780 0.019309 0.045890 0.456160 1.557331 0.596075 0.594844 0.018090 0.764199 0.032397 0.053255 0.062000 0.065556 0.051938 0.739952 1.763184 1.752435
0.230334 0.184875 0.034498 0.028145 0.023674 0.077521 0.396270 0.064214 0.026309 0.014396 0.043000 0.031394 0.197433 0.199675 0.225616 1.240352 2.239862 3.231022 3.237842 2.238927 2.239688 1.241180 1.242742 1.238618 1.212834 2.210730 1.203645 1.247768 1.247713 3.257935 3.248291 3.261323 2.238899 2.210924 2.159095 2.040175 2.109162 3.105672 3.110834 3.066189 2.004869 2.064213 0.029518 0.027366 0.023506 0.052394 0.055872 0.627097 1.733133 2.763618 2.747625 2.741991 1.730184 0.736346 1.727263 0.689260 1.776202 1.772501 2.769272
0.246635 0.202336 0.047951 0.022972 0.136088 1.144280 0.123344 0.137211 0.024013 0.025592 0.157619 0.172755 2.238677 2.233687 2.235178 2.238130 2.233432 2.233175 3.238972 3.233099 2.237881 2.240951 2.239312 1.233618 1.217554 1.217258 1.215865 2.260307 2.246205 3.263099 3.255173 3.266216 3.281459 3.279122 2.214428 1.189006 2.028542 3.127712 4.139863 2.135474 1.126357 1.133336 0.028435 0.023567 0.022942 0.053156 0.062957 0.057446 1.717251 2.761132 3.762064 3.756804 3.756828 3.763638 3.747289 1.756083 0.773796 1.778795 1.773488
0.233681 0.052168 0.068782 0.018547 0.164073 0.163788 1.165917 0.175988 0.199081 0.177596 1.232386 2.233879 3.239807 4.237692 4.236011 4.236231 3.240146 4.243409 5.241803 5.239334 4.242304 5.244889 4.242069 1.235397 1.222273 1.224166 1.226030 1.246262 1.247627 3.282833 4.272953 4.285655 4.294132 4.292596 3.298043 2.310903 1.192162 3.145006 3.169994 3.218486 1.160144 1.159490 0.178255 0.028191 0.027992 0.343887 0.055814 0.071820 0.684973 1.731034 1.723729 1.725873 1.742134 2.753538 3.724586 1.775536 1.772603 1.774018 1.778761
0.061329 0.089991 0.014396 0.184945 0.178863 0.180313 0.186556 0.195245 0.211893 1.236383 1.236755 2.242202 4.242627 5.236915 4.237906 4.236881 4.242139 6.246801 7.242553 7.242072 7.244362 7.245020 7.242954 3.241875 2.240774 2.240002 1.231783 1.247125 1.248071 3.270572 3.262285 4.274953 4.273312 4.270731 4.299165 3.252753 2.291560 3.140962 4.237635 3.217155 2.239489 2.230987 1.259860 1.274709 1.237156 0.269681 0.057045 0.072613 0.071135 0.072641 0.074235 0.073959 0.757667 1.775046 1.771043 1.788418 1.780395 1.780024 0.757324
0.107445 0.129630 0.156617 0.181454 0.183135 0.187744 0.197312 0.208382 1.239525 1.240991 1.237822 2.242491 4.248333 4.240351 4.237355 3.240471 5.252747 6.246554 7.244124 6.244401 7.249331 7.246709 7.246617 7.244487 6.247688 5.248984 3.239102 2.260320 2.262791 3.265009 4.274810 4.269483 4.270160 4.266227 4.266032 2.266413 3.268215 4.196695 4.217237 4.234083 2.219519 2.199714 1.255201 0.216878 0.172876 0.030449 0.018135 0.066889 0.731141 0.753287 1.744018 1.744181 2.770143 1.755434 0.745312 0.027415 1.788030 1.782956 0.752261
0.026710 0.150389 1.200709 1.203680 0.194740 0.196247 0.205623 0.215713 1.238896 2.234740 1.237927 2.241312 3.241626 4.239570 4.235172 2.239590 5.254422 7.249113 7.243201 6.245618 6.246760 7.251022 8.253899 9.250529 9.236088 7.251958 6.246644 5.259669 4.259321 3.257758 4.268667 4.267874 4.270124 4.268829 4.272986 4.353199 3.243190 4.144067 4.177954 3.158670 2.192817 1.185574 0.038163 0.021965 0.022453 0.022453 0.021965 0.682864 2.770925 2.776004 2.775047 2.777264 3.779336 3.775355 1.762669 0.044354 0.766036 2.779984 1.761158
0.033622 0.165035 2.201477 3.204524 2.201816 1.198024 0.216451 1.238064 1.236363 2.241499 1.236837 2.238488 3.239122 4.237066 2.234549 1.236746 5.249198 8.245638 9.241763 8.239428 6.244881 7.246840 8.247283 8.244878 9.239186 8.244959 8.240708 6.241199 4.251531 3.253894 4.261295 5.282456 5.291099 5.275477 5.278985 5.318598 4.292149 3.192867 3.144224 2.214153 1.188731 0.141348 0.040316 0.018136 0.065907 0.662540 0.676128 1.756941 2.774355 2.769506 2.769994 3.774028 4.774667 5.762224 3.755834 0.776574 1.793926 2.802238 2.764118
0.164185 1.198561 2.201673 4.203926 4.199277 2.190255 0.218907 1.237029 1.237893 1.237087 1.236307 2.237562 3.243118 3.239813 2.236636 1.236239 4.242715 7.242187 9.242484 8.238158 7.241094 7.241374 7.241304 7.241054 6.236801 7.239901 8.232002 6.237810 4.237023 2.242495 3.205676 5.219930 5.211372 4.140645 4.117352 5.233944 4.246168 4.230205 2.219979 2.218757 0.199812 0.027717 0.035945 0.723336 2.729334 2.732719 2.734488 2.710235 1.757946 2.778368 3.771275 4.773138 6.776334 7.760308 3.733412 1.791508 1.789239 2.808403 2.775038
