use_cases/Flooding_chicago/flooding_data/output/h_2880.asc
ncols 337
nrows 393
xllcorner 428428.000000
yllcorner 4602440.000000
cellsize 26.757400
NODATA_value -9999.000000
[rows 54 to 80 of 393, columns 236 to 294 of 337]
0.037086 0.031349 0.031547 0.042534 0.047569 0.077659 -9999.000000 -9999.000000 -9999.000000 -9999.000000 -9999.000000 -9999.000000 -9999.000000 -9999.000000 -9999.000000 -9999.000000 -9999.000000 -9999.000000 -9999.000000 -9999.000000 -9999.000000 -9999.000000 -9999.000000 -9999.000000 -9999.000000 -9999.000000 -9999.000000 -9999.000000 -9999.000000 -9999.000000 -9999.000000 -9999.000000 -9999.000000 -9999.000000 -9999.000000 -9999.000000 -9999.000000 -9999.000000 -9999.000000 -9999.000000 0.023483 0.029143 1.535617 2.542458 4.546166 5.522710 5.528168 5.549453 5.539616 3.488219 0.086400 0.035529 0.034583 0.083528 0.838818 0.884021 0.023118 1.929074 1.908158
0.251823 0.028328 0.028541 0.056721 0.038231 0.093102 -9999.000000 -9999.000000 -9999.000000 -9999.000000 -9999.000000 -9999.000000 -9999.000000 -9999.000000 -9999.000000 -9999.000000 -9999.000000 -9999.000000 -9999.000000 -9999.000000 -9999.000000 -9999.000000 -9999.000000 -9999.000000 -9999.000000 -9999.000000 -9999.000000 -9999.000000 -9999.000000 -9999.000000 -9999.000000 -9999.000000 -9999.000000 -9999.000000 -9999.000000 -9999.000000 -9999.000000 -9999.000000 -9999.000000 -9999.000000 1.158472 1.421670 1.458662 2.530956 3.541682 3.527629 4.539453 5.548556 5.540106 4.500140 0.074267 0.034827 0.037346 0.075672 0.834856 0.873875 0.838145 2.889351 3.877527
0.245295 0.157096 0.076667 0.272033 0.243445 0.154441 0.067191 0.064444 0.031394 -9999.000000 -9999.000000 -9999.000000 -9999.000000 -9999.000000 -9999.000000 -9999.000000 -9999.000000 -9999.000000 -9999.000000 -9999.000000 -9999.000000 -9999.000000 -9999.000000 -9999.000000 -9999.000000 -9999.000000 -9999.000000 -9999.000000 -9999.000000 -9999.000000 -9999.000000 -9999.000000 -9999.000000 -9999.000000 -9999.000000 -9999.000000 -9999.000000 -9999.000000 -9999.000000 -9999.000000 1.103043 1.379732 2.544429 3.550762 5.563977 5.554188 5.552090 5.552207 6.556229 5.527313 0.054424 0.029258 0.014396 0.062258 0.855219 0.881161 1.850363 2.900797 3.901792
0.174980 0.152106 0.330423 0.331994 0.261863 0.136390 0.127633 0.066994 0.058220 -9999.000000 -9999.000000 -9999.000000 -9999.000000 -9999.000000 -9999.000000 -9999.000000 -9999.000000 -9999.000000 -9999.000000 -9999.000000 -9999.000000 -9999.000000 -9999.000000 -9999.000000 -9999.000000 -9999.000000 -9999.000000 -9999.000000 -9999.000000 -9999.000000 -9999.000000 -9999.000000 -9999.000000 -9999.000000 -9999.000000 -9999.000000 -9999.000000 -9999.000000 -9999.000000 0.014396 1.452947 2.555418 4.594501 7.587953 9.573748 8.574145 6.561606 6.563164 6.558369 5.552750 0.547743 0.048454 0.053871 0.045077 0.864292 0.870000 1.859138 2.900204 2.888388
0.150779 0.123436 0.358376 0.349829 0.222421 0.250587 0.436927 0.277930 0.332865 0.243126 0.184243 -9999.000000 -9999.000000 -9999.000000 -9999.000000 -9999.000000 -9999.000000 -9999.000000 -9999.000000 -9999.000000 -9999.000000 -9999.000000 -9999.000000 -9999.000000 -9999.000000 -9999.000000 -9999.000000 -9999.000000 -9999.000000 -9999.000000 -9999.000000 -9999.000000 -9999.000000 -9999.000000 -9999.000000 -9999.000000 -9999.000000 -9999.000000 -9999.000000 0.303280 1.470934 3.578679 6.586028 8.559621 10.562438 9.549639 7.555284 6.555383 6.548738 4.519453 1.553944 0.517785 0.037158 0.826832 1.848020 1.841518 1.847477 1.889586 1.760900
0.022011 0.058007 0.340431 0.368489 0.020942 0.157586 0.071281 0.149559 0.321487 0.329320 1.324062 0.243221 0.018882 0.024514 0.014396 -9999.000000 -9999.000000 -9999.000000 -9999.000000 -9999.000000 -9999.000000 -9999.000000 -9999.000000 -9999.000000 -9999.000000 -9999.000000 -9999.000000 -9999.000000 -9999.000000 -9999.000000 -9999.000000 -9999.000000 -9999.000000 -9999.000000 -9999.000000 -9999.000000 -9999.000000 -9999.000000 -9999.000000 0.028972 1.459546 3.549017 5.575486 9.600466 10.562656 9.560577 8.575235 8.567636 6.554392 4.479773 1.626326 1.680832 1.770483 1.763297 1.813089 2.841168 1.813800 0.748801 0.270215
0.033744 0.258354 0.289482 0.036950 0.022697 0.037987 0.038292 0.077706 0.276435 2.330105 3.336184 3.342364 2.351854 1.314281 0.246432 0.019310 0.014396 -9999.000000 -9999.000000 -9999.000000 -9999.000000 -9999.000000 -9999.000000 -9999.000000 -9999.000000 -9999.000000 -9999.000000 -9999.000000 -9999.000000 -9999.000000 -9999.000000 -9999.000000 -9999.000000 -9999.000000 -9999.000000 -9999.000000 -9999.000000 -9999.000000 0.014396 0.026605 0.466744 2.560935 4.551757 9.560729 9.551546 8.560252 8.563154 9.567197 7.560876 4.542906 1.541938 0.657434 1.818151 1.809837 1.819945 1.822056 0.734070 0.270030 1.364156
0.095604 0.160865 0.042947 0.033562 0.020180 0.027764 0.170923 2.305256 3.323128 5.332688 6.322615 6.331134 4.336187 2.308473 0.270292 0.209811 0.030823 0.014396 -9999.000000 -9999.000000 -9999.000000 -9999.000000 -9999.000000 -9999.000000 -9999.000000 -9999.000000 -9999.000000 -9999.000000 -9999.000000 -9999.000000 -9999.000000 -9999.000000 -9999.000000 -9999.000000 -9999.000000 -9999.000000 -9999.000000 0.030621 0.049869 0.549492 1.592165 2.560220 3.580874 6.549169 6.570059 7.558212 9.562985 9.567989 7.566648 4.552506 1.568661 0.538286 0.028498 0.808358 1.823228 1.797145 0.202010 0.275597 1.347906
0.138237 0.086937 0.037956 0.028999 0.017372 0.036674 0.162650 2.305654 4.312712 5.316471 5.317855 6.323556 4.337545 2.306502 1.259761 2.242759 3.253193 1.249680 0.019442 0.159661 0.020515 0.018547 -9999.000000 -9999.000000 -9999.000000 -9999.000000 -9999.000000 -9999.000000 -9999.000000 -9999.000000 -9999.000000 -9999.000000 -9999.000000 -9999.000000 -9999.000000 -9999.000000 -9999.000000 0.037514 0.048828 0.545088 1.567487 2.565910 3.579124 5.572474 6.567558 7.560823 9.562196 9.562856 7.565278 6.565484 2.560766 0.481266 0.035386 0.017372 0.146827 0.173991 0.235997 0.269586 0.062021
0.751550 0.071291 0.042290 0.040260 0.017372 0.019462 0.020912 0.255507 1.223223 2.244337 1.263453 2.255541 2.268670 2.297427 3.233768 4.260708 4.272531 2.248766 0.277884 0.245406 0.169401 0.023888 0.017967 0.030144 0.165697 0.154344 -9999.000000 -9999.000000 -9999.000000 -9999.000000 -9999.000000 -9999.000000 -9999.000000 -9999.000000 -9999.000000 -9999.000000 -9999.000000 0.041684 0.050244 0.544819 1.564821 2.566184 3.577571 5.552931 7.558566 8.557738 9.557367 7.562747 7.560250 7.553228 3.561936 0.469223 0.028983 0.017372 0.186826 0.056694 0.094002 0.109352 0.059761
0.090960 0.037360 0.028007 0.041115 0.029121 0.032128 0.036278 0.383437 0.422385 0.427859 0.424430 0.425943 0.414409 1.281566 3.249796 5.257758 4.289855 2.273968 0.281436 0.249248 0.178407 0.031932 0.021034 0.017967 0.273270 0.276648 0.281730 0.305019 0.298002 0.277372 0.670245 1.222491 2.768512 1.852535 0.806796 0.066004 0.032009 0.018272 0.054501 0.030168 1.549420 2.566721 3.576928 4.550325 5.546927 6.552428 6.555042 6.555738 6.551050 6.544563 3.567289 1.531115 0.547255 0.147339 0.175864 0.077402 0.111900 0.125555 0.077080
0.043619 0.033516 0.030006 0.028222 0.048836 0.049761 1.413789 2.480942 2.478850 1.481196 1.481589 1.486121 0.452303 0.020516 1.261407 2.261140 3.278848 2.273548 0.022591 0.022591 0.087919 0.771878 0.030439 0.030308 0.353472 1.355898 2.452035 3.516982 3.520684 3.534552 2.281325 2.951855 3.375440 1.890087 1.110263 0.135377 0.042150 0.021858 0.047769 0.435197 1.558849 3.550251 3.548655 3.546948 3.556955 4.547236 4.557348 4.550495 3.549320 3.540831 2.561357 0.518956 0.540020 0.116058 0.137641 0.072089 0.040458 0.057397 0.084009
0.053078 0.018440 0.023522 0.038643 0.047965 0.357242 1.440412 3.470172 3.467837 3.475079 3.475855 2.467452 0.454622 0.032082 0.034037 0.182323 1.189244 1.179850 0.022591 0.022591 0.783312 1.760989 1.785918 1.766350 1.606488 2.242376 3.415434 3.496977 3.458787 3.498478 2.339995 3.120958 3.069816 2.085892 1.238347 0.225949 0.043515 0.022316 0.047259 0.445082 1.557200 2.416611 2.488292 2.571960 2.550771 2.556954 3.549133 2.559389 1.555541 2.553736 1.555698 0.449368 0.039436 0.047264 0.035516 0.053246 0.027868 0.036292 0.041649
0.032600 0.056847 0.049705 0.097724 0.048974 0.075824 1.394432 2.465254 3.470036 3.472371 3.473996 1.477338 0.466899 0.035056 0.039316 0.022194 1.187858 1.148403 0.083281 0.838948 0.813526 1.766073 2.821716 2.863065 1.576577 1.447764 2.445106 3.477605 2.482769 2.470318 3.418643 3.315506 4.252572 3.220550 2.430553 1.395626 0.038667 0.021858 0.048854 0.526185 1.598694 1.608732 1.597050 2.513056 1.472610 1.503104 1.491261 1.486526 0.589039 0.545964 0.556785 0.033774 0.058551 0.038949 0.041862 0.039055 0.030464 0.020133 0.034080
0.031334 0.051156 0.047829 0.106591 0.105067 0.123309 0.309473 1.446429 1.467905 1.467503 0.460873 0.459738 0.460932 0.033652 0.028267 0.123970 0.130331 1.862257 1.847216 1.881384 2.874115 2.869702 2.862343 2.887470 0.710871 1.265060 2.397858 2.512764 3.489855 3.498716 3.463111 3.386579 3.345807 2.315104 3.437712 2.403150 0.340859 0.018272 0.052000 1.714349 1.678910 2.753557 2.760251 1.669103 0.649307 0.585409 0.650511 0.654997 0.651449 0.028858 0.029315 0.823424 0.046341 0.037682 0.026360 0.027733 0.017372 0.017372 0.020180
0.055733 0.033073 0.018257 0.022560 0.035836 0.049957 0.051141 0.358519 0.438770 0.022956 0.025118 0.033928 0.036324 0.034340 0.095567 0.106470 0.878989 1.933014 1.913192 1.899732 2.868113 3.886097 3.904570 3.927906 0.772712 0.647652 1.410850 2.398659 3.423667 3.480379 3.489273 3.427622 3.376101 3.395008 3.412199 3.398746 0.380098 0.032516 0.785216 2.785406 4.806018 4.809817 3.783015 1.692541 0.676296 0.034093 0.685735 0.687193 0.686569 0.029021 0.024722 0.831672 0.695028 0.029746 0.032097 0.032418 0.020133 0.046260 0.031426
0.059854 0.038490 0.040428 0.024590 0.040713 0.049064 0.046210 0.052421 0.470194 0.495474 0.493750 0.036246 0.042855 0.029563 0.888092 0.907095 1.931842 1.948362 1.914556 1.902196 2.846498 3.843341 3.886266 4.900874 2.943555 1.823026 1.648932 1.602438 2.442991 3.472273 3.529319 3.471038 3.429140 4.444255 5.506336 4.372241 1.525247 1.559547 2.730846 3.706278 5.734977 5.722478 4.704343 1.661831 0.719069 0.782816 0.723091 0.718238 0.715783 0.023738 0.816916 0.812720 0.679639 0.039358 0.040519 0.020363 0.046441 0.037055 0.127495
0.139813 0.036447 0.039544 0.031715 0.026122 0.033043 0.046318 0.040581 0.041756 0.500375 0.503411 0.034370 0.034936 0.063109 0.891354 2.939834 2.969167 1.942103 1.916133 1.874308 1.838799 1.866026 3.872999 4.900537 4.946485 3.923788 2.849790 1.636140 2.298161 2.452579 3.528347 4.536532 5.523939 6.442914 7.518158 5.447484 2.449310 1.581881 2.742137 3.724475 4.736160 5.715795 4.699288 2.767384 1.808523 1.820234 1.802219 0.760472 0.766510 1.785921 0.803957 1.788943 0.669039 0.039110 0.033180 0.021172 0.065086 0.076699 0.122582
2.157053 0.135188 0.066458 0.035774 0.017372 0.026435 0.030007 0.044426 0.053146 0.497595 0.503173 0.030662 0.027014 0.920063 2.970034 3.963563 3.974951 1.969385 0.936102 0.079382 0.096339 0.795493 2.863117 4.901593 5.924390 5.933769 4.935408 2.802115 0.527647 1.409628 3.516931 5.456869 7.457367 7.432830 7.452178 4.415110 2.493705 1.472129 0.567724 1.709380 3.731214 4.757727 5.780987 3.800990 2.818111 2.824855 1.789975 1.809799 0.781155 2.791204 2.795086 2.798329 1.745443 0.527522 0.064949 0.042503 0.076638 0.093117 0.062980
0.676466 0.063532 0.064140 0.039817 0.017372 0.032250 0.032158 0.037148 0.058663 0.489705 0.496329 0.020225 0.050163 0.915032 2.944663 3.942633 3.947807 2.957767 0.924334 0.019508 0.110603 0.116278 1.741672 4.821853 5.850824 5.855331 4.813105 1.786296 0.047539 0.316842 3.303074 4.336878 5.363469 6.386339 5.352748 2.379992 0.310143 0.044219 0.020610 0.050157 1.659672 4.705827 6.744756 3.776701 2.792288 2.800838 2.795012 1.765226 1.738586 1.771798 2.780320 1.775281 0.589525 0.057717 0.074080 0.029045 0.146004 0.078727 0.045891
0.041863 0.057823 0.042480 0.051704 0.021812 0.028389 0.050118 0.121699 0.083214 0.453340 0.433533 0.296343 0.987180 0.987018 1.002944 1.910230 2.954770 2.967476 0.938333 0.028246 0.025883 0.135742 0.902706 2.711190 3.821926 4.605267 2.897400 1.783538 0.094956 0.107257 1.616325 2.111281 2.104464 2.210158 2.001155 0.268607 0.026162 0.017372 0.017372 0.020317 0.619887 3.677835 5.640986 3.745878 2.793886 2.792788 1.771217 0.689554 0.053026 0.043450 0.552357 0.058686 0.027153 0.032737 0.026665 0.037300 0.136331 0.136838 0.051190
0.020133 0.039573 0.032417 0.020668 0.033257 0.033333 0.038140 0.149025 0.524531 0.479850 0.428611 0.333814 0.174780 0.971435 0.994855 0.984076 1.963890 1.957919 0.056813 0.025433 0.032179 1.190383 2.123230 2.065541 3.028345 3.019783 2.975981 1.838299 1.126964 1.174012 3.068720 1.800823 0.798389 0.293078 1.133573 0.174748 0.028443 0.045190 0.030125 0.108971 1.752555 3.653383 3.714141 2.714253 2.808773 1.835419 0.647350 0.050012 0.029915 0.037789 0.039269 0.041451 0.017372 0.017372 0.032555 0.064637 0.321584 2.461696 2.515437
0.017372 0.017372 0.029488 0.031150 0.047081 0.041984 0.099511 0.255044 0.147376 0.088273 1.352002 0.307746 0.158877 0.967075 0.990262 1.986848 0.954523 0.019295 0.100934 0.111319 1.188210 3.244018 2.154559 2.099425 3.075666 3.067000 4.079224 2.973161 2.134513 2.173198 4.176004 2.911420 1.132519 1.381627 1.272635 1.305050 0.291947 0.029884 0.282030 0.927832 2.839361 3.770986 2.913890 1.854021 2.838134 1.895979 0.057314 0.030342 0.022377 0.021751 0.018241 0.041481 0.038552 0.035469 0.027306 0.062007 2.416927 4.500361 5.525134
0.024986 0.024986 0.041528 0.040764 0.083074 0.193733 0.150461 0.338539 0.033272 0.085441 0.229174 0.246610 0.928310 1.993072 2.030610 1.987308 0.073966 0.025704 1.127220 2.065145 3.173453 3.192712 3.206678 3.138960 3.095486 3.099280 4.117385 4.092488 4.116306 4.125653 4.057776 4.003551 3.249748 2.401226 2.412659 2.262383 0.309136 0.029998 0.334619 1.785683 2.818025 3.647267 2.839151 1.828827 2.798985 1.867906 0.036492 0.039854 0.021751 0.054924 0.056236 0.196460 0.213013 0.210573 0.034144 0.044781 2.367681 5.421315 5.471666
0.031434 0.052860 0.043067 0.049284 0.020043 0.034325 0.119835 0.114403 0.043419 0.082665 0.044869 0.052242 0.056011 0.949615 2.018776 1.974445 0.090022 0.027749 1.120282 2.091352 2.149635 3.156904 3.108405 3.085866 3.058534 3.066157 4.049881 4.059939 5.070154 4.031721 2.932527 3.857306 3.189408 3.206901 2.313483 2.124798 0.373576 0.040697 0.429432 1.629834 2.557727 2.652255 1.703985 1.743706 1.757331 0.652862 0.052947 0.031439 0.018241 0.047843 0.055886 0.178662 1.101791 1.231241 1.090940 1.301730 3.353566 4.427312 4.524212
2.530963 2.583732 1.472728 0.486978 0.030328 0.030144 0.053612 0.061897 0.064232 0.064827 0.047371 0.034049 0.044196 0.842987 1.979645 1.971437 0.109556 0.022423 0.079327 1.029896 2.060570 2.980964 1.890178 2.970488 2.995620 2.980460 1.992422 4.032787 4.040324 1.975428 0.875364 2.039633 3.179084 3.112416 2.291940 2.143249 0.525115 0.709753 1.596487 1.932084 1.583048 1.466738 0.501559 0.542389 0.557329 0.098218 0.084064 0.123885 0.038765 0.043815 0.023400 0.246905 0.988651 1.809682 1.888697 2.215747 3.356045 3.538987 2.494534
4.627220 4.646897 3.639271 2.657381 0.030754 0.049126 0.020775 0.053093 0.052833 0.060173 0.029030 0.028420 0.039514 0.049110 0.078135 0.707267 0.104175 0.022652 0.033622 0.067842 1.001198 0.919172 0.396130 0.150482 0.735125 0.675484 0.715323 0.740620 0.728637 0.021371 0.072546 0.949158 2.101858 2.302915 2.392219 2.326351 1.695748 1.768645 2.767335 3.582544 1.474324 0.430846 0.214860 0.145099 0.114671 0.063414 0.106518 0.124390 0.027610 0.028710 0.047247 0.355934 1.085544 1.090238 1.560634 1.280378 1.268006 1.408000 0.388127
