use_cases/Flooding_chicago/flooding_data/output/h_2820.asc
ncols 337
nrows 393
xllcorner 428428.000000
yllcorner 4602440.000000
cellsize 26.757400
NODATA_value -9999.000000
[rows 162 to 188 of 393, columns 177 to 235 of 337]
0.047873 0.094581 0.102277 0.134422 0.130792 0.053612 0.020210 0.030235 0.146187 0.278557 0.275184 0.129936 0.078576 0.045985 0.053001 0.052392 0.065041 0.048018 0.066521 4.350089 5.386737 6.389837 5.348123 3.405328 2.417901 0.297681 0.304621 0.366564 0.336140 0.285686 0.192405 0.287603 1.873282 1.116832 0.086780 0.065157 0.055739 0.020699 0.088468 0.259734 0.587633 0.674541 1.137209 0.062518 0.025291 0.032798 0.048439 0.030128 0.037422 0.028801 0.034280 2.839002 3.830981 2.846449 0.800855 1.830824 1.822574 3.848412 4.861430
0.028649 0.091326 0.075050 0.163307 0.146355 0.060479 0.030174 0.019799 0.023949 1.522135 1.528163 0.019646 0.028404 0.029579 0.024224 0.045219 0.032708 0.039513 0.059955 2.411611 4.426482 5.461509 5.428807 4.444475 3.441550 2.446703 2.437780 0.386503 0.378156 0.336287 0.239521 1.310987 1.804058 1.063018 0.047275 0.053734 0.028984 0.020195 0.026619 0.290061 0.796510 0.931116 0.393624 0.087293 0.121443 0.088567 0.087429 0.032997 0.042672 0.032966 0.058429 3.799762 4.836524 3.826489 3.826942 3.832876 3.814008 5.839394 4.854210
0.039405 0.085560 0.090187 0.119529 0.100425 0.092857 0.035623 0.060982 0.374993 2.541161 2.544506 1.557805 0.022484 0.622292 0.023155 0.023017 0.024956 0.032875 0.033730 2.413850 3.363953 5.418951 5.397465 4.449826 3.426675 2.451425 2.442385 1.421993 0.377236 0.340273 0.248097 1.354333 0.495156 0.395405 0.040776 0.032287 0.017967 0.031761 0.031303 0.425774 1.064940 0.399719 0.186699 0.127549 0.129552 0.700944 1.819874 0.633637 0.077764 0.063815 1.810906 5.847140 6.835090 5.844081 4.839077 3.835462 4.813137 5.846957 4.855723
0.086251 0.064811 0.077870 0.136146 0.127114 0.050103 0.039039 0.070076 0.368888 1.519144 2.530278 1.495782 0.641029 1.624263 1.630165 0.577264 0.033104 0.046227 0.038688 2.411513 2.461226 3.401305 2.433789 2.461832 3.418602 2.454687 1.443366 1.423170 0.378993 0.314433 0.233583 0.114707 0.689682 0.372434 0.072880 0.017967 0.021034 0.028053 0.915493 0.862871 0.750365 0.388207 0.353824 0.029030 0.101442 0.717536 1.857251 1.896324 0.868713 0.892972 1.823484 5.802610 6.823406 6.834157 4.825804 4.830281 5.820847 5.837672 4.843956
0.086143 0.033974 0.037026 0.193306 0.080315 0.095955 0.062736 0.054405 0.073845 0.389429 1.495338 0.432374 0.504753 1.602351 1.591314 0.562998 0.030037 0.053463 0.065727 2.392519 2.467301 2.505501 1.482518 2.474354 2.461096 2.470145 1.468744 0.355522 0.066043 0.031873 0.027888 0.036904 0.422240 0.621098 0.116598 0.028144 0.027327 0.034843 0.893009 2.145139 1.113487 0.095427 0.072219 0.040343 0.055692 0.067265 0.832211 0.920384 0.902314 0.908846 1.821047 4.766854 4.819753 4.836149 4.827196 4.828203 4.829494 3.839802 3.840308
0.054330 0.029548 0.033257 0.078300 0.106561 0.091164 0.071129 0.073127 0.106943 0.314475 0.329767 0.032417 0.031502 0.048454 0.510736 0.554724 0.020043 0.068550 0.053372 2.315699 2.437741 2.500508 1.423188 1.434873 1.434065 1.413742 1.414589 0.325975 0.097643 0.033012 0.028498 0.040708 0.101127 0.964391 1.150494 0.097233 0.448379 0.393961 0.993158 2.014677 1.088299 0.057766 0.014396 0.092229 0.062294 0.038293 0.041893 0.922102 0.914698 0.917943 1.743989 2.626547 1.758301 1.790652 2.816747 3.816894 3.820701 2.820115 2.818022
0.047950 0.022423 0.039698 0.093177 0.052482 0.030761 0.057563 0.057746 0.089410 0.080554 0.043739 0.032875 0.030296 0.044060 0.067390 0.071389 0.155464 0.089272 0.582423 2.073456 2.302058 2.220124 0.264420 0.022898 0.288817 0.044719 0.084745 0.135251 0.101177 0.057616 0.014396 0.019309 0.161873 0.917353 2.076507 2.130514 0.612446 0.509815 0.597645 0.613849 0.587998 0.079568 0.124321 0.125974 0.026786 0.026069 0.033195 0.074297 0.841127 0.844067 0.783592 0.965831 0.162626 0.101993 0.669663 1.678537 1.733583 1.700825 1.687199
0.042107 0.030113 0.029794 0.113864 0.029549 0.026177 0.035057 0.033043 0.054849 0.048836 0.041634 0.035286 0.026970 0.035224 0.034920 0.140205 0.020042 0.030418 0.338394 0.437228 1.555543 0.483618 0.061558 0.028493 0.075488 0.039545 0.056177 0.093229 0.142971 0.087269 0.074762 0.452844 1.126659 1.922366 2.071729 1.137164 0.088743 0.067922 1.787312 0.731580 0.674995 0.088561 0.129468 0.140419 0.036675 0.034248 0.046684 0.039665 0.142534 0.174729 0.270087 1.193456 0.276612 0.018654 0.048281 0.033416 0.845437 0.933732 0.971724
0.039635 0.020745 0.036278 0.085425 0.027565 0.014396 0.019309 0.028008 0.036583 0.025063 0.022881 0.035301 0.029854 0.040962 0.054192 0.037452 0.031243 0.020531 0.492173 0.653416 1.078073 0.773784 0.064048 0.037461 0.074797 0.031319 0.029029 0.130474 0.241734 0.790785 0.964716 0.652553 0.526812 0.627304 0.719510 0.113227 0.044704 0.029892 1.816323 1.847997 0.684514 0.099091 0.036644 0.047204 0.049476 0.037971 0.037392 0.058246 0.045663 0.030846 0.389076 1.356934 1.410875 0.024528 0.017967 0.021034 0.043370 0.913238 1.025643
0.020745 0.033898 0.025841 0.046974 0.037179 0.048820 0.031959 0.034037 0.030861 0.037437 0.040291 0.096657 0.026055 0.034752 0.034753 0.112747 0.114468 0.056071 0.771290 0.877055 0.903755 0.931931 0.140997 0.030342 0.038949 0.039451 0.032021 0.163899 0.383794 0.716664 1.901958 0.614233 0.375205 0.234717 0.147540 0.104381 0.099666 0.216023 1.754303 1.868391 0.750520 0.134434 0.054345 0.064429 0.044273 0.031258 0.056704 0.804828 0.029045 0.030785 0.441179 1.401885 1.416876 1.381824 0.093326 0.017967 0.075210 2.131394 1.162907
0.036232 0.025796 0.028313 0.056160 0.034187 0.044762 0.039909 0.042869 0.042260 0.058342 0.276833 0.058663 0.021431 0.053520 0.073291 0.624708 0.674178 1.234727 2.160389 2.288145 2.267249 1.216706 0.197998 0.042366 0.026436 0.014396 0.019309 0.284296 0.516292 0.677313 0.672896 0.032448 0.040951 0.039071 0.027169 0.037682 0.155924 0.257960 1.692548 1.831243 0.752903 0.145045 0.058190 0.057626 0.071350 0.045270 1.783170 2.807247 1.797948 0.023470 0.478697 1.382720 1.407239 1.211036 0.871038 0.042517 0.605210 1.913302 1.158939
0.044593 0.032310 0.019539 0.037117 0.038353 0.066078 0.045341 0.098723 0.254764 2.413730 2.445506 1.385442 0.027900 0.031394 0.663760 0.695328 0.698714 1.178063 2.590484 2.202903 1.065854 1.071919 0.209347 0.023582 0.023552 0.116812 0.085749 0.487320 0.646930 0.428986 0.038825 0.028404 0.031944 0.027260 0.026740 0.054421 0.253838 0.321637 0.542712 0.550863 0.507406 0.091819 0.048287 0.048439 0.196699 0.126769 1.723531 2.768919 1.773984 0.647755 0.509326 0.396605 0.380064 0.452045 0.794307 0.831947 1.705094 1.492875 1.133116
0.054069 0.035148 0.020500 0.040932 0.038933 0.060508 0.101137 1.253278 2.372541 3.396622 2.463443 1.292121 1.049040 0.937087 0.843747 1.731604 1.791597 1.522341 1.084843 1.187032 0.334754 0.066802 0.079692 0.024883 1.112277 1.133778 2.111288 0.897115 0.809642 0.079328 0.031456 0.024254 0.044090 0.076485 0.152259 0.086450 0.382714 0.270532 0.166862 0.129558 0.070092 0.132119 0.073738 0.061209 0.159402 0.566856 0.515862 0.472731 0.469748 0.477171 0.044775 0.034883 0.040141 0.041694 0.841793 1.826042 1.814463 1.669792 0.793657
0.042855 0.044701 0.030480 0.046655 0.046569 0.207282 1.015931 1.103969 1.201619 1.176911 2.340033 1.266482 1.061002 1.785740 1.910309 2.858291 2.941178 1.872928 0.071075 0.065522 0.086036 0.121441 0.116406 1.118903 2.125036 2.137673 2.108579 2.096724 0.813632 0.042121 0.031409 0.019799 0.032951 0.033729 0.140021 0.769248 0.625131 0.073388 0.059151 0.072456 0.063927 0.124137 0.100960 0.078683 0.064948 0.083017 0.032067 0.038002 0.041344 0.041236 0.038185 0.035393 0.026574 0.074136 0.989642 1.613024 1.795016 1.052117 1.123427
0.111916 0.064019 0.047096 0.996179 3.327457 2.352886 2.294576 0.909910 0.020134 0.029547 0.217622 0.253907 0.888240 1.778376 2.832306 2.836043 2.879343 1.870263 0.017372 0.017372 0.122270 1.171508 2.142544 3.157418 4.164592 4.172795 3.151940 2.109958 0.076467 0.033575 0.033318 0.014396 0.024696 0.032280 0.148566 0.345210 0.159828 0.115318 0.030373 0.035774 0.150886 0.110041 0.193154 0.024941 0.047874 0.047646 0.030144 0.025307 0.032342 0.029321 0.041603 0.039803 0.027977 0.785674 1.515297 0.578818 0.504914 1.321934 1.374799
0.172401 0.133766 0.239106 3.349177 4.358503 3.380364 2.329652 0.275735 0.017372 0.017372 0.020180 1.157253 1.017505 0.837260 0.748169 0.679227 0.724387 0.742451 0.097888 0.143692 2.161618 3.191891 4.149959 4.167303 5.161982 4.159496 3.127581 0.861205 0.037920 0.038277 0.018898 0.025779 0.028251 0.024131 0.030641 0.487450 0.028679 0.037254 0.034645 0.051018 0.171700 0.193245 0.033821 0.038977 0.027001 0.024406 0.031593 0.027977 0.031685 0.032371 0.255535 0.361136 0.291600 1.793025 1.841460 0.788150 0.706049 2.590210 2.663388
0.173776 0.312533 2.339808 4.401980 4.375591 4.401021 3.394775 2.424584 0.301374 0.267636 0.255020 0.961825 0.945541 0.094491 0.029060 0.036871 0.027028 0.119746 1.152272 2.183986 4.135701 5.183932 6.135807 5.168796 4.163617 3.153899 2.151424 0.110469 0.028526 0.024971 0.036827 0.028237 0.036018 0.041191 0.036583 0.670204 0.037468 0.024880 0.028145 0.036736 0.033836 0.201775 0.047813 0.022590 0.022590 0.027001 0.029991 0.044974 0.044746 0.047279 1.110963 2.269399 2.307374 2.003575 2.880672 3.050601 1.854789 2.583684 3.730435
0.063453 0.267355 2.366804 3.395632 4.341828 4.382118 4.397221 3.394684 2.358829 2.359087 2.392937 0.996966 0.110036 0.095070 0.028496 0.024513 0.029762 0.127603 1.162509 3.185098 4.159689 5.177316 6.146595 5.168856 4.166086 2.160654 1.031248 0.047500 0.026695 0.018853 0.037697 0.036842 0.044670 0.087014 0.811255 1.874001 1.894144 0.028725 0.045235 0.017372 0.035530 0.081199 0.030572 0.022590 0.022590 0.037209 0.040855 0.045724 0.088435 0.162904 1.035980 2.057072 2.141916 2.001582 2.760473 2.853965 3.685914 3.738102 3.751565
0.058037 0.061504 1.342841 2.431366 3.358251 4.384109 4.393253 4.412248 3.387970 3.392807 2.389647 0.034447 0.023567 0.027366 0.019309 0.026024 0.113741 0.156937 1.145299 3.165648 3.155866 4.163637 5.137904 5.157998 4.163489 2.154348 1.094408 0.093183 0.052467 0.061852 0.051904 0.067604 0.116437 0.131339 0.835297 1.872853 1.859401 0.064942 0.032341 0.017372 0.025261 0.038201 0.041054 0.044106 0.034371 0.037254 0.062355 0.144393 0.134698 0.245182 0.931290 1.225511 1.779925 2.801637 2.705951 2.766212 4.688818 4.714158 4.732768
0.062432 0.055809 0.058372 0.312421 2.372156 3.315078 4.348701 4.382175 3.378275 3.380030 3.385298 0.029244 0.022941 0.023507 0.040413 0.040396 1.122363 1.162369 3.130032 3.160205 3.145380 3.133233 3.136480 3.151480 4.116964 2.144245 0.094985 0.032494 0.050224 0.047660 0.046257 0.072105 0.092003 0.755057 1.857537 1.865915 1.883433 0.069924 0.091819 0.027596 0.024192 0.030525 0.081794 0.065971 0.038964 0.045663 0.073677 0.058852 0.134442 0.163721 0.764258 1.315968 1.319787 1.527696 1.437631 1.635500 4.671457 4.677073 4.687615
0.071190 0.071633 0.096635 0.287169 2.368760 1.411946 2.386475 3.389895 3.387917 3.386124 3.312306 0.501193 0.029032 0.028352 0.041479 0.064289 1.101911 2.125680 3.110987 3.123881 2.134920 0.943612 0.100443 0.114902 0.845328 0.083850 0.050688 0.037621 0.032203 0.145012 0.025017 0.055366 0.073158 1.796301 1.839031 1.822749 0.807205 0.083718 0.074624 0.040625 0.096321 0.085076 0.061760 0.084801 0.049232 0.063713 0.028754 0.039101 0.025734 1.121015 2.185861 1.592440 1.281696 1.070997 0.089572 0.063866 1.534668 2.615876 1.609769
0.059318 0.055428 0.143104 0.288916 1.340082 1.401037 2.367171 2.335062 2.341849 2.350255 1.053980 0.324431 0.280104 0.164584 0.192667 0.944334 2.076964 3.069799 2.104166 0.903894 0.093453 0.046498 0.027031 0.142301 0.261649 0.035149 0.053475 0.018471 0.101586 0.092139 0.070380 0.042671 0.072137 0.833460 0.844551 0.052205 0.027001 0.024406 0.042869 0.066079 0.068763 0.058754 0.041206 0.085155 0.121269 0.812071 0.984228 0.784468 0.905006 1.941588 2.193518 1.102798 0.989790 0.673942 0.083691 0.039899 0.047289 0.085328 0.091658
0.097756 0.225639 0.217130 0.124243 0.429252 1.456770 2.417264 1.397662 0.273416 0.041801 0.027137 0.028160 0.043159 0.113957 0.170727 0.875736 0.981943 0.829336 0.852003 0.055686 0.044106 0.039162 0.034636 0.037728 0.274421 0.025948 0.030907 0.023658 0.071694 0.395577 0.031791 0.077332 0.047340 0.836190 0.021781 0.022590 0.022590 0.027001 0.058738 0.111321 0.087041 0.139117 0.094145 0.472798 1.040754 1.820117 1.962732 1.551367 1.146859 1.624599 1.748484 0.976885 1.043024 0.980602 0.153927 0.022544 0.043276 0.032280 0.058458
0.034645 0.081840 0.072424 0.109993 0.058204 1.439931 2.346419 1.301966 0.057886 0.021629 0.023399 0.024284 0.031609 0.040337 0.155010 0.175747 0.182191 0.086122 0.096825 0.052238 0.039513 0.047737 0.034859 0.026162 0.389550 0.031089 0.033287 0.064247 0.081505 0.300453 0.218636 0.869195 0.883629 0.864725 0.055397 0.022590 0.022590 0.051446 0.049370 0.074105 0.095156 0.561739 1.646193 1.641232 1.294598 1.706006 1.976546 0.026940 0.031076 0.770599 0.735046 1.126333 2.398616 1.222458 0.231499 0.041084 0.019798 0.035884 0.059425
0.024086 0.078362 0.071405 0.045525 0.073342 0.367908 1.395480 1.295996 0.632040 0.031823 0.024284 0.014396 0.033180 0.047875 0.076009 0.106345 0.137153 0.091408 0.091636 0.072685 0.063133 0.072137 0.050759 0.068245 0.452324 0.026527 0.033746 0.058265 0.081962 0.050850 0.824373 0.841468 0.834354 0.799187 0.726800 0.030007 0.038201 0.032432 0.036171 0.083888 1.741163 1.804460 1.716581 1.640654 1.414849 0.325020 0.044081 0.026955 0.028649 0.038599 0.301406 1.409040 2.479211 2.465876 0.357885 0.019798 0.017372 0.025703 0.034691
0.136619 0.111381 0.074226 0.040733 0.038857 0.089322 0.108289 0.838118 1.815102 0.076619 0.033993 0.026772 0.023918 0.040992 0.038216 0.075264 0.106788 0.137429 0.058814 0.064537 0.096214 0.090705 0.060692 0.065102 0.486891 0.497213 0.038231 0.021111 0.032570 0.044899 0.188668 0.033027 0.084741 0.057686 0.595299 0.363504 0.220440 0.118615 0.092690 0.760093 1.808498 1.825877 2.834668 1.780769 0.039317 0.028908 0.028984 0.017372 0.025703 0.052993 0.305760 1.362084 2.538491 3.594585 1.577970 0.044525 0.017372 0.025703 0.051323
0.054344 0.043205 0.029594 0.041115 0.047082 0.133544 0.142113 1.028434 1.023666 2.125377 0.068743 0.032066 0.025139 0.032616 0.033577 0.039131 0.067025 0.104484 0.045295 0.082986 0.097191 0.080879 0.063362 0.051902 0.496956 0.498146 0.038780 0.035759 0.017372 0.043312 0.076988 0.058742 0.050316 0.033974 0.040824 0.239540 0.211511 0.275177 0.204160 0.807157 2.855668 2.878356 3.864257 2.859650 0.039531 0.034966 0.028848 0.017372 0.025703 0.031415 0.088370 0.389811 2.434244 3.456466 2.738377 1.725381 0.033302 0.057244 0.036171
