use_cases/Flooding_chicago/flooding_data/output/h_2820.asc
ncols 337
nrows 393
xllcorner 428428.000000
yllcorner 4602440.000000
cellsize 26.757400
NODATA_value -9999.000000
[rows 162 to 188 of 393, columns 118 to 176 of 337]
0.901013 0.051382 0.023507 0.022941 0.041538 0.640629 0.655171 1.652096 0.639195 0.017372 0.068244 0.068034 1.527331 3.585103 6.597350 6.660616 6.614955 6.521802 5.586134 4.611280 4.634373 3.629895 2.565473 2.494722 2.384723 2.230075 2.164259 2.109653 1.982145 1.949650 2.055412 1.031334 2.010316 4.065287 3.938502 3.978822 3.007404 0.645741 0.101830 0.141945 0.069878 0.046913 0.031975 0.020803 0.038520 0.038125 0.065537 0.121530 0.211963 0.120634 0.041085 0.049370 0.026802 0.039101 0.048928 0.443030 0.221917 0.062142 0.058174
0.938990 0.019309 0.027366 0.023567 0.057246 0.646150 0.660610 1.616663 0.041478 0.017372 0.058009 0.561346 2.634068 3.635019 6.602664 6.683040 5.593972 3.526254 1.445499 0.377264 0.047582 0.038407 0.057960 0.094590 0.090515 0.116820 0.121650 0.255031 0.215042 0.172536 0.045829 0.104273 0.780505 3.863035 3.862387 1.647846 0.048546 0.052574 0.072823 0.155274 0.084100 0.041191 0.026238 0.019309 0.029732 0.037179 0.098275 0.145316 0.163231 0.043922 0.043923 0.053712 0.037773 0.038627 0.045555 0.406546 0.431418 0.050942 0.051461
1.014624 0.058270 0.078940 0.075660 0.068327 0.048920 0.036241 0.772767 0.879215 0.887551 0.881273 1.645537 2.647595 3.667780 6.652431 6.750560 4.787529 1.479782 0.032050 0.032879 0.025704 0.025703 0.055900 0.069705 0.068229 0.102991 0.182869 0.226235 0.215691 0.112235 0.061239 0.066612 0.053100 0.526412 0.274378 0.083622 0.033425 0.029320 0.021263 0.234580 0.101719 0.043630 0.025322 0.014396 0.019309 0.056694 0.119210 0.142783 0.105140 0.039695 0.036583 0.043173 0.037163 0.046120 0.044197 0.420820 0.447409 0.061028 0.064011
2.074755 2.091047 2.109699 2.099517 1.084871 0.061758 0.054227 0.721739 1.848876 2.909108 2.933566 3.793110 4.844496 4.837413 6.677891 7.744557 5.867379 0.625831 0.021175 0.020180 0.017372 0.017372 0.085167 0.033134 0.030530 0.105507 0.177483 0.283699 0.282523 0.126917 0.056693 0.055335 0.039833 0.390541 0.355110 0.140998 0.020195 0.017967 0.021034 0.141502 0.134696 0.095726 0.095589 0.058403 0.062294 0.076469 0.147804 0.118347 0.076180 0.049720 0.022911 0.038826 0.039513 0.066200 0.041466 0.523905 0.550269 0.090325 0.053748
3.061198 5.069188 5.098381 4.086871 3.081513 2.063155 0.972845 1.749579 2.828583 3.831507 4.819551 4.842816 5.718868 6.824765 6.796473 5.742388 3.734162 1.605589 0.252742 0.178612 0.141745 0.165947 0.043756 0.045372 0.027794 0.027794 0.217109 0.340081 0.364402 0.029640 0.028954 0.041713 0.038826 0.373921 0.505898 0.289146 0.060478 0.031822 0.017967 0.185585 0.078225 0.130867 0.095161 0.052391 0.058434 0.051521 0.126351 0.070703 0.092613 0.052345 0.026405 0.038790 0.055733 0.086830 0.797286 0.485984 0.382027 0.059746 0.062064
4.038557 6.030942 6.071815 6.066139 6.089738 4.043687 2.996958 2.912291 3.863790 3.887296 3.884781 4.797997 4.825757 6.716963 6.677886 3.626952 0.551019 0.130086 0.119269 0.081215 0.038658 0.064492 0.076928 0.029137 0.022590 0.022590 0.035820 0.531928 0.533501 0.047463 0.024833 0.025399 0.044960 0.324897 0.458888 0.543373 0.588846 0.072258 0.105567 0.156595 0.054875 0.070961 0.103462 0.037620 0.050941 0.027149 0.074634 0.084113 0.116691 0.076927 0.049324 0.035820 0.063132 0.111054 0.725425 0.236382 0.058378 0.052956 0.046898
4.046820 5.042084 6.054000 7.032503 7.065399 6.055933 5.058925 3.951741 3.911931 3.909729 3.908036 4.835507 4.868365 6.684671 3.809914 0.710040 0.068051 0.121391 0.204714 0.154610 0.046349 0.034691 0.044929 0.034432 0.022590 0.022590 0.035149 1.705770 1.703974 0.050560 0.030830 0.032737 0.040275 0.078599 0.635000 0.669595 0.633459 0.166406 0.093437 0.052498 0.055717 0.047828 0.058556 0.035744 0.031944 0.040687 0.052894 0.038566 0.082680 0.063011 0.065361 0.051599 0.053184 0.045403 0.277121 0.378684 0.095270 0.068901 0.040017
5.061619 6.058312 6.074557 7.040586 7.054490 7.041960 7.096486 4.985459 4.978130 5.968149 6.006220 6.972004 7.061226 4.896057 3.007310 0.914872 0.258954 0.114632 0.172416 1.313515 0.035729 0.033180 0.054437 0.024360 0.277885 0.021781 0.694221 1.673835 1.676736 0.039085 0.026664 0.035026 0.061455 0.127053 0.591349 0.619286 0.607891 0.215147 0.130272 0.095214 0.083562 0.070662 0.049644 0.048652 0.026619 0.020439 0.049309 0.034173 0.067650 0.048196 0.035668 0.053535 0.044654 0.046838 0.213036 0.305565 0.091011 0.048530 0.035941
5.057846 9.030567 9.124449 8.062613 9.030174 9.042714 9.098481 7.003103 7.020660 5.946421 6.767292 7.780865 6.966359 3.849053 2.847666 0.691681 0.250891 0.276757 0.209311 1.314996 1.319190 0.042061 0.036384 0.018898 0.198631 0.142035 0.655434 1.656930 1.659112 0.591179 0.078971 0.030862 0.069435 0.160036 0.221267 0.246284 0.229284 0.247476 0.186329 0.135216 0.117607 0.104058 0.083605 0.059456 0.025459 0.018135 0.049690 0.035912 0.075692 0.020393 0.042595 0.035865 0.046303 0.091149 0.234489 0.308801 0.200387 0.040825 0.040723
7.992109 10.023691 10.076914 9.033152 9.026979 9.039491 9.077034 8.034441 7.012510 5.960388 5.958991 5.955932 4.993510 2.883693 0.077131 0.048814 0.078738 0.095772 0.195335 0.269143 2.363383 0.227255 0.095878 0.080529 0.027794 0.144876 0.658179 0.670495 0.569525 0.075604 0.038811 0.025337 0.055474 0.048454 0.191816 0.214744 0.176780 0.111063 0.193613 0.160356 0.137320 0.131371 0.115594 0.092904 0.068855 0.021965 0.022468 0.022484 0.021904 0.018287 0.029884 0.022332 0.034309 0.094093 0.140267 0.460563 0.082206 0.046119 0.026909
7.940466 9.018317 8.050524 7.056357 5.017154 6.016078 7.043030 7.029862 6.015757 4.980770 4.988941 4.997747 4.023382 0.657916 0.029391 0.029960 0.041389 0.045463 0.036537 0.021385 2.357334 1.263610 0.047287 0.036842 0.045281 0.038170 0.630315 0.596337 0.088845 0.041391 0.034981 0.038491 0.055154 0.051150 0.237602 0.254848 0.046273 0.063195 0.064003 0.094063 0.062722 0.078284 0.078420 0.131790 0.081216 0.079445 0.031746 0.044547 0.061806 0.058524 0.033349 0.061684 0.196236 0.155619 0.187916 0.185142 0.166727 0.054252 0.029288
7.995963 7.087103 5.116778 2.052148 1.010967 1.945053 4.915155 4.966448 3.958538 2.929052 3.921315 4.931854 3.896570 0.078529 0.026371 0.019600 0.028388 0.028388 0.019600 0.413383 1.324074 0.247994 0.050301 0.061729 0.030569 0.049842 0.176953 0.175118 0.099356 0.046791 0.035821 0.038841 0.044564 0.063560 0.149091 0.137797 0.065132 0.050865 0.048150 0.065957 0.072562 0.052214 0.047126 0.073860 0.055107 0.096139 0.108711 0.125694 0.044166 0.043266 0.075004 0.077873 0.077049 0.086723 0.052512 0.161401 0.167702 0.058477 0.038963
6.088225 5.119294 2.116483 0.032229 0.021255 1.097995 2.129362 0.902469 0.878927 0.848373 1.683137 2.724394 1.718125 0.147621 0.051187 0.035504 0.023903 0.023903 0.051704 1.437631 0.262276 0.069893 0.063453 0.039421 0.051200 0.032784 0.140602 0.176428 0.142112 0.035897 0.061012 0.069938 0.049400 0.054780 0.107720 0.081947 0.045647 0.038613 0.065299 0.069695 0.039513 0.061820 0.033013 0.049920 0.078086 0.112221 0.132683 0.144508 0.036583 0.036294 0.063027 0.118858 0.087868 0.057320 0.036720 0.044595 0.091758 0.027779 0.174965
5.084231 3.092010 1.040407 0.168926 0.176518 2.204754 3.144491 0.269288 0.025037 0.442116 0.440581 0.433055 1.328862 0.275930 0.037162 0.036278 0.031791 0.042900 0.052376 0.287177 0.117668 0.058769 0.054221 0.055321 0.038231 0.021233 0.037893 0.157387 0.280327 0.039649 0.072242 0.095056 0.043724 0.053963 0.104744 0.073432 0.039742 0.036842 0.054985 0.025185 0.032112 0.033500 0.036797 0.043114 0.052391 0.014396 0.112449 0.105339 0.026849 0.026771 0.078071 0.066262 0.027824 0.032173 0.029152 0.041558 0.055687 0.039177 0.245994
4.056189 2.052351 1.020737 0.155709 0.150266 2.098366 2.007367 0.368383 0.558390 0.510291 0.492631 1.532247 1.455200 0.422484 0.070095 0.060431 0.062904 0.070870 0.078895 0.062630 0.121019 0.052254 0.040778 0.046303 0.030326 0.020531 0.037864 0.032921 0.450553 0.529015 0.057349 0.103310 0.074348 0.108651 0.084588 0.031929 0.031579 0.017372 0.080299 0.024727 0.030586 0.026268 0.073071 0.072958 0.081887 0.031761 0.053428 0.112480 0.082253 0.040566 0.063408 0.070564 0.037697 0.014396 0.043144 0.041069 0.039925 0.038203 0.170525
1.876619 1.096469 0.079832 0.029152 0.029656 0.408645 1.377417 0.477295 1.659742 1.643220 2.592057 3.610456 3.597651 2.629895 1.570784 0.372370 0.074334 0.048339 0.032844 0.026801 0.140907 0.090722 0.059974 0.026664 0.041786 0.018440 0.029838 0.043281 0.421043 0.561637 0.074578 0.080956 0.095864 0.144295 0.128166 0.045646 0.039650 0.017372 0.057075 0.052711 0.049568 0.034187 0.073078 0.077517 0.064303 0.424904 0.037821 0.272224 1.123387 0.065269 0.059226 0.064064 0.048927 0.073555 0.052162 0.067375 0.043940 0.049811 0.125190
1.185702 1.178563 0.138522 0.042214 0.043830 0.454622 1.508052 1.531489 1.598585 2.639748 3.579641 5.601447 4.566413 2.611527 1.593961 0.445724 0.068824 0.043128 0.042518 0.054161 0.095529 0.151618 0.096138 0.108802 0.044762 0.022514 0.042106 0.051735 0.034570 0.557883 0.533654 0.135169 0.081139 0.126305 0.126168 0.059242 0.035209 0.027504 0.082625 0.057727 0.044797 0.566620 0.555800 1.576486 1.590163 1.546404 1.513687 2.458169 3.464321 2.482743 1.528898 0.042336 0.050163 0.021538 0.060966 0.066338 0.108899 0.147751 0.147926
1.225768 1.216908 0.173893 0.043143 0.048079 0.033105 1.494689 1.506048 2.645868 3.618746 4.574540 5.588776 4.565961 2.578895 1.552556 0.136754 0.036537 0.050148 0.054619 0.036339 0.031838 0.063638 0.093345 0.043205 0.059793 0.026313 0.018960 0.039787 0.465522 1.623144 0.515987 0.095787 0.034127 0.043221 0.054069 0.036111 0.036156 0.063534 0.553657 0.542346 1.627961 1.670187 1.657566 1.602607 0.515532 1.524817 2.497112 3.495892 4.483809 4.505931 2.475602 0.098294 0.054055 0.035256 0.032677 0.040351 0.044533 0.059334 0.065346
1.273155 1.263383 0.202776 0.029732 0.019309 0.035286 0.339725 1.483262 2.547146 4.587199 5.526824 4.576329 3.562910 0.485379 0.518393 0.256838 0.288953 0.042168 0.063027 0.048717 0.045448 0.042168 0.036339 0.039924 0.031624 0.019082 0.033272 0.033973 1.570017 0.572153 0.458734 0.040412 0.031089 0.023704 0.025536 0.064415 0.036415 0.051270 0.539250 1.652680 1.659556 1.673721 0.587660 0.069504 0.051840 1.529414 2.521603 4.501116 4.503967 3.526252 2.520307 0.087091 0.066384 0.045540 0.052391 0.034294 0.038018 0.085640 0.077538
2.418781 2.405659 0.274489 0.019310 0.014396 0.024361 0.036976 0.346435 1.384415 3.503705 4.547520 3.562329 2.542333 0.072413 0.137589 0.230247 0.230517 0.388873 0.302024 0.052787 0.047816 0.041801 0.031486 0.026618 0.039223 0.031761 0.036125 0.062782 0.540278 0.539374 0.042778 0.036949 0.040794 0.025536 0.035713 0.025536 0.070761 0.580139 0.572105 0.626469 0.604468 0.545626 0.063686 0.032677 0.030022 1.515167 2.527561 3.501612 3.499589 2.508498 0.342770 0.045723 0.037681 0.060753 0.062142 0.044868 0.056602 0.068001 0.054892
2.383466 2.365143 1.378438 0.036352 0.026848 0.023888 0.023155 0.153283 0.811048 1.351963 2.406745 1.507061 0.458174 0.073269 0.127542 0.182367 0.312355 0.399467 0.387080 0.191649 0.112010 0.034936 0.042107 0.024132 0.026618 0.039069 0.041618 0.042366 0.513466 0.537009 0.055503 0.038048 0.046379 0.070839 0.025536 0.023704 0.056389 0.610184 0.074446 0.144624 0.141500 0.114559 0.043373 0.055413 0.044868 0.063157 1.502407 3.506916 2.473184 0.334917 0.041023 0.045249 0.048424 0.067634 0.065957 0.047767 0.077454 0.056420 0.064049
2.410415 3.415153 1.340983 0.040556 0.026696 0.028069 0.248398 1.298290 1.162297 1.129696 0.250052 0.190251 0.044648 0.041496 0.064405 0.040047 0.264859 0.274240 0.292295 0.129203 0.193282 0.083680 0.037284 0.032142 0.023247 0.060523 0.041863 0.202675 0.323646 0.047814 0.072502 0.057091 0.032798 0.045419 0.035514 0.070518 0.042534 0.596877 0.022270 0.154266 0.175835 0.050760 0.074821 0.024910 0.024605 0.029029 0.038768 1.475212 2.478975 0.269414 0.047341 0.061439 0.053139 0.071258 0.065620 0.046532 0.041634 0.065696 0.063759
3.419452 3.410434 2.433519 0.420733 0.149095 0.233932 2.347051 2.369389 2.351664 1.249020 1.329937 0.224321 0.067495 0.059410 0.089863 0.044029 0.049508 0.055760 0.082676 0.094630 0.125992 0.129262 0.057045 0.037025 0.023858 0.061410 0.044167 0.405678 0.174475 0.042152 0.055763 0.041572 0.054420 0.043052 0.041554 0.039575 0.181258 0.034819 0.038704 0.052635 0.080956 0.082588 0.035728 0.031303 0.030251 0.030724 0.043596 0.269319 1.241153 1.158184 0.058431 0.020180 0.017372 0.017372 0.056908 0.036264 0.050376 0.040260 0.063300
3.417199 3.423183 2.418067 0.463271 0.177390 0.254233 2.322737 2.303584 2.313582 2.310005 2.338495 1.287707 0.085825 0.069856 0.055942 0.043587 0.051613 0.028871 0.017967 0.169278 0.180633 0.159099 0.045570 0.054518 0.021660 0.102363 0.132837 0.245140 0.191949 0.116234 0.057727 0.048484 0.051201 0.040917 0.066337 0.098153 0.113946 0.032341 0.039742 0.014396 0.120720 0.107997 0.049370 0.031364 0.025719 0.040163 0.033762 0.176014 1.197687 1.205761 0.127448 0.029945 0.040566 0.052345 0.027473 0.060158 0.042519 0.023538 0.027672
3.412395 3.424820 2.431297 0.450403 0.175178 0.241214 2.308871 1.319619 2.238096 2.228967 2.263986 1.254994 0.048168 0.056775 0.047946 0.064719 0.025704 0.017967 0.021034 0.176238 1.210598 1.198132 0.213644 0.037300 0.029793 0.122246 0.144819 0.216681 0.159784 0.163248 0.124321 0.042382 0.056491 0.031502 0.130883 0.071556 0.060157 0.068291 0.038185 0.066749 0.080062 0.028938 0.024147 0.030113 0.034386 0.055946 0.997567 0.978763 1.133399 1.128340 1.077210 0.034507 0.047172 0.038184 0.041100 0.041145 0.093208 0.023842 0.028145
3.389585 4.427405 3.438077 1.380408 0.148599 0.170818 1.129570 1.062286 1.030740 0.344190 1.204087 0.195344 0.078761 0.085231 0.058563 0.083489 0.025413 0.032921 0.028312 2.197463 3.175991 2.156983 0.234028 0.230309 0.027382 0.374086 0.462108 0.668070 0.710697 0.131874 1.154839 0.052253 0.054436 0.073959 0.113807 0.071756 0.060273 0.078927 0.057946 0.056344 0.043038 0.030785 0.023232 0.024452 0.067252 0.880586 2.044070 2.050511 2.084846 2.070596 1.088121 0.081573 0.101717 0.041893 0.054848 0.064720 0.076193 0.020424 0.046364
2.410780 4.405958 4.418497 1.395887 0.030220 0.029931 0.494127 0.582823 0.578019 0.523998 0.347281 0.097500 0.055875 0.111800 0.066493 0.098276 0.126142 0.153064 2.220251 3.218594 3.200386 2.129548 1.262564 1.272748 1.279930 1.147437 0.376050 0.024300 0.042366 0.090325 0.113502 0.083608 0.098273 0.129722 0.135872 0.150245 0.217262 0.096174 0.056450 0.062904 0.049217 0.046272 0.028160 0.028572 0.670778 0.784645 0.977007 1.053391 2.155152 2.106327 2.084753 1.072155 1.046372 0.938754 0.083031 0.110516 0.149222 0.036691 0.037070
