use_cases/Flooding_chicago/flooding_data/output/h_2820.asc
ncols 337
nrows 393
xllcorner 428428.000000
yllcorner 4602440.000000
cellsize 26.757400
NODATA_value -9999.000000
[rows 189 to 215 of 393, columns 118 to 176 of 337]
0.341073 1.313193 2.332125 0.034065 0.026954 0.026115 0.100109 0.598681 0.568816 0.528570 0.416095 0.161096 0.048262 0.036588 0.067041 0.088089 0.105038 0.146946 2.232909 2.211260 2.199306 1.213223 1.257091 1.270284 2.302186 1.296236 1.239243 1.255402 0.238533 0.250930 0.057030 0.273673 1.186798 0.237504 0.180658 0.092644 0.044457 0.087211 0.080131 0.052437 0.045204 0.033501 0.030739 0.038368 1.206367 0.468788 0.063292 0.099643 0.123628 1.141277 3.073400 3.120092 3.114733 3.114124 2.130188 1.131696 0.153740 0.035500 0.028557
0.026681 0.028801 0.178644 0.026299 0.021034 0.017967 0.158312 0.655752 0.638264 0.684098 0.440129 0.230658 0.035637 0.028166 0.035321 0.820748 0.828689 0.984899 2.191927 2.146206 1.096712 0.223526 1.288142 1.281267 2.313568 2.304554 2.288352 1.279494 2.279610 1.281538 1.277397 2.358953 2.302658 0.269928 0.176800 0.200401 0.032463 0.044713 0.392243 0.361271 0.372189 0.141992 0.276382 1.442664 1.431786 0.332425 0.035922 0.028252 0.017372 0.025703 3.150399 3.132112 4.090575 3.181740 2.129750 1.138321 0.122666 0.021736 0.049995
0.036083 0.046175 0.032418 0.025994 0.017967 0.137765 0.150295 0.109184 0.092631 1.008440 0.750727 0.536905 0.778257 0.782726 0.243216 1.276912 0.727488 0.968043 2.201187 2.172937 2.133558 1.197842 1.242244 1.255177 2.310856 2.307507 2.287992 1.283882 2.315805 2.290559 3.290763 2.344048 2.265341 0.284115 0.194706 0.290354 0.336116 1.543353 1.534808 2.516361 1.495094 0.481158 0.279295 1.484039 0.339072 0.269873 0.138916 0.026192 0.017372 0.025703 2.113803 2.103933 1.127781 1.177831 1.135535 0.117302 0.097650 0.048968 0.126166
2.471693 1.460990 0.366965 0.049767 0.053621 0.111321 0.134141 0.060468 0.077395 0.075287 1.035386 0.623695 0.784805 0.899581 1.157462 1.178322 0.521582 0.093642 2.197206 2.183184 2.149884 1.193604 0.188290 0.218936 1.324319 2.336105 2.318326 2.293303 2.302325 2.302436 3.283266 1.357715 1.335786 1.283437 0.157442 0.258494 0.361186 1.592697 2.609179 2.540612 1.508883 0.510565 0.511770 0.237150 0.714316 0.638540 0.569036 0.062952 0.026222 0.028511 0.788471 0.058352 0.081163 0.105983 0.091536 0.017372 0.058599 0.115636 0.139936
4.483024 3.478486 2.470710 1.480309 0.310322 0.073824 0.046365 0.084893 0.116616 0.035606 0.480693 0.590350 0.624594 0.316266 0.493359 0.500882 0.043702 0.021261 1.132873 1.121950 1.097415 0.141945 0.027184 0.027198 0.236032 1.322417 2.319812 2.307329 2.291680 2.286243 2.273499 0.356540 0.378429 1.302415 0.437535 0.573201 0.325956 1.556204 2.563999 1.531918 1.511490 0.052539 0.053457 0.031429 0.707780 1.639947 1.695815 0.557363 0.105467 0.172774 0.378567 -9999.000000 -9999.000000 -9999.000000 -9999.000000 0.017372 0.037679 0.082955 1.122442
4.486640 3.485790 2.474183 1.470184 0.341853 0.052178 0.028160 0.043297 0.065300 0.079152 0.065575 0.076264 0.076509 0.034198 0.043436 0.043044 0.025704 0.017372 0.262952 0.256492 0.205315 0.020180 0.017372 0.017372 0.031277 0.228305 1.299865 1.274551 2.304857 2.301481 1.287346 0.019570 0.028387 0.505349 0.491405 0.163840 0.266084 0.439997 0.419135 0.390543 0.060304 0.041696 0.039497 0.035408 0.697572 0.690524 1.717066 0.418541 -9999.000000 -9999.000000 -9999.000000 -9999.000000 -9999.000000 -9999.000000 -9999.000000 -9999.000000 -9999.000000 0.084303 0.069367
3.478099 2.477960 1.453365 0.493053 0.353111 0.045525 0.025062 0.014396 0.100883 0.109414 0.030617 0.040489 0.044672 0.050942 0.045964 0.041946 0.025704 0.017372 0.239348 1.249769 1.252133 0.244850 0.218222 0.027565 0.014396 0.020027 0.191528 1.232548 1.233698 1.237341 1.269714 0.254148 0.049665 0.094893 0.121331 0.117818 0.151201 0.045692 0.065853 0.041297 0.048271 0.041298 0.055901 0.043790 0.089867 0.051659 0.026711 -9999.000000 -9999.000000 -9999.000000 -9999.000000 -9999.000000 -9999.000000 -9999.000000 -9999.000000 -9999.000000 -9999.000000 -9999.000000 0.080673
1.471565 0.418754 0.027022 0.014396 0.072790 0.050758 0.082360 0.047722 0.091880 0.116424 0.040702 0.052465 0.014396 0.040169 0.209266 1.305866 0.268737 0.020180 1.264445 2.258229 2.236033 1.276626 0.235697 0.214424 0.220904 0.197130 1.119551 2.161328 2.173627 1.152766 0.258955 0.276198 0.267791 0.085414 0.134803 0.075467 0.081980 0.050083 0.039894 0.037667 0.046761 0.032463 0.036669 0.029792 0.025063 -9999.000000 -9999.000000 -9999.000000 -9999.000000 -9999.000000 -9999.000000 -9999.000000 -9999.000000 -9999.000000 -9999.000000 -9999.000000 -9999.000000 -9999.000000 -9999.000000
0.039099 0.499548 0.031345 0.031789 0.558191 0.122336 0.102074 0.154428 0.068305 0.028939 0.043907 0.041084 0.035663 0.029136 0.239249 1.314011 0.262938 0.093112 0.169072 1.252272 1.247241 0.022590 0.022590 0.263457 0.017652 0.168287 1.174267 2.222392 1.185176 1.170322 0.239801 1.333783 1.277800 0.337888 0.155988 0.192365 0.070398 0.046394 0.051053 0.051125 0.026115 0.052162 0.023567 0.022941 -9999.000000 -9999.000000 -9999.000000 -9999.000000 -9999.000000 -9999.000000 -9999.000000 -9999.000000 -9999.000000 -9999.000000 -9999.000000 -9999.000000 -9999.000000 -9999.000000 -9999.000000
0.045721 1.541408 1.544716 1.560417 1.506887 0.088752 0.059533 0.030830 0.023628 0.030387 0.028985 0.096917 0.132194 0.177083 0.215098 0.253746 0.216749 0.062829 0.021018 0.207176 0.205731 0.022590 0.022590 0.247230 0.019365 0.134143 1.137222 1.135921 1.151322 1.156496 1.125737 0.271208 1.291313 0.322196 0.164160 0.225373 0.177468 0.092772 0.064568 0.060157 0.054450 0.049812 0.027366 0.023507 -9999.000000 -9999.000000 -9999.000000 -9999.000000 -9999.000000 -9999.000000 -9999.000000 -9999.000000 -9999.000000 -9999.000000 -9999.000000 -9999.000000 -9999.000000 -9999.000000 -9999.000000
0.547013 1.552614 2.560608 2.568387 3.521126 0.053927 0.035713 0.029594 0.018471 0.046611 0.034400 0.282469 0.120081 0.159509 0.185280 0.217647 0.180510 0.036867 0.017372 0.026070 0.132125 0.090243 1.008161 0.979173 1.010491 0.990721 1.070457 1.090423 1.119696 1.133538 1.119222 0.204610 0.270139 0.090079 0.190605 0.244820 0.192620 0.088082 0.060096 0.054314 0.045860 0.043037 0.019309 -9999.000000 -9999.000000 -9999.000000 -9999.000000 -9999.000000 -9999.000000 -9999.000000 -9999.000000 -9999.000000 -9999.000000 -9999.000000 -9999.000000 -9999.000000 -9999.000000 -9999.000000 -9999.000000
2.536311 2.520967 2.543731 3.576487 3.489979 0.487923 0.046655 0.031960 0.027275 0.347390 0.326306 0.236207 0.087714 0.120301 0.110227 0.716199 0.691412 0.065668 0.017372 0.027642 0.072900 0.934093 2.010830 3.029965 3.018287 3.016446 1.988676 1.924974 1.092628 1.117220 1.133690 1.023381 0.267075 0.046241 0.021263 0.032418 0.044609 0.037942 0.041161 0.035633 0.036827 0.028099 0.026588 -9999.000000 -9999.000000 -9999.000000 -9999.000000 -9999.000000 -9999.000000 -9999.000000 -9999.000000 -9999.000000 -9999.000000 -9999.000000 -9999.000000 -9999.000000 -9999.000000 -9999.000000 -9999.000000
3.565455 3.554228 3.560427 3.567461 3.428067 0.567489 0.279048 0.106244 0.203573 0.313985 0.314851 0.033501 0.058908 0.703653 1.727885 1.752547 1.762040 1.739719 0.038332 0.069246 0.850830 2.010926 2.011176 3.049710 4.013932 3.037093 3.029630 2.984968 1.075117 1.069348 1.101623 1.014451 0.420029 0.536768 0.071335 0.096108 0.036729 0.036934 0.065499 0.038582 0.053947 0.029899 0.031822 -9999.000000 -9999.000000 -9999.000000 -9999.000000 -9999.000000 -9999.000000 -9999.000000 -9999.000000 -9999.000000 -9999.000000 -9999.000000 -9999.000000 -9999.000000 -9999.000000 -9999.000000 -9999.000000
3.564292 3.560560 3.563953 3.552993 3.412252 0.833151 1.295477 0.552145 0.206235 0.287884 0.306247 0.032236 0.664556 1.742077 2.763601 2.758426 2.766036 2.750588 0.578922 0.416003 0.703766 0.935545 0.971501 2.045513 3.009464 2.036340 3.059907 3.025541 2.967679 1.002591 0.078006 0.019508 0.584824 0.640466 1.698899 0.590647 0.066307 0.041511 0.062874 0.090217 0.053230 0.053932 0.024346 -9999.000000 -9999.000000 -9999.000000 -9999.000000 -9999.000000 -9999.000000 -9999.000000 -9999.000000 -9999.000000 -9999.000000 -9999.000000 -9999.000000 -9999.000000 -9999.000000 -9999.000000 -9999.000000
1.491292 1.498243 1.493907 1.464332 1.382882 0.279787 1.503472 1.641460 0.617929 0.256558 0.373094 0.372941 0.590806 1.756652 2.783479 2.763922 3.783332 3.766573 2.729399 1.523884 0.412105 0.049130 0.059114 1.030775 1.018100 1.022484 2.059531 3.038361 3.027868 1.999641 0.019783 0.028734 0.033349 0.680447 0.696406 0.699814 0.639510 0.136097 0.079567 0.065727 0.031594 0.066932 0.053764 0.014396 -9999.000000 -9999.000000 -9999.000000 -9999.000000 -9999.000000 -9999.000000 -9999.000000 -9999.000000 -9999.000000 -9999.000000 -9999.000000 -9999.000000 -9999.000000 -9999.000000 -9999.000000
0.567455 0.503774 0.059526 0.069689 0.034095 0.021323 0.675975 1.767477 1.579066 0.841785 0.313888 0.365725 0.544273 1.763642 1.756990 2.772448 3.771149 3.770174 3.769456 2.738062 0.655988 0.039414 0.063844 0.070405 0.064839 0.090419 1.017841 1.998506 3.015069 3.030148 0.167512 0.207356 0.057061 0.073319 0.080133 0.736601 0.664491 0.183617 0.052925 0.069450 0.025444 0.116097 0.109688 0.019310 -9999.000000 -9999.000000 -9999.000000 -9999.000000 -9999.000000 -9999.000000 -9999.000000 -9999.000000 -9999.000000 -9999.000000 -9999.000000 -9999.000000 -9999.000000 -9999.000000 -9999.000000
1.610913 0.439558 0.038648 0.030418 0.038795 0.020780 0.032723 0.736013 0.704992 0.974188 1.024719 0.270338 0.406196 0.567001 0.706258 0.720612 2.777375 3.770361 3.778369 2.765548 1.709374 0.074938 0.054629 0.028420 0.028251 0.113505 0.108799 1.980071 3.022413 1.968958 0.188522 0.217020 0.079979 0.114365 0.136116 0.147016 0.181359 0.267486 0.342432 0.357635 0.359231 0.076058 0.087593 0.075432 0.014396 -9999.000000 -9999.000000 -9999.000000 -9999.000000 -9999.000000 -9999.000000 -9999.000000 -9999.000000 -9999.000000 -9999.000000 -9999.000000 -9999.000000 -9999.000000 -9999.000000
1.712140 1.521672 0.899734 0.027321 0.020775 0.034035 0.026024 0.038048 0.101479 1.119630 1.108014 0.535240 0.580163 0.312864 0.024391 0.761128 0.760773 2.785409 2.803070 2.775239 1.746006 0.070668 0.046524 0.043190 0.018197 0.031196 0.075806 1.986447 3.016768 1.954968 0.162675 0.058801 0.103813 0.133400 0.157280 0.190782 0.216177 0.247140 0.312151 0.364982 0.396358 1.418185 1.407388 0.058815 0.019310 -9999.000000 -9999.000000 -9999.000000 -9999.000000 -9999.000000 -9999.000000 -9999.000000 -9999.000000 -9999.000000 -9999.000000 -9999.000000 -9999.000000 -9999.000000 -9999.000000
1.651145 1.361357 0.938293 0.252999 0.036338 0.026146 0.029426 0.024376 0.024773 0.049199 0.535442 0.598848 0.579875 0.228563 0.018913 0.749835 0.754946 0.793189 0.804543 0.794929 0.751603 0.070602 0.038734 0.051063 0.021615 0.040077 0.061040 1.981690 3.036906 2.011808 0.041726 0.076637 0.103690 0.124916 0.014396 0.202830 0.207145 0.027947 0.035057 0.029213 0.370867 1.420708 1.420051 0.033896 0.028297 -9999.000000 -9999.000000 -9999.000000 -9999.000000 -9999.000000 -9999.000000 -9999.000000 -9999.000000 -9999.000000 -9999.000000 -9999.000000 -9999.000000 -9999.000000 -9999.000000
0.379672 0.383991 1.367525 1.342262 0.059032 0.095587 0.095079 0.030029 0.014396 0.019309 0.609646 0.612321 0.602417 0.244507 0.400773 0.603821 0.700004 0.777288 0.795392 0.788703 0.770165 0.085640 0.116402 0.018090 0.021705 0.032860 0.041055 1.934914 1.983903 0.854984 0.037575 0.061516 0.086586 0.135963 0.160226 0.030204 0.038063 0.018241 0.021736 0.022332 0.041221 0.028969 0.299138 0.199246 -9999.000000 -9999.000000 -9999.000000 -9999.000000 -9999.000000 -9999.000000 -9999.000000 -9999.000000 -9999.000000 -9999.000000 -9999.000000 -9999.000000 -9999.000000 -9999.000000 -9999.000000
0.514851 0.504739 1.414436 1.341176 0.844910 0.903917 0.823532 0.107100 0.025109 0.027245 0.597759 0.593125 0.620799 0.624712 0.342191 0.501715 0.022682 0.829692 0.828461 1.828453 0.765171 0.122567 1.156356 0.026207 0.027215 0.069986 0.677900 1.922939 0.741087 0.533010 -9999.000000 -9999.000000 -9999.000000 0.025902 0.034247 0.042184 0.038338 0.040367 0.046013 0.021796 0.018104 0.034507 0.024788 0.019021 -9999.000000 -9999.000000 -9999.000000 -9999.000000 -9999.000000 -9999.000000 -9999.000000 -9999.000000 -9999.000000 -9999.000000 -9999.000000 -9999.000000 -9999.000000 -9999.000000 -9999.000000
0.487679 0.590310 0.629105 0.738366 2.011822 1.959053 0.846860 0.181283 0.231282 0.282169 1.446657 1.416092 0.568865 0.586272 0.247332 0.030281 0.041222 0.848596 1.864031 1.832850 0.745572 0.096281 0.037484 0.070533 0.072639 0.059321 0.674356 0.660075 0.481035 -9999.000000 -9999.000000 -9999.000000 -9999.000000 0.025123 0.031593 0.028541 0.099907 0.091498 0.094962 0.027382 0.027595 0.054940 0.037697 -9999.000000 -9999.000000 -9999.000000 -9999.000000 -9999.000000 -9999.000000 -9999.000000 -9999.000000 -9999.000000 -9999.000000 -9999.000000 -9999.000000 -9999.000000 -9999.000000 -9999.000000 -9999.000000
0.438283 0.654500 0.721832 1.917847 2.996741 2.949860 1.854137 0.182585 0.291175 1.358847 1.393550 0.511350 0.521834 0.064658 0.028190 0.040397 0.036992 0.861793 1.847780 0.747054 0.061498 0.027091 0.014396 0.092583 0.087441 0.069435 0.038155 0.366496 -9999.000000 -9999.000000 -9999.000000 -9999.000000 -9999.000000 -9999.000000 -9999.000000 -9999.000000 0.055794 0.074256 0.073646 0.042626 -9999.000000 -9999.000000 -9999.000000 -9999.000000 -9999.000000 -9999.000000 -9999.000000 -9999.000000 -9999.000000 -9999.000000 -9999.000000 -9999.000000 -9999.000000 -9999.000000 -9999.000000 -9999.000000 -9999.000000 -9999.000000 -9999.000000
0.024360 0.729669 0.704062 0.767231 1.974655 2.933004 1.935170 1.969674 1.179477 1.192937 0.291266 0.084956 0.024407 0.030006 0.031288 0.028176 0.913798 0.904812 0.046393 0.113914 0.122902 0.028572 0.043663 0.068871 0.062202 0.058342 0.034753 -9999.000000 -9999.000000 -9999.000000 -9999.000000 -9999.000000 -9999.000000 -9999.000000 -9999.000000 -9999.000000 -9999.000000 -9999.000000 -9999.000000 -9999.000000 -9999.000000 -9999.000000 -9999.000000 -9999.000000 -9999.000000 -9999.000000 -9999.000000 -9999.000000 -9999.000000 -9999.000000 -9999.000000 -9999.000000 -9999.000000 -9999.000000 -9999.000000 -9999.000000 -9999.000000 -9999.000000 -9999.000000
0.029778 0.037528 0.031899 0.048351 0.981090 1.839052 0.835358 0.864592 0.262713 0.372871 0.114984 0.151121 0.023231 0.024117 0.945494 0.950827 0.931517 1.938596 0.867872 0.143091 0.156787 0.181526 0.173347 0.035958 0.265888 0.032341 -9999.000000 -9999.000000 -9999.000000 -9999.000000 -9999.000000 -9999.000000 -9999.000000 -9999.000000 -9999.000000 -9999.000000 -9999.000000 -9999.000000 -9999.000000 -9999.000000 -9999.000000 -9999.000000 -9999.000000 -9999.000000 -9999.000000 -9999.000000 -9999.000000 -9999.000000 -9999.000000 -9999.000000 -9999.000000 -9999.000000 -9999.000000 -9999.000000 -9999.000000 -9999.000000 -9999.000000 -9999.000000 -9999.000000
0.041496 0.026498 0.028297 0.041024 0.937398 0.948561 0.312769 0.227291 0.092341 0.137199 1.230552 1.222619 0.207316 0.230598 0.024239 0.029488 0.922504 1.916908 0.864078 0.151620 0.170264 0.190682 0.207192 0.022286 0.253608 0.024727 -9999.000000 -9999.000000 -9999.000000 -9999.000000 -9999.000000 -9999.000000 -9999.000000 -9999.000000 -9999.000000 -9999.000000 -9999.000000 -9999.000000 -9999.000000 -9999.000000 -9999.000000 -9999.000000 -9999.000000 -9999.000000 -9999.000000 -9999.000000 -9999.000000 -9999.000000 -9999.000000 -9999.000000 -9999.000000 -9999.000000 -9999.000000 -9999.000000 -9999.000000 -9999.000000 -9999.000000 -9999.000000 -9999.000000
0.049049 0.035332 0.043236 0.029533 0.212113 0.836958 0.499965 0.090220 0.147686 0.180353 1.232319 1.223595 1.216287 0.219729 0.023171 0.023980 0.913941 0.907620 0.073234 0.145469 0.171395 0.191642 0.210443 0.183860 0.210380 0.019020 -9999.000000 -9999.000000 -9999.000000 -9999.000000 -9999.000000 -9999.000000 -9999.000000 -9999.000000 -9999.000000 -9999.000000 -9999.000000 -9999.000000 -9999.000000 -9999.000000 -9999.000000 -9999.000000 -9999.000000 -9999.000000 -9999.000000 -9999.000000 -9999.000000 -9999.000000 -9999.000000 -9999.000000 -9999.000000 -9999.000000 -9999.000000 -9999.000000 -9999.000000 -9999.000000 -9999.000000 -9999.000000 -9999.000000
