use_cases/Flooding_chicago/flooding_data/output/h_2880.asc
ncols 337
nrows 393
xllcorner 428428.000000
yllcorner 4602440.000000
cellsize 26.757400
NODATA_value -9999.000000
[rows 189 to 215 of 393, columns 177 to 235 of 337]
0.064904 0.052970 0.032051 0.034157 0.036674 0.171516 0.180523 1.073638 1.073442 2.112907 1.079146 0.048820 0.061135 0.033500 0.057839 0.019250 0.079796 0.030296 0.027931 0.055093 0.060865 0.024224 0.033806 0.422920 0.479471 0.479867 0.029976 0.030510 0.017372 0.081230 0.067200 0.025214 0.041328 0.045525 0.066978 0.055259 0.253076 0.284099 0.756822 1.869445 2.841731 3.876599 4.871638 2.856476 0.870784 0.029810 0.043718 0.044687 0.032527 0.033153 0.179442 0.523316 1.468285 2.478265 2.681236 0.590718 0.121702 0.049705 0.045434
0.045875 0.034630 0.050621 0.042625 0.205995 0.235472 0.221703 2.183891 2.194141 2.159379 1.018514 0.103188 0.046042 0.062844 0.019081 0.026878 0.086509 0.029777 0.023811 0.025383 0.043861 0.035454 0.050376 0.337729 1.506768 0.517054 0.508430 0.070224 0.064317 0.032082 0.036954 0.037110 0.062752 0.058067 0.086281 0.079735 0.237409 0.215573 0.813185 1.854368 2.836485 4.847250 5.848568 2.859437 0.874012 0.062551 0.585790 1.657029 1.745965 1.582981 1.378885 1.014515 1.626608 1.484274 1.584859 0.107167 0.038627 0.062233 0.062110
0.110195 0.058105 0.056878 0.115363 0.230253 0.261565 0.236527 2.104267 3.178391 2.163547 1.092688 0.134431 0.131936 0.059822 0.050132 0.025383 0.029351 0.035469 0.025459 0.017967 0.021034 0.026954 0.029594 0.346794 1.529582 1.517783 0.440820 0.079918 0.064278 0.050745 0.028756 0.027672 0.061139 0.059334 0.087180 0.082143 0.162381 0.823641 0.892306 1.833421 2.796530 3.802881 3.837699 2.843639 1.850327 1.839958 2.817789 3.848902 2.828440 1.516174 1.334682 1.992796 1.946321 0.780946 0.111146 0.040642 0.028130 0.017372 0.025703
0.099042 0.150757 0.287737 0.204025 0.246359 1.183047 1.198433 2.143796 3.167100 2.152359 0.080213 0.080948 0.075828 0.075981 0.034356 0.048958 0.034568 0.184807 0.049567 0.032402 0.017967 0.026116 0.029305 0.311538 0.445624 0.488214 0.040443 0.034538 0.037766 0.020409 0.018089 0.021660 0.033927 0.032035 0.040840 0.035652 0.095587 0.811942 1.897659 1.916364 0.890368 1.872490 2.802125 2.847723 2.867831 3.858655 3.849588 3.838307 2.843601 0.681607 0.516355 0.933479 0.859833 0.094979 0.054969 0.074031 0.026161 0.017372 0.025703
0.104172 0.052854 0.073132 0.047265 0.182021 2.183661 2.189644 2.151179 2.173868 3.169825 0.045601 0.077720 0.146082 0.101813 0.145913 0.025245 0.135439 0.111397 0.035454 0.030265 0.038368 0.031135 0.036689 0.224848 0.331061 0.030114 0.030587 0.046424 0.047339 0.053124 0.034065 0.021660 0.018089 0.020409 0.029280 0.023353 0.068191 0.832980 1.884917 1.907218 0.892326 1.878837 1.837202 2.830348 2.852899 3.851120 2.850866 2.847051 2.821069 0.758152 0.709891 0.670003 0.649931 0.048862 0.075373 0.104178 0.116278 0.030044 0.069193
0.093349 0.014396 0.053323 0.072671 0.182688 1.038624 1.169443 1.118139 2.169478 3.103708 0.106127 0.091620 0.073510 0.128273 0.151253 0.156274 0.134850 0.385031 0.040353 0.032280 0.031455 0.040031 0.036930 0.420724 0.174523 0.025063 0.014396 0.029915 0.077125 0.072563 0.034141 0.027199 0.026192 0.036158 0.029641 0.036811 0.064644 0.871083 0.905428 1.882210 1.927899 1.904414 0.811461 0.819131 1.838458 2.856194 2.833158 2.858424 2.850800 2.903887 2.905980 1.874587 0.785666 0.070318 0.059079 1.754558 1.829303 1.804921 1.725039
0.075204 0.098473 0.094445 0.064888 0.085458 0.048698 0.178910 0.174535 1.196297 3.143475 0.075045 0.051323 0.104470 0.148384 0.162010 0.026115 0.025643 0.303855 0.203437 0.144325 0.072134 0.097618 0.089989 0.326870 0.089286 0.039207 0.019310 0.037361 0.072946 0.078632 0.067589 0.032066 0.029778 0.048592 0.044060 0.060021 0.070183 0.875670 0.893536 0.922545 1.892727 1.914517 0.047463 0.067264 0.073151 0.833744 1.854021 2.858768 3.880063 4.911059 3.909336 3.918586 1.917613 0.900296 0.880460 2.724164 3.849255 3.880129 2.812277
0.073388 0.099295 0.093822 0.105508 0.063654 0.037438 0.036614 0.145655 1.186696 3.156058 0.046269 0.031899 0.018563 0.172004 0.176200 0.034752 0.033149 0.302070 0.229775 0.158806 0.173012 0.129632 0.126000 0.622047 0.084832 0.036735 0.028938 0.030011 0.117715 0.099831 0.108299 0.024696 0.051353 0.040820 0.045555 0.041359 0.051200 0.921805 0.020555 0.934708 0.942483 1.944238 0.053726 0.070827 0.071597 0.063180 0.831551 1.786386 2.845282 4.883287 4.906175 4.888073 3.957429 1.912603 1.895084 3.751981 4.819462 3.824483 2.794242
0.018959 0.026085 0.037728 0.121864 0.028740 0.019783 0.043571 0.139770 1.107189 3.098317 0.137734 0.047951 0.024162 0.031822 0.035850 0.043877 0.035393 0.033088 0.149986 0.125908 0.161509 0.117989 0.118997 0.595177 0.498988 0.044701 0.036599 0.059181 0.071984 0.150231 0.063331 0.037865 0.065423 0.044810 0.057518 0.045768 0.967573 0.971767 0.031770 0.948490 2.000199 3.010340 2.047027 2.010234 2.017090 0.957027 0.909297 0.914220 1.825918 3.844414 4.870835 5.883386 4.938438 3.926804 3.910842 3.842592 3.855268 1.844189 0.053268
-9999.000000 0.038567 0.042595 0.029961 0.049660 0.056907 0.062799 0.112579 0.237443 0.760155 0.173603 0.035834 0.043480 0.026756 0.033562 0.035408 0.027992 0.030754 0.101371 0.082573 0.115668 0.091834 0.095649 0.488120 0.431037 0.046673 0.049483 0.033805 0.074699 0.221548 0.221321 0.028892 0.063926 0.056969 0.071983 0.099497 0.943720 0.982220 1.026870 1.991619 1.987830 2.964085 4.008851 4.016135 4.001362 4.011191 2.974217 3.017564 1.899136 2.852886 3.824280 4.862807 4.914883 3.893715 3.888314 3.871837 1.808301 0.048549 0.023781
-9999.000000 0.048683 0.025246 0.027092 0.059689 0.061699 0.069193 0.219044 0.223473 0.127066 0.094628 0.054177 0.043541 0.032203 0.041618 0.035257 0.058236 0.053474 0.052910 0.102577 0.068565 0.066277 0.055763 0.281931 0.672194 0.074867 0.056068 0.034203 0.039909 0.172065 0.142831 0.069405 0.079780 0.055366 0.112076 0.126719 0.934460 1.982989 3.014038 3.017344 4.010339 4.018311 5.022733 4.008711 4.005588 4.966804 4.997173 4.015616 2.949762 2.917185 2.917083 3.836008 3.919686 2.902416 2.904197 2.915682 0.863076 0.055452 0.023018
-9999.000000 0.020455 0.031563 0.014396 0.028191 0.029732 0.065804 0.294060 0.328405 0.028114 0.026986 0.047920 0.094932 0.034919 0.045541 0.036126 0.063960 0.030901 0.083259 0.077562 0.057959 0.060371 0.061501 0.320688 0.438993 0.323098 0.051109 0.063065 0.085915 0.140253 0.126381 0.071113 0.087732 0.078734 1.029735 1.062592 1.010340 1.939620 3.972270 4.014954 4.989452 5.020728 5.010398 5.012723 5.006798 5.000548 5.965714 6.024169 5.008622 3.995120 2.934420 2.929990 2.935083 1.875032 1.865858 2.833806 1.876422 0.047847 0.028572
-9999.000000 -9999.000000 0.040444 0.021019 0.029808 0.040336 0.040901 0.162499 0.181161 0.042717 0.020438 0.049172 0.183221 0.183631 0.124430 0.196187 0.139615 0.040214 0.063210 0.063833 0.062676 0.068458 0.123379 0.605899 0.689605 0.168007 0.101149 0.083502 0.059517 0.162087 0.124377 0.971792 0.949013 2.068387 2.079340 2.067838 2.047883 2.947783 3.984364 4.012070 4.982973 5.011697 4.997372 5.004663 5.002182 4.998975 5.969141 6.015486 4.988459 3.977788 2.946162 2.929695 1.878845 0.933697 0.040158 0.579841 0.668507 0.595936 0.547250
-9999.000000 0.045433 0.035057 0.019889 0.075661 0.050225 0.054420 0.225592 0.269066 0.024788 0.031456 0.030357 0.031631 0.217980 0.186147 0.271645 0.205910 0.211434 0.215051 0.045784 0.063897 0.253337 0.190591 0.627393 0.616691 0.437517 0.282023 1.096232 1.041696 3.088216 3.137486 3.129742 3.120751 4.096019 4.155119 2.057887 2.034239 2.917354 3.960137 4.011288 4.972968 5.020403 3.996695 4.973516 5.003834 5.004838 5.001603 4.029695 2.985416 2.979208 2.969625 1.964769 0.065501 0.025870 0.027702 0.056253 0.034478 0.041979 0.414167
-9999.000000 0.081764 0.137948 0.034186 0.058373 0.044350 0.051994 0.269982 0.291544 0.024560 0.014396 0.025192 0.029809 0.266547 0.017372 0.031196 0.111918 0.639200 0.729225 0.619894 0.552971 0.396657 0.220163 0.565131 0.527504 0.432570 2.116071 2.179524 3.083302 4.107852 4.142769 4.141548 4.136108 4.109237 4.119985 4.156394 3.082532 3.017290 3.025169 3.959030 4.018014 4.024989 2.987618 2.999268 3.987695 4.007455 4.987326 4.030674 2.984585 2.992268 1.994857 0.949452 0.032951 0.033653 0.042274 0.036277 0.030129 0.045647 0.038338
-9999.000000 0.020637 0.195381 0.177452 0.041023 0.037238 0.040428 0.252314 1.351584 0.334396 0.019310 0.031120 0.182014 0.275643 0.017372 0.047142 0.062873 0.684106 0.787681 0.723644 0.609565 0.383469 0.507766 0.510971 1.162859 2.151007 2.232785 2.185958 3.000620 4.092825 4.137582 4.134839 4.133263 4.110221 4.112192 4.108161 4.130321 3.041184 3.017754 3.021251 4.006932 3.065064 2.017059 2.014869 2.966024 3.994320 4.968106 4.033977 1.962493 1.951170 1.962976 0.031577 0.033623 0.027808 0.036050 0.038105 0.014396 0.026848 0.026696
0.020637 0.033470 0.024895 0.197960 0.028388 0.027215 0.287650 1.319375 1.336542 0.267752 0.147361 0.225760 1.245539 0.234795 0.162665 0.078728 0.296331 0.690668 0.808190 0.024712 0.023476 0.187094 0.334752 1.299341 1.310780 3.230581 2.255824 2.177244 2.158762 3.102025 3.148475 3.140316 3.141140 3.126977 3.120554 3.088857 3.071867 3.048781 2.012631 2.011715 3.018782 4.056143 2.010147 2.001678 2.003764 2.008673 2.999617 3.015913 0.038866 0.039615 0.027232 0.193022 0.043737 0.061782 0.081431 0.038703 0.024361 0.023888 0.028069
0.033622 0.024895 0.023460 0.117821 0.067071 0.040703 0.291418 1.312679 0.281242 0.019310 0.106392 0.251045 0.249015 1.217247 0.124903 0.103522 0.355814 0.350625 0.014396 0.032539 0.025139 0.094461 1.344011 1.352589 2.299248 2.297103 2.279286 1.154747 1.146519 2.094406 2.129612 2.144970 3.128998 3.130937 3.137987 2.108356 2.076340 0.967147 0.953135 0.982576 2.984613 4.012054 2.002729 0.981453 0.981940 0.971968 0.962943 0.036445 0.021034 0.017967 0.027251 0.143816 0.997714 0.977522 1.098016 0.102795 0.049607 0.022224 0.050925
0.064307 0.058083 0.061286 0.465786 0.449471 0.359353 0.335047 0.024544 0.020989 0.014396 0.021005 0.019569 0.190514 0.183205 0.244711 0.406607 0.259180 0.154841 0.189614 0.108040 1.378953 1.436237 2.382284 2.396256 2.342475 2.356709 1.310448 0.219950 0.173673 1.158139 1.166821 2.137503 3.145275 4.149502 4.157288 3.158452 1.124918 0.133679 0.124029 0.937415 2.004652 2.975289 1.998866 0.972438 0.971360 0.949148 0.933521 0.906563 0.017967 0.028872 0.135521 1.195458 3.199619 3.201776 1.175929 0.159302 0.049945 0.057137 0.051399
0.047142 0.019295 0.078027 0.049232 0.032279 0.331506 0.331626 0.025352 0.033348 0.025826 0.035957 0.059944 0.204017 0.186011 0.245032 0.414332 0.300529 0.165018 0.190913 1.295394 2.346430 2.384346 2.365521 2.367950 2.318612 2.333431 0.307277 0.017372 0.017372 1.152871 1.167556 1.164838 2.127093 3.142318 4.155813 4.158359 2.151263 1.157314 0.143125 0.947380 2.021038 2.033217 0.947623 0.961481 0.951558 0.931557 0.929367 0.922267 0.021825 0.292398 1.161627 2.219058 4.217126 3.244733 1.192757 0.177159 0.045478 0.059669 0.037590
-9999.000000 0.027672 0.027152 0.017372 0.038323 0.244255 1.285531 1.317878 0.173242 0.190086 1.157341 0.091193 0.250069 0.199164 0.305077 0.166038 0.201684 0.400459 0.246484 1.261141 2.148206 2.216393 2.174265 2.209903 1.238466 1.314302 1.323566 0.267264 0.219245 1.140974 1.171814 1.169230 1.158780 2.119332 4.136432 5.148209 4.155693 2.142430 0.156280 0.126487 2.055362 2.048213 0.067513 0.020210 0.057140 0.850441 0.903836 0.764587 0.531048 0.450349 1.144611 2.231025 4.221584 3.282326 1.220761 0.196117 0.037804 0.041754 0.070365
-9999.000000 0.019294 0.055519 0.017372 0.037284 0.205025 1.296252 1.320019 0.182532 0.253424 0.168008 0.377847 0.323602 0.267004 0.172537 0.097604 0.178154 0.090247 0.151253 0.179623 0.562259 0.564749 0.525444 0.481787 0.393996 1.295038 1.297286 1.292274 1.236602 1.144085 1.146934 1.154995 1.156982 1.157676 2.163640 4.132954 4.142542 2.145042 1.189091 0.178335 2.004756 2.042141 0.077193 0.030983 0.032494 0.101925 0.058191 0.681838 0.528422 0.467018 0.336407 2.164949 3.228521 2.269047 1.222309 0.196198 0.027443 0.028664 0.769560
-9999.000000 -9999.000000 0.052299 0.025063 0.026360 0.183663 0.025490 0.027001 0.115441 0.195136 0.128961 0.375723 0.346579 0.293710 0.216895 0.110146 0.177803 0.090751 0.093282 0.337368 0.346311 0.334237 0.336525 0.309412 0.215144 1.211088 1.256550 1.258034 0.241816 0.217958 0.184272 0.184021 1.138266 1.141746 2.157039 3.158743 3.145005 2.130098 1.182713 1.273330 1.114627 2.059767 0.083286 0.031258 0.053200 0.041618 0.083443 0.042763 0.347308 1.161191 1.257111 1.236623 2.192624 2.260671 1.105271 1.001192 0.995036 0.971968 1.783045
-9999.000000 -9999.000000 -9999.000000 0.099985 0.147359 0.105460 0.032616 0.039803 0.028724 0.120458 0.406852 0.395760 0.363198 0.306523 0.208749 0.225557 0.175361 0.223213 0.568155 0.499268 0.467854 0.446498 0.460126 0.441189 0.319526 0.333881 0.249469 0.245191 0.136541 0.144812 0.097007 0.208866 1.116303 2.140461 3.171279 3.167257 2.143832 1.177191 1.183587 1.221377 1.124411 1.029885 1.032819 0.153747 0.049949 0.052910 0.034387 0.034983 2.252307 2.298267 1.245297 1.214957 1.186187 1.161661 1.933461 3.055246 2.023128 1.994239 2.893346
-9999.000000 -9999.000000 -9999.000000 0.102882 0.138023 0.077785 0.027016 0.034049 0.033821 0.040306 0.036431 0.260977 0.310949 0.311227 0.026512 0.137323 0.188668 0.250283 0.158455 0.437532 0.427759 0.427501 1.522688 1.595148 1.473611 0.241372 0.160500 0.144417 0.207496 0.187490 0.124994 0.168900 1.107438 2.136259 3.093836 3.130021 1.140912 1.144901 1.143083 1.204756 1.111896 0.037101 0.027535 0.035958 0.038551 0.030036 0.045601 0.273688 1.179924 1.175889 1.246546 0.276698 0.152536 1.031436 1.960776 2.041300 2.910862 2.977461 2.932922
-9999.000000 -9999.000000 -9999.000000 -9999.000000 0.020103 0.014396 0.130425 0.105094 0.035362 0.020133 0.028756 0.032829 0.086129 0.031030 0.055020 0.112052 0.274392 0.036231 0.081818 0.059975 0.044670 0.033622 0.593789 1.619258 0.473853 0.115992 0.069451 0.076101 0.172295 0.136422 0.096427 0.057182 0.022759 0.033789 0.826686 0.898264 0.122119 0.150629 0.119517 0.994794 0.872628 0.021020 0.033638 0.019081 0.026314 0.022514 0.018440 0.176260 0.180773 0.081712 0.203543 0.322516 0.962690 2.068100 1.992867 2.018692 2.000774 1.977093 2.889743
-9999.000000 -9999.000000 -9999.000000 -9999.000000 -9999.000000 0.044167 0.079963 0.067239 0.027794 0.017372 0.017372 0.019798 0.048712 0.068015 0.044624 0.062950 0.076317 0.082985 0.058647 0.042839 0.023781 0.049065 0.593968 1.647087 0.514613 0.119956 0.092796 0.107597 0.235622 0.185096 0.119912 0.027046 0.031166 0.040856 0.631266 0.083108 0.129967 0.148155 0.125511 0.716688 0.713806 0.890569 0.916626 0.105965 0.018959 0.129555 0.090873 0.183098 0.163612 0.028892 0.056877 0.372376 0.744551 1.742565 0.725200 0.761758 0.767523 0.828278 1.807572
