use_cases/Flooding_chicago/flooding_data/output/h_2880.asc
ncols 337
nrows 393
xllcorner 428428.000000
yllcorner 4602440.000000
cellsize 26.757400
NODATA_value -9999.000000
[rows 243 to 269 of 393, columns 59 to 117 of 337]
1.288648 2.285276 3.287362 4.289915 4.285735 3.281664 1.276850 0.315260 0.318700 1.329916 2.318706 2.325416 2.325253 2.324211 2.324219 2.322638 4.337578 6.336941 7.331521 7.330225 7.328892 6.332309 6.332263 6.326589 5.330860 6.332738 6.291711 4.337519 3.337186 2.334357 2.355732 3.382041 3.365065 2.372300 2.375020 4.372691 5.343389 4.310871 4.324159 2.271822 0.294356 0.032878 0.801263 1.797334 2.820012 3.797387 3.803878 2.801010 0.805878 1.834632 3.830342 4.831294 4.825131 4.813174 2.825251 2.826790 1.839884 1.828208 0.732919
2.294593 3.288913 4.291122 5.294185 5.287164 4.275725 2.288526 1.312335 1.310712 3.321227 3.315678 3.310627 2.322265 2.321348 2.321770 3.327281 6.336308 7.329551 7.325623 6.328238 6.325424 5.328918 5.331031 5.330423 5.319911 4.328947 4.329916 4.323482 3.313163 1.350158 2.387288 3.397261 3.394481 3.442771 3.459213 5.382609 4.302814 4.251150 2.197313 1.241869 0.314924 0.034913 0.025998 0.787290 1.827959 2.813019 2.814370 1.789874 0.066553 0.808523 2.840817 3.834789 2.833960 1.837885 1.821925 1.851131 1.828695 0.743604 0.045422
2.297202 4.292529 5.292198 6.293509 5.289108 4.284562 3.264033 2.313057 2.313541 4.330829 4.315883 3.318219 2.322105 2.320704 3.324965 4.324483 7.337312 7.330761 7.325615 6.323092 5.328945 5.325005 4.323593 4.320008 3.329654 3.327267 3.327582 3.343547 3.337724 2.347130 2.353951 3.348365 3.328137 3.327229 3.314324 4.267744 3.239608 2.197462 1.370174 1.372582 1.439529 0.618959 0.645296 0.728677 0.763173 1.803372 1.791826 0.763259 0.064891 0.067209 1.822280 2.840828 2.841735 1.837660 0.849263 0.860970 1.845785 0.737829 0.036391
3.291324 5.292148 6.288686 5.293060 5.288386 4.274129 2.292350 2.311538 3.323847 3.323537 3.311724 2.319988 2.320499 2.319394 3.327548 5.332561 6.334847 6.330482 6.328351 6.324500 5.326481 4.312594 2.337769 2.333031 3.327542 2.323768 2.324614 3.352672 3.340537 2.335526 2.343440 2.289052 2.239977 2.230944 2.376388 3.387713 2.348841 1.209810 1.300597 1.319236 1.491868 1.545045 0.656846 0.726301 0.754695 1.783106 0.783906 0.768822 0.051285 0.063532 0.811744 1.826811 2.831985 3.829933 0.840399 0.851420 1.836409 0.805832 0.818270
3.295902 5.292171 5.288134 4.289833 4.286870 3.250507 1.302421 2.324043 2.318827 2.321135 2.321897 3.317139 2.320638 3.321369 4.323222 4.322769 5.333597 5.328772 5.326603 5.323423 4.323880 3.316948 2.334104 2.329426 2.320601 1.330591 1.301088 3.336615 3.343105 2.340959 2.307467 1.370480 1.411541 1.431238 2.467160 3.433169 2.334821 0.536019 0.530452 0.558683 1.654878 3.740430 2.624486 0.752652 0.766488 1.793184 0.790680 0.787239 1.807868 1.795813 2.817953 3.803099 4.822745 4.813315 2.802042 1.824680 1.822778 1.793847 0.816503
2.293292 4.291402 4.288116 2.293682 2.286195 1.295991 1.299451 2.322110 2.317280 2.318688 3.325444 4.320115 4.310397 4.313672 4.320838 4.322230 4.325097 4.324931 4.320707 3.324546 4.326066 3.315564 2.332653 2.326584 1.322881 1.313287 0.375692 1.252902 3.319465 2.293935 1.243438 1.269659 1.413363 1.462152 2.505832 3.335516 2.408804 1.619237 0.602970 0.627978 1.688820 4.748158 3.674447 2.715873 1.630459 0.789269 0.789909 0.792420 2.837308 2.824857 3.828468 3.822248 4.830936 4.824393 3.816550 2.839476 2.821033 1.799540 0.725569
2.293992 4.294151 3.283280 1.292544 1.290956 1.294999 1.298730 2.322237 2.317277 3.324105 4.325173 5.320225 5.316449 5.312860 4.321517 4.322896 4.325459 4.321783 3.324577 3.324164 3.325068 3.320733 3.327978 2.325779 1.316947 0.307584 0.395477 0.390791 2.242146 1.087145 0.461756 0.489931 1.582063 2.693094 3.671148 2.572675 2.578523 2.659266 1.700748 1.715662 1.685343 4.731620 3.643378 2.725577 2.687694 1.792229 1.797452 2.833585 2.821279 2.818174 2.818823 2.814545 3.819746 2.807612 3.823831 4.833640 3.804285 1.764854 0.134439
2.295905 3.293183 3.288033 1.292317 1.289988 1.294806 1.299108 1.309106 2.322960 2.320381 4.328542 5.323328 5.322164 5.320129 4.324243 4.325522 4.324958 5.323433 4.322252 3.322789 2.323154 2.320251 2.316184 2.321933 0.270369 0.025688 0.490458 0.485536 1.461636 0.512386 0.524959 0.554578 1.613922 2.643519 3.616434 2.596775 2.607163 2.654234 2.632695 1.684940 1.686667 2.715767 2.664613 1.719840 1.712307 2.809213 2.789298 2.805616 2.810926 2.798244 1.807583 1.796741 0.738640 0.051520 2.822375 3.826673 2.833493 0.776386 0.088890
1.291156 2.289504 3.289471 2.276696 1.283530 1.289144 0.289523 0.295304 1.319644 1.321758 2.319282 4.322099 4.320529 4.321708 3.317984 3.319548 4.322114 5.318815 5.324788 4.324499 3.326494 2.320769 1.258589 0.226629 0.040610 0.052609 0.561857 1.616556 2.582369 1.618516 1.621052 1.652596 1.625943 2.655813 3.635557 3.611069 2.628589 2.644698 1.675947 1.682034 1.680193 1.662889 1.635876 0.700416 0.701814 1.800263 1.803688 2.833338 2.826091 2.814098 1.813434 0.746041 0.025703 0.017372 0.684256 0.640898 0.693648 0.034035 0.022591
0.257549 1.271973 2.288139 2.286130 1.275186 0.281148 0.282054 0.284517 0.279779 0.304786 1.323343 2.319297 3.316806 3.317641 3.320375 3.322913 3.327446 4.327921 4.324972 3.324984 2.326735 1.316913 0.027245 0.031151 0.067679 0.050667 0.564953 1.596789 2.529140 2.550611 1.591241 1.604405 1.628335 2.663488 3.644454 2.651261 2.666548 3.750113 3.755622 2.734323 1.692940 0.724866 0.710193 0.035526 0.046291 0.815113 1.831224 2.836896 2.835094 2.827963 1.828982 0.763837 0.025703 0.017372 0.046180 0.017372 0.046899 0.054192 0.022591
0.247621 1.265360 1.267017 1.269755 1.267377 0.274528 0.274895 0.275139 0.014396 0.294599 2.323374 3.317026 3.323489 3.324567 3.321508 4.321145 4.327247 4.326885 3.324243 3.324258 2.317723 0.215061 0.020180 0.032234 0.064914 0.414027 1.570230 1.584788 1.544029 1.586088 1.571874 1.562184 2.745416 3.748261 3.687869 3.732096 2.689867 3.722420 3.718135 2.713578 2.689138 0.725291 0.701420 0.028288 0.036772 0.819323 2.845555 2.835855 2.836571 2.833078 2.838484 0.796084 0.083454 0.073529 0.036842 0.017372 0.041129 0.033790 0.230756
1.182020 1.234349 1.249523 1.254894 1.255955 1.239774 1.232557 1.234740 0.249506 2.323426 4.320282 3.320414 2.310749 2.321844 4.313566 5.182160 4.324287 3.316216 2.305200 2.300439 1.128066 0.050294 0.017372 0.048866 0.073433 0.371259 1.530776 1.555834 0.451702 0.482107 0.526643 0.596816 2.715974 3.718447 3.701289 3.715581 3.749740 3.730157 3.726524 2.714917 1.683767 0.754799 0.752359 1.819562 1.802679 1.811896 2.835286 2.825952 2.827092 2.823957 2.827025 2.841904 1.808265 0.777497 0.026803 0.028084 0.066355 0.924934 0.144324
2.206329 2.198323 1.253946 1.262412 2.280084 2.264697 2.260649 2.263143 2.269189 4.318004 3.296022 2.301618 2.289684 1.293689 3.318634 4.321099 3.309186 0.193733 0.044725 0.050024 0.071596 0.050896 0.017372 0.041419 0.051428 0.048546 0.393088 0.042763 0.027794 0.027794 0.042186 0.608784 2.729818 3.730286 3.719069 3.729623 3.732579 3.738571 3.732171 2.715014 1.750595 2.812169 1.793296 1.807939 1.800515 1.806019 2.829829 2.818569 2.818412 2.814291 2.827422 2.815930 1.826242 0.806636 0.062726 0.040870 1.889444 1.888543 0.865277
3.152165 2.227765 2.253808 2.265574 3.280933 3.264133 3.260013 4.276196 4.265462 4.281847 3.280281 2.298635 2.279524 1.290242 1.279751 0.192217 0.049574 0.034782 0.045433 0.028605 0.042320 0.076973 0.107627 0.077889 0.043129 0.041801 0.097195 0.021782 0.022591 0.022591 0.048996 0.645483 2.745345 4.782377 3.744544 3.752851 3.755125 4.795931 5.804002 4.779025 2.799477 2.802324 2.787311 1.812577 1.804427 1.803975 1.812424 1.826377 1.829101 1.826528 2.822978 2.820320 1.819108 0.014396 0.051637 0.879184 1.931092 1.930618 1.909829
3.178411 2.221296 3.271605 3.272444 3.265887 3.263577 3.265167 4.282775 5.226902 4.277936 3.241217 2.301716 2.279422 1.259133 0.212167 0.044424 0.038917 0.034239 0.032413 0.020775 0.033968 0.040966 0.093589 0.083092 0.045326 0.055305 0.039085 0.126182 0.022591 0.022591 0.054023 1.739076 2.747760 4.715671 3.748430 3.758215 4.784431 5.762520 6.763395 5.770719 4.749063 2.794902 2.773792 1.788641 0.777739 0.768733 0.739109 1.828516 1.832236 1.831726 1.835451 2.833860 1.827201 0.800990 0.038877 0.913786 0.914336 1.917440 1.909039
3.199963 3.179235 1.234984 3.268749 3.265810 3.257290 2.259736 3.260766 5.244855 3.257928 1.120045 2.309430 2.238673 1.076489 0.165245 0.057106 0.049125 0.030922 0.018089 0.021660 0.030205 0.034935 0.042030 0.047385 0.064995 0.046333 0.039712 0.794006 0.047276 0.023628 0.066927 1.681150 2.727048 3.631265 3.694333 3.712756 4.737169 4.758951 5.733209 5.709544 3.696667 2.788518 2.751933 1.777090 0.741649 0.052222 0.046298 0.862544 1.870031 2.867943 2.860555 2.840023 2.885387 2.895021 2.880934 2.884040 2.879249 2.874443 1.882275
3.193533 3.186705 0.200001 1.172321 2.225825 1.230347 1.234061 2.196461 4.235361 1.072559 0.047666 0.028714 0.246723 0.251229 0.219130 0.035394 0.037765 0.026970 0.033593 0.021660 0.018089 0.025505 0.029672 0.075035 0.149575 0.128030 0.178687 0.842215 0.929426 0.028876 0.755369 2.745873 2.767967 2.769985 2.761502 2.775257 3.731185 4.739594 3.768022 3.749904 2.796337 2.782472 1.804109 1.785637 0.712158 0.050251 0.014396 0.854695 1.849259 1.836251 1.802279 1.810313 2.880825 3.911650 3.895704 3.896543 3.886300 2.885058 1.869676
1.143074 1.144752 0.048943 0.050807 0.085562 0.214236 0.178770 0.903361 1.978727 0.045722 0.036290 0.025984 0.028511 0.437172 0.394219 0.042427 0.027260 0.019173 0.110466 0.036308 0.025414 0.023826 0.035010 0.039702 0.126442 0.117501 0.157813 0.810483 0.906659 1.809166 1.838162 2.738767 3.823105 3.816557 2.779576 2.788484 2.755792 2.754110 2.756794 2.748230 2.798884 2.801541 2.807096 1.809544 1.812721 0.786870 0.038349 0.855750 1.856493 0.831806 0.066757 0.881286 1.906849 3.917762 3.902680 2.910519 3.907881 2.900395 1.880027
0.156716 0.169212 0.091713 0.068641 0.084024 0.218682 0.066874 0.086555 0.083785 0.045662 0.028872 0.017967 0.027702 0.398879 0.406018 0.031716 0.032524 0.056984 0.085442 0.052788 0.045265 0.031502 0.032311 0.032235 0.041068 0.068946 0.120328 0.822931 0.903466 0.865984 1.756232 2.765410 3.803536 2.788210 2.742541 2.769272 1.760818 1.801899 1.804106 1.794875 2.831207 2.813022 2.814912 2.822141 1.814604 1.811774 0.818060 1.877803 1.844965 0.821602 0.069023 0.882387 1.902957 3.909622 3.900699 2.905224 2.903582 2.897514 0.922692
0.192510 0.206758 0.114173 0.120782 0.170952 0.162375 0.084085 0.080008 0.082544 0.053719 0.017967 0.021034 0.034508 0.557382 0.566796 0.030128 0.046974 0.061440 0.038933 0.067024 0.043358 0.070397 0.025077 0.032341 0.030357 0.042397 0.721015 1.941139 0.921411 0.900336 1.773619 3.806891 3.838935 2.813363 1.685481 1.717732 0.740058 1.793807 1.801993 1.794304 2.836934 2.814649 2.814200 2.796224 1.822574 1.827215 2.887353 2.851507 1.827352 0.856123 0.872052 0.876958 1.899068 3.903568 3.896025 3.894936 2.896664 2.889571 0.910033
0.236777 0.188774 0.056771 0.110024 0.152701 0.156319 0.087075 0.140404 0.066979 0.109231 0.150607 0.148140 0.689324 1.730723 1.748529 0.702366 0.149544 0.186952 0.188469 0.138251 0.162502 0.182274 0.122994 0.080485 0.041481 0.074035 1.840873 2.906708 1.896263 2.907684 2.893536 3.779047 3.806792 3.855366 0.818055 0.819500 0.037368 0.778153 1.805768 1.797661 2.821817 2.795317 2.792452 2.823903 2.862413 2.861637 2.872153 2.864083 2.852254 1.886438 1.888623 1.886593 1.893751 2.909365 2.897206 2.897106 2.889251 1.899609 1.892462
0.244857 0.037437 0.029657 0.027243 0.039436 0.256231 0.126809 0.174080 0.073663 0.122429 0.151313 0.144524 0.655023 1.669591 1.676993 0.641977 0.174916 0.182335 0.147241 0.110856 0.139946 0.115227 0.146736 0.098993 0.055744 0.732191 3.885441 2.905252 2.900464 2.891733 2.823812 2.738229 2.725742 2.746422 0.813062 0.795419 0.034450 0.057505 0.707166 1.755459 1.747086 1.804052 1.813712 2.855753 3.871587 2.854011 2.861317 2.846176 2.823439 1.867687 1.846195 0.882611 1.884146 1.885866 1.867102 0.874145 0.874707 0.872903 0.914091
0.185036 0.030662 0.028389 0.021598 0.037178 0.098764 0.167367 0.154762 0.030586 0.040978 0.136892 0.133309 0.619396 0.617881 0.547390 0.137525 0.167915 0.034844 0.022316 0.032677 0.032708 0.131051 0.201271 0.193948 0.823193 1.941911 3.784625 3.929483 2.907571 2.920297 1.901311 1.875474 1.869440 0.794677 0.806699 0.858275 0.940581 0.044551 0.044244 0.046733 0.852428 1.792698 1.804066 2.837706 3.855763 3.825666 1.881578 1.872302 1.868571 1.849419 0.897533 0.901693 0.913903 0.899514 0.056738 0.072650 0.075719 0.071655 0.944729
0.226448 0.032144 0.032555 0.035621 0.035362 0.045826 0.149132 0.048682 0.022362 0.079308 0.047798 0.160606 0.168237 0.274469 0.215250 0.092994 0.087350 0.030602 0.024453 0.014396 0.027672 0.029533 0.191521 0.685721 1.896100 1.915611 1.912843 4.958380 4.930202 3.962306 2.973900 1.900697 1.883457 0.031363 0.031948 0.848751 0.895546 0.051805 0.017372 0.017372 0.865926 0.864118 0.856144 1.805341 2.842300 2.789353 1.881199 1.877524 1.882056 1.890118 1.944790 1.956805 1.946665 0.897647 0.069125 0.074573 0.074251 0.057620 0.943299
0.255302 0.280708 0.072625 0.045783 0.059716 0.037528 0.063748 0.071052 0.039040 0.046455 0.038552 0.054009 0.038084 0.438881 0.104424 0.166037 0.144439 0.036872 0.024468 0.029671 0.019722 0.026619 0.302070 0.294384 0.897957 0.043260 0.826006 4.939282 4.907621 3.890960 2.949652 2.972671 2.953145 0.930793 0.054451 0.047617 0.999413 0.055365 0.058557 0.047558 0.871122 0.881488 0.845810 0.884353 1.882205 1.894775 1.905038 2.936878 2.924835 2.928589 2.959022 3.998574 3.973487 1.961246 0.952993 0.943799 0.955147 0.956448 0.943743
0.124397 0.141029 0.085628 0.055275 0.081246 0.028755 0.032448 0.029946 0.020012 0.070915 0.065041 0.041558 0.058373 0.473760 0.154901 0.214745 0.192268 0.030190 0.024239 0.040246 0.032692 0.258050 0.449556 0.438682 0.030967 0.033073 0.062729 2.899286 3.902731 2.938979 2.944227 2.902572 2.917410 1.877275 0.070947 0.087612 1.058349 1.080476 0.041763 0.914315 0.909891 0.889277 0.061366 0.882071 0.885421 1.925183 2.943922 2.913904 2.915690 2.915817 3.970749 3.957183 3.916255 1.958257 1.975803 1.968799 1.979474 1.967695 0.931081
0.040414 0.123680 0.059104 0.056572 0.029030 0.041222 0.033943 0.026603 0.064659 0.071729 0.022591 0.022591 0.036949 0.136405 0.222328 1.285577 1.276039 0.231880 0.020547 0.070991 0.096138 0.323326 0.256241 0.154188 0.032417 0.034695 0.053519 0.054554 0.857276 2.973812 2.959314 1.969955 2.967339 1.892946 1.066001 1.111845 1.045659 1.035390 0.983418 0.956647 0.924338 0.106657 0.141436 0.118384 0.880714 1.904449 2.915638 2.905166 2.903275 2.901595 3.945422 3.918820 2.938990 1.966015 1.974960 1.969847 1.976992 1.959609 0.972088
