use_cases/Flooding_chicago/flooding_data/output/h_2820.asc
ncols 337
nrows 393
xllcorner 428428.000000
yllcorner 4602440.000000
cellsize 26.757400
NODATA_value -9999.000000
[rows 324 to 350 of 393, columns 0 to 58 of 337]
-9999.000000 -9999.000000 -9999.000000 -9999.000000 -9999.000000 -9999.000000 -9999.000000 -9999.000000 -9999.000000 -9999.000000 -9999.000000 -9999.000000 -9999.000000 -9999.000000 -9999.000000 -9999.000000 -9999.000000 -9999.000000 -9999.000000 -9999.000000 -9999.000000 -9999.000000 -9999.000000 -9999.000000 -9999.000000 0.041069 0.051841 0.053993 0.062920 0.035896 0.042473 0.213850 0.050087 0.036613 0.021904 0.046959 0.032875 0.027444 0.039680 0.067452 1.625271 2.661380 2.662867 2.654635 3.670902 3.684164 3.679052 2.653776 2.652104 3.659381 2.661005 3.659220 3.657914 5.645015 6.654933 5.658758 3.654618 3.653099 3.650845
-9999.000000 -9999.000000 -9999.000000 -9999.000000 -9999.000000 -9999.000000 -9999.000000 -9999.000000 -9999.000000 -9999.000000 -9999.000000 -9999.000000 -9999.000000 -9999.000000 -9999.000000 -9999.000000 -9999.000000 -9999.000000 -9999.000000 -9999.000000 -9999.000000 -9999.000000 -9999.000000 -9999.000000 0.030891 0.039604 0.038592 0.030723 0.057579 0.067787 0.202786 1.292185 0.244762 0.040336 0.041936 0.041375 0.229665 0.044075 0.042747 0.083317 1.616563 2.659826 1.658193 2.650666 2.666085 2.669559 2.665156 2.653298 2.651297 3.650877 4.660530 3.657482 3.653609 3.651601 4.654518 4.657938 3.654405 3.651484 3.655886
-9999.000000 -9999.000000 -9999.000000 -9999.000000 -9999.000000 -9999.000000 -9999.000000 -9999.000000 -9999.000000 -9999.000000 -9999.000000 -9999.000000 -9999.000000 -9999.000000 -9999.000000 -9999.000000 -9999.000000 -9999.000000 -9999.000000 -9999.000000 -9999.000000 -9999.000000 -9999.000000 -9999.000000 0.019401 0.027748 0.024514 0.044548 0.051308 0.077797 1.275132 2.281533 2.300860 2.307268 1.212106 1.213357 2.283756 0.038003 0.017372 0.083825 1.607799 2.647295 1.654456 1.650948 2.664654 2.670016 3.656388 2.653995 2.651170 3.646397 4.650076 3.656966 2.655994 1.643392 1.648541 2.650139 1.636162 1.631064 1.636342
-9999.000000 -9999.000000 -9999.000000 -9999.000000 -9999.000000 -9999.000000 -9999.000000 -9999.000000 -9999.000000 -9999.000000 -9999.000000 -9999.000000 -9999.000000 -9999.000000 -9999.000000 -9999.000000 -9999.000000 -9999.000000 -9999.000000 -9999.000000 -9999.000000 -9999.000000 -9999.000000 -9999.000000 -9999.000000 0.024422 0.027748 0.047280 0.055852 0.075781 1.285433 1.305997 2.311114 2.317739 2.306612 2.307373 2.307197 0.028526 0.017372 0.114761 1.596227 1.645920 1.659495 1.652831 2.663533 3.660723 4.661497 3.662376 3.653828 3.643085 3.657256 2.656863 1.655318 0.650899 0.636813 0.640240 0.040629 0.044400 0.574790
-9999.000000 -9999.000000 -9999.000000 -9999.000000 -9999.000000 -9999.000000 -9999.000000 -9999.000000 -9999.000000 -9999.000000 -9999.000000 -9999.000000 -9999.000000 -9999.000000 -9999.000000 -9999.000000 -9999.000000 -9999.000000 -9999.000000 -9999.000000 -9999.000000 -9999.000000 -9999.000000 -9999.000000 -9999.000000 -9999.000000 0.019401 0.040337 0.027412 0.033309 0.213714 0.289125 1.319766 1.324592 2.334027 2.338104 2.322708 0.241035 0.238366 0.179584 0.614443 0.566655 0.628106 1.648305 2.659991 3.666156 4.659727 3.657771 2.634880 1.658855 2.660530 1.662831 0.662778 0.661250 0.058786 0.087585 0.028068 0.039131 0.036507
-9999.000000 -9999.000000 -9999.000000 -9999.000000 -9999.000000 -9999.000000 -9999.000000 -9999.000000 -9999.000000 -9999.000000 -9999.000000 -9999.000000 -9999.000000 -9999.000000 -9999.000000 -9999.000000 -9999.000000 -9999.000000 -9999.000000 -9999.000000 -9999.000000 -9999.000000 -9999.000000 -9999.000000 -9999.000000 -9999.000000 -9999.000000 -9999.000000 0.024575 0.027885 0.038734 0.273850 0.307178 0.298480 1.324112 1.331297 1.297561 1.279325 0.274538 0.270273 0.020866 0.039508 0.576374 1.650761 1.683096 2.669884 3.676663 2.677231 1.665618 1.665362 2.665542 2.668754 1.670343 0.649719 0.061727 0.098116 0.031913 0.054345 0.062768
-9999.000000 -9999.000000 -9999.000000 -9999.000000 -9999.000000 -9999.000000 -9999.000000 -9999.000000 -9999.000000 -9999.000000 -9999.000000 -9999.000000 -9999.000000 -9999.000000 -9999.000000 -9999.000000 -9999.000000 -9999.000000 -9999.000000 -9999.000000 -9999.000000 -9999.000000 -9999.000000 -9999.000000 -9999.000000 -9999.000000 -9999.000000 -9999.000000 -9999.000000 0.017372 0.029396 0.022178 0.281072 0.017967 0.021034 0.267409 0.265687 1.255231 0.269197 0.271247 0.033119 0.028023 0.636137 0.644783 0.660034 1.676206 2.660275 2.669583 1.662389 2.663708 2.663173 2.665956 2.665047 1.662451 0.624063 0.122345 0.136837 0.050576 0.028190
-9999.000000 -9999.000000 -9999.000000 -9999.000000 -9999.000000 -9999.000000 -9999.000000 -9999.000000 -9999.000000 -9999.000000 -9999.000000 -9999.000000 -9999.000000 -9999.000000 -9999.000000 -9999.000000 -9999.000000 -9999.000000 -9999.000000 -9999.000000 -9999.000000 -9999.000000 -9999.000000 -9999.000000 -9999.000000 -9999.000000 -9999.000000 -9999.000000 -9999.000000 0.017372 0.032052 0.148654 0.232228 0.222732 0.017967 0.225781 1.237078 1.245415 1.256580 0.027675 0.017372 0.038750 0.039172 0.645376 0.670741 1.664191 2.663082 2.667191 2.667970 2.663408 3.663496 2.665901 1.669010 0.663206 0.630002 0.072324 0.042916 0.061424 0.034554
-9999.000000 -9999.000000 -9999.000000 -9999.000000 -9999.000000 -9999.000000 -9999.000000 -9999.000000 -9999.000000 -9999.000000 -9999.000000 -9999.000000 -9999.000000 -9999.000000 -9999.000000 -9999.000000 -9999.000000 -9999.000000 -9999.000000 -9999.000000 -9999.000000 -9999.000000 -9999.000000 -9999.000000 -9999.000000 -9999.000000 -9999.000000 -9999.000000 -9999.000000 0.026756 0.025337 0.163915 0.187689 0.187440 0.169813 0.209049 1.250758 1.235858 0.193123 0.035057 0.017372 0.035387 0.057284 0.048409 0.036496 0.688749 2.627138 2.664137 2.659633 2.662754 3.667937 1.671290 0.658701 0.652001 0.635259 0.626193 0.042131 0.059119 0.034235
-9999.000000 -9999.000000 -9999.000000 -9999.000000 -9999.000000 -9999.000000 -9999.000000 -9999.000000 -9999.000000 -9999.000000 -9999.000000 -9999.000000 -9999.000000 -9999.000000 -9999.000000 -9999.000000 -9999.000000 -9999.000000 -9999.000000 -9999.000000 -9999.000000 -9999.000000 -9999.000000 -9999.000000 -9999.000000 -9999.000000 -9999.000000 -9999.000000 -9999.000000 -9999.000000 0.022730 0.121476 0.666331 0.678750 0.733822 0.149990 0.194647 1.210732 0.170163 0.027183 0.032646 0.027306 0.048698 0.040718 0.029694 0.697799 0.667663 0.676407 0.672044 2.653842 1.655327 1.666365 0.659097 0.653440 0.637460 0.619755 0.050914 0.039937 0.026176
-9999.000000 -9999.000000 -9999.000000 -9999.000000 -9999.000000 -9999.000000 -9999.000000 -9999.000000 -9999.000000 -9999.000000 -9999.000000 -9999.000000 -9999.000000 -9999.000000 -9999.000000 -9999.000000 -9999.000000 -9999.000000 -9999.000000 -9999.000000 -9999.000000 -9999.000000 -9999.000000 -9999.000000 -9999.000000 -9999.000000 -9999.000000 -9999.000000 -9999.000000 -9999.000000 0.378785 1.694433 2.685005 1.546190 0.722473 0.137029 0.163008 1.176397 1.145468 1.155048 0.157527 0.124149 0.854596 0.866983 0.867669 0.842123 0.034351 0.642799 0.639126 1.652338 1.648527 1.656496 0.651256 0.640418 0.617270 0.559472 0.504410 0.523932 0.029045
-9999.000000 -9999.000000 -9999.000000 -9999.000000 -9999.000000 -9999.000000 -9999.000000 -9999.000000 -9999.000000 -9999.000000 -9999.000000 -9999.000000 -9999.000000 -9999.000000 -9999.000000 -9999.000000 -9999.000000 -9999.000000 -9999.000000 -9999.000000 -9999.000000 -9999.000000 -9999.000000 -9999.000000 -9999.000000 -9999.000000 -9999.000000 -9999.000000 -9999.000000 -9999.000000 1.196784 2.693227 2.584578 1.395273 0.900005 1.085489 1.110178 1.156014 1.144446 1.141384 0.189644 0.140874 0.844102 0.857252 0.851696 0.812574 0.048859 0.054122 0.058514 0.640834 1.666455 1.665464 1.677588 0.657797 0.025333 0.468163 0.475809 1.404667 0.353857
-9999.000000 -9999.000000 -9999.000000 -9999.000000 -9999.000000 -9999.000000 -9999.000000 -9999.000000 -9999.000000 -9999.000000 -9999.000000 -9999.000000 -9999.000000 -9999.000000 -9999.000000 -9999.000000 -9999.000000 -9999.000000 -9999.000000 -9999.000000 -9999.000000 -9999.000000 -9999.000000 -9999.000000 -9999.000000 -9999.000000 -9999.000000 -9999.000000 -9999.000000 -9999.000000 0.036155 0.030998 0.580349 0.661400 0.930180 1.076973 1.121059 1.178120 1.131914 0.204221 0.219606 0.191724 0.118057 0.804234 0.772069 0.060021 0.043984 0.024284 0.023399 0.049983 0.565268 1.661662 1.683922 0.665918 0.034005 0.448885 1.455830 1.463522 1.449578
-9999.000000 -9999.000000 -9999.000000 -9999.000000 -9999.000000 -9999.000000 -9999.000000 -9999.000000 -9999.000000 -9999.000000 -9999.000000 -9999.000000 -9999.000000 -9999.000000 -9999.000000 -9999.000000 -9999.000000 -9999.000000 -9999.000000 -9999.000000 -9999.000000 -9999.000000 -9999.000000 -9999.000000 -9999.000000 -9999.000000 -9999.000000 -9999.000000 -9999.000000 -9999.000000 0.014396 0.032982 0.032915 0.054790 0.841677 0.985905 0.973026 0.197801 0.231500 0.252790 0.257499 0.232364 0.150278 0.107361 0.038795 0.038933 0.040016 0.014396 0.024284 0.060302 0.046448 0.652673 0.652512 0.028931 0.032459 0.443323 1.446795 1.465604 2.454606
-9999.000000 -9999.000000 -9999.000000 -9999.000000 -9999.000000 -9999.000000 -9999.000000 -9999.000000 -9999.000000 -9999.000000 -9999.000000 -9999.000000 -9999.000000 -9999.000000 -9999.000000 -9999.000000 -9999.000000 -9999.000000 -9999.000000 -9999.000000 -9999.000000 -9999.000000 -9999.000000 -9999.000000 -9999.000000 -9999.000000 -9999.000000 -9999.000000 -9999.000000 -9999.000000 -9999.000000 0.017372 0.026162 0.038002 0.331195 0.505882 0.341161 0.229612 0.222802 0.236036 0.248814 0.235870 0.031884 0.041755 0.025597 0.069299 0.038246 0.049080 0.033607 0.066938 0.408665 0.028970 0.044851 0.043251 0.029521 0.448110 0.387886 0.447374 1.463353
-9999.000000 -9999.000000 -9999.000000 -9999.000000 -9999.000000 -9999.000000 -9999.000000 -9999.000000 -9999.000000 -9999.000000 -9999.000000 -9999.000000 -9999.000000 -9999.000000 -9999.000000 -9999.000000 -9999.000000 -9999.000000 -9999.000000 -9999.000000 -9999.000000 -9999.000000 -9999.000000 -9999.000000 -9999.000000 -9999.000000 -9999.000000 -9999.000000 -9999.000000 -9999.000000 -9999.000000 0.017372 0.028145 0.021920 0.142905 0.848678 0.220222 0.022209 0.073548 0.105861 0.157467 0.140277 0.025704 0.017372 0.051430 0.033715 0.065665 0.185813 0.182921 0.110500 0.392991 0.397606 0.036369 0.035317 0.109340 0.026765 0.034132 0.030089 0.424119
-9999.000000 -9999.000000 -9999.000000 -9999.000000 -9999.000000 -9999.000000 -9999.000000 -9999.000000 -9999.000000 -9999.000000 -9999.000000 -9999.000000 -9999.000000 -9999.000000 -9999.000000 -9999.000000 -9999.000000 -9999.000000 -9999.000000 -9999.000000 -9999.000000 -9999.000000 -9999.000000 -9999.000000 -9999.000000 -9999.000000 -9999.000000 -9999.000000 -9999.000000 -9999.000000 -9999.000000 0.020180 0.040892 0.357268 1.251682 1.105046 0.344170 0.023857 0.026084 0.120299 0.168259 0.155350 0.025704 0.017372 0.054741 0.041878 0.066353 0.189559 0.216714 0.124708 0.382653 0.393686 0.031364 0.027204 0.839618 0.031548 0.014396 0.046013 0.030189
-9999.000000 -9999.000000 -9999.000000 -9999.000000 -9999.000000 -9999.000000 -9999.000000 -9999.000000 -9999.000000 -9999.000000 -9999.000000 -9999.000000 -9999.000000 -9999.000000 -9999.000000 -9999.000000 -9999.000000 -9999.000000 -9999.000000 -9999.000000 -9999.000000 -9999.000000 -9999.000000 -9999.000000 -9999.000000 -9999.000000 -9999.000000 -9999.000000 -9999.000000 -9999.000000 -9999.000000 0.281583 0.380218 0.384434 1.185489 0.979329 0.359325 0.025749 0.036904 0.021415 0.267575 0.273628 0.334761 0.335789 0.034325 0.043617 0.031014 0.047584 0.024284 0.074013 0.322386 0.356836 0.020439 0.068609 0.904514 0.026772 0.033989 0.036934 0.032616
-9999.000000 -9999.000000 -9999.000000 -9999.000000 -9999.000000 -9999.000000 -9999.000000 -9999.000000 -9999.000000 -9999.000000 -9999.000000 -9999.000000 -9999.000000 -9999.000000 -9999.000000 -9999.000000 -9999.000000 -9999.000000 -9999.000000 -9999.000000 -9999.000000 -9999.000000 -9999.000000 -9999.000000 -9999.000000 -9999.000000 -9999.000000 -9999.000000 -9999.000000 -9999.000000 -9999.000000 1.390579 1.009016 0.484769 0.456043 0.055380 0.491098 0.176406 1.253169 1.239288 0.270376 0.292758 0.329550 0.332715 0.314840 0.031044 0.040916 0.028710 0.079513 0.068764 0.243483 0.241582 0.163729 0.088243 0.909306 0.051979 0.067115 0.075645 0.066841
-9999.000000 -9999.000000 -9999.000000 -9999.000000 -9999.000000 -9999.000000 -9999.000000 -9999.000000 -9999.000000 -9999.000000 -9999.000000 -9999.000000 -9999.000000 -9999.000000 -9999.000000 -9999.000000 -9999.000000 -9999.000000 -9999.000000 -9999.000000 -9999.000000 -9999.000000 -9999.000000 -9999.000000 -9999.000000 -9999.000000 -9999.000000 -9999.000000 -9999.000000 -9999.000000 -9999.000000 1.155993 1.055176 0.619515 0.585840 0.130676 0.188895 1.263359 3.267946 2.234329 0.280331 0.309505 1.372733 1.367652 1.352938 0.311803 0.035225 0.033149 0.032905 0.062797 0.153182 0.999642 1.084364 1.026489 0.963175 0.042229 0.055046 0.043785 -9999.000000
-9999.000000 -9999.000000 -9999.000000 -9999.000000 -9999.000000 -9999.000000 -9999.000000 -9999.000000 -9999.000000 -9999.000000 -9999.000000 -9999.000000 -9999.000000 -9999.000000 -9999.000000 -9999.000000 -9999.000000 -9999.000000 -9999.000000 -9999.000000 -9999.000000 -9999.000000 -9999.000000 -9999.000000 -9999.000000 -9999.000000 -9999.000000 -9999.000000 -9999.000000 0.022087 0.233121 1.266068 1.568233 1.850555 1.746871 0.184950 1.297843 3.250849 4.271666 2.254490 1.237595 0.313211 1.354651 1.347894 1.350241 0.301441 0.032845 0.032220 0.034859 0.024025 0.136979 1.034977 1.100557 0.058362 0.600992 0.023369 -9999.000000 -9999.000000 -9999.000000
-9999.000000 -9999.000000 -9999.000000 -9999.000000 -9999.000000 -9999.000000 -9999.000000 -9999.000000 -9999.000000 -9999.000000 -9999.000000 -9999.000000 -9999.000000 -9999.000000 -9999.000000 -9999.000000 -9999.000000 -9999.000000 -9999.000000 -9999.000000 -9999.000000 -9999.000000 -9999.000000 -9999.000000 -9999.000000 -9999.000000 0.047752 0.027794 0.014396 0.021065 0.021797 0.880159 1.908368 1.929825 1.878527 2.210649 2.200315 2.184368 1.222029 1.138133 0.222663 0.020851 0.243112 0.252061 0.305744 0.302881 0.025475 0.025291 0.092822 0.087333 0.184991 0.166167 0.155558 0.014396 -9999.000000 -9999.000000 -9999.000000 -9999.000000 -9999.000000
-9999.000000 -9999.000000 -9999.000000 -9999.000000 -9999.000000 -9999.000000 -9999.000000 -9999.000000 -9999.000000 -9999.000000 -9999.000000 -9999.000000 -9999.000000 -9999.000000 -9999.000000 -9999.000000 -9999.000000 -9999.000000 -9999.000000 -9999.000000 -9999.000000 -9999.000000 -9999.000000 -9999.000000 0.025550 0.023552 0.049004 0.014396 0.029884 0.274320 0.944082 0.986241 1.854275 1.816970 1.049410 2.247227 2.241970 2.221402 1.201059 0.283617 0.271353 0.033165 0.041176 0.052376 0.064262 0.244015 0.216086 0.135241 0.126313 0.106225 0.192342 0.165251 0.014396 -9999.000000 -9999.000000 -9999.000000 -9999.000000 -9999.000000 -9999.000000
-9999.000000 -9999.000000 -9999.000000 -9999.000000 -9999.000000 -9999.000000 -9999.000000 -9999.000000 -9999.000000 -9999.000000 -9999.000000 -9999.000000 -9999.000000 -9999.000000 -9999.000000 -9999.000000 -9999.000000 -9999.000000 -9999.000000 -9999.000000 -9999.000000 -9999.000000 0.021507 0.019310 0.014396 0.024330 0.040489 0.036247 0.037330 1.357016 0.275432 0.837684 0.767549 0.986302 1.124305 2.258739 2.256150 2.232374 2.277506 1.317014 1.296222 0.030678 0.029350 0.031075 0.125938 0.072059 0.043343 0.104105 0.098570 0.143017 0.088778 -9999.000000 -9999.000000 -9999.000000 -9999.000000 -9999.000000 -9999.000000 -9999.000000 -9999.000000
-9999.000000 -9999.000000 -9999.000000 -9999.000000 -9999.000000 -9999.000000 -9999.000000 -9999.000000 -9999.000000 -9999.000000 -9999.000000 -9999.000000 -9999.000000 -9999.000000 -9999.000000 -9999.000000 -9999.000000 -9999.000000 -9999.000000 -9999.000000 -9999.000000 -9999.000000 0.449819 0.029228 0.039211 0.030739 0.076302 0.046791 0.516278 0.485627 0.440369 0.283779 0.224211 2.166434 2.265342 2.250094 2.226186 1.281437 2.266999 2.303625 1.290688 0.286561 0.018806 0.050606 0.153770 0.021781 0.055108 0.032753 0.032693 0.030295 0.022865 -9999.000000 -9999.000000 -9999.000000 -9999.000000 -9999.000000 -9999.000000 -9999.000000 -9999.000000
-9999.000000 -9999.000000 -9999.000000 -9999.000000 -9999.000000 -9999.000000 -9999.000000 -9999.000000 -9999.000000 -9999.000000 -9999.000000 -9999.000000 -9999.000000 -9999.000000 -9999.000000 -9999.000000 -9999.000000 -9999.000000 -9999.000000 -9999.000000 -9999.000000 0.027703 1.684399 1.684445 1.675540 1.664352 1.652333 1.684092 1.689673 0.598000 0.590525 0.109989 0.114999 0.917569 2.072162 2.183776 1.265491 1.293759 1.306228 2.295921 1.316462 0.256703 0.023934 0.080528 0.050651 0.036369 0.048789 0.031394 0.033608 -9999.000000 -9999.000000 -9999.000000 -9999.000000 -9999.000000 -9999.000000 -9999.000000 -9999.000000 -9999.000000 -9999.000000
-9999.000000 -9999.000000 -9999.000000 -9999.000000 -9999.000000 -9999.000000 -9999.000000 -9999.000000 -9999.000000 -9999.000000 -9999.000000 -9999.000000 -9999.000000 -9999.000000 -9999.000000 -9999.000000 -9999.000000 -9999.000000 -9999.000000 -9999.000000 0.021858 0.035454 1.630644 2.671992 2.676646 2.648193 1.679094 1.690290 1.686103 1.666646 0.623668 0.199638 0.197780 0.295484 1.174799 1.279112 1.309463 1.327111 1.282118 1.289206 1.302544 0.052849 0.032143 0.035682 0.029274 0.032570 -9999.000000 -9999.000000 -9999.000000 -9999.000000 -9999.000000 -9999.000000 -9999.000000 -9999.000000 -9999.000000 -9999.000000 -9999.000000 -9999.000000 -9999.000000
