use_cases/Flooding_chicago/flooding_data/output/h_2880.asc
ncols 337
nrows 393
xllcorner 428428.000000
yllcorner 4602440.000000
cellsize 26.757400
NODATA_value -9999.000000
[rows 81 to 107 of 393, columns 236 to 294 of 337]
5.651566 5.651525 3.689343 2.693447 0.043479 0.039345 0.033347 0.044381 0.051246 0.059120 0.025550 0.023705 0.049874 0.045083 0.081902 0.077155 0.073036 0.029839 0.026740 0.040878 0.696664 0.744468 0.783790 0.027186 0.029706 0.051799 0.046111 0.054111 0.050036 0.022148 0.043432 0.518747 1.605476 2.353646 2.526638 2.564425 3.857543 4.907100 4.863463 3.616277 2.751093 0.669227 0.044851 0.043585 0.062297 0.092536 0.117014 0.123745 0.114034 0.083012 0.630152 1.599840 1.442941 1.333140 1.100418 0.265840 0.143482 0.082869 0.048952
3.647480 3.650615 2.673475 1.623871 0.445713 0.060876 0.027427 0.018472 0.022667 0.025245 0.035728 0.025550 0.041069 0.042518 0.064138 0.059424 0.053932 0.021934 0.018135 0.020424 0.791758 0.858178 0.905545 0.020511 0.028601 0.026361 0.019187 0.063808 0.021660 0.018089 0.028984 0.613005 1.663639 1.613024 2.701423 3.813075 5.927545 5.879696 5.883880 5.869594 4.936683 3.937187 0.870068 0.032131 0.018439 0.023460 0.130765 0.128979 0.110264 0.677259 1.786937 2.740912 2.758482 1.617854 0.587378 0.507694 0.044531 0.050027 0.038152
1.575686 1.576148 1.590560 1.587102 0.442967 0.047570 0.041161 0.031272 0.047157 0.057305 0.025307 0.109550 0.063348 0.076033 0.039451 0.027839 0.024117 0.023048 0.035967 0.152075 2.116725 2.208097 2.212181 1.009188 0.811432 0.698300 0.729411 0.018089 0.021660 0.079928 0.040160 0.624181 1.597969 2.714996 3.808386 4.850525 6.879731 6.883899 6.888135 7.940411 7.983854 5.952254 2.940672 0.911424 0.052280 0.029992 0.030754 0.024726 0.075310 0.676583 2.810369 3.805044 3.823000 1.698952 1.764528 0.516794 0.065033 0.036750 0.036965
1.531881 1.525346 2.390794 2.391032 2.384728 1.438014 1.456331 0.043764 0.039051 0.054558 0.023353 0.021996 0.049538 0.053960 0.101652 0.085711 0.046943 0.225437 0.209345 2.226227 3.191015 3.278451 2.177007 0.880237 1.337499 1.481423 0.522267 0.297874 0.189903 0.100464 0.167661 0.107924 0.647105 1.732250 3.787196 6.883368 5.874976 6.868567 7.885095 8.888371 8.888865 6.890487 2.886863 0.901414 0.889332 0.025535 0.030083 0.024528 0.064837 0.681035 2.776075 3.783464 3.793571 3.837146 2.809700 0.051043 0.039588 0.064430 0.023445
1.443285 2.435081 3.466971 3.469497 4.421747 3.459379 2.483953 0.377870 0.050102 0.068256 0.030922 0.018150 0.034614 0.042330 0.065055 0.216338 1.304186 2.309097 2.318013 3.245502 4.240912 4.313827 3.281015 0.847268 1.429843 1.524058 0.393274 0.419212 0.296667 0.211800 0.173430 0.128975 0.648587 2.764954 4.800272 6.807269 5.868456 6.814256 7.796985 8.812870 7.835832 5.817288 1.912946 0.903561 0.901626 0.900792 0.899255 0.900825 0.882020 2.798424 2.810546 3.737999 3.757147 3.779421 2.780236 0.058008 0.027794 0.022591 0.022591
2.437671 3.481494 3.518968 4.434929 5.440824 5.470547 3.492052 1.460229 1.431761 1.453481 0.037762 0.028575 0.039717 0.030510 0.040197 1.300345 1.309887 2.272618 4.254097 4.290586 5.259963 4.283530 3.207762 0.119259 0.350576 0.890006 1.173022 1.458342 1.308044 1.662122 1.857774 1.873424 2.816683 3.830690 4.802104 5.831133 5.874680 5.867132 5.866824 6.808599 5.891480 4.928610 1.925971 0.908129 0.898394 1.878245 1.893952 1.900217 1.900821 2.759102 3.821631 2.801554 2.748034 2.705593 1.790918 0.062514 0.027794 0.022591 0.022591
2.484680 3.502059 2.495974 4.493207 5.444137 5.481184 4.486677 3.466472 3.466511 3.497213 1.324351 0.284121 0.288132 0.306250 1.334588 2.314333 2.347491 2.327404 4.278154 4.305220 5.258140 4.362703 0.243777 0.153014 0.389862 0.747918 1.311873 1.555841 1.386604 1.608071 2.848916 4.884268 3.932780 3.881916 4.755506 4.794984 4.863040 4.883821 4.845207 4.830667 4.859649 4.919714 1.926856 1.954692 1.909519 2.889842 2.900335 2.904463 2.903436 2.838849 2.836555 2.838669 1.723645 0.816423 1.760772 0.074603 0.039604 0.037621 0.029930
3.505053 2.498737 2.498640 2.490738 4.407485 5.462880 4.485044 3.459680 3.459588 4.445063 3.439996 3.427419 3.439927 3.469457 2.396152 2.341666 3.298749 3.353337 4.268221 5.309596 5.287215 4.398444 1.210464 1.024752 0.673938 0.811343 0.752327 0.741550 0.597445 1.498967 3.791272 4.884201 4.957497 3.936984 2.875785 2.899073 3.882862 4.884317 3.907777 3.923281 3.949720 4.945913 2.938200 2.929408 2.911915 3.905853 3.909910 3.916584 4.931168 3.899230 3.907318 2.883141 0.825883 0.788501 0.784640 0.078555 0.022590 0.136254 0.076315
4.486260 3.505402 2.496457 2.488126 4.418976 5.463174 5.485187 4.466984 4.467308 4.467008 4.462440 4.451044 4.450338 4.474451 3.457891 2.341786 3.263421 3.328122 4.247659 5.276363 6.269663 6.402835 3.263606 1.965723 1.634564 1.695974 1.879926 1.838042 1.630116 1.514544 2.606698 3.818134 3.958435 3.995526 2.923636 2.931419 3.910336 3.918822 3.925287 3.932140 4.981911 4.807916 1.808952 1.840003 2.886293 3.891044 3.893888 4.903557 6.917665 5.930354 3.889247 2.891904 0.868572 0.039687 0.736217 0.085450 0.119174 0.018120 0.069985
4.481273 4.482513 4.497590 2.478350 3.422123 4.457607 5.462820 5.467591 5.463975 5.462378 5.464067 5.456734 5.468338 4.470200 3.456668 2.356555 2.335332 3.259570 4.254410 5.239391 6.098381 5.329956 3.133716 3.036614 1.597158 1.561568 2.661672 2.951469 1.663288 1.277722 1.127832 1.626154 2.895059 3.923512 3.971771 2.944663 3.924981 3.930440 4.947312 5.001084 4.912637 1.968735 0.967207 0.968729 1.846109 3.873568 4.896260 5.904522 6.906556 5.888496 4.918771 2.914314 0.888879 0.069977 0.080805 0.102009 0.022728 0.021873 0.054512
4.480459 5.488309 4.504586 2.478327 2.469016 4.448417 4.475068 5.458444 4.458551 5.453015 5.470741 5.472168 4.467050 3.446591 3.465927 2.372448 3.327862 3.333093 4.252533 4.309923 4.268052 4.351463 2.289582 0.923402 0.649836 0.385973 0.517014 1.621658 1.674677 0.373735 0.219198 0.150027 1.846585 2.899776 3.895942 2.888792 2.883893 3.886607 3.866539 4.847011 4.754846 3.100322 1.013960 2.027050 2.840455 4.881677 5.903876 6.921855 5.940713 4.910078 3.906874 2.898595 1.931934 0.050152 0.024208 0.029320 0.023995 0.067833 0.041359
3.453749 4.480346 5.497756 3.469334 3.474404 3.479158 4.474559 3.460757 3.470675 4.449924 4.469174 4.475872 3.449851 3.448274 3.443911 3.417199 4.369402 3.356301 3.334330 4.304577 3.332755 3.341016 2.348705 0.199395 0.125127 0.130595 0.044273 0.030357 0.062301 0.053741 0.037779 0.042087 0.626560 1.807757 2.868275 2.855836 2.853894 2.843795 2.833594 2.887376 3.756958 3.020222 3.206466 3.079496 4.759638 5.907900 6.912655 6.939234 5.969317 3.934777 2.918617 1.870211 1.887139 1.871979 0.023994 0.028542 0.071846 0.046103 0.072102
2.488674 3.457914 4.488463 5.473065 4.487084 4.505947 3.500819 2.480552 3.450375 4.451609 4.469817 4.462272 4.464061 4.468151 4.494822 3.409633 3.383383 3.368673 3.351169 3.339063 3.363240 2.358631 1.248093 0.086582 0.050285 0.092339 0.062661 0.022713 0.046883 0.046470 0.034447 0.032799 0.036293 0.051544 0.044151 1.848231 2.833372 2.847433 2.816588 2.891623 2.930192 3.007102 3.062740 3.002800 4.701164 5.874332 6.890378 6.916924 5.943247 3.926103 2.907888 1.871632 1.890136 1.883235 0.058102 0.019645 0.043295 0.053904 0.272420
1.456576 1.504986 3.465546 5.479464 5.487651 4.498102 3.498001 2.482886 3.457931 5.451890 5.481173 4.462145 4.462115 5.464592 4.481539 3.412527 3.386784 3.347161 3.335463 3.349636 3.369869 2.360057 0.050340 0.031578 0.021309 0.081490 0.098521 0.025138 0.023476 0.038414 0.030174 0.014396 0.027840 0.030899 0.038261 0.065721 0.578560 0.675389 1.719169 2.729547 2.897320 2.977784 3.019883 2.970268 3.736464 4.841140 4.884313 4.910499 3.884419 3.901076 2.862026 2.851144 2.894649 1.772121 0.402822 0.219903 0.298067 1.357924 1.403127
0.574099 1.482461 1.514525 4.462458 5.489373 5.506200 5.515610 4.525852 3.484332 5.451567 5.474927 6.472856 5.478193 6.470030 5.517073 3.421031 3.395525 2.374151 2.317881 3.292427 3.330498 1.289258 0.028251 0.024316 0.026695 0.058966 0.063651 0.032539 0.024712 0.030648 0.070611 0.025398 0.028923 0.019661 0.028817 0.036568 0.035484 0.043592 0.767024 1.922806 2.937397 2.986068 2.985214 2.904081 3.658484 3.750097 2.856169 1.837090 0.686524 1.735236 1.790883 1.799271 0.692355 1.510236 0.934399 1.025654 2.287865 3.373154 1.430522
0.608620 0.575527 1.467879 4.460308 4.489800 5.487741 5.499869 4.499903 4.503282 5.456805 5.473256 6.461228 6.477497 6.469231 5.481268 4.474451 2.398821 2.377349 1.350961 1.275143 1.314243 0.244390 0.026756 0.026936 0.014396 0.046395 0.040642 0.014396 0.029554 0.037177 0.079734 0.064904 0.035958 0.029121 0.036385 0.019310 0.028969 0.038535 0.818163 3.230556 4.290779 3.101181 2.985254 2.697404 1.614204 0.109520 0.034318 0.051641 0.033648 0.043236 0.563314 0.563262 0.058781 0.024178 0.770061 2.062619 3.413694 2.500133 1.517544
0.622619 0.592391 0.561551 4.461626 4.480017 4.483171 4.474980 4.471813 5.472651 6.460574 5.471273 5.470192 6.464479 5.477969 4.460586 3.419893 2.428977 1.396080 1.356200 0.392037 0.366086 0.035132 0.047127 0.039282 0.034081 0.014396 0.030678 0.029015 0.039284 0.038658 1.451728 1.369161 0.338741 0.052382 0.047462 0.014396 0.018943 0.020486 0.898734 4.320871 5.406572 4.270601 3.015587 1.096912 0.019798 0.021019 0.014396 0.068599 0.024497 0.034202 0.054071 0.061129 0.035027 0.035317 0.146059 2.233382 2.401661 1.324652 0.270680
0.605546 0.591629 0.567238 4.473399 3.489703 3.495849 2.481803 2.516445 4.360793 5.445858 5.465913 5.471620 5.477799 5.472267 3.502796 2.459876 3.429684 2.454310 0.416948 0.396355 0.420431 0.428238 0.037299 0.040092 0.028938 0.028049 0.046990 0.041689 0.054184 0.417623 1.496655 2.528269 1.529315 0.355325 0.039527 0.021005 0.033379 0.036086 3.231151 5.351516 6.291687 3.008807 1.770923 1.310599 0.451868 0.064098 0.048836 0.028771 0.030952 0.023887 0.024361 0.031501 0.039177 0.032021 0.034417 0.147156 1.218579 1.068235 0.814307
0.554441 0.561979 0.542250 2.458879 2.483608 2.474435 1.521052 2.512061 2.525103 3.422083 4.474946 5.479802 5.488027 5.487812 3.512074 2.465494 2.451306 1.463785 0.440222 0.014396 0.448471 0.439224 0.042156 0.049740 0.030998 0.027625 0.044040 0.042284 0.414799 0.475254 1.505708 2.554757 2.538291 1.524654 0.035088 0.019570 0.030907 0.335103 2.918207 5.071580 4.883502 2.407629 1.485663 1.508819 0.504183 0.062737 0.045692 0.030800 0.027565 0.026847 0.014396 0.019310 0.035194 0.030708 0.045769 0.028083 0.130154 0.857609 0.848519
0.046471 0.051779 0.045408 0.037955 0.484601 1.523892 1.533249 2.507960 2.520757 2.453172 3.463753 5.465005 5.476416 5.462906 3.508174 2.458946 2.448306 1.435442 0.415542 0.452523 1.463776 1.489430 0.370484 0.338900 0.027184 0.050314 0.341974 1.542645 1.533149 1.535523 1.519378 2.562027 2.545015 1.539691 0.021080 0.035448 0.041727 0.478321 1.361544 3.405571 3.543602 2.599015 1.666985 1.659415 0.657318 0.073421 0.041434 0.058266 0.040402 0.029991 0.031884 0.027564 0.074944 0.046305 0.039283 0.161696 0.710554 0.897115 0.840487
0.058719 0.019310 0.014396 0.024291 0.467275 1.564829 2.611084 3.590995 3.620606 1.415620 1.444050 2.400801 4.437422 4.356797 3.497094 2.446108 2.416018 0.332399 0.021095 0.407255 1.445532 2.488554 2.476386 1.461617 0.283833 0.570660 2.467432 3.568850 2.547570 2.548399 2.552918 2.571396 2.556722 1.547465 0.034051 0.246792 0.712059 1.802300 1.709039 3.516810 3.717222 2.766428 1.825110 1.836338 1.944534 0.916445 0.078973 0.078461 0.033173 0.040718 0.035036 0.284909 1.317236 0.240999 0.419512 0.272353 0.631523 1.889844 0.830496
0.069451 0.074387 0.024959 0.023497 0.510976 2.629531 3.643002 4.639030 3.623516 0.043685 0.044772 0.536814 2.420822 2.519964 3.525002 2.500544 0.335535 0.032021 0.019310 0.035103 0.315987 3.476242 2.477983 0.418790 0.312398 0.579962 2.461833 3.552594 2.545529 2.535891 2.533467 2.571438 1.511944 1.495487 1.480432 1.416863 3.000596 3.067754 2.990005 3.583097 3.729799 2.755068 2.992835 3.011604 3.035238 2.024168 2.045364 0.927012 0.241269 0.295457 0.299504 1.405569 2.350901 1.401741 0.217587 0.154534 0.122801 0.572432 0.587434
1.689119 1.723257 0.597986 0.656606 1.606972 2.598969 3.588607 4.588421 3.614315 0.057802 0.052774 0.545028 1.529245 2.530555 3.536986 2.469523 0.050346 0.025749 0.014396 0.033516 0.035744 2.387447 1.395398 0.018614 0.024405 0.067552 1.462385 2.499250 1.525021 1.515031 2.508362 1.545493 1.526640 0.468646 2.165389 2.385669 4.037148 4.151346 4.175029 2.953915 2.975604 1.942601 2.973950 4.037680 4.065573 3.034899 3.065295 0.927021 0.177564 0.033242 1.384803 2.368756 3.363314 1.385563 0.307535 0.044044 0.083259 0.047615 0.062621
2.706942 3.734799 3.768600 1.688191 1.635160 2.590369 2.580899 3.579426 3.612347 0.690242 0.707487 1.641087 2.649756 3.634198 3.626494 1.477004 0.080003 0.030587 0.052239 0.048409 0.030235 0.582370 1.423562 0.681078 0.034230 0.025912 0.051258 0.570971 0.500534 0.438162 1.483398 1.555605 0.539187 0.516491 2.024204 3.122447 3.953611 5.116464 4.140770 4.185243 3.004705 3.054022 3.976899 3.991684 4.016455 4.033678 2.061013 0.033317 0.022148 0.044335 0.251411 1.036328 2.159764 0.220086 0.213163 0.089897 0.068048 0.038185 0.047966
3.704589 4.735661 4.782896 2.713478 2.694325 2.644622 1.639364 2.514474 2.524963 1.686763 1.710381 2.643054 3.655131 4.640433 4.684388 1.508668 0.142506 0.185331 0.041267 0.045632 0.029366 0.057538 0.629144 0.693583 0.026283 0.029469 0.025444 0.498071 0.020440 0.034560 0.492103 1.481944 1.610581 2.585035 2.400429 2.081935 2.622436 3.976725 5.137930 5.221838 3.007325 2.940568 2.946737 2.969304 2.997027 1.975535 0.074624 0.033794 0.021400 0.050133 0.134948 0.048734 0.051906 0.026665 0.062798 0.085717 0.071313 0.052632 0.036919
2.686996 4.724421 4.759331 3.742190 2.713396 1.667838 1.664245 1.678016 0.660217 1.654693 1.685897 3.622769 3.641462 4.593223 4.643871 0.473620 0.079173 0.033943 0.033394 0.030127 0.042465 1.785833 0.731167 0.740072 0.775614 0.765201 0.760195 0.719993 0.031436 0.024309 0.603257 1.315975 1.552680 2.548269 2.664230 1.491536 1.329594 2.726551 5.006251 5.192960 2.993608 1.870379 1.791219 1.892563 1.992861 1.937591 0.055528 0.027244 0.028300 0.055061 0.100405 0.046960 0.039025 0.038261 0.028680 0.045159 0.056053 0.079141 0.027626
1.720830 4.722990 5.752964 4.756059 2.708127 2.732717 1.679170 1.674921 1.715067 1.686832 2.699141 3.607346 4.647305 3.616805 3.653000 0.057684 0.077206 0.028495 0.021003 0.045051 0.043587 2.790396 1.828136 0.759705 0.768043 0.762729 1.751116 1.797274 0.683105 0.524679 0.957193 0.863046 1.414952 2.598268 2.805763 1.602848 1.390211 1.639402 2.757999 4.972493 2.053396 0.810868 0.293628 0.994437 2.041903 1.974343 0.087294 0.022591 0.022591 0.066780 0.066933 0.062285 0.040077 0.029518 0.025596 0.038193 0.059120 0.066169 0.020286
