use_cases/Flooding_chicago/flooding_data/output/h_2940.asc
ncols 337
nrows 393
xllcorner 428428.000000
yllcorner 4602440.000000
cellsize 26.757400
NODATA_value -9999.000000
[rows 324 to 350 of 393, columns 0 to 58 of 337]
-9999.000000 -9999.000000 -9999.000000 -9999.000000 -9999.000000 -9999.000000 -9999.000000 -9999.000000 -9999.000000 -9999.000000 -9999.000000 -9999.000000 -9999.000000 -9999.000000 -9999.000000 -9999.000000 -9999.000000 -9999.000000 -9999.000000 -9999.000000 -9999.000000 -9999.000000 -9999.000000 -9999.000000 -9999.000000 0.041070 0.051841 0.053994 0.062919 0.035897 0.042473 0.214492 0.050087 0.036614 0.021904 0.046959 0.032875 0.027443 0.039680 0.067511 1.680179 2.716196 2.719338 2.710208 3.724294 3.735705 3.732628 2.708138 2.706551 3.713199 2.714685 3.712874 3.711567 5.697640 6.708198 5.712441 3.708317 3.706641 3.704367
-9999.000000 -9999.000000 -9999.000000 -9999.000000 -9999.000000 -9999.000000 -9999.000000 -9999.000000 -9999.000000 -9999.000000 -9999.000000 -9999.000000 -9999.000000 -9999.000000 -9999.000000 -9999.000000 -9999.000000 -9999.000000 -9999.000000 -9999.000000 -9999.000000 -9999.000000 -9999.000000 -9999.000000 0.030891 0.039604 0.038593 0.030724 0.057579 0.067787 0.203553 1.293273 0.245752 0.040336 0.041941 0.041385 0.230454 0.044076 0.042747 0.083428 1.671592 2.714872 1.714017 2.706021 2.720233 2.723105 2.719472 2.707803 2.705863 3.704493 4.714259 3.711477 3.707242 3.705139 4.707830 4.711335 3.708426 3.705390 3.710097
-9999.000000 -9999.000000 -9999.000000 -9999.000000 -9999.000000 -9999.000000 -9999.000000 -9999.000000 -9999.000000 -9999.000000 -9999.000000 -9999.000000 -9999.000000 -9999.000000 -9999.000000 -9999.000000 -9999.000000 -9999.000000 -9999.000000 -9999.000000 -9999.000000 -9999.000000 -9999.000000 -9999.000000 0.019401 0.027748 0.024513 0.044548 0.051308 0.077796 1.276343 2.282766 2.302011 2.308456 1.213648 1.214804 2.284963 0.038002 0.017372 0.084071 1.663100 2.702738 1.710360 1.706197 2.718078 2.723230 3.710927 2.708242 2.705458 3.699724 4.703131 3.710583 2.709229 1.696436 1.701624 2.702732 1.689488 1.684353 1.689047
-9999.000000 -9999.000000 -9999.000000 -9999.000000 -9999.000000 -9999.000000 -9999.000000 -9999.000000 -9999.000000 -9999.000000 -9999.000000 -9999.000000 -9999.000000 -9999.000000 -9999.000000 -9999.000000 -9999.000000 -9999.000000 -9999.000000 -9999.000000 -9999.000000 -9999.000000 -9999.000000 -9999.000000 -9999.000000 0.024422 0.027748 0.047280 0.055853 0.075783 1.286611 1.307137 2.312358 2.318974 2.307814 2.308553 2.308421 0.028527 0.017372 0.115206 1.650876 1.701771 1.715629 1.708201 2.717010 3.715158 4.715937 3.716431 3.708303 3.697451 3.711863 2.712013 1.709964 0.703988 0.689817 0.693901 0.040714 0.044504 0.626318
-9999.000000 -9999.000000 -9999.000000 -9999.000000 -9999.000000 -9999.000000 -9999.000000 -9999.000000 -9999.000000 -9999.000000 -9999.000000 -9999.000000 -9999.000000 -9999.000000 -9999.000000 -9999.000000 -9999.000000 -9999.000000 -9999.000000 -9999.000000 -9999.000000 -9999.000000 -9999.000000 -9999.000000 -9999.000000 -9999.000000 0.019401 0.040337 0.027412 0.033309 0.214634 0.290213 1.320989 1.325803 2.335093 2.339203 2.323892 0.241999 0.239290 0.180296 0.671328 0.625635 0.686492 1.703750 2.713428 3.719445 4.713813 3.711602 2.689598 1.711987 2.713646 1.715827 0.715447 0.713753 0.059642 0.088704 0.028069 0.039131 0.036507
-9999.000000 -9999.000000 -9999.000000 -9999.000000 -9999.000000 -9999.000000 -9999.000000 -9999.000000 -9999.000000 -9999.000000 -9999.000000 -9999.000000 -9999.000000 -9999.000000 -9999.000000 -9999.000000 -9999.000000 -9999.000000 -9999.000000 -9999.000000 -9999.000000 -9999.000000 -9999.000000 -9999.000000 -9999.000000 -9999.000000 -9999.000000 -9999.000000 0.024575 0.027886 0.038734 0.275004 0.308295 0.299701 1.325165 1.332360 1.298760 1.280448 0.275558 0.271298 0.020866 0.040173 0.635734 1.706076 1.735776 2.721384 3.730107 2.730350 1.719225 1.718445 2.718739 2.721892 1.722898 0.701506 0.062645 0.099432 0.031914 0.054350 0.062775
-9999.000000 -9999.000000 -9999.000000 -9999.000000 -9999.000000 -9999.000000 -9999.000000 -9999.000000 -9999.000000 -9999.000000 -9999.000000 -9999.000000 -9999.000000 -9999.000000 -9999.000000 -9999.000000 -9999.000000 -9999.000000 -9999.000000 -9999.000000 -9999.000000 -9999.000000 -9999.000000 -9999.000000 -9999.000000 -9999.000000 -9999.000000 -9999.000000 -9999.000000 0.017372 0.029396 0.022179 0.282076 0.017967 0.021034 0.268420 0.266834 1.256388 0.270243 0.272279 0.033119 0.028023 0.693731 0.700527 0.714452 1.729542 2.714798 2.722547 1.716040 2.717091 2.716272 2.718960 2.716377 1.713239 0.673985 0.123866 0.138117 0.050574 0.028190
-9999.000000 -9999.000000 -9999.000000 -9999.000000 -9999.000000 -9999.000000 -9999.000000 -9999.000000 -9999.000000 -9999.000000 -9999.000000 -9999.000000 -9999.000000 -9999.000000 -9999.000000 -9999.000000 -9999.000000 -9999.000000 -9999.000000 -9999.000000 -9999.000000 -9999.000000 -9999.000000 -9999.000000 -9999.000000 -9999.000000 -9999.000000 -9999.000000 -9999.000000 0.017372 0.032051 0.149141 0.233081 0.223531 0.017967 0.226833 1.238261 1.246607 1.257748 0.027672 0.017372 0.038749 0.039126 0.700056 0.724400 1.716457 2.717055 2.720230 2.720775 2.716233 3.715739 2.718974 1.721524 0.714361 0.680777 0.073652 0.042913 0.061424 0.034553
-9999.000000 -9999.000000 -9999.000000 -9999.000000 -9999.000000 -9999.000000 -9999.000000 -9999.000000 -9999.000000 -9999.000000 -9999.000000 -9999.000000 -9999.000000 -9999.000000 -9999.000000 -9999.000000 -9999.000000 -9999.000000 -9999.000000 -9999.000000 -9999.000000 -9999.000000 -9999.000000 -9999.000000 -9999.000000 -9999.000000 -9999.000000 -9999.000000 -9999.000000 0.026756 0.025337 0.164520 0.188537 0.188272 0.170556 0.210114 1.252046 1.237058 0.194091 0.035055 0.017372 0.035393 0.057279 0.048424 0.036556 0.737371 2.684332 2.717160 2.712626 2.715376 3.721098 1.724114 0.709616 0.702287 0.683713 0.674457 0.042121 0.059089 0.034235
-9999.000000 -9999.000000 -9999.000000 -9999.000000 -9999.000000 -9999.000000 -9999.000000 -9999.000000 -9999.000000 -9999.000000 -9999.000000 -9999.000000 -9999.000000 -9999.000000 -9999.000000 -9999.000000 -9999.000000 -9999.000000 -9999.000000 -9999.000000 -9999.000000 -9999.000000 -9999.000000 -9999.000000 -9999.000000 -9999.000000 -9999.000000 -9999.000000 -9999.000000 -9999.000000 0.022730 0.121834 0.667776 0.680104 0.735381 0.150964 0.195836 1.211982 0.171217 0.027184 0.032646 0.027306 0.048699 0.040718 0.029706 0.744680 0.718627 0.727755 0.723632 2.706271 1.707646 1.719551 0.710287 0.704164 0.686103 0.667502 0.056319 0.039820 0.026175
-9999.000000 -9999.000000 -9999.000000 -9999.000000 -9999.000000 -9999.000000 -9999.000000 -9999.000000 -9999.000000 -9999.000000 -9999.000000 -9999.000000 -9999.000000 -9999.000000 -9999.000000 -9999.000000 -9999.000000 -9999.000000 -9999.000000 -9999.000000 -9999.000000 -9999.000000 -9999.000000 -9999.000000 -9999.000000 -9999.000000 -9999.000000 -9999.000000 -9999.000000 -9999.000000 0.380319 1.696632 2.687256 1.548660 0.724125 0.138331 0.164360 1.177719 1.146800 1.156363 0.158334 0.124700 0.892189 0.907788 0.901829 0.881737 0.034517 0.694413 0.690639 1.704316 1.700394 1.709322 0.701477 0.689067 0.661460 0.596907 0.527516 0.552204 0.029045
-9999.000000 -9999.000000 -9999.000000 -9999.000000 -9999.000000 -9999.000000 -9999.000000 -9999.000000 -9999.000000 -9999.000000 -9999.000000 -9999.000000 -9999.000000 -9999.000000 -9999.000000 -9999.000000 -9999.000000 -9999.000000 -9999.000000 -9999.000000 -9999.000000 -9999.000000 -9999.000000 -9999.000000 -9999.000000 -9999.000000 -9999.000000 -9999.000000 -9999.000000 -9999.000000 1.198497 2.695408 2.586736 1.397372 0.901700 1.087077 1.111818 1.157339 1.145757 1.142675 0.190515 0.141449 0.881783 0.896886 0.886882 0.851750 0.048937 0.054321 0.058755 0.693027 1.718843 1.718231 1.730408 0.709935 0.025490 0.495511 0.503569 1.424736 0.374611
-9999.000000 -9999.000000 -9999.000000 -9999.000000 -9999.000000 -9999.000000 -9999.000000 -9999.000000 -9999.000000 -9999.000000 -9999.000000 -9999.000000 -9999.000000 -9999.000000 -9999.000000 -9999.000000 -9999.000000 -9999.000000 -9999.000000 -9999.000000 -9999.000000 -9999.000000 -9999.000000 -9999.000000 -9999.000000 -9999.000000 -9999.000000 -9999.000000 -9999.000000 -9999.000000 0.036155 0.030998 0.582306 0.662987 0.931701 1.078438 1.122577 1.179403 1.133211 0.205203 0.220372 0.192284 0.118319 0.847600 0.818549 0.059066 0.044000 0.024284 0.023399 0.050704 0.622752 1.714490 1.735894 0.716832 0.034208 0.480783 1.478020 1.488384 1.472936
-9999.000000 -9999.000000 -9999.000000 -9999.000000 -9999.000000 -9999.000000 -9999.000000 -9999.000000 -9999.000000 -9999.000000 -9999.000000 -9999.000000 -9999.000000 -9999.000000 -9999.000000 -9999.000000 -9999.000000 -9999.000000 -9999.000000 -9999.000000 -9999.000000 -9999.000000 -9999.000000 -9999.000000 -9999.000000 -9999.000000 -9999.000000 -9999.000000 -9999.000000 -9999.000000 0.014396 0.032982 0.032917 0.054807 0.842840 0.987172 0.974240 0.198593 0.232365 0.253563 0.258163 0.232868 0.150433 0.106997 0.038796 0.038933 0.040016 0.014396 0.024284 0.060724 0.046913 0.704868 0.704943 0.028938 0.032505 0.479400 1.469367 1.492488 2.479218
-9999.000000 -9999.000000 -9999.000000 -9999.000000 -9999.000000 -9999.000000 -9999.000000 -9999.000000 -9999.000000 -9999.000000 -9999.000000 -9999.000000 -9999.000000 -9999.000000 -9999.000000 -9999.000000 -9999.000000 -9999.000000 -9999.000000 -9999.000000 -9999.000000 -9999.000000 -9999.000000 -9999.000000 -9999.000000 -9999.000000 -9999.000000 -9999.000000 -9999.000000 -9999.000000 -9999.000000 0.017372 0.026162 0.038002 0.331955 0.506521 0.341965 0.230246 0.223484 0.236681 0.249420 0.236387 0.031883 0.041756 0.025597 0.069298 0.038246 0.049080 0.033608 0.067071 0.410706 0.028991 0.044792 0.043251 0.029534 0.483121 0.416777 0.483581 1.488123
-9999.000000 -9999.000000 -9999.000000 -9999.000000 -9999.000000 -9999.000000 -9999.000000 -9999.000000 -9999.000000 -9999.000000 -9999.000000 -9999.000000 -9999.000000 -9999.000000 -9999.000000 -9999.000000 -9999.000000 -9999.000000 -9999.000000 -9999.000000 -9999.000000 -9999.000000 -9999.000000 -9999.000000 -9999.000000 -9999.000000 -9999.000000 -9999.000000 -9999.000000 -9999.000000 -9999.000000 0.017372 0.028145 0.021920 0.143600 0.849452 0.221180 0.022209 0.073634 0.106029 0.157758 0.140539 0.025703 0.017372 0.051429 0.033714 0.065665 0.185831 0.182955 0.110556 0.395412 0.400100 0.036352 0.035316 0.109416 0.026772 0.034178 0.030099 0.462431
-9999.000000 -9999.000000 -9999.000000 -9999.000000 -9999.000000 -9999.000000 -9999.000000 -9999.000000 -9999.000000 -9999.000000 -9999.000000 -9999.000000 -9999.000000 -9999.000000 -9999.000000 -9999.000000 -9999.000000 -9999.000000 -9999.000000 -9999.000000 -9999.000000 -9999.000000 -9999.000000 -9999.000000 -9999.000000 -9999.000000 -9999.000000 -9999.000000 -9999.000000 -9999.000000 -9999.000000 0.020180 0.040917 0.358346 1.252959 1.105824 0.345457 0.023857 0.026085 0.120502 0.168595 0.155657 0.025703 0.017372 0.054741 0.041878 0.066354 0.189583 0.216745 0.124735 0.385335 0.396474 0.031364 0.027211 0.841429 0.031548 0.014396 0.046013 0.030189
-9999.000000 -9999.000000 -9999.000000 -9999.000000 -9999.000000 -9999.000000 -9999.000000 -9999.000000 -9999.000000 -9999.000000 -9999.000000 -9999.000000 -9999.000000 -9999.000000 -9999.000000 -9999.000000 -9999.000000 -9999.000000 -9999.000000 -9999.000000 -9999.000000 -9999.000000 -9999.000000 -9999.000000 -9999.000000 -9999.000000 -9999.000000 -9999.000000 -9999.000000 -9999.000000 -9999.000000 0.282448 0.381311 0.385372 1.186658 0.979950 0.360387 0.025749 0.036903 0.021416 0.268109 0.274118 0.335297 0.336303 0.034325 0.043618 0.031014 0.047584 0.024284 0.074028 0.325584 0.359946 0.020439 0.069353 0.906487 0.026772 0.033988 0.036934 0.032616
-9999.000000 -9999.000000 -9999.000000 -9999.000000 -9999.000000 -9999.000000 -9999.000000 -9999.000000 -9999.000000 -9999.000000 -9999.000000 -9999.000000 -9999.000000 -9999.000000 -9999.000000 -9999.000000 -9999.000000 -9999.000000 -9999.000000 -9999.000000 -9999.000000 -9999.000000 -9999.000000 -9999.000000 -9999.000000 -9999.000000 -9999.000000 -9999.000000 -9999.000000 -9999.000000 -9999.000000 1.391282 1.009637 0.485475 0.456735 0.055545 0.492463 0.177017 1.253957 1.240047 0.270986 0.293294 0.330077 0.333227 0.315363 0.031044 0.040916 0.028710 0.079515 0.068765 0.247039 0.247135 0.166987 0.090283 0.911491 0.051979 0.067116 0.075645 0.066841
-9999.000000 -9999.000000 -9999.000000 -9999.000000 -9999.000000 -9999.000000 -9999.000000 -9999.000000 -9999.000000 -9999.000000 -9999.000000 -9999.000000 -9999.000000 -9999.000000 -9999.000000 -9999.000000 -9999.000000 -9999.000000 -9999.000000 -9999.000000 -9999.000000 -9999.000000 -9999.000000 -9999.000000 -9999.000000 -9999.000000 -9999.000000 -9999.000000 -9999.000000 -9999.000000 -9999.000000 1.156720 1.055881 0.620219 0.586546 0.131069 0.189413 1.264147 3.268721 2.235193 0.280995 0.310047 1.373228 1.368151 1.353427 0.312289 0.035225 0.033149 0.032905 0.062781 0.155181 1.001247 1.085558 1.028601 0.965257 0.042229 0.055045 0.043785 -9999.000000
-9999.000000 -9999.000000 -9999.000000 -9999.000000 -9999.000000 -9999.000000 -9999.000000 -9999.000000 -9999.000000 -9999.000000 -9999.000000 -9999.000000 -9999.000000 -9999.000000 -9999.000000 -9999.000000 -9999.000000 -9999.000000 -9999.000000 -9999.000000 -9999.000000 -9999.000000 -9999.000000 -9999.000000 -9999.000000 -9999.000000 -9999.000000 -9999.000000 -9999.000000 0.022087 0.233616 1.266763 1.568997 1.851385 1.747714 0.185487 1.298596 3.251655 4.272410 2.255237 1.238480 0.313728 1.355127 1.348371 1.350731 0.301905 0.032845 0.032220 0.034859 0.024025 0.138274 1.037020 1.102818 0.059295 0.602894 0.023368 -9999.000000 -9999.000000 -9999.000000
-9999.000000 -9999.000000 -9999.000000 -9999.000000 -9999.000000 -9999.000000 -9999.000000 -9999.000000 -9999.000000 -9999.000000 -9999.000000 -9999.000000 -9999.000000 -9999.000000 -9999.000000 -9999.000000 -9999.000000 -9999.000000 -9999.000000 -9999.000000 -9999.000000 -9999.000000 -9999.000000 -9999.000000 -9999.000000 -9999.000000 0.047752 0.027794 0.014396 0.021065 0.021801 0.881036 1.909147 1.930672 1.879355 2.211457 2.201128 2.185161 1.222847 1.138923 0.223368 0.020851 0.243480 0.252455 0.306234 0.303285 0.025475 0.025291 0.092876 0.087380 0.185740 0.167206 0.156776 0.014396 -9999.000000 -9999.000000 -9999.000000 -9999.000000 -9999.000000
-9999.000000 -9999.000000 -9999.000000 -9999.000000 -9999.000000 -9999.000000 -9999.000000 -9999.000000 -9999.000000 -9999.000000 -9999.000000 -9999.000000 -9999.000000 -9999.000000 -9999.000000 -9999.000000 -9999.000000 -9999.000000 -9999.000000 -9999.000000 -9999.000000 -9999.000000 -9999.000000 -9999.000000 0.025550 0.023552 0.049003 0.014396 0.029884 0.274646 0.944894 0.987162 1.855103 1.817834 1.050238 2.248009 2.242739 2.222174 1.201876 0.284349 0.272066 0.033165 0.041176 0.052376 0.064262 0.244354 0.216356 0.135404 0.126432 0.106302 0.192784 0.165773 0.014396 -9999.000000 -9999.000000 -9999.000000 -9999.000000 -9999.000000 -9999.000000
-9999.000000 -9999.000000 -9999.000000 -9999.000000 -9999.000000 -9999.000000 -9999.000000 -9999.000000 -9999.000000 -9999.000000 -9999.000000 -9999.000000 -9999.000000 -9999.000000 -9999.000000 -9999.000000 -9999.000000 -9999.000000 -9999.000000 -9999.000000 -9999.000000 -9999.000000 0.021507 0.019310 0.014396 0.024330 0.040490 0.036247 0.037331 1.357316 0.275695 0.838371 0.768268 0.987090 1.125113 2.259513 2.256930 2.233147 2.278315 1.317789 1.297003 0.030678 0.029350 0.031074 0.125938 0.072060 0.043343 0.104183 0.098641 0.143105 0.088829 -9999.000000 -9999.000000 -9999.000000 -9999.000000 -9999.000000 -9999.000000 -9999.000000 -9999.000000
-9999.000000 -9999.000000 -9999.000000 -9999.000000 -9999.000000 -9999.000000 -9999.000000 -9999.000000 -9999.000000 -9999.000000 -9999.000000 -9999.000000 -9999.000000 -9999.000000 -9999.000000 -9999.000000 -9999.000000 -9999.000000 -9999.000000 -9999.000000 -9999.000000 -9999.000000 0.450242 0.029228 0.039219 0.030739 0.076302 0.046791 0.516830 0.486093 0.440782 0.284163 0.224728 2.167209 2.266173 2.250889 2.226959 1.282211 2.267789 2.304408 1.291480 0.287408 0.018806 0.050607 0.153770 0.021781 0.055107 0.032753 0.032693 0.030295 0.022866 -9999.000000 -9999.000000 -9999.000000 -9999.000000 -9999.000000 -9999.000000 -9999.000000 -9999.000000
-9999.000000 -9999.000000 -9999.000000 -9999.000000 -9999.000000 -9999.000000 -9999.000000 -9999.000000 -9999.000000 -9999.000000 -9999.000000 -9999.000000 -9999.000000 -9999.000000 -9999.000000 -9999.000000 -9999.000000 -9999.000000 -9999.000000 -9999.000000 -9999.000000 0.027703 1.684951 1.684988 1.676113 1.664892 1.652866 1.684631 1.690227 0.598508 0.590982 0.110162 0.115215 0.918123 2.072906 2.184538 1.266251 1.294518 1.307020 2.296698 1.317238 0.257468 0.023934 0.080528 0.050651 0.036369 0.048789 0.031395 0.033608 -9999.000000 -9999.000000 -9999.000000 -9999.000000 -9999.000000 -9999.000000 -9999.000000 -9999.000000 -9999.000000 -9999.000000
-9999.000000 -9999.000000 -9999.000000 -9999.000000 -9999.000000 -9999.000000 -9999.000000 -9999.000000 -9999.000000 -9999.000000 -9999.000000 -9999.000000 -9999.000000 -9999.000000 -9999.000000 -9999.000000 -9999.000000 -9999.000000 -9999.000000 -9999.000000 0.021858 0.035454 1.631166 2.672543 2.677204 2.648728 1.679635 1.690831 1.686636 1.667171 0.624052 0.199927 0.198115 0.295988 1.175606 1.279866 1.310210 1.327872 1.282922 1.290039 1.303350 0.052849 0.032143 0.035682 0.029274 0.032570 -9999.000000 -9999.000000 -9999.000000 -9999.000000 -9999.000000 -9999.000000 -9999.000000 -9999.000000 -9999.000000 -9999.000000 -9999.000000 -9999.000000 -9999.000000
