use_cases/Flooding_chicago/flooding_data/output/h_2940.asc
ncols 337
nrows 393
xllcorner 428428.000000
yllcorner 4602440.000000
cellsize 26.757400
NODATA_value -9999.000000
[rows 108 to 134 of 393, columns 118 to 176 of 337]
-9999.000000 -9999.000000 -9999.000000 -9999.000000 -9999.000000 -9999.000000 -9999.000000 -9999.000000 -9999.000000 -9999.000000 0.017967 0.140358 0.041435 0.049553 0.112801 0.116799 0.099755 0.066628 0.180476 0.033898 0.037971 0.029060 0.039269 0.036171 0.180657 0.029625 0.028373 0.030815 0.031198 0.032417 0.024528 0.090644 0.225960 0.060645 0.155876 0.132835 0.030815 0.030098 0.065086 0.058906 0.033287 0.035942 0.166405 0.014396 0.029335 0.028510 0.050957 0.126289 0.256251 0.280432 0.037682 0.049934 0.037423 0.074948 0.954480 3.133433 1.002994 0.323056 0.432011
-9999.000000 -9999.000000 -9999.000000 -9999.000000 -9999.000000 -9999.000000 -9999.000000 0.027000 0.037438 0.017967 0.021034 0.102592 0.028908 0.031731 0.097656 0.083001 0.068581 0.045204 0.090004 0.143702 0.027412 0.058495 0.044183 0.079018 0.112451 0.055681 0.053127 0.080361 0.101905 0.020302 0.031930 0.458360 0.480241 0.071952 0.132088 0.125664 0.070794 0.078956 0.071693 0.033196 0.026970 0.045647 0.091484 0.066612 0.037041 0.033714 0.094460 0.168878 0.151938 0.146050 0.046090 0.044945 0.033211 0.068675 0.090575 2.094680 0.948831 0.271834 0.198766
-9999.000000 -9999.000000 -9999.000000 -9999.000000 -9999.000000 -9999.000000 0.034066 0.027106 0.039314 0.031532 0.034095 0.119835 0.034706 0.025216 0.106560 0.076486 0.104091 0.058160 0.118767 0.100701 0.062392 0.053337 0.037819 0.224373 0.146475 0.078011 0.061333 1.179076 1.217188 1.243535 0.131692 0.437370 0.418343 0.345085 0.073781 0.088509 0.057274 0.071695 0.140858 0.038948 0.031929 0.040199 0.361473 0.319084 0.208076 0.254065 0.156517 0.263284 0.037179 0.055550 0.051628 0.048240 0.035957 0.042732 0.037986 0.046629 0.051584 0.016976 0.267128
-9999.000000 -9999.000000 0.038430 0.034387 0.029381 0.036462 0.042672 0.065711 0.022240 0.032280 0.042117 0.133947 0.042793 0.038902 0.070946 0.053170 0.071511 0.071252 0.072105 0.124244 0.082817 0.049140 0.058787 0.033547 0.288078 0.157646 0.222266 2.279945 2.262642 2.280301 0.020180 0.032280 0.288716 0.264183 0.206886 0.039771 0.053429 0.163230 0.152505 0.103630 0.045373 0.025780 0.023818 0.034340 0.032082 0.041069 0.052315 0.046440 0.029609 0.092659 0.073296 0.028236 0.024132 0.024681 0.033883 0.030647 0.028432 0.544284 0.017372
0.041572 0.049659 0.043007 0.053093 0.088401 0.032006 0.029640 0.035637 0.041176 0.041771 0.046104 0.219063 0.054695 0.050911 0.048424 0.071847 0.071327 0.120345 0.113289 0.103021 0.098991 0.055108 0.041985 0.014396 0.020256 0.097739 1.245766 2.312962 2.783057 2.290810 0.017372 0.025703 0.146705 0.289727 0.226803 0.031167 0.060005 0.149447 1.880485 0.651618 0.031532 0.018669 0.014396 0.018944 0.021003 0.034599 0.014396 0.024284 0.028710 0.067650 0.064688 0.027047 0.027828 0.017372 0.017372 0.020180 1.532899 1.532467 0.542723
1.056877 0.057228 0.066765 0.049782 0.024284 0.031547 0.030265 0.039345 0.055931 0.037956 0.058144 0.197228 0.139169 0.049234 0.036110 0.056868 0.056908 0.114768 0.088403 0.239708 0.218971 0.055000 0.039588 0.021004 0.033318 0.197166 0.260156 1.308494 2.269423 1.294303 0.017372 0.025703 0.106840 0.221657 0.235895 0.031777 0.047264 0.043557 0.936211 0.810176 0.036019 0.027657 0.018944 0.028404 0.049735 0.067558 0.024284 0.023399 0.039238 0.081992 0.092232 0.033304 0.045432 0.024986 0.024986 0.030098 1.552595 1.548687 1.553198
0.045722 0.262551 0.206436 0.042091 0.036354 0.032891 0.033180 0.044885 0.077465 0.067558 0.032784 0.140373 0.243352 0.044243 0.037605 0.057534 0.134149 0.208107 0.226998 1.282644 1.268338 0.173957 0.037964 0.019570 0.082467 0.135687 0.193855 0.218620 0.195076 0.177576 0.020180 0.032280 0.086191 0.632606 0.655447 0.058907 0.036095 0.026465 0.068294 0.645624 0.535040 0.031945 0.041252 0.025300 0.036888 0.091240 0.023162 0.041543 0.037499 0.586726 0.598158 0.519451 0.477448 0.029716 0.030006 1.437442 1.497503 1.514008 1.523729
0.037376 0.249215 0.236214 0.165764 0.036674 0.037254 0.026206 0.049290 0.062202 0.127389 0.025398 0.083001 0.181267 0.112328 0.102791 0.168281 0.278816 0.208521 1.305728 1.309379 1.293168 0.199913 0.070885 0.022041 0.188711 0.221901 0.106498 0.133980 0.104547 0.166282 0.072716 0.057381 0.740011 1.810407 1.836143 0.787338 0.027229 0.028785 0.019661 0.021522 0.262063 0.378233 0.494972 0.021873 0.039453 0.447994 0.031342 0.031991 0.049424 1.664285 1.710406 2.691223 1.637119 1.555480 2.554606 2.589938 1.546465 1.552900 2.554209
0.021980 0.222343 0.208992 0.151877 0.360557 0.048638 0.032967 0.042061 0.220086 0.202447 0.121391 0.081947 0.357498 0.335110 0.343038 0.157478 0.233177 0.169899 1.336478 1.319346 0.261574 0.048210 0.093955 0.095234 0.134240 0.114601 0.173103 0.148400 0.100700 0.178229 0.113670 0.103828 0.799127 1.873466 1.883141 0.827334 0.064659 0.039787 0.037117 0.069832 0.141548 0.386208 0.019097 0.026787 1.683228 3.718980 1.730667 0.587171 0.636702 2.673738 2.701323 2.696850 1.646734 2.512643 2.584273 2.596998 2.551314 2.564555 2.562890
0.206551 0.210732 0.189751 0.133720 0.456736 0.408048 0.308194 0.295355 0.288078 0.222175 0.131890 0.341719 0.377340 0.357110 0.338653 0.297765 0.303458 0.159287 0.166604 0.209251 0.025383 0.049843 0.017372 0.076973 0.109534 0.172264 0.149971 0.115197 0.073143 0.281651 0.319552 0.077873 0.057747 0.831534 1.891681 0.812477 0.039879 0.045204 0.052253 0.525070 0.621583 0.250206 0.130735 0.548180 3.753563 4.740988 2.748588 2.744049 2.756815 3.698216 2.704115 0.613605 0.625290 2.486821 3.546728 3.569149 3.553668 3.577788 2.557612
0.161018 0.191949 0.170462 0.119589 0.477566 0.454323 0.395423 0.384895 0.017372 0.117271 0.296890 0.342705 0.332874 0.295259 0.226457 0.717826 0.658622 0.159451 0.165609 0.106926 0.073570 0.031898 0.017372 0.042168 0.067665 0.215120 0.231155 0.214225 0.265962 1.342293 0.342768 0.068108 0.065025 0.776023 0.776527 0.650386 0.373343 0.356355 1.621985 2.676313 2.738337 1.706867 2.733428 4.763073 4.758080 5.736897 4.767771 3.760804 4.778925 2.707232 0.039635 0.014396 0.043654 1.515679 4.539690 3.572865 3.545041 4.514886 4.547383
0.127937 0.160591 1.148155 0.117851 0.064979 0.031945 0.280143 0.270441 0.017372 0.061607 0.231074 0.273696 0.258622 0.201697 0.701795 0.764471 0.735403 0.100486 0.134907 0.141907 0.051705 0.033562 0.039970 0.037605 0.229274 1.307931 1.293591 1.250493 1.347403 1.343901 0.338669 0.078239 0.097846 0.091468 0.058698 0.543616 0.311410 0.397472 0.535805 2.715263 2.800590 2.837613 3.803577 3.825165 3.805580 4.745456 5.775209 5.790294 4.807846 1.767101 0.041738 0.042136 1.519464 3.563850 3.571740 2.568986 3.534775 4.547638 4.553864
0.085655 0.104347 0.114754 0.095314 0.052376 0.094139 0.138742 0.271855 0.138709 0.094044 0.636506 0.645306 0.642569 1.634389 1.644467 1.604672 1.614161 0.670991 0.640366 0.071150 0.066080 0.065098 0.025825 0.192129 1.290465 2.307418 2.294237 1.233692 0.325392 0.290690 0.320687 0.099710 0.124927 0.038568 0.033592 0.047355 0.414696 0.200113 0.170898 1.666438 2.781318 1.816564 1.801839 1.797588 1.787612 2.750847 4.742285 5.765823 4.786980 1.731060 0.672614 0.546124 3.550408 5.566693 4.582533 2.566792 3.532632 4.544025 4.551031
0.269326 0.331552 0.069298 0.061319 0.078316 0.156744 0.171165 0.629840 1.625648 1.646617 1.677620 1.680499 1.682932 2.691370 2.686908 2.678717 2.683438 0.692009 0.707977 0.694442 0.673892 0.702974 0.144448 1.227399 2.280312 3.289540 3.275948 1.226008 0.047325 0.056732 0.084270 0.143592 0.057304 0.070016 0.052422 0.082451 0.058098 0.124105 0.158798 1.672800 2.778311 1.811304 1.796046 2.763851 2.769351 2.768667 3.765736 4.773342 4.786928 0.708324 0.680390 1.524179 4.553042 5.567688 4.585068 3.580942 4.567913 4.579777 2.575651
0.197456 0.025597 0.053094 0.039772 0.050664 0.095700 0.649604 0.715304 0.727873 1.691403 2.698474 2.701743 2.701216 2.701331 2.706566 2.707522 2.703831 1.692606 0.714430 0.706245 0.705389 0.100344 0.194189 1.262353 2.310915 3.318437 3.287514 1.174060 0.056469 0.040703 0.061012 0.088219 0.103158 0.093345 0.068337 0.091103 0.080868 0.110527 0.151442 1.579962 3.768364 3.823545 3.804991 4.779216 4.789558 3.783955 4.779346 4.783820 4.803931 0.718388 0.688731 1.550659 4.564915 6.574899 5.598191 3.585980 4.573502 4.576002 3.591199
0.101633 0.098824 0.026999 0.067060 0.089679 0.634026 0.708974 0.715469 0.724113 0.704758 2.697757 3.700343 2.702526 2.699388 2.705451 2.706080 2.702144 1.695829 1.694339 0.703548 0.701531 0.114516 0.187621 1.236864 1.284598 1.301201 2.314671 1.125149 0.050591 0.025780 0.026329 0.134621 0.105507 0.106254 0.089745 0.048454 0.087425 0.105308 0.137280 1.590221 3.761634 4.827433 2.795647 3.771688 4.786873 4.783564 4.772474 4.785248 3.808153 1.776198 0.697490 1.539801 4.558161 7.550287 6.592084 4.580541 4.571178 4.571939 4.593063
0.777597 0.063057 0.073441 0.055256 0.079418 0.575988 1.690787 1.698847 1.710117 0.707077 1.700038 3.707276 3.701647 2.701718 2.708635 2.709389 2.715453 1.698590 1.705506 0.700496 0.698965 0.076680 0.102555 1.008004 0.160908 0.026970 0.310644 0.259398 0.058353 0.033516 0.035361 0.169732 0.027458 0.037094 0.034157 0.026054 0.060646 0.078423 0.086983 0.074424 0.493871 1.605836 0.645741 0.656510 1.734711 2.730588 2.725584 2.750965 1.723023 1.714269 1.661786 1.598393 3.508893 5.516541 5.572843 3.561738 3.552991 3.536819 3.565275
0.789251 0.043327 0.065526 0.049735 0.075274 0.579535 1.692052 2.703662 1.716197 1.699931 1.704413 2.705091 3.706772 2.701332 2.714628 2.707806 1.699580 0.690015 0.694508 0.694821 0.692112 0.640213 0.603214 0.716464 0.110618 0.038535 0.049568 0.048790 0.033531 0.036309 0.045937 0.041008 0.014396 0.049843 0.037208 0.026970 0.067940 0.124519 0.095436 0.084694 0.078697 0.097783 0.080182 0.076351 0.068558 1.766564 1.783441 0.709964 0.702415 0.577343 0.534348 1.534558 0.331756 1.052845 1.108322 0.032408 0.024956 0.071628 0.334963
1.703651 0.629065 0.067296 0.047790 0.082386 1.664785 2.693797 3.691879 2.689247 2.693500 2.691021 2.699306 2.698222 2.695571 1.702888 2.705095 1.696136 1.685728 0.697997 0.699825 1.695860 1.670393 1.601873 0.655179 0.078151 0.036232 0.060220 0.059258 0.031059 0.028572 0.036843 0.036995 0.036369 0.037163 0.187797 0.174766 0.140785 0.110695 0.097969 0.069206 0.062492 0.060264 0.075661 0.053535 0.093990 1.794606 1.800587 0.083120 0.042280 0.061441 0.044258 0.043753 0.053194 0.044106 0.067740 0.014396 0.026833 0.080066 0.085853
1.745929 0.653363 0.050856 0.035240 0.584414 2.683167 3.693789 3.699620 3.696122 3.694671 3.693832 3.694008 3.695707 2.693095 2.690838 3.682569 3.660036 3.674704 3.655054 2.674004 2.684634 2.650536 1.659176 0.723632 0.063023 0.067649 0.036492 0.044716 0.050775 0.023857 0.095272 0.048072 0.071724 0.026238 0.187431 0.175316 0.163536 0.150538 0.143334 0.092293 0.048057 0.049050 0.041012 0.069390 0.104080 1.767716 1.775673 0.077173 0.066856 0.036643 0.069084 0.046044 0.030937 0.037209 0.064233 0.042794 0.028297 0.156318 0.095497
0.677965 0.531628 0.295426 0.228896 1.639069 2.680722 3.691739 3.698973 4.695652 3.696063 3.694652 4.690546 4.692246 4.694048 4.692119 4.692523 5.670596 5.680187 4.678294 4.678226 4.675307 2.675964 0.655173 0.019581 0.550953 0.501921 0.576629 0.582612 0.529423 0.050071 0.080150 0.046333 0.054437 0.023628 0.022041 0.165414 0.166283 0.158901 0.142677 0.027229 0.030790 0.040459 0.066875 0.051475 0.047325 0.856021 0.816376 0.082512 0.096490 0.099814 0.054848 0.046730 0.027717 0.055867 0.052863 0.219368 1.320029 0.206549 0.146538
0.032143 0.418920 0.505558 1.602575 2.677803 3.686378 3.693441 4.690567 4.702763 3.695853 4.681585 5.691430 5.694142 5.694616 5.698635 4.698464 5.681548 5.689853 4.686129 4.690969 3.696674 2.692280 1.655035 0.601229 1.596736 1.603969 1.605675 1.610029 1.615109 0.559199 0.516861 0.052316 0.046809 0.034645 0.018151 0.149559 0.028359 0.038171 0.045784 0.026940 0.024361 0.028267 0.035591 0.048179 0.062004 0.868970 0.850762 0.863091 0.097528 0.094795 0.079125 0.065833 0.053382 0.046288 0.050545 0.059944 0.199577 0.026801 0.121605
0.040825 0.031836 0.531409 2.673215 3.683282 4.684529 4.689425 4.693088 4.695324 4.692248 5.687231 5.693425 6.687140 6.696449 5.692574 5.692165 5.683760 5.695325 3.677131 3.687114 2.689533 1.657207 1.647464 2.580986 2.612530 2.623148 1.612200 1.614182 1.627774 0.017401 0.459829 1.430942 0.309104 0.055111 0.049858 0.079689 0.033119 0.043312 0.019310 0.014396 0.026939 0.026756 0.044590 0.051583 0.079170 0.840126 0.803392 0.081295 0.045860 0.050881 0.051162 0.041999 0.068914 0.064399 0.040246 0.059456 0.044976 0.033867 0.035240
0.058394 0.045508 0.065278 4.661282 6.689911 6.695758 5.693412 4.692758 4.697152 4.692726 5.686417 5.692708 5.692108 6.690637 5.692328 5.696096 6.672679 5.689726 4.678356 3.688701 2.690715 1.656436 1.648810 2.586237 3.619173 2.629635 2.630094 1.622629 1.640871 0.018350 0.437839 1.414614 2.438816 1.415717 0.304024 0.061973 0.048789 0.030052 0.037361 0.026787 0.038628 0.039391 0.038948 0.055611 0.120278 0.107705 0.102248 0.055001 0.045432 0.036996 0.045967 0.032478 0.044068 0.040809 0.043525 0.038674 0.028298 0.029228 0.031441
0.066916 0.058418 0.034213 4.681547 5.669192 6.676151 5.680458 4.688489 3.688813 4.682408 5.682258 5.687690 5.686822 5.691543 4.684707 4.685983 6.654777 6.668895 6.675902 4.666404 3.640039 3.645825 2.614223 3.587243 4.610901 3.608204 3.609793 3.617545 2.633048 0.517629 0.487024 2.442438 2.453608 2.462079 1.436876 0.315701 0.041878 0.034173 0.031543 0.038566 0.055565 0.038338 0.085503 0.014396 0.051903 0.069191 0.071969 0.049568 0.042687 0.044578 0.048698 0.034310 0.048484 0.018090 0.020332 0.047265 0.014396 0.024894 0.040779
0.066502 0.057097 0.033910 2.678743 3.683229 4.675035 3.689145 3.690705 3.691888 3.691566 5.669853 6.686888 6.694636 5.693573 4.685104 4.685951 6.655109 6.672828 6.677271 5.675994 4.672774 3.640543 3.622054 4.585646 4.615590 4.610050 4.626125 3.625962 2.627853 1.507271 1.470483 1.475691 2.455952 2.488364 2.474690 1.455040 0.063234 0.030266 0.032921 0.042305 0.084569 0.057489 0.092003 0.072517 0.041513 0.045707 0.071496 0.055168 0.049584 0.027993 0.028664 0.018197 0.021615 0.021706 0.030326 0.050804 0.040244 0.041023 0.039603
0.048559 0.036720 0.616128 2.675012 3.685752 3.691843 3.692812 3.693959 3.695112 3.695042 4.683697 6.676382 7.685298 7.704068 5.698010 4.686366 5.655955 6.663798 6.673489 6.692870 4.677539 3.640985 3.636090 3.618827 3.615841 4.605785 4.638637 3.631711 2.630750 1.522056 1.471412 1.474551 1.471426 1.476708 2.450194 2.474622 0.316937 0.032707 0.033790 0.067002 0.057101 0.061870 0.217319 0.243177 0.051436 0.035728 0.031914 0.029915 0.023354 0.032066 0.027091 0.037987 0.032341 0.039559 0.045356 0.065468 0.045280 0.040337 0.051307
