use_cases/Flooding_chicago/flooding_data/output/h_2940.asc
ncols 337
nrows 393
xllcorner 428428.000000
yllcorner 4602440.000000
cellsize 26.757400
NODATA_value -9999.000000
[rows 135 to 161 of 393, columns 59 to 117 of 337]
-9999.000000 -9999.000000 -9999.000000 -9999.000000 -9999.000000 -9999.000000 -9999.000000 -9999.000000 -9999.000000 -9999.000000 -9999.000000 -9999.000000 -9999.000000 -9999.000000 -9999.000000 0.054512 0.069145 0.053307 0.087108 1.899912 1.946248 1.953660 1.034815 3.036930 2.008602 2.021318 2.008111 2.080405 2.120267 1.108005 0.085300 0.104638 0.078389 0.770966 0.798828 0.734810 0.027794 0.022591 0.022591 0.113210 0.029427 0.040610 0.033456 0.174659 0.176918 0.183611 1.188818 1.687234 1.187843 0.145606 0.096366 0.156592 0.091132 0.054182 0.062783 0.639303 0.613250 0.652619 0.500822
-9999.000000 -9999.000000 -9999.000000 -9999.000000 -9999.000000 -9999.000000 -9999.000000 -9999.000000 -9999.000000 -9999.000000 -9999.000000 -9999.000000 -9999.000000 -9999.000000 0.025702 0.100075 0.095237 0.073357 0.040672 0.083942 1.946283 1.037687 1.052433 2.023406 1.031278 1.043371 1.059321 2.113464 3.155340 2.126009 1.040679 0.096997 0.078945 0.044155 0.840500 0.229086 0.333743 0.036058 0.059826 0.068770 0.058599 0.058161 0.079017 0.139030 0.161430 0.179970 0.173775 1.173490 1.176352 0.145577 0.101618 0.052041 0.032661 0.028083 0.039016 0.032951 0.506215 0.022109 0.304282
-9999.000000 -9999.000000 -9999.000000 -9999.000000 -9999.000000 -9999.000000 -9999.000000 -9999.000000 -9999.000000 -9999.000000 -9999.000000 -9999.000000 -9999.000000 0.034981 0.050438 0.043907 0.040490 0.037635 0.032112 0.037025 0.933692 2.051300 2.045204 2.008094 1.031794 1.038344 1.064858 3.122441 3.121764 3.109908 1.040949 0.042412 0.038215 0.034952 0.246898 1.403893 0.378951 0.386559 1.406695 1.416465 0.316109 0.292723 0.279390 0.085091 0.128380 0.025840 0.025459 0.170967 0.170692 0.018028 0.064064 0.505043 0.492025 0.033897 0.029930 0.322667 0.320065 0.192088 0.210495
-9999.000000 -9999.000000 -9999.000000 -9999.000000 -9999.000000 -9999.000000 -9999.000000 -9999.000000 -9999.000000 -9999.000000 -9999.000000 0.044961 0.068916 0.048042 0.060158 0.054840 0.046882 0.017967 0.021034 0.053350 0.056471 0.924519 0.939276 0.994426 1.003008 0.998415 1.068719 2.126229 3.096953 3.092200 0.992971 0.027734 0.018028 0.028847 0.259866 1.396209 0.402405 0.422805 2.430663 2.426313 2.417289 2.411971 1.413660 0.302239 0.103112 0.033942 0.032677 0.156044 0.154837 0.021004 0.059904 1.546926 0.441642 0.039664 0.018028 0.030998 0.635423 0.667458 0.682567
-9999.000000 -9999.000000 -9999.000000 -9999.000000 -9999.000000 -9999.000000 -9999.000000 -9999.000000 -9999.000000 -9999.000000 -9999.000000 0.064460 0.040946 0.061654 0.061226 0.038933 0.138600 0.031562 0.017967 0.027855 0.021676 0.278744 0.330547 0.014396 0.156297 0.155601 1.120777 2.146817 2.159252 2.140862 0.084139 0.034462 0.021004 0.039116 0.033394 1.426958 1.429127 2.437446 2.435987 3.435594 3.428583 2.422575 0.356234 0.033104 0.027351 0.041115 0.034218 0.108956 0.106805 0.018028 0.048120 0.509422 0.470633 0.037239 0.021004 0.036689 0.081544 0.717154 0.709498
0.014396 -9999.000000 -9999.000000 -9999.000000 -9999.000000 -9999.000000 -9999.000000 -9999.000000 -9999.000000 -9999.000000 0.042412 0.037666 0.060662 0.067894 0.056219 0.133100 0.653594 0.074852 0.028160 0.024773 0.363905 0.344282 0.341283 0.328236 0.255397 0.237999 1.138502 2.169152 2.176528 2.141521 0.118723 0.027733 0.018028 0.031395 0.041404 1.412759 2.431255 2.434282 2.434556 3.429322 2.430326 1.428842 0.027321 0.038887 0.025673 0.033134 0.027152 0.804466 0.804742 0.035011 0.047706 0.033867 0.401827 0.028450 0.018028 0.028069 0.027168 0.030376 0.607955
0.028679 -9999.000000 -9999.000000 -9999.000000 -9999.000000 -9999.000000 -9999.000000 -9999.000000 0.014396 0.246550 0.057855 0.047951 0.067055 0.071877 0.066643 0.037635 0.712846 0.707741 0.030598 0.034956 1.421323 0.389131 0.370409 0.328748 1.236694 1.241122 1.149365 2.154176 2.197781 2.142110 1.161481 0.033625 0.046458 0.042413 0.030879 1.426963 2.431247 2.432280 2.432734 3.429062 2.428193 1.427218 0.024681 0.825092 0.822060 0.042320 0.039268 0.792091 0.798870 0.774748 0.037895 0.034919 0.312856 0.247368 0.027168 0.024635 0.028435 0.535445 1.661037
0.035622 0.022591 0.022591 0.050255 0.037009 0.077650 0.093781 0.071391 0.323055 0.220502 0.069764 0.050270 0.066368 0.071570 0.014396 0.039431 0.049311 0.682431 0.718407 0.585435 1.437954 0.413988 0.400487 0.337363 1.219814 0.208365 0.185052 1.107899 2.162806 2.115389 1.220312 1.287380 1.334340 1.366122 1.384655 1.395298 2.432253 2.423647 2.421876 2.422351 2.418584 1.414293 0.027122 0.807793 0.815133 0.821464 0.807773 0.809520 0.807806 0.800394 0.033882 0.032966 0.243362 0.192802 0.099982 0.052635 0.096636 1.581621 2.635319
0.029426 0.022591 0.022591 0.067680 0.056906 0.033790 0.155801 0.128619 0.063606 0.191035 0.036811 0.053901 0.049995 0.049537 0.039040 0.034509 0.090885 0.701280 1.860756 0.026254 0.322341 0.364484 1.420389 0.336755 0.244397 0.017372 0.061303 0.098559 1.029376 1.105514 1.187600 1.260124 1.309578 1.326635 1.351948 2.421665 2.394286 1.416552 1.415681 1.420687 1.376209 0.429857 0.039360 0.034141 0.815773 0.809429 0.821281 0.810359 0.806511 0.773477 0.025841 0.025566 0.157355 0.112802 0.531365 0.435007 0.856877 1.526080 2.656964
0.034921 0.048814 0.021782 0.064858 0.055443 0.033333 0.199565 0.173890 0.030227 0.038825 0.052056 0.045052 0.286259 0.281332 0.261731 0.021172 0.138015 0.749480 0.026116 0.017967 0.028872 0.336592 1.422498 0.064397 0.050696 0.017372 0.112495 0.078280 0.627226 0.333238 0.278270 0.272463 0.271478 0.366402 0.381421 1.335410 0.328840 0.402941 0.351524 1.421652 0.460603 0.453766 0.026176 0.036369 0.027977 0.073909 0.066476 0.048195 0.025337 0.554773 0.336559 0.822402 0.869271 0.803235 0.654032 0.500641 0.270184 0.193261 0.540601
0.196023 0.190854 0.200206 0.035759 0.033286 0.246718 0.244414 0.023291 0.042457 0.014396 0.056474 0.043755 0.288049 0.283230 0.291616 0.255595 0.232090 0.180634 0.026954 0.021034 0.017967 0.399918 0.398166 0.125592 0.014396 0.163350 0.155139 1.105768 1.055502 0.079721 0.036720 0.041450 0.164176 0.236020 0.235680 0.150652 0.126594 0.200570 0.108528 0.059091 0.471817 0.473733 0.025627 0.017372 0.017372 0.025505 0.100076 0.059754 0.649631 0.597004 0.359781 0.831321 0.873227 0.826962 0.788218 0.026482 0.027331 0.039773 0.040580
0.260829 1.290176 1.287896 0.293329 0.273040 1.294847 1.290579 0.240206 0.029975 0.038013 0.041511 0.036331 0.021598 0.260823 1.284795 1.296065 1.287808 1.289741 0.241044 0.032799 0.045599 0.028251 0.157029 1.260446 0.233837 1.189594 2.219602 2.222280 1.095646 0.040321 0.062660 0.075768 0.050392 0.383033 0.376564 0.027458 0.019173 0.363045 0.035834 0.036460 0.049831 0.518566 0.172859 0.028506 0.032769 0.025337 0.148422 0.683132 0.715227 0.020912 0.192848 0.900064 0.034875 0.028252 0.590801 0.017372 0.017372 0.020180 0.044335
0.260250 1.298756 1.304303 0.298396 2.294619 2.299015 1.288337 1.291741 1.295276 0.227894 0.244220 0.245462 0.250040 1.286323 1.285976 1.292975 1.282565 1.282009 1.284872 0.209144 0.028846 0.024925 0.201556 2.250030 2.277473 3.246579 3.257098 2.223777 0.127646 0.022636 0.018272 0.105723 0.078453 0.434730 0.472449 0.564326 0.533638 0.453787 0.058799 0.064018 0.046895 0.155185 0.242534 0.260833 0.296732 0.313656 0.220636 0.710223 0.032967 0.033333 0.152199 0.090645 0.067864 0.037468 0.476113 0.025703 0.025703 0.036129 0.033976
1.291157 2.295265 1.296424 1.295933 2.297147 1.296118 1.286024 1.293221 1.293669 2.288517 1.292572 1.290863 1.289241 1.287905 1.292478 0.267673 1.282812 2.285301 2.286216 1.283540 0.251611 0.242874 0.241392 3.250772 3.266511 3.224498 3.226422 1.078960 0.041339 0.024850 0.158072 0.137032 0.113564 0.075478 0.545098 1.620138 0.543089 0.066321 0.093819 0.032601 0.040857 0.031227 0.308038 1.375792 0.363797 0.346673 0.327400 0.018715 0.056373 0.040764 0.133201 0.095879 0.054085 0.187392 0.242500 0.165089 0.577902 1.796261 1.808467
2.292428 2.293722 1.297217 1.295865 2.298290 1.296263 0.292305 1.293623 1.294629 2.296169 2.295383 2.293843 2.292496 2.291095 0.258773 0.020759 1.282530 2.284122 3.286617 3.286266 2.290378 1.286168 1.282155 3.255642 3.275539 1.248045 1.221587 0.214786 0.025047 0.032615 0.161874 0.147575 0.126121 0.090858 0.530113 1.561167 0.045875 0.085732 0.113594 0.047371 0.058310 0.043359 0.337982 1.383284 0.368893 0.318741 0.324766 0.023614 0.057487 0.035165 0.107736 0.063898 0.155034 0.124829 0.310899 0.594369 1.733725 1.780708 1.793779
3.292834 2.296994 1.298895 1.297476 2.300259 2.299986 0.294542 0.296867 1.294329 2.299339 3.295744 2.296233 3.293545 2.293125 0.258668 0.032646 0.025841 2.279582 3.283049 4.283236 4.289158 3.287115 3.282450 3.258734 3.275091 1.267946 0.282955 0.239199 0.024619 0.014396 0.034828 0.032433 0.025307 0.080834 0.042916 0.696006 0.044198 0.082191 0.038093 0.064079 0.068810 0.049294 0.381252 0.394067 0.381037 0.027290 0.032845 0.030922 0.037986 0.099987 0.076256 0.162559 0.134468 0.089573 0.309044 0.170072 0.689276 0.663377 0.757472
4.298716 3.300662 3.304952 2.299703 3.301942 2.302728 1.300525 0.299228 0.299925 1.297663 3.297091 4.291842 3.295340 2.284065 0.030571 0.017372 0.029034 2.273629 3.285958 4.286851 4.289877 4.293655 2.281539 2.271872 2.268316 1.276434 1.288548 0.279143 0.234819 0.033117 0.026573 0.030724 0.024788 0.078452 0.042274 0.755656 0.724725 0.071022 0.046730 0.023827 0.025841 0.052269 0.340293 0.347423 0.043176 0.017372 0.035729 0.027290 0.158668 0.104759 0.183807 0.125609 0.084999 0.512917 0.014396 0.212964 0.212522 0.148537 0.014396
4.298548 5.299012 5.303858 3.298769 3.300643 2.301033 1.298928 1.298486 0.299915 1.298337 3.298653 4.296452 3.295400 2.285167 0.030480 0.017372 0.215521 2.281223 3.284317 4.285941 4.289242 4.290716 2.277996 2.265838 1.284799 1.279011 1.288404 1.300972 1.289834 0.224967 0.043967 0.077157 0.098640 0.074487 0.755608 0.709557 0.713264 0.087974 0.050378 0.025857 0.036735 0.027824 0.064461 0.061241 0.080665 0.017372 0.127662 0.097739 0.176842 0.109169 0.137716 0.515489 0.526364 1.476653 0.379252 0.298507 0.301286 0.014396 0.060432
4.297314 5.300004 5.304215 3.301073 2.301801 1.299101 1.297971 2.291517 2.292853 2.292710 2.294826 3.294380 3.294528 1.292007 0.234190 0.020835 1.291147 2.286332 2.289600 3.289522 4.289922 3.289866 1.288188 1.279224 1.285571 1.270799 1.290019 2.308308 2.288171 1.315777 1.311524 0.043265 0.024895 0.031044 0.027595 0.110522 0.142051 0.138466 0.053749 0.080498 0.027397 0.032952 0.065086 0.050027 0.036339 0.068810 0.130759 0.116432 0.060873 0.085731 0.100767 0.515827 0.527503 0.492695 0.361933 0.251590 0.256021 0.188687 0.689989
4.297947 5.300463 5.303143 2.298243 1.301200 0.298577 2.289716 2.293745 3.293326 2.292571 2.292397 2.290174 3.290318 2.291345 1.285657 0.236074 1.287470 2.286749 3.290745 3.289112 3.291042 2.290012 1.286405 1.277915 1.283955 0.285399 1.294911 1.293353 1.290465 2.311664 1.298852 0.251291 0.025444 0.032891 0.038720 0.028236 0.227302 0.024544 0.045616 0.062888 0.086907 0.037225 0.032646 0.020682 0.055276 0.033302 0.033485 0.083855 0.055611 0.066140 0.031441 0.124947 0.112038 0.072656 0.234159 0.838676 0.938255 0.935602 0.780200
4.300389 5.301080 5.309030 2.301543 1.298746 2.292145 2.294049 2.295382 3.290718 3.291886 3.292908 3.289387 3.292072 3.292819 2.287232 1.293241 2.291656 2.289952 3.289208 4.290863 3.292392 3.295107 1.286957 1.278161 1.285511 0.278772 0.271782 0.262146 0.269807 1.328461 1.321306 1.309383 0.220182 0.069846 0.027717 0.032250 0.265129 0.290885 0.277932 0.231406 0.054939 0.017372 0.034615 0.068458 0.055306 0.034370 0.036049 0.067910 0.100258 0.262198 0.283394 0.216788 0.182212 0.116951 0.207202 0.871923 2.045174 1.057603 0.058787
3.298352 4.295259 4.299053 2.294852 2.297606 3.294547 3.293411 3.295238 3.294995 3.293708 3.294358 3.294164 3.295815 3.297277 2.290442 2.297307 2.293331 2.291424 3.291093 3.292045 4.295644 3.292296 2.298541 1.281675 1.286768 1.285566 0.251453 0.031486 0.032218 1.321633 1.321234 1.316555 0.257617 0.074502 0.113744 0.033746 0.028664 0.293999 0.277062 0.221870 0.043038 0.017372 0.029931 0.047311 0.073678 0.142936 0.153679 0.096611 0.111824 0.263100 0.281396 0.235191 0.210228 0.132393 0.190640 0.908747 0.053641 0.068345 0.074623
2.295384 3.304110 2.305195 2.300580 4.287444 5.303926 3.295507 3.296989 3.295443 3.295147 3.299413 2.291605 2.292320 2.291945 3.284794 3.296620 2.292059 2.290191 3.290683 3.290910 4.292862 4.292364 2.293427 1.281171 1.286191 1.283685 0.249521 0.048103 0.050255 1.313835 1.301385 1.307620 0.251033 0.071785 0.113010 0.036613 0.040917 0.027473 0.242622 0.188577 0.038108 0.020180 0.065148 0.038977 0.054939 0.120262 0.136742 0.096137 0.138008 0.068199 0.265893 0.227821 0.237633 0.017967 0.026116 0.053584 0.072690 0.075770 0.076646
1.277492 2.303387 1.302723 2.291572 4.294222 5.300708 3.300681 1.296047 1.296963 3.289865 3.294838 2.289228 2.290332 2.290241 3.289034 5.296685 4.296069 3.294200 3.291497 5.292193 4.293353 4.291943 2.294226 1.281597 1.285765 1.283590 0.258304 0.067954 0.074273 0.290692 0.255941 1.301984 0.211019 0.052913 0.022057 0.038826 0.035149 0.026359 0.158837 0.133736 0.030418 0.043755 0.038093 0.066216 0.040413 0.094979 0.113883 0.014396 0.026436 0.056404 0.032525 0.150642 0.017967 0.021034 0.026954 0.063779 0.065978 1.069758 0.069515
1.268385 1.306728 1.310704 3.276311 4.296866 4.304358 3.306440 1.296445 1.297261 3.284240 3.291508 3.279782 3.282748 2.289018 3.287175 6.295321 5.293695 5.295550 5.293431 5.292346 4.292553 3.292532 2.295499 1.282802 0.253758 0.041237 0.074469 0.109534 1.138748 0.082939 0.044624 0.207905 0.198464 0.042641 0.050481 0.022117 0.048241 0.390238 0.420127 0.456281 0.066881 0.032387 0.047740 0.048698 0.466759 0.498742 0.067543 0.060933 0.033668 0.042122 0.039589 0.158946 0.124303 0.094537 0.079488 0.061164 1.008394 0.040732 0.043922
1.250203 1.302402 1.311981 3.266642 4.292256 4.304994 3.292856 3.291063 4.287083 4.292037 6.277059 6.280304 4.287281 3.281318 3.287968 6.290486 6.290271 6.292399 6.292349 4.291210 3.282947 2.291542 2.293540 1.277778 0.247279 0.018868 0.103412 1.137124 2.136972 0.108955 0.028069 0.026147 0.044136 0.032096 0.338268 0.029350 0.030067 0.388083 0.356072 0.027504 0.022423 0.025535 0.065605 0.361784 1.482624 1.507174 0.051414 0.048118 0.098244 0.096910 0.136910 0.929281 0.996593 1.002970 1.029672 1.051715 0.993348 0.961145 0.925289
1.265065 2.249203 2.280977 3.291486 4.294747 4.294497 3.289889 4.293477 5.292900 6.287990 7.291163 6.290620 5.288828 4.282681 3.291182 4.303347 5.296813 6.296905 6.289605 4.281758 2.304331 2.301677 3.289536 1.194632 0.032068 0.025551 0.018806 0.117759 1.134758 0.118737 0.017372 0.017372 0.020180 0.328174 1.465339 0.372613 0.353456 0.348504 0.275428 0.026299 0.018228 0.031853 0.062568 0.034965 0.396066 0.030769 0.052010 0.050804 0.030524 0.034493 0.034478 0.106368 1.038241 2.067946 1.071413 1.079827 0.060434 0.046984 0.916144
