use_cases/Flooding_chicago/flooding_data/output/h_2940.asc
ncols 337
nrows 393
xllcorner 428428.000000
yllcorner 4602440.000000
cellsize 26.757400
NODATA_value -9999.000000
[rows 270 to 296 of 393, columns 59 to 117 of 337]
0.093728 0.108895 0.115196 0.059867 0.033821 0.035835 0.086280 0.047142 0.224587 0.040275 0.022591 0.022591 0.061256 0.040170 1.280112 2.286981 2.282739 1.284996 0.211335 0.017372 0.031639 0.333550 0.192695 0.033485 0.025581 0.033959 0.042182 0.042900 0.755347 2.988801 3.006557 2.011694 3.023656 2.977506 1.063066 1.092887 1.070027 1.050172 0.993585 0.979657 0.088156 0.189868 0.206562 0.163336 0.885063 0.850125 0.867128 1.922890 1.910839 1.910255 2.951130 2.944103 2.937091 1.995455 2.003368 1.994968 1.994902 1.986887 1.984256
0.052909 0.055199 0.061103 0.082009 0.034112 0.034720 0.060845 1.332894 1.322469 0.297449 0.054863 0.071983 0.066032 0.059029 1.267769 3.289821 3.287179 2.291879 0.247202 0.017372 0.026329 0.419021 0.061977 0.025703 0.033257 0.026878 0.036553 0.043082 0.753037 1.962378 3.021165 3.055479 3.030129 3.999310 1.938139 1.087603 1.089755 1.057718 0.979001 0.043514 0.014396 0.274956 0.276567 0.250755 0.209450 0.211052 0.104572 0.871107 0.827791 0.837432 1.861845 1.860554 1.976546 1.958171 1.980139 0.964748 0.942984 0.935720 0.998986
0.076012 0.073554 0.076164 0.085259 0.032524 0.032708 0.049995 1.342294 1.338705 0.297062 0.048911 0.063667 0.051171 0.045723 1.264519 3.278893 3.277082 2.287531 0.230691 0.152158 0.670201 0.613946 0.123008 0.027398 0.041466 0.033227 0.032722 0.049645 0.047188 0.075169 1.965641 3.000209 2.995775 3.960186 2.815763 2.154456 2.168247 1.022253 0.132875 0.018028 0.378660 0.348267 0.335107 0.306833 0.291494 0.293622 0.024925 0.025841 0.101335 0.163779 1.000664 1.040309 1.922173 1.017953 0.995217 0.061010 0.080731 0.146448 1.044493
0.069282 0.057580 0.057275 0.062843 0.025383 0.025444 0.041207 1.341077 1.336632 0.294198 0.044334 0.050163 0.356652 0.352008 2.273829 2.285293 0.244180 0.233597 0.217735 0.153526 1.658021 0.599483 0.131450 0.186317 0.035301 0.027168 0.033364 0.033211 0.039955 0.051522 0.106426 0.901068 2.009332 1.974267 1.947271 1.989475 2.048329 1.010921 0.228258 0.021004 0.373870 1.359071 1.381493 0.333449 0.322851 0.327137 0.031151 0.036080 0.021355 0.276519 1.035907 1.133547 1.125060 1.022202 0.056100 0.076806 0.014396 0.230970 1.021137
0.043175 0.079689 0.070870 0.070442 0.068097 0.030586 0.028344 1.339348 1.334130 0.292000 0.046028 0.058829 0.045739 0.033654 1.271919 0.221672 0.024834 0.027945 0.019447 0.160592 0.634352 0.083208 0.027687 0.034874 0.036506 0.053169 0.080952 0.049919 0.058342 0.032951 0.099205 0.179165 0.853572 0.894043 0.868353 1.089319 2.256391 2.288426 1.343800 0.018028 0.404803 0.395613 0.374840 0.333479 0.324696 0.328329 0.024925 0.025841 0.487502 1.430356 2.265220 2.353392 1.329508 0.284250 0.025789 0.026955 0.336780 0.336852 0.248747
0.056477 0.080254 0.272072 0.274223 0.079430 0.102744 0.211540 1.346518 1.336142 0.288342 0.047905 0.061730 0.058464 0.048653 0.029853 0.025826 0.029457 0.025002 0.241082 0.230488 0.190850 0.020180 0.017372 0.017372 0.038902 0.036155 0.047433 0.054192 0.048654 0.189720 0.209190 0.162516 0.397797 0.020348 0.089192 1.072626 2.317688 3.430305 3.418448 0.497689 0.447140 0.430697 0.398970 0.036924 0.044820 0.033148 0.492067 0.503499 1.490396 1.429649 2.188257 2.225850 1.334165 0.357491 0.033567 0.039483 0.026955 0.395403 0.300252
0.088570 0.058052 0.307242 0.311897 0.272718 0.155414 0.152686 0.231712 0.244317 0.031410 0.052696 0.059211 0.054375 0.035666 0.236919 0.258111 1.293006 1.299449 1.292733 0.252308 0.241524 0.253157 0.027229 0.033025 0.028160 0.112465 0.073417 0.108168 0.139107 0.217384 1.286339 1.322770 0.219673 0.023582 0.040914 0.293866 3.525085 6.570951 5.495805 1.550001 0.491894 0.480804 0.038056 0.060873 0.066713 0.047474 0.498786 0.505191 1.496550 1.483715 0.427339 0.426968 1.398968 0.436985 0.032524 0.033465 0.025754 0.484059 0.049323
0.061440 0.171317 0.222010 0.240319 0.251626 0.110453 0.099892 0.163078 0.164848 0.028252 0.039802 0.042626 0.034492 0.561242 0.171990 0.248024 1.292471 1.293366 1.290963 0.254174 0.239601 0.244301 0.187325 0.160989 0.141303 0.070839 1.182793 0.134942 0.173865 0.217308 1.277016 1.311271 0.225991 0.022591 0.022591 0.036377 3.439565 6.481670 5.421721 2.515771 1.521983 0.487985 0.050308 0.072320 0.083690 0.018089 0.496799 0.511758 1.521817 1.512655 1.551723 1.551998 1.484613 0.506538 0.026031 0.573513 0.577536 0.552947 0.057499
0.082146 0.890121 0.963249 0.956166 0.176140 0.179359 0.085838 0.070198 0.195610 0.035348 0.051369 0.064323 0.041038 0.550868 0.106301 0.025643 0.030296 1.299490 1.295433 0.251672 0.028054 0.024803 0.206599 0.194803 0.155358 0.076913 1.184044 0.151605 0.077982 0.078454 0.056160 0.047523 0.047066 0.022591 0.022591 0.033543 2.463500 5.462642 5.408180 2.514039 1.500551 0.497416 0.052314 0.070111 0.021660 0.021660 0.031457 0.491741 1.566271 2.598614 3.601489 2.588857 2.585750 1.584416 0.578592 0.578593 0.579829 0.555398 0.064317
0.917872 0.958781 0.983335 0.983376 0.123451 0.146842 0.145544 0.167870 0.260968 0.243249 0.092936 0.034111 0.475138 0.478630 0.072044 0.030220 0.050697 0.052788 0.051704 0.047020 0.044532 0.028450 0.204211 0.201302 0.014396 0.095634 0.152659 0.155068 0.081990 0.080147 0.057289 0.050484 0.014396 0.038033 0.037588 0.473318 2.508561 4.522088 4.471643 2.524981 1.499953 0.543442 0.546923 0.054704 0.018089 0.057319 0.040707 0.548870 1.563837 2.572006 3.570914 3.578301 3.585102 3.586269 2.580747 1.578943 1.578860 0.567161 0.023507
0.973471 0.936960 0.975978 0.048518 0.098960 0.109826 0.091592 0.590270 0.211937 0.283304 0.123891 0.021691 0.477135 0.471398 0.065903 0.126594 0.053169 0.072960 0.071526 0.060539 0.036751 0.182228 0.182442 0.165152 0.114238 0.048729 0.055031 0.093529 0.121803 0.194435 0.150507 0.129656 0.019310 0.036082 0.409021 1.560165 3.504533 4.469082 4.386272 3.542426 2.576507 2.582369 1.572764 0.542713 0.025629 0.574334 0.589505 0.567293 1.560114 2.568625 2.576424 3.551346 4.563144 4.564348 3.571627 2.569680 1.572520 1.568323 0.022942
0.944436 0.860865 0.023796 0.043282 0.062768 0.058343 0.527301 0.571110 0.635904 0.134300 0.232096 0.313791 0.408577 1.432656 0.274987 0.097191 0.057092 1.079413 1.079322 0.055626 0.212059 0.179120 0.163981 0.140739 0.092368 0.109397 0.082299 0.108116 0.113762 0.139433 0.447210 0.431585 0.453957 0.469787 1.549357 1.545033 2.518757 2.532261 2.469516 3.540434 3.546900 3.545333 2.560023 1.547723 0.501263 0.577689 0.578505 1.596155 2.594157 2.578486 2.582683 2.567366 3.574829 3.570425 2.576221 1.557284 0.584256 0.576559 0.033861
0.021477 0.491437 0.283339 0.250135 0.259176 0.283575 0.413652 0.412700 0.108786 0.170677 0.262748 0.323204 0.371396 0.374813 0.039147 0.037682 0.021492 0.074959 0.071266 0.057304 0.027855 0.132622 0.110986 0.092842 0.059898 0.072411 0.096397 0.059761 0.112331 0.112676 0.426825 1.540739 1.583493 1.591580 1.570544 1.563425 2.531828 2.548970 1.543498 2.483724 2.513939 3.562254 3.570129 2.552928 1.585631 1.594401 1.595693 2.594131 2.580541 2.575447 2.568397 1.549196 3.561001 2.570761 1.565366 0.587995 0.584836 0.574764 0.524109
0.052538 0.967018 0.922548 0.969866 0.156827 0.160377 0.968961 0.225877 0.077412 0.022942 0.023567 0.330742 0.290159 0.033958 0.037697 0.027396 0.036324 0.021309 0.051887 0.037575 0.064964 0.076547 0.281425 0.187187 0.457299 0.032050 0.092353 0.050193 0.054924 0.053062 0.442245 1.569739 2.590347 2.603456 2.587684 2.588143 3.585728 2.568894 1.554917 0.592055 1.590009 2.540099 3.569164 3.580142 2.595068 2.599317 2.600438 3.600780 2.586000 2.580806 1.583737 0.592526 2.599231 3.602831 2.590365 0.605459 0.603667 0.600185 1.641304
1.055726 1.092700 2.057431 1.096305 1.047851 1.051259 2.060749 1.018531 0.022117 0.023507 0.027366 0.267006 0.207359 0.046151 0.050285 0.032539 0.033944 0.059825 0.053611 0.091927 0.125907 0.049720 0.031731 0.103280 0.361823 0.201561 0.112412 0.169655 0.081706 0.098310 0.105608 1.559639 2.586448 2.598513 2.582504 2.587176 3.556918 2.574150 2.590942 0.597126 1.589492 1.584836 2.587151 3.566204 2.597331 2.595572 3.603546 3.595810 2.590067 2.585462 1.595936 1.611129 2.591818 3.596957 2.586147 1.606816 0.606908 0.607299 1.673783
2.061315 2.059056 2.089092 2.080920 2.081732 2.085460 2.091046 1.049456 0.037708 0.039757 0.019310 0.130365 0.421344 0.047172 0.049970 0.031959 0.032356 0.047386 0.067513 0.247749 0.074646 0.036263 0.017967 0.032372 0.029884 0.329643 0.250217 0.163005 0.219902 0.130747 0.204093 0.142205 0.499390 0.494831 0.544935 2.552956 2.518169 2.530444 2.533827 1.630122 1.592498 2.610533 2.593566 2.588034 2.599428 2.597515 3.598785 3.595491 2.590043 2.585159 1.594597 1.600292 2.591462 3.586556 2.584576 2.600097 1.598114 1.587080 0.620634
1.072680 2.081903 2.086649 2.092157 2.093151 2.096016 2.100118 2.078810 1.084026 0.052852 0.099711 0.187462 0.285453 0.041252 0.036843 0.025185 0.025307 0.033348 0.046806 0.180448 0.143631 0.036873 0.021034 0.017967 0.037605 0.024971 0.136437 0.105033 0.175279 0.097725 0.247910 0.240455 0.022591 0.022591 0.567720 1.580806 1.575495 1.578318 1.590809 1.611573 1.596831 2.578839 2.572444 2.588202 2.598906 3.602038 3.599354 3.597672 3.602632 2.590293 2.605236 1.599654 2.592582 2.575962 1.600181 2.613609 2.600756 1.586186 0.619592
1.079630 2.084965 2.085154 2.092717 2.094671 2.099561 2.105579 2.078831 1.101962 1.097513 1.009397 0.191356 0.186474 0.032845 0.050270 0.049812 0.046882 0.035728 0.045357 0.501027 0.558853 0.061449 0.030048 0.020302 0.029137 0.041160 0.155954 0.165003 0.121747 0.320978 0.278899 0.270863 0.022591 0.022591 0.556134 1.573563 1.580866 1.586831 1.600201 1.617642 1.604432 1.608013 1.605901 2.572365 2.595219 2.589552 3.602207 3.598529 3.597687 4.614839 3.609501 2.602533 2.583139 1.603623 2.615038 3.622373 3.605934 2.595947 0.526416
1.073147 2.078636 3.057981 3.074182 3.081538 3.074430 2.095425 2.076083 2.064346 1.087909 1.023311 0.140487 0.107509 0.038765 0.046807 0.046498 0.037240 0.068082 0.577645 2.674549 2.702093 0.517401 0.040153 0.021142 0.041848 0.040671 0.628103 0.091488 0.069868 0.306024 0.265609 0.221890 0.183932 0.641139 1.540907 1.616397 1.615058 1.620017 2.661753 1.637001 1.616772 1.618892 1.624060 0.614105 0.615577 1.597430 3.593729 4.599524 4.598732 4.591487 3.599940 1.605085 1.600209 1.593761 1.605072 3.620434 3.604313 2.591502 0.517909
2.012564 3.070601 3.082706 3.079386 2.092362 2.098921 2.108218 2.075540 2.074915 2.067824 1.060849 1.003430 0.125444 0.035607 0.051802 0.044228 0.073427 0.601805 1.715663 3.658194 3.749150 1.660932 0.464960 0.303434 0.178878 1.727382 0.715715 0.068975 0.376324 0.334995 0.238750 1.091292 1.087401 0.754756 1.502651 1.593046 1.592647 1.619905 2.605163 2.638173 1.613346 1.616673 1.619637 0.613513 0.611345 1.588640 2.572140 3.586512 3.578670 3.581369 3.594056 1.599105 1.593926 0.597279 1.593224 2.598628 2.602090 1.578822 0.556365
3.024174 2.043009 2.053441 1.092317 1.076575 0.084198 0.092114 1.049884 2.071672 2.071802 2.072858 2.079115 1.032364 0.060868 0.066219 0.076641 0.078429 0.631800 1.677203 2.654073 1.715090 1.695161 0.468345 0.298854 0.816277 0.779938 1.620528 0.577277 0.465630 0.376747 1.136695 1.167937 1.166843 0.111285 0.534513 0.036251 0.033034 1.507456 1.496565 1.507396 1.567908 1.601833 1.611732 2.631531 2.628206 2.632439 1.612886 2.584040 2.602696 2.607272 3.608002 2.619229 2.618254 1.620143 1.608195 2.610206 2.609915 0.067511 0.104759
3.037826 2.015248 0.972960 0.060838 0.059807 0.061388 0.074896 1.047709 1.062374 2.051686 2.054275 1.049324 1.062162 0.990811 0.929624 0.051154 0.051245 0.633452 1.640699 0.034701 0.041255 0.521710 0.360377 0.905990 0.932245 0.785657 1.595046 1.690458 0.498459 0.409413 0.293787 1.211375 0.202305 0.162210 0.110878 0.071550 0.054556 0.666572 0.727570 0.710406 0.662289 1.595701 1.628186 1.631824 2.610144 2.634910 1.617032 1.613753 2.601256 2.610973 3.610536 2.614569 2.614732 1.616892 1.603946 2.613043 2.586045 0.060317 0.017967
3.042542 2.002414 0.948193 0.884875 0.892455 1.881306 0.063456 0.072955 0.081113 1.077747 1.075817 0.079621 0.076216 0.043667 0.832538 0.827237 0.821133 0.761144 0.752042 0.031016 0.048479 0.042364 0.259765 0.931412 1.069533 0.044522 0.441540 0.492461 0.432421 0.376847 0.281965 1.223714 0.214852 0.177071 0.119911 1.019326 1.047215 0.873383 0.820945 0.768734 0.680342 1.592651 1.631865 1.631951 1.630577 2.621410 1.622268 1.617958 2.601511 2.612178 3.602604 2.614380 2.605165 1.619653 0.613379 1.611549 2.579726 0.056025 0.021034
1.997249 1.985412 1.945270 0.927725 0.923551 1.890084 0.075081 0.030204 0.040993 0.043465 0.040993 0.030205 0.079730 0.055731 0.855357 0.858077 0.841769 0.841234 0.018981 0.826412 0.043443 0.044677 0.211792 0.929509 1.051575 0.041861 0.401307 0.422823 0.397801 0.360928 1.143232 2.273220 0.224454 0.183587 0.115195 0.980887 1.007309 1.921717 0.854688 0.786468 1.549677 1.585166 1.603227 1.615567 1.621949 1.623910 1.622282 2.611347 2.611073 2.612774 2.611519 2.610875 1.612406 1.616500 0.607331 0.607026 1.601211 0.037659 0.055375
1.994923 1.994340 1.985503 0.937083 0.928141 1.884974 0.081137 0.039254 0.054680 0.058068 0.054679 0.039253 0.071114 0.843798 0.882509 0.866968 0.847069 0.856191 0.017555 0.832478 0.048401 0.057483 0.035378 0.061236 1.015384 0.030592 0.346966 1.296358 1.340746 0.329429 1.157696 2.258558 0.218253 0.175600 1.066065 1.065829 2.106842 0.992267 0.901029 0.830174 0.603327 0.532694 0.565017 0.582973 0.596016 1.612000 1.609934 2.603610 2.598655 2.607702 2.604818 1.610831 1.610854 1.613380 1.609071 0.613040 0.613318 0.625438 0.630296
2.008739 2.025125 1.979755 0.928282 1.842503 1.858006 0.082631 0.033165 0.052208 0.056724 0.052208 0.033165 0.841207 1.875053 1.866914 1.872209 0.839613 0.835039 0.837372 0.819528 0.062233 0.023826 0.023033 0.035545 0.045437 0.235215 1.316042 1.342173 1.364905 0.307194 0.252685 1.221496 1.231116 0.190477 1.023446 2.117242 2.104464 2.152828 0.970228 0.911717 0.059612 0.057457 0.074973 0.071186 0.047953 0.622427 0.622941 0.623630 1.571402 2.602330 2.604030 1.609724 2.619230 2.616929 2.613053 1.611646 1.612269 0.027334 0.034824
0.924406 0.919158 1.873732 1.827960 2.856340 2.858968 0.814460 0.059522 0.033302 0.040337 0.033303 0.104367 1.823573 1.862220 1.876557 1.880522 0.838962 0.836478 0.847521 0.822448 0.071385 0.028237 0.023689 0.048708 0.025154 0.256755 1.325608 1.331705 0.307303 0.285949 1.209285 1.219203 1.207713 1.187832 1.126554 2.081908 2.060339 2.086913 0.988070 0.092042 0.102906 0.022971 0.097842 0.081962 0.044259 0.623705 0.623839 0.624965 0.621982 1.612583 2.614282 2.619452 3.615853 3.614846 2.613673 2.612329 1.600815 0.034016 0.042574
