use_cases/Flooding_chicago/flooding_data/output/h_3000.asc
ncols 337
nrows 393
xllcorner 428428.000000
yllcorner 4602440.000000
cellsize 26.757400
NODATA_value -9999.000000
[rows 162 to 188 of 393, columns 177 to 235 of 337]
0.047873 0.094582 0.102277 0.134422 0.130791 0.053612 0.020210 0.030235 0.146187 0.278558 0.275185 0.129936 0.078576 0.045992 0.053001 0.052391 0.065041 0.048018 0.066515 4.356822 5.393537 6.396679 5.355244 3.411929 2.424647 0.302048 0.309776 0.372004 0.341291 0.290064 0.195586 0.295209 1.880966 1.127326 0.091581 0.067096 0.056457 0.020699 0.089297 0.261785 0.591889 0.725207 1.534549 0.079431 0.025291 0.032798 0.048439 0.030128 0.037422 0.028801 0.034279 2.914057 3.912298 2.922542 0.869284 1.904010 1.896080 3.923635 4.936918
0.028649 0.091326 0.075050 0.163307 0.146355 0.060478 0.030174 0.019799 0.023949 1.522148 1.528174 0.019645 0.028404 0.029579 0.024224 0.045220 0.032707 0.039513 0.059912 2.418317 4.432971 5.468275 5.435742 4.450985 3.449251 2.452465 2.444809 0.391930 0.382808 0.340402 0.242775 1.320602 1.811570 1.071630 0.047587 0.053749 0.028984 0.020195 0.026619 0.291470 0.801223 0.941607 0.409899 0.087759 0.122702 0.091256 0.087656 0.032997 0.042671 0.032966 0.058861 3.872843 4.911160 3.897932 3.900860 3.904059 3.889081 5.913755 4.927898
0.039405 0.085560 0.090187 0.119529 0.100425 0.092857 0.035622 0.060982 0.375003 2.541178 2.544517 1.557815 0.022484 0.622307 0.023155 0.023017 0.024956 0.032875 0.033730 2.420477 3.370079 5.425234 5.404156 4.456184 3.434253 2.457803 2.449179 1.428543 0.382018 0.344356 0.251385 1.364456 0.501500 0.400200 0.041728 0.032257 0.017967 0.031760 0.031303 0.427690 1.067791 0.402887 0.187649 0.127796 0.129854 0.765918 1.875215 0.695202 0.080076 0.065096 1.885821 5.918090 6.914974 5.917445 4.910999 3.907634 4.889325 5.920887 4.929522
0.086251 0.064811 0.077871 0.136145 0.127114 0.050102 0.039040 0.070076 0.368889 1.519157 2.530286 1.495796 0.641030 1.624276 1.630180 0.577279 0.033104 0.046227 0.038687 2.418280 2.467746 3.407496 2.440101 2.468132 3.426126 2.461243 1.450325 1.429415 0.383769 0.318971 0.237338 0.116671 0.694860 0.375773 0.075316 0.017967 0.021034 0.028053 0.919137 0.866150 0.753465 0.390053 0.355896 0.029030 0.104431 0.788331 1.919933 1.956731 0.932953 0.959305 1.898108 5.876318 6.898332 6.906174 4.897871 4.901259 5.895206 5.911508 4.917214
0.086144 0.033973 0.037026 0.193306 0.080315 0.095955 0.062736 0.054406 0.073844 0.389442 1.495352 0.432381 0.504767 1.602363 1.591327 0.563011 0.030037 0.053459 0.065727 2.399745 2.474182 2.512499 1.490105 2.481467 2.468809 2.477347 1.476138 0.361595 0.066636 0.031964 0.027921 0.036917 0.426898 0.625467 0.120795 0.028127 0.027321 0.034843 0.896378 2.148928 1.117481 0.097236 0.073223 0.040351 0.055765 0.063809 0.912737 0.990009 0.969342 0.976399 1.895149 4.842751 4.893884 4.905632 4.899089 4.901371 4.903603 3.913891 3.914009
0.054330 0.029548 0.033257 0.078300 0.106560 0.091164 0.071131 0.073128 0.106942 0.314479 0.329780 0.032417 0.031502 0.048455 0.510750 0.554739 0.020043 0.068550 0.053372 2.322979 2.444758 2.507617 1.431016 1.444697 1.442372 1.424254 1.422128 0.332713 0.098645 0.033211 0.028542 0.040704 0.102216 0.970079 1.157600 0.101303 0.453495 0.397565 0.996863 2.018043 1.092734 0.057912 0.014396 0.092242 0.062299 0.038307 0.041894 0.988678 0.980744 0.985257 1.832226 2.719056 1.829664 1.860279 2.888974 3.891945 3.894917 2.895320 2.893217
0.047951 0.022423 0.039698 0.093178 0.052482 0.030761 0.057563 0.057746 0.089410 0.080554 0.043739 0.032875 0.030296 0.044060 0.067390 0.071389 0.155464 0.089271 0.586310 2.078387 2.308176 2.224437 0.269448 0.023024 0.294031 0.045062 0.085227 0.136539 0.102380 0.058162 0.014396 0.019310 0.163668 0.923351 2.082331 2.136225 0.616550 0.512405 0.599526 0.616990 0.591494 0.079622 0.124352 0.126000 0.026787 0.026070 0.033195 0.074297 0.898901 0.903042 0.837431 1.012732 0.178733 0.107463 0.759965 1.785176 1.827279 1.796988 1.778032
0.042107 0.030113 0.029794 0.113863 0.029549 0.026177 0.035057 0.033043 0.054849 0.048836 0.041633 0.035286 0.026970 0.035224 0.034919 0.140205 0.020042 0.030418 0.339629 0.438689 1.557113 0.485462 0.062189 0.028588 0.075598 0.039609 0.056417 0.094086 0.144726 0.088310 0.076092 0.457205 1.128762 1.928666 2.077880 1.142650 0.091320 0.069830 1.789179 0.733772 0.677458 0.088618 0.129506 0.140438 0.036674 0.034249 0.046684 0.039666 0.154620 0.190320 0.294214 1.221143 0.295557 0.018654 0.050412 0.034663 0.913354 0.997947 1.034698
0.039635 0.020745 0.036278 0.085426 0.027565 0.014396 0.019310 0.028007 0.036583 0.025063 0.022881 0.035301 0.029853 0.040962 0.054191 0.037452 0.031243 0.020530 0.493994 0.655651 1.080683 0.776165 0.064925 0.037676 0.074909 0.031319 0.029030 0.131767 0.244307 0.796671 0.972954 0.657903 0.530565 0.631528 0.725584 0.115711 0.044824 0.029945 1.818060 1.849800 0.686821 0.099226 0.036644 0.047203 0.049477 0.037971 0.037391 0.058266 0.045681 0.030906 0.420236 1.375018 1.433236 0.024528 0.017967 0.021034 0.044050 0.961913 1.079826
0.020745 0.033898 0.025841 0.046974 0.037178 0.048820 0.031959 0.034037 0.030861 0.037437 0.040291 0.096657 0.026055 0.034751 0.034753 0.112978 0.114709 0.056175 0.773653 0.879917 0.907370 0.934868 0.142948 0.030342 0.038949 0.039451 0.032021 0.165654 0.387278 0.721155 1.906768 0.618471 0.378223 0.236925 0.149109 0.105313 0.099992 0.216262 1.755904 1.870224 0.752794 0.134621 0.054345 0.064429 0.044273 0.031258 0.056626 0.813203 0.029085 0.031094 0.472984 1.417955 1.438525 1.402845 0.094691 0.017967 0.076699 2.159568 1.206077
0.036232 0.025795 0.028312 0.056161 0.034187 0.044762 0.039910 0.042869 0.042260 0.058327 0.277819 0.058663 0.021431 0.053520 0.073359 0.627912 0.677697 1.239250 2.163852 2.291647 2.271387 1.219948 0.201036 0.042366 0.026436 0.014396 0.019310 0.286848 0.519069 0.680855 0.678344 0.032448 0.040951 0.039070 0.027168 0.037682 0.155978 0.258066 1.694167 1.833006 0.755005 0.145191 0.058190 0.057626 0.071343 0.045265 1.791150 2.815578 1.805564 0.025475 0.507121 1.402524 1.429784 1.232327 0.890402 0.044993 0.625583 1.941579 1.198437
0.044594 0.032311 0.019539 0.037117 0.038353 0.066078 0.045342 0.098716 0.255909 2.415419 2.447174 1.387196 0.027900 0.031394 0.666803 0.698600 0.702090 1.181988 2.593878 2.206106 1.068730 1.074109 0.213004 0.023587 0.023552 0.121514 0.089769 0.491983 0.651425 0.432623 0.038826 0.028404 0.031944 0.027260 0.026740 0.054420 0.253852 0.321741 0.543584 0.552005 0.508931 0.091820 0.048287 0.048439 0.197826 0.128463 1.730966 2.776957 1.781663 0.657492 0.523643 0.410395 0.396602 0.468504 0.813381 0.860284 1.727596 1.515087 1.158361
0.054069 0.035148 0.020500 0.040932 0.038933 0.060508 0.101206 1.255655 2.374432 3.398451 2.465249 1.294017 1.051195 0.939807 0.846839 1.735228 1.795050 1.526060 1.088523 1.188302 0.343354 0.069237 0.082692 0.024916 1.118883 1.140469 2.117876 0.903284 0.817050 0.079528 0.031456 0.024254 0.044090 0.076484 0.152258 0.086451 0.382718 0.270532 0.166862 0.129559 0.070092 0.132119 0.073737 0.061209 0.160260 0.569579 0.521747 0.478409 0.475601 0.487166 0.047110 0.034904 0.040239 0.042284 0.856139 1.849211 1.834212 1.688231 0.809189
0.042855 0.044700 0.030480 0.046654 0.046572 0.207754 1.017202 1.105618 1.203561 1.178966 2.341838 1.268436 1.063290 1.789662 1.913828 2.861938 2.944615 1.876479 0.071702 0.066852 0.089135 0.125936 0.121470 1.125559 2.131575 2.144245 2.115005 2.103129 0.820500 0.042288 0.031409 0.019799 0.032952 0.033730 0.140022 0.769249 0.625137 0.073388 0.059151 0.072456 0.063927 0.124138 0.100961 0.078682 0.064949 0.083017 0.032066 0.038002 0.041344 0.041236 0.038185 0.035394 0.026574 0.075869 1.000822 1.633096 1.812621 1.068966 1.140486
0.111915 0.064018 0.047096 0.997208 3.328366 2.353752 2.295435 0.910700 0.020134 0.029548 0.218933 0.255918 0.890178 1.782717 2.835835 2.839514 2.882719 1.873710 0.017372 0.017372 0.127202 1.178203 2.149655 3.164315 4.171526 4.179670 3.158801 2.116424 0.079376 0.033565 0.033318 0.014396 0.024697 0.032280 0.148566 0.345215 0.159833 0.115318 0.030373 0.035774 0.150887 0.110040 0.193154 0.024941 0.047874 0.047645 0.030143 0.025307 0.032342 0.029321 0.041602 0.039803 0.027977 0.801123 1.530275 0.592804 0.519082 1.338918 1.393085
0.172401 0.133766 0.239671 3.350091 4.359412 3.381260 2.330550 0.276512 0.017372 0.017372 0.020180 1.159395 1.019552 0.840475 0.751802 0.682952 0.728610 0.746119 0.102474 0.149405 2.168339 3.198656 4.156990 4.174144 5.168769 4.166296 3.134504 0.868316 0.037864 0.038276 0.018898 0.025780 0.028251 0.024131 0.030641 0.487464 0.028678 0.037255 0.034645 0.051018 0.171701 0.193245 0.033821 0.038977 0.027000 0.024406 0.031593 0.027977 0.031685 0.032372 0.282131 0.392297 0.315269 1.812101 1.860070 0.805056 0.722782 2.608297 2.682393
0.173777 0.313020 2.340783 4.402903 4.376524 4.401955 3.395697 2.425589 0.302169 0.268369 0.255774 0.963431 0.947799 0.094489 0.029061 0.036873 0.027016 0.124358 1.159606 2.190964 4.142369 5.190828 6.143243 5.175792 4.170615 3.160853 2.158440 0.114154 0.028525 0.024971 0.036827 0.028236 0.036018 0.041191 0.036583 0.670204 0.037468 0.024879 0.028145 0.036735 0.033836 0.201775 0.047813 0.022591 0.022591 0.027000 0.029991 0.044975 0.044747 0.047279 1.131919 2.288659 2.328629 2.022918 2.898769 3.070053 1.872419 2.602395 3.749397
0.063454 0.267877 2.367740 3.396577 4.342763 4.383039 4.398151 3.395599 2.359708 2.359965 2.393894 0.997759 0.110055 0.095085 0.028496 0.024513 0.029731 0.132068 1.169384 3.191822 4.166225 5.184015 6.153599 5.175745 4.173081 2.167497 1.039232 0.047431 0.026696 0.018853 0.037697 0.036842 0.044670 0.087013 0.811257 1.874014 1.894149 0.028725 0.045235 0.017372 0.035530 0.081199 0.030571 0.022591 0.022591 0.037209 0.040855 0.045724 0.088487 0.164057 1.060288 2.079544 2.163023 2.020950 2.778286 2.872565 3.703255 3.756804 3.770336
0.058037 0.061517 1.344071 2.432297 3.359180 4.385010 4.394152 4.413171 3.388851 3.393673 2.390534 0.034435 0.023567 0.027367 0.019309 0.026024 0.117627 0.162057 1.153412 3.172758 3.162646 4.170543 5.144973 5.164810 4.170107 2.160877 1.101571 0.092863 0.052467 0.061851 0.051903 0.067604 0.116436 0.131333 0.835304 1.872856 1.859413 0.064941 0.032341 0.017372 0.025261 0.038201 0.041054 0.044106 0.034370 0.037254 0.062355 0.144432 0.134805 0.246534 0.948024 1.245126 1.799528 2.820168 2.723310 2.784371 4.705294 4.732688 4.751076
0.062432 0.055809 0.058373 0.313154 2.373058 3.316039 4.349611 4.383161 3.379193 3.380947 3.386305 0.029244 0.022942 0.023507 0.040413 0.040329 1.128321 1.167864 3.137889 3.167219 3.152191 3.140128 3.143294 3.158203 4.123670 2.150831 0.098534 0.032494 0.050223 0.047661 0.046258 0.072105 0.092003 0.755060 1.857542 1.865928 1.883434 0.069924 0.091819 0.027596 0.024193 0.030525 0.081794 0.065971 0.038963 0.045663 0.073677 0.058875 0.134764 0.165394 0.772711 1.331544 1.334911 1.544698 1.455462 1.650991 4.688704 4.695297 4.705482
0.071190 0.071633 0.096635 0.287812 2.369640 1.412810 2.387329 3.390738 3.388774 3.386985 3.313433 0.501703 0.029176 0.028377 0.041450 0.066528 1.107947 2.131517 3.118222 3.130413 2.141236 0.949891 0.103468 0.117218 0.853595 0.086380 0.050635 0.037620 0.032204 0.145012 0.025017 0.055366 0.073158 1.796302 1.839039 1.822753 0.807212 0.083718 0.074623 0.040626 0.096321 0.085076 0.061761 0.084800 0.049232 0.063713 0.028755 0.039149 0.025754 1.129514 2.198490 1.605875 1.293783 1.078070 0.094791 0.069327 1.549758 2.635191 1.628830
0.059318 0.055428 0.143104 0.289486 1.340860 1.401881 2.368060 2.335865 2.342688 2.351119 1.054942 0.324843 0.280502 0.164831 0.193732 0.952716 2.083439 3.075630 2.110867 0.910580 0.096248 0.046455 0.027029 0.142464 0.261855 0.035149 0.053474 0.018471 0.101586 0.092140 0.070381 0.042671 0.072136 0.833470 0.844552 0.052206 0.027000 0.024406 0.042870 0.066079 0.068763 0.058754 0.041206 0.085570 0.122437 0.824643 0.998675 0.795840 0.912693 1.952781 2.209324 1.116742 0.999459 0.682199 0.086848 0.040725 0.047614 0.085289 0.091514
0.097756 0.225639 0.217130 0.124244 0.430454 1.457631 2.418193 1.398658 0.274189 0.041802 0.027137 0.028160 0.043159 0.114054 0.171189 0.884228 0.991376 0.837330 0.862583 0.055687 0.044106 0.039162 0.034636 0.037728 0.274421 0.025947 0.030907 0.023658 0.071694 0.395577 0.031792 0.077331 0.047340 0.836189 0.021782 0.022591 0.022591 0.027000 0.058739 0.111321 0.087039 0.140325 0.094842 0.481427 1.050596 1.830436 1.971846 1.559627 1.155358 1.641085 1.763685 0.989053 1.054424 0.991160 0.159377 0.022530 0.043266 0.032280 0.058457
0.034645 0.081840 0.072425 0.109993 0.058204 1.440754 2.347292 1.303112 0.057910 0.021629 0.023399 0.024284 0.031609 0.040337 0.155507 0.176663 0.183342 0.086144 0.096821 0.052240 0.039512 0.047737 0.034859 0.026162 0.389550 0.031090 0.033287 0.064247 0.081505 0.300453 0.218636 0.869199 0.883635 0.864736 0.055397 0.022591 0.022591 0.051446 0.049370 0.074105 0.095241 0.572410 1.657013 1.650662 1.302696 1.713494 1.985826 0.026986 0.031091 0.778923 0.743369 1.136413 2.410603 1.235190 0.238746 0.041050 0.019798 0.035882 0.059425
0.024086 0.078362 0.071405 0.045523 0.073355 0.368790 1.396322 1.296981 0.632650 0.031823 0.024284 0.014396 0.033181 0.047875 0.076010 0.106346 0.137151 0.091409 0.091636 0.072685 0.063134 0.072136 0.050759 0.068244 0.452324 0.026527 0.033745 0.058266 0.081963 0.050850 0.824380 0.841469 0.834358 0.799199 0.726801 0.030007 0.038201 0.032432 0.036171 0.083689 1.751898 1.814952 1.726791 1.649700 1.422071 0.331390 0.044367 0.026955 0.028649 0.038661 0.310140 1.419643 2.491628 2.479525 0.367840 0.019798 0.017372 0.025703 0.034691
0.136620 0.111381 0.074226 0.040733 0.038857 0.089510 0.108575 0.838786 1.815718 0.076857 0.033989 0.026772 0.023918 0.040992 0.038215 0.075264 0.106789 0.137428 0.058814 0.064537 0.096213 0.090706 0.060692 0.065101 0.486892 0.497212 0.038231 0.021111 0.032570 0.044899 0.188667 0.033028 0.084740 0.057685 0.595300 0.363505 0.220446 0.118615 0.092691 0.772795 1.819067 1.836131 2.845346 1.791023 0.039360 0.028909 0.028984 0.017372 0.025703 0.053024 0.312966 1.371133 2.550600 3.608444 1.593243 0.045234 0.017372 0.025703 0.051324
0.054344 0.043206 0.029595 0.041115 0.047082 0.133848 0.142573 1.028987 1.024246 2.125971 0.068999 0.032067 0.025138 0.032616 0.033577 0.039131 0.067025 0.104485 0.045296 0.082985 0.097191 0.080880 0.063361 0.051903 0.496955 0.498147 0.038781 0.035759 0.017372 0.043312 0.076988 0.058742 0.050316 0.033974 0.040824 0.239540 0.211510 0.275594 0.204730 0.818191 2.866441 2.889452 3.875463 2.870797 0.039578 0.034981 0.028847 0.017372 0.025703 0.031397 0.090739 0.399053 2.446599 3.470606 2.753435 1.742190 0.033302 0.057244 0.036171
