use_cases/Flooding_chicago/flooding_data/output/h_3000.asc
ncols 337
nrows 393
xllcorner 428428.000000
yllcorner 4602440.000000
cellsize 26.757400
NODATA_value -9999.000000
[rows 297 to 323 of 393, columns 59 to 117 of 337]
1.792369 1.831931 1.903952 2.869090 2.891436 3.888011 1.895010 1.859756 0.831309 0.151001 0.146603 0.105786 1.813997 0.785444 0.843200 0.851429 0.827666 0.828988 0.837661 0.037621 0.022056 0.023658 0.051122 0.034576 0.112090 0.222366 1.327896 1.347926 1.283514 2.286950 2.316411 1.246196 1.236382 1.225142 2.189489 2.198730 1.175395 1.191995 0.133629 0.032309 0.042549 0.040260 0.115281 0.093644 0.570896 1.638559 1.636617 1.644719 1.634754 1.620958 2.621449 2.625943 2.623414 2.629639 2.621954 1.596473 0.644832 0.647087 0.036163
2.871871 2.872613 3.853401 3.869838 3.867025 2.880847 2.845962 1.890603 0.803008 0.152896 0.150491 0.129411 0.085343 0.068209 0.068109 0.038374 0.805613 0.796859 0.025353 0.049662 0.018166 0.034070 0.119562 1.176504 0.152385 0.082960 0.046077 0.271088 1.277296 2.275391 2.299448 1.235275 1.229705 2.205932 2.202800 2.209559 1.192097 1.206325 0.170357 0.045448 0.059691 0.056994 0.034859 0.067664 0.516708 1.635177 2.648217 1.659224 0.647237 0.642543 1.619132 1.621684 1.633438 2.632714 1.615078 0.642235 0.648077 0.652805 0.658547
1.921201 2.931161 3.940906 3.936510 3.933254 2.916777 1.903949 0.873684 0.055677 0.036934 0.045417 0.045524 0.039696 0.028252 0.068197 0.762290 0.791325 0.785137 0.788230 0.041149 0.041649 0.158817 1.190216 1.187178 1.194430 0.024330 0.024330 0.033848 0.265220 2.291218 2.318602 0.265228 1.181949 2.207768 3.220417 2.203725 2.237602 1.189949 0.033318 0.056725 0.067939 0.017372 0.041224 0.054118 0.519657 1.636188 2.646900 1.659083 0.648903 0.642404 0.639618 0.642289 1.634394 2.633533 1.624738 0.646085 0.649080 0.663272 1.695707
0.859042 1.897713 1.846210 1.844945 1.836809 1.877493 0.859333 0.030754 0.046266 0.060571 0.064018 0.063880 0.014396 0.032204 0.067490 0.046277 0.774844 0.769547 0.787950 0.040781 0.039635 0.184609 1.193976 1.190039 1.199433 0.029564 0.029564 0.046266 0.306835 2.232202 2.321615 0.272530 1.175332 2.202901 3.201707 2.207896 2.220216 0.196350 0.030676 0.045983 0.061622 0.017372 0.040023 0.058808 2.611830 2.644289 2.643567 1.646756 1.647552 0.637605 0.635607 0.637649 0.635989 1.633531 1.631551 0.624900 0.032172 0.667216 1.684830
0.838797 0.836770 1.814584 1.821093 1.806235 0.758688 0.047233 0.036125 0.014396 0.065024 0.061180 0.049841 0.042285 0.028937 0.070333 0.047681 0.742571 0.729926 0.031170 0.048493 0.041533 0.202737 0.200735 1.186060 1.189621 0.024330 0.024330 0.050309 0.403346 1.044536 2.234555 2.242057 2.256587 2.230368 2.224746 2.235037 1.250033 0.221858 0.211927 0.200646 0.035805 0.038263 0.029543 0.067612 2.593865 2.623894 1.620141 0.640813 0.618255 0.633604 0.631112 0.634811 0.633569 1.633206 1.629842 0.622964 0.033439 0.683358 1.700518
0.821580 0.814271 2.589742 3.701312 2.701771 1.643492 0.060499 0.029075 0.039986 0.044595 0.036812 0.078241 0.058729 0.066234 0.056173 0.616427 1.536916 0.655743 0.036611 0.049400 0.047360 0.029447 0.184380 1.177673 2.195791 0.126470 0.087618 0.061110 0.608264 0.590304 1.118162 3.186239 3.282578 3.282261 2.237466 2.259063 1.269858 0.225854 0.195154 0.144013 0.095029 0.065602 0.070974 0.059824 0.448576 0.420369 0.038045 0.018959 0.068888 0.046257 0.038584 0.033928 0.632730 1.637290 1.636966 1.634702 0.656760 1.667061 1.681950
0.763510 1.633023 3.721770 3.752946 2.741689 2.712940 1.698306 0.713386 0.049397 0.064722 0.050869 0.537388 0.517998 0.586433 0.609734 1.609925 2.629264 1.592131 0.515143 0.036168 0.036581 0.026898 0.195793 2.058880 2.188722 1.051466 0.995323 1.956831 2.005773 0.784787 1.104446 3.141593 3.243374 3.241020 3.254390 2.256322 1.246265 0.206391 0.149220 0.536946 0.529763 0.516494 0.043784 0.020424 0.031563 0.036222 0.038345 0.025383 0.072102 0.040595 0.639227 0.627113 1.641977 1.637993 1.631829 1.629487 0.660074 0.664775 0.674652
0.789472 2.699599 3.752376 3.765806 2.746581 2.730433 2.735550 1.731599 0.632754 0.671953 0.685677 1.672758 1.674056 0.631415 0.619416 1.624599 1.656475 1.646019 0.480813 0.425189 0.357286 1.215647 1.272190 2.063771 2.149426 2.083367 2.964288 4.040983 4.109562 2.045158 0.702048 1.031076 1.107830 2.183916 2.215723 1.126363 1.167694 0.165671 0.116835 0.533484 0.537236 0.509346 0.488031 0.032752 0.029329 0.017372 0.017372 0.094129 0.069862 1.636547 1.648882 1.640314 1.642220 0.608259 0.623373 0.628898 0.652390 0.645398 0.024926
1.717064 2.741000 3.752275 3.764521 2.749165 2.739965 2.745833 2.740358 1.762656 0.735036 0.735807 1.722913 0.629989 0.032962 0.014396 0.038873 0.039646 0.462080 1.273595 1.394403 1.361306 2.228134 2.272662 2.100312 2.126531 2.863768 4.015027 4.082831 3.056885 3.098513 1.009570 0.059887 0.039270 0.127638 1.127755 1.053900 1.097678 0.125412 0.093501 0.526135 0.533617 0.473186 0.457850 0.346329 0.035502 0.025703 0.025703 0.092949 0.082271 0.591258 1.613369 0.634446 0.616710 0.572321 0.023442 0.030411 0.663106 0.663393 0.025841
2.730828 2.743837 3.752596 3.760792 2.745055 2.736537 2.755968 1.738502 0.739452 0.715950 0.715871 0.702726 0.046373 0.049630 0.042624 0.037879 0.039314 0.437831 1.274333 1.376408 2.245464 2.226661 2.248891 1.034461 1.050087 2.002666 4.013743 3.056422 2.031584 2.044464 1.035213 0.024330 0.024330 0.031096 0.075946 0.884588 0.961967 0.081175 0.090668 0.059371 0.036544 0.386925 1.404517 1.425224 0.277878 0.253575 0.049953 0.076866 0.078682 0.079598 0.077160 0.017967 0.035634 0.381054 0.334644 0.032792 0.034779 0.037117 0.048899
2.749219 3.737640 3.753276 3.759081 2.738567 2.734805 1.727788 1.731326 0.718353 1.622275 1.663841 0.641291 0.584099 0.575790 0.513220 1.564409 0.546293 0.487387 1.353240 1.405728 1.380145 1.338990 1.263095 0.249357 0.193827 0.947421 2.011175 2.033155 2.023958 2.027113 1.032702 0.029564 0.029564 0.030855 0.525900 0.702747 0.777920 0.068069 0.094808 0.018959 0.046457 0.328309 1.432778 0.367041 0.268318 0.253829 0.040959 0.053542 0.056371 0.059299 0.017967 0.021034 0.028958 0.254360 0.263789 0.026575 0.031715 0.027367 -9999.000000
2.747000 3.737529 3.750545 3.759057 2.726688 3.689568 2.708174 1.701537 1.671363 2.647617 2.693348 1.630720 1.608774 1.609879 2.596398 1.590366 1.620942 0.512138 1.384193 1.431467 1.423739 1.432622 0.343393 0.269424 0.176496 1.000785 1.019831 1.022673 2.023509 2.031349 1.017754 0.024330 0.024330 0.037251 0.463000 0.542306 0.576481 0.045138 0.019081 0.026314 0.022514 0.018439 0.020531 0.171683 -9999.000000 -9999.000000 -9999.000000 -9999.000000 -9999.000000 -9999.000000 -9999.000000 -9999.000000 -9999.000000 -9999.000000 -9999.000000 -9999.000000 -9999.000000 -9999.000000 -9999.000000
2.752623 3.748442 3.769600 3.781321 2.725108 3.701188 3.722331 2.694748 2.697320 3.665550 3.718024 1.639340 2.584072 2.614936 2.628896 1.593894 1.622398 0.521196 1.397957 1.446302 1.445910 1.471187 0.367346 0.260360 0.964786 0.991790 1.012059 1.012122 1.002035 0.979569 0.014396 0.042034 0.031624 -9999.000000 -9999.000000 -9999.000000 -9999.000000 -9999.000000 -9999.000000 -9999.000000 -9999.000000 -9999.000000 -9999.000000 -9999.000000 -9999.000000 -9999.000000 -9999.000000 -9999.000000 -9999.000000 -9999.000000 -9999.000000 -9999.000000 -9999.000000 -9999.000000 -9999.000000 -9999.000000 -9999.000000 -9999.000000 -9999.000000
1.730406 1.734970 1.738521 1.754206 2.708459 4.633690 4.699101 4.691251 4.707997 3.682246 3.724279 1.633027 2.576013 2.607240 3.566450 3.599173 2.597059 1.544609 2.483116 2.557412 1.493347 1.521771 0.396501 0.279412 1.977388 1.993683 1.011950 0.997429 0.997937 0.925104 0.019310 0.119681 0.059554 -9999.000000 -9999.000000 -9999.000000 -9999.000000 -9999.000000 -9999.000000 -9999.000000 -9999.000000 -9999.000000 -9999.000000 -9999.000000 -9999.000000 -9999.000000 -9999.000000 -9999.000000 -9999.000000 -9999.000000 -9999.000000 -9999.000000 -9999.000000 -9999.000000 -9999.000000 -9999.000000 -9999.000000 -9999.000000 -9999.000000
1.739175 1.737255 1.745580 0.730181 1.682239 5.659400 4.708541 4.701008 4.713675 3.674193 3.707411 2.635072 2.610111 2.607340 3.562478 3.593370 3.605833 2.556300 2.498258 2.515221 2.565855 1.511173 0.405051 0.295105 2.005795 2.021315 1.036704 0.048592 0.029157 0.551933 0.316372 0.203444 -9999.000000 -9999.000000 -9999.000000 -9999.000000 -9999.000000 -9999.000000 -9999.000000 -9999.000000 -9999.000000 -9999.000000 -9999.000000 -9999.000000 -9999.000000 -9999.000000 -9999.000000 -9999.000000 -9999.000000 -9999.000000 -9999.000000 -9999.000000 -9999.000000 -9999.000000 -9999.000000 -9999.000000 -9999.000000 -9999.000000 -9999.000000
2.724759 2.715826 1.736013 0.729569 1.699880 5.661778 4.717805 3.695358 3.712074 2.662624 2.669670 2.642353 2.615165 2.609309 2.600355 2.590366 3.581044 2.618716 1.529337 1.491253 1.534183 0.436435 0.377120 0.257597 0.909395 0.890085 0.036540 0.014396 0.025200 0.419736 0.324212 0.182925 -9999.000000 -9999.000000 -9999.000000 -9999.000000 -9999.000000 -9999.000000 -9999.000000 -9999.000000 -9999.000000 -9999.000000 -9999.000000 -9999.000000 -9999.000000 -9999.000000 -9999.000000 -9999.000000 -9999.000000 -9999.000000 -9999.000000 -9999.000000 -9999.000000 -9999.000000 -9999.000000 -9999.000000 -9999.000000 -9999.000000 -9999.000000
4.715234 4.727587 2.709311 2.706817 4.685120 5.697875 4.710105 4.721264 2.683476 2.665483 2.672186 2.643883 2.608734 2.608158 2.604123 2.599319 2.633204 1.601973 1.604718 0.573035 0.580799 0.035804 0.046003 0.029446 0.055951 0.593923 0.489671 0.019814 0.209802 0.303703 0.206696 -9999.000000 -9999.000000 -9999.000000 -9999.000000 -9999.000000 -9999.000000 -9999.000000 -9999.000000 -9999.000000 -9999.000000 -9999.000000 -9999.000000 -9999.000000 -9999.000000 -9999.000000 -9999.000000 -9999.000000 -9999.000000 -9999.000000 -9999.000000 -9999.000000 -9999.000000 -9999.000000 -9999.000000 -9999.000000 -9999.000000 -9999.000000 -9999.000000
4.720459 4.725129 4.728872 3.720131 5.696867 4.701659 3.717453 4.709394 3.716303 2.689106 2.712484 1.706004 0.605478 0.562994 0.530567 1.514641 1.513608 0.527624 1.552559 1.564339 0.534543 0.059013 0.074434 0.021858 0.028557 0.487927 0.415867 0.217816 0.183550 0.186500 -9999.000000 -9999.000000 -9999.000000 -9999.000000 -9999.000000 -9999.000000 -9999.000000 -9999.000000 -9999.000000 -9999.000000 -9999.000000 -9999.000000 -9999.000000 -9999.000000 -9999.000000 -9999.000000 -9999.000000 -9999.000000 -9999.000000 -9999.000000 -9999.000000 -9999.000000 -9999.000000 -9999.000000 -9999.000000 -9999.000000 -9999.000000 -9999.000000 -9999.000000
4.725559 4.725627 4.732243 3.719614 4.710024 2.711243 2.716244 3.714868 2.707579 2.690634 2.715445 1.710986 0.592854 0.524715 0.467418 0.430042 1.381358 1.405360 0.517243 1.565499 0.442419 0.051376 0.029394 0.017372 0.032921 0.440270 0.359201 0.342805 -9999.000000 -9999.000000 -9999.000000 -9999.000000 -9999.000000 -9999.000000 -9999.000000 -9999.000000 -9999.000000 -9999.000000 -9999.000000 -9999.000000 -9999.000000 -9999.000000 -9999.000000 -9999.000000 -9999.000000 -9999.000000 -9999.000000 -9999.000000 -9999.000000 -9999.000000 -9999.000000 -9999.000000 -9999.000000 -9999.000000 -9999.000000 -9999.000000 -9999.000000 -9999.000000 -9999.000000
4.727890 4.731309 3.726989 3.729799 2.711454 2.721523 1.713817 1.707973 1.704433 2.663833 2.707523 1.684412 0.561152 0.444976 1.264545 1.209612 2.174161 1.416149 0.455819 0.034082 0.056328 0.070607 0.032798 0.017372 0.029598 0.022377 0.169464 0.225260 -9999.000000 -9999.000000 -9999.000000 -9999.000000 -9999.000000 -9999.000000 -9999.000000 -9999.000000 -9999.000000 -9999.000000 -9999.000000 -9999.000000 -9999.000000 -9999.000000 -9999.000000 -9999.000000 -9999.000000 -9999.000000 -9999.000000 -9999.000000 -9999.000000 -9999.000000 -9999.000000 -9999.000000 -9999.000000 -9999.000000 -9999.000000 -9999.000000 -9999.000000 -9999.000000 -9999.000000
4.729138 4.731038 3.728885 3.729880 2.715638 2.719956 1.727016 0.704325 0.702414 1.698900 0.695838 0.043438 0.039200 0.290247 1.306569 1.220246 2.262804 0.025337 0.026298 0.036010 0.018379 0.022300 0.024681 -9999.000000 -9999.000000 -9999.000000 -9999.000000 -9999.000000 -9999.000000 -9999.000000 -9999.000000 -9999.000000 -9999.000000 -9999.000000 -9999.000000 -9999.000000 -9999.000000 -9999.000000 -9999.000000 -9999.000000 -9999.000000 -9999.000000 -9999.000000 -9999.000000 -9999.000000 -9999.000000 -9999.000000 -9999.000000 -9999.000000 -9999.000000 -9999.000000 -9999.000000 -9999.000000 -9999.000000 -9999.000000 -9999.000000 -9999.000000 -9999.000000 -9999.000000
6.733509 5.730717 5.731571 4.734320 2.711653 2.714498 1.725847 0.697362 0.694014 0.661486 0.695309 0.017372 0.025703 0.191448 0.170239 0.888815 0.862010 0.014396 -9999.000000 -9999.000000 -9999.000000 -9999.000000 -9999.000000 -9999.000000 -9999.000000 -9999.000000 -9999.000000 -9999.000000 -9999.000000 -9999.000000 -9999.000000 -9999.000000 -9999.000000 -9999.000000 -9999.000000 -9999.000000 -9999.000000 -9999.000000 -9999.000000 -9999.000000 -9999.000000 -9999.000000 -9999.000000 -9999.000000 -9999.000000 -9999.000000 -9999.000000 -9999.000000 -9999.000000 -9999.000000 -9999.000000 -9999.000000 -9999.000000 -9999.000000 -9999.000000 -9999.000000 -9999.000000 -9999.000000 -9999.000000
7.731549 6.734792 6.734227 6.742649 1.710064 1.708429 1.704742 1.698961 1.701637 0.589932 0.020134 0.017372 0.025703 0.094955 0.142430 -9999.000000 -9999.000000 -9999.000000 -9999.000000 -9999.000000 -9999.000000 -9999.000000 -9999.000000 -9999.000000 -9999.000000 -9999.000000 -9999.000000 -9999.000000 -9999.000000 -9999.000000 -9999.000000 -9999.000000 -9999.000000 -9999.000000 -9999.000000 -9999.000000 -9999.000000 -9999.000000 -9999.000000 -9999.000000 -9999.000000 -9999.000000 -9999.000000 -9999.000000 -9999.000000 -9999.000000 -9999.000000 -9999.000000 -9999.000000 -9999.000000 -9999.000000 -9999.000000 -9999.000000 -9999.000000 -9999.000000 -9999.000000 -9999.000000 -9999.000000 -9999.000000
5.734938 6.732566 6.736289 6.745874 1.723513 0.701742 0.034886 0.642542 0.653020 0.517345 0.411043 0.027686 0.030113 -9999.000000 -9999.000000 -9999.000000 -9999.000000 -9999.000000 -9999.000000 -9999.000000 -9999.000000 -9999.000000 -9999.000000 -9999.000000 -9999.000000 -9999.000000 -9999.000000 -9999.000000 -9999.000000 -9999.000000 -9999.000000 -9999.000000 -9999.000000 -9999.000000 -9999.000000 -9999.000000 -9999.000000 -9999.000000 -9999.000000 -9999.000000 -9999.000000 -9999.000000 -9999.000000 -9999.000000 -9999.000000 -9999.000000 -9999.000000 -9999.000000 -9999.000000 -9999.000000 -9999.000000 -9999.000000 -9999.000000 -9999.000000 -9999.000000 -9999.000000 -9999.000000 -9999.000000 -9999.000000
3.732014 4.732203 5.732396 3.730786 1.709371 0.056619 0.017372 0.061544 0.038841 0.332750 0.242444 -9999.000000 -9999.000000 -9999.000000 -9999.000000 -9999.000000 -9999.000000 -9999.000000 -9999.000000 -9999.000000 -9999.000000 -9999.000000 -9999.000000 -9999.000000 -9999.000000 -9999.000000 -9999.000000 -9999.000000 -9999.000000 -9999.000000 -9999.000000 -9999.000000 -9999.000000 -9999.000000 -9999.000000 -9999.000000 -9999.000000 -9999.000000 -9999.000000 -9999.000000 -9999.000000 -9999.000000 -9999.000000 -9999.000000 -9999.000000 -9999.000000 -9999.000000 -9999.000000 -9999.000000 -9999.000000 -9999.000000 -9999.000000 -9999.000000 -9999.000000 -9999.000000 -9999.000000 -9999.000000 -9999.000000 -9999.000000
2.729077 2.727283 2.726891 1.710230 0.034615 0.062196 0.017372 0.036056 0.119477 0.182233 -9999.000000 -9999.000000 -9999.000000 -9999.000000 -9999.000000 -9999.000000 -9999.000000 -9999.000000 -9999.000000 -9999.000000 -9999.000000 -9999.000000 -9999.000000 -9999.000000 -9999.000000 -9999.000000 -9999.000000 -9999.000000 -9999.000000 -9999.000000 -9999.000000 -9999.000000 -9999.000000 -9999.000000 -9999.000000 -9999.000000 -9999.000000 -9999.000000 -9999.000000 -9999.000000 -9999.000000 -9999.000000 -9999.000000 -9999.000000 -9999.000000 -9999.000000 -9999.000000 -9999.000000 -9999.000000 -9999.000000 -9999.000000 -9999.000000 -9999.000000 -9999.000000 -9999.000000 -9999.000000 -9999.000000 -9999.000000 -9999.000000
2.730698 1.732492 1.731903 1.724327 0.706585 0.061228 0.048129 0.070190 0.061011 -9999.000000 -9999.000000 -9999.000000 -9999.000000 -9999.000000 -9999.000000 -9999.000000 -9999.000000 -9999.000000 -9999.000000 -9999.000000 -9999.000000 -9999.000000 -9999.000000 -9999.000000 -9999.000000 -9999.000000 -9999.000000 -9999.000000 -9999.000000 -9999.000000 -9999.000000 -9999.000000 -9999.000000 -9999.000000 -9999.000000 -9999.000000 -9999.000000 -9999.000000 -9999.000000 -9999.000000 -9999.000000 -9999.000000 -9999.000000 -9999.000000 -9999.000000 -9999.000000 -9999.000000 -9999.000000 -9999.000000 -9999.000000 -9999.000000 -9999.000000 -9999.000000 -9999.000000 -9999.000000 -9999.000000 -9999.000000 -9999.000000 -9999.000000
