use_cases/Flooding_chicago/flooding_data/output/h_3000.asc
ncols 337
nrows 393
xllcorner 428428.000000
yllcorner 4602440.000000
cellsize 26.757400
NODATA_value -9999.000000
[rows 216 to 242 of 393, columns 177 to 235 of 337]
-9999.000000 -9999.000000 -9999.000000 -9999.000000 -9999.000000 -9999.000000 0.112054 0.119073 0.036964 0.030434 0.020134 0.030159 0.069680 0.084572 0.063377 0.068662 0.043800 0.042259 0.071175 0.047096 0.161064 0.074380 1.712257 1.625894 0.154136 0.213782 0.163155 1.206337 0.197089 0.167154 0.025703 0.017372 0.025703 0.029046 0.564569 0.119255 0.187219 0.220498 0.219017 0.189918 0.136709 0.900658 1.001868 1.146186 1.100426 1.136145 0.091773 0.209113 0.216896 0.057167 0.053048 0.474861 0.650093 0.526661 0.032196 0.038171 0.044579 0.118624 0.186641
-9999.000000 -9999.000000 -9999.000000 -9999.000000 -9999.000000 -9999.000000 0.072242 0.108910 0.145805 0.026274 0.026436 0.130394 0.061256 0.083275 0.079825 0.044945 0.065636 0.056632 0.076821 0.227331 0.186667 0.433511 1.540977 0.506114 0.171682 0.162284 0.247612 0.278008 0.284830 0.258934 0.025703 0.017372 0.025703 0.029046 0.715575 0.116311 0.183967 0.224799 0.221868 0.206397 0.170161 0.293418 0.856283 2.056010 2.007668 1.097388 0.126502 0.081795 0.094109 0.097925 0.092737 0.654230 0.624172 0.395026 0.028872 0.017967 0.057747 0.092629 0.203250
-9999.000000 -9999.000000 -9999.000000 -9999.000000 -9999.000000 -9999.000000 -9999.000000 0.055870 0.019310 0.206245 0.215507 0.103844 0.062110 0.089303 0.098244 0.018578 0.030739 0.063682 0.095574 0.210791 0.164223 0.425692 0.279596 0.137673 0.156075 0.252249 0.310323 0.338966 1.362193 0.359490 0.423179 0.031471 0.065681 0.184774 0.690362 0.179160 0.283334 1.389718 2.391569 1.359745 1.358985 0.229575 0.337639 0.192025 1.050297 0.956319 0.174827 0.041755 0.140983 0.113364 1.119562 0.985648 0.929619 0.169730 0.017967 0.021034 0.111564 0.107693 0.098106
-9999.000000 -9999.000000 -9999.000000 -9999.000000 -9999.000000 -9999.000000 -9999.000000 -9999.000000 0.014396 0.290536 1.339057 0.065392 0.059929 0.089776 0.104993 0.023064 0.045327 0.038063 0.119408 0.096351 0.073770 0.221473 0.100732 0.167916 0.228248 0.301141 0.356714 1.407035 2.348060 1.400734 0.310377 0.026009 0.051659 0.163871 0.212699 0.204551 0.326195 1.378456 2.366903 2.371925 3.347820 1.387702 0.244072 0.146079 0.111259 0.423405 0.108375 0.091483 0.144907 1.034021 0.985786 1.028068 1.009285 0.249244 0.382576 0.328849 0.166983 0.171371 0.093606
-9999.000000 -9999.000000 -9999.000000 -9999.000000 -9999.000000 -9999.000000 -9999.000000 -9999.000000 -9999.000000 0.212867 2.343102 0.272468 0.046090 0.079231 0.024620 0.028527 0.051262 0.052895 0.089852 0.090996 0.089226 0.259022 0.093377 0.116326 0.103616 0.334617 1.368690 2.374918 2.348075 1.388100 0.030799 0.018943 0.030800 0.041390 0.152141 0.225217 1.338341 1.326442 1.310478 3.349280 3.896309 2.417687 0.342187 0.039070 0.189903 0.203774 0.212211 0.151773 0.082757 0.203400 0.233651 0.991295 0.937047 1.146034 0.360602 0.298454 0.021660 0.047584 0.029930
-9999.000000 -9999.000000 -9999.000000 -9999.000000 -9999.000000 -9999.000000 -9999.000000 -9999.000000 -9999.000000 -9999.000000 0.014396 0.140435 0.189168 0.064812 0.027824 0.024696 0.053521 0.026542 0.066597 0.046622 0.173334 0.149223 0.173088 0.188590 0.192651 0.144704 0.386513 1.271204 0.242987 0.035423 0.024620 0.014396 0.024620 0.039955 0.038399 0.041573 0.464221 0.482155 0.444069 1.330666 2.400616 2.394067 0.373260 0.083778 0.088569 0.302254 0.301612 0.082269 0.060172 0.197243 0.333457 0.346840 0.314917 0.535867 0.506386 0.036049 0.021767 0.034721 0.029441
-9999.000000 -9999.000000 -9999.000000 -9999.000000 -9999.000000 -9999.000000 -9999.000000 -9999.000000 -9999.000000 -9999.000000 -9999.000000 0.014396 0.059089 0.081917 0.019417 0.044213 0.034432 0.123894 0.101692 0.072914 0.169044 0.146183 0.167274 0.229943 0.260445 0.260842 0.250388 0.236069 0.099404 0.030526 0.025505 0.034234 0.025505 0.033561 0.055204 0.056847 0.540291 0.539100 0.415476 0.383370 1.350762 1.310292 0.377214 0.135277 0.172706 0.164086 0.157738 0.165126 0.106804 0.059577 0.534599 0.524087 0.532464 0.410851 0.259422 0.032951 0.036247 0.046610 0.045784
-9999.000000 -9999.000000 -9999.000000 -9999.000000 -9999.000000 -9999.000000 -9999.000000 -9999.000000 -9999.000000 -9999.000000 -9999.000000 -9999.000000 0.017372 0.017372 0.030663 0.071342 0.084938 0.118049 0.109474 0.096413 0.070412 0.023018 0.034492 0.218486 0.266900 0.309915 0.332071 0.148306 0.202034 0.028023 0.040062 0.045982 0.062294 0.046837 0.071843 0.066597 0.637566 0.659603 0.045952 0.059471 0.470375 0.458911 0.136451 0.206278 0.233986 0.240044 0.232657 0.240425 0.027031 0.027047 0.658121 1.722970 1.771492 0.605887 0.023476 0.025154 0.050957 0.050193 0.249168
-9999.000000 -9999.000000 -9999.000000 -9999.000000 -9999.000000 -9999.000000 -9999.000000 -9999.000000 -9999.000000 -9999.000000 -9999.000000 -9999.000000 -9999.000000 -9999.000000 -9999.000000 -9999.000000 -9999.000000 0.018669 0.023414 0.028435 0.023857 0.025979 0.038536 0.080238 0.103721 0.164132 0.201058 0.260918 0.318123 0.397591 0.431805 0.389076 0.047523 0.018440 0.028496 0.061836 0.698175 0.719426 0.078774 0.123680 0.143486 0.171700 0.221594 0.262658 0.282173 0.284690 0.267984 0.279653 0.037011 0.037116 0.622258 1.645329 1.705588 0.619589 0.024666 0.032265 0.063133 0.055427 0.250118
-9999.000000 -9999.000000 -9999.000000 -9999.000000 -9999.000000 -9999.000000 -9999.000000 -9999.000000 -9999.000000 -9999.000000 -9999.000000 -9999.000000 -9999.000000 -9999.000000 -9999.000000 -9999.000000 -9999.000000 -9999.000000 -9999.000000 -9999.000000 0.025855 0.036949 0.025994 0.041436 0.029762 0.247290 0.265189 0.282677 0.317086 0.398881 0.448159 0.418874 0.045082 0.022530 0.039650 0.067787 1.741540 0.754509 0.094597 0.159798 0.204721 0.240089 0.277170 1.357613 1.356099 0.320201 0.275080 0.250938 0.045555 0.045715 0.051461 0.660267 1.787543 0.640985 0.093712 0.037467 0.029091 0.054435 0.048225
-9999.000000 -9999.000000 -9999.000000 -9999.000000 -9999.000000 -9999.000000 -9999.000000 -9999.000000 -9999.000000 -9999.000000 -9999.000000 -9999.000000 -9999.000000 -9999.000000 -9999.000000 -9999.000000 -9999.000000 -9999.000000 -9999.000000 -9999.000000 -9999.000000 0.030403 0.024726 0.042122 0.035347 0.233769 0.224861 0.050210 0.055992 0.090486 0.444026 0.412210 0.050316 0.024712 0.045265 0.093504 0.693412 0.785773 0.821921 0.159645 0.224617 0.259393 0.289253 1.336500 1.304729 1.321724 0.252175 0.047188 0.030876 0.066643 0.072456 0.682120 1.801126 0.609483 0.082039 0.036751 0.037574 0.068809 0.046017
-9999.000000 -9999.000000 -9999.000000 -9999.000000 -9999.000000 -9999.000000 -9999.000000 -9999.000000 -9999.000000 -9999.000000 -9999.000000 -9999.000000 -9999.000000 -9999.000000 -9999.000000 -9999.000000 -9999.000000 -9999.000000 -9999.000000 -9999.000000 -9999.000000 0.020180 0.032036 0.471445 0.029853 0.041696 0.052239 0.071205 0.023033 0.181984 0.096443 0.073952 0.026100 0.031928 0.060875 0.052727 0.112953 0.677865 0.102134 0.074759 0.093071 0.093209 0.084816 0.062325 0.352593 0.400976 0.317727 0.043969 0.064415 0.042290 0.085548 0.686777 1.678307 0.050102 0.038262 0.021263 0.048363 0.035668 0.049477
-9999.000000 -9999.000000 -9999.000000 -9999.000000 -9999.000000 -9999.000000 -9999.000000 -9999.000000 -9999.000000 -9999.000000 -9999.000000 -9999.000000 -9999.000000 -9999.000000 -9999.000000 -9999.000000 -9999.000000 -9999.000000 -9999.000000 -9999.000000 -9999.000000 -9999.000000 0.268379 0.413032 0.352105 0.049171 0.032494 0.035103 0.040000 0.275887 0.018837 0.024071 0.031791 0.038735 0.026451 0.065864 0.189293 0.255884 0.060951 0.132057 0.144387 0.141732 0.130120 0.107201 0.062706 0.550760 0.084450 0.066948 0.090065 0.062584 0.057456 0.692268 0.855965 0.027764 0.030220 0.021034 0.017967 0.035041 0.047585
-9999.000000 -9999.000000 -9999.000000 -9999.000000 -9999.000000 -9999.000000 -9999.000000 -9999.000000 -9999.000000 -9999.000000 -9999.000000 -9999.000000 -9999.000000 -9999.000000 -9999.000000 -9999.000000 -9999.000000 -9999.000000 -9999.000000 -9999.000000 -9999.000000 -9999.000000 0.019310 0.324837 0.307868 0.061217 0.053352 0.022362 0.046008 0.270149 0.357688 0.380501 0.358187 0.026467 0.024071 0.080268 0.120294 0.225843 0.029808 0.145134 0.139701 0.132131 0.119407 0.099220 0.081795 0.630317 0.138618 0.090691 0.119179 0.083909 0.045280 0.059365 0.972313 0.027519 0.029366 0.017967 0.028872 0.031227 0.042152
-9999.000000 -9999.000000 -9999.000000 -9999.000000 -9999.000000 -9999.000000 -9999.000000 -9999.000000 -9999.000000 -9999.000000 -9999.000000 -9999.000000 -9999.000000 -9999.000000 -9999.000000 -9999.000000 -9999.000000 -9999.000000 -9999.000000 -9999.000000 -9999.000000 -9999.000000 0.014396 0.026055 0.106209 0.039452 0.032143 0.019082 0.033069 0.043281 0.293590 0.327816 0.333518 0.257380 0.227837 0.158531 0.247887 0.170231 0.037941 0.074044 0.076988 0.069695 0.059486 0.040290 0.097543 0.589682 0.183724 0.125374 0.164558 0.017372 0.046348 0.105629 0.880653 0.917602 0.095284 0.029640 0.051660 0.070457 0.412406
-9999.000000 -9999.000000 -9999.000000 -9999.000000 -9999.000000 -9999.000000 -9999.000000 -9999.000000 -9999.000000 -9999.000000 -9999.000000 -9999.000000 -9999.000000 -9999.000000 -9999.000000 -9999.000000 -9999.000000 -9999.000000 -9999.000000 -9999.000000 -9999.000000 -9999.000000 -9999.000000 0.014396 0.072823 0.071861 0.040260 0.026313 0.018959 0.049309 0.069344 0.053628 0.036507 0.224664 0.226677 1.227332 0.148263 0.099068 0.087472 0.072365 0.074225 0.062949 0.052651 0.036094 0.046425 0.162864 0.234429 0.166632 0.208139 0.017372 0.051979 0.164694 1.106314 0.170097 0.025642 0.034309 0.055335 0.073632 0.363045
-9999.000000 -9999.000000 -9999.000000 -9999.000000 -9999.000000 -9999.000000 -9999.000000 -9999.000000 -9999.000000 -9999.000000 -9999.000000 -9999.000000 -9999.000000 -9999.000000 -9999.000000 -9999.000000 -9999.000000 -9999.000000 -9999.000000 -9999.000000 -9999.000000 -9999.000000 -9999.000000 0.020103 0.075889 0.076714 0.041283 0.022514 0.125984 0.098686 0.067833 0.042519 0.052589 0.178688 1.215857 1.227501 0.192877 0.026741 0.035804 0.032510 0.087577 0.087730 0.074120 0.052070 0.045296 0.039451 0.027962 0.251336 0.240394 0.158029 0.077552 0.262704 1.227729 0.264823 0.025994 0.014396 0.052635 0.078462 0.058143
-9999.000000 -9999.000000 -9999.000000 -9999.000000 -9999.000000 -9999.000000 -9999.000000 -9999.000000 -9999.000000 -9999.000000 -9999.000000 -9999.000000 -9999.000000 -9999.000000 -9999.000000 -9999.000000 -9999.000000 -9999.000000 -9999.000000 -9999.000000 -9999.000000 -9999.000000 -9999.000000 -9999.000000 0.078392 0.060951 0.043618 0.018440 0.129692 0.116753 0.022591 0.022591 0.052117 1.192962 1.221276 0.220664 0.218895 0.029412 0.046837 0.051582 0.032235 0.100212 0.074699 1.010307 0.049782 0.046348 0.029441 0.317376 0.271856 0.618615 0.603782 1.361442 1.274467 1.386315 0.459038 0.046501 0.035622 0.046013 0.052116
-9999.000000 -9999.000000 -9999.000000 -9999.000000 -9999.000000 -9999.000000 -9999.000000 -9999.000000 -9999.000000 -9999.000000 -9999.000000 -9999.000000 -9999.000000 -9999.000000 -9999.000000 -9999.000000 -9999.000000 -9999.000000 -9999.000000 -9999.000000 -9999.000000 -9999.000000 -9999.000000 -9999.000000 -9999.000000 0.023217 0.042747 0.042366 0.014396 0.081597 0.022591 0.022591 0.048897 1.197989 1.223503 0.222007 0.228050 0.241951 0.037163 0.060524 0.017372 0.035698 0.072655 0.974753 1.045571 1.018334 0.820135 0.536766 0.380973 0.613289 0.582162 1.377588 0.372704 0.375986 0.421485 0.041969 0.040733 0.053657 0.040290
-9999.000000 -9999.000000 -9999.000000 -9999.000000 -9999.000000 -9999.000000 -9999.000000 -9999.000000 -9999.000000 -9999.000000 -9999.000000 -9999.000000 -9999.000000 -9999.000000 -9999.000000 -9999.000000 -9999.000000 -9999.000000 -9999.000000 -9999.000000 -9999.000000 -9999.000000 -9999.000000 -9999.000000 -9999.000000 -9999.000000 0.023232 0.074119 0.059075 0.083642 0.027794 0.027794 0.034310 0.126577 0.160471 0.198402 0.223764 0.241693 0.223870 0.056106 0.017372 0.054283 0.106819 1.001397 1.058123 1.056115 0.125359 0.075202 0.272484 0.199608 0.168922 0.158167 0.070029 0.061730 0.084862 0.026817 0.029899 0.034477 0.052834
-9999.000000 -9999.000000 -9999.000000 -9999.000000 -9999.000000 -9999.000000 -9999.000000 -9999.000000 -9999.000000 -9999.000000 -9999.000000 -9999.000000 -9999.000000 -9999.000000 -9999.000000 -9999.000000 -9999.000000 -9999.000000 -9999.000000 -9999.000000 -9999.000000 -9999.000000 -9999.000000 -9999.000000 -9999.000000 -9999.000000 -9999.000000 0.039803 0.109413 0.138725 0.183480 0.030434 0.058967 0.299500 0.350975 0.140694 0.207604 0.219489 0.043480 0.081047 0.110191 0.075096 0.169869 0.135276 0.929601 0.914923 0.196098 0.119940 0.088630 0.107262 0.109719 0.121177 0.142128 0.124153 0.029213 0.018364 0.029244 0.046684 0.030601
-9999.000000 -9999.000000 -9999.000000 -9999.000000 -9999.000000 -9999.000000 -9999.000000 -9999.000000 -9999.000000 -9999.000000 -9999.000000 -9999.000000 -9999.000000 -9999.000000 -9999.000000 -9999.000000 -9999.000000 -9999.000000 -9999.000000 -9999.000000 -9999.000000 -9999.000000 -9999.000000 -9999.000000 -9999.000000 -9999.000000 -9999.000000 -9999.000000 -9999.000000 0.087608 0.025276 0.034066 0.056496 0.222573 0.243810 0.068353 0.019111 0.025459 0.017372 0.017372 0.094719 0.098426 0.084222 0.240028 0.232993 0.248162 0.354912 0.021278 0.036049 0.129983 0.157066 1.189962 1.186929 1.186483 0.039711 0.022239 0.039802 0.051842 0.057152
-9999.000000 -9999.000000 -9999.000000 -9999.000000 -9999.000000 -9999.000000 -9999.000000 -9999.000000 -9999.000000 -9999.000000 -9999.000000 -9999.000000 -9999.000000 -9999.000000 -9999.000000 -9999.000000 -9999.000000 -9999.000000 -9999.000000 -9999.000000 -9999.000000 -9999.000000 -9999.000000 -9999.000000 -9999.000000 -9999.000000 -9999.000000 -9999.000000 -9999.000000 -9999.000000 0.024650 0.030479 0.019936 -9999.000000 -9999.000000 -9999.000000 -9999.000000 -9999.000000 -9999.000000 -9999.000000 0.020897 0.119588 1.173971 0.125435 0.109689 0.079018 0.557350 0.584834 0.064445 0.035012 0.136254 1.180079 1.182524 1.181878 0.046495 0.023613 0.047213 0.055416 0.063943
-9999.000000 -9999.000000 -9999.000000 -9999.000000 -9999.000000 -9999.000000 -9999.000000 -9999.000000 -9999.000000 -9999.000000 -9999.000000 -9999.000000 -9999.000000 -9999.000000 -9999.000000 -9999.000000 -9999.000000 -9999.000000 -9999.000000 -9999.000000 -9999.000000 -9999.000000 -9999.000000 -9999.000000 -9999.000000 -9999.000000 -9999.000000 -9999.000000 -9999.000000 -9999.000000 -9999.000000 -9999.000000 -9999.000000 -9999.000000 -9999.000000 -9999.000000 -9999.000000 -9999.000000 -9999.000000 -9999.000000 0.019539 0.126793 1.158616 0.162925 0.159326 0.126547 0.568498 0.567663 0.117959 0.020850 0.029610 0.173180 0.031823 0.044319 0.062630 0.028313 0.023705 0.051491 0.100134
-9999.000000 -9999.000000 -9999.000000 -9999.000000 -9999.000000 -9999.000000 -9999.000000 -9999.000000 -9999.000000 -9999.000000 -9999.000000 -9999.000000 -9999.000000 -9999.000000 -9999.000000 -9999.000000 -9999.000000 -9999.000000 -9999.000000 -9999.000000 -9999.000000 -9999.000000 -9999.000000 -9999.000000 -9999.000000 -9999.000000 -9999.000000 -9999.000000 -9999.000000 -9999.000000 -9999.000000 -9999.000000 -9999.000000 -9999.000000 -9999.000000 -9999.000000 -9999.000000 -9999.000000 -9999.000000 -9999.000000 0.028343 0.026039 0.138024 0.177299 0.195656 0.199028 0.017372 0.215616 0.196143 0.034386 0.017372 0.027474 0.040627 0.046592 0.052100 0.023842 0.023033 0.027672 1.130562
-9999.000000 -9999.000000 -9999.000000 -9999.000000 -9999.000000 -9999.000000 -9999.000000 -9999.000000 -9999.000000 -9999.000000 -9999.000000 -9999.000000 -9999.000000 -9999.000000 -9999.000000 -9999.000000 -9999.000000 -9999.000000 -9999.000000 -9999.000000 -9999.000000 -9999.000000 -9999.000000 -9999.000000 -9999.000000 -9999.000000 -9999.000000 -9999.000000 -9999.000000 -9999.000000 -9999.000000 -9999.000000 -9999.000000 -9999.000000 -9999.000000 -9999.000000 -9999.000000 -9999.000000 -9999.000000 -9999.000000 0.025612 0.032615 0.040214 0.148949 0.179833 0.230492 0.017372 0.287498 0.259758 0.039526 0.017372 0.034065 0.385467 0.412253 0.406846 0.030113 0.030052 0.030327 0.156487
-9999.000000 -9999.000000 -9999.000000 -9999.000000 -9999.000000 -9999.000000 -9999.000000 -9999.000000 -9999.000000 -9999.000000 -9999.000000 -9999.000000 -9999.000000 -9999.000000 -9999.000000 -9999.000000 -9999.000000 -9999.000000 -9999.000000 -9999.000000 -9999.000000 -9999.000000 -9999.000000 -9999.000000 -9999.000000 -9999.000000 -9999.000000 -9999.000000 -9999.000000 -9999.000000 -9999.000000 -9999.000000 -9999.000000 -9999.000000 -9999.000000 -9999.000000 -9999.000000 -9999.000000 -9999.000000 -9999.000000 -9999.000000 0.038734 0.043434 0.032464 0.037971 0.273581 0.338601 0.303322 0.262798 0.045280 0.053582 0.032218 1.407249 1.419168 1.424032 0.208278 0.101813 0.207450 0.169214
