use_cases/Flooding_chicago/flooding_data/output/h_3060.asc
ncols 337
nrows 393
xllcorner 428428.000000
yllcorner 4602440.000000
cellsize 26.757400
NODATA_value -9999.000000
[rows 81 to 107 of 393, columns 236 to 294 of 337]
5.865155 5.875255 3.889747 2.902111 0.054303 0.039100 0.033348 0.044381 0.051247 0.059119 0.025551 0.023705 0.049874 0.045082 0.081868 0.077144 0.073037 0.029839 0.026741 0.040425 0.786711 0.833221 0.886871 0.063444 0.048234 0.062990 0.050153 0.055260 0.050628 0.022132 0.049182 0.748991 1.799608 2.547048 2.720892 2.762331 4.081133 5.142988 5.089647 3.821082 2.962401 0.858136 0.090608 0.076286 0.068753 0.095780 0.119905 0.126575 0.117258 0.088295 0.868663 1.785330 1.641378 1.524233 1.287736 0.414193 0.225047 0.129023 0.067292
3.859284 3.871444 2.874681 1.835587 0.665482 0.063123 0.027427 0.018471 0.022667 0.025245 0.035728 0.025551 0.041069 0.042518 0.064138 0.059424 0.053932 0.021934 0.018135 0.020424 0.916711 0.995839 1.056828 0.101597 0.061850 0.037660 0.021958 0.065016 0.021659 0.018089 0.030666 0.849174 1.857804 1.808101 2.907034 4.028667 6.160098 6.107578 6.112674 6.098329 5.176417 4.194169 1.162580 0.123202 0.018440 0.023460 0.133092 0.131232 0.112742 0.901572 1.995328 2.938378 2.960405 1.807417 0.768810 0.697575 0.048285 0.050021 0.038153
1.792543 1.796334 1.804383 1.808549 0.685417 0.047963 0.041161 0.031272 0.047157 0.057305 0.025307 0.109551 0.063347 0.076031 0.039451 0.027840 0.024117 0.023048 0.035327 0.285300 2.282719 2.378690 2.385248 1.175797 0.974268 0.858829 0.906690 0.018089 0.021660 0.096952 0.046672 0.827425 1.786951 2.918473 4.022062 5.071986 7.107227 7.113880 7.119309 8.181501 8.237606 6.206312 3.188947 1.185901 0.126241 0.029992 0.030754 0.024727 0.083774 0.917155 3.013714 4.004083 4.025743 1.886826 1.962464 0.697223 0.074976 0.036751 0.036965
1.755454 1.753562 2.637326 2.637688 2.625244 1.674172 1.676817 0.055318 0.039050 0.054558 0.023354 0.021995 0.049537 0.053959 0.102122 0.086918 0.047786 0.388489 0.376521 2.401340 3.366080 3.463872 2.347650 1.035010 1.500366 1.674217 0.673751 0.396110 0.263923 0.143675 0.230306 0.154889 0.832480 1.940076 4.003350 7.110029 6.102491 7.098922 8.119613 9.127673 9.128189 7.128546 3.124796 1.168106 1.157329 0.025535 0.030083 0.024528 0.082012 0.901912 2.971913 3.982763 3.999809 4.050904 3.031045 0.052144 0.039589 0.064430 0.023445
1.679437 2.667037 3.697691 3.700587 4.651807 3.687932 2.713978 0.611438 0.079620 0.080570 0.030921 0.018150 0.034615 0.042321 0.066190 0.362106 1.505874 2.509797 2.522646 3.427738 4.428026 4.511350 3.473215 0.997376 1.563275 1.681473 0.507714 0.569707 0.448933 0.335136 0.266289 0.202081 0.825457 2.970575 5.014602 7.026850 6.093805 7.037150 8.017249 9.039052 8.063986 6.039533 2.162206 1.157084 1.141839 1.136661 1.131233 1.123538 1.109127 2.995405 3.015459 3.934825 3.960131 3.984059 2.991663 0.060037 0.027794 0.022591 0.022591
2.672705 3.713436 3.747860 4.674506 5.674830 5.700988 3.720071 1.703986 1.682141 1.676898 0.051599 0.028519 0.039696 0.030509 0.048077 1.484725 1.506432 2.465878 4.444845 4.486268 5.451288 4.477650 3.384783 0.218834 0.490766 1.019107 1.376515 1.663802 1.504423 1.806499 2.022454 2.066830 3.021860 4.035746 5.017394 6.050185 6.098832 6.090750 6.093885 7.034539 6.122570 5.177284 2.177170 1.158208 1.133758 2.092129 2.117278 2.114682 2.114484 2.958824 4.030929 3.008981 2.951874 2.900023 2.008748 0.065362 0.027794 0.022591 0.022591
2.718049 3.734478 2.727003 4.727659 5.675088 5.711718 4.716340 3.695247 3.696206 3.727713 1.596690 0.472942 0.472677 0.506010 1.530005 2.506384 2.550934 2.528350 4.470603 4.506006 5.450520 4.581277 0.405452 0.274689 0.519262 0.875094 1.528762 1.767224 1.591266 1.795562 3.053875 5.100837 4.155542 4.097241 4.969177 5.015886 5.090084 5.113479 5.072385 5.059118 5.087258 5.169110 2.174207 2.207041 2.149526 3.113056 3.128894 3.124852 3.123075 3.052571 3.050939 3.054176 1.933652 1.022071 1.973878 0.079877 0.039604 0.037621 0.029930
3.734478 2.729437 2.728702 2.720722 4.635539 5.692922 4.714399 3.692589 3.689627 4.671366 3.673547 3.657143 3.660995 3.693133 2.607170 2.543607 3.501283 3.563305 4.463592 5.513851 5.487588 4.619675 1.403780 1.206480 0.814599 0.941754 0.944967 0.930063 0.773462 1.647991 3.995511 5.111738 5.199747 4.168766 3.103948 3.132006 4.109783 5.115521 4.145502 4.163244 4.188612 5.191472 3.181531 3.169067 3.146642 4.130852 4.138558 4.138367 5.153410 4.116775 4.129385 3.105335 1.039627 0.984935 0.997091 0.082659 0.022590 0.136253 0.076316
4.715192 3.737159 2.727132 2.717914 4.645264 5.692375 5.716146 4.697722 4.696467 4.691920 4.688596 4.680443 4.675975 4.700301 3.678288 2.546867 3.458924 3.534131 4.442817 5.476505 6.469976 6.622472 3.454467 2.127070 1.783127 1.835854 2.049991 1.995719 1.789801 1.684516 2.820805 4.041567 4.194381 4.227105 3.157433 3.167785 4.142279 4.152926 4.166419 4.174618 5.222449 5.020017 2.024549 2.058362 3.102709 4.112786 4.120503 5.119780 7.134735 6.150608 4.109518 3.115237 1.103136 0.064693 0.937171 0.087821 0.120443 0.018120 0.069983
4.711129 4.712273 4.730489 2.707053 3.650521 4.686457 5.690751 5.698467 5.693830 5.689855 5.690679 5.685380 5.697570 4.696073 3.679142 2.566506 2.540860 3.459493 4.450609 5.434688 6.276164 5.537445 3.308133 3.202799 1.739687 1.675623 2.778293 3.096494 1.819747 1.443923 1.334951 1.840898 3.122083 4.141466 4.208436 3.180034 4.156008 4.162810 5.187714 5.249663 5.162154 2.204448 1.197091 1.194438 2.063870 4.090576 5.119819 6.123486 7.130200 6.108002 5.145176 3.140467 1.133630 0.108619 0.094843 0.107735 0.022728 0.021873 0.054512
4.712561 5.718883 4.737066 2.706914 2.698559 4.675857 4.704733 5.689478 4.687316 5.674668 5.692185 5.699595 4.694551 3.670081 3.689477 2.585351 3.534400 3.537698 4.445683 4.509931 4.462807 4.559512 2.470535 1.091250 0.805039 0.502371 0.621571 1.785403 1.853507 0.500381 0.313720 0.223445 2.073420 3.113380 4.127025 3.117834 3.113481 4.111180 4.100841 5.076251 4.983774 3.359970 1.249478 2.262924 3.063015 5.101429 6.127428 7.142294 6.169310 5.137569 4.134892 3.117173 2.182891 0.123764 0.024209 0.029320 0.023994 0.067832 0.041359
3.688659 4.712516 5.730330 3.698665 3.705130 3.710430 4.704093 3.691822 3.700423 4.674078 4.693505 4.703521 3.675909 3.673091 3.666619 3.636606 4.580851 3.565011 3.538390 4.502090 3.531127 3.536313 2.530565 0.296534 0.177921 0.159663 0.044273 0.030357 0.062973 0.053907 0.037825 0.042106 0.881537 2.074354 3.097480 3.079907 3.085190 3.069834 3.077282 3.126453 3.981552 3.263937 3.469952 3.324684 4.970601 6.128927 7.133496 7.161249 6.200730 4.154954 3.146827 2.098473 2.118215 2.105778 0.023995 0.028541 0.071815 0.046090 0.073489
2.722238 3.691809 4.720023 5.700437 4.718268 4.738512 3.732103 2.712193 3.678015 4.675672 4.694422 4.688192 4.691021 4.695557 4.722550 3.629978 3.599162 3.583355 3.564956 3.551801 3.575269 2.583825 1.493248 0.083326 0.050284 0.092339 0.062661 0.022712 0.046882 0.046471 0.034446 0.032799 0.036293 0.057312 0.046196 2.098062 3.058579 3.081815 3.057906 3.131765 3.162593 3.243705 3.303700 3.234049 4.894593 6.086770 7.107434 7.137133 6.170891 4.137959 3.130844 2.095046 2.110898 2.124883 0.088496 0.019646 0.043214 0.057358 0.363880
1.700786 1.737110 3.692049 5.708656 5.718944 4.730171 3.729636 2.714295 3.684990 5.676358 5.709491 4.687625 4.688798 5.693597 4.708307 3.632797 3.601194 3.557153 3.545255 3.561572 3.586678 2.584954 0.052550 0.031578 0.021309 0.081490 0.098521 0.025139 0.023476 0.038414 0.030174 0.014397 0.027840 0.030899 0.038261 0.077898 0.810071 0.946517 1.933456 2.953904 3.123802 3.207570 3.253040 3.195795 3.935923 5.048690 5.096735 5.130737 4.112484 4.119981 3.087594 3.074716 3.113718 1.983804 0.527736 0.301462 0.393344 1.485651 1.534492
0.783579 1.719484 1.749805 4.688179 5.721200 5.739949 5.751178 4.762455 3.714498 5.674673 5.700207 6.700484 5.706624 6.698936 5.748077 3.642027 3.608271 2.580794 2.510302 3.477778 3.529777 1.552568 0.028251 0.024315 0.026695 0.058966 0.063651 0.032539 0.024712 0.030647 0.070610 0.025398 0.028923 0.019661 0.028817 0.036568 0.035484 0.054131 1.045476 2.150038 3.161498 3.211840 3.211808 3.116273 3.844884 3.939223 3.057130 2.089694 0.916632 2.020579 2.042175 2.053171 0.945494 1.725954 1.083611 1.105370 2.379914 3.491137 1.568904
0.802375 0.786585 1.706642 4.683279 4.721954 5.718817 5.731934 4.732607 4.735419 5.681540 5.698219 6.685496 6.706047 6.697355 5.707948 4.702845 2.615793 2.590036 1.568386 1.488719 1.523044 0.454727 0.026756 0.026936 0.014397 0.046394 0.040642 0.014397 0.029553 0.037178 0.079787 0.065197 0.035957 0.029121 0.036385 0.019310 0.028969 0.038396 1.075824 3.480904 4.535761 3.335820 3.205396 2.856700 1.749416 0.119389 0.035692 0.055756 0.034812 0.052660 0.812906 0.803063 0.074525 0.024177 0.895135 2.134335 3.541077 2.623604 1.665077
0.806960 0.795820 0.781513 4.685555 4.710614 4.713215 4.702422 4.699427 5.699675 6.685672 5.695847 5.695439 6.690955 5.707104 4.684857 3.643109 2.647646 1.611658 1.569111 0.595462 0.588447 0.039376 0.047127 0.039282 0.034081 0.014397 0.030678 0.029015 0.039146 0.049833 1.761765 1.737381 0.618248 0.056590 0.047462 0.014397 0.018943 0.020486 1.145076 4.580147 5.667134 4.524557 3.254800 1.291067 0.019814 0.021019 0.014397 0.068964 0.024497 0.034045 0.054611 0.061764 0.035027 0.035317 0.166608 2.324918 2.531014 1.438405 0.359445
0.789388 0.792188 0.781697 4.699291 3.720670 3.727002 2.710419 2.746649 4.570905 5.664393 5.688838 5.696438 5.706380 5.704364 3.731372 2.688133 3.645722 2.681597 0.627383 0.594362 0.624815 0.658487 0.037270 0.040090 0.028938 0.028048 0.047005 0.041679 0.056324 0.744431 1.801777 2.828326 1.813673 0.607798 0.039527 0.021004 0.033378 0.035443 3.501053 5.625703 6.570020 3.276754 2.054906 1.530529 0.909437 0.072556 0.048780 0.028771 0.030952 0.023887 0.024361 0.031501 0.039177 0.032021 0.034416 0.212317 1.323262 1.158986 0.895935
0.747546 0.758268 0.744608 2.677173 2.703555 2.696982 1.748241 2.739557 2.754202 3.637994 4.696583 5.704336 5.717240 5.719737 3.740129 2.693275 2.669498 1.689533 0.671232 0.019637 0.646345 0.646692 0.045943 0.050000 0.030998 0.027626 0.044174 0.047333 0.742881 0.767430 1.793006 2.830507 2.817882 1.797378 0.035087 0.019569 0.030891 0.498506 3.135701 5.322008 5.143123 2.674882 1.757209 1.756541 0.874931 0.091082 0.045574 0.030800 0.027565 0.026848 0.014397 0.019310 0.035194 0.030708 0.045769 0.028068 0.184121 0.923560 0.932615
0.050119 0.059483 0.058566 0.056142 0.722602 1.757902 1.763888 2.735164 2.748177 2.670932 3.682041 5.686474 5.703039 5.690306 3.734384 2.684867 2.663667 1.656547 0.627948 0.645009 1.645673 1.691118 0.569714 0.532144 0.027183 0.054116 0.602358 1.837956 1.819720 1.816141 1.802632 2.837649 2.832517 1.816318 0.021079 0.035187 0.049680 0.636382 1.600966 3.654489 3.802286 2.872763 1.938412 1.920201 0.972838 0.147819 0.041050 0.057196 0.040403 0.029991 0.031883 0.027565 0.075042 0.046365 0.039299 0.162450 0.773740 0.969250 0.920565
0.061613 0.019310 0.014397 0.024315 0.720919 1.796970 2.842927 3.820973 3.849719 1.596455 1.641273 2.637183 4.656129 4.569371 3.720402 2.667024 2.619465 0.553438 0.043725 0.636156 1.630783 2.685227 2.680353 1.651193 0.445637 0.754885 2.787449 3.866352 2.833848 2.828138 2.828310 2.849312 2.844028 1.817006 0.040189 0.399637 0.994957 2.052595 1.961653 3.777276 3.987136 3.051116 2.103405 2.113319 2.233799 1.231144 0.260369 0.229411 0.033165 0.040718 0.034997 0.290741 1.323553 0.246073 0.427191 0.276299 0.703977 1.963118 0.909629
0.073493 0.077849 0.025441 0.023597 0.754443 2.866290 3.881719 4.879295 3.851125 0.075480 0.073463 0.735772 2.657595 2.751394 3.757840 2.741024 0.531515 0.032663 0.019310 0.035103 0.474047 3.669366 2.670532 0.601674 0.470469 0.758731 2.797664 3.844287 2.829011 2.812718 2.809245 2.848783 1.793062 1.757824 1.727882 1.653179 3.264438 3.335279 3.255758 3.845251 4.000470 3.028978 3.281980 3.299146 3.326547 2.314697 2.347364 1.323493 0.365662 0.355518 0.319480 1.414421 2.358194 1.410328 0.222007 0.157155 0.126127 0.638569 0.681806
1.931625 1.970309 0.850655 0.902323 1.833741 2.835850 3.821874 4.825292 3.850065 0.083531 0.081053 0.740649 1.757880 2.755684 3.768451 2.711670 0.061962 0.025749 0.014397 0.033516 0.035743 2.591866 1.577052 0.030643 0.026394 0.064283 1.769104 2.813485 1.815101 1.803715 2.795495 1.826022 1.820540 0.729654 2.415392 2.645890 4.304994 4.428386 4.450731 3.222854 3.252294 2.220551 3.253227 4.320251 4.351081 3.317420 3.356834 1.338391 0.286190 0.033241 1.397405 2.374419 3.372389 1.393442 0.313548 0.044044 0.083259 0.047615 0.062621
2.948958 3.980006 4.019960 1.931536 1.870910 2.824837 2.815136 3.812356 3.848792 0.933959 0.952809 1.868118 2.883723 3.862083 3.864187 1.777681 0.090543 0.030587 0.052239 0.048409 0.030236 0.769130 1.599998 0.900161 0.034074 0.025819 0.062795 0.773830 0.763140 0.718401 1.761907 1.832523 0.800830 0.762909 2.284759 3.391872 4.227663 5.399377 4.419403 4.465738 3.290910 3.349307 4.264203 4.274874 4.301818 4.314317 2.357764 0.033318 0.022148 0.044334 0.261279 1.044092 2.170986 0.224842 0.216276 0.089898 0.068048 0.038186 0.047966
3.946879 4.979112 5.027888 2.956707 2.933238 2.880593 1.874483 2.744328 2.750599 1.936198 1.960702 2.882138 3.899628 4.882239 4.930342 1.774144 0.149351 0.190240 0.041267 0.045631 0.029365 0.060474 0.826533 0.906807 0.026563 0.029461 0.025582 0.680356 0.021363 0.040922 0.691953 1.740993 1.850301 2.810134 2.645294 2.353053 2.893300 4.249186 5.420896 5.511757 3.298112 3.224255 3.224646 3.245095 3.275738 2.273437 0.228140 0.033794 0.021400 0.050133 0.134956 0.048755 0.052045 0.026665 0.062797 0.085718 0.071312 0.052632 0.036919
2.928622 4.966680 5.003121 3.986729 2.953571 1.905744 1.901166 1.914464 0.895631 1.902157 1.934214 3.861649 3.880556 4.823233 4.885209 0.713713 0.088716 0.033852 0.033394 0.030128 0.042369 2.004819 0.941603 0.957876 1.005322 0.990183 0.983456 0.939829 0.034599 0.031089 0.720330 1.564028 1.782446 2.771020 2.899062 1.716492 1.564814 2.990152 5.272705 5.478011 3.284549 2.142381 2.010911 2.149910 2.251473 2.200132 0.055642 0.027245 0.028300 0.055061 0.100406 0.046959 0.039024 0.038261 0.028680 0.045158 0.056053 0.079140 0.027626
1.963325 4.965966 5.998675 5.004127 2.950466 2.975319 1.919207 1.914264 1.956842 1.933420 2.951154 3.845554 4.887871 3.850855 3.892928 0.080104 0.089568 0.028480 0.021004 0.044833 0.050915 3.001225 2.048237 0.974306 0.988017 0.980195 1.953148 2.014122 0.895254 0.732490 1.118819 1.050366 1.635063 2.822412 3.039920 1.822437 1.619603 1.893454 3.030232 5.258136 2.360488 1.036178 0.420835 1.287385 2.304631 2.242235 0.086966 0.022591 0.022591 0.066780 0.066933 0.062285 0.040077 0.029518 0.025596 0.038192 0.059120 0.066170 0.020286
