use_cases/Flooding_chicago/flooding_data/output/h_3060.asc
ncols 337
nrows 393
xllcorner 428428.000000
yllcorner 4602440.000000
cellsize 26.757400
NODATA_value -9999.000000
[rows 216 to 242 of 393, columns 236 to 294 of 337]
0.178170 0.719486 0.725467 0.680057 0.654991 0.630043 0.594329 0.557301 0.509800 0.435328 0.036232 0.014397 0.036035 0.503564 0.461065 0.224633 0.113565 0.163274 0.685915 0.599851 0.549213 0.352069 0.265264 0.262034 1.185764 1.219527 1.262788 0.213118 0.146222 1.035173 1.017257 1.017970 0.982047 0.803273 1.529807 1.548240 2.508912 1.592178 0.497528 0.289938 1.086572 2.157621 2.175944 2.176862 1.163098 0.141533 0.093822 0.069676 -9999.000000 -9999.000000 -9999.000000 -9999.000000 -9999.000000 -9999.000000 -9999.000000 -9999.000000 -9999.000000 -9999.000000 -9999.000000
0.255958 0.175392 0.139034 0.110498 0.082837 0.626177 0.618041 0.607458 0.579813 0.024131 0.045434 0.053505 0.039239 0.649992 0.647500 0.022591 0.022591 0.091668 0.609053 0.366420 0.214365 0.247111 0.297607 0.215106 0.140771 0.471678 0.037652 0.040779 0.036446 0.027825 1.019919 1.030877 1.029959 0.087233 0.390547 0.386856 1.453020 1.481503 0.497563 1.014723 2.125534 2.123362 2.137908 1.081015 0.111318 0.098131 -9999.000000 -9999.000000 -9999.000000 -9999.000000 -9999.000000 -9999.000000 -9999.000000 -9999.000000 -9999.000000 -9999.000000 -9999.000000 -9999.000000 -9999.000000
0.303813 0.057304 0.071374 0.058784 0.144040 0.589035 0.615138 0.643456 0.628983 0.653997 0.031761 0.041633 0.803288 1.816144 1.838201 0.022591 0.022591 0.163967 1.007442 0.142501 0.207756 0.193126 0.307030 0.260965 0.198821 0.135907 1.073359 0.054255 0.041482 0.033287 0.021019 0.265901 0.299091 0.193322 0.126765 0.070152 0.500605 0.600158 0.523375 0.959236 0.959127 0.960632 0.919112 0.350848 0.021034 0.017967 -9999.000000 -9999.000000 -9999.000000 -9999.000000 -9999.000000 -9999.000000 -9999.000000 -9999.000000 -9999.000000 -9999.000000 -9999.000000 -9999.000000 -9999.000000
0.103615 0.106881 0.115608 0.100655 0.213626 0.153188 0.110268 0.629644 0.651798 0.674299 0.721764 0.783072 1.759278 2.760202 2.775006 0.795461 0.607493 1.247326 1.227165 1.326105 0.150742 0.118432 0.081383 0.161396 1.111609 1.143469 1.018260 0.933788 0.799994 0.760480 0.682876 1.506141 0.544608 0.049254 0.038476 0.027382 0.035722 0.750053 0.824304 0.027844 0.491255 0.532481 0.520551 0.486225 0.017967 -9999.000000 -9999.000000 -9999.000000 -9999.000000 -9999.000000 -9999.000000 -9999.000000 -9999.000000 -9999.000000 -9999.000000 -9999.000000 -9999.000000 -9999.000000 -9999.000000
0.033149 0.122476 0.148860 0.161588 0.132260 0.092903 0.186452 0.123941 0.594006 0.602533 0.056770 0.730272 1.791361 2.720211 1.803869 0.751903 0.549921 0.451006 1.048563 0.130661 0.099496 0.049783 0.115608 0.149848 0.975992 1.087154 0.069468 0.041390 0.666459 0.701200 0.662462 1.474014 1.522164 0.030099 0.033043 0.025738 0.033158 1.932553 1.009144 0.056066 0.582539 0.637783 0.586109 0.377519 -9999.000000 -9999.000000 -9999.000000 -9999.000000 -9999.000000 -9999.000000 -9999.000000 -9999.000000 -9999.000000 -9999.000000 -9999.000000 -9999.000000 -9999.000000 -9999.000000 -9999.000000
0.040688 0.037866 0.027870 0.207360 0.196118 0.160026 0.124734 0.105201 0.128002 0.115890 0.059406 0.136933 1.704299 1.767312 1.823071 0.866032 0.017952 0.509562 0.420512 0.025293 0.060512 0.037864 0.096677 0.096977 0.312098 0.388728 0.031547 0.032738 0.112748 0.104545 0.120619 0.083704 1.392898 1.342177 1.407171 1.266578 1.971154 1.959850 2.036127 2.076821 0.868450 0.820751 0.736128 0.014397 -9999.000000 -9999.000000 -9999.000000 -9999.000000 -9999.000000 -9999.000000 -9999.000000 -9999.000000 -9999.000000 -9999.000000 -9999.000000 -9999.000000 -9999.000000 -9999.000000 -9999.000000
0.317284 0.026878 0.029014 0.242048 0.235529 0.185265 0.171202 0.192460 0.021034 0.017967 0.139382 0.103631 0.165119 0.651647 1.759899 0.885041 0.969513 0.730467 0.030709 0.028969 0.295030 0.258615 0.191767 0.124901 0.159983 0.488392 0.051399 0.027519 0.024483 0.037224 0.193159 0.139293 0.493372 1.242778 1.387648 1.201480 0.983283 0.916693 1.927543 2.004821 2.010033 0.956077 0.033409 -9999.000000 -9999.000000 -9999.000000 -9999.000000 -9999.000000 -9999.000000 -9999.000000 -9999.000000 -9999.000000 -9999.000000 -9999.000000 -9999.000000 -9999.000000 -9999.000000 -9999.000000 -9999.000000
1.334732 1.352226 0.019722 0.276696 0.285560 0.017967 0.021034 0.238382 0.017967 0.226509 0.205713 0.181572 0.119790 0.445701 0.738564 0.769381 0.810891 0.095405 0.047049 0.041618 0.246113 0.245064 0.213128 0.172479 0.276527 0.212032 0.036171 0.042091 0.027458 0.059578 0.271309 0.144204 0.549465 1.232609 1.426189 0.409385 0.266144 0.197659 0.830692 1.991603 1.984358 0.955883 0.014397 -9999.000000 -9999.000000 -9999.000000 -9999.000000 -9999.000000 -9999.000000 -9999.000000 -9999.000000 -9999.000000 -9999.000000 -9999.000000 -9999.000000 -9999.000000 -9999.000000 -9999.000000 -9999.000000
1.338170 1.357773 0.317498 0.303696 0.315867 0.310895 0.017967 0.253471 1.307568 1.317544 0.258225 0.234981 0.183464 0.673408 0.660239 0.414950 0.417427 0.058282 0.072946 0.053733 0.067314 0.047188 0.223762 0.237634 0.165123 0.112555 0.062768 0.038964 0.154515 0.097085 0.370642 0.712931 1.841461 0.693661 0.481304 0.506776 0.048561 0.044060 0.055719 0.922078 1.970092 0.957807 0.037422 -9999.000000 -9999.000000 -9999.000000 -9999.000000 -9999.000000 -9999.000000 -9999.000000 -9999.000000 -9999.000000 -9999.000000 -9999.000000 -9999.000000 -9999.000000 -9999.000000 -9999.000000 -9999.000000
1.314831 1.345712 1.345785 1.319417 1.355232 1.333932 1.327387 1.318763 1.305228 1.298150 1.287165 1.282327 1.253026 1.018645 0.945914 0.077217 0.098837 0.105888 0.096031 0.066597 0.062889 0.079140 0.051246 0.296731 0.226113 0.147103 0.325631 0.263488 0.189110 0.118811 0.499992 0.651853 1.654292 0.708503 0.062172 0.058708 0.073952 0.079139 0.050666 0.102618 0.862411 0.921807 0.021812 -9999.000000 -9999.000000 -9999.000000 -9999.000000 -9999.000000 -9999.000000 -9999.000000 -9999.000000 -9999.000000 -9999.000000 -9999.000000 -9999.000000 -9999.000000 -9999.000000 -9999.000000 -9999.000000
1.321235 1.348321 1.338902 2.310419 2.335808 2.326684 2.336072 1.312723 1.306563 1.298210 2.277749 2.303614 2.323025 1.126686 0.155251 0.146919 0.152748 0.136804 0.114070 0.081689 0.036765 0.083245 0.045524 0.362650 0.238580 0.157661 0.277292 0.221397 0.145409 0.092873 0.672936 0.601570 0.327629 0.290795 0.037179 0.050240 0.047037 0.052422 0.037605 0.049385 0.141915 0.022210 -9999.000000 -9999.000000 -9999.000000 -9999.000000 -9999.000000 -9999.000000 -9999.000000 -9999.000000 -9999.000000 -9999.000000 -9999.000000 -9999.000000 -9999.000000 -9999.000000 -9999.000000 -9999.000000 -9999.000000
0.242898 0.034950 0.239662 1.306940 1.335317 1.319041 1.319564 1.304514 1.294230 1.292657 2.267293 2.280553 2.294633 0.157951 0.143700 0.154122 0.178117 0.153526 0.118417 0.064780 0.092583 0.081749 0.528450 0.534568 0.024941 0.025520 0.034981 0.126731 0.933572 1.016226 0.926275 0.917506 0.060418 0.074196 0.027198 0.033958 0.027534 0.081703 0.056481 0.086432 0.055580 0.039787 -9999.000000 -9999.000000 -9999.000000 -9999.000000 -9999.000000 -9999.000000 -9999.000000 -9999.000000 -9999.000000 -9999.000000 -9999.000000 -9999.000000 -9999.000000 -9999.000000 -9999.000000 -9999.000000 -9999.000000
0.078323 0.079476 0.046470 0.256578 1.189835 0.282982 0.294671 0.360019 0.341913 1.226496 1.189096 1.172417 1.187997 0.030830 0.035546 0.028236 0.215262 0.165657 0.107124 0.151039 0.080270 0.103554 0.053780 0.568000 0.031349 0.035012 0.021110 0.128898 0.103234 1.040413 2.086452 2.104239 0.111438 0.111091 0.033958 0.043022 0.035088 0.096458 0.067314 0.088876 0.055961 0.035545 -9999.000000 -9999.000000 -9999.000000 -9999.000000 -9999.000000 -9999.000000 -9999.000000 -9999.000000 -9999.000000 -9999.000000 -9999.000000 -9999.000000 -9999.000000 -9999.000000 -9999.000000 -9999.000000 -9999.000000
0.041725 0.033242 0.021049 0.132493 0.503838 0.062538 0.031304 1.493403 0.442593 0.424094 0.439341 0.428415 0.429956 0.022591 0.022591 0.036888 0.302803 0.018441 0.076210 0.088020 0.109825 0.086878 0.049675 0.588214 0.635414 0.020973 0.030928 0.130954 0.141213 0.983988 2.050198 2.088028 1.152360 0.117516 0.027595 0.035286 0.034294 0.030861 0.024696 0.048348 -9999.000000 -9999.000000 -9999.000000 -9999.000000 -9999.000000 -9999.000000 -9999.000000 -9999.000000 -9999.000000 -9999.000000 -9999.000000 -9999.000000 -9999.000000 -9999.000000 -9999.000000 -9999.000000 -9999.000000 -9999.000000 -9999.000000
0.027261 0.025642 0.347504 0.277612 0.204186 0.140756 0.507428 1.488003 1.510688 0.469200 0.467866 0.453504 0.457940 0.022591 0.022591 0.037026 0.340705 0.023384 0.014397 0.050622 0.393091 1.651968 1.703760 1.570639 1.376107 1.103197 1.108932 1.203330 1.177101 2.048989 2.122655 2.180852 1.141275 1.133843 0.098566 0.173821 0.037254 0.024330 0.023323 -9999.000000 -9999.000000 -9999.000000 -9999.000000 -9999.000000 -9999.000000 -9999.000000 -9999.000000 -9999.000000 -9999.000000 -9999.000000 -9999.000000 -9999.000000 -9999.000000 -9999.000000 -9999.000000 -9999.000000 -9999.000000 -9999.000000 -9999.000000
0.498038 0.517036 0.414223 0.345237 0.272653 0.173986 1.507165 1.506431 2.525523 2.540184 2.543237 0.472267 0.462137 0.039299 0.039604 0.029182 0.350228 0.352210 0.019310 0.032035 0.374504 1.413510 1.443740 1.336038 1.244667 0.984110 0.969565 1.851325 2.090492 3.115165 2.101586 2.157188 1.066601 0.985652 0.664557 0.771874 0.028465 -9999.000000 -9999.000000 -9999.000000 -9999.000000 -9999.000000 -9999.000000 -9999.000000 -9999.000000 -9999.000000 -9999.000000 -9999.000000 -9999.000000 -9999.000000 -9999.000000 -9999.000000 -9999.000000 -9999.000000 -9999.000000 -9999.000000 -9999.000000 -9999.000000 -9999.000000
1.476875 0.507164 0.424324 0.362404 0.286599 0.153085 1.490198 1.497521 2.488727 2.502028 2.508756 0.465394 0.024971 0.027184 0.294869 0.332757 1.362582 0.326729 0.203574 0.355843 0.563607 0.689505 0.689720 0.617593 0.370172 0.206154 0.194639 1.972610 2.143659 2.149191 1.053443 2.069283 1.029809 0.936467 0.693340 -9999.000000 -9999.000000 -9999.000000 -9999.000000 -9999.000000 -9999.000000 -9999.000000 -9999.000000 -9999.000000 -9999.000000 -9999.000000 -9999.000000 -9999.000000 -9999.000000 -9999.000000 -9999.000000 -9999.000000 -9999.000000 -9999.000000 -9999.000000 -9999.000000 -9999.000000 -9999.000000 -9999.000000
1.474294 0.530526 0.413461 0.360680 0.277823 0.571038 1.454109 1.504860 1.512279 1.527251 0.451747 0.025505 0.029716 0.385445 1.374763 1.393456 2.378700 1.389147 0.234260 0.197777 0.123055 0.679390 0.715537 0.644432 0.336937 0.192346 0.219154 0.143613 1.142308 0.152838 0.108962 1.000600 1.010717 0.906474 0.684733 -9999.000000 -9999.000000 -9999.000000 -9999.000000 -9999.000000 -9999.000000 -9999.000000 -9999.000000 -9999.000000 -9999.000000 -9999.000000 -9999.000000 -9999.000000 -9999.000000 -9999.000000 -9999.000000 -9999.000000 -9999.000000 -9999.000000 -9999.000000 -9999.000000 -9999.000000 -9999.000000 -9999.000000
0.550502 0.592489 0.055108 0.066963 0.052498 0.070402 1.490410 0.500913 0.503319 0.034416 0.043327 0.014397 0.026558 0.368595 1.309155 2.349649 2.369939 1.381800 0.201132 0.088914 1.110953 2.014841 2.112470 1.012271 0.063576 0.030220 0.049904 1.088285 1.125498 2.160115 1.125930 1.095527 1.078834 0.045207 0.025551 -9999.000000 -9999.000000 -9999.000000 -9999.000000 -9999.000000 -9999.000000 -9999.000000 -9999.000000 -9999.000000 -9999.000000 -9999.000000 -9999.000000 -9999.000000 -9999.000000 -9999.000000 -9999.000000 -9999.000000 -9999.000000 -9999.000000 -9999.000000 -9999.000000 -9999.000000 -9999.000000 -9999.000000
0.509142 0.646520 0.093757 0.107444 0.092705 0.055000 0.099035 0.086418 0.085182 0.017372 0.017372 0.031746 0.456611 1.579487 0.435053 0.391945 0.338867 0.252492 0.393976 0.358680 1.980033 3.076001 3.144428 1.099624 0.079994 0.099435 0.082823 0.125787 1.116236 2.141946 2.136086 2.145636 0.082038 0.144448 0.092705 -9999.000000 -9999.000000 -9999.000000 -9999.000000 -9999.000000 -9999.000000 -9999.000000 -9999.000000 -9999.000000 -9999.000000 -9999.000000 -9999.000000 -9999.000000 -9999.000000 -9999.000000 -9999.000000 -9999.000000 -9999.000000 -9999.000000 -9999.000000 -9999.000000 -9999.000000 -9999.000000 -9999.000000
0.159507 0.225366 0.159173 0.142128 0.119361 0.078285 0.138969 0.117272 0.111367 0.109413 0.071464 0.511865 1.558876 1.559658 0.028069 0.034722 0.027580 0.141229 0.263206 1.897443 2.087927 2.962687 2.009458 1.041519 0.060387 0.075935 0.115089 0.091850 1.102490 2.023067 1.111397 1.107611 0.074349 0.120751 0.068613 -9999.000000 -9999.000000 -9999.000000 -9999.000000 -9999.000000 -9999.000000 -9999.000000 -9999.000000 -9999.000000 -9999.000000 -9999.000000 -9999.000000 -9999.000000 -9999.000000 -9999.000000 -9999.000000 -9999.000000 -9999.000000 -9999.000000 -9999.000000 -9999.000000 -9999.000000 -9999.000000 -9999.000000
0.252946 0.375420 0.040230 0.048103 0.042092 0.029213 0.034431 0.103463 0.116432 0.108422 0.581917 1.613992 3.578119 1.603384 0.037315 0.045036 0.034920 0.091072 0.263256 1.896753 2.067894 0.978660 0.109190 0.028587 0.028587 0.066598 0.135099 0.142738 0.096169 0.304924 0.051049 0.036873 0.061837 0.072030 -9999.000000 -9999.000000 -9999.000000 -9999.000000 -9999.000000 -9999.000000 -9999.000000 -9999.000000 -9999.000000 -9999.000000 -9999.000000 -9999.000000 -9999.000000 -9999.000000 -9999.000000 -9999.000000 -9999.000000 -9999.000000 -9999.000000 -9999.000000 -9999.000000 -9999.000000 -9999.000000 -9999.000000 -9999.000000
0.266120 0.373009 0.064537 0.070366 0.056495 0.032981 0.046455 0.100396 0.095375 0.104668 0.598487 1.629457 3.553255 2.629950 1.599709 0.038827 0.028892 0.052102 0.351570 1.107367 1.197563 0.197719 0.044670 0.024330 0.024330 0.039375 0.046196 0.157156 0.157113 0.107399 0.107033 0.017967 0.021125 -9999.000000 -9999.000000 -9999.000000 -9999.000000 -9999.000000 -9999.000000 -9999.000000 -9999.000000 -9999.000000 -9999.000000 -9999.000000 -9999.000000 -9999.000000 -9999.000000 -9999.000000 -9999.000000 -9999.000000 -9999.000000 -9999.000000 -9999.000000 -9999.000000 -9999.000000 -9999.000000 -9999.000000 -9999.000000 -9999.000000
0.133369 0.112175 0.105399 0.084678 0.047204 0.111381 0.054954 0.098244 0.671671 0.710243 1.620295 1.639117 3.561180 2.623155 1.604651 0.442818 0.302747 0.771400 0.636546 1.134991 0.189963 0.198160 0.071841 0.029564 0.029564 0.058342 0.084180 0.166817 0.168572 0.117361 0.017967 0.021034 -9999.000000 -9999.000000 -9999.000000 -9999.000000 -9999.000000 -9999.000000 -9999.000000 -9999.000000 -9999.000000 -9999.000000 -9999.000000 -9999.000000 -9999.000000 -9999.000000 -9999.000000 -9999.000000 -9999.000000 -9999.000000 -9999.000000 -9999.000000 -9999.000000 -9999.000000 -9999.000000 -9999.000000 -9999.000000 -9999.000000 -9999.000000
0.105889 0.062339 0.123177 0.082788 0.169578 0.110023 0.115300 0.646252 0.684976 1.646918 1.631571 1.621148 3.527565 2.608192 1.512199 1.377067 1.243416 0.935160 1.748572 0.737300 0.114219 0.083539 0.091346 0.024330 0.024330 0.076989 0.119373 0.080833 0.036338 -9999.000000 -9999.000000 -9999.000000 -9999.000000 -9999.000000 -9999.000000 -9999.000000 -9999.000000 -9999.000000 -9999.000000 -9999.000000 -9999.000000 -9999.000000 -9999.000000 -9999.000000 -9999.000000 -9999.000000 -9999.000000 -9999.000000 -9999.000000 -9999.000000 -9999.000000 -9999.000000 -9999.000000 -9999.000000 -9999.000000 -9999.000000 -9999.000000 -9999.000000 -9999.000000
0.156991 0.086326 0.041003 0.078436 0.157525 0.097557 0.552512 1.679054 1.712925 2.673288 1.614784 1.623033 2.587580 2.630222 0.533270 0.401615 0.291512 0.194069 0.154488 0.054237 0.069294 0.064598 0.041786 0.209312 0.167487 0.076683 0.072746 0.032815 -9999.000000 -9999.000000 -9999.000000 -9999.000000 -9999.000000 -9999.000000 -9999.000000 -9999.000000 -9999.000000 -9999.000000 -9999.000000 -9999.000000 -9999.000000 -9999.000000 -9999.000000 -9999.000000 -9999.000000 -9999.000000 -9999.000000 -9999.000000 -9999.000000 -9999.000000 -9999.000000 -9999.000000 -9999.000000 -9999.000000 -9999.000000 -9999.000000 -9999.000000 -9999.000000 -9999.000000
0.183468 0.297951 0.231087 0.130362 0.061548 0.401450 1.460929 1.663749 1.677590 1.695612 0.657510 1.586132 2.613167 1.598688 0.072671 0.034370 0.046089 0.049324 0.063668 0.065682 0.060157 0.052635 0.036507 0.044853 0.023613 0.049048 0.025352 -9999.000000 -9999.000000 -9999.000000 -9999.000000 -9999.000000 -9999.000000 -9999.000000 -9999.000000 -9999.000000 -9999.000000 -9999.000000 -9999.000000 -9999.000000 -9999.000000 -9999.000000 -9999.000000 -9999.000000 -9999.000000 -9999.000000 -9999.000000 -9999.000000 -9999.000000 -9999.000000 -9999.000000 -9999.000000 -9999.000000 -9999.000000 -9999.000000 -9999.000000 -9999.000000 -9999.000000 -9999.000000
