use_cases/Flooding_chicago/flooding_data/output/h_300.asc
ncols 337
nrows 393
xllcorner 428428.000000
yllcorner 4602440.000000
cellsize 26.757400
NODATA_value -9999.000000
[rows 189 to 215 of 393, columns 236 to 294 of 337]
0.052358 0.043131 0.078682 1.202925 1.319925 1.381208 0.255026 0.047297 0.053876 0.046513 0.017372 0.017372 0.045210 0.035761 0.081003 0.054656 1.124942 1.130044 1.113944 0.067219 0.052637 0.056137 0.021034 0.017967 0.029518 0.029945 0.025779 0.042061 0.033941 0.027688 0.021645 0.069550 0.085615 0.030053 0.042905 0.064088 0.063761 0.042619 0.080095 0.078661 0.061101 0.026969 0.019309 0.031287 0.134533 0.115962 0.087663 0.968559 0.960543 0.059897 0.119596 0.141934 0.062635 0.037106 0.033801 0.050846 0.083211 0.061113 0.167354
0.037912 0.048805 0.045978 0.165817 1.276844 1.301522 0.035347 0.047098 0.035190 0.119781 0.028557 0.038323 0.014393 0.043198 0.069501 0.149648 1.083720 1.112374 0.133182 0.118030 0.067629 0.054457 0.028602 0.034170 0.031105 0.039037 0.054037 0.099276 0.080410 0.094203 0.361606 0.019020 0.024774 0.034196 0.042048 0.024330 0.024330 0.064926 0.038804 0.109632 0.933271 0.029258 0.027366 0.023512 0.028176 0.558981 0.045408 0.035934 0.971095 0.147772 0.127739 0.157624 0.064657 0.044440 0.055639 0.046409 0.040508 0.028433 0.038948
0.049031 0.036308 0.034308 0.045526 0.277983 0.289667 0.050636 0.034167 0.065649 1.785408 0.673949 0.100108 0.092220 0.021155 0.063915 0.146707 0.139390 0.067805 0.117248 0.160298 0.098344 0.055137 0.075547 0.077680 0.020226 0.029465 0.036665 0.096505 0.086938 0.100207 0.320984 0.325878 0.308267 0.268907 0.257162 0.029570 0.029570 0.072690 0.048026 0.165360 0.914801 0.034046 0.023566 0.022942 0.027992 0.564183 0.565588 0.060311 0.089393 0.132289 0.070518 0.032121 0.026947 0.053918 0.067268 0.059129 0.025704 0.017372 0.025704
0.040291 0.033451 0.033242 0.077139 0.233576 0.227525 0.049116 0.159298 0.534347 1.767391 0.582035 0.044501 0.043624 0.023292 0.056035 0.067682 0.046339 0.040746 0.040655 0.092047 0.121225 0.060052 0.089330 0.059468 0.060064 0.050691 0.077714 0.074591 0.061431 0.117373 0.065316 0.328455 0.321712 1.305681 0.233076 0.024330 0.024330 0.068684 0.039966 0.159980 0.917817 0.140553 0.031654 0.031289 0.061912 0.550809 0.554599 0.054813 0.072154 0.080666 0.042738 0.031298 0.050960 0.036399 0.050240 0.046243 0.025704 0.017372 0.025704
0.040124 0.068869 0.094208 0.117151 0.342863 0.097615 0.105272 0.079205 0.112107 0.108178 0.054153 0.041999 0.035592 0.021782 0.033580 0.077433 0.017967 0.032265 0.076888 0.074220 0.057522 0.067597 0.014393 0.070846 0.055039 0.050802 0.103007 0.131179 0.034745 0.028454 0.084329 0.053224 0.260833 1.305700 0.250017 0.037931 0.064371 0.055485 0.226611 0.164051 0.852008 0.173068 0.030822 0.040771 0.051057 0.557530 0.033771 0.045800 0.636665 0.640680 0.065178 0.078251 0.075855 0.040457 0.063401 0.040434 0.046656 0.025597 0.028405
0.082663 0.069237 0.085197 0.071436 0.115344 0.180817 0.159699 0.052612 0.057940 0.043809 0.049963 0.041918 0.022590 0.022590 0.027795 0.097397 0.021034 0.017967 0.037789 0.031777 0.020548 0.049736 0.034029 0.043382 0.091410 0.117019 1.095412 1.050892 0.142685 0.036317 0.030742 0.080442 0.044872 0.260299 0.275781 0.294541 0.054945 0.056048 0.191239 0.159421 0.167727 0.244306 0.270537 0.236356 0.052998 0.030685 0.029540 0.063846 0.628081 0.652039 0.054431 0.055779 0.319808 0.260824 0.267719 0.265110 0.223963 0.225257 0.036326
0.072440 0.059057 0.038185 0.050367 0.045381 0.172496 0.073281 0.065548 0.055983 0.029762 0.041115 0.054726 0.022590 0.022590 0.027795 0.060191 0.059856 0.043926 0.036315 0.027551 0.033348 0.058257 0.041577 0.081936 0.088969 1.164123 1.145787 0.117244 0.033949 0.048836 0.047041 0.036445 0.026742 0.023289 0.304941 0.363958 0.064350 0.079189 0.071432 0.026542 0.027778 1.299388 0.318382 0.243541 0.038049 0.039009 0.020302 0.026688 0.054425 0.064796 0.067553 0.061321 0.036026 0.377560 0.365187 0.340855 1.344754 1.351551 0.299615
0.037652 0.020104 0.042758 0.037147 0.041142 0.077328 0.097163 0.109424 0.040086 0.017372 0.017372 0.026773 0.060869 0.044365 0.059531 0.104241 0.069641 0.076662 0.044466 0.056061 0.388988 1.554787 0.504863 0.054268 0.036294 0.069244 0.065719 0.029241 0.025381 0.045708 0.040445 0.035178 0.026375 0.343548 0.328282 0.058944 0.088770 0.037065 0.050008 0.019309 0.041725 0.251084 0.275373 0.039513 0.033530 0.021034 0.017967 0.026100 0.074754 0.087450 0.059930 0.050082 0.041227 0.042118 0.034532 0.221767 0.217465 0.034767 0.044170
0.036736 0.018348 0.029687 0.027992 0.031180 0.043433 0.036438 0.085204 0.036805 0.056848 0.053807 0.031382 0.039147 0.074014 0.050301 0.062472 0.230737 0.312089 0.423529 1.496762 1.560244 1.570347 0.062445 0.030509 0.039291 0.034446 0.026085 0.049155 0.030068 0.078107 0.075274 0.058932 0.039141 0.364476 0.318657 0.092211 0.034087 0.057664 0.069530 0.027366 0.023512 0.060406 0.104960 0.046105 0.054307 0.017967 0.028864 0.377747 0.017372 0.089133 0.315728 0.356934 0.294609 0.054363 0.042137 0.048071 0.033852 0.025460 0.031614
0.028114 0.023032 0.031069 0.028398 0.031348 0.045095 0.044884 0.043603 0.050854 0.044522 0.035109 0.040104 0.058131 0.054929 0.056622 0.533030 0.368151 0.205480 0.136058 0.364014 0.416825 0.439382 0.067707 0.023110 0.018364 0.036247 0.026543 0.033931 0.039909 0.147467 0.033699 0.180830 0.182101 0.298974 0.288490 0.148927 0.033570 0.056045 0.065970 0.023566 0.022942 0.127194 0.032808 0.021355 0.077173 0.055890 0.048612 0.378852 0.017372 0.144653 0.312144 2.455452 1.340340 0.068409 0.030628 0.027789 0.027153 0.014393 0.034537
0.023672 0.036711 0.036552 0.041598 0.044788 0.183162 0.213086 0.041308 0.043390 0.096620 0.053289 0.081433 0.205775 0.193238 0.391671 0.686909 0.083208 0.086448 0.050329 0.032536 0.094404 0.141158 0.111995 0.026556 0.060905 0.153233 0.140517 0.160025 0.265429 1.247299 1.303735 1.303261 1.294661 0.242765 0.121453 0.272571 0.347931 0.033472 0.035988 0.487846 0.032873 0.032265 0.025840 0.036093 0.025840 0.044249 0.278112 0.351510 0.329708 0.250003 0.121527 0.304131 0.254199 0.054151 0.028994 0.031670 0.025626 0.032692 0.032599
0.031075 0.049567 0.051688 0.192389 1.292597 1.285956 0.196759 0.047925 0.014393 0.062577 0.130541 0.111880 0.261055 0.208367 0.498620 0.054481 0.140161 0.149248 0.022590 0.022590 0.062641 0.258686 0.030433 0.038476 0.059028 0.130080 0.110317 0.134815 0.122492 1.246735 1.274730 1.259696 0.040589 0.033340 0.037935 0.366782 0.386656 0.435843 0.467587 0.481720 0.489948 0.029507 0.024937 0.031151 0.024937 0.032477 0.316132 0.362997 0.296184 0.264108 0.049015 0.036317 0.152981 0.106063 0.170581 0.168073 0.031510 0.040271 0.033064
0.029028 0.034996 0.286680 1.215577 1.283371 0.214254 0.174156 0.043363 0.041998 0.063145 0.151275 0.127791 0.290855 0.277910 0.018883 0.129285 0.077535 0.090358 0.022590 0.022590 0.128845 0.137005 0.024055 0.026528 0.035529 0.053801 0.039802 0.038764 0.221131 0.219248 0.140358 0.102964 0.045643 0.030111 0.039391 0.304465 0.317285 0.033717 0.041928 0.040448 0.533250 0.052318 0.031090 0.039603 0.031090 0.095744 0.356808 0.398226 0.039912 0.061593 0.098841 0.033328 0.093632 0.134014 0.172154 0.161296 0.113577 0.161186 0.348773
0.148747 0.115761 0.295638 0.193594 0.038643 0.057655 0.026879 0.028649 0.040930 0.023016 0.039530 0.027869 0.048919 0.037188 0.025736 0.194849 0.014393 0.137197 0.151768 0.134496 0.069061 0.215610 0.026313 0.038611 0.028009 0.039481 0.022636 0.021973 0.200953 0.223989 0.150005 0.046050 0.037911 0.031810 0.073036 0.106449 0.108863 0.039527 0.031083 0.063039 0.550718 0.609443 0.600630 0.101921 0.131007 0.134844 0.115034 0.108332 0.032989 0.047230 0.063771 0.072862 0.053444 0.042566 0.210883 0.030549 0.025816 0.068445 0.054180
0.144326 0.132895 0.140120 0.106487 0.043798 0.062461 0.027107 0.025322 0.095239 0.058713 0.041226 0.028435 0.059843 0.035221 0.260267 0.186091 0.184650 0.160679 0.158964 0.141995 0.085688 0.237251 0.242852 0.034551 0.032821 0.036674 0.034493 0.136118 0.329225 0.304174 0.073346 0.043390 0.069849 0.020087 0.094734 0.070366 0.081951 0.042136 0.033088 0.044317 0.046542 0.599949 0.094391 0.151719 0.173826 0.167742 0.170280 0.156643 0.044296 0.014393 0.097643 0.100628 0.021355 0.072682 0.056935 0.052114 0.030848 0.122834 0.063391
0.139207 0.165268 0.122795 0.028755 0.034828 0.037819 0.014393 0.031425 0.074427 0.193900 0.161125 0.094352 0.052935 0.332725 0.315211 0.019308 0.174583 0.163943 0.168437 0.166246 0.017372 0.232098 0.234797 0.032586 0.032081 0.080555 0.205546 0.231346 0.208742 0.125147 0.143703 0.060182 0.087046 0.029229 0.058365 0.057991 0.061423 0.081976 0.020591 0.032921 0.035116 0.111639 0.152878 0.172096 0.183310 0.177247 0.175870 0.163263 0.065796 0.094729 0.099362 0.025840 0.036093 0.025840 0.071929 0.052291 0.202750 0.187002 0.022590
0.149045 0.193076 0.026786 0.039356 0.036178 0.036673 0.037866 0.027611 0.036460 0.032753 0.095402 0.409482 0.429981 0.357765 0.325458 0.014393 0.028019 0.149118 0.178595 0.177870 0.017372 0.228625 0.229185 0.025393 0.025232 0.043718 0.255291 0.281556 0.323429 0.038353 0.062863 0.071754 0.031783 0.027885 0.033332 0.029524 0.055914 0.040702 0.033087 0.041210 0.057021 0.040137 0.179423 0.185451 0.193553 0.187523 0.185790 0.046651 0.082393 0.093332 0.095388 0.024937 0.031151 0.024937 0.072828 0.051814 0.203486 0.196463 0.022590
0.156792 0.190705 0.024147 0.026511 0.056741 0.050476 0.043556 0.035861 0.046515 0.042226 0.085900 0.060067 0.457522 0.019702 0.193048 0.030345 0.039567 0.029650 0.168477 0.156690 0.093891 0.224026 0.214933 0.183091 0.148360 0.085173 0.086098 0.047548 0.414190 0.042963 0.079002 0.082256 0.037971 0.037559 0.017372 0.044381 0.023843 0.039967 0.028833 0.032904 0.045326 0.036140 0.183305 0.190014 0.203038 0.190299 0.025704 0.030151 0.024559 0.082998 0.068373 0.058015 0.058683 0.066616 0.064288 0.046240 0.194342 0.174654 0.130979
0.025783 0.133885 0.103555 0.070863 0.133941 0.100790 0.067448 0.047088 0.033220 0.034677 0.072855 0.075680 0.048917 0.029712 0.706141 0.050255 0.029746 0.039793 0.033640 0.026630 0.067585 0.197316 0.210968 0.180295 0.143753 0.087473 0.110199 0.054448 0.493780 0.528612 0.058762 0.081502 0.029944 0.030965 0.017372 0.032631 0.038683 0.046460 0.046272 0.107782 0.124854 0.119501 0.149652 0.022866 0.239135 0.042580 0.030564 0.030876 0.024772 0.045469 0.269644 0.252423 0.252181 0.038483 0.043757 0.032615 0.192717 0.163440 0.101926
0.075648 0.085467 0.079728 0.055669 0.133028 0.082895 0.233715 0.033830 0.055496 0.641230 0.042648 0.061989 0.046321 0.116768 0.722620 0.749954 0.077811 0.028251 0.032432 0.030618 0.023781 0.199707 0.186211 0.161902 0.126575 0.067964 0.102367 0.532548 0.514690 0.533468 0.525463 0.098781 0.129858 0.057415 0.020180 0.039497 0.035408 0.076125 0.149907 1.034855 1.120998 1.067287 0.131969 0.041214 0.052726 0.071167 0.025230 0.065719 0.264896 0.301746 0.309579 1.347545 1.355516 0.314883 0.291292 0.248957 0.173398 0.117627 0.434544
0.097899 0.138898 0.041464 0.034727 0.074987 0.071338 0.223461 0.137146 0.651051 0.649078 0.682646 0.053955 0.044723 0.126975 0.710230 0.744209 0.769204 0.100543 0.130560 0.140715 0.018487 0.164264 0.167441 0.142943 0.098935 0.207076 0.136887 0.533645 0.513305 0.540480 0.524552 0.081651 0.039809 0.063308 0.048758 0.071113 0.128797 0.107561 0.213088 1.004146 1.113683 0.116138 0.140700 0.048686 0.066014 0.078722 0.027168 0.081259 0.048597 0.276895 0.259902 0.289018 0.251359 0.033333 0.044990 0.046699 0.043892 0.032386 0.037941
0.149863 0.067035 0.053178 0.037953 0.094418 0.263021 0.231307 0.663944 0.648245 0.661794 0.678717 0.081025 0.014393 0.077935 0.041926 0.096255 0.095058 0.118311 0.127208 0.136377 0.119874 0.054635 0.162598 0.128021 0.084653 0.208832 0.171776 0.116589 0.075102 0.574156 0.059321 0.106482 0.054161 0.071125 0.060900 0.083358 0.156560 0.123886 0.211145 0.136789 0.129865 0.029517 0.038802 0.052631 0.054528 0.070768 0.017967 0.021034 0.038461 0.028171 0.064854 0.080265 0.070549 0.027414 0.034935 0.034593 0.032739 0.025474 0.029121
0.913559 0.122761 0.169879 0.165132 0.109520 0.281311 0.257969 0.196922 0.139086 0.595720 1.632057 0.107284 0.142271 0.133426 0.025977 0.030251 0.024590 0.028725 0.117332 0.155472 0.027638 0.028433 0.032522 0.084383 0.061110 0.217574 0.193532 0.161271 0.116362 0.578639 0.080706 0.040295 0.072130 0.025538 0.023704 0.023917 0.034834 0.113263 0.086991 0.061954 0.045141 0.037321 0.036481 0.032685 0.266517 0.044418 0.049186 0.017967 0.038520 0.032070 0.020636 0.140084 0.036431 0.033456 0.041879 0.035805 0.033119 0.025583 0.029154
0.981904 0.129635 0.029744 0.044317 0.041868 0.091303 0.110716 0.118410 0.095045 0.111491 0.095086 1.128448 0.151737 0.158444 0.031406 0.031071 0.024834 0.028801 0.095568 0.143950 0.021706 0.018089 0.040913 0.045954 0.230019 0.248758 0.218239 0.193676 0.171719 0.140863 0.116862 0.043618 0.025538 0.035713 0.025538 0.081036 0.062770 0.044278 0.034503 0.021357 0.045000 0.199798 0.245070 0.227838 0.242188 0.234144 0.041225 0.043332 0.381887 0.361117 0.364866 0.031411 0.050297 0.025795 0.027564 0.088157 0.079580 0.056094 0.053301
1.007318 0.159973 0.035262 0.066772 0.076300 0.059473 0.179613 0.192714 0.175653 0.105555 0.054818 0.105440 0.129956 0.175158 0.027581 0.158975 0.103374 0.149662 1.060270 0.155742 0.021614 0.051779 0.037894 0.222819 0.258402 0.259187 0.227534 0.210122 0.198791 0.188382 0.030641 0.051212 0.023704 0.025538 0.034186 0.056816 0.053687 0.041625 0.029704 0.089317 0.057525 0.224625 0.244968 1.255478 0.245791 0.239136 0.040162 0.043247 0.338444 0.354508 0.357950 0.031501 0.030540 0.067041 0.071081 0.046758 0.051201 0.037076 -9999.000000
0.929223 0.212456 0.301099 0.078134 0.103170 0.107758 0.080275 0.256374 0.250195 0.055598 0.048437 0.033636 0.037797 0.217296 0.035608 0.128148 0.085589 0.144212 1.057259 1.116276 0.018197 0.044962 0.076300 0.238049 0.270158 0.276979 0.232909 0.217216 0.210987 0.200405 0.025664 0.030024 0.199531 0.022850 0.057136 0.100951 0.764248 0.801633 0.064383 0.081469 0.053874 0.224546 0.250619 1.254477 0.241632 0.204331 0.042287 0.054994 0.039543 0.026620 0.024102 0.025094 -9999.000000 -9999.000000 -9999.000000 -9999.000000 -9999.000000 -9999.000000 -9999.000000
0.186391 0.224550 0.265878 0.102527 0.130003 0.148673 0.147002 0.130942 0.125229 0.115942 0.027902 0.035349 0.027211 0.050548 0.040147 0.052038 0.063715 0.109700 1.057076 0.124985 0.064704 0.050101 0.086499 0.224919 0.268306 1.291680 0.225222 0.022484 0.172471 0.188694 0.194413 0.191692 0.181200 0.123618 0.064430 0.809292 0.785767 0.781634 0.069467 0.018181 0.043814 0.201878 1.281418 0.282121 0.217680 0.037163 0.040154 0.017372 0.017372 -9999.000000 -9999.000000 -9999.000000 -9999.000000 -9999.000000 -9999.000000 -9999.000000 -9999.000000 -9999.000000 -9999.000000
