use_cases/Flooding_chicago/flooding_data/output/h_3000.asc
ncols 337
nrows 393
xllcorner 428428.000000
yllcorner 4602440.000000
cellsize 26.757400
NODATA_value -9999.000000
[rows 324 to 350 of 393, columns 0 to 58 of 337]
-9999.000000 -9999.000000 -9999.000000 -9999.000000 -9999.000000 -9999.000000 -9999.000000 -9999.000000 -9999.000000 -9999.000000 -9999.000000 -9999.000000 -9999.000000 -9999.000000 -9999.000000 -9999.000000 -9999.000000 -9999.000000 -9999.000000 -9999.000000 -9999.000000 -9999.000000 -9999.000000 -9999.000000 -9999.000000 0.041069 0.051841 0.053993 0.062920 0.035897 0.042472 0.214742 0.050087 0.036614 0.021904 0.046959 0.032875 0.027444 0.039680 0.067490 1.704156 2.740019 2.744210 2.734541 3.747574 3.758198 3.756162 2.732202 2.730535 3.736987 2.738463 3.736717 3.735478 5.721029 6.731892 5.736425 3.732294 3.730566 3.728363
-9999.000000 -9999.000000 -9999.000000 -9999.000000 -9999.000000 -9999.000000 -9999.000000 -9999.000000 -9999.000000 -9999.000000 -9999.000000 -9999.000000 -9999.000000 -9999.000000 -9999.000000 -9999.000000 -9999.000000 -9999.000000 -9999.000000 -9999.000000 -9999.000000 -9999.000000 -9999.000000 -9999.000000 0.030891 0.039604 0.038592 0.030724 0.057579 0.067787 0.203849 1.293692 0.246134 0.040336 0.041950 0.041389 0.230758 0.044075 0.042747 0.083414 1.695565 2.738820 1.738533 2.730278 2.743923 2.746519 2.743347 2.731929 2.729925 3.728197 4.738040 3.735465 3.731134 3.728979 4.731544 4.735262 3.732542 3.729453 3.734376
-9999.000000 -9999.000000 -9999.000000 -9999.000000 -9999.000000 -9999.000000 -9999.000000 -9999.000000 -9999.000000 -9999.000000 -9999.000000 -9999.000000 -9999.000000 -9999.000000 -9999.000000 -9999.000000 -9999.000000 -9999.000000 -9999.000000 -9999.000000 -9999.000000 -9999.000000 -9999.000000 -9999.000000 0.019401 0.027748 0.024513 0.044548 0.051308 0.077797 1.276812 2.283238 2.302457 2.308912 1.214237 1.215353 2.285429 0.038002 0.017372 0.084136 1.687182 2.726903 1.734890 1.730445 2.741361 2.746517 3.734943 2.732279 2.729458 3.723326 4.726709 3.734545 2.733044 1.720112 1.725334 2.726359 1.713362 1.708197 1.712817
-9999.000000 -9999.000000 -9999.000000 -9999.000000 -9999.000000 -9999.000000 -9999.000000 -9999.000000 -9999.000000 -9999.000000 -9999.000000 -9999.000000 -9999.000000 -9999.000000 -9999.000000 -9999.000000 -9999.000000 -9999.000000 -9999.000000 -9999.000000 -9999.000000 -9999.000000 -9999.000000 -9999.000000 -9999.000000 0.024422 0.027748 0.047280 0.055853 0.075783 1.287065 1.307575 2.312834 2.319442 2.308284 2.309005 2.308891 0.028526 0.017372 0.115409 1.674680 1.726129 1.740337 1.732522 2.740467 3.739050 4.739932 3.740350 3.732430 3.721616 3.735972 2.736419 1.734250 0.727734 0.713552 0.717948 0.040737 0.044534 0.650217
-9999.000000 -9999.000000 -9999.000000 -9999.000000 -9999.000000 -9999.000000 -9999.000000 -9999.000000 -9999.000000 -9999.000000 -9999.000000 -9999.000000 -9999.000000 -9999.000000 -9999.000000 -9999.000000 -9999.000000 -9999.000000 -9999.000000 -9999.000000 -9999.000000 -9999.000000 -9999.000000 -9999.000000 -9999.000000 -9999.000000 0.019401 0.040336 0.027412 0.033309 0.214993 0.290631 1.321460 1.326266 2.335508 2.339621 2.324348 0.242372 0.239646 0.180573 0.696346 0.652004 0.712315 1.728133 2.736900 3.742871 4.737798 3.735552 2.714123 1.735618 2.737304 1.739543 0.739079 0.737387 0.059708 0.088778 0.028069 0.039131 0.036507
-9999.000000 -9999.000000 -9999.000000 -9999.000000 -9999.000000 -9999.000000 -9999.000000 -9999.000000 -9999.000000 -9999.000000 -9999.000000 -9999.000000 -9999.000000 -9999.000000 -9999.000000 -9999.000000 -9999.000000 -9999.000000 -9999.000000 -9999.000000 -9999.000000 -9999.000000 -9999.000000 -9999.000000 -9999.000000 -9999.000000 -9999.000000 -9999.000000 0.024575 0.027885 0.038734 0.275452 0.308722 0.300170 1.325568 1.332770 1.299219 1.280875 0.275952 0.271696 0.020867 0.040532 0.662414 1.730464 1.758876 2.744107 3.753625 2.753927 1.743045 1.742091 2.742478 2.745636 1.746582 0.724986 0.062732 0.099543 0.031913 0.054354 0.062782
-9999.000000 -9999.000000 -9999.000000 -9999.000000 -9999.000000 -9999.000000 -9999.000000 -9999.000000 -9999.000000 -9999.000000 -9999.000000 -9999.000000 -9999.000000 -9999.000000 -9999.000000 -9999.000000 -9999.000000 -9999.000000 -9999.000000 -9999.000000 -9999.000000 -9999.000000 -9999.000000 -9999.000000 -9999.000000 -9999.000000 -9999.000000 -9999.000000 -9999.000000 0.017372 0.029396 0.022179 0.282466 0.017967 0.021034 0.268809 0.267275 1.256834 0.270644 0.272676 0.033119 0.028023 0.719092 0.725197 0.738567 1.752931 2.738838 2.746123 1.739839 2.740588 2.739919 2.742650 2.739707 1.736644 0.696617 0.124061 0.138216 0.050572 0.028190
-9999.000000 -9999.000000 -9999.000000 -9999.000000 -9999.000000 -9999.000000 -9999.000000 -9999.000000 -9999.000000 -9999.000000 -9999.000000 -9999.000000 -9999.000000 -9999.000000 -9999.000000 -9999.000000 -9999.000000 -9999.000000 -9999.000000 -9999.000000 -9999.000000 -9999.000000 -9999.000000 -9999.000000 -9999.000000 -9999.000000 -9999.000000 -9999.000000 -9999.000000 0.017372 0.032052 0.149326 0.233409 0.223837 0.017967 0.227238 1.238710 1.247063 1.258194 0.027672 0.017372 0.038750 0.039085 0.724228 0.748119 1.739469 2.740818 2.743963 2.744437 2.739908 3.739302 2.742923 1.745398 0.737803 0.703969 0.073860 0.042907 0.061421 0.034554
-9999.000000 -9999.000000 -9999.000000 -9999.000000 -9999.000000 -9999.000000 -9999.000000 -9999.000000 -9999.000000 -9999.000000 -9999.000000 -9999.000000 -9999.000000 -9999.000000 -9999.000000 -9999.000000 -9999.000000 -9999.000000 -9999.000000 -9999.000000 -9999.000000 -9999.000000 -9999.000000 -9999.000000 -9999.000000 -9999.000000 -9999.000000 -9999.000000 -9999.000000 0.026756 0.025337 0.164755 0.188860 0.188589 0.170840 0.210522 1.252536 1.237518 0.194462 0.035050 0.017372 0.035392 0.057274 0.048424 0.036584 0.759145 2.709602 2.740971 2.736471 2.738936 3.745062 1.747992 0.732755 0.725295 0.706060 0.696591 0.042117 0.059074 0.034235
-9999.000000 -9999.000000 -9999.000000 -9999.000000 -9999.000000 -9999.000000 -9999.000000 -9999.000000 -9999.000000 -9999.000000 -9999.000000 -9999.000000 -9999.000000 -9999.000000 -9999.000000 -9999.000000 -9999.000000 -9999.000000 -9999.000000 -9999.000000 -9999.000000 -9999.000000 -9999.000000 -9999.000000 -9999.000000 -9999.000000 -9999.000000 -9999.000000 -9999.000000 -9999.000000 0.022730 0.121971 0.668327 0.680618 0.735976 0.151339 0.196288 1.212455 0.171621 0.027183 0.032646 0.027306 0.048698 0.040719 0.029716 0.765835 0.741362 0.750728 0.746833 2.729850 1.731317 1.743625 0.733582 0.727377 0.708586 0.689644 0.058089 0.039785 0.026175
-9999.000000 -9999.000000 -9999.000000 -9999.000000 -9999.000000 -9999.000000 -9999.000000 -9999.000000 -9999.000000 -9999.000000 -9999.000000 -9999.000000 -9999.000000 -9999.000000 -9999.000000 -9999.000000 -9999.000000 -9999.000000 -9999.000000 -9999.000000 -9999.000000 -9999.000000 -9999.000000 -9999.000000 -9999.000000 -9999.000000 -9999.000000 -9999.000000 -9999.000000 -9999.000000 0.380905 1.697470 2.688120 1.549596 0.724753 0.138828 0.164873 1.178219 1.147305 1.156861 0.158639 0.124907 0.909791 0.927144 0.917449 0.900032 0.034588 0.717579 0.713935 1.727763 1.723996 1.733448 0.724499 0.711540 0.682391 0.614109 0.537419 0.564970 0.029045
-9999.000000 -9999.000000 -9999.000000 -9999.000000 -9999.000000 -9999.000000 -9999.000000 -9999.000000 -9999.000000 -9999.000000 -9999.000000 -9999.000000 -9999.000000 -9999.000000 -9999.000000 -9999.000000 -9999.000000 -9999.000000 -9999.000000 -9999.000000 -9999.000000 -9999.000000 -9999.000000 -9999.000000 -9999.000000 -9999.000000 -9999.000000 -9999.000000 -9999.000000 -9999.000000 1.199150 2.696246 2.587559 1.398169 0.902346 1.087676 1.112439 1.157844 1.146253 1.143167 0.190841 0.141665 0.899448 0.915524 0.902979 0.869997 0.048978 0.054441 0.058875 0.716705 1.742743 1.742379 1.754514 0.733903 0.025549 0.507938 0.515226 1.434212 0.384304
-9999.000000 -9999.000000 -9999.000000 -9999.000000 -9999.000000 -9999.000000 -9999.000000 -9999.000000 -9999.000000 -9999.000000 -9999.000000 -9999.000000 -9999.000000 -9999.000000 -9999.000000 -9999.000000 -9999.000000 -9999.000000 -9999.000000 -9999.000000 -9999.000000 -9999.000000 -9999.000000 -9999.000000 -9999.000000 -9999.000000 -9999.000000 -9999.000000 -9999.000000 -9999.000000 0.036156 0.030998 0.583053 0.663596 0.932279 1.078997 1.123147 1.179896 1.133703 0.205578 0.220655 0.192489 0.118402 0.868284 0.840611 0.058564 0.044014 0.024284 0.023399 0.050999 0.649796 1.738849 1.759707 0.740286 0.034285 0.496244 1.484720 1.499935 1.483783
-9999.000000 -9999.000000 -9999.000000 -9999.000000 -9999.000000 -9999.000000 -9999.000000 -9999.000000 -9999.000000 -9999.000000 -9999.000000 -9999.000000 -9999.000000 -9999.000000 -9999.000000 -9999.000000 -9999.000000 -9999.000000 -9999.000000 -9999.000000 -9999.000000 -9999.000000 -9999.000000 -9999.000000 -9999.000000 -9999.000000 -9999.000000 -9999.000000 -9999.000000 -9999.000000 0.014396 0.032982 0.032919 0.054817 0.843286 0.987653 0.974706 0.198889 0.232693 0.253852 0.258411 0.233044 0.150460 0.106760 0.038795 0.038933 0.040016 0.014396 0.024284 0.060812 0.046928 0.729076 0.729189 0.028947 0.032524 0.496565 1.476878 1.504608 2.490562
-9999.000000 -9999.000000 -9999.000000 -9999.000000 -9999.000000 -9999.000000 -9999.000000 -9999.000000 -9999.000000 -9999.000000 -9999.000000 -9999.000000 -9999.000000 -9999.000000 -9999.000000 -9999.000000 -9999.000000 -9999.000000 -9999.000000 -9999.000000 -9999.000000 -9999.000000 -9999.000000 -9999.000000 -9999.000000 -9999.000000 -9999.000000 -9999.000000 -9999.000000 -9999.000000 -9999.000000 0.017372 0.026161 0.038002 0.332242 0.506758 0.342269 0.230487 0.223740 0.236923 0.249642 0.236578 0.031883 0.041755 0.025597 0.069298 0.038246 0.049080 0.033607 0.067101 0.411295 0.029024 0.044800 0.043251 0.029537 0.499214 0.429181 0.500142 1.499456
-9999.000000 -9999.000000 -9999.000000 -9999.000000 -9999.000000 -9999.000000 -9999.000000 -9999.000000 -9999.000000 -9999.000000 -9999.000000 -9999.000000 -9999.000000 -9999.000000 -9999.000000 -9999.000000 -9999.000000 -9999.000000 -9999.000000 -9999.000000 -9999.000000 -9999.000000 -9999.000000 -9999.000000 -9999.000000 -9999.000000 -9999.000000 -9999.000000 -9999.000000 -9999.000000 -9999.000000 0.017372 0.028145 0.021919 0.143860 0.849743 0.221540 0.022209 0.073665 0.106091 0.157867 0.140639 0.025703 0.017372 0.051429 0.033715 0.065666 0.185835 0.182960 0.110557 0.396049 0.400719 0.036353 0.035316 0.109434 0.026777 0.034203 0.030099 0.481337
-9999.000000 -9999.000000 -9999.000000 -9999.000000 -9999.000000 -9999.000000 -9999.000000 -9999.000000 -9999.000000 -9999.000000 -9999.000000 -9999.000000 -9999.000000 -9999.000000 -9999.000000 -9999.000000 -9999.000000 -9999.000000 -9999.000000 -9999.000000 -9999.000000 -9999.000000 -9999.000000 -9999.000000 -9999.000000 -9999.000000 -9999.000000 -9999.000000 -9999.000000 -9999.000000 -9999.000000 0.020180 0.040925 0.358749 1.253431 1.106115 0.345939 0.023857 0.026085 0.120579 0.168723 0.155774 0.025703 0.017372 0.054741 0.041878 0.066354 0.189584 0.216755 0.124748 0.385985 0.397131 0.031364 0.027210 0.842247 0.031548 0.014396 0.046013 0.030189
-9999.000000 -9999.000000 -9999.000000 -9999.000000 -9999.000000 -9999.000000 -9999.000000 -9999.000000 -9999.000000 -9999.000000 -9999.000000 -9999.000000 -9999.000000 -9999.000000 -9999.000000 -9999.000000 -9999.000000 -9999.000000 -9999.000000 -9999.000000 -9999.000000 -9999.000000 -9999.000000 -9999.000000 -9999.000000 -9999.000000 -9999.000000 -9999.000000 -9999.000000 -9999.000000 -9999.000000 0.282772 0.381720 0.385726 1.187099 0.980181 0.360784 0.025749 0.036904 0.021415 0.268307 0.274302 0.335499 0.336495 0.034324 0.043618 0.031013 0.047584 0.024284 0.074028 0.326295 0.360611 0.020439 0.069573 0.907346 0.026773 0.033989 0.036934 0.032616
-9999.000000 -9999.000000 -9999.000000 -9999.000000 -9999.000000 -9999.000000 -9999.000000 -9999.000000 -9999.000000 -9999.000000 -9999.000000 -9999.000000 -9999.000000 -9999.000000 -9999.000000 -9999.000000 -9999.000000 -9999.000000 -9999.000000 -9999.000000 -9999.000000 -9999.000000 -9999.000000 -9999.000000 -9999.000000 -9999.000000 -9999.000000 -9999.000000 -9999.000000 -9999.000000 -9999.000000 1.391548 1.009867 0.485738 0.456996 0.055606 0.492974 0.177246 1.254254 1.240333 0.271216 0.293493 0.330274 0.333420 0.315559 0.031043 0.040917 0.028710 0.079516 0.068764 0.247718 0.248017 0.167580 0.090782 0.912399 0.051978 0.067115 0.075645 0.066841
-9999.000000 -9999.000000 -9999.000000 -9999.000000 -9999.000000 -9999.000000 -9999.000000 -9999.000000 -9999.000000 -9999.000000 -9999.000000 -9999.000000 -9999.000000 -9999.000000 -9999.000000 -9999.000000 -9999.000000 -9999.000000 -9999.000000 -9999.000000 -9999.000000 -9999.000000 -9999.000000 -9999.000000 -9999.000000 -9999.000000 -9999.000000 -9999.000000 -9999.000000 -9999.000000 -9999.000000 1.156993 1.056148 0.620484 0.586811 0.131218 0.189609 1.264441 3.269012 2.235516 0.281245 0.310252 1.373415 1.368335 1.353609 0.312473 0.035225 0.033149 0.032905 0.062782 0.155632 1.002498 1.086413 1.029558 0.966251 0.042228 0.055046 0.043785 -9999.000000
-9999.000000 -9999.000000 -9999.000000 -9999.000000 -9999.000000 -9999.000000 -9999.000000 -9999.000000 -9999.000000 -9999.000000 -9999.000000 -9999.000000 -9999.000000 -9999.000000 -9999.000000 -9999.000000 -9999.000000 -9999.000000 -9999.000000 -9999.000000 -9999.000000 -9999.000000 -9999.000000 -9999.000000 -9999.000000 -9999.000000 -9999.000000 -9999.000000 -9999.000000 0.022087 0.233804 1.267024 1.569277 1.851705 1.748028 0.185685 1.298880 3.251953 4.272692 2.255512 1.238816 0.313921 1.355304 1.348546 1.350917 0.302078 0.032845 0.032219 0.034859 0.024025 0.138667 1.038376 1.103719 0.059752 0.603732 0.023368 -9999.000000 -9999.000000 -9999.000000
-9999.000000 -9999.000000 -9999.000000 -9999.000000 -9999.000000 -9999.000000 -9999.000000 -9999.000000 -9999.000000 -9999.000000 -9999.000000 -9999.000000 -9999.000000 -9999.000000 -9999.000000 -9999.000000 -9999.000000 -9999.000000 -9999.000000 -9999.000000 -9999.000000 -9999.000000 -9999.000000 -9999.000000 -9999.000000 -9999.000000 0.047752 0.027794 0.014396 0.021065 0.021812 0.881363 1.909437 1.930986 1.879665 2.211765 2.201436 2.185457 1.223154 1.139222 0.223633 0.020851 0.243620 0.252603 0.306419 0.303437 0.025474 0.025291 0.092899 0.087395 0.186063 0.167826 0.157410 0.014396 -9999.000000 -9999.000000 -9999.000000 -9999.000000 -9999.000000
-9999.000000 -9999.000000 -9999.000000 -9999.000000 -9999.000000 -9999.000000 -9999.000000 -9999.000000 -9999.000000 -9999.000000 -9999.000000 -9999.000000 -9999.000000 -9999.000000 -9999.000000 -9999.000000 -9999.000000 -9999.000000 -9999.000000 -9999.000000 -9999.000000 -9999.000000 -9999.000000 -9999.000000 0.025550 0.023552 0.049004 0.014396 0.029884 0.274766 0.945200 0.987506 1.855419 1.818159 1.050546 2.248299 2.243031 2.222469 1.202184 0.284623 0.272334 0.033165 0.041176 0.052376 0.064261 0.244483 0.216457 0.135465 0.126476 0.106331 0.192982 0.166057 0.014396 -9999.000000 -9999.000000 -9999.000000 -9999.000000 -9999.000000 -9999.000000
-9999.000000 -9999.000000 -9999.000000 -9999.000000 -9999.000000 -9999.000000 -9999.000000 -9999.000000 -9999.000000 -9999.000000 -9999.000000 -9999.000000 -9999.000000 -9999.000000 -9999.000000 -9999.000000 -9999.000000 -9999.000000 -9999.000000 -9999.000000 -9999.000000 -9999.000000 0.021507 0.019310 0.014396 0.024329 0.040489 0.036247 0.037331 1.357431 0.275791 0.838630 0.768541 0.987385 1.125413 2.259806 2.257216 2.233439 2.278616 1.318079 1.297296 0.030678 0.029350 0.031075 0.125938 0.072060 0.043343 0.104213 0.098666 0.143136 0.088848 -9999.000000 -9999.000000 -9999.000000 -9999.000000 -9999.000000 -9999.000000 -9999.000000 -9999.000000
-9999.000000 -9999.000000 -9999.000000 -9999.000000 -9999.000000 -9999.000000 -9999.000000 -9999.000000 -9999.000000 -9999.000000 -9999.000000 -9999.000000 -9999.000000 -9999.000000 -9999.000000 -9999.000000 -9999.000000 -9999.000000 -9999.000000 -9999.000000 -9999.000000 -9999.000000 0.450400 0.029228 0.039223 0.030739 0.076302 0.046791 0.517039 0.486267 0.440936 0.284310 0.224922 2.167494 2.266492 2.251187 2.227256 1.282498 2.268091 2.304698 1.291774 0.287728 0.018806 0.050606 0.153770 0.021782 0.055107 0.032753 0.032692 0.030296 0.022866 -9999.000000 -9999.000000 -9999.000000 -9999.000000 -9999.000000 -9999.000000 -9999.000000 -9999.000000
-9999.000000 -9999.000000 -9999.000000 -9999.000000 -9999.000000 -9999.000000 -9999.000000 -9999.000000 -9999.000000 -9999.000000 -9999.000000 -9999.000000 -9999.000000 -9999.000000 -9999.000000 -9999.000000 -9999.000000 -9999.000000 -9999.000000 -9999.000000 -9999.000000 0.027703 1.685160 1.685191 1.676328 1.665095 1.653067 1.684840 1.690437 0.598694 0.591155 0.110224 0.115296 0.918330 2.073185 2.184824 1.266535 1.294800 1.307315 2.296984 1.317532 0.257757 0.023934 0.080528 0.050651 0.036369 0.048790 0.031395 0.033608 -9999.000000 -9999.000000 -9999.000000 -9999.000000 -9999.000000 -9999.000000 -9999.000000 -9999.000000 -9999.000000 -9999.000000
-9999.000000 -9999.000000 -9999.000000 -9999.000000 -9999.000000 -9999.000000 -9999.000000 -9999.000000 -9999.000000 -9999.000000 -9999.000000 -9999.000000 -9999.000000 -9999.000000 -9999.000000 -9999.000000 -9999.000000 -9999.000000 -9999.000000 -9999.000000 0.021858 0.035454 1.631361 2.672751 2.677413 2.648934 1.679834 1.691038 1.686833 1.667371 0.624198 0.200037 0.198243 0.296179 1.175910 1.280146 1.310491 1.328157 1.283220 1.290352 1.303651 0.052849 0.032143 0.035682 0.029274 0.032570 -9999.000000 -9999.000000 -9999.000000 -9999.000000 -9999.000000 -9999.000000 -9999.000000 -9999.000000 -9999.000000 -9999.000000 -9999.000000 -9999.000000 -9999.000000
