use_cases/Flooding_chicago/flooding_data/output/h_300.asc
ncols 337
nrows 393
xllcorner 428428.000000
yllcorner 4602440.000000
cellsize 26.757400
NODATA_value -9999.000000
[rows 54 to 80 of 393, columns 236 to 294 of 337]
0.037087 0.031349 0.031548 0.042533 0.047580 0.070898 -9999.000000 -9999.000000 -9999.000000 -9999.000000 -9999.000000 -9999.000000 -9999.000000 -9999.000000 -9999.000000 -9999.000000 -9999.000000 -9999.000000 -9999.000000 -9999.000000 -9999.000000 -9999.000000 -9999.000000 -9999.000000 -9999.000000 -9999.000000 -9999.000000 -9999.000000 -9999.000000 -9999.000000 -9999.000000 -9999.000000 -9999.000000 -9999.000000 -9999.000000 -9999.000000 -9999.000000 -9999.000000 -9999.000000 -9999.000000 0.022590 0.022590 0.045941 0.047388 0.050528 0.482882 0.478068 0.306969 0.228448 0.068578 0.055302 0.035546 0.034589 0.052990 0.202380 0.251976 0.019540 0.093863 0.048169
0.160836 0.028342 0.028581 0.056740 0.038244 0.078039 -9999.000000 -9999.000000 -9999.000000 -9999.000000 -9999.000000 -9999.000000 -9999.000000 -9999.000000 -9999.000000 -9999.000000 -9999.000000 -9999.000000 -9999.000000 -9999.000000 -9999.000000 -9999.000000 -9999.000000 -9999.000000 -9999.000000 -9999.000000 -9999.000000 -9999.000000 -9999.000000 -9999.000000 -9999.000000 -9999.000000 -9999.000000 -9999.000000 -9999.000000 -9999.000000 -9999.000000 -9999.000000 -9999.000000 -9999.000000 0.046042 0.052665 0.034408 0.036476 0.031990 0.023491 0.022300 0.292698 0.255622 0.064306 0.046899 0.034904 0.037361 0.048446 0.157431 0.182377 0.083552 0.344165 1.418429
0.166719 0.108365 0.053664 0.210556 0.186456 0.117953 0.050558 0.051112 0.026212 -9999.000000 -9999.000000 -9999.000000 -9999.000000 -9999.000000 -9999.000000 -9999.000000 -9999.000000 -9999.000000 -9999.000000 -9999.000000 -9999.000000 -9999.000000 -9999.000000 -9999.000000 -9999.000000 -9999.000000 -9999.000000 -9999.000000 -9999.000000 -9999.000000 -9999.000000 -9999.000000 -9999.000000 -9999.000000 -9999.000000 -9999.000000 -9999.000000 -9999.000000 -9999.000000 -9999.000000 0.039833 0.033485 0.045380 0.041394 0.060613 0.059581 0.077200 0.142667 0.495962 0.084017 0.031821 0.029671 0.014393 0.037962 0.114906 0.120568 0.149594 0.297938 1.393286
0.115498 0.103854 0.248703 0.257700 0.199538 0.101427 0.096639 0.050133 0.046494 -9999.000000 -9999.000000 -9999.000000 -9999.000000 -9999.000000 -9999.000000 -9999.000000 -9999.000000 -9999.000000 -9999.000000 -9999.000000 -9999.000000 -9999.000000 -9999.000000 -9999.000000 -9999.000000 -9999.000000 -9999.000000 -9999.000000 -9999.000000 -9999.000000 -9999.000000 -9999.000000 -9999.000000 -9999.000000 -9999.000000 -9999.000000 -9999.000000 -9999.000000 -9999.000000 0.014393 0.044241 0.041135 0.050240 0.056975 0.613618 0.143109 0.131105 0.267987 0.355800 0.089912 0.040656 0.036830 0.044823 0.030714 0.076276 0.067514 0.139399 0.298232 0.284928
0.102538 0.084248 0.283021 0.274010 0.165789 0.189982 0.323568 0.206212 0.211616 0.114908 0.052046 -9999.000000 -9999.000000 -9999.000000 -9999.000000 -9999.000000 -9999.000000 -9999.000000 -9999.000000 -9999.000000 -9999.000000 -9999.000000 -9999.000000 -9999.000000 -9999.000000 -9999.000000 -9999.000000 -9999.000000 -9999.000000 -9999.000000 -9999.000000 -9999.000000 -9999.000000 -9999.000000 -9999.000000 -9999.000000 -9999.000000 -9999.000000 -9999.000000 0.031716 0.046211 0.064469 0.110737 0.097483 1.894249 0.894209 0.156092 0.191229 0.226391 0.059094 0.065041 0.038641 0.023935 0.035641 0.255795 0.260990 0.196169 0.110895 0.078668
0.022228 0.042003 0.260561 0.279841 0.020942 0.121967 0.054621 0.114042 0.174236 0.105922 0.134038 0.020679 0.018870 0.024514 0.014393 -9999.000000 -9999.000000 -9999.000000 -9999.000000 -9999.000000 -9999.000000 -9999.000000 -9999.000000 -9999.000000 -9999.000000 -9999.000000 -9999.000000 -9999.000000 -9999.000000 -9999.000000 -9999.000000 -9999.000000 -9999.000000 -9999.000000 -9999.000000 -9999.000000 -9999.000000 -9999.000000 -9999.000000 0.018867 0.047060 0.059830 0.054665 0.709049 1.929058 0.852953 0.540329 0.474735 0.108727 0.086869 0.109515 0.217302 0.274371 0.293782 0.293444 1.306112 0.178491 0.051291 0.028128
0.034099 0.198273 0.220129 0.036961 0.022698 0.037750 0.034114 0.060618 0.089227 0.097881 0.144139 0.097394 0.039565 0.039796 0.042824 0.019308 0.014393 -9999.000000 -9999.000000 -9999.000000 -9999.000000 -9999.000000 -9999.000000 -9999.000000 -9999.000000 -9999.000000 -9999.000000 -9999.000000 -9999.000000 -9999.000000 -9999.000000 -9999.000000 -9999.000000 -9999.000000 -9999.000000 -9999.000000 -9999.000000 -9999.000000 0.014393 0.025612 0.020965 0.037835 0.053402 0.766587 0.883430 0.316807 0.549011 1.562739 0.110851 0.063519 0.062519 0.022014 0.295057 0.300761 0.311621 0.316602 0.063642 0.041425 0.848628
0.079923 0.125482 0.043043 0.033568 0.020180 0.027764 0.049766 0.085432 0.085695 0.539982 1.658506 1.597721 0.085306 0.060211 0.033972 0.042316 0.026055 0.014393 -9999.000000 -9999.000000 -9999.000000 -9999.000000 -9999.000000 -9999.000000 -9999.000000 -9999.000000 -9999.000000 -9999.000000 -9999.000000 -9999.000000 -9999.000000 -9999.000000 -9999.000000 -9999.000000 -9999.000000 -9999.000000 -9999.000000 0.028512 0.037437 0.069958 0.064500 0.066384 0.060740 0.099522 0.064153 0.060150 1.628061 1.596570 0.116551 0.042434 0.038845 0.039411 0.021109 0.029694 0.295246 0.327881 0.076136 0.088959 0.844841
0.091991 0.070478 0.038122 0.029013 0.017372 0.036674 0.048691 0.067370 0.139481 0.562622 0.567892 1.599631 0.085622 0.058965 0.025917 0.035332 0.086289 0.026055 0.014393 0.074867 0.020516 0.018534 -9999.000000 -9999.000000 -9999.000000 -9999.000000 -9999.000000 -9999.000000 -9999.000000 -9999.000000 -9999.000000 -9999.000000 -9999.000000 -9999.000000 -9999.000000 -9999.000000 -9999.000000 0.035760 0.037845 0.066751 0.060677 0.069512 0.079576 0.099790 0.066722 0.057964 1.574543 1.564474 0.182529 0.051962 0.046603 0.038964 0.035760 0.017372 0.109981 0.101354 0.144916 0.166308 0.060402
0.161385 0.065603 0.042319 0.040261 0.017372 0.019462 0.020913 0.032112 0.039214 0.071264 0.022118 0.046288 0.044092 0.049156 0.116851 0.709523 0.642469 0.079281 0.075811 0.101820 0.078918 0.023888 0.017967 0.030144 0.043281 0.034980 -9999.000000 -9999.000000 -9999.000000 -9999.000000 -9999.000000 -9999.000000 -9999.000000 -9999.000000 -9999.000000 -9999.000000 -9999.000000 0.040260 0.041038 0.071724 0.061250 0.066307 0.095340 0.139748 0.212569 0.442090 1.582511 0.177985 0.309764 0.272795 0.103663 0.030020 0.030525 0.017372 0.168120 0.056096 0.092972 0.108115 0.058655
0.049690 0.037361 0.028007 0.041115 0.029121 0.032143 0.036285 0.042808 0.032447 0.025733 0.023919 0.023918 0.026848 0.032814 0.090161 1.962633 0.689436 0.088023 0.075874 0.104060 0.077972 0.031929 0.021034 0.017967 0.053989 0.038749 0.026908 0.023764 0.022285 0.018380 0.022258 0.019950 0.180580 0.048794 0.036063 0.031334 0.032837 0.018264 0.053013 0.026329 0.057638 0.045264 0.129029 0.114286 0.100612 0.116916 0.125294 0.123116 0.146456 0.175437 0.166510 0.149168 0.165410 0.125800 0.163422 0.076836 0.111008 0.124595 0.076557
0.043606 0.033530 0.030008 0.028236 0.048838 0.047078 0.080866 0.167813 0.174517 0.034004 0.048732 0.052869 0.040064 0.020196 0.036872 0.036360 0.175011 0.080564 0.022590 0.022590 0.041954 0.075735 0.025658 0.024848 0.038042 0.040676 0.042884 0.381740 0.422844 0.429931 0.027031 0.083088 0.261323 0.042012 0.047692 0.040882 0.043388 0.021858 0.049684 0.054919 0.063330 0.219710 0.183535 0.131165 0.071634 0.095619 0.101435 0.093724 0.056921 0.105059 0.075754 0.081580 0.166345 0.107146 0.130562 0.071899 0.040410 0.057265 0.083693
0.053054 0.018441 0.023528 0.038651 0.047953 0.125045 0.113443 1.076722 1.048441 1.112133 1.073061 0.147068 0.052367 0.030586 0.027152 0.033470 0.060680 0.065201 0.022590 0.022590 0.052487 0.105301 0.070539 0.049981 0.052211 0.091698 0.374103 0.404835 0.421125 0.427561 0.019477 0.128694 0.090771 0.037751 0.037784 0.034736 0.042930 0.022318 0.048308 0.047427 0.061375 0.077192 0.070116 0.078330 0.053561 0.045784 0.122051 0.056636 0.029035 0.118363 0.065748 0.069665 0.039386 0.047278 0.035520 0.053259 0.027868 0.036293 0.041649
0.032574 0.056819 0.049674 0.097652 0.048945 0.069908 0.114760 0.147865 1.080146 1.094467 1.105363 0.058549 0.071957 0.034294 0.037446 0.021736 0.084856 0.065345 0.021782 0.043817 0.034097 0.066469 0.149258 0.162171 0.044334 0.030862 0.041664 0.405025 0.017372 0.017372 0.171852 0.156339 1.135378 0.092858 0.046238 0.049181 0.030952 0.021858 0.044019 0.036457 0.062094 0.039558 0.023628 0.130129 0.038302 0.049639 0.065943 0.085546 0.041432 0.047096 0.062693 0.033690 0.058325 0.038949 0.041862 0.039055 0.030465 0.020134 0.034081
0.031320 0.051126 0.047799 0.106503 0.104985 0.121593 0.087912 0.124579 0.126987 0.088363 0.039921 0.068891 0.098358 0.033306 0.027611 0.062448 0.029199 0.143689 0.115006 0.081544 0.155157 0.112340 0.125310 0.136350 0.017967 0.040108 0.070090 0.047597 0.184124 0.187069 0.167929 0.149817 0.142275 0.014393 0.129732 0.046535 0.043982 0.018264 0.030282 0.056797 0.044552 0.078758 0.066410 0.032634 0.029994 0.043362 0.052579 0.058610 0.073517 0.023566 0.022942 0.246325 0.045404 0.037691 0.026371 0.027734 0.017372 0.017372 0.020180
0.055692 0.033055 0.018258 0.022560 0.035849 0.049960 0.051491 0.086122 0.133634 0.018929 0.024453 0.033744 0.036251 0.034217 0.052621 0.039164 0.045012 0.123582 0.140473 0.100043 0.131840 0.296062 0.296231 0.241042 0.021034 0.017967 0.028892 0.046897 0.171930 0.191796 0.164932 0.137880 0.116679 0.086687 0.097512 0.070577 0.030913 0.020470 0.034172 0.044226 0.180447 0.218505 0.052671 0.038293 0.036437 0.014393 0.074268 0.077424 0.084437 0.027366 0.023512 0.220751 0.139136 0.029748 0.032097 0.032418 0.020134 0.046270 0.031437
0.059829 0.038475 0.040427 0.024590 0.040716 0.049065 0.046199 0.053946 0.229261 0.317606 0.348366 0.036202 0.042824 0.029518 0.081782 0.048025 0.079418 0.105076 0.119127 0.093718 0.115038 0.268342 0.230714 0.547661 0.032268 0.026680 0.030113 0.023531 0.042512 0.140201 0.139552 0.098191 0.067917 0.068658 0.183717 0.060106 0.032992 0.039298 0.089537 0.089439 1.309261 1.323244 0.293705 0.032729 0.030247 0.044255 0.054815 0.068687 0.076059 0.019309 0.123937 0.143810 0.106731 0.039324 0.040525 0.020376 0.046448 0.037056 0.127412
0.075662 0.036447 0.039557 0.031715 0.026130 0.033042 0.046318 0.040594 0.041740 0.309631 0.371489 0.034351 0.034920 0.043741 0.055403 0.167414 0.195132 0.076741 0.113545 0.086978 0.057611 0.038818 0.141010 0.422833 0.310692 0.043432 0.037987 0.018453 0.056076 0.038306 0.087166 0.080362 0.093073 0.486781 1.524189 0.141592 0.069631 0.043003 0.078637 0.076935 0.237356 1.336156 0.373337 0.042198 0.039715 0.063540 0.105186 0.039205 0.045555 0.161945 0.050100 0.257258 0.053631 0.038109 0.033186 0.021172 0.065051 0.076643 0.122473
0.571489 0.107432 0.066470 0.035775 0.017372 0.026436 0.030006 0.044427 0.053079 0.316564 0.377616 0.030647 0.027001 0.071100 0.178945 1.258976 1.268080 0.043480 0.034978 0.027900 0.033675 0.044900 0.042350 0.323225 1.404489 1.431580 0.253718 0.054130 0.020378 0.031821 0.059740 0.113288 1.530590 1.592770 1.596647 0.060382 0.062930 0.049101 0.021081 0.034428 0.047574 0.385914 1.612958 0.181655 0.132906 0.194529 0.071832 0.123451 0.024793 1.257669 1.242938 1.209591 0.169624 0.110444 0.063838 0.042473 0.076572 0.093022 0.062907
0.113731 0.063552 0.064153 0.039830 0.017372 0.032250 0.032166 0.037160 0.058503 0.323101 0.375596 0.020226 0.035899 0.100799 0.209480 1.262700 1.267477 0.172667 0.039443 0.019309 0.059847 0.034201 0.041251 0.280373 1.450340 1.453022 0.291419 0.028240 0.017967 0.032539 0.059257 0.054510 0.069804 0.348298 0.062561 0.040486 0.032004 0.032677 0.020134 0.030296 0.034432 0.350488 2.614748 0.231368 0.177650 0.235503 0.296300 0.096243 0.151034 0.188914 1.201728 0.157734 0.050120 0.053020 0.073573 0.029030 0.145585 0.078627 0.045830
0.041873 0.057837 0.042488 0.051712 0.021812 0.028397 0.050124 0.121304 0.082881 0.327700 0.320031 0.216957 0.368241 0.220839 0.117532 0.085910 0.197803 0.157279 0.049223 0.027366 0.023512 0.031761 0.022957 0.042652 0.078480 0.381695 0.036977 0.039431 0.021034 0.017967 0.020378 0.044457 0.049048 0.052575 0.057850 0.033760 0.026131 0.017372 0.017372 0.020180 0.021108 0.140778 1.424168 0.215115 0.194103 0.187059 0.041632 0.045768 0.031732 0.034569 0.093466 0.040184 0.027154 0.032737 0.026676 0.037278 0.127859 0.112655 0.042936
0.020134 0.039574 0.032425 0.020667 0.033265 0.033339 0.038151 0.148319 0.456233 0.374805 0.326049 0.242371 0.122262 0.178674 0.118837 0.049536 0.069498 0.053437 0.029916 0.023566 0.022942 0.035591 0.060492 0.040075 0.112057 0.090851 0.058349 0.032723 0.030219 0.029367 0.080562 0.021538 0.027443 0.014393 0.053428 0.023858 0.028291 0.044562 0.029977 0.038628 0.038214 0.306237 0.359818 0.128261 0.240940 0.044257 0.041709 0.047969 0.029914 0.037789 0.039283 0.041461 0.017372 0.017372 0.032555 0.062295 0.107347 0.135374 0.100368
0.017372 0.017372 0.029488 0.031150 0.047086 0.041998 0.099574 0.254332 0.144943 0.087476 1.262596 0.205787 0.103871 0.122151 0.073843 0.828027 0.046292 0.019308 0.037086 0.030556 0.034385 0.383400 0.033042 0.028739 0.167885 0.123876 0.647572 0.054851 0.027773 0.027518 0.603348 0.053516 0.028663 0.044281 0.052912 0.058660 0.051673 0.028114 0.055843 0.041454 0.078390 0.451203 0.053633 0.031548 0.383445 0.067013 0.045156 0.030342 0.022377 0.021744 0.018241 0.041481 0.038565 0.035469 0.027308 0.050760 0.106664 0.693496 1.968724
0.024986 0.024986 0.041561 0.040789 0.083093 0.193841 0.150570 0.338284 0.033300 0.085381 0.162029 0.138730 0.262767 0.747293 0.863699 0.859242 0.033934 0.025716 0.080203 0.095734 0.425180 0.428609 0.403221 0.350084 0.262563 0.179801 0.619757 0.617890 0.571320 0.652791 0.622558 0.605518 0.175297 0.062934 0.124791 0.115300 0.043080 0.023475 0.049306 0.073308 0.103658 0.466924 0.078106 0.060414 0.379063 0.077551 0.035981 0.039848 0.021744 0.054935 0.056250 0.109492 0.089024 0.074645 0.023429 0.033853 0.066264 1.979545 2.023670
0.028633 0.044866 0.041489 0.048900 0.020049 0.034339 0.119922 0.114501 0.043448 0.082724 0.044899 0.051955 0.047459 0.066288 0.814245 0.831326 0.048573 0.027748 0.066914 0.108209 0.075336 0.411765 0.369977 0.333168 0.277801 0.199791 0.614597 0.612989 1.620198 0.524865 0.030560 0.644219 0.224004 0.294480 0.105027 0.114617 0.036959 0.018684 0.032280 0.061858 0.126061 0.117192 0.058430 0.106351 0.112350 0.062204 0.051093 0.031469 0.018241 0.047847 0.055904 0.075404 0.143309 0.103431 0.051790 0.048033 0.263300 0.743929 0.796571
0.059760 0.066960 0.046149 0.055762 0.030342 0.030144 0.053637 0.061938 0.064262 0.064863 0.047389 0.034050 0.044179 0.082796 0.750692 0.706550 0.064792 0.022423 0.043388 0.041783 0.082574 0.327885 0.031927 0.209894 0.184827 0.160933 0.037518 0.445271 0.425055 0.034401 0.030467 0.036831 0.273257 0.357850 0.088304 0.107712 0.026954 0.028801 0.042090 0.056729 0.060417 0.071315 0.043708 0.071087 0.100402 0.078983 0.079517 0.117344 0.038775 0.043818 0.023412 0.054412 0.102021 0.310698 0.230140 0.297110 0.298840 0.238401 0.044305
0.230274 0.233503 0.096345 0.090512 0.030753 0.049143 0.020786 0.053112 0.052853 0.060187 0.029030 0.028419 0.039489 0.049091 0.060229 0.167157 0.071147 0.022649 0.033622 0.042137 0.074935 0.082497 0.040031 0.031393 0.051906 0.047488 0.056500 0.062722 0.051138 0.019891 0.039443 0.042076 0.071756 0.082877 0.102003 0.103748 0.029396 0.027570 0.037253 0.147569 0.024369 0.029770 0.048233 0.062607 0.076022 0.059714 0.099728 0.116018 0.027620 0.028723 0.043936 0.037669 0.083979 0.058501 0.219965 0.122550 0.086706 0.081690 0.044020
