use_cases/Flooding_chicago/flooding_data/output/h_3060.asc
ncols 337
nrows 393
xllcorner 428428.000000
yllcorner 4602440.000000
cellsize 26.757400
NODATA_value -9999.000000
[rows 189 to 215 of 393, columns 236 to 294 of 337]
0.052391 0.043160 0.129074 4.178975 4.200608 4.270561 3.220219 2.125096 2.088305 2.110237 1.033700 0.969390 1.714012 1.820289 2.785491 2.823806 4.740943 4.785810 4.801587 2.773243 1.735343 0.833408 0.021034 0.017967 0.030174 0.030465 0.026281 0.654633 0.683776 1.381336 2.504004 3.446971 3.552788 2.486053 2.468070 2.316566 2.291575 2.289539 3.174534 3.297347 3.317283 1.282374 0.349336 1.252801 2.296052 2.306342 2.317391 3.301010 3.299949 1.304434 1.297138 1.303446 0.264557 0.037942 0.034813 0.051904 0.084114 0.061607 0.168388
0.037926 0.048820 0.045984 3.152253 4.180476 4.215251 2.171650 2.109953 2.107474 3.106286 2.126649 2.142357 1.014258 1.604328 2.766007 3.773799 4.764046 4.798519 3.795499 2.792782 1.776457 0.824458 0.057201 0.046694 0.034539 0.040718 0.517628 1.659757 1.694061 2.485358 3.605845 2.581404 2.574401 2.540405 2.574188 1.419263 1.389030 2.299640 2.350827 3.327395 4.395554 1.349370 0.364199 0.361373 1.273997 3.313572 2.325485 2.313891 3.307960 2.315217 1.309457 1.315628 0.270520 0.046334 0.058101 0.047691 0.040887 0.028541 0.038993
0.049034 0.036324 0.034309 0.998124 3.119607 3.209756 2.143628 2.106177 3.126756 5.026639 4.169852 3.132596 2.125160 0.835985 2.709369 3.812236 3.846051 2.768356 2.753494 2.780918 1.780634 0.715981 0.594202 0.563273 0.021110 0.030130 0.500221 1.599962 1.650679 2.465154 3.540530 3.598900 3.597165 3.577889 3.637005 1.445105 1.410235 2.314395 2.379198 3.344969 4.367993 2.456858 0.384766 0.374226 1.266800 3.303550 3.340289 2.311947 2.303033 2.320363 1.312654 0.276152 0.028283 0.058159 0.072258 0.061592 0.025703 0.017372 0.025703
0.040305 0.033455 0.033242 0.958871 2.166189 2.266437 1.261232 2.911494 4.106690 5.052431 4.162892 2.113849 1.004837 0.046874 0.593662 0.694249 0.693643 0.648779 0.680935 1.694841 1.720037 0.648096 0.606371 0.393356 0.307869 0.495435 1.655299 1.660856 1.632740 2.456866 2.571932 3.540782 3.582309 4.548266 3.627846 1.467836 1.422406 2.311491 2.389140 3.337435 4.358231 3.475229 1.399712 1.389280 2.271165 3.302248 3.357223 2.317861 2.308748 2.338731 1.324073 0.264254 0.231287 0.047294 0.064466 0.050256 0.025703 0.017372 0.025703
0.281261 0.691036 0.805199 0.991038 2.174321 1.359208 1.335348 1.769308 2.990418 3.012416 2.127861 0.091780 0.036238 0.021782 0.034996 0.191515 0.017967 0.039427 0.676329 0.689957 0.691604 0.663619 0.014397 0.380654 0.415685 1.605440 2.699371 2.773376 1.640813 1.571110 2.485158 2.572731 3.516861 4.530749 3.608894 2.540819 2.492787 2.403578 3.397618 3.383157 4.326064 3.439065 2.378287 2.370397 2.316606 3.289815 2.310173 2.286445 3.226000 3.302458 2.213068 2.166186 2.184088 1.123025 1.170593 0.149052 0.114135 0.029486 0.029121
1.481695 1.046649 0.877469 0.693753 0.987536 1.353992 1.404985 0.335907 0.207685 0.112448 0.091889 0.042153 0.022591 0.022591 0.027794 0.163923 0.021034 0.017967 0.065715 0.069909 0.038430 0.460831 0.274279 0.391338 1.379357 2.623065 3.720825 3.783297 2.754642 1.631648 1.603129 2.475072 2.514148 3.496096 3.571980 3.594703 2.466024 2.404757 3.279755 3.285347 3.283519 3.383335 3.379904 3.399420 2.341008 1.277780 1.278413 2.213426 3.230562 3.308683 2.198404 2.143059 2.995695 3.010137 2.982059 2.932293 2.924447 2.985872 1.692430
1.382624 1.009762 0.665118 0.457129 0.297459 1.174713 0.353637 0.170322 0.098634 0.029114 0.040722 0.055458 0.022591 0.022591 0.027794 0.092257 0.094485 0.109587 0.092387 0.075294 0.177063 0.953961 1.016781 1.256142 1.289051 3.389408 3.742768 2.741367 1.665483 1.677854 1.655345 1.614766 1.607484 2.483351 3.538738 3.561974 2.482990 2.387282 2.366249 1.250413 1.342792 4.370527 3.377344 3.387260 1.335327 0.271903 0.024345 1.203182 2.199743 2.240637 2.203991 2.164124 2.134592 3.012142 3.058967 2.996083 3.874091 4.007141 2.846410
0.687327 0.042158 0.051607 0.040425 0.042885 0.197065 0.246820 0.310069 0.064765 0.017372 0.017372 0.028679 0.063107 0.045403 0.060904 0.389741 0.409520 1.339792 1.371601 2.113636 3.224443 4.273190 3.197438 1.485929 1.035848 1.336664 1.698249 0.704532 0.713111 1.633524 1.652710 1.616924 1.606952 3.544806 3.606476 2.570738 2.536144 1.523323 1.560369 0.482711 1.262965 3.356119 3.377777 2.376449 0.293858 0.021034 0.017967 1.203982 2.185348 2.240994 2.214774 2.178425 2.154284 2.099418 2.001672 2.819881 2.935249 1.808870 1.678099
0.036659 0.018348 0.029686 0.027992 0.031181 0.156506 0.158816 0.302368 0.079830 0.095042 0.076399 0.039577 0.042763 0.082040 0.053847 0.351860 1.426066 2.208027 3.254676 4.211854 4.257447 4.304204 2.175543 0.765080 0.548801 0.371290 0.252111 0.632466 0.700870 2.679567 2.721234 2.682884 2.659965 3.563330 3.631011 2.628903 1.565930 1.556305 1.587743 0.510526 0.459551 1.366214 2.369989 1.402753 0.345198 0.017967 0.043761 2.306690 1.280665 2.223325 3.237579 3.236806 3.257933 2.214940 1.120131 1.156831 0.121909 0.029623 0.032375
0.028114 0.023033 0.031060 0.028389 0.031349 0.259427 0.280151 0.206489 0.158719 0.094598 0.058654 0.054308 0.113408 0.078621 0.145768 1.327611 1.374232 1.205602 2.009281 3.083503 3.175368 3.161140 1.229936 0.150314 0.067293 0.164748 0.140955 0.587782 2.707270 3.728247 2.679544 3.620249 3.644437 3.599802 3.610463 2.637705 1.585503 1.577785 1.600639 0.535996 0.500128 1.370040 0.357150 0.027230 0.310201 0.301369 1.260145 2.297502 1.281307 2.225755 3.216778 4.799069 4.207469 2.199558 0.145734 0.032067 0.027046 0.014397 0.034538
0.023660 0.036705 0.036537 0.053899 0.306374 1.390693 1.420069 0.295961 0.180642 0.228939 0.123490 0.176289 0.700450 0.764470 1.045981 1.531345 0.792366 0.757482 0.395819 0.245596 1.071128 1.256568 1.208675 0.149445 0.235186 0.663253 0.743213 1.517866 3.647229 4.705791 4.751171 4.662744 4.643828 3.593432 2.591041 2.615391 2.631138 1.597356 1.602363 2.612384 1.621162 0.539262 0.049859 0.055229 0.036856 0.271342 2.207059 2.300056 2.317277 2.266717 2.235622 3.208144 3.265142 1.230742 0.161565 0.031576 0.025612 0.032677 0.032600
0.031074 0.049567 0.299569 1.385397 2.411171 2.402704 1.410917 0.343534 0.014397 0.134689 0.264460 0.216346 0.752800 0.711443 1.203962 0.418158 0.755336 0.834305 0.022591 0.022591 0.437589 1.221684 0.207002 0.148436 0.200889 0.614715 0.694985 1.517238 2.658212 4.537990 4.609465 4.610336 2.616257 1.569289 1.568536 2.600374 2.598085 2.588727 2.593891 2.590503 2.583786 0.545573 0.066597 0.069157 0.051439 0.295757 2.133267 2.302854 2.238415 2.267032 1.233766 1.190496 2.200463 1.168170 1.134475 1.143893 0.111850 0.067038 0.040592
0.029014 0.034996 1.398714 2.367055 2.397164 1.370339 1.394575 0.284229 0.168018 0.168346 0.296052 0.239081 0.794293 0.813430 0.177309 0.699296 0.501204 0.622636 0.022591 0.022591 0.594352 0.813475 0.076029 0.067703 0.072147 0.117814 0.090761 0.507561 2.501477 2.521007 2.565546 2.484913 1.557178 0.479329 0.539238 2.600502 2.582482 1.572530 1.577320 1.600457 2.602911 1.585645 0.700908 0.681560 0.649143 1.373553 2.121852 2.299910 1.132975 1.156385 1.216565 0.210836 1.101288 1.141668 1.103567 1.075501 0.804181 0.764558 0.888656
0.284639 0.204283 1.376223 1.402008 0.305395 0.273522 0.026879 0.028648 0.083603 0.037200 0.050608 0.037480 0.378523 0.386426 0.371229 1.080439 0.118373 0.798621 0.994394 0.926618 0.524482 1.112728 0.163796 0.132360 0.075292 0.071286 0.033613 0.226117 1.641427 1.786436 1.496582 0.613083 0.179101 0.090701 0.533877 1.565815 1.568290 0.541429 0.498066 1.602926 2.594225 2.634430 2.682681 1.672396 1.645489 1.505422 1.438673 1.497493 0.428405 0.298420 0.292260 0.261266 0.204348 0.172481 1.140023 0.112902 0.057340 0.140586 0.119151
0.219187 0.199209 0.332621 0.358139 0.041832 0.059636 0.027107 0.025322 0.138385 0.091022 0.057674 0.053126 0.528258 0.534891 1.462776 1.017520 1.166652 0.995493 1.009016 0.922310 0.570715 1.094625 1.218261 0.162861 0.101190 0.075027 0.302556 1.355916 1.654990 1.670599 1.017418 0.373003 0.312808 0.020058 0.495417 0.445178 0.438392 0.051449 0.043131 0.542674 1.553155 2.571286 1.651726 1.640001 1.618062 1.548881 1.497628 1.551326 0.531440 0.022571 0.305090 0.288929 0.021355 0.152581 0.130664 0.104093 0.054338 0.237893 0.115781
0.198781 0.228083 0.169475 0.028754 0.034829 0.037819 0.014397 0.031425 0.109052 0.797801 0.877192 0.918115 0.768846 1.719444 1.700587 0.354182 0.995458 1.018200 1.050627 1.072657 0.050125 1.081171 1.122506 0.115421 0.077044 0.542779 1.427670 1.442128 1.306010 0.955854 1.043450 0.430100 0.317158 0.029135 0.058181 0.057524 0.062333 0.085235 0.020577 0.049038 0.553132 1.484730 1.643522 1.638625 1.619354 1.563222 1.499553 1.511458 0.476585 0.427479 0.416859 0.025841 0.036080 0.025841 0.111779 0.081589 0.401497 0.377980 0.022591
0.201618 0.254326 0.026772 0.039346 0.036171 0.036673 0.037865 0.027611 0.035239 0.084358 0.775585 1.831735 1.902645 1.741601 1.856289 0.022667 0.315093 0.910821 1.061861 1.115304 0.062443 1.098529 1.112291 0.078512 0.050733 0.215398 1.363815 1.415315 1.558960 0.684748 0.689417 0.714022 0.046876 0.027641 0.033273 0.029504 0.055870 0.040686 0.033074 0.061589 0.649431 0.696584 1.643128 1.655876 1.633462 1.567184 1.460829 0.436625 0.436309 0.388902 0.391246 0.024925 0.031151 0.024925 0.104449 0.073677 0.404016 0.403178 0.022591
0.202150 0.242939 0.024147 0.026512 0.056736 0.050468 0.043526 0.035759 0.044716 0.166816 0.816603 0.940338 1.815950 0.821686 1.786362 0.825851 0.605143 0.419500 0.956813 0.980459 0.732603 1.035662 1.114451 0.960141 0.813791 0.536246 0.748583 0.835506 1.796922 0.878882 0.878921 0.876474 0.067418 0.036534 0.017372 0.044380 0.023842 0.039955 0.028831 0.063977 0.717890 0.753407 1.654636 1.587563 1.644567 1.553187 0.028115 0.031355 0.025032 0.284525 0.280502 0.200307 0.165485 0.135469 0.107888 0.070602 0.383852 0.372447 0.286838
0.025780 0.166474 0.124350 0.084207 0.147539 0.110395 0.079270 0.051080 0.033883 0.284121 0.873282 1.004314 0.950513 0.868921 2.803899 1.921252 0.726969 0.594444 0.470280 0.391220 0.606420 0.920967 1.073999 0.956327 0.815751 0.584127 0.898815 0.998400 1.949819 2.102034 1.012822 1.001936 0.098260 0.029808 0.017372 0.032616 0.038872 0.064402 0.911201 1.934082 1.954289 1.959269 1.869502 0.806249 1.592432 0.751143 0.040766 0.033701 0.025719 0.214140 1.164978 1.190786 1.197694 0.119081 0.083751 0.051680 0.386913 0.379222 0.233774
0.094079 0.107242 0.099826 0.069622 0.148025 0.091901 1.567712 0.545792 1.419518 2.514939 1.256172 1.143522 1.025005 1.721201 2.795454 2.936536 1.914606 0.702109 0.639890 0.576710 0.349015 0.930532 1.001460 0.894814 0.758383 0.523029 0.918421 2.041927 2.053093 2.111457 2.169429 1.104132 1.151539 0.138165 0.020180 0.039711 0.041522 0.885350 1.955569 2.953949 2.975567 2.960777 1.914544 0.901532 0.861677 0.867488 0.027565 0.131004 1.120867 1.149395 1.154952 2.071956 2.129740 0.990305 0.900072 0.781019 0.540797 0.401367 0.996697
0.877881 0.911750 0.065351 0.055515 0.085155 0.318928 1.489509 1.612441 2.475302 2.500586 2.543468 1.264790 1.014202 1.592367 2.691689 2.836268 2.860696 1.734429 1.749536 1.796315 0.460384 0.845243 0.931161 0.841098 0.679527 1.102778 1.123433 1.988879 2.027073 2.103588 2.107027 1.140016 0.158817 0.141826 0.090363 0.148392 0.836556 0.920026 1.922285 2.910153 2.920249 1.842272 1.824273 0.927623 0.926912 0.928005 0.027947 0.146583 0.136353 1.155236 1.138651 1.152258 1.168172 0.105224 0.082333 0.069182 0.055897 0.035751 0.055792
1.903729 0.855530 0.740280 0.601758 0.874584 1.359998 1.615066 2.478810 2.519030 2.526392 2.580568 1.504049 0.310418 0.884053 0.700224 1.684559 1.756523 1.709140 1.702552 1.648415 1.318245 0.778199 0.797076 0.755728 0.628208 1.128348 1.212736 1.164356 1.139435 2.122531 1.140562 1.119685 0.158436 0.143902 0.107912 0.179317 0.841330 0.933317 1.909831 1.930891 1.888246 0.991986 0.977705 0.991863 0.998060 0.991900 0.017967 0.021034 0.071234 0.055071 0.223046 0.250912 0.206525 0.027413 0.034935 0.034584 0.032738 0.025474 0.029121
2.921309 1.858007 1.682568 1.521014 1.136081 1.329741 1.545035 1.479645 1.434264 2.373748 3.495930 1.391538 1.369393 1.323006 0.271080 0.218287 0.181203 0.679186 1.733555 1.750419 0.446125 0.263012 0.163566 0.411604 0.420158 1.170428 1.217758 1.178758 1.156072 2.086676 1.177142 0.158109 0.169431 0.025536 0.023705 0.023018 0.179864 0.865923 0.870380 0.880997 1.002501 1.040220 1.052603 1.075671 2.164110 1.088165 0.169420 0.017967 0.106995 0.097258 0.069415 0.309595 0.045817 0.033455 0.041878 0.035805 0.033119 0.025581 0.029152
2.997032 1.968237 0.790779 0.670094 0.472802 0.682454 0.737924 0.760133 0.675269 1.269264 1.399614 2.375620 1.363535 1.365964 0.282410 0.174319 0.136529 0.716755 1.777000 1.799151 0.023782 0.018501 0.087296 0.234517 1.168924 1.234231 1.223849 1.183905 1.158183 1.145574 1.166214 0.154833 0.025536 0.035713 0.025536 0.417706 0.360270 0.305879 0.296518 0.232114 1.057206 2.185484 2.209283 2.212845 2.177073 2.225808 0.191696 0.180796 1.131218 1.132352 1.136500 0.083821 0.082427 0.025795 0.027565 0.088280 0.079719 0.056191 0.053383
2.998484 1.971029 0.825482 0.714269 0.598168 0.434212 0.774231 0.840524 0.782782 0.529034 0.383382 1.306952 1.343533 1.352095 0.260247 0.973395 0.897641 1.766089 2.852760 1.856873 0.030734 0.151361 0.086056 1.143334 1.208659 1.222520 1.216748 1.182488 1.159693 1.181302 0.161595 0.159241 0.023704 0.025536 0.040780 0.420041 0.425841 0.406781 0.343884 1.169841 1.151990 2.150509 2.186876 3.218144 2.184731 2.218637 0.191912 0.179155 1.125413 1.130909 1.135082 0.088478 0.054526 0.079584 0.078308 0.046838 0.051308 0.037148 -9999.000000
2.983178 1.910432 1.936315 0.751845 0.657667 0.558674 0.385137 0.881073 0.918157 0.188413 0.102186 0.055949 0.265267 1.292515 0.273702 0.830348 0.822187 1.774792 2.818835 2.849679 0.019752 0.192686 0.411443 1.093456 1.254856 1.269570 1.238333 1.159464 1.150162 1.180144 0.128260 0.102972 1.027444 0.042241 0.519169 1.508412 2.516145 2.571095 1.433861 1.206127 1.189572 2.158476 2.192025 3.176799 2.184198 2.203515 0.183453 0.177065 0.128615 0.093486 0.081939 0.053820 -9999.000000 -9999.000000 -9999.000000 -9999.000000 -9999.000000 -9999.000000 -9999.000000
1.846313 1.863818 1.878288 0.738247 0.667703 0.609610 0.538608 0.442270 0.402683 0.403294 0.028037 0.035133 0.027947 0.345902 0.289240 0.239654 0.661502 1.697550 2.756115 1.792689 0.659223 0.392493 0.515009 1.006251 1.259096 2.307319 1.314443 0.203798 1.022385 1.047434 0.992206 1.007323 0.975047 0.825896 0.636002 2.411234 2.501522 2.529774 1.465546 0.322596 1.075016 2.159548 3.182734 2.191233 2.170176 1.184671 0.157111 0.017372 0.017372 -9999.000000 -9999.000000 -9999.000000 -9999.000000 -9999.000000 -9999.000000 -9999.000000 -9999.000000 -9999.000000 -9999.000000
