use_cases/Flooding_chicago/flooding_data/output/h_300.asc
ncols 337
nrows 393
xllcorner 428428.000000
yllcorner 4602440.000000
cellsize 26.757400
NODATA_value -9999.000000
[rows 189 to 215 of 393, columns 177 to 235 of 337]
0.064848 0.052924 0.032016 0.034119 0.036627 0.093480 0.078957 0.084531 0.047147 0.442683 0.091750 0.048748 0.060994 0.033500 0.057839 0.019249 0.079824 0.030296 0.027939 0.055105 0.060879 0.024227 0.033817 0.182969 0.245665 0.221487 0.029981 0.030522 0.017372 0.081278 0.067232 0.025215 0.041338 0.045554 0.067039 0.055314 0.167471 0.145933 0.172521 0.147800 0.168032 0.684232 1.879290 0.065817 0.052362 0.028530 0.038626 0.035144 0.030325 0.034202 0.029869 0.042702 0.106051 0.427539 0.420345 0.067258 0.108784 0.049664 0.045407
0.045843 0.034605 0.050698 0.042623 0.127952 0.121902 0.080051 0.518226 0.486402 0.428861 0.126761 0.097514 0.045701 0.062114 0.019081 0.026877 0.086529 0.029776 0.023811 0.025383 0.043861 0.035452 0.050377 0.135144 1.217287 0.248470 0.204802 0.070266 0.064350 0.032091 0.036963 0.037116 0.062767 0.058095 0.086347 0.079808 0.161904 0.113886 0.160950 0.165220 0.183406 1.857318 2.927885 0.071147 0.034165 0.023867 0.039437 0.058289 0.059704 0.079455 0.075364 0.041329 0.204677 0.113068 0.084273 0.047051 0.038665 0.062203 0.062073
0.090594 0.050315 0.053002 0.100228 0.144549 0.108125 0.064431 0.547257 1.511755 0.379525 0.151331 0.123010 0.126853 0.058325 0.050227 0.025382 0.029351 0.035469 0.025459 0.017967 0.021034 0.026954 0.029594 0.129218 1.223240 1.215732 0.165374 0.079965 0.064308 0.050757 0.028760 0.027673 0.061159 0.059349 0.087225 0.082198 0.115578 0.181662 0.123517 0.242598 0.171674 0.825710 0.866744 0.102886 0.032186 0.028790 0.060827 0.658424 0.111517 0.063093 0.061688 0.351849 0.250855 0.045660 0.043173 0.032117 0.028343 0.017372 0.025704
0.071262 0.111651 0.233987 0.171651 0.150651 0.150964 0.110663 0.514137 1.531650 0.429573 0.067380 0.075569 0.071263 0.072488 0.034395 0.048984 0.034576 0.183659 0.049568 0.032402 0.017967 0.026114 0.029305 0.107048 0.164106 0.135475 0.040458 0.034538 0.037773 0.020410 0.018081 0.021660 0.033927 0.032036 0.040840 0.035653 0.074573 0.111923 0.377141 0.396358 0.017372 0.069791 0.099345 0.117990 0.083428 0.886001 0.878558 0.820873 0.100105 0.023215 0.024071 0.067206 0.065935 0.046027 0.037887 0.048530 0.026207 0.017372 0.025704
0.068545 0.034105 0.062382 0.043492 0.103665 0.443809 0.566552 0.511301 0.488921 1.540485 0.042464 0.072122 0.136862 0.095515 0.137747 0.025246 0.132691 0.110074 0.035464 0.030265 0.038376 0.031136 0.036690 0.086712 0.117573 0.030127 0.030594 0.046440 0.047340 0.053135 0.034065 0.021660 0.018081 0.020410 0.029287 0.023352 0.056585 0.086786 0.377494 0.409670 0.017372 0.141565 0.065716 0.108158 0.081393 0.917570 0.055407 0.063499 0.085521 0.024361 0.029839 0.028191 0.040352 0.028107 0.043692 0.042549 0.047314 0.020180 0.036216
0.063391 0.014393 0.051945 0.070598 0.113701 0.109034 0.082420 0.049532 0.449603 1.552808 0.088001 0.085512 0.068865 0.120719 0.143274 0.149575 0.130266 0.372137 0.040366 0.032289 0.031456 0.040042 0.036932 0.174210 0.061943 0.025063 0.014393 0.029917 0.077150 0.072582 0.034141 0.027198 0.026192 0.036169 0.029644 0.036812 0.054861 0.109772 0.083275 0.348940 0.290047 0.255392 0.031390 0.031082 0.036157 0.075290 0.079169 0.077722 0.064727 0.058981 0.063646 0.035102 0.034034 0.024696 0.027869 0.069941 0.057950 0.046806 0.056992
0.063740 0.092840 0.091387 0.063504 0.084044 0.047426 0.068779 0.042637 0.069454 1.563164 0.059112 0.048323 0.098307 0.139831 0.153406 0.026115 0.025642 0.291002 0.190956 0.133821 0.066846 0.091124 0.083869 0.166259 0.037729 0.040396 0.019308 0.037368 0.072974 0.078660 0.067615 0.032066 0.029778 0.048591 0.044064 0.060035 0.062971 0.136142 0.124284 0.063505 0.271757 0.241524 0.024498 0.030006 0.025276 0.036202 0.035987 0.062041 0.109513 0.544022 0.053201 0.063448 0.039729 0.032390 0.033474 0.051186 0.276392 0.288123 0.102855
0.066507 0.094344 0.091543 0.104196 0.063022 0.037168 0.036487 0.060985 0.106242 1.584722 0.037199 0.030916 0.018563 0.163315 0.167607 0.034747 0.033139 0.287514 0.215744 0.146966 0.157969 0.118647 0.114801 0.472117 0.042647 0.037162 0.028938 0.030021 0.117802 0.099902 0.108367 0.024696 0.051358 0.040823 0.045567 0.041360 0.045943 0.180969 0.017372 0.054951 0.026850 0.151777 0.024680 0.030628 0.029205 0.019825 0.029884 0.031487 0.037464 0.702691 0.719172 0.729252 0.062486 0.028787 0.029135 0.378703 1.422695 0.288831 0.083132
0.018972 0.026085 0.037740 0.121144 0.028750 0.019782 0.043570 0.086569 0.127857 1.497064 0.078340 0.047369 0.024163 0.031809 0.035842 0.043876 0.035393 0.033076 0.139880 0.115992 0.146848 0.106911 0.107030 0.403712 0.337746 0.044909 0.036613 0.059214 0.072048 0.150381 0.063387 0.037890 0.065451 0.044825 0.057532 0.045785 0.150434 0.183436 0.017372 0.036392 0.048211 0.257663 0.031021 0.042396 0.049627 0.027076 0.029682 0.019859 0.025201 0.053648 0.739023 1.883949 0.782709 0.296165 0.361274 0.381153 0.288965 0.040186 0.033258
-9999.000000 0.038574 0.042608 0.029961 0.049674 0.056933 0.062829 0.084091 0.127067 0.181887 0.089322 0.035667 0.043460 0.026755 0.033563 0.035408 0.027991 0.030741 0.093925 0.075396 0.103881 0.082457 0.085417 0.323780 0.301727 0.046991 0.049524 0.033820 0.074762 0.221649 0.221334 0.028905 0.063953 0.056990 0.072545 0.076865 0.131781 0.122449 0.062222 0.077815 0.042677 0.121076 0.103989 0.087824 0.075774 0.062868 0.033973 0.047888 0.018791 0.029713 0.064817 0.765059 0.774332 0.276235 0.376902 0.316443 0.031440 0.031651 0.023782
-9999.000000 0.048694 0.025246 0.027091 0.059701 0.061724 0.069230 0.158247 0.164272 0.102422 0.082737 0.054093 0.043540 0.032205 0.041617 0.035256 0.057833 0.052448 0.049234 0.093225 0.061061 0.059109 0.049939 0.162048 0.506748 0.047402 0.055451 0.034218 0.039939 0.172098 0.142800 0.069362 0.079747 0.055356 0.075512 0.056666 0.090041 0.115412 0.119336 0.078691 0.097510 0.094120 0.533137 0.063644 0.058686 0.325176 0.262580 0.040425 0.027809 0.032627 0.033394 0.105668 0.102634 0.052263 0.094305 0.148591 0.025996 0.040457 0.023018
-9999.000000 0.020456 0.031562 0.014393 0.028191 0.029733 0.065832 0.208800 0.245481 0.028114 0.026995 0.047890 0.094913 0.034919 0.045540 0.036125 0.063584 0.030422 0.077621 0.070915 0.052097 0.054196 0.055418 0.201228 0.307596 0.210500 0.050812 0.063046 0.085657 0.140090 0.126182 0.070967 0.086755 0.061145 0.096765 0.077625 0.054120 0.064665 0.182657 0.153984 0.549322 0.563557 0.526519 0.470799 0.449804 0.414965 1.408273 1.408926 0.260411 0.117664 0.054758 0.066703 0.058906 0.032143 0.029700 0.198676 0.120321 0.032433 0.028572
-9999.000000 -9999.000000 0.040443 0.021020 0.029808 0.040322 0.040906 0.089091 0.092891 0.042716 0.020431 0.049159 0.175585 0.164700 0.111209 0.178176 0.130694 0.038796 0.059263 0.058539 0.057078 0.062704 0.084120 0.419488 0.475071 0.113626 0.077194 0.064447 0.055298 0.133543 0.097371 0.113228 0.082333 0.103159 0.100422 0.097590 0.071158 0.093992 0.194030 0.176344 0.567703 0.576171 0.519006 0.469311 0.452381 0.426424 1.412924 1.410102 0.278376 0.140493 0.075701 0.085167 0.043762 0.042549 0.023186 0.076409 0.091646 0.165074 0.165650
-9999.000000 0.044628 0.035058 0.019882 0.075643 0.050210 0.054475 0.110188 0.131487 0.024788 0.031456 0.030358 0.031633 0.182135 0.162096 0.243567 0.187945 0.175239 0.160976 0.041885 0.056230 0.161925 0.118489 0.398259 0.381219 0.245399 0.126751 0.123453 0.069912 0.161171 0.130261 0.122609 0.083659 0.617341 0.654770 0.059184 0.044061 0.070737 0.182764 0.172431 0.594724 0.588673 0.024643 0.403856 0.402115 0.402564 0.381852 0.059482 0.065255 0.094511 0.095800 0.041038 0.036216 0.025868 0.027703 0.052299 0.033393 0.040443 0.158948
-9999.000000 0.079498 0.134191 0.034174 0.058345 0.044327 0.052259 0.107702 0.096986 0.024559 0.014393 0.025185 0.029809 0.194588 0.017372 0.027562 0.102798 0.401184 0.508997 0.406736 0.353947 0.251478 0.129191 0.324955 0.272434 0.166963 0.352690 0.250437 0.314087 0.722118 0.803693 0.776985 0.747119 0.745741 0.711563 0.743684 0.060136 0.071443 0.049249 0.158141 0.157830 0.151476 0.036584 0.036559 0.074101 0.050075 0.431766 0.084243 0.077948 0.103128 0.043526 0.045524 0.032890 0.033653 0.042273 0.036280 0.030158 0.045556 0.038307
-9999.000000 0.020637 0.190070 0.172130 0.041000 0.037216 0.041631 0.060880 0.773237 0.073554 0.019308 0.031117 0.090440 0.156906 0.017372 0.034601 0.055122 0.424314 0.530203 0.521145 0.426142 0.255072 0.290865 0.214363 0.282443 0.461612 0.430303 0.307241 0.405486 0.749659 0.835320 0.807770 0.789224 0.770044 0.723390 0.723146 0.746748 0.067436 0.061170 0.036779 0.284273 0.149897 0.034512 0.040855 0.064821 0.070850 0.315878 0.077914 0.037422 0.058615 0.067736 0.023477 0.033271 0.027809 0.036049 0.038097 0.014393 0.026848 0.026696
0.020637 0.033470 0.024907 0.191739 0.028374 0.027212 0.105944 0.678204 0.739689 0.048054 0.042675 0.084709 1.094565 0.106108 0.068446 0.036730 0.112811 0.498058 0.532643 0.024719 0.023488 0.128613 0.136638 0.257389 0.197365 1.498829 0.452654 0.308301 0.143692 0.150538 0.101823 0.092997 0.071125 0.053290 0.048689 0.058348 0.061670 0.076745 0.031973 0.034520 0.146680 1.340220 0.055474 0.078466 0.082563 0.067132 0.096046 0.066572 0.027443 0.031882 0.025566 0.116532 0.036744 0.050528 0.056022 0.038695 0.024361 0.023887 0.028076
0.033622 0.024907 0.023460 0.113775 0.065073 0.039801 0.116936 0.678215 0.074664 0.019308 0.051318 0.106949 0.105265 1.046492 0.032069 0.038861 0.159623 0.142165 0.014393 0.032526 0.025139 0.063842 0.138318 0.138489 0.580709 0.558626 0.524599 0.027320 0.027471 0.109246 0.087843 0.060072 0.105494 0.063924 0.055605 0.024587 0.048683 0.028800 0.038835 0.030323 0.132850 1.138425 0.071775 0.048723 0.076119 0.090356 0.082487 0.021263 0.021034 0.017967 0.027810 0.056106 0.076008 0.076624 0.104351 0.063637 0.050605 0.022226 0.050919
0.064279 0.058068 0.061262 0.390068 0.352187 0.244010 0.182953 0.024542 0.020989 0.014393 0.021004 0.019570 0.091411 0.069916 0.101690 0.192231 0.134249 0.074814 0.099524 0.063320 0.089298 0.079286 0.599973 0.627861 0.608685 0.597247 0.040114 0.028923 0.028924 0.095693 0.071801 0.105921 0.113149 0.818131 0.889226 0.048617 0.020424 0.018135 0.021934 0.042784 0.108859 0.486213 0.081436 0.073260 0.113942 0.130382 0.138978 0.154880 0.017967 0.028864 0.039160 0.049927 0.556329 0.571881 0.094399 0.072412 0.050334 0.057226 0.051418
0.047123 0.019294 0.078015 0.049262 0.032469 0.199806 0.149078 0.025353 0.033347 0.025829 0.036492 0.040480 0.114867 0.096084 0.125295 0.208591 0.162063 0.082981 0.102169 0.145689 0.586401 0.635059 0.629812 0.627169 0.592019 0.599120 0.020180 0.017372 0.017372 0.147138 0.127756 0.077950 0.082052 0.068413 0.881865 0.897160 0.032126 0.034157 0.022362 0.046901 0.227718 0.216279 0.047904 0.086208 0.107906 0.146422 0.155943 0.159448 0.020378 0.058278 0.074226 0.099405 1.788105 0.753040 0.068113 0.067072 0.045614 0.059726 0.037610
-9999.000000 0.027672 0.027153 0.017372 0.039186 0.124590 0.641309 0.707717 0.032892 0.067964 0.814306 0.022307 0.146959 0.111141 0.177318 0.091140 0.112157 0.214474 0.137997 0.191763 0.603553 0.651573 0.636330 0.643505 0.083994 0.172750 0.243311 0.025704 0.025704 0.185229 0.165710 0.123217 0.069684 0.070348 0.922066 1.968978 0.800268 0.065450 0.022514 0.021827 0.317865 0.267081 0.029625 0.020199 0.035454 0.132749 0.161748 0.152969 0.110492 0.073716 0.101175 0.102015 1.790349 0.769188 0.055301 0.057842 0.037850 0.041773 0.049983
-9999.000000 0.019294 0.055530 0.017372 0.038415 0.087453 0.653813 0.709717 0.033529 0.095260 0.050348 0.229112 0.195148 0.157674 0.100284 0.055501 0.110389 0.055668 0.089629 0.102001 0.174010 0.149552 0.104215 0.071972 0.045881 0.255020 0.265470 0.272907 0.254514 0.191368 0.156055 0.134871 0.096138 0.050198 0.041318 0.783383 0.738597 0.090551 0.089747 0.018120 0.342863 0.310425 0.039702 0.030986 0.032508 0.060112 0.046105 0.153469 0.120522 0.071275 0.033464 0.121708 0.615489 0.067864 0.044216 0.040049 0.027458 0.028667 0.040720
-9999.000000 -9999.000000 0.052324 0.025120 0.026668 0.103557 0.025496 0.027011 0.049056 0.091200 0.057043 0.235715 0.217353 0.180934 0.130621 0.064459 0.115657 0.058065 0.057307 0.196409 0.173265 0.124875 0.083185 0.056800 0.034576 0.221690 0.233032 0.274657 0.054422 0.070724 0.061959 0.051222 0.092318 0.048294 0.040654 0.407560 0.278715 0.132886 0.111608 0.154709 0.096750 0.327475 0.033472 0.031261 0.053214 0.041619 0.079411 0.041329 0.064088 0.220622 0.204118 0.104060 0.112386 0.113735 0.032522 0.046073 0.046251 0.036717 0.063124
-9999.000000 -9999.000000 -9999.000000 0.079425 0.111969 0.065474 0.032616 0.039803 0.028725 0.069038 0.239100 0.251577 0.236101 0.194185 0.128360 0.146949 0.123732 0.164445 0.408265 0.317927 0.251971 0.179157 0.112317 0.080489 0.046764 0.067532 0.064117 0.082238 0.063537 0.074035 0.054364 0.092024 0.080668 0.108275 0.584578 0.592067 0.104551 0.095606 0.155373 0.180442 0.163600 0.131518 0.167511 0.088691 0.049949 0.052917 0.034399 0.034677 1.278296 1.286135 0.213436 0.141537 0.079064 0.038231 0.197749 1.230227 0.160351 0.091855 1.036370
-9999.000000 -9999.000000 -9999.000000 0.081707 0.106420 0.054763 0.027030 0.034050 0.033820 0.040305 0.036430 0.162210 0.201547 0.203556 0.026202 0.101757 0.154301 0.199139 0.125258 0.238446 0.192264 0.147680 1.071513 1.103957 1.079580 0.046180 0.050524 0.061190 0.093009 0.093500 0.070383 0.089363 0.072328 0.093333 0.528163 0.495580 0.062354 0.114592 0.154647 0.215910 0.195643 0.033455 0.027542 0.035969 0.038551 0.030037 0.045601 0.137122 0.193658 0.181073 0.179339 0.036366 0.021166 0.028383 0.224329 0.227770 1.096467 1.099324 1.073723
-9999.000000 -9999.000000 -9999.000000 -9999.000000 0.020092 0.014393 0.129661 0.104557 0.035362 0.020134 0.028756 0.032830 0.085247 0.030582 0.054192 0.094939 0.232188 0.035778 0.081118 0.059382 0.044226 0.033025 0.054872 1.084455 0.068546 0.049744 0.028147 0.026509 0.064585 0.059323 0.055567 0.043564 0.022773 0.033793 0.168795 0.141101 0.043978 0.052347 0.039934 0.197689 0.197653 0.021030 0.033643 0.019092 0.026313 0.022513 0.018432 0.105756 0.089330 0.044184 0.060450 0.068329 0.136548 0.479015 0.308172 0.233693 0.150104 0.084046 0.961187
-9999.000000 -9999.000000 -9999.000000 -9999.000000 -9999.000000 0.043870 0.079393 0.066864 0.027794 0.017372 0.017372 0.019798 0.048116 0.066907 0.043854 0.061927 0.075208 0.081908 0.057918 0.042389 0.023605 0.047702 0.059081 1.076384 0.089338 0.037919 0.024102 0.018538 0.067728 0.065883 0.064206 0.027218 0.031197 0.040879 0.315585 0.033852 0.045784 0.046225 0.037237 0.083750 0.109351 0.126872 0.128727 0.031979 0.018959 0.044928 0.041592 0.109360 0.098358 0.021198 0.040475 0.104357 0.167970 0.415785 0.035762 0.046023 0.049505 0.055796 0.188496
