use_cases/Flooding_chicago/flooding_data/output/h_3060.asc
ncols 337
nrows 393
xllcorner 428428.000000
yllcorner 4602440.000000
cellsize 26.757400
NODATA_value -9999.000000
[rows 108 to 134 of 393, columns 118 to 176 of 337]
-9999.000000 -9999.000000 -9999.000000 -9999.000000 -9999.000000 -9999.000000 -9999.000000 -9999.000000 -9999.000000 -9999.000000 0.017967 0.140359 0.041434 0.049553 0.112801 0.116799 0.099755 0.066629 0.180476 0.033898 0.037971 0.029060 0.039269 0.036171 0.180657 0.029625 0.028374 0.030815 0.031198 0.032418 0.024528 0.090644 0.225960 0.060644 0.155876 0.132835 0.030815 0.030098 0.065086 0.058907 0.033287 0.035942 0.166405 0.014397 0.029335 0.028511 0.050957 0.126289 0.256250 0.280432 0.037682 0.049933 0.037424 0.075300 0.975458 3.152515 1.024749 0.333290 0.447007
-9999.000000 -9999.000000 -9999.000000 -9999.000000 -9999.000000 -9999.000000 -9999.000000 0.027000 0.037438 0.017967 0.021034 0.102593 0.028908 0.031730 0.097656 0.083000 0.068582 0.045204 0.090005 0.143702 0.027412 0.058495 0.044183 0.079018 0.112450 0.055681 0.053127 0.080361 0.101905 0.020302 0.031930 0.458361 0.480243 0.071952 0.132088 0.125664 0.070793 0.078956 0.071694 0.033195 0.026970 0.045647 0.091484 0.066612 0.037040 0.033714 0.094459 0.168879 0.151938 0.146050 0.046089 0.044945 0.033211 0.068803 0.099375 2.114128 0.973262 0.280532 0.204989
-9999.000000 -9999.000000 -9999.000000 -9999.000000 -9999.000000 -9999.000000 0.034066 0.027107 0.039315 0.031532 0.034096 0.119834 0.034706 0.025216 0.106560 0.076485 0.104091 0.058159 0.118767 0.100700 0.062392 0.053337 0.037819 0.224372 0.146475 0.078010 0.061332 1.179074 1.217187 1.243535 0.131692 0.437370 0.418343 0.345086 0.073783 0.088510 0.057274 0.071694 0.140858 0.038948 0.031928 0.040199 0.361473 0.319086 0.208074 0.254066 0.156518 0.263285 0.037179 0.055549 0.051629 0.048240 0.035958 0.042732 0.037986 0.046611 0.051552 0.016976 0.273947
-9999.000000 -9999.000000 0.038429 0.034387 0.029380 0.036462 0.042672 0.065712 0.022240 0.032280 0.042117 0.133948 0.042793 0.038902 0.070946 0.053170 0.071510 0.071251 0.072106 0.124245 0.082817 0.049140 0.058786 0.033547 0.288079 0.157645 0.222265 2.279946 2.262643 2.280299 0.020180 0.032280 0.288717 0.264185 0.206885 0.039772 0.053429 0.163231 0.152505 0.103630 0.045373 0.025780 0.023818 0.034340 0.032082 0.041069 0.052315 0.046439 0.029610 0.092659 0.073296 0.028235 0.024132 0.024680 0.033882 0.030647 0.028401 0.557010 0.017372
0.041572 0.049660 0.043006 0.053093 0.088402 0.032005 0.029641 0.035636 0.041176 0.041771 0.046105 0.219063 0.054695 0.050911 0.048424 0.071847 0.071328 0.120346 0.113290 0.103021 0.098991 0.055107 0.041985 0.014397 0.020255 0.097739 1.245764 2.312964 2.783057 2.290810 0.017372 0.025703 0.146707 0.289725 0.226807 0.031166 0.060005 0.149447 1.880484 0.651618 0.031533 0.018669 0.014397 0.018943 0.021003 0.034599 0.014397 0.024285 0.028708 0.067650 0.064688 0.027047 0.027828 0.017372 0.017372 0.020180 1.545748 1.545510 0.555355
1.056877 0.057227 0.066765 0.049782 0.024284 0.031547 0.030265 0.039345 0.055931 0.037956 0.058144 0.197228 0.139169 0.049233 0.036110 0.056869 0.056908 0.114768 0.088403 0.239706 0.218973 0.054999 0.039589 0.021004 0.033318 0.197166 0.260157 1.308496 2.269423 1.294304 0.017372 0.025703 0.106842 0.221659 0.235894 0.031777 0.047264 0.043557 0.936216 0.810175 0.036018 0.027657 0.018943 0.028404 0.049736 0.067557 0.024285 0.023399 0.039239 0.081993 0.092232 0.033302 0.045433 0.024986 0.024986 0.030098 1.565332 1.561517 1.565942
0.045723 0.262551 0.206436 0.042091 0.036354 0.032890 0.033180 0.044885 0.077465 0.067559 0.032784 0.140374 0.243352 0.044243 0.037606 0.057534 0.134147 0.208109 0.226997 1.282644 1.268339 0.173958 0.037964 0.019569 0.082467 0.135687 0.193855 0.218622 0.195076 0.177575 0.020180 0.032280 0.086191 0.632605 0.655450 0.058906 0.036095 0.026466 0.068294 0.645627 0.535040 0.031945 0.041252 0.025300 0.036888 0.091240 0.023169 0.041543 0.037499 0.600008 0.612515 0.532215 0.490336 0.029706 0.030006 1.453096 1.511257 1.527301 1.536741
0.037377 0.249216 0.236213 0.165765 0.036674 0.037255 0.026206 0.049290 0.062203 0.127388 0.025399 0.083001 0.181267 0.112329 0.102791 0.168281 0.278817 0.208519 1.305729 1.309378 1.293169 0.199913 0.070885 0.022041 0.188711 0.221900 0.106499 0.133978 0.104547 0.166283 0.072716 0.057381 0.740013 1.810416 1.836146 0.787345 0.027229 0.028786 0.019661 0.021523 0.262064 0.378233 0.494973 0.021873 0.039453 0.456784 0.031211 0.031974 0.049496 1.676128 1.722548 2.703414 1.649768 1.566915 2.566885 2.603170 1.559585 1.565871 2.566684
0.021980 0.222342 0.208992 0.151877 0.360557 0.048638 0.032967 0.042061 0.220085 0.202447 0.121391 0.081947 0.365851 0.344235 0.351396 0.157478 0.233179 0.169898 1.336479 1.319344 0.261575 0.048210 0.093955 0.095234 0.134240 0.114601 0.173103 0.148400 0.100700 0.178230 0.113669 0.103829 0.799136 1.873480 1.883142 0.827340 0.064659 0.039787 0.037117 0.069832 0.141547 0.386208 0.019096 0.026787 1.698035 3.731690 1.743811 0.599770 0.651128 2.685759 2.713436 2.709323 1.660014 2.524764 2.596798 2.609399 2.564086 2.577138 2.575628
0.206551 0.210731 0.189752 0.133719 0.456735 0.408049 0.308193 0.295357 0.288078 0.222175 0.131891 0.354749 0.389145 0.368807 0.350714 0.314930 0.321494 0.159286 0.166603 0.209251 0.025383 0.049842 0.017372 0.076973 0.109535 0.172264 0.149971 0.115196 0.073144 0.284275 0.322177 0.077873 0.057746 0.831537 1.891683 0.812486 0.039878 0.045205 0.055600 0.536649 0.635622 0.250827 0.133205 0.556895 3.765738 4.753618 2.760603 2.755945 2.768936 3.710356 2.715849 0.627025 0.639040 2.497802 3.559157 3.581845 3.566342 3.590642 2.570336
0.161019 0.191949 0.170463 0.119590 0.477566 0.454323 0.395424 0.384895 0.017372 0.117270 0.313941 0.359656 0.349188 0.310196 0.238363 0.790326 0.730874 0.160106 0.165748 0.106927 0.073569 0.031898 0.017372 0.042168 0.067664 0.217905 0.234074 0.217028 0.268976 1.346615 0.345953 0.068108 0.065025 0.776024 0.776529 0.650399 0.373343 0.356850 1.630103 2.688521 2.751688 1.718602 2.744137 4.774589 4.769274 5.748032 4.779314 3.772649 4.790762 2.718696 0.039663 0.014397 0.043877 1.527408 4.551757 3.584811 3.557321 4.526794 4.559674
0.127936 0.160592 1.148155 0.117850 0.064980 0.031945 0.280144 0.270440 0.017372 0.061607 0.260541 0.304018 0.287602 0.225552 0.803104 0.873142 0.843715 0.101313 0.135812 0.142542 0.051704 0.033562 0.039970 0.037606 0.233409 1.313270 1.299123 1.256034 1.351870 1.348433 0.342068 0.078240 0.097846 0.091469 0.058701 0.543618 0.311411 0.397716 0.543931 2.727394 2.813281 2.849734 3.815654 3.837259 3.816544 4.759105 5.787395 5.802612 4.820209 1.779685 0.041798 0.042222 1.531632 3.576109 3.584247 2.581218 3.546992 4.559961 4.566362
0.085655 0.104346 0.114754 0.095313 0.052376 0.094139 0.138739 0.287347 0.146303 0.098113 0.730590 0.737407 0.739247 1.737102 1.774608 1.743362 1.751413 0.797775 0.761395 0.071509 0.066246 0.064732 0.025825 0.197158 1.296312 2.313369 2.300259 1.240373 0.330062 0.294260 0.323888 0.099709 0.124928 0.038567 0.033593 0.047355 0.414697 0.200114 0.173423 1.678215 2.794538 1.828608 1.814088 1.809829 1.799433 2.763283 4.754177 5.778124 4.799585 1.743445 0.685018 0.559419 3.562636 5.579003 4.595493 2.579071 3.544834 4.556385 4.563752
0.269328 0.331550 0.069298 0.061319 0.078298 0.166724 0.191342 0.724229 1.758044 1.779160 1.809967 1.812961 1.815306 2.826567 2.820201 2.812783 2.812834 0.816777 0.833972 0.823455 0.799031 0.826192 0.148740 1.235209 2.286844 3.295776 3.282401 1.232846 0.047359 0.056741 0.084278 0.143593 0.057303 0.070015 0.052422 0.082450 0.058098 0.124107 0.159330 1.685380 2.791671 1.823455 1.808425 2.775737 2.781633 2.781157 3.777829 4.785535 4.799495 0.720325 0.692538 1.536728 4.565381 5.580071 4.597831 3.593443 4.580326 4.592506 2.588362
0.197455 0.025597 0.053093 0.039772 0.050590 0.103133 0.768615 0.842907 0.857283 1.827188 2.833143 2.835453 2.835058 2.840581 2.839195 2.838736 2.831206 1.825830 0.843876 0.835884 0.835870 0.103488 0.199572 1.270148 2.316893 3.324062 3.293611 1.181816 0.056562 0.040703 0.061012 0.088218 0.103158 0.093345 0.068338 0.091103 0.080868 0.110527 0.151766 1.595175 3.781582 3.834877 3.816903 4.791291 4.801658 3.796207 4.791496 4.796010 4.816315 0.730312 0.700848 1.563696 4.577520 6.587450 5.611041 3.598589 4.586263 4.588712 3.604087
0.101632 0.098823 0.027001 0.066931 0.091402 0.775756 0.849861 0.850301 0.858148 0.836771 2.832669 3.834575 2.837264 2.838541 2.838356 2.838028 2.831519 1.827704 1.827137 0.834863 0.833187 0.119965 0.195730 1.248164 1.291672 1.307526 2.320712 1.134345 0.050649 0.025780 0.026329 0.134621 0.105506 0.106255 0.089745 0.048454 0.087425 0.105309 0.137393 1.606782 3.773384 4.838681 2.808182 3.784356 4.798859 4.795587 4.784535 4.797279 3.820087 1.787694 0.709262 1.552595 4.570374 7.562072 6.604782 4.592833 4.583588 4.584533 4.606144
0.779674 0.063041 0.073408 0.055198 0.083527 0.726932 1.827321 1.832800 1.842437 0.839607 1.833566 3.840146 3.836560 2.839819 2.840897 2.840996 2.839886 1.829757 1.839491 0.832648 0.831515 0.085509 0.120381 1.038111 0.165876 0.026939 0.316068 0.264278 0.058371 0.033515 0.035362 0.169731 0.027458 0.037094 0.034157 0.026055 0.060645 0.078423 0.086983 0.074423 0.506362 1.622847 0.660807 0.670874 1.746870 2.743101 2.737942 2.763354 1.735133 1.726131 1.673807 1.610795 3.520214 5.528574 5.585731 3.573838 3.565320 3.549451 3.578006
0.791359 0.043312 0.065482 0.049699 0.080946 0.728309 1.829493 2.838373 1.850647 1.832000 1.838528 2.837842 3.841725 2.839348 2.846091 2.842322 1.831632 0.821987 0.827316 0.826160 0.823862 0.772031 0.737455 0.800819 0.115674 0.038536 0.049568 0.048790 0.033530 0.036308 0.045937 0.041008 0.014397 0.049842 0.037209 0.026969 0.067939 0.124519 0.095435 0.084695 0.078696 0.098110 0.080473 0.076687 0.068661 1.778359 1.795546 0.721807 0.714359 0.589075 0.546877 1.546782 0.341505 1.064755 1.122283 0.032402 0.024960 0.071683 0.342977
1.706505 0.632662 0.067175 0.047729 0.088072 1.796773 2.828891 3.829158 2.824399 2.829493 2.827852 2.835273 2.835136 2.835943 1.836767 2.838294 1.827386 1.822739 0.831991 0.832448 1.827380 1.805674 1.771647 0.769900 0.085649 0.036232 0.060219 0.059258 0.031059 0.028572 0.036842 0.036994 0.036369 0.037163 0.187797 0.174767 0.140786 0.110694 0.097970 0.069206 0.062491 0.060265 0.075646 0.053534 0.094049 1.806934 1.812864 0.083237 0.042291 0.061486 0.044258 0.043754 0.053194 0.044106 0.067741 0.014397 0.026832 0.080066 0.085853
1.748512 0.657290 0.050719 0.035187 0.726804 2.818170 3.828409 3.833869 3.829838 3.828130 3.828350 3.828633 3.831765 2.831662 2.827030 3.818676 3.799542 3.811910 3.793922 2.812183 2.822912 2.779660 1.820630 0.842757 0.076725 0.074560 0.036491 0.044717 0.050774 0.023857 0.095365 0.048071 0.071724 0.026238 0.187431 0.175316 0.163537 0.150536 0.143333 0.092294 0.048057 0.049050 0.041012 0.069389 0.104124 1.780058 1.788025 0.077219 0.066857 0.036644 0.069084 0.046044 0.030937 0.037208 0.064232 0.042794 0.028297 0.156318 0.095498
0.681847 0.540052 0.325975 0.260213 1.743689 2.815242 3.827971 3.836789 4.832777 3.833400 3.831482 4.826855 4.829833 4.831297 4.828766 4.828932 5.807124 5.817521 4.814838 4.814017 4.811886 2.811917 0.796155 0.019631 0.676988 0.634952 0.710438 0.719205 0.675176 0.050311 0.081156 0.046212 0.054435 0.023628 0.022041 0.165414 0.166283 0.158902 0.142677 0.027229 0.030790 0.040459 0.066874 0.051475 0.047325 0.867760 0.827994 0.082543 0.096489 0.099814 0.054849 0.046730 0.027717 0.055867 0.052864 0.219367 1.320028 0.206551 0.146538
0.032094 0.429858 0.613659 1.729992 2.813062 3.822708 3.827713 4.825776 4.836953 3.830752 4.815509 5.826463 5.829130 5.830225 5.833078 4.832129 5.815729 5.824929 4.821810 4.826088 3.831371 2.825258 1.788587 0.727863 1.727518 1.736997 1.737141 1.741750 1.749261 0.685926 0.615167 0.069825 0.046776 0.034645 0.018151 0.149558 0.028359 0.038170 0.045784 0.026940 0.024361 0.028267 0.035592 0.048180 0.062004 0.880359 0.862097 0.874418 0.097528 0.094794 0.079125 0.065833 0.053383 0.046287 0.050545 0.059945 0.199576 0.026801 0.121604
0.040809 0.031822 0.669200 2.812407 3.816904 4.819534 4.823853 4.827405 4.830194 4.826187 5.821893 5.827848 6.822851 6.832054 5.827388 5.827044 5.818002 5.830333 3.812693 3.822264 2.824184 1.791155 1.782937 2.714159 2.746323 2.757359 1.745404 1.747277 1.761838 0.021407 0.587589 1.543554 0.411652 0.058476 0.049858 0.079690 0.033119 0.043311 0.019310 0.014397 0.026940 0.026756 0.044590 0.051582 0.079170 0.851441 0.814632 0.081260 0.045860 0.050881 0.051162 0.042000 0.068914 0.064399 0.040245 0.059455 0.044976 0.033868 0.035241
0.058380 0.045494 0.085615 4.786197 6.825299 6.832223 5.829539 4.828728 4.833911 4.828401 5.821619 5.827990 5.827901 6.827239 5.827566 5.830319 6.807984 5.825508 4.814505 3.824435 2.825872 1.790949 1.784422 2.718102 3.753000 2.763361 2.763581 1.755989 1.775086 0.025309 0.584657 1.553331 2.568152 1.566231 0.404642 0.061972 0.048790 0.030053 0.037361 0.026787 0.038627 0.039390 0.038948 0.055611 0.120278 0.107705 0.102248 0.055000 0.045432 0.036995 0.045966 0.032478 0.044068 0.040809 0.043526 0.038674 0.028298 0.029228 0.031441
0.066886 0.058400 0.034203 4.817855 5.797230 6.809658 5.815636 4.824351 3.824759 4.817898 5.816830 5.823018 5.822658 5.828553 4.820286 4.821071 6.789036 6.804916 6.812881 4.802341 3.774695 3.780492 2.747458 3.716848 4.743366 3.740407 3.741814 3.749635 2.767903 0.643622 0.625706 2.573097 2.588974 2.594081 1.569000 0.430090 0.041878 0.034173 0.031544 0.038566 0.055565 0.038338 0.085502 0.014397 0.051902 0.069191 0.071969 0.049568 0.042687 0.044578 0.048699 0.034309 0.048485 0.018089 0.020333 0.047264 0.014397 0.024894 0.040779
0.066441 0.057062 0.033897 2.813992 3.816594 4.809374 3.824570 3.826347 3.827933 3.827223 5.804294 6.821818 6.830745 5.830206 4.820444 4.820739 6.788337 6.808135 6.813210 5.811684 4.807958 3.774446 3.755537 4.717310 4.748921 4.742836 4.759860 3.759031 2.761933 1.638224 1.601620 1.607652 2.591895 2.612386 2.609391 1.591208 0.063748 0.030266 0.032921 0.042304 0.084571 0.057488 0.092201 0.073046 0.041512 0.045708 0.071496 0.055169 0.049583 0.027993 0.028664 0.018197 0.021614 0.021706 0.030326 0.050805 0.040244 0.041023 0.039604
0.048471 0.036689 0.774195 2.810297 3.818918 3.826887 3.828370 3.829911 3.831549 3.831225 4.818451 6.810899 7.820725 7.841374 5.834422 4.821365 5.789796 6.798334 6.809007 6.829379 4.812899 3.774940 3.770193 3.752146 3.748817 4.737956 4.772896 3.765192 2.764690 1.653468 1.602662 1.606125 1.604375 1.601806 2.579551 2.609384 0.445536 0.032707 0.033790 0.066791 0.057605 0.061896 0.320482 0.351220 0.052571 0.035729 0.031913 0.029915 0.023354 0.032067 0.027092 0.037987 0.032341 0.039559 0.045356 0.065468 0.045280 0.040338 0.051307
