use_cases/Flooding_chicago/flooding_data/output/h_300.asc
ncols 337
nrows 393
xllcorner 428428.000000
yllcorner 4602440.000000
cellsize 26.757400
NODATA_value -9999.000000
[rows 135 to 161 of 393, columns 177 to 235 of 337]
0.116150 0.146196 0.044333 0.039997 0.072408 0.032975 0.039603 0.030335 0.054005 0.053541 0.067588 0.049307 0.036506 0.046422 0.059985 0.043534 0.040296 0.038528 0.276517 1.322092 0.314815 0.096890 0.140447 0.083700 0.052516 0.052031 0.049028 0.043646 0.033017 0.027290 0.027845 0.048591 0.035162 0.044577 0.431928 0.426434 0.044485 0.040110 0.038653 0.037420 0.032435 0.034118 0.057714 0.037312 0.069246 0.075795 0.062023 0.049361 0.034722 0.040642 0.033318 0.058142 0.107028 0.129155 0.089250 0.054569 0.306226 0.318742 1.338850
0.214353 0.096251 0.077582 0.043537 0.070209 0.027325 0.036231 0.068879 0.054074 0.036366 0.075711 0.087069 0.056086 0.041374 0.045641 0.036240 0.036920 0.036903 0.213580 1.281521 1.279722 0.213058 0.091208 0.065428 0.067797 0.065026 0.056189 0.031730 0.043775 0.032030 0.052499 0.043678 0.035012 0.236340 0.358159 0.045662 0.046064 0.050787 0.032887 0.052087 0.029122 0.029625 0.050083 0.043426 0.081510 0.084173 0.061915 0.052745 0.038873 0.061608 0.055064 0.108497 0.105284 0.556046 0.535511 0.479243 0.368215 0.339599 0.317494
0.183022 0.528853 0.063638 0.081203 0.057361 0.037405 0.051077 0.653871 0.054017 0.038275 0.049023 0.071825 0.115771 0.039873 0.038958 0.053392 0.049124 0.057315 0.192314 1.302375 1.320285 0.233667 0.189226 0.078645 0.080564 0.049446 0.042196 0.032279 0.033439 0.053672 0.048286 0.042422 0.122198 0.136188 0.020806 0.025038 0.025933 0.049342 0.078966 0.094404 0.032223 0.032417 0.055172 0.078680 0.090092 0.088127 0.072149 0.051612 0.057935 0.046988 0.046331 0.090942 0.085721 0.039486 0.046011 0.024761 0.217336 0.219172 0.216430
0.131049 0.496717 0.349295 0.222200 0.138788 0.077254 0.055666 0.878563 0.871370 0.038952 0.039396 0.064707 0.100581 0.074466 0.035895 0.036975 0.041310 0.084470 0.160364 1.284904 0.216395 0.155193 0.137352 0.117843 0.062345 0.052284 0.039934 0.036063 0.046385 0.085524 0.066278 0.065435 0.421423 0.112320 0.047609 0.045857 0.048817 0.066940 0.051766 0.080911 0.033586 0.033558 0.048118 0.091063 0.096272 0.076221 0.080145 0.086447 0.053707 0.065056 0.057370 0.059275 0.108869 0.087273 0.046359 0.048318 0.229306 0.251079 0.215868
0.122539 0.045579 0.304230 0.777318 0.904352 1.890382 0.926794 0.090730 0.093355 0.140378 0.139333 0.249324 1.212977 1.264040 1.324979 1.255809 1.149858 0.312454 0.092570 0.146356 0.128411 0.998203 0.961877 0.073872 0.036188 0.042520 0.032068 0.032338 0.063949 0.072006 0.161498 0.515498 1.637942 0.450651 0.076433 0.048374 0.049379 0.055749 0.054699 0.089472 0.027580 0.045987 0.049226 0.079552 0.162377 0.051992 0.074256 0.084249 0.067055 0.047713 0.052728 0.050554 0.090973 0.076755 0.048964 0.046803 0.166871 0.190268 0.226422
0.014393 0.416333 0.324706 0.896997 0.921198 1.902219 0.064593 0.034939 0.038016 0.057174 0.125503 0.089223 0.151872 0.194516 1.006945 1.053369 1.093054 0.068266 0.031090 0.030597 0.133850 0.941093 0.962324 0.891619 0.117567 0.048606 0.040275 0.057847 0.077136 0.039170 0.022010 0.617700 1.672651 0.515431 0.079166 0.048239 0.070932 0.060679 0.054251 0.045359 0.042806 0.059561 0.050617 0.114725 0.143441 0.048404 0.056013 0.079605 0.098654 0.062856 0.080269 0.050235 0.107201 0.075910 0.081040 0.052355 0.387608 0.199295 0.135129
0.454499 0.408038 0.369069 0.038472 0.054090 0.056981 0.038187 0.033453 0.044434 0.067466 0.061778 0.042531 0.036346 0.044975 0.044270 0.070166 0.077244 0.094914 0.038018 0.021672 0.144401 0.889050 0.953617 0.859153 0.170304 0.131118 0.044488 0.052709 0.085301 0.041544 0.060495 0.042118 0.532414 0.033558 0.051151 0.057469 0.121872 0.044800 0.054022 0.034194 0.037406 0.084177 0.031578 0.098320 0.377245 0.052879 0.043018 0.096536 0.125042 0.067136 0.098592 0.057967 0.153578 0.087592 0.687651 0.634951 0.244316 0.126040 0.131328
0.162447 0.132314 0.107969 0.049035 0.039415 0.028572 0.028706 0.041099 0.092586 0.084620 0.029656 0.020027 0.040519 0.037804 0.054559 0.055702 0.088018 0.068099 0.044255 0.255720 0.122572 0.162408 0.957586 0.867451 0.281882 0.219145 0.313975 0.084478 0.137318 0.063456 0.053736 0.030081 0.044553 0.020180 0.050638 0.061917 0.161158 0.120779 0.087565 0.027911 0.097725 0.083808 0.046838 0.079099 0.566191 0.433956 0.029591 0.073896 0.150959 0.311836 0.312621 0.250713 0.188269 0.860968 0.852085 0.828532 0.866313 0.248426 0.187785
0.182318 0.137293 0.085928 0.039038 0.047030 0.026053 0.026434 0.030769 0.099441 0.108846 0.020333 0.018081 0.034044 0.034737 0.061056 0.048426 0.061667 0.047768 0.064978 0.268600 0.033431 0.056494 0.903878 0.779754 0.300346 0.290652 0.434287 0.144082 0.107838 0.058516 0.038988 0.034979 0.028847 0.017372 0.019746 0.045099 0.148331 0.429113 0.380160 2.118314 1.118382 0.082757 0.078320 0.048407 0.024346 0.243462 0.112125 0.139945 0.145119 0.391951 0.366749 0.299352 0.197895 0.895957 0.901287 0.057267 0.131984 0.220236 0.157214
0.207317 0.027337 0.152634 0.056784 0.034272 0.034369 0.035891 0.039420 0.079949 0.080431 0.034584 0.021660 0.021660 0.028828 0.071082 0.062842 0.071697 0.058108 0.078615 0.080756 0.070741 0.084434 0.119519 0.098839 0.036405 0.068193 0.566294 0.149174 0.082333 0.050224 0.070263 0.028692 0.028970 0.017372 0.028634 0.035066 0.027052 0.046390 0.059227 2.152618 1.095956 0.158508 0.060256 0.026209 0.037969 0.213973 0.147173 0.122947 0.059371 0.049565 0.288347 0.252234 0.147730 0.901637 0.917339 0.874485 0.132884 0.082376 0.075368
0.087888 0.054878 0.055832 0.038228 0.039069 0.039326 0.017372 0.027594 0.173654 0.196304 0.036040 0.034050 0.018081 0.034158 0.038749 0.072775 0.046258 0.038956 0.046898 0.049751 0.080936 0.060830 0.104994 0.037128 0.025201 0.125568 0.170528 0.220937 0.063308 0.088177 0.041416 0.043480 0.023821 0.034294 0.042396 0.041633 0.290591 0.014393 0.108331 1.111532 0.071382 0.047047 0.033654 0.076195 0.042883 0.192931 0.222477 0.090106 0.028936 0.029506 0.036455 0.145643 1.921742 1.953047 1.950018 0.835756 0.093896 0.097942 0.066767
0.053514 0.075926 0.026486 0.040186 0.030326 0.031440 0.017372 0.031425 0.099952 0.954043 0.055763 0.034018 0.026757 0.030541 0.026389 0.021525 0.032264 0.033744 0.034719 0.036189 0.027939 0.049361 0.040506 0.035408 0.027275 0.033235 0.203995 0.285827 0.339833 0.055670 0.085834 0.033579 0.037318 0.030662 0.096373 0.191479 1.315260 0.300806 0.190149 0.158380 0.036912 0.037935 0.028947 0.048318 0.049740 0.533554 0.147126 0.026651 0.019022 0.046607 0.053810 0.131735 1.863251 1.886002 0.695902 0.090048 0.087982 0.090812 0.104153
0.017372 0.017372 0.090934 0.069371 0.037649 0.030550 0.025993 0.117777 1.016111 1.068805 0.050956 0.053654 0.045414 0.020164 0.042290 0.040411 0.066673 0.220152 0.211635 0.027078 0.014393 0.024514 0.018870 0.037895 0.031777 0.020561 0.029655 0.246085 0.305616 0.333747 0.059499 0.068061 0.065429 0.046832 0.023963 0.050041 0.211531 0.251895 0.039937 0.063161 0.064347 0.047899 0.077125 0.071003 0.739581 1.768722 0.103209 0.028207 0.024893 0.060045 0.065955 0.124470 0.678743 0.726062 0.245896 0.100043 0.098088 0.078579 0.087828
0.038278 0.039893 0.046161 0.169042 0.161021 0.043085 0.040667 0.130643 0.976800 0.986280 0.125865 0.038993 0.027381 0.042739 0.040367 0.040465 0.063060 0.189067 0.162313 0.124637 0.021004 0.044503 0.033038 0.101963 0.098942 0.114518 0.023750 0.049013 0.046097 0.040696 0.049156 0.057995 0.047892 0.155490 0.145003 0.105943 0.070465 0.064074 0.031167 0.077744 0.076846 0.055065 0.067374 0.777604 1.899923 0.744274 0.103253 0.104346 0.033516 0.079866 0.044043 0.039155 0.190270 0.310825 0.304324 0.073880 0.086973 0.112393 0.122286
0.090272 0.120518 0.154800 0.184381 0.192143 0.045709 0.048576 0.048179 0.101015 0.117933 0.126478 0.069872 0.023753 0.041158 0.039766 0.099351 0.089132 0.047565 0.233758 0.206199 0.019570 0.110972 0.065014 0.923256 0.869606 0.100914 0.022942 0.023566 0.031350 0.030418 0.366115 0.397212 0.348503 1.251496 1.272877 0.174632 0.039119 0.054730 0.068393 0.025765 0.026267 0.062296 0.062664 0.786424 1.899307 0.715929 0.125354 0.113967 0.062586 0.024116 0.025429 0.038207 0.044541 0.347103 0.542520 0.087637 0.078180 0.096318 0.105082
0.087222 0.125541 0.138466 0.157537 0.166499 0.042858 0.055282 0.049751 0.049005 0.019308 0.040502 0.027304 0.050419 0.061963 0.121385 0.122194 0.077058 0.044355 0.203465 1.277290 0.223591 0.151371 0.985728 0.969079 0.913226 0.112180 0.023512 0.027366 0.030067 0.365813 0.391309 0.381144 0.307243 1.249956 1.257577 0.174832 0.060421 0.029475 0.021034 0.017967 0.036658 0.030632 0.073445 0.704143 1.891362 0.141164 0.109443 0.103584 0.106271 0.027013 0.017967 0.021034 0.051243 0.063801 0.764569 0.103309 0.149944 0.069546 0.043559
0.055141 0.081541 0.092165 0.104405 0.111993 0.032316 0.044487 0.018870 0.024514 0.014393 0.020973 0.025352 0.039574 0.052789 0.126556 0.089088 0.189493 0.207995 1.209332 2.261697 0.187724 0.126485 0.091836 0.872594 0.800908 0.125281 0.109059 0.019309 0.083675 0.380039 0.406216 0.373441 0.024679 0.203278 1.243734 0.204157 0.099758 0.028299 0.017967 0.045466 0.030509 0.031318 0.114460 0.634176 0.725390 0.054448 0.113028 0.115345 0.201277 0.226176 0.028864 0.017967 0.089039 0.118705 0.805929 0.911961 0.065897 0.074049 0.043788
0.094323 0.071767 0.159614 0.169754 0.074973 0.065402 0.073268 0.028984 0.041166 0.018940 0.033318 0.036565 0.141438 0.025642 0.116826 0.261775 0.177779 0.217236 0.826122 0.036498 0.048023 0.047227 0.075680 0.093446 0.076292 0.083767 0.049196 0.128566 0.104951 0.370080 0.372984 0.042230 0.025078 0.047089 0.047386 0.224598 0.163390 0.229544 0.040061 0.043420 0.081012 0.061573 0.195253 0.255172 0.204091 0.289861 0.108723 0.112042 0.181312 0.230867 0.316092 0.078427 0.145234 0.085999 0.353481 0.248205 0.081023 0.071459 0.035368
0.067108 0.076425 0.583891 0.667687 0.674570 0.048423 0.047447 0.287680 0.292434 0.030816 0.049511 0.075457 1.162917 0.187208 1.115980 0.067899 0.050905 0.072103 0.030235 0.037588 0.024987 0.066789 0.109573 0.076258 0.056488 0.057097 0.072886 0.056782 0.064274 0.100241 0.080859 0.036704 0.021147 0.038186 0.058134 0.056094 0.207593 0.053293 0.059320 0.179177 0.572608 0.549511 0.352269 0.236488 0.042261 0.048177 0.051701 0.049534 0.058330 0.052154 0.097971 0.134453 0.085911 0.099267 0.463677 0.100395 0.044929 0.050503 0.035728
0.068052 0.592303 1.749221 1.789826 0.646708 0.585422 0.544986 1.465944 1.484864 0.404927 0.430027 0.446763 0.110455 0.142579 0.074882 0.040976 0.047651 0.033199 0.034919 0.022041 0.031028 0.080209 0.091725 0.049566 0.034590 0.057562 0.055609 0.033438 0.050422 0.059001 0.046638 0.031517 0.025836 0.038649 0.050254 0.052874 0.076100 0.069081 0.078426 0.217438 0.171256 0.132221 0.086292 0.046167 0.046091 0.051047 0.042512 0.058616 0.056755 0.063956 0.051964 0.135555 0.095481 0.061890 0.206098 0.180206 0.033180 0.034324 0.025414
0.094680 0.094291 0.630172 0.642406 0.191105 0.096574 0.048980 0.436069 0.476872 0.401327 0.062093 0.047219 0.041841 0.084066 0.093191 0.043559 0.033209 0.033394 0.022725 0.023583 0.020347 0.076422 0.077963 0.047829 0.050029 0.059867 0.036079 0.037772 0.033028 0.062580 0.030737 0.022865 0.033135 0.037880 0.051844 0.062736 0.060282 0.083134 0.052994 0.162474 0.203254 0.180868 0.040969 0.034994 0.043450 0.041709 0.041594 0.050651 0.039244 0.061221 0.056198 0.077317 0.056401 0.061485 0.224507 0.169668 0.044316 0.033974 0.022473
0.073463 0.091433 0.125908 0.259436 0.385701 0.037577 0.021875 0.046896 1.588326 0.393253 0.069289 0.048741 0.021232 0.082906 0.073605 0.036897 0.029317 0.017372 0.025704 0.034003 0.053505 0.044209 0.038308 0.032555 0.047167 0.057702 0.040734 0.029182 0.036870 0.045314 0.025704 0.025704 0.027641 0.029061 0.039421 0.056052 0.040212 0.042423 0.029289 0.145925 0.200141 0.186638 0.025346 0.031319 0.025168 0.033301 0.045717 0.048574 0.041857 0.063405 0.071723 0.082590 0.050404 0.055852 0.182617 0.139080 0.034550 0.027915 0.018426
0.132823 0.120950 0.141028 0.128151 0.535555 0.065173 0.027343 0.074097 1.529765 0.342978 0.082336 0.065309 0.035805 0.065332 0.078509 0.042506 0.041359 0.017372 0.025704 0.055676 0.341757 0.227213 0.031639 0.027178 0.032997 0.038093 0.038322 0.038826 0.036689 0.020180 0.017372 0.017372 0.025044 0.028466 0.031441 0.035722 0.027488 0.035103 0.113038 0.168910 0.207798 1.339810 1.365084 0.210601 0.065436 0.048042 0.036016 0.040026 0.057362 0.093819 0.060576 0.056246 0.048641 0.052949 0.168384 0.149121 0.042719 0.014393 0.065721
0.133800 1.155300 0.120267 0.140118 0.410650 0.060638 0.023032 0.055043 0.381265 0.103688 0.110156 0.121761 0.124669 0.066635 0.055757 0.028389 0.044578 0.039147 0.056912 0.065898 0.388540 0.223544 0.020301 0.019308 0.014393 0.024285 0.038074 0.156656 0.158203 0.044532 0.028863 0.028968 0.038168 0.054771 0.536451 0.026539 0.029944 0.050905 0.057610 0.041831 0.048708 0.044035 1.363045 1.242408 0.066954 0.057517 0.045034 0.056845 0.038097 0.056193 0.036439 0.029181 0.030550 0.056661 0.087778 0.075911 0.035030 0.035381 0.036532
0.092483 0.080628 0.131910 0.147867 0.160154 0.045306 0.021232 0.037194 0.109706 0.069306 0.057811 0.068424 0.127176 0.042819 0.071713 0.026237 0.034650 0.028832 0.047759 0.057672 0.338736 0.028436 0.033120 0.030069 0.024285 0.023386 0.030280 0.096991 0.114243 0.029976 0.034445 0.028586 0.033555 0.046008 0.527837 0.540312 0.025413 0.029273 0.052293 0.036704 0.037059 0.043079 0.416791 0.393993 0.069167 0.053736 0.032248 0.039421 0.042929 0.031857 0.049908 0.061042 0.044974 0.056402 0.050316 0.048455 0.018742 0.025020 0.043437
0.072555 0.047991 0.163952 0.147602 0.092632 0.049188 0.021186 0.029525 0.068337 0.051492 0.034185 0.059454 0.073898 0.031987 0.034011 0.205938 0.158673 0.089279 0.048679 0.044771 0.229405 0.173836 0.036065 0.039720 0.032118 0.022576 0.038950 0.127982 0.135493 0.085988 0.062815 0.039539 0.053060 0.038268 0.533307 0.540248 0.541783 0.043694 0.030880 0.032190 0.047352 0.068521 0.402637 0.298252 0.039665 0.034385 0.028493 0.022942 0.023512 0.035000 0.032201 0.057768 0.063044 0.053463 0.062019 0.021188 0.036125 0.030402 0.043743
0.039723 0.058933 0.151097 0.129642 0.135334 0.048736 0.021115 0.033504 0.043069 0.078269 0.034858 0.048052 0.058370 0.034126 0.033467 0.046438 0.098529 0.294919 0.233533 0.171438 1.356798 1.442346 0.257750 0.036187 0.042175 0.027048 0.041787 0.059552 0.108424 0.076274 0.052655 0.052813 0.143226 0.591531 0.535546 0.542743 0.043779 0.046371 0.039144 0.034822 0.057742 0.130045 0.252966 0.043411 0.031925 0.022637 0.030769 0.023566 0.027366 0.019309 0.026528 0.052659 0.132753 0.056756 0.041131 0.042497 0.032766 0.045226 0.046373
