use_cases/Flooding_chicago/flooding_data/output/h_3180.asc
ncols 337
nrows 393
xllcorner 428428.000000
yllcorner 4602440.000000
cellsize 26.757400
NODATA_value -9999.000000
[rows 216 to 242 of 393, columns 177 to 235 of 337]
-9999.000000 -9999.000000 -9999.000000 -9999.000000 -9999.000000 -9999.000000 0.112054 0.119073 0.036964 0.030434 0.020134 0.030159 0.069679 0.084572 0.063377 0.068662 0.043799 0.042260 0.071174 0.047096 0.161064 0.074380 1.712305 1.625952 0.154138 0.213782 0.163154 1.206338 0.197091 0.167153 0.025703 0.017372 0.025703 0.029045 0.564710 0.119254 0.187219 0.220497 0.219016 0.189918 0.136709 0.900657 1.001868 1.146185 1.100427 1.136146 0.091774 0.209114 0.216896 0.057168 0.053048 0.474893 0.650263 0.526817 0.032204 0.038185 0.044594 0.118844 0.186777
-9999.000000 -9999.000000 -9999.000000 -9999.000000 -9999.000000 -9999.000000 0.072243 0.108910 0.145805 0.026274 0.026436 0.130394 0.061256 0.083275 0.079825 0.044945 0.065635 0.056632 0.076821 0.227330 0.186668 0.433530 1.541027 0.506188 0.171683 0.162284 0.247610 0.278009 0.284827 0.258934 0.025703 0.017372 0.025703 0.029045 0.715645 0.116309 0.183968 0.224799 0.221869 0.206397 0.170159 0.293419 0.856285 2.056011 2.007668 1.097386 0.126502 0.081795 0.094108 0.097939 0.092737 0.654230 0.624183 0.395043 0.028871 0.017967 0.057746 0.092628 0.203325
-9999.000000 -9999.000000 -9999.000000 -9999.000000 -9999.000000 -9999.000000 -9999.000000 0.055871 0.019310 0.206246 0.215507 0.103844 0.062111 0.089302 0.098243 0.018578 0.030739 0.063682 0.095573 0.210792 0.164223 0.425699 0.279608 0.137673 0.156075 0.252250 0.310324 0.338965 1.362192 0.359489 0.423180 0.031472 0.065682 0.184774 0.690399 0.179161 0.283333 1.389719 2.391573 1.359749 1.358986 0.229577 0.337640 0.192024 1.050300 0.956320 0.174828 0.041756 0.140984 0.113365 1.119560 0.985649 0.929620 0.169730 0.017967 0.021034 0.111564 0.107693 0.098106
-9999.000000 -9999.000000 -9999.000000 -9999.000000 -9999.000000 -9999.000000 -9999.000000 -9999.000000 0.014396 0.290537 1.339057 0.065392 0.059929 0.089776 0.104993 0.023064 0.045327 0.038064 0.119408 0.096351 0.073770 0.221473 0.100731 0.167916 0.228249 0.301139 0.356714 1.407036 2.348061 1.400734 0.310377 0.026008 0.051658 0.163871 0.212699 0.204552 0.326194 1.378458 2.366907 2.371923 3.347821 1.387701 0.244072 0.146079 0.111259 0.423405 0.108375 0.091484 0.144909 1.034021 0.985787 1.028070 1.009285 0.249245 0.382577 0.328847 0.166985 0.171371 0.093606
-9999.000000 -9999.000000 -9999.000000 -9999.000000 -9999.000000 -9999.000000 -9999.000000 -9999.000000 -9999.000000 0.212864 2.343102 0.272468 0.046089 0.079231 0.024620 0.028527 0.051262 0.052895 0.089852 0.090996 0.089225 0.259022 0.093377 0.116326 0.103616 0.334617 1.368690 2.374917 2.348075 1.388101 0.030799 0.018943 0.030800 0.041390 0.152141 0.225216 1.338341 1.326441 1.310477 3.349280 3.896309 2.417688 0.342186 0.039070 0.189903 0.203775 0.212210 0.151773 0.082755 0.203401 0.233651 0.991295 0.937049 1.146034 0.360601 0.298454 0.021660 0.047585 0.029930
-9999.000000 -9999.000000 -9999.000000 -9999.000000 -9999.000000 -9999.000000 -9999.000000 -9999.000000 -9999.000000 -9999.000000 0.014396 0.140434 0.189168 0.064812 0.027824 0.024696 0.053520 0.026542 0.066596 0.046624 0.173333 0.149222 0.173089 0.188591 0.192650 0.144707 0.386513 1.271202 0.242990 0.035423 0.024620 0.014396 0.024620 0.039955 0.038399 0.041573 0.464221 0.482154 0.444069 1.330665 2.400618 2.394067 0.373260 0.083778 0.088570 0.302253 0.301613 0.082269 0.060173 0.197242 0.333457 0.346841 0.314917 0.535867 0.506387 0.036048 0.021767 0.034720 0.029441
-9999.000000 -9999.000000 -9999.000000 -9999.000000 -9999.000000 -9999.000000 -9999.000000 -9999.000000 -9999.000000 -9999.000000 -9999.000000 0.014396 0.059090 0.081917 0.019417 0.044212 0.034432 0.123893 0.101693 0.072913 0.169046 0.146182 0.167274 0.229941 0.260446 0.260841 0.250388 0.236070 0.099402 0.030525 0.025505 0.034233 0.025504 0.033561 0.055205 0.056846 0.540290 0.539103 0.415474 0.383370 1.350762 1.310286 0.377214 0.135275 0.172707 0.164086 0.157738 0.165127 0.106803 0.059577 0.534600 0.524086 0.532464 0.410852 0.259421 0.032952 0.036247 0.046610 0.045784
-9999.000000 -9999.000000 -9999.000000 -9999.000000 -9999.000000 -9999.000000 -9999.000000 -9999.000000 -9999.000000 -9999.000000 -9999.000000 -9999.000000 0.017372 0.017372 0.030662 0.071343 0.084939 0.118050 0.109475 0.096412 0.070412 0.023018 0.034492 0.218485 0.266900 0.309914 0.332071 0.148306 0.202034 0.028023 0.040062 0.045982 0.062293 0.046837 0.071843 0.066597 0.637567 0.659600 0.045953 0.059471 0.470375 0.458911 0.136451 0.206278 0.233984 0.240044 0.232657 0.240425 0.027031 0.027047 0.658122 1.722969 1.771491 0.605887 0.023476 0.025153 0.050956 0.050194 0.249199
-9999.000000 -9999.000000 -9999.000000 -9999.000000 -9999.000000 -9999.000000 -9999.000000 -9999.000000 -9999.000000 -9999.000000 -9999.000000 -9999.000000 -9999.000000 -9999.000000 -9999.000000 -9999.000000 -9999.000000 0.018669 0.023415 0.028435 0.023857 0.025979 0.038536 0.080238 0.103722 0.164133 0.201057 0.260916 0.318125 0.397592 0.431806 0.389076 0.047523 0.018440 0.028496 0.061836 0.698174 0.719428 0.078774 0.123681 0.143485 0.171701 0.221594 0.262659 0.282172 0.284690 0.267984 0.279653 0.037010 0.037117 0.622257 1.645330 1.705588 0.619590 0.024666 0.032265 0.063133 0.055428 0.250154
-9999.000000 -9999.000000 -9999.000000 -9999.000000 -9999.000000 -9999.000000 -9999.000000 -9999.000000 -9999.000000 -9999.000000 -9999.000000 -9999.000000 -9999.000000 -9999.000000 -9999.000000 -9999.000000 -9999.000000 -9999.000000 -9999.000000 -9999.000000 0.025855 0.036949 0.025993 0.041435 0.029763 0.247292 0.265189 0.282676 0.317086 0.398881 0.448158 0.418876 0.045083 0.022530 0.039650 0.067787 1.741539 0.754508 0.094597 0.159798 0.204720 0.240090 0.277170 1.357614 1.356101 0.320198 0.275079 0.250939 0.045555 0.045716 0.051460 0.660268 1.787541 0.640982 0.093713 0.037468 0.029091 0.054435 0.048225
-9999.000000 -9999.000000 -9999.000000 -9999.000000 -9999.000000 -9999.000000 -9999.000000 -9999.000000 -9999.000000 -9999.000000 -9999.000000 -9999.000000 -9999.000000 -9999.000000 -9999.000000 -9999.000000 -9999.000000 -9999.000000 -9999.000000 -9999.000000 -9999.000000 0.030403 0.024727 0.042122 0.035346 0.233769 0.224860 0.050209 0.055992 0.090487 0.444027 0.412208 0.050316 0.024712 0.045265 0.093504 0.693412 0.785775 0.821922 0.159645 0.224617 0.259391 0.289253 1.336498 1.304726 1.321726 0.252175 0.047187 0.030876 0.066643 0.072456 0.682121 1.801123 0.609483 0.082040 0.036751 0.037574 0.068810 0.046017
-9999.000000 -9999.000000 -9999.000000 -9999.000000 -9999.000000 -9999.000000 -9999.000000 -9999.000000 -9999.000000 -9999.000000 -9999.000000 -9999.000000 -9999.000000 -9999.000000 -9999.000000 -9999.000000 -9999.000000 -9999.000000 -9999.000000 -9999.000000 -9999.000000 0.020179 0.032036 0.471444 0.029854 0.041695 0.052239 0.071205 0.023033 0.181984 0.096443 0.073951 0.026100 0.031928 0.060875 0.052727 0.112953 0.677865 0.102134 0.074759 0.093071 0.093210 0.084817 0.062325 0.352593 0.400977 0.317727 0.043969 0.064415 0.042291 0.085549 0.686776 1.678310 0.050103 0.038261 0.021263 0.048363 0.035667 0.049477
-9999.000000 -9999.000000 -9999.000000 -9999.000000 -9999.000000 -9999.000000 -9999.000000 -9999.000000 -9999.000000 -9999.000000 -9999.000000 -9999.000000 -9999.000000 -9999.000000 -9999.000000 -9999.000000 -9999.000000 -9999.000000 -9999.000000 -9999.000000 -9999.000000 -9999.000000 0.268379 0.413034 0.352104 0.049171 0.032494 0.035103 0.040000 0.275887 0.018837 0.024071 0.031791 0.038735 0.026452 0.065865 0.189293 0.255883 0.060951 0.132058 0.144387 0.141732 0.130120 0.107200 0.062707 0.550757 0.084451 0.066947 0.090066 0.062583 0.057456 0.692270 0.855964 0.027763 0.030220 0.021034 0.017967 0.035041 0.047586
-9999.000000 -9999.000000 -9999.000000 -9999.000000 -9999.000000 -9999.000000 -9999.000000 -9999.000000 -9999.000000 -9999.000000 -9999.000000 -9999.000000 -9999.000000 -9999.000000 -9999.000000 -9999.000000 -9999.000000 -9999.000000 -9999.000000 -9999.000000 -9999.000000 -9999.000000 0.019310 0.324837 0.307868 0.061217 0.053352 0.022361 0.046008 0.270149 0.357687 0.380501 0.358187 0.026466 0.024071 0.080269 0.120294 0.225843 0.029808 0.145134 0.139702 0.132130 0.119407 0.099221 0.081794 0.630319 0.138617 0.090690 0.119179 0.083909 0.045280 0.059364 0.972311 0.027519 0.029366 0.017967 0.028871 0.031228 0.042152
-9999.000000 -9999.000000 -9999.000000 -9999.000000 -9999.000000 -9999.000000 -9999.000000 -9999.000000 -9999.000000 -9999.000000 -9999.000000 -9999.000000 -9999.000000 -9999.000000 -9999.000000 -9999.000000 -9999.000000 -9999.000000 -9999.000000 -9999.000000 -9999.000000 -9999.000000 0.014396 0.026055 0.106209 0.039451 0.032143 0.019082 0.033069 0.043282 0.293590 0.327816 0.333518 0.257380 0.227838 0.158531 0.247886 0.170231 0.037941 0.074043 0.076988 0.069695 0.059486 0.040290 0.097542 0.589682 0.183724 0.125375 0.164558 0.017372 0.046348 0.105628 0.880655 0.917602 0.095284 0.029640 0.051660 0.070457 0.412407
-9999.000000 -9999.000000 -9999.000000 -9999.000000 -9999.000000 -9999.000000 -9999.000000 -9999.000000 -9999.000000 -9999.000000 -9999.000000 -9999.000000 -9999.000000 -9999.000000 -9999.000000 -9999.000000 -9999.000000 -9999.000000 -9999.000000 -9999.000000 -9999.000000 -9999.000000 -9999.000000 0.014396 0.072823 0.071862 0.040260 0.026314 0.018959 0.049309 0.069344 0.053627 0.036508 0.224664 0.226676 1.227332 0.148262 0.099068 0.087471 0.072365 0.074226 0.062949 0.052651 0.036094 0.046425 0.162865 0.234429 0.166632 0.208138 0.017372 0.051979 0.164695 1.106313 0.170097 0.025643 0.034309 0.055336 0.073632 0.363046
-9999.000000 -9999.000000 -9999.000000 -9999.000000 -9999.000000 -9999.000000 -9999.000000 -9999.000000 -9999.000000 -9999.000000 -9999.000000 -9999.000000 -9999.000000 -9999.000000 -9999.000000 -9999.000000 -9999.000000 -9999.000000 -9999.000000 -9999.000000 -9999.000000 -9999.000000 -9999.000000 0.020103 0.075889 0.076714 0.041283 0.022514 0.125984 0.098686 0.067834 0.042518 0.052589 0.178687 1.215858 1.227500 0.192877 0.026742 0.035805 0.032509 0.087577 0.087730 0.074118 0.052071 0.045295 0.039451 0.027962 0.251335 0.240394 0.158029 0.077553 0.262702 1.227729 0.264823 0.025994 0.014396 0.052635 0.078462 0.058143
-9999.000000 -9999.000000 -9999.000000 -9999.000000 -9999.000000 -9999.000000 -9999.000000 -9999.000000 -9999.000000 -9999.000000 -9999.000000 -9999.000000 -9999.000000 -9999.000000 -9999.000000 -9999.000000 -9999.000000 -9999.000000 -9999.000000 -9999.000000 -9999.000000 -9999.000000 -9999.000000 -9999.000000 0.078392 0.060952 0.043617 0.018439 0.129692 0.116753 0.022591 0.022591 0.052117 1.192961 1.221279 0.220664 0.218896 0.029411 0.046837 0.051583 0.032234 0.100212 0.074700 1.010305 0.049782 0.046349 0.029442 0.317375 0.271856 0.618614 0.603782 1.361445 1.274465 1.386317 0.459038 0.046501 0.035622 0.046013 0.052117
-9999.000000 -9999.000000 -9999.000000 -9999.000000 -9999.000000 -9999.000000 -9999.000000 -9999.000000 -9999.000000 -9999.000000 -9999.000000 -9999.000000 -9999.000000 -9999.000000 -9999.000000 -9999.000000 -9999.000000 -9999.000000 -9999.000000 -9999.000000 -9999.000000 -9999.000000 -9999.000000 -9999.000000 -9999.000000 0.023216 0.042748 0.042366 0.014396 0.081597 0.022591 0.022591 0.048897 1.197991 1.223498 0.222009 0.228048 0.241952 0.037163 0.060523 0.017372 0.035698 0.072655 0.974754 1.045572 1.018332 0.820136 0.536768 0.380972 0.613289 0.582161 1.377586 0.372704 0.375988 0.421486 0.041969 0.040733 0.053658 0.040290
-9999.000000 -9999.000000 -9999.000000 -9999.000000 -9999.000000 -9999.000000 -9999.000000 -9999.000000 -9999.000000 -9999.000000 -9999.000000 -9999.000000 -9999.000000 -9999.000000 -9999.000000 -9999.000000 -9999.000000 -9999.000000 -9999.000000 -9999.000000 -9999.000000 -9999.000000 -9999.000000 -9999.000000 -9999.000000 -9999.000000 0.023231 0.074119 0.059074 0.083642 0.027794 0.027794 0.034309 0.126578 0.160471 0.198401 0.223764 0.241693 0.223869 0.056106 0.017372 0.054283 0.106819 1.001399 1.058123 1.056115 0.125359 0.075203 0.272484 0.199609 0.168921 0.158167 0.070029 0.061729 0.084861 0.026818 0.029900 0.034477 0.052834
-9999.000000 -9999.000000 -9999.000000 -9999.000000 -9999.000000 -9999.000000 -9999.000000 -9999.000000 -9999.000000 -9999.000000 -9999.000000 -9999.000000 -9999.000000 -9999.000000 -9999.000000 -9999.000000 -9999.000000 -9999.000000 -9999.000000 -9999.000000 -9999.000000 -9999.000000 -9999.000000 -9999.000000 -9999.000000 -9999.000000 -9999.000000 0.039803 0.109414 0.138724 0.183480 0.030433 0.058968 0.299500 0.350974 0.140695 0.207604 0.219489 0.043480 0.081047 0.110191 0.075096 0.169868 0.135276 0.929601 0.914922 0.196096 0.119940 0.088631 0.107260 0.109719 0.121178 0.142129 0.124152 0.029214 0.018364 0.029244 0.046684 0.030601
-9999.000000 -9999.000000 -9999.000000 -9999.000000 -9999.000000 -9999.000000 -9999.000000 -9999.000000 -9999.000000 -9999.000000 -9999.000000 -9999.000000 -9999.000000 -9999.000000 -9999.000000 -9999.000000 -9999.000000 -9999.000000 -9999.000000 -9999.000000 -9999.000000 -9999.000000 -9999.000000 -9999.000000 -9999.000000 -9999.000000 -9999.000000 -9999.000000 -9999.000000 0.087609 0.025275 0.034066 0.056495 0.222572 0.243812 0.068352 0.019112 0.025459 0.017372 0.017372 0.094719 0.098426 0.084221 0.240027 0.232994 0.248163 0.354910 0.021279 0.036049 0.129983 0.157066 1.189963 1.186928 1.186485 0.039710 0.022239 0.039802 0.051841 0.057152
-9999.000000 -9999.000000 -9999.000000 -9999.000000 -9999.000000 -9999.000000 -9999.000000 -9999.000000 -9999.000000 -9999.000000 -9999.000000 -9999.000000 -9999.000000 -9999.000000 -9999.000000 -9999.000000 -9999.000000 -9999.000000 -9999.000000 -9999.000000 -9999.000000 -9999.000000 -9999.000000 -9999.000000 -9999.000000 -9999.000000 -9999.000000 -9999.000000 -9999.000000 -9999.000000 0.024651 0.030479 0.019937 -9999.000000 -9999.000000 -9999.000000 -9999.000000 -9999.000000 -9999.000000 -9999.000000 0.020897 0.119588 1.173972 0.125436 0.109688 0.079018 0.557350 0.584832 0.064446 0.035011 0.136254 1.180078 1.182524 1.181876 0.046495 0.023613 0.047213 0.055416 0.063942
-9999.000000 -9999.000000 -9999.000000 -9999.000000 -9999.000000 -9999.000000 -9999.000000 -9999.000000 -9999.000000 -9999.000000 -9999.000000 -9999.000000 -9999.000000 -9999.000000 -9999.000000 -9999.000000 -9999.000000 -9999.000000 -9999.000000 -9999.000000 -9999.000000 -9999.000000 -9999.000000 -9999.000000 -9999.000000 -9999.000000 -9999.000000 -9999.000000 -9999.000000 -9999.000000 -9999.000000 -9999.000000 -9999.000000 -9999.000000 -9999.000000 -9999.000000 -9999.000000 -9999.000000 -9999.000000 -9999.000000 0.019539 0.126793 1.158616 0.162926 0.159326 0.126547 0.568497 0.567663 0.117959 0.020850 0.029610 0.173179 0.031822 0.044319 0.062630 0.028313 0.023705 0.051491 0.100133
-9999.000000 -9999.000000 -9999.000000 -9999.000000 -9999.000000 -9999.000000 -9999.000000 -9999.000000 -9999.000000 -9999.000000 -9999.000000 -9999.000000 -9999.000000 -9999.000000 -9999.000000 -9999.000000 -9999.000000 -9999.000000 -9999.000000 -9999.000000 -9999.000000 -9999.000000 -9999.000000 -9999.000000 -9999.000000 -9999.000000 -9999.000000 -9999.000000 -9999.000000 -9999.000000 -9999.000000 -9999.000000 -9999.000000 -9999.000000 -9999.000000 -9999.000000 -9999.000000 -9999.000000 -9999.000000 -9999.000000 0.028343 0.026039 0.138024 0.177298 0.195656 0.199028 0.017372 0.215615 0.196145 0.034386 0.017372 0.027474 0.040627 0.046592 0.052101 0.023842 0.023033 0.027672 1.130563
-9999.000000 -9999.000000 -9999.000000 -9999.000000 -9999.000000 -9999.000000 -9999.000000 -9999.000000 -9999.000000 -9999.000000 -9999.000000 -9999.000000 -9999.000000 -9999.000000 -9999.000000 -9999.000000 -9999.000000 -9999.000000 -9999.000000 -9999.000000 -9999.000000 -9999.000000 -9999.000000 -9999.000000 -9999.000000 -9999.000000 -9999.000000 -9999.000000 -9999.000000 -9999.000000 -9999.000000 -9999.000000 -9999.000000 -9999.000000 -9999.000000 -9999.000000 -9999.000000 -9999.000000 -9999.000000 -9999.000000 0.025612 0.032616 0.040214 0.148948 0.179834 0.230492 0.017372 0.287499 0.259757 0.039526 0.017372 0.034065 0.385467 0.412255 0.406846 0.030113 0.030052 0.030327 0.156486
-9999.000000 -9999.000000 -9999.000000 -9999.000000 -9999.000000 -9999.000000 -9999.000000 -9999.000000 -9999.000000 -9999.000000 -9999.000000 -9999.000000 -9999.000000 -9999.000000 -9999.000000 -9999.000000 -9999.000000 -9999.000000 -9999.000000 -9999.000000 -9999.000000 -9999.000000 -9999.000000 -9999.000000 -9999.000000 -9999.000000 -9999.000000 -9999.000000 -9999.000000 -9999.000000 -9999.000000 -9999.000000 -9999.000000 -9999.000000 -9999.000000 -9999.000000 -9999.000000 -9999.000000 -9999.000000 -9999.000000 -9999.000000 0.038734 0.043435 0.032463 0.037971 0.273582 0.338602 0.303320 0.262799 0.045281 0.053582 0.032218 1.407248 1.419169 1.424033 0.208276 0.101813 0.207450 0.169214
