use_cases/Flooding_chicago/flooding_data/output/h_3180.asc
ncols 337
nrows 393
xllcorner 428428.000000
yllcorner 4602440.000000
cellsize 26.757400
NODATA_value -9999.000000
[rows 54 to 80 of 393, columns 236 to 294 of 337]
0.037086 0.031349 0.031547 0.042534 0.047570 0.077660 -9999.000000 -9999.000000 -9999.000000 -9999.000000 -9999.000000 -9999.000000 -9999.000000 -9999.000000 -9999.000000 -9999.000000 -9999.000000 -9999.000000 -9999.000000 -9999.000000 -9999.000000 -9999.000000 -9999.000000 -9999.000000 -9999.000000 -9999.000000 -9999.000000 -9999.000000 -9999.000000 -9999.000000 -9999.000000 -9999.000000 -9999.000000 -9999.000000 -9999.000000 -9999.000000 -9999.000000 -9999.000000 -9999.000000 -9999.000000 0.027183 0.037325 1.838434 2.844370 4.848440 5.811460 5.821732 5.852247 5.839822 3.783578 0.086383 0.035515 0.034569 0.085260 1.020610 1.060447 0.074364 2.093828 2.075585
0.251823 0.028328 0.028541 0.056721 0.038230 0.093102 -9999.000000 -9999.000000 -9999.000000 -9999.000000 -9999.000000 -9999.000000 -9999.000000 -9999.000000 -9999.000000 -9999.000000 -9999.000000 -9999.000000 -9999.000000 -9999.000000 -9999.000000 -9999.000000 -9999.000000 -9999.000000 -9999.000000 -9999.000000 -9999.000000 -9999.000000 -9999.000000 -9999.000000 -9999.000000 -9999.000000 -9999.000000 -9999.000000 -9999.000000 -9999.000000 -9999.000000 -9999.000000 -9999.000000 -9999.000000 1.408920 1.716584 1.745948 2.827859 3.841256 3.822163 4.838263 5.852880 5.842417 4.799319 0.075505 0.034783 0.037330 0.077095 1.010063 1.049157 1.001502 3.057216 4.057587
0.245294 0.157096 0.076667 0.272033 0.243446 0.154440 0.067191 0.064445 0.031395 -9999.000000 -9999.000000 -9999.000000 -9999.000000 -9999.000000 -9999.000000 -9999.000000 -9999.000000 -9999.000000 -9999.000000 -9999.000000 -9999.000000 -9999.000000 -9999.000000 -9999.000000 -9999.000000 -9999.000000 -9999.000000 -9999.000000 -9999.000000 -9999.000000 -9999.000000 -9999.000000 -9999.000000 -9999.000000 -9999.000000 -9999.000000 -9999.000000 -9999.000000 -9999.000000 -9999.000000 1.331045 1.656867 2.840953 3.853092 5.871491 5.857716 5.856057 5.857634 6.863057 5.830632 0.058338 0.029137 0.014396 0.066554 1.034579 1.055889 2.020843 3.066148 4.073599
0.174979 0.152108 0.330422 0.331993 0.261864 0.136391 0.127633 0.066993 0.058219 -9999.000000 -9999.000000 -9999.000000 -9999.000000 -9999.000000 -9999.000000 -9999.000000 -9999.000000 -9999.000000 -9999.000000 -9999.000000 -9999.000000 -9999.000000 -9999.000000 -9999.000000 -9999.000000 -9999.000000 -9999.000000 -9999.000000 -9999.000000 -9999.000000 -9999.000000 -9999.000000 -9999.000000 -9999.000000 -9999.000000 -9999.000000 -9999.000000 -9999.000000 -9999.000000 0.025090 1.744863 2.855967 4.905532 7.902801 9.883722 8.881071 6.866642 6.869757 6.863907 5.855551 0.845493 0.059013 0.064674 0.060177 1.039797 1.047652 2.027256 3.064749 3.063424
0.150780 0.123436 0.358376 0.349830 0.222419 0.250588 0.436926 0.277931 0.348718 0.262544 0.202939 -9999.000000 -9999.000000 -9999.000000 -9999.000000 -9999.000000 -9999.000000 -9999.000000 -9999.000000 -9999.000000 -9999.000000 -9999.000000 -9999.000000 -9999.000000 -9999.000000 -9999.000000 -9999.000000 -9999.000000 -9999.000000 -9999.000000 -9999.000000 -9999.000000 -9999.000000 -9999.000000 -9999.000000 -9999.000000 -9999.000000 -9999.000000 -9999.000000 0.477021 1.740976 3.877566 6.890853 8.861795 10.865209 9.847531 7.856829 6.858919 6.853070 4.822536 1.855083 0.811306 0.051178 1.002973 2.034426 2.038156 2.028306 2.062061 1.929228
0.022011 0.058007 0.340431 0.368489 0.020942 0.157584 0.071283 0.149558 0.346998 0.358794 1.361458 0.272948 0.018882 0.024514 0.014396 -9999.000000 -9999.000000 -9999.000000 -9999.000000 -9999.000000 -9999.000000 -9999.000000 -9999.000000 -9999.000000 -9999.000000 -9999.000000 -9999.000000 -9999.000000 -9999.000000 -9999.000000 -9999.000000 -9999.000000 -9999.000000 -9999.000000 -9999.000000 -9999.000000 -9999.000000 -9999.000000 -9999.000000 0.028866 1.734972 3.833576 5.868570 9.898693 10.862367 9.857544 8.875325 8.875590 6.861593 4.804467 1.910029 1.934309 1.996439 1.983121 2.008390 3.029853 2.001083 0.902292 0.288445
0.033745 0.258355 0.289481 0.036949 0.022697 0.037987 0.038292 0.077706 0.310876 2.376614 3.383183 3.387755 2.398356 1.365092 0.291749 0.019310 0.014396 -9999.000000 -9999.000000 -9999.000000 -9999.000000 -9999.000000 -9999.000000 -9999.000000 -9999.000000 -9999.000000 -9999.000000 -9999.000000 -9999.000000 -9999.000000 -9999.000000 -9999.000000 -9999.000000 -9999.000000 -9999.000000 -9999.000000 -9999.000000 -9999.000000 0.014396 0.027992 0.779867 2.858181 4.841706 9.856048 9.844719 8.857351 8.863278 9.870171 7.866367 4.839987 1.861854 0.913281 2.023366 2.007861 2.011493 2.017508 0.898184 0.292908 1.378183
0.095603 0.160866 0.042946 0.033562 0.020180 0.027764 0.193922 2.350797 3.372813 5.379481 6.369155 6.377327 4.382826 2.360136 0.321681 0.261340 0.030965 0.014396 -9999.000000 -9999.000000 -9999.000000 -9999.000000 -9999.000000 -9999.000000 -9999.000000 -9999.000000 -9999.000000 -9999.000000 -9999.000000 -9999.000000 -9999.000000 -9999.000000 -9999.000000 -9999.000000 -9999.000000 -9999.000000 -9999.000000 0.040085 0.069316 0.828319 1.899437 2.861607 3.887711 6.850724 6.877493 7.858969 9.867989 9.874161 7.873213 4.855873 1.874275 0.840464 0.036694 0.994147 2.005191 1.980408 0.213525 0.290356 1.361837
0.138561 0.086937 0.037956 0.029000 0.017372 0.036675 0.185240 2.352096 4.361565 5.364161 5.363580 6.369328 4.383730 2.359524 1.330251 2.316208 3.322005 1.321985 0.018887 0.180053 0.020515 0.018547 -9999.000000 -9999.000000 -9999.000000 -9999.000000 -9999.000000 -9999.000000 -9999.000000 -9999.000000 -9999.000000 -9999.000000 -9999.000000 -9999.000000 -9999.000000 -9999.000000 -9999.000000 0.048561 0.067836 0.819378 1.864807 2.867261 3.884420 5.879263 6.873862 7.860894 9.864316 9.865496 7.870539 6.869983 2.865677 0.814687 0.039763 0.017372 0.161766 0.183966 0.247795 0.282361 0.062021
0.756652 0.071291 0.042290 0.040260 0.017372 0.019463 0.020912 0.286934 1.296468 2.307580 1.323340 2.318596 2.330231 2.354777 3.309328 4.329416 4.339333 2.328108 0.318818 0.280900 0.198279 0.023888 0.017967 0.030143 0.326274 0.300521 -9999.000000 -9999.000000 -9999.000000 -9999.000000 -9999.000000 -9999.000000 -9999.000000 -9999.000000 -9999.000000 -9999.000000 -9999.000000 0.051704 0.066441 0.819751 1.862343 2.867520 3.882203 5.850718 7.859456 8.855591 9.854255 7.865209 7.862377 7.853778 3.865408 0.807007 0.031369 0.017372 0.202434 0.056694 0.094002 0.109352 0.059761
0.091484 0.037360 0.028007 0.041115 0.029121 0.032128 0.036279 0.412377 0.446969 0.452710 0.449966 0.453108 0.448943 1.345825 3.314278 5.322053 4.352639 2.343739 0.323842 0.287093 0.219433 0.040376 0.021034 0.017967 0.485482 0.513328 0.511116 0.521458 0.503385 0.472595 0.868469 1.493161 3.051500 2.087751 1.037301 0.182109 0.030993 0.018272 0.064536 0.034095 1.841614 2.869324 3.882903 4.847805 5.844175 6.849713 6.853838 6.856753 6.850786 6.844111 3.872135 1.846449 0.805158 0.190677 0.198312 0.077401 0.111900 0.125556 0.077080
0.043618 0.033517 0.030006 0.028222 0.048835 0.050427 1.445162 2.502517 2.498629 1.500803 1.500414 1.504883 0.484398 0.020515 1.330339 2.332792 3.346605 2.342301 0.022591 0.022591 0.145065 1.170522 0.037592 0.040319 0.604494 1.679597 2.801901 3.856709 3.855215 3.867226 2.596988 3.272075 3.668004 2.170177 1.384864 0.338755 0.041669 0.021858 0.055351 0.838462 1.871508 3.850177 3.848229 3.842783 3.855643 4.840325 4.855462 4.846076 3.841999 3.835636 2.861672 0.818743 0.810569 0.136382 0.150189 0.072089 0.040459 0.057396 0.084009
0.053078 0.018441 0.023522 0.038643 0.047965 0.375105 1.466576 3.491132 3.489870 3.497087 3.497086 2.490386 0.486913 0.032031 0.033777 0.259414 1.294089 1.292748 0.022591 0.022591 1.091706 2.064770 2.149534 2.142370 1.925929 2.574968 3.737456 3.815800 3.767254 3.804614 2.654729 3.436825 3.367786 2.376323 1.515212 0.471259 0.044036 0.022317 0.055490 0.808815 1.868276 2.695864 2.776518 2.873495 2.846851 2.853412 3.840617 2.855385 1.859080 2.854818 1.863902 0.797870 0.040815 0.047325 0.035515 0.053246 0.027867 0.036293 0.041649
0.032601 0.056847 0.049705 0.097724 0.048973 0.076498 1.427021 2.485981 3.490340 3.492373 3.493977 1.496864 0.496543 0.035026 0.039232 0.022164 1.295867 1.285678 0.180369 1.126576 1.109989 2.088187 3.112647 3.162516 1.863016 1.771312 2.774081 3.788768 2.797684 2.788887 3.750304 3.632865 4.555539 3.519447 2.731129 1.695278 0.038446 0.021858 0.063935 0.865977 1.906267 1.910369 1.895736 2.802171 1.762317 1.805035 1.782833 1.773960 0.890328 0.836446 0.846430 0.053670 0.065202 0.038948 0.041862 0.039055 0.030464 0.020134 0.034080
0.031334 0.051155 0.047829 0.106591 0.105066 0.123437 0.329266 1.467894 1.489548 1.488674 0.489550 0.489498 0.489654 0.033654 0.028237 0.213405 0.238808 2.160439 2.168651 2.172063 3.170964 3.170565 3.160159 3.181067 0.991349 1.576983 2.712947 2.828374 3.815751 3.827163 3.787399 3.707515 3.652122 2.626138 3.749447 2.712582 0.669110 0.018272 0.085576 2.027636 1.992968 3.081120 3.080689 1.973482 0.945354 0.855682 0.948730 0.955494 0.955294 0.055412 0.088104 1.092667 0.067553 0.037682 0.026360 0.027733 0.017372 0.017372 0.020180
0.055733 0.033074 0.018257 0.022560 0.035836 0.049954 0.051171 0.377983 0.456557 0.022941 0.025142 0.034065 0.036569 0.034425 0.177281 0.199908 1.183928 2.199086 2.192391 2.179291 3.165570 4.184255 4.203526 4.221095 1.047265 0.925442 1.733725 2.716098 3.746454 3.807093 3.814506 3.752204 3.688556 3.720970 3.721630 3.708453 0.682747 0.093100 1.142715 3.098716 5.144934 5.155116 4.111786 2.005747 0.973927 0.066724 0.989246 0.990980 0.994282 0.055019 0.080184 1.084926 1.084572 0.029747 0.032097 0.032418 0.020134 0.046260 0.031426
0.059853 0.038490 0.040428 0.024589 0.040713 0.049065 0.046210 0.052445 0.492927 0.511939 0.511520 0.036568 0.043423 0.029707 1.198791 1.215901 2.206578 2.211774 2.196742 2.182961 3.149479 4.152855 4.184795 5.201468 3.241734 2.113269 1.941437 1.899336 2.775092 3.800557 3.854794 3.798062 3.744733 4.778680 5.831481 4.708809 1.836573 1.867473 3.023363 4.010706 6.041531 6.040742 5.019621 1.977254 1.024602 1.112418 1.032726 1.024127 1.026507 0.071321 1.104029 1.099070 1.082011 0.043246 0.040509 0.020363 0.046440 0.037055 0.127496
0.142620 0.036446 0.039544 0.031715 0.026122 0.033042 0.046318 0.040581 0.041741 0.515115 0.524109 0.035066 0.036461 0.163511 1.193512 3.206459 3.222606 2.201556 2.191495 2.167842 2.133958 2.160940 4.166693 5.195071 5.246171 4.221684 3.137305 1.930204 2.674452 2.797361 3.867368 4.887713 5.854270 6.801146 7.848124 5.771541 2.774538 1.918289 3.066107 4.024623 5.045331 6.034671 5.016228 3.103850 2.131201 2.143814 2.132452 1.069384 1.070860 2.101428 1.097914 2.095704 1.084349 0.060511 0.033180 0.021171 0.065087 0.076699 0.122582
2.162042 0.136863 0.066458 0.035774 0.017372 0.026436 0.030006 0.044426 0.053200 0.514340 0.524729 0.032436 0.034352 1.212529 3.223500 4.224507 4.230221 2.220060 1.217994 0.170575 0.189922 1.038900 3.143897 5.196302 6.222388 6.235072 5.227029 3.063931 0.760043 1.760330 3.845058 5.799113 7.776161 7.765356 7.771999 4.731837 2.812217 1.818503 0.893457 2.000536 4.023757 5.075737 6.107779 4.141582 3.144984 3.154719 2.114374 2.133360 1.092263 3.106272 3.111602 3.103371 2.090054 0.832037 0.068623 0.042504 0.076637 0.093117 0.062979
0.681293 0.063531 0.064141 0.039818 0.017372 0.032249 0.032159 0.037148 0.058934 0.510495 0.518806 0.020607 0.172238 1.209899 3.207141 4.202445 4.209420 3.211615 1.206679 0.026548 0.216726 0.286528 1.966155 5.102949 6.140141 6.145872 5.089768 2.008693 0.210321 0.651515 3.598502 4.652801 5.676178 6.693664 5.656232 2.678268 0.599239 0.044596 0.021134 0.049236 1.929247 5.001962 7.064989 4.114495 3.116211 3.126857 3.125132 2.077225 2.058540 2.099559 3.096673 2.094411 1.093435 0.077578 0.077331 0.029045 0.145988 0.078728 0.045890
0.041863 0.057824 0.042480 0.051705 0.021812 0.028390 0.050117 0.121773 0.083288 0.476571 0.467374 0.375873 1.211196 1.231806 1.242381 2.176974 3.208075 3.219935 1.202256 0.039685 0.029502 0.358896 1.216413 2.977923 4.112271 4.875988 3.190492 2.000942 0.316791 0.331552 1.916855 2.446213 2.421912 2.431490 2.275062 0.534789 0.026906 0.017372 0.017372 0.020301 0.870107 3.973713 5.927661 4.078684 3.119988 3.125869 2.113521 1.109690 0.070583 0.059073 0.886400 0.067790 0.027153 0.032737 0.026665 0.037300 0.135794 0.135506 0.052673
0.020134 0.039574 0.032417 0.020667 0.033257 0.033333 0.038140 0.149168 0.536067 0.500133 0.464462 0.395584 0.305690 1.224528 1.244895 1.248543 2.226268 2.208724 0.270569 0.028560 0.035982 1.507304 2.452225 2.365066 3.330876 3.323047 3.272844 2.107263 1.437761 1.485631 3.392584 2.106718 1.046591 0.527627 1.402231 0.381577 0.032047 0.058523 0.063087 0.378315 1.973031 3.980692 4.024614 3.031931 3.129885 2.164889 1.112964 0.096482 0.029915 0.037789 0.039268 0.041451 0.017372 0.017372 0.032554 0.071817 0.612405 2.813462 2.859306
0.017372 0.017372 0.029488 0.031150 0.047081 0.041985 0.099509 0.255196 0.147957 0.088452 1.395481 0.369916 0.292858 1.219563 1.239721 2.257704 1.231048 0.019295 0.388635 0.397013 1.539719 3.589611 2.478999 2.401176 3.380356 3.376072 4.383197 3.261838 2.447250 2.484857 4.497810 3.232721 1.416919 1.684430 1.565734 1.602644 0.627801 0.050140 0.570268 1.387919 3.130339 4.129665 3.240772 2.172273 3.142082 2.231088 0.149259 0.030384 0.022377 0.021751 0.018241 0.041480 0.038552 0.035469 0.027306 0.078524 2.717958 4.829880 5.859888
0.024986 0.024986 0.041510 0.040751 0.083061 0.193713 0.150444 0.338588 0.033272 0.085461 0.260514 0.303653 1.203980 2.231847 2.251700 2.251894 0.200051 0.025703 1.448968 2.383967 3.509436 3.522463 3.545263 3.441648 3.402531 3.412919 4.422861 4.391994 4.429055 4.440507 4.363571 4.329270 3.579174 2.723902 2.729842 2.591885 0.586974 0.060522 0.548465 2.013662 3.145264 3.969219 3.145335 2.143613 3.110130 2.176100 0.043589 0.040000 0.021751 0.054932 0.056997 0.542936 0.562696 0.585385 0.037539 0.088713 2.622229 5.695927 5.780516
0.031168 0.052086 0.044334 0.050074 0.020042 0.034325 0.119820 0.114402 0.043419 0.082664 0.044868 0.051451 0.147767 1.218987 2.243848 2.240466 0.196731 0.027748 1.417611 2.399038 2.478098 3.475475 3.414462 3.370628 3.354461 3.370672 4.346704 4.351143 5.365513 4.317988 3.213003 4.149768 3.498059 3.520183 2.616705 2.421249 0.605303 0.091707 0.639875 1.915623 2.884413 2.955637 2.005084 2.053007 2.060578 1.086451 0.060349 0.031387 0.018241 0.047844 0.055915 0.443629 1.555658 1.625039 1.481609 1.645544 3.648741 4.755577 4.872636
2.909144 2.954925 1.924062 0.935269 0.030327 0.030113 0.053596 0.061898 0.064231 0.064827 0.047370 0.034050 0.044197 1.156533 2.241287 2.264999 0.205416 0.022422 0.263825 1.343109 2.355778 3.234739 2.149900 3.292099 3.296059 3.283564 2.294275 4.325296 4.333689 2.246434 1.166920 2.356729 3.485051 3.407624 2.598363 2.428928 0.822204 1.082876 1.912273 2.230634 1.850150 1.669216 0.766963 0.860402 0.857982 0.136579 0.088230 0.128104 0.038765 0.043815 0.023400 0.468827 1.397826 2.170387 2.264387 2.582733 3.656026 3.876850 2.814983
4.981078 5.004620 3.985966 3.017613 0.030724 0.049058 0.020774 0.053093 0.052833 0.060173 0.029030 0.028419 0.039514 0.064780 0.138161 1.036622 0.147650 0.022651 0.033622 0.203708 1.190117 1.097771 0.541753 0.251401 1.074171 0.995192 1.070565 1.086146 1.057538 0.020742 0.194885 1.277689 2.406060 2.611202 2.702888 2.629599 2.027015 2.122888 3.118326 3.900578 1.770339 0.679959 0.374933 0.284482 0.209216 0.068170 0.111679 0.129391 0.027611 0.028710 0.085804 0.564805 1.437663 1.425311 1.919063 1.596998 1.561271 1.727515 0.696645
