use_cases/Flooding_chicago/flooding_data/output/h_3180.asc
ncols 337
nrows 393
xllcorner 428428.000000
yllcorner 4602440.000000
cellsize 26.757400
NODATA_value -9999.000000
[rows 162 to 188 of 393, columns 236 to 294 of 337]
4.995921 4.981335 4.983443 4.981399 5.015096 1.914769 1.931166 0.810723 2.638710 4.716181 5.756905 4.772542 4.763461 4.737461 3.760247 2.716152 1.681195 1.642885 1.634405 1.620485 2.604646 2.624007 3.618105 3.629128 1.616513 0.609443 0.203104 0.202228 0.032967 0.019677 0.246387 1.298157 1.290231 1.277384 0.196607 0.042229 0.027046 0.036689 0.037437 0.106468 0.092293 0.051949 -9999.000000 -9999.000000 -9999.000000 -9999.000000 -9999.000000 -9999.000000 -9999.000000 -9999.000000 -9999.000000 -9999.000000 -9999.000000 -9999.000000 -9999.000000 -9999.000000 -9999.000000 -9999.000000 -9999.000000
4.983997 4.970821 4.972680 4.971610 5.009086 2.903931 2.924864 1.830456 2.663929 4.701039 6.728460 6.801920 4.764502 3.707977 3.765633 1.703731 1.695077 2.601226 3.648893 4.663867 3.654070 3.658666 3.648118 2.664143 0.575475 0.026892 0.032722 0.047798 0.027244 0.028893 0.033699 0.213276 1.279875 1.271406 0.214433 0.035667 0.058068 0.093848 0.022163 0.120918 0.084449 0.119621 -9999.000000 -9999.000000 -9999.000000 -9999.000000 -9999.000000 -9999.000000 -9999.000000 -9999.000000 -9999.000000 -9999.000000 -9999.000000 -9999.000000 -9999.000000 -9999.000000 -9999.000000 -9999.000000 -9999.000000
4.983012 4.966003 4.970144 5.958670 5.004267 2.885482 2.871781 2.834155 2.774900 4.643907 6.720325 6.796394 4.787407 2.730975 2.753944 1.713150 1.702858 2.577428 4.610674 5.643699 4.645289 4.658475 3.642799 2.651135 1.642838 0.530768 0.043388 0.027840 0.038521 0.027107 0.039314 0.026298 0.193407 1.150912 1.078892 1.109556 1.146469 0.080164 0.109703 0.112907 0.081886 0.119240 -9999.000000 -9999.000000 -9999.000000 -9999.000000 -9999.000000 -9999.000000 -9999.000000 -9999.000000 -9999.000000 -9999.000000 -9999.000000 -9999.000000 -9999.000000 -9999.000000 -9999.000000 -9999.000000 -9999.000000
4.976346 3.962711 4.953516 4.958195 3.991053 1.891333 2.803607 2.817609 2.765272 2.765328 4.688410 4.778339 3.775498 2.766815 1.734714 1.720407 1.705862 2.523943 3.613935 4.633033 4.635527 4.645933 3.633288 3.649552 1.648260 0.528295 0.052055 0.032189 0.033271 0.053856 0.179054 0.019005 0.175519 1.208010 2.119109 2.174616 0.158895 0.080299 0.111106 0.115700 0.094779 0.053139 0.063881 -9999.000000 -9999.000000 -9999.000000 -9999.000000 -9999.000000 -9999.000000 -9999.000000 -9999.000000 -9999.000000 -9999.000000 -9999.000000 -9999.000000 -9999.000000 -9999.000000 -9999.000000 -9999.000000
3.968586 3.959390 3.968519 3.986587 1.957302 1.915760 1.884006 1.830125 1.790398 2.678258 2.737968 2.754466 3.750246 2.748983 2.760097 2.755037 2.746638 1.588790 1.621426 2.633376 2.637149 2.642684 2.634245 2.626778 0.514811 0.031192 0.024224 0.030708 0.026620 0.044411 0.107354 0.126674 0.014396 0.142699 1.124652 1.104253 0.028694 0.024543 0.030098 0.025474 0.097786 0.066826 0.056491 -9999.000000 -9999.000000 -9999.000000 -9999.000000 -9999.000000 -9999.000000 -9999.000000 -9999.000000 -9999.000000 -9999.000000 -9999.000000 -9999.000000 -9999.000000 -9999.000000 -9999.000000 -9999.000000
2.950809 2.942993 2.949172 2.960496 1.955883 1.922275 1.882029 1.793930 1.779254 1.756537 1.747670 2.741165 2.763158 2.761321 2.767114 2.768123 1.744729 0.052761 0.039029 0.622135 0.614042 1.632207 2.628980 2.630635 0.025536 0.018181 0.022164 0.058275 0.045601 0.037422 0.287194 0.066888 0.082405 0.107589 0.089984 0.906951 0.028771 0.024773 0.030891 0.030143 0.024147 0.022438 0.029030 -9999.000000 -9999.000000 -9999.000000 -9999.000000 -9999.000000 -9999.000000 -9999.000000 -9999.000000 -9999.000000 -9999.000000 -9999.000000 -9999.000000 -9999.000000 -9999.000000 -9999.000000 -9999.000000
1.870101 1.953024 1.977883 1.990994 1.972894 1.945233 1.894616 0.735182 0.683059 0.651805 0.696791 1.739138 1.735791 2.749242 2.750599 2.745630 1.715662 0.054303 0.040345 0.035651 0.595232 0.585387 1.603863 0.556680 0.023827 0.025453 0.063848 0.061452 0.077746 0.021980 0.236485 0.221356 0.057672 0.077812 0.055549 0.679787 0.033347 0.043602 0.052498 0.053860 0.031090 0.018226 0.027871 -9999.000000 -9999.000000 -9999.000000 -9999.000000 -9999.000000 -9999.000000 -9999.000000 -9999.000000 -9999.000000 -9999.000000 -9999.000000 -9999.000000 -9999.000000 -9999.000000 -9999.000000 -9999.000000
1.062512 1.952417 2.013922 2.031913 2.023391 2.046710 1.025747 0.114279 0.078252 0.067306 0.077208 0.710173 1.745696 2.750600 2.752430 2.748992 1.747122 1.750628 1.767699 0.030380 0.561180 0.552516 0.510727 0.447019 0.296068 0.803166 1.904961 0.939968 0.048771 0.035455 0.166001 0.163838 0.036067 0.042246 0.075430 0.872249 0.738090 0.039368 0.055339 0.063134 0.043222 0.027809 0.032173 0.025887 -9999.000000 -9999.000000 -9999.000000 -9999.000000 -9999.000000 -9999.000000 -9999.000000 -9999.000000 -9999.000000 -9999.000000 -9999.000000 -9999.000000 -9999.000000 -9999.000000 -9999.000000
1.081533 1.914878 2.019094 3.074165 1.965477 1.950755 0.943321 0.107475 0.029566 0.027961 0.074569 0.650401 2.727844 2.744597 2.752154 2.753527 2.758214 2.759495 1.758843 0.727611 0.589049 0.534789 0.465516 0.367740 0.850128 1.929680 2.955522 1.953754 0.067425 0.038852 0.966589 1.008265 1.024216 1.011253 1.948189 1.969277 3.949753 3.978869 2.997065 2.983645 1.962790 0.042127 0.023109 0.476329 -9999.000000 -9999.000000 -9999.000000 -9999.000000 -9999.000000 -9999.000000 -9999.000000 -9999.000000 -9999.000000 -9999.000000 -9999.000000 -9999.000000 -9999.000000 -9999.000000 -9999.000000
1.148596 1.821077 3.021701 3.072133 0.900251 0.097088 0.101844 0.050881 0.044193 0.039070 0.074632 0.649690 2.744156 3.750171 2.761811 2.765598 2.755553 2.772272 2.783291 1.789042 0.016902 0.420067 0.328514 1.035491 1.023499 1.832535 2.949769 1.984112 0.757886 0.512838 1.815551 3.011810 3.044335 3.025910 2.998323 3.951172 5.969547 5.995621 6.016236 5.015468 2.986729 1.954529 0.724516 0.752511 0.481431 -9999.000000 -9999.000000 -9999.000000 -9999.000000 -9999.000000 -9999.000000 -9999.000000 -9999.000000 -9999.000000 -9999.000000 -9999.000000 -9999.000000 -9999.000000 -9999.000000
1.125574 1.711310 2.983272 0.929948 0.024545 0.027413 0.116386 0.048165 0.066416 0.048333 0.045555 0.128210 1.695600 3.734648 3.754887 2.750705 1.734794 2.741896 2.745719 1.743488 0.651453 0.470238 1.119429 1.099516 1.042570 0.979346 0.896773 0.966417 0.014396 0.333916 2.805437 3.998437 5.002565 5.001693 4.976286 4.987291 7.956772 7.996219 6.995707 6.006541 4.001807 1.937059 1.928394 0.463198 0.266599 0.183980 -9999.000000 -9999.000000 -9999.000000 -9999.000000 -9999.000000 -9999.000000 -9999.000000 -9999.000000 -9999.000000 -9999.000000 -9999.000000 -9999.000000 -9999.000000
0.893458 0.709758 0.751395 0.031824 0.014396 0.023384 0.063271 0.084333 0.090630 0.017372 0.020134 0.228480 0.593117 1.633029 1.670884 1.681489 0.673920 1.679192 0.634203 0.689272 0.182787 0.131749 0.322897 0.017967 0.021034 0.028856 0.631317 0.711163 0.497963 0.367915 2.771964 4.998862 4.035840 4.017249 4.981651 5.989826 7.000950 7.010507 6.018651 5.023348 4.012250 3.007940 1.990894 0.041701 0.017967 0.030143 -9999.000000 -9999.000000 -9999.000000 -9999.000000 -9999.000000 -9999.000000 -9999.000000 -9999.000000 -9999.000000 -9999.000000 -9999.000000 -9999.000000 -9999.000000
0.508643 0.037178 0.058194 0.027996 0.045114 0.018441 0.087338 0.087141 0.092729 0.017372 0.052435 0.371766 0.317831 0.232324 0.185976 0.190818 0.182320 0.163961 0.183343 0.339154 0.343929 0.217136 0.338665 0.273997 0.017967 0.429920 1.433038 1.427904 1.374718 2.061953 2.837915 3.974816 4.078221 3.026227 3.975744 5.003196 6.008405 6.032861 5.042457 4.015894 4.007288 4.016420 3.012757 0.043457 0.021034 0.017967 0.020378 0.305896 -9999.000000 -9999.000000 -9999.000000 -9999.000000 -9999.000000 -9999.000000 -9999.000000 -9999.000000 -9999.000000 -9999.000000 -9999.000000
0.028099 0.038421 0.038749 0.886884 1.896394 1.912224 0.856525 0.063957 0.080347 0.064264 0.066107 0.482940 0.394987 0.030723 0.028907 0.207192 0.199315 0.031578 0.028678 0.486104 0.464214 0.263938 0.139464 0.616024 0.023598 0.439288 1.462600 2.520669 1.445871 1.266294 1.761643 1.954470 2.961914 2.978158 2.961343 3.970456 4.984819 4.997382 5.019131 3.980937 3.968302 4.929154 3.957468 1.805722 0.088806 0.051898 0.088317 0.529762 -9999.000000 -9999.000000 -9999.000000 -9999.000000 -9999.000000 -9999.000000 -9999.000000 -9999.000000 -9999.000000 -9999.000000 -9999.000000
0.033134 0.014396 0.045435 1.903779 2.920773 2.920891 1.903481 0.851274 0.075481 0.020378 0.065897 0.646699 0.034636 0.049717 0.042138 0.222371 0.032205 0.051883 0.040916 0.626006 0.649668 0.019852 0.109233 0.605192 0.577693 0.542838 1.490682 2.547915 1.516657 1.476361 0.334967 0.845083 0.874511 1.936456 2.939811 2.940463 3.961919 4.972233 5.005649 3.964805 3.951752 4.944777 3.961435 1.666676 1.332915 1.251806 1.998674 3.112175 1.427862 -9999.000000 -9999.000000 -9999.000000 -9999.000000 -9999.000000 -9999.000000 -9999.000000 -9999.000000 -9999.000000 -9999.000000
1.822647 0.736457 0.770821 1.892814 2.910348 2.886135 1.889069 0.860930 0.027336 0.031181 0.075054 0.733628 0.047905 0.059350 0.022591 0.022591 0.041200 0.748547 1.829704 1.852497 0.784154 0.028548 0.166100 0.608852 0.608431 0.588910 1.513529 2.560426 3.624725 1.531958 0.449440 0.404657 0.365481 0.804247 1.905809 2.894276 3.930019 4.934093 4.960405 4.932711 4.906058 4.937093 3.737548 3.414682 3.423252 4.292508 4.366643 4.351990 3.062085 1.252523 -9999.000000 -9999.000000 -9999.000000 -9999.000000 -9999.000000 -9999.000000 -9999.000000 -9999.000000 -9999.000000
3.862811 2.795869 2.771619 1.887814 0.925462 1.918977 1.890333 0.055756 0.035713 0.035744 0.084994 0.845452 0.886099 0.040290 0.022591 0.022591 1.774548 2.817683 3.830982 2.820398 1.772179 0.587209 0.351760 0.611242 1.568831 1.628291 1.580828 3.557879 4.621343 1.562520 0.503464 0.467509 0.437849 0.349728 0.824109 2.852220 3.928046 4.902644 4.929602 4.883371 4.869083 4.909333 3.694646 4.392291 4.511393 5.347493 5.465028 4.298543 2.803213 2.387393 1.582959 -9999.000000 -9999.000000 -9999.000000 -9999.000000 -9999.000000 -9999.000000 -9999.000000 -9999.000000
3.863297 2.833382 2.834768 1.906742 0.896088 0.881313 0.855730 0.082902 0.041359 0.039498 0.961202 1.902908 1.937437 0.938341 0.058987 0.059524 2.783748 4.829221 4.841416 2.827703 0.709112 0.552712 0.336749 1.540898 1.596681 1.609734 2.554549 3.509831 3.581136 2.569142 2.605729 1.562392 1.590900 0.405846 0.846973 2.868542 4.978306 3.977780 3.888362 2.814567 3.671146 3.822245 2.633563 3.312443 4.448171 4.334732 4.347347 3.263844 1.796105 1.455676 1.222330 -9999.000000 -9999.000000 -9999.000000 -9999.000000 -9999.000000 -9999.000000 -9999.000000 -9999.000000
3.811854 2.792649 1.772313 0.056954 0.074911 0.097235 0.102550 0.033135 0.055030 0.046394 1.930719 2.867603 2.937399 0.924772 0.908010 0.881024 3.759693 5.806329 4.834131 2.841806 0.794209 0.028854 0.154989 0.524505 1.542296 1.602266 2.576288 1.588192 1.590199 2.498286 2.556472 3.486573 2.557619 1.381100 1.088040 1.925832 4.971180 4.044055 2.037652 2.005622 1.970235 1.917936 1.782806 3.345532 4.613970 3.748177 1.397570 1.203921 0.913514 1.270872 1.515963 0.254357 -9999.000000 -9999.000000 -9999.000000 -9999.000000 -9999.000000 -9999.000000 -9999.000000
3.750999 3.726655 1.690960 0.046150 0.014396 0.111107 0.092119 0.037086 0.023567 0.022942 0.058657 1.885090 2.918352 1.963487 0.915441 0.896221 2.742753 3.804785 3.827196 2.850264 0.810161 0.037282 0.093336 0.583233 0.642417 1.521914 2.584934 1.605228 1.594722 2.476322 2.552721 2.541083 2.580095 1.512742 0.297775 2.809557 3.905410 3.066920 2.042761 2.015539 3.051059 1.918915 2.587911 4.452173 4.688721 3.769005 1.429044 1.182373 0.793914 1.158992 1.233927 -9999.000000 -9999.000000 -9999.000000 -9999.000000 -9999.000000 -9999.000000 -9999.000000 -9999.000000
2.705664 2.648761 2.438550 0.357831 0.040233 0.069525 0.061699 0.031288 0.027366 0.023507 0.021736 0.702765 2.884884 3.970333 2.961899 1.880399 2.804679 2.838434 2.864437 1.871078 0.814470 0.034441 0.053580 1.589021 1.738402 1.639982 2.563311 2.683434 2.712775 1.553271 1.557370 1.476889 1.466691 1.397233 1.198459 1.956245 3.100358 4.160699 4.270339 3.139805 2.986767 2.950662 2.642517 4.342094 4.604154 3.654408 2.576378 1.148806 2.147233 2.361482 3.465273 0.857593 -9999.000000 -9999.000000 -9999.000000 -9999.000000 -9999.000000 -9999.000000 -9999.000000
0.073080 1.472507 3.297570 1.178939 0.157367 0.143712 0.117151 0.035814 0.019310 0.031288 0.051427 1.813464 3.901253 3.933207 2.901012 2.869319 2.863973 1.836293 1.819073 1.856442 0.632844 0.411488 1.465162 1.648981 1.693625 1.656883 2.538673 2.676772 2.702563 1.601552 1.670281 0.591008 0.543816 0.462721 1.025621 2.026418 3.101546 4.110160 4.165677 4.197474 2.976616 2.834764 2.380945 2.361256 2.500030 2.523554 2.539161 1.115711 2.134911 2.345885 3.445472 1.028920 -9999.000000 -9999.000000 -9999.000000 -9999.000000 -9999.000000 -9999.000000 -9999.000000
0.047982 0.391406 2.271152 1.989476 2.064381 0.978234 1.003164 0.993940 0.032499 0.042711 1.821811 3.894096 3.916598 2.949978 1.904679 1.864205 1.834177 1.869627 0.758972 0.673330 0.818269 1.285927 1.540145 1.752686 1.733598 1.680868 2.469947 2.715925 1.618515 1.588674 1.616088 1.659092 0.564515 0.488705 0.358789 1.929539 3.114062 4.125061 4.179058 4.177743 3.051411 2.929254 0.565722 0.405286 1.400880 1.457204 0.355614 0.181729 1.229595 2.285940 2.367401 1.206726 0.111872 -9999.000000 -9999.000000 -9999.000000 -9999.000000 -9999.000000 -9999.000000
0.048026 0.053275 0.264882 2.002205 2.242953 2.077761 2.087843 3.029205 2.008120 2.002463 3.814928 4.945168 3.985434 3.001524 1.988769 0.872321 0.825324 0.796013 0.736908 0.625201 2.277972 2.491380 1.811302 2.732504 1.707025 1.669691 1.563197 1.596989 1.556126 2.406990 2.529668 2.541495 2.603722 0.498345 0.426675 1.890329 3.035694 4.068304 4.176600 4.127829 3.040819 2.086989 0.193860 0.085421 0.521689 0.538626 0.027930 0.027396 0.201780 0.210197 0.231411 0.176459 0.024025 -9999.000000 -9999.000000 -9999.000000 -9999.000000 -9999.000000 -9999.000000
0.071206 0.049949 0.043520 1.038006 1.184435 2.083991 2.124106 3.011483 3.049957 3.017306 3.798293 4.910029 4.994466 4.003379 3.015137 0.866243 0.814490 0.783086 0.719149 1.124816 2.118038 2.214335 0.692504 1.342433 1.532798 1.605134 0.522086 0.513954 1.394047 3.413257 3.500632 3.507288 3.522919 2.448993 2.452924 2.221887 2.252573 3.173375 4.254871 3.275667 2.224774 2.173306 1.353991 0.014396 0.204753 0.214964 0.017372 0.017372 0.234563 0.025276 0.033043 0.034249 0.028923 0.038672 0.046822 -9999.000000 -9999.000000 -9999.000000 -9999.000000
0.090523 0.056801 0.047891 1.113239 1.209936 1.184813 1.140629 1.958638 2.033531 2.942762 2.931253 3.864336 3.935526 3.976134 2.957115 1.908770 0.798018 1.434452 2.578054 2.539557 2.129622 0.984653 0.086569 0.080351 0.043251 0.453625 0.493349 0.506906 0.516888 3.421861 4.510155 4.522440 4.531602 4.502862 4.548319 2.301381 2.301415 3.200544 4.297105 3.308779 3.370160 2.262963 2.333496 2.338265 1.321978 1.333860 0.305491 0.277911 0.206806 0.024590 0.014396 0.038841 0.041129 0.029412 0.054481 0.070686 -9999.000000 -9999.000000 -9999.000000
0.081994 0.106087 0.175333 3.153559 3.198143 1.192931 1.153191 1.087576 1.985650 2.008307 1.880915 1.850385 2.829668 2.882893 2.851369 2.780681 2.787257 3.749117 4.805309 3.788767 1.732756 0.035319 0.017967 0.032356 0.040062 0.046981 0.507564 0.030005 0.034416 2.422873 3.479171 4.496567 4.503087 4.493262 3.497693 2.345205 2.334346 3.138737 4.234501 4.316695 3.315273 2.178480 1.295932 2.331760 2.322972 2.333303 2.346495 2.327694 1.317371 0.275161 0.019310 0.284240 0.028602 0.033836 0.041222 0.063347 0.071311 0.061135 0.028617
