use_cases/Flooding_chicago/flooding_data/output/h_3120.asc
ncols 337
nrows 393
xllcorner 428428.000000
yllcorner 4602440.000000
cellsize 26.757400
NODATA_value -9999.000000
[rows 270 to 296 of 393, columns 59 to 117 of 337]
0.093728 0.108894 0.115197 0.059868 0.033821 0.035835 0.086280 0.047141 0.224586 0.040276 0.022591 0.022591 0.061256 0.040169 1.280115 2.286980 2.282751 1.284997 0.211342 0.017372 0.031639 0.333565 0.192711 0.033485 0.025581 0.033959 0.042183 0.042843 0.829108 3.057802 3.078758 2.082323 3.093086 3.048400 1.131701 1.159015 1.136367 1.120219 1.070066 1.058311 0.114174 0.210319 0.225208 0.177644 0.962989 0.925703 0.959492 2.000858 1.988280 1.990044 3.028315 3.022111 3.015767 2.071882 2.077188 2.070105 2.068069 2.061571 2.060877
0.052910 0.055198 0.061103 0.082009 0.034112 0.034721 0.060845 1.332895 1.322468 0.297450 0.054863 0.071983 0.066032 0.059029 1.267783 3.289831 3.287193 2.291892 0.247215 0.017372 0.026329 0.419045 0.061988 0.025704 0.033257 0.026878 0.036553 0.043077 0.830588 2.047348 3.094419 3.126722 3.101209 4.069946 2.022537 1.151519 1.150180 1.119489 1.054415 0.049475 0.014396 0.296671 0.299487 0.271240 0.226953 0.228805 0.115629 0.951478 0.917548 0.910099 1.943723 1.942137 2.052856 2.031147 2.047326 1.033156 1.027271 0.999142 1.071549
0.076011 0.073555 0.076164 0.085258 0.032524 0.032708 0.049994 1.342295 1.338708 0.297063 0.048912 0.063667 0.051171 0.045724 1.264519 3.278908 3.277091 2.287541 0.230705 0.152168 0.670233 0.613975 0.123024 0.027397 0.041466 0.033226 0.032723 0.049645 0.047188 0.077725 2.058734 3.070920 3.063233 4.027966 2.886296 2.216973 2.229435 1.091799 0.171970 0.018625 0.414441 0.377111 0.362986 0.331294 0.314646 0.317518 0.025160 0.026427 0.127280 0.205696 1.070903 1.111370 2.001879 1.097635 1.081283 0.110736 0.109845 0.179461 1.113460
0.069283 0.057579 0.057275 0.062843 0.025383 0.025444 0.041207 1.341078 1.336631 0.294198 0.044334 0.050163 0.356666 0.352013 2.273840 2.285300 0.244193 0.233604 0.217736 0.153527 1.658049 0.599509 0.131463 0.186325 0.035301 0.027168 0.033363 0.033211 0.039956 0.051471 0.113961 1.007119 2.081579 2.044393 2.023007 2.058291 2.112596 1.074584 0.262752 0.023342 0.410922 1.381585 1.411906 0.358847 0.347467 0.352900 0.031853 0.038490 0.030564 0.317109 1.101945 1.194732 1.187049 1.088930 0.098874 0.114259 0.014396 0.258402 1.087195
0.043175 0.079689 0.070870 0.070443 0.068097 0.030586 0.028343 1.339349 1.334132 0.292000 0.046028 0.058830 0.045739 0.033654 1.271921 0.221672 0.024834 0.027946 0.019447 0.160606 0.634376 0.083214 0.027687 0.034874 0.036506 0.053169 0.080952 0.049919 0.058342 0.032952 0.099190 0.183978 0.943439 0.991648 0.956614 1.152340 2.309395 2.339765 1.389257 0.027654 0.438448 0.426298 0.403591 0.357181 0.348186 0.353063 0.025470 0.029094 0.527642 1.482924 2.322251 2.408380 1.383111 0.342865 0.025982 0.027038 0.366344 0.367985 0.288419
0.056478 0.080254 0.272073 0.274223 0.079430 0.102745 0.211540 1.346516 1.336142 0.288342 0.047906 0.061730 0.058463 0.048653 0.029854 0.025826 0.029457 0.025001 0.241097 0.230492 0.190865 0.020180 0.017372 0.017372 0.038903 0.036155 0.047432 0.054192 0.048653 0.189720 0.209190 0.162514 0.413105 0.020348 0.114638 1.132829 2.367202 3.477209 3.465628 0.538893 0.484976 0.465085 0.429417 0.038189 0.045771 0.033547 0.539127 0.552852 1.537797 1.478385 2.241114 2.278808 1.384547 0.411307 0.034172 0.039708 0.027032 0.423332 0.329711
0.088570 0.058052 0.307241 0.311897 0.272721 0.155415 0.152686 0.231712 0.244317 0.031411 0.052696 0.059211 0.054375 0.035667 0.236931 0.258125 1.293020 1.299462 1.292748 0.252312 0.241540 0.253167 0.027229 0.033025 0.028159 0.112465 0.073418 0.108171 0.139107 0.217384 1.286338 1.322776 0.219673 0.023583 0.040957 0.328073 3.572452 6.618180 5.542441 1.597231 0.534088 0.520747 0.042225 0.064193 0.068690 0.048241 0.545694 0.553187 1.543413 1.531102 0.473491 0.473740 1.445155 0.486483 0.034447 0.033859 0.025882 0.518633 0.050045
0.061439 0.171317 0.222012 0.240318 0.251627 0.110452 0.099892 0.163080 0.164847 0.028252 0.039802 0.042625 0.034493 0.561256 0.172004 0.248039 1.292476 1.293373 1.290975 0.254188 0.239603 0.244315 0.187326 0.160996 0.141304 0.070839 1.182794 0.134941 0.173867 0.217309 1.277017 1.311272 0.225995 0.022591 0.022591 0.038726 3.487859 6.528610 5.467824 2.564520 1.570434 0.527211 0.063489 0.078455 0.086883 0.018088 0.543221 0.559678 1.568500 1.559291 1.597841 1.598055 1.533328 0.544785 0.034052 0.619151 0.623387 0.595522 0.059187
0.082146 0.890285 0.963418 0.956325 0.176140 0.179360 0.085838 0.070199 0.195611 0.035347 0.051369 0.064323 0.041038 0.550881 0.106304 0.025643 0.030296 1.299498 1.295447 0.251686 0.028053 0.024803 0.206611 0.194816 0.155368 0.076912 1.184044 0.151607 0.077988 0.078454 0.056160 0.047523 0.047066 0.022591 0.022591 0.044101 2.516943 5.504244 5.453202 2.560946 1.547639 0.534710 0.070759 0.079376 0.021660 0.021660 0.031814 0.540238 1.613031 2.645399 3.648749 2.635357 2.632396 1.630377 0.623321 0.624566 0.625569 0.595129 0.069525
0.918053 0.958950 0.983499 0.983537 0.123452 0.146856 0.145564 0.167947 0.260995 0.243269 0.092948 0.034111 0.475151 0.478643 0.072044 0.030220 0.050698 0.052788 0.051704 0.047021 0.044533 0.028450 0.204215 0.201304 0.014396 0.095635 0.152664 0.155068 0.081992 0.080147 0.057289 0.050484 0.014396 0.038058 0.037791 0.523037 2.556233 4.568757 4.519135 2.572592 1.548880 0.586769 0.582865 0.064337 0.018089 0.057833 0.041150 0.594891 1.609860 2.617965 3.616133 3.624601 3.631503 3.632865 2.627317 1.625351 1.625493 0.612004 0.023506
0.973648 0.937155 0.976150 0.048529 0.098961 0.109835 0.091606 0.590891 0.211951 0.283319 0.123894 0.021691 0.477149 0.471412 0.065910 0.126594 0.053169 0.072960 0.071525 0.060540 0.036751 0.182228 0.182442 0.165153 0.114250 0.048729 0.055030 0.093529 0.121804 0.194474 0.150631 0.130137 0.019310 0.036208 0.453405 1.607390 3.551493 4.514499 4.430854 3.590467 2.623696 2.629658 1.619836 0.583594 0.026040 0.620708 0.636461 0.613082 1.606317 2.614656 2.622553 3.596612 4.609175 4.609737 3.618297 2.615726 1.618635 1.614015 0.022942
0.944641 0.861171 0.023796 0.043283 0.062768 0.058356 0.528610 0.572331 0.636784 0.134301 0.232108 0.313804 0.408578 1.432670 0.275001 0.097191 0.057091 1.079413 1.079322 0.055625 0.212061 0.179129 0.163989 0.140740 0.092369 0.109398 0.082299 0.108116 0.113763 0.139445 0.498972 0.474114 0.501321 0.517417 1.596090 1.590879 2.565907 2.578813 2.515593 3.587294 3.594094 3.592270 2.607631 1.595755 0.549537 0.624330 0.624700 1.642752 2.640438 2.624594 2.628825 2.612868 3.620965 3.614908 2.622935 1.603124 0.630056 0.621573 0.033962
0.021476 0.493284 0.286410 0.252632 0.263450 0.286212 0.415526 0.415097 0.108759 0.170678 0.262750 0.323205 0.371407 0.374825 0.039147 0.037682 0.021492 0.074959 0.071266 0.057304 0.027856 0.132623 0.110986 0.092841 0.059898 0.072412 0.096398 0.059761 0.112335 0.112678 0.468021 1.588283 1.630849 1.638875 1.617345 1.609836 2.579022 2.595821 1.589898 2.529036 2.560496 3.608852 3.617602 2.601408 1.632516 1.640697 1.642173 2.640476 2.626633 2.621510 2.613919 1.594294 3.606552 2.616833 1.612809 0.633680 0.630825 0.620140 0.567757
0.066864 1.000188 0.967097 1.008588 0.168388 0.164834 0.999843 0.232912 0.077288 0.022942 0.023567 0.330757 0.290169 0.033958 0.037696 0.027397 0.036324 0.021309 0.051887 0.037575 0.064965 0.076546 0.281425 0.187188 0.457313 0.032051 0.092354 0.050194 0.054924 0.053059 0.485672 1.617105 2.637436 2.650398 2.634724 2.635290 3.632890 2.615756 1.601507 0.639023 1.636826 2.586615 3.616356 3.628108 2.642039 2.645966 2.647182 3.647627 2.632483 2.627369 1.630640 0.638648 2.645061 3.649301 2.638083 0.650600 0.648775 0.644636 1.681288
1.090263 1.127883 2.095332 1.135762 1.096710 1.099094 2.096851 1.054259 0.022117 0.023506 0.027366 0.267008 0.207360 0.046151 0.050285 0.032539 0.033944 0.059825 0.053611 0.091926 0.125907 0.049720 0.031731 0.103280 0.361825 0.201561 0.112418 0.169665 0.081718 0.098274 0.108296 1.606346 2.633535 2.645601 2.629462 2.634294 3.604300 2.621357 2.638724 0.643935 1.636375 1.631704 2.634366 3.614385 2.644417 2.642400 3.650074 3.642539 2.636627 2.632184 1.642435 1.658281 2.637640 3.643382 2.633526 1.653537 0.651646 0.651503 1.713139
2.094787 2.094135 2.122704 2.114940 2.116803 2.119962 2.126932 1.085344 0.037801 0.039736 0.019309 0.130368 0.421488 0.047172 0.049970 0.031959 0.032356 0.047386 0.067513 0.247836 0.074651 0.036263 0.017967 0.032372 0.029884 0.329644 0.250220 0.163016 0.219933 0.130761 0.209624 0.147407 0.548669 0.543432 0.592424 2.599211 2.564850 2.576831 2.580353 1.677577 1.639573 2.657519 2.640870 2.635722 2.646653 2.644457 3.645260 3.642320 2.636677 2.631958 1.641182 1.647033 2.637920 3.632844 2.631904 2.646781 1.646121 1.635389 0.663779
1.106452 2.115721 2.120049 2.127061 2.125976 2.128816 2.134547 2.112494 1.118263 0.054030 0.103151 0.188229 0.285758 0.041252 0.036843 0.025185 0.025307 0.033349 0.046805 0.180685 0.144172 0.036873 0.021034 0.017967 0.037605 0.024971 0.136438 0.105034 0.175354 0.097755 0.256346 0.250009 0.022591 0.022591 0.614412 1.626855 1.622017 1.624801 1.637285 1.658462 1.643822 2.625176 2.619421 2.635796 2.646256 3.648622 3.646109 3.644350 3.649719 2.636934 2.652439 1.646403 2.638989 2.622075 1.647107 2.659973 2.647535 1.633896 0.663898
1.113522 2.119128 2.119052 2.127705 2.127436 2.132082 2.139566 2.113182 1.133990 1.127286 1.048416 0.195517 0.186608 0.032844 0.050270 0.049812 0.046883 0.035729 0.045357 0.512451 0.568168 0.063439 0.030048 0.020302 0.029136 0.041157 0.157109 0.165590 0.122025 0.331294 0.290023 0.284153 0.022591 0.022591 0.602141 1.619658 1.627436 1.633407 1.646770 1.664638 1.651566 1.654876 1.653143 2.619177 2.642547 2.637217 3.648775 3.645303 3.644549 4.661922 3.656726 2.649482 2.629468 1.650602 2.662366 3.669353 3.652771 2.643021 0.573121
1.106782 2.113201 3.093109 3.109274 3.115083 3.108802 2.130809 2.110776 2.100907 1.123591 1.076903 0.146883 0.107537 0.038765 0.046806 0.046498 0.037240 0.068409 0.596444 2.687813 2.716702 0.531433 0.040313 0.021142 0.041828 0.040626 0.635396 0.091770 0.070026 0.316870 0.278690 0.240084 0.204128 0.671128 1.594535 1.662791 1.661621 1.666775 2.708725 1.684328 1.664179 1.665948 1.671924 0.661849 0.663295 1.643454 3.639922 4.645981 4.645475 4.638073 3.647404 1.651845 1.646852 1.640477 1.652297 3.667229 3.650906 2.638285 0.564402
2.054170 3.107492 3.118757 3.117652 2.126013 2.132575 2.144971 2.111783 2.111505 2.105210 1.103910 1.066476 0.134639 0.035607 0.051801 0.044228 0.073496 0.618165 1.732059 3.668665 3.764385 1.674303 0.474811 0.310711 0.183690 1.737945 0.727222 0.069295 0.386447 0.347123 0.255323 1.120811 1.118160 0.786475 1.556314 1.640725 1.639543 1.667549 2.651707 2.686850 1.661055 1.663987 1.668195 0.661057 0.658786 1.634291 2.618083 3.632695 3.625301 3.627940 3.641451 1.645702 1.640902 0.643280 1.638609 2.644108 2.648876 1.624135 0.588132
3.060567 2.081849 2.092037 1.126512 1.110726 0.111175 0.120460 1.087548 2.108499 2.108337 2.110976 2.115380 1.084842 0.069809 0.068222 0.077068 0.078318 0.645104 1.690904 2.665883 1.729250 1.708803 0.477060 0.304868 0.824727 0.791051 1.632211 0.588667 0.477209 0.391175 1.161094 1.195995 1.192496 0.127078 0.568360 0.046738 0.043033 1.552105 1.544062 1.555269 1.614520 1.649004 1.659414 2.678679 2.676125 2.680524 1.659818 2.630027 2.649612 2.654163 3.655043 2.666394 2.665714 1.667007 1.655370 2.656997 2.656979 0.070374 0.111175
3.075671 2.056251 1.015167 0.079046 0.078063 0.080144 0.099776 1.094512 1.109232 2.090796 2.099455 1.092158 1.095443 1.026404 0.966561 0.051250 0.051049 0.645841 1.652031 0.034781 0.041494 0.529228 0.366543 0.914952 0.943263 0.798108 1.606804 1.703267 0.511819 0.425526 0.315471 1.241856 0.228888 0.186237 0.136324 0.097510 0.077148 0.706113 0.768555 0.752534 0.706343 1.641750 1.675768 1.678977 2.656674 2.682865 1.663953 1.660613 2.647689 2.657881 3.657594 2.661693 2.662113 1.663756 1.650910 2.659870 2.632613 0.061383 0.017967
3.079419 2.043425 0.995189 0.940191 0.946326 1.933161 0.076044 0.089908 0.103235 1.115638 1.114412 0.102048 0.097031 0.061047 0.856732 0.850341 0.845057 0.781642 0.770749 0.031253 0.049149 0.045802 0.264753 0.940061 1.081244 0.049666 0.456699 0.508322 0.450123 0.397091 0.308197 1.255989 0.242609 0.203546 0.147085 1.054633 1.085425 0.910953 0.859780 0.809078 0.722704 1.638432 1.679581 1.679127 1.677722 2.668744 1.669266 1.664911 2.647896 2.659121 3.649906 2.661524 2.652821 1.667008 0.660391 1.657493 2.625994 0.056660 0.021034
2.039804 2.030272 1.992726 0.980229 0.976554 1.939903 0.079967 0.030205 0.040993 0.043465 0.040993 0.030205 0.090872 0.064232 0.880733 0.884417 0.867647 0.867272 0.018911 0.852367 0.043885 0.045944 0.216648 0.938731 1.062622 0.047594 0.423379 0.446364 0.422437 0.386841 1.184273 2.309528 0.254480 0.212833 0.145896 1.016479 1.045074 1.958902 0.892614 0.825938 1.594967 1.633010 1.651019 1.662216 1.668709 1.671094 1.669309 2.657555 2.657977 2.659600 2.658385 2.658309 1.659125 1.663647 0.654707 0.654464 1.649951 0.037927 0.055596
2.037796 2.038196 2.030200 0.988230 0.980188 1.935468 0.081909 0.039254 0.054679 0.058067 0.054680 0.039254 0.077486 0.865028 0.909135 0.893496 0.873049 0.882378 0.017540 0.858329 0.048689 0.058091 0.035553 0.062789 1.033490 0.038848 0.377809 1.334048 1.375724 0.359687 1.194773 2.293244 0.252123 0.209015 1.103037 1.103925 2.145569 1.029702 0.938492 0.867066 0.636969 0.574837 0.606758 0.626677 0.641009 1.658777 1.656465 2.649892 2.645122 2.653974 2.651304 1.656892 1.656817 1.659176 1.655575 0.658125 0.657969 0.668376 0.672002
2.051199 2.066821 2.024896 0.979361 1.899524 1.911557 0.081399 0.033165 0.052208 0.056724 0.052208 0.033165 0.867230 1.900096 1.893428 1.898473 0.865762 0.860838 0.863548 0.845369 0.062459 0.023826 0.023033 0.035514 0.046105 0.263659 1.351121 1.378086 1.399538 0.342963 0.292881 1.260348 1.274442 0.226855 1.060241 2.155108 2.143051 2.192758 1.009065 0.948777 0.060673 0.059799 0.080434 0.075284 0.050213 0.668287 0.668972 0.669403 1.618556 2.648938 2.650831 1.656142 2.664959 2.662289 2.659130 1.658483 1.658522 0.027434 0.035088
0.974802 0.969729 1.929014 1.885667 2.910907 2.914700 0.881525 0.061758 0.033302 0.040337 0.033302 0.104418 1.851536 1.889413 1.904343 1.907868 0.865949 0.863025 0.874061 0.848775 0.071696 0.028237 0.023689 0.048667 0.025139 0.289036 1.359928 1.367430 0.342619 0.325186 1.251905 1.258544 1.248696 1.229372 1.166069 2.119669 2.097962 2.124864 1.030123 0.094870 0.104628 0.022971 0.103265 0.087228 0.046447 0.669599 0.669750 0.670603 0.667836 1.658636 2.660333 2.665450 3.661824 3.660985 2.659902 2.658554 1.646847 0.034085 0.042626
