use_cases/Flooding_chicago/flooding_data/output/h_3180.asc
ncols 337
nrows 393
xllcorner 428428.000000
yllcorner 4602440.000000
cellsize 26.757400
NODATA_value -9999.000000
[rows 270 to 296 of 393, columns 59 to 117 of 337]
0.093728 0.108894 0.115197 0.059868 0.033822 0.035835 0.086280 0.047142 0.224586 0.040276 0.022591 0.022591 0.061255 0.040170 1.280123 2.286983 2.282754 1.285008 0.211343 0.017372 0.031639 0.333568 0.192710 0.033486 0.025581 0.033959 0.042183 0.042823 0.851508 3.078537 3.100538 2.104479 3.115342 3.072209 1.153777 1.180151 1.157315 1.141822 1.091945 1.078556 0.123702 0.218573 0.232185 0.183027 0.986387 0.948620 0.987995 2.024524 2.011889 2.014538 3.051968 3.046246 3.039923 2.095396 2.100734 2.092946 2.091170 2.085256 2.085238
0.052909 0.055198 0.061103 0.082008 0.034111 0.034721 0.060844 1.332895 1.322469 0.297451 0.054863 0.071984 0.066032 0.059030 1.267784 3.289836 3.287193 2.291894 0.247213 0.017372 0.026328 0.419043 0.061989 0.025704 0.033257 0.026878 0.036553 0.043076 0.855200 2.078161 3.116895 3.149885 3.124463 4.094248 2.051984 1.172655 1.170268 1.140380 1.075107 0.060803 0.014396 0.303635 0.306757 0.277696 0.232321 0.234278 0.119416 0.976072 0.944983 0.932337 1.968962 1.967644 2.076289 2.053628 2.069561 1.057280 1.054649 1.024011 1.095924
0.076011 0.073555 0.076165 0.085259 0.032525 0.032708 0.049995 1.342294 1.338705 0.297065 0.048912 0.063667 0.051171 0.045723 1.264519 3.278909 3.277091 2.287542 0.230707 0.152168 0.670235 0.613978 0.123024 0.027398 0.041466 0.033227 0.032722 0.049645 0.047187 0.084116 2.093331 3.093937 3.085208 4.050838 2.909020 2.237418 2.249570 1.115035 0.185074 0.018686 0.425392 0.385797 0.371424 0.338708 0.321624 0.324716 0.025295 0.026702 0.136838 0.218543 1.092996 1.133513 2.026172 1.121216 1.106737 0.129268 0.122593 0.192300 1.136984
0.069283 0.057579 0.057274 0.062843 0.025383 0.025444 0.041207 1.341076 1.336629 0.294198 0.044334 0.050163 0.356667 0.352012 2.273844 2.285300 0.244195 0.233606 0.217736 0.153527 1.658057 0.599511 0.131468 0.186332 0.035301 0.027168 0.033364 0.033211 0.039955 0.051378 0.117334 1.043374 2.104831 2.068890 2.048606 2.081331 2.134047 1.096114 0.274453 0.023493 0.422267 1.388242 1.421057 0.366491 0.354851 0.360620 0.032212 0.039363 0.033228 0.330486 1.122525 1.214010 1.206081 1.109339 0.114069 0.130374 0.014396 0.268238 1.110084
0.043175 0.079689 0.070870 0.070443 0.068097 0.030586 0.028343 1.339351 1.334131 0.291999 0.046028 0.058830 0.045738 0.033654 1.271932 0.221674 0.024834 0.027946 0.019447 0.160606 0.634379 0.083217 0.027687 0.034874 0.036507 0.053168 0.080952 0.049919 0.058342 0.032951 0.099187 0.185549 0.970252 1.018750 0.986083 1.173294 2.326851 2.357036 1.404138 0.027939 0.448454 0.435494 0.412342 0.364321 0.355229 0.360465 0.025711 0.029857 0.539679 1.499920 2.339692 2.425711 1.399261 0.361857 0.026029 0.027066 0.375949 0.378246 0.301886
0.056477 0.080254 0.272073 0.274223 0.079430 0.102745 0.211541 1.346518 1.336141 0.288344 0.047906 0.061730 0.058464 0.048653 0.029854 0.025825 0.029457 0.025002 0.241097 0.230497 0.190864 0.020180 0.017372 0.017372 0.038903 0.036156 0.047433 0.054192 0.048653 0.189720 0.209190 0.162514 0.418888 0.020551 0.125830 1.151535 2.383303 3.492762 3.481183 0.553572 0.497142 0.475661 0.438901 0.038634 0.046159 0.033727 0.554116 0.568556 1.552901 1.493923 2.257571 2.295987 1.398867 0.429799 0.034305 0.039770 0.027062 0.432447 0.339808
0.088570 0.058052 0.307244 0.311896 0.272721 0.155415 0.152686 0.231712 0.244317 0.031411 0.052696 0.059212 0.054375 0.035668 0.236930 0.258126 1.293021 1.299462 1.292750 0.252313 0.241539 0.253167 0.027229 0.033025 0.028160 0.112465 0.073418 0.108171 0.139107 0.217384 1.286339 1.322774 0.219673 0.023583 0.040915 0.339542 3.587199 6.633620 5.557791 1.612169 0.547462 0.532689 0.043571 0.065267 0.069442 0.048563 0.560669 0.568530 1.558275 1.546212 0.488125 0.488656 1.458619 0.503180 0.035393 0.033955 0.025916 0.529767 0.050081
0.061439 0.171320 0.222022 0.240320 0.251628 0.110452 0.099893 0.163080 0.164848 0.028251 0.039802 0.042625 0.034492 0.561257 0.172005 0.248038 1.292484 1.293374 1.290976 0.254190 0.239603 0.244316 0.187325 0.161003 0.141304 0.070840 1.182794 0.134942 0.173866 0.217309 1.277017 1.311272 0.225995 0.022591 0.022591 0.040315 3.502624 6.543991 5.483131 2.580479 1.586202 0.538077 0.067252 0.080206 0.087997 0.018089 0.558098 0.574976 1.583252 1.574103 1.612401 1.612601 1.547217 0.559606 0.034318 0.633200 0.637567 0.609021 0.059258
0.082155 0.890706 0.963796 0.956653 0.176140 0.179360 0.085839 0.070198 0.195610 0.035347 0.051369 0.064323 0.041039 0.550880 0.106315 0.025643 0.030295 1.299503 1.295448 0.251686 0.028054 0.024804 0.206611 0.194815 0.155372 0.076913 1.184044 0.151610 0.077992 0.078453 0.056160 0.047523 0.047066 0.022591 0.022591 0.049446 2.530730 5.520230 5.468437 2.576190 1.562970 0.545807 0.074934 0.081384 0.021660 0.021660 0.031874 0.555830 1.627697 2.660076 3.663577 2.649937 2.646822 1.644944 0.637593 0.638702 0.639716 0.609034 0.069717
0.918650 0.959470 0.983922 0.983896 0.123454 0.146858 0.145577 0.167977 0.261006 0.243278 0.092947 0.034112 0.475155 0.478646 0.072045 0.030220 0.050697 0.052788 0.051704 0.047021 0.044532 0.028450 0.204215 0.201307 0.014396 0.095633 0.152666 0.155068 0.081992 0.080147 0.057289 0.050484 0.014396 0.038064 0.037870 0.536171 2.570877 4.583823 4.534108 2.587535 1.564428 0.599930 0.595859 0.065327 0.018089 0.057899 0.041178 0.609503 1.624350 2.632495 3.630372 3.639227 3.646086 3.647598 2.641937 1.639979 1.640148 0.626255 0.023507
0.974258 0.937826 0.976660 0.048529 0.098962 0.109840 0.091618 0.591182 0.211952 0.283326 0.123894 0.021690 0.477151 0.471412 0.065909 0.126594 0.053168 0.072960 0.071525 0.060540 0.036750 0.182228 0.182445 0.165154 0.114249 0.048730 0.055030 0.093529 0.121803 0.195809 0.156313 0.132713 0.019310 0.036263 0.468234 1.622542 3.566155 4.529556 4.445462 3.605716 2.638839 2.644742 1.634907 0.598331 0.026116 0.635456 0.651342 0.627658 1.620786 2.629170 2.637068 3.610787 4.623508 4.624161 3.632816 2.630154 1.633000 1.628332 0.022941
0.945481 0.862602 0.023796 0.043285 0.062768 0.058358 0.529565 0.572967 0.637215 0.134301 0.232108 0.313804 0.408583 1.432671 0.275001 0.097191 0.057092 1.079412 1.079323 0.055626 0.212063 0.179129 0.163993 0.140739 0.092370 0.109398 0.082299 0.108117 0.113761 0.139846 0.509868 0.488000 0.516875 0.533054 1.611165 1.605804 2.580705 2.593753 2.530443 3.602222 3.609111 3.607188 2.622762 1.610963 0.565268 0.639161 0.639379 1.657424 2.655023 2.639152 2.643339 2.627167 3.635396 3.629024 2.637470 1.617319 0.644428 0.635727 0.033990
0.021477 0.499933 0.291428 0.257856 0.269021 0.291360 0.417600 0.416429 0.108756 0.170676 0.262750 0.323205 0.371407 0.374838 0.039146 0.037682 0.021492 0.074959 0.071266 0.057305 0.027855 0.132623 0.110986 0.092841 0.059899 0.072411 0.096398 0.059760 0.112333 0.112815 0.481876 1.603717 1.645989 1.653979 1.632344 1.624848 2.593889 2.610763 1.604702 2.543559 2.575366 3.623628 3.632670 2.616654 1.647470 1.655439 1.656891 2.655115 2.641181 2.636075 2.628278 1.608490 3.620840 2.631364 1.627622 0.648139 0.645330 0.634554 0.581917
0.072139 1.013386 0.981372 1.022207 0.178094 0.180662 1.005867 0.235271 0.077248 0.022942 0.023566 0.330757 0.290170 0.033958 0.037696 0.027397 0.036324 0.021308 0.051887 0.037575 0.064965 0.076545 0.281425 0.187190 0.457312 0.032051 0.092354 0.050193 0.054925 0.053047 0.500238 1.632494 2.652439 2.665300 2.649712 2.650287 3.647801 2.630659 1.616306 0.653935 1.651675 2.601298 3.631334 3.643250 2.656962 2.660784 2.661987 3.662426 2.647171 2.642116 1.645421 0.653188 2.659494 3.663967 2.653018 0.664909 0.663043 0.658763 1.694109
1.102206 1.139976 2.107312 1.146504 1.108186 1.110115 2.106807 1.064967 0.022117 0.023506 0.027367 0.267014 0.207363 0.046151 0.050285 0.032539 0.033944 0.059825 0.053611 0.091927 0.125907 0.049721 0.031731 0.103280 0.361826 0.201561 0.112418 0.169669 0.081718 0.098259 0.109246 1.621482 2.648588 2.660595 2.644431 2.649331 3.619228 2.636366 2.653898 0.658803 1.651233 1.646550 2.649316 3.629506 2.659309 2.657241 3.664817 3.657324 2.651334 2.646966 1.657114 1.673144 2.652074 3.658013 2.648365 1.668304 0.665760 0.665448 1.725561
2.106465 2.106021 2.133880 2.125594 2.127573 2.130866 2.136928 1.096006 0.037807 0.039726 0.019310 0.130372 0.421519 0.047173 0.049970 0.031959 0.032357 0.047386 0.067513 0.247874 0.074652 0.036262 0.017967 0.032372 0.029884 0.329644 0.250221 0.163017 0.219948 0.130764 0.211561 0.149215 0.564730 0.559243 0.607674 2.613967 2.579606 2.591593 2.595157 1.692657 1.654515 2.672430 2.655868 2.650771 2.661587 2.659320 3.659983 3.657132 2.651417 2.646758 1.655879 1.661765 2.652520 3.647406 2.646725 2.661520 1.661224 1.650443 0.677451
1.117887 2.127014 2.131077 2.137697 2.136542 2.139413 2.144452 2.122995 1.128338 0.054373 0.104253 0.188447 0.285833 0.041252 0.036843 0.025185 0.025307 0.033348 0.046806 0.180787 0.144401 0.036873 0.021034 0.017967 0.037605 0.024971 0.136438 0.105034 0.175380 0.097761 0.259268 0.253303 0.022591 0.022591 0.629274 1.641512 1.636746 1.639553 1.652030 1.673338 1.658728 2.639839 2.634334 2.650822 2.661221 3.663374 3.660913 3.659117 3.664602 2.651699 2.667344 1.661147 2.653625 2.636621 1.661866 2.674593 2.662302 1.648848 0.677931
1.124627 2.130104 2.129920 2.138169 2.137719 2.142200 2.149215 2.123519 1.143360 1.135896 1.059346 0.197020 0.186638 0.032844 0.050270 0.049813 0.046883 0.035729 0.045357 0.516517 0.571775 0.063528 0.030048 0.020301 0.029137 0.041151 0.157534 0.165809 0.122129 0.334872 0.293851 0.288656 0.022591 0.022591 0.616740 1.634295 1.642195 1.648173 1.661526 1.679533 1.666503 1.669707 1.668085 2.633912 2.657427 2.652242 3.663513 3.660107 3.659365 4.676803 3.671634 2.664276 2.644087 1.665360 2.677167 3.684097 3.667562 2.657855 0.588136
1.117740 2.124289 3.104394 3.120069 3.125734 3.119492 2.141135 2.121275 2.111904 1.134177 1.092480 0.149051 0.107535 0.038764 0.046807 0.046498 0.037239 0.068517 0.603269 2.692615 2.722006 0.536693 0.040372 0.021142 0.041816 0.040615 0.638075 0.091874 0.070084 0.320586 0.283104 0.246020 0.210879 0.680784 1.611593 1.677578 1.676412 1.681614 2.723614 1.699332 1.679196 1.680853 1.687090 0.676927 0.678382 1.658056 3.654575 4.660705 4.660275 4.652823 3.662407 1.666622 1.661577 1.655163 1.667153 3.681944 3.665553 2.653047 0.579135
2.067012 3.118997 3.130010 3.129124 2.136525 2.142722 2.155361 2.122326 2.122294 2.116135 1.116442 1.084819 0.137840 0.035607 0.051800 0.044228 0.073549 0.624049 1.737918 3.672516 3.769947 1.679134 0.478434 0.313414 0.185501 1.741826 0.731466 0.069417 0.389961 0.351277 0.260786 1.130022 1.127847 0.796659 1.573357 1.655822 1.654400 1.682597 2.666438 2.702236 1.676136 1.678943 1.683529 0.676077 0.673786 1.648793 2.632697 3.647362 3.640076 3.642694 3.656434 1.660457 1.655733 0.657870 1.653177 2.658589 2.663568 1.638441 0.598118
3.072239 2.093643 2.103818 1.136742 1.121147 0.119539 0.129095 1.099608 2.119385 2.119210 2.121915 2.125646 1.096083 0.074157 0.069389 0.077398 0.078366 0.649875 1.695814 2.670128 1.734470 1.713707 0.480239 0.307079 0.827863 0.795149 1.636439 0.592751 0.481281 0.396093 1.168824 1.204773 1.200699 0.132153 0.579228 0.050089 0.046240 1.566326 1.559123 1.570411 1.629250 1.663910 1.674470 2.693528 2.691266 2.695696 1.674660 2.644616 2.664447 2.668996 3.669906 2.681288 2.680707 1.681774 1.670256 2.671736 2.671817 0.071274 0.113138
3.087113 2.068575 1.029969 0.085020 0.083904 0.086026 0.107183 1.105510 1.119865 2.101789 2.111671 1.103858 1.103771 1.036531 0.977401 0.051379 0.051048 0.650325 1.656274 0.034809 0.041592 0.531904 0.368784 0.918285 0.947373 0.802677 1.611016 1.707870 0.516497 0.431005 0.322522 1.251273 0.237259 0.193836 0.144292 0.105384 0.083867 0.718691 0.781532 0.765880 0.720270 1.656285 1.690742 1.693849 2.671366 2.697995 1.678787 1.675434 2.662376 2.672719 3.672465 2.676585 2.677092 1.678548 1.665798 2.674621 2.647359 0.061703 0.017967
3.091101 2.056323 1.009718 0.956782 0.962465 1.948622 0.080691 0.097104 0.111369 1.126956 1.125892 0.109120 0.102977 0.066460 0.865120 0.858551 0.853361 0.788713 0.777190 0.031343 0.049406 0.047036 0.266573 0.943301 1.085627 0.051591 0.461954 0.513794 0.456108 0.403790 0.316453 1.265846 0.251263 0.211863 0.155632 1.065181 1.096825 0.922505 0.871938 0.821809 0.736084 1.652856 1.694536 1.694028 1.692624 2.683673 1.684114 1.679752 2.662592 2.673965 3.664859 2.676404 2.667879 1.681944 0.675216 1.671953 2.640653 0.056827 0.021034
2.052612 2.043744 2.006935 0.996204 0.992588 1.954727 0.081787 0.030205 0.040992 0.043466 0.040993 0.030204 0.094290 0.067148 0.889307 0.893311 0.876431 0.876067 0.018885 0.861532 0.044047 0.046410 0.218441 0.942105 1.066775 0.049655 0.430678 0.454026 0.430377 0.395122 1.196323 2.320485 0.263753 0.221912 0.155615 1.027066 1.056381 1.970230 0.904445 0.838393 1.609323 1.647997 1.666083 1.677046 1.683509 1.685995 1.684178 2.672189 2.672825 2.674416 2.673204 2.673287 1.673875 1.678516 0.669608 0.669343 1.665079 0.037981 0.055629
2.050668 2.051358 2.043583 1.003667 0.995813 1.950415 0.082266 0.039253 0.054680 0.058067 0.054680 0.039253 0.079574 0.872169 0.917998 0.902439 0.881884 0.891240 0.017540 0.867468 0.048795 0.058325 0.035622 0.063537 1.040585 0.041348 0.387676 1.345233 1.386393 0.369067 1.205672 2.303746 0.262349 0.219064 1.113903 1.115177 2.157023 1.040980 0.950171 0.878739 0.647619 0.588372 0.620850 0.640846 0.655448 1.673516 1.671231 2.664561 2.659866 2.668662 2.666056 1.671514 1.671400 1.673692 1.670273 0.672468 0.672179 0.682187 0.685502
2.064096 2.079410 2.038336 0.994590 1.916238 1.927289 0.081014 0.033165 0.052208 0.056724 0.052208 0.033165 0.876305 1.908715 1.902564 1.907509 0.874769 0.869722 0.872654 0.854342 0.062527 0.023826 0.023033 0.035510 0.046376 0.272497 1.361661 1.388880 1.410101 0.353712 0.304734 1.271713 1.287094 0.237606 1.071032 2.166215 2.154452 2.204608 1.021141 0.960262 0.061209 0.060293 0.081346 0.076155 0.050660 0.682820 0.683506 0.683883 1.633540 2.663694 2.665634 1.670833 2.679435 2.676646 2.673720 1.673153 1.673109 0.027458 0.035136
0.989611 0.984611 1.945204 1.902408 2.926891 2.931136 0.901518 0.062591 0.033302 0.040337 0.033303 0.104392 1.861042 1.898752 1.913720 1.917166 0.875249 0.872192 0.883302 0.857968 0.071796 0.028237 0.023690 0.048653 0.025139 0.299047 1.370230 1.378045 0.353162 0.336581 1.264133 1.270027 1.260608 1.241419 1.177586 2.130688 2.109006 2.136084 1.043767 0.096596 0.105804 0.022972 0.104616 0.088549 0.046952 0.684124 0.684259 0.685052 0.682353 1.673240 2.674920 2.680016 3.676376 3.675601 2.674532 2.673229 1.661398 0.034109 0.042632
