use_cases/Flooding_chicago/flooding_data/output/h_3120.asc
ncols 337
nrows 393
xllcorner 428428.000000
yllcorner 4602440.000000
cellsize 26.757400
NODATA_value -9999.000000
[rows 324 to 350 of 393, columns 0 to 58 of 337]
-9999.000000 -9999.000000 -9999.000000 -9999.000000 -9999.000000 -9999.000000 -9999.000000 -9999.000000 -9999.000000 -9999.000000 -9999.000000 -9999.000000 -9999.000000 -9999.000000 -9999.000000 -9999.000000 -9999.000000 -9999.000000 -9999.000000 -9999.000000 -9999.000000 -9999.000000 -9999.000000 -9999.000000 -9999.000000 0.041069 0.051842 0.053994 0.062919 0.035897 0.042473 0.215125 0.050087 0.036614 0.021904 0.046959 0.032874 0.027443 0.039680 0.067419 1.746993 2.782745 2.788216 2.777945 3.789100 3.798213 3.797932 2.775317 2.773416 3.779419 2.780913 3.779229 3.778070 5.762729 6.774040 5.779113 3.774875 3.773069 3.770981
-9999.000000 -9999.000000 -9999.000000 -9999.000000 -9999.000000 -9999.000000 -9999.000000 -9999.000000 -9999.000000 -9999.000000 -9999.000000 -9999.000000 -9999.000000 -9999.000000 -9999.000000 -9999.000000 -9999.000000 -9999.000000 -9999.000000 -9999.000000 -9999.000000 -9999.000000 -9999.000000 -9999.000000 0.030891 0.039604 0.038592 0.030724 0.057579 0.067786 0.204307 1.294342 0.246725 0.040336 0.041954 0.041389 0.231229 0.044075 0.042747 0.083349 1.738395 2.781694 1.782092 2.773688 2.786160 2.788321 2.785905 2.775153 2.772949 3.770485 4.780546 3.778227 3.773682 3.771469 4.773762 4.777865 3.775348 3.772176 3.777391
-9999.000000 -9999.000000 -9999.000000 -9999.000000 -9999.000000 -9999.000000 -9999.000000 -9999.000000 -9999.000000 -9999.000000 -9999.000000 -9999.000000 -9999.000000 -9999.000000 -9999.000000 -9999.000000 -9999.000000 -9999.000000 -9999.000000 -9999.000000 -9999.000000 -9999.000000 -9999.000000 -9999.000000 0.019401 0.027748 0.024514 0.044548 0.051308 0.077797 1.277532 2.283968 2.303143 2.309618 1.215152 1.216213 2.286147 0.038002 0.017372 0.084232 1.730288 2.770270 1.778565 1.773818 2.782929 2.788105 3.777886 2.775361 2.772382 3.765497 4.768935 3.777345 2.775622 1.762323 1.767541 2.768456 1.755753 1.750529 1.755063
-9999.000000 -9999.000000 -9999.000000 -9999.000000 -9999.000000 -9999.000000 -9999.000000 -9999.000000 -9999.000000 -9999.000000 -9999.000000 -9999.000000 -9999.000000 -9999.000000 -9999.000000 -9999.000000 -9999.000000 -9999.000000 -9999.000000 -9999.000000 -9999.000000 -9999.000000 -9999.000000 -9999.000000 -9999.000000 0.024422 0.027748 0.047279 0.055853 0.075782 1.287766 1.308253 2.313575 2.320170 2.309001 2.309707 2.309618 0.028526 0.017372 0.115777 1.717265 1.769784 1.784354 1.775993 2.782411 3.781941 4.782701 3.783011 3.775427 3.764655 3.778843 2.779645 1.777218 0.769947 0.755683 0.760572 0.040764 0.044564 0.693386
-9999.000000 -9999.000000 -9999.000000 -9999.000000 -9999.000000 -9999.000000 -9999.000000 -9999.000000 -9999.000000 -9999.000000 -9999.000000 -9999.000000 -9999.000000 -9999.000000 -9999.000000 -9999.000000 -9999.000000 -9999.000000 -9999.000000 -9999.000000 -9999.000000 -9999.000000 -9999.000000 -9999.000000 -9999.000000 -9999.000000 0.019401 0.040337 0.027412 0.033309 0.215543 0.291279 1.322189 1.326988 2.336138 2.340278 2.325049 0.242946 0.240199 0.181014 0.741196 0.699966 0.758491 1.771823 2.778882 3.784682 4.780523 3.778280 2.757738 1.777782 2.779530 1.781744 0.781121 0.779406 0.059796 0.088891 0.028069 0.039132 0.036507
-9999.000000 -9999.000000 -9999.000000 -9999.000000 -9999.000000 -9999.000000 -9999.000000 -9999.000000 -9999.000000 -9999.000000 -9999.000000 -9999.000000 -9999.000000 -9999.000000 -9999.000000 -9999.000000 -9999.000000 -9999.000000 -9999.000000 -9999.000000 -9999.000000 -9999.000000 -9999.000000 -9999.000000 -9999.000000 -9999.000000 -9999.000000 -9999.000000 0.024575 0.027885 0.038734 0.276144 0.309387 0.300901 1.326195 1.333406 1.299931 1.281537 0.276560 0.272311 0.020867 0.041305 0.710958 1.774234 1.799895 2.784735 3.795328 2.795757 1.785407 1.784192 2.784794 2.787939 1.788612 0.766701 0.062861 0.099723 0.031914 0.054358 0.062783
-9999.000000 -9999.000000 -9999.000000 -9999.000000 -9999.000000 -9999.000000 -9999.000000 -9999.000000 -9999.000000 -9999.000000 -9999.000000 -9999.000000 -9999.000000 -9999.000000 -9999.000000 -9999.000000 -9999.000000 -9999.000000 -9999.000000 -9999.000000 -9999.000000 -9999.000000 -9999.000000 -9999.000000 -9999.000000 -9999.000000 -9999.000000 -9999.000000 -9999.000000 0.017372 0.029396 0.022179 0.283061 0.017967 0.021034 0.269405 0.267957 1.257522 0.271266 0.273289 0.033119 0.028022 0.764465 0.769387 0.781660 1.794683 2.781644 2.788197 1.782238 2.782557 2.782102 2.784865 2.781503 1.778422 0.736878 0.124437 0.138408 0.050567 0.028190
-9999.000000 -9999.000000 -9999.000000 -9999.000000 -9999.000000 -9999.000000 -9999.000000 -9999.000000 -9999.000000 -9999.000000 -9999.000000 -9999.000000 -9999.000000 -9999.000000 -9999.000000 -9999.000000 -9999.000000 -9999.000000 -9999.000000 -9999.000000 -9999.000000 -9999.000000 -9999.000000 -9999.000000 -9999.000000 -9999.000000 -9999.000000 -9999.000000 -9999.000000 0.017372 0.032051 0.149615 0.233915 0.224310 0.017967 0.227858 1.239403 1.247760 1.258883 0.027672 0.017372 0.038750 0.039025 0.767612 0.790418 1.780504 2.783184 2.786252 2.786572 2.782066 3.781336 2.785378 1.787591 0.779413 0.745037 0.074185 0.042900 0.061410 0.034554
-9999.000000 -9999.000000 -9999.000000 -9999.000000 -9999.000000 -9999.000000 -9999.000000 -9999.000000 -9999.000000 -9999.000000 -9999.000000 -9999.000000 -9999.000000 -9999.000000 -9999.000000 -9999.000000 -9999.000000 -9999.000000 -9999.000000 -9999.000000 -9999.000000 -9999.000000 -9999.000000 -9999.000000 -9999.000000 -9999.000000 -9999.000000 -9999.000000 -9999.000000 0.026756 0.025337 0.165115 0.189359 0.189078 0.171279 0.211148 1.253291 1.238218 0.195031 0.035042 0.017372 0.035392 0.057258 0.048426 0.036634 0.798338 2.754226 2.783293 2.778853 2.780854 3.787412 1.790207 0.773744 0.765994 0.745726 0.735624 0.042106 0.059059 0.034235
-9999.000000 -9999.000000 -9999.000000 -9999.000000 -9999.000000 -9999.000000 -9999.000000 -9999.000000 -9999.000000 -9999.000000 -9999.000000 -9999.000000 -9999.000000 -9999.000000 -9999.000000 -9999.000000 -9999.000000 -9999.000000 -9999.000000 -9999.000000 -9999.000000 -9999.000000 -9999.000000 -9999.000000 -9999.000000 -9999.000000 -9999.000000 -9999.000000 -9999.000000 -9999.000000 0.022730 0.122183 0.669168 0.681404 0.736883 0.151909 0.196982 1.213182 0.172240 0.027183 0.032646 0.027306 0.048698 0.040723 0.029726 0.804125 0.782003 0.791835 0.788277 2.771793 1.773483 1.786208 0.774754 0.768270 0.748486 0.728811 0.061136 0.039729 0.026176
-9999.000000 -9999.000000 -9999.000000 -9999.000000 -9999.000000 -9999.000000 -9999.000000 -9999.000000 -9999.000000 -9999.000000 -9999.000000 -9999.000000 -9999.000000 -9999.000000 -9999.000000 -9999.000000 -9999.000000 -9999.000000 -9999.000000 -9999.000000 -9999.000000 -9999.000000 -9999.000000 -9999.000000 -9999.000000 -9999.000000 -9999.000000 -9999.000000 -9999.000000 -9999.000000 0.381801 1.698753 2.689432 1.551037 0.725721 0.139587 0.165660 1.178984 1.148083 1.157620 0.159101 0.125213 0.942533 0.963617 0.945861 0.933706 0.034705 0.758948 0.755476 1.769344 1.765992 1.776089 0.765080 0.751009 0.719880 0.644208 0.556220 0.588953 0.029045
-9999.000000 -9999.000000 -9999.000000 -9999.000000 -9999.000000 -9999.000000 -9999.000000 -9999.000000 -9999.000000 -9999.000000 -9999.000000 -9999.000000 -9999.000000 -9999.000000 -9999.000000 -9999.000000 -9999.000000 -9999.000000 -9999.000000 -9999.000000 -9999.000000 -9999.000000 -9999.000000 -9999.000000 -9999.000000 -9999.000000 -9999.000000 -9999.000000 -9999.000000 -9999.000000 1.200150 2.697516 2.588825 1.399393 0.903334 1.088594 1.113377 1.158618 1.147011 1.143917 0.191332 0.141987 0.932328 0.950332 0.932162 0.903796 0.049053 0.054649 0.059097 0.758600 1.784984 1.784960 1.796793 0.775289 0.026744 0.527885 0.538036 1.453695 0.402550
-9999.000000 -9999.000000 -9999.000000 -9999.000000 -9999.000000 -9999.000000 -9999.000000 -9999.000000 -9999.000000 -9999.000000 -9999.000000 -9999.000000 -9999.000000 -9999.000000 -9999.000000 -9999.000000 -9999.000000 -9999.000000 -9999.000000 -9999.000000 -9999.000000 -9999.000000 -9999.000000 -9999.000000 -9999.000000 -9999.000000 -9999.000000 -9999.000000 -9999.000000 -9999.000000 0.036156 0.030998 0.584200 0.664525 0.933160 1.079847 1.124027 1.180645 1.134460 0.206140 0.221081 0.192783 0.118505 0.907426 0.882187 0.057551 0.044029 0.024284 0.023399 0.051566 0.698387 1.781671 1.801140 0.780118 0.039046 0.513904 1.505041 1.521998 1.503482
-9999.000000 -9999.000000 -9999.000000 -9999.000000 -9999.000000 -9999.000000 -9999.000000 -9999.000000 -9999.000000 -9999.000000 -9999.000000 -9999.000000 -9999.000000 -9999.000000 -9999.000000 -9999.000000 -9999.000000 -9999.000000 -9999.000000 -9999.000000 -9999.000000 -9999.000000 -9999.000000 -9999.000000 -9999.000000 -9999.000000 -9999.000000 -9999.000000 -9999.000000 -9999.000000 0.014396 0.032982 0.032920 0.054825 0.843971 0.988388 0.975412 0.199346 0.233189 0.254287 0.258776 0.233289 0.150441 0.106215 0.038795 0.038933 0.040016 0.014396 0.024284 0.060958 0.046797 0.771234 0.771346 0.029640 0.036881 0.514414 1.500106 1.527726 2.511281
-9999.000000 -9999.000000 -9999.000000 -9999.000000 -9999.000000 -9999.000000 -9999.000000 -9999.000000 -9999.000000 -9999.000000 -9999.000000 -9999.000000 -9999.000000 -9999.000000 -9999.000000 -9999.000000 -9999.000000 -9999.000000 -9999.000000 -9999.000000 -9999.000000 -9999.000000 -9999.000000 -9999.000000 -9999.000000 -9999.000000 -9999.000000 -9999.000000 -9999.000000 -9999.000000 -9999.000000 0.017372 0.026162 0.038002 0.332674 0.507121 0.342726 0.230852 0.224131 0.237287 0.249978 0.236859 0.031883 0.041756 0.025597 0.069298 0.038246 0.049080 0.033607 0.067134 0.411794 0.029079 0.044872 0.043561 0.030397 0.520087 0.450423 0.519950 1.519368
-9999.000000 -9999.000000 -9999.000000 -9999.000000 -9999.000000 -9999.000000 -9999.000000 -9999.000000 -9999.000000 -9999.000000 -9999.000000 -9999.000000 -9999.000000 -9999.000000 -9999.000000 -9999.000000 -9999.000000 -9999.000000 -9999.000000 -9999.000000 -9999.000000 -9999.000000 -9999.000000 -9999.000000 -9999.000000 -9999.000000 -9999.000000 -9999.000000 -9999.000000 -9999.000000 -9999.000000 0.017372 0.028145 0.021919 0.144257 0.850178 0.222085 0.022209 0.073713 0.106187 0.158034 0.140788 0.025703 0.017372 0.051429 0.033715 0.065665 0.185844 0.182962 0.110573 0.396616 0.401289 0.036370 0.035382 0.110137 0.027068 0.035630 0.037672 0.508279
-9999.000000 -9999.000000 -9999.000000 -9999.000000 -9999.000000 -9999.000000 -9999.000000 -9999.000000 -9999.000000 -9999.000000 -9999.000000 -9999.000000 -9999.000000 -9999.000000 -9999.000000 -9999.000000 -9999.000000 -9999.000000 -9999.000000 -9999.000000 -9999.000000 -9999.000000 -9999.000000 -9999.000000 -9999.000000 -9999.000000 -9999.000000 -9999.000000 -9999.000000 -9999.000000 -9999.000000 0.020180 0.040938 0.359364 1.254153 1.106553 0.346669 0.023857 0.026085 0.120694 0.168912 0.155947 0.025703 0.017372 0.054741 0.041878 0.066353 0.189590 0.216759 0.124748 0.386591 0.397746 0.031365 0.027220 0.843401 0.031589 0.014396 0.048378 0.033204
-9999.000000 -9999.000000 -9999.000000 -9999.000000 -9999.000000 -9999.000000 -9999.000000 -9999.000000 -9999.000000 -9999.000000 -9999.000000 -9999.000000 -9999.000000 -9999.000000 -9999.000000 -9999.000000 -9999.000000 -9999.000000 -9999.000000 -9999.000000 -9999.000000 -9999.000000 -9999.000000 -9999.000000 -9999.000000 -9999.000000 -9999.000000 -9999.000000 -9999.000000 -9999.000000 -9999.000000 0.283262 0.382343 0.386258 1.187760 0.980533 0.361390 0.025749 0.036904 0.021416 0.268611 0.274580 0.335805 0.336787 0.034325 0.043617 0.031014 0.047584 0.024284 0.074029 0.326984 0.361274 0.020439 0.069850 0.908824 0.026803 0.034096 0.037579 0.033156
-9999.000000 -9999.000000 -9999.000000 -9999.000000 -9999.000000 -9999.000000 -9999.000000 -9999.000000 -9999.000000 -9999.000000 -9999.000000 -9999.000000 -9999.000000 -9999.000000 -9999.000000 -9999.000000 -9999.000000 -9999.000000 -9999.000000 -9999.000000 -9999.000000 -9999.000000 -9999.000000 -9999.000000 -9999.000000 -9999.000000 -9999.000000 -9999.000000 -9999.000000 -9999.000000 -9999.000000 1.391943 1.010218 0.486141 0.457389 0.055700 0.493749 0.177594 1.254700 1.240767 0.271562 0.293801 0.330572 0.333713 0.315854 0.031044 0.040916 0.028710 0.079516 0.068764 0.248420 0.248995 0.168301 0.091419 0.913887 0.051997 0.067196 0.075893 0.067070
-9999.000000 -9999.000000 -9999.000000 -9999.000000 -9999.000000 -9999.000000 -9999.000000 -9999.000000 -9999.000000 -9999.000000 -9999.000000 -9999.000000 -9999.000000 -9999.000000 -9999.000000 -9999.000000 -9999.000000 -9999.000000 -9999.000000 -9999.000000 -9999.000000 -9999.000000 -9999.000000 -9999.000000 -9999.000000 -9999.000000 -9999.000000 -9999.000000 -9999.000000 -9999.000000 -9999.000000 1.157408 1.056546 0.620886 0.587213 0.131439 0.189905 1.264892 3.269452 2.236011 0.281623 0.310560 1.373694 1.368618 1.353893 0.312750 0.035225 0.033150 0.032906 0.062779 0.156121 1.004209 1.087674 1.030874 0.967669 0.042233 0.055079 0.043854 -9999.000000
-9999.000000 -9999.000000 -9999.000000 -9999.000000 -9999.000000 -9999.000000 -9999.000000 -9999.000000 -9999.000000 -9999.000000 -9999.000000 -9999.000000 -9999.000000 -9999.000000 -9999.000000 -9999.000000 -9999.000000 -9999.000000 -9999.000000 -9999.000000 -9999.000000 -9999.000000 -9999.000000 -9999.000000 -9999.000000 -9999.000000 -9999.000000 -9999.000000 -9999.000000 0.022086 0.234084 1.267419 1.569713 1.852182 1.748507 0.185990 1.299309 3.252412 4.273118 2.255936 1.239318 0.314213 1.355574 1.348813 1.351195 0.302342 0.032844 0.032219 0.034859 0.024025 0.139110 1.040192 1.104972 0.060365 0.604932 0.023369 -9999.000000 -9999.000000 -9999.000000
-9999.000000 -9999.000000 -9999.000000 -9999.000000 -9999.000000 -9999.000000 -9999.000000 -9999.000000 -9999.000000 -9999.000000 -9999.000000 -9999.000000 -9999.000000 -9999.000000 -9999.000000 -9999.000000 -9999.000000 -9999.000000 -9999.000000 -9999.000000 -9999.000000 -9999.000000 -9999.000000 -9999.000000 -9999.000000 -9999.000000 0.047752 0.027794 0.014396 0.021065 0.021812 0.881861 1.909878 1.931468 1.880138 2.212231 2.201894 2.185912 1.223616 1.139673 0.224033 0.020851 0.243830 0.252826 0.306698 0.303668 0.025475 0.025291 0.092933 0.087425 0.186477 0.168660 0.158229 0.014396 -9999.000000 -9999.000000 -9999.000000 -9999.000000 -9999.000000
-9999.000000 -9999.000000 -9999.000000 -9999.000000 -9999.000000 -9999.000000 -9999.000000 -9999.000000 -9999.000000 -9999.000000 -9999.000000 -9999.000000 -9999.000000 -9999.000000 -9999.000000 -9999.000000 -9999.000000 -9999.000000 -9999.000000 -9999.000000 -9999.000000 -9999.000000 -9999.000000 -9999.000000 0.025550 0.023552 0.049004 0.014396 0.029884 0.274953 0.945660 0.988032 1.855892 1.818653 1.051019 2.248746 2.243469 2.222903 1.202649 0.285039 0.272743 0.033165 0.041176 0.052376 0.064262 0.244677 0.216611 0.135558 0.126543 0.106376 0.193245 0.166448 0.014396 -9999.000000 -9999.000000 -9999.000000 -9999.000000 -9999.000000 -9999.000000
-9999.000000 -9999.000000 -9999.000000 -9999.000000 -9999.000000 -9999.000000 -9999.000000 -9999.000000 -9999.000000 -9999.000000 -9999.000000 -9999.000000 -9999.000000 -9999.000000 -9999.000000 -9999.000000 -9999.000000 -9999.000000 -9999.000000 -9999.000000 -9999.000000 -9999.000000 0.021508 0.019310 0.014396 0.024329 0.040489 0.036247 0.037331 1.357601 0.275940 0.839022 0.768952 0.987835 1.125870 2.260249 2.257656 2.233881 2.279076 1.318518 1.297742 0.030677 0.029350 0.031075 0.125937 0.072060 0.043343 0.104258 0.098704 0.143187 0.088879 -9999.000000 -9999.000000 -9999.000000 -9999.000000 -9999.000000 -9999.000000 -9999.000000 -9999.000000
-9999.000000 -9999.000000 -9999.000000 -9999.000000 -9999.000000 -9999.000000 -9999.000000 -9999.000000 -9999.000000 -9999.000000 -9999.000000 -9999.000000 -9999.000000 -9999.000000 -9999.000000 -9999.000000 -9999.000000 -9999.000000 -9999.000000 -9999.000000 -9999.000000 -9999.000000 0.450639 0.029228 0.039223 0.030738 0.076302 0.046791 0.517354 0.486539 0.441174 0.284529 0.225218 2.167938 2.266963 2.251633 2.227699 1.282938 2.268539 2.305148 1.292228 0.288210 0.018806 0.050607 0.153770 0.021782 0.055107 0.032754 0.032692 0.030296 0.022866 -9999.000000 -9999.000000 -9999.000000 -9999.000000 -9999.000000 -9999.000000 -9999.000000 -9999.000000
-9999.000000 -9999.000000 -9999.000000 -9999.000000 -9999.000000 -9999.000000 -9999.000000 -9999.000000 -9999.000000 -9999.000000 -9999.000000 -9999.000000 -9999.000000 -9999.000000 -9999.000000 -9999.000000 -9999.000000 -9999.000000 -9999.000000 -9999.000000 -9999.000000 0.027702 1.685477 1.685501 1.676657 1.665404 1.653373 1.685146 1.690753 0.598983 0.591416 0.110322 0.115418 0.918646 2.073604 2.185261 1.266967 1.295233 1.307767 2.297426 1.317974 0.258193 0.023934 0.080528 0.050651 0.036369 0.048790 0.031395 0.033608 -9999.000000 -9999.000000 -9999.000000 -9999.000000 -9999.000000 -9999.000000 -9999.000000 -9999.000000 -9999.000000 -9999.000000
-9999.000000 -9999.000000 -9999.000000 -9999.000000 -9999.000000 -9999.000000 -9999.000000 -9999.000000 -9999.000000 -9999.000000 -9999.000000 -9999.000000 -9999.000000 -9999.000000 -9999.000000 -9999.000000 -9999.000000 -9999.000000 -9999.000000 -9999.000000 0.021858 0.035454 1.631660 2.673067 2.677731 2.649239 1.680140 1.691350 1.687140 1.667673 0.624419 0.200201 0.198436 0.296467 1.176369 1.280576 1.310913 1.328592 1.283679 1.290825 1.304109 0.052850 0.032142 0.035682 0.029274 0.032570 -9999.000000 -9999.000000 -9999.000000 -9999.000000 -9999.000000 -9999.000000 -9999.000000 -9999.000000 -9999.000000 -9999.000000 -9999.000000 -9999.000000 -9999.000000
