use_cases/Flooding_chicago/flooding_data/output/h_3120.asc
ncols 337
nrows 393
xllcorner 428428.000000
yllcorner 4602440.000000
cellsize 26.757400
NODATA_value -9999.000000
[rows 108 to 134 of 393, columns 118 to 176 of 337]
-9999.000000 -9999.000000 -9999.000000 -9999.000000 -9999.000000 -9999.000000 -9999.000000 -9999.000000 -9999.000000 -9999.000000 0.017967 0.140358 0.041435 0.049553 0.112801 0.116800 0.099755 0.066628 0.180476 0.033898 0.037971 0.029060 0.039269 0.036171 0.180656 0.029625 0.028373 0.030815 0.031197 0.032418 0.024529 0.090644 0.225959 0.060645 0.155876 0.132835 0.030815 0.030098 0.065086 0.058906 0.033288 0.035942 0.166404 0.014396 0.029335 0.028510 0.050957 0.126304 0.256712 0.281307 0.037681 0.049935 0.037423 0.075463 0.985212 3.161521 1.035630 0.337969 0.453547
-9999.000000 -9999.000000 -9999.000000 -9999.000000 -9999.000000 -9999.000000 -9999.000000 0.027000 0.037438 0.017967 0.021034 0.102593 0.028907 0.031730 0.097656 0.083001 0.068581 0.045205 0.090004 0.143702 0.027412 0.058495 0.044183 0.079018 0.112450 0.055681 0.053127 0.080360 0.101905 0.020302 0.031929 0.458362 0.480244 0.071952 0.132088 0.125665 0.070793 0.078956 0.071694 0.033196 0.026970 0.045646 0.091483 0.066612 0.037040 0.033715 0.094460 0.168877 0.151939 0.146050 0.046089 0.044945 0.033211 0.068869 0.103424 2.123240 0.985233 0.284542 0.207499
-9999.000000 -9999.000000 -9999.000000 -9999.000000 -9999.000000 -9999.000000 0.034065 0.027107 0.039314 0.031532 0.034096 0.119834 0.034706 0.025216 0.106559 0.076486 0.104091 0.058159 0.118767 0.100701 0.062391 0.053337 0.037819 0.224373 0.146475 0.078011 0.061333 1.179075 1.217186 1.243536 0.131691 0.437370 0.418345 0.345085 0.073782 0.088509 0.057274 0.071694 0.140858 0.038949 0.031929 0.040200 0.361474 0.319084 0.208077 0.254065 0.156517 0.263284 0.037179 0.055550 0.051628 0.048241 0.035957 0.042732 0.037986 0.046625 0.051552 0.016976 0.276690
-9999.000000 -9999.000000 0.038429 0.034386 0.029380 0.036461 0.042672 0.065712 0.022241 0.032280 0.042117 0.133948 0.042793 0.038902 0.070946 0.053169 0.071511 0.071251 0.072106 0.124243 0.082817 0.049141 0.058787 0.033546 0.288078 0.157646 0.222267 2.279945 2.262643 2.280300 0.020180 0.032280 0.288718 0.264185 0.206886 0.039771 0.053429 0.163231 0.152505 0.103629 0.045372 0.025780 0.023818 0.034340 0.032082 0.041069 0.052315 0.046440 0.029610 0.092659 0.073295 0.028236 0.024132 0.024680 0.033882 0.030647 0.028389 0.562036 0.017372
0.041572 0.049660 0.043007 0.053093 0.088402 0.032005 0.029641 0.035636 0.041176 0.041771 0.046105 0.219063 0.054696 0.050912 0.048424 0.071846 0.071328 0.120346 0.113289 0.103022 0.098990 0.055107 0.041985 0.014396 0.020255 0.097740 1.245766 2.312964 2.783056 2.290810 0.017372 0.025704 0.146705 0.289726 0.226808 0.031166 0.060005 0.149448 1.880484 0.651618 0.031532 0.018669 0.014396 0.018943 0.021003 0.034599 0.014396 0.024284 0.028709 0.067649 0.064689 0.027046 0.027828 0.017372 0.017372 0.020180 1.550942 1.550795 0.560443
1.056878 0.057227 0.066765 0.049782 0.024285 0.031547 0.030265 0.039344 0.055931 0.037956 0.058143 0.197228 0.139168 0.049233 0.036111 0.056869 0.056908 0.114769 0.088402 0.239709 0.218971 0.055000 0.039589 0.021004 0.033318 0.197166 0.260155 1.308496 2.269422 1.294304 0.017372 0.025704 0.106844 0.221657 0.235894 0.031777 0.047264 0.043557 0.936215 0.810177 0.036019 0.027657 0.018943 0.028404 0.049736 0.067558 0.024284 0.023399 0.039238 0.081992 0.092231 0.033303 0.045432 0.024986 0.024986 0.030098 1.570465 1.566681 1.571085
0.045722 0.262552 0.206435 0.042091 0.036354 0.032891 0.033180 0.044885 0.077465 0.067559 0.032784 0.140373 0.243351 0.044243 0.037606 0.057534 0.134148 0.208108 0.226998 1.282644 1.268339 0.173958 0.037964 0.019570 0.082467 0.135688 0.193854 0.218620 0.195076 0.177575 0.020180 0.032280 0.086191 0.632607 0.655451 0.058907 0.036095 0.026466 0.068294 0.645627 0.535040 0.031945 0.041252 0.025300 0.036887 0.091241 0.023170 0.041543 0.037499 0.605349 0.618286 0.537351 0.495538 0.029701 0.030006 1.459408 1.516811 1.532663 1.541999
0.037377 0.249215 0.236214 0.165764 0.036674 0.037255 0.026206 0.049290 0.062203 0.127388 0.025399 0.083001 0.181267 0.112328 0.102791 0.168281 0.278817 0.208520 1.305730 1.309380 1.293169 0.199912 0.070885 0.022041 0.188711 0.221900 0.106499 0.133979 0.104547 0.166282 0.072715 0.057381 0.740012 1.810418 1.836147 0.787347 0.027229 0.028785 0.019661 0.021522 0.262062 0.378234 0.494973 0.021873 0.039454 0.460306 0.031161 0.031962 0.049538 1.680839 1.727376 2.708269 1.654831 1.571498 2.571819 2.608471 1.564876 1.571105 2.571739
0.021980 0.222343 0.208992 0.151877 0.360557 0.048638 0.032967 0.042061 0.220086 0.202447 0.121391 0.081946 0.370094 0.348715 0.355567 0.157479 0.233178 0.169899 1.336478 1.319346 0.261575 0.048210 0.093955 0.095234 0.134239 0.114602 0.173103 0.148399 0.100699 0.178232 0.113671 0.103828 0.799139 1.873480 1.883142 0.827341 0.064659 0.039787 0.037117 0.069832 0.141548 0.386207 0.019096 0.026787 1.703924 3.736753 1.749047 0.604808 0.656911 2.690549 2.718256 2.714298 1.665330 2.529665 2.601834 2.614389 2.569249 2.582238 2.580777
0.206550 0.210731 0.189751 0.133719 0.456734 0.408049 0.308193 0.295356 0.288078 0.222174 0.131891 0.361423 0.395085 0.374412 0.356769 0.324630 0.331984 0.159286 0.166603 0.209251 0.025382 0.049842 0.017372 0.076973 0.109535 0.172264 0.149971 0.115197 0.073144 0.286192 0.324081 0.077873 0.057747 0.831537 1.891685 0.812491 0.039879 0.045204 0.057061 0.541284 0.641286 0.251081 0.134188 0.560367 3.770589 4.758650 2.765389 2.760670 2.773748 3.715214 2.720516 0.632399 0.644555 2.502248 3.564178 3.586976 3.571469 3.595834 2.575493
0.161019 0.191949 0.170463 0.119590 0.477566 0.454322 0.395424 0.384894 0.017372 0.117270 0.322470 0.367883 0.356909 0.316036 0.242730 0.829941 0.770463 0.160155 0.165780 0.106926 0.073570 0.031898 0.017372 0.042167 0.067665 0.220002 0.236269 0.219182 0.271320 1.349722 0.348224 0.068109 0.065024 0.776026 0.776531 0.650397 0.373345 0.357046 1.633336 2.693374 2.757005 1.723281 2.748386 4.779171 4.773726 5.752449 4.783895 3.777348 4.795457 2.723250 0.039669 0.014396 0.043958 1.532143 4.556638 3.589652 3.562312 4.531693 4.564716
0.127937 0.160591 1.148155 0.117851 0.064979 0.031946 0.280143 0.270440 0.017372 0.061607 0.273942 0.317387 0.300065 0.231734 0.859959 0.932113 0.902336 0.101448 0.136306 0.142707 0.051705 0.033561 0.039970 0.037605 0.236457 1.317212 1.303183 1.260123 1.355182 1.351703 0.344527 0.078239 0.097846 0.091469 0.058703 0.543624 0.311411 0.397813 0.547248 2.732210 2.818331 2.854558 3.820454 3.842057 3.820899 4.764534 5.792250 5.807518 4.825124 1.784701 0.041821 0.042259 1.536547 3.581062 3.589298 2.586160 3.551962 4.564970 4.571461
0.085655 0.104347 0.114754 0.095314 0.052376 0.094138 0.138740 0.295145 0.150473 0.100501 0.777052 0.782334 0.786999 1.797347 1.839710 1.812885 1.817894 0.861367 0.822478 0.071589 0.066372 0.064610 0.025825 0.200877 1.300562 2.317619 2.304631 1.245265 0.333542 0.296852 0.326223 0.099710 0.124928 0.038567 0.033593 0.047355 0.414698 0.200117 0.174447 1.682888 2.799804 1.833391 1.818960 1.814701 1.804131 2.768227 4.758904 5.783018 4.804588 1.748386 0.689971 0.564768 3.567573 5.583962 4.600698 2.584037 3.549797 4.561395 4.568933
0.269326 0.331551 0.069298 0.061318 0.078288 0.168459 0.194498 0.775705 1.822119 1.843057 1.873492 1.876860 1.879436 2.890597 2.884818 2.878203 2.875973 0.878905 0.896225 0.887217 0.861126 0.887232 0.151845 1.240942 2.291645 3.300429 3.287170 1.237917 0.047387 0.056741 0.084281 0.143593 0.057304 0.070015 0.052422 0.082451 0.058098 0.124106 0.159551 1.690379 2.796992 1.828283 1.813344 2.780466 2.786521 2.786124 3.782630 4.790389 4.804488 0.725109 0.697390 1.541753 4.570334 5.585055 4.602962 3.598473 4.585328 4.597660 2.593503
0.197457 0.025597 0.053093 0.039772 0.050575 0.104639 0.834515 0.911560 0.922646 1.892722 2.898522 2.900317 2.899980 2.905665 2.903534 2.902518 2.894063 1.891317 0.906998 0.899453 0.899578 0.105644 0.203360 1.275832 2.321273 3.328212 3.298090 1.187550 0.056633 0.040703 0.061013 0.088218 0.103158 0.093345 0.068337 0.091102 0.080869 0.110526 0.151901 1.601237 3.786847 3.839371 3.821635 4.796103 4.806479 3.801077 4.796330 4.800865 4.821247 0.735063 0.705693 1.568942 4.582607 6.592505 5.616198 3.603661 4.591402 4.593833 3.609262
0.101631 0.098823 0.026999 0.066917 0.091521 0.849722 0.920071 0.920558 0.924345 0.902031 2.898056 3.899753 2.902887 2.904455 2.903068 2.902418 2.895458 1.892379 1.892727 0.899273 0.897905 0.123499 0.201079 1.256205 1.296770 1.312147 2.325134 1.141108 0.050694 0.025780 0.026329 0.134621 0.105506 0.106255 0.089744 0.048454 0.087425 0.105309 0.137440 1.613388 3.778064 4.843124 2.813159 3.789402 4.803631 4.800361 4.789328 4.802052 3.824813 1.792254 0.713951 1.557731 4.575284 7.566808 6.609887 4.597772 4.588585 4.589610 4.611414
0.781225 0.063041 0.073395 0.055186 0.084943 0.807535 1.893858 1.896364 1.905877 0.903622 1.898066 3.904468 3.901864 2.905562 2.905040 2.904952 2.901576 1.893655 1.904392 0.897105 0.896359 0.090944 0.131164 1.058303 0.169210 0.026923 0.320122 0.267989 0.058379 0.033516 0.035362 0.169732 0.027458 0.037095 0.034157 0.026054 0.060645 0.078423 0.086983 0.074422 0.511397 1.629616 0.666840 0.676631 1.751714 2.748085 2.742872 2.768286 1.739950 1.730852 1.678606 1.615753 3.524779 5.533409 5.590912 3.578711 3.570300 3.554550 3.583132
0.792932 0.043301 0.065464 0.049681 0.082098 0.808322 1.896849 2.903863 1.915138 1.896042 1.903184 2.901835 3.907027 2.905468 2.909707 2.907504 1.896369 0.886527 0.891757 0.890102 0.887809 0.835513 0.801746 0.850171 0.118156 0.038521 0.049568 0.048790 0.033531 0.036308 0.045937 0.041008 0.014396 0.049842 0.037209 0.026970 0.067940 0.124519 0.095436 0.084695 0.078691 0.098250 0.080604 0.076827 0.068704 1.783053 1.800357 0.726528 0.719121 0.593771 0.551909 1.551703 0.345427 1.069570 1.127927 0.032402 0.024966 0.071709 0.346243
1.708389 0.634941 0.067100 0.047691 0.087313 1.863073 2.894225 3.895750 2.890088 2.895052 2.893597 2.900777 2.901026 2.903447 1.901153 2.902480 1.891051 1.888726 0.896227 0.896370 1.890478 1.870902 1.842131 0.835669 0.087799 0.036232 0.060219 0.059258 0.031059 0.028572 0.036842 0.036994 0.036369 0.037163 0.187798 0.174767 0.140785 0.110695 0.097969 0.069207 0.062492 0.060265 0.075646 0.053535 0.094067 1.811835 1.817755 0.083281 0.042298 0.061502 0.044257 0.043754 0.053194 0.044106 0.067741 0.014396 0.026833 0.080065 0.085853
1.750285 0.659754 0.050634 0.035151 0.805070 2.884256 3.893982 3.899495 3.894822 3.892870 3.893522 3.893864 3.897351 2.898570 2.892637 3.884671 3.867059 3.878087 3.860617 2.878346 2.888756 2.845878 1.888977 0.905440 0.078158 0.076138 0.036492 0.044716 0.050774 0.023857 0.095374 0.048064 0.071724 0.026238 0.187431 0.175315 0.163537 0.150537 0.143334 0.092294 0.048057 0.049049 0.041012 0.069389 0.104145 1.784966 1.792936 0.077236 0.066857 0.036643 0.069084 0.046044 0.030937 0.037209 0.064232 0.042794 0.028297 0.156318 0.095497
0.684272 0.544797 0.341344 0.271858 1.798586 2.880311 3.893609 3.903718 4.898992 3.899607 3.897607 4.892118 4.896078 4.896808 4.894481 4.894624 5.872941 5.883873 4.880575 4.879557 4.878195 2.878109 0.862183 0.019670 0.743925 0.705537 0.776951 0.786604 0.749844 0.050346 0.081038 0.046183 0.054436 0.023628 0.022042 0.165414 0.166283 0.158901 0.142678 0.027229 0.030791 0.040459 0.066874 0.051475 0.047324 0.872426 0.832615 0.082555 0.096489 0.099815 0.054848 0.046730 0.027717 0.055867 0.052863 0.219368 1.320029 0.206550 0.146538
0.032071 0.437010 0.672011 1.790651 2.879304 3.888636 3.892678 4.891069 4.901791 3.895766 4.879725 5.891359 5.893875 5.895700 5.897904 4.896474 5.880188 5.890100 4.886862 4.891161 3.895906 2.889682 1.852215 0.788512 1.789884 1.800342 1.799827 1.804322 1.813294 0.745345 0.670111 0.078077 0.046754 0.034645 0.018151 0.149559 0.028358 0.038171 0.045784 0.026940 0.024361 0.028267 0.035591 0.048179 0.062004 0.884890 0.866605 0.878917 0.097527 0.094795 0.079125 0.065833 0.053383 0.046288 0.050544 0.059944 0.199577 0.026802 0.121605
0.040794 0.031822 0.752271 2.879400 3.882318 4.885598 4.889381 4.892716 4.895374 4.890959 5.886907 5.892725 6.888345 6.897405 5.892205 5.891828 5.882437 5.895340 3.877624 3.887180 2.888573 1.855333 1.847139 2.777186 2.809856 2.820922 1.809140 1.810922 1.825214 0.021429 0.633732 1.582958 0.460263 0.058941 0.049858 0.079690 0.033119 0.043312 0.019310 0.014396 0.026939 0.026757 0.044590 0.051582 0.079170 0.855944 0.819105 0.081249 0.045861 0.050881 0.051162 0.042000 0.068914 0.064400 0.040246 0.059455 0.044975 0.033867 0.035240
0.058369 0.045489 0.084312 4.851263 6.890791 6.897891 5.894996 4.894211 4.899479 4.893580 5.886716 5.893113 5.893274 6.893247 5.892661 5.894812 6.872945 5.890908 4.879913 3.889710 2.890590 1.855310 1.848791 2.780649 3.816523 2.826509 2.827100 1.819483 1.838549 0.025581 0.638869 1.613566 2.626123 1.625477 0.455033 0.061972 0.048790 0.030052 0.037361 0.026787 0.038627 0.039391 0.038948 0.055611 0.120278 0.107706 0.102248 0.055000 0.045433 0.036995 0.045967 0.032478 0.044068 0.040809 0.043525 0.038674 0.028298 0.029228 0.031441
0.066868 0.058387 0.034202 4.884404 5.859452 6.874806 5.881488 4.890520 3.890569 4.883200 5.881902 5.888292 5.888110 5.894634 4.885439 4.885878 6.853323 6.870236 6.878553 4.867397 3.838941 3.844775 2.810770 3.778083 4.806159 3.802832 3.804258 3.812256 2.831453 0.702494 0.685077 2.632774 2.650081 2.655705 1.631062 0.490398 0.041878 0.034172 0.031544 0.038567 0.055565 0.038338 0.085489 0.014396 0.051903 0.069191 0.071968 0.049568 0.042687 0.044578 0.048698 0.034310 0.048484 0.018090 0.020332 0.047264 0.014396 0.024894 0.040779
0.066407 0.057045 0.033882 2.879863 3.881227 4.874825 3.890136 3.891963 3.893580 3.892624 5.869216 6.886787 6.896277 5.896122 4.885536 4.885454 6.852096 6.873076 6.878358 5.876721 4.872611 3.838348 3.819051 4.779696 4.812378 4.805651 4.823238 3.822313 2.824666 1.699493 1.662524 1.669455 2.653896 2.673923 2.672189 1.655123 0.063924 0.030266 0.032921 0.042304 0.085208 0.057700 0.092508 0.073630 0.041512 0.045707 0.071496 0.055168 0.049584 0.027993 0.028664 0.018197 0.021614 0.021705 0.030327 0.050804 0.040245 0.041023 0.039604
0.048430 0.036673 0.854956 2.876294 3.883218 3.892083 3.893760 3.895422 3.897170 3.896674 4.883382 6.875647 7.885779 7.907412 5.899962 4.886130 5.853802 6.862808 6.873922 6.894833 4.877644 3.838870 3.834037 3.815690 3.812076 4.800559 4.836575 3.828460 2.827521 1.714473 1.663562 1.667714 1.665789 1.662706 2.640696 2.672945 0.514265 0.035292 0.033911 0.067576 0.061486 0.063366 0.384238 0.416229 0.053561 0.035729 0.031914 0.029915 0.023354 0.032067 0.027092 0.037987 0.032341 0.039558 0.045356 0.065468 0.045280 0.040338 0.051309
