use_cases/Flooding_chicago/flooding_data/output/h_3120.asc
ncols 337
nrows 393
xllcorner 428428.000000
yllcorner 4602440.000000
cellsize 26.757400
NODATA_value -9999.000000
[rows 108 to 134 of 393, columns 236 to 294 of 337]
3.062723 6.056611 7.092350 5.079918 4.074745 3.037986 3.050715 3.043855 3.047840 3.051838 3.015439 3.887205 3.854323 2.906656 1.851328 0.131940 0.132738 0.140486 0.021401 0.070746 1.063308 3.060297 2.057348 1.031491 1.030459 1.019220 2.908377 3.037107 1.900088 2.718791 2.764788 1.389847 1.784630 2.804653 3.049850 1.944437 1.616845 1.599658 1.615713 3.458567 2.433558 0.665618 0.580262 1.336223 2.357165 1.160702 0.089456 0.022591 0.022591 0.048698 0.050743 0.033822 0.047905 0.028871 0.017967 0.036644 0.033516 0.043988 0.032265
4.062993 6.054991 7.082689 5.077006 4.063385 3.042384 3.040059 3.035898 4.060713 4.076264 4.096491 3.012041 1.976283 1.926153 0.093141 0.134671 0.136541 0.138804 0.120583 1.098890 3.101391 3.121693 1.068742 1.039565 1.020104 1.879476 2.916675 3.972485 2.920847 2.762277 2.669331 2.543963 2.274657 2.257934 2.273078 2.115348 0.991759 1.405553 1.566884 2.400789 1.240369 0.725100 0.525952 0.386681 0.401615 0.264186 0.136145 0.030845 0.041023 0.046074 0.044342 0.026345 0.022125 0.017967 0.021034 0.028862 0.022011 0.045098 0.103981
4.053438 6.061180 6.081028 5.071709 5.069850 4.061722 3.042183 3.036716 4.047667 4.054428 4.061584 3.014833 1.932886 0.960230 0.142024 1.186386 0.156329 0.153919 0.156191 1.054566 3.067586 3.107156 2.120927 2.104362 3.049255 4.026376 4.045980 3.989644 4.028886 2.805278 2.692529 2.459303 2.315070 2.269324 2.323174 1.276926 1.174073 0.994350 1.493041 1.550632 0.885569 0.954977 0.222760 0.288725 0.393598 0.418417 0.244784 0.039100 0.061165 0.044411 0.061577 0.035987 0.043831 0.031182 0.026512 0.024666 0.035698 0.046333 0.169380
4.065482 6.069163 6.086442 6.087300 6.078107 6.076869 5.081637 5.077973 6.092576 6.107491 4.082887 3.022602 1.065675 1.079686 1.163114 2.182087 2.176681 1.169939 1.173676 1.119321 3.039237 4.105480 4.148534 4.133681 4.084863 5.027858 5.091088 3.948941 3.975779 2.857296 2.775207 1.474022 1.495714 1.485034 1.495682 1.387364 2.380174 2.425184 1.131928 1.165766 2.140940 1.134294 0.361807 0.166909 0.270364 0.345158 0.383371 0.053968 0.089838 0.046501 0.070732 0.072777 0.048806 0.038231 0.030602 0.037804 0.030480 0.040597 0.171119
5.081588 6.053509 7.079535 6.070580 6.062104 6.057957 6.059719 6.055981 7.055838 7.046972 5.031756 2.948047 2.165452 2.182600 3.199186 3.183944 3.176314 2.179519 1.156841 2.135397 4.076886 6.119215 6.168863 5.115069 5.070554 5.025177 5.098712 2.984221 2.877954 2.880742 1.772878 0.724714 1.459117 1.531217 1.574740 2.457808 3.473511 2.348181 2.346745 2.431439 1.125055 1.077154 0.391875 0.206990 0.294757 0.327348 0.698488 1.925190 0.851436 0.707357 0.719000 0.078774 0.078071 0.088024 0.130181 0.035255 0.050163 0.022560 0.140878
6.055185 7.056656 6.073442 5.064644 5.050453 5.053619 6.049391 6.993186 6.050879 5.034188 2.931566 2.082015 2.080377 2.139853 4.151908 3.163867 4.163781 4.179794 3.198518 3.166576 4.062386 6.075490 6.142970 5.130960 4.090827 4.069614 5.097179 3.070366 2.029160 2.016182 0.926847 0.801303 1.496548 1.612739 2.776095 3.424272 3.405811 3.374564 2.339604 2.436102 0.234933 0.170958 0.085901 0.145747 0.048857 0.019930 1.983213 1.970224 3.009584 2.974628 1.972440 0.883460 0.179528 0.132592 1.220999 1.208291 0.180350 0.051063 0.073555
5.077334 5.977101 5.080125 4.073834 3.061226 4.043884 5.051620 5.051817 4.043463 2.990200 2.095908 2.091115 1.143795 2.154938 2.186109 3.160150 5.162323 6.170615 5.215962 4.170260 4.114361 5.102519 6.113615 6.146583 5.135964 5.123999 5.120121 4.152804 3.149934 2.057132 2.130106 0.933583 1.375313 2.640664 2.631776 3.199628 3.171661 2.177588 2.236083 1.202330 0.043908 0.037930 0.054253 0.079228 0.072441 0.021919 0.924240 1.985494 3.017714 3.013817 2.984121 1.932234 0.172920 0.138052 1.233621 1.223173 0.201240 0.038627 0.042381
5.087703 4.048038 4.060942 3.089906 2.072076 2.057186 3.026369 3.019136 2.046430 2.089886 2.106370 2.125742 2.230125 2.165796 2.184610 3.146690 5.130975 7.135539 6.204500 5.195328 4.119180 5.100529 5.139926 5.131765 5.121475 5.110003 5.133626 4.099745 4.147877 4.181307 3.165567 2.139350 0.791933 2.212501 2.131029 1.720282 0.980682 1.011733 0.115521 0.078677 0.039047 0.035362 0.036498 0.086499 0.039878 0.017372 0.045091 0.917365 2.008928 3.020828 2.991603 1.947308 0.133412 0.117332 0.170526 0.190932 0.205961 0.022438 -9999.000000
5.097860 3.077401 3.087635 3.096437 2.071830 1.047331 0.075582 0.071921 1.016514 2.128429 3.238234 3.252513 3.260329 3.230332 3.219471 3.181347 4.138230 6.109725 6.204986 5.169801 5.153398 5.130564 5.147054 5.136011 5.128814 5.118337 5.161189 3.122177 4.079656 4.100248 3.102673 2.047488 0.804264 0.741485 1.428416 0.801976 0.608738 0.079762 0.060829 0.076149 0.028548 0.060149 0.065178 0.061869 0.072492 0.017372 0.037143 0.085621 0.954561 2.024222 2.993052 2.982255 1.063541 0.019082 0.026314 0.022514 0.018439 -9999.000000 -9999.000000
6.137049 3.085952 3.094959 3.099031 1.098715 0.066632 0.033021 0.018028 0.119920 3.235144 5.327081 5.340308 5.320549 5.280051 5.256546 5.263192 4.189748 5.158023 6.181411 6.205075 7.185464 6.170896 6.182856 6.162714 6.167586 5.136689 5.183689 3.159980 3.159561 3.150654 2.192199 1.156602 0.463559 0.771570 1.400670 1.070168 0.763820 0.101721 0.059750 0.118747 0.165818 0.071925 0.023567 0.027366 0.019309 0.037971 0.021720 0.090286 0.109522 0.912618 1.902922 1.944205 0.030280 0.033119 0.018959 -9999.000000 -9999.000000 -9999.000000 -9999.000000
6.100186 3.068923 3.085062 2.125131 1.112896 0.078730 0.045797 0.021003 0.079894 3.089585 5.161270 5.232368 5.235375 6.174644 7.218927 6.194854 6.209696 7.194448 7.205600 7.189406 7.126444 7.166908 6.152261 6.129220 5.113812 5.100626 5.139253 4.149569 3.114264 2.105129 2.120707 1.029706 0.193507 0.977834 1.126764 1.578715 0.848171 0.090000 0.039923 0.032019 0.067088 0.113257 0.022942 0.023506 0.107661 0.352369 0.337221 0.186685 0.187129 1.055111 0.139130 0.114073 0.036979 0.034340 -9999.000000 -9999.000000 -9999.000000 -9999.000000 -9999.000000
4.155727 2.081789 2.093271 2.120793 2.113489 1.099688 0.055980 0.018028 0.021914 2.082783 4.170986 5.155512 5.187590 6.134952 7.171574 7.211253 8.199704 8.206622 8.226941 7.205601 5.130581 6.110392 6.169150 4.076843 4.100306 3.035155 4.093390 1.979009 0.912335 0.900423 0.819367 0.342285 0.384701 0.640888 1.128160 2.170451 1.258667 1.186533 0.298778 0.242128 0.075512 0.158670 0.201347 0.205109 0.168585 0.125775 0.060593 0.118828 0.151468 1.036381 0.135054 0.037163 0.014396 -9999.000000 -9999.000000 -9999.000000 -9999.000000 -9999.000000 -9999.000000
2.088960 1.052317 1.063290 2.077691 1.053064 1.093339 0.041517 0.038652 0.336793 2.054439 4.163824 4.232049 4.232627 4.221571 5.122960 7.165285 8.180980 9.190274 8.216592 6.202352 4.106960 5.081257 5.113240 3.095458 2.071346 1.118680 0.097760 0.049006 0.041907 0.047081 0.109898 0.184652 0.204928 0.467936 1.554086 2.364457 1.327551 1.054623 0.366838 0.287740 0.475043 0.188512 1.277197 1.274804 0.208536 0.190003 0.020927 0.043022 0.104545 0.108742 0.077704 0.057702 -9999.000000 -9999.000000 -9999.000000 -9999.000000 -9999.000000 -9999.000000 -9999.000000
0.057664 0.053920 0.043303 0.939954 0.997500 0.030630 0.038844 2.324795 3.431907 4.401027 4.280934 4.261353 4.244712 4.230570 4.225852 6.095108 7.177034 8.170174 7.218143 5.208997 3.178897 4.173269 3.199329 2.124823 0.084332 0.055429 0.071724 0.049858 0.069954 0.042206 0.047493 0.092909 0.040997 0.678105 1.710234 2.303078 1.061276 0.236214 0.128442 0.097412 0.200137 0.253320 1.287813 1.272414 0.195226 0.049516 0.024666 0.060380 0.107125 0.102898 0.059457 0.075737 -9999.000000 -9999.000000 -9999.000000 -9999.000000 -9999.000000 -9999.000000 -9999.000000
0.031121 0.039741 0.035286 0.076980 0.029733 0.033629 0.046014 4.275279 4.350833 4.326468 4.277646 4.248665 4.236404 5.236341 5.247844 5.230562 6.205018 7.224195 6.241769 4.237602 3.200717 4.198814 3.221364 1.014063 0.091244 0.084598 0.096519 0.078423 0.097663 0.033378 0.055580 0.047035 0.033333 0.554445 1.308534 1.851413 0.947024 0.373999 0.169410 0.055060 0.298624 0.286047 1.248618 1.241908 0.162369 0.067253 0.024880 0.070288 0.112613 0.096642 0.075569 0.033654 -9999.000000 -9999.000000 -9999.000000 -9999.000000 -9999.000000 -9999.000000 -9999.000000
0.025032 0.031745 0.036156 0.037300 0.027336 0.030189 0.049142 4.222724 4.307355 4.324819 4.279294 4.236322 4.222883 5.195269 6.215330 6.246708 7.230324 7.257890 5.248424 4.241988 3.205609 4.192541 4.239758 0.986951 0.076112 0.079457 0.051506 0.093665 0.060890 0.074959 0.031914 0.036354 0.028191 0.161964 0.615582 1.567825 1.245384 0.515373 0.196215 0.123639 0.300173 0.260724 0.046199 0.066248 0.045128 0.052023 0.035515 0.109734 0.062202 0.041009 0.022560 -9999.000000 -9999.000000 -9999.000000 -9999.000000 -9999.000000 -9999.000000 -9999.000000 -9999.000000
0.104534 0.048623 0.018594 0.049247 0.030296 0.031212 0.048555 3.259099 3.351568 4.310282 4.286112 5.256902 5.252646 5.222743 6.191882 6.238021 7.210051 7.226439 6.269799 4.236538 3.190605 3.173096 4.163416 0.866317 0.040567 0.045371 0.045784 0.042992 0.075355 0.024330 0.029564 0.024330 0.036034 0.149732 0.410891 1.480560 1.626347 0.677769 0.323326 0.188156 0.142766 0.066184 0.057426 0.034081 0.052772 0.022377 0.042107 0.081917 0.027535 0.019280 -9999.000000 -9999.000000 -9999.000000 -9999.000000 -9999.000000 -9999.000000 -9999.000000 -9999.000000 -9999.000000
0.099356 0.056574 0.023140 0.035911 0.036773 0.042625 0.041022 3.141970 3.321635 5.406372 6.479632 5.241206 5.205336 5.211252 5.180269 6.175802 6.183125 6.190420 6.217292 4.216117 2.143292 0.909433 0.846145 0.044869 0.037377 0.031639 0.028953 0.028618 0.121635 0.024330 0.029564 0.024330 0.030113 0.164932 0.265143 0.946313 2.132878 1.937825 0.488955 0.063896 0.094460 0.075432 0.053566 0.023078 0.041267 0.023766 0.038749 0.045281 0.026420 -9999.000000 -9999.000000 -9999.000000 -9999.000000 -9999.000000 -9999.000000 -9999.000000 -9999.000000 -9999.000000 -9999.000000
0.034065 0.043445 0.027231 0.038049 0.046392 0.203677 0.373148 1.781343 3.022200 5.119971 6.221186 5.178617 5.127749 5.163896 3.159169 3.191794 3.183328 4.194622 4.200086 4.159988 0.927672 0.064934 0.042630 0.041939 0.032554 0.018028 0.026665 0.043861 0.027686 0.598183 0.506173 0.365489 0.470216 0.280678 0.156562 0.240873 1.921984 2.142142 1.701441 0.089383 0.081322 0.116005 0.103950 0.116661 0.049340 0.043327 0.046623 0.023827 -9999.000000 -9999.000000 -9999.000000 -9999.000000 -9999.000000 -9999.000000 -9999.000000 -9999.000000 -9999.000000 -9999.000000 -9999.000000
0.031574 0.038666 0.077491 0.122799 2.048322 2.110700 1.374980 1.319928 2.020822 4.162496 5.260680 5.185289 4.131436 2.049952 1.075593 1.055962 1.037775 2.055805 2.082519 2.033406 0.145826 0.082044 0.044489 0.041039 0.029960 0.021003 0.029686 0.031193 0.721169 0.672219 0.032333 0.039360 0.030891 0.058606 0.035868 0.070820 1.590132 2.513059 1.653159 0.105592 0.090325 0.087318 0.141454 0.126136 0.045799 0.031380 0.036552 -9999.000000 -9999.000000 -9999.000000 -9999.000000 -9999.000000 -9999.000000 -9999.000000 -9999.000000 -9999.000000 -9999.000000 -9999.000000 -9999.000000
0.031033 0.042476 0.052681 0.114658 2.044528 2.101994 2.081011 1.102587 1.649968 3.506269 4.761788 4.918750 2.876635 0.318948 0.124096 0.603514 0.551938 0.350473 0.270913 0.869443 0.166899 0.145068 0.052412 0.067453 0.039559 0.018028 0.066505 0.782255 0.782791 0.049374 0.025322 0.030006 0.024498 0.037475 0.044366 0.095203 1.753149 2.792681 2.901661 0.069328 0.072459 0.132972 0.165947 0.141289 0.040794 0.047157 0.063988 0.039192 -9999.000000 -9999.000000 -9999.000000 -9999.000000 -9999.000000 -9999.000000 -9999.000000 -9999.000000 -9999.000000 -9999.000000 -9999.000000
0.050474 0.031038 0.077617 0.083436 0.068565 0.103160 0.472339 1.050270 1.473119 1.884883 2.008965 2.331715 1.550078 0.254332 0.247475 0.696528 0.648967 0.219646 0.297381 0.292723 0.212940 0.147277 0.066146 0.075371 0.047928 0.054222 0.057213 0.781685 0.774749 0.065016 0.029228 0.030587 0.024666 0.052224 0.055764 0.114294 1.841954 4.008991 2.869779 0.066170 0.094520 1.172677 1.173621 1.165524 0.146492 0.023094 0.068459 0.051659 -9999.000000 -9999.000000 -9999.000000 -9999.000000 -9999.000000 -9999.000000 -9999.000000 -9999.000000 -9999.000000 -9999.000000 -9999.000000
0.014396 0.032215 0.090225 0.112284 0.068638 0.156071 0.365539 1.513360 1.529794 1.732743 1.079920 0.983508 0.689320 0.425682 0.428843 0.394216 0.398108 0.246043 0.345566 0.351450 0.304323 0.204397 0.068986 0.039486 0.027534 0.027534 0.766536 0.744921 0.727306 0.063745 0.019707 0.074839 0.079105 0.061608 0.076564 0.106659 1.710310 3.858912 3.914751 0.061409 0.081505 1.164911 0.149727 1.160434 0.119819 0.043099 0.027458 0.026710 -9999.000000 -9999.000000 -9999.000000 -9999.000000 -9999.000000 -9999.000000 -9999.000000 -9999.000000 -9999.000000 -9999.000000 -9999.000000
0.026915 0.025435 0.138976 0.101872 0.057979 0.230340 0.553613 1.741552 1.717451 1.423531 1.140240 0.860485 0.659098 0.448164 0.427659 0.427015 0.383490 0.274870 0.306950 0.386986 0.439796 0.208932 0.058088 0.050534 0.038963 0.038963 0.079607 0.067544 0.061715 0.055221 0.673673 0.663131 0.065042 0.080209 0.018088 0.035814 0.571487 2.782097 3.570143 0.436817 0.065442 0.027932 0.020485 0.082221 0.037712 0.022591 0.022591 0.037101 -9999.000000 -9999.000000 -9999.000000 -9999.000000 -9999.000000 -9999.000000 -9999.000000 -9999.000000 -9999.000000 -9999.000000 -9999.000000
0.510116 0.435941 0.287782 0.171101 0.086748 0.429855 0.934317 2.516142 2.033226 1.605768 0.988665 0.975774 1.045511 0.048470 0.097498 0.122232 0.126762 0.179485 0.218238 0.383915 0.587413 0.308336 0.072451 0.027794 0.022591 0.022591 0.052254 0.033883 0.043373 0.065093 0.681136 0.689570 0.067009 0.021660 0.021660 0.038316 0.436708 1.665897 2.916735 2.626420 0.046036 0.032067 0.033149 0.046409 0.036949 0.022591 0.022591 0.031182 -9999.000000 -9999.000000 -9999.000000 -9999.000000 -9999.000000 -9999.000000 -9999.000000 -9999.000000 -9999.000000 -9999.000000 -9999.000000
1.571815 1.450932 1.277710 1.053778 1.202458 0.952335 1.643204 2.731827 2.535732 2.071951 0.755031 1.011402 0.894020 0.035328 0.048753 0.065352 0.072255 0.155373 0.166852 0.302693 0.555939 0.512785 0.138636 0.027794 0.022591 0.022591 0.040092 0.032355 0.041313 0.074970 0.654217 0.669280 0.060528 0.018089 0.123706 0.072038 0.688705 1.308875 1.986125 2.543942 0.505218 0.065720 0.078179 0.056221 0.062752 0.038170 0.029854 0.093590 0.050392 -9999.000000 -9999.000000 -9999.000000 -9999.000000 -9999.000000 -9999.000000 -9999.000000 -9999.000000 -9999.000000 -9999.000000
2.633491 1.427465 1.218783 1.029077 1.170411 1.847754 2.240159 3.104022 2.227435 2.258127 0.863478 1.173080 0.194835 0.042452 0.032401 0.030343 0.042683 0.101034 0.053778 0.066686 0.732100 1.909974 1.207049 0.251365 0.039817 0.048332 0.035896 0.017372 0.026222 0.038230 0.052902 0.647960 0.626698 0.655571 1.465376 2.535038 2.280928 1.931795 1.520467 1.541390 0.554539 0.132011 0.076409 0.063424 0.033333 0.030861 0.147743 0.100120 0.062034 -9999.000000 -9999.000000 -9999.000000 -9999.000000 -9999.000000 -9999.000000 -9999.000000 -9999.000000 -9999.000000 -9999.000000
