use_cases/Flooding_chicago/flooding_data/output/h_3240.asc
ncols 337
nrows 393
xllcorner 428428.000000
yllcorner 4602440.000000
cellsize 26.757400
NODATA_value -9999.000000
[rows 162 to 188 of 393, columns 59 to 117 of 337]
1.365527 2.386099 2.392282 4.392784 4.394961 4.395198 3.387052 3.391183 4.389159 6.388557 5.387636 5.387811 4.392294 4.391763 3.383470 3.394892 3.389108 4.386877 5.388367 4.389451 3.388216 2.387846 2.385442 1.369719 0.033919 0.018867 0.109673 0.116020 0.122274 0.037178 0.058861 0.047219 0.327218 2.441056 3.453987 1.467232 0.354195 0.263947 0.603920 0.028679 0.025932 0.063742 0.028938 0.182762 0.249061 0.027870 0.039085 0.038627 0.027718 0.030983 0.053568 0.039475 0.182657 1.222432 1.224298 1.221223 0.240161 0.300931 0.308094
0.275729 1.340310 3.383927 4.388517 4.385190 3.387903 3.383066 4.386910 4.387783 5.386464 5.384659 4.384698 3.380665 3.381180 3.387550 1.395300 2.388695 3.387915 4.389321 4.388910 4.390175 3.386167 1.380551 1.367217 0.387947 0.040930 0.073905 0.096046 0.032356 0.051231 0.056817 0.043999 0.276895 2.421393 0.343713 0.026283 0.267903 0.200448 0.411815 0.254408 0.966559 1.032180 1.127947 0.074256 0.369773 0.337895 0.027855 0.151154 0.123442 0.081356 0.058198 0.043053 0.039502 0.040857 0.042009 0.038670 0.027377 0.377791 0.383598
0.049054 1.273953 3.382336 4.387219 3.394000 3.388560 3.384408 4.386667 4.382655 4.388773 4.391405 3.383780 3.378097 3.379466 2.376592 0.370321 1.387598 1.387479 2.368802 3.377138 4.365525 2.385281 0.296349 1.333890 0.378689 0.471095 0.433387 0.053824 0.036416 0.048500 0.044258 0.038383 0.040490 0.317253 0.029732 0.019310 0.031471 0.134926 0.269662 0.285421 0.960543 2.136806 2.150847 1.074347 0.313790 0.322980 0.262309 0.169156 0.104937 0.540337 0.532023 0.548916 0.038438 0.049805 0.055201 0.051514 0.030110 0.444457 1.494893
0.063979 1.151182 3.365554 4.390251 3.414346 2.400155 3.383900 4.392683 3.403612 2.390588 2.389062 2.365883 3.375026 3.381661 2.381551 0.025398 0.026725 1.388474 0.040702 0.023155 0.049995 0.025811 0.035927 0.061083 0.042061 0.492942 0.470960 1.529522 0.026970 0.029853 0.133675 0.028114 0.028832 0.032692 0.019310 0.014397 0.024284 0.028328 0.196880 0.138010 0.171763 2.176595 2.159159 2.098590 0.251874 0.023632 0.024328 0.078963 0.530501 0.550973 1.517233 0.535529 0.030361 1.532203 1.542135 1.563083 1.557123 1.545681 2.539053
0.087295 1.211857 2.386943 2.394962 2.402596 1.378239 2.383207 2.402639 1.373405 1.372688 1.368494 2.338745 3.370012 3.373941 2.371045 0.032585 0.039681 0.038349 0.028938 0.025871 0.018943 0.033869 0.031777 0.041115 0.046441 0.053368 0.374666 1.529202 0.035225 0.051491 0.075752 0.055566 0.056602 0.028985 0.042197 0.024284 0.023399 0.028206 0.039590 0.026091 0.038826 1.136085 2.138393 2.104527 0.166701 0.025515 0.014397 0.498604 1.534623 2.517418 2.525074 2.546048 1.511407 3.532870 3.543117 2.563790 1.540531 2.513511 3.518536
0.127177 0.240100 1.380974 1.397279 0.385506 1.350659 1.361510 1.372818 1.364732 1.364869 1.359925 2.333343 3.367124 3.368488 2.361209 0.020393 0.160913 0.033768 0.027962 0.023842 0.014397 0.021004 0.019570 0.023247 0.032661 0.044670 0.043587 0.299930 0.291708 0.271631 1.285721 1.298577 1.300110 1.293366 0.209484 0.029485 0.028419 0.094881 0.047582 0.068655 0.047415 1.133949 2.120039 3.066739 2.116589 0.095536 0.019310 0.448364 2.517834 3.529967 4.520810 3.536698 3.522142 4.536658 4.546760 2.545015 2.541410 2.518682 3.481484
0.125236 0.106041 0.297778 0.354695 0.378166 1.354138 1.359099 1.372237 1.363415 1.363470 1.357694 2.337475 3.394581 3.395041 2.379126 0.189686 0.112443 0.188405 0.036204 0.028343 0.018455 0.029380 0.047066 0.053429 0.050987 0.046867 0.031516 0.034615 0.291288 0.302239 1.293776 1.297242 1.296469 3.263406 2.285465 1.268110 0.175240 0.108971 0.132367 0.102033 3.070252 3.072906 4.084749 4.089397 2.117145 1.106877 0.074959 0.483358 1.510157 2.524707 3.520272 2.519665 2.520737 2.525364 3.510384 3.539116 3.533945 3.530575 4.499999
0.265832 0.154532 0.134499 0.057854 1.360830 2.266193 3.293787 2.348734 2.340981 2.347343 2.339196 2.347605 1.338246 1.308420 1.222365 0.661309 0.431252 0.711992 0.709961 0.069248 0.029197 0.050194 0.067513 0.044899 0.032173 0.023551 0.022591 0.022591 0.027687 0.196379 0.235622 0.252411 0.261139 2.291138 1.295606 0.262308 0.195739 0.102489 0.109661 2.025908 5.105309 5.084356 4.108231 2.089223 0.096316 0.091422 0.029143 0.056726 0.037098 0.401476 2.477416 1.456632 0.485008 1.474757 2.508385 2.539465 3.470390 4.496696 5.506980
0.017372 0.017372 0.020180 0.354405 1.225532 3.311646 4.314112 3.321527 2.341446 1.333756 1.332675 1.224030 0.241598 0.222306 0.159810 0.622035 1.731369 2.825761 1.832730 1.826789 0.581738 0.105900 0.081713 0.049919 0.036947 0.036415 0.022591 0.022591 0.027122 0.388419 0.111472 0.018501 0.023781 1.283571 0.263397 0.249542 0.141512 0.132596 0.146477 3.059084 5.100739 5.115654 3.106341 2.102159 0.079593 0.014397 0.063209 0.059920 0.018120 0.026677 0.551460 0.627480 0.029100 1.406915 2.481125 2.528065 3.437754 4.476962 5.493293
0.214516 0.128556 0.389275 0.257179 0.476924 2.270898 3.370778 2.387044 1.362202 1.378033 0.251582 0.833943 0.627874 0.094151 0.196375 1.783282 1.893887 1.885083 1.915693 1.886905 1.821497 0.126308 0.064430 0.076500 0.060997 0.037133 0.021050 0.029946 0.290655 1.299355 0.319691 0.034168 0.031349 0.034187 0.035287 0.028328 0.162075 0.797728 2.059388 3.090851 3.094630 3.101941 3.101664 2.094522 0.084384 0.036085 0.063323 0.022652 0.021843 0.029478 0.062790 0.566231 1.716182 3.498475 4.686211 3.613823 3.524653 4.445277 5.484647
0.541389 0.569758 0.491051 0.395118 0.245980 1.193341 1.215136 0.234879 0.246606 0.239616 0.185393 0.577419 0.793978 0.864343 0.851687 2.874024 1.900035 1.894246 0.900624 0.885527 1.849318 0.088442 0.040091 0.049155 0.388187 0.349583 0.340900 1.366029 3.495433 3.476502 2.460431 0.336544 0.027214 0.034965 0.042916 0.036384 0.039269 0.075892 1.116931 2.072011 3.093081 3.104251 3.107370 2.104894 1.104972 1.100738 0.051740 0.022743 0.050086 0.066282 0.661471 2.728953 4.729747 6.599946 7.745731 6.739746 5.611339 5.565313 5.554579
0.497000 1.706419 0.582056 0.474081 0.330222 0.410765 0.972971 1.035325 0.148617 0.147073 0.106920 0.451773 0.879681 0.984431 0.956222 2.909651 1.911837 1.917479 0.898442 0.881300 1.892046 0.054643 0.053170 0.565236 1.584162 2.548042 2.573258 1.598366 1.522214 3.537733 2.515170 0.406995 0.041330 0.062195 0.030464 0.039971 0.027503 0.036736 0.029587 0.944714 3.090022 3.110313 3.115064 2.112121 2.115272 1.097684 0.062851 0.023018 0.033792 0.596808 2.746632 3.706397 5.505045 8.517175 8.657363 8.672301 7.605809 7.577266 7.583787
0.536491 0.544731 0.513162 0.430260 0.289436 0.367246 0.872437 0.891657 0.565301 0.435532 1.173372 0.310966 0.943120 0.980479 2.836698 2.919647 1.889039 1.900210 0.851492 1.821337 0.765688 0.638401 0.588760 1.586130 1.610229 1.596152 2.621821 0.550129 0.528559 0.521501 1.458566 0.444406 0.038628 0.061495 0.068446 0.027733 0.029091 0.019737 0.026897 0.876191 3.076593 3.119353 3.121553 3.124849 2.135884 0.092588 0.014397 0.024330 0.629180 4.834843 5.880368 5.826383 5.532596 7.425198 8.583961 9.583525 9.588181 9.588795 8.616724
0.128029 0.225336 0.170112 0.122582 0.070885 0.092658 0.126558 0.689553 0.879264 1.001423 2.058016 1.036616 1.016841 0.994991 1.839354 2.940288 1.893955 1.912147 0.831254 0.797621 1.634272 1.648708 2.653992 1.625577 1.654247 0.543964 0.525093 0.510875 0.022390 0.021902 0.277609 0.969206 1.034539 2.126102 1.094530 0.043927 0.023949 0.038341 0.077603 1.039239 3.098039 3.107643 3.114486 2.106115 2.107322 0.084398 0.021049 0.755824 4.908873 7.922068 7.969914 5.903969 2.703668 4.149215 5.518114 6.511170 6.539805 8.515513 7.566018
0.079171 0.164115 0.142875 0.109063 0.061379 0.098395 0.084099 0.086829 1.044904 2.114302 3.153372 2.167075 1.022407 0.974314 1.868167 1.896799 1.881168 1.904098 0.823422 0.819178 0.766769 2.617625 2.695772 1.649541 0.512347 0.407799 1.119293 1.213947 0.199064 0.170208 1.106033 2.166038 3.155424 3.156663 1.120863 0.170708 0.126488 0.082725 0.088479 1.051367 2.085917 2.087263 2.092019 2.099974 2.096030 1.103003 0.022197 2.883358 7.884983 8.906141 7.916062 5.888396 3.865597 2.669803 3.535682 2.590232 2.529868 3.521415 4.541914
0.056572 0.231239 0.211356 0.162148 0.077904 0.165917 0.150582 0.145516 0.184526 1.096791 2.163767 2.199764 0.995032 0.952960 0.911556 1.826372 1.852750 1.842013 1.799771 0.886922 0.048500 0.514935 0.568822 0.468281 0.401611 1.196790 2.249484 1.299859 0.234180 1.188922 2.201787 2.194321 3.208823 0.144582 0.029312 0.029376 0.146743 0.978969 1.023839 2.063888 2.076885 2.090232 2.074868 2.080090 3.073567 2.096336 0.944927 3.798700 7.838519 8.892066 7.924528 5.884440 4.935190 2.763733 2.778602 1.574565 0.519206 1.477452 2.512712
0.308096 0.303765 0.262962 0.185369 0.399039 0.231697 0.209008 0.148236 0.247766 0.277937 0.157829 0.997475 0.911452 1.818814 1.868366 1.856717 1.836013 1.826222 1.851325 0.838055 0.048376 0.014397 0.045950 0.290940 1.167388 1.258546 2.270231 2.247798 1.208068 1.214127 1.214996 1.200350 2.202183 0.022798 0.014397 0.026604 0.021279 2.034260 2.032531 2.035175 1.050782 1.057654 2.047628 2.066172 4.009943 4.066052 4.052543 4.919459 6.900450 8.921610 8.989772 6.975088 5.989813 3.957520 2.923238 0.894357 0.049875 0.050339 0.546867
0.364830 1.361550 0.303186 0.224632 0.131705 0.073646 0.063525 0.047066 0.085106 0.144646 0.075194 0.097229 0.760899 1.844023 1.882241 1.841192 1.774569 2.670615 2.724943 1.697516 0.741133 0.048603 0.033496 0.249171 1.194619 1.247361 1.253250 2.225919 2.248701 1.215504 1.206662 1.195560 2.205780 0.136841 0.024360 0.023841 0.062918 2.034384 3.041359 2.055570 1.054577 1.061125 2.026026 3.045031 4.020600 4.049649 5.958980 5.997988 6.902816 8.904455 8.957543 8.000932 5.930631 4.962592 2.950091 0.906149 0.055227 0.018211 0.051201
0.344200 1.353217 0.322531 0.034905 0.041099 0.039191 0.029381 0.031516 0.035089 0.271492 0.020469 0.036826 0.825070 1.919945 0.027749 0.661894 2.628917 2.720445 2.750742 2.751001 1.766081 1.756932 0.772640 0.042593 0.052537 0.039309 1.252769 2.215827 2.242799 2.243871 1.191980 2.060108 3.115305 2.153794 0.113863 0.022210 0.066336 1.018989 2.041324 2.055017 1.051174 2.029084 3.057353 4.058619 4.050143 4.038714 5.954703 5.984076 6.858198 7.836479 8.865100 7.962096 4.902971 3.872729 2.940703 0.903670 0.059109 0.021660 0.064240
0.378349 0.035896 0.048026 0.056755 0.055809 0.051521 0.037727 0.034249 0.044654 0.334740 0.031517 0.028130 0.056227 0.779666 0.046685 0.682031 2.757542 2.779440 2.800342 2.805316 1.775328 1.781351 0.775764 0.025262 0.032448 0.027092 0.037190 3.159607 2.214437 2.220703 2.158144 3.136766 4.154387 3.176233 1.159170 0.127207 0.019310 0.059713 1.006339 1.038225 2.045255 3.056008 4.072094 5.077338 5.105505 4.048928 5.945812 7.027969 5.966274 5.971423 6.930667 7.002084 3.969110 2.951208 2.947510 1.971147 0.062510 0.021660 0.069837
0.025703 0.056816 0.066247 0.060371 0.047463 0.041313 0.030098 0.043831 0.043252 0.365334 0.036477 0.038048 0.046303 0.077509 0.076214 0.610458 1.621259 1.613046 1.648349 1.758502 1.727164 0.585483 0.059047 0.025489 0.017372 0.017372 0.032054 1.262416 1.269629 0.210549 2.153496 4.157375 5.162723 4.185815 2.176761 0.144991 0.027366 0.023507 0.065171 1.994196 3.037566 4.043164 5.029328 5.055598 5.053446 5.058781 6.982429 7.005716 5.942046 5.920716 5.936933 6.972370 3.961709 3.975767 3.972833 3.989101 0.950574 0.018212 0.072777
0.025703 0.045616 0.049950 0.038169 0.078209 0.063161 0.042641 0.077949 0.041573 0.373528 0.040916 0.050300 0.032158 0.038934 0.050137 0.502763 1.559259 1.516562 1.511248 0.572643 0.073903 0.086628 0.116420 0.111076 0.032417 0.024269 0.018608 0.020591 0.027791 0.033739 1.149241 3.154682 4.173409 2.153871 1.153772 0.123973 0.023566 0.022942 0.068848 1.981846 4.012334 4.023434 4.049520 5.033761 5.041166 5.991891 6.955049 5.933410 4.894435 3.916992 4.917655 5.949928 5.981544 5.986321 6.992445 5.992972 2.969590 0.068117 0.078180
0.033958 0.061714 0.046089 0.070122 0.065285 0.055295 0.037743 0.056450 0.284141 0.359612 0.043877 0.055656 0.038932 0.048944 0.038805 0.417393 1.498309 2.209698 1.464424 0.508191 0.024116 0.026650 0.125232 0.117412 1.084313 0.054038 0.035667 0.128879 0.122974 1.129152 2.133290 3.145483 3.147713 2.141187 1.137789 0.111419 0.086742 0.075773 1.016826 2.017237 3.037593 3.053362 4.050457 5.049324 6.076310 6.044855 6.057827 4.036145 2.976672 2.976876 3.902399 4.948562 5.943095 5.958515 6.945282 5.980227 3.973835 2.946216 1.943924
0.043404 0.122154 0.081794 0.156735 0.099693 0.072013 0.045401 0.214855 0.238090 0.025184 0.049187 0.014397 0.030469 0.032356 0.277200 0.385817 1.421588 2.364362 1.404965 0.443868 0.026481 0.039086 0.029625 0.118781 0.090106 0.145357 0.117989 1.146194 1.147026 3.080033 4.112137 4.125898 3.133609 3.105847 2.066413 2.064287 3.088331 3.095470 3.095903 2.046424 3.050613 4.085156 5.101255 6.100386 6.080148 7.074794 7.113529 4.044504 2.984939 2.982672 3.832824 4.914038 4.946461 4.960466 4.952405 3.968953 2.961689 2.971141 2.968343
0.125313 0.140481 0.096352 0.160943 0.386273 0.310829 0.237251 0.184639 0.187248 0.163171 0.038673 0.038124 0.045601 0.043975 0.239584 1.295786 1.347086 2.299235 2.233207 1.146009 0.057722 0.035255 0.040351 0.027184 0.065449 0.120528 2.131854 3.146417 4.097240 6.107790 7.114297 7.128755 6.128175 5.112109 4.089512 4.096596 6.093628 6.111857 5.100664 5.100564 6.119460 7.146779 6.128446 6.092801 6.081781 7.052973 7.080908 5.092745 3.001878 3.023140 1.970036 2.873651 3.950266 4.960762 3.981057 1.968206 1.963658 1.966044 2.959521
0.116981 0.109915 0.089271 0.046409 0.049721 0.293194 0.227012 0.580358 0.579751 0.094430 0.034279 0.034019 0.069003 0.185348 1.286486 1.303413 2.256183 2.317999 2.323046 2.296975 0.221613 0.027443 0.032860 0.025582 0.041954 0.102594 4.115177 5.125780 6.114683 7.110368 8.120299 8.133028 8.149810 5.129622 4.102759 5.073411 6.082874 6.105701 5.090241 6.064075 8.088940 8.104349 6.099447 6.086871 6.075462 7.048599 7.070485 6.062601 5.098556 3.039861 1.988322 1.988822 3.928004 4.969043 5.997602 4.004167 1.968483 2.951009 2.976016
0.071556 0.342263 0.051613 0.041435 0.076759 0.044793 0.151847 0.483866 1.592613 0.620843 0.026008 0.025932 0.063152 2.263244 1.303228 1.316365 2.330580 2.333886 2.335494 2.336226 0.269466 0.235833 0.026614 0.145812 0.151086 1.125394 3.053343 3.097489 4.077994 5.078596 5.108856 5.113171 4.131681 4.126088 4.101534 5.090964 5.103022 4.098021 4.093169 6.067921 8.083753 7.106629 7.139250 6.090419 6.075962 7.038318 8.075317 7.075485 6.087053 4.072465 3.061060 1.993677 3.898598 5.944642 6.980352 4.981477 3.959590 3.972052 2.959905
