use_cases/Flooding_chicago/flooding_data/output/h_3240.asc
ncols 337
nrows 393
xllcorner 428428.000000
yllcorner 4602440.000000
cellsize 26.757400
NODATA_value -9999.000000
[rows 81 to 107 of 393, columns 118 to 176 of 337]
-9999.000000 -9999.000000 -9999.000000 -9999.000000 -9999.000000 -9999.000000 -9999.000000 -9999.000000 -9999.000000 -9999.000000 -9999.000000 -9999.000000 -9999.000000 -9999.000000 -9999.000000 -9999.000000 -9999.000000 -9999.000000 -9999.000000 -9999.000000 -9999.000000 -9999.000000 -9999.000000 -9999.000000 -9999.000000 -9999.000000 -9999.000000 -9999.000000 -9999.000000 -9999.000000 -9999.000000 -9999.000000 -9999.000000 -9999.000000 -9999.000000 -9999.000000 -9999.000000 -9999.000000 -9999.000000 -9999.000000 -9999.000000 -9999.000000 -9999.000000 -9999.000000 -9999.000000 -9999.000000 -9999.000000 -9999.000000 -9999.000000 -9999.000000 0.201378 0.160988 0.046883 0.038825 0.029258 0.029503 0.051339 0.077370 0.048605
-9999.000000 -9999.000000 -9999.000000 -9999.000000 -9999.000000 -9999.000000 -9999.000000 -9999.000000 -9999.000000 -9999.000000 -9999.000000 -9999.000000 -9999.000000 -9999.000000 -9999.000000 -9999.000000 -9999.000000 -9999.000000 -9999.000000 -9999.000000 -9999.000000 -9999.000000 -9999.000000 -9999.000000 -9999.000000 -9999.000000 -9999.000000 -9999.000000 -9999.000000 -9999.000000 -9999.000000 -9999.000000 -9999.000000 -9999.000000 -9999.000000 -9999.000000 -9999.000000 -9999.000000 -9999.000000 -9999.000000 -9999.000000 -9999.000000 -9999.000000 -9999.000000 -9999.000000 -9999.000000 -9999.000000 -9999.000000 -9999.000000 -9999.000000 0.022103 0.167946 0.040229 0.035621 0.027733 0.028435 0.059902 0.039192 0.068544
-9999.000000 -9999.000000 -9999.000000 -9999.000000 -9999.000000 -9999.000000 -9999.000000 -9999.000000 -9999.000000 -9999.000000 -9999.000000 -9999.000000 -9999.000000 -9999.000000 -9999.000000 -9999.000000 -9999.000000 -9999.000000 -9999.000000 -9999.000000 -9999.000000 -9999.000000 -9999.000000 -9999.000000 -9999.000000 -9999.000000 -9999.000000 -9999.000000 -9999.000000 -9999.000000 -9999.000000 -9999.000000 -9999.000000 -9999.000000 -9999.000000 -9999.000000 -9999.000000 -9999.000000 -9999.000000 -9999.000000 -9999.000000 -9999.000000 -9999.000000 -9999.000000 -9999.000000 -9999.000000 -9999.000000 -9999.000000 -9999.000000 0.017967 0.039635 0.144508 0.031776 0.027748 0.023964 0.026101 0.050133 0.034065 0.053489
-9999.000000 -9999.000000 -9999.000000 -9999.000000 -9999.000000 -9999.000000 -9999.000000 -9999.000000 -9999.000000 -9999.000000 -9999.000000 -9999.000000 -9999.000000 -9999.000000 -9999.000000 -9999.000000 -9999.000000 -9999.000000 -9999.000000 -9999.000000 -9999.000000 -9999.000000 -9999.000000 -9999.000000 -9999.000000 -9999.000000 -9999.000000 -9999.000000 -9999.000000 -9999.000000 -9999.000000 -9999.000000 -9999.000000 -9999.000000 -9999.000000 -9999.000000 -9999.000000 -9999.000000 -9999.000000 -9999.000000 -9999.000000 -9999.000000 -9999.000000 -9999.000000 -9999.000000 -9999.000000 -9999.000000 -9999.000000 0.017967 0.021034 0.026954 0.197756 0.038491 0.028511 0.026268 0.037850 0.032631 0.025353 0.035545
-9999.000000 -9999.000000 -9999.000000 -9999.000000 -9999.000000 -9999.000000 -9999.000000 -9999.000000 -9999.000000 -9999.000000 -9999.000000 -9999.000000 -9999.000000 -9999.000000 -9999.000000 -9999.000000 -9999.000000 -9999.000000 -9999.000000 -9999.000000 -9999.000000 -9999.000000 -9999.000000 -9999.000000 -9999.000000 -9999.000000 -9999.000000 -9999.000000 -9999.000000 -9999.000000 -9999.000000 -9999.000000 -9999.000000 -9999.000000 -9999.000000 -9999.000000 -9999.000000 -9999.000000 -9999.000000 -9999.000000 -9999.000000 -9999.000000 -9999.000000 -9999.000000 -9999.000000 -9999.000000 -9999.000000 0.023934 0.026604 0.029453 0.029961 0.208778 0.032784 0.039909 0.035164 0.027336 0.030922 0.024849 0.044885
-9999.000000 -9999.000000 -9999.000000 -9999.000000 -9999.000000 -9999.000000 -9999.000000 -9999.000000 -9999.000000 -9999.000000 -9999.000000 -9999.000000 -9999.000000 -9999.000000 -9999.000000 -9999.000000 -9999.000000 -9999.000000 -9999.000000 -9999.000000 -9999.000000 -9999.000000 -9999.000000 -9999.000000 -9999.000000 -9999.000000 -9999.000000 -9999.000000 -9999.000000 -9999.000000 -9999.000000 -9999.000000 -9999.000000 -9999.000000 -9999.000000 -9999.000000 -9999.000000 -9999.000000 -9999.000000 -9999.000000 -9999.000000 -9999.000000 -9999.000000 -9999.000000 0.024422 0.018654 0.020607 0.455605 0.035561 0.022194 0.034646 0.190912 0.084907 0.074653 0.065174 0.056160 0.077812 0.042031 0.041984
-9999.000000 -9999.000000 -9999.000000 -9999.000000 -9999.000000 -9999.000000 -9999.000000 -9999.000000 -9999.000000 -9999.000000 -9999.000000 -9999.000000 -9999.000000 -9999.000000 -9999.000000 -9999.000000 -9999.000000 -9999.000000 -9999.000000 -9999.000000 -9999.000000 -9999.000000 -9999.000000 -9999.000000 -9999.000000 -9999.000000 -9999.000000 -9999.000000 -9999.000000 -9999.000000 -9999.000000 -9999.000000 -9999.000000 -9999.000000 -9999.000000 -9999.000000 -9999.000000 -9999.000000 -9999.000000 -9999.000000 -9999.000000 0.018272 0.030891 0.041985 0.034553 0.046348 0.041008 1.384183 0.284324 0.191142 1.016960 1.027169 0.063240 0.070123 0.055870 0.044197 0.014397 0.053978 0.050086
-9999.000000 -9999.000000 -9999.000000 -9999.000000 -9999.000000 -9999.000000 -9999.000000 -9999.000000 -9999.000000 -9999.000000 -9999.000000 -9999.000000 -9999.000000 -9999.000000 -9999.000000 -9999.000000 -9999.000000 -9999.000000 -9999.000000 -9999.000000 -9999.000000 -9999.000000 -9999.000000 -9999.000000 -9999.000000 -9999.000000 -9999.000000 -9999.000000 -9999.000000 -9999.000000 -9999.000000 -9999.000000 -9999.000000 -9999.000000 -9999.000000 -9999.000000 -9999.000000 -9999.000000 -9999.000000 0.014397 0.025277 0.022652 0.022377 0.019447 0.039055 0.042975 0.255700 2.353600 2.348038 3.306862 4.272156 1.055718 0.050117 0.043755 0.036735 0.028252 0.025077 0.081963 0.079418
-9999.000000 -9999.000000 -9999.000000 -9999.000000 -9999.000000 -9999.000000 -9999.000000 -9999.000000 -9999.000000 -9999.000000 -9999.000000 -9999.000000 -9999.000000 -9999.000000 -9999.000000 -9999.000000 -9999.000000 -9999.000000 -9999.000000 -9999.000000 -9999.000000 -9999.000000 -9999.000000 -9999.000000 -9999.000000 -9999.000000 -9999.000000 -9999.000000 -9999.000000 -9999.000000 -9999.000000 -9999.000000 -9999.000000 -9999.000000 -9999.000000 -9999.000000 -9999.000000 -9999.000000 0.025963 0.121391 0.058754 0.047096 0.042443 0.034508 0.165672 1.227517 2.326898 2.298775 3.250100 4.262602 6.240932 3.219214 0.061470 0.069741 0.046623 0.034340 0.035378 0.129799 0.094872
-9999.000000 -9999.000000 -9999.000000 -9999.000000 -9999.000000 -9999.000000 -9999.000000 -9999.000000 -9999.000000 -9999.000000 -9999.000000 -9999.000000 -9999.000000 -9999.000000 -9999.000000 -9999.000000 -9999.000000 -9999.000000 -9999.000000 -9999.000000 -9999.000000 -9999.000000 -9999.000000 -9999.000000 -9999.000000 -9999.000000 -9999.000000 -9999.000000 -9999.000000 -9999.000000 -9999.000000 -9999.000000 -9999.000000 -9999.000000 -9999.000000 -9999.000000 -9999.000000 0.019310 0.031287 0.038827 0.072182 0.078402 0.071434 0.982993 2.206368 1.190721 1.040826 0.987770 2.185405 3.249079 5.291430 3.228767 0.151374 0.043936 0.039360 0.039803 0.024575 0.080375 0.117836
-9999.000000 -9999.000000 -9999.000000 -9999.000000 -9999.000000 -9999.000000 -9999.000000 -9999.000000 -9999.000000 -9999.000000 -9999.000000 -9999.000000 -9999.000000 -9999.000000 -9999.000000 -9999.000000 -9999.000000 -9999.000000 -9999.000000 -9999.000000 -9999.000000 -9999.000000 -9999.000000 -9999.000000 -9999.000000 -9999.000000 -9999.000000 -9999.000000 -9999.000000 -9999.000000 -9999.000000 -9999.000000 -9999.000000 -9999.000000 -9999.000000 0.026116 0.031044 0.027366 0.023507 0.030852 0.028275 0.071129 0.151267 0.756142 0.820083 0.113351 0.033394 0.019509 0.033302 0.999725 2.225339 1.001948 0.083535 0.043907 0.048943 0.036247 0.029681 0.072048 0.629315
-9999.000000 -9999.000000 -9999.000000 -9999.000000 -9999.000000 -9999.000000 -9999.000000 -9999.000000 -9999.000000 -9999.000000 -9999.000000 -9999.000000 -9999.000000 -9999.000000 -9999.000000 -9999.000000 -9999.000000 -9999.000000 -9999.000000 -9999.000000 -9999.000000 -9999.000000 -9999.000000 -9999.000000 -9999.000000 -9999.000000 -9999.000000 -9999.000000 -9999.000000 -9999.000000 -9999.000000 -9999.000000 -9999.000000 0.056938 0.049629 0.058830 0.035957 0.023566 0.022942 0.037636 0.036981 0.084206 0.112501 0.104180 0.067677 0.034233 0.031197 0.018105 0.032555 0.035895 0.136301 0.628472 0.353143 0.270788 0.044640 0.045265 0.032936 1.893968 2.920821
-9999.000000 -9999.000000 -9999.000000 -9999.000000 -9999.000000 -9999.000000 -9999.000000 -9999.000000 -9999.000000 -9999.000000 -9999.000000 -9999.000000 -9999.000000 -9999.000000 -9999.000000 -9999.000000 -9999.000000 -9999.000000 -9999.000000 -9999.000000 -9999.000000 -9999.000000 -9999.000000 -9999.000000 -9999.000000 -9999.000000 -9999.000000 -9999.000000 -9999.000000 -9999.000000 -9999.000000 -9999.000000 0.063071 0.083351 0.059078 0.056557 0.032475 0.031557 0.031349 0.032753 0.043358 0.068596 0.073692 0.068001 0.031271 0.035561 0.022423 0.021812 0.030067 0.028115 0.035988 0.352717 0.348222 0.269651 0.163623 0.677625 1.741278 4.932269 4.913660
-9999.000000 -9999.000000 -9999.000000 -9999.000000 -9999.000000 -9999.000000 -9999.000000 -9999.000000 -9999.000000 -9999.000000 -9999.000000 -9999.000000 -9999.000000 -9999.000000 -9999.000000 -9999.000000 -9999.000000 -9999.000000 -9999.000000 -9999.000000 -9999.000000 -9999.000000 -9999.000000 -9999.000000 -9999.000000 -9999.000000 -9999.000000 -9999.000000 -9999.000000 0.138129 0.258888 0.834420 2.081276 1.051754 0.069618 0.061836 0.064652 0.028358 0.028298 0.042275 0.042603 0.068703 0.066871 0.063911 0.018242 0.021766 0.022453 0.042488 0.028557 0.030113 0.024865 0.189470 0.845076 0.921115 0.933221 1.950086 3.939249 5.920310 5.930164
-9999.000000 -9999.000000 -9999.000000 -9999.000000 -9999.000000 -9999.000000 -9999.000000 -9999.000000 -9999.000000 -9999.000000 -9999.000000 -9999.000000 -9999.000000 -9999.000000 -9999.000000 -9999.000000 -9999.000000 -9999.000000 -9999.000000 -9999.000000 -9999.000000 -9999.000000 -9999.000000 -9999.000000 -9999.000000 -9999.000000 0.022988 0.018349 0.020500 0.298561 0.238441 1.012456 2.066874 1.050101 0.069222 0.077370 0.057284 0.062279 0.051675 0.210389 0.038200 0.021034 0.017967 0.025948 0.049156 0.044535 0.031089 0.048683 0.037941 0.039710 0.040703 0.735322 2.939567 3.989959 2.999672 3.960059 3.982066 5.921896 4.948137
-9999.000000 -9999.000000 -9999.000000 -9999.000000 -9999.000000 -9999.000000 -9999.000000 -9999.000000 -9999.000000 -9999.000000 -9999.000000 -9999.000000 -9999.000000 -9999.000000 -9999.000000 -9999.000000 -9999.000000 -9999.000000 -9999.000000 -9999.000000 -9999.000000 -9999.000000 -9999.000000 0.028175 0.027062 0.043587 0.028099 0.091385 0.824627 0.511604 0.333840 0.937616 1.053691 0.981895 0.068917 0.021782 0.022591 0.022591 0.338188 0.254113 0.028694 0.017967 0.038918 0.026939 0.038978 0.053641 0.047615 0.052529 0.052529 0.564640 1.590780 3.963943 4.970807 5.964379 5.963983 3.958433 3.961070 3.946383 2.916237
-9999.000000 -9999.000000 -9999.000000 -9999.000000 -9999.000000 -9999.000000 -9999.000000 -9999.000000 -9999.000000 -9999.000000 -9999.000000 -9999.000000 -9999.000000 -9999.000000 -9999.000000 -9999.000000 -9999.000000 -9999.000000 -9999.000000 -9999.000000 -9999.000000 -9999.000000 -9999.000000 0.040596 0.037117 0.049782 0.420198 0.973320 1.016808 0.107170 0.022560 0.118996 1.030464 0.148216 0.098213 0.053764 0.022591 0.022591 0.039253 0.117209 0.103707 0.075112 0.046927 0.053688 0.051872 0.056832 0.063133 0.078437 0.990096 2.986000 5.922734 5.971582 6.991891 6.991676 5.989270 4.985421 3.984663 2.967470 1.927541
-9999.000000 -9999.000000 -9999.000000 -9999.000000 -9999.000000 -9999.000000 -9999.000000 -9999.000000 -9999.000000 -9999.000000 -9999.000000 -9999.000000 -9999.000000 0.066933 0.084404 0.068382 0.101769 0.087059 0.116110 0.112023 0.104623 0.073326 0.089638 0.061942 0.014397 0.044563 0.526606 0.426353 0.038155 0.028679 0.030556 0.090143 0.201271 0.210550 0.099587 0.068779 0.040657 0.030433 0.060936 0.137687 0.152855 0.127786 0.296131 0.030327 0.042839 0.061668 0.064725 0.987696 1.000732 1.998621 5.992667 6.970103 6.992230 7.004988 6.003123 4.983761 5.008548 2.952511 2.943786
-9999.000000 -9999.000000 -9999.000000 -9999.000000 -9999.000000 -9999.000000 -9999.000000 -9999.000000 -9999.000000 -9999.000000 -9999.000000 -9999.000000 0.060569 0.117423 1.127099 0.100060 0.064507 0.043739 1.210717 0.177376 0.164954 0.124885 0.051750 0.270714 0.019310 0.691323 1.711154 0.556602 0.060052 0.023567 0.022942 0.131004 0.141412 0.138312 0.139366 0.029396 0.038276 0.165336 0.104957 0.152321 0.133355 0.321389 0.357444 0.221750 0.153377 0.653085 1.978728 2.011621 0.993157 1.984483 5.983405 6.934289 6.976245 6.997280 5.989715 4.969677 4.989907 3.975609 2.945716
-9999.000000 -9999.000000 -9999.000000 -9999.000000 -9999.000000 -9999.000000 -9999.000000 -9999.000000 -9999.000000 -9999.000000 -9999.000000 -9999.000000 0.031319 0.107123 0.103590 0.061074 0.038567 0.054329 1.191049 0.191124 0.192284 0.140662 0.239967 0.205803 0.566298 1.694435 1.724088 1.706273 0.083885 0.027366 0.023507 0.188469 0.213281 0.208091 0.204811 0.038414 0.042656 0.172662 0.129617 0.067986 0.110774 0.281937 0.337288 0.243065 1.049084 2.884862 4.013432 3.025507 3.024438 3.014791 5.000372 4.985586 4.984393 5.001359 5.017000 2.967638 1.964827 1.964814 2.944761
-9999.000000 -9999.000000 -9999.000000 -9999.000000 -9999.000000 -9999.000000 -9999.000000 -9999.000000 -9999.000000 -9999.000000 -9999.000000 0.023080 0.043893 0.040414 0.044777 0.064736 0.069770 0.049355 0.170097 0.191612 0.187492 0.150428 0.089393 0.172524 0.464075 1.685293 1.650149 1.637545 0.110360 0.019310 0.036110 0.207466 1.276635 1.276991 0.237312 0.044990 0.042106 0.055474 0.042564 0.076240 0.068291 0.059715 0.243605 0.214943 1.029564 2.950367 4.013548 4.026084 4.020520 4.017445 4.032460 4.006022 2.995186 4.008025 3.983361 1.031078 0.047014 0.938306 1.931314
-9999.000000 -9999.000000 -9999.000000 -9999.000000 -9999.000000 -9999.000000 -9999.000000 -9999.000000 -9999.000000 -9999.000000 -9999.000000 -9999.000000 0.036185 0.020803 0.038078 0.060814 0.047892 0.064277 0.072533 0.066795 0.132102 0.100167 0.086540 0.079246 0.083397 0.059929 0.110985 0.629325 0.166722 0.021538 0.220970 1.291664 1.279867 1.278266 0.240349 0.028984 0.025627 0.041556 0.073372 0.056145 0.066384 0.054406 0.166738 0.169945 0.167305 1.907135 4.014134 5.031037 5.030653 5.025098 4.045810 3.014463 2.027245 3.006733 2.029781 1.038663 0.031007 0.951494 0.961262
-9999.000000 -9999.000000 -9999.000000 -9999.000000 -9999.000000 -9999.000000 -9999.000000 -9999.000000 -9999.000000 -9999.000000 -9999.000000 -9999.000000 0.031334 0.019310 0.031868 0.053444 0.043175 0.049752 0.042993 0.115852 0.123436 0.082117 0.134864 0.093741 0.053552 0.054742 0.042878 0.188316 0.251823 0.253441 1.308873 2.301370 2.299643 1.271024 0.042214 0.046761 0.023110 0.034432 0.035667 0.078819 0.053002 0.045763 0.041756 0.035271 0.050454 0.782009 2.984447 5.008776 6.024755 6.031936 4.057729 2.001605 1.991489 0.996432 2.024444 2.051244 0.988849 0.970374 1.956513
-9999.000000 -9999.000000 -9999.000000 -9999.000000 -9999.000000 -9999.000000 -9999.000000 -9999.000000 -9999.000000 -9999.000000 -9999.000000 -9999.000000 0.020103 0.014397 0.034355 0.032356 0.051475 0.035805 0.069295 1.139145 1.179620 0.133766 0.079277 0.061272 0.041114 0.049670 0.067513 0.219155 1.326830 1.349709 1.335400 2.314461 2.296859 1.225944 0.048027 0.017967 0.021034 0.043312 0.057657 0.037514 0.022926 0.023903 0.020454 0.022087 0.078819 0.869008 2.014950 3.031232 5.018037 5.019171 3.043475 0.974746 0.061348 0.044438 1.994068 2.003792 0.973578 0.960313 0.915639
-9999.000000 -9999.000000 -9999.000000 -9999.000000 -9999.000000 -9999.000000 -9999.000000 -9999.000000 -9999.000000 -9999.000000 -9999.000000 -9999.000000 -9999.000000 0.031120 0.014397 0.021019 0.019905 0.028175 0.094368 0.067711 0.157371 0.156013 0.026328 0.081627 0.060891 0.035896 0.036644 0.198474 2.311657 2.330846 1.318780 1.295147 1.299153 0.218896 0.024100 0.036583 0.017967 0.020302 0.044548 0.081902 0.054467 0.051186 0.038948 0.119301 0.124122 0.757129 0.912539 1.987781 3.016898 3.980778 1.974158 0.103631 0.032284 0.029690 1.071792 1.070301 0.067787 0.073255 0.054404
-9999.000000 -9999.000000 -9999.000000 -9999.000000 -9999.000000 -9999.000000 -9999.000000 -9999.000000 -9999.000000 -9999.000000 -9999.000000 -9999.000000 0.028923 0.027595 0.024650 0.035332 0.031808 0.081718 0.064233 0.050621 0.042625 0.030586 0.054299 0.026878 0.048546 0.036675 0.045463 0.052501 2.313450 1.356147 0.290750 0.259605 0.251883 0.198601 0.036278 0.037941 0.022148 0.047295 0.044533 0.051017 0.084710 0.162743 0.138634 0.112420 0.097755 0.074973 0.112063 0.111743 1.010069 1.021614 0.956263 0.113136 0.050759 0.043144 1.087283 1.081615 0.100133 0.119195 0.026680
-9999.000000 -9999.000000 -9999.000000 -9999.000000 -9999.000000 -9999.000000 -9999.000000 -9999.000000 -9999.000000 -9999.000000 -9999.000000 0.021737 0.019981 0.061760 0.036934 0.093529 0.087134 0.079704 0.057853 0.057121 0.052239 0.038032 0.053825 0.053413 0.104012 0.021522 0.042214 0.032601 0.271574 0.326889 0.018639 0.182549 0.165962 0.145119 0.084907 0.041069 0.025413 0.029106 0.033730 0.070168 0.087837 0.195762 0.186972 0.093604 0.075843 0.051791 0.058923 0.115577 0.189793 0.177266 0.210613 0.047996 0.063089 0.054340 1.117261 2.158662 1.047066 0.181967 0.029165
