use_cases/Flooding_chicago/flooding_data/output/h_3240.asc
ncols 337
nrows 393
xllcorner 428428.000000
yllcorner 4602440.000000
cellsize 26.757400
NODATA_value -9999.000000
[rows 270 to 296 of 393, columns 59 to 117 of 337]
0.093728 0.108895 0.115197 0.059868 0.033821 0.035835 0.086281 0.047141 0.224587 0.040275 0.022591 0.022591 0.061256 0.040169 1.280126 2.286983 2.282755 1.285012 0.211342 0.017372 0.031639 0.333565 0.192711 0.033485 0.025581 0.033959 0.042183 0.042795 0.873990 3.098178 3.121239 2.126318 3.137522 3.095836 1.175109 1.200728 1.177773 1.162868 1.113362 1.099809 0.134018 0.227697 0.240832 0.194926 1.006077 0.968835 1.013886 2.046360 2.033702 2.037258 3.074297 3.068846 3.062564 2.117950 2.122901 2.114933 2.113196 2.107437 2.108058
0.052910 0.055198 0.061103 0.082009 0.034111 0.034721 0.060844 1.332896 1.322470 0.297450 0.054863 0.071983 0.066032 0.059030 1.267784 3.289835 3.287194 2.291892 0.247215 0.017372 0.026329 0.419045 0.061989 0.025704 0.033257 0.026878 0.036553 0.043074 0.878214 2.104685 3.138173 3.172609 3.147635 4.118587 2.080910 1.193562 1.190228 1.161186 1.095795 0.073577 0.014397 0.311018 0.314821 0.286229 0.243314 0.240973 0.123803 0.999029 0.970621 0.952981 1.992646 1.991362 2.098726 2.075560 2.090423 1.080690 1.080306 1.048740 1.118713
0.076012 0.073554 0.076164 0.085259 0.032524 0.032708 0.049994 1.342294 1.338706 0.297063 0.048912 0.063667 0.051171 0.045724 1.264525 3.278909 3.277094 2.287544 0.230706 0.152169 0.670234 0.613977 0.123025 0.027398 0.041466 0.033226 0.032722 0.049645 0.047188 0.098172 2.121139 3.116565 3.108719 4.074849 2.934377 2.257821 2.269527 1.138029 0.198312 0.018701 0.436329 0.394553 0.380065 0.346594 0.329290 0.332260 0.025384 0.026835 0.145397 0.230423 1.114291 1.154563 2.049457 1.144290 1.131555 0.148189 0.136992 0.206499 1.158697
0.069283 0.057580 0.057274 0.062843 0.025383 0.025444 0.041207 1.341076 1.336630 0.294198 0.044334 0.050163 0.356667 0.352014 2.273843 2.285302 0.244194 0.233605 0.217742 0.153531 1.658058 0.599512 0.131477 0.186332 0.035301 0.027168 0.033363 0.033211 0.039955 0.051099 0.121031 1.080818 2.127814 2.092688 2.073665 2.103961 2.154998 1.117234 0.286069 0.023544 0.433546 1.394900 1.430172 0.374195 0.362341 0.368369 0.032403 0.039653 0.033634 0.342405 1.142748 1.232431 1.224836 1.129471 0.129889 0.147148 0.014397 0.278749 1.131685
0.043175 0.079689 0.070870 0.070442 0.068097 0.030586 0.028343 1.339350 1.334131 0.291999 0.046027 0.058830 0.045739 0.033653 1.271932 0.221675 0.024833 0.027946 0.019447 0.160606 0.634384 0.083219 0.027687 0.034874 0.036507 0.053169 0.080952 0.049920 0.058342 0.032951 0.099174 0.187180 0.995434 1.042976 1.013692 1.193176 2.343823 2.373805 1.418589 0.028085 0.458295 0.444596 0.421020 0.371419 0.362261 0.367834 0.025809 0.030005 0.554270 1.515112 2.357383 2.442468 1.415812 0.379527 0.026217 0.027142 0.385682 0.388590 0.315371
0.056478 0.080254 0.272072 0.274224 0.079430 0.102745 0.211539 1.346519 1.336142 0.288342 0.047906 0.061730 0.058464 0.048653 0.029853 0.025826 0.029457 0.025002 0.241097 0.230506 0.190865 0.020180 0.017372 0.017372 0.038902 0.036156 0.047432 0.054192 0.048654 0.189720 0.209190 0.162514 0.424288 0.020638 0.136783 1.169544 2.399004 3.507901 3.496359 0.568003 0.509110 0.486107 0.448290 0.039039 0.046511 0.033889 0.568740 0.583818 1.567538 1.508742 2.273993 2.312085 1.415288 0.445313 0.034982 0.040009 0.027132 0.441564 0.350134
0.088570 0.058052 0.307243 0.311897 0.272723 0.155415 0.152687 0.231711 0.244317 0.031411 0.052696 0.059211 0.054375 0.035667 0.236931 0.258125 1.293022 1.299460 1.292749 0.252318 0.241540 0.253170 0.027229 0.033025 0.028160 0.112465 0.073418 0.108172 0.139107 0.217384 1.286339 1.322776 0.219673 0.023591 0.040899 0.351000 3.601621 6.648662 5.572779 1.626798 0.560615 0.544474 0.044844 0.066263 0.070126 0.048856 0.575282 0.583441 1.572805 1.560799 0.502509 0.503243 1.474707 0.514814 0.038831 0.034584 0.026079 0.540790 0.050102
0.061439 0.171334 0.222023 0.240319 0.251635 0.110453 0.099892 0.163079 0.164848 0.028251 0.039803 0.042625 0.034493 0.561257 0.172004 0.248039 1.292482 1.293374 1.290978 0.254189 0.239608 0.244316 0.187325 0.161003 0.141304 0.070840 1.182794 0.134942 0.173866 0.217309 1.277016 1.311273 0.225994 0.022591 0.022591 0.041921 3.517035 6.559029 5.498137 2.596087 1.601633 0.548785 0.070764 0.081858 0.089043 0.018089 0.572632 0.589884 1.597695 1.588469 1.626601 1.626770 1.562114 0.572458 0.035236 0.647139 0.651628 0.622382 0.059315
0.082165 0.891442 0.964553 0.957401 0.176141 0.179366 0.085838 0.070198 0.195610 0.035348 0.051369 0.064323 0.041038 0.550884 0.106315 0.025642 0.030296 1.299503 1.295449 0.251686 0.028053 0.024803 0.206611 0.194817 0.155372 0.076913 1.184044 0.151616 0.077994 0.078454 0.056160 0.047523 0.047066 0.022591 0.022591 0.054500 2.544345 5.535860 5.483412 2.591133 1.577998 0.556724 0.078820 0.083304 0.021660 0.021660 0.031935 0.571139 1.642050 2.674379 3.678071 2.664195 2.661198 1.659009 0.651599 0.652645 0.653677 0.622789 0.069909
0.919376 0.960208 0.984663 0.984646 0.123465 0.146861 0.145596 0.168038 0.261021 0.243284 0.092948 0.034112 0.475161 0.478644 0.072044 0.030220 0.050697 0.052788 0.051704 0.047021 0.044533 0.028449 0.204216 0.201314 0.014397 0.095634 0.152666 0.155068 0.081992 0.080147 0.057289 0.050484 0.014397 0.038078 0.037951 0.549114 2.585267 4.598611 4.548796 2.602185 1.579666 0.612860 0.608661 0.066278 0.018089 0.057965 0.041207 0.623752 1.638509 2.646651 3.644307 3.653521 3.660430 3.661974 2.656336 1.654354 1.654542 0.640281 0.023506
0.974975 0.938572 0.977400 0.048529 0.098963 0.109841 0.091621 0.591705 0.211955 0.283333 0.123894 0.021690 0.477151 0.471414 0.065910 0.126594 0.053169 0.072960 0.071526 0.060539 0.036750 0.182229 0.182451 0.165153 0.114249 0.048729 0.055031 0.093529 0.121803 0.196579 0.158901 0.134386 0.019310 0.036316 0.483220 1.637493 3.580580 4.544396 4.459917 3.620688 2.653676 2.659501 1.649653 0.612829 0.026182 0.649806 0.665827 0.641862 1.634906 2.643311 2.651244 3.624658 4.637594 4.638195 3.647081 2.644335 1.647099 1.642380 0.022942
0.946240 0.863546 0.023796 0.043289 0.062770 0.058357 0.531054 0.574064 0.638055 0.134301 0.232108 0.313805 0.408592 1.432670 0.275002 0.097191 0.057091 1.079414 1.079322 0.055625 0.212064 0.179130 0.163993 0.140740 0.092369 0.109398 0.082299 0.108116 0.113762 0.140131 0.519322 0.501426 0.532227 0.548616 1.626076 1.620580 2.595263 2.608489 2.545118 3.616909 3.623874 3.621845 2.637609 1.625922 0.580774 0.653629 0.653691 1.671700 2.669239 2.653336 2.657517 2.641156 3.649546 3.642805 2.651707 1.631255 0.658508 0.649616 0.034016
0.021476 0.502362 0.294339 0.262083 0.274067 0.295886 0.420175 0.418357 0.108751 0.170679 0.262749 0.323206 0.371408 0.374839 0.039147 0.037681 0.021492 0.074959 0.071266 0.057305 0.027856 0.132622 0.110986 0.092841 0.059898 0.072412 0.096398 0.059760 0.112328 0.112946 0.495659 1.618575 1.660725 1.668827 1.647156 1.639704 2.608546 2.625540 1.619357 2.557908 2.590046 3.638112 3.647421 2.631613 1.662054 1.669808 1.671226 2.669360 2.655366 2.650275 2.642299 1.622388 3.634842 2.645544 1.642070 0.662292 0.659530 0.648705 0.595947
0.077493 1.025595 0.994066 1.034260 0.187449 0.191215 1.017618 0.238454 0.077214 0.022942 0.023566 0.330756 0.290170 0.033958 0.037696 0.027397 0.036324 0.021309 0.051887 0.037575 0.064964 0.076547 0.281426 0.187187 0.457313 0.032051 0.092353 0.050193 0.054924 0.053047 0.514794 1.647401 2.667032 2.679953 2.664510 2.665059 3.662512 2.645422 1.631048 0.668596 1.666166 2.615685 3.645970 3.658040 2.671494 2.675225 2.676407 3.676827 2.661469 2.656481 1.659838 0.667370 2.673599 3.678265 2.667604 0.678901 0.676994 0.672623 1.706713
1.112695 1.151065 2.117991 1.156240 1.118614 1.120039 2.117976 1.076797 0.022117 0.023507 0.027366 0.267021 0.207369 0.046151 0.050285 0.032539 0.033944 0.059825 0.053611 0.091926 0.125908 0.049720 0.031731 0.103281 0.361828 0.201561 0.112419 0.169669 0.081717 0.098251 0.110195 1.636192 2.663322 2.675407 2.659262 2.664226 3.634038 2.651249 2.668981 0.673405 1.665741 1.661055 2.663880 3.644247 2.673803 2.671694 3.679138 3.671709 2.665657 2.661355 1.671393 1.687622 2.666154 3.672287 2.662830 1.682722 0.679556 0.679099 1.737711
2.116577 2.116664 2.144216 2.135882 2.138073 2.141366 2.147721 1.107526 0.037831 0.039714 0.019310 0.130376 0.421564 0.047172 0.049970 0.031959 0.032356 0.047386 0.067513 0.247918 0.074652 0.036262 0.017967 0.032372 0.029884 0.329644 0.250221 0.163016 0.219960 0.130775 0.213506 0.151025 0.580836 0.575134 0.622817 2.628598 2.594302 2.606262 2.609882 1.707402 1.669115 2.686942 2.670479 2.665423 2.676116 2.673776 3.674295 3.671541 2.665746 2.661165 1.670172 1.676095 2.666729 3.661611 2.661158 2.675895 1.675947 1.665127 0.690835
1.128108 2.137642 2.141521 2.147934 2.147042 2.150077 2.154899 2.134158 1.139009 0.054811 0.105655 0.188732 0.285929 0.041252 0.036843 0.025185 0.025307 0.033348 0.046806 0.180892 0.144644 0.036873 0.021034 0.017967 0.037605 0.024971 0.136438 0.105033 0.175410 0.097772 0.262201 0.256589 0.022591 0.022591 0.643871 1.655920 1.651217 1.654038 1.666501 1.687856 1.673261 2.654112 2.648859 2.665439 2.675765 3.677714 3.675304 3.673480 3.679071 2.666049 2.681836 1.675496 2.667861 2.650804 1.676255 2.688843 2.676716 1.663440 0.691682
1.134712 2.140550 2.140327 2.148298 2.147998 2.152593 2.159273 2.134504 1.152999 1.144582 1.070038 0.198602 0.186677 0.032844 0.050270 0.049812 0.046883 0.035729 0.045357 0.520643 0.575407 0.063618 0.030048 0.020302 0.029137 0.041146 0.157973 0.166035 0.122237 0.338454 0.297664 0.293105 0.022591 0.022591 0.631043 1.648642 1.656640 1.662627 1.675949 1.694035 1.681023 1.684124 1.682590 2.648214 2.671875 2.666828 3.677826 3.674470 3.673745 4.691255 3.686119 2.678643 2.658296 1.679724 2.691552 3.698446 3.681994 2.672348 0.602941
1.127939 2.134972 3.115216 3.130656 3.136328 3.130442 2.151643 2.132089 2.122976 1.144617 1.107635 0.151236 0.107536 0.038765 0.046807 0.046498 0.037240 0.068624 0.610144 2.697438 2.727329 0.542011 0.040435 0.021141 0.041808 0.040605 0.640826 0.091983 0.070145 0.324283 0.287456 0.251767 0.217491 0.690142 1.628189 1.692022 1.690842 1.696077 2.738056 1.713893 1.693772 1.695305 1.701803 0.691520 0.692992 1.672216 3.668795 4.674994 4.674630 4.667143 3.676964 1.680973 1.675888 1.669453 1.681603 3.696273 3.679818 2.667456 0.593628
2.079222 3.130220 3.141044 3.140365 2.147327 2.153669 2.165855 2.133177 2.133029 2.126908 1.128418 1.102004 0.140936 0.035607 0.051799 0.044228 0.073606 0.629982 1.743767 3.676404 3.775511 1.683971 0.482063 0.316134 0.187334 1.745819 0.735831 0.069543 0.393463 0.355389 0.266101 1.138718 1.137054 0.806518 1.589957 1.670538 1.668864 1.697215 2.680764 2.717139 1.690742 1.693425 1.698364 0.690588 0.688295 1.662868 2.646891 3.661586 3.654418 3.657018 3.670977 1.674780 1.670133 0.672073 1.667390 2.672717 2.677875 1.652402 0.607891
3.083525 2.105238 2.115443 1.147049 1.131974 0.128061 0.137437 1.111271 2.129951 2.129570 2.132095 2.135232 1.106333 0.078257 0.070546 0.077728 0.078424 0.654684 1.700731 2.674369 1.739714 1.718633 0.483433 0.309302 0.831123 0.799363 1.640740 0.596882 0.485360 0.400947 1.176171 1.213095 1.208591 0.137022 0.589723 0.053274 0.049325 1.580245 1.573840 1.585176 1.643546 1.678346 1.689016 2.707865 2.705875 2.710340 1.689027 2.658765 2.678828 2.683378 3.684331 2.695746 2.695255 1.696137 1.684730 2.686088 2.686278 0.072156 0.115050
3.098261 2.080568 1.044338 0.091055 0.089896 0.091898 0.114315 1.116188 1.130080 2.112392 2.123056 1.114632 1.111466 1.045717 0.987213 0.051512 0.051048 0.654861 1.660612 0.034842 0.041696 0.534592 0.371038 0.921750 0.951621 0.807364 1.615274 1.712541 0.521154 0.436407 0.329319 1.260143 0.245227 0.201062 0.151808 0.112764 0.090198 0.730883 0.794048 0.778754 0.733718 1.670347 1.705201 1.708199 2.685578 2.712598 1.693137 1.689778 2.676602 2.687091 3.686882 2.691024 2.691628 1.692923 1.680277 2.688981 2.661725 0.062019 0.017967
3.102437 2.068803 1.023622 0.972427 0.977751 1.963351 0.085084 0.103803 0.118936 1.137319 1.136331 0.115588 0.108377 0.071227 0.873330 0.866692 0.861542 0.795676 0.783538 0.031436 0.049675 0.048273 0.268417 0.946676 1.090170 0.053592 0.467152 0.519206 0.461969 0.410285 0.324306 1.275110 0.259475 0.219748 0.163745 1.075153 1.107489 0.933468 0.883535 0.834021 0.749001 1.666816 1.708973 1.708396 1.707016 2.698082 1.698474 1.694109 2.676808 2.688345 3.679334 2.690843 2.682476 1.696445 0.689631 1.686017 2.654907 0.056991 0.021034
2.064907 2.056676 2.020502 1.011400 1.007857 1.968888 0.083573 0.030205 0.040993 0.043465 0.040993 0.030205 0.097387 0.069756 0.897674 0.901965 0.885003 0.884614 0.018865 0.870347 0.044213 0.046889 0.220276 0.945552 1.071125 0.051751 0.437723 0.461382 0.437979 0.403018 1.207459 2.330756 0.272505 0.230474 0.164730 1.037047 1.066999 1.980924 0.915684 0.850324 1.623304 1.662513 1.680654 1.691380 1.697808 1.700399 1.698550 2.686354 2.687188 2.688755 2.687560 2.687814 1.688185 1.692961 0.684083 0.683809 1.679834 0.038037 0.055668
2.063060 2.064012 2.056411 1.018344 1.010667 1.964577 0.082638 0.039253 0.054679 0.058067 0.054680 0.039253 0.081485 0.879191 0.926595 0.911127 0.890496 0.899844 0.017539 0.876303 0.048904 0.058575 0.035693 0.064462 1.048034 0.043569 0.397056 1.355569 1.396357 0.377921 1.215798 2.313601 0.271932 0.228482 1.124105 1.125716 2.167727 1.051574 0.961208 0.889847 0.657960 0.601565 0.634543 0.654588 0.669409 1.687746 1.685512 2.678743 2.674147 2.682893 2.680353 1.685695 1.685551 1.687787 1.684553 0.686429 0.686012 0.695654 0.698665
2.076601 2.091578 2.051176 1.009034 1.931957 1.942101 0.080642 0.033165 0.052208 0.056724 0.052208 0.033165 0.885231 1.917128 1.911477 1.916302 0.883549 0.878366 0.881472 0.863001 0.062585 0.023826 0.023033 0.035499 0.046762 0.280837 1.371494 1.398935 1.419992 0.363787 0.315761 1.282332 1.298912 0.247661 1.081174 2.176610 2.165113 2.215649 1.032478 0.971087 0.061742 0.060760 0.082113 0.076832 0.051035 0.696894 0.697583 0.697904 1.648048 2.677984 2.679978 1.685082 2.693476 2.690562 2.687877 1.687406 1.687284 0.027474 0.035180
1.003805 0.998808 1.960492 1.918063 2.941866 2.946537 0.920231 0.063469 0.033302 0.040336 0.033302 0.104370 1.870292 1.907855 1.922814 1.926182 0.884305 0.881102 0.892261 0.866876 0.071883 0.028237 0.023690 0.048652 0.025138 0.308518 1.379857 1.387930 0.363044 0.347264 1.275686 1.280831 1.271761 1.252688 1.188367 2.141016 2.119359 2.146583 1.056599 0.098252 0.106963 0.022971 0.105593 0.089387 0.047338 0.698206 0.698315 0.699047 0.696410 1.687372 2.689040 2.694146 3.690491 3.689785 2.688736 2.687494 1.675546 0.034130 0.042641
