use_cases/Flooding_chicago/flooding_data/output/h_3240.asc
ncols 337
nrows 393
xllcorner 428428.000000
yllcorner 4602440.000000
cellsize 26.757400
NODATA_value -9999.000000
[rows 162 to 188 of 393, columns 177 to 235 of 337]
0.047874 0.094581 0.102277 0.134421 0.130791 0.053612 0.020210 0.030235 0.146187 0.278563 0.275185 0.129937 0.078576 0.045997 0.053001 0.052391 0.065041 0.048018 0.066506 4.362017 5.398790 6.401976 5.360768 3.417038 2.429874 0.305424 0.313812 0.376250 0.345341 0.293512 0.198102 0.300910 1.886539 1.135030 0.095113 0.068588 0.057022 0.020699 0.089907 0.263298 0.601560 0.895513 1.845214 0.182670 0.025291 0.032799 0.048439 0.030128 0.037423 0.028801 0.034279 2.986135 3.989264 2.994331 0.936497 1.975232 1.968536 3.997454 5.010857
0.028649 0.091326 0.075048 0.163307 0.146355 0.060478 0.030174 0.019799 0.023949 1.522149 1.528178 0.019645 0.028404 0.029580 0.024223 0.045219 0.032708 0.039513 0.059878 2.423499 4.437990 5.473508 5.441122 4.456022 3.455234 2.456910 2.450248 0.396148 0.386420 0.343599 0.245318 1.327630 1.817082 1.078135 0.047807 0.053751 0.028984 0.020195 0.026619 0.292541 0.811426 0.988789 0.438181 0.088565 0.124861 0.094488 0.088124 0.032997 0.042671 0.032966 0.059143 3.944929 4.982851 3.969437 3.972354 3.971405 3.963419 5.986158 4.999287
0.039405 0.085560 0.090187 0.119530 0.100425 0.092857 0.035622 0.060982 0.375007 2.541187 2.544532 1.557823 0.022484 0.622307 0.023155 0.023017 0.024956 0.032875 0.033729 2.425616 3.374820 5.430099 5.409350 4.461110 3.440130 2.462733 2.454438 1.433628 0.385725 0.347530 0.253950 1.371917 0.506097 0.403680 0.042396 0.032234 0.017967 0.031761 0.031302 0.429063 1.071234 0.405567 0.188380 0.128334 0.131462 0.826844 1.924222 0.749315 0.083375 0.068513 1.959368 5.988696 6.990820 5.990226 4.981187 3.978508 4.964231 5.993228 5.001157
0.086251 0.064811 0.077871 0.136146 0.127113 0.050102 0.039039 0.070076 0.368893 1.519158 2.530292 1.495797 0.641042 1.624289 1.630183 0.577281 0.033104 0.046227 0.038688 2.423537 2.472796 3.412288 2.444985 2.473004 3.431969 2.466311 1.455720 1.434251 0.387468 0.322504 0.240273 0.118215 0.698503 0.378054 0.076996 0.017967 0.021034 0.028053 0.921652 0.868408 0.755600 0.391329 0.357348 0.029030 0.108904 0.855108 1.971463 2.006075 0.995406 1.030648 1.968913 5.949513 6.970631 6.976181 4.967896 4.970102 5.968235 5.984132 4.988181
0.086144 0.033973 0.037025 0.193305 0.080315 0.095955 0.062736 0.054406 0.073845 0.389443 1.495355 0.432392 0.504769 1.602366 1.591330 0.563026 0.030037 0.053460 0.065727 2.405376 2.479518 2.517903 1.495983 2.486962 2.474793 2.482919 1.481866 0.366321 0.067045 0.032030 0.027946 0.036919 0.430090 0.628417 0.123655 0.028114 0.027321 0.034843 0.898695 2.151528 1.120222 0.098478 0.073921 0.040353 0.055842 0.060051 0.988729 1.049754 1.032521 1.039245 1.967512 4.918286 4.965447 4.973670 4.969346 4.973286 4.975842 3.986301 3.985385
0.054330 0.029548 0.033257 0.078300 0.106560 0.091164 0.071130 0.073128 0.106942 0.314490 0.329779 0.032418 0.031501 0.048456 0.510750 0.554742 0.020043 0.068550 0.053372 2.328647 2.450218 2.513123 1.437120 1.452362 1.448840 1.432489 1.428005 0.337992 0.099333 0.033349 0.028572 0.040705 0.102945 0.973906 1.162387 0.104070 0.456988 0.400029 0.999405 2.020369 1.095780 0.058010 0.014397 0.092247 0.062309 0.038307 0.041904 1.062795 1.047568 1.051618 1.906828 2.812612 1.895072 1.925853 2.958759 3.965546 3.966466 2.968899 2.966171
0.047951 0.022423 0.039698 0.093178 0.052482 0.030761 0.057564 0.057747 0.089410 0.080554 0.043739 0.032875 0.030296 0.044060 0.067390 0.071388 0.155464 0.089271 0.589251 2.082242 2.312917 2.227792 0.273393 0.023127 0.298124 0.045318 0.085543 0.137409 0.103192 0.058533 0.014397 0.019310 0.164869 0.927409 2.086252 2.140084 0.619321 0.514162 0.600815 0.619134 0.593892 0.079659 0.124382 0.126015 0.026787 0.026069 0.033195 0.079678 0.956740 0.961627 0.894173 1.062169 0.199928 0.116456 0.851838 1.896676 1.921152 1.895282 1.869502
0.042107 0.030113 0.029794 0.113863 0.029549 0.026177 0.035056 0.033043 0.054849 0.048836 0.041633 0.035287 0.026970 0.035224 0.034919 0.140205 0.020042 0.030418 0.340536 0.439783 1.558314 0.486856 0.062668 0.028661 0.075677 0.039652 0.056578 0.094663 0.145906 0.089015 0.077001 0.460144 1.130172 1.932915 2.082034 1.146350 0.093070 0.071133 1.790461 0.735279 0.679153 0.088661 0.129525 0.140453 0.036675 0.034249 0.046684 0.039681 0.167264 0.205315 0.315642 1.252233 0.315369 0.018654 0.054564 0.037685 0.979608 1.062386 1.098193
0.039635 0.020744 0.036278 0.085426 0.027565 0.014397 0.019310 0.028007 0.036583 0.025063 0.022881 0.035301 0.029854 0.040962 0.054192 0.037452 0.031242 0.020531 0.495330 0.657318 1.082628 0.777965 0.065585 0.037838 0.074994 0.031319 0.029030 0.132635 0.246031 0.800627 0.978487 0.661493 0.533085 0.634383 0.729689 0.117417 0.044901 0.029977 1.819252 1.851041 0.688410 0.099322 0.036644 0.047203 0.049476 0.037972 0.037392 0.058296 0.045770 0.031139 0.444998 1.398143 1.454708 0.024529 0.017967 0.021034 0.044636 1.014179 1.136700
0.020745 0.033898 0.025841 0.046974 0.037179 0.048820 0.031960 0.034037 0.030861 0.037438 0.040291 0.096657 0.026055 0.034751 0.034753 0.113154 0.114893 0.056253 0.775391 0.882055 0.910052 0.937093 0.144411 0.030342 0.038948 0.039451 0.032021 0.166829 0.389607 0.724168 1.909993 0.621318 0.380262 0.238417 0.150170 0.105947 0.100219 0.216430 1.757011 1.871478 0.754364 0.134748 0.054345 0.064430 0.044273 0.031257 0.056503 0.822072 0.029245 0.031905 0.496069 1.439859 1.459230 1.422873 0.095412 0.017967 0.077977 2.189709 1.252059
0.036232 0.025795 0.028313 0.056160 0.034187 0.044761 0.039909 0.042870 0.042260 0.058322 0.278601 0.058663 0.021431 0.053520 0.073414 0.630329 0.680352 1.242592 2.166403 2.294263 2.274455 1.222410 0.203311 0.042367 0.026436 0.014397 0.019310 0.288553 0.520917 0.683235 0.682009 0.032448 0.040951 0.039070 0.027168 0.037682 0.156013 0.258143 1.695280 1.834219 0.756454 0.145289 0.058189 0.057626 0.071343 0.045257 1.799780 2.824386 1.813042 0.029202 0.523381 1.430406 1.452042 1.253249 0.907574 0.047587 0.645061 1.972087 1.241055
0.044593 0.032310 0.019539 0.037117 0.038353 0.066078 0.045342 0.098704 0.256809 2.416746 2.448492 1.388574 0.027900 0.031385 0.669104 0.701077 0.704633 1.184888 2.596355 2.208508 1.070888 1.075826 0.215651 0.023597 0.023552 0.124681 0.092534 0.495125 0.654415 0.435071 0.038825 0.028404 0.031944 0.027260 0.026740 0.054420 0.253853 0.321817 0.544183 0.552791 0.509989 0.091820 0.048286 0.048439 0.199082 0.130312 1.738752 2.785507 1.789448 0.667217 0.535077 0.424793 0.412960 0.484697 0.830729 0.886848 1.748849 1.537159 1.185482
0.054069 0.035148 0.020500 0.040932 0.038933 0.060508 0.101263 1.257527 2.375916 3.399887 2.466668 1.295495 1.052862 0.941895 0.849193 1.737961 1.797661 1.528850 1.091233 1.189335 0.349508 0.070862 0.084699 0.024938 1.123324 1.144943 2.122370 0.907389 0.821968 0.079674 0.031456 0.024254 0.044089 0.076485 0.152259 0.086449 0.382728 0.270532 0.166862 0.129561 0.070092 0.132120 0.073737 0.061210 0.161219 0.572585 0.528323 0.484531 0.481342 0.497291 0.048821 0.034958 0.040461 0.043426 0.868481 1.870829 1.852784 1.706013 0.823449
0.042855 0.044700 0.030480 0.046654 0.046575 0.208134 1.018221 1.106927 1.205079 1.180587 2.343251 1.269967 1.065054 1.792630 1.916499 2.864699 2.947232 1.879177 0.072138 0.067761 0.091233 0.128919 0.124838 1.130003 2.135969 2.148633 2.119334 2.107359 0.825057 0.042400 0.031409 0.019799 0.032951 0.033730 0.140022 0.769251 0.625144 0.073388 0.059152 0.072456 0.063927 0.124137 0.100961 0.078682 0.064948 0.083017 0.032067 0.038002 0.041344 0.041237 0.038185 0.035393 0.026573 0.078586 1.008859 1.652416 1.829025 1.084105 1.155500
0.111916 0.064018 0.047096 0.998032 3.329098 2.354444 2.296129 0.911328 0.020134 0.029549 0.219960 0.257489 0.891658 1.785993 2.838509 2.842161 2.885288 1.876335 0.017372 0.017372 0.130520 1.182656 2.154365 3.168901 4.176157 4.184229 3.163397 2.120618 0.081274 0.033562 0.033317 0.014397 0.024697 0.032280 0.148567 0.345221 0.159839 0.115318 0.030373 0.035774 0.150886 0.110040 0.193154 0.024941 0.047874 0.047646 0.030144 0.025307 0.032341 0.029320 0.041603 0.039803 0.027977 0.813661 1.542635 0.604499 0.531050 1.353581 1.408713
0.172401 0.133767 0.240126 3.350829 4.360139 3.381987 2.331265 0.277139 0.017372 0.017372 0.020180 1.161065 1.021131 0.842940 0.754580 0.685791 0.731823 0.748946 0.105560 0.153210 2.172819 3.203122 4.161637 4.178661 5.173278 4.170784 3.139088 0.872958 0.037832 0.038277 0.018898 0.025779 0.028251 0.024131 0.030641 0.487463 0.028678 0.037255 0.034645 0.051018 0.171700 0.193245 0.033821 0.038977 0.027000 0.024406 0.031593 0.027977 0.031685 0.032372 0.306629 0.418846 0.335111 1.828313 1.875729 0.819304 0.736945 2.623763 2.698523
0.173777 0.313412 2.341565 4.403642 4.377282 4.402710 3.396439 2.426404 0.302807 0.268960 0.256382 0.964683 0.949549 0.094475 0.029060 0.036874 0.027016 0.127431 1.164476 2.195570 4.146804 5.195369 6.148150 5.180408 4.175261 3.165417 2.163009 0.116566 0.028526 0.024971 0.036827 0.028236 0.036018 0.041191 0.036583 0.670204 0.037468 0.024879 0.028144 0.036735 0.033837 0.201776 0.047813 0.022591 0.022591 0.027000 0.029991 0.044975 0.044747 0.047279 1.148611 2.304108 2.346020 2.039070 2.914039 3.086367 1.887270 2.618335 3.765448
0.063453 0.268293 2.368498 3.397336 4.343524 4.383780 4.398891 3.396340 2.360419 2.360665 2.394656 0.998396 0.110071 0.095101 0.028496 0.024513 0.029716 0.135025 1.173962 3.196298 4.170602 5.188475 6.158261 5.180326 4.177749 2.172087 1.044712 0.047402 0.026695 0.018852 0.037697 0.036842 0.044671 0.087013 0.811258 1.874016 1.894154 0.028725 0.045235 0.017372 0.035530 0.081200 0.030571 0.022591 0.022591 0.037209 0.040856 0.045723 0.088531 0.165071 1.081053 2.098353 2.180586 2.037267 2.793365 2.888273 3.717937 3.772636 3.786215
0.058037 0.061531 1.345057 2.433039 3.359924 4.385744 4.394876 4.413918 3.389553 3.394375 2.391248 0.034431 0.023567 0.027366 0.019310 0.026024 0.120208 0.165424 1.158693 3.177381 3.167112 4.175080 5.149630 5.169335 4.174614 2.165289 1.106232 0.092766 0.052467 0.061852 0.051903 0.067605 0.116436 0.131327 0.835304 1.872857 1.859412 0.064941 0.032340 0.017372 0.025261 0.038201 0.041054 0.044106 0.034371 0.037254 0.062355 0.144463 0.134891 0.247685 0.962424 1.261748 1.815925 2.835898 2.737993 2.799697 4.719211 4.748399 4.766584
0.062432 0.055809 0.058373 0.313746 2.373783 3.316803 4.350342 4.383937 3.379936 3.381681 3.387108 0.029244 0.022942 0.023507 0.040413 0.040286 1.132295 1.171498 3.143142 3.171874 3.156738 3.144747 3.147835 3.162690 4.128184 2.155194 0.100972 0.032494 0.050224 0.047661 0.046257 0.072105 0.092003 0.755067 1.857548 1.865928 1.883445 0.069924 0.091820 0.027596 0.024193 0.030525 0.081794 0.065971 0.038963 0.045663 0.073677 0.058891 0.135039 0.166809 0.779790 1.344514 1.347489 1.559234 1.470612 1.664172 4.703313 4.710735 4.720601
0.071189 0.071633 0.096635 0.288328 2.370347 1.413509 2.388006 3.391417 3.389460 3.387677 3.314341 0.502108 0.029289 0.028404 0.041435 0.068033 1.111967 2.135390 3.123033 3.134729 2.145453 0.954079 0.105495 0.118784 0.859197 0.088052 0.050604 0.037621 0.032204 0.145011 0.025017 0.055367 0.073158 1.796304 1.839042 1.822760 0.807211 0.083718 0.074623 0.040625 0.096321 0.085076 0.061760 0.084800 0.049232 0.063713 0.028755 0.039195 0.025780 1.136601 2.209040 1.617010 1.303828 1.084585 0.099344 0.073675 1.562475 2.651577 1.645049
0.059318 0.055428 0.143104 0.289949 1.341492 1.402556 2.368775 2.336513 2.343364 2.351815 1.055715 0.325176 0.280818 0.165027 0.194500 0.958275 2.087734 3.079480 2.115317 0.915038 0.098128 0.046425 0.027016 0.142571 0.262001 0.035149 0.053474 0.018471 0.101586 0.092140 0.070381 0.042671 0.072136 0.833473 0.844560 0.052205 0.027000 0.024406 0.042869 0.066079 0.068763 0.058754 0.041205 0.085940 0.123452 0.835314 1.010939 0.805496 0.919206 1.962298 2.222674 1.128659 1.009324 0.689702 0.089631 0.041457 0.047906 0.085259 0.091377
0.097756 0.225639 0.217129 0.124244 0.431427 1.458327 2.418936 1.399457 0.274812 0.041805 0.027138 0.028160 0.043155 0.114131 0.171524 0.889883 0.997649 0.842678 0.869686 0.055687 0.044107 0.039162 0.034636 0.037728 0.274421 0.025947 0.030907 0.023659 0.071694 0.395577 0.031790 0.077329 0.047340 0.836190 0.021782 0.022591 0.022591 0.027000 0.058739 0.111321 0.087038 0.141397 0.095459 0.488910 1.058982 1.839172 1.979590 1.566638 1.162575 1.655078 1.776545 0.999401 1.064281 1.000129 0.164145 0.022529 0.043266 0.032280 0.058455
0.034645 0.081840 0.072424 0.109993 0.058204 1.441404 2.347991 1.304020 0.057930 0.021629 0.023399 0.024284 0.031609 0.040338 0.155857 0.177290 0.184122 0.086159 0.096814 0.052240 0.039512 0.047737 0.034859 0.026161 0.389550 0.031090 0.033287 0.064246 0.081505 0.300453 0.218635 0.869204 0.883643 0.864738 0.055397 0.022591 0.022591 0.051446 0.049370 0.074105 0.095314 0.581656 1.666315 1.658743 1.309599 1.719809 1.993704 0.027020 0.031105 0.785973 0.750423 1.144951 2.420776 1.245804 0.245104 0.041022 0.019798 0.035881 0.059425
0.024086 0.078362 0.071405 0.045524 0.073356 0.369498 1.396991 1.297774 0.633141 0.031822 0.024284 0.014397 0.033180 0.047875 0.076010 0.106346 0.137153 0.091408 0.091636 0.072685 0.063134 0.072136 0.050759 0.068245 0.452324 0.026527 0.033745 0.058265 0.081962 0.050851 0.824379 0.841474 0.834359 0.799202 0.726812 0.030007 0.038200 0.032432 0.036171 0.083506 1.761107 1.823953 1.735548 1.657443 1.428209 0.336859 0.044622 0.026955 0.028649 0.038720 0.317539 1.428581 2.502085 2.491031 0.376334 0.019798 0.017372 0.025703 0.034691
0.136619 0.111381 0.074226 0.040733 0.038857 0.089670 0.108810 0.839327 1.816223 0.077055 0.033989 0.026772 0.023919 0.040992 0.038216 0.075264 0.106789 0.137429 0.058815 0.064537 0.096214 0.090706 0.060691 0.065102 0.486891 0.497212 0.038231 0.021111 0.032570 0.044900 0.188667 0.033027 0.084740 0.057686 0.595311 0.363513 0.220450 0.118615 0.092690 0.783703 1.828108 1.844893 2.854492 1.799785 0.039391 0.028916 0.028984 0.017372 0.025703 0.053049 0.319045 1.378739 2.560817 3.620124 1.606162 0.045805 0.017372 0.025703 0.051323
0.054344 0.043205 0.029595 0.041115 0.047082 0.134103 0.142953 1.029445 1.024728 2.126473 0.069212 0.032066 0.025138 0.032616 0.033577 0.039132 0.067024 0.104484 0.045295 0.082985 0.097191 0.080879 0.063362 0.051903 0.496956 0.498146 0.038781 0.035760 0.017372 0.043312 0.076988 0.058742 0.050316 0.033974 0.040824 0.239540 0.211511 0.275955 0.205227 0.827644 2.875670 2.898966 3.885090 2.880364 0.039620 0.034985 0.028847 0.017372 0.025703 0.031390 0.092767 0.406909 2.456985 3.482490 2.766138 1.756387 0.033301 0.057244 0.036171
