use_cases/Flooding_chicago/flooding_data/output/h_3360.asc
ncols 337
nrows 393
xllcorner 428428.000000
yllcorner 4602440.000000
cellsize 26.757400
NODATA_value -9999.000000
[rows 216 to 242 of 393, columns 236 to 294 of 337]
0.122864 0.646586 0.655745 0.619480 0.590652 0.560488 0.527406 0.492410 0.450293 0.373324 0.010058 0.001579 0.009144 0.443148 0.412199 0.196037 0.093486 0.121217 0.634701 0.533351 0.484741 0.306531 0.224446 0.214045 1.097646 1.150989 1.184914 0.145266 0.089173 0.954597 0.931852 0.928843 0.893876 0.721235 1.452040 1.477935 2.443943 1.523720 0.436733 0.236045 1.010493 2.085363 2.104275 2.106808 1.096042 0.090997 0.060726 0.041735 -9999.000000 -9999.000000 -9999.000000 -9999.000000 -9999.000000 -9999.000000 -9999.000000 -9999.000000 -9999.000000 -9999.000000 -9999.000000
0.177339 0.115254 0.085605 0.066808 0.049346 0.548678 0.541049 0.530433 0.507181 0.006369 0.014463 0.018046 0.011937 0.579873 0.578956 0.004088 0.004088 0.060307 0.565936 0.321248 0.180164 0.207410 0.244452 0.172298 0.099873 0.264667 0.006498 0.010915 0.010521 0.007238 0.934653 0.943564 0.941360 0.054366 0.327137 0.330959 1.403675 1.421892 0.442772 0.948794 2.048312 2.050076 2.068078 1.001648 0.065093 0.060004 -9999.000000 -9999.000000 -9999.000000 -9999.000000 -9999.000000 -9999.000000 -9999.000000 -9999.000000 -9999.000000 -9999.000000 -9999.000000 -9999.000000 -9999.000000
0.198385 0.030970 0.040653 0.034087 0.091457 0.532887 0.536899 0.556934 0.543329 0.559041 0.009583 0.014067 0.738016 1.736237 1.755491 0.004088 0.004088 0.118834 0.938344 0.107362 0.162427 0.153476 0.245473 0.201928 0.117140 0.059286 0.946132 0.010112 0.011268 0.008852 0.004493 0.199674 0.229801 0.140152 0.084478 0.041159 0.421998 0.536615 0.472317 0.898350 0.899655 0.905435 0.870272 0.302406 0.003359 0.002619 -9999.000000 -9999.000000 -9999.000000 -9999.000000 -9999.000000 -9999.000000 -9999.000000 -9999.000000 -9999.000000 -9999.000000 -9999.000000 -9999.000000 -9999.000000
0.060246 0.061754 0.070548 0.064646 0.148572 0.101184 0.073055 0.557738 0.565661 0.581605 0.625980 0.686500 1.672248 2.673548 2.686653 0.706827 0.531485 1.179675 1.156466 1.258619 0.114835 0.085430 0.054159 0.117274 0.961405 1.009134 0.913293 0.819946 0.689359 0.654665 0.582827 1.406597 0.448076 0.008253 0.009559 0.006561 0.008930 0.690239 0.753990 0.008894 0.443987 0.483296 0.470311 0.433738 0.002619 -9999.000000 -9999.000000 -9999.000000 -9999.000000 -9999.000000 -9999.000000 -9999.000000 -9999.000000 -9999.000000 -9999.000000 -9999.000000 -9999.000000 -9999.000000 -9999.000000
0.009056 0.069737 0.092713 0.110833 0.092128 0.063288 0.131116 0.082584 0.530246 0.536045 0.034412 0.658202 1.712654 2.643011 1.722282 0.672001 0.483250 0.377507 0.980737 0.082545 0.065471 0.028630 0.074082 0.106417 0.877162 0.962138 0.016433 0.012296 0.583940 0.617840 0.569929 1.375449 1.418332 0.007247 0.008688 0.006052 0.008106 1.870305 0.931312 0.018854 0.529062 0.583091 0.534444 0.339815 -9999.000000 -9999.000000 -9999.000000 -9999.000000 -9999.000000 -9999.000000 -9999.000000 -9999.000000 -9999.000000 -9999.000000 -9999.000000 -9999.000000 -9999.000000 -9999.000000 -9999.000000
0.011682 0.010423 0.006737 0.150546 0.142910 0.114416 0.087041 0.072639 0.076270 0.065570 0.040323 0.093948 1.650949 1.689410 1.738185 0.781747 0.002731 0.445893 0.353166 0.006232 0.034065 0.018327 0.064050 0.065816 0.207791 0.263035 0.009591 0.009034 0.066459 0.064966 0.087601 0.060036 1.296487 1.229626 1.302388 1.164880 1.877366 1.881025 1.954453 1.990454 0.797197 0.755122 0.678813 0.001579 -9999.000000 -9999.000000 -9999.000000 -9999.000000 -9999.000000 -9999.000000 -9999.000000 -9999.000000 -9999.000000 -9999.000000 -9999.000000 -9999.000000 -9999.000000 -9999.000000 -9999.000000
0.203332 0.006500 0.006665 0.179084 0.174798 0.134595 0.121913 0.137343 0.003359 0.002619 0.101323 0.074583 0.116947 0.586240 1.680667 0.799625 0.878823 0.663171 0.010663 0.009221 0.205919 0.179196 0.134555 0.086937 0.115826 0.328993 0.018997 0.007681 0.005667 0.014708 0.151463 0.108139 0.402950 1.135457 1.288482 1.106028 0.892921 0.832129 1.850962 1.921385 1.928640 0.882566 0.010259 -9999.000000 -9999.000000 -9999.000000 -9999.000000 -9999.000000 -9999.000000 -9999.000000 -9999.000000 -9999.000000 -9999.000000 -9999.000000 -9999.000000 -9999.000000 -9999.000000 -9999.000000 -9999.000000
1.236615 1.246648 0.003640 0.206325 0.213083 0.002619 0.003358 0.171939 0.002619 0.164858 0.153498 0.135974 0.087814 0.394219 0.685176 0.706412 0.750091 0.052104 0.021227 0.016940 0.161805 0.169672 0.151950 0.125665 0.209126 0.152096 0.016925 0.015296 0.007655 0.031277 0.224595 0.113880 0.477611 1.131238 1.323858 0.324730 0.201028 0.143155 0.763403 1.911872 1.902999 0.877349 0.001579 -9999.000000 -9999.000000 -9999.000000 -9999.000000 -9999.000000 -9999.000000 -9999.000000 -9999.000000 -9999.000000 -9999.000000 -9999.000000 -9999.000000 -9999.000000 -9999.000000 -9999.000000 -9999.000000
1.240296 1.252099 0.220496 0.220084 0.232563 0.219873 0.002619 0.186226 1.231479 1.240992 0.197040 0.179831 0.138838 0.615573 0.603611 0.364366 0.351478 0.033194 0.039527 0.026440 0.033082 0.021501 0.162351 0.181247 0.124393 0.080802 0.038988 0.018767 0.104308 0.062094 0.318344 0.614258 1.746197 0.604007 0.403823 0.407406 0.019697 0.017759 0.021840 0.829259 1.892113 0.887385 0.011229 -9999.000000 -9999.000000 -9999.000000 -9999.000000 -9999.000000 -9999.000000 -9999.000000 -9999.000000 -9999.000000 -9999.000000 -9999.000000 -9999.000000 -9999.000000 -9999.000000 -9999.000000 -9999.000000
1.227084 1.244261 1.246665 1.227793 1.263276 1.245383 1.242919 1.239269 1.227761 1.222516 1.213602 1.211993 1.185840 0.954814 0.877962 0.050085 0.064504 0.067247 0.057900 0.036958 0.032336 0.039829 0.023778 0.235963 0.176464 0.110563 0.253001 0.197864 0.136384 0.080572 0.442500 0.579953 1.594244 0.650964 0.030991 0.024837 0.031395 0.034712 0.020832 0.050889 0.804320 0.842452 0.005006 -9999.000000 -9999.000000 -9999.000000 -9999.000000 -9999.000000 -9999.000000 -9999.000000 -9999.000000 -9999.000000 -9999.000000 -9999.000000 -9999.000000 -9999.000000 -9999.000000 -9999.000000 -9999.000000
1.232334 1.247912 1.244838 2.225014 2.245207 2.240736 2.250127 1.232658 1.228289 1.221605 2.203963 2.230738 2.251049 1.048720 0.110843 0.101522 0.105424 0.091876 0.072866 0.048090 0.018660 0.043238 0.021063 0.295077 0.189414 0.119807 0.204606 0.160561 0.101918 0.057562 0.612227 0.544822 0.279051 0.229788 0.011067 0.016676 0.016345 0.020937 0.014054 0.020793 0.066260 0.006009 -9999.000000 -9999.000000 -9999.000000 -9999.000000 -9999.000000 -9999.000000 -9999.000000 -9999.000000 -9999.000000 -9999.000000 -9999.000000 -9999.000000 -9999.000000 -9999.000000 -9999.000000 -9999.000000 -9999.000000
0.164870 0.012412 0.167039 1.220982 1.245241 1.235220 1.237132 1.225520 1.217550 1.216427 2.196412 2.209736 2.223954 0.116583 0.098034 0.105599 0.126458 0.106263 0.077836 0.038976 0.053437 0.046239 0.410201 0.432929 0.005443 0.005654 0.008295 0.087516 0.860016 0.935314 0.846360 0.835185 0.028310 0.035982 0.006803 0.009341 0.006971 0.035318 0.023304 0.039865 0.023855 0.014415 -9999.000000 -9999.000000 -9999.000000 -9999.000000 -9999.000000 -9999.000000 -9999.000000 -9999.000000 -9999.000000 -9999.000000 -9999.000000 -9999.000000 -9999.000000 -9999.000000 -9999.000000 -9999.000000 -9999.000000
0.029033 0.030728 0.016214 0.173577 1.111333 0.199604 0.217711 0.289703 0.272190 1.154364 1.117976 1.101743 1.117020 0.006912 0.008702 0.006819 0.158577 0.117786 0.070830 0.097234 0.047943 0.059884 0.028011 0.464029 0.007683 0.008557 0.004312 0.079133 0.060587 0.962428 2.009080 2.022260 0.050612 0.055033 0.009343 0.012876 0.009855 0.041859 0.027999 0.041010 0.024082 0.013004 -9999.000000 -9999.000000 -9999.000000 -9999.000000 -9999.000000 -9999.000000 -9999.000000 -9999.000000 -9999.000000 -9999.000000 -9999.000000 -9999.000000 -9999.000000 -9999.000000 -9999.000000 -9999.000000 -9999.000000
0.012088 0.008606 0.004375 0.098631 0.380811 0.041034 0.015137 1.421271 0.370841 0.350769 0.366673 0.357587 0.357808 0.004088 0.004088 0.009439 0.231545 0.002800 0.042888 0.052664 0.064338 0.048603 0.024795 0.490272 0.531015 0.004268 0.006998 0.075729 0.080522 0.917220 1.969367 1.999896 1.063596 0.053895 0.006989 0.009894 0.009311 0.007490 0.005223 0.019908 -9999.000000 -9999.000000 -9999.000000 -9999.000000 -9999.000000 -9999.000000 -9999.000000 -9999.000000 -9999.000000 -9999.000000 -9999.000000 -9999.000000 -9999.000000 -9999.000000 -9999.000000 -9999.000000 -9999.000000 -9999.000000 -9999.000000
0.006901 0.005972 0.275861 0.218178 0.154044 0.100672 0.391636 1.417297 1.429368 0.393190 0.391485 0.379948 0.382433 0.004088 0.004088 0.009539 0.266855 0.003901 0.001579 0.024657 0.299769 1.516255 1.571662 1.455585 1.266202 1.001084 1.026724 1.112140 1.085324 1.964938 2.034938 2.090650 1.057861 1.052090 0.049601 0.089636 0.009983 0.005123 0.004591 -9999.000000 -9999.000000 -9999.000000 -9999.000000 -9999.000000 -9999.000000 -9999.000000 -9999.000000 -9999.000000 -9999.000000 -9999.000000 -9999.000000 -9999.000000 -9999.000000 -9999.000000 -9999.000000 -9999.000000 -9999.000000 -9999.000000 -9999.000000
0.361221 0.399194 0.324992 0.271481 0.211902 0.131631 1.420274 1.424191 2.443653 2.455227 2.452800 0.393921 0.382827 0.010309 0.010188 0.007275 0.284278 0.288312 0.002748 0.011105 0.308930 1.262595 1.299404 1.204718 1.123362 0.886511 0.899196 1.765813 1.995398 3.027340 2.013523 2.068194 0.987957 0.913887 0.611423 0.701375 0.007215 -9999.000000 -9999.000000 -9999.000000 -9999.000000 -9999.000000 -9999.000000 -9999.000000 -9999.000000 -9999.000000 -9999.000000 -9999.000000 -9999.000000 -9999.000000 -9999.000000 -9999.000000 -9999.000000 -9999.000000 -9999.000000 -9999.000000 -9999.000000 -9999.000000 -9999.000000
1.380548 0.401862 0.337796 0.287731 0.223985 0.117320 1.406650 1.415794 2.407920 2.417301 2.423457 0.354119 0.005332 0.006378 0.238709 0.265910 1.304644 0.271453 0.164906 0.261568 0.495183 0.611870 0.621523 0.559622 0.326018 0.176987 0.158534 1.899490 2.052572 2.051010 0.967121 1.987254 0.954178 0.867644 0.636903 -9999.000000 -9999.000000 -9999.000000 -9999.000000 -9999.000000 -9999.000000 -9999.000000 -9999.000000 -9999.000000 -9999.000000 -9999.000000 -9999.000000 -9999.000000 -9999.000000 -9999.000000 -9999.000000 -9999.000000 -9999.000000 -9999.000000 -9999.000000 -9999.000000 -9999.000000 -9999.000000 -9999.000000
1.375698 0.417847 0.328000 0.284171 0.209270 0.505084 1.366910 1.425960 1.434432 1.452125 0.366174 0.004984 0.006495 0.307240 1.313458 1.326835 2.318253 1.331175 0.196032 0.161628 0.091807 0.606444 0.639272 0.575670 0.293387 0.162360 0.173116 0.090884 1.057795 0.075622 0.052216 0.923048 0.935843 0.838045 0.629982 -9999.000000 -9999.000000 -9999.000000 -9999.000000 -9999.000000 -9999.000000 -9999.000000 -9999.000000 -9999.000000 -9999.000000 -9999.000000 -9999.000000 -9999.000000 -9999.000000 -9999.000000 -9999.000000 -9999.000000 -9999.000000 -9999.000000 -9999.000000 -9999.000000 -9999.000000 -9999.000000 -9999.000000
0.420422 0.470595 0.030590 0.037113 0.027541 0.031907 1.403902 0.393244 0.395127 0.008302 0.010628 0.001579 0.005080 0.308304 1.252449 2.301066 2.309906 1.326472 0.168514 0.071186 0.996432 1.923031 2.009682 0.916188 0.030189 0.012182 0.022672 1.018600 1.038676 2.063445 1.041690 1.013711 0.999655 0.011323 0.006795 -9999.000000 -9999.000000 -9999.000000 -9999.000000 -9999.000000 -9999.000000 -9999.000000 -9999.000000 -9999.000000 -9999.000000 -9999.000000 -9999.000000 -9999.000000 -9999.000000 -9999.000000 -9999.000000 -9999.000000 -9999.000000 -9999.000000 -9999.000000 -9999.000000 -9999.000000 -9999.000000 -9999.000000
0.379520 0.517873 0.057942 0.064495 0.052957 0.028803 0.054143 0.044661 0.042070 0.002352 0.002352 0.005657 0.370442 1.497967 0.359146 0.313978 0.270067 0.204496 0.326958 0.288274 1.912976 2.978491 3.040922 0.996196 0.033935 0.046465 0.041484 0.065138 1.028740 2.053016 2.052020 2.057867 0.033032 0.076035 0.047841 -9999.000000 -9999.000000 -9999.000000 -9999.000000 -9999.000000 -9999.000000 -9999.000000 -9999.000000 -9999.000000 -9999.000000 -9999.000000 -9999.000000 -9999.000000 -9999.000000 -9999.000000 -9999.000000 -9999.000000 -9999.000000 -9999.000000 -9999.000000 -9999.000000 -9999.000000 -9999.000000 -9999.000000
0.100835 0.152310 0.104381 0.088454 0.070347 0.042545 0.078816 0.065079 0.060961 0.057100 0.030286 0.414195 1.473829 1.476168 0.007651 0.010031 0.007159 0.107452 0.214273 1.831120 1.990488 2.863169 1.931105 0.944116 0.025406 0.034078 0.059991 0.049739 1.026177 1.976223 1.036745 1.035006 0.031942 0.064175 0.035065 -9999.000000 -9999.000000 -9999.000000 -9999.000000 -9999.000000 -9999.000000 -9999.000000 -9999.000000 -9999.000000 -9999.000000 -9999.000000 -9999.000000 -9999.000000 -9999.000000 -9999.000000 -9999.000000 -9999.000000 -9999.000000 -9999.000000 -9999.000000 -9999.000000 -9999.000000 -9999.000000 -9999.000000
0.162694 0.256988 0.017575 0.020848 0.016341 0.009258 0.011142 0.055267 0.064083 0.054842 0.514542 1.515167 3.480604 1.515503 0.011768 0.014481 0.010128 0.059452 0.214988 1.813480 1.977115 0.904239 0.051392 0.006332 0.006332 0.026524 0.071595 0.081062 0.054665 0.175027 0.024618 0.013165 0.025020 0.035175 -9999.000000 -9999.000000 -9999.000000 -9999.000000 -9999.000000 -9999.000000 -9999.000000 -9999.000000 -9999.000000 -9999.000000 -9999.000000 -9999.000000 -9999.000000 -9999.000000 -9999.000000 -9999.000000 -9999.000000 -9999.000000 -9999.000000 -9999.000000 -9999.000000 -9999.000000 -9999.000000 -9999.000000 -9999.000000
0.163565 0.234239 0.033455 0.034736 0.024836 0.011877 0.018165 0.052559 0.051053 0.052581 0.517361 1.528155 3.460314 2.530600 1.506649 0.012740 0.008085 0.027624 0.297992 0.987626 1.047370 0.123561 0.016278 0.005013 0.005013 0.013218 0.019759 0.091656 0.094533 0.061976 0.057468 0.002619 0.003400 -9999.000000 -9999.000000 -9999.000000 -9999.000000 -9999.000000 -9999.000000 -9999.000000 -9999.000000 -9999.000000 -9999.000000 -9999.000000 -9999.000000 -9999.000000 -9999.000000 -9999.000000 -9999.000000 -9999.000000 -9999.000000 -9999.000000 -9999.000000 -9999.000000 -9999.000000 -9999.000000 -9999.000000 -9999.000000 -9999.000000
0.083482 0.067927 0.060481 0.045695 0.022312 0.060712 0.026906 0.053410 0.563205 0.596358 1.517553 1.536708 3.469057 2.525511 1.512116 0.360604 0.237666 0.674021 0.548883 1.036005 0.103464 0.111224 0.031719 0.006672 0.006672 0.023529 0.041786 0.094393 0.100927 0.067428 0.002619 0.003358 -9999.000000 -9999.000000 -9999.000000 -9999.000000 -9999.000000 -9999.000000 -9999.000000 -9999.000000 -9999.000000 -9999.000000 -9999.000000 -9999.000000 -9999.000000 -9999.000000 -9999.000000 -9999.000000 -9999.000000 -9999.000000 -9999.000000 -9999.000000 -9999.000000 -9999.000000 -9999.000000 -9999.000000 -9999.000000 -9999.000000 -9999.000000
0.069466 0.038008 0.074130 0.047175 0.103747 0.064372 0.062201 0.549421 0.566751 1.524783 1.522918 1.519059 3.436270 2.511910 1.424337 1.294531 1.158269 0.855655 1.681000 0.675142 0.082433 0.049805 0.044097 0.005013 0.005013 0.037055 0.061584 0.040545 0.015701 -9999.000000 -9999.000000 -9999.000000 -9999.000000 -9999.000000 -9999.000000 -9999.000000 -9999.000000 -9999.000000 -9999.000000 -9999.000000 -9999.000000 -9999.000000 -9999.000000 -9999.000000 -9999.000000 -9999.000000 -9999.000000 -9999.000000 -9999.000000 -9999.000000 -9999.000000 -9999.000000 -9999.000000 -9999.000000 -9999.000000 -9999.000000 -9999.000000 -9999.000000 -9999.000000
0.111711 0.057128 0.023468 0.047561 0.097077 0.059125 0.436540 1.562874 1.589163 2.557216 1.510624 1.523581 2.492874 2.532364 0.451773 0.327948 0.227220 0.141111 0.100428 0.024639 0.031394 0.027969 0.016097 0.118760 0.093792 0.040864 0.036148 0.013763 -9999.000000 -9999.000000 -9999.000000 -9999.000000 -9999.000000 -9999.000000 -9999.000000 -9999.000000 -9999.000000 -9999.000000 -9999.000000 -9999.000000 -9999.000000 -9999.000000 -9999.000000 -9999.000000 -9999.000000 -9999.000000 -9999.000000 -9999.000000 -9999.000000 -9999.000000 -9999.000000 -9999.000000 -9999.000000 -9999.000000 -9999.000000 -9999.000000 -9999.000000 -9999.000000 -9999.000000
0.139710 0.222819 0.159585 0.087463 0.037991 0.309540 1.381121 1.537544 1.550955 1.566798 0.532830 1.495872 2.508296 1.511092 0.022795 0.010154 0.015367 0.019011 0.029885 0.031422 0.027539 0.022456 0.013799 0.014560 0.006153 0.021680 0.008586 -9999.000000 -9999.000000 -9999.000000 -9999.000000 -9999.000000 -9999.000000 -9999.000000 -9999.000000 -9999.000000 -9999.000000 -9999.000000 -9999.000000 -9999.000000 -9999.000000 -9999.000000 -9999.000000 -9999.000000 -9999.000000 -9999.000000 -9999.000000 -9999.000000 -9999.000000 -9999.000000 -9999.000000 -9999.000000 -9999.000000 -9999.000000 -9999.000000 -9999.000000 -9999.000000 -9999.000000 -9999.000000
