use_cases/Flooding_chicago/flooding_data/output/h_3360.asc
ncols 337
nrows 393
xllcorner 428428.000000
yllcorner 4602440.000000
cellsize 26.757400
NODATA_value -9999.000000
[rows 162 to 188 of 393, columns 236 to 294 of 337]
4.956452 4.941803 4.943943 4.944308 4.975117 1.876940 1.894493 0.777178 2.605835 4.684500 5.725380 4.742212 4.733827 4.708162 3.732475 2.689649 1.655509 1.617269 1.609356 1.596016 2.579877 2.600307 3.593912 3.607264 1.596374 0.585563 0.145578 0.137536 0.007917 0.003615 0.161959 1.204935 1.199828 1.190941 0.134476 0.012544 0.007052 0.011177 0.011567 0.052113 0.045389 0.023477 -9999.000000 -9999.000000 -9999.000000 -9999.000000 -9999.000000 -9999.000000 -9999.000000 -9999.000000 -9999.000000 -9999.000000 -9999.000000 -9999.000000 -9999.000000 -9999.000000 -9999.000000 -9999.000000 -9999.000000
4.943355 4.931062 4.932970 4.933895 4.969803 2.865379 2.886992 1.795694 2.629934 4.668495 6.696767 6.770367 4.734263 3.678989 3.737214 1.676397 1.669344 2.575051 3.624217 4.640760 3.631246 3.636189 3.625525 2.643763 0.559068 0.006596 0.009342 0.014214 0.006546 0.006597 0.008449 0.142332 1.191154 1.181333 0.139438 0.012258 0.024042 0.043077 0.005349 0.063584 0.043061 0.063981 -9999.000000 -9999.000000 -9999.000000 -9999.000000 -9999.000000 -9999.000000 -9999.000000 -9999.000000 -9999.000000 -9999.000000 -9999.000000 -9999.000000 -9999.000000 -9999.000000 -9999.000000 -9999.000000 -9999.000000
4.942539 4.926545 4.930750 5.920927 4.966040 2.848124 2.835207 2.798978 2.740329 4.611349 6.688370 6.764610 4.756628 2.701028 2.725462 1.685594 1.677332 2.550706 4.586774 5.620193 4.622683 4.636280 3.620579 2.629776 1.622293 0.503063 0.013104 0.006876 0.010370 0.006487 0.010566 0.006042 0.125565 1.053132 0.986565 1.021347 1.051996 0.039650 0.057581 0.060317 0.042309 0.064051 -9999.000000 -9999.000000 -9999.000000 -9999.000000 -9999.000000 -9999.000000 -9999.000000 -9999.000000 -9999.000000 -9999.000000 -9999.000000 -9999.000000 -9999.000000 -9999.000000 -9999.000000 -9999.000000 -9999.000000
4.934864 3.923505 4.915201 4.920386 3.953721 1.853047 2.767210 2.782441 2.730549 2.731735 4.656439 4.747146 3.745024 2.736714 1.705532 1.693043 1.680903 2.490386 3.584419 4.608103 4.610582 4.622108 3.610646 3.626020 1.628777 0.499627 0.015914 0.008216 0.008690 0.016945 0.090478 0.003375 0.104134 1.119490 2.034165 2.093692 0.083222 0.039427 0.057972 0.061325 0.048832 0.025036 0.028109 -9999.000000 -9999.000000 -9999.000000 -9999.000000 -9999.000000 -9999.000000 -9999.000000 -9999.000000 -9999.000000 -9999.000000 -9999.000000 -9999.000000 -9999.000000 -9999.000000 -9999.000000 -9999.000000
3.926980 3.919924 3.929270 3.948305 1.919345 1.877138 1.847682 1.794367 1.755191 2.643748 2.705467 2.723732 3.720023 2.718632 2.730001 2.727942 2.724201 1.572777 1.606154 2.611335 2.615450 2.621532 2.613222 2.605886 0.497391 0.006762 0.004998 0.007381 0.006227 0.013630 0.052808 0.065635 0.001579 0.085343 1.035060 1.027411 0.006420 0.005163 0.007010 0.005583 0.047179 0.030265 0.023037 -9999.000000 -9999.000000 -9999.000000 -9999.000000 -9999.000000 -9999.000000 -9999.000000 -9999.000000 -9999.000000 -9999.000000 -9999.000000 -9999.000000 -9999.000000 -9999.000000 -9999.000000 -9999.000000
2.909859 2.904689 2.911646 2.924669 1.918618 1.883584 1.845989 1.757813 1.744324 1.722954 1.714829 2.709665 2.732663 2.730275 2.736748 2.740104 1.729250 0.020004 0.013198 0.606050 0.595143 1.613292 2.610249 2.611470 0.004866 0.002778 0.003981 0.018826 0.014256 0.011066 0.180505 0.034111 0.043843 0.060887 0.044961 0.829311 0.006460 0.005264 0.007314 0.006965 0.004916 0.004038 0.006201 -9999.000000 -9999.000000 -9999.000000 -9999.000000 -9999.000000 -9999.000000 -9999.000000 -9999.000000 -9999.000000 -9999.000000 -9999.000000 -9999.000000 -9999.000000 -9999.000000 -9999.000000 -9999.000000
1.830965 1.912470 1.937368 1.951124 1.934807 1.905555 1.861055 0.707574 0.656566 0.627043 0.674932 1.709876 1.706935 2.718594 2.720560 2.716792 1.698440 0.020875 0.013950 0.011073 0.575339 0.565366 1.585657 0.536845 0.004552 0.004850 0.022789 0.023375 0.030014 0.005157 0.151239 0.140942 0.028726 0.041195 0.026900 0.620213 0.008989 0.013459 0.016997 0.016797 0.006778 0.002799 0.005766 -9999.000000 -9999.000000 -9999.000000 -9999.000000 -9999.000000 -9999.000000 -9999.000000 -9999.000000 -9999.000000 -9999.000000 -9999.000000 -9999.000000 -9999.000000 -9999.000000 -9999.000000 -9999.000000
1.017392 1.910079 1.970680 1.989173 1.982644 2.002119 0.990420 0.069524 0.042383 0.031883 0.037033 0.690288 1.716479 2.720800 2.722188 2.719010 1.720554 1.726070 1.737452 0.010143 0.541921 0.532956 0.491905 0.428370 0.276107 0.765567 1.872476 0.894977 0.018145 0.011224 0.102062 0.098057 0.015270 0.019610 0.036487 0.820861 0.685027 0.013730 0.021465 0.023835 0.011968 0.006055 0.007607 0.005815 -9999.000000 -9999.000000 -9999.000000 -9999.000000 -9999.000000 -9999.000000 -9999.000000 -9999.000000 -9999.000000 -9999.000000 -9999.000000 -9999.000000 -9999.000000 -9999.000000 -9999.000000
1.035232 1.873699 1.974612 3.029203 1.927460 1.918321 0.928637 0.061936 0.009088 0.007883 0.031315 0.629516 2.698560 2.712996 2.720186 2.722092 2.726976 2.723777 1.728817 0.702551 0.567799 0.513562 0.444942 0.345076 0.819490 1.891351 2.906399 1.928519 0.028167 0.014202 0.902457 0.934584 0.956942 0.945216 1.907081 1.918573 3.905598 3.936100 2.957970 2.947383 1.933569 0.012533 0.004841 0.448932 -9999.000000 -9999.000000 -9999.000000 -9999.000000 -9999.000000 -9999.000000 -9999.000000 -9999.000000 -9999.000000 -9999.000000 -9999.000000 -9999.000000 -9999.000000 -9999.000000 -9999.000000
1.097677 1.781970 2.974653 3.025150 0.859086 0.058498 0.052416 0.020740 0.017022 0.013385 0.029201 0.630763 2.716141 3.717736 2.729859 2.733590 2.725039 2.737435 2.748992 1.760253 0.002170 0.396687 0.302113 0.999816 0.986830 1.793666 2.903022 1.952358 0.721901 0.481297 1.772969 2.954882 2.987931 2.971159 2.943416 3.898475 5.918909 5.944149 5.965794 4.965358 2.940948 1.915887 0.691819 0.717213 0.456552 -9999.000000 -9999.000000 -9999.000000 -9999.000000 -9999.000000 -9999.000000 -9999.000000 -9999.000000 -9999.000000 -9999.000000 -9999.000000 -9999.000000 -9999.000000 -9999.000000
1.072839 1.679200 2.940858 0.879219 0.004561 0.005456 0.055235 0.021430 0.029656 0.018410 0.015149 0.103280 1.674561 3.706654 3.724819 2.720012 1.704750 2.708335 2.715708 1.715658 0.618085 0.444345 1.079536 1.066778 1.008267 0.949187 0.859246 0.932100 0.001587 0.297324 2.760777 3.938272 4.944745 4.945628 4.920947 4.932668 7.906239 7.944340 6.944445 5.954376 3.953517 1.891006 1.890322 0.438745 0.249632 0.165837 -9999.000000 -9999.000000 -9999.000000 -9999.000000 -9999.000000 -9999.000000 -9999.000000 -9999.000000 -9999.000000 -9999.000000 -9999.000000 -9999.000000 -9999.000000
0.854491 0.678412 0.711622 0.007180 0.001579 0.003901 0.028453 0.040363 0.043168 0.002352 0.003079 0.194006 0.573843 1.622711 1.659318 1.668841 0.655096 1.661525 0.612085 0.666016 0.166052 0.116284 0.270736 0.002619 0.003358 0.005545 0.593342 0.672445 0.451804 0.318243 2.727886 4.937737 3.975967 3.959037 4.926291 5.934242 6.947221 6.956169 5.963946 4.970547 3.962916 2.958340 1.952837 0.014691 0.002619 0.006040 -9999.000000 -9999.000000 -9999.000000 -9999.000000 -9999.000000 -9999.000000 -9999.000000 -9999.000000 -9999.000000 -9999.000000 -9999.000000 -9999.000000 -9999.000000
0.461129 0.011143 0.018575 0.007056 0.012585 0.002800 0.042134 0.042722 0.044790 0.002352 0.018440 0.322784 0.273720 0.192354 0.144249 0.141522 0.136489 0.126796 0.156222 0.311145 0.317931 0.196714 0.292418 0.222088 0.002619 0.367578 1.381032 1.372580 1.321353 2.001855 2.782066 3.916865 4.021316 2.972715 3.922112 4.949780 5.956749 5.979990 4.990791 3.965186 3.958865 3.966272 2.971824 0.015473 0.003359 0.002619 0.003198 0.295109 -9999.000000 -9999.000000 -9999.000000 -9999.000000 -9999.000000 -9999.000000 -9999.000000 -9999.000000 -9999.000000 -9999.000000 -9999.000000
0.006951 0.010807 0.011790 0.825048 1.826900 1.834657 0.805213 0.030410 0.037233 0.026272 0.027461 0.428784 0.338805 0.009099 0.007811 0.143685 0.140419 0.010484 0.008640 0.452610 0.434068 0.240847 0.122611 0.566197 0.004169 0.384854 1.413260 2.470777 1.398917 1.217892 1.715459 1.899923 2.907105 2.925890 2.909608 3.918244 4.933909 4.946326 4.968178 3.931129 3.920528 4.882035 3.911745 1.768593 0.056119 0.026970 0.049983 0.512405 -9999.000000 -9999.000000 -9999.000000 -9999.000000 -9999.000000 -9999.000000 -9999.000000 -9999.000000 -9999.000000 -9999.000000 -9999.000000
0.008030 0.001579 0.014110 1.835238 2.839787 2.838406 1.827959 0.764381 0.030628 0.004071 0.029469 0.583174 0.011861 0.017126 0.012785 0.146854 0.010246 0.021078 0.015199 0.586601 0.613023 0.004322 0.090719 0.546930 0.527564 0.490851 1.443946 2.499149 1.469304 1.430445 0.302576 0.799716 0.827381 1.886465 2.889283 2.889285 3.912316 4.922445 4.955667 3.916519 3.905504 4.898119 3.918335 1.627560 1.292237 1.215775 1.978501 3.090017 1.411521 -9999.000000 -9999.000000 -9999.000000 -9999.000000 -9999.000000 -9999.000000 -9999.000000 -9999.000000 -9999.000000 -9999.000000
1.744860 0.655236 0.701744 1.819792 2.829874 2.810717 1.815420 0.778050 0.006838 0.007908 0.035743 0.667971 0.019211 0.021296 0.004088 0.004088 0.011398 0.709223 1.790017 1.811148 0.748046 0.009363 0.146962 0.551247 0.550595 0.534449 1.466814 2.512274 3.573325 1.484570 0.410558 0.369001 0.332769 0.766280 1.855904 2.842704 3.879931 4.884132 4.910909 4.884686 4.859706 4.891555 3.695366 3.372408 3.383739 4.257375 4.334781 4.323700 3.038590 1.235170 -9999.000000 -9999.000000 -9999.000000 -9999.000000 -9999.000000 -9999.000000 -9999.000000 -9999.000000 -9999.000000
3.778850 2.715516 2.686573 1.814534 0.839861 1.835604 1.821780 0.021425 0.010329 0.010261 0.041969 0.789082 0.827606 0.012394 0.004088 0.004088 1.735476 2.770527 3.780321 2.774371 1.732368 0.549681 0.326326 0.557230 1.514785 1.573788 1.528920 3.510518 4.568779 1.513739 0.461564 0.429487 0.402404 0.317088 0.783089 2.800831 3.876891 4.851299 4.879011 4.834091 4.822021 4.863533 3.652085 4.351875 4.472592 5.311646 5.431919 4.269167 2.777880 2.364786 1.565382 -9999.000000 -9999.000000 -9999.000000 -9999.000000 -9999.000000 -9999.000000 -9999.000000 -9999.000000
3.781281 2.756471 2.756249 1.831832 0.825735 0.815818 0.807702 0.034179 0.013127 0.012207 0.883737 1.848775 1.868190 0.883588 0.022550 0.023036 2.745717 4.779528 4.788359 2.778061 0.668576 0.515676 0.311193 1.487904 1.539380 1.554583 2.506038 3.464340 3.531165 2.520864 2.557456 1.520126 1.548950 0.370691 0.805891 2.817184 4.927477 3.926206 3.835432 2.763495 3.621572 3.774404 2.589460 3.272192 4.408917 4.297958 4.312719 3.233441 1.769133 1.429305 1.200073 -9999.000000 -9999.000000 -9999.000000 -9999.000000 -9999.000000 -9999.000000 -9999.000000 -9999.000000
3.731010 2.715588 1.700542 0.027313 0.036861 0.050167 0.051884 0.009810 0.018113 0.014646 1.881014 2.805567 2.873676 0.867196 0.854825 0.831841 3.706211 5.756924 4.782005 2.792618 0.753157 0.009034 0.135198 0.470118 1.486442 1.547168 2.524369 1.538448 1.540623 2.451513 2.510034 3.439500 2.513816 1.340470 1.046915 1.876324 4.920716 3.991818 1.988787 1.958159 1.924654 1.873529 1.740324 3.306378 4.573879 3.710907 1.364920 1.174342 0.887750 1.240747 1.487487 0.240586 -9999.000000 -9999.000000 -9999.000000 -9999.000000 -9999.000000 -9999.000000 -9999.000000
3.674122 3.653634 1.622854 0.020386 0.001579 0.055632 0.044175 0.009831 0.004539 0.004301 0.022788 1.834835 2.850494 1.896652 0.848660 0.832060 2.698028 3.753785 3.773879 2.799062 0.768261 0.013538 0.070646 0.529490 0.587349 1.468178 2.532563 1.554685 1.545470 2.431276 2.507229 2.497662 2.537354 1.472203 0.263110 2.768164 3.848543 3.014309 1.993478 1.968174 3.006872 1.874738 2.544144 4.412720 4.647887 3.731964 1.396424 1.152895 0.765521 1.126275 1.204352 -9999.000000 -9999.000000 -9999.000000 -9999.000000 -9999.000000 -9999.000000 -9999.000000 -9999.000000
2.642462 2.584186 2.375019 0.296068 0.015547 0.032456 0.027048 0.007583 0.005575 0.004532 0.003867 0.647854 2.819287 3.904515 2.896741 1.821163 2.752926 2.785666 2.810118 1.820921 0.771695 0.013836 0.033085 1.540807 1.685127 1.586324 2.511827 2.630510 2.660223 1.505087 1.510385 1.433925 1.425497 1.356653 1.155411 1.909101 3.051398 4.112964 4.223792 3.094408 2.941972 2.906592 2.598842 4.304140 4.564093 3.617988 2.543360 1.119174 2.108101 2.323033 3.429510 0.835072 -9999.000000 -9999.000000 -9999.000000 -9999.000000 -9999.000000 -9999.000000 -9999.000000
0.036956 1.416844 3.214118 1.111232 0.108623 0.084216 0.060448 0.008507 0.003311 0.006822 0.016642 1.742221 3.835435 3.868838 2.838642 2.809760 2.808996 1.783616 1.767610 1.807036 0.591802 0.373977 1.407158 1.592487 1.636821 1.601198 2.486774 2.623080 2.649725 1.551657 1.620269 0.544910 0.500390 0.422278 0.986666 1.980271 3.052588 4.061707 4.118124 4.150749 2.930856 2.788059 2.330550 2.312721 2.459134 2.486251 2.506170 1.082392 2.093536 2.307941 3.410831 1.002636 -9999.000000 -9999.000000 -9999.000000 -9999.000000 -9999.000000 -9999.000000 -9999.000000
0.017488 0.333090 2.184848 1.898965 1.970136 0.876740 0.901318 0.890914 0.008018 0.011288 1.775214 3.827057 3.848565 2.883496 1.840833 1.804805 1.778990 1.815579 0.709135 0.627887 0.775614 1.237827 1.478578 1.689543 1.670031 1.621661 2.419064 2.661230 1.565783 1.537337 1.564792 1.606678 0.517841 0.444783 0.308792 1.892881 3.061906 4.074415 4.129434 4.129120 3.005011 2.881428 0.531044 0.372560 1.359305 1.417143 0.329129 0.166779 1.191685 2.252373 2.335248 1.177963 0.093086 -9999.000000 -9999.000000 -9999.000000 -9999.000000 -9999.000000 -9999.000000
0.017282 0.020477 0.203347 1.926282 2.156712 1.985804 1.999587 2.941639 1.930907 1.930167 3.734940 4.873147 3.912405 2.931458 1.921512 0.810587 0.767971 0.741722 0.686233 0.581025 2.217104 2.427992 1.745832 2.666402 1.635527 1.606005 1.509220 1.544725 1.503020 2.351270 2.472205 2.484805 2.546980 0.453002 0.383182 1.848667 2.982492 4.016905 4.126309 4.077917 2.993310 2.032724 0.165134 0.068475 0.488708 0.506783 0.005324 0.005169 0.165260 0.178110 0.201018 0.141855 0.005418 -9999.000000 -9999.000000 -9999.000000 -9999.000000 -9999.000000 -9999.000000
0.028272 0.019689 0.015934 0.963402 1.101344 1.997421 2.039851 2.925985 2.967799 2.937602 3.730644 4.839031 4.921253 3.931015 2.944204 0.803424 0.756167 0.728133 0.667276 1.072979 2.050059 2.143789 0.641013 1.278389 1.471130 1.539038 0.462989 0.459951 1.344644 3.360658 3.447248 3.454016 3.469241 2.394279 2.401492 2.173399 2.202297 3.123637 4.205110 3.226846 2.177277 2.123693 1.310413 0.001579 0.166015 0.177917 0.002352 0.002352 0.188592 0.005351 0.007917 0.009120 0.007515 0.010796 0.014970 -9999.000000 -9999.000000 -9999.000000 -9999.000000
0.037620 0.023390 0.018809 1.039601 1.126941 1.101310 1.057436 1.873130 1.950896 2.863680 2.856212 3.793254 3.863515 3.904966 2.887438 1.840939 0.738207 1.370184 2.514409 2.479570 2.069591 0.923659 0.068409 0.050532 0.021289 0.403341 0.437236 0.454262 0.464903 3.369031 4.456082 4.468258 4.477508 4.449913 4.496025 2.251493 2.251240 3.150587 4.247415 3.260025 3.322241 2.214918 2.288676 2.292432 1.279394 1.292363 0.262467 0.236313 0.172762 0.004580 0.001579 0.010696 0.011738 0.007783 0.018251 0.027400 -9999.000000 -9999.000000 -9999.000000
0.034146 0.047684 0.090908 3.067798 3.103101 1.107023 1.068808 1.003975 1.903056 1.928706 1.803197 1.775653 2.758171 2.812321 2.781828 2.711123 2.719668 3.686918 4.742214 3.725639 1.672785 0.013466 0.002619 0.006959 0.011225 0.012930 0.446077 0.009957 0.009695 2.372157 3.427167 4.443792 4.450114 4.441505 3.446270 2.294611 2.284064 3.088281 4.184520 4.267114 3.266348 2.127390 1.251552 2.286802 2.278648 2.289256 2.303029 2.284063 1.275888 0.230203 0.002748 0.227749 0.007547 0.009608 0.013071 0.024748 0.029376 0.024172 0.009756
