use_cases/Flooding_chicago/flooding_data/output/h_3360.asc
ncols 337
nrows 393
xllcorner 428428.000000
yllcorner 4602440.000000
cellsize 26.757400
NODATA_value -9999.000000
[rows 270 to 296 of 393, columns 59 to 117 of 337]
0.044333 0.053894 0.055673 0.023899 0.009225 0.010128 0.034070 0.017065 0.155712 0.013715 0.004088 0.004088 0.023354 0.014904 1.214530 2.218048 2.216018 1.215953 0.150110 0.002352 0.006913 0.263281 0.147510 0.008399 0.006091 0.008660 0.012379 0.013829 0.828546 3.049509 3.069877 2.076851 3.087618 3.045900 1.133525 1.162783 1.141336 1.127191 1.078877 1.067486 0.107451 0.196762 0.208953 0.162720 0.978444 0.943759 0.983754 2.013799 2.000328 2.001222 3.037392 3.031956 3.024911 2.077740 2.081830 2.072734 2.069959 2.062361 2.059900
0.021683 0.023552 0.026672 0.035757 0.009250 0.009526 0.022710 1.246538 1.239031 0.203031 0.020942 0.029588 0.027520 0.024357 1.209530 3.219756 3.217715 2.219805 0.179016 0.002352 0.005494 0.340754 0.025696 0.006014 0.008807 0.006545 0.009911 0.013842 0.826307 2.052553 3.089411 3.125013 3.097301 4.069980 2.027440 1.154961 1.153145 1.124015 1.061654 0.045259 0.001579 0.275726 0.278288 0.248631 0.205523 0.206513 0.100355 0.967006 0.940068 0.923597 1.956613 1.955180 2.060760 2.034919 2.050478 1.039127 1.037680 1.006713 1.066386
0.033427 0.033006 0.034396 0.037828 0.008384 0.008476 0.016856 1.252895 1.248755 0.202912 0.018803 0.026095 0.020592 0.017888 1.206167 3.212408 3.210529 2.217177 0.169255 0.107452 0.541605 0.514550 0.051948 0.006878 0.011893 0.008872 0.008679 0.016515 0.015951 0.061166 2.078213 3.072329 3.058470 4.028715 2.886400 2.216890 2.229623 1.095916 0.167700 0.003115 0.388600 0.354549 0.339622 0.304480 0.286379 0.288682 0.005830 0.006624 0.111915 0.200098 1.078622 1.118661 2.010332 1.104583 1.092125 0.110793 0.103269 0.161918 1.097270
0.029542 0.024731 0.024574 0.026384 0.005709 0.005740 0.012368 1.253340 1.248777 0.202183 0.016501 0.019709 0.249112 0.251361 2.208635 2.215412 0.178278 0.167474 0.155796 0.105836 1.524762 0.512081 0.058736 0.095093 0.009789 0.006785 0.008835 0.010300 0.013519 0.018085 0.078640 1.057338 2.082873 2.042800 2.024020 2.058959 2.112474 1.075096 0.254614 0.005165 0.382109 1.356086 1.387715 0.329133 0.315708 0.320870 0.008459 0.011478 0.012111 0.310309 1.107594 1.197501 1.189536 1.091481 0.093883 0.107727 0.001579 0.231050 1.069245
0.016885 0.035444 0.031314 0.030083 0.025766 0.007189 0.007278 1.253662 1.249037 0.201655 0.017358 0.023541 0.017303 0.011296 1.208124 0.158429 0.005217 0.005945 0.003420 0.104749 0.544130 0.033195 0.005992 0.008651 0.010056 0.016738 0.030471 0.018306 0.022235 0.011549 0.064942 0.131230 0.978432 0.996790 0.960341 1.151787 2.305724 2.334075 1.381366 0.008876 0.412202 0.401748 0.376018 0.324547 0.314104 0.319569 0.005985 0.007322 0.532796 1.478672 2.323619 2.408386 1.383040 0.343073 0.006348 0.006802 0.325203 0.334524 0.251506
0.022300 0.036540 0.172800 0.174668 0.048808 0.072997 0.158272 1.261145 1.251662 0.198160 0.018356 0.025147 0.023239 0.017609 0.008862 0.006073 0.006698 0.005275 0.168190 0.162483 0.125144 0.003089 0.002352 0.002352 0.010602 0.010793 0.016885 0.020257 0.018025 0.122156 0.143753 0.110178 0.275050 0.003537 0.109054 1.132813 2.361475 3.467193 3.454963 0.530080 0.467466 0.444622 0.402277 0.015884 0.018814 0.011956 0.532110 0.548366 1.534446 1.473738 2.239740 2.278064 1.381725 0.407457 0.009676 0.011440 0.006793 0.387997 0.284901
0.039276 0.025135 0.214062 0.218226 0.185737 0.111797 0.112351 0.173124 0.182124 0.009987 0.019802 0.023550 0.020983 0.012356 0.170922 0.189038 1.218024 1.223318 1.217143 0.183620 0.174033 0.182624 0.005669 0.007626 0.006849 0.058627 0.036517 0.058957 0.079377 0.145967 1.201783 1.221770 0.140769 0.004475 0.009631 0.319749 3.563455 6.604318 5.528466 1.584388 0.518030 0.503673 0.020051 0.030671 0.031595 0.019073 0.537692 0.546206 1.537601 1.524178 0.468268 0.468649 1.438755 0.480990 0.010284 0.009541 0.006286 0.488666 0.019344
0.026631 0.104691 0.151787 0.168788 0.174823 0.077588 0.070810 0.118815 0.119556 0.008098 0.013551 0.015356 0.011818 0.427167 0.122307 0.181667 1.217889 1.218891 1.216699 0.185138 0.174167 0.175851 0.128248 0.105059 0.089918 0.043019 1.114334 0.083711 0.106424 0.147650 1.194574 1.214220 0.142625 0.004088 0.004088 0.015887 3.482227 6.514390 5.453133 2.548652 1.556584 0.512079 0.033833 0.039776 0.041432 0.002693 0.533709 0.552228 1.561807 1.551477 1.590827 1.590724 1.523999 0.542101 0.010839 0.600451 0.606369 0.578111 0.024050
0.041172 0.771748 0.816904 0.806543 0.121423 0.124152 0.058073 0.048380 0.136875 0.011089 0.018577 0.024588 0.014508 0.419590 0.063390 0.006624 0.009458 1.222730 1.219109 0.176840 0.007795 0.005844 0.144752 0.133842 0.102141 0.048042 1.114619 0.096311 0.046966 0.044108 0.027131 0.018933 0.015080 0.004088 0.004088 0.021735 2.510040 5.485736 5.438360 2.545386 1.531744 0.518253 0.040506 0.040826 0.003633 0.003633 0.008082 0.536734 1.604163 2.636544 3.640046 2.626094 2.623380 1.621613 0.614567 0.607467 0.607929 0.590495 0.028517
0.797686 0.813789 0.831020 0.824830 0.080584 0.096859 0.094968 0.106624 0.181052 0.160320 0.053430 0.011319 0.361508 0.352391 0.037565 0.009438 0.019364 0.022319 0.021746 0.018458 0.015226 0.007939 0.140862 0.137913 0.001579 0.055679 0.093145 0.096133 0.048112 0.044711 0.027615 0.020360 0.001579 0.009639 0.009272 0.510916 2.543777 4.552881 4.502321 2.555597 1.531763 0.568832 0.577886 0.030993 0.002693 0.019370 0.013168 0.589198 1.598617 2.607481 3.605747 3.614045 3.621015 3.623139 2.616857 1.613990 1.614095 0.601125 0.004532
0.831425 0.799174 0.827115 0.026120 0.060456 0.069296 0.058725 0.490375 0.153853 0.201309 0.087336 0.005290 0.380315 0.362621 0.031552 0.061653 0.022377 0.033814 0.032751 0.025900 0.013478 0.119202 0.123496 0.111424 0.073481 0.028639 0.029870 0.055936 0.072924 0.118873 0.089713 0.067956 0.002748 0.008654 0.441354 1.590115 3.539857 4.497836 4.414133 3.573041 2.607939 2.613650 1.603709 0.579133 0.004555 0.615995 0.626364 0.604785 1.593782 2.603488 2.612056 3.584675 4.597112 4.598937 3.606279 2.603826 1.605212 1.601689 0.004301
0.808660 0.739798 0.007994 0.020129 0.034578 0.033413 0.420429 0.453083 0.502844 0.100266 0.178690 0.247342 0.324764 1.332551 0.199730 0.043578 0.023733 1.035849 1.035985 0.023967 0.132221 0.116164 0.108425 0.092276 0.057759 0.066385 0.048384 0.062763 0.066483 0.083408 0.435628 0.435416 0.468818 0.492252 1.575988 1.570686 2.550016 2.560267 2.497623 3.569733 3.576283 3.573849 2.589338 1.577495 0.538638 0.606725 0.611619 1.630837 2.628294 2.612861 2.617454 2.601092 3.608825 3.604526 2.610895 1.592984 0.614557 0.606237 0.008780
0.005408 0.420265 0.239014 0.200792 0.207335 0.229678 0.336692 0.323360 0.077321 0.128344 0.203447 0.255484 0.294729 0.272064 0.011503 0.010025 0.004563 0.031074 0.030951 0.023536 0.009544 0.084107 0.070888 0.058041 0.035040 0.040631 0.055256 0.031965 0.063290 0.066385 0.434371 1.562326 1.599794 1.607736 1.590830 1.585620 2.559715 2.573171 1.568690 2.510020 2.541064 3.591328 3.600042 2.583444 1.617189 1.625194 1.628069 2.626544 2.613352 2.608652 2.601150 1.581138 3.592930 2.604166 1.601406 0.616068 0.612041 0.599022 0.539818
0.033846 0.959105 0.922520 0.966057 0.124809 0.128581 0.951597 0.172780 0.044233 0.004301 0.004538 0.261455 0.221559 0.010241 0.011336 0.006602 0.009297 0.004507 0.020285 0.013849 0.030187 0.043507 0.190029 0.120551 0.315728 0.014868 0.053867 0.026297 0.030039 0.029994 0.449562 1.588329 2.609376 2.619411 2.606919 2.609592 3.609226 2.590698 1.574740 0.619472 1.620547 2.568472 3.599162 3.611177 2.625964 2.630301 2.632535 3.633700 2.618737 2.613887 1.618138 0.625348 2.630026 3.635322 2.627517 0.631171 0.628041 0.621064 1.642231
1.043691 1.070808 2.044368 1.078786 1.045454 1.048577 2.049497 1.024607 0.004066 0.004532 0.005575 0.205846 0.150811 0.015505 0.016529 0.008369 0.008941 0.020342 0.019955 0.041197 0.061162 0.023081 0.010685 0.058119 0.241445 0.141101 0.073524 0.115266 0.051691 0.062245 0.080490 1.580573 2.601623 2.611291 2.600307 2.606640 3.578161 2.595894 2.611705 0.623389 1.618889 1.613778 2.617141 3.597183 2.627735 2.626257 3.634980 3.627966 2.622142 2.618154 1.628477 1.644690 2.622113 3.629173 2.621164 1.638166 0.631788 0.628728 1.675527
2.047660 2.043620 2.070359 2.063579 2.066506 2.069789 2.073303 1.047732 0.010299 0.010172 0.003311 0.096936 0.313722 0.015986 0.016331 0.008027 0.008202 0.015060 0.025467 0.123484 0.035721 0.012713 0.002619 0.007084 0.007043 0.231335 0.181540 0.113949 0.157259 0.089056 0.161775 0.112643 0.509698 0.506781 0.562710 2.574378 2.539341 2.551677 2.553765 1.657620 1.620458 2.639608 2.623045 2.618412 2.629716 2.628087 3.629801 3.627326 2.621710 2.617433 1.626610 1.632689 2.622123 3.618406 2.618014 2.631242 1.632915 1.621562 0.636214
1.059949 2.066055 2.070354 2.076143 2.076178 2.078794 2.081708 2.067098 1.072299 0.030766 0.070307 0.139926 0.205100 0.013146 0.010861 0.005571 0.005632 0.009249 0.016372 0.094735 0.075752 0.010687 0.003359 0.002619 0.009478 0.005706 0.094414 0.071767 0.123332 0.065395 0.202541 0.195972 0.004088 0.004088 0.587619 1.601996 1.597072 1.600685 1.613681 1.637422 1.624041 2.606581 2.600921 2.618230 2.629090 3.632156 3.630306 3.628858 3.634543 2.621745 2.637976 1.631455 2.622788 2.607363 1.631367 2.640777 2.631967 1.620246 0.634218
1.066789 2.070531 2.070830 2.078305 2.078164 2.081844 2.086568 2.066865 1.085041 1.079018 1.018041 0.146105 0.126705 0.010045 0.017071 0.016715 0.015029 0.010509 0.015288 0.414895 0.499371 0.017313 0.006103 0.003183 0.006575 0.011229 0.102701 0.112961 0.082038 0.271147 0.234988 0.227763 0.004088 0.004088 0.575299 1.594385 1.601596 1.608520 1.622865 1.642788 1.630957 1.635155 1.634185 2.601330 2.624946 2.620598 3.632618 3.629475 3.628812 4.646493 3.641689 2.633931 2.613323 1.634946 2.645610 3.651040 3.637856 2.626403 0.555767
1.063372 2.067254 3.049383 3.064757 3.068792 3.062881 2.080600 2.064097 2.057149 1.075114 1.034552 0.106507 0.066120 0.012598 0.016532 0.016312 0.011893 0.029150 0.519132 2.612620 2.638512 0.467487 0.009289 0.003487 0.010717 0.012373 0.584111 0.059424 0.043895 0.261467 0.228303 0.193429 0.163458 0.641299 1.563600 1.633083 1.633254 1.640071 2.684778 1.661629 1.642769 1.645442 1.652014 0.644226 0.646324 1.626529 3.623760 4.629933 4.629661 4.622202 3.632631 1.636096 1.630724 1.624043 1.636149 3.647651 3.634270 2.621931 0.547224
2.017570 3.064101 3.073520 3.068573 2.078300 2.082363 2.093078 2.065232 2.066202 2.062234 1.058572 1.037516 0.082481 0.011668 0.018512 0.015184 0.028510 0.559381 1.658316 3.572629 3.679346 1.607688 0.420230 0.270978 0.157242 1.670430 0.662780 0.042383 0.336108 0.297508 0.209622 1.086406 1.081280 0.750033 1.526097 1.612607 1.611612 1.641112 2.626930 2.663101 1.639197 1.643077 1.648081 0.643042 0.641570 1.616957 2.602249 3.616540 3.609637 3.612341 3.626419 1.630324 1.625815 0.628243 1.622862 2.627569 2.635422 1.615918 0.572763
3.024952 2.044175 2.053075 1.084731 1.068910 0.077459 0.085163 1.043387 2.065234 2.066067 2.069236 2.074400 1.046125 0.037722 0.031041 0.033086 0.032725 0.578796 1.615811 2.598601 1.655203 1.641588 0.430367 0.273132 0.751568 0.707807 1.566190 0.537716 0.427711 0.343574 1.116209 1.151581 1.144736 0.102564 0.534523 0.032990 0.029896 1.524422 1.517108 1.529491 1.591452 1.627660 1.639061 2.659619 2.657690 2.663233 1.642862 2.613163 2.633290 2.638050 3.639287 2.650989 2.651016 1.651533 1.640100 2.640197 2.642726 0.040138 0.071600
3.039959 2.022767 0.985105 0.055218 0.053465 0.055828 0.067920 1.050423 1.065354 2.047284 2.058823 1.051474 1.047665 0.975533 0.921508 0.021031 0.019887 0.575640 1.558763 0.010588 0.014489 0.478457 0.327011 0.838585 0.858723 0.711628 1.542261 1.637999 0.459556 0.378106 0.271821 1.199168 0.192405 0.156906 0.110265 0.075412 0.060096 0.682190 0.747175 0.731217 0.685060 1.619911 1.655331 1.659499 2.638195 2.665605 1.646683 1.643715 2.630305 2.641246 3.641211 2.645433 2.646709 1.646671 1.633546 2.639747 2.628984 0.028223 0.002619
3.044874 2.012223 0.966848 0.914408 0.920975 1.917856 0.048579 0.055771 0.064932 1.074228 1.073918 0.066143 0.058020 0.030022 0.791204 0.788187 0.784292 0.720349 0.707594 0.009555 0.016935 0.011715 0.221157 0.867694 0.988698 0.010666 0.405062 0.456347 0.402681 0.353269 0.268090 1.215422 0.209270 0.175178 0.122370 1.034123 1.066194 0.890777 0.839811 0.787759 0.700901 1.615756 1.658509 1.659034 1.658897 2.651113 1.651984 1.648016 2.630544 2.642511 3.633875 2.645428 2.637635 1.651514 0.643033 1.629668 2.624548 0.022304 0.003359
2.008916 2.000671 1.966071 0.952201 0.948472 1.930275 0.044983 0.009140 0.014147 0.015605 0.014147 0.009140 0.051044 0.034983 0.816510 0.822797 0.807385 0.806574 0.002547 0.810114 0.015440 0.015361 0.167105 0.877008 0.974370 0.010272 0.373446 0.398190 0.376571 0.345113 1.151242 2.272590 0.223529 0.185359 0.119284 0.993403 1.023456 1.937975 0.872590 0.803497 1.568658 1.610102 1.630141 1.642368 1.650182 1.653477 1.652058 2.639868 2.641256 2.642924 2.641996 2.642705 1.643021 1.647988 0.639602 0.639656 1.638226 0.014196 0.023916
2.007957 2.008868 2.002245 0.959287 0.951015 1.929963 0.041659 0.013221 0.020598 0.022613 0.020598 0.013221 0.040220 0.817146 0.845295 0.831445 0.812927 0.821600 0.002409 0.813164 0.017775 0.020487 0.010898 0.022136 0.944767 0.006781 0.326266 1.294854 1.329741 0.318984 1.157425 2.254019 0.222547 0.182473 1.077834 1.080298 2.124373 1.008761 0.918372 0.844333 0.620336 0.561100 0.597148 0.618958 0.632425 1.642581 1.640838 2.633375 2.628752 2.637113 2.634641 1.639554 1.639303 1.641051 1.637384 0.639057 0.640067 0.642004 0.642463
2.022032 2.037401 1.998725 0.953590 1.876885 1.907879 0.039845 0.010818 0.019334 0.021830 0.019334 0.010818 0.812255 1.839315 1.830166 1.836695 0.807008 0.802664 0.808994 0.806482 0.023721 0.004684 0.004362 0.009786 0.014098 0.225168 1.308520 1.332572 1.350874 0.304723 0.258658 1.228238 1.245018 0.200722 1.033178 2.131287 2.120433 2.172101 0.989581 0.932505 0.028810 0.027132 0.040958 0.038615 0.023599 0.648587 0.649327 0.650210 1.604481 2.632275 2.633772 1.639007 2.647268 2.643717 2.640999 1.642039 1.643195 0.007098 0.010192
0.952931 0.948199 1.910090 1.870862 2.893093 2.899526 0.884294 0.023390 0.010957 0.014011 0.010957 0.053814 1.802472 1.825200 1.839860 1.842879 0.805369 0.803171 0.816844 0.808434 0.026996 0.005983 0.004652 0.014496 0.006472 0.248522 1.318163 1.324454 0.303559 0.290046 1.221444 1.226139 1.219782 1.203131 1.139674 2.093405 2.072444 2.101477 1.014457 0.054134 0.054428 0.005970 0.055722 0.046944 0.022470 0.649583 0.649696 0.650969 0.648553 1.640266 2.641832 2.646377 3.642438 3.642170 2.640661 2.640234 1.635735 0.009645 0.012871
