use_cases/Flooding_chicago/flooding_data/output/h_3300.asc
ncols 337
nrows 393
xllcorner 428428.000000
yllcorner 4602440.000000
cellsize 26.757400
NODATA_value -9999.000000
[rows 135 to 161 of 393, columns 236 to 294 of 337]
2.818575 1.724651 0.564090 0.392848 1.269402 1.776357 2.343139 2.699966 2.177017 2.002987 0.741477 0.594011 0.092827 0.017166 0.021131 0.010044 0.030703 0.027455 0.006984 0.011184 0.224921 1.185289 1.266756 0.308314 0.272215 0.228314 0.011238 0.004817 0.011060 0.011758 0.016175 0.020646 1.562934 2.718655 3.556085 3.608789 2.267930 2.142549 0.945341 0.099551 0.069993 0.024471 0.019019 0.016437 0.019853 0.004817 0.006202 0.037723 0.028639 0.023707 -9999.000000 -9999.000000 -9999.000000 -9999.000000 -9999.000000 -9999.000000 -9999.000000 -9999.000000 -9999.000000
1.888865 0.753321 0.608603 0.450635 1.461846 1.611588 2.185233 3.292108 2.115715 1.374996 0.512212 0.100353 0.043860 0.016853 0.010807 0.016414 0.015809 0.013202 0.007174 0.011305 1.382433 2.394883 2.424606 1.413643 1.415518 0.313174 0.297832 0.012931 0.019300 0.014509 0.022966 0.033371 1.543573 2.607358 2.442182 2.482527 1.184909 1.021911 0.521585 0.026433 0.026922 0.031036 0.027222 0.019798 0.019178 0.004817 0.017855 0.060768 0.055522 0.026725 -9999.000000 -9999.000000 -9999.000000 -9999.000000 -9999.000000 -9999.000000 -9999.000000 -9999.000000 -9999.000000
2.884197 2.925135 1.654251 2.130199 3.122234 3.209730 2.942839 3.834370 2.657625 0.618717 0.138604 0.162979 0.011793 0.007490 0.010304 0.003328 0.015655 0.011282 0.014215 0.300873 2.408873 3.411429 3.431678 2.438249 0.353796 0.281624 0.230786 0.127533 0.078705 0.007519 0.015302 0.055390 1.594167 2.687158 1.659099 1.460844 0.723828 0.756075 0.740186 0.034852 0.026996 0.015358 0.028015 0.014919 0.012563 0.014820 0.012329 0.029262 0.049329 0.031968 -9999.000000 -9999.000000 -9999.000000 -9999.000000 -9999.000000 -9999.000000 -9999.000000 -9999.000000 -9999.000000
4.927118 3.741647 3.676118 4.459222 4.483913 4.470121 4.444164 4.381140 2.276891 0.561847 0.224068 0.273073 0.013444 0.017716 0.013220 0.016190 0.020724 0.014802 0.263932 2.403477 3.414923 4.404316 4.448478 2.444502 0.291295 0.198020 0.579732 1.585076 0.403781 0.259648 0.179740 0.120350 1.600928 2.729070 1.833388 0.886206 0.908689 0.940505 1.970129 0.041245 0.018690 0.022709 0.016879 0.022303 0.024161 0.018243 0.014030 0.028450 0.063226 0.040528 0.022686 -9999.000000 -9999.000000 -9999.000000 -9999.000000 -9999.000000 -9999.000000 -9999.000000 -9999.000000
5.811593 6.778696 6.735504 7.635623 6.705173 5.608524 5.669548 4.623840 2.541723 0.981031 1.191153 1.470281 1.604885 0.839837 0.179020 0.242527 0.295526 0.292749 2.363104 4.343074 5.400820 4.352461 4.376983 3.339416 2.055128 1.900898 1.736136 1.621278 1.371643 1.726972 1.974745 2.014582 3.861685 2.962801 2.015870 0.999987 1.024847 2.111036 4.009610 2.060342 1.029079 0.108488 0.025222 0.046621 0.013553 0.035665 0.027090 0.020911 0.050784 0.041248 0.240923 -9999.000000 -9999.000000 -9999.000000 -9999.000000 -9999.000000 -9999.000000 -9999.000000 -9999.000000
7.700587 8.740382 7.616509 7.596980 7.695269 5.571806 5.607577 4.607679 2.654336 1.802149 0.799001 0.460022 1.683941 1.925890 1.033947 0.334806 0.347926 1.382818 2.339111 4.327586 5.363264 4.335651 4.332254 3.300865 2.030389 1.882130 1.729137 1.587966 1.303765 1.760744 2.979055 3.106728 4.920581 4.114856 3.102833 2.075533 2.106876 3.096361 4.618890 4.029523 1.995615 0.150475 0.190889 0.041382 0.021800 0.051987 0.044494 0.026297 0.324818 0.327719 0.366759 -9999.000000 -9999.000000 -9999.000000 -9999.000000 -9999.000000 -9999.000000 -9999.000000 -9999.000000
6.664214 6.607799 4.495234 4.511850 4.533395 4.534186 3.507551 3.443391 2.563618 0.544213 0.023327 0.016275 0.037203 2.170209 2.223172 1.358723 1.374611 2.395116 2.367365 4.345707 5.367164 5.374666 3.343996 2.267974 0.987875 0.870114 0.773518 0.642884 0.968183 1.901188 2.970808 3.044155 3.918569 4.030147 1.987323 0.944707 0.874900 1.838882 3.942672 3.005393 0.956946 0.094784 0.011256 0.004817 0.030829 0.540676 1.694411 0.602783 0.492521 0.252162 0.165360 -9999.000000 -9999.000000 -9999.000000 -9999.000000 -9999.000000 -9999.000000 -9999.000000 -9999.000000
5.940526 2.922836 0.035883 0.008565 0.285707 1.189665 1.236690 0.230304 0.244334 0.028359 0.020079 0.008765 0.088440 1.129882 2.306025 2.374195 2.384266 3.406607 3.413912 4.364334 5.391951 4.387900 3.384161 1.374393 0.328948 0.004817 0.004817 0.010167 0.008529 1.920171 2.972127 3.005517 1.936699 0.838318 0.030216 0.010109 0.017375 0.478988 0.826659 0.061332 0.087246 0.007574 0.014034 0.004817 0.023082 1.660612 1.683606 1.698614 0.620753 0.016856 0.022703 -9999.000000 -9999.000000 -9999.000000 -9999.000000 -9999.000000 -9999.000000 -9999.000000 -9999.000000
4.926795 1.882667 0.005593 0.008214 0.038541 0.063624 0.048329 0.022336 0.028809 0.019024 0.022919 0.009054 0.007722 0.217488 2.301607 3.397651 3.393551 3.387050 3.388732 4.374584 5.394580 5.422459 3.388375 1.354560 1.357702 1.366443 0.247221 0.416714 0.861841 0.946702 3.024126 3.020060 0.050169 0.029576 0.010080 0.014054 0.011016 0.640413 0.031569 0.071633 0.044843 0.457452 0.462664 0.006227 0.579898 0.502754 0.491730 0.544810 0.557074 0.019533 0.015087 -9999.000000 -9999.000000 -9999.000000 -9999.000000 -9999.000000 -9999.000000 -9999.000000 -9999.000000
3.949828 0.707589 0.028378 0.010787 0.080948 0.058964 0.017486 0.019175 0.012954 0.014230 0.013305 0.019603 0.022662 0.275056 1.348574 3.383034 4.400053 3.389814 3.387638 4.314350 5.347601 5.364491 3.357034 1.337404 1.343426 1.363569 0.273084 0.123906 0.171404 0.103368 1.911300 0.052553 0.047782 0.060805 0.010996 0.017444 0.014666 0.869806 0.076365 0.060945 0.079213 0.416449 0.435625 0.366349 0.206197 0.132313 0.011565 0.029019 0.569148 0.027243 0.024215 -9999.000000 -9999.000000 -9999.000000 -9999.000000 -9999.000000 -9999.000000 -9999.000000 -9999.000000
2.935917 0.074513 0.034876 0.018617 0.024662 0.024630 0.014555 0.011491 0.011865 0.005284 0.017006 0.023204 0.242006 0.352173 2.407321 3.384595 4.375340 3.393749 3.391937 3.377741 4.372914 4.341031 2.332610 0.300781 0.303412 0.330714 0.315588 0.004817 0.108750 0.082191 0.148200 0.032633 0.037997 0.079404 0.129467 0.008443 1.176049 2.125588 2.159976 0.119068 0.067780 0.060505 0.042251 0.039425 0.040286 0.017385 0.017609 0.023945 0.021239 0.045909 0.035563 -9999.000000 -9999.000000 -9999.000000 -9999.000000 -9999.000000 -9999.000000 -9999.000000 -9999.000000
1.948100 0.094884 0.049168 0.018440 0.025355 0.026510 0.018842 0.011643 0.012339 0.006700 0.011274 0.014845 1.368644 1.392745 2.387849 3.396533 3.396390 3.397811 3.398178 3.390857 4.394581 3.400059 1.380396 0.016088 0.013500 0.328693 0.324019 0.004817 0.174205 0.150255 0.086635 0.014424 0.019621 0.013746 0.105352 1.014449 3.158467 4.157782 4.138942 1.162553 0.110181 0.014245 0.022495 0.022300 0.025658 0.008182 0.032385 0.016746 0.017522 0.014433 0.021717 -9999.000000 -9999.000000 -9999.000000 -9999.000000 -9999.000000 -9999.000000 -9999.000000 -9999.000000
1.986235 0.072939 0.082957 0.008603 0.395280 0.389253 0.017602 0.023397 0.014161 0.005284 0.013891 0.020914 1.341501 2.388892 2.393246 3.376294 3.379655 3.378268 4.442405 4.444498 4.406565 3.410391 1.388575 0.018123 0.020632 0.263871 0.250521 0.251261 1.220477 1.205974 0.029566 0.015822 0.009422 0.008714 0.013788 0.947683 3.160369 5.163507 4.177876 2.199073 0.130796 0.008410 0.016603 0.010284 0.013941 0.012015 0.016805 0.013976 0.015228 0.016752 -9999.000000 -9999.000000 -9999.000000 -9999.000000 -9999.000000 -9999.000000 -9999.000000 -9999.000000 -9999.000000
1.966271 0.144870 0.160875 0.254803 0.348292 0.327528 0.063221 0.041168 0.032685 0.011165 0.010306 0.021192 1.362359 1.377992 2.341431 2.316450 2.320882 2.318813 4.405017 4.404212 4.399469 3.410940 1.391077 0.277871 0.031753 0.008040 0.014085 0.186644 0.202976 0.147546 0.019524 0.007122 0.012631 0.003328 0.008742 0.079806 3.184399 5.147991 4.164933 3.147779 1.088330 0.015917 0.012471 0.010973 0.004817 0.004817 0.006227 0.015750 0.022598 -9999.000000 -9999.000000 -9999.000000 -9999.000000 -9999.000000 -9999.000000 -9999.000000 -9999.000000 -9999.000000 -9999.000000
0.752576 0.130376 0.128031 0.197760 0.029787 0.058619 0.078010 0.042491 0.033432 0.012461 0.016613 0.023383 0.328905 1.390940 1.417877 1.421863 1.419799 1.422611 4.419962 5.457146 4.420851 3.426728 1.370234 0.033820 0.047756 0.009411 0.010042 0.031823 0.044291 0.041928 0.041312 0.012694 0.018588 0.014669 0.009994 0.077274 3.163724 5.121497 4.145810 2.168694 1.138481 1.160096 0.121040 0.015215 0.009380 0.009380 0.015206 -9999.000000 -9999.000000 -9999.000000 -9999.000000 -9999.000000 -9999.000000 -9999.000000 -9999.000000 -9999.000000 -9999.000000 -9999.000000 -9999.000000
0.035089 0.016888 0.015723 0.009159 0.010469 0.015883 0.006848 0.012169 0.023080 0.025744 0.008412 0.018566 0.309555 0.353643 1.425749 1.432118 1.435951 2.485794 5.463618 6.488405 5.495542 3.466021 0.365857 0.006991 0.006931 0.012341 0.014978 0.007724 0.071621 0.059108 0.031430 0.391960 0.454648 0.370413 0.376034 1.923684 3.136822 3.106723 2.149838 1.155187 1.129214 0.124401 0.151389 0.171539 0.012648 0.012648 -9999.000000 -9999.000000 -9999.000000 -9999.000000 -9999.000000 -9999.000000 -9999.000000 -9999.000000 -9999.000000 -9999.000000 -9999.000000 -9999.000000 -9999.000000
0.018480 0.013051 0.006419 0.009711 0.037420 0.013934 0.023427 0.030761 0.037857 0.038644 0.012703 0.011865 0.021390 0.009704 1.440237 2.490787 3.502405 3.496068 5.418001 6.432034 5.418540 4.453153 0.440704 0.022104 0.032939 0.017132 0.007650 0.098424 0.089853 0.065504 0.500994 1.519723 0.491589 0.484069 0.415889 0.933022 2.161697 1.164520 0.139736 0.118068 0.103893 0.010839 0.008066 0.005666 -9999.000000 -9999.000000 -9999.000000 -9999.000000 -9999.000000 -9999.000000 -9999.000000 -9999.000000 -9999.000000 -9999.000000 -9999.000000 -9999.000000 -9999.000000 -9999.000000 -9999.000000
0.013052 0.009243 0.010837 0.028492 0.078551 0.078656 0.020391 0.031421 0.042754 0.063923 0.012339 0.014615 0.010212 0.390685 1.442571 2.460372 4.466965 5.501041 5.463378 5.451945 4.441220 3.410476 2.506812 0.458536 1.494273 0.042515 0.063712 0.094591 0.095563 0.073383 0.036141 0.526823 0.529271 0.011970 0.014964 0.010453 1.111501 0.127098 0.019356 0.033951 0.016786 0.012820 -9999.000000 -9999.000000 -9999.000000 -9999.000000 -9999.000000 -9999.000000 -9999.000000 -9999.000000 -9999.000000 -9999.000000 -9999.000000 -9999.000000 -9999.000000 -9999.000000 -9999.000000 -9999.000000 -9999.000000
0.006419 0.010837 0.009277 0.029720 0.063901 0.457684 0.027434 0.043320 0.061042 0.039040 0.025978 0.015993 0.025440 1.475019 2.495328 3.489012 4.453510 5.448538 5.413567 4.351369 3.382568 2.399072 2.468483 2.531148 2.472844 0.362190 0.066925 0.101789 0.111008 0.008174 0.008586 0.034449 0.527217 0.017023 0.019596 0.011727 0.240297 0.168991 0.025104 0.018716 0.031965 0.005360 -9999.000000 -9999.000000 -9999.000000 -9999.000000 -9999.000000 -9999.000000 -9999.000000 -9999.000000 -9999.000000 -9999.000000 -9999.000000 -9999.000000 -9999.000000 -9999.000000 -9999.000000 -9999.000000 -9999.000000
0.016062 0.018344 0.013450 0.034653 0.052769 1.578795 1.620079 0.553369 0.547841 0.041669 0.039951 0.025017 0.503623 1.448485 2.479074 3.449773 4.465305 4.488420 3.389148 2.490561 2.471559 1.498991 1.522591 2.541842 2.509157 0.406232 0.070766 0.108997 0.123376 0.008565 0.010508 0.042748 0.511009 0.018237 0.013344 0.215188 1.262980 0.160980 0.026490 0.022759 0.007161 0.007161 -9999.000000 -9999.000000 -9999.000000 -9999.000000 -9999.000000 -9999.000000 -9999.000000 -9999.000000 -9999.000000 -9999.000000 -9999.000000 -9999.000000 -9999.000000 -9999.000000 -9999.000000 -9999.000000 -9999.000000
0.061625 0.056287 0.049398 0.044007 0.021630 1.620464 1.631588 2.653411 2.652832 1.657596 1.668568 1.658221 0.552654 1.424333 2.438139 2.459592 3.433247 4.432121 2.480828 2.488546 2.471721 1.502651 1.522637 2.521128 2.499055 0.428461 0.074197 0.117740 1.142161 0.116704 0.006328 0.043370 0.029528 0.023536 0.207872 1.245664 2.245974 0.162844 0.029448 0.023176 0.005360 -9999.000000 -9999.000000 -9999.000000 -9999.000000 -9999.000000 -9999.000000 -9999.000000 -9999.000000 -9999.000000 -9999.000000 -9999.000000 -9999.000000 -9999.000000 -9999.000000 -9999.000000 -9999.000000 -9999.000000 -9999.000000
0.069543 0.056802 0.050389 0.048712 0.004817 0.018667 1.646343 2.667609 2.672385 1.671044 1.684278 0.634610 1.513733 1.499993 1.388619 1.380705 1.395213 2.451408 3.552172 3.550030 2.517800 2.580122 2.587338 1.546055 1.509066 0.480822 0.064229 0.104941 0.114241 0.136209 0.147944 0.010814 0.014592 0.007528 0.192613 2.251758 3.254551 0.173148 0.037476 0.021829 0.022617 -9999.000000 -9999.000000 -9999.000000 -9999.000000 -9999.000000 -9999.000000 -9999.000000 -9999.000000 -9999.000000 -9999.000000 -9999.000000 -9999.000000 -9999.000000 -9999.000000 -9999.000000 -9999.000000 -9999.000000 -9999.000000
0.036195 0.129797 0.100227 0.023117 0.004817 0.030097 1.635573 2.658320 2.669884 2.669603 2.693313 1.649285 1.543665 1.545035 0.603284 0.595299 0.596200 1.563785 4.599356 4.605626 4.635787 4.635690 2.591636 1.583320 0.455132 0.026404 0.041055 0.010932 0.015026 0.016236 0.016608 0.004817 0.004817 0.016786 1.021750 3.243873 3.290170 0.199462 0.044824 0.023370 0.023669 -9999.000000 -9999.000000 -9999.000000 -9999.000000 -9999.000000 -9999.000000 -9999.000000 -9999.000000 -9999.000000 -9999.000000 -9999.000000 -9999.000000 -9999.000000 -9999.000000 -9999.000000 -9999.000000 -9999.000000 -9999.000000
0.061829 0.913996 0.916526 0.950079 0.037269 0.043061 0.630650 1.647039 1.656778 1.672214 2.665736 1.654178 0.632063 0.621463 0.634703 0.624090 0.617004 1.532122 4.527802 5.557828 5.536915 4.592655 2.587159 1.583800 0.463058 0.028963 0.032042 0.012832 0.015030 0.015093 0.011867 0.031020 0.027878 1.233088 3.226066 3.244309 2.240360 0.029921 0.055654 0.009259 0.009259 -9999.000000 -9999.000000 -9999.000000 -9999.000000 -9999.000000 -9999.000000 -9999.000000 -9999.000000 -9999.000000 -9999.000000 -9999.000000 -9999.000000 -9999.000000 -9999.000000 -9999.000000 -9999.000000 -9999.000000 -9999.000000
0.963505 0.990130 1.976575 0.956898 0.047863 0.047888 0.035970 0.696221 0.702954 1.690022 1.710240 0.684573 0.670883 1.695918 1.734149 1.714470 1.691657 1.620065 3.435699 4.549754 4.575185 4.581372 2.600301 1.599113 0.502834 0.025533 0.023740 0.006937 0.024830 0.017586 0.207849 1.239857 1.229933 2.254380 3.164500 2.250540 1.225767 0.036757 0.020574 0.012187 0.012187 -9999.000000 -9999.000000 -9999.000000 -9999.000000 -9999.000000 -9999.000000 -9999.000000 -9999.000000 -9999.000000 -9999.000000 -9999.000000 -9999.000000 -9999.000000 -9999.000000 -9999.000000 -9999.000000 -9999.000000 -9999.000000
2.004873 2.969688 3.977973 2.990284 0.980420 0.049170 0.044033 0.684319 1.700905 1.708984 2.746982 0.701833 1.690703 2.689762 2.731612 2.707735 2.687910 2.661577 2.567618 3.563893 3.589615 3.594012 3.635026 2.641036 1.625855 0.021251 0.013008 0.010645 0.252993 0.238973 1.261120 1.260292 1.253231 1.245019 2.211389 1.231572 0.041614 0.019103 0.031838 0.009259 0.009259 0.008429 -9999.000000 -9999.000000 -9999.000000 -9999.000000 -9999.000000 -9999.000000 -9999.000000 -9999.000000 -9999.000000 -9999.000000 -9999.000000 -9999.000000 -9999.000000 -9999.000000 -9999.000000 -9999.000000 -9999.000000
3.988684 4.971470 4.978413 4.977813 3.003174 0.885018 0.860256 0.776983 1.661871 2.716858 3.747448 2.769225 2.741947 3.706610 3.767433 2.690688 2.658049 2.673395 1.624299 2.536900 2.611202 2.620433 3.622539 3.640103 1.620411 0.599233 0.171435 0.198278 0.257025 0.286283 1.260547 1.259823 1.251851 1.240382 0.171902 0.016599 0.013845 0.025148 0.028535 0.016602 0.065208 0.042720 -9999.000000 -9999.000000 -9999.000000 -9999.000000 -9999.000000 -9999.000000 -9999.000000 -9999.000000 -9999.000000 -9999.000000 -9999.000000 -9999.000000 -9999.000000 -9999.000000 -9999.000000 -9999.000000 -9999.000000
