use_cases/Flooding_chicago/flooding_data/output/h_3300.asc
ncols 337
nrows 393
xllcorner 428428.000000
yllcorner 4602440.000000
cellsize 26.757400
NODATA_value -9999.000000
[rows 108 to 134 of 393, columns 118 to 176 of 337]
-9999.000000 -9999.000000 -9999.000000 -9999.000000 -9999.000000 -9999.000000 -9999.000000 -9999.000000 -9999.000000 -9999.000000 0.005253 0.098024 0.020864 0.027081 0.076487 0.082108 0.070094 0.044926 0.134515 0.017952 0.019789 0.013596 0.020302 0.018720 0.126768 0.012335 0.012520 0.013678 0.013789 0.013953 0.009358 0.073131 0.189774 0.047140 0.117299 0.094933 0.012924 0.013060 0.037487 0.034495 0.017208 0.017875 0.127757 0.003328 0.012865 0.012360 0.032763 0.098248 0.207741 0.227562 0.020269 0.027581 0.018875 0.045252 0.966432 3.133287 1.008079 0.311673 0.414409
-9999.000000 -9999.000000 -9999.000000 -9999.000000 -9999.000000 -9999.000000 -9999.000000 0.011360 0.017138 0.005253 0.006710 0.070797 0.013199 0.015482 0.068034 0.057971 0.046950 0.028811 0.065601 0.105215 0.012507 0.032674 0.023853 0.052501 0.080975 0.037746 0.032186 0.050971 0.067075 0.007254 0.013317 0.400127 0.426256 0.053522 0.100995 0.093697 0.048550 0.051299 0.045109 0.017161 0.012122 0.023162 0.065673 0.045017 0.021181 0.016708 0.070296 0.135301 0.120098 0.110638 0.026367 0.024585 0.016384 0.040294 0.082975 2.104366 0.961599 0.260443 0.195418
-9999.000000 -9999.000000 -9999.000000 -9999.000000 -9999.000000 -9999.000000 0.016223 0.011549 0.018478 0.013658 0.014856 0.081393 0.015851 0.010664 0.075330 0.053474 0.073816 0.038620 0.087449 0.073880 0.040917 0.031744 0.020400 0.170968 0.111383 0.056467 0.041579 1.146809 1.187906 1.208805 0.103929 0.371535 0.369358 0.297358 0.054154 0.064082 0.039018 0.047672 0.095456 0.019311 0.014547 0.019293 0.301811 0.264055 0.168998 0.204121 0.123427 0.204285 0.019716 0.034360 0.030828 0.025894 0.017355 0.020691 0.017949 0.024270 0.026491 0.004597 0.257409
-9999.000000 -9999.000000 0.019803 0.017704 0.013640 0.018379 0.022780 0.037142 0.008852 0.014088 0.020445 0.091505 0.022259 0.022408 0.049004 0.035825 0.050012 0.049584 0.052030 0.092082 0.057597 0.028686 0.033502 0.016587 0.235223 0.125199 0.183221 2.242297 2.224416 2.242691 0.006227 0.013217 0.253015 0.234192 0.175994 0.026080 0.034112 0.118079 0.111222 0.071073 0.022029 0.009351 0.008299 0.014482 0.013702 0.019147 0.027185 0.023668 0.013452 0.060017 0.045381 0.011309 0.008928 0.008820 0.014249 0.012729 0.011725 0.540701 0.004874
0.023308 0.028684 0.024263 0.031859 0.053252 0.014921 0.014192 0.018636 0.020766 0.020918 0.023643 0.156987 0.031334 0.030616 0.031753 0.047627 0.048633 0.085800 0.082752 0.075820 0.068533 0.031605 0.022376 0.003328 0.006014 0.077488 1.205477 2.271109 2.738606 2.247437 0.004817 0.009380 0.125460 0.252816 0.196970 0.016756 0.036350 0.108211 1.836238 0.584909 0.014058 0.005332 0.003328 0.005463 0.006664 0.014142 0.003328 0.008466 0.011639 0.041348 0.038902 0.010730 0.010694 0.004817 0.004817 0.006227 1.528712 1.527734 0.541934
1.033347 0.034154 0.040062 0.027928 0.009730 0.014187 0.013568 0.019649 0.030752 0.019820 0.032512 0.144131 0.103263 0.028622 0.020999 0.035990 0.037159 0.082713 0.064506 0.190413 0.169137 0.031282 0.019568 0.006583 0.013406 0.162863 0.223689 1.271698 2.229221 1.257266 0.004817 0.009380 0.086098 0.190865 0.203680 0.015931 0.026554 0.022994 0.854570 0.723985 0.016267 0.010174 0.005463 0.010595 0.025732 0.036319 0.008466 0.008336 0.018113 0.051359 0.059213 0.015147 0.021852 0.008962 0.008962 0.011942 1.547755 1.543875 1.549343
0.025565 0.212663 0.160412 0.021984 0.016784 0.015073 0.015190 0.023151 0.046165 0.040252 0.016918 0.104141 0.188045 0.024458 0.020129 0.034591 0.100074 0.165843 0.187107 1.232787 1.219189 0.135070 0.018146 0.006068 0.061236 0.111251 0.165819 0.190688 0.167487 0.152197 0.006227 0.013217 0.064766 0.581482 0.603162 0.033021 0.017826 0.011202 0.038586 0.582514 0.479334 0.013794 0.018774 0.009689 0.018354 0.055107 0.008274 0.019504 0.018171 0.574305 0.585570 0.510151 0.466269 0.012065 0.012324 1.432277 1.492763 1.509298 1.519672
0.019094 0.205594 0.193940 0.129008 0.017569 0.017835 0.010932 0.026220 0.037396 0.082241 0.011115 0.060331 0.142710 0.085786 0.078066 0.135233 0.230171 0.174713 1.260034 1.258005 1.238441 0.158799 0.042734 0.007294 0.150598 0.184070 0.089291 0.114452 0.087858 0.140126 0.056681 0.037842 0.687942 1.760003 1.786885 0.747872 0.011681 0.011818 0.006687 0.007053 0.235295 0.330490 0.438063 0.007708 0.019231 0.437366 0.014296 0.014657 0.025774 1.662339 1.701314 2.683948 1.628755 1.550896 2.552147 2.586787 1.541881 1.548253 2.549015
0.008955 0.185869 0.174504 0.124459 0.301208 0.024391 0.015244 0.021900 0.176020 0.157026 0.093447 0.060390 0.320033 0.302819 0.308009 0.130870 0.197978 0.144434 1.290279 1.272281 0.211313 0.030053 0.062864 0.068819 0.106960 0.092873 0.142997 0.123009 0.081678 0.147385 0.089588 0.076479 0.742603 1.817165 1.827425 0.781161 0.038633 0.021215 0.018114 0.050351 0.122245 0.344195 0.006145 0.009968 1.678917 3.711552 1.727314 0.583074 0.633558 2.667049 2.694494 2.689251 1.638365 2.501439 2.575322 2.590526 2.545384 2.558845 2.558179
0.171237 0.177219 0.159062 0.109895 0.399823 0.356149 0.267484 0.253653 0.243628 0.183423 0.106736 0.321814 0.354649 0.339202 0.324455 0.296995 0.304112 0.135838 0.142812 0.178147 0.011600 0.026666 0.004817 0.052425 0.084289 0.137633 0.122591 0.093500 0.057207 0.245931 0.274672 0.055399 0.038742 0.782940 1.838872 0.769280 0.022907 0.024895 0.029731 0.503655 0.591825 0.223517 0.113220 0.538269 3.741976 4.729884 2.737616 2.733382 2.747137 3.689902 2.694200 0.605792 0.621382 2.475302 3.539518 3.563240 3.548204 3.573235 2.553852
0.130207 0.160516 0.141714 0.097290 0.422120 0.407780 0.355242 0.345045 0.004817 0.093143 0.287791 0.339432 0.327886 0.290653 0.222821 0.924590 0.863790 0.137936 0.139608 0.086960 0.050730 0.014842 0.004817 0.024854 0.048158 0.194895 0.209825 0.192415 0.240375 1.306635 0.300205 0.047167 0.044876 0.734166 0.729650 0.613985 0.350555 0.325592 1.609450 2.657562 2.717340 1.690789 2.718879 4.748203 4.743801 5.720665 4.754697 3.748146 4.767105 2.701350 0.020541 0.003328 0.021977 1.511459 4.531027 3.565079 3.538718 4.508806 4.543081
0.099729 0.131072 1.120641 0.093833 0.047700 0.019659 0.250311 0.241766 0.004817 0.044591 0.247931 0.299453 0.282061 0.215627 0.980457 1.046314 1.019086 0.091448 0.115159 0.114550 0.032187 0.015675 0.019328 0.019734 0.215034 1.294104 1.278223 1.233165 1.318897 1.307622 0.297945 0.055925 0.070908 0.064857 0.037403 0.508941 0.291587 0.365837 0.518382 2.694957 2.776618 2.811847 3.782141 3.806826 3.787804 4.733093 5.762334 5.777587 4.795818 1.762397 0.022556 0.021190 1.520543 3.556501 3.564551 2.562236 3.529124 4.542372 4.549922
0.063734 0.082381 0.090734 0.072703 0.036899 0.073023 0.120590 0.264463 0.131103 0.081728 0.917024 0.907674 0.919469 1.945370 1.987909 1.973578 1.972689 1.005350 0.966024 0.058251 0.044222 0.037913 0.011204 0.185453 1.281249 2.294817 2.282260 1.225950 0.294175 0.257375 0.277223 0.073614 0.091656 0.022960 0.018478 0.028751 0.372915 0.179600 0.146515 1.651492 2.758357 1.791832 1.780699 1.779769 1.771200 2.737850 4.730149 5.753737 4.775998 1.724017 0.664583 0.542755 3.541252 5.559027 4.576120 2.559761 3.526618 4.538366 4.547294
0.224894 0.276542 0.050533 0.043099 0.053346 0.137569 0.170009 0.919214 1.976834 1.993674 2.016077 2.018551 2.020689 3.033361 3.024757 3.020906 3.013540 1.017112 1.030939 1.025542 0.999452 1.012024 0.149483 1.234429 2.276658 3.281947 3.270184 1.223203 0.027892 0.036429 0.060258 0.107730 0.039312 0.047286 0.033328 0.055405 0.038648 0.101746 0.130661 1.659406 2.755111 1.787301 1.775328 2.746726 2.753409 2.754406 3.753183 4.761126 4.775434 0.700007 0.672758 1.510801 4.544167 5.559770 4.578034 3.573627 4.561426 4.573948 2.571699
0.163257 0.012826 0.033242 0.024253 0.031122 0.094087 0.983235 1.054722 1.060184 2.038095 3.042112 3.042046 3.041717 3.047237 3.042870 3.040624 3.029369 2.036285 1.043475 1.036366 1.033892 0.118004 0.200097 1.268638 2.302649 3.305571 3.276953 1.171142 0.032432 0.022196 0.038828 0.063667 0.075127 0.066375 0.046452 0.061865 0.055336 0.083260 0.117289 1.567175 3.748139 3.799709 3.784075 4.762045 4.772251 3.768414 4.765461 4.770921 4.791280 0.709053 0.680923 1.541157 4.556882 6.567403 5.591323 3.578815 4.567406 4.568944 3.586216
0.080779 0.070627 0.013927 0.040989 0.062766 1.032897 1.067289 1.066914 1.064458 1.044886 3.041823 4.043762 3.047218 3.049078 3.045336 3.043642 3.036607 2.036262 2.038206 1.039827 1.036806 0.135931 0.202615 1.262338 1.286517 1.298414 2.306290 1.136806 0.027926 0.010602 0.011064 0.099239 0.075377 0.074597 0.060931 0.029828 0.058540 0.078020 0.103916 1.583505 3.740617 4.804141 2.777067 3.757313 4.770665 4.767481 4.758077 4.771649 3.795856 1.763964 0.688630 1.530280 4.549482 7.542448 6.585173 4.572913 4.564848 4.565929 4.588956
0.728293 0.042051 0.047061 0.033969 0.062220 1.013024 2.036049 2.028914 2.038614 1.042585 2.041894 4.047868 4.046166 3.050157 3.047176 3.046174 3.038816 2.035761 2.047932 1.039651 1.038367 0.110509 0.150468 1.113222 0.158580 0.011842 0.285986 0.230084 0.032286 0.015574 0.017030 0.123337 0.011266 0.018111 0.016087 0.010855 0.039712 0.058212 0.064557 0.054260 0.480994 1.595904 0.633821 0.647538 1.726262 2.717207 2.714634 2.740788 1.713765 1.705292 1.653837 1.590746 3.501738 5.509871 5.567277 3.560973 3.553071 3.538912 3.563684
0.743008 0.026508 0.041580 0.029983 0.059763 1.016863 2.045349 3.045023 2.054218 2.039103 2.045886 3.045985 4.051473 3.051339 3.051931 3.052168 2.041832 1.032549 1.037289 1.034518 1.032511 0.980965 0.950683 0.986693 0.102823 0.019935 0.028004 0.026840 0.015771 0.017740 0.023784 0.020351 0.003328 0.025833 0.018324 0.011596 0.050192 0.095836 0.072918 0.062285 0.054917 0.067072 0.054601 0.050512 0.046487 1.745842 1.764029 0.702538 0.693703 0.572736 0.527870 1.527444 0.328306 1.042988 1.098524 0.013618 0.009541 0.050254 0.328787
1.671907 0.610308 0.043537 0.028819 0.057645 2.027766 3.041452 4.045505 3.039421 3.042297 3.042948 3.048987 3.049412 3.054632 2.047826 3.047786 2.036632 2.040822 1.042058 1.041545 2.032943 2.020871 1.993681 1.019555 0.071546 0.019322 0.035189 0.033741 0.013905 0.012908 0.018163 0.018113 0.017010 0.018191 0.146843 0.139315 0.112313 0.087216 0.075058 0.050222 0.041439 0.037218 0.047910 0.032968 0.064167 1.770116 1.774743 0.056358 0.024877 0.036740 0.025820 0.024457 0.029882 0.024667 0.040705 0.003328 0.010163 0.062646 0.065147
1.713605 0.636015 0.031693 0.022399 1.022469 3.041085 4.044333 4.047822 4.042418 4.040704 4.041477 4.043050 4.046552 3.049724 3.043628 4.037337 4.023989 4.032029 4.017489 3.032038 3.038356 3.011013 2.029376 1.074965 0.060511 0.053738 0.019680 0.024519 0.026705 0.009409 0.059475 0.026778 0.041481 0.011020 0.147568 0.140808 0.131639 0.120017 0.111650 0.066656 0.031140 0.028900 0.022948 0.042634 0.070485 1.740020 1.745904 0.052922 0.043185 0.020738 0.042028 0.025100 0.014642 0.019806 0.038077 0.022525 0.012611 0.127598 0.075434
0.657534 0.530629 0.361245 0.274371 1.927515 3.032115 4.042718 4.053407 5.048315 4.048817 4.047738 5.042478 5.048206 5.049074 5.047085 5.047191 6.027036 6.039683 5.034759 5.034069 5.037010 3.035470 1.014712 0.041587 0.918382 0.896327 0.939229 0.948441 0.934600 0.030075 0.051611 0.026308 0.031182 0.008729 0.007507 0.130872 0.131783 0.124107 0.106514 0.010901 0.012791 0.019029 0.038034 0.029481 0.027455 0.811670 0.780633 0.057361 0.066156 0.066032 0.032910 0.026537 0.013902 0.032439 0.030719 0.160991 1.253112 0.165912 0.115526
0.016326 0.433074 0.828192 1.934525 3.037196 4.042930 4.043471 5.042004 5.050879 4.045115 5.030280 6.042144 6.044574 6.047323 6.049261 5.046074 6.030427 6.042732 5.038342 5.043627 4.045936 3.041891 2.001326 0.926906 1.934898 1.947049 1.947502 1.950634 1.964851 0.874356 0.812399 0.058749 0.027411 0.014669 0.005434 0.114967 0.012666 0.018662 0.022184 0.010108 0.009080 0.011333 0.016631 0.026803 0.037675 0.817560 0.802825 0.811818 0.065778 0.061829 0.048882 0.039205 0.031314 0.026845 0.028866 0.035345 0.149349 0.011567 0.089945
0.022348 0.016219 0.989190 3.034400 4.038179 5.040821 5.042496 5.044227 5.045854 5.041392 6.038109 6.043760 7.040543 7.049572 6.043759 6.043298 6.033364 6.048187 4.029838 4.039952 3.039634 2.006541 1.996955 2.925506 2.960183 2.969925 1.960674 1.962134 1.973825 0.006844 0.743824 1.716331 0.586996 0.037700 0.033999 0.057987 0.015530 0.020946 0.005641 0.003328 0.010118 0.010537 0.022052 0.028747 0.050728 0.787417 0.762421 0.049029 0.025520 0.028386 0.028188 0.022594 0.040576 0.037647 0.021820 0.033599 0.023481 0.015908 0.016525
0.035539 0.026293 0.053078 5.016088 7.043042 7.049681 6.046397 5.045461 5.049675 5.044055 6.037860 6.044568 6.045292 7.046639 6.044815 6.045395 7.025442 6.044831 5.034286 4.043530 3.042925 2.007052 1.999435 2.926792 3.966711 2.973255 2.978127 1.969973 1.988218 0.009081 0.765374 1.742982 2.758865 1.767872 0.578662 0.041225 0.025392 0.013578 0.016814 0.010635 0.017653 0.019161 0.019327 0.030116 0.080088 0.074326 0.067700 0.030943 0.024187 0.018959 0.024462 0.015533 0.022806 0.020228 0.021804 0.019057 0.011901 0.012102 0.013892
0.042883 0.035793 0.018513 5.041015 6.013465 7.028617 6.035700 5.045156 4.043825 5.034100 6.034190 6.041099 6.041329 6.049650 5.038739 5.038311 7.004565 7.024886 7.034894 5.022212 3.991143 3.997668 2.960184 3.921487 4.955159 3.949873 3.952765 3.961760 2.983501 0.844849 0.822946 2.765352 2.791873 2.797397 1.777331 0.655274 0.021641 0.015816 0.014394 0.018112 0.029341 0.019781 0.051751 0.003328 0.029838 0.042675 0.044872 0.027286 0.022298 0.023202 0.025052 0.015822 0.023972 0.005364 0.006383 0.023102 0.003328 0.009147 0.019203
0.043065 0.035428 0.018371 3.034350 4.034602 5.028051 4.043335 4.045106 4.046433 4.045127 6.020656 7.039124 7.049754 6.051019 5.038788 5.037791 7.001754 7.026591 7.032650 6.031136 5.025922 3.989389 3.968631 4.925978 4.963065 4.953182 4.973897 3.973416 2.972383 1.840306 1.802991 1.808882 2.797138 2.815978 2.818813 1.811976 0.037941 0.013583 0.014985 0.021000 0.052630 0.035227 0.062179 0.048423 0.022899 0.025704 0.041877 0.029814 0.025157 0.011548 0.011439 0.005427 0.007145 0.007175 0.011922 0.026161 0.020162 0.020266 0.019763
0.030266 0.024210 1.036785 3.030148 4.035301 4.044673 4.046269 4.048152 4.049810 4.049123 5.035326 7.027369 8.038633 8.063127 6.054648 5.038779 6.004428 7.014746 7.027305 7.050324 5.031047 3.989873 3.984275 3.965420 3.961647 4.947141 4.987783 3.979126 2.975750 1.855430 1.803006 1.808026 1.809078 1.805455 2.786985 2.823667 0.670647 0.037024 0.021247 0.042778 0.041631 0.055886 0.551844 0.584804 0.036351 0.017447 0.014029 0.012952 0.009189 0.013983 0.011297 0.017301 0.014077 0.018436 0.022518 0.037183 0.025267 0.021583 0.027815
