use_cases/Flooding_chicago/flooding_data/output/h_3300.asc
ncols 337
nrows 393
xllcorner 428428.000000
yllcorner 4602440.000000
cellsize 26.757400
NODATA_value -9999.000000
[rows 135 to 161 of 393, columns 118 to 176 of 337]
0.319422 0.944627 2.043280 3.040746 4.037133 4.049376 5.044617 5.052328 5.053453 5.054808 5.048788 6.034140 8.021168 8.045292 8.063087 6.045376 6.022896 6.030107 6.022785 6.041414 5.037572 4.018311 2.974880 2.966114 3.944106 3.966363 3.975436 3.985730 3.010833 0.816365 1.680869 1.745512 2.604559 2.658622 3.623660 3.677501 2.564540 1.204119 1.023904 0.864615 0.593123 0.710850 1.771142 1.819215 0.686946 0.031005 0.015540 0.016673 0.024319 0.018309 0.014090 0.018415 0.013578 0.017708 0.022396 0.029205 0.037472 0.530916 0.600208
0.835048 2.021092 3.046527 4.036440 4.044645 5.044340 5.043688 6.035990 6.047163 6.045441 6.045217 6.036609 6.043929 6.045473 6.042363 6.047054 5.016990 5.023304 6.003581 6.040600 5.031932 3.981224 3.944488 3.948562 3.959161 3.985375 2.941669 2.976971 1.874264 1.763198 2.702998 2.772212 3.681331 4.704052 4.783561 3.761956 2.663905 1.271678 1.052009 0.869112 0.828082 1.675982 2.786267 2.856233 1.926209 0.025450 0.017535 0.011167 0.049695 0.021375 0.022381 0.013535 0.018780 0.024309 0.024009 0.055648 1.627675 2.822122 2.799748
0.969825 3.035558 3.047955 3.048967 4.038155 5.040811 5.043947 6.041716 6.051534 5.048808 5.046386 5.044239 6.028583 6.044475 6.044506 5.051044 4.005027 4.011407 4.992592 5.012891 5.032348 3.984695 4.917715 4.970258 3.976069 2.932312 2.960266 1.898806 1.865875 2.586787 3.704998 4.713597 4.752450 4.731958 4.792547 3.751709 2.641893 1.238102 0.954371 0.779646 0.831422 1.750320 3.759758 3.870298 1.922932 0.852691 0.020273 0.008902 0.069684 0.017928 0.013480 0.025959 0.019307 0.027593 0.042635 2.688981 3.769949 3.776021 2.795235
2.031846 3.016563 3.039656 4.051145 4.042905 5.040510 5.042728 6.038666 6.047128 5.048935 5.046934 5.045049 5.033253 6.035428 5.048156 6.072987 3.020371 3.022926 3.971722 5.012738 4.037473 2.976598 4.916625 4.978422 3.962926 2.900160 2.888282 2.843688 3.751735 3.772051 3.758255 4.708633 4.748319 4.720923 4.795818 3.738955 2.579557 1.130318 1.068667 1.049282 0.984329 1.722337 3.759748 3.867130 3.894551 2.882056 1.842845 0.538140 0.387561 0.269950 0.014235 0.030922 0.026785 0.017662 0.432544 3.695507 4.741251 4.788396 3.776169
2.030541 2.043476 3.041272 4.044884 4.047005 5.035022 5.045259 5.047742 5.050884 6.057108 6.064388 5.053762 4.048428 4.049921 5.030339 6.061676 3.015683 3.014486 3.005111 4.003313 2.993972 2.964636 2.942417 3.883399 3.918316 3.880917 4.821031 4.888065 4.900607 3.772825 3.753999 4.632016 4.704238 4.688632 4.813362 2.501798 2.240526 1.590843 1.788507 2.075739 1.975101 1.914157 3.673810 4.831927 4.944237 3.907052 2.864525 1.582670 1.383803 1.328877 2.368114 2.625835 2.639669 1.266102 1.500170 2.650192 4.645215 4.823688 3.795647
2.032630 2.039193 3.035814 4.025270 4.029314 4.024889 5.034154 5.043886 5.047410 6.048168 6.053856 5.052155 4.047812 4.048772 5.035551 5.066139 3.015454 3.010698 2.999388 2.994903 2.990303 2.963036 2.942415 3.886821 3.925666 4.824976 5.896064 4.902203 4.904860 3.788787 3.777418 3.821047 2.664016 3.518316 4.747174 2.481774 2.145297 2.158888 2.189124 3.234528 2.065647 2.416630 4.683352 6.800753 5.955765 4.883678 3.835338 2.532331 2.344280 2.369059 3.041511 3.453807 3.354795 3.457149 1.904908 3.527898 3.928330 3.909639 3.956680
3.045200 3.050867 3.043012 3.047637 3.046373 3.046592 4.039186 5.043632 6.051426 6.052829 6.047488 5.040408 4.051448 5.058553 6.061853 5.052360 5.074915 4.058753 3.005540 2.997217 4.002131 2.968876 2.951545 2.938545 4.846930 4.905046 5.883541 5.953382 3.887980 2.781089 2.766643 2.814532 0.561937 1.592644 2.710012 0.403793 0.749246 0.984363 2.112163 2.217479 2.004468 4.050663 6.704332 7.826384 6.974977 4.789098 4.800264 3.541833 3.122150 2.483805 2.188633 2.258210 3.849537 4.452568 1.971636 2.583881 2.888570 2.873770 3.719301
4.029972 3.041115 4.043624 3.048631 3.047177 3.046698 4.023083 5.034910 6.039210 6.045124 5.035555 4.047227 4.047381 5.036785 7.011368 7.059481 6.040837 5.037378 4.022526 4.006616 4.023781 2.970453 2.950991 2.942397 2.942668 3.842582 4.868541 3.952605 1.896131 0.665991 0.626177 0.049038 0.016060 0.012490 0.060770 0.014981 0.011482 0.017578 0.085672 0.823964 1.816555 3.606268 5.806388 6.932115 4.942786 3.836250 3.819695 3.788509 2.671353 1.087908 0.753156 0.866856 2.943534 4.338470 2.045459 2.006212 2.007462 1.973494 2.541716
3.048365 3.043278 3.030212 3.056070 3.052740 3.050706 3.049763 4.013589 5.020875 5.052994 4.050479 4.046422 4.046565 5.033154 6.009700 6.027883 5.038276 4.027796 4.000468 4.986654 4.013652 2.985242 1.954347 1.948619 1.952207 1.939010 1.932708 1.959431 0.026498 0.034807 0.040287 0.020941 0.012418 0.019732 0.022646 0.018409 0.008649 0.017994 0.022587 0.096230 0.758807 1.771780 2.815569 2.870831 2.869617 2.847224 2.798600 2.776885 1.716121 0.405279 0.465050 0.736379 1.982871 3.157747 2.079127 2.054821 2.039946 2.018809 1.967993
2.042268 2.065100 2.065144 3.062203 4.075394 4.074752 3.057021 3.058429 3.062284 5.056437 5.076954 4.050373 4.048151 5.017604 5.030524 4.027038 4.022639 4.018819 2.970928 3.904652 2.970576 0.914826 0.906363 0.921396 0.894191 0.877571 0.906331 0.903545 0.037142 0.032562 0.042821 0.022084 0.014511 0.026809 0.032465 0.023992 0.042732 0.033551 0.029882 0.037313 0.023323 0.111099 0.782145 1.892550 1.923867 2.899545 1.921538 0.896566 0.022362 0.200922 0.314503 0.741806 1.993795 3.138634 2.104111 2.078441 2.057003 2.041826 1.997537
1.066304 2.046083 2.062127 3.067259 4.068931 5.075801 4.075259 4.076958 4.081860 6.083796 6.085701 5.082483 5.084365 4.054285 4.016611 3.004714 3.002381 2.974225 2.027077 1.043082 1.037098 0.005252 0.019903 0.019304 0.034486 0.019676 0.867053 0.869006 0.020815 0.018738 0.028161 0.041409 0.056654 0.019700 0.034344 0.026636 0.039263 0.032996 0.034205 0.018256 0.017702 0.149598 0.797701 1.889114 1.919759 2.896544 1.914622 0.887639 0.031165 0.017677 0.165785 0.201666 0.885150 3.144353 2.129469 2.100224 2.075931 2.064906 1.987312
1.064855 1.069042 2.066703 3.070116 5.084139 5.073070 5.080285 5.082180 6.096654 6.078716 6.081338 6.091805 6.088014 4.068652 3.063914 2.078754 2.075261 2.066691 2.056938 2.076334 1.048979 0.006710 0.005253 0.036776 0.007119 0.018497 0.060568 0.064861 0.015800 0.027900 0.031532 0.031411 0.036737 0.033216 0.007869 0.007869 0.027621 0.022211 0.040280 0.035868 0.308572 0.261082 0.839247 0.897212 1.900000 1.892923 1.908688 0.868789 0.025109 0.020793 0.295298 0.220081 0.449798 1.939069 2.161243 2.138425 2.108244 2.139197 1.066246
1.053398 1.069479 2.059321 3.066131 5.069185 5.069730 5.070760 5.072739 6.073912 6.064242 6.065062 6.063486 6.044164 5.085776 3.061410 2.083342 2.081320 2.076987 3.107577 3.096355 3.092015 0.072335 0.060438 0.020472 0.013385 0.014724 0.041067 0.050586 0.017256 0.024321 0.018250 0.032152 0.063452 0.065048 0.007869 0.007869 0.016190 0.025097 0.034858 0.310013 1.440880 0.370699 0.245257 0.782234 0.808999 0.799544 0.812390 0.772413 0.657017 0.633886 0.507376 0.360556 0.608405 0.534424 1.093075 1.175681 1.152026 1.161881 1.195095
1.083329 1.085986 2.055913 3.066760 5.066506 5.070823 5.071709 5.068069 5.072370 5.062449 5.057918 5.072982 5.050328 5.037309 4.055719 3.087470 3.118382 3.109688 3.064210 3.070259 3.073211 2.100561 2.081919 0.062461 0.014701 0.026844 0.026732 0.028976 0.011408 0.013469 0.033511 0.027885 0.060639 0.067055 0.011877 0.017018 0.015653 0.017503 0.315339 1.467736 1.464812 0.427152 0.355584 0.231341 0.235349 0.180370 0.790370 0.779370 0.675692 1.507346 1.579704 1.394035 0.951775 0.600283 1.040943 1.182760 2.154554 1.172464 1.147779
2.110832 1.094475 3.073874 4.083947 5.067232 5.072578 5.064778 4.065630 4.066721 4.053983 4.074472 5.054068 4.066716 3.992567 3.045842 2.078705 3.060241 3.045571 2.082393 2.059625 3.084724 3.093234 3.056768 0.964615 0.022938 0.028080 0.007140 0.034102 0.026508 0.022882 0.018692 0.036124 0.165607 0.164825 0.117112 0.015890 0.022792 0.019189 0.017810 1.465837 1.459608 1.509477 0.442533 0.004817 0.255565 0.246288 0.211752 0.004817 0.016056 1.414597 2.291792 2.353378 0.924901 1.126441 1.147328 1.196725 2.077976 3.203366 2.156182
1.080176 2.095758 4.065611 5.076256 6.063430 5.058670 3.078474 3.078374 3.084531 3.076916 4.068864 4.069227 4.029004 3.070205 3.049024 2.080464 2.090804 2.089997 2.084574 1.088545 2.050796 2.084734 2.076687 2.064905 0.056713 0.006935 0.012585 0.019712 0.039333 0.037184 0.030976 0.025356 0.194999 1.204077 2.178064 2.207128 0.113342 0.061648 0.026882 0.501329 2.434134 1.515811 0.494689 0.004817 0.293239 0.296752 0.289358 0.004817 0.028031 1.417114 1.430372 1.047094 0.745344 0.944417 1.977023 2.094664 3.141886 3.177868 3.181020
0.064381 3.081996 3.064576 4.061118 4.063864 4.058694 3.075093 3.073921 3.068690 3.057414 3.076594 4.048181 3.070652 3.081124 3.092706 4.195948 3.169419 3.158441 2.109991 2.140485 1.099967 2.086698 2.086255 1.084009 0.072236 0.027301 0.005284 0.054010 0.092780 0.968581 1.035896 0.163413 1.197934 2.149452 3.150943 3.212593 1.035964 0.923130 0.821163 0.653998 1.452914 1.578115 0.497949 0.485207 0.398566 0.347506 0.296002 0.216230 0.873890 1.653479 1.701204 0.509485 0.012265 0.961973 1.985267 3.042368 4.122163 4.163187 3.135508
2.071562 3.081494 2.044923 2.051475 3.041885 3.060867 3.065580 3.048246 2.083717 2.080071 3.106601 3.082461 4.138229 4.145052 4.166293 5.193228 5.205839 4.166892 2.109663 2.115577 2.122667 2.096896 1.089555 1.065309 0.025721 0.011817 0.006700 0.014990 0.111011 2.175006 2.216390 2.245648 2.219256 2.156503 3.136004 3.193960 2.135870 0.953327 0.835502 0.691328 1.445710 1.592518 0.505997 0.489892 0.436818 0.369489 0.313100 1.810889 3.004404 2.979063 1.864313 0.106389 0.003328 0.142525 1.936229 3.039813 4.075958 4.139547 3.078092
3.069186 3.091851 1.090043 1.093421 1.088724 2.050180 2.043032 2.029715 2.077979 2.077940 3.100822 4.108049 4.095024 5.143371 5.112846 5.118048 5.112933 4.126564 3.136585 2.118788 2.115644 1.110065 1.105533 0.068512 0.035621 0.015881 0.005284 0.013299 0.112289 2.197703 3.231566 3.246890 2.222532 1.182107 3.088701 3.157870 3.159896 0.957830 0.821630 0.680762 1.330688 2.457799 2.500342 2.543638 1.529697 0.381494 0.265113 2.931458 5.056859 5.088794 3.050976 2.209789 0.105110 0.259780 1.777460 2.990323 3.992108 4.085148 3.031618
2.033377 2.063306 1.094728 1.098258 1.094246 1.096386 0.095968 0.098421 2.104821 2.092184 3.102708 4.092007 4.093856 5.086576 4.126652 4.145477 4.151119 4.135139 3.121766 2.121826 2.119207 1.114796 1.111329 0.077785 0.036573 0.016923 0.017999 0.023535 0.027035 2.199688 3.221238 3.236724 2.226811 1.180367 2.094063 2.116043 2.063210 2.060596 0.808375 1.141828 2.373431 3.474542 4.399928 4.503288 3.505532 1.219378 1.933486 3.933609 5.026089 5.065462 4.087198 3.215485 0.884490 1.320662 1.534567 2.869894 3.128592 2.065599 2.007399
0.100584 0.108789 1.110641 3.155481 3.152307 2.141708 0.111986 0.111156 2.099575 2.092705 3.100668 4.087356 4.073175 4.109389 4.126547 4.145038 4.153231 4.141973 3.129798 3.151110 2.124161 2.144577 1.105573 0.073904 0.016359 0.015880 0.015874 0.025360 0.013898 1.116930 3.231798 3.250123 3.270048 3.324902 2.209441 1.119160 1.915967 1.939418 1.702876 2.210211 3.386857 3.523269 5.361923 5.533180 4.483072 3.332719 2.109562 3.841290 5.034875 5.127163 4.111105 3.163445 1.947196 1.146673 0.798350 1.007848 1.156330 1.030125 0.924884
0.003328 0.113493 2.103232 3.113597 3.126556 2.122183 1.120013 1.135872 2.088725 3.110433 4.099779 4.088686 3.099682 4.131225 5.187543 5.200256 4.166903 4.153351 4.159807 4.163975 3.154455 2.153477 0.090536 0.014078 0.007038 0.013204 0.011294 0.016157 0.020637 1.056496 3.258098 5.294575 5.310692 5.351300 3.278651 2.264711 1.094477 1.005459 1.530174 1.445070 3.264963 3.459893 4.315732 4.443752 4.477718 3.264868 3.143993 3.088138 5.046264 5.173326 4.172147 3.213277 2.236692 0.151977 0.088447 0.451842 0.931640 0.902436 0.704351
0.217792 1.140510 2.046973 2.084895 2.100760 1.107914 1.116644 1.123588 3.091900 3.092148 3.090838 4.079673 4.087917 4.110038 5.137186 5.118501 4.159859 5.178288 5.164443 5.167152 5.172854 2.161654 0.010724 0.007863 0.015897 0.019476 0.014461 0.019326 0.932006 3.214667 5.263508 6.240788 7.266682 7.305811 5.289938 3.249080 2.194160 2.212847 0.878308 1.269288 2.351594 2.505286 2.464304 2.412937 2.374883 2.222309 2.173527 3.936922 6.071516 7.123722 6.180638 5.119419 4.256306 2.162403 2.086806 1.902483 1.565567 1.081561 0.786833
0.220666 1.140306 1.153623 1.185962 0.153837 0.003328 0.109262 1.068161 3.052526 2.081405 2.081687 3.062155 3.063645 4.070662 5.130426 4.153457 5.198474 5.167594 7.164080 7.187508 6.188418 3.190336 0.121088 0.007589 0.018680 0.216753 0.300169 0.285708 3.026644 5.174389 7.226737 8.253108 8.254568 7.301943 5.260443 4.267043 3.259779 2.220020 0.975179 1.338166 3.254740 2.369063 2.391009 2.441355 1.299679 1.989375 3.013414 4.059928 6.069665 7.110730 8.118365 8.110952 7.221814 5.183761 5.159165 4.111908 3.046955 0.598864 0.617006
1.266159 2.229041 1.187858 1.226645 0.183096 0.148157 1.137945 2.099759 2.045646 1.040457 1.045680 1.049285 2.066179 3.091915 5.108151 5.189041 5.151264 7.116959 8.117576 8.160682 7.167537 5.153664 3.116741 0.786102 0.610578 2.263351 2.457978 2.425045 3.863891 6.145877 7.229318 8.246855 8.270844 7.356765 5.293224 4.283342 3.274529 2.170488 3.115164 1.776515 2.017488 0.958781 1.009303 2.185672 2.226683 2.164889 3.015357 4.069295 5.084423 6.097977 7.127459 8.118873 7.193372 5.121855 4.106252 3.048790 1.961661 0.571376 0.530591
2.209892 2.219540 1.148307 1.173392 1.187719 2.169324 2.169886 2.160967 0.148244 0.125464 0.121153 1.013253 2.058887 3.091585 6.134994 7.238916 6.187166 7.995319 9.076515 9.162314 7.119379 6.033544 6.074131 3.917483 2.675992 2.458286 2.470621 2.414680 3.828344 5.175454 6.235935 7.232955 7.285859 7.378959 5.319030 4.310363 3.281841 4.266752 5.180366 4.345707 0.866713 0.017986 0.013005 0.114415 0.129656 0.096259 1.957329 3.032778 3.057151 4.043344 5.077940 4.096727 2.919973 1.787374 1.960446 0.895760 0.802896 0.031664 0.041076
1.243943 2.148253 0.132150 0.136389 1.173672 1.175984 1.179115 2.151807 1.189888 0.136569 0.142592 0.111318 1.994871 4.114699 7.100762 7.159884 7.175807 7.986713 9.032253 8.119425 7.081112 7.111897 6.094485 4.979538 3.841579 2.532861 2.487529 2.421379 2.246676 3.964812 4.199295 4.183074 4.244660 5.241386 5.223614 5.249800 4.234766 4.193505 4.108008 3.194977 0.046616 0.019784 0.010204 0.018258 0.020776 0.017189 0.057510 0.671871 1.948415 0.961146 0.818698 0.030483 0.021202 0.015410 0.137236 0.304184 0.262320 0.038465 0.028597
