use_cases/Flooding_chicago/flooding_data/output/h_3300.asc
ncols 337
nrows 393
xllcorner 428428.000000
yllcorner 4602440.000000
cellsize 26.757400
NODATA_value -9999.000000
[rows 108 to 134 of 393, columns 177 to 235 of 337]
0.160517 0.009694 0.003328 0.848993 1.907593 1.903977 0.895135 1.830440 1.910293 0.565641 1.023863 1.067718 0.950942 0.086493 0.016143 0.021019 0.009102 0.013246 0.026824 0.029204 1.469874 2.473240 3.450983 2.472625 2.463180 2.471566 0.300531 0.039379 0.031138 0.029758 0.015736 0.011393 0.012523 0.019841 0.022675 0.036107 0.042956 0.075821 1.092098 1.166467 1.185035 2.094022 3.191415 3.228945 2.158198 2.153049 0.865829 1.221362 1.085996 1.025129 0.858739 0.724231 0.976279 2.210269 3.284069 4.291958 3.368738 1.298739 1.301776
1.280941 0.362334 0.006447 0.813461 1.806420 0.900780 0.907287 0.900260 0.893276 0.087464 0.048741 0.019044 0.017029 0.023882 0.014933 0.010202 0.012694 0.009472 0.011730 0.015981 0.033587 0.375111 1.501594 0.351851 0.040799 0.042712 0.044628 0.034169 0.020332 0.039909 0.005749 0.008298 0.011387 0.009438 0.012756 0.030460 0.023379 0.021548 0.154867 1.250024 1.289726 2.153729 3.183275 2.136648 2.150012 0.922886 0.713629 0.482715 0.300918 0.181129 0.101496 0.377211 1.160561 2.270136 4.264924 4.284891 3.304526 2.299858 1.287899
0.335802 1.442881 0.322096 0.769802 0.736309 0.847045 0.888684 0.891554 0.155351 0.159020 0.011969 0.013647 0.009012 0.011705 0.010048 0.012909 0.013265 0.009662 0.011799 0.024826 0.046229 0.386504 1.489466 0.020163 0.023849 0.032132 0.048094 0.032459 0.008395 0.070336 0.020964 0.036812 0.009395 0.010910 0.006436 0.006704 0.014374 0.018055 0.212324 1.276618 2.293025 3.298413 2.295373 1.245276 0.147256 0.023149 0.008278 0.037038 0.011310 0.015465 0.016310 0.224308 1.248270 2.274763 4.275394 4.270387 3.287558 2.284065 1.280148
0.371471 1.336484 1.344669 0.747908 0.685550 0.006942 0.050114 0.009878 0.239331 0.239003 0.011885 0.013399 0.008329 0.008878 0.030252 0.025314 0.022022 0.014612 0.020119 0.038054 0.056292 0.483579 0.025505 0.019764 0.018282 0.030796 0.039276 0.049981 0.012412 0.060193 0.046238 0.019822 0.019829 0.019047 0.012588 0.015440 0.012542 0.036812 2.336768 3.336870 4.327826 5.350513 2.343982 0.209493 0.021293 0.016679 0.009802 0.024845 0.007186 0.015289 0.020056 0.816023 3.225371 4.277756 4.273558 4.262461 3.290920 2.285615 2.287815
1.543936 2.536251 2.530464 0.313747 0.016545 0.006464 0.017810 0.022179 0.245166 0.327321 0.009024 0.386702 0.018564 0.013022 0.019552 0.082804 0.088383 0.097328 0.095710 0.049675 0.035416 0.514877 0.014568 0.012158 0.011208 0.017781 0.022341 0.022640 0.013292 0.035206 0.058361 0.048177 0.033809 0.026848 0.016914 0.020977 0.016626 1.078329 4.336016 5.340719 5.364912 4.351964 3.384219 0.224775 0.019421 0.021376 0.014250 0.008586 0.008174 0.014699 0.017956 0.735284 3.222789 4.268831 4.272984 3.261828 3.282709 3.279667 3.278114
2.558137 3.556989 4.560798 0.324008 0.012749 0.005456 0.013749 0.012472 0.259247 1.424617 1.437774 1.423210 1.421226 0.318779 0.044839 0.078941 0.106406 0.132016 0.008675 0.008531 0.010768 0.162108 0.020085 0.012243 0.010507 0.007451 0.013984 0.017437 0.004817 0.017307 0.073049 0.055243 0.047484 0.050360 0.030073 0.028484 0.195987 3.355447 4.328321 5.320492 4.326381 4.339921 2.334185 0.196682 0.031575 0.012433 0.021864 0.010508 0.008565 0.017108 0.014323 0.020899 0.151482 2.254440 3.264035 2.274928 2.286745 2.278920 4.245336
3.526346 4.527110 4.519370 0.322604 0.019840 0.007247 0.018406 0.014449 0.015514 1.428920 1.433497 1.428816 1.432736 0.413251 0.022318 0.324191 0.047217 0.007493 0.009867 0.003328 0.008853 0.257485 0.019809 0.020051 0.016079 0.017189 0.011855 0.016912 0.004817 0.041078 0.055711 0.083509 0.105040 0.256940 0.175498 0.243508 1.045330 3.231279 5.283606 5.295916 4.305470 2.283870 1.149023 0.041082 0.043616 0.052260 0.020290 0.006328 0.017822 0.010365 0.009630 0.012995 0.021912 0.038242 1.256076 2.278871 3.300498 3.295766 4.263553
3.536520 4.536925 4.548407 0.017421 0.007267 0.007627 0.012903 0.026513 0.018248 1.419114 1.430329 1.429781 0.421345 0.422480 0.402774 1.355594 0.269003 0.016563 0.008301 0.013372 0.270638 1.357081 0.261170 0.029124 0.023304 0.023527 0.018908 0.022787 0.006227 0.006581 0.031887 0.067802 0.121495 0.070627 0.155315 0.266655 0.341596 0.852374 2.002827 3.221551 3.142358 0.882155 0.058280 0.022316 0.021980 0.028864 0.020948 0.020410 0.024669 0.018119 0.034083 0.023307 0.036204 0.019250 1.256766 2.274233 3.284673 4.279891 5.280373
3.529641 4.525382 4.549050 0.022565 0.005385 0.014462 0.016106 0.366905 0.455063 1.413124 1.433891 1.440380 0.420494 0.420729 0.402607 1.348463 2.377092 1.322327 1.383742 0.294179 1.350313 1.345152 1.333635 0.213125 0.052606 0.024609 0.023643 0.012429 0.016094 0.013524 0.023307 0.013188 0.017138 0.046449 0.023155 0.194092 0.206135 0.089617 0.038911 0.133739 0.227368 0.108962 0.087812 0.014066 0.013675 0.022052 0.005435 0.017438 0.025634 0.031171 0.026856 0.038484 0.029536 0.095973 1.233536 2.276422 3.285558 4.279546 5.277090
3.529887 3.544537 3.569228 0.524526 0.013516 0.022182 0.273675 1.448539 2.477982 2.445554 2.473556 1.438819 1.432881 1.460212 0.418850 0.409134 2.362775 3.389334 1.385862 1.394628 0.361917 1.342932 1.338663 0.267720 0.084908 0.110877 0.040444 0.010487 0.136635 0.148831 0.136687 0.069465 0.031418 0.032192 0.707349 0.367232 0.266653 0.013956 0.017473 0.015929 0.231255 0.136675 0.143701 0.015017 0.016105 0.030054 0.007161 0.012439 0.032424 0.037088 0.033530 0.036094 0.211370 0.151277 2.258995 3.311722 4.313086 5.296839 6.301245
4.531468 4.560596 2.504958 1.220354 0.820161 2.243595 2.457723 3.477664 2.487174 1.406824 1.431774 1.437844 1.440784 1.467512 0.421211 0.413404 2.386599 2.398657 1.381068 0.399989 0.376493 0.372359 1.341713 0.217101 0.055929 0.025456 0.053360 0.037748 0.213707 1.239005 0.160037 0.310465 0.222258 0.880720 0.883447 0.035639 0.020557 0.012643 0.010949 0.016663 0.165122 0.242294 0.257151 0.226458 0.031683 0.025419 0.007161 0.015663 0.019529 0.035812 0.050771 0.472972 0.291406 0.159777 2.119740 3.250101 4.271771 5.272585 6.255873
5.543347 3.553324 2.549015 0.359331 0.689158 2.243957 2.506508 2.547105 1.557267 0.457319 1.389535 1.421564 1.422780 1.430012 1.407414 1.405181 3.389635 2.405257 2.401383 1.402652 0.380325 0.376673 1.343280 0.212421 0.040047 0.007241 0.014212 0.037497 0.198301 0.203876 0.143113 0.299093 0.212357 0.824066 0.828218 0.020392 0.014875 0.021979 0.016133 0.027483 0.211580 0.291037 0.298776 0.243648 0.024055 0.019987 0.005435 0.019770 0.020339 0.032089 0.521191 0.575615 1.089093 1.266378 2.269396 3.292103 4.287284 5.266187 5.311946
3.506379 3.542245 1.521333 0.379080 0.242811 0.466457 2.434872 1.471312 1.468466 1.403330 1.423512 1.431775 1.432072 1.439055 1.427634 3.345700 4.391823 4.396781 3.408922 1.409936 0.385950 0.382976 1.346725 0.221334 0.043008 0.047007 0.020291 0.013342 0.099377 0.042980 0.035521 0.060454 0.134484 0.104837 0.082037 0.034529 0.020744 0.023458 0.014001 0.038602 0.020159 1.366985 1.351523 0.265281 0.015570 0.009118 0.013570 0.018698 0.019055 0.380734 2.714325 1.631620 1.099920 1.113729 3.154681 4.225328 4.251994 4.246181 3.263986
1.562588 0.498985 0.445043 0.416030 0.003328 0.502976 0.533647 1.409246 1.447314 2.281068 3.371993 3.392290 3.406452 2.397196 2.400862 3.389435 4.391783 4.406442 3.409659 1.398247 1.392810 0.389219 1.346155 0.243415 0.045009 0.039357 0.016011 0.006759 0.075042 0.088641 0.066170 0.072355 0.036046 0.019248 0.070211 0.021758 0.027231 0.016900 0.067777 0.038978 0.020747 1.337372 2.330781 1.351123 0.255197 0.182857 0.096657 0.059146 0.254328 2.599433 3.671292 1.539051 0.510288 0.345848 0.969441 2.126409 3.206555 2.230566 1.228581
1.566977 0.016116 0.346471 0.264142 0.687422 0.649969 0.628037 0.557464 0.415182 2.311926 3.384781 3.395925 3.402616 3.404338 4.389727 4.397141 4.393495 4.405078 3.403250 2.399810 1.389133 1.397951 0.317000 0.221975 0.035105 0.016277 0.019692 0.008567 0.105131 0.120498 0.078995 0.051700 0.006021 0.010203 0.030659 0.040278 0.028772 0.105947 0.066796 0.272042 0.273910 3.261403 3.302040 2.287401 1.115929 0.969520 0.741300 0.684953 2.179783 2.627844 2.639288 0.570733 0.572888 0.414477 0.450427 0.927449 2.150351 2.228392 0.194253
1.563262 0.513851 0.387959 0.682688 1.747715 2.789856 1.791541 0.652718 0.022655 1.374659 2.391041 3.394768 3.400178 4.401402 5.398397 5.398800 4.392539 4.399304 4.391304 2.402700 1.398837 1.397870 0.288188 0.018257 0.019664 0.015206 0.008566 0.008174 0.037799 0.132435 0.012180 0.015553 0.009459 0.011375 0.042848 0.046147 0.028223 0.012329 0.048700 0.244169 3.311863 5.341403 3.328720 2.328177 0.211827 0.156838 0.086066 0.056057 0.054569 0.029189 0.230248 0.320946 0.682055 0.723024 0.638052 0.522998 0.890881 1.133850 0.110370
2.567361 1.567638 0.384555 1.698684 2.785548 3.790965 2.818588 0.008476 0.003328 0.301912 2.392058 4.395022 5.395612 5.406305 6.403277 5.396907 5.392575 6.389536 5.393618 3.399206 2.389804 0.021318 0.014116 0.008278 0.012343 0.006328 0.010508 0.008586 1.076345 0.041200 0.012071 0.013587 0.037157 0.064054 0.049151 0.031305 0.049158 0.041160 0.054731 1.276318 4.295732 5.302556 2.302420 0.216116 0.084012 0.054424 0.033068 0.032331 0.016970 0.020014 0.029009 0.062451 1.162832 1.084445 0.737001 0.415957 0.261483 0.211461 0.189808
1.524323 0.413439 0.306906 0.716863 2.770124 2.779707 2.783756 1.803708 0.017358 0.324430 2.392742 4.399054 5.400991 5.400119 4.394582 4.392405 5.396006 6.401964 5.399814 2.397510 1.384428 0.033247 0.017153 0.021716 0.013740 0.013920 0.018004 0.014873 0.099735 0.009380 0.004817 0.009380 0.014058 0.045134 0.110632 0.101480 0.271072 0.212826 1.266879 2.250535 4.281643 2.232850 0.030838 0.021360 0.089183 0.095940 0.037028 0.011816 0.009142 0.018253 0.028217 0.032737 2.636232 2.526443 0.975058 0.044766 0.031673 0.071942 0.069848
0.067139 0.064300 0.144982 0.651283 1.720327 1.761399 1.787651 0.691044 0.639133 1.302094 2.386830 3.402637 4.412953 4.434530 3.430377 2.410945 4.384791 5.403000 4.411959 2.408845 1.409461 0.041466 0.050220 0.021460 0.019030 0.016214 0.027506 0.016482 0.095996 0.009380 0.004817 0.009380 0.020787 0.019148 0.090795 0.090958 0.300744 1.234596 3.268059 4.270311 3.281243 0.020684 0.006195 0.041123 0.048371 0.059631 0.060524 0.020623 0.003328 0.034363 0.032880 0.069706 2.315654 2.113540 0.214534 0.021881 0.015136 0.057609 0.041878
0.082000 0.048010 0.081032 0.734878 0.774433 0.749462 0.769757 0.016054 0.026259 1.338390 2.381696 2.381556 2.386523 2.391682 2.395870 2.390732 4.388741 5.394209 4.394894 3.390063 1.385882 0.032895 0.039028 0.041291 0.028451 0.028523 0.017578 0.057838 0.056808 0.041921 0.009502 0.011272 0.020969 0.025410 0.092991 0.093512 0.265538 1.253519 1.255136 2.205392 0.051135 0.025152 0.005252 0.010902 0.054883 0.044530 0.031214 0.030782 0.103079 0.063816 0.070532 0.044888 1.466526 1.529910 0.261258 0.029052 0.014193 0.047971 0.017647
0.060299 0.057907 0.653947 0.773837 0.771490 0.050522 0.017901 0.016354 0.043543 0.233343 1.371439 2.393786 2.395023 2.391698 1.391318 2.390275 4.387348 5.393719 4.393368 3.395472 1.378883 1.374299 1.378203 1.319122 0.059518 0.020252 0.008903 0.036315 0.684921 0.054384 0.112392 0.164189 0.009489 0.031803 0.030480 0.083379 0.060175 0.037581 0.240764 0.097096 0.077410 0.055761 0.006710 0.005253 0.050818 0.032631 0.021827 0.035323 0.079214 0.068198 0.043992 0.065070 1.281789 2.168411 1.490676 0.670651 0.019599 0.041116 0.021867
0.059978 0.061591 0.647406 0.775691 0.753366 0.061614 0.034250 0.013599 0.031025 0.022260 0.035104 0.262784 1.387763 1.397997 1.399433 3.391760 5.393105 6.394518 5.390036 3.396860 2.389630 2.390515 2.386409 1.275709 0.049527 0.026390 0.007732 0.047203 1.618064 0.606819 0.160052 0.175311 0.202364 0.011991 0.052694 0.037800 0.032948 0.037542 0.220669 0.084981 0.084031 0.106117 0.020743 0.041444 0.079031 0.007729 0.015779 0.023810 0.016678 0.017518 0.028684 0.052011 1.121264 3.389578 2.302740 1.278536 0.578044 0.028221 0.044656
0.009947 0.013779 0.593247 0.731928 0.033329 0.054653 0.031564 0.024037 0.023496 0.020713 0.027862 0.024579 0.246833 0.292547 0.347442 3.407602 6.406089 6.402731 6.396040 5.368670 3.402377 3.401692 3.358275 1.165886 0.043903 0.014787 0.014275 2.723875 1.680675 0.584093 0.102895 0.015203 0.022324 0.027182 0.015116 0.019161 0.009234 1.081724 0.086362 0.107149 0.097677 0.132400 0.261041 0.291679 0.082532 0.116992 0.033653 0.006049 0.013642 0.023190 0.019512 0.015066 0.198061 1.825779 1.113184 0.836702 0.346643 0.047749 0.066757
0.021993 0.018264 0.089567 0.082377 0.020779 0.019962 0.014683 0.020823 0.010578 0.027953 0.016987 0.020057 0.017272 0.029732 0.026181 3.381105 5.391283 7.386331 7.391449 6.388781 5.370693 4.375151 3.375493 1.274190 0.071108 0.135397 0.009260 1.783630 0.637618 0.027472 0.023492 0.015824 0.019188 0.011781 0.015022 0.013997 0.052183 0.064061 0.065703 0.021967 0.015560 0.010882 0.034614 0.037009 0.025974 0.040842 0.060064 0.009064 0.021978 0.026627 0.036574 0.458346 0.278439 0.963014 1.219636 1.275887 0.636932 0.859000 0.880014
0.022883 0.040458 0.035708 0.031186 0.013980 0.011246 0.011481 0.004817 0.014920 0.010818 0.011994 0.009122 0.013197 0.008645 0.017583 3.386859 6.393114 8.395298 8.395427 7.392417 6.389187 4.390297 3.384431 2.386952 0.350306 0.257504 0.474175 0.593203 0.044164 0.022857 0.021434 0.010203 0.008874 0.011235 0.023384 0.042280 0.610079 0.476179 0.017804 0.020914 0.017643 0.014816 0.018083 0.012380 0.030372 0.025016 0.027147 0.004817 0.009380 0.019593 0.022592 0.623009 0.014609 0.578487 1.564559 1.612135 1.816019 1.878573 1.905236
0.026699 0.061615 0.019896 0.010541 0.016989 0.010996 0.011472 0.004817 0.010833 0.035521 0.008967 0.008372 0.012097 0.014670 2.359015 5.383898 7.388844 8.398954 9.401954 8.400306 7.401051 5.395186 4.397169 3.402582 1.286939 0.123830 0.041646 0.087426 0.063051 0.013765 0.010203 0.015769 0.010203 0.018295 0.027659 0.644519 0.636209 0.484388 0.019655 0.014673 0.009550 0.012965 0.011958 0.006786 0.006936 0.023914 0.035291 0.004817 0.009380 0.013452 0.036690 0.714261 0.836547 0.724669 1.655121 1.701013 1.790188 2.872651 3.944150
0.036955 0.114462 0.019536 0.008364 0.057937 0.018877 0.012174 0.009708 0.031077 0.035992 0.023531 0.018336 0.014421 0.028545 3.392784 5.394610 7.401263 7.403470 8.403631 9.385379 7.399044 6.396299 6.387333 4.368660 1.207755 0.066641 0.038065 0.059363 0.014557 0.018365 0.008874 0.010203 0.027737 0.022175 0.670506 0.679341 0.575053 0.023267 0.016525 0.020903 0.009416 0.012559 0.009966 0.019225 0.015796 0.066672 0.017188 0.011250 0.017840 0.023009 0.030282 0.747200 2.895740 2.914177 1.782027 2.859331 3.918389 4.920801 4.957407
