use_cases/Flooding_chicago/flooding_data/output/h_3360.asc
ncols 337
nrows 393
xllcorner 428428.000000
yllcorner 4602440.000000
cellsize 26.757400
NODATA_value -9999.000000
[rows 162 to 188 of 393, columns 118 to 176 of 337]
1.326788 0.201241 0.009211 0.007997 0.236232 1.173897 1.213193 2.182056 1.187368 0.004150 0.180266 0.169226 1.945360 4.045237 7.052836 7.137997 7.080328 6.978159 6.014308 5.082872 5.123536 4.124307 3.021701 2.911206 2.756449 2.541886 2.455775 2.400467 2.280384 2.284503 2.392550 1.304025 2.210891 4.259360 4.199769 4.222978 3.283039 0.900322 0.064041 0.080725 0.033477 0.015427 0.006954 0.003286 0.009388 0.010995 0.028383 0.061922 0.123264 0.073220 0.014091 0.017199 0.007226 0.012572 0.017069 0.331551 0.163656 0.026150 0.024746
1.391875 0.010608 0.018727 0.014897 0.303952 1.138167 1.199355 2.134788 0.274459 0.008691 0.224039 1.065370 3.083649 4.100331 7.055004 7.163324 6.052513 3.944295 1.929536 0.822357 0.071468 0.014169 0.025128 0.054039 0.057934 0.083739 0.093734 0.281729 0.222455 0.188194 0.028223 0.159243 1.065190 4.140151 4.108793 2.041907 0.019328 0.025048 0.040781 0.090198 0.041477 0.014640 0.004988 0.002748 0.005829 0.011106 0.045012 0.074413 0.085578 0.015042 0.014914 0.018680 0.012027 0.013030 0.016143 0.304307 0.314450 0.020421 0.020874
1.490481 0.588372 0.599840 0.572986 0.464559 0.383088 0.342477 1.244878 1.382910 1.425755 1.380336 2.120567 3.113942 4.142004 7.113611 7.247126 5.286893 2.089193 0.054886 0.006839 0.004839 0.004839 0.021283 0.030065 0.037303 0.073626 0.143724 0.183283 0.175222 0.087443 0.041444 0.035912 0.021880 0.417340 0.204304 0.055002 0.007455 0.005903 0.003551 0.134573 0.053119 0.019904 0.004715 0.001579 0.002748 0.020493 0.056253 0.072685 0.052816 0.014020 0.011554 0.014081 0.011650 0.017034 0.016118 0.317579 0.324764 0.024120 0.027188
2.591053 2.622972 2.641520 2.636982 1.608376 0.470906 0.404181 1.139651 2.317569 3.388437 3.429471 4.276313 5.326250 5.325825 7.154262 8.239525 6.391884 1.196383 0.003460 0.003089 0.002352 0.002352 0.033200 0.008981 0.007366 0.073003 0.139091 0.229426 0.229669 0.098355 0.039683 0.029241 0.015019 0.291729 0.263123 0.096225 0.003080 0.002619 0.003358 0.077181 0.070968 0.047919 0.040651 0.021012 0.022345 0.029409 0.070156 0.058475 0.034102 0.018052 0.005388 0.011599 0.012875 0.027185 0.015759 0.396097 0.397142 0.032394 0.021915
3.584035 5.597501 5.644272 4.621810 3.610950 2.582947 1.461227 2.212861 3.318274 4.326406 5.307537 5.335298 6.188100 7.310414 7.285826 6.231733 4.212080 2.262039 0.223299 0.101533 0.070796 0.079292 0.014981 0.013034 0.005827 0.005827 0.167472 0.275168 0.296967 0.007341 0.006716 0.011746 0.011867 0.273780 0.379523 0.203606 0.012164 0.006507 0.002619 0.107209 0.038714 0.064661 0.042986 0.018727 0.021015 0.017441 0.057403 0.032564 0.042413 0.020112 0.007902 0.012267 0.020422 0.038380 0.553983 0.322247 0.229898 0.023425 0.024575
4.542751 6.532464 6.589190 6.583801 6.619707 4.554349 3.481390 3.392156 4.349226 4.380842 4.377779 5.282909 5.306690 7.186092 7.141384 4.020285 1.106411 0.154153 0.087479 0.054099 0.012987 0.024080 0.028611 0.006478 0.004088 0.004088 0.007051 0.435847 0.439673 0.012182 0.005372 0.005617 0.014142 0.219489 0.333269 0.400278 0.445642 0.037433 0.058276 0.092087 0.023702 0.031351 0.047134 0.011368 0.015879 0.007458 0.029882 0.037151 0.051884 0.031758 0.017984 0.012022 0.024412 0.048758 0.550200 0.134961 0.025376 0.019061 0.015474
4.558742 5.553194 6.572267 7.544265 7.587481 6.573557 5.558057 4.443277 4.409552 4.409786 4.409398 5.329186 5.362444 7.156466 4.336476 1.322969 0.053835 0.089684 0.154094 0.114705 0.014718 0.010075 0.013663 0.008062 0.004088 0.004088 0.009014 1.578379 1.581042 0.015569 0.007465 0.008191 0.012709 0.028689 0.467406 0.477440 0.478180 0.092138 0.049530 0.025027 0.025154 0.019457 0.023255 0.010660 0.008110 0.012066 0.017121 0.011659 0.033407 0.024918 0.024974 0.018581 0.019811 0.018007 0.175069 0.230939 0.047468 0.025133 0.011839
5.581419 6.572366 6.596635 7.548237 7.568552 7.549463 7.604190 5.484976 5.482770 6.470297 6.519970 7.478685 7.571805 5.401016 3.519081 1.514623 0.481177 0.085972 0.131227 1.243589 0.010742 0.009822 0.017519 0.005040 0.186813 0.003865 0.567103 1.548908 1.557616 0.011685 0.006268 0.009023 0.021948 0.056507 0.460850 0.469276 0.470756 0.126351 0.071504 0.049443 0.041671 0.033003 0.021199 0.017066 0.005221 0.003239 0.015633 0.010150 0.025680 0.016608 0.010680 0.018174 0.015290 0.019815 0.132165 0.186040 0.049038 0.015550 0.010626
5.576000 9.537515 9.663955 8.576848 9.539145 9.552892 9.604310 7.511179 7.537003 6.454991 7.273894 8.280311 7.484653 4.346640 3.373247 1.384209 0.356221 0.199014 0.153600 1.235094 1.226148 0.012314 0.010693 0.003149 0.122654 0.076947 0.546883 1.530443 1.533266 0.424767 0.027608 0.008075 0.026372 0.078966 0.113761 0.132778 0.133988 0.142324 0.106007 0.073155 0.062094 0.052827 0.040695 0.025452 0.004905 0.002731 0.014501 0.009839 0.026770 0.003241 0.012033 0.009589 0.014254 0.042635 0.136867 0.190251 0.116300 0.012195 0.011466
8.507108 10.530310 10.595557 9.539448 9.530380 9.545800 9.583673 8.552002 7.529732 6.468705 6.467027 6.460963 5.494686 3.426149 0.279339 0.022116 0.042482 0.059228 0.131765 0.188718 2.246545 0.132972 0.040898 0.030815 0.007962 0.073711 0.537734 0.538799 0.454929 0.017694 0.012020 0.007187 0.021213 0.018763 0.103175 0.126380 0.101749 0.056916 0.105769 0.084319 0.072035 0.067476 0.058669 0.046474 0.028205 0.003762 0.003993 0.003994 0.003759 0.002762 0.007350 0.004617 0.009212 0.048063 0.076795 0.287056 0.037619 0.014423 0.005871
8.443677 9.514410 8.570704 7.555920 5.513943 6.514800 7.540509 7.556297 6.536352 5.494217 5.504203 5.516163 4.535541 1.159858 0.006928 0.007319 0.011445 0.012850 0.009591 0.004595 2.236246 1.051875 0.017166 0.012203 0.014805 0.011775 0.530653 0.514376 0.048258 0.014219 0.011798 0.013688 0.021981 0.020854 0.127585 0.145664 0.017731 0.027261 0.027201 0.041309 0.026654 0.035126 0.037670 0.065369 0.039074 0.036637 0.008390 0.014132 0.021985 0.020662 0.010301 0.024480 0.097677 0.079850 0.102186 0.099292 0.083107 0.017629 0.006971
8.487284 7.606651 5.603170 2.526741 1.499417 2.486269 5.454489 5.513721 4.493156 3.456028 4.433702 5.447354 4.454971 0.255371 0.005417 0.003479 0.006057 0.006057 0.003479 0.228414 1.212038 0.144184 0.018857 0.022518 0.008788 0.015731 0.114576 0.119814 0.064440 0.017661 0.013996 0.016098 0.018425 0.028099 0.075174 0.066739 0.025182 0.019441 0.019103 0.027540 0.029908 0.020187 0.019065 0.034184 0.026907 0.049776 0.056746 0.064107 0.015040 0.014611 0.029971 0.035245 0.035876 0.039324 0.022072 0.084337 0.080988 0.019125 0.010876
6.625737 5.621289 2.663213 0.009702 0.005891 1.505818 2.553718 1.447713 1.430277 1.384113 2.225425 3.241721 2.312094 0.269250 0.014839 0.008603 0.004773 0.004773 0.017143 1.283217 0.164689 0.028314 0.024002 0.012775 0.016079 0.008771 0.091470 0.123031 0.101462 0.014068 0.027522 0.033467 0.022050 0.024924 0.053427 0.039102 0.014990 0.013451 0.025598 0.026971 0.012546 0.022321 0.011628 0.021855 0.039258 0.060265 0.073394 0.078961 0.011067 0.010917 0.025119 0.055311 0.040864 0.022653 0.012247 0.014977 0.036267 0.007988 0.091177
5.613526 3.604035 1.623793 0.608999 0.603987 2.593811 3.597262 0.585821 0.019519 0.626569 0.610024 0.613936 1.586658 0.428924 0.010627 0.009707 0.008484 0.013879 0.020790 0.172437 0.059682 0.022627 0.019286 0.019238 0.009871 0.003537 0.009893 0.106761 0.209556 0.016692 0.035043 0.049150 0.020076 0.026462 0.050977 0.032019 0.011701 0.011472 0.019901 0.005556 0.008117 0.009177 0.011930 0.016634 0.022702 0.001579 0.060530 0.055937 0.006797 0.006746 0.032381 0.026670 0.007029 0.007785 0.007892 0.013667 0.020115 0.013013 0.136627
4.584362 2.548777 1.571534 0.600850 0.599857 2.538585 2.512860 0.618509 0.714525 0.659527 0.634069 1.668472 1.627724 0.557308 0.027834 0.022909 0.025993 0.031095 0.036779 0.031454 0.064108 0.022314 0.013988 0.014326 0.007421 0.003291 0.009744 0.008904 0.340284 0.430395 0.028223 0.055107 0.037418 0.056882 0.040986 0.008841 0.007740 0.002352 0.030894 0.005323 0.007385 0.006225 0.029226 0.031367 0.036536 0.011774 0.026287 0.059118 0.038067 0.014134 0.025889 0.028783 0.011387 0.001579 0.014105 0.015039 0.014125 0.012442 0.091687
2.467335 1.633361 0.622503 0.030194 0.034813 0.654562 1.635515 0.652196 1.770382 1.758915 2.701960 3.721013 3.719883 2.746114 1.687135 0.436503 0.032030 0.020015 0.010973 0.009480 0.072796 0.043704 0.024373 0.006957 0.011978 0.002844 0.006939 0.012834 0.305759 0.456047 0.032535 0.042436 0.049447 0.077233 0.064261 0.014491 0.010734 0.002352 0.021131 0.018464 0.016354 0.009829 0.030273 0.028827 0.024735 0.327154 0.015853 0.196506 1.023996 0.026436 0.024855 0.025877 0.017815 0.028245 0.019363 0.027079 0.016803 0.018112 0.064009
1.687005 1.680345 0.658872 0.046682 0.052155 0.639267 1.676338 1.664391 1.720953 2.749101 3.690926 5.712797 4.692025 2.722234 1.697239 0.514973 0.028836 0.016986 0.016812 0.023471 0.046639 0.077520 0.041366 0.045686 0.013719 0.004036 0.010692 0.016146 0.009686 0.442004 0.412805 0.061653 0.038884 0.063393 0.059846 0.020171 0.009609 0.006185 0.027794 0.021533 0.016194 0.442734 0.437587 1.469437 1.485776 1.443657 1.400726 2.371263 3.362762 2.398506 1.436991 0.015578 0.018015 0.005113 0.022608 0.026169 0.045853 0.069034 0.072813
1.727102 1.722483 0.687044 0.033621 0.032778 0.015423 1.656945 1.646270 2.749140 3.729911 4.680110 5.701396 4.692777 2.682454 1.673559 0.093292 0.012722 0.019669 0.021805 0.013387 0.011472 0.026708 0.039966 0.013859 0.019354 0.005040 0.003125 0.011517 0.353823 1.504326 0.405881 0.040129 0.009447 0.013066 0.017679 0.011445 0.010740 0.017705 0.443459 0.422049 1.512585 1.551863 1.538108 1.487606 0.397085 1.416101 2.404326 3.397520 4.384953 4.408875 2.399890 0.044201 0.020019 0.011118 0.010697 0.013235 0.015149 0.024851 0.028619
1.773726 1.769673 0.692373 0.005829 0.002748 0.008012 0.485761 1.632854 2.674106 4.701135 5.664915 4.693673 3.687717 0.554613 0.578821 0.180983 0.192064 0.015208 0.024243 0.017110 0.016029 0.015120 0.010218 0.011576 0.007783 0.003157 0.007513 0.008841 1.465476 0.463958 0.349862 0.011931 0.007949 0.004824 0.005628 0.022014 0.011503 0.015821 0.424015 1.523888 1.532510 1.553346 0.478261 0.017123 0.013734 1.432137 2.421076 4.405910 4.404754 3.423952 2.433099 0.037301 0.026283 0.017068 0.020088 0.011892 0.013415 0.038546 0.034285
2.925506 2.917868 0.760999 0.002748 0.001579 0.004391 0.008158 0.513966 1.560828 3.630319 4.662466 3.682359 2.670566 0.043783 0.089708 0.158863 0.156989 0.265852 0.189036 0.019041 0.016743 0.014523 0.008211 0.006261 0.010424 0.007822 0.009777 0.018052 0.439203 0.433759 0.013319 0.011246 0.012150 0.005628 0.008791 0.005629 0.023259 0.495240 0.474603 0.532470 0.510539 0.450503 0.017225 0.009916 0.008468 1.425608 2.431048 3.406362 3.404444 2.413460 0.272346 0.016842 0.014033 0.025032 0.025837 0.017144 0.022570 0.029207 0.022573
2.887497 2.866952 1.932400 0.008413 0.005318 0.004556 0.004178 0.135660 0.829538 1.456575 2.531384 1.621376 0.580953 0.040188 0.077080 0.122030 0.216892 0.278243 0.257242 0.110560 0.058739 0.010875 0.012291 0.005139 0.006260 0.010682 0.012422 0.012641 0.409743 0.434344 0.020035 0.012387 0.015904 0.025815 0.005628 0.004824 0.019214 0.505444 0.033703 0.075382 0.071274 0.055973 0.015627 0.018934 0.014145 0.021015 1.393873 3.411851 2.388258 0.272090 0.014819 0.017029 0.019100 0.028868 0.028183 0.018894 0.032754 0.023670 0.027133
2.886676 3.921892 1.904520 0.018630 0.005573 0.005980 0.199748 1.254100 1.134896 1.117021 0.217922 0.157938 0.017964 0.016596 0.027765 0.015297 0.169123 0.178385 0.188428 0.077596 0.112558 0.040608 0.010224 0.007503 0.004852 0.020092 0.013356 0.147750 0.256936 0.018240 0.028809 0.020474 0.010356 0.015527 0.010468 0.026146 0.014877 0.496222 0.005711 0.082096 0.096961 0.020409 0.029169 0.005349 0.005211 0.006656 0.009635 1.365659 2.397816 0.216840 0.017770 0.023387 0.020685 0.029977 0.027493 0.017990 0.015092 0.026288 0.026286
3.950263 3.926649 2.986346 0.912037 0.184406 0.214711 2.293768 2.315553 2.302352 1.210150 1.282592 0.183420 0.030056 0.025571 0.039801 0.015840 0.018418 0.024574 0.046035 0.058321 0.077933 0.072509 0.018141 0.009255 0.004829 0.021794 0.014733 0.301280 0.133561 0.015299 0.021390 0.014651 0.020092 0.014833 0.014018 0.013577 0.095794 0.010635 0.013051 0.021474 0.037564 0.036495 0.009840 0.007536 0.007117 0.007392 0.012161 0.200662 1.139765 1.083481 0.024753 0.003089 0.002352 0.002352 0.021485 0.012658 0.018361 0.013280 0.023412
3.946071 3.941951 2.977396 0.912356 0.230953 0.246603 2.271278 2.255919 2.263914 2.260073 2.287896 1.241616 0.040570 0.031991 0.022257 0.015568 0.015948 0.005633 0.002619 0.108845 0.117339 0.097746 0.014550 0.016837 0.004019 0.059259 0.093231 0.183191 0.138393 0.070845 0.022156 0.018660 0.019961 0.015607 0.028368 0.048358 0.057501 0.009345 0.012595 0.001579 0.057483 0.048534 0.014371 0.007575 0.005756 0.011020 0.009318 0.121661 1.109532 1.129566 0.077796 0.007305 0.011973 0.017101 0.008815 0.022579 0.014724 0.006396 0.006567
3.937361 3.947057 2.981399 0.919078 0.225835 0.235906 2.262005 1.271904 2.193736 2.188181 2.222221 1.216179 0.022021 0.025882 0.020377 0.028176 0.004997 0.002619 0.003358 0.113221 1.136927 1.128750 0.138892 0.010806 0.007429 0.072740 0.098099 0.151946 0.111617 0.101983 0.068927 0.015844 0.021899 0.010235 0.065219 0.035351 0.027551 0.028398 0.014099 0.029128 0.036165 0.006493 0.004962 0.006950 0.008590 0.018350 0.940015 0.911991 1.050117 1.047638 0.988582 0.009901 0.015881 0.012122 0.013494 0.014516 0.038468 0.005289 0.006321
3.923269 4.954716 3.988872 1.942894 0.164907 0.162108 1.090683 1.023157 0.996061 0.287991 1.159958 0.150766 0.039684 0.043017 0.027912 0.042265 0.005336 0.007443 0.006018 2.126863 3.107612 2.089726 0.161478 0.155746 0.006489 0.272585 0.353717 0.514578 0.537834 0.081050 1.088227 0.020745 0.022402 0.035082 0.058402 0.034472 0.026473 0.034676 0.023805 0.023955 0.017422 0.007018 0.004519 0.005046 0.027650 0.820143 1.979398 1.977160 2.007715 1.997289 1.008242 0.033780 0.042946 0.014034 0.020606 0.026133 0.032613 0.003682 0.013104
2.937513 4.921476 4.976722 1.943176 0.013684 0.008574 0.435835 0.531024 0.523071 0.471527 0.308205 0.072597 0.026938 0.059421 0.035373 0.057628 0.080114 0.101840 2.149276 3.147785 3.129661 2.064767 1.183541 1.191440 1.203393 1.078282 0.278757 0.008755 0.021175 0.052043 0.065387 0.043161 0.050433 0.069489 0.072056 0.079670 0.114160 0.043705 0.023009 0.025736 0.018774 0.013386 0.006100 0.006302 0.605830 0.721348 0.914503 0.970001 2.075397 2.031091 2.011880 0.994259 0.971537 0.866519 0.039082 0.053665 0.075188 0.009595 0.010292
