use_cases/Flooding_chicago/flooding_data/output/h_3420.asc
ncols 337
nrows 393
xllcorner 428428.000000
yllcorner 4602440.000000
cellsize 26.757400
NODATA_value -9999.000000
[rows 324 to 350 of 393, columns 0 to 58 of 337]
-9999.000000 -9999.000000 -9999.000000 -9999.000000 -9999.000000 -9999.000000 -9999.000000 -9999.000000 -9999.000000 -9999.000000 -9999.000000 -9999.000000 -9999.000000 -9999.000000 -9999.000000 -9999.000000 -9999.000000 -9999.000000 -9999.000000 -9999.000000 -9999.000000 -9999.000000 -9999.000000 -9999.000000 -9999.000000 0.008316 0.011535 0.013033 0.015807 0.007844 0.008196 0.108989 0.012087 0.008091 0.003540 0.009907 0.006716 0.004994 0.008455 0.023146 1.726513 2.742847 2.744221 2.736511 3.753022 3.761230 3.757279 2.738456 2.737619 3.743828 2.745003 3.745472 3.744977 5.733275 6.742482 5.746919 3.743797 3.742151 3.741378
-9999.000000 -9999.000000 -9999.000000 -9999.000000 -9999.000000 -9999.000000 -9999.000000 -9999.000000 -9999.000000 -9999.000000 -9999.000000 -9999.000000 -9999.000000 -9999.000000 -9999.000000 -9999.000000 -9999.000000 -9999.000000 -9999.000000 -9999.000000 -9999.000000 -9999.000000 -9999.000000 -9999.000000 0.004892 0.006966 0.006929 0.005600 0.014682 0.019064 0.108069 1.160717 0.129748 0.009194 0.008578 0.008799 0.118110 0.008929 0.008488 0.032294 1.720093 2.739866 1.738968 2.734185 2.748366 2.750659 2.746890 2.737863 2.736957 3.737051 4.744416 3.744645 3.741662 3.740382 4.743428 4.746228 3.745982 3.743026 3.748000
-9999.000000 -9999.000000 -9999.000000 -9999.000000 -9999.000000 -9999.000000 -9999.000000 -9999.000000 -9999.000000 -9999.000000 -9999.000000 -9999.000000 -9999.000000 -9999.000000 -9999.000000 -9999.000000 -9999.000000 -9999.000000 -9999.000000 -9999.000000 -9999.000000 -9999.000000 -9999.000000 -9999.000000 0.002206 0.003756 0.003223 0.009051 0.013119 0.022075 1.152800 2.131340 2.165685 2.172917 1.054185 1.062332 2.149073 0.006742 0.001521 0.040943 1.709697 2.728629 1.736233 1.733738 2.746159 2.749949 3.739912 2.737996 2.736328 3.732312 4.734653 3.743526 2.742288 1.731460 1.737493 2.737936 1.736152 1.732258 1.730001
-9999.000000 -9999.000000 -9999.000000 -9999.000000 -9999.000000 -9999.000000 -9999.000000 -9999.000000 -9999.000000 -9999.000000 -9999.000000 -9999.000000 -9999.000000 -9999.000000 -9999.000000 -9999.000000 -9999.000000 -9999.000000 -9999.000000 -9999.000000 -9999.000000 -9999.000000 -9999.000000 -9999.000000 -9999.000000 0.003219 0.003756 0.009753 0.013853 0.019273 1.155321 1.163724 2.166518 2.167996 2.167433 2.170562 2.164729 0.004292 0.001521 0.064887 1.705658 1.729904 1.743282 1.736894 2.745880 3.744282 4.744474 3.744877 3.739428 3.731586 3.742801 2.745915 1.744577 0.741656 0.736711 0.741477 0.009239 0.010661 0.669000
-9999.000000 -9999.000000 -9999.000000 -9999.000000 -9999.000000 -9999.000000 -9999.000000 -9999.000000 -9999.000000 -9999.000000 -9999.000000 -9999.000000 -9999.000000 -9999.000000 -9999.000000 -9999.000000 -9999.000000 -9999.000000 -9999.000000 -9999.000000 -9999.000000 -9999.000000 -9999.000000 -9999.000000 -9999.000000 -9999.000000 0.002206 0.007621 0.004411 0.005305 0.113985 0.162428 1.175824 1.177969 2.203139 2.205267 2.183976 0.136212 0.142676 0.106795 0.707569 0.661988 0.718481 1.735118 2.743688 3.746722 4.742405 3.740128 2.721959 1.741081 2.742367 1.744307 0.744273 0.743657 0.021805 0.034374 0.005476 0.008924 0.008450
-9999.000000 -9999.000000 -9999.000000 -9999.000000 -9999.000000 -9999.000000 -9999.000000 -9999.000000 -9999.000000 -9999.000000 -9999.000000 -9999.000000 -9999.000000 -9999.000000 -9999.000000 -9999.000000 -9999.000000 -9999.000000 -9999.000000 -9999.000000 -9999.000000 -9999.000000 -9999.000000 -9999.000000 -9999.000000 -9999.000000 -9999.000000 -9999.000000 0.003395 0.003759 0.006035 0.145051 0.178432 0.163275 1.194765 1.204085 1.163909 1.157317 0.166313 0.163533 0.002623 0.006311 0.675389 1.736384 1.760446 2.745440 3.755050 2.754506 1.745931 1.745699 2.745695 2.748747 1.748963 0.739391 0.023697 0.039667 0.006907 0.013626 0.016110
-9999.000000 -9999.000000 -9999.000000 -9999.000000 -9999.000000 -9999.000000 -9999.000000 -9999.000000 -9999.000000 -9999.000000 -9999.000000 -9999.000000 -9999.000000 -9999.000000 -9999.000000 -9999.000000 -9999.000000 -9999.000000 -9999.000000 -9999.000000 -9999.000000 -9999.000000 -9999.000000 -9999.000000 -9999.000000 -9999.000000 -9999.000000 -9999.000000 -9999.000000 0.001521 0.004163 0.002785 0.162807 0.001693 0.002148 0.161578 0.149742 1.136437 0.158987 0.162368 0.004912 0.004405 0.725159 0.732120 0.740963 1.751409 2.742040 2.746244 1.741742 2.742736 2.742489 2.745018 2.742440 1.741896 0.717032 0.049981 0.049385 0.012042 0.004462
-9999.000000 -9999.000000 -9999.000000 -9999.000000 -9999.000000 -9999.000000 -9999.000000 -9999.000000 -9999.000000 -9999.000000 -9999.000000 -9999.000000 -9999.000000 -9999.000000 -9999.000000 -9999.000000 -9999.000000 -9999.000000 -9999.000000 -9999.000000 -9999.000000 -9999.000000 -9999.000000 -9999.000000 -9999.000000 -9999.000000 -9999.000000 -9999.000000 -9999.000000 0.001521 0.004646 0.080506 0.132473 0.126954 0.001693 0.125764 1.121880 1.127593 1.140614 0.003740 0.001521 0.006740 0.008768 0.735708 0.747200 1.740708 2.743200 2.744329 2.744507 2.742371 3.741339 2.745228 1.747479 0.740951 0.725522 0.028068 0.009911 0.014805 0.005471
-9999.000000 -9999.000000 -9999.000000 -9999.000000 -9999.000000 -9999.000000 -9999.000000 -9999.000000 -9999.000000 -9999.000000 -9999.000000 -9999.000000 -9999.000000 -9999.000000 -9999.000000 -9999.000000 -9999.000000 -9999.000000 -9999.000000 -9999.000000 -9999.000000 -9999.000000 -9999.000000 -9999.000000 -9999.000000 -9999.000000 -9999.000000 -9999.000000 -9999.000000 0.003380 0.003419 0.089494 0.102849 0.103291 0.096714 0.112619 1.127418 1.117971 0.103139 0.005051 0.001521 0.005811 0.013314 0.011100 0.007422 0.752443 2.724758 2.743236 2.739252 2.741875 3.746852 1.750367 0.735827 0.731149 0.713795 0.700614 0.009536 0.013827 0.005306
-9999.000000 -9999.000000 -9999.000000 -9999.000000 -9999.000000 -9999.000000 -9999.000000 -9999.000000 -9999.000000 -9999.000000 -9999.000000 -9999.000000 -9999.000000 -9999.000000 -9999.000000 -9999.000000 -9999.000000 -9999.000000 -9999.000000 -9999.000000 -9999.000000 -9999.000000 -9999.000000 -9999.000000 -9999.000000 -9999.000000 -9999.000000 -9999.000000 -9999.000000 -9999.000000 0.002885 0.061927 0.569544 0.570977 0.611000 0.072546 0.093334 1.088780 0.071776 0.003956 0.004919 0.004143 0.010922 0.008904 0.005717 0.749389 0.746560 0.744863 0.744143 2.733750 1.735331 1.747878 0.735794 0.731698 0.712355 0.703145 0.019302 0.008384 0.003744
-9999.000000 -9999.000000 -9999.000000 -9999.000000 -9999.000000 -9999.000000 -9999.000000 -9999.000000 -9999.000000 -9999.000000 -9999.000000 -9999.000000 -9999.000000 -9999.000000 -9999.000000 -9999.000000 -9999.000000 -9999.000000 -9999.000000 -9999.000000 -9999.000000 -9999.000000 -9999.000000 -9999.000000 -9999.000000 -9999.000000 -9999.000000 -9999.000000 -9999.000000 -9999.000000 0.270454 1.534582 2.493337 1.356224 0.589789 0.045324 0.055973 1.046986 1.014309 1.026852 0.066101 0.057764 0.805618 0.808316 0.832264 0.815263 0.007497 0.731640 0.731838 1.729114 1.729647 1.740450 0.728275 0.717033 0.683598 0.602506 0.509459 0.543245 0.004287
-9999.000000 -9999.000000 -9999.000000 -9999.000000 -9999.000000 -9999.000000 -9999.000000 -9999.000000 -9999.000000 -9999.000000 -9999.000000 -9999.000000 -9999.000000 -9999.000000 -9999.000000 -9999.000000 -9999.000000 -9999.000000 -9999.000000 -9999.000000 -9999.000000 -9999.000000 -9999.000000 -9999.000000 -9999.000000 -9999.000000 -9999.000000 -9999.000000 -9999.000000 -9999.000000 1.068702 2.523238 2.416718 1.230316 0.759958 0.938468 0.956920 1.026006 1.016233 1.018201 0.090476 0.073457 0.800114 0.804418 0.819684 0.793940 0.011614 0.014412 0.016423 0.740795 1.746608 1.747024 1.758116 0.746422 0.004886 0.469507 0.477185 1.386874 0.344370
-9999.000000 -9999.000000 -9999.000000 -9999.000000 -9999.000000 -9999.000000 -9999.000000 -9999.000000 -9999.000000 -9999.000000 -9999.000000 -9999.000000 -9999.000000 -9999.000000 -9999.000000 -9999.000000 -9999.000000 -9999.000000 -9999.000000 -9999.000000 -9999.000000 -9999.000000 -9999.000000 -9999.000000 -9999.000000 -9999.000000 -9999.000000 -9999.000000 -9999.000000 -9999.000000 0.009850 0.005991 0.464330 0.549528 0.803005 0.940821 0.977202 1.052170 1.008188 0.096934 0.125002 0.112564 0.067372 0.764331 0.744110 0.016676 0.009024 0.002770 0.002746 0.012604 0.670699 1.742808 1.762265 0.750074 0.008099 0.446722 1.445561 1.464831 1.445754
-9999.000000 -9999.000000 -9999.000000 -9999.000000 -9999.000000 -9999.000000 -9999.000000 -9999.000000 -9999.000000 -9999.000000 -9999.000000 -9999.000000 -9999.000000 -9999.000000 -9999.000000 -9999.000000 -9999.000000 -9999.000000 -9999.000000 -9999.000000 -9999.000000 -9999.000000 -9999.000000 -9999.000000 -9999.000000 -9999.000000 -9999.000000 -9999.000000 -9999.000000 -9999.000000 0.001047 0.004954 0.004956 0.016379 0.746490 0.865239 0.855091 0.114853 0.129803 0.151549 0.160409 0.144670 0.085520 0.052275 0.008501 0.009138 0.008528 0.001047 0.002770 0.018006 0.014611 0.745856 0.746614 0.005582 0.006579 0.444502 1.445992 1.472968 2.454381
-9999.000000 -9999.000000 -9999.000000 -9999.000000 -9999.000000 -9999.000000 -9999.000000 -9999.000000 -9999.000000 -9999.000000 -9999.000000 -9999.000000 -9999.000000 -9999.000000 -9999.000000 -9999.000000 -9999.000000 -9999.000000 -9999.000000 -9999.000000 -9999.000000 -9999.000000 -9999.000000 -9999.000000 -9999.000000 -9999.000000 -9999.000000 -9999.000000 -9999.000000 -9999.000000 -9999.000000 0.001521 0.003262 0.005934 0.244812 0.432511 0.255926 0.157596 0.135123 0.142469 0.153582 0.144352 0.005159 0.007697 0.004899 0.018198 0.009063 0.010872 0.006161 0.023852 0.250156 0.005669 0.009717 0.009267 0.005705 0.454800 0.396232 0.462575 1.462650
-9999.000000 -9999.000000 -9999.000000 -9999.000000 -9999.000000 -9999.000000 -9999.000000 -9999.000000 -9999.000000 -9999.000000 -9999.000000 -9999.000000 -9999.000000 -9999.000000 -9999.000000 -9999.000000 -9999.000000 -9999.000000 -9999.000000 -9999.000000 -9999.000000 -9999.000000 -9999.000000 -9999.000000 -9999.000000 -9999.000000 -9999.000000 -9999.000000 -9999.000000 -9999.000000 -9999.000000 0.001521 0.003716 0.002618 0.065239 0.752799 0.125029 0.002770 0.034094 0.061859 0.098613 0.085329 0.003085 0.001521 0.011518 0.006994 0.016984 0.076038 0.077619 0.044834 0.240426 0.244597 0.007289 0.007009 0.032939 0.004180 0.005772 0.005967 0.426699
-9999.000000 -9999.000000 -9999.000000 -9999.000000 -9999.000000 -9999.000000 -9999.000000 -9999.000000 -9999.000000 -9999.000000 -9999.000000 -9999.000000 -9999.000000 -9999.000000 -9999.000000 -9999.000000 -9999.000000 -9999.000000 -9999.000000 -9999.000000 -9999.000000 -9999.000000 -9999.000000 -9999.000000 -9999.000000 -9999.000000 -9999.000000 -9999.000000 -9999.000000 -9999.000000 -9999.000000 0.001978 0.005606 0.250082 1.098629 1.006670 0.210365 0.003269 0.003940 0.070173 0.108624 0.099366 0.003085 0.001521 0.012746 0.009275 0.016830 0.078442 0.099168 0.054013 0.236107 0.242276 0.005412 0.004602 0.656421 0.004806 0.001047 0.010096 0.005973
-9999.000000 -9999.000000 -9999.000000 -9999.000000 -9999.000000 -9999.000000 -9999.000000 -9999.000000 -9999.000000 -9999.000000 -9999.000000 -9999.000000 -9999.000000 -9999.000000 -9999.000000 -9999.000000 -9999.000000 -9999.000000 -9999.000000 -9999.000000 -9999.000000 -9999.000000 -9999.000000 -9999.000000 -9999.000000 -9999.000000 -9999.000000 -9999.000000 -9999.000000 -9999.000000 -9999.000000 0.221053 0.295727 0.281805 1.045213 0.897106 0.233762 0.003885 0.006385 0.003063 0.176588 0.185299 0.227981 0.228515 0.007351 0.009458 0.006018 0.009771 0.004226 0.028791 0.189871 0.227665 0.002760 0.024533 0.681437 0.004137 0.005961 0.007558 0.006151
-9999.000000 -9999.000000 -9999.000000 -9999.000000 -9999.000000 -9999.000000 -9999.000000 -9999.000000 -9999.000000 -9999.000000 -9999.000000 -9999.000000 -9999.000000 -9999.000000 -9999.000000 -9999.000000 -9999.000000 -9999.000000 -9999.000000 -9999.000000 -9999.000000 -9999.000000 -9999.000000 -9999.000000 -9999.000000 -9999.000000 -9999.000000 -9999.000000 -9999.000000 -9999.000000 -9999.000000 1.283611 0.924429 0.399076 0.365962 0.029137 0.319890 0.094752 1.146494 1.135287 0.176463 0.198740 0.224924 0.225682 0.204295 0.006024 0.008148 0.005070 0.020970 0.021498 0.133684 0.145702 0.091002 0.039897 0.681593 0.013156 0.018509 0.021643 0.017846
-9999.000000 -9999.000000 -9999.000000 -9999.000000 -9999.000000 -9999.000000 -9999.000000 -9999.000000 -9999.000000 -9999.000000 -9999.000000 -9999.000000 -9999.000000 -9999.000000 -9999.000000 -9999.000000 -9999.000000 -9999.000000 -9999.000000 -9999.000000 -9999.000000 -9999.000000 -9999.000000 -9999.000000 -9999.000000 -9999.000000 -9999.000000 -9999.000000 -9999.000000 -9999.000000 -9999.000000 1.058465 0.960036 0.525876 0.488547 0.074417 0.114334 1.147679 3.152929 2.112480 0.180202 0.210453 1.255935 1.252454 1.243073 0.194200 0.006626 0.005943 0.005907 0.016702 0.078147 0.774180 0.821401 0.779674 0.727544 0.010288 0.014832 0.011702 -9999.000000
-9999.000000 -9999.000000 -9999.000000 -9999.000000 -9999.000000 -9999.000000 -9999.000000 -9999.000000 -9999.000000 -9999.000000 -9999.000000 -9999.000000 -9999.000000 -9999.000000 -9999.000000 -9999.000000 -9999.000000 -9999.000000 -9999.000000 -9999.000000 -9999.000000 -9999.000000 -9999.000000 -9999.000000 -9999.000000 -9999.000000 -9999.000000 -9999.000000 -9999.000000 0.002397 0.163292 1.174085 1.462170 1.733364 1.626272 0.105998 1.186944 3.127569 4.158147 2.146884 1.126255 0.215543 1.246734 1.241320 1.242464 0.187848 0.005695 0.005492 0.006340 0.003713 0.064949 0.794140 0.833130 0.004554 0.453041 0.004450 -9999.000000 -9999.000000 -9999.000000
-9999.000000 -9999.000000 -9999.000000 -9999.000000 -9999.000000 -9999.000000 -9999.000000 -9999.000000 -9999.000000 -9999.000000 -9999.000000 -9999.000000 -9999.000000 -9999.000000 -9999.000000 -9999.000000 -9999.000000 -9999.000000 -9999.000000 -9999.000000 -9999.000000 -9999.000000 -9999.000000 -9999.000000 -9999.000000 -9999.000000 0.008931 0.003203 0.001047 0.002142 0.002387 0.763552 1.797044 1.807876 1.757558 2.088819 2.079188 2.065013 1.102178 1.021732 0.128145 0.002992 0.159140 0.164907 0.192614 0.189101 0.003813 0.003748 0.037964 0.037104 0.087244 0.071280 0.060788 0.001047 -9999.000000 -9999.000000 -9999.000000 -9999.000000 -9999.000000
-9999.000000 -9999.000000 -9999.000000 -9999.000000 -9999.000000 -9999.000000 -9999.000000 -9999.000000 -9999.000000 -9999.000000 -9999.000000 -9999.000000 -9999.000000 -9999.000000 -9999.000000 -9999.000000 -9999.000000 -9999.000000 -9999.000000 -9999.000000 -9999.000000 -9999.000000 -9999.000000 -9999.000000 0.003006 0.002805 0.008992 0.001047 0.003812 0.203335 0.820733 0.848180 1.731947 1.686517 0.927492 2.130761 2.125879 2.104068 1.076747 0.178877 0.169280 0.006174 0.009353 0.014220 0.021376 0.133376 0.110262 0.064591 0.058834 0.049004 0.089501 0.074998 0.001047 -9999.000000 -9999.000000 -9999.000000 -9999.000000 -9999.000000 -9999.000000
-9999.000000 -9999.000000 -9999.000000 -9999.000000 -9999.000000 -9999.000000 -9999.000000 -9999.000000 -9999.000000 -9999.000000 -9999.000000 -9999.000000 -9999.000000 -9999.000000 -9999.000000 -9999.000000 -9999.000000 -9999.000000 -9999.000000 -9999.000000 -9999.000000 -9999.000000 0.002191 0.001760 0.001047 0.002787 0.007289 0.006240 0.006494 1.279947 0.216038 0.733802 0.658623 0.870121 1.004393 2.141293 2.137796 2.114527 2.154533 1.196326 1.180139 0.005170 0.004726 0.006215 0.046301 0.024449 0.012351 0.044336 0.043387 0.063930 0.037135 -9999.000000 -9999.000000 -9999.000000 -9999.000000 -9999.000000 -9999.000000 -9999.000000 -9999.000000
-9999.000000 -9999.000000 -9999.000000 -9999.000000 -9999.000000 -9999.000000 -9999.000000 -9999.000000 -9999.000000 -9999.000000 -9999.000000 -9999.000000 -9999.000000 -9999.000000 -9999.000000 -9999.000000 -9999.000000 -9999.000000 -9999.000000 -9999.000000 -9999.000000 -9999.000000 0.340303 0.004484 0.007179 0.004838 0.019526 0.011926 0.393825 0.380330 0.350165 0.207289 0.137164 2.052004 2.136826 2.127607 2.105557 1.161734 2.144928 2.176260 1.170967 0.162937 0.002059 0.012196 0.052773 0.003473 0.014033 0.007196 0.006471 0.005446 0.003285 -9999.000000 -9999.000000 -9999.000000 -9999.000000 -9999.000000 -9999.000000 -9999.000000 -9999.000000
-9999.000000 -9999.000000 -9999.000000 -9999.000000 -9999.000000 -9999.000000 -9999.000000 -9999.000000 -9999.000000 -9999.000000 -9999.000000 -9999.000000 -9999.000000 -9999.000000 -9999.000000 -9999.000000 -9999.000000 -9999.000000 -9999.000000 -9999.000000 -9999.000000 0.004658 1.547424 1.549014 1.549523 1.532343 1.531455 1.556783 1.555632 0.480031 0.482573 0.070404 0.069837 0.838451 1.961684 2.065684 1.146018 1.175437 1.184920 2.175946 1.200758 0.146341 0.003328 0.021123 0.012351 0.007484 0.011633 0.006512 0.006514 -9999.000000 -9999.000000 -9999.000000 -9999.000000 -9999.000000 -9999.000000 -9999.000000 -9999.000000 -9999.000000 -9999.000000
-9999.000000 -9999.000000 -9999.000000 -9999.000000 -9999.000000 -9999.000000 -9999.000000 -9999.000000 -9999.000000 -9999.000000 -9999.000000 -9999.000000 -9999.000000 -9999.000000 -9999.000000 -9999.000000 -9999.000000 -9999.000000 -9999.000000 -9999.000000 0.003289 0.006483 1.516017 2.540756 2.539144 2.517155 1.538268 1.550344 1.551106 1.534570 0.525833 0.131546 0.125235 0.192602 1.039297 1.157297 1.187510 1.204472 1.147069 1.163310 1.191471 0.015208 0.005436 0.006464 0.004550 0.005803 -9999.000000 -9999.000000 -9999.000000 -9999.000000 -9999.000000 -9999.000000 -9999.000000 -9999.000000 -9999.000000 -9999.000000 -9999.000000 -9999.000000 -9999.000000
