use_cases/Flooding_chicago/flooding_data/output/h_3480.asc
ncols 337
nrows 393
xllcorner 428428.000000
yllcorner 4602440.000000
cellsize 26.757400
NODATA_value -9999.000000
[rows 324 to 350 of 393, columns 0 to 58 of 337]
-9999.000000 -9999.000000 -9999.000000 -9999.000000 -9999.000000 -9999.000000 -9999.000000 -9999.000000 -9999.000000 -9999.000000 -9999.000000 -9999.000000 -9999.000000 -9999.000000 -9999.000000 -9999.000000 -9999.000000 -9999.000000 -9999.000000 -9999.000000 -9999.000000 -9999.000000 -9999.000000 -9999.000000 -9999.000000 0.006049 0.008430 0.009618 0.011736 0.005830 0.006031 0.084797 0.008982 0.006079 0.002641 0.007336 0.004975 0.003751 0.006305 0.018874 1.706432 2.720345 2.720499 2.713306 3.730422 3.739145 3.733981 2.714476 2.713243 3.719395 2.719880 3.720281 3.719623 5.708869 6.717183 5.720886 3.717842 3.716053 3.714862
-9999.000000 -9999.000000 -9999.000000 -9999.000000 -9999.000000 -9999.000000 -9999.000000 -9999.000000 -9999.000000 -9999.000000 -9999.000000 -9999.000000 -9999.000000 -9999.000000 -9999.000000 -9999.000000 -9999.000000 -9999.000000 -9999.000000 -9999.000000 -9999.000000 -9999.000000 -9999.000000 -9999.000000 0.003564 0.005061 0.005054 0.004116 0.011004 0.014324 0.082532 1.122479 0.099211 0.006980 0.006310 0.006461 0.090592 0.006576 0.006244 0.026466 1.700979 2.717284 1.715652 2.711251 2.725555 2.727302 2.723426 2.713938 2.712777 3.713328 4.719416 3.719810 3.716946 3.715375 4.718379 4.720311 3.720158 3.717095 3.721375
-9999.000000 -9999.000000 -9999.000000 -9999.000000 -9999.000000 -9999.000000 -9999.000000 -9999.000000 -9999.000000 -9999.000000 -9999.000000 -9999.000000 -9999.000000 -9999.000000 -9999.000000 -9999.000000 -9999.000000 -9999.000000 -9999.000000 -9999.000000 -9999.000000 -9999.000000 -9999.000000 -9999.000000 0.001645 0.002748 0.002363 0.006696 0.009891 0.016511 1.112897 2.087974 2.124863 2.129381 1.003958 1.015651 2.108052 0.004936 0.001165 0.033439 1.691197 2.706206 1.712821 1.710795 2.723966 2.726627 3.716224 2.714067 2.712247 3.708807 4.710653 3.718697 2.717135 1.706623 1.712024 2.712016 1.711251 1.707337 1.703978
-9999.000000 -9999.000000 -9999.000000 -9999.000000 -9999.000000 -9999.000000 -9999.000000 -9999.000000 -9999.000000 -9999.000000 -9999.000000 -9999.000000 -9999.000000 -9999.000000 -9999.000000 -9999.000000 -9999.000000 -9999.000000 -9999.000000 -9999.000000 -9999.000000 -9999.000000 -9999.000000 -9999.000000 -9999.000000 0.002362 0.002748 0.007206 0.010429 0.014262 1.115160 1.122403 2.124420 2.124607 2.125053 2.128823 2.121918 0.003156 0.001165 0.052161 1.688898 1.706581 1.719615 1.713797 2.723664 3.719146 4.721010 3.721087 3.715656 3.708236 3.718624 2.721784 1.720197 0.717918 0.713993 0.717758 0.007040 0.008081 0.642221
-9999.000000 -9999.000000 -9999.000000 -9999.000000 -9999.000000 -9999.000000 -9999.000000 -9999.000000 -9999.000000 -9999.000000 -9999.000000 -9999.000000 -9999.000000 -9999.000000 -9999.000000 -9999.000000 -9999.000000 -9999.000000 -9999.000000 -9999.000000 -9999.000000 -9999.000000 -9999.000000 -9999.000000 -9999.000000 -9999.000000 0.001645 0.005588 0.003236 0.003865 0.086852 0.126164 1.129240 1.132963 2.163388 2.163920 2.141417 0.106212 0.113709 0.084809 0.686229 0.637217 0.694328 1.712204 2.721829 3.724106 4.719305 3.716936 2.699569 1.717438 2.718199 1.720293 0.720022 0.719488 0.017278 0.027418 0.004093 0.006642 0.006282
-9999.000000 -9999.000000 -9999.000000 -9999.000000 -9999.000000 -9999.000000 -9999.000000 -9999.000000 -9999.000000 -9999.000000 -9999.000000 -9999.000000 -9999.000000 -9999.000000 -9999.000000 -9999.000000 -9999.000000 -9999.000000 -9999.000000 -9999.000000 -9999.000000 -9999.000000 -9999.000000 -9999.000000 -9999.000000 -9999.000000 -9999.000000 -9999.000000 0.002502 0.002783 0.004355 0.113115 0.141987 0.126346 1.156009 1.165034 1.121795 1.118024 0.131769 0.129676 0.001935 0.004346 0.650626 1.713030 1.738839 2.722882 3.732285 2.731591 1.722218 1.721959 2.720930 2.724467 1.724748 0.717149 0.018809 0.031604 0.005140 0.010146 0.012039
-9999.000000 -9999.000000 -9999.000000 -9999.000000 -9999.000000 -9999.000000 -9999.000000 -9999.000000 -9999.000000 -9999.000000 -9999.000000 -9999.000000 -9999.000000 -9999.000000 -9999.000000 -9999.000000 -9999.000000 -9999.000000 -9999.000000 -9999.000000 -9999.000000 -9999.000000 -9999.000000 -9999.000000 -9999.000000 -9999.000000 -9999.000000 -9999.000000 -9999.000000 0.001165 0.003055 0.002044 0.131214 0.001284 0.001603 0.129373 0.111525 1.096383 0.122942 0.127800 0.003578 0.003222 0.701380 0.709792 0.718585 1.726718 2.718859 2.722481 1.717642 2.717941 2.717979 2.720491 2.718405 1.718210 0.695462 0.039702 0.038752 0.008930 0.003263
-9999.000000 -9999.000000 -9999.000000 -9999.000000 -9999.000000 -9999.000000 -9999.000000 -9999.000000 -9999.000000 -9999.000000 -9999.000000 -9999.000000 -9999.000000 -9999.000000 -9999.000000 -9999.000000 -9999.000000 -9999.000000 -9999.000000 -9999.000000 -9999.000000 -9999.000000 -9999.000000 -9999.000000 -9999.000000 -9999.000000 -9999.000000 -9999.000000 -9999.000000 0.001165 0.003388 0.065341 0.106963 0.102259 0.001284 0.098175 1.077290 1.087849 1.101728 0.002719 0.001165 0.004949 0.006668 0.714573 0.725744 1.719478 2.720437 2.720999 2.720714 2.718516 3.716964 2.721401 1.723622 0.716343 0.703544 0.022205 0.007230 0.010961 0.003985
-9999.000000 -9999.000000 -9999.000000 -9999.000000 -9999.000000 -9999.000000 -9999.000000 -9999.000000 -9999.000000 -9999.000000 -9999.000000 -9999.000000 -9999.000000 -9999.000000 -9999.000000 -9999.000000 -9999.000000 -9999.000000 -9999.000000 -9999.000000 -9999.000000 -9999.000000 -9999.000000 -9999.000000 -9999.000000 -9999.000000 -9999.000000 -9999.000000 -9999.000000 0.002470 0.002495 0.069085 0.079509 0.079434 0.075369 0.083607 1.081715 1.075689 0.073010 0.003634 0.001165 0.004248 0.009892 0.008132 0.005420 0.727339 2.705971 2.720474 2.716103 2.717961 3.723290 1.725789 0.711599 0.706911 0.690300 0.675900 0.006946 0.010224 0.003861
-9999.000000 -9999.000000 -9999.000000 -9999.000000 -9999.000000 -9999.000000 -9999.000000 -9999.000000 -9999.000000 -9999.000000 -9999.000000 -9999.000000 -9999.000000 -9999.000000 -9999.000000 -9999.000000 -9999.000000 -9999.000000 -9999.000000 -9999.000000 -9999.000000 -9999.000000 -9999.000000 -9999.000000 -9999.000000 -9999.000000 -9999.000000 -9999.000000 -9999.000000 -9999.000000 0.002129 0.039909 0.538168 0.534366 0.571199 0.051773 0.061371 1.044502 0.043001 0.002867 0.003587 0.003024 0.008048 0.006535 0.004201 0.724643 0.725050 0.720164 0.719643 2.709898 1.710625 1.722925 0.711035 0.706956 0.688267 0.679421 0.013911 0.006218 0.002738
-9999.000000 -9999.000000 -9999.000000 -9999.000000 -9999.000000 -9999.000000 -9999.000000 -9999.000000 -9999.000000 -9999.000000 -9999.000000 -9999.000000 -9999.000000 -9999.000000 -9999.000000 -9999.000000 -9999.000000 -9999.000000 -9999.000000 -9999.000000 -9999.000000 -9999.000000 -9999.000000 -9999.000000 -9999.000000 -9999.000000 -9999.000000 -9999.000000 -9999.000000 -9999.000000 0.231491 1.473741 2.417357 1.293926 0.547680 0.030772 0.033209 0.998116 0.962985 0.977040 0.040265 0.042212 0.759443 0.752585 0.791161 0.770481 0.005671 0.709359 0.710141 1.704674 1.705506 1.716357 0.704280 0.693458 0.661294 0.581624 0.493463 0.525264 0.003126
-9999.000000 -9999.000000 -9999.000000 -9999.000000 -9999.000000 -9999.000000 -9999.000000 -9999.000000 -9999.000000 -9999.000000 -9999.000000 -9999.000000 -9999.000000 -9999.000000 -9999.000000 -9999.000000 -9999.000000 -9999.000000 -9999.000000 -9999.000000 -9999.000000 -9999.000000 -9999.000000 -9999.000000 -9999.000000 -9999.000000 -9999.000000 -9999.000000 -9999.000000 -9999.000000 1.018472 2.455278 2.358302 1.176214 0.712060 0.884978 0.901062 0.976777 0.966360 0.969916 0.062327 0.057147 0.754824 0.752558 0.774501 0.750787 0.008798 0.011274 0.012867 0.718062 1.722163 1.722263 1.733144 0.722115 0.003671 0.451432 0.458217 1.369296 0.327866
-9999.000000 -9999.000000 -9999.000000 -9999.000000 -9999.000000 -9999.000000 -9999.000000 -9999.000000 -9999.000000 -9999.000000 -9999.000000 -9999.000000 -9999.000000 -9999.000000 -9999.000000 -9999.000000 -9999.000000 -9999.000000 -9999.000000 -9999.000000 -9999.000000 -9999.000000 -9999.000000 -9999.000000 -9999.000000 -9999.000000 -9999.000000 -9999.000000 -9999.000000 -9999.000000 0.008822 0.004881 0.424170 0.512641 0.757553 0.891250 0.925206 1.004347 0.959440 0.069662 0.099910 0.093219 0.056413 0.712529 0.688883 0.014466 0.006699 0.002044 0.002014 0.009414 0.643951 1.717718 1.738092 0.726440 0.006239 0.425232 1.428604 1.446604 1.427384
-9999.000000 -9999.000000 -9999.000000 -9999.000000 -9999.000000 -9999.000000 -9999.000000 -9999.000000 -9999.000000 -9999.000000 -9999.000000 -9999.000000 -9999.000000 -9999.000000 -9999.000000 -9999.000000 -9999.000000 -9999.000000 -9999.000000 -9999.000000 -9999.000000 -9999.000000 -9999.000000 -9999.000000 -9999.000000 -9999.000000 -9999.000000 -9999.000000 -9999.000000 -9999.000000 0.000839 0.003699 0.003598 0.013419 0.711743 0.822536 0.813039 0.090996 0.103369 0.125119 0.135476 0.123703 0.073298 0.045973 0.006359 0.006797 0.006343 0.000839 0.002044 0.013949 0.011843 0.722354 0.722750 0.004098 0.004836 0.420685 1.427979 1.454455 2.435898
-9999.000000 -9999.000000 -9999.000000 -9999.000000 -9999.000000 -9999.000000 -9999.000000 -9999.000000 -9999.000000 -9999.000000 -9999.000000 -9999.000000 -9999.000000 -9999.000000 -9999.000000 -9999.000000 -9999.000000 -9999.000000 -9999.000000 -9999.000000 -9999.000000 -9999.000000 -9999.000000 -9999.000000 -9999.000000 -9999.000000 -9999.000000 -9999.000000 -9999.000000 -9999.000000 -9999.000000 0.001165 0.002392 0.004288 0.219937 0.408034 0.232668 0.140921 0.115778 0.120799 0.131078 0.124009 0.003777 0.005667 0.003647 0.013623 0.006753 0.008072 0.004560 0.018506 0.213414 0.004209 0.007162 0.006818 0.004170 0.430585 0.375468 0.436375 1.443472
-9999.000000 -9999.000000 -9999.000000 -9999.000000 -9999.000000 -9999.000000 -9999.000000 -9999.000000 -9999.000000 -9999.000000 -9999.000000 -9999.000000 -9999.000000 -9999.000000 -9999.000000 -9999.000000 -9999.000000 -9999.000000 -9999.000000 -9999.000000 -9999.000000 -9999.000000 -9999.000000 -9999.000000 -9999.000000 -9999.000000 -9999.000000 -9999.000000 -9999.000000 -9999.000000 -9999.000000 0.001165 0.002728 0.001923 0.034946 0.716489 0.097109 0.002066 0.028973 0.052794 0.083792 0.072589 0.002259 0.001165 0.008558 0.005171 0.012598 0.060057 0.060931 0.034690 0.204354 0.207363 0.005379 0.005175 0.024576 0.002995 0.004025 0.004181 0.397386
-9999.000000 -9999.000000 -9999.000000 -9999.000000 -9999.000000 -9999.000000 -9999.000000 -9999.000000 -9999.000000 -9999.000000 -9999.000000 -9999.000000 -9999.000000 -9999.000000 -9999.000000 -9999.000000 -9999.000000 -9999.000000 -9999.000000 -9999.000000 -9999.000000 -9999.000000 -9999.000000 -9999.000000 -9999.000000 -9999.000000 -9999.000000 -9999.000000 -9999.000000 -9999.000000 -9999.000000 0.001485 0.003831 0.210383 1.033922 0.968067 0.169105 0.002422 0.002904 0.059418 0.091646 0.084306 0.002259 0.001165 0.009480 0.006863 0.012448 0.062041 0.078009 0.041864 0.199923 0.204457 0.003994 0.003403 0.576182 0.003515 0.000839 0.007182 0.004255
-9999.000000 -9999.000000 -9999.000000 -9999.000000 -9999.000000 -9999.000000 -9999.000000 -9999.000000 -9999.000000 -9999.000000 -9999.000000 -9999.000000 -9999.000000 -9999.000000 -9999.000000 -9999.000000 -9999.000000 -9999.000000 -9999.000000 -9999.000000 -9999.000000 -9999.000000 -9999.000000 -9999.000000 -9999.000000 -9999.000000 -9999.000000 -9999.000000 -9999.000000 -9999.000000 -9999.000000 0.196464 0.262241 0.238925 0.994510 0.866038 0.191078 0.002873 0.004712 0.002282 0.148894 0.159139 0.197656 0.198941 0.005454 0.007003 0.004451 0.007201 0.003135 0.022215 0.157990 0.193027 0.002063 0.020283 0.596070 0.003033 0.004349 0.005424 0.004435
-9999.000000 -9999.000000 -9999.000000 -9999.000000 -9999.000000 -9999.000000 -9999.000000 -9999.000000 -9999.000000 -9999.000000 -9999.000000 -9999.000000 -9999.000000 -9999.000000 -9999.000000 -9999.000000 -9999.000000 -9999.000000 -9999.000000 -9999.000000 -9999.000000 -9999.000000 -9999.000000 -9999.000000 -9999.000000 -9999.000000 -9999.000000 -9999.000000 -9999.000000 -9999.000000 -9999.000000 1.243455 0.897483 0.367095 0.329260 0.021445 0.258264 0.065736 1.101032 1.091801 0.144431 0.170160 0.195438 0.196616 0.176327 0.004454 0.006011 0.003744 0.015779 0.016250 0.109420 0.121442 0.075262 0.032459 0.595842 0.009818 0.013865 0.016086 0.013178
-9999.000000 -9999.000000 -9999.000000 -9999.000000 -9999.000000 -9999.000000 -9999.000000 -9999.000000 -9999.000000 -9999.000000 -9999.000000 -9999.000000 -9999.000000 -9999.000000 -9999.000000 -9999.000000 -9999.000000 -9999.000000 -9999.000000 -9999.000000 -9999.000000 -9999.000000 -9999.000000 -9999.000000 -9999.000000 -9999.000000 -9999.000000 -9999.000000 -9999.000000 -9999.000000 -9999.000000 1.022390 0.927924 0.492530 0.454503 0.054490 0.085924 1.101687 3.107502 2.060418 0.144642 0.180194 1.223511 1.220610 1.212737 0.167141 0.004883 0.004379 0.004354 0.012593 0.063070 0.682652 0.718350 0.683077 0.634357 0.007644 0.010986 0.008647 -9999.000000
-9999.000000 -9999.000000 -9999.000000 -9999.000000 -9999.000000 -9999.000000 -9999.000000 -9999.000000 -9999.000000 -9999.000000 -9999.000000 -9999.000000 -9999.000000 -9999.000000 -9999.000000 -9999.000000 -9999.000000 -9999.000000 -9999.000000 -9999.000000 -9999.000000 -9999.000000 -9999.000000 -9999.000000 -9999.000000 -9999.000000 -9999.000000 -9999.000000 -9999.000000 0.001777 0.137329 1.139201 1.423235 1.689893 1.582985 0.074951 1.142655 3.081561 4.113514 2.102813 1.075046 0.185966 1.216247 1.211718 1.212392 0.161845 0.004182 0.004035 0.004681 0.002738 0.052590 0.698330 0.728929 0.002787 0.395280 0.003330 -9999.000000 -9999.000000 -9999.000000
-9999.000000 -9999.000000 -9999.000000 -9999.000000 -9999.000000 -9999.000000 -9999.000000 -9999.000000 -9999.000000 -9999.000000 -9999.000000 -9999.000000 -9999.000000 -9999.000000 -9999.000000 -9999.000000 -9999.000000 -9999.000000 -9999.000000 -9999.000000 -9999.000000 -9999.000000 -9999.000000 -9999.000000 -9999.000000 -9999.000000 0.006393 0.002341 0.000839 0.001618 0.001712 0.718895 1.755521 1.763234 1.713125 2.040936 2.031559 2.018661 1.055023 0.981028 0.093928 0.002252 0.138442 0.143324 0.165635 0.163308 0.002811 0.002766 0.030978 0.030370 0.071183 0.057480 0.048263 0.000839 -9999.000000 -9999.000000 -9999.000000 -9999.000000 -9999.000000
-9999.000000 -9999.000000 -9999.000000 -9999.000000 -9999.000000 -9999.000000 -9999.000000 -9999.000000 -9999.000000 -9999.000000 -9999.000000 -9999.000000 -9999.000000 -9999.000000 -9999.000000 -9999.000000 -9999.000000 -9999.000000 -9999.000000 -9999.000000 -9999.000000 -9999.000000 -9999.000000 -9999.000000 0.002203 0.002056 0.006443 0.000839 0.002815 0.184818 0.777762 0.800001 1.688657 1.641457 0.882485 2.085711 2.081024 2.058724 1.028471 0.141145 0.132138 0.004608 0.007002 0.010662 0.016065 0.112694 0.091636 0.052872 0.048191 0.040186 0.072927 0.060238 0.000839 -9999.000000 -9999.000000 -9999.000000 -9999.000000 -9999.000000 -9999.000000
-9999.000000 -9999.000000 -9999.000000 -9999.000000 -9999.000000 -9999.000000 -9999.000000 -9999.000000 -9999.000000 -9999.000000 -9999.000000 -9999.000000 -9999.000000 -9999.000000 -9999.000000 -9999.000000 -9999.000000 -9999.000000 -9999.000000 -9999.000000 -9999.000000 -9999.000000 0.001627 0.001336 0.000839 0.002056 0.005283 0.004520 0.004656 1.259513 0.198983 0.698265 0.622250 0.829478 0.960229 2.096440 2.092459 2.069340 2.107554 1.150789 1.134377 0.003861 0.003544 0.004595 0.035363 0.018512 0.009276 0.035977 0.035496 0.052070 0.029823 -9999.000000 -9999.000000 -9999.000000 -9999.000000 -9999.000000 -9999.000000 -9999.000000 -9999.000000
-9999.000000 -9999.000000 -9999.000000 -9999.000000 -9999.000000 -9999.000000 -9999.000000 -9999.000000 -9999.000000 -9999.000000 -9999.000000 -9999.000000 -9999.000000 -9999.000000 -9999.000000 -9999.000000 -9999.000000 -9999.000000 -9999.000000 -9999.000000 -9999.000000 -9999.000000 0.305310 0.003322 0.005351 0.003566 0.013106 0.008870 0.359845 0.350121 0.323863 0.185060 0.109405 2.011611 2.089313 2.081526 2.059863 1.116105 2.098516 2.129172 1.124171 0.123110 0.001552 0.009005 0.040369 0.002591 0.010586 0.005401 0.004854 0.004085 0.002452 -9999.000000 -9999.000000 -9999.000000 -9999.000000 -9999.000000 -9999.000000 -9999.000000 -9999.000000
-9999.000000 -9999.000000 -9999.000000 -9999.000000 -9999.000000 -9999.000000 -9999.000000 -9999.000000 -9999.000000 -9999.000000 -9999.000000 -9999.000000 -9999.000000 -9999.000000 -9999.000000 -9999.000000 -9999.000000 -9999.000000 -9999.000000 -9999.000000 -9999.000000 0.003463 1.504907 1.509659 1.509951 1.493915 1.497723 1.518282 1.516021 0.444731 0.450817 0.057193 0.053066 0.816857 1.925584 2.022884 1.101417 1.130578 1.139053 2.130809 1.154626 0.112937 0.002463 0.015640 0.009130 0.005536 0.008703 0.004864 0.004862 -9999.000000 -9999.000000 -9999.000000 -9999.000000 -9999.000000 -9999.000000 -9999.000000 -9999.000000 -9999.000000 -9999.000000
-9999.000000 -9999.000000 -9999.000000 -9999.000000 -9999.000000 -9999.000000 -9999.000000 -9999.000000 -9999.000000 -9999.000000 -9999.000000 -9999.000000 -9999.000000 -9999.000000 -9999.000000 -9999.000000 -9999.000000 -9999.000000 -9999.000000 -9999.000000 0.002480 0.004838 1.483627 2.501766 2.501323 2.481628 1.498877 1.511071 1.512503 1.495201 0.499433 0.106458 0.094667 0.150509 0.991903 1.113156 1.142533 1.158065 1.094025 1.112736 1.142841 0.012021 0.003979 0.004730 0.003376 0.004302 -9999.000000 -9999.000000 -9999.000000 -9999.000000 -9999.000000 -9999.000000 -9999.000000 -9999.000000 -9999.000000 -9999.000000 -9999.000000 -9999.000000 -9999.000000
