use_cases/Flooding_chicago/flooding_data/output/h_3480.asc
ncols 337
nrows 393
xllcorner 428428.000000
yllcorner 4602440.000000
cellsize 26.757400
NODATA_value -9999.000000
[rows 216 to 242 of 393, columns 236 to 294 of 337]
0.091624 0.551886 0.556534 0.537125 0.511722 0.484359 0.455900 0.426545 0.393394 0.313123 0.005089 0.000839 0.004519 0.389361 0.370355 0.177423 0.083452 0.093352 0.586035 0.469231 0.425106 0.265474 0.193169 0.180695 1.003246 1.075272 1.103534 0.090224 0.058342 0.856009 0.823832 0.814986 0.779998 0.633052 1.381873 1.405721 2.376004 1.445770 0.372889 0.197849 0.938724 2.001551 2.018958 2.022146 1.001966 0.040783 0.030158 0.022387 -9999.000000 -9999.000000 -9999.000000 -9999.000000 -9999.000000 -9999.000000 -9999.000000 -9999.000000 -9999.000000 -9999.000000 -9999.000000
0.133272 0.082147 0.057519 0.044333 0.030682 0.475717 0.468295 0.459956 0.443122 0.003249 0.007400 0.009358 0.005920 0.516590 0.517991 0.001944 0.001944 0.042543 0.522993 0.283408 0.152607 0.176837 0.208541 0.145859 0.081668 0.166226 0.002288 0.004066 0.004397 0.003250 0.825304 0.830856 0.824122 0.036497 0.271682 0.277387 1.344949 1.357072 0.387767 0.884779 1.969306 1.968580 1.987779 0.933019 0.029899 0.028491 -9999.000000 -9999.000000 -9999.000000 -9999.000000 -9999.000000 -9999.000000 -9999.000000 -9999.000000 -9999.000000 -9999.000000 -9999.000000 -9999.000000 -9999.000000
0.145455 0.020839 0.027371 0.022648 0.056727 0.472716 0.467423 0.483708 0.476096 0.489561 0.004970 0.007543 0.667581 1.657629 1.677886 0.001944 0.001944 0.089207 0.864097 0.081608 0.129184 0.125806 0.206054 0.168718 0.094374 0.039988 0.765284 0.003453 0.004417 0.003826 0.002080 0.144157 0.158930 0.095874 0.055312 0.025820 0.356950 0.477589 0.424955 0.843678 0.843169 0.849761 0.818802 0.261240 0.001603 0.001283 -9999.000000 -9999.000000 -9999.000000 -9999.000000 -9999.000000 -9999.000000 -9999.000000 -9999.000000 -9999.000000 -9999.000000 -9999.000000 -9999.000000 -9999.000000
0.041821 0.042430 0.048683 0.044167 0.103056 0.065399 0.049344 0.500900 0.501417 0.513552 0.553754 0.607457 1.599386 2.597418 2.609855 0.624604 0.463851 1.127374 1.088207 1.196007 0.084861 0.063270 0.039725 0.095265 0.780121 0.814196 0.744831 0.670539 0.560487 0.525647 0.457813 1.292519 0.305641 0.002927 0.003793 0.002808 0.004013 0.632390 0.687668 0.004132 0.404141 0.436064 0.421602 0.384323 0.001284 -9999.000000 -9999.000000 -9999.000000 -9999.000000 -9999.000000 -9999.000000 -9999.000000 -9999.000000 -9999.000000 -9999.000000 -9999.000000 -9999.000000 -9999.000000 -9999.000000
0.004506 0.048302 0.065125 0.077275 0.063398 0.043843 0.093679 0.053917 0.483152 0.488039 0.024747 0.594583 1.641497 2.571054 1.649637 0.599905 0.429166 0.328603 0.914789 0.063080 0.049442 0.021112 0.054681 0.082623 0.725087 0.786178 0.007119 0.005595 0.495277 0.511308 0.452696 1.263213 1.293916 0.002870 0.003730 0.002760 0.003704 1.807920 0.852767 0.009694 0.485151 0.529683 0.483806 0.305926 -9999.000000 -9999.000000 -9999.000000 -9999.000000 -9999.000000 -9999.000000 -9999.000000 -9999.000000 -9999.000000 -9999.000000 -9999.000000 -9999.000000 -9999.000000 -9999.000000 -9999.000000
0.005817 0.005023 0.003230 0.106241 0.100073 0.081315 0.061014 0.048734 0.044924 0.036161 0.026539 0.064027 1.602063 1.621244 1.664292 0.699894 0.001430 0.399908 0.310455 0.003599 0.025476 0.013411 0.046864 0.047574 0.149490 0.192374 0.005703 0.005153 0.030279 0.039738 0.067866 0.047984 1.192436 1.120773 1.201046 1.065103 1.796291 1.806144 1.872068 1.898178 0.725142 0.684337 0.616351 0.000839 -9999.000000 -9999.000000 -9999.000000 -9999.000000 -9999.000000 -9999.000000 -9999.000000 -9999.000000 -9999.000000 -9999.000000 -9999.000000 -9999.000000 -9999.000000 -9999.000000 -9999.000000
0.129472 0.003162 0.003218 0.125763 0.122153 0.097506 0.087260 0.093361 0.001603 0.001283 0.067455 0.047896 0.075489 0.528358 1.603712 0.718360 0.786805 0.597311 0.006757 0.005725 0.155164 0.132614 0.099088 0.061925 0.085711 0.234605 0.012201 0.004666 0.003188 0.010114 0.124167 0.090116 0.309592 1.032164 1.189380 1.011250 0.807442 0.751164 1.777266 1.834981 1.843222 0.796571 0.006599 -9999.000000 -9999.000000 -9999.000000 -9999.000000 -9999.000000 -9999.000000 -9999.000000 -9999.000000 -9999.000000 -9999.000000 -9999.000000 -9999.000000 -9999.000000 -9999.000000 -9999.000000 -9999.000000
1.153725 1.159096 0.001796 0.142326 0.145156 0.001284 0.001603 0.113382 0.001284 0.100799 0.098636 0.086988 0.053804 0.341635 0.641608 0.652894 0.690451 0.036841 0.014202 0.011071 0.119332 0.126276 0.113488 0.092318 0.161421 0.113179 0.012173 0.010095 0.004654 0.022819 0.190233 0.098439 0.401672 1.037539 1.219537 0.241941 0.145466 0.101338 0.691703 1.827755 1.817852 0.790370 0.000839 -9999.000000 -9999.000000 -9999.000000 -9999.000000 -9999.000000 -9999.000000 -9999.000000 -9999.000000 -9999.000000 -9999.000000 -9999.000000 -9999.000000 -9999.000000 -9999.000000 -9999.000000 -9999.000000
1.156869 1.163109 0.140085 0.144881 0.151781 0.136173 0.001284 0.116543 1.138275 1.143731 0.124284 0.113702 0.084791 0.552161 0.541353 0.319449 0.293944 0.023609 0.027672 0.018095 0.022386 0.014294 0.123630 0.137533 0.094539 0.060826 0.028750 0.013310 0.081312 0.046996 0.275140 0.528221 1.659863 0.520988 0.337168 0.318265 0.010759 0.009662 0.011321 0.714331 1.805931 0.802393 0.007048 -9999.000000 -9999.000000 -9999.000000 -9999.000000 -9999.000000 -9999.000000 -9999.000000 -9999.000000 -9999.000000 -9999.000000 -9999.000000 -9999.000000 -9999.000000 -9999.000000 -9999.000000 -9999.000000
1.145187 1.155811 1.154841 1.138363 1.165068 1.151727 1.151064 1.148035 1.135479 1.129030 1.121142 1.121796 1.098155 0.874858 0.799305 0.036371 0.047303 0.049345 0.041864 0.026096 0.022670 0.027303 0.015697 0.183160 0.137644 0.085107 0.208748 0.159072 0.107303 0.061396 0.390447 0.521217 1.547788 0.599601 0.021536 0.014822 0.017687 0.019319 0.011606 0.030779 0.717395 0.751632 0.002887 -9999.000000 -9999.000000 -9999.000000 -9999.000000 -9999.000000 -9999.000000 -9999.000000 -9999.000000 -9999.000000 -9999.000000 -9999.000000 -9999.000000 -9999.000000 -9999.000000 -9999.000000 -9999.000000
1.150262 1.159177 1.156460 2.139624 2.153616 2.149904 2.156986 1.142095 1.136342 1.128438 2.114182 2.138629 2.157767 0.955278 0.080980 0.074765 0.079167 0.069010 0.053861 0.034637 0.013081 0.029865 0.013993 0.230533 0.152205 0.094793 0.164337 0.126040 0.078680 0.043117 0.552598 0.489150 0.242781 0.188267 0.005636 0.008608 0.008585 0.011169 0.007459 0.011535 0.034098 0.003304 -9999.000000 -9999.000000 -9999.000000 -9999.000000 -9999.000000 -9999.000000 -9999.000000 -9999.000000 -9999.000000 -9999.000000 -9999.000000 -9999.000000 -9999.000000 -9999.000000 -9999.000000 -9999.000000 -9999.000000
0.108519 0.006110 0.104309 1.134648 1.153304 1.146183 1.146703 1.137049 1.128644 1.124370 2.109238 2.120323 2.132601 0.073762 0.068400 0.078677 0.098022 0.082015 0.058816 0.028512 0.038820 0.033188 0.282993 0.332734 0.002498 0.002705 0.003891 0.066792 0.791444 0.857077 0.767149 0.755295 0.008668 0.013704 0.003382 0.004632 0.003463 0.019269 0.012473 0.022419 0.013181 0.007820 -9999.000000 -9999.000000 -9999.000000 -9999.000000 -9999.000000 -9999.000000 -9999.000000 -9999.000000 -9999.000000 -9999.000000 -9999.000000 -9999.000000 -9999.000000 -9999.000000 -9999.000000 -9999.000000 -9999.000000
0.014463 0.015235 0.007912 0.107823 1.047443 0.123040 0.145133 0.216123 0.196123 1.069718 1.030442 1.012728 1.026928 0.003202 0.004091 0.003237 0.128276 0.094004 0.054679 0.073889 0.035115 0.042891 0.019271 0.354008 0.002891 0.003982 0.002082 0.050799 0.035566 0.884464 1.919016 1.929124 0.010342 0.018641 0.004633 0.006412 0.004891 0.023098 0.015060 0.023084 0.013285 0.007039 -9999.000000 -9999.000000 -9999.000000 -9999.000000 -9999.000000 -9999.000000 -9999.000000 -9999.000000 -9999.000000 -9999.000000 -9999.000000 -9999.000000 -9999.000000 -9999.000000 -9999.000000 -9999.000000 -9999.000000
0.005760 0.004102 0.002129 0.071560 0.263436 0.028356 0.010449 1.341927 0.293189 0.267935 0.285268 0.278045 0.276861 0.001944 0.001944 0.004483 0.191137 0.001358 0.032604 0.039317 0.047204 0.034307 0.016788 0.362520 0.377067 0.002073 0.003377 0.038681 0.040829 0.847085 1.880470 1.915011 0.925091 0.013041 0.003467 0.004900 0.004583 0.003630 0.002521 0.011084 -9999.000000 -9999.000000 -9999.000000 -9999.000000 -9999.000000 -9999.000000 -9999.000000 -9999.000000 -9999.000000 -9999.000000 -9999.000000 -9999.000000 -9999.000000 -9999.000000 -9999.000000 -9999.000000 -9999.000000 -9999.000000 -9999.000000
0.003359 0.002913 0.208825 0.161742 0.110932 0.070238 0.289234 1.338671 1.345840 0.312099 0.309423 0.300486 0.300681 0.001944 0.001944 0.004532 0.222645 0.001843 0.000839 0.017829 0.213087 1.351395 1.422400 1.325619 1.154866 0.882628 0.952237 1.013269 0.979370 1.878193 1.934857 1.984736 0.941206 0.942630 0.005715 0.031645 0.004885 0.002489 0.002224 -9999.000000 -9999.000000 -9999.000000 -9999.000000 -9999.000000 -9999.000000 -9999.000000 -9999.000000 -9999.000000 -9999.000000 -9999.000000 -9999.000000 -9999.000000 -9999.000000 -9999.000000 -9999.000000 -9999.000000 -9999.000000 -9999.000000 -9999.000000
0.251742 0.294013 0.241048 0.200060 0.153225 0.092337 1.336510 1.339062 2.356746 2.364186 2.357235 0.312094 0.302296 0.004825 0.004691 0.003431 0.237545 0.239310 0.001336 0.007585 0.247680 1.062199 1.136115 1.055849 0.987043 0.773054 0.835126 1.697402 1.905626 2.929877 1.914121 1.964778 0.884605 0.819618 0.546648 0.623747 0.003526 -9999.000000 -9999.000000 -9999.000000 -9999.000000 -9999.000000 -9999.000000 -9999.000000 -9999.000000 -9999.000000 -9999.000000 -9999.000000 -9999.000000 -9999.000000 -9999.000000 -9999.000000 -9999.000000 -9999.000000 -9999.000000 -9999.000000 -9999.000000 -9999.000000 -9999.000000
1.282995 0.299366 0.253183 0.214159 0.162881 0.082948 1.330601 1.334119 2.328460 2.333882 2.336347 0.259194 0.002529 0.003012 0.191720 0.211307 1.253154 0.224442 0.132910 0.209938 0.419372 0.543370 0.555073 0.501677 0.284606 0.151231 0.131610 1.831843 1.962320 1.957973 0.883317 1.897001 0.860994 0.780621 0.566399 -9999.000000 -9999.000000 -9999.000000 -9999.000000 -9999.000000 -9999.000000 -9999.000000 -9999.000000 -9999.000000 -9999.000000 -9999.000000 -9999.000000 -9999.000000 -9999.000000 -9999.000000 -9999.000000 -9999.000000 -9999.000000 -9999.000000 -9999.000000 -9999.000000 -9999.000000 -9999.000000 -9999.000000
1.287792 0.319172 0.250556 0.213980 0.149634 0.378291 1.297187 1.338593 1.345519 1.360561 0.277123 0.002367 0.003022 0.230482 1.257856 1.264041 2.262387 1.271100 0.159868 0.132604 0.071565 0.520824 0.549826 0.494644 0.251811 0.136173 0.141830 0.057686 0.967172 0.010773 0.014133 0.838274 0.844859 0.752544 0.559759 -9999.000000 -9999.000000 -9999.000000 -9999.000000 -9999.000000 -9999.000000 -9999.000000 -9999.000000 -9999.000000 -9999.000000 -9999.000000 -9999.000000 -9999.000000 -9999.000000 -9999.000000 -9999.000000 -9999.000000 -9999.000000 -9999.000000 -9999.000000 -9999.000000 -9999.000000 -9999.000000 -9999.000000
0.300511 0.374703 0.019725 0.024021 0.017689 0.018194 1.325314 0.299962 0.298907 0.003757 0.004685 0.000839 0.002336 0.237494 1.224412 2.254113 2.255633 1.269490 0.138363 0.057455 0.886056 1.807306 1.887669 0.800777 0.018535 0.007183 0.011523 0.894793 0.944491 1.961642 0.945923 0.922692 0.902640 0.001953 0.001835 -9999.000000 -9999.000000 -9999.000000 -9999.000000 -9999.000000 -9999.000000 -9999.000000 -9999.000000 -9999.000000 -9999.000000 -9999.000000 -9999.000000 -9999.000000 -9999.000000 -9999.000000 -9999.000000 -9999.000000 -9999.000000 -9999.000000 -9999.000000 -9999.000000 -9999.000000 -9999.000000 -9999.000000
0.279486 0.407565 0.038679 0.042822 0.034732 0.018488 0.034682 0.027541 0.024887 0.001165 0.001165 0.002339 0.267736 1.387310 0.281894 0.244054 0.209240 0.160238 0.268985 0.228204 1.811887 2.855075 2.911310 0.870693 0.020271 0.026852 0.024016 0.034543 0.926053 1.960624 1.962583 1.969165 0.004790 0.032644 0.021317 -9999.000000 -9999.000000 -9999.000000 -9999.000000 -9999.000000 -9999.000000 -9999.000000 -9999.000000 -9999.000000 -9999.000000 -9999.000000 -9999.000000 -9999.000000 -9999.000000 -9999.000000 -9999.000000 -9999.000000 -9999.000000 -9999.000000 -9999.000000 -9999.000000 -9999.000000 -9999.000000 -9999.000000
0.067937 0.104091 0.071709 0.059862 0.046790 0.027564 0.051609 0.040586 0.035965 0.029713 0.013626 0.296873 1.367570 1.368969 0.003896 0.004955 0.003583 0.085325 0.174029 1.753977 1.877469 2.756573 1.828000 0.829520 0.015468 0.019443 0.035751 0.029365 0.935520 1.912701 0.947168 0.935152 0.006447 0.028175 0.015788 -9999.000000 -9999.000000 -9999.000000 -9999.000000 -9999.000000 -9999.000000 -9999.000000 -9999.000000 -9999.000000 -9999.000000 -9999.000000 -9999.000000 -9999.000000 -9999.000000 -9999.000000 -9999.000000 -9999.000000 -9999.000000 -9999.000000 -9999.000000 -9999.000000 -9999.000000 -9999.000000 -9999.000000
0.112844 0.180138 0.011232 0.013070 0.009960 0.005464 0.006528 0.033101 0.036547 0.024666 0.356602 1.392558 3.369199 1.396308 0.005994 0.006848 0.004933 0.045616 0.174671 1.738954 1.880039 0.795949 0.025441 0.003016 0.003016 0.014562 0.043593 0.049557 0.033023 0.105303 0.014347 0.006792 0.010191 0.015988 -9999.000000 -9999.000000 -9999.000000 -9999.000000 -9999.000000 -9999.000000 -9999.000000 -9999.000000 -9999.000000 -9999.000000 -9999.000000 -9999.000000 -9999.000000 -9999.000000 -9999.000000 -9999.000000 -9999.000000 -9999.000000 -9999.000000 -9999.000000 -9999.000000 -9999.000000 -9999.000000 -9999.000000 -9999.000000
0.114399 0.160880 0.022455 0.022646 0.015609 0.007176 0.011069 0.027907 0.026626 0.016903 0.389227 1.404619 3.354839 2.406922 1.385756 0.004026 0.003469 0.020223 0.248712 0.872747 0.880602 0.082399 0.009488 0.002404 0.002404 0.007383 0.011468 0.058225 0.059581 0.038013 0.034271 0.001284 0.001620 -9999.000000 -9999.000000 -9999.000000 -9999.000000 -9999.000000 -9999.000000 -9999.000000 -9999.000000 -9999.000000 -9999.000000 -9999.000000 -9999.000000 -9999.000000 -9999.000000 -9999.000000 -9999.000000 -9999.000000 -9999.000000 -9999.000000 -9999.000000 -9999.000000 -9999.000000 -9999.000000 -9999.000000 -9999.000000 -9999.000000
0.061492 0.048939 0.042174 0.030826 0.014467 0.040028 0.017124 0.017470 0.442779 0.470567 1.399625 1.413068 3.363015 2.402704 1.391394 0.258739 0.158383 0.569442 0.454389 0.929669 0.056527 0.069683 0.019790 0.003174 0.003174 0.013512 0.024848 0.059913 0.064609 0.041534 0.001284 0.001603 -9999.000000 -9999.000000 -9999.000000 -9999.000000 -9999.000000 -9999.000000 -9999.000000 -9999.000000 -9999.000000 -9999.000000 -9999.000000 -9999.000000 -9999.000000 -9999.000000 -9999.000000 -9999.000000 -9999.000000 -9999.000000 -9999.000000 -9999.000000 -9999.000000 -9999.000000 -9999.000000 -9999.000000 -9999.000000 -9999.000000 -9999.000000
0.050322 0.027076 0.053158 0.032549 0.071748 0.043027 0.033730 0.436830 0.444544 1.395315 1.401511 1.398132 3.331577 2.391603 1.318575 1.185812 1.044098 0.760996 1.604012 0.590055 0.066975 0.037019 0.029346 0.002404 0.002404 0.021888 0.037399 0.024297 0.009160 -9999.000000 -9999.000000 -9999.000000 -9999.000000 -9999.000000 -9999.000000 -9999.000000 -9999.000000 -9999.000000 -9999.000000 -9999.000000 -9999.000000 -9999.000000 -9999.000000 -9999.000000 -9999.000000 -9999.000000 -9999.000000 -9999.000000 -9999.000000 -9999.000000 -9999.000000 -9999.000000 -9999.000000 -9999.000000 -9999.000000 -9999.000000 -9999.000000 -9999.000000 -9999.000000
0.083253 0.041576 0.016626 0.032693 0.066571 0.039923 0.311105 1.439914 1.456753 2.431354 1.396169 1.406143 2.382532 2.411331 0.330963 0.229749 0.152068 0.089802 0.060850 0.014201 0.018072 0.016066 0.009154 0.073757 0.057071 0.024241 0.021459 0.008033 -9999.000000 -9999.000000 -9999.000000 -9999.000000 -9999.000000 -9999.000000 -9999.000000 -9999.000000 -9999.000000 -9999.000000 -9999.000000 -9999.000000 -9999.000000 -9999.000000 -9999.000000 -9999.000000 -9999.000000 -9999.000000 -9999.000000 -9999.000000 -9999.000000 -9999.000000 -9999.000000 -9999.000000 -9999.000000 -9999.000000 -9999.000000 -9999.000000 -9999.000000 -9999.000000 -9999.000000
0.105234 0.166488 0.110440 0.058636 0.024213 0.221013 1.305406 1.414867 1.425562 1.435606 0.418098 1.380581 2.392946 1.386390 0.011720 0.005249 0.008120 0.010627 0.017265 0.018177 0.015904 0.012800 0.007744 0.007966 0.003329 0.012963 0.005079 -9999.000000 -9999.000000 -9999.000000 -9999.000000 -9999.000000 -9999.000000 -9999.000000 -9999.000000 -9999.000000 -9999.000000 -9999.000000 -9999.000000 -9999.000000 -9999.000000 -9999.000000 -9999.000000 -9999.000000 -9999.000000 -9999.000000 -9999.000000 -9999.000000 -9999.000000 -9999.000000 -9999.000000 -9999.000000 -9999.000000 -9999.000000 -9999.000000 -9999.000000 -9999.000000 -9999.000000 -9999.000000
