use_cases/Flooding_chicago/flooding_data/output/h_3420.asc
ncols 337
nrows 393
xllcorner 428428.000000
yllcorner 4602440.000000
cellsize 26.757400
NODATA_value -9999.000000
[rows 297 to 323 of 393, columns 59 to 117 of 337]
1.794247 1.829192 1.890712 2.860613 2.878694 3.879365 1.884314 1.865058 0.843425 0.073988 0.069517 0.047426 1.753197 0.708290 0.774102 0.776797 0.751422 0.751054 0.765894 0.007068 0.002502 0.002959 0.009333 0.006493 0.097111 0.186183 1.277624 1.297965 1.246171 2.257218 2.283799 1.210399 1.205461 1.197798 2.164756 2.172905 1.150525 1.168112 0.108583 0.007381 0.010617 0.009391 0.051377 0.045352 0.563620 1.622365 1.616072 1.626148 1.616997 1.605114 2.606509 2.610246 2.608377 2.613373 2.607406 1.588492 0.624714 0.624686 0.007357
2.862096 2.862669 3.845612 3.860180 3.856726 2.872393 2.842032 1.874110 0.833163 0.073766 0.071324 0.058983 0.036969 0.024133 0.023946 0.011960 0.730931 0.726065 0.004545 0.010403 0.001791 0.004558 0.115047 1.181744 0.149423 0.072706 0.032553 0.220910 1.238480 2.241626 2.264397 1.196803 1.198568 2.180222 2.176089 2.182909 1.166174 1.180962 0.136282 0.011898 0.016612 0.014582 0.007722 0.026462 0.511792 1.619337 2.627733 1.640180 0.628688 0.625747 1.604390 1.606830 1.617329 2.616013 1.600923 0.623874 0.626292 0.627839 0.631668
1.906609 2.915054 3.923586 3.919282 3.916004 2.906359 1.893465 0.864216 0.016519 0.009438 0.012204 0.011819 0.008320 0.004903 0.021816 0.709439 0.720810 0.716373 0.717236 0.008981 0.008672 0.143546 1.194110 1.189463 1.196927 0.003271 0.003271 0.006743 0.243724 2.256490 2.284683 0.234561 1.153572 2.181307 3.195447 2.178406 2.214475 1.163200 0.007805 0.015512 0.019434 0.001521 0.008145 0.017577 0.516977 1.620407 2.628006 1.639907 0.629657 0.626043 0.623585 0.625585 1.619092 2.618906 1.609581 0.627897 0.626282 0.635296 1.655388
0.854195 1.888337 1.843362 1.843475 1.835829 1.875137 0.862894 0.006217 0.011547 0.017201 0.018750 0.018191 0.001047 0.005239 0.019740 0.012640 0.711959 0.707424 0.718204 0.009550 0.008891 0.171669 1.194406 1.191123 1.199189 0.004346 0.004346 0.012644 0.295157 2.188439 2.291068 0.244606 1.145428 2.175550 3.174990 2.182319 2.195038 0.170189 0.006697 0.011845 0.016698 0.001521 0.007461 0.018576 2.617417 2.625896 2.625639 1.629342 1.626569 0.621733 0.619605 0.621120 0.619134 1.615578 1.614177 0.615985 0.005844 0.636540 1.642974
0.837523 0.835124 1.815859 1.822518 1.808936 0.766714 0.013389 0.006559 0.001047 0.018716 0.017604 0.013450 0.009607 0.005319 0.020998 0.012922 0.691475 0.682833 0.007082 0.012648 0.010236 0.190036 0.195129 1.187476 1.190176 0.003271 0.003271 0.022134 0.395538 1.004523 2.200825 2.218437 2.230119 2.204625 2.200535 2.211093 1.229581 0.197799 0.183015 0.167809 0.008304 0.007132 0.005146 0.021487 2.604115 2.605666 1.615854 0.626397 0.613090 0.619063 0.616030 0.619287 0.617644 1.615429 1.612909 0.614769 0.006646 0.653051 1.660429
0.822864 0.815445 2.608511 3.716078 2.717088 1.676141 0.018193 0.005275 0.008633 0.011534 0.009393 0.022915 0.017442 0.021154 0.017836 0.613798 1.524752 0.634484 0.008939 0.014235 0.012555 0.006497 0.180710 1.181675 2.204429 0.124551 0.077331 0.044961 0.603853 0.583786 1.083141 3.154162 3.257103 3.259127 2.214509 2.236685 1.251223 0.205315 0.171154 0.119285 0.063761 0.034375 0.026742 0.019678 0.435770 0.401025 0.007332 0.002175 0.021348 0.012846 0.009015 0.007024 0.620528 1.617323 1.617676 1.616021 0.629848 1.633820 1.645826
0.773016 1.646110 3.733744 3.763039 2.752699 2.728005 1.723269 0.740064 0.014204 0.018744 0.014654 0.558591 0.538373 0.591846 0.604246 1.560171 2.600450 1.579653 0.508457 0.013940 0.010367 0.005885 0.195954 2.065740 2.196622 1.070495 1.017351 1.970451 2.020807 0.790425 1.078500 3.106835 3.216828 3.216645 3.231585 2.234111 1.227230 0.187774 0.131987 0.469931 0.466971 0.445239 0.012660 0.002620 0.004940 0.006013 0.006610 0.003739 0.022939 0.011462 0.624572 0.617690 1.622137 1.622471 1.614909 1.612429 0.633651 0.636038 0.641233
0.798926 2.708998 3.761736 3.776239 2.757765 2.745249 2.748260 1.748685 0.658429 0.693829 0.709379 1.680202 1.690239 0.621938 0.611271 1.598561 1.631946 1.628579 0.478656 0.432439 0.370084 1.227417 1.286011 2.066128 2.156309 2.094770 2.966505 4.050396 4.123744 2.057400 0.705565 1.000208 1.084533 2.157595 2.194800 1.105328 1.149300 0.147521 0.100527 0.467430 0.473016 0.449638 0.415949 0.004790 0.004298 0.001521 0.001521 0.033767 0.024299 1.620779 1.624924 1.622226 1.623739 0.592540 0.612193 0.617364 0.627942 0.620863 0.003564
1.726068 2.749898 3.761441 3.773996 2.759200 2.752919 2.756425 2.757476 1.774815 0.740300 0.742829 1.722546 0.649667 0.006696 0.001047 0.008400 0.009718 0.452624 1.291049 1.408478 1.376029 2.239542 2.283792 2.102244 2.129232 2.867118 4.023027 4.091521 3.066815 3.110702 1.031392 0.032076 0.015591 0.096360 1.103607 1.030464 1.076224 0.105139 0.073996 0.458512 0.467920 0.415128 0.398325 0.292480 0.005537 0.003085 0.003085 0.033676 0.029983 0.602737 1.613128 0.619889 0.611306 0.560085 0.003233 0.004920 0.634240 0.634345 0.003835
2.742584 2.754721 3.763059 3.772203 2.756841 2.751052 2.768666 1.756224 0.748210 0.725554 0.726902 0.719810 0.013830 0.012811 0.009488 0.008536 0.010189 0.433515 1.284737 1.385880 2.251961 2.233364 2.255900 1.033415 1.049282 2.010703 4.020310 3.062641 2.040331 2.053220 1.046245 0.003271 0.003271 0.004519 0.060434 0.859311 0.934892 0.060456 0.060607 0.029060 0.013026 0.329360 1.348374 1.368990 0.229601 0.198784 0.014810 0.027097 0.028949 0.030487 0.027158 0.001693 0.006318 0.359251 0.307583 0.005589 0.006296 0.007054 0.009673
2.760482 3.748339 3.764326 3.771202 2.751726 2.751173 1.742564 1.749830 0.732223 1.644582 1.691457 0.659403 0.611971 0.606185 0.544785 1.587011 0.575345 0.499308 1.361759 1.419510 1.394040 1.352670 1.274061 0.260119 0.202203 0.949081 2.015876 2.040403 2.033286 2.036607 1.043951 0.004346 0.004346 0.004761 0.497089 0.678479 0.753148 0.042323 0.058562 0.002027 0.010041 0.277103 1.372339 0.317229 0.227348 0.207996 0.011552 0.017258 0.019092 0.020214 0.001693 0.002148 0.004319 0.235223 0.242668 0.004179 0.005425 0.004592 -9999.000000
2.760176 3.748945 3.763117 3.773497 2.741515 3.706758 2.727721 1.719731 1.689720 2.663962 2.715015 1.649184 1.627994 1.630322 2.619437 1.614841 1.648386 0.527440 1.393650 1.446950 1.440273 1.452889 0.358801 0.282344 0.187384 1.006372 1.029922 1.030054 2.032206 2.041152 1.028357 0.003271 0.003271 0.006203 0.439685 0.523645 0.561156 0.022038 0.002042 0.003229 0.002595 0.001842 0.002118 0.145175 -9999.000000 -9999.000000 -9999.000000 -9999.000000 -9999.000000 -9999.000000 -9999.000000 -9999.000000 -9999.000000 -9999.000000 -9999.000000 -9999.000000 -9999.000000 -9999.000000 -9999.000000
2.761830 3.759199 3.778595 3.792404 2.738556 3.717471 3.740074 2.712091 2.715178 3.682849 3.740209 1.656831 2.600402 2.635179 2.650345 1.617184 1.648412 0.538625 1.408990 1.463264 1.464088 1.493899 0.383571 0.273374 0.960446 0.996222 1.019909 1.017913 1.009747 0.987768 0.001047 0.007099 0.005061 -9999.000000 -9999.000000 -9999.000000 -9999.000000 -9999.000000 -9999.000000 -9999.000000 -9999.000000 -9999.000000 -9999.000000 -9999.000000 -9999.000000 -9999.000000 -9999.000000 -9999.000000 -9999.000000 -9999.000000 -9999.000000 -9999.000000 -9999.000000 -9999.000000 -9999.000000 -9999.000000 -9999.000000 -9999.000000 -9999.000000
1.741206 1.747686 1.751205 1.765725 2.720387 4.652271 4.716150 4.708957 4.727033 3.699950 3.745930 1.650367 2.592452 2.627105 3.585471 3.622488 2.621163 1.564148 2.499603 2.581005 1.514446 1.546531 0.413527 0.293201 1.977392 2.001017 1.020090 1.006504 1.006253 0.933369 0.001760 0.085813 0.035378 -9999.000000 -9999.000000 -9999.000000 -9999.000000 -9999.000000 -9999.000000 -9999.000000 -9999.000000 -9999.000000 -9999.000000 -9999.000000 -9999.000000 -9999.000000 -9999.000000 -9999.000000 -9999.000000 -9999.000000 -9999.000000 -9999.000000 -9999.000000 -9999.000000 -9999.000000 -9999.000000 -9999.000000 -9999.000000 -9999.000000
1.752659 1.751396 1.760593 0.744718 1.695876 5.676347 4.725724 4.718739 4.732305 3.691317 3.727870 2.652952 2.628289 2.626889 3.580549 3.615668 3.630244 2.577248 2.517427 2.536825 2.591723 1.536101 0.421640 0.309344 2.007164 2.030505 1.048782 0.038978 0.019954 0.549176 0.305195 0.185742 -9999.000000 -9999.000000 -9999.000000 -9999.000000 -9999.000000 -9999.000000 -9999.000000 -9999.000000 -9999.000000 -9999.000000 -9999.000000 -9999.000000 -9999.000000 -9999.000000 -9999.000000 -9999.000000 -9999.000000 -9999.000000 -9999.000000 -9999.000000 -9999.000000 -9999.000000 -9999.000000 -9999.000000 -9999.000000 -9999.000000 -9999.000000
2.738351 2.730140 1.750285 0.744277 1.714202 5.678578 4.735297 3.713019 3.730707 2.679925 2.689079 2.660530 2.633646 2.628972 2.620538 2.612468 3.603280 2.643682 1.550637 1.512598 1.559961 0.455773 0.390564 0.270204 0.934979 0.917690 0.031983 0.001047 0.009220 0.411609 0.314796 0.173175 -9999.000000 -9999.000000 -9999.000000 -9999.000000 -9999.000000 -9999.000000 -9999.000000 -9999.000000 -9999.000000 -9999.000000 -9999.000000 -9999.000000 -9999.000000 -9999.000000 -9999.000000 -9999.000000 -9999.000000 -9999.000000 -9999.000000 -9999.000000 -9999.000000 -9999.000000 -9999.000000 -9999.000000 -9999.000000 -9999.000000 -9999.000000
4.728362 4.741296 2.723617 2.722330 4.705346 5.715292 4.727760 4.741137 2.701907 2.683444 2.692092 2.662089 2.626972 2.627775 2.624542 2.621653 2.659166 1.626272 1.630550 0.597631 0.608266 0.011895 0.014477 0.006884 0.014214 0.593841 0.479548 0.001722 0.190697 0.293671 0.199380 -9999.000000 -9999.000000 -9999.000000 -9999.000000 -9999.000000 -9999.000000 -9999.000000 -9999.000000 -9999.000000 -9999.000000 -9999.000000 -9999.000000 -9999.000000 -9999.000000 -9999.000000 -9999.000000 -9999.000000 -9999.000000 -9999.000000 -9999.000000 -9999.000000 -9999.000000 -9999.000000 -9999.000000 -9999.000000 -9999.000000 -9999.000000 -9999.000000
4.733662 4.739172 4.743887 3.735281 5.713073 4.717643 3.734666 4.727499 3.736496 2.708084 2.735009 1.727358 0.623696 0.582162 0.550824 1.534926 1.538020 0.551733 1.574955 1.589949 0.560061 0.024768 0.026430 0.002287 0.003939 0.481866 0.408307 0.209620 0.172488 0.179482 -9999.000000 -9999.000000 -9999.000000 -9999.000000 -9999.000000 -9999.000000 -9999.000000 -9999.000000 -9999.000000 -9999.000000 -9999.000000 -9999.000000 -9999.000000 -9999.000000 -9999.000000 -9999.000000 -9999.000000 -9999.000000 -9999.000000 -9999.000000 -9999.000000 -9999.000000 -9999.000000 -9999.000000 -9999.000000 -9999.000000 -9999.000000 -9999.000000 -9999.000000
4.738777 4.739461 4.747024 3.734396 4.724406 2.728376 2.732793 3.733515 2.727068 2.709958 2.738696 1.732358 0.610417 0.543253 0.487781 0.452477 1.404891 1.432283 0.542815 1.592674 0.478091 0.016398 0.004046 0.001521 0.004865 0.437587 0.355135 0.332180 -9999.000000 -9999.000000 -9999.000000 -9999.000000 -9999.000000 -9999.000000 -9999.000000 -9999.000000 -9999.000000 -9999.000000 -9999.000000 -9999.000000 -9999.000000 -9999.000000 -9999.000000 -9999.000000 -9999.000000 -9999.000000 -9999.000000 -9999.000000 -9999.000000 -9999.000000 -9999.000000 -9999.000000 -9999.000000 -9999.000000 -9999.000000 -9999.000000 -9999.000000 -9999.000000 -9999.000000
4.741795 4.746176 3.742051 3.745841 2.728951 2.739685 1.730723 1.727520 1.725305 2.685852 2.730931 1.715862 0.586773 0.463631 1.281625 1.230660 2.193852 1.445411 0.487907 0.007708 0.014635 0.019006 0.004724 0.001521 0.004244 0.002813 0.164895 0.216154 -9999.000000 -9999.000000 -9999.000000 -9999.000000 -9999.000000 -9999.000000 -9999.000000 -9999.000000 -9999.000000 -9999.000000 -9999.000000 -9999.000000 -9999.000000 -9999.000000 -9999.000000 -9999.000000 -9999.000000 -9999.000000 -9999.000000 -9999.000000 -9999.000000 -9999.000000 -9999.000000 -9999.000000 -9999.000000 -9999.000000 -9999.000000 -9999.000000 -9999.000000 -9999.000000 -9999.000000
4.742572 4.745012 3.743437 3.744888 2.732729 2.737528 1.743398 0.723506 0.723476 1.715677 0.726808 0.009573 0.007822 0.300221 1.330146 1.243979 2.285334 0.003249 0.004085 0.006712 0.001841 0.002606 0.003260 -9999.000000 -9999.000000 -9999.000000 -9999.000000 -9999.000000 -9999.000000 -9999.000000 -9999.000000 -9999.000000 -9999.000000 -9999.000000 -9999.000000 -9999.000000 -9999.000000 -9999.000000 -9999.000000 -9999.000000 -9999.000000 -9999.000000 -9999.000000 -9999.000000 -9999.000000 -9999.000000 -9999.000000 -9999.000000 -9999.000000 -9999.000000 -9999.000000 -9999.000000 -9999.000000 -9999.000000 -9999.000000 -9999.000000 -9999.000000 -9999.000000 -9999.000000
6.746359 5.744144 5.745379 4.748994 2.727440 2.730886 1.741926 0.717366 0.716590 0.684104 0.720605 0.001521 0.003085 0.195139 0.179071 0.910817 0.881558 0.001047 -9999.000000 -9999.000000 -9999.000000 -9999.000000 -9999.000000 -9999.000000 -9999.000000 -9999.000000 -9999.000000 -9999.000000 -9999.000000 -9999.000000 -9999.000000 -9999.000000 -9999.000000 -9999.000000 -9999.000000 -9999.000000 -9999.000000 -9999.000000 -9999.000000 -9999.000000 -9999.000000 -9999.000000 -9999.000000 -9999.000000 -9999.000000 -9999.000000 -9999.000000 -9999.000000 -9999.000000 -9999.000000 -9999.000000 -9999.000000 -9999.000000 -9999.000000 -9999.000000 -9999.000000 -9999.000000 -9999.000000 -9999.000000
7.746578 6.749029 6.749015 6.758476 1.729336 1.723221 1.731351 1.719514 1.726599 0.616661 0.001972 0.001521 0.003085 0.092496 0.144133 -9999.000000 -9999.000000 -9999.000000 -9999.000000 -9999.000000 -9999.000000 -9999.000000 -9999.000000 -9999.000000 -9999.000000 -9999.000000 -9999.000000 -9999.000000 -9999.000000 -9999.000000 -9999.000000 -9999.000000 -9999.000000 -9999.000000 -9999.000000 -9999.000000 -9999.000000 -9999.000000 -9999.000000 -9999.000000 -9999.000000 -9999.000000 -9999.000000 -9999.000000 -9999.000000 -9999.000000 -9999.000000 -9999.000000 -9999.000000 -9999.000000 -9999.000000 -9999.000000 -9999.000000 -9999.000000 -9999.000000 -9999.000000 -9999.000000 -9999.000000 -9999.000000
5.748085 6.747279 6.750221 6.758270 1.741286 0.732355 0.006801 0.676991 0.688290 0.539722 0.427703 0.003658 0.004212 -9999.000000 -9999.000000 -9999.000000 -9999.000000 -9999.000000 -9999.000000 -9999.000000 -9999.000000 -9999.000000 -9999.000000 -9999.000000 -9999.000000 -9999.000000 -9999.000000 -9999.000000 -9999.000000 -9999.000000 -9999.000000 -9999.000000 -9999.000000 -9999.000000 -9999.000000 -9999.000000 -9999.000000 -9999.000000 -9999.000000 -9999.000000 -9999.000000 -9999.000000 -9999.000000 -9999.000000 -9999.000000 -9999.000000 -9999.000000 -9999.000000 -9999.000000 -9999.000000 -9999.000000 -9999.000000 -9999.000000 -9999.000000 -9999.000000 -9999.000000 -9999.000000 -9999.000000 -9999.000000
3.744136 4.744917 5.746370 3.746833 1.731857 0.015980 0.001521 0.023058 0.014024 0.338497 0.252191 -9999.000000 -9999.000000 -9999.000000 -9999.000000 -9999.000000 -9999.000000 -9999.000000 -9999.000000 -9999.000000 -9999.000000 -9999.000000 -9999.000000 -9999.000000 -9999.000000 -9999.000000 -9999.000000 -9999.000000 -9999.000000 -9999.000000 -9999.000000 -9999.000000 -9999.000000 -9999.000000 -9999.000000 -9999.000000 -9999.000000 -9999.000000 -9999.000000 -9999.000000 -9999.000000 -9999.000000 -9999.000000 -9999.000000 -9999.000000 -9999.000000 -9999.000000 -9999.000000 -9999.000000 -9999.000000 -9999.000000 -9999.000000 -9999.000000 -9999.000000 -9999.000000 -9999.000000 -9999.000000 -9999.000000 -9999.000000
2.741584 2.741517 2.741961 1.734154 0.008746 0.017816 0.001521 0.010543 0.091469 0.178579 -9999.000000 -9999.000000 -9999.000000 -9999.000000 -9999.000000 -9999.000000 -9999.000000 -9999.000000 -9999.000000 -9999.000000 -9999.000000 -9999.000000 -9999.000000 -9999.000000 -9999.000000 -9999.000000 -9999.000000 -9999.000000 -9999.000000 -9999.000000 -9999.000000 -9999.000000 -9999.000000 -9999.000000 -9999.000000 -9999.000000 -9999.000000 -9999.000000 -9999.000000 -9999.000000 -9999.000000 -9999.000000 -9999.000000 -9999.000000 -9999.000000 -9999.000000 -9999.000000 -9999.000000 -9999.000000 -9999.000000 -9999.000000 -9999.000000 -9999.000000 -9999.000000 -9999.000000 -9999.000000 -9999.000000 -9999.000000 -9999.000000
2.743323 1.745008 1.745036 1.740754 0.733601 0.018923 0.013032 0.027342 0.038398 -9999.000000 -9999.000000 -9999.000000 -9999.000000 -9999.000000 -9999.000000 -9999.000000 -9999.000000 -9999.000000 -9999.000000 -9999.000000 -9999.000000 -9999.000000 -9999.000000 -9999.000000 -9999.000000 -9999.000000 -9999.000000 -9999.000000 -9999.000000 -9999.000000 -9999.000000 -9999.000000 -9999.000000 -9999.000000 -9999.000000 -9999.000000 -9999.000000 -9999.000000 -9999.000000 -9999.000000 -9999.000000 -9999.000000 -9999.000000 -9999.000000 -9999.000000 -9999.000000 -9999.000000 -9999.000000 -9999.000000 -9999.000000 -9999.000000 -9999.000000 -9999.000000 -9999.000000 -9999.000000 -9999.000000 -9999.000000 -9999.000000 -9999.000000
