use_cases/Flooding_chicago/flooding_data/output/h_3420.asc
ncols 337
nrows 393
xllcorner 428428.000000
yllcorner 4602440.000000
cellsize 26.757400
NODATA_value -9999.000000
[rows 81 to 107 of 393, columns 236 to 294 of 337]
6.134563 6.150004 4.134266 3.169137 0.089191 0.007438 0.005951 0.009345 0.011607 0.013533 0.003675 0.003159 0.012307 0.011498 0.024575 0.022355 0.019077 0.004231 0.003509 0.009255 0.873007 0.944295 1.031200 0.181212 0.136223 0.144076 0.097057 0.091108 0.047269 0.003500 0.051397 1.061971 2.045834 2.817767 2.991163 3.040976 4.396734 5.477688 5.411844 4.109357 3.259081 1.129626 0.299973 0.260108 0.128118 0.104845 0.118085 0.130603 0.166371 0.178370 1.206050 2.038405 1.916743 1.787873 1.538499 0.643636 0.330966 0.192364 0.095188
4.130941 4.144273 3.131001 2.116381 1.072192 0.062444 0.004033 0.001878 0.002729 0.003579 0.005706 0.003675 0.010272 0.011731 0.018279 0.015530 0.012105 0.002458 0.001777 0.012503 1.082252 1.198487 1.277334 0.274470 0.184042 0.110423 0.067558 0.142316 0.018179 0.005922 0.035188 1.154979 2.104420 2.083464 3.196272 4.334298 6.488813 6.429572 6.439459 6.425436 5.518458 4.569011 1.516880 0.430571 0.002290 0.003122 0.130462 0.138245 0.178629 1.240819 2.270706 3.205870 3.232930 2.066109 1.034657 0.989398 0.026659 0.015308 0.008912
2.074699 2.078810 2.081334 2.099300 1.102623 0.066976 0.008090 0.005595 0.010088 0.012861 0.003614 0.033787 0.018349 0.023116 0.010468 0.005494 0.003522 0.002836 0.005234 0.546142 2.508395 2.640949 2.654041 1.428581 1.235568 1.124554 1.173660 0.116758 0.056428 0.134478 0.058307 1.087542 2.027542 3.196554 4.320844 5.384171 7.426877 7.439163 7.450844 8.528924 8.606057 6.583734 3.570304 1.560077 0.535866 0.005340 0.004838 0.003439 0.191210 1.230874 3.282198 4.275475 4.302283 2.149778 2.251410 0.995874 0.051172 0.007781 0.007841
2.046770 2.045634 2.950570 2.962308 2.921481 1.978765 2.008932 0.020627 0.008754 0.012864 0.002897 0.002482 0.012580 0.015241 0.039420 0.037631 0.026801 0.699214 0.725288 2.645314 3.640329 3.751734 2.612750 1.263105 1.716913 1.941736 0.887075 0.558516 0.395690 0.230832 0.354111 0.283315 1.061074 2.217917 4.297424 7.423605 6.421966 7.420337 8.449795 9.463692 9.465987 7.478709 3.472131 1.528112 1.525471 0.003726 0.004588 0.003376 0.226215 1.197431 3.233191 4.254069 4.283879 4.345818 3.356063 0.199948 0.008038 0.014617 0.002842
1.995934 2.994654 4.014117 4.022678 4.988953 4.006662 3.040479 1.042167 0.028598 0.026213 0.004241 0.001785 0.007275 0.010552 0.028157 0.657631 1.813279 2.807706 2.833837 3.693894 4.706550 4.809111 3.764312 1.206402 1.734461 1.909559 0.667408 0.779519 0.686225 0.533423 0.442040 0.369940 1.050607 3.242321 5.306304 7.330907 6.411296 7.346407 8.331844 9.360121 8.396116 6.378503 2.515303 1.500492 1.488760 1.466989 1.447231 1.422787 1.383436 3.254418 3.292754 4.205477 4.241139 4.258282 3.308205 0.208271 0.003751 0.002632 0.002632
2.989560 4.026312 4.050226 5.000677 6.008423 6.015046 4.041364 2.031433 2.033249 2.040795 0.019960 0.004670 0.008178 0.006265 0.036540 1.732025 1.800235 2.740253 4.728287 4.776278 5.736575 4.769963 3.654939 0.434140 0.640482 1.231037 1.663279 1.945344 1.781258 2.023037 2.292354 2.383022 3.299261 4.322464 5.313194 6.355668 6.415984 6.409879 6.418985 7.362429 6.451255 5.538373 2.530557 1.495684 1.466452 2.382584 2.424110 2.410832 2.401664 3.228422 4.316711 3.295115 3.236769 3.155327 2.353943 0.245577 0.003751 0.002632 0.002632
3.030361 4.044890 3.036977 5.041007 6.023717 6.029199 5.035099 4.019695 4.022088 4.051232 2.020114 0.811273 0.806194 0.869082 1.807203 2.784540 2.855424 2.822540 4.751904 4.804723 5.736412 4.913144 0.661746 0.488023 0.676722 1.060981 1.822278 2.053437 1.870626 2.051139 3.322831 5.399472 4.461725 4.391579 5.252162 5.317186 5.404789 5.434520 5.393697 5.383830 5.409469 5.526080 2.515913 2.555502 2.486572 3.414553 3.438855 3.424381 3.417485 3.344301 3.343495 3.352141 2.234215 1.300916 2.309514 0.288992 0.006799 0.006374 0.004563
4.040240 3.038048 3.035754 3.029764 4.976789 6.009784 5.032587 4.010309 4.008753 4.991689 3.987017 3.992954 3.987082 4.017304 2.906837 2.829406 3.791464 3.867688 4.748402 5.815743 5.783919 4.949784 1.685002 1.466564 1.023469 1.103783 1.202062 1.190673 1.018387 1.835298 4.256346 5.420759 5.538868 4.495223 3.415935 3.453184 4.425743 5.441786 4.483694 4.502997 4.521831 5.535424 3.512072 3.489897 3.468177 4.431242 4.445166 4.437413 5.448935 4.412179 4.428965 3.411170 1.324471 1.259730 1.330696 0.300425 0.003302 0.045640 0.024207
5.020115 4.045081 3.034462 3.026444 4.984357 6.011281 6.036188 5.017039 5.016922 5.011491 5.004297 5.004288 4.997762 5.021155 3.991192 2.837772 3.740548 3.832301 4.726909 5.771158 6.767529 6.948952 3.748156 2.373511 2.002633 2.016744 2.278372 2.218982 2.015323 1.916283 3.112917 4.351990 4.522114 4.550583 3.472370 3.488687 4.463020 4.480058 4.506502 4.513815 5.553675 5.315378 2.309550 2.345064 3.386560 4.406984 4.423472 5.404038 7.420005 6.449422 4.405385 3.419357 1.395232 0.325015 1.280331 0.314070 0.323355 0.001770 0.021565
5.022415 5.026888 5.045939 3.017150 3.993699 5.004563 6.009524 6.019083 6.014414 6.011788 6.009093 6.007851 6.021323 5.014626 3.994712 2.865139 2.836307 3.746796 4.734420 5.720486 6.535258 5.844916 3.574283 3.444725 1.942158 1.816936 2.924629 3.302552 2.037410 1.671317 1.611344 2.178515 3.447206 4.441150 4.517260 3.492500 4.474111 4.479550 5.520110 5.591725 5.502048 2.522119 1.498799 1.489815 2.344101 4.373966 5.412261 6.415573 7.428022 6.406981 5.447826 3.445637 1.426903 0.357969 0.298199 0.315927 0.002704 0.002425 0.014872
5.023457 6.032948 5.054367 3.019567 3.025228 4.991963 5.025247 6.005046 5.003843 5.988221 6.003040 6.018115 5.015613 3.987177 4.007621 2.889124 3.831183 3.831650 4.722908 4.801375 4.747371 4.864682 2.751481 1.325420 1.029873 0.676767 0.761430 2.013007 2.120981 0.710334 0.514004 0.428635 2.431887 3.398592 4.425220 3.417263 3.417944 4.415095 4.415793 5.384467 5.290245 3.707734 1.561595 2.574189 3.348839 5.385028 6.420141 7.435937 6.470809 5.444963 4.441698 3.423692 2.486430 0.421390 0.003204 0.004209 0.003107 0.017042 0.010150
4.000030 5.026037 6.046995 4.016662 4.031805 4.034532 5.026334 4.011858 4.022139 4.991969 5.010298 5.023561 3.995548 3.990782 3.981741 3.949443 4.883542 3.863186 3.830386 4.787050 3.819266 3.823853 2.814861 0.460439 0.272314 0.206907 0.011408 0.007790 0.016079 0.012883 0.007972 0.034049 1.247168 2.384448 3.413587 3.390399 3.393817 3.372555 3.403847 3.446686 4.280386 3.588964 3.825786 3.650075 5.244929 6.408291 7.418024 7.453865 6.502002 4.453512 3.445649 2.396009 2.412541 2.412097 0.003150 0.004011 0.017884 0.011148 0.022311
3.035183 4.006212 5.034520 6.014967 5.042536 5.060633 4.053429 3.032226 3.997068 4.992601 5.010956 5.004537 5.013080 5.017382 5.044948 3.942999 3.906662 3.886737 3.865968 3.851430 3.874992 2.891975 1.805388 0.040803 0.013817 0.027181 0.017177 0.002861 0.008948 0.009148 0.006193 0.005574 0.006219 0.013398 0.010628 2.395300 3.371643 3.387191 3.371154 3.451438 3.475441 3.558232 3.623638 3.537435 5.138760 6.352707 7.388514 7.424064 6.464501 4.425358 3.417461 2.382305 2.392730 2.412702 0.280069 0.002298 0.009963 0.015442 0.488902
2.024045 2.052047 4.007495 6.025042 6.043995 5.052053 4.051150 3.034313 4.003624 5.995121 6.032468 5.003136 5.008761 6.017071 5.028416 3.947055 3.908427 3.853499 3.841458 3.863207 3.885085 2.913638 0.014679 0.004523 0.002457 0.022761 0.027964 0.003363 0.003001 0.006366 0.004447 0.001047 0.003788 0.004700 0.006098 0.195483 1.145923 1.284893 2.193290 3.246474 3.427370 3.512103 3.560868 3.491292 4.190701 5.306576 5.372967 5.416080 4.410548 4.412265 3.371836 3.352757 3.390331 2.248580 0.703885 0.401424 0.478980 1.599635 1.672199
1.079177 2.037123 2.062914 5.005075 6.044751 6.063489 6.076707 5.089568 4.035670 5.990095 6.018590 7.020714 6.030972 7.022771 6.075093 3.959781 3.914343 2.879903 2.800178 3.760160 3.817007 1.866183 0.003922 0.003083 0.003415 0.013714 0.014161 0.004668 0.003320 0.004818 0.014700 0.003152 0.003955 0.002279 0.004181 0.005881 0.005505 0.219583 1.386901 2.455384 3.462485 3.511925 3.512263 3.396741 4.089459 4.216193 3.336605 2.382902 1.240877 2.325133 2.347806 2.366063 1.246988 1.998637 1.284198 1.176453 2.456411 3.616333 1.723264
1.085492 1.080856 2.027575 4.997604 5.046176 6.038720 6.052536 5.054497 5.059733 5.998168 6.015337 6.998114 7.028266 7.016952 6.026663 5.027807 2.924639 2.886038 1.862056 1.767916 1.811455 0.794705 0.003606 0.003504 0.001047 0.008825 0.007336 0.001047 0.004053 0.006126 0.029433 0.024528 0.005806 0.004230 0.005624 0.001760 0.003553 0.005137 1.437967 3.805775 4.854854 3.644681 3.497060 3.063909 1.921576 0.144294 0.008282 0.014604 0.007522 0.202153 1.268840 1.268752 0.205799 0.003780 1.039674 2.185116 3.667689 2.770554 1.841295
1.081914 1.080625 1.075038 4.998771 5.032630 5.031610 5.018374 5.014350 6.017280 7.002646 6.012367 6.009036 7.008435 6.027749 5.000050 3.958320 2.962020 1.910626 1.865029 0.885347 0.889702 0.012968 0.008872 0.007309 0.005200 0.001047 0.005047 0.004205 0.006177 0.083520 2.124825 2.150543 1.069537 0.056422 0.008934 0.001047 0.001711 0.002020 1.485489 4.917332 6.008037 4.859745 3.572773 1.561869 0.215986 0.001739 0.001047 0.016321 0.003495 0.004877 0.012009 0.014152 0.006366 0.006436 0.172211 2.412441 2.662379 1.559880 0.459299
1.068733 1.073310 1.068310 5.015795 4.040755 4.043364 3.024419 3.063262 4.865810 5.969875 6.000707 6.008931 6.026730 6.028211 4.051145 3.012361 3.958203 2.998161 0.924114 0.872405 0.913180 0.956881 0.007517 0.008299 0.004507 0.003990 0.009612 0.008157 0.121233 1.183374 2.170411 3.176732 2.168000 1.058781 0.007079 0.002130 0.004758 0.099107 3.858823 5.991238 6.935620 3.626593 2.418383 1.813115 1.388448 0.270973 0.010202 0.004515 0.004731 0.002926 0.002815 0.004217 0.006724 0.005274 0.006511 0.276567 1.429574 1.246997 0.958908
1.042099 1.048589 1.051418 2.994564 3.003274 3.014129 2.065450 3.055326 3.073139 3.944748 5.008122 6.016973 6.038104 6.042594 4.059115 3.018424 2.989041 1.997990 0.989418 0.004203 0.917135 0.926270 0.012411 0.010195 0.004581 0.003945 0.008839 0.014058 1.173378 1.173202 2.142278 3.165642 3.172248 2.154388 0.005681 0.001922 0.004261 0.734913 3.444804 5.641902 5.470321 3.014519 2.115807 2.067270 1.359982 0.318802 0.012039 0.004744 0.004148 0.003438 0.001047 0.001760 0.005805 0.004914 0.009654 0.005243 0.241982 0.973152 0.997362
0.144127 0.083010 0.054071 0.043726 1.072567 2.071975 2.075764 3.046050 3.062046 2.973780 3.984967 5.994359 6.017735 6.004778 4.050667 3.009524 2.976607 1.960297 0.922579 0.933711 1.913314 1.980773 0.946867 0.917428 0.004558 0.038608 1.048070 2.216202 2.172050 2.154135 2.150334 3.163419 3.176604 2.152867 0.002842 0.006188 0.035180 0.849492 1.901027 3.975924 4.137363 3.223450 2.300895 2.256365 1.418472 0.443339 0.016739 0.014780 0.007192 0.004360 0.004657 0.003666 0.020161 0.010797 0.008813 0.137769 0.813498 1.021793 0.981886
0.204902 0.001760 0.001047 0.004018 1.089748 2.099841 3.150823 4.128540 4.163725 1.840863 1.891711 2.945251 4.949490 4.859326 4.033587 2.992139 2.910372 0.909027 0.017354 0.919669 1.897354 2.956026 2.972638 1.919169 0.666096 0.993802 3.118225 4.238270 3.184856 3.172302 3.163810 3.180169 3.198515 2.179398 0.097974 0.604600 1.449467 2.350433 2.287790 4.113595 4.335677 3.414650 2.467547 2.476729 2.625331 1.616346 0.668895 0.624507 0.015631 0.017335 0.008735 0.258468 1.326074 0.245921 0.405845 0.257545 0.776426 2.027803 0.972869
0.257011 0.269347 0.003544 0.003949 1.096231 3.170651 4.194324 5.195038 4.188600 0.199135 0.192021 0.994344 2.971333 3.067503 4.069863 3.082789 0.826755 0.005064 0.001760 0.006215 0.763029 3.941830 2.941816 0.811637 0.664282 0.964691 3.116478 4.199215 3.156220 3.158432 3.146859 3.182074 2.128397 2.080203 2.011736 1.939442 3.592685 3.665761 3.594141 4.179934 4.345326 3.378686 3.654331 3.671296 3.706409 2.685642 2.720690 1.724205 0.701952 0.562623 0.408798 1.390024 2.354166 1.417011 0.217598 0.144333 0.094731 0.711609 0.767785
2.288189 2.327926 1.242684 1.255885 2.146248 3.152141 4.135658 5.134841 4.190877 0.238211 0.235641 1.007344 2.071774 3.068902 4.086944 3.067993 0.091565 0.003745 0.001047 0.006620 0.006893 2.943014 1.851617 0.144288 0.080198 0.142256 2.064489 3.136525 2.130170 2.141565 3.142320 2.152712 2.162238 1.047386 2.730660 2.961791 4.638848 4.774800 4.802909 3.569155 3.609805 2.584347 3.618824 4.695030 4.730628 3.693049 3.730384 1.741862 0.639823 0.016166 1.369084 2.379665 3.348111 1.396588 0.296032 0.011627 0.024427 0.013098 0.017151
3.253497 4.285979 4.343514 2.260812 2.194763 3.143067 3.132283 4.129806 4.173078 1.293661 1.313736 2.187059 3.211427 4.180664 4.186213 2.201570 0.161545 0.005903 0.011831 0.010948 0.005972 0.969955 1.850446 1.173367 0.135849 0.095117 0.200564 1.036264 1.090918 1.130746 2.115096 2.170347 1.121980 1.071482 2.611808 3.731580 4.575172 5.758009 4.777949 4.828542 3.662225 3.735444 4.635324 4.640673 4.673802 4.679517 2.736386 0.010084 0.002713 0.010257 0.262583 1.059182 2.184142 0.212423 0.174321 0.026249 0.019168 0.009161 0.011786
4.263980 5.292428 5.333040 3.277082 3.250636 3.190538 2.184005 3.052294 3.063590 2.245328 2.278476 3.215942 4.230366 5.209371 5.263339 2.163808 0.205222 0.218090 0.008954 0.010118 0.005691 0.181543 1.079624 1.186333 0.195493 0.175691 0.132499 0.933748 0.062841 0.117401 0.996364 2.059483 2.150927 3.090785 2.958807 2.699462 3.244761 4.598748 5.786859 5.888662 3.679306 3.601386 3.595199 3.615653 3.655162 2.652807 0.560716 0.005379 0.002839 0.012513 0.043974 0.011792 0.012020 0.004598 0.016647 0.023811 0.019687 0.014075 0.008623
3.244534 5.283561 5.314940 4.305838 3.269674 2.220064 2.212618 2.225931 1.211022 2.225697 2.258920 4.188806 4.203139 5.134900 5.211127 1.067232 0.179904 0.005695 0.006310 0.005812 0.007946 2.288670 1.202613 1.225815 1.276701 1.260341 1.256679 1.205229 0.161533 0.088743 0.932145 1.894257 2.083415 3.058022 3.205296 2.012950 1.876370 3.330096 5.619168 5.850630 3.669205 2.520346 2.375139 2.520885 2.623643 2.584752 0.046338 0.003701 0.004015 0.013402 0.030297 0.011468 0.007343 0.007063 0.004760 0.010746 0.014836 0.021211 0.003997
2.281171 5.285537 6.317568 5.328371 3.271644 3.296107 2.234444 2.230632 2.275683 2.256613 3.285875 4.172594 5.210686 4.164243 4.203633 0.266582 0.235900 0.004417 0.003070 0.007011 0.180306 3.261256 2.300454 1.229473 1.244727 1.237877 2.207414 2.285949 1.165242 0.989855 1.341047 1.304380 1.917871 3.108860 3.342979 2.110507 1.925321 2.232187 3.390033 5.636772 2.769332 1.446432 0.732116 1.630136 2.661019 2.628696 0.056664 0.002632 0.002632 0.016290 0.016900 0.015254 0.007196 0.004085 0.003288 0.006702 0.013714 0.015255 0.002793
