use_cases/Flooding_chicago/flooding_data/output/h_3420.asc
ncols 337
nrows 393
xllcorner 428428.000000
yllcorner 4602440.000000
cellsize 26.757400
NODATA_value -9999.000000
[rows 162 to 188 of 393, columns 118 to 176 of 337]
1.334644 0.206714 0.007327 0.006332 0.246743 1.188006 1.225841 2.193663 1.199889 0.003141 0.188876 0.179235 1.955330 4.057380 7.064331 7.150540 7.092061 6.989895 6.023542 5.095518 5.136624 4.138861 3.034343 2.920172 2.760056 2.536963 2.446664 2.387219 2.269054 2.279234 2.394495 1.292168 2.190296 4.234275 4.199394 4.220122 3.277035 0.896474 0.050113 0.061338 0.024948 0.011032 0.004444 0.002097 0.006056 0.007327 0.019934 0.044479 0.093976 0.057144 0.010055 0.012287 0.004984 0.008950 0.012131 0.269208 0.127646 0.019050 0.018369
1.400688 0.008691 0.015499 0.012336 0.312836 1.150394 1.211152 2.147614 0.285384 0.007173 0.230629 1.074757 3.093963 4.111963 7.066326 7.175998 6.064545 3.956623 1.938670 0.835354 0.077944 0.010567 0.018741 0.045489 0.050500 0.073219 0.081811 0.261875 0.204986 0.175496 0.024545 0.150340 1.059477 4.155186 4.115180 2.049911 0.014663 0.019340 0.031325 0.068795 0.030294 0.010690 0.003173 0.001760 0.003687 0.007471 0.031795 0.053918 0.063383 0.010783 0.010771 0.013402 0.008471 0.009239 0.011486 0.243948 0.242834 0.014380 0.014997
1.500869 0.601068 0.613281 0.586101 0.475548 0.394330 0.353432 1.253897 1.391734 1.435799 1.389568 2.129396 3.124445 4.153188 7.124764 7.260135 5.299654 2.099099 0.060464 0.004233 0.003085 0.003085 0.014636 0.022820 0.031223 0.063716 0.125221 0.160759 0.153836 0.076852 0.036127 0.030801 0.017905 0.350589 0.172291 0.043906 0.004769 0.003775 0.002275 0.101782 0.039581 0.014708 0.003022 0.001047 0.001760 0.013966 0.039900 0.053056 0.038843 0.009960 0.008289 0.009874 0.008118 0.012050 0.011350 0.257745 0.246965 0.016809 0.019525
2.603006 2.635067 2.653958 2.649807 1.620836 0.481514 0.413684 1.146594 2.324650 3.396456 3.439026 4.285284 5.336112 5.337001 7.165676 8.251938 6.406318 1.223168 0.002194 0.001977 0.001521 0.001521 0.023148 0.005927 0.004823 0.062368 0.120045 0.199011 0.199463 0.085700 0.034477 0.025008 0.011850 0.239193 0.215663 0.077102 0.001966 0.001693 0.002148 0.057654 0.052954 0.035077 0.028635 0.014217 0.015040 0.020213 0.050696 0.042594 0.023962 0.012750 0.003720 0.008040 0.008968 0.018753 0.010868 0.318042 0.287296 0.022711 0.015337
3.595031 5.608246 5.656315 4.633464 3.622756 2.593866 1.469404 2.218716 3.325823 4.335087 5.316497 5.344776 6.197543 7.320854 7.297678 6.243751 4.217502 2.294052 0.188220 0.075258 0.050253 0.056702 0.010209 0.008741 0.003751 0.003751 0.142943 0.238358 0.257203 0.004758 0.004398 0.007877 0.008047 0.222471 0.311695 0.168789 0.006160 0.004121 0.001693 0.082294 0.028501 0.047613 0.030825 0.012908 0.014397 0.011917 0.041662 0.023410 0.030450 0.013958 0.005423 0.008504 0.014298 0.023892 0.436807 0.251496 0.168736 0.016397 0.017315
4.553182 6.542488 6.600695 6.595410 6.632108 4.565063 3.489562 3.400115 4.357407 4.390245 4.387459 5.292038 5.316695 7.196014 7.152583 4.027164 1.123119 0.151974 0.071562 0.041908 0.008779 0.016380 0.019678 0.004188 0.002632 0.002632 0.004481 0.380874 0.385377 0.007957 0.003534 0.003685 0.009664 0.170085 0.272127 0.336922 0.332299 0.028586 0.044621 0.072102 0.017602 0.022975 0.034547 0.007759 0.010721 0.005051 0.020828 0.026530 0.036957 0.022329 0.012447 0.008274 0.017251 0.025945 0.461287 0.095891 0.017994 0.013025 0.010476
4.569459 5.563092 6.583026 7.554307 7.598971 6.584422 5.567617 4.452146 4.419315 4.419683 4.419585 5.338750 5.372972 7.166221 4.350617 1.341734 0.043973 0.072766 0.124896 0.090794 0.009918 0.006682 0.009161 0.005211 0.002632 0.002632 0.006057 1.507296 1.510741 0.010344 0.004913 0.005384 0.008621 0.018910 0.377169 0.411042 0.390107 0.068908 0.037320 0.018730 0.018835 0.014233 0.017063 0.007412 0.005386 0.008152 0.011395 0.007772 0.022932 0.017302 0.017490 0.012829 0.013944 0.013021 0.134005 0.172436 0.034272 0.017347 0.007843
5.592249 6.582445 6.607663 7.558216 7.579278 7.559446 7.614350 5.494327 5.493032 6.479701 6.530347 7.488379 7.582590 5.412726 3.531821 1.526505 0.486991 0.069302 0.103963 1.194584 0.007263 0.006577 0.011819 0.003278 0.151628 0.002498 0.506345 1.481524 1.494163 0.007933 0.004147 0.006001 0.015187 0.039319 0.342234 0.379831 0.364080 0.096248 0.053350 0.037294 0.031451 0.024741 0.015759 0.012333 0.003340 0.002084 0.010680 0.006952 0.017927 0.011630 0.007306 0.012547 0.010602 0.014318 0.100287 0.137455 0.035775 0.010586 0.007237
5.586532 9.546581 9.675941 8.587109 9.549007 9.562698 9.613769 7.520828 7.548189 6.464882 7.282204 8.289091 7.496013 4.357573 3.384390 1.398671 0.353354 0.157420 0.120421 1.186143 1.177111 0.008183 0.007281 0.002057 0.096241 0.051774 0.497996 1.464298 1.469801 0.360504 0.018956 0.005603 0.018931 0.056903 0.082693 0.097796 0.100672 0.107546 0.079867 0.055252 0.046993 0.039901 0.030672 0.019022 0.003154 0.001769 0.009723 0.006592 0.018459 0.002085 0.008224 0.006396 0.009632 0.030767 0.101502 0.142142 0.086072 0.008166 0.007682
8.516754 10.539700 10.606106 9.549169 9.539978 9.555693 9.593684 8.562701 7.541485 6.479082 6.477906 6.471779 5.507172 3.441097 0.289057 0.016663 0.032134 0.044530 0.101838 0.148568 2.189830 0.099470 0.029212 0.021722 0.005441 0.046173 0.487876 0.481409 0.386243 0.011930 0.008689 0.005234 0.015633 0.013774 0.076445 0.095413 0.076393 0.041925 0.079309 0.063166 0.054315 0.050987 0.044425 0.035277 0.020994 0.002409 0.002563 0.002564 0.002408 0.001785 0.004990 0.003079 0.006203 0.034957 0.055891 0.219170 0.026534 0.009770 0.003856
8.452178 9.522884 8.580838 7.565109 5.523059 6.524150 7.549754 7.568352 6.548604 5.504852 5.514898 5.526645 4.545989 1.176724 0.004565 0.004820 0.007511 0.008424 0.006322 0.003055 2.182427 0.962594 0.011969 0.008441 0.010196 0.007941 0.489108 0.472247 0.036837 0.010427 0.008735 0.010190 0.016626 0.015534 0.096255 0.111153 0.012637 0.019903 0.019293 0.029627 0.019204 0.025836 0.028106 0.049553 0.029536 0.027665 0.005650 0.009660 0.015213 0.014311 0.007066 0.017392 0.071581 0.058254 0.075380 0.072115 0.059969 0.011792 0.004557
8.495871 7.616806 5.612651 2.535651 1.509346 2.498070 5.471497 5.528937 4.507295 3.468695 4.446745 5.459565 4.469362 0.262738 0.003526 0.002271 0.003922 0.003922 0.002271 0.169995 1.168108 0.107495 0.013002 0.015690 0.005858 0.010677 0.095842 0.101243 0.053563 0.013246 0.010502 0.012104 0.014006 0.021290 0.055833 0.049254 0.017942 0.013875 0.013446 0.019605 0.021761 0.014692 0.014238 0.025720 0.020312 0.037991 0.043690 0.049032 0.010339 0.010051 0.021268 0.025231 0.026120 0.028550 0.015890 0.062439 0.059111 0.012882 0.007148
6.636240 5.630606 2.675279 0.007414 0.004341 1.509673 2.557196 1.465161 1.449337 1.405132 2.258724 3.276128 2.339537 0.274784 0.009736 0.005667 0.003100 0.003100 0.011967 1.223459 0.129238 0.019986 0.016729 0.008726 0.010888 0.005895 0.076776 0.103586 0.085553 0.010558 0.020869 0.025476 0.016643 0.018564 0.039803 0.029314 0.010380 0.009425 0.018072 0.019147 0.008717 0.015887 0.008478 0.016270 0.029718 0.046071 0.056365 0.060562 0.007537 0.007442 0.017774 0.040043 0.029585 0.016107 0.008625 0.010560 0.025589 0.005559 0.068869
5.623774 3.613180 1.635080 0.616844 0.611498 2.592011 3.601153 0.591521 0.016254 0.616913 0.601821 0.605773 1.582077 0.419780 0.007049 0.006455 0.005792 0.009763 0.015192 0.134411 0.043573 0.015770 0.013378 0.013427 0.006545 0.002271 0.006503 0.087672 0.179772 0.012533 0.026619 0.037592 0.014583 0.019292 0.037507 0.023530 0.008004 0.007946 0.013754 0.003668 0.005407 0.006288 0.008565 0.012318 0.017120 0.001047 0.045846 0.042185 0.004597 0.004564 0.022984 0.018755 0.004773 0.005235 0.005424 0.009645 0.014288 0.009048 0.102443
4.593183 2.555942 1.580643 0.607117 0.607897 2.544681 2.527121 0.614520 0.697186 0.646415 0.620808 1.651054 1.616477 0.541033 0.019796 0.016403 0.019175 0.023352 0.027730 0.023404 0.047661 0.015898 0.009621 0.009808 0.004932 0.002118 0.006433 0.005874 0.286650 0.374056 0.021234 0.041860 0.027286 0.041886 0.030188 0.005917 0.005176 0.001521 0.021432 0.003510 0.004892 0.004181 0.021347 0.023240 0.027376 0.008841 0.019661 0.044243 0.027329 0.009831 0.018283 0.020627 0.007888 0.001047 0.009897 0.010729 0.010003 0.008636 0.067703
2.472857 1.642418 0.635131 0.023044 0.027096 0.645425 1.628981 0.640229 1.746299 1.737827 2.675769 3.697695 3.699700 2.722490 1.672618 0.418725 0.024088 0.015148 0.008035 0.006774 0.053716 0.031469 0.017078 0.004668 0.008051 0.001842 0.004504 0.008526 0.267633 0.389501 0.024426 0.031817 0.036196 0.057317 0.047609 0.009735 0.007202 0.001521 0.014637 0.012892 0.011246 0.006710 0.021442 0.020359 0.017440 0.272971 0.011568 0.160515 0.974369 0.018816 0.017885 0.018543 0.012481 0.019847 0.013614 0.019255 0.011831 0.012737 0.046879
1.698744 1.691036 0.673343 0.035995 0.040999 0.631395 1.661815 1.646197 1.700296 2.726159 3.666964 5.689614 4.673101 2.699900 1.678846 0.499096 0.021580 0.012736 0.012203 0.016749 0.033693 0.056580 0.028817 0.032360 0.009230 0.002595 0.006908 0.010764 0.006338 0.374330 0.349080 0.045144 0.028553 0.046977 0.044128 0.013644 0.006415 0.004106 0.018496 0.014247 0.009615 0.366341 0.359639 1.396532 1.410160 1.373818 1.314520 2.317512 3.298112 2.337533 1.366320 0.011043 0.012822 0.003568 0.016164 0.018593 0.032612 0.050574 0.053314
1.741752 1.734256 0.702020 0.025808 0.025626 0.011852 1.641947 1.630332 2.724676 3.707876 4.654211 5.680065 4.674660 2.662980 1.661726 0.074957 0.009188 0.014607 0.016271 0.009606 0.007929 0.018723 0.028262 0.009270 0.013087 0.003229 0.002027 0.007683 0.304446 1.443365 0.350756 0.028486 0.006349 0.008798 0.011967 0.007767 0.007249 0.011274 0.350709 0.362241 1.447602 1.477032 1.459126 1.414635 0.326380 1.348623 2.337089 3.337517 4.323230 4.344378 2.337824 0.032489 0.014225 0.007845 0.007591 0.009419 0.010817 0.018324 0.020838
1.789787 1.782528 0.708088 0.003687 0.001760 0.005133 0.473248 1.620198 2.655868 4.680593 5.641227 4.673904 3.670298 0.528591 0.556145 0.145885 0.151153 0.010862 0.017382 0.011994 0.011274 0.010617 0.006894 0.007943 0.005178 0.002042 0.004905 0.005834 1.411737 0.408423 0.299221 0.008101 0.005326 0.003165 0.003691 0.015040 0.007792 0.009895 0.366912 1.450763 1.458760 1.477478 0.388511 0.007756 0.007230 1.365024 2.356709 4.345136 4.339712 3.357352 2.364158 0.027091 0.018827 0.012237 0.014458 0.008518 0.009661 0.028690 0.025050
2.943756 2.932805 0.776555 0.001760 0.001047 0.002815 0.004991 0.506184 1.551409 3.614579 4.641807 3.663367 2.652161 0.033979 0.070442 0.127305 0.124187 0.212746 0.148606 0.013555 0.011943 0.010469 0.005532 0.004132 0.006882 0.005206 0.006577 0.011933 0.387626 0.382157 0.009182 0.007668 0.008233 0.003691 0.005757 0.003691 0.013835 0.432876 0.412253 0.473706 0.443404 0.377289 0.011095 0.006772 0.005757 1.359844 2.367703 3.343762 3.342332 2.349741 0.226775 0.012116 0.010095 0.018163 0.018814 0.012374 0.016366 0.021448 0.016162
2.905985 2.881602 1.948784 0.005447 0.003457 0.002928 0.002663 0.111073 0.800043 1.443535 2.528783 1.612800 0.565021 0.030373 0.059380 0.097025 0.175168 0.226353 0.206412 0.085454 0.044793 0.007653 0.008452 0.003394 0.004131 0.007112 0.008447 0.008307 0.362253 0.379239 0.014018 0.008504 0.010888 0.017877 0.003691 0.003165 0.011116 0.452746 0.020973 0.044586 0.044329 0.036579 0.010858 0.013058 0.009652 0.013570 1.322040 3.353771 2.340802 0.235351 0.010569 0.012211 0.013802 0.021086 0.020631 0.013678 0.023939 0.017277 0.019432
2.904341 3.938292 1.921733 0.013646 0.003575 0.003848 0.162201 1.207740 1.095250 1.081136 0.182016 0.130394 0.013160 0.012045 0.020195 0.011053 0.134014 0.142770 0.150816 0.059648 0.086513 0.029986 0.006840 0.004944 0.003212 0.013750 0.009125 0.127311 0.228558 0.012701 0.020370 0.014239 0.007096 0.010656 0.007189 0.018197 0.009849 0.448831 0.004020 0.057055 0.068934 0.014450 0.020568 0.003504 0.003418 0.004366 0.006133 1.291125 2.350093 0.188676 0.012659 0.016739 0.014963 0.021961 0.020065 0.012970 0.010834 0.019194 0.018812
3.966688 3.943616 3.004882 0.946446 0.155197 0.180686 2.248701 2.268274 2.257690 1.169913 1.241124 0.152347 0.022295 0.018903 0.029512 0.011407 0.013298 0.018589 0.035421 0.043630 0.058264 0.053708 0.012109 0.006072 0.003209 0.014886 0.009971 0.261932 0.116877 0.010655 0.015144 0.010278 0.014368 0.010353 0.009867 0.009398 0.071559 0.007460 0.009232 0.015281 0.026918 0.026353 0.006494 0.004941 0.004669 0.004851 0.007883 0.160411 1.084478 1.045068 0.019640 0.001977 0.001521 0.001521 0.015464 0.009032 0.013202 0.009370 0.016562
3.961777 3.958380 2.995665 0.942919 0.199768 0.211974 2.227793 2.213524 2.220871 2.217454 2.246492 1.200991 0.030455 0.024394 0.016457 0.011252 0.011019 0.003589 0.001693 0.081514 0.086731 0.070333 0.009621 0.011328 0.002644 0.049514 0.080962 0.159542 0.120068 0.059538 0.015778 0.013667 0.014608 0.011214 0.020445 0.035701 0.042825 0.006536 0.009040 0.001047 0.041275 0.035078 0.009471 0.004970 0.003787 0.007352 0.006125 0.095995 1.057979 1.089201 0.057245 0.004913 0.008264 0.011948 0.006282 0.016237 0.010482 0.004503 0.004483
3.953959 3.963690 2.998938 0.947895 0.195045 0.201407 2.218726 1.227602 2.153817 2.152092 2.183637 1.180622 0.016906 0.019891 0.015432 0.021566 0.003220 0.001693 0.002148 0.080213 1.092481 1.081174 0.102191 0.007144 0.004989 0.060250 0.082984 0.127659 0.095455 0.085117 0.055891 0.011554 0.015959 0.007181 0.048842 0.026278 0.020139 0.020909 0.010131 0.021218 0.026272 0.004233 0.003243 0.004535 0.005658 0.012789 0.908205 0.883183 1.007056 1.007931 0.954569 0.006807 0.011172 0.008353 0.009480 0.010254 0.027705 0.003671 0.004248
3.938725 4.972451 4.005064 1.970202 0.138952 0.131715 1.046777 0.984316 0.952502 0.259884 1.113680 0.125644 0.030991 0.033638 0.021641 0.033199 0.003443 0.004795 0.003870 2.080836 3.062090 2.044053 0.119644 0.114051 0.004363 0.227972 0.304533 0.445586 0.462280 0.066194 1.070916 0.015128 0.016231 0.026140 0.043968 0.025271 0.019206 0.025335 0.017357 0.017626 0.012675 0.004579 0.002945 0.003283 0.019633 0.779291 1.942856 1.938833 1.965964 1.957745 0.965011 0.022932 0.029841 0.009763 0.014788 0.018863 0.023438 0.002466 0.008698
2.955171 4.938081 4.993392 1.968030 0.009564 0.005786 0.404412 0.505184 0.499398 0.448573 0.292209 0.066961 0.020844 0.046855 0.027577 0.045095 0.061937 0.075581 2.100417 3.100034 3.084103 2.025634 1.129180 1.135620 1.146889 1.022757 0.234174 0.006788 0.016660 0.041387 0.051880 0.033349 0.038019 0.052246 0.053619 0.059030 0.085056 0.032026 0.016836 0.018825 0.013718 0.008978 0.003962 0.004096 0.568747 0.686339 0.876403 0.919358 2.026037 1.987861 1.971306 0.947396 0.925099 0.822037 0.023262 0.036074 0.053773 0.006390 0.006812
