use_cases/Flooding_chicago/flooding_data/output/h_3480.asc
ncols 337
nrows 393
xllcorner 428428.000000
yllcorner 4602440.000000
cellsize 26.757400
NODATA_value -9999.000000
[rows 189 to 215 of 393, columns 59 to 117 of 337]
0.008503 0.114973 0.006618 0.006002 0.021129 0.013510 0.040307 0.252937 1.383606 0.364561 0.006777 0.005771 0.007580 2.307144 2.316052 2.308745 2.337203 3.281801 3.258227 3.268609 2.233733 1.289107 0.219013 1.220976 1.247133 2.200873 2.215455 2.240082 1.214263 1.210201 2.180535 1.216861 0.002113 2.163084 4.169020 4.167259 4.168440 4.164096 4.159972 6.136553 7.160212 8.187354 7.181085 7.197330 7.176523 7.125963 8.116116 8.147108 6.141707 4.106017 3.063237 3.058263 3.957565 4.996148 6.012427 6.038977 5.030555 4.048934 1.975072
0.176459 0.049871 0.045366 0.002707 0.019632 0.014864 0.007086 0.006283 0.270576 0.308448 0.003531 0.009202 0.226609 2.295487 3.308731 3.316453 3.306807 3.331771 4.293711 4.314408 3.289799 2.273105 2.282462 2.255881 2.257838 3.230143 2.233255 2.264465 1.218184 1.216258 1.243282 0.214094 0.170792 1.149719 2.156662 3.153972 4.158511 4.159111 5.138194 7.144067 8.165960 8.169412 8.180550 7.127584 7.087593 8.135463 9.115583 8.129822 6.145967 3.125934 2.088718 2.046002 2.992662 3.021325 4.052435 4.057137 4.039849 2.956907 0.222833
0.129720 0.116828 0.019593 0.012710 0.014416 0.010360 0.005715 0.007513 0.178187 0.173833 0.287733 1.301183 2.315156 3.302969 3.311283 3.314327 4.295539 4.301113 5.293281 5.317898 4.269122 4.280322 5.280837 4.260974 4.286210 3.226302 4.246795 3.264521 2.181752 2.177023 3.082976 4.162960 3.188628 2.176942 2.180016 4.155714 4.174460 5.153454 7.154530 9.161481 8.170693 8.179443 7.194215 6.182505 5.156318 8.105958 8.125122 8.131484 6.131896 4.155225 2.115458 1.044005 0.957596 0.976610 2.012603 2.036401 2.024017 1.850837 0.306489
0.244901 0.264680 0.016801 0.022132 0.005713 0.017773 0.014068 0.007083 0.086138 1.306319 1.321064 2.304980 3.309878 4.309513 4.315937 4.313447 4.320597 5.304368 5.325780 5.344303 4.292846 4.285405 4.298261 3.246518 3.249400 4.193117 4.257621 3.220075 3.187352 4.124815 5.166190 7.192369 5.218040 3.180008 3.173800 4.160908 5.175450 6.155306 7.159682 9.155210 8.176026 8.164092 7.201295 6.188913 5.159570 8.107615 8.131791 8.129460 7.137636 5.159891 3.154342 1.078997 0.176173 0.134235 0.091037 0.006015 0.005267 0.395433 2.482190
0.175479 0.181014 0.099289 0.012311 0.007119 0.020327 0.005553 0.010465 0.242658 1.310695 2.318854 3.317138 3.316899 5.315933 4.314059 5.310719 5.317414 5.330053 6.328937 4.349567 3.302223 3.323081 2.275640 2.240387 2.242734 3.171401 3.246027 2.212292 3.153681 4.167329 6.154484 6.213309 4.183145 4.179080 4.171865 4.179533 5.167914 6.154608 7.159855 8.160245 8.182887 7.188641 7.209826 6.194556 7.231814 8.033140 8.114351 8.128606 7.142735 6.157920 5.154190 3.077226 1.228981 0.158391 0.004001 0.007239 0.005779 0.396490 4.456168
0.089579 0.328409 0.325285 0.285610 0.246594 0.231197 0.005296 0.005372 0.272642 1.320238 2.321645 3.303492 4.315873 5.304994 5.320346 5.316740 5.324182 6.326462 6.347060 3.324104 3.310382 3.324010 2.311747 1.263610 1.251027 1.233706 1.232076 1.215885 2.147491 5.143244 6.169216 6.199748 4.172890 4.179299 4.167142 5.163452 5.166764 6.135195 7.149312 8.145683 8.160737 7.179285 7.165910 6.129758 7.098287 6.066350 6.094021 6.110783 5.131235 5.119125 4.112219 3.041839 2.172857 1.168341 0.003947 0.006918 0.006016 0.398580 4.470471
0.041237 0.315594 0.359297 1.310554 1.326241 1.321630 1.299721 0.304753 0.307934 1.323339 2.323723 2.322614 3.316621 4.317688 5.318344 5.319010 5.326242 6.339149 5.345766 3.325010 3.311637 3.320617 2.307712 1.265622 1.236432 1.222598 1.222444 1.208149 2.152720 5.147171 6.170725 6.198599 4.185767 3.172357 4.116627 5.151347 4.134113 4.136551 4.150984 6.117461 6.125913 7.088919 6.141193 5.100409 5.109713 4.064529 4.079772 4.090775 2.088085 1.008354 1.009480 1.039762 2.167956 2.083461 0.171254 0.003839 0.000839 0.002566 4.449798
0.245561 1.321285 1.336636 1.332191 1.338318 2.331604 3.327802 2.342317 1.335348 1.332991 2.325831 2.326628 3.317669 4.319336 5.314586 5.320322 5.330404 4.334797 4.344317 3.331405 3.326915 2.325768 1.284768 1.286870 0.198116 0.176977 0.153838 1.179247 3.133154 4.162321 5.172460 5.201650 3.153208 3.166365 3.164769 2.073020 0.973153 0.098630 0.101756 2.020303 3.052399 4.031033 5.018319 4.098391 3.969390 2.813056 2.837057 1.932785 1.025887 0.002859 0.001284 0.022732 1.173836 2.086720 1.258994 0.298568 0.005267 0.003081 1.482117
0.279835 1.328409 1.343751 1.326029 1.337009 2.333370 3.342940 3.343077 2.337308 2.341317 2.333513 2.330482 4.329519 4.323635 4.323730 5.321163 4.331823 4.337893 3.342957 3.343545 2.329953 1.328144 0.005659 0.008242 0.011815 0.018922 0.009208 0.132056 2.161471 2.160182 1.174112 1.184754 4.175584 3.164365 0.968951 0.003488 0.002483 0.002375 0.002702 1.282207 2.267980 3.256222 4.233742 4.216640 3.204567 1.252788 1.264841 0.259839 0.001503 0.001284 0.001603 0.009019 0.313221 1.352933 2.410242 3.443322 2.444222 1.423992 0.001307
0.308160 0.322404 0.338993 0.335551 1.336663 2.332550 3.348371 3.342902 3.338849 2.338877 2.329307 3.341486 5.325230 5.331790 4.327528 4.327247 4.338004 3.346911 3.348570 2.343221 1.327007 0.005238 0.004570 0.001284 0.004982 0.038851 0.002409 0.002548 0.009048 0.009397 0.007392 0.125513 2.158049 0.920510 0.004967 0.001287 0.001603 0.001287 0.323408 1.341071 3.389980 4.395605 5.393973 5.383057 4.365672 2.409101 2.400426 1.407644 0.357091 0.002365 0.002487 0.401612 1.434143 2.400760 4.411705 4.429231 4.429356 2.401749 0.001221
0.016480 0.331686 0.343866 0.343220 0.346065 1.311492 2.347770 3.342314 2.337032 2.342357 1.335939 3.317516 4.314060 5.301421 4.315847 3.320535 2.320386 1.350276 1.355122 1.336992 0.244391 0.006271 0.001284 0.001603 0.009547 0.007856 0.001328 0.001728 0.001729 0.001752 0.006702 0.008678 0.005562 0.004505 0.004073 0.004046 0.002999 0.006050 2.405225 3.435224 5.439711 5.425722 6.421905 6.353947 5.395078 4.444961 3.411243 2.410284 1.403318 0.327402 0.339654 1.430224 2.418571 3.387545 4.391635 4.385421 3.267196 0.468219 0.005095
0.007834 0.289194 1.364646 1.386578 0.357393 0.354327 1.327468 2.323163 2.334049 2.336546 2.339672 2.332280 2.320580 1.265903 2.315686 2.309493 1.325306 0.298166 0.296723 0.261795 0.230902 0.008443 0.004267 0.006534 0.007305 0.007252 0.006347 0.002866 0.001321 0.003580 0.450571 0.006319 0.001165 0.001165 0.002762 0.318565 0.418394 0.416374 3.392181 5.426766 6.406464 6.424355 6.391580 5.368762 5.338205 4.408275 4.399149 3.390761 2.414632 2.409218 2.421874 3.446949 3.431008 3.391876 3.364088 1.433128 1.510151 2.630194 2.599670
2.362188 2.371732 2.370319 2.362818 2.372696 1.366500 1.351369 1.353277 2.334531 3.348328 3.349986 3.350208 0.271129 0.003309 0.203768 0.208062 0.019307 0.021616 0.020273 0.012377 0.010701 0.011523 0.009032 0.010846 0.016492 0.012782 0.012545 0.008252 0.006376 0.004328 1.463689 1.464271 0.001449 0.003915 0.347711 0.400843 0.428622 0.432355 3.378484 5.395656 6.403159 6.404098 6.397406 5.376591 4.390563 4.413973 5.416595 4.416428 4.405314 3.412416 3.419400 3.423574 3.401577 2.363460 1.241519 0.501715 1.579237 3.628826 3.606310
2.358393 2.366406 2.365904 2.372886 2.372087 2.378697 0.319949 0.314858 1.335043 3.336664 3.334946 2.334781 0.007700 0.004710 0.006908 0.004656 0.039818 0.035874 0.034820 0.001165 0.013346 0.009542 0.330153 0.307051 1.401741 1.388885 0.007438 0.402565 1.437312 1.435577 2.463913 3.454066 2.463258 2.461794 2.454794 0.423529 0.434475 0.434567 2.364850 4.396839 6.369666 6.378874 6.360264 5.385374 4.406840 5.445348 5.408813 4.419814 4.409806 3.399738 2.430460 3.427883 2.403731 1.325392 0.472239 0.511777 1.598968 2.628902 3.611051
1.371492 1.372591 1.372224 2.372598 2.373502 2.376120 0.002158 0.002053 0.310865 1.349864 2.345979 2.353303 0.009463 0.006880 0.008389 0.006709 0.035541 0.037466 0.037208 0.001165 0.012354 0.007008 0.376635 1.394753 2.404217 0.332915 0.004539 0.435854 2.461125 3.461587 2.460952 3.461210 3.463145 3.463583 2.462556 1.460044 0.438610 0.435809 2.345179 4.378566 5.314926 5.331786 5.309386 5.297338 4.366131 5.413735 5.399652 5.400439 4.401123 3.390557 2.419451 2.397264 2.336987 1.419420 1.479509 1.513275 2.588198 2.577361 2.552407
1.371636 1.372356 1.371828 2.373053 2.373105 2.374706 0.002627 0.002156 0.313624 1.344181 2.330708 2.344101 0.009960 0.008816 0.002144 0.002344 0.003408 0.031554 0.032028 0.017732 0.009369 0.389560 0.394328 1.412703 1.407108 0.002049 0.000839 0.387105 3.449014 3.462778 3.462206 3.461369 3.461544 3.462732 2.461028 2.463379 1.455985 1.454684 3.415591 4.419387 4.422722 4.416234 4.409313 3.395406 3.338830 4.360764 4.359505 4.386730 4.373565 2.402576 1.388658 0.427651 1.483029 1.432489 1.469037 1.496249 2.524381 1.594897 1.552010
3.373664 2.373264 2.372396 2.373205 2.373062 1.373069 0.001608 0.307949 1.365623 2.372217 1.356094 1.350011 0.002598 0.002561 0.000839 0.003126 0.001788 0.001940 0.013662 0.311936 0.382274 1.414854 1.413046 0.397771 0.382144 0.002021 0.002016 0.426888 3.457471 4.460380 4.462127 3.458035 3.459681 2.459191 2.458729 2.454537 2.456230 2.455062 4.437721 4.432041 4.431251 4.426166 4.419758 3.409840 2.424642 2.439705 2.427876 3.421078 3.425577 3.426067 1.420284 0.001191 0.444761 0.427133 0.427100 0.409865 0.458398 1.596261 1.621186
4.372338 3.371921 3.372688 2.372169 3.365741 2.370806 0.347819 1.377600 2.379235 2.368532 1.362426 0.295811 0.002799 0.002152 0.002080 0.008019 0.004497 0.004775 0.312893 1.413334 1.430255 1.424259 1.422901 0.399516 0.001165 0.434058 0.384787 2.458601 3.461856 4.460669 4.459467 2.459411 2.459247 2.458687 2.457925 3.451164 3.454920 4.451474 4.437505 4.437022 4.436513 4.430364 4.420664 3.409706 2.426903 2.439488 2.430008 3.423872 3.429623 2.431044 1.412643 0.463868 0.442751 0.422473 0.006379 0.013781 0.026205 0.709435 1.690961
5.372602 5.374077 4.372469 4.371288 4.370970 4.371181 2.373527 2.375162 2.367936 2.370505 2.380407 2.379514 0.291844 0.004906 0.005613 0.007204 0.289972 0.311245 2.417864 2.418228 2.418087 2.410752 1.404768 0.384023 0.001165 0.442626 2.455854 3.459760 3.462293 4.462772 4.458751 3.463399 2.460233 2.459968 3.461542 4.454502 4.458392 5.455667 5.455543 4.443543 4.420669 4.445076 5.489775 4.488912 3.498584 3.486096 3.459196 4.436366 4.449157 2.444281 1.394033 0.483261 1.484177 0.356338 0.005258 0.002483 0.003346 0.002671 0.652947
7.371616 7.369297 5.370973 4.372775 4.371659 3.368151 1.377663 1.376270 1.373278 2.366059 2.371602 3.379207 2.387377 2.379423 1.251598 1.382748 1.381496 2.400048 3.408469 3.372806 2.400774 1.409991 1.394040 0.412327 0.426360 1.465843 2.466805 3.456465 3.463201 4.460703 4.460468 3.460409 3.464726 2.456733 3.449750 4.446440 4.450849 5.441944 5.425898 4.417780 3.436704 4.388161 5.402409 4.443963 4.482182 4.470548 4.442796 4.428599 3.427320 2.433624 0.430107 0.466931 1.467590 0.364741 0.003730 0.002524 0.003480 0.003282 0.002234
7.373717 6.374023 5.374011 5.373187 4.373335 3.368583 1.380995 2.382904 2.377931 1.377248 2.380289 3.384235 5.404853 4.390551 4.374962 2.405276 2.403035 3.412471 3.397385 2.415548 2.422690 2.412178 1.417360 1.428398 1.443730 2.468059 3.460572 3.456223 3.461402 3.456321 4.455963 3.459144 3.455686 2.458307 3.459853 4.450401 4.448674 3.456393 3.447332 3.441050 3.438515 3.434255 4.447855 4.445614 4.453998 4.427910 4.424798 3.416239 2.430821 1.426759 0.002085 0.002285 0.476900 0.453580 0.469852 0.468292 0.008161 0.016621 0.001468
6.373598 5.374096 5.373856 5.374268 5.370814 3.373545 2.375195 3.380371 3.376098 2.374135 1.377847 2.390872 5.411887 5.396931 5.399711 3.405445 3.403146 3.395445 1.415115 1.421187 2.426221 2.421067 2.419832 2.408526 1.441454 3.476945 3.463469 3.458739 3.455443 2.464500 2.464066 3.467699 3.462922 3.468499 3.461159 3.453522 2.460373 3.458885 3.448778 3.441041 3.436544 3.432947 4.450599 4.447383 4.451458 3.450176 3.414567 2.414014 2.413963 1.419538 0.002280 0.003149 0.499502 0.478520 1.496441 1.483087 0.432163 0.521770 0.224046
4.374099 5.374641 5.374403 5.374776 5.373835 4.374699 4.373960 4.373279 3.374424 2.369752 1.378051 2.390847 4.407393 4.395858 5.415733 5.400836 4.383181 2.405802 0.414799 1.429350 1.430877 2.432044 2.421477 2.409995 1.445830 3.479555 3.461572 2.461066 2.466511 2.466503 2.466242 3.468126 4.471485 4.464276 3.465290 3.454197 2.466652 2.463193 3.468742 3.451622 4.492034 5.533870 5.518556 5.511435 4.471551 4.456459 2.436838 1.420616 1.391894 1.388707 0.479583 0.516076 1.556140 1.530475 1.516845 2.522694 1.434763 0.584422 0.618985
3.373122 5.377769 5.375119 5.376031 5.374492 4.375522 4.377441 4.375861 3.372932 2.377013 2.375521 2.379586 2.392478 2.389658 4.422570 4.387727 1.409669 0.002101 0.416838 0.408679 1.424190 2.425025 2.410502 1.421342 1.446538 3.474441 2.464649 2.452033 1.465899 2.468064 2.465678 2.462056 3.465233 4.456053 3.463858 3.453825 2.464389 2.459397 3.462226 4.469894 5.474224 6.450279 6.438071 5.455149 4.394529 3.441173 2.397303 1.362492 0.473949 0.443829 0.477107 1.529805 1.526616 1.518297 1.502815 0.505192 0.018326 0.038198 0.051465
3.371255 4.375439 4.373282 4.373961 4.371946 4.373698 4.376003 4.375094 4.374517 3.374122 3.365890 2.372731 0.002018 0.341952 1.412877 1.402823 0.368381 0.002455 0.389935 0.390231 0.326535 0.357013 0.356943 0.001387 1.459439 1.465505 1.458348 0.467770 1.468663 1.467276 2.469668 2.461487 2.457785 3.464055 3.458248 3.445862 2.465357 3.470664 4.459488 5.458011 5.444788 5.437224 5.470896 5.439251 3.467613 3.429865 1.413167 0.493703 0.487329 0.003475 0.005087 0.537819 1.544426 1.526277 0.413589 0.011156 0.010889 0.022336 0.020796
4.368218 3.372664 3.372883 3.374470 4.374212 3.374086 3.376329 4.376330 4.372040 3.372148 3.372766 1.375563 0.000839 0.001336 0.410323 0.440668 0.002589 0.003520 0.406371 0.004088 0.004032 0.003500 0.002432 0.001958 0.468207 0.472570 0.469196 0.472457 0.475438 1.469169 2.469847 1.464675 1.466422 2.468681 2.462217 2.460968 2.467663 3.475409 4.458622 4.447151 4.441717 4.465649 5.500171 5.455142 4.540150 3.437536 1.511811 1.598384 1.575953 0.572410 0.570173 1.538866 1.541525 1.525376 0.402195 0.009319 0.001165 0.041387 0.031716
5.369540 4.369381 3.370181 2.371499 3.370717 2.372071 2.374857 3.374012 3.368599 2.368279 1.371626 0.318104 0.002139 0.414360 0.421988 0.420465 0.002803 0.004228 0.005345 0.007219 0.000839 0.002507 0.360362 1.467723 1.480748 1.476963 1.468847 1.485059 1.486190 2.465138 2.476368 1.460029 1.462099 1.454096 1.451892 1.451127 2.463537 2.460162 3.448042 3.435787 3.428984 4.466297 5.496284 5.445495 4.536285 4.547743 3.586013 2.607384 2.585036 1.571257 1.564622 1.539300 1.543263 1.532338 0.012292 0.004317 0.001165 0.044833 0.035345
