use_cases/Flooding_chicago/flooding_data/output/h_3480.asc
ncols 337
nrows 393
xllcorner 428428.000000
yllcorner 4602440.000000
cellsize 26.757400
NODATA_value -9999.000000
[rows 81 to 107 of 393, columns 118 to 176 of 337]
-9999.000000 -9999.000000 -9999.000000 -9999.000000 -9999.000000 -9999.000000 -9999.000000 -9999.000000 -9999.000000 -9999.000000 -9999.000000 -9999.000000 -9999.000000 -9999.000000 -9999.000000 -9999.000000 -9999.000000 -9999.000000 -9999.000000 -9999.000000 -9999.000000 -9999.000000 -9999.000000 -9999.000000 -9999.000000 -9999.000000 -9999.000000 -9999.000000 -9999.000000 -9999.000000 -9999.000000 -9999.000000 -9999.000000 -9999.000000 -9999.000000 -9999.000000 -9999.000000 -9999.000000 -9999.000000 -9999.000000 -9999.000000 -9999.000000 -9999.000000 -9999.000000 -9999.000000 -9999.000000 -9999.000000 -9999.000000 -9999.000000 -9999.000000 0.060953 0.046103 0.006841 0.005031 0.003354 0.003436 0.008714 0.016166 0.009496
-9999.000000 -9999.000000 -9999.000000 -9999.000000 -9999.000000 -9999.000000 -9999.000000 -9999.000000 -9999.000000 -9999.000000 -9999.000000 -9999.000000 -9999.000000 -9999.000000 -9999.000000 -9999.000000 -9999.000000 -9999.000000 -9999.000000 -9999.000000 -9999.000000 -9999.000000 -9999.000000 -9999.000000 -9999.000000 -9999.000000 -9999.000000 -9999.000000 -9999.000000 -9999.000000 -9999.000000 -9999.000000 -9999.000000 -9999.000000 -9999.000000 -9999.000000 -9999.000000 -9999.000000 -9999.000000 -9999.000000 -9999.000000 -9999.000000 -9999.000000 -9999.000000 -9999.000000 -9999.000000 -9999.000000 -9999.000000 -9999.000000 -9999.000000 0.002268 0.043797 0.005311 0.004257 0.002981 0.003168 0.009567 0.005916 0.013229
-9999.000000 -9999.000000 -9999.000000 -9999.000000 -9999.000000 -9999.000000 -9999.000000 -9999.000000 -9999.000000 -9999.000000 -9999.000000 -9999.000000 -9999.000000 -9999.000000 -9999.000000 -9999.000000 -9999.000000 -9999.000000 -9999.000000 -9999.000000 -9999.000000 -9999.000000 -9999.000000 -9999.000000 -9999.000000 -9999.000000 -9999.000000 -9999.000000 -9999.000000 -9999.000000 -9999.000000 -9999.000000 -9999.000000 -9999.000000 -9999.000000 -9999.000000 -9999.000000 -9999.000000 -9999.000000 -9999.000000 -9999.000000 -9999.000000 -9999.000000 -9999.000000 -9999.000000 -9999.000000 -9999.000000 -9999.000000 -9999.000000 0.001284 0.004602 0.036758 0.003823 0.002985 0.002457 0.002933 0.007204 0.004497 0.008610
-9999.000000 -9999.000000 -9999.000000 -9999.000000 -9999.000000 -9999.000000 -9999.000000 -9999.000000 -9999.000000 -9999.000000 -9999.000000 -9999.000000 -9999.000000 -9999.000000 -9999.000000 -9999.000000 -9999.000000 -9999.000000 -9999.000000 -9999.000000 -9999.000000 -9999.000000 -9999.000000 -9999.000000 -9999.000000 -9999.000000 -9999.000000 -9999.000000 -9999.000000 -9999.000000 -9999.000000 -9999.000000 -9999.000000 -9999.000000 -9999.000000 -9999.000000 -9999.000000 -9999.000000 -9999.000000 -9999.000000 -9999.000000 -9999.000000 -9999.000000 -9999.000000 -9999.000000 -9999.000000 -9999.000000 -9999.000000 0.001284 0.001603 0.002650 0.054205 0.005040 0.003178 0.002950 0.004811 0.004014 0.002731 0.005129
-9999.000000 -9999.000000 -9999.000000 -9999.000000 -9999.000000 -9999.000000 -9999.000000 -9999.000000 -9999.000000 -9999.000000 -9999.000000 -9999.000000 -9999.000000 -9999.000000 -9999.000000 -9999.000000 -9999.000000 -9999.000000 -9999.000000 -9999.000000 -9999.000000 -9999.000000 -9999.000000 -9999.000000 -9999.000000 -9999.000000 -9999.000000 -9999.000000 -9999.000000 -9999.000000 -9999.000000 -9999.000000 -9999.000000 -9999.000000 -9999.000000 -9999.000000 -9999.000000 -9999.000000 -9999.000000 -9999.000000 -9999.000000 -9999.000000 -9999.000000 -9999.000000 -9999.000000 -9999.000000 -9999.000000 0.002236 0.002514 0.002969 0.003191 0.055453 0.004578 0.005527 0.004356 0.003192 0.003656 0.002623 0.007258
-9999.000000 -9999.000000 -9999.000000 -9999.000000 -9999.000000 -9999.000000 -9999.000000 -9999.000000 -9999.000000 -9999.000000 -9999.000000 -9999.000000 -9999.000000 -9999.000000 -9999.000000 -9999.000000 -9999.000000 -9999.000000 -9999.000000 -9999.000000 -9999.000000 -9999.000000 -9999.000000 -9999.000000 -9999.000000 -9999.000000 -9999.000000 -9999.000000 -9999.000000 -9999.000000 -9999.000000 -9999.000000 -9999.000000 -9999.000000 -9999.000000 -9999.000000 -9999.000000 -9999.000000 -9999.000000 -9999.000000 -9999.000000 -9999.000000 -9999.000000 -9999.000000 0.002500 0.001556 0.001656 0.154568 0.003725 0.002012 0.003957 0.042830 0.018391 0.014938 0.012025 0.010163 0.014635 0.007280 0.007345
-9999.000000 -9999.000000 -9999.000000 -9999.000000 -9999.000000 -9999.000000 -9999.000000 -9999.000000 -9999.000000 -9999.000000 -9999.000000 -9999.000000 -9999.000000 -9999.000000 -9999.000000 -9999.000000 -9999.000000 -9999.000000 -9999.000000 -9999.000000 -9999.000000 -9999.000000 -9999.000000 -9999.000000 -9999.000000 -9999.000000 -9999.000000 -9999.000000 -9999.000000 -9999.000000 -9999.000000 -9999.000000 -9999.000000 -9999.000000 -9999.000000 -9999.000000 -9999.000000 -9999.000000 -9999.000000 -9999.000000 -9999.000000 0.001366 0.003073 0.005255 0.004009 0.006776 0.005251 1.182914 0.117781 0.054817 0.768535 0.690917 0.014316 0.014519 0.010089 0.007352 0.000839 0.009887 0.009137
-9999.000000 -9999.000000 -9999.000000 -9999.000000 -9999.000000 -9999.000000 -9999.000000 -9999.000000 -9999.000000 -9999.000000 -9999.000000 -9999.000000 -9999.000000 -9999.000000 -9999.000000 -9999.000000 -9999.000000 -9999.000000 -9999.000000 -9999.000000 -9999.000000 -9999.000000 -9999.000000 -9999.000000 -9999.000000 -9999.000000 -9999.000000 -9999.000000 -9999.000000 -9999.000000 -9999.000000 -9999.000000 -9999.000000 -9999.000000 -9999.000000 -9999.000000 -9999.000000 -9999.000000 -9999.000000 0.000839 0.002139 0.001869 0.001990 0.001638 0.004893 0.005809 0.071465 2.072739 2.094225 2.996184 4.003407 0.762003 0.012029 0.008406 0.005862 0.003791 0.002562 0.016751 0.016759
-9999.000000 -9999.000000 -9999.000000 -9999.000000 -9999.000000 -9999.000000 -9999.000000 -9999.000000 -9999.000000 -9999.000000 -9999.000000 -9999.000000 -9999.000000 -9999.000000 -9999.000000 -9999.000000 -9999.000000 -9999.000000 -9999.000000 -9999.000000 -9999.000000 -9999.000000 -9999.000000 -9999.000000 -9999.000000 -9999.000000 -9999.000000 -9999.000000 -9999.000000 -9999.000000 -9999.000000 -9999.000000 -9999.000000 -9999.000000 -9999.000000 -9999.000000 -9999.000000 -9999.000000 0.002632 0.028505 0.012584 0.009115 0.007776 0.005711 0.030705 0.949220 2.075029 2.048840 3.007051 3.983747 5.994096 2.962347 0.016735 0.014635 0.007778 0.004671 0.004390 0.031723 0.022984
-9999.000000 -9999.000000 -9999.000000 -9999.000000 -9999.000000 -9999.000000 -9999.000000 -9999.000000 -9999.000000 -9999.000000 -9999.000000 -9999.000000 -9999.000000 -9999.000000 -9999.000000 -9999.000000 -9999.000000 -9999.000000 -9999.000000 -9999.000000 -9999.000000 -9999.000000 -9999.000000 -9999.000000 -9999.000000 -9999.000000 -9999.000000 -9999.000000 -9999.000000 -9999.000000 -9999.000000 -9999.000000 -9999.000000 -9999.000000 -9999.000000 -9999.000000 -9999.000000 0.001608 0.003213 0.004987 0.016697 0.017801 0.015956 0.570391 1.877837 0.900968 0.744469 0.724090 1.856367 2.959606 5.019990 2.950729 0.025945 0.008013 0.006828 0.006028 0.002616 0.018686 0.029511
-9999.000000 -9999.000000 -9999.000000 -9999.000000 -9999.000000 -9999.000000 -9999.000000 -9999.000000 -9999.000000 -9999.000000 -9999.000000 -9999.000000 -9999.000000 -9999.000000 -9999.000000 -9999.000000 -9999.000000 -9999.000000 -9999.000000 -9999.000000 -9999.000000 -9999.000000 -9999.000000 -9999.000000 -9999.000000 -9999.000000 -9999.000000 -9999.000000 -9999.000000 -9999.000000 -9999.000000 -9999.000000 -9999.000000 -9999.000000 -9999.000000 0.002821 0.003505 0.002627 0.002156 0.003777 0.003800 0.015277 0.037372 0.436919 0.540392 0.022169 0.003733 0.001479 0.003884 0.717191 1.986307 0.764997 0.015270 0.007963 0.008146 0.004816 0.003555 0.014757 0.464257
-9999.000000 -9999.000000 -9999.000000 -9999.000000 -9999.000000 -9999.000000 -9999.000000 -9999.000000 -9999.000000 -9999.000000 -9999.000000 -9999.000000 -9999.000000 -9999.000000 -9999.000000 -9999.000000 -9999.000000 -9999.000000 -9999.000000 -9999.000000 -9999.000000 -9999.000000 -9999.000000 -9999.000000 -9999.000000 -9999.000000 -9999.000000 -9999.000000 -9999.000000 -9999.000000 -9999.000000 -9999.000000 -9999.000000 0.009562 0.008968 0.010416 0.004348 0.002158 0.002053 0.004940 0.005592 0.017209 0.024704 0.022838 0.013204 0.004296 0.003267 0.001333 0.003635 0.004421 0.019977 0.473478 0.234337 0.156274 0.007358 0.006946 0.004592 1.689053 2.739342
-9999.000000 -9999.000000 -9999.000000 -9999.000000 -9999.000000 -9999.000000 -9999.000000 -9999.000000 -9999.000000 -9999.000000 -9999.000000 -9999.000000 -9999.000000 -9999.000000 -9999.000000 -9999.000000 -9999.000000 -9999.000000 -9999.000000 -9999.000000 -9999.000000 -9999.000000 -9999.000000 -9999.000000 -9999.000000 -9999.000000 -9999.000000 -9999.000000 -9999.000000 -9999.000000 -9999.000000 -9999.000000 0.006295 0.012290 0.012085 0.010897 0.003927 0.003620 0.003579 0.004056 0.006409 0.013436 0.014882 0.012776 0.003325 0.003970 0.001887 0.001772 0.003330 0.003050 0.004284 0.267565 0.256089 0.179949 0.084714 0.521668 1.536955 4.757106 4.735665
-9999.000000 -9999.000000 -9999.000000 -9999.000000 -9999.000000 -9999.000000 -9999.000000 -9999.000000 -9999.000000 -9999.000000 -9999.000000 -9999.000000 -9999.000000 -9999.000000 -9999.000000 -9999.000000 -9999.000000 -9999.000000 -9999.000000 -9999.000000 -9999.000000 -9999.000000 -9999.000000 -9999.000000 -9999.000000 -9999.000000 -9999.000000 -9999.000000 -9999.000000 0.088260 0.152476 0.582298 1.782754 0.642166 0.015119 0.013022 0.011463 0.003090 0.003075 0.005948 0.006228 0.012904 0.012879 0.011653 0.001340 0.001772 0.001887 0.005044 0.003230 0.003441 0.002684 0.133921 0.633319 0.717941 0.726337 1.766439 3.753445 5.744263 5.742198
-9999.000000 -9999.000000 -9999.000000 -9999.000000 -9999.000000 -9999.000000 -9999.000000 -9999.000000 -9999.000000 -9999.000000 -9999.000000 -9999.000000 -9999.000000 -9999.000000 -9999.000000 -9999.000000 -9999.000000 -9999.000000 -9999.000000 -9999.000000 -9999.000000 -9999.000000 -9999.000000 -9999.000000 -9999.000000 -9999.000000 0.002268 0.001469 0.001612 0.203018 0.157274 0.742482 1.774194 0.639059 0.016487 0.016144 0.009505 0.009649 0.008067 0.072311 0.004914 0.001603 0.001283 0.002457 0.007011 0.006051 0.003731 0.006989 0.005556 0.005363 0.005585 0.555174 2.755401 3.804310 2.811445 3.776287 3.800494 5.752904 4.758698
-9999.000000 -9999.000000 -9999.000000 -9999.000000 -9999.000000 -9999.000000 -9999.000000 -9999.000000 -9999.000000 -9999.000000 -9999.000000 -9999.000000 -9999.000000 -9999.000000 -9999.000000 -9999.000000 -9999.000000 -9999.000000 -9999.000000 -9999.000000 -9999.000000 -9999.000000 -9999.000000 0.004733 0.003729 0.006465 0.003490 0.029811 0.563393 0.337615 0.208192 0.707784 0.767401 0.610846 0.021230 0.001853 0.001944 0.001944 0.151830 0.095857 0.003190 0.001284 0.004333 0.002811 0.005240 0.009137 0.007849 0.008286 0.008494 0.417289 1.419802 3.784102 4.785573 5.782586 5.775008 3.774230 3.781997 3.770676 2.733574
-9999.000000 -9999.000000 -9999.000000 -9999.000000 -9999.000000 -9999.000000 -9999.000000 -9999.000000 -9999.000000 -9999.000000 -9999.000000 -9999.000000 -9999.000000 -9999.000000 -9999.000000 -9999.000000 -9999.000000 -9999.000000 -9999.000000 -9999.000000 -9999.000000 -9999.000000 -9999.000000 0.009445 0.006137 0.007374 0.228587 0.693799 0.691070 0.036397 0.002159 0.050935 0.647827 0.070502 0.035770 0.008474 0.001944 0.001944 0.007839 0.040189 0.035538 0.022560 0.010450 0.011175 0.010031 0.009789 0.011980 0.013918 0.709694 2.797098 5.740937 5.784364 6.802010 6.801085 5.798611 4.795450 3.801550 2.787803 1.750380
-9999.000000 -9999.000000 -9999.000000 -9999.000000 -9999.000000 -9999.000000 -9999.000000 -9999.000000 -9999.000000 -9999.000000 -9999.000000 -9999.000000 -9999.000000 0.016545 0.022529 0.016946 0.028463 0.027479 0.045121 0.046066 0.042104 0.027907 0.033406 0.018952 0.000839 0.004645 0.328640 0.262358 0.007445 0.002989 0.003323 0.041870 0.096036 0.100776 0.042305 0.011517 0.005245 0.003529 0.015478 0.046323 0.054985 0.044501 0.114235 0.005391 0.007676 0.011950 0.013369 0.774442 0.804792 1.809659 5.810377 6.784196 6.801984 6.814792 5.812963 4.797829 4.822226 2.776861 2.770529
-9999.000000 -9999.000000 -9999.000000 -9999.000000 -9999.000000 -9999.000000 -9999.000000 -9999.000000 -9999.000000 -9999.000000 -9999.000000 -9999.000000 0.014073 0.030536 1.032221 0.024694 0.014839 0.008944 1.086107 0.077105 0.070519 0.051004 0.019313 0.115086 0.001336 0.461688 1.464753 0.348366 0.015322 0.002158 0.002053 0.066794 0.073072 0.069742 0.067556 0.003884 0.005251 0.051322 0.030691 0.049377 0.046779 0.129699 0.153014 0.088344 0.054746 0.519259 1.810280 1.820655 0.811602 1.798612 5.802847 6.755435 6.790673 6.809205 5.804021 4.786469 4.810351 3.797359 2.770288
-9999.000000 -9999.000000 -9999.000000 -9999.000000 -9999.000000 -9999.000000 -9999.000000 -9999.000000 -9999.000000 -9999.000000 -9999.000000 -9999.000000 0.003898 0.027095 0.024385 0.011476 0.006915 0.010857 1.081453 0.083816 0.084320 0.059220 0.100002 0.086741 0.337204 1.443804 1.463911 1.474164 0.028540 0.002627 0.002156 0.102219 0.116593 0.110306 0.104460 0.005583 0.006204 0.053716 0.039519 0.018551 0.033415 0.115381 0.145670 0.102768 0.686459 2.759042 3.808653 2.820272 2.825173 2.813466 4.817556 4.796251 4.792686 4.810604 4.820531 2.771134 1.798897 1.791269 2.768969
-9999.000000 -9999.000000 -9999.000000 -9999.000000 -9999.000000 -9999.000000 -9999.000000 -9999.000000 -9999.000000 -9999.000000 -9999.000000 0.002763 0.006098 0.005967 0.008075 0.012576 0.013676 0.009191 0.068461 0.081958 0.077569 0.059961 0.032136 0.064293 0.275152 1.452897 1.443279 1.420757 0.048272 0.001608 0.003373 0.116623 1.152570 1.150910 0.121369 0.006726 0.006074 0.009357 0.007512 0.017730 0.015844 0.013778 0.098560 0.089972 0.766649 2.814439 3.818202 3.833402 3.830991 3.824620 3.842297 3.814135 2.802049 3.816795 3.788021 0.838701 0.008003 0.784059 1.732628
-9999.000000 -9999.000000 -9999.000000 -9999.000000 -9999.000000 -9999.000000 -9999.000000 -9999.000000 -9999.000000 -9999.000000 -9999.000000 -9999.000000 0.003812 0.001566 0.004486 0.010471 0.007659 0.012261 0.017081 0.018926 0.045398 0.033377 0.028876 0.025913 0.026004 0.016436 0.015755 0.485696 0.074503 0.001664 0.124192 1.170321 1.159480 1.160769 0.128756 0.003523 0.002623 0.005645 0.014170 0.010737 0.014452 0.012142 0.061066 0.061671 0.059882 1.743766 3.820118 4.840529 4.842532 4.833187 3.857091 2.828562 1.832341 2.813734 1.834185 0.840147 0.004311 0.798136 0.807475
-9999.000000 -9999.000000 -9999.000000 -9999.000000 -9999.000000 -9999.000000 -9999.000000 -9999.000000 -9999.000000 -9999.000000 -9999.000000 -9999.000000 0.002893 0.001336 0.003369 0.008289 0.006726 0.008354 0.008344 0.039350 0.042223 0.026103 0.045889 0.029182 0.014413 0.014324 0.009575 0.087035 0.141259 0.143755 1.181090 2.176468 2.174281 1.154001 0.007454 0.006431 0.002002 0.004168 0.005125 0.015643 0.009894 0.007975 0.007161 0.005530 0.011738 0.623672 2.796884 4.820927 5.835516 5.836659 3.867345 1.812919 1.814614 0.777156 1.833826 1.851491 0.807563 0.802178 1.802754
-9999.000000 -9999.000000 -9999.000000 -9999.000000 -9999.000000 -9999.000000 -9999.000000 -9999.000000 -9999.000000 -9999.000000 -9999.000000 -9999.000000 0.001414 0.000839 0.003948 0.003462 0.007417 0.004659 0.015915 1.049120 1.057971 0.043795 0.023616 0.015566 0.009149 0.010592 0.014730 0.127335 1.208673 1.210880 1.201936 2.195568 2.169037 1.092528 0.006793 0.001284 0.001603 0.005221 0.009058 0.005489 0.002681 0.002538 0.001797 0.001871 0.024866 0.673205 1.823909 2.841064 4.832919 4.829337 2.858037 0.821716 0.013047 0.007548 1.808945 1.814465 0.798657 0.791567 0.729413
-9999.000000 -9999.000000 -9999.000000 -9999.000000 -9999.000000 -9999.000000 -9999.000000 -9999.000000 -9999.000000 -9999.000000 -9999.000000 -9999.000000 -9999.000000 0.003053 0.000839 0.001618 0.001563 0.003047 0.022889 0.015762 0.048499 0.051024 0.004081 0.020383 0.013964 0.006913 0.006313 0.107904 2.185477 2.194508 1.183245 1.169419 1.176515 0.116198 0.002515 0.004323 0.001284 0.001535 0.006805 0.015908 0.010054 0.009362 0.006210 0.037434 0.041458 0.547277 0.712940 1.820485 2.829852 3.812790 1.811980 0.025857 0.005071 0.004456 0.872019 0.870613 0.019062 0.031398 0.015024
-9999.000000 -9999.000000 -9999.000000 -9999.000000 -9999.000000 -9999.000000 -9999.000000 -9999.000000 -9999.000000 -9999.000000 -9999.000000 -9999.000000 0.002959 0.002662 0.002204 0.003959 0.003406 0.018699 0.014729 0.010547 0.007987 0.004882 0.009906 0.004115 0.009676 0.006271 0.007784 0.009962 2.199664 1.210116 0.158651 0.144266 0.140466 0.099849 0.004543 0.005181 0.001825 0.006465 0.007018 0.008888 0.017733 0.047369 0.041508 0.034324 0.031070 0.022047 0.035386 0.038192 0.740144 0.745408 0.730900 0.027972 0.009435 0.007566 0.882799 0.877428 0.034544 0.065168 0.002525
-9999.000000 -9999.000000 -9999.000000 -9999.000000 -9999.000000 -9999.000000 -9999.000000 -9999.000000 -9999.000000 -9999.000000 -9999.000000 0.001834 0.001734 0.009673 0.005137 0.025218 0.023723 0.020656 0.013744 0.012332 0.010355 0.006525 0.010362 0.009953 0.021679 0.002785 0.006750 0.004588 0.143584 0.178646 0.001521 0.099942 0.088401 0.070245 0.034310 0.005112 0.002580 0.003525 0.004692 0.014449 0.019195 0.059923 0.061949 0.028176 0.021600 0.012992 0.015452 0.043523 0.073603 0.067000 0.073797 0.008773 0.012403 0.010046 0.910984 1.958728 0.815730 0.118782 0.002763
