use_cases/Flooding_chicago/flooding_data/output/h_3540.asc
ncols 337
nrows 393
xllcorner 428428.000000
yllcorner 4602440.000000
cellsize 26.757400
NODATA_value -9999.000000
[rows 189 to 215 of 393, columns 177 to 235 of 337]
0.009951 0.007752 0.004040 0.004223 0.004668 0.046010 0.039884 0.744800 0.742685 1.773915 0.616599 0.006164 0.008900 0.003814 0.007237 0.001301 0.012675 0.002670 0.002325 0.006242 0.007093 0.002063 0.003487 0.228949 0.295531 0.262841 0.002771 0.002754 0.000995 0.012914 0.010452 0.002169 0.005315 0.006255 0.011321 0.009332 0.135926 0.155230 0.620838 1.689768 2.646660 3.690018 4.675004 2.672891 0.647419 0.002904 0.004265 0.004352 0.003053 0.002994 0.103533 0.397054 1.238338 2.253324 2.452781 0.358785 0.018001 0.006983 0.006377
0.006487 0.004631 0.007681 0.005845 0.058962 0.070630 0.048504 1.813468 1.814774 1.788762 0.589614 0.023655 0.007003 0.010331 0.001295 0.002044 0.012415 0.002540 0.001711 0.001826 0.004235 0.003408 0.005578 0.175311 1.285781 0.302092 0.248871 0.010898 0.009653 0.003397 0.004042 0.003672 0.008743 0.008307 0.014980 0.014195 0.113010 0.110311 0.645477 1.662569 2.636907 4.650375 5.613070 2.664563 0.674439 0.009274 0.436588 1.448083 1.553991 1.399478 1.214424 0.839789 1.408898 1.266801 1.394420 0.008647 0.004842 0.009153 0.009115
0.026538 0.012358 0.010932 0.030015 0.070013 0.085901 0.066053 1.756068 2.795307 1.797605 0.647155 0.035378 0.034080 0.011220 0.005754 0.001973 0.002477 0.003194 0.001828 0.001081 0.001328 0.001993 0.002426 0.172039 1.292575 1.292919 0.198420 0.012392 0.009814 0.005747 0.002331 0.002145 0.008351 0.008160 0.014472 0.014050 0.063877 0.643748 0.684388 1.648358 2.606642 3.612053 3.642482 2.644597 1.670323 1.675652 2.646578 3.673046 2.651290 1.342242 1.165217 1.776934 1.758436 0.618752 0.041434 0.010194 0.002095 0.000995 0.001825
0.024241 0.037354 0.075331 0.057315 0.070431 0.825797 0.833156 1.777869 2.795183 1.815004 0.019792 0.023396 0.022586 0.018321 0.003806 0.005584 0.003630 0.040531 0.005109 0.002715 0.001081 0.001911 0.002390 0.155463 0.246183 0.217541 0.004449 0.003693 0.004204 0.001292 0.001107 0.001419 0.002913 0.002635 0.004077 0.003676 0.030911 0.603502 1.702488 1.720702 0.698484 1.688694 2.621616 2.661618 2.681841 3.684330 3.669240 3.662368 2.659202 0.520443 0.385924 0.768776 0.717520 0.028584 0.015978 0.023615 0.001906 0.000995 0.001825
0.026648 0.011972 0.016200 0.009386 0.055551 1.802153 1.827194 1.793988 1.805758 2.817024 0.011930 0.022525 0.046970 0.029464 0.044715 0.002511 0.031510 0.024122 0.003642 0.002965 0.003875 0.002817 0.003529 0.114869 0.168729 0.002820 0.003036 0.005273 0.005624 0.006397 0.002944 0.001419 0.001107 0.001292 0.002469 0.001743 0.016841 0.628909 1.689685 1.709260 0.698990 1.691244 1.649847 2.643941 2.661781 3.666360 2.667208 2.666754 2.633639 0.591501 0.554681 0.519906 0.502017 0.014096 0.024348 0.040641 0.044243 0.005308 0.018422
0.023528 0.000748 0.010974 0.015346 0.060485 0.633035 0.727778 0.745719 1.788910 2.776941 0.028076 0.026618 0.021400 0.040081 0.047921 0.045587 0.034421 0.147754 0.004277 0.002892 0.002960 0.004354 0.004214 0.194714 0.082213 0.002004 0.000748 0.002997 0.012197 0.011543 0.002951 0.002042 0.001935 0.003260 0.002559 0.003364 0.012926 0.690416 0.701399 1.685745 1.724443 1.704435 0.642404 0.649048 1.670665 2.670652 2.649592 2.678958 2.669300 2.721873 2.722147 1.695396 0.623330 0.023013 0.018513 1.604739 1.666081 1.645007 1.571995
0.017738 0.023608 0.021900 0.013446 0.017762 0.008866 0.026678 0.030187 0.796224 2.800140 0.019508 0.013646 0.032339 0.048570 0.053574 0.002431 0.002334 0.115658 0.073864 0.047676 0.019858 0.030276 0.028662 0.146316 0.035280 0.003634 0.001131 0.003822 0.011650 0.012846 0.009453 0.002863 0.002510 0.005787 0.005138 0.007535 0.011948 0.697585 0.693340 0.717364 1.692570 1.708326 0.009977 0.016596 0.020569 0.682384 1.676100 2.682438 3.701157 4.727448 3.726599 3.727741 1.734664 0.726205 0.708895 2.531284 3.655681 3.699394 2.638381
0.016340 0.023497 0.021494 0.022660 0.012115 0.005815 0.005172 0.023448 0.746120 2.824258 0.011262 0.006125 0.001270 0.056634 0.057968 0.003797 0.003467 0.111419 0.087101 0.055842 0.060879 0.045593 0.044659 0.302344 0.021815 0.003700 0.002437 0.002769 0.022290 0.018785 0.019687 0.002055 0.006263 0.005007 0.006578 0.005329 0.007919 0.721862 0.001943 0.733609 0.737456 1.732347 0.012291 0.017824 0.018126 0.014149 0.675394 1.608281 2.668089 4.705485 4.720525 4.703340 3.763189 1.726013 1.710457 3.577869 4.643693 3.645147 2.632214
0.001399 0.002374 0.003955 0.024347 0.003127 0.001643 0.006306 0.031857 0.713248 2.775514 0.025560 0.006984 0.001979 0.003117 0.003974 0.005195 0.003903 0.003522 0.053224 0.043975 0.058895 0.043507 0.043564 0.281338 0.216625 0.005784 0.005076 0.009308 0.012842 0.029903 0.010895 0.005675 0.010081 0.005909 0.008167 0.006296 0.770172 0.765039 0.004044 0.754275 1.790858 2.797413 1.824072 1.804172 1.810980 0.764794 0.724638 0.726953 1.648207 3.670036 4.689651 5.696491 4.747018 3.738294 3.723235 3.658884 3.656687 1.688411 0.010946
-9999.000000 0.004162 0.004730 0.002889 0.006406 0.008959 0.009948 0.033930 0.079006 0.480310 0.027587 0.004380 0.005204 0.002525 0.003566 0.003917 0.002834 0.003105 0.031243 0.025669 0.038934 0.032184 0.033537 0.222659 0.201463 0.006441 0.007488 0.004684 0.013416 0.054278 0.063233 0.003549 0.010135 0.009377 0.011975 0.023452 0.758797 0.763065 0.794929 1.777482 1.774415 2.750265 3.787420 3.792387 3.779964 3.794579 2.770042 2.807891 1.708049 2.672332 3.646786 4.678998 4.726132 3.709585 3.705130 3.682560 1.561730 0.004864 0.001781
-9999.000000 0.005298 0.001969 0.002132 0.007791 0.009739 0.010733 0.077330 0.090757 0.044831 0.024519 0.007132 0.005237 0.003340 0.004724 0.003936 0.009143 0.009719 0.013387 0.032001 0.020527 0.020747 0.017587 0.105109 0.355387 0.006490 0.008860 0.004682 0.006202 0.042257 0.036702 0.016779 0.017260 0.011057 0.023714 0.031510 0.751624 1.766277 2.789494 2.794067 3.789457 3.796734 4.801283 3.791235 3.790736 4.759470 4.787800 3.805444 2.750993 2.725836 2.728109 3.653897 3.729792 2.716022 2.716690 2.721370 0.659279 0.006518 0.001681
-9999.000000 0.001457 0.002518 0.000748 0.002298 0.003147 0.009662 0.119255 0.151370 0.002505 0.002214 0.005780 0.013418 0.003912 0.005505 0.004192 0.011202 0.004748 0.022399 0.023656 0.016447 0.017484 0.017854 0.128461 0.207892 0.128723 0.008701 0.013392 0.021312 0.035820 0.032787 0.017315 0.020714 0.020122 0.757791 0.800001 0.777499 1.730309 3.753216 3.786765 4.769884 4.795591 4.789952 4.792830 4.789887 4.786573 5.759895 5.809141 4.798689 3.790128 2.740038 2.733274 2.743207 1.686161 1.688780 2.644449 1.705174 0.007452 0.002390
-9999.000000 -9999.000000 0.003878 0.001354 0.002444 0.005438 0.005282 0.066815 0.075505 0.004105 0.001447 0.005568 0.043103 0.050773 0.033494 0.057267 0.033857 0.007983 0.016237 0.017756 0.017253 0.019362 0.045771 0.306457 0.367230 0.067736 0.034000 0.020074 0.014360 0.046554 0.033577 0.658701 0.661922 1.811044 1.823172 1.810979 1.805582 2.735715 3.761592 3.785061 4.764482 4.786969 4.779390 4.786899 4.786863 4.785593 5.763135 5.803274 4.782169 3.774418 2.750713 2.737137 1.711908 0.760583 0.008503 0.416574 0.472956 0.413905 0.371717
-9999.000000 0.008353 0.003165 0.001283 0.012025 0.007432 0.008118 0.100444 0.128124 0.001875 0.002484 0.002536 0.002788 0.068729 0.056531 0.080348 0.061793 0.058969 0.046929 0.011130 0.015815 0.111709 0.084715 0.319038 0.306105 0.212726 0.116517 0.787796 0.719628 2.820956 2.840881 2.839191 2.834900 3.832551 3.872331 1.801420 1.791522 2.709350 3.742486 3.784179 4.755520 4.791205 3.778633 4.761731 4.788237 4.789598 4.790078 3.811178 2.775062 2.769048 2.763490 1.758062 0.014854 0.002416 0.002767 0.006302 0.003648 0.004682 0.269005
-9999.000000 0.018625 0.035693 0.004309 0.008783 0.006364 0.007689 0.134008 0.143908 0.001741 0.000748 0.001919 0.002519 0.095898 0.000995 0.006093 0.032709 0.273754 0.385040 0.318539 0.279400 0.199446 0.101444 0.272721 0.226836 0.176962 1.834778 1.875387 2.807381 3.824739 3.853897 3.855528 3.851225 3.837842 3.848954 3.880052 2.828840 2.783705 2.793334 3.743117 3.790993 3.796402 2.773263 2.785814 3.779423 3.795046 4.781999 3.813785 2.781371 2.782338 1.795922 0.703064 0.003446 0.003512 0.004791 0.003915 0.002906 0.005380 0.004039
-9999.000000 0.001569 0.054906 0.049077 0.005501 0.004774 0.005257 0.131451 1.184056 0.158553 0.001131 0.002503 0.071794 0.109671 0.000995 0.013648 0.016784 0.318843 0.422032 0.430012 0.353783 0.210261 0.267003 0.208437 0.846259 1.837719 1.892390 1.872353 2.758463 3.811954 3.846946 3.851165 3.849725 3.835731 3.840811 3.841850 3.863210 2.798882 2.784655 2.791701 3.779069 2.826151 1.795076 1.797837 2.762488 3.783814 4.761982 3.814236 1.767592 1.756998 1.769815 0.004306 0.003594 0.002725 0.003883 0.004021 0.000748 0.002079 0.002066
0.001569 0.002886 0.002002 0.057999 0.003143 0.002918 0.130693 1.171060 1.178288 0.121163 0.060170 0.090669 1.105489 0.098935 0.067876 0.029178 0.092047 0.359242 0.414508 0.001941 0.001773 0.101960 0.153804 0.890575 0.925467 2.870393 1.902946 1.863283 1.864214 2.822704 2.851935 2.853504 2.855091 2.847270 2.843285 2.824386 2.813603 2.800149 1.778554 1.785012 2.790004 3.818525 1.790554 1.789412 1.791989 1.796827 2.791745 2.801284 0.003261 0.003908 0.002419 0.048892 0.004433 0.006357 0.007299 0.003964 0.001695 0.001738 0.002227
0.002952 0.002002 0.001796 0.031998 0.016064 0.007634 0.131145 1.167684 0.135610 0.001131 0.042537 0.105652 0.110290 1.092587 0.051464 0.040306 0.147096 0.132250 0.000748 0.002687 0.001956 0.045617 0.905685 0.925946 1.917050 1.910677 1.908091 0.807901 0.806386 1.809012 1.823984 1.851236 2.850165 2.849376 2.851790 1.842928 1.822662 0.761576 0.757389 0.778105 2.761953 3.786225 1.781019 0.771661 0.771513 0.764264 0.763760 0.004506 0.001328 0.001081 0.002099 0.035419 0.721641 0.694439 0.767793 0.017796 0.006069 0.001590 0.006203
0.008724 0.007474 0.008553 0.219826 0.204074 0.158219 0.133974 0.001785 0.001343 0.000748 0.001346 0.001195 0.082460 0.079940 0.107005 0.187189 0.129849 0.070920 0.087303 0.048076 0.958258 0.999452 1.967305 1.975887 1.944041 1.954101 0.923309 0.024755 0.013729 0.879337 0.882491 1.857829 2.865690 3.869877 3.868722 2.875632 0.846087 0.026775 0.024864 0.762177 1.780406 2.761466 1.779077 0.765517 0.763535 0.748249 0.738310 0.715850 0.001081 0.002111 0.011647 0.907996 2.946245 2.945076 0.870949 0.027157 0.006748 0.008518 0.007193
0.005939 0.001306 0.011738 0.006800 0.003691 0.166668 0.155825 0.001974 0.002756 0.001993 0.003034 0.019407 0.092143 0.083709 0.112311 0.195575 0.152807 0.077661 0.091075 0.884149 1.937482 1.968642 1.957686 1.952472 1.915907 1.921243 0.012445 0.000995 0.000995 0.878086 0.883464 0.878567 1.858870 2.862093 3.870156 3.872497 1.869333 0.853807 0.023761 0.766317 1.791205 1.799800 0.757724 0.763775 0.762237 0.739144 0.737714 0.730123 0.001288 0.167956 0.841910 1.951293 3.968194 2.980953 0.893592 0.033053 0.006261 0.008808 0.005129
-9999.000000 0.002069 0.002005 0.000995 0.003607 0.118419 1.138417 1.149451 0.074767 0.082038 1.061582 0.038352 0.124644 0.093064 0.152366 0.075275 0.095525 0.187933 0.121831 0.873193 1.798731 1.831332 1.822087 1.836659 0.829161 0.913692 0.915054 0.015415 0.018352 0.867588 0.881576 0.876723 0.862552 1.858429 3.858514 4.868677 3.868591 1.853714 0.014886 0.009711 1.810146 1.804953 0.012262 0.001677 0.007961 0.699045 0.720600 0.605671 0.408340 0.321675 0.854275 1.959933 3.973642 3.002954 0.918781 0.038681 0.004762 0.005529 0.011875
-9999.000000 0.001306 0.005685 0.000995 0.003265 0.095229 1.140853 1.149082 0.082072 0.117919 0.070589 0.194882 0.162807 0.129440 0.079260 0.040726 0.082707 0.038274 0.070768 0.086558 0.290520 0.291786 0.254884 0.210466 0.128089 0.909639 0.907314 0.906114 0.884439 0.840477 0.848554 0.864017 0.853149 0.859023 1.862881 3.860457 3.853881 1.851488 0.885035 0.008639 1.767624 1.797078 0.014157 0.003208 0.003671 0.029013 0.013390 0.529967 0.397539 0.326667 0.161147 1.911757 2.981411 2.002432 0.933250 0.039722 0.002925 0.003165 0.538927
-9999.000000 -9999.000000 0.005694 0.001878 0.002165 0.075149 0.002294 0.002568 0.046188 0.083847 0.054092 0.193322 0.175186 0.144057 0.102219 0.047963 0.081440 0.037999 0.039465 0.173137 0.172686 0.156253 0.157196 0.150079 0.103103 0.821083 0.836500 0.840549 0.059636 0.074874 0.058457 0.036268 0.837836 0.846835 1.856121 2.870591 2.857142 1.838600 0.881426 0.935542 0.841936 1.804014 0.015517 0.003610 0.006801 0.005148 0.015897 0.007090 0.206290 0.908720 1.005117 0.978439 1.948396 1.999345 0.845318 0.779704 0.768337 0.743218 1.562277
-9999.000000 -9999.000000 -9999.000000 0.033263 0.052013 0.038202 0.003267 0.004270 0.002804 0.042778 0.174161 0.193927 0.180384 0.147516 0.096947 0.102596 0.077125 0.095396 0.274914 0.260985 0.240992 0.222936 0.232500 0.231126 0.168419 0.175922 0.116460 0.109964 0.067750 0.070161 0.043739 0.065833 0.783019 1.846243 2.856629 2.872758 1.853662 0.877257 0.881631 0.901120 0.840063 0.733704 0.787717 0.029382 0.006347 0.006830 0.003965 0.004639 1.971723 2.017263 0.987239 0.959252 0.934019 0.890421 1.662340 2.791155 1.775542 1.754394 2.665755
-9999.000000 -9999.000000 -9999.000000 0.032981 0.044679 0.022281 0.002550 0.003515 0.003366 0.004182 0.003388 0.113987 0.139000 0.145542 0.003801 0.054967 0.071228 0.103153 0.058557 0.197835 0.194518 0.217589 1.274817 1.321992 1.263388 0.129686 0.080282 0.072003 0.109425 0.095461 0.058993 0.060189 0.770085 1.847919 2.821673 2.853540 0.797750 0.827650 0.836737 0.892828 0.845586 0.003070 0.002425 0.003386 0.003636 0.002626 0.004953 0.069325 0.956016 0.882112 0.961316 0.090530 0.045735 0.780756 1.694051 1.776942 2.680747 2.733564 2.694790
-9999.000000 -9999.000000 -9999.000000 -9999.000000 0.001188 0.000748 0.027906 0.021436 0.003240 0.001239 0.002096 0.002650 0.014793 0.005210 0.009632 0.033077 0.085966 0.006615 0.016272 0.010957 0.007242 0.005551 0.283342 1.333351 0.239986 0.049532 0.030894 0.036004 0.091516 0.068967 0.044230 0.021788 0.001728 0.003225 0.549867 0.641307 0.058139 0.078521 0.060939 0.764120 0.701573 0.001591 0.002918 0.001256 0.001906 0.001560 0.001155 0.051600 0.042392 0.018384 0.087790 0.179359 0.676452 1.773751 1.727940 1.755992 1.747335 1.734857 2.660729
-9999.000000 -9999.000000 -9999.000000 -9999.000000 -9999.000000 0.007694 0.015953 0.013008 0.002284 0.000995 0.000995 0.001216 0.009167 0.013301 0.008136 0.012637 0.016240 0.017400 0.011293 0.007114 0.003032 0.010304 0.269908 1.342306 0.250390 0.056363 0.044464 0.055441 0.124237 0.091854 0.053252 0.002087 0.002638 0.004156 0.405422 0.041911 0.070052 0.082801 0.070997 0.386129 0.439021 0.564100 0.598271 0.007812 0.001251 0.026871 0.018395 0.055675 0.047848 0.003855 0.006193 0.233371 0.559047 1.564921 0.520575 0.530604 0.535289 0.586490 1.623000
