use_cases/Flooding_chicago/flooding_data/output/h_3540.asc
ncols 337
nrows 393
xllcorner 428428.000000
yllcorner 4602440.000000
cellsize 26.757400
NODATA_value -9999.000000
[rows 135 to 161 of 393, columns 118 to 176 of 337]
0.236032 1.013249 2.084636 3.075219 4.074607 4.086442 5.080893 5.088654 5.089328 5.090546 5.083603 6.068424 8.053902 8.079865 8.099377 6.081612 6.057000 6.065854 6.060958 6.080027 5.076525 4.058652 3.016071 3.008786 3.988132 4.010372 4.021211 4.033322 3.058615 0.862972 1.728438 1.794873 2.650089 2.706142 3.668463 3.725713 2.598621 1.230951 1.050322 0.891781 0.619333 0.751749 1.832244 1.892082 0.785056 0.007711 0.003387 0.003621 0.005560 0.004056 0.003132 0.004204 0.002957 0.003808 0.005035 0.007041 0.008398 0.614484 0.682535
0.934000 2.069269 3.086556 4.073155 4.081711 5.081766 5.079982 6.072479 6.082917 6.079535 6.079645 6.070360 6.078756 6.080859 6.077466 6.080810 5.050240 5.057906 6.039686 6.077341 5.070164 4.021243 3.986193 3.990989 4.003091 4.029647 2.986670 3.023836 1.919972 1.809509 2.750671 2.821573 3.730813 4.754038 4.835294 3.814997 2.714650 1.310122 1.084405 0.897341 0.847944 1.726477 2.838063 2.908251 1.992944 0.007747 0.003957 0.002514 0.011693 0.005087 0.005460 0.002817 0.004059 0.005578 0.005751 0.027737 1.763322 2.915761 2.888066
1.034339 3.074981 3.085351 3.085558 4.074746 5.077503 5.080400 6.076949 6.087311 5.083845 5.081290 5.079175 6.062686 6.080081 6.079381 5.086410 4.037372 4.044985 5.028327 5.050620 5.069280 4.023501 4.958933 5.011634 4.019231 2.975664 3.004925 1.944808 1.911866 2.633549 3.752911 4.761349 4.802589 4.782254 4.843773 3.803568 2.691395 1.277353 0.986307 0.809381 0.854845 1.801318 3.809305 3.921534 1.982124 0.947877 0.004645 0.002022 0.017447 0.004513 0.003264 0.006361 0.004624 0.006796 0.017047 2.797755 3.861865 3.864380 2.879713
2.080125 3.053150 3.080045 4.089550 4.081220 5.077646 5.079362 6.072899 6.081690 5.083776 5.081508 5.079560 5.066462 6.068915 5.083312 6.109775 3.055291 3.058812 4.005101 5.048747 4.074508 3.016069 4.956944 5.020268 4.005964 2.943798 2.933462 2.889644 3.797916 3.819141 3.806790 4.756696 4.798339 4.770719 4.846321 3.789973 2.627557 1.169852 1.096793 1.084240 1.019804 1.768871 3.804137 3.916218 3.940407 2.923169 1.888534 0.576500 0.422704 0.312872 0.003512 0.008890 0.007325 0.004042 0.512144 3.783696 4.826951 4.877275 3.857303
2.074562 2.080707 3.081009 4.083023 4.084513 5.071881 5.081614 5.083596 5.086052 6.092750 6.099896 5.088802 4.083284 4.085336 5.064646 6.096210 3.050558 3.049719 3.040671 4.038235 3.031688 3.003450 2.982721 3.925624 3.961383 3.923977 4.866253 4.934512 4.947701 3.820007 3.802542 4.679298 4.754070 4.737672 4.863699 2.550844 2.285607 1.629600 1.817667 2.114436 2.016567 1.960535 3.719270 4.882615 4.997453 3.957326 2.909953 1.624369 1.425149 1.387675 2.429216 2.692946 2.713270 1.341460 1.577770 2.743750 4.737418 4.925398 3.884006
2.073000 2.076565 3.075137 4.062776 4.067067 4.061392 5.069642 5.080070 5.082965 6.083562 6.089280 5.087484 4.083015 4.084423 5.070440 5.101392 3.050686 3.046042 3.035073 3.031309 3.026970 3.000619 2.981675 3.928735 3.968066 4.869160 5.942630 4.949621 4.952496 3.836379 3.826596 3.869430 2.714136 3.565339 4.796045 2.531188 2.188190 2.192635 2.222955 3.274469 2.106885 2.459430 4.729454 6.849974 6.008998 4.933959 3.882982 2.578115 2.389081 2.420008 3.097036 3.509948 3.416698 3.525126 1.973166 3.613251 4.016857 4.000807 4.044779
3.091409 3.096236 3.087305 3.090257 3.087183 3.085904 4.075909 5.080489 6.088258 6.088915 6.082850 5.075175 4.087104 5.096033 6.097992 5.088406 5.113526 4.096463 3.041503 3.033522 4.039248 3.006285 2.991153 2.981464 4.892375 4.950976 5.931725 6.001581 3.936904 2.830569 2.819128 2.869058 0.607578 1.636361 2.772278 0.450449 0.786034 1.022455 2.146676 2.258409 2.044209 4.091881 6.752168 7.876812 7.030066 4.839949 4.849351 3.589175 3.170286 2.533047 2.242568 2.318649 3.929112 4.530458 2.043119 2.672686 2.980904 2.968165 3.807501
4.083214 3.085241 4.086508 3.089149 3.085521 3.083415 4.058857 5.069925 6.074014 6.078272 5.067818 4.081363 4.081611 5.073133 7.045830 7.094814 6.075322 5.072129 4.059653 4.043782 4.058833 3.006837 2.989711 2.984025 2.984187 3.891382 4.915639 3.999649 1.942164 0.719730 0.698597 0.029027 0.003981 0.003180 0.023348 0.003671 0.002757 0.004708 0.099202 0.874670 1.853573 3.653180 5.856596 6.987702 4.997144 3.886439 3.869780 3.840547 2.719159 1.129434 0.789674 0.914486 3.009885 4.410978 2.115022 2.078648 2.082965 2.053846 2.645991
3.082097 3.077224 3.063398 3.089355 3.085655 3.083434 3.082130 4.048166 5.053691 5.084211 4.083182 4.079672 4.080141 5.069499 6.043523 6.059143 5.072010 4.063342 4.034135 5.022160 4.046426 3.020045 1.994856 1.993195 1.995838 1.986472 1.984482 2.008089 0.007291 0.010048 0.011847 0.005669 0.003092 0.005025 0.005729 0.004577 0.002138 0.005223 0.006746 0.069720 0.814874 1.831845 2.869318 2.924982 2.924329 2.898835 2.857454 2.842126 1.778046 0.442131 0.494985 0.799313 2.055188 3.224921 2.146601 2.125005 2.113395 2.096843 2.052378
2.081723 2.096018 2.098141 3.101051 4.113365 4.107666 3.091004 3.092406 3.096060 5.092196 5.110313 4.084656 4.082502 5.052908 5.063478 4.061403 4.056717 4.050720 3.003527 3.933712 2.995805 0.971921 0.970110 0.976467 0.969805 0.956991 0.971291 0.974066 0.010675 0.009516 0.013019 0.006257 0.003662 0.006979 0.008449 0.006086 0.012018 0.009680 0.008053 0.010252 0.006023 0.094174 0.848937 1.937546 1.967082 2.947010 1.965285 0.946817 0.009115 0.217399 0.327668 0.812292 2.061737 3.200906 2.168439 2.145498 2.126423 2.114551 2.076034
1.107918 2.081771 2.100722 3.107134 4.107660 5.112903 4.112560 4.114447 4.118553 6.120963 6.120533 5.118132 5.119156 4.089422 4.048770 3.035983 3.032295 2.999820 2.056592 1.079651 1.071044 0.001081 0.004354 0.004426 0.009508 0.005339 0.958778 0.959484 0.005458 0.004982 0.007845 0.012013 0.016984 0.005101 0.008969 0.006738 0.010918 0.009076 0.009440 0.004756 0.004679 0.129803 0.862684 1.939137 1.963629 2.946227 1.958521 0.939055 0.013180 0.006319 0.147206 0.191254 0.938417 3.206939 2.187700 2.160711 2.137841 2.130904 2.068893
1.105796 1.104673 2.108660 3.110170 5.124056 5.109772 5.117733 5.119921 6.134915 6.114827 6.116791 6.127684 6.122015 4.103133 3.095462 2.115527 2.111956 2.103187 2.092619 2.114998 1.082870 0.001328 0.001081 0.008531 0.001635 0.004467 0.019130 0.022107 0.004081 0.007525 0.008799 0.008924 0.010419 0.008963 0.001579 0.001579 0.007501 0.005918 0.011900 0.009511 0.262833 0.229129 0.893779 0.942335 1.950526 1.943201 1.955953 0.918884 0.010506 0.006838 0.270300 0.202653 0.443068 1.993338 2.218130 2.198277 2.170280 2.202750 1.125327
1.099572 1.104143 2.103584 3.105793 5.108814 5.105682 5.106781 5.108924 6.110526 6.099396 6.099817 6.098288 6.076560 5.118866 3.092194 2.120501 2.118844 2.115309 3.151086 3.138829 3.130850 0.108115 0.089960 0.004847 0.003103 0.003512 0.011455 0.013809 0.004379 0.006395 0.004909 0.009318 0.019685 0.019834 0.001579 0.001579 0.004203 0.007225 0.009252 0.280077 1.395452 0.329439 0.213668 0.838134 0.865615 0.855371 0.850862 0.807854 0.663254 0.614156 0.482635 0.341201 0.594974 0.541564 1.139828 1.219155 1.191508 1.202321 1.228893
1.111205 1.111806 2.100405 3.104754 5.105776 5.105846 5.106854 5.102520 5.107121 5.096901 5.092503 5.107537 5.084155 5.070566 4.086461 3.125807 3.159944 3.153368 3.104694 3.110613 3.111905 2.149675 2.128439 0.082774 0.003510 0.006575 0.006754 0.007141 0.002805 0.003386 0.009217 0.007476 0.018682 0.020762 0.002599 0.003927 0.003790 0.004569 0.271809 1.422177 1.415848 0.381013 0.311816 0.204219 0.208260 0.159190 0.826519 0.821756 0.691181 1.451363 1.532949 1.355565 0.932488 0.597654 1.079969 1.216586 2.168535 1.199245 1.171949
2.128152 1.118352 3.120962 4.121320 5.104073 5.107146 5.096949 4.097906 4.099578 4.086784 4.108262 5.087759 4.099873 4.023993 3.076295 2.115784 3.097661 3.081895 2.122908 2.097802 3.125356 3.136780 3.098481 1.045083 0.005452 0.006977 0.001439 0.008358 0.006472 0.005736 0.004861 0.009837 0.103767 0.113756 0.081960 0.003731 0.005293 0.004563 0.007468 1.417654 1.409904 1.453521 0.378564 0.000995 0.226258 0.216092 0.183103 0.000995 0.005833 1.385903 2.268102 2.331843 0.912297 1.138266 1.177715 1.221881 2.081862 3.210293 2.173620
1.111040 2.127587 4.109731 5.113920 6.099645 5.090527 3.114924 3.114152 3.120036 3.112437 4.104401 4.104156 4.062158 3.104281 3.081581 2.117370 2.128534 2.129370 2.124428 1.129099 2.088964 2.129811 2.120527 2.114621 0.075742 0.001428 0.002456 0.004621 0.009923 0.009463 0.008101 0.006522 0.138532 1.156261 2.129216 2.155539 0.084070 0.044593 0.017393 0.450439 2.384768 1.461167 0.426732 0.000995 0.259230 0.259708 0.250808 0.000995 0.013151 1.388609 1.399364 1.036344 0.746465 0.963698 2.007748 2.117869 3.152075 3.196184 3.200571
0.098414 3.120092 3.106365 4.098545 4.101529 4.094213 3.112085 3.110318 3.104256 3.093262 3.112549 4.083833 3.105151 3.116104 3.128186 4.237170 3.210860 3.201827 2.151372 2.184196 1.141564 2.130086 2.124535 1.134049 0.091188 0.005710 0.001083 0.012315 0.054412 0.925635 0.972850 0.112148 1.147326 2.085170 3.095793 3.156941 0.983108 0.877930 0.777174 0.607421 1.396836 1.516485 0.437570 0.423103 0.348358 0.303181 0.257041 0.183244 0.809031 1.596232 1.646522 0.461448 0.001373 0.996899 2.024135 3.070637 4.144255 4.178303 3.153945
2.109363 3.116218 2.087899 2.089034 3.079712 3.096528 3.101416 3.084191 2.120516 2.117373 3.143644 3.118758 4.173377 4.180713 4.203817 5.235416 5.248341 4.210152 2.151608 2.158057 2.166976 2.139055 1.131856 1.114423 0.007848 0.002432 0.001328 0.003153 0.079299 2.126541 2.162963 2.192706 2.167608 2.099451 3.083722 3.138854 2.084555 0.904958 0.788413 0.642226 1.385612 1.526644 0.443918 0.426568 0.379484 0.321081 0.270989 1.758011 2.922776 2.898253 1.792923 0.062364 0.000748 0.128423 1.979030 3.070512 4.100760 4.158688 3.100371
3.106826 3.120963 1.127067 1.127978 1.123165 2.080928 2.069233 2.056700 2.112103 2.113740 3.136856 4.143116 4.129666 5.178702 5.149535 5.156652 5.151145 4.167384 3.180903 2.161447 2.159301 1.154538 1.150154 0.098805 0.008158 0.003339 0.001083 0.003021 0.080638 2.147977 3.178560 3.193534 2.169269 1.124601 3.039176 3.104027 3.106141 0.909390 0.773587 0.629430 1.259517 2.381536 2.418408 2.465583 1.455451 0.329074 0.230323 2.870259 4.976087 5.001193 2.971757 2.120438 0.058348 0.231136 1.830030 3.028352 4.025072 4.114532 3.063050
2.092378 2.099731 1.130912 1.133588 1.130632 1.131255 0.139910 0.143074 2.140197 2.129596 3.139253 4.127950 4.129247 5.123036 4.164054 4.184981 4.191205 4.176786 3.164474 2.164124 2.162730 1.158882 1.156573 0.107531 0.008031 0.003657 0.003892 0.005337 0.006687 2.154278 3.165690 3.181186 2.171532 1.121505 2.043453 2.062654 2.013509 2.010663 0.758683 1.077795 2.301956 3.402997 4.329913 4.429956 3.429871 1.143119 1.852570 3.860845 4.946004 4.977985 4.008718 3.129150 0.818257 1.284732 1.579023 2.934380 3.158377 2.097401 2.044729
0.119135 0.143386 1.150740 3.196403 3.193281 2.181283 0.155091 0.154979 2.134828 2.130638 3.137647 4.124111 4.110503 4.145808 4.164165 4.184546 4.193270 4.183753 3.172530 3.195318 2.167040 2.189920 1.147505 0.097836 0.003601 0.003454 0.003434 0.005924 0.003159 1.053726 3.176517 3.196134 3.217220 3.260956 2.156608 1.071770 1.867468 1.887675 1.647095 2.138050 3.313267 3.452454 5.290146 5.459960 4.410829 3.257738 2.032359 3.771715 4.954026 5.045019 4.034326 3.084487 1.879713 1.096083 0.768294 0.995092 1.151076 1.039945 0.946323
0.000748 0.145419 2.147956 3.152562 3.165747 2.160359 1.159049 1.174752 2.123544 3.148142 4.137049 4.128057 3.135922 4.167064 5.224492 5.240804 4.207407 4.195810 4.204987 4.209033 3.199418 2.199245 0.121440 0.002731 0.001551 0.002832 0.002429 0.003713 0.004332 0.999546 3.204356 5.242135 5.258210 5.285644 3.225125 2.218311 1.050962 0.958600 1.472030 1.376770 3.191782 3.388287 4.244927 4.371721 4.406015 3.190445 3.066142 3.011915 4.964691 5.092623 4.097795 3.132863 2.164635 0.109245 0.061379 0.388670 0.883000 0.862296 0.676476
0.264945 1.173555 2.090656 2.122625 2.137550 1.144878 1.154697 1.161511 3.126881 3.129341 3.128940 4.117780 4.124799 4.146917 5.174284 5.158812 4.200595 5.222600 5.209880 5.212283 5.219810 2.211829 0.002848 0.001749 0.003457 0.004215 0.003154 0.004407 0.865152 3.154537 5.210157 6.186891 7.215078 7.238395 5.232285 3.203324 2.155543 2.171099 0.830075 1.204170 2.272775 2.433575 2.393308 2.340260 2.302218 2.143794 2.095116 3.853561 5.986618 7.040720 6.100512 5.031821 4.178730 2.073345 1.989303 1.812621 1.496574 1.042863 0.756991
0.262901 1.178729 1.195910 1.226640 0.195920 0.000748 0.144228 1.105125 3.086475 2.119138 2.120757 3.102062 3.105819 4.109683 5.168883 4.193727 5.238381 5.210524 7.208018 7.233131 6.235931 3.237677 0.155872 0.001556 0.003799 0.167215 0.258042 0.246807 2.970141 5.109415 7.168235 8.196589 8.200597 7.236085 5.202007 4.222029 3.217694 2.176092 0.926876 1.280632 3.169060 2.294895 2.318464 2.369165 1.225771 1.904679 2.932823 3.979524 5.985732 7.031242 8.038074 8.027742 7.145679 5.104897 5.078401 4.020454 2.972196 0.552381 0.591203
1.315051 2.260145 1.230068 1.267298 0.226314 0.193885 1.177870 2.135479 2.079230 1.076871 1.084991 1.088510 2.101138 3.128204 5.143028 5.227731 5.188682 7.156993 8.155093 8.202365 7.209974 5.192742 3.151184 0.802788 0.606796 2.192181 2.406877 2.373544 3.791409 6.084103 7.167844 8.188315 8.216814 7.292730 5.244052 4.241740 3.232236 2.126713 3.062025 1.729416 1.955112 0.891264 0.936596 2.115213 2.156634 2.092478 2.940176 3.992143 5.006018 6.022881 7.051105 8.037126 7.118250 5.044289 4.029649 2.974997 1.910465 0.554903 0.515635
2.248475 2.247970 1.190107 1.213697 1.230663 2.214490 2.211098 2.200098 0.190120 0.164400 0.159510 1.048797 2.094161 3.128299 6.168121 7.277845 6.223990 8.029374 9.110978 9.202590 7.157042 6.063002 6.102020 3.926486 2.657153 2.405964 2.418758 2.358844 3.753081 5.110622 6.182781 7.176717 7.235447 7.326677 5.284358 4.281678 3.247205 4.238365 5.117427 4.311492 0.835488 0.004238 0.002950 0.075628 0.090982 0.059603 1.887036 2.955217 2.972610 3.975754 5.003686 4.021798 2.834972 1.697900 1.875228 0.819265 0.780971 0.010131 0.013435
1.278160 2.181471 0.166545 0.173823 1.214684 1.219771 1.221619 2.190113 1.236762 0.173521 0.178238 0.147660 2.024141 4.148383 7.132723 7.197316 7.211470 8.018813 9.059968 8.154941 7.114990 7.147862 6.126724 4.996027 3.840163 2.490270 2.433540 2.360816 2.176710 3.859998 4.127885 4.116314 4.187707 5.178767 5.200846 5.228553 4.200957 4.159521 4.065516 3.194648 0.024073 0.004858 0.002051 0.004397 0.004813 0.003977 0.017257 0.634225 1.926222 0.912560 0.771886 0.008499 0.005829 0.004312 0.068009 0.148047 0.118266 0.012720 0.009676
