use_cases/Flooding_chicago/flooding_data/output/h_3540.asc
ncols 337
nrows 393
xllcorner 428428.000000
yllcorner 4602440.000000
cellsize 26.757400
NODATA_value -9999.000000
[rows 81 to 107 of 393, columns 236 to 294 of 337]
6.150016 6.163725 4.150221 3.179979 0.095864 0.004201 0.003502 0.005550 0.006875 0.007978 0.002145 0.001872 0.007559 0.006906 0.014710 0.013177 0.011156 0.002481 0.002068 0.011280 0.881460 0.955969 1.047088 0.199334 0.151384 0.166647 0.118299 0.113378 0.061581 0.003898 0.075056 1.097975 2.084377 2.856289 3.029921 3.080549 4.441031 5.524449 5.456615 4.150281 3.300057 1.170444 0.338038 0.293531 0.147496 0.123100 0.139385 0.153963 0.198459 0.214572 1.246259 2.079388 1.957908 1.827177 1.573352 0.675435 0.348011 0.203212 0.101935
4.147078 4.158960 3.147716 2.135460 1.098644 0.078429 0.002403 0.001176 0.001636 0.002093 0.003271 0.002144 0.006146 0.006974 0.010910 0.009103 0.007058 0.001496 0.001128 0.016565 1.097943 1.217942 1.299256 0.293304 0.201650 0.126972 0.081393 0.173934 0.022223 0.007681 0.039708 1.193335 2.143286 2.122416 3.236701 4.376749 6.534581 6.474616 6.484814 6.470809 5.564422 4.621378 1.566052 0.480636 0.001718 0.002108 0.154035 0.162381 0.211380 1.281754 2.311396 3.246809 3.274065 2.105737 1.072471 1.030009 0.037477 0.015926 0.006706
2.097365 2.101395 2.104041 2.120583 1.119482 0.078344 0.006954 0.003310 0.005951 0.007572 0.002111 0.020226 0.010822 0.013730 0.006148 0.003244 0.002117 0.001709 0.003019 0.567911 2.528832 2.665232 2.680098 1.454048 1.261431 1.151866 1.200906 0.132810 0.066749 0.148604 0.065701 1.124525 2.066082 3.235233 4.361660 5.427072 7.471053 7.484622 7.496846 8.576319 8.655807 6.636399 3.623766 1.613183 0.589522 0.003668 0.002972 0.002060 0.224467 1.271619 3.323267 4.317377 4.344840 2.190644 2.292892 1.038282 0.052380 0.004451 0.004656
2.072270 2.071053 2.984816 2.996778 2.962221 2.001865 2.041289 0.034172 0.005053 0.007459 0.001720 0.001505 0.007596 0.009098 0.026047 0.025852 0.019544 0.736876 0.768464 2.662992 3.668122 3.780330 2.639922 1.287263 1.741213 1.971909 0.910194 0.577807 0.414965 0.247714 0.378994 0.314104 1.098247 2.256049 4.337418 7.466353 6.466033 7.465169 8.495399 9.509577 9.511556 7.528264 3.521073 1.580247 1.579717 0.002927 0.002764 0.002004 0.254717 1.239452 3.273522 4.296206 4.327717 4.393509 3.402765 0.243283 0.004577 0.008354 0.001716
2.027269 3.027372 4.043763 4.051598 5.020483 4.036154 3.068945 1.066973 0.046953 0.038198 0.002466 0.001131 0.004447 0.006405 0.019719 0.701668 1.847110 2.835175 2.864702 3.717442 4.733296 4.837291 3.792413 1.228763 1.753562 1.934893 0.684550 0.806173 0.718019 0.558859 0.471150 0.401674 1.086164 3.278531 5.345439 7.372211 6.454936 7.389413 8.375340 9.404058 8.442092 6.426524 2.565020 1.549957 1.539747 1.514855 1.494331 1.467759 1.424465 3.293722 3.335749 4.248537 4.285663 4.304486 3.353203 0.245377 0.002182 0.001579 0.001579
3.022180 4.054841 4.075303 5.032056 6.037723 6.043351 4.066844 2.058319 2.061082 2.065855 0.037796 0.002751 0.004812 0.003755 0.028841 1.758884 1.827694 2.765315 4.754345 4.802505 5.763141 4.797578 3.681956 0.455208 0.655428 1.256397 1.698372 1.979555 1.815224 2.051911 2.326465 2.419752 3.335204 4.360233 5.353288 6.397107 6.459455 6.453886 6.464043 7.408292 6.496513 5.589391 2.580623 1.544414 1.515641 2.425968 2.470488 2.455698 2.444831 3.269988 4.361164 3.340259 3.282529 3.199719 2.403030 0.289724 0.002182 0.001579 0.001579
3.058170 4.070756 3.063555 5.067267 6.051168 6.056638 5.062397 4.046628 4.049247 4.075920 2.049044 0.842088 0.840679 0.907404 1.840286 2.811697 2.885344 2.850443 4.778844 4.832108 5.763233 4.943227 0.685961 0.508699 0.692184 1.082658 1.857931 2.087252 1.903748 2.080120 3.356553 5.437507 4.501447 4.431427 5.291250 5.358564 5.448272 5.479379 5.438573 5.429662 5.455185 5.576637 2.564070 2.604586 2.535310 3.458938 3.485142 3.469286 3.461666 3.389240 3.389161 3.399171 2.283167 1.348093 2.356754 0.345490 0.003832 0.003622 0.002627
4.065936 3.063747 3.061612 3.056050 5.007298 6.038156 5.059777 4.038376 4.036893 5.021210 4.018293 4.023828 4.016832 4.045955 2.935309 2.856788 3.819500 3.895346 4.775078 5.842529 5.810390 4.978295 1.709058 1.488487 1.042368 1.122928 1.232365 1.221716 1.047914 1.858534 4.290747 5.461368 5.582541 4.538793 3.458410 3.497223 4.468999 5.486731 4.530335 4.549926 4.568145 5.583526 3.558774 3.535847 3.514835 4.475409 4.490804 4.482083 5.492948 4.457286 4.474747 3.458570 1.370404 1.306984 1.379877 0.357180 0.001908 0.027135 0.014466
5.045028 4.069592 3.059758 3.052394 5.014267 6.039280 6.062915 5.044717 5.044863 5.038678 5.032947 5.033124 5.025975 5.048581 4.018681 2.865092 3.767879 3.859317 4.753207 5.797244 6.793800 6.976831 3.773203 2.395590 2.023172 2.039189 2.305373 2.246163 2.042243 1.945028 3.151180 4.393188 4.564648 4.594218 3.515695 3.533243 4.507144 4.525542 4.553487 4.561123 5.599482 5.360902 2.353690 2.388765 3.428915 4.450689 4.468708 5.446888 7.462461 6.494397 4.450420 3.465535 1.440500 0.370726 1.327338 0.366420 0.375455 0.001122 0.012923
5.049057 5.053481 5.071433 3.043633 4.020498 5.032437 6.037353 6.046819 6.042352 6.039879 6.037658 6.036508 6.049284 5.041855 4.022276 2.893033 2.864119 3.773769 4.760659 5.745827 6.559628 5.871750 3.597922 3.466392 1.961398 1.834570 2.944436 3.328141 2.063350 1.697230 1.644174 2.223478 3.489242 4.484268 4.561768 3.537562 4.518269 4.525331 5.567509 5.639542 5.551778 2.567754 1.541987 1.532392 2.386415 4.416649 5.456000 6.459329 7.472771 6.452545 5.493121 3.491360 1.471807 0.403175 0.346884 0.368793 0.001620 0.001474 0.008971
5.049198 6.058862 5.080508 3.046687 3.052248 5.019792 5.052971 6.033010 5.031657 6.015642 6.030567 6.046057 5.043622 4.015659 4.035565 2.917460 3.860216 3.858698 4.748690 4.827098 4.772678 4.890899 2.775684 1.346547 1.051734 0.695616 0.778079 2.036452 2.149747 0.737572 0.544071 0.465367 2.474662 3.443027 4.469583 3.462666 3.463046 4.460172 4.463409 5.432087 5.338998 3.753027 1.604016 2.616999 3.391866 5.427807 6.463723 7.479332 6.515236 5.491040 4.487686 3.469904 2.531486 0.473909 0.001886 0.002437 0.001832 0.009970 0.005955
4.026733 5.052083 6.072752 4.045561 4.059659 4.062515 5.054485 4.040628 4.051051 5.020724 5.038760 5.051827 4.024363 4.019445 4.009902 3.978256 4.911493 3.890174 3.856551 4.812119 3.844393 3.848684 2.838754 0.476089 0.283128 0.215557 0.006998 0.006843 0.010476 0.007584 0.004574 0.028780 1.301547 2.430653 3.459300 3.436486 3.439521 3.418707 3.453074 3.494718 4.328629 3.633700 3.869770 3.693376 5.288527 6.450272 7.459950 7.496590 6.545782 4.498695 3.490179 2.440817 2.457604 2.458982 0.001858 0.002334 0.010366 0.006403 0.013461
3.061278 4.033948 5.061272 6.044750 5.069757 5.087483 4.080372 3.060860 4.027210 5.021360 5.039544 5.033213 5.042332 5.046635 5.073263 3.971507 3.934788 3.914013 3.892605 3.877374 3.900649 2.918093 1.831828 0.034593 0.007833 0.015427 0.009722 0.001701 0.005063 0.005130 0.003502 0.003234 0.003566 0.008147 0.006456 2.439397 3.417560 3.431500 3.418054 3.498127 3.520534 3.602289 3.666811 3.580299 5.180817 6.394261 7.431003 7.466694 6.507926 4.469615 3.460511 2.425636 2.436651 2.456861 0.318245 0.001394 0.005821 0.009194 0.508768
2.050954 2.077286 4.037389 6.053463 6.070966 5.079137 4.078365 3.063103 4.033898 6.025276 6.061611 5.031964 5.037635 6.046988 5.056367 3.975580 3.936463 3.879981 3.867487 3.889245 3.910754 2.941169 0.010471 0.002618 0.001472 0.013409 0.016243 0.001956 0.001773 0.003590 0.002527 0.000748 0.002259 0.002786 0.003427 0.219337 1.204794 1.329046 2.239422 3.293422 3.472390 3.556422 3.604752 3.535032 4.233244 5.348505 5.415211 5.459064 4.455802 4.457397 3.414764 3.393856 3.433855 2.289164 0.732078 0.417713 0.491984 1.615313 1.691370
1.102156 2.064680 2.087264 5.037501 6.072338 6.091148 6.103600 5.117446 4.064645 6.020196 6.047642 7.050498 6.060316 7.052664 6.103514 3.988427 3.941498 2.906841 2.826259 3.786562 3.842459 1.893167 0.002273 0.001827 0.002047 0.007978 0.008026 0.002687 0.001941 0.002759 0.008088 0.001874 0.002297 0.001380 0.002409 0.003418 0.003068 0.256555 1.436817 2.499658 3.506834 3.556487 3.557389 3.442303 4.133712 4.257266 3.379225 2.427763 1.293382 2.371355 2.392433 2.412259 1.294291 2.039262 1.313919 1.187575 2.467926 3.635338 1.744974
1.106857 1.102587 2.056420 5.028606 5.073131 6.066536 6.079288 5.082675 5.088595 6.027873 6.044387 7.026972 7.057229 7.045570 6.054116 5.055834 2.952595 2.911322 1.887015 1.789351 1.833969 0.826377 0.002085 0.002108 0.000748 0.005162 0.004204 0.000748 0.002379 0.003505 0.018352 0.015550 0.003306 0.002427 0.003181 0.001131 0.002092 0.002777 1.488349 3.845635 4.893973 3.686917 3.541996 3.108911 1.958717 0.166517 0.005097 0.008888 0.004518 0.245830 1.345740 1.348832 0.260729 0.002177 1.055788 2.193602 3.686124 2.792744 1.865387
1.102892 1.100893 1.096225 5.028652 5.060006 5.059420 5.046091 5.042438 6.046769 7.032337 6.041930 6.038401 7.036942 6.056859 5.027341 3.984751 2.990707 1.937985 1.890819 0.912693 0.918473 0.007484 0.005081 0.004411 0.003157 0.000748 0.002978 0.002465 0.003455 0.101031 2.157422 2.182558 1.105739 0.081499 0.005027 0.000748 0.001109 0.001251 1.529720 4.956913 6.046814 4.900470 3.616024 1.598777 0.234425 0.001093 0.000748 0.009685 0.002073 0.002762 0.007257 0.008452 0.003616 0.003670 0.180472 2.425170 2.684337 1.579719 0.474449
1.091508 1.093816 1.089621 5.044666 4.067602 4.070142 3.051578 3.091519 4.894715 5.998898 6.029578 6.038854 6.056392 6.058476 4.080587 3.042235 3.987980 3.027116 0.953728 0.900206 0.943618 0.989508 0.004379 0.005036 0.002690 0.002396 0.005741 0.004764 0.140767 1.211948 2.197948 3.203780 2.196041 1.090577 0.004024 0.001346 0.002792 0.100746 3.901459 6.031448 6.975455 3.669154 2.461195 1.849428 1.422186 0.306348 0.005834 0.002644 0.002779 0.001735 0.001694 0.002443 0.003810 0.002930 0.003721 0.287605 1.445007 1.259234 0.965596
1.067985 1.073466 1.077162 3.023526 3.029552 3.041287 2.094044 3.084562 3.102612 3.975267 5.037819 6.047602 6.068310 6.073249 4.089052 3.048910 3.019587 2.026482 1.019697 0.009131 0.949330 0.958567 0.008856 0.005819 0.002601 0.002277 0.005096 0.009933 1.202588 1.203029 2.169727 3.193652 3.201719 2.184302 0.003259 0.001195 0.002410 0.766415 3.489735 5.682908 5.509910 3.051408 2.150433 2.101294 1.393212 0.350365 0.007156 0.002754 0.002465 0.002064 0.000748 0.001131 0.003332 0.002756 0.005564 0.002983 0.251053 0.976518 1.002000
0.166076 0.099154 0.072247 0.063352 1.102153 2.101192 2.105263 3.075567 3.091730 3.003900 4.013161 6.023357 6.047493 6.034486 4.081067 3.041002 3.007369 1.988889 0.955223 0.969341 1.948958 2.016327 1.002231 0.971834 0.002574 0.061261 1.082551 2.249232 2.204752 2.186012 2.180644 3.192125 3.206639 2.184230 0.001689 0.003504 0.034482 0.873535 1.935272 4.012656 4.172186 3.257040 2.333454 2.288673 1.449133 0.474961 0.010512 0.008780 0.004102 0.002523 0.002693 0.002142 0.012709 0.006440 0.005171 0.127975 0.816542 1.023658 0.985039
0.228459 0.001131 0.000748 0.002313 1.120347 2.129662 3.180355 4.157740 4.192828 1.861821 1.909280 2.968555 4.978065 4.885221 4.064267 3.024925 2.936403 0.951150 0.013404 0.956886 1.928307 2.989559 3.007083 1.945403 0.691683 1.018287 3.145963 4.271681 3.216336 3.203270 3.193805 3.210641 3.230486 2.213221 0.117146 0.614061 1.486546 2.371923 2.317074 4.148441 4.368520 3.446838 2.499902 2.508871 2.657494 1.649436 0.709045 0.667166 0.012244 0.012918 0.005964 0.245901 1.318408 0.234856 0.378991 0.241283 0.790366 2.032526 0.975175
0.284949 0.300637 0.002057 0.002203 1.128141 3.202252 4.225394 5.226222 4.220573 0.226237 0.218826 1.030231 2.994568 3.098809 4.099754 3.115832 0.856454 0.002952 0.001131 0.003616 0.804970 3.966300 2.970926 0.835701 0.687122 0.983516 3.141464 4.230489 3.185271 3.187486 3.175346 3.212208 2.154511 2.106489 2.022082 1.954730 3.615104 3.689122 3.621089 4.211761 4.376565 3.410072 3.686179 3.702037 3.737542 2.718907 2.754704 1.757675 0.729152 0.578399 0.411854 1.364650 2.348730 1.403968 0.207656 0.136689 0.087205 0.721637 0.774868
2.325140 2.360582 1.283463 1.293834 2.181202 3.185743 4.166903 5.166473 4.220598 0.267624 0.265379 1.044791 2.104546 3.100998 4.118528 3.105512 0.109291 0.002268 0.000748 0.003971 0.004041 2.992465 1.889838 0.165328 0.093543 0.168149 2.082546 3.162658 2.157861 2.169484 3.170951 2.180594 2.190802 1.071954 2.752025 2.981234 4.662604 4.799288 4.829479 3.598007 3.640131 2.615642 3.650285 4.725737 4.761934 3.726905 3.764216 1.773569 0.676464 0.011974 1.352377 2.365030 3.331357 1.383300 0.277248 0.006642 0.014009 0.007513 0.010120
3.291101 4.318264 4.373697 2.294942 2.228762 3.177639 3.164445 4.162217 4.202084 1.328025 1.350026 2.226433 3.247031 4.215650 4.218997 2.237331 0.190454 0.003469 0.006931 0.006421 0.003505 0.994060 1.884792 1.204132 0.157430 0.110066 0.231245 1.064056 1.119018 1.160358 2.145005 2.198961 1.147228 1.094835 2.634261 3.757668 4.602743 5.785836 4.806377 4.858160 3.693712 3.768142 4.667239 4.671809 4.705789 4.711539 2.770793 0.006622 0.001617 0.005922 0.265799 1.037159 2.177973 0.203886 0.161534 0.015279 0.010936 0.005134 0.007091
4.299587 5.323247 5.359012 3.308743 3.282566 3.220905 2.216299 3.087144 3.094388 2.279049 2.313905 3.254543 4.265906 5.244405 5.297337 2.199893 0.238214 0.251210 0.005209 0.005912 0.003345 0.203890 1.112424 1.217557 0.221945 0.199521 0.151028 0.969429 0.072853 0.141584 1.022278 2.085948 2.173245 3.107559 2.982484 2.728034 3.275828 4.627110 5.816123 5.919805 3.711776 3.634047 3.627993 3.648129 3.689319 2.690211 0.596195 0.003166 0.001717 0.007257 0.026520 0.006619 0.007030 0.002679 0.010048 0.014027 0.011515 0.008171 0.005188
3.279110 5.315894 5.344012 4.335840 3.299670 2.251751 2.244392 2.255517 1.243766 2.260957 2.293485 4.226913 4.238081 5.169520 5.244324 1.106534 0.209870 0.003257 0.003679 0.003398 0.004524 2.320777 1.234423 1.257682 1.310336 1.294055 1.290348 1.238457 0.185456 0.102942 0.954699 1.924112 2.107903 3.078874 3.229732 2.036219 1.901908 3.358489 5.648481 5.882690 3.703484 2.554891 2.412164 2.559341 2.658128 2.625480 0.040972 0.002173 0.002376 0.007570 0.017486 0.006662 0.004115 0.004096 0.002795 0.006558 0.008861 0.012419 0.002385
2.316782 5.318500 6.348196 5.357281 3.302770 3.326357 2.266400 2.262165 2.308385 2.290316 3.322717 4.209192 5.244781 4.197093 4.233778 0.301593 0.270788 0.002598 0.001845 0.003816 0.203527 3.292252 2.333376 1.261353 1.276713 1.269961 2.240722 2.321204 1.196932 1.020898 1.365034 1.329124 1.937294 3.129960 3.368075 2.133514 1.951482 2.263068 3.423411 5.672697 2.807249 1.492201 0.755298 1.649040 2.690293 2.667887 0.047358 0.001579 0.001579 0.009141 0.009524 0.008812 0.004042 0.002354 0.001942 0.003905 0.008005 0.008634 0.001652
