use_cases/Flooding_chicago/flooding_data/output/h_3540.asc
ncols 337
nrows 393
xllcorner 428428.000000
yllcorner 4602440.000000
cellsize 26.757400
NODATA_value -9999.000000
[rows 243 to 269 of 393, columns 59 to 117 of 337]
1.415249 2.406481 3.407861 4.413483 4.407194 3.400236 1.390988 0.444090 0.448306 1.460551 2.438060 2.452922 2.452415 2.451546 2.451029 2.450629 4.463869 6.464098 7.456698 7.456051 7.454934 6.458549 6.457065 6.452960 5.456654 6.457722 6.416775 4.462660 3.460697 2.453247 2.476668 3.502360 3.485800 2.490558 2.491932 4.488133 5.461593 4.430290 4.441153 2.390329 0.408816 0.003943 0.864303 1.843775 2.861848 3.857184 3.854401 2.847271 0.864328 1.871513 3.867406 4.869393 4.864444 4.858948 2.867536 2.871705 1.872978 1.863738 0.813323
2.419844 3.411151 4.412585 5.417406 5.408776 4.392873 2.410992 1.434170 1.431349 3.445495 3.439492 3.433402 2.447762 2.447296 2.447201 3.454316 6.464172 7.456758 7.451416 6.454052 6.452107 5.455280 5.455831 5.457057 5.445589 4.454114 4.455081 4.447983 3.435636 1.472683 2.506540 3.516795 3.512781 3.556569 3.568933 5.497121 4.421697 4.368199 2.308785 1.370127 0.397816 0.005312 0.003185 0.842585 1.863727 2.864184 2.859385 1.849812 0.017008 0.866781 2.874948 3.872445 2.873634 1.873375 1.862973 1.876761 1.866904 0.807867 0.009780
2.422050 4.415500 5.413924 6.417240 5.411669 4.405040 3.384466 2.438598 2.438639 4.460608 4.441200 3.446422 2.448463 2.447415 3.450630 4.452209 7.464300 7.456931 7.450964 6.448258 5.454243 5.451021 4.452893 4.444355 3.455218 3.451902 3.452166 3.467755 3.458921 2.475026 2.475813 3.468879 3.449129 3.447400 3.435026 4.394121 3.364711 2.324279 1.482118 1.482089 1.530706 0.701246 0.713390 0.787765 0.811962 1.854209 1.841152 0.826897 0.015739 0.017092 1.870623 2.875172 2.875618 1.872444 0.880426 0.888202 1.877180 0.808672 0.007768
3.418514 5.417464 6.411096 5.416581 5.409576 4.388484 2.417564 2.438001 3.452388 3.453092 3.439742 2.445478 2.446114 2.445580 3.453553 5.459657 6.460077 6.456052 6.453479 6.449745 5.451660 4.441145 2.456240 2.460225 3.452090 2.447612 2.447876 3.476182 3.461018 2.459560 2.464434 2.410052 2.366926 2.358707 2.489476 3.497582 2.460300 1.325618 1.409231 1.423914 1.576322 1.616570 0.722869 0.785957 0.807934 1.837102 0.837418 0.819974 0.011985 0.016093 0.867805 1.868680 2.871333 3.870735 0.873419 0.880123 1.868813 0.850319 0.851754
3.423185 5.416582 5.410223 4.412067 4.406728 3.358077 1.426906 2.452554 2.445927 2.449015 2.447259 3.437948 2.445238 3.446769 4.447579 4.448369 5.457959 5.453465 5.450995 5.449069 4.446953 3.443900 2.451659 2.455802 2.442720 1.451985 1.423996 3.457869 3.462424 2.463451 2.426862 1.488392 1.522135 1.537072 2.570066 3.536280 2.446816 0.617070 0.612994 0.636454 1.726732 3.806843 2.694354 0.812627 0.822216 1.845220 0.845096 0.843349 1.876081 1.867802 2.872192 3.856719 4.870299 4.863506 2.867388 1.875115 1.863797 1.851653 0.855612
2.419224 4.416234 4.409575 2.416858 2.405277 1.418516 1.423868 2.451066 2.444582 2.446818 3.449203 4.442998 4.429681 4.437152 4.444879 4.447197 4.448446 4.449841 4.443440 3.447930 4.450663 3.442122 2.450166 2.450356 1.446455 1.432830 0.493584 1.382404 3.441628 2.414951 1.366877 1.388726 1.517213 1.557961 2.600530 3.445145 2.507840 1.696451 0.676087 0.697412 1.756003 4.812542 3.741337 2.778070 1.699487 0.843699 0.842616 0.844813 2.882946 2.874695 3.873964 3.868071 4.873164 4.869389 3.867954 2.881033 2.866281 1.856537 0.808483
2.420750 4.418118 3.403393 1.414542 1.412626 1.417358 1.423173 2.451588 2.444808 3.452963 4.446985 5.444130 5.439269 5.436891 4.446018 4.448323 4.448858 4.446310 3.448441 3.448051 3.450308 3.447842 3.443839 2.451300 1.441043 0.433398 0.506592 0.502473 2.375125 1.225272 0.554674 0.578795 1.666854 2.768910 3.746590 2.656208 2.659144 2.732371 1.770366 1.782933 1.752194 4.795479 3.712244 2.787166 2.751454 1.849121 1.851511 2.886028 2.870098 2.867155 2.865631 2.861446 3.865626 2.863184 3.864604 4.873265 3.852422 1.840093 0.060273
2.423704 3.416607 3.409289 1.413909 1.411102 1.417207 1.425065 1.437186 2.452104 2.449018 4.457116 5.447306 5.448159 5.445891 4.450356 4.451077 4.448295 5.449721 4.446095 3.447567 2.445408 2.445912 2.445105 2.440348 0.416563 0.005608 0.590519 0.578969 1.557912 0.596536 0.607210 0.634065 1.692881 2.719142 3.692199 2.673953 2.681809 2.724359 2.701047 1.751411 1.752293 2.781009 2.730152 1.781093 1.771250 2.862810 2.840942 2.857066 2.860259 2.848376 1.856729 1.844895 0.809242 0.008729 2.876603 3.857292 2.873063 0.833572 0.030194
1.418613 2.412601 3.413195 2.389678 1.402791 1.408757 0.416657 0.423860 1.452857 1.453889 2.448706 4.453488 4.448690 4.449477 3.445245 3.448077 4.449197 5.446706 5.449563 4.449383 3.448889 2.449085 1.430628 0.322234 0.008772 0.014944 0.660506 1.699283 2.663594 1.697009 1.700236 1.731434 1.701610 2.729385 3.709189 3.683745 2.699895 2.713359 1.743105 1.748745 1.747257 1.732622 1.704506 0.770217 0.765432 1.847168 1.851748 2.880417 2.873116 2.862947 1.863791 0.813006 0.001825 0.000995 0.743518 0.691553 0.746803 0.003664 0.001579
0.368320 1.388932 2.412364 2.405746 1.385945 0.407252 0.411800 0.415878 0.425627 0.435922 1.440907 2.437197 3.438671 3.439587 3.443411 3.447246 3.447690 4.450826 4.448166 3.447437 2.447007 1.443707 0.002277 0.003185 0.014066 0.012753 0.661159 1.677967 2.618934 2.629808 1.667612 1.681158 1.701014 2.734718 3.714137 2.719624 2.733213 3.812541 3.815611 2.795038 1.755090 0.787326 0.771028 0.004368 0.006532 0.875466 1.876528 2.883041 2.880672 2.874713 1.876188 0.831662 0.001825 0.000995 0.004431 0.000995 0.005385 0.006510 0.001579
0.353001 1.376508 1.377812 1.380768 1.375831 0.394008 0.399112 0.395458 0.000782 0.437544 2.439001 3.429658 3.445519 3.446329 3.443717 4.447897 4.445702 4.446489 3.448334 3.446419 2.442272 0.308800 0.001240 0.003724 0.011852 0.496820 1.651140 1.657162 1.621697 1.658540 1.641505 1.634403 2.809614 3.810417 3.752480 3.792011 2.753272 3.784934 3.778201 2.774436 2.748866 0.785837 0.759125 0.003293 0.005145 0.879788 2.893634 2.883158 2.882150 2.878274 2.881670 0.856961 0.017180 0.013279 0.003524 0.000995 0.004611 0.003803 0.089043
1.247641 1.328327 1.353285 1.360969 1.363787 1.333674 1.337125 1.333871 0.349452 2.440273 4.417146 3.436522 2.427792 2.442420 4.443944 5.444314 4.444664 3.427784 2.446465 2.443509 1.390586 0.007601 0.000995 0.007024 0.013214 0.471378 1.623556 1.645690 0.536278 0.562702 0.599255 0.676743 2.783794 3.781287 3.764427 3.776317 3.809108 3.790658 3.785160 2.773600 1.742855 0.813262 0.809305 1.873398 1.856558 1.863286 2.884966 2.875594 2.875950 2.873716 2.876126 2.892218 1.879011 0.844785 0.002305 0.002207 0.010875 0.934428 0.053306
2.285713 2.277457 1.354972 1.365895 2.386009 2.366460 2.370864 2.376835 2.356767 4.419286 3.403507 2.414070 2.402269 1.410685 3.452143 4.445051 3.445221 0.269815 0.006625 0.009290 0.013372 0.008063 0.000995 0.006742 0.009062 0.008793 0.486775 0.007681 0.002182 0.002182 0.005537 0.702895 2.796410 3.790001 3.779605 3.788328 3.791257 3.797245 3.789095 2.771582 1.806475 2.866311 1.846431 1.860482 1.853776 1.857101 2.875223 2.863317 2.862290 2.858613 2.869805 2.866008 1.866228 0.850423 0.013109 0.007839 1.934616 1.933278 0.912764
3.215711 2.317666 2.350310 2.361253 3.387287 3.362922 3.366876 4.395632 4.357180 4.390937 3.389663 2.408727 2.391472 1.401863 1.403458 0.273809 0.006331 0.003874 0.005697 0.003538 0.006851 0.013509 0.020206 0.014510 0.007230 0.006836 0.016230 0.001512 0.001579 0.001579 0.007587 0.731774 2.808711 4.838075 3.801680 3.809041 3.811549 4.851904 5.858002 4.831130 2.853486 2.855469 2.839017 1.864882 1.857967 1.857404 1.861788 1.873763 1.874405 1.872753 2.867048 2.867118 1.858809 0.000748 0.011235 0.921198 1.945587 1.943800 1.931841
3.251506 2.307927 3.381774 3.373847 3.371728 3.365267 3.371851 4.402916 5.280241 4.392980 3.373961 2.415070 2.398005 1.376201 0.266312 0.005343 0.004065 0.003401 0.002784 0.001390 0.002993 0.003977 0.017040 0.015313 0.007523 0.009638 0.006121 0.027710 0.001579 0.001579 0.010709 1.814847 2.804340 4.777074 3.804172 3.813258 4.839868 5.819283 6.818219 5.824434 4.800404 2.849280 2.826648 1.840739 0.841103 0.838766 0.809892 1.873571 1.876405 1.877473 1.876825 2.879982 1.867737 0.861465 0.007774 0.935635 0.937650 1.937770 1.933255
3.277022 3.235897 1.333320 3.389741 3.377045 3.363537 2.368288 3.384177 5.308721 3.379113 1.254758 2.429479 2.387084 1.260517 0.080185 0.007727 0.005897 0.002581 0.001107 0.001419 0.002295 0.002995 0.004346 0.007374 0.011203 0.007441 0.006008 0.892936 0.005174 0.001676 0.017126 1.757704 2.785923 3.700012 3.754267 3.770521 4.794076 4.813889 5.789342 5.763444 3.751160 2.840662 2.804042 1.829222 0.807219 0.009712 0.008092 0.908716 1.904329 2.906738 2.895848 2.880688 2.921446 2.929406 2.916351 2.913321 2.911365 2.909350 1.911786
3.276631 3.257196 0.296721 1.327071 2.365024 1.345491 1.343904 2.321437 4.343128 1.234894 0.015469 0.006587 0.268737 0.157056 0.113648 0.004017 0.003888 0.002132 0.002845 0.001419 0.001107 0.001840 0.002562 0.011361 0.030859 0.026252 0.047228 0.904523 0.930189 0.005701 0.838791 2.802841 2.825686 2.825415 2.816925 2.828471 3.791403 4.795355 3.820470 3.800308 2.846764 2.832309 1.852115 1.835560 0.779392 0.011827 0.000748 0.894687 1.885493 1.873617 1.854659 1.850635 2.909203 3.938404 3.920859 3.923122 3.913986 2.912200 1.901930
1.256553 1.252000 0.012065 0.012746 0.025573 0.225429 0.229467 1.062418 2.157015 0.008049 0.003235 0.002043 0.002298 0.250607 0.215085 0.005214 0.002739 0.001328 0.018318 0.003146 0.001838 0.001718 0.003337 0.004321 0.026809 0.023723 0.042040 0.869079 0.910170 1.866316 1.884659 2.796305 3.868123 3.860265 2.831074 2.838765 2.810636 2.808192 2.809545 2.799200 2.849535 2.851846 2.855449 1.859467 1.861408 0.851195 0.006059 0.899702 1.890908 0.887363 0.023271 0.921303 1.931488 3.938635 3.926768 2.933331 3.929953 2.925647 1.912295
0.056129 0.060206 0.026006 0.018515 0.024147 0.066034 0.017177 0.023525 0.023335 0.008555 0.002111 0.001081 0.001980 0.222727 0.237111 0.003894 0.004396 0.009403 0.014840 0.009167 0.006423 0.003537 0.003351 0.003315 0.005106 0.013131 0.040923 0.862434 0.908430 0.887960 1.814040 2.815701 3.847537 2.835172 2.797988 2.817650 1.813809 1.851987 1.853087 1.843446 2.881498 2.862561 2.863740 2.869910 1.863906 1.859601 0.879026 1.916012 1.885666 0.877123 0.025428 0.922672 1.928493 3.931970 3.925187 2.929431 2.926896 2.925207 0.938641
0.066895 0.072842 0.033420 0.035893 0.053536 0.045988 0.021373 0.020547 0.021039 0.012378 0.001081 0.001328 0.002070 0.324542 0.351447 0.003811 0.007118 0.010284 0.005914 0.010837 0.006307 0.010281 0.002342 0.003316 0.004030 0.006794 0.770508 1.961860 0.934744 0.922056 1.827285 3.850437 3.875142 2.854280 1.751775 1.776642 0.797871 1.845472 1.851170 1.842177 2.885563 2.863070 2.862239 2.845153 1.869452 1.871635 2.926946 2.891874 1.865751 0.900268 0.920614 0.916229 1.927429 3.925533 3.921475 3.921947 2.921710 2.917910 0.930117
0.080217 0.065505 0.014230 0.033617 0.047596 0.042071 0.021820 0.039373 0.015888 0.027533 0.036407 0.025412 0.435017 1.448784 1.451322 0.446261 0.029478 0.048652 0.052928 0.034053 0.040693 0.046764 0.031744 0.017889 0.007628 0.019267 1.876897 2.916794 1.907550 2.927370 2.919644 3.821750 3.843161 3.881685 0.855674 0.855123 0.013335 0.840198 1.855645 1.844084 2.869001 2.843397 2.840618 2.869859 2.904643 2.902113 2.909206 2.902549 2.890731 1.923363 1.923886 1.920280 1.923563 2.931932 2.922888 2.924935 2.916811 1.922638 1.919100
0.078239 0.003891 0.002828 0.002539 0.004666 0.070918 0.033058 0.050190 0.017929 0.032508 0.039441 0.028085 0.419521 1.417976 1.406738 0.425481 0.035954 0.046618 0.039658 0.027817 0.037241 0.031276 0.040585 0.025644 0.012515 0.755746 3.905923 2.923765 2.915762 2.911893 2.858611 2.786423 2.776778 2.790679 0.850715 0.830327 0.012809 0.026379 0.786903 1.813539 1.799419 1.852447 1.860994 2.898429 3.912182 2.894011 2.898916 2.886050 2.862890 1.905068 1.881513 0.917252 1.913540 1.913524 1.903182 0.913284 0.911587 0.907168 0.934869
0.052663 0.003092 0.002871 0.002187 0.004674 0.022945 0.043001 0.041434 0.003703 0.006198 0.035231 0.034033 0.390829 0.390915 0.323189 0.037403 0.045832 0.003133 0.001572 0.002837 0.002776 0.034241 0.065894 0.063713 0.872189 1.938582 3.848737 3.932975 2.915219 2.924120 1.918086 1.896204 1.890674 0.837688 0.840447 0.887133 0.961979 0.022008 0.012947 0.009993 0.905106 1.836673 1.850477 2.880758 3.896710 3.867483 1.917279 1.909093 1.904462 1.886102 0.929034 0.931748 0.941995 0.929139 0.025150 0.032954 0.033602 0.030095 0.942709
0.063696 0.003498 0.003814 0.004695 0.004955 0.006693 0.035552 0.006935 0.002208 0.013707 0.007570 0.042855 0.053664 0.112395 0.090341 0.038872 0.033435 0.002606 0.001718 0.000748 0.002058 0.002345 0.079982 0.653051 1.911380 1.911076 1.907870 4.969880 4.931599 3.959805 2.977925 1.913724 1.896460 0.014998 0.023456 0.871744 0.915508 0.037507 0.000995 0.000995 0.910191 0.905951 0.898803 1.852699 2.885318 2.835340 1.917090 1.912975 1.915612 1.923214 1.971836 1.983222 1.975969 0.932593 0.031934 0.034278 0.033335 0.024794 0.940560
0.064083 0.068666 0.012796 0.007054 0.009698 0.005193 0.009382 0.010722 0.004820 0.006966 0.005499 0.008014 0.005315 0.208560 0.047196 0.078191 0.063159 0.003380 0.001808 0.002274 0.001366 0.002090 0.150249 0.153463 0.876846 0.008331 0.869873 4.950498 4.917636 3.901215 2.959938 2.980232 2.959240 0.942344 0.052507 0.052019 1.010655 0.055958 0.047643 0.030756 0.911023 0.919454 0.885729 0.921395 1.921946 1.929932 1.937376 2.965150 2.952621 2.957900 2.984180 4.023028 4.003175 1.991547 0.984722 0.971508 0.976651 0.983956 0.967551
0.029799 0.034190 0.016605 0.009064 0.014044 0.002877 0.003247 0.002745 0.001527 0.011674 0.010103 0.005769 0.008827 0.200393 0.076803 0.109642 0.093286 0.002658 0.001875 0.003838 0.002960 0.113853 0.219649 0.211798 0.002962 0.003214 0.010739 2.935703 3.907679 2.946967 2.954059 2.914557 2.925227 1.879272 0.074623 0.093270 1.067162 1.088535 0.040790 0.936935 0.938137 0.920529 0.046979 0.915423 0.917787 1.952694 2.966297 2.941093 2.941943 2.943518 3.990948 3.979994 3.945250 1.981022 1.993653 1.983256 1.988044 1.985518 0.958400
0.007596 0.029945 0.011881 0.009296 0.002954 0.004594 0.003555 0.002439 0.008902 0.011155 0.001579 0.001579 0.005104 0.059243 0.113590 1.147369 1.143740 0.110191 0.001407 0.008071 0.012374 0.155947 0.133963 0.070858 0.003420 0.003783 0.007425 0.012689 0.878535 2.978328 2.963419 1.975147 2.971236 1.897782 1.069829 1.115397 1.052586 1.044794 0.999800 0.971560 0.949331 0.087220 0.116041 0.095313 0.912984 1.932660 2.944760 2.935198 2.931662 2.930783 3.967219 3.944852 2.968402 1.985047 1.990386 1.983907 1.987050 1.979622 0.978927
