use_cases/Flooding_chicago/flooding_data/output/h_360.asc
ncols 337
nrows 393
xllcorner 428428.000000
yllcorner 4602440.000000
cellsize 26.757400
NODATA_value -9999.000000
[rows 135 to 161 of 393, columns 118 to 176 of 337]
0.036141 0.051149 0.040513 0.038521 0.095784 0.061070 0.184554 0.140865 0.110455 0.073355 0.036664 0.135844 1.434887 1.432396 1.464283 0.088919 0.104523 0.118815 0.200470 0.178379 0.069160 0.049996 0.017373 0.017373 0.161979 0.171345 0.175623 0.141251 0.057298 0.014397 0.047026 0.034198 0.058990 0.035253 0.323141 0.277318 0.080531 0.056963 0.078087 0.086355 0.055504 0.064047 0.134714 0.125613 0.051610 0.053856 0.033340 0.034553 0.047763 0.038658 0.031517 0.038138 0.030433 0.037215 0.043648 0.051138 0.064782 0.075538 0.059252
0.054208 0.053247 0.093514 0.187247 0.136195 0.262391 0.184811 0.700430 0.714978 0.597174 0.503026 0.328272 0.215496 0.153872 0.114827 0.121056 0.028938 0.029248 0.225039 0.217449 0.087183 0.044429 0.061377 0.082614 0.123760 0.150258 0.032096 0.042549 0.023292 0.026582 0.058726 0.039385 0.071038 0.861716 0.776365 0.199307 0.087128 0.059294 0.080624 0.070763 0.095000 0.092781 0.179973 0.168006 0.067358 0.038657 0.037147 0.025994 0.084698 0.041909 0.044348 0.029961 0.039329 0.047111 0.044938 0.053766 0.071831 0.102528 0.076496
0.041514 0.151488 0.141230 0.059547 0.116597 0.250372 0.198020 0.783902 0.807468 0.025232 0.031973 0.030000 0.169684 0.170792 0.126968 0.025139 0.032766 0.033347 0.076255 0.113575 0.104211 0.034578 0.686424 0.643686 0.088807 0.029488 0.046882 0.018151 0.022011 0.034040 0.079189 0.900052 0.915622 0.903617 0.868004 0.125866 0.071824 0.044284 0.053462 0.043698 0.081505 0.078773 0.334214 0.326569 0.047187 0.046224 0.038167 0.023262 0.109266 0.035912 0.028496 0.049521 0.038215 0.050697 0.051901 0.058381 0.217771 0.239088 0.047304
0.127560 0.204222 0.153378 0.257709 0.173566 0.297533 0.208821 0.780730 0.802801 0.026078 0.034970 0.046414 0.032186 0.180620 0.024326 0.618607 0.025688 0.027369 0.040398 0.155237 0.036532 0.025087 0.716614 0.679656 0.075503 0.026497 0.034874 0.027794 0.083078 0.086679 0.080373 0.919696 0.926803 0.903058 0.865553 0.099184 0.061460 0.024117 0.067763 0.060584 0.046980 0.066091 0.293516 0.278563 0.181736 0.050608 0.055842 0.045443 0.088035 0.068506 0.027809 0.048000 0.046759 0.034415 0.047539 0.186591 1.309865 1.328770 0.241985
0.135032 0.068225 0.119475 0.242011 0.203508 0.302131 0.230724 0.132941 0.071855 0.638560 0.613828 0.055665 0.024085 0.023110 0.049524 0.619135 0.033120 0.040922 0.030465 0.074608 0.031956 0.048150 0.037043 0.082797 0.075873 0.050791 0.679265 0.694361 0.674077 0.089849 0.090006 0.858313 0.853497 0.872817 0.861582 0.041861 0.062926 0.037316 0.230475 0.188423 0.152759 0.073302 0.159473 0.485515 0.404917 0.048164 0.061242 0.045454 0.068043 0.075397 0.076809 0.082863 0.079697 0.028762 0.063365 0.033761 1.319129 1.334511 0.233643
0.082693 0.057299 0.141452 0.278944 0.252511 0.130347 0.213945 0.142165 0.072591 0.636775 0.610118 0.063618 0.029000 0.023872 0.067482 0.052985 0.027887 0.036530 0.042491 0.037009 0.041155 0.059553 0.055685 0.117396 0.070796 0.594179 1.619747 0.661470 0.660409 0.084128 0.109636 0.096782 0.022522 0.058159 0.752722 0.041329 0.052849 0.291847 0.281900 1.272848 0.166723 0.122748 0.432794 2.526000 1.521880 0.403858 0.065184 0.044637 0.056110 0.140304 0.558178 0.584504 0.543995 0.555354 0.041169 0.276342 0.222896 0.224393 0.210303
0.334052 0.340145 0.250775 0.160918 0.106775 0.061055 0.060507 0.089842 0.610107 0.634228 0.602078 0.073619 0.025566 0.069400 0.799465 0.041566 0.062647 0.039318 0.027720 0.026463 0.254680 0.061448 0.083653 0.063689 0.592430 0.583837 1.617265 1.575997 0.079926 0.058915 0.080545 0.069131 0.027276 0.035411 0.083053 0.026087 0.040642 0.039056 0.183267 0.186040 0.127001 0.430937 2.510382 3.525052 2.526320 0.476023 0.538235 0.134771 0.181311 0.144397 0.091087 0.063883 1.756617 1.772161 0.034100 0.076658 0.071814 0.051176 0.128253
1.397184 0.346642 1.282708 0.202915 0.140358 0.083138 0.092312 0.087152 0.593859 0.625824 0.051693 0.027035 0.031166 0.077100 1.813389 1.803115 0.606200 0.267896 0.163521 0.199777 0.225216 0.068584 0.086135 0.089087 0.066937 0.102507 0.529365 0.104073 0.056152 0.062534 0.081917 0.043645 0.034830 0.027443 0.068604 0.032189 0.027657 0.036648 0.045742 0.056540 0.091451 0.088630 1.404052 2.535539 0.410136 0.148389 0.129880 0.151001 0.034918 0.028363 0.029518 0.036796 0.697996 1.820808 0.048287 0.058650 0.060371 0.048262 0.054305
0.300520 0.302112 0.234762 0.167948 0.105674 0.066915 0.035413 0.036485 0.061545 0.059352 0.021537 0.036720 0.032586 0.082464 0.615716 0.616887 0.107703 0.098586 0.174147 1.243612 0.163672 0.061798 0.044885 0.058059 0.076084 0.095746 0.133765 0.135350 0.045493 0.056807 0.065862 0.040737 0.027631 0.038248 0.041956 0.036538 0.021629 0.034920 0.040553 0.069849 0.060090 0.058857 0.087712 0.110098 0.134363 0.218902 0.120261 0.080915 0.035180 0.023719 0.047051 0.054878 0.085242 0.830100 0.062481 0.087187 0.092322 0.084245 0.052742
0.076363 0.068413 0.046375 0.094186 0.156433 0.137045 0.024786 0.022151 0.018324 0.058931 0.070036 0.026099 0.025411 0.101652 0.080108 0.038314 0.061070 0.093000 0.024173 0.216723 0.039666 0.032249 0.054019 0.060455 0.063522 0.085067 0.143887 0.130708 0.062771 0.054668 0.070083 0.039896 0.030136 0.048586 0.056285 0.043836 0.070781 0.055535 0.050057 0.062615 0.041852 0.044140 0.041699 0.083744 0.080677 0.405764 0.042783 0.035512 0.019308 0.045748 0.057721 0.069657 0.086969 0.837984 0.076606 0.105725 0.111940 0.106581 0.077349
0.039674 0.089005 0.070183 0.086818 0.079484 0.486888 0.029995 0.035326 0.028018 1.046902 1.047576 0.054266 0.074552 0.033741 0.060795 0.039727 0.058227 0.054831 0.030074 0.021003 0.033698 0.017967 0.041897 0.036919 0.057320 0.036704 0.176445 0.156459 0.040464 0.035146 0.047975 0.066235 0.088472 0.036742 0.060345 0.048884 0.065426 0.054595 0.057018 0.033645 0.034676 0.051724 0.068198 0.137779 0.132638 0.439390 0.077617 0.051445 0.027366 0.023507 0.037250 0.037674 0.046105 0.776800 0.095412 0.123631 0.129041 0.127194 0.109349
0.059999 0.044016 0.066957 0.064556 0.383769 0.447108 0.365968 0.261751 1.047961 1.049246 1.055844 1.034457 1.038379 0.028984 0.031883 0.025372 0.032697 0.035384 0.042949 0.054116 0.028343 0.021034 0.017967 0.065773 0.020082 0.038719 0.082607 0.082769 0.031805 0.049909 0.053931 0.051913 0.059236 0.057832 0.022590 0.022590 0.050198 0.040077 0.066442 0.059319 0.071028 0.057782 0.106647 0.071109 0.151328 0.122214 0.138303 0.060971 0.023567 0.022941 0.052792 0.031775 0.040576 0.108691 0.139323 0.144235 0.144489 0.147836 0.035897
0.058314 0.050424 0.064266 0.055764 0.382808 0.443643 0.393066 0.289566 0.977693 0.982589 0.999057 1.028921 0.934587 0.184075 0.029396 0.024818 0.030793 0.026685 0.564563 0.562206 0.583737 0.034904 0.047021 0.039451 0.030479 0.030755 0.067653 0.082366 0.035254 0.045643 0.034631 0.054684 0.096313 0.099032 0.022590 0.022590 0.033824 0.046139 0.061227 0.052422 0.385113 0.039957 0.031502 0.087682 0.071657 0.072804 0.084574 0.092347 0.090592 0.057133 0.043763 0.029651 0.065010 0.036646 0.056977 0.043487 0.031261 0.037927 0.050789
0.033406 0.036309 0.044701 0.038498 0.395855 0.447544 0.399557 0.289941 0.178178 0.129107 0.151465 0.194989 0.244437 0.268067 0.261981 0.269298 0.398834 0.434359 0.535442 0.542953 0.555518 0.053325 0.063808 0.046400 0.030733 0.049722 0.049463 0.052181 0.026529 0.029019 0.059341 0.048413 0.090287 0.098676 0.028572 0.037045 0.033573 0.035637 0.100234 0.350345 0.421289 0.032301 0.046099 0.042739 0.052076 0.043259 0.127725 0.106924 0.083257 0.138918 0.104476 0.097763 0.075620 0.039178 0.072808 0.048773 0.139628 0.029093 0.038361
0.952960 0.021781 0.045273 0.042029 0.424875 0.473128 0.438096 0.053172 0.067724 0.063279 0.057256 0.254626 0.054837 0.052107 0.030933 0.018269 0.424505 0.425054 0.031991 0.029394 0.618544 0.668467 0.509076 0.046058 0.043411 0.053003 0.020500 0.060391 0.048738 0.043694 0.035859 0.061139 0.140491 0.120674 0.071843 0.031884 0.045289 0.039404 0.033605 0.380583 0.401444 0.332018 0.040702 0.017373 0.081299 0.076589 0.066891 0.017373 0.025703 0.122671 1.133903 1.143828 0.083732 0.118467 0.068375 0.040879 0.071253 0.265638 0.051835
0.042128 0.039339 0.199931 0.366888 1.473394 0.516493 0.047252 0.063545 0.058124 0.043905 0.110450 0.100624 0.099422 0.030195 0.047277 0.022646 0.024900 0.031090 0.054712 0.014397 0.106971 0.137918 0.146806 0.149604 0.060462 0.020103 0.031533 0.038674 0.066539 0.060985 0.049418 0.043540 0.097044 0.106345 0.144201 0.116361 0.037479 0.039116 0.028450 0.034348 1.393737 0.271091 0.043135 0.017373 0.088391 0.086728 0.085074 0.017373 0.025703 0.106368 0.137467 0.105718 0.061210 0.079882 0.119590 0.075651 0.204207 0.231232 0.210518
0.019309 0.336018 0.159186 0.131652 0.093026 0.104658 0.075581 0.098362 0.086796 0.073364 0.043981 0.144991 0.019966 0.030053 0.029458 0.110182 0.040005 0.068544 0.063516 0.099545 0.014397 0.213680 0.183221 0.063143 0.077660 0.054039 0.018028 0.091154 0.087309 0.110833 0.096580 0.030028 0.077183 0.123844 0.953239 1.018997 0.044488 0.069300 0.073343 0.047736 0.315601 0.268175 0.046253 0.068306 0.077406 0.078380 0.070230 0.038938 0.039545 0.089360 0.105573 0.032263 0.018943 0.065396 0.073711 0.172277 1.230436 1.235191 0.212800
0.042660 0.464564 0.031661 0.031506 0.066739 0.065407 0.087113 0.100709 0.032235 0.028756 0.058679 0.028161 0.155170 0.111145 0.073939 1.079323 1.022722 0.127756 0.061024 0.114856 0.157477 0.195879 0.065527 0.079321 0.037850 0.028892 0.021004 0.034931 0.059059 0.150795 0.137170 0.087824 0.104303 0.119317 1.062875 1.049712 0.072126 0.058674 0.064363 0.045118 0.239586 0.197849 0.033974 0.048856 0.055711 0.063392 0.050540 0.053538 0.086884 0.098589 0.048069 0.018943 0.014397 0.024300 0.054527 0.161831 1.224750 1.237678 0.202107
0.568030 0.530437 0.026283 0.030994 0.026100 0.060112 0.047188 0.045601 0.054634 0.040993 0.054013 0.186205 0.179579 1.095862 1.101314 1.116461 1.033890 0.127842 0.118494 0.090600 0.133951 0.056730 0.084572 0.048179 0.060524 0.035530 0.018028 0.029930 0.058118 0.111929 0.352254 0.345637 0.075136 0.017373 1.051300 1.051935 1.045813 0.038691 0.050733 0.033822 0.121064 0.185621 0.123144 0.096292 0.050881 0.035777 0.032527 0.045584 0.259496 0.325402 0.041249 0.033822 0.021004 0.025963 0.059445 0.164521 1.225439 1.235802 0.167923
0.205366 0.140831 0.032127 0.033006 0.032386 0.030205 0.022590 0.022590 0.065726 0.045707 0.052499 0.210589 0.200204 1.113862 0.106061 0.096100 0.096894 0.121678 0.083875 0.067270 0.117469 0.060827 0.095008 0.060127 0.064675 0.035804 0.038455 0.045739 0.044426 0.084902 0.356815 0.362081 0.042219 0.017373 0.055689 0.071301 0.093299 0.117461 0.025950 0.041488 0.084110 0.182324 0.638923 0.652410 0.087253 0.026796 0.047330 0.073647 0.370908 0.379559 0.061299 0.057811 0.019570 0.084155 0.064997 0.142854 0.174568 0.040707 0.035807
0.033560 0.025219 0.029512 0.997739 0.947978 0.114431 0.022590 0.022590 0.063300 0.037925 0.039118 0.270835 0.216485 0.145855 0.091752 0.077598 0.093935 0.114584 0.063101 0.113015 0.087972 0.123028 0.074393 0.061756 0.035728 0.034199 0.034294 0.048390 0.028951 0.032343 0.222558 0.245325 0.137901 0.091595 0.030466 0.014397 0.105853 0.112192 0.079533 0.117773 0.215552 0.193722 1.963360 1.954785 0.905850 0.067036 0.024287 0.072024 0.356937 0.357832 0.058418 0.060614 0.036903 0.035209 0.027138 0.049458 0.054296 0.061019 0.046048
0.014397 0.024560 0.100991 0.903889 0.892437 0.106783 0.049966 0.045479 0.047056 0.175766 0.494903 0.453877 0.014397 0.093661 0.456664 0.493225 0.060498 0.077952 0.097624 0.109806 0.076488 0.072420 0.032494 0.034417 0.020026 0.030633 0.026846 0.033958 0.039816 0.031868 0.101062 0.250980 0.219452 0.146951 0.035773 0.035858 0.017373 0.017373 0.079759 0.041780 0.251089 0.199427 0.977160 0.989491 0.961288 0.078062 0.084048 0.035430 0.338258 0.320839 0.050940 0.037529 0.035636 0.017373 0.017373 0.020180 0.041827 0.050805 0.041821
0.041557 0.059777 0.141366 0.150109 0.122338 0.032615 0.056495 0.041970 0.427958 0.254324 0.127695 0.316278 0.260571 0.137189 0.463235 0.494113 0.029003 0.126283 0.099562 0.120931 0.089412 0.038658 0.021405 0.021064 0.035331 0.040536 0.032036 0.039655 0.045696 0.038338 0.096212 0.527183 1.602814 1.594145 0.115433 0.038519 0.036934 0.064347 0.017373 0.037653 0.103169 0.109508 0.102500 0.097142 0.056931 0.051494 0.026060 0.095485 1.259773 2.382457 1.399873 0.227581 0.044569 0.027170 0.035334 0.041150 0.045897 0.066572 0.066060
0.029747 0.058503 0.059310 0.057630 0.024284 0.014397 0.020912 0.028770 0.460979 0.031729 0.034039 0.056130 0.040581 0.083589 0.364763 0.014397 0.082906 0.068024 0.387889 0.380040 0.063117 0.040323 0.031120 0.021323 0.040291 0.059562 0.051223 0.039132 0.050786 0.046438 1.708185 2.753519 2.694306 1.639140 0.182808 0.073077 0.057468 0.046806 0.017373 0.033842 1.143909 0.116186 0.117060 0.152513 0.014397 0.076491 0.104058 0.152633 1.255157 2.380691 3.374066 3.293787 2.038508 0.692437 0.717020 0.422459 0.472777 0.028185 0.105286
0.049744 1.012750 0.063336 0.085209 0.023391 0.024284 0.032384 0.381213 0.257591 0.038253 0.045310 0.035285 0.040172 0.034079 0.191301 0.110991 0.065593 0.441037 1.517672 1.490552 0.383848 0.039449 0.038277 0.028114 0.033189 0.130353 0.125012 0.091663 0.135242 0.555999 1.737413 2.752697 2.708628 1.613185 0.269208 0.058697 0.052005 0.024147 0.087848 0.020701 0.104589 0.036308 0.034829 0.133357 0.151899 0.079528 0.114435 0.161059 0.258134 1.154444 2.324351 3.262636 2.011115 0.414437 0.255835 0.261452 0.233891 0.043233 0.112533
1.014190 1.030606 0.055386 0.071084 0.068808 0.506396 0.506888 0.475705 0.020608 0.033104 0.030297 0.056543 0.049064 0.042688 0.137139 0.641289 0.039860 1.443573 2.433015 2.384600 0.463839 0.110755 0.183553 0.057931 0.076559 0.164426 0.176395 0.136040 0.193996 0.142685 0.470761 1.552046 1.620888 1.513543 0.365791 0.041214 0.033577 0.814979 1.817873 0.553744 0.055644 0.036797 0.029761 0.054102 0.049707 0.036918 0.063224 0.150115 0.196196 0.141383 0.213694 0.050643 0.052029 0.074671 0.193326 0.262490 0.269434 0.051772 0.066238
0.086976 1.020984 0.028176 0.027992 0.086323 0.059641 0.042871 0.495370 0.056625 0.040626 0.046226 0.029662 0.044747 0.051856 0.476320 0.600992 0.528620 1.339323 2.449272 1.256491 0.416949 0.540406 0.227491 0.240303 0.284945 0.151408 0.181213 0.164455 0.101839 0.128941 0.075762 0.058712 0.052179 0.634948 0.658014 0.827656 0.323651 0.495377 0.473476 0.109805 0.048862 0.039711 0.025368 0.039046 0.041756 0.035179 0.065053 0.094854 0.286980 0.091279 0.065004 0.048369 0.039515 0.031122 0.148382 0.330166 0.287889 0.061590 0.047798
