use_cases/Flooding_chicago/flooding_data/output/h_360.asc
ncols 337
nrows 393
xllcorner 428428.000000
yllcorner 4602440.000000
cellsize 26.757400
NODATA_value -9999.000000
[rows 189 to 215 of 393, columns 177 to 235 of 337]
0.064888 0.052959 0.032036 0.034147 0.036666 0.094567 0.080055 0.090440 0.062680 0.671640 0.102342 0.048778 0.061062 0.033500 0.057840 0.019249 0.079803 0.030296 0.027931 0.055097 0.060873 0.024224 0.033806 0.253376 0.318042 0.287196 0.029976 0.030520 0.017373 0.081243 0.067206 0.025214 0.041328 0.045538 0.066988 0.055261 0.180844 0.160810 0.189746 0.161828 0.226462 1.289944 2.312188 0.147336 0.052122 0.028527 0.038627 0.035134 0.030322 0.034203 0.029869 0.042702 0.111325 0.586616 0.598303 0.067317 0.108875 0.049695 0.045433
0.045862 0.034630 0.050728 0.042656 0.129664 0.123630 0.081350 0.798920 0.779267 0.699240 0.140420 0.098953 0.045871 0.062487 0.019081 0.026878 0.086509 0.029777 0.023812 0.025382 0.043862 0.035453 0.050376 0.199381 1.306304 0.322706 0.270698 0.070228 0.064321 0.032082 0.036962 0.037115 0.062752 0.058066 0.086295 0.079750 0.171881 0.123232 0.174528 0.180516 0.228239 2.284989 3.313160 0.179163 0.034123 0.023857 0.039434 0.058284 0.059717 0.079480 0.075390 0.041343 0.207444 0.115924 0.092861 0.047055 0.038681 0.062234 0.062104
0.098419 0.052854 0.053969 0.103354 0.147560 0.110005 0.065616 0.839553 1.807434 0.650242 0.158172 0.125800 0.129442 0.059110 0.050177 0.025383 0.029350 0.035469 0.025459 0.017967 0.021034 0.026955 0.029595 0.189338 1.315911 1.307257 0.223226 0.079927 0.064288 0.050754 0.028755 0.027672 0.061147 0.059334 0.087181 0.082146 0.120167 0.190973 0.131508 0.264226 0.215791 1.283565 1.320913 0.221871 0.032485 0.032174 0.075385 1.001464 0.112948 0.063120 0.061715 0.354089 0.253402 0.045646 0.043160 0.032113 0.028343 0.017373 0.025703
0.085394 0.129727 0.251796 0.180168 0.155562 0.197563 0.182989 0.769739 1.800485 0.711328 0.069965 0.078457 0.073718 0.074355 0.034375 0.048973 0.034568 0.184294 0.049567 0.032402 0.017967 0.026115 0.029305 0.161712 0.248919 0.219796 0.040443 0.034538 0.037772 0.020409 0.018085 0.021660 0.033927 0.032035 0.040841 0.035652 0.076439 0.116649 0.414402 0.426889 0.017373 0.078421 0.188873 0.174337 0.118793 1.070382 1.078047 1.029214 0.109545 0.023212 0.024071 0.067194 0.065925 0.046018 0.037880 0.048521 0.026207 0.017373 0.025703
0.093097 0.047585 0.068706 0.045277 0.105691 0.626102 0.784710 0.769470 0.788742 1.817946 0.044143 0.075134 0.141851 0.098919 0.142168 0.025244 0.134172 0.110788 0.035454 0.030266 0.038368 0.031135 0.036689 0.122411 0.174463 0.030124 0.030586 0.046424 0.047341 0.053127 0.034065 0.021660 0.018085 0.020409 0.029285 0.023353 0.057209 0.088783 0.416063 0.440038 0.017373 0.157595 0.073200 0.129425 0.102688 1.043795 0.085668 0.072541 0.092430 0.024361 0.029839 0.028190 0.040352 0.028099 0.043678 0.042549 0.047309 0.020180 0.036216
0.081374 0.014397 0.052336 0.071298 0.114878 0.125820 0.111881 0.089606 0.771523 1.797992 0.091444 0.088813 0.071390 0.124824 0.147607 0.153213 0.132751 0.379854 0.040361 0.032280 0.031456 0.040034 0.036932 0.221703 0.088592 0.025062 0.014397 0.029914 0.077126 0.072562 0.034141 0.027199 0.026192 0.036165 0.029640 0.036812 0.055001 0.110860 0.084073 0.375501 0.317731 0.283631 0.031244 0.031048 0.036140 0.075685 0.083824 0.080452 0.068441 0.065214 0.064941 0.035103 0.034034 0.024696 0.027869 0.069923 0.057941 0.046806 0.056984
0.069395 0.094774 0.092269 0.063906 0.084446 0.047622 0.068753 0.042698 0.083584 1.802824 0.061147 0.049950 0.101666 0.144492 0.158093 0.026116 0.025643 0.298844 0.198544 0.140202 0.070035 0.095045 0.087533 0.194560 0.046253 0.040549 0.019309 0.037361 0.072952 0.078636 0.067601 0.032067 0.029777 0.048591 0.044061 0.060028 0.062977 0.137060 0.125242 0.064049 0.300146 0.270387 0.024498 0.030005 0.025276 0.036202 0.035983 0.062776 0.114379 1.100752 0.083341 0.076975 0.039727 0.032387 0.033471 0.051175 0.304380 0.316824 0.102821
0.068969 0.095726 0.092151 0.104594 0.063225 0.037263 0.036535 0.060766 0.113693 1.809665 0.038066 0.031443 0.018563 0.168063 0.172294 0.034751 0.033147 0.296389 0.224344 0.154226 0.167168 0.125332 0.121583 0.521743 0.048047 0.037239 0.028938 0.030020 0.117734 0.099845 0.108306 0.024695 0.051354 0.040823 0.045556 0.041357 0.045929 0.182164 0.017373 0.055301 0.026994 0.171302 0.024681 0.030622 0.029198 0.019820 0.029884 0.031487 0.037461 1.103495 1.098592 1.050610 0.068596 0.028786 0.029122 0.444582 1.466478 0.319545 0.083096
0.018965 0.026084 0.037739 0.121388 0.028740 0.019783 0.043558 0.086914 0.158776 1.679883 0.088360 0.047674 0.024163 0.031812 0.035850 0.043877 0.035392 0.033080 0.146084 0.122094 0.155839 0.113671 0.114250 0.442364 0.371010 0.044935 0.036605 0.059194 0.071997 0.150257 0.063346 0.037868 0.065436 0.044820 0.057517 0.045768 0.151233 0.184623 0.017373 0.036564 0.048504 0.281033 0.031013 0.042396 0.049615 0.027077 0.029675 0.019860 0.025200 0.067058 1.101767 2.086990 0.954193 0.343108 0.409618 0.429229 0.327354 0.040184 0.033257
-9999.000000 0.038567 0.042601 0.029962 0.049664 0.056907 0.062803 0.084684 0.128241 0.183318 0.091317 0.035751 0.043465 0.026757 0.033561 0.035409 0.027992 0.030742 0.098471 0.079788 0.111048 0.088114 0.091499 0.353452 0.328259 0.046992 0.049520 0.033806 0.074713 0.221602 0.221373 0.028893 0.063926 0.056970 0.072516 0.076830 0.132329 0.123233 0.062637 0.078396 0.043015 0.134997 0.118985 0.094707 0.078512 0.067777 0.033993 0.048046 0.018791 0.029501 0.065582 0.990534 0.963026 0.320424 0.427224 0.357641 0.031437 0.031644 0.023781
-9999.000000 0.048686 0.025245 0.027092 0.059696 0.061708 0.069206 0.159521 0.165722 0.103222 0.083183 0.054135 0.043540 0.032204 0.041618 0.035256 0.058057 0.053041 0.051448 0.098848 0.065550 0.063338 0.053322 0.181524 0.537357 0.051219 0.055704 0.034216 0.039918 0.172119 0.142875 0.069431 0.079796 0.055381 0.075525 0.056664 0.090365 0.116196 0.120272 0.079423 0.129579 0.124763 0.662860 0.067493 0.060666 0.554328 0.479273 0.043798 0.027806 0.032561 0.033378 0.111464 0.101728 0.052590 0.094976 0.149775 0.025993 0.040452 0.023018
-9999.000000 0.020455 0.031563 0.014397 0.028191 0.029732 0.065818 0.210445 0.247267 0.028114 0.026990 0.047894 0.094918 0.034918 0.045540 0.036126 0.063787 0.030687 0.080843 0.074802 0.055493 0.057697 0.058764 0.218591 0.329925 0.226655 0.050939 0.063195 0.085859 0.140278 0.126413 0.071130 0.086925 0.061290 0.096945 0.077800 0.054332 0.065137 0.188256 0.162613 0.710321 0.737831 0.705883 0.659445 0.660677 0.626794 1.644946 1.630559 0.440495 0.118481 0.054757 0.066703 0.058906 0.032143 0.029693 0.200165 0.121248 0.032431 0.028572
-9999.000000 -9999.000000 0.040444 0.021019 0.029808 0.040323 0.040917 0.089815 0.093723 0.042716 0.020437 0.049157 0.176344 0.166865 0.112607 0.180260 0.131964 0.039542 0.061448 0.061541 0.060179 0.065951 0.093868 0.472605 0.515859 0.121473 0.080278 0.065629 0.055713 0.133974 0.097680 0.113708 0.082661 0.103850 0.100831 0.098057 0.071576 0.095060 0.202798 0.191991 0.756573 0.771148 0.704987 0.669793 0.674614 0.652101 1.674335 1.654175 0.462028 0.141578 0.075696 0.085167 0.043756 0.042549 0.023187 0.076799 0.092397 0.166586 0.167401
-9999.000000 0.045101 0.035058 0.019887 0.075660 0.050225 0.054482 0.111186 0.132838 0.024788 0.031457 0.030357 0.031632 0.187021 0.164895 0.246872 0.190198 0.179282 0.169920 0.044002 0.058915 0.187034 0.138466 0.442245 0.421893 0.271095 0.140329 0.132839 0.074068 0.168850 0.140022 0.130241 0.095884 1.077547 1.078843 0.059554 0.044368 0.072255 0.197350 0.199872 0.761800 0.725909 0.027037 0.650181 0.639300 0.637411 0.623138 0.070407 0.065247 0.094499 0.095787 0.041039 0.036217 0.025870 0.027702 0.052300 0.033394 0.040442 0.160832
-9999.000000 0.080846 0.136431 0.034183 0.058358 0.044337 0.052268 0.109052 0.098160 0.024559 0.014397 0.025187 0.029809 0.207370 0.017373 0.028053 0.104020 0.450422 0.557751 0.456321 0.405398 0.290909 0.154062 0.365494 0.308642 0.190968 0.510002 0.394147 0.514997 0.958482 1.165228 1.148350 1.122318 1.116336 1.101927 1.131081 0.087260 0.077195 0.050913 0.217217 0.263352 0.235762 0.037454 0.037462 0.083041 0.052885 0.631812 0.098956 0.077933 0.103112 0.043520 0.045525 0.032890 0.033653 0.042274 0.036279 0.030159 0.045556 0.038307
-9999.000000 0.020636 0.193251 0.175324 0.041009 0.037225 0.041603 0.062888 0.987979 0.073482 0.019309 0.031120 0.111261 0.183926 0.017373 0.037055 0.056272 0.473150 0.582397 0.570492 0.471187 0.287621 0.329032 0.246820 0.350155 0.617106 0.593760 0.449147 0.590503 0.961846 1.172496 1.162502 1.140954 1.124691 1.099834 1.110803 1.128635 0.088023 0.064066 0.037203 0.435461 0.190452 0.035857 0.042344 0.067259 0.073501 0.478884 0.081739 0.037421 0.058605 0.067726 0.023477 0.033272 0.027808 0.036049 0.038100 0.014397 0.026849 0.026695
0.020636 0.033471 0.024905 0.195491 0.028387 0.027214 0.117845 0.877537 0.939850 0.048605 0.043077 0.106966 1.138783 0.149953 0.099865 0.048658 0.141859 0.541306 0.586230 0.024717 0.023487 0.145344 0.156766 0.302365 0.241818 1.660404 0.623814 0.446151 0.234842 0.220194 0.146035 0.124151 0.116384 0.115684 0.102455 0.071359 0.070015 0.080418 0.031958 0.034475 0.223688 1.410854 0.058630 0.081658 0.086047 0.069960 0.099876 0.068507 0.027444 0.031883 0.025562 0.116620 0.036736 0.050522 0.056022 0.038701 0.024361 0.023887 0.028073
0.033623 0.024905 0.023460 0.116223 0.066282 0.040350 0.127129 0.879310 0.099684 0.019309 0.051664 0.133613 0.151557 1.132541 0.071349 0.059810 0.191604 0.175804 0.014397 0.032527 0.025139 0.072724 0.177078 0.174016 0.796108 0.758545 0.703730 0.027309 0.027450 0.113925 0.092214 0.063962 0.151094 0.173694 0.172008 0.024538 0.048547 0.028789 0.038816 0.030265 0.196439 1.206910 0.078477 0.050850 0.079433 0.094079 0.085661 0.021263 0.021034 0.017967 0.027809 0.056151 0.077020 0.077014 0.104534 0.063652 0.050606 0.022225 0.050927
0.064294 0.058085 0.061288 0.403403 0.368927 0.259854 0.199035 0.024544 0.020988 0.014397 0.021004 0.019570 0.119533 0.112284 0.143381 0.234611 0.156640 0.087036 0.111436 0.068805 0.108650 0.099246 0.823920 0.869773 0.841733 0.814401 0.055318 0.028923 0.028923 0.100833 0.076239 0.112882 0.166499 1.247040 1.266411 0.185575 0.020424 0.018134 0.021934 0.042595 0.122639 0.535214 0.095247 0.076353 0.118489 0.135347 0.144072 0.159982 0.017967 0.028865 0.039150 0.049958 0.889893 0.975027 0.095091 0.072447 0.050348 0.057244 0.051431
0.047139 0.019294 0.078041 0.049263 0.032413 0.213549 0.162550 0.025352 0.033348 0.025827 0.036491 0.040483 0.130842 0.116139 0.148956 0.243756 0.184665 0.094876 0.114071 0.186551 0.763391 0.879055 0.888267 0.873073 0.814481 0.816098 0.020180 0.017373 0.017373 0.154444 0.135052 0.082778 0.088466 0.158692 1.259778 1.262793 0.032125 0.034157 0.022362 0.046829 0.251342 0.247197 0.049278 0.089251 0.111694 0.151317 0.161242 0.164664 0.020378 0.059131 0.075452 0.112031 2.044846 1.070869 0.075048 0.067185 0.045632 0.059748 0.037622
-9999.000000 0.027671 0.027153 0.017373 0.038899 0.136178 0.875635 0.954453 0.032890 0.066915 1.014656 0.023282 0.159432 0.123075 0.196735 0.101170 0.124794 0.239258 0.152907 0.244751 0.791853 0.914105 0.909663 0.907863 0.097116 0.196638 0.269318 0.025703 0.025703 0.193357 0.174270 0.130129 0.073598 0.110092 1.251751 2.269709 1.150718 0.068286 0.022514 0.021827 0.339297 0.290427 0.029625 0.020203 0.035454 0.136098 0.166443 0.157835 0.114031 0.075956 0.103556 0.126105 2.056648 1.072892 0.063450 0.058049 0.037866 0.041787 0.050008
-9999.000000 0.019294 0.055525 0.017373 0.038104 0.096546 0.891912 0.953916 0.033529 0.094805 0.051174 0.241359 0.207830 0.169590 0.108282 0.060205 0.119840 0.060439 0.098154 0.110382 0.193582 0.173358 0.132772 0.104002 0.066713 0.293893 0.294303 0.295691 0.270537 0.202158 0.164247 0.141457 0.100558 0.052446 0.042752 0.993027 0.968140 0.094058 0.092914 0.018119 0.360719 0.330792 0.039710 0.030984 0.032499 0.060112 0.046105 0.157859 0.124322 0.073649 0.034506 0.171102 0.954147 0.115910 0.045190 0.040094 0.027465 0.028680 0.040733
-9999.000000 -9999.000000 0.052315 0.025105 0.026584 0.110911 0.025490 0.027001 0.049049 0.091130 0.057163 0.247469 0.229716 0.192642 0.140083 0.069588 0.124318 0.062669 0.062269 0.211968 0.193429 0.152993 0.124875 0.112870 0.072750 0.276540 0.266685 0.298000 0.054523 0.070798 0.062011 0.051267 0.094268 0.049511 0.041605 0.478094 0.320434 0.137810 0.115764 0.161074 0.101035 0.346068 0.033471 0.031258 0.053210 0.041617 0.079414 0.041330 0.065804 0.304493 0.287076 0.155704 0.166949 0.159750 0.032558 0.045931 0.045774 0.036007 0.188114
-9999.000000 -9999.000000 -9999.000000 0.080954 0.114825 0.069096 0.032616 0.039802 0.028725 0.069087 0.248967 0.263147 0.247886 0.205319 0.136727 0.156528 0.130938 0.173777 0.436078 0.342640 0.284357 0.228273 0.195378 0.191411 0.130321 0.130045 0.084274 0.087581 0.063773 0.074133 0.054400 0.092104 0.081327 0.114416 0.624835 0.646230 0.116291 0.098632 0.160537 0.187569 0.170554 0.133924 0.169094 0.088676 0.049950 0.052909 0.034397 0.034675 1.347309 1.360878 0.287701 0.202230 0.118283 0.055787 0.298587 1.344886 0.269394 0.252176 1.291823
-9999.000000 -9999.000000 -9999.000000 0.083140 0.108621 0.056478 0.027029 0.034050 0.033821 0.040306 0.036430 0.169900 0.211383 0.214207 0.026384 0.106701 0.160117 0.207809 0.130581 0.263527 0.229162 0.222799 1.229855 1.280541 1.225381 0.108158 0.068582 0.064816 0.093806 0.093690 0.070434 0.089413 0.072557 0.095345 0.564653 0.551142 0.063613 0.117595 0.159683 0.225181 0.206653 0.033455 0.027535 0.035963 0.038550 0.030036 0.045601 0.138986 0.244776 0.230228 0.241931 0.039518 0.022069 0.032040 0.307718 0.350871 1.325549 1.339737 1.307790
-9999.000000 -9999.000000 -9999.000000 -9999.000000 0.020096 0.014397 0.130197 0.104932 0.035362 0.020133 0.028756 0.032830 0.085768 0.030850 0.054686 0.097655 0.239849 0.036035 0.081616 0.059751 0.044489 0.033345 0.236186 1.295757 0.201030 0.048947 0.028236 0.026542 0.064675 0.059358 0.055581 0.043560 0.022774 0.033790 0.171424 0.143354 0.043969 0.052345 0.039924 0.210394 0.213349 0.021024 0.033638 0.019090 0.026314 0.022513 0.018434 0.107537 0.090894 0.044819 0.062323 0.075073 0.168360 0.563128 0.382368 0.328491 0.264676 0.247543 1.285706
-9999.000000 -9999.000000 -9999.000000 -9999.000000 -9999.000000 0.044076 0.079788 0.067130 0.027794 0.017373 0.017373 0.019798 0.048468 0.067567 0.044318 0.062536 0.075860 0.082535 0.058328 0.042640 0.023703 0.048387 0.251209 1.311913 0.207644 0.038720 0.024330 0.018581 0.068111 0.065972 0.064224 0.027215 0.031197 0.040872 0.320679 0.033852 0.045783 0.046226 0.037232 0.094063 0.132813 0.170486 0.177854 0.031652 0.018959 0.044995 0.041803 0.111153 0.100073 0.021283 0.040317 0.115112 0.191758 0.496141 0.035784 0.046075 0.049611 0.056149 0.246294
