use_cases/Flooding_chicago/flooding_data/output/h_3600.asc
ncols 337
nrows 393
xllcorner 428428.000000
yllcorner 4602440.000000
cellsize 26.757400
NODATA_value -9999.000000
[rows 162 to 188 of 393, columns 236 to 294 of 337]
4.800454 4.785132 4.789632 4.788328 4.817991 1.732917 1.746988 0.648005 2.497026 4.563593 5.597556 4.613747 4.607792 4.584443 3.606857 2.568891 1.536978 1.499535 1.491846 1.478111 2.463465 2.481927 3.476558 3.487466 1.469057 0.507324 0.053561 0.056683 0.002549 0.001260 0.030767 1.026171 1.023383 1.016203 0.030003 0.004294 0.002381 0.003701 0.003798 0.021454 0.018041 0.008973 -9999.000000 -9999.000000 -9999.000000 -9999.000000 -9999.000000 -9999.000000 -9999.000000 -9999.000000 -9999.000000 -9999.000000 -9999.000000 -9999.000000 -9999.000000 -9999.000000 -9999.000000 -9999.000000 -9999.000000
4.790640 4.776228 4.780092 4.779657 4.815091 2.721404 2.740589 1.660354 2.516589 4.549930 6.573551 6.637118 4.606748 3.557214 3.609056 1.555896 1.549602 2.458313 3.505012 4.518285 3.511710 3.516469 3.505800 2.521317 0.435632 0.002054 0.002932 0.004459 0.002105 0.002142 0.002684 0.026346 1.016144 0.999904 0.029898 0.004379 0.008907 0.016450 0.001820 0.026010 0.016896 0.025234 -9999.000000 -9999.000000 -9999.000000 -9999.000000 -9999.000000 -9999.000000 -9999.000000 -9999.000000 -9999.000000 -9999.000000 -9999.000000 -9999.000000 -9999.000000 -9999.000000 -9999.000000 -9999.000000 -9999.000000
4.789535 4.773031 4.778384 5.767512 4.812494 2.706308 2.694428 2.663063 2.614166 4.498871 6.566230 6.632874 4.626547 2.578096 2.599680 1.564175 1.557257 2.437942 4.473314 5.501615 4.504436 4.516647 3.501689 2.510772 1.504262 0.389589 0.004109 0.002209 0.003284 0.002098 0.003283 0.001928 0.024645 0.887180 0.833359 0.848984 0.876456 0.015296 0.023243 0.024428 0.016642 0.025279 -9999.000000 -9999.000000 -9999.000000 -9999.000000 -9999.000000 -9999.000000 -9999.000000 -9999.000000 -9999.000000 -9999.000000 -9999.000000 -9999.000000 -9999.000000 -9999.000000 -9999.000000 -9999.000000 -9999.000000
4.785064 3.769811 4.764653 4.766656 3.800713 1.710409 2.633870 2.651194 2.604812 2.606781 4.538283 4.617936 3.616719 2.609956 1.581386 1.569874 1.559768 2.376465 3.467354 4.490258 4.490554 4.500109 3.490037 3.505630 1.505346 0.359304 0.004939 0.002623 0.002770 0.005288 0.032849 0.001195 0.021176 0.932582 1.859259 1.912995 0.022950 0.015225 0.023369 0.024713 0.019396 0.009575 0.010592 -9999.000000 -9999.000000 -9999.000000 -9999.000000 -9999.000000 -9999.000000 -9999.000000 -9999.000000 -9999.000000 -9999.000000 -9999.000000 -9999.000000 -9999.000000 -9999.000000 -9999.000000 -9999.000000
3.777169 3.767422 3.776671 3.792542 1.768373 1.731249 1.704490 1.660127 1.627209 2.525759 2.581193 2.597935 3.594390 2.593263 2.603960 2.601854 2.601300 1.465779 1.494084 2.491558 2.495885 2.501803 2.495461 2.491123 0.378931 0.002194 0.001651 0.002359 0.002006 0.004302 0.019115 0.023509 0.000706 0.007990 0.847417 0.832784 0.002061 0.001690 0.002231 0.001806 0.018848 0.011637 0.008657 -9999.000000 -9999.000000 -9999.000000 -9999.000000 -9999.000000 -9999.000000 -9999.000000 -9999.000000 -9999.000000 -9999.000000 -9999.000000 -9999.000000 -9999.000000 -9999.000000 -9999.000000 -9999.000000
2.762906 2.756568 2.763618 2.771966 1.767520 1.736216 1.701205 1.630606 1.617925 1.595649 1.587825 2.584738 2.605026 2.602924 2.608399 2.611573 1.606737 0.006135 0.004302 0.490799 0.482171 1.493617 2.490039 2.492147 0.001606 0.001024 0.001364 0.006163 0.004577 0.003515 0.081967 0.011647 0.014284 0.013947 0.013366 0.676505 0.002071 0.001713 0.002315 0.002212 0.001609 0.001362 0.001944 -9999.000000 -9999.000000 -9999.000000 -9999.000000 -9999.000000 -9999.000000 -9999.000000 -9999.000000 -9999.000000 -9999.000000 -9999.000000 -9999.000000 -9999.000000 -9999.000000 -9999.000000 -9999.000000
1.681403 1.752071 1.776966 1.790778 1.779181 1.753878 1.716278 0.597773 0.535256 0.503775 0.555662 1.587397 1.583491 2.593326 2.594718 2.590569 1.578426 0.007361 0.004923 0.003850 0.466428 0.457862 1.473757 0.423879 0.001488 0.001605 0.008453 0.007758 0.010008 0.001720 0.066801 0.061423 0.009382 0.011345 0.007924 0.499684 0.002929 0.004461 0.005526 0.005517 0.002172 0.001025 0.001830 -9999.000000 -9999.000000 -9999.000000 -9999.000000 -9999.000000 -9999.000000 -9999.000000 -9999.000000 -9999.000000 -9999.000000 -9999.000000 -9999.000000 -9999.000000 -9999.000000 -9999.000000 -9999.000000
0.871475 1.758473 1.812019 1.827435 1.822333 1.837858 0.815108 0.029299 0.017381 0.012717 0.016081 0.571555 1.594931 2.597515 2.597421 2.592593 1.596765 1.604860 1.612052 0.004985 0.439423 0.430033 0.394696 0.339623 0.208027 0.628004 1.718747 0.698707 0.005788 0.003806 0.042292 0.040197 0.005149 0.005796 0.011880 0.679183 0.542640 0.005411 0.008537 0.009350 0.004048 0.002024 0.002428 0.001881 -9999.000000 -9999.000000 -9999.000000 -9999.000000 -9999.000000 -9999.000000 -9999.000000 -9999.000000 -9999.000000 -9999.000000 -9999.000000 -9999.000000 -9999.000000 -9999.000000 -9999.000000
0.891354 1.729361 1.818312 2.868745 1.774926 1.774232 0.751164 0.021969 0.003306 0.002883 0.011479 0.501453 2.577726 2.589605 2.595973 2.596866 2.600942 2.594561 1.603528 0.576609 0.463222 0.411672 0.349707 0.262351 0.718897 1.758319 2.751871 1.786496 0.009935 0.004972 0.700947 0.699118 0.712599 0.705497 1.739459 1.736064 3.746350 3.764514 2.787639 2.775498 1.762009 0.004270 0.001552 0.368273 -9999.000000 -9999.000000 -9999.000000 -9999.000000 -9999.000000 -9999.000000 -9999.000000 -9999.000000 -9999.000000 -9999.000000 -9999.000000 -9999.000000 -9999.000000 -9999.000000 -9999.000000
0.953148 1.641383 2.819854 2.859727 0.687750 0.038406 0.026845 0.007870 0.006322 0.004960 0.010132 0.497533 2.592528 3.593846 2.604638 2.606926 2.600538 2.609820 2.624393 1.626500 0.000831 0.312024 0.215743 0.857102 0.844156 1.679158 2.747324 1.811849 0.606762 0.392119 1.661336 2.782175 2.807148 2.791785 2.768328 3.735239 5.752480 5.772230 5.791885 4.788090 2.768382 1.750841 0.546233 0.598644 0.368194 -9999.000000 -9999.000000 -9999.000000 -9999.000000 -9999.000000 -9999.000000 -9999.000000 -9999.000000 -9999.000000 -9999.000000 -9999.000000 -9999.000000 -9999.000000 -9999.000000
0.937393 1.543438 2.788486 0.678343 0.001522 0.001744 0.022349 0.008180 0.011392 0.006987 0.005481 0.075548 1.562284 3.584091 3.598883 2.594335 1.583911 2.585600 2.590095 1.593079 0.506684 0.346306 0.941775 0.910588 0.860666 0.812833 0.719644 0.783171 0.000706 0.246968 2.618098 3.766318 4.772980 4.771847 4.745456 4.755457 7.741501 7.764098 6.775817 5.775413 3.777543 1.728546 1.733150 0.358770 0.197449 0.129919 -9999.000000 -9999.000000 -9999.000000 -9999.000000 -9999.000000 -9999.000000 -9999.000000 -9999.000000 -9999.000000 -9999.000000 -9999.000000 -9999.000000 -9999.000000
0.768145 0.596424 0.578711 0.002248 0.000706 0.001342 0.011252 0.015752 0.016948 0.000908 0.001110 0.148810 0.484818 1.523229 1.556720 1.572348 0.561437 1.556759 0.506629 0.572596 0.136845 0.095212 0.175817 0.000973 0.001179 0.001577 0.484098 0.557670 0.358289 0.247136 2.599745 4.768159 3.799852 3.785722 4.754841 5.756516 6.772035 6.774986 5.782283 4.790049 3.784859 2.781459 1.779104 0.006991 0.000973 0.001913 -9999.000000 -9999.000000 -9999.000000 -9999.000000 -9999.000000 -9999.000000 -9999.000000 -9999.000000 -9999.000000 -9999.000000 -9999.000000 -9999.000000 -9999.000000
0.372743 0.003474 0.005602 0.002281 0.004178 0.001015 0.016801 0.016879 0.017768 0.000908 0.006942 0.256033 0.208179 0.145651 0.101714 0.089830 0.086772 0.091843 0.125294 0.255920 0.267428 0.165121 0.225496 0.148271 0.000973 0.223638 1.245199 1.232224 1.177348 1.803477 2.622929 3.750533 3.851508 2.804909 3.751451 4.772976 5.782681 5.802192 4.815025 3.789474 3.784355 3.791534 2.799272 0.007798 0.001179 0.000973 0.001141 0.264565 -9999.000000 -9999.000000 -9999.000000 -9999.000000 -9999.000000 -9999.000000 -9999.000000 -9999.000000 -9999.000000 -9999.000000 -9999.000000
0.002339 0.003734 0.004096 0.629421 1.629874 1.630882 0.625071 0.011452 0.013910 0.009582 0.010591 0.355676 0.282724 0.003130 0.002636 0.089841 0.087961 0.005014 0.003867 0.387075 0.371525 0.208994 0.103937 0.467542 0.001184 0.259695 1.277311 2.337140 1.265495 1.072310 1.580798 1.740475 2.745535 2.765945 2.746218 3.744476 4.762398 4.773223 4.795312 3.758517 3.749491 4.713521 3.744037 1.604666 0.044731 0.019948 0.037711 0.462548 -9999.000000 -9999.000000 -9999.000000 -9999.000000 -9999.000000 -9999.000000 -9999.000000 -9999.000000 -9999.000000 -9999.000000 -9999.000000
0.002737 0.000706 0.005289 1.642043 2.641752 2.634003 1.629404 0.537272 0.009915 0.001399 0.011635 0.492403 0.004585 0.006066 0.004329 0.091921 0.004606 0.011285 0.007422 0.503653 0.524398 0.002328 0.076304 0.417944 0.398042 0.369398 1.304157 2.362735 1.335220 1.295268 0.209086 0.675260 0.697293 1.725261 2.724163 2.718781 3.743259 4.750465 4.784109 3.745619 3.736181 4.729460 3.752266 1.472311 1.141479 1.058932 1.858129 2.977394 1.323699 -9999.000000 -9999.000000 -9999.000000 -9999.000000 -9999.000000 -9999.000000 -9999.000000 -9999.000000 -9999.000000 -9999.000000
1.545551 0.459883 0.517582 1.624592 2.632372 2.619569 1.621499 0.568924 0.002214 0.002552 0.018167 0.565957 0.008332 0.007841 0.001373 0.001373 0.003878 0.582200 1.673243 1.698201 0.641630 0.005750 0.124088 0.421042 0.434930 0.414907 1.329550 2.377986 3.434039 1.349834 0.301777 0.267475 0.235344 0.653065 1.695636 2.662642 3.710572 4.711783 4.738502 4.713062 4.689694 4.722450 3.535908 3.219757 3.242974 4.125447 4.202006 4.197055 2.927755 1.162350 -9999.000000 -9999.000000 -9999.000000 -9999.000000 -9999.000000 -9999.000000 -9999.000000 -9999.000000 -9999.000000
3.583303 2.525866 2.500629 1.618455 0.635872 1.632146 1.625560 0.007984 0.003285 0.003270 0.021938 0.668067 0.699222 0.004276 0.001373 0.001373 1.632088 2.657446 3.664933 2.661858 1.631208 0.468575 0.275485 0.430044 1.378457 1.436280 1.391463 3.377505 4.426600 1.377038 0.343777 0.320023 0.295942 0.220049 0.662346 2.618834 3.706760 4.676446 4.706028 4.663696 4.653343 4.695220 3.497378 4.210671 4.327667 5.176503 5.293536 4.142651 2.673103 2.275109 1.497572 -9999.000000 -9999.000000 -9999.000000 -9999.000000 -9999.000000 -9999.000000 -9999.000000 -9999.000000
3.590271 2.569441 2.564307 1.637210 0.633750 0.628689 0.624668 0.013047 0.004166 0.003879 0.746151 1.719719 1.732002 0.747440 0.008557 0.008913 2.643867 4.666576 4.670808 2.664659 0.572554 0.445392 0.265114 1.363380 1.403026 1.419242 2.373104 3.333790 3.393723 2.384992 2.414588 1.391565 1.411706 0.261739 0.685211 2.634546 4.757164 3.750038 3.660818 2.594268 3.460789 3.607508 2.435341 3.134894 4.265515 4.162549 4.178112 3.108291 1.664588 1.339922 1.108042 -9999.000000 -9999.000000 -9999.000000 -9999.000000 -9999.000000 -9999.000000 -9999.000000 -9999.000000
3.548791 2.537013 1.519375 0.014183 0.016228 0.020448 0.020576 0.003135 0.005807 0.004668 1.745940 2.681766 2.734881 0.733966 0.723551 0.706433 3.609124 5.646590 4.664208 2.674109 0.639391 0.004524 0.115773 0.355891 1.353578 1.411733 2.389876 1.403963 1.404890 2.319904 2.374148 3.299826 2.377320 1.211615 0.917623 1.706933 4.751756 3.805465 1.815760 1.787527 1.757257 1.710585 1.587796 3.174464 4.423283 3.550495 1.236172 1.057670 0.786852 1.159503 1.376086 0.188092 -9999.000000 -9999.000000 -9999.000000 -9999.000000 -9999.000000 -9999.000000 -9999.000000
3.496998 3.483042 1.441069 0.011186 0.000706 0.021632 0.017502 0.003113 0.001498 0.001436 0.011460 1.712841 2.718437 1.755954 0.716491 0.703917 2.604208 3.643232 3.656165 2.678660 0.649470 0.007207 0.058766 0.421254 0.473524 1.332901 2.400764 1.422743 1.414068 2.309403 2.378060 2.371557 2.405204 1.341789 0.162181 2.638118 3.657354 2.822700 1.815166 1.795401 2.837615 1.712189 2.399397 4.278708 4.492072 3.573588 1.268118 1.038993 0.667466 1.044917 1.100171 -9999.000000 -9999.000000 -9999.000000 -9999.000000 -9999.000000 -9999.000000 -9999.000000 -9999.000000
2.465993 2.419329 2.218074 0.175410 0.005786 0.012309 0.010530 0.002399 0.001799 0.001497 0.001296 0.529326 2.687179 3.764054 2.757249 1.695804 2.644739 2.669387 2.689055 1.700625 0.651530 0.008235 0.026207 1.447762 1.567891 1.458670 2.380182 2.491093 2.517652 1.370228 1.375798 1.319719 1.308793 1.234274 1.018962 1.747074 2.878526 3.936257 4.044064 2.921321 2.773802 2.742247 2.457000 4.182301 4.417334 3.472204 2.411216 1.005691 2.030282 2.219328 3.314027 0.761961 -9999.000000 -9999.000000 -9999.000000 -9999.000000 -9999.000000 -9999.000000 -9999.000000
0.020061 1.277771 3.046120 0.942152 0.071648 0.043739 0.026574 0.002527 0.001153 0.002171 0.005922 1.587801 3.705492 3.742154 2.715623 2.692266 2.695478 1.670563 1.657549 1.693256 0.494310 0.288324 1.316169 1.487014 1.516703 1.471751 2.357002 2.482967 2.507855 1.408235 1.471576 0.403105 0.366656 0.298663 0.869255 1.810970 2.874809 3.882093 3.937719 3.969240 2.757950 2.625059 2.196895 2.174450 2.318358 2.352746 2.379217 0.963433 2.011526 2.205920 3.298514 0.916854 -9999.000000 -9999.000000 -9999.000000 -9999.000000 -9999.000000 -9999.000000 -9999.000000
0.005780 0.215826 1.976036 1.763171 1.847940 0.724010 0.726084 0.698792 0.002412 0.003249 1.664857 3.697773 3.714919 2.744704 1.710520 1.688172 1.665668 1.695429 0.599482 0.524945 0.687758 1.126503 1.368096 1.572113 1.537963 1.485272 2.295039 2.518852 1.415455 1.383227 1.403342 1.429085 0.372635 0.312510 0.207571 1.755637 2.877378 3.889996 3.944399 3.943598 2.825858 2.715016 0.415199 0.289486 1.281707 1.330104 0.246194 0.118582 1.106435 2.162774 2.234960 1.084916 0.051395 -9999.000000 -9999.000000 -9999.000000 -9999.000000 -9999.000000 -9999.000000
0.005624 0.006712 0.150951 1.794019 1.997239 1.830210 1.843930 2.783181 1.784271 1.785937 3.610307 4.731183 3.766564 2.784779 1.777326 0.684802 0.648693 0.625287 0.575843 0.483407 2.104773 2.282524 1.618281 2.549376 1.489299 1.457399 1.378923 1.404293 1.338885 2.152510 2.269071 2.282579 2.338876 0.303836 0.248247 1.705017 2.795110 3.830576 3.938420 3.888079 2.799611 1.852119 0.067378 0.028709 0.270207 0.296285 0.001576 0.001560 0.091577 0.114569 0.137071 0.085474 0.001819 -9999.000000 -9999.000000 -9999.000000 -9999.000000 -9999.000000 -9999.000000
0.009583 0.006344 0.005121 0.799287 0.952862 1.840332 1.883636 2.773286 2.814712 2.789635 3.609689 4.700205 4.773699 3.780260 2.788815 0.674495 0.635856 0.611878 0.555566 0.965362 1.923049 1.982395 0.540419 1.171268 1.335998 1.383952 0.326924 0.319497 1.183290 3.185565 3.277258 3.284206 3.300413 2.205182 2.215125 2.004910 2.024650 2.942517 4.022613 3.041339 1.993352 1.936188 1.122264 0.000706 0.071392 0.074287 0.000908 0.000908 0.082009 0.001743 0.002549 0.002891 0.002408 0.003430 0.004694 -9999.000000 -9999.000000 -9999.000000 -9999.000000
0.012869 0.007595 0.005645 0.858032 0.975636 0.944899 0.902148 1.724222 1.797382 2.725002 2.719529 3.660412 3.722460 3.759969 2.740324 1.693147 0.612977 1.235730 2.374881 2.345538 1.935211 0.778311 0.061071 0.043508 0.017180 0.271673 0.305130 0.314322 0.289368 3.188708 4.278101 4.287789 4.295196 4.271469 4.318097 2.081110 2.076022 2.971547 4.066091 3.078793 3.138621 2.038687 2.117356 2.116908 1.113966 1.119130 0.110012 0.097050 0.066238 0.001551 0.000706 0.003392 0.003725 0.002502 0.006042 0.009205 -9999.000000 -9999.000000 -9999.000000
0.012176 0.015918 0.028520 2.906937 2.937537 0.943978 0.908333 0.844422 1.751464 1.782407 1.664579 1.637989 2.625506 2.674473 2.640844 2.567935 2.573693 3.553116 4.602238 3.582846 1.527814 0.009289 0.000973 0.002274 0.003704 0.003719 0.318256 0.002176 0.002262 2.214901 3.263920 4.274776 4.278427 4.272517 3.275318 2.123302 2.109510 2.910533 4.004606 4.083159 3.083363 1.948723 1.077801 2.115519 2.108822 2.120383 2.132652 2.113917 1.109115 0.091349 0.001027 0.102388 0.002470 0.003173 0.004426 0.008593 0.009991 0.007985 0.003246
