use_cases/Flooding_chicago/flooding_data/output/h_360.asc
ncols 337
nrows 393
xllcorner 428428.000000
yllcorner 4602440.000000
cellsize 26.757400
NODATA_value -9999.000000
[rows 189 to 215 of 393, columns 236 to 294 of 337]
0.052388 0.043145 0.078730 1.515486 1.529570 1.594925 0.501533 0.047415 0.054075 0.046605 0.017373 0.017373 0.045204 0.035759 0.081333 0.055202 1.367216 1.380556 1.352495 0.067467 0.052704 0.056171 0.021034 0.017967 0.029518 0.029945 0.025776 0.042061 0.033928 0.027687 0.021644 0.073713 0.091033 0.030070 0.042934 0.064146 0.063825 0.042689 0.095444 0.094690 0.129102 0.026970 0.019308 0.031287 0.138390 0.124660 0.124762 1.125875 1.123952 0.060109 0.120011 0.142307 0.062723 0.037147 0.033839 0.050902 0.083308 0.061182 0.167766
0.037926 0.048821 0.045983 0.380022 1.518664 1.552082 0.035489 0.047256 0.035301 0.128801 0.028556 0.038323 0.014397 0.043190 0.069609 0.248091 1.368184 1.354535 0.258372 0.118536 0.067778 0.054506 0.028603 0.034170 0.031105 0.039025 0.054030 0.099277 0.080422 0.094305 0.419344 0.019020 0.024783 0.034205 0.042064 0.024330 0.024330 0.065056 0.038889 0.119182 1.223454 0.029257 0.027366 0.023507 0.028176 0.726410 0.083908 0.145703 1.127744 0.150924 0.128219 0.158096 0.064759 0.044495 0.055705 0.046456 0.040533 0.028435 0.038948
0.049035 0.036309 0.034308 0.045526 0.425744 0.471481 0.050829 0.034296 0.113098 2.013098 1.018380 0.106289 0.092183 0.021156 0.063959 0.205598 0.244205 0.069443 0.118131 0.161022 0.098586 0.055240 0.075686 0.077786 0.020226 0.029457 0.036659 0.096534 0.086967 0.100362 0.397978 0.428337 0.426674 0.406322 0.412166 0.029563 0.029563 0.072851 0.048142 0.157078 1.213955 0.044613 0.023567 0.022941 0.027992 0.733767 0.744854 0.095558 0.125934 0.138262 0.070805 0.032143 0.026975 0.053989 0.067347 0.059182 0.025703 0.017373 0.025703
0.040295 0.033447 0.033242 0.077139 0.235035 0.230808 0.049250 0.174437 0.800392 2.017550 0.957072 0.044500 0.043618 0.023292 0.056054 0.067730 0.046367 0.040762 0.040665 0.092208 0.121492 0.060187 0.089538 0.059586 0.060174 0.050758 0.077645 0.074667 0.061499 0.117612 0.065513 0.432260 0.430253 1.431634 0.390460 0.024330 0.024330 0.068887 0.040075 0.194370 1.215585 0.171782 0.031655 0.031288 0.072977 0.697555 0.731834 0.066455 0.082697 0.083525 0.042890 0.031334 0.051022 0.036445 0.050297 0.046277 0.025703 0.017373 0.025703
0.040123 0.068870 0.094201 0.117150 0.343872 0.097802 0.105494 0.079377 0.129446 0.117327 0.054148 0.041998 0.035591 0.021782 0.033576 0.077488 0.017967 0.032265 0.076912 0.074258 0.057582 0.067714 0.014397 0.070997 0.055155 0.050846 0.207192 0.248849 0.034774 0.028469 0.084559 0.053381 0.380425 1.431746 0.392731 0.038076 0.064763 0.055743 0.272054 0.243446 1.177528 0.200093 0.030905 0.041257 0.054934 0.706768 0.035376 0.050708 0.823077 0.827683 0.065798 0.078849 0.076108 0.040505 0.063469 0.040456 0.046669 0.025597 0.028404
0.082664 0.069235 0.085199 0.071433 0.115477 0.181062 0.159945 0.052658 0.057976 0.043818 0.049964 0.041914 0.022590 0.022590 0.027794 0.097473 0.021034 0.017967 0.037792 0.031777 0.020556 0.049814 0.034067 0.043468 0.092743 0.226485 1.313022 1.329185 0.277108 0.036335 0.030755 0.080596 0.044950 0.389766 0.397773 0.398924 0.055437 0.056384 0.218754 0.195214 0.207470 0.283973 0.319699 0.280511 0.054454 0.030678 0.029489 0.068164 0.813084 0.838232 0.055468 0.057045 0.375196 0.334012 0.344279 0.379998 0.325149 0.318724 0.036324
0.072435 0.059058 0.038185 0.050363 0.045371 0.172645 0.073327 0.065593 0.056008 0.029762 0.041115 0.054726 0.022590 0.022590 0.027794 0.060234 0.059901 0.043953 0.036328 0.027554 0.033348 0.058331 0.041634 0.093881 0.093889 1.275253 1.285058 0.258362 0.033959 0.048852 0.047058 0.036455 0.026757 0.023292 0.413070 0.447544 0.065193 0.079662 0.071698 0.026542 0.027777 1.345395 0.364862 0.288667 0.038055 0.039010 0.020302 0.026687 0.056047 0.068767 0.070216 0.066084 0.039983 0.487465 0.489071 0.455497 1.489717 1.489206 0.461971
0.037651 0.020105 0.042750 0.037146 0.041133 0.077354 0.097207 0.109478 0.040107 0.017373 0.017373 0.026773 0.060880 0.044380 0.059533 0.104194 0.069633 0.076685 0.044487 0.059856 0.757750 1.899250 0.887367 0.076175 0.041766 0.072032 0.070542 0.029232 0.025382 0.045723 0.040459 0.035187 0.026376 0.469321 0.440902 0.064860 0.090877 0.037120 0.050076 0.019308 0.041724 0.298176 0.320645 0.039517 0.033532 0.021034 0.017967 0.026101 0.077551 0.096446 0.065230 0.070081 0.059671 0.047318 0.035184 0.303337 0.313777 0.035540 0.044228
0.036735 0.018349 0.029686 0.027991 0.031181 0.043432 0.036430 0.085236 0.036827 0.056882 0.053842 0.031397 0.039161 0.074031 0.050315 0.062239 0.258704 0.348389 0.697605 1.887926 1.922264 1.923627 0.102307 0.030529 0.039427 0.034464 0.026085 0.049152 0.030067 0.078737 0.075519 0.059320 0.039342 0.493110 0.439900 0.105872 0.034142 0.057755 0.069623 0.027366 0.023507 0.060462 0.105050 0.046119 0.054322 0.017967 0.028865 0.436606 0.017373 0.116178 0.608959 0.673276 0.662587 0.067645 0.042150 0.048073 0.033852 0.025459 0.031610
0.028114 0.023033 0.031064 0.028391 0.031349 0.045083 0.044884 0.043616 0.050873 0.044549 0.035133 0.040127 0.058161 0.054955 0.056642 0.571040 0.403463 0.231584 0.212166 0.697775 0.781593 0.821442 0.072064 0.023109 0.018364 0.036247 0.026543 0.033928 0.039909 0.444954 0.033765 0.456471 0.433013 0.473779 0.414534 0.171816 0.033623 0.056134 0.066064 0.023567 0.022941 0.127251 0.032799 0.021355 0.077187 0.055903 0.048623 0.438659 0.017373 0.169119 0.534963 2.677104 1.665781 0.079662 0.030621 0.027785 0.027154 0.014397 0.034537
0.023668 0.036705 0.036552 0.041591 0.044779 0.393815 0.413468 0.041283 0.043404 0.096732 0.053353 0.081721 0.210782 0.198859 0.427969 0.736560 0.091209 0.094635 0.053266 0.033445 0.102888 0.155447 0.120266 0.026557 0.060891 0.153363 0.140679 0.160952 0.500429 1.619211 1.650158 1.634162 1.621084 0.521217 0.143534 0.315605 0.391051 0.033522 0.036035 0.597907 0.051645 0.031975 0.025841 0.036093 0.025841 0.044258 0.339228 0.407456 0.376928 0.289493 0.144992 0.439164 0.436030 0.055679 0.028985 0.031669 0.025628 0.032692 0.032600
0.031075 0.049568 0.051389 0.333951 1.454525 1.460933 0.356936 0.047717 0.014397 0.062650 0.130968 0.112374 0.266532 0.213861 0.527574 0.061567 0.154363 0.163327 0.022590 0.022590 0.068504 0.281290 0.030433 0.038475 0.059027 0.130167 0.110433 0.136216 0.143736 1.576655 1.607845 1.588731 0.057101 0.033315 0.037776 0.440151 0.454285 0.518605 0.553577 0.581058 0.595949 0.029474 0.024932 0.031150 0.024932 0.032479 0.374828 0.416340 0.348498 0.315369 0.049536 0.036617 0.157889 0.109728 0.176181 0.173196 0.031503 0.040268 0.033059
0.029019 0.034995 0.395517 1.422539 1.444493 0.329817 0.321860 0.043323 0.041984 0.063188 0.151791 0.128354 0.296498 0.284002 0.018888 0.144852 0.086286 0.100374 0.022590 0.022590 0.141489 0.153163 0.024055 0.026528 0.035531 0.053794 0.039802 0.038756 0.264002 0.265668 0.163474 0.110534 0.045976 0.030114 0.039393 0.365200 0.379313 0.034216 0.045439 0.049973 0.645074 0.065790 0.031089 0.039604 0.031089 0.103698 0.414054 0.446377 0.040236 0.062190 0.099838 0.033611 0.096232 0.138020 0.177339 0.166355 0.117031 0.167799 0.368591
0.151398 0.118781 0.374785 0.308727 0.038643 0.057655 0.026878 0.028648 0.040927 0.023017 0.039531 0.027870 0.049013 0.037258 0.025765 0.217976 0.014397 0.151710 0.168584 0.149569 0.076936 0.240877 0.026313 0.038611 0.028008 0.039481 0.022637 0.021965 0.248134 0.262451 0.174808 0.046122 0.037957 0.031823 0.073035 0.106436 0.108848 0.039532 0.031090 0.081635 0.647642 0.726619 0.713938 0.112246 0.143553 0.147010 0.125381 0.117180 0.033218 0.047564 0.064379 0.073504 0.053719 0.042702 0.215950 0.030607 0.025856 0.072986 0.057160
0.147595 0.136691 0.144192 0.109475 0.043790 0.062461 0.027108 0.025322 0.095238 0.058720 0.041236 0.028435 0.059967 0.035300 0.293692 0.211196 0.208792 0.180225 0.177576 0.158385 0.095493 0.264346 0.271017 0.034545 0.032815 0.036674 0.034477 0.170498 0.396214 0.361978 0.079248 0.043459 0.069940 0.020088 0.094718 0.070350 0.081932 0.042128 0.033088 0.044207 0.049777 0.702153 0.105454 0.167242 0.190030 0.182446 0.184123 0.168222 0.044670 0.014397 0.098569 0.101491 0.021355 0.072824 0.057066 0.052240 0.030909 0.131472 0.067049
0.143401 0.170538 0.126850 0.028755 0.034829 0.037819 0.014397 0.031425 0.074429 0.194099 0.161360 0.094527 0.053067 0.373092 0.356348 0.019309 0.194695 0.182552 0.186753 0.184363 0.017373 0.259089 0.262174 0.032585 0.032082 0.083059 0.257564 0.285969 0.264996 0.146309 0.158110 0.060295 0.087140 0.029228 0.058357 0.057975 0.061410 0.081963 0.020588 0.032921 0.035105 0.125914 0.170790 0.189827 0.200419 0.192787 0.190326 0.174551 0.066515 0.095732 0.100302 0.025841 0.036093 0.025841 0.072079 0.052419 0.219574 0.202491 0.022590
0.154003 0.199375 0.026785 0.039351 0.036172 0.036673 0.037865 0.027610 0.036461 0.032753 0.095612 0.453053 0.469562 0.396162 0.365313 0.014397 0.028007 0.164527 0.195785 0.195536 0.017373 0.255323 0.255952 0.025383 0.025230 0.047312 0.317020 0.337382 0.403656 0.038471 0.063072 0.071970 0.031776 0.027886 0.033326 0.029519 0.055901 0.040699 0.033075 0.041206 0.057015 0.040137 0.200005 0.203521 0.210554 0.203340 0.200603 0.047046 0.083241 0.094329 0.096318 0.024932 0.031150 0.024932 0.072972 0.051936 0.222064 0.214705 0.022590
0.161609 0.196794 0.024147 0.026512 0.056739 0.050469 0.043555 0.035850 0.046516 0.042230 0.086295 0.060796 0.494361 0.019775 0.219196 0.030247 0.039526 0.029632 0.183365 0.171395 0.101532 0.248629 0.239452 0.202823 0.165082 0.095316 0.098628 0.054074 0.531911 0.043129 0.079388 0.082780 0.037971 0.037559 0.017373 0.044380 0.023841 0.039956 0.028830 0.032891 0.045319 0.036141 0.211179 0.208669 0.219461 0.205444 0.025703 0.030144 0.024558 0.083803 0.068985 0.058130 0.058667 0.066654 0.064393 0.046337 0.214725 0.193562 0.144734
0.025795 0.138118 0.106641 0.072902 0.136105 0.102115 0.068026 0.047320 0.033289 0.034708 0.073692 0.077606 0.049980 0.030051 0.961043 0.053098 0.029731 0.039787 0.033638 0.026620 0.071196 0.218834 0.233995 0.200518 0.160814 0.098536 0.130136 0.063382 0.644870 0.691799 0.059324 0.083090 0.029941 0.030959 0.017373 0.032630 0.038674 0.046454 0.046258 0.186851 0.219516 0.206068 0.204814 0.022911 0.253258 0.042656 0.030556 0.030876 0.024772 0.045857 0.359073 0.324645 0.335472 0.038523 0.043837 0.032678 0.217382 0.185373 0.114053
0.076987 0.088242 0.082260 0.057338 0.135379 0.084326 0.253497 0.033948 0.067150 0.963120 0.044155 0.065817 0.048195 0.139420 0.988388 1.017079 0.087783 0.028251 0.032429 0.030617 0.023780 0.220293 0.206902 0.180456 0.141842 0.076628 0.137297 0.660397 0.674970 0.697255 0.680245 0.102826 0.131006 0.057465 0.020180 0.039498 0.035407 0.076260 0.200771 1.263916 1.279424 1.278222 0.219765 0.041333 0.052877 0.071335 0.025231 0.065727 0.368118 0.398556 0.401909 1.442590 1.453903 0.395142 0.364381 0.310843 0.210246 0.140788 0.496584
0.099909 0.142625 0.042682 0.035619 0.076418 0.072557 0.247548 0.170672 1.015895 0.983875 1.015757 0.060292 0.047057 0.147615 0.967741 1.002271 1.030024 0.113503 0.149951 0.168354 0.018486 0.181858 0.185861 0.159169 0.110825 0.243801 0.168293 0.676062 0.665974 0.706834 0.665938 0.098192 0.039855 0.063386 0.048810 0.071182 0.129051 0.107838 0.250552 1.253085 1.275702 0.243174 0.235418 0.048840 0.066213 0.078915 0.027168 0.081262 0.048606 0.384037 0.361012 0.406490 0.346878 0.033332 0.044990 0.046700 0.043891 0.032387 0.037940
0.215416 0.069057 0.054566 0.038777 0.098272 0.294254 0.259081 0.986954 0.968966 0.971072 0.978007 0.089582 0.014397 0.087975 0.045429 0.102838 0.102281 0.129653 0.153977 0.171526 0.134017 0.059270 0.180162 0.142193 0.094445 0.247122 0.208801 0.143914 0.093992 0.742671 0.065347 0.114090 0.054219 0.071207 0.060970 0.083460 0.156890 0.124224 0.236942 0.192098 0.208734 0.029595 0.038915 0.052797 0.054692 0.070943 0.017967 0.021034 0.038460 0.028162 0.064963 0.080394 0.070407 0.027413 0.034935 0.034590 0.032738 0.025474 0.029121
1.277660 0.253565 0.230352 0.191862 0.120769 0.317381 0.295095 0.244316 0.193281 0.843168 1.901094 0.120433 0.164274 0.151836 0.025979 0.030251 0.024590 0.028724 0.174540 0.223222 0.027625 0.028382 0.032488 0.091869 0.066979 0.257636 0.233735 0.196743 0.143428 0.744793 0.092896 0.040322 0.072175 0.025536 0.023705 0.023913 0.034858 0.113569 0.087254 0.062137 0.045304 0.037433 0.036585 0.032779 0.364574 0.044487 0.049195 0.017967 0.038518 0.032067 0.020637 0.140376 0.036434 0.033456 0.041878 0.035805 0.033119 0.025582 0.029152
1.286750 0.242220 0.031070 0.047330 0.045342 0.102804 0.126773 0.136635 0.109998 0.143413 0.114124 1.156873 0.174938 0.177550 0.031411 0.031074 0.024834 0.028801 0.206971 0.248923 0.021706 0.018090 0.040841 0.048888 0.272930 0.293485 0.261487 0.233784 0.207937 0.170406 0.137697 0.043621 0.025536 0.035712 0.025536 0.081088 0.062821 0.044321 0.034534 0.021371 0.045214 0.306030 0.354908 0.333304 0.351777 0.353599 0.041237 0.043342 0.456673 0.441753 0.446147 0.031411 0.050301 0.025794 0.027566 0.088253 0.079682 0.056172 0.053366
1.313576 0.272068 0.037430 0.072367 0.083693 0.066073 0.202510 0.218584 0.199449 0.118859 0.060781 0.125946 0.147017 0.189890 0.027596 0.159916 0.104142 0.228838 1.277480 0.262548 0.021615 0.052113 0.038003 0.263785 0.302013 0.305293 0.271805 0.251860 0.238431 0.227695 0.030647 0.051217 0.023705 0.025536 0.034182 0.056849 0.053735 0.041666 0.029731 0.090095 0.057996 0.329550 0.343394 1.348629 0.346734 0.349752 0.040170 0.043252 0.429821 0.438827 0.441354 0.031501 0.030541 0.067120 0.071172 0.046824 0.051283 0.037133 -9999.000000
1.277129 0.313038 0.352876 0.085521 0.113663 0.119754 0.089851 0.286226 0.279769 0.060997 0.050094 0.034091 0.037987 0.228818 0.035626 0.128829 0.086182 0.218350 1.270532 1.275520 0.018196 0.045819 0.077812 0.276988 0.312135 0.323037 0.276761 0.257097 0.249656 0.239504 0.025673 0.030033 0.218868 0.022849 0.058460 0.110714 1.004773 1.049277 0.072087 0.082712 0.054384 0.320435 0.340555 1.349666 0.337803 0.306787 0.042290 0.055000 0.039548 0.026619 0.024101 0.025093 -9999.000000 -9999.000000 -9999.000000 -9999.000000 -9999.000000 -9999.000000 -9999.000000
0.241775 0.270614 0.303053 0.111543 0.142659 0.164230 0.163213 0.146052 0.139669 0.128370 0.027906 0.035378 0.027215 0.050576 0.040171 0.052061 0.064007 0.167684 1.263085 0.207733 0.069027 0.052505 0.089326 0.261297 0.309088 1.338032 0.271954 0.022484 0.202034 0.217500 0.218360 0.213924 0.201026 0.137343 0.070395 1.063061 1.033258 1.033910 0.070955 0.018181 0.043782 0.272472 1.365401 0.368319 0.305766 0.037163 0.040154 0.017373 0.017373 -9999.000000 -9999.000000 -9999.000000 -9999.000000 -9999.000000 -9999.000000 -9999.000000 -9999.000000 -9999.000000 -9999.000000
