use_cases/Flooding_chicago/flooding_data/output/h_3600.asc
ncols 337
nrows 393
xllcorner 428428.000000
yllcorner 4602440.000000
cellsize 26.757400
NODATA_value -9999.000000
[rows 108 to 134 of 393, columns 118 to 176 of 337]
-9999.000000 -9999.000000 -9999.000000 -9999.000000 -9999.000000 -9999.000000 -9999.000000 -9999.000000 -9999.000000 -9999.000000 0.000973 0.025313 0.003848 0.004845 0.019474 0.021582 0.018518 0.011410 0.038953 0.004112 0.004406 0.002945 0.004611 0.004013 0.030093 0.002524 0.002547 0.002682 0.002616 0.002429 0.001631 0.034197 0.088883 0.019808 0.048001 0.035477 0.002258 0.002363 0.008255 0.007513 0.003640 0.003574 0.035076 0.000706 0.003187 0.002791 0.010471 0.032046 0.071131 0.073423 0.004487 0.006146 0.003958 0.008349 0.678462 2.858055 0.746610 0.213659 0.254961
-9999.000000 -9999.000000 -9999.000000 -9999.000000 -9999.000000 -9999.000000 -9999.000000 0.002026 0.003037 0.000973 0.001179 0.016808 0.002443 0.002753 0.016484 0.014186 0.011635 0.007034 0.017733 0.030246 0.002772 0.007631 0.005547 0.012892 0.018759 0.008878 0.007977 0.013570 0.020317 0.001347 0.002333 0.183573 0.208972 0.021044 0.039641 0.034584 0.016890 0.016290 0.011642 0.003644 0.002571 0.004362 0.017420 0.011748 0.005252 0.003989 0.024556 0.043514 0.039875 0.031048 0.006103 0.005689 0.003704 0.008461 0.037230 1.758962 0.629516 0.165008 0.119081
-9999.000000 -9999.000000 -9999.000000 -9999.000000 -9999.000000 -9999.000000 0.003131 0.002096 0.003324 0.002569 0.002681 0.018897 0.003015 0.002012 0.019740 0.013834 0.020494 0.010576 0.026255 0.021979 0.011983 0.008403 0.004866 0.048683 0.028719 0.013471 0.010486 1.009763 1.065416 1.077348 0.033978 0.152511 0.175991 0.126286 0.019187 0.021921 0.012866 0.014605 0.027191 0.003970 0.002858 0.003570 0.114194 0.095549 0.056807 0.069031 0.043071 0.064883 0.004059 0.007261 0.006787 0.005704 0.003694 0.004134 0.003249 0.004764 0.004685 0.000728 0.167893
-9999.000000 -9999.000000 0.004088 0.003669 0.002867 0.003675 0.004512 0.007601 0.001644 0.002505 0.003914 0.023066 0.005214 0.005984 0.013279 0.009385 0.013865 0.015616 0.015811 0.028687 0.018106 0.006701 0.007784 0.003768 0.074763 0.036935 0.074558 2.110890 2.089109 2.109838 0.001111 0.002183 0.119004 0.112470 0.078194 0.008273 0.010933 0.037576 0.035743 0.017613 0.004090 0.001574 0.001446 0.002560 0.002463 0.002981 0.004578 0.003945 0.002318 0.012591 0.010058 0.001925 0.001543 0.001535 0.002529 0.002232 0.001874 0.304023 0.000735
0.004874 0.006309 0.004992 0.006566 0.011778 0.003023 0.002850 0.003723 0.004383 0.004411 0.004186 0.042050 0.008411 0.008662 0.008237 0.013708 0.013816 0.027013 0.026331 0.024236 0.021030 0.007031 0.004757 0.000706 0.001048 0.023666 1.078012 2.128354 2.586995 2.096548 0.000908 0.001582 0.052978 0.117725 0.094476 0.005190 0.011262 0.034055 1.571801 0.307905 0.002604 0.000997 0.000706 0.001010 0.001165 0.002150 0.000706 0.001457 0.002030 0.008599 0.008094 0.001803 0.001898 0.000908 0.000908 0.001111 1.339089 1.339064 0.333862
1.007000 0.007108 0.008921 0.006112 0.001966 0.002840 0.002740 0.003974 0.006511 0.004271 0.006388 0.034630 0.026543 0.007377 0.005050 0.009712 0.010790 0.026256 0.020492 0.074012 0.064370 0.006717 0.003996 0.001207 0.002099 0.068740 0.098231 1.141340 2.087067 1.127752 0.000908 0.001582 0.035308 0.090396 0.098466 0.004589 0.007225 0.005668 0.448481 0.299218 0.002912 0.001729 0.001010 0.001776 0.004764 0.005930 0.001457 0.001413 0.003269 0.010812 0.012216 0.002604 0.003737 0.001533 0.001533 0.002030 1.361994 1.354668 1.361223
0.005401 0.086322 0.061345 0.004497 0.003331 0.003122 0.003143 0.004983 0.010762 0.009354 0.003159 0.024580 0.050603 0.006120 0.004955 0.009060 0.032485 0.058499 0.071575 1.093426 1.090721 0.055063 0.003572 0.001067 0.025376 0.046710 0.073988 0.097203 0.075064 0.068423 0.001111 0.002183 0.018040 0.346222 0.355376 0.005212 0.004109 0.002345 0.002926 0.242678 0.192091 0.002334 0.003194 0.001701 0.003567 0.009706 0.001470 0.003747 0.003366 0.323342 0.345183 0.305479 0.272136 0.002035 0.002174 1.201822 1.295008 1.316022 1.333284
0.003939 0.082654 0.077559 0.049434 0.003483 0.003826 0.002051 0.005652 0.007792 0.017090 0.002175 0.014230 0.040242 0.025203 0.024806 0.046643 0.084260 0.061386 1.097215 1.097295 1.092795 0.064377 0.011776 0.001240 0.065797 0.084486 0.038255 0.054266 0.038107 0.063114 0.024702 0.015272 0.409509 1.489984 1.517992 0.493620 0.002390 0.002253 0.001286 0.001250 0.106747 0.153563 0.212104 0.001314 0.003636 0.266291 0.002768 0.002820 0.003851 1.441594 1.461393 2.454716 1.410360 1.327477 2.368279 2.371095 1.343435 1.351362 2.362909
0.001862 0.075782 0.069677 0.048110 0.136575 0.004528 0.002887 0.004157 0.061610 0.050401 0.029947 0.016001 0.124020 0.117907 0.121177 0.043816 0.073873 0.048346 1.102927 1.100138 0.074529 0.008608 0.019616 0.027106 0.045563 0.039713 0.065048 0.057376 0.036490 0.069070 0.039003 0.024008 0.473487 1.523516 1.525499 0.496949 0.008514 0.004753 0.003944 0.020822 0.049113 0.158106 0.001117 0.001686 1.363452 3.445814 1.437204 0.340757 0.373674 2.442427 2.461385 2.456834 1.418291 2.338611 2.383339 2.400156 2.354551 2.366962 2.368835
0.072291 0.072178 0.063061 0.041384 0.196983 0.161034 0.118045 0.105008 0.091078 0.063332 0.033751 0.137709 0.154823 0.151657 0.147328 0.131905 0.124838 0.045819 0.048355 0.064289 0.002645 0.006438 0.000908 0.019441 0.034724 0.059802 0.056272 0.043767 0.026188 0.093797 0.099635 0.018361 0.012018 0.497162 1.528162 0.485214 0.004680 0.005800 0.006001 0.261399 0.335416 0.107543 0.047579 0.328556 3.480032 4.462439 2.479907 2.476290 2.487605 3.452652 2.461313 0.373087 0.380779 2.331472 3.352934 3.371555 3.357378 3.375460 2.364623
0.053545 0.066042 0.055896 0.036686 0.211205 0.210038 0.173444 0.157879 0.000908 0.030390 0.125951 0.165771 0.155595 0.144045 0.124613 1.054432 1.032643 0.066838 0.048243 0.028895 0.017105 0.003309 0.000908 0.008356 0.018914 0.085997 0.093501 0.073872 0.088773 1.103858 0.103588 0.014586 0.014184 0.457705 0.411843 0.374099 0.210313 0.185129 1.412837 2.418223 2.450577 1.467783 2.485570 4.491497 4.497439 5.463829 4.495911 3.487818 4.501791 2.461405 0.005824 0.000706 0.002110 1.298737 4.350334 3.389395 3.359005 4.333710 4.363234
0.039428 0.052085 1.047442 0.036613 0.018042 0.007016 0.122686 0.108388 0.000908 0.013133 0.109803 0.150630 0.143382 0.128825 1.074816 1.091189 1.079972 0.078658 0.068656 0.065645 0.010195 0.003352 0.004456 0.005682 0.086584 1.116772 1.116318 1.069669 1.118829 1.108052 0.102406 0.016840 0.021650 0.013664 0.008322 0.303656 0.165628 0.207376 0.327728 2.446840 2.491239 2.522790 3.510441 3.525378 3.536476 4.446363 5.493193 5.503850 4.516152 1.493829 0.005637 0.004282 1.352878 3.370648 3.375603 2.378135 3.349297 4.358647 4.366485
0.023515 0.031324 0.035914 0.028097 0.013765 0.032828 0.055409 0.136000 0.078763 0.067809 1.056855 1.038297 1.044070 2.062555 2.070846 2.068865 2.062176 1.077532 1.067559 0.064930 0.052882 0.046048 0.002353 0.075848 1.117530 2.115475 2.123152 1.088322 0.101490 0.086241 0.090185 0.022890 0.030223 0.006176 0.004884 0.007991 0.198978 0.099621 0.074130 1.397623 2.479786 1.513815 1.505416 1.505748 1.509056 2.471772 4.475566 5.490229 4.499683 1.466318 0.437094 0.332076 3.361278 5.372422 4.379255 2.374243 3.346787 4.354432 4.362265
0.097790 0.121274 0.019095 0.016009 0.019690 0.079757 0.102458 1.051245 2.086033 2.083880 2.080320 2.080922 2.081891 3.086535 3.081957 3.082869 3.077866 1.077119 1.076231 1.079636 1.079112 1.075398 0.086473 1.104253 2.118725 3.113151 3.120090 1.069405 0.008966 0.011056 0.018537 0.034606 0.011012 0.013354 0.009112 0.016218 0.011512 0.048431 0.063776 1.384214 2.470997 1.507224 1.500246 2.491868 2.488876 2.483931 3.488714 4.496581 4.498523 0.462712 0.448167 1.337769 4.362609 5.370821 4.380466 3.380820 4.372906 4.377548 2.379421
0.067425 0.004319 0.011511 0.008400 0.010712 0.076704 1.082903 1.093271 1.087393 2.086064 3.084177 3.084671 3.085802 3.088575 3.085067 3.085585 3.078843 2.086052 1.079668 1.080836 1.081396 0.098966 0.115827 1.121297 2.113555 3.102825 3.096580 0.968657 0.007827 0.005821 0.010899 0.018063 0.022338 0.019408 0.012980 0.018509 0.017342 0.031954 0.048747 1.268622 3.470810 3.537096 3.514642 4.499428 4.505426 3.497329 4.497589 4.503476 4.511724 0.471556 0.455969 1.354933 4.371378 6.377212 5.389306 3.386810 4.376994 4.374403 3.388976
0.030840 0.026874 0.004512 0.012502 0.059663 1.088825 1.094129 1.094976 1.088738 1.085494 3.083513 4.085446 3.087469 3.089591 3.086130 3.086727 3.083862 2.083568 2.086293 1.082908 1.084823 0.106126 0.124768 1.147352 1.129727 1.134080 2.140268 0.938330 0.005715 0.002004 0.002093 0.029620 0.022999 0.022200 0.017308 0.007951 0.019184 0.028781 0.040466 1.270613 3.477444 4.528825 2.502815 3.493865 4.510709 4.501506 4.495957 4.509528 3.522345 1.513494 0.464139 1.346733 4.367839 7.358919 6.385113 4.383500 4.375559 4.373957 4.388718
0.484296 0.014318 0.014344 0.009823 0.059040 1.082148 2.081859 2.079507 2.082402 1.083914 2.083309 4.085320 4.088062 3.088859 3.085451 3.085979 3.080567 2.081113 2.086281 1.081948 1.084200 0.097229 0.105175 1.093603 0.076028 0.002212 0.114854 0.090030 0.006342 0.002970 0.003277 0.037633 0.002149 0.003436 0.003042 0.002045 0.013653 0.021339 0.023446 0.019428 0.252911 1.241616 0.343689 0.379131 1.480861 2.461245 2.467099 2.487563 1.467756 1.468496 1.434996 1.389668 3.340635 5.325465 5.365230 3.382504 3.371362 3.362726 3.373765
0.488196 0.007756 0.010845 0.007823 0.060751 1.082576 2.085095 3.085986 2.086498 2.083976 2.085328 3.083351 4.087387 3.089579 3.085936 3.091322 2.085011 1.077652 1.076892 1.076896 1.076658 1.053435 1.038424 1.068619 0.056014 0.003936 0.005714 0.005731 0.003024 0.003384 0.004598 0.003897 0.000706 0.004993 0.003456 0.002165 0.017856 0.035241 0.025479 0.021814 0.018696 0.021770 0.016634 0.013496 0.013489 1.482338 1.491234 0.464381 0.445804 0.354188 0.317301 1.346638 0.201603 0.860556 0.892930 0.002798 0.001836 0.016538 0.214257
1.460515 0.403205 0.006809 0.006070 0.067234 2.084621 3.085617 4.087302 3.084285 3.085381 3.086006 3.088198 3.088571 3.093250 2.086366 3.086468 2.078661 2.086239 1.079086 1.079872 2.073814 2.068662 2.054497 1.083109 0.055074 0.003861 0.007301 0.007376 0.002674 0.002474 0.003487 0.003468 0.003260 0.003459 0.058392 0.054307 0.041987 0.030824 0.025205 0.016481 0.013132 0.011127 0.014334 0.008672 0.016004 1.494704 1.494806 0.010472 0.005893 0.008294 0.005867 0.005983 0.007092 0.005305 0.008622 0.000706 0.001918 0.019953 0.020610
1.474916 0.414688 0.004234 0.004761 1.083496 3.084401 4.086293 4.089519 4.086186 4.086112 4.086480 4.088767 4.091365 3.090207 3.088204 4.082849 4.075451 4.079227 4.071713 3.078787 3.080680 3.069915 2.073748 1.097799 0.057629 0.040319 0.004078 0.005282 0.006584 0.001848 0.013516 0.005629 0.008691 0.002061 0.058519 0.054866 0.050086 0.044342 0.040022 0.023037 0.010362 0.009330 0.006147 0.010596 0.016385 1.484960 1.484645 0.012717 0.010951 0.004590 0.009757 0.005509 0.003073 0.004234 0.008720 0.004963 0.002597 0.042618 0.022074
0.426764 0.352476 0.240611 0.174623 2.008536 3.079135 4.081919 4.089235 5.086530 4.086742 4.087019 5.082661 5.088299 5.091778 5.089966 5.088614 6.072141 6.085432 5.077930 5.078794 5.085501 3.083165 1.072315 0.059436 0.985888 0.977760 0.997967 1.005139 1.004293 0.008769 0.012165 0.005267 0.006268 0.001568 0.001339 0.050586 0.050662 0.046896 0.038243 0.001840 0.002172 0.003318 0.008281 0.005792 0.005488 0.511777 0.504971 0.013969 0.016428 0.015968 0.006736 0.005289 0.002669 0.007215 0.006552 0.045657 1.072852 0.049101 0.032335
0.002528 0.272679 0.932309 2.011819 3.080606 4.085319 4.082693 5.083060 5.085700 4.082397 5.073408 6.081976 6.083728 6.085422 6.087986 5.082649 6.070201 6.083754 5.076953 5.082985 4.084354 3.082341 2.049930 0.973962 1.982373 1.994336 1.997129 1.998641 2.017181 0.930861 0.894796 0.029010 0.005270 0.002607 0.001016 0.041670 0.002281 0.003354 0.003897 0.001827 0.001587 0.001937 0.003126 0.005653 0.007616 0.514643 0.510790 0.515122 0.015904 0.015006 0.010310 0.008129 0.006113 0.005285 0.006188 0.007396 0.043103 0.002217 0.027848
0.005182 0.005740 1.066166 3.075770 4.080125 5.084484 5.084361 5.083900 5.083678 5.082262 6.079125 6.083158 7.080163 7.089718 6.083066 6.083745 6.073967 6.089599 4.071267 4.081296 3.080987 2.050185 2.041927 2.975402 3.009394 3.017579 2.012289 2.014325 2.024883 0.013355 0.796503 1.791457 0.662606 0.012760 0.011496 0.019631 0.002732 0.003935 0.001027 0.000706 0.001827 0.001777 0.004183 0.005831 0.010518 0.506542 0.501740 0.010455 0.005555 0.006059 0.005540 0.004463 0.008295 0.007901 0.004656 0.006762 0.004609 0.003024 0.003185
0.006734 0.006706 0.052558 5.073370 7.083228 7.087119 6.083846 5.082242 5.082442 5.080511 6.076258 6.081869 6.082600 7.083312 6.081388 6.080394 7.067377 6.085058 5.076566 4.083595 3.083049 2.050154 2.043461 2.976943 4.014872 3.018909 3.026164 2.020450 2.036361 0.021483 0.820952 1.806258 2.815511 1.832443 0.646081 0.012818 0.005068 0.002512 0.003142 0.001979 0.003272 0.003909 0.003696 0.005570 0.017297 0.015635 0.013994 0.005807 0.004828 0.003919 0.005401 0.003028 0.004166 0.003804 0.004242 0.003427 0.002170 0.002172 0.002567
0.007920 0.008935 0.004718 5.076434 6.056287 7.072454 6.075763 5.083048 4.081327 5.069120 6.072875 6.080213 6.080512 6.089567 5.078685 5.077494 7.046482 7.069081 7.079895 5.068200 4.038225 4.045599 3.007560 3.967152 5.003420 3.996453 4.001225 4.009965 3.033811 0.895499 0.876381 2.821336 2.849719 2.854070 1.839134 0.738456 0.004365 0.003059 0.002773 0.003616 0.005645 0.003897 0.011286 0.000706 0.006268 0.009493 0.010224 0.005376 0.004152 0.004968 0.005319 0.003055 0.004554 0.000993 0.001149 0.003933 0.000706 0.001656 0.003622
0.007322 0.008492 0.004583 3.070334 4.073753 5.071912 4.082151 4.082987 4.083559 4.083205 6.057281 7.078279 7.089919 6.090378 5.077914 5.076148 7.040261 7.067881 7.074436 6.074113 5.069324 4.033549 4.014154 4.973196 5.012444 4.999622 5.021998 4.023266 3.021250 1.892217 1.855659 1.863514 2.853628 2.870234 2.874944 1.882829 0.010752 0.002558 0.002759 0.003996 0.010987 0.007173 0.014284 0.011439 0.004652 0.004869 0.008588 0.005688 0.004573 0.002036 0.002110 0.000995 0.001250 0.001251 0.001993 0.004742 0.003591 0.003889 0.003727
0.004760 0.005386 1.085811 3.063628 4.075340 4.086012 4.085461 4.086222 4.087031 4.087037 5.073282 7.064233 8.077518 8.104309 6.095037 5.076990 6.043722 7.054468 7.067878 7.091939 5.072957 4.033542 4.028020 4.011770 4.009376 4.994088 5.036489 4.028528 3.024776 1.907141 1.855810 1.862712 1.865653 1.860949 2.844695 2.882973 0.755643 0.018553 0.007800 0.010321 0.007970 0.017331 0.654268 0.681017 0.009517 0.003285 0.002448 0.002488 0.001738 0.002566 0.002060 0.003232 0.002613 0.003438 0.004235 0.007690 0.005082 0.004681 0.005906
