use_cases/Flooding_chicago/flooding_data/output/h_360.asc
ncols 337
nrows 393
xllcorner 428428.000000
yllcorner 4602440.000000
cellsize 26.757400
NODATA_value -9999.000000
[rows 216 to 242 of 393, columns 236 to 294 of 337]
0.094075 0.116530 0.097743 0.130077 0.162993 0.201762 0.210712 0.212850 0.208310 0.153340 0.035514 0.014397 0.032462 0.064385 0.068359 0.054134 0.034618 0.038389 0.133618 0.107030 0.098630 0.064000 0.068196 0.069382 0.266206 0.247309 0.274158 0.038909 0.032828 0.218961 0.218236 0.213431 0.202204 0.150047 0.293298 0.140433 0.962708 0.064351 0.024237 0.022164 0.031471 0.323869 0.355669 0.303071 0.033947 0.026787 0.027168 0.035134 -9999.000000 -9999.000000 -9999.000000 -9999.000000 -9999.000000 -9999.000000 -9999.000000 -9999.000000 -9999.000000 -9999.000000 -9999.000000
0.175021 0.116584 0.089930 0.063341 0.048527 0.247313 0.249946 0.252492 0.248311 0.023339 0.042922 0.047478 0.030297 0.056620 0.056546 0.022590 0.022590 0.027794 0.160894 0.107186 0.056332 0.067486 0.102990 0.085594 0.050684 0.092127 0.019870 0.029381 0.031058 0.025627 0.221491 0.220127 0.219205 0.026942 0.051770 0.034938 0.087144 0.104921 0.028402 0.073738 0.328159 0.318966 0.293243 0.041161 0.031564 0.035820 -9999.000000 -9999.000000 -9999.000000 -9999.000000 -9999.000000 -9999.000000 -9999.000000 -9999.000000 -9999.000000 -9999.000000 -9999.000000 -9999.000000 -9999.000000
0.211526 0.046967 0.056469 0.042439 0.081877 0.227763 0.263957 0.276823 0.271772 0.281951 0.028553 0.029946 0.037611 0.455152 0.481322 0.022590 0.022590 0.027794 0.300371 0.014397 0.052672 0.062961 0.122088 0.111810 0.063918 0.031498 0.659788 0.025627 0.031058 0.029381 0.019870 0.032767 0.042053 0.054968 0.050016 0.036626 0.062140 0.046523 0.044348 0.102369 0.080316 0.079051 0.075192 0.038016 0.021034 0.017967 -9999.000000 -9999.000000 -9999.000000 -9999.000000 -9999.000000 -9999.000000 -9999.000000 -9999.000000 -9999.000000 -9999.000000 -9999.000000 -9999.000000 -9999.000000
0.077488 0.085296 0.089632 0.067972 0.136676 0.088785 0.066105 0.243574 0.262549 0.263415 0.218951 0.138331 0.414294 1.507598 1.505800 0.055286 0.056676 0.410130 0.378357 0.407598 0.022394 0.037667 0.044407 0.087595 0.690611 0.734763 0.625681 0.561470 0.456132 0.390110 0.264135 0.778996 0.048986 0.024330 0.029563 0.024330 0.028587 0.048448 0.065790 0.017373 0.054924 0.056077 0.060768 0.066299 0.017967 -9999.000000 -9999.000000 -9999.000000 -9999.000000 -9999.000000 -9999.000000 -9999.000000 -9999.000000 -9999.000000 -9999.000000 -9999.000000 -9999.000000 -9999.000000 -9999.000000
0.033156 0.101841 0.116981 0.100451 0.074248 0.054343 0.115027 0.065101 0.227355 0.225611 0.022926 0.083909 0.373609 1.485107 0.500371 0.061181 0.069193 0.065469 0.320457 0.028757 0.039606 0.027246 0.082125 0.098747 0.641085 0.714251 0.037204 0.031504 0.343071 0.319682 0.226968 0.729969 0.677298 0.024330 0.029563 0.024330 0.028587 1.002381 0.040345 0.017373 0.071289 0.075498 0.080822 0.059673 -9999.000000 -9999.000000 -9999.000000 -9999.000000 -9999.000000 -9999.000000 -9999.000000 -9999.000000 -9999.000000 -9999.000000 -9999.000000 -9999.000000 -9999.000000 -9999.000000 -9999.000000
0.040698 0.037879 0.027871 0.109014 0.099968 0.090522 0.069894 0.051945 0.063298 0.053967 0.025308 0.037620 0.345911 0.375122 0.452604 0.081188 0.014397 0.123717 0.083062 0.025489 0.039725 0.027719 0.074284 0.071410 0.186345 0.237758 0.030319 0.032151 0.053006 0.048369 0.046855 0.036059 0.567415 0.438288 0.419862 0.295601 0.941135 0.929237 0.937272 0.929943 0.045885 0.072239 0.073886 0.014397 -9999.000000 -9999.000000 -9999.000000 -9999.000000 -9999.000000 -9999.000000 -9999.000000 -9999.000000 -9999.000000 -9999.000000 -9999.000000 -9999.000000 -9999.000000 -9999.000000 -9999.000000
0.089897 0.026877 0.029014 0.111327 0.106599 0.104286 0.096601 0.091007 0.021034 0.017967 0.050701 0.034326 0.043687 0.053472 0.480346 0.132754 0.178717 0.136180 0.028524 0.027404 0.245196 0.209465 0.148330 0.086346 0.105501 0.303104 0.047708 0.026299 0.023988 0.033864 0.068239 0.056324 0.063910 0.399095 0.422178 0.311956 0.171717 0.087418 0.882418 0.892196 0.857150 0.071002 0.019309 -9999.000000 -9999.000000 -9999.000000 -9999.000000 -9999.000000 -9999.000000 -9999.000000 -9999.000000 -9999.000000 -9999.000000 -9999.000000 -9999.000000 -9999.000000 -9999.000000 -9999.000000 -9999.000000
0.386512 0.441768 0.019721 0.101793 0.101016 0.017967 0.021034 0.088975 0.017967 0.046457 0.051491 0.046395 0.029322 0.057028 0.127971 0.163300 0.160823 0.048489 0.041490 0.037836 0.200133 0.195960 0.160208 0.112627 0.188632 0.138695 0.030071 0.038245 0.026267 0.050263 0.082796 0.054233 0.108534 0.432599 0.449844 0.067908 0.062778 0.047107 0.079029 0.866832 0.857702 0.081053 0.014397 -9999.000000 -9999.000000 -9999.000000 -9999.000000 -9999.000000 -9999.000000 -9999.000000 -9999.000000 -9999.000000 -9999.000000 -9999.000000 -9999.000000 -9999.000000 -9999.000000 -9999.000000 -9999.000000
0.414364 0.459653 0.036167 0.062226 0.064865 0.056600 0.017967 0.045270 0.166479 0.181298 0.032066 0.035515 0.026660 0.108758 0.092115 0.074972 0.085404 0.045276 0.060200 0.046085 0.060498 0.042961 0.162771 0.142353 0.097408 0.068246 0.043627 0.031253 0.119814 0.074756 0.094541 0.136716 1.208273 0.160206 0.101524 0.111842 0.047676 0.043645 0.052818 0.065208 0.781242 0.100398 0.024514 -9999.000000 -9999.000000 -9999.000000 -9999.000000 -9999.000000 -9999.000000 -9999.000000 -9999.000000 -9999.000000 -9999.000000 -9999.000000 -9999.000000 -9999.000000 -9999.000000 -9999.000000 -9999.000000
0.345093 0.433505 0.403466 0.358952 0.326614 0.280130 0.287786 0.246657 0.199216 0.183657 0.124338 0.107571 0.113958 0.130413 0.136842 0.048407 0.064496 0.076641 0.074340 0.053812 0.053266 0.070857 0.046787 0.158859 0.128749 0.085030 0.241311 0.189978 0.137528 0.084912 0.105166 0.150193 1.204960 0.174787 0.035485 0.052239 0.072061 0.078381 0.050392 0.059920 0.113561 0.130753 0.018871 -9999.000000 -9999.000000 -9999.000000 -9999.000000 -9999.000000 -9999.000000 -9999.000000 -9999.000000 -9999.000000 -9999.000000 -9999.000000 -9999.000000 -9999.000000 -9999.000000 -9999.000000 -9999.000000
0.339455 0.417289 0.400443 1.362978 1.378285 1.386179 1.383048 0.264989 0.206802 0.150005 0.921406 0.916610 0.889228 0.108832 0.057607 0.081913 0.093247 0.093309 0.083721 0.063380 0.029987 0.074513 0.041597 0.178298 0.141787 0.095115 0.194739 0.152691 0.101223 0.060820 0.115651 0.077589 0.063611 0.070206 0.037726 0.050588 0.047113 0.052410 0.037580 0.049314 0.119393 0.022184 -9999.000000 -9999.000000 -9999.000000 -9999.000000 -9999.000000 -9999.000000 -9999.000000 -9999.000000 -9999.000000 -9999.000000 -9999.000000 -9999.000000 -9999.000000 -9999.000000 -9999.000000 -9999.000000 -9999.000000
0.101939 0.035254 0.042761 0.255389 0.358744 0.286453 0.245145 0.223737 0.189593 0.132028 0.915509 0.908861 0.895335 0.040539 0.073935 0.096515 0.107893 0.102404 0.084277 0.048451 0.075261 0.070479 0.228190 0.246197 0.023460 0.024905 0.035171 0.081833 0.230352 0.199045 0.120874 0.095190 0.030845 0.046807 0.027199 0.033958 0.027532 0.081651 0.056446 0.086312 0.055484 0.039717 -9999.000000 -9999.000000 -9999.000000 -9999.000000 -9999.000000 -9999.000000 -9999.000000 -9999.000000 -9999.000000 -9999.000000 -9999.000000 -9999.000000 -9999.000000 -9999.000000 -9999.000000 -9999.000000 -9999.000000
0.079322 0.080375 0.047995 0.073367 0.385698 0.036790 0.038043 0.026023 0.024241 0.138094 0.119006 0.114016 0.115959 0.032142 0.035835 0.028312 0.124642 0.110151 0.074766 0.118008 0.063123 0.088179 0.046422 0.201362 0.024905 0.033471 0.020636 0.069141 0.038432 0.128910 0.660673 0.717832 0.034035 0.058905 0.033958 0.043019 0.035087 0.096407 0.067272 0.088769 0.055873 0.035488 -9999.000000 -9999.000000 -9999.000000 -9999.000000 -9999.000000 -9999.000000 -9999.000000 -9999.000000 -9999.000000 -9999.000000 -9999.000000 -9999.000000 -9999.000000 -9999.000000 -9999.000000 -9999.000000 -9999.000000
0.041726 0.033241 0.021049 0.084406 0.165949 0.037290 0.021223 0.203490 0.025919 0.034794 0.042225 0.052962 0.062667 0.022590 0.022590 0.036919 0.153013 0.018441 0.061765 0.072359 0.091293 0.073824 0.043020 0.122602 0.081195 0.020636 0.030648 0.048996 0.037095 0.101105 0.676642 0.698792 0.066509 0.039926 0.027596 0.035286 0.034293 0.030859 0.024695 0.048297 -9999.000000 -9999.000000 -9999.000000 -9999.000000 -9999.000000 -9999.000000 -9999.000000 -9999.000000 -9999.000000 -9999.000000 -9999.000000 -9999.000000 -9999.000000 -9999.000000 -9999.000000 -9999.000000 -9999.000000 -9999.000000 -9999.000000
0.027274 0.025642 0.244040 0.184592 0.124747 0.079566 0.056358 0.192956 0.204011 0.031447 0.046540 0.072387 0.087788 0.022590 0.022590 0.037116 0.149002 0.023384 0.014397 0.044584 0.093297 0.420120 0.456129 0.440944 0.374539 0.262840 0.320530 0.214173 0.128157 0.678686 0.685267 0.702892 0.064213 0.093314 0.023492 0.076790 0.037254 0.024330 0.023323 -9999.000000 -9999.000000 -9999.000000 -9999.000000 -9999.000000 -9999.000000 -9999.000000 -9999.000000 -9999.000000 -9999.000000 -9999.000000 -9999.000000 -9999.000000 -9999.000000 -9999.000000 -9999.000000 -9999.000000 -9999.000000 -9999.000000 -9999.000000
0.341534 0.369700 0.292937 0.235782 0.175843 0.104679 0.249640 0.225681 1.180041 1.195865 1.194851 0.069488 0.099467 0.039736 0.041313 0.029580 0.098412 0.092491 0.019309 0.030178 0.082344 0.384326 0.420602 0.405150 0.359025 0.236434 0.311309 0.639512 0.694502 1.710140 0.685357 0.717337 0.059036 0.078796 0.053384 0.116122 0.028465 -9999.000000 -9999.000000 -9999.000000 -9999.000000 -9999.000000 -9999.000000 -9999.000000 -9999.000000 -9999.000000 -9999.000000 -9999.000000 -9999.000000 -9999.000000 -9999.000000 -9999.000000 -9999.000000 -9999.000000 -9999.000000 -9999.000000 -9999.000000 -9999.000000 -9999.000000
1.351243 0.372787 0.307568 0.254287 0.189432 0.095404 0.287713 0.257181 1.172118 1.170146 1.196515 0.053385 0.025108 0.027335 0.049990 0.037392 0.245674 0.046156 0.036687 0.084747 0.113913 0.086860 0.061617 0.052985 0.044529 0.031915 0.043593 0.704291 0.745676 0.735354 0.022826 0.713658 0.062100 0.078066 0.060623 -9999.000000 -9999.000000 -9999.000000 -9999.000000 -9999.000000 -9999.000000 -9999.000000 -9999.000000 -9999.000000 -9999.000000 -9999.000000 -9999.000000 -9999.000000 -9999.000000 -9999.000000 -9999.000000 -9999.000000 -9999.000000 -9999.000000 -9999.000000 -9999.000000 -9999.000000 -9999.000000 -9999.000000
1.350340 0.407984 0.311694 0.261419 0.180751 0.222273 0.322368 0.269542 0.183992 0.130168 0.038139 0.025582 0.030052 0.049431 0.182216 0.200579 1.249494 0.163740 0.029506 0.042433 0.022883 0.029625 0.027687 0.037433 0.042300 0.032554 0.071825 0.032467 0.093463 0.017373 0.017373 0.080032 0.083220 0.082780 0.061990 -9999.000000 -9999.000000 -9999.000000 -9999.000000 -9999.000000 -9999.000000 -9999.000000 -9999.000000 -9999.000000 -9999.000000 -9999.000000 -9999.000000 -9999.000000 -9999.000000 -9999.000000 -9999.000000 -9999.000000 -9999.000000 -9999.000000 -9999.000000 -9999.000000 -9999.000000 -9999.000000 -9999.000000
0.397764 0.469969 0.047989 0.059359 0.047283 0.052443 0.355504 0.061643 0.086346 0.030024 0.043999 0.014397 0.028161 0.032412 0.184252 1.280829 1.278144 0.193408 0.024011 0.018532 0.036746 0.472701 0.485842 0.043403 0.023231 0.018380 0.034633 0.129322 0.134941 1.134030 0.120161 0.122388 0.100567 0.017373 0.017373 -9999.000000 -9999.000000 -9999.000000 -9999.000000 -9999.000000 -9999.000000 -9999.000000 -9999.000000 -9999.000000 -9999.000000 -9999.000000 -9999.000000 -9999.000000 -9999.000000 -9999.000000 -9999.000000 -9999.000000 -9999.000000 -9999.000000 -9999.000000 -9999.000000 -9999.000000 -9999.000000 -9999.000000
0.378499 0.517641 0.080254 0.094217 0.082788 0.049666 0.089014 0.073865 0.070386 0.017373 0.017373 0.035667 0.038520 0.191207 0.031867 0.042105 0.039940 0.031269 0.079979 0.042898 0.571156 1.502710 1.533951 0.055027 0.026834 0.057549 0.061150 0.076148 0.115792 1.122774 1.156415 1.164368 0.019647 0.079943 0.055965 -9999.000000 -9999.000000 -9999.000000 -9999.000000 -9999.000000 -9999.000000 -9999.000000 -9999.000000 -9999.000000 -9999.000000 -9999.000000 -9999.000000 -9999.000000 -9999.000000 -9999.000000 -9999.000000 -9999.000000 -9999.000000 -9999.000000 -9999.000000 -9999.000000 -9999.000000 -9999.000000 -9999.000000
0.123441 0.176924 0.133645 0.123320 0.105980 0.070450 0.126089 0.102415 0.092705 0.080973 0.043324 0.041177 0.092998 0.145486 0.025337 0.032203 0.026405 0.045503 0.060375 0.579744 0.570229 1.498879 0.368872 0.055838 0.029304 0.051754 0.095241 0.081377 0.143861 1.118747 0.127780 0.096074 0.027306 0.072330 0.043170 -9999.000000 -9999.000000 -9999.000000 -9999.000000 -9999.000000 -9999.000000 -9999.000000 -9999.000000 -9999.000000 -9999.000000 -9999.000000 -9999.000000 -9999.000000 -9999.000000 -9999.000000 -9999.000000 -9999.000000 -9999.000000 -9999.000000 -9999.000000 -9999.000000 -9999.000000 -9999.000000 -9999.000000
0.195988 0.295726 0.034529 0.042621 0.038889 0.027889 0.033218 0.087418 0.093211 0.066256 0.082561 0.124087 1.925276 0.083134 0.026696 0.038840 0.032203 0.048465 0.064274 0.561028 0.551089 0.055871 0.046921 0.028587 0.028587 0.058794 0.122193 0.132751 0.090876 0.163056 0.048619 0.031426 0.045308 0.049609 -9999.000000 -9999.000000 -9999.000000 -9999.000000 -9999.000000 -9999.000000 -9999.000000 -9999.000000 -9999.000000 -9999.000000 -9999.000000 -9999.000000 -9999.000000 -9999.000000 -9999.000000 -9999.000000 -9999.000000 -9999.000000 -9999.000000 -9999.000000 -9999.000000 -9999.000000 -9999.000000 -9999.000000 -9999.000000
0.192369 0.271889 0.051689 0.059407 0.050404 0.030744 0.043684 0.077456 0.070700 0.046622 0.062883 0.152943 1.955313 1.014530 0.104934 0.026696 0.025337 0.035751 0.090095 0.220104 0.170814 0.066072 0.042982 0.024330 0.024330 0.039186 0.045685 0.151669 0.151612 0.103587 0.103082 0.017967 0.021125 -9999.000000 -9999.000000 -9999.000000 -9999.000000 -9999.000000 -9999.000000 -9999.000000 -9999.000000 -9999.000000 -9999.000000 -9999.000000 -9999.000000 -9999.000000 -9999.000000 -9999.000000 -9999.000000 -9999.000000 -9999.000000 -9999.000000 -9999.000000 -9999.000000 -9999.000000 -9999.000000 -9999.000000 -9999.000000 -9999.000000
0.077034 0.069011 0.076180 0.065821 0.039524 0.095818 0.048587 0.050196 0.113210 0.088538 0.371967 0.248098 2.004262 0.935983 0.128180 0.029593 0.029137 0.212055 0.150992 0.302000 0.071262 0.108767 0.066775 0.029563 0.029563 0.057878 0.083111 0.162681 0.163861 0.113651 0.017967 0.021034 -9999.000000 -9999.000000 -9999.000000 -9999.000000 -9999.000000 -9999.000000 -9999.000000 -9999.000000 -9999.000000 -9999.000000 -9999.000000 -9999.000000 -9999.000000 -9999.000000 -9999.000000 -9999.000000 -9999.000000 -9999.000000 -9999.000000 -9999.000000 -9999.000000 -9999.000000 -9999.000000 -9999.000000 -9999.000000 -9999.000000 -9999.000000
0.058346 0.035607 0.089669 0.061049 0.133166 0.088234 0.079714 0.132461 0.086915 0.559736 0.463731 0.314114 1.975010 0.985968 0.156152 0.211631 0.218722 0.180108 1.129749 0.092361 0.048492 0.061472 0.081662 0.024330 0.024330 0.076105 0.117734 0.079660 0.035802 -9999.000000 -9999.000000 -9999.000000 -9999.000000 -9999.000000 -9999.000000 -9999.000000 -9999.000000 -9999.000000 -9999.000000 -9999.000000 -9999.000000 -9999.000000 -9999.000000 -9999.000000 -9999.000000 -9999.000000 -9999.000000 -9999.000000 -9999.000000 -9999.000000 -9999.000000 -9999.000000 -9999.000000 -9999.000000 -9999.000000 -9999.000000 -9999.000000 -9999.000000 -9999.000000
0.086163 0.049579 0.026273 0.051438 0.116828 0.075659 0.127912 0.770270 0.830031 1.734196 0.516338 0.340858 0.923144 0.994704 0.039109 0.048853 0.058273 0.066782 0.087077 0.053912 0.069197 0.064626 0.041641 0.206931 0.165184 0.075540 0.071699 0.032357 -9999.000000 -9999.000000 -9999.000000 -9999.000000 -9999.000000 -9999.000000 -9999.000000 -9999.000000 -9999.000000 -9999.000000 -9999.000000 -9999.000000 -9999.000000 -9999.000000 -9999.000000 -9999.000000 -9999.000000 -9999.000000 -9999.000000 -9999.000000 -9999.000000 -9999.000000 -9999.000000 -9999.000000 -9999.000000 -9999.000000 -9999.000000 -9999.000000 -9999.000000 -9999.000000 -9999.000000
0.092857 0.156594 0.108208 0.064590 0.031547 0.219322 0.693399 0.748909 0.735347 0.675506 0.061922 0.207948 0.899548 0.093849 0.041008 0.034340 0.046001 0.049123 0.063214 0.065157 0.059680 0.052237 0.036257 0.044663 0.023538 0.048532 0.025155 -9999.000000 -9999.000000 -9999.000000 -9999.000000 -9999.000000 -9999.000000 -9999.000000 -9999.000000 -9999.000000 -9999.000000 -9999.000000 -9999.000000 -9999.000000 -9999.000000 -9999.000000 -9999.000000 -9999.000000 -9999.000000 -9999.000000 -9999.000000 -9999.000000 -9999.000000 -9999.000000 -9999.000000 -9999.000000 -9999.000000 -9999.000000 -9999.000000 -9999.000000 -9999.000000 -9999.000000 -9999.000000
