use_cases/Flooding_chicago/flooding_data/output/h_3600.asc
ncols 337
nrows 393
xllcorner 428428.000000
yllcorner 4602440.000000
cellsize 26.757400
NODATA_value -9999.000000
[rows 81 to 107 of 393, columns 118 to 176 of 337]
-9999.000000 -9999.000000 -9999.000000 -9999.000000 -9999.000000 -9999.000000 -9999.000000 -9999.000000 -9999.000000 -9999.000000 -9999.000000 -9999.000000 -9999.000000 -9999.000000 -9999.000000 -9999.000000 -9999.000000 -9999.000000 -9999.000000 -9999.000000 -9999.000000 -9999.000000 -9999.000000 -9999.000000 -9999.000000 -9999.000000 -9999.000000 -9999.000000 -9999.000000 -9999.000000 -9999.000000 -9999.000000 -9999.000000 -9999.000000 -9999.000000 -9999.000000 -9999.000000 -9999.000000 -9999.000000 -9999.000000 -9999.000000 -9999.000000 -9999.000000 -9999.000000 -9999.000000 -9999.000000 -9999.000000 -9999.000000 -9999.000000 -9999.000000 0.038343 0.029082 0.004445 0.003296 0.002249 0.002297 0.005514 0.010710 0.006150
-9999.000000 -9999.000000 -9999.000000 -9999.000000 -9999.000000 -9999.000000 -9999.000000 -9999.000000 -9999.000000 -9999.000000 -9999.000000 -9999.000000 -9999.000000 -9999.000000 -9999.000000 -9999.000000 -9999.000000 -9999.000000 -9999.000000 -9999.000000 -9999.000000 -9999.000000 -9999.000000 -9999.000000 -9999.000000 -9999.000000 -9999.000000 -9999.000000 -9999.000000 -9999.000000 -9999.000000 -9999.000000 -9999.000000 -9999.000000 -9999.000000 -9999.000000 -9999.000000 -9999.000000 -9999.000000 -9999.000000 -9999.000000 -9999.000000 -9999.000000 -9999.000000 -9999.000000 -9999.000000 -9999.000000 -9999.000000 -9999.000000 -9999.000000 0.001537 0.027273 0.003464 0.002823 0.002021 0.002129 0.006075 0.003782 0.008610
-9999.000000 -9999.000000 -9999.000000 -9999.000000 -9999.000000 -9999.000000 -9999.000000 -9999.000000 -9999.000000 -9999.000000 -9999.000000 -9999.000000 -9999.000000 -9999.000000 -9999.000000 -9999.000000 -9999.000000 -9999.000000 -9999.000000 -9999.000000 -9999.000000 -9999.000000 -9999.000000 -9999.000000 -9999.000000 -9999.000000 -9999.000000 -9999.000000 -9999.000000 -9999.000000 -9999.000000 -9999.000000 -9999.000000 -9999.000000 -9999.000000 -9999.000000 -9999.000000 -9999.000000 -9999.000000 -9999.000000 -9999.000000 -9999.000000 -9999.000000 -9999.000000 -9999.000000 -9999.000000 -9999.000000 -9999.000000 -9999.000000 0.000973 0.003034 0.023003 0.002535 0.002022 0.001677 0.001961 0.004618 0.002919 0.005563
-9999.000000 -9999.000000 -9999.000000 -9999.000000 -9999.000000 -9999.000000 -9999.000000 -9999.000000 -9999.000000 -9999.000000 -9999.000000 -9999.000000 -9999.000000 -9999.000000 -9999.000000 -9999.000000 -9999.000000 -9999.000000 -9999.000000 -9999.000000 -9999.000000 -9999.000000 -9999.000000 -9999.000000 -9999.000000 -9999.000000 -9999.000000 -9999.000000 -9999.000000 -9999.000000 -9999.000000 -9999.000000 -9999.000000 -9999.000000 -9999.000000 -9999.000000 -9999.000000 -9999.000000 -9999.000000 -9999.000000 -9999.000000 -9999.000000 -9999.000000 -9999.000000 -9999.000000 -9999.000000 -9999.000000 -9999.000000 0.000973 0.001179 0.001813 0.034548 0.003307 0.002134 0.001968 0.003144 0.002637 0.001835 0.003429
-9999.000000 -9999.000000 -9999.000000 -9999.000000 -9999.000000 -9999.000000 -9999.000000 -9999.000000 -9999.000000 -9999.000000 -9999.000000 -9999.000000 -9999.000000 -9999.000000 -9999.000000 -9999.000000 -9999.000000 -9999.000000 -9999.000000 -9999.000000 -9999.000000 -9999.000000 -9999.000000 -9999.000000 -9999.000000 -9999.000000 -9999.000000 -9999.000000 -9999.000000 -9999.000000 -9999.000000 -9999.000000 -9999.000000 -9999.000000 -9999.000000 -9999.000000 -9999.000000 -9999.000000 -9999.000000 -9999.000000 -9999.000000 -9999.000000 -9999.000000 -9999.000000 -9999.000000 -9999.000000 -9999.000000 0.001543 0.001735 0.002030 0.002137 0.035420 0.003011 0.003659 0.002867 0.002115 0.002418 0.001774 0.004817
-9999.000000 -9999.000000 -9999.000000 -9999.000000 -9999.000000 -9999.000000 -9999.000000 -9999.000000 -9999.000000 -9999.000000 -9999.000000 -9999.000000 -9999.000000 -9999.000000 -9999.000000 -9999.000000 -9999.000000 -9999.000000 -9999.000000 -9999.000000 -9999.000000 -9999.000000 -9999.000000 -9999.000000 -9999.000000 -9999.000000 -9999.000000 -9999.000000 -9999.000000 -9999.000000 -9999.000000 -9999.000000 -9999.000000 -9999.000000 -9999.000000 -9999.000000 -9999.000000 -9999.000000 -9999.000000 -9999.000000 -9999.000000 -9999.000000 -9999.000000 -9999.000000 0.001676 0.001121 0.001210 0.063903 0.002464 0.001387 0.002610 0.026995 0.011821 0.009599 0.007669 0.006453 0.009236 0.004634 0.004798
-9999.000000 -9999.000000 -9999.000000 -9999.000000 -9999.000000 -9999.000000 -9999.000000 -9999.000000 -9999.000000 -9999.000000 -9999.000000 -9999.000000 -9999.000000 -9999.000000 -9999.000000 -9999.000000 -9999.000000 -9999.000000 -9999.000000 -9999.000000 -9999.000000 -9999.000000 -9999.000000 -9999.000000 -9999.000000 -9999.000000 -9999.000000 -9999.000000 -9999.000000 -9999.000000 -9999.000000 -9999.000000 -9999.000000 -9999.000000 -9999.000000 -9999.000000 -9999.000000 -9999.000000 -9999.000000 -9999.000000 -9999.000000 0.001016 0.002095 0.003447 0.002564 0.004432 0.003443 1.063402 0.051726 0.025363 0.656363 0.557748 0.009428 0.009328 0.006365 0.004807 0.000706 0.006370 0.005927
-9999.000000 -9999.000000 -9999.000000 -9999.000000 -9999.000000 -9999.000000 -9999.000000 -9999.000000 -9999.000000 -9999.000000 -9999.000000 -9999.000000 -9999.000000 -9999.000000 -9999.000000 -9999.000000 -9999.000000 -9999.000000 -9999.000000 -9999.000000 -9999.000000 -9999.000000 -9999.000000 -9999.000000 -9999.000000 -9999.000000 -9999.000000 -9999.000000 -9999.000000 -9999.000000 -9999.000000 -9999.000000 -9999.000000 -9999.000000 -9999.000000 -9999.000000 -9999.000000 -9999.000000 -9999.000000 0.000706 0.001509 0.001327 0.001420 0.001184 0.003238 0.003760 0.030655 1.939503 1.984403 2.866160 3.889351 0.646786 0.008554 0.005461 0.003772 0.002524 0.001794 0.010819 0.011057
-9999.000000 -9999.000000 -9999.000000 -9999.000000 -9999.000000 -9999.000000 -9999.000000 -9999.000000 -9999.000000 -9999.000000 -9999.000000 -9999.000000 -9999.000000 -9999.000000 -9999.000000 -9999.000000 -9999.000000 -9999.000000 -9999.000000 -9999.000000 -9999.000000 -9999.000000 -9999.000000 -9999.000000 -9999.000000 -9999.000000 -9999.000000 -9999.000000 -9999.000000 -9999.000000 -9999.000000 -9999.000000 -9999.000000 -9999.000000 -9999.000000 -9999.000000 -9999.000000 -9999.000000 0.001775 0.018045 0.007970 0.005853 0.005135 0.003825 0.021515 0.782122 1.949475 1.932919 2.908227 3.837386 5.885197 2.846401 0.012964 0.009639 0.005126 0.003125 0.002942 0.020655 0.015189
-9999.000000 -9999.000000 -9999.000000 -9999.000000 -9999.000000 -9999.000000 -9999.000000 -9999.000000 -9999.000000 -9999.000000 -9999.000000 -9999.000000 -9999.000000 -9999.000000 -9999.000000 -9999.000000 -9999.000000 -9999.000000 -9999.000000 -9999.000000 -9999.000000 -9999.000000 -9999.000000 -9999.000000 -9999.000000 -9999.000000 -9999.000000 -9999.000000 -9999.000000 -9999.000000 -9999.000000 -9999.000000 -9999.000000 -9999.000000 -9999.000000 -9999.000000 -9999.000000 0.001153 0.002172 0.003319 0.011097 0.011791 0.010478 0.437718 1.725352 0.748572 0.627944 0.615322 1.714393 2.826441 4.895683 2.831473 0.016479 0.005244 0.004584 0.004053 0.001754 0.011884 0.018810
-9999.000000 -9999.000000 -9999.000000 -9999.000000 -9999.000000 -9999.000000 -9999.000000 -9999.000000 -9999.000000 -9999.000000 -9999.000000 -9999.000000 -9999.000000 -9999.000000 -9999.000000 -9999.000000 -9999.000000 -9999.000000 -9999.000000 -9999.000000 -9999.000000 -9999.000000 -9999.000000 -9999.000000 -9999.000000 -9999.000000 -9999.000000 -9999.000000 -9999.000000 -9999.000000 -9999.000000 -9999.000000 -9999.000000 -9999.000000 -9999.000000 0.001880 0.002321 0.001798 0.001497 0.002555 0.002550 0.009884 0.024699 0.338326 0.416510 0.008328 0.002520 0.001108 0.002571 0.583508 1.828660 0.637977 0.008511 0.005273 0.005322 0.003134 0.002355 0.008885 0.378449
-9999.000000 -9999.000000 -9999.000000 -9999.000000 -9999.000000 -9999.000000 -9999.000000 -9999.000000 -9999.000000 -9999.000000 -9999.000000 -9999.000000 -9999.000000 -9999.000000 -9999.000000 -9999.000000 -9999.000000 -9999.000000 -9999.000000 -9999.000000 -9999.000000 -9999.000000 -9999.000000 -9999.000000 -9999.000000 -9999.000000 -9999.000000 -9999.000000 -9999.000000 -9999.000000 -9999.000000 -9999.000000 -9999.000000 0.006030 0.005721 0.006896 0.002855 0.001498 0.001436 0.003304 0.003706 0.010999 0.015611 0.014215 0.008363 0.002837 0.002259 0.001000 0.002446 0.002918 0.007961 0.405983 0.198880 0.127935 0.004744 0.004468 0.003000 1.570692 2.639995
-9999.000000 -9999.000000 -9999.000000 -9999.000000 -9999.000000 -9999.000000 -9999.000000 -9999.000000 -9999.000000 -9999.000000 -9999.000000 -9999.000000 -9999.000000 -9999.000000 -9999.000000 -9999.000000 -9999.000000 -9999.000000 -9999.000000 -9999.000000 -9999.000000 -9999.000000 -9999.000000 -9999.000000 -9999.000000 -9999.000000 -9999.000000 -9999.000000 -9999.000000 -9999.000000 -9999.000000 -9999.000000 0.003920 0.007783 0.007705 0.007211 0.002588 0.002433 0.002410 0.002689 0.004156 0.008532 0.009288 0.008070 0.002213 0.002670 0.001340 0.001275 0.002251 0.002026 0.002810 0.227528 0.220786 0.151314 0.063299 0.435862 1.419383 4.657537 4.637326
-9999.000000 -9999.000000 -9999.000000 -9999.000000 -9999.000000 -9999.000000 -9999.000000 -9999.000000 -9999.000000 -9999.000000 -9999.000000 -9999.000000 -9999.000000 -9999.000000 -9999.000000 -9999.000000 -9999.000000 -9999.000000 -9999.000000 -9999.000000 -9999.000000 -9999.000000 -9999.000000 -9999.000000 -9999.000000 -9999.000000 -9999.000000 -9999.000000 -9999.000000 0.071025 0.116862 0.454461 1.632989 0.465804 0.009670 0.008512 0.007364 0.002047 0.002040 0.003912 0.003982 0.008453 0.008411 0.007679 0.001003 0.001275 0.001341 0.003282 0.002124 0.002266 0.001800 0.109190 0.530424 0.613286 0.617181 1.665547 3.649875 5.649336 5.639498
-9999.000000 -9999.000000 -9999.000000 -9999.000000 -9999.000000 -9999.000000 -9999.000000 -9999.000000 -9999.000000 -9999.000000 -9999.000000 -9999.000000 -9999.000000 -9999.000000 -9999.000000 -9999.000000 -9999.000000 -9999.000000 -9999.000000 -9999.000000 -9999.000000 -9999.000000 -9999.000000 -9999.000000 -9999.000000 -9999.000000 0.001572 0.001083 0.001188 0.168371 0.127117 0.606028 1.624857 0.458621 0.010973 0.010448 0.005966 0.006032 0.005078 0.051801 0.003197 0.001179 0.000973 0.001695 0.004602 0.003900 0.002453 0.004509 0.003613 0.003418 0.003586 0.470194 2.660441 3.706020 2.710795 3.676731 3.702141 5.659714 4.657754
-9999.000000 -9999.000000 -9999.000000 -9999.000000 -9999.000000 -9999.000000 -9999.000000 -9999.000000 -9999.000000 -9999.000000 -9999.000000 -9999.000000 -9999.000000 -9999.000000 -9999.000000 -9999.000000 -9999.000000 -9999.000000 -9999.000000 -9999.000000 -9999.000000 -9999.000000 -9999.000000 0.003292 0.002614 0.004220 0.002308 0.017269 0.462318 0.274614 0.162536 0.589146 0.623446 0.453447 0.015206 0.001320 0.001373 0.001373 0.108298 0.067346 0.002135 0.000973 0.002856 0.001874 0.003376 0.006018 0.005111 0.005221 0.005377 0.353559 1.315086 3.688513 4.687750 5.686785 5.676605 3.673978 3.685318 3.676831 2.635394
-9999.000000 -9999.000000 -9999.000000 -9999.000000 -9999.000000 -9999.000000 -9999.000000 -9999.000000 -9999.000000 -9999.000000 -9999.000000 -9999.000000 -9999.000000 -9999.000000 -9999.000000 -9999.000000 -9999.000000 -9999.000000 -9999.000000 -9999.000000 -9999.000000 -9999.000000 -9999.000000 0.006510 0.004275 0.004708 0.171280 0.596310 0.570314 0.024889 0.001474 0.025966 0.477605 0.044018 0.026260 0.005371 0.001373 0.001373 0.005193 0.027521 0.024485 0.015166 0.006956 0.007568 0.006733 0.006266 0.007763 0.008439 0.577212 2.699970 5.639568 5.685476 6.702105 6.700764 5.697728 4.692560 3.703227 2.689754 1.652559
-9999.000000 -9999.000000 -9999.000000 -9999.000000 -9999.000000 -9999.000000 -9999.000000 -9999.000000 -9999.000000 -9999.000000 -9999.000000 -9999.000000 -9999.000000 0.010343 0.014192 0.010587 0.018392 0.018585 0.031334 0.031980 0.028791 0.018855 0.022973 0.012900 0.000706 0.002685 0.262246 0.206046 0.005098 0.002015 0.002242 0.031212 0.071138 0.074345 0.030852 0.007212 0.003355 0.002324 0.010133 0.031790 0.038078 0.029925 0.080266 0.003622 0.005082 0.007799 0.008471 0.653755 0.697491 1.708648 5.711045 6.686410 6.701166 6.713576 5.711650 4.696580 4.721690 2.679736 2.673346
-9999.000000 -9999.000000 -9999.000000 -9999.000000 -9999.000000 -9999.000000 -9999.000000 -9999.000000 -9999.000000 -9999.000000 -9999.000000 -9999.000000 0.008930 0.019481 1.020586 0.015745 0.009405 0.005642 1.060515 0.054412 0.049069 0.034986 0.013070 0.080864 0.001027 0.341395 1.383502 0.272480 0.010661 0.001498 0.001436 0.049985 0.054236 0.051216 0.049683 0.002495 0.003326 0.033907 0.019989 0.033171 0.031928 0.091025 0.107417 0.060091 0.035286 0.439885 1.710503 1.714454 0.711811 1.697968 5.704765 6.660655 6.691288 6.708249 5.704394 4.686090 4.713658 3.700078 2.672709
-9999.000000 -9999.000000 -9999.000000 -9999.000000 -9999.000000 -9999.000000 -9999.000000 -9999.000000 -9999.000000 -9999.000000 -9999.000000 -9999.000000 0.002491 0.017839 0.016011 0.007109 0.004295 0.006882 1.058206 0.059695 0.059570 0.041203 0.069895 0.060791 0.270103 1.368506 1.381598 1.383315 0.020970 0.001799 0.001497 0.078045 0.088222 0.082162 0.078222 0.003550 0.003920 0.035528 0.025999 0.011963 0.022138 0.081333 0.101357 0.069717 0.537757 2.655203 3.696555 2.713399 2.721589 2.708268 4.718429 4.695481 4.690480 4.708044 4.716057 2.661583 1.703656 1.694352 2.670756
-9999.000000 -9999.000000 -9999.000000 -9999.000000 -9999.000000 -9999.000000 -9999.000000 -9999.000000 -9999.000000 -9999.000000 -9999.000000 0.001844 0.003984 0.003924 0.005239 0.008059 0.008633 0.005745 0.048935 0.058540 0.054662 0.041718 0.021771 0.043829 0.225089 1.374882 1.369367 1.360529 0.036805 0.001153 0.002183 0.090101 1.114004 1.112048 0.091591 0.004300 0.003923 0.005974 0.004792 0.011326 0.010074 0.008782 0.067683 0.060691 0.650099 2.708211 3.713219 3.730057 3.729108 3.722167 3.740490 3.713357 2.700121 3.713853 3.686770 0.738768 0.005252 0.689162 1.626286
-9999.000000 -9999.000000 -9999.000000 -9999.000000 -9999.000000 -9999.000000 -9999.000000 -9999.000000 -9999.000000 -9999.000000 -9999.000000 -9999.000000 0.002514 0.001160 0.002988 0.006795 0.004820 0.007824 0.011199 0.012443 0.030037 0.021966 0.019010 0.017147 0.017439 0.010936 0.009279 0.337533 0.059352 0.001196 0.097323 1.133246 1.122102 1.124599 0.099868 0.002332 0.001786 0.003725 0.009108 0.006724 0.009319 0.007984 0.041564 0.040921 0.044197 1.617564 3.715433 4.738575 4.742808 4.733001 3.758136 2.733124 1.731452 2.708282 1.731617 0.738744 0.002807 0.705699 0.715713
-9999.000000 -9999.000000 -9999.000000 -9999.000000 -9999.000000 -9999.000000 -9999.000000 -9999.000000 -9999.000000 -9999.000000 -9999.000000 -9999.000000 0.001977 0.001027 0.002275 0.005474 0.004374 0.005418 0.005463 0.026480 0.027937 0.017031 0.030794 0.019574 0.009586 0.009823 0.006440 0.070056 0.115246 0.116040 1.143499 2.139446 2.136780 1.116414 0.005345 0.004240 0.001437 0.002762 0.003274 0.009887 0.006144 0.005044 0.004673 0.003673 0.007755 0.526585 2.698844 4.719131 5.732028 5.728420 3.763471 1.709897 1.714279 0.659580 1.731787 1.744719 0.705796 0.703450 1.709759
-9999.000000 -9999.000000 -9999.000000 -9999.000000 -9999.000000 -9999.000000 -9999.000000 -9999.000000 -9999.000000 -9999.000000 -9999.000000 -9999.000000 0.001072 0.000706 0.002734 0.002335 0.004867 0.002995 0.010590 1.032923 1.038585 0.029128 0.015576 0.010204 0.005990 0.007061 0.009775 0.105376 1.175653 1.174740 1.164116 2.160528 2.130363 1.049710 0.004443 0.000973 0.001179 0.003403 0.005762 0.003439 0.001736 0.001735 0.001273 0.001337 0.016643 0.562965 1.722564 2.739697 4.731791 4.725213 2.757024 0.726859 0.008457 0.004717 1.706877 1.711777 0.698240 0.692604 0.618828
-9999.000000 -9999.000000 -9999.000000 -9999.000000 -9999.000000 -9999.000000 -9999.000000 -9999.000000 -9999.000000 -9999.000000 -9999.000000 -9999.000000 -9999.000000 0.002118 0.000706 0.001216 0.001164 0.002031 0.015154 0.010212 0.032618 0.034519 0.002704 0.013598 0.009230 0.004556 0.004179 0.086380 2.147492 2.154594 1.144300 1.131930 1.140438 0.085831 0.001713 0.002961 0.000973 0.001139 0.004386 0.010054 0.006231 0.005953 0.003960 0.024504 0.027948 0.440127 0.606689 1.723158 2.727218 3.707987 1.716934 0.015808 0.003227 0.002858 0.768771 0.767626 0.015423 0.025383 0.011794
-9999.000000 -9999.000000 -9999.000000 -9999.000000 -9999.000000 -9999.000000 -9999.000000 -9999.000000 -9999.000000 -9999.000000 -9999.000000 -9999.000000 0.001981 0.001800 0.001544 0.002678 0.002271 0.012482 0.009626 0.006826 0.005177 0.003197 0.006496 0.002718 0.006396 0.004162 0.005149 0.006699 2.166276 1.173489 0.125792 0.112648 0.109777 0.075701 0.002989 0.003515 0.001334 0.004283 0.004577 0.005595 0.011105 0.031229 0.027009 0.022159 0.020372 0.014198 0.023313 0.026109 0.604484 0.606418 0.603702 0.017171 0.005968 0.004774 0.779111 0.774846 0.028303 0.053699 0.001727
-9999.000000 -9999.000000 -9999.000000 -9999.000000 -9999.000000 -9999.000000 -9999.000000 -9999.000000 -9999.000000 -9999.000000 -9999.000000 0.001307 0.001217 0.006191 0.003329 0.017141 0.016021 0.013721 0.009013 0.008024 0.006733 0.004258 0.006866 0.006470 0.013929 0.001908 0.004521 0.003036 0.116520 0.144696 0.001105 0.077458 0.067926 0.052987 0.025868 0.003323 0.001763 0.002336 0.003073 0.009451 0.012029 0.039425 0.040224 0.017878 0.013895 0.008340 0.010346 0.030552 0.050790 0.045475 0.049624 0.005616 0.007995 0.006296 0.804061 1.856353 0.687994 0.099234 0.001845
