use_cases/Flooding_chicago/flooding_data/output/h_3600.asc
ncols 337
nrows 393
xllcorner 428428.000000
yllcorner 4602440.000000
cellsize 26.757400
NODATA_value -9999.000000
[rows 135 to 161 of 393, columns 59 to 117 of 337]
-9999.000000 -9999.000000 -9999.000000 -9999.000000 -9999.000000 -9999.000000 -9999.000000 -9999.000000 -9999.000000 -9999.000000 -9999.000000 -9999.000000 -9999.000000 -9999.000000 -9999.000000 0.008828 0.011213 0.007957 0.023592 1.829837 1.839136 1.830273 0.912990 2.923863 1.894288 1.904409 1.889714 1.954435 1.988960 0.972422 0.015553 0.025916 0.018428 0.474223 0.488926 0.452343 0.001859 0.001373 0.001373 0.018217 0.002383 0.003478 0.002654 0.053964 0.056816 0.060332 1.062610 1.566176 1.063120 0.048424 0.029378 0.049409 0.025071 0.011976 0.008737 0.395824 0.399507 0.415845 0.336167
-9999.000000 -9999.000000 -9999.000000 -9999.000000 -9999.000000 -9999.000000 -9999.000000 -9999.000000 -9999.000000 -9999.000000 -9999.000000 -9999.000000 -9999.000000 -9999.000000 0.002795 0.017720 0.016426 0.011408 0.005557 0.023557 1.844197 0.910666 0.924946 1.903868 0.907906 0.918060 0.932239 1.981776 3.018306 1.992766 0.907221 0.025761 0.017860 0.008101 0.504048 0.104690 0.158239 0.004381 0.008970 0.010674 0.008692 0.011408 0.020758 0.041160 0.050448 0.058261 0.055257 1.060341 1.060582 0.048854 0.030483 0.012682 0.005694 0.003064 0.004181 0.002255 0.326199 0.001040 0.218106
-9999.000000 -9999.000000 -9999.000000 -9999.000000 -9999.000000 -9999.000000 -9999.000000 -9999.000000 -9999.000000 -9999.000000 -9999.000000 -9999.000000 -9999.000000 0.004318 0.006682 0.005551 0.004490 0.003446 0.002599 0.003321 0.780759 1.931651 1.922624 1.894393 0.909944 0.914053 0.937810 2.991023 2.988571 2.978289 0.894620 0.002601 0.003069 0.002902 0.103374 1.192376 0.179277 0.165677 1.186986 1.189479 0.139084 0.124032 0.119009 0.022784 0.036227 0.001956 0.001903 0.057853 0.057366 0.000974 0.014762 0.251279 0.280426 0.002863 0.002329 0.191442 0.210706 0.141742 0.167143
-9999.000000 -9999.000000 -9999.000000 -9999.000000 -9999.000000 -9999.000000 -9999.000000 -9999.000000 -9999.000000 -9999.000000 -9999.000000 0.006303 0.010633 0.006836 0.008867 0.007513 0.005466 0.000973 0.001179 0.005074 0.008868 0.838254 0.837752 0.884058 0.886907 0.878277 0.940334 1.995166 2.966540 2.959600 0.838956 0.001876 0.000974 0.002146 0.114627 1.187408 0.191387 0.204119 2.189306 2.189648 2.184787 2.179539 1.190192 0.128779 0.023391 0.002928 0.002743 0.049755 0.049396 0.001179 0.007953 1.344010 0.231928 0.002940 0.000974 0.002589 1.067317 1.040367 1.069719
-9999.000000 -9999.000000 -9999.000000 -9999.000000 -9999.000000 -9999.000000 -9999.000000 -9999.000000 -9999.000000 -9999.000000 -9999.000000 0.009836 0.006020 0.009808 0.009464 0.005283 0.024711 0.002039 0.000973 0.001905 0.001334 0.206203 0.257095 0.000706 0.085384 0.079489 0.974127 2.011358 2.021719 2.007613 0.018575 0.002450 0.001179 0.003275 0.002943 1.191214 1.185162 2.190615 2.190755 3.191733 3.188697 2.185087 0.145741 0.002594 0.002228 0.003754 0.002977 0.031183 0.030874 0.000974 0.005140 0.263262 0.243564 0.002826 0.001179 0.002926 0.067671 1.101493 1.090428
0.000706 -9999.000000 -9999.000000 -9999.000000 -9999.000000 -9999.000000 -9999.000000 -9999.000000 -9999.000000 -9999.000000 0.005773 0.005341 0.009868 0.011539 0.008854 0.022731 0.524737 0.014519 0.001941 0.001638 0.268744 0.260047 0.257411 0.231107 0.155290 0.128651 0.987559 2.029071 2.035007 2.000566 0.035011 0.001876 0.000974 0.002481 0.004365 1.188662 2.187047 2.191473 2.189881 3.190331 2.189981 1.186235 0.002032 0.003244 0.001978 0.002811 0.002172 0.518841 0.518864 0.002988 0.004671 0.002738 0.200817 0.002011 0.000974 0.001944 0.001830 0.078188 1.073277
0.001957 -9999.000000 -9999.000000 -9999.000000 -9999.000000 -9999.000000 -9999.000000 -9999.000000 0.000706 0.104904 0.008528 0.007186 0.011334 0.012528 0.010676 0.005003 0.535797 0.536187 0.002249 0.002377 1.333465 0.303958 0.283264 0.228796 1.095016 1.094217 0.995763 2.013172 2.048961 2.002127 1.041816 0.003064 0.005063 0.004195 0.002907 1.189976 2.189994 2.191734 2.189788 3.191958 2.190412 1.186902 0.001730 0.523894 0.523992 0.004190 0.003843 0.511000 0.515828 0.504140 0.003522 0.003068 0.149443 0.110526 0.001653 0.001588 0.001955 1.093652 2.077285
0.002617 0.001373 0.001373 0.006151 0.004345 0.033084 0.057247 0.042432 0.174998 0.097595 0.010328 0.007401 0.010848 0.011964 0.000706 0.004015 0.026498 0.509319 0.543940 0.446539 1.339626 0.321941 0.307131 0.233908 1.044538 0.072759 0.077538 0.921887 1.990117 1.961478 1.065738 1.104078 1.120312 1.137053 1.147946 1.167166 2.192641 2.187246 2.182995 2.187189 2.181527 1.180749 0.002043 0.522038 0.524373 0.526383 0.523327 0.521432 0.520350 0.514143 0.002896 0.002770 0.109719 0.082578 0.038166 0.016035 0.072029 2.082916 3.079548
0.002080 0.001373 0.001373 0.009242 0.007450 0.003848 0.106615 0.083215 0.035152 0.079771 0.004437 0.007443 0.007378 0.007236 0.004566 0.003377 0.059602 0.519254 1.698567 0.001351 0.244609 0.284953 1.335636 0.252520 0.169945 0.000908 0.042710 0.060658 0.869950 0.906812 0.991500 1.053618 1.088140 1.102767 1.123138 2.193526 2.170548 1.182666 1.178357 1.183421 1.161140 0.169699 0.003311 0.003010 0.522445 0.523133 0.524166 0.519886 0.517683 0.493700 0.001952 0.001914 0.064716 0.044216 0.308194 0.249745 1.093497 2.017362 3.080026
0.002708 0.003656 0.001320 0.008701 0.007186 0.003766 0.146101 0.117153 0.002731 0.004131 0.006449 0.005626 0.221172 0.221629 0.198981 0.001650 0.106695 0.557695 0.001647 0.000973 0.001823 0.258909 1.329575 0.048935 0.024767 0.000908 0.086557 0.058751 0.588810 0.290869 0.202562 0.157773 0.128703 0.161995 0.168695 1.155827 0.144656 0.172315 0.154122 1.189678 0.223129 0.200728 0.001872 0.002911 0.001996 0.013995 0.015825 0.010478 0.004103 0.349543 0.205129 0.533131 0.545043 0.503960 0.411649 0.303425 0.151194 0.140883 1.069755
0.150972 0.153293 0.158298 0.004272 0.003824 0.192997 0.193783 0.001794 0.003781 0.000706 0.006942 0.005044 0.223097 0.224435 0.235166 0.208545 0.192895 0.147433 0.001713 0.001179 0.000973 0.316637 0.302575 0.107492 0.000706 0.128499 0.124728 1.072347 1.028097 0.036422 0.005682 0.007320 0.063232 0.103851 0.107094 0.066540 0.053549 0.088295 0.042256 0.018272 0.207832 0.190381 0.001662 0.000908 0.000908 0.001609 0.029665 0.016051 0.389730 0.367756 0.212773 0.540205 0.545290 0.514611 0.483697 0.001584 0.001554 0.002230 0.072248
0.213193 1.242327 1.239289 0.243917 0.223012 1.247164 1.243776 0.192270 0.002522 0.003313 0.004496 0.003718 0.001776 0.213595 1.241410 1.252105 1.245463 1.247057 0.192605 0.002399 0.003855 0.002228 0.130773 1.230586 0.198194 1.150505 2.183040 2.187784 1.057424 0.005533 0.011080 0.016049 0.009960 0.179311 0.183043 0.000974 0.000963 0.171371 0.004659 0.004633 0.005363 0.180522 0.051946 0.001766 0.002254 0.001673 0.051465 0.415578 0.424631 0.001593 0.110448 0.575637 0.009206 0.005558 0.367990 0.000908 0.000908 0.001111 0.073141
0.211602 1.246892 1.252510 0.248767 2.245108 2.249717 1.240915 1.244781 1.247568 0.186691 0.192047 0.194725 0.201929 1.243908 1.241644 1.249148 1.239891 1.239663 1.240903 0.172225 0.002248 0.001829 0.165954 2.208623 2.234841 3.206466 3.219024 2.187495 0.103019 0.001370 0.001028 0.025640 0.017522 0.209185 0.237372 0.280669 0.266216 0.221441 0.009136 0.009282 0.006305 0.050343 0.091394 0.113389 0.127860 0.147992 0.098551 0.429227 0.003341 0.003147 0.075007 0.039038 0.023274 0.009901 0.291109 0.001582 0.001582 0.002228 0.080670
1.241583 2.243082 1.245915 1.245700 2.247772 1.247137 1.237780 1.245546 1.245906 2.237395 1.240525 1.240955 1.238102 1.242687 1.245444 0.220977 1.238101 2.241894 2.241670 1.239011 0.206744 0.199461 0.202704 3.210381 3.224666 3.185831 3.190190 1.050581 0.002618 0.001625 0.041346 0.035039 0.026578 0.013137 0.280336 1.366083 0.280642 0.009218 0.016150 0.003579 0.004773 0.003351 0.122819 1.178179 0.177961 0.170363 0.152252 0.001095 0.006375 0.004257 0.055374 0.036439 0.017747 0.099281 0.140054 0.110421 1.115755 2.121321 2.126603
2.243861 2.243230 1.247036 1.246541 2.248651 1.246156 0.244494 1.245819 1.246969 2.244929 2.243065 2.243472 2.240736 2.242023 0.210014 0.001300 1.237425 2.239512 3.239639 3.237551 2.242255 1.240532 1.238627 3.215360 3.232588 1.206831 1.183402 0.173548 0.001652 0.002259 0.042187 0.038038 0.030216 0.016867 0.277061 1.347456 0.007082 0.014851 0.021066 0.005981 0.007700 0.005275 0.139649 1.181215 0.178909 0.145057 0.148021 0.001581 0.006425 0.003589 0.037656 0.021148 0.061626 0.055317 0.205219 1.051403 2.115970 2.120252 2.126937
3.242955 2.243861 1.247346 1.246835 2.249873 2.247983 0.245895 0.248595 1.246232 2.248290 3.243191 2.246943 3.241266 2.244315 0.205932 0.002260 0.001776 2.234407 3.237392 4.236486 4.242125 3.241031 3.237842 3.215977 3.231890 1.225171 0.239485 0.196158 0.001528 0.000706 0.002657 0.002486 0.001781 0.013925 0.006484 0.404202 0.006780 0.014066 0.004503 0.008544 0.009443 0.006150 0.170958 0.180468 0.179883 0.001887 0.002527 0.002313 0.003737 0.021022 0.019999 0.054977 0.046775 0.031322 0.196014 0.152116 1.108904 1.112076 1.122266
4.244079 3.244765 3.246537 2.245438 3.248665 2.247574 1.240264 0.249748 0.251019 1.240959 3.243577 4.238634 3.243833 2.243867 0.002383 0.000908 0.002098 2.236346 3.239404 4.239281 4.241694 4.244956 2.235471 2.227178 2.225401 1.230541 1.240430 0.232376 0.186019 0.002208 0.001952 0.002330 0.001737 0.012523 0.006078 0.421595 0.374474 0.011865 0.005341 0.001646 0.001906 0.005571 0.128231 0.132686 0.005207 0.000908 0.002746 0.001988 0.037572 0.023065 0.052472 0.036940 0.025048 0.217523 0.000706 0.156962 0.153677 0.117662 0.000706
4.245872 5.243557 5.249018 3.246277 3.249241 2.248908 1.243340 1.243414 0.251026 1.241791 3.245888 4.245571 3.244375 2.245671 0.002382 0.000908 0.173054 2.233278 3.237293 4.238109 4.241524 4.244875 2.231648 2.220963 1.237913 1.232685 1.240972 1.250535 1.243846 0.174745 0.005446 0.011017 0.014815 0.011033 0.411244 0.390768 0.368855 0.018173 0.005980 0.001906 0.002979 0.002127 0.007895 0.007977 0.010987 0.000908 0.024412 0.017749 0.042395 0.024126 0.033773 0.195718 0.251366 1.260159 0.214385 0.188834 0.188043 0.000706 0.089552
4.244155 5.245775 5.248683 3.248124 2.249258 1.245797 1.242833 2.239320 2.238465 2.239222 2.242887 3.243805 3.243044 1.240806 0.182779 0.001071 1.243830 2.239431 2.242727 3.241587 4.242414 3.243619 1.240900 1.232202 1.237475 1.224071 1.240603 2.251871 2.241664 1.246952 1.249766 0.005340 0.001791 0.002460 0.002186 0.022720 0.041287 0.035115 0.006964 0.011276 0.002115 0.002613 0.007557 0.005822 0.003944 0.008036 0.023976 0.022023 0.010319 0.017752 0.022942 0.192689 0.248394 0.223120 0.193346 0.180069 0.173509 0.141945 1.123986
4.244641 5.246132 5.247859 2.245886 1.248673 0.247877 2.235990 2.241272 3.241005 2.239887 2.240406 2.238445 3.239376 2.238433 1.233930 0.195938 1.241754 2.239811 3.243026 3.241523 3.242946 2.242503 1.239753 1.231489 1.237182 0.237319 1.243199 1.241724 1.242306 2.249449 1.242910 0.189261 0.001862 0.002711 0.003339 0.002251 0.077667 0.002443 0.005580 0.008399 0.011772 0.002963 0.002535 0.001394 0.006401 0.003429 0.003276 0.015601 0.009573 0.012320 0.004810 0.042410 0.035323 0.020829 0.135112 1.139734 1.147378 1.152794 1.123875
4.245903 5.246442 5.249623 2.246697 1.245808 2.236387 2.239259 2.242430 3.239459 3.238715 3.239843 3.237174 3.240959 3.239946 2.233815 1.242456 2.243554 2.241467 3.241874 4.242476 3.243860 3.245948 1.239607 1.231032 1.237885 0.231467 0.222493 0.209048 0.213555 1.254916 1.251478 1.243235 0.164986 0.008897 0.002231 0.002665 0.096723 0.108138 0.103353 0.075165 0.006818 0.000908 0.002634 0.008116 0.006398 0.003476 0.003586 0.013286 0.019839 0.078376 0.097763 0.075428 0.060429 0.035709 0.129472 1.151689 2.157844 1.152418 0.159421
3.246247 4.247074 4.251159 2.245579 2.247990 3.242384 3.239688 3.244233 3.244776 3.242977 3.243786 3.244582 3.247316 3.246873 2.240229 2.246831 2.244694 2.242552 3.244143 3.243428 4.245982 3.242584 2.248544 1.232599 1.237287 1.235181 0.198702 0.004660 0.004865 1.251111 1.251851 1.249567 0.185390 0.011853 0.019977 0.002926 0.002443 0.109054 0.102203 0.072362 0.004542 0.000908 0.002184 0.005673 0.009167 0.029437 0.033535 0.019464 0.023757 0.079548 0.098517 0.083148 0.071731 0.042117 0.120909 1.144094 0.192622 0.200420 0.198628
2.244353 3.246684 2.247091 2.245616 4.239515 5.246013 3.241414 3.246098 3.244341 3.242891 3.245713 2.240110 2.241362 2.240578 3.233849 3.243170 2.242353 2.240315 3.242431 3.241656 4.243822 4.243298 2.243027 1.231573 1.236588 1.234268 0.190823 0.009157 0.009782 1.248155 1.239077 1.246017 0.182464 0.011490 0.019876 0.003341 0.003821 0.002274 0.084992 0.059546 0.003500 0.001111 0.007293 0.004180 0.006740 0.025317 0.030046 0.019343 0.031150 0.013540 0.094108 0.079935 0.081322 0.000973 0.001647 0.169927 0.222186 0.229889 0.230087
1.236724 2.247512 1.242929 2.243438 4.243498 5.245491 3.243895 1.243901 1.245004 3.240035 3.243168 2.238776 2.240293 2.239662 3.238825 5.246043 4.244572 3.243437 3.242185 5.241532 4.243594 4.242963 2.243148 1.231007 1.236797 1.234530 0.190440 0.015706 0.017527 0.207541 0.192852 1.239640 0.155033 0.006937 0.001684 0.003452 0.003143 0.002096 0.050455 0.039523 0.002677 0.004176 0.003856 0.008530 0.004792 0.018887 0.023591 0.000706 0.002488 0.009281 0.004512 0.049075 0.000973 0.001179 0.001713 0.193570 0.237977 1.244811 0.242010
1.226472 1.239070 1.245086 3.234665 4.243783 4.246276 3.245996 1.242987 1.244071 3.234362 3.240052 3.227456 3.229329 2.238518 3.237580 6.246315 5.243732 5.244370 5.242384 5.242211 4.242724 3.242950 2.243195 1.231586 0.201360 0.007676 0.017110 0.027771 1.035032 0.019951 0.008892 0.150470 0.130203 0.004634 0.004756 0.001686 0.004615 0.160646 0.198169 0.166137 0.006791 0.002725 0.005106 0.005744 0.126729 0.158591 0.012615 0.009867 0.004454 0.006099 0.005166 0.176265 0.208849 0.209299 0.214396 0.228921 1.257008 0.257180 0.256235
1.217893 1.234850 1.244577 3.226783 4.239542 4.246205 3.237324 3.234200 4.234196 4.237892 6.223819 6.220657 4.233540 3.227412 3.235763 6.242906 6.239442 6.241477 6.240693 4.240711 3.232846 2.242511 2.241016 1.226655 0.194018 0.001078 0.024712 1.034789 2.034737 0.026391 0.001787 0.001639 0.003675 0.002905 0.148769 0.002147 0.002543 0.177687 0.146292 0.001837 0.001416 0.001808 0.007132 0.136291 1.198237 1.204624 0.008041 0.007072 0.016541 0.017042 0.161349 1.244767 1.254372 1.256160 1.256750 1.257801 1.247543 1.260174 1.272648
1.225570 2.196375 2.227388 3.240340 4.242344 4.240461 3.236813 4.240480 5.240736 6.236151 7.240204 6.238774 5.237730 4.231045 3.240077 4.252434 5.247076 6.246724 6.241237 4.234117 2.254965 2.253821 3.240571 1.149918 0.002252 0.001558 0.001076 0.029015 1.034331 0.028557 0.000908 0.000908 0.001111 0.147487 1.226076 0.170678 0.167308 0.155867 0.103088 0.001708 0.001039 0.002297 0.006686 0.003421 0.159937 0.003453 0.006964 0.006651 0.003340 0.003506 0.005456 0.181032 1.255790 2.262561 1.262905 1.260670 0.276073 0.293983 1.228810
