use_cases/Flooding_chicago/flooding_data/output/h_420.asc
ncols 337
nrows 393
xllcorner 428428.000000
yllcorner 4602440.000000
cellsize 26.757400
NODATA_value -9999.000000
[rows 243 to 269 of 393, columns 59 to 117 of 337]
0.055341 0.043722 0.062709 0.449755 0.447884 0.044982 0.033541 0.017372 0.017372 0.045051 0.071135 0.058186 0.044480 0.042324 0.046173 0.033747 0.030602 0.026622 0.679012 0.639330 0.630661 0.055294 0.076851 0.105374 0.058662 0.174859 0.199707 0.111039 0.073005 0.032264 0.028528 0.103654 0.113719 0.017372 0.017372 0.402596 1.411613 0.381693 0.272908 0.063745 0.036339 0.022544 0.068826 0.082496 0.423068 1.608388 1.647699 0.558099 0.022576 0.033090 0.088196 0.686768 0.710798 0.636978 0.222049 0.464874 0.246466 0.305846 0.036827
0.108867 0.070925 0.321806 1.450011 1.459346 0.308436 0.033669 0.026208 0.028357 0.328121 0.287900 0.318139 0.039576 0.045768 0.032781 0.037514 0.126993 0.847589 0.850837 0.102652 0.108831 0.061147 0.063082 0.089455 0.138027 0.082803 0.150709 0.225038 0.124783 0.014397 0.040661 0.148119 0.167027 0.165016 0.106653 1.385908 0.289530 0.288447 0.054180 0.044626 0.031960 0.021993 0.018149 0.034833 0.037857 0.588713 0.550709 0.049317 0.019309 0.035103 0.038521 0.111176 0.043661 0.038861 0.076558 0.117393 0.185372 0.036863 0.029379
0.112997 0.303425 1.450217 2.458749 1.455679 0.339259 0.111255 0.048345 0.031634 1.403496 1.406430 0.329688 0.036843 0.036562 0.063267 0.050077 0.791583 0.755509 0.699774 0.168609 0.064889 0.094402 0.052775 0.090923 0.080745 0.069066 0.098859 0.182985 0.225143 0.049848 0.052798 0.145586 0.136224 0.125780 0.091192 0.398872 0.047211 0.055057 0.052944 0.084029 0.104708 0.036644 0.053678 0.049492 0.031624 0.151443 0.097170 0.034585 0.027366 0.023506 0.037040 0.074144 0.070601 0.029159 0.022590 0.022590 0.229477 0.053905 0.031199
0.176959 1.328090 2.437616 1.445879 1.444768 0.344421 0.036587 0.063682 0.383375 0.363157 0.381621 0.021629 0.037631 0.028832 0.038999 0.137817 0.193520 0.172026 0.187881 0.207377 0.109938 0.058084 0.030633 0.036629 0.136818 0.039419 0.031469 0.289081 0.297807 0.055705 0.078279 0.056613 0.050995 0.042446 0.030161 0.183851 0.039512 0.045698 0.077585 0.091416 0.089170 0.067681 0.035017 0.045662 0.035240 0.195096 0.032023 0.050835 0.023566 0.022942 0.023720 0.020683 0.039277 0.781617 0.022590 0.022590 0.226407 0.084814 0.176813
0.128933 1.334586 1.422272 0.348936 0.311061 0.037729 0.022268 0.102356 0.072245 0.047848 0.025417 0.070053 0.021873 0.037071 0.154477 0.116394 0.219533 0.186032 0.134825 0.129966 0.128662 0.065331 0.045173 0.067091 0.071022 0.042260 0.034416 0.271923 0.330679 0.060064 0.081490 0.033900 0.038250 0.027626 0.038238 0.264115 0.042078 0.019309 0.027366 0.023566 0.059319 0.804084 0.075888 0.029029 0.026528 0.200682 0.033882 0.036797 0.050834 0.033640 0.085627 0.805514 1.874620 1.828734 0.160874 0.084608 0.156718 0.223580 0.153242
0.041840 0.386451 0.430577 0.039458 0.062361 0.036172 0.037723 0.128446 0.097791 0.050200 0.045544 0.165366 0.195380 0.181186 0.194509 0.187132 0.171681 0.168515 0.108294 0.031095 0.243931 0.105111 0.044249 0.082238 0.044870 0.063101 0.024139 0.035209 0.356260 0.054606 0.034999 0.055065 0.052941 0.031154 0.033105 0.281076 0.051199 0.034721 0.023506 0.022942 0.047540 1.923263 0.769375 0.110239 0.035731 0.020028 0.030587 0.027609 0.298760 0.242438 0.836943 0.779397 1.841711 1.792325 0.778305 0.165931 0.218948 0.150924 0.121963
0.051982 0.427896 0.120370 0.031239 0.047357 0.061625 0.050974 0.116205 0.093797 0.172567 0.205080 1.258265 1.276213 1.276252 0.244984 0.245080 0.260569 0.276360 0.032807 0.068809 0.106215 0.180293 0.223913 0.079876 0.057219 0.031076 0.045028 0.029532 0.202175 0.031287 0.023506 0.022942 0.056683 0.064363 0.544074 0.043853 0.079142 0.101811 0.035058 0.055976 0.045127 1.864493 0.778765 0.135181 0.175312 0.027473 0.030602 0.390066 0.370278 0.322708 0.195203 0.099088 0.570928 0.040885 0.876242 1.890091 0.582351 0.112087 0.076643
0.058355 0.131891 0.229467 0.035133 0.062584 0.076547 0.070499 0.042016 0.096475 0.048687 0.199713 1.270434 1.271097 1.272279 0.264658 0.277907 0.332953 1.427581 0.327579 0.040016 0.026696 0.052284 0.062783 0.080086 0.036544 0.020573 0.056305 0.032776 0.196813 0.019309 0.027366 0.023566 0.071675 0.069902 0.548713 0.048892 0.092339 0.131042 0.181283 0.043342 0.043537 0.088827 0.078550 0.028194 0.028194 0.429208 0.427450 0.412406 0.404716 0.386686 0.038715 0.053914 0.031455 0.019798 0.071661 0.659016 0.085259 0.054009 0.066774
0.043581 0.044182 0.289429 0.104127 0.060597 0.089061 0.028756 0.029472 0.050453 0.037536 0.038642 0.197675 0.238493 0.244082 0.037543 0.033796 0.339108 1.402157 1.389423 0.285165 0.094352 0.065026 0.039971 0.044723 0.034677 0.032364 0.050512 0.214149 1.321387 0.306347 0.263945 0.205422 0.117567 0.103114 0.535100 0.565862 0.063549 0.084062 0.022955 0.040513 0.054193 0.059235 0.072235 0.031135 0.031135 0.049386 0.030219 0.427168 0.425797 0.391847 0.040899 0.033988 0.025703 0.017372 0.056344 0.050071 0.058463 0.034035 0.022590
0.026588 0.036906 0.115214 0.137370 0.053726 0.028695 0.044151 0.046965 0.040442 0.027153 0.025292 0.020881 0.096568 0.099764 0.073531 0.059763 0.027617 0.412324 0.313383 0.086507 0.047643 0.045101 0.027245 0.031150 0.061726 0.035027 0.039566 0.239710 1.293472 1.327992 0.257644 0.191792 0.100133 0.076697 0.487030 0.021982 0.039017 0.335168 0.276480 0.065895 0.039330 0.030494 0.043129 0.022590 0.022590 0.030571 0.028022 0.421680 0.442742 0.418176 0.036277 0.041693 0.025703 0.017372 0.046181 0.017372 0.046898 0.054192 0.022590
0.024164 0.059215 0.049356 0.050912 0.066445 0.027111 0.037024 0.041069 0.014397 0.024891 0.034248 0.215581 0.176336 0.119264 0.060258 0.558715 0.516346 0.491657 0.087182 0.138530 0.074882 0.035714 0.020180 0.032235 0.064048 0.084643 0.329601 0.325569 0.240379 0.215192 0.193803 0.145950 0.146859 0.345527 0.411210 0.367371 0.022898 0.311298 0.290629 0.078806 0.136636 0.037681 0.052102 0.022590 0.022590 0.028328 0.451985 0.451582 0.451811 0.446215 0.436386 0.036279 0.038077 0.046747 0.036843 0.017372 0.041130 0.033790 0.185771
0.035653 0.045343 0.052941 0.054575 0.051538 0.055232 0.061227 0.067041 0.019309 0.045515 1.329656 0.284154 0.067946 0.041366 0.652795 1.581069 0.470976 0.066785 0.061959 0.088220 0.072200 0.046593 0.017372 0.048859 0.073395 0.086022 0.298888 0.310389 0.034408 0.043346 0.043348 0.030326 0.081605 0.309446 0.370442 0.337885 0.293077 0.303368 0.256395 0.048653 0.030112 0.027338 0.030478 0.109207 0.105254 0.081482 0.458180 0.448111 0.447578 0.443366 0.444217 0.397582 0.069252 0.073959 0.026848 0.028328 0.041404 0.129746 0.099894
0.045253 0.084333 0.031817 0.032239 0.068307 0.056572 0.055770 0.054112 0.033711 1.441907 0.349807 0.097933 0.143795 0.037562 0.078712 0.314693 0.046410 0.037056 0.040826 0.045295 0.070355 0.050889 0.017372 0.041407 0.051415 0.048533 0.108947 0.033578 0.027794 0.027794 0.035790 0.037665 0.063300 0.282571 0.340649 0.311941 0.275837 0.270656 0.225224 0.032127 0.019810 0.181535 0.048359 0.088957 0.098235 0.080766 0.436801 0.441506 0.442870 0.437434 0.442061 0.393840 0.067722 0.082268 0.041677 0.029854 0.355172 0.364142 0.111100
0.170409 0.050822 0.048602 0.043281 0.481837 0.490333 0.470891 1.410712 1.394968 1.429551 0.409795 0.161448 0.207759 0.084812 0.083373 0.040932 0.045387 0.034782 0.045433 0.028603 0.042314 0.076966 0.107620 0.077875 0.043119 0.041794 0.098021 0.021782 0.022590 0.022590 0.042869 0.034049 0.056967 1.256910 0.315705 0.278255 0.200371 0.704908 1.736007 0.799211 0.069632 0.150426 0.155870 0.070081 0.097349 0.080893 0.056482 0.057487 0.048210 0.032799 0.443089 0.393204 0.044014 0.014397 0.038399 0.050834 0.400091 0.399261 0.348136
0.205100 0.026471 0.518235 0.538998 0.500275 0.493577 0.464524 1.385425 2.449844 1.445321 0.362237 0.228561 0.271178 0.139715 0.077891 0.044424 0.038916 0.034240 0.032407 0.020775 0.033968 0.040969 0.093576 0.083091 0.045312 0.055292 0.039072 0.075911 0.022590 0.022590 0.037795 0.057915 0.064452 1.260044 0.287851 0.252382 0.779274 1.822352 2.835185 1.812700 0.857738 0.149533 0.160323 0.054370 0.028861 0.035864 0.028603 0.084878 0.067350 0.042203 0.023811 0.395554 0.031029 0.032020 0.021812 0.044730 0.024284 0.305268 0.310056
0.267682 0.321811 0.023830 0.401747 0.445379 0.452222 0.051688 0.313555 2.440056 0.286037 0.026344 0.190255 0.246624 0.177597 0.097838 0.057105 0.049127 0.030922 0.018088 0.021660 0.030204 0.034935 0.042031 0.047373 0.064995 0.046333 0.039711 0.237400 0.032402 0.023583 0.030235 0.039723 0.072959 0.239865 0.286264 0.219054 0.775041 0.805394 1.789413 1.705013 0.215562 0.160118 0.154198 0.049417 0.039620 0.024346 0.026906 0.032783 0.058006 0.332894 0.361403 0.325836 0.287922 0.243333 0.255537 0.280021 0.318078 0.414916 0.224461
0.195987 0.224456 0.034115 0.048192 0.141869 0.115125 0.075978 0.083728 1.299867 0.038691 0.029304 0.024224 0.129021 0.142272 0.119423 0.035394 0.037766 0.026971 0.033592 0.021660 0.018088 0.025504 0.029671 0.075035 0.149543 0.127988 0.128947 0.255906 0.250630 0.020348 0.034096 0.134446 0.132143 0.113103 0.094665 0.071536 0.096126 0.814158 0.089508 0.153220 0.142365 0.202136 0.032484 0.055900 0.029152 0.026893 0.014397 0.033602 0.083424 0.067558 0.047007 0.035239 0.282065 1.354673 1.334690 1.356014 1.298647 0.298295 0.225535
0.087074 0.115330 0.048120 0.049941 0.069104 0.158443 0.085640 0.082945 0.122989 0.044369 0.036309 0.025887 0.027931 0.242409 0.212440 0.042427 0.027260 0.019173 0.110466 0.036308 0.025414 0.023827 0.035011 0.039699 0.126384 0.117448 0.111680 0.203387 0.199525 0.322960 0.179768 0.190668 1.157319 1.199004 0.155988 0.133459 0.080775 0.083057 0.104424 0.141538 0.240946 0.277066 0.317022 0.048279 0.067759 0.032967 0.021004 0.028465 0.113937 0.027153 0.017372 0.030952 0.031197 1.364793 1.347474 0.381643 1.351936 0.271858 0.236603
0.113164 0.126181 0.090069 0.067187 0.082183 0.210122 0.063301 0.080724 0.076777 0.042086 0.028867 0.017967 0.026115 0.210931 0.228804 0.031717 0.032524 0.056985 0.085442 0.052792 0.045266 0.031502 0.032311 0.032235 0.040975 0.068893 0.067518 0.133133 0.153362 0.070387 0.138347 0.141511 1.170202 0.186579 0.150939 0.143170 0.034630 0.060974 0.056637 0.040453 0.321581 0.323649 0.341491 0.362641 0.049614 0.063179 0.019570 0.078565 0.083200 0.032738 0.017372 0.037346 0.043451 1.351108 1.346145 0.350589 0.327985 0.331182 0.093004
0.176849 0.190588 0.112034 0.118209 0.167105 0.157434 0.079444 0.074139 0.072907 0.045603 0.017967 0.021034 0.026954 0.311136 0.345923 0.030127 0.046974 0.061441 0.038933 0.067025 0.043357 0.070397 0.025078 0.032325 0.030099 0.041894 0.065749 0.193948 0.072711 0.046908 0.074714 1.178511 1.176573 0.174458 0.051331 0.077457 0.022069 0.077922 0.083395 0.061115 0.354500 0.344746 0.353361 0.363414 0.033515 0.041984 0.446696 0.413930 0.045122 0.026695 0.032618 0.027688 0.053431 1.341125 1.345037 1.336849 0.316139 0.310191 0.092775
0.229792 0.179331 0.055924 0.108053 0.149578 0.152017 0.082736 0.131850 0.055126 0.086713 0.111756 0.081112 0.434456 1.440443 1.449229 0.440928 0.095253 0.154008 0.163926 0.123271 0.148922 0.171743 0.116321 0.076818 0.040003 0.051188 0.053792 0.516401 0.043710 0.308898 0.261156 1.149891 1.153564 1.155234 0.052543 0.077581 0.018226 0.031701 0.081028 0.077079 0.332299 0.347395 0.361160 0.397556 0.434007 0.453083 0.461835 0.458029 0.462369 0.070255 0.095600 0.106622 0.073234 0.227422 0.223083 0.212193 0.251172 0.157559 0.337606
0.242175 0.037425 0.029657 0.027230 0.039437 0.249947 0.122442 0.166503 0.062625 0.101009 0.117373 0.084865 0.412466 1.413210 1.414893 0.409401 0.103565 0.145729 0.124672 0.098733 0.129263 0.108715 0.139409 0.094415 0.053523 0.046948 1.411662 0.512236 0.446935 0.383089 0.279847 0.201902 0.156005 0.131196 0.083226 0.120809 0.022376 0.025186 0.035772 0.078699 0.081758 0.081852 0.062151 0.415744 1.471039 0.461357 0.472742 0.463131 0.467287 0.076451 0.121185 0.019279 0.092870 0.074591 0.072268 0.036670 0.053031 0.076878 0.119095
0.184679 0.030662 0.028376 0.021591 0.037163 0.097658 0.164983 0.151218 0.030587 0.041006 0.112979 0.097112 0.373839 0.370345 0.313080 0.069354 0.102416 0.034844 0.022315 0.032678 0.032708 0.126876 0.171003 0.144571 0.130808 0.316574 1.397633 1.501563 0.470093 0.456099 0.022623 0.038569 0.056467 0.058239 0.114475 0.161696 0.173441 0.033934 0.038308 0.028480 0.064861 0.134801 0.109740 0.391084 1.448017 1.449028 0.029030 0.037713 0.045794 0.068523 0.019523 0.027788 0.027183 0.038160 0.025002 0.031486 0.031486 0.025002 0.162028
0.226031 0.032143 0.032555 0.035607 0.035360 0.045830 0.148130 0.048684 0.022376 0.079354 0.047826 0.113726 0.088912 0.131621 0.103930 0.042641 0.047935 0.030608 0.024453 0.014397 0.027672 0.029558 0.136889 0.329060 0.588070 0.416818 0.233658 2.486139 2.493270 1.487677 0.505802 0.030358 0.042212 0.018349 0.023033 0.206529 0.171101 0.034671 0.017372 0.017372 0.124378 0.097246 0.063716 0.065285 0.326105 0.387410 0.035260 0.037287 0.041304 0.049227 0.052096 0.069729 0.068875 0.030698 0.025002 0.031486 0.031486 0.025002 0.166486
0.254785 0.280192 0.072596 0.045769 0.059707 0.037517 0.063750 0.071053 0.039067 0.046521 0.038583 0.054007 0.037941 0.230605 0.038292 0.064141 0.063667 0.036873 0.024467 0.029671 0.019721 0.026634 0.205011 0.202294 0.214481 0.027841 0.047417 2.480901 2.489410 1.467155 0.504901 0.506579 0.506574 0.032707 0.028114 0.023664 0.190918 0.029563 0.043572 0.029747 0.164866 0.144492 0.103898 0.062733 0.094072 0.063848 0.036728 0.583052 0.580895 0.583925 0.571450 1.644258 1.588419 0.162641 0.032969 0.047097 0.062430 0.079489 0.124599
0.124210 0.140854 0.085582 0.055259 0.081236 0.028755 0.032448 0.029945 0.020013 0.071083 0.065117 0.041588 0.057879 0.220158 0.041813 0.051203 0.049081 0.030189 0.024239 0.040246 0.032692 0.148967 0.289717 0.284608 0.030968 0.033072 0.048545 0.305103 1.479732 0.475184 0.499523 0.485134 0.488663 0.057732 0.023781 0.023018 0.184155 0.185398 0.023614 0.186353 0.194460 0.180207 0.029644 0.089055 0.059717 0.086357 0.549067 0.570361 0.577565 0.592275 1.690579 1.666434 1.632125 0.257435 0.396466 0.483549 0.535399 0.527358 0.102339
0.040359 0.123521 0.059045 0.056550 0.029031 0.041221 0.033943 0.026603 0.065879 0.072236 0.022590 0.022590 0.035841 0.051888 0.037868 0.102279 0.085235 0.038857 0.020547 0.070991 0.095101 0.207191 0.176053 0.110560 0.032417 0.034700 0.052926 0.044106 0.042275 0.444518 0.503116 0.017372 0.546477 0.083431 0.082858 0.127124 0.162156 0.178001 0.185801 0.217107 0.181372 0.047605 0.062885 0.044130 0.098227 0.107163 0.511015 0.548344 0.561300 0.578353 1.688488 1.643084 0.610679 0.298290 0.414417 0.487531 0.537351 0.530492 0.152906
