use_cases/Flooding_chicago/flooding_data/output/h_420.asc
ncols 337
nrows 393
xllcorner 428428.000000
yllcorner 4602440.000000
cellsize 26.757400
NODATA_value -9999.000000
[rows 162 to 188 of 393, columns 177 to 235 of 337]
0.047864 0.094582 0.102272 0.134413 0.130791 0.053613 0.020210 0.030234 0.043323 0.039909 0.036332 0.038083 0.039116 0.030383 0.044362 0.049111 0.062383 0.046522 0.044253 1.291169 2.170349 3.260087 2.213212 0.098105 0.057817 0.039871 0.072906 0.120064 0.154767 0.140054 0.094219 0.074619 1.364489 0.323788 0.037285 0.051128 0.051648 0.020699 0.044726 0.080262 0.140908 0.221333 0.253467 0.044819 0.025291 0.032799 0.048438 0.030129 0.037422 0.028801 0.034280 0.051299 0.140537 0.041908 0.023232 0.048881 0.037047 0.043925 0.509410
0.028656 0.091320 0.075042 0.163300 0.146354 0.060478 0.030175 0.019798 0.020577 0.564722 0.724657 0.019156 0.026516 0.023263 0.022957 0.044213 0.031715 0.038384 0.046724 0.047832 1.052663 2.301014 2.248112 1.004373 0.479324 0.142470 0.213891 0.083302 0.147908 0.150865 0.106090 0.508790 1.360897 0.425359 0.043830 0.053261 0.028984 0.020194 0.026678 0.104732 0.248584 0.425642 0.060429 0.052651 0.078336 0.059841 0.071883 0.032997 0.042671 0.032965 0.038582 0.055856 0.422638 0.043834 0.050959 0.066303 0.045745 1.595815 0.614608
0.039405 0.085556 0.090187 0.119530 0.100420 0.092849 0.035623 0.060981 0.100273 1.636389 1.685419 0.702127 0.019005 0.083106 0.022785 0.022560 0.022790 0.030928 0.032435 0.069583 0.189565 2.162244 2.228258 0.970482 0.508421 0.231920 0.308430 0.153894 0.108327 0.136029 0.100714 0.546183 0.112558 0.080608 0.030069 0.032387 0.017967 0.031761 0.031524 0.142757 0.478973 0.091022 0.064517 0.064785 0.070272 0.212249 1.258055 0.186749 0.039209 0.035149 0.081412 1.587212 2.574486 1.570286 0.556890 0.048382 0.549328 1.607715 0.618395
0.086260 0.064811 0.077868 0.136143 0.127114 0.050102 0.039040 0.070075 0.106005 0.539820 1.697112 0.691477 0.073940 1.061881 1.029723 0.102513 0.022452 0.041086 0.036141 0.117025 0.151447 0.526681 0.044602 0.080034 0.574652 0.201419 0.093131 0.171124 0.098067 0.107001 0.087950 0.049615 0.206507 0.074138 0.038340 0.017967 0.021034 0.028052 0.280244 0.327580 0.249958 0.125982 0.107725 0.028731 0.076317 0.206746 1.287844 1.309019 0.209312 0.134617 0.144324 1.555520 2.578595 2.570094 0.552201 0.533830 1.633564 1.593153 0.591433
0.086144 0.033973 0.037032 0.193306 0.080315 0.095955 0.062728 0.054406 0.074453 0.115246 0.539784 0.039102 0.054002 1.070787 0.993055 0.124945 0.021902 0.049482 0.062719 0.174700 0.277880 0.269461 0.030402 0.142676 0.167843 0.209584 0.110125 0.049857 0.047568 0.029229 0.027061 0.036797 0.106973 0.158474 0.031959 0.028572 0.027412 0.034873 0.319424 1.508282 0.412247 0.041557 0.050917 0.039723 0.054635 0.044140 0.211208 0.273209 0.237784 0.167369 0.185069 0.418375 0.367897 0.369306 0.401489 0.456195 0.467466 0.057195 0.079540
0.054338 0.029549 0.033257 0.078300 0.106561 0.091164 0.071131 0.073127 0.107063 0.147557 0.113159 0.032421 0.031501 0.039162 0.100036 0.151160 0.018273 0.066937 0.052084 0.220005 0.340262 0.340140 0.050083 0.059960 0.101524 0.095894 0.123759 0.077078 0.059014 0.026771 0.027352 0.040988 0.031208 0.253204 0.343291 0.021905 0.148730 0.139424 0.416231 1.480988 0.416557 0.038988 0.014397 0.090723 0.061611 0.038036 0.041748 0.217395 0.233200 0.176432 0.197405 0.298872 0.027809 0.028831 0.043594 0.088533 0.106436 0.052100 0.066045
0.047950 0.022422 0.039705 0.093177 0.052483 0.030764 0.057564 0.057745 0.089410 0.080555 0.043739 0.032874 0.030296 0.043876 0.067723 0.071525 0.154322 0.088510 0.125645 0.202082 0.290908 0.227718 0.039968 0.021202 0.116311 0.034409 0.052270 0.069237 0.041739 0.037509 0.014397 0.019309 0.028424 0.284862 1.397114 1.422877 0.206980 0.169562 0.280296 0.269077 0.240467 0.073294 0.120517 0.123409 0.026766 0.026044 0.033135 0.041764 0.175472 0.174394 0.138895 0.206009 0.023902 0.025704 0.039176 0.050677 0.062190 0.079381 0.083079
0.042107 0.030113 0.029806 0.113865 0.029549 0.026177 0.035056 0.033043 0.054849 0.048837 0.041633 0.035299 0.026970 0.035225 0.034919 0.140292 0.020042 0.030418 0.044418 0.043452 0.132070 0.043280 0.039589 0.025642 0.072032 0.036659 0.044486 0.045113 0.041568 0.036842 0.029319 0.125913 0.347890 1.331153 1.381429 0.296194 0.022820 0.032021 1.441546 0.375869 0.325321 0.082709 0.126008 0.138021 0.036634 0.034219 0.046503 0.036419 0.059052 0.052520 0.034588 0.348317 0.025642 0.018655 0.046456 0.032141 0.065703 0.071088 0.070416
0.039635 0.020744 0.036278 0.085426 0.027565 0.014397 0.019309 0.028008 0.036583 0.025063 0.022889 0.035302 0.029854 0.040962 0.054192 0.037452 0.031242 0.020530 0.040076 0.040765 0.094029 0.047669 0.028892 0.030509 0.071494 0.031319 0.029030 0.048195 0.050316 0.218940 0.243412 0.189324 0.149528 0.224967 0.231622 0.042116 0.024991 0.022517 1.467480 1.470592 0.305525 0.085656 0.036577 0.047123 0.049395 0.037916 0.037320 0.043397 0.038971 0.028252 0.044781 0.435643 0.464231 0.024529 0.017967 0.021034 0.026954 0.114183 0.118666
0.020745 0.033911 0.025841 0.046974 0.037179 0.048820 0.031959 0.034036 0.030860 0.037438 0.040291 0.096667 0.026063 0.034751 0.034761 0.057793 0.053016 0.033867 0.064475 0.040714 0.040610 0.055314 0.043373 0.030205 0.038914 0.039437 0.032021 0.032981 0.065956 0.218060 1.329449 0.204446 0.117078 0.073476 0.053058 0.053981 0.047266 0.114126 1.437158 1.478357 0.337128 0.114404 0.054267 0.064326 0.044201 0.031215 0.040938 0.164944 0.027154 0.029153 0.054411 0.443773 0.473242 0.453045 0.028867 0.017967 0.026115 1.179516 0.146356
0.036236 0.025796 0.028313 0.056164 0.034186 0.044762 0.039909 0.042869 0.042260 0.046780 0.089835 0.058663 0.021432 0.053673 0.044822 0.095588 0.078729 0.145890 0.939857 1.035353 1.008692 0.076810 0.051827 0.041863 0.026375 0.014397 0.019309 0.037162 0.081198 0.188454 0.201614 0.032447 0.040958 0.039083 0.027168 0.036995 0.070046 0.139458 1.399107 1.450550 0.347147 0.127243 0.058130 0.057565 0.071341 0.045584 1.118275 2.021717 1.089792 0.019753 0.072607 0.405090 0.441613 0.416327 0.049992 0.021994 0.033028 1.166059 0.160284
0.044593 0.032310 0.019538 0.037117 0.038353 0.066079 0.045343 0.053924 0.051370 0.972881 1.023707 0.105647 0.027901 0.031439 0.082276 0.076817 0.059013 0.184479 1.835625 0.969297 0.081759 0.098283 0.054725 0.022010 0.023247 0.046577 0.031304 0.042839 0.079140 0.077147 0.038826 0.028403 0.031943 0.027260 0.026742 0.049447 0.118520 0.175362 0.306247 0.299698 0.241338 0.091777 0.048262 0.048413 0.162004 0.074495 1.026819 2.045751 1.011661 0.139593 0.094662 0.063115 0.054291 0.050216 0.060752 0.033930 0.273125 0.244952 0.188167
0.054069 0.035147 0.020500 0.040932 0.038933 0.061004 0.058022 0.151168 1.203629 2.264602 1.155303 0.136118 0.098779 0.063768 0.056065 0.297481 0.285236 0.229241 0.135722 0.100497 0.041653 0.027138 0.034634 0.018150 0.050538 0.038017 0.129828 0.039971 0.053215 0.041543 0.031455 0.024254 0.044089 0.076485 0.119535 0.070946 0.187547 0.151374 0.108390 0.102165 0.070067 0.132075 0.073697 0.061175 0.131758 0.339787 0.173681 0.107443 0.097210 0.103415 0.042366 0.034278 0.037437 0.027031 0.054730 0.273347 0.337915 0.303900 0.036049
0.042855 0.044700 0.030481 0.046226 0.040382 0.059732 0.056526 0.161092 0.159908 0.161266 1.081283 0.112644 0.096415 0.311963 0.331252 1.361220 1.358180 0.275367 0.027595 0.034493 0.033470 0.031746 0.027001 0.031684 0.066492 0.082802 0.123017 0.128135 0.058633 0.037926 0.031404 0.019799 0.032951 0.033729 0.086631 0.287284 0.236116 0.048540 0.053264 0.070658 0.063913 0.124104 0.100927 0.078656 0.064931 0.083009 0.032067 0.038002 0.041354 0.041237 0.038184 0.035407 0.026574 0.028899 0.064811 0.327796 0.376106 0.036471 0.055183
0.111833 0.063968 0.047067 0.051859 0.391180 0.066918 0.090940 0.030159 0.020134 0.029753 0.046371 0.026080 0.110360 0.272064 1.302945 1.326689 1.330231 0.249956 0.017372 0.017372 0.029717 0.035927 0.041089 0.054444 0.630774 0.572275 0.143485 0.088722 0.036537 0.033623 0.033317 0.014397 0.024698 0.032280 0.055155 0.080431 0.058083 0.064662 0.030342 0.035759 0.150857 0.110026 0.193102 0.024944 0.047875 0.047646 0.030143 0.025307 0.032345 0.029334 0.041603 0.039804 0.027976 0.036476 0.109548 0.022590 0.022590 0.050331 0.045106
0.172221 0.133621 0.107341 0.493032 1.673000 0.525248 0.074311 0.019798 0.017372 0.017372 0.020180 0.166639 0.166637 0.098419 0.069308 0.062211 0.057757 0.057951 0.025703 0.025703 0.039344 0.061983 0.719585 0.818718 1.784772 0.552830 0.103014 0.042260 0.038658 0.038285 0.018898 0.025776 0.028250 0.024131 0.030099 0.084373 0.026771 0.036873 0.034568 0.050987 0.171671 0.193221 0.033821 0.038977 0.027001 0.024406 0.031592 0.027976 0.031685 0.032372 0.059119 0.057045 0.037178 0.137554 0.098405 0.022590 0.022590 0.153845 0.123298
0.173595 0.211554 0.192738 1.650720 1.762132 1.768447 0.714625 0.041083 0.026406 0.032143 0.027870 0.149974 0.122140 0.043450 0.028648 0.035561 0.026908 0.034049 0.049491 0.046496 0.836698 1.984292 2.994325 1.979301 0.874770 0.064642 0.057923 0.045906 0.028526 0.024977 0.036827 0.028236 0.036019 0.041115 0.033851 0.124394 0.028186 0.024880 0.028160 0.036738 0.033839 0.201769 0.047813 0.022590 0.022590 0.027001 0.029992 0.044973 0.044747 0.047278 0.098668 0.295971 0.300029 0.194263 0.578946 0.571728 0.021948 0.106260 0.972978
0.063383 0.143788 0.187175 0.559591 1.734901 1.762764 1.790626 0.758036 0.058924 0.068269 0.073567 0.038231 0.034020 0.054786 0.028511 0.024512 0.030709 0.037367 0.050606 0.311761 0.856131 1.964061 3.024938 2.015938 0.946768 0.051901 0.056848 0.037651 0.026695 0.018859 0.037697 0.036843 0.044760 0.064748 0.116671 1.150547 1.161965 0.028749 0.045296 0.017372 0.035530 0.081200 0.030571 0.022590 0.022590 0.037209 0.040856 0.045767 0.084784 0.108862 0.131744 0.352996 0.342531 0.182496 0.532928 0.463340 1.016390 1.063395 1.051485
0.057973 0.059675 0.065170 0.077162 0.646419 1.770723 1.795516 1.849042 0.784095 0.774376 0.058706 0.028192 0.023566 0.027366 0.019309 0.026024 0.044926 0.034705 0.037498 0.388140 0.308794 0.822761 1.959105 1.947177 0.857082 0.072434 0.085929 0.063261 0.052467 0.061852 0.051903 0.067727 0.096387 0.064249 0.141552 1.159012 1.154554 0.053118 0.032525 0.017372 0.025262 0.038214 0.041054 0.044115 0.034371 0.037254 0.062325 0.140496 0.126803 0.142538 0.182000 0.163794 0.321351 0.679053 0.557858 0.443362 2.032153 2.087998 2.076804
0.062367 0.055750 0.058331 0.064947 0.228318 0.664439 1.788913 1.856934 0.818553 0.825391 0.866095 0.027992 0.022942 0.023506 0.040413 0.040632 0.081589 0.066863 0.633385 0.551786 0.357747 0.214517 0.129691 0.083684 0.754966 0.055932 0.053383 0.032494 0.050213 0.047661 0.046258 0.072518 0.079881 0.129657 1.175684 1.163074 1.175883 0.058037 0.083702 0.027690 0.024208 0.030526 0.081553 0.065850 0.038918 0.045649 0.073563 0.055230 0.110710 0.056068 0.036417 0.243955 0.199234 0.210222 0.104331 0.054518 2.012877 2.025009 2.043027
0.071115 0.071561 0.096590 0.109677 0.363441 0.047656 0.199664 0.653637 0.733130 0.756548 0.739450 0.075350 0.027992 0.028176 0.041375 0.035453 0.054314 0.337394 0.620507 0.549284 0.060629 0.045216 0.032612 0.058525 0.174140 0.040945 0.050759 0.037615 0.032203 0.144970 0.025017 0.055810 0.059799 1.140506 1.108433 1.139654 0.110867 0.055382 0.063555 0.036248 0.093652 0.083597 0.061105 0.084407 0.049085 0.063642 0.028726 0.026009 0.021111 0.114470 0.591666 0.379353 0.291508 0.243990 0.029137 0.029930 0.050339 0.116168 0.046646
0.059260 0.055382 0.143130 0.158105 0.161100 0.107934 0.331018 0.195188 0.134565 0.098686 0.048455 0.065027 0.112892 0.074275 0.106437 0.195129 0.429793 1.468140 0.318266 0.052545 0.045577 0.047693 0.027320 0.094857 0.159865 0.035151 0.053475 0.018472 0.101557 0.092112 0.070374 0.042763 0.053498 0.298119 0.213935 0.039192 0.027001 0.024406 0.039361 0.062371 0.066566 0.057631 0.040703 0.079370 0.059035 0.093818 0.072732 0.041887 0.204941 0.684646 0.636511 0.044617 0.056119 0.037385 0.027001 0.027885 0.043175 0.062310 0.066078
0.097698 0.225512 0.217019 0.124153 0.117218 0.094631 0.485546 0.050511 0.032475 0.035928 0.027016 0.028146 0.043892 0.074807 0.118048 0.257683 0.200102 0.118475 0.111196 0.056436 0.044093 0.039147 0.034624 0.037719 0.186041 0.025947 0.030921 0.023659 0.071680 0.380652 0.031778 0.085919 0.045640 0.427408 0.021782 0.022590 0.022590 0.027001 0.057058 0.107425 0.083950 0.103677 0.055337 0.083709 0.088013 0.517537 0.523087 0.423529 0.214652 0.183861 0.126057 0.034513 0.040408 0.060111 0.037895 0.023446 0.043617 0.032357 0.058510
0.034630 0.081825 0.072405 0.109937 0.058125 0.087837 0.503193 0.091167 0.021766 0.021629 0.023396 0.024284 0.031609 0.040339 0.128012 0.142856 0.154849 0.085916 0.095772 0.052226 0.039495 0.047714 0.034845 0.026150 0.279812 0.031089 0.033289 0.064247 0.081500 0.280559 0.172182 0.609566 0.593996 0.551851 0.051018 0.022590 0.022590 0.051458 0.048975 0.072182 0.074792 0.080877 0.141002 0.159502 0.113165 0.391080 0.381891 0.025705 0.029682 0.065643 0.057211 0.048910 0.932096 0.060807 0.040953 0.044594 0.019798 0.035896 0.059426
0.024086 0.078347 0.071397 0.045509 0.073117 0.060247 0.148691 0.180768 0.044670 0.031823 0.024284 0.014397 0.033180 0.047874 0.076000 0.106336 0.137139 0.091398 0.091613 0.072658 0.063119 0.072110 0.050746 0.068211 0.338444 0.026528 0.033745 0.058266 0.081961 0.050850 0.566359 0.524593 0.545629 0.504824 0.476236 0.030127 0.038650 0.032521 0.036104 0.057487 0.133058 0.167307 0.173762 0.182590 0.145143 0.035088 0.039321 0.026925 0.028649 0.039266 0.037498 0.068613 0.950525 0.928599 0.026511 0.020610 0.017372 0.025703 0.034691
0.136594 0.111363 0.074211 0.040719 0.038857 0.057459 0.048717 0.133095 0.622686 0.033425 0.034668 0.026772 0.023918 0.040992 0.038216 0.075263 0.106788 0.137423 0.058801 0.064522 0.096190 0.090680 0.060669 0.065074 0.361137 0.366807 0.038232 0.021110 0.032570 0.044902 0.134657 0.033027 0.068829 0.042474 0.394748 0.242907 0.139007 0.072211 0.064080 0.081449 0.113349 0.115523 0.581650 0.095085 0.032110 0.028877 0.028984 0.017372 0.025703 0.054222 0.058898 0.081295 0.927159 1.978743 0.048752 0.030369 0.017372 0.025703 0.051324
0.054344 0.043205 0.029594 0.041109 0.047082 0.084074 0.071911 0.117401 0.060177 0.952421 0.039756 0.032067 0.025129 0.032617 0.033577 0.039132 0.067025 0.104484 0.045287 0.082980 0.097178 0.080865 0.063348 0.051875 0.366848 0.367659 0.038790 0.035761 0.017372 0.043313 0.076989 0.058751 0.050316 0.033973 0.040823 0.172458 0.151102 0.182409 0.108476 0.082906 0.427707 0.494016 1.495973 0.333220 0.034187 0.034761 0.028862 0.017372 0.025703 0.032287 0.030570 0.034645 0.940083 1.961120 0.865051 0.139452 0.033295 0.057244 0.036171
