use_cases/Flooding_chicago/flooding_data/output/h_420.asc
ncols 337
nrows 393
xllcorner 428428.000000
yllcorner 4602440.000000
cellsize 26.757400
NODATA_value -9999.000000
[rows 81 to 107 of 393, columns 236 to 294 of 337]
1.501170 1.475763 0.110739 0.099184 0.037942 0.039346 0.033348 0.044386 0.051247 0.059120 0.025550 0.023705 0.049872 0.045082 0.081849 0.077120 0.073017 0.029838 0.026736 0.032037 0.051507 0.054953 0.061195 0.026222 0.027123 0.049954 0.043603 0.053611 0.050972 0.022087 0.042427 0.035776 0.043617 0.101336 0.101231 0.067032 0.053436 0.093689 0.102891 0.071842 0.037604 0.028100 0.022710 0.039154 0.060211 0.088844 0.110168 0.113648 0.094570 0.051169 0.047004 0.069579 0.069725 0.072171 0.067469 0.039513 0.050208 0.047645 0.039281
0.060033 0.081066 0.053933 0.052314 0.062461 0.057686 0.027427 0.018475 0.022667 0.025244 0.035728 0.025551 0.041069 0.042506 0.064121 0.059407 0.053918 0.021929 0.018135 0.020425 0.026420 0.026971 0.027962 0.018212 0.021660 0.021660 0.018212 0.063211 0.021660 0.018088 0.027442 0.048684 0.069312 0.038170 0.059017 0.068029 0.103293 0.105346 0.102171 0.105517 0.046172 0.042680 0.032342 0.031276 0.018440 0.023459 0.122004 0.116320 0.078403 0.095893 0.066220 0.184516 0.199218 0.053662 0.030994 0.066703 0.043510 0.050406 0.038224
0.030021 0.035057 0.037834 0.052391 0.045631 0.037406 0.041145 0.031273 0.047157 0.057305 0.025309 0.109538 0.063345 0.076025 0.039438 0.027831 0.024116 0.023037 0.039149 0.033991 0.069469 0.078939 0.094445 0.038964 0.042076 0.048996 0.067681 0.018088 0.021660 0.059334 0.033424 0.068489 0.070656 0.097938 0.101571 0.085842 0.630958 0.640110 0.593644 1.646090 1.625645 0.071937 0.072202 0.052398 0.037224 0.029991 0.030753 0.024727 0.057620 0.072534 0.175974 1.234726 1.248046 0.050180 0.072191 0.064903 0.061866 0.036749 0.036965
0.043250 0.029746 0.066378 0.072394 0.071999 0.047947 0.065118 0.044853 0.039053 0.054558 0.023353 0.021996 0.049522 0.053949 0.101501 0.085189 0.046764 0.054284 0.036004 0.043785 0.079338 0.084667 0.050254 0.027703 0.218159 0.206410 0.044319 0.045051 0.044599 0.036384 0.077644 0.040108 0.038826 0.025460 0.049560 1.358780 0.248773 0.655497 1.704023 2.689186 2.673300 0.449271 0.078514 0.052032 0.075161 0.025534 0.030083 0.024528 0.039411 0.041957 0.176364 1.243202 1.248234 1.237072 0.168933 0.036858 0.039590 0.064430 0.023445
0.033501 0.035637 0.117345 0.074450 0.142530 0.047883 0.062346 0.048165 0.047508 0.065866 0.030922 0.018150 0.034615 0.042335 0.065089 0.072512 0.076701 0.108690 0.066172 0.056130 0.223854 0.214838 0.066107 0.028080 0.275211 0.249892 0.024285 0.053276 0.048759 0.049721 0.050302 0.032752 0.033775 0.038153 0.128707 1.310514 0.332726 0.629569 1.662304 2.646903 1.584696 0.120693 0.040444 0.048284 0.071923 0.057946 0.054951 0.049755 0.041874 0.155483 0.177441 1.244897 1.242662 1.230562 0.181767 0.041511 0.027794 0.022590 0.022590
0.045570 0.162861 0.145303 0.211440 0.997095 1.082306 0.072432 0.048434 0.067955 0.079568 0.038521 0.029656 0.039955 0.030558 0.040215 0.074689 0.056483 0.097725 0.245815 0.295209 1.318954 0.214684 0.058057 0.017967 0.030172 0.127181 0.234820 0.247445 0.165260 0.220218 0.137285 0.068957 0.070289 0.252656 0.248504 0.327099 0.322635 0.225909 0.121884 0.481016 0.139811 0.170256 0.041559 0.032202 0.039346 0.063999 0.053764 0.047611 0.035772 0.109267 1.148021 0.181944 0.185149 0.193670 0.109839 0.044264 0.027794 0.022590 0.022590
0.028800 0.230525 0.020775 0.201367 1.074526 1.146482 0.140566 0.065845 0.090935 0.090660 0.035957 0.028956 0.043008 0.033073 0.047157 0.109711 0.087507 0.061394 0.331497 0.340080 1.327832 0.240579 0.017967 0.021034 0.037995 0.076042 0.234330 0.283224 0.201588 0.238780 0.146734 1.624021 0.614815 0.450305 0.405601 0.283059 0.184671 0.156451 0.113133 0.104319 0.155012 0.303384 0.030509 0.040979 0.037076 0.080607 0.068613 0.062138 0.058586 0.075747 0.100918 0.121920 0.053866 0.040110 0.240281 0.051309 0.039604 0.037622 0.029930
0.242606 0.020775 0.034019 0.026100 0.092408 1.116660 0.123821 0.050224 0.064992 0.201359 0.044941 0.052269 0.057763 0.061623 0.041055 0.071548 0.173332 0.119112 0.316586 1.336643 1.339992 0.283914 0.028663 0.038521 0.029060 0.053700 0.031575 0.024494 0.018949 0.179277 0.509963 1.628932 1.717204 0.621452 0.037544 0.029105 0.057072 0.227451 0.029483 0.030251 0.020009 0.458311 0.086752 0.116531 0.072021 0.161671 0.124843 0.070752 0.158292 0.089552 0.132200 0.078722 0.050473 0.095992 0.116541 0.053648 0.022591 0.136232 0.076293
0.738627 0.115996 0.025992 0.029259 0.080413 1.118676 1.114040 0.112506 0.123042 0.172763 0.112768 0.098261 0.109846 0.131057 0.066483 0.040412 0.198413 0.120767 0.310981 1.349974 2.351482 2.352716 0.087486 0.038185 0.063590 0.345239 0.335757 0.289741 0.223516 0.242677 0.139067 0.469692 0.540600 0.561636 0.027361 0.034925 0.107634 0.079167 0.046419 0.030794 0.622055 0.541791 0.026954 0.026115 0.070782 0.147732 0.110045 0.128032 1.902057 1.006131 0.068337 0.064447 0.041459 0.021907 0.159449 0.075172 0.112821 0.018120 0.069966
0.806998 0.775332 0.831151 0.023833 0.034480 0.085945 1.129247 1.134431 1.146605 1.153260 1.142577 1.130510 1.122919 0.127362 0.069136 0.032265 0.020272 0.084761 0.259269 1.331364 2.341196 1.340540 0.139244 0.211751 0.060600 0.285216 1.300747 1.314353 0.246671 0.127325 0.068666 0.067935 0.066618 0.565508 0.624694 0.040577 0.134213 0.106411 0.759629 0.774688 0.719898 0.021264 0.021034 0.017967 0.020378 0.073049 0.110399 0.935255 2.019618 0.926385 0.141868 0.058204 0.036293 0.037592 0.055489 0.087701 0.022728 0.021872 0.054503
0.771181 1.881789 0.885574 0.022348 0.018212 0.096137 0.116296 1.135566 0.146923 1.156767 1.149857 1.143779 0.113315 0.038284 0.067946 0.020832 0.088649 0.082756 0.309242 0.341335 0.290547 0.226982 0.055351 0.049552 0.071419 0.074761 0.062233 0.170680 0.170969 0.047580 0.049810 0.041387 0.059366 0.056017 0.587564 0.071940 0.064430 0.156110 0.098459 0.758473 0.619436 0.053132 0.017967 0.032520 0.031502 0.092185 0.990743 2.053792 0.970833 0.111578 0.083847 0.075323 0.069814 0.030006 0.024216 0.029320 0.023995 0.067842 0.041359
0.092062 0.718079 1.841946 0.029140 0.034389 0.020845 0.125975 0.025536 0.025582 0.105584 0.103698 0.107116 0.023504 0.042024 0.062274 0.099227 1.119825 0.115767 0.087778 0.397924 0.076954 0.085309 0.068666 0.048301 0.074241 0.112525 0.044273 0.030357 0.057792 0.052711 0.037513 0.041998 0.049950 0.052374 0.082155 0.100510 0.118517 0.099024 0.082663 0.055337 0.173585 0.065820 0.086729 0.061246 0.124173 0.894497 2.034437 2.036366 0.994121 0.082916 0.083448 0.042651 0.079154 0.099595 0.023994 0.028542 0.071923 0.046120 0.072108
0.065744 0.082050 0.504942 1.239584 0.294949 0.269953 0.026080 0.017372 0.033731 0.064948 0.072127 0.081403 0.083763 0.100080 0.146815 0.090348 0.133147 0.144295 0.159356 0.156446 0.134380 0.045220 0.051064 0.048088 0.050284 0.092340 0.062673 0.022713 0.046883 0.046471 0.034447 0.032798 0.036293 0.049964 0.039620 0.052345 0.108588 0.109880 0.095050 0.089017 0.077765 0.089715 0.091923 0.070636 0.160187 0.861003 2.000333 2.001663 0.946723 0.155857 0.142091 0.040800 0.068904 0.085322 0.035133 0.019645 0.043498 0.045436 0.072304
0.043316 0.047906 0.084560 1.218267 1.302754 0.239567 0.027428 0.017372 0.032829 0.409626 0.446096 0.040910 0.042720 0.279940 0.087250 0.085472 0.132978 0.151505 0.159849 0.213398 0.171488 0.057976 0.036094 0.031577 0.021309 0.081489 0.098526 0.025138 0.023486 0.038413 0.030175 0.014397 0.027841 0.030900 0.038261 0.045691 0.058037 0.046299 0.045662 0.099655 0.105535 0.102408 0.098972 0.072085 0.088368 0.122529 0.088358 0.098269 0.082638 0.183679 0.191063 0.343626 0.314700 0.076248 0.028831 0.026466 0.042647 0.094472 0.138118
0.044408 0.093389 0.054152 0.219936 1.295891 1.266041 1.277591 0.186240 0.020455 0.420715 0.424053 1.432911 0.402468 1.381412 0.322717 0.068361 0.130087 0.045307 0.042550 0.215365 0.156056 0.037148 0.028251 0.024315 0.026695 0.058966 0.063652 0.032529 0.024715 0.030648 0.070611 0.025398 0.028923 0.019661 0.028817 0.036569 0.035484 0.044028 0.034889 0.028327 0.088506 0.100699 0.102588 0.075725 0.104051 0.076566 0.040348 0.053765 0.024345 0.058221 0.079291 0.088601 0.027795 0.080612 0.064936 0.064118 0.730964 1.787246 0.112358
0.077042 0.053265 0.075252 0.232648 0.282717 1.256677 1.268329 0.154529 0.066454 0.434393 0.428080 1.435022 1.433788 1.405064 0.279311 0.154013 0.051693 0.087740 0.051400 0.069562 0.073515 0.044747 0.026756 0.026930 0.014397 0.046395 0.040642 0.014397 0.029551 0.037177 0.079734 0.064903 0.035958 0.029121 0.036389 0.019309 0.028969 0.038569 0.037652 0.057186 0.615109 0.066839 0.110069 0.097366 0.034798 0.033515 0.030114 0.050132 0.033809 0.034431 0.081012 0.085586 0.040886 0.024177 0.067997 0.661832 1.957876 0.817157 0.088455
0.096326 0.086807 0.051936 0.242321 0.218633 0.178685 0.157925 0.105299 0.386934 1.428195 0.432736 0.437369 1.438265 0.321417 0.068879 0.064746 0.071024 0.037910 0.087908 0.050330 0.058677 0.035131 0.047128 0.039279 0.034080 0.014397 0.030677 0.029020 0.039284 0.038658 0.125183 0.125813 0.052905 0.053399 0.047462 0.014397 0.018943 0.020485 0.025093 0.435365 1.656559 0.513276 0.089687 0.039144 0.019570 0.021004 0.014397 0.068517 0.024498 0.034341 0.053032 0.060035 0.035028 0.035316 0.039359 0.669574 0.871563 0.167668 0.018440
0.110186 0.106726 0.072101 0.192043 0.046763 0.062410 0.027397 0.030509 0.038689 0.304110 0.371318 0.411356 0.421214 0.358684 0.064163 0.072032 1.101160 0.119576 0.043632 0.076303 0.090958 0.090187 0.037286 0.040091 0.028939 0.028046 0.046990 0.041632 0.055803 0.059408 0.118360 0.760049 0.076725 0.050076 0.039528 0.021004 0.033378 0.034859 0.064530 1.633285 2.637117 0.079430 0.073933 0.074205 0.071815 0.061968 0.048866 0.028772 0.030952 0.023884 0.024361 0.031502 0.039177 0.032021 0.034262 0.039498 0.131663 0.201589 0.234654
0.122179 0.099141 0.066163 0.072348 0.064212 0.068623 0.019844 0.051039 0.032536 0.045616 0.040549 0.410028 0.436520 0.386664 0.091747 0.084858 0.100092 0.046012 0.049521 0.014397 0.075798 0.068415 0.042595 0.049767 0.030998 0.027625 0.043937 0.039145 0.065452 0.047692 0.089813 0.798333 0.783923 0.092705 0.035087 0.019570 0.030938 0.047355 0.076537 1.602693 1.617370 0.054786 0.060216 0.090401 0.061988 0.055458 0.045753 0.030800 0.027565 0.026843 0.014397 0.019309 0.035194 0.030708 0.045143 0.027932 0.024895 0.213790 0.248472
0.040917 0.038536 0.035340 0.029915 0.032694 0.039619 0.030327 0.047187 0.037499 0.030478 0.038780 0.296635 0.375153 0.343747 0.114558 0.087901 0.106229 0.058007 0.043953 0.054344 0.220017 0.198315 0.043342 0.064887 0.027184 0.042764 0.045430 0.085884 0.091494 0.082403 0.054282 0.840304 0.801925 0.087178 0.021079 0.035619 0.035301 0.042976 0.036766 0.205326 0.209831 0.076816 0.063978 0.078780 0.040048 0.044807 0.041619 0.058723 0.040409 0.029990 0.031883 0.027565 0.052956 0.039468 0.036482 0.074916 0.225920 0.266454 0.255025
0.048455 0.019309 0.014397 0.024284 0.039512 0.035088 0.041496 0.499695 0.516803 0.030571 0.027657 0.035027 0.108375 0.132693 0.153077 0.076462 0.089582 0.035760 0.021096 0.055012 0.168943 1.211546 1.217357 0.192543 0.033347 0.072814 0.650810 1.796499 0.815560 0.821052 0.832985 0.833644 0.805665 0.072167 0.021004 0.045185 0.040704 0.066177 0.043158 0.301503 0.265979 0.098287 0.043305 0.063303 0.071811 0.052771 0.041542 0.057045 0.033180 0.040779 0.035309 0.046461 0.582740 0.026705 0.102661 0.089757 0.191102 1.274661 0.256445
0.039835 0.045219 0.024284 0.023396 0.029884 0.061033 0.339412 1.523526 0.525058 0.022590 0.022590 0.028282 0.042641 0.032418 0.271610 0.061559 0.039681 0.032021 0.019309 0.035103 0.047528 2.113491 1.189958 0.029839 0.043337 0.072487 0.736447 1.838758 0.847864 0.840711 0.837418 0.844413 0.043756 0.068026 0.045501 0.040402 0.066660 0.058791 0.059604 0.322759 0.319316 0.172567 0.347930 0.363037 0.311641 0.061414 0.099161 0.114238 0.087975 0.125173 0.085779 0.532058 1.677001 0.575754 0.058173 0.058845 0.070990 0.154717 0.157260
0.083642 0.070429 0.028831 0.031014 0.055732 0.064385 0.336050 1.499954 0.507083 0.022590 0.022590 0.030358 0.022789 0.028741 0.320085 0.067382 0.034514 0.025749 0.014397 0.033513 0.035744 1.230144 0.160124 0.018364 0.023140 0.033026 0.063602 0.728785 0.042346 0.040102 0.784357 0.049668 0.066670 0.017967 0.170400 0.080893 0.609617 0.636168 0.709372 0.041359 0.083716 0.014397 0.394399 1.437869 1.430270 0.344965 0.377727 0.095865 0.078750 0.033241 0.716030 1.625642 2.676541 0.551643 0.114850 0.044044 0.083259 0.047614 0.062629
0.060596 0.090249 0.073521 0.028649 0.032097 0.086556 0.045940 0.387688 0.441608 0.027794 0.027794 0.046300 0.037453 0.394883 0.316369 0.049336 0.052621 0.030587 0.052239 0.048409 0.030235 0.045533 0.209968 0.061678 0.028504 0.024574 0.031762 0.060936 0.055156 0.035866 0.090591 0.086776 0.017967 0.021034 0.210931 0.233179 0.581070 1.784721 0.800148 0.824918 0.172990 0.315262 1.435181 1.418951 1.447856 1.420357 0.045142 0.033318 0.022147 0.044334 0.116256 0.329952 1.235335 0.071650 0.127537 0.089901 0.068061 0.038186 0.047975
0.171576 0.292705 0.319233 0.048652 0.087244 0.099161 0.021675 0.066058 0.061622 0.045084 0.041373 0.046967 0.264664 1.396414 1.401749 0.081338 0.076943 0.135217 0.041267 0.045623 0.029366 0.024253 0.052305 0.081628 0.024727 0.027825 0.019417 0.051207 0.017967 0.036873 0.031182 0.082126 0.077388 0.362592 0.306633 0.140428 0.117849 0.619271 1.804949 1.804615 0.139292 0.224783 0.266862 0.324089 0.406224 0.072896 0.039727 0.033796 0.021399 0.050139 0.134870 0.048500 0.050387 0.026664 0.062798 0.085725 0.071315 0.052635 0.036919
0.033893 0.290591 0.327955 0.053384 0.061975 0.021980 0.037911 0.038063 0.014397 0.058417 0.039436 0.266961 0.309282 1.384310 1.371749 0.056175 0.056321 0.034274 0.033390 0.030115 0.042291 0.084879 0.041348 0.070886 0.080628 0.076609 0.057710 0.050932 0.021034 0.017967 0.036522 0.086944 0.075203 0.390750 0.394503 0.029551 0.029588 0.062247 1.768388 1.755733 0.119921 0.049710 0.084032 0.134881 0.216406 0.148271 0.034394 0.027245 0.028305 0.055061 0.100409 0.046964 0.039024 0.038262 0.028681 0.045158 0.056054 0.079142 0.027625
0.022148 0.151140 0.915178 0.123932 0.045266 0.074274 0.028420 0.035179 0.039009 0.035224 0.062762 0.241366 1.311402 0.288883 0.252696 0.045904 0.064721 0.028558 0.021004 0.044548 0.039665 0.344741 0.075988 0.053866 0.068236 0.054363 0.079211 0.083380 0.029458 0.026604 0.039818 0.026344 0.061774 0.397774 0.435898 0.043711 0.043936 0.069177 0.066628 1.691923 0.056246 0.054291 0.027737 0.064419 0.328201 0.202197 0.044686 0.022590 0.022590 0.066783 0.066934 0.062292 0.040079 0.029518 0.025596 0.038196 0.059120 0.066169 0.020287
