use_cases/Flooding_chicago/flooding_data/output/h_420.asc
ncols 337
nrows 393
xllcorner 428428.000000
yllcorner 4602440.000000
cellsize 26.757400
NODATA_value -9999.000000
[rows 216 to 242 of 393, columns 236 to 294 of 337]
0.094495 0.117714 0.100189 0.135306 0.170527 0.212092 0.221883 0.224289 0.219476 0.161618 0.035515 0.014397 0.032463 0.072426 0.075317 0.055572 0.034881 0.038440 0.142408 0.112744 0.103213 0.066618 0.070283 0.071021 0.296142 0.272604 0.304478 0.038904 0.032828 0.242065 0.239541 0.233596 0.220426 0.163120 0.330942 0.204121 1.179556 0.146350 0.024546 0.022183 0.031780 0.400143 0.430120 0.396793 0.033944 0.026786 0.027168 0.035134 -9999.000000 -9999.000000 -9999.000000 -9999.000000 -9999.000000 -9999.000000 -9999.000000 -9999.000000 -9999.000000 -9999.000000 -9999.000000
0.175687 0.117086 0.090368 0.063727 0.048935 0.259091 0.262160 0.264942 0.260627 0.023338 0.042930 0.047479 0.030297 0.088640 0.083799 0.022590 0.022590 0.027794 0.171940 0.112727 0.059147 0.069761 0.105589 0.087619 0.051844 0.093464 0.019867 0.029381 0.031059 0.025626 0.241823 0.240053 0.238408 0.027118 0.051909 0.034985 0.122636 0.147580 0.030775 0.074852 0.390874 0.384142 0.368892 0.041242 0.031563 0.035820 -9999.000000 -9999.000000 -9999.000000 -9999.000000 -9999.000000 -9999.000000 -9999.000000 -9999.000000 -9999.000000 -9999.000000 -9999.000000 -9999.000000 -9999.000000
0.212324 0.047169 0.056766 0.042690 0.082582 0.237868 0.275338 0.289293 0.284668 0.295031 0.028557 0.029945 0.052567 0.612132 0.624615 0.022590 0.022590 0.027794 0.317408 0.014397 0.053638 0.063923 0.124427 0.114168 0.065261 0.032070 0.727654 0.025626 0.031059 0.029381 0.019867 0.033380 0.043857 0.055522 0.050225 0.036692 0.065103 0.067426 0.057672 0.105728 0.081904 0.080034 0.075895 0.038204 0.021034 0.017967 -9999.000000 -9999.000000 -9999.000000 -9999.000000 -9999.000000 -9999.000000 -9999.000000 -9999.000000 -9999.000000 -9999.000000 -9999.000000 -9999.000000 -9999.000000
0.077694 0.085629 0.090074 0.068397 0.137772 0.089610 0.066803 0.254997 0.274923 0.276616 0.233865 0.165237 0.572641 1.660837 1.649984 0.063236 0.060097 0.434423 0.400100 0.431264 0.022408 0.037650 0.044973 0.089510 0.760422 0.799070 0.692853 0.620977 0.503061 0.436198 0.304318 0.937644 0.056062 0.024330 0.029564 0.024330 0.028588 0.121851 0.112530 0.017372 0.057908 0.057612 0.061655 0.066840 0.017967 -9999.000000 -9999.000000 -9999.000000 -9999.000000 -9999.000000 -9999.000000 -9999.000000 -9999.000000 -9999.000000 -9999.000000 -9999.000000 -9999.000000 -9999.000000 -9999.000000
0.033150 0.102175 0.117489 0.101106 0.074842 0.054824 0.116106 0.065744 0.238671 0.237777 0.022926 0.093438 0.521806 1.649949 0.646269 0.085185 0.076328 0.068020 0.342167 0.028773 0.039622 0.027252 0.083466 0.102323 0.690184 0.769799 0.038007 0.032003 0.391971 0.377192 0.271807 0.885337 0.839978 0.024330 0.029564 0.024330 0.028588 1.223118 0.131779 0.017372 0.083187 0.080013 0.082854 0.060349 -9999.000000 -9999.000000 -9999.000000 -9999.000000 -9999.000000 -9999.000000 -9999.000000 -9999.000000 -9999.000000 -9999.000000 -9999.000000 -9999.000000 -9999.000000 -9999.000000 -9999.000000
0.040690 0.037880 0.027870 0.109807 0.100793 0.091330 0.070525 0.052390 0.063657 0.054161 0.025307 0.037621 0.546321 0.521795 0.586325 0.098564 0.014397 0.126044 0.084284 0.025538 0.039749 0.027733 0.075981 0.073204 0.200799 0.251332 0.030421 0.032252 0.053172 0.048656 0.047299 0.036405 0.713857 0.565530 0.538931 0.423747 1.172508 1.179156 1.171072 1.175535 0.115577 0.090394 0.078734 0.014397 -9999.000000 -9999.000000 -9999.000000 -9999.000000 -9999.000000 -9999.000000 -9999.000000 -9999.000000 -9999.000000 -9999.000000 -9999.000000 -9999.000000 -9999.000000 -9999.000000 -9999.000000
0.089895 0.026878 0.029014 0.112151 0.107471 0.105148 0.097384 0.091739 0.021034 0.017967 0.050713 0.034331 0.043588 0.059433 0.599561 0.140280 0.184919 0.139348 0.028646 0.027503 0.249704 0.214042 0.151936 0.088785 0.108837 0.317609 0.047944 0.026380 0.024027 0.034217 0.069142 0.057033 0.075451 0.531993 0.535266 0.414418 0.239009 0.155624 1.136238 1.141678 1.131581 0.084732 0.019309 -9999.000000 -9999.000000 -9999.000000 -9999.000000 -9999.000000 -9999.000000 -9999.000000 -9999.000000 -9999.000000 -9999.000000 -9999.000000 -9999.000000 -9999.000000 -9999.000000 -9999.000000 -9999.000000
0.451225 0.492022 0.019722 0.102593 0.101836 0.017967 0.021034 0.089542 0.017967 0.046456 0.051491 0.046394 0.029332 0.058968 0.149756 0.174257 0.167366 0.048833 0.041752 0.038039 0.204074 0.200332 0.164042 0.115674 0.193915 0.143293 0.030380 0.038473 0.026347 0.051192 0.084356 0.055122 0.131461 0.561691 0.568845 0.070998 0.063688 0.047029 0.098310 1.145012 1.134259 0.093393 0.014397 -9999.000000 -9999.000000 -9999.000000 -9999.000000 -9999.000000 -9999.000000 -9999.000000 -9999.000000 -9999.000000 -9999.000000 -9999.000000 -9999.000000 -9999.000000 -9999.000000 -9999.000000 -9999.000000
0.473505 0.505247 0.036349 0.062700 0.065347 0.056859 0.017967 0.045526 0.227821 0.248765 0.032067 0.035516 0.026664 0.113124 0.095293 0.076581 0.086592 0.045660 0.060681 0.046418 0.060883 0.043246 0.166261 0.145843 0.099983 0.070086 0.044519 0.031637 0.122948 0.076867 0.096881 0.154972 1.236093 0.178794 0.112561 0.117770 0.047707 0.043679 0.052669 0.089078 1.065685 0.102615 0.024514 -9999.000000 -9999.000000 -9999.000000 -9999.000000 -9999.000000 -9999.000000 -9999.000000 -9999.000000 -9999.000000 -9999.000000 -9999.000000 -9999.000000 -9999.000000 -9999.000000 -9999.000000 -9999.000000
0.401829 0.495120 0.485989 0.475847 0.445566 0.378882 0.397402 0.340252 0.277777 0.259311 0.175900 0.142754 0.137976 0.139376 0.141831 0.048795 0.065055 0.077318 0.074983 0.054263 0.053670 0.071364 0.047116 0.162220 0.131864 0.087261 0.246883 0.195170 0.141645 0.087724 0.108627 0.165756 1.230705 0.197482 0.035500 0.052254 0.072097 0.078437 0.050425 0.059923 0.117547 0.134763 0.018873 -9999.000000 -9999.000000 -9999.000000 -9999.000000 -9999.000000 -9999.000000 -9999.000000 -9999.000000 -9999.000000 -9999.000000 -9999.000000 -9999.000000 -9999.000000 -9999.000000 -9999.000000 -9999.000000
0.412554 0.482520 0.477329 1.450031 1.464153 1.476805 1.471502 0.347941 0.286797 0.245698 1.153242 1.159979 1.166944 0.121270 0.057989 0.082532 0.093993 0.094104 0.084450 0.063924 0.030211 0.075055 0.041882 0.181733 0.144850 0.097345 0.199817 0.157243 0.104518 0.062936 0.120327 0.080926 0.065109 0.070813 0.037727 0.050591 0.047127 0.052437 0.037605 0.049361 0.120148 0.022204 -9999.000000 -9999.000000 -9999.000000 -9999.000000 -9999.000000 -9999.000000 -9999.000000 -9999.000000 -9999.000000 -9999.000000 -9999.000000 -9999.000000 -9999.000000 -9999.000000 -9999.000000 -9999.000000 -9999.000000
0.101936 0.035252 0.042763 0.321521 0.433594 0.360139 0.312742 0.299188 0.265351 0.216823 1.166531 1.167801 1.172853 0.040696 0.074317 0.097137 0.108646 0.103206 0.084987 0.048865 0.075896 0.071050 0.232473 0.250842 0.023460 0.024902 0.035124 0.083944 0.241334 0.210473 0.127609 0.100783 0.030845 0.046805 0.027198 0.033959 0.027533 0.081689 0.056482 0.086399 0.055551 0.039764 -9999.000000 -9999.000000 -9999.000000 -9999.000000 -9999.000000 -9999.000000 -9999.000000 -9999.000000 -9999.000000 -9999.000000 -9999.000000 -9999.000000 -9999.000000 -9999.000000 -9999.000000 -9999.000000 -9999.000000
0.079317 0.080376 0.047984 0.083609 0.482007 0.040665 0.039570 0.026347 0.024312 0.185254 0.151561 0.137231 0.132877 0.032134 0.035835 0.028312 0.125363 0.110929 0.075347 0.118978 0.063703 0.088970 0.046853 0.205227 0.024902 0.033470 0.020638 0.070338 0.039002 0.140555 0.897354 0.965768 0.034033 0.058876 0.033959 0.043022 0.035087 0.096445 0.067304 0.088852 0.055938 0.035532 -9999.000000 -9999.000000 -9999.000000 -9999.000000 -9999.000000 -9999.000000 -9999.000000 -9999.000000 -9999.000000 -9999.000000 -9999.000000 -9999.000000 -9999.000000 -9999.000000 -9999.000000 -9999.000000 -9999.000000
0.041726 0.033242 0.021049 0.099892 0.203912 0.044594 0.023342 0.324055 0.025934 0.034821 0.042264 0.053014 0.062723 0.022590 0.022590 0.036918 0.153739 0.018441 0.062129 0.072908 0.092084 0.074521 0.043428 0.125027 0.082674 0.020638 0.030647 0.049550 0.037470 0.113311 0.912614 0.942143 0.068025 0.039861 0.027595 0.035286 0.034293 0.030860 0.024696 0.048336 -9999.000000 -9999.000000 -9999.000000 -9999.000000 -9999.000000 -9999.000000 -9999.000000 -9999.000000 -9999.000000 -9999.000000 -9999.000000 -9999.000000 -9999.000000 -9999.000000 -9999.000000 -9999.000000 -9999.000000 -9999.000000 -9999.000000
0.027273 0.025643 0.279191 0.215951 0.149731 0.097872 0.068333 0.324550 0.377913 0.031473 0.046588 0.072457 0.087858 0.022590 0.022590 0.037116 0.149637 0.023384 0.014397 0.044836 0.094006 0.438810 0.469732 0.454105 0.388366 0.274232 0.358681 0.266558 0.159217 0.904421 0.916082 0.934542 0.066215 0.094810 0.023492 0.076790 0.037254 0.024330 0.023323 -9999.000000 -9999.000000 -9999.000000 -9999.000000 -9999.000000 -9999.000000 -9999.000000 -9999.000000 -9999.000000 -9999.000000 -9999.000000 -9999.000000 -9999.000000 -9999.000000 -9999.000000 -9999.000000 -9999.000000 -9999.000000 -9999.000000 -9999.000000
0.384032 0.413545 0.331633 0.271588 0.207341 0.127063 0.376314 0.376614 1.414058 1.410240 1.410666 0.069543 0.099529 0.039733 0.041315 0.029580 0.098836 0.092854 0.019309 0.030270 0.082933 0.409421 0.442126 0.425924 0.376639 0.250375 0.355409 0.789426 0.904023 1.942207 0.914657 0.953750 0.063635 0.081674 0.054631 0.116575 0.028465 -9999.000000 -9999.000000 -9999.000000 -9999.000000 -9999.000000 -9999.000000 -9999.000000 -9999.000000 -9999.000000 -9999.000000 -9999.000000 -9999.000000 -9999.000000 -9999.000000 -9999.000000 -9999.000000 -9999.000000 -9999.000000 -9999.000000 -9999.000000 -9999.000000 -9999.000000
1.391080 0.413980 0.345221 0.289695 0.220410 0.114162 0.399124 0.396448 1.394584 1.398465 1.408131 0.053409 0.025108 0.027335 0.049855 0.037057 0.366393 0.046325 0.036751 0.084891 0.115046 0.090984 0.066031 0.055440 0.045064 0.032016 0.043637 0.926882 0.974119 0.958064 0.023053 0.951650 0.073860 0.084215 0.063340 -9999.000000 -9999.000000 -9999.000000 -9999.000000 -9999.000000 -9999.000000 -9999.000000 -9999.000000 -9999.000000 -9999.000000 -9999.000000 -9999.000000 -9999.000000 -9999.000000 -9999.000000 -9999.000000 -9999.000000 -9999.000000 -9999.000000 -9999.000000 -9999.000000 -9999.000000 -9999.000000 -9999.000000
1.388165 0.445307 0.344797 0.293447 0.207185 0.259397 0.409151 0.378907 0.316184 0.280290 0.038140 0.025581 0.030052 0.049420 0.259818 0.288081 1.379939 0.303057 0.029539 0.042459 0.022897 0.042296 0.039542 0.042991 0.043162 0.032700 0.071912 0.032498 0.121752 0.017372 0.017372 0.122947 0.116539 0.095253 0.067164 -9999.000000 -9999.000000 -9999.000000 -9999.000000 -9999.000000 -9999.000000 -9999.000000 -9999.000000 -9999.000000 -9999.000000 -9999.000000 -9999.000000 -9999.000000 -9999.000000 -9999.000000 -9999.000000 -9999.000000 -9999.000000 -9999.000000 -9999.000000 -9999.000000 -9999.000000 -9999.000000 -9999.000000
0.444560 0.503692 0.048701 0.060141 0.047861 0.053039 0.421858 0.062246 0.087055 0.030022 0.043999 0.014397 0.028161 0.032386 0.262814 1.396257 1.398803 0.322042 0.024025 0.018533 0.061796 0.710222 0.707255 0.059980 0.023231 0.018380 0.034710 0.156726 0.192016 1.254686 0.223568 0.202061 0.161589 0.017372 0.017372 -9999.000000 -9999.000000 -9999.000000 -9999.000000 -9999.000000 -9999.000000 -9999.000000 -9999.000000 -9999.000000 -9999.000000 -9999.000000 -9999.000000 -9999.000000 -9999.000000 -9999.000000 -9999.000000 -9999.000000 -9999.000000 -9999.000000 -9999.000000 -9999.000000 -9999.000000 -9999.000000 -9999.000000
0.415570 0.556413 0.081672 0.095525 0.083815 0.050249 0.089955 0.074661 0.071133 0.017372 0.017372 0.035665 0.038635 0.223715 0.031864 0.042104 0.039938 0.031242 0.080421 0.043101 0.763205 1.728684 1.721547 0.074234 0.026833 0.057548 0.061350 0.076603 0.176300 1.251785 1.269659 1.269156 0.019663 0.080034 0.056026 -9999.000000 -9999.000000 -9999.000000 -9999.000000 -9999.000000 -9999.000000 -9999.000000 -9999.000000 -9999.000000 -9999.000000 -9999.000000 -9999.000000 -9999.000000 -9999.000000 -9999.000000 -9999.000000 -9999.000000 -9999.000000 -9999.000000 -9999.000000 -9999.000000 -9999.000000 -9999.000000 -9999.000000
0.129347 0.184974 0.136815 0.125239 0.107281 0.071233 0.127282 0.103437 0.093638 0.081744 0.043689 0.041375 0.183787 0.216080 0.025337 0.032203 0.026406 0.045422 0.060990 0.760837 0.765034 1.684970 0.548550 0.062774 0.029304 0.051782 0.095702 0.082021 0.194695 1.242296 0.224676 0.184876 0.027354 0.072433 0.043225 -9999.000000 -9999.000000 -9999.000000 -9999.000000 -9999.000000 -9999.000000 -9999.000000 -9999.000000 -9999.000000 -9999.000000 -9999.000000 -9999.000000 -9999.000000 -9999.000000 -9999.000000 -9999.000000 -9999.000000 -9999.000000 -9999.000000 -9999.000000 -9999.000000 -9999.000000 -9999.000000 -9999.000000
0.207519 0.311556 0.035126 0.043033 0.039083 0.027963 0.033292 0.088085 0.094013 0.066864 0.083126 0.211762 2.326818 0.239956 0.026696 0.038841 0.032203 0.048336 0.065897 0.731581 0.695340 0.080540 0.046554 0.028588 0.028588 0.058866 0.122892 0.133898 0.091879 0.165398 0.049223 0.031642 0.045454 0.049710 -9999.000000 -9999.000000 -9999.000000 -9999.000000 -9999.000000 -9999.000000 -9999.000000 -9999.000000 -9999.000000 -9999.000000 -9999.000000 -9999.000000 -9999.000000 -9999.000000 -9999.000000 -9999.000000 -9999.000000 -9999.000000 -9999.000000 -9999.000000 -9999.000000 -9999.000000 -9999.000000 -9999.000000 -9999.000000
0.211545 0.295713 0.053578 0.060493 0.050859 0.030881 0.043852 0.077953 0.071254 0.047010 0.063265 0.265529 2.323275 1.320489 0.245860 0.026696 0.025337 0.035647 0.093492 0.232672 0.183858 0.066338 0.043070 0.024330 0.024330 0.039295 0.045986 0.153124 0.153264 0.104881 0.104410 0.017967 0.021125 -9999.000000 -9999.000000 -9999.000000 -9999.000000 -9999.000000 -9999.000000 -9999.000000 -9999.000000 -9999.000000 -9999.000000 -9999.000000 -9999.000000 -9999.000000 -9999.000000 -9999.000000 -9999.000000 -9999.000000 -9999.000000 -9999.000000 -9999.000000 -9999.000000 -9999.000000 -9999.000000 -9999.000000 -9999.000000 -9999.000000
0.098791 0.083846 0.082428 0.068506 0.040365 0.096789 0.048982 0.050528 0.116265 0.094168 0.459746 0.391422 2.330745 1.321328 0.252066 0.029593 0.029136 0.221244 0.157703 0.319101 0.071554 0.109195 0.066957 0.029564 0.029564 0.058149 0.083741 0.164216 0.165543 0.115027 0.017967 0.021034 -9999.000000 -9999.000000 -9999.000000 -9999.000000 -9999.000000 -9999.000000 -9999.000000 -9999.000000 -9999.000000 -9999.000000 -9999.000000 -9999.000000 -9999.000000 -9999.000000 -9999.000000 -9999.000000 -9999.000000 -9999.000000 -9999.000000 -9999.000000 -9999.000000 -9999.000000 -9999.000000 -9999.000000 -9999.000000 -9999.000000 -9999.000000
0.070888 0.042334 0.095492 0.063640 0.135536 0.089509 0.080669 0.138215 0.090379 0.618046 0.539502 0.445246 2.325368 1.345817 0.243586 0.258154 0.244444 0.193156 1.137283 0.097121 0.048704 0.061712 0.081930 0.024330 0.024330 0.076638 0.118700 0.080352 0.036114 -9999.000000 -9999.000000 -9999.000000 -9999.000000 -9999.000000 -9999.000000 -9999.000000 -9999.000000 -9999.000000 -9999.000000 -9999.000000 -9999.000000 -9999.000000 -9999.000000 -9999.000000 -9999.000000 -9999.000000 -9999.000000 -9999.000000 -9999.000000 -9999.000000 -9999.000000 -9999.000000 -9999.000000 -9999.000000 -9999.000000 -9999.000000 -9999.000000 -9999.000000 -9999.000000
0.094469 0.053783 0.027529 0.052846 0.118805 0.076735 0.146411 0.830083 0.898665 1.790985 0.577182 0.446077 1.327740 1.377249 0.039132 0.048911 0.058390 0.067007 0.087464 0.054182 0.069537 0.064924 0.041815 0.208410 0.166587 0.076233 0.072327 0.032630 -9999.000000 -9999.000000 -9999.000000 -9999.000000 -9999.000000 -9999.000000 -9999.000000 -9999.000000 -9999.000000 -9999.000000 -9999.000000 -9999.000000 -9999.000000 -9999.000000 -9999.000000 -9999.000000 -9999.000000 -9999.000000 -9999.000000 -9999.000000 -9999.000000 -9999.000000 -9999.000000 -9999.000000 -9999.000000 -9999.000000 -9999.000000 -9999.000000 -9999.000000 -9999.000000 -9999.000000
0.101180 0.166471 0.113531 0.067236 0.032525 0.232410 0.753039 0.797107 0.791694 0.736646 0.062694 0.280957 1.339588 0.282796 0.041024 0.034356 0.046051 0.049247 0.063492 0.065479 0.059972 0.052479 0.036409 0.044780 0.023580 0.048839 0.025270 -9999.000000 -9999.000000 -9999.000000 -9999.000000 -9999.000000 -9999.000000 -9999.000000 -9999.000000 -9999.000000 -9999.000000 -9999.000000 -9999.000000 -9999.000000 -9999.000000 -9999.000000 -9999.000000 -9999.000000 -9999.000000 -9999.000000 -9999.000000 -9999.000000 -9999.000000 -9999.000000 -9999.000000 -9999.000000 -9999.000000 -9999.000000 -9999.000000 -9999.000000 -9999.000000 -9999.000000 -9999.000000
