use_cases/Flooding_chicago/flooding_data/output/h_480.asc
ncols 337
nrows 393
xllcorner 428428.000000
yllcorner 4602440.000000
cellsize 26.757400
NODATA_value -9999.000000
[rows 108 to 134 of 393, columns 236 to 294 of 337]
0.033180 1.129757 2.296860 0.201819 0.082125 0.055977 0.074731 0.074638 0.052822 0.047370 0.037600 0.369997 0.322638 0.045995 0.050972 0.050987 0.074150 0.088130 0.021401 0.041222 0.039452 0.379882 0.067829 0.044809 0.055586 0.038054 0.121899 0.088663 0.022424 0.133949 0.156752 0.019021 0.076069 0.419692 0.449248 0.061715 0.066349 0.059296 0.048434 0.231123 0.083050 0.044187 0.053874 0.098140 0.334614 0.051932 0.034569 0.022591 0.022591 0.048697 0.050744 0.033822 0.047905 0.028867 0.017967 0.036645 0.033515 0.043995 0.032264
0.053367 1.125229 2.318506 0.201932 0.051645 0.039167 0.058845 0.050698 0.142705 0.140282 0.126610 0.037559 0.034711 0.055886 0.028051 0.044822 0.063619 0.069375 0.045265 0.065422 0.220590 0.303115 0.021141 0.035189 0.033807 0.046867 0.076197 0.325449 0.063186 0.136010 0.153234 0.165508 0.129130 0.101327 0.094844 0.098256 0.021279 0.086432 0.079960 0.163307 0.084227 0.074218 0.093370 0.086949 0.102717 0.060768 0.033027 0.030846 0.041022 0.046075 0.044347 0.026344 0.022122 0.017967 0.021033 0.028863 0.022010 0.045105 0.103909
0.056848 1.193804 1.237307 0.182698 0.137674 0.043087 0.034468 0.032570 0.131555 0.130485 0.112206 0.051325 0.042763 0.029259 0.019385 0.092219 0.038216 0.046918 0.037441 0.059442 0.209188 0.235714 0.028241 0.032591 0.044871 0.133045 0.192463 0.311876 0.335261 0.104390 0.141209 0.132666 0.139608 0.132416 0.132662 0.028348 0.036078 0.023755 0.134670 0.143241 0.091821 0.115344 0.058379 0.087150 0.116692 0.101843 0.044166 0.039169 0.061195 0.044417 0.061577 0.035988 0.043831 0.031182 0.026512 0.024666 0.035698 0.046333 0.169266
0.039777 1.165187 1.239622 1.207189 1.191274 1.201071 0.126234 0.129908 1.219419 1.204250 0.057469 0.055226 0.019829 0.029538 0.027046 0.082131 0.085543 0.047307 0.058956 0.039740 0.103250 0.206119 0.119069 0.073447 0.043773 0.620493 0.601713 0.273010 0.326175 0.085780 0.111788 0.031307 0.047518 0.045439 0.046217 0.039696 1.044789 1.041930 0.043281 0.086286 1.163050 0.132093 0.094811 0.056528 0.078835 0.064905 0.045417 0.040649 0.076449 0.046560 0.069954 0.072244 0.048953 0.038231 0.030602 0.037788 0.030479 0.040597 0.170981
0.266332 1.126679 2.234354 1.187053 1.188746 1.198552 1.154976 1.168021 2.217310 2.207274 0.150377 0.068078 0.049965 0.049210 0.142868 0.142991 0.097198 0.040414 0.028480 0.045281 0.103859 1.436042 1.456846 0.515460 0.593931 0.670036 0.610056 0.036204 0.065110 0.086965 0.029441 0.018867 0.073658 0.064696 0.084181 1.011731 2.045808 1.039708 1.028279 1.054060 0.117343 0.155235 0.106381 0.088417 0.095883 0.028074 0.029366 0.463650 0.067825 0.071244 0.092770 0.057894 0.061576 0.056730 0.080925 0.034911 0.049914 0.022559 0.140751
1.067336 2.183954 1.282925 0.159846 0.117670 0.109212 1.120477 2.140130 1.039823 0.122013 0.040672 0.035846 0.056385 0.046837 1.212075 0.142409 0.153310 0.098597 0.030453 0.033228 0.063968 1.482412 1.493800 0.483318 0.017372 0.017372 0.590825 0.028628 0.021048 0.033730 0.018806 0.025551 0.081038 0.059709 1.140285 1.951527 2.050301 2.065373 1.018366 1.028468 0.048845 0.074656 0.072106 0.113824 0.048744 0.020177 0.673286 0.646601 1.724176 1.696211 0.538939 0.071582 0.096612 0.070108 1.116737 1.086264 0.122412 0.051025 0.073486
0.586467 1.066110 0.260454 0.067021 0.024941 0.042340 0.104917 0.102907 0.043691 0.045674 0.031472 0.048653 0.014396 0.051965 0.031167 0.086231 0.163976 0.516573 0.045055 0.035073 0.041566 0.440995 1.518980 1.492834 0.457953 0.473587 0.525952 0.170502 0.044077 0.028510 0.039985 0.018867 0.089680 0.927948 1.043897 1.938190 1.967749 0.935087 0.933019 0.082085 0.042490 0.036543 0.053307 0.078392 0.072066 0.021935 0.045061 0.617551 1.750637 1.755518 1.724604 0.548789 0.081376 0.068674 1.120750 1.079928 0.127962 0.038598 0.042338
1.056340 0.115313 0.139260 0.062203 0.031302 0.033166 0.055625 0.052934 0.033470 0.035394 0.035851 0.039879 0.041435 0.039436 0.028099 0.057122 0.141467 1.743152 0.740427 0.073828 0.023437 0.395570 0.414056 0.429734 0.440392 0.473815 0.494250 0.293691 0.523684 0.526714 0.092703 0.090840 0.037421 0.890078 0.857769 0.835783 0.139739 0.103485 0.047425 0.067531 0.036939 0.032231 0.035233 0.085420 0.039696 0.017372 0.037224 0.048596 0.593191 1.754508 1.722106 0.567800 0.053016 0.059837 0.087715 0.103658 0.130700 0.022428 -9999.000000
1.132587 0.089670 0.133548 0.124489 0.050285 0.046745 0.030876 0.026267 0.043877 0.033118 0.058739 0.059929 0.050104 0.049923 0.043250 0.035607 0.031056 0.761873 0.784606 0.102400 0.171846 0.294058 0.290604 0.305606 0.325003 0.396008 0.385975 0.025535 0.556891 0.526282 0.119971 0.114302 0.068603 0.093520 0.486228 0.252823 0.170792 0.050971 0.052612 0.064445 0.026172 0.052289 0.062787 0.060952 0.071988 0.017372 0.037928 0.060941 0.072539 0.636302 1.723089 1.720209 0.105699 0.019085 0.026313 0.022514 0.018439 -9999.000000 -9999.000000
2.290534 0.139352 0.196225 0.164793 0.032295 0.029487 0.032189 0.018028 0.028526 0.054130 0.157363 0.209210 0.180285 0.118821 0.086280 0.074614 0.020019 0.086865 0.813765 0.807326 1.820823 0.873132 0.903803 0.949952 1.011049 0.330511 0.359702 0.050324 0.106276 0.132338 0.097166 0.077773 0.067040 0.141657 0.454416 0.373415 0.199751 0.049819 0.047794 0.093507 0.125276 0.051607 0.023567 0.027366 0.019308 0.037971 0.021720 0.068199 0.063927 0.240380 0.631170 0.648744 0.030280 0.033119 0.018960 -9999.000000 -9999.000000 -9999.000000 -9999.000000
2.231898 0.144250 0.200497 0.108558 0.033607 0.032340 0.041588 0.021003 0.040229 0.057152 0.178595 0.249341 0.228842 0.691897 1.794795 0.732773 0.784715 1.906838 1.823035 1.840640 1.884012 1.891876 0.901676 0.894780 0.147674 0.274753 0.319092 0.118171 0.098849 0.096867 0.154971 0.089001 0.027868 0.286097 0.334648 0.644032 0.081528 0.024043 0.034457 0.023921 0.043732 0.071210 0.022942 0.023506 0.063354 0.231569 0.234966 0.129412 0.120116 0.444314 0.048364 0.058890 0.036980 0.034340 -9999.000000 -9999.000000 -9999.000000 -9999.000000 -9999.000000
0.135686 0.066553 0.123026 0.231012 0.235053 0.087990 0.038429 0.018028 0.020317 0.027428 0.047581 0.233859 0.253961 0.740144 1.809374 1.817445 2.857200 2.877842 2.787701 1.815092 0.026968 0.759590 0.785189 0.057076 0.071341 0.031416 0.091535 0.050103 0.047600 0.077652 0.111985 0.080931 0.044002 0.052179 0.052257 1.004019 0.179675 0.236227 0.129619 0.133622 0.042375 0.085409 0.108905 0.105104 0.091156 0.070252 0.037758 0.088575 0.114693 0.469693 0.073226 0.037607 0.014396 -9999.000000 -9999.000000 -9999.000000 -9999.000000 -9999.000000 -9999.000000
0.043136 0.040142 0.036643 0.232522 0.065239 0.090188 0.035526 0.027810 0.033134 0.031578 0.089971 0.091817 0.067721 0.041714 0.073553 1.838944 2.851448 3.873842 2.839833 0.694058 0.022826 0.371914 0.255048 0.068138 0.062517 0.061058 0.062502 0.047549 0.041893 0.047081 0.073756 0.093401 0.032361 0.047120 0.110676 1.132056 0.207233 0.206422 0.138508 0.150054 0.267291 0.099124 1.153422 1.154584 0.118964 0.113796 0.020987 0.043037 0.104542 0.108743 0.077712 0.057793 -9999.000000 -9999.000000 -9999.000000 -9999.000000 -9999.000000 -9999.000000 -9999.000000
0.035621 0.047402 0.038857 0.086878 0.076163 0.030326 0.036976 0.044105 0.038946 0.145475 0.145470 0.120477 0.090644 0.053125 0.027549 0.792209 1.809939 2.776607 1.794134 0.050731 0.019800 0.336210 0.059315 0.085275 0.056374 0.055415 0.071711 0.049843 0.069940 0.042199 0.047494 0.087700 0.027732 0.093072 0.146643 1.210154 0.204804 0.041210 0.055233 0.054556 0.114202 0.141111 1.157096 1.151847 0.109686 0.050757 0.024666 0.060376 0.107124 0.102898 0.059456 0.075770 -9999.000000 -9999.000000 -9999.000000 -9999.000000 -9999.000000 -9999.000000 -9999.000000
0.031121 0.039741 0.035286 0.071326 0.029732 0.033622 0.044365 0.159883 0.204758 0.174268 0.149669 0.119244 0.079100 0.340428 0.265621 0.155731 0.855689 1.925628 0.855042 0.042071 0.027596 0.467158 0.061821 0.076970 0.085141 0.084555 0.096501 0.078408 0.097642 0.033365 0.055580 0.047036 0.033333 0.117735 0.136535 0.972243 0.175651 0.047743 0.049883 0.027160 0.183208 0.169817 1.125471 1.121009 0.093392 0.068229 0.024879 0.070282 0.112604 0.096642 0.075555 0.033653 -9999.000000 -9999.000000 -9999.000000 -9999.000000 -9999.000000 -9999.000000 -9999.000000
0.025032 0.031744 0.036156 0.037300 0.027336 0.030189 0.043876 0.211057 0.276460 0.194766 0.148563 0.097823 0.059531 0.330464 0.896370 1.021286 1.957005 1.989140 0.059074 0.072537 0.040392 0.523776 0.403775 0.088916 0.074411 0.079362 0.051492 0.093649 0.060877 0.074944 0.031913 0.036354 0.028192 0.099187 0.083223 0.474904 0.301170 0.035843 0.036378 0.051781 0.181702 0.158998 0.043090 0.067802 0.045125 0.052013 0.035515 0.109734 0.062204 0.041008 0.022560 -9999.000000 -9999.000000 -9999.000000 -9999.000000 -9999.000000 -9999.000000 -9999.000000 -9999.000000
0.104103 0.048623 0.018593 0.049247 0.030298 0.031212 0.043574 0.078939 0.068205 0.116761 0.082849 0.718477 0.681139 0.482024 0.884547 0.957671 1.897045 1.905611 0.858425 0.099669 0.060734 0.051049 0.293025 0.070672 0.040566 0.045372 0.045772 0.042978 0.075341 0.024331 0.029564 0.024331 0.036033 0.113550 0.092033 0.336589 0.503071 0.042310 0.054270 0.090285 0.091511 0.052773 0.051043 0.034081 0.052773 0.022377 0.042108 0.081917 0.027534 0.019279 -9999.000000 -9999.000000 -9999.000000 -9999.000000 -9999.000000 -9999.000000 -9999.000000 -9999.000000 -9999.000000
0.098749 0.056557 0.023140 0.035910 0.036773 0.042625 0.040092 0.113193 0.093042 0.747012 1.825672 0.747761 0.672689 0.581166 0.297474 0.761404 0.702827 0.667632 0.646158 0.146487 0.059130 0.043330 0.056878 0.044868 0.037377 0.031639 0.028954 0.028627 0.121611 0.024331 0.029564 0.024331 0.030114 0.134458 0.112670 0.165065 0.715986 0.470917 0.043089 0.048210 0.071724 0.056101 0.041007 0.023075 0.041267 0.023765 0.038749 0.045282 0.026416 -9999.000000 -9999.000000 -9999.000000 -9999.000000 -9999.000000 -9999.000000 -9999.000000 -9999.000000 -9999.000000 -9999.000000
0.033988 0.043404 0.027230 0.038048 0.043251 0.066958 0.051232 0.096272 0.116553 0.702986 1.805706 0.791148 0.634794 0.575284 0.057872 0.114419 0.093558 0.154583 0.173713 0.213652 0.071313 0.056027 0.042565 0.041924 0.032554 0.018028 0.026674 0.043923 0.027694 0.472920 0.397620 0.276252 0.382872 0.211694 0.110706 0.080568 0.379289 0.550134 0.090439 0.062925 0.055999 0.079046 0.074473 0.092326 0.049340 0.043328 0.046623 0.023827 -9999.000000 -9999.000000 -9999.000000 -9999.000000 -9999.000000 -9999.000000 -9999.000000 -9999.000000 -9999.000000 -9999.000000 -9999.000000
0.031258 0.038536 0.073679 0.088823 1.258313 1.364063 0.244705 0.135314 0.122767 0.231283 0.849862 0.915891 0.099835 0.065934 0.069598 0.148727 0.127411 0.168303 0.156435 0.175673 0.076763 0.059650 0.044289 0.041008 0.029960 0.021003 0.029678 0.031467 0.569850 0.533105 0.031119 0.039085 0.030816 0.057999 0.035605 0.039061 0.066999 0.741625 0.068499 0.064300 0.051483 0.048436 0.087387 0.085834 0.045799 0.031380 0.036551 -9999.000000 -9999.000000 -9999.000000 -9999.000000 -9999.000000 -9999.000000 -9999.000000 -9999.000000 -9999.000000 -9999.000000 -9999.000000 -9999.000000
0.030158 0.042121 0.044618 0.083808 1.130984 1.362558 1.339301 0.197750 0.193003 0.332985 0.733078 0.761308 0.075282 0.059774 0.039911 0.195507 0.179860 0.109499 0.082925 0.215794 0.080707 0.096473 0.051889 0.067358 0.039559 0.018028 0.066399 0.614882 0.616264 0.046485 0.025322 0.030006 0.024498 0.037026 0.043922 0.055672 0.104482 0.917268 1.017731 0.036998 0.033685 0.063314 0.084987 0.070518 0.040783 0.047158 0.063990 0.039192 -9999.000000 -9999.000000 -9999.000000 -9999.000000 -9999.000000 -9999.000000 -9999.000000 -9999.000000 -9999.000000 -9999.000000 -9999.000000
0.047997 0.030418 0.054283 0.055809 0.049172 0.042534 0.068692 0.086174 0.179011 0.266939 0.179464 0.132495 0.084777 0.068956 0.084558 0.289008 0.280931 0.068340 0.093301 0.090399 0.070071 0.082357 0.063972 0.075173 0.047934 0.054223 0.056958 0.614811 0.609930 0.061210 0.029229 0.030586 0.024667 0.050850 0.054583 0.067879 0.109928 1.945405 1.029164 0.031494 0.040465 1.082166 1.078821 1.034312 0.097027 0.023094 0.068459 0.051658 -9999.000000 -9999.000000 -9999.000000 -9999.000000 -9999.000000 -9999.000000 -9999.000000 -9999.000000 -9999.000000 -9999.000000 -9999.000000
0.014396 0.032158 0.043223 0.059561 0.040916 0.043093 0.045649 0.159357 0.166547 0.285902 0.106148 0.124119 0.092081 0.118799 0.153801 0.154737 0.162317 0.074615 0.099713 0.085109 0.069570 0.082781 0.061989 0.039360 0.027535 0.027535 0.604153 0.582952 0.568075 0.059414 0.019706 0.058119 0.070503 0.057427 0.073845 0.068656 0.109742 1.942471 2.028986 0.029599 0.033697 1.077761 0.052173 1.032697 0.079063 0.043099 0.027458 0.026710 -9999.000000 -9999.000000 -9999.000000 -9999.000000 -9999.000000 -9999.000000 -9999.000000 -9999.000000 -9999.000000 -9999.000000 -9999.000000
0.027092 0.025490 0.041068 0.034860 0.026191 0.031977 0.047213 0.255095 0.234771 0.159463 0.132565 0.087977 0.067146 0.126825 0.156102 0.173240 0.157676 0.094648 0.074325 0.088546 0.075929 0.047513 0.042118 0.050224 0.038963 0.038963 0.080134 0.066997 0.060167 0.050272 0.459733 0.451695 0.057166 0.075782 0.018089 0.033349 0.032966 0.700169 1.961250 0.036026 0.041574 0.027931 0.020485 0.082222 0.037711 0.022591 0.022591 0.037101 -9999.000000 -9999.000000 -9999.000000 -9999.000000 -9999.000000 -9999.000000 -9999.000000 -9999.000000 -9999.000000 -9999.000000 -9999.000000
0.029305 0.038384 0.036843 0.033745 0.025856 0.043938 0.039681 0.316705 0.112619 0.085251 0.076386 0.129587 0.132973 0.029519 0.078219 0.090044 0.072683 0.079389 0.049362 0.084238 0.114028 0.037482 0.032966 0.027793 0.022591 0.022591 0.052256 0.033884 0.043721 0.052757 0.460527 0.468397 0.043403 0.021660 0.021660 0.027198 0.030098 0.158809 0.840060 0.198200 0.036132 0.032070 0.033149 0.046409 0.036949 0.022591 0.022591 0.031185 -9999.000000 -9999.000000 -9999.000000 -9999.000000 -9999.000000 -9999.000000 -9999.000000 -9999.000000 -9999.000000 -9999.000000 -9999.000000
0.042947 0.075922 0.093413 0.070552 0.111632 0.055138 0.069344 0.256308 0.239580 0.071556 0.023276 0.132897 0.089547 0.034845 0.046303 0.055922 0.050029 0.087970 0.038112 0.059248 0.081619 0.059017 0.032737 0.027793 0.022591 0.022591 0.040092 0.032354 0.041298 0.059562 0.428225 0.434354 0.030220 0.018089 0.040519 0.027549 0.031735 0.162781 0.336841 0.316750 0.113256 0.065727 0.078182 0.056220 0.062756 0.038170 0.029854 0.093576 0.050376 -9999.000000 -9999.000000 -9999.000000 -9999.000000 -9999.000000 -9999.000000 -9999.000000 -9999.000000 -9999.000000 -9999.000000
0.084726 0.073417 0.091482 0.068427 0.089990 0.085395 0.098744 0.393517 0.088470 0.139307 0.038542 0.176688 0.052009 0.042443 0.032400 0.030343 0.042685 0.090959 0.034640 0.023996 0.082570 1.104730 0.081810 0.061774 0.040976 0.048607 0.035897 0.017372 0.026222 0.038460 0.040748 0.349817 0.186362 0.096704 0.083957 0.540647 0.494874 0.371106 0.232599 0.195120 0.142006 0.132012 0.076416 0.063428 0.033333 0.030873 0.147706 0.100090 0.062009 -9999.000000 -9999.000000 -9999.000000 -9999.000000 -9999.000000 -9999.000000 -9999.000000 -9999.000000 -9999.000000 -9999.000000
