use_cases/Flooding_chicago/flooding_data/output/h_480.asc
ncols 337
nrows 393
xllcorner 428428.000000
yllcorner 4602440.000000
cellsize 26.757400
NODATA_value -9999.000000
[rows 54 to 80 of 393, columns 236 to 294 of 337]
0.037085 0.031349 0.031547 0.042533 0.047569 0.075459 -9999.000000 -9999.000000 -9999.000000 -9999.000000 -9999.000000 -9999.000000 -9999.000000 -9999.000000 -9999.000000 -9999.000000 -9999.000000 -9999.000000 -9999.000000 -9999.000000 -9999.000000 -9999.000000 -9999.000000 -9999.000000 -9999.000000 -9999.000000 -9999.000000 -9999.000000 -9999.000000 -9999.000000 -9999.000000 -9999.000000 -9999.000000 -9999.000000 -9999.000000 -9999.000000 -9999.000000 -9999.000000 -9999.000000 -9999.000000 0.022591 0.022591 0.045937 0.047385 0.053000 0.526098 0.523402 0.337220 0.252832 0.069476 0.055291 0.035546 0.034584 0.053404 0.213539 0.264779 0.019570 0.098397 0.066519
0.244781 0.028328 0.028542 0.056723 0.038230 0.088563 -9999.000000 -9999.000000 -9999.000000 -9999.000000 -9999.000000 -9999.000000 -9999.000000 -9999.000000 -9999.000000 -9999.000000 -9999.000000 -9999.000000 -9999.000000 -9999.000000 -9999.000000 -9999.000000 -9999.000000 -9999.000000 -9999.000000 -9999.000000 -9999.000000 -9999.000000 -9999.000000 -9999.000000 -9999.000000 -9999.000000 -9999.000000 -9999.000000 -9999.000000 -9999.000000 -9999.000000 -9999.000000 -9999.000000 -9999.000000 0.046029 0.052659 0.034400 0.036476 0.031988 0.023490 0.022301 0.317703 0.282492 0.064985 0.046898 0.034904 0.037361 0.048609 0.166632 0.192857 0.088597 1.012207 2.033002
0.239429 0.152919 0.074510 0.256689 0.228247 0.144193 0.062246 0.060132 0.029596 -9999.000000 -9999.000000 -9999.000000 -9999.000000 -9999.000000 -9999.000000 -9999.000000 -9999.000000 -9999.000000 -9999.000000 -9999.000000 -9999.000000 -9999.000000 -9999.000000 -9999.000000 -9999.000000 -9999.000000 -9999.000000 -9999.000000 -9999.000000 -9999.000000 -9999.000000 -9999.000000 -9999.000000 -9999.000000 -9999.000000 -9999.000000 -9999.000000 -9999.000000 -9999.000000 -9999.000000 0.039832 0.033484 0.045372 0.041390 0.061524 0.062047 0.083042 0.156478 0.541505 0.094451 0.031822 0.029672 0.014396 0.038034 0.122023 0.128581 0.227425 0.922604 2.006220
0.169606 0.147463 0.313871 0.315170 0.246546 0.127236 0.118774 0.061740 0.054252 -9999.000000 -9999.000000 -9999.000000 -9999.000000 -9999.000000 -9999.000000 -9999.000000 -9999.000000 -9999.000000 -9999.000000 -9999.000000 -9999.000000 -9999.000000 -9999.000000 -9999.000000 -9999.000000 -9999.000000 -9999.000000 -9999.000000 -9999.000000 -9999.000000 -9999.000000 -9999.000000 -9999.000000 -9999.000000 -9999.000000 -9999.000000 -9999.000000 -9999.000000 -9999.000000 0.014396 0.044242 0.041130 0.050225 0.158246 2.289097 1.271424 0.145137 0.295765 0.400769 0.104546 0.040657 0.036857 0.044838 0.030739 0.081150 0.072593 0.260143 0.864767 0.922978
0.145485 0.118921 0.342640 0.332908 0.208673 0.234568 0.402497 0.255799 0.259132 0.145356 0.067773 -9999.000000 -9999.000000 -9999.000000 -9999.000000 -9999.000000 -9999.000000 -9999.000000 -9999.000000 -9999.000000 -9999.000000 -9999.000000 -9999.000000 -9999.000000 -9999.000000 -9999.000000 -9999.000000 -9999.000000 -9999.000000 -9999.000000 -9999.000000 -9999.000000 -9999.000000 -9999.000000 -9999.000000 -9999.000000 -9999.000000 -9999.000000 -9999.000000 0.031716 0.046211 0.064460 0.110726 1.188754 3.313474 2.395861 0.351278 0.220462 0.268023 0.084912 0.092996 0.038009 0.023939 0.035652 0.455007 0.457463 0.347145 0.246113 0.228528
0.022050 0.055898 0.320840 0.347855 0.020943 0.146991 0.065882 0.138597 0.206652 0.128752 0.166119 0.020683 0.018875 0.024513 0.014396 -9999.000000 -9999.000000 -9999.000000 -9999.000000 -9999.000000 -9999.000000 -9999.000000 -9999.000000 -9999.000000 -9999.000000 -9999.000000 -9999.000000 -9999.000000 -9999.000000 -9999.000000 -9999.000000 -9999.000000 -9999.000000 -9999.000000 -9999.000000 -9999.000000 -9999.000000 -9999.000000 -9999.000000 0.018867 0.047051 0.059823 0.054661 2.400292 3.224421 2.399093 1.395253 1.333987 0.141151 0.140558 0.186334 0.353518 0.445490 0.471882 0.476825 1.481070 0.307332 0.158569 0.136627
0.033858 0.241897 0.271149 0.036952 0.022697 0.037911 0.036762 0.072320 0.106587 0.118765 0.205177 0.137340 0.039563 0.039803 0.042824 0.019309 0.014396 -9999.000000 -9999.000000 -9999.000000 -9999.000000 -9999.000000 -9999.000000 -9999.000000 -9999.000000 -9999.000000 -9999.000000 -9999.000000 -9999.000000 -9999.000000 -9999.000000 -9999.000000 -9999.000000 -9999.000000 -9999.000000 -9999.000000 -9999.000000 -9999.000000 0.014396 0.025612 0.020972 0.037834 0.053427 2.332535 2.284315 1.389852 1.382656 2.344626 0.211948 0.091610 0.092966 0.021979 0.466619 0.467154 0.482178 0.484873 0.126195 0.140535 1.274108
0.090389 0.150019 0.042986 0.033561 0.020180 0.027764 0.050757 0.091810 0.101252 1.546691 2.526907 2.550797 0.343807 0.059316 0.033974 0.042349 0.026055 0.014396 -9999.000000 -9999.000000 -9999.000000 -9999.000000 -9999.000000 -9999.000000 -9999.000000 -9999.000000 -9999.000000 -9999.000000 -9999.000000 -9999.000000 -9999.000000 -9999.000000 -9999.000000 -9999.000000 -9999.000000 -9999.000000 -9999.000000 0.028511 0.037438 0.069967 0.064506 0.066386 0.060767 0.099762 0.064373 0.308080 2.364163 2.349263 0.216397 0.054534 0.050293 0.039201 0.021109 0.029687 0.480040 0.487262 0.117715 0.193293 1.260952
0.103670 0.081459 0.038014 0.029001 0.017372 0.036674 0.048914 0.069501 0.419176 1.569557 1.657079 2.630121 0.363912 0.058655 0.025917 0.036982 0.232946 0.026055 0.014396 0.075494 0.020514 0.018536 -9999.000000 -9999.000000 -9999.000000 -9999.000000 -9999.000000 -9999.000000 -9999.000000 -9999.000000 -9999.000000 -9999.000000 -9999.000000 -9999.000000 -9999.000000 -9999.000000 -9999.000000 0.035760 0.037849 0.066750 0.060677 0.069512 0.079657 0.100049 0.066932 0.243605 2.334419 2.316819 0.267460 0.058600 0.050962 0.038932 0.035760 0.017372 0.117175 0.114591 0.173375 0.209168 0.061990
0.185275 0.069191 0.042305 0.040259 0.017372 0.019462 0.020912 0.032113 0.039207 0.071251 0.022118 0.046287 0.044088 0.049062 0.379949 1.433202 1.371978 0.097980 0.076531 0.102661 0.079398 0.023887 0.017967 0.030144 0.043282 0.034974 -9999.000000 -9999.000000 -9999.000000 -9999.000000 -9999.000000 -9999.000000 -9999.000000 -9999.000000 -9999.000000 -9999.000000 -9999.000000 0.040260 0.041038 0.071724 0.061241 0.066307 0.095512 0.140138 0.236866 1.181297 2.272419 0.284340 0.356817 0.294227 0.106411 0.030012 0.030519 0.017372 0.172603 0.056680 0.093972 0.109314 0.059737
0.049675 0.037360 0.028007 0.041115 0.029121 0.032132 0.036278 0.042804 0.032448 0.025733 0.023918 0.023919 0.026864 0.032816 0.299790 2.474546 1.369493 0.101064 0.076548 0.104882 0.078445 0.031932 0.021033 0.017967 0.053978 0.038749 0.026908 0.023765 0.022285 0.018379 0.022264 0.019950 0.231822 0.048759 0.036049 0.031333 0.032829 0.018272 0.053002 0.026329 0.057626 0.045254 0.129342 0.114676 0.101068 0.119637 0.135899 0.126764 0.149536 0.178564 0.169832 0.151872 0.168384 0.127905 0.166108 0.077385 0.111872 0.125520 0.077064
0.043617 0.033520 0.030006 0.028222 0.048836 0.047066 0.091774 0.843649 0.912066 0.050014 0.071778 0.077795 0.040128 0.020195 0.036697 0.043307 0.336040 0.085586 0.022591 0.022591 0.042168 0.075951 0.025658 0.024848 0.038033 0.040648 0.055068 0.680653 0.705567 0.710127 0.027030 0.108286 0.330059 0.041989 0.047676 0.040870 0.043387 0.021858 0.049675 0.054908 0.063316 0.220106 0.183983 0.131680 0.071968 0.096371 0.102430 0.094667 0.057381 0.105916 0.076785 0.083036 0.169062 0.108675 0.132264 0.072076 0.040454 0.057395 0.084005
0.053078 0.018440 0.023522 0.038643 0.047965 0.125609 0.125104 1.772625 1.863381 1.850178 1.797050 0.704095 0.052577 0.030586 0.027151 0.033470 0.060785 0.065346 0.022591 0.022591 0.052651 0.105629 0.070711 0.050045 0.052239 0.135218 0.640639 0.693577 0.704991 0.709312 0.019477 0.165490 0.119356 0.037728 0.037772 0.034736 0.042915 0.022317 0.048301 0.047417 0.061350 0.077218 0.070244 0.078713 0.053822 0.046067 0.123212 0.057106 0.029172 0.118978 0.066111 0.070219 0.039375 0.047264 0.035516 0.053246 0.027868 0.036293 0.041648
0.032599 0.056848 0.049704 0.097716 0.048974 0.069969 0.119280 0.649061 1.800254 1.806809 1.809150 0.071089 0.072704 0.034295 0.037438 0.021736 0.085014 0.065495 0.021781 0.043845 0.034159 0.066688 0.150178 0.163203 0.044335 0.030865 0.046372 0.689616 0.017372 0.017372 0.203456 0.190474 1.178456 0.125312 0.046225 0.049171 0.030951 0.021858 0.044013 0.036446 0.062081 0.039543 0.023615 0.130750 0.038478 0.049987 0.066562 0.086328 0.041682 0.047157 0.062691 0.033669 0.058301 0.038949 0.041861 0.039055 0.030464 0.020134 0.034081
0.031335 0.051155 0.047830 0.106589 0.105065 0.121693 0.087976 0.158335 0.209382 0.137595 0.040121 0.069637 0.098817 0.033302 0.027611 0.062447 0.029203 0.146066 0.117476 0.083328 0.158856 0.114519 0.126782 0.137647 0.017967 0.040108 0.071697 0.048291 0.212373 0.217945 0.203103 0.185411 0.179690 0.014396 0.132287 0.046515 0.043976 0.018272 0.030282 0.057091 0.044633 0.107692 0.077042 0.032707 0.030098 0.043617 0.053052 0.059152 0.074094 0.023567 0.022942 0.258360 0.045388 0.037682 0.026360 0.027733 0.017372 0.017372 0.020180
0.055733 0.033074 0.018257 0.022561 0.035836 0.049950 0.051476 0.110297 0.183049 0.018930 0.024453 0.033746 0.036261 0.034218 0.052620 0.039176 0.044958 0.126191 0.143902 0.102807 0.135749 0.327358 0.334620 0.307890 0.021033 0.017967 0.028892 0.047070 0.197683 0.221872 0.197972 0.170323 0.146593 0.102288 0.103900 0.073409 0.030906 0.020470 0.034172 0.049762 1.288694 1.295413 0.207417 0.038353 0.036504 0.014396 0.074995 0.078153 0.085128 0.027366 0.023506 0.237354 0.147934 0.029747 0.032097 0.032417 0.020134 0.046265 0.031425
0.059852 0.038490 0.040428 0.024589 0.040716 0.049064 0.046198 0.053324 0.309939 0.404579 0.420972 0.036202 0.042824 0.029518 0.081952 0.052518 0.085367 0.108852 0.122711 0.096606 0.118655 0.296968 0.265037 0.898584 0.033909 0.026680 0.030112 0.023523 0.042503 0.161590 0.166092 0.121718 0.086786 0.092118 0.387343 0.061597 0.032982 0.039289 0.089018 0.201419 2.294696 2.309849 1.312825 0.032799 0.030342 0.044437 0.055307 0.069326 0.076698 0.019308 0.142852 0.178477 0.118212 0.039315 0.040519 0.020368 0.046440 0.037056 0.127495
0.075691 0.036446 0.039546 0.031715 0.026127 0.033042 0.046318 0.040583 0.041755 0.404630 0.444857 0.034354 0.034928 0.043739 0.055415 1.065854 1.047760 0.084178 0.117402 0.089490 0.058767 0.039195 0.195900 1.000654 1.045066 0.131307 0.037280 0.018445 0.056069 0.038306 0.101594 0.096608 0.368434 1.531697 2.500445 0.364970 0.069603 0.042993 0.078457 0.179349 1.283618 2.304185 1.280774 0.051354 0.042157 0.071414 0.126864 0.039545 0.045927 0.716018 0.056478 0.634905 0.058218 0.038052 0.033181 0.021171 0.065087 0.076699 0.122581
0.800633 0.107405 0.066459 0.035774 0.017372 0.026435 0.030007 0.044425 0.053126 0.406897 0.447729 0.030648 0.027001 0.098416 0.877105 2.101719 2.093550 0.056543 0.035116 0.027891 0.033669 0.044916 0.044689 1.035552 2.238071 2.258518 1.033298 0.059774 0.020378 0.031823 0.065966 0.311424 2.509770 2.547189 2.505965 0.068720 0.062904 0.049095 0.021083 0.034430 0.241981 1.357536 2.319348 0.387852 0.180702 0.265721 0.116635 0.238496 0.024944 1.680532 1.663112 1.660492 0.496870 0.110506 0.063874 0.042504 0.076637 0.093116 0.062975
0.115745 0.063531 0.064139 0.039818 0.017372 0.032250 0.032158 0.037148 0.058614 0.404543 0.442468 0.020225 0.035262 0.144729 0.911585 1.965895 2.016672 0.827838 0.040818 0.019308 0.059837 0.034201 0.041193 1.043254 2.249869 2.245176 1.050194 0.028254 0.017967 0.032539 0.061657 0.055626 0.265669 1.258440 0.257711 0.040478 0.032006 0.032677 0.020134 0.030297 0.035181 1.252819 3.381788 0.457177 0.237115 0.321875 0.426660 0.224600 0.405474 0.485961 1.593679 0.423989 0.050135 0.053048 0.073616 0.029046 0.145796 0.078729 0.045890
0.041863 0.057824 0.042483 0.051704 0.021813 0.028389 0.050117 0.121387 0.083030 0.388019 0.378421 0.256624 0.447128 0.307400 0.203987 0.307899 0.840419 0.835962 0.049506 0.027366 0.023506 0.031761 0.022957 0.042095 0.200799 1.272734 0.061428 0.039340 0.021033 0.017967 0.020378 0.044458 0.049049 0.052573 0.057845 0.033760 0.026131 0.017372 0.017372 0.020180 0.021110 0.288877 2.162769 0.415487 0.229468 0.230724 0.041649 0.045769 0.031731 0.034568 0.100725 0.040183 0.027153 0.032737 0.026665 0.037300 0.128086 0.112847 0.042993
0.020134 0.039574 0.032418 0.020668 0.033257 0.033333 0.038140 0.148354 0.497322 0.425797 0.376363 0.287089 0.148798 0.301779 0.279305 0.197917 0.211271 0.128268 0.029915 0.023567 0.022942 0.035590 0.060479 0.040062 0.157307 0.159709 0.138699 0.032766 0.030326 0.029426 0.193282 0.021539 0.027443 0.014396 0.053417 0.023857 0.028283 0.044563 0.029976 0.038627 0.038215 0.373653 0.449065 0.136891 0.260698 0.044563 0.041756 0.047967 0.029914 0.037789 0.039269 0.041451 0.017372 0.017372 0.032554 0.062316 0.107537 0.159363 0.112790
0.017372 0.017372 0.029487 0.031150 0.047081 0.041985 0.099511 0.254295 0.144949 0.087484 1.303218 0.253003 0.132240 0.322833 0.335588 1.361252 0.212300 0.019309 0.037086 0.030555 0.034385 0.447283 0.033029 0.028725 0.231113 0.235902 1.221612 0.150486 0.032878 0.028345 1.254859 0.144483 0.028663 0.044258 0.052902 0.058648 0.051672 0.028113 0.055839 0.041451 0.078547 0.493633 0.055981 0.032327 0.402064 0.067812 0.045300 0.030343 0.022377 0.021751 0.018242 0.041481 0.038551 0.035469 0.027306 0.050774 0.112593 1.705161 2.772838
0.024986 0.024986 0.041558 0.040779 0.083077 0.193746 0.150475 0.338157 0.033272 0.085330 0.192073 0.170952 0.478477 1.277932 1.398835 1.401621 0.035061 0.025705 0.080178 0.095680 0.481397 0.474672 0.446737 0.403616 0.328649 0.297146 1.239452 1.216805 1.289227 1.270991 1.247351 1.191742 0.254361 0.063246 0.125437 0.115758 0.043069 0.023475 0.049294 0.073294 0.104004 0.508189 0.083681 0.061981 0.396815 0.078863 0.036264 0.039848 0.021751 0.054924 0.056236 0.109443 0.088981 0.074608 0.023430 0.033859 0.069197 2.816536 2.837485
0.028633 0.044863 0.041481 0.048896 0.020043 0.034337 0.119835 0.114413 0.043419 0.082664 0.044869 0.051916 0.047242 0.269288 1.380828 1.388543 0.052128 0.027748 0.066901 0.108147 0.075280 0.457213 0.424978 0.390119 0.343547 0.304908 1.218570 1.218700 2.264637 1.249840 0.194085 1.175666 0.291470 0.327711 0.105797 0.115284 0.036949 0.018685 0.032278 0.061867 0.126688 0.118208 0.059781 0.108976 0.115133 0.063643 0.052014 0.031443 0.018242 0.047844 0.055886 0.075367 0.143210 0.103355 0.051750 0.048012 0.664463 1.771182 1.802488
0.059747 0.066948 0.046141 0.055749 0.030330 0.030144 0.053611 0.061898 0.064230 0.064828 0.047371 0.034049 0.044197 0.219520 1.356105 1.333781 0.075641 0.022423 0.043388 0.041772 0.082543 0.364501 0.031914 0.251431 0.227371 0.212472 0.037498 1.194573 1.179126 0.038721 0.030465 0.036827 0.310272 0.385869 0.089163 0.108604 0.026954 0.028800 0.042091 0.056832 0.060713 0.071990 0.044439 0.072638 0.102876 0.081087 0.081464 0.119749 0.038765 0.043814 0.023400 0.054375 0.101951 0.310983 0.230605 0.311638 0.545116 0.561095 0.049519
0.367431 0.367953 0.096290 0.090470 0.030754 0.049126 0.020776 0.053092 0.052833 0.060173 0.029029 0.028419 0.039514 0.049111 0.063625 0.255033 0.073995 0.022651 0.033623 0.042137 0.074914 0.082466 0.040016 0.031381 0.051901 0.047477 0.056481 0.062704 0.051124 0.019890 0.039438 0.042077 0.072128 0.083586 0.103036 0.104724 0.029396 0.027565 0.037245 0.147901 0.024487 0.030025 0.048866 0.063708 0.077717 0.061318 0.102330 0.118695 0.027611 0.028711 0.043891 0.037636 0.083946 0.058537 0.220526 0.123050 0.087096 0.082119 0.043999
