use_cases/Flooding_chicago/flooding_data/output/h_480.asc
ncols 337
nrows 393
xllcorner 428428.000000
yllcorner 4602440.000000
cellsize 26.757400
NODATA_value -9999.000000
[rows 297 to 323 of 393, columns 59 to 117 of 337]
0.082170 0.087814 0.114812 0.580847 0.632239 1.608418 0.092090 0.147655 0.116228 0.079292 0.103183 0.075764 1.267926 0.213663 0.225498 0.227197 0.251374 0.254733 0.219614 0.032509 0.022055 0.023659 0.051566 0.034691 0.056755 0.061487 0.422380 0.437674 0.239379 0.657879 0.679589 0.102331 0.105681 0.062181 0.478043 0.482543 0.041498 0.053979 0.039231 0.032296 0.042545 0.040255 0.100548 0.066401 0.078514 0.221252 0.264599 0.251317 0.187673 0.107978 0.613597 0.636046 0.654976 0.710017 0.654845 0.079319 0.046440 0.078972 0.025536
0.637998 0.680449 1.703188 1.697466 1.689248 0.644912 0.615434 0.121053 0.111233 0.080290 0.107127 0.097141 0.061570 0.051258 0.039467 0.022623 0.253776 0.252391 0.024894 0.048073 0.018166 0.035423 0.039955 0.308522 0.033608 0.037848 0.030558 0.042820 0.145242 0.650958 0.723871 0.077570 0.068579 0.435940 0.466941 0.467365 0.049585 0.076901 0.060295 0.045449 0.059689 0.057000 0.034905 0.059000 0.058449 0.219019 1.332169 0.284500 0.025918 0.031212 0.085580 0.076490 0.075073 0.793274 0.107866 0.036781 0.061458 0.067660 0.047777
0.101768 0.679625 1.710705 1.728718 1.685786 0.573758 0.054551 0.039065 0.047539 0.036964 0.045449 0.045608 0.040108 0.028354 0.046591 0.217279 0.256844 0.257817 0.266792 0.040534 0.041405 0.064139 0.236507 0.293444 0.292409 0.024331 0.024331 0.035804 0.032953 0.651371 0.664721 0.017372 0.050908 0.369331 1.488864 0.491869 0.465822 0.068047 0.033318 0.056725 0.067940 0.017372 0.041459 0.048882 0.046303 0.235482 1.334842 0.296914 0.030603 0.052697 0.050157 0.039361 0.129801 0.778941 0.190940 0.043359 0.063514 0.052221 0.154092
0.037199 0.075417 0.050215 0.046186 0.051153 0.065395 0.043253 0.030813 0.046464 0.060630 0.064050 0.063915 0.014396 0.032234 0.058722 0.040657 0.246505 0.243895 0.262530 0.040259 0.039360 0.072036 0.276114 0.290633 0.290219 0.029564 0.029564 0.047423 0.044532 0.629577 0.638615 0.017372 0.033452 0.371424 1.497469 0.485578 0.467652 0.037414 0.030665 0.045983 0.061631 0.017372 0.040382 0.046334 1.304090 1.300924 1.317210 0.267442 0.310768 0.059581 0.071358 0.064110 0.038231 0.285808 0.277150 0.036948 0.017372 0.044418 0.135238
0.051845 0.031372 0.050424 0.047889 0.044483 0.026116 0.030541 0.036155 0.014396 0.065039 0.061196 0.049874 0.042413 0.028970 0.059929 0.035957 0.219072 0.206913 0.029743 0.047447 0.041039 0.090843 0.047294 0.218095 0.204302 0.024331 0.024331 0.044762 0.045098 0.061406 0.589320 0.503996 0.493542 0.466637 0.481932 0.451412 0.050354 0.056527 0.091275 0.105784 0.035866 0.038629 0.029701 0.047496 1.251848 1.249818 0.214791 0.035474 0.060173 0.082392 0.084267 0.075498 0.047250 0.375687 0.355874 0.028236 0.017372 0.031900 0.138038
0.053092 0.031788 0.091317 0.895530 0.086311 0.039169 0.030735 0.029076 0.040001 0.044610 0.036812 0.076208 0.053832 0.045201 0.036491 0.090522 0.767621 0.116880 0.029680 0.046699 0.046380 0.029105 0.046440 0.107339 0.567190 0.034065 0.041125 0.031273 0.043892 0.027702 0.033210 1.496557 1.498346 1.488756 0.482812 0.432094 0.066615 0.051690 0.073320 0.068734 0.055231 0.050789 0.063209 0.051370 0.092157 0.075605 0.033851 0.018943 0.047432 0.036712 0.025475 0.019204 0.031334 0.404761 0.434101 0.468706 0.043290 0.223221 0.163982
0.042489 0.039418 0.860023 0.870257 0.097270 0.116054 0.040848 0.049147 0.035038 0.047448 0.037331 0.118695 0.109732 0.124728 0.126731 0.839654 1.880154 0.807217 0.057281 0.030786 0.035454 0.026576 0.033445 0.502414 0.542027 0.029979 0.032521 0.110879 0.112322 0.019310 0.043251 1.486743 1.485505 1.476255 1.471480 0.378636 0.085346 0.043801 0.049692 0.377012 0.343635 0.295145 0.037782 0.020423 0.031547 0.036156 0.038078 0.025321 0.061955 0.035701 0.076821 0.048538 0.503656 0.426739 0.415439 0.445791 0.067659 0.073574 0.058865
0.027704 0.080112 0.885724 0.913244 0.106278 0.158542 0.145414 0.047514 0.050536 0.093891 0.119911 1.156873 1.156431 0.155904 0.109212 0.875960 0.873681 0.848321 0.034574 0.041373 0.038187 0.068084 0.053959 0.474263 0.471251 0.265314 1.047521 2.178282 2.169286 0.081226 0.021949 0.057043 0.040855 0.317856 0.312586 0.074148 0.116891 0.040856 0.043879 0.377552 0.374293 0.348645 0.291583 0.033202 0.029306 0.017372 0.017372 0.086597 0.060479 0.571278 0.589135 0.565862 0.540601 0.041571 0.047097 0.064464 0.107343 0.117931 0.024925
0.043144 0.085838 0.884065 0.920492 0.114164 0.176433 0.217528 0.254173 0.133336 0.096612 0.140464 1.168978 0.122125 0.027368 0.014396 0.034813 0.026083 0.031166 0.108241 0.108689 0.055893 0.545145 0.569770 0.498106 0.489027 0.970874 2.105385 2.168537 1.128977 1.141750 0.038696 0.028587 0.028587 0.037346 0.085724 0.120827 0.142933 0.041228 0.045388 0.332785 0.361864 0.311604 0.285236 0.202191 0.035499 0.025703 0.025703 0.081791 0.059243 0.076331 0.626683 0.041782 0.056039 0.073477 0.018501 0.023750 0.138079 0.140254 0.025841
0.088404 0.062412 0.901911 0.900208 0.102497 0.158134 0.173668 0.035535 0.034219 0.066659 0.089878 0.109554 0.020449 0.031528 0.037847 0.033774 0.025825 0.037849 0.104521 0.109344 0.599916 0.584855 0.580039 0.029671 0.028725 0.164543 2.054745 1.139591 0.210239 0.165046 0.041786 0.024331 0.024331 0.031487 0.022866 0.126006 0.166666 0.045038 0.059655 0.042258 0.032028 0.248185 1.263893 1.274534 0.178991 0.156882 0.046214 0.067498 0.062202 0.046637 0.046311 0.017967 0.026115 0.087412 0.121330 0.031363 0.034461 0.037025 0.048866
0.094994 0.880784 0.888775 0.888328 0.069381 0.092484 0.024228 0.045902 0.020617 0.101596 0.117504 0.054247 0.048588 0.048474 0.034493 0.129273 0.029579 0.032677 0.114164 0.110668 0.081502 0.077397 0.077432 0.027068 0.024253 0.040536 0.148840 0.175932 0.220787 0.176489 0.044732 0.029564 0.029564 0.030922 0.108345 0.136014 0.147669 0.047420 0.071861 0.018960 0.045851 0.196940 1.272806 0.235592 0.173913 0.158578 0.038277 0.048194 0.047450 0.045540 0.017967 0.021033 0.026955 0.064811 0.088561 0.026146 0.031563 0.027309 -9999.000000
0.079842 0.884946 0.888431 0.890235 0.037866 0.250013 0.037924 0.029262 0.029922 0.088729 0.099467 0.053681 0.046679 0.037710 0.337689 0.076658 0.079124 0.024254 0.109203 0.107778 0.103773 0.108903 0.029331 0.040198 0.026741 0.073626 0.059085 0.048369 0.253788 0.203263 0.045892 0.024331 0.024331 0.037270 0.079512 0.101643 0.092321 0.031503 0.019085 0.026313 0.022514 0.018439 0.020531 0.108766 -9999.000000 -9999.000000 -9999.000000 -9999.000000 -9999.000000 -9999.000000 -9999.000000 -9999.000000 -9999.000000 -9999.000000 -9999.000000 -9999.000000 -9999.000000 -9999.000000 -9999.000000
0.085116 0.871191 0.899418 0.905584 0.032265 0.189523 0.115646 0.030355 0.028075 0.247650 0.273811 0.030619 0.318455 0.326589 0.364095 0.049504 0.068582 0.018883 0.079476 0.081344 0.096966 0.112673 0.036249 0.038018 0.106121 0.092728 0.085118 0.085671 0.068044 0.066540 0.014396 0.042040 0.031624 -9999.000000 -9999.000000 -9999.000000 -9999.000000 -9999.000000 -9999.000000 -9999.000000 -9999.000000 -9999.000000 -9999.000000 -9999.000000 -9999.000000 -9999.000000 -9999.000000 -9999.000000 -9999.000000 -9999.000000 -9999.000000 -9999.000000 -9999.000000 -9999.000000 -9999.000000 -9999.000000 -9999.000000 -9999.000000 -9999.000000
0.040032 0.038352 0.038719 0.028802 0.047661 0.882874 0.889142 0.910214 0.914233 0.243433 0.302596 0.020509 0.370927 0.371865 1.406865 1.398407 0.344450 0.020683 0.566931 0.568942 0.064354 0.107662 0.040657 0.041054 1.121714 1.120110 0.095614 0.084501 0.089554 0.091275 0.019309 0.073723 0.044015 -9999.000000 -9999.000000 -9999.000000 -9999.000000 -9999.000000 -9999.000000 -9999.000000 -9999.000000 -9999.000000 -9999.000000 -9999.000000 -9999.000000 -9999.000000 -9999.000000 -9999.000000 -9999.000000 -9999.000000 -9999.000000 -9999.000000 -9999.000000 -9999.000000 -9999.000000 -9999.000000 -9999.000000 -9999.000000 -9999.000000
0.037224 0.040306 0.051094 0.017372 0.025703 1.930061 0.926680 0.904369 0.881994 0.264946 0.356334 0.215390 0.322177 0.355972 1.412728 1.398894 1.383368 0.440102 0.544449 0.545079 0.530257 0.086218 0.048594 0.048210 1.119640 1.119126 0.089648 0.024284 0.023399 0.093783 0.082043 0.068032 -9999.000000 -9999.000000 -9999.000000 -9999.000000 -9999.000000 -9999.000000 -9999.000000 -9999.000000 -9999.000000 -9999.000000 -9999.000000 -9999.000000 -9999.000000 -9999.000000 -9999.000000 -9999.000000 -9999.000000 -9999.000000 -9999.000000 -9999.000000 -9999.000000 -9999.000000 -9999.000000 -9999.000000 -9999.000000 -9999.000000 -9999.000000
0.054422 0.056525 0.031914 0.017372 0.025703 1.943991 0.918195 0.053681 0.117299 0.093810 0.147763 0.244036 0.312098 0.342817 0.367716 0.393376 1.389900 0.387845 0.091023 0.071525 0.081778 0.041773 0.068823 0.050251 0.105771 0.101923 0.019309 0.014396 0.024284 0.082634 0.093103 0.054623 -9999.000000 -9999.000000 -9999.000000 -9999.000000 -9999.000000 -9999.000000 -9999.000000 -9999.000000 -9999.000000 -9999.000000 -9999.000000 -9999.000000 -9999.000000 -9999.000000 -9999.000000 -9999.000000 -9999.000000 -9999.000000 -9999.000000 -9999.000000 -9999.000000 -9999.000000 -9999.000000 -9999.000000 -9999.000000 -9999.000000 -9999.000000
0.195471 0.195365 0.030891 0.026679 0.934198 1.944575 0.920901 0.930698 0.057613 0.140317 0.182693 0.254848 0.309847 0.337563 0.351585 0.341658 0.350161 0.081479 0.177797 0.025948 0.050560 0.033194 0.044533 0.029137 0.039774 0.112670 0.146840 0.020409 0.082227 0.073623 0.054818 -9999.000000 -9999.000000 -9999.000000 -9999.000000 -9999.000000 -9999.000000 -9999.000000 -9999.000000 -9999.000000 -9999.000000 -9999.000000 -9999.000000 -9999.000000 -9999.000000 -9999.000000 -9999.000000 -9999.000000 -9999.000000 -9999.000000 -9999.000000 -9999.000000 -9999.000000 -9999.000000 -9999.000000 -9999.000000 -9999.000000 -9999.000000 -9999.000000
0.236190 0.238913 0.231620 0.035191 1.917196 0.916126 0.032797 0.885408 0.267457 0.146208 0.143236 0.038475 0.030174 0.035683 0.027503 0.064782 0.088705 0.014396 0.295202 0.293193 0.066205 0.048362 0.070823 0.021858 0.028556 0.098563 0.119551 0.068254 0.058656 0.044247 -9999.000000 -9999.000000 -9999.000000 -9999.000000 -9999.000000 -9999.000000 -9999.000000 -9999.000000 -9999.000000 -9999.000000 -9999.000000 -9999.000000 -9999.000000 -9999.000000 -9999.000000 -9999.000000 -9999.000000 -9999.000000 -9999.000000 -9999.000000 -9999.000000 -9999.000000 -9999.000000 -9999.000000 -9999.000000 -9999.000000 -9999.000000 -9999.000000 -9999.000000
0.198318 0.230229 0.277574 0.046437 0.902558 0.053130 0.041403 0.131726 0.085209 0.190627 0.159088 0.058624 0.042123 0.046761 0.033806 0.021157 0.148590 0.153576 0.025888 0.338794 0.075754 0.049614 0.029412 0.017372 0.032921 0.085334 0.089868 0.104167 -9999.000000 -9999.000000 -9999.000000 -9999.000000 -9999.000000 -9999.000000 -9999.000000 -9999.000000 -9999.000000 -9999.000000 -9999.000000 -9999.000000 -9999.000000 -9999.000000 -9999.000000 -9999.000000 -9999.000000 -9999.000000 -9999.000000 -9999.000000 -9999.000000 -9999.000000 -9999.000000 -9999.000000 -9999.000000 -9999.000000 -9999.000000 -9999.000000 -9999.000000 -9999.000000 -9999.000000
0.131902 0.171364 0.049523 0.091883 0.070271 0.106091 0.037186 0.038044 0.033133 0.206838 0.171013 0.051962 0.040978 0.041070 0.200044 0.194025 1.178695 0.119043 0.053587 0.034034 0.056130 0.070092 0.032799 0.017372 0.029610 0.022500 0.046860 0.074773 -9999.000000 -9999.000000 -9999.000000 -9999.000000 -9999.000000 -9999.000000 -9999.000000 -9999.000000 -9999.000000 -9999.000000 -9999.000000 -9999.000000 -9999.000000 -9999.000000 -9999.000000 -9999.000000 -9999.000000 -9999.000000 -9999.000000 -9999.000000 -9999.000000 -9999.000000 -9999.000000 -9999.000000 -9999.000000 -9999.000000 -9999.000000 -9999.000000 -9999.000000 -9999.000000 -9999.000000
0.081251 0.114587 0.052063 0.094541 0.113112 0.143485 0.064178 0.023781 0.025352 0.085974 0.039056 0.025597 0.028404 0.044533 0.178277 0.185804 1.179354 0.025337 0.026297 0.036004 0.018379 0.022300 0.024680 -9999.000000 -9999.000000 -9999.000000 -9999.000000 -9999.000000 -9999.000000 -9999.000000 -9999.000000 -9999.000000 -9999.000000 -9999.000000 -9999.000000 -9999.000000 -9999.000000 -9999.000000 -9999.000000 -9999.000000 -9999.000000 -9999.000000 -9999.000000 -9999.000000 -9999.000000 -9999.000000 -9999.000000 -9999.000000 -9999.000000 -9999.000000 -9999.000000 -9999.000000 -9999.000000 -9999.000000 -9999.000000 -9999.000000 -9999.000000 -9999.000000 -9999.000000
1.278353 0.247681 0.225886 0.107486 0.123957 0.159651 0.101688 0.026009 0.034905 0.046161 0.064498 0.017372 0.025703 0.048240 0.029343 0.116217 0.110993 0.014396 -9999.000000 -9999.000000 -9999.000000 -9999.000000 -9999.000000 -9999.000000 -9999.000000 -9999.000000 -9999.000000 -9999.000000 -9999.000000 -9999.000000 -9999.000000 -9999.000000 -9999.000000 -9999.000000 -9999.000000 -9999.000000 -9999.000000 -9999.000000 -9999.000000 -9999.000000 -9999.000000 -9999.000000 -9999.000000 -9999.000000 -9999.000000 -9999.000000 -9999.000000 -9999.000000 -9999.000000 -9999.000000 -9999.000000 -9999.000000 -9999.000000 -9999.000000 -9999.000000 -9999.000000 -9999.000000 -9999.000000 -9999.000000
2.285245 1.261054 1.281835 1.274876 0.045123 0.084267 0.148908 0.255339 0.237328 0.048547 0.020134 0.017372 0.025703 0.033759 0.043115 -9999.000000 -9999.000000 -9999.000000 -9999.000000 -9999.000000 -9999.000000 -9999.000000 -9999.000000 -9999.000000 -9999.000000 -9999.000000 -9999.000000 -9999.000000 -9999.000000 -9999.000000 -9999.000000 -9999.000000 -9999.000000 -9999.000000 -9999.000000 -9999.000000 -9999.000000 -9999.000000 -9999.000000 -9999.000000 -9999.000000 -9999.000000 -9999.000000 -9999.000000 -9999.000000 -9999.000000 -9999.000000 -9999.000000 -9999.000000 -9999.000000 -9999.000000 -9999.000000 -9999.000000 -9999.000000 -9999.000000 -9999.000000 -9999.000000 -9999.000000 -9999.000000
0.189833 1.248667 1.250678 1.265432 0.044542 0.042575 0.020180 0.054375 0.053063 0.070613 0.079700 0.027687 0.030113 -9999.000000 -9999.000000 -9999.000000 -9999.000000 -9999.000000 -9999.000000 -9999.000000 -9999.000000 -9999.000000 -9999.000000 -9999.000000 -9999.000000 -9999.000000 -9999.000000 -9999.000000 -9999.000000 -9999.000000 -9999.000000 -9999.000000 -9999.000000 -9999.000000 -9999.000000 -9999.000000 -9999.000000 -9999.000000 -9999.000000 -9999.000000 -9999.000000 -9999.000000 -9999.000000 -9999.000000 -9999.000000 -9999.000000 -9999.000000 -9999.000000 -9999.000000 -9999.000000 -9999.000000 -9999.000000 -9999.000000 -9999.000000 -9999.000000 -9999.000000 -9999.000000 -9999.000000 -9999.000000
0.049266 0.077104 0.228103 0.048891 0.051186 0.030633 0.017372 0.033210 0.020881 0.067635 0.048333 -9999.000000 -9999.000000 -9999.000000 -9999.000000 -9999.000000 -9999.000000 -9999.000000 -9999.000000 -9999.000000 -9999.000000 -9999.000000 -9999.000000 -9999.000000 -9999.000000 -9999.000000 -9999.000000 -9999.000000 -9999.000000 -9999.000000 -9999.000000 -9999.000000 -9999.000000 -9999.000000 -9999.000000 -9999.000000 -9999.000000 -9999.000000 -9999.000000 -9999.000000 -9999.000000 -9999.000000 -9999.000000 -9999.000000 -9999.000000 -9999.000000 -9999.000000 -9999.000000 -9999.000000 -9999.000000 -9999.000000 -9999.000000 -9999.000000 -9999.000000 -9999.000000 -9999.000000 -9999.000000 -9999.000000 -9999.000000
0.067061 0.074632 0.090934 0.054385 0.024376 0.046302 0.017372 0.027138 0.060417 0.048556 -9999.000000 -9999.000000 -9999.000000 -9999.000000 -9999.000000 -9999.000000 -9999.000000 -9999.000000 -9999.000000 -9999.000000 -9999.000000 -9999.000000 -9999.000000 -9999.000000 -9999.000000 -9999.000000 -9999.000000 -9999.000000 -9999.000000 -9999.000000 -9999.000000 -9999.000000 -9999.000000 -9999.000000 -9999.000000 -9999.000000 -9999.000000 -9999.000000 -9999.000000 -9999.000000 -9999.000000 -9999.000000 -9999.000000 -9999.000000 -9999.000000 -9999.000000 -9999.000000 -9999.000000 -9999.000000 -9999.000000 -9999.000000 -9999.000000 -9999.000000 -9999.000000 -9999.000000 -9999.000000 -9999.000000 -9999.000000 -9999.000000
0.103529 0.039641 0.087888 0.108806 0.055505 0.037850 0.038736 0.056740 0.039833 -9999.000000 -9999.000000 -9999.000000 -9999.000000 -9999.000000 -9999.000000 -9999.000000 -9999.000000 -9999.000000 -9999.000000 -9999.000000 -9999.000000 -9999.000000 -9999.000000 -9999.000000 -9999.000000 -9999.000000 -9999.000000 -9999.000000 -9999.000000 -9999.000000 -9999.000000 -9999.000000 -9999.000000 -9999.000000 -9999.000000 -9999.000000 -9999.000000 -9999.000000 -9999.000000 -9999.000000 -9999.000000 -9999.000000 -9999.000000 -9999.000000 -9999.000000 -9999.000000 -9999.000000 -9999.000000 -9999.000000 -9999.000000 -9999.000000 -9999.000000 -9999.000000 -9999.000000 -9999.000000 -9999.000000 -9999.000000 -9999.000000 -9999.000000
