use_cases/Flooding_chicago/flooding_data/output/h_480.asc
ncols 337
nrows 393
xllcorner 428428.000000
yllcorner 4602440.000000
cellsize 26.757400
NODATA_value -9999.000000
[rows 162 to 188 of 393, columns 236 to 294 of 337]
0.704478 0.720268 0.725404 0.697484 0.655297 0.033500 0.047294 0.021340 0.069987 0.644693 1.928131 0.770724 0.891928 0.801711 0.172647 0.086191 0.024739 0.023612 0.026633 0.019187 0.037039 0.026878 0.421089 0.375387 0.100463 0.129290 0.103896 0.124335 0.032966 0.019676 0.035896 0.292415 0.342866 0.293109 0.041493 0.044137 0.027046 0.036690 0.037438 0.106359 0.092181 0.051893 -9999.000000 -9999.000000 -9999.000000 -9999.000000 -9999.000000 -9999.000000 -9999.000000 -9999.000000 -9999.000000 -9999.000000 -9999.000000 -9999.000000 -9999.000000 -9999.000000 -9999.000000 -9999.000000 -9999.000000
0.752718 0.751686 0.750213 0.747006 0.756714 0.098112 0.149397 0.021522 0.077395 0.704578 2.987305 2.967148 0.911073 0.167523 0.166097 0.025810 0.030361 0.070492 0.334592 1.496926 0.440165 0.408190 0.378286 0.036864 0.021568 0.027412 0.032722 0.047797 0.027243 0.028894 0.035315 0.034950 0.332480 0.327417 0.035687 0.036043 0.058102 0.093791 0.022163 0.120761 0.084326 0.119400 -9999.000000 -9999.000000 -9999.000000 -9999.000000 -9999.000000 -9999.000000 -9999.000000 -9999.000000 -9999.000000 -9999.000000 -9999.000000 -9999.000000 -9999.000000 -9999.000000 -9999.000000 -9999.000000 -9999.000000
0.760392 0.763008 0.743067 1.747462 0.743595 0.126408 0.184141 0.161988 0.114284 0.804177 2.999694 2.996226 0.874001 0.077789 0.056522 0.031135 0.031333 0.080388 1.405384 2.462141 1.447928 1.424196 0.350936 0.062538 0.083167 0.079525 0.043389 0.027852 0.038521 0.027107 0.039710 0.026406 0.032830 0.339302 0.404683 0.403394 0.426970 0.080062 0.109542 0.112736 0.081755 0.119011 -9999.000000 -9999.000000 -9999.000000 -9999.000000 -9999.000000 -9999.000000 -9999.000000 -9999.000000 -9999.000000 -9999.000000 -9999.000000 -9999.000000 -9999.000000 -9999.000000 -9999.000000 -9999.000000 -9999.000000
0.724111 0.069663 0.647563 0.574913 0.097409 0.042974 0.217681 0.217317 0.165061 0.104350 0.905496 0.852954 0.265874 0.155091 0.019753 0.029457 0.025750 0.065559 0.268590 1.407213 1.420313 1.419801 0.401399 0.364246 0.077616 0.074804 0.052055 0.032188 0.033272 0.053856 0.178835 0.019020 0.043786 0.311414 1.440830 1.452575 0.060841 0.080182 0.110938 0.115520 0.094622 0.053058 0.063788 -9999.000000 -9999.000000 -9999.000000 -9999.000000 -9999.000000 -9999.000000 -9999.000000 -9999.000000 -9999.000000 -9999.000000 -9999.000000 -9999.000000 -9999.000000 -9999.000000 -9999.000000 -9999.000000
0.111359 0.143694 0.141474 0.154958 0.070773 0.099152 0.087981 0.080962 0.061844 0.122922 0.083180 0.097815 0.517054 0.270447 0.408129 0.416175 0.395081 0.027915 0.027550 0.070744 0.074758 0.078037 0.128322 0.093102 0.036263 0.031288 0.024223 0.030708 0.026620 0.044421 0.106651 0.124304 0.014396 0.031610 0.404272 0.406568 0.028694 0.024543 0.030098 0.025474 0.097657 0.066734 0.056422 -9999.000000 -9999.000000 -9999.000000 -9999.000000 -9999.000000 -9999.000000 -9999.000000 -9999.000000 -9999.000000 -9999.000000 -9999.000000 -9999.000000 -9999.000000 -9999.000000 -9999.000000 -9999.000000
0.091447 0.136340 0.171406 0.206905 0.118292 0.142299 0.130399 0.098069 0.085633 0.062294 0.038972 0.174206 0.194560 0.349333 0.420102 0.400294 0.029765 0.023018 0.023660 0.046559 0.039665 0.052652 0.167315 0.147388 0.025535 0.018181 0.022165 0.058404 0.045646 0.037437 0.276492 0.061028 0.062609 0.052020 0.031700 0.347498 0.028770 0.024772 0.030891 0.030143 0.024147 0.022438 0.029030 -9999.000000 -9999.000000 -9999.000000 -9999.000000 -9999.000000 -9999.000000 -9999.000000 -9999.000000 -9999.000000 -9999.000000 -9999.000000 -9999.000000 -9999.000000 -9999.000000 -9999.000000 -9999.000000
0.099637 0.139907 0.150467 0.165015 0.193198 0.188835 0.167961 0.040128 0.046709 0.046380 0.040995 0.059732 0.034234 0.437587 0.459558 0.441015 0.036585 0.023781 0.028115 0.023033 0.068160 0.045403 0.097214 0.033394 0.023835 0.025457 0.051337 0.058602 0.076665 0.021995 0.223940 0.206339 0.043801 0.047249 0.030103 0.239550 0.033318 0.043512 0.052466 0.053978 0.031090 0.018227 0.027871 -9999.000000 -9999.000000 -9999.000000 -9999.000000 -9999.000000 -9999.000000 -9999.000000 -9999.000000 -9999.000000 -9999.000000 -9999.000000 -9999.000000 -9999.000000 -9999.000000 -9999.000000 -9999.000000
0.054276 0.228756 0.228406 0.243710 0.254501 0.226677 0.060972 0.043694 0.049401 0.047994 0.038185 0.043388 0.033289 0.464415 0.487521 0.475257 0.033735 0.059462 0.076807 0.018348 0.079373 0.070074 0.052376 0.049703 0.034148 0.084561 0.683633 0.094165 0.048271 0.035227 0.155322 0.147171 0.029595 0.029992 0.036721 0.202024 0.117729 0.034477 0.046647 0.052421 0.036994 0.028007 0.032219 0.025902 -9999.000000 -9999.000000 -9999.000000 -9999.000000 -9999.000000 -9999.000000 -9999.000000 -9999.000000 -9999.000000 -9999.000000 -9999.000000 -9999.000000 -9999.000000 -9999.000000 -9999.000000
0.089342 0.269534 0.267446 1.307950 0.232026 0.191691 0.092513 0.062532 0.028894 0.027589 0.062893 0.056953 0.469168 0.492281 0.523116 0.522165 0.567411 0.552201 0.052912 0.040276 0.074387 0.072056 0.059022 0.037577 0.141478 0.831978 1.933681 0.929219 0.039469 0.031625 0.162309 0.129790 0.072140 0.043297 0.077040 0.106933 0.131552 0.091261 0.056909 0.077171 0.043281 0.029533 0.023120 0.079445 -9999.000000 -9999.000000 -9999.000000 -9999.000000 -9999.000000 -9999.000000 -9999.000000 -9999.000000 -9999.000000 -9999.000000 -9999.000000 -9999.000000 -9999.000000 -9999.000000 -9999.000000
0.112871 0.275008 1.274866 1.279220 0.042733 0.047537 0.082925 0.048348 0.042392 0.038181 0.070749 0.068443 0.412566 1.530434 0.549251 0.539266 0.554896 0.578511 0.551467 0.094707 0.014396 0.068525 0.042349 0.243536 0.221142 0.846607 1.954862 0.946395 0.098370 0.060453 0.101026 0.137277 0.080361 0.052633 0.057618 0.103529 1.117478 1.147274 1.128277 0.180275 0.045143 0.053888 0.023567 0.073686 0.041528 -9999.000000 -9999.000000 -9999.000000 -9999.000000 -9999.000000 -9999.000000 -9999.000000 -9999.000000 -9999.000000 -9999.000000 -9999.000000 -9999.000000 -9999.000000 -9999.000000
0.133414 0.263016 1.228365 0.050634 0.024544 0.027413 0.104805 0.044145 0.062084 0.046716 0.046041 0.042251 0.073276 1.432930 1.436247 0.500820 0.030618 0.564710 0.547318 0.108946 0.060296 0.059835 0.287193 0.248515 0.213397 0.135379 0.076154 0.059832 0.014396 0.050723 0.124980 0.174211 0.647435 0.627402 0.507335 0.402371 3.438615 3.451235 2.433296 1.265326 0.078436 0.048364 0.065910 0.028587 0.025825 0.039178 -9999.000000 -9999.000000 -9999.000000 -9999.000000 -9999.000000 -9999.000000 -9999.000000 -9999.000000 -9999.000000 -9999.000000 -9999.000000 -9999.000000 -9999.000000
0.150729 0.098212 0.076411 0.028023 0.014396 0.023385 0.052595 0.074396 0.082057 0.017372 0.020134 0.068254 0.103242 0.137176 0.109162 0.110773 0.048000 0.106203 0.043894 0.066329 0.034341 0.031465 0.085015 0.017967 0.021033 0.021263 0.046796 0.048546 0.039251 0.033109 0.105183 1.237679 0.233600 0.184664 0.526356 1.440039 2.497391 2.510138 1.479371 0.303039 0.074559 0.058203 0.049676 0.026115 0.017967 0.030144 -9999.000000 -9999.000000 -9999.000000 -9999.000000 -9999.000000 -9999.000000 -9999.000000 -9999.000000 -9999.000000 -9999.000000 -9999.000000 -9999.000000 -9999.000000
0.049980 0.032784 0.045311 0.020959 0.035026 0.018440 0.057111 0.071252 0.081460 0.017372 0.049371 0.117551 0.122904 0.078268 0.065428 0.085116 0.078515 0.055140 0.052910 0.053714 0.059947 0.048029 0.108682 0.074102 0.017967 0.048273 0.099724 0.088123 0.060077 0.110434 0.100759 0.210982 0.235737 0.036430 0.056121 0.358076 1.503085 1.501823 0.468949 0.037359 0.066357 0.063745 0.044879 0.026955 0.021033 0.017967 0.020378 0.028807 -9999.000000 -9999.000000 -9999.000000 -9999.000000 -9999.000000 -9999.000000 -9999.000000 -9999.000000 -9999.000000 -9999.000000 -9999.000000
0.025552 0.034491 0.025552 0.032830 0.316043 0.354398 0.054871 0.045387 0.070028 0.059051 0.058295 0.157118 0.187201 0.029670 0.028450 0.138200 0.125337 0.023781 0.023078 0.073045 0.072029 0.065012 0.036969 0.159402 0.020378 0.052579 0.070034 0.545363 0.050947 0.037363 0.051789 0.040720 0.064913 0.065107 0.048927 0.057997 0.450980 0.480780 0.472296 0.035930 0.043051 0.543734 0.068426 0.044823 0.026955 0.026115 0.032494 0.032875 -9999.000000 -9999.000000 -9999.000000 -9999.000000 -9999.000000 -9999.000000 -9999.000000 -9999.000000 -9999.000000 -9999.000000 -9999.000000
0.024634 0.014396 0.024634 0.287765 1.445344 1.438295 0.289702 0.075220 0.066531 0.020378 0.045251 0.191669 0.029884 0.046639 0.041115 0.166491 0.025199 0.028634 0.023949 0.061833 0.069650 0.017372 0.037575 0.142881 0.114956 0.069826 0.081803 0.557563 0.048513 0.060691 0.019752 0.053246 0.035026 0.039986 0.066811 0.045677 0.046289 0.471706 0.480518 0.026834 0.029019 0.563421 0.064005 0.030479 0.036843 0.030693 0.039021 0.116365 0.014396 -9999.000000 -9999.000000 -9999.000000 -9999.000000 -9999.000000 -9999.000000 -9999.000000 -9999.000000 -9999.000000 -9999.000000
0.040249 0.024635 0.027856 0.321698 1.465702 1.423190 0.305546 0.073473 0.027336 0.031181 0.043849 0.178367 0.031793 0.052712 0.022591 0.022591 0.029788 0.034081 0.072031 0.079120 0.038530 0.017372 0.038399 0.105920 0.101652 0.057784 0.083059 0.536331 1.690446 0.062522 0.029456 0.031105 0.025765 0.042855 0.038536 0.050604 0.067590 0.501094 0.508670 0.530596 0.537596 0.532651 0.047914 0.051375 0.046269 0.571307 0.559430 0.605987 0.095876 0.014396 -9999.000000 -9999.000000 -9999.000000 -9999.000000 -9999.000000 -9999.000000 -9999.000000 -9999.000000 -9999.000000
1.320421 0.258893 0.254481 0.169094 0.032341 0.292496 0.260341 0.039651 0.035701 0.035744 0.035821 0.107788 0.100627 0.033944 0.022591 0.022591 0.045007 0.055436 0.568434 0.100858 0.101731 0.046319 0.039771 0.057753 0.186214 0.183080 0.100390 1.569395 2.565261 0.042491 0.025733 0.031259 0.030143 0.023643 0.030328 0.052263 0.093681 0.494184 0.502896 0.527914 0.531816 0.533582 0.032363 0.771944 0.792245 1.769304 1.775809 0.668858 0.096622 0.104997 0.057157 -9999.000000 -9999.000000 -9999.000000 -9999.000000 -9999.000000 -9999.000000 -9999.000000 -9999.000000
1.362873 0.356049 0.309454 0.129382 0.055534 0.082021 0.082484 0.058205 0.041360 0.039498 0.043404 0.113202 0.107892 0.050698 0.027793 0.027793 0.048508 1.840054 1.815915 0.085137 0.032724 0.053809 0.041354 0.218128 0.186953 0.163068 0.733023 1.545787 1.701892 0.590694 0.605370 0.047746 0.050563 0.018470 0.037469 0.058301 1.167661 0.120984 0.095546 0.023736 0.058587 0.059757 0.020683 0.037791 0.812419 0.799888 0.795702 0.061103 0.031875 0.042473 0.035424 -9999.000000 -9999.000000 -9999.000000 -9999.000000 -9999.000000 -9999.000000 -9999.000000 -9999.000000
1.364492 0.307056 0.032245 0.027138 0.039863 0.055412 0.058709 0.033135 0.055030 0.046382 0.090996 0.477339 0.450620 0.034722 0.049157 0.041130 0.765016 2.859812 1.832382 0.072736 0.036994 0.018028 0.038674 0.037300 0.149623 0.133914 0.805941 0.023616 0.028368 0.550884 0.566629 1.593274 0.535805 0.047880 0.040917 0.028302 1.121820 0.104640 0.023934 0.028571 0.024421 0.026924 0.019265 0.044796 0.822338 0.083018 0.025338 0.032341 0.025338 0.064968 0.060737 0.014396 -9999.000000 -9999.000000 -9999.000000 -9999.000000 -9999.000000 -9999.000000 -9999.000000
1.325895 1.291971 0.033379 0.024894 0.014396 0.085960 0.072689 0.037087 0.023567 0.022942 0.031502 0.035423 0.400724 0.042015 0.036445 0.033791 0.091484 0.678215 0.680910 0.084034 0.039087 0.021003 0.037072 0.041404 0.026848 0.114713 0.829637 0.022939 0.023777 0.551608 0.563122 0.472852 0.506484 0.047655 0.014396 0.072294 0.194533 0.021935 0.023063 0.023765 0.130193 0.019097 0.060110 0.938085 0.866788 0.113195 0.026634 0.039206 0.026634 0.049934 0.037468 -9999.000000 -9999.000000 -9999.000000 -9999.000000 -9999.000000 -9999.000000 -9999.000000 -9999.000000
0.223788 0.190660 0.222257 0.043313 0.037681 0.057976 0.053239 0.031288 0.027366 0.023506 0.022651 0.019525 0.228441 1.170986 0.216363 0.026024 0.148647 0.107533 0.084796 0.044274 0.039543 0.018028 0.028414 0.214897 0.229878 0.148886 0.863222 0.881917 0.882981 0.030714 0.041304 0.045167 0.049970 0.065304 0.054310 0.049285 0.046854 0.982092 1.014121 0.058117 0.099271 0.100658 0.076298 0.878839 0.812406 0.120031 0.102105 0.030433 0.576688 0.570920 1.582960 0.022453 -9999.000000 -9999.000000 -9999.000000 -9999.000000 -9999.000000 -9999.000000 -9999.000000
0.042153 0.052938 1.304579 0.042899 0.042856 0.076841 0.074943 0.034172 0.019308 0.031287 0.036302 0.045713 1.146824 1.181599 0.198588 0.190291 0.158609 0.046608 0.059549 0.078436 0.027046 0.025993 0.256085 0.246352 0.223915 0.156042 0.867450 0.877326 0.882923 0.040773 0.055086 0.019600 0.028587 0.026466 0.060322 0.053515 0.066541 0.956222 0.999119 0.981762 0.077259 0.097149 0.077388 0.058907 0.073686 0.080909 0.097491 0.030890 0.554719 0.551753 1.555302 0.036231 -9999.000000 -9999.000000 -9999.000000 -9999.000000 -9999.000000 -9999.000000 -9999.000000
0.048105 0.057534 0.204293 0.273227 0.302786 0.051063 0.059395 0.055733 0.026695 0.030679 0.052655 1.139181 1.161147 0.120707 0.029315 0.043908 0.057365 0.080650 0.026406 0.024101 0.038734 0.035729 0.250256 0.270055 0.236481 0.174153 0.792270 0.816648 0.039693 0.040192 0.045309 0.054784 0.026421 0.036141 0.025672 0.052214 0.065878 0.970362 1.008141 1.001429 0.075025 0.106098 0.026298 0.026099 0.064939 0.065560 0.027276 0.027276 0.059345 0.389443 0.376568 0.056663 0.023282 -9999.000000 -9999.000000 -9999.000000 -9999.000000 -9999.000000 -9999.000000
0.048026 0.053268 0.051582 0.272592 0.361106 0.275132 0.185692 0.503295 0.031554 0.032669 1.141123 2.154363 1.148262 0.106233 0.031566 0.026038 0.034250 0.035270 0.038963 0.026646 0.308184 0.356449 0.258860 1.262350 0.238621 0.212361 0.148105 0.108552 0.069424 0.083752 0.070661 0.058460 0.061746 0.025673 0.023764 0.051211 0.075521 0.972579 1.022709 0.997914 0.070343 0.039778 0.018913 0.025826 0.065618 0.066644 0.028916 0.028916 0.064965 0.048408 0.048699 0.054603 0.024024 -9999.000000 -9999.000000 -9999.000000 -9999.000000 -9999.000000 -9999.000000
0.071206 0.049950 0.041313 0.045403 0.040382 0.277590 0.210817 0.593420 0.521602 0.387796 1.068144 2.160605 2.210701 1.198924 0.140441 0.026908 0.038933 0.034370 0.028541 0.039497 0.296409 0.295483 0.021385 0.160059 0.180030 0.186775 0.051110 0.042874 0.063876 0.165457 0.125104 0.119270 0.121280 0.038972 0.053561 0.054315 0.034192 0.054173 1.034363 0.063316 0.036033 0.065321 0.028024 0.014396 0.026816 0.027427 0.017372 0.017372 0.072700 0.025276 0.033043 0.034248 0.028908 0.038626 0.046686 -9999.000000 -9999.000000 -9999.000000 -9999.000000
0.090524 0.056800 0.044121 0.047631 0.047540 0.036233 0.027229 0.081405 0.045918 0.330658 0.217254 1.156589 1.176961 1.185538 0.106446 0.036817 0.022072 0.036439 0.070429 0.063527 0.055801 0.029639 0.019981 0.046055 0.033058 0.066855 0.099323 0.075677 0.041848 0.153907 1.132849 1.161229 1.172384 1.161759 1.176941 0.044215 0.040038 0.083116 1.052941 0.087924 0.168334 0.095350 0.168696 0.190582 0.034049 0.048684 0.028291 0.037026 0.030267 0.024590 0.014396 0.038826 0.041084 0.029335 0.054192 0.070155 -9999.000000 -9999.000000 -9999.000000
0.081994 0.106087 0.123232 0.873974 0.967917 0.026497 0.028786 0.019646 0.062172 0.046912 0.042989 0.034312 0.109029 0.117703 0.093798 0.076006 0.063735 0.676610 1.695032 0.437260 0.032616 0.020302 0.017967 0.032371 0.039406 0.047616 0.161429 0.017372 0.017372 0.034910 0.121871 1.172322 1.175625 1.184210 0.141570 0.047436 0.046242 0.119732 0.998175 0.992616 0.156499 0.072927 0.020821 0.148497 0.140178 0.140716 0.140534 0.125580 0.037224 0.039864 0.019309 0.068137 0.028541 0.033577 0.040715 0.062783 0.070779 0.060784 0.028496
