use_cases/Flooding_chicago/flooding_data/output/h_540.asc
ncols 337
nrows 393
xllcorner 428428.000000
yllcorner 4602440.000000
cellsize 26.757400
NODATA_value -9999.000000
[rows 189 to 215 of 393, columns 59 to 117 of 337]
0.040842 0.278988 0.033073 0.033824 0.081345 0.056191 0.129410 0.454930 1.622549 0.614726 0.067854 0.044128 0.042150 0.132477 0.105473 0.084007 0.103243 0.292870 0.250826 0.206510 0.046342 0.046677 0.021539 0.053798 0.038189 0.057969 0.042216 0.044721 0.023186 0.024025 0.066639 0.027886 0.014395 0.029138 0.062935 0.061608 0.048455 0.046303 0.029030 0.052991 0.246737 1.333696 0.366215 0.397130 0.418585 0.487545 1.505647 1.453094 0.087323 0.067924 0.052926 0.057471 0.091789 0.337653 1.551488 1.543734 0.387837 0.108279 0.033746
0.277492 0.131301 0.124921 0.021069 0.076952 0.062214 0.035180 0.035516 0.457393 0.493535 0.031241 0.044494 0.041586 0.071522 0.164820 0.164194 0.153377 0.168535 0.478070 0.437604 0.045317 0.042915 0.044210 0.056495 0.041278 0.199444 0.031915 0.042019 0.024298 0.029640 0.028069 0.018440 0.023384 0.023872 0.025612 0.023628 0.052101 0.039849 0.041725 0.240977 1.323241 1.330715 1.316485 0.396983 0.432111 1.507607 2.493562 1.421087 0.054308 0.022591 0.024956 0.028404 0.053475 0.037652 0.070746 0.066501 0.073920 0.044548 0.028343
0.199858 0.203415 0.060614 0.049789 0.059879 0.046746 0.031074 0.041710 0.321401 0.284365 0.198925 0.118793 0.094255 0.137693 0.143810 0.132131 0.631708 0.633883 1.650633 1.631405 0.642000 0.645062 1.638509 0.657943 0.663098 0.200454 1.224488 0.188093 0.028840 0.030373 0.035927 0.078889 0.034707 0.030021 0.024803 0.073494 0.042581 0.046914 0.196892 2.311989 1.316735 1.311472 0.234352 0.029921 0.017372 1.502602 1.498501 1.473324 0.039272 0.040870 0.028451 0.026284 0.035544 0.034142 0.066091 0.053473 0.054879 0.059578 0.028939
0.352890 0.378917 0.059274 0.081185 0.028771 0.073535 0.063461 0.037065 0.170446 0.332893 0.185403 0.143713 0.136701 0.532022 0.634389 0.640375 0.666855 1.681482 1.682694 1.665815 0.658046 0.643608 0.627583 0.059794 0.108280 1.215382 1.215048 0.154241 0.093360 0.096612 0.433067 2.603483 0.491443 0.027855 0.028618 0.056715 0.097137 0.120373 0.224021 2.307474 1.324224 1.327182 0.239389 0.037928 0.017372 1.509877 1.505701 1.479542 0.341797 0.034585 0.036811 0.027152 0.021676 0.036003 0.049324 0.028359 0.026954 0.034118 0.090526
0.262658 0.259613 0.157239 0.050197 0.035175 0.081223 0.029764 0.057644 0.145971 0.223129 0.257529 0.350824 0.206722 1.631223 0.663005 1.698781 1.688643 1.685056 2.684756 0.623810 0.087780 0.092496 0.043489 0.061210 0.059537 0.202344 0.204753 0.030144 0.096885 0.079492 1.642407 1.675545 0.053841 0.085158 0.079253 0.044341 0.127490 0.142305 0.233340 1.299484 1.328035 0.293858 0.281460 0.031795 0.422645 1.482306 1.464807 1.421338 0.319007 0.210053 0.169757 0.100917 0.033089 0.034217 0.028419 0.043228 0.036630 0.048441 1.986843
0.146171 0.327376 0.263263 0.149685 0.100051 0.100340 0.031302 0.033065 0.089779 0.129780 0.193950 0.313395 0.537662 1.655861 1.691395 1.713531 1.708043 2.701818 2.716733 0.103722 0.139879 0.138321 0.070317 0.049735 0.072730 0.078925 0.070091 0.044608 0.040031 0.523315 1.663604 1.670986 0.084819 0.113171 0.092812 0.295735 0.163818 0.150201 0.174591 1.270027 1.288789 0.266446 0.230705 0.035129 0.355768 0.053113 0.073205 0.078759 0.062573 0.097861 0.101299 0.128734 0.174792 0.041378 0.028846 0.044776 0.040427 0.057168 2.038194
0.085068 0.211507 0.186503 0.408685 0.331978 0.202863 0.137197 0.034308 0.045416 0.079178 0.177371 0.110638 0.091013 0.557029 1.682204 1.711290 1.702920 2.705745 1.668495 0.135118 0.153706 0.139533 0.080680 0.073877 0.086777 0.095364 0.082900 0.061885 0.045907 0.513537 1.660570 1.628102 0.129860 0.042185 0.088398 0.197875 0.038747 0.040198 0.031716 0.063766 0.046073 0.231805 0.067394 0.040381 0.060753 0.038171 0.051369 0.047341 0.037576 0.030800 0.032877 0.029412 0.258581 0.255973 0.039970 0.032371 0.014395 0.024284 1.981463
0.106497 0.514026 0.525850 0.454887 0.345127 0.552255 1.427827 0.532807 0.053339 0.044256 0.195927 0.127988 0.119088 0.563306 1.686157 1.710683 1.705795 0.692743 0.662867 0.122470 0.117872 0.046133 0.045265 0.076202 0.044699 0.066901 0.043851 0.063851 0.140848 0.102078 0.446791 0.493570 0.101493 0.097600 0.070092 0.035667 0.040276 0.028993 0.028099 0.040810 0.035881 0.039361 0.106529 0.035820 0.061456 0.046243 0.060294 0.039177 0.042228 0.028868 0.017967 0.026604 0.034065 0.333768 0.036644 0.040885 0.024284 0.023399 0.066577
0.105966 0.527967 0.542632 0.465358 0.321058 0.556750 1.504336 1.594597 0.445462 0.403276 0.287358 0.147059 0.627317 0.642740 0.678450 1.687719 0.670714 0.662733 0.125308 0.129150 0.044851 0.049790 0.032011 0.040540 0.056603 0.078162 0.046821 0.043617 0.065575 0.063530 0.030556 0.034371 1.122185 0.088420 0.038536 0.031350 0.026894 0.026116 0.022865 0.030144 0.023979 0.023034 0.035880 0.040184 0.021539 0.021370 0.025933 0.019905 0.022118 0.017967 0.021034 0.029458 0.022529 0.022728 0.037803 0.340834 0.035617 0.034859 0.017372
0.165391 0.094660 0.061783 0.038263 0.215512 0.459570 1.533089 1.607862 1.610239 0.466565 0.312490 0.382029 1.620954 1.727684 0.679730 0.602146 0.659449 0.095072 0.140473 0.083858 0.059196 0.032646 0.036705 0.017967 0.033974 0.150079 0.026222 0.027107 0.044166 0.037300 0.028894 0.048607 0.079412 0.041324 0.034050 0.018028 0.021003 0.018028 0.034097 0.029076 0.039995 0.040885 0.459914 0.439521 0.040184 0.043110 0.060919 0.040230 0.043709 0.029366 0.030220 0.046989 0.042260 0.042856 1.477738 1.471126 1.423602 0.090189 0.017372
0.060844 0.091058 0.059098 0.042212 0.028048 0.035103 0.444362 1.614553 0.565737 0.548131 0.014395 0.333262 0.470432 1.677008 0.549112 0.080388 0.064163 0.050781 0.076990 0.095554 0.050637 0.043700 0.017967 0.021034 0.057366 0.049355 0.018197 0.021615 0.021706 0.021507 0.038154 0.046745 0.026741 0.033531 0.033485 0.035025 0.028756 0.032784 0.044319 0.039504 0.382787 0.421646 1.527918 1.486110 0.390191 0.104801 0.048877 0.036859 0.042458 0.027519 0.027765 0.043781 0.036337 0.343794 1.477356 1.482094 0.391340 0.020958 0.020180
0.038887 0.047471 0.079766 0.080606 0.022957 0.018338 0.037690 0.451430 0.487152 0.456281 0.370187 0.274070 0.170624 0.022972 0.074960 0.099155 0.074052 0.064890 0.083661 0.084102 0.097638 0.048713 0.032709 0.044058 0.045448 0.046715 0.045540 0.030144 0.018090 0.033074 0.100075 0.030113 0.017372 0.017372 0.026588 0.079169 0.092583 0.062965 0.080672 0.301375 1.509254 1.529944 1.519297 0.501486 0.474653 0.159314 0.171830 0.043982 0.040229 0.042412 0.034476 0.342958 0.315466 0.329181 0.326537 0.026033 0.028165 0.713193 0.674802
0.380998 0.385583 0.365062 0.336001 0.343979 0.031287 0.048058 0.032406 0.461696 1.415200 1.426040 1.438272 0.038307 0.025215 0.069406 0.075027 0.065426 0.071653 0.069669 0.054483 0.051095 0.057481 0.046670 0.048776 0.056888 0.059119 0.065347 0.048439 0.037941 0.029808 0.077355 0.059304 0.019751 0.028190 0.058230 0.085766 0.095241 0.067207 0.090951 0.369128 1.520905 1.547206 1.536406 0.518652 0.130568 0.231459 1.281387 0.272061 0.282160 0.178282 0.321361 0.388724 0.347591 0.040955 0.032341 0.017967 0.045766 1.748956 1.773581
0.383683 0.386779 0.401921 0.366782 0.347878 0.335242 0.028740 0.030876 0.038124 1.445563 1.430121 0.352253 0.036720 0.032142 0.044380 0.032417 0.125889 0.111530 0.109844 0.017372 0.062817 0.048241 0.103793 0.063708 1.021067 1.020497 0.042214 0.066443 0.072257 0.047218 0.086474 0.441142 0.036622 0.057991 0.095249 0.050254 0.070350 0.052171 0.040933 0.059980 1.492218 1.525667 1.509846 0.521341 0.179844 1.311812 1.288433 0.326441 0.295945 0.119257 0.026455 0.394940 0.075704 0.045021 0.017967 0.021034 0.032798 0.656887 1.762230
0.035729 0.033103 0.025581 0.340817 0.340133 0.363296 0.023566 0.022942 0.031349 0.028297 0.401205 0.394800 0.051582 0.043129 0.051552 0.044334 0.117086 0.116033 0.115721 0.017372 0.059106 0.037529 0.100280 0.961915 1.993084 0.052408 0.033062 0.059045 0.069555 0.416441 0.052288 0.592861 0.587792 0.566907 0.087150 0.054956 0.038949 0.033593 0.033589 0.121865 0.540762 0.552219 0.538167 0.522165 0.167186 1.305245 1.292880 1.279529 0.227432 0.107106 0.052165 0.068337 0.125654 0.075237 0.113465 0.085797 0.738635 0.694611 0.703770
0.034812 0.032814 0.025490 0.312154 0.310833 0.356560 0.027366 0.023507 0.031533 0.028357 0.392377 0.369984 0.057640 0.055504 0.024559 0.024788 0.032127 0.103354 0.103782 0.069387 0.043222 0.063725 0.053643 0.990897 0.988013 0.024360 0.014395 0.041145 0.412228 0.565582 0.566012 0.596444 0.598399 0.599379 0.068569 0.091026 0.039332 0.037361 0.041450 0.232094 0.235890 0.221485 0.195361 0.026421 0.027900 0.254118 0.254098 0.274168 0.240761 0.024103 0.035435 0.019310 0.081932 0.101791 0.097662 0.072768 0.736250 0.177824 0.243557
0.088502 0.065860 0.116003 0.211741 0.185744 0.020699 0.019309 0.039879 0.037636 0.261822 0.033119 0.044494 0.026696 0.026849 0.014395 0.031456 0.020438 0.022667 0.049178 0.071538 0.053965 0.150507 0.159123 0.032063 0.052323 0.023842 0.026635 0.032143 0.433235 1.561854 1.575040 0.602495 0.601794 0.037005 0.062447 0.070490 0.048890 0.034584 0.387450 0.344626 0.326489 0.315883 0.274123 0.035682 0.024330 0.029564 0.024330 0.078856 0.092488 0.109802 0.051767 0.014395 0.057286 0.053311 0.047168 0.043050 0.032806 0.280034 0.355941
0.084429 0.058056 0.104950 0.090743 0.222585 0.030707 0.020821 0.034384 0.217381 0.231669 0.028282 0.025810 0.028069 0.023887 0.024361 0.054405 0.033820 0.045998 0.046323 0.094068 0.091746 0.129885 0.121904 0.035970 0.017372 0.062934 0.036248 0.045088 0.445672 1.563923 1.584980 0.020927 0.033250 0.044244 0.037254 0.101953 0.063035 0.380094 0.423051 0.390638 0.373419 0.365908 0.338345 0.030036 0.024330 0.029564 0.024330 0.077856 0.075371 0.058780 0.090133 0.065707 0.078700 0.077632 0.030521 0.041916 0.036293 0.038276 0.377987
0.121018 0.149457 0.124616 0.210753 0.287712 0.334641 0.134088 0.207425 0.247712 0.210441 0.162858 0.102881 0.037713 0.029839 0.038535 0.038536 0.060417 0.039528 0.150303 0.216902 0.322217 0.329526 0.072142 0.037712 0.017372 0.036522 0.058089 0.517716 0.512058 1.558635 1.556684 0.535957 0.030778 0.033924 0.112528 0.581714 0.613777 1.504431 1.547194 0.450803 0.401193 0.407999 1.458292 0.450540 0.030693 0.038796 0.030693 0.561634 0.555601 0.074651 0.097592 0.077891 1.095119 0.064963 0.040966 0.024528 0.030083 0.025429 0.033515
2.127729 1.926603 0.421588 0.147168 0.210223 0.029426 0.021706 0.021615 0.018197 0.187248 0.126859 0.318291 0.040821 0.052989 0.034847 0.052147 0.046313 0.089193 0.995631 0.897039 0.314263 0.029441 0.061828 0.026543 0.025688 0.048469 0.043588 0.525559 0.524527 1.558803 1.558278 0.537450 0.541720 0.024654 0.136187 0.593640 0.624603 1.511311 1.539587 0.488641 0.023687 0.385798 1.428597 0.469970 0.467798 0.480062 0.485786 0.518893 0.073888 0.083521 0.049553 0.093880 1.095115 0.063328 0.033882 0.024757 0.030830 0.029960 0.023597
2.127144 0.914627 0.479192 0.510534 0.107606 0.036787 0.018090 0.052086 0.045981 0.014395 0.091824 0.290162 2.416904 1.368456 1.439855 0.041161 0.042458 0.901159 1.002597 0.242102 0.369440 0.413890 0.036387 0.040368 0.038231 0.044962 0.520988 0.526318 0.525973 0.542829 1.566649 0.537045 0.543158 0.018990 0.202688 0.618747 0.654017 0.041832 0.047039 0.044806 0.045677 0.030009 0.502552 0.502839 0.497645 0.498562 0.469142 0.061790 0.059656 0.041885 0.022591 0.022591 0.084037 0.072226 0.073152 0.070598 0.037403 0.047241 0.018456
1.118456 0.405634 0.494610 0.532142 0.532032 0.028986 0.020418 0.080040 0.088599 0.041747 0.017372 0.029949 2.429847 2.423969 2.433530 0.389957 0.416118 0.722926 0.039884 0.050102 0.426332 0.450654 0.486180 0.478207 0.031975 0.500581 0.508653 0.520074 0.509138 0.077903 0.087188 0.505729 0.507790 0.460052 0.366085 0.328442 0.020119 0.075215 0.067198 0.059235 0.053713 0.036970 0.517289 0.517341 0.506360 0.031487 0.070200 0.068079 0.096314 0.064539 0.022591 0.022591 0.057584 0.042299 0.574595 0.570230 0.091656 0.195898 0.046118
0.033239 0.541809 0.542614 0.566419 0.561042 0.245518 0.330989 0.326540 0.066063 0.040306 0.017372 0.042917 1.335119 1.338899 2.435510 2.398091 1.222937 0.114169 0.041408 0.100167 0.066306 0.476701 0.488369 0.484036 0.031089 0.495018 0.497627 0.047729 0.073818 0.132518 0.158942 0.509687 1.474557 1.505492 0.419165 0.414554 0.030144 0.024514 0.064052 0.051176 0.578676 1.583449 1.595767 1.594067 0.516463 0.525395 0.038647 0.036339 0.052927 0.081740 0.042453 0.034260 0.621311 0.605346 0.622042 1.688507 0.622601 0.222722 0.287707
0.022591 0.529114 0.526274 0.550932 0.569965 0.266467 0.366613 0.359990 0.040917 0.030542 0.041648 0.058374 0.042240 0.034967 1.462955 1.456377 0.031958 0.018730 0.094599 0.061036 0.083848 0.441804 0.474734 0.030313 0.044960 0.486422 0.047253 0.071274 0.026879 0.183896 0.257428 0.151497 0.357510 1.455708 0.416092 0.415110 0.033468 0.025109 0.040365 0.530832 1.613453 2.603558 2.610380 1.597110 0.475847 0.047554 0.053470 0.052391 0.027383 0.035867 0.041865 0.637436 0.616677 0.605850 0.588063 0.082948 0.042535 0.073001 0.080737
0.022591 0.063498 0.076020 0.106871 0.180883 0.262377 0.342851 0.431968 0.480414 0.117915 0.117275 0.051139 0.019310 0.029731 0.072396 0.076698 0.037102 0.023643 0.129381 0.098783 0.063454 0.052575 0.049919 0.018268 0.073997 0.055107 0.057427 0.019050 0.055241 0.032657 0.371561 0.223306 0.126924 0.350059 0.351925 0.350464 0.036267 0.086737 0.432223 1.572668 1.588343 1.593589 1.593611 1.580733 0.030219 0.050484 0.027319 0.020835 0.032983 0.017372 0.017372 0.024225 0.585005 0.569348 0.041831 0.045219 0.043554 0.074934 0.072503
0.043647 0.020972 0.034077 0.027893 0.218500 0.031091 0.028573 0.454642 0.462292 0.105296 0.105919 0.031960 0.014395 0.019310 0.043190 0.053047 0.024605 0.030281 0.165139 0.031212 0.037040 0.032414 0.024758 0.022606 0.028313 0.024377 0.023827 0.026710 0.019204 0.031109 0.566137 0.048158 0.052801 0.086165 0.072256 0.064538 0.061517 0.079039 0.398017 0.410379 0.466600 0.578201 1.618610 1.577301 0.525346 0.036980 0.029254 0.046561 0.059743 0.027168 0.025982 0.483066 0.546042 0.534150 0.057847 0.055146 0.017372 0.129107 0.102827
0.202633 0.071325 0.046346 0.014395 0.084056 0.030821 0.030929 0.127033 0.166539 0.043655 0.036907 0.040078 0.025276 0.069285 0.050102 0.051170 0.025581 0.033393 0.037818 0.048317 0.014395 0.028572 0.032249 0.278370 0.333343 0.322480 0.301472 0.274068 0.202895 0.780015 0.741071 0.083615 0.099606 0.066469 0.057942 0.049975 0.065785 0.039131 0.081161 0.076197 0.073787 0.609075 1.613580 1.564324 0.627285 0.656497 0.144332 0.061661 0.122777 0.147639 0.299120 0.430146 0.539150 0.534583 0.034580 0.029630 0.017372 0.136553 0.110938
