use_cases/Flooding_chicago/flooding_data/output/h_540.asc
ncols 337
nrows 393
xllcorner 428428.000000
yllcorner 4602440.000000
cellsize 26.757400
NODATA_value -9999.000000
[rows 189 to 215 of 393, columns 118 to 176 of 337]
0.021675 0.041855 0.103964 0.034065 0.026954 0.026116 0.041299 0.208312 0.241213 0.241881 0.179194 0.070048 0.043358 0.029273 0.047735 0.047920 0.047736 0.039194 0.705374 0.699981 0.704341 0.102622 0.194192 0.251497 1.287490 0.346437 0.301728 0.288898 0.054129 0.099587 0.047314 0.071210 0.316557 0.166096 0.163295 0.092431 0.044430 0.087166 0.080119 0.052437 0.045204 0.033501 0.030740 0.041614 1.065713 0.067743 0.027486 0.040397 0.028252 0.075790 1.648939 1.671947 1.672509 1.651525 0.472077 0.113366 0.107552 0.035501 0.028557
0.023537 0.024787 0.069787 0.026298 0.021034 0.017967 0.068411 0.256858 0.295423 0.349233 0.137558 0.076393 0.034507 0.025230 0.029289 0.075004 0.088514 0.073083 0.712668 0.699016 0.030659 0.014395 0.220538 0.249368 1.301600 1.302987 1.289950 0.300011 1.328209 0.248995 0.269956 1.377920 1.342782 0.138786 0.121641 0.104570 0.032448 0.044686 0.097198 0.091044 0.109866 0.040180 0.062033 1.087259 1.081653 0.061518 0.027122 0.028373 0.017372 0.025703 1.679139 1.682564 2.682953 1.666348 0.491787 0.093899 0.073722 0.021737 0.049995
0.025353 0.032737 0.029457 0.025994 0.017967 0.115237 0.114713 0.078713 0.058044 0.470159 0.255347 0.168512 0.277078 0.309194 0.024269 0.400694 0.063255 0.053703 0.701003 0.697988 0.691229 0.099168 0.159241 0.211389 1.309036 1.314350 1.310994 0.317768 1.357476 1.334351 2.332637 1.369187 1.354645 0.082317 0.077365 0.073827 0.035585 0.832645 0.788425 1.825380 0.693584 0.092797 0.058621 1.107839 0.063899 0.054619 0.052207 0.026207 0.017372 0.025703 0.671070 0.687086 0.039985 0.054133 0.055708 0.034234 0.056985 0.034179 0.115970
0.095785 0.043847 0.040309 0.048306 0.047970 0.096781 0.114543 0.056133 0.066201 0.041802 0.377232 0.189466 0.272675 0.306158 0.387673 0.380477 0.054573 0.019844 0.665741 0.660411 0.639162 0.074925 0.027276 0.027276 0.233042 1.322224 1.319205 1.319137 1.329725 1.332803 2.317350 0.292289 0.330719 0.414227 0.046025 0.050004 0.039965 0.843865 1.869837 1.853035 0.754567 0.108739 0.120058 0.045762 0.238307 0.212363 0.166022 0.034555 0.026223 0.028511 0.083722 0.018364 0.022209 0.023490 0.026389 0.017372 0.043114 0.098529 0.127398
2.001677 0.823757 0.128974 0.101069 0.086283 0.067684 0.045367 0.082244 0.111957 0.035165 0.108364 0.163393 0.204764 0.039297 0.057453 0.057304 0.032845 0.021919 0.087152 0.090903 0.082973 0.033485 0.028915 0.028915 0.039226 0.207885 1.323800 1.321527 1.334009 1.336930 1.339131 0.028118 0.030022 0.464705 0.107990 0.111342 0.040994 0.785080 1.848791 0.738374 0.688327 0.046838 0.046827 0.028858 0.218079 1.235873 1.237814 0.157469 0.033011 0.041761 0.041839 -9999.000000 -9999.000000 -9999.000000 -9999.000000 0.017372 0.032187 0.073498 1.111772
2.018944 0.888712 0.136698 0.113209 0.088087 0.049844 0.028070 0.043032 0.064713 0.077752 0.061485 0.057014 0.059400 0.033900 0.042411 0.040561 0.025703 0.017372 0.038066 0.039811 0.032924 0.020180 0.017372 0.017372 0.035779 0.035964 0.265672 0.315184 1.337433 1.337281 0.289152 0.018627 0.024332 0.123132 0.131637 0.044389 0.053285 0.080869 0.086607 0.081841 0.052619 0.041701 0.039498 0.035408 0.194091 0.201917 1.243217 0.130059 -9999.000000 -9999.000000 -9999.000000 -9999.000000 -9999.000000 -9999.000000 -9999.000000 -9999.000000 -9999.000000 0.076917 0.064150
0.818240 0.066846 0.060590 0.067931 0.094800 0.044869 0.025048 0.014395 0.100397 0.108853 0.030646 0.040565 0.044959 0.050892 0.045599 0.041439 0.025703 0.017372 0.031486 0.556371 0.547813 0.052681 0.071707 0.027565 0.014395 0.021004 0.019570 0.292968 0.342665 0.342845 0.302201 0.105663 0.034070 0.058869 0.071177 0.050574 0.058593 0.045815 0.066134 0.041297 0.048271 0.041298 0.055901 0.043796 0.052849 0.029518 0.020256 -9999.000000 -9999.000000 -9999.000000 -9999.000000 -9999.000000 -9999.000000 -9999.000000 -9999.000000 -9999.000000 -9999.000000 -9999.000000 0.077145
0.058858 0.032370 0.026736 0.014395 0.056335 0.050598 0.082251 0.047602 0.091600 0.116079 0.040717 0.052483 0.014395 0.040407 0.154385 1.225295 0.187889 0.020180 0.555094 1.558120 1.533755 0.545678 0.079546 0.091479 0.094111 0.062812 0.246432 1.318430 1.315169 0.307630 0.079586 0.153550 0.159212 0.061550 0.098393 0.044219 0.046640 0.050117 0.039895 0.037667 0.046761 0.032464 0.036672 0.029792 0.025063 -9999.000000 -9999.000000 -9999.000000 -9999.000000 -9999.000000 -9999.000000 -9999.000000 -9999.000000 -9999.000000 -9999.000000 -9999.000000 -9999.000000 -9999.000000 -9999.000000
0.025703 0.052468 0.023857 0.024360 0.182925 0.108438 0.101936 0.154195 0.068164 0.028952 0.043922 0.041099 0.035683 0.029204 0.166286 1.230408 0.175677 0.036268 0.027811 0.435386 0.501302 0.022591 0.022591 0.126076 0.017372 0.046544 0.203828 1.311512 0.321634 0.326930 0.104267 1.236951 1.168004 0.257304 0.133990 0.167134 0.055216 0.046394 0.051056 0.051125 0.026115 0.052161 0.023566 0.022942 -9999.000000 -9999.000000 -9999.000000 -9999.000000 -9999.000000 -9999.000000 -9999.000000 -9999.000000 -9999.000000 -9999.000000 -9999.000000 -9999.000000 -9999.000000 -9999.000000 -9999.000000
0.025703 0.100836 0.112627 0.111897 0.139658 0.076111 0.059473 0.030830 0.023628 0.030388 0.028995 0.077079 0.096601 0.123507 0.146401 0.171764 0.138468 0.040894 0.021901 0.056123 0.051546 0.022591 0.022591 0.091364 0.017372 0.030920 0.214755 0.280520 0.310531 0.342773 0.384646 0.173246 1.177474 0.247448 0.150263 0.208598 0.166709 0.092780 0.064568 0.060156 0.054451 0.049813 0.027366 0.023507 -9999.000000 -9999.000000 -9999.000000 -9999.000000 -9999.000000 -9999.000000 -9999.000000 -9999.000000 -9999.000000 -9999.000000 -9999.000000 -9999.000000 -9999.000000 -9999.000000 -9999.000000
0.035626 0.069353 0.682280 0.663732 1.683949 0.046028 0.035683 0.029595 0.018470 0.046612 0.034401 0.203942 0.082200 0.102716 0.113980 0.114546 0.088436 0.029275 0.017372 0.026205 0.052789 0.044869 0.069383 0.083267 0.067382 0.087535 0.147245 0.200703 0.278433 0.332244 0.367794 0.113845 0.184881 0.084680 0.178406 0.230879 0.184133 0.088081 0.060097 0.054314 0.045860 0.043038 0.019309 -9999.000000 -9999.000000 -9999.000000 -9999.000000 -9999.000000 -9999.000000 -9999.000000 -9999.000000 -9999.000000 -9999.000000 -9999.000000 -9999.000000 -9999.000000 -9999.000000 -9999.000000 -9999.000000
0.685512 0.734583 0.735175 1.779483 1.751289 0.136810 0.044545 0.032431 0.027382 0.229184 0.218451 0.170885 0.056068 0.064818 0.058854 0.157401 0.119854 0.032814 0.017372 0.028301 0.033394 0.042348 0.326389 1.442313 1.388881 1.442066 0.470274 0.471862 0.235782 0.333874 0.415035 0.451895 0.188578 0.044701 0.021264 0.032420 0.044609 0.037943 0.041160 0.035634 0.036827 0.028100 0.026589 -9999.000000 -9999.000000 -9999.000000 -9999.000000 -9999.000000 -9999.000000 -9999.000000 -9999.000000 -9999.000000 -9999.000000 -9999.000000 -9999.000000 -9999.000000 -9999.000000 -9999.000000 -9999.000000
1.777342 1.780911 1.781840 1.795426 1.756206 0.202404 0.099795 0.062534 0.125386 0.208101 0.207281 0.023903 0.032454 0.054012 0.120204 0.127719 0.094361 0.071814 0.027671 0.032585 0.056954 0.317183 0.353412 1.426448 2.442188 1.415798 1.421737 1.379021 0.173672 0.280959 0.386531 0.438947 0.322247 0.430479 0.047671 0.053665 0.036734 0.036933 0.065498 0.038583 0.053947 0.029899 0.031821 -9999.000000 -9999.000000 -9999.000000 -9999.000000 -9999.000000 -9999.000000 -9999.000000 -9999.000000 -9999.000000 -9999.000000 -9999.000000 -9999.000000 -9999.000000 -9999.000000 -9999.000000 -9999.000000
1.768444 1.744239 1.746086 1.773380 1.711256 0.364177 0.637349 0.125872 0.099998 0.162669 0.175143 0.018525 0.055416 0.084574 0.619362 0.657026 0.615259 0.613269 0.032890 0.033607 0.051839 0.042870 0.033714 0.321542 1.441470 0.347781 1.439866 1.426557 1.412902 0.113446 0.032147 0.019349 0.471319 0.521329 1.571387 0.465934 0.059753 0.041510 0.062874 0.090217 0.053230 0.053931 0.024346 -9999.000000 -9999.000000 -9999.000000 -9999.000000 -9999.000000 -9999.000000 -9999.000000 -9999.000000 -9999.000000 -9999.000000 -9999.000000 -9999.000000 -9999.000000 -9999.000000 -9999.000000 -9999.000000
0.045286 0.065426 0.063467 0.067420 0.065078 0.021828 0.823952 0.835177 0.185027 0.097061 0.136892 0.040126 0.041453 0.104191 0.649275 0.717704 1.746755 1.741985 0.538422 0.053691 0.035194 0.025292 0.029440 0.059881 0.062424 0.044247 0.325751 1.431096 1.417766 0.358388 0.019594 0.028090 0.030878 0.552093 0.565673 0.566007 0.551361 0.113724 0.079566 0.065727 0.031595 0.066933 0.053767 0.014395 -9999.000000 -9999.000000 -9999.000000 -9999.000000 -9999.000000 -9999.000000 -9999.000000 -9999.000000 -9999.000000 -9999.000000 -9999.000000 -9999.000000 -9999.000000 -9999.000000 -9999.000000
0.023537 0.042183 0.034797 0.047370 0.034096 0.021323 0.067519 0.898795 0.828259 0.216177 0.075974 0.035579 0.037074 0.114646 0.076181 0.740448 1.781242 1.775420 1.743973 0.544002 0.039149 0.029426 0.048073 0.048828 0.041450 0.039161 0.052708 0.332500 1.420773 1.435352 0.102765 0.152031 0.050011 0.062446 0.066206 0.599685 0.573002 0.146778 0.052938 0.069451 0.025444 0.116098 0.109687 0.019310 -9999.000000 -9999.000000 -9999.000000 -9999.000000 -9999.000000 -9999.000000 -9999.000000 -9999.000000 -9999.000000 -9999.000000 -9999.000000 -9999.000000 -9999.000000 -9999.000000 -9999.000000
0.396188 0.035226 0.032821 0.030388 0.038795 0.020789 0.032722 0.123923 0.182462 0.293834 0.343436 0.028471 0.035558 0.037593 0.042266 0.043923 0.789451 1.776024 1.762691 0.599305 0.110258 0.059089 0.049712 0.028511 0.028633 0.069295 0.038841 0.352795 1.417601 0.383093 0.100605 0.157203 0.068539 0.096194 0.110317 0.117172 0.145747 0.219952 0.289316 0.299636 0.298099 0.076066 0.087593 0.075433 0.014395 -9999.000000 -9999.000000 -9999.000000 -9999.000000 -9999.000000 -9999.000000 -9999.000000 -9999.000000 -9999.000000 -9999.000000 -9999.000000 -9999.000000 -9999.000000 -9999.000000
0.450859 0.447685 0.119774 0.027128 0.020775 0.034035 0.026024 0.038306 0.036993 0.290114 0.366524 0.124722 0.124688 0.037712 0.017372 0.083182 0.061440 0.757480 0.757245 0.652814 0.153918 0.058251 0.045127 0.043251 0.018197 0.031930 0.039756 0.325673 1.434360 0.347491 0.085552 0.052230 0.090273 0.113836 0.128194 0.152894 0.173024 0.197077 0.254647 0.311020 0.344303 1.364077 1.355991 0.058815 0.019310 -9999.000000 -9999.000000 -9999.000000 -9999.000000 -9999.000000 -9999.000000 -9999.000000 -9999.000000 -9999.000000 -9999.000000 -9999.000000 -9999.000000 -9999.000000 -9999.000000
0.482624 0.457062 0.185279 0.041748 0.036750 0.026147 0.029426 0.024376 0.024773 0.031654 0.097578 0.149939 0.134158 0.039400 0.017372 0.110306 0.111908 0.118867 0.127332 0.134883 0.116581 0.056373 0.038460 0.051064 0.021615 0.040795 0.040815 0.302411 1.421813 0.375576 0.039215 0.070753 0.094640 0.114173 0.014395 0.166807 0.171278 0.027946 0.035057 0.029213 0.304461 1.366994 1.366462 0.033887 0.028297 -9999.000000 -9999.000000 -9999.000000 -9999.000000 -9999.000000 -9999.000000 -9999.000000 -9999.000000 -9999.000000 -9999.000000 -9999.000000 -9999.000000 -9999.000000 -9999.000000
0.057396 0.042872 0.365347 0.387080 0.035040 0.052667 0.051219 0.030029 0.014395 0.019310 0.107124 0.145899 0.155951 0.046339 0.091073 0.114287 0.132854 0.177839 0.192191 0.197234 0.180763 0.065050 0.094669 0.018090 0.021706 0.033134 0.031261 0.327406 0.348617 0.032266 0.035788 0.057749 0.080837 0.127902 0.154661 0.030205 0.038063 0.018232 0.021736 0.022332 0.041221 0.028969 0.239622 0.156383 -9999.000000 -9999.000000 -9999.000000 -9999.000000 -9999.000000 -9999.000000 -9999.000000 -9999.000000 -9999.000000 -9999.000000 -9999.000000 -9999.000000 -9999.000000 -9999.000000 -9999.000000
0.081980 0.068403 0.430393 0.456060 0.132728 0.171800 0.164774 0.046684 0.025439 0.028831 0.093681 0.112576 0.154595 0.191256 0.073771 0.105607 0.019630 0.238227 0.249533 1.274930 0.202371 0.081759 1.140306 0.026206 0.027214 0.064395 0.082589 0.355407 0.025696 0.025139 -9999.000000 -9999.000000 -9999.000000 0.025902 0.034247 0.042183 0.038338 0.040367 0.046013 0.021785 0.018104 0.034507 0.024800 0.019023 -9999.000000 -9999.000000 -9999.000000 -9999.000000 -9999.000000 -9999.000000 -9999.000000 -9999.000000 -9999.000000 -9999.000000 -9999.000000 -9999.000000 -9999.000000 -9999.000000 -9999.000000
0.091914 0.111247 0.122323 0.171214 1.257476 1.252880 0.213820 0.044105 0.048118 0.032143 0.730656 0.741870 0.123617 0.143330 0.061517 0.026650 0.028679 0.254733 1.288371 1.272624 0.196768 0.075270 0.037413 0.070338 0.072228 0.057823 0.109491 0.060143 0.035002 -9999.000000 -9999.000000 -9999.000000 -9999.000000 0.025124 0.031593 0.028541 0.099907 0.091499 0.094958 0.027381 0.027596 0.054939 0.037704 -9999.000000 -9999.000000 -9999.000000 -9999.000000 -9999.000000 -9999.000000 -9999.000000 -9999.000000 -9999.000000 -9999.000000 -9999.000000 -9999.000000 -9999.000000 -9999.000000 -9999.000000 -9999.000000
0.079644 0.135875 0.168641 1.246569 2.259687 2.258511 1.253963 0.030709 0.035438 0.606501 0.655986 0.075413 0.103031 0.036460 0.026985 0.036842 0.026680 0.293630 1.280302 0.211125 0.049259 0.027262 0.014395 0.092308 0.087031 0.068749 0.037926 0.042656 -9999.000000 -9999.000000 -9999.000000 -9999.000000 -9999.000000 -9999.000000 -9999.000000 -9999.000000 0.055795 0.074242 0.073646 0.042626 -9999.000000 -9999.000000 -9999.000000 -9999.000000 -9999.000000 -9999.000000 -9999.000000 -9999.000000 -9999.000000 -9999.000000 -9999.000000 -9999.000000 -9999.000000 -9999.000000 -9999.000000 -9999.000000 -9999.000000 -9999.000000 -9999.000000
0.024315 0.119609 0.132361 0.167223 1.262541 2.257674 1.258878 1.240539 0.438530 0.530607 0.053568 0.032599 0.024363 0.029869 0.030801 0.027229 0.391857 0.372847 0.030280 0.063666 0.094879 0.028577 0.043603 0.068703 0.061960 0.058006 0.034614 -9999.000000 -9999.000000 -9999.000000 -9999.000000 -9999.000000 -9999.000000 -9999.000000 -9999.000000 -9999.000000 -9999.000000 -9999.000000 -9999.000000 -9999.000000 -9999.000000 -9999.000000 -9999.000000 -9999.000000 -9999.000000 -9999.000000 -9999.000000 -9999.000000 -9999.000000 -9999.000000 -9999.000000 -9999.000000 -9999.000000 -9999.000000 -9999.000000 -9999.000000 -9999.000000 -9999.000000 -9999.000000
0.029700 0.037500 0.031898 0.041142 0.183303 1.187292 0.205700 0.170377 0.035455 0.056292 0.021808 0.036599 0.023215 0.024085 0.437600 0.438857 0.414976 1.428975 0.392415 0.084598 0.126496 0.158528 0.156132 0.035897 0.256434 0.032209 -9999.000000 -9999.000000 -9999.000000 -9999.000000 -9999.000000 -9999.000000 -9999.000000 -9999.000000 -9999.000000 -9999.000000 -9999.000000 -9999.000000 -9999.000000 -9999.000000 -9999.000000 -9999.000000 -9999.000000 -9999.000000 -9999.000000 -9999.000000 -9999.000000 -9999.000000 -9999.000000 -9999.000000 -9999.000000 -9999.000000 -9999.000000 -9999.000000 -9999.000000 -9999.000000 -9999.000000 -9999.000000 -9999.000000
0.041228 0.026497 0.028297 0.041252 0.224536 0.325884 0.062987 0.059789 0.026695 0.025337 0.908149 0.905531 0.067360 0.108954 0.022591 0.022591 0.390204 1.414161 0.393528 0.098149 0.142382 0.169082 0.187557 0.022259 0.242752 0.024681 -9999.000000 -9999.000000 -9999.000000 -9999.000000 -9999.000000 -9999.000000 -9999.000000 -9999.000000 -9999.000000 -9999.000000 -9999.000000 -9999.000000 -9999.000000 -9999.000000 -9999.000000 -9999.000000 -9999.000000 -9999.000000 -9999.000000 -9999.000000 -9999.000000 -9999.000000 -9999.000000 -9999.000000 -9999.000000 -9999.000000 -9999.000000 -9999.000000 -9999.000000 -9999.000000 -9999.000000 -9999.000000 -9999.000000
0.048230 0.035332 0.043237 0.029533 0.042393 0.342632 0.119067 0.026695 0.038841 0.032203 0.913417 0.905879 0.857619 0.109835 0.022591 0.022591 0.391473 0.384545 0.061538 0.116674 0.150523 0.172731 0.191762 0.170656 0.198206 0.019005 -9999.000000 -9999.000000 -9999.000000 -9999.000000 -9999.000000 -9999.000000 -9999.000000 -9999.000000 -9999.000000 -9999.000000 -9999.000000 -9999.000000 -9999.000000 -9999.000000 -9999.000000 -9999.000000 -9999.000000 -9999.000000 -9999.000000 -9999.000000 -9999.000000 -9999.000000 -9999.000000 -9999.000000 -9999.000000 -9999.000000 -9999.000000 -9999.000000 -9999.000000 -9999.000000 -9999.000000 -9999.000000 -9999.000000
