use_cases/Flooding_chicago/flooding_data/output/h_540.asc
ncols 337
nrows 393
xllcorner 428428.000000
yllcorner 4602440.000000
cellsize 26.757400
NODATA_value -9999.000000
[rows 81 to 107 of 393, columns 118 to 176 of 337]
-9999.000000 -9999.000000 -9999.000000 -9999.000000 -9999.000000 -9999.000000 -9999.000000 -9999.000000 -9999.000000 -9999.000000 -9999.000000 -9999.000000 -9999.000000 -9999.000000 -9999.000000 -9999.000000 -9999.000000 -9999.000000 -9999.000000 -9999.000000 -9999.000000 -9999.000000 -9999.000000 -9999.000000 -9999.000000 -9999.000000 -9999.000000 -9999.000000 -9999.000000 -9999.000000 -9999.000000 -9999.000000 -9999.000000 -9999.000000 -9999.000000 -9999.000000 -9999.000000 -9999.000000 -9999.000000 -9999.000000 -9999.000000 -9999.000000 -9999.000000 -9999.000000 -9999.000000 -9999.000000 -9999.000000 -9999.000000 -9999.000000 -9999.000000 0.197994 0.157846 0.046898 0.038825 0.029258 0.029503 0.051339 0.074576 0.047722
-9999.000000 -9999.000000 -9999.000000 -9999.000000 -9999.000000 -9999.000000 -9999.000000 -9999.000000 -9999.000000 -9999.000000 -9999.000000 -9999.000000 -9999.000000 -9999.000000 -9999.000000 -9999.000000 -9999.000000 -9999.000000 -9999.000000 -9999.000000 -9999.000000 -9999.000000 -9999.000000 -9999.000000 -9999.000000 -9999.000000 -9999.000000 -9999.000000 -9999.000000 -9999.000000 -9999.000000 -9999.000000 -9999.000000 -9999.000000 -9999.000000 -9999.000000 -9999.000000 -9999.000000 -9999.000000 -9999.000000 -9999.000000 -9999.000000 -9999.000000 -9999.000000 -9999.000000 -9999.000000 -9999.000000 -9999.000000 -9999.000000 -9999.000000 0.022103 0.163003 0.040229 0.035621 0.027736 0.028436 0.059910 0.039192 0.068544
-9999.000000 -9999.000000 -9999.000000 -9999.000000 -9999.000000 -9999.000000 -9999.000000 -9999.000000 -9999.000000 -9999.000000 -9999.000000 -9999.000000 -9999.000000 -9999.000000 -9999.000000 -9999.000000 -9999.000000 -9999.000000 -9999.000000 -9999.000000 -9999.000000 -9999.000000 -9999.000000 -9999.000000 -9999.000000 -9999.000000 -9999.000000 -9999.000000 -9999.000000 -9999.000000 -9999.000000 -9999.000000 -9999.000000 -9999.000000 -9999.000000 -9999.000000 -9999.000000 -9999.000000 -9999.000000 -9999.000000 -9999.000000 -9999.000000 -9999.000000 -9999.000000 -9999.000000 -9999.000000 -9999.000000 -9999.000000 -9999.000000 0.017967 0.039635 0.138970 0.031776 0.027749 0.023964 0.026107 0.050132 0.034065 0.053489
-9999.000000 -9999.000000 -9999.000000 -9999.000000 -9999.000000 -9999.000000 -9999.000000 -9999.000000 -9999.000000 -9999.000000 -9999.000000 -9999.000000 -9999.000000 -9999.000000 -9999.000000 -9999.000000 -9999.000000 -9999.000000 -9999.000000 -9999.000000 -9999.000000 -9999.000000 -9999.000000 -9999.000000 -9999.000000 -9999.000000 -9999.000000 -9999.000000 -9999.000000 -9999.000000 -9999.000000 -9999.000000 -9999.000000 -9999.000000 -9999.000000 -9999.000000 -9999.000000 -9999.000000 -9999.000000 -9999.000000 -9999.000000 -9999.000000 -9999.000000 -9999.000000 -9999.000000 -9999.000000 -9999.000000 -9999.000000 0.017967 0.021034 0.026954 0.188775 0.038490 0.028511 0.026269 0.037850 0.032638 0.025354 0.035545
-9999.000000 -9999.000000 -9999.000000 -9999.000000 -9999.000000 -9999.000000 -9999.000000 -9999.000000 -9999.000000 -9999.000000 -9999.000000 -9999.000000 -9999.000000 -9999.000000 -9999.000000 -9999.000000 -9999.000000 -9999.000000 -9999.000000 -9999.000000 -9999.000000 -9999.000000 -9999.000000 -9999.000000 -9999.000000 -9999.000000 -9999.000000 -9999.000000 -9999.000000 -9999.000000 -9999.000000 -9999.000000 -9999.000000 -9999.000000 -9999.000000 -9999.000000 -9999.000000 -9999.000000 -9999.000000 -9999.000000 -9999.000000 -9999.000000 -9999.000000 -9999.000000 -9999.000000 -9999.000000 -9999.000000 0.023933 0.026604 0.029453 0.029960 0.195033 0.032784 0.039909 0.035164 0.027336 0.030922 0.024850 0.044885
-9999.000000 -9999.000000 -9999.000000 -9999.000000 -9999.000000 -9999.000000 -9999.000000 -9999.000000 -9999.000000 -9999.000000 -9999.000000 -9999.000000 -9999.000000 -9999.000000 -9999.000000 -9999.000000 -9999.000000 -9999.000000 -9999.000000 -9999.000000 -9999.000000 -9999.000000 -9999.000000 -9999.000000 -9999.000000 -9999.000000 -9999.000000 -9999.000000 -9999.000000 -9999.000000 -9999.000000 -9999.000000 -9999.000000 -9999.000000 -9999.000000 -9999.000000 -9999.000000 -9999.000000 -9999.000000 -9999.000000 -9999.000000 -9999.000000 -9999.000000 -9999.000000 0.024422 0.018655 0.020606 0.081120 0.036416 0.022194 0.034569 0.162697 0.084801 0.074653 0.065169 0.056160 0.077812 0.042031 0.041984
-9999.000000 -9999.000000 -9999.000000 -9999.000000 -9999.000000 -9999.000000 -9999.000000 -9999.000000 -9999.000000 -9999.000000 -9999.000000 -9999.000000 -9999.000000 -9999.000000 -9999.000000 -9999.000000 -9999.000000 -9999.000000 -9999.000000 -9999.000000 -9999.000000 -9999.000000 -9999.000000 -9999.000000 -9999.000000 -9999.000000 -9999.000000 -9999.000000 -9999.000000 -9999.000000 -9999.000000 -9999.000000 -9999.000000 -9999.000000 -9999.000000 -9999.000000 -9999.000000 -9999.000000 -9999.000000 -9999.000000 -9999.000000 0.018272 0.030892 0.041985 0.034554 0.046440 0.041969 0.127555 0.031684 0.028957 0.167075 0.180118 0.062889 0.070123 0.055863 0.044196 0.014395 0.053978 0.050086
-9999.000000 -9999.000000 -9999.000000 -9999.000000 -9999.000000 -9999.000000 -9999.000000 -9999.000000 -9999.000000 -9999.000000 -9999.000000 -9999.000000 -9999.000000 -9999.000000 -9999.000000 -9999.000000 -9999.000000 -9999.000000 -9999.000000 -9999.000000 -9999.000000 -9999.000000 -9999.000000 -9999.000000 -9999.000000 -9999.000000 -9999.000000 -9999.000000 -9999.000000 -9999.000000 -9999.000000 -9999.000000 -9999.000000 -9999.000000 -9999.000000 -9999.000000 -9999.000000 -9999.000000 -9999.000000 0.014395 0.025276 0.022652 0.022377 0.019447 0.039055 0.043708 0.041176 0.917980 0.950437 1.655546 2.752070 0.087147 0.047916 0.043770 0.036734 0.028252 0.025078 0.081963 0.079417
-9999.000000 -9999.000000 -9999.000000 -9999.000000 -9999.000000 -9999.000000 -9999.000000 -9999.000000 -9999.000000 -9999.000000 -9999.000000 -9999.000000 -9999.000000 -9999.000000 -9999.000000 -9999.000000 -9999.000000 -9999.000000 -9999.000000 -9999.000000 -9999.000000 -9999.000000 -9999.000000 -9999.000000 -9999.000000 -9999.000000 -9999.000000 -9999.000000 -9999.000000 -9999.000000 -9999.000000 -9999.000000 -9999.000000 -9999.000000 -9999.000000 -9999.000000 -9999.000000 -9999.000000 0.025963 0.121391 0.058754 0.047096 0.042442 0.034506 0.067115 0.240371 0.808977 0.890194 1.827949 2.788130 4.836876 1.628585 0.049781 0.069374 0.046623 0.034341 0.035378 0.129798 0.094872
-9999.000000 -9999.000000 -9999.000000 -9999.000000 -9999.000000 -9999.000000 -9999.000000 -9999.000000 -9999.000000 -9999.000000 -9999.000000 -9999.000000 -9999.000000 -9999.000000 -9999.000000 -9999.000000 -9999.000000 -9999.000000 -9999.000000 -9999.000000 -9999.000000 -9999.000000 -9999.000000 -9999.000000 -9999.000000 -9999.000000 -9999.000000 -9999.000000 -9999.000000 -9999.000000 -9999.000000 -9999.000000 -9999.000000 -9999.000000 -9999.000000 -9999.000000 -9999.000000 0.019309 0.031287 0.038826 0.072182 0.078401 0.071434 0.362138 1.573406 0.374851 0.207998 0.120797 0.602879 1.812339 3.814139 1.598331 0.069905 0.043831 0.039361 0.039804 0.024574 0.080376 0.117852
-9999.000000 -9999.000000 -9999.000000 -9999.000000 -9999.000000 -9999.000000 -9999.000000 -9999.000000 -9999.000000 -9999.000000 -9999.000000 -9999.000000 -9999.000000 -9999.000000 -9999.000000 -9999.000000 -9999.000000 -9999.000000 -9999.000000 -9999.000000 -9999.000000 -9999.000000 -9999.000000 -9999.000000 -9999.000000 -9999.000000 -9999.000000 -9999.000000 -9999.000000 -9999.000000 -9999.000000 -9999.000000 -9999.000000 -9999.000000 -9999.000000 0.026116 0.031044 0.027366 0.023507 0.030854 0.028278 0.071129 0.151268 0.338748 0.385577 0.040452 0.033393 0.019509 0.033088 0.043638 0.513467 0.051208 0.047055 0.043876 0.048943 0.036245 0.029676 0.060853 0.118965
-9999.000000 -9999.000000 -9999.000000 -9999.000000 -9999.000000 -9999.000000 -9999.000000 -9999.000000 -9999.000000 -9999.000000 -9999.000000 -9999.000000 -9999.000000 -9999.000000 -9999.000000 -9999.000000 -9999.000000 -9999.000000 -9999.000000 -9999.000000 -9999.000000 -9999.000000 -9999.000000 -9999.000000 -9999.000000 -9999.000000 -9999.000000 -9999.000000 -9999.000000 -9999.000000 -9999.000000 -9999.000000 -9999.000000 0.050803 0.049556 0.058830 0.035956 0.023566 0.022942 0.037636 0.036980 0.084208 0.112507 0.104179 0.067678 0.034235 0.031197 0.018106 0.032555 0.035894 0.043969 0.078669 0.087364 0.081206 0.044640 0.045264 0.032936 0.058175 0.083081
-9999.000000 -9999.000000 -9999.000000 -9999.000000 -9999.000000 -9999.000000 -9999.000000 -9999.000000 -9999.000000 -9999.000000 -9999.000000 -9999.000000 -9999.000000 -9999.000000 -9999.000000 -9999.000000 -9999.000000 -9999.000000 -9999.000000 -9999.000000 -9999.000000 -9999.000000 -9999.000000 -9999.000000 -9999.000000 -9999.000000 -9999.000000 -9999.000000 -9999.000000 -9999.000000 -9999.000000 -9999.000000 0.034828 0.059563 0.058769 0.056542 0.032477 0.031560 0.031349 0.032753 0.043357 0.068596 0.073694 0.068001 0.031270 0.035561 0.022423 0.021812 0.030066 0.028115 0.035987 0.052456 0.086421 0.077789 0.050574 0.059640 0.043751 1.356171 1.443269
-9999.000000 -9999.000000 -9999.000000 -9999.000000 -9999.000000 -9999.000000 -9999.000000 -9999.000000 -9999.000000 -9999.000000 -9999.000000 -9999.000000 -9999.000000 -9999.000000 -9999.000000 -9999.000000 -9999.000000 -9999.000000 -9999.000000 -9999.000000 -9999.000000 -9999.000000 -9999.000000 -9999.000000 -9999.000000 -9999.000000 -9999.000000 -9999.000000 -9999.000000 0.068226 0.110069 0.456340 1.632237 0.471186 0.068457 0.061776 0.064645 0.028358 0.028298 0.042274 0.042604 0.068705 0.066871 0.063911 0.018242 0.021764 0.022453 0.042487 0.028556 0.030113 0.024870 0.034309 0.091101 0.091661 0.054447 0.062934 0.300080 2.510510 2.502858
-9999.000000 -9999.000000 -9999.000000 -9999.000000 -9999.000000 -9999.000000 -9999.000000 -9999.000000 -9999.000000 -9999.000000 -9999.000000 -9999.000000 -9999.000000 -9999.000000 -9999.000000 -9999.000000 -9999.000000 -9999.000000 -9999.000000 -9999.000000 -9999.000000 -9999.000000 -9999.000000 -9999.000000 -9999.000000 -9999.000000 0.022910 0.018333 0.020500 0.162406 0.118759 0.612486 1.623748 0.459307 0.065408 0.077138 0.057281 0.062279 0.051676 0.210277 0.038200 0.021034 0.017967 0.025948 0.049156 0.044538 0.031089 0.048684 0.037941 0.039710 0.040459 0.043242 0.082065 0.180706 0.039405 0.303873 0.392447 2.582311 1.492585
-9999.000000 -9999.000000 -9999.000000 -9999.000000 -9999.000000 -9999.000000 -9999.000000 -9999.000000 -9999.000000 -9999.000000 -9999.000000 -9999.000000 -9999.000000 -9999.000000 -9999.000000 -9999.000000 -9999.000000 -9999.000000 -9999.000000 -9999.000000 -9999.000000 -9999.000000 -9999.000000 0.027639 0.026784 0.042423 0.027742 0.047655 0.436438 0.263940 0.152749 0.592399 0.620841 0.450720 0.059414 0.021782 0.022591 0.022591 0.338053 0.253965 0.028695 0.017967 0.038919 0.026939 0.038977 0.053642 0.047615 0.052530 0.050547 0.052910 0.044503 0.072041 0.733082 1.945412 1.944782 0.227611 0.347321 0.502332 0.094378
-9999.000000 -9999.000000 -9999.000000 -9999.000000 -9999.000000 -9999.000000 -9999.000000 -9999.000000 -9999.000000 -9999.000000 -9999.000000 -9999.000000 -9999.000000 -9999.000000 -9999.000000 -9999.000000 -9999.000000 -9999.000000 -9999.000000 -9999.000000 -9999.000000 -9999.000000 -9999.000000 0.039341 0.036570 0.046186 0.200634 0.620733 0.571965 0.053328 0.022560 0.046680 0.484099 0.079948 0.077292 0.053703 0.022591 0.022591 0.039253 0.117126 0.103646 0.075068 0.046899 0.053673 0.051858 0.056831 0.063027 0.069068 0.075995 0.131770 2.018818 2.049347 3.018606 3.005134 1.969305 0.951527 0.161591 0.081897 0.014395
-9999.000000 -9999.000000 -9999.000000 -9999.000000 -9999.000000 -9999.000000 -9999.000000 -9999.000000 -9999.000000 -9999.000000 -9999.000000 -9999.000000 -9999.000000 0.066826 0.084370 0.068316 0.101085 0.085680 0.112281 0.107162 0.099647 0.069568 0.085100 0.058914 0.014395 0.029804 0.305463 0.236153 0.034037 0.028679 0.030556 0.045983 0.092552 0.102990 0.058527 0.068612 0.040657 0.030433 0.060936 0.137629 0.152780 0.127717 0.295889 0.030327 0.042824 0.061588 0.058083 0.087325 0.073461 0.051278 2.007233 3.040981 3.032924 3.030566 2.007687 1.000371 0.972023 0.183840 0.396084
-9999.000000 -9999.000000 -9999.000000 -9999.000000 -9999.000000 -9999.000000 -9999.000000 -9999.000000 -9999.000000 -9999.000000 -9999.000000 -9999.000000 0.060460 0.117190 1.126842 0.099956 0.064456 0.043725 1.204457 0.170290 0.157972 0.119112 0.049193 0.252327 0.019310 0.413564 1.450399 0.319234 0.046480 0.023566 0.022942 0.049675 0.044579 0.046486 0.056375 0.029381 0.038262 0.165312 0.104942 0.152266 0.133309 0.321168 0.357174 0.221552 0.140382 0.105068 0.118690 0.120037 0.034525 0.037422 1.942001 2.948059 2.999115 3.008347 1.986959 0.945425 0.858858 0.486503 0.334453
-9999.000000 -9999.000000 -9999.000000 -9999.000000 -9999.000000 -9999.000000 -9999.000000 -9999.000000 -9999.000000 -9999.000000 -9999.000000 -9999.000000 0.031319 0.106955 0.103401 0.061073 0.038567 0.054329 1.185824 0.184924 0.185876 0.135463 0.228337 0.192518 0.347984 1.439474 1.464267 1.460346 0.055555 0.027366 0.023507 0.060092 0.048287 0.051359 0.073326 0.038385 0.042655 0.172646 0.129601 0.067984 0.110748 0.281734 0.337015 0.242839 0.259852 0.260639 1.010478 0.109471 0.103943 0.082595 0.839274 0.787906 0.747275 0.803524 0.763902 0.033669 0.026115 0.031174 0.423065
-9999.000000 -9999.000000 -9999.000000 -9999.000000 -9999.000000 -9999.000000 -9999.000000 -9999.000000 -9999.000000 -9999.000000 -9999.000000 0.023081 0.043892 0.040413 0.044778 0.064736 0.069768 0.049355 0.165976 0.186001 0.182082 0.145701 0.086521 0.159181 0.290816 1.434180 1.443404 1.433642 0.052488 0.019309 0.039849 0.037482 0.446696 0.428784 0.061074 0.044939 0.042077 0.055458 0.042562 0.076235 0.068290 0.059715 0.243378 0.214723 0.284489 0.300688 0.933585 1.120677 1.130715 1.108832 0.868095 0.705640 0.027227 0.224546 0.215012 0.025978 0.017372 0.032860 0.161307
-9999.000000 -9999.000000 -9999.000000 -9999.000000 -9999.000000 -9999.000000 -9999.000000 -9999.000000 -9999.000000 -9999.000000 -9999.000000 -9999.000000 0.036185 0.020797 0.038077 0.060814 0.047892 0.064277 0.072269 0.065705 0.129562 0.097851 0.084423 0.077373 0.081533 0.058821 0.053795 0.402136 0.045608 0.022484 0.034843 0.444435 0.458140 0.417555 0.060829 0.028877 0.025612 0.041542 0.073371 0.056146 0.066383 0.054405 0.166579 0.169747 0.117141 0.078289 0.883896 2.122022 2.163227 2.191500 1.098731 0.086446 0.034903 0.248851 0.218103 0.027149 0.017372 0.052436 0.026100
-9999.000000 -9999.000000 -9999.000000 -9999.000000 -9999.000000 -9999.000000 -9999.000000 -9999.000000 -9999.000000 -9999.000000 -9999.000000 -9999.000000 0.031333 0.019310 0.031868 0.053444 0.043175 0.049752 0.042982 0.113508 0.121375 0.080375 0.131920 0.091695 0.052473 0.053960 0.042663 0.057300 0.050213 0.033176 0.470572 1.494273 1.477050 0.364950 0.036338 0.046364 0.023109 0.034431 0.035666 0.078819 0.053002 0.045767 0.041756 0.035271 0.050454 0.065737 0.125935 2.053000 3.117057 3.141289 1.015320 0.045299 0.062433 0.023685 0.477151 0.527680 0.049736 0.050514 0.525105
-9999.000000 -9999.000000 -9999.000000 -9999.000000 -9999.000000 -9999.000000 -9999.000000 -9999.000000 -9999.000000 -9999.000000 -9999.000000 -9999.000000 0.020103 0.014395 0.034356 0.032356 0.051476 0.035805 0.069248 1.136570 1.177034 0.131208 0.077867 0.060445 0.040660 0.049280 0.067899 0.070254 0.449787 0.456907 0.490002 1.493700 1.471069 0.324698 0.042716 0.017967 0.021034 0.043312 0.057660 0.037523 0.022926 0.023903 0.020454 0.022087 0.078818 0.136125 0.136407 0.167499 2.099196 2.157329 0.134948 0.051684 0.032616 0.033867 0.494681 0.514648 0.055461 0.068291 0.040996
-9999.000000 -9999.000000 -9999.000000 -9999.000000 -9999.000000 -9999.000000 -9999.000000 -9999.000000 -9999.000000 -9999.000000 -9999.000000 -9999.000000 -9999.000000 0.031120 0.014395 0.021019 0.019905 0.028174 0.094347 0.067695 0.154645 0.153122 0.026314 0.081053 0.060467 0.035701 0.036516 0.074472 1.495005 1.557652 0.482810 0.476458 0.451888 0.037940 0.024101 0.036583 0.017967 0.020302 0.044548 0.081902 0.054469 0.051186 0.038947 0.119301 0.124123 0.148418 0.112277 0.139299 0.141134 0.959201 0.131339 0.049751 0.032052 0.029290 0.208212 0.214316 0.029732 0.040275 0.043251
-9999.000000 -9999.000000 -9999.000000 -9999.000000 -9999.000000 -9999.000000 -9999.000000 -9999.000000 -9999.000000 -9999.000000 -9999.000000 -9999.000000 0.028923 0.027595 0.024651 0.035331 0.031807 0.081709 0.064232 0.050622 0.042610 0.030586 0.054298 0.026879 0.048348 0.036556 0.045350 0.045385 1.484545 0.440586 0.031882 0.046409 0.054725 0.062782 0.036903 0.037986 0.022148 0.047295 0.044532 0.051017 0.084723 0.162743 0.138635 0.112428 0.097755 0.074973 0.100931 0.096816 0.198912 0.180333 0.168538 0.069115 0.050255 0.042061 0.304154 0.316129 0.037331 0.053343 0.026909
-9999.000000 -9999.000000 -9999.000000 -9999.000000 -9999.000000 -9999.000000 -9999.000000 -9999.000000 -9999.000000 -9999.000000 -9999.000000 0.021736 0.019981 0.061760 0.036934 0.093529 0.087120 0.079705 0.057839 0.057121 0.052236 0.038017 0.053825 0.053406 0.103820 0.021478 0.042149 0.032574 0.060226 0.071112 0.018638 0.059303 0.051918 0.061074 0.054972 0.041085 0.025413 0.029106 0.033729 0.070182 0.087838 0.195763 0.186973 0.093604 0.075843 0.051785 0.058904 0.113294 0.181595 0.168851 0.187414 0.047844 0.062476 0.051505 0.353588 1.430508 0.275061 0.053174 0.030281
