use_cases/Flooding_chicago/flooding_data/output/h_540.asc
ncols 337
nrows 393
xllcorner 428428.000000
yllcorner 4602440.000000
cellsize 26.757400
NODATA_value -9999.000000
[rows 108 to 134 of 393, columns 118 to 176 of 337]
-9999.000000 -9999.000000 -9999.000000 -9999.000000 -9999.000000 -9999.000000 -9999.000000 -9999.000000 -9999.000000 -9999.000000 0.017967 0.140354 0.041434 0.049552 0.112800 0.116798 0.099755 0.066628 0.180460 0.033897 0.037970 0.029046 0.039269 0.036170 0.180394 0.029598 0.028343 0.030800 0.031193 0.032418 0.024528 0.036416 0.089440 0.028801 0.118324 0.113299 0.030815 0.030098 0.065147 0.058922 0.033302 0.035942 0.166405 0.014395 0.029336 0.028500 0.050913 0.126107 0.255771 0.279853 0.037682 0.049934 0.037424 0.066567 0.261148 2.373887 0.292144 0.078881 0.106718
-9999.000000 -9999.000000 -9999.000000 -9999.000000 -9999.000000 -9999.000000 -9999.000000 0.027000 0.037437 0.017967 0.021034 0.102586 0.028908 0.031731 0.097649 0.083000 0.068581 0.045205 0.089990 0.143684 0.027397 0.058495 0.044183 0.078958 0.112290 0.055607 0.053079 0.064004 0.064476 0.020302 0.031930 0.266256 0.287579 0.053369 0.106240 0.108405 0.063485 0.075061 0.070351 0.033211 0.026970 0.045647 0.091484 0.066612 0.037039 0.033715 0.094369 0.168641 0.151734 0.145840 0.046089 0.044944 0.033212 0.065284 0.049737 1.056532 0.165948 0.066353 0.037133
-9999.000000 -9999.000000 -9999.000000 -9999.000000 -9999.000000 -9999.000000 0.034065 0.027106 0.039314 0.031531 0.034095 0.119826 0.034706 0.025217 0.106545 0.076485 0.104082 0.058158 0.118743 0.100686 0.062385 0.053337 0.037819 0.224186 0.146311 0.077921 0.061272 0.231402 0.276336 0.314356 0.042045 0.226378 0.246826 0.201418 0.060753 0.077324 0.051552 0.067650 0.137429 0.038954 0.031929 0.040199 0.361190 0.318804 0.207854 0.253762 0.156345 0.262910 0.037179 0.055550 0.051628 0.048241 0.035956 0.042732 0.037986 0.044457 0.049262 0.014395 0.055749
-9999.000000 -9999.000000 0.038429 0.034386 0.029381 0.036461 0.042673 0.065711 0.022247 0.032280 0.042118 0.133936 0.042793 0.038899 0.070945 0.053170 0.071505 0.071243 0.072094 0.124219 0.082803 0.049129 0.058786 0.033547 0.286953 0.155850 0.112021 1.371342 1.374691 1.384996 0.020180 0.032280 0.180959 0.174843 0.142314 0.035484 0.049202 0.156207 0.148084 0.101374 0.045372 0.025780 0.023815 0.034340 0.032082 0.041070 0.052315 0.046440 0.029610 0.092658 0.073283 0.028236 0.024137 0.024680 0.033882 0.030677 0.026741 0.056450 0.014395
0.039705 0.048642 0.043006 0.053093 0.088402 0.032006 0.029641 0.035637 0.041176 0.041771 0.046105 0.219054 0.054695 0.050911 0.048422 0.071847 0.071314 0.120326 0.113275 0.103004 0.098969 0.055107 0.041985 0.014395 0.020302 0.088011 0.324037 1.386679 2.386158 1.398385 0.017372 0.025703 0.088615 0.191686 0.158189 0.029213 0.057000 0.143237 1.861352 0.628222 0.031532 0.018670 0.014395 0.018944 0.021003 0.034599 0.014395 0.024284 0.028709 0.067637 0.064675 0.027047 0.027832 0.017372 0.017372 0.020180 0.113602 0.143166 0.019310
1.053671 0.055686 0.066182 0.049783 0.024285 0.031547 0.030261 0.039345 0.055931 0.037957 0.058143 0.197218 0.139167 0.049232 0.036110 0.056862 0.056907 0.114748 0.088388 0.235933 0.215390 0.054991 0.039584 0.021004 0.033989 0.102213 0.063044 0.335071 1.385589 0.325681 0.017372 0.025703 0.070360 0.152652 0.168943 0.031059 0.045804 0.042855 0.912409 0.779704 0.036019 0.027657 0.018944 0.028404 0.049736 0.067555 0.024284 0.023399 0.039253 0.081993 0.092231 0.033302 0.045433 0.024986 0.024986 0.030098 0.096352 0.139035 0.076022
0.042903 0.253656 0.198381 0.042090 0.036354 0.032891 0.033180 0.044885 0.077465 0.067558 0.032784 0.140359 0.243327 0.044243 0.037605 0.057533 0.132134 0.204147 0.221511 1.275034 1.261500 0.169738 0.037957 0.019570 0.050118 0.063592 0.059554 0.041710 0.035394 0.030738 0.020180 0.032279 0.049079 0.401886 0.417762 0.042273 0.035546 0.026314 0.064438 0.622431 0.509936 0.031944 0.041252 0.025297 0.036887 0.091501 0.023210 0.041526 0.037558 0.097924 0.101197 0.065572 0.066321 0.028694 0.028038 0.060096 0.080997 0.097367 0.061685
0.035567 0.240091 0.227150 0.159282 0.036674 0.037255 0.026196 0.049289 0.062202 0.127390 0.025399 0.083000 0.181064 0.111520 0.100328 0.163289 0.271419 0.202765 1.297191 1.301316 1.286219 0.194584 0.067850 0.022041 0.114592 0.126522 0.034477 0.035089 0.027793 0.049642 0.031868 0.039483 0.473402 1.549729 1.575784 0.541357 0.027045 0.028710 0.019645 0.021540 0.248514 0.355767 0.468873 0.021868 0.039452 0.084999 0.025535 0.030983 0.041176 0.087927 0.075738 0.405719 0.066033 0.039910 0.091684 0.117276 0.044671 0.051338 0.087040
0.021252 0.213774 0.200563 0.145615 0.345674 0.048638 0.032966 0.042060 0.212527 0.196847 0.117850 0.080812 0.336096 0.310157 0.317738 0.152159 0.227026 0.164655 1.326894 1.311194 0.252394 0.044563 0.084813 0.076822 0.088450 0.068385 0.088260 0.065010 0.042779 0.075034 0.056107 0.060789 0.532015 1.595094 1.600876 0.554219 0.052743 0.034598 0.034377 0.066110 0.132522 0.362126 0.019097 0.026740 0.041528 0.771395 0.042178 0.034356 0.037972 0.251659 0.317372 0.391820 0.048913 0.114177 0.103921 0.096781 0.070502 0.067565 0.055621
0.199137 0.202452 0.182036 0.128017 0.440522 0.390082 0.293762 0.281164 0.276945 0.214195 0.126692 0.311924 0.348523 0.325994 0.301864 0.241320 0.250690 0.153626 0.161053 0.203221 0.025041 0.048632 0.017372 0.066169 0.080270 0.115370 0.093841 0.064098 0.040088 0.110296 0.146056 0.054871 0.046963 0.554315 1.603535 0.542244 0.031594 0.038224 0.042360 0.123206 0.200803 0.205352 0.085977 0.057959 0.843000 1.980453 0.061073 0.105141 0.181883 1.310827 0.304182 0.024300 0.026054 0.099346 0.201346 0.229233 0.170770 0.118339 0.027833
0.154909 0.184602 0.163742 0.114555 0.461006 0.438954 0.380398 0.368340 0.017372 0.113690 0.263035 0.307287 0.297602 0.259455 0.183636 0.493985 0.457970 0.146478 0.158616 0.103478 0.071724 0.031456 0.017372 0.037801 0.054009 0.097274 0.099637 0.076503 0.052341 0.617723 0.151751 0.055569 0.057006 0.522540 0.473310 0.418249 0.237536 0.215189 0.254251 0.502834 0.533406 0.114633 0.123141 1.996046 2.060261 3.040076 2.013683 1.060886 1.939423 0.200537 0.024361 0.014395 0.019310 0.020797 1.197959 0.221705 0.154492 0.904821 0.945982
0.123159 0.154492 1.142285 0.112873 0.062440 0.030908 0.269566 0.258411 0.017372 0.059739 0.171357 0.209656 0.198189 0.150550 0.317395 0.354349 0.344000 0.092671 0.124967 0.135420 0.050695 0.033287 0.039512 0.035713 0.052376 0.420505 0.441731 0.497937 0.582040 0.589004 0.161091 0.070184 0.087167 0.063291 0.043430 0.340508 0.184822 0.238072 0.137700 0.562838 0.616401 0.467506 1.031935 1.048156 1.089033 1.995914 3.052161 3.058314 2.036193 0.039803 0.023873 0.026813 0.030953 0.089723 0.143439 0.017372 0.110859 0.946455 0.972506
0.082602 0.100160 0.109894 0.091400 0.050359 0.090615 0.133003 0.233565 0.113238 0.069017 0.207104 0.210255 0.161898 0.275080 0.266887 0.368388 0.393337 0.125846 0.187667 0.067163 0.060669 0.057406 0.025657 0.043026 0.379001 1.537889 1.528990 0.472614 0.069171 0.108219 0.172700 0.096166 0.120089 0.038556 0.033585 0.047328 0.254889 0.131308 0.093917 0.078587 0.560438 0.023795 0.028145 0.022972 0.018547 0.067513 2.034071 3.068249 2.054404 0.058030 0.038810 0.028817 0.043010 1.596353 0.647608 0.017372 0.064558 0.924528 0.956439
0.261053 0.320871 0.066595 0.059029 0.075823 0.135241 0.117068 0.213003 0.474759 0.317975 0.216563 0.165883 0.111855 0.668519 0.681794 0.689575 0.687939 0.095241 0.172962 0.177432 0.184266 0.240323 0.031013 0.475262 1.537252 2.558681 2.535032 0.413834 0.035226 0.053903 0.083039 0.141873 0.057282 0.069992 0.052405 0.082407 0.058066 0.093250 0.108342 0.108057 0.418431 0.023018 0.023673 0.080520 0.066258 0.092779 1.039693 2.061025 2.063980 0.025079 0.033349 0.057731 0.424332 1.625592 0.621037 0.031854 0.905644 0.915166 0.023644
0.191345 0.025116 0.051469 0.038567 0.049395 0.078496 0.186283 0.204150 0.094646 0.312315 0.658661 0.620108 0.684396 0.754240 0.797808 0.809781 0.765444 0.188312 0.108405 0.155684 0.186006 0.026673 0.035183 0.503844 1.554196 2.565381 2.544179 0.366761 0.046807 0.040769 0.061043 0.088197 0.103130 0.093307 0.068317 0.091069 0.080807 0.100306 0.131968 0.114039 1.006527 1.191980 1.070959 1.954644 1.981698 1.156919 2.083288 2.069669 2.072899 0.024502 0.030097 0.064628 0.417895 2.641232 1.626552 0.025635 0.940857 0.891666 0.111924
0.098203 0.095975 0.026386 0.065219 0.074557 0.151561 0.160299 0.141236 0.085126 0.043207 0.754890 1.663574 0.748716 0.762391 0.793808 0.787448 0.781650 0.169116 0.244098 0.111735 0.152015 0.030831 0.032754 0.457856 0.489349 0.461536 1.498227 0.310813 0.045802 0.025780 0.026329 0.134593 0.105474 0.106220 0.089723 0.048440 0.087337 0.101486 0.129123 0.118242 0.951410 2.169810 0.137569 0.853137 1.986952 1.895269 1.879934 1.925492 0.916642 0.098688 0.020104 0.077309 0.418509 3.626513 2.451119 0.775177 0.846654 0.836201 0.809989
0.511888 0.060559 0.068768 0.052450 0.071150 0.086596 0.219737 0.215082 0.198026 0.023069 0.034927 1.719358 1.696193 0.742056 0.784504 0.756510 0.789942 0.166285 0.237860 0.087503 0.120589 0.024834 0.025413 0.354009 0.031879 0.021661 0.121383 0.091061 0.056893 0.033503 0.035361 0.169707 0.027458 0.037088 0.034156 0.026055 0.060345 0.077890 0.086387 0.073905 0.069862 0.110376 0.060758 0.047646 0.048582 0.429036 0.396222 0.235641 0.057890 0.110496 0.144951 0.113609 0.083631 1.043471 1.097117 0.042639 0.073936 0.120608 0.166362
0.513136 0.040545 0.057281 0.045031 0.061809 0.052401 0.107096 0.219477 0.091574 0.060797 0.044112 0.622653 1.726150 0.679836 0.782590 0.662295 0.035799 0.023795 0.042400 0.072678 0.082588 0.088532 0.125264 0.212990 0.046404 0.037346 0.049308 0.048714 0.033531 0.036309 0.045937 0.041008 0.014395 0.049843 0.037208 0.026970 0.067510 0.123640 0.094732 0.084098 0.078580 0.095389 0.077303 0.067484 0.042978 0.355783 0.356399 0.041817 0.058356 0.061626 0.047036 0.119438 0.033836 0.063159 0.071784 0.027779 0.022318 0.063500 0.064143
1.404132 0.331263 0.040447 0.037362 0.041159 0.054405 0.079517 0.423032 0.085932 0.115487 0.188645 0.391313 0.452738 0.486779 0.014395 0.466353 0.030700 0.046683 0.029994 0.038227 0.128280 0.135076 0.187009 0.120976 0.049858 0.035942 0.060082 0.059211 0.031059 0.028572 0.036843 0.036995 0.036369 0.037163 0.186791 0.173717 0.139856 0.109906 0.097265 0.068743 0.062121 0.060013 0.075545 0.053472 0.063749 0.494029 0.492294 0.042137 0.041496 0.058448 0.044257 0.043753 0.053195 0.044106 0.067741 0.014395 0.026833 0.079940 0.085682
1.436067 0.335145 0.028170 0.027230 0.044652 0.067090 0.215250 0.320425 0.199470 0.238907 0.297699 0.415096 0.491772 0.238546 0.092001 0.370619 0.168374 0.104825 0.092639 0.068892 0.141747 0.210818 0.138824 0.090046 0.038207 0.063192 0.036446 0.044700 0.050773 0.023857 0.095252 0.048073 0.071724 0.026238 0.186402 0.174238 0.162476 0.149541 0.142421 0.091746 0.047806 0.048907 0.040963 0.069376 0.082886 0.537127 0.530970 0.059379 0.066572 0.036644 0.069084 0.046043 0.030937 0.037208 0.064232 0.042798 0.028298 0.156108 0.095321
0.348321 0.263072 0.134629 0.070670 0.061470 0.048235 0.187243 0.199028 0.594348 0.158924 0.165694 0.332625 0.315402 0.261207 0.187329 0.250698 0.661295 0.657195 0.217757 0.296196 0.315279 0.124345 0.019310 0.014395 0.064238 0.058126 0.055122 0.060921 0.074406 0.046501 0.079628 0.046332 0.054438 0.023628 0.022042 0.164417 0.165245 0.157931 0.141835 0.027230 0.030800 0.040473 0.066872 0.051460 0.047311 0.292243 0.293290 0.074913 0.096443 0.099813 0.054848 0.046730 0.027717 0.055869 0.052864 0.219245 1.319776 0.206309 0.146285
0.020271 0.184241 0.158692 0.135910 0.117915 0.132326 0.116826 0.529530 0.566612 0.072343 0.177367 0.638503 0.570683 0.583183 0.662873 0.136820 0.829377 0.807860 0.272666 0.337223 0.068397 0.088272 0.046349 0.019310 0.067983 0.081886 0.111976 0.144235 0.184871 0.122887 0.130075 0.052025 0.046807 0.034645 0.018152 0.148652 0.028359 0.038177 0.045784 0.026939 0.024361 0.028267 0.035592 0.048169 0.062004 0.410879 0.429224 0.443704 0.097512 0.094796 0.079126 0.065833 0.053382 0.046288 0.050545 0.059945 0.199461 0.026801 0.121366
0.030815 0.027244 0.105336 0.107928 0.102677 0.408992 0.477651 0.494194 0.463849 0.259375 0.717861 0.773260 1.773838 1.753805 0.765010 0.774522 0.779741 0.756256 0.024971 0.036415 0.029483 0.025306 0.033896 0.088538 0.102356 0.152686 0.091881 0.146140 0.173187 0.017372 0.092537 0.199451 0.053001 0.050384 0.049652 0.079222 0.033119 0.043311 0.019310 0.014395 0.026939 0.026756 0.044591 0.051583 0.079170 0.375886 0.377078 0.066262 0.045861 0.050881 0.051163 0.042000 0.068916 0.064400 0.040246 0.059455 0.044976 0.033867 0.035241
0.034752 0.035606 0.039176 0.382166 2.517800 2.541474 1.529593 0.506872 0.488625 0.279140 0.793806 0.805871 0.821781 1.830318 0.786032 0.806860 1.761924 0.700367 0.049585 0.029899 0.031288 0.023719 0.025657 0.058204 0.299440 0.103461 0.134220 0.083308 0.111289 0.017372 0.063346 0.114200 0.535788 0.066210 0.070915 0.061687 0.048798 0.030053 0.037361 0.026786 0.038628 0.039391 0.038948 0.055611 0.120279 0.107708 0.102250 0.055000 0.045432 0.036995 0.045966 0.032478 0.044070 0.040809 0.043525 0.038674 0.028298 0.029229 0.031441
0.037026 0.044304 0.028603 0.475125 1.525984 2.552699 1.531347 0.531966 0.023751 0.205007 0.727622 0.783165 0.797875 0.778519 0.025156 0.024242 1.778456 1.774763 1.733972 0.075989 0.064335 0.128518 0.022909 0.333079 1.378662 0.381734 0.320941 0.312619 0.106412 0.027123 0.034827 0.679546 0.677023 0.634250 0.073905 0.064374 0.041893 0.034172 0.031544 0.038567 0.055565 0.038338 0.085501 0.014395 0.051903 0.069191 0.071968 0.049569 0.042688 0.044577 0.048698 0.034310 0.048484 0.018090 0.020333 0.047276 0.014395 0.024894 0.040779
0.035545 0.042839 0.028252 0.036814 0.047146 0.559701 0.030324 0.035713 0.039716 0.027185 0.743352 1.672994 1.669920 0.755274 0.038020 0.030808 1.789992 1.779976 1.763076 0.534747 0.205687 0.175339 0.285938 1.409343 1.415274 1.411274 1.387713 0.281691 0.086070 0.050547 0.067910 0.039040 0.665578 0.659679 0.526516 0.061429 0.044926 0.030269 0.032921 0.042305 0.084401 0.057426 0.092149 0.072899 0.041512 0.045707 0.071499 0.055168 0.049583 0.028002 0.028664 0.018197 0.021615 0.021706 0.030326 0.050804 0.040245 0.041023 0.039604
0.026558 0.028191 0.040466 0.046503 0.083770 0.074143 0.046127 0.038806 0.035581 0.026500 0.039693 1.707775 2.717447 2.724030 0.699880 0.030175 0.767031 1.770718 1.762067 1.673511 0.214591 0.181006 0.309090 0.359364 0.379124 1.439301 1.419328 0.291268 0.075622 0.057717 0.063033 0.050285 0.029366 0.020273 0.300253 0.184059 0.047202 0.032708 0.033790 0.062568 0.056128 0.061425 0.114372 0.097644 0.051918 0.035729 0.031914 0.029914 0.023354 0.032067 0.027092 0.037987 0.032341 0.039559 0.045356 0.065468 0.045280 0.040338 0.051308
