use_cases/Flooding_chicago/flooding_data/output/h_600.asc
ncols 337
nrows 393
xllcorner 428428.000000
yllcorner 4602440.000000
cellsize 26.757400
NODATA_value -9999.000000
[rows 162 to 188 of 393, columns 236 to 294 of 337]
1.162740 1.149192 1.175903 1.158700 1.161867 0.033500 0.047294 0.021340 0.101195 1.427503 2.580139 1.407743 1.520533 1.505218 0.386684 0.086897 0.024736 0.023613 0.026633 0.019188 0.055040 0.038845 0.584577 0.570329 0.100537 0.129377 0.103952 0.124382 0.032967 0.019677 0.035896 0.345514 0.393960 0.352146 0.041496 0.044136 0.027046 0.036691 0.037436 0.106453 0.092273 0.051949 -9999.000000 -9999.000000 -9999.000000 -9999.000000 -9999.000000 -9999.000000 -9999.000000 -9999.000000 -9999.000000 -9999.000000 -9999.000000 -9999.000000 -9999.000000 -9999.000000 -9999.000000 -9999.000000 -9999.000000
1.154394 1.146198 1.179990 1.162275 1.173388 0.108563 0.165982 0.021522 0.131431 1.417780 3.570560 3.559124 1.535395 0.475848 0.418772 0.025811 0.030358 0.072078 0.571333 1.685822 0.670071 0.659789 0.637524 0.048300 0.021567 0.027413 0.032722 0.047798 0.027244 0.028893 0.035316 0.034950 0.384141 0.382573 0.035700 0.036064 0.058144 0.093866 0.022164 0.120888 0.084434 0.119579 -9999.000000 -9999.000000 -9999.000000 -9999.000000 -9999.000000 -9999.000000 -9999.000000 -9999.000000 -9999.000000 -9999.000000 -9999.000000 -9999.000000 -9999.000000 -9999.000000 -9999.000000 -9999.000000 -9999.000000
1.147429 1.133332 1.170826 2.147109 1.158417 0.142870 0.211449 0.203006 0.192535 1.432149 3.584798 3.581878 1.478775 0.114375 0.069415 0.031135 0.031333 0.084047 1.631956 2.676584 1.680508 1.663306 0.556817 0.064277 0.083164 0.079523 0.043388 0.027850 0.038520 0.027106 0.039711 0.026407 0.032823 0.406180 0.455455 0.454447 0.469502 0.080163 0.109688 0.112880 0.081871 0.119205 -9999.000000 -9999.000000 -9999.000000 -9999.000000 -9999.000000 -9999.000000 -9999.000000 -9999.000000 -9999.000000 -9999.000000 -9999.000000 -9999.000000 -9999.000000 -9999.000000 -9999.000000 -9999.000000 -9999.000000
1.120104 0.142888 1.094301 1.018112 0.140421 0.051378 0.246946 0.255293 0.199815 0.120154 1.612941 1.564326 0.516220 0.190818 0.019753 0.029457 0.025750 0.068575 0.415991 1.633383 1.636572 1.620675 0.605909 0.611450 0.077615 0.074804 0.052056 0.032189 0.033272 0.053856 0.178842 0.019021 0.043755 0.357730 1.479827 1.495803 0.060908 0.080284 0.111082 0.115672 0.094751 0.053128 0.063866 -9999.000000 -9999.000000 -9999.000000 -9999.000000 -9999.000000 -9999.000000 -9999.000000 -9999.000000 -9999.000000 -9999.000000 -9999.000000 -9999.000000 -9999.000000 -9999.000000 -9999.000000 -9999.000000
0.137486 0.183883 0.179587 0.194487 0.085678 0.118623 0.101955 0.089658 0.066261 0.136658 0.104197 0.144685 0.658650 0.324296 0.483660 0.503040 0.473831 0.027917 0.027550 0.079129 0.078801 0.087576 0.130366 0.093781 0.036262 0.031288 0.024223 0.030709 0.026619 0.044419 0.106653 0.124319 0.014396 0.031610 0.455624 0.450580 0.028694 0.024544 0.030098 0.025474 0.097771 0.066811 0.056480 -9999.000000 -9999.000000 -9999.000000 -9999.000000 -9999.000000 -9999.000000 -9999.000000 -9999.000000 -9999.000000 -9999.000000 -9999.000000 -9999.000000 -9999.000000 -9999.000000 -9999.000000 -9999.000000
0.109309 0.167783 0.211402 0.252425 0.141405 0.169577 0.150628 0.108373 0.090413 0.063993 0.039438 0.220290 0.244654 0.410656 0.487641 0.488513 0.030460 0.023017 0.023660 0.046562 0.039679 0.052588 0.167765 0.147749 0.025536 0.018181 0.022164 0.058403 0.045646 0.037438 0.276643 0.061028 0.062615 0.052025 0.031701 0.383408 0.028771 0.024773 0.030890 0.030143 0.024147 0.022438 0.029030 -9999.000000 -9999.000000 -9999.000000 -9999.000000 -9999.000000 -9999.000000 -9999.000000 -9999.000000 -9999.000000 -9999.000000 -9999.000000 -9999.000000 -9999.000000 -9999.000000 -9999.000000 -9999.000000
0.115772 0.167193 0.181495 0.198175 0.228722 0.224042 0.193125 0.040139 0.046716 0.046395 0.041023 0.059854 0.034743 0.509757 0.530972 0.522656 0.040853 0.023781 0.028114 0.023034 0.068182 0.045419 0.097252 0.033394 0.023831 0.025457 0.051338 0.058602 0.076663 0.021995 0.224113 0.206512 0.043810 0.047264 0.030113 0.269520 0.033318 0.043511 0.052467 0.053978 0.031090 0.018228 0.027870 -9999.000000 -9999.000000 -9999.000000 -9999.000000 -9999.000000 -9999.000000 -9999.000000 -9999.000000 -9999.000000 -9999.000000 -9999.000000 -9999.000000 -9999.000000 -9999.000000 -9999.000000 -9999.000000
0.059158 0.266641 0.268780 0.285931 0.296088 0.269013 0.060997 0.043708 0.049415 0.047998 0.038186 0.043522 0.036932 0.543631 0.562346 0.547443 0.038462 0.071185 0.084795 0.018348 0.079399 0.070093 0.052391 0.049719 0.034157 0.125907 0.985424 0.128423 0.048271 0.035225 0.155474 0.147331 0.029594 0.029992 0.036722 0.227014 0.128780 0.034477 0.046645 0.052420 0.036994 0.028007 0.032218 0.025903 -9999.000000 -9999.000000 -9999.000000 -9999.000000 -9999.000000 -9999.000000 -9999.000000 -9999.000000 -9999.000000 -9999.000000 -9999.000000 -9999.000000 -9999.000000 -9999.000000 -9999.000000
0.097052 0.308619 0.309349 1.355523 0.272903 0.223145 0.092548 0.062545 0.028905 0.027596 0.062906 0.056983 0.557379 0.565335 0.600872 0.602752 0.655504 0.629718 0.057196 0.040291 0.074410 0.072077 0.059044 0.037591 0.172075 1.175764 2.182382 1.189412 0.039467 0.031624 0.162667 0.129997 0.072229 0.043329 0.081368 0.119784 0.144367 0.099484 0.058581 0.077427 0.043281 0.029533 0.023119 0.079445 -9999.000000 -9999.000000 -9999.000000 -9999.000000 -9999.000000 -9999.000000 -9999.000000 -9999.000000 -9999.000000 -9999.000000 -9999.000000 -9999.000000 -9999.000000 -9999.000000 -9999.000000
0.122242 0.317253 1.319572 1.324805 0.042747 0.047546 0.082954 0.048363 0.042398 0.038185 0.070765 0.068463 0.513213 1.613916 0.635321 0.622620 0.637835 0.660038 0.597990 0.111978 0.014396 0.068549 0.042360 0.262743 0.245720 1.145168 2.196306 1.196411 0.143001 0.074749 0.104893 0.138732 0.080942 0.053293 0.060260 0.141489 1.606561 1.656371 1.648019 0.508159 0.045142 0.053887 0.023567 0.073679 0.041527 -9999.000000 -9999.000000 -9999.000000 -9999.000000 -9999.000000 -9999.000000 -9999.000000 -9999.000000 -9999.000000 -9999.000000 -9999.000000 -9999.000000 -9999.000000 -9999.000000
0.143102 0.301211 1.269374 0.050144 0.024544 0.027413 0.104835 0.044165 0.062104 0.046729 0.046044 0.042275 0.073380 1.512960 1.522951 0.560593 0.037073 0.626489 0.590056 0.124361 0.060310 0.059854 0.303645 0.268771 0.240694 0.177880 0.160849 0.161384 0.014396 0.056126 0.129301 0.182886 0.815912 0.879285 0.822756 0.779818 3.815379 3.830365 2.821477 1.771118 0.091108 0.048363 0.065910 0.028588 0.025826 0.039176 -9999.000000 -9999.000000 -9999.000000 -9999.000000 -9999.000000 -9999.000000 -9999.000000 -9999.000000 -9999.000000 -9999.000000 -9999.000000 -9999.000000 -9999.000000
0.160743 0.103634 0.078776 0.028023 0.014396 0.023384 0.052611 0.074411 0.082084 0.017373 0.020133 0.068306 0.103340 0.138953 0.113167 0.125926 0.048211 0.115449 0.043907 0.066353 0.034354 0.031472 0.085045 0.017967 0.021034 0.021262 0.084850 0.095110 0.052571 0.037122 0.109623 1.251686 0.254201 0.239960 0.763310 1.866514 2.871416 2.866485 1.855798 0.743075 0.082414 0.058007 0.049677 0.026115 0.017967 0.030144 -9999.000000 -9999.000000 -9999.000000 -9999.000000 -9999.000000 -9999.000000 -9999.000000 -9999.000000 -9999.000000 -9999.000000 -9999.000000 -9999.000000 -9999.000000
0.050212 0.032783 0.045311 0.020959 0.035026 0.018440 0.057126 0.071281 0.081486 0.017373 0.049385 0.117638 0.123011 0.078332 0.065484 0.085200 0.078591 0.055184 0.052926 0.053733 0.059960 0.048043 0.108712 0.074123 0.017967 0.048221 0.131678 0.138639 0.080964 0.127000 0.108501 0.223472 0.250625 0.036447 0.076931 0.758697 1.869395 1.877157 0.855808 0.073599 0.079665 0.073484 0.044878 0.026954 0.021034 0.017967 0.020378 0.028804 -9999.000000 -9999.000000 -9999.000000 -9999.000000 -9999.000000 -9999.000000 -9999.000000 -9999.000000 -9999.000000 -9999.000000 -9999.000000
0.025551 0.034491 0.025551 0.032830 0.414757 0.489095 0.054894 0.045401 0.070046 0.059060 0.058298 0.157234 0.187339 0.029669 0.028451 0.138314 0.125450 0.023781 0.023078 0.073066 0.072045 0.065025 0.036980 0.159468 0.020378 0.052345 0.083446 0.871755 0.059873 0.040207 0.053412 0.041121 0.065094 0.065167 0.048963 0.080839 0.810973 0.825941 0.848080 0.045931 0.048565 0.784739 0.069117 0.044823 0.026954 0.026115 0.032493 0.032875 -9999.000000 -9999.000000 -9999.000000 -9999.000000 -9999.000000 -9999.000000 -9999.000000 -9999.000000 -9999.000000 -9999.000000 -9999.000000
0.024635 0.014396 0.024635 0.388491 1.556532 1.547185 0.376056 0.075319 0.066545 0.020378 0.045250 0.191796 0.029884 0.046640 0.041115 0.166605 0.025200 0.028633 0.023949 0.061844 0.069664 0.017373 0.037575 0.142950 0.114998 0.069822 0.093628 0.934275 0.053658 0.063250 0.019753 0.053261 0.035031 0.039989 0.066920 0.045758 0.094928 0.790201 0.841345 0.029847 0.030902 0.816897 0.063875 0.030479 0.036843 0.030693 0.039342 0.174556 0.014396 -9999.000000 -9999.000000 -9999.000000 -9999.000000 -9999.000000 -9999.000000 -9999.000000 -9999.000000 -9999.000000 -9999.000000
0.053286 0.024635 0.027855 0.434655 1.584157 1.526402 0.389214 0.073840 0.027336 0.031182 0.043859 0.178476 0.031792 0.052712 0.022591 0.022591 0.029788 0.034081 0.075093 0.080674 0.038536 0.017373 0.038399 0.105965 0.101706 0.057808 0.100144 0.928945 1.985823 0.060479 0.029456 0.031105 0.025765 0.042870 0.038793 0.050896 0.093692 0.770715 0.828237 0.806891 0.819290 0.824024 0.048428 0.050945 0.047302 0.843318 0.819410 0.838177 0.111519 0.014396 -9999.000000 -9999.000000 -9999.000000 -9999.000000 -9999.000000 -9999.000000 -9999.000000 -9999.000000 -9999.000000
1.749773 0.680259 0.663993 0.263500 0.032342 0.374270 0.343616 0.039650 0.035702 0.035744 0.035821 0.107847 0.100659 0.033944 0.022591 0.022591 0.043970 0.099740 0.948135 0.113517 0.101701 0.046318 0.039773 0.057777 0.191793 0.192694 0.118200 1.925043 2.958393 0.044327 0.025733 0.031258 0.030143 0.023644 0.031223 0.053280 0.127924 0.760091 0.787505 0.795998 0.780949 0.788970 0.034593 1.023648 1.055702 2.021038 2.031402 0.927816 0.108636 0.115061 0.062149 -9999.000000 -9999.000000 -9999.000000 -9999.000000 -9999.000000 -9999.000000 -9999.000000 -9999.000000
1.796121 0.784923 0.699074 0.236370 0.055565 0.082165 0.082512 0.058206 0.041359 0.039498 0.043404 0.118405 0.109937 0.050698 0.027794 0.027794 0.107406 2.170114 2.167057 0.115730 0.032723 0.053810 0.041359 0.222657 0.192495 0.170784 0.969309 1.903981 2.003601 0.944045 0.969843 0.051250 0.067055 0.018471 0.041153 0.062034 1.236899 0.162864 0.152005 0.023736 0.080349 0.080271 0.020684 0.062455 1.072795 1.056279 1.064574 0.062407 0.031882 0.042474 0.035424 -9999.000000 -9999.000000 -9999.000000 -9999.000000 -9999.000000 -9999.000000 -9999.000000 -9999.000000
1.783297 0.722713 0.032936 0.027137 0.039865 0.055413 0.058708 0.033135 0.055031 0.046385 0.096441 0.517107 0.502453 0.034721 0.049156 0.041130 1.187084 3.172591 2.184455 0.115387 0.036994 0.018028 0.038674 0.037301 0.155006 0.145898 1.023342 0.032223 0.031719 0.923857 0.942108 1.950235 0.901272 0.080847 0.055025 0.034187 1.134752 0.154471 0.023933 0.028571 0.024422 0.026925 0.019265 0.099337 1.078601 0.087118 0.025338 0.032341 0.025338 0.064979 0.060737 0.014396 -9999.000000 -9999.000000 -9999.000000 -9999.000000 -9999.000000 -9999.000000 -9999.000000
1.753992 1.719906 0.033220 0.024894 0.014396 0.085960 0.072700 0.037087 0.023566 0.022942 0.031502 0.039595 0.477034 0.042015 0.036446 0.033791 0.204320 1.148586 1.188362 0.126571 0.039086 0.021003 0.037072 0.041404 0.026848 0.126895 1.036978 0.050019 0.040014 0.939663 0.963443 0.910157 0.901826 0.074610 0.014396 0.076010 0.328434 0.096471 0.023064 0.023766 0.174906 0.019096 0.068645 1.137130 1.109623 0.115836 0.026634 0.039207 0.026634 0.049934 0.037469 -9999.000000 -9999.000000 -9999.000000 -9999.000000 -9999.000000 -9999.000000 -9999.000000 -9999.000000
0.583643 0.540177 0.486565 0.043317 0.037681 0.057977 0.053245 0.031288 0.027366 0.023507 0.022652 0.019525 0.356229 1.434213 0.477113 0.026023 0.240925 0.175593 0.141157 0.044248 0.039544 0.018028 0.028415 0.227794 0.245912 0.175314 1.058159 1.070611 1.069634 0.046032 0.046514 0.055714 0.071596 0.080755 0.059947 0.051588 0.125121 1.240828 1.258581 0.190971 0.173093 0.152113 0.101577 1.108334 1.064655 0.124608 0.102138 0.030433 0.805780 0.780843 1.815856 0.022979 -9999.000000 -9999.000000 -9999.000000 -9999.000000 -9999.000000 -9999.000000 -9999.000000
0.042152 0.052884 1.422719 0.042900 0.042860 0.076850 0.074943 0.034172 0.019308 0.031287 0.036262 0.045982 1.417529 1.452371 0.440356 0.379855 0.314917 0.046541 0.059182 0.078319 0.027046 0.025993 0.267842 0.259184 0.239049 0.183189 1.060653 1.068682 1.069215 0.057657 0.059527 0.019600 0.028586 0.026466 0.062075 0.054395 0.145527 1.228819 1.247477 1.241226 0.187051 0.163590 0.109389 0.073922 0.076678 0.081465 0.097618 0.030891 0.764148 0.758939 1.776179 0.039094 -9999.000000 -9999.000000 -9999.000000 -9999.000000 -9999.000000 -9999.000000 -9999.000000
0.048105 0.057534 0.270545 0.328107 0.350185 0.051065 0.059395 0.055734 0.026695 0.030678 0.053560 1.405857 1.428756 0.395368 0.029065 0.043861 0.057349 0.080625 0.026406 0.024101 0.038734 0.035728 0.260930 0.281814 0.248449 0.186101 0.982832 1.005543 0.053384 0.044956 0.046820 0.055122 0.026421 0.036142 0.025673 0.051563 0.150118 1.234511 1.249623 1.241724 0.192223 0.186602 0.026299 0.026099 0.064937 0.065561 0.027276 0.027276 0.076335 0.592526 0.560441 0.068895 0.023289 -9999.000000 -9999.000000 -9999.000000 -9999.000000 -9999.000000 -9999.000000
0.048027 0.053275 0.051582 0.297071 0.391933 0.290601 0.195514 0.558337 0.032829 0.032934 1.443236 2.431751 1.422498 0.344586 0.030366 0.026039 0.034249 0.035271 0.038963 0.026644 0.320198 0.370070 0.269585 1.273331 0.249391 0.222431 0.154767 0.115138 0.074163 0.087617 0.071916 0.058735 0.061047 0.025673 0.023765 0.050316 0.160080 1.239363 1.256278 1.242921 0.168701 0.039757 0.018913 0.025826 0.065619 0.066644 0.028915 0.028915 0.064976 0.048465 0.049193 0.054678 0.024024 -9999.000000 -9999.000000 -9999.000000 -9999.000000 -9999.000000 -9999.000000
0.071207 0.049949 0.041313 0.045403 0.040383 0.286513 0.218577 0.646438 0.594830 0.500692 1.434334 2.420744 2.461951 1.441964 0.366347 0.026908 0.038933 0.034370 0.028541 0.039419 0.307618 0.304650 0.021386 0.166215 0.188000 0.194016 0.051110 0.042884 0.065005 0.268395 0.247487 0.250499 0.256441 0.037804 0.045443 0.052324 0.033654 0.222730 1.271994 0.238010 0.036540 0.066787 0.028024 0.014396 0.026817 0.027426 0.017373 0.017373 0.072700 0.025276 0.033043 0.034248 0.028907 0.038628 0.046685 -9999.000000 -9999.000000 -9999.000000 -9999.000000
0.090523 0.056801 0.044121 0.047630 0.047540 0.036231 0.027230 0.083562 0.050659 0.463147 0.398599 1.417869 1.425533 1.422833 0.293080 0.036107 0.022072 0.042684 0.070991 0.066568 0.057087 0.029640 0.019983 0.046054 0.033059 0.066856 0.099327 0.075691 0.041848 0.285186 1.361820 1.369312 1.382459 1.375395 1.368050 0.044004 0.040064 0.228530 1.273135 0.270033 0.271957 0.100459 0.180578 0.212459 0.034049 0.048685 0.028288 0.037026 0.030267 0.024589 0.014396 0.038826 0.041085 0.029336 0.054192 0.070167 -9999.000000 -9999.000000 -9999.000000
0.081995 0.106088 0.123235 1.268230 1.291341 0.026497 0.028787 0.019646 0.079040 0.060909 0.046255 0.036132 0.290642 0.320623 0.236116 0.139295 0.093470 1.064091 2.046060 0.813260 0.033196 0.020302 0.017967 0.032372 0.039406 0.047616 0.161430 0.017373 0.017373 0.034242 0.306383 1.390778 1.400468 1.399631 0.386250 0.048209 0.046557 0.236915 1.263495 1.249110 0.232755 0.074058 0.020820 0.178913 0.193496 0.217843 0.222390 0.185345 0.037224 0.039864 0.019309 0.068138 0.028542 0.033576 0.040718 0.062791 0.070782 0.060784 0.028496
