use_cases/Flooding_chicago/flooding_data/output/h_600.asc
ncols 337
nrows 393
xllcorner 428428.000000
yllcorner 4602440.000000
cellsize 26.757400
NODATA_value -9999.000000
[rows 216 to 242 of 393, columns 177 to 235 of 337]
-9999.000000 -9999.000000 -9999.000000 -9999.000000 -9999.000000 -9999.000000 0.112053 0.119074 0.036963 0.030434 0.020133 0.030160 0.069668 0.084557 0.063357 0.068653 0.043785 0.042260 0.071140 0.047067 0.160403 0.074086 1.554860 1.522536 0.092748 0.136777 0.106835 1.137695 0.133043 0.109547 0.025703 0.017373 0.025703 0.029046 0.259412 0.037900 0.050535 0.050006 0.047953 0.042508 0.031010 0.434704 0.464266 0.544662 0.617606 0.610308 0.045717 0.141594 0.152323 0.036273 0.027161 0.273998 0.419623 0.309270 0.031115 0.034531 0.034330 0.072422 0.099812
-9999.000000 -9999.000000 -9999.000000 -9999.000000 -9999.000000 -9999.000000 0.072229 0.108909 0.145799 0.026274 0.026437 0.130369 0.061241 0.083259 0.079801 0.044935 0.065636 0.056619 0.076750 0.226385 0.185854 0.380380 1.422081 0.377703 0.115898 0.109805 0.174662 0.197950 0.204285 0.181659 0.025703 0.017373 0.025703 0.029046 0.388518 0.028143 0.033278 0.025050 0.024415 0.029921 0.023206 0.033276 0.465773 1.640661 1.637724 0.631730 0.081533 0.060005 0.068348 0.055915 0.032099 0.425646 0.405997 0.221783 0.028869 0.017967 0.039482 0.066752 0.139108
-9999.000000 -9999.000000 -9999.000000 -9999.000000 -9999.000000 -9999.000000 -9999.000000 0.055871 0.019309 0.201515 0.212047 0.103825 0.062097 0.089287 0.098230 0.018578 0.030739 0.063682 0.095401 0.209876 0.163334 0.383856 0.241421 0.105223 0.112363 0.180872 0.229975 0.246153 1.268109 0.262777 0.307949 0.031471 0.065680 0.112974 0.415809 0.037783 0.042565 0.796103 1.813614 0.801411 0.795852 0.017888 0.062355 0.047761 0.622997 0.591713 0.116349 0.036651 0.107386 0.053772 0.757046 0.663885 0.635072 0.051183 0.017967 0.021034 0.071666 0.074196 0.068066
-9999.000000 -9999.000000 -9999.000000 -9999.000000 -9999.000000 -9999.000000 -9999.000000 -9999.000000 0.014396 0.281401 1.334376 0.065378 0.059915 0.089765 0.104979 0.023066 0.045327 0.038064 0.119093 0.095838 0.072637 0.207921 0.084875 0.136678 0.178844 0.226923 0.278249 1.308980 2.267853 1.304938 0.219616 0.026009 0.051657 0.099947 0.092901 0.044168 0.037144 0.771482 1.786842 1.801386 2.776909 0.755583 0.058253 0.061290 0.076185 0.263231 0.093309 0.079544 0.121683 0.710776 0.685676 0.713242 0.692389 0.078826 0.192812 0.177921 0.090370 0.112447 0.061511
-9999.000000 -9999.000000 -9999.000000 -9999.000000 -9999.000000 -9999.000000 -9999.000000 -9999.000000 -9999.000000 0.208076 2.338135 0.269131 0.046082 0.079217 0.024620 0.028526 0.051262 0.052895 0.089619 0.090369 0.087248 0.248464 0.089214 0.110647 0.098549 0.257134 1.270129 2.281407 2.260496 1.294568 0.030800 0.018943 0.030800 0.041390 0.067063 0.065153 0.798167 0.761984 0.740426 2.774670 3.780399 1.729810 0.089295 0.034394 0.159948 0.175616 0.184945 0.133633 0.072995 0.151702 0.168015 0.728499 0.690226 0.881586 0.195291 0.157107 0.021673 0.047585 0.029930
-9999.000000 -9999.000000 -9999.000000 -9999.000000 -9999.000000 -9999.000000 -9999.000000 -9999.000000 -9999.000000 -9999.000000 0.014396 0.140409 0.189131 0.064801 0.027826 0.024695 0.053521 0.026542 0.066586 0.046610 0.168874 0.144075 0.166266 0.180136 0.184030 0.137768 0.299627 1.199482 0.190045 0.035437 0.024620 0.014396 0.024620 0.039955 0.038368 0.040971 0.259182 0.273375 0.217259 0.646178 1.758125 1.688631 0.128226 0.072736 0.076480 0.266998 0.267007 0.072694 0.054200 0.140067 0.232347 0.240310 0.216503 0.380234 0.307967 0.032647 0.021768 0.034721 0.029442
-9999.000000 -9999.000000 -9999.000000 -9999.000000 -9999.000000 -9999.000000 -9999.000000 -9999.000000 -9999.000000 -9999.000000 -9999.000000 0.014396 0.059076 0.081915 0.019416 0.044213 0.034433 0.123880 0.101680 0.072899 0.165463 0.141309 0.160565 0.219808 0.249400 0.248915 0.238544 0.221848 0.096335 0.030563 0.025504 0.034234 0.025504 0.033561 0.055067 0.054514 0.391787 0.384271 0.237360 0.134690 0.570066 0.530418 0.157887 0.117949 0.150354 0.142881 0.138510 0.146606 0.097021 0.055215 0.383594 0.377390 0.382439 0.275063 0.166804 0.033013 0.036262 0.046623 0.045785
-9999.000000 -9999.000000 -9999.000000 -9999.000000 -9999.000000 -9999.000000 -9999.000000 -9999.000000 -9999.000000 -9999.000000 -9999.000000 -9999.000000 0.017373 0.017373 0.030662 0.071343 0.084932 0.118031 0.109462 0.096399 0.070403 0.023018 0.034492 0.208188 0.255580 0.297757 0.319967 0.142648 0.196094 0.028034 0.040075 0.045982 0.062294 0.046836 0.071369 0.059844 0.505893 0.513002 0.041830 0.053757 0.210470 0.226922 0.120062 0.181804 0.205378 0.211404 0.206218 0.214282 0.026713 0.026739 0.479763 1.534168 1.569207 0.418328 0.023476 0.025154 0.050957 0.050194 0.110881
-9999.000000 -9999.000000 -9999.000000 -9999.000000 -9999.000000 -9999.000000 -9999.000000 -9999.000000 -9999.000000 -9999.000000 -9999.000000 -9999.000000 -9999.000000 -9999.000000 -9999.000000 -9999.000000 -9999.000000 0.018669 0.023415 0.028434 0.023858 0.025988 0.038536 0.078220 0.100070 0.157455 0.193129 0.250926 0.306902 0.382024 0.412707 0.364899 0.047524 0.018440 0.028524 0.057672 0.562928 0.583047 0.070733 0.110901 0.128324 0.153414 0.197750 0.233298 0.248826 0.252275 0.238944 0.250681 0.036213 0.036306 0.463311 1.491597 1.524544 0.432235 0.024667 0.032265 0.063132 0.055427 0.111090
-9999.000000 -9999.000000 -9999.000000 -9999.000000 -9999.000000 -9999.000000 -9999.000000 -9999.000000 -9999.000000 -9999.000000 -9999.000000 -9999.000000 -9999.000000 -9999.000000 -9999.000000 -9999.000000 -9999.000000 -9999.000000 -9999.000000 -9999.000000 0.025855 0.036949 0.025993 0.041436 0.029763 0.237727 0.255622 0.272510 0.305573 0.385931 0.435703 0.400026 0.045083 0.022531 0.039718 0.063082 1.606368 0.624525 0.085157 0.143886 0.184538 0.216046 0.248378 1.317291 1.314757 0.284987 0.246153 0.223265 0.043761 0.043891 0.047409 0.458387 1.597346 0.449672 0.085232 0.037467 0.029092 0.054390 0.045937
-9999.000000 -9999.000000 -9999.000000 -9999.000000 -9999.000000 -9999.000000 -9999.000000 -9999.000000 -9999.000000 -9999.000000 -9999.000000 -9999.000000 -9999.000000 -9999.000000 -9999.000000 -9999.000000 -9999.000000 -9999.000000 -9999.000000 -9999.000000 -9999.000000 0.030403 0.024726 0.042122 0.035346 0.225981 0.217103 0.049867 0.054722 0.086794 0.427091 0.387921 0.050316 0.024712 0.045210 0.086704 0.585293 0.662975 0.698177 0.145566 0.205410 0.236636 0.262722 1.302932 1.281514 1.292138 0.228430 0.043133 0.027823 0.062494 0.066056 0.474277 1.615228 0.446688 0.075404 0.036752 0.037573 0.068794 0.046013
-9999.000000 -9999.000000 -9999.000000 -9999.000000 -9999.000000 -9999.000000 -9999.000000 -9999.000000 -9999.000000 -9999.000000 -9999.000000 -9999.000000 -9999.000000 -9999.000000 -9999.000000 -9999.000000 -9999.000000 -9999.000000 -9999.000000 -9999.000000 -9999.000000 0.020179 0.032036 0.468108 0.029839 0.041695 0.052215 0.071122 0.023033 0.174943 0.093341 0.072108 0.026100 0.031928 0.060661 0.050003 0.095876 0.599694 0.095379 0.072121 0.090142 0.090412 0.082138 0.059985 0.301282 0.356113 0.290302 0.038624 0.056326 0.037963 0.075165 0.487195 1.541553 0.040206 0.038566 0.021262 0.048364 0.035667 0.049476
-9999.000000 -9999.000000 -9999.000000 -9999.000000 -9999.000000 -9999.000000 -9999.000000 -9999.000000 -9999.000000 -9999.000000 -9999.000000 -9999.000000 -9999.000000 -9999.000000 -9999.000000 -9999.000000 -9999.000000 -9999.000000 -9999.000000 -9999.000000 -9999.000000 -9999.000000 0.266173 0.409867 0.348998 0.049171 0.032494 0.035103 0.040000 0.265357 0.018837 0.024071 0.031791 0.038735 0.026452 0.058846 0.160720 0.215724 0.059072 0.127489 0.139954 0.137544 0.125940 0.102586 0.057389 0.485792 0.062090 0.057047 0.076589 0.055142 0.052154 0.539154 0.668689 0.027764 0.030219 0.021034 0.017967 0.035042 0.047585
-9999.000000 -9999.000000 -9999.000000 -9999.000000 -9999.000000 -9999.000000 -9999.000000 -9999.000000 -9999.000000 -9999.000000 -9999.000000 -9999.000000 -9999.000000 -9999.000000 -9999.000000 -9999.000000 -9999.000000 -9999.000000 -9999.000000 -9999.000000 -9999.000000 -9999.000000 0.019309 0.321803 0.304805 0.061215 0.053352 0.022361 0.046012 0.256924 0.343888 0.366609 0.344100 0.026466 0.024071 0.069286 0.100768 0.189218 0.028189 0.139503 0.135198 0.128155 0.115448 0.094300 0.070125 0.550784 0.105283 0.075510 0.099354 0.074080 0.041115 0.040646 0.760198 0.027518 0.029367 0.017967 0.028869 0.031227 0.042153
-9999.000000 -9999.000000 -9999.000000 -9999.000000 -9999.000000 -9999.000000 -9999.000000 -9999.000000 -9999.000000 -9999.000000 -9999.000000 -9999.000000 -9999.000000 -9999.000000 -9999.000000 -9999.000000 -9999.000000 -9999.000000 -9999.000000 -9999.000000 -9999.000000 -9999.000000 0.014396 0.026055 0.106209 0.039450 0.032143 0.019082 0.033072 0.043266 0.279140 0.312191 0.317273 0.237389 0.203287 0.137592 0.212470 0.143613 0.034817 0.070468 0.074439 0.067653 0.057649 0.039018 0.073056 0.538639 0.143290 0.103602 0.134906 0.017373 0.044394 0.054714 0.622494 0.625322 0.098318 0.029656 0.051674 0.070458 0.384278
-9999.000000 -9999.000000 -9999.000000 -9999.000000 -9999.000000 -9999.000000 -9999.000000 -9999.000000 -9999.000000 -9999.000000 -9999.000000 -9999.000000 -9999.000000 -9999.000000 -9999.000000 -9999.000000 -9999.000000 -9999.000000 -9999.000000 -9999.000000 -9999.000000 -9999.000000 -9999.000000 0.014396 0.072823 0.071862 0.040260 0.026313 0.018959 0.049281 0.069315 0.053616 0.036537 0.199226 0.197478 1.193459 0.124332 0.086048 0.079620 0.067978 0.071862 0.060889 0.050386 0.034046 0.041715 0.128739 0.194995 0.139947 0.169828 0.017373 0.046103 0.065504 0.806763 0.061333 0.025784 0.034343 0.055352 0.073647 0.331445
-9999.000000 -9999.000000 -9999.000000 -9999.000000 -9999.000000 -9999.000000 -9999.000000 -9999.000000 -9999.000000 -9999.000000 -9999.000000 -9999.000000 -9999.000000 -9999.000000 -9999.000000 -9999.000000 -9999.000000 -9999.000000 -9999.000000 -9999.000000 -9999.000000 -9999.000000 -9999.000000 0.020102 0.075889 0.076715 0.041283 0.022514 0.125916 0.098629 0.067795 0.042504 0.052722 0.155512 1.185273 1.194643 0.161498 0.026715 0.035734 0.032423 0.085821 0.084872 0.069928 0.045168 0.036509 0.033182 0.025551 0.216151 0.194861 0.103449 0.054517 0.096163 0.910015 0.094858 0.026614 0.014396 0.052635 0.078469 0.058100
-9999.000000 -9999.000000 -9999.000000 -9999.000000 -9999.000000 -9999.000000 -9999.000000 -9999.000000 -9999.000000 -9999.000000 -9999.000000 -9999.000000 -9999.000000 -9999.000000 -9999.000000 -9999.000000 -9999.000000 -9999.000000 -9999.000000 -9999.000000 -9999.000000 -9999.000000 -9999.000000 -9999.000000 0.078391 0.060952 0.043618 0.018439 0.129624 0.116685 0.022591 0.022591 0.051840 1.162150 1.191159 0.188472 0.186797 0.029366 0.046719 0.051372 0.032172 0.096730 0.067921 0.879579 0.027016 0.031014 0.024898 0.278435 0.226471 0.478895 0.402841 1.102036 0.987005 1.094561 0.176116 0.046501 0.035632 0.046027 0.051865
-9999.000000 -9999.000000 -9999.000000 -9999.000000 -9999.000000 -9999.000000 -9999.000000 -9999.000000 -9999.000000 -9999.000000 -9999.000000 -9999.000000 -9999.000000 -9999.000000 -9999.000000 -9999.000000 -9999.000000 -9999.000000 -9999.000000 -9999.000000 -9999.000000 -9999.000000 -9999.000000 -9999.000000 -9999.000000 0.023216 0.042748 0.042366 0.014396 0.081555 0.022591 0.022591 0.048985 1.165508 1.190974 0.188342 0.194465 0.209847 0.037007 0.060120 0.017373 0.035172 0.069259 0.849573 0.914722 0.887781 0.708737 0.465625 0.318506 0.481339 0.396062 1.136857 0.135163 0.117059 0.152058 0.041969 0.040733 0.053657 0.040289
-9999.000000 -9999.000000 -9999.000000 -9999.000000 -9999.000000 -9999.000000 -9999.000000 -9999.000000 -9999.000000 -9999.000000 -9999.000000 -9999.000000 -9999.000000 -9999.000000 -9999.000000 -9999.000000 -9999.000000 -9999.000000 -9999.000000 -9999.000000 -9999.000000 -9999.000000 -9999.000000 -9999.000000 -9999.000000 -9999.000000 0.023232 0.074108 0.059059 0.083611 0.027794 0.027794 0.034327 0.105055 0.135126 0.167228 0.191275 0.210793 0.199265 0.055346 0.017373 0.052935 0.101627 0.870914 0.923637 0.922752 0.103196 0.066336 0.214641 0.126011 0.087790 0.072669 0.027796 0.027436 0.064935 0.026817 0.029900 0.034478 0.052844
-9999.000000 -9999.000000 -9999.000000 -9999.000000 -9999.000000 -9999.000000 -9999.000000 -9999.000000 -9999.000000 -9999.000000 -9999.000000 -9999.000000 -9999.000000 -9999.000000 -9999.000000 -9999.000000 -9999.000000 -9999.000000 -9999.000000 -9999.000000 -9999.000000 -9999.000000 -9999.000000 -9999.000000 -9999.000000 -9999.000000 -9999.000000 0.039803 0.109375 0.138666 0.183424 0.030434 0.058949 0.252026 0.306700 0.117366 0.175824 0.189587 0.042689 0.079362 0.107151 0.072696 0.162142 0.126512 0.806505 0.792831 0.185617 0.110489 0.074755 0.070440 0.055586 0.044168 0.047342 0.045697 0.029213 0.018364 0.029243 0.046685 0.030600
-9999.000000 -9999.000000 -9999.000000 -9999.000000 -9999.000000 -9999.000000 -9999.000000 -9999.000000 -9999.000000 -9999.000000 -9999.000000 -9999.000000 -9999.000000 -9999.000000 -9999.000000 -9999.000000 -9999.000000 -9999.000000 -9999.000000 -9999.000000 -9999.000000 -9999.000000 -9999.000000 -9999.000000 -9999.000000 -9999.000000 -9999.000000 -9999.000000 -9999.000000 0.087571 0.025276 0.034068 0.056480 0.182975 0.205750 0.057262 0.019111 0.025459 0.017373 0.017373 0.092154 0.094813 0.081233 0.229661 0.222019 0.237963 0.341791 0.021000 0.035100 0.081641 0.075334 1.054445 1.045079 1.050320 0.039711 0.022240 0.039802 0.051855 0.056248
-9999.000000 -9999.000000 -9999.000000 -9999.000000 -9999.000000 -9999.000000 -9999.000000 -9999.000000 -9999.000000 -9999.000000 -9999.000000 -9999.000000 -9999.000000 -9999.000000 -9999.000000 -9999.000000 -9999.000000 -9999.000000 -9999.000000 -9999.000000 -9999.000000 -9999.000000 -9999.000000 -9999.000000 -9999.000000 -9999.000000 -9999.000000 -9999.000000 -9999.000000 -9999.000000 0.024650 0.030480 0.019936 -9999.000000 -9999.000000 -9999.000000 -9999.000000 -9999.000000 -9999.000000 -9999.000000 0.020897 0.114704 1.168373 0.122201 0.106926 0.077045 0.539826 0.569688 0.062439 0.034424 0.075652 1.000033 1.044668 1.047349 0.046491 0.023613 0.047215 0.055450 0.060715
-9999.000000 -9999.000000 -9999.000000 -9999.000000 -9999.000000 -9999.000000 -9999.000000 -9999.000000 -9999.000000 -9999.000000 -9999.000000 -9999.000000 -9999.000000 -9999.000000 -9999.000000 -9999.000000 -9999.000000 -9999.000000 -9999.000000 -9999.000000 -9999.000000 -9999.000000 -9999.000000 -9999.000000 -9999.000000 -9999.000000 -9999.000000 -9999.000000 -9999.000000 -9999.000000 -9999.000000 -9999.000000 -9999.000000 -9999.000000 -9999.000000 -9999.000000 -9999.000000 -9999.000000 -9999.000000 -9999.000000 0.019539 0.122127 1.153830 0.159055 0.155772 0.123835 0.549347 0.553996 0.113901 0.020851 0.029609 0.117028 0.031823 0.044319 0.062630 0.028314 0.023705 0.051507 0.091410
-9999.000000 -9999.000000 -9999.000000 -9999.000000 -9999.000000 -9999.000000 -9999.000000 -9999.000000 -9999.000000 -9999.000000 -9999.000000 -9999.000000 -9999.000000 -9999.000000 -9999.000000 -9999.000000 -9999.000000 -9999.000000 -9999.000000 -9999.000000 -9999.000000 -9999.000000 -9999.000000 -9999.000000 -9999.000000 -9999.000000 -9999.000000 -9999.000000 -9999.000000 -9999.000000 -9999.000000 -9999.000000 -9999.000000 -9999.000000 -9999.000000 -9999.000000 -9999.000000 -9999.000000 -9999.000000 -9999.000000 0.028343 0.026038 0.134762 0.173606 0.191928 0.195450 0.017373 0.212365 0.192501 0.034386 0.017373 0.027475 0.040627 0.046592 0.052101 0.023842 0.023034 0.027698 1.121579
-9999.000000 -9999.000000 -9999.000000 -9999.000000 -9999.000000 -9999.000000 -9999.000000 -9999.000000 -9999.000000 -9999.000000 -9999.000000 -9999.000000 -9999.000000 -9999.000000 -9999.000000 -9999.000000 -9999.000000 -9999.000000 -9999.000000 -9999.000000 -9999.000000 -9999.000000 -9999.000000 -9999.000000 -9999.000000 -9999.000000 -9999.000000 -9999.000000 -9999.000000 -9999.000000 -9999.000000 -9999.000000 -9999.000000 -9999.000000 -9999.000000 -9999.000000 -9999.000000 -9999.000000 -9999.000000 -9999.000000 0.025612 0.032615 0.040214 0.146240 0.176678 0.226963 0.017373 0.284037 0.255888 0.039527 0.017373 0.034064 0.332517 0.365037 0.358940 0.030243 0.030252 0.030416 0.141960
-9999.000000 -9999.000000 -9999.000000 -9999.000000 -9999.000000 -9999.000000 -9999.000000 -9999.000000 -9999.000000 -9999.000000 -9999.000000 -9999.000000 -9999.000000 -9999.000000 -9999.000000 -9999.000000 -9999.000000 -9999.000000 -9999.000000 -9999.000000 -9999.000000 -9999.000000 -9999.000000 -9999.000000 -9999.000000 -9999.000000 -9999.000000 -9999.000000 -9999.000000 -9999.000000 -9999.000000 -9999.000000 -9999.000000 -9999.000000 -9999.000000 -9999.000000 -9999.000000 -9999.000000 -9999.000000 -9999.000000 -9999.000000 0.038734 0.043439 0.032463 0.037971 0.269930 0.334684 0.299798 0.259060 0.045283 0.053596 0.032219 1.374263 1.385023 1.388411 0.185553 0.089723 0.182628 0.148578
