use_cases/Flooding_chicago/flooding_data/output/h_600.asc
ncols 337
nrows 393
xllcorner 428428.000000
yllcorner 4602440.000000
cellsize 26.757400
NODATA_value -9999.000000
[rows 216 to 242 of 393, columns 236 to 294 of 337]
0.097038 0.129126 0.112651 0.144382 0.180953 0.226152 0.236941 0.239985 0.234599 0.172310 0.035516 0.014396 0.032463 0.092135 0.097504 0.066126 0.038719 0.040065 0.170110 0.126000 0.111364 0.070926 0.073361 0.073211 0.352542 0.318449 0.359356 0.038903 0.032829 0.294511 0.289354 0.283358 0.266373 0.194891 0.556257 0.479908 1.544608 0.555734 0.069336 0.032160 0.058124 0.770661 0.803015 0.764380 0.049271 0.026771 0.027183 0.035147 -9999.000000 -9999.000000 -9999.000000 -9999.000000 -9999.000000 -9999.000000 -9999.000000 -9999.000000 -9999.000000 -9999.000000 -9999.000000
0.180635 0.119270 0.091366 0.064327 0.049459 0.275948 0.279394 0.283143 0.278336 0.023339 0.042929 0.047482 0.030297 0.118927 0.116248 0.022591 0.022591 0.027794 0.191675 0.121393 0.063413 0.073128 0.109140 0.090214 0.053323 0.095500 0.019860 0.029381 0.031059 0.025627 0.291641 0.292427 0.289899 0.028750 0.055044 0.035485 0.452118 0.538951 0.115713 0.259239 0.722329 0.710921 0.714551 0.092087 0.031242 0.035756 -9999.000000 -9999.000000 -9999.000000 -9999.000000 -9999.000000 -9999.000000 -9999.000000 -9999.000000 -9999.000000 -9999.000000 -9999.000000 -9999.000000 -9999.000000
0.219693 0.047558 0.057230 0.043178 0.083673 0.253419 0.292396 0.309583 0.306208 0.319037 0.028557 0.029945 0.068327 1.061909 1.094115 0.022591 0.022591 0.027794 0.348268 0.014396 0.055013 0.065311 0.127432 0.117031 0.066905 0.032772 0.809191 0.025627 0.031059 0.029381 0.019860 0.061429 0.065925 0.061724 0.052371 0.037260 0.137466 0.231027 0.234375 0.294721 0.265604 0.252567 0.231400 0.066581 0.021034 0.017967 -9999.000000 -9999.000000 -9999.000000 -9999.000000 -9999.000000 -9999.000000 -9999.000000 -9999.000000 -9999.000000 -9999.000000 -9999.000000 -9999.000000 -9999.000000
0.080313 0.086712 0.090988 0.069524 0.139838 0.090879 0.067670 0.277358 0.299139 0.304403 0.276510 0.232519 1.053019 2.123911 2.140987 0.117523 0.080012 0.483398 0.442690 0.477005 0.022408 0.037635 0.045489 0.091516 0.839842 0.875377 0.772844 0.692799 0.563489 0.500461 0.387787 1.118087 0.119619 0.024330 0.029564 0.024330 0.028794 0.381538 0.426823 0.017806 0.185750 0.185464 0.169108 0.145310 0.017967 -9999.000000 -9999.000000 -9999.000000 -9999.000000 -9999.000000 -9999.000000 -9999.000000 -9999.000000 -9999.000000 -9999.000000 -9999.000000 -9999.000000 -9999.000000 -9999.000000
0.033150 0.102855 0.118570 0.103504 0.077072 0.056035 0.117652 0.066555 0.260016 0.261127 0.022926 0.149155 1.076743 2.103415 1.130172 0.119822 0.092779 0.078199 0.390248 0.028787 0.039635 0.027260 0.084656 0.105829 0.757222 0.839910 0.038524 0.032310 0.466203 0.466902 0.365792 1.070627 1.067428 0.024330 0.029564 0.024330 0.030607 1.537186 0.537627 0.022486 0.284048 0.285124 0.251728 0.145394 -9999.000000 -9999.000000 -9999.000000 -9999.000000 -9999.000000 -9999.000000 -9999.000000 -9999.000000 -9999.000000 -9999.000000 -9999.000000 -9999.000000 -9999.000000 -9999.000000 -9999.000000
0.040688 0.037878 0.027870 0.114489 0.105214 0.093711 0.071874 0.053127 0.064087 0.054355 0.025317 0.037622 1.091482 1.071760 1.084434 0.141386 0.014396 0.141569 0.091371 0.025575 0.039772 0.027738 0.077450 0.074758 0.210496 0.262140 0.030512 0.032327 0.053370 0.049099 0.048810 0.037395 0.936094 0.768300 0.805016 0.694483 1.502403 1.514759 1.546281 1.552021 0.434073 0.383047 0.315418 0.014396 -9999.000000 -9999.000000 -9999.000000 -9999.000000 -9999.000000 -9999.000000 -9999.000000 -9999.000000 -9999.000000 -9999.000000 -9999.000000 -9999.000000 -9999.000000 -9999.000000 -9999.000000
0.124908 0.026877 0.029014 0.119567 0.114850 0.108537 0.099420 0.093134 0.021034 0.017967 0.050771 0.034347 0.042805 0.110291 1.009053 0.190751 0.241270 0.167475 0.028740 0.027579 0.253519 0.217955 0.155027 0.090891 0.111732 0.330473 0.048175 0.026466 0.024066 0.034571 0.073428 0.059621 0.107125 0.729621 0.806637 0.669584 0.494859 0.439682 1.487387 1.510153 1.511797 0.444537 0.019309 -9999.000000 -9999.000000 -9999.000000 -9999.000000 -9999.000000 -9999.000000 -9999.000000 -9999.000000 -9999.000000 -9999.000000 -9999.000000 -9999.000000 -9999.000000 -9999.000000 -9999.000000 -9999.000000
0.609962 0.675732 0.019722 0.118339 0.117671 0.017967 0.021034 0.090533 0.017967 0.051802 0.052113 0.046500 0.029344 0.125982 0.278583 0.258666 0.230885 0.049092 0.041943 0.038187 0.207437 0.204076 0.167323 0.118290 0.198472 0.147314 0.030666 0.038690 0.026423 0.052106 0.095384 0.059587 0.185943 0.765347 0.831214 0.078803 0.066372 0.047045 0.388992 1.508591 1.501628 0.448608 0.014396 -9999.000000 -9999.000000 -9999.000000 -9999.000000 -9999.000000 -9999.000000 -9999.000000 -9999.000000 -9999.000000 -9999.000000 -9999.000000 -9999.000000 -9999.000000 -9999.000000 -9999.000000 -9999.000000
0.646328 0.700471 0.056194 0.096551 0.098892 0.073373 0.017967 0.048502 0.531283 0.540578 0.032298 0.035535 0.026665 0.249232 0.207942 0.122416 0.107025 0.045980 0.061051 0.046667 0.061167 0.043455 0.169239 0.148824 0.102195 0.071692 0.045313 0.031991 0.125868 0.078868 0.123604 0.215081 1.319587 0.236639 0.145165 0.135153 0.047721 0.043694 0.050277 0.348100 1.474911 0.456486 0.024514 -9999.000000 -9999.000000 -9999.000000 -9999.000000 -9999.000000 -9999.000000 -9999.000000 -9999.000000 -9999.000000 -9999.000000 -9999.000000 -9999.000000 -9999.000000 -9999.000000 -9999.000000 -9999.000000
0.585498 0.674651 0.662945 0.660395 0.635058 0.579259 0.632963 0.577001 0.542612 0.537329 0.505413 0.496324 0.479380 0.389190 0.339246 0.049168 0.065705 0.077963 0.075522 0.054611 0.053971 0.071741 0.047358 0.165058 0.134523 0.089182 0.251805 0.199836 0.145412 0.090340 0.167397 0.248239 1.311522 0.277722 0.035499 0.052269 0.072120 0.078469 0.050499 0.059573 0.347261 0.418225 0.018879 -9999.000000 -9999.000000 -9999.000000 -9999.000000 -9999.000000 -9999.000000 -9999.000000 -9999.000000 -9999.000000 -9999.000000 -9999.000000 -9999.000000 -9999.000000 -9999.000000 -9999.000000 -9999.000000
0.610552 0.660527 0.659618 1.657531 1.660345 1.676602 1.672372 0.571367 0.547801 0.539187 1.502336 1.515211 1.525759 0.417397 0.058347 0.083185 0.095159 0.095043 0.085151 0.064380 0.030385 0.075462 0.042094 0.184602 0.147442 0.099255 0.204348 0.161381 0.107548 0.064916 0.235421 0.190509 0.105170 0.087718 0.037728 0.050591 0.047127 0.052452 0.037607 0.049384 0.119350 0.022209 -9999.000000 -9999.000000 -9999.000000 -9999.000000 -9999.000000 -9999.000000 -9999.000000 -9999.000000 -9999.000000 -9999.000000 -9999.000000 -9999.000000 -9999.000000 -9999.000000 -9999.000000 -9999.000000 -9999.000000
0.107774 0.035271 0.047523 0.500692 0.607778 0.553768 0.507856 0.537875 0.533466 0.524125 1.508259 1.514111 1.518071 0.040845 0.074717 0.097915 0.110598 0.104547 0.085844 0.049269 0.076415 0.071481 0.236001 0.254675 0.023460 0.024896 0.035083 0.085899 0.325378 0.346411 0.320759 0.311152 0.030811 0.046716 0.027199 0.033958 0.027534 0.081703 0.056494 0.086432 0.055580 0.039787 -9999.000000 -9999.000000 -9999.000000 -9999.000000 -9999.000000 -9999.000000 -9999.000000 -9999.000000 -9999.000000 -9999.000000 -9999.000000 -9999.000000 -9999.000000 -9999.000000 -9999.000000 -9999.000000 -9999.000000
0.079319 0.080439 0.048227 0.113819 0.610601 0.047657 0.043493 0.027754 0.026410 0.518209 0.511963 0.511269 0.515468 0.032127 0.035835 0.028313 0.129170 0.112890 0.076334 0.119975 0.064223 0.089583 0.047177 0.208416 0.024896 0.033470 0.020637 0.071509 0.039566 0.331299 1.376455 1.380367 0.033959 0.058637 0.033958 0.043022 0.035087 0.096459 0.067314 0.088877 0.055961 0.035546 -9999.000000 -9999.000000 -9999.000000 -9999.000000 -9999.000000 -9999.000000 -9999.000000 -9999.000000 -9999.000000 -9999.000000 -9999.000000 -9999.000000 -9999.000000 -9999.000000 -9999.000000 -9999.000000 -9999.000000
0.041725 0.033242 0.021049 0.118255 0.290560 0.054101 0.026591 0.904128 0.033736 0.036628 0.044228 0.055733 0.065661 0.022591 0.022591 0.036919 0.163017 0.018441 0.062531 0.073395 0.092724 0.075049 0.043727 0.127031 0.083917 0.020637 0.030647 0.050106 0.037857 0.336169 1.377997 1.370745 0.274203 0.039005 0.027596 0.035285 0.034294 0.030859 0.024696 0.048350 -9999.000000 -9999.000000 -9999.000000 -9999.000000 -9999.000000 -9999.000000 -9999.000000 -9999.000000 -9999.000000 -9999.000000 -9999.000000 -9999.000000 -9999.000000 -9999.000000 -9999.000000 -9999.000000 -9999.000000 -9999.000000 -9999.000000
0.027273 0.025642 0.321245 0.253157 0.179499 0.120295 0.135157 0.894890 0.964436 0.032147 0.047798 0.075855 0.090078 0.022591 0.022591 0.037116 0.167829 0.023384 0.014396 0.045039 0.095430 0.487869 0.505233 0.483670 0.414450 0.293281 0.467860 0.430670 0.386250 1.351866 1.367324 1.375067 0.314767 0.314474 0.023492 0.076790 0.037254 0.024330 0.023323 -9999.000000 -9999.000000 -9999.000000 -9999.000000 -9999.000000 -9999.000000 -9999.000000 -9999.000000 -9999.000000 -9999.000000 -9999.000000 -9999.000000 -9999.000000 -9999.000000 -9999.000000 -9999.000000 -9999.000000 -9999.000000 -9999.000000 -9999.000000
0.450937 0.476010 0.382236 0.316417 0.245863 0.154682 0.872013 0.901586 1.951268 1.953847 1.938352 0.076577 0.102408 0.039727 0.041315 0.029580 0.138783 0.114998 0.019309 0.030340 0.087076 0.476699 0.493621 0.468602 0.407909 0.272902 0.459854 1.239036 1.361934 2.368603 1.368789 1.389684 0.317732 0.276306 0.163864 0.192069 0.028465 -9999.000000 -9999.000000 -9999.000000 -9999.000000 -9999.000000 -9999.000000 -9999.000000 -9999.000000 -9999.000000 -9999.000000 -9999.000000 -9999.000000 -9999.000000 -9999.000000 -9999.000000 -9999.000000 -9999.000000 -9999.000000 -9999.000000 -9999.000000 -9999.000000 -9999.000000
1.449556 0.472963 0.394991 0.334413 0.258612 0.137425 0.910131 0.913364 1.939335 1.936362 1.902362 0.070991 0.025109 0.027335 0.050950 0.038024 0.655371 0.053776 0.040283 0.089275 0.130439 0.138123 0.120097 0.088961 0.055251 0.034489 0.044452 1.351462 1.377360 1.363287 0.322654 1.359031 0.313891 0.263009 0.177979 -9999.000000 -9999.000000 -9999.000000 -9999.000000 -9999.000000 -9999.000000 -9999.000000 -9999.000000 -9999.000000 -9999.000000 -9999.000000 -9999.000000 -9999.000000 -9999.000000 -9999.000000 -9999.000000 -9999.000000 -9999.000000 -9999.000000 -9999.000000 -9999.000000 -9999.000000 -9999.000000 -9999.000000
1.441002 0.497077 0.387204 0.333433 0.239917 0.394103 0.824962 0.904445 0.889088 0.901015 0.071692 0.025581 0.030052 0.066104 0.567829 0.585524 1.684275 0.647974 0.038954 0.047208 0.024070 0.138326 0.140694 0.100305 0.057316 0.035900 0.073018 0.032792 0.397154 0.017373 0.017373 0.362338 0.327447 0.257147 0.173044 -9999.000000 -9999.000000 -9999.000000 -9999.000000 -9999.000000 -9999.000000 -9999.000000 -9999.000000 -9999.000000 -9999.000000 -9999.000000 -9999.000000 -9999.000000 -9999.000000 -9999.000000 -9999.000000 -9999.000000 -9999.000000 -9999.000000 -9999.000000 -9999.000000 -9999.000000 -9999.000000 -9999.000000
0.513366 0.553769 0.051839 0.063328 0.049943 0.054793 0.876992 0.078167 0.099837 0.029957 0.043630 0.014396 0.028145 0.035416 0.557830 1.667299 1.678179 0.657620 0.035493 0.021260 0.252906 1.261871 1.280261 0.181053 0.023231 0.018380 0.034768 0.287354 0.398810 1.448477 0.426895 0.415499 0.368460 0.017373 0.017373 -9999.000000 -9999.000000 -9999.000000 -9999.000000 -9999.000000 -9999.000000 -9999.000000 -9999.000000 -9999.000000 -9999.000000 -9999.000000 -9999.000000 -9999.000000 -9999.000000 -9999.000000 -9999.000000 -9999.000000 -9999.000000 -9999.000000 -9999.000000 -9999.000000 -9999.000000 -9999.000000 -9999.000000
0.472982 0.612319 0.087863 0.101312 0.087939 0.052384 0.091932 0.075959 0.072140 0.017373 0.017373 0.034739 0.040662 0.893694 0.046727 0.063395 0.055814 0.035121 0.090939 0.047187 1.329763 2.259239 2.311380 0.222568 0.026833 0.057549 0.061501 0.076941 0.343874 1.448811 1.468402 1.478551 0.019676 0.080102 0.056069 -9999.000000 -9999.000000 -9999.000000 -9999.000000 -9999.000000 -9999.000000 -9999.000000 -9999.000000 -9999.000000 -9999.000000 -9999.000000 -9999.000000 -9999.000000 -9999.000000 -9999.000000 -9999.000000 -9999.000000 -9999.000000 -9999.000000 -9999.000000 -9999.000000 -9999.000000 -9999.000000 -9999.000000
0.145978 0.207736 0.148849 0.133834 0.113123 0.074512 0.130133 0.105253 0.094943 0.082674 0.044100 0.080102 0.814843 0.854769 0.025337 0.032203 0.026405 0.045875 0.071674 1.324035 1.320684 2.251777 1.272588 0.189551 0.029303 0.051797 0.096042 0.082499 0.370373 1.433609 0.413171 0.355320 0.027398 0.072512 0.043267 -9999.000000 -9999.000000 -9999.000000 -9999.000000 -9999.000000 -9999.000000 -9999.000000 -9999.000000 -9999.000000 -9999.000000 -9999.000000 -9999.000000 -9999.000000 -9999.000000 -9999.000000 -9999.000000 -9999.000000 -9999.000000 -9999.000000 -9999.000000 -9999.000000 -9999.000000 -9999.000000 -9999.000000
0.233019 0.348081 0.037591 0.045339 0.040370 0.028468 0.033677 0.089163 0.095074 0.067574 0.087488 0.814337 2.911556 0.889830 0.026695 0.038841 0.032203 0.047825 0.093239 1.277485 1.284784 0.202148 0.060400 0.028587 0.028587 0.058921 0.123397 0.134722 0.092600 0.167111 0.049661 0.031808 0.045556 0.049794 -9999.000000 -9999.000000 -9999.000000 -9999.000000 -9999.000000 -9999.000000 -9999.000000 -9999.000000 -9999.000000 -9999.000000 -9999.000000 -9999.000000 -9999.000000 -9999.000000 -9999.000000 -9999.000000 -9999.000000 -9999.000000 -9999.000000 -9999.000000 -9999.000000 -9999.000000 -9999.000000 -9999.000000 -9999.000000
0.242368 0.339359 0.059226 0.065244 0.053422 0.031774 0.044737 0.078982 0.072046 0.047484 0.067639 0.823798 2.900625 1.920934 0.899091 0.026695 0.025337 0.035117 0.151750 0.462241 0.329351 0.066505 0.043129 0.024330 0.024330 0.039374 0.046194 0.154151 0.154436 0.105808 0.105376 0.017967 0.021126 -9999.000000 -9999.000000 -9999.000000 -9999.000000 -9999.000000 -9999.000000 -9999.000000 -9999.000000 -9999.000000 -9999.000000 -9999.000000 -9999.000000 -9999.000000 -9999.000000 -9999.000000 -9999.000000 -9999.000000 -9999.000000 -9999.000000 -9999.000000 -9999.000000 -9999.000000 -9999.000000 -9999.000000 -9999.000000 -9999.000000
0.120339 0.100886 0.095096 0.076836 0.043714 0.102203 0.051052 0.051606 0.135386 0.114324 0.918003 0.898019 2.903502 1.914574 0.891296 0.062944 0.047085 0.372054 0.280805 0.594662 0.071740 0.109465 0.067075 0.029564 0.029564 0.058328 0.084165 0.165293 0.166731 0.116010 0.017967 0.021034 -9999.000000 -9999.000000 -9999.000000 -9999.000000 -9999.000000 -9999.000000 -9999.000000 -9999.000000 -9999.000000 -9999.000000 -9999.000000 -9999.000000 -9999.000000 -9999.000000 -9999.000000 -9999.000000 -9999.000000 -9999.000000 -9999.000000 -9999.000000 -9999.000000 -9999.000000 -9999.000000 -9999.000000 -9999.000000 -9999.000000 -9999.000000
0.094801 0.055318 0.111228 0.073709 0.150099 0.097507 0.087013 0.162948 0.136855 0.940803 0.934242 0.910938 2.875913 1.913081 0.835755 0.725120 0.635064 0.472439 1.343611 0.249009 0.048836 0.061867 0.082101 0.024330 0.024330 0.076993 0.119354 0.080818 0.036324 -9999.000000 -9999.000000 -9999.000000 -9999.000000 -9999.000000 -9999.000000 -9999.000000 -9999.000000 -9999.000000 -9999.000000 -9999.000000 -9999.000000 -9999.000000 -9999.000000 -9999.000000 -9999.000000 -9999.000000 -9999.000000 -9999.000000 -9999.000000 -9999.000000 -9999.000000 -9999.000000 -9999.000000 -9999.000000 -9999.000000 -9999.000000 -9999.000000 -9999.000000 -9999.000000
0.139245 0.075890 0.036097 0.066688 0.136245 0.085221 0.221506 1.055680 1.137422 2.042240 0.936321 0.937658 1.916455 1.945159 0.056310 0.067926 0.074055 0.070444 0.089516 0.054345 0.069742 0.065105 0.041923 0.209380 0.167510 0.076689 0.072743 0.032814 -9999.000000 -9999.000000 -9999.000000 -9999.000000 -9999.000000 -9999.000000 -9999.000000 -9999.000000 -9999.000000 -9999.000000 -9999.000000 -9999.000000 -9999.000000 -9999.000000 -9999.000000 -9999.000000 -9999.000000 -9999.000000 -9999.000000 -9999.000000 -9999.000000 -9999.000000 -9999.000000 -9999.000000 -9999.000000 -9999.000000 -9999.000000 -9999.000000 -9999.000000 -9999.000000 -9999.000000
0.161462 0.256760 0.187202 0.104953 0.048368 0.287433 0.974488 0.971611 0.996944 0.989532 0.084109 0.857263 1.900914 0.781799 0.041581 0.034371 0.046075 0.049323 0.063653 0.065668 0.060144 0.052624 0.036501 0.044853 0.023602 0.049035 0.025353 -9999.000000 -9999.000000 -9999.000000 -9999.000000 -9999.000000 -9999.000000 -9999.000000 -9999.000000 -9999.000000 -9999.000000 -9999.000000 -9999.000000 -9999.000000 -9999.000000 -9999.000000 -9999.000000 -9999.000000 -9999.000000 -9999.000000 -9999.000000 -9999.000000 -9999.000000 -9999.000000 -9999.000000 -9999.000000 -9999.000000 -9999.000000 -9999.000000 -9999.000000 -9999.000000 -9999.000000 -9999.000000
