use_cases/Flooding_chicago/flooding_data/output/h_600.asc
ncols 337
nrows 393
xllcorner 428428.000000
yllcorner 4602440.000000
cellsize 26.757400
NODATA_value -9999.000000
[rows 216 to 242 of 393, columns 59 to 117 of 337]
0.064731 0.103775 0.063161 0.132232 0.113763 0.049444 0.023133 0.018361 0.218682 0.035419 0.028369 0.018272 0.022652 0.039848 0.149564 0.172362 0.045478 0.082583 0.033104 0.036278 0.027244 0.061363 0.230721 1.364302 0.358551 0.342308 0.319365 0.294350 0.227118 0.712406 0.724614 0.123553 0.112934 0.038962 0.054314 0.066094 0.020606 0.039956 0.093358 0.093708 0.060753 0.694435 1.664150 0.694644 0.699544 0.756870 0.902823 0.483150 0.555520 0.326923 0.328605 0.389039 0.058979 0.034975 0.058185 0.034954 0.062746 0.094122 0.097913
0.069796 0.100290 0.093844 0.024677 0.045151 0.075011 0.026676 0.413204 0.323598 0.058948 0.025962 0.033261 0.028968 0.152351 1.178008 1.175689 0.128643 0.056236 0.020760 0.060011 0.067024 0.058311 0.292529 1.362028 0.024411 0.025556 0.306170 0.296645 0.245177 0.036973 0.071223 0.187818 0.051688 0.048589 0.035622 0.048363 0.019859 0.033882 0.075919 0.070200 0.077151 0.124338 0.165707 0.067260 0.073307 0.343907 0.356952 0.540644 0.574359 0.253584 0.055234 0.025109 0.032148 0.037847 0.046997 0.059474 0.085217 0.110283 0.073958
0.692480 0.730708 0.660951 0.034977 0.036861 0.029723 0.038416 0.425938 0.064342 0.096255 0.111600 0.123219 0.137013 0.159418 1.181223 1.175696 0.147093 0.033226 0.382254 0.322675 0.067952 0.024896 0.023460 0.317472 0.030145 0.033660 0.318834 0.256310 0.033121 0.018745 0.113750 0.070304 0.072686 0.025124 0.031837 0.032525 0.029961 0.053779 0.100000 0.090507 0.048621 0.089291 0.095702 0.131157 0.149457 0.154367 0.170007 0.220239 0.263521 0.135394 0.107908 0.023461 0.024644 0.345549 0.334555 0.346495 0.359290 0.355815 0.089460
0.652478 1.774914 1.732612 0.492212 0.077016 0.041174 0.059443 0.069003 0.105263 0.120525 1.139554 0.155669 0.168277 0.166433 1.178014 1.176007 0.026817 0.034577 0.378238 0.364776 0.020637 0.033470 0.024896 0.033075 0.532760 0.041655 0.051203 0.052835 0.038077 0.023704 0.190786 0.022072 0.037457 0.025077 0.031670 0.031913 0.025994 0.079583 0.053261 0.040231 0.027413 0.033226 0.129212 0.173387 0.192982 0.191655 0.116285 0.178171 0.254873 0.283395 0.196898 0.296476 0.340555 1.404167 1.375750 0.425104 1.518100 0.362679 0.100828
0.579080 0.608938 1.668554 0.465948 0.093970 0.034081 0.051659 0.076704 0.097657 0.126420 1.143064 0.151965 0.170785 0.167805 1.178673 1.180084 0.032173 0.036981 0.380881 0.326534 0.032833 0.020637 0.060283 0.034270 1.541520 0.044841 0.066689 0.037055 0.026939 0.030646 0.224252 0.224611 0.034446 0.038887 0.036293 0.056358 0.042992 0.027274 0.023201 0.018622 0.026253 0.044777 0.028023 0.181705 0.180116 0.079508 0.159464 0.246575 0.368043 0.156044 0.256333 0.308601 0.346939 1.401483 0.390428 0.368990 0.059526 0.090539 0.104993
0.115076 0.155201 0.276557 0.283225 0.160921 0.114250 0.142131 0.060186 0.025490 0.025262 0.129858 0.134196 0.021034 0.017967 0.147420 0.122575 0.026222 0.014396 0.024284 0.209943 0.136100 0.104195 0.035059 0.531358 1.544825 0.416128 0.021569 0.021518 0.036659 0.032433 1.249643 0.208702 0.024681 0.068108 0.039328 0.111105 0.073820 0.083351 0.055031 0.044320 0.043324 0.031790 0.399877 0.039076 0.055534 0.037352 0.048439 0.083181 0.519932 0.222922 1.316607 0.325975 0.356837 0.404013 1.408335 0.296384 0.061740 0.033059 0.039940
0.067543 0.126317 0.241589 0.270277 0.250445 0.081929 0.027504 0.028924 0.017373 0.032449 0.083712 0.099312 0.017967 0.069813 0.085167 0.077353 0.076251 0.024284 0.023399 0.130823 1.840267 1.844890 0.796466 0.469785 0.501241 0.426079 0.127174 0.087988 0.026069 0.025352 0.224021 0.222940 0.018990 0.046898 0.110054 0.124562 0.082643 0.299613 0.328433 0.329559 0.323399 0.389401 0.370554 0.061467 0.036057 0.061398 0.014396 0.194888 0.203026 1.331607 1.318578 1.308066 0.351334 0.405691 1.407397 0.293452 0.087636 0.037514 0.053856
0.075308 0.024535 0.382490 0.382815 0.322393 0.107957 0.027489 0.028923 0.017373 0.027091 0.655172 0.651931 0.644670 0.713658 0.756311 0.811702 0.810430 0.804750 0.815940 0.858495 1.923210 1.866709 0.075874 0.052716 0.107656 0.121915 0.193562 0.115098 0.162767 0.179687 0.193417 0.014396 0.061321 0.126407 0.111976 0.090590 0.057327 1.411638 0.403027 0.404007 1.431327 1.433675 1.425849 0.095359 0.045518 0.086024 0.169955 0.213662 0.251152 1.324739 1.316589 1.306505 0.284390 0.026908 0.027829 0.372474 0.145522 0.168070 0.050301
0.014396 0.047854 0.452291 0.453731 0.122071 0.199847 0.253676 0.031275 0.034709 0.032176 0.642887 0.640548 0.624483 0.033073 0.032127 0.850883 0.851952 1.867372 0.829590 0.852043 0.881868 0.843263 0.030992 0.017373 0.177583 0.057937 0.098900 1.157598 0.164329 0.177750 0.176858 0.147161 0.089878 0.116237 0.127615 0.341252 0.388292 1.435855 0.412244 0.411417 1.449120 1.430179 1.420231 0.180410 0.307901 0.374687 0.158853 0.230074 0.273699 1.322221 1.311499 1.296704 0.257723 0.037762 0.023811 0.025413 0.191180 0.156615 0.047263
0.080301 0.073948 0.482942 0.475436 0.180253 0.255116 0.314462 1.402327 0.421935 0.523487 0.614702 0.624739 0.621567 0.036047 0.038338 0.823491 0.809708 1.820361 0.805738 0.039302 0.920519 0.116487 0.047042 0.017373 0.197045 0.074607 0.124238 1.153227 0.149717 0.018455 0.176914 0.152781 0.094617 0.112336 0.102664 0.276108 1.397118 0.426559 0.416966 0.413659 0.419688 0.410030 0.414978 0.182236 0.288666 0.337765 0.170722 0.250303 0.297304 0.331357 0.353351 0.363466 0.320659 0.031154 0.026085 0.035112 0.046431 0.051700 0.041909
0.088245 0.126504 0.141616 0.171204 0.233650 0.274901 0.321330 1.393472 0.391781 0.061856 0.053636 0.645021 0.040291 0.025597 0.028404 0.039987 0.094315 0.108816 0.032890 0.038045 0.031227 0.201146 0.067476 0.135946 0.155412 0.054349 0.017967 0.185438 0.186607 0.023566 0.030128 0.028633 0.079331 0.085095 0.096884 0.257919 1.404694 0.425089 0.417721 0.414055 0.414438 0.056396 0.101504 0.162888 0.062320 0.111142 0.198728 0.271485 1.316388 0.347847 0.377888 0.394208 0.395690 0.425213 0.089396 0.145128 0.044658 0.021384 0.035301
0.105882 0.159552 0.195539 0.222651 0.248386 0.261610 0.282919 0.276199 0.075999 0.121665 0.105323 0.031929 0.036279 0.017373 0.025703 0.038336 0.033714 0.093247 0.030724 0.035957 0.026298 0.058234 0.870299 0.088633 0.030371 0.017967 0.021034 0.194694 0.201915 0.217376 0.028145 0.042045 0.031090 0.039657 0.034692 0.260797 1.392098 1.401083 0.410191 0.408112 0.405569 0.063150 0.125213 0.142833 0.072995 0.034447 0.037346 0.294185 0.294568 0.360354 0.404833 0.427520 0.437833 0.463646 0.511766 0.165287 0.056656 0.113615 0.153969
0.122370 0.181578 0.227364 0.252370 1.277998 0.262788 0.279443 0.046481 0.089251 0.119276 0.110035 0.036614 0.035835 0.017373 0.025703 0.039925 0.041696 0.040306 0.047768 0.014396 0.026856 0.046635 0.869518 0.026712 0.040101 0.060508 0.099667 0.159528 0.200032 0.222961 0.237111 0.041192 0.043021 0.023203 0.022163 0.033327 2.392398 2.408557 2.411359 1.404692 0.396743 0.346232 0.088208 0.062748 0.115091 0.055352 0.068504 0.018165 0.045422 0.375492 0.433683 0.445740 0.444593 0.439067 0.151298 0.278949 0.449763 0.088422 0.159310
0.143373 0.204125 1.289865 1.295178 1.266854 0.213867 0.071916 0.034745 0.047249 0.053301 0.056083 0.019309 0.014396 0.047432 0.066363 0.285497 1.419897 0.033164 0.030053 0.070015 0.810554 0.861696 0.853612 0.019088 0.085881 0.762973 0.087452 0.094192 0.026023 0.034309 0.038659 0.049597 0.040659 0.043938 0.036584 0.038586 1.388829 2.403428 2.406712 1.405487 0.382356 0.332740 0.043846 0.043693 0.061882 0.079474 0.023752 0.022071 0.084926 0.051895 0.460168 0.461930 0.436551 0.020653 0.018807 0.025378 0.538066 0.564204 0.135139
0.179549 0.203537 0.236679 1.281496 1.251236 0.212184 0.127574 0.021638 0.036406 0.045808 0.056400 0.071895 0.028678 0.042901 0.028360 0.327122 0.360535 0.025185 0.101727 0.794088 0.822915 1.863648 0.848948 0.877963 1.849518 1.852676 0.693317 0.050527 0.025978 0.034157 0.038216 0.047401 0.038750 0.071356 0.066458 0.360760 0.388753 1.418700 1.412900 1.403662 0.321436 0.026199 0.031333 0.068092 0.085183 0.024650 0.028633 0.141629 0.115565 0.076330 0.477235 1.500707 1.475085 0.341542 0.070923 0.035979 0.033043 0.587388 0.090556
1.209692 1.205520 0.211293 0.191529 0.203019 0.125795 0.219619 0.109979 0.042163 0.019142 1.098220 1.089784 0.090035 0.028800 0.029519 0.019844 0.342224 0.023857 0.024787 0.068426 0.789839 0.804236 0.032233 0.880570 0.874227 1.867904 0.710134 0.127182 0.065347 0.092155 0.101374 0.030434 0.032462 0.066975 0.065468 0.381640 0.020012 0.390444 0.392366 0.387993 0.363255 0.315139 0.087189 0.071097 0.093832 0.027840 0.024726 0.143470 0.127427 0.088196 0.452675 1.475988 1.462951 0.311716 0.079532 0.046029 0.055214 0.052794 0.077496
1.202411 1.201470 0.186703 0.045581 0.085245 0.089535 0.178649 0.173312 0.044192 0.025215 1.095681 1.092439 0.117933 0.119449 0.103826 0.070506 0.284057 0.242491 0.031868 0.035102 0.037041 0.037543 0.038200 0.028969 0.117565 0.095977 0.100419 0.138743 0.054481 0.072412 0.067635 0.058129 0.020698 0.045419 0.068871 0.051476 0.031136 0.383323 0.386487 0.381124 0.356634 0.311757 0.083137 0.064459 0.097510 0.019417 0.154829 0.152562 0.138719 0.107285 0.054450 0.329286 0.037072 0.057498 0.036554 0.057241 0.054852 0.045477 0.042518
0.186502 0.190308 0.162064 0.038354 0.027775 0.028491 0.280790 0.240635 0.049730 0.036094 0.036324 0.034903 0.027152 0.119450 0.097910 0.064548 0.225416 0.189697 0.027641 0.036370 0.017373 0.017373 0.050697 0.037148 0.127788 0.120896 0.122914 0.029196 0.048287 0.041512 0.087249 0.079614 0.027244 0.029075 0.051613 0.036064 0.386473 0.381340 1.398509 1.377577 0.300788 0.040244 0.032836 0.026740 0.028989 0.140401 1.193489 0.171020 0.162521 0.021034 0.017967 0.066685 0.027946 0.037666 0.050082 0.014396 0.032853 0.073376 0.056615
0.097158 0.079336 0.062838 0.023795 0.023019 0.043498 0.307973 0.283574 0.054355 0.045615 0.017373 0.017373 0.032936 0.020821 0.074793 0.045769 0.116157 0.192008 0.145423 0.040398 0.047807 0.030586 0.036842 0.028557 0.124401 0.120364 0.121001 0.025307 0.029732 0.042669 0.185769 0.214751 0.039497 0.044059 0.387054 0.387306 0.371089 0.361641 0.368503 0.360838 0.296071 0.058083 0.044151 0.019308 0.046213 0.127885 1.196536 0.164802 0.132644 0.017967 0.073375 0.020348 0.031106 0.035391 0.037910 0.030024 0.054676 0.566872 0.535373
0.155613 0.122210 0.034248 0.028145 0.023674 0.059114 0.338658 0.044356 0.026573 0.014396 0.045223 0.033195 0.055886 0.044228 0.041823 0.059755 0.103793 0.517052 0.460546 0.043794 0.079293 0.038108 0.065867 0.089623 0.104956 1.104919 0.096267 0.058960 0.038735 0.190442 0.210612 0.226542 0.033486 0.037605 0.034050 0.033958 0.028648 0.343633 0.359926 0.355292 0.054338 0.076621 0.029518 0.027366 0.023507 0.041801 0.032403 0.116608 0.173071 1.120296 1.153872 1.161317 0.109400 0.026268 0.107852 0.022377 0.708712 0.655968 1.678009
0.185575 0.150660 0.047005 0.022971 0.091093 1.097897 0.081962 0.087878 0.024245 0.026641 0.049828 0.033363 0.077044 0.059931 0.053920 0.052825 0.059107 0.029264 0.271207 0.170372 0.053936 0.058596 0.078414 0.063544 0.085485 0.086780 0.069548 0.242145 0.162707 0.232307 0.172428 0.157824 0.122330 0.097849 0.026497 0.014396 0.039863 0.283425 1.400516 0.025566 0.032617 0.039467 0.028435 0.023566 0.022942 0.044486 0.046501 0.031396 0.130631 1.138600 2.182234 2.161853 2.171200 2.164311 2.109096 0.209892 0.014396 0.622755 0.637545
0.177686 0.043839 0.065774 0.018548 0.102653 0.101200 1.093741 0.087067 0.074284 0.040355 0.084373 0.079319 0.098955 0.516280 0.565616 0.556887 0.038512 0.039475 0.237492 0.207599 0.034043 0.125986 0.071674 0.041390 0.057339 0.060352 0.060872 0.040112 0.027906 0.153196 0.736677 0.805444 0.780368 0.773826 0.054913 0.029503 0.014396 0.322917 0.339639 0.334133 0.033546 0.042151 0.036065 0.028191 0.027992 0.198691 0.039588 0.036826 0.039330 0.092477 0.106477 0.086375 0.087599 1.032286 1.987418 0.318586 0.465615 0.557117 0.636595
0.049172 0.065910 0.014396 0.095246 0.097237 0.096261 0.090066 0.078625 0.049797 0.125774 0.092238 0.097201 0.626528 1.733238 0.693442 0.544832 0.275883 0.246582 1.162176 1.246552 1.208137 1.234780 1.262028 0.049745 0.051725 0.072149 0.035177 0.034536 0.026247 0.111158 0.046260 0.822182 0.831097 0.825493 0.784811 0.098199 0.019309 0.316817 1.327699 0.331347 0.178153 0.256813 0.160363 0.275263 0.260674 0.120009 0.042336 0.043311 0.027641 0.023949 0.022331 0.018394 0.020515 0.223600 0.289725 0.367303 0.480633 0.510591 0.035353
0.083099 0.073267 0.061605 0.068830 0.081214 0.083799 0.079253 0.058780 0.166388 0.151898 0.099422 0.102686 0.710449 0.755941 0.752573 0.021795 0.216206 0.213216 1.270735 0.327728 1.250798 1.273087 1.242558 1.139387 0.170723 0.068525 0.039875 0.032532 0.029947 0.082038 0.805948 0.825726 0.832822 0.823952 0.824295 0.014396 0.217453 1.327612 1.324065 1.307873 0.162606 0.214120 0.123316 0.035972 0.044533 0.030450 0.018136 0.030098 0.046669 0.037376 0.051017 0.034965 0.150055 0.085433 0.021298 0.017373 0.522932 0.537802 0.048043
0.026708 0.050289 0.080175 0.095003 0.046193 0.056933 0.061510 0.040612 0.139692 1.140765 0.098305 0.109198 0.074781 0.738825 0.776453 0.021998 0.158584 1.119792 1.213248 0.284403 0.268098 1.296026 2.288550 3.291334 3.305510 1.225818 0.195196 0.050169 0.070086 0.044038 0.822689 0.818601 0.830339 0.823611 0.819089 0.808255 0.185639 1.342984 1.318064 0.238738 0.094959 0.038397 0.029518 0.021965 0.022453 0.022453 0.021965 0.038053 0.132729 0.156190 0.118676 0.057465 0.705694 0.595672 0.029166 0.017373 0.023292 1.604159 0.565944
0.033608 0.037331 0.085793 0.193931 0.050314 0.062341 0.033086 0.168538 0.154972 1.143504 0.090898 0.102734 0.103797 0.710023 0.028462 0.017373 0.121316 2.215671 3.270776 2.308200 0.286832 1.325576 2.295570 2.351482 3.311622 2.347958 2.335577 0.204405 0.076875 0.049669 0.799518 1.828698 1.837219 1.827354 1.824263 1.804731 0.790649 0.209533 0.229211 0.043679 0.043510 0.039711 0.036934 0.018136 0.030450 0.045702 0.035769 0.051371 0.138787 0.172523 0.130693 0.713358 1.833479 2.799728 0.733309 0.036117 0.577173 1.640801 1.559428
0.056162 0.051009 0.063280 0.891635 0.835317 0.042916 0.021337 0.165806 0.153145 0.115299 0.066318 0.079429 0.170069 0.160173 0.037841 0.017373 0.025640 0.960923 3.238067 2.319167 1.329835 1.309740 1.299908 1.350572 0.289704 1.363444 2.319685 0.221224 0.088295 0.020622 0.056210 1.814714 1.839854 0.822818 0.816364 1.802896 0.811330 0.788056 0.033136 0.057763 0.029899 0.023415 0.025748 0.031686 0.788526 0.728898 0.783274 0.849399 0.020042 0.115126 0.628198 1.797266 3.816314 4.786094 0.708635 0.245843 0.481039 1.639357 1.548276
