use_cases/Flooding_chicago/flooding_data/output/h_660.asc
ncols 337
nrows 393
xllcorner 428428.000000
yllcorner 4602440.000000
cellsize 26.757400
NODATA_value -9999.000000
[rows 135 to 161 of 393, columns 177 to 235 of 337]
0.116082 0.146094 0.044304 0.039970 0.072366 0.032966 0.039600 0.030328 0.053993 0.053522 0.067573 0.049293 0.036505 0.046409 0.059961 0.043511 0.040275 0.055820 1.433271 2.483009 1.474313 0.370302 0.350144 0.117799 0.070745 0.063196 0.051565 0.046536 0.032972 0.027281 0.027839 0.048577 0.035148 0.061885 0.660020 0.645217 0.068000 0.040092 0.038642 0.037408 0.032432 0.034112 0.057701 0.037300 0.069246 0.075814 0.062050 0.049382 0.034736 0.040642 0.033318 0.058144 0.107170 0.130517 0.094687 0.056498 0.365119 0.373656 1.395548
0.259387 0.096169 0.077565 0.043509 0.070152 0.027320 0.036232 0.078052 0.054057 0.036354 0.075676 0.087029 0.056055 0.041359 0.045616 0.036217 0.036902 0.040413 1.456474 2.479444 2.483162 1.455910 0.364524 0.081697 0.077099 0.069873 0.057299 0.032341 0.043828 0.032031 0.052494 0.043669 0.035010 0.381832 0.570549 0.060583 0.045764 0.050747 0.032874 0.052070 0.029122 0.029624 0.050072 0.043419 0.081504 0.084190 0.061929 0.052759 0.038886 0.061614 0.055076 0.108528 0.105370 0.622566 0.600328 0.542476 0.423719 0.395162 0.386144
0.279153 1.013981 0.076019 0.090494 0.057646 0.037199 0.082837 1.706917 0.070428 0.038247 0.048989 0.071784 0.115692 0.039849 0.038933 0.053348 0.048364 0.360478 1.480525 2.485180 2.501355 1.462869 1.437639 0.339505 0.087897 0.051325 0.042532 0.032465 0.033462 0.053670 0.048273 0.042411 0.166290 0.205206 0.020805 0.025032 0.025917 0.049309 0.078911 0.094352 0.032219 0.032417 0.055153 0.078652 0.090079 0.088141 0.072157 0.051627 0.057958 0.046989 0.046333 0.090981 0.085793 0.039527 0.046105 0.024817 0.260912 0.265617 0.270800
0.322531 0.981834 0.985705 0.942526 0.853507 0.771772 0.888260 1.702401 1.766850 0.409879 0.215695 0.173271 0.330212 0.321355 0.040037 0.038134 0.378001 1.463161 1.489700 2.486906 1.458697 1.448401 1.436366 1.426006 0.074499 0.053045 0.040030 0.036123 0.046399 0.085581 0.066335 0.296614 1.155180 0.174478 0.047209 0.045845 0.048790 0.066888 0.051735 0.080863 0.033577 0.033547 0.048103 0.091022 0.096244 0.076212 0.080148 0.086450 0.053719 0.065070 0.057381 0.059296 0.108985 0.087411 0.046458 0.048470 0.286528 0.311899 0.279241
0.347323 0.178330 0.960239 1.984561 2.018950 3.007735 2.033650 0.738726 0.646234 0.706802 0.574407 2.470112 3.512000 3.552181 3.547058 3.541430 3.570074 2.552889 1.516475 1.513693 1.476449 2.427543 2.424947 1.385032 0.039202 0.042843 0.032088 0.032346 0.063996 0.073611 0.509206 1.484411 2.505031 1.485511 0.331752 0.048376 0.049358 0.055717 0.054664 0.089409 0.027579 0.045968 0.049201 0.079506 0.162285 0.051981 0.074255 0.084250 0.067055 0.047722 0.052742 0.050569 0.091088 0.076900 0.049096 0.046974 0.220361 0.263605 0.368799
0.014396 1.062255 1.037728 1.971521 2.017911 3.053011 0.881745 0.035265 0.038977 0.086059 0.435108 1.308954 2.530441 2.534361 3.546971 3.538260 3.547957 1.494097 0.393273 0.428438 1.423990 2.424643 2.416170 2.425926 1.284079 0.053195 0.040215 0.057757 0.077335 0.040197 0.028116 1.531270 2.571809 1.582674 0.462768 0.048243 0.070915 0.060653 0.054222 0.045326 0.042787 0.059536 0.050590 0.114626 0.143332 0.048393 0.056005 0.079600 0.098656 0.062858 0.080476 0.050596 0.118336 0.085344 0.563830 0.558988 1.628531 0.661642 0.422654
0.846647 0.944708 0.958306 0.043292 0.064258 0.061732 0.038362 0.033794 0.046478 0.071519 0.063580 0.043121 0.036573 0.050835 0.050716 0.304566 0.331924 0.352693 0.037135 0.021487 1.423991 2.425798 2.402149 2.410695 1.316124 0.334977 0.051923 0.072073 0.140365 0.144255 0.268369 0.431480 1.528654 0.445111 0.318291 0.195009 0.206845 0.044791 0.054003 0.034173 0.037391 0.084130 0.031562 0.098198 0.384559 0.052864 0.043006 0.096536 0.127288 0.071170 0.552535 0.562495 1.723354 1.716326 2.750098 2.698174 1.671633 0.770240 0.742496
0.244781 0.182432 0.153062 0.049293 0.039404 0.028572 0.028694 0.041109 0.098320 0.091118 0.029656 0.020027 0.040519 0.037804 0.054543 0.055686 0.087787 0.067996 0.044210 0.378414 0.385604 1.427817 2.394589 2.411619 1.273870 0.466124 0.484356 0.134232 0.229073 0.142747 0.142776 0.038426 0.073098 0.020180 0.202165 0.173994 0.529362 0.613048 0.577627 0.028996 0.575902 0.096036 0.046791 0.078987 0.577767 0.447505 0.029580 0.073905 0.610378 1.721046 1.742645 1.735619 1.754602 2.755306 2.754529 2.732034 2.738268 1.742790 1.705343
0.233881 0.164824 0.085868 0.039024 0.047020 0.026040 0.026421 0.030769 0.109523 0.122366 0.020333 0.018089 0.034049 0.034737 0.061043 0.048408 0.061637 0.047738 0.064935 0.337820 0.033455 0.355517 2.425250 2.396927 1.244816 0.534654 0.596740 0.204038 0.165468 0.099949 0.072987 0.036346 0.028816 0.017372 0.019752 0.087833 0.662907 1.918205 1.969171 3.983771 2.976125 0.836099 0.091626 0.048359 0.024345 0.250515 0.116460 0.225235 0.606928 1.763435 1.782903 1.771966 1.777389 2.764578 2.770532 1.741393 1.747143 1.758005 1.735597
0.291373 0.027324 0.152526 0.056771 0.034263 0.034356 0.035881 0.039406 0.097127 0.107695 0.034584 0.021660 0.021660 0.028816 0.071067 0.062813 0.071663 0.058081 0.078573 0.080727 0.070774 0.278090 1.345806 1.322740 0.041219 0.080260 0.748516 0.189809 0.114324 0.068589 0.089832 0.028970 0.028973 0.017372 0.028633 0.048478 0.051279 0.971531 1.017600 3.989965 3.002951 1.957897 0.086250 0.026192 0.037105 0.491939 0.418656 0.324403 0.172853 0.728719 1.779044 1.764040 1.771549 2.754214 2.763030 2.737958 1.720059 0.576289 0.097013
0.119879 0.054828 0.055809 0.038216 0.039056 0.039315 0.017372 0.027594 0.612911 0.791824 0.036034 0.034050 0.018089 0.034157 0.038735 0.072756 0.046242 0.038934 0.046883 0.049747 0.081021 0.061166 0.275504 0.045830 0.028275 0.150353 0.201323 0.260374 0.077975 0.102580 0.047615 0.043643 0.023814 0.034293 0.041892 0.072650 1.100641 0.105090 0.991601 2.887901 1.989318 0.962661 0.053084 0.573229 0.530114 1.570323 1.572795 0.428713 0.028497 0.029500 0.048237 1.735803 3.771211 3.771201 3.774302 2.754281 0.567481 0.114725 0.074681
0.053087 0.075774 0.026481 0.040179 0.030327 0.031440 0.017372 0.032392 0.617079 1.801944 0.072910 0.034019 0.026757 0.030540 0.026390 0.021523 0.032249 0.033730 0.034707 0.036187 0.027946 0.050165 0.043028 0.045999 0.034959 0.038554 0.241144 0.327490 0.378736 0.060925 0.089775 0.033641 0.037331 0.030658 0.112905 0.959348 2.059842 1.124162 0.992131 1.033681 0.058486 0.059984 0.043951 0.576810 1.640725 2.603771 1.616568 0.037323 0.019188 0.046619 0.069095 1.745533 3.765770 3.754630 2.764496 1.703290 0.114406 0.105447 0.119317
0.017372 0.017372 0.090920 0.069358 0.037637 0.030541 0.025993 0.839299 1.767929 1.786786 0.060822 0.053642 0.045403 0.020165 0.042290 0.040398 0.067334 0.228571 0.220912 0.027090 0.014396 0.024514 0.018881 0.067708 0.054271 0.029139 0.032425 0.290938 0.350924 0.374687 0.060871 0.068629 0.066399 0.050490 0.033542 0.271882 0.847743 0.983183 0.051786 0.082323 0.075498 0.062037 0.554269 1.624652 2.644199 3.606790 1.608573 0.037039 0.025368 0.060476 0.082491 1.729161 2.745691 2.711857 1.691162 0.553452 0.116099 0.091780 0.101814
0.038323 0.039909 0.046164 0.173819 0.165937 0.043084 0.040671 0.801970 1.740909 1.786600 0.617290 0.038985 0.027381 0.042732 0.040366 0.040443 0.065395 0.199522 0.181368 0.151059 0.021045 0.069154 0.078486 1.035619 1.027891 1.033426 0.026397 0.049233 0.046221 0.041081 0.049737 0.058383 0.048310 0.646360 0.656225 0.504254 0.351042 0.268665 0.032972 0.084806 0.082783 0.061667 0.536779 2.619171 3.643393 2.612008 1.605158 0.563363 0.034614 0.080892 0.044499 0.047897 0.543818 0.567295 0.361032 0.086394 0.101359 0.130014 0.140684
0.095712 0.126258 0.161123 0.190928 0.198504 0.045721 0.048575 0.072158 0.609359 0.668477 0.610412 0.095803 0.023750 0.041145 0.039757 0.110301 0.097294 0.051560 1.035235 1.045971 0.033812 1.051429 1.122444 2.059511 2.063251 1.060303 0.022942 0.023566 0.031395 0.031658 0.825691 0.854618 0.830546 1.789495 1.787406 0.681732 0.074762 0.066161 0.074062 0.025766 0.026292 0.063390 0.467176 2.606674 3.633338 2.609109 1.605408 0.499391 0.064796 0.024101 0.025428 0.038123 0.045130 0.403484 0.579692 0.100846 0.088822 0.108058 0.117609
0.094150 0.132850 0.145453 0.164409 0.172991 0.042866 0.055259 0.049467 0.048980 0.019310 0.040503 0.027301 0.050408 0.061943 0.161004 0.150358 0.090469 0.050487 1.054654 2.078156 1.051082 1.053295 2.064103 2.054796 2.056951 1.050665 0.023507 0.027366 0.030068 0.812773 0.823447 0.837079 0.806422 1.766270 1.752198 0.601193 0.083244 0.029156 0.021034 0.017967 0.036844 0.035715 0.455280 2.618995 3.626905 1.615243 0.508909 0.107307 0.109687 0.026954 0.017967 0.021034 0.051614 0.065588 0.805083 0.112423 0.160590 0.073296 0.043524
0.068844 0.088366 0.097811 0.109844 0.117089 0.032325 0.044500 0.018881 0.024514 0.014396 0.020973 0.025353 0.039570 0.052772 0.193164 0.120885 0.388433 0.883613 2.039220 3.101979 1.047963 1.053416 0.930170 2.007783 2.002304 0.960121 0.121291 0.019309 0.112259 0.785660 0.835384 0.829699 0.045919 0.619259 1.709707 0.548798 0.136529 0.028080 0.017967 0.045072 0.030465 0.055250 0.486891 2.585460 2.650524 0.582467 0.130968 0.119364 0.206963 0.231947 0.028869 0.017967 0.089607 0.121423 0.837444 0.945648 0.066506 0.075066 0.043785
0.359431 0.215189 0.948076 0.973518 0.096949 0.077598 0.084697 0.041835 0.062723 0.018943 0.033825 0.037915 0.830257 0.025628 0.225992 0.563149 0.425834 0.854713 2.018725 0.053405 0.050142 0.048188 0.076767 0.104493 0.094041 0.107349 0.049179 0.130032 0.118428 0.745251 0.783274 0.061379 0.025078 0.047049 0.051409 0.482031 0.221937 0.299599 0.052087 0.104099 0.633622 0.647849 0.712707 1.432360 1.566838 1.622423 0.136908 0.115440 0.186090 0.235863 0.320289 0.078559 0.145889 0.086464 0.355613 0.249443 0.081340 0.071786 0.035363
0.337203 0.661789 1.823905 1.847930 1.835030 0.750469 0.723622 1.785262 1.811363 0.601717 0.553230 0.624415 1.668690 0.629177 1.353233 0.187338 0.095507 0.097796 0.030236 0.037575 0.024986 0.068404 0.111296 0.076752 0.056615 0.057106 0.072871 0.056771 0.064262 0.107235 0.086660 0.036697 0.021141 0.038185 0.064697 0.082321 0.303600 0.083536 0.086119 0.764336 1.118579 1.210717 0.820657 0.695521 0.086747 0.048457 0.051724 0.049523 0.058326 0.052134 0.098030 0.134558 0.085991 0.099512 0.466927 0.100747 0.044917 0.050499 0.035728
0.216968 1.771544 2.888529 2.920216 1.865051 1.859963 1.846710 2.794303 2.843430 1.769005 1.776529 1.787760 0.553032 0.524311 0.078166 0.040973 0.047647 0.033196 0.034919 0.022042 0.031028 0.082179 0.093300 0.049553 0.034584 0.057550 0.055595 0.033435 0.050408 0.058996 0.046638 0.031518 0.025830 0.038643 0.061444 0.094606 0.128110 0.122883 0.125826 0.678243 0.513059 0.415077 0.217282 0.047018 0.045624 0.051014 0.042503 0.058598 0.056733 0.063911 0.051924 0.135550 0.095498 0.061896 0.206730 0.180733 0.033193 0.034325 0.025413
0.185274 0.731901 1.840051 1.906279 0.880227 0.842768 0.868321 1.816818 1.839839 1.806082 0.633284 0.054479 0.041831 0.084029 0.093149 0.043556 0.033205 0.033394 0.022725 0.023582 0.020347 0.082448 0.080250 0.047826 0.050026 0.059852 0.036079 0.037759 0.033027 0.062569 0.030739 0.022865 0.033135 0.037880 0.078000 0.132931 0.124066 0.158673 0.095793 0.591725 0.602915 0.547856 0.051999 0.034996 0.043448 0.041694 0.041572 0.050620 0.039222 0.061180 0.056145 0.077249 0.056358 0.061455 0.225076 0.170039 0.044320 0.033974 0.022469
0.078773 0.099191 0.164539 0.785250 0.869221 0.095019 0.021874 0.828951 2.835269 1.796090 0.082914 0.049265 0.021218 0.082863 0.073577 0.036889 0.029305 0.017372 0.025704 0.034004 0.103550 0.059999 0.038307 0.032556 0.047157 0.057701 0.040733 0.029167 0.036858 0.045312 0.025703 0.025703 0.027642 0.029059 0.096159 0.168611 0.118200 0.113675 0.060645 0.583801 0.608584 0.563096 0.056924 0.031306 0.025154 0.033287 0.045692 0.048546 0.041831 0.063361 0.071664 0.082526 0.050361 0.055822 0.182930 0.139290 0.034568 0.027916 0.018425
0.141594 0.129113 0.147683 0.142774 0.897002 0.126905 0.027351 0.896483 2.855367 1.716673 0.085881 0.066749 0.035790 0.065306 0.078485 0.042503 0.041359 0.017372 0.025704 0.101575 1.162499 0.889090 0.031639 0.027182 0.032997 0.038093 0.038321 0.038826 0.036689 0.020180 0.017372 0.017372 0.025039 0.028466 0.156239 0.179268 0.124610 0.126180 0.366280 0.629577 0.651029 1.873727 2.082166 0.916694 0.069042 0.048019 0.036002 0.040002 0.057335 0.093759 0.060538 0.056206 0.048607 0.052924 0.168568 0.149283 0.042748 0.014396 0.065971
0.140358 1.161203 0.121377 0.141869 0.732874 0.096251 0.023033 0.629280 1.726138 0.490230 0.116696 0.125718 0.127304 0.066636 0.055753 0.028388 0.044579 0.039146 0.056970 0.144687 1.207037 0.840154 0.020302 0.019310 0.014396 0.024285 0.038063 0.157570 0.159127 0.044533 0.028862 0.028968 0.038163 0.176750 1.318689 0.270432 0.196300 0.207486 0.164127 0.098298 0.093268 0.100082 1.963321 2.007235 0.077605 0.057488 0.045021 0.056830 0.038092 0.056176 0.036430 0.029168 0.030540 0.056642 0.087792 0.075943 0.035073 0.035439 0.036659
0.093451 0.081436 0.133187 0.149391 0.161828 0.045539 0.021232 0.037209 0.150797 0.100765 0.069902 0.073803 0.131953 0.042870 0.071747 0.026236 0.034645 0.028831 0.047875 0.127347 1.194427 0.123908 0.033119 0.030077 0.024285 0.023398 0.030281 0.097711 0.115136 0.029976 0.034437 0.028587 0.033547 0.205694 1.313257 1.351007 0.270226 0.156348 0.159495 0.088974 0.080925 0.108752 1.077318 1.047807 0.074040 0.053719 0.032235 0.039421 0.042916 0.031852 0.049900 0.061025 0.044954 0.056389 0.050316 0.048469 0.018746 0.025047 0.043556
0.073005 0.048227 0.165175 0.148734 0.093297 0.049415 0.021188 0.029547 0.086991 0.089918 0.053179 0.073272 0.080683 0.032167 0.034107 0.206898 0.159527 0.089838 0.049009 0.165791 1.226598 1.219591 0.044329 0.039726 0.032127 0.022575 0.038933 0.129082 0.136757 0.086770 0.063226 0.039708 0.052297 0.264707 1.306728 1.335561 1.339641 0.221199 0.110404 0.075843 0.123379 0.199518 0.932654 0.830637 0.039664 0.034385 0.028481 0.022942 0.023507 0.034996 0.032189 0.057748 0.063026 0.053458 0.062019 0.021188 0.036132 0.030418 0.043794
0.039879 0.059150 0.151932 0.130333 0.136053 0.048942 0.021126 0.033530 0.056105 0.160528 0.084110 0.070274 0.066537 0.034728 0.033690 0.046508 0.098946 0.298459 0.236296 1.205589 3.239441 3.259701 2.207465 0.042218 0.042691 0.027108 0.041985 0.060142 0.109537 0.077049 0.053108 0.053092 0.307374 1.332640 1.287169 1.333600 0.228316 0.152318 0.091169 0.065856 0.192691 0.364579 0.699083 0.072110 0.031914 0.022636 0.030769 0.023566 0.027366 0.019309 0.026528 0.052647 0.132550 0.056755 0.041130 0.042503 0.032768 0.044486 0.053544
