use_cases/Flooding_chicago/flooding_data/output/h_660.asc
ncols 337
nrows 393
xllcorner 428428.000000
yllcorner 4602440.000000
cellsize 26.757400
NODATA_value -9999.000000
[rows 54 to 80 of 393, columns 236 to 294 of 337]
0.037086 0.031349 0.031547 0.042533 0.047569 0.077375 -9999.000000 -9999.000000 -9999.000000 -9999.000000 -9999.000000 -9999.000000 -9999.000000 -9999.000000 -9999.000000 -9999.000000 -9999.000000 -9999.000000 -9999.000000 -9999.000000 -9999.000000 -9999.000000 -9999.000000 -9999.000000 -9999.000000 -9999.000000 -9999.000000 -9999.000000 -9999.000000 -9999.000000 -9999.000000 -9999.000000 -9999.000000 -9999.000000 -9999.000000 -9999.000000 -9999.000000 -9999.000000 -9999.000000 -9999.000000 0.022591 0.022591 0.045937 0.047385 0.053263 0.529377 0.528088 0.340708 0.255772 0.069542 0.055290 0.035546 0.034585 0.053430 0.215038 0.266746 0.019570 0.567501 0.551470
0.251377 0.028328 0.028542 0.056723 0.038230 0.092551 -9999.000000 -9999.000000 -9999.000000 -9999.000000 -9999.000000 -9999.000000 -9999.000000 -9999.000000 -9999.000000 -9999.000000 -9999.000000 -9999.000000 -9999.000000 -9999.000000 -9999.000000 -9999.000000 -9999.000000 -9999.000000 -9999.000000 -9999.000000 -9999.000000 -9999.000000 -9999.000000 -9999.000000 -9999.000000 -9999.000000 -9999.000000 -9999.000000 -9999.000000 -9999.000000 -9999.000000 -9999.000000 -9999.000000 -9999.000000 0.046029 0.052651 0.034401 0.036476 0.031988 0.023491 0.022300 0.320774 0.285838 0.065036 0.046898 0.034905 0.037361 0.048623 0.168623 0.197049 0.102736 1.566638 2.561752
0.244909 0.156810 0.076520 0.270334 0.241725 0.153243 0.066588 0.063881 0.031139 -9999.000000 -9999.000000 -9999.000000 -9999.000000 -9999.000000 -9999.000000 -9999.000000 -9999.000000 -9999.000000 -9999.000000 -9999.000000 -9999.000000 -9999.000000 -9999.000000 -9999.000000 -9999.000000 -9999.000000 -9999.000000 -9999.000000 -9999.000000 -9999.000000 -9999.000000 -9999.000000 -9999.000000 -9999.000000 -9999.000000 -9999.000000 -9999.000000 -9999.000000 -9999.000000 -9999.000000 0.039833 0.033485 0.045372 0.041388 0.078976 0.078629 0.087321 0.158912 0.574058 0.102374 0.031821 0.029671 0.014396 0.038040 0.124689 0.137231 0.521028 1.553418 2.549645
0.174635 0.151813 0.328704 0.330212 0.260185 0.135367 0.126581 0.066330 0.057677 -9999.000000 -9999.000000 -9999.000000 -9999.000000 -9999.000000 -9999.000000 -9999.000000 -9999.000000 -9999.000000 -9999.000000 -9999.000000 -9999.000000 -9999.000000 -9999.000000 -9999.000000 -9999.000000 -9999.000000 -9999.000000 -9999.000000 -9999.000000 -9999.000000 -9999.000000 -9999.000000 -9999.000000 -9999.000000 -9999.000000 -9999.000000 -9999.000000 -9999.000000 -9999.000000 0.014396 0.044242 0.041130 0.050470 1.046108 3.160509 2.227258 0.247640 0.384587 0.453551 0.118305 0.040661 0.036873 0.044843 0.030740 0.086076 0.094180 0.516141 1.521298 1.538914
0.150442 0.123150 0.356762 0.348076 0.220944 0.248777 0.432541 0.275070 0.278138 0.157982 0.074740 -9999.000000 -9999.000000 -9999.000000 -9999.000000 -9999.000000 -9999.000000 -9999.000000 -9999.000000 -9999.000000 -9999.000000 -9999.000000 -9999.000000 -9999.000000 -9999.000000 -9999.000000 -9999.000000 -9999.000000 -9999.000000 -9999.000000 -9999.000000 -9999.000000 -9999.000000 -9999.000000 -9999.000000 -9999.000000 -9999.000000 -9999.000000 -9999.000000 0.031716 0.046209 0.064460 0.145152 2.200706 4.173880 3.221389 1.063277 0.403253 0.344789 0.109177 0.122326 0.037444 0.023948 0.061687 0.585557 0.588600 0.525921 0.462832 0.523250
0.022011 0.057879 0.338332 0.366350 0.020942 0.156308 0.070600 0.148144 0.219163 0.137965 0.179840 0.020682 0.018881 0.024514 0.014396 -9999.000000 -9999.000000 -9999.000000 -9999.000000 -9999.000000 -9999.000000 -9999.000000 -9999.000000 -9999.000000 -9999.000000 -9999.000000 -9999.000000 -9999.000000 -9999.000000 -9999.000000 -9999.000000 -9999.000000 -9999.000000 -9999.000000 -9999.000000 -9999.000000 -9999.000000 -9999.000000 -9999.000000 0.018868 0.047051 0.059822 0.059792 3.203824 4.182112 3.224977 2.169255 2.028209 0.189303 0.183293 0.246319 0.454974 0.573172 0.602181 0.610604 1.616816 0.443583 0.176482 0.148236
0.033759 0.256485 0.287479 0.036950 0.022697 0.037998 0.038062 0.077083 0.113462 0.149641 0.314423 0.268719 0.046904 0.039802 0.042828 0.019310 0.014396 -9999.000000 -9999.000000 -9999.000000 -9999.000000 -9999.000000 -9999.000000 -9999.000000 -9999.000000 -9999.000000 -9999.000000 -9999.000000 -9999.000000 -9999.000000 -9999.000000 -9999.000000 -9999.000000 -9999.000000 -9999.000000 -9999.000000 -9999.000000 -9999.000000 0.014396 0.025612 0.020973 0.037834 0.053310 3.206936 3.179624 2.224509 2.199986 3.139669 0.727309 0.112224 0.113419 0.021919 0.599133 0.599469 0.613735 0.593407 0.152919 0.152126 1.293779
0.094941 0.159574 0.042960 0.033562 0.020180 0.027764 0.051294 0.094720 0.241137 2.378526 3.400165 3.379033 1.083061 0.068929 0.033997 0.042276 0.026055 0.014396 -9999.000000 -9999.000000 -9999.000000 -9999.000000 -9999.000000 -9999.000000 -9999.000000 -9999.000000 -9999.000000 -9999.000000 -9999.000000 -9999.000000 -9999.000000 -9999.000000 -9999.000000 -9999.000000 -9999.000000 -9999.000000 -9999.000000 0.028511 0.037438 0.069968 0.064506 0.066389 0.060768 0.154802 0.171805 1.226698 3.182123 3.155734 0.810934 0.063901 0.058541 0.038948 0.021110 0.052556 0.601152 0.609961 0.125409 0.205518 1.279052
0.109151 0.086259 0.037971 0.029000 0.017372 0.036674 0.049042 0.070784 1.200019 2.398344 2.407702 3.361557 1.124083 0.087241 0.025930 0.076345 0.559335 0.026055 0.014396 0.075523 0.020515 0.018538 -9999.000000 -9999.000000 -9999.000000 -9999.000000 -9999.000000 -9999.000000 -9999.000000 -9999.000000 -9999.000000 -9999.000000 -9999.000000 -9999.000000 -9999.000000 -9999.000000 -9999.000000 0.035760 0.037849 0.066750 0.060677 0.069511 0.079658 0.100489 0.101835 1.167023 3.133835 3.164785 1.027078 0.126624 0.054506 0.038882 0.035759 0.017372 0.120382 0.119215 0.181042 0.217893 0.062021
0.194796 0.071015 0.042298 0.040260 0.017372 0.019463 0.020912 0.032112 0.039208 0.105934 0.022149 0.063575 0.060739 0.081273 0.783444 1.867736 1.795336 0.105327 0.076561 0.102699 0.079415 0.023888 0.017967 0.030144 0.043282 0.034966 -9999.000000 -9999.000000 -9999.000000 -9999.000000 -9999.000000 -9999.000000 -9999.000000 -9999.000000 -9999.000000 -9999.000000 -9999.000000 0.040260 0.041038 0.071723 0.061242 0.066307 0.095513 0.140211 0.788547 2.055340 3.140796 1.064530 0.938356 0.740821 0.107852 0.030003 0.030515 0.017372 0.174472 0.056696 0.094002 0.109351 0.059761
0.049675 0.037359 0.028007 0.041114 0.029121 0.032128 0.036278 0.042803 0.032448 0.025750 0.024011 0.024258 0.028274 0.034822 0.636150 2.854651 1.818832 0.117316 0.076578 0.104912 0.078469 0.031932 0.021034 0.017967 0.053978 0.038749 0.026908 0.023765 0.022285 0.018379 0.022267 0.019951 0.239550 0.048760 0.036049 0.031333 0.032829 0.018272 0.053002 0.026329 0.057625 0.045252 0.129356 0.114692 0.101083 0.124985 0.152782 0.147141 0.169235 0.207451 0.170718 0.152444 0.169110 0.128565 0.167071 0.077400 0.111900 0.125550 0.077080
0.043617 0.033517 0.030007 0.028221 0.048836 0.047066 0.228521 1.380675 1.396247 0.347592 0.334842 0.299362 0.045087 0.020195 0.036506 0.070639 0.821231 0.113255 0.022591 0.022591 0.042168 0.075966 0.025658 0.024848 0.038033 0.040646 0.054159 0.971681 0.996942 1.000859 0.027031 0.111968 0.339942 0.041986 0.047676 0.040870 0.043386 0.021858 0.049675 0.054908 0.063316 0.220136 0.184013 0.131707 0.071983 0.096398 0.102476 0.094720 0.057434 0.106027 0.076974 0.083340 0.169707 0.109175 0.132878 0.072085 0.040459 0.057396 0.084008
0.053078 0.018441 0.023522 0.038643 0.047965 0.125170 0.264464 2.375117 2.392451 2.395476 2.387848 1.362307 0.068838 0.030586 0.027151 0.033469 0.060798 0.065347 0.022591 0.022591 0.052665 0.105644 0.070717 0.050055 0.052238 0.151781 0.917153 0.984318 0.996561 1.000365 0.019478 0.170858 0.123711 0.037727 0.037773 0.034736 0.042916 0.022317 0.048301 0.047417 0.061366 0.077235 0.070259 0.078737 0.053833 0.046080 0.123265 0.057135 0.029183 0.119045 0.066171 0.070322 0.039373 0.047265 0.035515 0.053246 0.027867 0.036293 0.041649
0.032600 0.056848 0.049705 0.097724 0.048974 0.069968 0.244587 1.364448 2.384197 2.386572 2.388061 0.245234 0.076178 0.034295 0.037438 0.021737 0.085014 0.065498 0.021782 0.043846 0.034172 0.066689 0.164279 0.185624 0.044335 0.030874 0.045546 0.979178 0.017372 0.017372 0.209242 0.196339 1.184490 0.128993 0.046226 0.049171 0.030952 0.021858 0.044014 0.036446 0.062143 0.039564 0.023628 0.130776 0.038490 0.050010 0.066582 0.086357 0.041695 0.047158 0.062691 0.033669 0.058297 0.038948 0.041862 0.039055 0.030464 0.020134 0.034080
0.031334 0.051155 0.047829 0.106591 0.105067 0.121696 0.087974 0.275205 0.344834 0.291167 0.040028 0.068825 0.100280 0.033302 0.027610 0.062447 0.029206 0.313092 0.271533 0.179379 0.294139 0.212381 0.170605 0.199762 0.017967 0.040108 0.071431 0.048194 0.217801 0.223753 0.209131 0.191573 0.187078 0.014396 0.135367 0.046503 0.043973 0.018272 0.030281 0.057762 0.044888 0.111899 0.084837 0.032707 0.030098 0.043624 0.053078 0.059167 0.074120 0.023566 0.022942 0.279561 0.045387 0.037682 0.026360 0.027733 0.017372 0.017372 0.020180
0.055733 0.033074 0.018257 0.022560 0.035835 0.049951 0.051476 0.113714 0.188872 0.018929 0.024453 0.033745 0.036262 0.034218 0.052620 0.039177 0.046846 0.318044 0.318167 0.223232 0.307446 0.731840 0.853399 0.819701 0.021034 0.017967 0.028897 0.047065 0.202951 0.227838 0.204147 0.177218 0.157655 0.109276 0.121832 0.076960 0.030907 0.020470 0.034172 0.059540 1.941879 1.942623 0.906638 0.038353 0.036493 0.014396 0.075019 0.078179 0.085152 0.027366 0.023507 0.261427 0.161364 0.029747 0.032097 0.032418 0.020134 0.046262 0.031427
0.059853 0.038490 0.040428 0.024589 0.040715 0.049064 0.046198 0.053230 0.319536 0.415067 0.429033 0.036202 0.042824 0.029518 0.088584 0.066174 0.503446 0.435458 0.352188 0.249990 0.317306 0.788741 0.886555 1.850607 0.056676 0.027569 0.030207 0.023539 0.042503 0.166164 0.171787 0.129690 0.115441 0.128771 1.092541 0.104178 0.032982 0.039284 0.102689 0.896303 2.960543 2.964972 1.976853 0.032784 0.030296 0.044245 0.055290 0.069342 0.076714 0.019309 0.165127 0.206357 0.130748 0.039314 0.040520 0.020364 0.046440 0.037054 0.127495
0.082107 0.036446 0.039544 0.031715 0.026125 0.033042 0.046317 0.040581 0.041756 0.416875 0.452646 0.034355 0.034934 0.043640 0.061225 1.673033 1.726217 0.537610 0.371601 0.262779 0.146908 0.074802 0.830015 1.827825 1.804753 0.626965 0.052877 0.018441 0.056068 0.038307 0.104210 0.140069 1.132344 2.023387 3.123997 0.920659 0.069603 0.042993 0.092518 0.840158 1.961023 2.976727 1.923772 0.086438 0.046501 0.082690 0.151299 0.039558 0.045945 0.886042 0.065267 0.769705 0.062624 0.037991 0.033181 0.021172 0.065087 0.076700 0.122582
1.218071 0.116246 0.066458 0.035774 0.017372 0.026436 0.030006 0.044426 0.053138 0.419025 0.455544 0.030648 0.027001 0.139599 1.673437 2.739755 2.758180 0.606061 0.040506 0.027886 0.033669 0.044768 0.061396 1.833150 2.842835 2.852240 1.787768 0.076456 0.020378 0.031822 0.067465 0.725492 3.110897 3.105844 3.107978 0.093549 0.062905 0.049095 0.021084 0.034431 0.959553 2.004224 2.978983 0.864012 0.363985 0.400755 0.150244 0.301688 0.024955 1.845268 1.818379 1.826174 0.671109 0.110876 0.063879 0.042503 0.076637 0.093117 0.062980
0.170300 0.063531 0.064140 0.039818 0.017372 0.032249 0.032159 0.037148 0.058632 0.416410 0.450664 0.020225 0.034950 0.194560 1.641634 2.708497 2.738755 1.704278 0.058224 0.019309 0.059837 0.034199 0.051543 1.804686 2.829243 2.832836 1.798928 0.033155 0.017967 0.032539 0.063033 0.095810 0.876540 2.065794 0.764367 0.040476 0.032006 0.032676 0.020134 0.030296 0.039385 1.996689 3.997258 0.909110 0.420122 0.455016 0.545991 0.302878 0.527199 0.636104 1.746592 0.555870 0.057799 0.053047 0.073617 0.029046 0.145801 0.078727 0.045891
0.041863 0.057824 0.042481 0.051704 0.021812 0.028390 0.050118 0.121524 0.083104 0.397281 0.387217 0.264239 0.481531 0.361289 0.271457 0.656564 1.700836 1.684556 0.076506 0.027366 0.023507 0.031761 0.022957 0.057923 0.746365 1.731816 0.167624 0.039444 0.021034 0.017967 0.024369 0.045713 0.049862 0.059703 0.058531 0.033759 0.026131 0.017372 0.017372 0.020180 0.021110 0.775184 2.981764 0.879629 0.398412 0.361869 0.043195 0.045889 0.031853 0.035241 0.105416 0.042006 0.027153 0.032737 0.026666 0.037300 0.128090 0.112849 0.042993
0.020134 0.039573 0.032418 0.020667 0.033257 0.033333 0.038139 0.148646 0.502928 0.434423 0.385267 0.296462 0.154258 0.368550 0.353011 0.275980 0.576999 0.626281 0.029915 0.023566 0.022942 0.035590 0.060479 0.040062 0.352878 0.353400 0.322026 0.032785 0.030334 0.029426 0.547713 0.023387 0.027471 0.014396 0.053414 0.023857 0.028283 0.044563 0.029976 0.038627 0.038215 0.875932 0.916193 0.203159 0.346347 0.044579 0.041756 0.047977 0.029915 0.037788 0.039269 0.041451 0.017372 0.017372 0.032554 0.062316 0.107549 0.248097 0.216054
0.017372 0.017372 0.029488 0.031150 0.047082 0.041985 0.099510 0.254633 0.146050 0.087823 1.312049 0.265503 0.138443 0.401721 0.416281 1.454434 0.296375 0.019307 0.037086 0.030555 0.034386 0.533108 0.033028 0.028725 0.412643 0.425789 1.465110 0.419006 0.031123 0.028138 1.531019 0.524340 0.028664 0.044247 0.052895 0.058647 0.051674 0.028114 0.055840 0.041450 0.112338 0.892700 0.137739 0.032386 0.463857 0.067875 0.045311 0.030342 0.022377 0.021751 0.018242 0.041481 0.038552 0.035468 0.027306 0.050774 0.204314 2.346405 3.345745
0.024986 0.024986 0.041557 0.040780 0.083077 0.193744 0.150471 0.338326 0.033272 0.085371 0.199042 0.189392 0.542315 1.379711 1.488081 1.489972 0.035104 0.025704 0.080178 0.095680 0.537911 0.543067 0.523809 0.510393 0.474198 0.476617 1.482836 1.479448 1.493732 1.495854 1.513507 1.460046 0.516647 0.066476 0.125849 0.115820 0.043068 0.023475 0.049294 0.073097 0.131340 0.816285 0.145478 0.062097 0.451133 0.078957 0.036292 0.039849 0.021751 0.054924 0.056235 0.109444 0.088981 0.074608 0.023429 0.033866 0.207984 3.356321 3.357108
0.028633 0.044863 0.041482 0.048896 0.020043 0.034332 0.119837 0.114404 0.043419 0.082664 0.044868 0.052157 0.050914 0.346894 1.469201 1.484914 0.052273 0.027748 0.066901 0.108147 0.075279 0.527090 0.516789 0.497599 0.474364 0.469721 1.459327 1.473801 2.486762 1.473608 0.441316 1.491502 0.519892 0.522682 0.105870 0.115309 0.036950 0.018685 0.032280 0.061801 0.138710 0.132180 0.059883 0.109170 0.115334 0.063744 0.052077 0.031441 0.018242 0.047844 0.055886 0.075366 0.143202 0.103354 0.051749 0.071422 1.237413 2.333962 2.335279
0.059747 0.066948 0.046139 0.055749 0.030328 0.030143 0.053611 0.061898 0.064231 0.064828 0.047371 0.034049 0.044197 0.276042 1.438286 1.418585 0.076157 0.022423 0.043388 0.041771 0.082542 0.416304 0.032914 0.338147 0.318898 0.314980 0.037499 1.479653 1.486325 0.039638 0.030464 0.041620 0.526111 0.538396 0.089216 0.108631 0.026954 0.028801 0.042090 0.056824 0.060707 0.071891 0.044492 0.072752 0.103052 0.081239 0.081600 0.119925 0.038765 0.043815 0.023399 0.054375 0.101937 0.310969 0.230805 0.495034 1.144770 1.297251 0.277919
0.551532 0.535491 0.101341 0.090292 0.030754 0.049126 0.020776 0.053093 0.052834 0.060172 0.029029 0.028419 0.039515 0.049111 0.063681 0.305076 0.074119 0.022651 0.033622 0.042138 0.074913 0.082467 0.040017 0.031381 0.051902 0.047478 0.056481 0.062705 0.051125 0.019890 0.039437 0.042287 0.077127 0.084814 0.103344 0.104807 0.029395 0.027565 0.037240 0.147926 0.024499 0.030052 0.048912 0.063790 0.077843 0.061434 0.102516 0.118889 0.027611 0.028710 0.043892 0.037636 0.083901 0.058494 0.221294 0.126067 0.105038 0.086893 0.043999
