use_cases/Flooding_chicago/flooding_data/output/h_660.asc
ncols 337
nrows 393
xllcorner 428428.000000
yllcorner 4602440.000000
cellsize 26.757400
NODATA_value -9999.000000
[rows 108 to 134 of 393, columns 118 to 176 of 337]
-9999.000000 -9999.000000 -9999.000000 -9999.000000 -9999.000000 -9999.000000 -9999.000000 -9999.000000 -9999.000000 -9999.000000 0.017967 0.140358 0.041434 0.049553 0.112801 0.116799 0.099755 0.066627 0.180474 0.033898 0.037971 0.029050 0.039269 0.036170 0.180602 0.029620 0.028359 0.030806 0.031197 0.032418 0.024529 0.039819 0.095796 0.029788 0.118987 0.113491 0.030815 0.030098 0.065147 0.058922 0.033302 0.035942 0.166404 0.014396 0.029335 0.028508 0.050954 0.126266 0.256197 0.280360 0.037682 0.049934 0.037423 0.066567 0.282738 2.405199 0.327090 0.087304 0.119742
-9999.000000 -9999.000000 -9999.000000 -9999.000000 -9999.000000 -9999.000000 -9999.000000 0.027000 0.037438 0.017967 0.021034 0.102593 0.028908 0.031730 0.097651 0.083000 0.068582 0.045205 0.090005 0.143700 0.027409 0.058495 0.044182 0.079002 0.112418 0.055658 0.053116 0.064034 0.064493 0.020302 0.031929 0.269092 0.291516 0.053661 0.106550 0.108522 0.063522 0.075068 0.070353 0.033210 0.026970 0.045648 0.091484 0.066612 0.037040 0.033715 0.094446 0.168856 0.151909 0.146024 0.046089 0.044945 0.033211 0.065285 0.049737 1.095190 0.186675 0.074866 0.043923
-9999.000000 -9999.000000 -9999.000000 -9999.000000 -9999.000000 -9999.000000 0.034066 0.027107 0.039314 0.031532 0.034095 0.119835 0.034706 0.025216 0.106559 0.076486 0.104088 0.058159 0.118767 0.100700 0.062387 0.053337 0.037819 0.224321 0.146430 0.077981 0.061318 0.444062 0.519902 0.583244 0.042045 0.228276 0.248817 0.202513 0.060858 0.077368 0.051561 0.067660 0.137428 0.038951 0.031929 0.040199 0.361445 0.319057 0.208048 0.254026 0.156497 0.263245 0.037179 0.055551 0.051628 0.048241 0.035957 0.042732 0.037986 0.044457 0.049262 0.014396 0.065482
-9999.000000 -9999.000000 0.038429 0.034388 0.029380 0.036462 0.042672 0.065712 0.022243 0.032280 0.042118 0.133947 0.042794 0.038902 0.070946 0.053171 0.071511 0.071251 0.072106 0.124244 0.082818 0.049140 0.058786 0.033547 0.287151 0.155973 0.132444 1.600890 1.637732 1.647657 0.020180 0.032280 0.182175 0.175547 0.142731 0.035497 0.049202 0.156817 0.148566 0.101908 0.045372 0.025780 0.023816 0.034340 0.032081 0.041070 0.052315 0.046439 0.029610 0.092659 0.073291 0.028235 0.024133 0.024681 0.033883 0.030677 0.026741 0.056450 0.014396
0.041453 0.049626 0.043006 0.053093 0.088402 0.032005 0.029640 0.035637 0.041176 0.041771 0.046104 0.219064 0.054695 0.050912 0.048424 0.071846 0.071326 0.120343 0.113289 0.103022 0.098984 0.055108 0.041985 0.014396 0.020302 0.088081 0.529848 1.638368 2.645619 1.650175 0.017372 0.025704 0.089186 0.192388 0.158644 0.029213 0.057008 0.144077 1.873689 0.639449 0.031532 0.018670 0.014396 0.018943 0.021003 0.034600 0.014396 0.024285 0.028708 0.067643 0.064677 0.027047 0.027831 0.017372 0.017372 0.020180 0.113617 0.143181 0.019310
1.056753 0.057219 0.066756 0.049782 0.024284 0.031547 0.030265 0.039345 0.055930 0.037957 0.058144 0.197228 0.139168 0.049233 0.036110 0.056866 0.056908 0.114768 0.088403 0.238706 0.218002 0.055000 0.039589 0.021004 0.033989 0.104583 0.075374 0.597154 1.623127 0.618402 0.017372 0.025704 0.070788 0.153155 0.169379 0.031058 0.045814 0.042856 0.920788 0.793297 0.036019 0.027657 0.018943 0.028403 0.049736 0.067558 0.024285 0.023398 0.039253 0.081993 0.092232 0.033303 0.045433 0.024986 0.024986 0.030098 0.096367 0.139060 0.076033
0.045613 0.260345 0.204465 0.042091 0.036354 0.032890 0.033180 0.044885 0.077465 0.067558 0.032784 0.140372 0.243345 0.044244 0.037606 0.057534 0.133677 0.207145 0.225532 1.280532 1.266434 0.172673 0.037960 0.019570 0.050538 0.065416 0.066349 0.062639 0.053901 0.043590 0.020180 0.032280 0.052111 0.462344 0.478316 0.042625 0.035546 0.026314 0.066358 0.633022 0.522916 0.031945 0.041252 0.025299 0.036888 0.091502 0.023211 0.041526 0.037559 0.097924 0.101203 0.065574 0.066322 0.028694 0.028039 0.060098 0.081003 0.097387 0.061699
0.037284 0.246833 0.233801 0.163943 0.036674 0.037255 0.026198 0.049289 0.062203 0.127389 0.025399 0.083002 0.181225 0.112176 0.102293 0.167238 0.277184 0.207069 1.303336 1.307145 1.291327 0.197842 0.067785 0.022041 0.115083 0.127762 0.036943 0.041236 0.032651 0.055111 0.032890 0.039701 0.538200 1.619503 1.649140 0.606239 0.027046 0.028709 0.019645 0.021522 0.255695 0.369019 0.484291 0.021873 0.039452 0.084999 0.025535 0.030983 0.041176 0.087928 0.075748 0.413882 0.066032 0.039910 0.091698 0.117287 0.044685 0.051353 0.086861
0.021935 0.219934 0.206559 0.149967 0.354857 0.048638 0.032966 0.042060 0.216868 0.200050 0.119872 0.081454 0.343823 0.319280 0.327222 0.156407 0.231881 0.168604 1.333974 1.317266 0.258656 0.044533 0.084749 0.076825 0.088610 0.068709 0.089420 0.067103 0.044375 0.079026 0.061600 0.076781 0.588198 1.666423 1.671798 0.620884 0.061161 0.038419 0.036449 0.068411 0.137457 0.376568 0.019096 0.026741 0.049646 1.475365 0.041993 0.034356 0.037971 0.289807 0.342479 0.402360 0.048913 0.114189 0.103928 0.096793 0.070488 0.067477 0.055519
0.204038 0.208097 0.187276 0.131800 0.450430 0.400772 0.302282 0.289448 0.283399 0.218793 0.129675 0.320692 0.357457 0.335440 0.311713 0.253644 0.259340 0.158006 0.165267 0.207819 0.025032 0.048615 0.017372 0.066155 0.080321 0.115536 0.094122 0.064697 0.040516 0.118777 0.160405 0.064297 0.052164 0.627820 1.677145 0.610647 0.037313 0.043509 0.046104 0.129260 0.209590 0.213977 0.089625 0.060977 1.515474 2.506297 0.410905 0.359679 0.363326 1.399996 0.353203 0.024300 0.026054 0.099357 0.208311 0.242862 0.193789 0.145971 0.027787
0.158886 0.189464 0.168190 0.117778 0.471128 0.448182 0.389300 0.378071 0.017372 0.115755 0.270067 0.314894 0.305554 0.267296 0.189815 0.510103 0.479298 0.150922 0.163363 0.106117 0.072963 0.031455 0.017372 0.037789 0.054011 0.097627 0.100965 0.082513 0.058284 0.705530 0.167569 0.060638 0.060649 0.575328 0.541444 0.478199 0.273699 0.253406 0.297118 0.649437 0.743137 0.120833 0.391993 2.544217 2.545499 3.525068 2.549092 1.537355 2.517902 0.360291 0.024361 0.014396 0.019310 0.020799 1.211040 0.245086 0.217555 1.176087 1.189026
0.126154 0.158376 1.145976 0.115883 0.063913 0.031497 0.275779 0.265460 0.017372 0.060819 0.176999 0.215834 0.204398 0.155759 0.332332 0.369982 0.359911 0.096144 0.128866 0.139395 0.051364 0.033287 0.039512 0.035713 0.070757 0.611491 0.620721 0.643718 0.712593 0.662922 0.179172 0.073526 0.092807 0.081076 0.049718 0.395281 0.218676 0.281705 0.161388 0.716731 0.807779 0.750468 1.559807 1.576156 1.561253 2.499152 3.556515 3.565821 2.561901 0.049155 0.023873 0.026815 0.030953 0.095060 0.153232 0.017372 0.189219 1.221087 1.209840
0.084431 0.102712 0.112741 0.093658 0.051495 0.092638 0.136361 0.239860 0.116333 0.070849 0.214188 0.217296 0.167417 0.297566 0.285106 0.395648 0.422372 0.131774 0.195495 0.069452 0.061730 0.057836 0.025657 0.049821 0.573623 1.738961 1.737624 0.652887 0.104678 0.127992 0.185324 0.097526 0.122296 0.038568 0.033594 0.047345 0.298827 0.151250 0.106588 0.087451 0.760541 0.025671 0.028946 0.028118 0.023303 0.539471 2.554140 3.561752 2.523460 0.077429 0.038811 0.028817 0.045830 2.036151 1.026722 0.017372 0.157994 1.189031 1.191485
0.265738 0.326971 0.068119 0.060309 0.077202 0.138115 0.119884 0.218452 0.496015 0.335874 0.232268 0.174283 0.116527 0.720739 0.735381 0.740881 0.737680 0.100992 0.182505 0.188397 0.197552 0.260878 0.050130 0.676384 1.741193 2.757662 2.738020 0.602881 0.035315 0.053976 0.083247 0.142401 0.057305 0.070015 0.052422 0.082442 0.058098 0.101590 0.115851 0.117209 0.686054 0.032966 0.025113 0.456973 0.460404 0.511734 1.541746 2.547026 2.544011 0.025079 0.033348 0.057809 0.899799 2.045485 0.989171 0.135160 1.167151 1.169930 0.023644
0.194762 0.025375 0.052357 0.039221 0.050148 0.080109 0.190808 0.209417 0.097150 0.336940 0.714347 0.700691 0.763027 0.836161 0.881514 0.891335 0.840379 0.201135 0.115571 0.166280 0.198611 0.034787 0.061992 0.707675 1.760541 2.764913 2.742154 0.529399 0.047512 0.040779 0.061058 0.088219 0.103159 0.093333 0.068337 0.091103 0.080882 0.102917 0.135385 0.123623 1.462859 1.639438 1.603508 2.520441 2.548274 1.596387 2.565086 2.561904 2.567452 0.024499 0.030098 0.064881 0.847299 3.087063 2.012351 0.149633 1.188439 1.174211 0.142452
0.100071 0.097301 0.026712 0.065910 0.075295 0.154270 0.164010 0.145218 0.087604 0.044360 0.839432 1.749689 0.834346 0.848016 0.882281 0.872107 0.863728 0.181828 0.260032 0.119698 0.162410 0.034333 0.040818 0.672058 0.705844 0.684802 1.708506 0.481524 0.045872 0.025780 0.026329 0.134621 0.105499 0.106247 0.089745 0.048454 0.087460 0.102608 0.130849 0.121333 1.511631 2.590590 0.481215 1.497448 2.516069 2.498866 2.501996 2.537116 1.478489 0.136591 0.020104 0.078034 0.787307 4.035355 2.958414 1.133422 1.164530 1.168293 1.144685
0.556235 0.061254 0.069357 0.052893 0.071685 0.087954 0.224890 0.220485 0.203417 0.023436 0.035653 1.806704 1.774942 0.826509 0.874372 0.840300 0.873700 0.179837 0.255094 0.094725 0.130460 0.026050 0.027958 0.527304 0.045246 0.021661 0.121863 0.091273 0.056898 0.033507 0.035361 0.169733 0.027458 0.037088 0.034156 0.026054 0.060560 0.078282 0.086821 0.074279 0.070187 0.118619 0.060909 0.047737 0.070106 0.550690 0.538948 0.432106 0.071895 0.125040 0.151084 0.115569 0.125203 1.518705 1.605350 0.065143 0.103832 0.139193 0.169636
0.560629 0.040912 0.057690 0.045318 0.062189 0.052977 0.109875 0.225592 0.094318 0.062244 0.045397 0.702634 1.811259 0.760427 0.875678 0.740004 0.036465 0.025079 0.046306 0.081837 0.098132 0.119890 0.175688 0.338380 0.049001 0.037346 0.049309 0.048714 0.033531 0.036308 0.045937 0.041008 0.014396 0.049842 0.037209 0.026970 0.067821 0.124281 0.095244 0.084536 0.078945 0.095716 0.077514 0.067618 0.043038 0.373920 0.373478 0.041771 0.058134 0.061592 0.047033 0.119949 0.033837 0.063241 0.072523 0.027778 0.022316 0.063592 0.064263
1.446314 0.380116 0.040650 0.037519 0.041349 0.054763 0.081277 0.443190 0.094239 0.131687 0.215683 0.448270 0.523835 0.549841 0.014396 0.527070 0.031129 0.047890 0.031668 0.041427 0.181023 0.200685 0.287663 0.206238 0.049830 0.035942 0.060083 0.059211 0.031059 0.028572 0.036843 0.036995 0.036369 0.037163 0.187526 0.174481 0.140535 0.110482 0.097777 0.069081 0.062389 0.060191 0.075697 0.053552 0.063815 0.498182 0.496352 0.042135 0.041496 0.058448 0.044258 0.043754 0.053194 0.044106 0.067741 0.014396 0.026833 0.080055 0.085839
1.485498 0.389664 0.028256 0.027301 0.044571 0.067825 0.232170 0.339509 0.219694 0.270479 0.336755 0.468658 0.542677 0.272986 0.104469 0.422807 0.202940 0.130845 0.119005 0.101709 0.212071 0.317116 0.219835 0.164736 0.038177 0.063166 0.036446 0.044700 0.050774 0.023857 0.095253 0.048073 0.071724 0.026238 0.187151 0.175022 0.163254 0.150272 0.143092 0.092150 0.047984 0.049011 0.040999 0.069420 0.082933 0.538969 0.532747 0.059380 0.066567 0.036644 0.069084 0.046043 0.030937 0.037208 0.064232 0.042794 0.028297 0.156304 0.095483
0.410211 0.308940 0.158338 0.083810 0.069655 0.051343 0.209167 0.214080 0.706865 0.180838 0.187834 0.387640 0.365399 0.337409 0.258022 0.361939 1.202525 1.208428 0.378117 0.421600 0.457545 0.176873 0.019310 0.014396 0.064187 0.058100 0.055107 0.060921 0.074409 0.046501 0.079628 0.046332 0.054436 0.023628 0.022041 0.165147 0.166006 0.158640 0.142450 0.027229 0.030799 0.040471 0.066872 0.051472 0.047315 0.292350 0.293372 0.074914 0.096443 0.099814 0.054848 0.046730 0.027717 0.055868 0.052863 0.219355 1.320016 0.206529 0.146524
0.020271 0.223177 0.186314 0.158913 0.137350 0.162100 0.162882 0.734060 0.761291 0.083371 0.248227 1.088310 1.121780 1.174967 1.189186 0.343047 1.333724 1.300815 0.454255 0.483819 0.086663 0.122849 0.045652 0.019310 0.067955 0.081865 0.111976 0.144234 0.184872 0.122887 0.130074 0.052024 0.046809 0.034645 0.018151 0.149310 0.028359 0.038174 0.045784 0.026940 0.024362 0.028267 0.035591 0.048175 0.062004 0.411029 0.429336 0.443848 0.097513 0.094795 0.079125 0.065833 0.053381 0.046288 0.050545 0.059944 0.199563 0.026802 0.121583
0.030815 0.027244 0.121335 0.124322 0.133556 0.609621 0.676944 0.704725 0.665246 0.456769 1.250841 1.325219 2.315241 2.301581 1.291172 1.299971 1.302015 1.292689 0.024970 0.036400 0.029470 0.025271 0.033733 0.088475 0.102318 0.152656 0.091880 0.146140 0.173194 0.017372 0.092537 0.199719 0.053064 0.050481 0.049813 0.079565 0.033119 0.043311 0.019310 0.014396 0.026940 0.026756 0.044590 0.051583 0.079169 0.376034 0.377229 0.066263 0.045860 0.050880 0.051162 0.042000 0.068915 0.064399 0.040246 0.059455 0.044976 0.033868 0.035240
0.034752 0.035606 0.039177 0.609229 2.713653 2.770853 1.766115 0.721887 0.698152 0.488428 1.295816 1.354471 1.352052 2.333334 1.307017 1.325587 2.284534 1.301776 0.198108 0.029863 0.031287 0.023704 0.025610 0.058173 0.330120 0.103449 0.134255 0.083306 0.111290 0.017372 0.063346 0.114597 0.550778 0.069704 0.071258 0.061890 0.048790 0.030053 0.037361 0.026787 0.038628 0.039390 0.038949 0.055611 0.120279 0.107704 0.102249 0.055000 0.045432 0.036996 0.045967 0.032478 0.044068 0.040809 0.043525 0.038674 0.028298 0.029228 0.031441
0.037025 0.044303 0.028603 0.697045 1.774187 2.786794 1.765144 0.747700 0.027401 0.381473 1.257077 1.344083 1.351314 1.350557 0.279871 0.274906 2.289151 2.284295 2.280894 0.164918 0.073812 0.148515 0.022894 0.386913 1.424848 0.432218 0.358623 0.354256 0.106377 0.027123 0.034828 0.694578 0.691967 0.648797 0.074391 0.064588 0.041885 0.034173 0.031544 0.038567 0.055565 0.038338 0.085502 0.014396 0.051903 0.069191 0.071968 0.049569 0.042687 0.044578 0.048698 0.034309 0.048485 0.018090 0.020333 0.047273 0.014396 0.024894 0.040779
0.035545 0.042839 0.028252 0.036531 0.061513 0.779313 0.032878 0.037413 0.041500 0.027723 1.289736 2.293178 2.271732 1.324060 0.269725 0.261817 2.286983 2.280658 2.275331 1.148360 0.308069 0.204673 0.327489 1.455270 1.460798 1.457622 1.429886 0.320111 0.085984 0.050546 0.067910 0.039039 0.680127 0.676226 0.537641 0.065489 0.044919 0.030267 0.032921 0.042305 0.084400 0.057427 0.092148 0.072899 0.041512 0.045708 0.071497 0.055168 0.049583 0.028000 0.028664 0.018197 0.021615 0.021706 0.030326 0.050804 0.040245 0.041023 0.039604
0.026559 0.028191 0.040377 0.046814 0.094831 0.093519 0.054955 0.042511 0.037200 0.027047 0.262275 2.318471 3.305022 3.314733 1.313211 0.276977 1.302063 2.271311 2.267652 2.164394 0.316127 0.214986 0.352613 0.413752 0.433247 1.487141 1.464999 0.332883 0.075616 0.057716 0.063039 0.050286 0.029366 0.020272 0.322606 0.197240 0.047202 0.032707 0.033790 0.062568 0.056129 0.061425 0.114372 0.097642 0.051918 0.035729 0.031913 0.029915 0.023354 0.032067 0.027092 0.037987 0.032341 0.039558 0.045356 0.065470 0.045279 0.040337 0.051307
