use_cases/Flooding_chicago/flooding_data/output/h_660.asc
ncols 337
nrows 393
xllcorner 428428.000000
yllcorner 4602440.000000
cellsize 26.757400
NODATA_value -9999.000000
[rows 270 to 296 of 393, columns 59 to 117 of 337]
0.093728 0.108894 0.115196 0.059867 0.033821 0.035835 0.086280 0.047140 0.157685 0.040396 0.022591 0.022591 0.058037 0.035515 0.097489 1.074535 1.087538 0.066041 0.052972 0.017372 0.029395 0.218982 0.134238 0.033485 0.025581 0.033959 0.042183 0.043006 0.060635 1.071244 1.104279 0.107595 1.164221 1.151377 0.066877 0.118253 0.152185 0.174566 0.185752 0.197302 0.048416 0.101278 0.110027 0.086814 0.181981 0.120893 0.062453 0.246988 0.252667 0.282357 1.398846 1.389573 1.340386 0.477334 0.527107 0.583189 0.628258 0.655811 0.778463
0.052910 0.055198 0.061091 0.082008 0.034112 0.034720 0.060846 1.222938 1.215839 0.192379 0.053337 0.068980 0.060096 0.041862 0.093322 2.123297 2.119312 1.098527 0.060882 0.017372 0.020134 0.270611 0.039498 0.025704 0.033257 0.026878 0.036553 0.043082 0.064766 0.108185 1.129354 1.107067 1.153978 2.079598 0.165551 0.074658 0.112505 0.154882 0.154266 0.027870 0.014396 0.143836 0.143846 0.134704 0.110806 0.097607 0.053559 0.071909 0.052948 0.038338 0.385683 0.382535 0.408057 0.458688 0.454560 0.061227 0.094884 0.157839 0.237517
0.076011 0.073542 0.076165 0.085258 0.032524 0.032714 0.049995 1.227262 1.225875 0.186294 0.047752 0.061363 0.046639 0.032464 0.099775 2.114522 2.115400 1.104012 0.049490 0.046586 0.443172 0.396997 0.064170 0.027398 0.041466 0.033227 0.032722 0.049645 0.047187 0.049293 0.089071 1.066201 1.053405 2.032045 0.959414 0.269306 0.235894 0.080398 0.028526 0.018028 0.165489 0.163846 0.165855 0.164003 0.159549 0.158457 0.024926 0.025841 0.049843 0.030128 0.087047 0.076235 0.419829 0.056589 0.058789 0.037636 0.041259 0.048197 0.365708
0.069283 0.057580 0.057274 0.062832 0.025384 0.025444 0.041236 1.226039 1.223549 0.181804 0.043785 0.049355 0.192573 0.138582 1.097366 1.103626 0.032771 0.045643 0.060777 0.049406 1.448126 0.385724 0.078408 0.146614 0.035300 0.027169 0.033363 0.033212 0.039955 0.052102 0.075821 0.090181 0.224377 0.177447 0.179894 0.263332 0.206496 0.043160 0.029776 0.021003 0.152967 1.176461 1.180830 0.179822 0.179590 0.180762 0.031151 0.036092 0.021355 0.027636 0.134902 0.146635 0.107245 0.111149 0.042167 0.064841 0.014396 0.090227 0.412138
0.043176 0.079689 0.070870 0.070457 0.068187 0.031017 0.028443 1.224347 1.220991 0.179512 0.045754 0.058410 0.045616 0.033607 0.104254 0.040986 0.024833 0.027939 0.019447 0.058789 0.456254 0.033043 0.027687 0.034874 0.036506 0.053168 0.080953 0.049919 0.058342 0.032952 0.095553 0.135217 0.225140 0.122429 0.076005 0.044755 0.207539 0.197727 0.036669 0.018028 0.161126 0.168538 0.177435 0.181212 0.183791 0.184544 0.024926 0.025841 0.035222 0.152684 1.203251 1.203924 0.130610 0.035434 0.025703 0.026909 0.196011 0.171442 0.118020
0.056466 0.080254 0.235577 0.234643 0.061545 0.067702 0.141487 1.227023 1.222793 0.178541 0.047768 0.061525 0.058358 0.048607 0.029824 0.025825 0.029457 0.025001 0.092687 0.096149 0.073608 0.020180 0.017372 0.017372 0.038902 0.036155 0.047432 0.054192 0.048655 0.182885 0.201282 0.155032 0.323440 0.020348 0.038885 0.049046 0.130381 1.259828 1.249779 0.066027 0.126386 0.152320 0.173052 0.036353 0.044441 0.032998 0.114739 0.081109 0.191219 0.187462 1.201029 1.196139 0.127523 0.047503 0.033302 0.039375 0.026909 0.202246 0.157937
0.088570 0.058051 0.257552 0.259327 0.209187 0.099066 0.096116 0.147017 0.161148 0.031387 0.052619 0.059089 0.054300 0.035626 0.100858 0.105249 1.116690 1.132728 1.116555 0.115699 0.117672 0.134678 0.027229 0.033026 0.028160 0.102944 0.069285 0.102607 0.131983 0.208228 1.274838 1.308114 0.207858 0.023582 0.041267 0.036705 0.987854 4.354583 3.325811 0.086291 0.077949 0.119939 0.036593 0.059288 0.065865 0.047172 0.113320 0.076881 0.214014 0.190403 0.017372 0.017372 0.132817 0.043173 0.031471 0.033271 0.025689 0.199489 0.048195
0.061438 0.147763 0.185448 0.196623 0.193223 0.068692 0.060223 0.099520 0.104826 0.028236 0.039758 0.042564 0.034462 0.411352 0.069871 0.100328 1.112917 1.118431 1.111090 0.115058 0.124931 0.135610 0.129087 0.124059 0.115233 0.058112 1.168456 0.124735 0.162515 0.208242 1.266182 1.297436 0.213587 0.022591 0.022591 0.027016 0.948887 4.318951 3.358091 0.239843 0.093832 0.088840 0.046090 0.068900 0.082237 0.018089 0.108315 0.070533 0.172172 0.126592 0.079875 0.076783 0.076557 0.030636 0.020333 0.138025 0.143291 0.166189 0.054237
0.078523 0.720502 0.787760 0.788548 0.127846 0.122527 0.052728 0.041873 0.123473 0.035333 0.051338 0.064278 0.041008 0.411168 0.052317 0.025412 0.029903 1.127886 1.121907 0.107995 0.027676 0.024594 0.167443 0.159560 0.127078 0.063297 1.169523 0.139515 0.071728 0.074015 0.053755 0.046250 0.046473 0.022591 0.022591 0.027016 0.171427 3.328239 3.328617 0.225459 0.065605 0.067045 0.037207 0.060983 0.021660 0.021660 0.029533 0.050602 0.102475 0.330454 1.475690 0.457754 0.502550 0.055828 0.047582 0.090591 0.109658 0.119211 0.049797
0.736831 0.779267 0.802144 0.806643 0.087606 0.100878 0.098544 0.111403 0.191216 0.190372 0.085049 0.034096 0.380302 0.358895 0.050238 0.029856 0.049933 0.052544 0.050156 0.045609 0.043570 0.028040 0.172138 0.169453 0.014396 0.084354 0.140080 0.143399 0.075609 0.075633 0.054792 0.048964 0.014396 0.038170 0.038857 0.042123 0.257942 2.337130 2.346366 0.226175 0.049455 0.047520 0.061152 0.035850 0.018089 0.040628 0.027977 0.049066 0.064588 0.343569 1.483810 1.530127 1.519761 1.491461 0.404836 0.130414 0.181836 0.058998 0.023507
0.785517 0.759607 0.794780 0.038363 0.072940 0.078186 0.064484 0.492472 0.164753 0.231040 0.109010 0.021690 0.391670 0.378848 0.058782 0.120830 0.052222 0.073257 0.069085 0.058399 0.035747 0.164446 0.158942 0.143686 0.102482 0.044013 0.051365 0.087668 0.114793 0.184893 0.143554 0.123427 0.019310 0.037757 0.033851 0.061945 1.278339 2.259571 2.310105 1.276374 0.200660 0.167025 0.046888 0.047919 0.022026 0.077125 0.067170 0.039693 0.043293 0.403098 0.457947 1.552201 2.530375 2.517540 1.482403 0.559178 0.185426 0.231019 0.022942
0.759399 0.692446 0.021753 0.036483 0.048507 0.043373 0.396676 0.442493 0.501151 0.111223 0.196237 0.266818 0.341743 1.349471 0.223328 0.093107 0.054329 1.073558 1.073329 0.052365 0.196247 0.162716 0.145069 0.123988 0.082364 0.099861 0.076645 0.101812 0.107769 0.132679 0.231345 0.160326 0.089735 0.052537 0.090013 0.062641 0.510085 0.491859 0.299387 1.232789 1.232887 1.219603 0.142850 0.045972 0.033591 0.057702 0.041741 0.049818 0.310765 0.369793 0.409043 0.438563 1.550403 1.513518 0.415191 0.079392 0.058965 0.081042 0.029836
0.021400 0.389667 0.206877 0.150132 0.169983 0.194361 0.276733 0.301028 0.091130 0.140223 0.217933 0.269134 0.303768 0.273645 0.039147 0.037682 0.021492 0.067335 0.065953 0.053843 0.026537 0.120803 0.098616 0.082116 0.053623 0.066402 0.090443 0.056570 0.107248 0.107985 0.172116 0.288570 0.202815 0.128346 0.089934 0.051755 0.672037 0.687028 0.019829 0.164559 0.189783 1.208964 1.198942 0.143161 0.038105 0.055848 0.043746 0.225297 0.284024 0.314092 0.350471 0.020142 1.567176 0.438290 0.036733 0.057365 0.107752 0.144631 0.187348
0.033536 0.357825 0.239722 0.254911 0.085704 0.092431 0.514863 0.151350 0.069910 0.022942 0.023566 0.280047 0.239599 0.033958 0.037697 0.027397 0.036336 0.021308 0.049204 0.035759 0.061505 0.070676 0.260513 0.171724 0.421662 0.030045 0.087277 0.047751 0.052610 0.050954 0.141776 0.221361 0.815373 0.929923 0.934741 0.910315 1.898043 0.829225 0.030562 0.017372 0.043855 0.140037 1.192128 1.200861 0.197216 0.212607 0.207803 1.277826 0.279627 0.252727 0.026392 0.014396 0.540215 1.525849 0.485813 0.067260 0.132303 0.192818 1.297342
0.183140 0.226526 1.003614 0.160764 0.130284 0.095989 0.929686 0.133563 0.022117 0.023507 0.027366 0.225997 0.169729 0.046150 0.050284 0.032539 0.033944 0.059724 0.052395 0.088411 0.120407 0.046905 0.030899 0.094970 0.330261 0.186623 0.103695 0.160295 0.077031 0.093388 0.086009 0.206607 0.862868 0.992003 0.954847 0.917885 1.866207 0.874825 0.913097 0.017372 0.073329 0.032141 0.186869 1.195931 0.254654 0.271651 1.280948 1.283214 0.272945 0.264612 0.035018 0.052817 0.575212 1.537632 0.428621 0.137651 0.093730 0.160524 1.308254
1.102775 1.074610 1.128872 1.111939 1.100639 1.097566 1.088037 0.098517 0.034645 0.039683 0.019309 0.108933 0.369126 0.047172 0.049973 0.031959 0.032357 0.047341 0.066802 0.238109 0.071590 0.035048 0.017967 0.032372 0.029884 0.309353 0.236586 0.153660 0.209343 0.123945 0.166954 0.109946 0.093007 0.055156 0.033481 0.879722 0.823301 0.850866 0.895278 0.117136 0.092335 0.334816 0.279532 0.257084 0.264950 0.281607 1.285287 1.288059 0.275041 0.272835 0.027580 0.041791 0.548937 1.525982 0.531835 0.680272 0.156126 0.265482 0.187462
0.120257 1.123965 1.138541 1.126605 1.130569 1.126371 1.135489 1.115167 0.101394 0.048278 0.088079 0.164660 0.245711 0.041252 0.036842 0.025184 0.025307 0.033335 0.046479 0.171976 0.133282 0.036325 0.021034 0.017967 0.037605 0.024972 0.129153 0.099305 0.166069 0.092429 0.192113 0.180692 0.022591 0.022591 0.036039 0.164659 0.220176 0.180354 0.164907 0.173014 0.131577 0.341973 0.301975 0.270472 0.270733 1.287220 1.288930 1.292155 1.296640 0.273146 0.265721 0.021615 0.487485 0.476470 0.014396 0.770537 0.678521 0.190229 0.164592
0.094160 1.118189 1.128281 1.118454 1.124964 1.123863 1.132019 1.116818 0.146974 0.190248 0.212282 0.157625 0.158046 0.032843 0.050270 0.049812 0.046882 0.035729 0.045193 0.212813 0.222580 0.043597 0.030046 0.020302 0.029137 0.040870 0.125750 0.145728 0.110819 0.232015 0.197840 0.185644 0.022591 0.022591 0.029520 0.245088 0.278792 0.255892 0.237261 0.226993 0.197835 0.154781 0.118949 0.260581 0.262024 0.255009 1.311601 1.303335 1.309143 2.320674 1.295371 0.399759 0.462807 0.029769 0.863639 1.875535 1.845293 0.780827 0.105430
0.069586 1.108657 2.099117 2.102018 2.114065 2.103929 1.132329 1.118382 1.118552 0.208871 0.222644 0.090716 0.090915 0.038765 0.046807 0.046496 0.037240 0.047783 0.161765 2.236739 2.241185 0.161992 0.038970 0.021142 0.043541 0.036976 0.369994 0.078395 0.062988 0.202437 0.166846 0.121080 0.063112 0.178234 0.404291 0.359389 0.331435 0.301703 1.295196 0.271120 0.240748 0.223944 0.216545 0.022591 0.022591 0.063897 1.282924 2.298365 2.303809 2.304431 1.306713 0.026525 0.035855 0.046556 0.033905 1.861553 1.858740 0.737164 0.115105
0.984295 2.099162 2.122402 2.103830 1.124266 1.131936 1.140481 1.110690 1.124749 1.115626 0.176080 0.151707 0.068637 0.035620 0.051807 0.044228 0.067919 0.172204 1.250879 3.251587 3.257067 1.242464 0.148094 0.084799 0.044314 1.399897 0.380472 0.037307 0.208573 0.184411 0.110934 0.508105 0.505647 0.281953 0.408109 0.370007 0.338260 0.312038 1.279861 1.295671 0.253977 0.246983 0.245178 0.022591 0.022591 0.105893 0.221301 1.276028 1.275552 1.279883 1.294483 0.026358 0.035469 0.014396 0.051372 0.890122 0.846907 0.116267 0.150744
1.977439 1.052946 1.086549 0.070765 0.084983 0.024606 0.025581 0.109503 1.128721 1.127286 1.123987 1.066504 0.159094 0.041158 0.060402 0.070076 0.058735 0.196442 1.226535 2.246219 1.249126 1.245509 0.162117 0.089115 0.408442 0.391541 1.307983 0.270262 0.227042 0.167127 0.591729 0.556875 0.565027 0.023735 0.066948 0.024536 0.023415 0.282903 0.257033 0.240966 0.244054 0.246496 0.237068 1.195504 1.201233 1.202165 0.100746 0.279543 0.319016 0.327450 1.311042 0.324175 0.305960 0.041598 0.041768 0.862318 0.859919 0.046779 0.087905
1.984331 0.998251 0.066386 0.018730 0.023643 0.030282 0.033379 0.097317 0.085970 1.107864 1.102083 0.148154 0.231529 0.282134 0.304934 0.046147 0.037645 0.206509 1.210331 0.026011 0.035339 0.148203 0.101197 0.460399 0.446024 0.400113 1.322832 1.347464 0.242303 0.181785 0.091166 0.549817 0.030454 0.044136 0.036842 0.031685 0.024956 0.063140 0.058301 0.050517 0.032659 0.255835 0.249373 0.226984 1.192565 1.201995 0.134138 0.068577 0.350494 0.351833 1.316708 0.316769 0.299833 0.041612 0.042521 0.842008 0.846818 0.038891 0.017967
2.002566 0.970933 0.047960 0.056944 0.046788 0.348589 0.038627 0.042615 0.040807 0.116611 0.118148 0.034683 0.038749 0.028038 0.368255 0.378524 0.363613 0.310135 0.266155 0.027637 0.042773 0.031050 0.070057 0.464351 0.481543 0.018028 0.242985 0.245137 0.198007 0.152502 0.080213 0.534770 0.037606 0.048622 0.037621 0.118669 0.104752 0.088998 0.083704 0.071979 0.038331 0.268391 0.259742 0.239714 0.219374 1.196226 0.141114 0.071674 0.384667 0.377596 1.268263 0.326025 0.276915 0.048853 0.018165 0.047593 0.800601 0.037133 0.021034
0.924497 0.923036 0.855068 0.041003 0.038045 0.346690 0.044159 0.030205 0.040993 0.043465 0.040993 0.030205 0.055046 0.032325 0.376083 0.380548 0.371675 0.363242 0.017372 0.351860 0.039505 0.040324 0.061873 0.436184 0.471869 0.021003 0.188507 0.165801 0.133112 0.099807 0.474701 1.475431 0.036553 0.045875 0.030830 0.101173 0.081181 1.083836 0.086834 0.074000 0.304434 0.240975 0.217800 0.195151 0.173330 0.164726 0.115449 0.480194 0.455995 0.453335 0.434267 0.351012 0.043932 0.070298 0.022076 0.023778 0.115331 0.029764 0.041379
0.924798 0.930468 0.892656 0.033106 0.028306 0.312195 0.046821 0.039254 0.054673 0.058067 0.054673 0.039254 0.039847 0.364012 0.394056 0.390886 0.380091 0.379555 0.017372 0.354667 0.042690 0.054540 0.034446 0.041290 0.449788 0.018028 0.110544 0.619582 0.675147 0.049178 0.484992 1.506339 0.027854 0.033913 0.094186 0.062585 0.904743 0.054609 0.085578 0.097961 0.067568 0.056491 0.061212 0.054574 0.037302 0.157668 0.113438 0.487029 0.451040 0.499156 0.526739 0.033504 0.062656 0.077666 0.074747 0.029371 0.044554 0.097643 0.103794
0.915008 0.943552 0.838708 0.020944 0.245479 0.234781 0.035865 0.033165 0.052208 0.056718 0.052208 0.033165 0.349953 1.418005 1.408930 1.414656 0.384030 0.380302 0.376498 0.337200 0.043811 0.023826 0.023033 0.035743 0.034901 0.071756 0.599054 0.640011 0.676446 0.036095 0.021139 0.328287 0.265211 0.021201 0.075048 0.870951 0.898426 0.889925 0.075908 0.098889 0.043495 0.049583 0.056208 0.047921 0.031684 0.047295 0.038079 0.028281 0.038485 0.525024 0.612679 0.020488 0.937332 0.951667 0.913793 0.075173 0.117299 0.023705 0.025536
0.027900 0.019859 0.492013 0.297670 1.218036 1.240107 0.044217 0.044929 0.033302 0.040336 0.033302 0.068659 1.393097 1.394765 1.400024 1.403682 0.380105 0.378677 0.378122 0.336256 0.049749 0.028244 0.023690 0.048775 0.025169 0.073680 0.586420 0.612421 0.018835 0.025625 0.149304 0.229444 0.200234 0.129087 0.068921 0.906740 0.908450 0.876765 0.091096 0.045189 0.077400 0.022972 0.085930 0.067901 0.037163 0.049157 0.039299 0.032554 0.020775 0.121678 0.854072 0.942748 1.964773 1.950743 0.931999 0.876107 0.112029 0.025536 0.035713
