use_cases/Flooding_chicago/flooding_data/output/h_720.asc
ncols 337
nrows 393
xllcorner 428428.000000
yllcorner 4602440.000000
cellsize 26.757400
NODATA_value -9999.000000
[rows 270 to 296 of 393, columns 59 to 117 of 337]
0.093729 0.108894 0.115196 0.059868 0.033821 0.035835 0.086280 0.047141 0.179188 0.040350 0.022591 0.022591 0.058037 0.035514 0.169326 1.222725 1.218818 0.144739 0.053471 0.017373 0.029395 0.221432 0.135242 0.033485 0.025581 0.033959 0.042182 0.043006 0.061677 1.170992 1.206279 0.207055 1.244335 1.231229 0.067279 0.118965 0.153073 0.175599 0.186931 0.198668 0.048895 0.102454 0.111348 0.087883 0.184054 0.122360 0.063168 0.306914 0.314585 0.349645 1.476254 1.462428 1.423773 0.548984 0.585026 0.626445 0.662753 0.682091 0.798561
0.052909 0.055199 0.061097 0.082009 0.034111 0.034721 0.060844 1.259935 1.251853 0.224233 0.053337 0.068984 0.060096 0.041862 0.161066 2.229208 2.225964 1.209449 0.062624 0.017373 0.020134 0.275060 0.039498 0.025704 0.033257 0.026877 0.036553 0.043083 0.065546 0.153170 1.213225 1.206298 1.233190 2.206259 0.192231 0.075117 0.113155 0.155725 0.155138 0.027870 0.014396 0.145474 0.145541 0.136315 0.112153 0.098757 0.054053 0.071950 0.052944 0.038329 0.507411 0.495696 0.502151 0.543286 0.534657 0.062089 0.096397 0.160228 0.239629
0.076012 0.073544 0.076165 0.085259 0.032524 0.032712 0.049996 1.265842 1.263640 0.219959 0.047752 0.061364 0.046638 0.032464 0.166077 2.217802 2.223786 1.216660 0.051006 0.048322 0.461093 0.408167 0.064171 0.027397 0.041466 0.033226 0.032723 0.049645 0.047188 0.049293 0.136262 1.186783 1.175161 2.188347 1.109710 0.300831 0.271645 0.080799 0.028525 0.018028 0.167278 0.165637 0.167729 0.165865 0.161349 0.160210 0.024926 0.025841 0.049843 0.030129 0.091067 0.079345 0.505762 0.057911 0.059731 0.037626 0.041229 0.048196 0.367429
0.069283 0.057579 0.057274 0.062835 0.025383 0.025444 0.041229 1.264480 1.261282 0.216045 0.043786 0.049354 0.192574 0.138588 1.195407 1.205208 0.032912 0.046185 0.062500 0.053032 1.447953 0.388728 0.078407 0.146614 0.035301 0.027168 0.033363 0.033211 0.039956 0.052101 0.076304 0.091029 0.235024 0.194740 0.199202 0.294159 0.263469 0.043326 0.029772 0.021004 0.154679 1.178333 1.182799 0.181762 0.181488 0.182623 0.031150 0.036092 0.021355 0.027635 0.139815 0.152024 0.111036 0.114072 0.042154 0.064837 0.014396 0.090235 0.413454
0.043175 0.079692 0.070888 0.070517 0.068441 0.030846 0.028405 1.262620 1.258605 0.213682 0.045754 0.058414 0.045616 0.033607 0.144157 0.042773 0.024833 0.027942 0.019446 0.069231 0.475233 0.033043 0.027687 0.034874 0.036507 0.053168 0.080952 0.049919 0.058342 0.032951 0.096334 0.136533 0.227938 0.123841 0.076806 0.045126 0.353576 0.394317 0.039721 0.018028 0.162885 0.170363 0.179267 0.183018 0.185540 0.186265 0.024926 0.025841 0.035177 0.157891 1.210644 1.211338 0.135495 0.035377 0.025703 0.026909 0.196034 0.171459 0.118035
0.056468 0.080254 0.243482 0.243547 0.066625 0.079074 0.164899 1.266492 1.260205 0.211649 0.047769 0.061531 0.058357 0.048607 0.029824 0.025826 0.029457 0.025002 0.127658 0.120519 0.089857 0.020180 0.017373 0.017373 0.038902 0.036155 0.047433 0.054193 0.048654 0.184236 0.202865 0.156503 0.327730 0.020348 0.038879 0.049161 0.295180 1.497590 1.504795 0.066682 0.127749 0.153902 0.174701 0.036353 0.044441 0.032997 0.114738 0.081109 0.195963 0.192960 1.208292 1.202975 0.132877 0.047427 0.033302 0.039374 0.026910 0.202263 0.157954
0.088570 0.058052 0.269268 0.272464 0.226800 0.117567 0.114799 0.175129 0.188756 0.031391 0.052620 0.059090 0.054300 0.035628 0.136062 0.149173 1.171427 1.182225 1.172114 0.148114 0.141829 0.153249 0.027229 0.033026 0.028159 0.103223 0.069387 0.102738 0.132145 0.209628 1.276924 1.310544 0.209986 0.023583 0.041268 0.036831 1.205577 4.557126 3.520918 0.086689 0.078766 0.121007 0.036598 0.059288 0.065864 0.047173 0.113321 0.076882 0.218757 0.195175 0.017373 0.017373 0.142831 0.043151 0.031471 0.033272 0.025688 0.199509 0.048195
0.061440 0.152874 0.193994 0.207633 0.209117 0.082209 0.072986 0.120308 0.124456 0.028236 0.039757 0.042564 0.034462 0.435101 0.095991 0.142724 1.169475 1.173657 1.168039 0.150431 0.146277 0.150920 0.135174 0.126732 0.116544 0.058654 1.168656 0.124996 0.162778 0.209374 1.268162 1.299649 0.215876 0.022591 0.022591 0.027015 1.157218 4.516473 3.563197 0.404696 0.094532 0.089451 0.046089 0.068900 0.082238 0.018089 0.108314 0.070530 0.176219 0.131442 0.092800 0.089675 0.098506 0.030631 0.020332 0.138039 0.143304 0.166205 0.054237
0.079104 0.742882 0.811055 0.811069 0.140581 0.138428 0.063032 0.050803 0.146420 0.035333 0.051339 0.064277 0.041009 0.430577 0.061386 0.025580 0.030189 1.180631 1.176262 0.146644 0.027902 0.024715 0.170742 0.161889 0.128488 0.063889 1.169690 0.139880 0.071914 0.074159 0.053855 0.046324 0.046518 0.022591 0.022591 0.027015 0.319455 3.529073 3.535288 0.396112 0.065911 0.067344 0.037208 0.060982 0.021660 0.021660 0.029533 0.050587 0.104620 0.404622 1.550872 0.543336 0.575775 0.069647 0.047585 0.090601 0.109673 0.119226 0.049797
0.760253 0.802850 0.826217 0.830919 0.095847 0.111741 0.109965 0.125360 0.208096 0.199830 0.085610 0.034096 0.389915 0.372706 0.053158 0.030132 0.050525 0.052960 0.051119 0.046457 0.044147 0.028282 0.174617 0.171692 0.014396 0.084890 0.140492 0.143761 0.075790 0.075772 0.054889 0.049044 0.014396 0.038169 0.038857 0.042122 0.412580 2.534892 2.543595 0.396724 0.049472 0.047620 0.061165 0.035851 0.018089 0.040627 0.027977 0.049029 0.065602 0.429485 1.576296 1.618820 1.611526 1.578658 0.508922 0.146832 0.195082 0.058998 0.023507
0.809707 0.782341 0.818467 0.040003 0.077960 0.084672 0.070399 0.514845 0.174876 0.239530 0.110095 0.021690 0.400442 0.388446 0.060350 0.123204 0.052927 0.073571 0.070550 0.059645 0.036346 0.166602 0.161144 0.145532 0.103717 0.044506 0.051744 0.087957 0.115139 0.185381 0.143926 0.123780 0.019310 0.037758 0.033838 0.063925 1.453170 2.466201 2.514676 1.445795 0.390708 0.341298 0.046672 0.047868 0.022027 0.077124 0.067162 0.039680 0.044366 0.511414 0.542931 1.641720 2.615755 2.605846 1.604388 0.603376 0.206141 0.249180 0.022942
0.782927 0.713183 0.021975 0.037392 0.050856 0.046031 0.414069 0.461993 0.521814 0.112897 0.198959 0.270605 0.347726 1.356581 0.227157 0.094998 0.055766 1.076434 1.076265 0.054005 0.199578 0.165164 0.147173 0.125675 0.083455 0.100898 0.077238 0.102337 0.108207 0.133104 0.232051 0.160819 0.090003 0.052650 0.090296 0.063375 0.595680 0.602405 0.475765 1.412320 1.420403 1.403135 0.277999 0.045569 0.033592 0.057701 0.041740 0.049566 0.443858 0.471805 0.504168 0.537489 1.652931 1.608387 0.533495 0.101044 0.064224 0.087045 0.029761
0.021411 0.401452 0.212775 0.155539 0.176817 0.202828 0.292078 0.315759 0.092292 0.142270 0.221028 0.272942 0.308690 0.279861 0.039147 0.037682 0.021491 0.070699 0.068426 0.055488 0.027157 0.122362 0.099936 0.083178 0.054279 0.067034 0.091033 0.056868 0.107638 0.108295 0.172611 0.289620 0.203127 0.128728 0.090217 0.052057 0.727574 0.751616 0.020068 0.359140 0.366451 1.388760 1.377500 0.288363 0.038076 0.055762 0.043495 0.340959 0.409961 0.423741 0.442827 0.020306 1.669070 0.540417 0.046102 0.063267 0.118199 0.157563 0.203373
0.033427 0.376719 0.255850 0.279438 0.089257 0.096476 0.540280 0.159965 0.070370 0.022942 0.023567 0.283499 0.243120 0.033958 0.037697 0.027396 0.036336 0.021309 0.050493 0.036634 0.062509 0.071591 0.262974 0.173512 0.425489 0.030249 0.087748 0.047967 0.052794 0.051103 0.142266 0.222877 0.842840 0.964356 0.972143 0.949334 1.940493 0.881886 0.031658 0.017373 0.044574 0.294187 1.384202 1.395529 0.353662 0.357889 0.329825 1.410652 0.414634 0.383106 0.028308 0.014396 0.638690 1.636196 0.605464 0.074290 0.144911 0.209157 1.319585
0.216915 0.280982 1.111912 0.225425 0.180957 0.139487 1.002223 0.155140 0.022117 0.023507 0.027366 0.228733 0.172201 0.046150 0.050285 0.032539 0.033944 0.059774 0.052978 0.089711 0.122098 0.047333 0.031030 0.095877 0.333505 0.188138 0.104549 0.161112 0.077419 0.093731 0.086433 0.207884 0.901090 1.028835 0.992487 0.958190 1.907247 0.918954 0.955880 0.017373 0.076073 0.033065 0.351501 1.397238 0.408452 0.415174 1.421957 1.421524 0.415750 0.410685 0.042768 0.068649 0.683290 1.650731 0.534556 0.155129 0.103184 0.174772 1.332803
1.208082 1.184956 1.226730 1.212847 1.215678 1.206910 1.196671 0.150542 0.034644 0.039674 0.019309 0.110328 0.372569 0.047172 0.049971 0.031960 0.032357 0.047356 0.067147 0.241047 0.072515 0.035231 0.017966 0.032372 0.029884 0.311201 0.237793 0.154451 0.210114 0.124419 0.167887 0.110716 0.094080 0.058370 0.034169 0.918708 0.859775 0.892226 0.936469 0.123220 0.096994 0.420005 0.396801 0.402170 0.407027 0.418226 1.428885 1.427288 0.419267 0.417272 0.034211 0.056447 0.656748 1.638996 0.640060 0.783471 0.175724 0.288787 0.202691
0.204554 1.219074 1.230986 1.223421 1.223567 1.222148 1.234805 1.208740 0.166152 0.048554 0.088753 0.166149 0.248287 0.041253 0.036843 0.025184 0.025307 0.033348 0.046631 0.173893 0.134587 0.036406 0.021034 0.017966 0.037605 0.024971 0.129775 0.099771 0.166642 0.092768 0.193409 0.182054 0.022591 0.022591 0.036103 0.171346 0.228469 0.187975 0.172388 0.181218 0.138157 0.414490 0.396968 0.399644 0.406644 1.431375 1.429660 1.430388 1.432607 0.416388 0.416522 0.026745 0.599436 0.589467 0.014396 0.895311 0.787314 0.210820 0.177265
0.176617 1.214221 1.224201 1.217556 1.219634 1.219803 1.233575 1.210985 0.224235 0.233348 0.233746 0.159051 0.159846 0.032844 0.050269 0.049812 0.046882 0.035729 0.045268 0.269895 0.292684 0.043081 0.030046 0.020302 0.029136 0.040871 0.126186 0.146192 0.111182 0.234036 0.199612 0.187447 0.022591 0.022591 0.029535 0.253706 0.288630 0.265811 0.247104 0.237059 0.207184 0.162487 0.125194 0.392886 0.398873 0.397105 1.453356 1.440102 1.445086 2.459778 1.430511 0.521118 0.572232 0.038709 0.967010 1.981595 1.953950 0.935299 0.111598
0.140051 1.207605 2.195485 2.201133 2.211664 2.200252 1.232635 1.213112 1.210981 0.271078 0.260686 0.091596 0.091979 0.038764 0.046807 0.046496 0.037241 0.047131 0.240732 2.341356 2.347145 0.232068 0.038536 0.021141 0.043324 0.036976 0.388011 0.078631 0.063183 0.205201 0.169037 0.123053 0.067433 0.185600 0.416844 0.370648 0.343141 0.313158 1.307016 0.282762 0.251686 0.234259 0.226957 0.022591 0.022591 0.066195 1.421829 2.435257 2.440634 2.440495 1.446262 0.026588 0.036175 0.048576 0.034276 1.965461 1.962806 0.892870 0.117362
1.147222 2.203633 2.219792 2.205166 1.217854 1.220528 1.241670 1.206766 1.216058 1.205116 0.236815 0.194685 0.069258 0.035622 0.051807 0.044228 0.067456 0.240701 1.350684 3.352413 3.368270 1.336688 0.214709 0.125214 0.060346 1.425629 0.404164 0.037405 0.215586 0.189435 0.113302 0.524791 0.521826 0.292222 0.421826 0.383639 0.350941 0.324269 1.290882 1.308253 0.265160 0.257547 0.256065 0.022591 0.022591 0.109778 0.333145 1.419095 1.428004 1.434439 1.448242 0.026368 0.035518 0.014396 0.051502 0.993955 0.948745 0.118137 0.151689
2.131230 1.157962 1.181813 0.154703 0.160034 0.024606 0.025579 0.185964 1.215602 1.217098 1.211103 1.210685 0.189175 0.041146 0.060389 0.070030 0.058529 0.284922 1.337234 2.351628 1.356797 1.351083 0.233540 0.134321 0.448884 0.422661 1.330065 0.290370 0.239675 0.175209 0.611596 0.576628 0.586328 0.023735 0.066948 0.024537 0.023415 0.293326 0.267921 0.251961 0.254354 0.256223 0.246523 1.203050 1.209363 1.210678 0.105393 0.418416 0.445480 0.457504 1.453000 0.466368 0.454526 0.041682 0.041889 0.965236 0.963185 0.046828 0.088006
2.143093 1.127805 0.123660 0.018730 0.023644 0.030281 0.033378 0.153658 0.153351 1.212766 1.207810 0.190460 0.264738 0.311389 0.335373 0.046117 0.037562 0.290282 1.347612 0.026223 0.035920 0.225810 0.153575 0.505052 0.484319 0.430713 1.341902 1.370379 0.255853 0.190976 0.095806 0.570245 0.030456 0.044136 0.036842 0.031685 0.024956 0.063229 0.058389 0.050592 0.032698 0.264122 0.258100 0.235183 1.200111 1.210419 0.140150 0.071859 0.460875 0.471077 1.456817 0.455382 0.451720 0.041688 0.042632 0.944712 0.949590 0.038904 0.017966
2.158411 1.127180 0.083297 0.063936 0.048596 0.378858 0.038595 0.042464 0.040096 0.170834 0.172177 0.034376 0.038687 0.028022 0.397123 0.410020 0.398891 0.358761 0.334577 0.027807 0.043101 0.031170 0.094161 0.514639 0.520332 0.018028 0.253899 0.257732 0.207604 0.159933 0.083952 0.555486 0.037605 0.048623 0.037621 0.119081 0.105828 0.089333 0.083873 0.072092 0.038384 0.275682 0.267680 0.247564 0.227240 1.204241 0.147515 0.075200 0.476828 0.482635 1.411795 0.458355 0.435396 0.048908 0.018166 0.047176 0.900600 0.037135 0.021034
1.078073 1.072950 1.010543 0.043772 0.038595 0.383551 0.044153 0.030204 0.040993 0.043465 0.040993 0.030204 0.055030 0.032322 0.403996 0.410235 0.403695 0.398575 0.017373 0.387525 0.039668 0.040416 0.071548 0.505670 0.513801 0.021004 0.196395 0.173886 0.139670 0.107698 0.506284 1.498240 0.036554 0.045875 0.030830 0.103207 0.089471 1.085898 0.087280 0.074148 0.309103 0.246863 0.224374 0.201670 0.179787 0.171176 0.120477 0.552721 0.531844 0.535056 0.527135 0.459085 0.044172 0.070320 0.022123 0.024026 0.119688 0.029773 0.041392
1.083064 1.086507 1.049790 0.042469 0.029339 0.371398 0.046821 0.039254 0.054676 0.058067 0.054676 0.039254 0.039840 0.402771 0.422243 0.419941 0.411138 0.412188 0.017373 0.391053 0.042778 0.054606 0.034466 0.041599 0.501523 0.018028 0.115226 0.647624 0.706027 0.055118 0.515254 1.530286 0.027854 0.033913 0.095613 0.071584 1.043331 0.065577 0.087393 0.098287 0.067634 0.056512 0.061226 0.054573 0.037306 0.163278 0.118204 0.559458 0.528235 0.568340 0.595268 0.033725 0.063272 0.077647 0.075270 0.030768 0.048643 0.108612 0.124889
1.070963 1.102032 0.994306 0.021839 0.363317 0.331654 0.035866 0.033164 0.052208 0.056721 0.052208 0.033164 0.383356 1.447593 1.436787 1.442839 0.414572 0.411427 0.408190 0.375399 0.043847 0.023826 0.023033 0.035744 0.034919 0.073707 0.626742 0.669659 0.707646 0.037598 0.021412 0.346026 0.280570 0.021202 0.077288 1.019126 1.044414 1.036789 0.082892 0.099640 0.043496 0.049582 0.056209 0.047920 0.031685 0.047667 0.039581 0.028631 0.054242 0.574593 0.670476 0.021887 1.005317 1.017126 0.983332 0.076387 0.119574 0.023705 0.025536
0.044422 0.046627 0.608564 0.417680 1.381450 1.402677 0.043881 0.044908 0.033302 0.040337 0.033302 0.068658 1.421277 1.421849 1.427359 1.431660 0.410594 0.409375 0.410403 0.374811 0.049764 0.028242 0.023690 0.048774 0.025170 0.075724 0.614702 0.641332 0.018896 0.026007 0.167893 0.251967 0.217414 0.141408 0.087235 1.056429 1.054159 1.026474 0.091918 0.045189 0.077400 0.022971 0.085930 0.067905 0.037163 0.050524 0.048318 0.034065 0.021062 0.133687 0.917136 1.014704 2.032889 2.018031 1.003397 0.946663 0.113685 0.025536 0.035712
