use_cases/Flooding_chicago/flooding_data/output/h_720.asc
ncols 337
nrows 393
xllcorner 428428.000000
yllcorner 4602440.000000
cellsize 26.757400
NODATA_value -9999.000000
[rows 135 to 161 of 393, columns 177 to 235 of 337]
0.116081 0.146094 0.044304 0.039970 0.072366 0.032967 0.039600 0.030327 0.053993 0.053521 0.067573 0.049293 0.036506 0.046410 0.059961 0.043511 0.040275 0.068944 1.683686 2.729339 1.723574 0.604591 0.601960 0.125685 0.073605 0.066076 0.053744 0.048652 0.032924 0.027278 0.027840 0.048577 0.035148 0.062097 0.672468 0.657726 0.067932 0.040093 0.038643 0.037407 0.032433 0.034111 0.057701 0.037300 0.069246 0.075814 0.062050 0.049383 0.034735 0.040642 0.033318 0.058144 0.107170 0.130519 0.094675 0.056496 0.365292 0.373818 1.395721
0.274992 0.096163 0.077499 0.043510 0.070152 0.027321 0.036230 0.078094 0.054058 0.036354 0.075676 0.087029 0.056056 0.041359 0.045617 0.036217 0.036903 0.060902 1.707385 2.730345 2.733150 1.712472 0.614730 0.103615 0.079364 0.071749 0.058630 0.032926 0.043912 0.032052 0.052499 0.043674 0.035010 0.389841 0.580924 0.060712 0.045753 0.050743 0.032874 0.052071 0.029122 0.029625 0.050071 0.043418 0.081505 0.084189 0.061928 0.052758 0.038886 0.061614 0.055076 0.108529 0.105372 0.622831 0.600595 0.542722 0.423903 0.395338 0.386382
0.304330 1.065931 0.119852 0.109552 0.057703 0.037240 0.082864 1.772572 0.073034 0.038246 0.048988 0.071785 0.115692 0.039849 0.038933 0.053881 0.049433 0.608473 1.730030 2.733651 2.752210 1.731790 1.699894 0.612104 0.089232 0.052266 0.043103 0.032707 0.033529 0.053703 0.048287 0.042412 0.168569 0.208728 0.020806 0.025032 0.025917 0.049309 0.078911 0.094353 0.032219 0.032417 0.055153 0.078652 0.090079 0.088141 0.072157 0.051628 0.057958 0.046990 0.046332 0.090982 0.085792 0.039528 0.046104 0.024818 0.261066 0.265775 0.270985
0.367625 1.035053 1.056933 1.019903 0.926897 0.843038 0.972078 1.757264 1.833441 0.457048 0.244169 0.187984 0.438863 0.429478 0.041816 0.050536 0.611415 1.687251 1.724923 2.732801 1.711194 1.718762 1.705263 1.701365 0.073395 0.053564 0.040293 0.036265 0.046462 0.087234 0.067123 0.310528 1.173147 0.177191 0.047194 0.045845 0.048790 0.066887 0.051734 0.080862 0.033577 0.033547 0.048103 0.091022 0.096245 0.076213 0.080148 0.086449 0.053718 0.065071 0.057381 0.059297 0.108986 0.087410 0.046458 0.048471 0.288606 0.314007 0.280168
0.392756 0.235978 1.018163 2.047403 2.082442 3.073318 2.107572 0.808079 0.717691 0.764947 0.648930 2.692361 3.695051 3.735896 3.736696 3.739720 3.780486 2.755858 1.740298 1.746488 1.720253 2.686677 2.701722 1.711372 0.042513 0.043156 0.032190 0.032416 0.065932 0.080075 0.523613 1.505395 2.528371 1.508420 0.352991 0.048377 0.049356 0.055717 0.054664 0.089410 0.027579 0.045967 0.049201 0.079506 0.162285 0.051980 0.074256 0.084252 0.067056 0.047721 0.052742 0.050570 0.091087 0.076901 0.049095 0.046974 0.241055 0.284697 0.395139
0.014396 1.138419 1.111598 2.046036 2.098549 3.130626 0.988685 0.035351 0.039164 0.093246 0.522529 1.556260 2.708223 2.727288 3.733599 3.735511 3.750855 1.696037 0.622620 0.691602 1.679568 2.701573 2.705715 2.714294 1.688591 0.074229 0.040331 0.058184 0.079103 0.043035 0.029882 1.553750 2.595877 1.608279 0.492774 0.048241 0.070915 0.060651 0.054222 0.045326 0.042786 0.059536 0.050589 0.114627 0.143332 0.048393 0.056005 0.079597 0.098655 0.062851 0.080913 0.051068 0.121588 0.087616 0.817131 0.780870 1.842796 0.799409 0.466395
0.894925 1.009722 1.030359 0.051643 0.077784 0.083807 0.038399 0.033858 0.046746 0.072021 0.063985 0.043787 0.039842 0.053762 0.051687 0.439295 0.470933 0.511404 0.039248 0.034420 1.697924 2.718743 2.711720 2.715610 1.701764 0.627649 0.053353 0.075134 0.146863 0.152748 0.281557 0.454502 1.553280 0.470846 0.339170 0.207957 0.217624 0.044792 0.054002 0.034173 0.037391 0.084130 0.031562 0.098199 0.387104 0.052863 0.043006 0.096535 0.137589 0.074877 0.817709 0.818329 1.988433 1.979024 3.016106 2.957793 1.959944 0.982610 0.922606
0.270129 0.195909 0.161373 0.049560 0.039405 0.028572 0.028695 0.041114 0.098870 0.091654 0.029656 0.020027 0.040519 0.037803 0.054544 0.055685 0.087777 0.067986 0.044197 0.651658 0.676222 1.716117 2.704913 2.707663 1.691551 0.672167 0.632863 0.141701 0.241006 0.150529 0.150651 0.038710 0.073871 0.020180 0.218455 0.186063 0.755755 0.848716 0.780942 0.068572 0.760491 0.133647 0.046790 0.078987 0.583263 0.461204 0.029580 0.073906 0.981918 1.994193 2.013503 2.002679 2.021393 3.026343 3.027979 3.000842 3.010360 2.011362 1.990781
0.257174 0.179635 0.085863 0.039024 0.047020 0.026039 0.026421 0.030769 0.110055 0.123010 0.020333 0.018089 0.034049 0.034737 0.061041 0.048409 0.061638 0.047738 0.064934 0.613169 0.057708 0.702552 2.739507 2.710929 1.670851 0.715355 0.704363 0.214189 0.173961 0.105183 0.077082 0.036397 0.028816 0.017373 0.019752 0.093327 0.909370 2.162964 2.198786 4.197297 3.194619 1.200107 0.135923 0.048358 0.024344 0.292377 0.135158 0.421813 0.881937 2.032853 2.063299 2.041344 2.045454 3.027266 3.044474 2.000771 2.016206 2.016174 1.999316
0.329428 0.027318 0.152518 0.056770 0.034264 0.034355 0.035881 0.039407 0.097376 0.107854 0.034584 0.021660 0.021660 0.028817 0.071068 0.062812 0.071663 0.058082 0.078573 0.088517 0.090570 0.676391 1.709592 1.700608 0.046316 0.084552 0.842448 0.198086 0.120496 0.071923 0.093327 0.028984 0.028975 0.017373 0.028633 0.050716 0.132192 1.208215 1.236944 4.195827 3.209447 2.195235 0.133967 0.026192 0.045358 0.699434 0.670884 0.550408 0.337375 0.946509 2.060293 2.044928 2.050005 3.023123 3.041909 3.003608 2.015105 0.913285 0.096622
0.132852 0.054801 0.055802 0.038216 0.039056 0.039314 0.017373 0.027593 0.697217 0.911893 0.036034 0.034050 0.018089 0.034156 0.038735 0.072756 0.046241 0.038933 0.046883 0.049757 0.085954 0.074392 0.605166 0.061342 0.031428 0.160570 0.211792 0.271210 0.081775 0.106389 0.049062 0.043583 0.023815 0.034293 0.041622 0.159390 1.237236 0.265922 1.236441 3.110978 2.227855 1.206690 0.106414 0.866576 0.839353 1.834909 1.849624 0.691989 0.047852 0.032667 0.055793 2.007426 4.041621 4.036036 4.048828 3.020456 0.900424 0.124436 0.074714
0.052901 0.075693 0.026481 0.040179 0.030326 0.031440 0.017373 0.032576 0.706714 1.891204 0.072754 0.034019 0.026756 0.030540 0.026390 0.021522 0.032250 0.033730 0.034706 0.036187 0.027945 0.050479 0.044949 0.059580 0.047248 0.055269 0.259570 0.341608 0.389855 0.062700 0.091219 0.033619 0.037327 0.030650 0.144316 1.193695 2.209645 1.291927 1.231876 1.239246 0.179610 0.143052 0.082024 0.857257 1.910061 2.877180 1.880489 0.037872 0.019188 0.046973 0.068590 2.013897 4.035164 4.020997 3.037203 1.973606 0.117949 0.105504 0.119375
0.017373 0.017373 0.090920 0.069358 0.037636 0.030541 0.025993 0.932069 1.862830 1.886949 0.061016 0.053642 0.045403 0.020164 0.042289 0.040398 0.067757 0.253874 0.256237 0.027091 0.014396 0.024514 0.018881 0.108175 0.095450 0.070820 0.056545 0.310623 0.364923 0.386120 0.061505 0.068921 0.066900 0.052263 0.034204 0.329805 0.998684 1.176731 0.153780 0.150709 0.132225 0.119454 0.787646 1.896432 2.907957 3.862097 1.882396 0.039663 0.025368 0.060527 0.080844 1.990241 3.012846 2.976913 1.907094 0.798805 0.116318 0.091836 0.101865
0.038322 0.039909 0.046165 0.173916 0.166027 0.043083 0.040656 0.889621 1.832454 1.887755 0.737131 0.038980 0.027382 0.042733 0.040366 0.040440 0.066989 0.230318 0.254625 0.232415 0.020298 0.154541 0.190241 1.167389 1.162980 1.166528 0.072679 0.066150 0.049632 0.041724 0.050140 0.058623 0.048548 0.696200 0.704284 0.548834 0.398355 0.318372 0.033240 0.112632 0.114399 0.103358 0.774747 2.885098 3.907316 2.873128 1.874642 0.871695 0.034601 0.080882 0.044486 0.069747 0.808375 0.753915 0.411750 0.086766 0.101418 0.130080 0.140758
0.096626 0.126757 0.161432 0.191111 0.198644 0.045706 0.048549 0.076958 0.740353 0.810494 0.734242 0.105399 0.023751 0.041145 0.039757 0.118391 0.102919 0.054246 1.241578 1.259503 0.182870 1.207708 1.256900 2.183507 2.186270 1.190851 0.022942 0.023567 0.031395 0.031733 0.869871 0.899771 0.875595 1.833914 1.831171 0.726399 0.078861 0.067337 0.074805 0.025773 0.026329 0.081986 0.721301 2.869080 3.897363 2.860400 1.873870 0.800054 0.064742 0.024101 0.025429 0.037613 0.047101 0.437600 0.595466 0.102865 0.088868 0.108105 0.117655
0.095437 0.133643 0.145874 0.164652 0.173161 0.042820 0.055159 0.049161 0.048862 0.019310 0.040504 0.027301 0.050408 0.061943 0.190167 0.169688 0.099808 0.054758 1.231330 2.254628 1.231283 1.208285 2.204044 2.183711 2.186999 1.190202 0.023507 0.027366 0.030068 0.856965 0.867446 0.881703 0.850493 1.807933 1.793571 0.643710 0.090513 0.029034 0.021034 0.017966 0.036948 0.038169 0.668682 2.878294 3.893178 1.871030 0.753707 0.139353 0.109485 0.026955 0.017966 0.021034 0.051613 0.065531 0.813053 0.112800 0.160685 0.073311 0.043525
0.073203 0.089749 0.098339 0.110093 0.117240 0.032310 0.044469 0.018881 0.024514 0.014396 0.020974 0.025352 0.039570 0.052772 0.231311 0.140464 0.515200 1.030955 2.217798 3.265378 1.208121 1.205280 1.099178 2.168155 2.171788 1.168125 0.143593 0.019309 0.112577 0.829278 0.879730 0.874429 0.046902 0.662094 1.748961 0.586463 0.148473 0.027986 0.017966 0.044866 0.030419 0.061904 0.663687 2.845993 2.917108 0.845592 0.209530 0.119361 0.206924 0.231940 0.028870 0.017966 0.089607 0.121355 0.842052 0.949677 0.066508 0.075066 0.043785
0.385864 0.250069 1.071705 1.097932 0.126720 0.091470 0.094826 0.043814 0.061387 0.018944 0.034263 0.040387 0.974156 0.025628 0.281604 0.654275 0.531372 0.967329 2.206341 0.143244 0.054330 0.049943 0.078443 0.123025 0.117039 0.123900 0.049187 0.130069 0.118679 0.788495 0.827062 0.061444 0.025077 0.047033 0.054291 0.522203 0.239395 0.322254 0.056267 0.116155 0.726748 0.753619 0.839873 1.755855 1.838746 1.860374 0.176040 0.115435 0.186086 0.235861 0.320288 0.078560 0.145887 0.086464 0.355606 0.249410 0.081347 0.071789 0.035363
0.375854 0.777764 1.978059 1.997110 1.982683 0.936799 0.915381 1.966078 1.982324 0.773958 0.707014 0.802379 1.829786 0.773482 1.446010 0.241409 0.123913 0.116063 0.031273 0.037643 0.024986 0.073101 0.115173 0.077505 0.056770 0.057124 0.072884 0.056770 0.064263 0.107593 0.086926 0.036697 0.021142 0.038185 0.065724 0.086560 0.325657 0.089947 0.093127 0.874974 1.247085 1.350395 0.943964 0.864810 0.093307 0.048468 0.051722 0.049523 0.058326 0.052132 0.098031 0.134559 0.085990 0.099511 0.466926 0.100747 0.044917 0.050499 0.035728
0.243425 1.894448 3.029772 3.059207 2.020355 2.006800 1.995810 2.968764 2.999847 1.928374 1.926378 1.940013 0.699219 0.676552 0.108578 0.040973 0.047646 0.033197 0.034919 0.022041 0.031028 0.093661 0.098908 0.049554 0.034583 0.057550 0.055595 0.033435 0.050408 0.058997 0.046638 0.031518 0.025831 0.038643 0.062853 0.099558 0.135338 0.131750 0.135522 0.742830 0.565833 0.456907 0.244561 0.047015 0.045521 0.051003 0.042503 0.058597 0.056732 0.063912 0.051923 0.135549 0.095497 0.061897 0.206732 0.180735 0.033194 0.034325 0.025413
0.212582 0.902243 1.982611 2.047807 1.032231 0.985245 1.010955 1.963477 1.990229 1.961282 0.808880 0.055452 0.041832 0.084039 0.093164 0.043557 0.033205 0.033394 0.022726 0.023582 0.020347 0.119523 0.090963 0.047826 0.050026 0.059853 0.036079 0.037758 0.033028 0.062569 0.030738 0.022865 0.033134 0.037880 0.080714 0.140066 0.131044 0.169124 0.102952 0.637435 0.645547 0.580555 0.078424 0.034956 0.043449 0.041695 0.041572 0.050622 0.039222 0.061179 0.056146 0.077248 0.056357 0.061454 0.225077 0.170037 0.044320 0.033973 0.022469
0.078777 0.099190 0.164128 0.961468 1.035932 0.094612 0.024463 1.029481 2.973810 1.966395 0.091940 0.050595 0.021219 0.082882 0.073588 0.036888 0.029305 0.017373 0.025703 0.034004 0.249058 0.155079 0.038307 0.032555 0.047157 0.057700 0.040734 0.029167 0.036858 0.045311 0.025703 0.025703 0.027641 0.029061 0.100806 0.178549 0.126032 0.122385 0.065280 0.638383 0.665387 0.611102 0.102568 0.031048 0.025155 0.033286 0.045692 0.048546 0.041832 0.063362 0.071663 0.082527 0.050362 0.055822 0.182930 0.139289 0.034568 0.027916 0.018425
0.141617 0.129125 0.147935 0.146292 1.059276 0.124824 0.034503 1.053704 2.972459 1.925867 0.094960 0.069780 0.035794 0.065348 0.078518 0.042504 0.041359 0.017373 0.025703 0.235463 1.356833 1.162073 0.031640 0.027183 0.032997 0.038093 0.038322 0.038825 0.036690 0.020180 0.017373 0.017373 0.025038 0.028465 0.164286 0.189227 0.132705 0.135537 0.411547 0.679478 0.710099 1.923197 2.168780 0.992823 0.071130 0.048017 0.036003 0.040001 0.057335 0.093758 0.060538 0.056206 0.048607 0.052924 0.168569 0.149283 0.042748 0.014396 0.065971
0.140359 1.161206 0.121376 0.141870 0.956286 0.093133 0.023034 0.772918 1.846544 0.605462 0.126703 0.132964 0.133302 0.066747 0.055832 0.028388 0.044578 0.039147 0.056969 0.316923 1.418877 1.097711 0.020301 0.019310 0.014396 0.024284 0.038064 0.157570 0.159126 0.044532 0.028862 0.028969 0.038163 0.184599 1.333342 0.284264 0.207712 0.220472 0.174173 0.105098 0.100480 0.108431 2.042580 2.077188 0.084405 0.057489 0.045021 0.056831 0.038093 0.056176 0.036430 0.029167 0.030539 0.056642 0.087793 0.075944 0.035073 0.035439 0.036660
0.093452 0.081436 0.133187 0.149391 0.161828 0.045538 0.021233 0.037210 0.177106 0.127091 0.082207 0.081982 0.140855 0.043063 0.071932 0.026237 0.034645 0.028831 0.047876 0.296373 1.395194 0.248897 0.033119 0.030077 0.024284 0.023399 0.030280 0.097711 0.115136 0.029975 0.034437 0.028586 0.033547 0.215004 1.326098 1.366876 0.283983 0.165687 0.169607 0.095661 0.087621 0.119575 1.151910 1.108905 0.092618 0.053719 0.032234 0.039421 0.042915 0.031853 0.049900 0.061025 0.044952 0.056389 0.050315 0.048469 0.018746 0.025047 0.043556
0.073005 0.048228 0.165173 0.148735 0.093296 0.049416 0.021187 0.029547 0.102526 0.114759 0.065887 0.086622 0.090145 0.032600 0.034388 0.207220 0.159701 0.089906 0.049037 0.330628 1.401456 1.388505 0.044311 0.039726 0.032127 0.022576 0.038933 0.129082 0.136758 0.086770 0.063226 0.039711 0.052309 0.276820 1.319420 1.349878 1.354752 0.232883 0.117229 0.080806 0.132598 0.210953 0.996616 0.933153 0.039664 0.034385 0.028481 0.022942 0.023507 0.034996 0.032189 0.057747 0.063025 0.053459 0.062019 0.021188 0.036133 0.030418 0.043798
0.039878 0.059150 0.151932 0.130333 0.136053 0.048943 0.021126 0.033530 0.065417 0.206147 0.107009 0.086325 0.075816 0.035793 0.034198 0.046748 0.099085 0.298642 0.236404 1.362035 3.405606 3.423030 2.369752 0.042561 0.042748 0.027108 0.041985 0.060142 0.109536 0.077050 0.053108 0.053078 0.316083 1.345567 1.297234 1.346569 0.238697 0.160259 0.096500 0.069888 0.205569 0.380104 0.732025 0.077211 0.031914 0.022636 0.030769 0.023567 0.027366 0.019309 0.026527 0.052655 0.133264 0.056755 0.041130 0.042503 0.032768 0.044302 0.053725
