use_cases/Flooding_chicago/flooding_data/output/h_720.asc
ncols 337
nrows 393
xllcorner 428428.000000
yllcorner 4602440.000000
cellsize 26.757400
NODATA_value -9999.000000
[rows 162 to 188 of 393, columns 118 to 176 of 337]
0.340046 0.031288 0.023507 0.022942 0.029946 0.077759 0.068827 0.702235 0.064856 0.017373 0.051155 0.031227 0.035271 0.043235 1.973393 1.995399 1.959014 1.966204 0.775723 0.070456 0.064407 0.045810 0.051572 0.092366 0.121549 0.188169 0.221511 0.253986 0.218759 0.140152 0.096631 0.049904 0.055101 1.060694 0.949826 0.805164 0.088584 0.075966 0.094089 0.141689 0.069878 0.046913 0.031975 0.020800 0.038521 0.038126 0.065536 0.121529 0.197575 0.113685 0.041085 0.049370 0.026802 0.039102 0.048927 0.443027 0.221918 0.062141 0.058175
0.283912 0.019309 0.027366 0.023567 0.037315 0.088762 0.079755 0.693600 0.020134 0.017373 0.034936 0.041499 0.065158 0.056389 2.059923 2.028304 0.859717 0.050122 0.033546 0.037349 0.039391 0.032250 0.047325 0.069156 0.068277 0.095298 0.103666 0.206705 0.182332 0.150871 0.042752 0.080461 0.059594 0.851985 0.757091 0.064976 0.043451 0.052573 0.072823 0.155268 0.084099 0.041192 0.026237 0.019310 0.029732 0.037178 0.098275 0.145316 0.163231 0.043922 0.043923 0.053712 0.037773 0.038627 0.045555 0.406533 0.431406 0.050943 0.051461
0.179415 0.029384 0.039620 0.039574 0.036033 0.031425 0.024879 0.044135 0.045386 0.037651 0.034188 0.042110 0.038597 0.041378 2.032133 2.008439 0.051687 0.036126 0.031666 0.032875 0.025703 0.025703 0.055900 0.068907 0.065559 0.094755 0.166666 0.206334 0.197227 0.103139 0.056850 0.063630 0.048014 0.500247 0.270642 0.083601 0.033425 0.029321 0.021263 0.234565 0.101708 0.043622 0.025322 0.014396 0.019310 0.056694 0.119211 0.142783 0.105139 0.039695 0.036583 0.043173 0.037163 0.046120 0.044197 0.420816 0.447396 0.061028 0.064009
0.148163 0.077181 0.064227 0.063245 0.038047 0.024468 0.023384 0.034782 0.039199 0.058807 0.042687 0.050728 0.088475 0.108087 1.998198 2.957473 0.608498 0.021538 0.021111 0.020180 0.017373 0.017373 0.085167 0.033134 0.030532 0.097191 0.161156 0.257222 0.257118 0.116331 0.052415 0.053288 0.039261 0.390373 0.355033 0.140970 0.020196 0.017966 0.021034 0.141496 0.134694 0.095726 0.095588 0.058403 0.062295 0.076469 0.147806 0.118347 0.076180 0.049721 0.022911 0.038827 0.039513 0.066197 0.041466 0.523902 0.550267 0.090324 0.053747
0.107698 0.128783 0.102039 0.050686 0.040214 0.038765 0.022056 0.046197 0.043404 0.077233 0.221585 0.173867 0.926440 2.025674 2.001731 0.663745 0.166131 0.246996 0.230037 0.177453 0.141756 0.165961 0.043755 0.045372 0.027794 0.027794 0.196188 0.309151 0.332628 0.027779 0.028727 0.041676 0.038821 0.373865 0.505854 0.289101 0.060478 0.031822 0.017966 0.185571 0.078219 0.130867 0.095162 0.052392 0.058434 0.051520 0.126350 0.070704 0.092613 0.052345 0.026405 0.038792 0.055733 0.086831 0.797278 0.485974 0.382016 0.059745 0.062065
0.132040 0.405157 0.299104 0.191884 0.123370 0.034707 0.029031 0.033316 0.086479 0.077904 0.041024 0.153570 0.079072 2.081923 2.000897 0.097820 0.089769 0.115715 0.116968 0.079770 0.038673 0.064505 0.076939 0.029137 0.022591 0.022591 0.028969 0.490205 0.492809 0.040260 0.024834 0.025399 0.044960 0.324839 0.458830 0.543312 0.588794 0.072244 0.105559 0.156594 0.054865 0.070951 0.103461 0.037621 0.050941 0.027149 0.074633 0.084112 0.116691 0.076928 0.049324 0.035820 0.063133 0.111049 0.725411 0.236382 0.058376 0.052956 0.046898
0.133173 0.076446 0.212967 0.995252 1.091431 0.069202 0.041448 0.041710 0.066049 0.054573 0.034446 0.111884 0.059147 2.004305 0.127334 0.078925 0.066754 0.118763 0.200799 0.152099 0.046393 0.034690 0.044930 0.034432 0.022591 0.022591 0.033653 1.652700 1.651082 0.048570 0.030825 0.032738 0.040268 0.078590 0.634933 0.669521 0.633406 0.166398 0.093437 0.052497 0.055718 0.047828 0.058555 0.035743 0.031944 0.040687 0.052895 0.038566 0.082680 0.063011 0.065360 0.051598 0.053184 0.045402 0.277121 0.378679 0.095269 0.068901 0.040017
0.273391 0.291523 0.239954 1.069208 1.079915 1.018225 0.945154 0.042489 0.049131 0.542287 0.577705 1.561918 1.483703 0.149369 0.183717 0.182222 0.215906 0.112144 0.168928 1.308995 0.035744 0.033172 0.054437 0.024361 0.265617 0.021782 0.646750 1.623655 1.627912 0.038560 0.026651 0.035026 0.061455 0.127038 0.591317 0.619243 0.607857 0.215140 0.130273 0.095207 0.083550 0.070657 0.049632 0.048647 0.026619 0.020439 0.049309 0.034172 0.067651 0.048195 0.035667 0.053536 0.044653 0.046839 0.213034 0.305564 0.091011 0.048530 0.035942
0.205767 2.992498 3.019616 2.110794 3.103224 3.085822 3.103867 1.083000 1.021262 0.425038 1.547311 2.557475 1.482844 0.114579 0.171199 0.176006 0.224529 0.270325 0.205504 1.310663 1.315422 0.042001 0.036384 0.018898 0.187395 0.129671 0.613853 1.606398 1.610045 0.522960 0.078966 0.030861 0.069436 0.160021 0.221248 0.246268 0.229272 0.247462 0.186319 0.135217 0.117606 0.104057 0.083597 0.059456 0.025459 0.018136 0.049690 0.035912 0.075691 0.020394 0.042596 0.035866 0.046303 0.091148 0.234492 0.308799 0.200386 0.040825 0.040725
1.990083 4.091691 4.082617 3.070318 3.099706 3.084316 3.121303 2.067086 0.947350 0.405925 0.445498 0.525220 0.057421 0.050733 0.045915 0.048136 0.077257 0.093451 0.191141 0.264310 2.358118 0.221550 0.095879 0.080528 0.027795 0.130961 0.615487 0.621707 0.526962 0.057116 0.038796 0.025338 0.055474 0.048454 0.191811 0.214731 0.176766 0.111063 0.193611 0.160347 0.137307 0.131362 0.115593 0.092902 0.068847 0.021965 0.022468 0.022484 0.021904 0.018287 0.029884 0.022332 0.034310 0.094095 0.140264 0.460560 0.082205 0.046119 0.026909
1.958632 3.066710 1.892372 0.762971 0.021846 0.052844 0.756928 0.761160 0.081085 0.054433 0.107394 0.174859 0.049332 0.035157 0.029453 0.029960 0.041404 0.045520 0.036551 0.021391 2.352866 1.253396 0.047288 0.036842 0.045281 0.038171 0.595837 0.567588 0.084063 0.041390 0.034982 0.038490 0.055153 0.051140 0.237601 0.254846 0.046273 0.063195 0.064004 0.094063 0.062722 0.078273 0.078409 0.131783 0.081216 0.079444 0.031746 0.044548 0.061804 0.058523 0.033349 0.061683 0.196235 0.155618 0.187912 0.185143 0.166727 0.054251 0.029288
1.928231 0.741064 0.040440 0.028189 0.019752 0.030159 0.175522 0.116175 0.037909 0.026294 0.041759 0.201712 0.075340 0.027244 0.026695 0.019601 0.028388 0.028388 0.019601 0.406180 1.319731 0.242338 0.050301 0.061729 0.030569 0.049842 0.171742 0.169756 0.096143 0.046778 0.035819 0.038826 0.044563 0.063560 0.149088 0.137795 0.065132 0.050867 0.048149 0.065958 0.072562 0.052209 0.047126 0.073859 0.055107 0.096140 0.108710 0.125684 0.044155 0.043267 0.075005 0.077874 0.077050 0.086723 0.052511 0.161401 0.167701 0.058475 0.038963
0.090271 0.056611 0.039232 0.017373 0.017373 0.020180 0.221199 0.029870 0.033150 0.033606 0.038261 0.112750 0.082688 0.044991 0.051736 0.035506 0.023903 0.023903 0.051703 1.433323 0.259102 0.069898 0.063452 0.039420 0.051201 0.032784 0.136571 0.170454 0.136917 0.035896 0.060997 0.069922 0.049385 0.054772 0.107720 0.081947 0.045647 0.038613 0.065300 0.069694 0.039512 0.061807 0.033013 0.049919 0.078087 0.112220 0.132671 0.144508 0.036583 0.036293 0.063026 0.118855 0.087868 0.057321 0.036720 0.044595 0.091756 0.027779 0.174966
0.081567 0.052085 0.047630 0.046369 0.046440 0.282125 1.326187 0.025643 0.014396 0.035958 0.031044 0.020348 0.108875 0.049629 0.037285 0.036277 0.031792 0.042900 0.052377 0.284554 0.117683 0.058768 0.054222 0.055321 0.038231 0.021232 0.037892 0.151564 0.271331 0.039635 0.072213 0.095026 0.043725 0.053962 0.104744 0.073433 0.039742 0.036842 0.054985 0.025185 0.032113 0.033499 0.036797 0.043114 0.052379 0.014396 0.112445 0.105326 0.026848 0.026771 0.078067 0.066263 0.027825 0.032173 0.029152 0.041558 0.055687 0.039176 0.245995
0.127234 0.064994 0.073493 0.048959 0.049095 0.288795 0.289235 0.030295 0.033822 0.033333 0.026542 0.172270 0.154040 0.048975 0.055945 0.060432 0.062904 0.070869 0.078895 0.062630 0.121019 0.052255 0.040777 0.046303 0.030326 0.020531 0.037865 0.032921 0.435367 0.517718 0.057320 0.103264 0.074349 0.108650 0.084586 0.031929 0.031578 0.017373 0.080306 0.024727 0.030574 0.026268 0.072547 0.072061 0.081016 0.031761 0.053414 0.111214 0.078057 0.040566 0.063408 0.070562 0.037685 0.014396 0.043145 0.041069 0.039924 0.038203 0.170525
0.106345 0.053109 0.037987 0.029151 0.029656 0.043510 0.110847 0.019997 0.130911 0.152026 1.235512 2.239182 2.237657 1.150305 0.167995 0.123772 0.074334 0.048339 0.032844 0.026801 0.140907 0.090722 0.059974 0.026663 0.041786 0.018440 0.029838 0.043281 0.405928 0.551216 0.071552 0.080831 0.095864 0.144295 0.128166 0.045646 0.039650 0.017373 0.057091 0.052774 0.049310 0.034111 0.069496 0.062249 0.052987 0.104004 0.033883 0.086808 0.279804 0.059972 0.059227 0.064065 0.048927 0.073555 0.052162 0.067375 0.043940 0.049804 0.125190
0.096917 0.109217 0.049782 0.042214 0.043831 0.057198 0.146483 0.170528 0.191289 1.220800 2.228786 4.228087 3.208492 1.119855 0.215004 0.156425 0.068824 0.043129 0.042519 0.054161 0.095528 0.151619 0.096138 0.108802 0.044761 0.022514 0.042106 0.051735 0.034569 0.545983 0.525347 0.132271 0.081139 0.126306 0.126168 0.059242 0.035209 0.027504 0.068168 0.052574 0.039422 0.118672 0.084578 0.893290 0.773096 0.610999 0.454218 1.287789 2.406412 1.321281 0.283406 0.042334 0.050164 0.021538 0.060967 0.066338 0.108896 0.147749 0.147928
0.119194 0.124473 0.050773 0.043144 0.048079 0.033105 0.133623 0.150179 1.216734 2.183190 3.204186 4.219044 3.204690 1.083004 0.247745 0.117500 0.036538 0.050148 0.054619 0.036340 0.031838 0.063637 0.093346 0.043205 0.059794 0.026313 0.018959 0.039787 0.452903 1.610187 0.501714 0.094082 0.034127 0.043221 0.054069 0.036110 0.036156 0.050972 0.167382 0.156290 1.129743 1.143736 1.088794 1.026035 0.035680 0.497522 1.489890 2.499638 3.477433 3.486427 1.322104 0.084404 0.054054 0.035256 0.032678 0.040351 0.044533 0.059333 0.065345
0.088707 0.090946 0.042915 0.029732 0.019310 0.035286 0.042048 0.101249 1.120245 3.189363 4.195719 3.205869 2.195600 0.141512 0.231562 0.227485 0.252013 0.042167 0.063027 0.048717 0.045449 0.042169 0.036339 0.039924 0.031624 0.019082 0.033272 0.033974 1.557731 0.560261 0.445365 0.040412 0.031090 0.023705 0.025536 0.064416 0.036415 0.045514 0.182414 1.067389 1.096995 1.133782 0.094207 0.032984 0.034629 0.509699 1.506026 3.459794 3.456402 2.533310 1.364719 0.082466 0.066385 0.045539 0.052391 0.034293 0.038018 0.085641 0.077536
0.409053 0.313013 0.029701 0.019310 0.014396 0.024361 0.041527 0.040774 0.243623 1.921069 3.094561 2.109171 1.020887 0.064034 0.119943 0.201790 0.197398 0.333918 0.255918 0.052788 0.047815 0.041802 0.031487 0.026619 0.039223 0.031762 0.036125 0.059933 0.529363 0.528574 0.041607 0.036949 0.040792 0.025536 0.035712 0.025536 0.054572 0.267356 0.234219 0.209808 0.179473 0.132438 0.048680 0.032678 0.030023 0.422912 1.533606 2.505522 2.460776 1.532197 0.055877 0.045722 0.037682 0.060754 0.062141 0.044857 0.056602 0.068000 0.054885
0.372843 0.343739 0.055125 0.036369 0.026848 0.023887 0.024055 0.031300 0.289315 0.471670 1.272312 0.322106 0.071871 0.065696 0.112465 0.157726 0.270500 0.344778 0.326165 0.149116 0.088738 0.034936 0.042106 0.024132 0.026618 0.039069 0.041619 0.041880 0.501836 0.526062 0.054960 0.038047 0.046379 0.070840 0.025536 0.023705 0.044346 0.328703 0.048163 0.095467 0.098899 0.094434 0.043373 0.055412 0.044869 0.042320 0.394760 2.491384 1.448460 0.039209 0.041529 0.045242 0.048423 0.067634 0.065957 0.047759 0.077447 0.056419 0.064049
0.341256 1.318872 0.043310 0.034828 0.026695 0.028069 0.055581 0.618182 0.561095 0.490415 0.040454 0.050118 0.043649 0.040488 0.062723 0.039162 0.224986 0.231056 0.239021 0.088280 0.138786 0.066215 0.037286 0.032143 0.023247 0.060524 0.041862 0.198283 0.316292 0.047730 0.072335 0.057091 0.032799 0.045419 0.035514 0.069527 0.039695 0.328164 0.022270 0.130516 0.152930 0.050759 0.074822 0.024910 0.024605 0.029029 0.033166 0.343884 1.468509 0.040706 0.047754 0.061439 0.053139 0.071252 0.065620 0.046532 0.041633 0.065697 0.063759
1.343973 1.330939 0.241788 0.062981 0.044167 0.043602 1.714795 1.711997 1.727580 0.646966 0.681358 0.055685 0.065382 0.057411 0.086889 0.042488 0.047081 0.046669 0.055260 0.044906 0.066156 0.085181 0.057046 0.037026 0.023858 0.061409 0.044166 0.395702 0.169953 0.042097 0.055703 0.041558 0.054405 0.043037 0.041481 0.039252 0.178594 0.034815 0.038704 0.052634 0.080957 0.082588 0.035728 0.031303 0.030251 0.030726 0.043222 0.035881 0.329112 0.236235 0.045066 0.020180 0.017373 0.017373 0.056909 0.036263 0.050377 0.040260 0.063298
1.335852 1.314718 0.231111 0.063530 0.048286 0.048027 1.722996 1.698598 1.713868 1.706540 1.718774 0.565889 0.081978 0.066144 0.052727 0.041466 0.051025 0.028870 0.017966 0.066034 0.063818 0.065820 0.045569 0.054514 0.021660 0.100973 0.130359 0.239316 0.187329 0.114196 0.057686 0.048458 0.051156 0.040809 0.065967 0.097299 0.112617 0.032341 0.039741 0.014396 0.120721 0.107997 0.049370 0.031364 0.025719 0.040168 0.033730 0.034797 0.246705 0.215947 0.037901 0.029945 0.040566 0.052345 0.027460 0.060158 0.042519 0.023537 0.027672
1.340927 1.323952 0.237045 0.045892 0.048637 0.048515 1.706829 0.689138 1.660746 1.671234 1.665676 0.538576 0.044380 0.051308 0.043038 0.057975 0.025705 0.017966 0.021034 0.037330 0.180241 0.183589 0.060539 0.037299 0.029777 0.120097 0.141346 0.209525 0.155763 0.160322 0.122755 0.042366 0.056446 0.031440 0.130227 0.071017 0.059578 0.068153 0.038186 0.066748 0.080059 0.028938 0.024146 0.030113 0.034386 0.044165 0.104554 0.119229 0.169757 0.157763 0.129178 0.034508 0.047173 0.038185 0.041100 0.041145 0.093208 0.023842 0.028145
1.344797 2.298229 1.178547 0.084537 0.045219 0.045096 0.550436 0.597079 0.514601 0.114847 0.529835 0.081360 0.070885 0.074593 0.049415 0.069192 0.025413 0.032921 0.028312 1.220599 2.191581 1.218641 0.038352 0.052925 0.025154 0.302718 0.403039 0.621632 0.668487 0.129668 1.152586 0.052208 0.054358 0.073737 0.113304 0.071372 0.060005 0.078835 0.057945 0.056345 0.043037 0.030785 0.023232 0.024452 0.043337 0.091395 1.126099 1.136132 1.112060 1.100891 0.131884 0.045616 0.075653 0.042182 0.055044 0.065010 0.076256 0.020424 0.046364
0.201830 2.279205 2.226728 0.073941 0.030222 0.029931 0.149118 0.223084 0.260041 0.259151 0.165625 0.054542 0.048286 0.094444 0.048134 0.063865 0.066338 0.048714 1.239008 2.238918 2.195856 1.080674 0.441597 0.469564 0.481341 0.543911 0.231953 0.024047 0.041652 0.088453 0.110363 0.082555 0.097489 0.129266 0.135444 0.149863 0.216837 0.096106 0.056450 0.062904 0.049217 0.046272 0.028161 0.028571 0.094861 0.104175 0.104198 0.102661 1.106427 1.102396 1.114739 0.081622 0.090657 0.082142 0.052709 0.078999 0.125535 0.036691 0.037071
