use_cases/Flooding_chicago/flooding_data/output/h_720.asc
ncols 337
nrows 393
xllcorner 428428.000000
yllcorner 4602440.000000
cellsize 26.757400
NODATA_value -9999.000000
[rows 108 to 134 of 393, columns 177 to 235 of 337]
0.043635 0.027732 0.014396 0.051435 0.749712 0.778010 0.065192 0.727464 0.701422 0.059729 0.348447 0.281935 0.161557 0.047477 0.034782 0.044404 0.023536 0.031410 0.046716 0.037758 0.049777 0.070356 0.486377 0.058508 0.085770 0.106454 0.067863 0.065104 0.053535 0.050300 0.035895 0.028282 0.029914 0.041461 0.045570 0.064797 0.072440 0.113761 0.234338 0.269203 0.246530 0.977886 2.044352 2.064626 1.076684 1.066110 0.059532 0.347471 0.298109 0.272851 0.188576 0.205068 0.159121 0.163930 0.553348 1.731878 0.766322 0.023674 0.028145
1.057915 0.044364 0.021019 0.086008 0.729487 0.097957 0.129844 0.144331 0.123420 0.043801 0.050514 0.039406 0.035896 0.047973 0.034157 0.025550 0.030144 0.024559 0.028709 0.033806 0.043998 0.098416 0.314436 0.056143 0.060840 0.067750 0.070046 0.057839 0.037728 0.063286 0.018578 0.023064 0.028527 0.024696 0.031120 0.056542 0.043708 0.041406 0.039542 0.235335 0.268055 0.940755 2.047317 1.030877 1.065834 0.060643 0.056417 0.071333 0.052168 0.047284 0.036313 0.127547 0.113824 0.141542 1.710204 1.770652 0.692077 0.057900 0.022972
0.050317 0.121036 0.019798 0.100753 0.082821 0.091374 0.131894 0.157488 0.063897 0.070275 0.028450 0.031776 0.024057 0.028939 0.025396 0.030510 0.030999 0.024804 0.028786 0.045891 0.069801 0.191968 0.292946 0.038245 0.042152 0.052970 0.075905 0.054665 0.022483 0.106417 0.040490 0.065986 0.024620 0.027825 0.019416 0.020576 0.030754 0.037880 0.040338 0.172438 0.962407 2.082822 1.047517 0.070218 0.044724 0.044779 0.022471 0.067680 0.027764 0.034264 0.034646 0.069957 0.066027 0.085080 1.733638 1.755013 0.654488 0.047371 0.018547
0.031999 0.089188 0.069691 0.057747 0.061044 0.021202 0.064622 0.023430 0.110528 0.089332 0.028344 0.031456 0.023109 0.023857 0.056481 0.048057 0.043632 0.032127 0.041721 0.060906 0.085244 0.361828 0.042001 0.039926 0.036324 0.054756 0.065925 0.082614 0.029197 0.091743 0.072762 0.037667 0.040367 0.040002 0.029518 0.034935 0.028511 0.041949 0.946840 2.230709 3.119153 4.162374 0.935814 0.039488 0.042259 0.035316 0.024376 0.050187 0.021172 0.034645 0.040550 0.080977 0.510197 1.697379 1.735261 1.751234 0.694782 0.039757 0.031261
0.038186 0.111366 0.101998 0.033303 0.037941 0.020469 0.038720 0.044807 0.094368 0.092224 0.023597 0.071511 0.034066 0.029641 0.037880 0.118553 0.122384 0.132729 0.135551 0.075004 0.057426 0.415529 0.031899 0.028983 0.026787 0.037652 0.044136 0.044730 0.030205 0.057899 0.089247 0.075372 0.057610 0.049476 0.034904 0.042152 0.034389 0.062777 3.098248 4.139266 4.085168 3.107260 2.044172 0.069140 0.037041 0.042839 0.031836 0.023567 0.022942 0.032807 0.036736 0.068459 0.411761 1.655319 1.681339 0.679967 0.640846 0.483526 0.238263
0.063822 0.299954 1.453466 0.044823 0.030007 0.018233 0.031701 0.028954 0.071739 0.360782 0.374110 0.368377 0.314027 0.065637 0.067085 0.107519 0.140223 0.172637 0.023841 0.024360 0.027763 0.139497 0.041451 0.029486 0.026833 0.020561 0.031823 0.037940 0.017373 0.033790 0.108406 0.080588 0.072777 0.079384 0.051018 0.050941 0.053972 2.008016 3.085924 4.149709 3.093619 3.062384 0.789973 0.078939 0.054146 0.027397 0.044273 0.027366 0.023507 0.037315 0.031730 0.043297 0.044181 0.069685 0.749144 0.040908 0.026454 0.019450 0.344517
0.373513 1.440002 1.445031 0.056970 0.042915 0.021736 0.039696 0.031563 0.033580 0.380312 0.418665 0.426679 0.443132 0.067284 0.036950 0.158731 0.066398 0.021507 0.026619 0.014396 0.024619 0.198484 0.039757 0.041649 0.035285 0.037454 0.027733 0.037132 0.017373 0.071953 0.084343 0.120190 0.145459 0.334612 0.224259 0.285852 0.455130 1.836893 4.043188 4.136991 3.128138 1.143552 0.112093 0.067010 0.070716 0.086921 0.041252 0.019309 0.039269 0.024986 0.024651 0.028404 0.042321 0.045281 0.048774 0.051232 0.090536 0.058423 0.403486
0.361089 1.459967 1.485237 0.026497 0.021786 0.022331 0.030296 0.053596 0.037391 0.384963 0.388167 0.384567 0.032555 0.056954 0.051704 0.301112 0.051797 0.035254 0.023018 0.034994 0.159973 1.221641 0.159648 0.054335 0.045493 0.045905 0.038292 0.045890 0.020180 0.020560 0.053781 0.099982 0.166558 0.096581 0.193415 0.305461 0.331169 0.231290 0.644280 1.747944 1.890713 0.077023 0.053725 0.043404 0.041465 0.052941 0.042381 0.041755 0.046716 0.036766 0.060966 0.042854 0.062462 0.035454 0.058541 0.052827 0.068406 0.397895 1.518872
0.404651 1.469823 1.470729 0.025474 0.018105 0.034355 0.035378 0.057183 0.043388 0.374385 0.370093 0.364735 0.028800 0.041359 0.040875 0.240837 0.463519 0.065675 0.134682 0.091362 1.212950 1.214903 1.193539 0.156600 0.080909 0.045883 0.045585 0.027368 0.035957 0.031609 0.044761 0.028237 0.033284 0.070276 0.038203 0.211410 0.225316 0.104481 0.053687 0.080954 0.110851 0.060270 0.053778 0.031214 0.029457 0.043236 0.018211 0.037637 0.049039 0.055663 0.047676 0.064842 0.050056 0.075948 0.064721 0.049248 0.049526 0.454332 1.529388
0.397399 0.393823 0.397309 0.032126 0.020028 0.040795 0.043933 0.232585 1.328853 1.350650 1.344413 0.316985 0.267536 0.270521 0.033120 0.024895 0.378407 1.369194 0.188365 0.334277 0.153269 1.220527 1.204373 0.194541 0.119849 0.162620 0.068504 0.025520 0.173271 0.181268 0.167322 0.090282 0.046566 0.051360 0.757564 0.394979 0.293873 0.031075 0.037193 0.033760 0.119666 0.061605 0.068973 0.032311 0.032570 0.055626 0.021660 0.029625 0.059105 0.062583 0.056282 0.059844 0.104881 0.081525 0.139900 0.118876 0.528643 1.637163 2.641068
1.261067 1.280661 0.054907 0.060768 0.050184 1.339075 1.328981 2.329387 1.339362 0.312648 0.302276 0.285726 0.259213 0.257309 0.025429 0.023582 0.310826 0.338639 0.099605 0.063182 0.151842 0.199764 1.202966 0.141210 0.083422 0.044121 0.085884 0.063668 0.266811 1.280760 0.188472 0.362654 0.261102 0.958041 0.950754 0.059773 0.041588 0.028222 0.026100 0.034204 0.079166 0.106952 0.122046 0.119428 0.056372 0.048423 0.021660 0.035424 0.037620 0.062096 0.069513 0.112806 0.089247 0.056929 0.138836 0.122507 0.505603 1.552936 2.560891
2.332997 0.250106 0.060387 0.021339 0.056938 1.342814 1.348756 1.344377 0.295542 0.014396 0.241344 0.234147 0.212266 0.190652 0.123599 0.063290 0.474137 0.187615 0.158393 0.132870 0.124422 0.183512 1.197379 0.125733 0.064208 0.020088 0.031395 0.065285 0.254883 0.247181 0.173591 0.350421 0.250504 0.886399 0.885231 0.038872 0.030984 0.043221 0.034127 0.049492 0.103429 0.100753 0.125151 0.104669 0.045428 0.041008 0.018211 0.041206 0.039529 0.056281 0.098137 0.088219 0.353705 0.334643 0.217695 0.167984 0.606560 1.308251 1.496227
0.264119 0.218096 0.043892 0.034454 0.026620 0.050661 1.349680 0.310759 0.269339 0.156021 0.167835 0.157454 0.140649 0.122176 0.076306 0.139938 0.723341 0.685761 0.195971 0.108224 0.094781 0.165981 1.196280 0.130733 0.068200 0.078804 0.041755 0.030968 0.134761 0.059899 0.051591 0.085814 0.169600 0.136089 0.115251 0.060022 0.039681 0.044853 0.029885 0.064216 0.036537 0.678620 0.640150 0.066675 0.034365 0.022484 0.034037 0.039711 0.038522 0.061187 1.747756 0.775592 0.461948 0.364636 0.511422 0.777764 0.795272 0.740177 0.082168
0.033776 0.029151 0.041618 0.050149 0.014396 0.098995 0.069756 0.283024 0.208694 0.223929 0.462179 0.439746 0.429669 0.083418 0.061700 0.133603 0.798552 0.729671 0.190672 0.101354 0.195549 0.120190 1.197234 0.139567 0.072759 0.067940 0.035057 0.020384 0.101058 0.116992 0.089555 0.102418 0.056677 0.036685 0.108358 0.038612 0.048790 0.033286 0.098091 0.059959 0.036292 0.672996 1.684670 0.637262 0.053508 0.039614 0.030656 0.041924 0.147580 1.754263 2.835583 0.764072 0.110186 0.073263 0.122000 0.114508 0.379900 0.140717 0.054650
0.033215 0.014396 0.050865 0.035180 0.146716 0.146437 0.129993 0.075398 0.036859 0.149753 0.438266 0.387758 0.337303 0.160693 0.675344 0.671776 0.746280 0.671387 0.145422 0.186321 0.163721 0.237800 0.119446 0.113642 0.061503 0.034797 0.041863 0.023705 0.139656 0.157455 0.108828 0.078020 0.018837 0.026649 0.052849 0.065483 0.049081 0.146322 0.091056 0.141157 0.088823 2.627297 2.651065 1.635078 0.550778 0.466419 0.324502 0.298378 1.547112 1.560446 1.540212 0.125434 0.119336 0.086059 0.119772 0.131265 0.287772 0.258328 0.072429
0.030495 0.027382 0.037712 0.176001 1.216866 2.225385 1.209390 0.116702 0.020839 0.036075 0.031511 0.218584 0.224477 0.648121 1.739591 1.723560 0.713564 0.636759 0.600024 0.120506 0.132353 0.204622 0.089389 0.038521 0.041184 0.035118 0.023507 0.022942 0.057362 0.180591 0.028801 0.034567 0.024405 0.028283 0.069206 0.072502 0.047828 0.025474 0.061623 0.076866 2.584450 4.635257 2.641626 1.592870 0.105315 0.081603 0.052479 0.055931 0.053853 0.038724 0.104617 0.092768 0.147255 0.182102 0.196091 0.156912 0.222944 0.200638 0.091588
0.195592 0.109383 0.033013 1.229976 2.204770 3.219726 2.211208 0.022502 0.014396 0.025398 0.039097 0.505324 1.739816 1.772574 2.751498 1.722949 1.639446 2.521503 1.551364 0.208500 0.159553 0.034555 0.032308 0.022328 0.029838 0.019309 0.027366 0.023567 1.111419 0.065725 0.029594 0.031960 0.067695 0.101140 0.075082 0.050103 0.072914 0.054394 0.039354 0.417810 3.575456 4.605501 1.441074 0.087884 0.115488 0.078316 0.051980 0.055718 0.034508 0.039605 0.051523 0.047309 0.286873 0.320641 0.198421 0.118727 0.115953 0.142781 0.170663
0.147729 0.047731 0.049870 0.215145 2.207154 2.217033 2.192883 1.252915 0.019310 0.026253 0.060429 0.506951 1.710721 1.768025 0.666886 0.698738 1.641969 2.587154 1.650878 0.041741 0.052453 0.049461 0.035500 0.044060 0.031410 0.031914 0.038795 0.033363 0.142451 0.025703 0.017373 0.025703 0.031869 0.074395 0.154227 0.136315 0.205858 0.106974 0.565998 1.471521 3.540163 1.215342 0.037029 0.037849 0.125070 0.136906 0.059761 0.027336 0.024925 0.035377 0.048194 0.043403 1.430443 1.472801 0.282444 0.022041 0.034210 0.095925 0.097755
0.088662 0.084893 0.078398 0.223656 1.063469 1.159517 1.177011 0.139495 0.093655 0.112631 0.106028 0.135641 0.780522 0.832285 0.065148 0.024148 0.473432 1.387202 0.426277 0.044457 0.067848 0.061697 0.079262 0.042015 0.039208 0.033577 0.052376 0.033929 0.136689 0.025703 0.017373 0.025703 0.042762 0.037956 0.126839 0.122216 0.211710 0.487483 2.609032 3.451719 2.636243 0.036782 0.019982 0.069495 0.073479 0.089031 0.094246 0.040490 0.014396 0.054192 0.049981 0.075310 1.343727 1.425747 0.033623 0.028984 0.028511 0.082421 0.064705
0.106758 0.065485 0.062466 0.331868 0.356743 0.244114 0.210681 0.032211 0.046035 0.087512 0.137100 0.135352 0.137050 0.122191 0.076299 0.045328 0.371093 1.261026 0.290916 0.075542 0.053091 0.041422 0.060265 0.069053 0.052039 0.053184 0.035286 0.090368 0.084006 0.069370 0.025596 0.028405 0.043037 0.047094 0.131875 0.127571 0.183497 0.528804 0.496914 1.354519 0.059425 0.040841 0.017966 0.028870 0.083992 0.068537 0.052223 0.053307 0.143775 0.090247 0.099526 0.060182 0.426922 0.592097 0.020561 0.018516 0.023811 0.068946 0.030831
0.079745 0.079903 0.319921 0.431051 0.432559 0.045113 0.035010 0.034218 0.073403 0.056541 0.067100 0.139262 0.160798 0.153790 0.031059 0.033562 0.218357 1.002033 0.164030 0.064698 0.046028 0.083192 0.122182 0.122137 0.069482 0.039803 0.022178 0.058331 0.671274 0.068874 0.130117 0.187672 0.023017 0.057426 0.051033 0.120568 0.087058 0.056801 0.237260 0.101509 0.101617 0.076134 0.021034 0.017966 0.075188 0.054362 0.040581 0.061760 0.116081 0.097862 0.065483 0.068290 0.072107 0.661117 0.074374 0.037361 0.030372 0.054012 0.028954
0.083494 0.088383 0.324951 0.452849 0.421711 0.074897 0.060876 0.028740 0.056023 0.041832 0.057501 0.045602 0.080710 0.072687 0.051964 0.064895 0.172613 1.062998 0.150757 0.049076 0.056345 0.087220 0.120254 0.097123 0.066605 0.050484 0.021827 0.078158 1.584245 0.599003 0.175567 0.199277 0.235563 0.026066 0.084251 0.062660 0.055085 0.055168 0.274120 0.110132 0.107298 0.133310 0.037849 0.063072 0.110009 0.020393 0.031196 0.046835 0.035042 0.035819 0.049477 0.066857 0.084173 1.721375 0.654382 0.096513 0.083504 0.028786 0.044395
0.024162 0.031134 0.295771 0.427889 0.049385 0.080804 0.056846 0.046242 0.045297 0.039391 0.051169 0.047095 0.065896 0.056664 0.040168 0.051705 0.542178 0.821398 0.474595 0.069551 0.072307 0.143862 0.168312 0.063201 0.060588 0.031380 0.033013 2.695880 1.658950 0.566822 0.121855 0.032265 0.043296 0.051690 0.031532 0.039619 0.022759 1.113237 0.117306 0.142512 0.127464 0.165856 0.323432 0.365832 0.115427 0.165642 0.056221 0.019111 0.031111 0.044762 0.036873 0.030738 0.055902 0.562718 0.111610 0.045143 0.032524 0.027367 0.037987
0.044350 0.037514 0.087789 0.089928 0.042016 0.041191 0.032661 0.043664 0.025901 0.053475 0.035315 0.041085 0.036386 0.055489 0.037758 0.048486 0.028861 0.687532 0.590298 0.129937 0.145247 0.174015 0.127357 0.068389 0.079598 0.146538 0.023735 1.767018 0.599697 0.046864 0.045590 0.034446 0.040490 0.027566 0.033013 0.030830 0.082193 0.093437 0.098202 0.043205 0.033485 0.025948 0.061831 0.063911 0.045296 0.066048 0.094354 0.025460 0.046044 0.050361 0.063225 0.118065 0.091194 0.091804 0.072753 0.085411 0.031320 0.050940 0.065320
0.044578 0.069572 0.061242 0.056981 0.032081 0.027565 0.028923 0.017373 0.034782 0.026558 0.029335 0.024193 0.031197 0.022775 0.030220 0.034294 0.042255 1.569148 1.591476 0.462682 0.143757 0.123653 0.114460 0.150799 0.182256 0.258970 0.473789 0.581345 0.067719 0.044441 0.043937 0.025536 0.023705 0.027886 0.046749 0.069275 0.624303 0.508167 0.035698 0.042045 0.037712 0.032785 0.038749 0.029289 0.056221 0.045846 0.049554 0.017373 0.025703 0.040276 0.042102 0.147637 0.014396 0.027551 0.076485 0.089287 0.083915 0.063205 0.065331
0.049750 0.097996 0.037926 0.025399 0.037353 0.027324 0.028923 0.017373 0.027488 0.066002 0.023949 0.023155 0.029274 0.033561 0.042397 0.062507 0.524472 1.821003 2.748654 1.724543 0.660712 0.135359 0.119370 0.140975 0.168053 0.128845 0.050475 0.097959 0.087550 0.031303 0.025536 0.035712 0.025536 0.039344 0.051182 0.653127 0.658733 0.512090 0.039147 0.032387 0.024681 0.030617 0.029198 0.019815 0.020989 0.045204 0.062736 0.017373 0.025703 0.030906 0.057949 0.106743 0.076394 0.040718 0.075539 0.062538 0.048807 0.062370 0.131752
0.050407 0.132134 0.038033 0.022606 0.095261 0.040124 0.029564 0.025810 0.056449 0.062386 0.044442 0.038048 0.032187 0.033424 0.056953 0.064752 0.574466 0.818584 1.696545 2.736959 0.722499 0.135485 0.151609 0.117506 0.092093 0.071870 0.049362 0.074455 0.031910 0.039390 0.023705 0.025536 0.053048 0.042168 0.678425 0.693854 0.590117 0.044808 0.034141 0.042610 0.024498 0.030006 0.025276 0.040779 0.034782 0.106423 0.033745 0.027397 0.038796 0.045552 0.052520 0.062248 0.137703 0.133463 0.032876 0.065560 0.053642 0.295632 0.284129
