use_cases/Flooding_chicago/flooding_data/output/h_780.asc
ncols 337
nrows 393
xllcorner 428428.000000
yllcorner 4602440.000000
cellsize 26.757400
NODATA_value -9999.000000
[rows 162 to 188 of 393, columns 236 to 294 of 337]
1.668431 1.664155 1.673437 1.662086 1.646093 0.033500 0.047294 0.021340 0.205832 2.288721 3.305069 2.305051 2.305153 2.297774 1.296067 0.225626 0.024731 0.023613 0.026634 0.019188 0.062428 0.043859 0.849163 0.843722 0.100578 0.129406 0.103966 0.124397 0.032966 0.019677 0.057283 0.577903 0.598276 0.571480 0.050261 0.044278 0.027046 0.036690 0.037438 0.106468 0.092293 0.051950 -9999.000000 -9999.000000 -9999.000000 -9999.000000 -9999.000000 -9999.000000 -9999.000000 -9999.000000 -9999.000000 -9999.000000 -9999.000000 -9999.000000 -9999.000000 -9999.000000 -9999.000000 -9999.000000 -9999.000000
1.679987 1.677288 1.687435 1.674844 1.670159 0.134356 0.191654 0.021522 0.218537 2.280788 4.309825 4.311513 2.310341 1.290092 1.297848 0.025810 0.030358 0.077720 0.875772 1.931340 0.911825 0.910899 0.899135 0.048783 0.021567 0.027413 0.032721 0.047798 0.027244 0.028893 0.035128 0.048655 0.592234 0.576095 0.056054 0.036091 0.058154 0.093880 0.022163 0.120919 0.084450 0.119618 -9999.000000 -9999.000000 -9999.000000 -9999.000000 -9999.000000 -9999.000000 -9999.000000 -9999.000000 -9999.000000 -9999.000000 -9999.000000 -9999.000000 -9999.000000 -9999.000000 -9999.000000 -9999.000000 -9999.000000
1.694382 1.691989 1.700485 2.688526 1.637400 0.195275 0.245964 0.243219 0.252527 2.288868 4.316413 4.295527 2.292141 0.282800 0.222271 0.031135 0.031333 0.089002 1.886174 2.923278 1.923645 1.915161 0.832213 0.064923 0.083163 0.079524 0.043388 0.027846 0.038521 0.027106 0.039690 0.026406 0.038336 0.537967 0.540318 0.536894 0.544896 0.080179 0.109711 0.112907 0.081888 0.119240 -9999.000000 -9999.000000 -9999.000000 -9999.000000 -9999.000000 -9999.000000 -9999.000000 -9999.000000 -9999.000000 -9999.000000 -9999.000000 -9999.000000 -9999.000000 -9999.000000 -9999.000000 -9999.000000 -9999.000000
1.673415 0.658757 1.663309 1.631724 0.680575 0.055633 0.281843 0.301346 0.275980 0.298517 2.335790 2.301961 1.292156 0.302331 0.019753 0.029457 0.025750 0.076385 0.648530 1.878919 1.881924 1.868266 0.852510 0.853711 0.077614 0.074804 0.052055 0.032189 0.033272 0.053856 0.178840 0.019021 0.044802 0.487457 1.563266 1.563347 0.082431 0.080300 0.111107 0.115700 0.094779 0.053140 0.063881 -9999.000000 -9999.000000 -9999.000000 -9999.000000 -9999.000000 -9999.000000 -9999.000000 -9999.000000 -9999.000000 -9999.000000 -9999.000000 -9999.000000 -9999.000000 -9999.000000 -9999.000000 -9999.000000
0.510334 0.582390 0.493541 0.459366 0.092252 0.127764 0.109173 0.094783 0.069244 0.243959 0.243011 0.308849 1.239227 0.427428 0.563410 0.572024 0.539133 0.028008 0.028093 0.081753 0.081798 0.089531 0.131299 0.094280 0.036262 0.031289 0.024224 0.030709 0.026618 0.044416 0.106660 0.124321 0.014396 0.034568 0.527133 0.514179 0.028694 0.024544 0.030098 0.025473 0.097786 0.066827 0.056483 -9999.000000 -9999.000000 -9999.000000 -9999.000000 -9999.000000 -9999.000000 -9999.000000 -9999.000000 -9999.000000 -9999.000000 -9999.000000 -9999.000000 -9999.000000 -9999.000000 -9999.000000 -9999.000000
0.120368 0.196450 0.238324 0.280613 0.150658 0.181320 0.160234 0.113951 0.093461 0.065220 0.039810 0.317718 0.330827 0.485565 0.560888 0.549481 0.037115 0.023018 0.023659 0.046562 0.039680 0.052511 0.168247 0.148255 0.025536 0.018181 0.022164 0.058404 0.045647 0.037438 0.276667 0.061071 0.062846 0.053285 0.037258 0.426323 0.028771 0.024772 0.030891 0.030144 0.024147 0.022438 0.029031 -9999.000000 -9999.000000 -9999.000000 -9999.000000 -9999.000000 -9999.000000 -9999.000000 -9999.000000 -9999.000000 -9999.000000 -9999.000000 -9999.000000 -9999.000000 -9999.000000 -9999.000000 -9999.000000
0.122307 0.177466 0.192898 0.210351 0.241909 0.238229 0.204192 0.040139 0.046715 0.046395 0.041039 0.060017 0.035049 0.582125 0.602864 0.582855 0.048399 0.023781 0.028114 0.023033 0.068184 0.045419 0.097252 0.033394 0.023828 0.025456 0.051338 0.058602 0.076662 0.021994 0.224131 0.206551 0.043880 0.047548 0.030853 0.300808 0.033317 0.043512 0.052467 0.053978 0.031090 0.018227 0.027870 -9999.000000 -9999.000000 -9999.000000 -9999.000000 -9999.000000 -9999.000000 -9999.000000 -9999.000000 -9999.000000 -9999.000000 -9999.000000 -9999.000000 -9999.000000 -9999.000000 -9999.000000 -9999.000000
0.061878 0.281147 0.283644 0.301218 0.310883 0.285487 0.060997 0.043708 0.049416 0.047998 0.038189 0.043571 0.037589 0.610508 0.629579 0.610264 0.040700 0.073184 0.086019 0.018348 0.079399 0.070106 0.052392 0.049721 0.034157 0.194471 1.162332 0.201750 0.048271 0.035226 0.155494 0.147349 0.029612 0.030051 0.036907 0.249195 0.137939 0.034478 0.046645 0.052421 0.036995 0.028007 0.032219 0.025902 -9999.000000 -9999.000000 -9999.000000 -9999.000000 -9999.000000 -9999.000000 -9999.000000 -9999.000000 -9999.000000 -9999.000000 -9999.000000 -9999.000000 -9999.000000 -9999.000000 -9999.000000
0.101852 0.324441 0.325350 1.373191 0.287738 0.235403 0.092553 0.062553 0.028907 0.027596 0.062908 0.057000 0.632948 0.631270 0.667853 0.669090 0.724255 0.697555 0.057672 0.040291 0.074411 0.072082 0.059045 0.037590 0.261318 1.296731 2.302279 1.301565 0.039468 0.031624 0.163597 0.130266 0.072260 0.043264 0.084507 0.130311 0.215695 0.191389 0.063017 0.078366 0.043177 0.029533 0.023116 0.079446 -9999.000000 -9999.000000 -9999.000000 -9999.000000 -9999.000000 -9999.000000 -9999.000000 -9999.000000 -9999.000000 -9999.000000 -9999.000000 -9999.000000 -9999.000000 -9999.000000 -9999.000000
0.129087 0.334889 1.336311 1.341621 0.042748 0.047553 0.082954 0.048363 0.042410 0.038185 0.070774 0.068473 0.572180 1.668436 0.697823 0.687592 0.704430 0.726772 0.645686 0.125847 0.014396 0.068551 0.042366 0.332603 0.326029 1.294444 2.317443 1.317818 0.243938 0.126342 0.124944 0.148344 0.087190 0.061929 0.063337 0.248539 2.267754 2.287109 2.286353 1.197995 0.057044 0.054610 0.023568 0.073678 0.041527 -9999.000000 -9999.000000 -9999.000000 -9999.000000 -9999.000000 -9999.000000 -9999.000000 -9999.000000 -9999.000000 -9999.000000 -9999.000000 -9999.000000 -9999.000000 -9999.000000
0.151139 0.318707 1.284473 0.050802 0.024544 0.027413 0.104838 0.044167 0.062110 0.046730 0.046045 0.042275 0.080447 1.563121 1.584846 0.606628 0.037677 0.695738 0.637310 0.138179 0.060311 0.059853 0.356183 0.334569 0.322266 0.279331 0.256943 0.256510 0.014396 0.084845 0.166937 0.266976 1.310287 1.342508 1.308340 1.314928 4.304786 4.304339 3.309194 2.314909 0.210796 0.048693 0.065983 0.028587 0.025825 0.039177 -9999.000000 -9999.000000 -9999.000000 -9999.000000 -9999.000000 -9999.000000 -9999.000000 -9999.000000 -9999.000000 -9999.000000 -9999.000000 -9999.000000 -9999.000000
0.171341 0.108752 0.080942 0.028027 0.014396 0.023384 0.052620 0.074425 0.082085 0.017372 0.020134 0.068306 0.103818 0.141145 0.116473 0.135521 0.048227 0.115776 0.043908 0.066354 0.034355 0.031471 0.085046 0.017967 0.021034 0.021263 0.143400 0.155261 0.081523 0.056191 0.156164 1.372432 0.461237 0.424162 1.298041 2.333896 3.317731 3.320265 2.304815 1.355859 0.235272 0.056963 0.049720 0.026116 0.017967 0.030144 -9999.000000 -9999.000000 -9999.000000 -9999.000000 -9999.000000 -9999.000000 -9999.000000 -9999.000000 -9999.000000 -9999.000000 -9999.000000 -9999.000000 -9999.000000
0.052171 0.032783 0.045314 0.020992 0.035245 0.018441 0.057136 0.071281 0.081489 0.017372 0.049385 0.117638 0.123024 0.078345 0.065498 0.085213 0.078606 0.055184 0.052940 0.053734 0.059961 0.048042 0.108713 0.074135 0.017967 0.047938 0.223226 0.250551 0.174313 0.278441 0.197904 0.358456 0.435619 0.037048 0.252642 1.327798 2.297474 2.308668 1.318113 0.300467 0.260238 0.203078 0.044884 0.026954 0.021034 0.017967 0.020378 0.028802 -9999.000000 -9999.000000 -9999.000000 -9999.000000 -9999.000000 -9999.000000 -9999.000000 -9999.000000 -9999.000000 -9999.000000 -9999.000000
0.025552 0.034492 0.025552 0.039031 0.519799 0.577451 0.063782 0.045402 0.070046 0.059068 0.058299 0.157234 0.187345 0.029670 0.028451 0.138330 0.125465 0.023781 0.023078 0.073067 0.072045 0.065026 0.036980 0.159476 0.020378 0.051352 0.174107 1.240616 0.225704 0.134897 0.107134 0.058258 0.072000 0.066942 0.049540 0.267805 1.299013 1.292872 1.305408 0.297128 0.281124 1.280083 0.169298 0.044823 0.026954 0.026116 0.032494 0.032875 -9999.000000 -9999.000000 -9999.000000 -9999.000000 -9999.000000 -9999.000000 -9999.000000 -9999.000000 -9999.000000 -9999.000000 -9999.000000
0.024635 0.014396 0.024635 0.507273 1.665902 1.653669 0.482292 0.075623 0.066536 0.020378 0.045252 0.191788 0.029884 0.046639 0.041114 0.166619 0.025200 0.028633 0.023949 0.061852 0.069674 0.017372 0.037575 0.142937 0.114963 0.069629 0.199251 1.253904 0.246188 0.217520 0.019753 0.053982 0.035221 0.040068 0.067454 0.046192 0.252318 1.288679 1.297211 0.290559 0.278209 1.282531 0.216824 0.030480 0.036842 0.030693 0.040181 0.245062 0.014396 -9999.000000 -9999.000000 -9999.000000 -9999.000000 -9999.000000 -9999.000000 -9999.000000 -9999.000000 -9999.000000 -9999.000000
0.155604 0.030528 0.040914 0.539325 1.700587 1.630103 0.482948 0.074943 0.027336 0.031182 0.043860 0.178444 0.031792 0.052712 0.022591 0.022591 0.029788 0.034082 0.085425 0.084745 0.038537 0.017372 0.038399 0.105964 0.101678 0.057760 0.225499 1.261645 2.263818 0.206716 0.029456 0.031105 0.025765 0.042932 0.039859 0.052333 0.226468 1.280676 1.296710 1.291724 1.283513 1.289529 0.258108 0.250949 0.239951 1.233385 1.223079 1.257135 0.207900 0.014396 -9999.000000 -9999.000000 -9999.000000 -9999.000000 -9999.000000 -9999.000000 -9999.000000 -9999.000000 -9999.000000
2.224101 1.216433 1.074571 0.373133 0.032403 0.465956 0.458551 0.039651 0.035704 0.035744 0.035820 0.107730 0.100376 0.033944 0.022591 0.022591 0.042100 0.398389 1.552678 0.378013 0.100673 0.046318 0.039773 0.057777 0.239439 0.268899 0.255781 2.246426 3.251704 0.209852 0.025734 0.031259 0.030143 0.023643 0.034834 0.058110 0.258522 1.263138 1.269210 1.282445 1.280230 1.289066 0.245954 1.317442 1.349329 2.308701 2.326109 1.275187 0.193799 0.164668 0.082502 -9999.000000 -9999.000000 -9999.000000 -9999.000000 -9999.000000 -9999.000000 -9999.000000 -9999.000000
2.250512 1.241952 1.100383 0.366739 0.055737 0.082730 0.082662 0.058204 0.041360 0.039498 0.043404 0.135520 0.121523 0.050698 0.027794 0.027794 0.433331 2.578837 2.586355 0.413380 0.032723 0.053810 0.041358 0.262370 0.246743 0.255642 1.235248 2.249825 2.262818 1.238774 1.246997 0.216081 0.208819 0.018470 0.054626 0.077022 1.433572 0.348638 0.326236 0.023735 0.201759 0.203378 0.020683 0.322236 1.356733 1.353676 1.357320 0.253828 0.031970 0.043198 0.037202 -9999.000000 -9999.000000 -9999.000000 -9999.000000 -9999.000000 -9999.000000 -9999.000000 -9999.000000
2.243242 1.240027 0.149688 0.027138 0.039864 0.055413 0.058708 0.033136 0.055030 0.046389 0.118024 0.593478 0.625158 0.034721 0.049156 0.041130 1.600036 3.591315 2.586757 0.393751 0.036995 0.018028 0.038674 0.037300 0.216245 0.250142 1.239455 0.249838 0.247372 1.235211 1.241431 2.241775 1.242775 0.174037 0.099062 0.053532 1.248388 0.295587 0.023933 0.028572 0.024420 0.026925 0.019264 0.348808 1.376015 0.339753 0.025338 0.032342 0.025338 0.067697 0.067473 0.014396 -9999.000000 -9999.000000 -9999.000000 -9999.000000 -9999.000000 -9999.000000 -9999.000000
2.230173 2.222246 0.122907 0.024895 0.014396 0.085961 0.072700 0.037086 0.023566 0.022942 0.031502 0.070640 0.677718 0.081319 0.036445 0.033791 0.601683 1.573824 1.585351 0.421889 0.039085 0.021003 0.037072 0.041404 0.026849 0.221568 1.240749 0.248148 0.247412 1.242177 1.251190 1.245596 1.245903 0.177254 0.014396 0.109883 0.553968 0.203338 0.023064 0.023766 0.351848 0.019096 0.124015 1.421790 1.405186 0.354574 0.026634 0.039206 0.026634 0.060340 0.060284 -9999.000000 -9999.000000 -9999.000000 -9999.000000 -9999.000000 -9999.000000 -9999.000000 -9999.000000
1.175940 1.186661 1.033614 0.042312 0.037682 0.057976 0.053245 0.031289 0.027366 0.023507 0.022652 0.019524 0.572734 1.676708 0.741427 0.048950 0.571691 0.546161 0.494323 0.044138 0.039544 0.018028 0.028417 0.269703 0.300041 0.266461 1.227125 1.232422 1.236298 0.211410 0.206674 0.191871 0.181651 0.155424 0.091780 0.067406 0.248805 1.444150 1.475753 0.398798 0.350915 0.315102 0.205007 1.359287 1.358889 0.276561 0.101943 0.030433 1.081474 1.034578 2.096276 0.043900 -9999.000000 -9999.000000 -9999.000000 -9999.000000 -9999.000000 -9999.000000 -9999.000000
0.042152 0.122943 1.927318 0.084729 0.042867 0.076851 0.074943 0.034172 0.019310 0.031287 0.036261 0.046536 1.690652 1.726429 0.728980 0.670628 0.640509 0.053312 0.059341 0.078109 0.027046 0.025993 0.299214 0.296469 0.290523 0.270205 1.227552 1.234552 1.240855 0.192161 0.186352 0.019601 0.028587 0.026466 0.072822 0.060800 0.274919 1.426046 1.455725 1.450602 0.358459 0.324933 0.216834 0.127423 0.094899 0.086124 0.099044 0.030891 1.048162 1.025810 2.053963 0.062285 -9999.000000 -9999.000000 -9999.000000 -9999.000000 -9999.000000 -9999.000000 -9999.000000
0.048104 0.057647 0.915667 0.748262 0.824489 0.051063 0.059395 0.055762 0.026695 0.030679 0.055112 1.672774 1.695520 0.677700 0.044685 0.066963 0.072703 0.087101 0.026406 0.024101 0.038735 0.035728 0.288351 0.315195 0.295782 0.276854 1.217632 1.231941 0.182652 0.133484 0.116683 0.083507 0.026421 0.036141 0.025673 0.053787 0.285796 1.433272 1.456725 1.444578 0.364634 0.365425 0.026298 0.026099 0.064937 0.065560 0.027275 0.027275 0.077853 0.967454 0.910798 0.095330 0.023293 -9999.000000 -9999.000000 -9999.000000 -9999.000000 -9999.000000 -9999.000000
0.048027 0.053275 0.051582 0.700665 0.801327 0.520920 0.362381 1.008603 0.036026 0.046746 1.698939 2.711264 1.702645 0.623024 0.033901 0.026039 0.034249 0.035271 0.038963 0.026642 0.354986 0.398999 0.294734 1.302293 0.284258 0.269968 0.208885 0.185270 0.133557 0.234895 0.174842 0.111956 0.104262 0.025673 0.023765 0.055883 0.299584 1.431176 1.465623 1.436341 0.321405 0.042680 0.018913 0.025826 0.065619 0.066644 0.028914 0.028914 0.065010 0.048588 0.049580 0.054847 0.024024 -9999.000000 -9999.000000 -9999.000000 -9999.000000 -9999.000000 -9999.000000
0.071206 0.049949 0.041313 0.045403 0.040412 0.425452 0.345129 0.935626 0.891438 0.777673 1.689688 2.693788 2.737138 1.712057 0.653218 0.026908 0.038933 0.034370 0.028541 0.038558 0.347430 0.326541 0.021386 0.184877 0.215793 0.226178 0.051110 0.042885 0.088400 1.046683 1.036106 1.071543 1.102904 0.058230 0.069448 0.068907 0.041545 0.485972 1.488241 0.478006 0.039850 0.075377 0.028024 0.014396 0.026817 0.027427 0.017372 0.017372 0.072701 0.025276 0.033043 0.034249 0.028907 0.038628 0.046685 -9999.000000 -9999.000000 -9999.000000 -9999.000000
0.090523 0.056801 0.044121 0.047671 0.048540 0.036277 0.027230 0.102753 0.084798 0.745106 0.671312 1.680727 1.694635 1.697664 0.576391 0.037825 0.022073 0.047397 0.277976 0.226130 0.127796 0.029639 0.019982 0.046054 0.033059 0.066856 0.099327 0.075691 0.041847 1.144858 2.138618 2.114633 2.156451 2.125301 2.130578 0.090494 0.062472 0.518127 1.500730 0.515284 0.516383 0.124080 0.228432 0.282424 0.034049 0.048684 0.028286 0.037026 0.030266 0.024590 0.014396 0.038826 0.041085 0.029334 0.054192 0.070168 -9999.000000 -9999.000000 -9999.000000
0.081995 0.106087 0.123238 1.493860 1.506397 0.026498 0.028786 0.019646 0.162641 0.147942 0.084890 0.050955 0.550880 0.608288 0.519608 0.426512 0.408731 1.471259 2.463125 1.354487 0.034468 0.020303 0.017967 0.032372 0.039405 0.047616 0.161431 0.017372 0.017372 0.057402 1.003098 2.065684 2.084368 2.095210 1.002214 0.126508 0.091026 0.527056 1.495230 1.499444 0.458306 0.083777 0.020820 0.274131 0.307702 0.340646 0.350016 0.283634 0.037223 0.039864 0.019310 0.068138 0.028541 0.033577 0.040718 0.062793 0.070792 0.060784 0.028496
