use_cases/Flooding_chicago/flooding_data/output/h_780.asc
ncols 337
nrows 393
xllcorner 428428.000000
yllcorner 4602440.000000
cellsize 26.757400
NODATA_value -9999.000000
[rows 135 to 161 of 393, columns 118 to 176 of 337]
0.150300 0.123370 0.071489 0.055094 0.138110 0.086338 0.732841 0.719245 0.735307 0.751986 0.751496 1.767016 3.783593 3.781319 3.776448 1.769102 1.790513 1.783127 1.790620 1.755654 0.631269 0.216130 0.017372 0.017372 0.514968 0.502244 0.509235 0.431615 0.057019 0.014396 0.047082 0.034235 0.063239 0.045304 0.699735 0.645856 0.114730 0.056968 0.078087 0.086345 0.055503 0.064034 0.134682 0.125574 0.051597 0.053841 0.033334 0.034553 0.047753 0.038658 0.031518 0.038139 0.030424 0.037209 0.043647 0.051138 0.064783 0.075538 0.059243
0.158734 0.131109 0.161896 0.300676 0.217986 0.729057 0.743563 1.726475 1.753117 1.755578 1.748035 1.767789 1.756261 1.750825 1.747079 1.769296 0.691381 0.681812 1.777554 1.750819 0.681500 0.314332 0.462177 0.499819 0.514653 0.501412 0.034789 0.042950 0.023277 0.026507 0.105556 0.096057 0.742566 1.838746 1.796684 0.694276 0.109015 0.059303 0.080634 0.070764 0.095015 0.092903 0.194266 0.184397 0.067345 0.038644 0.037147 0.025994 0.084692 0.041909 0.044348 0.029961 0.039329 0.047111 0.044931 0.053764 0.071831 0.102720 0.076535
0.105304 0.264645 0.228423 0.096052 0.214248 0.693383 0.754762 1.729996 1.750554 0.759925 0.744862 0.757182 1.758354 1.753422 1.759658 0.736447 0.044733 0.034789 0.701513 0.726418 0.673570 0.309219 1.530560 1.504203 0.519123 0.036202 0.052179 0.018151 0.022011 0.038387 0.720359 1.820655 1.838740 1.852710 1.823878 0.691961 0.082914 0.044290 0.053473 0.043708 0.081535 0.079256 0.987915 1.001959 0.047174 0.046211 0.038154 0.023262 0.109247 0.035911 0.028497 0.049521 0.038215 0.050696 0.051893 0.058525 0.508277 0.555907 0.047313
0.208427 0.326944 0.239544 0.412402 0.292360 0.734324 0.751751 1.718051 1.739735 0.760854 0.742078 0.749164 0.741934 1.757008 0.712636 1.707742 0.025689 0.027381 0.055047 0.695392 0.058628 0.025124 1.518445 1.470754 0.541733 0.045820 0.050383 0.038534 0.795543 0.769032 0.784579 1.860296 1.847249 1.852494 1.820985 0.702340 0.066093 0.024116 0.067742 0.060492 0.046974 0.068062 1.112020 1.117532 1.109792 0.072922 0.056163 0.045433 0.088019 0.068503 0.027808 0.047998 0.046759 0.034416 0.047538 0.392242 1.672437 1.729439 0.558667
0.198093 0.098075 0.188799 0.399261 0.324705 0.688078 0.734872 0.722836 0.757494 1.827648 1.805569 0.772503 0.059107 0.038028 0.679292 1.710392 0.033134 0.040932 0.030480 0.107265 0.032000 0.048236 0.037160 0.632391 0.635367 0.673107 1.683945 1.689974 1.680117 0.757247 0.768640 1.847863 1.836026 1.820047 1.810732 0.042116 0.064109 0.037585 0.247511 0.204216 0.166625 0.080103 1.102690 2.099386 2.104684 1.088894 0.082477 0.045447 0.068031 0.075383 0.253783 0.286683 0.246453 0.029430 0.134210 0.063201 1.642253 1.714996 0.555226
0.132760 0.083496 0.223414 0.442864 0.389000 0.240742 0.703177 0.699625 0.745570 1.785502 1.780509 0.757675 0.061400 0.033039 0.675210 0.671761 0.027901 0.036552 0.042519 0.037041 0.041216 0.059703 0.056003 0.625606 0.657496 1.700936 2.674287 1.702953 1.708615 0.727917 0.721026 0.722270 0.038202 0.658581 1.752906 0.041438 0.053222 0.308585 0.299790 1.293509 0.182926 0.211803 1.990515 4.102235 3.108361 2.102575 1.100667 0.080857 0.069729 0.496897 1.289281 1.421681 1.385658 1.382656 0.237791 0.704720 0.571440 0.559310 0.567011
0.548500 0.549970 0.400427 0.273427 0.195613 0.120193 0.119462 0.607666 1.775247 1.796520 1.771603 0.752663 0.079889 0.613882 1.663053 0.663288 0.652619 0.062986 0.027734 0.026482 0.283663 0.061743 0.084607 0.065604 1.629514 1.661402 2.672365 2.665025 0.536940 0.078089 0.091071 0.072726 0.027273 0.035948 0.103315 0.026100 0.040642 0.039070 0.195072 0.200748 0.138516 1.989458 4.049895 5.062962 4.058011 2.051749 2.049292 0.939155 0.788001 0.607597 0.515657 0.484511 2.364881 2.412540 0.259049 0.330717 0.253793 0.158413 0.443713
1.599553 0.551420 1.450941 0.345860 0.255869 0.164242 0.180358 0.576137 1.718701 1.716256 0.673283 0.084503 0.094925 0.614127 2.668444 2.649501 1.650021 0.625262 0.223425 0.241359 0.257331 0.068865 0.087626 0.094420 0.088408 0.600228 1.685517 0.497630 0.057014 0.062621 0.082023 0.043663 0.034843 0.027444 0.068641 0.032189 0.027658 0.036660 0.045754 0.056512 0.096140 0.879266 2.979953 4.020792 2.024289 0.974610 0.970193 0.932640 0.064399 0.028360 0.029502 0.045447 1.381987 2.427911 0.309172 0.217614 0.175648 0.123793 0.117860
0.503709 0.497136 0.415607 0.301299 0.199682 0.134276 0.066656 0.103005 0.763065 0.873913 0.145740 0.138046 0.121075 0.582606 1.613451 1.617968 0.531769 0.122854 0.214710 1.285012 0.189637 0.061582 0.044900 0.058098 0.076156 0.095874 0.133965 0.135552 0.045557 0.056877 0.065927 0.040764 0.027642 0.038262 0.041970 0.036552 0.021644 0.034935 0.040565 0.069877 0.060128 0.069994 0.151068 0.194161 0.214703 0.297316 0.180020 0.130848 0.034483 0.023719 0.046993 0.056863 0.285541 1.405859 0.345823 0.295661 0.254202 0.206151 0.121078
0.122645 0.108204 0.071649 0.161536 0.447390 0.506185 0.033914 0.024471 0.018920 1.159112 1.247700 0.195574 0.160562 0.582413 0.535575 0.042823 0.065007 0.101840 0.024589 0.257769 0.039665 0.032251 0.054038 0.060479 0.063562 0.085153 0.144050 0.130868 0.062858 0.054740 0.070168 0.039926 0.030144 0.048607 0.056311 0.043860 0.070809 0.055551 0.050087 0.062645 0.041878 0.044168 0.041754 0.084162 0.081254 0.447889 0.043158 0.035607 0.019310 0.045739 0.057731 0.070152 0.248550 1.398193 0.364067 0.325790 0.289863 0.248789 0.167859
0.063896 0.143564 0.111134 0.141954 0.336933 1.417696 0.394146 0.349990 0.307367 2.285692 2.320179 1.297758 1.302730 0.163426 0.126142 0.040137 0.059103 0.056159 0.031074 0.021004 0.033699 0.017967 0.041908 0.036933 0.057320 0.036704 0.176601 0.156609 0.040505 0.035181 0.048042 0.066307 0.088554 0.036751 0.060367 0.048897 0.065452 0.054619 0.057044 0.033667 0.034691 0.051750 0.068308 0.138414 0.133493 0.476494 0.078424 0.051692 0.027366 0.023507 0.037296 0.037713 0.049782 1.403920 0.375657 0.342878 0.312494 0.281156 0.210598
0.124862 0.097856 0.124277 0.108662 1.377693 1.430029 1.402812 1.373682 2.313856 2.300237 2.316167 2.319826 2.335768 0.201196 0.034043 0.025612 0.033364 0.036984 0.046165 0.057792 0.028343 0.021034 0.017967 0.065774 0.020088 0.038719 0.082634 0.082817 0.031838 0.049965 0.053993 0.051979 0.059303 0.057869 0.022591 0.022591 0.050210 0.040091 0.066474 0.059349 0.071068 0.057823 0.106864 0.071359 0.152473 0.123344 0.139720 0.061485 0.023566 0.022942 0.052894 0.031836 0.049111 0.341174 0.375447 0.347877 0.324010 0.318208 0.035809
0.184994 0.147900 0.148350 0.107205 1.365666 1.422537 1.387067 1.354076 2.252003 2.244893 2.250361 2.281765 2.283913 1.224517 0.042690 0.024940 0.031105 0.027183 0.786443 0.781105 0.797277 0.034904 0.047029 0.039452 0.030480 0.030754 0.067680 0.082406 0.035285 0.045693 0.034675 0.054756 0.096442 0.099146 0.022591 0.022591 0.033836 0.046150 0.061243 0.052437 0.477477 0.039986 0.031533 0.088066 0.072143 0.073432 0.085441 0.093286 0.091484 0.057595 0.043983 0.029748 0.085832 0.047585 0.071048 0.051600 0.033852 0.038789 0.051124
0.308398 0.192394 0.139103 0.086882 1.365474 1.429314 1.401253 1.364654 1.351584 1.318536 1.325376 1.338786 1.339890 1.155793 0.559225 0.457647 0.624698 0.653736 0.761312 0.766919 0.762054 0.053361 0.067081 0.046408 0.030738 0.049732 0.049477 0.052194 0.026544 0.029045 0.059395 0.048470 0.090413 0.098808 0.028571 0.037047 0.033577 0.035651 0.100258 0.456578 0.494583 0.032342 0.046195 0.042885 0.052437 0.043587 0.128885 0.107949 0.084084 0.174486 0.160591 0.163840 0.118421 0.058409 0.096420 0.062444 0.179038 0.029305 0.038490
1.405300 0.190767 0.263864 0.306243 1.373116 1.448230 1.409004 0.342343 0.304479 0.270969 0.290604 1.306821 0.279043 0.192270 0.030952 0.018273 0.657595 0.655231 0.033104 0.032969 0.806579 0.853938 0.730043 0.046059 0.043410 0.053003 0.020500 0.060417 0.048760 0.043725 0.035896 0.061210 0.140724 0.120862 0.071931 0.031883 0.045296 0.039405 0.033607 0.467569 0.464302 0.404426 0.040795 0.017372 0.081917 0.077217 0.067437 0.017372 0.025704 0.165197 1.200442 1.217225 0.128257 0.174325 0.099562 0.057226 0.115299 0.637366 0.060124
0.259838 0.352788 0.701279 1.231042 2.383986 1.509938 0.048585 0.063699 0.058237 0.043984 0.289259 0.292358 0.290983 0.030205 0.047309 0.022683 0.025002 0.031375 0.055428 0.014396 0.109385 0.139321 0.147704 0.150049 0.060463 0.020103 0.031533 0.038674 0.066570 0.061027 0.049460 0.043587 0.097236 0.106541 0.254532 0.261017 0.037482 0.039117 0.028450 0.034355 1.466311 0.338482 0.043415 0.017372 0.089074 0.087428 0.085778 0.017372 0.025704 0.141169 0.177930 0.141939 0.085308 0.113715 0.164408 0.103647 0.566669 0.609298 0.579578
0.019310 0.798428 0.419005 0.365000 0.312861 0.322732 0.075898 0.098587 0.086971 0.073497 0.044055 0.299954 0.019966 0.030067 0.029471 0.361259 0.040367 0.069268 0.064194 0.100404 0.014396 0.215034 0.184184 0.063134 0.077660 0.054040 0.018028 0.091167 0.087334 0.110892 0.096626 0.030054 0.076574 0.275200 1.370731 1.396426 0.044458 0.069312 0.073372 0.047753 0.384583 0.332289 0.046531 0.068735 0.077995 0.079002 0.070778 0.039177 0.039682 0.118166 0.139026 0.031772 0.018943 0.083953 0.095989 0.450362 1.590165 1.624234 0.590584
0.207415 1.058606 0.073444 0.046658 0.072570 0.068337 0.088029 0.101070 0.032358 0.028820 0.058770 0.028193 0.418288 0.393879 0.371549 1.386898 1.386725 0.314814 0.061608 0.115776 0.158444 0.196938 0.065515 0.079311 0.037849 0.028892 0.021003 0.034924 0.059072 0.156265 0.152650 0.137374 0.211606 0.322067 1.390902 1.394459 0.282132 0.058693 0.064385 0.045143 0.297321 0.250379 0.034158 0.049171 0.056131 0.063882 0.050926 0.053323 0.348657 0.387045 0.064034 0.018943 0.014396 0.024300 0.062403 0.438064 1.580999 1.623441 0.543421
0.913506 0.908778 0.029964 0.044020 0.035134 0.072086 0.049052 0.045926 0.054965 0.041160 0.054148 0.442612 0.444042 1.414454 1.419070 1.410365 1.399031 0.302269 0.118830 0.091256 0.134692 0.056724 0.084571 0.048179 0.060523 0.035531 0.018028 0.029930 0.058127 0.114281 0.475543 0.488070 0.123933 0.017372 1.411057 1.417981 1.408453 0.038705 0.050758 0.033837 0.154347 0.315589 0.210413 0.167711 0.058107 0.036019 0.032738 0.324572 2.484426 2.475995 0.380695 0.032327 0.021004 0.025963 0.061550 0.436524 1.572515 1.608835 0.533089
0.417091 0.431165 0.046488 0.081037 0.072707 0.065306 0.022591 0.022591 0.066409 0.046035 0.052717 0.427451 0.436507 1.421940 0.386290 0.362589 0.355705 0.300130 0.084374 0.067711 0.118018 0.060815 0.095005 0.060127 0.064675 0.035805 0.038445 0.045739 0.044425 0.086048 0.474133 0.491386 0.065957 0.017372 0.329342 0.364906 0.376650 0.349087 0.025963 0.040653 0.143979 0.910636 1.978943 1.993254 1.040134 0.026924 0.068763 1.444020 2.480178 2.476304 1.476315 0.383510 0.019571 0.084598 0.065682 0.348015 0.428511 0.044772 0.038836
0.039625 0.027572 0.075036 2.148028 2.141292 1.138033 0.022591 0.022591 0.064804 0.038446 0.039377 0.440262 0.409245 0.362824 0.296876 0.294124 0.294164 0.270802 0.063499 0.113554 0.088218 0.123085 0.074384 0.061746 0.035728 0.034189 0.034294 0.048379 0.028940 0.032341 0.347492 0.436881 0.342726 0.292551 0.152989 0.014396 0.371890 0.334735 0.198114 0.338731 0.925222 1.081827 3.070204 3.092784 2.083717 1.018556 0.042873 1.445784 2.476469 2.474033 1.469683 0.417991 0.039491 0.035801 0.027278 0.049649 0.054799 0.061734 0.046502
0.014396 0.029855 1.087496 2.114661 2.114824 1.130785 0.087507 0.058552 0.052027 0.244663 0.626794 0.635584 0.014396 0.264790 0.967343 1.107432 0.194677 0.170132 0.129265 0.120066 0.076652 0.072455 0.032493 0.034416 0.020026 0.030632 0.026847 0.033959 0.039813 0.031867 0.238935 2.231220 2.267932 2.308564 0.226669 0.032634 0.017372 0.017372 0.153159 0.070734 1.003736 1.056805 2.004343 2.009290 2.024968 0.955996 0.772226 0.585581 2.481980 2.512979 1.511554 0.420405 0.045679 0.017372 0.017372 0.020180 0.042605 0.051579 0.042215
0.048730 0.280694 1.038406 1.087712 1.155277 0.100406 0.083818 0.051774 0.596588 0.354099 0.192911 0.456132 0.407891 0.279872 1.039282 1.130454 0.104701 0.301258 0.235787 0.214278 0.141698 0.038672 0.021402 0.021065 0.035331 0.040535 0.032036 0.039651 0.045128 0.200632 2.324626 3.329848 4.300774 4.340475 2.290470 0.235999 0.036913 0.064218 0.017372 0.047114 0.131618 0.164435 0.188556 0.176581 0.114282 0.072677 0.038843 1.468180 3.488532 4.456854 3.438084 2.518509 1.480382 0.045307 0.074397 0.052334 0.049064 0.068084 0.066707
0.037377 0.321048 0.281813 0.276391 0.024285 0.014396 0.020875 0.031208 0.599580 0.031730 0.034035 0.056129 0.040581 0.196662 0.837117 0.054811 0.294956 0.309364 2.333572 2.274579 1.054616 0.040344 0.031119 0.021324 0.040291 0.059563 0.051217 0.039130 0.203677 2.331194 4.337654 5.331005 5.318367 4.345141 2.295236 1.344271 0.218729 0.046195 0.017372 0.036682 1.174421 0.151237 0.163315 0.194513 0.014396 0.083386 0.393680 1.517136 3.521535 4.498744 5.503130 5.528324 4.409912 2.540648 2.584486 1.402090 0.732944 0.028297 0.105730
0.316804 1.411031 0.345055 0.344014 0.023399 0.024285 0.044290 0.586284 0.428802 0.038261 0.045310 0.035285 0.040169 0.034077 0.546865 0.352814 0.319122 2.109424 3.255046 3.241443 2.232543 0.143019 0.037561 0.028114 0.033182 0.187570 0.201503 0.190368 1.280137 3.321337 4.326591 5.328727 5.321473 4.341104 2.285928 1.333672 0.257200 0.024047 0.461992 0.021423 0.120958 0.036323 0.034828 0.150090 0.160999 0.083789 0.359566 1.456527 2.443637 3.461761 4.458341 5.439742 4.443255 2.471414 1.363846 0.336327 0.243855 0.043434 0.112865
1.378179 1.443965 0.323065 0.269715 0.177107 0.754871 0.768933 0.723376 0.020608 0.033103 0.030298 0.056553 0.049063 0.042686 1.019505 2.070508 1.078594 3.212699 4.263149 4.231780 2.202220 1.201081 1.167612 0.076477 0.112470 0.248571 0.284162 0.248801 1.289974 2.293801 3.292422 4.306961 4.313325 4.312064 2.268021 1.319722 0.310993 1.414893 2.502580 1.340274 0.055764 0.036803 0.029762 0.054106 0.049710 0.036918 0.063210 0.306966 0.347405 1.246165 2.293871 1.052540 0.221217 0.083955 0.200096 0.270162 0.277562 0.052010 0.066353
0.403981 1.421370 0.028175 0.027992 0.136178 0.078887 0.050633 0.717484 0.071483 0.040627 0.046226 0.029670 0.044698 0.057117 2.203602 2.243044 2.193382 3.225761 4.236289 3.253195 2.196723 2.164080 1.133409 0.335336 0.421773 0.234488 0.297202 0.301416 0.202890 1.036080 0.974121 1.028631 1.110505 2.263055 2.255815 2.265692 1.213110 1.230246 1.067610 0.170765 0.048991 0.039726 0.025368 0.039049 0.041757 0.035179 0.065039 0.094811 0.287062 0.091942 0.070233 0.048378 0.039530 0.031158 0.152200 0.338580 0.295433 0.061944 0.047860
