use_cases/Flooding_chicago/flooding_data/output/h_780.asc
ncols 337
nrows 393
xllcorner 428428.000000
yllcorner 4602440.000000
cellsize 26.757400
NODATA_value -9999.000000
[rows 189 to 215 of 393, columns 59 to 117 of 337]
0.040854 0.279060 0.033074 0.033836 0.081367 0.056206 0.130032 0.469248 1.636731 0.629015 0.068284 0.044341 0.042276 0.136346 0.119220 0.118652 0.194730 0.643675 0.607466 0.589420 0.051214 0.046682 0.021538 0.053843 0.038246 0.058159 0.042305 0.044777 0.023185 0.024025 0.071423 0.027885 0.014396 0.029137 0.068384 0.063891 0.049140 0.046527 0.029102 0.113157 0.824229 1.930503 0.951208 0.963533 0.961730 0.991239 2.004632 1.947984 0.089179 0.067924 0.052925 0.057472 0.102923 0.529593 1.776049 1.738814 0.577075 0.210045 0.033745
0.287989 0.131340 0.124961 0.021080 0.076973 0.062233 0.035193 0.035529 0.470288 0.504721 0.031436 0.044716 0.041769 0.074501 0.536570 0.547960 0.561364 0.610085 1.481920 1.498465 0.398385 0.044254 0.051759 0.058167 0.041754 0.352245 0.031960 0.042060 0.024300 0.029639 0.028069 0.018441 0.023384 0.023872 0.025612 0.023628 0.052230 0.039924 0.041762 0.859265 1.921269 1.929332 1.929365 0.964285 0.966291 1.986165 2.985643 1.945639 0.058674 0.022592 0.024955 0.028405 0.053496 0.037787 0.071476 0.070024 0.085238 0.044547 0.028344
0.210278 0.210618 0.060631 0.049802 0.059897 0.046761 0.031076 0.041719 0.332284 0.291659 0.203759 0.121306 0.096176 0.513078 0.550190 0.558797 1.557897 1.548916 2.556637 2.563021 1.529312 1.527913 2.518687 1.533006 1.525198 0.417678 1.372184 0.303370 0.028836 0.030373 0.038297 0.133327 0.035961 0.030011 0.024816 0.073875 0.042692 0.049591 0.716277 2.920997 1.928257 1.936962 0.904743 0.032815 0.017372 1.991242 1.991677 1.964378 0.040176 0.040871 0.028450 0.026284 0.035545 0.034142 0.066078 0.053434 0.054877 0.059578 0.028938
0.372153 0.396954 0.059234 0.081185 0.028786 0.073555 0.063484 0.037071 0.177334 0.342735 0.190294 0.148105 0.408126 1.541555 1.568100 1.573377 1.570114 2.571657 2.578372 2.583909 1.544562 1.532183 1.544140 0.390285 0.344139 1.354108 1.360545 0.245634 0.136884 0.183377 1.104429 3.196144 1.154400 0.035881 0.030027 0.058204 0.099261 0.129253 0.771230 2.921923 1.921488 1.930436 0.898684 0.044349 0.017372 2.011345 2.000921 1.966835 0.765920 0.034585 0.036811 0.027153 0.021675 0.036003 0.049324 0.028358 0.026955 0.034125 0.442734
0.275088 0.270611 0.163495 0.050208 0.035180 0.081245 0.029777 0.057562 0.151702 0.231805 0.268900 0.512306 0.537113 2.549548 1.565367 2.575418 2.581344 2.586040 3.583648 1.591301 0.541980 0.552157 0.047306 0.060224 0.058658 0.313672 0.315006 0.030143 0.115267 0.186095 2.228878 2.239770 0.202339 0.155026 0.107848 0.052851 0.132724 0.155442 0.754652 1.895154 1.917440 0.926489 0.948791 0.047855 0.924703 1.965248 1.953467 1.915965 0.708456 0.218811 0.170236 0.101172 0.033089 0.034218 0.028419 0.043235 0.036629 0.048440 2.590298
0.153392 0.339860 0.271699 0.154023 0.102509 0.101408 0.031302 0.033031 0.093649 0.135911 0.212375 0.474710 1.519366 2.553619 2.577704 2.581230 2.585825 3.587901 3.601261 0.562793 0.548347 0.540596 0.073148 0.049736 0.072730 0.078927 0.070092 0.044608 0.040032 1.221372 2.235804 2.228765 0.203323 0.184919 0.123959 0.316135 0.173928 0.169611 0.587619 1.864892 1.872321 0.888887 0.842970 0.055160 0.917062 0.053869 0.075881 0.081911 0.062737 0.098167 0.101630 0.129160 0.175514 0.041373 0.028847 0.044776 0.040428 0.057167 2.598971
0.088779 0.221178 0.193171 0.426717 0.352094 0.214714 0.144228 0.034708 0.047286 0.083910 0.214478 0.142562 0.543307 1.557586 2.566490 2.568961 2.574282 3.581222 2.581188 0.551318 0.540271 0.523302 0.081837 0.073879 0.086783 0.095374 0.082908 0.061897 0.045908 1.207940 2.226059 2.213413 0.201200 0.042200 0.097845 0.210863 0.038747 0.040199 0.031716 0.067669 0.048608 0.920855 0.220805 0.087812 0.078284 0.038170 0.051369 0.047340 0.037575 0.030800 0.032876 0.029412 0.259728 0.257088 0.039962 0.032371 0.014396 0.024285 2.577318
0.110259 0.525929 0.543621 0.472339 0.367466 0.602726 1.549683 0.612576 0.067954 0.049934 0.247717 0.174795 0.539761 1.552819 2.560600 2.566522 2.569101 1.586595 1.583447 0.554069 0.533001 0.047784 0.045266 0.076209 0.044700 0.066902 0.043855 0.063851 0.143012 0.156691 1.126083 1.183182 0.101480 0.097631 0.070105 0.035667 0.040276 0.028991 0.028099 0.040810 0.035881 0.039360 0.366585 0.139271 0.089498 0.046243 0.060293 0.039178 0.042228 0.028870 0.017967 0.026604 0.034066 0.334754 0.036524 0.040871 0.024285 0.023399 0.068419
0.109110 0.541290 0.562797 0.484400 0.344947 0.625041 1.638959 1.703105 0.564031 0.523950 0.378121 0.197936 1.524229 1.551594 1.563018 2.556973 1.581525 1.582441 0.568822 0.546630 0.046298 0.049834 0.032017 0.040543 0.056603 0.078161 0.046822 0.043617 0.065575 0.063530 0.030556 0.034372 1.122158 0.088447 0.038536 0.031350 0.026893 0.026117 0.022865 0.030143 0.023979 0.023034 0.296197 0.312014 0.021539 0.021371 0.025932 0.019905 0.022118 0.017967 0.021034 0.029457 0.022529 0.022667 0.055788 0.741533 0.045907 0.034707 0.017372
0.166837 0.095301 0.062135 0.038431 0.233586 0.543988 1.657951 1.719887 1.731728 0.587231 0.422662 0.715274 2.355232 2.611791 1.587131 1.563287 1.576847 0.506391 0.545536 0.085636 0.059248 0.032646 0.036705 0.017967 0.033974 0.150078 0.026221 0.027108 0.044167 0.037300 0.028893 0.048607 0.079412 0.041323 0.034050 0.018028 0.021003 0.018028 0.034096 0.029077 0.050309 0.408735 1.492786 1.491870 0.466725 0.043099 0.060905 0.040230 0.043708 0.029366 0.030220 0.047009 0.042502 0.058879 1.833587 1.859545 1.822400 0.092438 0.017372
0.060844 0.091326 0.059290 0.042321 0.028086 0.052923 0.566458 1.724973 0.696482 0.689706 0.017816 0.678195 1.295903 2.574121 1.541063 0.394876 0.065145 0.050831 0.077064 0.095650 0.050682 0.043725 0.017967 0.021034 0.057352 0.049355 0.018197 0.021615 0.021705 0.021507 0.038155 0.046745 0.026740 0.033531 0.033485 0.035025 0.028755 0.032784 0.044446 0.047139 1.499619 1.524176 2.512196 2.480985 1.486190 0.368864 0.048623 0.036858 0.042458 0.027519 0.027764 0.044015 0.040064 0.749456 1.873534 1.857679 0.839881 0.020958 0.020180
0.038888 0.047585 0.079953 0.080789 0.022972 0.018348 0.073377 0.569807 0.626386 0.600130 0.548628 0.403443 0.264876 0.022972 0.081825 0.100644 0.074145 0.064949 0.083748 0.084206 0.097771 0.048775 0.032658 0.043922 0.045418 0.046699 0.045539 0.030144 0.018090 0.033079 0.100075 0.030113 0.017372 0.017372 0.026588 0.079170 0.092583 0.062966 0.095959 1.328766 2.498713 2.518778 2.498753 1.464235 1.481024 0.422760 0.340487 0.043983 0.040230 0.042412 0.034476 0.649608 0.617168 0.712881 0.703046 0.130818 0.278327 1.487273 1.498037
0.412147 0.417803 0.401230 0.370814 0.378677 0.034658 0.060471 0.041988 0.603135 1.582003 1.603805 1.593520 0.038307 0.025215 0.069321 0.075035 0.065484 0.071725 0.069741 0.054560 0.051247 0.057793 0.047692 0.052880 0.070989 0.062774 0.066524 0.048821 0.038063 0.029838 0.077370 0.059304 0.019752 0.028190 0.058234 0.085777 0.095251 0.067208 0.106064 1.333831 2.496458 2.508617 2.505715 1.474995 0.469703 0.448827 1.444781 0.415925 0.405891 0.269843 0.470073 0.607174 0.582568 0.079951 0.031703 0.017967 0.384735 2.488043 2.496857
0.414374 0.418676 0.431058 0.397216 0.381687 0.371629 0.028705 0.030645 0.081552 1.595490 1.610298 0.530606 0.036720 0.032143 0.044380 0.032417 0.125985 0.111625 0.109944 0.017372 0.062904 0.048348 0.169967 0.166714 1.202482 1.200877 0.042717 0.066871 0.072503 0.047318 0.100531 0.850870 0.037992 0.061202 0.098688 0.050253 0.070352 0.052177 0.040026 0.323573 2.464478 2.479074 2.469476 1.453693 0.458118 1.470352 1.452952 0.452655 0.407521 0.150919 0.031368 0.622565 0.119805 0.083507 0.017967 0.021034 0.406903 1.483125 2.480216
0.035729 0.033103 0.025581 0.369937 0.371257 0.394395 0.023566 0.022942 0.031491 0.030849 0.571555 0.583508 0.051582 0.043129 0.051552 0.044333 0.117164 0.116128 0.115812 0.017372 0.059153 0.037576 0.190486 1.223215 2.228037 0.170896 0.033287 0.059335 0.085590 0.801036 0.059296 0.921555 0.907900 0.873446 0.094668 0.054818 0.038948 0.033592 0.033405 0.396295 1.322108 1.345099 1.357692 1.428678 0.412799 1.463805 1.451375 1.417241 0.325449 0.133557 0.069952 0.119161 0.220807 0.182801 0.311196 0.367915 1.424646 1.440461 1.395293
0.034813 0.032814 0.025491 0.340247 0.339672 0.387133 0.027366 0.023507 0.031654 0.030241 0.567930 0.565296 0.057639 0.055503 0.024560 0.024788 0.032127 0.103431 0.103861 0.069442 0.043252 0.106942 0.147928 1.240714 1.234173 0.024361 0.014396 0.041252 0.794096 0.890741 0.874681 0.913425 0.915978 0.908071 0.071234 0.091624 0.039330 0.037362 0.087368 0.614896 0.673491 0.673097 0.670956 0.028942 0.028266 0.401949 0.398245 0.400986 0.347205 0.024669 0.036676 0.019310 0.144023 0.211055 0.276104 0.342638 1.396150 0.524983 0.533275
0.091957 0.070647 0.125413 0.230873 0.205098 0.020698 0.019310 0.039879 0.037681 0.272864 0.037085 0.054982 0.026695 0.026849 0.014396 0.031457 0.020438 0.022667 0.049217 0.071522 0.053667 0.256029 0.287610 0.135300 0.168994 0.023841 0.026635 0.032166 0.823614 1.888614 1.889102 0.923186 0.922360 0.037699 0.063786 0.071028 0.049055 0.034623 0.799272 0.743800 0.744283 0.737365 0.715259 0.045762 0.024330 0.029564 0.024330 0.084737 0.098636 0.116269 0.054570 0.014396 0.062478 0.057631 0.048681 0.043532 0.032924 0.606911 0.678080
0.088962 0.062209 0.113352 0.099916 0.245862 0.030708 0.020820 0.034385 0.227376 0.243868 0.028959 0.025800 0.028070 0.023887 0.024361 0.054405 0.033820 0.045997 0.046348 0.104818 0.120393 0.200854 0.211169 0.079250 0.017372 0.062935 0.036247 0.061634 0.815108 1.890841 1.904179 0.021404 0.035109 0.045626 0.038023 0.129423 0.075489 0.789918 0.820246 0.791674 0.789558 0.783810 0.755265 0.036798 0.024330 0.029564 0.024330 0.084232 0.080425 0.062219 0.095687 0.070410 0.086442 0.084795 0.030432 0.041874 0.036287 0.094864 0.758536
0.733222 0.694970 0.149077 0.237915 0.315303 0.356228 0.138972 0.215877 0.260880 0.234946 0.214433 0.177125 0.036910 0.029854 0.038557 0.038540 0.060421 0.039529 0.257851 0.306105 0.424315 0.490217 0.117236 0.054075 0.017372 0.036522 0.071641 0.807017 0.843506 1.872243 1.877329 0.817399 0.037020 0.036630 0.217901 0.883779 1.011987 1.888452 1.949496 0.865176 0.817063 0.858018 1.952477 0.958794 0.059818 0.060762 0.045752 1.006622 0.997715 0.078342 0.102658 0.081744 1.106867 0.073746 0.040642 0.024529 0.030082 0.025430 0.070485
2.882752 2.888572 0.840627 0.192310 0.237932 0.029381 0.021705 0.021615 0.018197 0.225565 0.209554 1.221926 0.170002 0.159972 0.037931 0.052325 0.046371 0.243035 1.333571 1.232938 0.399962 0.036956 0.083087 0.031281 0.026394 0.049028 0.051720 0.829903 0.850590 1.871831 1.880591 0.819820 0.824014 0.026432 0.244974 0.887230 1.011956 1.878283 1.929883 0.874281 0.072246 0.823874 1.868247 0.967208 1.016182 0.986881 0.999097 0.950334 0.078709 0.086526 0.051327 0.097728 1.106796 0.072564 0.033617 0.024757 0.030830 0.029960 0.023597
2.892586 1.909271 0.938075 0.894585 0.127530 0.036594 0.018090 0.052086 0.045982 0.014396 0.197820 1.237386 3.278547 2.269919 2.270523 0.200533 0.213431 1.301814 1.314455 0.368451 0.444092 0.471278 0.044856 0.047469 0.039875 0.059699 0.825558 0.842147 0.849000 0.840563 1.885468 0.815595 0.833975 0.024890 0.336407 0.896158 1.030266 0.052638 0.057217 0.061022 0.071785 0.046605 0.993990 1.008878 1.031174 1.014350 0.969101 0.081912 0.059637 0.041893 0.022591 0.022591 0.092580 0.079720 0.077293 0.076021 0.037183 0.047177 0.018455
1.854323 0.920400 0.919731 0.915978 0.897655 0.028938 0.020422 0.080076 0.088691 0.041857 0.017372 0.205496 3.286553 3.280939 3.282769 1.271575 1.259214 1.283779 0.039895 0.050155 0.481450 0.498137 0.522345 0.516627 0.032521 0.808353 0.820018 0.829260 0.803030 0.113276 0.126428 0.745337 0.763573 0.692785 0.562507 0.529894 0.020119 0.085334 0.084970 0.088749 0.092467 0.079626 1.023502 1.036092 1.052657 0.068719 0.097819 0.068153 0.096336 0.064537 0.022591 0.022591 0.062956 0.046448 0.728861 0.725497 0.128783 0.265093 0.090900
0.042802 0.962211 0.944486 0.940893 0.913313 0.261215 0.352519 0.351961 0.066334 0.040869 0.017372 0.189850 2.283153 2.274843 3.289360 3.260708 2.283350 0.226412 0.041420 0.100389 0.067416 0.517551 0.523482 0.518959 0.031336 0.818148 0.809217 0.060430 0.108586 0.176375 0.231019 0.719029 1.741169 1.771203 0.648081 0.658687 0.030148 0.024518 0.098399 0.108469 1.133249 2.148358 2.147372 2.145211 1.094245 1.120331 0.038656 0.036340 0.052924 0.081699 0.042334 0.033815 0.767016 0.744087 0.775038 1.828886 0.721530 0.314946 0.406452
0.022591 0.905519 0.884311 0.884558 0.888094 0.279519 0.382344 0.381018 0.042006 0.034871 0.060658 0.125170 0.153718 0.173299 2.230767 2.211391 0.038321 0.018730 0.094612 0.061044 0.087698 0.509381 0.521208 0.033184 0.045508 0.835931 0.050499 0.076399 0.026910 0.221842 0.315224 0.203241 0.599602 1.704133 0.642948 0.646906 0.033529 0.025113 0.100625 1.132202 2.125033 3.121540 3.124159 2.115875 1.077966 0.095703 0.053459 0.052393 0.027382 0.035866 0.041834 0.792898 0.766415 0.751331 0.738619 0.082440 0.042795 0.073614 0.081318
0.022591 0.087801 0.100480 0.125512 0.192952 0.278474 0.361372 0.458567 0.513599 0.125023 0.132416 0.073816 0.019310 0.029732 0.125185 0.131842 0.037397 0.023643 0.129401 0.098797 0.063455 0.052575 0.049920 0.018263 0.074187 0.055208 0.057665 0.019050 0.055321 0.032723 0.434708 0.259350 0.150368 0.583699 0.588588 0.589196 0.036560 0.140459 1.130593 2.126475 2.122098 2.123274 2.129446 2.105087 0.135296 0.115396 0.027275 0.020836 0.032986 0.017372 0.017372 0.024253 0.725002 0.703948 0.043129 0.045404 0.043862 0.075740 0.073169
0.043637 0.020963 0.034052 0.027762 0.226598 0.031190 0.028637 0.498095 0.503240 0.110137 0.111936 0.031959 0.014396 0.019310 0.043189 0.053048 0.024605 0.030281 0.165153 0.031211 0.037041 0.032405 0.024757 0.022607 0.028312 0.024376 0.023827 0.026710 0.019203 0.031168 0.658786 0.049739 0.054019 0.088315 0.078079 0.069967 0.062568 0.129720 1.113274 1.114178 1.105431 1.154915 2.170686 2.092734 1.178021 0.158811 0.028979 0.045578 0.058748 0.027082 0.025963 0.604172 0.681033 0.655514 0.062035 0.055123 0.017372 0.130628 0.103965
0.265992 0.071974 0.046398 0.014396 0.084563 0.031047 0.031072 0.142385 0.196551 0.045234 0.036873 0.040077 0.025277 0.069286 0.050102 0.051170 0.025581 0.033393 0.037819 0.048318 0.014396 0.028572 0.032249 0.328801 0.382833 0.370750 0.347526 0.318560 0.239645 0.871709 0.852763 0.086557 0.101800 0.067263 0.058182 0.050026 0.065964 0.039167 0.095246 0.102858 0.140129 1.199701 2.184669 2.107581 1.207682 1.201955 0.359051 0.101706 0.182457 0.195873 0.383266 0.542089 0.671810 0.662954 0.034717 0.029717 0.017372 0.138527 0.112593
