use_cases/Flooding_chicago/flooding_data/output/h_780.asc
ncols 337
nrows 393
xllcorner 428428.000000
yllcorner 4602440.000000
cellsize 26.757400
NODATA_value -9999.000000
[rows 216 to 242 of 393, columns 236 to 294 of 337]
0.104938 0.217981 0.211812 0.216801 0.228816 0.253958 0.256481 0.256439 0.248321 0.180721 0.035515 0.014396 0.032464 0.216202 0.225337 0.118181 0.059177 0.048674 0.275370 0.177478 0.161907 0.098068 0.086956 0.079788 0.421319 0.372002 0.422049 0.038902 0.032829 0.351013 0.342651 0.337141 0.316148 0.227895 0.887396 0.818959 1.871208 0.848903 0.105608 0.046293 0.281206 1.347429 1.362192 1.354807 0.260970 0.026684 0.026937 0.035075 -9999.000000 -9999.000000 -9999.000000 -9999.000000 -9999.000000 -9999.000000 -9999.000000 -9999.000000 -9999.000000 -9999.000000 -9999.000000
0.194435 0.126340 0.095134 0.066317 0.050660 0.295226 0.297372 0.302051 0.295860 0.023339 0.042931 0.047485 0.030297 0.306762 0.311989 0.022591 0.022591 0.027794 0.277330 0.151211 0.076089 0.085148 0.118704 0.094893 0.055492 0.097682 0.019860 0.029381 0.031059 0.025627 0.344678 0.347204 0.344825 0.033448 0.059981 0.037728 0.765542 0.821712 0.156368 0.438083 1.143175 1.207039 1.245921 0.273288 0.030240 0.035535 -9999.000000 -9999.000000 -9999.000000 -9999.000000 -9999.000000 -9999.000000 -9999.000000 -9999.000000 -9999.000000 -9999.000000 -9999.000000 -9999.000000 -9999.000000
0.238347 0.048562 0.058261 0.044030 0.085519 0.270987 0.310695 0.333683 0.332044 0.352369 0.028556 0.029945 0.359219 1.397580 1.410857 0.022591 0.022591 0.027794 0.489817 0.014396 0.057836 0.069278 0.133041 0.120787 0.068802 0.033439 0.827715 0.025627 0.031059 0.029381 0.019860 0.093282 0.099802 0.076594 0.059041 0.039509 0.190169 0.307715 0.303884 0.431442 0.410242 0.417448 0.426721 0.103609 0.021034 0.017967 -9999.000000 -9999.000000 -9999.000000 -9999.000000 -9999.000000 -9999.000000 -9999.000000 -9999.000000 -9999.000000 -9999.000000 -9999.000000 -9999.000000 -9999.000000
0.085738 0.089204 0.092879 0.071185 0.142909 0.092941 0.069224 0.312995 0.337335 0.352303 0.368647 0.385734 1.389212 2.361725 2.390316 0.344960 0.232060 0.724396 0.658366 0.727091 0.022453 0.037666 0.045564 0.092744 0.856775 0.892616 0.791173 0.710570 0.581694 0.522361 0.422405 1.189625 0.192566 0.024330 0.029564 0.024330 0.029122 0.494294 0.539176 0.019788 0.256441 0.266365 0.246822 0.222291 0.017967 -9999.000000 -9999.000000 -9999.000000 -9999.000000 -9999.000000 -9999.000000 -9999.000000 -9999.000000 -9999.000000 -9999.000000 -9999.000000 -9999.000000 -9999.000000 -9999.000000
0.033150 0.104213 0.120428 0.106130 0.079363 0.057613 0.120315 0.068161 0.290144 0.293244 0.023387 0.334191 1.394779 2.365988 1.402200 0.346016 0.241668 0.163457 0.593518 0.029387 0.039807 0.027321 0.084832 0.106569 0.773355 0.856440 0.038614 0.032359 0.494110 0.500453 0.409006 1.150368 1.164793 0.024330 0.029564 0.024330 0.031425 1.661330 0.683737 0.028267 0.374999 0.389617 0.347500 0.207686 -9999.000000 -9999.000000 -9999.000000 -9999.000000 -9999.000000 -9999.000000 -9999.000000 -9999.000000 -9999.000000 -9999.000000 -9999.000000 -9999.000000 -9999.000000 -9999.000000 -9999.000000
0.040688 0.037879 0.027870 0.118075 0.108699 0.096482 0.073941 0.054786 0.065186 0.055239 0.026633 0.039596 1.392147 1.381938 1.407494 0.390095 0.014396 0.235012 0.159399 0.025582 0.039818 0.027764 0.077652 0.074967 0.211324 0.263149 0.030526 0.032341 0.053694 0.050415 0.054067 0.041150 1.046723 0.913868 0.980936 0.850377 1.639488 1.649269 1.697074 1.700764 0.564102 0.514969 0.454163 0.014396 -9999.000000 -9999.000000 -9999.000000 -9999.000000 -9999.000000 -9999.000000 -9999.000000 -9999.000000 -9999.000000 -9999.000000 -9999.000000 -9999.000000 -9999.000000 -9999.000000 -9999.000000
0.140136 0.026878 0.029014 0.123550 0.118904 0.111734 0.102261 0.096323 0.021034 0.017967 0.054898 0.037999 0.045699 0.291022 1.317189 0.419124 0.450975 0.324981 0.028816 0.027626 0.254163 0.218549 0.155469 0.091191 0.112117 0.331861 0.048203 0.026470 0.024071 0.034618 0.086004 0.068262 0.169329 0.865007 0.974728 0.809592 0.635961 0.580275 1.621677 1.650491 1.658646 0.595798 0.028358 -9999.000000 -9999.000000 -9999.000000 -9999.000000 -9999.000000 -9999.000000 -9999.000000 -9999.000000 -9999.000000 -9999.000000 -9999.000000 -9999.000000 -9999.000000 -9999.000000 -9999.000000 -9999.000000
0.781736 0.853880 0.019722 0.123201 0.122481 0.017967 0.021034 0.095038 0.017967 0.062619 0.061412 0.056148 0.035586 0.189573 0.491578 0.448702 0.446485 0.049483 0.042174 0.038327 0.208044 0.204648 0.167813 0.118696 0.199085 0.147834 0.030703 0.038719 0.026437 0.052226 0.120474 0.071547 0.256219 0.889527 0.990033 0.099499 0.076341 0.058391 0.526383 1.643893 1.636275 0.598282 0.014396 -9999.000000 -9999.000000 -9999.000000 -9999.000000 -9999.000000 -9999.000000 -9999.000000 -9999.000000 -9999.000000 -9999.000000 -9999.000000 -9999.000000 -9999.000000 -9999.000000 -9999.000000 -9999.000000
0.830373 0.887174 0.059549 0.101402 0.104076 0.079645 0.017967 0.054320 0.747325 0.771951 0.047666 0.057140 0.044129 0.359797 0.321383 0.180800 0.147869 0.046726 0.061672 0.046995 0.061415 0.043595 0.169728 0.149375 0.102560 0.071926 0.045419 0.032037 0.126280 0.079142 0.168017 0.303545 1.434012 0.329696 0.202092 0.178147 0.047721 0.043694 0.050437 0.477223 1.609562 0.597779 0.038259 -9999.000000 -9999.000000 -9999.000000 -9999.000000 -9999.000000 -9999.000000 -9999.000000 -9999.000000 -9999.000000 -9999.000000 -9999.000000 -9999.000000 -9999.000000 -9999.000000 -9999.000000 -9999.000000
0.786434 0.848805 0.841340 0.836791 0.821450 0.783426 0.839619 0.796888 0.765075 0.771819 0.738025 0.728305 0.708202 0.572001 0.516232 0.053107 0.068722 0.079971 0.076771 0.055253 0.054390 0.072039 0.047499 0.165813 0.135040 0.089499 0.252592 0.200660 0.145996 0.090717 0.238170 0.341820 1.410242 0.418698 0.035498 0.052268 0.072122 0.078470 0.050499 0.060799 0.489720 0.546755 0.022025 -9999.000000 -9999.000000 -9999.000000 -9999.000000 -9999.000000 -9999.000000 -9999.000000 -9999.000000 -9999.000000 -9999.000000 -9999.000000 -9999.000000 -9999.000000 -9999.000000 -9999.000000 -9999.000000
0.797312 0.841024 0.833358 1.844915 1.849711 1.860202 1.861552 0.790719 0.773738 0.775501 1.749376 1.765263 1.778288 0.634207 0.090261 0.095175 0.101301 0.098490 0.087149 0.065410 0.030727 0.075797 0.042227 0.185726 0.148038 0.099612 0.205120 0.162495 0.108096 0.065229 0.342889 0.290278 0.150418 0.116339 0.037727 0.050591 0.047127 0.052451 0.037607 0.049385 0.120480 0.022209 -9999.000000 -9999.000000 -9999.000000 -9999.000000 -9999.000000 -9999.000000 -9999.000000 -9999.000000 -9999.000000 -9999.000000 -9999.000000 -9999.000000 -9999.000000 -9999.000000 -9999.000000 -9999.000000 -9999.000000
0.110956 0.035205 0.066827 0.692234 0.805896 0.769281 0.727888 0.773768 0.762994 0.763896 1.747638 1.754749 1.759208 0.043860 0.082875 0.103982 0.115633 0.108007 0.087962 0.050184 0.077277 0.071982 0.237720 0.256863 0.023460 0.024895 0.035050 0.088735 0.528813 0.540859 0.479129 0.467578 0.030786 0.046689 0.027199 0.033958 0.027534 0.081704 0.056494 0.086433 0.055579 0.039787 -9999.000000 -9999.000000 -9999.000000 -9999.000000 -9999.000000 -9999.000000 -9999.000000 -9999.000000 -9999.000000 -9999.000000 -9999.000000 -9999.000000 -9999.000000 -9999.000000 -9999.000000 -9999.000000 -9999.000000
0.079135 0.080229 0.047783 0.122003 0.739352 0.060298 0.079264 0.136658 0.111794 0.741907 0.699876 0.692415 0.698807 0.032074 0.035823 0.028312 0.134667 0.116632 0.078395 0.121894 0.065144 0.090308 0.047499 0.212642 0.024895 0.033470 0.020638 0.080347 0.054610 0.549230 1.568053 1.566572 0.033943 0.058614 0.033959 0.043022 0.035088 0.096458 0.067315 0.088877 0.055962 0.035547 -9999.000000 -9999.000000 -9999.000000 -9999.000000 -9999.000000 -9999.000000 -9999.000000 -9999.000000 -9999.000000 -9999.000000 -9999.000000 -9999.000000 -9999.000000 -9999.000000 -9999.000000 -9999.000000 -9999.000000
0.041726 0.033241 0.021049 0.124402 0.346659 0.057195 0.027664 1.278957 0.222802 0.185797 0.198851 0.190772 0.189777 0.022591 0.022591 0.036918 0.172252 0.018440 0.063391 0.074262 0.093683 0.075667 0.044019 0.138135 0.123825 0.020638 0.030647 0.070885 0.068334 0.551243 1.563425 1.554836 0.455848 0.039096 0.027595 0.035286 0.034294 0.030860 0.024696 0.048357 -9999.000000 -9999.000000 -9999.000000 -9999.000000 -9999.000000 -9999.000000 -9999.000000 -9999.000000 -9999.000000 -9999.000000 -9999.000000 -9999.000000 -9999.000000 -9999.000000 -9999.000000 -9999.000000 -9999.000000 -9999.000000 -9999.000000
0.027271 0.025643 0.335824 0.265771 0.189504 0.127736 0.248798 1.286083 1.296972 0.254773 0.236586 0.219747 0.217546 0.022591 0.022591 0.037112 0.179375 0.023384 0.014396 0.045347 0.121395 0.840127 0.925966 0.865500 0.723325 0.521638 0.684350 0.664315 0.613294 1.542596 1.565604 1.583106 0.507803 0.514599 0.023491 0.076790 0.037254 0.024330 0.023323 -9999.000000 -9999.000000 -9999.000000 -9999.000000 -9999.000000 -9999.000000 -9999.000000 -9999.000000 -9999.000000 -9999.000000 -9999.000000 -9999.000000 -9999.000000 -9999.000000 -9999.000000 -9999.000000 -9999.000000 -9999.000000 -9999.000000 -9999.000000
0.479093 0.500782 0.400741 0.332179 0.259281 0.164076 1.272455 1.285881 2.310975 2.333031 2.308757 0.245792 0.234801 0.039711 0.041232 0.029564 0.150981 0.126447 0.019310 0.030423 0.144100 0.718971 0.766154 0.725056 0.648634 0.485644 0.639951 1.422195 1.565449 2.580358 1.564863 1.589229 0.497532 0.449958 0.285207 0.322935 0.028465 -9999.000000 -9999.000000 -9999.000000 -9999.000000 -9999.000000 -9999.000000 -9999.000000 -9999.000000 -9999.000000 -9999.000000 -9999.000000 -9999.000000 -9999.000000 -9999.000000 -9999.000000 -9999.000000 -9999.000000 -9999.000000 -9999.000000 -9999.000000 -9999.000000 -9999.000000
1.466583 0.494120 0.412141 0.349712 0.272409 0.145344 1.265665 1.280198 2.269164 2.279017 2.288107 0.203321 0.025059 0.027319 0.054368 0.043306 0.959490 0.058977 0.042485 0.094479 0.245661 0.348760 0.366989 0.321333 0.176219 0.088169 0.082041 1.546876 1.595340 1.579046 0.538067 1.544768 0.491280 0.428609 0.300768 -9999.000000 -9999.000000 -9999.000000 -9999.000000 -9999.000000 -9999.000000 -9999.000000 -9999.000000 -9999.000000 -9999.000000 -9999.000000 -9999.000000 -9999.000000 -9999.000000 -9999.000000 -9999.000000 -9999.000000 -9999.000000 -9999.000000 -9999.000000 -9999.000000 -9999.000000 -9999.000000 -9999.000000
1.461019 0.517318 0.401991 0.347668 0.256358 0.506280 1.185427 1.305930 1.312647 1.333573 0.255233 0.025548 0.029871 0.121651 0.946305 1.009455 2.014541 0.973601 0.041116 0.051414 0.034723 0.332843 0.365324 0.323933 0.169784 0.089194 0.109731 0.045488 0.589275 0.022350 0.026970 0.521372 0.491563 0.410433 0.291018 -9999.000000 -9999.000000 -9999.000000 -9999.000000 -9999.000000 -9999.000000 -9999.000000 -9999.000000 -9999.000000 -9999.000000 -9999.000000 -9999.000000 -9999.000000 -9999.000000 -9999.000000 -9999.000000 -9999.000000 -9999.000000 -9999.000000 -9999.000000 -9999.000000 -9999.000000 -9999.000000 -9999.000000
0.536255 0.578154 0.054084 0.065748 0.051612 0.057871 1.251000 0.254058 0.255035 0.033767 0.043196 0.014396 0.027149 0.127990 0.883908 1.947252 1.981832 0.967739 0.036417 0.021669 0.671402 1.551174 1.640462 0.547227 0.036013 0.020432 0.035466 0.426362 0.573023 1.604811 0.584126 0.575920 0.531214 0.017372 0.017372 -9999.000000 -9999.000000 -9999.000000 -9999.000000 -9999.000000 -9999.000000 -9999.000000 -9999.000000 -9999.000000 -9999.000000 -9999.000000 -9999.000000 -9999.000000 -9999.000000 -9999.000000 -9999.000000 -9999.000000 -9999.000000 -9999.000000 -9999.000000 -9999.000000 -9999.000000 -9999.000000 -9999.000000
0.495607 0.633947 0.092015 0.105510 0.091116 0.054095 0.093596 0.077053 0.072972 0.017372 0.017372 0.032484 0.163483 1.244929 0.166827 0.115607 0.078731 0.041685 0.124274 0.105772 1.623014 2.588480 2.655509 0.599359 0.044649 0.066096 0.063684 0.078162 0.508247 1.605707 1.619506 1.641189 0.019676 0.080116 0.056083 -9999.000000 -9999.000000 -9999.000000 -9999.000000 -9999.000000 -9999.000000 -9999.000000 -9999.000000 -9999.000000 -9999.000000 -9999.000000 -9999.000000 -9999.000000 -9999.000000 -9999.000000 -9999.000000 -9999.000000 -9999.000000 -9999.000000 -9999.000000 -9999.000000 -9999.000000 -9999.000000 -9999.000000
0.156070 0.220955 0.156364 0.139691 0.117395 0.077037 0.132518 0.106810 0.096036 0.083418 0.044413 0.192687 1.242230 1.243891 0.027114 0.033158 0.026819 0.046510 0.098687 1.618675 1.658740 2.543962 1.602106 0.585150 0.044508 0.057930 0.098437 0.083237 0.547608 1.564995 0.570984 0.508273 0.027398 0.072518 0.043268 -9999.000000 -9999.000000 -9999.000000 -9999.000000 -9999.000000 -9999.000000 -9999.000000 -9999.000000 -9999.000000 -9999.000000 -9999.000000 -9999.000000 -9999.000000 -9999.000000 -9999.000000 -9999.000000 -9999.000000 -9999.000000 -9999.000000 -9999.000000 -9999.000000 -9999.000000 -9999.000000 -9999.000000
0.248066 0.368798 0.039578 0.047380 0.041608 0.028989 0.034179 0.090218 0.096032 0.068167 0.219869 1.270582 3.255038 1.261692 0.035213 0.041359 0.033183 0.047629 0.134009 1.580481 1.642393 0.519739 0.057848 0.028587 0.028587 0.060000 0.124294 0.135128 0.092736 0.194596 0.049694 0.031822 0.045571 0.049797 -9999.000000 -9999.000000 -9999.000000 -9999.000000 -9999.000000 -9999.000000 -9999.000000 -9999.000000 -9999.000000 -9999.000000 -9999.000000 -9999.000000 -9999.000000 -9999.000000 -9999.000000 -9999.000000 -9999.000000 -9999.000000 -9999.000000 -9999.000000 -9999.000000 -9999.000000 -9999.000000 -9999.000000 -9999.000000
0.260496 0.364966 0.063332 0.069114 0.055679 0.032635 0.045904 0.080213 0.072858 0.047919 0.252137 1.267981 3.237532 2.271844 1.253767 0.027347 0.025664 0.034754 0.220051 0.705480 0.618958 0.100055 0.043054 0.024330 0.024330 0.039376 0.046211 0.154285 0.154552 0.105884 0.105447 0.017967 0.021126 -9999.000000 -9999.000000 -9999.000000 -9999.000000 -9999.000000 -9999.000000 -9999.000000 -9999.000000 -9999.000000 -9999.000000 -9999.000000 -9999.000000 -9999.000000 -9999.000000 -9999.000000 -9999.000000 -9999.000000 -9999.000000 -9999.000000 -9999.000000 -9999.000000 -9999.000000 -9999.000000 -9999.000000 -9999.000000 -9999.000000
0.130876 0.109963 0.103231 0.082921 0.046366 0.108865 0.053809 0.053084 0.329004 0.347717 1.283381 1.286358 3.244773 2.274602 1.261019 0.162872 0.093301 0.502386 0.396004 0.811924 0.073884 0.115858 0.067082 0.029564 0.029564 0.058342 0.084192 0.165386 0.166823 0.116083 0.017967 0.021034 -9999.000000 -9999.000000 -9999.000000 -9999.000000 -9999.000000 -9999.000000 -9999.000000 -9999.000000 -9999.000000 -9999.000000 -9999.000000 -9999.000000 -9999.000000 -9999.000000 -9999.000000 -9999.000000 -9999.000000 -9999.000000 -9999.000000 -9999.000000 -9999.000000 -9999.000000 -9999.000000 -9999.000000 -9999.000000 -9999.000000 -9999.000000
0.103955 0.061081 0.120770 0.080866 0.164942 0.106844 0.094503 0.361172 0.363641 1.294449 1.292030 1.278033 3.208601 2.267251 1.183475 1.042087 0.909153 0.662930 1.516737 0.471206 0.048838 0.061876 0.082114 0.024330 0.024330 0.077018 0.119397 0.080849 0.036339 -9999.000000 -9999.000000 -9999.000000 -9999.000000 -9999.000000 -9999.000000 -9999.000000 -9999.000000 -9999.000000 -9999.000000 -9999.000000 -9999.000000 -9999.000000 -9999.000000 -9999.000000 -9999.000000 -9999.000000 -9999.000000 -9999.000000 -9999.000000 -9999.000000 -9999.000000 -9999.000000 -9999.000000 -9999.000000 -9999.000000 -9999.000000 -9999.000000 -9999.000000 -9999.000000
0.153784 0.084431 0.040093 0.076034 0.152633 0.094570 0.333969 1.388027 1.405894 2.341765 1.282763 1.290367 2.265438 2.297584 0.226298 0.150665 0.110408 0.089666 0.095970 0.054359 0.069755 0.065118 0.041924 0.209444 0.167572 0.076717 0.072777 0.032828 -9999.000000 -9999.000000 -9999.000000 -9999.000000 -9999.000000 -9999.000000 -9999.000000 -9999.000000 -9999.000000 -9999.000000 -9999.000000 -9999.000000 -9999.000000 -9999.000000 -9999.000000 -9999.000000 -9999.000000 -9999.000000 -9999.000000 -9999.000000 -9999.000000 -9999.000000 -9999.000000 -9999.000000 -9999.000000 -9999.000000 -9999.000000 -9999.000000 -9999.000000 -9999.000000 -9999.000000
0.179296 0.290027 0.222412 0.125338 0.058866 0.358313 1.213649 1.319814 1.344136 1.349592 0.325294 1.213596 2.261824 1.216706 0.055729 0.034370 0.046089 0.049324 0.063668 0.065681 0.060158 0.052635 0.036507 0.044855 0.023611 0.049050 0.025353 -9999.000000 -9999.000000 -9999.000000 -9999.000000 -9999.000000 -9999.000000 -9999.000000 -9999.000000 -9999.000000 -9999.000000 -9999.000000 -9999.000000 -9999.000000 -9999.000000 -9999.000000 -9999.000000 -9999.000000 -9999.000000 -9999.000000 -9999.000000 -9999.000000 -9999.000000 -9999.000000 -9999.000000 -9999.000000 -9999.000000 -9999.000000 -9999.000000 -9999.000000 -9999.000000 -9999.000000 -9999.000000
