use_cases/Flooding_chicago/flooding_data/output/h_840.asc
ncols 337
nrows 393
xllcorner 428428.000000
yllcorner 4602440.000000
cellsize 26.757400
NODATA_value -9999.000000
[rows 297 to 323 of 393, columns 59 to 117 of 337]
0.583324 0.604500 0.707651 1.587457 1.628021 2.633893 0.526512 0.525838 0.120070 0.079307 0.103189 0.075765 1.473004 0.405482 0.461525 0.470774 0.462457 0.462362 0.458208 0.032509 0.022057 0.023658 0.051567 0.034686 0.056462 0.069198 0.650430 0.657515 0.419402 1.267737 1.315545 0.334275 0.291905 0.256484 1.229706 1.232614 0.224905 0.182477 0.039238 0.032310 0.042549 0.040260 0.100562 0.066414 0.089861 0.546721 0.603872 0.607958 0.461498 0.274812 1.001556 1.056699 1.056132 1.122849 1.090510 0.095768 0.047001 0.080066 0.025536
1.616822 1.631869 2.617672 2.632332 2.631377 1.641636 1.638675 0.485311 0.111972 0.080301 0.107123 0.097101 0.061441 0.050757 0.039270 0.022546 0.453288 0.447666 0.024894 0.048073 0.018165 0.035422 0.039952 0.313143 0.033531 0.037819 0.030556 0.072032 0.283192 1.281549 1.328771 0.340043 0.279292 1.230439 1.233991 1.234839 0.230049 0.183350 0.060295 0.045460 0.059699 0.056999 0.034905 0.058994 0.061423 0.514613 1.672558 0.675076 0.040414 0.035727 0.116925 0.134588 0.182158 1.178494 0.183712 0.037257 0.062652 0.070315 0.056756
0.602385 1.650254 2.693486 2.668498 2.653530 1.646649 0.507190 0.039009 0.047539 0.036964 0.045459 0.045616 0.040122 0.028359 0.046547 0.418119 0.446474 0.443160 0.447736 0.040535 0.041404 0.064141 0.241174 0.298691 0.298232 0.024330 0.024330 0.035824 0.033412 1.280777 1.291865 0.017373 0.221127 1.237626 2.238974 1.234967 1.237878 0.184902 0.033319 0.056740 0.067940 0.017373 0.041465 0.048882 0.046920 0.533392 1.668029 0.673128 0.044001 0.057852 0.052035 0.040167 0.202620 1.140571 0.259789 0.043725 0.064340 0.053564 0.839712
0.047844 0.588297 0.541030 0.520985 0.518764 0.564505 0.048961 0.030815 0.046471 0.060646 0.064065 0.063927 0.014396 0.032234 0.058697 0.040642 0.433758 0.429679 0.445340 0.040260 0.039361 0.072037 0.281482 0.296831 0.298408 0.029564 0.029564 0.047475 0.046355 1.284285 1.287100 0.017373 0.207118 1.230126 2.233100 1.234289 1.237153 0.037422 0.030677 0.045983 0.061637 0.017373 0.040383 0.046333 1.624624 1.623239 1.633420 0.625524 0.638228 0.062039 0.073085 0.065154 0.038675 0.373578 0.355771 0.037041 0.017373 0.047667 0.829569
0.058347 0.044275 0.373893 0.361277 0.334434 0.034279 0.030556 0.036155 0.014396 0.065052 0.061209 0.049888 0.042428 0.028969 0.059913 0.035957 0.406239 0.395673 0.029747 0.047448 0.041038 0.090843 0.047279 0.227551 0.225812 0.024330 0.024330 0.044547 0.053118 0.195165 1.280475 1.252928 1.256182 1.252407 1.249846 1.259090 0.219340 0.056542 0.091301 0.105797 0.035867 0.038627 0.029701 0.047508 1.568273 1.567396 0.533246 0.055394 0.072578 0.086713 0.086576 0.076859 0.047856 0.443719 0.425037 0.028252 0.017373 0.034014 0.833142
0.056408 0.035060 0.534630 1.444439 0.442304 0.040709 0.030738 0.029077 0.040001 0.044610 0.036814 0.075164 0.053471 0.045091 0.036462 0.274798 1.259459 0.316081 0.029685 0.046700 0.046378 0.029107 0.046378 0.118256 1.061639 0.034243 0.041309 0.031537 0.069829 0.036876 0.234822 2.242156 2.249646 2.249974 1.240783 1.244375 0.203874 0.051703 0.073341 0.068749 0.055244 0.050804 0.063210 0.051383 0.098321 0.076765 0.033852 0.018943 0.047432 0.036720 0.025474 0.019204 0.031487 0.483186 0.494807 0.534211 0.044206 0.830453 0.817302
0.043746 0.040827 1.410660 1.445833 0.439983 0.346189 0.040866 0.049138 0.035031 0.047449 0.037331 0.173912 0.179872 0.244059 0.282753 1.309497 2.316037 1.291449 0.212016 0.030791 0.035455 0.026584 0.033425 1.037801 1.067323 0.042391 0.036406 1.009955 0.998355 0.025541 0.227857 2.250285 2.249644 2.247675 2.236895 1.243511 0.196862 0.043816 0.049705 0.430674 0.408752 0.366373 0.037788 0.020423 0.031548 0.036155 0.038077 0.025322 0.061958 0.035713 0.080943 0.050850 0.582014 0.498725 0.496591 0.526222 0.069987 0.078400 0.078040
0.028070 0.402114 1.478524 1.466891 0.436394 0.407275 0.358792 0.053892 0.064698 0.129642 0.176903 1.245405 1.235909 0.292117 0.288280 1.315820 1.337292 1.313809 0.175610 0.103327 0.062265 0.096501 0.072869 1.022034 1.044529 0.991398 1.997236 3.019469 3.019864 0.980417 0.034793 0.159964 0.167634 1.223925 1.225197 0.212861 0.205441 0.040871 0.043892 0.431138 0.431158 0.408225 0.359907 0.032939 0.029319 0.017373 0.017373 0.086604 0.060480 0.643535 0.665040 0.640299 0.612686 0.042785 0.049184 0.070673 0.110115 0.120433 0.024925
0.043283 0.436899 1.474430 1.473255 0.440364 0.424924 0.432624 0.442570 0.185700 0.139788 0.204980 1.265447 0.187181 0.027010 0.014396 0.034812 0.026085 0.148494 0.269155 0.230423 0.118845 1.026838 1.079340 1.015893 1.045391 2.001779 3.011004 3.027572 2.015357 1.998839 0.061630 0.028587 0.028587 0.048560 0.173162 0.203550 0.204564 0.041236 0.045387 0.396767 0.420750 0.371632 0.350486 0.254480 0.035501 0.025703 0.025703 0.081797 0.059257 0.074725 0.702531 0.044502 0.060083 0.075667 0.018501 0.023751 0.139790 0.141934 0.025841
0.386488 0.438248 1.464978 1.464922 0.418837 0.399791 0.401563 0.041415 0.046280 0.096387 0.132364 0.164459 0.020424 0.031450 0.037850 0.033769 0.025826 0.087336 0.211402 0.216854 1.079133 1.093594 1.082613 0.069404 0.063258 0.972536 3.012828 2.014304 1.009350 0.978920 0.067656 0.024330 0.024330 0.031487 0.022866 0.164954 0.204353 0.045046 0.059654 0.042229 0.031898 0.305809 1.324102 1.338271 0.223011 0.199306 0.046227 0.067512 0.062217 0.046638 0.046318 0.017967 0.026115 0.088313 0.122308 0.031364 0.034461 0.037026 0.048866
0.435395 1.439131 1.457476 1.454165 0.367125 0.302896 0.025240 0.049235 0.023981 0.146268 0.168504 0.079665 0.056678 0.051141 0.035193 0.133824 0.033016 0.050994 0.184981 0.184405 0.147829 0.131042 0.106831 0.027075 0.024254 0.124841 0.934268 0.978125 1.004660 0.969002 0.071170 0.029564 0.029564 0.030922 0.114492 0.153399 0.168053 0.047431 0.071862 0.018959 0.045428 0.248977 1.337931 0.293729 0.217995 0.202964 0.038292 0.048196 0.047462 0.045555 0.017967 0.021034 0.026954 0.065273 0.089196 0.026145 0.031564 0.027306 -9999.000000
0.425576 1.435471 1.451794 1.448626 0.289401 0.983066 0.061376 0.030561 0.031587 0.132279 0.145162 0.069716 0.054382 0.042142 0.590578 0.081445 0.089602 0.030288 0.157342 0.156198 0.145157 0.144581 0.029334 0.040200 0.026740 0.165361 0.157897 0.120557 1.006721 0.979306 0.073680 0.024330 0.024330 0.037270 0.083191 0.110652 0.101981 0.031514 0.019082 0.026314 0.022514 0.018440 0.020531 0.136869 -9999.000000 -9999.000000 -9999.000000 -9999.000000 -9999.000000 -9999.000000 -9999.000000 -9999.000000 -9999.000000 -9999.000000 -9999.000000 -9999.000000 -9999.000000 -9999.000000 -9999.000000
0.421558 1.441088 1.470921 1.466366 0.267988 0.924438 0.890078 0.038074 0.032908 0.911633 0.904452 0.037268 0.545615 0.546180 0.567861 0.056679 0.090579 0.020491 0.107905 0.109871 0.123635 0.135514 0.036260 0.038017 0.211813 0.197377 0.180938 0.162777 0.113361 0.098021 0.014396 0.042036 0.031624 -9999.000000 -9999.000000 -9999.000000 -9999.000000 -9999.000000 -9999.000000 -9999.000000 -9999.000000 -9999.000000 -9999.000000 -9999.000000 -9999.000000 -9999.000000 -9999.000000 -9999.000000 -9999.000000 -9999.000000 -9999.000000 -9999.000000 -9999.000000 -9999.000000 -9999.000000 -9999.000000 -9999.000000 -9999.000000 -9999.000000
0.040031 0.038353 0.038720 0.028802 0.206526 1.806303 1.909631 1.910786 1.908471 0.975156 0.962302 0.022667 0.567100 0.565068 1.594364 1.588228 0.560711 0.031750 0.766086 0.770110 0.077297 0.124415 0.040658 0.041053 1.249919 1.249219 0.199110 0.154979 0.136385 0.127736 0.019309 0.074478 0.044234 -9999.000000 -9999.000000 -9999.000000 -9999.000000 -9999.000000 -9999.000000 -9999.000000 -9999.000000 -9999.000000 -9999.000000 -9999.000000 -9999.000000 -9999.000000 -9999.000000 -9999.000000 -9999.000000 -9999.000000 -9999.000000 -9999.000000 -9999.000000 -9999.000000 -9999.000000 -9999.000000 -9999.000000 -9999.000000 -9999.000000
0.037224 0.040306 0.051093 0.017373 0.025703 2.926231 1.935834 1.941980 1.910726 1.001573 0.980598 0.350076 0.502338 0.543481 1.607380 1.591830 1.571110 0.616249 0.737964 0.718470 0.670309 0.103922 0.048603 0.048210 1.244841 1.243741 0.196207 0.024284 0.023399 0.108457 0.088479 0.070658 -9999.000000 -9999.000000 -9999.000000 -9999.000000 -9999.000000 -9999.000000 -9999.000000 -9999.000000 -9999.000000 -9999.000000 -9999.000000 -9999.000000 -9999.000000 -9999.000000 -9999.000000 -9999.000000 -9999.000000 -9999.000000 -9999.000000 -9999.000000 -9999.000000 -9999.000000 -9999.000000 -9999.000000 -9999.000000 -9999.000000 -9999.000000
0.054421 0.056525 0.031914 0.017373 0.025703 2.912044 1.900882 0.889669 0.867606 0.165246 0.245920 0.398057 0.495117 0.532161 0.560491 0.580869 1.583751 0.568975 0.108025 0.088206 0.094620 0.041771 0.068824 0.050255 0.192840 0.180854 0.019309 0.014396 0.024284 0.090561 0.099310 0.057373 -9999.000000 -9999.000000 -9999.000000 -9999.000000 -9999.000000 -9999.000000 -9999.000000 -9999.000000 -9999.000000 -9999.000000 -9999.000000 -9999.000000 -9999.000000 -9999.000000 -9999.000000 -9999.000000 -9999.000000 -9999.000000 -9999.000000 -9999.000000 -9999.000000 -9999.000000 -9999.000000 -9999.000000 -9999.000000 -9999.000000 -9999.000000
0.965891 0.957042 0.035095 0.045614 1.800911 2.884934 1.897558 1.855832 0.121530 0.238787 0.297717 0.415710 0.497345 0.531907 0.551779 0.555104 0.552197 0.097404 0.186283 0.025948 0.050560 0.033195 0.044533 0.029136 0.038993 0.159211 0.189169 0.020317 0.085037 0.077833 0.057848 -9999.000000 -9999.000000 -9999.000000 -9999.000000 -9999.000000 -9999.000000 -9999.000000 -9999.000000 -9999.000000 -9999.000000 -9999.000000 -9999.000000 -9999.000000 -9999.000000 -9999.000000 -9999.000000 -9999.000000 -9999.000000 -9999.000000 -9999.000000 -9999.000000 -9999.000000 -9999.000000 -9999.000000 -9999.000000 -9999.000000 -9999.000000 -9999.000000
1.019640 0.982647 0.923702 0.460660 2.793089 1.815702 0.827987 1.846855 0.734698 0.245357 0.213736 0.038474 0.030174 0.035683 0.027503 0.094990 0.125276 0.014396 0.299991 0.297002 0.066202 0.048361 0.070824 0.021858 0.028557 0.126950 0.149352 0.081240 0.063795 0.047162 -9999.000000 -9999.000000 -9999.000000 -9999.000000 -9999.000000 -9999.000000 -9999.000000 -9999.000000 -9999.000000 -9999.000000 -9999.000000 -9999.000000 -9999.000000 -9999.000000 -9999.000000 -9999.000000 -9999.000000 -9999.000000 -9999.000000 -9999.000000 -9999.000000 -9999.000000 -9999.000000 -9999.000000 -9999.000000 -9999.000000 -9999.000000 -9999.000000 -9999.000000
0.965376 0.969129 0.946379 0.439577 1.704689 0.081672 0.051313 0.756083 0.115158 0.249448 0.207589 0.058618 0.042122 0.046760 0.033805 0.021156 0.180093 0.182757 0.025748 0.341823 0.075752 0.049614 0.029411 0.017373 0.032921 0.101831 0.108913 0.121698 -9999.000000 -9999.000000 -9999.000000 -9999.000000 -9999.000000 -9999.000000 -9999.000000 -9999.000000 -9999.000000 -9999.000000 -9999.000000 -9999.000000 -9999.000000 -9999.000000 -9999.000000 -9999.000000 -9999.000000 -9999.000000 -9999.000000 -9999.000000 -9999.000000 -9999.000000 -9999.000000 -9999.000000 -9999.000000 -9999.000000 -9999.000000 -9999.000000 -9999.000000 -9999.000000 -9999.000000
0.937555 0.916868 0.141842 0.282118 0.108807 0.123761 0.037207 0.038002 0.032904 0.254893 0.212756 0.051962 0.040979 0.041069 0.227381 0.221167 1.208538 0.140217 0.053150 0.034035 0.056131 0.070092 0.032798 0.017373 0.029609 0.022485 0.054498 0.085677 -9999.000000 -9999.000000 -9999.000000 -9999.000000 -9999.000000 -9999.000000 -9999.000000 -9999.000000 -9999.000000 -9999.000000 -9999.000000 -9999.000000 -9999.000000 -9999.000000 -9999.000000 -9999.000000 -9999.000000 -9999.000000 -9999.000000 -9999.000000 -9999.000000 -9999.000000 -9999.000000 -9999.000000 -9999.000000 -9999.000000 -9999.000000 -9999.000000 -9999.000000 -9999.000000 -9999.000000
0.937827 0.933937 0.149967 0.240924 0.126420 0.150395 0.064226 0.023781 0.025353 0.085975 0.039055 0.025597 0.028404 0.044533 0.204565 0.213101 1.210204 0.025337 0.026297 0.036003 0.018379 0.022300 0.024681 -9999.000000 -9999.000000 -9999.000000 -9999.000000 -9999.000000 -9999.000000 -9999.000000 -9999.000000 -9999.000000 -9999.000000 -9999.000000 -9999.000000 -9999.000000 -9999.000000 -9999.000000 -9999.000000 -9999.000000 -9999.000000 -9999.000000 -9999.000000 -9999.000000 -9999.000000 -9999.000000 -9999.000000 -9999.000000 -9999.000000 -9999.000000 -9999.000000 -9999.000000 -9999.000000 -9999.000000 -9999.000000 -9999.000000 -9999.000000 -9999.000000 -9999.000000
2.935386 1.914134 1.846181 0.874884 0.129439 0.162727 0.101754 0.026009 0.034904 0.046165 0.064506 0.017373 0.025703 0.048241 0.029336 0.134541 0.130678 0.014396 -9999.000000 -9999.000000 -9999.000000 -9999.000000 -9999.000000 -9999.000000 -9999.000000 -9999.000000 -9999.000000 -9999.000000 -9999.000000 -9999.000000 -9999.000000 -9999.000000 -9999.000000 -9999.000000 -9999.000000 -9999.000000 -9999.000000 -9999.000000 -9999.000000 -9999.000000 -9999.000000 -9999.000000 -9999.000000 -9999.000000 -9999.000000 -9999.000000 -9999.000000 -9999.000000 -9999.000000 -9999.000000 -9999.000000 -9999.000000 -9999.000000 -9999.000000 -9999.000000 -9999.000000 -9999.000000 -9999.000000 -9999.000000
3.925579 2.935597 2.893515 2.925805 0.045158 0.084327 0.149009 0.255474 0.237450 0.048551 0.020134 0.017373 0.025703 0.033759 0.043115 -9999.000000 -9999.000000 -9999.000000 -9999.000000 -9999.000000 -9999.000000 -9999.000000 -9999.000000 -9999.000000 -9999.000000 -9999.000000 -9999.000000 -9999.000000 -9999.000000 -9999.000000 -9999.000000 -9999.000000 -9999.000000 -9999.000000 -9999.000000 -9999.000000 -9999.000000 -9999.000000 -9999.000000 -9999.000000 -9999.000000 -9999.000000 -9999.000000 -9999.000000 -9999.000000 -9999.000000 -9999.000000 -9999.000000 -9999.000000 -9999.000000 -9999.000000 -9999.000000 -9999.000000 -9999.000000 -9999.000000 -9999.000000 -9999.000000 -9999.000000 -9999.000000
1.883613 2.897140 2.902342 2.910462 0.044532 0.042565 0.020179 0.054376 0.053062 0.070625 0.079704 0.027686 0.030114 -9999.000000 -9999.000000 -9999.000000 -9999.000000 -9999.000000 -9999.000000 -9999.000000 -9999.000000 -9999.000000 -9999.000000 -9999.000000 -9999.000000 -9999.000000 -9999.000000 -9999.000000 -9999.000000 -9999.000000 -9999.000000 -9999.000000 -9999.000000 -9999.000000 -9999.000000 -9999.000000 -9999.000000 -9999.000000 -9999.000000 -9999.000000 -9999.000000 -9999.000000 -9999.000000 -9999.000000 -9999.000000 -9999.000000 -9999.000000 -9999.000000 -9999.000000 -9999.000000 -9999.000000 -9999.000000 -9999.000000 -9999.000000 -9999.000000 -9999.000000 -9999.000000 -9999.000000 -9999.000000
0.127312 0.780041 1.861336 0.061101 0.051124 0.030633 0.017373 0.033209 0.020882 0.067635 0.048333 -9999.000000 -9999.000000 -9999.000000 -9999.000000 -9999.000000 -9999.000000 -9999.000000 -9999.000000 -9999.000000 -9999.000000 -9999.000000 -9999.000000 -9999.000000 -9999.000000 -9999.000000 -9999.000000 -9999.000000 -9999.000000 -9999.000000 -9999.000000 -9999.000000 -9999.000000 -9999.000000 -9999.000000 -9999.000000 -9999.000000 -9999.000000 -9999.000000 -9999.000000 -9999.000000 -9999.000000 -9999.000000 -9999.000000 -9999.000000 -9999.000000 -9999.000000 -9999.000000 -9999.000000 -9999.000000 -9999.000000 -9999.000000 -9999.000000 -9999.000000 -9999.000000 -9999.000000 -9999.000000 -9999.000000 -9999.000000
0.070873 0.082668 0.094366 0.055046 0.024377 0.046302 0.017373 0.027137 0.060416 0.048560 -9999.000000 -9999.000000 -9999.000000 -9999.000000 -9999.000000 -9999.000000 -9999.000000 -9999.000000 -9999.000000 -9999.000000 -9999.000000 -9999.000000 -9999.000000 -9999.000000 -9999.000000 -9999.000000 -9999.000000 -9999.000000 -9999.000000 -9999.000000 -9999.000000 -9999.000000 -9999.000000 -9999.000000 -9999.000000 -9999.000000 -9999.000000 -9999.000000 -9999.000000 -9999.000000 -9999.000000 -9999.000000 -9999.000000 -9999.000000 -9999.000000 -9999.000000 -9999.000000 -9999.000000 -9999.000000 -9999.000000 -9999.000000 -9999.000000 -9999.000000 -9999.000000 -9999.000000 -9999.000000 -9999.000000 -9999.000000 -9999.000000
0.107085 0.040459 0.089616 0.109977 0.055504 0.037850 0.038735 0.056740 0.039834 -9999.000000 -9999.000000 -9999.000000 -9999.000000 -9999.000000 -9999.000000 -9999.000000 -9999.000000 -9999.000000 -9999.000000 -9999.000000 -9999.000000 -9999.000000 -9999.000000 -9999.000000 -9999.000000 -9999.000000 -9999.000000 -9999.000000 -9999.000000 -9999.000000 -9999.000000 -9999.000000 -9999.000000 -9999.000000 -9999.000000 -9999.000000 -9999.000000 -9999.000000 -9999.000000 -9999.000000 -9999.000000 -9999.000000 -9999.000000 -9999.000000 -9999.000000 -9999.000000 -9999.000000 -9999.000000 -9999.000000 -9999.000000 -9999.000000 -9999.000000 -9999.000000 -9999.000000 -9999.000000 -9999.000000 -9999.000000 -9999.000000 -9999.000000
