use_cases/Flooding_chicago/flooding_data/output/h_840.asc
ncols 337
nrows 393
xllcorner 428428.000000
yllcorner 4602440.000000
cellsize 26.757400
NODATA_value -9999.000000
[rows 54 to 80 of 393, columns 236 to 294 of 337]
0.037085 0.031350 0.031547 0.042533 0.047569 0.077634 -9999.000000 -9999.000000 -9999.000000 -9999.000000 -9999.000000 -9999.000000 -9999.000000 -9999.000000 -9999.000000 -9999.000000 -9999.000000 -9999.000000 -9999.000000 -9999.000000 -9999.000000 -9999.000000 -9999.000000 -9999.000000 -9999.000000 -9999.000000 -9999.000000 -9999.000000 -9999.000000 -9999.000000 -9999.000000 -9999.000000 -9999.000000 -9999.000000 -9999.000000 -9999.000000 -9999.000000 -9999.000000 -9999.000000 -9999.000000 0.022591 0.022591 0.045936 0.047386 0.053292 0.529675 0.528504 0.341022 0.256035 0.069542 0.055291 0.035545 0.034584 0.053438 0.233638 0.289977 0.019570 0.948614 0.918166
0.251793 0.028328 0.028542 0.056722 0.038231 0.093056 -9999.000000 -9999.000000 -9999.000000 -9999.000000 -9999.000000 -9999.000000 -9999.000000 -9999.000000 -9999.000000 -9999.000000 -9999.000000 -9999.000000 -9999.000000 -9999.000000 -9999.000000 -9999.000000 -9999.000000 -9999.000000 -9999.000000 -9999.000000 -9999.000000 -9999.000000 -9999.000000 -9999.000000 -9999.000000 -9999.000000 -9999.000000 -9999.000000 -9999.000000 -9999.000000 -9999.000000 -9999.000000 -9999.000000 -9999.000000 0.046028 0.052651 0.034401 0.036475 0.031989 0.023491 0.022301 0.321064 0.286143 0.065039 0.046898 0.034905 0.037361 0.048623 0.193903 0.235020 0.152371 1.913899 2.930081
0.245268 0.157068 0.076652 0.271884 0.243288 0.154327 0.067134 0.064388 0.031364 -9999.000000 -9999.000000 -9999.000000 -9999.000000 -9999.000000 -9999.000000 -9999.000000 -9999.000000 -9999.000000 -9999.000000 -9999.000000 -9999.000000 -9999.000000 -9999.000000 -9999.000000 -9999.000000 -9999.000000 -9999.000000 -9999.000000 -9999.000000 -9999.000000 -9999.000000 -9999.000000 -9999.000000 -9999.000000 -9999.000000 -9999.000000 -9999.000000 -9999.000000 -9999.000000 -9999.000000 0.039833 0.033484 0.045371 0.041389 0.082145 0.078944 0.089163 0.159297 0.752967 0.119987 0.031822 0.029671 0.014396 0.038046 0.165892 0.214355 0.793162 1.930944 2.934443
0.174950 0.152092 0.330274 0.331841 0.261715 0.136304 0.127541 0.066926 0.058167 -9999.000000 -9999.000000 -9999.000000 -9999.000000 -9999.000000 -9999.000000 -9999.000000 -9999.000000 -9999.000000 -9999.000000 -9999.000000 -9999.000000 -9999.000000 -9999.000000 -9999.000000 -9999.000000 -9999.000000 -9999.000000 -9999.000000 -9999.000000 -9999.000000 -9999.000000 -9999.000000 -9999.000000 -9999.000000 -9999.000000 -9999.000000 -9999.000000 -9999.000000 -9999.000000 0.014396 0.044242 0.041129 0.052104 1.762148 3.758762 2.830777 0.742011 0.804179 0.730839 0.155922 0.040626 0.036756 0.044822 0.030738 0.125374 0.166149 0.851334 1.915936 1.925896
0.150752 0.123414 0.358241 0.349676 0.222290 0.250428 0.436525 0.277673 0.280866 0.159870 0.075833 -9999.000000 -9999.000000 -9999.000000 -9999.000000 -9999.000000 -9999.000000 -9999.000000 -9999.000000 -9999.000000 -9999.000000 -9999.000000 -9999.000000 -9999.000000 -9999.000000 -9999.000000 -9999.000000 -9999.000000 -9999.000000 -9999.000000 -9999.000000 -9999.000000 -9999.000000 -9999.000000 -9999.000000 -9999.000000 -9999.000000 -9999.000000 -9999.000000 0.031716 0.046210 0.064461 0.532668 2.829436 4.773433 3.840105 1.817980 0.832690 0.699750 0.144927 0.167553 0.044325 0.023943 0.065047 0.824198 0.817247 0.844015 0.814482 0.885967
0.022011 0.058003 0.340242 0.368300 0.020942 0.157470 0.071223 0.149450 0.220989 0.139365 0.216922 0.020683 0.018882 0.024513 0.014396 -9999.000000 -9999.000000 -9999.000000 -9999.000000 -9999.000000 -9999.000000 -9999.000000 -9999.000000 -9999.000000 -9999.000000 -9999.000000 -9999.000000 -9999.000000 -9999.000000 -9999.000000 -9999.000000 -9999.000000 -9999.000000 -9999.000000 -9999.000000 -9999.000000 -9999.000000 -9999.000000 -9999.000000 0.018868 0.047051 0.059822 0.067170 3.854642 4.758323 3.870340 2.847451 2.795425 0.557736 0.248318 0.343738 0.625143 0.804358 0.832261 0.840560 1.862544 0.706820 0.190467 0.148583
0.033744 0.258192 0.289307 0.036950 0.022698 0.037987 0.038270 0.077756 0.114489 0.179097 0.726380 0.782518 0.068743 0.039757 0.042764 0.019309 0.014396 -9999.000000 -9999.000000 -9999.000000 -9999.000000 -9999.000000 -9999.000000 -9999.000000 -9999.000000 -9999.000000 -9999.000000 -9999.000000 -9999.000000 -9999.000000 -9999.000000 -9999.000000 -9999.000000 -9999.000000 -9999.000000 -9999.000000 -9999.000000 -9999.000000 0.014396 0.025612 0.020973 0.037834 0.053406 3.850398 3.797984 2.870771 2.855639 3.780846 1.393314 0.144111 0.148169 0.021853 0.851768 0.845057 0.859293 0.799233 0.224032 0.152490 1.294376
0.095540 0.160752 0.042951 0.033562 0.020179 0.027764 0.051385 0.102861 0.948193 3.008479 4.015753 4.013746 1.959611 0.095597 0.033743 0.041665 0.026055 0.014396 -9999.000000 -9999.000000 -9999.000000 -9999.000000 -9999.000000 -9999.000000 -9999.000000 -9999.000000 -9999.000000 -9999.000000 -9999.000000 -9999.000000 -9999.000000 -9999.000000 -9999.000000 -9999.000000 -9999.000000 -9999.000000 -9999.000000 0.028510 0.037438 0.069968 0.064506 0.066388 0.060768 0.767441 0.764469 1.836560 3.801100 3.772209 1.464455 0.078538 0.072736 0.038651 0.021110 0.052202 0.841868 0.852152 0.125623 0.205862 1.279598
0.109888 0.086877 0.037957 0.028999 0.017373 0.036675 0.049065 0.082665 1.946501 3.035995 3.039169 3.993300 1.944785 0.137498 0.025820 0.101464 1.018597 0.027019 0.014396 0.075523 0.020515 0.018540 -9999.000000 -9999.000000 -9999.000000 -9999.000000 -9999.000000 -9999.000000 -9999.000000 -9999.000000 -9999.000000 -9999.000000 -9999.000000 -9999.000000 -9999.000000 -9999.000000 -9999.000000 0.035761 0.037849 0.066751 0.060677 0.069511 0.079667 0.132292 0.690365 1.808758 3.772205 3.806616 1.689905 0.608204 0.060500 0.038823 0.035760 0.017373 0.120510 0.119363 0.181276 0.218162 0.062020
0.251888 0.071265 0.042291 0.040260 0.017373 0.019462 0.020913 0.037879 0.049613 0.142735 0.029162 0.079659 0.081794 0.120018 1.116969 2.185482 2.166401 0.131741 0.076561 0.102700 0.079415 0.023888 0.017967 0.030144 0.043280 0.034967 -9999.000000 -9999.000000 -9999.000000 -9999.000000 -9999.000000 -9999.000000 -9999.000000 -9999.000000 -9999.000000 -9999.000000 -9999.000000 0.040260 0.041037 0.071723 0.061242 0.066307 0.095559 0.161681 1.634993 2.770991 3.801047 1.733417 1.629617 1.679662 0.109899 0.029990 0.030512 0.017373 0.174583 0.056695 0.094003 0.109351 0.059762
0.049675 0.037360 0.028007 0.041114 0.029122 0.032129 0.036278 0.064717 0.053530 0.042185 0.037796 0.036926 0.033574 0.038248 1.070454 3.193174 2.220585 0.168468 0.076576 0.104912 0.078469 0.031932 0.021034 0.017967 0.053979 0.038748 0.026909 0.023765 0.022285 0.018379 0.022269 0.019950 0.266785 0.048759 0.036049 0.031333 0.032829 0.018272 0.053003 0.026328 0.057625 0.045252 0.129450 0.114849 0.106564 0.500532 0.558866 0.527064 0.465862 0.449240 0.171367 0.152519 0.169197 0.128623 0.167138 0.077401 0.111900 0.125556 0.077079
0.043618 0.033517 0.030007 0.028221 0.048836 0.047074 0.512114 1.753024 1.763437 0.771917 0.777685 0.754676 0.057025 0.020196 0.046636 0.136254 1.187151 0.150715 0.022591 0.022591 0.042168 0.075966 0.025657 0.024848 0.038034 0.040627 0.080021 1.116332 1.120776 1.121643 0.073130 0.141739 0.384801 0.041986 0.047676 0.040870 0.043386 0.021858 0.049675 0.054909 0.063316 0.220270 0.184198 0.132028 0.072115 0.096443 0.102493 0.094767 0.057441 0.106057 0.077002 0.083383 0.169785 0.109220 0.132926 0.072089 0.040459 0.057396 0.084009
0.053078 0.018441 0.023521 0.038643 0.047966 0.128491 0.557329 2.771997 2.779838 2.785019 2.792034 1.750457 0.072904 0.030586 0.027151 0.033470 0.060797 0.065346 0.022591 0.022591 0.052665 0.109734 0.077125 0.055250 0.052805 0.162464 1.069071 1.121690 1.122071 1.124569 0.060590 0.202560 0.145219 0.037728 0.037773 0.034735 0.042916 0.022316 0.048302 0.047416 0.061355 0.077278 0.070421 0.079324 0.053994 0.046106 0.123272 0.057136 0.029183 0.119057 0.066184 0.070336 0.039374 0.047264 0.035515 0.053245 0.027867 0.036292 0.041649
0.032601 0.056847 0.049705 0.097723 0.048975 0.070537 0.523513 1.746509 2.782084 2.777493 2.770421 0.592677 0.079970 0.034294 0.037438 0.021736 0.085014 0.065498 0.021781 0.043846 0.034171 0.093612 0.605543 0.645228 0.044425 0.030877 0.096009 1.122567 0.088058 0.065177 0.249653 0.228540 1.210921 0.143830 0.046219 0.049157 0.030952 0.021858 0.044014 0.036446 0.062070 0.039544 0.023626 0.132153 0.038472 0.049996 0.066582 0.086357 0.041694 0.047158 0.062690 0.033669 0.058297 0.038948 0.041862 0.039055 0.030464 0.020134 0.034080
0.031334 0.051156 0.047829 0.106591 0.105067 0.121942 0.097530 0.600568 0.686188 0.658418 0.049553 0.072561 0.102727 0.033303 0.027610 0.062447 0.029210 0.540292 0.516279 0.375255 0.656475 0.641756 0.657446 0.692048 0.017967 0.040109 0.096819 0.088526 0.278748 0.272500 0.248069 0.222743 0.215581 0.014396 0.163525 0.046444 0.043972 0.018272 0.030281 0.056857 0.044538 0.427206 0.388194 0.034567 0.030052 0.043617 0.053068 0.059167 0.074120 0.023567 0.022941 0.282703 0.045387 0.037682 0.026361 0.027733 0.017373 0.017373 0.020179
0.055733 0.033073 0.018256 0.022560 0.035836 0.049950 0.051459 0.136250 0.239264 0.018929 0.024453 0.033745 0.036261 0.034218 0.052621 0.039176 0.063068 0.514355 0.499356 0.396823 0.637752 1.556076 1.650593 1.669329 0.021034 0.017967 0.030292 0.062715 0.255507 0.271076 0.238435 0.204870 0.181984 0.133437 0.163289 0.094186 0.030907 0.020470 0.034172 0.312626 2.474979 2.467023 1.471387 0.046307 0.036264 0.014396 0.075009 0.078178 0.085152 0.027366 0.023507 0.264816 0.163323 0.029746 0.032098 0.032417 0.020134 0.046261 0.031426
0.059854 0.038491 0.040428 0.024589 0.040714 0.049064 0.046198 0.052945 0.337145 0.422836 0.434625 0.036202 0.042824 0.029518 0.088416 0.065090 0.754347 0.649519 0.540620 0.424724 0.618891 1.575753 1.647530 2.670883 0.626105 0.050046 0.041219 0.025809 0.043110 0.195700 0.197658 0.148713 0.129673 0.428241 1.519608 0.447527 0.032981 0.039285 0.466646 1.469610 3.465156 3.458535 2.452265 0.042329 0.030234 0.044144 0.055273 0.069329 0.076714 0.019309 0.167631 0.209278 0.132323 0.039314 0.040519 0.020363 0.046440 0.037055 0.127495
0.086963 0.036445 0.039545 0.031715 0.026123 0.033043 0.046317 0.040582 0.041757 0.422684 0.456648 0.034354 0.034935 0.043617 0.061456 1.878036 1.944342 0.727815 0.525638 0.419740 0.273157 0.167072 1.615393 2.656627 2.679943 1.661877 0.645637 0.023149 0.057194 0.038477 0.118254 0.383133 1.598385 2.551933 3.611897 1.581682 0.082761 0.042990 0.356763 1.442166 2.454333 3.458966 2.446835 0.405352 0.058853 0.093441 0.160513 0.039558 0.045938 0.935134 0.066387 0.823154 0.063152 0.037986 0.033180 0.021172 0.065086 0.076699 0.122582
1.390033 0.117738 0.066457 0.035774 0.017373 0.026436 0.030007 0.044425 0.053138 0.423825 0.458845 0.030648 0.027001 0.150970 1.867559 2.942380 2.971183 0.832905 0.044682 0.027886 0.033668 0.043684 0.446276 2.651274 3.676439 3.675106 2.660404 0.502384 0.020377 0.031822 0.073543 1.277234 3.600790 3.585284 3.597989 0.415065 0.066731 0.049076 0.021084 0.060528 1.473691 2.490480 3.466805 1.426949 0.574237 0.574758 0.160408 0.319423 0.024955 1.904181 1.873108 1.882935 0.740497 0.111867 0.063879 0.042503 0.076637 0.093117 0.062980
0.246673 0.063531 0.064141 0.039817 0.017373 0.032250 0.032157 0.037147 0.058633 0.420374 0.453486 0.020225 0.034877 0.204964 1.838519 2.913907 2.945060 1.921222 0.059918 0.019309 0.059838 0.034198 0.049256 2.661350 3.667845 3.676021 2.661589 0.034948 0.017967 0.032539 0.065419 0.291147 1.377617 2.511443 1.312483 0.040475 0.032006 0.032676 0.020134 0.030297 0.053827 2.486825 4.473421 1.434534 0.614390 0.625267 0.658963 0.332227 0.569610 0.692742 1.801409 0.612407 0.057083 0.053048 0.073616 0.029047 0.145801 0.078727 0.045890
0.041863 0.057824 0.042480 0.051704 0.021812 0.028390 0.050117 0.121533 0.083108 0.400068 0.389711 0.265975 0.493911 0.379779 0.301732 0.798053 1.903224 1.888045 0.071823 0.027366 0.023507 0.031761 0.022957 0.600031 1.685849 2.675566 0.589689 0.045397 0.021034 0.017967 0.025332 0.050728 0.058543 0.073024 0.066876 0.033760 0.026131 0.017373 0.017373 0.020179 0.021302 1.285931 3.484930 1.469734 0.597530 0.576757 0.046407 0.046083 0.031869 0.035332 0.106794 0.042177 0.027153 0.032737 0.026666 0.037300 0.128088 0.112850 0.042993
0.020134 0.039573 0.032417 0.020668 0.033257 0.033333 0.038140 0.148674 0.503882 0.436481 0.387432 0.298419 0.155343 0.388291 0.375248 0.304375 0.795695 0.851648 0.029915 0.023567 0.022941 0.035590 0.061405 0.050826 0.664095 0.660035 0.627669 0.058043 0.030116 0.029368 0.681042 0.025936 0.027611 0.014396 0.053397 0.023857 0.028283 0.044563 0.029976 0.038627 0.046145 1.427015 1.441070 0.449477 0.521347 0.045666 0.041744 0.047984 0.029914 0.037789 0.039269 0.041450 0.017373 0.017373 0.032554 0.062315 0.107551 0.432908 0.421294
0.017373 0.017373 0.029487 0.031150 0.047081 0.041985 0.099509 0.254659 0.146113 0.087853 1.313962 0.267775 0.139550 0.422869 0.436918 1.474274 0.320945 0.019306 0.037086 0.030556 0.034385 0.665330 0.033203 0.030284 0.657296 0.655230 1.663285 0.624028 0.040447 0.033014 1.682197 0.674994 0.028577 0.043802 0.052803 0.058623 0.051673 0.028113 0.055839 0.041451 0.267743 1.410458 0.396316 0.032387 0.600524 0.072158 0.045311 0.030342 0.022378 0.021751 0.018241 0.041481 0.038551 0.035468 0.027306 0.050775 0.426646 2.651983 3.695747
0.024985 0.024985 0.041558 0.040779 0.083076 0.193745 0.150474 0.338340 0.033273 0.085380 0.200339 0.192557 0.553360 1.406967 1.507586 1.506283 0.037518 0.025703 0.080031 0.103260 0.634494 0.675772 0.670519 0.663169 0.657665 0.659508 1.656354 1.654768 1.636042 1.644088 1.662912 1.637871 0.628995 0.085072 0.132824 0.118882 0.043069 0.023476 0.049295 0.072779 0.268775 1.397102 0.373263 0.062111 0.564416 0.085537 0.036293 0.039849 0.021751 0.054924 0.056236 0.109443 0.088982 0.074607 0.023429 0.033866 0.469989 3.678085 3.712512
0.028633 0.044863 0.041481 0.048896 0.020043 0.034329 0.119835 0.114404 0.043420 0.082664 0.044869 0.052223 0.051777 0.364697 1.488883 1.504047 0.054718 0.027749 0.066856 0.111570 0.076979 0.657773 0.653061 0.647790 0.640752 0.640924 1.622770 1.641743 2.641951 1.629249 0.584340 1.629618 0.632309 0.619695 0.109288 0.117842 0.036949 0.018684 0.032279 0.061669 0.236049 0.274693 0.059885 0.109184 0.115349 0.063744 0.052086 0.031441 0.018241 0.047843 0.055885 0.075363 0.143294 0.103388 0.051758 0.099364 1.626626 2.677820 2.685686
0.064876 0.073597 0.046139 0.055748 0.030328 0.030143 0.053611 0.061899 0.064231 0.064827 0.047372 0.034049 0.044197 0.289099 1.456507 1.437058 0.076888 0.022423 0.043389 0.041771 0.084137 0.535684 0.035975 0.480083 0.468991 0.468823 0.039379 1.648687 1.621196 0.054303 0.030464 0.062274 0.618076 0.659455 0.091815 0.110864 0.026955 0.028801 0.042091 0.056759 0.060612 0.071626 0.044502 0.072761 0.103066 0.081247 0.081612 0.119937 0.038764 0.043814 0.023400 0.054375 0.102301 0.327021 0.267225 0.612061 1.551120 1.625030 0.570682
1.332227 1.329247 0.224991 0.089170 0.030754 0.049126 0.020775 0.053092 0.052833 0.060172 0.029030 0.028419 0.039514 0.049110 0.063719 0.316254 0.074305 0.022650 0.033623 0.042137 0.074913 0.082467 0.040017 0.031381 0.051914 0.047546 0.056864 0.064181 0.058352 0.019891 0.039444 0.041931 0.088167 0.090466 0.107388 0.107905 0.029395 0.027565 0.037239 0.166152 0.024498 0.030052 0.048912 0.063793 0.077850 0.061441 0.102532 0.118903 0.027611 0.028710 0.043892 0.037636 0.085431 0.059624 0.252229 0.165006 0.114024 0.099446 0.043999
