use_cases/Flooding_chicago/flooding_data/output/h_840.asc
ncols 337
nrows 393
xllcorner 428428.000000
yllcorner 4602440.000000
cellsize 26.757400
NODATA_value -9999.000000
[rows 216 to 242 of 393, columns 59 to 117 of 337]
0.064816 0.103058 0.063495 0.133043 0.114675 0.050202 0.023467 0.018420 0.258889 0.040699 0.028250 0.018273 0.022652 0.039848 0.226067 0.261435 0.045354 0.082249 0.033104 0.036278 0.027244 0.061139 0.260778 1.398259 0.394719 0.377880 0.353603 0.327711 0.254674 0.804616 0.818132 0.126641 0.114614 0.038948 0.054312 0.066094 0.020607 0.039956 0.093744 0.094134 0.060968 1.241768 2.177297 1.193670 1.186867 1.186211 1.286767 0.788385 0.724991 0.441372 0.397470 0.486973 0.062475 0.035105 0.058454 0.035210 0.063375 0.095200 0.099355
0.071068 0.100959 0.102935 0.024910 0.045896 0.076747 0.027892 0.470494 0.380960 0.073653 0.025943 0.033257 0.028967 0.248160 1.281029 1.273484 0.194476 0.055515 0.020761 0.060004 0.066994 0.058231 0.329996 1.394266 0.025033 0.025886 0.338172 0.330596 0.278317 0.038038 0.074464 0.193292 0.052271 0.048576 0.035622 0.048363 0.019859 0.033882 0.075920 0.070199 0.077198 0.204084 0.268896 0.108368 0.118205 0.576220 0.543387 0.757748 0.727433 0.347991 0.074060 0.025124 0.032219 0.038017 0.047359 0.060303 0.086825 0.112574 0.076171
0.943518 0.980364 0.943600 0.035392 0.037784 0.031899 0.042306 0.487046 0.088293 0.133812 0.162989 0.188570 0.219139 0.253403 1.285397 1.277170 0.232508 0.033010 0.397642 0.340235 0.067937 0.024896 0.023459 0.360078 0.031350 0.034187 0.351424 0.290341 0.033119 0.018745 0.119177 0.072653 0.073919 0.025123 0.031837 0.032524 0.029961 0.053780 0.099999 0.090506 0.048622 0.119137 0.149033 0.209312 0.242995 0.267332 0.298212 0.379709 0.429421 0.189774 0.144471 0.023476 0.024666 0.454332 0.443065 0.444760 0.438821 0.443402 0.094079
0.880293 2.018001 1.956185 0.654037 0.107287 0.046726 0.071352 0.090229 0.144332 0.173148 1.203100 0.232710 0.258797 0.260888 1.283195 1.278766 0.026802 0.034501 0.394341 0.382756 0.020637 0.033470 0.024896 0.033386 0.653721 0.041817 0.051248 0.052848 0.038079 0.023703 0.199782 0.022071 0.037453 0.025078 0.031669 0.031914 0.025994 0.079583 0.053261 0.040231 0.027412 0.034397 0.199648 0.266627 0.294962 0.300542 0.184765 0.272947 0.370974 0.380019 0.261795 0.382418 0.426133 1.491225 1.457632 0.503256 1.608569 0.441707 0.106410
0.773368 0.817429 1.800432 0.588090 0.139820 0.038769 0.062352 0.097706 0.134796 0.182621 1.210994 0.225806 0.261100 0.263961 1.290621 1.287184 0.032158 0.036949 0.398854 0.352315 0.032660 0.020637 0.063037 0.035487 1.665510 0.044899 0.066719 0.037055 0.026939 0.030647 0.235090 0.235464 0.034446 0.038888 0.036294 0.056358 0.042992 0.027275 0.023200 0.018623 0.026252 0.049117 0.029650 0.275884 0.271448 0.129037 0.241675 0.351051 0.509762 0.212385 0.336902 0.395401 0.431446 1.481925 0.470352 0.442015 0.061724 0.094338 0.110275
0.172805 0.225011 0.396875 0.431910 0.229891 0.130468 0.158359 0.067167 0.025489 0.025261 0.188385 0.190829 0.021034 0.017967 0.263191 0.225337 0.026215 0.014396 0.024498 0.265108 0.212776 0.193302 0.039078 0.653757 1.667253 0.532242 0.021568 0.021514 0.036659 0.032432 1.261197 0.219490 0.024680 0.068107 0.039329 0.111456 0.074054 0.094299 0.079487 0.065996 0.054983 0.046787 0.761272 0.062088 0.073594 0.051052 0.068380 0.125139 0.707545 0.297740 1.415834 0.419848 0.446323 0.489665 1.490476 0.364023 0.062239 0.033058 0.039941
0.090846 0.174169 0.344754 0.377711 0.368914 0.103868 0.027476 0.028924 0.017373 0.032448 0.137990 0.163300 0.017967 0.146249 0.200047 0.202864 0.173107 0.030841 0.024725 0.271181 2.291949 2.250718 1.059507 0.585391 0.596299 0.534750 0.135707 0.091406 0.026069 0.025353 0.234920 0.233922 0.018991 0.046898 0.110838 0.125312 0.083125 0.693932 0.730567 0.726736 0.704927 0.773935 0.714875 0.116256 0.049576 0.084291 0.014396 0.285580 0.281667 1.437177 1.417170 1.404381 0.444447 0.492418 1.490523 0.356070 0.087822 0.037514 0.053856
0.089865 0.037922 0.534912 0.522733 0.457583 0.150503 0.027458 0.028923 0.017373 0.027092 1.083882 1.070416 1.050117 1.119385 1.151190 1.190694 1.194357 1.199004 1.196755 1.229772 2.281561 2.241988 0.165226 0.084058 0.145501 0.143191 0.207741 0.120673 0.170435 0.187977 0.202334 0.014396 0.063431 0.129556 0.113697 0.091634 0.057887 1.795645 0.784211 0.785114 1.814014 1.813150 1.735733 0.175521 0.069388 0.128954 0.251914 0.302386 0.340171 1.425521 1.413507 1.400980 0.384837 0.026849 0.027824 0.429839 0.145715 0.168241 0.050301
0.014396 0.090070 0.638984 0.627020 0.187863 0.289125 0.349239 0.039806 0.047443 0.056874 1.075080 1.067757 1.040342 0.126959 0.168526 1.218386 1.208809 2.220023 1.207875 1.232835 1.266203 1.234744 0.039837 0.017373 0.201125 0.060562 0.103498 1.164842 0.172125 0.186228 0.185231 0.153937 0.094040 0.120427 0.149203 0.673338 0.758686 1.818640 0.778947 0.779187 1.816756 1.791387 1.754403 0.279704 0.450381 0.505753 0.232560 0.320443 0.365471 1.421798 1.405359 1.386049 0.346638 0.037590 0.023823 0.025429 0.191444 0.156799 0.047264
0.122955 0.115193 0.686900 0.657136 0.284559 0.388188 0.468917 1.565415 0.635061 0.838971 1.029092 1.039471 1.027636 0.089242 0.139931 1.205545 1.199380 2.208870 1.185207 0.219523 1.297409 0.236995 0.074834 0.017373 0.216361 0.077580 0.129325 1.160069 0.156586 0.018455 0.185290 0.160079 0.099058 0.116697 0.110142 0.614119 1.760112 0.796867 0.780376 0.779340 0.784751 0.754613 0.715858 0.285468 0.442146 0.494475 0.243863 0.343552 0.390296 0.429731 0.446421 0.453719 0.419184 0.031119 0.026115 0.035202 0.046732 0.051769 0.041923
0.140886 0.198970 0.219133 0.259778 0.351632 0.408446 0.476359 1.585438 0.568898 0.087823 0.092175 1.076009 0.040291 0.025597 0.028404 0.039987 0.148082 0.164875 0.032875 0.037980 0.031178 0.348114 0.131112 0.170521 0.174361 0.055630 0.017967 0.193336 0.194383 0.023567 0.030129 0.028632 0.081604 0.087370 0.100694 0.588601 1.768222 0.795266 0.784122 0.782580 0.790061 0.109236 0.178349 0.232797 0.085790 0.155060 0.272786 0.369860 1.411541 0.447687 0.471382 0.485864 0.487890 0.513521 0.109273 0.162349 0.045761 0.021401 0.035353
0.171808 0.247774 0.292023 0.328252 0.366300 0.384293 0.417158 0.426544 0.092944 0.152929 0.135215 0.031929 0.036279 0.017373 0.025703 0.038337 0.033714 0.092533 0.030723 0.035941 0.026183 0.134570 1.214716 0.140366 0.031483 0.017967 0.021034 0.202725 0.209667 0.224629 0.028145 0.042045 0.031091 0.039662 0.034692 0.601955 1.747141 1.748011 0.771234 0.769248 0.770914 0.093251 0.178436 0.190254 0.077950 0.034447 0.037346 0.403812 0.400954 0.464940 0.495924 0.515369 0.526144 0.547583 0.556901 0.185216 0.060428 0.121976 0.165560
0.201977 0.281479 0.330402 0.360350 1.393203 0.374985 0.397905 0.054748 0.109437 0.153414 0.145314 0.036614 0.035835 0.017373 0.025703 0.039926 0.041695 0.040306 0.047768 0.014396 0.026157 0.149994 1.222435 0.028702 0.045870 0.077800 0.107634 0.167169 0.207393 0.229936 0.243254 0.041190 0.043021 0.023202 0.022164 0.033026 2.743104 2.757059 2.756286 1.745022 0.764282 0.720310 0.131471 0.063682 0.117448 0.055351 0.068505 0.018165 0.048982 0.488873 0.517030 0.530861 0.534978 0.523494 0.172304 0.301136 0.481204 0.095617 0.171757
0.240907 0.321064 1.406444 1.414483 1.379336 0.300680 0.076261 0.039431 0.059133 0.078263 0.098395 0.019309 0.014396 0.047432 0.066359 0.296709 1.433982 0.033165 0.030052 0.171788 1.210729 1.221825 1.212772 0.019525 0.173722 1.184721 0.139005 0.100680 0.026023 0.034310 0.038658 0.049598 0.040658 0.043938 0.036584 0.038740 1.734873 2.758896 2.758268 1.755808 0.731965 0.728617 0.043846 0.043689 0.061867 0.079461 0.023750 0.022072 0.093280 0.060765 0.541052 0.544855 0.534668 0.024482 0.018823 0.025452 0.574748 0.599232 0.145621
0.314417 0.344332 0.362051 1.391170 1.359906 0.283724 0.133466 0.024745 0.046120 0.073157 0.119467 0.149731 0.028678 0.042900 0.028359 0.339749 0.374581 0.025184 0.180563 1.219147 1.214508 2.218514 1.212168 1.230340 2.219070 2.218820 1.186663 0.063730 0.025979 0.034157 0.038215 0.047401 0.038750 0.071679 0.070635 0.743266 0.767757 1.782926 1.774486 1.770684 0.684505 0.026943 0.031330 0.068078 0.085166 0.024650 0.028633 0.152729 0.128433 0.099802 0.556111 1.588164 1.565214 0.411370 0.071953 0.036217 0.033371 0.624500 0.096718
1.384266 1.385499 0.348634 0.292262 0.283603 0.130435 0.227893 0.115239 0.044166 0.019142 1.209079 1.206219 0.165458 0.028802 0.029518 0.019844 0.359235 0.023858 0.024823 0.165336 1.205852 1.200767 0.196754 1.227348 1.217755 2.226219 1.203177 0.197621 0.065346 0.092155 0.101375 0.030434 0.032462 0.067178 0.066742 0.750672 0.023629 0.720779 0.719249 0.718972 0.705047 0.695789 0.087166 0.071069 0.093802 0.027841 0.024726 0.154250 0.140040 0.109238 0.534636 1.556667 1.537123 0.381829 0.080505 0.046594 0.056286 0.054794 0.081891
1.367956 1.372103 0.342225 0.046382 0.087102 0.092313 0.184169 0.179570 0.044683 0.025215 1.203501 1.206188 0.206100 0.171000 0.140144 0.092007 0.304647 0.261874 0.032083 0.035707 0.039424 0.047205 0.040345 0.029676 0.201744 0.200341 0.197309 0.205792 0.054481 0.072412 0.067635 0.058129 0.020699 0.045494 0.069324 0.051795 0.031825 0.707096 0.708730 0.708406 0.695305 0.695704 0.083120 0.064444 0.097469 0.019417 0.163947 0.162754 0.149647 0.120493 0.065023 0.402704 0.043486 0.059262 0.036734 0.057755 0.055631 0.046636 0.044342
0.337971 0.340639 0.293689 0.038356 0.027848 0.028875 0.288051 0.248106 0.049849 0.036094 0.036324 0.034904 0.027152 0.158505 0.125028 0.080678 0.243156 0.206293 0.027703 0.036506 0.017373 0.017373 0.051305 0.037467 0.186283 0.184097 0.182005 0.029196 0.048287 0.041512 0.087255 0.079616 0.027245 0.029091 0.051796 0.036187 0.712371 0.703616 1.726990 1.701751 0.624906 0.042744 0.032830 0.026726 0.028950 0.148038 1.203743 0.181125 0.173191 0.021034 0.017967 0.067144 0.027949 0.037683 0.050149 0.014396 0.033144 0.078924 0.061871
0.106343 0.086155 0.066155 0.023796 0.023018 0.044563 0.315188 0.290150 0.054377 0.045615 0.017373 0.017373 0.032935 0.020822 0.088533 0.053985 0.126079 0.212482 0.158470 0.040455 0.047828 0.030612 0.037056 0.028672 0.164390 0.163392 0.161281 0.025307 0.029731 0.042670 0.236343 0.272260 0.039542 0.044171 0.703985 0.704277 0.711545 0.681725 0.683549 0.688763 0.645123 0.066393 0.044151 0.019309 0.046089 0.133668 1.207065 0.174805 0.141809 0.017967 0.087366 0.020347 0.031121 0.035408 0.037957 0.030163 0.056613 0.713882 0.689675
0.168357 0.131694 0.034248 0.028145 0.023674 0.061441 0.345975 0.044884 0.026558 0.014396 0.045230 0.033195 0.056223 0.045342 0.047187 0.066096 0.111719 0.544472 0.495305 0.043941 0.079738 0.039154 0.069217 0.097563 0.126269 1.130117 0.118135 0.065949 0.040845 0.262015 0.288298 0.306816 0.033623 0.038041 0.035220 0.039136 0.030122 0.656371 0.666554 0.689741 0.067479 0.082343 0.029518 0.027366 0.023507 0.041802 0.032402 0.124014 0.551633 1.627781 1.658654 1.682604 0.580256 0.047698 0.493850 0.025449 0.850141 0.804277 1.823806
0.198556 0.160346 0.047005 0.022971 0.095153 1.101723 0.082466 0.088986 0.024238 0.026619 0.049812 0.033363 0.077510 0.061442 0.057052 0.056107 0.063016 0.030690 0.289830 0.181912 0.054331 0.059779 0.081471 0.068610 0.097021 0.099717 0.080273 0.255494 0.170894 0.322174 0.309988 0.314917 0.286082 0.246524 0.026696 0.014396 0.041835 0.567512 1.652050 0.032442 0.032617 0.039466 0.028435 0.023567 0.022941 0.044486 0.046502 0.031395 0.589117 1.632517 2.669210 2.657868 2.653674 2.619266 2.631896 0.640861 0.016498 0.777740 0.793035
0.189758 0.043877 0.065804 0.018548 0.105234 0.103198 1.095760 0.089618 0.076230 0.041192 0.085866 0.080894 0.109675 0.592437 0.692512 0.668768 0.040500 0.042442 0.273238 0.237184 0.039808 0.154160 0.088384 0.043832 0.062739 0.066520 0.066073 0.041553 0.028349 0.279859 1.312985 1.316563 1.320613 1.315096 0.233906 0.028385 0.014396 0.547456 0.569703 0.537864 0.033545 0.042152 0.036064 0.028191 0.027993 0.198693 0.039588 0.036826 0.059069 0.601277 0.589923 0.597895 0.668412 1.660044 2.637777 0.674795 0.695566 0.727506 0.799428
0.049217 0.066011 0.014396 0.097577 0.099955 0.098737 0.092557 0.080698 0.051070 0.130249 0.095281 0.100431 0.743007 1.833974 0.791138 0.636036 0.321856 1.072814 2.092892 2.094847 2.143186 2.153218 2.136897 0.063773 0.054595 0.076154 0.036925 0.035195 0.026476 0.288300 0.315172 1.318500 1.320006 1.316723 1.319023 0.257093 0.022779 0.547493 1.484982 0.541254 0.190847 0.259445 0.160375 0.275276 0.260687 0.120017 0.042335 0.043312 0.027641 0.023949 0.022332 0.018394 0.049309 0.593310 0.634461 0.657813 0.696919 0.670554 0.041240
0.083169 0.073526 0.062313 0.070489 0.083471 0.086047 0.081407 0.060313 0.172678 0.158073 0.103712 0.107108 0.824227 0.867354 0.864272 0.021996 0.285603 1.102481 2.222056 1.210338 2.145878 2.168076 2.163595 2.190001 1.018194 0.130742 0.040849 0.032784 0.030070 0.253969 1.324990 1.319437 1.322560 1.320388 1.321175 0.014396 0.410850 1.508119 1.506854 1.491036 0.165540 0.215339 0.123328 0.035973 0.044533 0.030450 0.018136 0.030098 0.046669 0.037376 0.071405 0.040875 0.936742 0.326779 0.025924 0.017373 0.728780 0.696875 0.055260
0.026710 0.050397 0.081204 0.096998 0.047464 0.058452 0.063069 0.041580 0.145877 1.147306 0.102971 0.114403 0.078013 0.842631 0.885049 0.022011 0.221231 2.109295 2.219446 1.219200 1.188650 2.179665 3.191416 4.200450 4.209554 2.199395 1.044371 0.138770 0.195818 0.210656 1.331863 1.321339 1.326282 1.327030 1.329066 1.328033 0.415179 1.548617 1.513976 0.413182 0.096176 0.038397 0.029518 0.021965 0.022453 0.022453 0.021965 0.037158 0.732673 0.819368 0.807101 0.761291 1.785070 1.714728 0.052027 0.017373 0.023091 1.695427 0.641110
0.033622 0.037371 0.086646 0.413179 0.063652 0.064816 0.033739 0.175578 0.162080 1.150272 0.095789 0.108516 0.109090 0.814219 0.028563 0.017373 0.163912 3.158303 4.203428 3.201841 1.184960 2.190834 3.162880 3.188548 4.231453 3.199215 3.219609 0.830412 0.207535 0.204342 1.333636 2.336342 2.328450 2.328085 2.327743 2.334210 1.273842 0.430345 0.438442 0.044489 0.043510 0.039712 0.036933 0.018136 0.030450 0.047967 0.037100 0.150970 0.718319 0.798990 0.815949 1.851016 2.857493 3.858972 1.817012 0.037674 0.652239 1.732578 1.653558
0.056175 0.051002 0.063679 1.520086 1.499057 0.052394 0.021573 0.172978 0.160396 0.121049 0.069914 0.085992 0.180457 0.169590 0.038209 0.017373 0.026259 2.008057 4.206304 3.239913 2.222356 2.199008 2.193226 2.222684 1.264117 2.243052 3.230749 0.841294 0.136152 0.020623 0.256291 2.326442 2.326995 1.322026 1.317127 2.324536 1.319238 1.324159 0.034362 0.060737 0.029899 0.023414 0.025748 0.031685 1.200642 1.161936 1.158694 1.210271 0.104070 0.795313 1.867776 2.868431 4.882519 5.844082 1.738429 0.363268 0.559236 1.729847 1.645611
