use_cases/Flooding_chicago/flooding_data/output/h_840.asc
ncols 337
nrows 393
xllcorner 428428.000000
yllcorner 4602440.000000
cellsize 26.757400
NODATA_value -9999.000000
[rows 108 to 134 of 393, columns 118 to 176 of 337]
-9999.000000 -9999.000000 -9999.000000 -9999.000000 -9999.000000 -9999.000000 -9999.000000 -9999.000000 -9999.000000 -9999.000000 0.017967 0.140357 0.041434 0.049552 0.112801 0.116800 0.099754 0.066629 0.180475 0.033897 0.037971 0.029060 0.039269 0.036172 0.180657 0.029625 0.028363 0.030815 0.031197 0.032419 0.024528 0.042369 0.103205 0.030945 0.120727 0.114415 0.030815 0.030098 0.065146 0.058922 0.033302 0.035942 0.166404 0.014396 0.029335 0.028510 0.050956 0.126290 0.256249 0.280426 0.037681 0.049934 0.037424 0.066568 0.294934 2.421968 0.347129 0.089511 0.123072
-9999.000000 -9999.000000 -9999.000000 -9999.000000 -9999.000000 -9999.000000 -9999.000000 0.027000 0.037437 0.017967 0.021034 0.102593 0.028908 0.031730 0.097652 0.083001 0.068581 0.045205 0.090004 0.143701 0.027411 0.058495 0.044183 0.079018 0.112450 0.055675 0.053124 0.067105 0.065991 0.020301 0.031930 0.279122 0.302674 0.054458 0.107822 0.109381 0.063883 0.075254 0.070414 0.033210 0.026971 0.045645 0.091486 0.066611 0.037041 0.033714 0.094461 0.168879 0.151933 0.146049 0.046090 0.044944 0.033212 0.065284 0.049736 1.116358 0.198957 0.075498 0.043022
-9999.000000 -9999.000000 -9999.000000 -9999.000000 -9999.000000 -9999.000000 0.034066 0.027107 0.039314 0.031532 0.034095 0.119835 0.034706 0.025215 0.106559 0.076485 0.104089 0.058160 0.118766 0.100701 0.062390 0.053338 0.037819 0.224370 0.146465 0.078009 0.061334 0.816765 0.908914 0.939295 0.042045 0.236417 0.256666 0.208237 0.061507 0.077926 0.051844 0.067850 0.137572 0.038949 0.031928 0.040201 0.361474 0.319084 0.208076 0.254065 0.156516 0.263283 0.037179 0.055551 0.051627 0.048241 0.035957 0.042732 0.037985 0.044458 0.049262 0.014396 0.064491
-9999.000000 -9999.000000 0.038429 0.034387 0.029380 0.036462 0.042672 0.065711 0.022241 0.032280 0.042118 0.133948 0.042794 0.038901 0.070946 0.053171 0.071510 0.071251 0.072105 0.124245 0.082817 0.049140 0.058785 0.033546 0.287225 0.156029 0.146109 1.940621 1.975577 2.003716 0.020179 0.032280 0.187968 0.179817 0.145706 0.035705 0.049403 0.157209 0.148694 0.102050 0.045372 0.025780 0.023817 0.034341 0.032082 0.041069 0.052315 0.046440 0.029609 0.092658 0.073295 0.028235 0.024133 0.024681 0.033883 0.030677 0.026740 0.056450 0.014396
0.041542 0.049660 0.043006 0.053093 0.088402 0.032006 0.029641 0.035637 0.041176 0.041770 0.046105 0.219063 0.054696 0.050912 0.048424 0.071846 0.071328 0.120345 0.113290 0.103022 0.098990 0.055107 0.041985 0.014396 0.020301 0.088108 0.998997 2.011781 2.946896 2.007501 0.017373 0.025703 0.092247 0.197127 0.161938 0.029302 0.057138 0.144440 1.876331 0.642709 0.031533 0.018669 0.014396 0.018943 0.021004 0.034599 0.014396 0.024284 0.028710 0.067648 0.064686 0.027047 0.027830 0.017373 0.017373 0.020179 0.113624 0.143182 0.019309
1.056892 0.057258 0.066767 0.049783 0.024284 0.031547 0.030264 0.039344 0.055931 0.037957 0.058144 0.197227 0.139168 0.049233 0.036110 0.056869 0.056909 0.114768 0.088403 0.239046 0.218333 0.055001 0.039588 0.021004 0.033947 0.106098 0.077272 0.961905 1.944896 0.974426 0.017373 0.025703 0.072950 0.156539 0.172576 0.031074 0.045860 0.042881 0.924647 0.796349 0.036019 0.027658 0.018943 0.028404 0.049735 0.067558 0.024284 0.023399 0.039252 0.081993 0.092232 0.033303 0.045433 0.024985 0.024985 0.030099 0.096366 0.139062 0.076041
0.045754 0.262287 0.206199 0.042090 0.036354 0.032891 0.033180 0.044885 0.077465 0.067558 0.032783 0.140373 0.243352 0.044244 0.037606 0.057533 0.133874 0.207513 0.226039 1.281216 1.267051 0.173036 0.037963 0.019569 0.051973 0.068292 0.072497 0.076487 0.063932 0.050553 0.020179 0.032280 0.059529 0.504109 0.515857 0.047305 0.035564 0.026315 0.066747 0.635232 0.525730 0.031944 0.041253 0.025300 0.036887 0.091518 0.023212 0.041526 0.037560 0.098070 0.101508 0.065655 0.066339 0.028695 0.028038 0.060100 0.081016 0.097389 0.061699
0.037392 0.248927 0.235911 0.165533 0.036675 0.037254 0.026202 0.049290 0.062202 0.127389 0.025399 0.083002 0.181251 0.112253 0.102532 0.167718 0.277888 0.207594 1.304089 1.307862 1.291958 0.198282 0.067896 0.022041 0.119217 0.133189 0.041129 0.049513 0.038276 0.063256 0.035770 0.040927 0.582920 1.664444 1.693111 0.648889 0.027046 0.028709 0.019645 0.021523 0.257417 0.372419 0.488241 0.021872 0.039454 0.095867 0.025535 0.030983 0.041176 0.091321 0.088657 0.800262 0.066047 0.039911 0.091694 0.117286 0.044684 0.051354 0.088233
0.021980 0.222031 0.208681 0.151624 0.359551 0.048638 0.032966 0.042060 0.219410 0.201936 0.121058 0.081831 0.345691 0.321284 0.329137 0.156927 0.232466 0.169090 1.334846 1.318017 0.259443 0.044674 0.085136 0.077736 0.091207 0.071282 0.095480 0.074060 0.049109 0.087747 0.065989 0.078930 0.637427 1.712999 1.718247 0.667879 0.061894 0.038729 0.036636 0.068887 0.138701 0.380288 0.019095 0.026742 0.083491 2.128548 0.090371 0.035291 0.038103 0.801896 0.869620 0.822690 0.048920 0.114188 0.103920 0.096781 0.070518 0.068017 0.062143
0.206229 0.210391 0.189430 0.133458 0.455597 0.406684 0.307073 0.294204 0.287118 0.221464 0.131422 0.323408 0.359848 0.337626 0.313674 0.255358 0.260599 0.158538 0.165779 0.208389 0.025037 0.048653 0.017373 0.066642 0.081946 0.118692 0.097607 0.068688 0.043195 0.128049 0.170002 0.066083 0.053407 0.673117 1.722976 0.656355 0.037816 0.043928 0.046451 0.135905 0.226060 0.216204 0.090561 0.082101 2.115499 3.170601 1.109984 1.007094 0.973270 1.965173 0.966990 0.024300 0.026054 0.099357 0.393503 0.442844 0.431429 0.383350 0.028855
0.160740 0.191624 0.170163 0.119337 0.476406 0.453188 0.394255 0.383590 0.017373 0.116938 0.272600 0.317285 0.307786 0.269286 0.191251 0.512457 0.482582 0.151467 0.163943 0.106439 0.073128 0.031457 0.017373 0.037972 0.054699 0.102136 0.106498 0.086161 0.062322 0.855065 0.175577 0.062272 0.062178 0.615226 0.587629 0.516487 0.295806 0.275129 0.330325 1.050055 1.211013 0.250163 0.969643 3.146190 3.124953 4.137395 3.156055 2.159348 3.150557 0.944515 0.024361 0.014396 0.019309 0.020801 1.448195 0.459449 0.474020 1.495444 1.500168
0.127698 0.160303 1.147855 0.117551 0.064811 0.031875 0.279285 0.269469 0.017373 0.061429 0.178961 0.217753 0.206154 0.157154 0.335411 0.372865 0.362573 0.096567 0.129341 0.139886 0.051446 0.033287 0.039525 0.035777 0.074238 0.854445 0.862057 0.849650 0.914730 0.824202 0.189441 0.075233 0.095435 0.087198 0.052825 0.429544 0.239782 0.307289 0.175058 1.104111 1.240343 1.239556 2.194063 2.202111 2.145811 3.162505 4.165982 4.184402 3.180975 0.109005 0.023872 0.026816 0.030953 0.336380 0.463570 0.017834 0.512443 1.532552 1.513310
0.085483 0.104114 0.114445 0.095053 0.052232 0.093848 0.138268 0.243438 0.118089 0.071884 0.216752 0.219665 0.169152 0.306102 0.291031 0.404474 0.431633 0.133047 0.197197 0.069739 0.061866 0.057900 0.025657 0.053094 0.839614 1.942094 1.944831 0.860930 0.107471 0.132416 0.191521 0.098490 0.123693 0.038567 0.033594 0.047354 0.326001 0.163195 0.114137 0.146920 1.242214 0.252815 0.206211 0.170294 0.145352 1.174096 3.142378 4.167222 3.157519 0.109749 0.038811 0.028816 0.260632 2.468700 1.434609 0.017376 0.487338 1.500176 1.501764
0.268670 0.330756 0.069108 0.061155 0.078151 0.139878 0.121525 0.226950 0.502260 0.344253 0.240270 0.178012 0.118352 0.746812 0.762279 0.766451 0.762536 0.102729 0.185559 0.192544 0.202043 0.266035 0.051070 0.865639 1.939295 2.944649 2.937957 0.828386 0.036178 0.054223 0.083497 0.142873 0.057305 0.070016 0.052421 0.082451 0.058111 0.106882 0.120532 0.154144 1.239393 0.245569 0.203364 1.159749 1.158110 1.164417 2.164475 3.175284 3.174068 0.025078 0.033348 0.058593 1.401425 2.453312 1.392563 0.496585 1.518435 1.507885 0.023670
0.196916 0.025554 0.052968 0.039675 0.050676 0.081091 0.194022 0.214722 0.099472 0.349195 0.742362 0.742182 0.802580 0.876920 0.922625 0.931054 0.876427 0.207587 0.118355 0.171018 0.203661 0.035918 0.064020 0.906275 1.955876 2.960262 2.939962 0.728583 0.050769 0.040771 0.061052 0.088220 0.103170 0.093345 0.068337 0.091102 0.080895 0.104638 0.137529 0.136727 2.162044 2.212248 2.199117 3.160713 3.180873 2.194419 3.186347 3.186998 3.197684 0.024499 0.030097 0.066961 1.386455 3.485433 2.417519 0.512179 1.540229 1.506798 0.396421
0.101227 0.098082 0.026942 0.066364 0.075764 0.156005 0.166596 0.148797 0.089680 0.045239 0.881303 1.792121 0.876762 0.890106 0.925318 0.912982 0.903263 0.189697 0.269940 0.124303 0.167916 0.035307 0.042125 0.881403 0.912220 0.916630 1.900078 0.646884 0.047878 0.025780 0.026328 0.134622 0.105507 0.106254 0.089745 0.048454 0.087486 0.103273 0.131882 0.135612 2.175450 3.217379 1.162789 2.128473 3.164031 3.159484 3.149651 3.157018 2.166534 0.153478 0.020104 0.084977 1.289320 4.434304 3.460661 1.488487 1.494668 1.487854 1.476924
0.619331 0.061634 0.069682 0.053144 0.071986 0.088772 0.228242 0.224259 0.206926 0.023695 0.035957 1.849004 1.813647 0.867455 0.917580 0.880353 0.912960 0.188579 0.266131 0.100229 0.137395 0.026601 0.028680 0.676970 0.051097 0.021660 0.167838 0.152039 0.057505 0.033511 0.035362 0.169733 0.027458 0.037089 0.034156 0.026055 0.060630 0.078407 0.086954 0.074395 0.080251 0.158857 0.065362 0.052827 0.103992 0.952484 0.966788 0.949327 0.089604 0.132100 0.154277 0.117978 0.223630 2.111128 2.210836 0.241229 0.277470 0.294684 0.284114
0.627610 0.041102 0.057899 0.045465 0.062385 0.053295 0.111609 0.229347 0.095982 0.062990 0.045947 0.742321 1.853176 0.799607 0.920047 0.777365 0.037451 0.026677 0.050634 0.090794 0.112347 0.146635 0.217486 0.433028 0.050769 0.037346 0.049309 0.048714 0.033530 0.036308 0.045937 0.041008 0.014396 0.049842 0.037209 0.026970 0.067925 0.124479 0.095404 0.084676 0.079124 0.095830 0.077618 0.067852 0.043100 0.515576 0.515007 0.044130 0.058783 0.061709 0.047051 0.120845 0.033836 0.066053 0.081766 0.027778 0.022317 0.063592 0.064278
1.533468 0.486493 0.040750 0.037593 0.041437 0.054945 0.082304 0.457263 0.099359 0.141101 0.231140 0.481673 0.559550 0.581404 0.014396 0.556234 0.031830 0.049638 0.033688 0.044768 0.231475 0.252007 0.367461 0.274868 0.050300 0.035943 0.060083 0.059212 0.031059 0.028573 0.036842 0.036995 0.036369 0.037162 0.187758 0.174721 0.140752 0.110663 0.097941 0.069192 0.062470 0.060250 0.075740 0.053582 0.063838 0.577743 0.576708 0.042132 0.041498 0.058448 0.044258 0.043753 0.053194 0.044106 0.067741 0.014396 0.026832 0.080060 0.085847
1.572664 0.499217 0.028298 0.027336 0.044331 0.068835 0.247377 0.355535 0.237918 0.295985 0.367914 0.509051 0.588521 0.290288 0.110864 0.487051 0.247610 0.180965 0.199719 0.138433 0.280215 0.408623 0.293673 0.244691 0.038308 0.063209 0.036446 0.044700 0.050773 0.023857 0.095254 0.048072 0.071725 0.026238 0.187389 0.175272 0.163494 0.150507 0.143304 0.092277 0.048042 0.049049 0.041008 0.069435 0.082954 0.592501 0.586886 0.059379 0.066568 0.036644 0.069084 0.046044 0.030937 0.037208 0.064233 0.042793 0.028297 0.156318 0.095497
0.518112 0.396512 0.205934 0.111452 0.086508 0.057569 0.230889 0.236160 0.991655 0.207741 0.226101 0.737677 0.737608 0.870439 0.831761 0.845881 1.874506 1.871901 0.920471 0.894486 0.856728 0.221431 0.019309 0.014396 0.064278 0.058136 0.055122 0.060921 0.074409 0.046501 0.079628 0.046333 0.054437 0.023628 0.022041 0.165380 0.166243 0.158867 0.142647 0.027229 0.030798 0.040459 0.066873 0.051475 0.047325 0.292365 0.293383 0.074912 0.096442 0.099814 0.054849 0.046729 0.027717 0.055867 0.052863 0.219367 1.320027 0.206550 0.146538
0.023801 0.290916 0.233707 0.197224 0.167915 0.208670 0.209448 1.068677 1.100030 0.141804 0.860024 1.927935 1.917700 1.944800 1.925215 1.008386 2.023909 1.980553 1.042292 0.945557 0.166251 0.158633 0.044891 0.019309 0.067986 0.081887 0.111978 0.144235 0.184879 0.122888 0.130073 0.052025 0.046809 0.034645 0.018151 0.149516 0.028358 0.038171 0.045784 0.026939 0.024361 0.028267 0.035592 0.048179 0.062003 0.411049 0.429359 0.443870 0.097514 0.094794 0.079124 0.065833 0.053382 0.046288 0.050546 0.059943 0.199575 0.026802 0.121602
0.031983 0.027433 0.148374 0.149967 0.164666 0.936692 1.018471 1.069617 1.073078 0.991743 1.968111 2.008089 2.993114 2.970651 1.971809 1.981097 1.990834 1.976318 0.040016 0.040295 0.029410 0.025199 0.033500 0.088766 0.102641 0.153773 0.091881 0.146141 0.173194 0.017373 0.092537 0.200094 0.053094 0.050514 0.049860 0.079675 0.033120 0.043311 0.019309 0.014396 0.026939 0.026757 0.044590 0.051583 0.079170 0.376060 0.377249 0.066263 0.045860 0.050880 0.051162 0.042000 0.068914 0.064400 0.040246 0.059456 0.044975 0.033867 0.035241
0.040108 0.036382 0.039394 0.971602 3.038116 3.079345 2.103568 1.085707 1.110845 1.022292 1.985795 2.018887 2.008723 2.984449 1.982580 2.025684 2.996090 1.992721 0.964306 0.040361 0.031130 0.023672 0.025535 0.061764 0.410498 0.110572 0.136647 0.083307 0.111290 0.017373 0.063346 0.115642 0.564104 0.073375 0.071389 0.061959 0.048790 0.030053 0.037361 0.026787 0.038628 0.039391 0.038949 0.055611 0.120279 0.107705 0.102248 0.055000 0.045431 0.036996 0.045966 0.032478 0.044069 0.040809 0.043525 0.038674 0.028298 0.029228 0.031441
0.046018 0.045826 0.028946 1.044870 2.123976 3.074449 2.113944 1.104571 0.077979 0.991530 1.968479 2.008970 2.005714 1.997117 0.980036 0.998420 3.003343 3.001185 3.009466 0.925906 0.178723 0.257612 0.024540 0.517619 1.528974 0.529440 0.437679 0.448490 0.106443 0.027123 0.034827 0.708433 0.705541 0.662462 0.074569 0.064505 0.041878 0.034172 0.031544 0.038566 0.055565 0.038338 0.085502 0.014396 0.051902 0.069191 0.071969 0.049568 0.042687 0.044578 0.048699 0.034310 0.048484 0.018089 0.020333 0.047269 0.014396 0.024894 0.040779
0.041709 0.043797 0.028442 0.037201 0.084024 1.055339 0.082057 0.077704 0.069264 0.050092 1.960102 2.968090 2.963812 1.987678 0.971888 0.985954 2.995457 2.991206 2.995244 1.970003 0.823429 0.343245 0.432565 1.550951 1.556545 1.554130 1.522130 0.406116 0.086242 0.050547 0.067911 0.039039 0.693831 0.692136 0.551432 0.070869 0.044915 0.030267 0.032921 0.042306 0.084400 0.057426 0.092148 0.072899 0.041512 0.045707 0.071496 0.055169 0.049583 0.027997 0.028664 0.018197 0.021615 0.021706 0.030326 0.050804 0.040245 0.041024 0.039604
0.027510 0.028389 0.039930 0.049703 0.119009 0.115963 0.074711 0.076204 0.073050 0.067543 0.962591 2.998479 3.975895 3.989132 1.977988 0.992339 2.006573 2.982076 2.990549 2.974197 0.869244 0.357017 0.452502 0.515747 0.552172 1.577449 1.556635 0.424189 0.076194 0.057716 0.063041 0.050284 0.029367 0.020272 0.361720 0.224553 0.047197 0.032708 0.033790 0.062569 0.056128 0.061424 0.114373 0.097642 0.051918 0.035728 0.031914 0.029915 0.023354 0.032067 0.027092 0.037987 0.032340 0.039559 0.045356 0.065469 0.045280 0.040338 0.051307
