use_cases/Flooding_chicago/flooding_data/output/h_900.asc
ncols 337
nrows 393
xllcorner 428428.000000
yllcorner 4602440.000000
cellsize 26.757400
NODATA_value -9999.000000
[rows 135 to 161 of 393, columns 59 to 117 of 337]
-9999.000000 -9999.000000 -9999.000000 -9999.000000 -9999.000000 -9999.000000 -9999.000000 -9999.000000 -9999.000000 -9999.000000 -9999.000000 -9999.000000 -9999.000000 -9999.000000 -9999.000000 0.054526 0.069145 0.053322 0.052467 1.334617 1.338291 1.340137 0.373403 2.398010 1.385310 1.392105 1.380369 1.412470 1.418404 0.379395 0.043067 0.071750 0.060889 0.452595 0.462291 0.419235 0.027794 0.022591 0.022591 0.111751 0.029441 0.040655 0.033510 0.169846 0.171853 0.177852 1.183135 2.121535 1.182334 0.140337 0.092336 0.149034 0.086566 0.052111 0.053912 0.516878 0.482438 0.509830 0.387085
-9999.000000 -9999.000000 -9999.000000 -9999.000000 -9999.000000 -9999.000000 -9999.000000 -9999.000000 -9999.000000 -9999.000000 -9999.000000 -9999.000000 -9999.000000 -9999.000000 0.025703 0.100075 0.095247 0.073372 0.040749 0.044210 1.328715 0.368387 0.380173 1.386557 0.388120 0.394175 0.402241 1.436989 2.446658 1.437968 0.343918 0.054977 0.061775 0.036865 0.466902 0.031593 0.069617 0.032235 0.045871 0.065745 0.058351 0.057272 0.077020 0.134742 0.156509 0.174306 0.168085 1.167967 1.170582 0.139349 0.096103 0.047054 0.030843 0.027474 0.038321 0.026678 0.394285 0.015633 0.225188
-9999.000000 -9999.000000 -9999.000000 -9999.000000 -9999.000000 -9999.000000 -9999.000000 -9999.000000 -9999.000000 -9999.000000 -9999.000000 -9999.000000 -9999.000000 0.034981 0.050437 0.043899 0.040490 0.037626 0.032112 0.036857 0.240607 1.374510 1.384648 1.380659 0.387544 0.391578 0.406462 2.444129 2.438039 2.436342 0.305733 0.031120 0.035626 0.034493 0.042446 0.867890 0.047156 0.042229 0.849831 0.856758 0.052541 0.081591 0.111894 0.082374 0.124867 0.025840 0.025470 0.164384 0.164845 0.018028 0.059508 0.498984 0.481967 0.033706 0.029900 0.241780 0.237723 0.126940 0.131052
-9999.000000 -9999.000000 -9999.000000 -9999.000000 -9999.000000 -9999.000000 -9999.000000 -9999.000000 -9999.000000 -9999.000000 -9999.000000 0.044960 0.068916 0.048043 0.060158 0.054834 0.046882 0.017967 0.021034 0.052740 0.043880 0.319102 0.360020 0.357098 0.383462 0.384052 0.410659 1.439381 2.417351 2.418078 0.279313 0.027733 0.018028 0.028846 0.056849 0.869919 0.038981 0.034615 1.876788 1.875401 1.852065 1.834800 0.716605 0.123407 0.101174 0.033943 0.032677 0.149856 0.149129 0.021003 0.056896 1.540932 0.427403 0.039480 0.018028 0.030998 0.325244 0.329678 0.237410
-9999.000000 -9999.000000 -9999.000000 -9999.000000 -9999.000000 -9999.000000 -9999.000000 -9999.000000 -9999.000000 -9999.000000 -9999.000000 0.064461 0.040934 0.061653 0.061226 0.038933 0.119137 0.031850 0.017967 0.027855 0.021676 0.136854 0.159163 0.014396 0.056390 0.037170 0.429781 1.455410 1.458450 1.443656 0.037848 0.034462 0.021003 0.039100 0.032326 0.875155 0.868898 1.910536 1.897382 2.889638 2.885121 1.869536 0.073029 0.034143 0.027352 0.041115 0.034218 0.104480 0.102568 0.018028 0.045929 0.504528 0.458695 0.037181 0.021003 0.036690 0.040260 0.278206 0.200888
0.014396 -9999.000000 -9999.000000 -9999.000000 -9999.000000 -9999.000000 -9999.000000 -9999.000000 -9999.000000 -9999.000000 0.042412 0.037667 0.060662 0.067893 0.056207 0.123324 0.582459 0.059867 0.028175 0.024773 0.259321 0.231878 0.213683 0.185961 0.094010 0.051198 0.445601 1.462637 1.467220 1.449138 0.035499 0.027733 0.018028 0.031502 0.035805 0.832421 1.879051 1.900490 1.894970 2.882902 1.885772 0.895580 0.027409 0.039170 0.025673 0.033134 0.027153 0.684424 0.684533 0.034790 0.046499 0.032083 0.390649 0.028436 0.018028 0.028069 0.027168 0.026310 0.091163
0.028678 -9999.000000 -9999.000000 -9999.000000 -9999.000000 -9999.000000 -9999.000000 -9999.000000 0.014396 0.228599 0.057868 0.047951 0.067055 0.071877 0.066643 0.037636 0.611748 0.592306 0.027611 0.028572 1.328387 0.285762 0.250768 0.181381 0.720033 0.642098 0.519434 1.455197 1.485008 1.448810 0.514934 0.031165 0.035759 0.039833 0.029045 0.879151 1.884928 1.893285 1.887319 2.875978 1.873474 0.883016 0.024710 0.704794 0.701397 0.042306 0.039163 0.674839 0.679424 0.658298 0.037292 0.034283 0.304069 0.238908 0.027213 0.024636 0.028435 0.038405 0.067552
0.035621 0.022591 0.022591 0.050255 0.037010 0.067117 0.063668 0.050744 0.293069 0.198172 0.069771 0.050270 0.066368 0.071568 0.014396 0.039482 0.035896 0.561033 0.577914 0.475177 1.342739 0.307323 0.278873 0.197637 0.691250 0.030494 0.033020 0.360966 1.472278 1.418915 0.561229 0.653352 0.716150 0.802072 0.829937 0.846399 1.879659 1.870867 1.876214 1.871885 1.869474 0.873275 0.027123 0.687725 0.693990 0.699888 0.685993 0.688287 0.686438 0.679797 0.033599 0.032676 0.235713 0.185505 0.094564 0.050385 0.066981 0.205462 0.448767
0.029427 0.022591 0.022591 0.067680 0.056895 0.033790 0.096474 0.088142 0.048225 0.172886 0.036827 0.053902 0.049995 0.049538 0.039039 0.034508 0.050303 0.578012 1.750809 0.020378 0.235219 0.259400 1.291573 0.222885 0.150955 0.017372 0.032936 0.035492 0.445967 0.421763 0.541394 0.613775 0.690633 0.701604 0.734300 1.827002 1.815422 0.753525 0.787783 0.853935 0.767106 0.140590 0.039360 0.034110 0.694950 0.687489 0.699771 0.689714 0.685995 0.658458 0.025728 0.025446 0.151789 0.108235 0.485012 0.390031 0.575810 0.367932 0.523850
0.035393 0.050651 0.021781 0.064858 0.055443 0.033333 0.108360 0.113884 0.030251 0.038841 0.052102 0.045081 0.189888 0.170356 0.141822 0.021172 0.050018 0.605105 0.026115 0.017967 0.028870 0.226576 1.296230 0.027245 0.040854 0.017372 0.045082 0.024040 0.064620 0.061279 0.074789 0.103511 0.146662 0.222881 0.189342 0.741192 0.096196 0.162646 0.086508 0.880843 0.206335 0.232896 0.026176 0.036367 0.027977 0.072831 0.065356 0.047524 0.025105 0.484276 0.298766 0.751742 0.785912 0.723541 0.589533 0.450364 0.237816 0.164610 0.094403
0.074211 0.057091 0.055641 0.035759 0.033286 0.074319 0.075600 0.023309 0.042550 0.014396 0.056587 0.043816 0.183699 0.148490 0.119546 0.070702 0.052010 0.036001 0.026954 0.021034 0.017967 0.269791 0.222210 0.024909 0.014396 0.044197 0.032021 0.081493 0.083189 0.040735 0.036719 0.041327 0.160973 0.231417 0.227441 0.121307 0.116848 0.195866 0.106452 0.058140 0.266774 0.295122 0.025627 0.017372 0.017372 0.025505 0.098271 0.058824 0.595404 0.518467 0.315177 0.756176 0.788375 0.744349 0.704193 0.025979 0.027184 0.039509 0.032019
0.069619 0.160871 0.160775 0.042367 0.034706 0.109742 0.120674 0.035311 0.030357 0.039735 0.041862 0.036447 0.021630 0.070658 0.257895 0.287155 0.252082 0.197504 0.041207 0.034249 0.046043 0.028404 0.031791 0.079503 0.019310 0.036446 0.219307 0.229730 0.066431 0.041085 0.062745 0.075498 0.050126 0.377918 0.371402 0.027352 0.019142 0.358502 0.035725 0.036387 0.042739 0.386811 0.159001 0.028511 0.032768 0.025338 0.145556 0.644322 0.668336 0.020911 0.169175 0.811027 0.033295 0.027382 0.531978 0.017372 0.017372 0.020179 0.035606
0.040669 0.140161 0.179374 0.023612 0.548025 0.575793 0.087456 0.099740 0.111098 0.036525 0.054405 0.052467 0.035713 0.210744 0.240379 0.264748 0.211219 0.149607 0.095848 0.035836 0.028969 0.024972 0.036811 0.172201 0.210681 1.275171 1.248256 0.199421 0.033303 0.022636 0.018272 0.105185 0.077921 0.429885 0.467512 0.558134 0.528654 0.448983 0.058565 0.063897 0.046746 0.144530 0.234022 0.255630 0.290981 0.308663 0.216836 0.674057 0.032967 0.033333 0.136438 0.082426 0.062843 0.035342 0.428770 0.025703 0.025703 0.035942 0.030693
0.042921 0.447283 0.093924 0.060875 0.548466 0.046493 0.096115 0.112466 0.083686 0.201509 0.043220 0.060951 0.088614 0.153161 0.221245 0.021294 0.117940 0.241535 0.195876 0.042320 0.032851 0.040657 0.029319 1.263851 1.274168 1.276388 1.248292 0.045651 0.037773 0.024849 0.157357 0.136257 0.112573 0.073837 0.540594 1.613582 0.538628 0.065210 0.093267 0.032601 0.040856 0.031228 0.301268 1.370277 0.358580 0.341558 0.322129 0.018715 0.056374 0.040763 0.122177 0.088370 0.050220 0.173539 0.217147 0.138291 0.267418 1.419362 1.445640
0.326271 0.405009 0.061422 0.047781 0.522684 0.032430 0.018105 0.115278 0.078911 0.202026 0.129191 0.128093 0.145108 0.175302 0.032356 0.020714 0.095846 0.147072 0.842422 0.891372 0.059573 0.032248 0.031096 1.275660 1.270233 0.070792 0.055168 0.033423 0.025047 0.032615 0.161181 0.146816 0.125124 0.089143 0.526126 1.555306 0.045704 0.085317 0.113253 0.047371 0.058311 0.043358 0.331726 1.377317 0.363564 0.313368 0.319458 0.023613 0.057487 0.035164 0.100717 0.059550 0.146681 0.116268 0.274262 0.340299 1.357722 1.408403 1.424538
1.406726 0.398769 0.045894 0.033700 0.473858 0.432108 0.021798 0.022408 0.067153 0.137616 0.995695 0.071226 0.936050 0.111121 0.048988 0.032493 0.025078 0.098460 0.946303 1.978153 1.925293 1.024978 1.102572 1.214819 1.136074 0.128752 0.029346 0.048568 0.024620 0.014396 0.034828 0.032432 0.025306 0.080105 0.042619 0.689673 0.044093 0.081991 0.038094 0.064079 0.068809 0.049300 0.375656 0.388439 0.375587 0.027290 0.032846 0.030921 0.037986 0.099240 0.073382 0.156597 0.128216 0.083292 0.269620 0.149718 0.386666 0.315380 0.332674
2.435366 1.455635 1.437274 0.444057 1.473676 0.368131 0.049277 0.022408 0.021798 0.031891 1.030422 2.046325 1.015502 0.076647 0.024986 0.017372 0.024879 0.065850 0.939903 1.978024 1.969899 1.968057 0.200647 0.310624 0.371907 0.239796 0.358315 0.049812 0.054164 0.034751 0.026573 0.030724 0.024788 0.078010 0.042051 0.749246 0.718404 0.070913 0.046730 0.023827 0.025842 0.052269 0.334053 0.340960 0.043176 0.017372 0.035728 0.027291 0.158562 0.104558 0.180627 0.122041 0.081786 0.506494 0.014396 0.188597 0.163007 0.116152 0.014396
2.469092 3.480374 3.493120 1.459681 1.489265 0.396455 0.039012 0.043880 0.018105 0.031386 1.052043 2.063066 1.031433 0.072564 0.024986 0.017372 0.030404 0.060411 0.962079 2.002393 1.978686 2.002711 0.220742 0.314360 0.181553 0.314177 0.413631 0.526853 0.432164 0.041665 0.043923 0.077080 0.098506 0.074255 0.749121 0.703368 0.706903 0.087917 0.050385 0.025857 0.036735 0.027824 0.064460 0.061241 0.080665 0.017372 0.127662 0.097740 0.176773 0.109078 0.135273 0.509733 0.517440 1.467200 0.369448 0.282851 0.276729 0.014396 0.026619
2.458965 3.470690 3.467301 1.469749 0.446429 0.025119 0.027271 0.085683 0.070500 0.068421 0.055179 1.026249 1.011000 0.025566 0.040809 0.021934 0.044486 0.072740 0.050529 0.916256 1.970522 0.962830 0.082250 0.143342 0.233741 0.333822 0.454414 1.585678 1.558132 0.564249 0.572842 0.043231 0.024895 0.031044 0.027595 0.110503 0.142002 0.138421 0.053749 0.080498 0.027397 0.032952 0.065086 0.050026 0.036340 0.068809 0.130759 0.116432 0.060873 0.085716 0.099575 0.509632 0.518183 0.482600 0.352272 0.240198 0.234888 0.148024 0.283020
2.461234 3.475083 3.468552 0.370677 0.024527 0.014396 0.080586 0.070436 0.748934 0.038001 0.039538 0.029772 0.935824 0.053888 0.038414 0.020196 0.038168 0.072959 0.749588 0.812319 0.789294 0.076269 0.086864 0.139504 0.167857 0.018972 0.466478 0.452536 0.521953 1.661901 0.532753 0.058556 0.025444 0.032891 0.038719 0.028237 0.227227 0.024544 0.045616 0.062888 0.086906 0.037225 0.032646 0.020682 0.055276 0.033302 0.033485 0.083854 0.055612 0.066139 0.031440 0.124943 0.112038 0.072654 0.223909 0.692373 0.780590 0.756689 0.451067
2.455046 3.467508 3.478827 0.384645 0.018654 0.052243 0.053987 0.043680 0.796094 0.773945 0.770760 0.772396 0.857486 0.784222 0.065140 0.021720 0.096646 0.083481 0.760428 1.789957 0.758481 0.673815 0.070862 0.132864 0.162191 0.026105 0.039237 0.044915 0.037270 0.696002 0.659590 0.633413 0.086394 0.071536 0.027717 0.032250 0.265051 0.290795 0.277857 0.231332 0.054939 0.017372 0.034615 0.068458 0.055306 0.034370 0.036049 0.067910 0.100257 0.262184 0.283380 0.216774 0.182199 0.116952 0.194926 0.690868 1.890917 0.885541 0.053166
1.418721 2.450013 2.473466 0.330495 0.180368 0.778890 0.789244 0.788740 0.788394 0.782949 0.783406 0.816553 0.904451 0.819421 0.045136 0.049304 0.072757 0.057693 0.786723 0.803770 1.751557 0.620866 0.175146 0.122192 0.175776 0.158251 0.050074 0.030860 0.031548 0.714141 0.684369 0.650030 0.105085 0.075003 0.114021 0.033746 0.028664 0.293910 0.276980 0.221788 0.043037 0.017372 0.029931 0.047310 0.073678 0.142937 0.153677 0.096612 0.111823 0.263089 0.281395 0.235190 0.210214 0.132392 0.185922 0.756351 0.040062 0.052131 0.066457
0.289716 1.375879 0.390232 0.287608 1.712791 2.827167 0.794750 0.792403 0.794675 0.777782 0.767550 0.028367 0.036923 0.031472 0.731168 0.707629 0.051127 0.045377 0.780300 0.791318 1.768036 1.673249 0.174562 0.119937 0.181264 0.168444 0.066690 0.046887 0.048942 0.662041 0.646838 0.624762 0.104104 0.072182 0.113265 0.036613 0.040917 0.027473 0.242536 0.188508 0.038109 0.020179 0.065148 0.038979 0.054939 0.120262 0.136743 0.096130 0.138008 0.068199 0.265880 0.227819 0.237618 0.017967 0.026115 0.050497 0.065941 0.067512 0.066429
0.115672 0.554618 0.044010 0.147469 1.803584 2.863187 0.776359 0.022591 0.022591 0.781109 0.779210 0.037672 0.051523 0.051200 0.738394 2.783689 1.782867 0.753555 0.776533 2.750718 1.771333 1.677903 0.159423 0.108975 0.175782 0.158912 0.093562 0.066079 0.072196 0.120521 0.064207 0.630021 0.094336 0.053962 0.022057 0.038826 0.035149 0.026359 0.158780 0.133676 0.030419 0.043755 0.038093 0.066215 0.040412 0.094979 0.113883 0.014396 0.026436 0.056404 0.032525 0.150627 0.017967 0.021034 0.026954 0.057900 0.058799 1.062997 0.058845
0.225819 0.184096 0.113411 0.800314 1.809747 1.825886 0.802765 0.022591 0.022591 0.789452 0.787275 0.790020 0.793754 0.043600 0.761290 3.807717 2.805812 2.784408 2.788978 2.783049 1.782679 0.614656 0.126761 0.069002 0.043271 0.040363 0.072473 0.106586 1.134947 0.080542 0.043802 0.088528 0.108124 0.042901 0.050499 0.022118 0.048225 0.374099 0.409225 0.440726 0.066882 0.032390 0.047741 0.048698 0.464040 0.497043 0.067543 0.060923 0.033668 0.042122 0.039590 0.157722 0.119519 0.085988 0.075155 0.043396 0.793861 0.035718 0.034600
0.253327 0.183954 0.107980 0.800593 1.808437 1.826069 0.794017 0.787284 1.782166 1.789583 3.805538 3.798824 1.807559 0.807310 0.770512 3.791277 3.796771 3.785401 3.792231 1.777992 0.716083 0.184650 0.178622 0.067522 0.054136 0.018867 0.100784 1.133536 2.133453 0.106047 0.028098 0.026161 0.044167 0.032173 0.306690 0.029270 0.030041 0.371363 0.339832 0.027504 0.022423 0.025535 0.065605 0.361350 1.481990 1.506653 0.051415 0.048118 0.098244 0.096905 0.134348 0.749856 0.802124 0.797569 0.863060 0.886862 0.760207 0.670440 0.541048
0.173900 0.353131 0.314031 0.760514 1.810491 1.851963 0.806840 1.777254 2.784232 3.793064 4.798542 3.796110 2.791138 1.830790 0.777859 1.800566 2.796760 3.803863 3.800168 1.741469 0.196848 0.213449 1.209068 0.090040 0.028541 0.025551 0.018806 0.115081 1.131347 0.115553 0.017372 0.017372 0.020179 0.300367 1.429791 0.341806 0.329781 0.326613 0.255572 0.026299 0.018228 0.031853 0.062564 0.034965 0.394977 0.030770 0.052009 0.050804 0.030525 0.034488 0.034417 0.093292 0.823669 1.928124 0.926144 0.941968 0.028862 0.029991 0.469228
