use_cases/Flooding_chicago/flooding_data/output/h_900.asc
ncols 337
nrows 393
xllcorner 428428.000000
yllcorner 4602440.000000
cellsize 26.757400
NODATA_value -9999.000000
[rows 135 to 161 of 393, columns 118 to 176 of 337]
0.179531 0.145908 0.083212 0.062855 0.196858 0.201779 1.208189 1.195293 1.211384 1.234001 1.213173 2.208295 4.219162 4.210159 4.205979 2.198238 2.210508 2.192574 2.195670 2.164962 1.038514 0.313056 0.028716 0.036190 0.602190 0.588565 0.587306 0.534468 0.066576 0.014396 0.047081 0.034236 0.068039 0.046956 0.807729 0.769427 0.115799 0.056968 0.078087 0.086344 0.055504 0.064034 0.134682 0.125574 0.051598 0.053840 0.033333 0.034553 0.047754 0.038657 0.031517 0.038139 0.030422 0.037209 0.043647 0.051140 0.064782 0.075539 0.059243
0.187826 0.154106 0.192456 0.376676 0.307771 1.189335 1.211573 2.186725 2.208746 2.212572 2.210605 2.222500 2.207409 2.201565 2.198312 2.215586 1.210307 1.192941 2.207745 2.164860 1.028074 0.423707 0.575731 0.619530 0.609205 0.589569 0.047524 0.051524 0.023263 0.026433 0.097188 0.087286 0.921371 1.986458 1.951637 0.888411 0.115758 0.059304 0.080634 0.070763 0.095020 0.092921 0.226912 0.224478 0.067345 0.038643 0.037147 0.025993 0.084692 0.041909 0.044349 0.029961 0.039329 0.047110 0.044931 0.053764 0.071831 0.105216 0.077297
0.128243 0.322284 0.274063 0.118091 0.290724 1.138709 1.213597 2.191145 2.219093 1.225053 1.211141 1.213411 2.207993 2.200876 2.209490 1.198528 0.146407 0.130752 1.168469 1.149586 1.075065 0.406104 1.641693 1.627785 0.604543 0.044591 0.060288 0.018150 0.022010 0.042761 0.908040 1.958685 1.978464 1.993789 1.968427 0.889312 0.090168 0.044288 0.053474 0.043709 0.081536 0.079359 1.255892 1.263547 0.047173 0.046212 0.038156 0.023262 0.109246 0.035912 0.028496 0.049522 0.038214 0.050697 0.051892 0.067954 0.597004 0.683542 0.047650
0.249152 0.394379 0.284981 0.485654 0.388828 1.185998 1.204931 2.193166 2.213295 1.222544 1.204800 1.208597 1.211834 2.206511 1.178753 2.184199 0.025688 0.027382 0.099360 1.110385 0.068673 0.025190 1.619264 1.576042 0.627697 0.052966 0.055960 0.041220 0.949437 0.927183 0.953937 1.998421 1.984876 1.997498 1.969425 0.909727 0.072179 0.024117 0.067742 0.060496 0.046974 0.068579 1.286480 1.287814 1.277281 0.173363 0.054949 0.045433 0.088020 0.068504 0.027808 0.047997 0.046760 0.034415 0.047538 0.468822 1.781380 1.848647 0.667984
0.236226 0.119218 0.219431 0.470504 0.405029 1.100792 1.181885 1.181482 1.199540 2.256983 2.234759 1.224873 0.174545 0.148695 1.175112 2.198964 0.033135 0.040940 0.030481 0.126674 0.032096 0.048462 0.037424 0.774653 0.763124 0.803829 1.835731 1.847526 1.818728 0.916762 0.933609 1.990611 1.966541 1.966363 1.953618 0.042842 0.066193 0.038107 0.252029 0.209461 0.172285 0.082224 1.274699 2.255656 2.266633 1.252447 0.185274 0.045448 0.068031 0.083096 0.316782 0.347927 0.292272 0.029740 0.163236 0.075292 1.742677 1.828135 0.660489
0.162332 0.102159 0.249855 0.503975 0.451020 0.323216 1.167930 1.189753 1.203312 2.225126 2.216777 1.215746 0.164496 0.119265 1.168176 1.168564 0.027901 0.036552 0.042535 0.037087 0.041369 0.060103 0.056543 0.763207 0.796868 1.848320 2.818911 1.860677 1.854938 0.885775 0.894208 0.896998 0.038311 0.823039 1.902195 0.041770 0.054062 0.312867 0.304624 1.300521 0.190848 0.261519 2.220375 4.260911 3.259835 2.250190 1.244292 0.154091 0.105973 0.560147 1.376633 1.516534 1.462542 1.481827 0.292011 0.813106 0.675339 0.664618 0.682075
0.571168 0.584912 0.427992 0.293066 0.211905 0.132798 0.202079 1.172100 2.209170 2.223433 2.198441 1.214125 0.188593 1.091744 2.153126 1.159404 1.140417 0.073551 0.027746 0.026485 0.303476 0.062316 0.085560 0.066426 1.774445 1.813578 2.819531 2.811387 0.661898 0.095555 0.098127 0.081050 0.027264 0.036049 0.104804 0.026100 0.040642 0.039070 0.198972 0.207935 0.164821 2.092611 4.165468 5.155703 4.123009 2.201553 2.193916 1.125140 0.944509 0.702844 0.608641 0.568577 2.413416 2.486164 0.308417 0.399833 0.319428 0.214404 0.536457
1.632828 0.587166 1.480187 0.370850 0.277294 0.183528 0.242080 1.131818 2.178826 2.169852 1.076261 0.237566 0.218834 1.082996 3.166730 3.163331 2.139607 1.030311 0.285112 0.276169 0.284092 0.069323 0.088321 0.094848 0.086228 0.753514 1.831618 0.625182 0.058193 0.062624 0.082023 0.043664 0.034843 0.027443 0.068641 0.032189 0.027657 0.036659 0.045754 0.056463 0.105300 1.040546 3.234469 4.266442 2.279717 1.208861 1.228620 1.203921 0.137488 0.028359 0.029494 0.057111 1.442335 2.500287 0.363862 0.256358 0.209367 0.149687 0.151982
0.538930 0.533365 0.450006 0.328221 0.220645 0.171268 0.083096 0.176522 1.202696 1.228057 0.310740 0.284228 0.259264 1.050290 2.151270 2.175203 1.105836 0.178649 0.258018 1.316680 0.209974 0.061689 0.044915 0.058173 0.076453 0.096872 0.136617 0.146129 0.045556 0.056877 0.065929 0.040764 0.027642 0.038262 0.041969 0.036553 0.021643 0.034935 0.040566 0.069878 0.060127 0.068116 0.198823 0.251396 0.269270 0.335867 0.227713 0.170890 0.033791 0.023720 0.046955 0.059132 0.335335 1.463922 0.399392 0.343424 0.297913 0.244241 0.145476
0.129156 0.112843 0.074424 0.185742 0.568989 0.622665 0.047558 0.033654 0.023673 1.368581 1.447923 0.353513 0.299764 1.058556 1.098440 0.086464 0.080622 0.122946 0.024589 0.288041 0.039666 0.032250 0.054039 0.060481 0.063561 0.085152 0.144050 0.130868 0.062858 0.054741 0.070167 0.039926 0.030144 0.048606 0.056313 0.043860 0.070809 0.055551 0.050087 0.062645 0.041877 0.044167 0.041754 0.084168 0.081261 0.466254 0.043159 0.035607 0.019310 0.045738 0.057725 0.070630 0.294207 1.456555 0.419591 0.377286 0.337802 0.292200 0.198849
0.065355 0.147518 0.114280 0.154021 0.487935 1.633448 0.605515 0.571586 0.544626 2.467075 2.513122 1.481858 1.489960 0.304835 0.251459 0.040042 0.058903 0.056110 0.031075 0.021004 0.033698 0.017967 0.041908 0.036933 0.057320 0.036705 0.176601 0.156609 0.040504 0.035180 0.048042 0.066307 0.088554 0.036751 0.060371 0.048897 0.065453 0.054619 0.057045 0.033668 0.034691 0.051751 0.068306 0.138419 0.133499 0.490953 0.078422 0.051695 0.027366 0.023507 0.037299 0.037712 0.049837 1.463785 0.433397 0.397181 0.363566 0.328496 0.244329
0.128016 0.100513 0.127735 0.114213 1.539266 1.603501 1.572175 1.542689 2.475828 2.481544 2.500482 2.505649 2.519501 0.360780 0.034142 0.025612 0.033364 0.036979 0.046151 0.057776 0.028343 0.021034 0.017967 0.065773 0.020087 0.038719 0.082635 0.082816 0.031837 0.049966 0.053994 0.051978 0.059302 0.057869 0.022591 0.022591 0.050210 0.040092 0.066474 0.059349 0.071068 0.057823 0.106864 0.071358 0.152474 0.123344 0.139727 0.061485 0.023566 0.022942 0.052894 0.031837 0.049291 0.416961 0.436668 0.403377 0.376274 0.371146 0.035743
0.189756 0.151935 0.152409 0.110613 1.529581 1.595706 1.567279 1.536455 2.448225 2.438595 2.444501 2.467473 2.471779 1.434738 0.041842 0.024941 0.031104 0.027183 0.802206 0.796726 0.812712 0.034904 0.047029 0.039452 0.030479 0.030754 0.067680 0.082406 0.035286 0.045692 0.034675 0.054756 0.096443 0.099146 0.022591 0.022591 0.033836 0.046150 0.061242 0.052437 0.479691 0.039986 0.031535 0.088067 0.072151 0.073432 0.085442 0.093286 0.091485 0.057594 0.043983 0.029747 0.086425 0.047810 0.071244 0.051702 0.033885 0.038796 0.051109
0.317218 0.198435 0.143231 0.089481 1.528608 1.601650 1.580177 1.547475 1.538597 1.499929 1.505588 1.517520 1.515599 1.383745 0.598914 0.477039 0.641180 0.669391 0.777245 0.782605 0.776979 0.053153 0.066838 0.046410 0.030738 0.049735 0.049476 0.052193 0.026543 0.029045 0.059395 0.048469 0.090414 0.098808 0.028572 0.037047 0.033577 0.035652 0.100258 0.459730 0.496261 0.032342 0.046196 0.042885 0.052437 0.043587 0.128885 0.107948 0.084084 0.178893 0.164852 0.168003 0.120396 0.059013 0.096842 0.062640 0.183235 0.029305 0.038490
1.416924 0.196888 0.308778 0.432180 1.546392 1.619006 1.584085 0.535186 0.517841 0.479815 0.488943 1.488007 0.470295 0.407224 0.030952 0.018273 0.673965 0.671452 0.033119 0.033003 0.821340 0.869036 0.751564 0.046059 0.043410 0.053002 0.020500 0.060417 0.048760 0.043724 0.035896 0.061211 0.140725 0.120862 0.071930 0.031883 0.045296 0.039405 0.033606 0.469726 0.465615 0.405949 0.040796 0.017372 0.081917 0.077217 0.067436 0.017372 0.025703 0.174008 1.208541 1.225671 0.131961 0.176625 0.100425 0.057555 0.120921 0.672472 0.060343
0.269934 0.375941 0.768608 1.457563 2.570960 1.652067 0.082700 0.083442 0.066341 0.046214 0.478905 0.483338 0.482121 0.030206 0.047309 0.022683 0.025002 0.031379 0.055429 0.014396 0.109437 0.139335 0.147713 0.150057 0.060462 0.020103 0.031533 0.038675 0.066570 0.061027 0.049461 0.043588 0.097236 0.106543 0.259118 0.265861 0.037483 0.039116 0.028450 0.034356 1.467756 0.339967 0.043419 0.017372 0.089073 0.087440 0.085778 0.017372 0.025703 0.165295 0.197397 0.150911 0.088809 0.115352 0.165489 0.104150 0.594352 0.642142 0.612975
0.019310 0.828988 0.442710 0.443489 0.429192 0.448960 0.096387 0.113638 0.093152 0.076214 0.044905 0.489815 0.019967 0.030067 0.029472 0.384861 0.040368 0.069268 0.064200 0.100409 0.014396 0.215035 0.184196 0.063133 0.077660 0.054040 0.018028 0.091167 0.087334 0.110887 0.096626 0.030054 0.076561 0.281118 1.378959 1.404761 0.044456 0.069312 0.073371 0.047752 0.386015 0.333661 0.046531 0.068743 0.077995 0.079002 0.070779 0.039178 0.041882 0.186868 0.183761 0.031758 0.018943 0.084367 0.096400 0.490700 1.627725 1.662441 0.629089
0.230301 1.098425 0.114528 0.084131 0.136084 0.121839 0.122023 0.120686 0.033424 0.029281 0.059191 0.028293 0.440260 0.417773 0.395012 1.404944 1.406379 0.335137 0.061608 0.115776 0.158454 0.196948 0.065514 0.079311 0.037849 0.028891 0.021003 0.034924 0.059072 0.159525 0.157917 0.152770 0.224201 0.329510 1.399189 1.402610 0.288852 0.058693 0.064386 0.045143 0.298529 0.251500 0.034157 0.049172 0.056129 0.063881 0.050926 0.083053 0.737069 0.755567 0.105422 0.018943 0.014396 0.024300 0.062668 0.472673 1.618366 1.660982 0.587558
0.941824 0.937557 0.068906 0.102763 0.088972 0.162863 0.084114 0.057898 0.059067 0.042637 0.054823 0.479303 0.466513 1.434362 1.438790 1.429976 1.419411 0.318691 0.118935 0.091257 0.134696 0.056725 0.084571 0.048179 0.060524 0.035530 0.018028 0.029930 0.058127 0.126347 0.631276 0.640412 0.161101 0.017372 1.420207 1.427026 1.417317 0.038704 0.050759 0.033837 0.155052 0.316834 0.220064 0.184054 0.067818 0.036019 0.032737 0.780696 2.922665 2.904661 0.839498 0.045990 0.021004 0.025963 0.062169 0.472822 1.610527 1.646408 0.574171
0.438381 0.468823 0.116841 0.175200 0.176022 0.159769 0.022591 0.022591 0.069958 0.047484 0.053442 0.459796 0.458417 1.441211 0.405215 0.382060 0.374682 0.318682 0.084404 0.067711 0.118019 0.060814 0.095005 0.060128 0.064674 0.035805 0.038444 0.045738 0.044425 0.100868 0.698393 0.704494 0.116896 0.017372 0.348766 0.377911 0.386645 0.358260 0.025963 0.040563 0.163668 1.074827 2.118283 2.144143 1.137314 0.026924 0.088044 1.870971 2.928614 2.905221 1.920715 0.936752 0.019569 0.087571 0.067075 0.381626 0.462445 0.046075 0.041684
0.039786 0.028282 0.187522 2.276683 2.277969 1.270408 0.022591 0.022591 0.072246 0.040653 0.040209 0.470871 0.429314 0.382579 0.319097 0.318156 0.314459 0.289502 0.063468 0.113436 0.088218 0.123085 0.074384 0.061746 0.035728 0.034188 0.034294 0.048379 0.028939 0.032341 0.614275 0.727027 0.707744 0.665476 0.213824 0.014396 0.380873 0.343485 0.203355 0.354981 1.060281 1.212222 3.167546 3.194479 2.194002 1.161661 0.103963 1.867645 2.930667 2.915581 1.916801 0.932080 0.055745 0.040060 0.028323 0.050371 0.056900 0.063650 0.047437
0.014396 0.031661 1.229055 2.249169 2.249754 1.255516 0.185576 0.116007 0.080173 0.269486 0.661925 0.682813 0.014396 0.280415 1.002533 1.150965 0.218017 0.184636 0.137523 0.123205 0.076654 0.072456 0.032494 0.034416 0.020025 0.030632 0.026847 0.033958 0.039813 0.031868 0.567159 2.746882 2.758518 2.783497 0.648510 0.032856 0.017372 0.017372 0.157083 0.072592 1.129115 1.196934 2.138937 2.146090 2.176187 1.127716 1.039220 0.974288 2.926058 2.942369 1.947972 0.938058 0.062267 0.017372 0.017372 0.020179 0.049939 0.055341 0.043535
0.048744 0.347788 1.186360 1.229972 1.274030 0.219139 0.177682 0.103011 0.661649 0.394491 0.219613 0.489924 0.442199 0.308930 1.081686 1.177316 0.123696 0.582730 0.532885 0.509737 0.361750 0.038672 0.021401 0.021065 0.035331 0.040535 0.032035 0.039651 0.044899 0.498052 2.734615 3.736466 4.702528 4.771125 2.733386 0.638723 0.075311 0.073058 0.017383 0.047912 0.198525 0.247456 0.246630 0.223645 0.162760 0.136282 0.068246 1.923930 3.946965 4.901547 3.849514 2.991270 1.922991 0.067027 0.086399 0.112792 0.083943 0.077598 0.069371
0.037393 0.378536 0.355784 0.344825 0.024284 0.014396 0.020693 0.046168 0.645698 0.031730 0.034034 0.056129 0.040580 0.213670 0.908460 0.077065 0.624353 0.622827 2.681275 2.623504 1.459195 0.040374 0.031120 0.021324 0.040291 0.059562 0.051217 0.039131 0.521681 2.733629 4.762913 5.743440 5.729607 4.773814 2.738798 1.741579 0.665035 0.049111 0.018154 0.037026 1.218210 0.202980 0.205393 0.228158 0.014396 0.128781 0.886986 1.969477 3.974454 4.941134 5.936913 5.995500 4.937789 2.982011 3.011257 1.944710 1.032222 0.028297 0.106284
0.353230 1.448120 0.390949 0.394244 0.023399 0.024284 0.044076 0.633755 0.476216 0.038261 0.045311 0.035285 0.040169 0.034066 0.668442 0.584001 0.621824 2.549376 3.632262 3.610496 2.579403 0.386107 0.037923 0.028114 0.033181 0.201343 0.219692 0.221565 1.658605 3.726686 4.735433 5.743167 5.732613 4.770027 2.726939 1.750547 0.720116 0.031738 1.025614 0.022326 0.144472 0.036323 0.034828 0.167453 0.182300 0.120903 0.831031 1.902002 2.900036 3.908287 4.902447 5.895988 4.883162 2.950722 1.894220 0.761343 0.251876 0.043434 0.113017
1.409663 1.481532 0.364779 0.314332 0.202910 0.809804 0.828053 0.781309 0.020608 0.033104 0.030297 0.056550 0.049044 0.042685 1.438169 2.493336 1.474734 3.582963 4.628117 4.595600 2.552072 1.558373 1.539266 0.088438 0.121551 0.267914 0.311052 0.309054 1.678315 2.728494 3.712087 4.735884 4.744659 4.742849 2.715932 1.737555 0.739662 1.744905 2.814358 1.722573 0.067252 0.036803 0.029762 0.054106 0.049710 0.036919 0.084285 0.629718 0.704137 1.777023 2.805748 1.539871 0.505538 0.086912 0.208842 0.270164 0.277564 0.052009 0.066354
0.433351 1.458330 0.028175 0.027992 0.151238 0.085308 0.053448 0.768569 0.070993 0.040627 0.046227 0.029670 0.044614 0.061723 2.532980 2.566321 2.541105 3.582082 4.601532 3.600079 2.529176 2.531137 1.521436 0.432916 0.468240 0.249816 0.318020 0.327937 0.216174 1.605368 1.508963 1.569244 1.651323 2.717422 2.709394 2.710137 1.680973 1.684366 1.582434 0.419383 0.048994 0.039726 0.025368 0.039049 0.041756 0.035179 0.065040 0.094811 0.295357 0.112309 0.086332 0.048378 0.039530 0.031159 0.152200 0.338583 0.295434 0.061944 0.047859
