use_cases/Flooding_chicago/flooding_data/output/h_900.asc
ncols 337
nrows 393
xllcorner 428428.000000
yllcorner 4602440.000000
cellsize 26.757400
NODATA_value -9999.000000
[rows 81 to 107 of 393, columns 118 to 176 of 337]
-9999.000000 -9999.000000 -9999.000000 -9999.000000 -9999.000000 -9999.000000 -9999.000000 -9999.000000 -9999.000000 -9999.000000 -9999.000000 -9999.000000 -9999.000000 -9999.000000 -9999.000000 -9999.000000 -9999.000000 -9999.000000 -9999.000000 -9999.000000 -9999.000000 -9999.000000 -9999.000000 -9999.000000 -9999.000000 -9999.000000 -9999.000000 -9999.000000 -9999.000000 -9999.000000 -9999.000000 -9999.000000 -9999.000000 -9999.000000 -9999.000000 -9999.000000 -9999.000000 -9999.000000 -9999.000000 -9999.000000 -9999.000000 -9999.000000 -9999.000000 -9999.000000 -9999.000000 -9999.000000 -9999.000000 -9999.000000 -9999.000000 -9999.000000 0.198174 0.157979 0.046899 0.038826 0.029258 0.029503 0.051338 0.075816 0.048503
-9999.000000 -9999.000000 -9999.000000 -9999.000000 -9999.000000 -9999.000000 -9999.000000 -9999.000000 -9999.000000 -9999.000000 -9999.000000 -9999.000000 -9999.000000 -9999.000000 -9999.000000 -9999.000000 -9999.000000 -9999.000000 -9999.000000 -9999.000000 -9999.000000 -9999.000000 -9999.000000 -9999.000000 -9999.000000 -9999.000000 -9999.000000 -9999.000000 -9999.000000 -9999.000000 -9999.000000 -9999.000000 -9999.000000 -9999.000000 -9999.000000 -9999.000000 -9999.000000 -9999.000000 -9999.000000 -9999.000000 -9999.000000 -9999.000000 -9999.000000 -9999.000000 -9999.000000 -9999.000000 -9999.000000 -9999.000000 -9999.000000 -9999.000000 0.022103 0.163032 0.040229 0.035621 0.027734 0.028435 0.059904 0.039193 0.068543
-9999.000000 -9999.000000 -9999.000000 -9999.000000 -9999.000000 -9999.000000 -9999.000000 -9999.000000 -9999.000000 -9999.000000 -9999.000000 -9999.000000 -9999.000000 -9999.000000 -9999.000000 -9999.000000 -9999.000000 -9999.000000 -9999.000000 -9999.000000 -9999.000000 -9999.000000 -9999.000000 -9999.000000 -9999.000000 -9999.000000 -9999.000000 -9999.000000 -9999.000000 -9999.000000 -9999.000000 -9999.000000 -9999.000000 -9999.000000 -9999.000000 -9999.000000 -9999.000000 -9999.000000 -9999.000000 -9999.000000 -9999.000000 -9999.000000 -9999.000000 -9999.000000 -9999.000000 -9999.000000 -9999.000000 -9999.000000 -9999.000000 0.017967 0.039635 0.138989 0.031776 0.027748 0.023964 0.026101 0.050132 0.034065 0.053490
-9999.000000 -9999.000000 -9999.000000 -9999.000000 -9999.000000 -9999.000000 -9999.000000 -9999.000000 -9999.000000 -9999.000000 -9999.000000 -9999.000000 -9999.000000 -9999.000000 -9999.000000 -9999.000000 -9999.000000 -9999.000000 -9999.000000 -9999.000000 -9999.000000 -9999.000000 -9999.000000 -9999.000000 -9999.000000 -9999.000000 -9999.000000 -9999.000000 -9999.000000 -9999.000000 -9999.000000 -9999.000000 -9999.000000 -9999.000000 -9999.000000 -9999.000000 -9999.000000 -9999.000000 -9999.000000 -9999.000000 -9999.000000 -9999.000000 -9999.000000 -9999.000000 -9999.000000 -9999.000000 -9999.000000 -9999.000000 0.017967 0.021034 0.026953 0.188820 0.038491 0.028511 0.026268 0.037849 0.032632 0.025353 0.035546
-9999.000000 -9999.000000 -9999.000000 -9999.000000 -9999.000000 -9999.000000 -9999.000000 -9999.000000 -9999.000000 -9999.000000 -9999.000000 -9999.000000 -9999.000000 -9999.000000 -9999.000000 -9999.000000 -9999.000000 -9999.000000 -9999.000000 -9999.000000 -9999.000000 -9999.000000 -9999.000000 -9999.000000 -9999.000000 -9999.000000 -9999.000000 -9999.000000 -9999.000000 -9999.000000 -9999.000000 -9999.000000 -9999.000000 -9999.000000 -9999.000000 -9999.000000 -9999.000000 -9999.000000 -9999.000000 -9999.000000 -9999.000000 -9999.000000 -9999.000000 -9999.000000 -9999.000000 -9999.000000 -9999.000000 0.023934 0.026604 0.029453 0.029961 0.195092 0.032783 0.039910 0.035164 0.027337 0.030921 0.024849 0.044884
-9999.000000 -9999.000000 -9999.000000 -9999.000000 -9999.000000 -9999.000000 -9999.000000 -9999.000000 -9999.000000 -9999.000000 -9999.000000 -9999.000000 -9999.000000 -9999.000000 -9999.000000 -9999.000000 -9999.000000 -9999.000000 -9999.000000 -9999.000000 -9999.000000 -9999.000000 -9999.000000 -9999.000000 -9999.000000 -9999.000000 -9999.000000 -9999.000000 -9999.000000 -9999.000000 -9999.000000 -9999.000000 -9999.000000 -9999.000000 -9999.000000 -9999.000000 -9999.000000 -9999.000000 -9999.000000 -9999.000000 -9999.000000 -9999.000000 -9999.000000 -9999.000000 0.024422 0.018654 0.020607 0.093603 0.036552 0.022194 0.034569 0.162789 0.084908 0.074653 0.065174 0.056160 0.077812 0.042030 0.041985
-9999.000000 -9999.000000 -9999.000000 -9999.000000 -9999.000000 -9999.000000 -9999.000000 -9999.000000 -9999.000000 -9999.000000 -9999.000000 -9999.000000 -9999.000000 -9999.000000 -9999.000000 -9999.000000 -9999.000000 -9999.000000 -9999.000000 -9999.000000 -9999.000000 -9999.000000 -9999.000000 -9999.000000 -9999.000000 -9999.000000 -9999.000000 -9999.000000 -9999.000000 -9999.000000 -9999.000000 -9999.000000 -9999.000000 -9999.000000 -9999.000000 -9999.000000 -9999.000000 -9999.000000 -9999.000000 -9999.000000 -9999.000000 0.018272 0.030891 0.041985 0.034554 0.046410 0.041619 0.885359 0.037947 0.033406 0.632714 0.541211 0.063271 0.070122 0.055870 0.044197 0.014396 0.053978 0.050086
-9999.000000 -9999.000000 -9999.000000 -9999.000000 -9999.000000 -9999.000000 -9999.000000 -9999.000000 -9999.000000 -9999.000000 -9999.000000 -9999.000000 -9999.000000 -9999.000000 -9999.000000 -9999.000000 -9999.000000 -9999.000000 -9999.000000 -9999.000000 -9999.000000 -9999.000000 -9999.000000 -9999.000000 -9999.000000 -9999.000000 -9999.000000 -9999.000000 -9999.000000 -9999.000000 -9999.000000 -9999.000000 -9999.000000 -9999.000000 -9999.000000 -9999.000000 -9999.000000 -9999.000000 -9999.000000 0.014396 0.025277 0.022652 0.022378 0.019447 0.039055 0.043520 0.065529 1.927323 1.985306 2.815008 3.872936 0.612786 0.050329 0.043756 0.036735 0.028252 0.025078 0.081962 0.079418
-9999.000000 -9999.000000 -9999.000000 -9999.000000 -9999.000000 -9999.000000 -9999.000000 -9999.000000 -9999.000000 -9999.000000 -9999.000000 -9999.000000 -9999.000000 -9999.000000 -9999.000000 -9999.000000 -9999.000000 -9999.000000 -9999.000000 -9999.000000 -9999.000000 -9999.000000 -9999.000000 -9999.000000 -9999.000000 -9999.000000 -9999.000000 -9999.000000 -9999.000000 -9999.000000 -9999.000000 -9999.000000 -9999.000000 -9999.000000 -9999.000000 -9999.000000 -9999.000000 -9999.000000 0.025963 0.121391 0.058754 0.047096 0.042443 0.034506 0.069405 0.709105 1.884478 1.877122 2.868500 3.769010 5.837144 2.771942 0.062528 0.069783 0.046623 0.034340 0.035377 0.129799 0.094872
-9999.000000 -9999.000000 -9999.000000 -9999.000000 -9999.000000 -9999.000000 -9999.000000 -9999.000000 -9999.000000 -9999.000000 -9999.000000 -9999.000000 -9999.000000 -9999.000000 -9999.000000 -9999.000000 -9999.000000 -9999.000000 -9999.000000 -9999.000000 -9999.000000 -9999.000000 -9999.000000 -9999.000000 -9999.000000 -9999.000000 -9999.000000 -9999.000000 -9999.000000 -9999.000000 -9999.000000 -9999.000000 -9999.000000 -9999.000000 -9999.000000 -9999.000000 -9999.000000 0.019310 0.031288 0.038826 0.072182 0.078402 0.071434 0.476826 1.757189 0.687861 0.612331 0.578825 1.669366 2.787480 4.862113 2.759782 0.084102 0.043938 0.039361 0.039803 0.024574 0.080376 0.117853
-9999.000000 -9999.000000 -9999.000000 -9999.000000 -9999.000000 -9999.000000 -9999.000000 -9999.000000 -9999.000000 -9999.000000 -9999.000000 -9999.000000 -9999.000000 -9999.000000 -9999.000000 -9999.000000 -9999.000000 -9999.000000 -9999.000000 -9999.000000 -9999.000000 -9999.000000 -9999.000000 -9999.000000 -9999.000000 -9999.000000 -9999.000000 -9999.000000 -9999.000000 -9999.000000 -9999.000000 -9999.000000 -9999.000000 -9999.000000 -9999.000000 0.026116 0.031044 0.027366 0.023507 0.030852 0.028275 0.071129 0.151267 0.412506 0.500393 0.042879 0.033393 0.019509 0.033088 0.535510 1.747958 0.558178 0.050979 0.043914 0.048942 0.036247 0.029680 0.060859 0.119919
-9999.000000 -9999.000000 -9999.000000 -9999.000000 -9999.000000 -9999.000000 -9999.000000 -9999.000000 -9999.000000 -9999.000000 -9999.000000 -9999.000000 -9999.000000 -9999.000000 -9999.000000 -9999.000000 -9999.000000 -9999.000000 -9999.000000 -9999.000000 -9999.000000 -9999.000000 -9999.000000 -9999.000000 -9999.000000 -9999.000000 -9999.000000 -9999.000000 -9999.000000 -9999.000000 -9999.000000 -9999.000000 -9999.000000 0.050803 0.049567 0.058830 0.035957 0.023566 0.022942 0.037636 0.036981 0.084206 0.112501 0.104179 0.067677 0.034234 0.031197 0.018106 0.032555 0.035896 0.048624 0.373789 0.194267 0.137480 0.044640 0.045265 0.032937 0.063324 0.406905
-9999.000000 -9999.000000 -9999.000000 -9999.000000 -9999.000000 -9999.000000 -9999.000000 -9999.000000 -9999.000000 -9999.000000 -9999.000000 -9999.000000 -9999.000000 -9999.000000 -9999.000000 -9999.000000 -9999.000000 -9999.000000 -9999.000000 -9999.000000 -9999.000000 -9999.000000 -9999.000000 -9999.000000 -9999.000000 -9999.000000 -9999.000000 -9999.000000 -9999.000000 -9999.000000 -9999.000000 -9999.000000 0.034828 0.059571 0.058769 0.056542 0.032476 0.031558 0.031349 0.032752 0.043357 0.068597 0.073692 0.068001 0.031271 0.035561 0.022422 0.021812 0.030067 0.028115 0.035988 0.206047 0.207383 0.148546 0.073896 0.069699 0.063202 2.618152 2.640561
-9999.000000 -9999.000000 -9999.000000 -9999.000000 -9999.000000 -9999.000000 -9999.000000 -9999.000000 -9999.000000 -9999.000000 -9999.000000 -9999.000000 -9999.000000 -9999.000000 -9999.000000 -9999.000000 -9999.000000 -9999.000000 -9999.000000 -9999.000000 -9999.000000 -9999.000000 -9999.000000 -9999.000000 -9999.000000 -9999.000000 -9999.000000 -9999.000000 -9999.000000 0.123238 0.211617 0.658941 1.884635 0.789048 0.068483 0.061776 0.064644 0.028359 0.028298 0.042274 0.042603 0.068704 0.066872 0.063911 0.018242 0.021766 0.022453 0.042487 0.028556 0.030112 0.024866 0.097964 0.191424 0.172974 0.088188 0.112129 1.620519 3.642262 3.668556
-9999.000000 -9999.000000 -9999.000000 -9999.000000 -9999.000000 -9999.000000 -9999.000000 -9999.000000 -9999.000000 -9999.000000 -9999.000000 -9999.000000 -9999.000000 -9999.000000 -9999.000000 -9999.000000 -9999.000000 -9999.000000 -9999.000000 -9999.000000 -9999.000000 -9999.000000 -9999.000000 -9999.000000 -9999.000000 -9999.000000 0.022951 0.018334 0.020500 0.270842 0.213229 0.835304 1.879118 0.786468 0.065531 0.077140 0.057274 0.062279 0.051675 0.210386 0.038200 0.021034 0.017967 0.025948 0.049156 0.044536 0.031089 0.048684 0.037941 0.039711 0.040459 0.073254 0.461691 1.638953 0.564793 1.639708 1.646436 3.646443 2.669115
-9999.000000 -9999.000000 -9999.000000 -9999.000000 -9999.000000 -9999.000000 -9999.000000 -9999.000000 -9999.000000 -9999.000000 -9999.000000 -9999.000000 -9999.000000 -9999.000000 -9999.000000 -9999.000000 -9999.000000 -9999.000000 -9999.000000 -9999.000000 -9999.000000 -9999.000000 -9999.000000 0.028160 0.027062 0.043053 0.027931 0.080347 0.743906 0.461072 0.295958 0.789125 0.873655 0.751072 0.059961 0.021781 0.022591 0.022591 0.338188 0.254113 0.028694 0.017967 0.038918 0.026939 0.038977 0.053642 0.047615 0.052529 0.050548 0.053200 0.065841 1.570485 2.672820 3.690773 3.671731 1.673440 1.654007 1.651025 0.655040
-9999.000000 -9999.000000 -9999.000000 -9999.000000 -9999.000000 -9999.000000 -9999.000000 -9999.000000 -9999.000000 -9999.000000 -9999.000000 -9999.000000 -9999.000000 -9999.000000 -9999.000000 -9999.000000 -9999.000000 -9999.000000 -9999.000000 -9999.000000 -9999.000000 -9999.000000 -9999.000000 0.040591 0.037117 0.048027 0.362124 0.891297 0.921337 0.090532 0.022560 0.076470 0.783636 0.094033 0.078654 0.053780 0.022591 0.022591 0.039253 0.117202 0.103707 0.075111 0.046928 0.053688 0.051872 0.056832 0.063036 0.069069 0.075996 0.490766 3.670776 3.696899 4.691108 4.702388 3.701746 2.703092 1.678850 0.684156 0.021431
-9999.000000 -9999.000000 -9999.000000 -9999.000000 -9999.000000 -9999.000000 -9999.000000 -9999.000000 -9999.000000 -9999.000000 -9999.000000 -9999.000000 -9999.000000 0.066933 0.084404 0.068381 0.101757 0.087045 0.116081 0.111998 0.104610 0.073312 0.089624 0.061927 0.014396 0.037649 0.472508 0.369924 0.035092 0.028679 0.030556 0.047860 0.097060 0.108457 0.061495 0.068825 0.040657 0.030433 0.060936 0.137684 0.152854 0.127786 0.296120 0.030329 0.042839 0.061593 0.058096 0.087334 0.073463 0.069428 3.673805 4.716942 4.700041 4.710433 3.714065 2.707496 2.700763 0.716861 0.774013
-9999.000000 -9999.000000 -9999.000000 -9999.000000 -9999.000000 -9999.000000 -9999.000000 -9999.000000 -9999.000000 -9999.000000 -9999.000000 -9999.000000 0.060569 0.117423 1.127099 0.100060 0.064507 0.043740 1.210678 0.177358 0.164925 0.124859 0.051737 0.269792 0.019310 0.623325 1.637463 0.487827 0.050226 0.023566 0.022942 0.053552 0.047568 0.050537 0.063589 0.029381 0.038262 0.165321 0.104943 0.152306 0.133354 0.321385 0.357433 0.221747 0.140510 0.105156 0.128119 0.124381 0.034537 0.074328 3.672172 4.722658 4.695151 4.698995 3.708058 2.688683 2.670236 1.642114 0.724958
-9999.000000 -9999.000000 -9999.000000 -9999.000000 -9999.000000 -9999.000000 -9999.000000 -9999.000000 -9999.000000 -9999.000000 -9999.000000 -9999.000000 0.031319 0.107120 0.103587 0.061074 0.038567 0.054329 1.191018 0.191111 0.192272 0.140647 0.239846 0.204951 0.492752 1.612169 1.647796 1.640431 0.062146 0.027366 0.023507 0.068051 0.052947 0.057717 0.087913 0.038384 0.042656 0.172646 0.129601 0.067985 0.110772 0.281930 0.337276 0.243063 0.260153 0.407620 1.573584 0.600932 0.699690 0.681797 2.666324 2.697730 2.676483 2.683863 2.691641 0.588124 0.040507 0.041117 0.677425
-9999.000000 -9999.000000 -9999.000000 -9999.000000 -9999.000000 -9999.000000 -9999.000000 -9999.000000 -9999.000000 -9999.000000 -9999.000000 0.023079 0.043893 0.040413 0.044778 0.064736 0.069770 0.049354 0.170081 0.191597 0.187477 0.150414 0.089394 0.170566 0.401001 1.608002 1.587406 1.591444 0.062952 0.019310 0.039424 0.057328 0.992016 0.964954 0.101113 0.044943 0.042077 0.055458 0.042563 0.076240 0.068290 0.059715 0.243600 0.214941 0.285350 0.505921 1.651097 1.711736 1.734745 1.717480 1.711200 1.736306 0.679952 1.676661 1.641015 0.025959 0.017372 0.032890 0.211992
-9999.000000 -9999.000000 -9999.000000 -9999.000000 -9999.000000 -9999.000000 -9999.000000 -9999.000000 -9999.000000 -9999.000000 -9999.000000 -9999.000000 0.036186 0.020801 0.038078 0.060814 0.047892 0.064278 0.072533 0.066793 0.132103 0.100177 0.086541 0.079246 0.083397 0.059929 0.088266 0.575809 0.079068 0.022088 0.052019 0.998359 1.006698 0.968587 0.105385 0.028877 0.025612 0.041542 0.073372 0.056145 0.066383 0.054406 0.166727 0.169946 0.117312 0.083703 1.642479 2.700780 2.731140 2.715070 1.712697 0.624268 0.061926 0.610796 0.302653 0.027012 0.017372 0.052498 0.026115
-9999.000000 -9999.000000 -9999.000000 -9999.000000 -9999.000000 -9999.000000 -9999.000000 -9999.000000 -9999.000000 -9999.000000 -9999.000000 -9999.000000 0.031334 0.019310 0.031868 0.053444 0.043175 0.049751 0.042992 0.115837 0.123440 0.082130 0.134867 0.093743 0.053563 0.054756 0.043036 0.085860 0.093873 0.064843 0.999988 2.027054 2.018941 0.965034 0.036715 0.046380 0.023110 0.034431 0.035666 0.078819 0.053002 0.045763 0.041756 0.035271 0.050454 0.065741 0.450615 2.700062 3.728470 3.729365 1.694528 0.056423 0.070631 0.023689 0.584229 0.633258 0.049843 0.050638 0.572050
-9999.000000 -9999.000000 -9999.000000 -9999.000000 -9999.000000 -9999.000000 -9999.000000 -9999.000000 -9999.000000 -9999.000000 -9999.000000 -9999.000000 0.020103 0.014396 0.034355 0.032356 0.051476 0.035805 0.069291 1.139166 1.179644 0.133780 0.079288 0.061286 0.041115 0.049665 0.068149 0.084879 1.001113 1.032695 1.040798 2.046574 2.009190 0.877642 0.044674 0.017967 0.021034 0.043312 0.057656 0.037515 0.022927 0.023903 0.020454 0.022087 0.078819 0.136131 0.137836 0.542780 2.668445 2.691407 0.491087 0.051991 0.032615 0.033867 0.587916 0.609068 0.055656 0.068596 0.041279
-9999.000000 -9999.000000 -9999.000000 -9999.000000 -9999.000000 -9999.000000 -9999.000000 -9999.000000 -9999.000000 -9999.000000 -9999.000000 -9999.000000 -9999.000000 0.031120 0.014396 0.021019 0.019905 0.028175 0.094368 0.067711 0.157386 0.156026 0.026327 0.081626 0.060890 0.035897 0.036644 0.076022 2.001675 2.049309 1.002126 0.989397 0.988176 0.048453 0.024101 0.036582 0.017967 0.020302 0.044548 0.081902 0.054467 0.051186 0.038948 0.119301 0.124122 0.148429 0.112297 0.152356 0.488215 1.607682 0.141766 0.049751 0.032052 0.029289 0.240173 0.243496 0.029946 0.040687 0.043342
-9999.000000 -9999.000000 -9999.000000 -9999.000000 -9999.000000 -9999.000000 -9999.000000 -9999.000000 -9999.000000 -9999.000000 -9999.000000 -9999.000000 0.028924 0.027595 0.024650 0.035332 0.031807 0.081719 0.064232 0.050622 0.042624 0.030586 0.054299 0.026879 0.048546 0.036675 0.045464 0.045462 1.978927 0.963914 0.068934 0.081488 0.086217 0.074459 0.036843 0.037986 0.022148 0.047294 0.044533 0.051017 0.084719 0.162743 0.138635 0.112431 0.097757 0.074974 0.100976 0.096946 0.201089 0.188184 0.170445 0.069115 0.050255 0.042061 0.347028 0.353087 0.037865 0.054552 0.026894
-9999.000000 -9999.000000 -9999.000000 -9999.000000 -9999.000000 -9999.000000 -9999.000000 -9999.000000 -9999.000000 -9999.000000 -9999.000000 0.021738 0.019980 0.061760 0.036933 0.093529 0.087134 0.079705 0.057853 0.057121 0.052239 0.038032 0.053825 0.053412 0.104012 0.021523 0.042213 0.032600 0.091125 0.108461 0.018638 0.075059 0.064905 0.067964 0.057114 0.041084 0.025413 0.029106 0.033729 0.070182 0.087838 0.195762 0.186972 0.093604 0.075843 0.051795 0.058923 0.113472 0.181954 0.169213 0.187837 0.047844 0.062477 0.051505 0.405740 1.477895 0.315180 0.057027 0.030205
