use_cases/Flooding_chicago/flooding_data/output/h_900.asc
ncols 337
nrows 393
xllcorner 428428.000000
yllcorner 4602440.000000
cellsize 26.757400
NODATA_value -9999.000000
[rows 81 to 107 of 393, columns 177 to 235 of 337]
0.058778 0.060014 0.560100 1.654582 1.624229 0.408120 0.033562 0.026070 0.027000 0.036812 0.063850 0.043862 0.038464 0.043571 0.055778 0.087288 0.088844 0.029089 0.026345 0.049133 0.081031 0.116800 0.063530 0.055336 0.042228 0.032096 0.041480 0.051836 0.060241 1.907551 2.978336 1.934224 1.959668 0.882174 0.122153 0.098160 0.072197 0.100260 0.201344 1.322300 1.319800 0.339558 0.335177 0.255347 0.183543 0.887688 2.838933 2.904426 2.923899 1.913406 0.808152 1.585759 2.700182 2.726336 3.704111 3.730115 2.739508 1.704262 2.710755
0.048964 0.035713 0.060130 1.664414 2.658070 0.419434 0.050209 0.034600 0.014396 0.020973 0.025504 0.040871 0.037620 0.036674 0.060080 0.103662 0.031852 0.019798 0.034400 0.042992 0.046021 0.074959 0.087685 0.045442 0.025138 0.027702 0.038216 0.034904 0.042182 0.061816 1.942456 1.943936 1.949218 0.874956 0.164078 0.144705 0.102615 0.089824 0.091701 0.069130 0.045084 0.316832 0.387634 0.337104 0.210512 0.904336 2.845747 3.891618 2.911658 1.899500 0.779576 0.655724 1.674894 2.693541 2.693920 2.705043 1.715960 1.733326 1.750349
0.033667 0.054007 0.084607 1.609034 2.616632 0.366275 0.054268 0.037101 0.027336 0.043801 0.028221 0.032659 0.050637 0.036919 0.070488 0.056649 0.028099 0.017372 0.033184 0.056206 0.040107 0.040047 0.055687 0.061653 0.014396 0.042793 0.023370 0.024010 0.033409 0.039383 0.063432 1.911558 0.886220 0.157463 0.193969 0.178786 0.141119 0.078828 0.047774 0.031810 0.043685 0.156613 0.348586 0.301710 0.028969 1.855052 2.859741 3.859197 2.871912 1.823863 0.096481 0.070905 0.058767 0.575267 1.711112 2.712384 1.693214 0.561287 0.054132
0.040413 0.078682 0.085654 0.516327 0.384044 0.036292 0.033464 0.045037 0.076104 0.147910 0.086234 0.072991 0.113071 0.097770 0.080131 0.031089 0.036826 0.017372 0.054497 0.041191 0.028633 0.030663 0.026833 0.022454 0.039070 0.033638 0.036858 0.058331 0.057294 0.040743 0.037118 0.890018 0.153093 0.211337 0.239785 1.239353 0.165236 0.038703 0.021462 0.035439 0.031502 0.191358 0.206705 0.121900 0.032906 0.036274 0.043189 0.465261 0.059303 0.102078 0.091881 0.048438 0.026406 0.038445 0.034447 0.587505 0.090101 0.029610 0.041965
0.044609 0.056771 0.123986 0.092902 0.066856 0.026222 0.029733 0.069558 0.089501 0.133339 0.161018 0.150400 0.108345 0.262184 0.042031 0.033638 0.029031 0.038918 0.050453 0.046165 0.029533 0.030968 0.036829 0.040535 0.044488 0.079401 0.080186 0.076586 0.035668 0.023369 0.018409 0.057336 0.203621 0.202361 1.190030 1.190093 0.126555 0.039330 0.022774 0.018303 0.020089 0.366533 0.275568 0.034172 0.045586 0.023842 0.035546 0.051047 0.045615 0.033976 0.115671 0.039344 0.052299 0.025521 0.022988 0.067390 0.070854 0.017967 0.021034
0.043327 0.101312 0.109490 0.078133 0.029976 0.017372 0.047981 0.105477 0.065199 0.050849 0.046182 0.179726 0.222969 0.195704 0.118584 0.097878 0.035423 0.054053 0.030891 0.029610 0.056267 0.055931 0.094215 0.076859 1.728151 1.722740 2.733843 1.734758 0.046178 0.027626 0.064659 0.071876 0.173051 0.043648 0.064765 0.073341 0.047202 0.039071 0.026893 0.032448 0.595106 0.499625 0.034661 0.032295 0.030312 0.035225 0.031395 0.040657 0.037803 0.046562 0.117912 0.036506 0.035270 0.066156 0.130364 0.116463 0.075142 0.061547 0.017967
0.039191 0.027259 0.156060 0.027489 0.021842 0.017372 0.076907 0.071694 0.024254 0.023170 0.030830 0.127907 0.141777 0.289436 0.162912 0.103676 0.071390 0.076434 0.033383 0.039833 0.034096 0.038445 0.034508 0.052883 1.736197 2.754792 3.766326 2.755304 0.503330 0.044074 0.028862 0.065846 0.062950 0.033965 0.045173 0.039283 0.050974 0.079812 0.078850 0.634230 0.628660 0.594680 0.041482 0.036980 0.025703 0.017372 0.028938 0.027596 0.034340 0.038445 0.065345 0.051734 0.061256 0.079628 0.136573 0.106103 0.121974 0.494951 0.026275
0.044182 0.024910 0.027352 0.039664 0.062294 0.045540 0.075083 0.090918 0.029518 0.023995 0.021858 0.089852 0.293679 0.231590 0.237588 0.152642 0.106697 0.093322 0.040352 0.035651 0.032876 0.045051 0.033013 0.697731 1.753257 1.755868 2.780269 2.745884 0.480335 0.056784 0.040933 0.045556 0.051231 0.025697 0.026797 0.038352 0.062491 0.054009 0.092889 0.083473 0.590979 0.629511 0.511489 0.030572 0.025703 0.017372 0.028938 0.027580 0.045231 0.053672 0.054436 0.032539 0.033806 0.042161 0.036426 0.066129 0.082971 0.486324 0.501894
0.039863 0.032967 0.046058 0.059853 0.069324 0.045753 0.054894 0.023995 0.029518 0.047752 0.056305 0.049453 0.042243 0.111222 0.219959 0.167016 0.101828 0.263637 0.045310 0.034966 0.033775 0.070731 0.042412 0.715138 1.749724 1.748624 1.729376 0.534046 0.083255 0.068549 0.063080 0.038260 0.037377 0.021751 0.032433 0.042854 0.038582 0.072044 0.048607 0.044287 0.104906 0.591466 0.524238 0.045082 0.036705 0.021919 0.037918 0.070442 0.055947 0.062452 0.044456 0.058117 0.039680 0.060600 0.040661 0.045304 0.059731 0.034599 0.465080
0.093087 0.039039 0.061973 0.082070 0.067239 0.045891 0.034965 0.023170 0.024254 0.033060 0.037880 0.049200 0.041941 0.079811 0.270546 0.304151 0.072536 0.247705 0.168473 0.144143 0.048159 0.061882 0.159873 0.074213 1.781500 0.644710 0.089138 0.052953 0.051475 0.060494 0.051750 0.056785 0.038384 0.023735 0.025185 0.030525 0.033043 0.037819 0.053367 0.055658 0.100562 0.098689 0.537362 0.075620 0.032921 0.019844 0.047432 0.047387 0.036064 0.040839 0.053764 0.095864 0.079170 0.074417 0.104869 0.119445 0.622811 0.664717 0.557249
0.089609 0.101928 0.104252 0.086067 0.056411 0.050530 0.037514 0.027322 0.027687 0.036857 0.042823 0.035410 0.047660 0.108932 1.001353 1.045685 1.085490 0.182488 0.181736 0.187855 0.037925 0.043435 0.023109 0.079728 0.719020 0.098502 0.106402 0.063060 0.054771 0.043251 0.034630 0.038200 0.029047 0.025246 0.017372 0.017372 0.019798 0.042626 0.059364 0.052008 0.188408 0.113822 0.117071 1.124947 0.103896 0.032219 0.040565 0.068763 0.053231 0.040093 0.063376 0.070793 0.050010 0.063446 0.109280 0.124201 0.616895 0.632716 0.569114
1.616112 1.591931 0.459917 0.129993 0.092049 0.050735 0.044109 0.023613 0.038022 0.038840 0.046639 0.045952 0.068955 0.138038 1.128053 2.138788 2.153381 1.131209 1.148678 0.156002 0.135830 0.123790 0.116276 0.118809 0.125957 0.103437 0.047448 0.045937 0.046195 0.057357 0.031440 0.026023 0.030358 0.037728 0.025703 0.025703 0.068352 0.046395 0.072563 0.231550 0.300998 0.030526 0.027626 1.127140 0.093115 0.049325 0.056119 0.072244 0.048623 0.157843 0.109428 0.103865 0.091578 0.060609 0.071137 0.090321 0.674409 0.194045 0.219225
2.656527 2.642354 1.601955 0.093261 0.014396 0.053533 0.038173 0.050881 0.041084 0.118644 0.111962 0.074969 0.061885 0.181907 1.077932 2.181669 2.157238 2.183763 1.164296 2.161847 2.189407 2.176701 2.177325 2.183145 1.181538 0.116321 0.035500 0.065072 0.047372 0.068826 0.048760 0.049293 0.042280 0.045113 0.029046 0.029046 0.023836 0.052498 0.044875 0.058681 0.054694 0.053283 0.037880 0.062966 0.097360 0.065546 0.059978 1.331192 1.346446 0.206693 0.833675 0.845872 0.056303 0.048784 0.111608 0.117483 0.201504 0.356405 0.391336
2.651561 2.663196 1.630621 0.066953 0.019310 0.048927 0.093012 0.108432 0.144386 0.179328 0.159587 0.083101 0.193169 0.243131 0.208238 0.168723 1.141380 1.157391 1.157372 2.159362 4.178926 5.174722 4.178983 4.187332 1.172310 0.133066 0.136084 0.076378 0.122535 0.045889 0.061089 0.045350 0.048012 0.095909 0.057765 0.082344 0.062813 0.070457 0.061424 0.069909 0.082813 0.133248 0.138129 0.179956 0.150063 0.348220 0.385998 1.356258 1.381338 0.216614 0.897491 0.919957 0.043616 0.047903 0.024471 0.206889 0.359756 0.257218 0.568446
1.651617 0.629637 0.630568 0.040093 0.048688 1.058805 1.044112 1.060952 0.163367 0.186335 0.154282 0.265624 0.128035 0.112712 0.059362 0.117688 1.142478 1.160560 1.161937 2.160718 4.171755 5.174590 5.164225 2.173028 0.114455 0.039955 0.054095 0.070289 0.112717 0.114277 0.568271 0.081856 0.092492 0.110548 0.076927 0.091959 0.064537 0.063362 0.076256 0.049278 0.047889 0.114811 0.128681 0.170693 0.131639 0.367872 0.417316 1.385499 0.327083 0.177376 0.878995 0.893060 0.030902 0.037744 0.468522 0.403876 0.319562 0.267928 0.222175
0.648758 0.028829 0.029152 1.009446 0.977989 1.045546 1.029529 0.105602 0.175842 0.206729 0.211720 0.022591 0.022591 0.066005 0.065352 0.088856 2.150164 2.159296 0.142224 1.151168 2.090532 3.157011 4.147382 1.088465 0.034273 0.046643 0.040428 0.051719 0.019310 0.163626 0.712188 0.107461 0.075584 0.071235 0.028618 0.023384 0.018440 0.035958 0.052375 0.040779 0.036477 0.041986 0.037852 0.040426 0.096139 0.343149 0.406853 1.383957 0.288035 0.834479 0.850036 0.778795 1.574075 1.607736 2.605980 1.606452 0.473020 0.391062 0.331319
0.673529 0.023545 0.024160 1.007372 0.991434 0.065924 0.090123 0.035461 0.037461 0.237638 0.248163 0.022591 0.022591 0.069463 0.096051 0.963102 2.152523 2.198070 0.150188 0.017372 0.265067 1.023385 1.114083 0.310489 0.369953 0.341993 0.044227 0.035270 0.027366 0.023507 0.686282 0.068733 0.050330 0.051780 0.030907 0.014396 0.027290 0.039117 0.077491 0.070833 0.038521 0.056363 0.048377 0.053246 0.047203 0.289169 1.383457 1.421262 0.298864 0.816288 0.828212 1.625708 1.622690 2.572237 2.630556 1.566868 1.594583 0.444308 0.378335
0.734364 0.802142 0.845079 0.937625 0.916847 0.043755 0.057838 0.032004 0.052492 0.235619 0.272601 1.300900 0.251707 0.149794 0.156430 0.949448 2.137218 1.168165 0.167932 0.017372 0.365723 0.382180 0.399102 0.399431 1.455206 2.450833 1.381712 0.053211 0.023566 0.022942 0.632075 0.065450 0.040749 0.034996 0.024895 0.025184 0.036782 0.054573 0.078268 0.066857 0.046272 0.060237 0.042457 0.042504 0.042243 1.338518 2.402278 2.425973 1.411207 0.249262 0.195387 0.110694 0.469016 0.463068 1.535616 1.538226 0.488128 0.437528 0.378763
0.672384 0.055364 0.090056 0.122384 0.111922 0.056374 0.038780 0.054524 0.036217 0.207324 1.271718 1.281182 0.204303 0.124842 0.083361 1.050954 2.107513 1.047035 0.239945 0.329149 0.388823 1.472377 1.486200 1.457520 2.430564 3.450774 1.371630 0.051247 0.040764 0.039802 1.502912 0.277938 0.056480 0.042075 0.027458 0.024788 0.040473 0.038444 0.129616 0.129508 0.082758 0.056726 0.052391 0.054020 0.269243 1.224794 2.365569 2.387952 1.375659 0.259086 0.223636 0.032965 0.077299 0.049340 0.416506 1.530140 0.494641 0.024833 0.028373
0.198583 0.032029 0.044335 0.053073 0.053982 0.037452 0.033455 0.038917 0.033928 0.042854 1.257679 0.239956 0.027199 0.029884 0.058681 0.061219 1.063020 0.152283 0.243885 0.321402 1.472978 2.477353 1.463682 2.363902 3.435277 2.425736 0.263665 0.044781 0.032889 0.028694 1.560925 0.341704 0.039573 0.026009 0.051948 0.047113 0.049842 0.038368 0.112572 0.110602 1.099725 0.052975 0.099769 0.457750 1.410478 0.240960 0.282917 0.240944 0.039616 0.036857 0.044563 0.046364 0.096886 0.061883 0.036369 0.513527 0.480267 0.028283 0.044777
0.332963 0.042180 0.056406 0.071560 0.050362 0.041257 0.041878 0.026115 0.026954 0.031609 0.103447 0.034385 0.019371 0.037911 0.035440 0.047646 0.151577 0.031383 0.017967 0.034044 1.463038 2.473970 2.502361 1.442984 0.362488 0.042620 0.052750 0.031243 0.020867 0.255306 0.349198 0.287843 0.037193 0.042763 0.043296 0.215882 0.183114 0.191367 0.254562 0.257119 0.046011 0.053353 0.123714 0.593283 0.182355 0.018487 0.043678 0.041771 0.019752 0.046868 0.032417 0.089547 0.077958 0.022591 0.022591 0.030809 0.347433 0.340911 0.045128
0.476795 0.525184 0.452255 0.054819 0.030693 0.027117 0.022103 0.017967 0.021034 0.021263 0.071509 0.030648 0.028141 0.019615 0.026894 0.034203 0.057939 0.017967 0.021034 0.034986 1.471696 2.483650 2.492678 0.027275 0.028913 0.017372 0.025703 0.127271 0.184619 0.149374 0.221435 0.191123 0.164244 0.193572 0.239329 0.296462 1.240899 2.264139 0.254951 0.228794 0.147106 0.159185 0.088267 0.267394 0.332536 0.023629 0.021969 0.017372 0.017372 0.020179 0.043815 0.033226 0.102196 0.022591 0.022591 0.028053 0.277859 0.311593 0.031562
0.528587 1.542346 0.397087 0.052931 0.033288 0.034920 0.050394 0.032522 0.017967 0.046822 0.064689 0.050621 0.071113 0.046319 0.029305 0.024224 0.036406 0.417961 0.025345 0.483350 1.472895 2.454793 2.470259 0.027275 0.028913 0.017372 0.025703 0.775673 0.760373 0.418548 0.595037 0.591658 0.152126 0.214271 0.255786 0.222112 1.241906 2.271929 1.245910 0.210960 0.138830 0.164207 0.092280 0.358773 1.494923 0.399907 0.030907 0.020134 0.040519 0.038735 0.036598 0.027902 0.075462 0.045387 0.040490 0.092276 0.172386 0.177688 0.086170
0.355855 0.373953 0.360291 0.052834 0.053557 0.040261 0.051278 0.031501 0.020378 0.051139 0.030525 0.043479 0.060308 0.052019 0.079324 0.078886 1.510263 2.558006 1.547993 1.550466 1.526383 1.526909 1.533281 1.535928 0.503124 0.519898 0.590803 0.722466 0.770545 0.396842 0.586555 0.578549 0.103797 0.171753 0.176830 0.020805 0.042168 0.172021 1.248463 0.202432 0.130521 0.135179 0.377207 1.450516 1.472788 0.426139 0.057319 0.041207 1.357343 0.331506 0.026787 0.300235 0.033653 0.041175 0.069319 0.860638 0.151313 0.173152 0.085375
0.029365 0.062105 0.053719 0.064523 0.068084 0.078413 0.084019 0.038739 0.039667 0.030250 0.025703 0.032402 0.066916 0.393636 2.653482 2.670076 2.581749 2.578031 2.605372 1.577839 1.564837 1.558951 1.571019 1.569711 2.603264 2.580102 2.595274 0.522120 0.066564 0.032402 0.517741 0.553678 0.560696 0.105147 0.031622 0.026543 0.025811 0.028344 0.140799 0.163536 0.095403 0.103456 0.375946 1.447585 0.463130 0.022591 0.022591 0.035775 1.426849 0.397585 0.356965 0.305154 0.173246 0.154183 0.105302 1.809470 0.808370 0.721063 0.584380
0.018425 0.037696 0.038795 0.046211 1.817328 1.859117 1.848183 0.653269 0.048261 0.040081 0.022850 0.035759 0.045937 0.381795 1.340167 1.417322 2.515162 2.523013 2.539402 1.530917 1.515146 1.519840 1.549474 1.548279 2.615119 2.574782 2.562863 0.433907 0.057989 0.045753 0.036843 0.084525 0.052619 0.051262 0.034499 0.018562 0.034034 0.028008 0.081141 0.092231 0.128491 0.073017 0.462963 0.443213 0.021781 0.022591 0.022591 0.090745 0.433963 0.458213 0.017372 0.017372 0.082251 0.087723 0.077074 1.889161 0.872400 0.086633 0.061578
0.023414 0.029641 0.025610 0.880992 1.851700 1.885050 0.882070 1.857484 1.899332 0.686549 0.539056 0.423940 0.651932 0.336366 0.166166 0.073705 0.067552 0.051664 0.047599 0.041675 0.356121 1.451996 1.438381 1.509364 1.535761 2.508884 1.277712 0.051429 0.043281 0.053504 0.034783 0.042473 0.049543 0.035868 0.030250 0.024010 0.028924 0.036463 0.063469 0.112608 0.103841 0.068590 1.489004 1.498188 0.466134 0.453426 0.343865 0.155665 0.438264 0.420632 0.335204 0.165378 0.136190 0.095999 0.117200 1.852058 0.938532 0.023018 0.023795
