use_cases/Flooding_chicago/flooding_data/output/h_960.asc
ncols 337
nrows 393
xllcorner 428428.000000
yllcorner 4602440.000000
cellsize 26.757400
NODATA_value -9999.000000
[rows 162 to 188 of 393, columns 59 to 117 of 337]
0.147874 0.322576 0.231087 1.956060 1.964053 1.991705 0.958222 0.949672 1.914632 3.936847 2.951626 2.950790 1.928998 1.954165 0.933362 0.927382 0.916508 1.955258 2.952748 1.933590 0.872742 0.148891 0.190152 0.149711 0.026695 0.018867 0.108683 0.114851 0.121090 0.037178 0.058860 0.047218 0.313178 2.422996 3.433654 1.447476 0.339092 0.252165 0.576384 0.028678 0.025932 0.062171 0.028938 0.182472 0.248618 0.027870 0.039086 0.038628 0.027719 0.030982 0.052453 0.038862 0.080482 0.922422 0.941943 0.947604 0.042274 0.047463 0.030235
0.049614 0.048669 0.776898 1.939759 1.944909 0.964810 0.956249 1.943422 1.931606 2.946775 2.950676 1.938721 0.955941 0.963746 0.927444 0.020668 0.054061 0.918222 1.938928 1.923008 1.932953 0.963559 0.140349 0.270992 0.148183 0.040631 0.073217 0.095183 0.032356 0.051231 0.056817 0.043999 0.264746 2.404630 0.324773 0.026398 0.253491 0.189470 0.390657 0.236864 0.306661 0.235228 0.207813 0.074112 0.325340 0.288220 0.027856 0.135830 0.109783 0.069186 0.049745 0.040735 0.036605 0.035559 0.034645 0.032692 0.025444 0.054409 0.032418
0.047311 0.065680 0.686971 1.949683 0.962742 0.939956 0.953445 1.920163 1.920917 1.902851 1.904757 0.890966 0.951863 0.954852 0.051820 0.024606 0.065444 0.062219 0.060265 0.452895 1.498967 0.053908 0.029061 0.280950 0.205276 0.369325 0.334778 0.053419 0.036415 0.048501 0.044258 0.038383 0.040490 0.302917 0.029732 0.019309 0.031471 0.127845 0.253948 0.258462 0.331363 0.821010 0.872281 0.274002 0.209535 0.263096 0.216483 0.142470 0.083515 0.139333 0.106061 0.112279 0.032524 0.034386 0.034279 0.032585 0.025399 0.035286 0.129612
0.063247 0.082219 0.644906 1.860392 0.889794 0.108271 0.832871 1.811209 0.861554 0.112856 0.123573 0.193170 0.984402 1.005224 0.084874 0.025397 0.026726 0.131402 0.033135 0.021476 0.042276 0.025811 0.035926 0.054268 0.040015 0.390664 0.378998 1.436034 0.026969 0.029848 0.133674 0.028116 0.028830 0.032692 0.019309 0.014396 0.024284 0.028328 0.183330 0.128100 0.091204 0.890981 0.896645 0.821669 0.129319 0.023735 0.024344 0.065767 0.109583 0.098904 0.148953 0.056038 0.020607 0.055306 0.050796 0.049645 0.055046 0.038689 0.121359
0.085803 0.127510 0.195616 0.170572 0.148521 0.070043 0.253496 0.257112 0.071577 0.073138 0.050093 0.324295 0.932974 1.087326 0.118255 0.032585 0.039681 0.038348 0.028938 0.025871 0.018943 0.033869 0.031777 0.041121 0.046305 0.053306 0.287908 1.432968 0.035225 0.051490 0.075752 0.055565 0.056602 0.028984 0.042197 0.024284 0.023399 0.028206 0.038383 0.025623 0.029929 0.039791 0.841986 0.902321 0.067735 0.026100 0.014396 0.085951 0.077120 0.194008 0.207988 0.188521 0.023803 0.764826 0.717353 0.086310 0.027017 0.050506 0.161169
0.124556 0.109356 0.157555 0.123731 0.024235 0.167101 0.153432 0.135289 0.141410 0.120258 0.081354 0.430715 0.923455 1.127598 0.142622 0.020394 0.131065 0.033769 0.027961 0.023842 0.014396 0.021004 0.019570 0.023246 0.032660 0.044670 0.043587 0.242334 0.235717 0.220150 1.232070 1.242117 1.243648 1.237643 0.169460 0.029398 0.028393 0.084167 0.043286 0.062916 0.034471 0.048525 0.730907 1.660782 0.634694 0.032130 0.019309 0.072815 0.164594 1.155332 2.209705 1.178192 1.136541 2.039646 2.083219 0.080053 0.053804 0.040631 0.109841
0.122244 0.103541 0.124846 0.093732 0.044282 0.221900 0.227221 0.195856 0.188750 0.152362 0.108351 0.561015 0.868235 1.076724 0.128806 0.039771 0.057518 0.114574 0.035256 0.028343 0.018455 0.029380 0.047066 0.053429 0.050988 0.046867 0.031517 0.034614 0.239980 0.251436 1.237992 1.241599 1.241260 3.214617 2.231850 1.216239 0.140239 0.087455 0.103038 0.068583 1.779617 1.755130 2.766957 2.817683 0.630887 0.109771 0.039193 0.084304 0.055459 0.142160 1.237796 0.160929 0.115359 0.070100 0.865696 0.705347 0.448803 0.260846 0.228430
0.259344 0.150101 0.131720 0.056419 0.286766 1.261238 2.311822 1.230109 1.231573 1.144997 1.088113 0.980736 0.029136 0.039070 0.040000 0.043724 0.045677 0.100810 0.080792 0.038592 0.029198 0.050194 0.067512 0.044899 0.032173 0.023552 0.022591 0.022591 0.027687 0.156304 0.188360 0.198282 0.206054 2.235232 1.237972 0.212908 0.156795 0.080690 0.069850 0.558526 3.781751 3.779707 2.813184 0.732901 0.029262 0.042587 0.029029 0.055778 0.032738 0.036415 0.191449 0.044272 0.019309 0.026153 0.091356 0.055917 0.248931 0.240570 0.375408
0.017372 0.017372 0.020180 0.267714 0.316200 2.182473 3.273244 2.259497 1.264778 0.197170 0.140150 0.096808 0.018867 0.025551 0.018867 0.068493 1.069656 2.011347 1.089241 1.065144 0.089954 0.089285 0.081752 0.049919 0.036946 0.036415 0.022591 0.022591 0.027122 0.231562 0.088502 0.018501 0.023780 1.230625 0.204563 0.198904 0.110341 0.102591 0.084163 1.758265 3.809857 3.795235 1.781693 0.634130 0.033480 0.014396 0.062797 0.059776 0.018120 0.026725 0.045585 0.046959 0.014396 0.024895 0.056916 0.044249 0.158160 0.157130 0.305470
0.207526 0.123630 0.378838 0.249657 0.255619 1.081124 2.039109 1.182539 0.183475 0.187973 0.019783 0.078233 0.058851 0.018806 0.029442 1.086266 1.079393 1.092976 1.099008 1.086802 1.086761 0.085533 0.064445 0.076501 0.060997 0.037133 0.021050 0.029946 0.055970 0.661604 0.100932 0.034167 0.031350 0.034187 0.035287 0.028328 0.122373 0.179655 0.602009 1.759262 1.774520 1.781374 1.773012 0.657456 0.033731 0.035774 0.062203 0.022651 0.021844 0.029801 0.022606 0.032539 0.033565 0.038827 0.135384 0.044803 0.078030 0.095361 0.205913
0.533600 0.556601 0.478790 0.385035 0.238990 0.486955 0.536069 0.019921 0.029549 0.031669 0.029609 0.054732 0.212337 0.242740 0.170454 2.086207 1.083941 1.090982 0.096848 0.096883 1.101788 0.059165 0.040093 0.049155 0.097158 0.066851 0.056385 0.710753 2.905099 2.896038 1.838989 0.067511 0.027214 0.034965 0.042916 0.036383 0.039269 0.048316 0.053005 0.664167 1.749749 1.768271 1.770725 0.703099 0.097296 0.104232 0.048011 0.022743 0.050255 0.046669 0.045357 0.055701 0.045310 0.456138 1.720077 0.653779 0.103936 0.130151 0.164805
0.487207 1.692781 0.568652 0.463252 0.321768 0.246253 0.504347 0.531217 0.025459 0.030433 0.025490 0.043108 0.246760 0.257418 0.179814 2.090483 1.087116 1.098240 0.095783 0.094145 1.099439 0.035162 0.038917 0.073375 0.876467 1.937104 1.933411 1.041204 0.935210 2.926876 1.898274 0.069935 0.041069 0.061546 0.030464 0.039971 0.027504 0.036735 0.029595 0.057675 1.715215 1.751621 1.757798 0.682759 0.597681 0.114280 0.046531 0.023018 0.033317 0.038933 0.049400 0.046912 0.142178 2.714150 2.799258 2.824289 1.728823 1.749636 1.752320
0.527425 0.531475 0.502829 0.419516 0.280999 0.256263 0.449016 0.422853 0.240998 0.144672 0.638890 0.029289 0.277862 0.251798 2.065767 2.087870 1.078091 1.086423 0.087946 1.080663 0.064053 0.059691 0.041276 0.953793 0.944288 0.977358 1.970702 0.039334 0.041851 0.035468 0.883267 0.047142 0.036431 0.052040 0.053276 0.027732 0.029090 0.019736 0.027687 0.047127 1.724472 1.755488 1.755995 1.720661 0.548382 0.024874 0.014396 0.024330 0.035119 0.051909 0.369565 0.375959 0.253963 1.712026 2.772946 3.819270 3.848431 3.793254 2.801661
0.124253 0.219231 0.164112 0.119079 0.068985 0.091105 0.074962 0.278141 0.537358 0.514600 1.544940 0.530326 0.395362 0.320879 0.994587 2.112924 1.098572 1.120795 0.092661 0.067829 0.968261 0.954471 1.965899 0.962039 0.943024 0.032780 0.027201 0.036347 0.017372 0.017372 0.025288 0.079816 0.057549 0.471964 0.102292 0.034569 0.023949 0.040047 0.047111 0.057927 1.742074 1.776765 1.783599 0.675559 0.536423 0.026041 0.021004 0.030144 0.044811 2.633999 2.651821 0.482437 0.014396 0.036606 0.069373 0.563773 0.601732 2.800502 1.731223
0.076856 0.161277 0.140248 0.107062 0.060267 0.096942 0.082934 0.085674 0.516665 1.596952 2.617543 1.634863 0.434467 0.310325 1.044923 1.078260 1.071849 1.091381 0.071162 0.070825 0.041641 1.972259 1.953772 0.979223 0.030567 0.026570 0.100666 0.114371 0.033211 0.027138 0.043864 0.575173 1.628271 1.616538 0.113885 0.072212 0.065987 0.046576 0.033332 0.044028 0.671930 0.690045 0.638151 0.572216 0.483667 0.035489 0.019571 0.040393 2.633595 3.661029 2.646589 0.476954 0.032138 0.020454 0.073936 0.030724 0.028435 0.034201 0.109511
0.055272 0.227888 0.207932 0.159408 0.076551 0.163718 0.148591 0.143614 0.153447 0.450071 1.541487 1.610004 0.405235 0.262763 0.147742 1.026385 1.033042 1.025818 0.972681 0.075409 0.018776 0.057960 0.057821 0.041972 0.028977 0.114412 0.697549 0.082295 0.020881 0.060228 0.641848 0.640222 1.674770 0.031517 0.024757 0.028556 0.068383 0.081602 0.057073 0.690441 0.692351 0.685880 0.549616 0.417375 0.656788 0.061354 0.021721 0.042913 2.652355 3.662245 2.656180 0.548685 0.040307 0.032936 0.046043 0.039574 0.023460 0.034645 0.085251
0.303042 0.299663 0.258888 0.182358 0.393826 0.227769 0.205585 0.146031 0.221972 0.218314 0.116367 0.385278 0.276449 1.011417 1.049895 1.049885 1.024894 1.016225 1.004991 0.063623 0.025140 0.014396 0.026421 0.045578 0.148262 0.131142 0.735812 0.722140 0.039024 0.058320 0.040595 0.028252 0.555244 0.018943 0.014396 0.026604 0.021278 0.593992 0.650459 0.673457 0.029387 0.025582 0.348827 0.267667 0.590114 0.343076 0.162934 0.137873 1.628622 3.670826 3.666248 1.688532 0.501461 0.046119 0.051033 0.031929 0.027276 0.026086 0.035362
0.359598 1.356915 0.298406 0.221332 0.129748 0.072562 0.062857 0.046765 0.084937 0.144581 0.075249 0.063511 0.147449 0.971425 1.056632 1.048598 0.984725 1.900685 1.926213 0.903820 0.051156 0.024345 0.023796 0.048394 0.111131 0.099959 0.058600 0.673999 0.670234 0.035973 0.041252 0.027870 0.436539 0.030693 0.024360 0.023842 0.051185 0.558836 1.793367 0.779103 0.049645 0.030792 0.205885 0.216833 0.523628 0.357926 0.595162 0.623950 1.657858 3.672216 3.653522 2.671918 0.486704 0.100837 0.053918 0.039680 0.040336 0.018211 0.028496
0.339201 1.348795 0.317228 0.034905 0.041099 0.039192 0.029381 0.031517 0.035089 0.271446 0.020470 0.037101 0.103557 0.984002 0.020270 0.062983 1.858059 1.928457 1.936590 1.936800 0.907475 0.896104 0.097734 0.031288 0.039863 0.031701 0.064966 0.651017 0.675365 0.645903 0.022794 0.083433 0.701177 0.048460 0.035850 0.022210 0.056396 0.061352 0.673356 0.713691 0.024399 0.044519 0.143452 0.212048 0.338202 0.252089 0.681799 0.684056 1.645180 2.658239 3.646381 2.632733 0.053310 0.046578 0.054023 0.034051 0.041850 0.021660 0.037206
0.373485 0.035896 0.048026 0.056755 0.055810 0.051520 0.037727 0.034248 0.044655 0.334710 0.031517 0.028130 0.038993 0.091448 0.029382 0.072720 1.930218 1.972605 1.968435 1.952022 0.926771 0.872701 0.112890 0.025261 0.032449 0.027092 0.032158 1.595831 0.621759 0.590222 0.361479 0.623706 1.738253 0.594225 0.040734 0.050255 0.019309 0.035431 0.053143 0.030215 0.047764 0.041322 0.083780 0.445289 0.507644 0.111677 0.627471 1.609192 0.634753 0.629584 1.642882 1.638963 0.030653 0.029213 0.047355 0.039788 0.030601 0.021660 0.038430
0.025704 0.056815 0.066247 0.060371 0.047462 0.041313 0.030098 0.043831 0.043251 0.365303 0.036477 0.038048 0.046104 0.066536 0.051093 0.083169 0.788342 0.819910 0.844963 0.909569 0.896346 0.067073 0.058509 0.025489 0.017372 0.017372 0.032204 0.072145 0.104369 0.021248 0.242937 1.697812 2.803334 1.771960 0.107824 0.050790 0.027367 0.023506 0.028176 0.056700 0.049128 0.097893 0.452865 0.448640 0.408157 0.207026 1.604326 1.647438 0.612357 0.598232 0.493488 1.373573 0.029839 0.046403 0.061438 0.054926 0.032859 0.018211 0.035393
0.025704 0.045616 0.049950 0.038169 0.078209 0.063159 0.042641 0.077950 0.041573 0.373506 0.040916 0.050300 0.032158 0.039070 0.043420 0.068183 0.677250 0.662671 0.670424 0.068641 0.042915 0.076134 0.113351 0.109687 0.032413 0.024269 0.018608 0.020591 0.025307 0.021126 0.021554 0.610348 1.821268 0.040149 0.034493 0.045204 0.023567 0.022942 0.027991 0.045203 0.140528 0.157567 0.075770 0.325668 0.274138 0.584614 1.655298 0.561428 0.046392 0.023141 0.148463 0.987581 1.180218 1.254885 2.239658 0.937394 0.035866 0.025901 0.026055
0.033958 0.061716 0.046081 0.070122 0.065284 0.055292 0.037743 0.056451 0.284111 0.359588 0.043877 0.055656 0.038933 0.048927 0.037422 0.055786 0.528432 1.134247 0.515648 0.052125 0.024116 0.026651 0.123954 0.116570 1.083931 0.053963 0.036118 0.057270 0.039329 0.043738 0.036598 0.514167 0.589255 0.034679 0.035058 0.030372 0.036033 0.029626 0.040764 0.039406 0.044232 0.028190 0.045056 0.164276 0.518058 0.544254 0.533414 0.029487 0.025415 0.026344 0.036134 0.129039 1.071257 1.160202 2.097945 1.027403 0.168325 0.135367 0.023017
0.043389 0.122147 0.081780 0.156730 0.099694 0.072014 0.045399 0.214835 0.238061 0.025185 0.049186 0.014396 0.030468 0.032355 0.074063 0.051188 0.422405 1.176699 0.341453 0.036994 0.026481 0.039086 0.029625 0.118285 0.089925 0.121424 0.058343 0.068363 0.040124 0.067430 0.609219 0.749567 0.325268 0.199784 0.032754 0.030739 0.063958 0.057065 0.057069 0.022043 0.034386 0.035561 0.046852 0.410150 0.473092 1.399314 1.414691 0.031638 0.032401 0.035544 0.049195 0.183678 0.248721 0.431465 0.308836 0.085969 0.125470 0.242903 0.342131
0.125297 0.140472 0.096345 0.160942 0.386259 0.310814 0.237236 0.184613 0.187218 0.163148 0.038673 0.038124 0.045678 0.045464 0.049031 0.154141 0.231114 0.932820 0.757532 0.059930 0.038376 0.035255 0.040352 0.027183 0.065865 0.090202 0.091612 0.088428 0.482374 2.626950 3.707843 3.688839 2.623857 1.615271 0.414036 0.218377 1.642963 1.700006 0.450319 0.230027 0.387420 1.491293 0.457493 0.444446 0.463613 1.448682 1.434576 0.051267 0.030784 0.047859 0.018089 0.033774 0.042779 0.670452 0.040342 0.018867 0.025551 0.018867 0.398886
0.116967 0.109901 0.089257 0.046410 0.049721 0.293189 0.226998 0.580257 0.579681 0.094408 0.034278 0.034019 0.066948 0.046014 0.092152 0.095223 0.574299 0.730841 0.683148 0.491317 0.049538 0.027441 0.032860 0.025582 0.042686 0.048973 0.607957 1.728330 2.718582 3.697334 4.732494 4.753448 4.773060 1.684690 0.433164 0.707955 1.573915 1.717980 0.515557 0.573822 2.423290 2.550606 0.493050 0.457041 0.461516 1.441442 1.435011 0.285681 0.041694 0.032158 0.021660 0.021660 0.071376 0.821427 1.895813 0.038030 0.018806 0.235998 0.351983
0.071541 0.342249 0.051613 0.041435 0.076758 0.044792 0.151833 0.483755 1.592493 0.620729 0.026008 0.025932 0.055183 0.212901 0.046449 0.050298 0.537408 0.590070 0.576178 0.509510 0.039329 0.055335 0.027366 0.057290 0.045219 0.056327 0.158082 0.151940 0.589562 1.627870 1.561720 1.611090 0.522828 0.483953 0.320657 0.760666 0.786373 0.037147 0.028823 0.406806 2.452604 1.483504 1.513763 0.443540 0.446337 1.424476 2.420779 1.415006 0.269558 0.064766 0.055840 0.018089 0.095458 1.858425 2.905733 0.773124 0.245688 0.370744 0.235831
