use_cases/Flooding_chicago/flooding_data/output/h_960.asc
ncols 337
nrows 393
xllcorner 428428.000000
yllcorner 4602440.000000
cellsize 26.757400
NODATA_value -9999.000000
[rows 81 to 107 of 393, columns 236 to 294 of 337]
2.897306 2.901059 0.760025 0.103761 0.037941 0.039345 0.033348 0.044381 0.051247 0.059120 0.025551 0.023705 0.049874 0.045083 0.081867 0.077140 0.073035 0.029838 0.026740 0.032036 0.051507 0.054954 0.061195 0.026223 0.027123 0.049950 0.043602 0.053580 0.050820 0.022087 0.042427 0.035774 0.043617 0.104068 0.104112 0.069051 0.151518 1.216507 1.205822 0.156128 0.041329 0.028130 0.022758 0.039268 0.060432 0.089225 0.110664 0.114159 0.094978 0.051368 0.047117 0.072025 0.079240 0.076239 0.069380 0.039512 0.050209 0.047646 0.039269
0.829584 0.805995 0.091842 0.052315 0.062462 0.057686 0.027428 0.018471 0.022666 0.025245 0.035728 0.025550 0.041069 0.042518 0.064138 0.059425 0.053932 0.021935 0.018135 0.020424 0.026420 0.026971 0.027962 0.018211 0.021660 0.021660 0.018211 0.063210 0.021660 0.018089 0.027443 0.048685 0.069314 0.038169 0.059995 0.138168 2.205174 2.198594 2.205984 2.211084 1.143637 0.147651 0.032371 0.031308 0.018440 0.023460 0.122476 0.116828 0.078758 0.096306 0.066475 0.455974 0.520274 0.058548 0.030983 0.066705 0.043509 0.050406 0.038217
0.030005 0.035043 0.037834 0.052391 0.045632 0.037407 0.041145 0.031272 0.047157 0.057304 0.025307 0.109551 0.063347 0.076037 0.039451 0.027839 0.024116 0.023048 0.039161 0.034004 0.067547 0.076760 0.093415 0.038964 0.042076 0.049003 0.067681 0.018089 0.021660 0.059333 0.033425 0.068489 0.070656 0.097939 0.155332 1.224265 3.241668 3.224046 3.227255 4.241064 4.224288 2.226278 0.082243 0.052421 0.037224 0.029991 0.030753 0.024726 0.057794 0.072821 0.415976 1.542433 1.562076 0.051193 0.072328 0.064902 0.061867 0.036750 0.036965
0.043189 0.029722 0.066385 0.072551 0.074682 0.047883 0.065122 0.044853 0.039050 0.054559 0.023354 0.021995 0.049537 0.053962 0.101524 0.085213 0.046776 0.054299 0.036004 0.042815 0.250456 0.249967 0.049867 0.027702 0.223469 0.211387 0.044319 0.045051 0.044595 0.036384 0.077644 0.040108 0.038826 0.025461 0.088721 3.171167 2.193877 3.206423 4.208151 5.209111 5.210480 3.171055 0.100323 0.052040 0.075172 0.025534 0.030083 0.024529 0.039482 0.042091 0.414484 1.551439 1.557935 1.535523 0.400393 0.036858 0.039589 0.064430 0.023445
0.033500 0.035635 0.150952 0.095702 0.595997 0.056419 0.062701 0.048164 0.047508 0.065865 0.030922 0.018151 0.034614 0.042336 0.065102 0.072533 0.076728 0.109557 0.070266 0.284015 1.368389 1.362127 0.304944 0.028083 0.281019 0.255683 0.024285 0.053276 0.048759 0.049721 0.050315 0.032753 0.033775 0.037974 0.870241 3.173812 2.210482 3.189602 4.196455 5.210737 4.219025 2.177726 0.040444 0.048287 0.071937 0.057960 0.054955 0.049771 0.041923 0.439731 0.447525 1.578877 1.552934 1.534744 0.383338 0.041511 0.027794 0.022591 0.022591
0.046736 0.197937 0.218683 0.807995 1.881660 1.856902 0.082241 0.048426 0.067953 0.079567 0.038521 0.029656 0.039955 0.030571 0.040225 0.074714 0.056497 0.098275 1.358331 1.372414 2.377791 1.369462 0.303283 0.017967 0.030128 0.130182 0.240761 0.254137 0.170374 0.232596 0.145806 0.073422 0.079176 0.368505 0.957151 2.169273 2.201421 2.205290 2.209894 3.220414 2.203496 1.238151 0.041572 0.032204 0.039353 0.064003 0.053766 0.047616 0.035788 0.406472 1.408713 0.447733 0.443000 0.491603 0.109931 0.044274 0.027794 0.022591 0.022591
0.034650 0.266610 0.021051 0.871152 1.900534 1.889372 0.846472 0.110381 0.110684 0.103287 0.035957 0.028964 0.043007 0.033074 0.047159 0.109763 0.087579 0.061629 1.390592 1.389198 2.383143 1.385621 0.017967 0.021033 0.037931 0.077759 0.240627 0.289850 0.207086 0.253778 0.159603 1.767196 0.789486 0.585358 0.989187 1.137493 1.154668 1.179969 1.142039 1.146675 1.115450 1.228240 0.030509 0.040993 0.037086 0.107506 0.112482 0.143635 0.181865 0.311707 0.316444 0.323636 0.054206 0.040139 0.240440 0.051322 0.039604 0.037621 0.029929
0.590845 0.023347 0.035593 0.026492 0.916662 1.895235 0.868761 0.122300 0.108223 0.913632 0.047870 0.055268 0.060167 0.068380 0.041068 0.071587 0.372656 0.371706 1.386902 2.383582 2.383966 1.384978 0.028664 0.038520 0.029044 0.054542 0.031931 0.024634 0.018990 0.200624 0.586411 1.758118 1.852304 0.763193 0.037895 0.030094 0.196184 1.181725 0.287068 0.306138 0.367424 1.307549 0.090447 0.128138 0.117864 1.164978 1.164464 1.203655 2.200604 1.126046 1.088764 0.229827 0.050513 0.096046 0.116603 0.053658 0.022590 0.136254 0.076316
1.454872 0.539436 0.035491 0.031084 0.893737 1.890575 1.907173 0.873813 0.884215 0.925675 0.890444 0.870229 0.823256 0.803284 0.098135 0.040429 0.415737 0.385042 1.390435 2.386461 3.385763 3.385412 0.366604 0.038171 0.063575 0.376764 0.369470 0.332845 0.258189 0.280737 0.171752 0.576314 0.684562 0.698418 0.028159 0.037067 0.287347 0.293499 0.333179 0.346767 1.483452 1.284678 0.026955 0.026115 0.127403 1.170650 1.167907 2.212857 4.213929 3.183508 1.159248 0.162507 0.041481 0.021919 0.159532 0.075201 0.112853 0.018120 0.069985
1.478521 1.483563 1.502564 0.024488 0.049514 0.882462 1.917517 1.935907 1.939331 1.972338 1.970187 1.963301 1.939398 0.840099 0.097347 0.032280 0.020277 0.352782 1.395524 2.392429 3.387214 2.363808 0.421569 0.431875 0.060600 0.320035 1.335243 1.353523 0.279153 0.144463 0.077095 0.073552 0.073775 0.709286 0.783110 0.045483 0.325320 0.352423 1.425720 1.422173 1.424208 0.021263 0.021033 0.017967 0.023934 1.178725 2.180053 3.215572 4.202309 3.207878 2.188172 0.128077 0.036307 0.037605 0.055505 0.087716 0.022728 0.021873 0.054512
1.432915 2.511390 1.536505 0.029367 0.019119 0.909053 0.915895 1.916131 0.904779 1.951339 1.947331 1.940837 0.913162 0.069527 0.100224 0.020836 0.288326 0.337705 1.394904 1.382740 1.381382 1.385377 0.055350 0.049551 0.071419 0.074761 0.063336 0.189681 0.189454 0.047537 0.049749 0.041374 0.059258 0.054695 0.739662 0.084352 0.084845 0.368864 0.367856 1.362362 1.213233 0.423085 0.017967 0.054325 0.107571 2.198098 3.181220 4.215770 3.213719 2.201766 1.149367 0.110899 0.069568 0.030007 0.024208 0.029321 0.023994 0.067849 0.041360
0.381682 1.446767 2.439090 0.261630 0.191653 0.133152 0.932217 0.035270 0.040700 1.005030 1.008551 1.005912 0.066930 0.096852 0.127527 0.217176 1.298398 0.332221 0.367300 1.378799 0.358237 0.320384 0.068658 0.048302 0.074242 0.112523 0.044271 0.030357 0.057792 0.052711 0.037514 0.041998 0.049950 0.052376 0.090017 0.119790 0.164666 0.165773 0.183362 0.195189 0.843740 0.467304 0.665899 0.609524 1.969900 3.191407 4.187501 4.205847 3.227197 1.194449 0.159498 0.042688 0.079216 0.099777 0.023994 0.028542 0.071924 0.046119 0.072120
0.191950 0.408842 1.313150 2.070569 1.239157 1.296594 0.201430 0.017372 0.057373 1.013021 1.030936 1.033433 1.073169 1.024856 1.027227 0.203213 0.282277 0.325572 0.363908 0.375048 0.318275 0.045219 0.051064 0.048087 0.050284 0.092339 0.062662 0.022712 0.046883 0.046470 0.034447 0.032799 0.036292 0.049964 0.039620 0.052345 0.151200 0.190421 0.237887 0.377824 0.552145 0.622781 0.647774 0.592514 1.956023 3.188590 4.181922 4.190147 3.200989 1.204179 0.196992 0.040871 0.069055 0.085644 0.035133 0.019646 0.043501 0.045448 0.072292
0.115787 0.121178 0.326246 2.161354 2.268035 1.321341 0.249944 0.017372 0.072013 2.070863 2.084686 1.060477 1.079653 2.065638 0.996083 0.213587 0.265387 0.311498 0.327026 0.372909 0.305488 0.057976 0.036094 0.031577 0.021309 0.081490 0.098521 0.025138 0.023477 0.038414 0.030174 0.014396 0.027840 0.030899 0.038261 0.045691 0.058037 0.046300 0.045661 0.429974 0.672332 0.728965 0.700005 0.607233 0.945679 2.105195 2.144782 2.080494 0.999993 1.146679 0.227572 0.353364 0.319447 0.077038 0.028831 0.026466 0.047817 0.380248 0.438162
0.167747 0.241588 0.144421 1.200277 2.237621 2.215261 2.228046 1.203671 0.118877 2.068274 2.073732 3.100935 2.101597 3.071196 2.022734 0.189865 0.236167 0.046586 0.043988 0.363316 0.255544 0.037147 0.028252 0.024316 0.026695 0.058967 0.063651 0.032539 0.024713 0.030647 0.070611 0.025398 0.028922 0.019662 0.028817 0.036569 0.035485 0.044029 0.034888 0.117025 0.871174 0.879824 0.793121 0.623004 0.928527 1.024701 0.083570 0.054776 0.024345 0.064762 0.079999 0.088678 0.027794 0.082106 0.069436 0.427880 1.546453 2.517264 0.437641
0.277704 0.175330 0.199571 1.205553 1.240603 2.224393 2.250029 1.171325 1.099474 2.060181 2.087853 3.077147 3.100356 3.084126 2.040260 1.100961 0.054081 0.090840 0.054535 0.074840 0.079840 0.044747 0.026756 0.026935 0.014396 0.046394 0.040642 0.014396 0.029553 0.037178 0.079735 0.064904 0.035958 0.029122 0.036385 0.019309 0.028969 0.038570 0.037748 1.209422 2.294505 1.077827 0.926378 0.792316 0.077217 0.033515 0.030114 0.050133 0.033806 0.034432 0.081013 0.085584 0.040885 0.024178 0.078236 1.521599 2.549547 1.557218 0.514874
0.324924 0.255627 0.147227 1.204230 1.241199 1.244578 1.214906 1.188520 1.899044 3.083243 2.089213 2.093755 3.078459 2.053510 0.976383 0.089713 0.076007 0.040118 0.094734 0.058126 0.072041 0.035132 0.047127 0.039282 0.034080 0.014396 0.030677 0.029016 0.039283 0.038659 0.295181 0.334565 0.052144 0.053370 0.047462 0.014396 0.018943 0.020485 0.025612 2.283103 3.331923 2.212562 0.912004 0.045654 0.019570 0.021004 0.014396 0.068517 0.024497 0.034341 0.053032 0.060036 0.035027 0.035317 0.043891 1.549224 1.577705 0.543903 0.024298
0.322253 0.274987 0.182355 1.146710 0.172280 0.178658 0.042670 0.055482 1.105914 2.032007 2.077642 2.097403 2.093655 1.983523 0.236964 0.074195 1.110524 0.132147 0.050526 0.090937 0.124634 0.117759 0.037289 0.040092 0.028938 0.028048 0.046989 0.041633 0.055792 0.060200 0.408214 1.511493 0.383891 0.049745 0.039528 0.021004 0.033378 0.034860 0.741347 3.266803 4.261719 1.021959 0.117612 0.078609 0.071815 0.061965 0.048866 0.028772 0.030952 0.023887 0.024361 0.031502 0.039177 0.032021 0.034425 0.051646 0.513208 0.493651 0.447601
0.269570 0.227010 0.145013 0.126819 0.086435 0.077981 0.019844 0.112853 0.080054 0.108290 1.067230 2.120660 2.106857 1.951782 0.294956 0.088525 0.106118 0.051076 0.059179 0.014396 0.155882 0.128216 0.042281 0.049755 0.030998 0.027625 0.043938 0.039145 0.066212 0.053484 0.499349 1.539721 1.514533 0.412479 0.035086 0.019571 0.030937 0.047351 0.673425 3.074314 2.906839 0.439581 0.074314 0.103488 0.061988 0.055458 0.045753 0.030800 0.027565 0.026847 0.014396 0.019309 0.035194 0.030708 0.045790 0.028175 0.028346 0.450851 0.450321
0.040926 0.038537 0.035346 0.029915 0.032693 0.039605 0.030327 0.159723 0.141789 0.064437 0.082893 2.105992 2.090351 1.927060 0.360634 0.091509 0.111921 0.067248 0.066425 0.123091 1.138952 1.138835 0.108634 0.110867 0.027184 0.042597 0.051466 0.387985 0.446767 0.523603 0.496092 1.529365 1.525506 0.481074 0.021080 0.035617 0.035302 0.042926 0.059818 1.504956 1.539460 0.546193 0.108103 0.119235 0.040047 0.044807 0.041619 0.058723 0.040402 0.029991 0.031883 0.027564 0.075139 0.046356 0.039321 0.149632 0.418295 0.482343 0.454228
0.048455 0.019309 0.014396 0.024284 0.039512 0.035072 0.165601 1.223921 1.233630 0.029985 0.027559 0.039098 1.147902 0.933378 0.435759 0.079131 0.091768 0.035760 0.021096 0.106496 1.138835 2.141475 2.138713 1.143368 0.078200 0.165462 1.451065 2.535200 1.559303 1.556001 1.522670 1.537648 1.541604 0.493600 0.021004 0.044863 0.042197 0.135867 0.117639 1.598809 1.658861 0.631165 0.135418 0.167806 0.156254 0.051705 0.041541 0.057030 0.033179 0.040719 0.035057 0.275924 1.310113 0.231922 0.401538 0.260441 0.364064 1.498245 0.463789
0.039848 0.045219 0.024284 0.023399 0.029884 0.146490 1.224695 2.230716 1.232337 0.022591 0.022591 0.028282 0.052193 0.040647 0.606381 0.066555 0.039682 0.032021 0.019309 0.035103 0.102440 3.140733 2.144401 0.118185 0.085994 0.164652 1.465185 2.559117 1.561346 1.532554 1.522653 1.553002 0.493840 0.442476 0.243265 0.125571 0.987971 1.125821 1.095655 1.646766 1.701891 0.813794 1.130483 1.192909 1.184977 0.146256 0.169996 0.161988 0.159415 0.256591 0.284688 1.392631 2.344115 1.387882 0.209339 0.148783 0.105823 0.271699 0.270030
0.108767 0.081616 0.028831 0.031014 0.054458 0.151664 1.220619 2.224074 1.228228 0.022591 0.022591 0.030357 0.022740 0.056134 0.683262 0.073922 0.034523 0.025749 0.014396 0.033515 0.035743 2.139435 1.138745 0.018364 0.023139 0.033027 0.344254 1.511469 0.451450 0.428515 1.502667 0.485665 0.506746 0.017967 0.687378 0.531347 2.161631 2.232752 2.251248 1.075725 1.067320 0.129305 1.186498 2.238856 2.236334 1.193146 1.196968 0.124847 0.117137 0.033240 1.370967 2.358173 3.354786 1.372687 0.296228 0.044042 0.083259 0.047615 0.062621
0.117627 0.682851 0.746069 0.028590 0.031743 0.174387 0.185525 1.223602 1.221226 0.027794 0.027794 0.046456 0.056633 0.783444 0.720081 0.049342 0.052634 0.030586 0.052238 0.048409 0.030235 0.118937 1.142006 0.108971 0.028497 0.024574 0.031761 0.085723 0.067849 0.040083 0.474991 0.448796 0.017967 0.021033 0.688694 1.027188 2.192308 3.266131 2.255623 2.314687 1.147289 1.217052 2.190912 2.197412 2.196146 2.199339 0.144031 0.033318 0.022148 0.044334 0.240922 1.026438 2.147210 0.212290 0.207287 0.089898 0.068048 0.038185 0.047967
0.898909 1.989411 2.086383 0.078273 0.113938 0.146303 0.021675 0.183843 0.186437 0.045082 0.041374 0.051813 0.676915 1.804701 1.826493 0.081355 0.076958 0.135232 0.041268 0.045630 0.029366 0.024254 0.096859 0.117758 0.024727 0.027825 0.019416 0.051299 0.017967 0.036836 0.031166 0.310505 0.235777 1.010486 0.899002 0.590091 1.097362 2.246728 3.270384 3.333706 1.138369 1.170327 1.120396 1.101541 1.029044 0.184397 0.041214 0.033794 0.021400 0.050134 0.134941 0.048710 0.051744 0.026665 0.062798 0.085718 0.071313 0.052632 0.036919
0.116965 1.983235 2.056948 0.975641 0.084071 0.021979 0.037909 0.038047 0.014396 0.058403 0.039434 0.683329 0.701972 1.775596 1.756575 0.056190 0.056342 0.034279 0.033393 0.030127 0.042297 0.090610 0.054911 0.085246 0.085558 0.078953 0.058694 0.051291 0.021033 0.017967 0.036522 0.291265 0.271073 1.066054 1.096360 0.160085 0.132834 1.137893 3.222115 3.243869 1.085380 0.155988 0.210328 0.316745 0.462494 0.287310 0.038606 0.027245 0.028300 0.055060 0.100406 0.046960 0.039025 0.038261 0.028680 0.045159 0.056053 0.079140 0.027626
0.022532 2.017082 3.005358 1.995735 0.068320 0.097499 0.028408 0.035118 0.038694 0.035163 0.064740 0.615939 1.702859 0.691750 0.603708 0.045921 0.064736 0.028557 0.021003 0.044548 0.039665 0.358572 0.083972 0.059154 0.071059 0.055740 0.080100 0.083855 0.029458 0.026604 0.039818 0.026344 0.287240 1.064726 1.174764 0.233963 0.173670 0.389553 1.139656 3.144548 0.194847 0.088220 0.044380 0.168284 0.595568 0.364946 0.057626 0.022591 0.022591 0.066780 0.066932 0.062285 0.040078 0.029518 0.025596 0.038192 0.059120 0.066169 0.020287
