use_cases/Flooding_chicago/flooding_data/output/h_960.asc
ncols 337
nrows 393
xllcorner 428428.000000
yllcorner 4602440.000000
cellsize 26.757400
NODATA_value -9999.000000
[rows 216 to 242 of 393, columns 236 to 294 of 337]
0.117924 0.362614 0.356803 0.358027 0.353864 0.349145 0.332462 0.318550 0.299462 0.220302 0.035686 0.014396 0.033567 0.312759 0.309558 0.157412 0.078614 0.060154 0.430739 0.271671 0.230950 0.137913 0.111826 0.102891 0.528721 0.466807 0.524926 0.040505 0.033112 0.427455 0.415144 0.410751 0.390072 0.313250 1.126556 1.109325 2.108210 1.108428 0.160034 0.075051 0.605789 1.614339 1.628917 1.626334 0.530668 0.040210 0.028987 0.035449 -9999.000000 -9999.000000 -9999.000000 -9999.000000 -9999.000000 -9999.000000 -9999.000000 -9999.000000 -9999.000000 -9999.000000 -9999.000000
0.210008 0.135028 0.100009 0.068467 0.051511 0.364880 0.361426 0.361281 0.349439 0.023552 0.043824 0.050574 0.036474 0.425715 0.428337 0.022591 0.022591 0.030203 0.432187 0.220015 0.110905 0.112589 0.142110 0.108093 0.062303 0.106003 0.019860 0.029381 0.031059 0.025627 0.416578 0.419583 0.418079 0.038262 0.092019 0.064480 1.027864 1.053670 0.220727 0.636409 1.595254 1.591747 1.612279 0.596259 0.040392 0.039102 -9999.000000 -9999.000000 -9999.000000 -9999.000000 -9999.000000 -9999.000000 -9999.000000 -9999.000000 -9999.000000 -9999.000000 -9999.000000 -9999.000000 -9999.000000
0.259128 0.049588 0.059050 0.044507 0.086308 0.334180 0.369192 0.393771 0.390142 0.411339 0.029996 0.037591 0.536195 1.542089 1.558222 0.022591 0.022591 0.043525 0.728037 0.034118 0.075711 0.081855 0.150199 0.132744 0.075276 0.035906 0.839042 0.025627 0.031059 0.029381 0.019860 0.118913 0.128862 0.090784 0.065751 0.041933 0.232515 0.361136 0.349728 0.606974 0.603315 0.606263 0.604088 0.170446 0.021033 0.017967 -9999.000000 -9999.000000 -9999.000000 -9999.000000 -9999.000000 -9999.000000 -9999.000000 -9999.000000 -9999.000000 -9999.000000 -9999.000000 -9999.000000 -9999.000000
0.092346 0.091924 0.094411 0.072096 0.144129 0.093685 0.069710 0.390123 0.408182 0.426069 0.463319 0.501856 1.510827 2.489386 2.512668 0.498763 0.354764 1.036571 0.963209 1.068039 0.034800 0.041113 0.046034 0.096764 0.866570 0.903688 0.802472 0.722357 0.595620 0.541857 0.450191 1.242793 0.250018 0.024330 0.029564 0.024330 0.033591 0.550794 0.607926 0.020057 0.320062 0.337277 0.317778 0.287386 0.017967 -9999.000000 -9999.000000 -9999.000000 -9999.000000 -9999.000000 -9999.000000 -9999.000000 -9999.000000 -9999.000000 -9999.000000 -9999.000000 -9999.000000 -9999.000000 -9999.000000
0.033150 0.105248 0.121590 0.107217 0.080152 0.058073 0.121028 0.068568 0.357384 0.362756 0.024548 0.510194 1.533720 2.478104 1.544495 0.490517 0.345576 0.250478 0.800233 0.032443 0.041638 0.027578 0.085094 0.108128 0.783021 0.867039 0.038643 0.032372 0.508951 0.518021 0.438727 1.209426 1.234746 0.024330 0.029564 0.024330 0.032288 1.731110 0.766028 0.029131 0.426248 0.450343 0.405512 0.248268 -9999.000000 -9999.000000 -9999.000000 -9999.000000 -9999.000000 -9999.000000 -9999.000000 -9999.000000 -9999.000000 -9999.000000 -9999.000000 -9999.000000 -9999.000000 -9999.000000 -9999.000000
0.040688 0.037879 0.027871 0.119421 0.109927 0.097241 0.074430 0.055150 0.065488 0.055569 0.027096 0.045430 1.521551 1.520300 1.559865 0.571500 0.017431 0.333571 0.253194 0.025623 0.040115 0.027825 0.077962 0.075349 0.212388 0.264301 0.030537 0.032341 0.060213 0.058591 0.066043 0.048878 1.124467 1.021366 1.100512 0.962748 1.722008 1.727569 1.782719 1.794282 0.639350 0.589609 0.527706 0.014396 -9999.000000 -9999.000000 -9999.000000 -9999.000000 -9999.000000 -9999.000000 -9999.000000 -9999.000000 -9999.000000 -9999.000000 -9999.000000 -9999.000000 -9999.000000 -9999.000000 -9999.000000
0.147338 0.026878 0.029014 0.125605 0.120828 0.112667 0.102941 0.097185 0.021033 0.017967 0.056253 0.039220 0.051958 0.435411 1.484640 0.597566 0.645939 0.495792 0.028979 0.027739 0.255148 0.219407 0.156193 0.091898 0.113006 0.333676 0.048233 0.026482 0.024071 0.034674 0.109594 0.083931 0.243346 0.954135 1.092351 0.916460 0.725339 0.664696 1.696276 1.737272 1.745233 0.681635 0.031376 -9999.000000 -9999.000000 -9999.000000 -9999.000000 -9999.000000 -9999.000000 -9999.000000 -9999.000000 -9999.000000 -9999.000000 -9999.000000 -9999.000000 -9999.000000 -9999.000000 -9999.000000 -9999.000000
1.012484 1.078201 0.019722 0.127282 0.126414 0.017967 0.021033 0.097437 0.017967 0.063798 0.063963 0.058850 0.037586 0.280693 0.593627 0.587106 0.602380 0.068345 0.042615 0.038619 0.208988 0.205496 0.168815 0.120138 0.200770 0.149005 0.030773 0.038753 0.026446 0.052402 0.160287 0.089953 0.334243 0.973699 1.119237 0.171388 0.113444 0.090097 0.591485 1.727318 1.719406 0.681439 0.014396 -9999.000000 -9999.000000 -9999.000000 -9999.000000 -9999.000000 -9999.000000 -9999.000000 -9999.000000 -9999.000000 -9999.000000 -9999.000000 -9999.000000 -9999.000000 -9999.000000 -9999.000000 -9999.000000
1.063064 1.104829 0.098248 0.113556 0.113436 0.092209 0.017967 0.064823 1.005638 1.033634 0.056742 0.061838 0.048685 0.481406 0.465587 0.273680 0.241503 0.047873 0.062744 0.047617 0.061947 0.043907 0.171205 0.152460 0.104378 0.072877 0.045724 0.032129 0.127130 0.079633 0.227790 0.420742 1.556038 0.423057 0.270512 0.246332 0.047903 0.043757 0.050869 0.563623 1.694089 0.682396 0.038648 -9999.000000 -9999.000000 -9999.000000 -9999.000000 -9999.000000 -9999.000000 -9999.000000 -9999.000000 -9999.000000 -9999.000000 -9999.000000 -9999.000000 -9999.000000 -9999.000000 -9999.000000 -9999.000000
1.047040 1.060778 1.045401 1.036895 1.054228 1.033617 1.061307 1.044811 1.015515 1.022131 0.997281 0.991278 0.968921 0.771811 0.706687 0.056282 0.072335 0.082765 0.078709 0.056351 0.055191 0.072661 0.047816 0.172025 0.138369 0.091202 0.255196 0.203170 0.147478 0.091566 0.322228 0.448495 1.504659 0.538029 0.048239 0.054681 0.072653 0.078611 0.050541 0.081715 0.566869 0.632470 0.022166 -9999.000000 -9999.000000 -9999.000000 -9999.000000 -9999.000000 -9999.000000 -9999.000000 -9999.000000 -9999.000000 -9999.000000 -9999.000000 -9999.000000 -9999.000000 -9999.000000 -9999.000000 -9999.000000
1.035261 1.066069 1.057716 2.058369 2.071456 2.058792 2.066403 1.038738 1.022990 1.026100 2.013730 2.030305 2.044913 0.853568 0.100446 0.102581 0.108178 0.102970 0.090021 0.067038 0.031309 0.076422 0.042494 0.196842 0.152373 0.101819 0.207785 0.165874 0.109599 0.066003 0.457220 0.396473 0.202081 0.160505 0.037646 0.050539 0.047125 0.052452 0.037605 0.049385 0.122777 0.022210 -9999.000000 -9999.000000 -9999.000000 -9999.000000 -9999.000000 -9999.000000 -9999.000000 -9999.000000 -9999.000000 -9999.000000 -9999.000000 -9999.000000 -9999.000000 -9999.000000 -9999.000000 -9999.000000 -9999.000000
0.113609 0.035196 0.065293 0.975246 1.052895 1.033285 1.006348 1.024041 1.007974 1.016681 2.000926 2.008936 2.015813 0.047350 0.087165 0.109342 0.124480 0.113496 0.091185 0.051589 0.078581 0.072760 0.251108 0.278950 0.023460 0.024895 0.034934 0.096338 0.647769 0.708146 0.637360 0.625058 0.030828 0.046788 0.027198 0.033958 0.027535 0.081704 0.056496 0.086432 0.055581 0.039786 -9999.000000 -9999.000000 -9999.000000 -9999.000000 -9999.000000 -9999.000000 -9999.000000 -9999.000000 -9999.000000 -9999.000000 -9999.000000 -9999.000000 -9999.000000 -9999.000000 -9999.000000 -9999.000000 -9999.000000
0.079110 0.080223 0.047818 0.135537 0.896472 0.080380 0.116185 0.204009 0.168316 0.970466 0.912449 0.895930 0.903678 0.032033 0.035817 0.028306 0.150399 0.124028 0.081903 0.124677 0.066438 0.091312 0.047945 0.260751 0.024895 0.033470 0.020638 0.090377 0.066934 0.724570 1.762392 1.763828 0.034022 0.058882 0.033959 0.043022 0.035087 0.096458 0.067314 0.088877 0.055961 0.035546 -9999.000000 -9999.000000 -9999.000000 -9999.000000 -9999.000000 -9999.000000 -9999.000000 -9999.000000 -9999.000000 -9999.000000 -9999.000000 -9999.000000 -9999.000000 -9999.000000 -9999.000000 -9999.000000 -9999.000000
0.041725 0.033241 0.021049 0.127561 0.412086 0.058941 0.028261 1.387489 0.318061 0.274773 0.306184 0.300836 0.301419 0.022591 0.022591 0.036908 0.207033 0.018440 0.064635 0.075447 0.094958 0.076492 0.044411 0.235086 0.202426 0.020638 0.030648 0.080013 0.083895 0.711393 1.745417 1.755351 0.686922 0.040059 0.027594 0.035287 0.034294 0.030860 0.024696 0.048362 -9999.000000 -9999.000000 -9999.000000 -9999.000000 -9999.000000 -9999.000000 -9999.000000 -9999.000000 -9999.000000 -9999.000000 -9999.000000 -9999.000000 -9999.000000 -9999.000000 -9999.000000 -9999.000000 -9999.000000 -9999.000000 -9999.000000
0.027270 0.025643 0.342835 0.272171 0.195089 0.131864 0.362694 1.390741 1.404741 0.355923 0.349167 0.335646 0.337156 0.022591 0.022591 0.037062 0.233683 0.023385 0.014396 0.045755 0.176635 1.209258 1.287333 1.194231 1.023836 0.765925 0.860591 0.864015 0.813171 1.729651 1.768957 1.801883 0.725670 0.737836 0.023492 0.076790 0.037253 0.024330 0.023323 -9999.000000 -9999.000000 -9999.000000 -9999.000000 -9999.000000 -9999.000000 -9999.000000 -9999.000000 -9999.000000 -9999.000000 -9999.000000 -9999.000000 -9999.000000 -9999.000000 -9999.000000 -9999.000000 -9999.000000 -9999.000000 -9999.000000 -9999.000000
0.491660 0.511574 0.409336 0.340140 0.266897 0.169335 1.390776 1.397715 2.422334 2.439671 2.429350 0.361002 0.349123 0.039418 0.039945 0.029284 0.234089 0.233696 0.019309 0.030539 0.221352 0.948946 1.004962 0.939784 0.867003 0.668329 0.766323 1.547384 1.746614 2.772901 1.755438 1.791927 0.692622 0.638979 0.419995 0.488504 0.028465 -9999.000000 -9999.000000 -9999.000000 -9999.000000 -9999.000000 -9999.000000 -9999.000000 -9999.000000 -9999.000000 -9999.000000 -9999.000000 -9999.000000 -9999.000000 -9999.000000 -9999.000000 -9999.000000 -9999.000000 -9999.000000 -9999.000000 -9999.000000 -9999.000000 -9999.000000
1.473537 0.502876 0.420010 0.357615 0.280815 0.149866 1.379910 1.390698 2.380294 2.393307 2.399419 0.316692 0.025001 0.027232 0.191215 0.210857 1.246874 0.214111 0.125423 0.194943 0.385565 0.507455 0.519714 0.463592 0.261924 0.138883 0.128705 1.688624 1.802494 1.793973 0.726546 1.736768 0.680998 0.606890 0.432784 -9999.000000 -9999.000000 -9999.000000 -9999.000000 -9999.000000 -9999.000000 -9999.000000 -9999.000000 -9999.000000 -9999.000000 -9999.000000 -9999.000000 -9999.000000 -9999.000000 -9999.000000 -9999.000000 -9999.000000 -9999.000000 -9999.000000 -9999.000000 -9999.000000 -9999.000000 -9999.000000 -9999.000000
1.469794 0.526063 0.409257 0.355580 0.268312 0.536431 1.320209 1.407737 1.413447 1.431275 0.349403 0.025518 0.029753 0.242489 1.257708 1.261522 2.258794 1.261270 0.151283 0.125741 0.068824 0.473953 0.508153 0.448663 0.235041 0.127334 0.148013 0.061977 0.784014 0.023624 0.030083 0.689490 0.671759 0.579667 0.421461 -9999.000000 -9999.000000 -9999.000000 -9999.000000 -9999.000000 -9999.000000 -9999.000000 -9999.000000 -9999.000000 -9999.000000 -9999.000000 -9999.000000 -9999.000000 -9999.000000 -9999.000000 -9999.000000 -9999.000000 -9999.000000 -9999.000000 -9999.000000 -9999.000000 -9999.000000 -9999.000000 -9999.000000
0.545810 0.587913 0.054898 0.066707 0.052309 0.065050 1.371518 0.371868 0.373872 0.033902 0.042963 0.014396 0.026685 0.253694 1.209559 2.248787 2.254701 1.258663 0.131145 0.055816 0.859163 1.755009 1.846586 0.741562 0.047764 0.024969 0.039339 0.624518 0.761653 1.805610 0.769092 0.759499 0.721692 0.017372 0.017372 -9999.000000 -9999.000000 -9999.000000 -9999.000000 -9999.000000 -9999.000000 -9999.000000 -9999.000000 -9999.000000 -9999.000000 -9999.000000 -9999.000000 -9999.000000 -9999.000000 -9999.000000 -9999.000000 -9999.000000 -9999.000000 -9999.000000 -9999.000000 -9999.000000 -9999.000000 -9999.000000 -9999.000000
0.504735 0.642437 0.093401 0.107041 0.092372 0.054804 0.094470 0.077793 0.073654 0.017372 0.017372 0.031366 0.304818 1.425387 0.300173 0.249507 0.209685 0.155673 0.260706 0.217697 1.787522 2.810821 2.871123 0.807708 0.054803 0.078506 0.071066 0.099599 0.702627 1.801777 1.807888 1.831701 0.019677 0.080116 0.056084 -9999.000000 -9999.000000 -9999.000000 -9999.000000 -9999.000000 -9999.000000 -9999.000000 -9999.000000 -9999.000000 -9999.000000 -9999.000000 -9999.000000 -9999.000000 -9999.000000 -9999.000000 -9999.000000 -9999.000000 -9999.000000 -9999.000000 -9999.000000 -9999.000000 -9999.000000 -9999.000000 -9999.000000
0.158820 0.224500 0.158608 0.141631 0.118952 0.078026 0.133747 0.108032 0.097223 0.084906 0.044876 0.347229 1.415655 1.417045 0.027317 0.033309 0.026897 0.091765 0.173964 1.751345 1.855482 2.734550 1.789039 0.776511 0.050139 0.065324 0.105568 0.087034 0.729536 1.704367 0.761578 0.716224 0.027398 0.072518 0.043268 -9999.000000 -9999.000000 -9999.000000 -9999.000000 -9999.000000 -9999.000000 -9999.000000 -9999.000000 -9999.000000 -9999.000000 -9999.000000 -9999.000000 -9999.000000 -9999.000000 -9999.000000 -9999.000000 -9999.000000 -9999.000000 -9999.000000 -9999.000000 -9999.000000 -9999.000000 -9999.000000 -9999.000000
0.251981 0.374115 0.040099 0.047965 0.042000 0.029171 0.034386 0.092096 0.098135 0.071522 0.435882 1.456522 3.433791 1.447158 0.035805 0.041681 0.033339 0.063097 0.188756 1.718696 1.852010 0.722236 0.066679 0.028587 0.028587 0.062836 0.129064 0.138495 0.094222 0.247786 0.049851 0.031858 0.045586 0.049806 -9999.000000 -9999.000000 -9999.000000 -9999.000000 -9999.000000 -9999.000000 -9999.000000 -9999.000000 -9999.000000 -9999.000000 -9999.000000 -9999.000000 -9999.000000 -9999.000000 -9999.000000 -9999.000000 -9999.000000 -9999.000000 -9999.000000 -9999.000000 -9999.000000 -9999.000000 -9999.000000 -9999.000000 -9999.000000
0.265006 0.371414 0.064310 0.070122 0.056331 0.032908 0.046343 0.085340 0.076942 0.061995 0.453241 1.462705 3.411302 2.466330 1.449373 0.027444 0.025730 0.039110 0.273842 0.878806 0.843736 0.145145 0.043420 0.024330 0.024330 0.039376 0.046212 0.155514 0.155606 0.106441 0.105911 0.017967 0.021125 -9999.000000 -9999.000000 -9999.000000 -9999.000000 -9999.000000 -9999.000000 -9999.000000 -9999.000000 -9999.000000 -9999.000000 -9999.000000 -9999.000000 -9999.000000 -9999.000000 -9999.000000 -9999.000000 -9999.000000 -9999.000000 -9999.000000 -9999.000000 -9999.000000 -9999.000000 -9999.000000 -9999.000000 -9999.000000 -9999.000000
0.132884 0.111744 0.104983 0.084339 0.047045 0.110888 0.054730 0.071716 0.539777 0.557486 1.469448 1.479803 3.419902 2.466026 1.452905 0.304800 0.191105 0.623616 0.494467 0.962550 0.102081 0.143520 0.069202 0.029564 0.029564 0.058342 0.084204 0.165986 0.167527 0.116568 0.017967 0.021033 -9999.000000 -9999.000000 -9999.000000 -9999.000000 -9999.000000 -9999.000000 -9999.000000 -9999.000000 -9999.000000 -9999.000000 -9999.000000 -9999.000000 -9999.000000 -9999.000000 -9999.000000 -9999.000000 -9999.000000 -9999.000000 -9999.000000 -9999.000000 -9999.000000 -9999.000000 -9999.000000 -9999.000000 -9999.000000 -9999.000000 -9999.000000
0.105515 0.062091 0.122716 0.082422 0.168681 0.109406 0.103469 0.542708 0.545199 1.484313 1.477773 1.465827 3.385219 2.454321 1.372390 1.239332 1.096377 0.803131 1.632547 0.598220 0.099234 0.075833 0.087070 0.024330 0.024330 0.077023 0.119409 0.080858 0.036338 -9999.000000 -9999.000000 -9999.000000 -9999.000000 -9999.000000 -9999.000000 -9999.000000 -9999.000000 -9999.000000 -9999.000000 -9999.000000 -9999.000000 -9999.000000 -9999.000000 -9999.000000 -9999.000000 -9999.000000 -9999.000000 -9999.000000 -9999.000000 -9999.000000 -9999.000000 -9999.000000 -9999.000000 -9999.000000 -9999.000000 -9999.000000 -9999.000000 -9999.000000 -9999.000000
0.156351 0.085952 0.040822 0.077964 0.156580 0.096981 0.435007 1.544960 1.574783 2.523216 1.463290 1.472486 2.443128 2.480545 0.396826 0.278533 0.194346 0.131401 0.114339 0.054417 0.069913 0.065106 0.041949 0.209494 0.167611 0.076744 0.072779 0.032830 -9999.000000 -9999.000000 -9999.000000 -9999.000000 -9999.000000 -9999.000000 -9999.000000 -9999.000000 -9999.000000 -9999.000000 -9999.000000 -9999.000000 -9999.000000 -9999.000000 -9999.000000 -9999.000000 -9999.000000 -9999.000000 -9999.000000 -9999.000000 -9999.000000 -9999.000000 -9999.000000 -9999.000000 -9999.000000 -9999.000000 -9999.000000 -9999.000000 -9999.000000 -9999.000000 -9999.000000
0.182633 0.296382 0.229391 0.129384 0.061027 0.385933 1.338272 1.511857 1.528462 1.540261 0.501851 1.418883 2.454064 1.431344 0.056607 0.034371 0.046089 0.049325 0.063667 0.065683 0.060156 0.052635 0.036507 0.044854 0.023613 0.049060 0.025353 -9999.000000 -9999.000000 -9999.000000 -9999.000000 -9999.000000 -9999.000000 -9999.000000 -9999.000000 -9999.000000 -9999.000000 -9999.000000 -9999.000000 -9999.000000 -9999.000000 -9999.000000 -9999.000000 -9999.000000 -9999.000000 -9999.000000 -9999.000000 -9999.000000 -9999.000000 -9999.000000 -9999.000000 -9999.000000 -9999.000000 -9999.000000 -9999.000000 -9999.000000 -9999.000000 -9999.000000 -9999.000000
