use_cases/Flooding_chicago/flooding_data/output/h_960.asc
ncols 337
nrows 393
xllcorner 428428.000000
yllcorner 4602440.000000
cellsize 26.757400
NODATA_value -9999.000000
[rows 189 to 215 of 393, columns 118 to 176 of 337]
0.021676 0.039054 0.224054 0.034064 0.026955 0.026115 0.041314 0.248459 0.279508 0.295098 0.229449 0.086502 0.043393 0.029469 0.048448 0.049583 0.051825 0.047905 1.700129 1.690189 1.671764 0.702253 0.758527 0.782596 1.825930 0.815509 0.748345 0.770939 0.069351 0.109936 0.048737 0.109520 0.583992 0.176225 0.169759 0.092445 0.044440 0.087166 0.080129 0.052437 0.045204 0.033501 0.030739 0.040469 1.158034 0.192664 0.027777 0.041571 0.039060 0.524507 2.502858 2.512066 2.512905 2.506775 1.504252 0.351268 0.106593 0.035500 0.028557
0.023537 0.024788 0.069787 0.026299 0.021033 0.017967 0.068444 0.310591 0.348093 0.429553 0.210091 0.110212 0.034195 0.025288 0.029459 0.371863 0.417504 0.515063 1.662428 1.644169 0.626945 0.019583 0.792539 0.790821 1.832173 1.820025 1.809747 0.783263 1.774644 0.720755 0.759692 1.860706 1.742460 0.169874 0.145556 0.149423 0.032449 0.044686 0.245570 0.230960 0.250980 0.058463 0.114032 1.193591 1.192664 0.137936 0.027091 0.028374 0.017372 0.025704 2.527317 2.529135 3.528100 2.534627 1.507377 0.355761 0.072757 0.021737 0.049996
0.025353 0.032738 0.029456 0.025994 0.017967 0.115293 0.114769 0.078743 0.058066 0.590578 0.396074 0.254074 0.408561 0.434162 0.028861 0.817832 0.352351 0.518705 1.680517 1.664621 1.637823 0.694216 0.740715 0.757585 1.834057 1.826451 1.816732 0.806612 1.837622 1.815648 2.814161 1.878830 1.752863 0.125484 0.136450 0.191423 0.210297 1.348982 1.346596 2.339491 1.339324 0.267146 0.113027 1.209772 0.135714 0.100858 0.068527 0.026208 0.017372 0.025704 1.513269 1.522112 0.506366 0.510795 0.504784 0.034097 0.056599 0.034081 0.115698
0.886562 0.059681 0.040321 0.048325 0.047996 0.096839 0.114585 0.056145 0.066211 0.041800 0.594409 0.315615 0.442053 0.546461 0.719744 0.776342 0.217761 0.020314 1.673255 1.668345 1.652378 0.655314 0.048287 0.054341 0.775158 1.842035 1.831578 1.815713 1.822391 1.831914 2.813828 0.833021 0.791094 0.853658 0.101031 0.160278 0.214377 1.366629 2.377555 2.350477 1.344451 0.293275 0.201753 0.086492 0.389131 0.359200 0.283269 0.034554 0.026223 0.028510 0.356568 0.019947 0.022379 0.023809 0.026466 0.017372 0.042946 0.098487 0.126959
2.948370 1.903395 0.833357 0.104718 0.086295 0.067711 0.045372 0.082252 0.111956 0.035141 0.165701 0.261954 0.316176 0.071206 0.133166 0.141417 0.032845 0.021923 0.638811 0.633587 0.606768 0.063737 0.028480 0.028382 0.040517 0.697681 1.833462 1.823872 1.823918 1.827574 1.819175 0.029968 0.031295 0.857964 0.253536 0.343250 0.196228 1.349298 2.358912 1.339546 1.327440 0.046806 0.046715 0.028596 0.361567 1.366095 1.374741 0.262195 0.044802 0.079796 0.162408 -9999.000000 -9999.000000 -9999.000000 -9999.000000 0.017372 0.032113 0.074164 1.112080
2.949612 1.947844 0.799642 0.117532 0.088116 0.049858 0.028083 0.043026 0.064693 0.077645 0.060914 0.056881 0.059348 0.033882 0.042397 0.040550 0.025703 0.017372 0.091493 0.093007 0.068312 0.020179 0.017372 0.017372 0.035592 0.041644 0.812364 0.807327 1.837661 1.844594 0.813287 0.018834 0.025303 0.268901 0.262812 0.099256 0.156706 0.257081 0.254713 0.234211 0.057737 0.041696 0.039497 0.035409 0.334549 0.337577 1.390328 0.212844 -9999.000000 -9999.000000 -9999.000000 -9999.000000 -9999.000000 -9999.000000 -9999.000000 -9999.000000 -9999.000000 0.077704 0.064826
1.912079 0.877693 0.080611 0.067955 0.094826 0.044883 0.025047 0.014396 0.100395 0.108844 0.030633 0.040551 0.044944 0.050836 0.045570 0.041435 0.025703 0.017372 0.079837 1.065452 1.074195 0.084358 0.095306 0.027565 0.014396 0.020895 0.030500 0.787853 0.786016 0.799938 0.783177 0.145788 0.038275 0.069248 0.088766 0.076984 0.095521 0.045256 0.064798 0.041298 0.048271 0.041298 0.055901 0.043791 0.052849 0.029518 0.020256 -9999.000000 -9999.000000 -9999.000000 -9999.000000 -9999.000000 -9999.000000 -9999.000000 -9999.000000 -9999.000000 -9999.000000 -9999.000000 0.077629
0.070566 0.032371 0.026741 0.014396 0.056343 0.050605 0.082267 0.047616 0.091606 0.116080 0.040704 0.052482 0.014396 0.040274 0.169083 1.247446 0.209825 0.020180 1.081526 2.077606 2.075748 1.048787 0.111196 0.113691 0.128250 0.113703 0.640699 1.726672 1.714346 0.706574 0.104776 0.178929 0.182876 0.068451 0.109568 0.054704 0.057729 0.050011 0.039894 0.037666 0.046761 0.032463 0.036670 0.029792 0.025063 -9999.000000 -9999.000000 -9999.000000 -9999.000000 -9999.000000 -9999.000000 -9999.000000 -9999.000000 -9999.000000 -9999.000000 -9999.000000 -9999.000000 -9999.000000 -9999.000000
0.025704 0.052468 0.023857 0.024361 0.198551 0.108467 0.101951 0.154222 0.068169 0.028953 0.043922 0.041100 0.035668 0.029167 0.185062 1.253996 0.196750 0.038080 0.043465 1.048517 1.049161 0.022591 0.022591 0.145630 0.017372 0.073365 0.623221 1.774545 0.746658 0.740190 0.116410 1.258670 1.194088 0.273229 0.139948 0.174056 0.059421 0.046378 0.051053 0.051126 0.026115 0.052162 0.023567 0.022942 -9999.000000 -9999.000000 -9999.000000 -9999.000000 -9999.000000 -9999.000000 -9999.000000 -9999.000000 -9999.000000 -9999.000000 -9999.000000 -9999.000000 -9999.000000 -9999.000000 -9999.000000
0.025704 0.719041 0.746915 0.696581 0.565623 0.076133 0.059487 0.030831 0.023627 0.030388 0.028999 0.081833 0.105018 0.135984 0.162976 0.190843 0.154827 0.041234 0.021800 0.090533 0.100175 0.022591 0.022591 0.113956 0.017372 0.051984 0.632847 0.680833 0.703529 0.715987 0.699518 0.188413 1.203122 0.262153 0.153628 0.212712 0.169335 0.092767 0.064568 0.060157 0.054451 0.049812 0.027367 0.023506 -9999.000000 -9999.000000 -9999.000000 -9999.000000 -9999.000000 -9999.000000 -9999.000000 -9999.000000 -9999.000000 -9999.000000 -9999.000000 -9999.000000 -9999.000000 -9999.000000 -9999.000000
0.047446 0.673547 1.761843 1.786353 2.758372 0.046037 0.035697 0.029594 0.018471 0.046618 0.034401 0.222664 0.090409 0.114128 0.127702 0.128622 0.099249 0.029326 0.017372 0.026162 0.072113 0.052801 0.541340 0.545622 0.485532 0.529320 0.590432 0.631679 0.666460 0.686656 0.680154 0.130719 0.216501 0.085831 0.181176 0.234102 0.186085 0.088081 0.060097 0.054314 0.045860 0.043038 0.019309 -9999.000000 -9999.000000 -9999.000000 -9999.000000 -9999.000000 -9999.000000 -9999.000000 -9999.000000 -9999.000000 -9999.000000 -9999.000000 -9999.000000 -9999.000000 -9999.000000 -9999.000000 -9999.000000
1.756529 1.763310 1.765343 2.810544 2.714470 0.159212 0.044487 0.032377 0.027366 0.245284 0.233930 0.186938 0.061499 0.072017 0.065984 0.197472 0.148703 0.032830 0.017372 0.028145 0.039869 0.359061 1.514249 2.552244 2.540280 2.531582 1.507024 1.459331 0.634371 0.667971 0.698298 0.647947 0.235262 0.044874 0.021263 0.032419 0.044608 0.037942 0.041160 0.035633 0.036827 0.028099 0.026589 -9999.000000 -9999.000000 -9999.000000 -9999.000000 -9999.000000 -9999.000000 -9999.000000 -9999.000000 -9999.000000 -9999.000000 -9999.000000 -9999.000000 -9999.000000 -9999.000000 -9999.000000 -9999.000000
2.784558 2.780530 2.788557 2.807458 2.700503 0.222463 0.104774 0.065752 0.132130 0.219849 0.218230 0.024527 0.034677 0.101564 0.788665 0.754484 0.737667 0.771488 0.026767 0.031246 0.421720 1.526910 1.522113 2.546906 3.546471 2.537468 2.538132 2.508576 0.610006 0.614181 0.658750 0.626024 0.393646 0.519093 0.067161 0.088957 0.036731 0.036933 0.065499 0.038582 0.053946 0.029900 0.031822 -9999.000000 -9999.000000 -9999.000000 -9999.000000 -9999.000000 -9999.000000 -9999.000000 -9999.000000 -9999.000000 -9999.000000 -9999.000000 -9999.000000 -9999.000000 -9999.000000 -9999.000000 -9999.000000
2.786449 2.770123 2.771070 2.782510 2.731630 0.383921 0.665436 0.132121 0.105591 0.172234 0.184903 0.018669 0.065779 0.781251 1.882064 1.884547 1.893829 1.858656 0.119840 0.156467 0.335288 0.472922 0.491317 1.549734 2.546811 1.539345 2.567048 2.544329 2.507574 0.469973 0.041332 0.019494 0.566869 0.624221 1.684946 0.576846 0.066289 0.041511 0.062873 0.090218 0.053230 0.053931 0.024345 -9999.000000 -9999.000000 -9999.000000 -9999.000000 -9999.000000 -9999.000000 -9999.000000 -9999.000000 -9999.000000 -9999.000000 -9999.000000 -9999.000000 -9999.000000 -9999.000000 -9999.000000 -9999.000000
0.709738 0.682501 0.633085 0.565736 0.531495 0.021827 0.860878 0.869583 0.195315 0.103672 0.146478 0.048750 0.063501 0.840600 1.854765 1.878352 2.874988 2.875260 1.840517 0.737868 0.149791 0.025245 0.029305 0.414823 0.437432 0.506551 1.557406 2.549459 2.536421 1.520598 0.019768 0.028695 0.033240 0.663343 0.678419 0.683404 0.628369 0.134196 0.079567 0.065726 0.031594 0.066933 0.053765 0.014396 -9999.000000 -9999.000000 -9999.000000 -9999.000000 -9999.000000 -9999.000000 -9999.000000 -9999.000000 -9999.000000 -9999.000000 -9999.000000 -9999.000000 -9999.000000 -9999.000000 -9999.000000
0.042308 0.072219 0.035504 0.050186 0.034096 0.021324 0.068274 0.936763 0.859582 0.226726 0.081226 0.039133 0.043534 0.821023 0.772599 1.904047 2.892709 2.882961 2.885934 1.809076 0.139567 0.029273 0.047660 0.047273 0.041614 0.045906 0.547354 1.521034 2.530656 2.534358 0.117228 0.169014 0.056778 0.072904 0.079570 0.720862 0.653841 0.181294 0.052933 0.069451 0.025444 0.116097 0.109688 0.019309 -9999.000000 -9999.000000 -9999.000000 -9999.000000 -9999.000000 -9999.000000 -9999.000000 -9999.000000 -9999.000000 -9999.000000 -9999.000000 -9999.000000 -9999.000000 -9999.000000 -9999.000000
0.956894 0.043861 0.032868 0.030389 0.038795 0.020787 0.032723 0.129201 0.190946 0.306442 0.357206 0.030041 0.038921 0.042204 0.056493 0.083567 1.832389 2.864464 2.875995 1.837043 0.699756 0.059172 0.049613 0.028510 0.028648 0.071983 0.051227 1.518125 2.524813 1.517986 0.122912 0.176132 0.079555 0.113757 0.135353 0.146254 0.180521 0.266228 0.341484 0.356619 0.358081 0.076060 0.087592 0.075433 0.014396 -9999.000000 -9999.000000 -9999.000000 -9999.000000 -9999.000000 -9999.000000 -9999.000000 -9999.000000 -9999.000000 -9999.000000 -9999.000000 -9999.000000 -9999.000000 -9999.000000
1.062434 0.917462 0.492312 0.027123 0.020776 0.034035 0.026024 0.038307 0.036965 0.305948 0.381421 0.133115 0.133453 0.039756 0.017372 0.141446 0.126312 1.777779 1.777983 1.806330 0.717608 0.058649 0.045097 0.043251 0.018196 0.031728 0.049286 1.520439 2.531501 1.487292 0.124937 0.058535 0.103316 0.132774 0.156514 0.189882 0.215231 0.246133 0.311292 0.364392 0.395784 1.417655 1.406803 0.058814 0.019309 -9999.000000 -9999.000000 -9999.000000 -9999.000000 -9999.000000 -9999.000000 -9999.000000 -9999.000000 -9999.000000 -9999.000000 -9999.000000 -9999.000000 -9999.000000 -9999.000000
1.047973 0.843812 0.580273 0.068866 0.036762 0.026146 0.029426 0.024376 0.024772 0.031655 0.104378 0.160460 0.144906 0.044180 0.017372 0.187489 0.200575 0.254890 0.264781 0.222587 0.187665 0.057717 0.038453 0.051064 0.021615 0.040580 0.048211 1.504927 2.533739 1.523674 0.041587 0.076340 0.103277 0.124458 0.014396 0.201948 0.206259 0.027946 0.035058 0.029213 0.369599 1.420323 1.419594 0.033897 0.028298 -9999.000000 -9999.000000 -9999.000000 -9999.000000 -9999.000000 -9999.000000 -9999.000000 -9999.000000 -9999.000000 -9999.000000 -9999.000000 -9999.000000 -9999.000000 -9999.000000
0.129126 0.106561 0.990026 1.002086 0.035398 0.054570 0.054131 0.030029 0.014396 0.019309 0.116614 0.158921 0.171413 0.062593 0.127824 0.170984 0.207031 0.293916 0.306259 0.298557 0.276774 0.069163 0.101572 0.018089 0.021706 0.033149 0.032866 1.495314 1.511555 0.425409 0.037469 0.061298 0.086290 0.135554 0.159893 0.030205 0.038063 0.018235 0.021736 0.022332 0.041222 0.028968 0.297334 0.198092 -9999.000000 -9999.000000 -9999.000000 -9999.000000 -9999.000000 -9999.000000 -9999.000000 -9999.000000 -9999.000000 -9999.000000 -9999.000000 -9999.000000 -9999.000000 -9999.000000 -9999.000000
0.203226 0.189294 1.044661 1.037485 0.392889 0.468181 0.510140 0.049981 0.025430 0.028825 0.102613 0.123869 0.172971 0.218192 0.097472 0.142447 0.019630 0.368761 0.366612 1.390535 0.309005 0.083640 1.132988 0.026207 0.027214 0.063183 0.300311 1.495612 0.382321 0.258965 -9999.000000 -9999.000000 -9999.000000 0.025903 0.034247 0.042183 0.038338 0.040368 0.046013 0.021787 0.018105 0.034508 0.024795 0.019020 -9999.000000 -9999.000000 -9999.000000 -9999.000000 -9999.000000 -9999.000000 -9999.000000 -9999.000000 -9999.000000 -9999.000000 -9999.000000 -9999.000000 -9999.000000 -9999.000000 -9999.000000
0.237101 0.300113 0.328583 0.416154 1.597994 1.583392 0.532770 0.053012 0.049904 0.032643 0.993503 0.998401 0.138458 0.163881 0.072618 0.026650 0.028678 0.404281 1.408814 1.385583 0.284419 0.075276 0.037408 0.070319 0.072163 0.057528 0.297606 0.313942 0.221993 -9999.000000 -9999.000000 -9999.000000 -9999.000000 0.025123 0.031593 0.028541 0.099907 0.091498 0.094962 0.027382 0.027595 0.054939 0.037697 -9999.000000 -9999.000000 -9999.000000 -9999.000000 -9999.000000 -9999.000000 -9999.000000 -9999.000000 -9999.000000 -9999.000000 -9999.000000 -9999.000000 -9999.000000 -9999.000000 -9999.000000 -9999.000000
0.219014 0.358746 0.420330 1.569460 2.603084 2.589979 1.552359 0.038260 0.037072 0.871070 0.900225 0.090308 0.112953 0.036460 0.026985 0.036843 0.026680 0.452765 1.393351 0.319492 0.053290 0.027198 0.014396 0.092288 0.086983 0.068634 0.037896 0.166807 -9999.000000 -9999.000000 -9999.000000 -9999.000000 -9999.000000 -9999.000000 -9999.000000 -9999.000000 0.055794 0.074250 0.073646 0.042626 -9999.000000 -9999.000000 -9999.000000 -9999.000000 -9999.000000 -9999.000000 -9999.000000 -9999.000000 -9999.000000 -9999.000000 -9999.000000 -9999.000000 -9999.000000 -9999.000000 -9999.000000 -9999.000000 -9999.000000 -9999.000000 -9999.000000
0.024346 0.355048 0.366737 0.425643 1.587483 2.573586 1.554571 1.596813 0.727558 0.740369 0.103108 0.064386 0.024361 0.029869 0.030801 0.027228 0.582401 0.557555 0.033891 0.075320 0.104431 0.028572 0.043601 0.068687 0.061941 0.057959 0.034598 -9999.000000 -9999.000000 -9999.000000 -9999.000000 -9999.000000 -9999.000000 -9999.000000 -9999.000000 -9999.000000 -9999.000000 -9999.000000 -9999.000000 -9999.000000 -9999.000000 -9999.000000 -9999.000000 -9999.000000 -9999.000000 -9999.000000 -9999.000000 -9999.000000 -9999.000000 -9999.000000 -9999.000000 -9999.000000 -9999.000000 -9999.000000 -9999.000000 -9999.000000 -9999.000000 -9999.000000 -9999.000000
0.029762 0.037514 0.031898 0.041267 0.515739 1.524412 0.516070 0.456927 0.109185 0.190802 0.086786 0.116982 0.023216 0.024086 0.624914 0.629905 0.607185 1.612190 0.580206 0.113241 0.140311 0.169756 0.164776 0.035895 0.263338 0.032200 -9999.000000 -9999.000000 -9999.000000 -9999.000000 -9999.000000 -9999.000000 -9999.000000 -9999.000000 -9999.000000 -9999.000000 -9999.000000 -9999.000000 -9999.000000 -9999.000000 -9999.000000 -9999.000000 -9999.000000 -9999.000000 -9999.000000 -9999.000000 -9999.000000 -9999.000000 -9999.000000 -9999.000000 -9999.000000 -9999.000000 -9999.000000 -9999.000000 -9999.000000 -9999.000000 -9999.000000 -9999.000000 -9999.000000
0.041407 0.026497 0.028297 0.041253 0.591228 0.642663 0.182165 0.122366 0.058847 0.096010 1.172045 1.166808 0.159372 0.184754 0.024193 0.029341 0.596086 1.591460 0.576325 0.126328 0.156146 0.180147 0.197769 0.022270 0.250679 0.024681 -9999.000000 -9999.000000 -9999.000000 -9999.000000 -9999.000000 -9999.000000 -9999.000000 -9999.000000 -9999.000000 -9999.000000 -9999.000000 -9999.000000 -9999.000000 -9999.000000 -9999.000000 -9999.000000 -9999.000000 -9999.000000 -9999.000000 -9999.000000 -9999.000000 -9999.000000 -9999.000000 -9999.000000 -9999.000000 -9999.000000 -9999.000000 -9999.000000 -9999.000000 -9999.000000 -9999.000000 -9999.000000 -9999.000000
0.048758 0.035332 0.043236 0.029533 0.101418 0.644654 0.322849 0.045856 0.085507 0.120197 1.177849 1.170390 1.157182 0.177024 0.023148 0.023948 0.589152 0.582887 0.067747 0.131324 0.161416 0.182925 0.201946 0.179077 0.206446 0.019005 -9999.000000 -9999.000000 -9999.000000 -9999.000000 -9999.000000 -9999.000000 -9999.000000 -9999.000000 -9999.000000 -9999.000000 -9999.000000 -9999.000000 -9999.000000 -9999.000000 -9999.000000 -9999.000000 -9999.000000 -9999.000000 -9999.000000 -9999.000000 -9999.000000 -9999.000000 -9999.000000 -9999.000000 -9999.000000 -9999.000000 -9999.000000 -9999.000000 -9999.000000 -9999.000000 -9999.000000 -9999.000000 -9999.000000
