use_cases/Flooding_chicago/flooding_data/output/h_max_3600.asc
ncols 337
nrows 393
xllcorner 428428.000000
yllcorner 4602440.000000
cellsize 26.757400
NODATA_value -9999.000000
[rows 81 to 107 of 393, columns 118 to 176 of 337]
-9999.000000 -9999.000000 -9999.000000 -9999.000000 -9999.000000 -9999.000000 -9999.000000 -9999.000000 -9999.000000 -9999.000000 -9999.000000 -9999.000000 -9999.000000 -9999.000000 -9999.000000 -9999.000000 -9999.000000 -9999.000000 -9999.000000 -9999.000000 -9999.000000 -9999.000000 -9999.000000 -9999.000000 -9999.000000 -9999.000000 -9999.000000 -9999.000000 -9999.000000 -9999.000000 -9999.000000 -9999.000000 -9999.000000 -9999.000000 -9999.000000 -9999.000000 -9999.000000 -9999.000000 -9999.000000 -9999.000000 -9999.000000 -9999.000000 -9999.000000 -9999.000000 -9999.000000 -9999.000000 -9999.000000 -9999.000000 -9999.000000 -9999.000000 0.201379 0.160989 0.058374 0.045868 0.034357 0.034357 0.053834 0.077371 0.050630
-9999.000000 -9999.000000 -9999.000000 -9999.000000 -9999.000000 -9999.000000 -9999.000000 -9999.000000 -9999.000000 -9999.000000 -9999.000000 -9999.000000 -9999.000000 -9999.000000 -9999.000000 -9999.000000 -9999.000000 -9999.000000 -9999.000000 -9999.000000 -9999.000000 -9999.000000 -9999.000000 -9999.000000 -9999.000000 -9999.000000 -9999.000000 -9999.000000 -9999.000000 -9999.000000 -9999.000000 -9999.000000 -9999.000000 -9999.000000 -9999.000000 -9999.000000 -9999.000000 -9999.000000 -9999.000000 -9999.000000 -9999.000000 -9999.000000 -9999.000000 -9999.000000 -9999.000000 -9999.000000 -9999.000000 -9999.000000 -9999.000000 -9999.000000 0.032333 0.167948 0.046032 0.045135 0.034357 0.034357 0.062304 0.039897 0.070721
-9999.000000 -9999.000000 -9999.000000 -9999.000000 -9999.000000 -9999.000000 -9999.000000 -9999.000000 -9999.000000 -9999.000000 -9999.000000 -9999.000000 -9999.000000 -9999.000000 -9999.000000 -9999.000000 -9999.000000 -9999.000000 -9999.000000 -9999.000000 -9999.000000 -9999.000000 -9999.000000 -9999.000000 -9999.000000 -9999.000000 -9999.000000 -9999.000000 -9999.000000 -9999.000000 -9999.000000 -9999.000000 -9999.000000 -9999.000000 -9999.000000 -9999.000000 -9999.000000 -9999.000000 -9999.000000 -9999.000000 -9999.000000 -9999.000000 -9999.000000 -9999.000000 -9999.000000 -9999.000000 -9999.000000 -9999.000000 -9999.000000 0.032333 0.055912 0.144510 0.035124 0.034357 0.032333 0.032333 0.055912 0.034918 0.056893
-9999.000000 -9999.000000 -9999.000000 -9999.000000 -9999.000000 -9999.000000 -9999.000000 -9999.000000 -9999.000000 -9999.000000 -9999.000000 -9999.000000 -9999.000000 -9999.000000 -9999.000000 -9999.000000 -9999.000000 -9999.000000 -9999.000000 -9999.000000 -9999.000000 -9999.000000 -9999.000000 -9999.000000 -9999.000000 -9999.000000 -9999.000000 -9999.000000 -9999.000000 -9999.000000 -9999.000000 -9999.000000 -9999.000000 -9999.000000 -9999.000000 -9999.000000 -9999.000000 -9999.000000 -9999.000000 -9999.000000 -9999.000000 -9999.000000 -9999.000000 -9999.000000 -9999.000000 -9999.000000 -9999.000000 -9999.000000 0.032333 0.032333 0.034357 0.197756 0.045135 0.034357 0.032333 0.045135 0.034575 0.032333 0.045135
-9999.000000 -9999.000000 -9999.000000 -9999.000000 -9999.000000 -9999.000000 -9999.000000 -9999.000000 -9999.000000 -9999.000000 -9999.000000 -9999.000000 -9999.000000 -9999.000000 -9999.000000 -9999.000000 -9999.000000 -9999.000000 -9999.000000 -9999.000000 -9999.000000 -9999.000000 -9999.000000 -9999.000000 -9999.000000 -9999.000000 -9999.000000 -9999.000000 -9999.000000 -9999.000000 -9999.000000 -9999.000000 -9999.000000 -9999.000000 -9999.000000 -9999.000000 -9999.000000 -9999.000000 -9999.000000 -9999.000000 -9999.000000 -9999.000000 -9999.000000 -9999.000000 -9999.000000 -9999.000000 -9999.000000 0.032333 0.034357 0.045135 0.035618 0.208780 0.039321 0.055912 0.045135 0.032333 0.034357 0.032333 0.055912
-9999.000000 -9999.000000 -9999.000000 -9999.000000 -9999.000000 -9999.000000 -9999.000000 -9999.000000 -9999.000000 -9999.000000 -9999.000000 -9999.000000 -9999.000000 -9999.000000 -9999.000000 -9999.000000 -9999.000000 -9999.000000 -9999.000000 -9999.000000 -9999.000000 -9999.000000 -9999.000000 -9999.000000 -9999.000000 -9999.000000 -9999.000000 -9999.000000 -9999.000000 -9999.000000 -9999.000000 -9999.000000 -9999.000000 -9999.000000 -9999.000000 -9999.000000 -9999.000000 -9999.000000 -9999.000000 -9999.000000 -9999.000000 -9999.000000 -9999.000000 -9999.000000 0.032333 0.032333 0.032333 0.455605 0.055912 0.032333 0.045135 0.190912 0.084915 0.074655 0.065175 0.056161 0.077814 0.042032 0.045135
-9999.000000 -9999.000000 -9999.000000 -9999.000000 -9999.000000 -9999.000000 -9999.000000 -9999.000000 -9999.000000 -9999.000000 -9999.000000 -9999.000000 -9999.000000 -9999.000000 -9999.000000 -9999.000000 -9999.000000 -9999.000000 -9999.000000 -9999.000000 -9999.000000 -9999.000000 -9999.000000 -9999.000000 -9999.000000 -9999.000000 -9999.000000 -9999.000000 -9999.000000 -9999.000000 -9999.000000 -9999.000000 -9999.000000 -9999.000000 -9999.000000 -9999.000000 -9999.000000 -9999.000000 -9999.000000 -9999.000000 -9999.000000 0.032333 0.045135 0.055912 0.037536 0.066690 0.046850 1.391069 0.284326 0.191142 1.016962 1.027171 0.063289 0.070125 0.055871 0.055912 0.032333 0.055912 0.050088
-9999.000000 -9999.000000 -9999.000000 -9999.000000 -9999.000000 -9999.000000 -9999.000000 -9999.000000 -9999.000000 -9999.000000 -9999.000000 -9999.000000 -9999.000000 -9999.000000 -9999.000000 -9999.000000 -9999.000000 -9999.000000 -9999.000000 -9999.000000 -9999.000000 -9999.000000 -9999.000000 -9999.000000 -9999.000000 -9999.000000 -9999.000000 -9999.000000 -9999.000000 -9999.000000 -9999.000000 -9999.000000 -9999.000000 -9999.000000 -9999.000000 -9999.000000 -9999.000000 -9999.000000 -9999.000000 0.032333 0.034357 0.032333 0.034357 0.032333 0.055912 0.051663 0.255701 2.353603 2.348039 3.306862 4.272156 1.055720 0.050438 0.045135 0.036736 0.032333 0.034357 0.081964 0.081791
-9999.000000 -9999.000000 -9999.000000 -9999.000000 -9999.000000 -9999.000000 -9999.000000 -9999.000000 -9999.000000 -9999.000000 -9999.000000 -9999.000000 -9999.000000 -9999.000000 -9999.000000 -9999.000000 -9999.000000 -9999.000000 -9999.000000 -9999.000000 -9999.000000 -9999.000000 -9999.000000 -9999.000000 -9999.000000 -9999.000000 -9999.000000 -9999.000000 -9999.000000 -9999.000000 -9999.000000 -9999.000000 -9999.000000 -9999.000000 -9999.000000 -9999.000000 -9999.000000 -9999.000000 0.032333 0.121392 0.058756 0.047097 0.055912 0.039168 0.165674 1.227519 2.326900 2.298779 3.250103 4.262604 6.240932 3.219215 0.063049 0.072287 0.056841 0.045135 0.045135 0.129801 0.094874
-9999.000000 -9999.000000 -9999.000000 -9999.000000 -9999.000000 -9999.000000 -9999.000000 -9999.000000 -9999.000000 -9999.000000 -9999.000000 -9999.000000 -9999.000000 -9999.000000 -9999.000000 -9999.000000 -9999.000000 -9999.000000 -9999.000000 -9999.000000 -9999.000000 -9999.000000 -9999.000000 -9999.000000 -9999.000000 -9999.000000 -9999.000000 -9999.000000 -9999.000000 -9999.000000 -9999.000000 -9999.000000 -9999.000000 -9999.000000 -9999.000000 -9999.000000 -9999.000000 0.032333 0.045135 0.058697 0.074191 0.083107 0.076563 0.982995 2.206371 1.190723 1.040828 0.987773 2.185406 3.249081 5.291431 3.228770 0.151375 0.046455 0.046798 0.055912 0.032333 0.080377 0.117858
-9999.000000 -9999.000000 -9999.000000 -9999.000000 -9999.000000 -9999.000000 -9999.000000 -9999.000000 -9999.000000 -9999.000000 -9999.000000 -9999.000000 -9999.000000 -9999.000000 -9999.000000 -9999.000000 -9999.000000 -9999.000000 -9999.000000 -9999.000000 -9999.000000 -9999.000000 -9999.000000 -9999.000000 -9999.000000 -9999.000000 -9999.000000 -9999.000000 -9999.000000 -9999.000000 -9999.000000 -9999.000000 -9999.000000 -9999.000000 -9999.000000 0.032333 0.034934 0.034357 0.032333 0.045135 0.032333 0.072958 0.151915 0.756143 0.820084 0.113351 0.046438 0.032333 0.045135 0.999726 2.225340 1.001949 0.083535 0.045372 0.052459 0.040199 0.034357 0.072053 0.629510
-9999.000000 -9999.000000 -9999.000000 -9999.000000 -9999.000000 -9999.000000 -9999.000000 -9999.000000 -9999.000000 -9999.000000 -9999.000000 -9999.000000 -9999.000000 -9999.000000 -9999.000000 -9999.000000 -9999.000000 -9999.000000 -9999.000000 -9999.000000 -9999.000000 -9999.000000 -9999.000000 -9999.000000 -9999.000000 -9999.000000 -9999.000000 -9999.000000 -9999.000000 -9999.000000 -9999.000000 -9999.000000 -9999.000000 0.056940 0.051471 0.068747 0.045135 0.032333 0.032333 0.055912 0.043023 0.086538 0.114035 0.105314 0.068237 0.046086 0.055912 0.032333 0.045135 0.045135 0.136301 0.628475 0.353144 0.270790 0.046157 0.046561 0.034945 1.894181 2.921002
-9999.000000 -9999.000000 -9999.000000 -9999.000000 -9999.000000 -9999.000000 -9999.000000 -9999.000000 -9999.000000 -9999.000000 -9999.000000 -9999.000000 -9999.000000 -9999.000000 -9999.000000 -9999.000000 -9999.000000 -9999.000000 -9999.000000 -9999.000000 -9999.000000 -9999.000000 -9999.000000 -9999.000000 -9999.000000 -9999.000000 -9999.000000 -9999.000000 -9999.000000 -9999.000000 -9999.000000 -9999.000000 0.063073 0.083352 0.059504 0.059947 0.036995 0.045135 0.045135 0.038686 0.046674 0.070032 0.074682 0.068681 0.035518 0.055912 0.032333 0.032333 0.045135 0.032333 0.045135 0.352718 0.348228 0.269659 0.163638 0.677800 1.741498 4.932445 4.913830
-9999.000000 -9999.000000 -9999.000000 -9999.000000 -9999.000000 -9999.000000 -9999.000000 -9999.000000 -9999.000000 -9999.000000 -9999.000000 -9999.000000 -9999.000000 -9999.000000 -9999.000000 -9999.000000 -9999.000000 -9999.000000 -9999.000000 -9999.000000 -9999.000000 -9999.000000 -9999.000000 -9999.000000 -9999.000000 -9999.000000 -9999.000000 -9999.000000 -9999.000000 0.138131 0.258889 0.834422 2.081281 1.051755 0.069619 0.062919 0.068148 0.032333 0.032333 0.055912 0.045434 0.070467 0.067996 0.068016 0.032333 0.032333 0.032333 0.055912 0.032333 0.034357 0.032333 0.189470 0.845289 0.921313 0.933428 1.950270 3.939427 5.920482 5.930352
-9999.000000 -9999.000000 -9999.000000 -9999.000000 -9999.000000 -9999.000000 -9999.000000 -9999.000000 -9999.000000 -9999.000000 -9999.000000 -9999.000000 -9999.000000 -9999.000000 -9999.000000 -9999.000000 -9999.000000 -9999.000000 -9999.000000 -9999.000000 -9999.000000 -9999.000000 -9999.000000 -9999.000000 -9999.000000 -9999.000000 0.032333 0.032333 0.032333 0.298564 0.238443 1.012459 2.066877 1.050103 0.069223 0.077511 0.057695 0.062646 0.052013 0.210391 0.045135 0.032333 0.032333 0.034357 0.066690 0.049904 0.034357 0.058992 0.045135 0.041970 0.045135 0.735502 2.939754 3.990131 2.999840 3.960243 3.982235 5.922058 4.948319
-9999.000000 -9999.000000 -9999.000000 -9999.000000 -9999.000000 -9999.000000 -9999.000000 -9999.000000 -9999.000000 -9999.000000 -9999.000000 -9999.000000 -9999.000000 -9999.000000 -9999.000000 -9999.000000 -9999.000000 -9999.000000 -9999.000000 -9999.000000 -9999.000000 -9999.000000 -9999.000000 0.032333 0.032333 0.045135 0.032333 0.091385 0.824629 0.511607 0.333841 0.937619 1.053693 0.981896 0.068918 0.032333 0.032333 0.032333 0.338189 0.254116 0.034357 0.032333 0.055912 0.032333 0.043186 0.066983 0.054267 0.058482 0.054281 0.564742 1.590958 3.964107 4.970974 5.964532 5.964141 3.958604 3.961235 3.946543 2.916413
-9999.000000 -9999.000000 -9999.000000 -9999.000000 -9999.000000 -9999.000000 -9999.000000 -9999.000000 -9999.000000 -9999.000000 -9999.000000 -9999.000000 -9999.000000 -9999.000000 -9999.000000 -9999.000000 -9999.000000 -9999.000000 -9999.000000 -9999.000000 -9999.000000 -9999.000000 -9999.000000 0.040597 0.045135 0.057412 0.420200 0.973323 1.016810 0.107170 0.032333 0.118996 1.030466 0.148217 0.098214 0.056568 0.032333 0.032333 0.045135 0.117211 0.103709 0.075114 0.046929 0.066690 0.056487 0.061287 0.066784 0.078458 0.990492 2.986035 5.922959 5.971746 6.992051 6.991850 5.989438 4.985592 3.984831 2.967639 1.927716
-9999.000000 -9999.000000 -9999.000000 -9999.000000 -9999.000000 -9999.000000 -9999.000000 -9999.000000 -9999.000000 -9999.000000 -9999.000000 -9999.000000 -9999.000000 0.066935 0.084406 0.068383 0.101770 0.087060 0.116113 0.112023 0.104625 0.073327 0.089640 0.061944 0.032333 0.044564 0.526607 0.426355 0.038155 0.034357 0.045135 0.090144 0.201272 0.210551 0.099589 0.070756 0.045135 0.034357 0.060938 0.137689 0.152857 0.127788 0.296133 0.032333 0.044045 0.063565 0.064725 0.987929 1.000947 1.998731 5.992867 6.970254 6.992396 7.005157 6.003286 4.983937 5.008721 2.952681 2.943957
-9999.000000 -9999.000000 -9999.000000 -9999.000000 -9999.000000 -9999.000000 -9999.000000 -9999.000000 -9999.000000 -9999.000000 -9999.000000 -9999.000000 0.060571 0.117425 1.127101 0.100061 0.064509 0.043741 1.210720 0.177378 0.164956 0.124886 0.051752 0.270715 0.032333 0.691324 1.711161 0.556603 0.060053 0.032333 0.032333 0.131005 0.141414 0.138314 0.139368 0.032333 0.038281 0.165338 0.104959 0.152321 0.133356 0.321392 0.357448 0.221751 0.153388 0.653218 1.978900 2.011811 0.993348 1.984613 5.983603 6.934449 6.976424 6.997446 5.989888 4.969848 4.990070 3.975771 2.945890
-9999.000000 -9999.000000 -9999.000000 -9999.000000 -9999.000000 -9999.000000 -9999.000000 -9999.000000 -9999.000000 -9999.000000 -9999.000000 -9999.000000 0.033984 0.107124 0.103591 0.063076 0.039515 0.055912 1.191051 0.191127 0.192287 0.140664 0.239970 0.205805 0.566299 1.694437 1.724089 1.706276 0.083886 0.034357 0.032333 0.188469 0.213282 0.208094 0.204813 0.038463 0.042737 0.172663 0.129618 0.067988 0.110777 0.281939 0.337290 0.243068 1.049185 2.885087 4.013600 3.025662 3.024596 3.014945 5.000531 4.985744 4.984554 5.001517 5.017164 2.967792 1.964983 1.964979 2.944931
-9999.000000 -9999.000000 -9999.000000 -9999.000000 -9999.000000 -9999.000000 -9999.000000 -9999.000000 -9999.000000 -9999.000000 -9999.000000 0.032333 0.055912 0.046152 0.049881 0.068706 0.072237 0.050720 0.170099 0.191614 0.187495 0.150429 0.089396 0.172525 0.464077 1.685297 1.650153 1.637547 0.110361 0.032333 0.066690 0.207469 1.276637 1.276993 0.237314 0.045437 0.045893 0.056729 0.043294 0.076242 0.068292 0.059717 0.243607 0.214945 1.029772 2.950557 4.013716 4.026265 4.020690 4.017608 4.032625 4.006192 2.995350 4.008189 3.983489 1.031287 0.047046 0.938475 1.931506
-9999.000000 -9999.000000 -9999.000000 -9999.000000 -9999.000000 -9999.000000 -9999.000000 -9999.000000 -9999.000000 -9999.000000 -9999.000000 -9999.000000 0.045135 0.032333 0.055912 0.069121 0.052659 0.066734 0.072535 0.066797 0.132104 0.100182 0.086542 0.079248 0.083400 0.059930 0.110986 0.629327 0.166724 0.034357 0.220971 1.291667 1.279872 1.278270 0.240351 0.032333 0.032333 0.055912 0.075188 0.056705 0.066726 0.054584 0.166740 0.169948 0.167338 1.907377 4.014307 5.031198 5.030813 5.025252 4.045964 3.014613 2.027405 3.006897 2.029941 1.038830 0.032333 0.951656 0.961422
-9999.000000 -9999.000000 -9999.000000 -9999.000000 -9999.000000 -9999.000000 -9999.000000 -9999.000000 -9999.000000 -9999.000000 -9999.000000 -9999.000000 0.045135 0.032333 0.039886 0.068961 0.050931 0.055912 0.042993 0.115853 0.123442 0.082132 0.134869 0.093743 0.053566 0.055912 0.043038 0.188317 0.251827 0.253442 1.308877 2.301374 2.299649 1.271027 0.042966 0.066690 0.034357 0.045135 0.037730 0.079403 0.053286 0.045882 0.055912 0.039510 0.050455 0.782198 2.984606 5.008935 6.024918 6.032096 4.057889 2.001767 1.991648 0.996647 2.024616 2.051421 0.989036 0.970551 1.956676
-9999.000000 -9999.000000 -9999.000000 -9999.000000 -9999.000000 -9999.000000 -9999.000000 -9999.000000 -9999.000000 -9999.000000 -9999.000000 -9999.000000 0.032333 0.032333 0.066690 0.041644 0.066690 0.038774 0.069296 1.139190 1.179681 0.133797 0.079293 0.061288 0.041116 0.055912 0.069642 0.219156 1.326833 1.349712 1.335402 2.314465 2.296863 1.225945 0.055912 0.032333 0.032333 0.055912 0.061008 0.038343 0.032333 0.034357 0.032333 0.032333 0.078820 0.869225 2.015111 3.031389 5.018191 5.019331 3.043629 0.974898 0.061350 0.045135 1.994241 2.003972 0.973771 0.960490 0.915856
-9999.000000 -9999.000000 -9999.000000 -9999.000000 -9999.000000 -9999.000000 -9999.000000 -9999.000000 -9999.000000 -9999.000000 -9999.000000 -9999.000000 -9999.000000 0.055912 0.032333 0.034357 0.032333 0.032333 0.094370 0.067713 0.157418 0.156045 0.032333 0.081628 0.060892 0.035898 0.036645 0.198475 2.311659 2.330846 1.318783 1.295149 1.299157 0.218899 0.032333 0.066690 0.032333 0.032333 0.046554 0.082716 0.054853 0.055912 0.039010 0.119302 0.124125 0.757368 0.912733 1.987929 3.017065 3.980965 1.974309 0.103832 0.032333 0.032333 1.071954 1.070471 0.067863 0.073294 0.055912
-9999.000000 -9999.000000 -9999.000000 -9999.000000 -9999.000000 -9999.000000 -9999.000000 -9999.000000 -9999.000000 -9999.000000 -9999.000000 -9999.000000 0.034357 0.032333 0.034357 0.055912 0.037684 0.081719 0.064234 0.050623 0.042626 0.032333 0.055912 0.032333 0.048547 0.036676 0.046502 0.052908 2.313454 1.356148 0.290752 0.259606 0.251885 0.198602 0.045135 0.057327 0.034357 0.066690 0.050838 0.051852 0.085157 0.162744 0.138637 0.112434 0.097758 0.074975 0.112080 0.111777 1.010179 1.021720 0.956397 0.113564 0.050759 0.043145 1.087443 1.081782 0.100247 0.119246 0.034357
-9999.000000 -9999.000000 -9999.000000 -9999.000000 -9999.000000 -9999.000000 -9999.000000 -9999.000000 -9999.000000 -9999.000000 -9999.000000 0.032333 0.032333 0.067350 0.039594 0.093531 0.087136 0.079706 0.057854 0.057123 0.052240 0.038033 0.057930 0.053414 0.104013 0.032333 0.055912 0.033388 0.271577 0.326891 0.032333 0.182551 0.165963 0.145121 0.084909 0.049914 0.032333 0.032333 0.035677 0.070973 0.088210 0.195765 0.186976 0.093606 0.075845 0.051795 0.058923 0.115587 0.189828 0.177293 0.210654 0.047997 0.063089 0.054341 1.117409 2.158809 1.047262 0.182022 0.045135
