use_cases/Flooding_chicago/flooding_data/output/h_max_3600.asc
ncols 337
nrows 393
xllcorner 428428.000000
yllcorner 4602440.000000
cellsize 26.757400
NODATA_value -9999.000000
[rows 135 to 161 of 393, columns 236 to 294 of 337]
2.966626 1.869196 0.692188 0.501794 1.372382 1.922987 2.475571 2.843822 2.327555 2.160822 0.814016 0.675957 0.103459 0.040647 0.066690 0.032333 0.066977 0.058002 0.032333 0.045135 0.232681 1.200017 1.280283 0.324632 0.287855 0.252300 0.034357 0.032333 0.045135 0.034357 0.038741 0.039291 1.574211 2.735906 3.574881 3.627188 2.287473 2.161013 0.952379 0.131755 0.100546 0.046196 0.039769 0.038567 0.055912 0.032333 0.032333 0.058984 0.046167 0.041345 -9999.000000 -9999.000000 -9999.000000 -9999.000000 -9999.000000 -9999.000000 -9999.000000 -9999.000000 -9999.000000
2.041802 0.895652 0.736695 0.557958 1.567556 1.733717 2.296588 3.421199 2.253654 1.508267 0.543008 0.116584 0.064166 0.055912 0.032333 0.055912 0.038240 0.034357 0.032333 0.034357 1.390914 2.407106 2.436982 1.426765 1.430812 0.332512 0.317765 0.045135 0.058371 0.036432 0.055912 0.053150 1.559065 2.628514 2.464451 2.503801 1.206370 1.044536 0.528400 0.046095 0.048642 0.056604 0.052885 0.046413 0.055912 0.032333 0.055912 0.094279 0.084192 0.044230 -9999.000000 -9999.000000 -9999.000000 -9999.000000 -9999.000000 -9999.000000 -9999.000000 -9999.000000 -9999.000000
3.041281 3.085809 1.797350 2.264153 3.236969 3.335768 3.068049 3.973065 2.828684 0.753658 0.147144 0.175872 0.034357 0.032333 0.045135 0.032333 0.045135 0.032333 0.045135 0.316337 2.421268 3.423775 3.443563 2.449681 0.369087 0.297852 0.248378 0.142177 0.095918 0.032333 0.045135 0.072915 1.611693 2.709474 1.680716 1.482531 0.742099 0.774154 0.750311 0.056125 0.055912 0.032333 0.055912 0.034703 0.032333 0.055912 0.032333 0.049371 0.075037 0.051568 -9999.000000 -9999.000000 -9999.000000 -9999.000000 -9999.000000 -9999.000000 -9999.000000 -9999.000000 -9999.000000
5.087062 3.889461 3.820026 4.587168 4.613605 4.599949 4.574786 4.534360 2.477888 0.657318 0.231903 0.286183 0.032419 0.055912 0.036561 0.045135 0.047145 0.034357 0.279605 2.416089 3.427501 4.417137 4.460118 2.456192 0.305672 0.210309 0.597186 1.601565 0.419858 0.273186 0.197520 0.138673 1.620439 2.752216 1.853352 0.903888 0.926608 0.960677 1.980524 0.062078 0.038321 0.055912 0.034296 0.045379 0.055912 0.044190 0.034357 0.055912 0.095558 0.062509 0.038460 -9999.000000 -9999.000000 -9999.000000 -9999.000000 -9999.000000 -9999.000000 -9999.000000 -9999.000000
5.961905 6.928915 6.880952 7.771904 6.845351 5.740972 5.804928 4.776868 2.723648 1.067950 1.215712 1.481916 1.621908 0.857216 0.196755 0.260016 0.314667 0.309593 2.377217 4.356106 5.413942 4.365986 4.390041 3.352596 2.071951 1.920037 1.755220 1.642439 1.390887 1.754514 1.998916 2.036700 3.884644 2.983863 2.035035 1.018524 1.044010 2.135238 4.023757 2.082119 1.041964 0.141651 0.045048 0.077837 0.032333 0.072324 0.057147 0.040440 0.076883 0.063151 0.273326 -9999.000000 -9999.000000 -9999.000000 -9999.000000 -9999.000000 -9999.000000 -9999.000000 -9999.000000
7.845993 8.880880 7.745120 7.727320 7.832931 5.705738 5.737922 4.763903 2.792101 1.938646 0.877687 0.473944 1.701231 1.942369 1.051441 0.352069 0.364843 1.398447 2.354875 4.341799 5.377401 4.349850 4.346382 3.315359 2.048268 1.901005 1.748684 1.610104 1.325091 1.793359 3.011242 3.132766 4.945461 4.136658 3.124427 2.094627 2.126090 3.122935 4.646669 4.052299 2.004549 0.187257 0.241272 0.068730 0.040133 0.084167 0.071359 0.046029 0.367007 0.365854 0.407295 -9999.000000 -9999.000000 -9999.000000 -9999.000000 -9999.000000 -9999.000000 -9999.000000 -9999.000000
6.802098 6.728655 4.610538 4.638317 4.667373 4.668491 3.649171 3.598178 2.695620 0.700205 0.047038 0.032333 0.054198 2.187474 2.241808 1.374887 1.390157 2.410991 2.383275 4.360559 5.381744 5.388854 3.357816 2.282787 1.004098 0.888031 0.790437 0.656463 0.988853 1.936199 3.004071 3.070862 3.944330 4.052632 2.003661 0.961525 0.887125 1.852281 3.957234 3.023149 0.960900 0.120936 0.045135 0.032333 0.066690 0.591175 1.744036 0.651262 0.532103 0.273815 0.183585 -9999.000000 -9999.000000 -9999.000000 -9999.000000 -9999.000000 -9999.000000 -9999.000000 -9999.000000
6.094487 3.085346 0.059928 0.032333 0.404718 1.425369 1.429851 0.349553 0.347365 0.056545 0.049512 0.034357 0.117736 1.142232 2.324196 2.391194 2.400736 3.422870 3.429671 4.379794 5.406971 4.402594 3.397959 1.388519 0.343695 0.032333 0.032333 0.034357 0.032333 1.946977 3.005337 3.033968 1.958141 0.859047 0.055912 0.032333 0.055912 0.501779 0.853915 0.081640 0.115568 0.032333 0.045135 0.032333 0.044671 1.711815 1.743457 1.754163 0.668250 0.032770 0.055912 -9999.000000 -9999.000000 -9999.000000 -9999.000000 -9999.000000 -9999.000000 -9999.000000 -9999.000000
5.080616 2.040026 0.032333 0.032333 0.059978 0.092103 0.075182 0.052038 0.069354 0.045884 0.066690 0.032333 0.032333 0.232691 2.320018 3.414827 3.410526 3.404014 3.405326 4.390531 5.410178 5.437185 3.402515 1.370315 1.372956 1.380923 0.260585 0.450341 0.895974 0.985161 3.058265 3.047730 0.075591 0.047934 0.032333 0.034357 0.032333 0.678322 0.043266 0.095604 0.062282 0.511852 0.513181 0.032333 0.643959 0.555073 0.538692 0.593893 0.606435 0.037683 0.032333 -9999.000000 -9999.000000 -9999.000000 -9999.000000 -9999.000000 -9999.000000 -9999.000000 -9999.000000
4.110106 0.862706 0.055912 0.032333 0.120263 0.092137 0.039110 0.055912 0.036246 0.045135 0.035732 0.045135 0.067434 0.291333 1.367169 3.400871 4.417419 3.407229 3.404787 4.331910 5.364536 5.380635 3.372339 1.353923 1.358863 1.377748 0.288284 0.133690 0.196827 0.122643 1.931570 0.079365 0.070240 0.087088 0.032333 0.045135 0.032570 0.907063 0.094125 0.076824 0.102756 0.488655 0.493690 0.419143 0.241492 0.160947 0.032333 0.056209 0.619910 0.047631 0.043328 -9999.000000 -9999.000000 -9999.000000 -9999.000000 -9999.000000 -9999.000000 -9999.000000 -9999.000000
3.119642 0.098720 0.057611 0.037434 0.045993 0.047283 0.034440 0.034357 0.045135 0.032333 0.066690 0.056065 0.263293 0.372339 2.424136 3.402662 4.393307 3.411378 3.409427 3.395192 4.390331 4.358312 2.350575 0.321968 0.324436 0.351770 0.336227 0.032333 0.129785 0.097848 0.186746 0.055912 0.056756 0.110031 0.171658 0.032333 1.203095 2.159473 2.191497 0.145019 0.086029 0.085849 0.067194 0.065881 0.075804 0.045135 0.035903 0.055912 0.041979 0.076898 0.059640 -9999.000000 -9999.000000 -9999.000000 -9999.000000 -9999.000000 -9999.000000 -9999.000000 -9999.000000
2.135203 0.119105 0.070901 0.037091 0.046932 0.050118 0.041618 0.034357 0.045135 0.032333 0.034357 0.035471 1.390114 1.412883 2.405626 3.414915 3.414726 3.416033 3.416232 3.408816 4.412574 3.417015 1.391162 0.033822 0.032333 0.354042 0.349407 0.032333 0.203507 0.174063 0.108094 0.035334 0.055912 0.036516 0.144242 1.050862 3.200207 4.194970 4.181839 1.200177 0.140085 0.034357 0.047296 0.046444 0.056779 0.032333 0.066690 0.035778 0.045135 0.032333 0.040963 -9999.000000 -9999.000000 -9999.000000 -9999.000000 -9999.000000 -9999.000000 -9999.000000 -9999.000000
2.121624 0.090326 0.103951 0.032333 0.446895 0.443951 0.037959 0.056747 0.045135 0.032333 0.045135 0.047462 1.366637 2.407831 2.412361 3.395717 3.399059 3.397568 4.460413 4.462134 4.424872 3.427513 1.399338 0.036325 0.039546 0.293776 0.281349 0.291131 1.260996 1.232725 0.059815 0.055912 0.032333 0.034357 0.056558 0.982081 3.197652 5.202332 4.215322 2.238543 0.163471 0.032333 0.045135 0.032333 0.045135 0.045135 0.055912 0.035145 0.034893 0.036342 -9999.000000 -9999.000000 -9999.000000 -9999.000000 -9999.000000 -9999.000000 -9999.000000 -9999.000000 -9999.000000
2.102344 0.172455 0.188527 0.294960 0.405405 0.396010 0.098086 0.075101 0.075503 0.045135 0.032333 0.045135 1.386222 1.399393 2.362634 2.338094 2.342232 2.339833 4.424090 4.422900 4.418312 3.428617 1.406874 0.301506 0.057915 0.032333 0.045135 0.230211 0.245463 0.181343 0.036419 0.032333 0.045135 0.032333 0.045135 0.098802 3.221343 5.186832 4.202343 3.185741 1.128126 0.037324 0.034794 0.045135 0.032333 0.032333 0.032333 0.045135 0.047608 -9999.000000 -9999.000000 -9999.000000 -9999.000000 -9999.000000 -9999.000000 -9999.000000 -9999.000000 -9999.000000 -9999.000000
0.990354 0.161696 0.155924 0.234927 0.049802 0.089074 0.118285 0.072959 0.066956 0.035084 0.045135 0.048642 0.353358 1.412289 1.437871 1.441084 1.438618 1.441204 4.439230 5.475219 4.439576 3.444847 1.383659 0.056850 0.078927 0.032333 0.032333 0.055912 0.065880 0.063622 0.067193 0.034357 0.047145 0.045135 0.032333 0.098716 3.201176 5.161088 4.181011 2.208505 1.181691 1.208039 0.158963 0.045888 0.034357 0.034357 0.045135 -9999.000000 -9999.000000 -9999.000000 -9999.000000 -9999.000000 -9999.000000 -9999.000000 -9999.000000 -9999.000000 -9999.000000 -9999.000000 -9999.000000
0.068650 0.042874 0.055912 0.032333 0.032333 0.045135 0.032333 0.032333 0.045739 0.057032 0.032333 0.045135 0.339956 0.377734 1.444945 1.450801 1.454296 2.503277 5.482189 6.506056 5.512886 3.483621 0.383291 0.032333 0.032333 0.034357 0.045135 0.032333 0.099451 0.084802 0.049234 0.442289 0.504878 0.412852 0.412192 1.949890 3.175125 3.147093 2.189212 1.195093 1.169439 0.160230 0.192701 0.219509 0.034622 0.034622 -9999.000000 -9999.000000 -9999.000000 -9999.000000 -9999.000000 -9999.000000 -9999.000000 -9999.000000 -9999.000000 -9999.000000 -9999.000000 -9999.000000 -9999.000000
0.057724 0.045135 0.032333 0.034357 0.069837 0.032333 0.055912 0.057470 0.065305 0.069819 0.045135 0.032333 0.055912 0.032333 1.459265 2.508116 3.519490 3.513425 5.437093 6.450362 5.436868 4.471075 0.462119 0.045135 0.058939 0.055912 0.032333 0.131082 0.119393 0.095156 0.540472 1.570612 0.535657 0.523966 0.451593 0.962454 2.202360 1.206236 0.176908 0.150476 0.139950 0.034357 0.032333 0.032333 -9999.000000 -9999.000000 -9999.000000 -9999.000000 -9999.000000 -9999.000000 -9999.000000 -9999.000000 -9999.000000 -9999.000000 -9999.000000 -9999.000000 -9999.000000 -9999.000000 -9999.000000
0.045135 0.032333 0.034357 0.058704 0.120022 0.117572 0.038733 0.052940 0.067576 0.100915 0.034988 0.045135 0.032333 0.408328 1.461655 2.478775 4.485322 5.518984 5.481904 5.470473 4.459725 3.429002 2.525209 0.469246 1.500719 0.062817 0.086389 0.123241 0.124521 0.102371 0.057702 0.566659 0.576792 0.032333 0.034357 0.032333 1.158420 0.162400 0.037164 0.066690 0.034286 0.045135 -9999.000000 -9999.000000 -9999.000000 -9999.000000 -9999.000000 -9999.000000 -9999.000000 -9999.000000 -9999.000000 -9999.000000 -9999.000000 -9999.000000 -9999.000000 -9999.000000 -9999.000000 -9999.000000 -9999.000000
0.032333 0.034357 0.032333 0.057235 0.094818 0.494992 0.047509 0.068200 0.091988 0.062209 0.047051 0.034979 0.049766 1.487002 2.513787 3.507130 4.472274 5.467612 5.433277 4.372089 3.402828 2.420278 2.488546 2.552800 2.497226 0.392865 0.088357 0.130213 0.141977 0.032333 0.032333 0.060601 0.585580 0.035577 0.045135 0.032333 0.281673 0.207183 0.046601 0.037339 0.066690 0.032333 -9999.000000 -9999.000000 -9999.000000 -9999.000000 -9999.000000 -9999.000000 -9999.000000 -9999.000000 -9999.000000 -9999.000000 -9999.000000 -9999.000000 -9999.000000 -9999.000000 -9999.000000 -9999.000000 -9999.000000
0.045135 0.045477 0.034357 0.059097 0.081021 1.599924 1.646153 0.582369 0.577811 0.064786 0.064763 0.045884 0.517930 1.465930 2.497573 3.468138 4.483954 4.506982 3.409039 2.509265 2.490424 1.517919 1.541596 2.562957 2.528494 0.432363 0.091943 0.137430 0.155228 0.032333 0.034357 0.073816 0.559565 0.036980 0.032333 0.262012 1.307309 0.194429 0.049710 0.055912 0.032333 0.032333 -9999.000000 -9999.000000 -9999.000000 -9999.000000 -9999.000000 -9999.000000 -9999.000000 -9999.000000 -9999.000000 -9999.000000 -9999.000000 -9999.000000 -9999.000000 -9999.000000 -9999.000000 -9999.000000 -9999.000000
0.094995 0.086614 0.077218 0.069758 0.039040 1.649025 1.660036 2.677695 2.678411 1.673573 1.682825 1.671930 0.571253 1.443600 2.458314 2.479111 3.452838 4.451476 2.499878 2.507444 2.490677 1.521767 1.542125 2.542608 2.518770 0.454324 0.095757 0.147273 1.177865 0.153023 0.032333 0.074300 0.054025 0.045135 0.253515 1.291527 2.289309 0.196541 0.052329 0.055912 0.032333 -9999.000000 -9999.000000 -9999.000000 -9999.000000 -9999.000000 -9999.000000 -9999.000000 -9999.000000 -9999.000000 -9999.000000 -9999.000000 -9999.000000 -9999.000000 -9999.000000 -9999.000000 -9999.000000 -9999.000000 -9999.000000
0.101953 0.083704 0.075969 0.075967 0.032333 0.036981 1.669510 2.694596 2.700402 1.696966 1.709713 0.658322 1.534511 1.520135 1.410884 1.402990 1.416873 2.471340 3.570477 3.568019 2.536312 2.598000 2.605251 1.565660 1.528613 0.508653 0.086100 0.135858 0.148507 0.175547 0.194497 0.034357 0.055912 0.032333 0.231097 2.296213 3.298283 0.206563 0.065104 0.042312 0.045135 -9999.000000 -9999.000000 -9999.000000 -9999.000000 -9999.000000 -9999.000000 -9999.000000 -9999.000000 -9999.000000 -9999.000000 -9999.000000 -9999.000000 -9999.000000 -9999.000000 -9999.000000 -9999.000000 -9999.000000 -9999.000000
0.056223 0.174900 0.140021 0.040567 0.032333 0.052105 1.658049 2.685453 2.697289 2.694713 2.717045 1.671111 1.566216 1.566091 0.620547 0.611409 0.611890 1.582123 4.617342 4.623208 4.653186 4.652888 2.609749 1.601668 0.471695 0.043844 0.063364 0.032333 0.034357 0.035968 0.045135 0.032333 0.032333 0.055912 1.062310 3.286550 3.332670 0.235566 0.074608 0.045533 0.045968 -9999.000000 -9999.000000 -9999.000000 -9999.000000 -9999.000000 -9999.000000 -9999.000000 -9999.000000 -9999.000000 -9999.000000 -9999.000000 -9999.000000 -9999.000000 -9999.000000 -9999.000000 -9999.000000 -9999.000000 -9999.000000
0.091302 0.926806 0.939187 0.973309 0.059449 0.067145 0.647625 1.674341 1.684144 1.696206 2.689867 1.676868 0.651083 0.638736 0.650680 0.639471 0.632331 1.551086 4.546894 5.576198 5.555284 4.610224 2.605487 1.602194 0.478712 0.049882 0.058982 0.034357 0.034458 0.034357 0.032333 0.057725 0.050999 1.261340 3.268596 3.286086 2.281969 0.049411 0.088559 0.032333 0.032333 -9999.000000 -9999.000000 -9999.000000 -9999.000000 -9999.000000 -9999.000000 -9999.000000 -9999.000000 -9999.000000 -9999.000000 -9999.000000 -9999.000000 -9999.000000 -9999.000000 -9999.000000 -9999.000000 -9999.000000 -9999.000000
0.978173 1.018547 2.003023 0.975310 0.071765 0.072089 0.055685 0.717291 0.724196 1.711644 1.731281 0.703633 0.688308 1.711421 1.748633 1.728856 1.706442 1.636775 3.456223 4.568048 4.593093 4.598064 2.618540 1.617411 0.518330 0.047314 0.055912 0.032333 0.055912 0.037045 0.245980 1.271067 1.262251 2.291764 3.203360 2.289067 1.254524 0.061806 0.045343 0.034357 0.034357 -9999.000000 -9999.000000 -9999.000000 -9999.000000 -9999.000000 -9999.000000 -9999.000000 -9999.000000 -9999.000000 -9999.000000 -9999.000000 -9999.000000 -9999.000000 -9999.000000 -9999.000000 -9999.000000 -9999.000000 -9999.000000
2.024881 2.988045 3.997011 3.009151 0.989082 0.072903 0.066562 0.701470 1.721286 1.729522 2.766023 0.719920 1.707487 2.706479 2.747629 2.723763 2.704111 2.678200 2.586021 3.582622 3.607797 3.612207 3.653046 2.659227 1.638214 0.043213 0.032333 0.034357 0.297187 0.281189 1.301394 1.301354 1.293829 1.284176 2.255279 1.265219 0.070242 0.036461 0.057565 0.032333 0.032333 0.032333 -9999.000000 -9999.000000 -9999.000000 -9999.000000 -9999.000000 -9999.000000 -9999.000000 -9999.000000 -9999.000000 -9999.000000 -9999.000000 -9999.000000 -9999.000000 -9999.000000 -9999.000000 -9999.000000 -9999.000000
4.008051 4.992472 4.999061 4.997787 3.021909 0.898956 0.873116 0.793897 1.682514 2.735841 3.765532 2.786303 2.758698 3.723291 3.783130 2.706800 2.674465 2.689717 1.641954 2.556226 2.629333 2.638540 3.641292 3.657869 1.638014 0.619833 0.204323 0.236920 0.299303 0.326471 1.301076 1.300619 1.292412 1.278963 0.202655 0.045135 0.032333 0.046877 0.051783 0.034357 0.097757 0.066492 -9999.000000 -9999.000000 -9999.000000 -9999.000000 -9999.000000 -9999.000000 -9999.000000 -9999.000000 -9999.000000 -9999.000000 -9999.000000 -9999.000000 -9999.000000 -9999.000000 -9999.000000 -9999.000000 -9999.000000
