use_cases/Flooding_chicago/flooding_data/output/h_max_3600.asc
ncols 337
nrows 393
xllcorner 428428.000000
yllcorner 4602440.000000
cellsize 26.757400
NODATA_value -9999.000000
[rows 297 to 323 of 393, columns 59 to 117 of 337]
1.872401 1.906218 1.971369 2.938864 2.959424 3.956193 1.966540 1.934034 0.899703 0.152111 0.147426 0.106221 1.852624 0.829383 0.881255 0.888159 0.865082 0.865968 0.874217 0.037717 0.032333 0.032333 0.066690 0.036294 0.145893 0.260090 1.369340 1.393916 1.335268 2.344091 2.371934 1.294624 1.285849 1.275066 2.238620 2.248144 1.224341 1.241519 0.178854 0.032333 0.042550 0.040261 0.122543 0.104134 0.617612 1.697799 1.695207 1.702582 1.693808 1.680775 2.681177 2.685654 2.683234 2.688775 2.682204 1.659827 0.701913 0.703187 0.036223
2.941976 2.941855 3.923055 3.939025 3.935765 2.949419 2.916305 1.962349 0.869586 0.154042 0.151384 0.130004 0.085665 0.069203 0.068497 0.038468 0.844136 0.835695 0.032333 0.055912 0.032333 0.055912 0.157770 1.241835 0.202802 0.107471 0.057509 0.319634 1.327567 2.329860 2.352741 1.281128 1.278382 2.255468 2.252121 2.258969 1.240917 1.255445 0.208414 0.045464 0.059701 0.057001 0.034906 0.072313 0.570121 1.694140 2.705994 1.716999 0.705580 0.701054 1.678841 1.682073 1.692629 2.691471 1.676309 0.699279 0.704475 0.707833 0.711206
1.988486 2.996992 4.006071 4.001833 3.998783 2.982303 1.974724 0.962768 0.058415 0.036966 0.045464 0.045618 0.055912 0.032333 0.068490 0.802300 0.832112 0.825803 0.829801 0.041426 0.045135 0.211509 1.256439 1.253495 1.261317 0.032333 0.032333 0.045135 0.307925 2.344914 2.376060 0.314306 1.229829 2.257058 3.270541 2.253317 2.288219 1.239836 0.033319 0.056740 0.067942 0.032333 0.055912 0.055977 0.576551 1.695667 2.704583 1.715881 0.706795 0.700597 0.698066 0.700655 1.694222 2.693247 1.684890 0.703232 0.705476 0.717530 1.746977
0.930822 1.965907 1.917146 1.916509 1.908585 1.947027 0.931916 0.032333 0.055912 0.060647 0.064065 0.063928 0.032333 0.045135 0.067635 0.046407 0.817929 0.811887 0.829420 0.041421 0.040095 0.243972 1.260314 1.257200 1.267031 0.034357 0.034357 0.056901 0.342427 2.286356 2.373132 0.319645 1.222849 2.251804 3.251215 2.257638 2.270608 0.241640 0.032333 0.045984 0.061639 0.032333 0.055912 0.060156 2.667930 2.703340 2.700356 1.704196 1.703747 0.695471 0.693583 0.695649 0.693650 1.691589 1.689785 0.682165 0.032333 0.719723 1.736592
0.912185 0.908846 1.887277 1.894038 1.880625 0.842968 0.048912 0.055912 0.032333 0.065055 0.061211 0.049890 0.055912 0.032333 0.070476 0.047921 0.789230 0.777103 0.032333 0.049986 0.042506 0.264478 0.264998 1.252223 1.256309 0.032333 0.032333 0.055912 0.433977 1.090181 2.281836 2.296465 2.305573 2.280133 2.274576 2.286127 1.300742 0.262421 0.247350 0.233789 0.035868 0.055912 0.032482 0.068664 2.650545 2.680772 1.678824 0.699229 0.674965 0.691753 0.689306 0.693193 0.691384 1.691036 1.688107 0.680313 0.033699 0.734313 1.750436
0.895533 0.887885 2.674711 3.782696 2.784225 1.727385 0.061948 0.032333 0.055912 0.044651 0.036827 0.079546 0.059130 0.066277 0.056222 0.669967 1.614879 0.707017 0.037843 0.052761 0.049384 0.032333 0.242420 1.242959 2.264370 0.173401 0.120116 0.078634 0.647187 0.633221 1.164029 3.229193 3.331870 3.333767 2.287405 2.310409 1.320658 0.265152 0.228714 0.169542 0.115333 0.075311 0.077749 0.062606 0.497065 0.474483 0.039116 0.032333 0.069155 0.046407 0.038662 0.033929 0.689629 1.694115 1.694899 1.692633 0.711778 1.719517 1.734038
0.836087 1.713799 3.800205 3.831243 2.819824 2.792102 1.773374 0.792171 0.049630 0.065667 0.051064 0.621183 0.601966 0.657024 0.677528 1.663305 2.691938 1.653891 0.566353 0.048602 0.040817 0.032333 0.248047 2.129823 2.256410 1.125640 1.073986 2.021477 2.070476 0.838925 1.146759 3.180306 3.292754 3.291049 3.305750 2.307031 1.296354 0.243772 0.177392 0.593259 0.577589 0.553958 0.054871 0.032333 0.034813 0.045135 0.055912 0.032333 0.072466 0.040764 0.696696 0.683709 1.698982 1.696654 1.690544 1.687475 0.714965 0.718540 0.727486
0.865452 2.776788 3.829450 3.843647 2.824167 2.809431 2.812605 1.809852 0.719585 0.746339 0.761813 1.748126 1.755548 0.702374 0.686710 1.677908 1.714001 1.705874 0.540655 0.502431 0.438895 1.287926 1.341721 2.130418 2.216927 2.150269 3.023590 4.106828 4.178769 2.109812 0.759915 1.068786 1.164793 2.228760 2.267493 1.173374 1.217577 0.201114 0.141880 0.592815 0.599363 0.565231 0.535837 0.045135 0.045135 0.032333 0.032333 0.094842 0.070432 1.693216 1.705809 1.697211 1.699387 0.662786 0.680594 0.685068 0.706760 0.699245 0.032333
1.795358 2.818330 3.829206 3.842150 2.826144 2.818013 2.822614 2.819614 1.838198 0.810100 0.811275 1.797072 0.719408 0.045135 0.032333 0.045135 0.044580 0.517941 1.334175 1.453287 1.422429 2.296381 2.340206 2.166460 2.191308 2.923483 4.080927 4.149392 3.121434 3.165638 1.084494 0.073874 0.044581 0.157144 1.168104 1.094241 1.142397 0.157401 0.114731 0.571520 0.590985 0.521614 0.503203 0.390081 0.045888 0.034357 0.034357 0.093746 0.083052 0.647166 1.670159 0.691598 0.673896 0.624704 0.032333 0.032333 0.716888 0.717053 0.032333
2.808973 2.822236 3.829817 3.839039 2.822564 2.815123 2.834640 1.817652 0.812411 0.792200 0.792406 0.781094 0.046424 0.050263 0.055912 0.038906 0.042095 0.503477 1.335699 1.443173 2.313740 2.294701 2.315038 1.101933 1.119244 2.065675 4.079665 3.124102 2.099054 2.111307 1.105470 0.032333 0.032333 0.045135 0.094308 0.919987 1.006586 0.103192 0.108952 0.075429 0.041640 0.430826 1.442785 1.467414 0.306661 0.284248 0.050364 0.077695 0.079674 0.081146 0.078385 0.032333 0.035835 0.414633 0.354715 0.034357 0.034783 0.037295 0.055912
2.827419 3.814752 3.830870 3.837450 2.816143 2.813933 1.805266 1.809847 0.791447 1.695846 1.742542 0.714857 0.655153 0.647608 0.588626 1.634713 0.618172 0.556008 1.416931 1.475468 1.448998 1.409404 1.338732 0.309375 0.247352 0.998272 2.075787 2.102087 2.093186 2.095307 1.105555 0.034357 0.034357 0.034911 0.548643 0.732877 0.814942 0.080885 0.110115 0.032333 0.066690 0.372580 1.478328 0.403309 0.294085 0.281069 0.041319 0.054133 0.057101 0.060303 0.032333 0.032333 0.034357 0.279989 0.283436 0.032333 0.034357 0.032333 -9999.000000
2.826071 3.815406 3.828735 3.838287 2.804585 3.767866 2.787921 1.778882 1.748327 2.721881 2.771250 1.704295 1.681231 1.682540 2.669765 1.663325 1.696366 0.581066 1.448386 1.501629 1.492730 1.504450 0.404138 0.327606 0.232731 1.062608 1.090530 1.090071 2.089381 2.097848 1.087548 0.032333 0.032333 0.045135 0.486912 0.567551 0.604691 0.051159 0.032333 0.034357 0.032333 0.032333 0.032333 0.189152 -9999.000000 -9999.000000 -9999.000000 -9999.000000 -9999.000000 -9999.000000 -9999.000000 -9999.000000 -9999.000000 -9999.000000 -9999.000000 -9999.000000 -9999.000000 -9999.000000 -9999.000000
2.828507 3.826777 3.845907 3.858964 2.801832 3.778536 3.800886 2.771360 2.773609 3.740422 3.796868 1.713112 2.654358 2.687867 2.702688 1.666520 1.697210 0.590149 1.463311 1.516494 1.514739 1.542355 0.426096 0.318722 1.015658 1.056135 1.080516 1.077521 1.068071 1.045711 0.032333 0.055912 0.034708 -9999.000000 -9999.000000 -9999.000000 -9999.000000 -9999.000000 -9999.000000 -9999.000000 -9999.000000 -9999.000000 -9999.000000 -9999.000000 -9999.000000 -9999.000000 -9999.000000 -9999.000000 -9999.000000 -9999.000000 -9999.000000 -9999.000000 -9999.000000 -9999.000000 -9999.000000 -9999.000000 -9999.000000 -9999.000000 -9999.000000
1.806796 1.812932 1.816043 1.830574 2.782874 4.710466 4.776314 4.767915 4.785238 3.758119 3.802955 1.706786 2.647203 2.680105 3.637165 3.672618 2.670609 1.613848 2.549838 2.629297 1.562055 1.591787 0.455197 0.340946 2.038191 2.065399 1.082292 1.070523 1.064277 0.990269 0.032333 0.124350 0.061436 -9999.000000 -9999.000000 -9999.000000 -9999.000000 -9999.000000 -9999.000000 -9999.000000 -9999.000000 -9999.000000 -9999.000000 -9999.000000 -9999.000000 -9999.000000 -9999.000000 -9999.000000 -9999.000000 -9999.000000 -9999.000000 -9999.000000 -9999.000000 -9999.000000 -9999.000000 -9999.000000 -9999.000000 -9999.000000 -9999.000000
1.816598 1.815377 1.824253 0.807626 1.757811 5.735420 4.786292 4.778146 4.791037 3.749861 3.784998 2.708843 2.682975 2.680001 3.633130 3.666073 3.679433 2.626590 2.567899 2.585862 2.637959 1.582026 0.464722 0.356155 2.067932 2.094415 1.112994 0.085717 0.056331 0.589647 0.336096 0.216615 -9999.000000 -9999.000000 -9999.000000 -9999.000000 -9999.000000 -9999.000000 -9999.000000 -9999.000000 -9999.000000 -9999.000000 -9999.000000 -9999.000000 -9999.000000 -9999.000000 -9999.000000 -9999.000000 -9999.000000 -9999.000000 -9999.000000 -9999.000000 -9999.000000 -9999.000000 -9999.000000 -9999.000000 -9999.000000 -9999.000000 -9999.000000
2.803187 2.795334 1.814765 0.807306 1.775648 5.737573 4.795789 3.772113 3.789128 2.737741 2.745592 2.716787 2.688251 2.681842 2.672149 2.662593 3.652835 2.692034 1.600596 1.561597 1.606315 0.506940 0.439792 0.317767 1.006897 0.981858 0.068285 0.032333 0.034357 0.448000 0.343635 0.195281 -9999.000000 -9999.000000 -9999.000000 -9999.000000 -9999.000000 -9999.000000 -9999.000000 -9999.000000 -9999.000000 -9999.000000 -9999.000000 -9999.000000 -9999.000000 -9999.000000 -9999.000000 -9999.000000 -9999.000000 -9999.000000 -9999.000000 -9999.000000 -9999.000000 -9999.000000 -9999.000000 -9999.000000 -9999.000000 -9999.000000 -9999.000000
4.792381 4.805815 2.786796 2.784529 4.761624 5.774909 4.787725 4.799645 2.759665 2.740780 2.748383 2.719084 2.682235 2.681209 2.676883 2.672065 2.708089 1.675599 1.679583 0.647167 0.655992 0.042127 0.050376 0.032333 0.061445 0.644889 0.537262 0.034357 0.224428 0.325647 0.221523 -9999.000000 -9999.000000 -9999.000000 -9999.000000 -9999.000000 -9999.000000 -9999.000000 -9999.000000 -9999.000000 -9999.000000 -9999.000000 -9999.000000 -9999.000000 -9999.000000 -9999.000000 -9999.000000 -9999.000000 -9999.000000 -9999.000000 -9999.000000 -9999.000000 -9999.000000 -9999.000000 -9999.000000 -9999.000000 -9999.000000 -9999.000000 -9999.000000
4.797845 4.803263 4.807599 3.798004 5.772155 4.779520 3.794639 4.786456 3.794008 2.765002 2.790703 1.783349 0.677215 0.633489 0.601536 1.586255 1.588779 0.605530 1.627428 1.640777 0.598581 0.072319 0.082668 0.034357 0.034861 0.530608 0.454282 0.237239 0.200731 0.203784 -9999.000000 -9999.000000 -9999.000000 -9999.000000 -9999.000000 -9999.000000 -9999.000000 -9999.000000 -9999.000000 -9999.000000 -9999.000000 -9999.000000 -9999.000000 -9999.000000 -9999.000000 -9999.000000 -9999.000000 -9999.000000 -9999.000000 -9999.000000 -9999.000000 -9999.000000 -9999.000000 -9999.000000 -9999.000000 -9999.000000 -9999.000000 -9999.000000 -9999.000000
4.803185 4.803632 4.810671 3.797304 4.786888 2.788656 2.793121 3.792058 2.784430 2.766625 2.793988 1.788616 0.663485 0.593301 0.538800 0.504416 1.462753 1.493465 0.595950 1.643154 0.519258 0.055517 0.045135 0.032333 0.045135 0.493540 0.394689 0.373658 -9999.000000 -9999.000000 -9999.000000 -9999.000000 -9999.000000 -9999.000000 -9999.000000 -9999.000000 -9999.000000 -9999.000000 -9999.000000 -9999.000000 -9999.000000 -9999.000000 -9999.000000 -9999.000000 -9999.000000 -9999.000000 -9999.000000 -9999.000000 -9999.000000 -9999.000000 -9999.000000 -9999.000000 -9999.000000 -9999.000000 -9999.000000 -9999.000000 -9999.000000 -9999.000000 -9999.000000
4.806062 4.810335 3.805291 3.808797 2.788845 2.800101 1.790730 1.784519 1.780974 2.737563 2.785914 1.761798 0.630115 0.509250 1.333297 1.282754 2.243120 1.505990 0.533703 0.039648 0.063992 0.073908 0.045135 0.032333 0.045135 0.032333 0.188231 0.246206 -9999.000000 -9999.000000 -9999.000000 -9999.000000 -9999.000000 -9999.000000 -9999.000000 -9999.000000 -9999.000000 -9999.000000 -9999.000000 -9999.000000 -9999.000000 -9999.000000 -9999.000000 -9999.000000 -9999.000000 -9999.000000 -9999.000000 -9999.000000 -9999.000000 -9999.000000 -9999.000000 -9999.000000 -9999.000000 -9999.000000 -9999.000000 -9999.000000 -9999.000000 -9999.000000 -9999.000000
4.807186 4.809659 3.807093 3.808541 2.793179 2.798521 1.805136 0.781489 0.780289 1.776825 0.775303 0.043851 0.039484 0.344777 1.380554 1.292163 2.330176 0.034357 0.032333 0.045135 0.032333 0.032333 0.032333 -9999.000000 -9999.000000 -9999.000000 -9999.000000 -9999.000000 -9999.000000 -9999.000000 -9999.000000 -9999.000000 -9999.000000 -9999.000000 -9999.000000 -9999.000000 -9999.000000 -9999.000000 -9999.000000 -9999.000000 -9999.000000 -9999.000000 -9999.000000 -9999.000000 -9999.000000 -9999.000000 -9999.000000 -9999.000000 -9999.000000 -9999.000000 -9999.000000 -9999.000000 -9999.000000 -9999.000000 -9999.000000 -9999.000000 -9999.000000 -9999.000000 -9999.000000
6.811997 5.809113 5.810266 4.813612 2.788860 2.792883 1.804001 0.774314 0.771982 0.738687 0.774567 0.032333 0.034357 0.231454 0.208285 0.951148 0.918105 0.032333 -9999.000000 -9999.000000 -9999.000000 -9999.000000 -9999.000000 -9999.000000 -9999.000000 -9999.000000 -9999.000000 -9999.000000 -9999.000000 -9999.000000 -9999.000000 -9999.000000 -9999.000000 -9999.000000 -9999.000000 -9999.000000 -9999.000000 -9999.000000 -9999.000000 -9999.000000 -9999.000000 -9999.000000 -9999.000000 -9999.000000 -9999.000000 -9999.000000 -9999.000000 -9999.000000 -9999.000000 -9999.000000 -9999.000000 -9999.000000 -9999.000000 -9999.000000 -9999.000000 -9999.000000 -9999.000000 -9999.000000 -9999.000000
7.810701 6.813606 6.813096 6.823414 1.786558 1.784831 1.781082 1.773149 1.780378 0.674117 0.032333 0.032333 0.034357 0.116402 0.173939 -9999.000000 -9999.000000 -9999.000000 -9999.000000 -9999.000000 -9999.000000 -9999.000000 -9999.000000 -9999.000000 -9999.000000 -9999.000000 -9999.000000 -9999.000000 -9999.000000 -9999.000000 -9999.000000 -9999.000000 -9999.000000 -9999.000000 -9999.000000 -9999.000000 -9999.000000 -9999.000000 -9999.000000 -9999.000000 -9999.000000 -9999.000000 -9999.000000 -9999.000000 -9999.000000 -9999.000000 -9999.000000 -9999.000000 -9999.000000 -9999.000000 -9999.000000 -9999.000000 -9999.000000 -9999.000000 -9999.000000 -9999.000000 -9999.000000 -9999.000000 -9999.000000
5.813033 6.811145 6.814504 6.824486 1.800743 0.778598 0.035146 0.712729 0.727613 0.580150 0.462565 0.034357 0.034457 -9999.000000 -9999.000000 -9999.000000 -9999.000000 -9999.000000 -9999.000000 -9999.000000 -9999.000000 -9999.000000 -9999.000000 -9999.000000 -9999.000000 -9999.000000 -9999.000000 -9999.000000 -9999.000000 -9999.000000 -9999.000000 -9999.000000 -9999.000000 -9999.000000 -9999.000000 -9999.000000 -9999.000000 -9999.000000 -9999.000000 -9999.000000 -9999.000000 -9999.000000 -9999.000000 -9999.000000 -9999.000000 -9999.000000 -9999.000000 -9999.000000 -9999.000000 -9999.000000 -9999.000000 -9999.000000 -9999.000000 -9999.000000 -9999.000000 -9999.000000 -9999.000000 -9999.000000 -9999.000000
3.810512 4.810946 5.811204 3.810747 1.786736 0.057193 0.032333 0.063320 0.040128 0.371510 0.275796 -9999.000000 -9999.000000 -9999.000000 -9999.000000 -9999.000000 -9999.000000 -9999.000000 -9999.000000 -9999.000000 -9999.000000 -9999.000000 -9999.000000 -9999.000000 -9999.000000 -9999.000000 -9999.000000 -9999.000000 -9999.000000 -9999.000000 -9999.000000 -9999.000000 -9999.000000 -9999.000000 -9999.000000 -9999.000000 -9999.000000 -9999.000000 -9999.000000 -9999.000000 -9999.000000 -9999.000000 -9999.000000 -9999.000000 -9999.000000 -9999.000000 -9999.000000 -9999.000000 -9999.000000 -9999.000000 -9999.000000 -9999.000000 -9999.000000 -9999.000000 -9999.000000 -9999.000000 -9999.000000 -9999.000000 -9999.000000
2.807992 2.807072 2.806524 1.790182 0.034816 0.062687 0.032333 0.036758 0.129243 0.205137 -9999.000000 -9999.000000 -9999.000000 -9999.000000 -9999.000000 -9999.000000 -9999.000000 -9999.000000 -9999.000000 -9999.000000 -9999.000000 -9999.000000 -9999.000000 -9999.000000 -9999.000000 -9999.000000 -9999.000000 -9999.000000 -9999.000000 -9999.000000 -9999.000000 -9999.000000 -9999.000000 -9999.000000 -9999.000000 -9999.000000 -9999.000000 -9999.000000 -9999.000000 -9999.000000 -9999.000000 -9999.000000 -9999.000000 -9999.000000 -9999.000000 -9999.000000 -9999.000000 -9999.000000 -9999.000000 -9999.000000 -9999.000000 -9999.000000 -9999.000000 -9999.000000 -9999.000000 -9999.000000 -9999.000000 -9999.000000 -9999.000000
2.809968 1.810706 1.809781 1.803868 0.782288 0.062149 0.048663 0.071784 0.064856 -9999.000000 -9999.000000 -9999.000000 -9999.000000 -9999.000000 -9999.000000 -9999.000000 -9999.000000 -9999.000000 -9999.000000 -9999.000000 -9999.000000 -9999.000000 -9999.000000 -9999.000000 -9999.000000 -9999.000000 -9999.000000 -9999.000000 -9999.000000 -9999.000000 -9999.000000 -9999.000000 -9999.000000 -9999.000000 -9999.000000 -9999.000000 -9999.000000 -9999.000000 -9999.000000 -9999.000000 -9999.000000 -9999.000000 -9999.000000 -9999.000000 -9999.000000 -9999.000000 -9999.000000 -9999.000000 -9999.000000 -9999.000000 -9999.000000 -9999.000000 -9999.000000 -9999.000000 -9999.000000 -9999.000000 -9999.000000 -9999.000000 -9999.000000
