use_cases/Flooding_chicago/flooding_data/output/h_max_3600.asc
ncols 337
nrows 393
xllcorner 428428.000000
yllcorner 4602440.000000
cellsize 26.757400
NODATA_value -9999.000000
[rows 189 to 215 of 393, columns 59 to 117 of 337]
0.040857 0.279078 0.033075 0.034357 0.081369 0.056207 0.130076 0.470194 1.637663 0.629969 0.068311 0.045135 0.045471 2.307146 2.316052 2.308789 2.338017 3.281976 3.259804 3.269558 2.238482 1.289145 0.219049 1.221112 1.247144 2.201058 2.215477 2.240105 1.214273 1.210204 2.180702 1.216864 0.032333 2.163417 4.169303 4.167664 4.168805 4.164576 4.160541 6.137399 7.160914 8.187897 7.181670 7.197983 7.177584 7.127399 8.117768 8.148649 6.143004 4.107282 3.064770 3.059914 3.960024 4.998353 6.014706 6.040968 5.031748 4.050810 1.978183
0.340004 0.131357 0.124967 0.032333 0.076975 0.062234 0.035195 0.035531 0.471140 0.505458 0.032333 0.054633 0.226675 2.295634 3.309809 3.316992 3.307214 3.333217 4.293805 4.314859 3.289811 2.273113 2.282525 2.255883 2.257867 3.230150 2.233256 2.264603 1.218190 1.216258 1.243322 0.214117 0.170853 1.149880 2.156827 3.154324 4.158839 4.159603 5.138696 7.144708 8.166547 8.170061 8.181168 7.128692 7.089061 8.136775 9.117138 8.131314 6.147273 3.127100 2.089750 2.046939 2.993140 3.022059 4.053130 4.058313 4.041744 2.964400 0.271036
0.260050 0.247339 0.060633 0.049813 0.059900 0.046762 0.032333 0.045135 0.332988 0.292142 0.307306 1.301276 2.315307 3.303313 3.311641 3.314919 4.295944 4.301385 5.293622 5.318559 4.269130 4.280375 5.280996 4.261008 4.286505 3.226316 4.246826 3.264709 2.181761 2.177027 3.083523 4.162976 3.188654 2.177011 2.180077 4.155920 4.174695 5.153772 7.154949 9.162010 8.171269 8.180011 7.194745 6.183269 5.157453 8.107285 8.126568 8.132964 6.133175 4.156553 2.116692 1.044813 0.957694 0.976619 2.012614 2.037211 2.025889 1.857668 0.356502
0.461587 0.483104 0.059274 0.081200 0.032333 0.073556 0.063485 0.037073 0.177789 1.309029 1.321958 2.305550 3.310010 4.309785 4.316204 4.313691 4.321456 5.304988 5.327007 5.345864 4.293073 4.285508 4.298403 3.246535 3.249400 4.193292 4.257693 3.220075 3.187384 4.125051 5.166225 7.192372 5.218088 3.180063 3.173861 4.161084 5.175623 6.155688 7.160089 9.155853 8.176579 8.164835 7.201836 6.189692 5.160729 8.108902 8.133248 8.130920 7.139030 5.161329 3.155931 1.080760 0.177296 0.135887 0.098197 0.032333 0.032333 0.478747 2.571990
0.332120 0.321268 0.192972 0.050211 0.035181 0.081247 0.032333 0.066690 0.246304 1.311096 2.318883 3.317492 3.317233 5.316325 4.314465 5.311363 5.318270 5.331589 6.330308 4.351815 3.302865 3.324095 2.275739 2.240470 2.242779 3.171978 3.246044 2.212317 3.153877 4.167388 6.154550 6.213319 4.183145 4.179164 4.171929 4.179638 5.168135 6.154995 7.160261 8.160782 8.183423 7.189127 7.210304 6.195191 7.232508 8.034560 8.115479 8.129695 7.143809 6.159181 5.155674 3.079491 1.229717 0.159568 0.032333 0.045135 0.039696 0.507722 4.555808
0.187067 0.447701 0.383783 0.293987 0.246716 0.231374 0.034357 0.033364 0.273011 1.320613 2.321743 3.304389 4.316217 5.305158 5.320935 5.317395 5.325317 6.327762 6.349483 3.325459 3.311287 3.325322 2.312542 1.263678 1.251028 1.233711 1.232076 1.215890 2.147562 5.143285 6.169233 6.199755 4.172894 4.179326 4.167195 5.163589 5.166997 6.135614 7.149722 8.146371 8.161435 7.179796 7.166766 6.130846 7.099380 6.067581 6.095018 6.111908 5.132333 5.120561 4.113792 3.044842 2.173784 1.169356 0.032333 0.046937 0.045135 0.510785 4.567884
0.107188 0.387245 0.386357 1.311596 1.326673 1.321862 1.300013 0.304906 0.307938 1.323992 2.323866 2.322978 3.316909 4.317989 5.318884 5.319665 5.327360 6.341154 5.347950 3.326306 3.312554 3.321696 2.308296 1.265711 1.236490 1.222648 1.222452 1.208170 2.152766 5.147219 6.170769 6.198612 4.185773 3.172467 4.116887 5.151556 4.134483 4.137096 4.151500 6.118357 6.126936 7.090416 6.142453 5.101977 5.111203 4.065837 4.080826 4.092003 2.089793 1.010677 1.011759 1.042914 2.168818 2.085979 0.172440 0.045135 0.032333 0.034357 4.537832
0.246865 1.323025 1.337433 1.332685 1.338779 2.331755 3.328034 2.342641 1.335472 1.333273 2.325879 2.326818 3.317827 4.319526 5.315016 5.320912 5.331604 4.336226 4.346368 3.332796 3.328267 2.326962 1.284794 1.286993 0.198116 0.176980 0.153940 1.179320 3.133172 4.162350 5.172462 5.201653 3.153210 3.166418 3.164789 2.073033 0.973155 0.099200 0.102673 2.022029 3.054079 4.033253 5.021082 4.099923 3.971498 2.815118 2.838617 1.933420 1.027572 0.045135 0.032333 0.048665 1.176628 2.087908 1.261755 0.301521 0.037926 0.032333 1.570720
0.281509 1.328499 1.343756 1.326151 1.337173 2.333693 3.343100 3.343152 2.337383 2.341327 2.333621 2.330700 4.329631 4.323839 4.324155 5.321771 4.332914 4.339674 3.344758 3.345574 2.331614 1.329857 0.036162 0.045558 0.057931 0.078452 0.046894 0.132097 2.161626 2.160439 1.174202 1.184767 4.175600 3.164374 0.969138 0.045135 0.034357 0.034357 0.032333 1.282513 2.268211 3.256707 4.234538 4.217554 3.206083 1.253065 1.265178 0.260123 0.034357 0.032333 0.032333 0.045135 0.314217 1.353482 2.411235 3.448487 2.448435 1.427085 0.032333
0.308977 0.322895 0.339473 0.336154 1.336880 2.332752 3.348464 3.343036 3.338940 2.338909 2.329665 3.341534 5.325600 5.332048 4.328021 4.327970 4.339275 3.349145 3.351163 2.345029 1.328072 0.037574 0.066690 0.032333 0.034357 0.150251 0.034357 0.034357 0.055912 0.049946 0.040613 0.125517 2.158054 0.920934 0.045135 0.032333 0.032333 0.032333 0.324387 1.341079 3.389998 4.395629 5.393975 5.383099 4.366159 2.409113 2.400585 1.407958 0.357731 0.045135 0.045135 0.407028 1.436067 2.401249 4.412887 4.431660 4.430386 2.401884 0.032333
0.060847 0.332487 0.344673 0.344338 0.347071 1.311590 2.347812 3.342473 2.337142 2.342428 1.335946 3.317824 4.314156 5.301455 4.315984 3.320995 2.320963 1.351917 1.357079 1.338589 0.245244 0.055912 0.032333 0.032333 0.057367 0.049356 0.032333 0.032333 0.032333 0.032333 0.045135 0.052714 0.034357 0.045135 0.036912 0.045135 0.034357 0.045135 2.407345 3.436119 5.440347 5.426165 6.422166 6.354012 5.395212 4.444964 3.411456 2.410762 1.404090 0.327405 0.340776 1.434909 2.419470 3.388488 4.392761 4.385631 3.284662 0.485241 0.036278
0.045135 0.290872 1.367748 1.389678 0.359338 0.356088 1.327468 2.323405 2.334301 2.336665 2.340020 2.332289 2.320587 1.265939 2.316189 2.309846 1.326009 0.299890 0.298727 0.262565 0.232035 0.050070 0.045135 0.055912 0.045573 0.047156 0.055912 0.045135 0.032333 0.055912 0.450601 0.041190 0.032333 0.032333 0.034357 0.318569 0.418452 0.416429 3.403450 5.427505 6.406798 6.424724 6.391689 5.368835 5.338210 4.408381 4.399151 3.390938 2.414791 2.409649 2.423424 3.453333 3.432905 3.393399 3.364605 1.434540 1.539641 2.708577 2.675236
2.366745 2.374887 2.373177 2.365826 2.376293 1.368539 1.351680 1.353707 2.334830 3.348929 3.350737 3.350807 0.271283 0.032333 0.204242 0.208984 0.065485 0.071726 0.069743 0.055912 0.051248 0.057794 0.047745 0.053309 0.072603 0.063206 0.066810 0.051087 0.045135 0.032750 1.463694 1.464280 0.032333 0.045135 0.347834 0.400849 0.428626 0.432355 3.382778 5.396357 6.403542 6.404366 6.397516 5.376626 4.390732 4.414230 5.416776 4.416560 4.405379 3.412718 3.420086 3.425963 3.401795 2.363625 1.259491 0.534738 1.648757 3.725950 3.697894
2.362697 2.368605 2.367930 2.375363 2.374553 2.380558 0.320504 0.315341 1.335238 3.336731 3.335154 2.335823 0.044762 0.032383 0.044536 0.032478 0.125987 0.111628 0.109949 0.032333 0.062906 0.048349 0.342804 0.318842 1.416264 1.402736 0.042831 0.402875 1.437401 1.435732 2.464201 3.454077 2.463297 2.461801 2.454814 0.423592 0.434529 0.434587 2.368252 4.397334 6.369964 6.379023 6.360288 5.385434 4.407228 5.446088 5.408939 4.420152 4.409847 3.399867 2.431653 3.430340 2.403792 1.329889 0.489755 0.549539 1.673393 2.717549 3.704501
1.374490 1.375269 1.374813 2.375853 2.376305 2.378108 0.032333 0.032333 0.312672 1.351461 2.346962 2.354821 0.053445 0.045275 0.056914 0.045135 0.117166 0.116142 0.115823 0.032333 0.059167 0.037577 0.387673 1.405438 2.414230 0.350016 0.034357 0.436016 2.461129 3.461614 2.460956 3.461212 3.463146 3.463602 2.462627 1.460052 0.438641 0.435825 2.347643 4.378966 5.315176 5.331909 5.309431 5.297437 4.366590 5.414335 5.399927 5.400507 4.401197 3.390559 2.419889 2.397362 2.340420 1.421060 1.497235 1.547451 2.658255 2.651760 2.621864
1.375099 1.375559 1.374917 2.376155 2.376156 2.376903 0.034357 0.032333 0.316237 1.345850 2.331054 2.345085 0.061373 0.069892 0.034357 0.032333 0.045135 0.103434 0.103876 0.069452 0.043267 0.396961 0.402415 1.425420 1.418910 0.034357 0.032333 0.387197 3.449056 3.462779 3.462213 3.461375 3.461545 3.462781 2.461054 2.463428 1.455985 1.454696 3.416432 4.419579 4.422822 4.416317 4.409328 3.395582 3.339592 4.361839 4.360181 4.387156 4.373704 2.402736 1.389368 0.436792 1.504313 1.442261 1.488220 1.528520 2.575589 1.673376 1.630249
3.379603 2.378842 2.378057 2.377590 2.377834 1.377779 0.032333 0.314492 1.370421 2.377122 1.358710 1.352108 0.032333 0.045135 0.032333 0.045135 0.032333 0.034357 0.049219 0.314679 0.384814 1.417125 1.414594 0.405726 0.392113 0.032333 0.045135 0.426891 3.457487 4.460384 4.462134 3.458037 3.459686 2.459194 2.458749 2.454557 2.456232 2.455068 4.437956 4.432122 4.431302 4.426195 4.419759 3.409846 2.424723 2.439718 2.427876 3.421093 3.425578 3.426069 1.420345 0.032333 0.460513 0.435653 0.444069 0.440224 0.513560 1.687955 1.721284
4.376783 3.376930 3.377740 2.376358 3.371097 2.375329 0.354127 1.382884 2.384190 2.373257 1.366436 0.299207 0.034357 0.032333 0.034357 0.067469 0.036569 0.066690 0.314834 1.415071 1.431787 1.426432 1.425182 0.406569 0.032333 0.434084 0.384817 2.458601 3.461895 4.460672 4.459470 2.459424 2.459250 2.458688 2.457954 3.451204 3.454921 4.451684 4.437600 4.437069 4.436541 4.430382 4.420667 3.409709 2.426939 2.439493 2.430010 3.423882 3.429623 2.431049 1.412814 0.463868 0.444529 0.422936 0.033883 0.055912 0.075905 0.803312 1.807876
5.377647 5.379227 4.377748 4.376636 4.375930 4.375515 2.379103 2.380414 2.372642 2.375180 2.385464 2.384341 0.296717 0.035592 0.055912 0.044076 0.292238 0.313657 2.420115 2.420055 2.419585 2.412338 1.406442 0.389001 0.032333 0.442660 2.455882 3.459762 3.462341 4.462781 4.458751 3.463403 2.460235 2.459974 3.461558 4.454507 4.458397 5.455715 5.455545 4.443560 4.420670 4.445083 5.489802 4.488922 3.498593 3.486126 3.459271 4.436460 4.449176 2.444305 1.394444 0.483263 1.484178 0.356350 0.055912 0.032333 0.034357 0.032333 0.759079
7.377483 7.375603 5.376767 4.377833 4.376369 3.371593 1.383595 1.382030 1.378709 2.371093 2.376360 3.384334 2.392561 2.384109 1.257471 1.386317 1.384279 2.402932 3.411247 3.374811 2.401530 1.411381 1.395002 0.414119 0.426884 1.465859 2.466827 3.456479 3.463243 4.460725 4.460475 3.460413 3.464733 2.456735 3.449754 4.446447 4.450863 5.441948 5.425916 4.417830 3.436714 4.388210 5.402481 4.443979 4.482188 4.470635 4.442924 4.428617 3.427323 2.433654 0.430169 0.466933 1.467792 0.364874 0.045135 0.032333 0.034357 0.034357 0.032333
7.378507 6.378105 5.378924 5.378023 4.377764 3.371792 1.386514 2.388805 2.382889 1.382159 2.385522 3.389825 5.410533 4.395566 4.379771 2.408760 2.406067 3.415615 3.399344 2.417171 2.423732 2.412639 1.418135 1.428706 1.443924 2.468060 3.460577 3.456223 3.461438 3.456324 4.455986 3.459146 3.455701 2.458308 3.459856 4.450405 4.448755 3.456395 3.447339 3.441050 3.438519 3.434264 4.447855 4.445628 4.454010 4.427945 4.424858 3.416264 2.430857 1.426828 0.032333 0.032333 0.477739 0.455490 0.472807 0.472103 0.045719 0.075467 0.032333
6.377396 5.378810 5.378425 5.378717 5.374796 3.376933 2.379689 3.385338 3.380307 2.378247 1.382162 2.395772 5.417325 5.401639 5.404318 3.409127 3.406511 3.398267 1.417501 1.422678 2.427058 2.421704 2.420380 2.408975 1.441572 3.476967 3.463470 3.458749 3.455510 2.464503 2.464072 3.467706 3.462932 3.468500 3.461208 3.453681 2.460387 3.458889 3.448779 3.441059 3.436579 3.432976 4.450608 4.447387 4.451492 3.450239 3.414607 2.414015 2.414000 1.419667 0.032333 0.032333 0.504353 0.478768 1.504236 1.485439 0.476641 0.606953 0.327723
4.378904 5.380057 5.379189 5.379467 5.377881 4.379526 4.379102 4.377725 3.378703 2.373531 1.382594 2.396098 4.413175 4.400452 5.420404 5.404705 4.386573 2.410067 0.417001 1.430354 1.431793 2.432567 2.422118 2.410668 1.445958 3.479562 3.461595 2.461066 2.466654 2.466505 2.466242 3.468133 4.471486 4.464300 3.465331 3.454389 2.466671 2.463208 3.468778 3.451630 4.492152 5.534495 5.518731 5.511464 4.471568 4.456647 2.437045 1.420761 1.392113 1.389768 0.479989 0.518821 1.568781 1.530526 1.523959 2.538789 1.461401 0.677645 0.724371
3.378665 5.383025 5.379882 5.380765 5.378551 4.380304 4.382483 4.380550 3.377223 2.381656 2.380134 2.384334 2.397882 2.394070 4.426473 4.391184 1.414028 0.032333 0.418847 0.410598 1.424679 2.425379 2.411275 1.421524 1.446613 3.474450 2.464650 2.452038 1.465926 2.468089 2.465687 2.462059 3.465235 4.456131 3.463900 3.454084 2.464426 2.459439 3.462246 4.469925 5.474269 6.450283 6.438124 5.455204 4.394787 3.441401 2.397669 1.363218 0.473974 0.443972 0.478922 1.545571 1.535893 1.522106 1.503747 0.510573 0.057890 0.114195 0.145312
3.376866 4.380269 4.378049 4.378769 4.376768 4.378296 4.381067 4.380262 4.379526 3.379222 3.370653 2.377598 0.032333 0.349187 1.417901 1.407885 0.375209 0.032333 0.391842 0.392121 0.328108 0.358814 0.359120 0.032333 1.459440 1.465522 1.458349 0.467821 1.468911 1.467281 2.469674 2.461499 2.457805 3.464058 3.458302 3.446224 2.465413 3.470697 4.459498 5.458026 5.444871 5.437310 5.470908 5.439557 3.467650 3.430480 1.413960 0.493708 0.487336 0.032333 0.032333 0.543764 1.551066 1.529415 0.415954 0.046903 0.045135 0.076105 0.073495
4.373981 3.377921 3.378050 3.379241 4.378595 3.378645 3.381388 4.381636 4.376713 3.376996 3.377215 1.380618 0.032333 0.032333 0.416379 0.445132 0.032333 0.034357 0.408167 0.032771 0.055912 0.037144 0.032333 0.032333 0.468515 0.472945 0.469560 0.472743 0.475628 1.469280 2.469913 1.464760 1.466522 2.468714 2.462276 2.461076 2.467745 3.475412 4.458638 4.447316 4.442010 4.465710 5.500195 5.455281 4.540170 3.438462 1.511813 1.599362 1.576027 0.572423 0.570176 1.540592 1.545250 1.525378 0.402229 0.068492 0.032333 0.131386 0.104548
5.374905 4.375149 3.375350 2.376581 3.375481 2.376905 2.379877 3.379176 3.373328 2.372693 1.376855 0.325342 0.034357 0.420485 0.427604 0.425998 0.032333 0.034357 0.038151 0.055912 0.032333 0.045135 0.361370 1.469088 1.481840 1.477906 1.469768 1.486127 1.487204 2.465206 2.476698 1.460143 1.462235 1.454176 1.452005 1.451258 2.463581 2.460369 3.448156 3.436241 3.429660 4.466338 5.496302 5.445637 4.536457 4.547743 3.586665 2.610058 2.585524 1.572022 1.566768 1.543563 1.553159 1.532587 0.039968 0.045135 0.032333 0.139551 0.113519
