use_cases/Flooding_chicago/flooding_data/output/hUx_840.asc
ncols 337
nrows 393
xllcorner 428428.000000
yllcorner 4602440.000000
cellsize 26.757400
NODATA_value -9999.000000
[rows 156 to 181 of 393, columns 236 to 294 of 337]
0.005107 0.004769 0.001918 -0.000095 0.000000 0.009118 0.494065 0.308467 0.200509 0.059984 0.033248 0.000000 0.111776 0.108706 0.054439 0.016330 0.004158 0.026085 0.214859 0.106789 -0.007485 -0.009345 -0.022372 -0.013156 -0.048487 -0.057821 -0.018813 -0.025150 -0.018706 -0.032760 -0.030531 -0.000230 0.000104 0.000768 0.020165 -0.063965 -0.486124 -0.066498 -0.026801 -0.001794 0.001404 -9999.000000 -9999.000000 -9999.000000 -9999.000000 -9999.000000 -9999.000000 -9999.000000 -9999.000000 -9999.000000 -9999.000000 -9999.000000 -9999.000000 -9999.000000 -9999.000000 -9999.000000 -9999.000000 -9999.000000 -9999.000000
0.002704 -0.001467 -0.040085 -0.011959 0.000000 0.013540 0.458461 0.478859 0.455615 0.484254 0.475706 0.207604 0.191715 0.128081 -0.000665 0.000065 0.000709 0.007721 0.283751 0.369994 0.332538 -0.004095 -0.094374 -0.043334 -0.029307 -0.029524 -0.025366 -0.000902 -0.000816 -0.000626 -0.000994 -0.000222 0.000222 0.009969 0.835848 0.315852 -0.174853 -0.089601 -0.032904 -0.001583 0.001573 -9999.000000 -9999.000000 -9999.000000 -9999.000000 -9999.000000 -9999.000000 -9999.000000 -9999.000000 -9999.000000 -9999.000000 -9999.000000 -9999.000000 -9999.000000 -9999.000000 -9999.000000 -9999.000000 -9999.000000 -9999.000000
0.017680 0.061838 0.005133 -0.004393 -0.000852 0.001180 0.009793 0.108857 0.097999 0.066001 0.137774 0.018861 -0.000515 -0.000551 -0.000510 0.000410 0.000779 0.010446 -0.195000 -0.146267 -0.108139 -0.300151 -0.075122 -0.048845 -0.041760 -0.036006 -0.020700 -0.000990 -0.000313 0.000453 0.000772 0.000465 0.000282 0.340573 -0.038260 -0.019146 0.026017 -0.006896 -0.011345 -0.000376 0.000376 -9999.000000 -9999.000000 -9999.000000 -9999.000000 -9999.000000 -9999.000000 -9999.000000 -9999.000000 -9999.000000 -9999.000000 -9999.000000 -9999.000000 -9999.000000 -9999.000000 -9999.000000 -9999.000000 -9999.000000 -9999.000000
0.014708 0.011345 -0.043787 -0.021903 -0.001056 0.000240 0.001170 0.002358 0.001177 0.021109 0.015679 -0.000391 0.000316 0.000452 0.000392 0.000429 0.000474 0.001310 -0.312303 -0.433639 -0.274221 -0.354669 -0.039545 -0.030621 -0.029724 -0.030300 -0.014869 -0.000037 0.000545 0.000584 0.017389 -0.056646 -0.157748 -0.327384 -0.321696 -0.225485 -0.381178 -0.040116 -0.012279 -0.000723 0.000723 -9999.000000 -9999.000000 -9999.000000 -9999.000000 -9999.000000 -9999.000000 -9999.000000 -9999.000000 -9999.000000 -9999.000000 -9999.000000 -9999.000000 -9999.000000 -9999.000000 -9999.000000 -9999.000000 -9999.000000 -9999.000000
0.036355 0.089952 0.039343 -0.053043 -0.008609 -0.000232 0.000524 0.011762 0.054799 0.014933 0.079338 -0.000008 0.007280 0.098505 0.035892 0.046017 0.041388 0.056890 0.027586 -0.280389 -0.351199 -0.450766 -0.540616 -0.079608 -0.054935 -0.009277 -0.001003 0.000110 0.011703 0.009671 0.073713 0.058247 0.046362 0.010939 -0.446221 -0.512008 -0.010441 -0.002777 -0.004261 -0.000376 0.000376 0.000966 -9999.000000 -9999.000000 -9999.000000 -9999.000000 -9999.000000 -9999.000000 -9999.000000 -9999.000000 -9999.000000 -9999.000000 -9999.000000 -9999.000000 -9999.000000 -9999.000000 -9999.000000 -9999.000000 -9999.000000
0.468385 -0.077949 -0.228336 -0.345961 -0.022389 -0.000392 0.000072 0.001564 0.025167 0.402658 0.568396 0.054526 -0.026865 -0.059447 0.035067 0.103785 0.097676 0.071211 0.000010 0.000163 0.002616 0.003368 -0.071587 -0.126592 -0.105265 -0.076083 -0.014999 -0.007325 0.004264 0.016189 0.061533 0.052401 0.049217 -0.031780 -0.034446 -0.010656 -0.001782 -0.002337 0.000826 0.000656 0.011566 0.009360 -9999.000000 -9999.000000 -9999.000000 -9999.000000 -9999.000000 -9999.000000 -9999.000000 -9999.000000 -9999.000000 -9999.000000 -9999.000000 -9999.000000 -9999.000000 -9999.000000 -9999.000000 -9999.000000 -9999.000000
-0.400275 -0.218584 -0.053651 0.121802 0.198919 -0.000272 -0.000297 0.000070 0.319430 0.155528 0.226000 0.189026 0.240212 0.273732 0.164913 -0.051616 -0.000346 -0.000161 0.000334 0.000536 0.004842 0.004023 -0.090842 -0.176591 -0.116553 -0.081056 -0.026820 -0.063018 -0.007354 0.000021 0.020087 0.157086 0.070375 -0.033001 -0.043183 -0.014273 -0.001077 -0.000746 0.000759 0.004252 0.011266 0.007114 -9999.000000 -9999.000000 -9999.000000 -9999.000000 -9999.000000 -9999.000000 -9999.000000 -9999.000000 -9999.000000 -9999.000000 -9999.000000 -9999.000000 -9999.000000 -9999.000000 -9999.000000 -9999.000000 -9999.000000
-0.115658 -0.115459 -0.076299 -0.042191 -0.055225 -0.052680 -0.053341 0.000002 0.062300 -0.099185 0.053628 0.193613 0.236358 0.197025 0.183158 -0.000626 0.000451 0.036947 0.562400 0.968681 0.425912 0.313252 0.169876 -0.023164 -0.009079 -0.006616 -0.001874 -0.000891 -0.000447 0.000580 0.009788 0.034245 0.199543 0.042856 -0.027621 -0.002758 -0.003797 -0.009282 0.000037 0.014332 0.014749 0.027564 -9999.000000 -9999.000000 -9999.000000 -9999.000000 -9999.000000 -9999.000000 -9999.000000 -9999.000000 -9999.000000 -9999.000000 -9999.000000 -9999.000000 -9999.000000 -9999.000000 -9999.000000 -9999.000000 -9999.000000
0.111375 -0.016516 -0.121773 -0.387403 -0.850962 -0.093871 -0.099506 -0.099998 -0.110537 -0.316642 -0.189521 -0.049981 -0.012827 0.029750 0.066867 -0.000810 0.000784 0.042949 0.196131 -0.046606 -0.076601 -0.145767 -0.339969 -0.059901 -0.084198 -0.054097 -0.013903 -0.001077 0.000074 0.001113 0.002292 0.001347 0.012092 0.065214 -0.014150 -0.086766 -0.113209 -0.011992 -0.009360 0.008480 0.012738 0.026801 -9999.000000 -9999.000000 -9999.000000 -9999.000000 -9999.000000 -9999.000000 -9999.000000 -9999.000000 -9999.000000 -9999.000000 -9999.000000 -9999.000000 -9999.000000 -9999.000000 -9999.000000 -9999.000000 -9999.000000
0.374036 0.131229 0.160169 0.011787 0.000667 -0.000337 -0.031725 -0.044030 -0.076755 -0.103013 -0.076111 -0.116632 -0.219912 -0.175994 -0.000628 -0.000314 0.000591 0.030097 0.020798 -0.498004 -0.320846 -0.233184 -0.125451 -0.195166 -0.074216 -0.047228 -0.018461 -0.000939 0.000722 0.019463 0.119536 0.000041 0.015520 0.559819 0.321004 -0.024899 -0.042894 -0.012384 -0.010296 0.006368 0.013820 0.007805 0.003601 -9999.000000 -9999.000000 -9999.000000 -9999.000000 -9999.000000 -9999.000000 -9999.000000 -9999.000000 -9999.000000 -9999.000000 -9999.000000 -9999.000000 -9999.000000 -9999.000000 -9999.000000 -9999.000000
0.094496 0.103145 0.129283 0.053670 -0.010419 -0.003310 0.007448 0.008075 0.006043 -0.048064 -0.124918 -0.204459 -0.921549 -0.321965 -0.257240 -0.100534 -0.032244 -0.000136 0.000094 0.000288 -0.000590 -0.002819 -0.006651 -0.064643 -0.017971 -0.006876 -0.000757 -0.000165 0.000639 0.014431 0.053896 0.016666 0.000000 0.010440 0.180687 0.115514 -0.007068 -0.000709 -0.000064 0.000665 0.011559 0.009428 0.004090 -9999.000000 -9999.000000 -9999.000000 -9999.000000 -9999.000000 -9999.000000 -9999.000000 -9999.000000 -9999.000000 -9999.000000 -9999.000000 -9999.000000 -9999.000000 -9999.000000 -9999.000000 -9999.000000
-0.017339 -0.040442 -0.042558 -0.057436 -0.019990 -0.005229 0.016804 0.012038 0.005385 0.001844 0.000651 -0.126085 -0.215966 -0.245532 -0.189534 -0.169964 -0.010782 -0.000399 0.000323 0.000556 0.001444 0.015633 0.053806 -0.064822 -0.005821 -0.000363 0.000150 0.000796 0.000786 0.001934 0.028224 0.000201 0.001540 0.003475 0.003302 -0.010448 -0.007100 -0.000778 -0.000407 0.000519 0.000573 0.000526 0.001288 -9999.000000 -9999.000000 -9999.000000 -9999.000000 -9999.000000 -9999.000000 -9999.000000 -9999.000000 -9999.000000 -9999.000000 -9999.000000 -9999.000000 -9999.000000 -9999.000000 -9999.000000 -9999.000000
-0.011124 -0.013786 -0.015299 -0.022648 -0.023116 -0.015438 0.002923 -0.000630 -0.000107 0.000104 0.000607 0.002849 0.002721 -0.067145 -0.068760 -0.102004 -0.016389 -0.000618 0.000055 0.000637 0.004832 0.003710 -0.037916 -0.008925 -0.000519 0.000059 -0.000008 -0.000643 -0.001307 0.000092 0.017921 0.013502 -0.001226 0.001185 0.001788 -0.008049 -0.000688 -0.000443 -0.000942 -0.012701 -0.006690 0.000011 0.001006 -9999.000000 -9999.000000 -9999.000000 -9999.000000 -9999.000000 -9999.000000 -9999.000000 -9999.000000 -9999.000000 -9999.000000 -9999.000000 -9999.000000 -9999.000000 -9999.000000 -9999.000000 -9999.000000
0.008076 0.019620 -0.003744 -0.012728 -0.034485 -0.134041 -0.025482 -0.002857 -0.000251 0.000436 0.002574 0.014271 0.022614 -0.021314 -0.058738 -0.065659 -0.003847 -0.003247 -0.004332 0.000015 0.005108 0.005674 0.003818 0.002765 0.000692 0.082177 -0.110395 -0.089684 -0.000357 0.000519 0.007346 0.004870 -0.000496 0.000454 0.007450 0.093118 0.030440 -0.000193 -0.000361 -0.006883 -0.006146 -0.000131 0.000149 0.001266 -9999.000000 -9999.000000 -9999.000000 -9999.000000 -9999.000000 -9999.000000 -9999.000000 -9999.000000 -9999.000000 -9999.000000 -9999.000000 -9999.000000 -9999.000000 -9999.000000 -9999.000000
0.027483 0.073319 0.026575 0.240402 0.064177 -0.069482 -0.084793 -0.021264 -0.000357 0.000508 0.025204 0.045615 -0.054309 -0.116358 -0.160770 -0.238481 -0.265852 -0.274152 -0.021167 -0.001857 -0.004497 0.003297 0.005076 0.003000 0.127463 0.061401 0.066918 0.036262 -0.000152 0.000169 0.009146 0.009498 0.005237 0.001321 -0.001228 0.012171 0.026093 0.007010 -0.001691 -0.017529 -0.014603 -0.002660 0.000002 0.006997 -9999.000000 -9999.000000 -9999.000000 -9999.000000 -9999.000000 -9999.000000 -9999.000000 -9999.000000 -9999.000000 -9999.000000 -9999.000000 -9999.000000 -9999.000000 -9999.000000 -9999.000000
0.045135 0.203284 0.314030 0.263212 -0.007788 -0.002153 -0.018264 -0.013696 -0.000599 0.001366 0.026280 0.061348 0.528343 0.480458 0.053598 -0.037496 -0.113564 -0.101065 -0.222684 -0.066171 0.000000 0.005551 0.003896 0.052799 0.050248 0.196791 0.252020 0.201072 0.090967 0.048912 0.042408 0.053760 0.007314 0.000959 0.000478 0.072543 0.147234 0.241284 0.428329 0.245162 -0.036271 -0.013217 0.000000 0.002086 0.001175 -9999.000000 -9999.000000 -9999.000000 -9999.000000 -9999.000000 -9999.000000 -9999.000000 -9999.000000 -9999.000000 -9999.000000 -9999.000000 -9999.000000 -9999.000000 -9999.000000
0.051102 0.172443 0.242298 -0.018850 -0.000083 0.000235 0.000806 -0.002264 -0.000327 0.003064 0.013358 0.027721 0.058398 0.385987 0.131508 -0.036726 0.000108 -0.140847 -0.312017 -0.071724 -0.002409 0.003209 0.092476 0.103639 0.111666 0.094741 0.057116 0.031567 0.000000 0.041306 0.167780 0.555566 0.648523 0.566875 0.474140 0.271700 0.132364 0.009905 -0.024687 -0.044281 -0.272563 -0.003572 -0.001548 -0.000293 0.000092 0.000575 -9999.000000 -9999.000000 -9999.000000 -9999.000000 -9999.000000 -9999.000000 -9999.000000 -9999.000000 -9999.000000 -9999.000000 -9999.000000 -9999.000000 -9999.000000
0.065786 0.015127 -0.037587 -0.009207 0.000000 0.005027 0.017386 -0.000605 -0.003206 0.000000 0.003929 0.042126 0.102377 0.062797 0.007020 -0.003823 0.000283 0.000363 -0.000662 -0.001662 -0.000265 0.000756 0.002846 -0.000326 0.000208 0.004308 0.071473 0.029261 0.014596 0.008465 0.188261 2.073106 0.446485 0.370711 0.871320 0.614800 0.467168 0.147988 -0.190007 -0.231064 -0.381842 -0.042268 -0.024546 -0.006034 -0.000003 0.000276 -9999.000000 -9999.000000 -9999.000000 -9999.000000 -9999.000000 -9999.000000 -9999.000000 -9999.000000 -9999.000000 -9999.000000 -9999.000000 -9999.000000 -9999.000000
-0.000282 -0.000243 -0.000520 -0.000786 -0.000270 0.000121 -0.003325 -0.005692 -0.005439 0.000000 0.017074 0.063612 0.023571 0.007574 0.000230 0.000094 0.003595 0.001495 0.000139 -0.000349 0.001171 0.002901 0.013967 0.004501 0.000003 0.016200 0.145463 0.080189 0.071569 0.282356 0.418396 0.289305 0.103805 0.000273 0.106174 0.186626 0.357449 0.238478 0.175181 0.087963 0.093613 -0.036178 -0.020320 -0.006364 -0.000208 0.000326 0.004012 0.007168 -9999.000000 -9999.000000 -9999.000000 -9999.000000 -9999.000000 -9999.000000 -9999.000000 -9999.000000 -9999.000000 -9999.000000 -9999.000000
-0.000858 -0.000000 0.000858 0.013464 -0.195521 -0.310735 -0.022187 -0.003522 -0.002043 0.004115 0.022664 0.090286 0.031042 -0.000401 0.000521 0.007403 0.006198 -0.000317 0.000404 0.003119 0.003674 0.005175 0.003399 0.002797 0.000000 0.018218 0.240603 0.597107 0.116397 0.069551 0.038449 0.005848 0.003323 0.002766 0.004678 0.138520 0.120832 0.059053 0.029178 0.017856 -0.042794 -0.470698 -0.362596 -0.021066 -0.000106 0.000121 0.007326 0.009023 -9999.000000 -9999.000000 -9999.000000 -9999.000000 -9999.000000 -9999.000000 -9999.000000 -9999.000000 -9999.000000 -9999.000000 -9999.000000
-0.005478 0.000000 0.005478 0.286116 -0.168553 -0.215870 -0.506185 -0.069411 -0.027378 0.000018 0.014878 0.132821 -0.001646 -0.001017 0.001469 0.004676 -0.000441 0.000126 0.000657 -0.000643 -0.002379 0.000000 0.010969 0.076413 0.024205 0.013158 0.134580 0.366308 0.075009 0.056725 -0.000030 0.000820 0.000752 0.006277 0.024720 0.006765 0.102068 -0.011418 -0.009496 0.016038 -0.009582 -0.133011 -0.085923 -0.001517 -0.000031 0.000158 0.007349 0.249808 0.000000 -9999.000000 -9999.000000 -9999.000000 -9999.000000 -9999.000000 -9999.000000 -9999.000000 -9999.000000 -9999.000000 -9999.000000
-0.053497 -0.000335 -0.000722 -0.136644 -0.009220 0.044154 -0.478960 -0.033747 -0.000608 0.000438 0.014136 0.119439 -0.002279 -0.003599 -0.000360 0.000360 0.007515 0.018300 0.024815 -0.028475 -0.011096 0.000000 0.011355 0.054846 0.020373 0.009586 0.124913 0.038789 -0.002972 -0.111072 -0.000826 0.000245 0.000745 0.011538 0.025611 0.039035 0.427105 0.358841 0.283405 0.276568 0.224602 0.210199 0.081589 0.061507 0.002142 -0.213539 -0.239906 -0.228361 -0.121149 0.000000 -9999.000000 -9999.000000 -9999.000000 -9999.000000 -9999.000000 -9999.000000 -9999.000000 -9999.000000 -9999.000000
0.015456 -0.212600 -0.718923 -0.187272 -0.000208 -0.060697 -0.104094 -0.012046 -0.000848 0.000974 0.010204 0.051130 -0.030161 -0.009188 -0.000360 0.000360 0.012111 0.258309 -0.357081 -0.538142 -0.053487 -0.001018 0.001843 0.022281 0.154318 0.075707 0.043652 0.013427 -0.025314 -0.114278 -0.000767 -0.000334 0.000595 0.000766 0.010971 0.036968 0.443450 0.563813 0.408533 0.329393 0.268388 0.248605 0.033392 -0.014488 0.127238 0.400821 0.503008 0.464379 0.129659 0.099891 0.047472 -9999.000000 -9999.000000 -9999.000000 -9999.000000 -9999.000000 -9999.000000 -9999.000000 -9999.000000
0.292588 -0.012505 -0.529840 -0.213740 -0.002565 -0.005688 -0.031856 -0.021998 -0.000914 0.001352 0.012004 0.063846 -0.025172 -0.017754 -0.000130 0.000130 0.323658 -0.096512 -0.127033 -0.332693 -0.002160 -0.000758 0.002429 0.057798 0.042846 0.030522 0.164846 0.238746 0.295650 0.214292 0.205392 0.037101 0.018162 0.000019 0.024330 0.075634 0.792626 0.214713 0.162455 -0.000003 0.000563 -0.000336 0.000013 0.130717 0.236043 0.215313 0.207898 -0.011427 -0.000494 -0.000346 0.000945 -9999.000000 -9999.000000 -9999.000000 -9999.000000 -9999.000000 -9999.000000 -9999.000000 -9999.000000
0.529786 0.268379 -0.054335 -0.001184 -0.000884 -0.002710 -0.004185 -0.002270 -0.001171 0.002360 0.072972 0.265047 0.097290 -0.002098 -0.000225 0.000556 -0.029881 -0.082627 -0.176888 -0.655935 -0.010715 0.000000 0.011484 0.015863 0.143766 0.071310 0.270854 0.038809 0.036390 0.058123 0.060188 0.155706 0.141491 0.075272 0.043850 0.029121 -0.591428 -0.210715 -0.000653 -0.000107 0.000201 0.000421 0.000552 0.100076 0.146958 -0.047723 -0.000797 -0.000000 0.000797 0.001257 -0.000525 0.000000 -9999.000000 -9999.000000 -9999.000000 -9999.000000 -9999.000000 -9999.000000 -9999.000000
0.117670 0.128298 -0.211944 -0.005571 0.000000 -0.008777 -0.030322 -0.010744 -0.000330 0.000396 0.011229 0.063013 0.063217 -0.029670 -0.000400 0.000641 0.097951 0.211850 0.178671 -0.294212 -0.011698 0.000000 0.010728 0.013130 0.002311 0.155770 0.335317 0.040946 0.025532 -0.028684 -0.024546 -0.008743 -0.006270 -0.090832 0.000000 0.084247 0.041249 -0.105730 -0.000403 0.000318 0.006318 0.000013 0.092892 0.429268 0.422857 0.078009 -0.001138 -0.000000 0.001138 0.001419 -0.001213 -9999.000000 -9999.000000 -9999.000000 -9999.000000 -9999.000000 -9999.000000 -9999.000000 -9999.000000
