use_cases/Flooding_chicago/flooding_data/output/hUx_2760.asc
ncols 337
nrows 393
xllcorner 428428.000000
yllcorner 4602440.000000
cellsize 26.757400
NODATA_value -9999.000000
[rows 208 to 233 of 393, columns 236 to 294 of 337]
0.000473 0.003726 0.009953 0.009508 0.026509 0.017347 0.976131 0.350515 1.615524 3.027286 1.915112 1.846782 1.703642 3.151937 2.940873 2.490325 1.883404 0.881829 0.695793 0.595548 0.408883 1.118267 1.083903 1.186421 1.142245 0.840612 1.638089 1.724790 1.052830 0.525129 0.400234 0.136256 -0.038637 -0.068992 0.000000 0.010185 0.022385 0.417411 0.378857 0.527079 0.611514 0.758761 0.442736 0.088077 0.029002 -0.017856 0.000013 0.056939 0.218507 0.168631 0.295508 0.747734 0.986820 0.877216 0.959286 0.972543 0.752464 0.481643 1.003867
0.106836 0.003342 0.000123 0.003858 0.038418 0.494780 1.440706 1.589880 2.855525 2.701967 2.998917 2.057884 1.838719 2.911729 2.513662 1.981210 2.256639 1.606899 1.434968 1.577790 0.619975 1.393716 1.246809 1.201905 1.074608 1.955560 1.609026 2.020672 1.269276 0.817067 0.585833 0.266815 0.022888 0.026386 0.012456 0.078868 0.347771 0.154531 0.344713 0.591435 0.617748 0.333901 0.011259 -0.148403 -0.080560 -0.056417 -0.000058 0.011670 0.005421 0.069148 -0.011153 -0.117600 -0.127309 0.001113 0.000876 0.001057 0.001154 0.000739 0.016712
0.531864 0.609540 0.793633 0.791525 2.070683 3.651778 3.016564 4.046235 3.375942 2.872408 2.713727 1.731533 0.340098 0.852329 0.698633 1.048429 1.125912 1.384161 1.609043 2.127812 2.626895 1.918221 2.026275 1.508546 1.123065 1.862283 1.463208 1.222006 0.934647 1.179920 0.483787 0.458877 0.015074 0.023054 0.021181 0.117331 0.525656 0.267654 0.238005 0.111340 -0.073604 -0.169799 -0.116868 -0.116847 -0.065434 -0.048705 -0.000326 0.000208 0.003194 0.003517 -0.009942 -0.022967 0.005505 -0.000955 -0.000559 0.000223 0.000778 0.000896 0.007247
3.004138 2.528379 2.981731 3.213285 2.853311 3.295616 2.509429 2.097313 1.667889 2.035410 2.553947 1.267635 1.226207 1.052906 0.151270 0.100077 0.067610 0.456906 0.543204 0.653831 0.431396 0.243515 0.154093 0.494781 0.439842 0.936067 0.817237 0.791674 0.636045 0.351076 0.212225 0.008507 -0.004711 -0.000270 0.000473 0.004958 0.172487 0.660334 0.271123 -0.093937 -0.140150 -0.107340 -0.093922 -0.142965 -0.100179 -0.076041 -0.088062 0.000003 0.006470 0.008949 0.007249 -0.180670 -0.014358 -0.001545 -0.000411 0.000871 0.000952 0.000931 0.007260
2.301122 1.820408 0.987735 0.894536 0.646371 0.815666 0.584060 0.546216 0.606875 0.957680 0.692079 1.226807 0.651716 0.582987 0.150167 0.090023 0.043113 0.258427 0.107655 0.077985 -0.000072 0.000416 0.044691 0.326212 0.873081 0.680087 0.743453 0.766962 0.672896 0.494880 0.355457 -0.069606 -0.000965 -0.000000 0.000965 0.167817 0.155692 0.121999 0.119706 0.094056 0.455557 0.268614 0.279660 0.342424 0.209655 0.069373 0.028778 0.033640 0.130661 0.111204 0.110498 0.012760 0.003773 -0.000516 0.000275 0.004725 0.006574 0.005844 0.006535
2.122776 1.695707 0.946540 0.891553 0.757482 0.534972 0.799061 0.608632 0.598443 0.546075 0.305963 0.336793 0.226454 0.267979 0.103299 0.745146 0.669880 0.971882 0.658936 0.261595 0.001262 0.100016 0.090974 0.111712 0.137572 0.371093 0.575623 0.641721 0.538845 0.449178 0.034785 0.015060 -0.000473 0.000270 0.010128 0.194888 0.162118 0.194964 0.235990 1.076766 0.852926 0.894523 0.631693 0.862530 0.490659 0.367521 0.036646 0.035253 0.055131 0.031633 0.036257 0.014188 0.006857 0.005760 -0.001951 -0.000667 0.001191 0.001982 -9999.000000
2.093650 1.564343 1.687252 0.898600 0.781820 0.638871 0.414106 0.605485 0.349640 0.019765 0.016734 0.002941 0.143526 0.281608 0.069185 0.389609 0.314407 0.340411 0.200543 0.227319 0.000045 0.158495 0.619041 1.409809 0.920886 0.848581 0.916735 0.901369 0.696399 0.568504 0.038964 0.018228 0.210477 0.000375 0.321919 0.767256 1.205710 1.568525 1.580520 1.624921 1.258635 1.334558 1.021017 1.216448 0.625430 0.533854 0.035013 0.034508 0.020246 0.013667 0.007084 0.005375 -9999.000000 -9999.000000 -9999.000000 -9999.000000 -9999.000000 -9999.000000 -9999.000000
-0.045507 0.238847 0.593339 0.545716 0.554368 0.497695 0.408627 0.270536 0.153745 0.094867 -0.001058 0.000001 0.001051 0.050730 0.076103 0.139292 1.015244 1.142035 1.388914 1.141933 0.685636 0.503034 0.652344 1.468915 0.697253 0.900523 0.526985 0.103180 0.510681 0.547477 0.607322 0.685057 0.919246 1.057831 0.889468 1.285615 0.889108 1.052858 0.880783 0.235207 0.970410 0.849038 1.017260 0.692715 0.642675 0.292678 -0.062388 -0.000222 0.000222 -9999.000000 -9999.000000 -9999.000000 -9999.000000 -9999.000000 -9999.000000 -9999.000000 -9999.000000 -9999.000000 -9999.000000
0.036954 0.234872 0.270344 0.323882 0.324280 0.302381 0.257802 0.201314 0.171488 0.120601 -0.010289 0.000000 0.010213 0.048733 0.107975 0.126530 0.043661 0.101331 0.638726 0.498314 0.488627 0.373303 0.319403 0.501708 1.024508 0.624303 0.483336 0.080605 0.044454 0.572479 0.592647 0.650337 0.831538 0.995308 1.681231 1.152678 0.838696 0.567304 0.311289 0.237615 0.838566 0.821205 0.714764 0.711137 0.391031 0.031481 0.010260 0.011276 -9999.000000 -9999.000000 -9999.000000 -9999.000000 -9999.000000 -9999.000000 -9999.000000 -9999.000000 -9999.000000 -9999.000000 -9999.000000
0.085660 0.049598 0.020192 0.010690 0.014777 0.102719 0.066519 0.030673 0.002224 -0.001457 -0.002575 0.000624 0.002438 -0.052620 -0.053881 -0.000360 0.000360 0.046082 0.526655 0.351739 0.174212 0.239433 0.310654 0.158281 0.070912 0.164322 0.001004 0.000685 0.001173 0.001100 0.205820 0.214077 0.223233 0.011115 -0.002518 -0.066724 -0.328055 -0.201906 0.162197 1.442648 1.315472 0.881556 0.686429 0.288859 0.006369 0.012092 -9999.000000 -9999.000000 -9999.000000 -9999.000000 -9999.000000 -9999.000000 -9999.000000 -9999.000000 -9999.000000 -9999.000000 -9999.000000 -9999.000000 -9999.000000
0.192407 -0.001881 0.000553 0.003162 0.078589 0.142181 -0.039028 -0.122904 -0.176608 -0.219055 -0.001314 -0.000972 -0.035641 -0.264465 -0.243562 -0.000360 0.000360 0.115296 0.890394 0.026247 0.153770 0.319557 0.343967 0.193838 0.110815 0.058376 0.404546 0.007853 0.003084 0.001696 0.000871 0.127919 0.131275 0.091145 0.035448 0.009937 -0.072462 0.083714 0.195819 0.642861 0.298138 -0.013263 -0.540121 -0.078674 -0.000208 0.000326 -9999.000000 -9999.000000 -9999.000000 -9999.000000 -9999.000000 -9999.000000 -9999.000000 -9999.000000 -9999.000000 -9999.000000 -9999.000000 -9999.000000 -9999.000000
0.010385 0.004928 0.005206 0.008858 0.048464 0.031738 0.021149 -0.167527 -0.253811 -0.330968 -0.341502 -0.200490 0.020348 0.034465 0.122396 0.404082 0.632168 1.364381 0.913882 0.653016 0.091208 0.073571 0.082061 0.207384 0.761836 0.859083 1.101404 1.159327 1.061466 0.927549 0.846005 1.692733 0.405243 0.007196 0.002659 0.001348 0.009675 0.241766 0.208530 0.000507 0.155340 0.184348 0.250391 0.235092 -0.000003 -9999.000000 -9999.000000 -9999.000000 -9999.000000 -9999.000000 -9999.000000 -9999.000000 -9999.000000 -9999.000000 -9999.000000 -9999.000000 -9999.000000 -9999.000000 -9999.000000
0.008990 0.061586 0.014752 0.012415 0.018452 0.014950 0.041862 0.023001 0.030919 0.001825 -0.000757 -0.039931 -0.146119 -0.088379 0.138694 0.333065 0.491490 0.392605 0.947326 0.008804 0.019276 0.008372 0.065718 0.196256 0.229807 -0.033535 0.002053 0.000792 0.354763 0.387234 0.495461 0.944067 0.752948 -0.000262 0.000383 0.000863 0.008907 1.222816 0.547186 0.008333 0.372820 0.393793 0.476860 0.394499 -9999.000000 -9999.000000 -9999.000000 -9999.000000 -9999.000000 -9999.000000 -9999.000000 -9999.000000 -9999.000000 -9999.000000 -9999.000000 -9999.000000 -9999.000000 -9999.000000 -9999.000000
0.012789 0.002920 0.001365 0.017864 0.028095 0.032684 0.019907 0.009651 0.012453 0.001224 0.001846 0.061594 0.427132 0.089313 0.025699 0.054062 0.000297 0.317771 0.247813 0.000019 0.004517 0.003094 0.047514 0.102462 0.137990 0.052118 -0.001391 0.000120 0.002553 0.002824 0.022246 0.016084 1.033861 1.091740 1.400305 1.849894 3.191016 2.479144 1.974665 2.034980 0.975873 0.743626 0.659371 0.000000 -9999.000000 -9999.000000 -9999.000000 -9999.000000 -9999.000000 -9999.000000 -9999.000000 -9999.000000 -9999.000000 -9999.000000 -9999.000000 -9999.000000 -9999.000000 -9999.000000 -9999.000000
0.219786 -0.000371 0.000558 0.016099 0.030458 0.037771 0.010102 0.001088 -0.000208 0.000326 0.017746 0.017509 0.096005 0.797953 0.968774 0.212194 0.451924 0.621581 -0.000356 0.000569 0.078284 0.097893 0.078398 0.041071 0.096435 0.153025 -0.017803 -0.000189 0.000557 0.010854 0.125513 0.059762 0.383116 1.603755 1.479995 1.727115 1.524045 1.000261 0.861831 0.694149 0.719969 0.336319 0.000850 -9999.000000 -9999.000000 -9999.000000 -9999.000000 -9999.000000 -9999.000000 -9999.000000 -9999.000000 -9999.000000 -9999.000000 -9999.000000 -9999.000000 -9999.000000 -9999.000000 -9999.000000 -9999.000000
0.122800 0.059109 0.000020 -0.001152 -0.001337 -0.000326 0.000208 0.035243 -0.000003 0.031460 0.045519 0.048185 0.035111 0.335588 0.755402 0.390183 0.099252 -0.034027 -0.000462 0.001680 0.018274 0.044862 0.056174 0.044468 0.104472 0.058588 -0.000046 0.000959 0.001375 0.022813 0.185253 0.085657 0.539755 1.449041 0.982557 0.240012 0.162670 0.070694 0.192555 0.140372 0.275174 0.195640 0.000000 -9999.000000 -9999.000000 -9999.000000 -9999.000000 -9999.000000 -9999.000000 -9999.000000 -9999.000000 -9999.000000 -9999.000000 -9999.000000 -9999.000000 -9999.000000 -9999.000000 -9999.000000 -9999.000000
0.162596 0.134727 0.060293 0.040134 0.026560 0.018645 0.000003 0.129099 0.250346 0.263240 0.094501 0.092486 0.085403 0.601629 0.614331 0.408089 0.217068 -0.001918 0.001640 0.004526 0.002546 0.004526 0.022001 0.045063 0.051314 0.031376 0.012699 0.004194 0.035882 0.025312 0.242768 1.466668 2.431128 0.837302 0.518767 0.306905 -0.000631 0.001218 0.010476 0.401581 0.438124 0.135074 0.001771 -9999.000000 -9999.000000 -9999.000000 -9999.000000 -9999.000000 -9999.000000 -9999.000000 -9999.000000 -9999.000000 -9999.000000 -9999.000000 -9999.000000 -9999.000000 -9999.000000 -9999.000000 -9999.000000
0.321675 0.257994 0.318649 0.300273 0.326827 0.448919 0.518486 0.583334 0.634309 0.687850 0.767457 0.921049 1.236472 1.232778 1.021917 -0.003198 -0.001880 0.003771 0.010043 0.009063 0.022263 0.037158 0.009432 0.084900 0.094302 0.061040 0.164123 0.139601 0.094284 0.046803 0.256302 1.167125 1.515673 0.360371 0.002096 -0.000299 -0.000923 0.002893 0.002178 0.043478 0.085725 -0.071874 0.000082 -9999.000000 -9999.000000 -9999.000000 -9999.000000 -9999.000000 -9999.000000 -9999.000000 -9999.000000 -9999.000000 -9999.000000 -9999.000000 -9999.000000 -9999.000000 -9999.000000 -9999.000000 -9999.000000
0.088536 0.115438 0.206469 0.290355 0.298991 0.383037 0.477183 0.394242 0.441537 0.470127 0.742573 0.795008 1.144062 0.869381 0.038555 0.013996 0.011029 0.018835 0.020177 0.014875 0.005047 0.010976 0.005899 0.110998 0.122883 0.073174 0.128038 0.104597 0.061029 0.027162 0.240352 0.260717 0.238256 0.114495 -0.000633 -0.000295 0.000017 0.001306 0.002082 0.016759 0.073010 0.000155 -9999.000000 -9999.000000 -9999.000000 -9999.000000 -9999.000000 -9999.000000 -9999.000000 -9999.000000 -9999.000000 -9999.000000 -9999.000000 -9999.000000 -9999.000000 -9999.000000 -9999.000000 -9999.000000 -9999.000000
0.258965 0.000748 0.066602 0.109722 0.239349 0.318820 0.371815 0.410329 0.415725 0.404856 0.553880 0.439353 0.429910 0.037058 0.006560 -0.005801 0.015284 0.030267 0.028001 0.013375 0.047132 0.082312 0.184751 0.107531 -0.000420 0.000361 0.008347 0.125193 0.507487 0.392250 0.278605 0.125750 -0.003196 -0.003570 -0.000847 -0.000025 0.000829 0.007138 0.006239 0.012472 0.007085 0.003290 -9999.000000 -9999.000000 -9999.000000 -9999.000000 -9999.000000 -9999.000000 -9999.000000 -9999.000000 -9999.000000 -9999.000000 -9999.000000 -9999.000000 -9999.000000 -9999.000000 -9999.000000 -9999.000000 -9999.000000
0.030734 0.010416 0.002720 0.169220 0.644993 -0.015868 -0.040906 0.016040 0.100090 0.614068 0.543069 0.381765 0.273107 -0.000248 0.000079 0.001093 0.065303 0.054942 0.032598 0.046347 0.022514 0.023895 0.009842 0.075874 -0.001021 0.000742 0.000862 0.020941 0.013533 0.025247 -0.082090 -0.068421 -0.002110 -0.005660 -0.001600 -0.000171 0.001583 0.011071 0.009223 0.014941 0.007790 0.003051 -9999.000000 -9999.000000 -9999.000000 -9999.000000 -9999.000000 -9999.000000 -9999.000000 -9999.000000 -9999.000000 -9999.000000 -9999.000000 -9999.000000 -9999.000000 -9999.000000 -9999.000000 -9999.000000 -9999.000000
0.004116 0.001827 0.000882 0.072584 0.178873 0.006006 0.002832 0.348830 0.109861 0.058932 0.036512 0.035177 0.024624 -0.000360 0.000360 0.010649 0.180577 -0.000121 0.034166 0.087406 0.061362 0.020965 0.007665 0.123797 0.017093 0.000032 0.006698 0.084311 0.044239 0.560724 0.494524 0.251387 0.117044 -0.052572 -0.000962 -0.000483 0.000418 0.000856 0.000823 0.003011 -9999.000000 -9999.000000 -9999.000000 -9999.000000 -9999.000000 -9999.000000 -9999.000000 -9999.000000 -9999.000000 -9999.000000 -9999.000000 -9999.000000 -9999.000000 -9999.000000 -9999.000000 -9999.000000 -9999.000000 -9999.000000 -9999.000000
-0.000115 0.000530 0.160314 0.147089 0.100800 0.057824 0.112751 0.102848 0.066106 0.052346 0.046957 0.052567 0.041068 -0.000360 0.000360 0.010714 0.011950 -0.005027 0.000000 0.026490 0.585542 1.061638 1.506227 2.136891 2.509953 2.480036 3.147722 2.595387 2.196469 2.803013 2.114293 1.872194 0.932054 0.831308 0.025229 -0.073631 -0.008915 -0.000282 0.000425 -9999.000000 -9999.000000 -9999.000000 -9999.000000 -9999.000000 -9999.000000 -9999.000000 -9999.000000 -9999.000000 -9999.000000 -9999.000000 -9999.000000 -9999.000000 -9999.000000 -9999.000000 -9999.000000 -9999.000000 -9999.000000 -9999.000000 -9999.000000
0.228646 0.265448 0.286649 0.234494 0.174881 0.100114 0.074650 -0.044082 -0.199106 -0.142844 -0.021560 0.100750 0.087325 -0.001125 0.000213 0.001276 0.011094 0.003768 0.000000 0.012215 0.593039 0.832925 0.971357 1.297285 1.630805 1.752383 2.752588 3.425284 2.518177 3.233900 1.931053 1.893525 1.187311 1.274307 1.133997 1.440479 -0.000403 -9999.000000 -9999.000000 -9999.000000 -9999.000000 -9999.000000 -9999.000000 -9999.000000 -9999.000000 -9999.000000 -9999.000000 -9999.000000 -9999.000000 -9999.000000 -9999.000000 -9999.000000 -9999.000000 -9999.000000 -9999.000000 -9999.000000 -9999.000000 -9999.000000 -9999.000000
0.461227 0.196299 0.255837 0.235790 0.192180 0.095274 0.279283 0.245456 0.282480 0.244419 0.271576 0.056009 -0.000488 0.000215 -0.028526 -0.028323 0.231623 0.136994 0.109665 0.310503 0.311943 0.162391 0.251476 0.381724 0.283220 0.107776 0.141703 1.234650 0.914143 1.141644 0.770334 1.665153 1.056140 1.245337 1.150018 -9999.000000 -9999.000000 -9999.000000 -9999.000000 -9999.000000 -9999.000000 -9999.000000 -9999.000000 -9999.000000 -9999.000000 -9999.000000 -9999.000000 -9999.000000 -9999.000000 -9999.000000 -9999.000000 -9999.000000 -9999.000000 -9999.000000 -9999.000000 -9999.000000 -9999.000000 -9999.000000 -9999.000000
0.806222 0.187567 0.253479 0.225675 0.187189 0.493473 1.047398 0.722080 0.594145 0.570175 0.133345 -0.000137 0.000554 0.243827 0.463220 0.432531 0.746299 0.523353 0.148715 0.116520 0.052903 0.262261 0.287654 0.401755 0.319542 0.136653 0.124473 0.059347 0.342619 0.030616 0.027322 0.580112 0.769288 1.072923 1.048915 -9999.000000 -9999.000000 -9999.000000 -9999.000000 -9999.000000 -9999.000000 -9999.000000 -9999.000000 -9999.000000 -9999.000000 -9999.000000 -9999.000000 -9999.000000 -9999.000000 -9999.000000 -9999.000000 -9999.000000 -9999.000000 -9999.000000 -9999.000000 -9999.000000 -9999.000000 -9999.000000 -9999.000000
