use_cases/Flooding_chicago/flooding_data/output/hUx_3480.asc
ncols 337
nrows 393
xllcorner 428428.000000
yllcorner 4602440.000000
cellsize 26.757400
NODATA_value -9999.000000
[rows 104 to 129 of 393, columns 236 to 294 of 337]
1.490591 1.584209 1.859759 1.609757 1.728767 2.121963 1.580148 1.071662 0.480292 -0.033173 0.285941 1.261072 1.470745 1.845076 1.574323 0.776161 -0.136302 -0.000043 -0.000059 0.000068 0.000040 -0.658900 -1.649232 -0.559073 0.008249 0.016283 0.125309 0.498471 0.222991 0.234499 0.629625 0.883603 0.946602 1.344703 5.664420 6.847277 7.729057 7.168118 5.128596 5.146203 4.067153 3.578632 3.567936 2.361552 1.421999 0.754762 0.399378 -0.000346 0.000000 0.000399 0.280787 0.382327 -0.033365 -0.007412 -0.059265 -0.007071 -0.001114 -0.000000 0.000398
1.386801 1.582675 1.951134 1.800040 2.119995 2.183011 1.377132 1.227207 0.318491 -0.095263 0.417102 1.386224 1.690861 1.916048 1.867978 0.932705 0.023807 0.005281 -0.000038 0.000030 0.000034 0.109330 0.238821 0.056819 0.030458 0.047011 0.044646 0.479858 0.009380 0.071701 1.281664 2.231750 2.536940 4.816201 5.323276 5.539629 6.505307 5.020848 4.660543 5.152096 4.134543 3.573141 2.405059 1.246372 0.557403 -0.043892 -0.766512 -0.000135 0.000000 0.001186 0.008755 -0.000005 -0.000001 0.000000 -0.000022 -0.001634 -0.001337 -0.000001 0.000004
0.578013 0.700345 0.953883 1.255185 1.307263 0.951797 0.819047 0.726819 0.384805 0.786983 1.053627 2.299659 2.190964 2.107898 1.742947 0.261025 -0.186059 -0.000299 -0.000009 0.000010 0.000436 1.158677 0.570087 0.398327 0.428934 0.587558 0.737558 0.795403 0.087070 0.039008 1.550848 2.894444 2.969298 4.313592 4.616979 3.831634 3.901661 6.982775 5.580423 4.738770 3.772309 2.495199 1.303058 0.062836 -0.215911 -0.237151 -0.025867 -0.000000 0.000000 0.000685 0.000008 -0.000345 -0.000002 0.000001 0.000001 -0.000001 -0.000006 -0.000016 -0.000000
0.695436 0.902542 1.079373 1.300913 1.021448 1.097229 0.794764 0.602219 0.633635 0.827627 1.645653 2.704366 2.808569 1.866186 1.469942 -0.026405 -0.110864 -0.000199 -0.000000 0.000339 0.166967 0.634843 0.770473 0.612218 0.650896 0.744201 1.333182 1.598779 1.477190 1.742051 2.953457 2.856429 5.080760 5.600940 5.449944 4.338963 4.388826 5.376674 3.668056 2.826782 1.818250 0.784607 0.294836 0.460782 0.050979 -0.104828 -0.032823 -0.000003 0.000003 -0.000001 -0.000012 -0.001026 -0.000212 -0.000000 0.000000 0.000194 0.000730 0.000010 0.000000
0.816954 1.153401 1.341816 1.194184 1.137544 0.871819 0.758472 0.746547 0.849215 1.165237 1.633861 2.216651 1.599231 1.047159 -0.082187 -0.021938 -0.038815 -0.050674 -0.000000 0.091673 0.438442 1.349393 1.051369 0.720768 0.865692 1.080823 2.681019 3.104901 3.190857 5.397738 5.862399 3.984650 5.949320 6.323118 5.699232 4.295460 3.989358 3.307012 2.709141 3.405296 1.680980 0.455331 0.428755 0.361894 -1.065447 -1.693125 -0.035401 -0.000003 0.000003 -0.000011 -0.000052 -0.000041 -0.000524 -0.000116 0.000000 0.000268 0.000508 0.000566 0.000039
0.539437 0.712819 0.800606 0.756598 0.721798 0.490260 0.290342 0.048192 -0.072976 0.077828 0.544047 0.822615 0.623399 0.470783 -0.073402 -0.039809 0.001243 0.031171 0.068517 0.504061 0.991645 1.085466 0.697817 0.861887 1.061768 2.514253 3.488351 5.236607 4.997492 5.805416 6.289383 6.710465 6.216706 5.164350 4.514033 4.308351 2.191030 2.905628 2.403239 2.813768 0.500314 0.354072 0.489176 0.194556 -0.168837 -0.289463 -0.066761 -0.000002 -0.000003 -0.000063 -0.000665 -0.000285 -0.000075 -0.000002 0.000001 0.000163 0.000173 0.000890 0.011321
0.222698 0.177375 0.235377 0.356755 0.471329 0.471460 0.284884 0.080136 -0.073474 -0.061889 0.120407 0.235393 -0.135464 -0.436164 -0.084992 -0.044011 0.059104 0.070726 0.112332 0.755209 1.064117 1.040105 1.101947 1.591604 3.117768 4.397269 4.771660 5.299465 6.156331 5.619710 6.076435 6.206676 5.431277 4.271492 3.589101 2.047775 1.973638 1.872028 2.544610 1.513214 0.216540 0.083931 -0.024882 -0.076799 -0.179376 -0.364219 -0.166734 -0.000005 -0.000011 -0.000010 -0.000017 -0.000004 -0.000322 -0.000127 -0.000000 0.000004 0.000411 0.001139 0.018261
0.335874 0.220789 0.172434 0.255414 0.255305 0.161254 -0.016367 -0.201225 -0.382326 -0.287784 -0.080030 -0.302031 -0.254478 -0.343737 -0.267822 0.021670 0.261398 0.442926 0.689147 0.792756 1.806528 1.882399 2.326138 3.164224 3.762889 4.728959 5.250847 4.968154 5.335871 4.563791 4.973248 3.095404 2.435500 1.922563 1.800928 1.914199 3.049061 3.282078 1.870298 1.434285 1.673891 0.384002 0.040266 -0.043864 -0.095276 -0.175113 -0.174876 -0.000017 -0.000025 -0.000011 -0.000023 -0.001414 -0.000751 -0.000175 -0.000001 -0.000000 0.000001 0.000495 0.020566
1.008182 1.183761 1.338171 1.241297 1.181215 1.029112 0.842630 0.651450 0.497898 0.268663 -0.173917 -1.056823 -0.450307 -0.144720 0.291413 0.520515 0.701994 0.759133 0.688353 1.511992 2.511477 3.058099 3.514396 3.795589 4.093427 3.847628 4.061550 3.285011 3.370864 3.357606 2.450595 1.223347 1.916181 1.458791 1.601822 3.469539 4.815614 3.398464 2.905708 2.862761 1.583799 0.681774 0.113139 -0.060316 -0.126849 -0.190180 -0.303666 -0.307844 0.185745 0.140072 0.055272 -0.006396 -0.003521 -0.000580 -0.000388 -0.000001 -0.000003 0.000006 0.001375
1.085458 1.117041 1.129938 1.053286 0.963588 0.805453 0.826003 0.726671 0.555633 0.369055 -0.312968 -0.132686 -0.137372 0.000044 0.346768 0.469822 0.850224 1.131652 1.504609 2.037842 3.061422 3.120553 2.959361 2.994820 2.690853 2.567709 3.212975 2.289925 1.717936 1.839499 1.200317 1.330052 2.106430 1.484155 2.759813 5.029720 4.410039 4.196154 2.409990 2.033730 0.284105 0.098065 -0.001860 -0.024713 -0.000615 0.000000 -0.354536 -0.354700 -0.446827 -0.445478 -0.477981 -0.615526 -0.025714 -0.007419 0.015380 0.020308 -0.024489 -0.000323 0.000074
1.096532 1.185414 1.071301 0.912382 0.606052 0.520684 0.222581 0.033509 -0.204436 -0.632763 -0.230536 -0.079454 0.140582 0.579804 0.756950 1.499495 2.031521 2.337132 2.867850 3.082470 3.166769 3.473542 3.529407 3.490270 3.131123 3.069342 2.939306 2.557913 2.233941 1.626159 1.839009 1.407233 2.641736 2.565763 2.492364 3.157326 2.213716 0.957460 0.433883 0.245734 -0.000576 -0.000010 -0.000030 -0.000043 0.000005 0.000000 -0.351305 -0.778135 -0.971424 -0.811895 -0.812382 -0.667468 -0.042769 -0.008769 -0.072573 -0.072100 -0.038362 -0.000070 0.000016
1.039272 0.744961 0.471508 0.519827 0.438840 0.316902 0.056758 -0.239131 -0.466621 -0.466473 -0.196020 0.039816 0.582901 1.117107 1.316279 2.185671 2.779364 2.953026 3.403491 3.729206 3.397917 3.753553 3.569294 3.676131 3.643991 3.403825 3.306446 2.497662 2.155903 2.356115 2.386919 2.332400 1.419080 1.880750 0.802432 0.682000 -0.300280 -0.385667 -0.135163 -0.007175 -0.000743 -0.000027 0.000028 -0.002212 -0.000699 0.000000 0.000173 0.226598 -0.179552 -0.166240 -0.136477 -0.185827 -0.022014 -0.004496 -0.002506 -0.002293 -0.005269 -0.000001 -9999.000000
1.006123 0.699563 0.659572 0.752675 0.635495 0.381584 0.054004 -0.031580 -0.528811 -0.613274 -0.080240 0.676458 1.467944 2.111564 2.565254 2.781563 3.582119 4.320436 4.215052 4.100621 4.289840 4.183049 4.048570 4.023866 3.868647 3.526134 3.505282 2.391885 2.653644 2.425622 2.043652 1.708580 0.788527 0.213287 -0.948886 -0.377753 -0.097758 -0.020057 -0.008646 -0.003829 -0.000135 -0.000365 0.000104 0.000002 -0.000070 0.000000 0.000272 0.011285 0.498797 0.285746 0.217683 0.071254 -0.375813 -0.000003 -0.000003 0.000004 0.000002 -9999.000000 -9999.000000
1.530081 0.892937 0.686956 0.569430 0.096289 -0.260318 -0.000302 0.000000 0.205854 -0.020485 0.743677 1.712530 2.787523 3.573778 3.992790 4.462957 3.846755 4.425877 4.802392 4.903572 5.885903 5.010115 4.965492 4.953567 4.816412 3.637269 3.354268 2.003713 1.574423 1.062031 0.493885 -0.128070 -0.333595 -0.476160 -1.430605 -0.723261 -0.260272 -0.014673 -0.001432 -0.004129 -0.028020 -0.006592 -0.000005 0.000003 0.000004 0.000001 0.000008 0.013020 0.038047 0.700991 0.703755 0.568956 -0.000423 -0.000199 -0.000000 -9999.000000 -9999.000000 -9999.000000 -9999.000000
2.213778 1.005459 0.657164 0.425271 0.125783 -0.264566 -0.000857 0.000000 0.211381 0.662523 1.187208 1.700263 2.440956 3.631541 4.148163 3.809853 3.979883 4.851973 5.194854 5.746526 5.748102 5.568843 5.012961 5.101387 4.080983 3.579255 3.281466 2.727666 1.976096 1.013273 0.726733 0.173516 -0.072831 -0.951802 -1.196987 -1.382762 -0.566635 -0.025539 -0.001660 -0.000441 -0.002064 -0.002745 -0.000003 0.000002 0.016194 0.091871 0.043578 0.026316 0.042412 0.662513 -0.001623 0.000026 -0.000014 0.000000 -9999.000000 -9999.000000 -9999.000000 -9999.000000 -9999.000000
2.610951 1.324004 0.976280 0.749906 0.664156 0.326813 -0.002100 0.000000 0.002160 1.358710 2.416090 3.122880 3.157349 3.851753 3.673048 3.588335 4.258677 4.355078 4.824347 4.994959 3.908888 4.091722 4.112295 3.171168 3.191143 2.331207 2.992773 1.785881 0.782713 0.351430 -0.259319 -0.262036 -0.359440 -0.645419 -0.611857 -0.687973 -0.540679 -0.775780 -0.269692 -0.084719 -0.004506 -0.010046 -0.003504 0.002368 0.009248 0.006407 0.000791 0.015168 0.044310 0.286056 -0.020091 -0.000765 0.000000 -9999.000000 -9999.000000 -9999.000000 -9999.000000 -9999.000000 -9999.000000
0.130044 -0.010904 -0.148988 -0.350845 -0.204271 -0.243390 -0.000085 0.000014 0.334562 2.142701 2.873911 2.931062 3.215598 3.359368 4.157660 4.304056 4.214357 4.288853 4.330289 3.929973 2.881403 2.830348 2.545142 1.583441 0.852695 0.359652 -0.204761 -0.001746 0.000000 0.000785 0.006008 -0.029916 -0.084141 -0.174657 -0.551761 -0.421237 -0.524655 -0.533756 -0.142289 -0.071095 -0.112399 -0.016889 -0.047735 -0.027843 0.013723 0.009222 0.000000 0.000415 0.005772 0.000374 0.000174 0.000295 -9999.000000 -9999.000000 -9999.000000 -9999.000000 -9999.000000 -9999.000000 -9999.000000
0.023280 -0.004089 -0.046139 -0.479192 -0.445891 -0.000003 -0.000004 0.276162 1.223397 3.131124 3.610995 3.602829 3.554989 3.403724 3.213668 4.350545 3.505279 3.181041 2.958969 2.286257 1.335577 1.166145 1.073495 0.812270 -0.016024 -0.004789 -0.003662 -0.000174 0.000015 0.000037 0.000423 0.002392 -0.000057 -0.221169 -0.904285 -1.347936 -1.238794 -0.238564 -0.025145 -0.005156 -0.010375 -0.010643 -0.046041 -0.055876 -0.081941 -0.000843 0.000000 0.001519 0.006723 0.001197 0.000543 0.000666 -9999.000000 -9999.000000 -9999.000000 -9999.000000 -9999.000000 -9999.000000 -9999.000000
-0.000003 -0.000001 0.000001 0.000002 -0.000001 0.000002 0.000866 0.574058 1.150099 2.236029 3.011386 3.331808 3.296177 3.747335 3.555218 3.322597 3.468203 3.272888 2.889379 2.034887 1.326849 0.899936 0.747206 0.095592 -0.018655 -0.010088 -0.005300 -0.000383 -0.000082 -0.000003 0.000007 0.000005 0.000003 -0.102408 -0.766288 -2.939121 -1.786283 -0.479349 -0.055768 0.000925 0.015531 0.020300 0.086351 0.072661 -0.050887 -0.001392 0.000000 0.002330 0.005108 0.000235 0.000610 0.000201 -9999.000000 -9999.000000 -9999.000000 -9999.000000 -9999.000000 -9999.000000 -9999.000000
-0.000178 -0.000023 -0.000001 0.000011 0.000018 0.000249 0.001557 0.856098 1.304366 2.391152 3.288704 3.704606 3.669047 4.093604 3.898484 3.485325 3.599286 3.346636 2.462947 1.991401 1.238649 0.678011 0.395091 0.033936 -0.012286 -0.002662 -0.000046 -0.000152 -0.000033 -0.000113 -0.000001 0.000000 0.000013 0.021830 -0.201063 -3.237607 -2.331884 -0.508604 -0.020791 0.011466 0.016629 0.011007 -0.000017 -0.000014 -0.000003 -0.000004 0.000003 0.000142 0.000048 0.000011 0.000021 -9999.000000 -9999.000000 -9999.000000 -9999.000000 -9999.000000 -9999.000000 -9999.000000 -9999.000000
-0.007552 -0.000821 0.000000 0.000058 0.000033 0.000278 0.001441 0.805118 1.295028 2.823357 3.556260 5.040335 5.177123 4.864911 4.617202 3.813361 3.626882 2.908929 2.758575 2.078455 1.336835 0.635925 -0.352488 -1.982753 -0.001704 -0.001031 -0.000610 -0.000035 -0.000162 -0.000007 -0.000000 0.000007 0.000320 0.043765 0.024508 -2.410655 -3.230661 -0.959989 -0.099948 0.018086 -0.013609 -0.006307 -0.001672 -0.000005 -0.000006 -0.000000 0.000398 0.001359 0.000000 0.000005 -9999.000000 -9999.000000 -9999.000000 -9999.000000 -9999.000000 -9999.000000 -9999.000000 -9999.000000 -9999.000000
-0.003692 -0.001022 0.000000 0.000418 0.000912 0.001159 0.001101 1.083727 1.411218 3.523925 5.778090 5.873353 5.368370 4.697019 3.883677 3.376866 2.578625 2.092299 2.156359 2.107777 1.890519 1.251299 0.914204 -0.040405 -0.000640 -0.000124 -0.000000 0.000011 0.000021 -0.000007 -0.000000 0.000007 0.000214 0.055059 0.137360 -1.181069 -4.622962 -3.729690 -0.335014 -0.001431 -0.005533 -0.006026 -0.002680 -0.000020 -0.000050 -0.000001 0.000275 0.000517 0.000037 -9999.000000 -9999.000000 -9999.000000 -9999.000000 -9999.000000 -9999.000000 -9999.000000 -9999.000000 -9999.000000 -9999.000000
-0.000002 0.000003 0.000025 0.000631 0.001090 -0.002056 0.065019 2.365232 3.361646 4.531889 4.848392 4.260633 3.852098 3.011092 0.961270 0.242606 -0.282755 -0.886507 -1.051040 -1.340919 -1.515367 -0.016824 -0.002449 -0.001263 -0.000327 0.000000 0.000131 0.000513 0.000029 0.174772 0.185351 0.129974 0.207637 0.086491 0.023278 0.019813 -1.825312 -2.850178 -1.502847 -0.018454 -0.013311 -0.011125 -0.002436 -0.010714 -0.000988 -0.000043 0.000004 0.000028 -9999.000000 -9999.000000 -9999.000000 -9999.000000 -9999.000000 -9999.000000 -9999.000000 -9999.000000 -9999.000000 -9999.000000 -9999.000000
0.000006 0.000437 0.031981 0.211914 -0.334612 -0.688626 0.358555 1.447635 4.060199 5.239687 4.148196 3.601323 2.851125 1.359630 0.423967 0.114120 -0.169193 -0.595355 -0.585256 -0.678365 -0.292708 -0.038429 -0.002993 -0.001234 -0.000218 0.000000 0.000177 0.000491 0.160759 0.165151 -0.000001 0.000000 0.000001 0.000014 0.000065 0.006739 -0.572875 -1.202468 -0.768715 -0.020808 -0.007447 -0.002212 -0.004136 -0.013776 -0.000872 -0.000021 0.000006 -9999.000000 -9999.000000 -9999.000000 -9999.000000 -9999.000000 -9999.000000 -9999.000000 -9999.000000 -9999.000000 -9999.000000 -9999.000000 -9999.000000
0.000087 0.001039 0.041392 0.240088 1.523687 1.380302 1.635381 1.558565 4.043277 5.972919 2.494336 -0.262812 -1.801072 -0.078684 0.023716 0.209003 0.223413 0.169717 0.031181 -0.758814 -0.240544 -0.087645 -0.003159 -0.002775 -0.000447 0.000000 0.001728 0.066521 0.038325 -0.001209 -0.000007 0.000001 0.000007 0.000564 0.001858 0.020406 -0.640256 -1.286743 -1.323022 -0.007139 -0.001959 -0.004431 -0.005465 -0.017591 -0.000722 -0.000108 0.000015 0.000090 -9999.000000 -9999.000000 -9999.000000 -9999.000000 -9999.000000 -9999.000000 -9999.000000 -9999.000000 -9999.000000 -9999.000000 -9999.000000
0.000582 0.000169 0.090980 0.115194 0.124635 0.164598 0.495632 1.897275 3.918541 4.708512 1.989680 -0.287064 -0.081361 0.082894 0.114632 0.192345 -0.032058 -0.067422 -0.123553 -0.164592 -0.211511 -0.062114 -0.006752 -0.001998 -0.000050 0.000047 0.001317 0.034459 0.006410 -0.002205 -0.000009 0.000004 0.000008 0.001293 0.003429 0.029297 -0.752918 -1.154312 -0.675810 -0.005028 -0.002999 -0.029727 -0.020834 -0.017883 -0.017110 -0.000006 0.000015 0.000125 -9999.000000 -9999.000000 -9999.000000 -9999.000000 -9999.000000 -9999.000000 -9999.000000 -9999.000000 -9999.000000 -9999.000000 -9999.000000
