use_cases/Flooding_chicago/flooding_data/output/hUx_2100.asc
ncols 337
nrows 393
xllcorner 428428.000000
yllcorner 4602440.000000
cellsize 26.757400
NODATA_value -9999.000000
[rows 286 to 311 of 393, columns 59 to 117 of 337]
-0.043173 -0.139373 -0.170680 -0.199482 -0.202457 -0.163389 -0.083730 -0.057424 -0.039551 -0.002990 -0.018794 -0.059664 -0.134127 -0.025891 -0.010667 -0.000393 0.000378 0.009049 0.022984 0.074298 -0.041051 -0.009051 -0.000208 0.000326 0.011006 0.011622 0.076838 0.031795 0.058412 0.031220 0.057885 0.038160 -0.000360 0.000360 0.101190 0.099071 0.075525 0.037460 0.023723 0.089375 0.142428 0.117561 -0.034744 -0.182390 -0.233013 -0.299693 -0.275688 -0.277843 -0.270979 -0.205754 -0.213846 -0.085420 -0.136100 -0.210651 -0.235834 -0.415806 -0.457690 -0.531072 -0.134668
-0.109527 -0.248546 -0.266685 -0.282912 -0.261866 -0.204484 -0.114980 -0.136246 -0.176471 -0.246007 -0.586683 -0.291553 -0.114870 -0.002200 -0.001129 0.000059 0.000439 0.000890 0.020477 0.481828 0.161254 -0.022453 -0.005080 0.000007 0.007230 0.017658 0.075793 0.037499 0.029052 0.109231 0.089932 0.060878 -0.000360 0.000360 0.100879 0.217275 0.177675 0.137133 0.121092 0.170207 0.186023 0.156799 0.134933 -0.013675 -0.129785 -0.171634 -0.250077 -0.233728 -0.252052 -0.273485 -0.118342 -0.031887 -0.073049 -0.125374 -0.236284 -0.278652 -0.275095 -0.303329 -0.309676
0.136203 -0.212257 -0.456059 -0.642130 -0.664159 -0.654916 -0.394167 -0.401128 -0.522047 -0.363301 -0.583170 -0.183112 -0.056960 -0.000593 -0.000150 0.000133 0.000260 0.018109 0.523171 0.224716 0.140756 -0.297298 -0.006861 0.000000 0.011021 0.022035 0.236110 0.004380 0.007094 0.097350 0.090732 0.057098 0.026179 0.422960 1.379083 0.796033 0.558263 0.336414 0.466674 0.311554 0.262594 0.173583 0.141508 0.029600 0.019233 0.056774 0.027518 -0.022284 -0.048209 -0.121382 -0.135500 -0.049934 -0.057286 -0.095628 -0.128043 -0.240804 -0.234178 -0.277453 -0.328707
-0.784459 -1.271433 -1.125540 -1.020571 -0.549978 -0.415183 -0.228804 -0.126054 -0.135625 -0.151247 -0.123043 -0.312850 -0.056469 -0.000340 -0.000122 0.000323 0.026824 0.617241 0.567296 0.823604 0.801997 0.784067 0.379377 0.221280 0.077821 0.513902 0.095855 0.003571 0.166528 0.170067 0.103880 0.732792 0.962161 0.920533 1.198963 0.673580 0.418962 0.242448 0.152499 0.083390 0.048401 0.009395 0.010691 0.012960 0.020324 0.123205 0.122375 0.033806 -0.047034 -0.162797 -0.216266 -0.074055 -0.061966 -0.019285 -0.055530 -0.066861 -0.048147 -0.052720 -0.135699
-0.813355 -0.769734 -0.830705 -0.336266 -0.255794 -0.001271 0.000248 0.083312 0.081082 0.099556 0.138104 0.215602 0.082247 -0.000029 -0.000545 -0.000362 0.005721 0.198394 0.398719 0.699989 0.523664 0.825778 0.415283 0.257579 0.777810 0.790817 1.722870 0.538891 0.437932 0.312553 0.822252 0.645899 0.541023 0.004964 0.003416 -0.000198 0.000473 0.365849 0.223184 -0.058707 -0.205441 -0.124942 -0.050067 0.065859 0.134246 0.184262 0.129689 0.044865 -0.045345 -0.074755 -0.139523 -0.101692 -0.079174 -0.011672 -0.003475 -0.037787 -0.040492 -0.006755 -0.017743
-0.236873 -0.197654 -0.153497 -0.001446 -0.000799 -0.000042 0.000752 0.056066 0.018334 0.093500 0.182513 0.133222 0.244137 0.408053 0.401348 -0.000887 0.001880 0.223220 0.466887 -0.001321 0.001296 0.309801 0.289467 0.816800 0.794661 0.877372 1.486978 1.315206 0.484686 0.348023 0.182772 0.749928 0.012896 0.007548 0.004618 0.002234 0.001164 0.200388 0.225403 0.270912 0.249049 0.488454 0.369116 0.334532 0.437028 0.399558 0.238046 0.193627 0.186387 0.122422 0.124020 0.060219 0.047659 0.029685 0.009211 -0.041716 -0.045719 -0.011613 -0.000003
-0.079072 0.224052 0.250057 0.339172 0.292377 0.722873 -0.003737 -0.000122 0.000790 0.057375 0.053295 -0.000341 0.000738 0.001489 0.287552 0.300672 0.345160 0.309605 0.259126 -0.001563 -0.000401 0.001425 0.182591 0.694105 0.351209 0.001943 0.172572 0.210535 0.242899 0.212124 0.121021 0.597846 0.011380 0.008831 0.005749 0.340312 0.502653 0.547047 0.487015 0.453792 0.364663 0.670177 0.500295 0.445754 0.417190 0.665316 0.317200 0.256782 0.258561 0.183917 0.150826 0.038931 -0.019029 -0.003162 0.003326 -0.008672 -0.014482 -0.010783 -0.000208
0.462890 0.702206 0.890834 0.343564 0.240021 0.057360 -0.028203 -0.001333 -0.001127 -0.000000 0.001127 0.001333 0.005592 0.004637 0.212107 0.219397 0.214663 0.188868 0.000000 -0.054198 -0.001550 0.001015 0.132200 0.430213 0.150835 0.000326 0.071427 0.092849 0.118244 0.119507 0.748976 0.788400 0.009275 0.007620 0.004186 0.246702 0.366199 1.196661 0.509856 0.514292 1.122352 0.751694 0.448103 0.286527 0.211683 0.174149 0.141425 0.160969 0.101276 0.051661 0.026384 0.001887 -0.021733 -0.011828 0.019014 0.032105 0.168832 -0.001439 -0.000832
0.705133 0.836756 0.976250 0.420562 0.271617 -0.023707 -0.029951 -0.002768 -0.002807 0.000000 0.002807 0.002768 0.026147 0.270883 0.228876 0.251991 0.221732 0.184664 0.000000 -0.067012 -0.003304 0.000690 0.000817 0.020417 0.872696 0.000010 0.120707 0.396489 0.180821 0.034832 0.403231 0.249302 0.005433 0.003640 0.266764 0.264401 0.838303 0.509008 0.538321 0.531133 0.412616 0.184785 0.073322 0.019191 -0.014033 -0.037089 -0.022522 -0.050919 -0.100115 -0.148226 -0.169346 -0.118888 -0.117011 -0.111103 -0.139615 -0.107846 -0.151314 -0.163708 -0.131922
0.786899 1.033558 1.227092 0.482304 0.188179 -0.190108 -0.016809 -0.002202 -0.002724 0.000000 0.002724 0.002202 -0.047110 0.101507 0.176661 0.220217 0.121678 0.054974 -0.022719 -0.139554 -0.023839 -0.000322 0.000407 0.009986 0.028402 0.119791 -0.127611 -0.210475 -0.205972 0.024629 0.018264 0.204181 0.210681 0.000314 0.243060 0.596025 0.613390 0.738820 0.495448 0.424734 -0.001217 -0.000224 0.000859 0.002401 0.001883 0.010218 0.006880 0.005114 0.019069 -0.177020 -0.192848 -0.116836 -0.093506 -0.012022 0.013743 -0.062409 -0.114610 -0.000473 0.000270
0.201220 0.342618 1.026369 0.637028 0.137796 -0.170883 -0.493932 -0.012713 -0.001072 -0.000000 0.001072 0.045831 0.412129 0.171466 0.148312 0.194814 0.090606 -0.006889 -0.088284 -0.206921 -0.029457 -0.000418 0.000592 0.003334 0.001682 0.062802 -0.009934 -0.021147 0.004674 0.011409 0.161263 0.242011 0.392368 0.501906 0.497805 0.815788 0.664864 0.587626 0.203933 0.001386 -0.002992 0.000060 0.006618 0.007591 0.003795 0.014475 0.010624 0.010922 0.009502 0.013044 -0.063314 -0.059157 -0.059158 -0.055562 -0.043571 -0.057535 -0.046539 -0.000965 0.000000
0.704521 0.199528 0.250694 0.243231 0.041381 0.035039 0.046534 -0.038861 -0.108767 -0.012666 0.003365 0.012061 0.097734 -0.079683 -0.162486 -0.081906 -0.056514 -0.130698 -0.216551 -0.010800 -0.000438 0.000259 0.000920 0.001851 0.020818 0.093225 0.487696 0.696509 0.744668 0.753083 0.615993 0.418851 0.465468 0.451484 0.671152 0.565657 0.157784 -0.020226 -0.022372 -0.001318 -0.000568 0.001186 0.012802 0.010076 0.119903 0.063711 0.065425 0.108611 0.138072 0.064827 -0.165450 -0.250424 -0.312938 -0.330079 -0.343511 -0.454613 -0.111558 -0.109982 -0.000270
0.345673 0.311024 0.204045 0.012770 -0.098842 -0.085618 -0.140077 -0.164823 -0.120249 -0.015008 -0.004474 0.008219 0.002597 0.001015 0.004249 0.003244 -0.006606 -0.019562 -0.001716 -0.003194 -0.000009 0.008271 0.023977 0.395149 0.000412 0.000059 0.000296 0.062522 0.726763 0.705845 0.615019 0.437772 0.474297 0.724065 0.572224 0.480871 0.128584 -0.072453 -0.042279 -0.003083 -0.001597 0.002679 0.002651 0.021952 0.264374 0.147345 0.112006 0.068144 0.019685 -0.000694 -0.242229 -0.314536 -0.358873 -0.637036 -0.516966 -0.134576 -0.158921 -0.172173 -0.156032
-0.210787 -0.150993 -0.040505 0.063024 0.125521 0.095480 -0.088370 -0.468719 -0.007922 -0.001385 -0.000808 0.000302 0.000427 0.001220 0.026728 0.153570 0.051495 0.027008 0.016277 -0.001490 0.001283 0.038871 0.121365 -0.011228 -0.033225 -0.000376 0.000376 0.009789 0.059973 0.287052 0.118354 0.000307 0.266360 0.381102 0.555704 0.344029 0.353681 0.209239 -0.002685 -0.004866 -0.004379 0.000000 0.012925 0.033359 0.267863 0.159579 0.118407 0.075519 0.030917 0.026442 0.002256 -0.021021 -0.169443 -0.322844 -0.354295 -0.133971 -0.180439 -0.190330 -0.414371
-0.008240 0.365459 0.305179 0.038976 -0.262682 -0.409764 -0.099761 -0.001663 -0.001123 -0.002772 -0.001600 -0.001295 0.000000 0.008524 0.026543 0.006339 -0.007450 -0.050851 -0.094171 -0.001246 0.001442 0.053126 0.247147 0.086998 0.044243 -0.000723 0.000723 0.015535 0.153956 0.659504 0.310927 0.001839 0.271059 0.358221 0.404961 0.130264 -0.079076 -0.023733 -0.001851 -0.003252 -0.003453 0.000000 0.012377 0.031095 -0.030116 -0.040005 -0.040310 -0.013351 -0.001470 0.009963 -0.001766 -0.012854 -0.019031 -0.054750 -0.083779 -0.150704 0.000000 0.023357 -0.025680
0.059282 0.116484 0.207908 0.030250 -0.253482 -0.347700 -0.016429 -0.010313 0.000000 0.002314 0.002979 0.002350 0.000672 0.001359 0.005570 0.003563 0.021662 0.009530 -0.001772 -0.001113 0.001987 0.016961 0.009528 -0.031038 -0.045380 -0.000376 0.000376 0.015571 0.247697 0.889249 0.850730 0.764275 0.757516 0.748113 0.583118 0.428381 -0.015658 -0.007244 -0.009108 -0.007546 -0.000923 0.000125 0.001301 0.016083 0.061632 0.068827 0.064222 0.013210 -0.019933 -0.038015 -0.030084 -0.028700 -0.022624 -0.069286 -0.098028 -0.148334 0.000000 -0.081570 -0.298695
0.109140 0.116996 0.626799 -0.049681 -0.073154 -0.167430 -0.007931 -0.001287 -0.000361 0.000438 0.001303 0.002274 0.000791 0.000537 0.001597 -0.069174 -0.293942 -0.079906 -0.001795 -0.001107 0.002016 0.001763 0.022071 0.597896 0.833986 -0.000389 -0.000130 0.001927 0.088421 0.156780 1.029302 1.186849 1.042177 1.130382 0.668686 0.507748 0.035802 0.002381 0.003930 0.004495 0.001732 0.000004 0.000871 0.003618 -0.003591 -0.060355 -0.005277 0.000033 0.001901 0.001903 0.001082 0.000556 0.122986 -0.075711 -0.160270 -0.276143 -0.159694 -0.302794 -0.157386
0.161435 0.591630 0.043521 -0.063487 0.129568 0.080596 0.015411 -0.023840 -0.000268 -0.000011 0.000559 -0.023159 -0.081546 -0.161043 -0.140562 -0.165540 -0.042553 0.100329 -0.028360 -0.000745 0.000351 0.000991 0.027748 0.508389 0.513334 0.287515 0.105166 0.230537 0.372273 0.271953 1.160940 1.352894 1.040200 0.962532 0.842427 0.534131 0.107560 0.005752 0.006079 0.090684 0.072161 -0.025251 -0.010843 -0.000755 -0.001006 -0.000161 0.000221 0.001064 0.005150 0.003149 -0.012800 -0.028249 -0.001044 -0.025198 -0.137893 -0.280481 -0.160464 -0.134758 -0.111534
0.105713 1.125660 0.632534 0.621184 0.538043 0.518697 0.450385 0.109317 -0.018975 -0.066688 -0.094148 -0.312684 -0.344865 -0.159502 -0.144851 -0.085451 0.130276 0.356288 0.156392 0.088508 0.033095 0.288216 0.386236 0.840217 0.810245 0.819558 0.975046 0.910310 0.959935 0.681989 0.258090 0.283395 -0.045515 -0.148409 0.063148 0.126310 0.075215 -0.000716 0.002562 0.064594 0.071886 0.051565 -0.054207 -0.017379 -0.007309 -0.000222 0.000222 0.008380 0.007536 0.071725 0.071915 0.107246 0.142946 0.020567 -0.044597 -0.118943 -0.133595 -0.103736 -0.000745
0.107777 -0.147188 0.036678 0.214610 0.288987 0.180694 -0.018123 -0.222348 -0.607042 -0.116011 -0.153273 -0.649897 -0.296344 -0.006360 0.000000 0.001101 0.001144 0.155436 0.847643 0.679451 0.586647 1.080436 1.248066 1.301875 1.147024 1.818528 1.355320 1.129431 0.699278 0.624600 0.145419 0.001090 0.000528 0.023699 0.410461 0.256791 0.137925 -0.001826 0.001687 0.043417 0.090005 0.113281 0.109944 -0.002513 -0.008478 -0.000103 0.000103 0.007242 0.006821 0.122623 0.264669 0.071395 0.049137 0.030514 -0.000416 0.000078 -0.034956 -0.038953 -0.000981
0.183448 0.035411 0.060801 0.215109 0.267131 0.163945 0.045959 -0.076826 -0.044406 -0.072754 -0.062004 -0.050309 -0.000758 -0.001099 -0.000053 0.000906 0.000961 0.114135 0.540216 0.477240 1.163882 1.049751 1.055941 0.461531 0.347735 0.799589 0.987520 0.758948 0.442770 0.391142 0.142038 -0.000376 0.000376 0.008343 0.021559 0.099082 0.040444 -0.003434 -0.000310 0.000916 0.001697 0.140056 0.198303 0.212225 0.075827 0.031460 -0.001326 -0.000911 0.003303 0.002556 -0.000016 0.000003 0.006034 0.095459 0.038559 -0.001156 -0.000936 -0.001754 -0.002089
-0.043885 -0.115493 -0.035232 0.209813 0.330308 0.329365 0.104758 0.050532 -0.000323 -0.059950 -0.078362 -0.008133 0.003495 0.001772 0.000597 -0.034424 -0.001945 0.016102 0.051440 0.098236 0.195186 0.260794 0.298102 -0.001420 0.000424 0.109589 0.153747 0.171941 0.169524 0.155206 0.054290 -0.000723 0.000723 0.008021 -0.117287 -0.108427 -0.057390 -0.005010 -0.005946 -0.000007 0.014957 0.326239 0.810616 0.148460 0.094642 0.043310 -0.001407 -0.000800 0.000259 -0.000364 -0.000326 0.000208 0.006364 0.057508 0.015398 -0.000748 -0.000104 0.000596 -9999.000000
0.107304 0.123076 0.215996 0.560798 0.688654 0.984333 0.457859 0.283050 0.286794 0.346707 0.400491 0.357660 0.317534 0.160759 0.090176 0.035924 0.041444 0.001683 -0.003362 0.007961 0.041541 0.052127 -0.001663 -0.000343 0.001993 -0.004437 -0.016790 -0.018786 -0.023271 0.003633 0.026151 -0.000376 0.000376 0.010815 -0.018239 -0.083014 -0.082365 -0.008334 -0.000518 -0.000236 0.000422 0.000415 0.004064 0.078495 -9999.000000 -9999.000000 -9999.000000 -9999.000000 -9999.000000 -9999.000000 -9999.000000 -9999.000000 -9999.000000 -9999.000000 -9999.000000 -9999.000000 -9999.000000 -9999.000000 -9999.000000
0.010790 0.074497 0.261187 0.839303 0.931515 1.210555 1.101213 0.681345 0.569500 0.601212 0.579502 0.316155 0.414878 0.321363 0.303174 0.119588 0.080758 0.000070 0.039035 0.038751 0.061529 0.066538 -0.001075 0.001473 0.043978 0.024696 0.017687 0.043633 0.069255 0.062037 0.000000 0.000320 0.000395 -9999.000000 -9999.000000 -9999.000000 -9999.000000 -9999.000000 -9999.000000 -9999.000000 -9999.000000 -9999.000000 -9999.000000 -9999.000000 -9999.000000 -9999.000000 -9999.000000 -9999.000000 -9999.000000 -9999.000000 -9999.000000 -9999.000000 -9999.000000 -9999.000000 -9999.000000 -9999.000000 -9999.000000 -9999.000000 -9999.000000
0.027871 0.010218 0.014460 0.208546 1.085389 1.800628 1.212643 1.034101 0.951316 0.661855 0.690439 0.385852 0.593118 0.561336 0.755439 0.707872 0.512764 0.276075 0.415619 0.385671 0.205975 0.161513 -0.000343 0.002127 0.243297 0.222291 0.043949 0.082962 0.138673 0.133478 0.000000 0.003918 0.002930 -9999.000000 -9999.000000 -9999.000000 -9999.000000 -9999.000000 -9999.000000 -9999.000000 -9999.000000 -9999.000000 -9999.000000 -9999.000000 -9999.000000 -9999.000000 -9999.000000 -9999.000000 -9999.000000 -9999.000000 -9999.000000 -9999.000000 -9999.000000 -9999.000000 -9999.000000 -9999.000000 -9999.000000 -9999.000000 -9999.000000
-0.181058 -0.123054 -0.088794 0.004836 0.411132 0.773353 0.579260 0.711692 0.903861 0.825757 0.993118 0.864896 0.857051 0.866019 1.151942 1.060801 1.111185 0.854549 0.789889 0.578294 0.526018 0.189476 0.006768 0.005546 -0.109778 -0.141921 -0.116269 0.000045 0.001179 0.099488 0.085570 0.047099 -9999.000000 -9999.000000 -9999.000000 -9999.000000 -9999.000000 -9999.000000 -9999.000000 -9999.000000 -9999.000000 -9999.000000 -9999.000000 -9999.000000 -9999.000000 -9999.000000 -9999.000000 -9999.000000 -9999.000000 -9999.000000 -9999.000000 -9999.000000 -9999.000000 -9999.000000 -9999.000000 -9999.000000 -9999.000000 -9999.000000 -9999.000000
