use_cases/Flooding_chicago/flooding_data/output/hUx_3240.asc
ncols 337
nrows 393
xllcorner 428428.000000
yllcorner 4602440.000000
cellsize 26.757400
NODATA_value -9999.000000
[rows 182 to 207 of 393, columns 177 to 235 of 337]
0.057685 0.058399 0.101680 0.403538 0.454166 0.172617 0.429734 0.445466 0.320110 0.187572 -0.365506 -0.047753 -0.000175 0.000147 0.006634 0.042886 0.078151 0.362366 0.745740 0.843005 0.932917 0.511249 0.004196 0.000187 -0.337704 -0.069966 -0.008877 -0.000632 0.000651 0.001444 0.000075 0.020731 0.063345 0.355413 0.212240 0.175113 -0.105553 0.000533 0.004480 0.001055 0.007452 0.009308 0.008073 0.003304 0.001338 0.001915 0.001967 0.012371 0.012268 1.857859 3.428802 2.648683 1.196809 0.618536 0.004247 0.001324 -0.250378 -0.289002 0.172654
0.043174 0.038299 0.157348 0.446125 0.255775 0.148580 0.466378 0.607749 0.849269 1.273854 0.516850 0.097441 0.119237 0.078534 0.134716 0.548295 0.401968 0.604855 0.699025 0.262066 -0.068013 -0.008590 0.000010 -0.016450 0.019536 -0.000736 -0.000763 0.000019 0.005196 0.005375 0.007261 0.004550 0.030407 0.086023 -0.095442 -0.012121 -0.000058 0.000592 0.013187 0.014416 0.003886 0.003745 0.002894 0.019903 0.143936 0.937815 1.110937 1.304783 2.561987 4.527305 2.559286 0.188800 -0.809278 -0.449103 -0.015819 0.001178 0.008129 0.021288 0.002179
0.108635 0.259259 0.110514 0.049996 0.051169 -0.235524 -0.395613 -0.500446 -0.309999 -0.007801 -0.000083 0.000067 0.009406 0.111826 0.242294 0.669439 0.520826 0.331155 -0.083289 -0.030969 -0.009457 -0.000158 0.000368 0.009389 0.158343 -0.000687 0.000144 0.000760 0.030641 0.231715 0.000488 0.003110 0.005009 0.068321 -0.004488 -0.000360 0.000360 0.006387 0.032859 0.051469 0.011834 0.017583 0.009132 0.472108 2.294836 3.770866 3.651833 4.001863 3.390201 2.844192 0.747304 -0.657945 -0.570766 -0.564369 -0.122425 -0.000583 0.000270 0.000363 0.001201
0.019612 0.037266 0.003589 0.009870 0.009030 -0.463993 -0.895294 -1.319014 -0.049263 -0.006353 -0.000464 0.000067 0.008073 0.021641 0.136566 0.019784 -0.004885 -0.008466 -0.051001 -0.018372 -0.001297 0.000407 0.001620 0.006131 0.175441 -0.000930 0.000741 0.026076 0.076030 0.239365 0.138618 0.302411 0.199977 0.084800 -0.016109 -0.000360 0.000360 0.018252 0.035884 0.062748 0.084377 0.822131 1.786548 2.266147 2.442008 2.591647 1.734604 -0.000063 0.000068 -0.694542 -0.973098 -1.246926 -1.539066 -0.591187 -0.347042 -0.012807 0.000000 0.008582 0.019643
0.009420 0.032891 0.003194 0.001773 0.032295 0.365035 -0.881535 -1.610439 -1.306488 -0.016983 -0.005350 0.000000 0.012122 0.031875 0.035935 0.000265 -0.008231 -0.013167 -0.025616 -0.026055 -0.002819 0.001921 0.004322 0.028870 0.125514 -0.000847 0.000043 0.022139 0.027931 0.003206 0.208783 0.249278 0.366079 0.483113 0.479605 -0.000301 0.000015 0.001609 0.010497 0.071309 0.956662 1.016700 1.288964 1.537209 1.740893 -0.035600 -0.009534 -0.000092 0.000301 0.011642 0.220376 -0.818237 -1.539802 -1.639123 -0.697998 -0.005501 0.000000 0.005878 0.013996
0.079651 0.022509 0.007264 0.004181 0.011789 0.040809 0.008066 -0.094516 -0.737661 -0.084906 -0.011368 -0.000066 0.000558 0.010495 0.021976 0.014679 -0.004181 -0.050485 -0.012344 -0.005420 -0.002981 0.006019 0.007366 0.027166 -0.004739 -0.039094 -0.011295 -0.000416 0.005869 0.027505 0.083727 0.000050 0.002098 0.002610 0.458606 0.364065 0.151534 0.047850 0.045088 0.509142 0.332900 0.225628 0.411555 0.210690 -0.022606 -0.014767 -0.007170 0.000000 0.005878 0.027989 0.311761 -0.680973 -1.408317 -2.326206 -1.627115 -0.021059 0.000000 0.005878 0.026207
0.003905 0.002686 0.001627 0.012754 0.023234 0.077002 0.036885 -0.233273 -0.437205 -1.051218 -0.043797 -0.004386 -0.000889 -0.000666 0.000198 0.007987 0.037730 0.037348 -0.001335 -0.003035 0.000100 0.002942 0.006573 0.019024 -0.021150 -0.042234 -0.023552 -0.010133 0.000000 0.013250 0.016742 0.002058 0.001700 0.002480 0.018277 0.367277 0.339224 0.276327 0.092086 0.462261 0.227740 0.150136 0.143669 -0.062777 -0.024035 -0.019312 -0.007120 0.000000 0.005878 0.011868 0.084504 0.651546 0.537773 -1.139085 -0.365254 -0.241609 -0.000733 0.001188 0.002381
0.004761 0.004388 0.002379 0.009463 0.015395 0.099009 0.051308 -0.079160 -0.159998 -0.278264 -0.062291 -0.033228 -0.024019 -0.002648 -0.003639 0.000005 -0.002018 -0.000391 0.000093 0.000088 -0.000304 0.000011 0.009301 -0.050521 -0.109174 -0.109036 -0.015685 -0.007803 0.000000 0.002964 0.000456 0.000018 0.012883 0.030627 0.042012 0.043841 0.199056 0.141231 0.542711 0.418197 0.458354 0.375307 0.442224 0.054185 -0.264384 -0.001607 -0.000723 0.000195 0.000665 0.009093 0.250860 1.150930 2.175908 1.779913 0.922307 -0.437779 -0.068867 -0.001647 0.001679
0.001554 0.001659 0.015058 0.027572 0.130589 0.063314 0.042378 -0.217321 -0.286149 -0.558702 -1.167252 -0.102944 -0.032061 -0.025001 -0.000509 0.000142 -0.033970 -0.007506 -0.000516 0.000060 0.000377 0.000674 0.025602 0.462041 0.634752 0.125716 0.044985 -0.062448 -0.026211 -0.001516 -0.000077 0.000260 0.025122 0.046997 0.063741 0.080061 0.178643 0.098137 0.724863 0.802328 0.841985 0.846777 0.729462 0.181175 -0.100743 0.000575 0.202062 0.876263 1.533967 2.352762 2.715827 2.351274 3.182485 2.202114 1.429750 -0.029488 -0.001424 -0.002490 0.003499
0.014922 0.005723 0.012125 0.120036 0.175503 0.097926 0.072657 0.624012 0.490068 0.334430 -0.080792 -0.182118 -0.123957 -0.046958 -0.017486 -0.000844 -0.001872 -0.010001 -0.005791 -0.000326 0.000208 0.006364 0.013230 0.430530 -0.126845 -0.379692 -0.544931 -0.075346 -0.051917 -0.017878 -0.000126 0.000138 0.020722 0.047838 0.062411 0.082910 0.167642 0.660416 0.461670 0.967037 1.143152 0.909808 0.705631 0.582843 0.555070 0.744192 1.480443 2.439463 2.601858 2.344790 2.388576 3.417036 2.689917 0.645425 -0.090228 -0.023737 -0.006836 0.000000 0.005878
0.020556 0.094906 0.234901 0.132075 0.209342 0.590936 0.415132 0.503169 0.212218 -0.177689 -0.078356 -0.078267 -0.070737 -0.033799 -0.002153 -0.000360 0.000457 -0.124997 -0.024988 -0.007224 0.000003 0.006034 0.013013 0.264443 -0.042238 -0.131000 -0.008327 -0.002402 -0.010924 -0.004023 -0.000346 0.000180 0.007843 0.017192 0.022136 0.029619 0.092338 0.654159 0.577424 0.501617 0.258733 0.568758 0.814090 0.454883 0.470084 0.791847 0.841965 0.849761 0.770883 0.426228 0.348163 0.568045 0.237564 -0.033569 -0.008739 -0.031456 -0.006051 0.000000 0.005878
0.020022 0.005736 0.005352 0.006112 0.187093 0.405397 0.419818 0.276673 0.099299 0.126093 -0.016349 -0.020375 -0.039367 -0.021903 -0.025669 -0.000020 -0.008064 -0.055069 -0.010042 -0.000266 -0.000006 0.000502 0.014454 0.174413 -0.074417 -0.007661 -0.000590 -0.002382 -0.003882 -0.016129 -0.007862 -0.000180 0.000346 0.004023 0.010536 0.010395 0.043090 0.453196 0.268761 0.198713 0.146952 0.383675 0.276511 -0.056676 -0.206365 -0.284777 -0.198218 -0.127778 -0.060235 0.061431 0.062997 0.054993 0.030820 -0.004855 -0.010245 -0.007257 -0.004310 0.000274 0.028025
-0.005119 0.000000 0.018420 0.061357 0.169427 -0.087304 -0.299590 -0.316081 -0.659396 -0.869632 -0.105695 -0.045987 -0.014634 -0.023176 -0.014679 0.007865 0.017580 -0.154000 -0.010388 -0.000092 0.000091 0.012939 0.030823 0.356189 -0.201019 -0.008107 0.000000 0.007434 0.025364 -0.013756 -0.004761 -0.000105 0.000124 0.008748 0.015398 0.018699 0.047723 0.199909 0.081892 -0.028008 0.040729 0.222584 0.113028 -0.107414 -0.551534 -0.843903 -0.923459 -1.022874 -1.077756 -0.953422 -0.600788 -0.114373 -0.011926 0.003136 0.004951 0.775791 1.055258 1.729312 2.522542
-0.009210 -0.006214 0.004327 0.006211 0.004467 0.001567 0.001748 -0.016633 -0.127776 -0.372111 -0.060169 -0.009335 -0.022847 -0.024091 -0.018014 -0.000364 0.000421 0.032423 0.059247 0.034087 0.009042 0.037248 0.095278 0.087811 -0.080697 -0.010114 0.000000 0.009182 0.015229 -0.000135 -0.000257 -0.000102 0.000108 0.011309 0.029165 0.041935 0.055361 0.276872 0.094865 0.041320 -0.023864 -0.047647 -0.004318 -0.004866 -0.002863 -0.025372 -0.399294 -0.806995 -1.205207 -1.349465 -0.852980 -0.666303 -0.063106 0.221599 0.404614 1.967040 2.418369 3.127660 3.456383
-0.009796 -0.007047 0.000532 0.011963 0.005002 0.001356 0.010602 0.124963 0.058612 -0.039946 -0.031767 -0.008345 -0.000023 -0.006505 -0.009313 -0.000652 0.000969 0.094470 0.095652 0.062908 0.116255 0.174583 0.173451 0.064901 -0.054662 -0.005382 -0.000104 0.000230 0.005580 0.000831 -0.001262 -0.000002 0.000388 0.000684 0.008172 0.026702 0.027130 0.378043 0.000017 0.043862 0.050512 0.156406 -0.003655 -0.003131 0.002770 0.005519 0.293891 0.112945 -0.295386 -0.598495 -0.479549 -0.500815 0.208774 0.631224 0.951181 2.586088 2.763403 2.355501 1.935950
-0.000492 0.000010 0.005373 0.056782 0.000861 0.000645 0.020398 0.162095 0.234402 -0.141068 -0.204296 -0.023542 -0.000878 -0.001059 -0.001164 0.000218 0.001688 0.008983 0.087172 0.040180 0.113103 0.152161 0.156992 0.232757 0.223420 -0.007555 -0.000517 -0.001249 0.001526 0.000858 -0.000222 0.000577 0.000951 0.000659 0.011575 0.031024 0.177900 0.160618 0.000355 0.106055 0.193151 0.411743 0.472761 0.713359 0.885656 0.627770 0.591736 0.534665 1.127917 1.268046 1.131148 1.018974 1.360642 1.567474 1.946287 1.880768 1.605132 0.569725 -0.033113
-9999.000000 -0.001369 0.000105 0.000205 0.017315 0.043660 0.052648 0.117150 0.325193 0.401984 -0.133594 -0.021092 -0.011755 -0.000905 -0.000682 0.000375 0.000947 0.007931 0.052163 0.018162 0.067742 0.100694 0.108153 0.197038 0.124010 -0.027031 -0.008950 -0.000104 0.030815 0.089483 0.037111 0.000016 0.012029 0.041544 0.057809 0.105629 0.454090 0.232398 0.259044 0.666867 0.658444 0.962914 1.257777 1.482039 1.673721 1.879175 1.596724 1.888075 1.522805 2.146322 2.221241 2.001814 1.864703 1.568069 1.490262 1.285493 -0.015763 -0.024859 -0.000618
-9999.000000 -0.003093 -0.000511 0.000081 0.023203 0.051295 0.061627 0.138319 0.056511 0.021758 -0.027056 -0.039411 -0.007225 -0.000396 -0.000092 0.000368 0.000694 0.000915 0.005436 0.008670 0.011397 0.029152 0.044355 0.271361 0.454748 -0.050045 -0.010784 -0.000235 0.002496 0.032232 0.025945 0.006967 0.019818 0.036662 0.038638 0.022833 0.502223 0.549480 0.830402 0.959975 1.427755 1.551984 2.220053 1.987482 2.135811 2.568939 2.508183 2.484531 2.209086 2.203006 2.134801 2.220643 1.829833 1.277243 1.048290 0.860512 -0.060535 -0.020953 -0.000399
-9999.000000 -0.000764 -0.001118 0.000000 0.006850 0.015261 0.040246 0.137122 0.013774 -0.000922 0.000105 0.016080 0.029519 -0.000281 -0.000019 0.000280 0.000107 0.000022 0.001656 0.001413 0.002647 0.029137 0.043630 0.156520 0.171772 0.122154 -0.001150 -0.001774 -0.006171 0.002940 0.011037 0.004145 0.022523 0.072465 0.499305 0.571639 0.630853 1.170509 1.576247 1.571172 2.013436 2.082897 2.262416 2.387563 2.506737 2.567774 2.817763 2.832354 2.799212 2.622019 2.107871 2.013482 2.023440 1.253992 0.957783 0.699060 0.253715 -0.015636 -0.000176
-9999.000000 -9999.000000 -0.000568 0.000000 0.007521 0.023781 0.026308 0.070821 -0.064195 -0.013351 0.000010 0.024553 0.176116 0.056107 0.021372 0.030334 0.009860 -0.000619 -0.000373 0.000589 0.013916 0.032325 0.135380 0.197797 0.076835 0.024081 0.008543 0.002096 0.000893 0.007372 0.009565 0.059758 -0.035852 0.261346 0.645206 1.041615 1.348541 2.379745 2.540431 2.398166 2.791091 2.678061 2.686353 2.667346 2.719615 2.768240 3.129858 3.162271 2.926522 2.472074 1.861322 1.769039 0.922526 0.314823 0.000864 -0.083416 0.059844 0.248391 0.257423
-9999.000000 -0.014956 -0.004742 0.000000 0.006743 0.005432 0.020302 0.113283 0.014909 -0.000743 0.000250 0.007762 0.012039 0.149158 0.084585 0.231032 0.341989 0.175537 0.045431 0.000037 0.014515 0.198308 0.111997 0.274623 0.267366 0.324232 0.187745 0.650432 0.360780 0.232245 0.404272 0.747223 1.011884 1.530067 1.852163 1.536854 1.735930 2.775537 2.805963 2.530993 2.816547 2.635504 2.077670 2.147590 1.865556 1.790720 1.713107 1.655753 1.386700 1.299865 1.145090 0.491233 -0.034965 -0.000521 0.000273 0.001172 0.000448 0.006802 0.291052
-9999.000000 -0.016327 -0.014302 -0.000479 0.000113 0.002879 0.018740 0.101838 -0.093018 -0.005450 0.000000 0.008176 0.013415 0.202711 0.000000 0.008104 0.122542 0.764321 0.589755 0.582554 0.545930 0.431458 0.214087 0.372437 0.314212 0.352078 1.511871 1.494794 2.486215 2.716777 2.672011 2.864880 3.073642 3.151242 3.159988 3.530482 3.160990 3.124052 2.871252 3.083066 2.592056 2.546981 1.780234 1.509256 1.617599 1.410299 1.497734 1.460157 1.193789 1.118029 0.753338 0.354368 -0.008911 -0.001573 -0.000423 0.000956 0.000293 0.012797 0.023253
-9999.000000 -0.000013 0.020828 0.008914 -0.000568 0.001296 0.012550 0.277953 0.288728 -0.099604 0.000000 0.010989 0.164139 0.068305 0.000000 0.015838 0.046598 0.618613 0.523472 0.657555 0.692763 0.487610 0.585694 0.445987 1.815840 2.405420 2.294492 2.465590 3.688482 3.638625 3.375295 3.413665 3.506535 3.519431 3.482230 3.510670 3.748823 2.950078 2.577529 2.079496 1.953163 1.579936 1.081653 0.937188 1.165980 0.986672 0.896409 1.025576 0.667971 0.482891 0.289697 -0.016770 -0.009178 -0.001054 -0.000946 -0.000820 0.000000 0.006319 0.012926
-0.000771 -0.000308 0.000831 0.002370 -0.000355 0.000492 0.147258 0.121978 0.139371 0.099728 0.064060 0.149970 0.470931 0.079948 0.064446 0.025517 0.231218 0.358609 0.096909 -0.000263 0.000441 0.153939 0.623696 1.392066 1.313045 3.161072 2.255068 2.346427 2.165438 2.485471 2.164594 2.119774 2.131672 2.167664 2.271256 2.416003 2.483262 2.473658 1.404182 1.004464 0.878726 1.114429 0.645559 0.519115 0.354400 0.212788 0.074299 -0.008814 -0.000118 0.000289 0.001162 -0.012711 -0.001602 -0.003227 -0.025537 -0.009440 -0.000072 0.000497 0.006812
-0.000474 -0.000295 0.000447 0.007728 0.005553 0.001558 0.136552 0.066744 -0.117262 0.000000 0.056233 0.184718 0.112695 0.577765 0.053019 0.054860 0.254111 0.150627 0.000000 0.001053 0.000917 0.049616 0.630968 0.742852 1.468842 1.547402 1.765046 1.027797 0.797309 0.728691 0.454847 0.431324 0.651399 0.661715 0.810582 0.828047 1.074676 0.596991 0.348014 0.152537 0.136268 0.232903 0.249849 0.172563 0.162270 0.126203 0.035349 -0.010526 -0.000208 0.000326 0.006549 0.146774 0.372028 -0.165119 -0.446839 -0.103149 -0.014631 0.000014 0.017902
-0.003355 -0.003090 0.002544 0.140508 0.177940 0.116556 -0.063445 -0.010808 -0.004209 0.000000 0.004212 0.007710 0.126224 0.074788 0.201483 0.403541 0.237193 0.101961 0.155848 0.133026 0.219405 0.331618 0.843366 0.987284 1.040699 1.018388 0.677012 0.105588 0.043255 0.006350 0.003320 0.043787 -0.155061 -0.309653 -0.305054 -0.147405 0.015682 0.005333 0.014432 0.363899 0.385496 0.705323 0.563899 0.354468 0.385919 0.395232 0.393554 0.399886 -0.000003 0.005982 0.112623 0.058742 0.102965 0.113469 0.080879 -0.087498 -0.003261 -0.000061 0.003116
