use_cases/Flooding_chicago/flooding_data/output/hUx_1860.asc
ncols 337
nrows 393
xllcorner 428428.000000
yllcorner 4602440.000000
cellsize 26.757400
NODATA_value -9999.000000
[rows 156 to 181 of 393, columns 177 to 235 of 337]
0.292444 0.850419 0.826898 0.789952 0.726493 0.487104 0.150356 0.239208 -0.244949 -0.721737 -1.989754 -0.041447 -0.000175 -0.001926 -0.015820 -0.010803 -0.007304 0.000000 0.005878 0.572345 1.648234 1.417834 0.386274 -0.000248 -0.000688 -0.010802 -0.010345 -0.001135 -0.001451 -0.000736 -0.000103 0.000103 0.009533 0.016674 0.142940 0.125296 0.042999 0.077353 0.076345 -0.056105 -0.604371 -1.180098 -0.462043 -0.038340 -0.008184 -0.001867 -0.000486 0.000213 0.002510 0.025166 0.038550 0.025444 0.003137 0.011919 0.028721 -0.285509 -0.019790 -0.005680 -0.000001
0.442109 0.240654 0.164970 0.106426 0.228351 0.225945 0.131176 0.620174 0.680955 0.467309 -0.421391 -0.067570 -0.003991 -0.011752 -0.032138 -0.027211 -0.012839 0.000000 0.005878 0.331217 0.574188 0.533918 -0.021411 -0.000218 -0.000113 0.000059 -0.000294 -0.001986 -0.010370 -0.003946 -0.000222 0.000222 0.009981 0.016123 0.183885 0.093255 0.061561 0.118522 0.699787 0.903545 -0.688528 -2.838146 -2.403977 -1.155248 -0.056221 -0.016389 -0.000788 0.000398 0.017560 0.038365 0.007156 0.018485 0.034411 0.030414 0.145072 -0.190589 -0.023560 0.000000 0.002522
0.444007 1.066343 0.067637 0.038940 -0.089269 -0.081975 0.000034 -0.694101 -1.024259 -1.267542 -0.259949 -0.252475 -0.199972 -0.056614 -0.020653 -0.001524 -0.001047 0.001450 0.033092 0.629551 0.794915 0.763332 -0.010373 -0.003663 0.000000 0.005350 0.016263 0.068783 -0.073024 -0.014410 -0.000140 0.000139 0.019514 0.365637 0.727896 0.172992 0.134341 0.226469 0.107659 0.027550 0.067279 0.381068 0.075673 -0.417463 -0.079842 -0.021959 -0.000833 0.000147 0.000419 0.001090 0.002672 0.007357 0.015927 0.036135 0.030804 -0.035686 -0.013378 -0.000971 0.000623
0.008486 -0.000679 0.000013 0.032489 0.006100 -0.007156 -0.000000 0.008584 -0.823218 -0.254743 -0.060144 -0.008384 -0.014764 -0.000932 -0.001993 -0.000920 -0.000184 0.000798 0.028312 0.268760 0.139615 -0.031957 -0.032254 -0.009247 -0.000067 0.000464 0.007735 0.044058 -0.000254 -0.001218 -0.000009 0.000116 0.012643 0.447452 0.377715 0.308602 0.168059 0.117270 0.082313 0.035746 0.089922 0.251523 1.174698 0.427124 -0.092123 -0.027165 -0.000581 -0.000260 0.000176 0.000347 0.025218 0.033791 0.007171 0.006568 0.003393 0.000617 -0.000457 0.000050 0.011297
-0.000941 -0.000004 -0.002363 -0.038137 -0.061384 -0.008022 -0.000000 0.006555 0.062960 -0.020158 -0.001812 -0.000020 0.000085 -0.000130 0.000136 0.030357 0.047666 0.029943 0.014189 0.133478 -0.134745 -0.432093 -1.347939 -0.015882 -0.004177 0.000009 0.009810 0.068690 0.017369 0.008689 0.002197 0.000694 0.013587 0.402182 0.481795 0.393801 0.474430 0.166405 0.081486 0.059332 0.304815 0.789580 1.549289 0.735859 -0.026009 -0.016557 -0.006973 -0.000394 0.000331 0.008224 0.015222 0.048639 0.008024 0.010315 0.004737 -0.000809 -0.000176 0.000237 0.012859
-0.000372 -0.000053 -0.007256 -0.012940 -0.078833 -0.015849 -0.000000 0.008818 0.061883 0.056348 0.003731 0.010293 0.002893 -0.000040 0.000598 0.009524 0.104045 0.200429 0.199115 2.088331 1.612696 1.907278 2.032779 0.691918 -0.019966 -0.000140 -0.000059 0.006710 0.004903 0.002731 0.001088 0.010676 0.452578 0.842951 0.686997 0.509610 0.128137 0.067739 0.039900 0.043167 0.550174 1.104427 1.487145 -0.119545 -0.018752 -0.009848 -0.007928 -0.000569 0.000247 0.000554 0.010991 1.514881 1.085824 0.561032 0.042998 0.011039 -0.000839 -0.375852 -0.714977
-0.001717 -0.002132 -0.002884 -0.004496 -0.033519 -0.009464 -0.000001 0.006453 0.020977 -0.015447 0.028823 0.037132 0.010860 0.002582 0.016277 0.036700 0.019978 0.002054 0.013881 -0.417656 -0.735315 -0.740646 -0.829160 -0.325183 -0.212251 0.002390 -0.008445 -0.017824 0.007067 0.019453 0.016323 0.051971 0.395409 0.190249 0.000498 -0.000458 -0.000270 0.000006 0.040090 0.314971 0.910785 1.350343 0.705173 -0.039574 -0.005776 -0.000889 -0.000923 -0.000292 0.000031 0.000292 0.016346 0.294895 0.406065 0.292186 0.009301 -0.028849 -0.071768 -0.195794 -0.081269
-0.000007 0.000985 0.001176 -0.000340 -0.041463 -0.010755 -0.000037 0.000626 0.007454 0.026059 -0.027749 -0.000618 -0.000637 0.000326 0.000717 0.000622 0.000483 0.010128 0.040492 -0.233412 -0.776886 -0.849752 -0.783446 -0.517963 -0.442807 -0.001876 0.152346 0.003352 0.015824 0.045244 0.043267 0.503462 1.646380 0.490444 -0.002307 -0.012836 -0.004803 0.000311 0.011050 0.481300 0.932090 1.011766 0.072274 -0.002075 -0.000418 0.000681 -0.000700 -0.000206 0.000002 0.000236 0.016385 0.611273 0.677226 0.609872 0.650145 0.617848 0.636016 1.015855 0.898000
-0.000149 0.000199 -0.002134 -0.001772 0.001212 0.000060 0.000257 0.023986 0.491163 -0.135762 -0.349276 -0.322785 -0.000045 -0.002458 -0.000406 -0.000153 0.000334 0.008837 0.016456 -0.391252 -0.567002 -1.242808 -1.407795 -0.865975 -0.643623 -0.230021 -0.111536 -0.058804 0.017248 0.047331 0.044052 -0.416935 -0.112968 -0.145409 -0.016846 -0.007277 0.000003 0.008326 0.014561 0.661251 0.276047 0.038510 0.026966 0.013757 0.013227 0.121613 0.314626 0.006717 -0.000136 0.000164 -0.079017 0.543442 0.890651 0.981282 0.978619 0.840683 1.216118 1.396317 1.273273
-0.001841 0.000022 -0.004183 -0.005611 -0.000870 0.000105 0.001789 0.043554 0.509368 0.027462 -0.389718 -0.627237 -0.100575 0.018002 0.084395 0.065483 0.001426 0.015427 0.020746 -0.476389 -0.242539 -0.156440 -0.205971 -0.087785 -0.285160 -0.041912 0.076476 0.089734 0.027915 0.033199 0.020550 0.004838 -0.278405 -0.236742 -0.014165 -0.000326 0.000208 0.006796 0.637027 0.520454 0.444869 0.294112 0.140080 0.000014 0.031129 0.399181 0.293238 0.250002 0.156343 0.176110 0.951016 0.623116 0.412320 0.487304 0.557696 0.645654 0.764540 0.811071 0.838113
-0.003093 -0.000155 0.000146 0.000804 0.002567 0.003925 0.007174 0.020503 0.048627 0.506823 0.820198 0.032061 -0.166703 -0.311753 -0.213748 -0.052438 0.000420 0.019499 0.057092 -0.463152 -0.141217 0.160105 0.232591 0.414935 0.277110 0.106311 -0.029668 -0.185819 -0.019017 -0.000144 0.000077 0.005440 -0.057143 -0.161169 -0.019049 -0.000123 0.000141 0.013214 0.939976 0.859605 0.271380 0.001119 -0.000381 0.000317 0.010037 0.027830 0.049216 0.020392 0.114610 0.188308 1.035433 0.293456 0.002635 0.117064 0.324419 0.410403 0.456403 0.413222 0.524473
-0.011175 -0.000113 0.000261 0.017015 0.035401 0.006107 0.007299 0.032835 0.079391 0.127235 0.033843 -0.000098 0.000113 0.008424 -0.113390 -0.147091 0.000016 0.027911 0.040910 -0.115818 0.439544 0.648135 0.557526 0.378093 0.189323 -0.080760 -0.350287 -0.166629 -0.028760 -0.000975 0.000108 0.010946 0.022442 -0.132471 -0.247160 -0.000002 0.295192 0.604800 0.906066 0.726769 0.188964 -0.011833 0.000000 0.003942 0.002994 0.001163 0.011166 0.173210 0.153680 0.175060 0.631638 -0.055761 -0.373499 -0.394341 -0.594138 -0.502249 -0.451310 -0.197163 -0.031580
-0.008289 -0.000002 0.007734 0.020242 0.001979 0.000280 0.012614 0.043903 0.025928 -0.014313 -0.007706 -0.000084 0.000228 0.012061 0.023907 0.012315 0.038039 0.016940 0.637853 2.982723 1.574446 0.852978 -0.029737 0.000000 -0.000712 -0.000611 -0.003166 -0.034433 -0.047982 -0.013918 0.000000 0.003663 0.011530 0.556428 0.722934 1.030486 0.592821 0.582904 0.473163 0.210669 0.088468 -0.014005 -0.017451 -0.008399 -0.000355 0.000444 0.008982 0.019181 0.069162 -0.072687 -0.253832 -0.305750 -0.005828 0.000518 0.016830 -0.214597 -0.316146 -0.163017 -0.085789
-0.006831 -0.000141 0.000225 0.000133 -0.000233 0.000102 0.005649 0.017374 0.014169 0.001126 0.000632 0.001257 0.001063 0.009912 0.020159 0.085294 0.000059 0.006517 0.288828 0.748850 0.888495 -0.214765 -0.012181 0.000009 -0.000155 -0.000342 -0.000536 0.001559 0.023061 0.008515 0.001422 0.257226 0.955312 1.930517 1.082763 0.301124 0.001612 0.011660 0.128071 0.065787 -0.042249 -0.017801 -0.020785 -0.014119 -0.000538 0.001085 0.015695 0.024925 0.023578 0.002407 0.011366 -0.338870 -0.061256 -0.000144 0.000506 0.000347 -0.067669 0.077520 0.221166
-0.010086 -0.000015 0.008638 0.000958 -0.006539 0.000000 0.003663 0.009782 0.010698 0.001847 0.004897 0.009889 0.002044 0.012688 0.020201 0.004211 0.001548 0.000787 0.289561 0.959170 0.612167 0.093300 -0.004319 0.000323 0.000057 -0.000063 0.000094 0.038032 0.201052 0.591228 0.599205 0.545036 0.427514 0.285050 0.077129 -0.010965 0.001933 0.007173 -0.395114 -0.383378 -0.527278 -0.049202 -0.001474 -0.000794 0.001449 0.002252 0.010985 0.022372 0.005588 0.002081 0.087761 -0.127006 -0.315284 -0.005447 -0.000326 0.000208 0.006364 0.398358 0.464588
-0.000791 -0.000368 0.000832 0.002420 0.002160 0.000918 0.000683 0.009372 0.016456 0.021256 0.015716 0.041157 0.000069 0.009669 0.019997 0.037401 0.009140 0.003625 0.522211 0.469971 0.436547 0.269642 -0.050264 -0.001649 -0.000478 0.000139 0.000436 0.063408 0.350443 1.007610 1.877464 0.584958 0.250812 0.070008 0.015899 0.004639 0.023177 0.243693 0.740244 0.155973 -0.492125 -0.074484 -0.002365 0.001088 0.003200 0.001759 0.018588 0.567547 -0.000214 0.000696 0.131078 0.169906 -0.013606 0.066393 -0.021701 0.000003 0.006034 1.857738 0.796034
-0.008752 -0.000502 0.000507 0.004346 0.002644 0.005279 0.022143 0.024960 0.025177 0.024106 0.005791 -0.008282 0.000001 0.019525 0.060187 0.388273 0.481824 2.318706 2.629910 2.067320 1.955532 0.803867 -0.127923 -0.024173 -0.006148 0.000000 0.003663 0.243151 0.615991 0.548181 0.287890 -0.000133 -0.000034 0.000567 0.001142 0.011320 0.175070 0.416172 1.136727 0.400073 -0.418233 -0.065266 -0.000725 0.000863 0.003657 0.001728 -0.453921 -0.613128 -0.331078 0.000030 0.185968 0.067480 -0.651404 -1.332111 -0.248246 -0.000079 0.225239 1.853878 0.710355
-0.015841 -0.007133 0.000018 0.010643 0.022849 0.029540 0.022241 0.052518 0.220911 0.947444 0.999177 0.695676 -0.000074 0.001335 0.440714 0.431967 0.561583 2.057400 2.440253 1.692557 0.644891 0.142566 -0.076525 -0.000429 0.000181 0.000757 0.000968 0.222477 0.344057 0.124349 -0.005595 -0.000051 0.001524 0.006545 0.012965 0.035970 0.306873 0.445728 0.393446 0.204064 0.096310 -0.019717 -0.000208 0.000875 0.031368 0.016301 0.850891 1.192701 0.945140 0.557114 0.435782 0.207935 0.042923 -0.054264 0.188801 0.256813 1.299454 1.211821 1.018971
-0.024121 -0.005629 0.000000 0.008640 0.021737 0.033617 0.137265 2.148050 2.444711 2.750206 2.334258 1.676638 1.706268 1.477013 1.204194 1.980054 2.084953 2.153769 1.734506 1.087864 -0.006038 -0.001420 -0.001324 -0.000009 0.316902 0.362292 1.084496 0.468961 0.259825 -0.007895 -0.000151 0.000065 0.019435 0.061815 0.107440 0.033526 0.275581 0.240571 0.059932 0.007451 -0.004115 -0.006586 0.000772 0.005600 0.079051 0.273976 0.189701 0.088133 0.019830 -0.052146 -0.010915 -0.000214 0.000188 0.001045 0.515955 1.639029 1.049148 0.601117 0.029955
-0.003089 -0.000140 0.000219 0.007136 0.024669 0.207763 1.348174 2.222728 1.654448 1.083284 1.908134 1.522322 1.649923 2.344058 1.747175 1.947657 1.724249 1.070405 0.005230 0.000935 -0.001727 0.002184 0.003729 0.183184 0.316635 0.402913 0.447017 0.388332 -0.480741 -0.017170 -0.004189 0.000000 0.012088 0.026491 0.160274 0.693814 0.532511 0.000469 -0.000040 -0.001932 0.002286 0.007242 0.010190 0.026358 0.024626 0.016148 -0.000142 -0.000094 0.000202 0.000564 0.000933 0.001077 0.001049 0.007160 0.891894 1.643881 0.530163 -0.121841 -0.095435
0.029759 0.004492 0.006657 0.121316 -0.303092 0.473819 1.162868 0.916712 -0.000005 0.004919 0.096877 0.084710 1.179158 2.249551 2.548417 2.090119 1.841532 1.137063 -0.000222 0.000222 0.015598 0.549650 0.548819 0.730031 1.025959 1.113596 0.930203 0.527559 -0.043212 -0.025365 -0.012267 0.000000 0.007912 0.019616 0.124629 0.043131 0.047794 0.011129 -0.000096 0.001467 0.021025 0.002909 0.021554 -0.000122 0.000138 -0.000181 0.000247 0.000817 0.008610 0.015124 0.013221 0.003144 0.001479 0.344766 1.451610 0.151494 0.115365 0.112422 -0.000989
0.247366 0.184767 0.236060 -0.108956 -0.227387 0.085163 0.148462 -0.201795 -0.000222 0.000222 0.003946 1.067263 1.130397 1.023184 0.751804 0.407795 0.174979 0.097507 -0.000740 -0.000158 0.177441 0.235118 0.514087 0.438958 0.416321 0.149056 -0.232130 -1.017841 -0.033497 -0.015417 -0.000471 0.000023 0.006879 0.009450 0.014064 0.042859 -0.001168 -0.000154 0.000267 0.015178 0.051839 -0.086308 -0.019102 -0.007840 -0.000058 0.000592 0.008280 0.013988 0.016735 0.017818 0.050946 0.018774 0.012852 1.424151 1.338564 0.359061 0.290679 0.357145 -0.085081
0.275361 0.495527 0.241398 0.147973 0.094525 0.008407 0.007140 0.119451 0.070491 0.045531 0.089494 0.717608 0.426034 -0.014915 -0.000135 0.000080 0.001024 0.017827 0.442115 0.222332 0.279699 0.425834 0.735152 0.695173 0.568669 0.350048 0.043475 -0.038165 -0.007007 -0.000990 -0.000088 0.000137 0.008627 0.017641 0.021782 0.065366 -0.010496 -0.000589 0.000115 0.008936 0.016141 -0.001443 -0.016172 -0.000360 0.000360 0.006387 0.013523 0.025896 0.030218 0.032710 0.752138 1.593527 2.030236 2.264546 2.915273 2.759607 1.875100 2.579992 1.760296
0.053319 0.351940 0.375997 0.510945 0.831445 0.590513 0.706051 0.854893 0.868262 1.055506 1.569421 1.140574 0.024576 0.004245 -0.000049 0.000635 0.007786 0.039393 0.388746 0.256635 0.294414 0.198207 0.144018 0.086944 -0.036506 -0.370339 -0.961730 -0.020076 -0.006258 -0.000029 0.005438 0.020497 0.027112 0.076531 0.578658 0.264252 0.173852 -0.001686 -0.002420 0.000000 0.008478 0.001275 -0.007771 -0.000360 0.000360 0.014725 0.025784 0.022068 0.076870 0.171907 0.861292 1.670926 2.022451 2.304848 3.361202 3.241295 4.009533 3.041257 2.184752
0.023028 0.043096 0.882413 0.815768 1.047391 0.594009 0.262982 0.171765 0.051862 -0.121108 -0.259029 -0.009274 -0.000569 0.000247 0.000554 0.006009 0.024882 0.006204 0.038021 -0.006666 0.050154 0.083519 0.157063 0.141776 0.175618 0.053706 -0.308111 -0.025418 -0.003956 -0.000392 0.001394 0.024953 0.054364 0.021812 0.164059 -0.229515 -0.431234 -0.047400 -0.008557 0.000000 0.005712 0.011107 0.001928 0.000241 0.000446 0.005642 0.044059 0.135431 0.055347 0.154376 0.562941 0.996684 2.626598 3.537304 2.901900 2.456499 3.406334 2.683667 2.206346
0.036703 0.038449 0.047432 0.342658 0.319856 0.200230 -0.395615 -0.575264 -0.478797 -0.534660 -0.531320 -0.007262 -0.000394 0.000331 0.010429 0.025859 -0.187535 -0.171167 -0.483380 -0.330556 -0.193597 -0.247084 -0.556343 -0.828339 -1.501889 -1.294894 -0.023931 -0.001963 -0.001719 0.000260 0.001323 0.031552 0.092193 0.568995 0.202401 0.018515 -0.067212 -0.008601 -0.009419 -0.000065 0.000593 0.007821 0.036616 0.003682 0.000741 0.007856 0.047460 0.046573 0.076555 0.056279 0.691119 1.929870 1.411322 1.678417 0.793803 0.056982 -0.178826 -0.019972 0.095969
