use_cases/Flooding_chicago/flooding_data/output/hUx_1800.asc
ncols 337
nrows 393
xllcorner 428428.000000
yllcorner 4602440.000000
cellsize 26.757400
NODATA_value -9999.000000
[rows 104 to 129 of 393, columns 118 to 176 of 337]
-9999.000000 -9999.000000 -9999.000000 -9999.000000 -9999.000000 -9999.000000 -9999.000000 -9999.000000 -9999.000000 -9999.000000 -9999.000000 -9999.000000 -0.000530 0.000000 0.007988 0.017479 0.016306 0.003642 0.042244 0.176921 0.067657 0.024637 0.009654 0.005544 0.003284 0.014646 0.041493 0.246341 0.005361 -0.034423 -0.043431 -0.310602 -0.551244 -0.871813 -0.023730 -0.000326 0.000208 0.013781 0.022373 0.004715 0.001293 0.005248 0.008303 0.008181 0.078885 0.439949 0.237935 0.072914 0.006184 -0.129549 -0.050708 -0.087854 -0.000192 0.000199 0.076932 0.101660 0.081133 0.090235 0.019249
-9999.000000 -9999.000000 -9999.000000 -9999.000000 -9999.000000 -9999.000000 -9999.000000 -9999.000000 -9999.000000 -9999.000000 -9999.000000 -9999.000000 -9999.000000 -0.000245 0.000000 0.004217 0.007930 0.013036 0.046234 0.009095 0.007687 0.002935 0.000254 0.006817 0.006708 0.003240 0.010648 0.229410 0.039991 0.048984 0.117961 0.080176 -0.026845 -0.203556 -0.010937 -0.008844 0.000003 0.003984 0.021026 0.038436 0.006365 0.015860 0.023891 0.146417 0.177352 0.211622 -0.019780 -0.471102 -0.732783 -0.953648 -0.808218 -0.020341 -0.000330 0.000640 -0.023709 -0.028174 -0.001422 -0.001797 -0.000179
-9999.000000 -9999.000000 -9999.000000 -9999.000000 -9999.000000 -9999.000000 -9999.000000 -9999.000000 -9999.000000 -9999.000000 -9999.000000 -9999.000000 -0.001217 -0.000046 0.000088 0.006755 0.017007 0.038458 0.011310 0.004431 0.002389 0.001571 0.004431 0.002073 0.002934 0.002241 0.015052 0.032845 0.094484 0.127202 0.078358 0.052976 0.003833 -0.100399 -0.021112 -0.005713 0.000000 0.015921 0.030271 0.036740 0.057650 0.101877 0.041624 0.083460 0.082614 0.063081 0.041781 0.011644 0.039344 0.026188 -0.045199 -0.023948 -0.000461 0.001912 -0.056978 -0.064592 -0.004483 -0.020144 -0.006334
-9999.000000 -9999.000000 -9999.000000 -9999.000000 -9999.000000 -9999.000000 -9999.000000 -9999.000000 -9999.000000 -9999.000000 -9999.000000 -0.000741 -0.000048 0.001172 0.000616 0.001962 0.003332 0.007170 0.004879 0.002523 0.003106 0.002593 0.019825 0.040649 0.049303 0.000101 0.013287 0.018080 0.118852 0.028639 0.000026 0.018119 0.012075 0.001617 -0.016868 -0.006365 -0.000061 0.001021 0.009316 0.044504 0.087178 0.146226 0.081345 0.029795 0.032269 0.038467 0.041061 0.063106 0.039682 0.028444 0.026809 -0.000518 0.000091 0.004065 -0.185902 -0.424318 -0.426432 -0.039405 -0.007716
-9999.000000 -9999.000000 -9999.000000 -9999.000000 -9999.000000 -9999.000000 -9999.000000 -9999.000000 -9999.000000 -9999.000000 0.000003 -0.005529 -0.001803 0.000591 0.002124 0.004851 0.010677 0.009115 0.014346 -0.000577 0.000466 0.001100 0.011855 0.021474 0.100859 -0.000098 0.000997 0.007968 0.008155 0.001712 0.000962 0.037182 0.110034 0.000168 0.003671 0.002986 -0.000104 0.000141 0.001716 0.005048 0.002806 0.010298 0.108169 0.000000 0.007299 0.014416 0.032787 0.140580 0.166146 0.056244 -0.000308 0.000011 0.000312 0.026983 0.535979 0.860113 0.114868 -0.026911 -0.073323
-9999.000000 -9999.000000 -9999.000000 -9999.000000 -9999.000000 -9999.000000 -9999.000000 -0.001193 -0.001505 -0.000326 0.000208 -0.001522 -0.000632 0.000331 0.004235 0.005180 0.005408 0.003921 0.038361 0.078048 0.000019 0.001082 0.001540 0.001733 0.017229 0.003647 0.016106 0.022845 0.001593 0.000067 0.007030 0.107975 0.075489 -0.006516 -0.005451 0.009499 0.006839 0.002601 0.000117 0.000141 0.000842 0.014946 0.045805 0.008676 0.003636 0.009319 0.075871 0.214168 0.106300 0.025397 -0.000485 0.000156 0.000240 0.017847 0.032358 -0.962607 -0.338056 -0.034443 -0.003581
-9999.000000 -9999.000000 -9999.000000 -9999.000000 -9999.000000 -9999.000000 -0.001870 -0.001187 -0.000487 0.000289 0.006315 -0.000235 -0.006402 0.000012 0.004109 0.004566 0.008916 0.003404 0.011495 0.008890 0.002224 0.000550 0.000401 0.053188 0.034875 0.007828 0.013668 -0.538788 -0.546241 -0.410137 0.024478 0.150970 0.130041 0.101641 -0.003556 0.002689 0.005113 0.014787 0.003538 -0.007707 -0.000296 0.000129 0.048406 0.082657 0.078867 0.206250 0.237156 0.211107 -0.000770 -0.001615 -0.001323 0.000074 0.000515 0.006775 0.018192 0.005140 0.000494 0.000000 0.003224
-9999.000000 -9999.000000 -0.012067 -0.018889 -0.010733 -0.010617 -0.003833 -0.004419 -0.000023 0.004231 0.019675 0.042953 -0.006887 -0.000792 0.000004 0.000907 0.014636 0.011735 0.001865 0.006270 0.001443 -0.000400 0.000476 0.000901 0.078106 0.054460 0.068722 -0.212053 -0.197059 -0.182244 0.000000 0.007240 0.142276 0.083716 0.041735 0.000217 0.015702 0.080706 0.008900 -0.052676 -0.020187 -0.000240 0.000058 0.006463 0.017237 0.024431 0.016854 0.001543 0.001542 -0.006236 -0.029861 -0.006880 -0.000520 0.000048 0.005276 0.014543 0.009275 0.044236 0.000000
-0.004187 -0.017559 -0.014200 -0.010996 -0.043041 -0.008470 -0.000944 -0.000072 0.008651 0.023850 0.026517 0.013881 -0.021665 -0.009937 0.000000 0.019584 0.056035 0.039371 0.005750 0.000599 -0.016472 -0.021590 -0.012503 0.000000 0.003986 0.076867 0.371279 0.451648 0.619902 0.473361 0.000000 0.005878 0.123211 0.172870 0.051779 0.000010 0.019514 0.171580 0.151140 -1.033483 -0.020879 -0.006127 0.000000 0.005094 0.007492 0.009603 0.000000 0.005350 0.010222 0.024692 -0.023290 -0.013213 -0.006709 -0.000222 0.000222 0.003946 -0.077658 -0.068624 -0.000190
-0.085374 -0.006597 -0.025168 -0.030017 -0.007701 -0.000476 0.000088 0.007770 0.010601 0.001039 0.018981 0.084859 -0.019439 -0.008474 0.000000 0.010838 0.017384 0.031376 0.004935 -0.000630 -0.062431 -0.022295 -0.010119 0.000000 0.007593 0.098925 0.020014 0.295421 0.679449 0.369987 0.000000 0.005878 0.081176 0.086571 0.021671 -0.000210 0.002107 0.012072 0.448988 0.283652 -0.023588 -0.010755 0.000000 0.011969 0.027670 0.002777 -0.000067 0.000464 0.010105 0.029646 -0.000146 -0.000956 -0.000668 -0.000070 0.000070 0.008222 0.422927 0.099488 -0.031857
0.002775 -0.009038 -0.083331 -0.013425 -0.008819 -0.000126 0.000111 0.008329 0.018762 0.000903 0.001473 0.065976 0.099589 -0.000574 0.000203 0.012072 0.027575 -0.008349 -0.023207 -0.143469 -0.181405 -0.199151 -0.013418 0.000000 -0.004065 -0.012017 -0.015395 0.014832 0.031547 0.027249 0.000000 0.007240 0.042337 0.130578 -0.019104 -0.011773 -0.000029 0.000986 0.025620 0.469596 0.414164 -0.000437 -0.000240 0.000311 0.004289 0.022941 -0.000001 0.010755 0.019199 0.084837 0.030525 0.017919 0.004423 -0.000068 0.000063 -0.272305 -0.334468 -0.281655 -0.189943
0.001485 0.012677 0.003590 -0.057053 -0.019356 -0.003965 0.000003 0.008683 0.038631 0.039738 0.000040 0.021223 0.062478 0.013294 -0.007760 -0.046918 -0.098749 -0.076133 -0.306814 -0.256914 -0.280545 -0.236917 -0.027145 0.000000 -0.019225 -0.037188 -0.009089 0.002891 0.012141 0.027858 0.008946 0.015503 0.470243 0.324106 0.294051 0.205928 -0.000449 0.000456 0.000616 0.004435 0.301127 0.166118 -0.011078 0.000005 0.004290 0.050675 -0.000060 0.000253 0.006874 0.653254 0.902887 2.457876 1.487495 1.130171 1.087579 0.683947 0.289807 0.176883 0.252707
0.000070 0.025003 0.037225 0.028199 -0.086295 -0.009136 -0.000207 0.000450 0.032593 0.037361 0.019306 0.005875 0.054345 0.012267 -0.053283 -0.055512 -0.096751 -0.079312 -0.222422 -0.167454 -0.117549 -0.006929 -0.010913 -0.006244 -0.006142 0.000775 0.015698 0.013284 0.011075 0.021712 0.009708 0.005168 0.090454 0.014006 0.105632 0.051146 0.003306 0.001315 0.007357 0.021861 0.053959 0.122985 -0.000479 0.000013 -0.624568 -0.988133 -0.115367 0.002782 0.028742 1.090875 1.392328 1.946814 1.306766 1.855693 1.270777 1.167646 1.102274 0.930461 0.782767
0.046967 0.035672 0.045114 0.038154 0.162767 0.205238 0.133257 0.081232 0.093586 0.085278 0.047276 0.027810 0.024560 0.038965 0.025228 -0.025614 -0.144939 -0.093581 -0.032394 -0.029114 -0.001716 -0.003094 0.000000 0.032267 0.108628 0.100344 0.018817 0.007058 0.003420 -0.007809 -0.028422 0.000240 0.003550 0.095578 0.283455 0.161926 0.001758 0.017680 0.039546 0.033883 -0.044787 0.037342 0.024662 0.046706 0.077409 0.335410 0.398193 0.711123 1.122770 1.834467 1.235534 0.047107 0.018399 0.841497 0.635981 0.542309 0.496543 0.492649 0.333836
0.086381 0.039512 0.040821 0.032863 0.206142 0.222361 0.182730 0.128522 0.000000 0.060336 0.146948 0.051261 0.050801 0.065941 0.049786 -0.004350 -0.177789 -0.209976 -0.083875 -0.008159 -0.023653 -0.008287 0.000000 0.013304 0.031128 0.072210 0.013060 -0.013697 -0.066103 -0.487959 -0.186848 -0.003634 0.001724 0.310717 0.450932 0.519849 0.418537 0.575330 1.368022 0.682594 0.343758 0.079042 -0.132931 -0.077815 0.106056 0.068927 0.348382 0.500533 1.035409 0.716558 -0.011915 0.000000 0.003767 0.895929 1.279695 0.857236 0.942506 1.125977 1.050176
0.065800 0.025122 0.236069 0.026254 0.013169 0.003605 0.061924 0.050311 0.000000 0.024365 0.094410 0.030349 0.032210 0.034100 0.026274 -0.018667 -0.065464 -0.031452 -0.019366 -0.072063 -0.009543 -0.000660 -0.000072 0.000979 0.042287 -0.156460 -0.240847 -0.538275 -0.707658 -0.623699 -0.202842 -0.008671 -0.004141 0.002902 0.003028 0.418143 0.308195 0.632110 0.814610 0.881987 0.379739 0.384588 0.643195 0.595173 0.642107 1.045676 0.613233 0.528917 0.556648 0.224690 0.001766 0.000376 0.188638 -0.485256 -0.426784 -0.110029 0.042648 0.138692 0.177716
0.002038 0.000568 0.007177 0.012923 0.007641 -0.000599 0.011672 0.057446 0.028593 0.009757 0.035058 0.025949 0.028252 0.052368 -0.039888 -0.110509 -0.114057 -0.039062 -0.033129 -0.008740 -0.000561 -0.000170 -0.000001 0.030471 -0.133303 -0.137875 -0.109457 -0.273691 -0.014643 -0.014327 -0.047416 -0.014122 -0.013171 -0.000219 0.000990 0.016136 0.351862 0.176029 0.149044 0.848047 0.285459 0.194577 0.321608 0.324688 0.303235 0.531816 0.454578 0.376046 0.532836 0.387786 0.092195 0.032734 0.128855 -0.722507 -0.600234 -0.156675 0.001445 0.125736 0.200308
-0.072436 -0.094558 -0.000289 0.003733 0.035163 0.067130 0.018167 0.120665 0.304742 0.256964 0.100078 0.033006 0.014305 0.017616 -0.002693 -0.021792 -0.083191 -0.042928 -0.068400 -0.086590 -0.122844 -0.161978 -0.040163 -0.387117 -0.450421 -0.284653 -0.125555 -0.091238 -0.002161 -0.001386 -0.006241 -0.020288 -0.002003 0.001341 0.003946 0.038827 0.047433 0.134868 0.168849 0.886596 0.259495 0.203649 0.356252 0.475724 0.335096 0.242214 0.240215 0.235494 0.222505 0.096169 0.091558 0.372616 -0.367456 -0.711191 -0.609174 -0.328768 -0.285015 -0.269939 -0.131372
-0.025757 -0.001664 -0.000667 0.001697 0.018129 0.070566 0.105601 0.073261 0.039015 0.285834 1.033167 0.325993 -0.062813 -0.265989 -0.311387 -0.355346 -0.645059 -0.223568 -0.053175 -0.086569 -0.095153 -0.034893 -0.077083 -0.488632 -0.641113 -0.593486 -0.566573 -0.770555 -0.021193 -0.001126 -0.002627 -0.003636 0.000700 0.007801 0.008068 0.039391 0.080186 0.125976 0.182206 1.665209 0.890250 0.824760 1.069977 1.223848 1.041877 0.718086 0.797045 0.650245 0.593750 0.118535 0.102049 0.575670 -0.009185 -0.485567 -0.339285 -0.208882 -0.335549 -0.440370 -0.401433
-0.007124 -0.002923 -0.000040 0.027678 0.071042 0.105996 0.050052 0.034441 0.022066 0.007433 0.204942 0.206401 -0.173636 -0.316754 -0.351731 -0.348166 -0.466011 -0.191231 -0.198304 -0.063666 -0.080321 -0.036346 -0.074104 -0.780104 -0.828531 -0.765547 -1.227394 -1.129444 -0.025763 -0.000428 0.000361 0.009903 0.005742 0.007177 0.010776 0.003436 0.036819 0.114602 0.152112 1.912645 1.700164 1.990645 1.140231 1.483281 1.649449 1.586940 1.443704 1.293490 1.205525 0.665917 0.121175 0.728305 0.656295 0.586451 0.638579 0.431430 0.372837 0.246777 0.168024
0.115217 -0.003170 0.001555 0.005379 0.033455 0.090568 0.165433 0.070479 0.046715 0.000380 0.069107 0.239810 0.052955 -0.280839 -0.347692 -0.380450 -0.519751 -0.189077 -0.188316 -0.040195 -0.044796 -0.007188 -0.008691 -0.792997 -0.096492 -0.000138 -0.030324 -0.117666 -0.022295 -0.001007 0.000602 0.001794 -0.000278 -0.000197 0.000864 0.000968 0.020363 0.057245 0.075825 0.049725 0.136931 0.881507 -0.014675 -0.011846 0.261734 0.556949 0.525846 0.712456 0.754046 1.119405 1.410585 1.292727 3.136897 3.415014 3.077269 1.683636 1.422706 1.067511 0.560389
0.070652 -0.002773 -0.000503 0.003646 0.027494 0.042933 0.187342 1.009002 0.005093 0.000796 -0.007632 -0.157025 -0.273050 -0.221564 -0.162760 -0.067450 -0.079704 -0.004354 -0.016853 -0.038872 -0.068143 -0.142139 -0.313358 -0.504676 -0.056018 -0.002565 -0.004297 -0.016645 -0.009189 -0.001926 -0.001035 0.000012 0.000000 0.002536 0.002152 0.001246 0.026719 0.057636 0.014687 0.028663 0.040154 0.030869 0.004392 0.002413 0.005825 0.128663 0.168019 0.097264 0.080427 0.042245 0.018911 0.096646 -0.000019 -0.019329 -0.062619 -0.003790 0.000108 0.020029 0.058209
0.186795 0.073790 0.004827 0.004283 0.015660 0.071399 0.597310 0.869624 0.283423 0.028003 -0.255787 -0.302082 -0.210069 -0.194764 -0.013506 -0.047957 -0.008180 -0.001916 -0.003401 -0.003728 -0.133257 -0.276416 -0.603300 -0.527815 -0.031604 -0.003270 -0.007187 -0.022538 -0.008064 -0.001057 -0.000703 -0.000055 0.000029 0.001001 0.029315 0.035587 0.030110 0.017317 0.010602 0.007435 0.013737 0.023973 0.030194 0.009178 0.029953 0.039908 0.022558 -0.013609 -0.003377 -0.001567 -0.001055 -0.000382 -0.000614 -0.000717 -0.000413 0.000000 0.006340 0.060317 0.084317
0.249074 0.149786 0.003237 0.002186 0.024976 1.076753 0.773912 0.678511 0.670765 0.600417 0.533294 0.368117 0.122328 -0.001679 0.056411 -0.276914 -0.440651 -0.502163 -0.479390 -0.317171 -0.645293 -1.298627 -1.050303 -0.401336 -0.004168 -0.002220 -0.001765 -0.002303 -0.001002 -0.000034 -0.001572 -0.001553 -0.001706 0.000052 0.025182 0.027047 0.023832 0.018576 0.017599 0.010899 0.002061 0.009351 0.026308 0.055268 0.082671 0.039285 -0.013723 -0.048881 -0.029086 -0.005302 -0.026061 -0.010508 -0.000182 0.000513 0.002768 0.001316 0.001375 0.035703 0.023923
0.378787 0.419771 0.264869 0.100220 0.070318 0.438465 0.131485 0.134736 0.291277 0.237542 0.289579 0.349032 0.197773 -0.060809 -0.285792 -0.370912 -0.534266 -0.554680 -0.475925 -0.618996 -1.061418 -1.245335 -0.003758 0.000000 0.000252 0.000222 -0.000220 -0.001189 -0.001731 -0.002414 -0.018346 -0.027101 -0.018988 -0.000265 0.000436 0.007732 0.010158 0.013333 0.005226 -0.000084 0.000126 0.016848 0.040695 0.009473 0.016634 -0.026801 -0.084527 -0.074528 -0.110207 -0.097344 -0.036847 -0.015496 -0.000048 0.016989 0.033359 0.225581 0.648330 0.101557 0.057928
0.001337 0.328793 0.638785 0.602431 1.234881 0.876370 0.507500 0.431141 0.352479 0.228845 0.303058 0.152290 -0.017422 -0.180300 -0.314171 -0.287194 -0.381594 -0.482588 -0.536556 -0.727517 -0.415173 -0.325540 -0.019372 0.000000 -0.000680 -0.003081 -0.010300 -0.019031 -0.030541 -0.017651 -0.058839 -0.032656 -0.029554 -0.008060 0.000009 -0.000276 -0.001258 -0.001674 -0.000745 -0.000069 0.000588 0.006894 0.014600 0.032059 0.049505 -0.035458 -0.122611 -0.225171 -0.109193 -0.084670 -0.063550 -0.022069 -0.000756 0.001283 0.009188 0.024372 0.079728 0.000023 0.019787
