use_cases/Flooding_chicago/flooding_data/output/hUx_2580.asc
ncols 337
nrows 393
xllcorner 428428.000000
yllcorner 4602440.000000
cellsize 26.757400
NODATA_value -9999.000000
[rows 260 to 285 of 393, columns 59 to 117 of 337]
0.028156 -0.012870 -0.004553 -0.000225 0.026721 0.044692 0.012628 0.275448 0.531896 -0.021163 -0.005945 -0.000076 0.000233 -0.054358 -0.276552 -0.023288 -0.006475 -0.000382 -0.050569 -0.008653 -0.000059 0.000518 0.017404 0.027732 0.109727 0.042773 0.100606 0.475168 0.403737 0.912571 0.851266 1.402131 1.590590 1.677016 1.074116 0.783984 0.412791 -0.081156 -0.502839 -0.900259 -1.068118 -1.014759 -0.970247 -0.546032 -0.495770 -0.186792 -0.000186 0.054808 -0.023677 -0.119004 -0.001742 0.027059 -0.183359 -0.350947 -0.399122 -0.431932 -0.754896 -0.714595 -0.769779
-0.029776 -0.076743 -0.045591 -0.006573 -0.004978 -0.019196 -0.003848 -0.004575 -0.038224 -0.024510 -0.005982 0.000003 0.006651 0.030646 -0.057687 -0.008388 -0.002319 -0.002925 -0.006515 0.000543 0.000429 0.000347 0.008598 0.015266 0.022377 0.054719 0.110953 0.431480 0.381475 0.446524 1.296573 1.364952 1.721032 1.303815 1.020420 0.567296 -0.105231 -0.417393 -0.501024 -0.581519 -0.896824 -0.863043 -0.910494 -0.905864 -0.520650 -0.497025 -0.193523 -0.242441 -0.172951 -0.175586 -0.002933 0.039999 -0.104152 -0.163093 -0.179080 -0.205881 -0.268978 -0.368533 -0.246124
-0.057184 -0.123072 -0.057944 -0.028746 -0.044629 -0.078429 -0.033512 -0.010306 -0.031755 -0.018751 -0.000326 0.000208 0.009288 -0.008333 -0.043385 -0.001613 -0.001119 -0.000887 -0.000521 0.001020 0.000667 0.000503 0.000294 0.008598 0.015991 0.024228 0.923272 1.259397 0.525655 0.501201 1.253033 1.758220 1.674974 1.431785 0.786636 0.378457 -0.143017 -0.670617 -0.671177 -0.704589 -1.032187 -0.986876 -1.046880 -1.153798 -0.783386 -0.747599 -0.809058 -0.638087 -0.487442 -0.209722 -0.210183 -0.187801 -0.256538 -0.276679 -0.227024 -0.248386 -0.206713 -0.259730 -0.147756
-0.039568 0.000512 -0.004275 -0.018578 -0.076857 -0.054686 -0.017299 -0.026028 -0.010842 -0.020846 -0.014741 0.010535 0.208792 -0.152611 -0.240861 -0.331619 -0.018597 -0.008801 0.023646 0.024236 0.104239 0.123580 0.031942 0.010186 0.004860 0.038323 0.622776 0.936215 0.776570 1.599027 1.826020 1.952501 1.193907 0.879351 0.098198 0.014596 -0.002037 -0.177111 -0.635627 -0.695846 -1.132738 -1.209996 -1.433147 -1.535042 -1.409728 -1.230611 -1.080083 -0.954453 -0.988314 -0.650166 -0.579714 -0.531855 -0.478554 -0.564213 -0.490577 -0.507654 -0.571391 -0.433620 -0.484852
-0.132163 -0.009435 -0.000353 0.000099 0.006830 0.098327 -0.025085 -0.030528 -0.008227 -0.019435 -0.005195 0.019093 0.348214 0.256185 0.116812 -0.212616 -0.026291 0.003659 0.016294 0.011146 0.070314 0.140405 0.069767 0.012271 0.004236 0.847851 1.588792 1.120900 1.302735 1.533007 1.707022 1.411545 0.853651 0.481428 -0.125118 -0.178263 -0.001394 -0.002242 -0.205419 -0.733039 -0.770834 -0.794301 -0.785478 -1.121910 -1.266371 -0.786399 -0.691930 -0.618273 -0.716290 -0.506202 -0.471234 -0.175842 -0.187120 -0.101477 -0.077060 -0.101253 -0.159032 -0.223708 -0.212947
-0.126057 -0.014036 -0.006928 -0.000041 0.008840 0.018784 -0.005781 -0.000762 -0.000326 0.000611 0.004181 0.009620 0.102165 0.121930 0.086027 -0.038190 -0.106739 -0.008315 -0.000149 0.005883 0.016178 0.123790 0.295194 0.291273 0.927786 0.824936 0.914323 0.135668 0.123921 0.114022 0.166753 0.180959 0.143722 -0.062710 -0.323059 -0.461501 -0.453622 -0.001726 -0.000242 0.000139 0.093910 0.015089 -0.348369 -0.870280 -1.183355 -1.289367 -0.727800 -0.657930 -0.639033 -0.684686 -0.302225 -0.233981 -0.174645 -0.145201 -0.005217 -0.004860 -0.001685 -0.000644 -0.026353
-0.153500 -0.015197 -0.008731 -0.000876 0.000478 0.009978 0.000143 -0.007826 -0.000073 0.005252 0.002287 -0.006005 -0.032881 -0.022086 -0.002124 -0.014054 -0.040563 -0.011350 -0.005411 0.000000 0.009002 0.015295 0.337610 1.270857 1.390665 0.868331 0.313599 -0.165323 -0.450198 -0.415704 -0.120459 0.039515 -0.039110 -0.000634 0.000491 -0.303743 -0.266950 -0.013158 -0.000222 0.000222 0.058934 0.032326 -0.042188 -0.325340 -0.851469 -1.122714 -0.960304 -0.910459 -0.933593 -0.988530 -0.888930 -0.632702 -0.470383 -0.218838 -0.005016 -0.001689 0.004117 0.005187 -0.010430
-0.099028 -0.312068 -0.046247 -0.002970 -0.000257 0.000848 0.000226 -0.001374 -0.001508 0.000250 0.001416 0.000842 0.002583 -0.036905 -0.026005 -0.038873 -0.080194 -0.010651 -0.000663 0.000046 0.000596 0.008968 0.330123 0.161591 0.453128 -0.000827 -0.223174 -0.842932 -0.899927 -1.107413 -0.752707 -0.661157 -0.586964 -0.211896 -0.000380 0.000993 -0.038810 -0.001979 -0.001169 0.000538 0.128179 0.095990 -0.049485 -0.195418 -0.696758 -0.756245 -0.795026 -1.163042 -1.123366 -1.187246 -1.120956 -1.070022 -0.840000 -0.350319 -0.111250 -0.099048 -0.080629 -0.047407 -0.054782
-0.008996 -0.045314 -0.042619 -0.006430 -0.007353 -0.000670 -0.000056 0.000810 0.000683 0.003454 0.004146 0.001420 0.022297 -0.011040 -0.045220 -0.053021 -0.101580 -0.007667 -0.000020 0.008095 0.017062 0.319681 0.319989 0.176852 -0.000102 0.000086 0.023363 -0.081447 -0.549983 -0.507310 -0.433229 -0.535858 -0.724069 -0.571241 -0.000481 0.000653 -0.058166 -0.089647 -0.000064 0.296244 0.297517 0.265288 0.000003 -0.154710 -0.197714 -0.490739 -0.599884 -0.612841 -0.780364 -0.938184 -1.116712 -0.865392 -0.924623 -0.612128 -0.540478 -0.434403 -0.320573 -0.234362 -0.176555
-0.000782 -0.037268 -0.047300 -0.021434 -0.001277 -0.000501 0.001139 0.000979 -0.000142 -0.002929 -0.000360 0.000360 0.010487 0.027338 -0.050079 -0.094564 -0.079245 -0.108968 -0.000000 0.025317 0.088155 0.320799 0.106029 0.032916 -0.000152 0.000304 0.011555 0.031670 0.264875 -0.359119 -0.517135 -0.542933 -1.095626 -1.163556 -0.406098 -0.154120 0.084409 0.291018 0.416181 0.403536 0.351984 -0.007559 0.000046 0.007035 0.098751 -0.287037 -0.612649 -0.713240 -0.860136 -1.031308 -1.349749 -1.330328 -1.044312 -0.629474 -0.572619 -0.518426 -0.461898 -0.475251 -0.324713
-0.009775 -0.013673 -0.060759 -0.023040 -0.001061 0.000879 0.009198 0.003040 -0.093389 -0.011947 -0.000360 0.000360 0.004302 0.003058 -0.039512 -0.036870 -0.026485 -0.006645 -0.073401 0.000000 0.007021 0.098045 0.002137 -0.006074 -0.000003 0.006204 0.020028 0.037963 1.023197 -0.122802 -0.620035 -0.635664 -1.058314 -1.186550 -0.530008 -0.386908 -0.171705 0.067958 0.214159 0.190546 -0.010598 -0.011355 0.009981 0.021248 0.154152 0.069674 -0.106707 -0.397125 -0.363129 -0.440923 -0.578596 -0.503487 -0.579047 -0.473552 -0.397401 -0.371241 -0.390930 -0.452725 -0.559123
-0.001201 -0.001994 -0.005268 -0.007973 -0.001021 0.000942 0.023516 0.060412 0.007430 -0.140442 -0.004636 -0.002065 0.002688 0.003191 0.150957 0.047798 -0.004377 -0.029974 -0.116750 0.000000 0.006119 0.011309 -0.024503 -0.000846 -0.000082 0.000802 0.014302 0.028353 0.992988 -0.332780 -1.439656 -1.554379 -1.610728 -2.565057 -1.829975 -0.671322 -0.461780 -0.254377 -0.150438 -0.011505 0.000000 0.017224 0.024417 0.032353 0.022298 0.023534 0.015184 0.182548 0.104140 0.007562 0.035874 -0.098424 0.013857 0.088441 0.111637 0.076449 -0.062475 -0.246824 -0.239644
0.001125 -0.001367 -0.004761 -0.006285 -0.000822 0.000788 0.017496 -0.009367 -0.034450 -0.132951 -0.003571 -0.000649 0.001986 0.001566 0.146957 0.097512 0.047629 0.079151 0.063269 0.057676 0.237042 0.054608 -0.058583 -0.001309 -0.000573 0.001420 0.008805 0.024078 0.032887 0.046676 -0.809042 -1.660704 -1.910568 -3.341227 -3.713127 -2.060460 -1.672336 -0.798015 -0.043757 0.000000 0.061204 0.048078 0.040937 0.038277 0.021680 0.008808 -0.000439 0.000347 -0.001148 0.023225 0.389740 0.408832 0.803524 0.310015 0.328704 -0.003346 -0.002206 0.014477 -0.169666
0.003260 0.001886 -0.000943 -0.002211 -0.000391 0.000384 0.012766 -0.012735 -0.036626 -0.132161 -0.002228 0.001179 0.071784 0.092221 0.177112 0.151051 0.038573 0.037684 0.061422 0.056452 0.724921 0.114685 -0.014287 -0.018570 -0.000447 0.000875 0.009066 0.018526 0.021911 0.032620 0.089910 0.268185 -0.577140 -0.964824 -1.514609 -1.841795 -1.729795 -0.890811 -0.098112 0.000000 0.145158 0.142707 0.127923 0.047218 0.026864 0.012085 -0.001073 0.000742 0.000904 0.135175 0.644786 0.389657 0.397459 0.468551 -0.001761 -0.004671 0.000000 0.095529 0.430664
0.002664 0.002187 0.000635 -0.000031 -0.000420 -0.000083 0.001006 -0.018938 -0.040161 -0.132881 -0.003098 -0.000201 0.002274 0.001728 -0.174951 -0.107549 -0.000534 0.000315 0.000578 0.090673 0.289660 -0.024883 -0.000240 -0.000112 0.001218 0.019072 0.038170 0.009430 0.022922 0.018558 0.084586 0.198543 0.044630 -0.419593 -0.824228 -1.053771 -1.726132 -1.606423 -0.669977 0.000000 0.026557 0.040882 0.057287 0.054404 0.031681 0.017544 -0.000439 0.000347 0.224321 0.849774 1.522584 0.874395 0.220018 -0.072577 -0.000472 0.000339 0.029470 0.024917 -0.061031
0.018077 0.068592 0.108553 -0.079631 -0.021634 -0.028095 -0.101363 -0.244452 -0.197789 -0.143409 -0.003643 -0.002154 0.002315 0.003323 0.001771 0.000389 0.000234 0.000679 0.006048 -0.004011 -0.082154 -0.003946 -0.000222 0.000222 0.011631 0.021369 0.031453 0.039671 0.035472 0.127858 0.061854 0.038090 0.035805 -0.000000 0.011394 -0.661977 -1.297399 -1.331745 -1.081084 -0.060653 0.011749 0.031271 0.033656 -0.001252 0.000235 0.001395 0.062618 0.096940 0.681358 0.807410 0.617923 -0.278085 -0.138191 -0.124343 -0.001290 0.000589 0.001200 0.016043 -0.083534
0.006185 0.009350 0.004338 -0.049546 -0.148267 -0.092519 -0.053306 -0.051236 -0.031461 -0.002234 -0.003277 -0.000378 0.002805 0.002378 -0.038652 -0.051438 -0.059714 0.003829 0.067312 0.042173 0.016529 -0.003731 -0.000205 0.000017 0.001035 0.062240 0.068981 0.117863 0.184852 0.326639 0.244164 0.150443 -0.045292 -0.000010 0.010281 0.150084 -0.532397 -0.542463 -0.491812 -0.077747 0.026630 0.009098 -0.002819 -0.003494 0.000835 0.003453 0.020517 0.024643 0.106816 0.115163 0.039008 0.030613 0.029471 -0.117222 -0.000877 0.000360 0.000876 0.008113 -0.007290
0.049638 0.068906 -0.017319 -0.069287 -0.168017 -0.061563 -0.022848 -0.024001 -0.011629 -0.001276 -0.001132 0.000311 0.001218 -0.226227 -0.062411 -0.078275 -0.083617 -0.026732 0.025097 0.044831 0.041381 0.052779 0.041967 0.024187 0.031530 0.017209 0.483613 0.046623 0.125670 0.336692 0.313286 0.206247 -0.043582 -0.000360 0.000360 0.014134 -0.454941 -1.199965 -1.459625 -0.629635 -0.325609 -0.149512 -0.004614 -0.006924 -0.005405 0.000007 -0.011975 0.001957 -0.020878 -0.066651 -0.015903 0.180272 0.209110 -0.064992 -0.000035 0.040379 0.054269 0.041726 -0.006206
0.069227 -0.164026 -0.311382 -0.328392 -0.069544 -0.117362 -0.033191 -0.002793 -0.000549 -0.000709 -0.000992 0.000891 0.001187 -0.285235 -0.054989 -0.000686 0.000064 -0.055172 -0.072819 -0.123725 -0.000128 0.000585 0.030784 0.041418 0.046015 0.021895 0.396081 0.047818 0.022056 0.015201 0.006457 0.002306 -0.000118 -0.000360 0.000360 0.011997 0.512982 -0.234538 -0.905318 -0.385974 -0.233593 -0.146259 -0.003053 -0.004366 -0.000352 0.000352 0.007060 0.391086 0.042990 -0.066412 -0.015264 0.017613 0.003085 0.004049 -0.011261 -0.025645 -0.029584 -0.080859 -0.017144
-0.025623 -0.239173 -0.300311 -0.305405 -0.026067 -0.026523 -0.018881 -0.040716 -0.060935 -0.147900 -0.041179 0.000064 -0.121248 -0.167965 -0.031541 -0.002004 -0.002432 -0.000459 0.000727 0.001246 0.002110 0.001617 0.013573 0.012373 0.000000 0.070527 0.148358 0.067631 0.026351 0.016780 0.006826 0.002397 0.000000 0.009348 0.022051 0.397300 0.025142 -0.310956 -0.733420 -0.503381 -0.413516 -0.128370 -0.179014 -0.009962 -0.000007 0.000452 0.001204 0.043172 -0.082951 -0.179888 -0.288402 -0.293598 -0.249700 -0.193821 -0.106227 -0.056858 -0.055580 -0.059638 -0.000555
-0.029791 -0.159148 -0.267449 -0.007336 -0.011565 -0.003605 0.001505 -0.230739 -0.112837 -0.225587 -0.072418 0.000003 -0.061561 -0.076428 -0.014201 -0.025264 -0.004830 -0.002597 0.002382 0.004986 0.003088 0.014616 0.018720 0.028984 0.028600 0.009988 0.021630 0.089391 0.146791 0.158004 0.054015 0.014338 0.000000 0.005268 0.298819 0.166108 0.245060 -0.271818 -1.522729 -1.408862 -0.889960 -0.791894 -0.380213 -0.138370 -0.000000 -0.007323 0.014983 0.027415 0.037387 0.005736 0.011131 0.057201 -0.105097 -0.173790 -0.119573 -0.068171 -0.013289 -0.000003 -0.000396
0.356031 0.258209 -0.001413 -0.003252 -0.002253 0.001009 -0.258349 -0.336150 -0.392358 -0.066549 -0.137311 -0.188060 -0.177151 -0.603248 -0.351716 -0.045999 -0.005007 0.008504 0.014293 0.005463 0.047481 0.040917 0.029659 0.027967 0.020229 0.061464 0.083874 0.121802 0.142917 0.189426 0.260173 0.084258 0.001835 -0.046297 0.011930 0.091661 0.063022 -0.044807 -0.408266 -1.094668 -1.120814 -1.134839 -0.686362 -0.312512 -0.092616 -0.126543 -0.061154 0.062763 0.222766 0.207481 0.157856 0.069413 -0.059879 -0.099940 -0.064280 -0.085855 -0.004180 0.005064 -0.000510
0.000907 0.184847 0.156626 0.040521 -0.057706 -0.150764 -0.198315 -0.222686 -0.072037 -0.088992 -0.144047 -0.169000 -0.172475 -0.226923 -0.023638 -0.009226 0.000017 0.000934 0.004107 0.005195 0.002314 0.015168 0.013661 0.011561 0.007747 0.032194 0.051609 0.013912 0.063844 0.138835 0.496170 0.375212 0.237956 0.291860 0.335968 0.308739 0.267908 0.133345 -0.024153 -0.559259 -0.839201 -1.201808 -1.090378 -0.798190 -0.365754 -0.243437 -0.101200 0.066523 0.120360 0.108903 0.072832 -0.083107 -0.540747 -0.402833 -0.305065 -0.057849 -0.030455 -0.020829 -0.088936
0.012921 0.359916 0.173622 -0.022631 -0.023993 -0.021670 -1.088512 -0.259706 -0.035904 -0.000396 0.000330 -0.071022 -0.140868 -0.019325 -0.011079 -0.000924 0.000371 0.000884 0.002412 0.002154 0.000668 0.003324 0.083396 0.081096 0.203172 0.002010 0.012920 0.007298 0.020658 0.040241 0.374009 0.245228 0.262310 0.314133 0.353799 0.323873 0.413737 0.214355 -0.032990 -0.011502 -0.029166 -0.073041 -0.465081 -0.548912 -0.388269 -0.290498 -0.178027 -0.092267 -0.023318 -0.070679 -0.104657 -0.045975 -0.251511 -0.354217 -0.317339 -0.086323 -0.118480 -0.169206 -0.406472
0.224502 0.175803 0.199436 0.005796 -0.112809 -0.361400 -1.104708 -0.552455 -0.004607 -0.000555 0.000401 -0.025525 -0.097189 -0.032134 -0.017697 -0.000950 0.000866 0.023215 0.039905 0.035267 0.000147 0.000184 0.000577 0.051464 0.274424 0.142527 0.053274 0.063115 0.026919 0.053492 0.111047 0.684257 0.701707 0.622304 0.543947 0.412175 0.218760 -0.138170 -0.246786 -0.028225 -0.001804 -0.004148 -0.033341 -0.071489 -0.162655 -0.126770 -0.082015 -0.034067 -0.043735 -0.110499 -0.141875 -0.134917 -0.136979 -0.291392 -0.293694 -0.284065 -0.118174 -0.154270 -0.163601
0.324730 0.128129 -0.000033 -0.072702 -0.185788 -0.267393 -0.287894 -0.100643 -0.019530 -0.009983 0.000013 0.049189 -0.020812 -0.033307 -0.017514 -0.000831 0.000764 0.016045 0.040270 0.002156 -0.056389 -0.010221 -0.000003 0.007242 0.015577 0.225888 0.148108 0.082355 0.107430 0.057893 0.073807 0.040083 0.033491 -0.027408 -0.046539 0.106840 -0.021589 -0.263636 -0.454502 -0.226123 -0.049356 0.022806 0.034066 -0.048837 -0.089991 -0.077775 -0.075679 -0.059607 -0.056676 -0.106169 -0.109639 -0.100091 -0.124149 -0.228715 -0.273175 -0.316026 -0.155427 -0.190088 -0.104974
