use_cases/Flooding_chicago/flooding_data/output/hUx_3300.asc
ncols 337
nrows 393
xllcorner 428428.000000
yllcorner 4602440.000000
cellsize 26.757400
NODATA_value -9999.000000
[rows 104 to 129 of 393, columns 236 to 294 of 337]
1.528670 1.613696 1.899047 1.629516 1.745076 2.159107 1.619037 1.137003 0.558951 -0.006382 0.294033 1.259329 1.432973 1.794750 1.558343 0.724779 -0.087812 -0.000558 -0.000622 0.000810 0.000523 -0.627545 -1.570918 -0.544951 0.002251 0.007503 0.076411 0.417319 0.197247 0.214879 0.556388 0.774519 0.848997 1.236143 5.478971 6.661951 7.542669 6.969978 4.971610 5.004108 3.954273 3.465550 3.448431 2.279963 1.379249 0.757491 0.313092 -0.001781 0.000000 0.002706 0.292006 0.281446 -0.150899 -0.018121 -0.091381 -0.042093 -0.006912 -0.000000 0.002350
1.607915 1.755294 2.118438 1.909721 2.209109 2.263829 1.420289 1.292292 0.383919 -0.057664 0.429849 1.376586 1.619764 1.810281 1.732637 0.757689 0.006662 -0.019361 -0.000447 0.000389 0.000436 0.085100 0.242028 0.043388 0.016865 0.027532 0.026310 0.411852 0.004277 0.031169 1.163946 2.039234 2.337390 4.611323 5.137539 5.337299 6.259205 4.773689 4.430138 4.941838 3.976502 3.425251 2.296383 1.199428 0.580221 0.019497 -0.695753 -0.001179 0.000000 0.007557 0.042296 -0.000142 -0.000032 0.000000 -0.000411 -0.009501 -0.007807 -0.000018 0.000067
0.695208 0.811933 1.057577 1.345658 1.375368 0.989794 0.851676 0.761197 0.399371 0.817095 1.068053 2.283022 2.150802 2.064891 1.705465 0.230273 -0.133907 -0.002591 -0.000125 0.000144 0.003473 1.139012 0.544419 0.373119 0.395294 0.537201 0.673555 0.719834 0.049489 0.020345 1.412394 2.703522 2.777997 4.089733 4.395387 3.641468 3.708888 6.744122 5.322262 4.509109 3.579602 2.323200 1.184343 -0.003420 -0.227947 -0.187377 -0.020322 -0.000009 0.000008 0.004660 0.000199 -0.002348 -0.000063 0.000018 0.000016 -0.000005 -0.000079 -0.000331 -0.000007
0.794468 1.004489 1.179911 1.398681 1.089208 1.166010 0.839896 0.648938 0.682094 0.872662 1.688443 2.726527 2.814500 1.861889 1.483502 -0.024372 -0.095643 -0.001703 -0.000004 0.003324 0.128225 0.620933 0.734845 0.568899 0.596119 0.676822 1.224362 1.469286 1.352183 1.594174 2.756092 2.665424 4.828978 5.317968 5.172465 4.111138 4.162385 5.113128 3.433043 2.598180 1.578459 0.577586 0.205646 0.343168 -0.058718 -0.199125 -0.047501 -0.000055 0.000055 -0.000015 -0.000330 -0.006760 -0.001953 -0.000016 0.000008 0.001662 0.005018 0.000323 0.000021
1.056085 1.343834 1.549542 1.351756 1.273075 0.972667 0.852142 0.827599 0.918576 1.226385 1.673341 2.236450 1.639921 1.065331 0.072874 -0.009388 -0.025338 -0.034896 -0.000000 0.069724 0.415877 1.312028 1.006182 0.671202 0.798658 0.994688 2.513853 2.918033 3.007452 5.150178 5.600858 3.774469 5.685550 6.010338 5.381898 4.037274 3.728787 3.065499 2.506922 3.292486 1.287864 0.332380 0.308005 0.145836 -1.438596 -1.969109 -0.060239 -0.000055 0.000055 -0.000162 -0.000899 -0.000734 -0.004436 -0.001264 0.000000 0.002443 0.004939 0.004856 0.000713
0.754265 0.844346 0.952729 0.875127 0.827179 0.569871 0.364323 0.115066 0.001941 0.143567 0.586620 0.818199 0.591138 0.445767 -0.059381 -0.035715 -0.003463 0.019193 0.041248 0.397320 0.904706 1.006330 0.644684 0.796923 0.980892 2.381641 3.307513 4.993328 4.762803 5.538977 5.992610 6.394423 5.902249 4.859331 4.226304 4.022249 1.989103 2.671336 2.211205 2.568182 0.273438 0.239104 0.377602 0.102415 -0.237113 -0.370819 -0.108388 -0.000060 -0.000112 -0.000989 -0.005035 -0.002657 -0.000783 -0.000039 0.000027 0.001620 0.001783 0.007213 0.055667
0.342778 0.257337 0.301536 0.415022 0.530936 0.513159 0.308825 0.096673 -0.062299 -0.057229 0.107719 0.198228 -0.135304 -0.476157 -0.081636 -0.109903 0.032868 0.039584 0.075717 0.664369 0.974946 0.964696 1.032634 1.498005 2.959792 4.174314 4.524127 5.024517 5.849650 5.332839 5.759475 5.860829 5.079611 3.942077 3.261968 1.854411 1.822144 1.746361 2.383607 1.359387 0.133078 -0.045787 -0.084000 -0.148249 -0.265519 -0.475969 -0.231669 -0.000137 -0.000277 -0.000288 -0.000513 -0.000183 -0.002915 -0.001286 -0.000006 0.000099 0.003716 0.009443 0.075727
0.371427 0.213648 0.149471 0.232211 0.231952 0.126724 -0.058812 -0.262314 -0.462332 -0.373339 -0.166007 -0.420080 -0.308749 -0.413549 -0.360837 -0.142307 0.082111 0.303730 0.549661 0.669882 1.642457 1.735233 2.177422 2.976372 3.536932 4.448158 4.936838 4.663722 5.012039 4.271043 4.641015 2.826926 2.163909 1.688342 1.626366 1.807786 2.969833 3.209480 1.788874 1.338635 1.574525 0.190788 -0.075624 -0.078501 -0.158868 -0.265920 -0.249564 -0.000367 -0.000734 -0.000255 -0.000567 -0.009244 -0.006307 -0.001625 -0.000020 0.000000 0.000044 0.004076 0.078745
0.802811 1.020898 1.143332 1.084697 1.040738 0.899064 0.715215 0.516467 0.339858 0.088268 -0.366340 -1.205485 -0.596992 -0.326378 0.011242 0.244505 0.407644 0.510819 0.526671 1.269221 2.290491 2.807699 3.260015 3.526816 3.793894 3.546587 3.726974 3.016213 3.107638 3.085542 2.208762 1.052356 1.655431 1.250635 1.459326 3.426415 4.796429 3.353993 2.811050 2.725733 1.459205 0.463758 -0.026117 -0.117143 -0.237773 -0.340367 -0.518444 -0.644602 0.169870 0.178524 -0.014845 -0.034844 -0.011893 -0.003199 -0.002317 -0.000038 -0.000076 0.000127 0.011194
0.997614 1.000632 1.023508 0.966636 0.891245 0.742705 0.762492 0.669692 0.478186 0.260127 -0.454327 -0.264710 -0.302522 -0.196172 -0.024356 0.184596 0.494250 0.784728 1.221937 1.764380 2.748729 2.768845 2.629386 2.667417 2.381052 2.248733 2.789355 1.971856 1.477928 1.582136 1.017307 1.144661 1.818203 1.237571 2.543956 5.008511 4.344900 4.139619 2.311379 1.907920 0.243417 0.074882 -0.006853 -0.051007 -0.003439 0.000000 -0.572049 -0.577620 -0.671479 -0.609937 -0.622966 -0.745799 -0.080660 -0.027075 -0.005456 0.009792 -0.059048 -0.001878 0.001078
1.042521 1.121196 1.009885 0.858341 0.568002 0.489358 0.197065 0.011869 -0.227164 -0.678104 -0.299357 -0.179856 0.052193 0.407859 0.568803 1.196653 1.622936 1.871632 2.442997 2.719270 2.816871 3.080277 3.123627 3.064441 2.718504 2.632668 2.450557 2.128946 1.869871 1.345389 1.523117 1.192081 2.358222 2.232440 2.213249 2.804437 1.858762 0.753902 0.417351 0.224113 -0.003000 -0.000154 -0.000456 -0.000715 -0.000057 0.000000 -0.508831 -0.966855 -1.206053 -1.026775 -1.055249 -1.044127 -0.128690 -0.034254 -0.161250 -0.155938 -0.092409 -0.000510 0.000167
0.980888 0.684144 0.387911 0.464463 0.402583 0.283637 0.020680 -0.260849 -0.478391 -0.498151 -0.256681 -0.046136 0.450314 0.943718 1.123254 1.902622 2.430498 2.554533 3.007994 3.353822 3.075822 3.401715 3.237262 3.314871 3.247695 2.986085 2.834591 2.051446 1.719241 1.907419 1.959033 1.941737 1.190870 1.532943 0.469293 0.345317 -0.414877 -0.556114 -0.127998 -0.021586 -0.003541 -0.000284 0.000122 -0.010616 -0.004508 0.000000 0.002552 -0.017434 -0.310864 -0.253839 -0.218134 -0.407398 -0.078276 -0.020070 -0.017261 -0.015492 -0.022599 -0.000017 -9999.000000
0.982707 0.675911 0.627948 0.723837 0.616542 0.359165 0.039815 -0.022166 -0.513327 -0.621804 -0.132455 0.581829 1.315230 1.905556 2.318210 2.516804 3.265146 3.955037 3.849842 3.765993 3.961112 3.876888 3.760179 3.718112 3.542219 3.197151 3.133618 2.092158 2.285714 2.023824 1.621026 1.249404 0.486454 -0.004598 -1.157069 -0.451571 -0.167554 -0.051341 -0.026004 -0.010713 -0.000861 -0.002224 -0.000344 -0.000160 -0.000973 0.000000 0.002450 0.039651 0.275373 0.099584 0.126542 -0.213513 -0.091038 -0.000072 -0.000059 0.000079 0.000053 -9999.000000 -9999.000000
1.481091 0.883656 0.687620 0.589295 0.127387 -0.213274 -0.002407 0.000000 0.171277 -0.044766 0.674410 1.587450 2.583943 3.300192 3.674578 4.101381 3.533641 4.095784 4.458014 4.578594 5.539123 4.734480 4.710784 4.672298 4.504258 3.370945 3.064889 1.788857 1.374461 0.831702 0.225926 -0.460913 -0.437725 -0.599279 -1.587517 -0.831271 -0.343759 -0.040927 -0.006862 -0.020324 -0.073723 -0.018236 -0.000098 0.000062 0.000081 0.000050 0.000158 0.032958 0.089705 0.908428 1.059532 0.887515 -0.004119 -0.001864 -0.000001 -9999.000000 -9999.000000 -9999.000000 -9999.000000
2.365005 1.061997 0.679389 0.471705 0.174441 -0.227191 -0.005364 0.000000 0.158347 0.581247 1.061838 1.541072 2.231475 3.339341 3.807888 3.495423 3.681389 4.558545 4.934011 5.498300 5.514169 5.351803 4.832431 4.918332 3.937369 3.487864 3.223233 2.725319 2.017389 1.067340 0.805865 0.158689 -0.102108 -1.095204 -1.352462 -1.558874 -0.673845 -0.075967 -0.005324 -0.001719 -0.007135 -0.010123 -0.000064 0.000049 0.039556 0.193018 0.145377 0.089937 0.116554 1.175601 -0.010284 0.000072 -0.000256 -0.000008 -9999.000000 -9999.000000 -9999.000000 -9999.000000 -9999.000000
2.780772 1.388219 1.005726 0.760964 0.676455 0.260178 -0.008950 0.000000 0.004201 1.309813 2.310328 2.957932 2.969133 3.608773 3.452586 3.382892 4.039067 4.167408 4.652759 4.830329 3.772319 3.963226 3.998202 3.067466 3.103074 2.327417 3.095892 1.835622 0.712023 0.202037 -0.603910 -0.319794 -0.458104 -0.785756 -0.758883 -0.878014 -0.722679 -1.045954 -0.505421 -0.166439 -0.014871 -0.031250 -0.014904 0.009895 0.027004 0.019468 0.003593 0.042899 0.134825 0.402386 -0.073131 -0.003968 0.000000 -9999.000000 -9999.000000 -9999.000000 -9999.000000 -9999.000000 -9999.000000
0.354897 0.117871 -0.038578 -0.223308 -0.151016 -0.219953 -0.000759 0.000168 0.303097 2.072697 2.786505 2.819652 3.072469 3.197609 3.961857 4.119411 4.053102 4.159060 4.179605 3.774863 2.743315 2.672326 2.379369 1.445739 0.728743 0.293996 -0.167882 -0.008328 -0.000000 0.003807 0.007163 -0.055933 -0.144622 -0.275865 -0.696021 -0.535289 -0.687699 -0.826368 -0.280472 -0.188301 -0.256994 -0.044511 -0.073457 -0.023841 0.032112 0.021507 0.000000 0.002754 0.026309 0.005103 0.002538 0.002489 -9999.000000 -9999.000000 -9999.000000 -9999.000000 -9999.000000 -9999.000000 -9999.000000
0.012747 -0.000213 -0.021148 -0.522081 -0.492647 -0.000025 0.000362 0.279507 1.248692 3.132921 3.558373 3.510387 3.425273 3.257052 3.065889 4.162634 3.372220 3.084583 2.849132 2.173432 1.238308 1.076746 0.956312 0.631361 -0.050369 -0.022282 -0.016907 -0.001355 0.000006 0.000470 0.002343 0.011981 -0.000350 -0.316089 -1.080910 -1.427267 -1.387929 -0.314222 -0.041196 -0.015725 -0.028478 -0.033505 -0.113744 -0.132540 -0.168208 -0.006779 0.000000 0.009471 0.032214 0.009803 0.004713 0.005296 -9999.000000 -9999.000000 -9999.000000 -9999.000000 -9999.000000 -9999.000000 -9999.000000
-0.000074 -0.000019 0.000030 0.000049 -0.000016 0.000052 0.005625 0.676306 1.226463 2.251773 2.956288 3.210885 3.128180 3.524154 3.324692 3.104704 3.263388 3.112812 2.707258 1.867466 1.179363 0.740008 0.511713 -0.309951 -0.062598 -0.046055 -0.023443 -0.002925 -0.001151 -0.000079 0.000123 0.000096 0.000072 -0.206913 -0.988583 -3.198388 -2.022597 -0.591203 -0.076910 0.001576 0.027482 0.036856 0.130127 0.093658 -0.110212 -0.009807 0.000004 0.014387 0.023941 0.003223 0.004336 0.001550 -9999.000000 -9999.000000 -9999.000000 -9999.000000 -9999.000000 -9999.000000 -9999.000000
-0.001414 -0.000377 -0.000021 0.000194 0.000269 0.002049 0.010926 0.984803 1.340263 2.362154 3.196684 3.540943 3.451051 3.814349 3.625460 3.242502 3.381703 3.168691 2.321235 1.866930 1.132665 0.557719 0.234653 -0.296008 -0.042189 -0.012690 -0.000670 -0.002175 -0.000620 -0.001414 -0.000034 0.000014 0.000239 0.033965 -0.292534 -3.514405 -2.657210 -0.660035 -0.036911 0.016470 0.027482 0.018205 -0.000235 -0.000300 -0.000082 -0.000103 0.000087 0.002894 0.000957 0.000235 0.000233 -9999.000000 -9999.000000 -9999.000000 -9999.000000 -9999.000000 -9999.000000 -9999.000000 -9999.000000
-0.044149 -0.006294 0.000000 0.000888 0.000509 0.002273 0.010567 0.853866 1.267198 2.738981 3.431957 4.800624 4.862077 4.553581 4.356694 3.633318 3.501614 2.841715 2.700951 2.052760 1.341040 0.657239 -0.342215 -1.973346 -0.011894 -0.006776 -0.003780 -0.000603 -0.001500 -0.000129 -0.000000 0.000129 0.002903 0.073336 0.012880 -2.633466 -3.569024 -1.186317 -0.136301 0.020035 -0.025709 -0.023983 -0.006990 -0.000138 -0.000178 -0.000000 0.002890 0.009173 0.000007 0.000081 -9999.000000 -9999.000000 -9999.000000 -9999.000000 -9999.000000 -9999.000000 -9999.000000 -9999.000000 -9999.000000
-0.017885 -0.006880 0.000009 0.003154 0.006649 0.008655 0.008957 0.949322 1.267358 3.331303 5.531826 5.592480 5.069709 4.443847 3.727362 3.308534 2.559620 2.080734 2.099107 2.033499 1.844001 1.173616 0.845252 -0.038820 -0.005724 -0.001162 0.000004 0.000218 0.000558 -0.000129 -0.000000 0.000129 0.001966 0.097800 0.203063 -1.312717 -4.849676 -4.083664 -0.406720 -0.007109 -0.018538 -0.020899 -0.010511 -0.000277 -0.000685 -0.000017 0.001893 0.003490 0.000475 -9999.000000 -9999.000000 -9999.000000 -9999.000000 -9999.000000 -9999.000000 -9999.000000 -9999.000000 -9999.000000 -9999.000000
-0.000044 0.000059 0.000296 0.004748 0.008136 0.008155 0.059048 2.109214 3.075281 4.204892 4.575265 4.008168 3.585211 2.854748 1.008012 0.377886 -0.135681 -0.757344 -0.980730 -1.331104 -1.565783 -0.037714 -0.014172 -0.008679 -0.003001 0.000000 0.001339 0.004444 0.000550 0.333093 0.372216 0.292031 0.442697 0.213867 0.072671 0.038703 -1.816405 -3.012662 -1.692143 -0.058501 -0.044213 -0.038470 -0.014210 -0.039271 -0.006616 -0.000459 0.000081 0.000308 -9999.000000 -9999.000000 -9999.000000 -9999.000000 -9999.000000 -9999.000000 -9999.000000 -9999.000000 -9999.000000 -9999.000000 -9999.000000
0.000046 0.002145 0.042700 0.182988 -0.350698 -0.706581 0.301610 1.346780 3.830329 4.879195 3.946882 3.512501 2.821511 1.420389 0.504910 0.223151 -0.068536 -0.570119 -0.614395 -0.685199 -0.240999 -0.066242 -0.016871 -0.008344 -0.001962 0.000000 0.001744 0.004430 0.307095 0.313927 -0.000048 0.000002 0.000048 0.000401 0.000835 0.015992 -0.549798 -1.285520 -0.897535 -0.064912 -0.025862 -0.012031 -0.020604 -0.045482 -0.005750 -0.000266 0.000067 -9999.000000 -9999.000000 -9999.000000 -9999.000000 -9999.000000 -9999.000000 -9999.000000 -9999.000000 -9999.000000 -9999.000000 -9999.000000 -9999.000000
0.000308 0.004540 0.035044 0.192095 1.357550 1.266551 1.518515 1.456475 3.869889 5.543815 2.124109 -0.421775 -1.797660 -0.101356 0.015858 0.176135 0.191641 0.142901 0.024198 -0.535771 -0.287760 -0.122852 -0.018204 -0.018249 -0.003797 0.000000 0.011522 0.183267 0.085558 -0.006842 -0.000130 0.000017 0.000136 0.003691 0.010915 0.049455 -0.614047 -1.314602 -1.352232 -0.025064 -0.010444 -0.021040 -0.024088 -0.053511 -0.004765 -0.001165 0.000174 0.000996 -9999.000000 -9999.000000 -9999.000000 -9999.000000 -9999.000000 -9999.000000 -9999.000000 -9999.000000 -9999.000000 -9999.000000 -9999.000000
0.001626 0.000820 0.070737 0.081835 0.085380 0.119238 0.420332 1.764953 3.693378 4.429774 1.679917 -0.484314 -0.179160 0.052465 0.079484 0.122138 -0.084015 -0.080090 -0.141615 -0.186658 -0.242380 -0.080220 -0.028938 -0.013118 -0.000724 0.000591 0.009180 0.090749 -0.011769 -0.011732 -0.000173 0.000082 0.000148 0.007714 0.018956 0.070326 -0.708087 -1.192856 -0.723711 -0.018618 -0.016429 -0.118318 -0.089814 -0.091172 -0.053463 -0.000131 0.000329 0.001316 -9999.000000 -9999.000000 -9999.000000 -9999.000000 -9999.000000 -9999.000000 -9999.000000 -9999.000000 -9999.000000 -9999.000000 -9999.000000
