use_cases/Flooding_chicago/flooding_data/output/hUx_2580.asc
ncols 337
nrows 393
xllcorner 428428.000000
yllcorner 4602440.000000
cellsize 26.757400
NODATA_value -9999.000000
[rows 130 to 155 of 393, columns 118 to 176 of 337]
-0.000278 0.001113 0.315937 0.835509 0.845214 0.940009 0.824619 0.775264 0.760784 0.748247 0.856294 0.827259 0.940516 0.918741 0.809271 0.823541 0.777325 0.771614 0.491693 0.465830 0.443275 0.351069 0.358667 0.356416 0.204103 0.161094 0.054777 0.026474 0.014958 0.000000 0.058272 0.406398 -0.067749 -0.035190 -0.034970 -0.032856 -0.002939 -0.013749 -0.003663 0.000000 0.006355 0.012975 0.021278 0.037296 0.070525 0.018288 -0.136715 -0.063475 -0.043433 -0.027171 -0.009235 -0.000739 -0.000836 0.001122 0.000603 0.001112 0.000516 0.000737 0.009927
0.000645 0.002784 0.017925 0.587161 0.578454 0.548374 0.470617 0.371296 0.379721 0.404913 0.498233 0.523493 0.581210 0.750995 0.696106 0.799418 0.902206 0.814050 0.649219 0.534261 0.504034 0.383371 0.374415 0.629665 0.585631 0.306894 0.259056 0.104811 0.077887 0.000000 0.040331 0.573017 0.852390 0.077482 -0.049998 -0.047250 -0.014195 -0.001317 -0.000111 0.000194 0.007855 0.024097 0.024408 0.040228 0.066405 0.005956 -0.026657 -0.029340 -0.024948 -0.018824 -0.007810 -0.000228 -0.000113 0.000021 0.000264 0.001521 0.000361 0.007285 0.014628
0.002264 0.004504 0.002787 -0.548856 -0.675190 -0.778710 -0.623963 -0.435215 -0.192848 -0.065718 0.084385 0.227760 0.386554 0.557545 0.640525 0.819917 1.251093 1.242572 1.368654 1.105543 0.926831 0.944417 0.602648 0.661592 0.626014 0.352776 0.231832 0.183027 0.133543 0.015638 0.010144 -0.074552 -0.083678 -0.062479 -0.245030 -0.038326 -0.006739 -0.000214 0.000104 0.006391 0.011745 0.001197 0.003142 0.000000 -0.002818 -0.003038 -0.016324 -0.018547 -0.028488 -0.029805 -0.014233 -0.000576 -0.000579 0.000007 0.003994 0.015762 0.000000 0.008017 0.025646
0.003184 0.004376 0.002682 -0.066426 -0.058412 -0.008746 -0.002177 0.060947 0.129397 0.212196 0.496374 0.598150 0.721327 0.790787 0.818263 0.975143 1.441887 1.429230 1.571653 1.524107 1.487613 1.319974 1.312318 1.398605 1.200439 1.141717 1.148494 1.073054 1.025644 0.751560 0.663498 0.484240 0.481447 0.447720 0.572139 0.289459 -0.007694 -0.000102 0.000077 0.006770 0.031701 0.003239 0.000680 -0.024466 -0.013164 -0.007055 -0.029283 -0.036705 -0.031115 -0.013986 -0.007046 -0.000372 -0.000206 0.000363 0.010522 0.021899 0.001679 0.008764 0.016883
0.001839 0.001824 0.131809 0.054713 0.058579 0.097166 0.144119 0.192536 0.245915 0.313074 0.507826 0.745264 0.815843 0.928813 0.923072 0.955747 1.383725 1.489844 1.484972 1.678524 1.491601 1.335476 1.365227 1.310735 1.185535 1.328790 1.309235 1.193788 1.092656 0.792118 0.715771 0.544040 0.385444 0.281682 0.311533 0.131666 -0.015166 -0.000108 0.000095 0.001035 0.004863 0.012272 0.026014 -0.023351 -0.032380 -0.018229 -0.017190 -0.014744 -0.010376 -0.008501 -0.001059 -0.000123 0.000276 0.010003 0.024467 0.030102 0.001562 0.004665 0.019729
0.197408 0.228290 0.560721 0.490248 0.491190 0.445095 0.563300 0.566321 0.605135 0.683791 0.764902 1.017545 1.330263 1.275298 1.459641 1.322487 1.403554 1.417647 1.414720 1.473324 1.397660 1.261240 0.891602 0.744991 0.740971 0.538480 0.430417 0.383388 0.308268 0.029539 0.381463 0.447284 0.853358 0.770792 1.210634 1.439582 1.409380 0.779843 0.677664 0.524312 0.271623 0.169002 0.124582 -0.138692 -0.051811 -0.035449 -0.009123 -0.003157 -0.014134 -0.009768 -0.000324 0.000004 0.000153 0.005488 0.019611 0.047906 0.044339 0.042209 0.005168
0.481896 0.872076 0.713430 0.725499 0.579107 0.711824 0.694518 0.803644 0.800703 0.861846 0.935727 0.993790 1.064139 1.186710 1.315924 1.499551 1.344164 1.374562 1.662162 1.764472 1.779360 1.586440 1.481255 1.218829 1.035211 1.046589 0.776198 0.908066 0.747609 0.784585 1.115906 1.025479 1.677670 1.781312 1.870924 1.872468 1.702891 0.930976 0.770247 0.556396 0.684429 1.373859 0.657867 -0.117692 -0.889165 -0.020610 -0.009143 -0.000115 -0.023409 -0.024209 -0.008042 0.000000 0.006499 0.023518 0.040900 0.053048 0.303403 0.328521 0.378776
0.212628 0.751847 0.508980 0.425665 0.468352 0.494186 0.449548 0.505286 0.511312 0.488972 0.567558 0.656190 0.837191 0.872096 1.015046 1.085195 0.999297 1.043193 1.363818 1.377609 1.622995 1.512201 1.729809 1.486473 1.238860 0.887011 0.942180 0.687847 0.841090 2.016827 2.137199 2.469896 2.343948 2.259003 2.412660 2.277955 1.923499 0.963979 0.708164 0.436890 0.572815 1.392722 0.842644 0.246117 -0.320067 -0.028445 -0.006461 -0.000002 -0.030815 -0.004077 -0.000168 0.000364 0.000473 0.010749 0.033861 0.671627 -0.375674 -0.009281 0.412719
1.112899 0.824912 0.530169 0.553745 0.452653 0.458247 0.382974 0.374696 0.326878 0.297411 0.365389 0.440034 0.465254 0.544378 0.468068 0.787994 0.532333 0.574844 0.916386 1.092319 1.154338 1.018489 1.682058 1.703806 1.626894 1.367453 1.568518 1.844882 2.813239 2.775262 2.772115 3.356472 3.088816 2.895477 3.026329 2.806295 2.236629 0.922864 1.111136 0.808322 0.562636 1.015345 0.737823 0.447193 0.624614 0.650119 0.288294 0.000658 -0.002916 0.000154 -0.000005 0.000124 -0.000128 0.000374 0.049762 0.237056 0.278211 0.841453 1.294479
0.367056 0.194166 0.193784 0.142231 0.097437 0.040362 -0.016399 -0.026503 -0.016888 0.091002 0.264254 0.384156 0.412697 0.526889 0.852814 1.203339 0.747818 0.845624 0.949680 1.571512 1.272763 1.443361 1.562477 2.171508 2.213616 2.372312 2.950193 3.025630 3.634571 3.206479 3.253080 3.822157 3.348991 3.141114 3.597712 2.705186 3.064888 2.654823 3.135652 2.549068 2.283237 1.819588 3.014493 2.375623 2.182558 1.827859 1.472700 0.729543 0.486741 0.563308 1.659507 1.179721 1.073311 0.095259 0.896782 1.770866 2.291388 2.145855 1.868034
0.356896 0.210435 0.287755 0.252017 0.161501 0.078458 0.012063 0.013510 0.057253 0.163453 0.265092 0.338749 0.385504 0.506118 0.759755 0.927668 0.760255 0.889114 1.023471 1.159981 1.338576 1.518126 1.646203 2.302710 2.278077 3.242303 3.675529 3.170007 3.629230 2.991932 2.815098 2.935902 2.121552 2.760206 4.109037 2.997129 3.487298 5.089207 4.390231 6.488817 3.490380 4.290399 4.594389 4.463648 4.218620 3.851056 3.483601 2.849757 3.266512 5.507377 7.245350 6.327173 5.709117 5.657111 2.742541 4.601491 3.511848 3.117278 2.928079
-0.203531 -0.085049 -0.032789 -0.007304 0.040022 0.089211 0.189191 0.221975 0.313863 0.395758 0.452709 0.355081 0.378230 0.663736 1.013475 0.955765 1.148185 1.199346 1.048481 1.130935 1.831043 1.399478 1.463589 1.476670 2.171981 1.875495 2.170542 2.371844 1.996347 1.345650 0.925969 0.687291 0.000012 0.088421 0.111356 -0.000001 0.384147 1.258984 3.069935 3.071742 2.943725 6.811289 4.685175 4.200228 4.781897 4.275623 5.277281 5.059895 5.697580 5.337978 4.559174 3.977510 5.509091 4.703406 2.065905 2.815301 2.171551 1.743812 2.167369
0.114805 0.061085 0.138031 0.116716 0.168748 0.212160 0.358095 0.309344 0.322831 0.333348 0.236861 0.316760 0.452402 0.773103 1.150016 1.187291 1.264095 1.245935 1.147359 1.232160 1.382758 1.147608 1.148453 1.059935 0.956114 1.235148 0.945831 0.739763 0.282258 0.003828 -0.026631 -0.016951 -0.006487 -0.000045 -0.000095 -0.000033 0.000153 0.012891 0.060020 0.536783 2.064202 3.967351 3.464788 3.521514 2.796505 2.489086 2.719187 2.810933 1.936923 0.631884 0.286795 0.314863 2.176180 3.126245 1.675161 1.477031 1.262948 1.141448 2.200249
1.343700 1.048055 0.757626 0.523231 0.413530 0.339894 0.294559 0.395772 0.120764 0.071593 0.211103 0.362394 0.493452 0.824481 1.025943 0.964362 0.975501 0.935820 1.002327 1.208216 1.140699 0.999804 0.636202 0.625013 0.621770 0.570993 0.401239 0.265222 -0.003285 -0.001217 -0.013881 -0.010733 -0.001196 -0.001131 0.000155 0.001338 0.000968 0.014209 0.035291 0.056576 0.156783 0.518400 0.049330 0.065676 0.244312 0.466948 0.763292 0.808135 0.274409 0.002741 0.074897 0.211682 0.821493 1.749237 1.257283 1.258084 1.199425 1.154497 1.042027
0.178669 0.056347 -0.033754 -0.158412 -0.130992 -0.035543 0.016526 -0.003737 0.002268 0.054529 0.228067 0.409061 0.516642 0.648389 0.590432 0.473928 0.496834 0.549535 0.359034 0.162060 0.129530 0.015046 0.004250 0.000321 -0.004900 -0.026052 -0.060249 -0.119064 -0.021521 -0.003788 -0.024859 -0.012001 -0.001934 -0.002809 0.000447 0.002695 0.030527 0.043819 0.037325 0.023901 0.005557 0.015109 0.053679 0.132364 -0.004231 -0.153736 -0.349063 -0.019355 -0.000013 0.016464 0.093646 0.166326 0.532149 1.242648 1.004038 1.128547 1.155782 1.170575 1.117363
0.211215 0.099966 -0.034679 -0.160058 -0.231181 -0.267764 -0.166385 -0.145813 -0.107811 -0.050198 0.078845 0.264135 0.493279 0.569091 0.563853 0.255122 0.110777 -0.101534 -0.041006 0.001253 -0.006778 -0.000003 0.000307 0.000919 0.001452 0.000631 -0.006864 -0.076241 -0.010491 -0.002095 -0.004244 -0.007767 -0.008936 -0.002676 -0.001328 0.002896 0.027174 0.042555 0.023994 0.004440 0.009749 0.031360 0.081937 0.231943 0.043471 -0.220521 -0.522224 -0.029158 -0.000401 0.000555 0.030211 0.058938 0.256083 1.803748 1.150530 1.209719 1.169960 1.123728 1.005137
0.139053 0.066381 0.253352 0.085407 0.077848 0.022615 -0.044891 -0.084801 -0.074847 -0.099976 -0.205512 -0.201282 -0.129651 -0.073285 -0.094833 -0.035442 -0.012877 -0.008336 -0.040536 -0.081171 -0.108930 -0.000208 0.000326 -0.000270 -0.000030 0.009503 0.017448 0.000445 -0.002053 -0.002794 -0.001215 -0.001353 -0.001408 -0.000470 -0.000360 0.000360 0.017654 0.025516 0.039065 0.048819 0.047865 0.017161 0.028873 0.014542 0.189343 0.049195 -0.213613 -0.045396 -0.000330 0.000396 0.022079 0.016421 0.161065 1.057463 1.111516 1.107247 0.899156 0.666106 0.028234
0.177731 0.124565 0.621710 0.476035 0.542517 0.427745 0.357570 0.284765 0.244914 0.094977 -0.112936 -0.317961 -0.625180 -0.446570 -0.224270 -0.095449 -0.062026 -0.056517 -0.053186 -0.075442 -0.102672 -0.001006 -0.012381 -0.011669 -0.000764 0.000262 -0.000332 -0.002118 -0.001769 -0.000102 0.001195 0.016329 0.037257 0.003571 -0.000360 0.000360 0.013333 0.042291 0.036287 0.053338 0.703003 0.014786 0.006712 0.003668 0.002495 -0.000525 -0.009603 -0.020867 -0.022596 0.012880 0.062356 0.047270 0.415238 0.269595 0.356081 0.253242 0.174340 0.107837 0.080616
0.276745 0.234757 0.915990 0.765588 0.926026 0.744915 0.659866 0.531807 0.395442 0.238244 -0.012040 -0.145794 -0.260606 -0.568535 -0.528294 -0.268081 -0.057433 0.226515 0.361780 0.435722 0.660029 0.567480 0.371863 -0.037210 -0.001978 -0.002337 -0.000278 -0.001605 -0.000573 0.000271 0.022616 0.029504 0.022516 0.001070 -0.000167 -0.000036 0.000814 0.010255 0.107322 0.328683 0.255797 0.016518 0.010017 0.002111 0.001216 0.002121 0.011805 0.009914 0.020473 0.760858 1.126689 1.532632 1.334379 0.720789 0.686160 0.471361 1.195607 0.268150 0.222263
0.738696 0.275140 1.383503 1.108849 1.160297 0.902311 0.731198 0.352078 0.152746 -0.092563 -0.254237 -0.442938 -0.401279 -0.687595 -0.613033 -0.228242 -0.255980 -0.292170 -0.179338 -0.196771 -0.383588 -0.267482 -0.165237 -0.148594 -0.028476 -0.019086 0.000001 0.003214 0.000775 0.000463 0.002173 0.021162 0.074818 0.013340 0.002811 -0.000172 -0.000030 0.000942 0.009230 -0.024833 -0.075966 -0.118801 -0.040597 0.000000 0.003227 0.004094 0.002477 0.000000 0.008376 0.711671 1.794188 2.029619 1.112622 1.604928 1.041267 0.699953 1.379883 1.936265 1.346105
0.200153 0.956964 0.486687 0.217612 0.075909 -0.198315 -0.263374 -0.407484 -0.486980 -0.526519 -0.854257 -0.864586 -1.006358 -0.827079 -0.804220 -0.397791 -0.247899 -0.144762 -0.115771 -0.028196 -0.260296 -0.223018 -0.099062 -0.180734 -0.045155 -0.000674 0.000031 0.011342 0.017605 0.001371 0.000703 0.002972 0.087769 0.649634 0.265150 0.113593 -0.000158 0.000128 0.001140 0.119011 0.374661 0.187036 -0.050521 0.000000 0.003702 0.003347 0.001685 0.000000 0.013193 0.564950 0.730834 1.012715 0.823574 1.079082 2.051834 1.083446 1.055596 1.133681 1.464004
0.003663 0.416724 0.187097 -0.259395 -0.476043 -0.658124 -0.599441 -0.680559 -0.767617 -0.895558 -0.936179 -1.447508 -1.082441 -1.044489 -1.044471 -1.088352 -0.309209 -0.102871 -0.055807 -0.110320 -0.020508 -0.169458 -0.230340 -0.278010 -0.072217 -0.028526 0.000000 0.039845 0.092547 0.010772 -0.043131 0.000346 0.280687 0.518784 0.770735 0.851607 0.442983 0.428941 0.405045 0.297156 0.348162 0.191151 0.016650 0.010319 0.008678 0.008484 0.009706 0.004386 0.264211 0.712198 0.348794 0.009925 0.000000 0.381339 0.773903 0.227979 0.443214 0.954406 1.228693
0.270044 0.488103 0.131897 -0.206886 -0.819329 -0.887274 -0.864676 -0.979396 -0.659939 -0.640669 -1.002989 -1.014621 -1.329946 -1.095752 -0.876574 -0.736261 -0.359455 0.004011 0.034044 0.012011 0.061812 0.088248 -0.047776 -0.208836 -0.019887 -0.007132 0.000000 0.013281 0.077518 0.110549 0.047727 0.307803 0.628581 0.806721 1.141943 1.241841 1.115492 0.565286 0.501881 0.369250 0.399489 0.192876 0.016228 0.009679 0.007231 0.007673 0.008379 0.220360 0.330555 0.444151 0.191639 -0.013813 0.000000 0.013545 0.747967 0.588267 1.496386 2.185221 2.440313
1.476556 0.466538 -0.007202 -0.003773 0.013438 -0.297341 -0.387705 -0.485452 -0.510754 -0.513581 -0.831238 -0.961804 -0.907077 -0.958685 -0.759449 -0.701406 -0.642507 -0.512442 -0.248718 -0.069693 -0.058221 -0.045633 -0.144075 -0.034789 -0.034637 -0.010007 0.000000 0.010871 0.062898 0.137366 0.083331 0.259158 0.381626 0.323247 0.863349 0.866505 1.125004 0.511687 0.469635 0.343415 1.120781 1.056842 0.661938 0.415657 0.006157 0.004888 0.003774 -0.100247 -0.418447 -0.345264 -0.430329 -0.309961 0.000015 0.036703 1.595538 1.944433 2.853334 3.060217 2.605955
0.971034 0.590901 0.036931 0.008893 0.008590 0.006286 -0.000360 0.000360 -0.178198 -0.249814 -0.548661 -0.786210 -0.829032 -1.243834 -0.924452 -0.658233 -0.344562 -0.171881 -0.120477 -0.040034 -0.023886 -0.037895 -0.148889 -0.049282 -0.022833 -0.001279 0.000831 0.015162 0.030957 0.155355 0.159926 0.279573 0.362371 0.351881 1.045152 1.170494 1.270557 1.400409 0.507130 0.865574 0.583121 0.826100 1.291129 1.290931 1.369497 0.783718 1.954480 1.824662 1.468957 1.189974 0.773167 0.984657 0.548148 1.987510 3.061521 3.595387 2.730376 1.277644 1.119930
0.000931 0.001639 0.075115 0.157010 0.197838 0.136472 -0.000360 0.000360 -0.128018 -0.197261 -0.458289 -0.684828 -0.883758 -1.004768 -0.835997 -0.582005 -0.301655 -0.163886 -0.119559 -0.056618 0.074596 0.023290 -0.247925 -0.033456 -0.008626 -0.000958 0.000817 0.016625 0.014904 0.834370 0.599951 0.407496 0.385530 0.722531 0.951365 0.621955 1.766387 2.117871 2.352894 4.198192 4.285830 3.783400 5.136436 4.874959 4.686903 4.214771 2.760568 4.600593 4.000714 3.552611 2.727046 2.612544 2.348295 2.138992 1.253336 1.095175 0.893664 0.820222 0.704363
