use_cases/Flooding_chicago/flooding_data/output/hUx_120.asc
ncols 337
nrows 393
xllcorner 428428.000000
yllcorner 4602440.000000
cellsize 26.757400
NODATA_value -9999.000000
[rows 182 to 207 of 393, columns 116 to 173 of 337]
0.000000 0.010730 0.038521 -0.038841 -0.034368 -0.010582 -0.000074 0.000648 0.005837 0.009236 0.015866 0.026010 -0.000207 -0.026351 -0.011337 -0.000974 -0.000635 -0.001122 -0.009551 -0.030652 -0.099888 -0.125881 -0.071427 -0.033261 -0.021135 -0.000538 0.000178 0.006824 0.027119 0.029595 0.040817 -0.052061 -0.031272 -0.014784 -0.004113 -0.005100 -0.000260 0.000487 0.013883 0.071929 -0.000843 -0.001556 -0.002049 -0.002148 -0.001962 -0.000512 0.002030 0.009517 0.025793 0.081484 -0.045242 -0.025094 -0.020230 -0.012136 -0.002620 -0.001769 0.002212 0.002671
-0.000094 0.000796 0.013720 -0.119043 -0.022273 -0.005920 -0.000074 0.000152 0.009249 0.015496 0.003657 -0.000797 -0.002122 -0.012505 -0.009920 -0.001882 -0.000679 0.000325 0.000976 -0.001333 -0.004877 -0.013058 -0.068276 -0.051920 -0.018348 -0.005961 0.000006 0.001393 0.001750 0.002615 -0.002757 -0.005987 -0.027802 -0.019504 -0.001367 -0.000732 0.000351 0.005702 0.003739 0.000706 -0.000067 -0.001539 -0.007011 -0.004618 -0.006402 -0.000367 0.000395 0.007548 0.017544 0.024581 -0.093104 -0.028679 -0.026391 -0.020736 -0.003097 -0.001208 0.002969 0.002780
-0.020437 0.000026 -0.015678 -0.067992 -0.047818 -0.020648 -0.000373 0.000398 0.004486 0.002149 -0.004389 -0.003453 -0.015674 -0.019194 -0.019982 -0.005834 -0.004696 -0.000909 -0.000689 -0.000250 -0.000555 -0.002479 -0.009494 -0.039145 -0.034161 -0.006925 0.000000 0.000708 0.000709 -0.053689 -0.012680 -0.003780 -0.019107 -0.026985 -0.016864 -0.000383 0.000069 0.001171 -0.065135 -0.009074 -0.001474 -0.001112 -0.007603 -0.029096 -0.010749 -0.000747 0.000873 0.008409 0.022450 0.022772 0.026992 -0.066181 -0.026167 -0.003882 -0.000187 0.000187 0.002619 0.001988
-0.002565 0.001298 -0.006580 -0.048547 -0.034405 -0.022050 -0.001184 0.001198 0.011465 0.007698 -0.004929 -0.028261 -0.086155 -0.065190 -0.062570 -0.046590 -0.015113 -0.004998 -0.017612 -0.006342 0.000006 0.001253 -0.004369 -0.023988 -0.035178 -0.019402 0.000000 0.000600 -0.000226 -0.006400 -0.003010 -0.025501 -0.041949 -0.035179 -0.009357 -0.000378 -0.000793 -0.004647 -0.034767 -0.018039 -0.011568 0.000000 -0.014516 -0.045057 -0.018096 -0.000492 0.000730 0.011662 0.022009 0.021369 0.031979 -0.034608 -0.006531 -0.000556 -0.000496 -0.000712 0.000143 0.001128
0.000484 0.015902 0.043511 -0.027305 -0.017713 -0.012497 -0.001176 0.001176 0.001214 0.000055 -0.002857 -0.027933 -0.081176 -0.045474 -0.022040 -0.014418 -0.004595 -0.020465 -0.006111 -0.000316 0.000190 0.008805 0.021411 -0.029708 -0.022621 -0.001958 0.000138 0.000820 0.000446 -0.000386 -0.000776 -0.004978 -0.021910 -0.024222 -0.011173 -0.000010 -0.030779 -0.008736 -0.003920 -0.002854 -0.002382 -0.003545 -0.025741 -0.007831 -0.000722 0.000332 0.012229 0.027031 0.024053 0.003967 0.001704 -0.004541 -0.003050 -0.000378 -0.000443 -0.000161 0.000006 0.000174
0.000207 0.001608 0.025012 -0.020039 -0.041238 -0.042423 -0.000421 0.000425 0.000710 0.000751 0.000025 -0.000260 -0.026867 -0.025258 -0.046889 -0.025022 -0.003691 -0.004952 -0.000925 -0.000081 0.000230 0.010289 -0.007743 -0.033795 -0.002398 -0.000963 0.000003 -0.000141 -0.003580 -0.006997 -0.005784 -0.000409 -0.114127 -0.008768 -0.000977 -0.002017 -0.019743 -0.008763 -0.002461 -0.016423 -0.038661 -0.028178 -0.022381 -0.008931 -0.000437 0.000304 0.009463 0.050343 0.104060 0.038134 0.001667 -0.061873 -0.019573 -0.001156 -0.001683 -0.000393 -0.000397 -0.000597
-0.006407 -0.000681 0.000239 -0.046002 -0.211991 -0.039801 -0.000125 0.000132 0.001658 0.002060 -0.000700 -0.004118 -0.014872 -0.007789 -0.004688 -0.008953 -0.002900 -0.002696 0.000366 0.000972 0.022705 0.073177 -0.084625 -0.030357 -0.004089 -0.000818 -0.003320 -0.032717 -0.014363 -0.000467 -0.000860 -0.000786 -0.001389 -0.000875 -0.001491 -0.018502 -0.018789 -0.015155 -0.070452 -0.065714 -0.036985 -0.046361 -0.038646 -0.016229 -0.000155 0.000145 0.001216 0.005468 0.001139 0.000260 0.001159 0.002624 -0.001258 -0.000683 -0.000380 -0.000260 -0.000615 -0.001808
-0.068882 -0.008579 -0.000009 0.004872 -0.035842 -0.014652 -0.000115 0.000137 0.009221 0.026226 0.002742 -0.008486 -0.029395 -0.024975 -0.012553 -0.001375 -0.001253 -0.000035 0.000469 0.000893 0.008227 0.003057 -0.000452 -0.000866 -0.001626 0.001566 -0.000110 -0.003985 -0.002202 -0.004735 -0.000857 -0.000985 -0.000056 0.006858 -0.012928 -0.085559 -0.051915 -0.014921 -0.002876 -0.008302 -0.016375 -0.029519 -0.009143 -0.000535 0.000149 0.006577 -0.002139 -0.016409 -0.001532 -0.000455 0.000301 0.009527 0.054938 0.011497 -0.005394 -0.058693 -0.100764 -0.082416
-0.015314 -0.007264 -0.000445 0.000233 -0.044202 -0.009469 -0.000190 0.000316 0.015201 0.034250 -0.002350 -0.050213 -0.027106 -0.019195 -0.009805 -0.000525 0.000181 -0.000013 0.001373 0.004505 0.004630 -0.029594 -0.003419 0.000000 0.003130 0.004193 0.013908 0.008267 -0.000225 -0.000324 -0.000403 -0.000073 0.000200 -0.015395 -0.078348 -0.065767 -0.060648 -0.029048 -0.000681 -0.000283 -0.000439 -0.001407 -0.001633 -0.000183 0.000178 -0.009299 -0.075865 -0.028186 -0.015242 -0.007724 0.000000 0.006242 0.054310 0.013471 -0.199941 -0.139449 -0.094427 -0.059632
-0.019354 -0.007492 -0.001044 -0.001809 -0.007997 -0.006382 -0.000006 0.002543 0.002863 0.001561 0.000680 -0.065026 -0.032579 -0.006010 -0.010608 -0.007299 0.000006 -0.003183 -0.002665 0.000582 0.004371 -0.005914 -0.017736 -0.004078 0.000116 0.001076 0.006026 0.006584 -0.000648 -0.000013 0.004546 0.002861 -0.006678 -0.017293 -0.068050 -0.032959 -0.039960 -0.021225 -0.000076 0.005686 0.001185 -0.088699 -0.079238 -0.022687 0.000013 -0.000243 -0.001633 -0.005377 -0.018550 -0.006646 0.000000 0.006242 0.019233 0.001286 -0.000455 -0.000689 -0.000961 -0.000592
0.009152 0.013793 -0.017644 -0.029345 -0.025993 -0.012179 -0.001036 -0.005645 -0.002689 -0.000978 0.000127 0.000463 -0.002602 -0.005040 -0.005607 -0.009131 -0.029333 -0.075675 -0.015662 0.000000 -0.000884 -0.008809 -0.051352 -0.017217 -0.000073 0.000073 0.008893 0.035475 0.012900 0.007688 0.005485 0.004675 0.002680 -0.000832 -0.008793 -0.071425 -0.020473 -0.011933 -0.000003 0.023125 0.065927 -0.111573 -0.114593 -0.096023 -0.040918 0.000000 0.004245 -0.000300 -0.012939 -0.009351 -0.000152 0.000333 0.001563 -0.000396 -0.000420 -0.000483 -0.000732 0.000000
0.016722 0.044890 -0.076274 -0.103202 -0.109275 -0.082044 -0.037889 -0.018039 -0.001164 -0.002219 -0.003852 -0.000072 -0.000471 -0.002602 -0.002739 -0.000965 -0.002787 -0.019689 -0.008725 0.000000 0.000371 -0.001440 -0.017469 -0.009048 -0.000170 0.000170 0.008538 0.020505 0.039636 0.012622 0.004884 -0.000479 -0.000936 -0.000215 0.000174 -0.100112 -0.082647 -0.044409 -0.000109 0.018322 0.093664 -0.003740 -0.030700 -0.028421 -0.012292 0.000023 0.028667 0.092002 -0.051458 -0.015619 -0.000380 0.000082 0.001134 -9999.000000 -9999.000000 -9999.000000 -9999.000000 0.000000
0.022391 0.084242 -0.103537 -0.115813 -0.116200 -0.098500 -0.064233 -0.020244 -0.000952 -0.000460 -0.001585 -0.001183 -0.000020 -0.000195 -0.000416 -0.001308 -0.003173 -0.012995 -0.006242 0.000000 0.001203 -0.000504 -0.006543 -0.003882 -0.000187 0.000187 0.010085 0.028178 0.019344 0.004274 -0.008241 -0.044712 -0.011477 -0.000354 0.000117 -0.006715 -0.043844 -0.010408 -0.002298 -0.001271 -0.002398 -0.021637 -0.020291 -0.006051 -0.000318 0.000662 0.003288 0.002202 -0.005348 -0.001138 -9999.000000 -9999.000000 -9999.000000 -9999.000000 -9999.000000 -9999.000000 -9999.000000 -9999.000000
0.005383 -0.006349 -0.036843 -0.028415 -0.016301 -0.009522 -0.057633 -0.023500 -0.005467 0.000000 -0.002243 -0.004007 -0.001269 -0.001352 -0.000335 0.000057 -0.002328 -0.013322 -0.006242 0.000000 0.006953 0.016311 -0.000942 -0.003989 -0.027357 -0.005670 0.000000 0.004272 0.008079 0.010192 -0.000895 -0.008618 -0.032094 -0.015496 -0.001536 -0.004371 -0.019327 -0.029593 -0.018609 -0.005862 -0.024676 -0.027860 -0.009493 -0.000878 -0.000091 0.000842 0.001860 0.001859 0.000696 -9999.000000 -9999.000000 -9999.000000 -9999.000000 -9999.000000 -9999.000000 -9999.000000 -9999.000000 -9999.000000
0.000505 -0.000474 -0.013496 -0.018153 -0.006718 0.000000 -0.015354 -0.028049 -0.026206 -0.001527 -0.007631 -0.008918 -0.002440 -0.002466 0.000000 0.013180 0.043951 0.011115 -0.018989 0.000000 0.024732 0.100517 -0.108792 -0.036015 -0.005339 -0.001589 0.003833 0.005416 0.024778 0.072940 -0.067123 -0.015795 -0.001333 -0.002374 -0.001654 -0.004981 -0.023955 -0.024032 -0.028135 -0.031384 -0.025852 -0.024862 -0.014108 -0.000996 -0.000007 0.000299 0.001230 -9999.000000 -9999.000000 -9999.000000 -9999.000000 -9999.000000 -9999.000000 -9999.000000 -9999.000000 -9999.000000 -9999.000000 -9999.000000
-0.009186 0.000000 0.006242 0.020091 -0.000565 0.000084 -0.056455 -0.032913 -0.018077 -0.057487 -0.020199 -0.001422 -0.001250 0.000285 0.000250 0.001281 0.017582 -0.006427 -0.020404 -0.000098 0.000157 0.000270 -0.000186 -0.000373 0.000373 0.000641 0.000000 0.015322 0.037965 0.100094 -0.002565 -0.003828 -0.000038 -0.020274 -0.067390 -0.030415 -0.011909 -0.042904 -0.023178 -0.028046 -0.034673 -0.018312 -0.001912 -0.003909 -0.000332 0.000417 -9999.000000 -9999.000000 -9999.000000 -9999.000000 -9999.000000 -9999.000000 -9999.000000 -9999.000000 -9999.000000 -9999.000000 -9999.000000 -9999.000000
-0.038864 0.000000 0.006242 0.035290 0.004578 -0.003601 -0.040271 -0.035738 -0.029127 -0.009324 -0.000737 -0.000290 0.000474 0.000207 -0.000238 0.001940 0.002350 -0.005966 -0.027323 -0.014146 0.000000 0.001252 0.001438 -0.000373 0.000373 0.000576 0.000000 0.008064 0.021228 0.004361 -0.002236 -0.004789 -0.004694 -0.000046 -0.110671 -0.028078 -0.009991 -0.026740 -0.080763 -0.057773 -0.050776 -0.052461 -0.044764 -0.019628 -0.000411 0.000601 -9999.000000 -9999.000000 -9999.000000 -9999.000000 -9999.000000 -9999.000000 -9999.000000 -9999.000000 -9999.000000 -9999.000000 -9999.000000 -9999.000000
-0.004306 0.000000 0.010336 0.028227 0.032133 0.002549 -0.143744 -0.019108 -0.017241 -0.008464 -0.000021 0.000517 0.000565 -0.001340 -0.001614 -0.000193 0.000671 -0.002997 -0.016383 -0.007760 0.000000 0.006657 0.020752 0.002570 0.001496 0.000796 0.000413 0.000461 0.001220 -0.001178 -0.003376 -0.005043 -0.006000 -0.001525 -0.003204 -0.003753 -0.012938 -0.032353 -0.094768 -0.053145 -0.044086 -0.043926 -0.034809 -0.015389 -0.000016 -9999.000000 -9999.000000 -9999.000000 -9999.000000 -9999.000000 -9999.000000 -9999.000000 -9999.000000 -9999.000000 -9999.000000 -9999.000000 -9999.000000 -9999.000000
0.000405 0.000030 0.000564 0.001974 0.003492 -0.018653 -0.112575 -0.047722 -0.013902 -0.000494 0.000249 -0.006604 -0.052189 -0.041748 -0.000940 0.000291 0.000852 -0.002521 -0.027396 -0.008045 0.000000 0.007764 0.020235 0.023705 0.068674 0.064777 0.006643 -0.001979 -0.000893 -0.001916 -0.003678 -0.008399 -0.015687 -0.047153 -0.026781 -0.008046 -0.000755 -0.002398 -0.012764 -0.019550 -0.023507 -0.021786 -0.011706 -0.001090 0.000117 -9999.000000 -9999.000000 -9999.000000 -9999.000000 -9999.000000 -9999.000000 -9999.000000 -9999.000000 -9999.000000 -9999.000000 -9999.000000 -9999.000000 -9999.000000
0.063849 0.015206 0.005195 0.000413 -0.006062 -0.019917 -0.067648 -0.042897 -0.008770 -0.000559 -0.002669 -0.005034 -0.008231 -0.000494 0.000173 0.009610 0.017506 0.000444 -0.001198 -0.001047 -0.000180 0.000480 0.024293 0.079748 0.020954 0.052029 0.196489 -0.004395 -0.003463 -0.002137 -0.002539 -0.005809 -0.005388 -0.011745 -0.006041 -0.008890 -0.001540 -0.014486 -0.009446 -0.002786 -0.003610 -0.001874 -0.001937 -0.000180 0.000116 -9999.000000 -9999.000000 -9999.000000 -9999.000000 -9999.000000 -9999.000000 -9999.000000 -9999.000000 -9999.000000 -9999.000000 -9999.000000 -9999.000000 -9999.000000
0.025924 0.060286 0.012240 0.003496 0.000286 -0.002164 -0.004705 -0.011295 -0.053344 -0.007463 -0.002328 -0.003984 -0.004071 -0.000012 0.020315 0.052023 0.067011 0.013882 0.001490 -0.013449 -0.003593 -0.000305 0.000415 0.000475 0.000388 0.009153 0.025722 0.000013 0.000520 -0.009392 -0.045065 -0.020081 -0.008352 -0.000011 0.003671 0.004840 -0.157781 -0.056963 -0.013507 -0.001002 -0.001403 -0.003925 -0.000926 -0.000273 0.000002 -9999.000000 -9999.000000 -9999.000000 -9999.000000 -9999.000000 -9999.000000 -9999.000000 -9999.000000 -9999.000000 -9999.000000 -9999.000000 -9999.000000 -9999.000000
0.013214 0.001348 -0.000534 -0.000590 -0.000464 -0.001094 -0.000565 -0.000000 -0.009235 -0.062191 -0.011636 -0.003606 -0.006620 -0.001116 0.002013 0.026287 0.058956 0.018911 0.002737 -0.058144 -0.031365 -0.019409 -0.009195 -0.000595 0.000051 0.000323 0.000327 0.000735 0.007931 0.052532 -0.042813 -0.008809 -0.000551 -0.000418 0.000431 0.004989 -0.002463 -0.021264 -0.060089 -0.061634 -0.053474 -0.019932 -0.000079 0.000672 0.000497 0.000000 -9999.000000 -9999.000000 -9999.000000 -9999.000000 -9999.000000 -9999.000000 -9999.000000 -9999.000000 -9999.000000 -9999.000000 -9999.000000 -9999.000000
-0.001053 -0.001615 -0.001214 -0.003168 -0.003721 -0.016082 -0.005619 -0.000000 0.007667 0.052591 -0.095506 -0.050817 -0.014653 -0.000913 0.000982 0.007626 0.001384 0.025573 0.066403 -0.007180 -0.081220 -0.052900 -0.015236 -0.001855 -0.002588 -0.000026 0.000228 0.001373 0.016764 0.023963 0.052076 -0.005318 -0.007372 -0.009881 -0.001095 0.000133 0.000791 -0.019231 -0.069091 -0.024172 -0.004635 -0.002373 -0.000003 0.000822 0.000294 0.000000 -9999.000000 -9999.000000 -9999.000000 -9999.000000 -9999.000000 -9999.000000 -9999.000000 -9999.000000 -9999.000000 -9999.000000 -9999.000000 -9999.000000
0.000571 -0.006369 -0.042994 -0.020500 -0.020918 -0.019389 -0.011138 -0.000014 0.007692 0.015797 0.000636 -0.003732 -0.011622 -0.000924 -0.000988 -0.000932 0.000095 0.001154 0.010390 0.044212 -0.084551 -0.083284 -0.056457 -0.043810 -0.019197 -0.001262 0.000123 0.007183 0.004154 0.015809 0.002648 -0.014451 -0.007543 -0.011130 -0.002371 -0.001464 0.000655 0.000239 -0.003028 -0.006437 -0.006206 0.000093 -0.000826 -0.001553 -0.000939 -0.000106 0.000000 -9999.000000 -9999.000000 -9999.000000 -9999.000000 -9999.000000 -9999.000000 -9999.000000 -9999.000000 -9999.000000 -9999.000000 -9999.000000
0.010524 0.034601 -0.010421 -0.063572 -0.038999 -0.009976 -0.000810 -0.000390 0.000881 0.010752 0.026046 0.039966 -0.001349 -0.013263 -0.040180 -0.011228 0.000000 0.002978 0.002286 -0.000175 -0.010902 -0.063726 -0.064702 -0.043124 -0.035094 -0.016029 0.000000 0.009801 0.025043 0.029002 -0.003128 -0.031607 -0.019778 -0.002105 -0.003338 -0.002189 -0.001002 -0.000974 -0.000976 -0.000787 -0.001141 0.001274 0.006510 -0.012260 -0.074358 -0.017446 0.000000 -9999.000000 -9999.000000 -9999.000000 -9999.000000 -9999.000000 -9999.000000 -9999.000000 -9999.000000 -9999.000000 -9999.000000 -9999.000000
0.000708 0.008173 0.051841 -0.065224 -0.049165 -0.022199 -0.009812 -0.000640 0.000036 0.000350 0.000100 0.007861 0.019724 -0.007901 -0.035684 -0.010775 0.000000 0.003049 0.003152 0.001837 -0.000397 -0.004515 -0.021406 -0.035286 -0.028260 -0.021096 0.000000 0.014955 0.029124 0.037340 -0.000123 -0.020617 -0.001673 -0.003032 -0.003627 -0.003177 0.000000 -0.002598 -0.004070 -0.000289 -0.000038 0.000287 0.021241 0.064524 0.009425 -0.001246 0.000123 -9999.000000 -9999.000000 -9999.000000 -9999.000000 -9999.000000 -9999.000000 -9999.000000 -9999.000000 -9999.000000 -9999.000000 -9999.000000
