use_cases/Flooding_chicago/flooding_data/output/hUx_1560.asc
ncols 337
nrows 393
xllcorner 428428.000000
yllcorner 4602440.000000
cellsize 26.757400
NODATA_value -9999.000000
[rows 104 to 129 of 393, columns 118 to 176 of 337]
-9999.000000 -9999.000000 -9999.000000 -9999.000000 -9999.000000 -9999.000000 -9999.000000 -9999.000000 -9999.000000 -9999.000000 -9999.000000 -9999.000000 -0.000530 0.000000 0.007988 0.017478 0.016305 0.003642 0.042245 0.176920 0.067657 0.024637 0.009654 0.005544 0.003284 0.014645 0.041495 0.242574 -0.000597 -0.039014 -0.049087 -0.323979 -0.566335 -0.884468 -0.023689 -0.000326 0.000208 0.013781 0.022373 0.004715 0.001293 0.005248 0.008303 0.008181 0.078886 0.209959 0.295077 0.161575 0.095452 0.023588 0.011669 -0.050455 -0.000202 0.000200 -0.048139 -0.044401 0.012222 0.013012 0.002221
-9999.000000 -9999.000000 -9999.000000 -9999.000000 -9999.000000 -9999.000000 -9999.000000 -9999.000000 -9999.000000 -9999.000000 -9999.000000 -9999.000000 -9999.000000 -0.000245 0.000000 0.004217 0.007929 0.013035 0.046234 0.009095 0.007687 0.002934 0.000254 0.006817 0.006708 0.003240 0.010648 0.224759 0.040254 0.048765 0.115276 0.077071 -0.028012 -0.198615 -0.010937 -0.008844 0.000003 0.003984 0.021026 0.038436 0.006365 0.015860 0.023891 0.146417 0.177353 0.149189 0.033322 0.229974 -0.098054 -0.646805 -1.088225 -0.019093 -0.000330 0.000640 -0.016690 -0.020951 -0.001435 -0.001852 -0.000162
-9999.000000 -9999.000000 -9999.000000 -9999.000000 -9999.000000 -9999.000000 -9999.000000 -9999.000000 -9999.000000 -9999.000000 -9999.000000 -9999.000000 -0.001217 -0.000046 0.000088 0.006755 0.017007 0.038458 0.011311 0.004431 0.002389 0.001571 0.004431 0.002073 0.002935 0.002241 0.015052 0.032776 0.102600 0.130564 0.076481 0.051247 0.003266 -0.098592 -0.021137 -0.005713 0.000000 0.015921 0.030272 0.036740 0.057651 0.101878 0.041623 0.083460 0.082614 0.063081 0.041888 0.011927 0.023909 0.010470 -0.040279 -0.023629 -0.000461 0.001912 -0.042158 -0.053064 -0.004484 -0.020146 -0.006334
-9999.000000 -9999.000000 -9999.000000 -9999.000000 -9999.000000 -9999.000000 -9999.000000 -9999.000000 -9999.000000 -9999.000000 -9999.000000 -0.000741 -0.000048 0.001172 0.000616 0.001962 0.003332 0.007170 0.004879 0.002523 0.003106 0.002593 0.019826 0.040649 0.049303 0.000101 0.013287 0.018080 0.118519 0.028968 0.000026 0.017388 0.011549 0.001426 -0.016660 -0.006365 -0.000061 0.001021 0.009316 0.044505 0.087178 0.146226 0.081346 0.029796 0.032268 0.038468 0.041061 0.063106 0.039683 0.028444 0.026789 -0.000518 0.000091 0.004065 -0.088473 -0.397149 -0.367896 -0.039264 -0.007716
-9999.000000 -9999.000000 -9999.000000 -9999.000000 -9999.000000 -9999.000000 -9999.000000 -9999.000000 -9999.000000 -9999.000000 0.000003 -0.005529 -0.001803 0.000591 0.002124 0.004851 0.010677 0.009115 0.014346 -0.000577 0.000466 0.001100 0.011855 0.021474 0.100859 -0.000098 0.000997 0.007968 0.008156 0.001712 0.000962 0.036225 0.107831 0.000146 0.003381 0.002728 -0.000104 0.000141 0.001717 0.005049 0.002806 0.010298 0.108169 0.000000 0.007299 0.014416 0.032786 0.140579 0.166150 0.056244 -0.000308 0.000011 0.000312 0.026983 0.426788 0.488872 -0.023224 -0.026416 -0.071965
-9999.000000 -9999.000000 -9999.000000 -9999.000000 -9999.000000 -9999.000000 -9999.000000 -0.001193 -0.001505 -0.000326 0.000208 -0.001522 -0.000632 0.000331 0.004235 0.005180 0.005407 0.003921 0.038361 0.078048 0.000019 0.001082 0.001540 0.001733 0.017230 0.003647 0.016106 0.022844 0.001592 0.000067 0.007030 0.117420 0.078273 -0.006354 -0.005458 0.009199 0.006662 0.002543 0.000106 0.000141 0.000842 0.014946 0.045805 0.008676 0.003636 0.009319 0.075871 0.214169 0.106300 0.025397 -0.000485 0.000156 0.000240 0.017847 0.032359 -1.075594 -0.263632 -0.033885 -0.002856
-9999.000000 -9999.000000 -9999.000000 -9999.000000 -9999.000000 -9999.000000 -0.001870 -0.001187 -0.000487 0.000289 0.006315 -0.000234 -0.006402 0.000012 0.004109 0.004566 0.008917 0.003404 0.011495 0.008890 0.002224 0.000550 0.000401 0.053189 0.034875 0.007828 0.013668 -0.539128 -0.546608 -0.410488 0.024414 0.142277 0.123754 0.096563 -0.003514 0.002590 0.005002 0.014664 0.003476 -0.007707 -0.000296 0.000129 0.048407 0.082657 0.078867 0.206250 0.237157 0.211109 -0.000770 -0.001615 -0.001323 0.000074 0.000515 0.006775 0.018192 0.005140 0.000494 0.000000 0.003361
-9999.000000 -9999.000000 -0.012067 -0.018889 -0.010733 -0.010617 -0.003833 -0.004419 -0.000023 0.004231 0.019675 0.042953 -0.006887 -0.000792 0.000004 0.000907 0.014636 0.011735 0.001866 0.006270 0.001443 -0.000400 0.000476 0.000901 0.078105 0.054460 0.068714 -0.212341 -0.197318 -0.182455 0.000000 0.007240 0.139919 0.080968 0.039806 0.000207 0.015531 0.080246 0.008774 -0.052569 -0.020188 -0.000240 0.000058 0.006463 0.017238 0.024432 0.016853 0.001543 0.001542 -0.006236 -0.029861 -0.006880 -0.000520 0.000048 0.005276 0.014543 0.009276 0.017974 0.000000
-0.004187 -0.017559 -0.014200 -0.010996 -0.043041 -0.008470 -0.000944 -0.000072 0.008652 0.023850 0.026518 0.013881 -0.021665 -0.009937 0.000000 0.019584 0.056036 0.039371 0.005750 0.000599 -0.016472 -0.021589 -0.012503 0.000000 0.003986 0.076853 0.371312 0.451882 0.620326 0.473672 0.000000 0.005878 0.120018 0.168852 0.049536 0.000010 0.019362 0.170547 0.148227 -1.031660 -0.020878 -0.006127 0.000000 0.005094 0.007492 0.009603 0.000000 0.005350 0.010222 0.024692 -0.023290 -0.013213 -0.006709 -0.000222 0.000222 0.003946 0.061996 0.012024 0.000000
-0.085317 -0.006597 -0.025167 -0.030018 -0.007701 -0.000476 0.000088 0.007770 0.010601 0.001039 0.018981 0.084859 -0.019440 -0.008474 0.000000 0.010838 0.017384 0.031376 0.004935 -0.000631 -0.062427 -0.022295 -0.010119 0.000000 0.007597 0.098900 0.020039 0.295690 0.679988 0.370270 0.000000 0.005878 0.078906 0.084266 0.020530 -0.000208 0.002087 0.012029 0.446448 0.278778 -0.023589 -0.010755 0.000000 0.011969 0.027670 0.002777 -0.000068 0.000464 0.010105 0.029646 -0.000146 -0.000957 -0.000668 -0.000070 0.000070 0.008222 0.087004 0.027409 0.002738
0.002774 -0.009036 -0.083332 -0.013424 -0.008819 -0.000126 0.000111 0.008330 0.018763 0.000903 0.001473 0.065977 0.099589 -0.000574 0.000203 0.012073 0.027577 -0.008346 -0.023203 -0.143467 -0.181393 -0.199126 -0.013418 0.000000 -0.004053 -0.011985 -0.015368 0.014837 0.031531 0.027230 0.000000 0.007240 0.041615 0.123334 -0.021144 -0.011719 -0.000032 0.000982 0.025437 0.466333 0.411436 -0.000437 -0.000240 0.000311 0.004288 0.022970 -0.000001 0.010755 0.019198 0.061450 0.015842 0.007340 0.001080 -0.000064 0.000062 -0.001946 -0.014694 -0.009227 -0.007019
0.001485 0.012678 0.003589 -0.057051 -0.019356 -0.003965 0.000003 0.008684 0.038631 0.039738 0.000040 0.021223 0.062478 0.013295 -0.007758 -0.046908 -0.098731 -0.076121 -0.306764 -0.256875 -0.280488 -0.236875 -0.027128 0.000000 -0.019181 -0.037122 -0.009075 0.002889 0.012125 0.027808 0.008926 0.015488 0.481737 0.326131 0.290517 0.200283 -0.000449 0.000455 0.000616 0.004434 0.299776 0.165595 -0.010995 0.000005 0.004290 0.033174 -0.000060 0.000253 0.006878 0.569358 0.801103 2.352926 1.284896 0.839362 0.755827 0.319290 0.010393 -0.004371 0.069262
0.000070 0.025002 0.037224 0.028199 -0.086292 -0.009136 -0.000207 0.000450 0.032593 0.037361 0.019307 0.005875 0.054346 0.012274 -0.053270 -0.055502 -0.096736 -0.079298 -0.222397 -0.167428 -0.117537 -0.006921 -0.010897 -0.006225 -0.006123 0.000779 0.015663 0.013253 0.011051 0.021658 0.009659 0.005031 0.078455 -0.001447 0.091465 0.045484 0.003209 0.001294 0.007334 0.021787 0.053578 0.122238 -0.000479 0.000013 -0.565263 -0.875967 -0.164507 -0.000328 0.013342 1.123026 1.461556 2.046600 1.183772 1.652812 1.146199 0.973912 0.809001 0.606689 0.427614
0.046968 0.035672 0.045114 0.038154 0.162766 0.205240 0.133260 0.081233 0.093586 0.085278 0.047276 0.027812 0.024567 0.038975 0.025243 -0.025602 -0.144919 -0.093574 -0.032388 -0.029108 -0.001716 -0.003093 0.000000 0.032236 0.108496 0.100248 0.018783 0.007042 0.003412 -0.006424 -0.025911 0.000218 0.003546 0.090245 0.272029 0.153746 0.001711 0.017573 0.022273 0.023945 -0.039320 0.036233 0.023560 0.044212 0.117057 0.360936 0.396245 0.691404 1.084777 1.799763 1.173327 0.015622 0.004667 0.911584 1.087896 0.729062 0.640400 0.587954 0.288682
0.086380 0.039512 0.040822 0.032863 0.206143 0.222360 0.182732 0.128523 0.000000 0.060335 0.146954 0.051269 0.050807 0.065941 0.049786 -0.004349 -0.177818 -0.209949 -0.083865 -0.008157 -0.023650 -0.008281 0.000000 0.013289 0.031088 0.069169 0.012523 -0.011645 -0.060377 -0.505727 -0.184595 -0.003613 0.001743 0.301296 0.430871 0.492510 0.395508 0.547431 1.376992 0.595887 0.102691 -0.095701 -0.249062 -0.153149 0.066981 0.024921 0.322484 0.487893 1.026388 0.702171 -0.011915 0.000000 0.003663 0.133861 0.484249 0.339484 0.399392 0.415903 0.315966
0.065800 0.025121 0.236070 0.026254 0.013169 0.003605 0.061925 0.050312 0.000000 0.024366 0.094400 0.030348 0.032212 0.034097 0.025668 -0.019129 -0.065646 -0.031446 -0.019363 -0.072052 -0.009543 -0.000660 -0.000072 0.000978 0.043142 -0.145246 -0.230737 -0.527623 -0.697551 -0.618662 -0.199447 -0.008644 -0.004066 0.002940 0.002970 0.393436 0.288637 0.600901 0.718594 1.123725 0.495206 0.486432 0.740168 0.654174 0.671703 1.067458 0.639599 0.557526 0.562105 0.208160 0.001742 0.000378 0.036726 -0.276154 -0.228643 -0.004687 0.350599 0.461801 0.476347
0.002038 0.000568 0.007177 0.012923 0.007641 -0.000599 0.011673 0.057446 0.028593 0.009757 0.035098 0.025910 0.028117 0.051680 -0.031735 -0.093060 -0.099949 -0.038182 -0.032328 -0.008739 -0.000560 -0.000170 -0.000001 0.031398 -0.113309 -0.113662 -0.088159 -0.257694 -0.012935 -0.014096 -0.045238 -0.014110 -0.013153 -0.000219 0.000990 0.016136 0.337768 0.166422 0.139800 0.982194 0.510685 0.285654 0.368849 0.348795 0.310189 0.536816 0.462143 0.379734 0.504203 0.340248 0.045057 0.007235 -1.106042 -2.143297 -1.658282 -0.292535 -0.138272 -0.045393 0.006986
-0.072435 -0.094558 -0.000289 0.003733 0.035163 0.067130 0.018167 0.119940 0.300649 0.249507 0.094324 0.030357 0.012617 -0.033572 -0.067488 -0.074130 -0.101170 -0.040205 -0.062465 -0.077565 -0.110285 -0.145390 -0.034313 -0.367125 -0.423006 -0.254692 -0.096820 -0.076840 -0.002100 -0.001383 -0.006240 -0.020286 -0.002003 0.001341 0.003946 0.038827 0.047432 0.130460 0.159896 1.040095 0.534782 0.311344 0.410112 0.514338 0.351756 0.249322 0.244546 0.241527 0.202405 0.057746 0.040728 0.188836 0.824104 -0.640694 -0.812586 -0.160833 0.024859 0.028015 0.010369
-0.025758 -0.001664 -0.000667 0.001697 0.018129 0.070566 0.105573 0.073083 0.038887 0.283890 0.886513 0.229967 -0.225912 -0.407816 -0.406714 -0.436736 -0.768435 -0.187662 -0.049032 -0.079980 -0.087004 -0.030912 -0.069052 -0.472284 -0.630149 -0.591624 -0.569891 -0.781509 -0.021114 -0.001126 -0.002627 -0.003636 0.000700 0.007801 0.008068 0.039391 0.080189 0.124304 0.178732 1.680243 1.056966 0.912521 1.097671 1.217072 1.016852 0.684734 0.756921 0.604324 0.526669 0.069954 0.042380 0.283409 1.694932 0.149809 0.051640 0.130355 0.102137 -0.032391 -0.026235
-0.007124 -0.002923 -0.000040 0.027676 0.071040 0.105967 0.050047 0.034391 0.022002 0.007411 0.276317 0.357784 -0.197509 -0.342031 -0.365944 -0.356304 -0.467633 -0.151027 -0.173261 -0.058812 -0.073580 -0.032299 -0.066712 -0.767593 -0.821951 -0.766505 -1.245300 -1.145208 -0.025655 -0.000428 0.000361 0.009903 0.005742 0.007177 0.010776 0.003436 0.036827 0.114026 0.150782 1.647188 1.287848 1.474761 0.838235 1.155429 1.343436 1.323130 1.215034 1.106294 1.056927 0.579630 0.044183 0.424119 2.314035 1.175176 0.951453 0.670620 0.527200 0.319543 0.232094
0.113897 -0.003167 0.001555 0.005375 0.033444 0.090526 0.155492 0.060012 0.036595 0.000378 0.012981 0.459941 0.174226 -0.254998 -0.321215 -0.357647 -0.504566 -0.147785 -0.164221 -0.037297 -0.041303 -0.006311 -0.007545 -0.758190 -0.089604 -0.000138 -0.028878 -0.113624 -0.022268 -0.001007 0.000602 0.001795 -0.000278 -0.000197 0.000864 0.000968 0.020364 0.057245 0.075825 0.049727 0.086295 0.777256 -0.006703 -0.003354 0.270168 0.555475 0.491017 0.666246 0.713993 1.076094 1.326319 1.118999 3.406633 3.184171 2.886668 1.064017 0.388631 0.249080 0.099301
0.070526 -0.002769 -0.000500 0.003641 0.027475 0.042913 0.145546 0.177599 0.005376 0.004722 0.002664 -0.022960 -0.178254 -0.193430 -0.149253 -0.098546 -0.022034 -0.004044 -0.015620 -0.036117 -0.063769 -0.134253 -0.299920 -0.482318 -0.051803 -0.002563 -0.004297 -0.016645 -0.009189 -0.001926 -0.001035 0.000012 0.000000 0.002536 0.002152 0.001246 0.026718 0.057636 0.014688 0.028663 0.040179 0.030862 0.004385 0.002424 0.005876 0.101146 0.124936 0.052603 0.033721 0.013291 0.005885 0.020215 -0.000018 -0.002424 -0.028864 -0.003373 0.000108 0.021271 0.058906
0.183894 0.071609 0.004775 0.004262 0.015641 0.031067 0.630491 0.801905 0.203509 -0.049848 -0.332476 -0.274985 -0.161453 -0.130401 -0.000926 -0.068522 -0.006673 -0.004590 -0.003145 -0.003370 -0.126838 -0.267652 -0.584280 -0.512047 -0.029719 -0.003270 -0.007187 -0.022537 -0.008064 -0.001057 -0.000703 -0.000055 0.000029 0.001001 0.029315 0.035588 0.030111 0.017317 0.010602 0.007435 0.013737 0.023973 0.030192 0.009178 0.029963 0.042712 0.023399 -0.013609 -0.003377 -0.001568 -0.001055 -0.000382 -0.000614 -0.000717 -0.000413 0.000000 0.006340 0.060316 0.084318
0.244826 0.146983 0.003205 0.002174 0.023351 0.683989 0.483032 0.456616 0.515270 0.517870 0.554624 0.398671 0.090789 -0.061736 0.061384 -0.364460 -0.500281 -0.438903 -0.376817 -0.243369 -0.530109 -1.008606 -1.019162 -0.390196 -0.003992 -0.002221 -0.001765 -0.002303 -0.001002 -0.000034 -0.001572 -0.001553 -0.001706 0.000052 0.025181 0.027047 0.023832 0.018575 0.017598 0.010899 0.002061 0.009351 0.026308 0.055267 0.082680 0.050021 -0.018758 -0.048881 -0.029086 -0.005302 -0.026061 -0.010508 -0.000182 0.000513 0.002768 0.001316 0.001375 0.035703 0.023923
0.371680 0.412020 0.259253 0.097534 0.061310 0.575155 0.281684 0.212042 0.421621 0.329718 0.381844 0.467119 0.276989 -0.036667 -0.281140 -0.351221 -0.467799 -0.447533 -0.342614 -0.461222 -0.866050 -0.859270 -0.003634 0.000000 0.000247 0.000207 -0.000230 -0.001192 -0.001732 -0.002414 -0.018346 -0.027101 -0.018988 -0.000265 0.000436 0.007732 0.010159 0.013333 0.005226 -0.000084 0.000126 0.016849 0.040695 0.009473 0.016634 0.011467 -0.109382 -0.074527 -0.110207 -0.097342 -0.036848 -0.015496 -0.000048 0.016989 0.033358 0.225580 0.648330 0.101558 0.057927
0.001325 0.324277 0.626394 0.558500 0.950592 0.764388 0.398278 0.331789 0.266591 0.174616 0.290708 0.150366 -0.030073 -0.210901 -0.370669 -0.332016 -0.499558 -0.689129 -0.773347 -1.009493 -0.700905 -0.636806 -0.015777 0.000000 -0.000769 -0.003131 -0.010074 -0.018836 -0.030365 -0.017651 -0.058838 -0.032655 -0.029553 -0.008060 0.000009 -0.000276 -0.001258 -0.001674 -0.000745 -0.000069 0.000588 0.006894 0.014600 0.032060 0.049506 -0.032575 -0.124412 -0.229439 -0.109191 -0.084671 -0.063550 -0.022069 -0.000756 0.001283 0.009188 0.024372 0.079728 0.000023 0.019788
