use_cases/Flooding_chicago/flooding_data/output/hUx_1560.asc
ncols 337
nrows 393
xllcorner 428428.000000
yllcorner 4602440.000000
cellsize 26.757400
NODATA_value -9999.000000
[rows 208 to 233 of 393, columns 177 to 235 of 337]
-0.001668 -0.000024 0.005962 0.002246 0.001963 0.040868 0.023781 -0.000830 -0.000163 0.000143 0.008690 0.043604 0.140092 0.081342 0.203556 0.389453 0.265772 0.119885 0.160677 0.260722 0.191058 0.379792 0.628543 0.770834 0.673235 0.402283 -0.010916 -0.000222 0.000222 0.052450 0.048597 0.043098 -0.011270 -0.327872 -0.515652 -0.484652 -0.157514 -0.058376 0.000378 -0.030718 -0.044830 0.030752 0.110880 0.114054 0.126034 0.121013 0.109344 0.093812 -0.000000 0.072738 0.320660 0.007433 -0.148967 -0.006945 -0.130891 -0.043107 -0.002843 0.000489 0.002429
-9999.000000 -0.000717 -0.000600 0.000000 0.011433 0.261242 0.230767 0.210907 0.071118 0.116043 0.858916 0.037024 0.097027 0.083960 0.178972 0.090270 0.166899 0.374333 0.221653 0.735620 1.330908 1.006424 0.785422 0.509918 -0.119285 -0.242556 -0.224679 -0.000913 0.001898 0.254094 0.209650 0.191422 0.107739 -0.058525 -0.546309 -0.778173 -0.515631 -0.238501 0.000001 0.000714 -0.084788 -0.159659 -0.011206 -0.000034 0.008208 0.174502 0.170374 0.197900 0.150876 0.100269 0.585104 0.215671 -0.049599 0.070046 -0.059658 -0.039792 -0.001320 0.000616 0.023880
-9999.000000 -0.000024 0.000002 0.000000 0.010931 0.222191 0.217954 0.226625 0.084400 0.136283 0.085128 0.215258 0.182946 0.146773 0.088686 0.036082 0.066420 0.031028 0.104704 0.249956 0.279251 0.175126 0.141153 0.146883 0.115241 0.379381 0.421091 0.640418 0.838246 0.696334 0.457013 0.303062 0.174234 0.034251 -0.121940 -0.296873 -0.573912 -0.743183 -0.305284 -0.000237 -0.053249 -0.130063 -0.019236 -0.000853 0.000308 0.001353 0.002560 0.141970 0.129559 0.104846 0.054366 0.639310 0.387125 0.327515 0.080844 -0.035057 -0.000499 0.000359 -0.094631
-9999.000000 -9999.000000 -0.000881 -0.000066 0.000724 0.041000 -0.000488 0.000315 0.063568 0.142762 0.060061 0.178910 0.170401 0.157006 0.118235 0.050939 0.068904 0.031501 0.050298 0.226689 0.129907 0.063263 0.037281 0.070657 0.079329 0.139121 0.023303 -0.027416 -0.008804 0.001857 0.011328 0.016858 -0.052461 -0.118402 -0.202049 -0.204474 -0.298180 -0.632084 -0.215572 0.093186 0.364106 0.700990 -0.016277 -0.002033 -0.000741 0.001391 0.008492 0.004908 0.086565 0.547501 0.485837 0.537196 0.769877 0.850492 0.651778 0.660243 0.664260 0.703394 1.792801
-9999.000000 -9999.000000 -9999.000000 -0.022143 -0.096468 -0.046514 -0.001335 0.000358 0.001179 0.068355 0.257530 0.201712 0.180799 0.167660 0.120980 0.197336 0.288638 0.398008 0.640384 0.436744 0.260853 0.113133 0.044029 0.106449 0.143937 0.140205 0.047774 -0.002820 -0.006255 0.008757 0.013407 0.086342 0.571061 0.123115 0.065186 0.108348 -0.172233 -0.189147 -0.243743 -0.083998 0.145110 0.104734 -0.146856 -0.049190 -0.000632 0.000522 0.002161 0.009682 -0.182072 -0.038593 0.242144 0.436600 0.525700 0.617923 1.750494 2.298974 1.627504 1.671374 2.035530
-9999.000000 -9999.000000 -9999.000000 -0.031557 -0.086724 -0.035190 -0.000898 -0.000433 0.000874 0.008367 0.019244 0.089415 0.020695 0.013150 0.001075 0.089878 0.278657 0.263050 0.075971 0.102131 0.009417 -0.099591 -0.177576 0.157816 0.503078 0.110618 0.033903 -0.002995 -0.001942 0.016087 0.016130 0.057565 0.683950 0.748515 1.020640 0.814574 0.007781 -0.230676 -0.388080 -0.330128 -0.243699 -0.007681 -0.000926 -0.000240 0.000101 0.000314 0.014923 0.237065 0.891563 0.409592 0.122420 0.026291 0.021196 0.838489 1.616124 1.513150 2.080081 1.874985 1.744302
-9999.000000 -9999.000000 -9999.000000 -9999.000000 -0.000530 0.000000 -0.013727 -0.049885 -0.009931 -0.000005 0.004743 0.010787 0.034511 0.000442 0.019863 0.088142 0.193255 0.000773 0.003084 0.002212 0.001033 0.001909 0.057313 -0.200492 -0.523677 -0.056680 -0.002494 0.000419 0.008611 0.007200 0.004909 0.001093 0.000004 0.009031 0.509192 0.216722 -0.004524 -0.000134 0.004278 -0.340872 -0.455573 -0.000868 -0.001480 -0.000518 -0.000236 0.000422 0.000415 0.010511 0.013198 0.006321 -0.001559 0.123893 1.213786 2.133656 1.870038 1.578743 1.477737 1.445243 1.730066
-9999.000000 -9999.000000 -9999.000000 -9999.000000 -9999.000000 -0.004990 -0.008005 -0.026734 -0.006692 -0.000222 0.000222 0.005483 0.023527 0.006696 0.004000 0.012020 0.026999 0.010478 0.007021 0.003574 0.001422 0.016877 0.430205 0.209493 -0.358719 -0.068907 -0.010015 -0.003748 0.016123 0.007849 0.011541 -0.000116 0.000307 0.017235 0.779729 -0.005132 -0.007225 -0.001197 0.005330 -0.605505 -1.053085 -0.857606 -0.843181 -0.054345 -0.000007 0.008918 0.015488 0.020742 0.009302 -0.000029 0.017519 0.365921 1.112864 1.790735 0.285461 0.040164 -0.116555 -0.170198 -0.321402
-9999.000000 -9999.000000 -9999.000000 -9999.000000 -9999.000000 -9999.000000 -0.026047 -0.065486 -0.014605 -0.005200 0.000005 0.006503 0.028197 0.010047 0.006966 0.002566 0.003871 0.013649 0.031252 0.007669 0.043348 0.021349 0.515441 0.095952 -0.189837 -0.150768 -0.038459 -0.196978 -0.025501 -0.083166 -0.005878 0.000000 0.005878 0.012822 0.698798 -0.022573 -0.029599 -0.011451 0.011691 0.024739 0.022563 -0.489489 -0.628389 -0.614258 -0.493459 -0.468826 0.001565 0.005363 -0.006516 -0.000457 0.002525 0.183821 0.439559 0.270683 -0.000325 -0.000161 0.001236 0.000640 0.016861
-9999.000000 -9999.000000 -9999.000000 -9999.000000 -9999.000000 -9999.000000 -0.012396 -0.023821 -0.026371 -0.000110 0.000061 -0.003483 -0.006250 -0.004622 0.003731 0.002135 0.027022 0.045116 0.069787 0.173293 0.093809 0.318207 0.730431 -0.305219 -0.106018 -0.056934 -0.071612 -0.056377 -0.056551 -0.123507 -0.005878 0.000000 0.005878 0.012822 0.743973 -0.033230 -0.042694 -0.011894 0.015717 0.032138 0.036874 0.165710 0.483521 -0.252763 -0.593206 -0.264911 -0.009005 0.002280 0.001997 0.004737 0.013750 0.188855 0.145309 0.138590 -0.005982 0.000003 0.022130 0.068889 0.119293
-9999.000000 -9999.000000 -9999.000000 -9999.000000 -9999.000000 -9999.000000 -9999.000000 -0.003981 0.000000 -0.026689 -0.096523 -0.050489 -0.008195 -0.010137 -0.006727 0.000000 0.007906 0.037901 0.094892 0.138176 0.058374 0.116579 -0.001244 -0.053451 -0.061301 -0.092232 -0.085900 -0.069973 -0.276925 -0.103559 -0.126023 0.000000 0.026793 0.188964 0.432352 -0.082295 -0.101738 -0.000050 0.285345 0.277642 0.329082 0.080827 0.159371 0.073002 0.322017 0.008898 -0.086522 0.000809 0.025346 0.019667 0.560632 0.358165 -0.098603 -0.084028 -0.000326 0.000208 0.059561 0.122796 0.098294
-9999.000000 -9999.000000 -9999.000000 -9999.000000 -9999.000000 -9999.000000 -9999.000000 -9999.000000 0.000000 0.069128 -0.162172 -0.027341 -0.008179 -0.011962 -0.009790 0.000015 0.014922 0.023388 0.056699 0.007634 0.003900 -0.004938 -0.017160 -0.039464 -0.073322 -0.070119 -0.057079 0.061805 0.242178 0.179613 -0.021948 0.000000 0.012557 0.042489 -0.037981 -0.093171 -0.084724 -0.091682 -0.108460 -0.157821 -0.424786 -0.023989 0.063223 0.039344 0.016112 0.008795 0.001023 0.009593 0.073144 0.491691 0.198274 -0.065795 -0.245068 -0.101920 -0.027400 0.111308 0.081768 0.060554 0.021479
-9999.000000 -9999.000000 -9999.000000 -9999.000000 -9999.000000 -9999.000000 -9999.000000 -9999.000000 -9999.000000 -0.116819 -1.481714 -0.293256 -0.005259 -0.008106 -0.000569 0.000467 0.018248 0.039662 0.037217 0.005755 0.005278 -0.002513 -0.008476 -0.003508 0.005006 0.121145 0.139019 0.204561 0.022763 0.006003 -0.005373 0.000000 0.005373 0.014132 0.037722 -0.051256 0.065505 0.096970 -0.006499 -0.148943 -0.134127 -0.037199 -0.075052 -0.000518 -0.004461 -0.001736 0.015253 0.032822 0.013605 -0.008630 -0.007877 -0.107094 -0.405534 -0.500181 0.012876 0.047363 0.000002 0.001234 0.001649
-9999.000000 -9999.000000 -9999.000000 -9999.000000 -9999.000000 -9999.000000 -9999.000000 -9999.000000 -9999.000000 -9999.000000 0.000000 -0.037291 -0.109926 -0.026002 -0.000457 0.000528 0.003909 0.001983 0.004749 0.003718 0.013281 -0.001440 -0.018198 -0.013947 0.002527 0.010521 0.120972 0.535345 -0.297119 -0.017281 -0.005473 0.000000 0.005473 0.016644 0.023710 0.026675 0.099664 0.107799 0.136412 0.379004 0.195766 0.143961 -0.117416 -0.006378 -0.000195 0.008858 -0.004655 0.001069 0.005205 -0.042776 -0.062377 -0.009155 0.045496 0.223761 0.177305 -0.005059 0.000067 0.009661 0.015237
-9999.000000 -9999.000000 -9999.000000 -9999.000000 -9999.000000 -9999.000000 -9999.000000 -9999.000000 -9999.000000 -9999.000000 -9999.000000 0.000000 -0.001762 -0.006156 -0.000016 0.000484 0.001352 0.016293 0.015526 0.010377 0.012480 -0.002453 -0.027198 -0.035292 -0.035855 -0.033241 -0.053306 -0.133319 -0.082380 -0.007874 -0.000848 -0.000000 0.000848 0.009065 0.029938 0.045088 0.135487 0.148142 0.211401 0.135227 0.070076 -0.158308 -0.171773 -0.024177 -0.013927 0.000077 0.001192 0.010706 0.021164 0.006103 -0.075987 -0.050413 0.041991 0.158905 0.125053 -0.000194 0.001425 0.015692 0.021370
-9999.000000 -9999.000000 -9999.000000 -9999.000000 -9999.000000 -9999.000000 -9999.000000 -9999.000000 -9999.000000 -9999.000000 -9999.000000 -9999.000000 -0.000222 0.000222 0.007775 0.022309 -0.004088 -0.005361 0.006926 0.009495 0.002625 0.000008 0.004832 0.068813 -0.042434 -0.087374 -0.110013 -0.046829 -0.057976 -0.001207 -0.000474 -0.000400 0.000571 0.003236 0.031434 0.058229 0.094979 -0.001766 -0.003111 -0.002169 -0.039238 -0.073208 -0.037835 -0.045776 -0.026661 -0.005504 -0.002500 -0.006440 -0.000410 0.000412 -0.252171 -0.487989 -0.221444 0.139293 -0.000460 0.000277 0.018072 0.036902 0.227468
-9999.000000 -9999.000000 -9999.000000 -9999.000000 -9999.000000 -9999.000000 -9999.000000 -9999.000000 -9999.000000 -9999.000000 -9999.000000 -9999.000000 -9999.000000 -9999.000000 -9999.000000 -9999.000000 -9999.000000 -0.000458 -0.000641 -0.001134 -0.000491 0.000258 0.009577 0.025236 -0.013601 -0.043115 -0.075381 -0.127105 -0.176461 -0.193854 -0.142165 -0.167411 -0.015859 0.000000 0.010041 0.044069 0.067107 -0.057121 -0.015677 -0.024639 -0.031406 -0.048888 -0.065747 -0.054443 -0.028866 0.003052 0.006249 -0.003021 -0.000870 0.000945 -0.128473 -0.297029 -0.159721 -0.010517 -0.000792 0.000202 0.025157 0.043551 0.232955
-9999.000000 -9999.000000 -9999.000000 -9999.000000 -9999.000000 -9999.000000 -9999.000000 -9999.000000 -9999.000000 -9999.000000 -9999.000000 -9999.000000 -9999.000000 -9999.000000 -9999.000000 -9999.000000 -9999.000000 -9999.000000 -9999.000000 -9999.000000 -0.001027 -0.000014 0.001022 0.002270 0.001487 -0.043036 -0.063586 -0.105462 -0.155809 -0.187667 -0.138303 -0.153465 -0.014768 0.000000 0.017357 0.075482 0.206613 -0.169738 -0.026157 -0.052895 -0.067531 -0.083904 -0.104407 -0.240455 -0.174765 0.015500 0.036967 0.021113 -0.001044 0.002749 0.018916 0.484399 0.147860 -0.433284 -0.046562 -0.000292 0.000947 0.029154 0.048620
-9999.000000 -9999.000000 -9999.000000 -9999.000000 -9999.000000 -9999.000000 -9999.000000 -9999.000000 -9999.000000 -9999.000000 -9999.000000 -9999.000000 -9999.000000 -9999.000000 -9999.000000 -9999.000000 -9999.000000 -9999.000000 -9999.000000 -9999.000000 -9999.000000 -0.000279 0.000685 0.001996 0.001786 0.013815 0.004405 -0.001615 -0.001817 0.003421 0.028744 -0.052219 -0.017415 0.000015 0.021500 0.081096 -0.106911 -0.237956 -0.306849 -0.056286 -0.071395 -0.074707 -0.079313 -0.183644 -0.248998 -0.373223 -0.284957 -0.013286 0.000009 0.027193 0.065374 0.524553 0.210479 -0.322257 -0.032865 -0.000224 0.001538 0.029554 0.032199
-9999.000000 -9999.000000 -9999.000000 -9999.000000 -9999.000000 -9999.000000 -9999.000000 -9999.000000 -9999.000000 -9999.000000 -9999.000000 -9999.000000 -9999.000000 -9999.000000 -9999.000000 -9999.000000 -9999.000000 -9999.000000 -9999.000000 -9999.000000 -9999.000000 -0.000011 0.007054 0.161668 -0.001489 -0.002339 -0.001409 -0.001372 0.000079 0.024259 0.016198 0.003075 -0.000718 0.000357 0.023726 0.034127 0.114792 0.152846 -0.024396 -0.005435 -0.002690 0.001936 0.005255 0.005521 -0.064204 -0.067752 0.020228 -0.002665 0.000137 0.002766 0.034802 0.417789 -0.042521 -0.033217 -0.009621 -0.000005 0.016456 0.021013 0.031215
-9999.000000 -9999.000000 -9999.000000 -9999.000000 -9999.000000 -9999.000000 -9999.000000 -9999.000000 -9999.000000 -9999.000000 -9999.000000 -9999.000000 -9999.000000 -9999.000000 -9999.000000 -9999.000000 -9999.000000 -9999.000000 -9999.000000 -9999.000000 -9999.000000 -9999.000000 -0.174697 -0.162715 -0.176681 -0.017232 -0.001556 -0.000079 0.001541 0.020654 -0.000489 -0.000777 -0.001040 0.000520 0.001162 0.037113 0.184900 0.047703 -0.004638 -0.012030 -0.002813 0.005613 0.011715 0.014533 0.009471 -0.303144 -0.040833 -0.005803 0.000307 0.006135 0.018933 -0.369163 -0.208857 -0.013809 -0.007686 -0.000208 0.000326 0.014131 0.029113
-9999.000000 -9999.000000 -9999.000000 -9999.000000 -9999.000000 -9999.000000 -9999.000000 -9999.000000 -9999.000000 -9999.000000 -9999.000000 -9999.000000 -9999.000000 -9999.000000 -9999.000000 -9999.000000 -9999.000000 -9999.000000 -9999.000000 -9999.000000 -9999.000000 -9999.000000 0.000000 -0.055292 -0.154926 -0.049271 -0.019363 -0.000000 0.012853 0.047604 -0.052937 -0.006187 0.023840 -0.000230 0.000512 0.035945 0.129461 0.096523 0.000024 0.002186 0.002929 0.004152 0.005381 0.005457 0.010522 -0.464609 -0.085028 -0.010472 -0.001226 0.011183 0.005910 0.024598 0.027927 -0.013604 -0.007326 -0.000003 0.005982 0.014448 0.019228
-9999.000000 -9999.000000 -9999.000000 -9999.000000 -9999.000000 -9999.000000 -9999.000000 -9999.000000 -9999.000000 -9999.000000 -9999.000000 -9999.000000 -9999.000000 -9999.000000 -9999.000000 -9999.000000 -9999.000000 -9999.000000 -9999.000000 -9999.000000 -9999.000000 -9999.000000 0.000000 0.004032 -0.005372 -0.023412 -0.008513 -0.000005 0.007514 0.026207 0.149087 0.069097 0.101882 0.110537 0.092031 0.060993 0.095335 0.030636 0.000538 0.000456 0.000520 0.001295 0.001489 0.001074 0.036229 -0.139294 -0.119127 -0.018520 -0.015244 0.000000 0.015570 0.101196 0.026816 -0.362958 -0.046900 0.000013 0.015785 0.055087 0.657415
-9999.000000 -9999.000000 -9999.000000 -9999.000000 -9999.000000 -9999.000000 -9999.000000 -9999.000000 -9999.000000 -9999.000000 -9999.000000 -9999.000000 -9999.000000 -9999.000000 -9999.000000 -9999.000000 -9999.000000 -9999.000000 -9999.000000 -9999.000000 -9999.000000 -9999.000000 -9999.000000 0.000000 -0.008739 -0.030574 -0.012284 -0.000172 0.000488 0.016429 0.014906 0.001431 0.002386 0.031532 0.032227 0.282137 0.036077 0.013062 0.007033 0.001707 0.001555 0.003032 0.003145 0.002314 0.012836 0.038409 -0.056527 -0.004827 0.000271 0.000000 0.018749 0.181847 0.176822 -0.096740 -0.000880 0.000272 0.020536 0.059533 0.423988
-9999.000000 -9999.000000 -9999.000000 -9999.000000 -9999.000000 -9999.000000 -9999.000000 -9999.000000 -9999.000000 -9999.000000 -9999.000000 -9999.000000 -9999.000000 -9999.000000 -9999.000000 -9999.000000 -9999.000000 -9999.000000 -9999.000000 -9999.000000 -9999.000000 -9999.000000 -9999.000000 0.000000 -0.009937 -0.033940 -0.012792 -0.000004 0.017039 0.015467 0.004878 0.001575 0.019199 0.198865 0.162004 0.084560 -0.088231 -0.001002 -0.000440 0.000676 0.001255 0.004605 0.007148 0.004804 0.002118 0.001666 0.001311 0.085530 0.090993 0.059312 0.023626 0.173255 0.212504 -0.251024 -0.006030 0.000000 0.027235 0.063922 0.048196
-9999.000000 -9999.000000 -9999.000000 -9999.000000 -9999.000000 -9999.000000 -9999.000000 -9999.000000 -9999.000000 -9999.000000 -9999.000000 -9999.000000 -9999.000000 -9999.000000 -9999.000000 -9999.000000 -9999.000000 -9999.000000 -9999.000000 -9999.000000 -9999.000000 -9999.000000 -9999.000000 -9999.000000 -0.037713 -0.046489 -0.014052 -0.000000 0.012035 0.010130 -0.000360 0.000360 0.026696 0.107984 0.016056 0.001151 -0.003877 -0.001778 -0.002324 0.000758 0.000656 0.012258 0.011620 0.134625 -0.000192 0.002138 0.001740 0.241842 0.195288 0.536893 0.553295 1.260964 0.542314 -0.145100 -0.108886 -0.000530 0.001176 0.015043 0.053840
