use_cases/Flooding_chicago/flooding_data/output/hUx_2520.asc
ncols 337
nrows 393
xllcorner 428428.000000
yllcorner 4602440.000000
cellsize 26.757400
NODATA_value -9999.000000
[rows 78 to 103 of 393, columns 236 to 294 of 337]
0.000084 0.000213 0.000162 0.000485 -0.000028 0.007819 0.042117 0.004500 -0.000004 0.002248 0.000818 0.010474 0.034421 0.481232 0.138179 -0.114871 -0.035212 -0.000000 0.074051 0.186817 0.325891 0.907302 0.934425 0.839528 0.600739 0.251283 -0.238510 -0.595792 -1.025615 -1.029719 -1.569573 -4.185740 -3.442663 -3.016838 -1.495057 -1.366669 -0.085098 -0.000000 0.123021 1.796014 2.483748 1.541416 0.340503 0.051119 -0.060738 -0.186441 -0.034471 -0.008221 -0.000000 0.016328 0.042118 0.093092 0.681446 0.645668 0.617553 1.553725 2.227553 2.162116 2.073328
0.678326 0.395596 -0.186004 -0.047503 -0.000730 0.000257 0.000061 -0.000240 -0.000083 0.000347 0.000602 0.000318 0.015268 0.683870 0.206783 -0.129180 -0.060247 -0.000000 0.009992 0.518365 0.566687 1.022077 0.371043 0.070310 -0.029859 -0.120411 -0.255807 -0.659516 -0.532800 -0.114317 -0.308299 -1.684507 -2.583757 -2.559158 -1.522809 -1.319729 -0.099131 -0.027754 1.017200 2.254290 1.562112 1.300061 0.026030 -0.019634 -0.089442 -0.033026 -0.014745 -0.019615 -0.001316 0.001421 0.001283 0.062025 0.888457 2.191282 2.340654 4.153243 3.613828 2.721980 1.450420
1.522991 1.377129 0.904956 0.612545 -0.002002 -0.002964 -0.000068 0.000091 -0.000176 -0.000422 -0.000133 0.000149 0.011575 0.025998 0.033175 0.004012 -0.021229 -0.000001 0.005089 0.019398 0.104599 0.015147 0.014397 0.021876 0.064783 0.018086 -0.028576 -0.022014 -0.005679 0.000000 0.008508 -0.123856 -1.640503 -1.793672 -1.823184 -2.047265 -1.152663 -0.519093 0.120496 0.963341 0.093955 -0.005319 0.011702 0.001947 -0.002180 -0.009164 -0.015252 -0.013997 -0.000492 0.000410 0.011015 0.171717 0.718745 0.707174 1.767550 1.486213 0.949088 0.614960 -0.008927
0.546192 0.428512 0.196386 -0.007595 -0.027241 -0.011851 -0.001606 -0.000580 -0.000613 -0.000771 -0.000270 0.000473 0.014845 0.030404 0.022999 0.001984 -0.000041 -0.000106 0.000159 0.006328 0.020615 0.014954 0.050589 -0.000126 0.000094 0.000361 -0.000097 -0.000107 -0.000074 0.000008 0.011060 0.139665 -0.381729 -0.857499 -1.725833 -1.953070 -2.161008 -1.334186 -0.482594 -0.590731 -0.451802 -0.115286 -0.001195 -0.002927 -0.003548 -0.010365 -0.006032 0.006752 0.012584 0.004002 0.143704 0.920026 0.895079 0.849147 0.775626 0.001539 0.002340 0.000640 0.000362
0.368445 0.413237 0.385431 0.192866 -0.153185 -0.031466 -0.006534 -0.000423 -0.000473 -0.000786 0.000014 0.000967 0.012619 0.027486 0.022886 0.002655 0.000184 -0.000165 0.000355 0.004028 0.068399 0.084744 0.152293 -0.000396 -0.000227 0.000245 0.000376 -0.000086 -0.000180 0.000346 0.006609 0.168394 -0.418117 -0.621871 -1.458269 -1.900575 -2.067177 -1.642472 -1.556683 -1.621049 -1.094561 -0.797328 -0.388574 -0.007531 -0.000405 0.000097 0.009394 0.016137 0.013511 0.108266 0.352256 0.785102 0.879719 0.569286 0.051995 0.018321 -0.002762 -0.000036 0.000305
0.404495 0.268314 0.169279 0.095893 -0.134171 -0.022500 -0.010835 -0.000540 -0.000823 -0.000813 0.000001 0.015689 0.010918 0.012298 0.004753 0.001442 0.000539 0.000511 0.009710 0.040923 0.519936 0.594360 0.987917 0.684827 0.586263 0.381297 0.238792 -0.000346 0.000180 0.004608 0.003000 0.082573 -0.642355 -1.129617 -1.294027 -1.306871 -1.557236 -1.394254 -1.340797 -1.401021 -1.089904 -0.549461 -0.320152 -0.404501 -0.008741 -0.000820 0.000358 0.000767 0.020831 0.366764 0.563054 0.655575 0.683420 0.214835 -0.003701 -0.239784 -0.019919 -0.000871 -0.000001
0.780309 0.782264 1.056528 0.586447 0.248975 -0.092361 -0.096288 -0.009526 -0.000404 -0.000442 -0.000278 0.000424 0.017181 0.040424 0.054341 0.012132 0.003124 0.002359 0.001523 0.677619 0.802167 1.038186 1.193821 0.699321 1.186683 0.829808 0.070579 0.038618 0.011308 0.005160 0.011823 0.006342 0.116758 0.052420 -0.203291 -0.111372 0.105416 0.184054 0.117572 0.072884 -0.100734 -0.054711 0.036701 0.037511 0.030680 -0.000664 0.000068 0.000708 0.011067 0.356964 0.532843 0.487288 0.271670 0.187519 0.048085 -0.016630 -0.001617 -0.004067 0.000010
0.768482 0.828733 0.820137 0.637848 0.294582 0.048058 -0.191555 -0.016290 -0.001178 -0.013033 -0.006649 0.000008 0.009628 0.026465 0.051141 0.057945 0.620742 0.701683 0.615616 0.868641 1.016438 1.162796 1.374056 0.670458 1.367340 1.045745 0.079429 0.043360 0.013779 0.005494 0.004850 0.004331 0.198847 1.012591 1.425339 1.452059 1.034678 1.351328 0.824804 0.051198 -0.268464 -0.567298 -0.097366 0.003680 0.016203 0.022417 0.012681 0.048869 0.117616 0.910950 0.912549 0.966334 0.566389 0.268824 -0.067639 -0.033088 -0.006698 -0.000360 0.000360
0.724199 0.689712 0.785872 1.428891 1.123432 0.969179 0.879539 0.600184 0.543108 0.384412 -0.006327 -0.000220 0.000479 0.001760 0.012655 0.061101 0.056896 0.210199 0.578314 0.596501 0.781161 0.814913 0.708181 0.001501 0.123067 0.938160 1.548989 1.280477 1.384736 2.020313 1.544239 1.516486 2.567900 2.934104 3.053473 2.440805 1.803982 1.391028 0.913861 0.007331 -0.275913 -0.228836 -0.046488 0.000019 -0.006297 0.039059 0.080763 0.217779 0.420577 1.056929 1.197097 0.817473 0.582218 0.136159 -0.541142 -0.029985 -0.006698 -0.000360 0.000360
0.242802 0.548961 0.549395 1.406599 1.810793 1.662990 1.531133 1.283589 1.304750 1.483672 0.565752 0.002566 0.000442 0.001055 0.448771 0.747680 0.687800 0.623554 0.819207 0.597080 0.297204 0.182426 0.002891 0.003052 0.199682 1.003642 2.083308 1.774105 1.768151 3.134411 3.486640 4.954261 3.519284 3.381131 3.270521 1.996168 1.231023 0.972892 0.667410 0.102882 -0.347848 -0.474173 -0.118521 -0.006672 0.079195 0.148024 0.197435 0.364295 0.620197 0.710368 0.711334 0.801346 0.479049 0.090478 0.190018 -0.018875 -0.001686 0.000124 0.000295
0.590475 0.510018 0.603725 0.685824 1.490717 1.425304 1.394023 1.228985 1.343978 1.978733 1.536144 1.410410 1.297369 1.407666 1.172630 1.244687 1.538669 1.371572 1.893471 1.842438 1.429273 1.528431 0.775057 0.893068 0.626593 0.857450 0.572157 0.450747 0.296444 1.798266 2.427880 2.337673 2.310111 2.058246 1.347403 0.952654 0.852038 0.519008 0.073958 -0.087876 -0.025040 0.103780 0.040021 0.024198 -0.020095 -0.109316 -0.121798 -0.026881 0.253662 0.378725 0.514054 0.454480 0.076364 0.011509 -0.123338 -0.019537 -0.000083 0.009886 0.008273
0.778222 0.716829 0.601376 0.662051 1.389555 1.314883 1.377706 1.229892 1.289414 1.425640 1.567022 1.630843 1.676095 1.886366 1.845727 1.531335 2.017308 1.864422 2.624437 2.804050 3.021526 3.459418 3.108395 2.881871 3.141822 4.257620 3.663052 3.440583 3.391382 4.225027 4.444364 3.707069 2.762582 2.533099 1.569154 1.041318 0.693859 0.234635 -0.114704 -0.300271 0.069811 0.428790 -0.088070 -0.258266 -0.431932 -0.424505 -0.342686 -0.206011 0.026357 0.401196 0.472360 0.326780 -0.025226 -0.000133 -0.026661 -0.012526 -0.015233 0.000008 0.029201
0.667230 0.665678 0.736023 0.515392 0.878394 0.850342 1.055713 1.100227 1.163691 1.240741 1.345755 1.440203 1.560861 1.610962 1.646388 1.395093 1.445095 2.310942 2.678026 3.092955 3.323875 3.830021 3.344699 4.206077 2.934211 4.228202 4.843515 4.433383 2.943056 2.398409 1.719237 2.389900 1.702477 1.319967 0.957447 0.246080 -0.407139 -0.896015 -1.615240 -1.622109 -1.902904 -0.607733 -0.023728 0.101667 0.540961 0.570026 0.611401 0.837050 1.151362 0.903190 0.778730 0.433578 0.005282 -0.002724 -0.003107 -0.008124 -0.000305 0.000398 0.020187
0.528528 0.572687 0.630726 0.471311 0.490445 0.782947 0.786268 1.032380 0.801127 1.021643 1.148769 1.371912 1.350469 1.249492 1.552435 1.325547 1.957671 1.890556 2.127007 1.827778 1.583225 1.533799 1.139367 0.685492 0.413688 0.144211 0.167829 0.706574 0.613839 0.069578 0.015822 0.002959 -0.289732 -0.506114 -0.430184 -0.450993 -0.563210 -0.921560 -1.079099 -1.845374 -2.868952 -1.183933 0.024647 0.723181 1.544805 1.562113 1.505803 1.751802 1.673482 1.452092 1.016436 0.507722 0.150506 -0.011614 -0.000670 0.000015 0.000682 0.005340 0.004109
1.104874 1.132293 1.487543 0.989506 0.974916 1.003535 1.393702 1.044482 1.023254 1.301338 1.332664 1.545639 1.372616 1.520110 1.733354 1.944183 2.649639 1.881651 1.719864 1.907825 1.140986 1.024985 0.484365 -0.000022 -0.002726 -0.007029 -0.001204 0.000191 0.000333 0.000424 0.000420 0.006623 0.140008 -0.851366 -1.338479 -1.037598 -0.862252 -0.747545 -0.720548 -0.557327 -0.972179 -0.737212 0.191321 1.143168 2.875162 2.137805 1.992693 1.812135 1.737851 1.359122 1.158448 0.692380 0.637697 0.643547 -0.000604 0.000351 0.005880 0.004188 0.003578
0.832183 1.109680 1.132064 1.312822 0.922230 0.948769 0.851004 0.669736 1.033913 1.179292 1.210192 1.320663 1.391126 1.505527 1.851648 1.732792 1.743657 1.657678 1.494091 1.291485 1.229455 0.979973 0.278696 -0.009510 -0.002886 -0.023035 -0.022376 -0.000008 0.000204 0.000434 0.000525 0.005072 0.011304 0.009391 0.001268 -0.351127 -0.491461 -0.421325 -0.553546 -0.519849 -0.191971 0.260274 0.889559 1.387862 2.822553 2.022105 1.908064 1.736105 1.571915 1.254276 1.077557 0.591682 0.503515 0.500996 -0.007538 0.000013 0.013583 0.034528 0.045361
0.286923 0.146225 0.520357 0.577583 0.552274 0.510562 0.510192 0.437014 0.701173 0.926324 0.985148 0.962830 1.047019 1.421551 1.566031 1.502625 1.559749 1.423791 1.085786 0.748127 0.561168 0.219944 -0.025085 -0.005483 0.000001 -0.000747 -0.002142 -0.000279 0.000458 0.001743 0.000757 0.000000 0.006710 0.015733 0.021917 0.014452 0.064273 -0.001906 -0.017267 -0.034891 0.254007 0.792563 1.388070 1.817168 2.742224 2.411296 2.126186 2.119942 1.563406 1.457264 1.109991 0.990829 1.074301 0.779334 0.099469 0.023849 0.040926 -0.352406 -0.387137
0.218062 0.536161 0.344338 0.812050 0.685492 0.645243 0.722352 0.793526 0.707176 0.933186 0.859149 1.069352 0.909855 1.084837 1.462294 1.302055 1.389622 0.920557 0.706311 0.380737 -0.021323 -0.797908 -0.006887 -0.000579 0.000070 0.000061 -0.000774 -0.000234 0.000801 0.007846 0.024786 -0.000131 0.000367 0.000614 0.007067 0.010335 0.018547 0.014018 0.408508 0.561021 1.136907 1.482270 1.912126 2.240352 2.323064 1.505622 1.379816 0.935893 0.054144 -0.565330 -0.471534 -0.218959 0.084908 1.284026 1.154274 1.217296 0.214250 -0.432757 0.000261
0.376400 0.248201 1.037913 1.180820 0.936149 1.052668 1.050736 0.938421 1.014361 1.197724 1.120952 1.281394 1.239210 1.274517 1.287043 1.309239 0.869631 0.912155 0.448243 0.336413 0.092342 -0.038050 -0.012974 -0.006354 0.000000 0.000282 0.000453 0.000000 0.010002 0.017660 0.020513 -0.010597 -0.006796 -0.000289 -0.001341 0.000000 0.009756 0.023405 0.753621 1.074171 2.011074 1.961135 2.007003 1.840807 0.726273 -0.020218 -0.000441 -0.000037 0.000345 0.003508 0.062534 -0.071253 -0.008127 0.000006 0.885703 2.862343 1.802828 1.160340 0.626568
0.464619 0.338783 0.186395 0.438144 0.386993 0.409023 0.444910 0.475858 0.626726 0.663261 0.545368 0.566814 0.660388 0.684469 0.718711 0.608566 0.432451 0.225857 0.145642 -0.035698 -0.079653 -0.015002 -0.031365 -0.023174 -0.007893 0.000000 0.007826 0.014063 0.018032 0.032742 0.669452 0.364484 -0.058227 -0.032256 -0.022982 0.000000 0.005094 0.009311 1.065419 1.206992 1.915575 1.947920 0.796716 -0.717996 -0.007774 -0.004212 0.000000 -0.001232 -0.000261 0.006289 0.010222 0.000209 0.000325 0.000338 0.053920 0.439458 0.422916 0.348319 0.022385
0.396551 0.309912 0.214276 0.295478 0.104413 0.075863 0.045681 0.097082 0.389627 -0.108467 -0.213768 -0.245492 -0.250621 -0.294682 0.036736 0.130965 0.086170 -0.266217 -0.027201 -0.047682 -0.061083 -0.117157 -0.019076 -0.006460 -0.000190 0.000134 0.013377 0.024321 0.023364 0.076954 0.292863 0.208926 -0.112250 -0.032926 -0.017236 0.000000 0.012326 0.025291 0.354880 0.927852 1.665468 0.675222 -0.645944 -0.626444 -0.109363 -0.049306 -0.031259 -0.014652 -0.008004 -0.000497 0.000072 0.006958 0.011797 0.002503 0.013717 0.038351 0.753286 0.774281 0.775529
0.160191 0.165483 0.126374 0.079791 -0.043104 -0.105157 -0.002247 0.193577 0.262956 0.492922 0.224860 0.113978 0.023017 -0.068860 0.132375 0.145639 0.034473 -0.339141 -0.072190 0.000000 -0.047264 -0.116158 -0.023422 -0.009001 -0.000062 0.000087 0.007226 0.020562 0.024228 0.005926 0.087881 0.095670 0.181412 0.109279 -0.009814 0.000000 0.007776 0.160630 1.445614 1.142094 -0.952256 -0.566587 -0.233463 -0.447415 -0.166195 -0.041452 -0.028919 -0.016020 -0.013536 -0.006320 0.000000 0.003663 0.009791 0.002067 0.015224 0.014204 0.030691 0.577679 0.618229
-0.000113 -0.000020 0.000084 0.000466 0.027821 0.162196 0.193880 0.429568 0.487421 0.456008 0.370250 0.322743 0.224723 0.094132 0.283429 0.331839 0.323077 -0.082544 -0.027669 -0.038916 -0.020100 0.011127 0.011920 0.001526 -0.000002 0.008762 0.046701 -0.197495 -0.292309 -0.212103 -0.166047 -0.127320 -0.022258 0.012829 -0.000405 0.005644 0.017416 0.219176 1.045895 1.170581 0.574802 -0.151819 -0.198793 -0.474639 -0.252341 -0.014426 -0.005019 -0.019728 -0.010653 -0.000395 0.000023 0.000284 0.002940 0.001874 0.017025 0.204385 0.314469 0.339202 0.541874
-0.016598 -0.003663 0.000000 0.005350 0.048141 0.046575 0.194188 0.447295 0.574646 0.372144 0.255528 0.333394 0.309299 -0.095177 0.199403 0.314532 0.196938 -0.014531 0.000000 0.076273 -0.003522 0.022134 0.048866 0.084921 0.037613 0.173853 0.797136 0.289682 0.200776 0.200105 0.214314 0.241172 0.286280 0.155328 -0.000008 0.009574 0.362410 1.567041 1.561603 2.299249 1.325802 0.122913 -0.223280 -0.464528 -0.566840 -0.172989 -0.001301 -0.001179 -0.000386 -0.000046 0.000200 0.129221 0.465358 0.086379 0.367760 0.537485 1.080654 1.924386 0.805681
-0.002052 -0.000839 -0.000067 0.000464 0.073060 0.244501 0.311832 0.390004 0.279463 -0.000441 0.000386 0.038393 0.128231 0.018567 0.174950 0.095379 -0.046090 -0.007143 0.000000 0.008319 0.180098 0.019653 0.048686 0.048774 0.050231 0.193323 0.934165 0.690553 0.568047 0.544200 0.481646 0.613881 0.546080 0.733133 0.890432 1.046951 3.330122 3.201326 3.548948 3.806550 2.314868 0.221578 -0.490430 -0.359715 -0.248574 -0.134236 -0.233962 -0.204517 -0.063275 -0.089616 -0.068206 0.074092 0.353289 0.326444 0.095811 0.106742 0.119209 0.195196 0.200636
0.441193 0.404024 0.002187 0.005393 0.288416 0.523707 0.405257 0.204767 0.157444 -0.000364 0.000353 0.052319 0.155066 0.174640 0.249309 0.131447 -0.022067 -0.005882 0.000000 0.009018 0.020177 -0.122331 -0.058594 -0.000394 0.000117 0.007432 -0.155069 -0.216617 -0.068114 -0.111659 -0.281001 -0.095237 -0.064011 0.003715 1.945309 2.450120 4.564403 3.792047 3.838824 2.557544 2.064440 0.768377 0.414205 0.248792 0.240236 0.086067 -0.097952 -0.416392 -0.053590 0.000268 0.142171 0.234238 0.145705 0.065084 -0.082077 -0.006665 0.000149 0.001055 0.011231
