use_cases/Flooding_chicago/flooding_data/output/hUx_2400.asc
ncols 337
nrows 393
xllcorner 428428.000000
yllcorner 4602440.000000
cellsize 26.757400
NODATA_value -9999.000000
[rows 260 to 285 of 393, columns 0 to 58 of 337]
-9999.000000 -9999.000000 -9999.000000 -9999.000000 -9999.000000 -9999.000000 -9999.000000 -9999.000000 -9999.000000 -9999.000000 -9999.000000 -9999.000000 -9999.000000 -9999.000000 -9999.000000 -9999.000000 -9999.000000 -9999.000000 -9999.000000 -9999.000000 -9999.000000 -9999.000000 -9999.000000 -9999.000000 -9999.000000 -9999.000000 -9999.000000 -9999.000000 -9999.000000 -0.000884 -0.120639 -0.668382 -1.381962 -1.308383 -1.388483 -1.124713 -1.141116 -1.420193 -1.208232 -1.042533 -1.101665 -0.956653 -0.818860 -0.361031 -0.274894 -0.354656 -0.309313 -0.213105 -0.083723 0.033418 0.047722 0.074550 0.149974 0.239356 0.350328 0.391252 0.495995 0.628188 0.472363
-9999.000000 -9999.000000 -9999.000000 -9999.000000 -9999.000000 -9999.000000 -9999.000000 -9999.000000 -9999.000000 -9999.000000 -9999.000000 -9999.000000 -9999.000000 -9999.000000 -9999.000000 -9999.000000 -9999.000000 -9999.000000 -9999.000000 -9999.000000 -9999.000000 -9999.000000 -9999.000000 -9999.000000 -9999.000000 -9999.000000 -9999.000000 -9999.000000 -9999.000000 0.000000 0.012170 0.381575 -0.070522 -0.393363 -0.610601 -0.364256 -0.674469 -0.822894 -0.708581 -0.738733 -0.564408 -0.569732 -0.700579 -0.333746 -0.261938 -0.255159 -0.190100 -0.154718 -0.148293 -0.122170 -0.112341 -0.037242 -0.007850 -0.001539 0.048375 0.107148 -0.098627 -0.723619 -0.164680
-9999.000000 -9999.000000 -9999.000000 -9999.000000 -9999.000000 -9999.000000 -9999.000000 -9999.000000 -9999.000000 -9999.000000 -9999.000000 -9999.000000 -9999.000000 -9999.000000 -9999.000000 -9999.000000 -9999.000000 -9999.000000 -9999.000000 -9999.000000 -9999.000000 -9999.000000 -9999.000000 -9999.000000 -9999.000000 -9999.000000 -9999.000000 -9999.000000 -9999.000000 0.000000 0.008123 0.030329 0.398696 -0.384845 -0.731293 -0.801027 -0.656330 -0.941283 -1.074946 -0.904027 -0.842743 -0.652083 -0.377003 -0.322528 -0.251305 -0.217581 -0.267605 -0.202019 -0.118965 -0.073721 -0.022956 0.023786 0.056166 0.040032 0.006881 -0.028507 -0.051542 -0.089282 -0.130830
-9999.000000 -9999.000000 -9999.000000 -9999.000000 -9999.000000 -9999.000000 -9999.000000 -9999.000000 -9999.000000 -9999.000000 -9999.000000 -9999.000000 -9999.000000 -9999.000000 -9999.000000 -9999.000000 -9999.000000 -9999.000000 -9999.000000 -9999.000000 -9999.000000 -9999.000000 -9999.000000 -9999.000000 -9999.000000 -9999.000000 -9999.000000 -9999.000000 -9999.000000 0.000000 0.013214 0.045796 0.014821 -0.120629 -0.237279 -0.527811 -0.452759 -0.373098 -0.440697 -0.561283 -0.563413 -0.467453 -0.258266 -0.207981 -0.210854 -0.233805 -0.292777 -0.274678 -0.234171 -0.208495 -0.230022 -0.190487 -0.255278 -0.363779 -0.033431 -0.035214 -0.018035 -0.032204 -0.043418
-9999.000000 -9999.000000 -9999.000000 -9999.000000 -9999.000000 -9999.000000 -9999.000000 -9999.000000 -9999.000000 -9999.000000 -9999.000000 -9999.000000 -9999.000000 -9999.000000 -9999.000000 -9999.000000 -9999.000000 -9999.000000 -9999.000000 -9999.000000 -9999.000000 -9999.000000 -9999.000000 -9999.000000 -9999.000000 -9999.000000 -9999.000000 -0.001748 -0.000289 0.000420 0.017160 0.067710 0.021451 0.017630 0.019037 -0.160609 -0.195843 -0.144549 -0.086963 -0.166764 -0.268918 -0.329823 -0.224883 -0.012884 0.096575 0.072436 0.047396 -0.063408 -0.301580 -0.410264 -0.410557 -0.446295 -0.408901 -0.477428 -0.053260 -0.060092 -0.026140 -0.034189 -0.060937
-9999.000000 -9999.000000 -9999.000000 -9999.000000 -9999.000000 -9999.000000 -9999.000000 -9999.000000 -9999.000000 -9999.000000 -9999.000000 -9999.000000 -9999.000000 -9999.000000 -9999.000000 -9999.000000 -9999.000000 -9999.000000 -9999.000000 -9999.000000 -9999.000000 -9999.000000 -9999.000000 0.000022 0.001769 0.001031 0.006149 -0.000631 0.000468 0.010208 0.009571 0.004706 0.007311 0.017231 0.034226 0.386802 0.248391 0.190306 0.168162 0.116613 0.063408 -0.002240 -0.003915 0.069600 0.161736 0.269566 0.385943 0.128209 -0.184129 -0.620376 -0.760235 -0.498265 -0.560710 -0.490553 -0.079014 -0.135046 -0.042240 -0.005484 -0.029098
-9999.000000 -9999.000000 -9999.000000 -9999.000000 -9999.000000 -9999.000000 -9999.000000 -9999.000000 -9999.000000 -9999.000000 -9999.000000 -9999.000000 -9999.000000 -9999.000000 -9999.000000 -9999.000000 -9999.000000 -9999.000000 -9999.000000 -9999.000000 -9999.000000 -9999.000000 -0.000422 0.000594 0.012193 0.102697 0.029803 -0.000797 0.000993 0.007965 0.005747 0.004312 0.002826 0.049226 0.069555 0.549992 0.604234 0.498420 0.381194 0.185427 0.042596 -0.236584 -0.383265 -0.532951 -0.468592 -0.496427 -0.010027 -0.000066 0.000062 0.010491 0.071319 -0.000252 0.000354 -0.164697 -0.062824 -0.100360 -0.044767 -0.012521 -0.000000
-9999.000000 -9999.000000 -9999.000000 -9999.000000 -9999.000000 -9999.000000 -9999.000000 -9999.000000 -9999.000000 -9999.000000 -9999.000000 -9999.000000 -9999.000000 -9999.000000 -9999.000000 -9999.000000 -9999.000000 -9999.000000 -9999.000000 -9999.000000 -9999.000000 -0.000761 0.000611 0.001233 0.008559 0.095484 0.021305 -0.000672 0.001232 0.017411 0.090456 0.001454 0.003207 0.108778 0.145874 0.838696 1.218158 0.824888 0.220342 0.083837 -0.010460 -0.334471 -0.297485 -0.324749 -0.548769 -0.041300 -0.019155 -0.000169 0.000142 0.007193 0.014992 0.001479 0.001084 -0.013404 -0.101017 -0.048362 -0.052942 -0.012817 -0.000022
-9999.000000 -9999.000000 -9999.000000 -9999.000000 -9999.000000 -9999.000000 -9999.000000 -9999.000000 -9999.000000 -9999.000000 -9999.000000 -9999.000000 -9999.000000 -9999.000000 -9999.000000 -9999.000000 -9999.000000 -9999.000000 -9999.000000 -9999.000000 -0.000805 0.001569 0.002018 0.010465 -0.254586 -0.092966 -0.001764 0.000064 0.001590 -0.024135 0.067537 0.668185 0.886991 1.206823 1.631113 1.527563 0.976550 0.597481 -0.009709 -0.003962 0.005430 0.093581 -0.076348 -0.257331 -0.263005 -0.017342 -0.005604 -0.000365 0.000147 0.000704 0.000774 0.000563 0.009896 0.022926 -0.037279 -0.069202 -0.059123 -0.012667 -0.000408
-9999.000000 -9999.000000 -9999.000000 -9999.000000 -9999.000000 -9999.000000 -9999.000000 -9999.000000 -9999.000000 -9999.000000 -9999.000000 -9999.000000 -9999.000000 -9999.000000 -9999.000000 -9999.000000 -9999.000000 -9999.000000 -9999.000000 0.000000 0.001225 0.003955 0.076437 -0.193134 -0.814635 -0.398919 -0.012608 0.000000 0.041163 0.525661 0.565235 1.192299 1.265132 1.483679 1.203463 0.167886 0.076755 0.017251 0.001929 0.010996 0.018817 -0.356320 -0.440604 -0.439932 -0.423088 -0.638973 -0.018295 -0.008558 -0.000817 -0.000697 0.000126 0.000599 -0.001941 -0.022463 -0.013041 -0.001923 -0.002766 -0.001539 -0.003979
-9999.000000 -9999.000000 -9999.000000 -9999.000000 -9999.000000 -9999.000000 -9999.000000 -9999.000000 -9999.000000 -9999.000000 -9999.000000 -9999.000000 -9999.000000 -9999.000000 -9999.000000 -9999.000000 -9999.000000 -9999.000000 -0.000530 0.000000 0.000281 0.001085 0.115715 -0.595520 -0.577691 -0.479385 -0.163851 -0.112579 0.013831 0.139874 0.381601 0.495076 0.477450 0.418983 -0.015074 -0.006243 -0.003646 0.001916 0.013500 0.010024 0.010484 0.006509 -0.481220 -0.511513 -0.542170 -0.850707 -0.343847 -0.016789 -0.009865 -0.001085 -0.001571 -0.002635 -0.002290 -0.004418 -0.001924 -0.003632 -0.009937 -0.001107 -0.002070
-9999.000000 -9999.000000 -9999.000000 -9999.000000 -9999.000000 -9999.000000 -9999.000000 -9999.000000 -9999.000000 -9999.000000 -9999.000000 -9999.000000 -9999.000000 -9999.000000 -9999.000000 -9999.000000 -9999.000000 -9999.000000 -0.009366 -0.005237 0.000000 0.008912 0.105766 0.629330 0.759918 0.780909 0.839916 1.225563 1.016839 2.308796 1.869476 1.260082 0.852413 0.599090 -0.050739 -0.023949 -0.029780 -0.001411 -0.000123 0.002967 0.002166 0.003553 0.051002 -0.280740 -0.664122 -1.319793 -0.913545 -0.716134 -0.302851 -0.059797 -0.093332 -0.067681 -0.002145 -0.004413 -0.004055 -0.007382 -0.024427 -0.001534 -0.000701
-9999.000000 -9999.000000 -9999.000000 -9999.000000 -9999.000000 -9999.000000 -9999.000000 -9999.000000 -9999.000000 -9999.000000 -9999.000000 -9999.000000 -9999.000000 -9999.000000 -9999.000000 -9999.000000 -9999.000000 -0.002425 -0.011428 -0.013912 -0.000681 0.001000 0.014421 1.127180 0.754316 0.230834 -0.051680 -0.049245 0.000385 0.015893 -0.772401 -1.474821 -1.912557 -2.044639 -0.261405 -0.036577 -0.073167 -0.005766 -0.004111 0.002490 0.003629 0.014235 0.010401 -0.197978 -0.309820 -0.564968 -0.316149 -0.546278 -0.418165 -0.489058 -0.084909 -0.074789 -0.069301 -0.146237 -0.013326 0.000000 -0.137780 -0.011000 0.000000
-9999.000000 -9999.000000 -9999.000000 -9999.000000 -9999.000000 -9999.000000 -9999.000000 -9999.000000 -9999.000000 -9999.000000 -9999.000000 -9999.000000 -9999.000000 -9999.000000 -9999.000000 -9999.000000 -9999.000000 -0.004174 -0.014040 -0.011317 -0.000364 0.000421 0.004816 0.144848 0.082956 0.065970 0.387733 0.293418 -0.092778 -0.001422 0.000231 0.004194 0.156588 -0.853562 -0.450550 -0.587156 -0.183038 -0.009854 -0.016162 -0.001569 0.004177 0.004667 0.003085 0.000699 -0.176053 -0.262162 -0.165100 -0.046235 -0.060684 -0.077027 -0.090345 -0.114932 -0.243713 -0.041969 -0.019238 0.000000 -0.169512 -0.014121 0.000000
-9999.000000 -9999.000000 -9999.000000 -9999.000000 -9999.000000 -9999.000000 -9999.000000 -9999.000000 -9999.000000 -9999.000000 -9999.000000 -9999.000000 -9999.000000 -9999.000000 -9999.000000 -9999.000000 -9999.000000 -9999.000000 -0.023911 -0.023950 -0.009182 0.000012 0.019586 -0.004727 0.001638 0.036997 0.076776 -0.037816 -0.142513 -0.019060 -0.001732 0.000205 0.000394 0.012452 0.015547 -0.120263 -0.271148 -0.301611 -0.062050 -0.046329 -0.000702 -0.000209 0.000087 0.000249 -0.016598 -0.057662 -0.162621 -0.079887 -0.092243 -0.078461 -0.061397 -0.093213 -0.254673 -0.056962 -0.018288 -0.025037 -0.002676 -0.002807 0.001996
-9999.000000 -9999.000000 -9999.000000 -9999.000000 -9999.000000 -9999.000000 -9999.000000 -9999.000000 -9999.000000 -9999.000000 -9999.000000 -9999.000000 -9999.000000 -9999.000000 -9999.000000 -9999.000000 -9999.000000 -9999.000000 -9999.000000 -0.016530 -0.013442 -0.000999 -0.000235 0.000546 0.001117 -0.001328 -0.003323 -0.028573 -0.143564 -0.057482 -0.027332 -0.000001 0.005098 0.017955 0.001273 0.000452 -0.195302 -0.375395 -0.301989 -0.111995 -0.008762 -0.001125 -0.000051 0.000246 0.009141 0.072386 -0.045402 -0.060951 -0.095070 -0.261384 -0.265645 -0.350857 -0.019319 -0.003888 -0.012246 -0.002590 -0.002846 0.001684 0.003267
-9999.000000 -9999.000000 -9999.000000 -9999.000000 -9999.000000 -9999.000000 -9999.000000 -9999.000000 -9999.000000 -9999.000000 -9999.000000 -9999.000000 -9999.000000 -9999.000000 -9999.000000 -9999.000000 -9999.000000 -9999.000000 -9999.000000 -9999.000000 -9999.000000 -0.010746 -0.004589 -0.000040 0.007436 0.011525 0.000762 0.000280 -0.109251 -0.075201 -0.040328 -0.000055 0.010956 0.016453 0.001553 0.000971 0.006254 -0.017517 -0.182055 -0.208169 -0.017322 -0.011685 -0.000360 0.000360 0.007624 0.080278 0.033215 0.156560 0.322587 0.121821 -0.018476 -0.508943 -0.048903 -0.000751 -0.001937 -0.003047 0.000000 0.003951 0.002924
-9999.000000 -9999.000000 -9999.000000 -9999.000000 -9999.000000 -9999.000000 -9999.000000 -9999.000000 -9999.000000 -9999.000000 -9999.000000 -9999.000000 -9999.000000 -9999.000000 -9999.000000 -9999.000000 -9999.000000 -9999.000000 -9999.000000 -9999.000000 -9999.000000 -9999.000000 -9999.000000 -0.001274 -0.001129 -0.000635 0.000013 0.000140 -0.002072 -0.009550 0.018159 -0.001332 -0.000373 0.000726 0.000723 0.000000 0.006318 0.016277 0.120364 -0.251615 -0.294493 -0.007675 -0.000360 0.000360 0.011264 0.117621 0.058068 0.198223 0.159393 0.074962 -0.033081 -0.286147 -0.040723 -0.009438 -0.025107 -0.003124 -0.000074 0.002747 0.019898
-9999.000000 -9999.000000 -9999.000000 -9999.000000 -9999.000000 -9999.000000 -9999.000000 -9999.000000 -9999.000000 -9999.000000 -9999.000000 -9999.000000 -9999.000000 -9999.000000 -9999.000000 -9999.000000 -9999.000000 -9999.000000 -9999.000000 -9999.000000 -9999.000000 -9999.000000 -9999.000000 -0.002721 -0.006395 -0.023227 -0.005537 -0.000003 0.007254 0.015930 0.212712 -0.002292 -0.003230 -0.000364 0.000699 0.000000 0.003663 0.007360 0.114110 0.161526 -0.035730 -0.068659 -0.002515 0.005458 0.004418 0.024658 0.022617 0.011453 -0.002449 -0.005625 -0.011677 -0.024803 -0.066837 -0.025086 -0.001956 -0.002335 0.001258 0.002026 0.009674
-9999.000000 -9999.000000 -9999.000000 -9999.000000 -9999.000000 -9999.000000 -9999.000000 -9999.000000 -9999.000000 -9999.000000 -9999.000000 -9999.000000 -9999.000000 -9999.000000 -9999.000000 -9999.000000 -9999.000000 -9999.000000 -9999.000000 -9999.000000 -9999.000000 -9999.000000 -9999.000000 -9999.000000 -0.001517 -0.002092 -0.002316 -0.000208 0.000326 0.016910 0.211900 -0.053570 -0.016487 0.000001 0.004398 0.001207 0.008709 0.141683 0.070529 0.038913 0.021062 0.010602 0.009487 0.010273 0.098959 0.053228 -0.003453 -0.035116 -0.003183 -0.008809 -0.018296 -0.026305 -0.058107 -0.027387 -0.001063 -0.000440 0.000758 0.010519 0.062074
-9999.000000 -9999.000000 -9999.000000 -9999.000000 -9999.000000 -9999.000000 -9999.000000 -9999.000000 -9999.000000 -9999.000000 -9999.000000 -9999.000000 -9999.000000 -9999.000000 -9999.000000 -9999.000000 -9999.000000 -9999.000000 -9999.000000 -9999.000000 -9999.000000 -9999.000000 -9999.000000 -9999.000000 -9999.000000 -9999.000000 -9999.000000 -0.001662 -0.000060 0.000476 0.006761 -0.065798 -0.021766 0.000046 0.020687 0.082556 0.208908 0.127666 0.092193 0.067258 0.044664 0.029480 0.022353 0.015371 0.054198 -0.014803 -0.065501 -0.132251 -0.222589 -0.007854 -0.015019 -0.018667 -0.002130 -0.007541 -0.000249 0.000166 0.012152 0.031875 0.014963
-9999.000000 -9999.000000 -9999.000000 -9999.000000 -9999.000000 -9999.000000 -9999.000000 -9999.000000 -9999.000000 -9999.000000 -9999.000000 -9999.000000 -9999.000000 -9999.000000 -9999.000000 -9999.000000 -9999.000000 -9999.000000 -9999.000000 -9999.000000 -9999.000000 -9999.000000 -9999.000000 -9999.000000 -9999.000000 -9999.000000 -9999.000000 -9999.000000 -9999.000000 -9999.000000 0.000000 0.000710 0.000477 0.001051 0.029530 0.062851 0.011005 0.028345 0.024038 0.031076 0.031962 0.026238 0.018732 0.011323 0.000000 0.007434 0.368719 -0.051586 -0.236733 -0.504529 -0.032332 -0.006989 0.000000 0.004427 0.000831 0.001060 0.000513 0.003652 0.004061
-9999.000000 -9999.000000 -9999.000000 -9999.000000 -9999.000000 -9999.000000 -9999.000000 -9999.000000 -9999.000000 -9999.000000 -9999.000000 -9999.000000 -9999.000000 -9999.000000 -9999.000000 -9999.000000 -9999.000000 -9999.000000 -9999.000000 -9999.000000 -9999.000000 -9999.000000 -9999.000000 -9999.000000 -9999.000000 -9999.000000 -9999.000000 -9999.000000 -9999.000000 -9999.000000 -9999.000000 -0.000820 -0.000595 0.000835 0.002886 0.001247 0.000404 0.006490 0.009944 0.004067 0.020324 0.022451 0.014599 0.005722 0.000000 0.009421 -0.158421 -0.426080 -0.361369 -0.470279 -0.017707 -0.007100 0.000000 0.017409 0.027085 0.066296 -0.038908 -0.086213 0.000316
-9999.000000 -9999.000000 -9999.000000 -9999.000000 -9999.000000 -9999.000000 -9999.000000 -9999.000000 -9999.000000 -9999.000000 -9999.000000 -9999.000000 -9999.000000 -9999.000000 -9999.000000 -9999.000000 -9999.000000 -9999.000000 -9999.000000 -9999.000000 -9999.000000 -9999.000000 -9999.000000 -9999.000000 -9999.000000 -9999.000000 -9999.000000 -9999.000000 -9999.000000 -9999.000000 -9999.000000 -9999.000000 -9999.000000 -0.001366 -0.000168 0.000078 0.000413 0.012656 0.029313 0.045951 0.076649 0.033571 0.202248 0.224065 0.267675 0.280461 0.759075 0.639717 0.426158 0.125687 -0.001893 -0.016814 -0.000129 0.001240 0.091479 -0.089080 -0.126138 -0.123308 0.000016
-9999.000000 -9999.000000 -9999.000000 -9999.000000 -9999.000000 -9999.000000 -9999.000000 -9999.000000 -9999.000000 -9999.000000 -9999.000000 -9999.000000 -9999.000000 -9999.000000 -9999.000000 -9999.000000 -9999.000000 -9999.000000 -9999.000000 -9999.000000 -9999.000000 -9999.000000 -9999.000000 -9999.000000 -9999.000000 -9999.000000 -9999.000000 -9999.000000 -9999.000000 -9999.000000 -9999.000000 -9999.000000 -9999.000000 -0.002421 -0.000415 -0.000422 0.000236 0.000518 0.008262 0.017968 0.067278 0.030137 0.128303 0.140820 0.182390 0.223829 0.218266 0.351602 0.320648 0.357624 0.152877 0.132951 -0.000150 0.000507 0.163011 0.284628 0.324336 0.429059 0.149587
-9999.000000 -9999.000000 -9999.000000 -9999.000000 -9999.000000 -9999.000000 -9999.000000 -9999.000000 -9999.000000 -9999.000000 -9999.000000 -9999.000000 -9999.000000 -9999.000000 -9999.000000 -9999.000000 -9999.000000 -9999.000000 -9999.000000 -9999.000000 -9999.000000 -9999.000000 -9999.000000 -9999.000000 -9999.000000 -9999.000000 -9999.000000 -9999.000000 -9999.000000 -9999.000000 -9999.000000 -9999.000000 -9999.000000 0.000000 -0.000667 -0.001508 0.000007 0.009274 0.022511 0.033295 0.030332 0.067295 0.016764 0.005938 0.003398 0.002173 0.086636 0.085676 0.100943 0.421158 0.173190 0.161102 0.146480 0.000025 0.026331 0.051738 0.440147 0.171372 0.138070
