use_cases/Flooding_chicago/flooding_data/output/hUx_240.asc
ncols 337
nrows 393
xllcorner 428428.000000
yllcorner 4602440.000000
cellsize 26.757400
NODATA_value -9999.000000
[rows 156 to 181 of 393, columns 59 to 117 of 337]
0.060173 0.053232 0.010722 -0.000722 0.000180 -0.004433 -0.023195 -0.027135 -0.012555 -0.007725 -0.020190 -0.027467 -0.026612 -0.028222 -0.002064 -0.000460 0.000959 0.003171 0.011490 0.005657 -0.257193 -0.066922 -0.065377 -0.020353 -0.032948 -0.069122 -0.013316 -0.000365 0.000395 -0.038287 -0.067304 -0.162383 -0.036130 -0.012716 -0.016142 -0.000609 0.000693 0.009721 -0.009991 -0.085466 -0.013634 0.000000 0.007582 0.029999 0.061940 0.087262 0.043813 0.024757 0.057911 0.150633 0.087440 0.061484 0.041624 0.023732 0.048920 0.191519 -0.001111 -0.002219 -0.002562
0.057807 0.047647 -0.000163 0.000727 0.070900 0.787657 -0.023318 -0.032238 -0.012304 0.001296 -0.003162 -0.000705 -0.000056 0.000670 0.005629 0.000842 -0.000209 0.000842 0.005959 0.003783 -0.090486 -0.170437 -0.052355 -0.022656 -0.037331 -0.074605 -0.016649 -0.000710 0.000808 -0.034736 -0.079523 -0.181985 -0.037803 -0.012263 -0.016750 -0.001430 0.000858 0.001307 -0.013098 -0.068980 -0.011188 0.000000 0.005294 0.003865 0.020865 0.062868 0.029270 0.019677 0.033493 0.014570 0.050623 0.035108 0.015975 0.000003 0.006034 0.014509 0.003787 0.001404 0.001169
0.036691 0.074682 0.000342 0.007392 0.175777 0.159183 -0.032247 -0.000360 0.000360 0.001173 -0.000924 -0.000756 -0.000308 0.000795 0.024712 0.004158 -0.012116 -0.000206 0.000764 -0.190285 -0.078410 -0.144118 -0.043806 -0.019706 -0.030240 -0.056288 -0.021456 -0.000465 0.000658 0.000695 0.000314 -0.193096 -0.073640 -0.019403 -0.001028 -0.000935 0.000845 0.001012 0.001029 -0.004933 -0.001485 -0.000165 0.001266 0.002472 0.003491 0.004957 0.000274 0.000000 0.006008 0.019626 0.003639 0.006818 -0.000326 0.000207 0.006363 0.017558 0.004189 0.015564 -0.000245
0.052385 0.016566 0.006439 0.030398 0.134801 -0.036750 -0.014263 -0.000360 0.000360 0.002027 0.003157 0.001345 -0.000324 0.000029 0.015309 0.099101 -0.012131 -0.062418 -0.180292 -0.308212 -0.160747 -0.056014 -0.062462 -0.041572 -0.011532 -0.000212 0.000774 0.000996 0.002129 -0.000936 0.000052 -0.001476 -0.004172 -0.002677 -0.000712 -0.000044 0.016143 0.095728 -0.048910 -0.167019 -0.027243 -0.000014 0.013412 0.028580 0.042171 -0.000013 -0.001071 0.003472 0.002568 0.012532 0.023044 0.036823 0.006614 0.001375 0.000895 0.001829 0.008443 -0.000474 0.000069
0.067100 0.021440 0.006942 0.030621 0.152442 0.061820 -0.001033 0.000185 0.000227 0.000755 0.066218 0.000625 -0.007141 -0.000231 0.001128 -0.006274 -0.050345 -0.106418 -0.152956 -0.029937 -0.013904 -0.008702 -0.041768 -0.043132 -0.019328 -0.000006 0.015697 0.096483 0.554717 -0.013392 -0.000105 0.000136 0.000800 0.001394 0.000068 -0.000122 0.001201 -0.027553 -0.101503 -0.006586 -0.000515 0.000202 0.023677 0.111118 0.213925 0.027959 -0.001169 0.001961 0.047521 0.101849 0.145895 0.251803 0.134457 0.047298 0.013684 0.024214 0.040167 0.044855 0.030673
0.097894 0.145594 0.068999 0.058866 0.176826 0.097305 -0.000071 0.031886 0.124611 0.635291 0.232761 -0.554884 -0.169499 -0.048459 -0.000097 0.008522 0.059057 -0.026877 -0.388511 -0.050173 -0.002527 -0.015252 -0.999439 -0.047246 -0.007000 -0.000203 0.000462 0.012019 -0.001820 -0.017903 -0.000222 0.000222 0.003946 0.013278 0.033781 -0.004432 -0.025226 -0.024903 -0.063688 -0.006104 -0.000011 0.006955 0.025208 0.004949 0.002413 -0.001910 -0.001796 0.001990 0.001876 0.009418 0.019278 0.027155 0.252011 0.728512 0.110585 0.076646 -0.000519 0.000416 0.013710
0.102814 0.139620 0.054096 0.277971 0.231830 0.172594 0.000049 0.000744 0.024929 0.083342 -0.012562 -0.006917 -0.012739 -0.027259 -0.001324 0.000100 0.000638 0.008984 -0.036911 -0.136665 -0.017417 -0.011855 -0.041502 -0.074191 -0.006257 -0.000006 0.003206 0.002221 -0.001050 -0.002491 -0.001150 0.002809 0.041641 0.560377 -0.748329 -0.096910 -0.008581 -0.001150 -0.018151 -0.000298 0.000092 0.000318 0.001473 0.005476 0.002838 -0.001132 -0.000702 0.000742 0.001121 0.007905 0.018222 0.004143 0.011809 0.135950 0.058134 0.037249 -0.001398 0.001121 0.001702
0.035290 0.033961 0.115732 0.290042 0.212169 -0.000672 0.001019 0.049537 0.038567 0.009276 -0.058168 -0.016174 -0.007401 -0.009876 -0.004127 -0.000000 0.008559 0.043046 0.020604 -0.109573 -0.232712 -0.071461 -0.022673 -0.104476 -0.044072 -0.001088 -0.003976 -0.006081 -0.002105 -0.002752 0.000838 0.002808 0.036344 0.449123 -0.005343 0.000000 0.002384 0.005206 0.089099 0.152796 0.110747 0.021028 0.005391 0.000394 0.001502 -0.002468 -0.000028 0.010186 0.010956 0.003732 0.002832 0.001469 0.000705 0.000316 0.000403 0.000802 0.000894 0.004037 0.002432
0.032827 0.044265 0.138308 0.466613 -0.003965 0.000013 0.003479 0.040650 0.028514 0.006752 -0.003927 -0.014334 -0.030716 -0.078451 -0.008232 -0.000016 0.000102 -0.005436 0.010178 0.015898 -0.076394 -0.009473 0.000196 -0.009894 -0.020302 -0.035006 -0.080253 -0.014277 -0.002037 -0.000987 0.000885 0.001698 0.010418 0.000304 -0.006314 0.000000 0.006937 0.039542 0.110425 0.155337 0.250500 0.272410 0.055940 -0.028775 -0.013644 -0.009339 0.014622 0.017178 0.008814 0.007201 0.001944 -0.003702 -0.000967 -0.000266 0.000221 0.000756 0.000885 0.009791 0.024664
0.042561 0.086896 0.184513 0.274025 -0.029670 0.000005 0.020496 0.007964 -0.009984 -0.000279 0.000144 0.001494 -0.013256 -0.106172 -0.012945 -0.000504 0.000164 -0.076006 -0.006198 -0.000076 -0.000032 0.000170 0.006118 0.011705 0.001385 0.029646 0.026477 0.206315 -0.000608 0.000216 0.000418 -0.000574 -0.001531 -0.008676 -0.003659 0.000000 0.005347 0.012296 0.060779 0.010851 0.016653 0.225977 0.126891 -0.015693 -0.024219 -0.000494 0.000071 0.016836 0.033853 0.008984 -0.031438 -0.017142 -0.000040 0.000214 0.000064 -0.000131 0.001181 0.001235 0.001211
0.061589 0.098087 0.054249 0.008661 0.003086 0.000148 0.000412 -0.000615 -0.000754 0.000243 0.000956 0.015684 0.106821 -0.098488 -0.016497 -0.001705 -0.003425 -0.016428 -0.012740 -0.005936 0.000000 0.007834 0.016999 0.017854 0.030890 0.034127 0.080384 0.632104 -0.000684 -0.001466 -0.000276 0.000755 -0.000615 -0.001357 -0.000722 -0.000067 0.000463 0.006864 0.011004 0.001914 0.007500 0.012436 0.116271 -0.050788 -0.019964 -0.006250 0.000000 0.033152 0.046703 0.046432 0.001242 0.001686 -0.000001 -0.002107 -0.026667 -0.016385 0.000070 0.014164 0.045510
0.071671 0.065021 0.034670 0.003754 0.000098 0.002618 0.001773 -0.000417 -0.000633 0.001689 0.002042 0.025759 0.112724 -0.101603 -0.019288 -0.000068 -0.076079 -0.016619 -0.015641 -0.009200 0.000000 0.004212 0.007710 0.007250 0.016619 0.022791 0.026066 0.021105 0.003572 0.003447 0.055310 0.057327 0.044398 -0.023763 -0.007344 -0.000074 0.000141 0.006567 0.003954 0.002291 0.002453 0.009934 0.120423 0.030042 -0.042030 -0.007264 0.000000 0.042267 0.150370 0.526847 0.959862 0.358028 0.270877 0.352961 0.206954 -0.001998 0.000046 0.001799 0.034511
0.032955 0.043848 0.020163 0.003796 0.002456 0.003014 0.001576 0.000507 0.000288 0.000922 0.001125 0.040925 0.108034 -0.082100 -0.019375 -0.001220 -0.006500 -0.051293 -0.019419 -0.009562 0.000000 0.004949 0.010300 0.000961 0.001397 0.000383 0.000356 0.006460 0.058770 0.021560 0.083051 0.084026 0.071044 -0.194719 -0.378923 -0.043753 -0.000431 0.001480 0.031047 0.036820 0.021399 0.002581 -0.268465 -0.290662 -0.085144 -0.053728 0.000003 0.030945 0.038236 0.036198 0.154965 -0.000379 0.000045 0.000450 0.002052 0.011649 0.009602 0.003634 0.008226
0.065676 0.019534 0.008550 0.003513 0.042707 0.051919 0.246414 -0.013341 -0.036367 -0.025318 0.003541 0.011725 -0.000328 -0.000223 -0.000104 -0.000109 -0.000087 -0.002421 -0.013726 -0.004121 -0.000243 -0.001143 -0.015713 -0.022674 -0.016271 -0.005112 -0.000360 0.000360 0.006658 0.020519 0.005004 0.000630 0.000366 -0.158461 -0.006426 -0.001601 0.000118 0.001762 0.014206 0.042092 0.225014 -0.924046 -0.590343 -0.013060 -0.001412 -0.000699 0.000061 0.000586 0.000547 0.007123 0.000133 -0.011875 0.000000 0.006046 0.010956 0.002322 0.037527 0.072377 0.083492
-0.000222 0.000222 0.003946 0.066698 0.101521 0.414007 0.018639 -0.447241 -0.048301 -0.001130 -0.000387 -0.001230 -0.000477 -0.000000 0.000477 0.007812 0.119068 0.188000 -0.017004 -0.094692 -0.061208 -0.088077 -0.069798 -0.028393 -0.021775 -0.008892 -0.000360 0.000360 0.009245 0.041664 -0.007919 -0.000416 0.000079 -0.001011 -0.000714 0.000724 0.002125 0.013671 0.029931 0.154528 0.310651 0.066410 -0.070951 -0.027453 -0.012514 0.000000 0.000973 0.000023 0.000008 0.006269 0.012672 0.002630 0.000000 0.005574 0.010738 0.002274 0.023731 0.051189 0.079616
0.038810 0.008504 0.028787 0.016320 0.024745 0.032903 0.054670 -0.009813 -0.001575 -0.004233 0.000033 0.003283 0.000505 0.000000 0.006177 0.017877 -0.047524 -0.087270 -0.118430 -0.120958 -0.191169 -0.043495 -0.009567 -0.004633 -0.013265 -0.006183 -0.000006 0.003748 0.010552 0.003871 -0.014452 -0.008001 -0.001086 -0.000421 0.000431 0.000930 0.047302 0.129096 0.186369 0.161509 0.058873 -0.010961 -0.094788 -0.025773 -0.009159 -0.001279 -0.004788 -0.000313 0.000394 0.007520 0.009824 0.016491 0.017907 0.014645 0.023520 -0.000068 0.001739 0.013961 0.058710
0.136508 0.045322 0.050089 0.034289 0.014205 0.010031 0.011818 -0.000668 -0.000777 0.000011 0.000884 0.016462 0.049736 0.022931 0.008556 0.005720 -0.021315 -0.026593 -0.000314 0.000416 -0.264652 -0.023228 -0.001883 -0.000192 0.000711 0.000739 0.000320 0.007995 -0.064648 -0.225498 -0.075852 -0.024879 -0.001042 -0.001315 -0.000134 0.001558 0.010009 0.020264 0.027438 0.031338 0.096174 -0.014489 -0.113647 -0.024481 -0.006375 -0.035282 -0.016179 0.000001 0.017499 0.032190 0.031122 0.037375 0.043091 0.031057 0.006426 -0.006885 -0.000250 0.000828 0.004239
0.282203 0.811437 0.121244 0.068290 0.029700 0.034756 0.088534 0.029366 -0.000695 -0.000002 0.000694 0.011958 0.059084 0.025464 0.012068 0.003393 -0.013568 -0.015228 -0.000399 0.000623 -0.032999 -0.001987 0.000046 0.016498 0.088782 0.092053 0.044455 0.000862 0.000543 -0.953736 -0.099664 -0.026505 -0.001107 -0.001512 -0.001025 0.000289 0.001210 0.008993 0.015381 0.016515 0.182352 0.037159 -0.014100 -0.017518 -0.059701 -0.057919 -0.015430 0.000069 0.009047 0.016592 0.026540 0.028391 0.055709 0.283071 0.121703 0.047686 -0.000393 0.002475 0.002290
0.115566 0.028333 0.022127 0.016802 0.008178 0.032687 0.075114 0.037911 0.014925 0.003455 0.002101 0.000532 0.011059 0.009336 0.032265 0.011812 -0.011525 -0.013009 -0.000038 0.002465 -0.001132 -0.000304 0.000210 0.004638 0.016483 0.007691 0.053221 -0.000946 -0.000034 0.000271 -0.026276 -0.011332 -0.000361 -0.000326 -0.000374 -0.000438 0.000479 0.000628 0.009661 0.029286 0.207283 0.022182 -0.068851 -0.183670 -0.062894 -0.007703 0.000000 0.005367 0.019195 0.026300 0.017258 0.005686 0.009535 0.015900 0.332423 0.318063 0.143026 -0.038095 -0.269295
0.006550 0.005806 0.003239 0.001670 0.000930 0.017034 0.034044 0.108965 0.116482 0.022314 0.027774 -0.001314 0.000099 0.003773 0.027026 0.283214 -0.010886 -0.012582 -0.000662 0.000480 0.007447 0.005861 -0.044967 -0.011035 -0.013457 -0.000588 -0.000829 -0.001294 -0.000222 0.000222 0.003946 0.013061 0.000811 -0.064520 -0.051983 -0.007933 0.000015 0.010253 0.031802 0.036343 0.123314 0.014944 -0.010108 -0.008739 -0.036204 -0.008594 0.000000 0.012360 0.024495 0.068112 -0.084366 -0.037347 0.000000 0.005611 0.030940 0.013942 0.000936 -0.096935 -0.100153
0.004999 0.004947 0.003123 0.002610 0.001804 0.019055 0.035099 0.040263 0.166730 0.625432 0.818304 0.166168 0.003561 0.002689 0.006538 0.000041 -0.005730 -0.007907 -0.001233 -0.000291 0.000320 -0.035387 -0.129680 -0.041443 -0.000313 0.000388 -0.001720 -0.006379 -0.000421 0.000196 0.008714 0.070258 0.099568 -0.071177 -0.031518 -0.005006 0.000930 0.000894 0.002257 0.010747 0.030306 0.008368 0.001852 -0.004640 -0.019966 -0.008680 0.000000 0.017869 0.064761 -0.257323 -0.122773 -0.030263 -0.007152 -0.000129 -0.001708 -0.000253 0.000091 0.003440 0.010965
0.003168 0.007668 0.006873 0.006536 0.003381 0.041016 0.086183 0.092065 0.108771 0.106226 0.061787 -0.005195 -0.000469 0.001444 0.000985 0.012006 0.005810 -0.009965 -0.048025 -0.010451 -0.000170 0.000110 0.000404 0.001779 0.001211 0.039333 0.049311 -0.014614 -0.000018 0.012725 0.071024 0.033208 0.004149 -0.006977 -0.000092 0.000288 0.028332 0.021294 0.003717 0.030485 0.024001 0.015571 0.011206 0.006388 -0.041689 -0.004528 0.000000 0.013076 0.084557 0.166541 -0.047972 -0.019552 -0.006869 -0.003217 -0.015571 -0.010133 -0.000026 0.005369 0.015511
0.063766 0.021064 0.010429 0.007511 0.032177 0.021537 0.052795 0.088051 0.084850 0.026793 0.005892 0.003721 0.005421 0.060361 0.068757 0.059767 0.038116 0.012506 -0.029875 -0.013860 -0.005906 0.000000 0.006173 0.026901 0.086173 0.035743 0.179178 0.155255 -0.000553 0.000694 0.001989 0.001266 -0.036436 -0.005088 0.000000 0.006224 0.008874 0.079277 0.011265 -0.005786 -0.000330 0.000396 0.005188 0.003615 0.001468 0.008933 0.002021 0.008606 0.028789 0.350222 0.159805 -0.062823 -0.072986 -0.031744 -0.026494 -0.008504 -0.000832 0.000099 0.008431
0.061373 0.253901 -0.008277 0.000937 0.001582 0.000884 0.012666 0.024455 0.024281 0.022323 0.006104 0.011411 0.042367 0.164082 0.100362 0.076347 0.036253 0.003768 -0.096276 -0.020762 -0.009390 -0.000071 0.000491 0.013680 0.038527 0.007620 0.006438 0.069996 0.043866 -0.000801 0.000519 0.001209 -0.041119 -0.010728 -0.000071 0.000493 0.024757 0.197421 0.280412 -0.074888 -0.000401 0.000555 0.013024 0.031819 0.072063 0.028603 0.017073 0.009271 0.038997 -0.365846 -0.603024 -0.183670 -0.132868 -0.099620 -0.036204 -0.025055 -0.012359 0.000000 0.006976
0.094031 0.369114 -0.050569 -0.000976 -0.000217 0.000947 0.001191 0.008172 0.014164 0.145731 -0.000020 0.008988 0.032841 0.152250 0.000017 0.008090 0.094289 -0.005481 -0.040993 -0.092060 -0.027073 -0.079890 -0.022746 -0.000350 -0.000009 0.000196 0.015863 0.124359 0.052580 0.034774 0.000025 0.009122 -0.008328 -0.017232 -0.006715 0.000014 0.020341 0.023430 0.066672 0.019705 -0.000013 0.010555 0.031506 0.016957 0.010411 0.007773 0.024818 0.016541 0.056917 0.125488 -0.488338 -0.175682 -0.033607 -0.032404 -0.029428 -0.019478 -0.013127 0.000000 0.010801
0.139980 -0.000572 -0.001546 -0.000950 0.001331 0.002729 0.002440 0.009409 0.020999 0.196425 -0.000480 0.000583 0.005950 0.018566 0.000409 0.014723 0.090923 -0.007619 -0.050677 -0.113562 -0.043538 -0.085202 -0.027334 -0.000789 -0.000047 0.000195 0.008316 0.636302 0.028878 0.029144 0.020316 0.015109 -0.001638 -0.016465 -0.022325 -0.014963 -0.000013 0.008413 0.016009 0.003082 0.012751 0.020968 0.022575 0.086728 0.022419 0.000533 0.034051 0.309213 -0.000641 0.000468 -0.005927 -0.049687 -0.007966 -0.003003 -0.016650 -0.016849 -0.007855 0.000000 0.011393
