use_cases/Flooding_chicago/flooding_data/output/hUx_1800.asc
ncols 337
nrows 393
xllcorner 428428.000000
yllcorner 4602440.000000
cellsize 26.757400
NODATA_value -9999.000000
[rows 156 to 181 of 393, columns 59 to 117 of 337]
0.345788 0.289022 0.249366 0.106249 0.106763 0.181989 0.193577 0.216789 0.215910 0.204767 0.192300 0.178845 0.149676 0.101485 0.032427 0.037038 0.019924 -0.033191 -0.121506 -0.094651 -0.198569 -0.165677 -0.090830 -0.031522 -0.056547 -0.150925 -0.018187 -0.000558 0.000470 -0.000954 -0.056495 -0.243256 -0.056324 -0.013297 -0.016832 -0.000609 0.000693 0.021084 -0.004498 -0.107368 -0.013704 0.000000 0.007576 0.029946 0.061824 0.089978 0.046179 0.026902 0.064242 0.186208 0.121273 0.096547 0.074755 0.049860 0.141744 1.054592 -0.001787 -0.003183 -0.003925
0.410264 0.528779 0.230912 0.155701 0.252977 0.345134 0.230551 0.225447 0.201191 0.166574 0.151582 0.078281 0.054352 0.020121 0.003913 0.024237 0.026261 -0.020718 -0.095298 -0.063804 -0.070807 -0.073587 -0.019098 -0.026832 -0.062866 -0.157417 -0.029101 -0.001566 0.001099 -0.112911 -0.194251 -0.380409 -0.056102 -0.012825 -0.017444 -0.001430 0.000858 0.001307 -0.016868 -0.094195 -0.011223 0.000000 0.005281 0.003855 0.020826 0.065746 0.031451 0.021830 0.038624 0.017172 0.076763 0.053629 0.025233 0.000003 0.006034 0.016840 0.002984 0.001857 0.004153
0.463308 0.846435 0.113776 0.248013 0.166794 0.145908 0.085564 0.018426 0.006815 -0.018701 -0.027004 -0.025997 -0.032214 -0.046300 -0.060601 -0.031319 -0.012283 -0.053026 -0.090831 0.019765 0.083049 0.062123 0.041940 0.002475 -0.026053 -0.118947 -0.047277 -0.003892 0.001913 0.012500 0.004092 -0.534681 -0.088630 -0.019746 -0.001029 -0.000935 0.000845 0.001013 0.001643 -0.007645 -0.001486 -0.000163 0.001265 0.002463 0.003482 0.004603 -0.000117 0.000000 0.006138 0.021191 0.004028 0.012631 -0.000326 0.000208 0.006364 0.021573 0.004840 0.037694 0.003507
0.381745 0.215266 0.142850 0.482997 0.299726 0.228389 0.174368 0.034052 0.013465 -0.036396 -0.051150 -0.058746 -0.059023 -0.052079 -0.086493 -0.084401 -0.066611 -0.143759 -0.223534 -0.251415 -0.186485 -0.182776 -0.222319 -0.316862 -0.013557 -0.002082 -0.007489 -0.012444 0.031357 0.010686 0.001683 -0.000615 -0.003888 -0.002616 -0.000649 -0.000044 0.016120 0.027701 -0.101656 -0.178618 -0.027244 -0.000014 0.013390 0.028529 -0.054171 -0.099747 -0.001146 0.003949 0.002825 0.013342 0.024375 0.073810 0.023985 0.007704 0.004044 0.004354 0.049832 -0.000299 0.000797
0.465437 0.270647 0.172035 0.547842 0.363265 0.312389 0.208715 0.156173 0.117990 0.056840 0.003121 -0.019158 -0.031721 -0.041733 -0.058942 -0.083321 -0.103553 -0.209781 -0.435211 -0.233461 -0.182361 -0.119946 -0.190268 -0.322185 -0.018802 -0.000006 0.045737 -0.015004 -0.048962 -0.051126 -0.000104 0.000132 0.000797 0.001392 0.000535 -0.000121 0.001168 -0.026038 -0.106849 -0.006586 -0.000515 0.000202 0.023287 0.399886 0.042647 -0.054695 -0.001191 0.002194 0.050396 0.107592 0.169878 0.433587 0.195265 0.094224 0.143438 0.434607 0.700349 0.761871 0.657882
0.507171 0.508064 0.286193 0.307348 0.229577 0.196348 0.135008 0.157917 0.125614 0.100328 0.048038 0.023028 -0.017281 -0.059598 -0.063843 -0.077065 -0.058432 -0.147880 -0.282287 -0.099008 -0.115689 -0.210411 -0.478583 -0.375936 -0.007000 -0.000203 0.000462 0.057712 -0.009314 -0.058524 -0.000222 0.000222 0.003946 0.338057 0.674293 0.166575 0.104859 0.048094 -0.062669 -0.006104 -0.000011 0.006955 0.024917 0.004876 0.007085 -0.002045 -0.001864 0.002165 0.002001 0.009610 0.019686 0.086314 0.526063 0.487897 0.169104 0.136748 -0.000520 0.000417 0.263840
0.415224 0.309842 0.170123 0.231932 0.181319 0.186490 0.158797 0.163690 0.234308 0.308872 0.236855 0.255982 0.208528 0.206763 0.162738 0.193231 0.213500 0.296474 0.278623 0.451230 -0.026733 -0.001898 -0.090428 -0.312511 -0.006257 -0.000006 -0.002838 -0.004142 -0.003465 -0.002528 -0.001164 0.002851 0.304064 -0.027758 -0.095570 0.152901 0.170780 0.130223 0.190244 -0.000298 0.000092 0.000319 0.001449 -0.035168 -0.022551 -0.001196 -0.000735 0.000804 0.001179 0.008032 0.018910 0.004350 0.031207 0.401761 0.279439 0.240790 -0.001402 0.001124 0.001707
0.035580 0.313212 0.161345 0.092466 0.046230 0.023980 0.038918 0.060997 0.062903 0.076946 0.077376 0.085050 0.080024 0.090629 0.121967 0.016102 0.029638 0.154280 0.303895 0.189617 -0.101321 -0.068741 -0.080692 -0.233659 -0.101241 -0.002007 -0.007009 -0.008218 -0.002138 -0.002800 0.000851 0.002853 0.266865 0.698496 0.012058 -0.000000 0.097821 0.086893 0.265974 0.484553 0.401254 0.140263 0.048899 -0.004102 0.025125 0.045484 -0.000030 0.018690 0.019107 0.006745 0.004124 0.002029 0.000969 0.000428 0.000447 0.000817 0.000898 0.004049 0.002438
0.033833 0.334906 0.207215 0.168996 0.079525 0.070842 0.075232 0.092540 0.075710 0.059020 0.049170 0.023327 0.002796 -0.016185 -0.011110 -0.000015 -0.001793 0.026766 0.375990 -0.898959 -1.016524 0.116008 0.000472 -0.132372 -0.142433 -0.190101 -0.198514 -0.018877 -0.002067 -0.001008 0.000899 0.001724 0.010484 0.001433 -0.006319 0.000000 0.006942 0.121523 0.406126 0.575558 0.808856 1.325510 0.362267 -0.106181 -0.021547 0.014777 0.064136 0.050868 0.022313 0.016911 0.005902 -0.001653 -0.000957 -0.000249 0.000234 0.000763 0.000887 0.009805 0.034405
0.047071 0.431787 0.407333 0.276476 0.182552 0.093903 0.140912 0.153194 0.096996 0.040324 0.023985 0.022874 0.021325 0.000143 -0.000168 -0.000503 0.000164 -0.260678 -0.006425 -0.000076 -0.000043 0.000170 0.006115 0.011676 0.001379 -0.049933 -0.123527 -0.413073 -0.000616 0.000216 0.000446 -0.000570 -0.001530 -0.008682 -0.003663 0.000000 0.005350 0.012297 0.231730 0.081133 0.055408 0.551159 0.486475 0.412683 -0.060300 -0.000487 0.000070 0.026378 0.049969 0.015910 -0.035226 -0.019342 -0.000040 0.000264 0.000175 -0.000009 0.001281 0.001255 -0.002877
0.078446 0.329447 0.255666 0.124245 0.072237 0.026265 0.011640 -0.019864 -0.011199 0.001877 0.009325 0.050803 0.053619 0.020112 0.012244 -0.001701 -0.003419 -0.016418 -0.012744 -0.005941 0.000000 0.007835 0.017001 0.017846 0.030816 0.033769 0.369086 0.597895 -0.000715 -0.001550 -0.000275 0.000830 -0.000597 -0.001357 -0.000722 -0.000067 0.000464 0.006865 0.011987 0.002105 0.007769 0.063285 0.134557 0.111848 -0.048575 -0.006054 0.000000 0.041408 0.062915 0.118342 0.011764 0.001818 -0.000001 -0.048585 -0.193989 -0.046435 0.000076 0.033224 0.127744
0.111817 0.121012 0.132045 0.040729 0.000351 0.031308 0.044696 0.059108 0.060167 0.056047 0.048276 0.139446 0.106047 0.065110 0.040063 -0.000068 -0.076639 -0.016614 -0.015646 -0.009203 0.000000 0.004212 0.007710 0.007253 0.016580 0.022718 0.025970 0.110958 0.046403 0.001086 -0.133252 -0.096782 -0.020378 0.033541 -0.039716 -0.000074 0.000157 0.012954 0.007039 0.003490 0.002994 0.034082 0.227069 0.432502 0.117031 -0.010299 0.000000 0.046430 0.249397 0.372161 0.671488 0.530907 0.610814 0.814571 0.686260 0.049707 0.015488 0.004038 0.059572
0.074918 0.106019 0.050647 0.014464 0.006442 0.069979 0.086268 0.099171 0.102433 0.099719 0.092970 0.307895 0.243171 0.150336 0.086125 -0.001225 -0.006602 -0.051382 -0.019424 -0.009567 0.000000 0.004954 0.010286 0.000962 0.001391 0.000378 0.000354 0.006447 0.163289 0.066816 0.125408 0.131893 0.152964 0.181767 0.222326 0.218025 0.050869 0.032093 0.075091 0.069894 -0.056082 -0.244627 -0.697803 -0.746578 -0.463047 -0.081160 0.000003 0.031997 0.038993 0.152418 0.382666 0.052621 0.025102 0.020524 0.437278 0.417860 0.288085 0.121666 0.069299
0.204642 0.086880 0.046818 0.014648 0.272813 0.512758 1.034650 0.739694 0.762652 0.784968 0.733119 0.726464 0.186407 0.150677 0.141376 0.062161 0.016685 -0.005559 -0.063892 -0.004803 -0.000241 -0.001135 -0.015653 -0.022595 -0.016224 -0.005112 -0.000360 0.000360 0.006656 0.078431 0.002705 -0.020088 -0.031903 -0.192762 -0.043378 0.061456 0.070652 0.036135 0.044959 1.389456 0.801706 0.187935 0.134020 0.021844 -0.001219 -0.000622 0.000062 0.000589 0.000549 0.007131 0.000610 -0.011354 0.000000 0.006651 0.073774 0.028538 0.067179 0.035588 0.037097
-0.000222 0.000222 0.003946 0.344315 0.763789 0.993730 0.972534 0.702128 0.473271 0.178456 0.147382 0.119883 -0.000477 -0.000000 0.000477 0.048219 -0.076267 -0.118993 -0.096711 -0.121941 -0.206121 -0.087541 -0.069421 -0.028276 -0.021732 -0.008889 -0.000360 0.000360 0.009242 0.323040 -0.044159 -0.000416 0.000079 0.248071 0.055050 0.081585 0.057523 0.076272 0.113454 0.193885 -0.228657 -0.299325 -0.334750 -0.837955 -0.014835 0.000000 0.000982 0.000025 0.000008 0.006269 0.012644 0.002622 0.000000 0.009734 0.078046 0.030719 0.110503 0.156177 0.188539
0.146739 0.053244 0.254530 0.189761 0.250436 0.575120 -0.486025 -0.203422 -0.019473 -0.018074 0.000032 0.046971 0.023995 -0.000000 0.006177 -0.105614 -0.140181 -0.156229 -0.151374 -0.138998 -0.168281 -0.043152 -0.009477 -0.004599 -0.013218 -0.006176 -0.000006 0.003745 0.112758 0.021594 -0.159774 -0.008005 -0.001086 -0.000422 0.000431 0.000931 0.135078 0.334092 0.907676 0.441136 0.141608 0.014255 -0.056065 -0.178467 -0.009484 -0.001285 -0.004806 -0.000313 0.000394 0.007517 0.009821 0.016362 0.042237 0.378278 0.590111 0.379265 0.343219 0.533011 0.595071
0.399783 0.343125 0.399351 0.351121 0.212739 0.311947 0.184229 -0.000667 -0.000776 0.000011 0.000883 0.056654 0.199738 0.159042 0.126431 0.137312 0.016235 -0.024352 -0.032489 -0.046015 -0.246798 -0.023033 -0.001862 -0.000189 0.003458 0.002831 -0.007998 -0.471940 -0.902694 -0.634513 -0.386122 -0.128937 -0.001043 -0.001317 -0.000134 0.001560 0.010011 0.020297 0.043697 0.160530 -0.069649 -0.092166 -0.078052 -0.178577 -0.012432 -0.054210 -0.016219 0.000001 0.017496 0.032833 0.031474 0.383249 1.670911 2.064158 2.335311 2.031127 1.597133 1.540800 1.437122
0.875021 1.643162 0.630631 0.510266 0.340407 0.315681 0.460683 0.306781 -0.000694 -0.000002 0.000693 0.029854 0.213822 0.173097 0.153131 0.421830 0.159981 0.106243 0.004796 -0.013992 -0.091970 -0.001916 0.000053 0.104239 -0.032927 -0.123927 -0.227776 -0.049224 0.201894 0.574020 0.411590 -0.163105 -0.001108 -0.001513 -0.001026 0.000290 0.001211 0.008993 0.015362 0.032107 0.224437 0.169696 0.295215 0.303959 0.138176 -0.115252 -0.015454 0.000070 0.009040 0.036745 0.455031 1.387353 3.463329 3.303196 2.628278 2.607593 2.136425 2.059228 2.001266
0.372429 0.244134 0.278737 0.298450 0.221575 0.265045 0.455878 0.366901 0.229105 0.091832 0.335438 0.002300 0.149935 0.155823 0.107858 0.055199 0.057146 0.041995 0.007169 0.037054 0.037792 0.047268 0.000301 -0.122055 -0.101406 -0.062899 -0.056482 0.023579 0.043931 0.039522 0.213629 -0.057671 -0.000361 -0.000326 -0.000375 -0.000438 0.000479 0.000629 0.009594 0.039292 0.228640 0.150167 0.203603 0.106252 -0.657676 -0.008287 0.000000 0.005367 0.034741 1.669000 2.840838 3.835086 3.847850 3.363639 2.687292 2.594508 2.289941 2.208654 1.947257
0.051436 0.055755 0.034954 0.019647 0.008118 0.041130 0.072543 0.464965 0.636113 0.358449 0.794853 0.381688 0.385150 0.305040 0.862125 0.904291 0.406650 0.307338 0.052986 0.026007 0.066420 0.095786 0.209052 0.107256 0.123512 0.059784 0.027845 0.007865 -0.000222 0.000222 0.042126 0.099933 0.023727 -0.467427 -0.086492 -0.007932 0.000015 0.010256 0.031722 0.043419 0.379025 0.305004 0.474104 0.296764 -0.083093 -0.008697 0.000000 0.012927 2.418554 1.974914 1.865169 1.308101 0.213338 0.787178 -0.235635 -0.140874 0.010539 0.015018 -0.042879
0.026852 0.031795 0.026267 0.021806 0.011038 0.052095 0.087856 0.093182 0.695231 0.897117 1.262228 1.004038 0.486763 0.394707 0.743655 0.547972 0.423317 0.341049 0.052197 0.025219 -0.004696 -0.006806 0.069001 0.154521 0.077737 0.053091 0.066632 0.025867 -0.000421 0.000196 0.036929 0.576522 -0.058604 -0.557513 -0.051078 -0.004996 0.000929 0.000892 0.002249 0.014034 0.332632 0.359727 0.415422 0.372522 0.164345 -0.016563 0.000000 0.643747 0.680893 0.675494 0.617253 0.368750 0.323837 0.237883 0.634018 0.013705 -0.002775 -0.327041 -0.592542
0.009136 0.056580 0.060403 0.054351 0.023790 0.111783 0.217007 0.219733 0.232758 0.750567 0.824528 0.817770 0.429591 0.338114 0.243861 0.534245 0.447236 0.408555 0.258394 -0.100745 -0.000144 -0.003139 0.018979 0.048008 0.042279 0.218360 0.388781 -0.010455 -0.000018 0.029934 0.215296 0.083335 0.055283 -0.006978 -0.000092 0.000288 0.028286 0.023451 0.004744 0.320485 0.452202 0.683236 0.713699 0.555018 0.704249 -0.012463 -0.000004 0.291947 0.764262 0.317117 0.256123 0.022356 0.132925 0.115071 -0.016316 -0.010059 -0.000026 0.005211 0.022161
0.203172 0.137974 0.119878 0.087592 0.252085 0.160114 0.178577 0.218394 0.190763 0.083707 0.026247 0.214103 0.246207 0.595742 0.488736 0.488895 0.437456 0.305698 0.146651 -0.216673 -0.005459 0.000000 0.005897 0.109352 0.270058 0.243692 0.819512 0.687021 0.035645 0.023438 0.012314 0.004410 -0.601884 -0.005094 0.000000 0.006224 0.008875 -0.309568 -0.253458 -0.111290 0.000017 0.000642 0.322430 0.305685 0.821621 0.587007 0.182797 0.107208 0.564514 0.263794 0.129338 0.092289 0.111967 0.040952 -0.315574 -0.008480 -0.000830 0.000099 0.008421
0.181089 0.618350 0.143340 0.114378 0.048442 0.012638 0.022694 0.032598 0.031933 0.035867 0.012515 0.016050 0.292042 0.535096 0.531802 0.674844 0.685621 0.686760 0.354072 0.132033 -0.058520 -0.000070 0.000481 0.036360 0.139285 0.076397 0.093207 0.481381 0.408987 0.014295 0.010563 0.004703 -0.790659 -0.010730 -0.000071 0.000493 0.027120 1.033335 0.850604 0.372836 0.004645 0.002078 0.216628 1.131022 1.638639 1.580747 2.072234 1.807556 2.397207 1.926436 1.256740 1.084352 0.523879 0.166065 -0.536012 -0.024987 -0.012338 0.000000 0.006971
0.204687 0.312974 -0.079426 -0.001000 -0.000218 0.000977 0.001220 0.008265 0.014291 0.193382 -0.000020 0.008910 0.187583 0.460136 0.000016 0.115304 0.379352 0.080032 0.038519 -0.012833 -0.099230 -0.162940 -0.089872 -0.000349 -0.000009 0.000196 0.075256 0.508593 0.480437 0.525909 0.008175 0.037130 -0.716627 -0.147787 -0.006694 0.000014 0.021157 0.050181 0.157062 0.046212 0.000238 0.010988 0.708343 1.037838 1.350303 1.649885 2.760609 2.508615 3.341665 2.478899 1.685654 1.491725 0.617902 0.226948 -0.303809 -0.019423 -0.013099 0.000000 0.010792
0.253671 -0.000603 -0.001602 -0.000991 0.001367 0.002810 0.002505 0.009532 0.021229 0.235889 -0.000482 0.000586 0.005982 0.076382 0.000396 0.090023 -0.031545 -0.039348 0.046717 0.122517 0.058798 -0.005815 -0.093547 -0.000789 -0.000047 0.000195 0.008310 1.058327 0.734559 1.098053 1.023479 1.472744 0.182259 -0.083331 -0.026800 -0.015085 -0.000013 0.008266 0.020049 0.003966 0.013259 0.381847 0.278773 0.694559 1.108472 1.156337 3.037551 3.382389 2.628311 2.208904 1.981550 1.642213 0.702676 0.242614 0.141315 -0.025275 -0.007844 0.000000 0.011379
