use_cases/Flooding_chicago/flooding_data/output/hUx_3540.asc
ncols 337
nrows 393
xllcorner 428428.000000
yllcorner 4602440.000000
cellsize 26.757400
NODATA_value -9999.000000
[rows 156 to 181 of 393, columns 59 to 117 of 337]
0.097862 0.092580 0.100937 0.076691 0.089308 0.131088 0.096694 0.070836 0.071908 0.066023 0.052227 0.044938 0.054071 0.072413 0.035037 0.017367 0.018165 -0.002343 -0.033639 -0.047070 -0.064268 -0.058485 0.008117 0.010633 -0.027183 -0.055713 -0.111162 -0.000014 0.000011 0.031542 0.037559 0.037015 -0.090294 -0.000471 -0.000708 -0.000006 0.000006 0.005334 -0.001213 -0.035129 -0.000476 0.000000 0.000133 0.001134 0.002810 0.010015 0.002921 0.001452 0.007362 0.044432 0.019226 0.015090 0.011739 0.006987 0.064970 0.206911 -0.010873 -0.004637 -0.001475
0.129342 0.180716 0.135961 0.140465 0.255971 0.292543 0.179832 0.174181 0.182233 0.170462 0.167468 0.104093 0.070647 0.039207 -0.042707 -0.075412 -0.034020 -0.032646 -0.045131 -0.039165 -0.032737 -0.014880 0.015712 -0.000876 -0.035289 -0.060657 -0.113552 -0.000070 0.000050 0.077727 0.043149 0.009477 -0.091431 -0.000452 -0.000714 -0.000017 0.000013 0.000012 -0.003342 -0.026862 -0.000304 0.000000 0.000071 0.000054 0.000935 0.007817 0.002044 0.001248 0.002499 0.000923 0.011789 0.008206 0.003344 0.000000 0.000081 0.082226 0.009515 -0.002277 -0.007960
0.088610 0.112378 0.061426 0.080504 0.124363 0.156757 0.106980 0.039504 0.039777 0.067112 0.063114 0.036853 0.011858 -0.012683 -0.061664 -0.086784 -0.038302 -0.010932 -0.005102 -0.012589 -0.002200 0.010954 0.029681 0.005220 -0.031112 -0.056301 -0.112676 -0.000261 0.000181 -0.000677 -0.029335 -0.420705 -0.160697 -0.000981 -0.000008 -0.000011 0.000010 0.000009 0.000571 -0.000602 -0.000015 -0.000001 0.000011 0.000014 0.000064 -0.000003 -0.000241 0.000000 0.000165 0.001524 0.000106 0.001000 -0.000001 0.000001 0.000087 0.088118 0.014293 0.036196 0.010661
0.342030 0.205924 0.146987 0.272941 0.257636 0.256581 0.214792 0.099422 0.106251 0.208731 0.205034 0.163930 0.062782 -0.021208 -0.062111 -0.072862 -0.022860 0.000474 0.016725 0.017787 0.020788 0.023209 0.038048 0.012519 -0.113226 -0.000060 -0.000670 -0.001156 0.028817 0.001146 0.000062 0.004755 0.006588 -0.000033 -0.000001 -0.000000 0.000488 0.092692 -0.007591 -0.102401 -0.000942 -0.000000 0.000484 0.001150 0.069381 0.011973 -0.000043 0.000201 0.000076 0.000756 0.001137 0.083689 0.016821 -0.001793 -0.017080 -0.032022 -0.116310 0.000120 0.014911
0.475770 0.303538 0.236185 0.518703 0.536321 0.565609 0.466355 0.433271 0.487294 0.456330 0.524644 0.338989 0.178626 0.043230 -0.034825 -0.034016 -0.018181 -0.018147 -0.008336 0.000009 -0.034569 -0.005675 0.011771 0.005388 -0.116597 -0.000000 0.007164 -0.002429 -0.005702 -0.007997 -0.000000 0.000000 0.000001 0.000010 0.000007 -0.000000 0.000008 -0.033711 -0.081455 -0.000099 -0.000003 0.000001 0.000871 0.133891 -0.033540 -0.061155 -0.000030 0.000072 0.003941 0.008370 0.136585 -0.006648 -0.024770 -0.005415 0.020735 0.052492 0.058400 0.085326 0.219861
0.205447 0.132944 -0.041985 -0.057040 0.002112 0.052359 0.054707 0.061243 0.081894 0.101317 0.073381 0.044161 -0.015102 -0.134219 -0.184147 -0.266959 -0.278165 -0.381967 -0.466725 -0.510603 -0.342162 -0.419315 -0.800299 -0.810368 -0.000144 -0.000001 0.000002 0.009389 0.001455 -0.009122 -0.000001 0.000001 0.000040 0.145985 0.435865 0.039959 0.025251 0.008471 -0.049209 -0.000087 -0.000000 0.000123 0.000925 0.000058 -0.001665 -0.000039 -0.000045 0.000058 0.000036 0.000301 0.001070 0.159468 0.074710 0.064477 0.022152 0.002195 -0.026735 0.003345 0.128867
0.062313 0.006235 -0.025020 -0.027468 0.005260 0.038439 0.027883 0.014223 0.028684 0.044405 0.019464 -0.012042 -0.011620 0.017732 0.001108 0.013076 0.057754 0.099791 0.111015 0.119796 0.118200 0.110227 0.137014 0.084119 -0.000222 -0.000000 -0.000398 -0.000385 -0.000063 -0.000048 -0.000034 0.000062 0.152479 -0.038964 -0.123789 0.025670 0.058451 0.039692 0.045633 -0.000000 0.000000 -0.000000 0.000014 -0.008173 -0.005382 -0.000018 -0.000013 0.000015 0.000017 0.000216 0.002052 0.000210 0.083804 0.002760 -0.004436 -0.034254 -0.075472 -0.045439 0.009142
0.161439 -0.133385 -0.383402 -0.366581 -0.299455 -0.195051 -0.164951 -0.183390 -0.140057 -0.121252 -0.106390 -0.095960 -0.098682 -0.137465 -0.155034 -0.037892 0.009661 -0.009275 -0.016301 -0.013300 0.001383 0.028039 0.002132 -0.061194 -0.136298 -0.000041 -0.000410 -0.000380 -0.000035 -0.000068 0.000028 0.000059 0.110152 0.408131 -0.031477 0.000000 0.013900 0.017532 0.120433 0.202622 0.578398 0.188462 -0.058865 -0.000555 0.012565 0.019266 -0.000000 0.006089 0.006012 0.001341 0.001133 0.000375 0.000101 0.000004 -0.000002 0.000027 0.000028 0.009840 0.037701
0.001742 0.420389 0.002286 0.024340 0.079792 0.102433 0.080638 0.094021 0.076336 0.068538 0.113850 0.122526 0.118485 0.111087 0.074604 -0.004453 -0.022838 -0.010306 -0.003355 -0.006192 0.008437 0.037380 0.000443 -0.233543 -0.040071 -0.058055 -0.117054 -0.001613 -0.000034 -0.000022 0.000020 0.000028 0.000319 0.000034 -0.000084 0.000000 0.000102 0.027870 0.121405 0.201810 0.122232 -0.160643 -0.222333 -0.233717 -0.001075 0.024587 0.035819 0.022061 0.009427 -0.032743 -0.062824 -0.078890 -0.000057 -0.000105 -0.000101 0.000049 0.000075 -0.006404 0.156636
0.003597 1.517893 1.204571 1.111017 0.866447 0.570170 0.709921 0.772399 0.638929 0.456434 0.431725 0.314672 0.256930 0.221807 0.148844 -0.000003 0.000002 -0.139390 -0.000207 -0.000000 -0.000000 0.000000 0.000115 0.000566 0.000007 0.000381 -0.023480 -0.206121 -0.000007 0.000002 0.000014 -0.000002 -0.000007 -0.000162 -0.000034 0.000000 0.000065 0.000180 0.048714 0.007498 0.037884 0.203220 0.160150 0.074209 -0.076571 -0.000002 0.000000 0.013297 0.007825 -0.033752 -0.104374 -0.049638 -0.000001 -0.344208 -0.292709 -0.110287 0.065913 0.119606 0.091568
0.009841 0.996656 0.657425 0.563751 0.566412 0.287047 0.368403 0.389205 0.263966 0.226491 0.177257 0.199272 0.123587 0.146683 0.121773 -0.000011 -0.000023 -0.000364 -0.000191 -0.000075 0.000000 0.000133 0.000264 0.000361 0.001013 0.001007 0.145306 0.375828 -0.000006 -0.000023 -0.000004 0.000020 0.000002 -0.000009 -0.000001 -0.000000 0.000002 0.000104 0.000680 0.000037 0.000528 0.068071 0.077733 -0.008669 -0.106680 -0.000064 0.000000 -0.137501 -0.304117 -0.420824 -0.434197 -0.393156 -0.215063 -0.615169 -0.596577 -0.122435 0.178511 0.579237 0.607881
0.024303 0.118562 0.069096 0.068196 0.038705 0.100409 0.073786 0.088849 0.113718 0.112758 0.091013 0.084319 0.028986 0.091475 0.099505 -0.000000 -0.023958 -0.000304 -0.000233 -0.000111 0.000000 0.000045 0.000074 0.000084 0.000438 0.000766 0.000746 0.047116 0.011326 -0.002694 -0.086765 -0.065143 -0.025046 -0.000003 -0.022027 -0.000000 0.000000 0.001399 0.000583 0.000076 0.000145 0.100195 0.198542 0.189083 0.123883 -0.045565 0.000000 0.451970 0.293394 0.268351 0.321197 0.217280 0.205591 0.288540 0.522584 0.675658 1.026949 1.274929 1.963470
0.022089 0.029463 0.061171 -0.004937 -0.005796 -0.007329 -0.027120 -0.021172 0.000331 -0.006768 -0.040577 -0.196268 -0.265607 -0.086895 0.064608 0.033488 0.012759 -0.026157 -0.000323 -0.000135 0.000000 0.000068 0.000291 0.000001 0.000024 0.000003 0.000001 0.000143 0.075033 0.025171 0.073946 0.070054 0.066308 0.079530 0.085706 0.077018 0.010239 0.006156 0.020633 0.078735 -0.019852 -0.057332 -0.124529 -0.148847 -0.020913 0.035118 0.011110 0.070326 0.162158 0.367004 0.560494 0.457654 0.536098 0.691772 1.239901 1.505797 1.884145 2.191607 2.937955
0.048889 0.013396 0.004663 0.001621 0.264294 0.491302 0.003119 -0.205624 -0.153027 -0.076603 -0.000713 0.093120 0.330743 0.679820 1.112543 0.987556 0.543441 0.641308 0.372906 -0.002066 -0.000001 -0.000006 -0.000595 -0.000720 -0.000444 -0.000069 -0.000002 0.000002 0.000100 0.037027 0.005818 -0.001239 -0.006267 -0.095524 -0.035104 0.016290 0.017177 0.007453 0.014840 0.057014 -0.089358 -0.090681 -0.099135 -0.041983 0.012364 0.005678 0.000000 0.000006 0.000007 -0.022834 0.196137 0.134575 0.117609 0.640183 1.399550 1.736705 2.971881 3.396730 3.906986
-0.000001 0.000001 0.000040 0.208320 0.171494 0.033725 -0.033678 0.030771 0.137110 0.232048 0.437500 0.431296 0.018353 0.032272 0.031333 0.257419 0.123319 0.157561 0.287455 0.389975 -0.100558 -0.007230 -0.003254 -0.000829 -0.000610 -0.000173 -0.000002 0.000002 0.000138 0.116773 -0.015929 -0.000002 0.000000 0.176141 0.010686 0.018811 0.011878 0.020341 0.120285 -0.169688 -0.264059 -0.228377 -0.144708 -0.120765 -0.091791 0.000000 0.000023 0.000002 0.000000 0.000087 -0.053265 0.137008 0.002405 1.170412 2.112571 2.474449 3.993383 4.473916 4.897722
0.027706 0.005527 0.083068 0.060204 0.168013 0.453626 0.345646 0.280354 0.176207 0.204851 0.058179 0.406898 0.401974 0.003412 0.055689 0.386830 0.092313 0.086723 0.186380 0.275513 0.169312 -0.006868 -0.000155 -0.000017 -0.000588 -0.000127 -0.000000 0.000059 0.203334 -0.014303 -0.243347 -0.000164 -0.000010 -0.000007 0.000004 0.000009 0.038815 0.868484 0.251266 0.134023 0.043091 0.004202 -0.029602 -0.046999 -0.067763 -0.000008 -0.000098 -0.000001 0.000002 0.000099 0.027326 0.783533 1.888520 4.625620 5.494761 5.010870 5.172830 6.308165 6.648261
0.178977 0.094833 0.133223 0.119815 0.066218 0.416369 0.321990 0.000957 0.005218 0.019823 0.025543 0.294270 0.714250 0.459033 0.280422 0.382172 0.151130 0.133396 0.036949 -0.009855 -0.171552 -0.003737 -0.000028 0.000005 0.019673 0.009550 -0.029120 -0.646826 -0.954820 -0.682759 -0.405937 -0.250769 -0.000009 -0.000017 -0.000005 0.000019 0.000275 0.030830 -0.120893 -0.218315 -0.311242 -0.291730 -0.310971 -0.295756 -0.064246 -0.019477 -0.000836 0.000000 0.000394 0.011013 0.995781 3.350957 5.788455 7.889840 8.444750 8.371428 7.794748 7.521101 6.978030
0.433777 1.038347 0.272081 0.202623 0.119732 0.221047 0.744319 0.569047 -0.001968 0.004203 0.006684 0.231265 0.907248 0.649565 0.510804 1.011765 0.495522 0.421775 0.105046 -0.016609 -0.204910 -0.000121 0.000008 0.059153 0.221324 0.389931 0.291846 0.315344 0.514815 0.850369 0.474169 -0.277454 -0.000006 -0.000007 -0.000010 0.000005 0.000011 0.000213 0.000292 0.752188 0.351570 0.202070 0.129257 0.020024 0.012389 0.019846 -0.001342 0.000000 0.000173 1.215214 3.380562 5.091375 7.876284 8.533385 7.527279 8.062298 7.558520 7.350139 7.083326
0.170673 0.069262 0.082721 0.081553 0.049461 0.141023 0.996262 0.833599 0.593471 0.324452 0.869914 0.055685 0.523236 0.467645 0.607467 0.491759 0.413856 0.451204 0.255197 0.691001 0.322894 0.382518 0.244385 0.334962 0.304321 0.263481 0.447549 0.175961 0.206616 0.197201 0.530304 -0.008200 -0.000007 -0.000013 -0.000008 -0.000003 0.000005 0.000004 0.000141 1.538261 1.241017 0.789735 0.538313 0.328076 0.184703 -0.115850 0.000000 0.000065 1.402850 4.337387 6.046163 7.607790 7.911172 8.401582 7.056069 6.919329 6.160345 5.450736 4.749743
0.008303 0.007127 0.004317 0.002005 0.000661 0.009314 0.062814 0.874931 1.271122 0.789202 1.311228 0.510729 0.500629 0.481426 1.022581 1.186266 0.771251 0.777154 0.419228 0.480899 1.087449 0.956250 1.518825 0.860354 0.833169 0.273017 0.177786 0.137360 -0.000001 0.000001 0.157259 0.416104 -0.040423 -0.318555 -0.116014 -0.000288 0.000000 0.000141 0.070228 -0.232958 -0.432309 -0.337693 -0.320502 -0.233047 -0.244400 -0.111234 0.000000 1.109388 2.493930 3.916720 4.619144 4.678482 3.104967 5.321721 3.773292 3.579209 2.765132 2.366362 1.952998
0.004696 0.005603 0.005015 0.003869 0.001651 0.014247 0.023167 0.024073 0.743685 0.995716 1.510052 1.230819 0.729730 0.687208 1.167298 0.976168 0.881714 0.868787 0.421793 0.436608 0.458105 0.914402 0.887913 0.776389 0.320651 0.268489 0.162248 0.007859 0.028252 0.021409 0.074939 0.163915 0.287739 0.317705 0.187415 0.043443 0.019706 0.000079 -0.022270 -0.297463 -0.477126 -0.451279 -0.466431 -0.451008 -0.467402 -0.166082 0.000000 1.237155 2.827097 3.243919 3.499667 3.328311 3.128809 2.920778 3.604765 2.344957 1.994634 1.749901 1.457674
0.001324 0.012638 0.014097 0.011646 0.004170 0.037501 0.068125 0.064218 0.068734 0.646830 0.986129 1.202018 0.777146 0.707592 0.646798 1.062708 0.906086 0.821708 0.555058 0.219472 0.000391 -0.013990 0.098608 0.185828 0.182545 0.714255 0.432180 0.239200 0.065953 0.190768 0.154883 0.075581 0.060624 -0.067326 -0.000000 0.000000 0.065884 -0.051383 -0.151271 -0.402070 -0.335698 -0.183718 -0.044418 0.115413 0.472113 0.781903 0.696121 2.720265 2.926352 2.726517 2.893096 2.389986 2.769192 2.069878 2.154958 1.532693 0.341837 0.064070 -0.235941
0.078835 0.038118 0.030811 0.019675 0.050036 0.028059 0.044210 0.057052 0.049354 0.013191 0.003446 0.573917 0.597089 1.052341 0.932962 0.920949 0.814583 0.594081 0.338793 -0.259438 -0.000837 0.000000 0.000578 0.298053 0.533544 0.376638 0.736716 0.799624 0.441220 0.386502 0.327472 0.235937 0.299127 -0.000140 0.000000 0.000089 0.000104 -0.079221 -0.116833 -0.140835 0.001281 0.146259 0.581872 0.814056 1.820510 2.078249 2.683249 4.082999 4.238945 3.904996 3.475357 2.821413 2.658273 1.932231 1.362207 0.302621 0.000696 -0.000204 -0.167506
0.041240 0.295751 0.040454 0.027897 0.007323 0.001071 0.003057 0.002890 0.004771 0.005640 0.000854 0.005759 0.647986 0.905975 0.973306 1.146819 1.138700 1.166942 0.778370 0.216422 0.060336 0.000018 0.000053 0.151264 0.268900 0.259862 0.315551 0.570716 0.582233 0.378934 0.331968 0.240152 0.290708 -0.128941 -0.000000 0.000002 0.041408 0.116701 0.179010 0.187905 0.197143 0.338627 1.017853 1.685433 2.614572 2.905664 4.389362 4.246497 5.010484 4.532146 3.521810 3.461258 2.497297 1.914571 0.976451 0.251072 -0.006250 0.000000 0.001134
0.091586 0.127802 -0.072294 -0.000017 -0.000002 0.000021 0.000018 0.000232 0.000417 0.061074 -0.000000 0.000202 0.561644 0.670020 0.000006 0.186904 0.409180 0.198861 0.183470 0.100695 -0.061295 -0.155477 -0.067888 -0.000004 0.000000 0.000002 0.403358 0.780949 0.744897 0.849540 0.535279 0.874752 0.529691 0.358364 -0.033995 0.000000 0.028917 0.099523 0.205107 0.217006 0.230608 0.680766 1.224489 2.021275 2.408982 2.908869 4.543507 4.502482 5.491657 4.493306 3.103949 3.037294 1.876115 0.859909 0.439903 0.093678 -0.008089 0.000000 0.002154
0.124759 -0.000018 -0.000050 -0.000033 0.000052 0.000074 0.000044 0.000299 0.000729 0.092534 -0.000004 0.000005 0.001384 0.145975 -0.000051 -0.025488 -0.114294 -0.084563 0.020146 0.149431 0.147710 0.096580 0.036171 -0.000004 -0.000000 0.000000 0.000203 0.521875 0.416283 0.624813 0.692668 0.808464 0.723417 0.597991 0.247174 -0.050954 -0.000000 0.031677 0.093223 0.113373 0.350517 0.687738 1.184365 1.841728 2.395577 2.533562 4.288447 4.708437 3.903530 3.300382 2.813789 2.287335 1.252512 0.622234 0.157984 0.102517 -0.013516 0.000000 0.003112
