use_cases/Flooding_chicago/flooding_data/output/hUx_1140.asc
ncols 337
nrows 393
xllcorner 428428.000000
yllcorner 4602440.000000
cellsize 26.757400
NODATA_value -9999.000000
[rows 130 to 155 of 393, columns 118 to 176 of 337]
-0.000284 0.001096 0.222184 0.267089 0.800240 0.380450 0.180671 0.099196 0.065622 0.023893 -0.097585 -0.130101 -0.109773 -0.059658 -0.022843 -0.050772 -0.068882 -0.087692 -0.069093 -0.224223 -0.030912 -0.000906 -0.000484 -0.000405 -0.006242 -0.020044 -0.016766 -0.025499 -0.020456 0.000000 0.035244 -0.000335 -0.036163 -0.033603 -0.034972 -0.032856 -0.002939 -0.013749 -0.003663 0.000000 0.006355 0.012975 0.021278 0.037296 0.070526 0.091459 -0.087920 -0.046467 -0.043431 -0.027172 -0.009235 -0.000739 -0.000836 0.001122 0.000603 0.001112 0.000516 0.000737 0.009927
0.000563 0.002722 0.012704 -0.096241 -0.374730 -0.397662 -0.393128 -0.193549 -0.114929 -0.058638 -0.103348 -0.098558 -0.078304 -0.053473 -0.058525 -0.046293 -0.095058 -0.190977 -0.293421 -0.516111 -0.019586 -0.000474 0.000245 0.052770 0.399364 -0.017929 -0.015517 -0.009685 -0.008439 0.000000 0.025496 0.113596 0.070203 -0.063884 -0.037566 -0.047238 -0.014195 -0.001317 -0.000111 0.000194 0.007854 0.024098 0.024407 0.040228 0.066406 0.005957 -0.026657 -0.029340 -0.024948 -0.018825 -0.007810 -0.000228 -0.000113 0.000021 0.000264 0.001521 0.000361 0.007285 0.014628
0.002218 0.004419 0.002741 0.327571 0.609400 0.409204 0.072201 0.035783 0.019135 0.021943 0.039150 0.046688 0.100374 0.157775 0.122515 0.121457 0.204359 0.183542 0.212597 0.126717 -0.007101 -0.071265 -0.000069 0.121131 0.392466 0.240047 0.066476 -0.280699 -0.077885 -0.000174 0.001774 0.155502 0.113956 -0.026657 -0.055206 -0.033056 -0.006739 -0.000214 0.000104 0.006391 0.011745 0.001197 0.003142 0.000000 -0.002818 -0.003038 -0.016324 -0.018547 -0.028489 -0.029803 -0.014233 -0.000576 -0.000579 0.000007 0.003994 0.015762 0.000000 0.008017 0.025646
0.002972 0.004231 0.002621 0.014189 0.560183 0.634709 0.210313 0.147577 0.113905 0.099253 0.287957 0.305325 0.167136 0.164401 0.111168 0.103801 0.158548 0.119247 0.088951 0.009116 -0.096745 -0.126350 -0.184521 -0.362286 -0.300257 -0.254806 -0.318418 -0.636432 -0.059710 -0.001228 0.001809 0.003358 0.244885 0.346765 0.290087 -0.031136 -0.007356 -0.000102 0.000077 0.006770 0.031701 0.003239 0.000680 -0.024466 -0.013164 -0.007055 -0.029283 -0.036705 -0.031115 -0.013987 -0.007046 -0.000372 -0.000206 0.000363 0.010522 0.021899 0.001679 0.008764 0.016883
0.001622 0.001732 0.020310 0.046434 0.096296 -0.015664 -0.024438 -0.021192 -0.012703 0.007854 0.073953 0.271351 0.425516 0.341041 0.193377 0.133876 0.230439 0.164129 0.087246 0.009394 -0.116607 -0.137534 -0.177647 -0.220226 -0.207694 -0.331136 -0.327323 -0.485404 -0.053255 -0.003100 0.001098 0.003647 0.001960 0.000753 0.146099 0.016251 -0.007933 -0.000108 0.000095 0.001035 0.004863 0.012272 0.026016 -0.023239 -0.032673 -0.018229 -0.017190 -0.014745 -0.010377 -0.008501 -0.001059 -0.000123 0.000276 0.010003 0.024467 0.030102 0.001562 0.004665 0.019729
0.160873 0.136894 0.104561 0.078287 0.224791 0.073268 0.092267 0.045421 0.011867 0.064184 0.132019 0.248808 0.530199 0.599815 0.675346 0.442616 0.405015 0.337588 0.267649 0.210774 0.069559 -0.090072 -0.001317 0.000227 0.168508 0.222207 0.277946 0.145859 -0.051068 0.000000 0.001506 0.001716 0.005138 0.007900 -0.167138 -0.385894 -0.054719 -0.001965 -0.001794 0.001355 0.002615 0.013267 0.033119 -0.029999 -0.027306 -0.035449 -0.009123 -0.003157 -0.014134 -0.009768 -0.000324 0.000004 0.000153 0.005488 0.019611 0.047907 0.044338 0.034140 0.003779
0.368503 0.276459 0.412988 0.841368 0.455804 0.511729 0.377248 0.325779 0.212498 0.170425 0.145561 0.177880 0.218057 0.185504 0.113199 0.073477 0.010466 -0.080965 -0.260440 -0.357646 -0.456040 -0.327504 -0.313347 -0.120465 0.028550 0.063235 -0.003107 -0.000736 -0.000541 0.000060 0.000011 -0.003751 -0.009565 0.142565 0.066467 -0.028533 -0.075765 -0.004805 -0.001653 0.003211 0.040904 0.097339 0.095155 -0.069055 -0.049812 -0.020609 -0.009143 -0.000115 -0.023408 -0.024208 -0.008042 0.000000 0.006499 0.023518 0.040902 0.053048 0.043867 0.041433 0.007647
0.120016 0.368191 0.268677 0.115035 0.482942 0.398524 0.271206 0.236705 0.181722 0.130040 0.137323 0.154179 0.284501 0.282229 0.275902 0.199761 0.076968 -0.025139 -0.207602 -0.255515 -0.398400 -0.378115 -0.637714 -0.446465 -0.191128 -0.004040 -0.004932 -0.000357 0.000162 0.021598 -0.170644 -0.312348 -0.295742 -0.216593 -0.132347 -0.085994 -0.065024 -0.002109 -0.000146 0.001616 0.037948 0.079197 0.040570 -0.027071 -0.033165 -0.019077 -0.006461 -0.000002 -0.030814 -0.004077 -0.000168 0.000364 0.000473 0.010748 0.033008 0.059670 -0.173296 -0.263048 0.001762
0.290893 0.492850 0.348739 0.631467 0.428075 0.537086 0.379408 0.352919 0.282834 0.178512 0.169380 0.167314 0.210672 0.395469 0.232675 0.298638 -0.002543 -0.000521 0.127233 0.165684 0.048502 0.000719 -0.102517 -0.189644 -0.266620 -0.006755 -0.009142 -0.009424 -0.126192 -0.167366 -0.215415 -0.330540 -0.305315 -0.242797 -0.194082 -0.107083 -0.055559 -0.000113 0.000746 0.001232 0.004367 0.030510 0.070455 0.076417 0.070153 -0.227825 -0.011798 -0.001506 -0.003397 -0.000005 -0.000005 0.000124 -0.000128 0.000374 0.022498 0.971789 0.612404 0.866938 0.839173
0.203207 0.089731 0.266487 0.828062 0.506052 0.557032 0.310253 0.165416 0.069835 0.111867 0.159933 0.138543 0.084150 0.043815 -0.052416 -0.099667 -0.002804 -0.000715 0.002750 0.023028 -0.002412 -0.000367 0.000478 -0.304684 -0.407586 -0.595690 -1.125087 -0.916210 -0.867438 -0.505748 -0.402776 -0.432388 -0.330193 -0.298578 -0.226459 0.004600 0.014489 0.004781 0.049054 0.040108 0.056728 0.029398 0.175381 0.290198 0.251775 0.196603 -0.012724 -0.000709 -0.000188 0.027909 0.091079 0.058740 0.050960 0.000013 0.150973 0.098708 1.218594 1.192251 0.843015
0.151526 0.059994 0.284436 0.882091 0.603825 0.388948 0.215323 0.087044 0.035299 0.053047 0.059810 0.080830 0.070225 0.041283 -0.022217 -0.035693 -0.003261 -0.002708 -0.000545 0.001144 -0.001016 -0.001498 0.002066 -0.412373 -0.433986 -0.865889 -1.219203 -0.784837 -0.723763 -0.418405 -0.316745 -0.242718 -0.003532 -0.522341 -0.991458 -0.000070 0.003490 0.087271 0.094659 0.549121 0.115426 0.216364 0.230867 0.329946 0.382048 0.403427 0.352438 0.117412 0.058219 0.764109 1.562821 1.300608 1.260323 1.241829 0.372526 0.999844 0.761340 0.484395 0.371801
0.489162 0.506804 0.490569 0.319490 0.176226 0.108339 0.487260 0.213182 0.144951 0.126293 0.098097 0.097344 0.081192 0.212960 0.109016 0.089271 0.162064 0.060152 0.000715 0.001689 -0.073080 -0.006217 -0.001013 0.003238 -0.436653 -0.338826 -0.057532 0.279845 0.140632 0.000377 -0.002223 -0.000951 -0.000162 0.005758 0.028393 -0.000001 0.006965 0.021602 0.100342 0.037717 0.043217 0.611491 0.297955 0.392643 0.589632 0.711127 1.176360 1.247072 1.599698 1.461399 1.122602 0.855930 1.214329 0.982609 0.306244 0.456115 0.318282 0.209513 0.680104
1.744448 0.651083 1.749191 0.434397 0.279453 0.176567 0.646162 0.442368 0.409652 0.313574 0.138142 0.089209 0.112400 0.270501 0.272825 0.310857 0.418711 0.442161 0.298729 0.305398 0.264222 -0.007093 -0.002229 0.000290 0.001391 0.411825 0.889550 0.370613 -0.015157 -0.002475 -0.021149 -0.015252 -0.006487 -0.000045 -0.000094 -0.000033 0.000153 0.012891 0.023480 0.035311 0.125557 0.812258 0.414395 0.495715 0.462782 0.409216 0.507397 0.574140 0.027703 -0.000091 0.001113 0.020970 0.360770 0.624518 0.302373 0.220662 0.138563 0.085710 0.153150
0.619484 0.500703 0.460706 0.354080 0.203394 0.125476 0.057429 0.269621 0.002774 -0.041841 0.043365 0.109244 0.143872 0.327556 0.289950 0.292217 0.248779 0.123308 0.003747 -0.347579 -0.506688 -0.017497 -0.000489 -0.000849 -0.001886 -0.005693 -0.013264 -0.018548 -0.003285 -0.001217 -0.013881 -0.010733 -0.001196 -0.001131 0.000155 0.001338 0.000968 0.014209 0.035289 0.050211 0.049116 0.056593 0.053699 -0.050738 -0.063722 -0.011626 0.070544 -0.044687 -0.007362 0.000725 0.015976 0.045815 0.459975 0.763195 0.304254 0.264579 0.213659 0.173249 0.102872
0.091182 0.038066 0.017064 0.170735 0.633745 0.322160 0.004574 0.005157 0.003981 0.004367 0.094193 0.213835 0.263716 0.451409 0.455923 0.237312 0.050138 -0.059111 -0.000294 -0.573241 -0.025174 -0.000515 -0.000648 -0.000450 -0.001009 -0.006500 -0.020962 -0.067134 -0.021521 -0.003788 -0.024858 -0.012001 -0.001933 -0.002809 0.000447 0.002695 0.030527 0.043818 0.037326 0.023901 0.005557 0.014562 0.027280 0.040536 0.013264 -0.163378 -0.029427 -0.010076 -0.000013 0.014994 0.043509 0.061285 0.470953 0.848192 0.301055 0.278685 0.243899 0.216169 0.156802
0.050033 0.096608 0.042472 0.132976 0.850329 1.120431 0.564266 0.484858 0.374464 0.532846 0.495561 0.397128 0.463384 0.265892 0.229865 -0.001842 -0.005375 -0.030688 -0.008006 -0.000862 -0.001378 -0.000003 0.000307 0.000919 0.001505 0.000651 -0.003594 -0.059646 -0.010491 -0.002096 -0.004244 -0.007767 -0.008935 -0.002676 -0.001328 0.002896 0.027174 0.042553 0.023993 0.004441 0.009750 0.027004 0.056533 0.083666 0.032115 -0.138295 -0.070079 -0.018538 -0.000401 0.000555 0.010767 0.022376 0.035611 1.079225 0.329939 0.297330 0.256915 0.227151 0.182082
0.077111 0.030490 0.084993 0.183074 0.803830 0.612100 0.772240 0.825600 1.020753 0.755166 0.523576 0.336629 0.224243 -0.204098 -0.015101 -0.000966 -0.001191 -0.001971 -0.004824 -0.018669 -0.006895 -0.000208 0.000326 -0.000270 -0.000030 0.009509 0.017448 0.000445 -0.002053 -0.002794 -0.001215 -0.001353 -0.001408 -0.000470 -0.000360 0.000360 0.017654 0.025516 0.039051 0.048004 0.029756 0.008763 0.017033 0.009098 0.010280 -0.007107 -0.076599 -0.023416 -0.000330 0.000396 0.003674 0.002299 0.019271 0.203360 0.220991 0.230041 0.184859 0.130470 -0.001972
0.129181 0.068074 0.116455 0.182573 0.690508 0.496562 0.706435 0.829228 1.102700 0.822844 0.551306 0.355718 0.243056 0.014974 -0.012146 -0.000761 -0.000174 0.000560 -0.175891 -0.213246 -0.238682 -0.000821 -0.011073 -0.011669 -0.000764 0.000262 -0.000332 -0.002118 -0.001769 -0.000102 0.001195 0.016329 0.037257 0.003572 -0.000360 0.000360 0.013333 0.042291 0.036193 0.034207 0.160520 0.000246 0.000994 0.002064 0.001097 -0.000722 -0.000848 0.001414 0.007799 0.003243 0.002693 0.001665 0.014249 0.008475 0.009896 0.005869 0.002019 -0.001767 -0.002676
0.212657 0.136013 0.120157 0.185172 0.761678 0.506144 0.629404 0.630392 0.545143 0.321274 -0.015057 -0.316860 -0.565605 -0.954516 -1.160367 -0.599439 -0.582860 -0.559799 -0.468252 -0.322258 -0.268939 -0.002563 -0.030276 -0.021167 -0.001978 -0.002337 -0.000278 -0.001605 -0.000573 0.000271 0.022616 0.029506 0.022516 0.001070 -0.000166 -0.000035 0.000813 0.010254 0.073896 0.108340 0.047785 -0.001601 -0.001408 -0.000239 0.000316 0.001645 0.013119 0.015855 0.013679 0.025764 0.020249 0.043419 0.052543 0.021260 0.023517 0.012672 0.020329 -0.001147 -0.000805
0.774683 0.160882 0.439622 1.399791 1.134934 0.864172 0.988127 0.507846 0.411287 0.270729 0.154072 0.271191 0.120419 0.051577 -0.012137 -0.000013 -0.099788 -0.117691 -0.000698 0.000180 -0.328587 -0.284306 -0.434510 -0.022262 -0.028476 -0.019086 0.000001 0.003214 0.000775 0.000463 0.002174 0.021136 0.063749 0.010359 0.002253 -0.000166 -0.000056 0.000927 0.009208 0.149602 0.128261 0.051761 -0.012528 0.000000 0.002815 0.003425 0.001994 0.000000 0.005878 0.260613 0.262494 0.237829 0.076824 0.105562 0.051114 0.016687 0.077684 1.062507 -0.004706
0.147449 0.396252 1.137998 1.483546 0.783519 0.125959 -0.003862 0.000541 0.013571 0.012202 -0.016890 -0.028687 -0.029994 -0.002693 -0.003238 -0.000580 -0.000805 -0.002217 -0.003435 0.000000 -0.008997 -0.026789 -0.057542 -0.139408 -0.033457 -0.000674 0.000031 0.011342 0.017570 0.001396 0.000677 0.002877 0.047589 0.093781 0.115100 0.029740 -0.000152 0.000123 0.001121 0.009449 -0.336577 -0.341519 -0.014006 0.000000 0.002941 0.002449 0.001042 0.000000 0.005878 0.150047 0.099865 0.065624 0.026863 0.089148 0.146256 0.056348 0.013456 0.061851 0.091395
0.003663 0.972503 0.717132 0.824874 0.363363 0.129357 -0.010118 0.000915 0.016286 0.016793 0.008723 0.107581 -0.000763 -0.000667 0.000312 -0.009969 -0.001627 -0.004990 -0.009841 -0.012947 0.000000 -0.050765 -0.114415 -0.054987 -0.064946 -0.028526 0.000000 0.039724 0.088752 0.042952 0.004654 0.000133 0.029975 0.387684 0.230416 0.125072 -0.000747 -0.001059 0.003755 0.004698 0.002429 -0.021815 -0.004403 -0.005236 -0.002180 0.002166 0.005423 0.001727 0.013938 0.064658 -0.115769 -0.006975 0.000000 0.048699 0.130817 0.529097 0.005319 -0.062256 -0.126165
0.309731 1.022915 0.033837 0.011733 0.020275 0.008601 0.005771 0.001222 0.000024 0.000952 0.006487 0.002957 0.150447 0.156257 0.128529 0.222296 0.218686 0.002534 -0.013041 -0.031535 -0.045887 -0.051394 -0.015041 -0.053956 -0.019887 -0.007132 0.000000 0.013355 0.061071 0.232929 0.038993 -0.040750 -0.095517 -0.121055 -0.115235 -0.015269 -0.023216 -0.002043 0.001969 0.003578 0.029020 0.023555 -0.001968 -0.002283 -0.001635 0.000881 0.003146 -0.007988 -0.288847 -0.339023 -0.418570 -0.005094 0.000000 0.007704 0.069989 0.657746 0.500489 0.566414 0.484615
0.717894 0.523811 -0.009979 -0.004792 0.006619 0.033128 0.021202 0.005128 0.004177 0.004011 0.027612 0.251268 0.198765 0.196928 0.071577 -0.071186 -0.266184 -0.471706 -0.069801 -0.019787 -0.027804 -0.011370 -0.042377 -0.034847 -0.034637 -0.010007 0.000000 0.010871 0.046071 0.339932 -0.030687 -0.152504 -0.146005 -0.000006 -0.023527 0.006023 0.026882 -0.001483 0.000463 0.001843 0.069601 0.218032 0.138959 -0.009626 -0.021434 -0.000291 0.000823 0.020990 0.103589 0.113539 -0.085272 -0.073236 0.000000 0.008594 0.114063 0.667082 0.682359 0.724731 0.474402
0.509336 0.257576 -0.016354 -0.014309 0.007855 0.012971 -0.000360 0.000360 0.006963 0.005710 0.025409 0.250365 0.230619 0.648975 0.155000 0.086663 0.008200 -0.136687 -0.041393 -0.012919 -0.023370 -0.014136 -0.052156 -0.049570 -0.022842 -0.001279 0.000831 0.015161 0.025427 0.329917 0.029553 -0.060659 -0.126520 -0.000198 -0.014215 0.001653 0.038916 0.060577 0.000027 0.014007 0.516136 0.417322 0.324299 0.235189 0.105375 0.000119 0.074356 0.059461 0.064407 -0.024508 -0.335051 -0.184659 -0.000006 0.167785 0.234410 0.138707 -0.084920 0.003227 0.004653
0.000838 0.001228 0.078769 0.140911 0.175330 0.125261 -0.000360 0.000360 0.010621 0.005741 0.016030 0.375395 0.325312 0.263355 0.169369 0.097293 0.055779 0.012176 -0.011140 -0.017084 -0.025720 -0.076514 -0.066510 -0.034030 -0.008626 -0.000958 0.000817 0.016625 0.014904 0.024770 -0.077311 -0.194762 -0.254523 -0.256504 -0.133400 0.000000 0.129394 0.185608 0.154752 0.353738 0.546554 0.387671 0.489015 0.436803 0.400334 0.320456 0.122145 0.403921 0.442645 0.399696 0.110503 0.163873 0.197005 0.142470 0.036273 0.003270 0.031768 0.044140 0.027587
