use_cases/Flooding_chicago/flooding_data/output/hUx_720.asc
ncols 337
nrows 393
xllcorner 428428.000000
yllcorner 4602440.000000
cellsize 26.757400
NODATA_value -9999.000000
[rows 52 to 77 of 393, columns 236 to 294 of 337]
-0.006861 -0.000569 0.000247 0.000554 0.004162 0.004645 -9999.000000 -9999.000000 -9999.000000 -9999.000000 -9999.000000 -9999.000000 -9999.000000 -9999.000000 -9999.000000 -9999.000000 -9999.000000 -9999.000000 -9999.000000 -9999.000000 -9999.000000 -9999.000000 -9999.000000 -9999.000000 -9999.000000 -9999.000000 -9999.000000 -9999.000000 -9999.000000 -9999.000000 -9999.000000 -9999.000000 -9999.000000 -9999.000000 -9999.000000 -9999.000000 -9999.000000 -9999.000000 -9999.000000 -9999.000000 -9999.000000 0.000010 0.020107 0.053882 0.015362 0.000372 -0.001035 -0.000546 -0.001108 -0.001396 -0.000520 0.000236 0.018608 0.017213 0.004895 0.001164 0.001833 0.001195 0.002383
-0.006778 -0.000393 0.000331 0.010243 0.019368 0.029246 -9999.000000 -9999.000000 -9999.000000 -9999.000000 -9999.000000 -9999.000000 -9999.000000 -9999.000000 -9999.000000 -9999.000000 -9999.000000 -9999.000000 -9999.000000 -9999.000000 -9999.000000 -9999.000000 -9999.000000 -9999.000000 -9999.000000 -9999.000000 -9999.000000 -9999.000000 -9999.000000 -9999.000000 -9999.000000 -9999.000000 -9999.000000 -9999.000000 -9999.000000 -9999.000000 -9999.000000 -9999.000000 -9999.000000 -9999.000000 -0.000360 0.000360 0.017696 0.044414 0.144634 0.086453 0.031504 -0.002585 -0.021929 -0.012328 -0.001148 -0.000187 0.001072 0.025498 0.092706 0.021679 0.000100 -0.005442 -0.001130
-0.009116 -0.000180 0.000174 0.007009 0.032082 0.036866 -9999.000000 -9999.000000 -9999.000000 -9999.000000 -9999.000000 -9999.000000 -9999.000000 -9999.000000 -9999.000000 -9999.000000 -9999.000000 -9999.000000 -9999.000000 -9999.000000 -9999.000000 -9999.000000 -9999.000000 -9999.000000 -9999.000000 -9999.000000 -9999.000000 -9999.000000 -9999.000000 -9999.000000 -9999.000000 -9999.000000 -9999.000000 -9999.000000 -9999.000000 -9999.000000 -9999.000000 -9999.000000 -9999.000000 -9999.000000 -0.000360 0.000360 0.015267 0.033273 0.027878 0.221339 0.272815 0.167740 -0.136579 -0.041041 -0.020334 -0.000999 0.000955 0.019489 0.114519 0.032917 0.000004 0.027710 -0.024178
-0.039163 -0.000069 0.000067 0.001009 0.003161 0.015330 -9999.000000 -9999.000000 -9999.000000 -9999.000000 -9999.000000 -9999.000000 -9999.000000 -9999.000000 -9999.000000 -9999.000000 -9999.000000 -9999.000000 -9999.000000 -9999.000000 -9999.000000 -9999.000000 -9999.000000 -9999.000000 -9999.000000 -9999.000000 -9999.000000 -9999.000000 -9999.000000 -9999.000000 -9999.000000 -9999.000000 -9999.000000 -9999.000000 -9999.000000 -9999.000000 -9999.000000 -9999.000000 -9999.000000 -9999.000000 -0.002210 0.001038 0.002318 0.010635 0.008697 0.001470 0.004685 0.126254 -0.074928 -0.027441 -0.015788 -0.001160 0.000876 0.016735 0.101311 0.049919 0.029194 0.569145 0.248020
0.065213 0.047480 0.010760 0.061163 0.088265 0.066495 0.021329 0.011464 0.003366 -9999.000000 -9999.000000 -9999.000000 -9999.000000 -9999.000000 -9999.000000 -9999.000000 -9999.000000 -9999.000000 -9999.000000 -9999.000000 -9999.000000 -9999.000000 -9999.000000 -9999.000000 -9999.000000 -9999.000000 -9999.000000 -9999.000000 -9999.000000 -9999.000000 -9999.000000 -9999.000000 -9999.000000 -9999.000000 -9999.000000 -9999.000000 -9999.000000 -9999.000000 -9999.000000 -9999.000000 -0.000680 0.000873 0.012545 0.026225 0.025974 0.001534 -0.004976 0.022717 -0.207583 -0.079416 -0.016971 -0.007429 0.000000 0.011205 0.073959 0.035701 0.076026 -0.034172 0.005913
0.103939 0.052338 0.104327 0.128517 0.138600 0.071934 0.039612 0.015394 0.004957 -9999.000000 -9999.000000 -9999.000000 -9999.000000 -9999.000000 -9999.000000 -9999.000000 -9999.000000 -9999.000000 -9999.000000 -9999.000000 -9999.000000 -9999.000000 -9999.000000 -9999.000000 -9999.000000 -9999.000000 -9999.000000 -9999.000000 -9999.000000 -9999.000000 -9999.000000 -9999.000000 -9999.000000 -9999.000000 -9999.000000 -9999.000000 -9999.000000 -9999.000000 -9999.000000 0.000000 0.014352 0.025903 0.028154 1.823283 1.448658 0.972663 -0.022324 -0.175802 -0.215740 -0.111365 -0.010890 -0.000725 0.000568 0.001652 0.005812 0.009501 0.171123 0.035776 0.074777
0.094387 0.041232 0.132197 0.153807 0.126593 0.222950 0.415316 0.257064 0.226526 0.103321 0.029098 -9999.000000 -9999.000000 -9999.000000 -9999.000000 -9999.000000 -9999.000000 -9999.000000 -9999.000000 -9999.000000 -9999.000000 -9999.000000 -9999.000000 -9999.000000 -9999.000000 -9999.000000 -9999.000000 -9999.000000 -9999.000000 -9999.000000 -9999.000000 -9999.000000 -9999.000000 -9999.000000 -9999.000000 -9999.000000 -9999.000000 -9999.000000 -9999.000000 0.000034 0.015381 0.046796 0.389657 0.119845 -0.159419 -0.121761 -0.448887 -0.217391 -0.407720 -0.134970 -0.141696 -0.005477 0.000030 0.021063 0.224332 0.214630 0.175405 -0.047574 -0.204574
0.004578 0.037448 0.181265 0.086002 0.000000 0.037896 0.019045 0.100673 0.177547 0.074909 -0.038009 -0.004116 -0.000492 -0.000641 0.000000 -9999.000000 -9999.000000 -9999.000000 -9999.000000 -9999.000000 -9999.000000 -9999.000000 -9999.000000 -9999.000000 -9999.000000 -9999.000000 -9999.000000 -9999.000000 -9999.000000 -9999.000000 -9999.000000 -9999.000000 -9999.000000 -9999.000000 -9999.000000 -9999.000000 -9999.000000 -9999.000000 -9999.000000 0.000167 0.023000 0.065831 0.066997 0.194676 0.012096 0.266371 0.299597 0.023240 -0.567010 -0.264079 -0.289920 -0.491414 -0.463869 -0.398463 -0.404890 -1.181059 -0.763636 -0.112547 -0.036195
0.007752 0.060540 -0.134230 -0.007200 0.000000 0.009616 0.023262 0.063823 0.126453 0.137241 0.122874 -0.015105 -0.042887 -0.024724 -0.019609 -0.003663 0.000000 -9999.000000 -9999.000000 -9999.000000 -9999.000000 -9999.000000 -9999.000000 -9999.000000 -9999.000000 -9999.000000 -9999.000000 -9999.000000 -9999.000000 -9999.000000 -9999.000000 -9999.000000 -9999.000000 -9999.000000 -9999.000000 -9999.000000 -9999.000000 -9999.000000 0.000000 0.005846 0.008660 0.020074 0.053160 -1.305812 -1.587259 -1.333108 -1.434890 -2.836243 -2.530096 -0.151600 -0.076757 -0.000509 -0.165054 -0.203970 -0.251570 -0.397318 -0.105312 -0.066845 -0.274258
-0.016582 -0.080044 -0.013902 -0.007722 0.000000 0.011861 0.042733 0.091813 0.422370 -0.444066 -0.836149 -1.091586 -1.558245 -0.049582 -0.002412 -0.008637 -0.004032 0.000000 -9999.000000 -9999.000000 -9999.000000 -9999.000000 -9999.000000 -9999.000000 -9999.000000 -9999.000000 -9999.000000 -9999.000000 -9999.000000 -9999.000000 -9999.000000 -9999.000000 -9999.000000 -9999.000000 -9999.000000 -9999.000000 -9999.000000 -0.000945 0.000491 0.029955 0.055799 0.058974 0.051644 0.128671 -0.065322 -0.301642 -0.489032 -0.785909 -1.562701 -0.060008 -0.045446 -0.011660 -0.000416 0.015661 0.069496 -0.030392 -0.042764 -0.073011 -0.204500
-0.104576 -0.106518 -0.015827 -0.007178 0.000000 0.021779 0.043621 0.091331 0.391547 0.462340 0.811238 1.563052 0.366175 -0.050407 -0.000088 0.006288 -0.702238 -0.008164 0.000000 -0.032695 -0.004056 -0.000185 -9999.000000 -9999.000000 -9999.000000 -9999.000000 -9999.000000 -9999.000000 -9999.000000 -9999.000000 -9999.000000 -9999.000000 -9999.000000 -9999.000000 -9999.000000 -9999.000000 -9999.000000 -0.001056 0.001040 0.027955 0.050568 0.061760 0.077404 0.084949 0.299484 0.279529 0.748359 0.878826 0.434539 -0.264493 -0.036996 -0.023628 -0.010133 0.000000 -0.006051 -0.018694 -0.044811 -0.045170 -0.004613
-0.323611 -0.064659 -0.026828 -0.012302 0.000000 0.006565 0.009647 0.015217 0.023028 0.045986 0.000006 0.000155 -0.001367 -0.002535 -0.108983 -0.278606 -0.429902 -0.079613 -0.012513 -0.019262 -0.051770 -0.007486 -0.000003 0.007574 0.013779 0.003055 -9999.000000 -9999.000000 -9999.000000 -9999.000000 -9999.000000 -9999.000000 -9999.000000 -9999.000000 -9999.000000 -9999.000000 -9999.000000 -0.001231 0.001237 0.031034 0.051398 0.058007 0.098333 0.167922 1.047875 0.469964 0.732374 0.521648 0.213933 -0.660228 -0.129829 -0.015700 -0.007805 0.000000 -0.018142 -0.007366 -0.011324 -0.018304 -0.009557
-0.033895 -0.017566 -0.001274 -0.000294 0.000340 0.014677 0.021248 0.015033 0.003083 0.000981 0.000228 -0.000359 -0.000519 0.008439 0.878617 0.513241 -0.081811 -0.098701 -0.011745 -0.013646 -0.033082 -0.007193 -0.000208 0.000326 0.003250 0.002557 0.001178 0.000480 0.000381 0.000405 0.004649 0.007963 -0.001952 -0.024993 -0.020688 -0.016888 -0.008809 0.000000 0.003615 0.001930 0.022228 0.031246 0.131788 0.122494 0.112553 0.068567 0.008871 0.006907 -0.048855 -0.234894 -0.237547 -0.223416 -0.120529 -0.033783 -0.042385 -0.012498 -0.016134 -0.060159 -0.032130
-0.019091 -0.007736 -0.000655 0.000447 0.022895 0.031467 0.405589 0.207313 0.174439 0.075021 0.021049 -0.063876 -0.014788 -0.000018 0.007009 0.043526 -0.518472 -0.059943 -0.000360 0.000360 0.012184 0.021823 -0.000056 0.000063 0.011082 0.024874 0.038336 0.074422 0.050923 0.055348 0.004057 0.061007 0.024822 -0.027804 -0.032818 -0.026255 -0.013896 0.000000 0.017328 0.041445 0.052740 0.143753 0.059139 0.025383 0.005496 0.001913 -0.003652 -0.002293 -0.004281 -0.031077 -0.023056 -0.026523 -0.056683 -0.022320 -0.070045 -0.024676 -0.000532 -0.001302 -0.002422
-0.001006 -0.000407 0.000100 0.009619 0.032318 0.109412 0.472939 0.260425 0.151377 0.142586 0.113179 -0.134735 -0.027865 -0.000463 0.000592 0.007671 0.022624 0.005271 -0.000360 0.000360 0.018873 0.046443 0.005230 0.000693 0.003394 0.080565 0.340760 0.070236 0.017428 0.006930 0.002892 -0.005691 -0.056906 -0.023153 -0.022687 -0.020079 -0.013648 0.000000 0.016557 0.033583 0.048632 0.032919 0.003867 0.001338 0.000863 0.000347 -0.041588 -0.010038 -0.000064 -0.047681 -0.050292 -0.056075 -0.024625 -0.013973 -0.000849 -0.001216 -0.000169 -0.000152 0.000308
-0.002372 -0.001774 0.002592 0.007743 0.006642 0.044747 0.441725 0.109307 -0.001725 -0.023399 -0.065371 -0.306633 -0.033796 -0.001169 0.000965 0.000975 0.006707 0.004874 -0.000010 0.000531 0.001941 0.027140 0.092188 0.019915 0.000013 0.001634 0.015383 0.623263 0.006517 0.001608 0.014829 -0.001326 -0.304662 -0.131739 -0.031828 -0.023687 -0.007994 0.000000 0.014223 0.021753 0.025623 0.005484 0.001447 -0.004846 -0.000670 -0.000652 -0.002316 -0.003179 -0.001456 -0.000895 -0.001705 -0.004430 -0.023421 -0.024463 -0.026446 -0.014374 -0.005209 0.000005 0.007931
-0.001961 -0.001434 0.002233 0.056596 0.122291 0.111944 0.086811 0.070439 0.028525 0.064680 -0.001586 -0.004482 -0.010205 -0.000587 0.000718 0.005104 0.002614 0.175772 0.210637 0.168033 0.327972 0.221465 0.111746 0.038197 -0.000003 0.012104 0.031590 0.009439 0.025805 0.030968 0.038753 0.032925 0.022346 0.000000 -0.084808 -0.022328 -0.020431 0.000000 0.007712 0.019188 0.005318 -0.001472 -0.045841 -0.009439 -0.001495 -0.000767 -0.002163 -0.003646 -0.004541 -0.000330 0.000396 -0.211619 -0.027346 -0.030079 -0.017989 -0.009595 -0.000222 0.000222 0.003946
-0.017540 -0.008768 -0.000375 0.000143 0.014617 0.024797 0.032607 0.025362 -0.009469 -0.000506 -0.000848 -0.000870 0.000028 0.001202 0.001210 0.001932 0.015425 0.252621 0.246074 0.210609 0.426430 0.939534 0.463406 0.429190 -0.000208 0.000326 0.007168 0.030912 0.130532 0.072444 0.058440 0.043585 0.032499 0.006944 -0.010426 -0.018599 -0.008012 0.000000 0.007956 0.074822 0.451266 0.411944 0.090550 -0.029950 -0.010451 0.000000 -0.002550 -0.004621 -0.005716 -0.000401 0.000555 -0.060418 -0.140926 -0.022031 -0.015161 -0.008611 -0.000005 0.000589 0.000615
-0.012968 -0.023252 -0.010464 -0.000032 0.015093 0.025799 0.027480 0.038648 0.000645 -0.117034 -0.091992 -0.001562 0.000732 0.001401 0.002783 0.003106 0.358062 0.400705 0.376375 0.277649 0.446437 1.274364 0.628945 0.756973 -0.017602 -0.000139 0.000366 0.000755 0.012933 0.094871 0.050482 0.030978 0.021851 0.060459 0.239870 -0.028242 -0.000619 0.000157 0.062947 0.070124 0.088450 -0.016984 -0.156960 -0.012264 -0.001538 -0.000927 -0.003450 -0.004471 -0.003539 -0.000013 -0.035025 -0.046047 -0.108365 -0.034803 -0.017098 -0.000329 0.000313 0.000268 -0.000310
-0.042774 -0.029704 -0.011699 -0.000760 0.000113 0.010829 0.027058 0.026170 0.027229 0.108738 0.036768 -0.001010 0.000783 0.011874 0.045554 0.542419 0.593516 0.438753 0.428339 0.291759 0.130811 0.027829 0.141657 0.301659 0.432513 0.244791 -0.024347 0.000018 0.000834 0.000578 0.055008 0.251346 0.236172 0.173649 -0.268909 -0.677280 -0.026015 -0.001523 0.036792 -0.195896 -0.457938 -0.603155 -0.393317 -0.040330 -0.002742 -0.009038 -0.031875 -0.001328 0.000240 -0.055661 -0.003744 -0.507951 -0.047740 -0.015855 -0.008779 -0.000008 -0.000391 -0.003553 -0.010140
-0.504013 -0.161694 -0.064418 -0.014621 0.000000 0.008860 0.015699 0.026055 0.038956 0.120392 0.047662 -0.000447 0.000589 0.135337 0.436144 0.054744 0.042917 -0.228757 -0.013091 -0.000194 0.000496 0.011977 0.049044 0.040934 0.103722 0.179320 0.125899 -0.056990 -0.000000 0.004210 0.052017 1.284041 0.545484 0.356483 0.204842 -0.138155 -0.047429 -0.011482 0.000000 0.010384 -0.323267 -0.794415 -1.183086 -1.182992 -0.252727 -0.249659 -0.095508 -0.175276 0.000014 0.044281 -0.080131 -0.296190 -0.604238 -0.114848 -0.035605 -0.001317 -0.002941 -0.023521 -0.023017
-0.131243 -0.071866 -0.052536 -0.017431 0.000000 0.012314 0.017644 0.019474 0.042774 0.139983 0.064618 -0.000018 0.008241 0.235207 1.034734 0.614219 0.414540 0.112791 -0.032238 -0.000013 0.003809 0.002782 0.024713 0.219463 0.048933 -0.016985 -0.124003 -0.012536 -0.000003 0.007274 0.037754 0.115921 -0.333314 -0.599776 -0.707409 -0.019067 -0.016466 -0.005874 0.000005 0.006519 0.032367 -0.217184 -0.817898 -1.112217 -0.369934 -0.462220 -0.580831 -0.318721 -0.492531 -0.508944 -0.852837 -0.519035 -0.042924 -0.038381 -0.032249 -0.000033 -0.053332 -0.017783 -0.001715
-0.000671 -0.010755 -0.026407 -0.018279 0.000000 0.006934 0.031533 0.108299 0.030667 0.171293 0.189225 0.176425 0.420568 0.318834 0.192078 0.521210 0.308987 0.063633 -0.045389 -0.000401 0.000555 0.008346 0.010086 0.051964 -0.196729 -1.019900 -0.230336 -0.011919 -0.000208 0.000326 0.005680 0.013051 -0.000187 -0.002267 -0.029232 -0.015990 -0.006039 -0.000222 0.000222 0.003946 0.007544 1.534948 1.667290 -0.410925 -0.157686 -0.217241 -0.024338 -0.007791 -0.000144 0.000088 -0.030429 -0.008663 -0.000200 0.000033 0.000894 0.005596 0.019988 -0.026851 -0.007435
-0.000005 0.000263 0.001179 0.000799 0.004903 0.018277 0.020355 0.174779 0.350511 0.305977 0.269174 0.217053 0.102724 0.175869 0.137088 0.120865 0.080786 -0.044559 -0.007523 -0.000330 0.000396 0.008555 0.023797 0.005371 -0.008176 -0.011725 -0.068891 -0.008979 -0.000144 0.000162 -0.224934 -0.012319 -0.006618 0.000000 -0.019237 -0.005247 -0.001437 -0.000276 0.000424 0.009726 0.023707 -0.010031 -0.169920 -0.165344 -0.265995 -0.029983 -0.023102 -0.013832 -0.000299 -0.000187 -0.000117 -0.000918 -0.000222 0.000222 0.008674 0.034066 0.079207 0.109461 0.032177
-0.000222 0.000222 0.007375 0.016155 0.019529 0.024784 0.077303 0.163211 0.052813 0.021920 0.647815 0.144066 0.075463 0.107319 0.054235 0.366035 0.058777 0.000000 0.001313 0.000307 0.006388 0.077851 0.001177 0.000987 -0.009560 -0.058425 -0.214760 -0.063034 -0.000108 0.000087 0.154233 0.063189 -0.001406 -0.000969 -0.005242 -0.019978 -0.018172 -0.000016 0.017516 0.022941 0.091507 -0.171738 -0.078893 -0.000083 -0.163337 -0.052202 -0.026132 -0.007739 -0.000339 0.000240 0.000379 0.001084 0.000181 0.000246 0.001020 0.026023 0.437095 0.639299 0.859500
-0.000070 0.000070 0.008819 0.024677 0.069849 0.119009 0.063141 0.077663 -0.000000 0.029942 0.084172 0.056436 0.315132 0.677087 0.299998 0.271435 -0.009850 -0.000000 0.036794 0.100086 0.195029 0.172524 0.193745 0.196703 0.134169 0.022891 -0.228977 -0.276860 -0.318280 -0.349436 -0.289519 -0.302194 -0.173515 -0.006007 -0.024246 -0.053044 -0.013710 -0.000001 0.016979 0.045309 0.154228 0.147251 -0.060576 -0.001113 -0.152892 -0.050245 -0.021575 -0.012093 -0.000001 0.020208 0.044085 0.060587 0.009456 0.001242 0.000031 0.009342 0.484245 0.265592 0.219958
