use_cases/Flooding_chicago/flooding_data/output/hUx_2880.asc
ncols 337
nrows 393
xllcorner 428428.000000
yllcorner 4602440.000000
cellsize 26.757400
NODATA_value -9999.000000
[rows 104 to 129 of 393, columns 177 to 235 of 337]
-0.220258 -0.263277 -0.336666 -0.520614 -0.024225 -0.001328 -0.009271 -0.004142 0.000000 0.003071 0.002095 0.013959 0.022757 0.190567 0.165153 0.717713 2.159795 2.760472 2.485504 2.296312 1.999502 1.798971 1.657117 1.632061 1.167387 1.085090 1.079844 1.032758 1.165852 0.926351 0.868698 0.997040 0.765115 0.715159 0.593645 -0.000001 0.009507 0.763024 1.681584 0.633927 0.447727 0.512095 1.121683 0.979505 0.398977 0.238533 0.042587 0.022165 -0.888520 -0.245572 0.000131 0.032531 0.000398 0.006299 0.501367 0.216967 0.229534 0.389122 0.478037
0.000418 0.090646 0.096585 0.161125 0.334704 0.387893 0.216740 -0.033551 -0.006544 -0.000034 0.000688 0.008634 0.378336 0.216756 0.648922 1.282395 1.775299 1.988998 2.220318 1.721017 1.454881 1.271672 1.129824 1.041968 1.013157 0.889021 0.932072 0.707900 0.650619 0.397891 0.458028 0.310805 0.098445 -0.678942 -0.006883 -0.000058 0.000792 0.009945 0.460378 0.348388 0.236279 0.328580 0.875314 1.010263 0.477270 -0.000360 0.000360 0.022016 0.825628 0.725056 0.941667 0.960982 0.676059 0.576097 1.194465 1.869393 1.127105 1.215467 1.196878
-0.000017 0.009097 0.023194 0.525200 1.265921 1.495623 1.721208 1.230402 0.041592 -0.021745 0.000020 0.008579 0.457616 2.019444 1.858020 1.436440 0.781873 0.143929 0.115651 0.204728 0.267273 0.318789 0.365689 0.465202 0.630625 0.737953 0.995050 0.865630 0.490242 0.029335 0.012823 -0.450286 -0.087718 -0.030290 -0.011435 0.000022 0.013470 0.019919 0.249548 0.147710 0.222652 0.146487 0.305851 0.223466 -0.064494 -0.000360 0.000360 0.333056 1.226312 0.827282 0.041489 0.011238 0.177033 0.350601 0.910944 0.652623 0.704523 0.570007 0.516335
-0.000703 -0.000220 0.000141 0.253560 0.601541 0.998257 1.320773 2.242203 2.577655 2.365136 2.283129 2.069259 3.077991 2.446086 1.643276 0.670755 -0.979126 -2.114177 -2.788972 -2.318048 -2.069731 -1.675848 -1.196889 -0.831393 -0.500226 -0.266227 0.045562 -0.381025 -0.021696 -0.012087 -0.000367 -0.000411 -0.008242 -0.003399 0.001595 0.000862 0.010287 0.021433 0.165313 0.247655 0.112865 0.107241 0.746129 0.921173 0.876929 1.139969 1.294892 0.907668 1.702069 1.572700 1.583759 1.129597 0.910483 1.475760 1.423712 0.983751 0.842047 0.311925 0.264548
-0.185676 -0.006208 0.000000 0.160216 0.420628 0.496425 0.394064 0.890620 1.047827 0.614670 1.441488 1.266946 0.939105 -0.007060 -0.000423 -0.000297 0.000001 0.004071 0.009878 0.001647 0.122671 0.362927 0.760066 0.484794 0.616776 0.596772 -0.155652 -0.040464 -0.030239 -0.032345 -0.006921 -0.000165 0.000116 0.008697 0.029964 0.048464 0.093115 0.141424 0.478116 0.345775 0.386521 0.987333 1.459002 1.821115 1.700694 2.107787 1.303954 2.460561 2.006413 1.697021 1.502770 1.641998 1.985572 2.472252 2.106018 1.612832 1.317616 0.426079 0.324386
-1.121347 -0.191443 0.000000 0.444078 0.583123 0.035926 0.074875 0.086679 0.058779 -0.004762 -0.012626 -0.008154 -0.000855 -0.010975 -0.007875 -0.000663 0.000068 0.000711 0.007074 0.016507 0.040305 0.333533 0.669213 -0.091215 -0.044170 -0.053103 -0.047923 -0.018763 -0.001219 -0.003146 -0.000441 -0.000549 -0.000103 0.000604 0.010947 0.038487 0.029820 0.023565 0.128779 0.439339 0.586420 1.751079 2.380771 1.748691 1.968709 1.172576 0.971268 0.575326 0.231384 0.064076 0.019729 0.473110 1.268160 1.250900 1.128787 0.757223 0.683123 0.485348 0.184956
-0.029019 0.454065 0.193786 0.777316 0.427587 -0.015547 -0.192621 -0.188440 -0.011772 -0.033793 -0.014385 -0.008360 -0.000682 -0.000250 -0.000267 -0.000418 0.000446 0.000787 0.007107 0.027354 0.058642 0.335935 0.796701 -0.012159 -0.005096 -0.001688 -0.017463 -0.018569 0.000001 -0.005874 -0.001483 -0.004553 -0.000544 0.000304 0.000573 0.007208 0.026034 0.026144 0.215333 0.389885 0.623881 0.938687 0.717073 0.441874 -0.075698 -0.008606 -0.000003 -0.000071 -0.000095 0.000402 0.009685 0.200059 0.823336 0.580506 0.458158 0.248574 0.258486 0.205697 0.099162
0.140334 0.759035 1.222347 1.189100 0.841941 0.000000 0.000772 0.001233 -0.012515 -0.044169 -0.014295 -0.008215 -0.000406 0.000312 0.000649 0.000455 0.000443 0.000452 0.011131 0.045568 0.060033 -0.233185 -0.027503 -0.014775 -0.000583 -0.000846 -0.001222 -0.001738 0.000019 0.006026 0.000579 -0.001072 -0.000106 0.000237 0.000352 0.013319 0.020513 0.052158 1.117469 1.179751 1.172073 1.180875 0.386824 -0.261355 -0.022960 -0.005267 -0.000201 0.000022 0.000006 0.009527 0.028937 0.953291 0.612667 0.399078 0.241300 0.109172 0.138884 0.119653 0.129976
-0.018593 0.032633 0.017133 -0.247209 -0.009263 0.000000 0.009808 0.029363 0.052171 0.017452 -0.000436 -0.050637 -0.006264 -0.000194 0.000075 0.000366 -0.002076 -0.001106 0.008924 0.009113 0.019443 -0.970775 -0.019461 -0.010323 -0.001051 -0.000416 -0.000245 0.000247 0.000440 0.021465 0.021810 0.004076 0.000902 0.000454 0.000354 0.014422 0.027538 2.044836 2.341548 2.136914 1.699839 0.953193 0.565705 -0.314943 -0.031732 -0.023809 -0.008381 -0.000330 0.000396 0.015324 0.043041 0.790832 -0.145486 -0.437050 -0.424514 -0.318175 -0.143597 0.036944 0.141933
-0.268179 -0.331525 -0.447928 -0.394832 -0.007595 0.000000 0.008312 0.014810 0.057549 0.451139 0.379762 0.256432 -0.013806 -0.031299 -0.005498 -0.015450 -0.025327 -0.028854 -0.000493 0.000071 0.006683 0.021127 -0.023203 -0.013150 -0.006325 -0.000786 -0.001280 -0.001276 0.000000 0.013284 0.077222 0.009576 0.018156 0.020947 0.002248 0.019429 0.306951 0.965602 1.107225 1.278126 0.764689 0.595871 0.165823 -0.285179 -0.042178 -0.013588 -0.014375 -0.000401 0.000555 0.018877 0.029951 0.031643 0.061718 0.122824 -0.024371 -0.017647 0.028931 0.123241 0.445820
-0.247324 -0.155453 -0.155849 -0.417750 -0.013479 0.000001 0.012016 0.017123 0.018716 -0.083344 -0.120627 -0.168434 -0.369787 -0.051921 -0.000481 -0.112146 -0.044928 -0.009035 -0.006230 0.000000 0.007871 0.174807 -0.021874 -0.022961 -0.020160 -0.009276 -0.001163 -0.001385 0.000000 0.031485 0.082499 0.135059 0.197183 0.302443 0.157215 0.416448 1.917205 0.988964 -0.117595 -0.309807 -0.211855 -0.257728 -0.921089 -0.083006 -0.091301 -0.074991 -0.012762 -0.000013 0.009884 0.011621 0.009857 0.019684 0.024045 0.042986 0.490270 0.319488 0.320459 0.282219 0.360379
0.439509 0.300537 0.095453 -0.013871 -0.000381 0.000328 0.007720 0.016671 0.003844 0.034404 0.026346 0.006431 -0.004245 -0.006197 0.002964 -0.376296 -0.055205 -0.008727 -0.000182 0.008248 0.157445 -0.071186 -0.172948 -0.025832 -0.028419 -0.026867 -0.022175 -0.012549 0.000000 0.005836 0.035757 0.099611 0.127366 0.041870 0.141581 0.493547 0.560507 0.498752 -1.522298 -2.155646 -1.871129 -1.435688 -0.058515 -0.027215 -0.025335 -0.016030 -0.001376 0.001332 0.008474 0.021592 0.035617 0.028805 0.026379 0.005078 -0.110824 -0.123889 -0.013359 0.144353 0.264680
1.053031 0.882128 0.565479 -0.016321 -0.000007 0.007950 0.020061 0.023986 0.006495 0.173720 0.129182 0.109633 -0.002037 -0.001845 0.001582 0.192409 0.596038 0.054500 -0.144115 -0.017864 -0.197129 -0.156214 -0.190576 -0.188447 -0.066549 -0.028234 -0.009130 -0.000244 0.005092 0.016780 0.015194 0.002699 0.009073 0.030325 0.006142 0.131707 0.104591 0.021445 0.002760 -0.028683 -0.106976 -0.121207 -0.099545 -0.008142 -0.001535 -0.001796 0.000000 0.010960 0.023515 0.034612 0.034192 0.038458 0.037075 0.075163 0.486652 0.270772 0.246613 0.277390 0.245898
1.125922 0.979391 0.962887 0.153052 0.000149 0.007732 0.028127 0.580406 1.299962 1.329021 1.357985 0.725047 0.582377 0.405145 -0.000426 0.000650 0.084318 -0.031041 -0.157074 -0.229940 -0.042525 -0.062004 -0.070414 -0.124725 -0.046055 -0.106151 -0.024261 -0.000008 0.000877 0.009120 0.038044 0.018377 0.007003 0.018732 0.653456 0.463918 0.190604 -0.000202 -0.000008 0.000661 -0.017833 -0.033830 -0.083160 -0.008649 -0.002503 -0.003953 0.000000 0.007434 0.039882 0.037670 0.044124 0.025824 0.083614 0.033262 -0.246363 -0.360427 -0.348994 -0.270252 -0.224543
2.124087 2.621807 2.377477 1.985844 1.653744 2.521105 1.647355 2.217879 1.663675 0.943212 0.782312 0.646717 0.463876 0.334123 -0.000509 0.000534 -0.156009 -0.144697 -0.149052 -0.023444 -0.055731 -0.059828 -0.495664 -0.168547 -0.039732 -0.002536 -0.004080 0.002260 0.176138 0.662523 0.102436 0.231376 0.179387 0.484388 0.287402 -0.042051 -0.010876 -0.000294 0.000537 0.009458 0.058744 -0.044169 -0.077093 -0.171076 -0.042546 -0.016588 0.000000 0.013599 0.031943 0.044545 0.053923 0.222072 0.102772 0.036802 0.288549 0.660995 1.115677 1.550257 1.885665
1.537267 1.134230 0.997859 0.289744 1.010619 2.726269 1.574332 1.259021 0.638258 0.040810 0.355164 0.359857 0.398762 0.456776 0.464867 0.309345 0.346273 0.087080 -0.000492 -0.303586 -0.044181 -0.053254 -0.435238 -0.137645 -0.026503 -0.000671 -0.000017 0.023156 0.138946 0.088129 0.071678 0.196365 0.160082 0.453038 0.337159 -0.011669 -0.001316 -0.000210 0.001569 0.017138 0.077013 -0.036051 -0.058282 -0.159432 -0.030255 -0.012686 0.000000 0.015629 0.034707 0.054097 0.444293 0.344139 1.472537 2.456783 3.476452 3.630844 3.720910 3.752559 3.246176
1.077001 1.049274 0.663523 0.282089 0.171071 0.235458 3.391045 1.374623 1.394715 1.257840 0.907605 0.669836 0.557118 0.520953 0.469187 1.128583 0.647874 0.408213 0.217305 -0.182004 -0.033442 -0.056581 -0.499290 -0.149580 -0.061378 -0.036195 -0.000446 0.000247 -0.002293 0.000056 0.002488 0.018549 0.077732 0.016086 -0.025207 -0.022927 -0.001390 0.001009 0.001548 0.005995 0.003426 -0.091282 -0.155144 -0.305987 -0.009260 -0.000576 0.007371 0.020548 0.019556 0.422713 2.084772 1.764873 1.678447 1.769571 2.760889 2.082642 1.821875 1.940137 1.735963
0.388361 0.244721 0.234784 0.192483 0.000000 0.170030 0.165019 0.970722 1.076101 2.529871 2.169290 1.617850 1.483534 0.800088 0.520663 0.398158 0.279407 0.190962 0.116133 -0.032035 -0.114536 -0.050153 -0.603639 -0.164395 -0.066884 -0.039863 -0.004956 0.000000 -0.000385 0.006311 0.010274 0.006171 0.002812 0.001164 0.002146 -0.000875 0.000756 0.001728 0.013353 0.009072 0.003512 0.154834 0.253305 0.265395 0.131607 0.095754 0.030799 0.057056 0.193324 0.362529 0.871285 0.361238 0.036635 0.037597 0.034316 -0.008611 -0.039673 0.127091 0.071203
0.073991 0.000444 0.158455 0.134577 0.451613 0.361204 0.320578 0.285546 0.141277 0.461465 0.373901 0.441911 0.608812 0.706856 0.826776 0.677590 0.548861 0.462841 0.329143 0.171398 0.011951 -0.050468 -0.029904 -0.046506 -0.031029 -0.017012 -0.010927 0.000011 0.007613 0.025298 0.013688 0.002529 0.000025 0.006240 0.018353 0.005591 0.004442 0.030741 0.022823 0.063550 0.058610 0.760827 1.030165 1.344856 1.277907 1.468768 1.336238 2.034117 3.957721 2.224791 1.600366 -0.366396 -0.099074 0.023487 0.213741 0.656084 0.135260 -0.281783 -0.065410
0.412843 0.299348 0.324014 0.608359 0.583835 0.799462 0.664836 0.350260 0.002646 -0.101916 -0.189976 -0.099157 0.120411 0.470637 0.596511 0.595491 0.412496 0.318265 0.217419 -0.031912 -0.132255 -0.313149 -0.080560 -0.022684 -0.020968 -0.013365 -0.000331 0.000393 0.019542 0.096254 -0.000116 0.000049 0.000842 0.006905 0.028509 0.009992 0.005252 0.001808 0.031929 0.352373 0.494244 0.811580 0.631055 0.514390 0.058751 0.044710 0.018633 0.018403 0.012591 0.001126 -0.064142 -0.102613 0.006003 0.097562 0.321419 0.410100 0.177366 -0.391918 -0.089905
0.766638 0.663662 0.311653 1.055654 0.602823 0.319654 0.108613 -0.005108 0.000000 0.013769 1.371181 1.162921 1.156382 1.154962 1.513579 1.233692 1.045289 0.844449 0.629858 0.284583 0.146216 -0.019575 -0.012503 -0.009620 -0.007531 -0.000554 -0.000247 0.000569 -0.071154 -0.018968 -0.000172 0.000343 0.028235 0.054251 0.017389 0.006404 0.003340 0.000302 0.002063 0.312008 0.417342 0.451282 0.074925 -0.301721 -0.031261 -0.008059 -0.000459 0.001141 0.000420 0.006974 0.020636 0.037561 0.138103 0.228435 0.318960 0.233761 0.109075 0.004858 -0.096293
0.737968 0.270417 0.226935 0.551596 0.475181 0.271378 0.093823 -0.041562 0.000075 0.010324 0.054806 -0.006855 0.101495 0.216245 0.236747 0.199537 0.168523 0.017367 0.005709 -0.121023 -0.421931 -0.033313 -0.020901 -0.019742 -0.008204 -0.000323 -0.000036 0.000321 -0.084998 -0.005878 0.000000 0.005877 0.014945 0.060201 0.101180 0.047263 0.126228 0.048840 0.241108 0.520185 1.101760 0.573514 -0.015934 0.000042 -0.006830 -0.057414 -0.022698 -0.000798 0.000102 0.010052 0.029398 0.045354 0.147780 0.325814 0.463899 0.002075 0.007433 0.023375 -0.000932
0.080409 0.091177 0.195305 0.881228 0.965127 0.759558 0.864560 0.513749 0.503144 0.966429 0.883270 0.726289 0.748375 0.782036 0.705158 0.419016 0.541690 0.363479 0.279786 0.130728 0.016898 -0.011099 -0.036544 -0.013275 -0.009909 -0.000341 -0.000010 0.000339 -0.080122 -0.005878 0.000000 0.005877 0.019696 0.023334 0.074266 0.035005 0.227847 0.493254 0.660289 0.755835 0.555462 -0.015046 -0.000000 0.000477 0.000643 -0.003165 -0.035715 -0.012166 0.000000 0.028636 0.051902 0.099962 0.055589 -0.364928 -0.014553 -0.000139 0.000134 0.000954 0.000300
0.052242 0.057778 0.074051 0.204664 0.126036 0.092452 0.030687 -0.000184 0.002618 -0.054055 -0.232050 -0.197058 -0.062859 0.091542 0.218336 0.228653 0.294692 0.188992 0.122570 -0.035578 -0.448831 -0.003503 -0.006744 -0.017288 -0.023186 -0.015714 -0.000001 0.000908 -0.005171 -0.000211 -0.000090 0.000284 0.013727 0.032370 0.079854 0.038865 0.190278 0.366564 0.214090 -0.027774 -0.064982 -0.018371 -0.000003 0.005982 0.029858 0.002875 0.000580 0.003394 0.031076 0.021310 0.077087 0.071354 -0.287982 -0.658315 -0.011949 -0.000420 0.000045 -0.000184 -0.000181
0.023208 0.055127 0.410811 0.037963 -0.142728 -0.034946 -0.001854 0.000163 0.025284 0.053680 0.438943 0.024696 -0.018175 0.033286 0.068621 0.140065 0.132327 0.124032 0.135871 0.134372 0.050183 0.022459 0.010939 -0.313733 -0.052331 -0.011975 -0.000000 0.020192 -0.001059 -0.006172 -0.024161 -0.036925 0.000641 0.021621 0.037431 0.060002 0.008714 0.002868 -0.160320 -0.158619 -0.101135 -0.049809 -0.000208 0.000326 0.001108 0.001499 0.000741 0.019891 0.057370 0.023916 0.029051 0.052893 0.450642 -1.036980 -0.832975 -0.067970 -0.001983 -0.001321 -0.000554
0.016301 0.064141 0.431733 0.096849 -0.098142 -0.088004 -0.023531 -0.000034 0.000500 0.000426 0.011593 0.041119 -0.017680 -0.153389 -0.156445 -0.146042 -0.153945 -0.165438 -0.260430 -0.142442 -0.162403 -0.252305 -0.386689 -0.648763 -0.050824 -0.017643 -0.000000 0.028562 0.750203 -0.091195 -0.043440 -0.035663 -0.027389 0.000070 0.006082 0.002270 0.000505 -0.000233 -0.202374 -0.133659 -0.125132 -0.076602 -0.001376 -0.005780 -0.013555 -0.000752 -0.001162 0.000717 0.000845 0.010242 0.030896 0.059267 0.688395 -1.634701 -1.474285 -0.890206 -0.049295 -0.001596 -0.001871
