use_cases/Flooding_chicago/flooding_data/output/hUx_2220.asc
ncols 337
nrows 393
xllcorner 428428.000000
yllcorner 4602440.000000
cellsize 26.757400
NODATA_value -9999.000000
[rows 104 to 129 of 393, columns 177 to 235 of 337]
-0.179171 -0.177051 -0.235948 -0.459840 -0.015720 -0.001285 -0.009132 -0.004142 0.000000 0.003070 0.002095 0.013959 0.023045 0.053679 0.471755 0.404630 0.976137 1.547135 1.472718 1.402400 1.130504 0.843827 0.621529 0.529056 0.310428 0.291028 0.269126 0.199534 0.240946 0.186965 0.191393 0.258589 0.205481 0.254229 0.190190 -0.000001 0.008850 0.292932 0.693590 0.159972 0.096826 0.137723 0.659744 0.736970 0.435565 -0.106164 0.002652 0.004162 -0.739104 -0.272606 0.000027 0.024740 0.000398 0.006299 0.105879 1.345254 0.307065 0.293658 0.217907
0.000301 0.039922 0.041488 0.040683 0.069958 0.048072 -0.050883 -0.022517 -0.006613 -0.000034 0.000688 0.008634 0.070418 1.129194 1.589686 1.591558 1.644591 1.808617 2.071009 1.660895 1.397739 1.106387 0.882779 0.756201 0.715843 0.700164 0.805532 0.539995 0.431083 0.105427 0.139112 0.156136 0.014510 -0.494183 -0.006027 -0.000058 0.000792 0.009945 0.188739 0.100523 0.052869 0.086462 0.527791 0.779292 0.304826 -0.000360 0.000360 0.013427 0.753183 0.591925 0.756545 0.758771 0.521672 0.441817 0.419950 2.804157 1.278191 1.388510 1.535574
-0.000017 0.009152 0.021578 0.466417 0.944989 1.039327 1.192886 0.739523 -0.152874 -0.019177 0.000020 0.008579 0.065655 0.758480 0.320820 0.147996 -0.210069 -0.612088 -0.751926 -0.503538 -0.421055 -0.432914 -0.482973 -0.406555 -0.383658 -0.159417 0.098079 0.198398 0.097887 -0.000809 0.000192 -0.102621 -0.030971 -0.024840 -0.011398 0.000022 0.013470 0.019918 0.085396 0.034307 0.040422 0.025624 0.102223 0.019559 -0.023450 -0.000360 0.000360 0.245513 0.920008 0.584349 0.004903 0.001313 0.136754 0.252708 0.323026 0.557082 0.551223 0.421535 0.491220
-0.000709 -0.000217 0.000143 0.147563 0.435436 0.731435 0.908085 1.561090 1.813288 1.652382 1.577313 1.335619 2.122452 1.354729 0.644064 0.265332 -0.323376 -0.961200 -1.584009 -1.669124 -1.725852 -1.342377 -0.914074 -0.640886 -0.435668 -0.316570 -0.254656 -0.369152 -0.019733 -0.012027 -0.000367 -0.000411 -0.008242 -0.003399 0.001595 0.000862 0.010287 0.021433 0.060417 0.096610 0.021792 0.015684 0.592074 0.729096 0.645359 0.861761 0.991928 0.654192 1.314320 1.227432 1.228497 0.838803 0.615136 0.632875 1.167565 0.281638 -0.142286 -0.001243 0.004249
-0.069058 -0.006465 0.000000 0.119966 0.390041 0.381243 0.217296 0.571048 0.593097 0.205357 0.668888 0.594045 0.354833 -0.008105 -0.000424 -0.000299 0.000001 0.004058 0.008853 0.001270 0.131034 0.655449 1.889459 0.919393 0.810990 0.687185 -0.055317 -0.040198 -0.030226 -0.032346 -0.006922 -0.000165 0.000116 0.008697 0.029963 0.048464 0.093114 0.141425 0.449998 0.230886 0.263183 0.837086 1.353545 1.559321 1.321762 1.646047 0.968301 1.999316 1.634005 1.376292 1.195328 1.306214 1.451493 1.948556 1.857318 1.049229 0.469815 0.001322 0.002990
-0.365595 -0.089305 0.000000 0.280488 0.711044 0.072112 0.085865 0.065144 0.042052 -0.004256 -0.012363 -0.008154 -0.000855 -0.010975 -0.007875 -0.000663 0.000068 0.000711 0.007074 0.016507 0.025606 0.199838 0.652182 -0.031964 -0.037075 -0.052982 -0.047923 -0.018763 -0.001219 -0.003146 -0.000441 -0.000549 -0.000103 0.000604 0.010947 0.038487 0.029820 0.023565 0.034533 0.412218 0.439157 1.350753 1.820559 1.266460 1.475897 0.811959 0.627257 0.320947 0.105945 0.024102 0.007818 0.380104 0.656315 1.398643 1.355615 0.773491 0.557050 0.170282 0.010047
-0.005536 0.307640 0.038100 0.521539 0.324106 0.075278 -0.081100 -0.086905 -0.009214 -0.030769 -0.014384 -0.008360 -0.000682 -0.000250 -0.000267 -0.000418 0.000446 0.000787 0.007107 0.027353 0.054655 0.267079 0.172888 -0.012159 -0.005095 -0.001688 -0.017463 -0.018569 0.000001 -0.005874 -0.001483 -0.004553 -0.000544 0.000304 0.000573 0.007208 0.026034 0.026144 0.071911 0.421698 0.532511 0.829755 0.627271 0.194341 -0.039148 -0.008545 -0.000003 -0.000071 -0.000095 0.000402 0.009685 0.166093 0.260021 0.803466 0.584810 0.290912 0.248408 0.000823 0.003798
0.108899 0.718557 1.032450 0.953383 0.618278 0.000000 0.000628 0.001232 -0.011593 -0.041678 -0.014295 -0.008215 -0.000406 0.000312 0.000649 0.000455 0.000443 0.000452 0.011130 0.045569 0.059130 -0.205892 -0.021825 -0.014775 -0.000583 -0.000846 -0.001222 -0.001738 0.000019 0.006026 0.000579 -0.001071 -0.000105 0.000237 0.000352 0.013319 0.020512 0.041646 1.109363 1.325206 1.231392 1.255703 0.449848 -0.091061 -0.023173 -0.005267 -0.000201 0.000022 0.000006 0.009527 0.028937 0.208036 0.766555 0.360396 0.217430 0.221755 0.299185 0.272782 0.276716
-0.051151 -0.022889 -0.032936 -0.150344 -0.009158 0.000000 0.009808 0.029363 0.049775 0.016391 -0.000436 -0.053260 -0.006264 -0.000194 0.000075 0.000366 -0.002075 -0.001106 0.008924 0.009113 0.019443 -0.885612 -0.019461 -0.010323 -0.001051 -0.000416 -0.000245 0.000247 0.000440 0.021465 0.021810 0.004076 0.000902 0.000454 0.000354 0.014422 0.027538 1.658393 2.051311 2.014750 1.565681 0.820863 0.554114 -0.123150 -0.031733 -0.023809 -0.008381 -0.000330 0.000396 0.015324 0.043041 0.124050 0.306243 -0.031545 -0.037973 0.130346 0.425206 0.688734 0.712535
-0.271843 -0.313427 -0.398216 -0.210884 -0.007595 0.000000 0.008312 0.014809 0.055320 0.333929 0.298377 0.260159 0.074557 -0.031548 -0.005499 -0.015450 -0.025326 -0.028854 -0.000493 0.000071 0.006683 0.020741 -0.023203 -0.013150 -0.006325 -0.000786 -0.001280 -0.001276 0.000000 0.013284 0.077222 0.009576 0.018156 0.020947 0.002248 0.019429 0.155422 0.939157 0.998180 1.383489 0.778929 0.587813 0.151670 -0.125400 -0.042178 -0.013588 -0.014376 -0.000401 0.000555 0.018877 0.029951 0.031643 0.041584 0.788876 0.689224 0.183813 0.167434 0.240605 0.978425
-0.298015 -0.185204 -0.165310 -0.221884 -0.013479 0.000001 0.012016 0.017122 0.018738 -0.112096 -0.167254 -0.250194 -0.387111 -0.052426 -0.000481 -0.083364 -0.044927 -0.009034 -0.006230 0.000000 0.007871 0.173272 -0.021875 -0.022961 -0.020160 -0.009277 -0.001163 -0.001385 0.000000 0.031485 0.082498 0.135060 0.197184 0.302444 0.157214 0.411419 1.741424 1.095653 0.026145 -0.218730 -0.185308 -0.304277 -0.965133 -0.083009 -0.091298 -0.074991 -0.012762 -0.000013 0.009884 0.011622 0.009857 0.019683 0.024113 0.030061 0.040866 0.551243 0.515630 0.435741 0.615810
0.229017 0.157776 -0.003543 -0.012990 -0.000381 0.000328 0.007720 0.016855 0.003891 0.022396 0.011077 -0.022085 -0.003954 -0.006112 0.002707 -0.189191 -0.034629 -0.008521 -0.000182 0.008278 0.155132 -0.071188 -0.170487 -0.025839 -0.028420 -0.026866 -0.022175 -0.012549 0.000000 0.005836 0.035756 0.099613 0.127366 0.041870 0.141580 0.491631 0.540746 0.664300 -1.173725 -1.997411 -1.776589 -1.179019 -0.058427 -0.027215 -0.025336 -0.016030 -0.001376 0.001332 0.008474 0.021591 0.035617 0.028805 0.026388 0.005079 0.026199 0.644361 0.594037 0.701136 0.852638
0.834586 0.718061 0.452688 -0.013020 -0.000007 0.007950 0.020060 0.014360 0.002716 0.105701 0.092413 0.072848 -0.001745 -0.001060 0.001606 0.137439 0.486726 -0.006230 -0.021429 -0.016916 -0.196711 -0.156115 -0.190659 -0.186729 -0.066550 -0.028234 -0.009130 -0.000244 0.005092 0.016781 0.015195 0.002699 0.009073 0.030325 0.006142 0.131706 0.104591 0.021445 0.002760 -0.028284 -0.107020 -0.120981 -0.099361 -0.008142 -0.001535 -0.001796 0.000000 0.010960 0.023515 0.034612 0.034193 0.038457 0.037086 0.070940 0.045720 0.511466 0.293660 0.250755 0.183847
0.809038 0.721345 0.714716 -0.032937 -0.000000 0.007226 0.025138 0.632790 0.902600 0.856582 0.896668 0.419253 0.339523 0.219865 -0.000086 0.000875 0.143876 0.123718 -0.113137 -0.159044 -0.040558 -0.061465 -0.070171 -0.124038 -0.046055 -0.106151 -0.024261 -0.000008 0.000876 0.009120 0.038045 0.018377 0.007003 0.018732 0.653457 0.463921 0.190603 -0.000202 -0.000008 0.000661 -0.017722 -0.033748 -0.083046 -0.008649 -0.002503 -0.003953 0.000000 0.007433 0.039882 0.037670 0.044125 0.025823 0.070634 0.026711 -0.153059 -0.408749 -0.427655 -0.339400 -0.285261
1.877240 2.250402 1.947548 1.530067 1.195118 1.903265 1.247129 1.694209 1.192647 0.604400 0.498997 0.400618 0.288013 0.192043 -0.000260 0.000480 -0.017626 -0.088681 -0.059432 -0.018676 -0.050882 -0.058939 -0.496753 -0.166354 -0.039735 -0.002537 -0.004080 0.002260 0.176137 0.662525 0.102435 0.231376 0.179387 0.484387 0.287406 -0.042050 -0.010876 -0.000294 0.000537 0.009458 0.058782 -0.044018 -0.076922 -0.170859 -0.042546 -0.016588 0.000000 0.013599 0.031942 0.044545 0.052299 0.144975 0.061953 0.022330 0.089599 0.378609 0.771576 1.152165 1.533534
0.978812 0.703818 0.587227 0.085743 0.590120 1.628644 0.962308 0.817302 0.330656 0.002025 0.192027 0.195779 0.199130 0.202558 0.169404 0.063907 -0.341882 -0.146467 -0.197124 -0.093328 -0.040052 -0.056966 -0.446623 -0.135001 -0.026511 -0.000671 -0.000017 0.023156 0.138947 0.088129 0.071678 0.196364 0.160082 0.453038 0.337158 -0.011669 -0.001316 -0.000210 0.001569 0.017138 0.077157 -0.035859 -0.058135 -0.159257 -0.030256 -0.012686 0.000000 0.015629 0.034708 0.054099 0.314364 0.216966 1.025075 1.772154 2.181051 2.817305 2.907038 2.990859 2.609936
0.640811 0.604159 0.350176 0.092526 0.034683 0.105730 2.378477 0.829116 0.798978 0.583174 0.321050 0.189694 0.137740 0.127049 0.095534 0.154481 0.039405 -0.144513 -0.473358 -0.082779 -0.029525 -0.057562 -0.507195 -0.147043 -0.061381 -0.036195 -0.000446 0.000247 -0.002293 0.000055 0.002488 0.018549 0.077732 0.016085 -0.025207 -0.022927 -0.001390 0.001009 0.001548 0.005995 0.003426 -0.090912 -0.154764 -0.305616 -0.009260 -0.000576 0.007371 0.020547 0.019592 0.287735 2.064814 1.663588 1.530977 1.425142 2.703629 1.940085 1.375574 1.406543 1.079932
0.178278 0.080256 0.073694 0.055554 0.000000 0.082916 0.078416 0.600158 0.684091 1.117553 1.844013 1.024009 0.791948 0.224509 0.204391 0.527149 0.461941 0.369331 0.173416 -0.042035 -0.078558 -0.048634 -0.603104 -0.162241 -0.066885 -0.039863 -0.004956 0.000000 -0.000384 0.006312 0.010273 0.006171 0.002812 0.001164 0.002146 -0.000875 0.000755 0.001728 0.013354 0.009073 0.003512 0.154976 0.253543 0.265177 0.131225 0.095379 0.030635 0.056910 0.136989 0.512206 1.027099 0.475671 0.039398 0.014602 0.055908 0.375999 -0.341091 -0.541153 -0.013207
0.030412 0.000270 0.045012 0.034297 0.209161 0.181648 0.164696 0.139361 0.054427 0.558585 1.371660 0.884116 0.888481 0.850932 0.850918 0.608178 0.499857 0.367367 0.002335 -0.132373 -0.073493 -0.093480 -0.028905 -0.046076 -0.031029 -0.017013 -0.010927 0.000011 0.007613 0.025298 0.013688 0.002529 0.000025 0.006240 0.018353 0.005592 0.004442 0.030740 0.022823 0.063537 0.058473 0.760850 1.030214 1.344563 1.277269 1.467898 1.335297 2.032445 3.759243 2.147078 1.656596 -0.205809 -0.044812 0.002459 0.069524 0.139768 0.030274 -0.506305 -0.045270
0.204734 0.114250 0.109536 0.250150 0.332381 0.498653 0.398542 0.149937 0.000000 0.024801 0.384219 0.451493 0.506297 1.125767 1.172217 1.127246 0.750544 0.543614 0.249558 -0.079348 -0.069352 -0.156265 -0.065712 -0.022684 -0.020968 -0.013365 -0.000331 0.000393 0.019544 0.096255 -0.000116 0.000049 0.000842 0.006905 0.028509 0.009992 0.005252 0.001808 0.031939 0.351843 0.492052 0.808519 0.629255 0.512953 0.058494 0.044529 0.018555 0.018368 0.010828 0.000930 -0.024776 -0.027967 0.006419 0.017391 0.110358 0.130909 0.069418 -0.150933 -0.080969
0.269142 0.256630 0.111194 0.359714 0.220741 0.108286 -0.044460 -0.004915 0.000000 0.008009 0.503967 0.505442 0.591414 0.738318 1.241451 1.106042 0.982713 0.631142 0.130459 -0.135068 -0.397452 -0.019575 -0.012503 -0.009621 -0.007531 -0.000554 -0.000247 0.000569 -0.071156 -0.018968 -0.000172 0.000343 0.028235 0.054252 0.017389 0.006404 0.003340 0.000301 0.002064 0.311931 0.416955 0.450854 0.074653 -0.301336 -0.031261 -0.008059 -0.000459 0.001141 0.000420 0.006974 0.020521 0.033161 0.102273 0.054576 0.060790 0.055904 0.033259 -0.011082 -0.093410
0.576951 0.089517 0.071052 0.174079 0.177169 0.065115 -0.063697 -0.109837 0.000049 0.006633 0.437340 0.288218 0.351235 0.426287 0.345079 0.329451 0.454446 0.191007 0.016334 -0.396027 -0.028297 -0.033311 -0.020900 -0.019742 -0.008204 -0.000323 -0.000036 0.000321 -0.085003 -0.005878 0.000000 0.005878 0.014945 0.060202 0.101180 0.047262 0.126042 0.048765 0.241538 0.521056 1.103740 0.574914 -0.015946 0.000042 -0.006830 -0.057414 -0.022698 -0.000798 0.000102 0.010052 0.029396 0.041361 -0.181312 -0.059499 0.013079 -0.000002 0.005218 0.022197 -0.001143
0.080398 0.088871 0.116961 0.657106 0.727492 0.537876 0.594959 0.258429 0.206086 0.278578 0.664714 0.598118 0.602614 0.588234 0.422362 0.146555 0.334858 0.073056 -0.128493 -0.440970 -0.029713 -0.011098 -0.036544 -0.013276 -0.009909 -0.000341 -0.000010 0.000339 -0.080121 -0.005878 0.000000 0.005878 0.019696 0.023334 0.074266 0.035005 0.227801 0.493132 0.659088 0.754254 0.554247 -0.015041 -0.000000 0.000477 0.000643 -0.003165 -0.035714 -0.012166 0.000000 0.028636 0.051899 0.081555 0.481024 0.197043 -0.007755 -0.000140 0.000135 0.000954 0.000300
0.052242 0.057778 0.049213 0.125203 0.091889 0.092879 0.054934 -0.000182 0.002578 0.107175 0.121327 0.003648 0.035389 0.099257 0.148008 0.113598 0.117026 -0.047043 -0.172968 -0.533687 -0.032014 -0.003503 -0.006743 -0.017288 -0.023186 -0.015714 -0.000001 0.000908 -0.005171 -0.000211 -0.000090 0.000284 0.013727 0.032372 0.079854 0.038865 0.190246 0.367117 0.214196 -0.027605 -0.064991 -0.018371 -0.000003 0.005982 0.029858 0.002875 0.000580 0.003394 0.031076 0.021310 0.077086 0.071355 0.378010 0.085554 -0.004074 -0.000420 0.000045 -0.000184 -0.000182
0.023208 0.055127 0.424983 0.090441 -0.065710 -0.028165 -0.001861 0.000164 0.024945 0.041590 0.052445 0.106742 0.039795 0.026927 0.000069 0.103592 0.116286 0.178072 0.194694 0.207310 -0.005728 -0.009080 -0.026029 -0.098680 -0.052426 -0.011974 -0.000000 0.020192 -0.001043 -0.006171 -0.024159 -0.036922 0.000641 0.021621 0.037431 0.060003 0.008714 0.002868 -0.160186 -0.158620 -0.101134 -0.049809 -0.000208 0.000326 0.001108 0.001499 0.000741 0.019890 0.057370 0.023916 0.029051 0.052893 0.058385 0.052795 -0.058890 -0.009352 -0.001983 -0.001320 -0.000554
0.016301 0.064141 0.425316 0.118172 -0.050927 -0.081688 -0.023614 -0.000034 0.000501 0.000426 0.011269 0.026484 0.020306 0.001666 0.000776 0.075868 -0.056295 0.088131 0.124239 0.095049 0.055730 0.008361 -0.098652 -0.097272 -0.051146 -0.017643 -0.000000 0.028562 0.750233 -0.091159 -0.043439 -0.035661 -0.027387 0.000070 0.006082 0.002270 0.000504 -0.000233 -0.202364 -0.133661 -0.125133 -0.076602 -0.001376 -0.005780 -0.013555 -0.000752 -0.001162 0.000717 0.000845 0.010242 0.030896 0.059267 0.114816 0.308773 -0.569532 -0.104693 -0.039280 -0.001596 -0.001871
