use_cases/Flooding_chicago/flooding_data/output/hUx_780.asc
ncols 337
nrows 393
xllcorner 428428.000000
yllcorner 4602440.000000
cellsize 26.757400
NODATA_value -9999.000000
[rows 208 to 233 of 393, columns 177 to 235 of 337]
-0.001668 -0.000024 0.005962 0.002246 0.001963 0.041482 0.026345 -0.000830 -0.000163 0.000143 0.008701 0.042507 0.133215 0.075436 0.189964 0.363142 0.241697 0.106866 0.145361 0.655078 0.681370 0.709959 0.829566 0.888661 0.787592 0.525916 -0.007947 -0.000222 0.000222 0.054938 0.066503 0.057446 0.131687 -0.097901 -0.324714 -0.430174 -0.477095 -0.007381 0.000000 0.015491 0.082472 -0.000731 -0.004130 -0.012793 -0.010763 -0.010883 -0.009791 -0.010632 -0.000000 0.020143 0.339570 0.124597 0.036714 -0.061748 -0.332255 -0.027108 -0.002843 0.000492 0.002430
-9999.000000 -0.000717 -0.000600 0.000000 0.011442 0.254385 0.231976 0.210786 0.066799 0.110303 0.821577 0.034515 0.089974 0.077385 0.164137 0.081250 0.153540 0.346269 0.198539 0.421442 0.600519 0.508927 0.454075 0.368658 -0.064589 -0.218745 -0.231305 -0.000286 0.001130 0.142926 0.135466 0.117048 0.072685 0.121184 -0.192261 -0.347793 -0.312547 -0.403270 -0.000320 0.000388 -0.033467 -0.086298 -0.007435 -0.000034 0.008208 0.059337 0.023178 0.030371 0.018471 0.014282 0.095078 -0.063244 -0.212177 -0.207552 -0.325474 -0.021033 -0.001320 0.000616 0.014110
-9999.000000 -0.000024 0.000002 0.000000 0.010945 0.214965 0.200392 0.206524 0.078730 0.128256 0.079906 0.202172 0.171331 0.136237 0.081322 0.032569 0.059672 0.027722 0.095304 0.228146 0.239720 0.114241 0.075464 0.078660 0.064886 0.208881 0.221356 0.395414 0.546360 0.423460 0.268324 0.177307 0.107347 0.047217 0.050343 -0.205031 -0.354817 -0.580236 -0.089060 0.000008 -0.030722 -0.049429 -0.012038 -0.000853 0.000308 0.001353 0.002560 0.030779 0.027843 0.018569 0.005742 -0.057059 -0.166535 -0.167484 -0.305661 -0.011473 -0.000499 0.000359 0.049207
-9999.000000 -9999.000000 -0.000881 -0.000066 0.000725 0.038263 -0.000487 0.000315 0.060990 0.137503 0.056952 0.168351 0.159882 0.146237 0.108941 0.046287 0.062669 0.028383 0.045699 0.214361 0.121348 0.060331 0.034137 0.061689 0.068713 0.152631 0.055886 -0.003465 -0.004921 0.002459 0.006037 0.011201 0.034810 0.019335 0.054258 0.118432 0.096873 -0.093153 -0.071826 -0.020061 0.031630 0.076351 -0.009144 -0.002033 -0.000741 0.001391 0.008492 0.004908 0.029883 0.247536 0.265642 0.240268 0.347198 0.309960 0.132720 0.106611 0.101021 0.097136 0.645012
-9999.000000 -9999.000000 -9999.000000 -0.020927 -0.093254 -0.045161 -0.001335 0.000358 0.001179 0.065511 0.249395 0.190082 0.168759 0.156005 0.111409 0.185090 0.272051 0.375679 0.595005 0.408371 0.244810 0.109848 0.042106 0.095886 0.129329 0.119531 0.038679 -0.003050 -0.005518 0.007424 0.011408 0.073464 0.130312 0.476503 0.214169 0.184089 0.024099 -0.064008 -0.104165 -0.066273 -0.007204 -0.005569 -0.129215 -0.036085 -0.000632 0.000522 0.002161 0.009682 0.193969 0.231156 0.183457 0.201685 0.176199 0.129191 0.423105 0.698370 0.503788 0.571067 0.742845
-9999.000000 -9999.000000 -9999.000000 -0.030005 -0.083567 -0.033765 -0.000898 -0.000433 0.000874 0.008367 0.019244 0.088190 0.020394 0.012188 0.001075 0.085446 0.267508 0.250852 0.070032 0.093072 0.006818 -0.093525 -0.168641 0.151543 0.484514 0.099605 0.029542 -0.002836 -0.002024 0.013879 0.013833 0.050019 0.097154 0.407841 0.494541 0.389462 -0.015370 -0.061693 -0.124165 -0.130092 -0.145426 -0.007681 -0.000926 -0.000240 0.000101 0.000314 0.014923 0.138491 0.186866 0.017103 -0.065479 0.012742 0.006251 0.247895 0.699630 0.640865 0.889941 0.761584 0.656966
-9999.000000 -9999.000000 -9999.000000 -9999.000000 -0.000530 0.000000 -0.013726 -0.049885 -0.009931 -0.000005 0.004743 0.010787 0.034511 0.000442 0.019861 0.085254 0.187393 0.000773 0.003087 0.002215 0.001034 0.001908 0.058397 -0.184887 -0.499327 -0.050110 -0.002063 0.000418 0.007353 0.006135 0.004159 0.000912 0.000004 0.009031 0.169200 0.033457 -0.001290 -0.000133 0.001250 -0.088708 -0.154547 -0.000868 -0.001480 -0.000518 -0.000236 0.000422 0.000415 0.005005 0.007076 0.003219 -0.000239 0.076064 0.664479 2.283772 1.686728 1.311072 1.087148 0.924232 0.980268
-9999.000000 -9999.000000 -9999.000000 -9999.000000 -9999.000000 -0.004990 -0.008005 -0.026734 -0.006692 -0.000222 0.000222 0.005483 0.023521 0.006695 0.004000 0.012020 0.026999 0.010478 0.007020 0.003574 0.001422 0.016857 0.433392 0.244194 -0.349352 -0.061968 -0.008605 -0.002991 0.014123 0.006316 0.009734 -0.000116 0.000307 0.017245 0.512977 -0.001313 -0.002259 -0.000604 0.001814 -0.136580 -0.352512 -0.340361 -0.331823 -0.010624 -0.000007 0.002082 0.005552 0.008604 0.004136 0.000009 0.010354 0.284818 0.863236 2.139611 0.106586 0.020154 -0.008203 -0.024654 -0.116080
-9999.000000 -9999.000000 -9999.000000 -9999.000000 -9999.000000 -9999.000000 -0.026047 -0.065485 -0.014605 -0.005200 0.000005 0.006503 0.028197 0.010046 0.006965 0.002566 0.003871 0.013648 0.031242 0.007665 0.043234 0.021290 0.505525 0.174426 -0.168481 -0.139220 -0.034334 -0.178743 -0.023303 -0.079063 -0.005878 0.000000 0.005878 0.012822 0.416637 -0.006848 -0.011616 -0.005771 0.004460 0.009629 0.008468 -0.252355 -0.371511 -0.415789 -0.290014 -0.233510 -0.000911 -0.000793 -0.005605 0.000180 0.001081 0.151897 0.296820 0.179455 -0.000291 -0.000065 0.000727 0.001791 0.010788
-9999.000000 -9999.000000 -9999.000000 -9999.000000 -9999.000000 -9999.000000 -0.012396 -0.023820 -0.026371 -0.000110 0.000061 -0.003482 -0.006250 -0.004622 0.003730 0.002135 0.027022 0.045113 0.069767 0.173030 0.093601 0.307411 0.554276 -0.318157 -0.096940 -0.051113 -0.065311 -0.051871 -0.052547 -0.119438 -0.005878 0.000000 0.005878 0.012822 0.598086 -0.013320 -0.020970 -0.006175 0.008680 0.015717 0.017397 0.096462 0.565073 0.018192 -0.140469 -0.257439 -0.008354 0.001027 0.003428 0.005291 0.002902 0.150358 0.138012 0.092303 -0.005981 0.000003 0.015110 0.048849 0.079962
-9999.000000 -9999.000000 -9999.000000 -9999.000000 -9999.000000 -9999.000000 -9999.000000 -0.003981 0.000000 -0.026693 -0.096519 -0.050489 -0.008195 -0.010137 -0.006727 0.000000 0.007906 0.037901 0.094826 0.137986 0.058244 0.110653 -0.003599 -0.049062 -0.054905 -0.083409 -0.078149 -0.062813 -0.242744 -0.093054 -0.115954 0.000000 0.026793 0.107816 0.122138 -0.038835 -0.056781 0.034388 0.254573 0.198556 0.209469 0.051096 0.066721 0.019159 0.021927 -0.154281 -0.072186 0.000682 0.021417 0.011126 0.481846 0.323515 0.030749 -0.033694 -0.000326 0.000208 0.039735 0.084906 0.067327
-9999.000000 -9999.000000 -9999.000000 -9999.000000 -9999.000000 -9999.000000 -9999.000000 -9999.000000 0.000000 0.069351 -0.159319 -0.027341 -0.008179 -0.011962 -0.009789 0.000015 0.014922 0.023389 0.056648 0.007631 0.003891 -0.004204 -0.015454 -0.035271 -0.066125 -0.062980 -0.052962 0.061147 0.233564 0.169980 -0.027860 0.000000 0.012557 0.036366 -0.010700 -0.045378 -0.041740 -0.018674 -0.007499 -0.037611 -0.076987 0.054920 0.040871 0.016904 0.006193 -0.002101 0.000660 0.008403 0.063579 0.443234 0.180486 -0.036492 -0.174480 -0.045952 -0.025707 0.051077 0.035063 0.025430 0.009317
-9999.000000 -9999.000000 -9999.000000 -9999.000000 -9999.000000 -9999.000000 -9999.000000 -9999.000000 -9999.000000 -0.116738 -1.480967 -0.293210 -0.005259 -0.008106 -0.000569 0.000467 0.018248 0.039662 0.037192 0.005783 0.005297 -0.002035 -0.008164 -0.003319 0.004927 0.124995 0.144441 0.206612 0.027214 0.008641 -0.005373 0.000000 0.005373 0.014132 0.033807 -0.021159 0.112670 0.100142 -0.024267 -0.198605 -0.174996 -0.087751 -0.096710 -0.000428 -0.005347 -0.002910 0.012890 0.029322 0.011917 -0.003237 -0.002553 -0.135743 -0.415253 -0.508169 0.000718 0.020145 0.000002 0.001234 0.001649
-9999.000000 -9999.000000 -9999.000000 -9999.000000 -9999.000000 -9999.000000 -9999.000000 -9999.000000 -9999.000000 -9999.000000 0.000000 -0.037290 -0.109919 -0.026002 -0.000457 0.000528 0.003909 0.001984 0.004749 0.003718 0.013415 -0.000941 -0.017353 -0.013268 0.002739 0.010452 0.123542 0.545095 -0.283342 -0.017281 -0.005473 0.000000 0.005473 0.016644 0.023706 0.026464 0.122357 0.100200 0.121934 0.405878 0.196892 0.136107 -0.125227 -0.005503 -0.000046 0.007313 -0.005138 0.000831 0.004658 -0.025582 -0.040742 -0.003585 0.033487 0.163524 0.070410 -0.004274 0.000067 0.009661 0.015237
-9999.000000 -9999.000000 -9999.000000 -9999.000000 -9999.000000 -9999.000000 -9999.000000 -9999.000000 -9999.000000 -9999.000000 -9999.000000 0.000000 -0.001762 -0.006156 -0.000016 0.000484 0.001352 0.016293 0.015526 0.010377 0.012563 -0.001995 -0.026082 -0.034005 -0.034504 -0.031988 -0.051890 -0.131260 -0.081105 -0.007879 -0.000848 0.000000 0.000848 0.009064 0.029925 0.044227 0.107250 0.124864 0.175729 0.099483 0.011330 -0.176043 -0.165003 -0.021254 -0.012309 -0.000263 0.000445 0.009247 0.019167 0.005478 -0.049123 -0.033784 0.034125 0.118508 0.080226 -0.000194 0.001428 0.015693 0.021370
-9999.000000 -9999.000000 -9999.000000 -9999.000000 -9999.000000 -9999.000000 -9999.000000 -9999.000000 -9999.000000 -9999.000000 -9999.000000 -9999.000000 -0.000222 0.000222 0.007775 0.022309 -0.004087 -0.005360 0.006927 0.009495 0.002625 0.000008 0.004832 0.068962 -0.040647 -0.084889 -0.106817 -0.045386 -0.056208 -0.001207 -0.000474 -0.000400 0.000572 0.003237 0.031398 0.057593 0.090090 -0.000597 -0.002794 -0.001838 -0.036364 -0.064709 -0.033385 -0.040370 -0.023801 -0.005806 -0.003491 -0.006861 -0.000408 0.000409 -0.192266 -0.432092 -0.214543 0.116499 -0.000460 0.000277 0.018072 0.036902 0.093625
-9999.000000 -9999.000000 -9999.000000 -9999.000000 -9999.000000 -9999.000000 -9999.000000 -9999.000000 -9999.000000 -9999.000000 -9999.000000 -9999.000000 -9999.000000 -9999.000000 -9999.000000 -9999.000000 -9999.000000 -0.000458 -0.000641 -0.001134 -0.000491 0.000258 0.009577 0.025040 -0.012926 -0.041524 -0.072778 -0.122975 -0.170672 -0.186930 -0.136763 -0.166603 -0.015859 0.000000 0.010044 0.043529 0.064335 -0.051424 -0.014065 -0.021883 -0.027589 -0.043046 -0.057790 -0.046733 -0.024607 0.002253 0.004175 -0.004119 -0.000862 0.000928 -0.095422 -0.253895 -0.130069 0.003502 -0.000792 0.000202 0.025157 0.043549 0.095087
-9999.000000 -9999.000000 -9999.000000 -9999.000000 -9999.000000 -9999.000000 -9999.000000 -9999.000000 -9999.000000 -9999.000000 -9999.000000 -9999.000000 -9999.000000 -9999.000000 -9999.000000 -9999.000000 -9999.000000 -9999.000000 -9999.000000 -9999.000000 -0.001027 -0.000014 0.001022 0.002270 0.001487 -0.041414 -0.061399 -0.102200 -0.151828 -0.184680 -0.137089 -0.156452 -0.014768 0.000000 0.017363 0.074534 0.203728 -0.152306 -0.023525 -0.047538 -0.060070 -0.073827 -0.091074 -0.197866 -0.140627 0.016393 0.034059 0.018898 -0.001034 0.002610 0.017637 0.501955 0.129858 -0.459877 -0.042354 -0.000292 0.000947 0.029112 0.045039
-9999.000000 -9999.000000 -9999.000000 -9999.000000 -9999.000000 -9999.000000 -9999.000000 -9999.000000 -9999.000000 -9999.000000 -9999.000000 -9999.000000 -9999.000000 -9999.000000 -9999.000000 -9999.000000 -9999.000000 -9999.000000 -9999.000000 -9999.000000 -9999.000000 -0.000279 0.000684 0.001996 0.001786 0.013531 0.004217 -0.001580 -0.001745 0.003357 0.026760 -0.058090 -0.017415 0.000015 0.021489 0.079865 -0.093241 -0.219458 -0.282472 -0.051467 -0.064946 -0.067549 -0.072475 -0.185569 -0.236660 -0.341396 -0.271258 -0.012536 0.000007 0.026057 0.060975 0.538013 0.180171 -0.388583 -0.030195 -0.000224 0.001538 0.029545 0.032194
-9999.000000 -9999.000000 -9999.000000 -9999.000000 -9999.000000 -9999.000000 -9999.000000 -9999.000000 -9999.000000 -9999.000000 -9999.000000 -9999.000000 -9999.000000 -9999.000000 -9999.000000 -9999.000000 -9999.000000 -9999.000000 -9999.000000 -9999.000000 -9999.000000 -0.000011 0.007054 0.164194 -0.001489 -0.002338 -0.001407 -0.001370 0.000079 0.023885 0.015755 0.002950 -0.000718 0.000357 0.023694 0.033523 0.110379 0.137626 -0.024026 -0.005279 -0.002583 0.001946 0.005159 0.005358 -0.050476 -0.041025 0.027755 -0.002412 0.000103 0.002491 0.031896 0.450041 -0.015734 -0.030747 -0.009667 -0.000005 0.016456 0.021013 0.031215
-9999.000000 -9999.000000 -9999.000000 -9999.000000 -9999.000000 -9999.000000 -9999.000000 -9999.000000 -9999.000000 -9999.000000 -9999.000000 -9999.000000 -9999.000000 -9999.000000 -9999.000000 -9999.000000 -9999.000000 -9999.000000 -9999.000000 -9999.000000 -9999.000000 -9999.000000 -0.174182 -0.162296 -0.176647 -0.017232 -0.001557 -0.000079 0.001541 0.021269 -0.000489 -0.000777 -0.001040 0.000520 0.001162 0.035802 0.177720 0.044595 -0.004493 -0.011719 -0.002646 0.005662 0.011643 0.014254 0.009006 -0.190524 -0.033899 -0.005176 0.000230 0.005452 0.017752 -0.302507 -0.175871 -0.013809 -0.007686 -0.000208 0.000326 0.014131 0.029112
-9999.000000 -9999.000000 -9999.000000 -9999.000000 -9999.000000 -9999.000000 -9999.000000 -9999.000000 -9999.000000 -9999.000000 -9999.000000 -9999.000000 -9999.000000 -9999.000000 -9999.000000 -9999.000000 -9999.000000 -9999.000000 -9999.000000 -9999.000000 -9999.000000 -9999.000000 0.000000 -0.055138 -0.154759 -0.049270 -0.019362 -0.000000 0.012854 0.049311 -0.050738 -0.004861 0.024719 -0.000230 0.000512 0.034395 0.123238 0.091841 0.000021 0.002124 0.002883 0.004123 0.005354 0.005496 0.009467 -0.342903 -0.073280 -0.009230 -0.001111 0.009948 0.005368 0.016153 0.032619 -0.013603 -0.007326 -0.000003 0.005981 0.014448 0.019228
-9999.000000 -9999.000000 -9999.000000 -9999.000000 -9999.000000 -9999.000000 -9999.000000 -9999.000000 -9999.000000 -9999.000000 -9999.000000 -9999.000000 -9999.000000 -9999.000000 -9999.000000 -9999.000000 -9999.000000 -9999.000000 -9999.000000 -9999.000000 -9999.000000 -9999.000000 0.000000 0.004032 -0.005372 -0.023411 -0.008514 -0.000005 0.007515 0.026208 0.147809 0.067609 0.099760 0.107838 0.088737 0.058147 0.090062 0.028188 0.000481 0.000430 0.000515 0.001279 0.001437 0.001013 0.030746 -0.127724 -0.105350 -0.016256 -0.013477 0.000000 0.015109 0.059276 0.036881 -0.259175 -0.049112 0.000013 0.015791 0.055087 0.633183
-9999.000000 -9999.000000 -9999.000000 -9999.000000 -9999.000000 -9999.000000 -9999.000000 -9999.000000 -9999.000000 -9999.000000 -9999.000000 -9999.000000 -9999.000000 -9999.000000 -9999.000000 -9999.000000 -9999.000000 -9999.000000 -9999.000000 -9999.000000 -9999.000000 -9999.000000 -9999.000000 0.000000 -0.008739 -0.030575 -0.012284 -0.000172 0.000488 0.016429 0.014906 0.001431 0.002387 0.031007 0.031654 0.276140 0.034003 0.011896 0.006392 0.001558 0.001541 0.003055 0.003097 0.002177 0.011081 0.035403 -0.050699 -0.004110 0.000241 0.000000 0.017100 0.102300 0.159150 -0.055388 -0.000881 0.000274 0.020536 0.059541 0.410416
-9999.000000 -9999.000000 -9999.000000 -9999.000000 -9999.000000 -9999.000000 -9999.000000 -9999.000000 -9999.000000 -9999.000000 -9999.000000 -9999.000000 -9999.000000 -9999.000000 -9999.000000 -9999.000000 -9999.000000 -9999.000000 -9999.000000 -9999.000000 -9999.000000 -9999.000000 -9999.000000 0.000000 -0.009937 -0.033940 -0.012792 -0.000004 0.017039 0.015463 0.004877 0.001575 0.019209 0.192192 0.155022 0.080231 -0.086153 -0.001001 -0.000440 0.000676 0.001351 0.004862 0.007121 0.004307 0.001874 0.001193 0.000966 0.078330 0.083065 0.047401 0.017432 0.112716 0.221496 -0.167849 -0.006059 0.000000 0.027236 0.063930 0.048178
-9999.000000 -9999.000000 -9999.000000 -9999.000000 -9999.000000 -9999.000000 -9999.000000 -9999.000000 -9999.000000 -9999.000000 -9999.000000 -9999.000000 -9999.000000 -9999.000000 -9999.000000 -9999.000000 -9999.000000 -9999.000000 -9999.000000 -9999.000000 -9999.000000 -9999.000000 -9999.000000 -9999.000000 -0.037713 -0.046489 -0.014052 -0.000000 0.012035 0.010128 -0.000360 0.000360 0.026660 0.110677 0.019199 0.001867 -0.003407 -0.001775 -0.002321 0.000759 0.000654 0.012087 0.010392 0.150653 -0.000765 0.000412 0.000800 0.224541 0.178373 0.481209 0.473544 1.191389 0.506081 -0.071956 -0.152910 -0.000530 0.001176 0.015043 0.053744
