use_cases/Flooding_chicago/flooding_data/output/hUx_1260.asc
ncols 337
nrows 393
xllcorner 428428.000000
yllcorner 4602440.000000
cellsize 26.757400
NODATA_value -9999.000000
[rows 156 to 181 of 393, columns 177 to 235 of 337]
0.107985 0.253141 0.666374 0.292003 0.067496 -0.177543 0.000090 0.392456 0.480905 0.028297 -0.942205 -0.040413 -0.000175 -0.001920 -0.015800 -0.010803 -0.007304 0.000000 0.005878 0.257663 0.872626 0.774684 -0.010705 -0.000248 -0.000688 -0.010802 -0.010345 -0.001135 -0.001451 -0.000735 -0.000103 0.000103 0.009532 0.016674 0.118886 0.103909 0.032320 0.063447 0.056178 0.081614 -0.475537 -0.839128 -0.244511 -0.014187 -0.008183 -0.001867 -0.000486 0.000213 0.002510 0.025166 0.038551 0.025444 0.003137 0.011561 0.062797 -0.139916 -0.019790 -0.005680 -0.000001
0.141857 0.076125 0.081361 0.541609 0.039351 -0.087315 -0.000870 -0.034180 0.111417 -0.313627 -0.163316 -0.065460 -0.003978 -0.011711 -0.032082 -0.027212 -0.012839 0.000000 0.005878 0.196457 0.470153 0.516236 -0.014326 -0.000218 -0.000113 0.000059 -0.000294 -0.001986 -0.010370 -0.003946 -0.000222 0.000222 0.009981 0.016123 0.153379 0.072649 0.046414 0.097415 0.561300 0.229680 -0.912914 -3.085941 -2.480013 -1.327128 -0.056145 -0.016389 -0.000788 0.000398 0.017560 0.038366 0.007156 0.018485 0.034413 0.028125 0.101477 -0.133986 -0.023560 0.000000 0.002522
0.249821 0.588220 0.020736 0.058182 0.892182 0.302445 0.000000 -1.230536 -2.015903 -2.172208 -0.236959 -0.245340 -0.195190 -0.056388 -0.020582 -0.001524 -0.001047 0.001450 0.021544 0.068284 0.283878 0.237448 -0.009163 -0.003663 0.000000 0.005350 0.016263 0.068783 -0.073026 -0.014409 -0.000140 0.000139 0.019514 0.289633 0.617814 0.131229 0.101336 0.188687 0.086732 0.020661 0.049512 0.230725 0.233324 -0.230549 -0.081285 -0.021959 -0.000833 0.000147 0.000419 0.001090 0.002672 0.007357 0.015938 0.029255 0.025284 -0.032390 -0.013378 -0.000971 0.000623
0.002695 -0.001634 -0.000186 0.032325 0.003345 -0.006124 -0.000000 0.008190 0.216975 -0.177860 -0.057883 -0.008015 -0.014258 -0.000925 -0.001982 -0.000920 -0.000184 0.000798 0.016409 -0.434164 -0.763875 -1.430299 -0.020473 -0.009247 -0.000067 0.000464 0.007735 0.044059 -0.000255 -0.001218 -0.000009 0.000116 0.012642 0.355046 0.273659 0.218522 0.124153 0.088001 0.059108 0.025754 0.066020 0.198116 0.921546 0.328005 -0.091884 -0.027165 -0.000581 -0.000260 0.000176 0.000347 0.025218 0.033996 0.007213 0.005412 0.001735 -0.000063 -0.000457 0.000050 0.011458
-0.000941 -0.000004 -0.002363 -0.038136 -0.061383 -0.008022 -0.000000 0.006555 0.060874 -0.019073 -0.001726 -0.000160 -0.000019 -0.000129 0.000133 0.029261 0.045938 0.019265 0.007585 -0.130559 -0.169370 -0.246344 -0.427056 -0.015737 -0.004177 0.000009 0.009810 0.068689 0.017369 0.008689 0.002197 0.000694 0.013181 0.334080 0.363236 0.292455 0.360445 0.125299 0.060980 0.047701 0.229869 0.649447 0.993831 -0.046495 -0.026009 -0.016557 -0.006973 -0.000393 0.000331 0.008224 0.015222 0.022649 0.003311 0.001731 -0.002654 -0.000820 -0.000155 0.000246 0.007163
-0.000372 -0.000054 -0.007256 -0.012940 -0.078831 -0.015849 -0.000000 0.008818 0.059509 0.058491 0.003383 0.009366 0.002563 -0.000049 0.000581 0.009470 0.095116 0.187427 0.178500 1.096393 0.612725 0.672538 0.555928 -0.153572 -0.006099 -0.000140 -0.000058 0.006710 0.004903 0.002732 0.001088 0.010698 0.355426 0.626360 0.487624 0.371275 0.086615 0.044800 0.028773 0.035456 0.440875 0.964520 1.139153 -0.106028 -0.018751 -0.009848 -0.007928 -0.000569 0.000247 0.000554 0.010991 0.072309 -0.123257 -0.052680 -0.001188 0.000113 0.000191 0.013359 -0.150106
-0.001717 -0.002132 -0.002884 -0.004496 -0.033519 -0.009464 -0.000001 0.006453 0.022144 -0.013831 0.027447 0.034521 0.009951 0.002380 0.016012 0.036444 0.019879 0.002040 0.008033 -0.127813 -0.050889 -0.065890 -0.000367 0.169880 0.227123 -0.000878 -0.004442 -0.014257 -0.001662 0.009155 0.009076 0.034152 0.226056 0.098312 0.000191 -0.000504 -0.000282 0.000006 0.036086 0.257632 0.786527 1.193911 0.482290 -0.037656 -0.005776 -0.000889 -0.000923 -0.000292 0.000031 0.000292 0.016346 1.395208 0.902709 0.439331 -0.000062 0.000112 -0.001608 -0.211233 -0.275129
-0.000007 0.000985 0.001176 -0.000340 -0.041464 -0.010756 -0.000037 0.000626 0.007439 0.029950 -0.022508 -0.000618 -0.000637 0.000326 0.000718 0.000622 0.000483 0.010114 0.028349 1.516236 0.783218 0.572720 0.543877 0.468880 0.452961 0.327130 0.283253 -0.014976 -0.011252 0.012564 0.020537 0.350312 1.332924 0.362767 -0.002217 -0.012797 -0.004803 0.000311 0.011057 0.417883 0.887505 0.930365 0.044873 -0.002572 -0.001202 0.000560 -0.000670 -0.000206 0.000002 0.000236 0.012523 0.130940 0.188993 0.130304 0.147365 0.124750 -0.076352 -0.350531 -0.189864
-0.000149 0.000199 -0.002134 -0.001772 0.001212 0.000060 0.000257 0.023986 0.474011 -0.118215 -0.317364 -0.300157 -0.000026 -0.003317 -0.000405 -0.000151 0.000334 0.008813 0.016419 0.090320 -0.366573 -0.935964 -0.998234 -0.853039 -0.596601 -0.328563 -0.289908 -0.160014 -0.012062 0.005052 0.017229 -0.239802 -0.056622 -0.080146 -0.015564 -0.007242 0.000003 0.008326 0.014572 0.589544 0.350876 0.023148 0.018844 0.010074 0.011542 0.125739 0.296717 -0.016662 -0.000118 0.000185 0.245280 1.573827 0.949765 0.848410 0.731676 0.466611 0.455845 0.405269 0.314295
-0.001841 0.000021 -0.004183 -0.005611 -0.000870 0.000105 0.001789 0.043554 0.490175 0.020685 -0.384997 -0.613746 -0.092521 0.015027 0.073613 0.059413 0.001383 0.015366 0.020672 -0.329491 -0.118518 -0.159132 -0.271814 -0.252743 -0.296164 -0.132749 -0.055816 -0.085882 -0.013189 0.000148 0.004465 0.001758 -0.192079 -0.124395 -0.010996 -0.000326 0.000208 0.006796 0.555480 0.453913 0.373773 0.232506 0.103797 0.000014 0.030520 0.325516 0.299070 0.261531 0.120049 0.080278 0.270062 1.940145 0.744974 0.712650 0.592322 0.501538 0.419264 0.396959 0.395777
-0.003093 -0.000155 0.000145 0.000803 0.002567 0.003925 0.007173 0.020503 0.048613 0.491200 0.822994 0.037829 -0.151432 -0.289437 -0.195934 -0.048349 0.000434 0.019458 0.056978 0.147340 0.071030 0.212547 0.037545 -0.118959 -0.174230 -0.301681 -0.428662 -0.036144 -0.016062 -0.000135 0.000072 0.005382 0.010784 -0.109045 -0.008368 -0.000123 0.000140 0.013213 0.866915 0.801743 0.198085 0.000699 -0.000451 0.000316 0.010030 0.027817 0.084729 0.055432 0.119357 0.115805 0.310135 0.926219 -0.399404 -0.288116 -0.119738 -0.101812 -0.085438 0.006991 0.080845
-0.011175 -0.000113 0.000261 0.017015 0.035401 0.006107 0.007299 0.032835 0.079391 0.124902 0.032031 -0.000098 0.000113 0.007061 -0.101622 -0.138442 0.000017 0.027872 0.040837 0.288767 0.219337 0.356194 0.164441 0.080866 0.022050 -0.011232 -0.119824 -0.066644 -0.020275 -0.000798 0.000092 0.010717 0.016780 0.013923 -0.095617 -0.000002 0.150721 0.315077 0.576820 0.463309 -0.097473 -0.011782 0.000000 0.003934 0.002987 0.001162 0.011166 0.183393 0.138676 0.111082 0.264105 1.560956 0.012200 -0.000341 -0.141359 -0.107062 0.132281 0.199038 0.183289
-0.008289 -0.000002 0.007734 0.020241 0.001980 0.000280 0.012614 0.043902 0.025928 -0.014313 -0.007706 -0.000084 0.000228 0.012086 0.023829 0.012289 0.037973 0.016906 0.318574 1.193222 0.391548 -0.045971 -0.006719 0.000000 -0.000370 -0.000262 -0.001151 -0.019801 -0.025607 -0.010960 0.000000 0.003663 0.010043 0.395132 0.353377 0.436265 0.222073 0.238429 0.196215 0.099106 0.037296 -0.013951 -0.017435 -0.008408 -0.000355 0.000444 0.008982 0.019181 0.139833 0.020480 -0.090547 -0.101156 -0.000629 0.000075 0.005700 0.013003 -0.016464 -0.022030 -0.011198
-0.006831 -0.000141 0.000225 0.000133 -0.000233 0.000102 0.005649 0.017373 0.014168 0.001127 0.000632 0.001257 0.001063 0.009912 0.020158 0.085258 0.000059 0.006517 0.149525 0.387907 0.322850 -0.162165 -0.007759 0.000001 -0.000156 -0.000256 -0.000117 0.000441 0.002025 0.001253 0.000313 0.072938 0.490260 0.430364 0.301475 0.039800 0.000073 0.008698 0.123053 0.065676 -0.040438 -0.017635 -0.020782 -0.014133 -0.000538 0.001085 0.015695 0.024925 0.023293 0.002706 0.009015 -0.042522 -0.008461 -0.000144 0.000523 0.000363 -0.007166 0.027576 0.046432
-0.010086 -0.000015 0.008638 0.000958 -0.006539 0.000000 0.003663 0.009783 0.010698 0.001848 0.004897 0.009889 0.002044 0.012688 0.020201 0.004211 0.001548 0.000787 0.152404 0.546198 0.330456 -0.067756 -0.001146 0.000044 -0.000044 -0.000063 0.000094 0.013931 0.036886 0.145809 0.063162 0.071535 0.068980 0.082660 -0.069453 -0.008165 0.001658 0.006828 -0.384810 -0.386937 -0.529956 -0.047979 -0.001473 -0.000794 0.001449 0.002252 0.010985 0.022372 0.005588 0.002081 0.074473 0.003671 -0.255019 -0.005447 -0.000326 0.000208 0.006364 0.177903 0.146987
-0.000791 -0.000368 0.000832 0.002420 0.002160 0.000918 0.000683 0.009372 0.016455 0.021255 0.015716 0.041157 0.000069 0.009670 0.019997 0.018979 0.002390 0.000805 0.197215 0.163914 0.157647 0.030371 -0.015357 -0.001659 -0.000478 0.000139 0.000436 0.008976 0.041589 0.271218 0.723449 0.097088 0.025186 0.004780 0.000817 0.000577 0.020488 0.232473 0.696205 0.123676 -0.512823 -0.072741 -0.002365 0.001088 0.003199 0.001758 0.018639 0.557420 -0.000214 0.000696 0.118125 0.327167 0.069079 0.104924 -0.005982 0.000003 0.006034 0.833317 0.265465
-0.008752 -0.000502 0.000507 0.004346 0.002644 0.005279 0.022143 0.024961 0.025177 0.024295 0.002593 -0.008282 0.000001 0.019509 0.030213 0.112408 0.061836 0.971567 1.432170 1.011861 0.928381 -0.084442 -0.047518 -0.024337 -0.006148 0.000000 0.003663 0.020252 0.070166 0.079154 0.010705 -0.000133 -0.000034 0.000567 0.001142 0.011279 0.168889 0.402876 1.085883 0.362144 -0.443611 -0.064259 -0.000725 0.000863 0.003657 0.001729 -0.446820 -0.605365 -0.327336 0.000032 0.183863 0.261113 -0.211258 -0.513380 -0.096211 0.000000 0.022788 0.740881 0.228525
-0.015842 -0.007133 0.000018 0.010643 0.022848 0.029540 0.022242 0.018789 0.037018 0.986950 0.901554 0.484605 -0.000074 0.001335 0.097769 0.086136 0.105411 0.937988 0.957139 0.874737 0.308087 0.104810 -0.033894 -0.000429 0.000181 0.000671 0.000619 0.016918 0.028260 -0.016062 -0.005595 -0.000051 0.001524 0.006545 0.012966 0.035692 0.300519 0.433779 0.368464 0.190515 0.074198 -0.019716 -0.000208 0.000875 0.031017 0.015913 0.841703 1.183402 0.936545 0.547855 0.419975 0.201698 0.067402 0.019181 0.061191 0.026788 0.529575 0.509467 0.439129
-0.024122 -0.005630 0.000000 0.008640 0.021737 0.033838 0.098422 1.544605 1.634588 1.630768 1.412575 0.971421 0.944206 0.730928 0.506191 1.049964 1.136508 1.245194 0.955836 0.504353 -0.024607 -0.001134 -0.001416 -0.000009 0.006222 0.001396 -0.011337 -0.002867 -0.026767 -0.006884 -0.000151 0.000065 0.019435 0.061815 0.105818 0.032877 0.268665 0.234424 0.057709 0.006988 -0.004115 -0.006586 0.000772 0.005599 0.078349 0.270067 0.187783 0.086550 0.019583 -0.056104 -0.010915 -0.000214 0.000188 0.001045 0.203519 0.686690 0.380324 0.246699 -0.009750
-0.003089 -0.000140 0.000219 0.007140 0.024805 0.056518 0.938244 1.438399 1.055485 0.554886 1.103006 0.886196 0.929607 1.410835 0.917300 0.999101 0.948386 0.684455 -0.000242 -0.000126 0.000444 0.000369 0.001123 0.041291 0.356476 0.413700 0.408490 0.343702 -0.067019 -0.015942 -0.004189 0.000000 0.012088 0.026493 0.156923 0.674333 0.513192 0.000422 -0.000064 -0.001936 0.002286 0.007243 0.010190 0.026358 0.024626 0.016148 -0.000142 -0.000094 0.000202 0.000564 0.000933 0.001077 0.001049 0.007161 0.360597 0.696830 0.199807 -0.057545 -0.050885
0.029758 0.004492 0.006657 0.392264 0.114377 0.459687 0.919810 0.687885 -0.000005 0.004817 0.014548 0.003418 0.507958 1.753479 1.987834 1.660711 1.509133 0.850366 -0.000222 0.000222 0.012662 0.103538 0.047257 0.100809 0.299172 0.239836 -0.229567 -0.910981 -0.028764 -0.025380 -0.012266 0.000000 0.007912 0.019616 0.122163 0.044371 0.046354 0.010636 -0.000096 0.001467 0.021025 0.002910 0.021555 -0.000122 0.000138 -0.000181 0.000247 0.000817 0.008610 0.015125 0.013221 0.003144 0.001479 0.028129 0.244749 -0.000400 0.000327 -0.005679 -0.009826
0.247366 0.184767 0.137096 0.729162 0.281716 0.354267 0.299958 -0.024250 -0.000222 0.000222 0.003946 0.523504 0.559063 0.410659 0.192342 0.065082 0.022799 0.012049 -0.000171 0.000105 0.054950 0.131171 0.132651 0.188096 0.292932 0.222667 0.094502 -0.108497 -0.033649 -0.015413 -0.000471 0.000023 0.006879 0.009450 0.014062 0.049984 -0.001168 -0.000154 0.000267 0.015178 0.051839 -0.086308 -0.019102 -0.007840 -0.000058 0.000592 0.008280 0.013988 0.016735 0.017818 0.019645 0.002619 0.000995 0.301439 0.275143 -0.000574 0.000404 0.133772 0.158645
0.275364 0.381458 1.232949 0.515904 0.268481 0.153281 0.157336 0.121958 0.001848 0.000536 0.001729 0.452206 0.279869 -0.012058 -0.000123 0.000075 0.000980 0.009247 0.093632 -0.104103 -0.120423 -0.029799 -0.299966 -0.335349 -0.352537 -0.490648 -0.988817 -0.027431 -0.007007 -0.000990 -0.000088 0.000137 0.008627 0.017640 0.021768 0.065084 -0.010508 -0.000590 0.000115 0.008936 0.016140 -0.001443 -0.016172 -0.000360 0.000360 0.006387 0.013523 0.025895 0.030218 0.032710 0.096886 0.468090 0.368953 0.405746 0.641545 0.634741 0.368523 0.677514 0.498873
0.053320 0.224277 0.421598 0.023436 0.129801 0.079690 0.280205 0.435941 0.447076 0.595313 1.013559 0.703342 0.013471 0.001615 -0.000049 0.000636 0.007913 0.021417 0.114208 0.037944 0.102996 0.241817 0.149801 0.134319 0.189860 0.069890 -0.114408 -0.019637 -0.006258 -0.000029 0.005438 0.020498 0.027112 0.077048 0.591177 0.267471 0.173009 -0.001685 -0.002420 0.000000 0.008478 0.001275 -0.007771 -0.000360 0.000360 0.014725 0.025784 0.022081 0.074391 0.123038 0.207583 0.570399 0.454171 0.509212 0.941344 0.931571 1.162163 0.789033 0.510463
0.023028 0.042495 1.021226 0.437413 0.140617 -0.020718 -0.087107 -0.105698 -0.112069 -0.185549 -0.234395 -0.008798 -0.000569 0.000247 0.000554 0.006009 0.012487 0.002972 0.062172 -0.012944 0.062422 0.310675 0.208980 0.180423 0.155991 0.085228 -0.091948 -0.025336 -0.003956 -0.000392 0.001394 0.024953 0.054512 0.021770 0.155983 -0.242049 -0.439435 -0.047474 -0.008557 0.000000 0.005712 0.011107 0.001928 0.000241 0.000446 0.005642 0.044039 0.132349 0.052784 0.095674 0.159576 0.160504 0.804265 1.233440 0.969272 0.818461 1.275886 1.016114 0.955556
0.036702 0.038449 0.047450 0.094000 0.484556 0.097808 -0.240240 -0.376699 -0.311366 -0.361766 -0.399688 -0.007055 -0.000393 0.000331 0.010444 0.025430 0.045418 0.004550 -0.036655 0.018628 0.135808 0.129111 0.049889 -0.154968 -1.151322 -1.603198 -0.017866 -0.001963 -0.001720 0.000260 0.001323 0.031543 0.092260 0.581859 0.209129 0.019402 -0.065605 -0.008633 -0.009475 -0.000065 0.000593 0.007821 0.036626 0.003685 0.000741 0.007859 0.047400 0.043223 0.064607 0.015317 0.021627 0.425161 0.305905 0.359793 0.110121 -0.106626 -0.241549 -0.184585 -0.210619
