use_cases/Flooding_chicago/flooding_data/output/hUx_960.asc
ncols 337
nrows 393
xllcorner 428428.000000
yllcorner 4602440.000000
cellsize 26.757400
NODATA_value -9999.000000
[rows 52 to 77 of 393, columns 236 to 294 of 337]
-0.006861 -0.000569 0.000247 0.000554 0.004163 0.004646 -9999.000000 -9999.000000 -9999.000000 -9999.000000 -9999.000000 -9999.000000 -9999.000000 -9999.000000 -9999.000000 -9999.000000 -9999.000000 -9999.000000 -9999.000000 -9999.000000 -9999.000000 -9999.000000 -9999.000000 -9999.000000 -9999.000000 -9999.000000 -9999.000000 -9999.000000 -9999.000000 -9999.000000 -9999.000000 -9999.000000 -9999.000000 -9999.000000 -9999.000000 -9999.000000 -9999.000000 -9999.000000 -9999.000000 -9999.000000 -9999.000000 0.000010 0.020107 0.053881 0.015362 0.000372 -0.001035 -0.000546 -0.001108 -0.001396 -0.000520 0.000236 0.018611 0.017214 0.004895 0.001164 0.001833 -0.001335 -0.018026
-0.006778 -0.000393 0.000331 0.010243 0.019368 0.029295 -9999.000000 -9999.000000 -9999.000000 -9999.000000 -9999.000000 -9999.000000 -9999.000000 -9999.000000 -9999.000000 -9999.000000 -9999.000000 -9999.000000 -9999.000000 -9999.000000 -9999.000000 -9999.000000 -9999.000000 -9999.000000 -9999.000000 -9999.000000 -9999.000000 -9999.000000 -9999.000000 -9999.000000 -9999.000000 -9999.000000 -9999.000000 -9999.000000 -9999.000000 -9999.000000 -9999.000000 -9999.000000 -9999.000000 -9999.000000 -0.000360 0.000360 0.017696 0.044415 0.144490 0.086328 0.031389 -0.002585 -0.021929 -0.012327 -0.001148 -0.000187 0.001072 0.025498 0.099357 0.023808 0.000100 -0.026114 -0.012593
-0.009117 -0.000180 0.000174 0.007008 0.032082 0.036958 -9999.000000 -9999.000000 -9999.000000 -9999.000000 -9999.000000 -9999.000000 -9999.000000 -9999.000000 -9999.000000 -9999.000000 -9999.000000 -9999.000000 -9999.000000 -9999.000000 -9999.000000 -9999.000000 -9999.000000 -9999.000000 -9999.000000 -9999.000000 -9999.000000 -9999.000000 -9999.000000 -9999.000000 -9999.000000 -9999.000000 -9999.000000 -9999.000000 -9999.000000 -9999.000000 -9999.000000 -9999.000000 -9999.000000 -9999.000000 -0.000360 0.000360 0.015267 0.033273 0.027904 0.221305 0.271596 0.167023 -0.143767 -0.041041 -0.020334 -0.000999 0.000955 0.019496 0.121304 0.034310 0.000004 0.001638 -0.077538
-0.039110 -0.000069 0.000067 0.001009 0.003160 0.015430 -9999.000000 -9999.000000 -9999.000000 -9999.000000 -9999.000000 -9999.000000 -9999.000000 -9999.000000 -9999.000000 -9999.000000 -9999.000000 -9999.000000 -9999.000000 -9999.000000 -9999.000000 -9999.000000 -9999.000000 -9999.000000 -9999.000000 -9999.000000 -9999.000000 -9999.000000 -9999.000000 -9999.000000 -9999.000000 -9999.000000 -9999.000000 -9999.000000 -9999.000000 -9999.000000 -9999.000000 -9999.000000 -9999.000000 -9999.000000 -0.002210 0.001038 0.002318 0.010635 0.008697 0.001470 0.004685 0.124329 -0.080716 -0.027441 -0.015788 -0.001160 0.000876 0.016735 0.116035 0.061368 0.038922 0.326794 0.180657
0.065295 0.047561 0.010786 0.061676 0.088858 0.066974 0.021511 0.011572 0.003396 -9999.000000 -9999.000000 -9999.000000 -9999.000000 -9999.000000 -9999.000000 -9999.000000 -9999.000000 -9999.000000 -9999.000000 -9999.000000 -9999.000000 -9999.000000 -9999.000000 -9999.000000 -9999.000000 -9999.000000 -9999.000000 -9999.000000 -9999.000000 -9999.000000 -9999.000000 -9999.000000 -9999.000000 -9999.000000 -9999.000000 -9999.000000 -9999.000000 -9999.000000 -9999.000000 -9999.000000 -0.000680 0.000873 0.012545 0.026224 0.053049 0.003036 -0.015559 0.018662 -0.609524 -0.115838 -0.016972 -0.007429 0.000000 0.011202 0.091881 0.033483 0.195760 -0.205163 -0.216269
0.104040 0.052421 0.104888 0.129175 0.139359 0.072414 0.039990 0.015549 0.005021 -9999.000000 -9999.000000 -9999.000000 -9999.000000 -9999.000000 -9999.000000 -9999.000000 -9999.000000 -9999.000000 -9999.000000 -9999.000000 -9999.000000 -9999.000000 -9999.000000 -9999.000000 -9999.000000 -9999.000000 -9999.000000 -9999.000000 -9999.000000 -9999.000000 -9999.000000 -9999.000000 -9999.000000 -9999.000000 -9999.000000 -9999.000000 -9999.000000 -9999.000000 -9999.000000 0.000000 0.014352 0.025902 0.030604 0.747522 1.035583 0.842681 0.252021 0.086210 -0.199565 -0.201270 -0.010864 -0.000723 0.000557 0.001650 0.001290 -0.000561 0.081160 -0.241497 -0.290006
0.094507 0.041311 0.132750 0.154433 0.127313 0.224057 0.417600 0.259213 0.229025 0.104637 0.029552 -9999.000000 -9999.000000 -9999.000000 -9999.000000 -9999.000000 -9999.000000 -9999.000000 -9999.000000 -9999.000000 -9999.000000 -9999.000000 -9999.000000 -9999.000000 -9999.000000 -9999.000000 -9999.000000 -9999.000000 -9999.000000 -9999.000000 -9999.000000 -9999.000000 -9999.000000 -9999.000000 -9999.000000 -9999.000000 -9999.000000 -9999.000000 -9999.000000 0.000034 0.015381 0.046795 1.146406 0.399612 0.383501 0.409226 0.206625 0.074756 -0.254076 -0.264857 -0.279800 -0.008143 0.000029 0.024075 0.131318 -0.133745 -0.311650 -0.415285 -0.449256
0.004578 0.037497 0.181238 0.086063 0.000000 0.038344 0.019238 0.101404 0.178777 0.075643 -0.060209 -0.004116 -0.000492 -0.000641 0.000000 -9999.000000 -9999.000000 -9999.000000 -9999.000000 -9999.000000 -9999.000000 -9999.000000 -9999.000000 -9999.000000 -9999.000000 -9999.000000 -9999.000000 -9999.000000 -9999.000000 -9999.000000 -9999.000000 -9999.000000 -9999.000000 -9999.000000 -9999.000000 -9999.000000 -9999.000000 -9999.000000 -9999.000000 0.000167 0.023000 0.065812 0.226535 -0.276638 -0.466684 -0.651836 -0.944057 -1.843018 -2.273993 -0.545044 -0.687864 -1.082616 -0.959389 -0.754588 -0.667530 -1.159766 -0.885528 -0.143617 -0.037269
0.007751 0.060119 -0.134652 -0.007200 0.000000 0.009611 0.023351 0.064251 0.127363 0.285439 0.213359 -0.118185 -0.208688 -0.024687 -0.019582 -0.003663 0.000000 -9999.000000 -9999.000000 -9999.000000 -9999.000000 -9999.000000 -9999.000000 -9999.000000 -9999.000000 -9999.000000 -9999.000000 -9999.000000 -9999.000000 -9999.000000 -9999.000000 -9999.000000 -9999.000000 -9999.000000 -9999.000000 -9999.000000 -9999.000000 -9999.000000 0.000000 0.005846 0.008660 0.020036 0.067615 -0.429160 -0.989145 -1.185915 -1.412132 -2.556952 -2.851641 -0.270658 -0.155790 -0.002019 -0.456242 -0.546547 -0.654479 -0.910431 -0.171833 -0.067137 -0.275972
-0.016725 -0.080382 -0.013894 -0.007722 0.000000 0.011861 0.042805 0.266667 0.049860 -0.143308 -0.174364 -0.205197 -0.140197 -0.220923 -0.002392 -0.008566 -0.004032 0.000000 -9999.000000 -9999.000000 -9999.000000 -9999.000000 -9999.000000 -9999.000000 -9999.000000 -9999.000000 -9999.000000 -9999.000000 -9999.000000 -9999.000000 -9999.000000 -9999.000000 -9999.000000 -9999.000000 -9999.000000 -9999.000000 -9999.000000 -0.000945 0.000491 0.029954 0.055801 0.058970 0.051691 -0.146131 -0.231051 -0.384983 -0.346511 -0.521223 -1.354659 -0.101621 -0.072935 -0.011639 -0.000416 0.015138 0.109821 0.028725 -0.042863 -0.073225 -0.204470
-0.105148 -0.107048 -0.015821 -0.007178 0.000000 0.021779 0.043637 0.317280 0.229635 0.228334 0.364290 0.657193 0.328958 -0.100134 -0.000087 0.043089 -0.177466 -0.011743 0.000000 -0.032695 -0.004056 -0.000185 -9999.000000 -9999.000000 -9999.000000 -9999.000000 -9999.000000 -9999.000000 -9999.000000 -9999.000000 -9999.000000 -9999.000000 -9999.000000 -9999.000000 -9999.000000 -9999.000000 -9999.000000 -0.001056 0.001040 0.027955 0.050568 0.061762 0.077675 0.166041 0.255849 0.384294 0.969958 1.005287 0.370845 -0.762838 -0.049283 -0.023564 -0.010133 0.000000 -0.006062 -0.018723 -0.044868 -0.045231 -0.004613
-0.606884 -0.064845 -0.026823 -0.012302 0.000000 0.006565 0.009647 0.019889 0.033334 0.146344 0.000052 -0.004980 -0.024243 -0.066241 -0.418055 -0.470344 -0.372569 -0.213545 -0.012513 -0.019261 -0.051770 -0.007486 -0.000003 0.007574 0.013779 0.003055 -9999.000000 -9999.000000 -9999.000000 -9999.000000 -9999.000000 -9999.000000 -9999.000000 -9999.000000 -9999.000000 -9999.000000 -9999.000000 -0.001231 0.001238 0.031035 0.051420 0.058020 0.099493 0.216659 0.490807 0.360519 0.955371 0.909226 0.719919 0.431876 -0.136982 -0.015686 -0.007804 0.000000 -0.018148 -0.007365 -0.011325 -0.018303 -0.009557
-0.033898 -0.017567 -0.001274 -0.000294 0.000340 0.014678 0.021248 0.026740 0.007212 0.002807 0.001088 0.000475 -0.000584 0.010326 0.687973 0.433972 0.192374 -0.257942 -0.011745 -0.013646 -0.033082 -0.007193 -0.000208 0.000326 0.003250 0.002557 0.001178 0.000480 0.000381 0.000405 0.004649 0.007963 0.015704 -0.024993 -0.020688 -0.016888 -0.008808 0.000000 0.003615 0.001930 0.022282 0.031278 0.134609 0.125685 0.135927 0.092045 -0.053974 -0.072315 -0.352622 -0.690807 -0.239938 -0.223477 -0.120563 -0.033796 -0.042394 -0.012498 -0.016135 -0.060160 -0.032131
-0.019090 -0.007736 -0.000655 0.000447 0.022895 0.031572 0.911375 0.415285 0.280883 0.053756 -0.011716 -0.111325 -0.022217 -0.000018 0.012648 0.195233 0.052374 -0.117557 -0.000360 0.000360 0.012184 0.021823 -0.000056 0.000063 0.011082 0.024844 0.074331 0.043309 0.030549 0.041644 0.015401 0.096016 0.075293 -0.027804 -0.032819 -0.026255 -0.013896 0.000000 0.017327 0.041446 0.053099 0.148429 0.062044 0.027003 0.005925 0.002052 -0.003649 -0.002295 -0.004282 -0.031084 -0.023064 -0.026535 -0.056705 -0.022331 -0.070060 -0.024677 -0.000532 -0.001302 -0.002422
-0.001006 -0.000407 0.000100 0.009619 0.032318 0.130628 0.307121 -0.254309 -0.192400 -0.208168 -0.217351 -0.272733 -0.032351 -0.000463 0.000592 0.007671 0.022624 0.005272 -0.000360 0.000360 0.018873 0.058061 0.007820 0.001323 0.004022 0.090245 0.262176 0.101969 0.092114 0.100375 0.014225 0.014795 -0.065568 -0.023153 -0.022686 -0.020079 -0.013648 0.000000 0.016557 0.033585 0.050201 0.036684 0.004791 0.001897 0.001085 0.000380 -0.041605 -0.010034 -0.000064 -0.047682 -0.050307 -0.056077 -0.024625 -0.013973 -0.000849 -0.001217 -0.000169 -0.000152 0.000308
-0.002372 -0.001774 0.002592 0.007743 0.006642 0.047288 0.901665 0.334116 0.350689 0.375563 0.374679 -0.165919 -0.040567 -0.001168 0.000965 0.000975 0.006707 0.004874 -0.000010 0.000531 0.001941 0.063723 0.239545 0.055395 0.000114 0.001705 0.053702 0.257469 0.018417 0.009011 0.053515 0.028631 -0.227295 -0.168970 -0.031815 -0.023679 -0.007994 0.000000 0.014223 0.021754 0.029454 0.007941 0.002768 -0.004419 -0.000669 -0.000652 -0.002316 -0.003179 -0.001456 -0.000895 -0.001706 -0.004430 -0.023420 -0.024463 -0.026447 -0.014374 -0.005208 0.000005 0.007930
-0.001961 -0.001434 0.002233 0.056596 0.122290 0.113146 0.125792 0.167354 -0.059470 -0.085091 -0.002262 -0.005287 -0.011169 -0.000587 0.000718 0.005104 0.002614 0.304526 0.392954 0.397200 0.764029 0.509795 0.331064 0.208163 -0.000003 0.012147 0.056077 0.022717 0.076509 0.077905 0.080836 0.065503 0.046592 0.000000 -0.105848 -0.022292 -0.020430 0.000000 0.007712 0.021380 0.007489 -0.064709 -0.124189 -0.013323 -0.001489 -0.000768 -0.002164 -0.003646 -0.004543 -0.000330 0.000396 -0.212801 -0.027346 -0.030079 -0.017988 -0.009595 -0.000222 0.000222 0.003946
-0.017540 -0.008768 -0.000375 0.000143 0.014617 0.024798 0.032550 0.024982 -0.030711 -0.000506 -0.000848 -0.000870 0.000028 0.001202 0.001210 0.001933 0.029380 0.380550 0.402519 0.418204 1.264314 1.294843 0.862900 0.591277 -0.000208 0.000326 0.009266 0.054643 0.191528 0.123871 0.102283 0.079081 0.063589 0.021698 -0.004619 -0.020949 -0.008012 0.000000 0.008083 0.699195 0.306310 0.092682 -0.161400 -0.036954 -0.010322 0.000000 -0.002553 -0.004624 -0.005719 -0.000401 0.000555 -0.060897 -0.142021 -0.022031 -0.015161 -0.008610 -0.000005 0.000589 0.000615
-0.012967 -0.023252 -0.010464 -0.000032 0.015093 0.025800 0.027487 0.038095 0.007322 -0.105967 -0.086129 -0.001562 0.000732 0.001401 0.002781 0.003091 0.545609 0.616178 0.601136 0.528310 1.041199 0.801002 0.509867 0.621549 0.057593 0.000854 0.003328 0.002096 0.014886 0.139901 0.077496 0.053104 0.041111 0.165445 0.057467 0.112161 -0.001100 0.000018 0.206326 0.303003 0.230204 0.086548 -0.233172 -0.027468 -0.001516 -0.000923 -0.003466 -0.004478 -0.003543 -0.000013 -0.035612 -0.046597 -0.109273 -0.034803 -0.017098 -0.000329 0.000313 0.000268 -0.000310
-0.047270 -0.029705 -0.011699 -0.000760 0.000113 0.010829 0.027057 0.026172 0.027230 0.101628 0.035869 -0.001010 0.000783 0.011874 0.045370 0.606693 0.698084 0.605378 0.616099 0.494417 0.329287 0.142708 1.089995 0.813368 0.743848 0.444784 0.143754 0.000889 0.001279 0.000679 0.079053 0.443680 -0.259108 -0.611630 -0.796698 -0.562864 -0.048933 -0.006572 -0.118604 -0.452228 -0.467315 -0.351683 -0.264165 -0.219404 -0.005561 -0.011668 -0.034700 -0.001328 0.000239 -0.074766 -0.003831 -0.565470 -0.048017 -0.015854 -0.008779 -0.000008 -0.000391 -0.003553 -0.010140
-0.485658 -0.166075 -0.064418 -0.014622 0.000000 0.008860 0.015699 0.026055 0.038957 0.114189 0.046571 -0.000447 0.000589 0.146873 0.493766 0.119623 0.171947 -0.013353 -0.014953 -0.000194 0.000496 0.013096 0.982594 0.681347 0.574621 0.438792 0.308016 0.046804 0.000045 0.004215 0.072573 0.990957 0.492586 0.390442 0.242341 -0.699918 -0.068833 -0.013945 0.000000 0.011317 -0.132740 -0.477550 -0.750681 -0.668196 -0.289331 -0.332769 -0.108433 -0.197935 0.000014 0.027725 -0.103399 -0.318784 -0.590399 -0.116506 -0.035606 -0.001317 -0.002941 -0.023520 -0.023018
-0.237070 -0.071867 -0.052536 -0.017431 0.000000 0.012314 0.017644 0.019474 0.042775 0.135067 0.063453 -0.000018 0.008223 0.249556 1.160935 0.726252 0.490223 0.146725 -0.033225 -0.000013 0.003809 0.002781 0.029045 0.476004 0.384687 0.227281 0.138447 -0.016359 -0.000003 0.007274 0.044779 0.421416 -0.054794 0.246710 0.294840 -0.028925 -0.016465 -0.005874 0.000005 0.006519 0.034679 -0.041451 -0.512497 -0.721333 -0.452544 -0.574986 -0.743538 -0.369667 -0.561051 -0.562423 -0.882510 -0.530200 -0.042328 -0.038379 -0.032249 -0.000033 -0.053332 -0.017783 -0.001715
-0.000671 -0.010755 -0.026407 -0.018278 0.000000 0.006934 0.031533 0.108323 0.030677 0.176098 0.194192 0.181231 0.433864 0.329785 0.197859 0.619983 0.248638 -0.011209 -0.043952 -0.000401 0.000555 0.008346 0.010285 0.120911 0.087717 0.070878 -0.086386 -0.018702 -0.000208 0.000326 0.005923 0.014130 -0.000334 -0.003060 -0.035340 -0.015990 -0.006039 -0.000222 0.000222 0.003946 0.007775 1.348808 1.275451 0.142891 -0.014693 -0.119995 -0.028322 -0.007847 -0.000145 0.000088 -0.030806 -0.008702 -0.000200 0.000033 0.000894 0.005596 0.019988 -0.026851 -0.007435
-0.000005 0.000263 0.001179 0.000799 0.004903 0.018277 0.020355 0.174859 0.352594 0.308952 0.273816 0.221949 0.105381 0.183013 0.144914 0.133380 0.074604 -0.077168 -0.007523 -0.000330 0.000396 0.008555 0.026266 0.007808 -0.007764 -0.037447 -0.145862 -0.022120 -0.000142 0.000158 -0.418249 -0.012409 -0.006617 0.000000 -0.019220 -0.005247 -0.001437 -0.000276 0.000424 0.009726 0.026327 -0.044742 -0.209482 -0.272871 -0.400026 -0.031331 -0.023072 -0.013833 -0.000299 -0.000187 -0.000117 -0.000918 -0.000222 0.000222 0.008674 0.034066 0.079208 0.070531 0.043727
-0.000222 0.000222 0.007375 0.016155 0.019529 0.024784 0.077304 0.163229 0.052864 0.021952 0.654248 0.147502 0.077537 0.114042 0.058060 0.364767 0.068303 0.000000 0.001313 0.000307 0.006388 0.082504 0.001238 0.001156 0.061359 0.093944 0.235950 0.048748 0.000204 0.000239 0.234159 0.114697 -0.001388 -0.000964 -0.005248 -0.019965 -0.018172 -0.000016 0.017516 0.022942 0.301509 -0.130839 -0.144227 0.000380 -0.630769 -0.057381 -0.026132 -0.007739 -0.000339 0.000240 0.000379 0.001084 0.000181 0.000246 0.001020 0.026023 1.163772 0.963737 1.006783
-0.000070 0.000070 0.008819 0.024677 0.069848 0.119006 0.063141 0.077670 -0.000000 0.029943 0.085304 0.058213 0.327190 0.646221 0.283003 0.236201 -0.011473 -0.000000 0.036660 0.111967 0.257762 0.080909 0.035776 0.007566 0.024578 0.091291 0.251436 0.234135 0.144279 0.058857 0.020086 -0.046201 -0.185166 -0.006027 -0.024129 -0.054265 -0.013710 -0.000001 0.016978 0.045507 0.500929 0.331463 -0.043435 0.000724 -0.505510 -0.058298 -0.021576 -0.012093 -0.000001 0.020208 0.044085 0.060586 0.009457 0.001243 0.000031 0.009342 0.984126 0.410762 0.289199
