use_cases/Flooding_chicago/flooding_data/output/hUx_1080.asc
ncols 337
nrows 393
xllcorner 428428.000000
yllcorner 4602440.000000
cellsize 26.757400
NODATA_value -9999.000000
[rows 156 to 181 of 393, columns 177 to 235 of 337]
0.060442 0.174096 0.515647 0.232027 0.074532 -0.068609 0.000654 0.317760 0.600902 0.170159 -0.632799 -0.038910 -0.000173 -0.001908 -0.015761 -0.010803 -0.007304 0.000000 0.005878 0.045888 0.722068 0.509053 -0.012692 -0.000248 -0.000688 -0.010801 -0.010345 -0.001135 -0.001451 -0.000736 -0.000103 0.000103 0.009532 0.016674 0.118627 0.103652 0.032192 0.063253 0.056021 0.101018 -0.449583 -0.797981 -0.223651 -0.014197 -0.008184 -0.001867 -0.000485 0.000213 0.002510 0.025166 0.038551 0.025445 0.003137 0.011560 0.062797 -0.139917 -0.019790 -0.005680 -0.000001
0.072090 0.040243 0.058865 0.459174 0.294452 -0.026716 -0.000599 -0.126487 0.274369 -0.260098 -0.154163 -0.062417 -0.003952 -0.011632 -0.031971 -0.027212 -0.012839 0.000000 0.005878 0.227991 0.479329 0.494497 -0.014326 -0.000218 -0.000113 0.000059 -0.000294 -0.001986 -0.010370 -0.003946 -0.000222 0.000222 0.009981 0.016123 0.153055 0.072429 0.046247 0.097140 0.552581 0.215036 -0.885268 -3.026459 -2.424779 -1.332860 -0.056281 -0.016389 -0.000789 0.000398 0.017560 0.038365 0.007156 0.018484 0.034412 0.028124 0.101476 -0.133986 -0.023560 0.000000 0.002522
0.197900 0.441830 0.012938 0.043750 0.230180 0.009331 0.000000 -1.247504 -2.171679 -2.135180 -0.224887 -0.234896 -0.188095 -0.055955 -0.020437 -0.001524 -0.001047 0.001450 0.021526 0.046646 0.247933 0.218855 -0.009163 -0.003663 0.000000 0.005350 0.016263 0.068783 -0.073025 -0.014409 -0.000140 0.000139 0.019514 0.288956 0.616523 0.130795 0.100984 0.188227 0.086465 0.020571 0.048463 0.209594 0.259174 -0.192978 -0.081906 -0.021959 -0.000833 0.000147 0.000419 0.001090 0.002672 0.007357 0.015938 0.029232 0.025275 -0.032392 -0.013378 -0.000971 0.000623
0.001949 -0.001759 -0.000213 0.032303 0.003171 -0.006124 -0.000000 0.008190 0.128484 -0.156933 -0.054698 -0.007476 -0.013496 -0.000911 -0.001961 -0.000920 -0.000184 0.000798 0.016375 -0.447240 -0.882342 -1.421228 -0.020472 -0.009247 -0.000067 0.000464 0.007735 0.044058 -0.000255 -0.001218 -0.000009 0.000116 0.012643 0.354192 0.272615 0.217608 0.123725 0.087695 0.058848 0.025634 0.063333 0.189732 0.878678 0.321856 -0.092273 -0.027165 -0.000581 -0.000260 0.000176 0.000347 0.025219 0.033919 0.007198 0.005389 0.001720 -0.000065 -0.000457 0.000050 0.011458
-0.000941 -0.000004 -0.002363 -0.038136 -0.061384 -0.008022 -0.000000 0.006555 0.057985 -0.017693 -0.001599 -0.000313 -0.000137 -0.000126 0.000128 0.028676 0.045213 0.018885 0.007462 -0.114849 -0.206537 -0.216421 -0.105437 -0.016353 -0.004177 0.000009 0.009810 0.068690 0.017369 0.008689 0.002197 0.000694 0.013176 0.333463 0.362315 0.291660 0.359464 0.124895 0.060761 0.047559 0.219336 0.626090 0.905143 -0.159224 -0.026009 -0.016557 -0.006973 -0.000393 0.000331 0.008224 0.015222 0.021699 0.002643 0.000183 -0.002947 -0.000820 -0.000155 0.000246 0.007188
-0.000372 -0.000053 -0.007256 -0.012940 -0.078833 -0.015849 -0.000000 0.008818 0.056274 0.060725 0.002956 0.008188 0.002154 -0.000061 0.000555 0.009327 0.093967 0.192973 0.135576 0.096287 -0.131126 -0.009812 0.034337 -0.054201 -0.005974 -0.000140 -0.000058 0.006710 0.004903 0.002732 0.001088 0.010698 0.354782 0.624939 0.486407 0.370459 0.086270 0.044595 0.028661 0.035360 0.423273 0.939514 1.074420 -0.103501 -0.018752 -0.009848 -0.007928 -0.000569 0.000247 0.000554 0.010991 0.035012 0.014347 -0.016906 -0.001223 0.000112 0.000196 0.007993 0.288280
-0.001717 -0.002132 -0.002884 -0.004496 -0.033519 -0.009464 -0.000001 0.006453 0.023397 -0.011670 0.025700 0.031119 0.008770 0.002109 0.015587 0.035873 0.019570 0.001985 0.007903 0.053704 0.137138 0.143275 0.364020 0.500515 0.430184 -0.000845 -0.004400 -0.014303 -0.001714 0.009102 0.009043 0.034029 0.225515 0.097696 0.000189 -0.000504 -0.000282 0.000006 0.036032 0.249466 0.764975 1.166388 0.442161 -0.037175 -0.005776 -0.000889 -0.000923 -0.000292 0.000031 0.000292 0.016346 0.713450 1.162162 0.283078 -0.000063 0.000378 0.000365 -0.911969 -1.096360
-0.000007 0.000985 0.001176 -0.000340 -0.041464 -0.010755 -0.000037 0.000626 0.007417 0.036660 -0.014148 -0.000604 -0.000641 0.000291 0.000711 0.000620 0.000476 0.009888 0.027776 1.491901 0.949336 0.666290 0.606655 0.441054 0.476591 0.312025 0.250492 -0.014941 -0.011268 0.012485 0.020466 0.349321 1.330416 0.361652 -0.002217 -0.012797 -0.004803 0.000311 0.011060 0.407226 0.877085 0.916228 0.039865 -0.002658 -0.001384 0.000518 -0.000675 -0.000206 0.000002 0.000236 0.012523 0.689749 1.124933 0.701023 0.634894 0.506192 0.257123 -0.113270 -0.087751
-0.000149 0.000199 -0.002134 -0.001772 0.001212 0.000060 0.000257 0.023986 0.450603 -0.085921 -0.268870 -0.228097 -0.000113 -0.004245 -0.000391 -0.000097 0.000341 0.008468 0.015901 0.733574 0.050411 -0.496470 -0.745644 -0.862951 -0.543449 -0.370988 -0.502642 -0.148910 -0.012054 0.005008 0.017174 -0.238301 -0.056348 -0.079758 -0.015564 -0.007242 0.000003 0.008326 0.014572 0.575222 0.360484 0.020740 0.017484 0.009413 0.011195 0.125021 0.294124 -0.017314 -0.000118 0.000185 0.165086 2.070374 1.951295 1.429973 1.018469 0.534250 0.598511 0.506293 0.346590
-0.001841 0.000022 -0.004183 -0.005611 -0.000870 0.000105 0.001789 0.043554 0.464790 -0.000141 -0.408971 -0.610773 -0.088052 -0.003376 0.045926 0.046774 0.001133 0.014452 0.019723 -0.283845 -0.063184 -0.208948 -0.366987 -0.409392 -0.593488 -0.341302 -0.058883 -0.074690 -0.013166 0.000141 0.004448 0.001753 -0.191528 -0.123792 -0.010998 -0.000326 0.000208 0.006796 0.533512 0.435576 0.359793 0.222138 0.097767 0.000014 0.030368 0.322365 0.297019 0.259528 0.117515 0.077464 0.226851 0.917524 0.122049 0.097917 0.173090 0.156461 0.057009 0.231720 0.449692
-0.003093 -0.000155 0.000146 0.000803 0.002567 0.003925 0.007174 0.020503 0.048599 0.468819 0.819425 0.044577 -0.127817 -0.246514 -0.159676 -0.032172 0.000092 0.018461 0.054810 0.834048 0.311726 0.362881 0.027851 -0.159989 -0.133094 -0.155911 -0.172624 -0.036128 -0.016057 -0.000135 0.000072 0.005382 0.011076 -0.108515 -0.008368 -0.000123 0.000140 0.013213 0.862187 0.803782 0.193981 0.000694 -0.000451 0.000315 0.010025 0.027805 0.084929 0.055417 0.117451 0.112923 0.276297 -0.852776 -1.223307 -0.949531 -0.567820 -0.337843 -0.226790 0.086461 0.265651
-0.011175 -0.000113 0.000261 0.017015 0.035401 0.006106 0.007299 0.032835 0.079390 0.121673 0.029933 -0.000098 0.000113 0.007091 -0.068259 -0.124875 0.000002 0.027295 0.039895 0.737078 0.227466 0.358123 0.020843 0.002315 -0.001199 -0.007217 -0.063064 -0.066621 -0.020266 -0.000798 0.000092 0.010717 0.016780 0.015807 -0.094461 -0.000002 0.150008 0.313624 0.585301 0.467636 -0.107804 -0.011749 0.000000 0.003928 0.002983 0.001161 0.011160 0.181896 0.136580 0.110188 0.226918 0.471042 -0.000217 0.000149 -0.030274 -0.176841 -0.089062 0.046480 -0.002066
-0.008289 -0.000002 0.007734 0.020241 0.001980 0.000280 0.012615 0.043902 0.025928 -0.014313 -0.007706 -0.000084 0.000228 0.012086 0.023701 0.012245 0.037604 0.016657 0.179901 0.295437 -0.014570 -0.258593 -0.006694 0.000000 -0.000370 -0.000262 -0.001150 -0.019790 -0.025571 -0.010954 0.000000 0.003663 0.010043 0.394146 0.352775 0.434861 0.220810 0.237137 0.201434 0.102053 0.040587 -0.013914 -0.017419 -0.008414 -0.000355 0.000444 0.008982 0.019181 0.139999 0.028573 -0.072667 -0.085588 -0.000620 0.000075 0.005693 0.010116 -0.006260 -0.005081 0.003010
-0.006831 -0.000141 0.000225 0.000133 -0.000233 0.000102 0.005649 0.017373 0.014169 0.001127 0.000632 0.001257 0.001063 0.009912 0.020158 0.085194 0.000059 0.006517 0.093254 0.240236 0.168271 -0.104474 -0.007680 0.000001 -0.000156 -0.000256 -0.000116 0.000441 0.001999 0.001243 0.000312 0.072463 0.488065 0.427597 0.299276 0.038380 0.000065 0.008532 0.130806 0.069163 -0.033620 -0.017537 -0.020776 -0.014137 -0.000538 0.001085 0.015695 0.024936 0.023229 0.002751 0.008511 -0.041311 -0.008115 -0.000144 0.000522 0.000364 -0.003692 0.021217 0.031302
-0.010086 -0.000015 0.008637 0.000958 -0.006539 0.000000 0.003663 0.009783 0.010698 0.001848 0.004897 0.009889 0.002044 0.012688 0.020201 0.004210 0.001548 0.000787 0.096810 0.357887 0.194734 -0.097332 -0.001071 0.000039 -0.000045 -0.000063 0.000094 0.013917 0.036567 0.144446 0.062029 0.070460 0.068239 0.082248 -0.069523 -0.007985 0.001513 0.006621 -0.378882 -0.386670 -0.531424 -0.047304 -0.001474 -0.000794 0.001449 0.002252 0.010985 0.022381 0.005591 0.002082 0.071238 0.001985 -0.240288 -0.005447 -0.000326 0.000208 0.006364 0.149959 0.108894
-0.000791 -0.000368 0.000832 0.002420 0.002160 0.000918 0.000683 0.009372 0.016456 0.021255 0.015717 0.041157 0.000069 0.009670 0.019997 0.018979 0.002390 0.000805 0.075626 0.054959 0.050958 -0.090173 -0.014004 -0.001661 -0.000478 0.000139 0.000436 0.008907 0.040577 0.268018 0.717776 0.095618 0.024739 0.004699 0.000821 0.000608 0.019147 0.221890 0.662322 0.103296 -0.522359 -0.071770 -0.002365 0.001088 0.003200 0.001758 0.018719 0.544276 -0.000214 0.000696 0.113882 0.310944 0.058534 0.082459 -0.005981 0.000003 0.006034 0.678440 0.195620
-0.008751 -0.000502 0.000507 0.004346 0.002644 0.005279 0.022142 0.024960 0.025178 0.017017 0.001307 -0.008282 0.000001 0.019509 0.030212 0.070654 0.025823 0.537262 0.913899 0.530653 0.455262 -0.278313 -0.037104 -0.024363 -0.006148 0.000000 0.003663 0.019265 0.066989 0.077456 0.010176 -0.000133 -0.000034 0.000567 0.001142 0.011224 0.161691 0.387445 1.047880 0.339604 -0.455169 -0.063693 -0.000725 0.000863 0.003657 0.001729 -0.437040 -0.594654 -0.322436 0.000034 0.179353 0.280451 -0.152835 -0.410924 -0.071711 0.000000 0.020377 0.619922 0.172120
-0.015842 -0.007133 0.000018 0.010643 0.022848 0.029540 0.022242 0.018817 0.036768 0.183991 0.108276 0.100505 -0.000074 0.001335 0.008977 0.017613 0.032735 0.492624 0.679950 0.615689 0.177073 0.020887 -0.019858 -0.000429 0.000181 0.000670 0.000616 0.013708 0.025877 -0.015910 -0.005595 -0.000051 0.001524 0.006545 0.012965 0.035320 0.291779 0.419450 0.352550 0.182564 0.063295 -0.019717 -0.000208 0.000875 0.030503 0.015375 0.827497 1.165364 0.919498 0.533360 0.405557 0.191628 0.063673 0.020397 0.046337 0.016711 0.404901 0.393217 0.338429
-0.024121 -0.005629 0.000000 0.008640 0.021737 0.033997 0.074528 0.962070 0.979138 1.420279 1.154811 0.584697 0.489324 0.311664 0.167396 0.495154 0.585327 0.679702 0.502117 0.275473 -0.010601 -0.001008 -0.001287 -0.000009 0.000680 0.000387 -0.020159 -0.005006 -0.021647 -0.006885 -0.000151 0.000065 0.019435 0.061815 0.103607 0.031997 0.259061 0.225874 0.054647 0.006359 -0.004115 -0.006587 0.000772 0.005600 0.077366 0.264604 0.184895 0.083914 0.018000 -0.061769 -0.010915 -0.000214 0.000188 0.001045 0.162438 0.514011 0.294122 0.192114 -0.009005
-0.003089 -0.000140 0.000219 0.007114 0.023639 0.051685 0.625045 0.895248 0.639316 0.355607 0.938386 0.490037 0.425915 0.583835 0.270015 0.324132 0.417666 0.357621 -0.000232 -0.000084 0.000338 0.000668 0.000740 0.012196 0.195288 0.089382 0.069588 0.001776 -0.051554 -0.015941 -0.004189 0.000000 0.012088 0.026493 0.152294 0.647141 0.486350 0.000358 -0.000098 -0.001943 0.002286 0.007243 0.010190 0.026358 0.024625 0.016148 -0.000142 -0.000094 0.000202 0.000564 0.000933 0.001077 0.001049 0.007160 0.292396 0.539184 0.158153 -0.045884 -0.049585
0.029758 0.004493 0.006657 0.378053 0.107814 0.206493 0.446695 0.324163 -0.000005 0.004835 0.012711 0.002568 0.280586 1.328354 1.519606 1.181423 1.054554 0.514975 -0.000222 0.000222 0.007370 0.029144 0.518069 0.341849 0.519991 0.506773 0.017135 -0.768656 -0.028765 -0.025381 -0.012267 0.000000 0.007912 0.019616 0.118607 0.045934 0.044312 0.009950 -0.000096 0.001467 0.021025 0.002910 0.021554 -0.000122 0.000138 -0.000181 0.000247 0.000817 0.008610 0.015124 0.013221 0.003144 0.001479 0.018344 0.114133 -0.000396 0.000329 -0.011616 -0.053083
0.247362 0.184765 0.151008 0.752976 0.350048 0.289672 0.148468 -0.011122 -0.000222 0.000222 0.003946 0.263975 0.264805 0.162031 0.052165 0.011317 0.002131 0.000278 -0.000103 0.000103 -0.183956 -0.316251 -0.162409 0.022660 0.156347 0.203326 0.012290 -0.056558 -0.033649 -0.015413 -0.000471 0.000023 0.006879 0.009450 0.014062 0.059683 -0.001169 -0.000154 0.000267 0.015178 0.051838 -0.086308 -0.019101 -0.007840 -0.000058 0.000592 0.008280 0.013988 0.016736 0.017820 0.019645 0.002619 0.000995 0.242498 0.218611 -0.000565 0.000394 0.132506 0.167154
0.275360 0.363047 2.033728 1.286545 0.790202 0.543123 0.412187 0.188230 0.000247 0.000281 0.000937 0.275004 0.126309 -0.006667 -0.000123 0.000075 0.000980 0.009384 0.034897 0.357533 -0.118700 -0.223437 -0.323350 -0.289251 -0.307849 -0.434791 -0.895236 -0.027587 -0.007007 -0.000990 -0.000088 0.000137 0.008627 0.017640 0.021744 0.064751 -0.010524 -0.000590 0.000115 0.008936 0.016140 -0.001443 -0.016172 -0.000360 0.000360 0.006387 0.013522 0.025894 0.030218 0.032710 0.093657 0.405470 0.325379 0.354440 0.564887 0.545600 0.283231 0.515710 0.376719
0.053319 0.222237 0.045750 -0.452942 -0.439000 -0.265611 -0.052768 0.112478 0.076693 0.188274 0.542566 0.365085 -0.000570 -0.001066 -0.000049 0.000636 0.007913 0.021499 0.043515 0.174271 0.091526 0.179852 0.034503 -0.108908 -0.170032 -0.443378 -0.072315 -0.019637 -0.006258 -0.000029 0.005438 0.020498 0.027112 0.077799 0.606619 0.272717 0.173028 -0.001685 -0.002420 0.000000 0.008478 0.001276 -0.007771 -0.000360 0.000360 0.014725 0.025785 0.022081 0.074389 0.123038 0.199363 0.505482 0.401652 0.438012 0.827089 0.811590 0.964143 0.628801 0.424997
0.023028 0.041751 0.697645 0.027041 -0.225236 -0.247393 -0.174538 -0.161251 -0.227350 -0.257664 -0.103611 -0.006861 -0.000569 0.000247 0.000554 0.006009 0.012488 0.002975 0.016187 0.140050 0.058791 0.174111 0.050546 -0.142221 -0.190098 -0.486789 -0.066175 -0.025336 -0.003956 -0.000392 0.001394 0.024953 0.054717 0.021714 0.145714 -0.257580 -0.448879 -0.047565 -0.008553 0.000000 0.005712 0.011107 0.001928 0.000241 0.000446 0.005642 0.044040 0.132348 0.052784 0.095675 0.154152 0.128493 0.603446 1.116455 0.830186 0.702033 1.061290 0.843243 0.832141
0.036702 0.038449 0.047451 0.084923 0.529148 0.256885 0.021961 -0.131187 -0.189961 -0.252610 -0.245266 -0.006778 -0.000393 0.000331 0.010444 0.025430 0.033325 0.006504 0.444054 0.472945 0.592259 0.749650 0.556955 0.270273 -0.255218 -1.016535 -0.017700 -0.001963 -0.001719 0.000260 0.001323 0.031542 0.092414 0.596905 0.218097 0.021019 -0.062766 -0.008669 -0.009544 -0.000065 0.000592 0.007821 0.036637 0.003686 0.000741 0.007860 0.047400 0.043223 0.064606 0.015318 0.011127 0.327055 0.224440 0.243824 0.063158 -0.085643 -0.104068 -0.076547 -0.125884
