use_cases/Flooding_chicago/flooding_data/output/hUx_2400.asc
ncols 337
nrows 393
xllcorner 428428.000000
yllcorner 4602440.000000
cellsize 26.757400
NODATA_value -9999.000000
[rows 78 to 103 of 393, columns 236 to 294 of 337]
0.000084 0.000213 0.000162 0.000485 -0.000028 0.007819 0.042117 0.004500 -0.000004 0.002248 0.000818 0.010474 0.034402 0.510085 0.180167 -0.084978 -0.035188 -0.000000 0.066495 0.180978 0.314737 0.851137 0.867591 0.789557 0.585103 0.281506 -0.150232 -0.478301 -0.850676 -0.850217 -1.360609 -3.861295 -3.171061 -2.781734 -1.329670 -1.128709 -0.046116 -0.000000 0.061997 1.574792 2.330033 1.380449 0.259322 0.010742 -0.070405 -0.105778 -0.034477 -0.008221 -0.000000 0.016328 0.042117 0.074610 0.557469 0.476897 0.378887 1.103277 1.535405 1.494101 1.475614
0.550766 0.194994 -0.382025 -0.020670 -0.000730 0.000257 0.000061 -0.000240 -0.000083 0.000347 0.000602 0.000318 0.015268 0.601027 0.151159 -0.160485 -0.059724 -0.000000 0.009816 0.454384 0.542798 0.989267 0.376664 0.180346 0.088046 0.005650 -0.165469 -0.545507 -0.444162 -0.055951 -0.212393 -1.499077 -2.358425 -2.348646 -1.365105 -1.157722 -0.043170 -0.005849 0.940411 2.100075 1.435879 1.203188 0.004041 -0.012318 -0.058635 -0.033239 -0.014752 -0.019623 -0.001316 0.001421 0.001283 0.033435 0.730260 2.002804 2.053025 3.739278 3.142525 2.269232 1.137996
1.475009 1.339016 0.863926 0.579719 -0.002002 -0.002966 -0.000068 0.000091 -0.000176 -0.000422 -0.000133 0.000149 0.011575 0.025998 0.033165 0.003562 -0.021150 -0.000001 0.005089 0.018841 0.082963 -0.001876 0.009171 0.016092 0.040784 0.011677 -0.017354 -0.014343 -0.004203 0.000000 0.007381 0.009874 -1.466281 -1.623253 -1.651081 -1.852264 -1.009790 -0.443115 0.151259 0.925345 0.041971 -0.008088 0.002930 -0.000623 -0.002446 -0.009168 -0.015258 -0.014004 -0.000492 0.000410 0.011207 0.091697 0.554806 0.552287 1.519353 1.298838 0.842798 0.546734 -0.001234
0.456020 0.392849 0.139431 -0.038385 -0.027072 -0.011855 -0.001606 -0.000580 -0.000613 -0.000771 -0.000270 0.000473 0.014845 0.030402 0.022999 0.001985 -0.000041 -0.000106 0.000158 0.005756 0.046511 0.010379 0.033998 -0.000124 0.000094 0.000361 -0.000096 -0.000107 -0.000074 0.000008 0.011467 0.056597 -0.342577 -0.760690 -1.565758 -1.763268 -1.957920 -1.192290 -0.404327 -0.511174 -0.377182 -0.098607 -0.001198 -0.002934 -0.003553 -0.010367 -0.006035 0.006753 0.012597 0.004007 0.082060 0.871858 0.800082 0.740093 0.684114 -0.001183 0.000431 0.000350 0.000312
0.288488 0.381289 0.374698 0.166082 -0.087270 -0.031680 -0.006534 -0.000423 -0.000473 -0.000786 0.000014 0.000967 0.012619 0.027486 0.022886 0.002655 0.000185 -0.000165 0.000355 0.004028 0.080340 0.066258 0.110790 -0.000375 -0.000219 0.000219 0.000375 -0.000086 -0.000180 0.000346 0.006563 0.084435 -0.352739 -0.518147 -1.282455 -1.673509 -1.791524 -1.393641 -1.292792 -1.313387 -0.833298 -0.563664 -0.244339 -0.007576 -0.000405 0.000097 0.009392 0.016136 0.013531 0.090924 0.335965 0.713177 0.786534 0.484717 0.022853 -0.000352 -0.002770 -0.000034 0.000305
0.338088 0.226325 0.131434 0.028781 -0.065819 -0.022555 -0.010837 -0.000540 -0.000823 -0.000813 0.000001 0.015689 0.010918 0.012298 0.004753 0.001442 0.000539 0.000511 0.009726 0.039377 0.443784 0.493413 0.817385 0.526708 0.424916 0.250413 0.142582 -0.000346 0.000180 0.004240 0.002829 0.067400 -0.475236 -0.976690 -1.125413 -1.125595 -1.330570 -1.176656 -1.107800 -1.125200 -0.828177 -0.357280 -0.191013 -0.263124 -0.008766 -0.000820 0.000358 0.000767 0.021012 0.238181 0.469814 0.583253 0.629712 0.219514 0.030916 -0.161631 -0.019997 -0.000871 -0.000001
0.703215 0.702314 0.981845 0.538263 0.353032 0.071837 0.035380 -0.009547 -0.000404 -0.000442 -0.000278 0.000424 0.017181 0.040426 0.054321 0.012113 0.003113 0.002302 0.001445 0.554658 0.641628 0.842711 0.976906 0.511011 0.963657 0.678296 0.024517 0.012110 0.003307 0.002519 0.009363 0.005430 0.082360 0.056218 -0.185644 -0.092867 0.107029 0.180351 0.130115 0.113852 -0.071906 -0.040302 0.026011 0.031763 0.019974 -0.000664 0.000068 0.000708 0.011168 0.235226 0.450720 0.448813 0.294175 0.256752 0.108714 -0.016768 -0.001617 -0.004067 0.000010
0.540750 0.758680 0.680111 0.517869 0.181152 -0.015992 -0.237515 -0.013820 -0.001178 -0.013032 -0.006649 0.000008 0.009628 0.026465 0.051141 0.055228 0.646253 0.651367 0.529747 0.710048 0.832221 0.946490 1.118552 0.507590 1.132731 0.865935 0.030447 0.012963 0.004165 0.002004 0.002486 0.003046 0.140346 0.927367 1.315645 1.328728 0.932589 1.227743 0.754575 0.028322 -0.265735 -0.519318 -0.099289 -0.001496 0.014951 0.017312 0.001605 0.012344 0.039163 0.747449 0.764228 0.799152 0.437744 0.168428 -0.112735 -0.032637 -0.006698 -0.000360 0.000360
0.489307 0.542706 0.651164 1.253773 0.960998 0.818874 0.765208 0.494565 0.401474 0.250396 -0.006324 -0.000220 0.000479 0.001760 0.012655 -0.025988 -0.034645 0.071707 0.358856 0.404806 0.541818 0.594410 0.509549 0.001129 0.073917 0.792141 1.245122 1.033464 1.090621 1.619284 1.236204 1.255585 2.267226 2.625512 2.781223 2.185906 1.597300 1.225970 0.802170 -0.039801 -0.276098 -0.248869 -0.073968 -0.017633 -0.025195 -0.012458 0.020680 0.141218 0.312151 0.818003 0.906303 0.569810 0.309924 -0.168616 -0.872330 -0.029033 -0.006698 -0.000360 0.000360
0.207584 0.511074 0.496379 1.318687 1.669775 1.502773 1.393734 1.169564 1.172488 1.296495 0.421418 0.001909 0.000323 0.000969 0.358089 0.611570 0.555955 0.485969 0.638011 0.457515 0.200688 0.079569 0.002078 0.002375 0.140825 0.824863 1.650598 1.389139 1.357777 2.631776 2.925943 4.280818 3.071182 2.993446 2.905870 1.721007 1.014239 0.794335 0.528552 0.007085 -0.412844 -0.548045 -0.176065 -0.098760 -0.029278 0.012702 0.075301 0.240889 0.476406 0.563624 0.582876 0.665242 0.404742 0.049946 0.016143 -0.018769 -0.001686 0.000124 0.000295
0.569263 0.480756 0.555722 0.616718 1.350519 1.244761 1.217888 1.073124 1.174979 1.740034 1.318414 1.201828 1.094886 1.159199 0.940822 1.021568 1.284551 1.130800 1.573561 1.524033 1.164366 1.242606 0.594218 0.672394 0.445849 0.630565 0.407581 0.294500 0.176631 1.501349 2.161242 2.096509 2.070884 1.829552 1.172303 0.813557 0.739038 0.415159 0.019721 -0.133976 -0.092672 -0.036670 -0.073289 -0.101135 -0.140497 -0.238531 -0.228473 -0.119134 0.117009 0.259804 0.398274 0.354910 0.033628 -0.020249 -0.122417 -0.019510 -0.000083 0.009886 0.008273
0.840284 0.737847 0.582643 0.615659 1.285611 1.168395 1.215320 1.075252 1.118107 1.217394 1.326412 1.377627 1.409667 1.579078 1.541894 1.286222 1.735181 1.602444 2.295007 2.475383 2.689366 3.090247 2.766025 2.544383 2.777185 3.812452 3.251268 3.046473 3.020217 3.789437 4.030715 3.275154 2.382853 2.165217 1.314663 0.850443 0.548337 0.148490 -0.154085 -0.312677 0.010953 0.323802 -0.116623 -0.272089 -0.458932 -0.475422 -0.398497 -0.282742 -0.065602 0.294246 0.382258 0.243096 -0.109952 -0.000132 -0.014889 -0.012524 -0.015232 0.000008 0.029202
0.555176 0.569541 0.629756 0.436373 0.754361 0.679742 0.859990 0.907360 0.963606 1.021434 1.103210 1.185697 1.277597 1.333081 1.372039 1.167293 1.222681 2.014426 2.352346 2.748821 2.983908 3.459308 3.006431 3.794114 2.595590 3.826035 4.400644 4.002903 2.613797 2.104103 1.444762 1.985315 1.285401 0.924829 0.630707 0.078003 -0.497999 -0.904975 -1.552672 -1.532935 -1.781856 -0.581750 -0.027179 0.056639 0.403499 0.410505 0.447292 0.657162 0.964683 0.753268 0.637048 0.327262 -0.101706 -0.002716 -0.003107 -0.008123 -0.000305 0.000398 0.020187
0.414460 0.496134 0.554215 0.411372 0.416139 0.646923 0.647327 0.863488 0.671166 0.862792 0.970648 1.162708 1.136669 1.038660 1.296256 1.102350 1.669790 1.605893 1.799140 1.531205 1.315504 1.269198 0.926433 0.500635 0.269240 0.079492 0.117803 0.735874 0.560109 0.033441 0.006844 0.001569 -0.276895 -0.495925 -0.463369 -0.444359 -0.528001 -0.887353 -1.039547 -1.785351 -2.733242 -1.164439 0.002048 0.595159 1.282703 1.276768 1.231012 1.477846 1.440324 1.250320 0.885994 0.463536 0.117568 -0.011466 -0.000670 0.000015 0.000682 0.005340 0.004109
1.159892 1.194946 1.560290 1.006363 0.971270 0.969868 1.331008 0.983803 0.956517 1.196826 1.207639 1.391049 1.207491 1.319300 1.496895 1.681767 2.317591 1.618433 1.470412 1.639466 0.962330 0.868904 0.366656 -0.000287 -0.002785 -0.007058 -0.001204 0.000191 0.000333 0.000424 0.000420 0.006622 0.099506 -0.698424 -1.286990 -1.008975 -0.841899 -0.749303 -0.731449 -0.587616 -1.019006 -0.760786 0.049046 0.880007 2.348465 1.716310 1.598916 1.492910 1.415154 1.113638 0.972878 0.568548 0.527370 0.533802 -0.000604 0.000351 0.005882 0.004189 0.003592
0.796865 1.095682 1.110167 1.296141 0.892092 0.884910 0.776943 0.591547 0.920244 1.035330 1.057032 1.154757 1.198685 1.272209 1.567063 1.469469 1.479694 1.397339 1.246841 1.065438 0.999969 0.763751 0.069851 -0.009511 -0.002886 -0.023035 -0.022376 -0.000008 0.000204 0.000434 0.000525 0.005072 0.011304 0.009377 0.001261 -0.484671 -0.663412 -0.526777 -0.625093 -0.589577 -0.270518 0.147782 0.699407 1.131939 2.373286 1.694736 1.611112 1.485355 1.278230 1.063862 0.935588 0.497788 0.424558 0.422250 -0.007707 0.000013 0.013590 0.033762 0.028855
0.250452 0.150546 0.605422 0.597371 0.561097 0.490680 0.476630 0.393056 0.631909 0.817251 0.867906 0.852392 0.914721 1.212154 1.346078 1.291289 1.340925 1.213751 0.911271 0.619267 0.458437 0.150660 -0.024402 -0.005483 0.000001 -0.000747 -0.002142 -0.000279 0.000458 0.001743 0.000757 0.000000 0.006710 0.015733 0.021917 0.014220 0.049588 0.007314 0.006791 -0.129877 0.157868 0.655445 1.185300 1.564899 2.410216 2.159169 1.919950 1.907503 1.363037 1.218141 0.909054 0.790618 0.846749 0.598959 0.039138 0.007638 0.028049 -0.246168 -0.373141
0.190903 0.525905 0.360278 0.995634 0.833032 0.752469 0.782264 0.784747 0.658648 0.860177 0.791904 0.989167 0.806790 0.918618 1.257707 1.121044 1.197071 0.767867 0.573067 0.285224 -0.054976 -0.725695 -0.006887 -0.000579 0.000070 0.000061 -0.000774 -0.000234 0.000801 0.007846 0.024786 -0.000131 0.000367 0.000614 0.007067 0.010335 0.018546 0.014168 0.256930 0.449349 1.004096 1.320667 1.702809 1.996710 2.078110 1.377015 1.274310 0.820938 0.020455 -0.609562 -0.522965 -0.304212 0.023796 1.048509 0.950840 1.018146 0.079354 -0.579228 -0.045169
0.359290 0.227371 0.888552 1.048160 0.843103 0.964682 0.974445 0.881058 0.939666 1.098428 1.035135 1.200563 1.134355 1.136017 1.138427 1.148526 0.742382 0.771046 0.342876 0.252815 0.050677 -0.033616 -0.012974 -0.006354 0.000000 0.000282 0.000453 0.000000 0.010002 0.017659 0.020513 -0.010597 -0.006796 -0.000289 -0.001341 0.000000 0.009756 0.023404 0.526230 0.910751 1.830358 1.784713 1.813707 1.674878 0.596905 -0.019983 -0.000443 -0.000037 0.000346 0.003516 0.047504 -0.052856 -0.008089 0.000006 0.745227 2.554801 1.660257 1.037060 0.532924
0.447591 0.323701 0.170777 0.425225 0.376659 0.388415 0.423038 0.471338 0.643059 0.660388 0.545549 0.572837 0.652947 0.650956 0.659622 0.556837 0.381173 0.172184 0.076814 -0.035154 -0.078714 -0.015002 -0.031365 -0.023173 -0.007893 0.000000 0.007826 0.014063 0.018032 0.032744 0.680442 0.300452 -0.053736 -0.032311 -0.022982 0.000000 0.005094 0.009311 0.784656 1.004256 1.732136 1.793674 0.726359 -0.596334 -0.007709 -0.004212 0.000000 -0.001232 -0.000261 0.006289 0.010222 0.000209 0.000325 0.000338 0.025311 0.157647 0.238329 0.207439 0.008299
0.382941 0.299081 0.196173 0.268311 0.089887 0.061032 0.035307 0.082552 0.323947 -0.092527 -0.173571 -0.193836 -0.218948 -0.282199 0.011347 0.102884 0.071591 -0.234664 -0.026137 -0.046634 -0.059536 -0.114525 -0.019076 -0.006460 -0.000190 0.000134 0.013377 0.024320 0.023383 0.074647 0.418950 0.265260 -0.253266 -0.032626 -0.017236 0.000000 0.012326 0.026357 0.108624 0.720904 1.471465 0.573694 -0.631157 -0.558983 -0.076631 -0.049339 -0.031259 -0.014651 -0.008004 -0.000497 0.000072 0.006958 0.011798 0.002503 0.013717 0.035260 0.650385 0.665133 0.680855
0.155080 0.159241 0.113074 0.040540 -0.084019 -0.131626 0.000264 0.162611 0.208757 0.381796 0.159266 0.066043 -0.039713 -0.164325 0.015906 -0.001436 -0.178403 -0.584200 -0.066846 0.000000 -0.046591 -0.114336 -0.023422 -0.009001 -0.000062 0.000087 0.007226 0.020563 0.022191 0.003523 0.050484 -0.004188 0.004478 -0.198754 -0.009814 0.000000 0.007776 0.070372 1.570404 1.172407 -0.834269 -0.597763 -0.195519 -0.312185 -0.092149 -0.041550 -0.028914 -0.016020 -0.013534 -0.006320 0.000000 0.003663 0.009791 0.002066 0.015224 0.014214 0.028899 0.511980 0.548402
-0.000111 -0.000019 0.000089 0.000463 0.022008 0.276035 0.208529 0.426766 0.452982 0.414572 0.355868 0.324732 0.238756 0.138805 0.276494 0.303681 0.301205 -0.065445 -0.025982 -0.036628 -0.013946 0.015231 0.010611 0.000752 -0.000002 0.008765 0.046037 -0.190000 -0.302535 -0.213825 -0.145619 -0.089552 0.033827 0.065080 -0.000405 0.005644 0.017416 0.094625 0.839819 0.923295 0.430513 -0.276691 -0.201234 -0.395389 -0.134223 -0.014601 -0.005019 -0.019728 -0.010654 -0.000395 0.000023 0.000284 0.002940 0.001874 0.017024 0.202819 0.284927 0.304790 0.488366
-0.016557 -0.003663 0.000000 0.005350 0.023780 0.336667 0.353443 0.548979 0.632684 0.370969 0.236260 0.151788 0.226443 -0.079248 0.184105 0.264503 0.141310 -0.014168 0.000000 0.075356 0.004503 0.028477 0.032349 0.075559 0.035186 0.168129 0.678866 0.150475 0.146673 0.225714 0.251348 0.259381 0.328127 0.203810 -0.000008 0.008343 0.164649 1.298848 1.273142 1.942893 1.089999 -0.067195 -0.264056 -0.442473 -0.525178 -0.095990 -0.001302 -0.001176 -0.000386 -0.000046 0.000200 0.129225 0.465358 0.086376 0.367725 0.536861 1.052327 1.945283 0.762743
-0.001955 -0.000778 -0.000067 0.000464 0.014694 0.326006 0.326500 0.380316 0.271547 -0.000360 0.000360 0.021662 0.227017 0.120707 0.244932 0.015921 -0.046765 -0.007143 0.000000 0.008319 0.173476 0.031137 0.051221 0.044624 0.047324 0.189171 0.992578 0.779541 0.607490 0.590172 0.518147 0.619302 0.534414 0.706027 0.772618 0.794644 2.829564 2.737053 3.098978 3.372816 1.981762 0.039377 -0.588647 -0.386605 -0.237666 -0.134403 -0.354383 -0.186919 -0.063130 -0.089633 -0.068229 0.074061 0.353257 0.326422 0.095805 0.106705 0.116237 0.186834 0.169664
0.384833 0.347347 -0.000314 0.000318 0.310058 0.372655 0.291114 0.147539 0.105743 -0.000360 0.000360 0.019465 0.356794 0.268189 0.355407 0.218387 -0.022522 -0.005882 0.000000 0.009018 0.020176 -0.068532 -0.034952 -0.000394 0.000117 0.007432 0.110999 -0.038934 0.022952 -0.082909 -0.276288 -0.071170 -0.049899 0.000083 1.772886 2.273439 4.262549 3.475929 3.490958 2.267409 1.801381 0.616949 0.332587 0.288705 0.378954 0.255278 0.085631 -0.291432 -0.053417 0.000268 0.142158 0.234174 0.145693 0.065063 -0.082091 -0.006665 0.000149 0.001055 0.011231
