use_cases/Flooding_chicago/flooding_data/output/hUx_1500.asc
ncols 337
nrows 393
xllcorner 428428.000000
yllcorner 4602440.000000
cellsize 26.757400
NODATA_value -9999.000000
[rows 182 to 207 of 393, columns 236 to 294 of 337]
0.312990 0.843951 0.799412 -0.022498 -0.001159 -0.005095 -0.018926 -0.008146 -0.000401 0.000555 0.006693 0.059914 0.390019 0.439754 0.348571 0.103230 0.003699 -0.104456 -0.222828 -0.385161 -0.015543 0.000000 0.006995 0.501444 0.610842 0.613362 0.718509 0.555261 0.683033 0.368661 0.329551 0.328551 0.356267 0.400796 0.317715 0.560105 -0.115662 -0.555774 0.006283 1.116794 1.775345 2.287413 2.366627 2.793637 1.632841 0.915942 0.600156 0.161091 0.367680 0.168228 0.163218 0.084882 -9999.000000 -9999.000000 -9999.000000 -9999.000000 -9999.000000 -9999.000000 -9999.000000
0.000697 0.756511 2.555991 0.312757 -0.001071 -0.004643 -0.026273 -0.007980 -0.000013 0.006790 0.019101 1.290761 1.158415 1.007418 0.743394 0.740936 0.765676 0.377777 0.325305 0.280850 -0.001020 0.000114 0.626013 0.636956 0.698601 0.674574 0.890694 0.664266 0.708765 0.294787 0.208289 -0.001499 0.000610 0.001383 0.176376 0.837404 0.407147 0.077161 0.290282 1.145592 1.541277 1.930402 2.088293 1.442408 0.777704 0.370778 0.278140 0.106105 0.353067 0.261298 0.483136 0.091638 -9999.000000 -9999.000000 -9999.000000 -9999.000000 -9999.000000 -9999.000000 -9999.000000
0.001279 0.043592 1.832935 1.500031 1.180300 0.125527 0.031287 0.005686 -0.000120 0.000250 0.038864 -0.228361 -0.181275 0.015638 0.110000 0.128788 0.073365 0.008073 0.000198 0.001278 0.031290 0.475127 1.289073 1.072170 0.987355 0.877456 1.060276 0.776065 0.377011 0.311862 0.225203 0.186732 -0.001734 0.000124 0.001520 0.361727 0.443077 0.277597 0.452837 0.977819 0.916003 0.878745 -0.000118 0.000053 -0.003987 -0.005566 -0.000061 0.000061 0.076926 0.390170 0.400572 -0.045901 0.000001 -9999.000000 -9999.000000 -9999.000000 -9999.000000 -9999.000000 -9999.000000
0.005914 0.016550 0.164017 1.494832 1.578778 1.686996 1.570181 2.820817 1.152690 0.776822 1.020470 0.860329 0.489647 0.286804 -0.004330 0.002837 0.005413 0.004171 0.004438 0.002984 1.911982 2.266733 2.006510 3.182014 1.267717 1.045177 0.849109 0.695951 0.582785 0.449418 -0.027502 -0.258773 -0.295557 0.001584 0.005849 0.752071 1.245911 0.846101 0.755749 0.967073 0.273903 0.053372 -0.000473 0.000023 0.000284 -0.000543 -0.000140 0.000140 0.000277 0.000569 0.000317 -0.000314 0.000027 -9999.000000 -9999.000000 -9999.000000 -9999.000000 -9999.000000 -9999.000000
0.031076 0.008040 0.018676 0.340796 0.278687 1.164011 1.203809 2.000099 1.913489 2.090163 3.298911 2.789328 2.191436 1.510962 0.704022 0.009767 0.006093 0.010035 0.011587 0.367090 1.316471 1.047199 0.047046 -0.133096 -0.121658 -0.088944 0.000103 0.004882 0.254127 0.756808 0.405481 0.524143 0.886824 1.081000 1.643827 1.717755 1.331427 1.695545 1.076912 0.476048 0.154957 -0.026143 -0.034624 0.000000 0.000308 -0.000590 -0.000222 0.000222 -0.000922 -0.000813 -0.000149 0.000384 0.000841 0.011318 0.015972 -9999.000000 -9999.000000 -9999.000000 -9999.000000
0.045965 0.012226 0.020922 0.314389 0.188191 0.174232 0.140291 0.323735 0.476589 1.558316 1.644161 1.904404 1.440052 1.419789 1.063588 0.411050 0.016745 0.380711 1.180413 1.618323 1.592482 0.034188 -0.000000 0.000586 0.000645 0.000920 0.013283 0.011793 0.003587 0.256324 0.491147 0.748317 1.133518 1.601063 2.341961 1.566868 1.366615 1.817524 0.919079 0.082238 -0.019275 -0.146763 -0.420998 -0.415485 -0.009932 -0.007277 -0.000603 -0.000628 -0.008619 -0.005461 0.000000 0.000449 0.001247 0.001344 0.016880 0.024726 -9999.000000 -9999.000000 -9999.000000
0.033707 0.113920 0.173947 0.658937 0.327688 0.143535 0.167889 0.146575 0.652090 0.776311 0.888053 0.694387 1.036601 1.119937 1.289812 1.177066 0.880534 0.901960 1.082163 0.698779 -0.515189 -0.004215 -0.000003 0.007253 0.022972 0.031628 0.111875 -0.000222 0.000222 0.360794 0.893258 1.546116 1.753471 2.086023 2.086760 1.599844 1.442964 1.970676 0.614163 0.021422 0.099563 0.065265 -0.011517 -0.444667 -0.422390 -0.321950 -0.184870 -0.130874 -0.105841 -0.009439 0.000000 -0.000281 -0.000633 0.000471 0.010408 0.012938 0.005796 0.004072 0.002390
0.015944 0.024201 0.096367 0.280064 0.028842 0.509595 1.137429 0.937517 0.674332 0.409397 0.050326 0.060312 0.209494 0.269957 0.725324 0.712257 1.244040 1.097193 1.051399 0.395810 -0.320668 -0.028049 -0.000208 0.000326 0.007392 0.015574 0.012292 0.043210 0.009859 0.319834 1.003546 1.610216 1.203110 0.893848 1.301388 1.537779 1.318471 0.928919 0.264989 -0.261111 -0.346961 -0.050592 -0.000013 0.034222 -0.142286 -0.123443 -0.079313 -0.052178 -0.031243 -0.005041 -0.029841 -0.088661 -0.024866 -0.000873 0.000572 0.014657 0.032652 0.004282 0.024303
0.003270 0.014255 0.025116 -0.198073 0.015952 0.419026 0.574726 0.545915 0.202272 -0.172398 -0.035716 0.156886 0.101711 0.666568 0.760574 0.962230 1.190798 1.108139 0.721339 0.345547 -0.322170 -0.032895 -0.000224 -0.000006 0.000971 0.011705 0.049281 0.642074 0.718247 2.180183 2.338725 1.262943 1.040650 0.812242 0.728854 0.344829 0.274906 0.499477 0.259691 0.030626 -0.365892 -0.093217 -0.000355 0.000598 0.074305 0.000159 -0.034794 -0.101104 -0.380769 -0.332821 -0.060111 -0.125133 -0.026357 -0.002767 -0.000881 0.000332 0.000178 0.000247 0.009904
0.016885 0.003756 0.009586 0.489449 1.104523 1.075973 0.717455 0.392770 -0.185022 -0.957535 -0.103385 0.302086 0.260330 0.054045 1.233329 1.434093 1.486934 0.989477 0.799521 0.664581 0.159749 0.009570 0.002654 0.000849 0.000038 0.007365 0.057900 0.641367 0.701569 1.828575 1.238092 0.810805 0.693605 0.546762 0.620981 0.394480 0.371372 0.791793 0.519906 0.441524 -0.464711 -0.221188 -0.000206 0.000629 0.080334 -0.003897 0.006427 0.010733 -0.061741 -0.147948 -0.155661 -0.008681 -0.002122 -0.005128 -0.007055 -0.022112 -0.005878 0.000000 0.005878
0.012291 0.002683 0.009065 0.599986 1.443235 1.087873 0.288223 1.666472 0.829879 0.594619 0.682165 0.316690 -0.022155 0.000000 0.000271 0.007083 0.003470 0.000956 0.004753 -0.086600 -0.112523 -0.009176 0.002726 0.006729 0.024259 0.058021 0.832887 0.854004 1.021558 1.466908 0.933706 0.944112 0.690747 0.620220 0.775426 0.427536 0.461652 1.227038 0.967030 1.204000 0.323120 0.343765 0.085604 0.045315 0.243534 0.324918 0.270361 0.116074 0.033647 -0.042793 -0.089623 -0.002833 -0.002450 -0.002253 -0.003856 -0.015091 -0.005878 0.000000 0.005878
0.054642 0.738863 1.372330 1.443332 2.577767 0.502534 0.425907 1.606961 1.565764 1.522735 0.759281 -0.048745 -0.006599 0.000010 0.007729 0.034886 -0.000003 0.007029 0.039834 0.005242 -0.002556 -0.003222 0.000000 0.039262 0.112619 0.720318 1.178109 1.501057 1.144616 1.064843 1.539673 1.113770 1.469520 1.290603 1.370174 1.451187 2.030869 2.095536 2.981454 2.374665 1.845273 1.533194 1.009139 0.918490 0.773518 1.090727 0.404065 0.263750 0.067046 -0.018736 0.115525 0.267799 0.325462 0.015371 0.000968 -0.001704 -0.000961 -0.000090 0.000284
1.528325 1.299925 1.351872 1.046859 0.673240 0.325094 0.173415 -0.005268 0.002390 0.001187 -0.007083 -0.006312 -0.000360 0.000360 0.006698 0.049987 -0.000208 0.000326 0.001905 0.001838 0.000935 0.033015 0.013279 0.037404 1.634196 2.172105 2.645046 2.794579 2.323910 1.209464 1.010400 1.608550 1.162680 1.313631 1.321515 1.947200 1.891452 2.038863 2.729628 1.800800 0.734940 0.318672 0.464535 0.452955 0.244888 0.020264 0.003976 0.209119 0.358359 0.446538 0.451620 0.688867 1.407971 1.331981 1.316527 1.265117 1.135945 1.345530 1.099460
1.435801 1.204606 0.667375 0.366905 0.242250 0.187751 -0.053312 -0.016682 0.001459 -0.000272 -0.000494 -0.000432 -0.000360 0.000360 0.006698 0.023825 0.001748 0.001078 0.006945 0.003329 0.024237 0.765147 0.965315 2.788100 3.262448 5.063144 3.106034 2.046571 0.948097 0.813360 0.735420 0.634631 0.557504 1.379765 1.764927 2.017632 1.589116 1.520548 1.199043 0.104023 0.033823 0.108763 0.100243 0.094434 -0.158426 -0.008834 0.000007 0.151297 0.586205 0.446134 0.552973 0.685575 0.865209 1.614408 1.577110 1.628179 2.041115 2.157259 2.046938
-0.008945 0.000000 0.010607 0.020566 0.024118 0.047745 -0.029438 -0.084206 -0.017600 -0.000222 0.000222 0.006830 0.024579 0.003188 0.023716 0.127112 0.048578 1.010831 1.023042 2.380456 2.917490 4.409811 4.552587 3.099184 2.103181 2.101273 1.533728 0.132619 0.063865 0.428435 0.489116 0.543396 0.540639 1.406511 1.361782 1.046489 0.993911 0.146692 0.066577 -0.000027 0.080955 -0.459282 -0.608777 -0.928073 -0.013962 -0.000208 0.000326 0.196896 0.938334 0.628027 0.620304 0.669983 0.775567 0.908867 0.927018 1.344656 1.394657 0.894169 0.933159
-0.008873 0.000015 0.007458 0.013994 0.016367 0.072709 0.030508 0.048833 0.001512 0.002658 0.007242 0.003988 0.013275 0.030850 0.008705 0.151471 1.451339 2.705167 2.771883 2.767022 2.327427 2.406563 1.683693 0.769873 0.482158 0.217071 0.083451 0.073349 0.044104 1.026709 1.251455 1.498896 1.577266 1.800988 1.374588 0.807260 0.255101 0.111237 0.035529 -0.000705 0.000203 0.110509 0.046024 -0.171973 -0.019304 -0.000003 0.005982 0.832675 0.255672 0.888676 0.859220 0.782804 0.876693 0.648533 0.042154 -0.030464 -0.008551 -0.000125 0.000125
0.000055 0.000637 0.008051 0.014331 0.016552 0.118979 0.069289 0.061350 0.042265 0.021360 0.007981 0.015825 0.046224 0.015234 0.085094 2.033090 1.607756 1.181849 1.715828 0.795789 0.268277 -0.126447 0.029934 0.001182 0.001003 0.026079 0.014260 0.048570 1.049176 1.641924 1.413105 2.048584 1.917476 1.733556 1.201929 0.584103 0.110187 -0.042758 -0.135365 -0.001706 -0.003622 -0.183484 -0.010828 -0.000000 0.005898 0.005766 0.097855 0.600336 0.237579 1.015135 0.656402 0.330689 0.038509 -0.675999 -0.016152 -0.013722 -0.006439 0.000000 0.001154
0.000323 0.008901 0.021333 0.036138 0.317238 0.325946 0.312589 0.112485 0.075461 0.095893 0.037638 0.095405 0.473562 0.533275 1.848177 3.525775 0.515716 0.351242 0.256939 0.091133 0.129260 0.471728 0.502155 0.000294 0.027429 0.163311 0.117117 0.541484 0.818805 1.408140 2.008167 2.449888 2.493414 1.584089 0.336481 -0.208385 -0.488859 -0.435044 -0.614224 -1.332049 -0.714877 -0.015123 -0.000981 -0.000000 0.000981 0.014258 0.698430 0.894722 1.248264 1.282028 0.949317 0.602610 0.284493 -0.172913 -0.014836 -0.008320 -0.000821 -0.000110 0.000584
0.000133 0.014470 0.238408 0.057659 0.097030 0.113226 0.068568 -0.079915 0.000000 0.070037 0.169605 0.100846 0.369017 0.398409 1.052391 0.165617 0.270322 0.126467 -0.000360 0.000360 0.202041 1.278116 0.009341 0.004402 0.024054 0.121584 0.064755 0.412862 0.675442 1.455787 0.937599 0.880932 0.437344 -0.003838 -0.353259 -0.994608 -1.027794 -1.134051 -1.188835 -1.129057 -1.203373 -0.033569 -0.000745 -0.000000 0.000745 0.008667 0.974018 1.033417 1.136118 0.948319 0.148232 0.076759 0.094000 -0.002892 -0.010420 -0.002833 -0.000359 -0.000022 0.000255
-0.000094 0.001362 0.256890 0.482500 0.446152 0.255481 0.260463 0.106633 0.066735 0.103854 0.223605 0.131124 0.233759 0.160583 0.031437 0.552450 0.295547 0.137591 -0.000360 0.000360 0.242260 0.375692 -0.000521 0.000375 0.009723 0.017601 0.002084 0.034262 0.923143 0.443466 0.103922 -0.302085 -0.196412 -0.000200 0.004509 -0.002397 -0.057490 -0.280492 -0.601680 -0.673169 -1.441506 -0.786210 -0.019146 0.001026 0.018530 0.938988 1.921760 1.170244 0.264738 0.090166 0.025363 0.000052 -0.008683 -0.023566 0.004036 0.037887 0.027582 0.114203 0.259567
0.043729 0.033065 0.125418 0.143235 0.051686 0.020749 -0.000068 0.000129 0.010535 0.003943 0.003723 0.002089 0.090341 0.113870 0.177648 1.122775 0.003971 0.283644 0.388028 0.757153 0.604668 1.296959 0.000222 0.001649 0.002098 0.003117 0.001362 0.030123 0.863196 0.462436 -0.011452 -0.095213 0.001926 0.002664 0.045138 0.168843 0.073524 -0.000954 -0.002217 -0.490839 -1.474499 -1.499264 -1.215392 -0.103372 0.495953 0.740054 0.539436 0.320384 -0.002831 -0.001143 -0.002496 0.000732 0.001426 0.001892 0.007659 -0.000009 0.000709 0.050791 0.066497
0.093104 0.046299 0.020192 -0.010792 -0.001010 -0.001166 -0.000078 0.000662 0.017958 0.009459 0.005979 0.004680 0.229443 0.269017 1.625959 1.456332 1.247467 1.048131 0.849408 0.833984 0.684169 0.899924 0.607035 0.015521 0.006289 0.013791 0.158442 1.235278 1.824019 0.238518 -0.202141 -0.013144 0.013045 -0.000005 0.002936 0.000892 -0.001026 -0.000554 0.000354 0.018457 0.075839 -0.628298 -0.192533 0.140634 0.455456 0.607684 0.502428 0.296845 -0.027655 0.000000 -0.001531 -0.002359 -0.000000 0.004233 0.003703 0.003387 0.002203 0.037447 0.021381
0.085042 0.040549 0.016547 -0.000944 -0.000942 -0.000891 0.000000 0.008182 0.080929 0.274792 0.232765 0.445495 0.522371 1.235491 1.178767 0.297189 0.673229 0.487249 0.328051 0.265797 0.000000 -0.121841 -0.020639 0.000402 0.001798 0.232162 0.908043 0.679121 0.519332 0.351724 -0.026922 -0.027324 0.029219 -0.000129 0.000310 -0.000124 -0.000809 -0.003738 0.000067 0.008667 0.257591 0.238487 0.129130 0.333251 0.540424 0.684352 0.689621 0.602219 -0.010436 -0.010825 -0.007704 -0.000981 -0.000000 0.000981 0.006142 0.005305 0.071808 0.058751 -0.000360
0.084712 0.027879 -0.001242 -0.001061 0.000070 -0.000123 0.000194 0.001098 0.010191 0.045398 0.846217 1.290546 1.415665 1.237275 0.903440 0.000924 0.200944 0.759708 0.419581 0.340703 0.000000 -0.164148 -0.143884 -0.000267 0.000544 0.166029 0.479924 0.061035 -0.145641 -0.091081 -0.059109 -0.083071 -0.010812 -0.001011 -0.000032 0.000751 0.001210 0.002171 0.001626 0.014243 0.166831 0.160337 0.656921 0.577115 0.566733 0.653424 0.686342 -0.003367 -0.009550 -0.006561 -0.004356 -0.000745 -0.000000 0.000745 0.006529 0.005397 0.051645 0.045478 -0.000360
0.094030 0.035678 -0.000515 0.000210 0.000644 0.000476 0.000235 0.000458 0.014963 0.122176 0.657538 0.648522 1.636762 0.552572 1.059310 0.499617 0.509846 0.346921 0.865848 0.912873 0.866989 1.431599 1.202157 1.203831 1.075628 0.730030 0.772105 0.439696 0.256726 -0.035146 -0.002737 -0.052245 -0.028590 -0.010900 0.000000 0.002485 0.001399 0.002115 0.001392 0.015217 0.172302 0.227475 0.819751 0.560345 0.210490 0.296766 -0.000660 0.000079 0.000712 0.005028 0.003521 0.000579 -0.000071 0.000923 0.003831 0.003944 0.105738 0.127135 0.117612
0.001801 0.018216 0.020033 0.013042 0.014449 0.009200 0.002548 0.000805 0.001806 0.162443 0.940970 0.904704 0.935637 0.763472 1.142667 1.002210 0.569587 0.499872 0.357214 0.247504 0.573100 1.440067 1.221002 1.191853 1.067922 0.772360 0.985028 0.568204 0.171653 -0.029662 0.103038 0.020754 -0.019862 -0.007963 0.000000 0.008660 0.022654 0.049792 0.634661 0.653713 0.611182 0.859676 0.882872 0.193861 -0.580651 -0.098374 -0.000832 0.000396 0.000776 0.018897 0.313797 0.175420 0.088042 -0.000827 0.000660 0.001464 0.183238 0.179206 0.114970
