use_cases/Flooding_chicago/flooding_data/output/hUx_2580.asc
ncols 337
nrows 393
xllcorner 428428.000000
yllcorner 4602440.000000
cellsize 26.757400
NODATA_value -9999.000000
[rows 52 to 77 of 393, columns 236 to 294 of 337]
-0.006861 -0.000569 0.000247 0.000554 0.004162 0.004646 -9999.000000 -9999.000000 -9999.000000 -9999.000000 -9999.000000 -9999.000000 -9999.000000 -9999.000000 -9999.000000 -9999.000000 -9999.000000 -9999.000000 -9999.000000 -9999.000000 -9999.000000 -9999.000000 -9999.000000 -9999.000000 -9999.000000 -9999.000000 -9999.000000 -9999.000000 -9999.000000 -9999.000000 -9999.000000 -9999.000000 -9999.000000 -9999.000000 -9999.000000 -9999.000000 -9999.000000 -9999.000000 -9999.000000 -9999.000000 -9999.000000 -0.005672 -0.214974 -0.224432 -0.088311 0.000147 0.060349 0.125350 0.194613 0.224402 -0.000520 0.000236 0.018429 0.018743 0.007358 0.003299 0.003790 -0.232981 -0.248569
-0.006778 -0.000393 0.000331 0.010243 0.019368 0.029295 -9999.000000 -9999.000000 -9999.000000 -9999.000000 -9999.000000 -9999.000000 -9999.000000 -9999.000000 -9999.000000 -9999.000000 -9999.000000 -9999.000000 -9999.000000 -9999.000000 -9999.000000 -9999.000000 -9999.000000 -9999.000000 -9999.000000 -9999.000000 -9999.000000 -9999.000000 -9999.000000 -9999.000000 -9999.000000 -9999.000000 -9999.000000 -9999.000000 -9999.000000 -9999.000000 -9999.000000 -9999.000000 -9999.000000 -9999.000000 -0.000360 0.000360 -0.158885 -0.227032 -0.257585 -0.177326 -0.135269 0.019718 0.157106 0.188599 -0.001148 -0.000187 0.001072 0.044504 0.168014 0.046776 0.000235 -0.395593 -0.213753
-0.009117 -0.000180 0.000174 0.007009 0.032081 0.036958 -9999.000000 -9999.000000 -9999.000000 -9999.000000 -9999.000000 -9999.000000 -9999.000000 -9999.000000 -9999.000000 -9999.000000 -9999.000000 -9999.000000 -9999.000000 -9999.000000 -9999.000000 -9999.000000 -9999.000000 -9999.000000 -9999.000000 -9999.000000 -9999.000000 -9999.000000 -9999.000000 -9999.000000 -9999.000000 -9999.000000 -9999.000000 -9999.000000 -9999.000000 -9999.000000 -9999.000000 -9999.000000 -9999.000000 -9999.000000 -0.000360 0.000360 -0.204892 -0.263798 -0.350812 -0.350141 -0.370028 -0.288510 -0.183139 -0.303023 -0.038211 -0.000999 0.000954 0.037987 0.155682 0.040800 0.000009 -0.118387 -0.193095
-0.039105 -0.000069 0.000067 0.001009 0.003161 0.015433 -9999.000000 -9999.000000 -9999.000000 -9999.000000 -9999.000000 -9999.000000 -9999.000000 -9999.000000 -9999.000000 -9999.000000 -9999.000000 -9999.000000 -9999.000000 -9999.000000 -9999.000000 -9999.000000 -9999.000000 -9999.000000 -9999.000000 -9999.000000 -9999.000000 -9999.000000 -9999.000000 -9999.000000 -9999.000000 -9999.000000 -9999.000000 -9999.000000 -9999.000000 -9999.000000 -9999.000000 -9999.000000 -9999.000000 -9999.000000 -1.145942 -0.983668 -0.613152 -0.601941 -0.530417 -0.392154 -0.371694 -0.331085 -0.288890 -0.458213 -0.029234 -0.001158 0.000874 0.032829 0.158126 0.050631 -0.045402 -0.295714 -0.337458
0.065295 0.047565 0.010786 0.061697 0.088883 0.066998 0.021518 0.011577 0.003399 -9999.000000 -9999.000000 -9999.000000 -9999.000000 -9999.000000 -9999.000000 -9999.000000 -9999.000000 -9999.000000 -9999.000000 -9999.000000 -9999.000000 -9999.000000 -9999.000000 -9999.000000 -9999.000000 -9999.000000 -9999.000000 -9999.000000 -9999.000000 -9999.000000 -9999.000000 -9999.000000 -9999.000000 -9999.000000 -9999.000000 -9999.000000 -9999.000000 -9999.000000 -9999.000000 -9999.000000 -0.822090 -0.769484 -0.626066 -0.341114 -0.195603 -0.055176 0.023624 0.032701 0.016468 -0.146461 -0.025366 -0.007360 0.000000 0.023815 0.030997 -0.084898 -0.349124 -0.533021 -0.520217
0.104050 0.052423 0.104909 0.129198 0.139389 0.072432 0.040003 0.015555 0.005025 -9999.000000 -9999.000000 -9999.000000 -9999.000000 -9999.000000 -9999.000000 -9999.000000 -9999.000000 -9999.000000 -9999.000000 -9999.000000 -9999.000000 -9999.000000 -9999.000000 -9999.000000 -9999.000000 -9999.000000 -9999.000000 -9999.000000 -9999.000000 -9999.000000 -9999.000000 -9999.000000 -9999.000000 -9999.000000 -9999.000000 -9999.000000 -9999.000000 -9999.000000 -9999.000000 0.000000 -0.426557 -0.456036 -0.093753 0.492037 0.815801 0.775354 0.573535 0.489852 0.400147 0.299539 -0.058068 -0.000945 -0.000238 0.002810 -0.092063 -0.105930 -0.275158 -0.172293 0.030830
0.094519 0.041312 0.132767 0.154457 0.127344 0.224101 0.417692 0.259294 0.269265 0.155166 0.077550 -9999.000000 -9999.000000 -9999.000000 -9999.000000 -9999.000000 -9999.000000 -9999.000000 -9999.000000 -9999.000000 -9999.000000 -9999.000000 -9999.000000 -9999.000000 -9999.000000 -9999.000000 -9999.000000 -9999.000000 -9999.000000 -9999.000000 -9999.000000 -9999.000000 -9999.000000 -9999.000000 -9999.000000 -9999.000000 -9999.000000 -9999.000000 -9999.000000 -0.017588 -0.377710 -0.472551 -0.302096 -0.127768 -0.197611 -0.297092 -0.356693 -0.409032 -0.537390 -0.626429 -0.709684 -0.164354 -0.001507 -0.158648 -0.538308 -0.644142 -0.739918 -0.641627 -0.858065
0.004578 0.037499 0.181250 0.086063 0.000000 0.038363 0.019245 0.101412 0.233839 0.139115 0.413432 -0.030043 -0.000492 -0.000641 0.000000 -9999.000000 -9999.000000 -9999.000000 -9999.000000 -9999.000000 -9999.000000 -9999.000000 -9999.000000 -9999.000000 -9999.000000 -9999.000000 -9999.000000 -9999.000000 -9999.000000 -9999.000000 -9999.000000 -9999.000000 -9999.000000 -9999.000000 -9999.000000 -9999.000000 -9999.000000 -9999.000000 -9999.000000 -0.001921 -0.439981 -1.001378 -1.390535 -2.063973 -2.019031 -2.418620 -2.562695 -3.106147 -3.213565 -3.714943 -1.954374 -2.319050 -2.107984 -1.794384 -1.539978 -1.954963 -1.083639 -0.599425 -0.076465
0.007751 0.060099 -0.134672 -0.007200 0.000000 0.009611 0.023350 0.064138 0.333032 0.376188 0.350263 0.310894 0.319720 0.183869 -0.196384 -0.003663 0.000000 -9999.000000 -9999.000000 -9999.000000 -9999.000000 -9999.000000 -9999.000000 -9999.000000 -9999.000000 -9999.000000 -9999.000000 -9999.000000 -9999.000000 -9999.000000 -9999.000000 -9999.000000 -9999.000000 -9999.000000 -9999.000000 -9999.000000 -9999.000000 -9999.000000 0.000000 0.006223 0.106102 0.100578 0.064188 -0.127560 -0.293446 -0.483351 -0.635818 -0.902646 -0.982637 -1.131628 -1.373786 -0.489650 -1.426537 -1.296298 -1.154542 -0.988605 -0.552811 -0.121036 -0.284831
-0.016731 -0.080394 -0.013894 -0.007722 0.000000 0.011861 0.227310 0.049727 -0.000740 0.134442 0.303370 0.343798 0.444087 0.387600 0.049274 -0.040608 -0.005312 0.000000 -9999.000000 -9999.000000 -9999.000000 -9999.000000 -9999.000000 -9999.000000 -9999.000000 -9999.000000 -9999.000000 -9999.000000 -9999.000000 -9999.000000 -9999.000000 -9999.000000 -9999.000000 -9999.000000 -9999.000000 -9999.000000 -9999.000000 -0.000944 0.000490 0.063298 0.152321 0.307154 0.361124 0.728232 0.516120 0.488042 0.434903 0.340022 0.192953 -0.027074 -0.370548 -0.174439 -0.000539 0.059930 0.162459 0.131080 -0.080569 -0.105284 -0.230150
-0.147854 -0.107069 -0.015821 -0.007178 0.000000 0.021779 0.234892 0.209205 0.246146 0.294204 0.316794 0.444529 0.634251 0.655062 0.460939 0.709078 0.914182 0.283864 0.000701 -0.078546 -0.004056 -0.000185 -9999.000000 -9999.000000 -9999.000000 -9999.000000 -9999.000000 -9999.000000 -9999.000000 -9999.000000 -9999.000000 -9999.000000 -9999.000000 -9999.000000 -9999.000000 -9999.000000 -9999.000000 -0.001054 0.001042 0.060306 0.101614 0.187230 0.299484 0.562650 0.591477 0.513416 0.494042 0.394725 0.206811 0.142492 -0.016971 -0.154166 -0.009941 0.000000 -0.019631 -0.036538 -0.062814 -0.060546 -0.004613
-1.149060 -0.064859 -0.026823 -0.012301 0.000000 0.006565 0.009647 0.325803 0.541712 0.475404 0.141419 0.093425 0.053523 0.222398 0.708356 0.583365 0.557940 0.152331 0.020661 -0.011705 -0.131730 -0.007486 -0.000003 0.007574 0.024570 0.006476 -9999.000000 -9999.000000 -9999.000000 -9999.000000 -9999.000000 -9999.000000 -9999.000000 -9999.000000 -9999.000000 -9999.000000 -9999.000000 -0.001222 0.001242 0.061782 0.114326 0.213270 0.339399 0.641744 0.623020 0.588530 0.630996 0.482543 0.419263 0.344304 0.139659 -0.109050 -0.007446 0.000000 -0.019474 -0.007366 -0.011325 -0.018304 -0.009557
-0.087806 -0.017567 -0.001274 -0.000294 0.000340 0.014677 0.021249 0.085350 0.009450 0.013689 0.026875 0.053273 0.095035 0.767084 0.904158 0.669030 0.573325 0.217542 0.039892 0.034497 -0.062596 -0.007193 -0.000208 0.000326 0.017065 0.010794 0.004756 0.010002 0.015789 0.020980 0.482226 1.747538 2.993116 0.157789 -0.365323 -0.017466 -0.008856 0.000000 0.003575 0.001907 0.140255 0.226059 0.323630 0.477648 0.371090 0.316998 0.282119 0.255264 0.176316 0.026764 -0.090896 -0.350291 -0.151999 -0.035508 -0.044387 -0.012498 -0.016135 -0.060161 -0.032130
-0.019091 -0.007736 -0.000655 0.000447 0.022895 0.033753 0.390298 0.146109 0.115620 0.035893 0.018690 0.023885 -0.037689 -0.000036 -0.054168 -0.104086 -0.043390 0.041533 -0.000360 0.000360 0.024567 0.186890 -0.000063 0.000072 0.098867 0.528212 0.668708 1.575149 2.155107 3.029026 2.730497 4.333435 3.476079 0.480087 -0.275493 -0.029686 -0.014095 0.000000 0.016626 0.112306 0.241105 0.514469 0.278015 0.105543 0.022685 0.003242 0.015908 0.031985 0.004538 -0.052969 -0.080215 -0.043786 -0.071504 -0.023377 -0.072217 -0.024677 -0.000532 -0.001302 -0.002422
-0.001006 -0.000407 0.000099 0.009619 0.032319 0.345684 0.024888 -0.123915 -0.121664 -0.097358 -0.030695 0.012148 -0.071111 -0.000860 0.000760 0.074426 0.194986 0.132199 -0.000360 0.000360 0.234303 1.124196 1.266200 1.488107 1.683140 3.158406 2.893277 2.619202 2.748615 3.148437 2.548437 2.923078 1.664354 0.299320 -0.158723 -0.033605 -0.014374 0.000000 0.015494 0.147965 0.332172 0.637534 0.026789 0.016132 0.071506 0.055040 0.085253 0.108730 0.044954 -0.059702 -0.071466 -0.106666 -0.024625 -0.013973 -0.000849 -0.001217 -0.000169 -0.000152 0.000308
-0.002372 -0.001774 0.002592 0.007743 0.006643 0.049995 0.655209 0.375128 0.354233 0.282520 0.233547 0.082060 -0.037826 -0.001302 0.000980 0.001055 0.468566 0.398943 0.001925 0.186152 0.181403 0.516697 0.990845 1.643145 1.684760 1.535902 1.873850 2.304950 1.617780 1.804383 2.746158 2.327788 1.810064 0.006219 0.043065 0.015755 -0.010572 0.000000 0.013388 0.227601 0.230724 0.215423 0.391691 0.909354 0.343779 0.203924 0.132834 0.068071 -0.002787 0.008640 0.000160 -0.004430 -0.023420 -0.024463 -0.026446 -0.014374 -0.005208 0.000005 0.007930
-0.001961 -0.001434 0.002233 0.056596 0.122290 0.114065 0.366663 0.190418 0.126274 0.140110 0.045052 0.027749 0.016720 -0.000633 0.000705 0.009944 0.016743 0.489697 0.399166 0.379069 0.596882 0.515591 0.435750 0.492363 0.302351 1.352908 1.439863 1.261043 1.912740 2.002165 2.081726 1.828267 1.281418 0.191668 -0.131809 -0.111973 -0.054573 0.000000 0.007519 0.216223 0.056678 0.007242 0.262032 0.318274 0.037722 0.004303 -0.024258 -0.004720 0.000907 -0.000330 0.000396 -0.181349 -0.027346 -0.030079 -0.017989 -0.009595 -0.000222 0.000222 0.003946
-0.017540 -0.008768 -0.000375 0.000143 0.014617 0.024804 0.032293 0.012337 -0.088322 -0.000582 -0.000781 -0.000842 0.000035 0.001204 0.001135 0.008583 0.331477 0.768578 0.823528 0.735065 0.925926 0.653931 0.426595 0.451632 0.296532 0.293473 1.394706 1.762846 1.764655 1.421373 1.400466 1.232214 0.687851 0.154991 -0.068418 -0.242469 -0.051012 0.000000 0.049845 -0.260712 -0.422560 -0.288294 0.022042 0.081194 -0.107502 0.000000 -0.004323 -0.004755 -0.008941 -0.000401 0.000555 -0.105312 -0.311410 -0.022031 -0.015161 -0.008610 -0.000005 0.000589 0.000615
-0.012967 -0.023252 -0.010464 -0.000032 0.015093 0.025800 0.027492 0.037802 0.020881 -0.036001 -0.035769 -0.001566 0.000732 0.001402 -0.035266 0.031711 0.491929 0.743386 0.942144 0.940486 1.394676 0.847845 0.451464 0.535190 0.971471 1.276418 1.387554 1.321607 2.088223 1.545711 1.031503 0.789556 0.231549 -0.624874 -1.076019 -1.548043 -0.794397 -1.037987 -1.344833 -1.188457 -1.400701 -1.229728 -0.933045 -0.359930 -0.066270 -0.036774 -0.012000 -0.022076 -0.036757 -0.000013 -0.092127 -0.117575 -0.325158 -0.034740 -0.017098 -0.000329 0.000313 0.000268 -0.000310
-0.092091 -0.029706 -0.011699 -0.000760 0.000113 0.010829 0.027058 0.026170 0.027229 0.037321 0.018441 -0.001011 0.000783 0.022657 0.620668 0.893392 0.978296 0.984102 1.175614 1.167066 0.907834 0.529903 0.382069 0.345488 0.741793 1.325374 1.651647 1.366449 1.159319 0.119577 0.004386 0.155219 0.272568 0.104496 -0.544900 -0.747817 -1.348828 -1.034089 -1.518362 -1.530828 -1.571430 -1.743951 -1.627683 -0.888422 -0.343973 -0.197144 -0.123184 -0.069273 -0.136415 -0.513277 -0.133112 -0.524642 -0.353577 -0.015472 -0.008779 -0.000008 -0.000391 -0.003554 -0.010140
-0.379506 -0.194535 -0.064418 -0.014621 0.000000 0.008860 0.015699 0.026055 0.038959 0.059792 0.032469 -0.000447 0.000589 0.487641 0.344186 0.297934 0.295166 0.255233 0.079084 0.000749 0.002214 -0.009782 -0.250897 -0.203612 0.111149 0.507146 1.050768 1.051358 0.216711 0.633419 0.308034 0.479259 -0.009647 -0.581282 -1.140160 -1.436972 -0.945334 -0.823860 -0.088496 -0.585917 -1.159598 -1.134280 -1.171245 -0.624946 -0.279223 -0.157359 -0.056412 -0.083421 -0.031556 -0.014574 -0.030170 -0.020366 -0.068747 -0.377153 -0.035605 -0.001317 -0.002941 -0.023520 -0.023017
-0.282826 -0.071866 -0.052536 -0.017431 0.000000 0.012314 0.017644 0.019475 0.042806 0.088191 0.051751 -0.000018 0.013655 0.556590 0.291355 0.062873 -0.125727 -0.186370 -0.394374 -0.000013 0.005536 0.005553 0.273595 0.222701 0.306961 0.491022 0.500014 0.047834 0.000441 0.020020 0.203835 0.060914 -0.351689 -0.479434 -0.347863 -0.423377 -0.077780 -0.012062 0.000005 0.010233 0.660956 0.314945 0.124038 0.014712 0.097543 0.194910 0.270007 0.144526 0.047340 -0.073930 -0.073998 -0.001651 -0.267486 -0.038380 -0.032249 -0.000033 -0.053506 -0.017783 -0.001715
-0.000671 -0.010755 -0.026406 -0.018279 0.000000 0.006934 0.031534 0.108522 0.030745 0.202268 0.226178 0.214327 0.595810 0.409683 0.256657 0.395316 -0.019999 -0.173277 -0.451901 -0.000401 0.000555 0.022874 0.589813 0.637645 0.038120 -0.314512 -0.128099 -0.194133 -0.000648 0.000280 0.156939 1.234260 0.235054 0.185045 0.124217 -0.057330 -0.006039 -0.000222 0.000222 0.003946 0.469869 1.340391 1.221863 0.373117 0.295344 0.351327 0.252185 -0.014528 -0.000160 0.000099 -0.123326 -0.009724 -0.000200 0.000033 0.000894 0.005596 0.018686 -0.045501 -0.007898
-0.000005 0.000263 0.001179 0.000799 0.004903 0.018277 0.020356 0.175345 0.368237 0.328723 0.306349 0.258840 0.127099 0.210129 0.146410 0.139791 0.039548 -0.138206 -0.011259 -0.000330 0.000396 0.251143 0.697042 0.503222 0.194392 -0.116369 -0.471656 -1.026188 -0.396528 -0.255297 -0.705642 -0.729002 -0.476663 -0.011307 -0.440196 -0.016036 -0.001437 -0.000276 0.000424 0.019599 1.492813 2.452285 1.818420 0.567533 0.087845 0.021755 -0.231642 -0.012338 -0.000299 -0.000187 -0.000117 -0.000918 -0.000222 0.000222 0.008674 0.037037 0.117057 1.230375 1.304612
-0.000222 0.000222 0.007375 0.016155 0.019529 0.024784 0.077304 0.163383 0.053217 0.022174 0.699251 0.176175 0.096402 0.154984 0.103722 0.377219 0.230995 0.000000 -0.000736 -0.000198 0.054540 0.502429 0.395405 0.141757 -0.468374 -0.946331 -1.893287 -2.109951 -1.514633 -1.529463 -3.067652 -3.033399 -1.042356 -0.868604 -0.559608 -0.694300 -0.053677 -0.000016 0.054882 0.825564 2.555773 2.424557 1.697867 0.767298 0.528633 0.070066 -0.031737 -0.007740 -0.000339 0.000240 0.000379 0.001084 0.000181 0.000246 0.001020 0.036346 0.261248 0.613344 1.253256
-0.000070 0.000070 0.008819 0.024677 0.069849 0.119010 0.063141 0.077725 -0.000000 0.029974 0.089855 0.059829 0.520851 0.174738 0.023949 -0.124805 -0.026955 -0.000000 -0.042292 -0.100419 -0.182130 0.094105 0.313641 0.235337 -0.266987 -0.947272 -2.110033 -2.714627 -3.332895 -3.726598 -4.362006 -5.766083 -4.347007 -2.034319 -1.338793 -1.260597 -0.071743 -0.000001 0.098012 2.190607 3.152777 2.787480 1.739460 0.738253 0.651134 0.363787 -0.021573 -0.012093 -0.000001 0.020208 0.044087 0.079798 0.018573 0.006081 0.000031 0.013846 0.449482 0.733784 0.844484
