use_cases/Flooding_chicago/flooding_data/output/hUx_1200.asc
ncols 337
nrows 393
xllcorner 428428.000000
yllcorner 4602440.000000
cellsize 26.757400
NODATA_value -9999.000000
[rows 156 to 181 of 393, columns 118 to 176 of 337]
0.000000 0.007782 0.069649 0.067890 0.104335 0.134118 0.087165 0.062434 0.062821 0.517537 1.014398 0.757641 0.000000 0.217358 0.427611 0.112477 0.040129 0.056970 0.028210 -0.080193 -0.114898 -0.046609 -0.017600 -0.008027 -0.000672 -0.000350 0.000607 0.009329 0.021081 0.052524 1.736390 1.401253 0.933358 0.880467 0.537215 0.143112 0.001442 0.000618 0.066686 0.042187 0.029050 0.019599 0.051216 0.120631 0.314140 0.439873 0.522643 0.446715 0.563814 0.395907 -0.010166 -0.037470 -0.015878 -0.000222 0.000222 0.010804 0.162073 0.122527 0.062182
0.004142 0.214299 0.779387 0.359856 0.267621 0.088741 0.089535 0.055257 0.694292 0.594374 0.277541 0.501844 0.445279 0.355333 0.193661 0.024117 0.046146 -0.287614 -0.448217 -0.567890 -0.985558 -0.023787 -0.004363 -0.000808 -0.000363 0.000046 0.000360 0.010183 0.027528 1.646043 1.371988 1.230386 1.142813 1.071485 0.829358 0.069919 0.085135 0.119333 0.000016 0.090250 0.375407 0.197081 0.159715 0.158801 0.157556 0.147172 0.109008 0.083329 -0.219725 -0.326644 -1.174127 -0.948960 -0.583774 -0.043739 -0.100334 0.057490 0.208946 0.214633 0.114273
0.002787 0.072428 0.037636 -0.068718 -0.005350 0.000000 0.004061 0.037492 0.393662 -0.000116 0.000087 0.001953 0.002131 0.223217 0.748293 0.051735 -0.158835 -0.195986 -0.348326 -0.408211 -0.494379 -0.027520 -0.006816 -0.000021 0.007950 0.012619 0.000985 0.000746 -0.236963 -0.411868 -0.515507 -0.701772 -0.863080 -0.562591 -0.275020 -0.577332 -0.257126 -0.042283 0.000567 0.133200 1.342691 0.248542 0.113917 0.055557 -0.000461 -0.007608 -0.098264 -0.377555 -1.026410 -1.308020 -2.207081 -2.555303 -1.923229 -1.095626 -1.031549 -0.240131 0.001760 0.000496 0.078628
0.083567 0.355110 0.145741 0.104070 -0.000464 0.000067 0.011925 0.557727 0.521045 -0.000464 0.000159 0.002106 0.012429 0.020300 0.276356 -0.073039 -0.359652 -1.094675 -1.338771 -1.360301 -1.378607 -1.607394 -0.013866 -0.000114 0.000255 -0.076012 -0.142353 -0.190062 -0.365788 -0.402306 -0.751598 -0.955925 -1.108394 -0.713207 -0.348153 -0.453343 -0.135505 0.094757 0.565529 0.171420 0.247044 -0.000139 0.000141 -0.031160 -0.026768 -0.059413 0.020843 0.273581 0.460574 0.747263 0.916181 1.200689 0.560609 0.656064 0.732430 0.502923 0.034607 -0.000165 0.003709
0.862699 0.696826 0.275746 0.245589 0.168721 0.437174 0.384956 0.305522 -0.000772 -0.000517 0.000607 0.021066 0.035541 0.033649 -0.009863 -0.417226 -0.575892 -1.070565 -0.933680 -0.738963 -0.343128 -0.298624 -0.678392 -0.114888 -0.160811 -0.287245 -0.246292 -0.130307 0.175213 0.328535 0.033934 -0.145024 -0.207274 -0.190878 -0.122820 -0.340199 -0.045612 0.052190 0.137345 -0.286045 -0.026571 -0.000292 0.000104 0.000239 0.000236 0.000292 0.048018 0.280590 0.560342 1.853729 3.289403 2.858859 0.814518 0.041263 -0.069522 -0.030235 -0.033306 -0.001933 -0.001093
0.168911 0.290580 -0.000131 0.000136 0.051773 0.029439 0.010730 -0.694452 -0.029909 -0.001626 0.000962 0.001615 0.020966 0.114840 -0.193796 -0.250203 -0.382604 -0.327460 0.213603 0.516734 0.106816 -0.669854 -1.371522 -1.851299 -0.794603 -0.293424 -0.235432 -0.118526 0.001289 -0.159442 -0.243654 -0.259077 -0.177957 0.108923 0.334962 0.440636 0.428417 0.446024 0.364190 -0.752621 -0.024914 -0.006437 -0.000117 0.000075 0.000248 0.000793 0.024687 0.067180 0.099811 -0.006541 -0.001838 -0.000855 0.000171 0.000302 -0.028386 -0.042306 -0.094332 -0.026667 -0.006056
-0.080622 -0.007200 -0.000331 0.000393 0.007574 0.040580 0.014312 -0.560181 -0.025339 0.000000 0.003144 0.002133 0.014146 0.090598 0.285924 0.324201 0.435564 1.030830 1.575589 0.841438 0.465980 -0.011259 -0.002385 -0.009938 -0.040330 -0.076589 -0.064871 -0.019505 0.047048 0.038463 0.009056 0.001370 0.010204 0.342546 0.782645 1.168036 0.336497 -0.066513 -0.076856 -0.123541 -0.077049 -0.025871 -0.005716 0.000000 0.006570 0.022923 0.040399 0.117799 0.063880 -0.038218 -0.027851 -0.012129 -0.000003 0.011095 0.023214 -0.041938 -0.122383 -0.028037 -0.012536
-0.029971 -0.000554 -0.000247 0.000569 0.010858 0.045402 0.016994 0.172286 -0.003929 0.000000 0.009656 0.025119 0.039686 0.098506 0.113775 0.001774 0.017484 -0.122555 -0.013318 -0.017807 -0.005328 -0.000241 0.000604 0.001194 -0.000979 -0.002249 -0.001272 0.007304 0.010808 0.006632 0.000122 0.021184 0.045006 -0.854356 -1.017790 -0.511363 -0.021651 -0.009453 -0.009866 -0.062154 -0.057300 -0.022527 -0.006081 0.000000 0.006319 0.019327 0.094788 0.115422 0.020421 -0.020634 -0.020415 -0.008486 -0.000120 0.001077 0.009419 0.055726 -0.036453 -0.037143 -0.009533
-0.018958 -0.000343 -0.000216 0.000125 0.000899 0.001021 0.000864 0.001342 0.000083 0.000205 0.000692 0.007111 0.023799 0.095988 -0.315895 -0.601152 -1.286802 -0.029365 -0.023983 -0.010734 -0.000103 0.000103 0.009392 0.015859 -0.000848 -0.007287 -0.020927 -0.012981 0.013505 0.011034 0.002260 0.010205 0.030905 -0.191165 -0.326523 -0.099623 -0.014773 -0.004901 0.000005 -0.135714 -0.073994 -0.037074 -0.008262 0.000000 0.003663 0.038229 0.089410 0.033801 0.000088 -0.000517 -0.000039 0.000243 0.001404 0.015561 0.029190 0.097602 -0.001069 -0.050099 -0.021374
-0.000152 0.007492 0.000581 -0.013823 -0.009187 -0.000272 0.000431 0.009625 0.019452 0.013203 0.001101 0.024197 -0.144206 -0.339671 -0.873845 -0.905781 -1.810276 -0.010138 -0.007544 -0.003946 -0.000222 0.000222 -0.003315 -0.000345 0.000107 -0.009691 -0.033325 -0.039623 0.010808 0.028142 0.003843 0.001211 0.001070 -0.099080 -0.302791 -0.204910 -0.005685 -0.000326 0.000208 -0.016540 -0.055042 -0.104633 -0.049314 -0.002697 0.002309 0.028741 0.036111 -0.025947 -0.050886 -0.011989 -0.000000 0.006650 0.021331 0.040803 0.007635 0.196031 0.088448 -0.036684 -0.004728
0.012799 -0.096283 -0.190587 -0.034229 -0.031349 -0.007576 0.000012 0.013002 0.024704 0.088244 -0.037376 -0.207739 -0.691183 -1.073433 -1.484002 -1.553803 -0.454505 -0.493146 -0.359333 -0.129868 -0.046367 -0.091209 -0.029212 -0.012670 -0.000130 0.000130 -0.063107 -0.060121 -0.044194 -0.001119 0.000073 0.008684 0.020177 -0.128266 -0.358237 -0.342213 -0.033531 -0.007002 0.000003 -0.024944 -0.010398 -0.069582 -0.046002 -0.000932 0.000470 0.010435 -0.004923 -0.042826 -0.045316 -0.018449 -0.000006 0.009543 0.037506 0.078449 0.553273 0.423237 0.206080 -0.021154 -0.005048
0.229624 0.570507 -0.004797 -0.241913 -0.400579 -0.006641 -0.000112 0.000341 0.004566 0.004544 -0.005348 -0.147559 -0.247944 -1.005857 -1.135907 -0.150994 -0.097101 -0.116858 -0.101342 -0.041630 -0.003453 -0.005820 -0.033787 -0.007238 -0.000360 0.000360 0.009754 -0.008999 -0.067398 -0.015754 -0.000416 0.000350 0.012515 -0.070535 -0.196079 -0.279935 -0.329545 -0.022879 -0.027958 -0.039826 -0.003208 -0.004411 -0.007292 -0.001085 -0.000589 -0.000006 -0.000382 -0.005560 -0.040146 -0.026253 -0.000103 0.001615 0.035223 0.104499 -0.280981 -0.255937 -0.046848 -0.039223 -0.030859
0.136628 0.549940 0.298025 0.305732 0.453236 0.670134 0.377985 0.001432 -0.001987 -0.010373 -0.032912 -0.398764 -0.611740 -3.127327 -0.305676 -0.111956 -0.045279 -0.060804 -0.160747 -0.164989 -0.015692 -0.003224 -0.014757 -0.009515 -0.000360 0.000360 0.013856 -0.090207 -0.255915 -0.025382 -0.000907 0.000620 0.012351 0.051414 -0.045455 -0.246226 -0.483668 -0.219443 -0.088831 -0.040095 -0.021875 -0.006822 -0.020252 -0.010192 -0.000572 -0.000326 0.000046 0.000364 0.001262 0.000669 0.000797 0.003970 0.026868 0.044280 0.130059 -0.133204 -0.097635 -0.041156 -0.021530
0.227200 -0.011783 -0.171874 -0.322379 -0.271962 -0.192531 -0.078085 -0.106008 -0.340871 -0.491789 -0.434908 -1.200457 -2.022815 -1.868287 -0.291960 -0.324379 -0.279207 -0.078725 -0.099439 -0.658572 -0.010192 -0.002463 -0.003889 -0.000382 0.000560 0.000010 0.015539 0.026602 -0.102213 -0.016662 -0.000898 0.000248 0.024100 0.107702 0.047021 -0.180089 -0.437194 -0.329496 -0.155630 -0.104620 -0.083231 -0.060318 -0.036319 -0.024405 -0.006229 -0.000000 0.000334 0.000306 0.000845 0.000838 0.000533 0.016968 0.026260 0.046230 0.104003 -0.090174 -0.084145 -0.023411 -0.017922
0.142204 -0.705252 -0.954132 -1.041958 -1.161920 -1.021887 -1.073705 -0.738336 -1.076488 -0.963150 -1.091913 -0.978649 -0.989000 -0.216481 -0.197007 -0.299074 -0.373012 -0.352614 -0.111877 -0.589832 -0.560454 -0.025842 -0.010310 -0.000012 0.030490 0.029255 0.398894 0.310949 0.082379 -0.437770 -0.030087 0.000000 0.023510 0.066684 0.016074 -0.005429 -0.062321 -0.281801 -0.267523 -0.185889 -0.148270 -0.117813 -0.079611 -0.042183 -0.008320 -0.000008 0.000580 0.000603 0.000646 0.000009 0.011411 0.020803 0.028003 0.084211 0.119144 0.011612 -0.168563 -0.022912 -0.025405
-0.654037 -1.222759 -1.401318 -1.483339 -1.813124 -2.183400 -2.334614 -2.076487 -2.143456 -1.480666 -1.369497 -1.194524 -1.047204 -0.036202 -0.024066 -0.029607 -0.022769 -0.020049 -0.080834 -0.136220 -0.969032 -0.281480 -0.099611 -0.036838 -0.000001 0.085185 0.370341 0.286077 0.176174 -0.037398 -0.007493 0.000004 0.010277 0.034111 0.096136 0.023295 -0.001774 -0.024009 -0.154103 -0.234089 -0.191195 -0.169025 -0.132442 -0.092466 -0.029759 -0.000422 -0.000101 0.000080 0.000287 0.000387 0.007538 0.009628 0.013845 0.079328 0.161850 0.106915 -0.071212 -0.027569 -0.009131
-0.095300 0.159856 0.387305 0.490660 -0.064275 -0.874025 -0.746419 -0.535643 -0.558720 -0.824617 -1.188165 -1.500721 -0.399216 -0.023344 -0.010584 -0.000388 -0.000372 0.000145 0.000492 0.000861 -0.432669 -0.664757 -0.022330 -0.002315 -0.000043 0.002023 -0.075551 -0.223091 -0.055365 -0.006608 -0.000323 0.000216 0.010752 0.037585 0.091272 -0.008081 -0.004899 -0.001753 -0.003909 -0.032174 -0.043674 -0.020515 -0.011516 -0.075870 -0.079898 -0.036247 -0.000473 -0.000973 -0.001222 0.003164 0.002607 0.035947 0.178943 0.060744 0.028101 -0.015838 -0.092820 -0.029359 -0.015096
-0.022333 0.072562 -0.504346 -0.005151 0.000003 0.006970 0.272952 0.304591 -0.012676 0.000013 -0.010750 -1.352827 -0.533811 -0.025747 -0.011097 -0.000609 -0.000540 0.000540 0.000609 0.193460 0.819875 -0.122499 -0.037013 -0.024084 -0.000049 0.014160 0.018129 -0.120144 -0.091432 -0.013138 -0.000965 0.000392 0.007144 0.030965 0.035260 -0.077779 -0.046126 -0.009914 -0.000711 -0.001649 -0.020087 -0.009222 -0.001974 -0.004601 -0.008034 -0.012813 -0.005691 -0.005377 -0.001073 0.001361 0.033225 0.074780 0.030057 0.024522 0.002485 -0.011733 -0.073980 -0.031808 -0.022991
-0.476191 -1.110470 -0.020339 -0.000222 0.000222 0.005274 0.015286 -0.000993 -0.000518 0.000308 0.018815 -0.452209 -0.487504 -0.058862 -0.033206 -0.008421 -0.000369 0.000369 0.018221 -0.144881 -0.217565 -0.047513 -0.036070 -0.003545 -0.000632 0.000340 -0.024733 -0.130574 -0.112043 -0.002981 -0.004241 -0.000269 0.001180 0.013140 0.027667 -0.011068 -0.008620 -0.000652 -0.001552 -0.001397 -0.001102 -0.001747 -0.002433 -0.006157 -0.013418 -0.018934 -0.015357 -0.011126 -0.000837 0.000898 0.025238 0.065205 0.011686 0.002043 0.000693 0.008458 0.029497 0.000176 -0.083297
-1.290020 -0.027226 -0.016317 -0.001821 0.001811 -0.041978 -0.043523 -0.013628 0.000000 0.002012 0.004160 0.007508 -0.112011 -0.081359 -0.019373 -0.005315 -0.000429 -0.000653 -0.002279 -0.132642 -0.077787 -0.044591 -0.041276 -0.038301 -0.009590 -0.000000 0.006388 0.010334 -0.066651 -0.004500 -0.009923 -0.011425 -0.002358 -0.001038 -0.002842 -0.018906 -0.008301 -0.000896 -0.002717 -0.000872 -0.000808 -0.000804 -0.001306 -0.002015 -0.002281 0.000000 -0.000026 -0.000989 -0.000401 0.000412 0.005185 0.001224 -0.000979 -0.000015 0.001118 0.011551 0.018503 0.004368 -0.028842
-0.067352 -0.055750 -0.032353 -0.001751 0.001700 0.140783 0.014983 -0.021929 -0.017805 -0.000885 0.007741 0.294593 0.046490 -0.156603 -0.043874 -0.045474 -0.051785 -0.063638 -0.036493 -0.006693 -0.036580 -0.019892 -0.004314 -0.013352 -0.007725 -0.000000 0.009433 0.018326 -0.128557 -0.189047 -0.009939 -0.020755 -0.011527 -0.014727 -0.037984 -0.017379 -0.008261 0.000000 -0.002205 -0.000733 -0.000114 0.000623 0.000327 -0.000782 -0.001562 -0.000664 0.000030 0.004858 0.001665 -0.001619 -0.008636 -0.030034 -0.010959 0.000000 0.013696 0.026371 0.025476 0.023685 0.093627
-0.039939 -0.036931 -0.011231 -0.000479 0.000420 0.043374 -0.156222 -0.050026 -0.154105 -0.103204 -0.115743 -0.296875 -0.404363 -0.123454 -0.022624 -0.185664 -0.090339 -0.045056 -0.012714 -0.000475 -0.056424 -0.086540 -0.041247 -0.012977 -0.013087 -0.000000 0.007524 0.024793 0.328876 -0.036524 -0.068221 -0.039514 -0.021684 -0.032459 -0.071539 -0.030334 -0.012008 0.000000 0.000813 0.000328 0.000559 0.000600 0.000584 0.000389 0.000459 0.001378 0.000001 0.034537 0.518830 -0.052701 -0.046926 -0.026316 -0.004433 -0.000440 0.004773 0.028832 0.029849 0.031150 0.139602
0.036718 -0.051483 -0.017403 -0.001112 0.000823 0.038482 -0.610636 -0.699086 -0.513918 -0.385978 -0.207430 -0.430832 -0.561432 -0.329280 -0.299856 -0.273719 -0.079664 -0.040638 -0.019609 -0.008124 -0.016594 -0.041413 -0.029140 -0.084422 -0.021118 -0.000004 0.013098 0.027090 0.020055 0.085693 -0.045579 -0.082754 -0.008656 -0.017448 -0.059499 -0.022463 -0.000827 0.000209 0.001269 0.000612 0.000369 0.015383 0.021083 0.581240 0.689642 0.801050 0.474711 0.042174 -0.136416 -0.232594 -0.160218 -0.027795 -0.017604 -0.000030 0.023722 0.055916 0.110945 0.184118 0.218878
0.049989 -0.058372 -0.017960 -0.000867 0.000223 0.000421 -0.613890 -0.603404 -0.445413 0.001814 0.173450 0.102889 -0.130048 -0.615335 -1.270546 -0.139934 -0.022275 -0.037027 -0.028042 -0.010445 -0.003605 -0.013974 -0.048254 -0.025020 -0.023213 -0.000172 0.000488 0.017446 0.637414 0.278581 -0.455405 -0.044950 -0.000745 -0.000642 -0.001041 -0.000163 0.001217 0.015224 0.122153 0.017944 0.221677 0.369733 0.569233 0.653666 0.051196 0.180583 0.136321 -0.190572 -0.334518 -0.366512 -0.471830 -0.088353 -0.019850 -0.000644 0.000636 0.010299 0.025276 0.041930 0.046240
0.035444 -0.038659 -0.019809 -0.006319 0.000000 0.008358 0.038231 -0.233395 -0.205659 -0.036828 0.196039 0.181253 -0.109059 -0.089005 -0.291179 -0.394379 -0.206567 -0.004727 -0.015675 -0.034056 -0.030278 -0.026663 -0.021778 -0.023237 -0.008251 -0.000005 0.007542 0.016623 -0.590275 -0.256678 -0.511472 -0.021626 -0.008059 -0.000473 0.000270 0.004805 0.003304 0.015153 0.311744 0.426469 0.297383 0.220247 -0.032680 -0.000199 0.000205 0.031187 0.083229 0.167804 0.133244 0.208195 0.152203 -0.074179 -0.027127 -0.001929 0.001012 0.002018 0.016204 0.056984 0.011412
-0.183888 -0.432171 -0.013285 -0.003663 0.000000 0.005378 0.016677 0.065413 0.265442 0.453246 0.579499 0.602284 0.480202 -0.004389 -0.020230 -0.070139 -0.136762 -0.214645 -0.311197 -0.054828 -0.045312 -0.035930 -0.011868 -0.001197 -0.000631 0.000290 0.005338 0.036201 -0.035497 -0.135824 -0.024454 -0.019181 -0.012544 -0.000965 -0.000000 0.000965 0.019806 0.199331 0.083486 0.041695 0.030413 -0.051121 -0.013194 -0.000334 0.000674 -0.106815 0.029464 0.299958 0.098604 0.024883 -0.124830 -0.020678 -0.002842 -0.002796 0.002347 0.003452 0.031000 0.041148 0.010451
