use_cases/Flooding_chicago/flooding_data/output/hUx_540.asc
ncols 337
nrows 393
xllcorner 428428.000000
yllcorner 4602440.000000
cellsize 26.757400
NODATA_value -9999.000000
[rows 130 to 155 of 393, columns 236 to 294 of 337]
0.000000 0.008498 0.018765 0.016240 0.001526 0.016776 0.021651 0.185322 0.212807 0.143278 -0.009357 -0.040886 -0.033482 -0.015078 -0.014467 -0.013522 -0.028614 -0.009447 -0.036005 -0.028967 -0.010888 -0.031065 -0.043705 -0.011530 -0.000423 0.000423 0.078501 0.049266 -0.062054 -0.023314 -0.000029 -0.000339 0.000907 0.003693 0.032762 0.060980 0.114879 -0.463037 -0.502602 -0.014055 -0.009608 -0.099773 -0.011765 -0.627897 -0.055738 -0.013557 -0.000085 0.000513 -9999.000000 -9999.000000 -9999.000000 -9999.000000 -9999.000000 -9999.000000 -9999.000000 -9999.000000 -9999.000000 -9999.000000 -9999.000000
-0.000080 0.000675 0.001986 0.001456 0.001063 0.012159 0.032927 0.290513 0.114868 0.028096 -0.032186 -0.019750 -0.000268 -0.002673 -0.011771 -0.021621 -0.074698 -0.090343 -0.064978 -0.075319 -0.065326 -0.032497 -0.027085 -0.015109 -0.001002 0.001002 0.001455 0.000920 0.000942 0.003517 0.060894 0.045097 -0.005260 -0.005299 0.000007 0.012310 0.025920 0.832535 0.183942 -0.040948 -0.032074 -0.006746 -0.000131 -0.032166 -0.009409 -0.000360 0.000360 0.001960 -9999.000000 -9999.000000 -9999.000000 -9999.000000 -9999.000000 -9999.000000 -9999.000000 -9999.000000 -9999.000000 -9999.000000 -9999.000000
-0.000157 -0.000098 0.000524 0.000956 0.000959 0.020481 0.035391 0.348122 -0.011843 -0.001452 -0.003729 -0.007643 -0.002109 -0.000015 -0.001554 -0.022216 -0.030427 -0.016220 -0.001559 -0.007178 -0.050289 -0.022300 -0.012849 -0.006698 -0.000360 0.000360 0.000917 0.000365 0.007324 0.038485 0.081016 0.016214 -0.013753 -0.000352 0.000352 0.006462 0.013584 0.226633 -0.268756 -0.382801 -0.020750 -0.008566 -0.003263 -0.015837 -0.010737 -0.000360 0.000360 0.001363 -9999.000000 -9999.000000 -9999.000000 -9999.000000 -9999.000000 -9999.000000 -9999.000000 -9999.000000 -9999.000000 -9999.000000 -9999.000000
-0.001023 -0.002713 0.002464 0.007849 0.021849 0.010396 0.031189 0.120981 -0.070766 -0.027640 -0.000021 -0.011319 -0.000575 -0.000506 -0.000357 -0.000757 -0.000732 -0.001667 -0.000724 -0.002803 -0.020040 -0.042279 -0.012712 -0.006698 -0.000360 0.000360 0.001692 0.000404 0.010841 0.032394 0.107259 0.001637 -0.007685 -0.000007 0.000453 0.001186 0.008360 0.209867 0.060749 -0.340673 -0.121502 -0.058060 -0.070786 -0.044546 -0.025122 -0.000513 0.000283 0.011563 0.007255 -9999.000000 -9999.000000 -9999.000000 -9999.000000 -9999.000000 -9999.000000 -9999.000000 -9999.000000 -9999.000000 -9999.000000
-0.034492 -0.005821 0.001705 0.007594 0.044693 0.087516 0.109515 0.227282 -0.012285 -0.015017 -0.000387 -0.095938 -0.026047 -0.014576 -0.000310 0.000103 0.004678 0.000154 -0.006375 0.000233 0.024931 -0.285149 -0.075871 -0.024536 -0.001492 -0.014165 -0.010156 0.000000 0.006075 0.015795 0.025364 0.221599 0.121421 0.030117 0.031118 0.417946 0.441582 0.359236 0.146729 -0.076918 -0.177396 -0.153176 -0.070439 -0.037613 -0.009038 -0.000031 0.012387 0.018663 0.010243 -9999.000000 -9999.000000 -9999.000000 -9999.000000 -9999.000000 -9999.000000 -9999.000000 -9999.000000 -9999.000000 -9999.000000
-0.078071 -0.028530 -0.000331 0.000393 0.024714 0.061131 0.082573 0.033849 0.004780 -0.007369 -0.004116 -0.020429 -0.021082 -0.017830 -0.011453 -0.000002 0.000368 0.000026 0.000018 0.007366 0.009527 0.024912 -0.000313 -0.003287 -0.002878 -0.029480 -0.006750 0.000000 0.006942 0.014092 0.019017 0.021399 0.146016 0.778552 0.666845 0.583723 0.321329 0.214493 -0.019909 -0.006069 -0.032964 -0.021719 -0.022653 -0.019276 -0.012751 0.000000 0.003929 0.021788 0.005631 0.004077 -9999.000000 -9999.000000 -9999.000000 -9999.000000 -9999.000000 -9999.000000 -9999.000000 -9999.000000 -9999.000000
-0.004162 -0.000554 -0.000247 0.000569 0.003342 0.001534 0.007320 0.130527 -0.006590 -0.017912 -0.012561 -0.002785 -0.020551 -0.014775 -0.000980 -0.000144 0.000582 0.000998 0.000723 0.009047 0.020325 0.044871 -0.009685 -0.023050 -0.039337 -0.008639 -0.007422 -0.000374 0.000328 0.001477 0.015408 0.029226 0.107913 0.437720 0.378332 0.312624 -0.003438 -0.024251 -0.029115 -0.030327 -0.034754 -0.041818 -0.035148 -0.025004 -0.012277 0.000000 0.012043 0.045968 0.010132 0.005352 -9999.000000 -9999.000000 -9999.000000 -9999.000000 -9999.000000 -9999.000000 -9999.000000 -9999.000000 -9999.000000
-0.000687 -0.000733 -0.000007 0.006073 0.022115 0.003378 0.002469 -0.166167 -0.057047 -0.021736 -0.002697 -0.012542 -0.010514 -0.008978 -0.006402 0.000000 0.001154 0.001043 0.007528 0.018967 0.018352 0.025839 -0.039850 -0.032934 -0.002566 -0.002796 0.000078 0.000120 -0.000167 0.000062 0.009432 0.023654 0.069104 0.341209 -0.003295 -0.001341 -0.001920 -0.004828 -0.020058 -0.031934 -0.017210 -0.003506 -0.018873 -0.008710 -0.001087 0.000000 0.001080 0.017286 0.016884 0.003192 -9999.000000 -9999.000000 -9999.000000 -9999.000000 -9999.000000 -9999.000000 -9999.000000 -9999.000000 -9999.000000
-0.009032 -0.000079 0.000131 0.000071 -0.000365 -0.006081 -0.041136 -0.140752 -0.040913 -0.018706 -0.002878 -0.013422 -0.016109 -0.009788 -0.000466 -0.000174 0.000122 0.000419 0.012273 0.022842 0.043657 -0.041576 -0.419513 -0.029610 -0.000839 -0.000010 0.014369 0.123136 -0.000155 0.000050 0.000706 0.001709 0.041335 -0.030840 -0.018915 -0.001140 -0.000429 0.000740 -0.104497 -0.023144 -0.021414 -0.011947 -0.001919 -0.000791 0.000079 0.000132 0.000224 0.015097 0.031049 0.004036 0.003483 -9999.000000 -9999.000000 -9999.000000 -9999.000000 -9999.000000 -9999.000000 -9999.000000 -9999.000000
-0.000220 -0.217565 -0.374057 -1.219248 -0.570298 -0.318627 -0.380620 -0.189614 -0.085022 -0.043439 -0.101478 -0.104296 -0.164263 -0.010046 -0.000603 -0.000585 0.000515 0.000761 0.027610 0.882111 0.464330 -0.081871 -0.477134 -0.161793 -0.033253 -0.031349 -0.001592 0.045274 0.028981 0.023510 0.011274 0.005280 -0.201492 -0.271490 -0.011201 -0.000509 0.000234 0.032773 0.026689 -0.062435 -0.043414 -0.033525 -0.001924 -0.002430 0.000002 0.000663 0.000581 0.000687 0.017834 0.046017 0.189552 -9999.000000 -9999.000000 -9999.000000 -9999.000000 -9999.000000 -9999.000000 -9999.000000 -9999.000000
-1.145741 -1.515455 -0.722453 -0.587662 -0.699114 -0.180260 -0.266444 -0.216519 -0.200668 -0.198310 -0.067587 -0.000002 -0.043684 -0.122323 -0.007752 -0.000700 0.000795 0.009885 0.042813 0.284178 0.129234 -0.035042 -0.347382 -0.107135 -0.011876 -0.017362 -0.005644 0.018328 0.026641 0.127921 0.665145 0.318040 0.334996 0.089754 -0.314882 -0.009903 0.007557 0.327211 0.064945 -0.511473 -0.235455 -0.030260 -0.030416 -0.000412 0.000686 0.001018 0.001069 0.000754 0.225434 0.571481 0.434082 -9999.000000 -9999.000000 -9999.000000 -9999.000000 -9999.000000 -9999.000000 -9999.000000 -9999.000000
-0.248626 -0.168816 -0.000352 -0.000653 -0.002054 -0.002725 -0.003562 -0.042279 -0.088384 -0.023485 -0.006789 -0.000054 0.000883 0.038252 0.024626 -0.000384 0.000392 0.001857 0.003902 -0.127771 -0.142965 -0.205525 -0.047738 -0.019760 -0.000371 -0.000123 0.000120 0.000378 0.043432 0.187050 0.624239 0.434250 0.575838 0.346996 -0.012419 -0.000153 0.000325 0.024482 -0.107066 -0.184350 -0.052900 -0.059551 -0.007225 0.000000 0.017435 0.496115 0.903593 0.367159 0.337835 0.181245 0.064099 -9999.000000 -9999.000000 -9999.000000 -9999.000000 -9999.000000 -9999.000000 -9999.000000 -9999.000000
-0.040192 -0.022710 -0.004076 0.000003 0.011051 0.027736 0.001490 -0.000637 -0.009785 -0.018697 -0.006252 0.000016 0.013399 0.020151 0.091546 0.018827 0.002921 0.016881 0.036337 0.279110 -0.399265 -0.583418 -0.083601 -0.043115 -0.004366 -0.000222 0.000222 0.004526 0.007892 0.124626 0.286547 0.048857 -0.060232 -0.025314 -0.007293 0.000000 0.007201 0.029179 0.027075 -0.000466 -0.000885 -0.000860 -0.001353 0.000000 0.020438 0.261091 0.170980 0.259042 0.169515 0.001691 0.000889 -9999.000000 -9999.000000 -9999.000000 -9999.000000 -9999.000000 -9999.000000 -9999.000000 -9999.000000
-0.044688 -0.018074 -0.000386 0.000131 0.021000 0.018199 -0.000018 -0.001013 -0.010342 -0.019131 -0.009847 0.000564 0.004491 0.014384 0.109530 0.157817 0.043145 0.052476 0.080041 0.435238 -0.027266 -0.484057 -0.157895 -0.056840 -0.078729 -0.057355 -0.000070 0.032535 0.134630 0.033487 -0.314506 -0.460794 -0.029459 -0.013444 -0.000745 0.000000 0.000745 0.000996 -0.000008 0.000642 0.001924 -0.030875 -0.033745 0.000000 0.199921 0.133927 0.010139 -0.061003 -0.061589 -0.000257 0.000879 -9999.000000 -9999.000000 -9999.000000 -9999.000000 -9999.000000 -9999.000000 -9999.000000 -9999.000000
-0.070982 -0.051801 -0.018548 -0.000110 -0.004956 -0.034155 -0.020753 -0.008586 -0.000333 0.000001 0.000350 0.012348 0.023505 0.031920 0.019913 0.268059 0.613173 0.151485 0.126949 0.511526 0.101085 -0.329938 -0.132734 -0.031486 -0.057281 -0.062800 -0.000917 0.001326 0.005028 0.004920 -0.087692 -0.040696 -0.044352 -0.031164 -0.000981 -0.000000 0.000981 0.000752 -0.000396 0.000309 0.015058 0.181000 0.146188 0.169399 0.074526 0.016618 0.000005 0.010370 0.170485 0.001977 0.002267 -9999.000000 -9999.000000 -9999.000000 -9999.000000 -9999.000000 -9999.000000 -9999.000000 -9999.000000
-0.076892 -0.042123 -0.021997 -0.002253 -0.003957 -0.016086 -0.017500 -0.013856 -0.007338 0.000000 0.015075 0.041913 0.027482 0.006101 0.047940 0.336700 0.841983 0.194314 0.146741 0.064936 -0.061633 -0.348858 -0.017097 -0.001401 -0.005272 -0.011244 -0.009324 0.000000 0.006695 0.008112 -0.034901 -0.011608 -0.001461 -0.006700 -0.013408 -0.000000 0.005663 0.044369 0.005440 -0.000633 -0.000428 0.000155 -0.000280 -0.001097 -0.015103 -0.006003 0.000167 0.012463 0.025989 0.035656 0.010485 -9999.000000 -9999.000000 -9999.000000 -9999.000000 -9999.000000 -9999.000000 -9999.000000 -9999.000000
-0.112497 -0.096356 -0.030693 -0.002329 -0.004484 -0.017928 -0.023093 -0.014037 -0.007664 0.000000 0.006885 0.015683 0.059642 0.011109 0.058431 0.186362 0.145377 0.155403 0.102365 0.042697 -0.275742 -0.044511 -0.012344 -0.000510 0.000203 -0.003869 -0.007204 0.000000 0.011871 0.016817 0.003200 -0.000337 -0.000018 0.000261 0.034394 0.059205 0.070009 -0.345753 -0.246643 -0.027841 -0.013556 -0.000477 -0.000407 -0.000177 -0.000270 0.000003 0.002002 0.002439 0.010382 0.016822 0.013117 -9999.000000 -9999.000000 -9999.000000 -9999.000000 -9999.000000 -9999.000000 -9999.000000 -9999.000000
-0.138401 -0.092532 -0.055925 -0.000106 -0.001615 -0.007540 -0.003309 -0.013713 -0.007652 0.000000 0.008878 0.024183 0.069051 0.167063 0.090545 0.127663 0.112451 0.097519 0.284147 0.105025 -0.141391 -0.059332 -0.023514 -0.001078 -0.000955 -0.005985 -0.020048 -0.020128 -0.004890 -0.102642 -0.033647 -0.008570 -0.000410 0.000083 0.013061 0.045438 1.034192 0.577971 0.134741 -0.046085 -0.011830 -0.001037 -0.002043 -0.000847 -0.000078 0.000204 0.009295 0.016226 0.018323 0.010741 -9999.000000 -9999.000000 -9999.000000 -9999.000000 -9999.000000 -9999.000000 -9999.000000 -9999.000000 -9999.000000
-0.202099 -0.133249 -0.116687 -0.200643 -0.222136 -0.250876 -0.099427 -0.058304 -0.020040 -0.000080 0.000737 0.019205 0.069034 0.022454 0.056639 0.026311 0.007610 0.001979 0.001918 -0.051726 -0.218615 -0.071905 -0.067621 -0.067892 -0.018990 -0.000012 0.007408 0.077860 -0.009225 -0.117855 -0.014367 -0.000760 -0.001111 0.000000 0.008231 0.016304 0.998363 0.328801 -0.218911 -0.913319 -0.092862 -0.019341 -0.014709 -0.006848 -0.000222 0.000222 0.003946 0.014514 0.015642 -9999.000000 -9999.000000 -9999.000000 -9999.000000 -9999.000000 -9999.000000 -9999.000000 -9999.000000 -9999.000000 -9999.000000
-0.091460 -0.094849 -0.056385 -0.084344 -0.003841 -0.016954 -0.070570 -0.060474 -0.023016 -0.000129 0.000480 0.015146 0.030964 0.043921 0.014391 0.006041 0.002804 0.001147 -0.151173 -0.320928 -0.659685 -0.056556 -0.036344 -0.001951 -0.005956 -0.000430 0.000340 -0.000011 0.000091 -0.000167 -0.003253 -0.000350 -0.000121 0.000192 0.000829 0.009577 0.963333 0.348722 -0.343473 -0.063132 -0.062407 -0.132715 -0.051353 -0.008307 -0.000103 0.000103 0.001844 -9999.000000 -9999.000000 -9999.000000 -9999.000000 -9999.000000 -9999.000000 -9999.000000 -9999.000000 -9999.000000 -9999.000000 -9999.000000 -9999.000000
-0.022337 -0.020541 -0.008610 -0.000543 -0.000901 -0.001533 -0.000645 -0.001472 -0.002524 -0.000312 0.000023 0.011470 0.028065 0.004264 0.010183 0.005952 0.002501 0.010449 -0.117745 -0.174407 -0.276533 -0.028003 -0.012061 -0.004241 -0.000682 -0.000881 0.000649 0.000842 0.007336 0.009167 0.005183 0.017289 0.081730 0.087037 0.078288 0.244904 0.337056 0.071601 -0.021448 -0.004144 -0.011576 -0.004801 -0.024862 -0.015056 -0.000153 0.000153 -9999.000000 -9999.000000 -9999.000000 -9999.000000 -9999.000000 -9999.000000 -9999.000000 -9999.000000 -9999.000000 -9999.000000 -9999.000000 -9999.000000 -9999.000000
-0.018166 -0.006923 0.000015 0.005967 0.023117 -0.001415 -0.000760 -0.000891 -0.000854 -0.000425 -0.000090 0.000921 0.001108 0.001210 0.020393 0.053801 0.052370 0.007028 0.406201 0.305322 -0.002061 -0.445118 -0.009274 -0.001286 -0.010851 -0.009220 0.000028 0.013084 0.015339 0.013195 0.148178 0.432885 0.164306 0.200295 0.153359 0.122705 0.034328 -0.013769 -0.000812 -0.000407 -0.000579 -0.000025 0.000442 0.000423 -9999.000000 -9999.000000 -9999.000000 -9999.000000 -9999.000000 -9999.000000 -9999.000000 -9999.000000 -9999.000000 -9999.000000 -9999.000000 -9999.000000 -9999.000000 -9999.000000 -9999.000000
-0.007008 -0.000536 0.000442 0.019688 0.054526 0.009387 -0.000374 -0.000636 -0.001726 -0.003240 -0.000098 0.000157 0.005705 0.014136 0.022367 0.027978 0.423966 -0.009165 -0.066459 -0.088637 -0.563142 -0.210000 -0.180631 -0.000023 -0.026052 -0.015294 -0.013886 -0.012049 0.004121 0.012917 0.003946 0.010479 0.025002 -0.000744 0.000135 0.000833 -0.049644 -0.013679 -0.002834 -0.001915 -0.000566 0.000196 -9999.000000 -9999.000000 -9999.000000 -9999.000000 -9999.000000 -9999.000000 -9999.000000 -9999.000000 -9999.000000 -9999.000000 -9999.000000 -9999.000000 -9999.000000 -9999.000000 -9999.000000 -9999.000000 -9999.000000
-0.000570 -0.000299 0.000548 0.019719 0.087554 0.059381 -0.000722 -0.001539 -0.002589 -0.000840 0.000478 0.000265 0.008853 0.039563 0.091310 0.166845 0.629823 0.125484 -0.225536 -0.749052 -0.132716 -0.146075 -0.303555 -0.335931 -0.441883 -0.076044 -0.016755 -0.020695 -0.013794 -0.000396 0.000330 0.010497 0.207091 -0.001274 0.000811 0.001267 -0.006574 -0.028474 -0.015575 -0.002995 -0.003626 0.000007 -9999.000000 -9999.000000 -9999.000000 -9999.000000 -9999.000000 -9999.000000 -9999.000000 -9999.000000 -9999.000000 -9999.000000 -9999.000000 -9999.000000 -9999.000000 -9999.000000 -9999.000000 -9999.000000 -9999.000000
-0.000287 0.000078 0.000332 0.022875 0.066911 0.182495 0.090689 -0.001814 -0.002525 -0.000618 0.000193 0.000343 0.018278 0.067721 0.131486 0.202650 0.188935 -0.131408 -0.018790 -0.001621 -0.002118 -0.000360 0.000360 -0.171062 -0.428942 -0.079906 -0.019197 -0.026072 -0.021013 -0.000555 0.000401 0.021234 0.216223 -0.000309 0.000882 0.010637 -0.019520 -0.049683 -0.033280 -0.014590 -0.000352 0.000352 -9999.000000 -9999.000000 -9999.000000 -9999.000000 -9999.000000 -9999.000000 -9999.000000 -9999.000000 -9999.000000 -9999.000000 -9999.000000 -9999.000000 -9999.000000 -9999.000000 -9999.000000 -9999.000000 -9999.000000
0.001338 0.001684 0.001753 0.005932 0.001725 0.137797 0.111442 0.060830 0.038151 0.035683 -0.003106 -0.017631 0.001371 0.050903 0.084428 0.013904 0.028259 0.572182 -0.001104 -0.002659 -0.003639 -0.000360 0.000360 -0.160797 -0.411768 -0.074461 -0.023237 -0.038132 -0.309177 -0.083527 0.000013 0.001151 0.000577 0.001908 0.026427 0.040839 0.415257 -0.051549 -0.037306 -0.014831 -0.000007 -9999.000000 -9999.000000 -9999.000000 -9999.000000 -9999.000000 -9999.000000 -9999.000000 -9999.000000 -9999.000000 -9999.000000 -9999.000000 -9999.000000 -9999.000000 -9999.000000 -9999.000000 -9999.000000 -9999.000000 -9999.000000
