use_cases/Flooding_chicago/flooding_data/output/hUx_1680.asc
ncols 337
nrows 393
xllcorner 428428.000000
yllcorner 4602440.000000
cellsize 26.757400
NODATA_value -9999.000000
[rows 208 to 233 of 393, columns 177 to 235 of 337]
-0.001668 -0.000024 0.005962 0.002246 0.001963 0.040868 0.023785 -0.000830 -0.000163 0.000143 0.008690 0.043605 0.140106 0.081345 0.203557 0.389465 0.265797 0.119902 0.160697 0.131557 0.031710 0.267473 0.551247 0.722974 0.644031 0.442656 -0.026653 -0.000222 0.000222 0.042990 0.041454 0.035830 -0.026428 -0.334754 -0.530675 -0.506445 -0.186792 -0.120542 -0.001470 0.009059 -0.033719 0.057906 0.133187 0.136995 0.156019 0.153473 0.144941 0.131005 -0.000000 0.099842 0.330669 -0.024435 -0.189597 -0.014805 -0.061537 -0.047661 -0.002843 0.000489 0.002429
-9999.000000 -0.000717 -0.000600 0.000000 0.011433 0.261242 0.230776 0.210903 0.071119 0.116046 0.858953 0.037026 0.097032 0.083961 0.178984 0.090281 0.166917 0.374360 0.221679 0.804070 1.564692 1.173578 0.883808 0.543802 -0.119280 -0.228234 -0.193889 0.000189 0.002816 0.258621 0.212953 0.195112 0.101439 -0.104699 -0.576398 -0.808383 -0.566491 -0.306736 0.000030 0.001022 -0.121193 -0.242295 -0.021985 -0.000034 0.016172 0.210339 0.251086 0.297462 0.246630 0.169039 0.789655 0.401010 0.144881 0.236294 0.075320 -0.045927 -0.001321 0.000615 0.023930
-9999.000000 -0.000024 0.000002 0.000000 0.010932 0.222209 0.217979 0.226642 0.084406 0.136285 0.085129 0.215267 0.182956 0.146780 0.088689 0.036084 0.066426 0.031035 0.104716 0.251302 0.288190 0.189326 0.157974 0.161637 0.136175 0.412835 0.453616 0.675113 0.879104 0.739059 0.479124 0.311588 0.173075 0.025287 -0.133448 -0.310064 -0.555545 -0.699025 -0.317314 -0.000199 -0.087827 -0.210407 -0.025728 -0.000853 0.000308 0.002153 0.003453 0.225458 0.207180 0.166009 0.091486 0.779338 0.541446 0.449739 0.209826 -0.041098 -0.000499 0.000359 -0.092122
-9999.000000 -9999.000000 -0.000881 -0.000066 0.000724 0.041002 -0.000488 0.000315 0.063568 0.142763 0.060062 0.178909 0.170403 0.157018 0.118239 0.050943 0.068915 0.031502 0.050304 0.225987 0.131960 0.066841 0.038807 0.071320 0.079626 0.132877 0.014179 -0.035105 -0.008921 0.001822 0.011425 0.017304 -0.064961 -0.132061 -0.213728 -0.187869 -0.253547 -0.555131 -0.195708 0.132083 0.410972 0.608808 -0.020094 -0.002033 -0.000741 0.001391 0.008604 0.004958 0.120752 0.618415 0.511747 0.569469 0.834083 0.925825 0.711629 0.722077 0.711894 0.745121 1.851129
-9999.000000 -9999.000000 -9999.000000 -0.022143 -0.096475 -0.046514 -0.001335 0.000358 0.001179 0.068356 0.257532 0.201719 0.180808 0.167666 0.120987 0.197347 0.288656 0.398016 0.640732 0.437097 0.261908 0.114458 0.044873 0.106939 0.144212 0.140772 0.048125 -0.002790 -0.006255 0.008758 0.013408 0.088498 0.570547 0.111790 0.059700 0.121533 -0.125209 -0.159924 -0.207944 -0.045167 0.192376 0.121070 -0.236853 -0.064195 -0.000632 0.000521 0.002161 0.009687 -0.186418 -0.035638 0.270362 0.474807 0.577475 0.677451 1.858309 2.433984 1.718680 1.756388 2.126837
-9999.000000 -9999.000000 -9999.000000 -0.031557 -0.086724 -0.035190 -0.000898 -0.000433 0.000874 0.008367 0.019244 0.089417 0.020696 0.013149 0.001075 0.089884 0.278659 0.263075 0.075980 0.102225 0.009682 -0.099147 -0.176872 0.158327 0.503496 0.110709 0.033931 -0.002992 -0.001941 0.016090 0.016132 0.058429 0.780127 0.854172 1.164897 0.937744 0.054298 -0.211463 -0.391651 -0.333868 -0.242412 -0.007681 -0.000926 -0.000240 0.000101 0.000314 0.014923 0.238198 0.936201 0.457315 0.169891 0.031460 0.027800 0.889578 1.676322 1.584791 2.174898 1.959253 1.820929
-9999.000000 -9999.000000 -9999.000000 -9999.000000 -0.000530 0.000000 -0.013727 -0.049885 -0.009931 -0.000005 0.004744 0.010787 0.034511 0.000442 0.019863 0.088150 0.193271 0.000773 0.003083 0.002212 0.001033 0.001909 0.057312 -0.200495 -0.523729 -0.056681 -0.002495 0.000419 0.008612 0.007202 0.004910 0.001093 0.000004 0.009031 0.561632 0.253008 -0.004558 -0.000156 0.004316 -0.351246 -0.467995 -0.000868 -0.001480 -0.000518 -0.000236 0.000422 0.000415 0.010326 0.013496 0.006660 -0.001643 0.126090 1.239837 2.131955 1.888323 1.617691 1.532367 1.509204 1.808157
-9999.000000 -9999.000000 -9999.000000 -9999.000000 -9999.000000 -0.004990 -0.008005 -0.026734 -0.006692 -0.000222 0.000222 0.005483 0.023528 0.006696 0.004000 0.012019 0.026999 0.010478 0.007021 0.003574 0.001422 0.016877 0.430226 0.209499 -0.358712 -0.068909 -0.010017 -0.003749 0.016126 0.007850 0.011543 -0.000116 0.000307 0.017235 0.788869 -0.005136 -0.007230 -0.001198 0.005333 -0.614449 -1.062654 -0.858358 -0.844002 -0.054479 -0.000007 0.008988 0.015581 0.020842 0.009329 -0.000030 0.017587 0.367271 1.126543 1.753747 0.291086 0.041312 -0.118728 -0.169591 -0.307749
-9999.000000 -9999.000000 -9999.000000 -9999.000000 -9999.000000 -9999.000000 -0.026047 -0.065486 -0.014605 -0.005200 0.000005 0.006503 0.028197 0.010047 0.006967 0.002566 0.003871 0.013648 0.031252 0.007668 0.043348 0.021349 0.515431 0.095813 -0.189863 -0.150778 -0.038464 -0.196987 -0.025503 -0.083174 -0.005878 0.000000 0.005878 0.012821 0.701555 -0.022587 -0.029615 -0.011457 0.011696 0.024752 0.022574 -0.489812 -0.628704 -0.614727 -0.493991 -0.469028 0.001603 0.005379 -0.006589 -0.000457 0.002548 0.183982 0.441636 0.271960 -0.000326 -0.000162 0.001240 0.000620 0.016928
-9999.000000 -9999.000000 -9999.000000 -9999.000000 -9999.000000 -9999.000000 -0.012396 -0.023820 -0.026371 -0.000110 0.000061 -0.003483 -0.006250 -0.004622 0.003731 0.002135 0.027022 0.045116 0.069787 0.173298 0.093813 0.318214 0.730634 -0.305204 -0.106034 -0.056940 -0.071620 -0.056382 -0.056554 -0.123506 -0.005878 0.000000 0.005878 0.012821 0.744381 -0.033248 -0.042714 -0.011901 0.015721 0.032148 0.036886 0.165748 0.483171 -0.252780 -0.593424 -0.264277 -0.008997 0.002277 0.001964 0.004753 0.013835 0.188971 0.145285 0.138754 -0.005982 0.000003 0.022160 0.068952 0.119684
-9999.000000 -9999.000000 -9999.000000 -9999.000000 -9999.000000 -9999.000000 -9999.000000 -0.003981 0.000000 -0.026689 -0.096526 -0.050488 -0.008195 -0.010137 -0.006727 0.000000 0.007906 0.037901 0.094891 0.138178 0.058375 0.116590 -0.001239 -0.053460 -0.061309 -0.092242 -0.085908 -0.069978 -0.276944 -0.103571 -0.126034 0.000000 0.026793 0.189021 0.433078 -0.082333 -0.101781 -0.000091 0.285337 0.277648 0.329082 0.080853 0.159450 0.073078 0.322053 0.008734 -0.086575 0.000809 0.025376 0.019768 0.560733 0.358160 -0.099121 -0.084191 -0.000326 0.000208 0.059636 0.122940 0.098432
-9999.000000 -9999.000000 -9999.000000 -9999.000000 -9999.000000 -9999.000000 -9999.000000 -9999.000000 0.000000 0.069129 -0.162172 -0.027341 -0.008179 -0.011962 -0.009790 0.000015 0.014922 0.023388 0.056699 0.007634 0.003900 -0.004939 -0.017163 -0.039471 -0.073328 -0.070123 -0.057080 0.061816 0.242195 0.179639 -0.021945 0.000000 0.012557 0.042480 -0.038018 -0.093214 -0.084757 -0.091714 -0.108466 -0.157852 -0.424732 -0.023939 0.063256 0.039365 0.016122 0.008808 0.001024 0.009596 0.073249 0.491159 0.198121 -0.065884 -0.245300 -0.102145 -0.027413 0.111521 0.081950 0.060710 0.021539
-9999.000000 -9999.000000 -9999.000000 -9999.000000 -9999.000000 -9999.000000 -9999.000000 -9999.000000 -9999.000000 -0.116821 -1.481714 -0.293256 -0.005259 -0.008106 -0.000569 0.000467 0.018248 0.039663 0.037217 0.005754 0.005278 -0.002514 -0.008477 -0.003509 0.005006 0.121140 0.139016 0.204570 0.022752 0.005995 -0.005373 0.000000 0.005373 0.014132 0.037718 -0.051286 0.065450 0.096942 -0.006531 -0.149011 -0.134208 -0.037220 -0.075016 -0.000518 -0.004463 -0.001737 0.015260 0.032835 0.013611 -0.008646 -0.007891 -0.107034 -0.405578 -0.500276 0.012814 0.047396 0.000002 0.001234 0.001649
-9999.000000 -9999.000000 -9999.000000 -9999.000000 -9999.000000 -9999.000000 -9999.000000 -9999.000000 -9999.000000 -9999.000000 0.000000 -0.037291 -0.109926 -0.026002 -0.000457 0.000528 0.003909 0.001984 0.004749 0.003718 0.013280 -0.001442 -0.018203 -0.013949 0.002526 0.010521 0.120962 0.535401 -0.297129 -0.017281 -0.005473 0.000000 0.005473 0.016644 0.023709 0.026674 0.099654 0.107813 0.136440 0.379060 0.195822 0.143979 -0.117391 -0.006381 -0.000195 0.008861 -0.004653 0.001070 0.005207 -0.042824 -0.062430 -0.009162 0.045532 0.223877 0.177286 -0.005073 0.000067 0.009661 0.015236
-9999.000000 -9999.000000 -9999.000000 -9999.000000 -9999.000000 -9999.000000 -9999.000000 -9999.000000 -9999.000000 -9999.000000 -9999.000000 0.000000 -0.001762 -0.006156 -0.000016 0.000484 0.001352 0.016293 0.015526 0.010377 0.012479 -0.002454 -0.027201 -0.035295 -0.035861 -0.033245 -0.053311 -0.133326 -0.082380 -0.007874 -0.000848 0.000000 0.000848 0.009065 0.029938 0.045102 0.135554 0.148180 0.211453 0.135289 0.070069 -0.158508 -0.171800 -0.024187 -0.013933 0.000077 0.001193 0.010710 0.021172 0.006105 -0.076036 -0.050435 0.042017 0.158996 0.125176 -0.000194 0.001425 0.015691 0.021370
-9999.000000 -9999.000000 -9999.000000 -9999.000000 -9999.000000 -9999.000000 -9999.000000 -9999.000000 -9999.000000 -9999.000000 -9999.000000 -9999.000000 -0.000222 0.000222 0.007775 0.022309 -0.004088 -0.005361 0.006927 0.009495 0.002625 0.000008 0.004832 0.068817 -0.042440 -0.087382 -0.110024 -0.046832 -0.057984 -0.001207 -0.000474 -0.000400 0.000571 0.003236 0.031434 0.058231 0.094988 -0.001765 -0.003113 -0.002170 -0.039255 -0.073239 -0.037850 -0.045794 -0.026671 -0.005504 -0.002497 -0.006438 -0.000410 0.000412 -0.252287 -0.488059 -0.221431 0.139329 -0.000460 0.000277 0.018072 0.036902 0.234582
-9999.000000 -9999.000000 -9999.000000 -9999.000000 -9999.000000 -9999.000000 -9999.000000 -9999.000000 -9999.000000 -9999.000000 -9999.000000 -9999.000000 -9999.000000 -9999.000000 -9999.000000 -9999.000000 -9999.000000 -0.000458 -0.000641 -0.001134 -0.000491 0.000258 0.009577 0.025235 -0.013604 -0.043117 -0.075388 -0.127110 -0.176478 -0.193870 -0.142183 -0.167416 -0.015859 0.000000 0.010041 0.044069 0.067113 -0.057135 -0.015684 -0.024648 -0.031420 -0.048906 -0.065770 -0.054464 -0.028877 0.003053 0.006251 -0.003022 -0.000870 0.000946 -0.128551 -0.297131 -0.159792 -0.010559 -0.000792 0.000202 0.025157 0.043552 0.240170
-9999.000000 -9999.000000 -9999.000000 -9999.000000 -9999.000000 -9999.000000 -9999.000000 -9999.000000 -9999.000000 -9999.000000 -9999.000000 -9999.000000 -9999.000000 -9999.000000 -9999.000000 -9999.000000 -9999.000000 -9999.000000 -9999.000000 -9999.000000 -0.001027 -0.000014 0.001022 0.002270 0.001487 -0.043039 -0.063588 -0.105467 -0.155815 -0.187679 -0.138309 -0.153457 -0.014768 0.000000 0.017357 0.075483 0.206618 -0.169778 -0.026166 -0.052915 -0.067554 -0.083934 -0.104442 -0.240559 -0.174845 0.015500 0.036975 0.021122 -0.001044 0.002749 0.018916 0.484305 0.147926 -0.433181 -0.046573 -0.000292 0.000947 0.029154 0.048616
-9999.000000 -9999.000000 -9999.000000 -9999.000000 -9999.000000 -9999.000000 -9999.000000 -9999.000000 -9999.000000 -9999.000000 -9999.000000 -9999.000000 -9999.000000 -9999.000000 -9999.000000 -9999.000000 -9999.000000 -9999.000000 -9999.000000 -9999.000000 -9999.000000 -0.000279 0.000685 0.001996 0.001786 0.013811 0.004409 -0.001615 -0.001817 0.003421 0.028746 -0.052208 -0.017415 0.000015 0.021500 0.081099 -0.106945 -0.238011 -0.306920 -0.056300 -0.071415 -0.074724 -0.079327 -0.183626 -0.249016 -0.373300 -0.285000 -0.013286 0.000009 0.027193 0.065393 0.524497 0.210674 -0.322078 -0.032879 -0.000224 0.001539 0.029554 0.032199
-9999.000000 -9999.000000 -9999.000000 -9999.000000 -9999.000000 -9999.000000 -9999.000000 -9999.000000 -9999.000000 -9999.000000 -9999.000000 -9999.000000 -9999.000000 -9999.000000 -9999.000000 -9999.000000 -9999.000000 -9999.000000 -9999.000000 -9999.000000 -9999.000000 -0.000011 0.007054 0.161669 -0.001489 -0.002339 -0.001409 -0.001372 0.000079 0.024259 0.016200 0.003075 -0.000718 0.000357 0.023726 0.034126 0.114800 0.152871 -0.024400 -0.005436 -0.002691 0.001936 0.005255 0.005523 -0.064230 -0.067805 0.020216 -0.002665 0.000137 0.002766 0.034804 0.417697 -0.042261 -0.033217 -0.009621 -0.000005 0.016456 0.021013 0.031215
-9999.000000 -9999.000000 -9999.000000 -9999.000000 -9999.000000 -9999.000000 -9999.000000 -9999.000000 -9999.000000 -9999.000000 -9999.000000 -9999.000000 -9999.000000 -9999.000000 -9999.000000 -9999.000000 -9999.000000 -9999.000000 -9999.000000 -9999.000000 -9999.000000 -9999.000000 -0.174697 -0.162714 -0.176682 -0.017232 -0.001556 -0.000079 0.001541 0.020656 -0.000489 -0.000777 -0.001040 0.000520 0.001162 0.037113 0.184898 0.047707 -0.004639 -0.012031 -0.002814 0.005612 0.011716 0.014536 0.009474 -0.303373 -0.040844 -0.005804 0.000307 0.006137 0.018938 -0.369271 -0.208922 -0.013810 -0.007686 -0.000208 0.000326 0.014131 0.029112
-9999.000000 -9999.000000 -9999.000000 -9999.000000 -9999.000000 -9999.000000 -9999.000000 -9999.000000 -9999.000000 -9999.000000 -9999.000000 -9999.000000 -9999.000000 -9999.000000 -9999.000000 -9999.000000 -9999.000000 -9999.000000 -9999.000000 -9999.000000 -9999.000000 -9999.000000 0.000000 -0.055292 -0.154928 -0.049272 -0.019362 -0.000000 0.012853 0.047613 -0.052936 -0.006187 0.023842 -0.000230 0.000512 0.035953 0.129465 0.096523 0.000024 0.002188 0.002929 0.004151 0.005381 0.005457 0.010523 -0.464850 -0.085042 -0.010472 -0.001226 0.011183 0.005910 0.024612 0.027904 -0.013603 -0.007326 -0.000003 0.005982 0.014448 0.019228
-9999.000000 -9999.000000 -9999.000000 -9999.000000 -9999.000000 -9999.000000 -9999.000000 -9999.000000 -9999.000000 -9999.000000 -9999.000000 -9999.000000 -9999.000000 -9999.000000 -9999.000000 -9999.000000 -9999.000000 -9999.000000 -9999.000000 -9999.000000 -9999.000000 -9999.000000 0.000000 0.004032 -0.005372 -0.023411 -0.008513 -0.000005 0.007514 0.026208 0.149085 0.069097 0.101883 0.110537 0.092033 0.060992 0.095341 0.030639 0.000539 0.000456 0.000520 0.001295 0.001489 0.001074 0.036237 -0.139300 -0.119143 -0.018523 -0.015244 0.000000 0.015572 0.101268 0.026781 -0.363146 -0.046890 0.000013 0.015785 0.055087 0.657579
-9999.000000 -9999.000000 -9999.000000 -9999.000000 -9999.000000 -9999.000000 -9999.000000 -9999.000000 -9999.000000 -9999.000000 -9999.000000 -9999.000000 -9999.000000 -9999.000000 -9999.000000 -9999.000000 -9999.000000 -9999.000000 -9999.000000 -9999.000000 -9999.000000 -9999.000000 -9999.000000 0.000000 -0.008738 -0.030575 -0.012284 -0.000172 0.000488 0.016429 0.014906 0.001431 0.002386 0.031529 0.032226 0.282138 0.036080 0.013063 0.007034 0.001707 0.001555 0.003033 0.003144 0.002313 0.012841 0.038412 -0.056529 -0.004827 0.000269 0.000000 0.018756 0.181955 0.176836 -0.096792 -0.000880 0.000272 0.020536 0.059533 0.424070
-9999.000000 -9999.000000 -9999.000000 -9999.000000 -9999.000000 -9999.000000 -9999.000000 -9999.000000 -9999.000000 -9999.000000 -9999.000000 -9999.000000 -9999.000000 -9999.000000 -9999.000000 -9999.000000 -9999.000000 -9999.000000 -9999.000000 -9999.000000 -9999.000000 -9999.000000 -9999.000000 0.000000 -0.009937 -0.033940 -0.012792 -0.000004 0.017039 0.015467 0.004878 0.001575 0.019199 0.198865 0.162012 0.084551 -0.088232 -0.001002 -0.000440 0.000676 0.001256 0.004604 0.007147 0.004804 0.002118 0.001666 0.001311 0.085538 0.090996 0.059323 0.023629 0.173308 0.212474 -0.251113 -0.006030 0.000000 0.027235 0.063923 0.048197
-9999.000000 -9999.000000 -9999.000000 -9999.000000 -9999.000000 -9999.000000 -9999.000000 -9999.000000 -9999.000000 -9999.000000 -9999.000000 -9999.000000 -9999.000000 -9999.000000 -9999.000000 -9999.000000 -9999.000000 -9999.000000 -9999.000000 -9999.000000 -9999.000000 -9999.000000 -9999.000000 -9999.000000 -0.037713 -0.046490 -0.014052 -0.000000 0.012035 0.010130 -0.000360 0.000360 0.026696 0.107975 0.016052 0.001148 -0.003886 -0.001777 -0.002324 0.000758 0.000656 0.012260 0.011623 0.134460 -0.000192 0.002140 0.001740 0.241860 0.195292 0.536932 0.553354 1.261030 0.542386 -0.145026 -0.108707 -0.000530 0.001176 0.015043 0.053841
