use_cases/Flooding_chicago/flooding_data/output/hUx_3420.asc
ncols 337
nrows 393
xllcorner 428428.000000
yllcorner 4602440.000000
cellsize 26.757400
NODATA_value -9999.000000
[rows 156 to 181 of 393, columns 177 to 235 of 337]
1.819528 1.789058 1.440841 1.372099 1.213997 1.198375 1.066716 2.505898 1.856347 1.656210 1.022286 -0.024026 -0.000004 -0.000048 -0.002203 -0.000657 -0.000368 0.000000 0.000182 0.662560 1.822489 1.564931 0.501023 -0.000004 -0.000014 -0.000983 -0.000722 -0.000031 -0.000043 -0.000004 -0.000000 0.000000 0.000348 0.000706 0.160961 0.162102 0.072999 0.176411 0.913443 0.914880 0.491235 0.200402 0.139086 0.125338 -0.049924 -0.000081 -0.000011 0.000003 0.000116 0.003130 0.005350 0.006782 0.000298 -0.116407 -0.390903 -0.361220 -0.024063 -0.000178 -0.000000
2.018186 1.511317 2.169930 1.821856 1.608062 1.385888 0.901965 1.209275 0.055075 -0.658508 -1.963385 -0.021852 -0.000221 -0.000818 -0.004051 -0.001917 -0.000883 0.000000 0.000182 0.413743 0.659238 0.672566 -0.001948 -0.000001 -0.000001 -0.000001 -0.000017 -0.000054 -0.000625 -0.000087 -0.000002 0.000002 0.000318 0.000645 0.221233 0.125837 0.088540 0.154445 -0.313174 -0.585415 -0.966967 -1.243394 -0.964204 -0.399240 -0.100263 -0.001511 -0.000034 0.000015 0.001809 0.005278 0.000272 0.002199 0.004683 0.816964 0.511092 0.405384 -0.010557 0.000000 0.000087
1.891677 2.763847 0.818963 0.688767 0.833777 0.947764 0.289281 -0.542948 -0.569060 -0.327002 -0.791408 -0.090714 -0.062481 -0.007321 -0.002392 -0.000051 -0.000046 0.000064 0.005877 0.488801 0.767915 0.777033 -0.000639 -0.000071 0.000000 0.000152 0.000874 0.020937 -0.021563 -0.000841 -0.000001 0.000001 0.001043 0.453308 0.912556 0.242475 0.191665 0.289229 -0.065627 -0.501163 -1.006789 -0.936527 -0.582171 -0.332011 -0.098796 -0.002125 -0.000017 0.000004 0.000008 0.000019 0.000104 0.000476 0.002669 0.327972 1.060599 0.551396 -0.000765 -0.000057 0.000011
0.439810 0.120006 0.025709 0.124688 0.257237 0.105034 -0.000000 0.000542 1.048794 0.528622 -0.037396 -0.001739 -0.002703 -0.000028 -0.000058 -0.000027 -0.000006 0.000025 0.006374 0.101034 0.058828 -0.031756 -0.002840 -0.000328 -0.000000 0.000006 0.000358 0.009573 -0.000142 -0.000028 0.000000 0.000001 0.000662 0.538761 0.504516 0.431564 0.236012 0.164943 0.123857 0.057812 0.186958 0.925590 0.803169 0.839356 0.533684 -0.002257 -0.000005 -0.000004 0.000002 0.000003 0.001941 0.007803 0.001614 0.154500 0.169360 0.159464 -0.000008 -0.000001 0.003085
-0.000064 -0.000000 -0.000273 -0.011935 -0.013992 -0.000897 0.000000 0.000315 0.040979 -0.012602 -0.000610 0.000339 0.000477 -0.000003 0.000005 0.004457 0.011667 0.003715 0.002235 -0.085717 -0.373021 -0.641802 -1.381755 -0.000719 -0.000167 0.000000 0.000557 0.016837 0.001897 0.000787 0.000144 0.000026 0.001757 0.439891 0.622460 0.523940 0.636265 0.230544 0.115939 0.076828 0.374080 1.184548 0.551763 -0.127289 -1.460975 -0.000776 -0.000285 -0.000006 0.000004 0.000404 0.000746 0.582728 0.481880 0.401959 0.246990 -0.000059 -0.000023 -0.000012 0.018514
-0.000024 -0.000002 -0.000893 -0.001722 -0.022396 -0.001939 0.000000 0.000430 0.029844 0.055105 0.001746 0.004365 0.001276 0.000002 0.000030 0.000993 0.025808 0.062343 0.094087 1.120096 0.972661 1.390730 1.720879 0.770555 -0.022162 -0.000004 -0.000021 0.000833 0.000366 0.000246 0.000080 0.001459 0.580860 1.163218 0.970551 0.714891 0.201512 0.112618 0.060776 0.053399 0.556151 1.899500 1.234438 -0.529394 -0.000954 -0.000343 -0.000354 -0.000009 0.000006 0.000008 0.000440 0.735161 0.816257 0.562204 0.154506 0.019904 -0.082635 -0.217527 -0.031416
-0.000131 -0.000241 -0.000461 -0.000655 -0.009946 -0.001505 0.000000 0.000273 0.018026 -0.009491 0.016463 0.017455 0.003781 0.000519 0.002767 0.004128 0.002022 0.000044 0.002122 -0.532945 -0.727483 -0.779895 -0.830274 -0.292671 -0.154616 0.011660 -0.007285 0.005867 0.033032 0.038628 0.026756 0.072052 0.462102 0.323803 0.000220 0.000025 0.000008 0.000000 0.032652 0.269028 0.852370 1.852944 2.015261 -0.104478 -0.000277 -0.000008 -0.000009 -0.000002 0.000000 0.000002 0.000822 0.288328 0.374704 0.330814 0.056807 -0.072148 -0.092007 -0.044930 0.194844
-0.000000 0.000053 0.000100 -0.000225 -0.014073 -0.002072 0.000001 0.000014 0.000268 -0.002743 -0.011260 -0.000009 -0.000012 0.000009 0.000011 0.000005 0.000005 0.000673 0.004873 -0.317235 -0.750247 -0.843224 -0.780762 -0.511059 -0.382340 -0.047806 0.072988 0.045766 0.065122 0.085796 0.069812 0.657782 1.862761 0.598250 -0.000055 -0.001061 -0.000173 0.000004 0.000431 0.412132 0.892315 1.238246 0.135477 -0.000266 0.001525 0.000679 0.000097 -0.000002 0.000000 0.000003 0.002787 0.485990 0.599865 0.500022 0.470199 0.440979 0.356654 0.566796 0.698671
-0.000007 -0.000024 -0.000209 -0.000193 0.000158 0.000117 0.000010 0.002986 0.310402 -0.029057 -0.113871 -0.093510 -0.000000 -0.001397 -0.000006 -0.000005 0.000005 0.000563 0.001107 -0.338824 -0.473712 -1.224802 -1.512108 -0.940091 -0.641552 -0.201075 -0.035669 0.065474 0.064620 0.085926 0.071594 -0.511883 -0.191506 -0.174895 -0.002302 -0.000274 0.000000 0.000332 0.000614 0.561014 0.310962 0.027138 0.023341 0.009882 0.007437 0.240976 0.714773 0.388546 0.001223 0.000197 0.361105 0.950312 1.170928 1.043628 0.874469 0.647637 0.737249 0.836802 0.910480
-0.000186 -0.000027 -0.000398 -0.000932 -0.000038 -0.000002 0.000149 0.006454 0.315149 -0.114980 -0.520985 -0.653393 -0.087284 -0.049057 -0.015422 -0.009746 0.000002 0.001262 0.001630 -0.434802 -0.233968 -0.224486 -0.319787 -0.223075 -0.386913 -0.101897 0.091851 0.163080 0.078543 0.070624 0.042776 0.009860 -0.460358 -0.288292 -0.004378 -0.000003 0.000002 0.000253 0.527747 0.428606 0.392919 0.260839 0.123649 0.000000 0.013392 0.258751 -0.212109 -0.135696 -0.048420 0.033735 0.370548 0.415875 0.311058 0.305052 0.216452 0.194286 0.202106 0.250237 0.401187
-0.000087 -0.000002 0.000001 -0.000195 0.000137 0.000347 0.000795 0.002972 0.007198 0.292490 0.616777 0.012126 -0.109863 -0.186144 -0.111356 -0.073426 0.000000 0.002271 0.007738 -0.483949 -0.171746 0.106796 0.154051 0.258963 0.140600 -0.013375 -0.126957 -0.255096 -0.009455 -0.000004 0.000002 0.000333 -0.119139 -0.179611 -0.010123 -0.000001 0.000001 0.000613 0.932518 0.903899 0.312475 0.000505 0.000035 0.000030 0.001808 0.009294 -0.212329 -0.146184 -0.003150 0.097047 0.419001 0.360877 0.032997 0.028126 0.050281 0.072691 0.129182 0.223109 0.392521
-0.000942 -0.000001 0.000002 0.002406 0.006717 0.000389 0.000743 0.004836 0.012906 0.072577 0.009694 -0.000001 0.000001 0.000438 -0.000697 -0.090896 0.000000 0.004975 0.006504 -0.091398 0.463743 0.706365 0.508054 0.354539 0.221147 0.004488 -0.232521 -0.232141 -0.021232 -0.000266 0.000011 0.000664 0.038029 -0.115760 -0.312075 0.000164 0.374510 0.721661 1.078033 0.890392 0.265198 -0.002132 0.000000 0.000698 0.000277 0.000061 0.001028 0.225581 0.251734 0.248034 0.651220 0.392950 -0.288261 -0.355822 -0.359239 -0.214203 -0.015309 0.216709 0.371022
-0.000604 -0.000000 0.000481 0.003226 0.000095 0.000011 0.001599 0.005336 0.003208 -0.002114 -0.000592 -0.000001 0.000002 0.000903 0.002676 0.001039 0.005558 0.001296 0.532688 2.869135 1.691727 1.129929 -0.032763 0.000000 -0.000364 -0.000273 -0.002637 -0.031639 -0.046644 -0.007550 0.000000 0.000071 0.084704 0.694627 0.926578 1.338359 0.782705 0.721979 0.568152 0.282113 0.151651 -0.002281 -0.003341 -0.001134 -0.000007 0.000011 0.000611 0.008787 0.078586 -0.051916 -0.348335 -0.483565 -0.020101 0.003600 0.185706 0.190706 0.295339 0.454032 0.416811
-0.000523 -0.000001 0.000001 0.000001 -0.000001 0.000001 0.000267 0.000835 0.001044 0.000015 0.000008 0.000047 0.000029 0.000635 0.001406 0.016167 0.000001 0.000280 0.264582 0.696940 0.880488 -0.186643 -0.003892 0.000001 -0.000011 -0.000072 -0.000526 0.001815 0.039378 0.012596 0.001974 0.375734 1.261461 1.909997 0.922989 0.387109 0.000799 0.004337 0.164466 0.083376 0.025998 -0.002868 -0.004050 -0.002412 -0.000015 0.000046 0.001365 0.002196 0.027295 -0.016630 -0.004773 -0.422907 -0.117835 -0.000001 0.000009 0.000007 0.046137 0.282132 0.511230
-0.000641 -0.000000 0.000472 0.000010 -0.000322 0.000000 0.000071 0.000401 0.000580 0.000037 0.000177 0.000564 0.000046 0.000838 0.001725 0.000165 0.000047 0.000015 0.274043 0.915303 0.595994 0.102869 -0.001934 0.000101 0.000025 -0.000001 0.000001 0.044954 0.282341 0.863548 0.874534 0.797292 0.654735 0.481439 0.158465 -0.009454 0.000560 0.001667 -0.338921 -0.335710 -0.441983 -0.009841 -0.000093 -0.000041 0.000139 0.000128 0.000907 0.002417 0.000296 0.000080 0.092879 -0.323545 -0.393950 -0.000154 -0.000003 0.000002 0.003820 0.773990 0.821552
-0.000014 -0.000012 0.000018 0.000080 0.000082 0.000014 0.000009 0.000554 0.000939 0.001151 0.000879 0.004765 0.000000 0.000606 0.001383 0.010596 0.001333 0.000542 0.478576 0.435832 0.407534 0.290605 -0.030494 -0.000041 -0.000004 0.000002 0.000004 0.091975 0.476984 1.236451 2.274263 0.785610 0.368723 0.114353 0.027399 0.006639 0.009615 0.124665 0.408492 0.038704 -0.433813 -0.017432 -0.000214 0.000135 0.000293 0.000101 0.001785 0.270230 -0.000005 0.000025 0.094354 -0.208577 -0.257398 -0.249838 -0.022834 0.000000 0.015228 2.791987 1.288355
-0.000470 -0.000009 0.000011 0.000189 0.000104 0.000480 0.001921 0.002001 0.001771 0.002943 0.000239 -0.001166 0.000000 0.001575 0.011388 0.287405 0.406793 2.169502 2.456997 1.951649 1.871212 0.783452 -0.072707 -0.001348 -0.000204 0.000000 0.000071 0.323322 0.774758 0.761070 0.443679 -0.000002 -0.000001 0.000006 0.000032 0.001181 0.083996 0.232561 0.759164 0.257952 -0.388233 -0.017952 -0.000048 0.000057 0.000197 0.000074 -0.267545 -0.412791 -0.215919 -0.000003 0.071672 -0.445063 -0.923931 -1.750356 -0.477000 0.000028 0.524647 3.131704 1.255212
-0.001023 -0.000325 0.000000 0.000819 0.001673 0.003023 0.002176 0.019808 0.108816 0.935514 0.997680 0.662567 -0.000001 0.000037 0.383244 0.372517 0.477562 1.889979 2.241161 1.569521 0.596350 0.191458 -0.050939 -0.000004 0.000005 0.000339 0.000376 0.325847 0.507723 0.242401 -0.000306 -0.000001 0.000031 0.000331 0.000600 0.005628 0.178969 0.265097 0.259280 0.125190 0.005313 -0.005860 -0.000016 0.000062 0.001904 0.000819 0.430724 0.745790 0.626146 0.357768 0.301998 0.128602 -0.046464 -0.184549 0.165623 0.448571 1.752508 1.690371 1.457867
-0.001914 -0.000270 0.000000 0.000631 0.001586 0.003127 0.039781 1.883897 2.150657 2.331192 2.003963 1.425343 1.461196 1.258842 1.017458 1.775718 1.906153 1.992746 1.591475 0.992002 -0.018075 -0.000408 -0.000131 0.000005 0.353810 0.486442 1.547965 0.720471 0.416585 -0.003853 -0.000001 0.000000 0.001177 0.005260 0.031143 0.006344 0.171903 0.140451 0.026427 0.003119 -0.000487 -0.000949 0.000037 0.000796 0.014712 0.113320 0.052464 0.018348 -0.012244 -0.101055 -0.000899 -0.000009 -0.000025 0.000626 0.698491 1.589711 1.315614 0.862002 0.165530
-0.000097 0.000001 0.000003 0.000620 0.002532 0.089692 1.153823 1.866565 1.363524 0.823317 1.552239 1.276628 1.409600 2.049937 1.508951 1.718531 1.555727 1.030742 0.001537 0.000026 -0.001110 0.000082 0.002291 0.320638 0.547727 0.654765 0.775024 0.788955 -0.292822 -0.001169 -0.000190 0.000000 0.000517 0.001386 0.066810 0.373027 0.269062 0.000229 0.000139 -0.000146 0.000263 0.000674 0.001550 0.005714 0.004240 0.002498 -0.000002 -0.000002 0.000001 0.000004 0.000033 0.000042 0.000030 0.013775 1.129674 1.851424 0.720853 -0.034624 -0.031685
0.003953 0.000354 0.001050 0.244281 -0.156800 0.485382 1.086080 0.844950 -0.000000 0.000150 0.047617 0.031163 0.925929 2.033631 2.317290 1.908674 1.691641 1.039755 -0.000002 0.000002 0.010828 0.216357 0.489725 0.528385 0.733088 0.890698 0.896682 0.676648 -0.007759 -0.001499 -0.000571 0.000000 0.000247 0.000844 0.075047 0.040435 0.027921 0.005464 -0.000002 0.000041 0.004236 0.000649 0.004551 -0.000001 0.000001 -0.000002 0.000001 0.000017 0.000456 0.000714 0.000906 0.000101 0.000040 0.710604 2.100049 0.440925 0.363741 0.374645 0.123647
0.059926 0.042563 0.089930 -0.175760 -0.300558 0.013472 0.108893 -0.120656 -0.000002 0.000002 0.000087 0.918207 0.989268 0.891237 0.633953 0.339767 0.143282 0.080098 -0.000474 -0.000524 -0.043847 0.063017 0.344161 0.180947 0.085232 -0.099340 -0.432810 -1.182005 -0.002104 -0.000920 -0.000006 0.000000 0.000253 0.000329 0.000672 0.093454 -0.000033 -0.000002 0.000003 0.001184 0.019247 -0.028765 -0.001122 -0.000454 -0.000000 0.000009 0.000398 0.000654 0.000840 0.000833 0.064356 0.053583 0.067299 2.037736 1.941974 0.745608 0.634803 0.810472 0.050670
0.059204 0.187778 -0.203184 -0.209649 -0.162120 -0.196416 -0.093649 -0.003338 0.022047 0.011418 0.039757 0.639984 0.441114 -0.006718 -0.000001 0.000000 0.000021 0.010911 -0.029761 0.015960 0.236032 0.271064 0.608579 0.548894 0.453027 0.340295 0.217244 -0.014674 -0.000293 -0.000022 -0.000000 0.000001 0.000437 0.001083 0.001297 0.039869 -0.000714 -0.000014 0.000003 0.000505 0.000816 -0.000062 -0.001085 -0.000005 0.000005 0.000231 0.000585 0.001814 0.002172 0.002295 0.606266 1.838824 2.738729 3.155586 3.936061 3.734303 2.587380 3.196882 2.162504
0.008040 0.156345 0.140552 0.312833 0.642295 0.454198 0.585600 0.728282 0.726328 0.877082 1.345628 1.019224 0.012388 0.001961 -0.000000 0.000011 0.000312 0.021829 -0.040487 -0.065350 -0.024921 -0.114144 -0.135055 -0.265700 -0.432657 -0.608337 -0.983989 -0.002587 -0.000233 -0.000000 0.000312 0.001189 0.001679 0.014789 0.525378 0.207932 0.108967 -0.000044 -0.000073 0.000000 0.000398 0.000010 -0.000398 -0.000005 0.000005 0.000747 0.001475 0.001516 0.012159 0.057536 0.970696 2.046040 2.633919 3.009135 4.109262 3.835687 4.470229 3.346801 2.305940
0.003456 0.006803 0.909753 0.801333 1.020412 0.557387 0.242301 0.124622 -0.023190 -0.233166 -0.208370 -0.000450 -0.000009 0.000006 0.000008 0.000208 0.008874 0.000774 0.116081 0.219812 0.224762 0.326237 0.498041 0.434425 0.440076 0.360084 0.230765 -0.004100 -0.000232 -0.000007 0.000034 0.002738 0.011189 0.003300 -0.002565 -0.267101 -0.315996 -0.005828 -0.000458 0.000000 0.000177 0.000645 0.000044 0.000003 0.000005 0.000374 0.004424 0.024050 0.006694 0.072689 0.749918 1.303824 3.099442 4.055331 3.340300 2.768141 3.548981 2.753706 2.086184
0.005477 0.006025 0.008128 0.189563 0.129505 0.032650 -0.524788 -0.702006 -0.577168 -0.630192 -0.603138 -0.000315 -0.000006 0.000004 0.000643 0.001499 -0.264260 -0.204127 -0.352343 -0.182436 0.041048 0.142288 0.016243 -0.045873 -0.199494 -0.114619 -0.004938 -0.000092 -0.000115 0.000024 0.000076 0.003945 0.017097 0.517163 0.204367 0.011925 -0.058943 -0.000771 -0.000849 -0.000000 0.000009 0.000378 0.004961 0.000138 0.000024 0.000737 0.005678 0.005700 0.022383 0.039076 0.896020 2.273016 1.713145 2.018255 0.896044 0.109856 0.157600 0.262533 0.373462
