use_cases/Flooding_chicago/flooding_data/output/hUx_3480.asc
ncols 337
nrows 393
xllcorner 428428.000000
yllcorner 4602440.000000
cellsize 26.757400
NODATA_value -9999.000000
[rows 156 to 181 of 393, columns 59 to 117 of 337]
0.088852 0.080732 0.088624 0.068555 0.082447 0.127108 0.097239 0.074322 0.076550 0.072047 0.059499 0.052301 0.060263 0.077743 0.038617 0.020990 0.021057 -0.001714 -0.035296 -0.049527 -0.068560 -0.066639 0.007582 0.012746 -0.027529 -0.058477 -0.118898 -0.000021 0.000017 0.037035 0.045235 0.046978 -0.093428 -0.000781 -0.001154 -0.000010 0.000011 0.006930 -0.001507 -0.043749 -0.000710 0.000000 0.000194 0.001667 0.004239 0.014039 0.004583 0.002348 0.010572 0.057509 0.027017 0.021455 0.016844 0.010264 0.066885 0.382048 -0.004405 -0.001558 0.000478
0.167700 0.224017 0.162918 0.163206 0.287237 0.330735 0.207227 0.200040 0.205109 0.191208 0.188359 0.118435 0.082094 0.047545 -0.035621 -0.068731 -0.029181 -0.030424 -0.044960 -0.039915 -0.034905 -0.020769 0.014407 -0.000799 -0.037471 -0.066185 -0.123778 -0.000109 0.000077 0.087879 0.050626 0.015432 -0.095568 -0.000748 -0.001165 -0.000029 0.000022 0.000021 -0.004564 -0.034018 -0.000450 0.000000 0.000122 0.000091 0.001410 0.010950 0.003219 0.002017 0.003986 0.001493 0.016717 0.011701 0.005057 0.000000 0.000117 0.077075 0.007109 -0.002833 -0.007626
0.101536 0.123917 0.067044 0.089866 0.131545 0.164021 0.112940 0.043241 0.043302 0.074049 0.070146 0.042314 0.016044 -0.010072 -0.060103 -0.083972 -0.036860 -0.011238 -0.006332 -0.013485 -0.002952 0.005990 0.029272 0.006603 -0.032165 -0.061709 -0.123255 -0.000403 0.000263 0.001264 -0.033546 -0.454710 -0.180219 -0.001466 -0.000013 -0.000019 0.000017 0.000015 0.000756 -0.000867 -0.000025 -0.000002 0.000020 0.000027 0.000108 0.000010 -0.000349 0.000000 0.000230 0.002158 0.000170 0.001626 -0.000002 0.000001 0.000126 0.084871 0.014139 0.047502 0.011040
0.400266 0.243916 0.177389 0.325884 0.297616 0.289959 0.243403 0.112499 0.116976 0.223138 0.216886 0.174280 0.071017 -0.017730 -0.060525 -0.069781 -0.021482 -0.000006 0.016403 0.017526 0.018018 0.014411 0.032550 0.009023 -0.120753 -0.000103 -0.001015 -0.001747 0.029529 0.001692 0.000106 0.005751 0.007907 -0.000058 -0.000002 -0.000000 0.000733 0.103033 -0.012309 -0.118595 -0.001437 -0.000000 0.000722 0.001735 0.082750 0.013423 -0.000066 0.000322 0.000123 0.001067 0.001616 0.080122 0.016621 -0.000827 -0.014928 -0.028805 -0.093206 0.001747 0.015388
0.551351 0.354271 0.277754 0.594407 0.600106 0.624661 0.511043 0.472257 0.524325 0.485747 0.556476 0.367219 0.193959 0.049735 -0.032841 -0.029075 -0.011202 -0.012786 -0.006147 -0.001389 -0.036684 -0.012114 0.001343 -0.003140 -0.126846 -0.000000 0.009638 -0.003263 -0.007749 -0.010750 -0.000000 0.000000 0.000002 0.000017 0.000014 -0.000001 0.000015 -0.037904 -0.091847 -0.000144 -0.000005 0.000001 0.001330 0.166728 -0.035771 -0.073206 -0.000047 0.000118 0.005567 0.011868 0.133518 0.006739 -0.012544 0.007188 0.032758 0.062209 0.066552 0.093617 0.226173
0.237653 0.150140 -0.023238 -0.036959 0.022076 0.072694 0.071391 0.080884 0.103564 0.124625 0.096976 0.065973 0.004337 -0.119268 -0.172260 -0.247670 -0.249737 -0.350857 -0.431293 -0.472814 -0.317913 -0.389646 -0.734575 -0.758190 -0.000217 -0.000002 0.000003 0.012640 0.000862 -0.012259 -0.000001 0.000001 0.000054 0.171752 0.478855 0.053197 0.032510 0.010807 -0.057122 -0.000125 -0.000000 0.000181 0.001417 0.000103 -0.002102 -0.000063 -0.000073 0.000095 0.000058 0.000434 0.001421 0.154993 0.073488 0.061695 0.019606 -0.001014 -0.027850 0.002461 0.129127
0.071744 0.009926 -0.019805 -0.019154 0.011920 0.045733 0.033592 0.019423 0.035673 0.051238 0.024199 -0.008431 -0.009825 0.018265 -0.000496 0.010674 0.055216 0.093363 0.100648 0.109972 0.110380 0.102713 0.125368 0.073541 -0.000312 -0.000000 -0.000591 -0.000543 -0.000106 -0.000080 -0.000055 0.000103 0.175552 -0.045434 -0.145153 0.034196 0.071718 0.050133 0.059471 -0.000000 0.000000 -0.000000 0.000026 -0.011524 -0.007603 -0.000029 -0.000021 0.000025 0.000027 0.000311 0.002598 0.000291 0.081038 0.000438 -0.007532 -0.037975 -0.075131 -0.045094 0.008890
0.185361 -0.117502 -0.360580 -0.344936 -0.281965 -0.183349 -0.155378 -0.173423 -0.131755 -0.112656 -0.099488 -0.089737 -0.095925 -0.138580 -0.158296 -0.039835 0.009510 -0.011221 -0.020528 -0.018144 -0.004480 0.020414 -0.008505 -0.079207 -0.148099 -0.000072 -0.000632 -0.000596 -0.000059 -0.000113 0.000045 0.000098 0.128666 0.454194 -0.030849 0.000000 0.021019 0.023822 0.141202 0.237800 0.725230 0.271831 0.027367 -0.000879 0.014755 0.023803 -0.000000 0.007707 0.007525 0.001817 0.001476 0.000504 0.000140 0.000003 0.000000 0.000045 0.000042 0.009762 0.037580
0.002522 0.394192 -0.004696 0.022521 0.079310 0.103657 0.083452 0.099242 0.082464 0.075751 0.122638 0.130024 0.124408 0.114995 0.076673 -0.005008 -0.022772 -0.009421 -0.000983 -0.003962 0.007355 0.040849 -0.002365 -0.304521 -0.059902 -0.076180 -0.132944 -0.002274 -0.000056 -0.000037 0.000033 0.000047 0.000475 0.000066 -0.000121 0.000000 0.000149 0.035854 0.154222 0.245395 0.249105 -0.139575 -0.238417 -0.321096 -0.004274 0.027952 0.043766 0.027626 0.011985 -0.023221 -0.058149 -0.077062 -0.000091 -0.000159 -0.000126 0.000089 0.000103 -0.006234 0.157296
0.005008 1.535198 1.221009 1.122728 0.877607 0.579580 0.721303 0.786350 0.654239 0.470241 0.445046 0.325216 0.265371 0.228056 0.153170 -0.000005 0.000002 -0.151061 -0.000305 -0.000000 -0.000000 0.000000 0.000173 0.000821 0.000013 -0.004585 -0.034521 -0.241155 -0.000011 0.000003 0.000025 -0.000003 -0.000013 -0.000239 -0.000045 0.000000 0.000091 0.000263 0.065193 0.012096 0.039535 0.197336 0.150829 0.057227 -0.078973 -0.000003 0.000000 0.015615 0.026081 -0.022073 -0.090106 -0.046590 -0.000000 -0.349455 -0.299234 -0.119726 0.055942 0.111593 0.082834
0.013100 0.995379 0.678961 0.588076 0.588404 0.299753 0.381978 0.403909 0.275935 0.237845 0.187282 0.209850 0.131728 0.153521 0.126824 -0.000020 -0.000040 -0.000548 -0.000280 -0.000107 0.000000 0.000194 0.000392 0.000540 0.001480 0.001535 0.177337 0.423128 -0.000011 -0.000043 -0.000008 0.000037 0.000004 -0.000015 -0.000002 -0.000000 0.000003 0.000153 0.000894 0.000054 0.000732 0.072991 0.081313 0.004023 -0.103026 -0.000092 0.000000 -0.129538 -0.288821 -0.400543 -0.417748 -0.381761 -0.213857 -0.619984 -0.598016 -0.122839 0.177027 0.571581 0.600319
0.030909 0.137878 0.077026 0.073658 0.042831 0.107034 0.078948 0.096468 0.123022 0.122181 0.099556 0.093008 0.035937 0.098338 0.105053 -0.000000 -0.028984 -0.000456 -0.000339 -0.000156 0.000000 0.000061 0.000101 0.000117 0.000639 0.001122 0.001118 0.057550 0.016000 -0.002886 -0.099522 -0.074111 -0.026525 0.003589 -0.025490 -0.000000 0.000000 0.001926 0.000802 0.000120 0.000218 0.103175 0.204718 0.204347 0.135518 -0.039399 0.000000 0.453244 0.298874 0.274693 0.330360 0.221329 0.206525 0.284579 0.515293 0.666290 1.013983 1.258421 1.936994
0.027598 0.037343 0.066163 -0.007455 -0.005978 -0.006625 -0.026425 -0.017043 0.006993 0.000754 -0.033582 -0.188434 -0.250959 -0.062286 0.092849 0.042003 0.016150 -0.031095 -0.000485 -0.000193 0.000000 0.000097 0.000434 0.000002 0.000042 0.000005 0.000003 0.000211 0.089152 0.031345 0.085762 0.081913 0.079014 0.092112 0.103089 0.095145 0.014214 0.008342 0.026081 0.075977 -0.027222 -0.065674 -0.145946 -0.188373 -0.035795 0.029580 0.008256 0.046827 0.122503 0.308385 0.500055 0.418248 0.502310 0.664185 1.207455 1.474184 1.851040 2.156898 2.894594
0.064667 0.019560 0.007311 0.002392 0.291851 0.529147 0.036997 -0.176801 -0.123150 -0.049276 0.024962 0.117506 0.349311 0.706232 1.150494 1.025198 0.572607 0.688273 0.407985 -0.002289 -0.000002 -0.000011 -0.000898 -0.001075 -0.000649 -0.000098 -0.000003 0.000003 0.000146 0.044004 0.006915 -0.002057 -0.008718 -0.110354 -0.038237 0.021187 0.022678 0.010059 0.018718 0.084649 -0.083239 -0.104120 -0.080313 -0.033340 0.011210 0.004778 0.000001 0.000011 0.000012 -0.020387 0.193337 0.131846 0.115930 0.635576 1.387778 1.720168 2.940994 3.359809 3.863622
-0.000001 0.000001 0.000054 0.243276 0.224899 0.063496 -0.018309 0.031744 0.141859 0.241436 0.452922 0.448404 0.024573 0.040326 0.039611 0.274462 0.109580 0.132835 0.296605 0.413774 -0.091303 -0.010794 -0.004873 -0.001253 -0.000889 -0.000255 -0.000003 0.000003 0.000200 0.150528 -0.019447 -0.000003 0.000000 0.193207 0.015066 0.025077 0.016107 0.026074 0.117656 -0.167226 -0.254038 -0.214082 -0.125815 -0.103020 -0.081314 0.000000 0.000041 0.000004 0.000000 0.000126 -0.052607 0.136547 0.002359 1.162569 2.098806 2.456604 3.962238 4.435905 4.853363
0.038044 0.008372 0.104242 0.076417 0.196821 0.581510 0.447572 0.360227 0.223120 0.254305 0.072502 0.432595 0.421924 0.004583 0.065612 0.451281 0.125507 0.114816 0.208234 0.292782 0.166528 -0.009892 -0.000272 -0.000034 -0.000871 -0.000188 -0.000000 0.000085 0.213694 0.003798 -0.258210 -0.000242 -0.000017 -0.000012 0.000007 0.000015 0.048838 0.901977 0.271977 0.143391 0.051150 0.013615 -0.013010 -0.031580 -0.061863 -0.000015 -0.000164 -0.000002 0.000003 0.000147 0.027319 0.780317 1.879853 4.605766 5.470044 4.986471 5.145605 6.273384 6.608407
0.206897 0.126323 0.169109 0.151531 0.085744 0.438492 0.334340 0.005305 0.009294 0.025829 0.033326 0.322692 0.755397 0.479416 0.289250 0.393963 0.159582 0.143163 0.039346 -0.013699 -0.212206 -0.005399 -0.000049 0.000009 0.022269 0.010824 -0.031650 -0.670250 -0.959716 -0.681616 -0.405822 -0.267670 -0.000016 -0.000030 -0.000008 0.000032 0.000410 0.027809 -0.111703 -0.206649 -0.292632 -0.271045 -0.281694 -0.268698 -0.049735 -0.005013 -0.001218 0.000000 0.000614 0.011747 0.992138 3.335457 5.763799 7.859417 8.410568 8.336460 7.760082 7.486251 6.944634
0.500239 1.144681 0.327213 0.248802 0.151545 0.261666 0.819465 0.604954 -0.001942 0.005612 0.008743 0.245796 0.974958 0.693944 0.544263 1.059299 0.523674 0.450958 0.118320 -0.010815 -0.208507 -0.000214 0.000015 0.076102 0.239154 0.415372 0.313136 0.326574 0.516497 0.870954 0.485688 -0.285990 -0.000012 -0.000014 -0.000018 0.000009 0.000019 0.000312 0.000435 0.764495 0.353509 0.195094 0.117701 0.010797 -0.003791 0.001538 -0.001870 0.000000 0.000267 1.208907 3.362706 5.065628 7.842667 8.494464 7.492903 8.025523 7.522789 7.314749 7.048883
0.195297 0.089307 0.108456 0.110267 0.070198 0.174542 1.082469 0.892421 0.647966 0.368745 0.964494 0.067282 0.571957 0.508397 0.667898 0.538354 0.449739 0.492527 0.282108 0.742422 0.351608 0.412300 0.269278 0.371391 0.332805 0.286870 0.482578 0.185351 0.215484 0.215312 0.590291 0.025441 -0.000011 -0.000021 -0.000013 -0.000004 0.000008 0.000006 0.000207 1.529135 1.233134 0.781306 0.534203 0.331001 0.191180 -0.108258 0.000000 0.000091 1.394899 4.313936 6.016913 7.574769 7.877283 8.365107 7.022599 6.885741 6.129797 5.424712 4.725975
0.011575 0.010383 0.006323 0.003038 0.001029 0.012021 0.071814 0.939044 1.382805 0.881529 1.461288 0.576479 0.555065 0.529623 1.092881 1.264104 0.824209 0.834499 0.458008 0.524455 1.168796 1.026482 1.616194 0.919937 0.890434 0.296728 0.194181 0.149709 -0.000002 0.000002 0.163112 0.456958 -0.033338 -0.311321 -0.115569 -0.000436 0.000000 0.000222 0.063053 -0.236178 -0.435377 -0.338762 -0.308895 -0.214849 -0.224311 -0.104392 0.000000 1.105069 2.474944 3.889937 4.591409 4.653227 3.089228 5.303805 3.755374 3.562235 2.749155 2.351077 1.938791
0.006310 0.007678 0.006848 0.005377 0.002339 0.018133 0.029317 0.030376 0.754852 1.062579 1.598166 1.305848 0.784260 0.741027 1.245521 1.043279 0.943358 0.932513 0.461878 0.479225 0.504107 1.001482 0.963349 0.836148 0.347612 0.288910 0.186764 0.022764 0.030761 0.022135 0.080373 0.154121 0.282204 0.320077 0.188248 0.042101 0.018671 0.000495 -0.019741 -0.293714 -0.474536 -0.449526 -0.461735 -0.446011 -0.464644 -0.163265 0.000000 1.227411 2.812679 3.226039 3.480828 3.311697 3.115714 2.910233 3.592190 2.335274 1.985140 1.740426 1.448435
0.001762 0.016783 0.018641 0.015692 0.005789 0.046236 0.084626 0.080245 0.087237 0.643629 1.033742 1.273462 0.836747 0.765373 0.700957 1.134643 0.965505 0.872344 0.583526 0.235124 0.000526 -0.006599 0.113328 0.203130 0.198585 0.761517 0.460570 0.255350 0.070379 0.204536 0.168648 0.089855 0.082329 -0.065629 -0.000000 0.000001 0.061734 -0.052683 -0.152010 -0.403090 -0.339949 -0.191781 -0.050983 0.111987 0.464833 0.776754 0.689192 2.687500 2.901716 2.706902 2.876716 2.378326 2.759684 2.063907 2.149679 1.527872 0.339453 0.061140 -0.237537
0.094555 0.048615 0.040124 0.026334 0.070054 0.039604 0.056581 0.071800 0.063018 0.019745 0.005656 0.633669 0.663786 1.155614 1.023280 1.005696 0.888381 0.654422 0.391904 -0.217397 -0.001188 0.000000 0.001812 0.309059 0.577139 0.404153 0.781045 0.846101 0.464508 0.400803 0.337738 0.245327 0.312113 -0.000181 0.000000 0.000126 0.000148 -0.081112 -0.119623 -0.146334 -0.006309 0.135439 0.567103 0.805978 1.811881 2.070769 2.674979 4.071372 4.234396 3.901713 3.473269 2.820487 2.658532 1.932662 1.365493 0.299307 0.000731 -0.000228 -0.165394
0.053357 0.341104 0.052041 0.036891 0.010673 0.001688 0.004085 0.003916 0.006190 0.007951 0.001370 0.008372 0.692977 0.975720 1.052788 1.234581 1.219443 1.253175 0.846789 0.238984 0.067145 0.000026 0.000092 0.158051 0.284732 0.273931 0.334784 0.609477 0.622109 0.401836 0.351776 0.257341 0.317345 -0.128748 -0.000000 0.000003 0.037377 0.111498 0.170877 0.181106 0.191736 0.334187 1.015371 1.692472 2.621924 2.909676 4.391802 4.249409 5.016014 4.539561 3.528157 3.468240 2.502097 1.918502 0.982403 0.244801 -0.005930 0.000000 0.001576
0.108242 0.149393 -0.082805 -0.000029 -0.000003 0.000034 0.000030 0.000338 0.000613 0.077257 -0.000000 0.000299 0.549675 0.633075 0.000010 0.208457 0.437917 0.220964 0.202313 0.110074 -0.062210 -0.166561 -0.075476 -0.000007 0.000000 0.000004 0.420120 0.811731 0.777445 0.885540 0.554846 0.902131 0.543623 0.367688 -0.033732 0.000000 0.026169 0.096814 0.197593 0.210163 0.225014 0.670864 1.227393 2.030528 2.419223 2.917893 4.552082 4.509748 5.501621 4.503690 3.113397 3.046701 1.881090 0.859573 0.445486 0.091392 -0.007327 0.000000 0.002824
0.148529 -0.000030 -0.000082 -0.000053 0.000086 0.000123 0.000074 0.000439 0.001076 0.114108 -0.000007 0.000008 0.001500 0.196690 -0.000070 -0.024060 -0.125435 -0.099890 0.001487 0.133962 0.145558 0.092442 0.037890 -0.000007 -0.000000 0.000000 0.000308 0.557392 0.440167 0.656144 0.722824 0.835790 0.745314 0.616514 0.255351 -0.050315 -0.000000 0.028607 0.087916 0.107155 0.346251 0.687871 1.190017 1.853890 2.410180 2.545371 4.302222 4.721744 3.914766 3.310920 2.822928 2.294128 1.254900 0.621512 0.155847 0.101255 -0.012470 0.000000 0.003793
