use_cases/Flooding_chicago/flooding_data/output/hUx_3360.asc
ncols 337
nrows 393
xllcorner 428428.000000
yllcorner 4602440.000000
cellsize 26.757400
NODATA_value -9999.000000
[rows 182 to 207 of 393, columns 177 to 235 of 337]
0.014401 0.015754 0.033860 0.242069 0.217787 0.092220 0.349201 0.375004 0.297272 0.226848 -0.125438 -0.139421 -0.000002 0.000002 0.000803 0.006719 0.004982 0.248860 0.594897 0.648331 0.813887 0.507864 0.001741 -0.000053 -0.174254 -0.019485 -0.001471 -0.000089 0.000042 0.000192 0.000005 0.004489 0.018238 0.141074 0.103533 0.154632 0.025068 0.000998 0.001323 0.000139 0.001684 0.002050 0.001491 0.000354 0.000142 0.000142 0.000224 0.002477 0.001607 1.741201 3.278061 2.531079 1.160357 0.608027 0.001001 0.000568 -0.437902 -0.400279 0.141010
0.009908 0.009423 0.061865 0.256459 0.120130 0.091167 0.398726 0.537064 0.758638 1.172879 0.528743 0.049505 0.059070 0.031250 0.061055 0.437179 0.230333 0.375280 0.549329 0.163595 -0.018538 -0.001515 0.000000 -0.007391 0.019642 -0.000033 -0.000034 0.000001 0.000888 0.001226 0.001785 0.000800 0.009054 0.012263 -0.059287 -0.001891 -0.000001 0.000025 0.002802 0.003526 0.000615 0.000700 0.000481 0.005940 0.070912 0.705710 0.896008 1.079637 2.235787 4.019169 2.244647 0.101184 -0.742586 -0.381639 -0.009101 0.000480 0.001966 0.006531 0.000264
0.026913 0.091970 0.025941 0.011657 0.056884 -0.225814 -0.304086 -0.398414 -0.188878 -0.000888 -0.000001 0.000001 0.001023 0.048272 0.111137 0.363072 0.307222 0.160137 -0.293591 -0.007226 -0.001927 -0.000009 0.000027 0.001384 0.136154 -0.000038 0.000013 0.000039 0.008315 0.189446 0.000071 0.000411 0.000999 0.064833 -0.000266 -0.000013 0.000013 0.000482 0.006137 0.014516 0.001610 0.002887 0.002244 0.432107 2.143445 3.633301 3.474544 3.789994 3.178554 2.704763 0.713728 -0.625961 -0.520246 -0.481270 -0.084540 -0.000023 0.000008 0.000009 0.000063
0.001959 0.010554 0.000453 0.001663 0.001965 -0.479121 -0.937842 -1.360193 -0.022850 -0.000379 -0.000015 0.000001 0.000707 0.002705 0.054980 0.004961 -0.000839 -0.001396 -0.017025 -0.004679 -0.000211 0.000076 0.000254 0.000853 0.202589 -0.000069 0.000051 0.004744 0.017554 0.113586 0.043890 0.229976 0.180520 0.117654 -0.002846 -0.000013 0.000013 0.002619 0.006074 0.015326 0.026780 0.699964 1.669240 2.133532 2.292591 2.491087 1.678933 -0.000001 0.000001 -0.652198 -0.909650 -1.163134 -1.456108 -0.549501 -0.252856 -0.001189 0.000000 0.000833 0.003421
0.000720 0.010326 0.000456 0.000224 0.008397 0.233544 -0.912877 -1.528806 -1.115951 -0.001364 -0.000322 0.000000 0.001105 0.004406 0.008407 -0.000331 -0.001465 -0.003205 -0.007758 -0.007775 -0.000635 0.000436 0.000883 0.007456 0.193894 -0.000057 -0.000009 0.003859 0.006013 0.000247 0.124636 0.104518 0.175383 0.317995 0.351907 -0.000008 -0.000003 0.000110 0.001525 0.022700 0.815520 0.961152 1.220347 1.450006 1.652482 -0.027129 -0.001180 -0.000002 0.000004 0.001382 0.173588 -0.796454 -1.479609 -1.566052 -0.571968 -0.000235 0.000000 0.000387 0.001633
0.024032 0.003355 0.000876 0.000639 0.002113 0.015758 0.001376 -0.108819 -0.524917 -0.013548 -0.001013 -0.000001 0.000021 0.001373 0.002932 0.003800 -0.001229 -0.020034 -0.003169 -0.001276 -0.000911 0.001531 0.001644 0.007333 0.052125 -0.100376 -0.001371 -0.000019 0.000514 0.004235 0.036431 0.000002 0.000237 0.000323 0.329494 0.249395 0.094061 0.025759 0.023105 0.557189 0.384566 0.255858 0.455429 0.288357 -0.003178 -0.001416 -0.000581 0.000000 0.000387 0.003649 0.229204 -0.733317 -1.433067 -2.379305 -1.664839 -0.003595 0.000000 0.000387 0.003924
0.000417 0.000329 0.000162 0.002077 0.003914 0.032792 0.012084 -0.243042 -0.412834 -1.035354 -0.005638 -0.000417 -0.000057 -0.000074 0.000014 0.001026 0.007778 0.009509 -0.000130 -0.000438 -0.000042 0.000387 0.001258 0.004703 0.049922 -0.093252 -0.002699 -0.001014 0.000000 0.002569 0.004017 0.000197 0.000122 0.000270 0.003494 0.258454 0.234810 0.187365 0.052326 0.311887 0.114243 0.093526 0.098829 0.017396 -0.003150 -0.002112 -0.000571 0.000000 0.000387 0.001058 0.051706 0.538117 0.459418 -1.150984 -0.344612 -0.219945 -0.000046 0.000033 0.000255
0.000660 0.000622 0.000260 0.001349 0.002242 0.051298 0.021253 -0.098263 -0.155076 -0.268046 -0.071978 -0.005293 -0.004650 -0.000239 -0.000369 0.000000 -0.000130 -0.000007 0.000002 -0.000005 -0.000015 0.000000 0.001142 0.016136 -0.090585 -0.150790 -0.001558 -0.000720 0.000000 0.000552 0.000058 0.000000 0.002073 0.005383 0.009581 0.010489 0.127211 0.085138 0.403095 0.339235 0.412244 0.328621 0.429420 0.051461 -0.386547 -0.000110 -0.000024 0.000008 0.000022 0.000951 0.184337 1.010379 2.112439 1.774508 1.015390 -0.302537 -0.017928 -0.000243 0.000220
0.000145 0.000182 0.002815 0.004492 0.068017 0.030887 0.025874 -0.233769 -0.286556 -0.527977 -1.043450 -0.030802 -0.006210 -0.005387 -0.000018 0.000001 -0.007074 -0.000684 -0.000019 0.000001 0.000008 0.000017 0.003593 0.340166 0.563058 0.089368 -0.019153 -0.013388 -0.005185 -0.000111 -0.000002 0.000010 0.004750 0.009364 0.015528 0.021026 0.106224 0.052502 0.542467 0.655164 0.725772 0.734995 0.641568 0.180913 -0.007281 0.000129 0.154071 0.834628 1.454013 2.232244 2.575255 2.200433 3.034397 2.097488 1.504520 -0.012901 -0.000086 -0.000458 0.000482
0.004406 0.001005 0.002978 0.044753 0.087666 0.045605 0.035985 0.720822 0.632079 0.474877 0.238084 -0.062298 -0.042520 -0.010526 -0.002508 -0.000041 -0.000099 -0.001008 -0.000383 -0.000008 0.000006 0.000456 0.001118 0.324842 -0.055608 -0.225546 -0.368021 -0.016288 -0.009717 -0.002490 -0.000002 0.000002 0.003618 0.008809 0.013920 0.020293 0.080921 0.460327 0.340759 0.807086 0.986744 0.711710 0.482358 0.369999 0.411162 0.618982 1.385937 2.333932 2.489599 2.225286 2.268344 3.318551 2.625660 0.612751 -0.039492 -0.005138 -0.000500 0.000000 0.000387
0.006199 0.038435 0.106917 0.047616 0.099301 0.571201 0.353224 0.393655 0.211928 -0.044705 -0.029541 -0.030457 -0.027730 -0.011337 -0.000182 -0.000011 0.000023 -0.047459 -0.003162 -0.000613 0.000000 0.000418 0.001084 0.206092 -0.024254 -0.155936 -0.001117 -0.000177 -0.001457 -0.000197 -0.000009 0.000004 0.000700 0.001485 0.002492 0.003419 0.035182 0.598157 0.516070 0.436260 0.209862 0.480304 0.718653 0.336678 0.331924 0.618412 0.694644 0.715677 0.650456 0.355960 0.286664 0.493125 0.251125 -0.012890 -0.002121 -0.010896 -0.000418 0.000000 0.000387
0.006467 0.001121 0.000772 0.001185 0.084523 0.462252 0.406441 0.287104 0.121158 0.147537 -0.005517 -0.006767 -0.014268 -0.007382 -0.009296 -0.000000 -0.001499 -0.019707 -0.001227 -0.000006 0.000000 0.000012 0.001576 0.127658 -0.081452 -0.000769 -0.000024 -0.000253 -0.000365 -0.002396 -0.000705 -0.000004 0.000009 0.000197 0.000881 0.000724 0.012347 0.412599 0.210851 0.130814 0.103353 0.321669 0.213463 -0.157974 -0.306459 -0.433916 -0.299235 -0.208778 -0.142043 0.029254 0.039158 0.041445 0.033342 -0.001193 -0.003108 -0.000657 -0.000509 0.000093 0.007433
-0.001381 0.000000 0.005317 0.018080 0.073791 -0.215691 -0.308039 -0.262501 -0.420588 -0.418612 -0.037183 -0.018826 -0.004994 -0.008611 -0.004615 0.005387 0.007373 -0.172829 -0.001355 -0.000002 0.000002 0.001648 0.004028 0.238611 -0.136193 -0.000588 0.000000 0.000844 0.006173 -0.003536 -0.000460 -0.000001 0.000002 0.000853 0.001417 0.001910 0.011039 0.077111 0.019937 -0.125713 -0.042876 0.138360 0.062383 -0.131521 -0.544593 -0.850291 -0.953319 -1.063423 -1.123325 -1.002729 -0.651406 -0.143653 0.010153 0.001210 0.001672 0.769634 1.041079 1.696414 2.457488
-0.002403 -0.001843 0.001309 0.001522 0.000627 0.000195 0.000886 0.000837 0.024607 -0.077096 -0.020943 -0.002769 -0.008579 -0.009682 -0.006769 -0.000017 0.000022 0.004384 0.022966 0.011492 0.002311 0.014695 0.038119 0.043089 -0.039303 -0.001025 0.000000 0.001038 0.003561 0.000013 0.000051 -0.000002 0.000002 0.001609 0.004144 0.006811 0.012020 0.140267 0.035332 0.009287 -0.045760 -0.053469 -0.000927 -0.001449 -0.001535 -0.093949 -0.434801 -0.855855 -1.269285 -1.432441 -0.915651 -0.742718 -0.105768 0.193193 0.377187 1.936633 2.308706 3.008079 3.334360
-0.002509 -0.002084 0.000029 0.002755 0.000740 0.000133 0.001768 0.039715 0.088933 0.183546 -0.008821 -0.001696 -0.000001 -0.002252 -0.002690 -0.000044 0.000079 0.043993 0.044610 0.028415 0.059466 0.084073 0.081339 0.084056 -0.017526 -0.000600 -0.000003 0.000005 0.000625 0.000121 -0.000090 -0.000000 0.000013 0.000027 0.001404 0.004388 0.005322 0.216385 0.000001 0.029102 0.046093 0.160930 -0.000992 -0.001016 0.000765 0.001399 0.211946 0.088197 -0.343874 -0.651832 -0.520274 -0.535140 0.179056 0.609504 0.921844 2.535349 2.717431 2.271739 1.840792
-0.000022 -0.000003 0.000685 0.017325 0.000077 0.000035 0.003620 0.061445 0.094450 -0.745374 -0.065257 -0.003763 -0.000048 -0.000093 -0.000132 0.000032 0.000155 0.001086 0.047416 0.017923 0.060609 0.076404 0.076431 0.167599 0.063970 -0.001212 -0.000043 -0.000186 0.000142 0.000113 0.000007 0.000068 0.000078 0.000048 0.002198 0.005594 0.174731 0.160716 0.000032 0.042405 0.156210 0.373716 0.423006 0.642677 0.805560 0.566515 0.543866 0.493617 1.087400 1.231624 1.107460 1.001363 1.350217 1.557900 1.928885 1.846019 1.522217 0.624960 -0.006415
-9999.000000 -0.000111 0.000008 0.000008 0.002808 0.008300 0.010941 0.045601 0.161582 0.283096 -0.055476 -0.002835 -0.001595 -0.000062 -0.000069 0.000031 0.000070 0.000871 0.023389 0.006487 0.032868 0.046977 0.049228 0.158721 0.015803 -0.004530 -0.001692 -0.000008 0.008896 0.046831 0.014886 0.000000 0.002664 0.008983 0.012908 0.032985 0.266672 0.139138 0.182642 0.583600 0.592315 0.874508 1.177408 1.418715 1.611171 1.814798 1.537629 1.831247 1.474653 2.104360 2.180103 1.982488 1.856784 1.569118 1.493757 1.286977 -0.066553 -0.003984 -0.000027
-9999.000000 -0.000247 -0.000020 0.000001 0.003899 0.009923 0.013038 0.075168 0.026130 0.008878 -0.008915 -0.006521 -0.001020 -0.000015 -0.000005 0.000015 0.000024 -0.000008 0.001468 0.001986 0.003826 0.011791 0.017423 0.174507 0.200449 -0.012014 -0.002127 -0.000022 0.000392 0.011239 0.008485 0.001719 0.006356 0.009766 0.014222 0.007732 0.357075 0.445407 0.741285 0.892408 1.357680 1.481094 2.138740 1.917423 2.066472 2.494145 2.431610 2.428722 2.161626 2.158063 2.098015 2.200768 1.821186 1.278110 1.052995 0.861091 -0.077774 -0.003906 -0.000016
-9999.000000 -0.000029 -0.000050 0.000000 0.000542 0.001596 0.007901 0.099849 0.008855 -0.000047 0.000003 0.002545 0.006600 -0.000013 -0.000001 0.000013 0.000001 -0.000000 0.000104 0.000207 0.000572 0.010302 0.014837 0.097613 0.080438 0.069420 -0.000111 -0.000379 -0.001825 0.000236 0.002825 0.000939 0.007878 0.022468 0.441290 0.495018 0.561178 1.110545 1.491078 1.485187 1.919462 1.988788 2.168613 2.299859 2.423863 2.489961 2.743437 2.770010 2.746081 2.568568 2.060945 1.980016 1.998888 1.217337 0.926615 0.658635 0.358571 -0.003106 -0.000004
-9999.000000 -9999.000000 -0.000012 0.000000 0.000617 0.003450 0.004130 0.045318 -0.047412 -0.001557 0.000000 0.003504 0.060811 0.010948 0.003948 0.007347 0.002543 -0.000093 -0.000106 0.000086 0.004820 0.010695 0.067058 0.076828 0.029557 0.012512 0.003994 0.000699 0.000198 0.001881 0.002320 -0.029109 -0.103563 0.162416 0.539150 0.938396 1.255516 2.278318 2.437219 2.301984 2.692669 2.579986 2.587741 2.575525 2.633989 2.687858 3.051768 3.095732 2.873674 2.424109 1.818910 1.730894 0.882030 0.349779 0.000150 -0.056556 0.087900 0.247356 0.237161
-9999.000000 -0.003430 -0.000504 0.000000 0.000944 0.000740 0.004086 0.081001 0.007910 -0.000034 0.000012 0.000692 0.001154 0.077957 0.035558 0.114772 0.157257 0.067170 0.011047 0.000002 0.004264 0.139514 0.070002 0.173783 0.178051 0.217546 0.108664 0.578063 0.324744 0.144974 0.308180 0.645154 0.907108 1.416406 1.741519 1.441210 1.640136 2.666218 2.693016 2.426942 2.711673 2.531771 1.983886 2.054476 1.787242 1.724093 1.656292 1.627677 1.372860 1.290755 1.157445 0.612426 -0.008570 -0.000032 0.000012 0.000052 0.000020 0.001000 0.257061
-9999.000000 -0.004069 -0.002400 -0.000038 -0.000046 0.000388 0.003701 0.083256 -0.090365 -0.000345 0.000000 0.000575 0.001162 0.118503 0.000000 0.001457 0.050338 0.612030 0.457952 0.423205 0.391536 0.301618 0.141322 0.252801 0.206504 0.218971 1.277606 1.307530 2.241482 2.506404 2.488613 2.692520 2.905972 2.990657 3.012894 3.378570 3.025465 2.994418 2.747672 2.960562 2.486144 2.440461 1.686387 1.422111 1.524451 1.322571 1.393050 1.371434 1.105401 0.981676 0.657983 0.208792 -0.001052 -0.000132 -0.000047 0.000112 0.000010 0.001749 0.002824
-9999.000000 -0.000000 0.008379 0.002696 -0.000056 0.000140 0.002044 0.187780 0.178737 -0.115828 0.000000 0.000883 0.090594 0.034473 0.000000 0.005235 0.016124 0.487989 0.349751 0.451060 0.492791 0.338572 0.406951 0.301769 1.576705 2.141492 2.069216 2.232429 3.379234 3.367960 3.138250 3.195493 3.300860 3.328830 3.308695 3.348116 3.595845 2.821149 2.459097 1.980329 1.868195 1.502041 1.004111 0.860580 1.063658 0.896981 0.807908 0.940944 0.636654 0.512575 0.401585 -0.002150 -0.001091 -0.000075 -0.000073 -0.000031 0.000000 0.000452 0.000969
-0.000034 -0.000025 0.000043 0.000656 -0.000021 0.000034 0.110390 0.074170 0.088373 0.057734 0.030856 0.084783 0.381155 0.043144 0.032917 0.011318 0.137609 0.153517 0.023135 -0.000010 0.000019 0.108795 0.444222 1.261935 1.142826 2.881982 2.023685 2.104379 1.929218 2.237158 1.953724 1.929207 1.962200 2.021711 2.141591 2.293508 2.365758 2.362014 1.320246 0.941226 0.835956 1.058239 0.585780 0.463835 0.313888 0.187265 0.067824 -0.004023 -0.000008 0.000004 0.000074 -0.002490 -0.000108 -0.000304 -0.005793 -0.001149 -0.000001 0.000016 0.000550
-0.000009 -0.000010 0.000020 0.002491 0.001346 0.000235 0.106748 0.052808 -0.096074 0.000000 0.029526 0.113397 0.061986 0.477599 0.027606 0.028641 0.178259 0.084585 0.000000 0.000050 0.000042 0.031520 0.567037 0.659216 1.340384 1.406845 1.605572 0.883276 0.651244 0.546700 0.306650 0.301076 0.519121 0.554371 0.700109 0.723499 0.955192 0.531257 0.324333 0.154744 0.135104 0.210495 0.223471 0.158566 0.156776 0.130527 0.087036 -0.001367 -0.000006 0.000008 0.000483 0.062677 0.127686 -0.261613 -0.482935 -0.031126 -0.002110 0.000000 0.002767
-0.000214 -0.000495 0.000295 0.053506 0.076741 0.034668 -0.103193 -0.000680 -0.000203 0.000000 0.000205 0.000352 0.078725 0.041227 0.129683 0.276937 0.147572 0.058866 0.098880 0.076990 0.135548 0.257114 0.758014 0.902921 0.938041 0.898267 0.565514 0.043949 0.015752 -0.010742 -0.009638 0.014381 -0.190585 -0.345264 -0.356641 -0.202192 -0.066913 0.000218 0.004642 0.236091 0.299026 0.593381 0.489217 0.310503 0.342743 0.352539 0.359761 0.373408 -0.000000 0.000419 0.039066 0.031994 0.125586 0.149907 0.116941 -0.040158 -0.000397 -0.000006 0.000432
