use_cases/Flooding_chicago/flooding_data/output/hUx_120.asc
ncols 337
nrows 393
xllcorner 428428.000000
yllcorner 4602440.000000
cellsize 26.757400
NODATA_value -9999.000000
[rows 260 to 285 of 393, columns 58 to 115 of 337]
-0.013514 -0.000842 -0.002128 -0.001232 0.000087 0.007402 0.017277 0.002067 0.009798 -0.029840 -0.022451 -0.006949 -0.000088 0.000242 -0.004368 -0.051847 -0.024963 -0.006319 -0.000485 -0.051011 -0.010315 -0.000065 0.000576 0.019261 0.030684 0.084922 0.023791 0.026725 0.042375 0.010604 0.011433 0.006366 0.025899 0.065662 0.009785 -0.002987 -0.000582 0.000348 -0.000219 0.000080 -0.000176 -0.001786 -0.006021 -0.009828 -0.007655 -0.030889 -0.009053 0.000000 0.008027 0.001370 -0.006880 0.000000 0.009107 0.017632 0.052017 0.012341 -0.000043 -0.105313
-0.019155 -0.004934 -0.023336 -0.017584 -0.000781 -0.000285 -0.002450 -0.000928 -0.002066 -0.024058 -0.018939 -0.006342 0.000006 0.006414 0.016399 -0.017087 -0.007715 -0.001689 -0.002119 -0.006139 0.000190 0.000356 0.000378 0.009398 0.016608 0.023348 0.039103 0.032588 0.022816 0.005779 0.002395 0.021886 0.028036 0.068089 -0.002750 -0.002996 -0.002734 -0.000373 -0.000159 0.001720 0.001402 0.003660 -0.000008 -0.007095 -0.011135 -0.004516 -0.002145 0.000000 -0.002919 -0.030494 -0.009501 0.000000 0.012637 0.028216 0.055652 0.011811 -0.001747 -0.004582
-0.012019 -0.012006 -0.043775 -0.021304 -0.004463 -0.007875 -0.023703 -0.011330 -0.003502 -0.014994 -0.008662 -0.000316 0.000190 0.006882 0.015257 0.001833 -0.001307 -0.000694 -0.000478 -0.000353 0.000605 0.000490 0.000420 0.000341 0.009288 0.015266 0.018649 0.032059 0.042598 0.000100 0.000609 0.009956 0.061392 -0.051049 -0.008918 -0.000878 -0.001045 -0.000000 0.001593 0.005985 0.004346 0.008198 0.005580 -0.001333 -0.004107 -0.001102 -0.000077 -0.004874 -0.040337 -0.012373 -0.001020 -0.000021 0.001188 0.015532 0.044857 0.000215 -0.009422 -0.004168
-0.004325 -0.008715 -0.003724 -0.000966 -0.003434 -0.026730 -0.020508 -0.003294 -0.005638 -0.002057 -0.002938 0.001010 0.003646 0.028108 0.080502 -0.085895 -0.033118 -0.002857 -0.001793 0.003419 0.002788 0.040886 0.053924 0.008250 0.002679 0.002113 0.020116 0.022500 0.066838 0.000001 0.005086 0.006699 0.004867 -0.004201 -0.007950 -0.001508 -0.001691 -0.000012 0.007262 0.028007 0.009860 0.007662 0.007356 0.005237 0.003890 -0.000112 -0.004294 -0.005824 -0.011351 -0.014591 -0.004456 -0.001584 0.004152 0.005400 0.001542 0.000295 -0.001183 -0.003602
-0.007924 -0.043187 -0.010405 -0.000354 0.000109 0.006943 0.056282 -0.005332 -0.007734 -0.001479 -0.002692 0.002478 0.004484 0.032061 0.062231 -0.062703 -0.027881 -0.007320 -0.002143 0.001349 0.001718 0.030886 0.063008 0.021586 0.001773 0.000801 0.015726 0.198175 0.005646 0.000075 -0.000864 0.001575 0.000449 -0.000625 -0.001317 -0.003484 -0.004111 -0.000511 0.000138 0.005521 0.024780 0.004174 0.004026 0.002059 0.023361 0.096266 -0.004073 -0.008345 -0.010491 -0.013308 -0.006370 -0.007123 -0.000019 0.002187 0.000456 -0.000823 -0.000488 -0.000324
-0.003655 -0.038444 -0.014632 -0.006768 -0.000024 0.007854 0.013160 -0.000550 -0.000418 -0.000223 0.000510 0.002257 0.003820 0.005776 0.002033 -0.001190 -0.006048 -0.037456 -0.009415 -0.000161 0.006510 0.019146 0.078535 0.111255 0.076716 0.044324 0.086662 0.085517 0.016132 -0.001105 -0.001428 -0.000855 -0.001865 -0.002795 -0.001263 -0.005227 -0.006792 -0.008162 -0.001528 0.000059 0.000363 0.011150 0.033433 0.009698 0.024876 0.080780 0.011941 -0.000954 -0.001251 -0.002388 -0.003298 -0.000587 -0.000672 -0.001092 -0.002108 -0.000855 -0.000547 0.000547
-0.000000 -0.053749 -0.015521 -0.008245 -0.000619 0.000423 0.009188 0.000286 -0.007520 -0.000041 0.004085 0.001599 0.003108 0.001506 -0.000091 -0.001496 -0.003755 -0.016508 -0.012583 -0.005448 0.000000 0.009222 0.017127 0.070542 0.126082 0.140316 0.033786 0.004330 -0.009786 -0.089947 -0.059235 -0.023097 -0.001315 -0.001643 -0.000387 0.000094 -0.009407 -0.041169 -0.010177 -0.000187 0.000187 0.003116 0.002608 0.001522 0.010626 0.013140 0.000654 -0.001110 -0.000562 -0.000855 -0.001146 -0.000484 -0.001418 -0.015356 -0.008190 -0.000855 -0.000547 0.000547
-0.000005 -0.020426 -0.135973 -0.035101 -0.002235 -0.000252 0.000601 0.000066 -0.001322 -0.001038 0.000338 0.001038 0.000621 0.002200 0.010842 -0.002796 -0.007637 -0.025310 -0.011989 -0.000729 0.000057 0.000622 0.009978 0.060903 0.011909 0.002874 0.000003 0.009023 0.050194 -0.058523 -0.029388 -0.008424 -0.016793 -0.044705 -0.008030 -0.000426 0.000640 -0.001458 -0.001616 -0.000233 0.000433 0.004779 0.003534 0.003349 0.002295 0.002424 0.003473 0.001632 0.006383 0.006062 0.005560 0.000962 -0.007235 -0.053607 -0.020351 -0.000470 -0.000400 -0.000184
-0.000131 -0.003277 -0.026359 -0.029592 -0.004994 -0.005969 -0.000712 -0.000164 0.000825 0.000669 0.002051 0.002698 0.001064 0.020973 0.072812 -0.002111 -0.004041 -0.016549 -0.008640 -0.000025 0.009624 0.019923 0.062911 0.066874 0.010536 -0.000123 0.000097 0.020643 0.033240 0.037384 -0.000883 -0.007236 -0.015452 -0.045491 -0.015277 -0.000324 0.000423 -0.000204 -0.002542 -0.000015 0.000251 -0.000164 -0.001269 0.000007 0.004259 0.003728 0.019888 0.058491 0.019109 0.010506 0.006399 0.004896 -0.006421 -0.016717 -0.004028 -0.002327 -0.002958 -0.007126
-0.001788 -0.000186 -0.021558 -0.033362 -0.018492 -0.001282 -0.000581 0.001133 0.000974 0.000288 -0.001237 -0.000373 0.000373 0.009478 0.014623 0.003434 -0.002802 -0.030700 -0.011160 -0.000000 0.028426 0.092444 0.112724 0.015260 0.001442 -0.000179 0.000337 0.013836 0.032461 0.029228 0.038936 0.008998 0.000000 -0.052549 -0.015655 -0.003228 -0.002606 -0.001173 -0.002423 -0.005385 -0.003083 -0.000222 -0.001096 0.000184 0.001231 0.022980 0.054869 0.051980 0.009323 0.004507 0.002401 -0.000446 -0.047618 -0.016775 -0.004706 -0.006583 -0.006202 -0.007592
-0.000713 -0.003732 -0.006533 -0.041467 -0.018992 -0.001047 0.000874 0.007673 0.002412 -0.018162 -0.010785 -0.000373 0.000373 0.003800 0.002402 0.020603 0.018128 -0.017618 -0.023100 -0.014880 0.000000 0.006745 0.023945 -0.015556 -0.006257 -0.000003 0.006375 0.021779 0.046093 0.068831 0.088354 0.025685 0.000000 -0.001113 -0.001275 -0.001970 -0.002491 -0.002425 -0.004261 -0.005736 -0.002573 -0.000633 -0.001627 0.001361 0.002218 0.008363 0.003031 0.000510 0.000591 0.000582 0.000451 0.000574 -0.001204 -0.008681 -0.004848 -0.003405 -0.000898 -0.002583
-0.000318 0.000272 -0.000480 -0.003487 -0.005973 -0.001019 0.000977 0.020818 0.045334 -0.060613 -0.026487 -0.003143 -0.000589 0.003024 0.002558 0.022177 0.127307 -0.074077 -0.050031 -0.016884 0.000000 0.003872 -0.004700 -0.009264 -0.000842 -0.000080 0.000801 0.014969 0.030792 0.061380 0.058763 0.055918 0.020265 0.010166 -0.111896 -0.009657 -0.001613 -0.004608 -0.012105 -0.036349 -0.005760 0.000000 0.001609 0.001669 0.001993 0.000956 0.000320 0.000407 0.001426 0.000631 0.000856 0.002288 0.000870 -0.001848 -0.004773 -0.002514 -0.000439 -0.000191
0.000000 0.002118 0.000913 -0.003028 -0.004908 -0.000838 0.000828 0.016287 0.055359 -0.062828 -0.019664 -0.002277 -0.000016 0.001800 0.001287 0.012670 0.120913 -0.067972 -0.027701 -0.001628 0.001418 -0.004172 -0.039549 -0.017702 -0.001319 -0.000582 0.001451 0.009163 0.025068 0.034635 0.025518 0.033519 0.042578 0.009147 -0.133446 -0.057360 -0.014471 -0.044706 -0.027909 -0.008453 0.000000 0.004152 0.002901 -0.000509 -0.002559 -0.002822 -0.003256 -0.000447 0.000342 0.001141 0.001972 0.002937 0.001652 -0.002314 -0.001826 -0.000645 -0.000924 0.000130
0.000000 0.002664 0.001730 -0.000734 -0.001932 -0.000381 0.000380 0.012477 0.047233 -0.050033 -0.017500 -0.001421 0.001016 0.016334 0.013351 0.017156 0.007586 -0.000487 -0.000611 0.000797 0.002855 -0.178328 -0.027540 -0.005229 -0.007048 -0.000422 0.000885 0.009461 0.017122 0.018438 0.029597 0.037459 0.030098 0.020513 0.001436 -0.001147 -0.010183 -0.035967 -0.017574 -0.008888 0.000000 0.017878 0.077799 0.015439 -0.004261 -0.005455 -0.005832 -0.001154 0.000796 0.000926 0.006742 0.013013 0.001891 -0.004856 -0.008842 -0.001293 -0.003003 0.000000
0.001625 0.002063 0.001289 0.000109 -0.000696 -0.001053 -0.000078 0.001089 -0.011357 -0.049398 -0.018464 -0.002117 -0.000190 0.001470 0.001183 -0.026274 -0.008202 -0.000578 0.000342 0.000586 0.013677 -0.000395 -0.008407 -0.000267 -0.000124 0.001438 0.020052 0.037751 0.008558 0.018038 0.015070 0.018755 0.026547 0.016823 0.001811 0.001000 0.003565 -0.003567 -0.024067 -0.008878 0.000000 0.003188 0.000975 -0.002521 -0.004736 -0.004782 -0.004460 -0.000447 0.000342 0.009846 0.037207 0.068149 -0.058357 -0.029895 -0.011530 -0.000463 0.000327 0.008232
0.002501 0.014806 0.049417 0.051808 -0.038977 -0.007859 -0.000179 0.000613 -0.014031 -0.059417 -0.022093 -0.002557 -0.001680 0.001236 0.002283 0.001273 -0.000121 0.000040 0.000678 -0.000029 -0.003132 -0.015091 -0.003882 -0.000187 0.000187 0.012625 0.023437 0.032483 0.034860 0.027519 0.035390 0.008249 0.001856 -0.000970 -0.000000 0.007529 0.037597 0.041235 0.016756 0.000096 -0.000889 -0.003206 -0.004487 -0.004976 -0.000881 0.000055 0.000927 0.007762 0.006278 0.007368 0.007374 -0.006624 -0.059702 -0.043880 -0.018737 -0.001351 0.000621 0.001236
0.002205 0.004226 0.005721 0.007647 -0.010972 -0.039233 -0.015726 -0.001274 -0.001234 -0.002278 -0.001674 -0.002345 -0.000155 0.002028 0.001727 0.005794 0.005135 0.011746 0.003279 -0.002987 -0.004198 -0.006614 -0.007474 -0.000233 0.000015 0.001213 0.042265 0.051320 0.058903 0.077794 0.075054 0.078747 -0.053523 -0.013022 -0.000011 0.013261 0.027221 0.060533 0.323941 -0.039937 -0.005968 -0.003230 -0.005682 -0.001888 -0.002479 0.000345 0.002403 0.009560 0.006277 0.010297 0.006352 -0.000187 0.000187 -0.042461 -0.014918 -0.000908 0.000391 0.000902
0.017678 0.040462 0.024389 0.003015 -0.008879 -0.039115 -0.012701 -0.001454 -0.001841 -0.001867 -0.000998 -0.000760 0.000356 0.000923 -0.003484 -0.000858 0.001776 0.009296 -0.000719 -0.008953 -0.004681 -0.005275 -0.002046 0.000374 0.000779 0.005034 0.003244 0.011541 0.003843 0.031244 0.065299 0.077344 -0.060481 -0.016303 -0.000373 0.000373 0.009876 0.045115 0.337641 -0.073966 -0.066027 -0.051620 -0.023288 -0.003160 -0.005073 -0.004102 0.000010 0.008547 0.006049 0.009537 0.004801 0.000000 -0.002049 -0.020226 -0.008063 -0.000038 0.001489 -0.001848
0.008835 0.029935 0.043602 0.005633 -0.012697 -0.011426 -0.035132 -0.008012 -0.000085 -0.000600 -0.000563 -0.000722 0.000881 0.000917 -0.067108 -0.013950 -0.000520 0.000197 -0.015899 -0.057972 -0.019990 -0.000207 0.000506 0.003225 0.003961 0.005801 0.002965 0.009667 0.000552 0.001093 0.001962 0.000696 -0.000725 -0.000425 -0.000373 0.000373 0.009876 0.019022 0.071226 -0.065952 -0.048603 -0.038485 -0.019431 -0.002430 -0.003747 -0.000365 0.000365 0.008423 0.028549 0.047237 0.065989 0.085172 -0.002108 -0.026211 -0.009874 -0.000645 -0.002359 -0.007728
0.037292 0.049289 0.015754 -0.000327 -0.010031 -0.003866 -0.004021 -0.000659 -0.002791 -0.008301 -0.042548 -0.018197 0.000055 -0.004197 -0.041664 -0.013353 -0.001305 -0.000901 0.000439 -0.000097 -0.000253 0.001082 0.001251 0.003324 0.001318 0.000000 0.029894 0.037294 0.011154 0.003539 0.002674 0.000822 -0.000435 0.000000 0.011044 0.029271 0.035077 0.024002 0.047459 -0.033428 -0.021466 -0.013930 -0.004935 -0.018532 -0.008793 -0.000010 0.000507 0.001441 0.016894 0.034943 0.048206 0.081171 0.017279 0.000522 -0.016913 -0.010816 -0.006315 -0.040001
0.010468 0.016611 0.006329 -0.003471 -0.001668 -0.002060 0.000338 0.001105 -0.004325 -0.013921 -0.055046 -0.019219 0.000002 0.002078 -0.002780 -0.006319 -0.012637 -0.001126 -0.000248 -0.000608 0.000770 0.001328 0.006207 0.005048 0.003262 0.003602 0.001735 0.011502 0.036823 0.055687 0.054395 0.008597 0.000465 0.000000 0.007168 0.021738 0.044443 0.072750 0.075712 -0.047317 -0.040920 -0.003473 -0.022765 -0.030356 -0.015370 -0.000000 0.001693 0.004994 0.003421 0.010698 0.026006 0.005752 0.031594 0.072310 -0.145725 -0.131902 -0.074356 -0.012955
0.002897 0.009332 0.004977 -0.000695 -0.000958 0.000007 0.000731 -0.001462 -0.009080 -0.016934 -0.002504 -0.003413 0.000843 0.003306 -0.169033 -0.084472 -0.030003 -0.000026 0.002834 0.002056 0.000107 0.010252 0.008914 0.004680 0.002927 0.002444 0.025516 0.043470 0.061406 0.067357 0.073594 0.054467 0.005437 0.001014 0.000686 0.005639 0.006189 0.005061 0.001969 0.000453 -0.005243 -0.020485 -0.062663 -0.026872 -0.008953 -0.000381 0.000145 0.001775 0.013100 0.040706 0.013460 0.005892 0.000772 -0.004674 -0.018740 -0.023171 -0.011616 -0.001900
0.000053 0.000599 0.000718 0.000000 -0.000651 -0.001199 -0.000210 -0.006285 -0.032602 -0.013807 -0.003490 -0.003091 -0.001563 -0.004880 -0.021521 -0.026191 -0.009915 0.000014 0.000445 0.000888 0.001598 0.001094 0.003869 0.002728 0.001424 0.001118 0.014500 0.026419 0.005673 0.032364 0.063070 0.084435 0.058501 0.006225 0.000647 0.001660 0.001957 0.000584 -0.002265 -0.000277 0.000376 0.000888 -0.000848 -0.045041 -0.009311 -0.000301 -0.000073 0.000608 0.000637 0.000489 -0.003764 -0.004975 0.000000 -0.053072 -0.008722 -0.006088 -0.001627 -0.002084
-0.000004 0.008481 0.035996 0.002455 -0.001259 -0.000453 0.000471 -0.037504 -0.031515 -0.020802 -0.000417 0.000332 -0.006220 -0.030071 -0.019084 -0.011906 -0.000955 0.000361 0.000875 0.001777 0.001273 0.000805 0.002032 0.008729 0.012461 0.016279 0.000683 0.004148 0.002453 0.010076 0.018964 0.046463 0.077807 0.088459 0.023471 0.013450 0.007296 -0.120161 -0.028675 -0.006793 0.000000 0.009681 0.019660 0.059017 0.003770 -0.000925 0.000305 0.000494 -0.002262 -0.007213 -0.026167 -0.006024 0.000000 0.007325 -0.016157 -0.018940 -0.001372 -0.000772
0.000038 0.000738 0.003388 0.000507 -0.000649 0.000252 0.000394 -0.083346 -0.028497 -0.004691 -0.000601 0.000411 -0.002581 -0.024926 -0.032734 -0.019455 -0.000995 0.000891 0.024475 0.035804 0.026052 0.000482 -0.000551 0.000231 0.019893 0.058344 0.011163 0.003317 0.007032 0.003809 0.017206 0.026731 0.041424 0.054670 0.010561 0.010187 0.006166 0.000008 -0.006900 -0.009387 0.000000 0.003060 0.001635 0.010308 0.098905 -0.001345 0.000853 -0.000694 -0.006224 -0.004293 -0.006191 -0.001173 0.000677 0.015625 0.000123 -0.032829 -0.010879 -0.000335
0.000624 0.010146 0.012077 0.003797 0.002730 -0.000948 -0.010452 -0.060452 -0.019792 -0.023314 -0.011622 0.000016 0.010644 -0.018719 -0.034181 -0.019390 -0.000862 0.000803 0.016740 0.037307 0.008216 -0.035116 -0.008442 -0.000006 0.008066 0.018359 0.055968 0.019409 0.007584 0.011557 0.006472 0.007744 0.003460 0.001017 0.000467 0.001327 0.008784 0.000815 -0.007417 -0.010213 -0.001231 0.001571 0.010736 0.007681 0.002813 0.002083 0.001671 0.003188 -0.001041 -0.002670 -0.004174 -0.000693 0.000344 0.018720 0.082242 -0.005983 -0.004888 -0.001929
