use_cases/Flooding_chicago/flooding_data/output/hUx_600.asc
ncols 337
nrows 393
xllcorner 428428.000000
yllcorner 4602440.000000
cellsize 26.757400
NODATA_value -9999.000000
[rows 208 to 233 of 393, columns 177 to 235 of 337]
-0.001668 -0.000024 0.005964 0.002246 0.001965 0.042921 0.033967 -0.000830 -0.000163 0.000143 0.008734 0.039490 0.114285 0.060220 0.155574 0.299755 0.187712 0.079385 0.115104 0.515580 0.582266 0.579753 0.667887 0.736543 0.692981 0.543495 -0.003946 -0.000222 0.000222 0.032189 0.040697 0.030855 0.108809 0.313592 -0.112667 -0.159587 -0.045649 -0.007848 0.000000 0.015507 0.094568 0.003666 -0.004116 -0.012752 -0.010719 -0.010824 -0.009735 -0.010581 -0.000000 0.020287 0.075710 0.359878 0.213687 -0.127793 -0.083026 -0.027984 -0.002843 0.000492 0.002430
-9999.000000 -0.000717 -0.000600 0.000000 0.011477 0.232055 0.227897 0.203453 0.053836 0.093237 0.713532 0.027652 0.070838 0.060035 0.126632 0.059318 0.122710 0.285527 0.152901 0.315815 0.462225 0.392689 0.360674 0.320829 -0.015764 -0.135961 -0.149721 -0.000090 0.000270 0.081279 0.078739 0.067402 0.034172 0.075076 0.310163 0.216796 0.073555 -0.088511 -0.000320 0.000388 -0.039377 -0.118384 -0.007435 -0.000034 0.008208 0.059272 0.023183 0.030343 0.018333 0.013816 0.066526 0.326946 0.132958 -0.122088 -0.058175 -0.022082 -0.001320 0.000616 0.014804
-9999.000000 -0.000024 0.000002 0.000000 0.011002 0.192243 0.152658 0.153157 0.062861 0.104646 0.064266 0.163717 0.137780 0.106831 0.061497 0.023511 0.044412 0.020574 0.077146 0.189056 0.187543 0.077535 0.043103 0.040265 0.033868 0.134491 0.145109 0.250285 0.337964 0.251589 0.142046 0.091164 0.054176 0.019567 0.047562 -0.302550 -0.560923 -0.205033 -0.062214 0.000008 -0.047517 -0.118264 -0.012038 -0.000853 0.000308 0.001353 0.002560 0.030945 0.027887 0.015950 0.004678 -0.169619 -0.423707 -0.361097 -0.034018 -0.012164 -0.000499 0.000359 0.008501
-9999.000000 -9999.000000 -0.000882 -0.000066 0.000728 0.030270 -0.000488 0.000315 0.053278 0.120754 0.047228 0.136610 0.128851 0.115518 0.083386 0.033997 0.048171 0.021440 0.036791 0.189659 0.106314 0.058518 0.032417 0.045750 0.048800 0.118219 0.054155 0.015373 -0.001844 0.000083 0.001844 0.005778 0.019682 0.010146 0.034524 -0.064064 -0.435413 -0.157546 -0.038203 -0.009352 0.018453 -0.078687 -0.009144 -0.002033 -0.000742 0.001391 0.008492 0.004908 0.026892 0.242948 0.240721 0.150342 0.075703 -0.041275 -0.003296 -0.001840 -0.000103 0.000034 0.024837
-9999.000000 -9999.000000 -9999.000000 -0.017615 -0.084042 -0.040978 -0.001335 0.000358 0.001179 0.056500 0.221424 0.155927 0.134459 0.123123 0.085236 0.151461 0.229553 0.322084 0.497372 0.349944 0.216305 0.113006 0.048332 0.076905 0.099381 0.083488 0.026466 0.001909 -0.002528 0.002344 0.004366 0.048393 0.090744 0.160714 0.140758 -0.050488 -0.048265 -0.037945 -0.061942 -0.040668 -0.012360 -0.015727 -0.119154 -0.036085 -0.000632 0.000522 0.002161 0.009682 0.190750 0.230032 0.163493 0.148841 0.079601 0.033020 0.444152 0.674298 0.275426 0.194185 0.219221
-9999.000000 -9999.000000 -9999.000000 -0.025824 -0.074849 -0.029782 -0.000898 -0.000433 0.000874 0.008367 0.019244 0.082056 0.019145 0.010094 0.001075 0.073616 0.240340 0.222541 0.057327 0.081756 0.016374 -0.059371 -0.127977 0.144086 0.438944 0.079456 0.022081 0.001405 -0.000784 0.004850 0.004906 0.032482 0.070817 0.115411 0.458571 0.273512 -0.007358 -0.033714 -0.073526 -0.089124 -0.132736 -0.007681 -0.000926 -0.000240 0.000101 0.000314 0.014923 0.124021 0.172201 0.038027 -0.009444 0.004765 0.002619 0.018029 0.363491 0.238238 0.502665 0.558281 0.555380
-9999.000000 -9999.000000 -9999.000000 -9999.000000 -0.000530 0.000000 -0.013726 -0.049886 -0.009931 -0.000005 0.004744 0.010787 0.034503 0.000442 0.019860 0.077857 0.173641 0.000773 0.003094 0.002221 0.001035 0.001905 0.084129 -0.089032 -0.405728 -0.022683 -0.000531 0.000274 0.002099 0.001651 0.001140 0.000230 0.000004 0.009031 0.143043 0.027111 -0.000336 0.000064 0.000350 -0.035650 -0.066984 -0.000868 -0.001480 -0.000518 -0.000236 0.000422 0.000415 0.003814 0.005428 0.002457 0.000757 0.039013 0.383620 1.686152 1.156665 0.801370 0.563531 0.331561 0.215760
-9999.000000 -9999.000000 -9999.000000 -9999.000000 -9999.000000 -0.004990 -0.008004 -0.026734 -0.006692 -0.000222 0.000222 0.005483 0.023517 0.006694 0.003999 0.012015 0.026991 0.010475 0.007017 0.003572 0.001421 0.016812 0.419472 0.389836 -0.274119 -0.029601 -0.002656 -0.000271 0.004725 0.000281 0.002124 -0.000117 0.000309 0.017246 0.441096 -0.000257 -0.000171 0.000119 0.000253 -0.049358 -0.157312 -0.185738 -0.227321 -0.007442 -0.000007 0.001796 0.004585 0.006761 0.002999 0.000004 0.010295 0.206746 0.606502 1.776846 -0.000357 -0.000279 -0.000170 0.000375 0.140307
-9999.000000 -9999.000000 -9999.000000 -9999.000000 -9999.000000 -9999.000000 -0.026046 -0.065487 -0.014605 -0.005200 0.000005 0.006503 0.028189 0.010044 0.006963 0.002565 0.003868 0.013648 0.031226 0.007659 0.042976 0.021159 0.546349 0.418713 -0.085313 -0.078194 -0.013791 -0.080912 -0.010766 -0.050339 -0.005878 0.000000 0.005878 0.012822 0.340302 -0.000641 -0.000359 0.000106 0.000244 0.000435 0.000419 -0.193047 -0.264231 -0.322101 -0.255401 -0.185798 -0.000518 -0.001314 -0.005803 0.000086 0.000979 0.103688 0.202722 0.093627 -0.000285 -0.000034 0.000551 0.001278 0.008692
-9999.000000 -9999.000000 -9999.000000 -9999.000000 -9999.000000 -9999.000000 -0.012393 -0.023819 -0.026367 -0.000110 0.000061 -0.003480 -0.006247 -0.004620 0.003729 0.002134 0.027022 0.045102 0.069696 0.172413 0.093122 0.275192 0.540232 -0.273214 -0.054721 -0.023682 -0.030098 -0.023399 -0.027745 -0.087618 -0.005878 0.000000 0.005878 0.012822 0.549320 -0.000710 0.000184 0.000577 -0.000218 0.000255 0.000713 0.007635 0.353940 -0.021010 -0.093954 -0.180423 -0.005913 0.000469 0.002517 0.004352 0.002502 0.088672 0.082841 0.020886 -0.005981 0.000003 0.011926 0.039671 0.068454
-9999.000000 -9999.000000 -9999.000000 -9999.000000 -9999.000000 -9999.000000 -9999.000000 -0.003981 0.000000 -0.026037 -0.095190 -0.050474 -0.008191 -0.010133 -0.006724 0.000000 0.007906 0.037900 0.094659 0.137553 0.057948 0.103941 -0.000531 -0.030616 -0.026624 -0.042055 -0.035100 -0.023146 -0.064407 -0.037288 -0.058643 0.000000 0.026793 0.093600 0.233414 -0.001135 0.001147 0.211841 0.399698 0.181949 0.169369 -0.000030 0.000442 0.000497 -0.056523 -0.141873 -0.057362 0.000519 0.018042 0.009364 0.305171 0.204748 0.026626 -0.017053 -0.000326 0.000208 0.029891 0.066787 0.053362
-9999.000000 -9999.000000 -9999.000000 -9999.000000 -9999.000000 -9999.000000 -9999.000000 -9999.000000 0.000000 0.073643 -0.119093 -0.027331 -0.008176 -0.011958 -0.009787 0.000015 0.014922 0.023389 0.056524 0.007623 0.003867 -0.001707 -0.009023 -0.017703 -0.032390 -0.029337 -0.023210 0.081742 0.216683 0.136586 -0.042359 0.000000 0.012557 0.034347 0.003743 0.000267 0.001353 0.132485 0.119300 0.162930 0.308093 -0.043734 -0.003862 -0.001134 0.000277 -0.004397 0.000334 0.006825 0.056459 0.330049 0.131631 -0.024045 -0.116720 -0.022081 -0.019823 0.025063 0.017062 0.013648 0.005632
-9999.000000 -9999.000000 -9999.000000 -9999.000000 -9999.000000 -9999.000000 -9999.000000 -9999.000000 -9999.000000 -0.114132 -1.483303 -0.288669 -0.005257 -0.008103 -0.000569 0.000467 0.018248 0.039662 0.037124 0.005858 0.005346 -0.000812 -0.007369 -0.002849 0.004725 0.129589 0.147692 0.195958 0.034556 0.017443 -0.005373 0.000000 0.005373 0.014132 0.023958 0.009849 0.289613 0.238410 0.090716 -0.126083 -0.183807 -0.269294 -0.041340 -0.000329 -0.004850 -0.003114 0.010408 0.024712 0.009663 -0.000508 0.000107 -0.120596 -0.339186 -0.406842 -0.006492 0.006917 0.000002 0.001234 0.001649
-9999.000000 -9999.000000 -9999.000000 -9999.000000 -9999.000000 -9999.000000 -9999.000000 -9999.000000 -9999.000000 -9999.000000 0.000000 -0.037276 -0.109893 -0.025994 -0.000457 0.000528 0.003909 0.001983 0.004747 0.003717 0.013758 0.000353 -0.015205 -0.011544 0.003330 0.010432 0.117470 0.639949 -0.206881 -0.017292 -0.005473 0.000000 0.005473 0.016644 0.023677 0.026122 0.118166 0.069877 0.076909 0.063346 -0.134898 -0.345325 -0.070419 -0.004497 0.000115 0.006061 -0.005033 0.000560 0.003925 -0.014698 -0.026376 -0.002066 0.023041 0.103925 -0.000948 -0.004274 0.000067 0.009661 0.015237
-9999.000000 -9999.000000 -9999.000000 -9999.000000 -9999.000000 -9999.000000 -9999.000000 -9999.000000 -9999.000000 -9999.000000 -9999.000000 0.000000 -0.001761 -0.006155 -0.000016 0.000484 0.001352 0.016289 0.015522 0.010373 0.012764 -0.000852 -0.023278 -0.030570 -0.030782 -0.027857 -0.045877 -0.122076 -0.078841 -0.007888 -0.000848 -0.000000 0.000848 0.009064 0.029814 0.042486 0.122893 0.102485 0.123771 0.051615 0.048888 -0.039748 -0.096865 -0.017782 -0.010144 -0.000163 -0.000072 0.007501 0.016486 0.004632 -0.028599 -0.025592 0.022470 0.073222 0.046860 -0.000194 0.001428 0.015693 0.021370
-9999.000000 -9999.000000 -9999.000000 -9999.000000 -9999.000000 -9999.000000 -9999.000000 -9999.000000 -9999.000000 -9999.000000 -9999.000000 -9999.000000 -0.000222 0.000222 0.007775 0.022310 -0.004085 -0.005359 0.006925 0.009493 0.002624 0.000008 0.004832 0.068839 -0.037055 -0.079888 -0.100645 -0.042907 -0.053174 -0.001208 -0.000474 -0.000400 0.000571 0.003236 0.031100 0.049458 0.032891 -0.006226 -0.002412 -0.001462 -0.017252 -0.037586 -0.028117 -0.034164 -0.020018 -0.005026 -0.003817 -0.006922 -0.000405 0.000405 -0.123002 -0.389017 -0.228031 0.016028 -0.000460 0.000277 0.018072 0.036903 0.087715
-9999.000000 -9999.000000 -9999.000000 -9999.000000 -9999.000000 -9999.000000 -9999.000000 -9999.000000 -9999.000000 -9999.000000 -9999.000000 -9999.000000 -9999.000000 -9999.000000 -9999.000000 -9999.000000 -9999.000000 -0.000458 -0.000641 -0.001134 -0.000491 0.000258 0.009577 0.024689 -0.011776 -0.038813 -0.068348 -0.115959 -0.160840 -0.175289 -0.127756 -0.164456 -0.015859 0.000000 0.010058 0.039220 0.062931 -0.036167 -0.012144 -0.018658 -0.023237 -0.036423 -0.048958 -0.039210 -0.020283 0.002384 0.002643 -0.005109 -0.000856 0.000909 -0.029119 -0.238090 -0.130101 -0.069519 -0.000792 0.000202 0.025157 0.043548 0.090738
-9999.000000 -9999.000000 -9999.000000 -9999.000000 -9999.000000 -9999.000000 -9999.000000 -9999.000000 -9999.000000 -9999.000000 -9999.000000 -9999.000000 -9999.000000 -9999.000000 -9999.000000 -9999.000000 -9999.000000 -9999.000000 -9999.000000 -9999.000000 -0.001027 -0.000014 0.001022 0.002270 0.001487 -0.038674 -0.057705 -0.096621 -0.144912 -0.179483 -0.135022 -0.160905 -0.014768 0.000000 0.017405 0.067941 0.227072 -0.122503 -0.020386 -0.041279 -0.051683 -0.062961 -0.077558 -0.169034 -0.118941 0.017274 0.031843 0.016026 -0.001031 0.002438 0.016588 0.470089 0.132930 -0.443409 -0.040654 -0.000292 0.000947 0.029112 0.045038
-9999.000000 -9999.000000 -9999.000000 -9999.000000 -9999.000000 -9999.000000 -9999.000000 -9999.000000 -9999.000000 -9999.000000 -9999.000000 -9999.000000 -9999.000000 -9999.000000 -9999.000000 -9999.000000 -9999.000000 -9999.000000 -9999.000000 -9999.000000 -9999.000000 -0.000279 0.000684 0.001996 0.001786 0.013014 0.003876 -0.001510 -0.001594 0.003219 0.022828 -0.067422 -0.017415 0.000015 0.021457 0.072066 -0.070544 -0.193854 -0.245505 -0.045421 -0.056690 -0.057716 -0.061297 -0.161047 -0.206445 -0.300422 -0.250304 -0.011519 0.000002 0.024577 0.056669 0.516404 0.244333 -0.374102 -0.029212 -0.000224 0.001538 0.029544 0.032193
-9999.000000 -9999.000000 -9999.000000 -9999.000000 -9999.000000 -9999.000000 -9999.000000 -9999.000000 -9999.000000 -9999.000000 -9999.000000 -9999.000000 -9999.000000 -9999.000000 -9999.000000 -9999.000000 -9999.000000 -9999.000000 -9999.000000 -9999.000000 -9999.000000 -0.000011 0.007054 0.174343 -0.001488 -0.002337 -0.001404 -0.001367 0.000079 0.023067 0.014781 0.002686 -0.000718 0.000357 0.023593 0.031271 0.089496 0.084970 -0.022891 -0.005130 -0.002611 0.001791 0.004976 0.005198 -0.038909 -0.023594 0.031748 -0.002065 0.000042 0.002102 0.028866 0.448691 0.106803 -0.024320 -0.009724 -0.000005 0.016456 0.021013 0.031215
-9999.000000 -9999.000000 -9999.000000 -9999.000000 -9999.000000 -9999.000000 -9999.000000 -9999.000000 -9999.000000 -9999.000000 -9999.000000 -9999.000000 -9999.000000 -9999.000000 -9999.000000 -9999.000000 -9999.000000 -9999.000000 -9999.000000 -9999.000000 -9999.000000 -9999.000000 -0.171891 -0.160460 -0.176491 -0.017232 -0.001556 -0.000079 0.001541 0.022689 -0.000489 -0.000777 -0.001040 0.000520 0.001162 0.030873 0.146015 0.031620 -0.004276 -0.011523 -0.002931 0.005245 0.011269 0.013908 0.008639 -0.115264 -0.025056 -0.004263 0.000065 0.004406 0.016054 -0.237850 -0.139256 -0.013809 -0.007686 -0.000208 0.000326 0.014131 0.029112
-9999.000000 -9999.000000 -9999.000000 -9999.000000 -9999.000000 -9999.000000 -9999.000000 -9999.000000 -9999.000000 -9999.000000 -9999.000000 -9999.000000 -9999.000000 -9999.000000 -9999.000000 -9999.000000 -9999.000000 -9999.000000 -9999.000000 -9999.000000 -9999.000000 -9999.000000 0.000000 -0.054452 -0.153984 -0.049269 -0.019362 -0.000000 0.012855 0.053682 -0.044595 -0.000969 0.027179 -0.000230 0.000512 0.028588 0.098710 0.073003 0.000011 0.001715 0.002399 0.003780 0.005166 0.005471 0.008673 -0.195042 -0.056612 -0.007303 -0.001078 0.007875 0.004530 0.012779 0.045755 -0.013604 -0.007326 -0.000003 0.005981 0.014448 0.019228
-9999.000000 -9999.000000 -9999.000000 -9999.000000 -9999.000000 -9999.000000 -9999.000000 -9999.000000 -9999.000000 -9999.000000 -9999.000000 -9999.000000 -9999.000000 -9999.000000 -9999.000000 -9999.000000 -9999.000000 -9999.000000 -9999.000000 -9999.000000 -9999.000000 -9999.000000 0.000000 0.004032 -0.005372 -0.023411 -0.008513 -0.000005 0.007516 0.026195 0.144900 0.065315 0.096413 0.101438 0.078572 0.048511 0.070557 0.019476 0.000270 0.000285 0.000347 0.001169 0.001374 0.000985 0.026226 -0.095949 -0.085019 -0.012659 -0.010799 0.000000 0.014442 0.039753 0.052166 -0.194348 -0.048615 0.000013 0.015792 0.055088 0.598676
-9999.000000 -9999.000000 -9999.000000 -9999.000000 -9999.000000 -9999.000000 -9999.000000 -9999.000000 -9999.000000 -9999.000000 -9999.000000 -9999.000000 -9999.000000 -9999.000000 -9999.000000 -9999.000000 -9999.000000 -9999.000000 -9999.000000 -9999.000000 -9999.000000 -9999.000000 -9999.000000 0.000000 -0.008738 -0.030575 -0.012284 -0.000172 0.000488 0.016414 0.014896 0.001430 0.002389 0.029874 0.030126 0.254175 0.026279 0.007745 0.003922 0.000884 0.001147 0.002852 0.002989 0.002127 0.010930 0.033693 -0.039867 -0.004167 -0.001255 0.000000 0.015352 0.051431 0.192175 -0.022228 -0.000888 0.000280 0.020546 0.059553 0.390385
-9999.000000 -9999.000000 -9999.000000 -9999.000000 -9999.000000 -9999.000000 -9999.000000 -9999.000000 -9999.000000 -9999.000000 -9999.000000 -9999.000000 -9999.000000 -9999.000000 -9999.000000 -9999.000000 -9999.000000 -9999.000000 -9999.000000 -9999.000000 -9999.000000 -9999.000000 -9999.000000 0.000000 -0.009937 -0.033940 -0.012792 -0.000004 0.017017 0.015446 0.004870 0.001572 0.019261 0.165756 0.127388 0.063728 -0.075820 -0.000998 -0.000435 0.000677 0.001335 0.004782 0.006981 0.004230 0.001815 0.001138 0.000953 0.059417 0.063315 0.029795 0.010190 0.048744 0.256728 -0.072495 -0.006262 0.000000 0.027236 0.063931 0.048140
-9999.000000 -9999.000000 -9999.000000 -9999.000000 -9999.000000 -9999.000000 -9999.000000 -9999.000000 -9999.000000 -9999.000000 -9999.000000 -9999.000000 -9999.000000 -9999.000000 -9999.000000 -9999.000000 -9999.000000 -9999.000000 -9999.000000 -9999.000000 -9999.000000 -9999.000000 -9999.000000 -9999.000000 -0.037713 -0.046490 -0.014052 -0.000000 0.012021 0.010115 -0.000360 0.000360 0.026487 0.122808 0.032357 0.003884 -0.002497 -0.001768 -0.002302 0.000767 0.000649 0.011877 0.010085 0.128798 -0.000571 0.000164 0.000756 0.173870 0.134485 0.365411 0.342997 1.005978 0.414272 -0.197258 -0.102606 -0.000530 0.001176 0.015050 0.053483
