use_cases/Flooding_chicago/flooding_data/output/hUx_2460.asc
ncols 337
nrows 393
xllcorner 428428.000000
yllcorner 4602440.000000
cellsize 26.757400
NODATA_value -9999.000000
[rows 234 to 259 of 393, columns 59 to 117 of 337]
0.001716 0.002212 0.001494 -0.000323 0.000405 0.015053 0.105821 -0.091167 -0.040086 -0.015021 -0.000222 0.000222 0.001335 0.000831 0.014223 0.016745 0.351609 0.277075 0.194611 0.030255 -0.005572 -0.000645 0.000665 0.002041 -0.002013 -0.012932 -0.040613 -0.003995 -0.001129 0.436656 0.481210 0.634401 0.735351 1.051711 1.572479 1.358954 1.075974 0.778320 0.714276 0.668896 0.401048 -0.013975 -0.035527 -0.000013 0.014956 0.409249 0.401481 0.002595 -0.020635 -0.000007 -0.022859 -0.002239 -0.003641 -0.002557 0.001565 0.000775 0.029010 -0.132968 -0.191547
-0.017849 -0.072310 -0.009512 -0.000418 0.000587 0.025382 0.013234 -0.027843 -0.006206 0.000000 0.000404 0.000470 0.001019 -0.001498 0.001639 0.198862 0.082309 0.136850 0.144075 0.156248 0.217957 0.065067 -0.018716 0.008757 -0.020438 -0.276181 -0.243137 -0.262768 -0.198629 -0.134233 0.017159 0.206824 0.390901 0.615591 0.780993 0.610041 0.333350 0.445536 0.545943 0.636458 0.197730 -0.003556 -0.007405 -0.000401 0.000555 0.001404 -0.000017 -0.133507 -0.234511 -0.056078 0.115208 0.209561 0.180891 0.073375 0.166393 -0.063215 -0.260860 -0.171640 -0.186785
-0.020439 -0.088228 -0.015808 -0.000013 0.049974 0.242166 0.008811 0.000101 -0.000558 0.000069 0.000538 0.000428 -0.307394 -0.370615 -0.487562 -0.489546 -0.404614 -0.348475 -0.363655 -0.295677 -0.177808 -0.141499 -0.107385 -0.037760 -0.096090 -0.204380 -0.315842 -0.574637 -0.520377 -0.695511 -0.617929 -0.545681 -0.350694 -0.055632 0.140275 0.136305 0.534231 0.149507 0.146347 0.084643 0.027131 -0.009236 -0.006954 -0.000330 0.000396 -0.000073 -0.000360 -0.000280 -0.127890 -0.314021 -0.336987 -0.287270 -0.264486 -0.253277 -0.299665 -0.215271 -0.058457 -0.052307 -0.028127
-0.108064 -0.003418 -0.004521 -0.000000 0.006620 0.008650 0.110235 0.009271 0.007962 0.001336 0.016883 -0.254492 -0.370755 -0.399875 -0.392225 -0.383015 -0.255536 -0.266341 -0.263671 -0.234933 -0.161249 -0.187357 -0.135297 -0.039494 -0.106863 -0.206715 -0.307590 -0.355346 -0.357751 -0.782263 -0.879789 -0.867141 -0.769023 -0.654184 -0.354281 0.106585 0.267600 0.355253 0.111720 0.090632 0.072608 -0.066084 -0.021391 -0.000131 0.000136 -0.013101 -0.003961 -0.003318 -0.031984 -0.287203 -0.313586 -0.351976 -0.319963 -0.363211 -0.389156 -0.252159 -0.183318 -0.135649 -0.056708
-0.003263 -0.003947 0.000000 0.005907 0.007272 0.008902 0.010879 0.011253 0.006706 -0.116515 -0.115775 -0.151613 -0.199963 -0.194368 -0.163960 -0.211776 -0.244993 -0.301127 -0.294334 -0.295618 -0.292730 -0.296234 -0.301752 -0.158315 -0.154455 -0.208202 -0.187747 -0.234671 -0.240641 -0.501897 -0.467954 -0.574030 -0.503443 -0.462092 -0.268149 -0.011279 0.384553 1.142443 0.875708 0.583318 0.218679 0.088216 -0.083508 -0.151509 -0.427720 -0.125174 -0.004035 -0.003434 -0.002227 -0.002070 -0.000401 0.002758 0.103665 -0.062521 -0.133480 -0.127946 -0.084107 -0.095489 -0.105940
0.003041 0.002648 -0.002009 -0.004709 0.002020 0.005460 0.009629 0.008686 -0.040511 -0.040870 -0.035690 -0.073948 -0.053650 -0.044114 -0.093153 -0.160396 -0.334841 -0.367241 -0.503186 -0.506126 -0.655421 -0.700709 -0.766943 -0.874367 -0.839525 -0.796963 -0.676928 -0.456389 -0.463727 -0.625583 -0.680913 -0.586393 -0.505229 -0.403854 -0.309032 0.095667 0.702444 1.313082 0.873721 0.700074 0.171231 -0.122489 -0.218361 -0.002184 -0.017936 -0.006488 0.000008 0.018062 0.082967 0.003453 -0.143046 -0.215802 -0.391769 -0.222675 -0.114248 0.000017 -0.056916 -0.077429 -0.155509
0.000790 0.037727 0.019205 -0.102794 -0.004948 -0.001009 0.005316 0.005018 0.171486 0.126671 0.017006 -0.027778 -0.050051 -0.062436 -0.100881 -0.128212 -0.390594 -0.502332 -0.592634 -0.628306 -0.729862 -0.924719 -1.067095 -1.210060 -1.423846 -1.215344 -1.212137 -1.110250 -1.050698 -0.781580 -0.921479 -0.807719 -0.719045 -0.643579 -0.574515 0.065772 0.912227 1.047726 0.681991 0.276860 0.180576 -0.150587 -0.007619 -0.000421 -0.000096 0.000096 0.000421 0.431486 0.230402 0.139566 0.091097 0.034845 -0.023721 -0.077927 -0.170898 -0.000143 0.057811 -0.028098 -0.136094
0.002970 0.037878 0.523425 0.584715 0.374645 0.044715 0.002526 0.011260 -0.001550 0.017950 0.014719 -0.005551 -0.003290 0.014184 -0.006587 -0.045397 -0.252573 -0.369732 -0.427338 -0.477870 -0.461841 -0.609603 -0.712796 -0.783195 -1.029880 -1.028307 -1.210528 -1.083435 -0.882263 -0.640562 -0.755443 -0.733571 -0.504613 -0.421719 -0.484973 -0.151336 0.579850 0.653832 0.209896 -0.017130 -0.335303 -0.027290 -0.011747 -0.000008 0.009583 -0.132515 -0.225940 -0.603339 -0.690561 -0.531986 -0.416331 -0.440379 -0.456051 -0.461539 -0.478023 -0.166095 -0.535206 -0.796153 -0.967348
0.019994 0.432534 0.207684 0.166979 0.093686 -0.112041 0.001376 0.048601 0.042832 0.029383 0.012801 -0.001114 0.039618 0.073102 0.055479 0.002656 -0.069708 -0.112082 -0.130541 -0.133791 -0.156497 -0.170616 -0.173684 -0.198642 -0.228313 -0.328285 -0.380184 -0.312119 -0.210719 0.029685 0.280802 0.480073 0.585696 0.293986 -0.382641 -0.603938 -0.055657 0.097710 -0.013393 -0.253358 -0.041981 -0.001012 -0.001019 -0.021006 -0.325109 -0.358399 -0.405741 -0.544941 -0.438946 -0.474788 -0.437950 -0.423071 -0.477987 -0.436131 -0.578580 -0.346643 -0.417879 -0.604008 -0.670219
-0.085590 -0.299285 -0.274740 -0.256413 -0.200859 -0.132448 -0.110407 -0.000564 0.000185 0.070363 -0.036564 -0.071545 -0.078716 -0.094700 -0.125521 -0.174385 -0.367630 -0.497424 -0.546790 -0.608344 -0.684414 -0.651622 -0.692722 -0.795433 -0.800833 -1.052061 -1.405920 -1.063158 -0.947453 -0.700717 -0.719649 -0.866429 -0.750458 -0.365460 -0.101506 0.432559 0.930512 0.498031 0.199521 -0.240226 -0.054607 -0.000465 0.059229 -0.026179 -0.058019 0.010159 -0.064339 -0.156435 -0.078091 -0.145019 -0.191030 -0.184171 -0.191574 -0.288314 -0.357203 -0.507908 -0.439678 -0.537586 -0.563578
-0.488224 -0.527197 -0.538023 -0.548979 -0.517907 -0.506038 -0.358829 -0.152288 -0.131979 -0.253035 -0.250377 -0.298707 -0.220447 -0.208931 -0.213082 -0.317565 -0.574271 -0.626930 -0.666501 -0.613348 -0.648641 -0.588179 -0.604033 -0.634261 -0.735471 -0.706464 -0.781675 -0.894017 -0.862225 -0.397939 -0.797738 -1.045480 -1.016674 -0.831525 -0.250088 0.289453 0.221882 -0.079859 -0.682992 -0.966758 -0.085266 -0.000413 -0.000328 -0.050696 -0.097793 -0.064872 -0.077634 -0.182374 -0.000355 0.056765 -0.069703 -0.096413 -0.162161 -0.191953 -0.316278 -0.356716 -0.400873 -0.508412 -0.021739
0.000008 -0.092653 -0.166553 -0.253195 -0.281903 -0.336497 -0.508949 -0.289941 -0.233156 -0.307837 -0.299687 -0.282184 -0.174305 -0.176185 -0.268549 -0.344937 -0.523727 -0.471607 -0.504827 -0.473249 -0.416794 -0.445366 -0.393094 -0.453209 -0.419631 -0.481460 -0.554064 -0.558741 -0.500636 -0.378837 -0.391058 -0.478566 -0.568518 -0.721415 -0.699363 -1.099416 -1.360490 -1.918605 -1.099485 -1.289888 -1.368892 -0.286935 -0.291089 -0.253159 -0.194469 -0.264632 -0.207864 -0.123194 -0.002391 0.000968 0.213416 0.091189 0.015185 -0.125792 -0.112578 -0.155858 -0.584447 -0.547095 -0.019752
0.194683 0.020932 -0.060386 -0.115469 -0.158963 -0.208071 -0.277425 -0.344738 -0.393714 -0.317220 -0.314966 -0.232785 -0.220593 -0.212703 -0.287509 -0.395991 -0.404472 -0.357534 -0.351771 -0.382248 -0.338717 -0.346322 -0.141358 -0.151403 -0.307253 -0.273078 -0.364356 -0.517260 -0.421558 -0.199677 -0.137173 -0.162307 -0.516606 -1.008802 -0.968827 -0.991273 -0.773201 -0.576237 -0.968963 -1.234970 -1.266024 -1.163534 -0.333918 -0.303654 -0.244276 -0.450466 -0.090901 -0.066917 -0.002569 -0.000020 0.110967 0.061632 0.098867 0.178284 -0.038214 -0.022984 -0.063075 -0.043213 -0.143508
-0.094466 -0.053172 -0.084449 -0.109787 -0.119540 -0.208228 -0.118942 -0.219337 -0.173419 -0.157509 -0.155049 -0.238368 -0.152485 -0.197032 -0.266896 -0.260220 -0.271660 -0.206514 -0.178991 -0.245055 -0.208296 -0.177006 -0.058943 -0.047454 -0.087707 -0.065084 -0.173551 -0.899092 -0.899317 -0.695500 -0.949517 -0.693698 -0.610832 -0.427997 -0.486990 -0.679619 -1.335855 -0.098626 -0.094603 -0.160159 -0.740357 -1.202258 -1.096378 -0.227743 -0.233168 -0.484780 -0.106196 -0.087703 -0.181667 -0.216207 -0.378653 -0.477623 -0.454909 -0.349711 -0.185888 -0.037241 0.076401 0.108510 -0.075519
0.148594 0.063064 0.008369 -0.056672 -0.108470 -0.104247 -0.146924 -0.247951 -0.190712 -0.164258 -0.206568 -0.218531 -0.212032 -0.234798 -0.251100 -0.238900 -0.232020 -0.212455 -0.199208 -0.114490 -0.069239 -0.011983 0.080053 0.153338 0.112191 0.092749 -0.006267 -0.072442 -0.693502 -0.469304 -0.436749 -0.714651 -0.648346 -0.395878 -0.357356 -0.597563 -1.605152 -0.895506 -0.169433 -0.186783 -0.629204 -1.256723 -1.109452 -0.899771 -0.962092 -0.247286 -0.191537 -0.170598 -0.388327 -0.398758 -0.595073 -0.594652 -0.691070 -0.644619 -0.547305 -0.286253 -0.269974 -0.382841 -0.611416
0.180499 0.034253 -0.028488 -0.046823 -0.090212 -0.134964 -0.169522 -0.298088 -0.237588 -0.264198 -0.283858 -0.295232 -0.285017 -0.319212 -0.294229 -0.283947 -0.282273 -0.286724 -0.222902 -0.195097 -0.148085 -0.129901 -0.100996 -0.044811 -0.186372 -0.010127 -0.003454 0.012458 -0.602735 -0.627057 -0.066590 -0.073778 -0.460807 -0.423109 -0.031060 -0.361415 -1.108700 -1.495361 -0.851955 -0.702118 -0.668674 -1.835879 -1.788013 -1.379886 -1.646940 -1.131916 -0.945449 -1.149053 -0.943762 -0.857360 -0.771607 -0.692406 -0.838690 -0.526860 -0.605330 -0.583324 -0.424737 -0.487366 -0.018271
0.371187 0.223598 0.158376 0.023537 -0.025449 -0.071844 -0.110278 -0.157082 -0.300732 -0.235972 -0.296207 -0.267224 -0.273698 -0.296563 -0.245510 -0.211685 -0.196668 -0.236149 -0.244116 -0.153864 -0.055062 -0.012127 -0.058703 -0.259103 -0.022662 0.000041 0.017561 0.008262 -0.159627 -0.085244 -0.076143 -0.075957 -0.267624 -0.312712 -0.246701 -0.467753 -0.832341 -0.955264 -0.992335 -0.610382 -0.556746 -0.852690 -1.002496 -0.912649 -1.047268 -1.423774 -1.140123 -0.960852 -0.737156 -0.594502 -0.240269 -0.107548 0.044367 -0.000216 -0.138606 -0.423476 -0.468553 -0.495733 -0.021740
0.138697 0.012142 -0.009895 -0.012359 -0.032533 -0.052166 -0.001124 0.000531 -0.241902 -0.237215 -0.273506 -0.285845 -0.215947 -0.204704 -0.128178 -0.071698 0.001961 0.120771 0.143947 0.242382 0.350142 0.417143 -0.057042 -0.013445 -0.000003 0.000995 0.080610 -0.129587 -0.252645 -0.337456 -0.366377 -0.303295 -0.257553 -0.340781 -0.329849 -0.575409 -0.675951 -0.748903 -0.362498 -0.203297 -0.081286 -0.033618 -0.141870 -0.222329 -0.281594 -0.620388 -0.521872 -0.655458 -0.553405 -0.577799 -0.490679 -0.494419 -0.005878 0.000000 0.001920 -0.041485 -0.115792 -0.009218 -0.000360
0.002800 0.146211 0.058522 0.030059 -0.069441 -0.002513 -0.002666 0.000062 0.000096 0.002274 0.237128 0.193048 0.219307 0.186959 0.184059 0.202460 0.203132 0.278135 0.282274 0.293927 0.321430 0.242218 -0.000093 0.000440 0.005473 0.003102 0.104173 -0.074417 -0.191992 -0.643704 -0.512444 -0.487659 -0.386942 -0.383862 -0.438748 -0.536099 -0.760727 -0.958336 -0.639894 -0.216397 -0.122879 -0.015268 -0.004421 -0.000857 -0.000702 -0.016108 -0.150986 -0.241975 -0.249508 -0.317324 -0.339390 -0.464406 -0.005878 0.000000 0.000000 0.000000 -0.001290 -0.002656 -0.000360
0.004017 -0.003325 -0.002179 0.006833 0.003406 -0.004341 -0.004627 -0.002804 0.000000 0.022446 0.466111 0.428528 0.355049 0.328551 0.327672 0.398758 0.326808 0.326461 0.265463 0.222602 -0.048644 -0.014434 0.000000 0.008609 0.037776 0.284509 0.173687 0.078317 -0.157502 -0.395837 -0.487508 -0.659990 -0.630275 -0.249917 -0.291203 -0.423866 -0.306574 -0.490887 -0.407654 -0.215655 -0.237427 -0.082569 -0.069975 -0.000822 -0.000526 0.004590 -0.052867 -0.040892 -0.062448 -0.092356 -0.101891 -0.071745 -0.003295 -0.022862 -0.010564 0.000000 0.001274 0.001023 -0.060179
-0.087097 -0.085418 -0.024869 0.044907 0.090068 0.130483 0.155402 0.148253 -0.000102 0.125204 0.217741 0.207329 0.207380 0.259139 0.556471 0.680829 0.760474 0.765583 0.615076 0.446420 -0.644528 -0.023750 0.000000 0.024261 0.057295 0.252841 0.120459 0.101848 0.024426 -0.040863 -0.093885 -0.089197 -0.118633 -0.150100 -0.316873 -0.569121 -0.585478 -0.533877 -0.592758 -0.533104 -0.580222 -0.197522 -0.236262 -0.570875 -0.555727 -0.580325 -0.730120 -0.595234 -0.529533 -0.474315 -0.409343 -0.272742 -0.015648 0.032829 -0.000808 0.000090 0.024502 0.338529 -0.031351
-0.217084 -0.215522 -0.084421 -0.050775 -0.141559 -0.118168 -0.054213 -0.082216 -0.195963 -0.323996 -0.165986 -0.114395 -0.101495 -0.039378 -0.181745 -0.247298 -0.399512 -0.005687 -0.000195 -0.000702 -0.013538 -0.016702 0.000000 0.012537 0.025128 0.034298 0.008945 -0.007735 -0.000130 0.000130 0.009633 0.385758 0.186473 0.079689 -0.134117 -0.397815 -0.587104 -0.710534 -0.826828 -0.874257 -0.694623 -1.203366 -0.688371 -0.674560 -0.640982 -0.623906 -0.768417 -0.619863 -0.549920 -0.517559 -0.468374 -0.444900 -0.252190 -0.140609 -0.000165 0.000564 0.108976 0.100021 -0.070441
-0.301690 -0.200953 -0.161336 -0.068344 -0.143721 -0.158385 -0.117205 -0.266871 -0.390235 -0.407227 -0.261544 -0.126923 -0.084376 0.087492 -0.021796 -0.041316 -0.010594 -0.000664 -0.000410 -0.000165 -0.000457 -0.002041 0.005822 0.010669 0.005220 0.013286 0.004811 -0.004488 -0.000360 0.000360 0.013915 0.401239 0.216079 0.278494 0.018728 -0.351998 -0.671802 -1.009537 -1.124513 -1.004006 -0.605642 -0.619461 -0.712595 -0.553059 -0.565270 -0.594025 -0.572678 -0.483922 -0.374329 -0.283609 -0.349974 -0.328185 -0.188673 0.000000 0.015887 0.528872 0.217734 0.014886 -0.278473
-0.287648 -0.182148 -0.271614 -0.212551 -0.206855 -0.238578 -0.240925 -0.345919 -0.466675 -0.380675 -0.618938 -0.571868 -0.775790 -0.879929 -0.123442 -0.026427 -0.023565 -0.017139 -0.004302 0.000003 0.004688 0.013857 0.040956 0.016081 0.006404 0.020887 0.024499 0.055240 -0.000360 0.000360 0.021554 0.473659 0.518597 0.609870 0.000635 -0.283194 -0.509293 -0.593184 -1.000433 -1.003000 -1.150648 -0.539548 -0.525369 -0.306226 -0.087790 -0.079571 -0.147762 -0.436200 -0.348836 -0.297898 -0.250900 -0.342764 -0.155253 -0.017155 0.001578 -0.080665 -0.071390 -0.073818 -0.097796
-0.098981 -0.039181 -0.044302 -0.220711 -0.118199 -0.048282 0.025394 0.200943 0.580084 0.500544 -0.001519 -0.356287 -0.619661 -1.121560 -0.245995 -0.062381 -0.039312 -0.013841 -0.000346 0.000180 0.006462 0.015880 0.023186 0.032383 0.024429 0.006319 0.012285 -0.241978 -0.013667 0.000010 0.015805 0.459932 0.670897 0.909073 0.236910 -0.110300 -0.441328 -0.472146 -0.663959 -1.023181 -1.311477 -0.760183 -0.727789 -0.409206 -0.100979 -0.001732 -0.000118 -0.012804 -0.248831 -0.494427 -0.594477 -0.843465 -0.972315 -0.837037 -0.721312 -0.624557 -0.536120 -0.540044 -0.448256
0.046329 0.052714 -0.001714 -0.173018 -0.253970 -0.007630 -0.102247 -0.011164 0.465676 -0.051180 -0.000151 0.000043 -0.133948 -0.251674 -0.224188 -0.027812 -0.019370 -0.013162 -0.007715 -0.000180 0.000346 0.005809 0.015374 0.070253 0.093419 0.041944 0.111484 0.319645 0.160532 0.000047 0.214561 0.993561 0.895130 0.877322 0.725039 0.500141 0.374159 -0.301200 -0.631459 -0.954369 -0.898791 -0.927057 -0.604558 -0.664053 -0.552292 -0.012400 0.000000 0.009038 0.012286 -0.065410 -0.277696 -0.586228 -1.080741 -1.186679 -1.005793 -0.963618 -1.007082 -0.840893 -0.767692
