use_cases/Flooding_chicago/flooding_data/output/hUx_3060.asc
ncols 337
nrows 393
xllcorner 428428.000000
yllcorner 4602440.000000
cellsize 26.757400
NODATA_value -9999.000000
[rows 286 to 311 of 393, columns 59 to 117 of 337]
-0.094514 -0.150488 -0.148324 -0.133229 -0.105768 -0.067425 0.019219 0.064751 0.019392 -0.003271 -0.019521 -0.059817 -0.134233 -0.025890 -0.010667 -0.000393 0.000378 0.009049 0.022983 0.074315 -0.041892 -0.009055 -0.000208 0.000326 0.011006 0.011621 0.076975 0.031879 0.058737 0.031399 0.062285 0.041319 -0.000360 0.000360 -0.008576 0.042586 0.038168 -0.002804 -0.019584 0.054387 0.127256 0.095193 -0.063902 -0.209149 -0.235396 -0.272125 -0.247095 -0.249610 -0.234012 -0.178527 -0.178662 -0.049298 -0.071762 -0.171856 -0.229430 -0.332695 -0.341279 -0.353541 -0.183744
-0.146966 -0.274880 -0.288368 -0.295130 -0.283247 -0.267353 -0.215226 -0.277146 -0.308140 -0.425423 -0.761579 -0.293689 -0.115275 -0.002200 -0.001129 0.000059 0.000439 0.000890 0.020477 0.508807 0.154061 -0.028834 -0.005080 0.000007 0.007230 0.017658 0.079316 0.039557 0.030085 0.127333 0.105052 0.073637 -0.000360 0.000360 0.068377 0.205456 0.179655 0.134018 0.114835 0.170989 0.202871 0.183184 0.168350 0.022219 -0.099680 -0.135088 -0.209981 -0.207515 -0.244205 -0.256885 -0.098103 -0.022100 -0.106599 -0.211557 -0.374297 -0.446494 -0.476409 -0.541345 -0.577646
-0.150275 -0.294998 -0.434016 -0.535534 -0.520509 -0.515723 -0.299255 -0.256102 -0.350502 -0.283543 -0.449846 -0.190755 -0.057254 -0.000593 -0.000150 0.000133 0.000260 0.019957 0.568377 0.271635 0.176521 -0.284547 -0.006971 0.000000 0.010980 0.021949 0.249107 0.004758 0.007427 0.116740 0.112287 0.090739 0.073793 0.748465 1.210582 0.810070 0.593666 0.365296 0.489150 0.360705 0.314247 0.227357 0.193984 0.075082 0.066731 0.168325 0.124645 0.057102 0.009753 -0.091869 -0.116312 -0.052845 -0.074150 -0.147453 -0.205068 -0.389923 -0.434231 -0.540063 -0.655022
-0.681767 -1.052638 -0.919459 -0.821529 -0.444672 -0.283925 -0.052797 0.090913 0.089848 0.074701 0.001554 -0.189323 -0.062033 -0.000340 -0.000122 0.000323 0.026782 0.640660 0.625834 0.996996 0.919274 0.876511 0.438845 0.265998 0.099154 0.567281 0.104987 0.004464 0.194268 0.204580 0.162117 0.925732 1.203775 1.211321 1.592157 1.048532 0.711620 0.450196 0.341806 0.239159 0.154446 0.103329 0.100624 0.064534 0.082378 0.269246 0.263072 0.154059 0.036343 -0.111259 -0.170005 -0.041923 -0.011683 0.016824 0.122110 0.236655 0.306960 0.220001 -0.077098
-0.608362 -0.626081 -0.690585 -0.318917 -0.243403 -0.007591 -0.000478 0.152477 0.203440 0.223638 0.264209 0.337402 0.229641 0.000904 -0.000353 -0.000224 0.006110 0.244499 0.510338 0.878482 0.620449 0.944585 0.478038 0.299363 0.848465 0.854867 1.821559 0.603750 0.498479 0.381245 0.869433 0.698122 0.640660 0.044102 0.149974 0.001034 0.001754 0.472788 0.342021 0.106450 -0.051194 -0.014847 0.055114 0.219881 0.296828 0.380642 0.282532 0.199273 0.056299 0.009838 -0.040895 -0.031981 0.010372 0.053365 0.060454 0.053348 0.043730 -0.012287 -0.022620
-0.171232 -0.160589 -0.205966 -0.004965 -0.003263 -0.003599 -0.000667 0.066353 0.121140 0.349071 0.400030 0.333228 0.532443 0.708218 0.678678 -0.000803 0.002111 0.286528 0.608415 -0.001378 0.001357 0.349337 0.326182 0.890137 0.859252 0.949628 1.579974 1.403012 0.554345 0.421919 0.275397 0.804807 0.087320 0.062357 0.038268 0.019184 0.012284 0.407712 0.439689 0.520752 0.510375 0.796862 0.630963 0.582963 0.726917 0.671698 0.437495 0.371548 0.381146 0.273837 0.287209 0.157254 0.128499 0.055961 -0.011980 -0.154002 -0.326657 -0.023358 -0.000003
-0.048671 0.209154 0.250560 0.325824 0.299701 0.599125 -0.006463 -0.002452 -0.001177 0.108537 0.109667 0.003386 0.010772 0.007384 0.442235 0.426848 0.463981 0.416125 0.355794 -0.001838 -0.001405 0.002624 0.199409 0.765644 0.397048 0.007528 0.204615 0.247503 0.294101 0.274612 0.205024 0.624274 0.085818 0.071432 0.050117 0.580118 0.813520 0.910550 0.841547 0.813558 0.717451 1.061931 0.833378 0.759306 0.709320 1.033422 0.559914 0.473412 0.499685 0.378158 0.374251 0.181629 0.106931 0.065561 0.009621 -0.060572 -0.154116 -0.020514 -0.000208
0.464286 0.609126 0.703046 0.273189 0.142685 -0.231755 -0.034231 -0.001333 -0.001127 -0.000000 0.001127 0.001333 0.009463 0.007845 0.305173 0.302440 0.288645 0.250687 0.000000 -0.065912 -0.001851 0.001281 0.147414 0.486225 0.173916 0.004178 0.090665 0.123418 0.171763 0.178655 0.739384 0.711561 0.097779 0.081375 0.052431 0.453352 0.614973 1.655269 0.855255 0.895953 1.591957 1.146715 0.835501 0.635620 0.518898 0.447386 0.385798 0.449755 0.339416 0.259872 0.204440 0.167371 0.072280 0.074921 0.048958 0.053203 0.135064 -0.002775 -0.001990
0.559461 0.634523 0.712628 0.321948 0.148147 -0.367890 -0.036938 -0.002768 -0.002807 0.000000 0.002807 0.002768 0.032680 0.299720 0.254967 0.298328 0.268855 0.225821 0.000000 -0.079424 -0.003478 0.000756 0.000880 0.021366 0.765450 0.003963 0.154451 0.305020 0.211300 0.096916 0.547819 0.488391 0.082309 0.079205 0.516263 0.473663 1.212930 0.830621 0.896871 0.921020 0.790238 0.443505 0.192318 0.049243 -0.018397 -0.032286 -0.012741 -0.047880 -0.107921 -0.154649 -0.170988 -0.123154 -0.119166 -0.110314 -0.109545 -0.061192 -0.074139 -0.063800 -0.023800
0.552358 0.746099 0.900294 0.411465 0.102692 -0.319461 -0.036966 -0.002202 -0.002724 -0.000000 0.002724 0.002202 -0.043964 0.087152 0.167629 0.229864 0.141404 0.065418 -0.021603 -0.148831 -0.024308 -0.000322 0.000407 0.009972 0.029168 0.286066 0.060036 -0.032470 0.008014 0.099601 0.101943 0.243658 0.229742 0.071919 0.708344 0.984777 0.960501 1.147435 0.826915 0.746897 -0.001874 -0.001133 -0.000378 0.005142 0.005049 0.027498 0.022927 0.023218 0.067815 -0.135986 -0.158288 -0.104041 -0.091669 -0.041500 -0.021856 -0.013521 -0.016040 -0.000928 -0.000341
0.187225 0.311773 0.736125 0.467459 0.109944 -0.121688 -0.417200 -0.020177 -0.001072 0.000000 0.001072 0.053092 0.511772 0.243055 0.219501 0.281456 0.136578 0.021323 -0.075353 -0.209304 -0.030052 -0.000418 0.000592 0.003327 0.001679 0.107248 0.003199 0.016092 0.054595 0.107170 0.576599 0.618029 0.712620 0.837189 0.818452 1.187633 0.991016 0.916245 0.410282 0.003752 -0.002632 0.000060 0.008546 0.011225 0.006112 0.020504 0.015561 0.016419 0.015700 0.021236 -0.044697 -0.047343 -0.053881 -0.064144 -0.067644 -0.100013 -0.156072 -0.001098 0.000588
0.480161 0.130954 0.148557 0.196222 0.106161 0.151550 0.118583 0.064940 -0.307945 -0.009346 0.017840 0.021800 0.009845 -0.111487 -0.167386 -0.074217 -0.048885 -0.133974 -0.230617 -0.010847 -0.000437 0.000259 0.000875 0.001791 0.068235 0.316865 0.508583 0.578154 0.619661 0.919547 1.025946 0.744944 0.721255 0.680186 0.950013 0.815712 0.325493 0.225830 -0.055226 -0.001317 -0.000568 0.001186 0.013526 0.011709 -0.015820 -0.149936 -0.083743 -0.002843 0.058786 0.022043 -0.114236 -0.161331 -0.194268 -0.205294 -0.219799 -0.290919 -0.113128 -0.110912 -0.000808
0.188449 0.175500 0.083905 -0.022258 -0.075264 -0.090520 -0.253203 -0.114878 -0.233381 -0.009453 0.011226 0.019584 0.005268 0.001920 0.005195 0.003652 -0.001055 -0.014954 -0.001719 -0.003202 -0.000009 0.007831 0.104159 0.311974 0.040956 0.017490 0.003895 0.178668 0.443949 0.703000 0.814992 0.607082 0.575026 0.852926 0.714956 0.621493 0.259609 0.190339 -0.081448 -0.003081 -0.001595 0.002680 0.002645 0.029170 0.549600 0.360084 0.339600 0.228413 0.092807 0.060672 -0.094328 -0.189577 -0.230308 -0.379625 -0.314354 -0.138680 -0.148763 -0.147322 -0.134368
-0.256241 -0.205945 -0.099759 0.009335 0.075130 0.039887 -0.133994 -0.390679 -0.010882 -0.001384 -0.000805 0.000313 0.000426 0.001211 0.028123 0.165115 0.055346 0.028856 0.014274 -0.001496 0.001289 0.077087 0.009435 -0.025569 -0.046432 -0.000376 0.000376 0.009408 0.356456 0.499237 0.405437 0.091495 0.523976 0.551184 0.710788 0.410311 0.420774 0.337163 -0.002684 -0.004864 -0.004379 0.000000 0.012800 0.039489 0.538258 0.344075 0.318324 0.217145 0.094298 0.075870 0.039541 0.005167 -0.057724 -0.189454 -0.220146 -0.137366 -0.185166 -0.212122 -0.415901
-0.029926 0.176948 0.189162 0.057533 -0.097182 -0.156827 -0.024730 -0.001650 -0.001117 -0.002786 -0.001608 -0.001299 0.000000 0.008518 0.028320 0.007017 -0.000256 -0.043945 -0.088488 -0.001236 0.001458 0.117297 0.130934 0.071603 0.035080 -0.000723 0.000723 0.015807 0.423562 0.853314 0.501390 0.100006 0.584183 0.664903 0.768764 0.387213 0.302715 -0.093279 -0.001850 -0.003251 -0.003450 0.000000 0.012199 0.043307 0.142413 -0.007901 0.000392 0.011960 0.034862 0.030373 0.020102 0.011871 0.004571 -0.031854 -0.054690 -0.083792 -0.000351 0.029185 -0.014152
0.054761 0.074933 0.084133 0.012133 -0.104939 -0.386380 -0.031432 -0.010312 0.000000 0.002316 0.002981 0.002357 0.000670 0.001351 0.006365 0.004746 0.039677 0.026501 -0.001801 -0.001099 0.002024 0.017228 0.015182 -0.022689 -0.033176 -0.000376 0.000376 0.018425 0.485878 1.003146 0.802472 0.785503 0.891291 0.919800 0.780443 0.638972 0.357702 0.063706 0.043124 0.023553 -0.000905 0.000125 0.001276 0.027232 0.116164 -0.082455 -0.121223 0.000817 -0.007393 -0.034779 -0.032856 -0.030686 -0.024794 -0.065383 -0.080413 -0.091620 -0.000924 -0.045567 -0.216478
0.194286 0.198375 0.916060 0.409165 0.266848 0.021841 -0.022803 -0.001286 -0.000360 0.000438 0.001303 0.002361 0.000517 0.000321 0.001214 -0.022012 -0.398616 -0.120445 -0.001994 -0.001287 0.002167 0.001819 0.122790 0.084951 0.142815 0.026009 0.011693 0.009902 0.400285 0.537093 2.058283 2.405612 1.938423 1.995324 1.289438 1.088710 0.594037 0.101038 0.072287 0.042523 0.015339 0.002231 0.002551 0.005413 0.021585 -0.027439 -0.005462 0.000033 0.005244 0.003940 0.001859 0.001093 0.050349 -0.054296 -0.093293 -0.138604 -0.083012 -0.097362 0.003604
0.203830 0.434719 0.206627 0.261703 0.404930 0.457482 0.171635 -0.057506 -0.000421 0.000030 0.001233 -0.049452 -0.129792 -0.180857 -0.092314 0.010412 0.228089 0.311596 0.164182 0.000782 0.001028 0.001145 0.154768 1.312790 1.220979 0.952381 0.923787 1.538195 1.630322 0.988971 2.161309 2.577285 1.906902 1.725281 1.606935 1.100351 0.601558 0.090635 0.059407 0.190780 0.147034 0.085443 -0.014398 -0.000755 -0.001007 -0.000162 0.000221 0.001066 0.007157 0.004309 0.029398 -0.005660 -0.088483 -0.099260 -0.152150 -0.236563 -0.157572 -0.150892 -0.137425
0.191003 0.712302 0.557176 0.647636 0.640075 0.691417 0.733885 0.581362 0.202320 0.076942 0.081488 0.258755 0.293862 0.180627 0.133320 0.186299 0.293762 0.533050 0.324284 0.307249 0.284496 1.100955 1.299732 2.329882 2.205213 2.223753 2.928448 2.787015 2.794771 1.933479 0.918792 1.254602 0.619453 0.649656 0.751197 0.455657 0.363410 0.042773 0.034039 0.165248 0.167660 0.159939 0.127401 -0.017352 -0.007314 -0.000222 0.000222 0.009725 0.009438 -0.040358 -0.005116 0.037795 0.055095 -0.020238 -0.106468 -0.147594 -0.136032 -0.109179 -0.000745
0.322809 0.275615 0.359715 0.459952 0.451259 0.412869 0.322401 0.211382 0.174221 0.026543 -0.094049 -0.551974 -0.540327 -0.008914 0.000000 0.000635 0.001648 0.215390 1.145543 1.025785 1.325450 2.407251 2.661044 2.797133 2.588155 3.605715 2.873752 2.436907 1.650775 1.546544 0.527020 0.004072 0.001216 0.073490 0.559096 0.434334 0.278673 0.015261 0.018154 0.159145 0.204664 0.213982 0.204930 0.080723 -0.008478 -0.000103 0.000103 0.007136 0.008962 0.206204 0.294712 0.133384 0.199692 0.164355 -0.000707 0.000250 -0.016158 -0.018626 -0.000981
0.101051 0.055729 0.152396 0.274453 0.308376 0.271063 0.275858 0.242517 0.126614 0.129544 0.109581 0.082017 -0.003997 -0.000295 0.000332 0.000623 0.001825 0.259797 1.042033 0.992899 1.937205 1.836318 1.999322 1.128387 0.832304 1.145742 1.154710 0.952505 0.636475 0.582235 0.276296 -0.000376 0.000376 0.008071 0.063358 0.205601 0.088453 -0.001944 0.005945 0.003715 0.003105 0.151231 0.271909 0.313087 0.122356 0.057898 -0.002069 -0.003673 -0.001005 0.000720 0.000039 0.000003 0.010083 0.163205 0.128090 -0.001188 -0.000861 -0.001739 -0.002085
0.129591 0.135592 0.157102 0.315514 0.365024 0.395914 0.278076 0.316291 0.223655 0.288804 0.226701 0.224688 0.283375 0.281523 0.187996 0.472035 0.273011 0.329465 0.576792 0.534384 0.682565 0.805049 0.883841 0.126885 0.091359 0.626108 0.458941 0.379400 0.358787 0.305596 0.143869 -0.000723 0.000723 0.007970 -0.280921 -0.170183 -0.090907 -0.008718 -0.010849 -0.000007 0.015689 0.424013 0.948081 0.218331 0.143568 0.070910 -0.001890 -0.001741 -0.000971 -0.000925 -0.000326 0.000208 0.007168 0.123422 0.064468 -0.000739 -0.000078 0.000606 -9999.000000
0.338558 0.456571 0.509024 0.732538 0.754637 0.969459 0.783420 0.619436 0.681931 0.900164 1.003252 0.881072 0.881799 0.844309 1.281283 0.699492 0.732022 0.378010 0.576073 0.449142 0.472780 0.523853 0.204028 0.172934 0.112438 0.113092 0.045704 0.049883 0.106195 0.137536 0.103423 -0.000376 0.000376 0.010786 -0.173095 -0.160675 -0.123955 -0.014984 -0.000518 -0.000236 0.000422 0.000415 0.004064 0.103404 -9999.000000 -9999.000000 -9999.000000 -9999.000000 -9999.000000 -9999.000000 -9999.000000 -9999.000000 -9999.000000 -9999.000000 -9999.000000 -9999.000000 -9999.000000 -9999.000000 -9999.000000
0.321397 0.494936 0.628865 0.989709 1.005707 1.297943 1.329270 1.062037 1.050120 1.225589 1.277127 0.877984 1.113177 0.929054 0.980684 0.642270 0.684820 0.373351 0.641940 0.530329 0.562246 0.631766 0.259419 0.199416 0.287760 0.123275 0.117431 0.178876 0.228362 0.214038 0.000000 0.000320 0.000395 -9999.000000 -9999.000000 -9999.000000 -9999.000000 -9999.000000 -9999.000000 -9999.000000 -9999.000000 -9999.000000 -9999.000000 -9999.000000 -9999.000000 -9999.000000 -9999.000000 -9999.000000 -9999.000000 -9999.000000 -9999.000000 -9999.000000 -9999.000000 -9999.000000 -9999.000000 -9999.000000 -9999.000000 -9999.000000 -9999.000000
0.234899 0.258393 0.328438 0.502322 1.225300 1.959933 1.578795 1.566618 1.620138 1.324981 1.501350 1.067194 1.560245 1.460027 1.833844 1.771016 1.475290 1.056356 1.375502 1.291483 0.887102 0.916437 0.338054 0.243314 0.739111 0.602295 0.318863 0.397013 0.491967 0.456090 0.000000 0.008817 0.005669 -9999.000000 -9999.000000 -9999.000000 -9999.000000 -9999.000000 -9999.000000 -9999.000000 -9999.000000 -9999.000000 -9999.000000 -9999.000000 -9999.000000 -9999.000000 -9999.000000 -9999.000000 -9999.000000 -9999.000000 -9999.000000 -9999.000000 -9999.000000 -9999.000000 -9999.000000 -9999.000000 -9999.000000 -9999.000000 -9999.000000
0.082435 0.123556 0.190993 0.196211 0.713640 1.754813 1.395884 1.638237 1.957855 1.831814 2.171779 2.015574 2.085259 2.096486 2.654215 2.524266 2.736907 2.246324 2.091093 1.733177 1.691721 1.196600 0.372832 0.272191 0.489534 0.295596 0.139917 0.001543 0.002142 0.308476 0.264815 0.145146 -9999.000000 -9999.000000 -9999.000000 -9999.000000 -9999.000000 -9999.000000 -9999.000000 -9999.000000 -9999.000000 -9999.000000 -9999.000000 -9999.000000 -9999.000000 -9999.000000 -9999.000000 -9999.000000 -9999.000000 -9999.000000 -9999.000000 -9999.000000 -9999.000000 -9999.000000 -9999.000000 -9999.000000 -9999.000000 -9999.000000 -9999.000000
