use_cases/Flooding_chicago/flooding_data/output/hUx_1320.asc
ncols 337
nrows 393
xllcorner 428428.000000
yllcorner 4602440.000000
cellsize 26.757400
NODATA_value -9999.000000
[rows 104 to 129 of 393, columns 177 to 235 of 337]
-0.064851 -0.109966 -0.190169 -0.040678 -0.016670 -0.001285 -0.009132 -0.004142 0.000000 0.003071 0.002095 0.013959 0.022954 0.034426 0.049662 0.114991 0.428209 0.601293 0.458612 0.480715 0.391529 0.178438 -0.042588 -0.278000 -0.421463 -0.588613 -0.637822 -0.701170 -0.970118 -0.431184 -0.366907 -0.262237 -0.026662 -0.034222 -0.008293 -0.000001 0.009043 0.174626 0.480550 0.080487 0.049807 0.091145 0.682544 0.711793 0.511280 -0.051712 0.003771 0.004734 -0.624983 -0.227823 0.000053 0.015179 0.000398 0.006299 0.084224 1.057445 0.116592 0.143028 0.072189
0.000283 0.001164 0.000554 -0.002591 -0.001277 -0.002234 -0.022043 -0.021219 -0.006844 -0.000034 0.000688 0.008634 0.056814 2.006645 2.234698 1.975596 1.848020 1.606879 1.483305 0.898536 0.612927 0.343241 0.050594 -0.151447 -0.452752 -0.617988 -0.679955 -0.245284 -0.030797 -0.000024 -0.163598 -0.204410 -0.241497 -0.098241 -0.006027 -0.000058 0.000792 0.009945 0.122675 0.057940 0.029312 0.059246 0.523124 0.565447 0.205509 -0.000360 0.000360 0.013895 0.701498 0.498301 0.626909 0.617446 0.413470 0.354508 0.318954 1.523114 0.953907 1.214682 1.401913
-0.000017 0.009159 0.022359 0.030516 0.318939 0.312095 0.465057 -0.036748 -0.021779 -0.008057 0.000020 0.008579 0.027529 0.532941 -0.610055 -0.776154 -0.936908 -0.763727 -0.584874 -0.333422 -0.456337 -0.626298 -0.726075 -0.773216 -1.011010 -0.994952 -1.164822 -1.194831 -0.015402 -0.000738 0.000185 -0.018351 -0.030822 -0.024840 -0.011398 0.000022 0.013470 0.019918 0.056045 0.019557 0.022132 0.015670 0.057669 -0.018153 -0.022593 -0.000360 0.000360 0.196476 0.743621 0.462135 -0.000222 0.000222 0.110657 0.211930 0.180300 -0.022579 0.107626 0.113900 0.096575
-0.000713 -0.000215 0.000145 0.073443 0.126442 0.090476 0.188374 0.579478 0.876929 0.761348 0.701279 0.546276 0.949414 0.483072 0.120611 0.015181 0.004391 0.000804 0.000089 -0.002705 -0.341195 -0.706073 -0.513404 -0.279133 0.180833 1.035724 0.800071 -0.035502 -0.019733 -0.012027 -0.000367 -0.000411 -0.008242 -0.003399 0.001595 0.000862 0.010287 0.021433 0.045966 0.075772 0.013920 0.010201 0.511228 0.617640 0.524589 0.715404 0.830806 0.517275 1.076765 1.005946 0.996405 0.646982 0.469332 0.406170 0.628137 0.328309 0.214666 -0.000403 0.000324
-0.028037 -0.006646 0.000000 0.017855 0.230857 0.117490 -0.001574 0.123592 0.108679 0.001042 0.217930 0.174082 0.026070 -0.008114 -0.000430 -0.000306 0.000001 0.004059 0.008786 0.001220 0.013435 0.090826 0.225623 0.000452 -0.007314 -0.032346 -0.048059 -0.041101 -0.030225 -0.032346 -0.006921 -0.000165 0.000116 0.008697 0.029963 0.048465 0.093115 0.141423 0.507296 0.217824 0.239026 0.797001 1.269026 1.415205 1.154119 1.434220 0.801706 1.746785 1.424455 1.177035 0.990372 1.081753 1.218581 1.261645 1.798385 1.229975 0.714583 -0.000137 0.000468
-0.099505 -0.012579 0.000000 0.037714 0.682927 -0.013171 -0.013064 -0.006383 -0.002466 -0.004203 -0.012351 -0.008154 -0.000855 -0.010975 -0.007875 -0.000663 0.000068 0.000711 0.007074 0.016507 0.025758 0.094733 0.003016 -0.018138 -0.037075 -0.052981 -0.047921 -0.018763 -0.001219 -0.003146 -0.000441 -0.000549 -0.000103 0.000604 0.010947 0.038487 0.029819 0.023565 0.028826 0.358520 0.374408 1.214678 1.638513 1.090908 1.272964 0.662690 0.479840 0.220720 0.064328 0.013151 0.004696 0.320937 0.559070 0.790637 1.134719 0.654613 0.430837 0.020412 0.000013
0.003342 0.000443 0.000000 0.001938 0.000262 -0.004881 -0.012792 -0.025138 -0.008427 -0.030043 -0.014384 -0.008360 -0.000682 -0.000250 -0.000267 -0.000418 0.000446 0.000787 0.007107 0.027354 0.054732 0.199333 -0.107178 -0.012158 -0.005095 -0.001688 -0.017463 -0.018569 0.000001 -0.005874 -0.001483 -0.004553 -0.000544 0.000304 0.000573 0.007208 0.026035 0.026144 0.049412 0.497080 0.518657 0.762214 0.513168 -0.018389 -0.034893 -0.008522 -0.000003 -0.000071 -0.000095 0.000402 0.009685 0.144500 0.219281 0.503398 0.466195 0.280958 0.200558 -0.052605 0.000000
0.008030 0.038117 0.004348 -0.000357 -0.000819 0.000000 0.000617 0.001232 -0.011411 -0.040997 -0.014295 -0.008215 -0.000406 0.000312 0.000649 0.000455 0.000443 0.000452 0.011131 0.045568 0.059139 -0.183907 -0.021825 -0.014775 -0.000583 -0.000846 -0.001222 -0.001738 0.000019 0.006026 0.000579 -0.001072 -0.000105 0.000237 0.000352 0.013319 0.020513 0.038861 1.031869 1.252401 1.178894 1.152613 0.293222 -0.057544 -0.023274 -0.005267 -0.000201 0.000022 0.000006 0.009527 0.028936 0.168104 0.950904 0.147048 -0.023763 0.043923 0.167423 0.069065 0.044910
0.008869 0.158263 -0.009458 -0.018680 -0.009464 0.000000 0.009808 0.029364 0.048063 0.015564 -0.000436 -0.028717 -0.006265 -0.000194 0.000075 0.000366 -0.002076 -0.001106 0.008924 0.009113 0.019443 -0.815383 -0.019461 -0.010323 -0.001051 -0.000416 -0.000245 0.000247 0.000440 0.021465 0.021810 0.004076 0.000902 0.000454 0.000354 0.014421 0.027538 1.454450 1.918695 2.033361 1.603809 0.919588 0.423071 -0.081067 -0.031734 -0.023809 -0.008381 -0.000330 0.000396 0.015324 0.043041 0.097613 0.919419 0.418584 0.451762 0.516946 0.928843 1.322480 1.176063
0.014007 -0.122501 -0.127712 -0.026293 -0.007595 0.000000 0.008312 0.014810 0.048840 0.163441 0.146463 0.142447 0.073040 -0.020549 -0.005498 -0.015451 -0.025326 -0.028854 -0.000494 0.000071 0.006683 0.020740 -0.023203 -0.013150 -0.006325 -0.000786 -0.001280 -0.001276 0.000000 0.013284 0.077222 0.009576 0.018156 0.020947 0.002248 0.019429 0.126701 0.989939 0.894966 1.280074 0.621220 0.335088 -0.249161 -0.104482 -0.042178 -0.013587 -0.014376 -0.000401 0.000555 0.018877 0.029951 0.031642 0.041584 0.224884 0.516872 0.114022 0.097106 0.072599 0.998672
-0.013966 -0.036420 -0.046965 -0.038902 -0.013479 0.000001 0.012016 0.017123 0.018740 -0.078844 -0.128088 -0.216936 -0.284642 -0.035865 -0.000481 -0.083364 -0.044928 -0.009035 -0.006230 0.000000 0.007871 0.173273 -0.021875 -0.022961 -0.020162 -0.009277 -0.001163 -0.001385 0.000000 0.031485 0.082499 0.135060 0.197183 0.302443 0.157215 0.411420 1.680716 1.174746 0.154619 -0.100721 -0.089199 -0.241841 -0.896625 -0.083007 -0.091299 -0.074991 -0.012762 -0.000013 0.009884 0.011622 0.009857 0.019684 0.024113 0.030061 0.024681 0.163030 0.503450 0.254115 0.476888
0.081548 0.091032 0.039457 -0.008892 -0.000381 0.000328 0.007720 0.016976 0.003922 0.005319 -0.004820 -0.031912 -0.002861 -0.003884 0.001933 -0.176925 -0.034629 -0.008521 -0.000182 0.008279 0.155132 -0.071182 -0.170485 -0.025840 -0.028419 -0.026865 -0.022174 -0.012549 0.000000 0.005836 0.035756 0.099610 0.127367 0.041871 0.141580 0.491630 0.528911 0.727221 -1.020892 -2.004119 -1.792153 -1.063282 -0.050569 -0.027216 -0.025336 -0.016030 -0.001376 0.001332 0.008474 0.021591 0.035616 0.028806 0.026389 0.005079 0.022766 0.087472 0.613139 0.597273 0.840941
0.233556 0.174325 0.082595 -0.008329 -0.000007 0.007950 0.020060 0.011874 0.001753 0.045311 0.042051 0.027348 -0.001431 -0.000900 0.001258 0.095397 0.241426 -0.006160 -0.021237 -0.016916 -0.196713 -0.156116 -0.190664 -0.186729 -0.066551 -0.028234 -0.009130 -0.000244 0.005092 0.016781 0.015194 0.002699 0.009072 0.030325 0.006142 0.131706 0.104591 0.021445 0.002761 -0.020887 -0.090809 -0.099446 -0.082616 -0.008142 -0.001535 -0.001796 0.000000 0.010960 0.023514 0.034612 0.034192 0.038458 0.037086 0.069037 0.043109 0.049734 0.347059 0.201088 0.277101
0.126214 0.085292 0.068137 -0.007231 -0.000000 0.007213 0.026613 0.358978 0.285503 0.263768 0.320972 0.156609 0.136879 0.080702 -0.000122 0.000848 0.138264 0.002586 -0.112092 -0.158804 -0.040558 -0.061464 -0.070164 -0.124037 -0.046055 -0.106151 -0.024261 -0.000008 0.000876 0.009120 0.038045 0.018377 0.007003 0.018732 0.653456 0.463923 0.190604 -0.000202 -0.000008 0.000661 -0.009056 -0.026188 -0.071556 -0.008649 -0.002503 -0.003953 0.000000 0.007433 0.039883 0.037670 0.044124 0.025824 0.066014 0.024286 0.145460 0.591859 0.062440 0.044267 0.167204
0.164857 0.135028 -0.047119 -0.000994 0.000712 0.231395 0.249909 0.445861 0.306341 0.168103 0.168527 0.149787 0.113885 0.070931 -0.000265 0.000473 -0.020797 -0.122582 -0.053434 -0.018676 -0.050882 -0.058939 -0.496753 -0.166355 -0.039736 -0.002537 -0.004080 0.002260 0.176137 0.662527 0.102435 0.231380 0.179389 0.484387 0.287408 -0.042049 -0.010877 -0.000294 0.000537 0.009464 0.059614 -0.030517 -0.061405 -0.148553 -0.042549 -0.016588 0.000000 0.013599 0.031940 0.044545 0.051695 0.119632 0.049060 0.017668 0.219276 0.882001 0.768056 0.937889 1.163964
0.441427 0.197058 0.003440 -0.000018 0.019466 0.005756 0.027107 0.084493 0.050850 0.000000 0.070118 0.079952 0.086143 0.089369 0.077053 0.025308 -0.079196 -0.048465 -0.096859 -0.086445 -0.040051 -0.056966 -0.446623 -0.135001 -0.026511 -0.000671 -0.000017 0.023156 0.138947 0.088130 0.071678 0.196365 0.160081 0.453037 0.337157 -0.011669 -0.001316 -0.000210 0.001569 0.017162 0.086069 -0.018507 -0.044589 -0.141090 -0.030256 -0.012686 0.000000 0.015629 0.034711 0.054102 0.257601 0.166885 0.900433 1.605218 1.021874 1.640798 1.811296 1.836976 1.550766
0.192937 0.131209 -0.011693 -0.000396 0.000211 0.060020 0.759174 0.279636 0.301967 0.182724 0.077154 0.052895 0.046957 0.046365 0.034104 0.122598 -0.021590 -0.699837 -0.228207 -0.063929 -0.029525 -0.057561 -0.507192 -0.147043 -0.061381 -0.036195 -0.000446 0.000247 -0.002293 0.000056 0.002488 0.018549 0.077732 0.016086 -0.025207 -0.022927 -0.001390 0.001009 0.001548 0.006012 0.003437 -0.050239 -0.112864 -0.266654 -0.009254 -0.000576 0.007454 0.020631 0.019649 0.245038 1.992209 1.577481 1.437077 1.278126 1.991939 2.618779 1.555193 1.327349 0.156072
-0.015152 -0.000440 -0.001848 -0.002188 0.000000 0.054266 0.053349 0.292043 0.278509 0.482129 0.796980 0.465409 0.288412 0.006938 0.011195 0.155485 0.298741 0.014119 -0.145406 -0.039295 -0.077527 -0.048633 -0.603104 -0.162243 -0.066885 -0.039864 -0.004956 0.000000 -0.000384 0.006312 0.010274 0.006171 0.002811 0.001164 0.002146 -0.000875 0.000755 0.001728 0.013524 0.009174 0.003543 0.166403 0.274060 0.239829 0.094508 0.062014 0.017548 0.044486 0.121404 0.472696 0.968128 0.461674 0.027611 0.011197 0.050744 0.145867 -0.121755 -0.228739 -0.011357
-0.017913 0.000000 0.002795 0.001993 0.121167 0.114855 0.111415 0.091355 0.029896 0.280639 0.761542 0.541307 0.440525 0.274746 0.346007 0.153618 0.144111 -0.056383 -0.265221 -0.146470 -0.069312 -0.093521 -0.028905 -0.046076 -0.031029 -0.017012 -0.010927 0.000011 0.007617 0.025299 0.013688 0.002529 0.000025 0.006240 0.018353 0.005592 0.004442 0.030890 0.023097 0.060806 0.046212 0.769949 1.042947 1.322486 1.215419 1.382431 1.242999 1.873766 3.492266 1.959002 1.504602 -0.195862 -0.044779 0.002455 0.069470 0.118686 0.048393 -0.241510 -0.044974
-0.008516 -0.000265 0.000487 0.084751 0.141045 0.307083 0.264332 0.053123 0.000000 0.008697 0.018597 0.222177 0.221328 1.257810 1.202226 1.116634 0.666691 0.576190 0.420652 -0.081085 -0.066250 -0.155856 -0.065711 -0.022684 -0.020968 -0.013365 -0.000331 0.000394 0.019543 0.096255 -0.000116 0.000049 0.000842 0.006905 0.028509 0.009992 0.005252 0.001808 0.033336 0.299115 0.269518 0.503237 0.449760 0.370373 0.035725 0.029126 0.012225 0.015491 0.009897 0.000845 -0.024782 -0.027934 0.006431 0.017370 0.110247 0.130711 0.072883 -0.134382 -0.080970
-0.305677 -0.057253 0.000451 -0.012179 -0.003842 0.015441 -0.106723 -0.004850 0.000000 0.008246 0.040460 1.083345 0.954171 1.080765 2.012845 1.629096 1.503353 0.679920 -0.507405 -0.381795 -0.161491 -0.019576 -0.012503 -0.009622 -0.007531 -0.000554 -0.000247 0.000569 -0.071697 -0.018968 -0.000172 0.000343 0.028235 0.054252 0.017389 0.006404 0.003290 0.000095 0.002184 0.302457 0.370844 0.401769 0.044340 -0.261902 -0.031262 -0.008060 -0.000459 0.001141 0.000420 0.006974 0.020521 0.033161 0.102349 0.054536 0.060654 0.055834 0.033235 -0.011086 -0.093410
0.069039 0.002857 0.005817 0.072933 0.057050 -0.009120 -0.171275 -0.082356 0.000000 0.006081 0.074302 1.070000 0.634752 0.606741 0.413334 0.513617 1.193887 0.580616 0.062332 -0.032843 -0.028519 -0.033311 -0.020900 -0.019742 -0.008204 -0.000323 -0.000036 0.000321 -0.085026 -0.005878 0.000000 0.005878 0.014945 0.060202 0.101180 0.047262 0.109195 0.040470 0.293145 0.643509 1.320856 0.713398 -0.016978 0.000042 -0.006830 -0.057414 -0.022698 -0.000798 0.000102 0.010052 0.029396 0.041362 -0.181171 -0.059596 0.012742 -0.000002 0.005218 0.022198 -0.001143
0.080394 0.087339 0.079068 0.548268 0.603771 0.432532 0.468658 0.175277 0.142474 0.212769 0.267556 0.416890 0.563451 0.397880 -0.012831 0.000282 0.230329 0.086083 -0.132104 -0.031375 -0.029331 -0.011098 -0.036544 -0.013276 -0.009909 -0.000341 -0.000010 0.000339 -0.080140 -0.005878 0.000000 0.005878 0.019696 0.023334 0.074266 0.035005 0.219042 0.470896 0.516770 0.590576 0.424852 -0.014741 -0.000000 0.000477 0.000643 -0.003165 -0.035715 -0.012166 0.000000 0.028636 0.051900 0.081555 0.482483 0.198281 -0.007755 -0.000140 0.000135 0.000954 0.000300
0.052242 0.057778 0.039665 0.071234 0.081604 0.099110 0.065528 -0.000182 0.002577 0.087177 0.129434 0.055790 0.022903 0.015476 0.008270 0.005209 0.094321 0.013130 -0.416372 -0.065176 -0.027972 -0.003503 -0.006744 -0.017288 -0.023186 -0.015714 -0.000001 0.000907 -0.005174 -0.000211 -0.000090 0.000284 0.013727 0.032372 0.079854 0.038865 0.184482 0.467421 0.240265 -0.007838 -0.066103 -0.018370 -0.000003 0.005982 0.029858 0.002875 0.000580 0.003394 0.031076 0.021309 0.077086 0.071354 0.378004 0.086549 -0.004074 -0.000420 0.000045 -0.000184 -0.000182
0.023208 0.055128 0.414862 0.108561 -0.027158 -0.021158 -0.001866 0.000164 0.024945 0.041591 0.052447 0.076480 0.018738 0.005093 0.000132 0.009223 0.324131 -0.028940 -0.501546 -0.028638 -0.005633 -0.009263 -0.026007 -0.098352 -0.052420 -0.011974 -0.000000 0.020191 0.000211 -0.006084 -0.023865 -0.036513 0.000641 0.021622 0.037430 0.060003 0.008714 0.002868 -0.150054 -0.158227 -0.101216 -0.049809 -0.000208 0.000326 0.001108 0.001499 0.000741 0.019890 0.057370 0.023916 0.029051 0.052893 0.058325 0.054855 -0.058106 -0.009351 -0.001983 -0.001321 -0.000554
0.016301 0.064140 0.414632 0.132641 0.001313 -0.071628 -0.023693 -0.000034 0.000500 0.000426 0.011270 0.026484 0.019967 0.002099 0.001665 0.045517 0.886675 0.374490 -0.010043 -0.020011 -0.003146 -0.006781 -0.045310 -0.095013 -0.051128 -0.017643 -0.000000 0.028588 0.753734 -0.087362 -0.043455 -0.035597 -0.027253 0.000070 0.006083 0.002270 0.000505 -0.000234 -0.202163 -0.133660 -0.125132 -0.076603 -0.001376 -0.005780 -0.013555 -0.000752 -0.001162 0.000717 0.000845 0.010242 0.030895 0.059267 0.114719 0.313686 -0.565332 -0.101745 -0.039345 -0.001596 -0.001871
