use_cases/Flooding_chicago/flooding_data/output/hUx_1740.asc
ncols 337
nrows 393
xllcorner 428428.000000
yllcorner 4602440.000000
cellsize 26.757400
NODATA_value -9999.000000
[rows 182 to 207 of 393, columns 177 to 235 of 337]
0.057685 0.058399 0.101689 0.345329 0.424346 0.174098 0.478140 0.527684 0.427157 0.333183 -0.093376 -0.115012 -0.000136 0.000131 0.006706 0.023190 0.620714 0.821098 1.211233 1.048250 0.885216 0.315296 0.001289 -0.000646 -0.125294 -0.054062 -0.008936 -0.000632 0.000651 0.001444 0.000075 0.020731 0.063362 0.354614 0.211657 0.175820 -0.103744 0.000583 0.004503 0.001058 0.007457 0.009313 0.008077 0.003304 0.001338 0.001915 0.001967 0.006064 0.008758 1.202717 2.647264 2.076511 1.014386 0.562830 -0.000146 0.000091 -0.431832 -0.456588 -0.052331
0.043173 0.038299 0.157367 0.391667 0.253620 0.154944 0.478659 0.625593 0.863428 1.275518 0.522265 0.063250 0.078812 0.050236 0.096597 0.701120 0.553708 0.625969 0.445072 -0.154828 -0.030588 -0.008711 0.000010 -0.012778 0.022486 -0.000737 -0.000763 0.000019 0.005196 0.005375 0.007261 0.004550 0.030421 0.085680 -0.095705 -0.012129 -0.000058 0.000592 0.013195 0.014427 0.003890 0.003748 0.002895 0.017386 0.124237 0.172963 0.412433 0.503958 1.331816 2.568246 1.410050 -0.069182 -0.444813 -0.203552 -0.001151 0.000095 0.006603 0.020337 0.001947
0.108634 0.259259 0.110521 0.049995 0.085501 -0.219289 -0.351713 -0.467616 -0.251889 -0.007753 -0.000083 0.000067 0.009462 0.096688 0.188924 0.288305 0.119667 -0.071691 -0.439366 -0.030833 -0.009457 -0.000158 0.000368 0.009389 0.158346 -0.000687 0.000144 0.000760 0.030641 0.231709 0.000488 0.003117 0.005017 0.069200 -0.004488 -0.000360 0.000360 0.006387 0.032872 0.051419 0.011768 0.012741 0.005930 0.179110 1.536776 2.927557 2.741359 2.979481 2.389432 2.096703 0.614409 -0.443342 -0.328489 -0.272273 -0.016738 -0.000685 0.000283 0.000368 0.001200
0.019612 0.037265 0.003589 0.009871 0.009024 -0.496265 -0.973456 -1.408185 -0.048357 -0.006353 -0.000464 0.000067 0.008073 0.021641 0.113557 0.013944 -0.004779 -0.008230 -0.050032 -0.018372 -0.001297 0.000407 0.001620 0.006131 0.175468 -0.000930 0.000741 0.026076 0.076030 0.239359 0.138629 0.303810 0.201344 0.085903 -0.016142 -0.000360 0.000360 0.018252 0.035894 0.062730 0.061495 0.413825 1.203305 1.568289 1.689486 1.966756 1.281076 -0.000056 0.000066 -0.375283 -0.587247 -0.744754 -1.030117 -0.416036 -0.044016 -0.014373 0.000000 0.008587 0.019647
0.009420 0.032890 0.003194 0.001773 0.032231 0.318383 -0.910849 -1.603371 -1.252021 -0.016983 -0.005350 0.000000 0.012122 0.031875 0.035934 0.000265 -0.008230 -0.013167 -0.025616 -0.026056 -0.002819 0.001921 0.004322 0.028870 0.125558 -0.000847 0.000043 0.022139 0.027931 0.003206 0.208502 0.247978 0.363909 0.480901 0.477434 -0.000301 0.000015 0.001609 0.010497 0.042379 0.743363 0.815066 0.967141 1.099151 1.210831 -0.086514 -0.008234 -0.000092 0.000301 0.011707 0.052026 -0.507387 -1.044210 -1.120046 -0.097227 -0.005670 0.000000 0.005878 0.013997
0.079651 0.022509 0.007264 0.004181 0.011789 0.036813 0.006804 -0.104553 -0.721368 -0.071742 -0.011429 -0.000066 0.000558 0.010495 0.021976 0.014679 -0.004181 -0.050485 -0.012344 -0.005419 -0.002980 0.006020 0.007366 0.027166 -0.004710 -0.039094 -0.011295 -0.000416 0.005869 0.027505 0.083718 0.000050 0.002098 0.002609 0.456620 0.362413 0.150616 0.047497 0.045307 0.471976 0.269488 0.149995 0.287604 0.110441 -0.021881 -0.014734 -0.007170 0.000000 0.005878 0.028576 0.095867 -0.559469 -1.291886 -2.379810 -1.827444 -0.009977 0.000000 0.005878 0.026207
0.003905 0.002686 0.001627 0.012754 0.023233 0.069522 0.032365 -0.239909 -0.438231 -1.064042 -0.035126 -0.004386 -0.000889 -0.000666 0.000198 0.007987 0.037732 0.037349 -0.001335 -0.003035 0.000100 0.002942 0.006573 0.019024 -0.021136 -0.042264 -0.023550 -0.010133 0.000000 0.013250 0.016742 0.002058 0.001700 0.002480 0.018278 0.366210 0.338152 0.255242 0.074813 0.123177 -0.031930 -0.027767 -0.043457 -0.169744 -0.023292 -0.019142 -0.007126 0.000000 0.005878 0.012455 0.018929 0.223390 0.626940 -0.756610 -0.186463 -0.080777 -0.000733 0.001188 0.002381
0.004761 0.004387 0.002379 0.009463 0.015395 0.091148 0.046173 -0.088637 -0.165822 -0.298048 -0.074777 -0.033227 -0.024019 -0.002648 -0.003639 0.000005 -0.002018 -0.000391 0.000093 0.000088 -0.000304 0.000011 0.009301 -0.050496 -0.109173 -0.109070 -0.015685 -0.007803 0.000000 0.002964 0.000456 0.000018 0.012883 0.030627 0.042012 0.043840 0.190689 0.131619 0.277155 0.357992 0.378859 0.292809 0.365593 0.010624 -0.449084 -0.001384 -0.000506 0.000116 0.000482 0.009531 0.032975 0.536069 1.588078 1.295459 0.702671 -0.208019 -0.061537 -0.001647 0.001681
0.001554 0.001660 0.015074 0.027585 0.123282 0.060322 0.040842 -0.230033 -0.294613 -0.569615 -1.170678 -0.100693 -0.032061 -0.025001 -0.000509 0.000142 -0.033971 -0.007506 -0.000516 0.000060 0.000377 0.000674 0.025602 0.462022 0.634744 0.125708 0.044993 -0.062448 -0.026211 -0.001516 -0.000077 0.000260 0.025122 0.046996 0.063741 0.080061 0.165564 0.085899 0.312077 0.591822 0.616064 0.638157 0.589341 0.252051 0.018939 0.000113 0.160256 0.659325 0.984283 1.597038 1.832896 1.449310 2.157943 1.376260 0.979869 -0.013226 -0.001428 -0.002486 0.003501
0.012886 0.005053 0.011683 0.115833 0.166132 0.092065 0.067159 0.649072 0.524317 0.368534 -0.029378 -0.177160 -0.123943 -0.046957 -0.017486 -0.000844 -0.001872 -0.010001 -0.005791 -0.000326 0.000208 0.006364 0.013230 0.430515 -0.126823 -0.379687 -0.544928 -0.075345 -0.051917 -0.017878 -0.000126 0.000138 0.020721 0.047838 0.062411 0.082911 0.143951 0.212823 0.164651 0.610686 0.709824 0.473130 0.302938 0.186653 0.269013 0.452602 1.133624 2.012410 2.062890 1.738263 1.729488 2.714278 2.072315 0.087206 -0.041568 -0.017390 -0.006909 0.000000 0.005878
0.017648 0.088540 0.224468 0.124761 0.197865 0.619888 0.397153 0.453584 0.180119 -0.189620 -0.078173 -0.078266 -0.070737 -0.033799 -0.002153 -0.000360 0.000457 -0.124997 -0.024988 -0.007224 0.000003 0.006034 0.013013 0.264427 -0.042230 -0.131024 -0.008327 -0.002402 -0.010924 -0.004023 -0.000346 0.000180 0.007843 0.017192 0.022136 0.029619 0.079638 0.616433 0.579029 0.450454 0.163140 0.388260 0.559739 0.233849 0.199185 0.405096 0.444803 0.470195 0.399024 0.157923 0.105354 0.211461 0.079166 -0.020362 -0.004166 -0.017723 -0.006069 0.000000 0.005878
0.017416 0.004921 0.004997 0.005969 0.175032 0.455866 0.422280 0.284106 0.110265 0.148346 -0.016349 -0.020374 -0.039367 -0.021903 -0.025669 -0.000020 -0.008064 -0.055069 -0.010041 -0.000266 -0.000006 0.000502 0.014454 0.174405 -0.074414 -0.007661 -0.000590 -0.002382 -0.003882 -0.016129 -0.007862 -0.000180 0.000346 0.004023 0.010536 0.010395 0.036792 0.533482 0.383117 0.265563 0.116558 0.295193 0.203205 -0.132809 -0.302236 -0.481643 -0.337151 -0.239363 -0.188966 -0.007300 0.005642 0.010971 0.008872 -0.002081 -0.002971 -0.003860 -0.002671 0.000000 0.022277
-0.005433 0.000000 0.018347 0.061077 0.161376 -0.042893 -0.290931 -0.305440 -0.612520 -0.791143 -0.100814 -0.045986 -0.014634 -0.023176 -0.014678 0.007865 0.017581 -0.154001 -0.010388 -0.000092 0.000091 0.012939 0.030823 0.356161 -0.201022 -0.008106 0.000000 0.007434 0.025363 -0.013756 -0.004761 -0.000105 0.000124 0.008748 0.015399 0.018698 0.043687 0.098658 0.016157 -0.086231 -0.026273 0.088120 0.042839 -0.067465 -0.412391 -0.722361 -0.856061 -0.970857 -1.020216 -0.924016 -0.637416 -0.194995 -0.002298 -0.001083 0.001228 0.754353 0.916386 1.301901 1.808738
-0.009215 -0.006382 0.004197 0.006148 0.004444 0.001560 0.002856 -0.011507 -0.092635 -0.297805 -0.059207 -0.009335 -0.022847 -0.024091 -0.018014 -0.000364 0.000421 0.032423 0.059247 0.034087 0.009042 0.037248 0.095277 0.087803 -0.080685 -0.010114 0.000000 0.009182 0.015229 -0.000136 -0.000257 -0.000102 0.000108 0.011309 0.029166 0.041935 0.053198 0.173162 0.056606 0.028361 -0.019681 -0.027345 -0.001469 -0.001145 -0.000132 -0.067586 -0.441069 -0.846428 -1.219283 -1.381984 -0.869770 -0.790252 -0.169342 0.101903 0.200404 1.480019 1.678606 2.152674 2.416857
-0.009656 -0.007082 0.000485 0.011915 0.004984 0.001352 0.010595 0.113857 0.066180 -0.003421 -0.031659 -0.008345 -0.000023 -0.006506 -0.009312 -0.000652 0.000969 0.094470 0.095653 0.062907 0.116254 0.174583 0.173452 0.064906 -0.054661 -0.005382 -0.000104 0.000230 0.005580 0.000831 -0.001262 -0.000002 0.000388 0.000684 0.008172 0.026701 0.026614 0.231439 -0.000015 0.026584 0.035710 0.135743 -0.002308 -0.001507 0.001595 0.002308 0.115429 -0.021843 -0.439054 -0.740552 -0.589370 -0.614924 -0.016996 0.406686 0.648529 2.024075 1.957853 1.623893 1.264953
-0.000492 0.000010 0.005374 0.056741 0.000861 0.000645 0.020398 0.157396 0.169359 -0.493216 -0.191950 -0.023542 -0.000878 -0.001059 -0.001164 0.000218 0.001688 0.008983 0.087172 0.040181 0.113103 0.152161 0.156993 0.232755 0.223387 -0.007556 -0.000517 -0.001249 0.001526 0.000858 -0.000222 0.000577 0.000951 0.000659 0.011576 0.031025 0.115187 0.095946 -0.000373 0.048263 0.129827 0.322899 0.328474 0.448487 0.522983 0.307743 0.285716 0.255395 0.742366 0.826815 0.758027 0.633017 0.990829 1.216129 1.556864 1.485943 1.234444 0.311701 -0.030555
-9999.000000 -0.001369 0.000105 0.000205 0.017315 0.043659 0.052649 0.117143 0.316083 0.382967 -0.130126 -0.021091 -0.011755 -0.000905 -0.000682 0.000375 0.000947 0.007931 0.052163 0.018162 0.067742 0.100694 0.108154 0.197035 0.123987 -0.027033 -0.008950 -0.000104 0.030815 0.089483 0.037111 0.000016 0.012028 0.041544 0.058102 0.093757 0.299186 0.142415 0.127643 0.405475 0.409489 0.634475 0.887752 1.086836 1.234880 1.393676 1.151537 1.383435 1.081189 1.592169 1.667623 1.431790 1.288722 1.030724 0.896596 0.505632 -1.151713 -0.017254 -0.000618
-9999.000000 -0.003093 -0.000511 0.000081 0.023203 0.051294 0.061628 0.138307 0.056510 0.021752 -0.027054 -0.039411 -0.007225 -0.000396 -0.000092 0.000368 0.000694 0.000915 0.005436 0.008670 0.011397 0.029152 0.044356 0.271323 0.453993 -0.050027 -0.010784 -0.000235 0.002496 0.032232 0.025945 0.006967 0.019818 0.036647 0.024771 0.014840 0.255487 0.252803 0.459207 0.593920 0.975610 1.101600 1.654070 1.474556 1.589270 1.931193 1.881474 1.908984 1.711615 1.733869 1.700585 1.782234 1.451694 0.975175 0.761698 0.520152 -0.404326 -0.014822 -0.000399
-9999.000000 -0.000764 -0.001118 0.000000 0.006850 0.015262 0.040247 0.137124 0.013780 -0.000922 0.000105 0.016080 0.029519 -0.000281 -0.000019 0.000280 0.000107 0.000022 0.001656 0.001413 0.002647 0.029137 0.043631 0.154649 0.170433 0.121208 -0.001151 -0.001772 -0.006164 0.002938 0.011036 0.004145 0.022423 0.066301 0.212898 0.187948 0.254327 0.672617 0.987589 1.038038 1.421830 1.531131 1.706938 1.821879 1.923858 1.976589 2.193039 2.240579 2.259010 2.144784 1.723910 1.635826 1.648157 0.976506 0.731299 0.503102 0.134926 -0.013345 -0.000176
-9999.000000 -9999.000000 -0.000568 0.000000 0.007521 0.023781 0.026308 0.070821 -0.064196 -0.013350 0.000010 0.024553 0.176116 0.056106 0.021372 0.030331 0.009859 -0.000619 -0.000373 0.000589 0.013916 0.032342 0.131030 0.174503 0.070714 0.024007 0.008762 0.001810 0.000535 0.006682 0.007660 -0.008719 -0.085881 0.076753 0.415852 0.794327 1.062326 2.041421 2.182624 2.050987 2.427711 2.326056 2.323320 2.294606 2.325026 2.352150 2.672202 2.704409 2.496748 2.090157 1.538521 1.464394 0.743914 0.168076 0.000656 -0.009738 0.005152 0.043374 0.050481
-9999.000000 -0.014956 -0.004742 0.000000 0.006743 0.005432 0.020303 0.113285 0.014913 -0.000743 0.000250 0.007762 0.012039 0.149158 0.084583 0.231017 0.341988 0.175531 0.045428 0.000037 0.014515 0.198236 0.111543 0.248996 0.237184 0.272736 0.128757 0.479341 0.207238 -0.118899 -0.031656 0.231948 0.517439 1.033048 1.393892 1.228507 1.427339 2.464356 2.515649 2.263237 2.561375 2.385373 1.827344 1.875356 1.596650 1.516848 1.438425 1.402926 1.170965 1.111380 1.007031 0.404691 -0.035440 -0.000521 0.000273 0.001002 0.000370 0.006332 0.153845
-9999.000000 -0.016327 -0.014302 -0.000479 0.000113 0.002880 0.018740 0.101838 -0.093021 -0.005450 0.000000 0.008176 0.013415 0.202694 0.000000 0.008104 0.122541 0.764308 0.589739 0.582539 0.545919 0.431386 0.213807 0.329135 0.253325 0.244724 1.377184 1.429516 2.582331 2.816330 2.796032 2.968034 3.115347 3.150237 3.144266 3.494859 3.033458 2.975661 2.711765 2.935197 2.434978 2.374907 1.584971 1.301583 1.354065 1.118692 1.117088 1.064869 0.803637 0.651490 0.243705 -0.340993 -0.008912 -0.001573 -0.000424 0.000955 0.000293 0.012749 0.023207
-9999.000000 -0.000013 0.020828 0.008914 -0.000568 0.001296 0.012551 0.277951 0.288728 -0.099600 0.000000 0.010989 0.164140 0.068303 0.000000 0.015835 0.046598 0.618603 0.523444 0.657522 0.692720 0.487629 0.541145 0.360283 1.567046 2.440370 2.260052 2.444307 3.831065 3.755995 3.481395 3.497115 3.513837 3.470064 3.413441 3.434101 3.667893 2.809495 2.444628 1.966907 1.896566 1.476973 0.928931 0.771503 0.961721 0.789076 0.707917 0.809995 0.513789 0.364256 0.193415 -0.018537 -0.009209 -0.001053 -0.000946 -0.000821 0.000000 0.006319 0.012926
-0.000771 -0.000308 0.000831 0.002370 -0.000355 0.000492 0.147248 0.121972 0.139364 0.099728 0.064054 0.149959 0.470921 0.079947 0.064445 0.025513 0.231208 0.358573 0.096889 -0.000263 0.000441 0.154162 0.477726 1.465487 1.278916 3.328812 2.246921 2.343611 2.101954 2.387716 2.040848 1.971871 1.935950 1.924068 2.003956 2.145536 2.222852 2.243416 1.211430 0.862715 0.794708 1.027200 0.536019 0.440674 0.320184 0.217281 0.147323 0.078997 -0.000218 0.000102 0.001033 -0.008657 -0.001047 -0.001185 -0.013798 -0.009440 -0.000072 0.000497 0.006812
-0.000474 -0.000295 0.000447 0.007728 0.005553 0.001558 0.136554 0.066744 -0.117256 0.000000 0.056233 0.184712 0.112692 0.577753 0.053018 0.054860 0.254115 0.150621 0.000000 0.001053 0.000917 0.049747 0.455069 0.544867 1.396947 1.521498 1.740144 0.860838 0.537055 0.259491 0.046730 0.051338 0.183106 0.237883 0.367145 0.474601 0.673489 0.337519 0.204844 0.093988 0.087693 0.116179 0.152863 0.095679 0.086262 0.063919 0.000540 -0.009698 -0.000208 0.000326 0.006630 0.084915 0.091077 -0.282835 -0.554599 -0.060750 -0.014960 0.000014 0.017908
-0.003355 -0.003090 0.002544 0.140506 0.177940 0.116554 -0.063451 -0.010807 -0.004209 0.000000 0.004212 0.007710 0.126225 0.074787 0.201478 0.403522 0.237188 0.101958 0.155847 0.133026 0.136031 0.248359 0.829282 1.017511 1.102263 1.066942 0.613306 0.005367 0.001425 -0.032557 -0.027455 -0.018286 -0.266272 -0.459025 -0.474151 -0.302128 -0.112512 -0.001047 0.001881 0.115007 0.177434 0.443618 0.329975 0.173763 0.184999 0.187029 0.180920 0.174991 -0.000003 0.005982 0.031722 0.038423 0.053350 0.049763 -0.110014 -0.048290 -0.003295 -0.000051 0.003125
