use_cases/Flooding_chicago/flooding_data/output/hUx_960.asc
ncols 337
nrows 393
xllcorner 428428.000000
yllcorner 4602440.000000
cellsize 26.757400
NODATA_value -9999.000000
[rows 156 to 181 of 393, columns 118 to 176 of 337]
0.000000 0.007961 0.039029 0.004150 0.015536 0.067753 0.068723 0.047936 0.050783 0.437978 0.835956 0.623530 0.000000 0.199162 0.540718 0.118100 0.008579 0.020524 0.007675 -0.037585 -0.070603 -0.046892 -0.017600 -0.008027 -0.000672 -0.000350 0.000607 0.009329 0.021135 0.024732 1.412873 1.197779 0.656410 0.474638 -0.083129 -0.009004 -0.000222 0.000222 0.043062 0.020824 -0.041323 0.129577 0.509324 0.499861 0.647282 0.644466 0.743938 0.635808 0.952741 0.725832 0.162580 0.053931 -0.047347 -0.000222 0.000222 0.003946 0.042111 0.014126 0.005618
0.004144 0.209081 0.734450 0.331753 0.231049 0.072596 0.072516 0.042962 0.565873 0.478579 0.206523 0.416931 0.378207 0.288003 0.049766 -0.158459 0.014333 0.163567 0.032797 -0.242497 -0.742205 -0.023861 -0.004362 -0.000808 -0.000363 0.000046 0.000360 0.010183 0.023371 1.255703 1.086954 1.008210 0.943973 0.801947 0.680879 0.143321 0.003126 0.002094 -0.000000 0.016710 0.111953 0.044078 0.054524 0.068624 0.055983 0.056037 0.040497 0.228804 0.259967 0.294821 -0.744987 -0.404133 -0.151061 -0.000849 -0.011536 -0.015367 -0.005996 0.018508 0.013299
0.002787 0.061891 0.028103 -0.085350 -0.005350 0.000000 0.004091 0.031620 0.324826 -0.000116 0.000086 0.001404 0.001525 0.167016 0.762255 -0.003636 -0.127847 -0.182593 -0.477216 -0.622894 -1.198732 -0.025240 -0.006816 -0.000021 0.007950 0.012619 0.000985 0.000746 -0.048342 -0.487685 -0.356479 -0.172190 -0.354569 -0.120386 -0.001949 -0.177017 -0.447957 -0.025128 -0.000010 0.012224 0.087720 0.006233 -0.011477 -0.019409 0.000000 0.093299 0.047128 -0.295345 -0.794370 -1.096324 -1.961742 -2.141037 -1.882517 -1.280685 -1.154989 -0.621226 -0.249972 -0.000013 0.052497
0.099030 0.350536 0.137143 0.100174 -0.000464 0.000067 0.012097 0.469149 0.428233 -0.000464 0.000159 0.002106 0.012418 0.019434 0.403506 0.202314 0.006245 -0.249135 -0.314398 -0.197461 -0.366324 -0.915992 -0.012546 -0.000114 0.000255 -0.003970 -0.006066 0.016031 0.708542 0.150397 -0.079188 -0.252867 -0.412833 -0.126075 0.019775 -0.024060 -0.117109 -0.005647 -0.057548 0.003861 -0.004301 -0.000117 0.000128 -0.000219 0.008527 0.011982 0.203703 0.079374 0.075360 0.116791 0.270067 0.471156 0.013766 0.152270 0.016506 -0.522382 -0.062369 -0.000162 0.002522
0.807946 0.648748 0.243305 0.207682 0.139768 0.369872 0.326866 0.254344 -0.000772 -0.000517 0.000607 0.021070 0.035555 0.028616 -0.242318 -0.622277 -0.510392 -0.894178 -0.504751 -0.083774 0.051064 -0.043981 -0.291649 -0.038791 -0.049514 -0.109454 -0.056772 0.053382 1.241347 0.511084 0.130031 -0.321443 -0.379781 -0.334411 -0.229938 -0.317092 -0.166136 -0.479559 -0.408729 -0.249551 -0.026476 -0.000293 0.000104 0.000239 0.000236 0.000292 0.021652 0.096312 0.058101 0.741318 2.183517 1.904611 0.349217 -0.005738 -0.043403 -0.029908 -0.033738 -0.001933 -0.001094
0.158427 0.295668 -0.000131 0.000136 0.041985 0.024248 0.008914 -0.601818 -0.030345 -0.001626 0.000962 0.001615 0.021072 0.069798 -0.158182 -0.313701 -0.415008 -0.527467 -0.223789 0.032114 -0.176574 -0.706573 -1.089381 -1.129972 -0.419415 -0.102100 -0.057840 0.040712 0.065023 0.112159 -0.282631 -0.717894 -0.689952 -0.406181 -0.160065 0.011614 0.101669 0.294224 0.150980 -0.824470 -0.024914 -0.006437 -0.000117 0.000075 0.000248 0.000793 0.024687 0.058007 0.092906 -0.006666 -0.001955 -0.000855 0.000171 0.000302 -0.028387 -0.042305 -0.094330 -0.026667 -0.006056
-0.117961 -0.006855 -0.000331 0.000393 0.007574 0.038228 0.013176 -0.488917 -0.025749 0.000000 0.003144 0.002133 0.014242 0.048471 0.587934 0.666455 0.862115 1.278903 1.158869 0.215208 0.039763 -0.007225 -0.001572 -0.004201 -0.014590 -0.026816 -0.021641 0.005523 0.027171 0.013626 0.004075 0.001277 0.023226 0.539180 0.649756 0.686232 -0.298253 -0.058207 -0.076857 -0.123540 -0.077050 -0.025870 -0.005716 0.000000 0.006570 0.022922 0.040400 0.117799 0.063880 -0.038218 -0.027851 -0.012129 -0.000003 0.011095 0.023214 -0.041937 -0.122382 -0.028037 -0.012536
-0.043014 -0.000554 -0.000247 0.000569 0.010857 0.044013 0.016239 0.148806 -0.003929 0.000000 0.009656 0.025122 0.039878 0.057517 0.385409 0.178911 -0.000380 -0.037295 -0.013254 -0.017806 -0.005328 -0.000241 0.000604 0.001199 -0.000927 -0.002134 -0.001167 0.007101 0.010399 0.006324 0.000116 0.020956 0.045196 -0.644603 -0.885495 -0.067932 -0.021651 -0.009454 -0.009866 -0.062152 -0.057301 -0.022527 -0.006081 0.000000 0.006318 0.019327 0.094787 0.115423 0.020421 -0.020634 -0.020415 -0.008486 -0.000120 0.001077 0.009419 0.055727 -0.036451 -0.037142 -0.009532
-0.019103 -0.000343 -0.000216 0.000125 0.000899 0.001021 0.000864 0.001342 0.000083 0.000204 0.000692 0.007110 0.023830 0.043545 0.097631 -0.225352 -0.737281 -0.029365 -0.023983 -0.010734 -0.000103 0.000103 0.009392 0.015827 -0.000770 -0.006969 -0.020076 -0.012494 0.013122 0.010616 0.002171 0.010079 0.030679 -0.191276 -0.326273 -0.099614 -0.014773 -0.004901 0.000005 -0.135714 -0.073993 -0.037072 -0.008262 0.000000 0.003663 0.038228 0.089410 0.033802 0.000089 -0.000517 -0.000039 0.000243 0.001404 0.015561 0.029189 0.097603 -0.001065 -0.050100 -0.021374
-0.000436 0.006328 0.000348 -0.013692 -0.009187 -0.000272 0.000431 0.009625 0.019451 0.013161 0.001087 0.020996 -0.029911 -0.219587 -0.746419 -0.996622 -2.064212 -0.010138 -0.007544 -0.003946 -0.000222 0.000222 -0.003315 -0.000345 0.000107 -0.009239 -0.032026 -0.038506 0.010799 0.027217 0.003682 0.001178 0.001061 -0.099086 -0.302782 -0.204913 -0.005685 -0.000326 0.000208 -0.016540 -0.055041 -0.104633 -0.049314 -0.002697 0.002309 0.028741 0.036110 -0.025946 -0.050886 -0.011989 -0.000000 0.006650 0.021331 0.040802 0.007634 0.196029 0.088446 -0.036684 -0.004728
0.011648 0.008234 -0.028175 -0.022886 -0.022325 -0.007712 0.000012 0.013002 0.024727 0.070903 0.150738 0.015809 -0.163562 -0.301357 -0.385781 -0.776815 -0.449258 -0.492692 -0.359069 -0.129825 -0.046366 -0.091210 -0.029212 -0.012670 -0.000130 0.000130 -0.061208 -0.059352 -0.041985 -0.001072 0.000070 0.008675 0.020166 -0.128263 -0.358236 -0.342215 -0.033531 -0.007002 0.000003 -0.024943 -0.010399 -0.069582 -0.046001 -0.000931 0.000470 0.010436 -0.004923 -0.042827 -0.045316 -0.018449 -0.000006 0.009544 0.037506 0.078448 0.553274 0.423242 0.206076 -0.021153 -0.005048
0.174587 0.338237 0.285495 0.230362 0.177194 -0.003556 -0.000113 0.000344 0.005078 0.011587 0.005291 -0.086457 -0.171017 -0.934262 -1.165049 -0.110371 -0.096975 -0.116711 -0.101236 -0.041582 -0.003454 -0.005820 -0.033789 -0.007238 -0.000360 0.000360 0.009061 -0.013558 -0.062142 -0.015034 -0.000416 0.000350 0.012515 -0.070529 -0.196079 -0.279937 -0.329551 -0.022878 -0.027958 -0.039826 -0.003208 -0.004412 -0.007292 -0.001084 -0.000589 -0.000006 -0.000382 -0.005560 -0.040146 -0.026253 -0.000103 0.001615 0.035223 0.104499 -0.280979 -0.255938 -0.046849 -0.039223 -0.030860
0.083519 0.067715 0.536248 0.520362 0.624994 0.118589 -0.006762 -0.000614 0.000141 0.003306 0.002466 -0.246715 -0.477420 -4.065698 -0.267164 -0.111796 -0.045214 -0.060707 -0.160579 -0.164854 -0.015698 -0.003224 -0.014757 -0.009515 -0.000360 0.000360 0.013579 -0.091720 -0.255099 -0.025013 -0.000906 0.000620 0.012351 0.051410 -0.045456 -0.246230 -0.483666 -0.219443 -0.088831 -0.040096 -0.021875 -0.006822 -0.020252 -0.010192 -0.000572 -0.000326 0.000046 0.000364 0.001262 0.000669 0.000797 0.003970 0.026868 0.044280 0.130058 -0.133203 -0.097636 -0.041156 -0.021530
0.253649 0.337498 0.036048 -0.037294 0.082816 0.162234 0.226357 -0.010848 -0.055693 -0.635217 -0.745528 -1.891779 -2.652335 -0.841902 -0.291204 -0.323903 -0.278824 -0.078617 -0.099297 -0.657826 -0.010192 -0.002463 -0.003889 -0.000381 0.000565 0.000010 0.014176 0.023698 -0.102714 -0.016550 -0.000898 0.000248 0.024100 0.107703 0.047018 -0.180085 -0.437188 -0.329485 -0.155632 -0.104614 -0.083226 -0.060315 -0.036320 -0.024405 -0.006229 -0.000000 0.000334 0.000306 0.000845 0.000838 0.000533 0.016969 0.026260 0.046228 0.104006 -0.090176 -0.084144 -0.023410 -0.017922
0.166535 -0.633025 -0.970312 -0.881326 -0.884166 -0.719410 -0.619592 -0.544981 -1.218632 -0.940960 -0.946325 -0.464045 0.034290 -0.165244 -0.196391 -0.298604 -0.372478 -0.352171 -0.111743 -0.589387 -0.559975 -0.025837 -0.010310 -0.000012 0.029939 0.028764 0.391758 0.308175 0.084955 -0.436455 -0.030088 0.000000 0.023510 0.066680 0.016074 -0.005428 -0.062320 -0.281800 -0.267518 -0.185886 -0.148269 -0.117812 -0.079609 -0.042183 -0.008320 -0.000008 0.000580 0.000603 0.000646 0.000009 0.011411 0.020803 0.028003 0.084211 0.119142 0.011612 -0.168563 -0.022911 -0.025405
0.059758 -0.955940 -1.176320 -1.210264 -1.433567 -1.531474 -1.610888 -1.570840 -1.954900 -0.916635 -0.817137 -0.691931 -0.120929 -0.035871 -0.024049 -0.029579 -0.022736 -0.019992 -0.080667 -0.135979 -0.967200 -0.281088 -0.099610 -0.036838 -0.000001 0.084522 0.364403 0.282107 0.179331 -0.035677 -0.007491 0.000004 0.010277 0.034110 0.096134 0.023294 -0.001774 -0.024008 -0.154103 -0.234084 -0.191195 -0.169027 -0.132443 -0.092466 -0.029759 -0.000422 -0.000101 0.000079 0.000287 0.000387 0.007538 0.009626 0.013845 0.079329 0.161848 0.106915 -0.071211 -0.027570 -0.009131
0.745184 0.843612 1.229235 0.980965 0.001158 -0.160987 -0.454173 -0.361030 -0.154961 -0.070577 -0.222794 -0.368673 -0.136899 -0.022734 -0.010584 -0.000388 -0.000372 0.000145 0.000492 0.000861 -0.433138 -0.665379 -0.022331 -0.002315 -0.000043 0.002023 -0.073752 -0.220097 -0.055025 -0.006608 -0.000323 0.000216 0.010752 0.037580 0.091272 -0.008082 -0.004899 -0.001753 -0.003909 -0.032175 -0.043675 -0.020514 -0.011516 -0.075869 -0.079897 -0.036247 -0.000473 -0.000974 -0.001222 0.003164 0.002607 0.035947 0.178941 0.060745 0.028101 -0.015838 -0.092820 -0.029358 -0.015096
-0.761115 -0.445560 -0.026678 -0.003872 0.000003 0.006460 0.114406 0.008560 -0.005551 0.000007 0.008898 -0.352194 -0.318342 -0.023285 -0.011108 -0.000609 -0.000540 0.000540 0.000609 0.193463 0.819324 -0.122409 -0.037013 -0.024084 -0.000049 0.014160 0.018268 -0.119325 -0.090795 -0.013138 -0.000965 0.000392 0.007144 0.030965 0.035260 -0.077777 -0.046126 -0.009914 -0.000711 -0.001649 -0.020087 -0.009221 -0.001974 -0.004601 -0.008034 -0.012814 -0.005691 -0.005377 -0.001073 0.001361 0.033225 0.074779 0.030057 0.024522 0.002485 -0.011732 -0.073980 -0.031808 -0.022991
-0.520833 -0.045833 -0.020339 -0.000222 0.000222 0.003946 0.074791 -0.000417 -0.000084 0.000241 0.008598 -0.215631 -0.327000 -0.044308 -0.033174 -0.008421 -0.000369 0.000369 0.018221 -0.145104 -0.217500 -0.047513 -0.036070 -0.003545 -0.000632 0.000340 -0.024425 -0.129634 -0.111262 -0.002980 -0.004240 -0.000269 0.001180 0.013139 0.027667 -0.011068 -0.008619 -0.000652 -0.001552 -0.001397 -0.001102 -0.001747 -0.002433 -0.006157 -0.013418 -0.018934 -0.015357 -0.011126 -0.000837 0.000898 0.025238 0.065205 0.011687 0.002043 0.000693 0.008458 0.029497 0.000177 -0.083297
-0.104659 -0.027184 -0.016317 -0.001821 0.001811 0.052022 0.109937 -0.006032 0.000000 0.001077 0.001283 0.001309 0.006333 -0.032944 -0.019361 -0.005315 -0.000429 -0.000653 -0.002279 -0.132608 -0.077787 -0.044591 -0.041277 -0.038301 -0.009590 -0.000000 0.006388 0.010630 -0.065721 -0.004499 -0.009922 -0.011425 -0.002358 -0.001038 -0.002842 -0.018906 -0.008301 -0.000896 -0.002717 -0.000872 -0.000808 -0.000804 -0.001306 -0.002015 -0.002281 0.000000 -0.000026 -0.000989 -0.000401 0.000412 0.005185 0.001224 -0.000979 -0.000015 0.001118 0.011551 0.018503 0.004368 -0.028842
-0.053509 -0.055759 -0.032356 -0.001751 0.001700 -0.022675 -0.040524 -0.001647 -0.000482 0.001253 0.002380 0.199879 0.083020 -0.044455 -0.043872 -0.045474 -0.051784 -0.063639 -0.036492 -0.006693 -0.036581 -0.019892 -0.004314 -0.013351 -0.007726 -0.000000 0.009433 0.018325 -0.126384 -0.187622 -0.009938 -0.020750 -0.011527 -0.014727 -0.037984 -0.017378 -0.008261 0.000000 -0.002205 -0.000733 -0.000114 0.000623 0.000327 -0.000782 -0.001562 -0.000664 0.000030 0.004856 0.001664 -0.001619 -0.008636 -0.030034 -0.010957 0.000000 0.013696 0.026370 0.025476 0.023685 0.093627
-0.039947 -0.036932 -0.011231 -0.000479 0.000420 0.023577 -0.080815 -0.000069 -0.217241 -0.249183 -0.469746 -0.573934 -0.677615 -0.448727 -0.599895 -0.135103 -0.090338 -0.045055 -0.012715 -0.000475 -0.056424 -0.086540 -0.041247 -0.012976 -0.013087 -0.000000 0.007524 0.024793 0.328790 -0.033814 -0.067625 -0.039500 -0.021684 -0.032459 -0.071539 -0.030332 -0.012008 0.000000 0.000813 0.000328 0.000559 0.000601 0.000585 0.000389 0.000459 0.001058 0.000001 0.029910 0.207606 -0.047220 -0.046926 -0.026316 -0.004433 -0.000440 0.004773 0.028832 0.029849 0.031149 0.139601
0.036718 -0.051482 -0.017403 -0.001112 0.000823 0.033016 -0.258036 -0.459529 -0.425627 -0.488398 -0.438419 -0.437655 -0.528753 -0.418496 -0.718622 -0.204487 -0.079663 -0.040636 -0.019610 -0.008124 -0.016594 -0.041413 -0.029140 -0.084422 -0.021118 -0.000004 0.013098 0.027090 0.020055 0.085496 -0.044461 -0.082429 -0.008656 -0.017449 -0.059500 -0.022463 -0.000827 0.000209 0.001269 0.000612 0.000369 0.008086 0.009153 0.734241 0.817349 0.889916 0.617696 0.446634 0.508265 0.130559 -0.271233 -0.027795 -0.017604 -0.000030 0.023722 0.055915 0.110945 0.184118 0.218878
0.049988 -0.058372 -0.017960 -0.000867 0.000223 0.000421 -0.353452 -0.394570 -0.452475 -0.316464 -0.150650 0.082115 0.008339 -0.374105 -1.007838 -0.133414 -0.022276 -0.037027 -0.028042 -0.010445 -0.003605 -0.013974 -0.048254 -0.025021 -0.023213 -0.000172 0.000488 0.017446 0.635123 0.276228 -0.454988 -0.044774 -0.000745 -0.000642 -0.001041 -0.000163 0.001217 0.015232 0.094695 0.022543 0.363206 0.500469 0.678554 0.714216 0.011691 0.307397 0.191565 -0.083733 -0.235017 -0.355793 -0.473998 -0.074076 -0.019851 -0.000644 0.000636 0.010299 0.025276 0.041929 0.046241
0.035444 -0.038660 -0.019808 -0.006318 0.000000 0.008358 0.014790 0.367008 -0.012521 -0.126728 -0.105786 -0.080317 -0.557112 -0.063471 -0.232876 -0.376898 -0.197022 -0.004727 -0.015675 -0.034056 -0.030278 -0.026661 -0.021778 -0.023238 -0.008251 -0.000005 0.007542 0.016623 -0.587255 -0.255256 -0.509613 -0.021626 -0.008059 -0.000473 0.000270 0.004805 0.003304 0.015187 0.227314 0.445397 0.274743 0.160068 -0.029527 -0.000209 0.000206 0.013959 0.096389 0.156966 0.090479 0.278677 0.312211 -0.069884 -0.027127 -0.001929 0.001012 0.002018 0.016204 0.056985 0.011412
-0.167387 -0.406578 -0.013286 -0.003663 0.000000 0.005378 0.017529 0.038776 0.686698 0.961805 1.054527 0.907855 0.672473 -0.003948 -0.018109 -0.063222 -0.126210 -0.200047 -0.294689 -0.054828 -0.045312 -0.035930 -0.011868 -0.001197 -0.000631 0.000290 0.005338 0.035766 -0.036762 -0.134006 -0.024285 -0.019182 -0.012543 -0.000965 0.000000 0.000965 0.019806 0.191569 0.089714 0.038721 0.015975 -0.036964 -0.013442 -0.000334 0.000673 -0.217524 -0.215235 -0.124851 -0.339314 -0.469343 -0.045551 -0.020679 -0.002842 -0.002795 0.002347 0.003452 0.031000 0.041148 0.010451
