use_cases/Flooding_chicago/flooding_data/output/hUx_2700.asc
ncols 337
nrows 393
xllcorner 428428.000000
yllcorner 4602440.000000
cellsize 26.757400
NODATA_value -9999.000000
[rows 260 to 285 of 393, columns 59 to 117 of 337]
-0.077551 -0.093685 -0.004553 -0.000225 0.026113 0.047590 0.014444 0.301380 0.386480 -0.021179 -0.005945 -0.000076 0.000233 -0.054381 -0.276585 -0.023288 -0.006475 -0.000382 -0.050569 -0.008653 -0.000059 0.000518 0.017404 0.027732 0.109727 0.042773 0.106244 0.523699 0.438482 0.961719 0.902898 1.462175 1.629425 1.702032 1.090715 0.794472 0.415307 -0.087403 -0.515631 -0.918290 -1.089880 -1.038030 -0.993476 -0.569331 -0.518597 -0.212261 -0.000214 0.054700 -0.032441 -0.129708 -0.001751 0.030270 -0.184618 -0.360296 -0.413874 -0.445025 -0.761919 -0.721239 -0.770832
-0.038265 -0.090294 -0.045591 -0.006573 -0.004979 -0.019228 -0.003848 -0.004576 -0.038226 -0.024509 -0.005982 0.000003 0.006651 0.030608 -0.057637 -0.008388 -0.002319 -0.002925 -0.006515 0.000543 0.000429 0.000347 0.008598 0.015266 0.022377 0.054693 0.133180 0.492811 0.424196 0.493599 1.339123 1.402982 1.745421 1.316932 1.023245 0.561635 -0.114945 -0.433944 -0.522887 -0.610407 -0.932047 -0.896902 -0.944564 -0.941212 -0.555841 -0.537674 -0.221141 -0.254471 -0.183140 -0.191520 -0.003031 0.043182 -0.102147 -0.162438 -0.180352 -0.204388 -0.261716 -0.356002 -0.237800
-0.060242 -0.126919 -0.057949 -0.028747 -0.044631 -0.078440 -0.033512 -0.010307 -0.031755 -0.018754 -0.000326 0.000208 0.009288 -0.008303 -0.043365 -0.001613 -0.001120 -0.000887 -0.000521 0.001020 0.000667 0.000503 0.000294 0.008598 0.015991 0.024241 0.973098 1.246475 0.551452 0.533601 1.274185 1.775155 1.691579 1.445253 0.795678 0.376529 -0.156376 -0.699667 -0.704343 -0.741936 -1.073164 -1.022730 -1.079368 -1.184366 -0.812580 -0.773993 -0.828699 -0.651764 -0.503317 -0.232883 -0.231247 -0.202400 -0.266339 -0.286227 -0.232480 -0.244205 -0.191870 -0.230956 -0.119631
-0.040154 0.000321 -0.004274 -0.018578 -0.076860 -0.054685 -0.017300 -0.026032 -0.010846 -0.020852 -0.014747 0.010541 0.208968 -0.152371 -0.240698 -0.331660 -0.018602 -0.008801 0.023656 0.024245 0.104267 0.123600 0.031949 0.010188 0.004860 0.040782 0.634253 0.928909 0.779348 1.579411 1.809525 1.934055 1.189279 0.880742 0.106164 0.016964 -0.002386 -0.206695 -0.671629 -0.731844 -1.171259 -1.244055 -1.463327 -1.561560 -1.432361 -1.247579 -1.095448 -0.974156 -1.010164 -0.670936 -0.592018 -0.537563 -0.483021 -0.569018 -0.498274 -0.512051 -0.570627 -0.435164 -0.484125
-0.132473 -0.009435 -0.000353 0.000099 0.006830 0.098334 -0.025086 -0.030530 -0.008231 -0.019440 -0.005198 0.019096 0.348327 0.256133 0.116656 -0.212905 -0.026284 0.003671 0.016306 0.011152 0.070325 0.140431 0.069773 0.012275 0.004237 0.919236 1.620385 1.135276 1.302927 1.522541 1.688828 1.392415 0.835946 0.456367 -0.132224 -0.194541 -0.002738 -0.005351 -0.211585 -0.767827 -0.806298 -0.824581 -0.810936 -1.142474 -1.283094 -0.801107 -0.707547 -0.640107 -0.745782 -0.536286 -0.501620 -0.196324 -0.210732 -0.122024 -0.099912 -0.116614 -0.176923 -0.246518 -0.236794
-0.126058 -0.014036 -0.006928 -0.000041 0.008840 0.018785 -0.005782 -0.000763 -0.000326 0.000611 0.004179 0.009617 0.102149 0.121890 0.085989 -0.038214 -0.106776 -0.008315 -0.000149 0.005883 0.016178 0.123802 0.295264 0.303327 0.957560 0.815784 0.887551 0.118301 0.108918 0.099225 0.162163 0.180113 0.142686 -0.075907 -0.360566 -0.512910 -0.504487 -0.001896 -0.000183 0.000160 0.100137 0.012300 -0.358066 -0.884582 -1.204882 -1.314720 -0.753360 -0.687927 -0.673860 -0.724493 -0.334254 -0.260077 -0.193732 -0.160198 -0.005248 -0.004774 -0.001281 0.000300 -0.003798
-0.153500 -0.015197 -0.008731 -0.000876 0.000478 0.009979 0.000143 -0.007826 -0.000073 0.005252 0.002287 -0.006022 -0.032917 -0.022139 -0.002133 -0.014060 -0.040575 -0.011350 -0.005411 0.000000 0.009001 0.015295 0.337740 1.330141 1.382386 0.843577 0.282138 -0.202889 -0.479598 -0.438835 -0.133706 0.033790 -0.043359 -0.000647 0.000489 -0.335018 -0.295133 -0.013937 -0.000222 0.000222 0.059473 0.029809 -0.051031 -0.343851 -0.873535 -1.149554 -0.991401 -0.946473 -0.974062 -1.030828 -0.929802 -0.667137 -0.494319 -0.236020 -0.005035 -0.001643 0.004167 0.005286 -0.002532
-0.099028 -0.312070 -0.046247 -0.002970 -0.000257 0.000848 0.000226 -0.001374 -0.001508 0.000250 0.001416 0.000842 0.002583 -0.037103 -0.026017 -0.038886 -0.080214 -0.010651 -0.000663 0.000046 0.000596 0.008968 0.330229 0.161662 0.520922 -0.000829 -0.246008 -0.872640 -0.927706 -1.131386 -0.771394 -0.676120 -0.601644 -0.230430 -0.000492 0.000931 -0.045878 -0.002034 -0.001166 0.000543 0.136019 0.099268 -0.060880 -0.219143 -0.721147 -0.780123 -0.823373 -1.203114 -1.169242 -1.235327 -1.170260 -1.121712 -0.877802 -0.363414 -0.117163 -0.105264 -0.089126 -0.051025 -0.053088
-0.008996 -0.045313 -0.042619 -0.006430 -0.007353 -0.000670 -0.000056 0.000810 0.000683 0.003454 0.004146 0.001420 0.022297 -0.011422 -0.045242 -0.053040 -0.101600 -0.007667 -0.000020 0.008095 0.017061 0.319831 0.320118 0.176957 -0.000102 0.000086 0.023469 -0.098915 -0.574265 -0.530650 -0.453414 -0.552762 -0.739400 -0.589851 -0.001012 0.000029 -0.066941 -0.101369 -0.000092 0.320424 0.323058 0.290235 0.000036 -0.170566 -0.214770 -0.501024 -0.614572 -0.635379 -0.808921 -0.969496 -1.151737 -0.898152 -0.955563 -0.631493 -0.556413 -0.449875 -0.339976 -0.253220 -0.183991
-0.000782 -0.037268 -0.047300 -0.021434 -0.001277 -0.000501 0.001139 0.000979 -0.000142 -0.002929 -0.000360 0.000360 0.010487 0.027331 -0.050103 -0.094605 -0.079274 -0.108986 -0.000000 0.025317 0.088155 0.320864 0.106072 0.032937 -0.000152 0.000305 0.011592 0.033089 0.183674 -0.414922 -0.554643 -0.568908 -1.124705 -1.198932 -0.426301 -0.156768 0.092139 0.309609 0.447951 0.439038 0.385522 -0.008594 0.000374 0.008520 0.123702 -0.269533 -0.596308 -0.703823 -0.861358 -1.039529 -1.362292 -1.350359 -1.055610 -0.634528 -0.574303 -0.519276 -0.465200 -0.476992 -0.326374
-0.009775 -0.013673 -0.060759 -0.023040 -0.001061 0.000879 0.009198 0.003040 -0.093390 -0.011947 -0.000360 0.000360 0.004302 0.003059 -0.039479 -0.036822 -0.026464 -0.006620 -0.073411 0.000000 0.007021 0.098028 0.002151 -0.006074 -0.000003 0.006204 0.020028 0.037950 1.081878 -0.088204 -0.597750 -0.634622 -1.062952 -1.199804 -0.552595 -0.400321 -0.178344 0.071090 0.227441 0.205818 -0.012470 -0.012285 0.012171 0.024972 0.166058 0.060604 -0.129724 -0.414061 -0.376722 -0.450091 -0.584156 -0.508419 -0.585155 -0.476043 -0.398202 -0.370094 -0.387287 -0.449806 -0.555102
-0.001201 -0.001994 -0.005268 -0.007973 -0.001021 0.000942 0.023516 0.060408 0.007425 -0.140442 -0.004636 -0.002066 0.002688 0.003191 0.150959 0.047778 -0.004391 -0.029993 -0.116764 0.000000 0.006119 0.011237 -0.024525 -0.000846 -0.000082 0.000802 0.014302 0.028353 1.081959 -0.279386 -1.408859 -1.543880 -1.611463 -2.561004 -1.838606 -0.696600 -0.478820 -0.261740 -0.160080 -0.011483 0.000000 0.022027 0.030110 0.038825 0.026843 0.027754 0.018337 0.205010 0.129009 0.021912 0.052081 -0.084678 0.019660 0.090250 0.106560 0.076032 -0.055690 -0.241268 -0.243175
0.001125 -0.001367 -0.004761 -0.006285 -0.000822 0.000788 0.017496 -0.009371 -0.034451 -0.132951 -0.003571 -0.000649 0.001986 0.001566 0.146954 0.097490 0.047600 0.079136 0.063293 0.057705 0.237101 0.054464 -0.058631 -0.001309 -0.000573 0.001420 0.008805 0.024078 0.032888 0.046875 -0.838651 -1.683932 -1.924055 -3.326652 -3.707339 -2.062380 -1.661913 -0.790799 -0.053626 0.000000 0.075516 0.060694 0.051691 0.047822 0.027484 0.012028 -0.000439 0.000347 -0.001656 0.027525 0.428302 0.437341 0.810105 0.314590 0.341229 -0.003815 -0.002750 0.016201 -0.151812
0.003260 0.001886 -0.000943 -0.002211 -0.000391 0.000384 0.012766 -0.012747 -0.036634 -0.132161 -0.002228 0.001179 0.071797 0.092234 0.177141 0.151094 0.038592 0.037710 0.061457 0.056488 0.725269 0.114643 -0.014293 -0.018582 -0.000447 0.000875 0.009066 0.018526 0.021911 0.032607 0.093021 0.210011 -0.616415 -0.992054 -1.534860 -1.859496 -1.749532 -0.915480 -0.113576 0.000000 0.149823 0.162301 0.150298 0.057810 0.033798 0.016434 -0.001073 0.000742 0.000904 0.151103 0.710865 0.421248 0.419393 0.477195 -0.001816 -0.004776 0.000000 0.101937 0.517704
0.002664 0.002187 0.000635 -0.000031 -0.000420 -0.000083 0.001006 -0.018939 -0.040160 -0.132881 -0.003098 -0.000201 0.002274 0.001728 -0.174998 -0.107571 -0.000534 0.000315 0.000578 0.090706 0.290041 -0.024898 -0.000240 -0.000112 0.001218 0.019072 0.038170 0.009430 0.022922 0.018558 0.084571 0.207889 0.047759 -0.462386 -0.888914 -1.115378 -1.758925 -1.616916 -0.685774 0.000000 0.035036 0.052257 0.072564 0.068339 0.040300 0.023090 -0.000439 0.000347 0.239687 0.887035 1.523041 0.880864 0.234659 -0.077729 -0.000472 0.000340 0.030096 0.029486 -0.057984
0.018077 0.068592 0.108553 -0.079630 -0.021634 -0.028094 -0.101362 -0.244448 -0.197785 -0.143407 -0.003643 -0.002155 0.002315 0.003323 0.001771 0.000389 0.000234 0.000679 0.006044 -0.004021 -0.082188 -0.003946 -0.000222 0.000222 0.011631 0.021370 0.031454 0.039672 0.035472 0.127874 0.061856 0.038093 0.036655 -0.000000 0.011493 -0.742498 -1.345923 -1.368246 -1.110907 -0.059543 0.024836 0.044877 0.049460 -0.001252 0.000235 0.001395 0.068178 0.107864 0.702082 0.828690 0.636169 -0.269641 -0.133404 -0.129870 -0.001290 0.000590 0.001200 0.027052 -0.071800
0.006186 0.009350 0.004337 -0.049546 -0.148268 -0.092519 -0.053307 -0.051236 -0.031461 -0.002234 -0.003277 -0.000378 0.002805 0.002378 -0.038669 -0.051460 -0.059743 0.003819 0.067325 0.042186 0.016538 -0.003723 -0.000205 0.000017 0.001035 0.062244 0.068997 0.117867 0.184873 0.326669 0.244181 0.150459 -0.045289 -0.000010 0.010344 0.153400 -0.559877 -0.569547 -0.514047 -0.080415 0.028333 0.008140 -0.002819 -0.003494 0.000835 0.003452 0.019408 0.026549 0.117751 0.128034 0.045773 0.035768 0.030788 -0.103099 -0.000890 0.000370 0.000877 0.012901 -0.007290
0.049638 0.068908 -0.017319 -0.069287 -0.168017 -0.061563 -0.022848 -0.024001 -0.011629 -0.001276 -0.001132 0.000311 0.001218 -0.226329 -0.062435 -0.078306 -0.083661 -0.026752 0.025101 0.044845 0.041398 0.052808 0.041992 0.024203 0.031544 0.017214 0.483679 0.046633 0.125687 0.336726 0.313310 0.206270 -0.043579 -0.000360 0.000360 0.014293 -0.484741 -1.226208 -1.485415 -0.640313 -0.320153 -0.129725 -0.004614 -0.006924 -0.005405 0.000007 -0.013622 0.007018 -0.013127 -0.060907 -0.008648 0.192186 0.224471 -0.038097 -0.000035 0.044793 0.058213 0.049551 -0.006206
0.069227 -0.164040 -0.311404 -0.328410 -0.069550 -0.117362 -0.033191 -0.002794 -0.000549 -0.000709 -0.000992 0.000891 0.001187 -0.285503 -0.055013 -0.000686 0.000064 -0.055193 -0.072838 -0.123736 -0.000128 0.000585 0.030794 0.041430 0.046027 0.021901 0.396162 0.047828 0.022062 0.015206 0.006458 0.002307 -0.000118 -0.000360 0.000360 0.012304 0.393109 -0.294300 -0.957752 -0.404643 -0.238984 -0.133387 -0.003053 -0.004366 -0.000352 0.000352 0.007112 0.413403 0.049075 -0.064500 -0.011204 0.021961 0.006871 0.008720 0.007863 0.008646 0.010890 0.000198 -0.017274
-0.025608 -0.239169 -0.300307 -0.305406 -0.026071 -0.026530 -0.018891 -0.040730 -0.060949 -0.147919 -0.041182 0.000064 -0.121270 -0.167978 -0.031552 -0.002004 -0.002433 -0.000459 0.000727 0.001247 0.002110 0.001617 0.013574 0.012374 0.000000 0.070542 0.148381 0.067644 0.026354 0.016785 0.006829 0.002397 0.000000 0.009352 0.022118 0.439059 0.065912 -0.272736 -0.710070 -0.502367 -0.421267 -0.141902 -0.157358 -0.009962 -0.000007 0.000559 0.001353 0.003680 -0.092744 -0.184544 -0.292203 -0.296823 -0.249869 -0.185768 -0.095534 -0.043431 -0.029781 -0.002974 -0.000555
-0.029787 -0.159139 -0.267435 -0.007337 -0.011566 -0.003607 0.001504 -0.230856 -0.112860 -0.225608 -0.072432 0.000003 -0.061581 -0.076449 -0.014201 -0.025266 -0.004830 -0.002597 0.002382 0.004986 0.003088 0.014613 0.018720 0.028987 0.028606 0.009990 0.021633 0.089394 0.146795 0.158033 0.054017 0.014338 0.000000 0.005271 0.327611 0.177846 0.264777 -0.250640 -1.532174 -1.421951 -0.904834 -0.805906 -0.389188 -0.110340 -0.000000 0.020860 0.039478 0.042854 0.066632 0.023156 0.020336 0.060321 -0.112806 -0.194414 -0.128315 -0.074906 -0.019867 -0.007813 -0.000396
0.356028 0.258208 -0.001413 -0.003252 -0.002253 0.001008 -0.258413 -0.336276 -0.392588 -0.066568 -0.137346 -0.188102 -0.177192 -0.603277 -0.351759 -0.045999 -0.005008 0.008499 0.014294 0.005463 0.047486 0.040917 0.029659 0.027970 0.020232 0.061472 0.083877 0.121816 0.142944 0.189444 0.266157 0.085164 -0.006330 -0.057843 0.004093 0.092046 0.069259 -0.037189 -0.409297 -1.109406 -1.140272 -1.154579 -0.702436 -0.324636 -0.106621 -0.144775 -0.073451 0.060548 0.230968 0.217825 0.169298 0.078590 -0.052320 -0.090779 -0.065586 -0.095892 -0.007255 0.003392 -0.000514
0.000907 0.184861 0.157288 0.040913 -0.057901 -0.151386 -0.198712 -0.222466 -0.072055 -0.089016 -0.144093 -0.169049 -0.172525 -0.226951 -0.023637 -0.009226 0.000017 0.000934 0.004107 0.005194 0.002314 0.015171 0.013662 0.011563 0.007748 0.032199 0.051622 0.013917 0.063845 0.138840 0.529265 0.378268 0.241879 0.303489 0.352745 0.324342 0.284817 0.147656 -0.017623 -0.563239 -0.854958 -1.221362 -1.107507 -0.811007 -0.373557 -0.246018 -0.099049 0.077213 0.132366 0.120680 0.084065 -0.081174 -0.546531 -0.403955 -0.303970 -0.059717 -0.028791 -0.016293 -0.095675
0.013526 0.373711 0.186633 -0.009624 -0.024128 -0.021781 -1.123175 -0.260001 -0.035909 -0.000396 0.000330 -0.071039 -0.140879 -0.019325 -0.011079 -0.000924 0.000371 0.000884 0.002412 0.002154 0.000667 0.003324 0.083409 0.081104 0.203203 0.002010 0.012921 0.007299 0.020660 0.040239 0.397325 0.245509 0.268109 0.326577 0.371174 0.342202 0.432487 0.224203 -0.031507 -0.012388 -0.030049 -0.073847 -0.468934 -0.552275 -0.390086 -0.289973 -0.175065 -0.083503 -0.017753 -0.068242 -0.103875 -0.048741 -0.254444 -0.353609 -0.311247 -0.087977 -0.119517 -0.170852 -0.405347
0.265472 0.210832 0.253490 0.033490 -0.088514 -0.345857 -1.072919 -0.507338 -0.004607 -0.000555 0.000401 -0.025530 -0.097196 -0.032134 -0.017697 -0.000950 0.000866 0.023215 0.039905 0.035267 0.000147 0.000184 0.000577 0.051476 0.274449 0.142548 0.053284 0.063127 0.026921 0.053488 0.112706 0.705936 0.720370 0.639035 0.558840 0.422045 0.223102 -0.140026 -0.251451 -0.031334 -0.005147 -0.006389 -0.034696 -0.071212 -0.161737 -0.125886 -0.080179 -0.030573 -0.042738 -0.112839 -0.147182 -0.139758 -0.137682 -0.300107 -0.314290 -0.267563 -0.117170 -0.153355 -0.149943
0.314513 0.128362 0.013670 -0.051759 -0.156623 -0.233986 -0.246741 -0.036272 -0.019577 -0.009983 0.000013 0.049193 -0.020808 -0.033307 -0.017514 -0.000831 0.000764 0.016045 0.040270 0.002156 -0.056390 -0.010221 -0.000003 0.007242 0.015577 0.225909 0.148123 0.082369 0.107455 0.057909 0.074623 0.040803 0.030240 -0.039214 -0.057936 0.092139 -0.033207 -0.275144 -0.469959 -0.236742 -0.055075 0.018488 0.032533 -0.049246 -0.088438 -0.076192 -0.073144 -0.055514 -0.054181 -0.105086 -0.110240 -0.099995 -0.119912 -0.227578 -0.278354 -0.320618 -0.153765 -0.183300 -0.101403
