use_cases/Flooding_chicago/flooding_data/output/hUx_1200.asc
ncols 337
nrows 393
xllcorner 428428.000000
yllcorner 4602440.000000
cellsize 26.757400
NODATA_value -9999.000000
[rows 78 to 103 of 393, columns 236 to 294 of 337]
0.000082 0.000213 0.000162 0.000485 -0.000028 0.007817 0.042118 0.004499 -0.000004 0.002248 0.000818 0.010469 0.034295 0.440099 0.266340 0.152481 -0.021837 -0.000000 0.023069 0.099291 0.004866 0.078993 0.060109 0.041098 0.074154 0.153279 0.371730 0.390104 0.529610 0.502095 0.310348 0.360793 0.175730 0.170755 -0.007215 -0.130654 -0.010672 -0.000000 0.008595 0.088424 0.068716 0.063294 0.001206 -0.011235 -0.043542 -0.027311 -0.034485 -0.008221 -0.000000 0.016328 0.042118 0.067162 0.078840 0.013534 0.003333 0.085234 -0.150989 -0.341264 -0.255460
-0.014366 -0.078214 -0.024910 -0.010223 -0.000730 0.000257 0.000061 -0.000240 -0.000083 0.000347 0.000602 0.000318 0.015268 0.331936 -0.077144 -0.295844 -0.050208 -0.000000 0.007802 0.022409 0.305092 0.580999 0.024201 0.009267 0.030153 0.051721 0.013273 -0.052280 -0.033643 -0.051113 0.000200 0.044771 -0.086536 -0.030161 0.040891 0.030641 -0.000837 0.000089 0.011203 0.053441 0.004085 -0.003205 -0.000937 -0.003891 -0.029386 -0.033271 -0.014758 -0.019635 -0.001316 0.001421 0.001283 0.020597 0.105807 0.250949 0.187772 0.806880 -0.063704 -0.407058 -0.385487
0.077250 0.169480 0.198695 -0.011136 -0.002002 -0.002964 -0.000068 0.000091 -0.000176 -0.000422 -0.000133 0.000149 0.011575 0.025998 0.032718 0.003027 -0.019838 -0.000001 0.005088 0.014269 0.021772 0.000318 -0.000085 0.000188 0.000547 0.000060 -0.000511 -0.000049 0.000164 0.000000 0.006067 0.025124 0.136378 0.055564 0.042662 0.024381 -0.000187 0.000088 0.021656 0.463414 -0.005491 -0.001683 -0.001267 -0.001817 -0.002572 -0.009173 -0.015270 -0.014016 -0.000492 0.000410 0.011946 0.022818 0.053449 0.015955 0.133876 0.098018 0.027089 0.003655 -0.000592
0.137199 0.101429 -0.070728 -0.382032 -0.022693 -0.011846 -0.001606 -0.000580 -0.000613 -0.000771 -0.000270 0.000473 0.014845 0.030404 0.022998 0.001984 -0.000041 -0.000106 0.000159 0.005756 0.014817 0.000757 -0.000642 -0.000124 0.000094 0.000399 -0.000068 -0.000124 -0.000101 0.000008 0.011336 0.021029 0.027894 0.158613 0.068012 0.026286 0.059791 -0.478472 -0.365839 -0.174475 -0.074601 -0.006846 -0.001212 -0.002954 -0.003555 -0.010372 -0.006047 0.006745 0.012630 0.004025 0.008548 0.031131 0.010063 0.010455 0.000786 -0.001832 -0.000474 0.000155 0.000277
0.004475 -0.153343 -0.437401 -0.040421 -0.051265 -0.031931 -0.006534 -0.000423 -0.000473 -0.000786 0.000014 0.000967 0.012620 0.027485 0.022886 0.002655 0.000185 -0.000165 0.000355 0.004028 0.006124 0.000851 -0.000615 -0.000375 -0.000219 0.000219 0.000375 -0.000086 -0.000180 0.000346 0.006539 0.024337 0.030724 0.006130 0.084697 0.009999 -0.405976 -0.451224 -0.530735 -0.646403 -0.439137 -0.196420 -0.017313 -0.008128 -0.000405 0.000097 0.009376 0.016125 0.013610 0.044399 0.087128 -0.058816 -0.282593 -0.028529 -0.003144 -0.007694 -0.002818 -0.000024 0.000305
-0.002296 -0.001287 -0.003886 -0.020438 -0.030237 -0.022630 -0.010838 -0.000540 -0.000823 -0.000813 0.000001 0.015689 0.010918 0.012298 0.004752 0.001442 0.000540 0.000511 0.009924 0.018996 0.023183 0.000128 -0.006601 -0.001431 -0.000392 -0.001215 -0.003727 -0.000346 0.000180 0.004043 0.002734 0.028702 0.063902 0.131591 -0.074153 -0.315164 -0.495924 -0.519017 -0.632818 -0.808260 -0.709395 -0.364697 -0.096713 -0.036227 -0.009239 -0.000820 0.000358 0.000767 0.021928 0.064151 0.447762 0.069823 -0.013704 -0.011971 -0.043077 -0.055229 -0.020508 -0.000871 -0.000001
0.001543 0.001645 -0.000001 -0.002760 -0.003785 -0.002697 -0.017963 -0.009642 -0.000404 -0.000442 -0.000278 0.000424 0.017182 0.040425 0.054322 0.012111 0.003112 0.001400 0.000599 0.009579 0.071750 -0.060442 -0.016605 -0.000083 0.008454 0.004472 -0.001356 -0.000066 0.000276 0.001317 0.008097 0.004669 0.011773 0.012114 0.934247 0.532538 0.180098 0.203054 0.075089 0.002857 -0.030805 -0.007528 -0.098501 -0.005080 -0.002964 -0.000664 0.000068 0.000708 0.011961 0.027403 0.457039 0.446195 0.438691 0.486872 -0.129843 -0.010735 -0.001617 -0.004067 0.000010
0.009804 0.022243 0.138693 0.005478 -0.289029 -0.269840 -0.023690 -0.008531 -0.001177 -0.013031 -0.006649 0.000008 0.009628 0.026466 0.051142 0.054858 0.071435 0.049376 0.006865 -0.062155 -0.163599 -0.120646 -0.039753 0.000000 0.050239 0.038915 -0.000074 0.000236 0.000081 0.000110 0.001772 0.001977 0.009283 0.055983 0.019676 0.095180 0.161628 0.377317 0.331915 0.278681 0.243354 -0.005215 -0.018980 -0.004135 -0.001528 0.000670 0.000374 0.000527 0.001214 0.131790 0.071344 -0.003828 -0.118627 -0.375063 -0.839703 -0.023143 -0.006698 -0.000360 0.000360
0.016467 0.044201 -0.083605 -0.186164 -0.208874 -0.206822 -0.320188 -0.001117 -0.002129 -0.019302 -0.006567 -0.000222 0.000486 0.001765 0.012662 0.019373 0.009327 0.055764 -0.049724 -0.114574 -0.103819 -0.015759 0.016916 0.000003 0.007693 0.119916 0.188513 0.103901 0.063402 0.091840 0.046497 0.011168 0.046769 0.036062 -0.253529 -0.398055 -0.264840 -0.161384 -0.126203 -0.201780 -0.150284 -0.231005 -0.019535 -0.001085 0.000122 0.000717 0.000324 0.000179 0.000323 0.177021 0.275765 0.118521 -0.071919 -0.397032 -0.116545 -0.025712 -0.006698 -0.000360 0.000360
0.001363 0.024079 -0.000166 0.123795 0.128907 0.070701 0.145346 0.166234 0.115225 -0.022254 -0.003733 -0.000146 -0.000019 0.000333 0.013467 0.047158 0.012334 0.010532 0.051823 0.068602 0.111269 0.066419 -0.000326 0.000208 0.011204 0.064896 0.160638 0.114204 0.100745 0.224687 0.272414 2.409218 0.837405 0.575847 0.241487 0.017721 0.043581 0.133792 0.135139 0.023727 -0.152566 -0.334519 -0.002757 -0.000698 0.000922 -0.142601 -0.186849 -0.199435 -0.120121 -0.032568 -0.016614 -0.138326 -0.025512 -0.001738 -0.166345 -0.018292 -0.001686 0.000124 0.000295
0.207032 -0.001072 -0.000375 0.000792 0.037922 -0.063269 0.011103 0.044330 0.074176 0.434543 0.155421 0.080028 0.035852 0.013036 -0.000227 0.006326 0.042214 0.024059 0.056023 0.106125 0.101404 0.059676 -0.000298 0.000032 0.001218 0.006581 0.002498 0.000923 0.000517 0.236907 1.286672 0.580437 0.274073 0.161894 -0.009722 -0.030183 -0.077531 -0.116395 -0.245787 -0.239950 -0.218152 -0.956413 -0.653408 -0.740804 -0.670252 -0.829714 -0.590704 -0.384007 -0.118840 0.166153 0.316106 0.259905 -0.008593 -0.022406 -0.055964 -0.019365 -0.000083 0.009886 0.008273
0.709306 0.221694 0.002210 0.001247 -0.015563 -0.209552 -0.211589 -0.086658 -0.071358 -0.027469 0.052992 0.116854 0.133670 0.114581 -0.013451 0.001085 0.075318 0.050860 0.028528 0.022756 0.025750 -0.106036 -0.123267 -0.000571 0.001165 0.102439 0.124350 0.150212 0.139608 0.244014 0.362338 0.160576 -0.239882 -0.195957 -0.014830 -0.040160 -0.215936 -0.249232 -0.260264 -0.146190 0.338945 0.801230 -0.000925 -0.001547 -0.165213 -0.359932 -0.274860 -0.222208 0.011731 0.223333 0.243959 -0.065367 -0.013039 -0.000122 -0.009641 -0.012499 -0.015218 0.000008 0.029201
1.340472 1.089850 0.936810 -0.000309 -0.032390 -0.165300 -0.277833 -0.304115 -0.327448 -0.291263 -0.194615 -0.095884 -0.064873 -0.037084 -0.052349 0.000070 0.000721 0.014463 -0.038836 -0.046796 -0.036569 -0.185747 -0.079323 -0.085851 -0.000105 0.138284 0.140629 0.158669 0.100734 0.043410 0.008284 0.018971 0.063886 0.004060 -0.111774 -0.049298 -0.466829 -0.545249 -0.991450 -0.840433 -1.155890 -0.004308 -0.000208 0.000326 0.009078 0.047294 -0.038088 0.006562 0.107898 -0.064769 -0.323843 -0.884015 -0.011378 -0.002616 -0.003121 -0.008120 -0.000305 0.000398 0.020187
0.995803 0.805821 0.460672 0.002661 0.001624 0.003460 0.052000 0.049988 -0.051213 -0.121734 -0.076886 -0.018173 -0.026634 -0.011587 -0.019987 -0.000006 -0.099549 -0.089739 -0.056334 -0.014983 -0.038462 -0.168012 -0.026516 -0.000829 -0.000860 0.000081 0.012841 0.060869 0.009060 -0.000294 0.000131 0.000557 0.012378 0.038541 0.543422 -0.031040 -0.025565 -0.226701 -0.462679 -1.561989 -2.850375 -0.962277 -0.000003 0.039692 0.400703 0.010153 0.017861 0.159731 0.306329 0.287453 0.023372 -0.463740 -0.048512 -0.007584 -0.000670 0.000015 0.000682 0.005340 0.004109
0.263591 0.456767 0.994027 0.377420 0.297313 0.283771 0.611457 0.086538 0.007402 -0.077747 -0.073967 -0.077217 -0.048047 -0.077802 -0.110807 -0.142569 -0.478722 -0.146588 -0.116163 -0.188317 -0.043744 -0.106552 -0.029691 -0.001315 -0.003215 -0.007144 -0.001204 0.000191 0.000333 0.000424 0.000420 0.006623 0.017150 0.031958 0.019639 -0.045073 -0.079504 -0.136106 -0.181340 -0.148343 -1.036267 -0.650541 -0.331649 0.257504 1.923365 0.888229 0.706098 0.547502 0.417801 0.166005 -0.048300 -0.006685 -0.012434 -0.012455 -0.000604 0.000351 0.005889 0.004194 0.003635
0.136784 0.647468 1.325927 2.600822 1.008638 0.829029 0.257844 0.003411 0.019581 -0.116380 -0.130844 -0.160549 -0.158593 -0.185354 -0.232732 -0.100657 -0.125640 -0.129016 -0.114558 -0.062963 -0.075328 -0.040789 -0.020175 -0.009560 -0.002886 -0.023036 -0.022376 -0.000008 0.000203 0.000434 0.000525 0.005072 0.011304 0.009254 0.001197 0.010862 0.012518 -0.160172 -0.308463 -0.373181 -0.221464 -0.016272 0.257165 0.558800 2.156608 1.192727 1.123144 0.953777 0.554915 0.227548 -0.022511 -0.005910 -0.015632 -0.047546 -0.008205 0.000013 0.013634 0.030009 0.016532
0.015401 0.031366 0.767578 1.532437 0.900751 0.577532 0.185175 0.001777 0.019787 -0.070770 -0.032907 -0.005039 -0.030977 -0.179637 -0.149635 -0.097299 -0.117949 -0.111483 -0.112776 -0.083632 -0.072180 -0.042067 -0.016705 -0.005483 0.000001 -0.000747 -0.002142 -0.000279 0.000458 0.001743 0.000757 0.000000 0.006710 0.015733 0.021917 0.014220 0.011902 0.001475 0.019368 -0.015475 0.216650 0.456736 0.693904 0.897253 1.921433 1.585284 1.333605 1.311076 0.586766 0.279261 -0.025566 -0.089118 -0.213485 -0.049912 -0.000188 0.000096 0.011385 -0.036833 -0.119461
0.100890 0.154664 0.092199 0.299528 0.549240 0.619839 0.681629 0.524255 0.178362 0.126650 0.051962 0.051544 0.056110 -0.146209 -0.063965 -0.017244 -0.055476 -0.002869 -0.000168 -0.216053 -0.472151 -0.015115 -0.006887 -0.000579 0.000070 0.000061 -0.000774 -0.000234 0.000801 0.007846 0.024786 -0.000131 0.000367 0.000614 0.007067 0.010335 0.018546 0.015024 0.020219 0.343104 1.025898 1.041607 1.129990 1.205415 1.086215 0.493844 -0.093189 -0.011980 0.000005 -0.000156 0.000407 -0.002132 -0.000186 0.002577 0.003630 -0.158032 -0.441546 -0.508475 -0.479502
0.238824 0.134791 0.195742 0.398111 0.369755 0.747789 0.916707 0.791267 0.754716 0.858742 0.706316 0.756312 0.646413 0.591885 0.307073 -0.008512 -0.010677 -0.017259 -0.007532 -0.009622 -0.041432 -0.020376 -0.012974 -0.006353 0.000000 0.000282 0.000453 0.000000 0.010002 0.017659 0.020513 -0.010597 -0.006796 -0.000289 -0.001341 0.000000 0.009756 0.023421 0.032652 0.929518 1.915229 1.429694 1.285737 1.178453 -0.044910 -0.006201 -0.000407 -0.000082 0.000333 0.003527 0.017376 -0.018986 -0.008135 0.000006 0.052515 0.350810 0.336523 0.300664 0.177258
0.309925 0.214566 0.107906 0.254210 0.271414 0.432419 0.575897 0.685958 1.245153 1.014127 0.643779 0.563430 0.636668 0.266981 -0.177016 -0.570704 -0.045913 -0.009929 -0.025545 -0.015782 -0.046544 -0.015001 -0.031365 -0.023174 -0.007893 0.000000 0.007826 0.014063 0.018032 0.032744 0.410580 0.098962 -0.035597 -0.032427 -0.022982 0.000000 0.005094 0.009311 0.019509 0.962070 1.811081 1.843279 0.632839 -0.061159 -0.007709 -0.004212 0.000000 -0.001232 -0.000261 0.006289 0.010222 0.000209 0.000325 0.000338 0.024013 0.316206 0.247291 0.092276 0.000581
0.268796 0.205348 0.129872 0.719432 0.134387 0.067337 -0.002485 0.002714 0.238817 0.080525 0.003201 -0.008973 0.013131 -0.092957 -0.208419 -0.037485 -0.860104 -0.110943 -0.015423 -0.034522 -0.049124 -0.100246 -0.019076 -0.006460 -0.000190 0.000134 0.013377 0.024321 0.023496 0.067145 0.528246 0.343814 -0.346703 -0.029175 -0.017236 0.000000 0.012326 0.022323 1.351608 0.671900 1.078070 0.354958 -0.361784 -0.147257 -0.064739 -0.049381 -0.031259 -0.014651 -0.008004 -0.000497 0.000072 0.006958 0.011797 0.002503 0.013717 0.037421 0.239115 0.240708 0.279651
0.109177 0.103846 0.065906 0.031194 0.011819 0.003279 0.000090 0.019511 0.024907 -0.084784 -0.360225 -0.425263 -0.335124 -0.492890 -0.278911 -0.039798 -0.084413 -0.058801 -0.036761 0.000000 -0.041459 -0.104340 -0.023447 -0.009001 -0.000062 0.000087 0.007226 0.020563 0.018829 0.004122 0.011110 -0.111864 -0.220036 -0.461421 -0.009814 0.000000 0.007776 0.036835 1.910781 0.795148 -0.936488 -0.467520 -0.075254 -0.140281 -0.051348 -0.041724 -0.028912 -0.016019 -0.013534 -0.006320 0.000000 0.003663 0.009792 0.002067 0.015224 0.014227 0.018989 0.213715 0.248347
-0.000091 0.000006 0.000177 0.000418 0.008776 0.012100 0.002439 0.031217 0.044406 0.019271 -0.116720 -0.817287 -0.788861 -1.104624 -0.338504 -0.042083 -0.087069 -0.040559 -0.022825 -0.036484 -0.024705 0.003204 0.007145 -0.000332 -0.000002 0.008824 0.032193 -0.127949 -0.194690 -0.152982 -0.093286 -0.040266 0.064106 0.098023 -0.000405 0.005644 0.017416 0.019807 0.152642 0.306782 -0.179324 -0.629449 -0.119054 -0.165939 -0.025462 -0.014967 -0.005004 -0.019675 -0.010654 -0.000395 0.000023 0.000284 0.002941 0.001875 0.017025 0.202623 0.282877 0.253867 0.313007
-0.016400 -0.003663 0.000000 0.005350 0.017288 0.020438 0.299051 0.174172 0.104122 -0.000123 0.000111 0.014103 -0.326320 -0.728721 -0.334237 -0.023523 -0.049473 -0.006819 0.000000 0.064351 -0.007518 0.009372 0.014384 0.056140 0.027556 0.148345 0.559157 0.080495 0.098302 0.261332 0.264882 0.204244 0.270375 0.173325 -0.000007 0.008245 0.026085 0.237801 0.179112 0.433278 -0.087258 -0.810251 -0.202964 -0.208266 -0.240223 -0.015272 -0.001110 -0.001261 -0.000386 -0.000046 0.000200 0.129044 0.464252 0.086190 0.367227 0.535976 0.845571 1.805984 0.491816
-0.001664 -0.000622 -0.000067 0.000464 0.010861 0.348191 0.264790 0.232137 0.120822 -0.000360 0.000360 0.006892 0.017082 0.005161 -0.316450 -0.064307 -0.020929 -0.007143 0.000000 0.008319 0.153725 0.027371 0.043006 0.034807 0.037921 0.165001 0.787540 0.586852 0.474069 0.491681 0.395335 0.396516 0.324293 0.416708 0.276170 0.094391 0.185355 0.470927 1.071175 1.285602 0.227627 -0.973694 -1.199975 -0.786171 -0.464766 -0.038950 -0.181095 -0.108593 -0.063172 -0.089440 -0.068034 0.074283 0.353330 0.326227 0.095646 0.106514 0.113319 0.133537 0.070997
0.013664 0.002021 -0.000098 0.000237 0.019960 0.326541 0.206763 0.106916 0.055731 -0.000360 0.000360 0.007749 0.009915 0.034863 -0.170044 -0.067572 -0.017065 -0.005882 0.000000 0.009018 0.020176 -0.058104 -0.029720 -0.000394 0.000117 0.007432 0.306691 0.327919 0.128605 -0.012338 -0.145127 -0.027313 -0.055034 0.000003 0.723597 0.741019 1.523425 1.245425 1.457307 0.872110 0.634732 -0.012586 -0.318402 -0.388150 -0.207385 -0.075237 -0.225167 -0.156139 -0.053573 0.000268 0.142145 0.234100 0.145343 0.064806 -0.082213 -0.006665 0.000149 0.001055 0.011231
