use_cases/Flooding_chicago/flooding_data/output/hUx_840.asc
ncols 337
nrows 393
xllcorner 428428.000000
yllcorner 4602440.000000
cellsize 26.757400
NODATA_value -9999.000000
[rows 104 to 129 of 393, columns 177 to 235 of 337]
-0.042957 -0.078732 -0.192669 -0.040010 -0.016660 -0.001286 -0.009132 -0.004143 0.000000 0.003071 0.002095 0.013958 0.022954 0.034466 0.035406 0.049340 0.631041 0.830545 0.450597 0.398924 0.285244 0.101434 -0.017998 -0.051813 -0.118856 -0.304637 -0.546512 -0.709083 -0.856912 -0.372311 -0.361706 -0.258378 -0.025885 -0.033348 -0.008048 -0.000001 0.009030 0.171296 0.471303 0.077727 0.047866 0.088171 0.366136 0.174268 0.057407 -0.094869 -0.000640 0.000806 -0.364102 -0.148689 0.000047 -0.001890 0.000396 0.006295 0.048387 0.991354 -0.004433 0.009776 0.006210
0.000283 0.001143 0.000544 -0.002587 -0.001273 -0.002250 -0.022124 -0.021101 -0.006839 -0.000034 0.000688 0.008634 0.056814 0.713261 1.438819 1.581370 1.691460 1.438864 1.283460 0.650430 0.377098 0.049482 -0.223568 -0.402713 -0.759525 -0.892402 -1.244348 -0.609567 -0.014800 -0.000024 -0.162274 -0.204452 -0.229435 -0.096422 -0.006027 -0.000058 0.000792 0.009946 0.119896 0.056071 0.028154 0.057147 0.338203 0.414170 -0.046852 -0.000360 0.000360 0.009935 0.276064 0.112573 0.112789 0.132612 0.087100 0.100965 0.121710 1.207916 0.558436 0.641215 0.623848
-0.000017 0.009159 0.022362 0.030502 0.298658 0.281125 0.410369 -0.123328 -0.022105 -0.008045 0.000020 0.008579 0.027529 0.475494 0.133770 -0.629352 -1.234305 -0.997349 -0.790443 -0.386240 -0.421114 -0.533055 -0.525944 -0.556119 -0.663689 -0.537891 -0.665711 -0.543890 -0.013231 -0.000738 0.000185 -0.018069 -0.030821 -0.024841 -0.011398 0.000022 0.013470 0.019918 0.054734 0.018866 0.020641 0.014655 -0.046310 -0.131367 -0.004488 -0.000360 0.000360 0.026423 0.176373 0.103176 -0.000222 0.000222 0.036454 0.085423 0.074546 -0.025864 -0.138008 0.000937 0.001721
-0.000713 -0.000215 0.000145 0.063803 0.111376 0.051328 0.128659 0.360496 0.619620 0.592186 0.555070 0.426057 0.752287 0.363078 0.077833 0.007726 0.001803 0.000464 0.000321 0.000314 0.056750 -0.032164 -0.164079 -0.262433 -0.069406 0.425162 -0.014792 -0.020578 -0.019733 -0.012027 -0.000367 -0.000411 -0.008242 -0.003399 0.001595 0.000862 0.010287 0.021434 0.045178 0.048398 0.007295 0.005046 -0.056831 -0.035871 0.038981 0.078872 0.091697 0.038676 0.151192 0.168672 0.165972 0.074194 0.070562 0.092947 0.125533 0.558662 0.253104 -0.000405 0.000323
-0.026919 -0.006660 0.000000 0.018064 0.210336 0.104228 -0.001637 0.202037 0.178819 0.002079 0.153584 0.123433 0.005620 -0.008118 -0.000432 -0.000309 0.000001 0.004059 0.008852 0.001228 0.012430 0.074816 0.160763 -0.002399 -0.007447 -0.031315 -0.048010 -0.041021 -0.030225 -0.032346 -0.006922 -0.000165 0.000116 0.008697 0.029963 0.048465 0.093114 0.141425 0.341152 0.158528 0.091365 0.357276 0.602885 0.457444 0.301357 0.379194 0.118771 0.305064 0.250509 0.190736 0.126952 0.195226 0.270383 0.285039 0.814807 0.559614 0.241351 -0.000587 0.000418
-0.145473 -0.012147 0.000000 0.038260 0.563902 -0.013565 -0.013628 -0.004912 -0.001011 -0.004196 -0.012352 -0.008154 -0.000855 -0.010975 -0.007875 -0.000663 0.000068 0.000711 0.007074 0.016507 0.025758 0.094548 0.002923 -0.018137 -0.037075 -0.052982 -0.047923 -0.018763 -0.001219 -0.003146 -0.000441 -0.000549 -0.000103 0.000604 0.010947 0.038487 0.029820 0.023565 0.028701 0.203554 0.141981 0.664284 0.880445 0.456489 0.451816 0.084740 0.031821 0.007494 0.001978 0.000540 0.000987 0.085372 0.155752 0.204236 0.662758 0.234345 -0.258423 -0.023841 0.000013
0.003244 0.000612 0.000000 0.001964 0.000221 -0.005180 -0.013744 -0.026695 -0.008401 -0.029965 -0.014385 -0.008360 -0.000682 -0.000250 -0.000267 -0.000418 0.000446 0.000787 0.007107 0.027354 0.054732 0.199159 -0.107050 -0.012158 -0.005095 -0.001687 -0.017463 -0.018569 0.000001 -0.005874 -0.001483 -0.004553 -0.000544 0.000304 0.000573 0.007208 0.026036 0.026144 0.056405 0.505797 0.518696 0.622518 0.288425 -0.309640 -0.029417 -0.008225 -0.000003 -0.000071 -0.000095 0.000402 0.009685 0.046846 0.062816 0.086776 0.227189 -0.060629 -0.422336 -0.017250 0.000000
0.008187 0.038080 0.004341 -0.000351 -0.000818 0.000000 0.000617 0.001232 -0.011375 -0.040834 -0.014295 -0.008215 -0.000406 0.000312 0.000649 0.000455 0.000443 0.000452 0.011131 0.045568 0.059137 -0.183206 -0.021825 -0.014775 -0.000583 -0.000846 -0.001222 -0.001738 0.000019 0.006026 0.000579 -0.001072 -0.000106 0.000237 0.000352 0.013319 0.020513 0.030518 1.717842 1.315902 1.260372 0.427896 -1.190804 -0.036365 -0.023348 -0.005267 -0.000201 0.000022 0.000006 0.009527 0.028937 0.092018 0.916399 0.480845 0.205257 0.165465 0.010942 -0.000028 0.000313
0.009448 0.045370 -0.019481 -0.018680 -0.009464 0.000000 0.009808 0.029363 0.047448 0.015262 -0.000436 -0.025436 -0.006264 -0.000194 0.000075 0.000366 -0.002075 -0.001106 0.008924 0.009113 0.019443 -0.813965 -0.019461 -0.010323 -0.001051 -0.000416 -0.000245 0.000247 0.000440 0.021465 0.021810 0.004076 0.000902 0.000454 0.000354 0.014422 0.027538 0.480652 0.709182 1.077457 1.083692 0.839992 0.398469 -0.071559 -0.031734 -0.023809 -0.008381 -0.000330 0.000396 0.015324 0.043041 0.074927 0.506645 0.078601 0.113375 0.232534 0.460299 0.588497 0.337920
0.016099 0.329051 0.165497 -0.026293 -0.007595 0.000000 0.008312 0.014809 0.046025 0.193125 0.110942 0.060220 -0.044391 -0.018941 -0.005498 -0.015450 -0.025324 -0.028855 -0.000494 0.000071 0.006683 0.020617 -0.023203 -0.013150 -0.006325 -0.000786 -0.001280 -0.001276 0.000000 0.013284 0.077222 0.009576 0.018156 0.020947 0.002248 0.019429 0.042106 -0.199132 -0.380637 -0.498348 -0.599799 -1.190855 -1.748835 -0.088173 -0.042179 -0.013587 -0.014375 -0.000401 0.000555 0.018877 0.029951 0.031643 0.041584 0.048409 0.716179 0.001976 0.001300 0.000606 0.697453
-0.058617 -0.188380 -0.196821 -0.038901 -0.013479 0.000001 0.012016 0.017123 0.018740 0.050235 -0.050016 -0.122165 -0.158811 -0.027650 -0.000481 -0.083363 -0.044926 -0.009034 -0.006230 0.000000 0.007871 0.172822 -0.021875 -0.022961 -0.020162 -0.009277 -0.001163 -0.001385 0.000000 0.031485 0.082500 0.135060 0.197183 0.302424 0.157207 0.410151 1.246205 2.271979 1.470174 0.802172 0.560632 0.188113 -0.280652 -0.083008 -0.091299 -0.074991 -0.012762 -0.000013 0.009884 0.011621 0.009857 0.019684 0.024112 0.030061 0.025184 0.037899 0.051819 0.014402 0.336661
0.542564 0.329221 0.205741 -0.008892 -0.000381 0.000328 0.007720 0.016976 0.003922 -0.009756 -0.017969 -0.031900 -0.002495 -0.003119 0.001661 -0.176813 -0.034630 -0.008521 -0.000182 0.008280 0.154788 -0.071469 -0.170092 -0.025842 -0.028418 -0.026865 -0.022173 -0.012549 0.000000 0.005836 0.035757 0.099610 0.127367 0.041865 0.141565 0.490583 0.516651 0.529541 -0.002225 -1.576277 -1.484988 -0.332453 -0.032233 -0.027215 -0.025335 -0.016030 -0.001376 0.001332 0.008474 0.021591 0.035617 0.028806 0.026389 0.005079 0.022827 0.040240 0.060240 0.700580 0.742778
-0.047454 -0.090965 -0.071618 -0.008329 -0.000007 0.007950 0.020061 0.011874 0.001752 0.021985 0.015433 0.005263 -0.001330 -0.000861 0.001138 0.095063 0.245429 -0.006115 -0.021085 -0.016829 -0.196230 -0.155819 -0.190368 -0.186464 -0.066552 -0.028233 -0.009130 -0.000244 0.005092 0.016780 0.015194 0.002699 0.009062 0.030314 0.006138 0.130653 0.103580 0.021180 0.002724 -0.006962 -0.050684 -0.040565 -0.037685 -0.008142 -0.001535 -0.001796 0.000000 0.010960 0.023515 0.034613 0.034193 0.038457 0.037086 0.066048 0.041681 0.036297 0.036841 0.506473 0.220160
-0.040589 -0.069535 -0.104053 -0.007231 -0.000000 0.007220 0.026266 0.259825 0.104651 0.093894 0.143493 0.079251 0.076117 0.040104 -0.000134 0.000838 0.139840 -0.015057 -0.111467 -0.157937 -0.040413 -0.061539 -0.070315 -0.123893 -0.046057 -0.106154 -0.024261 -0.000008 0.000880 0.009109 0.037963 0.018323 0.006983 0.018714 0.649027 0.460050 0.188261 -0.000202 -0.000008 0.000660 0.001271 -0.008913 -0.031569 -0.008650 -0.002503 -0.003953 0.000000 0.007433 0.039882 0.037670 0.044125 0.025825 0.057426 0.020064 0.095907 0.162137 0.869874 0.646071 0.283123
-0.002177 -0.028403 -0.025382 -0.000985 0.000709 0.184370 0.181731 0.260730 0.178578 0.083033 0.073172 0.074148 0.060477 0.034608 -0.000267 0.000471 -0.023953 -0.128270 -0.053195 -0.018575 -0.050656 -0.058749 -0.496373 -0.166047 -0.039745 -0.002537 -0.004080 0.002260 0.175986 0.661663 0.102201 0.230794 0.178885 0.482606 0.285924 -0.042030 -0.010876 -0.000294 0.000537 0.009437 0.034718 -0.009897 -0.029763 -0.074027 -0.042596 -0.016588 0.000000 0.013599 0.031940 0.044546 0.050668 0.056969 0.021471 0.008808 0.119863 0.182663 0.992957 1.143398 1.027736
-0.767067 -0.473914 -0.021240 -0.000018 0.018722 -0.029056 -0.022357 -0.006571 -0.091760 0.000000 0.032141 0.042052 0.047577 0.049494 0.043605 0.012715 -0.085888 -0.049101 -0.095980 -0.086054 -0.039849 -0.056741 -0.445758 -0.134750 -0.026511 -0.000671 -0.000017 0.023156 0.138811 0.087945 0.071498 0.195826 0.159621 0.450707 0.335010 -0.011669 -0.001316 -0.000210 0.001569 0.017080 0.056886 0.007058 -0.021633 -0.059222 -0.030409 -0.012686 0.000000 0.015638 0.034742 0.054128 0.063105 0.021457 0.400655 0.889669 0.557681 0.358002 1.091673 1.494218 1.043633
0.039867 -0.107848 -0.011693 -0.000396 0.000211 0.035858 0.522153 0.166898 0.165835 0.089385 0.030876 0.023489 0.022766 0.023229 0.017381 0.076716 -0.007845 -0.488313 -0.214534 -0.063610 -0.029371 -0.057339 -0.506432 -0.146802 -0.061387 -0.036196 -0.000446 0.000247 -0.002286 0.000056 0.002485 0.018538 0.077579 0.016019 -0.025201 -0.022927 -0.001390 0.001009 0.001548 0.005950 0.003395 -0.031674 -0.151763 -0.056394 -0.009538 -0.000576 0.007850 0.020982 0.019998 0.061996 1.675674 0.888220 0.776458 0.660836 1.109986 1.722735 0.923022 0.499440 -0.055091
-0.009242 -0.000440 -0.001848 -0.002188 0.000000 0.021529 0.022684 0.170248 0.153220 0.270734 0.423252 0.260053 0.153810 0.002790 0.004497 0.088715 0.252885 -0.227072 -0.140665 -0.039046 -0.077112 -0.048432 -0.602291 -0.162003 -0.066885 -0.039863 -0.004956 0.000000 -0.000369 0.006317 0.010267 0.006166 0.002809 0.001164 0.002145 -0.000875 0.000755 0.001728 0.012689 0.008693 0.003407 0.029790 0.136390 -0.052735 0.001012 0.004217 0.001354 0.022278 0.117976 0.802703 0.867957 0.126751 -0.001605 0.003318 0.044892 0.117890 0.004969 -0.152548 -0.011429
-0.012938 0.000000 0.002795 0.001993 0.034325 0.038512 0.045633 0.034246 0.008699 0.154066 0.407986 0.312591 0.241668 0.109214 0.092010 -0.060557 -0.078176 -0.357281 -0.230410 -0.144326 -0.068944 -0.093106 -0.028831 -0.046021 -0.031029 -0.017013 -0.010927 0.000011 0.007657 0.025311 0.013683 0.002526 0.000025 0.006240 0.018353 0.005592 0.004442 0.030229 0.021639 0.038865 0.016710 0.302953 0.466669 0.669664 0.579851 0.630182 0.515420 0.886246 1.568729 0.659552 0.066580 -0.117084 -0.044654 0.002439 0.069255 0.118316 0.052913 -0.225678 -0.044975
-0.007809 -0.000265 0.000487 0.099609 0.027764 0.089390 0.094638 -0.043787 0.000000 0.008732 0.017509 0.155143 0.106438 0.562538 0.461082 0.447124 0.240054 0.194264 0.100890 -0.080188 -0.065888 -0.155285 -0.065557 -0.022684 -0.020968 -0.013365 -0.000331 0.000393 0.019568 0.096261 -0.000116 0.000049 0.000842 0.006905 0.028509 0.009992 0.005252 0.001808 0.023981 0.102723 0.288287 0.096072 0.118676 -0.199383 -0.003550 0.004310 0.002882 0.009973 0.008012 0.000663 -0.024783 -0.027841 0.006425 0.017284 0.109958 0.130305 0.072670 -0.134309 -0.080949
-0.250194 -0.057622 0.000450 -0.030053 -0.031015 -0.010559 -0.121868 -0.004815 0.000000 0.008286 0.034567 0.857095 0.741610 0.845645 1.670672 1.270820 1.118399 0.302981 -0.816343 -0.344936 -0.160825 -0.019575 -0.012503 -0.009623 -0.007531 -0.000554 -0.000247 0.000569 -0.087134 -0.018926 -0.000172 0.000343 0.028235 0.054251 0.017388 0.006404 0.003644 0.001782 0.002904 0.310902 0.269813 0.459285 0.120529 -0.087394 -0.030409 -0.008059 -0.000459 0.001141 0.000420 0.006974 0.020522 0.033163 0.102316 0.054323 0.060395 0.055632 0.033148 -0.011099 -0.093401
0.068731 0.002857 0.005807 0.145342 0.141524 0.065377 -0.126512 -0.058458 0.000000 0.006087 0.055593 0.912505 0.510902 0.430243 0.272608 0.294043 0.891288 0.675992 0.336049 -0.027439 -0.028431 -0.033312 -0.020901 -0.019742 -0.008204 -0.000323 -0.000036 0.000321 -0.085706 -0.005878 0.000000 0.005878 0.014945 0.060202 0.101180 0.047262 0.074990 0.028681 0.536278 0.732989 0.953807 -0.256052 -0.010632 0.000042 -0.006830 -0.057413 -0.022698 -0.000798 0.000102 0.010052 0.029395 0.041361 -0.182244 -0.060515 0.012295 -0.000002 0.005218 0.022198 -0.001143
0.080390 0.087340 0.078931 0.411229 0.445334 0.313595 0.338821 0.085385 0.064695 0.127415 0.183075 0.252756 0.469926 0.060955 -0.012164 0.000258 0.156423 0.232959 -0.296609 -0.030433 -0.029296 -0.011099 -0.036544 -0.013276 -0.009909 -0.000341 -0.000010 0.000339 -0.080602 -0.005878 0.000000 0.005878 0.019696 0.023334 0.074266 0.035005 0.185690 0.783542 0.546947 0.422568 0.364954 -0.013686 -0.000000 0.000477 0.000643 -0.003165 -0.035714 -0.012166 0.000000 0.028636 0.051902 0.081555 0.484472 0.199601 -0.007755 -0.000140 0.000135 0.000954 0.000300
0.052242 0.057778 0.039120 0.147955 0.110815 0.112027 0.063779 -0.000182 0.002577 0.059443 0.095497 0.038317 0.015068 0.012014 0.007173 0.004857 0.088772 0.189704 -0.431260 -0.062187 -0.027956 -0.003502 -0.006744 -0.017288 -0.023186 -0.015714 -0.000001 0.000889 -0.005253 -0.000212 -0.000091 0.000284 0.013727 0.032371 0.079854 0.038864 0.146209 0.482040 0.039348 -0.673907 -0.050418 -0.018370 -0.000003 0.005981 0.029858 0.002875 0.000580 0.003394 0.031076 0.021309 0.077086 0.071355 0.377622 0.086762 -0.004074 -0.000420 0.000045 -0.000184 -0.000182
0.023208 0.055127 0.360616 0.109486 0.007022 -0.015443 -0.001870 0.000164 0.024945 0.041591 0.052446 0.071918 0.016774 0.004208 0.000132 0.009127 0.247158 0.211276 -0.282287 -0.027009 -0.005623 -0.009235 -0.025927 -0.098160 -0.052316 -0.011974 -0.000000 0.020231 0.012664 -0.005179 -0.020731 -0.032114 0.000641 0.021622 0.037431 0.060002 0.008714 0.002866 -0.136996 -0.164812 -0.100236 -0.049810 -0.000208 0.000326 0.001108 0.001498 0.000741 0.019890 0.057370 0.023915 0.029051 0.052893 0.058276 0.055848 -0.057904 -0.009357 -0.001983 -0.001321 -0.000554
0.016300 0.064141 0.359041 0.118265 0.001647 -0.066449 -0.023736 -0.000034 0.000500 0.000426 0.011269 0.026484 0.019966 0.002099 0.001666 0.038504 0.328440 0.274282 -0.207081 -0.017105 -0.003135 -0.006737 -0.045100 -0.094476 -0.050809 -0.017644 -0.000000 0.029302 0.739888 -0.051671 -0.043058 -0.034717 -0.025757 0.000070 0.006082 0.002270 0.000504 -0.000259 -0.198562 -0.133660 -0.125131 -0.076603 -0.001376 -0.005780 -0.013555 -0.000752 -0.001162 0.000717 0.000845 0.010242 0.030896 0.059268 0.114666 0.314743 -0.565255 -0.101745 -0.039345 -0.001596 -0.001871
