use_cases/Flooding_chicago/flooding_data/output/hUx_1800.asc
ncols 337
nrows 393
xllcorner 428428.000000
yllcorner 4602440.000000
cellsize 26.757400
NODATA_value -9999.000000
[rows 182 to 207 of 393, columns 177 to 235 of 337]
0.057685 0.058399 0.101689 0.356351 0.435499 0.177032 0.474936 0.520002 0.416357 0.318315 -0.125886 -0.104893 -0.000136 0.000131 0.006723 0.023632 0.599177 0.810815 1.219246 1.067833 0.927405 0.356842 0.001563 -0.000637 -0.132757 -0.051373 -0.008943 -0.000632 0.000651 0.001444 0.000075 0.020731 0.063359 0.354815 0.211805 0.175642 -0.104188 0.000570 0.004497 0.001057 0.007457 0.009312 0.008076 0.003304 0.001338 0.001915 0.001967 0.007196 0.009027 1.257374 2.723813 2.137617 1.034341 0.568821 -0.000154 0.000095 -0.468453 -0.493140 -0.051098
0.043174 0.038299 0.157348 0.401742 0.256684 0.156199 0.478126 0.623011 0.861773 1.277629 0.526029 0.069003 0.085051 0.054310 0.100643 0.722751 0.570386 0.664271 0.495103 -0.123291 -0.031343 -0.008708 0.000010 -0.013228 0.022127 -0.000737 -0.000763 0.000019 0.005196 0.005375 0.007261 0.004550 0.030417 0.085760 -0.095646 -0.012127 -0.000058 0.000592 0.013195 0.014425 0.003889 0.003747 0.002895 0.017407 0.125146 0.244110 0.475977 0.584329 1.462983 2.788344 1.537401 -0.042630 -0.478029 -0.209626 -0.001345 0.000108 0.006609 0.020415 0.001827
0.108635 0.259260 0.110521 0.049994 0.080886 -0.221830 -0.359178 -0.473776 -0.262981 -0.007762 -0.000083 0.000067 0.009454 0.098867 0.193014 0.323182 0.136932 -0.067863 -0.459638 -0.030840 -0.009456 -0.000158 0.000368 0.009389 0.158342 -0.000687 0.000144 0.000760 0.030641 0.231711 0.000488 0.003115 0.005014 0.068989 -0.004488 -0.000360 0.000360 0.006387 0.032863 0.051419 0.011767 0.012999 0.006113 0.212019 1.625741 3.040906 2.863604 3.111399 2.516877 2.214994 0.647276 -0.468140 -0.348853 -0.287151 -0.019832 -0.000671 0.000281 0.000368 0.001201
0.019612 0.037266 0.003589 0.009871 0.009024 -0.490003 -0.958110 -1.391762 -0.048468 -0.006353 -0.000464 0.000067 0.008074 0.021641 0.114701 0.014267 -0.004725 -0.008247 -0.050139 -0.018372 -0.001297 0.000407 0.001620 0.006131 0.175456 -0.000930 0.000741 0.026076 0.076030 0.239360 0.138626 0.303465 0.201004 0.085622 -0.016132 -0.000360 0.000360 0.018252 0.035891 0.062726 0.061603 0.463200 1.273064 1.649693 1.778008 2.045494 1.341396 -0.000056 0.000066 -0.408847 -0.630357 -0.798881 -1.077918 -0.421970 -0.060971 -0.014152 0.000000 0.008587 0.019646
0.009420 0.032890 0.003194 0.001773 0.032231 0.327108 -0.904476 -1.603515 -1.260328 -0.016983 -0.005350 0.000000 0.012122 0.031875 0.035934 0.000265 -0.008231 -0.013167 -0.025616 -0.026055 -0.002819 0.001921 0.004322 0.028870 0.125544 -0.000847 0.000043 0.022139 0.027931 0.003206 0.208573 0.248301 0.364450 0.481452 0.477974 -0.000301 0.000015 0.001609 0.010497 0.042333 0.773170 0.847893 1.010757 1.152925 1.271555 -0.090588 -0.008310 -0.000092 0.000301 0.011624 0.074426 -0.553423 -1.105551 -1.170809 -0.157175 -0.005610 0.000000 0.005878 0.013996
0.079651 0.022509 0.007264 0.004181 0.011789 0.037331 0.006976 -0.102887 -0.721594 -0.073487 -0.011421 -0.000066 0.000558 0.010495 0.021976 0.014679 -0.004181 -0.050485 -0.012344 -0.005419 -0.002980 0.006019 0.007366 0.027166 -0.004720 -0.039095 -0.011295 -0.000416 0.005869 0.027505 0.083718 0.000050 0.002098 0.002609 0.457115 0.362826 0.150844 0.047585 0.045262 0.510050 0.301863 0.168505 0.307615 0.121735 -0.021944 -0.014733 -0.007170 0.000000 0.005878 0.028425 0.114108 -0.637046 -1.337958 -2.412218 -1.841357 -0.009982 0.000000 0.005878 0.026207
0.003905 0.002686 0.001627 0.012753 0.023234 0.070499 0.032994 -0.238996 -0.438012 -1.062393 -0.036280 -0.004386 -0.000889 -0.000666 0.000198 0.007987 0.037730 0.037349 -0.001335 -0.003035 0.000100 0.002942 0.006573 0.019024 -0.021143 -0.042255 -0.023552 -0.010133 0.000000 0.013250 0.016742 0.002058 0.001700 0.002480 0.018278 0.366476 0.338419 0.258291 0.077639 0.154457 -0.036420 -0.034614 -0.048603 -0.172381 -0.023294 -0.019141 -0.007126 0.000000 0.005878 0.012376 0.022615 0.261986 0.570959 -0.821336 -0.204594 -0.091401 -0.000734 0.001188 0.002381
0.004761 0.004388 0.002379 0.009463 0.015394 0.092164 0.046841 -0.087583 -0.165400 -0.297046 -0.074558 -0.033228 -0.024019 -0.002648 -0.003639 0.000005 -0.002018 -0.000391 0.000093 0.000088 -0.000304 0.000011 0.009301 -0.050508 -0.109175 -0.109054 -0.015686 -0.007803 0.000000 0.002964 0.000456 0.000018 0.012883 0.030627 0.042012 0.043840 0.192070 0.135026 0.296409 0.343778 0.363691 0.278095 0.349458 0.002583 -0.466645 -0.001387 -0.000511 0.000117 0.000486 0.009387 0.049785 0.597988 1.662298 1.361573 0.738662 -0.250578 -0.061302 -0.001647 0.001681
0.001554 0.001659 0.015073 0.027581 0.124094 0.060594 0.040953 -0.227737 -0.292891 -0.567479 -1.169867 -0.100940 -0.032061 -0.025000 -0.000509 0.000142 -0.033971 -0.007506 -0.000516 0.000060 0.000377 0.000674 0.025602 0.462020 0.634749 0.125712 0.044990 -0.062448 -0.026211 -0.001516 -0.000077 0.000260 0.025122 0.046996 0.063741 0.080062 0.167647 0.088925 0.367552 0.593841 0.645124 0.663304 0.603099 0.255879 -0.000603 0.000319 0.169733 0.678278 1.042506 1.679906 1.935768 1.555934 2.284107 1.476028 1.064146 -0.013131 -0.001428 -0.002487 0.003501
0.013027 0.005099 0.011713 0.116120 0.167053 0.092609 0.067740 0.645258 0.520241 0.364917 -0.035206 -0.177813 -0.123964 -0.046957 -0.017486 -0.000844 -0.001872 -0.010001 -0.005791 -0.000326 0.000208 0.006364 0.013230 0.430506 -0.126836 -0.379681 -0.544920 -0.075345 -0.051918 -0.017878 -0.000126 0.000138 0.020721 0.047838 0.062411 0.082910 0.148241 0.255824 0.186592 0.644235 0.758591 0.524332 0.353419 0.229284 0.304100 0.489167 1.172067 2.072355 2.136147 1.813367 1.811192 2.804463 2.151927 0.141369 -0.044930 -0.017542 -0.006909 0.000000 0.005878
0.017859 0.088992 0.225209 0.125268 0.198822 0.613628 0.397825 0.458015 0.182557 -0.188968 -0.078192 -0.078267 -0.070738 -0.033799 -0.002153 -0.000360 0.000457 -0.124997 -0.024988 -0.007224 0.000003 0.006034 0.013013 0.264443 -0.042232 -0.131016 -0.008327 -0.002402 -0.010924 -0.004023 -0.000346 0.000180 0.007843 0.017192 0.022136 0.029619 0.081770 0.651437 0.602628 0.475790 0.183082 0.425977 0.600825 0.267989 0.236239 0.456381 0.493662 0.519824 0.442973 0.184753 0.127874 0.246546 0.094823 -0.021617 -0.004311 -0.018224 -0.006069 0.000000 0.005878
0.017603 0.004978 0.005021 0.005979 0.175915 0.445788 0.419803 0.281451 0.107589 0.143929 -0.016349 -0.020376 -0.039366 -0.021903 -0.025669 -0.000020 -0.008064 -0.055068 -0.010042 -0.000266 -0.000006 0.000502 0.014454 0.174419 -0.074412 -0.007661 -0.000590 -0.002382 -0.003882 -0.016129 -0.007862 -0.000180 0.000346 0.004023 0.010536 0.010396 0.038157 0.555225 0.389464 0.275000 0.128261 0.312371 0.210763 -0.114017 -0.274689 -0.435091 -0.312990 -0.225401 -0.176253 -0.002770 0.008623 0.013219 0.007091 -0.002229 -0.003398 -0.004470 -0.003027 0.000099 0.023547
-0.005411 0.000000 0.018349 0.061092 0.161787 -0.041853 -0.288541 -0.304194 -0.617160 -0.802545 -0.101518 -0.045987 -0.014634 -0.023176 -0.014678 0.007865 0.017580 -0.154001 -0.010388 -0.000092 0.000091 0.012939 0.030823 0.356173 -0.201019 -0.008106 0.000000 0.007434 0.025364 -0.013756 -0.004761 -0.000105 0.000124 0.008748 0.015399 0.018698 0.046377 0.119506 0.028296 -0.056347 0.006301 0.131155 0.067128 -0.065727 -0.463931 -0.779720 -0.898596 -1.007941 -1.049013 -0.944180 -0.647211 -0.194335 -0.021464 -0.000429 0.002142 0.747872 0.921294 1.340338 1.883768
-0.009215 -0.006370 0.004206 0.006153 0.004445 0.001561 0.002754 -0.012082 -0.097021 -0.310599 -0.059351 -0.009335 -0.022847 -0.024091 -0.018014 -0.000364 0.000421 0.032423 0.059248 0.034087 0.009042 0.037248 0.095277 0.087808 -0.080696 -0.010114 0.000000 0.009182 0.015229 -0.000135 -0.000257 -0.000102 0.000108 0.011309 0.029165 0.041935 0.054979 0.188103 0.060972 0.031279 -0.015727 -0.025747 -0.002627 -0.003038 -0.002494 -0.048065 -0.438908 -0.844819 -1.221440 -1.382434 -0.870904 -0.770767 -0.155534 0.115326 0.222816 1.533207 1.746381 2.246953 2.524300
-0.009665 -0.007080 0.000488 0.011918 0.004985 0.001353 0.010595 0.115217 0.065608 -0.013097 -0.031680 -0.008345 -0.000023 -0.006505 -0.009313 -0.000652 0.000969 0.094470 0.095652 0.062908 0.116255 0.174583 0.173451 0.064903 -0.054662 -0.005382 -0.000104 0.000230 0.005580 0.000831 -0.001261 -0.000002 0.000388 0.000684 0.008172 0.026702 0.027147 0.249234 -0.000013 0.031054 0.040003 0.146225 -0.003055 -0.002649 0.001099 0.003020 0.143225 -0.016993 -0.423790 -0.724978 -0.577367 -0.594575 0.016084 0.439449 0.694649 2.123270 2.075300 1.733768 1.364459
-0.000492 0.000010 0.005374 0.056746 0.000861 0.000645 0.020398 0.157931 0.179535 -0.448356 -0.193544 -0.023542 -0.000878 -0.001059 -0.001164 0.000218 0.001688 0.008983 0.087172 0.040181 0.113102 0.152160 0.156996 0.232751 0.223394 -0.007556 -0.000517 -0.001249 0.001526 0.000858 -0.000222 0.000577 0.000951 0.000659 0.011575 0.031024 0.124242 0.104811 -0.000322 0.056755 0.146812 0.354497 0.360178 0.488857 0.569888 0.338739 0.314171 0.281884 0.782057 0.872101 0.794712 0.681738 1.034459 1.259421 1.607678 1.536931 1.281491 0.344958 -0.031231
-9999.000000 -0.001369 0.000105 0.000205 0.017315 0.043660 0.052649 0.117143 0.317168 0.385855 -0.130558 -0.021093 -0.011755 -0.000905 -0.000682 0.000375 0.000947 0.007931 0.052162 0.018162 0.067743 0.100694 0.108152 0.197041 0.123987 -0.027033 -0.008950 -0.000104 0.030815 0.089483 0.037111 0.000016 0.012029 0.041545 0.058082 0.094041 0.314926 0.151160 0.139630 0.430183 0.432637 0.661389 0.924657 1.129786 1.288196 1.458476 1.205971 1.443606 1.133175 1.656658 1.727050 1.493216 1.350866 1.082674 0.947617 0.569672 -1.071094 -0.017319 -0.000618
-9999.000000 -0.003093 -0.000511 0.000081 0.023203 0.051294 0.061628 0.138307 0.056511 0.021754 -0.027055 -0.039412 -0.007225 -0.000396 -0.000092 0.000368 0.000694 0.000915 0.005435 0.008671 0.011397 0.029152 0.044356 0.271335 0.454039 -0.050026 -0.010784 -0.000235 0.002496 0.032232 0.025945 0.006967 0.019818 0.036647 0.025248 0.015119 0.274549 0.281443 0.500880 0.636344 1.027192 1.151969 1.716867 1.530753 1.650129 2.002879 1.949578 1.974342 1.769647 1.788645 1.749407 1.832495 1.496755 1.007480 0.785573 0.539649 -0.403660 -0.014994 -0.000399
-9999.000000 -0.000764 -0.001118 0.000000 0.006850 0.015262 0.040247 0.137128 0.013781 -0.000922 0.000105 0.016080 0.029519 -0.000281 -0.000019 0.000280 0.000107 0.000022 0.001656 0.001414 0.002647 0.029137 0.043631 0.154734 0.170496 0.121257 -0.001151 -0.001772 -0.006164 0.002938 0.011036 0.004145 0.022405 0.065649 0.244606 0.217480 0.282817 0.711896 1.034769 1.081872 1.471413 1.578600 1.755828 1.873034 1.979045 2.035555 2.256798 2.304572 2.323637 2.204984 1.773328 1.683946 1.697864 1.016292 0.766166 0.541730 0.158424 -0.013472 -0.000176
-9999.000000 -9999.000000 -0.000568 0.000000 0.007521 0.023781 0.026308 0.070822 -0.064196 -0.013351 0.000010 0.024553 0.176116 0.056106 0.021372 0.030333 0.009860 -0.000619 -0.000373 0.000589 0.013916 0.032338 0.131199 0.175681 0.071135 0.024018 0.008766 0.001810 0.000535 0.006655 0.007636 -0.014961 -0.097356 0.058446 0.409028 0.798099 1.078077 2.061438 2.207283 2.078119 2.457427 2.356962 2.356919 2.331299 2.367096 2.399981 2.727187 2.761210 2.552174 2.139392 1.579431 1.504634 0.773154 0.187710 0.000696 -0.011259 0.011336 0.057455 0.064211
-9999.000000 -0.014956 -0.004742 0.000000 0.006743 0.005432 0.020303 0.113284 0.014910 -0.000743 0.000250 0.007762 0.012039 0.149159 0.084585 0.231021 0.341989 0.175535 0.045429 0.000037 0.014515 0.198234 0.111562 0.250741 0.238849 0.274324 0.129478 0.507694 0.229179 -0.112988 -0.035819 0.230209 0.522030 1.043062 1.411413 1.250071 1.454572 2.490354 2.539216 2.286014 2.582378 2.405504 1.847832 1.895423 1.616282 1.537462 1.455682 1.425297 1.193595 1.130579 1.019372 0.407737 -0.035311 -0.000521 0.000273 0.001002 0.000370 0.006332 0.166603
-9999.000000 -0.016327 -0.014302 -0.000479 0.000113 0.002879 0.018740 0.101837 -0.093019 -0.005450 0.000000 0.008176 0.013415 0.202694 0.000000 0.008103 0.122541 0.764302 0.589745 0.582546 0.545919 0.431401 0.213821 0.333072 0.256428 0.246519 1.363459 1.407972 2.512842 2.744632 2.738465 2.923420 3.084047 3.130281 3.130022 3.486468 3.047287 2.995523 2.732568 2.953799 2.454049 2.392911 1.602408 1.317304 1.369926 1.135555 1.132912 1.089701 0.832213 0.683392 0.276996 -0.315624 -0.008918 -0.001573 -0.000424 0.000955 0.000293 0.012749 0.023206
-9999.000000 -0.000013 0.020828 0.008914 -0.000568 0.001296 0.012551 0.277953 0.288730 -0.099601 0.000000 0.010989 0.164140 0.068304 0.000000 0.015836 0.046598 0.618619 0.523459 0.657526 0.692731 0.487629 0.544790 0.369140 1.623239 2.445705 2.268240 2.453970 3.823804 3.772550 3.508806 3.531218 3.554862 3.516313 3.459616 3.477278 3.711659 2.852000 2.482751 2.000576 1.928297 1.508688 0.957864 0.798335 0.990746 0.817279 0.734396 0.838592 0.533019 0.376554 0.200744 -0.018515 -0.009220 -0.001054 -0.000946 -0.000821 0.000000 0.006319 0.012926
-0.000771 -0.000308 0.000831 0.002370 -0.000355 0.000492 0.147255 0.121975 0.139368 0.099728 0.064055 0.149963 0.470924 0.079947 0.064445 0.025515 0.231205 0.358590 0.096897 -0.000263 0.000441 0.154127 0.490478 1.467746 1.287468 3.314264 2.256194 2.354488 2.123925 2.431406 2.093822 2.032390 1.999639 1.988496 2.067946 2.206426 2.278704 2.294138 1.248113 0.893401 0.826376 1.067593 0.564201 0.467202 0.344651 0.239454 0.171372 0.099095 -0.000217 0.000101 0.001030 -0.009157 -0.001049 -0.001186 -0.013802 -0.009440 -0.000072 0.000497 0.006812
-0.000474 -0.000295 0.000447 0.007728 0.005553 0.001558 0.136553 0.066746 -0.117261 0.000000 0.056234 0.184716 0.112693 0.577756 0.053018 0.054860 0.254116 0.150624 0.000000 0.001053 0.000917 0.049726 0.486830 0.579334 1.416427 1.534315 1.755552 0.886901 0.572112 0.326569 0.108052 0.109184 0.249064 0.291876 0.420156 0.512951 0.716246 0.365318 0.221888 0.103187 0.101286 0.134428 0.165564 0.104673 0.095462 0.072699 0.006898 -0.009708 -0.000208 0.000326 0.006621 0.088614 0.077959 -0.309434 -0.577805 -0.061890 -0.014948 0.000014 0.017908
-0.003355 -0.003090 0.002544 0.140507 0.177939 0.116557 -0.063448 -0.010808 -0.004209 0.000000 0.004212 0.007710 0.126226 0.074787 0.201481 0.403529 0.237187 0.101960 0.155847 0.133025 0.124698 0.243542 0.824165 1.013735 1.092477 1.049071 0.615789 0.011046 0.002605 -0.028221 -0.022546 -0.004606 -0.255637 -0.450163 -0.468588 -0.297531 -0.116572 -0.000992 0.002020 0.123161 0.186567 0.458933 0.347573 0.189969 0.204330 0.209173 0.204446 0.199385 -0.000003 0.005982 0.033266 -0.007552 0.025893 0.030522 -0.084034 -0.049996 -0.003294 -0.000052 0.003125
