use_cases/Flooding_chicago/flooding_data/output/hUx_1200.asc
ncols 337
nrows 393
xllcorner 428428.000000
yllcorner 4602440.000000
cellsize 26.757400
NODATA_value -9999.000000
[rows 208 to 233 of 393, columns 236 to 294 of 337]
0.000500 0.002259 0.007047 0.006819 0.021413 0.014668 0.441368 0.074292 0.988438 2.126258 1.277370 1.215475 1.088170 2.366634 2.154117 1.762285 1.193694 0.431372 0.317651 0.257895 0.159311 0.632922 0.635906 0.687270 0.633965 0.396909 0.635665 0.903889 0.453548 0.132630 0.081012 0.009565 -0.143901 -0.032358 0.000000 0.010080 0.017364 0.409989 0.279450 0.210258 0.286542 0.464695 0.167848 -0.014948 -0.025490 -0.039240 -0.000038 0.045724 0.210645 0.066488 0.058532 0.307975 0.559897 0.582063 0.630209 0.637983 0.488550 0.296463 0.698621
-0.018251 -0.099516 0.000402 0.001943 0.032708 0.181685 0.966818 1.038659 1.976512 1.868705 2.124862 1.370855 1.195991 2.086335 1.601318 1.183689 1.382283 0.937801 0.818472 0.893209 0.265315 0.910702 0.819210 0.756275 0.605054 1.073472 0.884796 1.283323 0.722077 0.405993 0.314590 0.022374 -0.001990 0.000115 0.001584 0.027280 0.124766 0.046005 0.162938 0.310500 0.362102 0.191200 -0.090659 -0.160115 -0.086889 -0.061358 -0.000050 0.011519 0.004764 0.151459 0.078951 0.024039 0.034622 -0.000999 -0.000660 0.000487 0.000859 0.000570 0.016235
0.256935 0.365684 0.452139 0.417195 1.298401 2.678039 2.163274 3.012872 2.407631 1.986533 1.871585 1.066548 0.069734 0.403210 0.362179 0.730431 0.912351 1.178413 1.347728 1.726418 2.080005 1.446805 1.413076 0.982744 0.643117 1.017689 0.810771 0.648854 0.464962 0.699679 0.179476 0.157699 -0.004608 -0.000579 0.004949 0.040371 0.182768 0.111846 0.067204 -0.024844 -0.222377 -0.205406 -0.157150 -0.152823 -0.094082 -0.112354 -0.000326 0.000208 0.002436 0.002431 -0.005860 -0.016298 0.003776 -0.000955 -0.000559 0.000223 0.000777 0.000896 0.007247
2.386769 1.957740 2.332822 2.507386 2.156008 2.455913 1.847638 1.504840 1.086600 1.176854 1.618244 0.761668 0.742294 0.599672 0.005803 0.003116 0.002822 0.099008 0.229343 0.317566 0.182501 0.081162 0.059704 0.299642 0.204454 0.548058 0.493149 0.466344 0.372789 0.259877 -0.021269 -0.005008 -0.006407 -0.000270 0.000473 0.005093 0.059014 0.040863 -0.072938 -0.208721 -0.180519 -0.142988 -0.135951 -0.182340 -0.295795 -0.341244 -0.022323 0.000003 0.004382 0.005781 0.004133 -0.155913 -0.012279 -0.001545 -0.000411 0.000871 0.000952 0.000931 0.007260
1.536157 1.181089 0.553088 0.474084 0.298003 0.425740 0.288766 0.255205 0.259949 0.377041 0.217893 0.460434 0.251447 0.220679 0.006684 0.005891 0.002317 -0.028605 -0.040133 -0.024692 -0.000119 0.000382 0.024097 0.158640 0.581992 0.439582 0.462464 0.446460 0.370917 0.249992 0.086623 -0.026592 -0.000965 -0.000000 0.000965 0.040692 0.037490 0.030782 0.021051 0.007650 0.095713 0.045745 0.119212 0.200766 0.144433 0.058010 -0.006887 -0.005698 0.055528 0.058379 0.060888 0.003942 -0.001905 -0.000516 0.000275 0.004725 0.006574 0.005844 0.006535
1.402785 1.083404 0.533365 0.488344 0.390696 0.242585 0.361157 0.275294 0.275909 0.229325 0.091687 0.144008 0.105735 0.138871 0.006213 0.273755 0.233327 0.288218 0.097582 0.031549 0.000748 0.053364 0.050126 0.185413 0.155737 0.244437 0.341389 0.355907 0.282582 0.215440 -0.002748 -0.004763 -0.000473 0.000270 0.007880 0.118970 0.064028 0.066245 0.054422 0.666980 0.546446 0.611887 0.421047 0.605756 0.335824 0.258007 -0.006931 -0.006915 -0.028110 -0.024975 -0.018560 0.005590 0.003186 0.002648 -0.003040 -0.000667 0.001191 0.001982 -9999.000000
1.372342 0.985941 1.076485 0.508249 0.417094 0.320311 0.193043 0.289507 0.161156 0.003941 0.005065 0.000947 0.027657 0.347713 0.013441 0.199859 0.153421 0.177698 0.116632 0.150855 0.000024 0.080915 0.297754 0.695156 0.420824 0.369650 0.419917 0.414284 0.308710 0.227060 -0.000812 -0.000113 0.011032 0.000008 0.147307 0.400620 0.853109 1.206380 1.201258 1.229792 0.930153 0.991307 0.711167 0.852121 0.396363 0.357640 -0.006218 -0.004515 0.001245 0.002527 0.002020 0.002316 -9999.000000 -9999.000000 -9999.000000 -9999.000000 -9999.000000 -9999.000000 -9999.000000
-0.115658 0.076929 0.310967 0.300721 0.289008 0.246741 0.195558 0.121928 0.063817 0.026139 -0.001070 0.000005 0.001036 0.044837 0.053069 0.094731 0.658763 0.867670 1.069024 0.733393 0.323042 0.221603 0.324971 0.551633 0.213574 0.345706 0.113887 0.000933 0.183102 0.213825 0.235549 0.254028 0.330929 0.358295 0.272745 0.413153 0.332366 0.495136 0.429503 0.039301 0.358265 0.301619 0.349407 0.204571 0.076900 -0.439300 -0.016831 -0.000222 0.000222 -9999.000000 -9999.000000 -9999.000000 -9999.000000 -9999.000000 -9999.000000 -9999.000000 -9999.000000 -9999.000000 -9999.000000
0.027830 0.084153 0.061995 0.098339 0.130762 0.127595 0.108892 0.080106 0.059967 -0.046540 -0.010289 0.000000 0.009531 0.081090 0.084714 0.091298 0.029316 0.039846 0.346046 0.251948 0.229199 0.165056 0.157888 0.258319 0.631081 0.273461 0.107249 -0.001467 0.000368 0.207300 0.218780 0.230462 0.292065 0.341900 0.687977 0.393051 0.021497 -0.002704 0.053959 0.050489 0.413258 0.502144 0.484581 0.570402 0.213544 0.009420 0.004656 0.003830 -9999.000000 -9999.000000 -9999.000000 -9999.000000 -9999.000000 -9999.000000 -9999.000000 -9999.000000 -9999.000000 -9999.000000 -9999.000000
0.077364 0.040971 0.015065 0.005839 0.006609 0.051101 0.026911 0.002238 -0.014881 -0.001453 -0.002561 0.000653 0.002422 -0.050045 -0.052174 -0.000360 0.000360 0.024282 0.340022 0.233569 0.103011 0.137910 0.180674 0.079338 0.029312 0.016338 -0.000656 -0.000713 0.000266 0.000751 0.052330 0.059328 0.057023 0.002493 0.004138 -0.006875 -0.269602 -0.239854 0.041877 0.740188 0.820652 0.551216 0.383188 0.086947 0.000370 0.002731 -9999.000000 -9999.000000 -9999.000000 -9999.000000 -9999.000000 -9999.000000 -9999.000000 -9999.000000 -9999.000000 -9999.000000 -9999.000000 -9999.000000 -9999.000000
0.182371 -0.001138 0.000997 0.002634 0.044467 0.078350 -0.030119 -0.087381 -0.122953 -0.147518 -0.001317 -0.000997 -0.033444 -0.284398 -0.267622 -0.000360 0.000360 0.064597 0.575709 0.008062 0.087480 0.180245 0.198122 0.099056 0.041174 0.010499 0.071247 -0.000751 -0.000266 0.000713 0.000656 0.053873 0.039924 0.029163 0.008538 0.002361 -0.071576 0.022377 0.105620 0.381519 0.177552 0.016072 -0.263087 -0.094172 -0.000208 0.000326 -9999.000000 -9999.000000 -9999.000000 -9999.000000 -9999.000000 -9999.000000 -9999.000000 -9999.000000 -9999.000000 -9999.000000 -9999.000000 -9999.000000 -9999.000000
0.010041 0.006346 0.006795 0.008099 0.030649 0.015139 0.009412 -0.104586 -0.170045 -0.253020 -0.276967 -0.181278 -0.090037 -0.004544 0.020039 0.289841 0.442637 1.054818 0.633850 0.355362 0.035131 0.034558 0.049403 0.130350 0.671100 0.686806 0.857695 0.882572 0.774680 0.647134 0.559413 1.362654 0.132265 -0.000681 0.000000 0.000681 0.009064 0.187124 0.157204 0.000101 0.095222 0.113621 0.149372 0.134633 -0.000003 -9999.000000 -9999.000000 -9999.000000 -9999.000000 -9999.000000 -9999.000000 -9999.000000 -9999.000000 -9999.000000 -9999.000000 -9999.000000 -9999.000000 -9999.000000 -9999.000000
0.008990 0.054264 0.018475 0.013843 0.012261 0.008043 0.023305 0.010350 0.000062 -0.015841 -0.000573 -0.053873 -0.155009 -0.127184 0.085642 0.244970 0.354124 0.250543 0.667391 0.000618 0.006391 0.003560 0.048871 0.142185 0.120015 -0.081202 -0.000221 0.000153 0.285703 0.321701 0.382177 0.907377 0.739963 -0.000681 0.000000 0.000681 0.008569 1.106864 0.443764 0.002420 0.257241 0.268839 0.317706 0.251374 -9999.000000 -9999.000000 -9999.000000 -9999.000000 -9999.000000 -9999.000000 -9999.000000 -9999.000000 -9999.000000 -9999.000000 -9999.000000 -9999.000000 -9999.000000 -9999.000000 -9999.000000
0.012789 0.002921 0.001365 0.011628 0.015479 0.016917 0.010606 0.005182 0.004420 0.000194 0.000571 0.036167 0.288177 0.053928 0.033982 0.033279 0.000283 0.221479 0.162368 0.000018 0.002772 0.001973 0.038443 0.080104 0.119307 0.036508 -0.001302 0.000111 0.000770 0.000826 0.012197 0.008402 0.947423 0.943309 1.136463 1.477951 2.612601 1.991278 1.598680 1.655785 0.720236 0.542032 0.457438 0.000000 -9999.000000 -9999.000000 -9999.000000 -9999.000000 -9999.000000 -9999.000000 -9999.000000 -9999.000000 -9999.000000 -9999.000000 -9999.000000 -9999.000000 -9999.000000 -9999.000000 -9999.000000
0.140270 -0.000371 0.000558 0.009594 0.015672 0.019178 0.006785 0.000536 -0.000208 0.000326 0.007172 0.007001 0.048259 0.705066 0.863833 0.148493 0.333114 0.453744 -0.000355 0.000531 0.064863 0.080821 0.062769 0.031132 0.073616 0.081998 -0.016629 -0.000218 0.000523 0.009895 0.089901 0.036796 0.274273 1.337291 1.190276 1.385578 1.173042 0.706168 0.577227 0.503122 0.543203 0.253434 0.000765 -9999.000000 -9999.000000 -9999.000000 -9999.000000 -9999.000000 -9999.000000 -9999.000000 -9999.000000 -9999.000000 -9999.000000 -9999.000000 -9999.000000 -9999.000000 -9999.000000 -9999.000000 -9999.000000
0.087021 0.035459 0.000020 -0.004721 -0.003644 -0.000326 0.000208 0.014737 -0.000003 0.006671 0.016278 0.018653 0.013240 0.266267 0.588775 0.304106 0.060907 -0.031259 -0.000504 0.001500 0.014601 0.038462 0.047661 0.035633 0.075578 0.037661 -0.000453 0.000639 0.001220 0.019592 0.146264 0.056305 0.377563 1.272657 0.796454 0.094943 0.053974 0.016104 -0.012391 0.011745 0.180247 0.157537 0.000000 -9999.000000 -9999.000000 -9999.000000 -9999.000000 -9999.000000 -9999.000000 -9999.000000 -9999.000000 -9999.000000 -9999.000000 -9999.000000 -9999.000000 -9999.000000 -9999.000000 -9999.000000 -9999.000000
0.125788 0.098069 0.023061 0.009472 0.012047 0.009985 0.000003 0.093179 0.204521 0.198708 0.043829 0.041326 0.037776 0.477505 0.493063 0.315792 0.153941 -0.001900 0.001099 0.003846 0.002162 0.004063 0.024309 0.035089 0.034670 0.019748 0.008015 0.002812 0.026346 0.018648 0.205473 1.134756 2.039028 0.591020 0.320594 0.158004 -0.000636 0.001209 0.009469 0.541767 0.506958 0.144831 0.002088 -9999.000000 -9999.000000 -9999.000000 -9999.000000 -9999.000000 -9999.000000 -9999.000000 -9999.000000 -9999.000000 -9999.000000 -9999.000000 -9999.000000 -9999.000000 -9999.000000 -9999.000000 -9999.000000
0.299308 0.229124 0.257888 0.212118 0.235784 0.350643 0.405792 0.470280 0.521484 0.561139 0.630221 0.774383 1.072263 1.055774 0.872004 -0.003596 -0.002704 0.001833 0.007655 0.007356 0.019764 0.034224 0.008518 0.057752 0.062290 0.038867 0.118282 0.101603 0.067195 0.032193 0.225272 0.975144 1.345834 0.279134 0.001584 -0.000371 -0.000959 0.002852 0.002173 0.037194 -0.011837 -0.134067 0.000099 -9999.000000 -9999.000000 -9999.000000 -9999.000000 -9999.000000 -9999.000000 -9999.000000 -9999.000000 -9999.000000 -9999.000000 -9999.000000 -9999.000000 -9999.000000 -9999.000000 -9999.000000 -9999.000000
0.077745 0.090264 0.154106 0.209934 0.230126 0.300457 0.371727 0.312472 0.357930 0.374584 0.599184 0.656669 0.978446 0.612301 0.019776 0.003219 0.004376 0.012552 0.015199 0.011761 0.004098 0.009609 0.005296 0.078652 0.084800 0.049288 0.082859 0.071122 0.041054 0.016806 0.180310 0.196503 0.168048 0.070084 -0.000635 -0.000294 0.000018 0.001307 0.002083 0.016759 0.061678 0.000155 -9999.000000 -9999.000000 -9999.000000 -9999.000000 -9999.000000 -9999.000000 -9999.000000 -9999.000000 -9999.000000 -9999.000000 -9999.000000 -9999.000000 -9999.000000 -9999.000000 -9999.000000 -9999.000000 -9999.000000
0.148736 0.000754 0.051017 0.185292 0.317473 0.347633 0.359154 0.376259 0.372048 0.345216 0.460965 0.352499 0.328106 0.011838 -0.002950 -0.010978 0.009397 0.022739 0.021983 0.010606 0.041662 0.074693 0.185357 0.085706 -0.000445 0.000299 0.008275 0.094438 0.360788 0.286186 0.214935 0.096522 -0.001866 -0.002762 -0.000847 -0.000025 0.000829 0.007139 0.006240 0.012472 0.007085 0.003290 -9999.000000 -9999.000000 -9999.000000 -9999.000000 -9999.000000 -9999.000000 -9999.000000 -9999.000000 -9999.000000 -9999.000000 -9999.000000 -9999.000000 -9999.000000 -9999.000000 -9999.000000 -9999.000000 -9999.000000
0.030879 0.010471 0.002755 0.109069 0.916396 -0.019156 -0.037705 0.006270 0.068886 0.592266 0.537318 0.380994 0.271146 -0.000249 0.000084 0.001097 0.056761 0.045847 0.026857 0.038892 0.018888 0.020538 0.008547 0.051075 -0.000891 0.000381 0.000778 0.013543 0.007537 0.036672 -0.102889 -0.089713 -0.002951 -0.005439 -0.001600 -0.000171 0.001583 0.011071 0.009223 0.014941 0.007790 0.003052 -9999.000000 -9999.000000 -9999.000000 -9999.000000 -9999.000000 -9999.000000 -9999.000000 -9999.000000 -9999.000000 -9999.000000 -9999.000000 -9999.000000 -9999.000000 -9999.000000 -9999.000000 -9999.000000 -9999.000000
0.004116 0.001827 0.000881 0.069164 0.211625 0.005359 0.002414 0.304965 0.096008 0.050451 0.028499 0.028485 0.019403 -0.000360 0.000360 0.010649 0.175849 -0.000121 0.030865 0.078823 0.054804 0.018181 0.006654 0.075411 0.002655 0.000014 0.006598 0.037342 0.013733 0.298964 0.255927 0.150393 -0.193811 -0.013397 -0.000962 -0.000483 0.000418 0.000856 0.000823 0.003012 -9999.000000 -9999.000000 -9999.000000 -9999.000000 -9999.000000 -9999.000000 -9999.000000 -9999.000000 -9999.000000 -9999.000000 -9999.000000 -9999.000000 -9999.000000 -9999.000000 -9999.000000 -9999.000000 -9999.000000 -9999.000000 -9999.000000
-0.000115 0.000530 0.159266 0.145909 0.097713 0.052766 0.137263 0.016212 0.016896 0.044773 0.043116 0.046658 0.035288 -0.000360 0.000360 0.010719 0.012299 -0.005027 0.000000 0.024484 0.461901 0.940040 1.285629 1.849729 2.173179 2.080426 2.659471 2.154292 1.763980 2.271883 1.692035 1.510651 0.701537 0.580762 -0.000032 -0.047678 -0.008915 -0.000282 0.000425 -9999.000000 -9999.000000 -9999.000000 -9999.000000 -9999.000000 -9999.000000 -9999.000000 -9999.000000 -9999.000000 -9999.000000 -9999.000000 -9999.000000 -9999.000000 -9999.000000 -9999.000000 -9999.000000 -9999.000000 -9999.000000 -9999.000000 -9999.000000
0.227742 0.264165 0.285127 0.232783 0.172457 0.097634 0.019367 -0.087729 -0.208951 -0.116812 0.011037 0.084540 0.071796 -0.001127 0.000213 0.001276 0.011143 0.006029 0.000000 0.011736 0.476139 0.820879 0.810506 1.051834 1.302797 1.388380 2.243078 2.906227 2.041024 2.655520 1.556952 1.526938 0.906180 0.952152 0.837731 1.032818 -0.000403 -9999.000000 -9999.000000 -9999.000000 -9999.000000 -9999.000000 -9999.000000 -9999.000000 -9999.000000 -9999.000000 -9999.000000 -9999.000000 -9999.000000 -9999.000000 -9999.000000 -9999.000000 -9999.000000 -9999.000000 -9999.000000 -9999.000000 -9999.000000 -9999.000000 -9999.000000
0.464206 0.196456 0.255279 0.234683 0.189984 0.093529 0.226085 0.207787 0.236037 0.191550 0.203064 -0.019707 -0.000489 0.000215 -0.021544 -0.030521 0.167581 0.112163 0.086891 0.247447 0.179223 0.091637 0.188058 0.310955 0.220248 0.076955 0.109758 1.027432 0.776933 0.976829 0.610762 1.417653 0.824360 0.946924 0.840016 -9999.000000 -9999.000000 -9999.000000 -9999.000000 -9999.000000 -9999.000000 -9999.000000 -9999.000000 -9999.000000 -9999.000000 -9999.000000 -9999.000000 -9999.000000 -9999.000000 -9999.000000 -9999.000000 -9999.000000 -9999.000000 -9999.000000 -9999.000000 -9999.000000 -9999.000000 -9999.000000 -9999.000000
0.806084 0.187021 0.252726 0.224902 0.183813 0.471901 1.156770 0.768151 0.615978 0.565226 0.076693 -0.000137 0.000553 0.221242 0.382538 0.361160 0.629153 0.438236 0.120769 0.091537 0.038482 0.191751 0.223194 0.322435 0.253325 0.102304 0.089815 0.030310 0.298289 -0.000803 0.000619 0.453719 0.604367 0.819524 0.762735 -9999.000000 -9999.000000 -9999.000000 -9999.000000 -9999.000000 -9999.000000 -9999.000000 -9999.000000 -9999.000000 -9999.000000 -9999.000000 -9999.000000 -9999.000000 -9999.000000 -9999.000000 -9999.000000 -9999.000000 -9999.000000 -9999.000000 -9999.000000 -9999.000000 -9999.000000 -9999.000000 -9999.000000
