use_cases/Flooding_chicago/flooding_data/output/hUx_1140.asc
ncols 337
nrows 393
xllcorner 428428.000000
yllcorner 4602440.000000
cellsize 26.757400
NODATA_value -9999.000000
[rows 78 to 103 of 393, columns 177 to 235 of 337]
-0.315541 -0.108062 -0.005894 0.000000 0.007189 0.041483 -0.025654 -0.010792 -0.000734 0.000333 0.014960 0.032362 0.034790 0.066222 0.094462 0.031182 0.007705 0.204407 0.949834 0.241345 0.503972 0.837844 0.654853 0.759675 0.346602 0.972752 0.923090 0.921455 0.879029 1.795755 0.683673 0.443048 0.916810 0.769941 0.591862 0.214336 -0.015444 -0.000006 0.002739 0.029455 0.022077 0.000658 -0.000440 -0.000349 -0.000079 0.000066 0.000583 0.006434 0.200917 0.410393 -0.000432 -0.000551 -0.000804 -0.000611 -0.001289 -0.000907 -0.001045 -0.001048 -0.000315
-0.149960 -0.170771 -0.208915 -0.000397 -0.001476 -0.001232 -0.000834 -0.001234 -0.002086 -0.000203 0.000299 0.002599 0.028848 0.061746 0.120375 0.401376 0.011452 0.115481 0.368235 0.132546 0.348331 0.221429 0.747535 0.243463 0.796065 0.667349 0.694095 1.506290 1.383925 1.234534 1.370016 0.675291 0.714614 0.744404 0.829943 0.938520 0.941960 0.730528 0.445911 0.201643 0.993121 1.208036 1.442873 1.476457 2.484421 0.764609 -0.224438 -0.736567 -0.505309 -0.266886 0.029921 0.039133 0.406658 0.346115 0.227912 -0.011457 -0.010003 -0.000185 0.000275
-0.083437 -0.241661 -0.312564 -0.304015 -0.283682 -0.016945 -0.025315 -0.006957 0.000001 0.000479 0.002399 0.027577 0.037720 0.035053 0.045777 0.068532 0.575810 0.562850 -0.000163 0.000908 0.003790 -0.000277 -0.001362 -0.000003 0.000904 0.000588 0.044188 0.031794 -0.073778 -0.050341 0.150975 0.293682 0.227078 0.206289 0.010029 0.129934 0.000890 0.640525 1.574820 1.019245 0.927192 0.326321 0.281023 1.105374 1.033364 0.954188 0.823098 0.559024 0.599823 0.642686 0.549098 0.860560 0.739400 1.016404 1.021143 1.064386 0.798623 0.177986 -0.177375
-0.000301 -0.001613 -0.179077 -0.455399 -0.451490 -0.602984 -0.013212 -0.000722 0.000086 0.008963 0.025924 0.006225 0.011654 0.024588 0.039344 0.056552 0.006273 -0.002754 0.000141 0.016329 0.033815 0.000678 -0.004130 -0.000068 0.000367 0.000291 0.007456 0.018571 0.070664 -0.121595 0.039617 0.178149 0.241427 0.150769 0.016783 0.017738 0.012187 0.069819 0.503161 0.665902 0.616512 0.206151 0.202985 0.206244 0.177758 0.582060 1.115698 0.979501 0.928973 0.764281 0.495713 0.774221 0.476624 0.424157 0.652591 0.687667 0.550930 0.304427 0.280619
0.001037 0.002542 0.034517 0.005319 -0.381072 -0.744087 -0.031630 -0.009552 0.000000 0.004204 0.011408 0.023569 0.023055 0.022106 0.031705 0.002892 -0.004822 0.000000 0.006475 0.014597 0.019518 0.012851 -0.023374 -0.007018 -0.000115 0.000398 0.009542 0.019816 0.026043 0.085991 0.661736 0.684943 0.641327 0.174111 0.020551 0.028633 0.023425 0.028138 0.028798 0.002879 0.001212 0.105160 0.138332 0.181067 0.155743 0.431593 0.957347 1.137113 0.878758 0.740709 0.467061 0.304238 0.091593 -0.109408 -0.041036 0.038483 0.008635 0.083165 0.209118
0.002386 0.028961 0.109177 0.612997 0.487746 -0.505572 -0.027106 -0.000188 0.000265 0.000897 0.001376 0.008808 0.015795 0.003671 -0.000974 -0.017147 -0.006811 0.000000 0.008815 0.014078 0.001297 0.007157 0.013487 0.001251 0.000000 0.002215 0.001304 0.005294 0.017190 0.019553 0.100656 0.258903 -0.077227 -0.013517 -0.003239 0.015879 0.014994 0.006385 0.001299 0.000338 0.008502 0.147130 0.190135 0.095460 -0.000000 0.118483 0.373430 0.798059 0.431240 0.323020 0.046474 -0.000160 -0.072962 -0.606534 -0.842770 -0.911941 -0.602903 -0.235896 -0.065007
0.024925 0.054068 0.072237 0.053150 -0.209921 -0.011061 -0.000297 0.002445 0.031140 0.089525 0.023344 0.029350 0.053384 0.006898 -0.033677 -0.016679 -0.010628 0.000000 0.003006 0.002575 0.001500 0.007906 0.009194 0.009729 0.010043 0.002222 0.009073 0.018286 0.005605 0.001173 0.007370 -0.255666 -0.025676 -0.026335 -0.029729 -0.279652 -0.155954 -0.006606 -0.000002 0.006699 0.016081 0.166472 0.091165 0.018703 -0.000010 0.004918 0.135665 0.503738 -0.022273 -0.092242 -0.057221 -0.008377 0.000070 0.009646 0.028400 -0.319976 -0.143540 -0.000498 -0.000086
0.030345 0.042590 0.057079 0.006542 0.000935 -0.000123 0.001068 0.029961 0.086468 0.117074 0.230161 0.107071 0.037484 -0.105890 -0.025858 -0.009212 -0.001271 -0.000559 -0.000421 0.002171 0.001730 0.008044 0.018517 0.020607 0.033718 0.102614 0.004804 -0.083922 -0.009811 -0.000144 0.000399 0.013529 0.142198 0.050207 0.023103 -0.002258 -0.074445 -0.009534 -0.000109 0.000384 0.005619 0.340099 0.148927 -0.000592 -0.000300 -0.000000 0.004884 0.007439 0.001081 0.000719 0.004419 -0.000308 0.001187 0.001672 0.004933 0.043297 0.014050 -0.000326 0.000208
0.028671 0.050010 0.001358 -0.025281 -0.006421 0.000000 0.015894 0.053845 0.010982 0.013075 0.025251 0.161681 0.066760 0.017190 0.015104 0.002783 -0.000561 -0.000668 -0.000385 0.000589 0.020918 0.043883 0.087614 0.353984 0.258103 0.127021 0.040750 0.048319 -0.136824 -0.000753 0.021920 0.042962 0.141053 -0.001249 -0.002346 -0.030535 -0.016594 0.002435 0.001358 0.007334 0.252438 0.187306 -0.014383 -0.008603 -0.000434 -0.000011 0.000494 0.008760 0.021805 0.029238 0.044579 0.000009 0.001953 0.027400 0.079539 0.035924 0.016823 0.002572 0.000003
0.002279 0.001361 -0.098615 -0.012791 -0.004500 0.000000 0.002037 -0.000267 -0.000306 0.000424 0.013721 0.139480 0.052509 0.102703 0.042508 0.009562 0.001779 -0.000556 -0.000332 0.000065 0.001854 0.011670 0.019800 0.414079 0.398284 0.377943 0.363525 0.452544 -0.158516 -0.014413 -0.000170 -0.000123 -0.009033 -0.013471 -0.005592 -0.000023 0.002268 0.035960 0.077094 0.152422 0.102803 -0.000296 -0.023141 -0.019114 -0.005878 0.000000 0.007151 0.013665 0.018705 0.023186 0.023959 0.003488 0.024201 0.054600 0.089685 0.036189 0.094351 0.893676 -0.000210
-0.011634 -0.000669 -0.001246 -0.002888 -0.002554 -0.002316 -0.008564 -0.007624 -0.000362 0.000654 0.006467 0.082452 0.228224 0.130979 0.080748 0.026134 0.005260 -0.019129 -0.006076 -0.000099 0.000226 0.010175 0.018417 -0.185840 -0.269898 -0.304229 -0.532836 -0.785029 -1.539582 -0.032973 -0.003907 -0.001031 -0.000474 -0.000046 0.000094 0.004284 0.014389 0.005700 0.046406 0.082028 0.024502 -0.166737 -0.493880 -0.013958 -0.005878 0.000000 0.007151 0.013652 0.027710 0.039663 0.022142 0.004050 0.009338 0.019289 0.021802 0.051726 0.095663 0.390242 0.225975
-0.006194 -0.000534 -0.001008 -0.002433 -0.015519 -0.026686 -0.020082 -0.000654 0.000362 0.016031 0.038227 0.031676 0.028053 0.105334 0.087686 0.026092 0.008499 -0.294110 -0.012306 -0.000102 0.000136 0.002339 0.002355 0.108770 0.280081 0.362267 0.505886 0.351973 -0.223034 -0.085310 -0.045490 -0.023328 -0.005647 -0.000010 0.004233 0.013209 0.019022 0.027399 0.007437 0.014823 0.079449 0.020276 -0.385175 -0.025808 -0.008920 0.000000 0.009405 0.030148 0.008762 0.025537 0.030318 0.020677 0.004753 0.024103 0.026215 0.030880 0.028494 0.006137 0.412993
0.003117 -0.000590 -0.002157 -0.021216 -0.041374 -0.021517 -0.009790 -0.000424 0.000306 0.008917 0.019962 0.030884 0.027707 0.063501 0.455187 0.185464 0.000802 0.147699 0.212719 0.211134 -0.001157 0.001170 0.023387 0.071234 0.140332 -0.098964 -0.341928 -0.035161 -0.033269 -0.034382 -0.038621 -0.037884 -0.015597 -0.000507 0.000062 0.005254 0.014476 0.019682 0.035279 0.043635 0.098191 0.096510 0.153442 -0.037322 -0.004456 0.000000 0.000399 0.002705 0.002045 0.012689 0.027668 0.042594 0.014902 0.034244 0.086579 0.159775 0.651894 0.598029 0.677668
0.006942 -0.003626 -0.062183 -0.059715 -0.058784 -0.026782 -0.007492 -0.000095 0.000089 0.007270 0.022306 0.029428 0.037776 0.714950 0.449951 0.278368 0.213950 0.034290 0.006602 0.008326 -0.002888 0.002037 0.003310 0.228719 1.228101 0.052947 -0.069804 -0.051164 -0.039108 -0.020477 -0.020065 -0.019808 -0.012821 -0.005709 -0.000222 0.000222 0.005483 0.031139 0.048888 0.039858 0.118982 0.039522 0.056118 0.113436 -0.036821 -0.000240 0.000087 0.001402 0.000977 0.001346 0.001432 0.006268 0.004482 0.025997 0.092461 0.173390 0.522291 0.413870 0.426422
-1.069938 -0.838852 -0.435261 -0.191712 -0.085769 -0.031667 -0.007185 -0.000002 0.004954 0.018697 0.025885 0.031616 0.053292 0.743232 0.454160 0.354181 0.293806 0.214120 0.255038 0.167266 0.216122 0.247578 0.316217 0.283701 0.210095 0.110003 -0.022796 -0.015560 -0.007094 -0.031810 -0.014726 -0.012501 -0.016026 -0.009379 -0.000103 0.000103 0.028795 0.032602 0.058527 0.244215 0.120438 0.000895 0.000825 0.178036 0.009298 0.002020 0.013540 0.012123 0.000984 0.021395 0.008914 0.005022 0.009405 0.008397 0.032932 0.099677 0.233160 0.042947 0.081903
-0.013635 -0.050947 -0.066269 -0.190798 0.000000 -0.001005 0.000032 0.000515 0.000529 0.004453 0.008325 0.008899 0.026402 0.373754 0.077743 0.165202 0.252487 0.300679 0.197168 0.155069 0.138751 0.234950 0.355196 0.526750 0.417094 -0.248085 -0.021046 -0.027019 -0.007550 -0.030994 -0.034942 -0.034081 -0.027210 -0.008563 -0.000082 0.000082 0.005211 0.027527 0.030903 0.024771 0.042626 0.021612 0.004596 0.024187 0.040563 0.004665 0.012477 0.262482 0.327638 0.145037 0.304281 0.211197 0.000196 0.003220 0.011023 0.032821 0.164754 0.257698 0.233351
0.622532 0.505777 0.294038 -0.187296 0.000000 0.007689 0.049328 0.002858 -0.004805 0.012584 0.041079 0.025197 0.164478 0.141909 -0.076691 -0.101841 -0.102239 -0.040223 -0.018886 -0.028921 0.017834 0.162264 0.289419 0.409330 0.072792 -0.551390 -0.089495 -0.015123 -0.021483 -0.005019 -0.014934 -0.008218 -0.002335 -0.005227 -0.001573 0.000071 0.006131 0.030812 0.051536 0.060868 0.071738 0.123168 0.052920 0.134304 0.215770 0.275539 0.167382 0.457972 0.494380 0.179568 0.330403 0.223513 0.000784 0.002849 0.002573 0.158974 0.325820 0.201257 0.383034
0.410380 0.246547 0.194271 0.042690 -0.001936 -0.089367 -0.081323 -0.084182 0.010398 0.032872 0.039207 0.145500 0.070597 0.023867 0.015584 0.148608 0.064999 0.074958 0.054617 0.002622 -0.038983 -0.083604 -0.100912 -0.149212 -0.494253 -0.034374 -0.020794 -0.011400 -0.010347 0.012600 -0.061072 -0.076361 -0.098209 -0.058743 -0.007871 0.000874 0.007065 0.026057 0.035668 0.008792 0.022557 0.094704 0.042403 0.124759 0.181616 0.279696 0.200651 0.779179 0.255696 0.154870 0.323412 0.231556 -0.000531 0.000918 0.327461 0.329911 0.275015 0.201285 0.145038
0.171804 0.056234 0.022019 -0.058961 -0.047912 -0.028247 -0.014401 -0.004016 -0.030137 -0.011894 -0.004175 -0.000360 0.000360 0.023273 0.075357 0.635719 0.435261 0.340581 0.159397 0.383213 0.278521 0.226683 0.299187 -0.070237 -0.011523 -0.038165 -0.025846 -0.018316 -0.000013 0.063896 -0.412859 -0.109448 -0.071907 -0.045123 -0.007025 -0.000027 0.000402 0.010284 0.019005 0.004540 0.010633 0.019188 0.023230 0.025543 0.075577 0.190014 0.141319 0.690699 0.232672 0.788268 0.767234 0.802980 1.623904 1.375244 2.103421 1.385973 0.531645 0.415631 0.309229
0.128504 0.045386 0.028391 0.035856 0.049220 0.032326 0.010252 -0.000209 0.001662 0.013922 0.006932 -0.000360 0.000360 0.029453 0.116250 0.534666 0.280274 0.194828 -0.012624 0.001453 0.134997 0.240348 -0.143324 -0.240695 -0.235574 -0.266131 -0.037630 -0.009927 -0.000401 0.000555 -0.958345 -0.054301 -0.037472 -0.033378 -0.011481 0.000000 0.008800 0.020364 0.029783 0.005481 0.003624 0.021387 0.034781 0.040068 0.029467 0.512588 0.598048 0.561441 0.228079 0.813789 0.902398 1.958006 1.743610 2.161070 2.023684 1.318632 1.306029 0.510552 0.393980
0.267947 0.246262 0.179752 0.103402 0.045838 -0.002964 -0.000682 0.000005 0.015187 0.136395 0.051118 0.295673 0.104637 0.069218 0.185199 0.596319 0.257664 0.160702 0.023742 0.000601 -0.089598 -0.060519 -0.042213 -0.065043 -0.064476 0.092431 -0.036539 -0.049251 -0.000330 0.000396 -0.586563 -0.048766 -0.035528 -0.014177 -0.000660 0.000055 0.012882 0.035407 0.020152 0.002083 0.001494 0.023724 0.028121 0.028262 0.024301 0.482119 0.409517 0.487787 0.518479 0.192488 0.110711 0.038680 0.059180 0.011544 0.271429 0.462144 0.307437 0.331485 0.314220
0.240409 0.058670 0.017988 -0.005939 -0.062873 -0.017230 -0.000395 0.000057 0.000381 0.080767 0.038670 0.059653 0.058280 0.033511 0.043532 -0.517304 -0.863626 -0.636168 -0.321816 -0.334715 -0.261277 -0.173730 0.027661 0.102367 0.111439 0.124808 -0.141952 -0.032062 -0.001050 0.001127 -0.756379 -0.371624 -0.037741 -0.011292 -0.000076 0.000044 0.006512 0.023646 0.057487 0.015160 0.005142 0.005916 0.026337 0.110535 0.708529 1.339338 0.922325 0.746850 0.545924 0.168663 0.090301 0.000062 0.001390 0.001057 -0.101762 -0.090945 0.046890 0.000915 0.000699
-0.168443 -0.001719 -0.002600 -0.003994 -0.010471 -0.005842 -0.000381 -0.000015 0.000220 0.014690 0.721929 -0.030417 -0.000145 0.000222 0.031761 0.603804 0.393783 -0.063259 -0.259608 -0.304055 -0.207625 0.048623 0.171991 0.346019 0.214060 -0.089084 -0.823119 -0.020397 -0.000445 0.000661 -0.226525 -0.251669 -0.012204 -0.000202 0.000279 0.000058 0.000508 0.001702 0.013009 0.007620 0.129591 0.007565 0.075184 0.828835 2.460977 0.446567 0.251290 0.022963 -0.005638 -0.000204 -0.000107 0.001228 0.004805 0.003435 0.000855 0.136081 0.123584 -0.001622 -0.001299
-0.060370 -0.003878 -0.008914 -0.032805 -0.034876 -0.026192 -0.011109 -0.000120 0.000106 0.010037 0.032370 -0.007817 0.000025 0.009376 0.020308 0.026058 0.143434 -0.013153 0.000003 0.012915 0.258085 0.263585 0.428127 0.503985 0.100773 -0.001010 -0.022905 -0.009368 -0.000019 -0.076989 -0.045774 -0.024059 -0.000973 -0.000136 0.000195 0.012310 0.003627 -0.020179 -0.035068 -0.015767 0.001072 0.016108 0.175172 -0.350592 -0.097448 -0.000242 0.000000 -0.000070 0.000003 0.000787 0.001817 0.005837 0.003137 -0.000360 0.000360 0.012620 0.148346 0.104644 -0.004462
-0.050642 -0.004889 0.027924 -0.029901 -0.015862 -0.012594 -0.004594 -0.000326 0.000208 0.004308 0.015115 0.000081 0.000737 0.000616 0.006342 0.016341 0.091137 -0.000326 0.000208 0.023734 0.225408 0.025429 -0.134872 -0.023809 -0.007069 0.000000 0.005878 0.035545 -0.037102 -0.036476 -0.020396 0.003811 -0.007941 -0.037253 -0.057647 -0.030079 0.264880 0.323014 0.047745 0.060627 0.053625 0.107491 0.097291 0.111972 -0.030898 -0.010356 -0.004544 -0.000222 0.000222 0.003946 0.014062 0.003006 0.004952 -0.000360 0.000360 0.007941 0.132998 0.062561 -0.001353
-0.023866 -0.458050 -0.440377 -0.028115 -0.009111 -0.003392 -0.015032 -0.007268 0.000003 0.015635 0.022826 0.006524 0.003580 0.001663 0.001583 0.005386 0.046419 0.712210 0.000058 0.258219 0.395062 0.310934 0.072745 -0.018483 -0.007116 0.000000 0.005878 -0.545266 -0.755870 -0.370043 -0.340798 -0.235212 -0.043133 -0.058807 -0.031523 -0.004493 -0.054909 0.099922 0.171222 0.063018 0.050337 0.120190 0.106222 0.422453 -0.071545 -0.429385 -0.006737 -0.000005 0.000232 0.000436 0.001331 0.001163 0.005655 0.002051 0.008534 0.044575 0.026360 0.034516 0.021583
