use_cases/Flooding_chicago/flooding_data/output/hUx_420.asc
ncols 337
nrows 393
xllcorner 428428.000000
yllcorner 4602440.000000
cellsize 26.757400
NODATA_value -9999.000000
[rows 182 to 207 of 393, columns 236 to 294 of 337]
-0.003890 -0.025854 -0.110650 -0.011758 -0.001158 -0.005094 -0.018917 -0.008146 -0.000401 0.000555 0.006863 0.010917 0.225220 0.543092 -0.072581 0.000024 0.010120 0.005102 -0.019036 -0.028683 -0.011949 0.000000 0.006938 0.126384 0.081260 0.055156 0.056969 0.017055 0.020247 -0.001360 -0.001275 -0.000362 -0.000782 0.000172 0.004209 0.017398 0.031896 0.021060 -0.050787 -0.003766 -0.005237 0.006620 0.008345 -0.174239 -0.343888 -0.134777 -0.052489 0.000000 0.043984 0.040849 0.112218 -0.000073 -9999.000000 -9999.000000 -9999.000000 -9999.000000 -9999.000000 -9999.000000 -9999.000000
0.000666 0.018981 1.232277 -0.007029 -0.001108 -0.004809 -0.026782 -0.007980 -0.000013 0.006790 0.018059 0.025640 -0.060946 -0.202489 -0.034016 -0.012294 -0.000525 -0.002388 -0.002042 -0.005225 -0.000805 0.000097 0.051031 0.055495 0.066300 0.052634 0.096208 0.040888 0.023003 -0.002923 -0.003436 -0.000606 -0.000406 0.000489 0.023467 0.041077 0.054787 0.189522 0.101155 0.096257 -0.007930 -0.002574 0.002333 0.000199 -0.000678 -0.001129 -0.002488 0.000003 -0.038073 -0.051057 -0.157223 -0.001428 -9999.000000 -9999.000000 -9999.000000 -9999.000000 -9999.000000 -9999.000000 -9999.000000
0.001278 0.026514 0.165029 0.022732 -0.014467 -0.000681 -0.001196 -0.000489 -0.000113 0.000238 0.012579 0.116471 -0.120103 -0.012577 -0.001449 -0.000963 -0.002185 -0.005422 -0.000217 0.000510 0.009630 0.019689 0.145596 0.086076 0.081274 0.060119 0.097837 0.050847 -0.000173 -0.001060 -0.001680 -0.000881 -0.000972 0.000090 0.000994 0.018813 0.052195 0.118198 0.007135 -0.001769 -0.011831 -0.014322 -0.000115 0.000053 0.000176 -0.000241 -0.000061 0.000061 0.010072 0.089862 -0.064891 -0.016740 0.000001 -9999.000000 -9999.000000 -9999.000000 -9999.000000 -9999.000000 -9999.000000
0.005913 0.016542 0.032270 0.283191 0.175675 0.135670 0.073505 0.126966 -0.000112 0.000095 -0.329258 -0.689407 -0.474624 -0.016190 -0.008402 -0.000965 -0.000787 -0.000414 0.000942 0.001212 -0.004494 0.060094 0.069945 0.237805 0.052599 0.046837 0.027879 0.012246 0.009254 0.004612 0.001471 0.000197 -0.000585 -0.000264 0.000479 0.017915 0.060976 0.043686 -0.096363 -0.230339 -0.054310 -0.012117 -0.000473 0.000023 0.000293 -0.000548 -0.000140 0.000140 0.000581 0.000444 -0.000135 -0.000483 0.000027 -9999.000000 -9999.000000 -9999.000000 -9999.000000 -9999.000000 -9999.000000
0.031076 0.008037 0.018671 0.021870 0.004656 0.095739 0.088353 0.379487 0.400807 0.310288 1.007191 0.774094 0.524175 -0.038150 -0.033106 -0.001188 -0.000694 0.000822 0.000906 0.009998 0.156630 0.057254 -0.000000 -0.003329 -0.007975 -0.006014 0.000725 0.002035 0.021079 0.087850 0.016191 0.002907 0.000177 -0.000252 -0.000301 0.001238 0.001946 0.019035 0.191786 -0.020330 -0.005240 -0.026441 -0.005684 0.000000 0.000308 -0.000590 -0.000222 0.000222 -0.000805 -0.000813 -0.000149 0.000384 0.000841 0.011318 0.015972 -9999.000000 -9999.000000 -9999.000000 -9999.000000
0.045963 0.012224 0.020921 0.023610 0.005485 0.002298 0.001216 0.002583 0.003466 0.151413 0.073737 0.083869 -0.031109 -0.188152 -0.048591 -0.008983 -0.000033 0.008612 0.019556 0.000922 -0.016604 -0.005035 -0.000000 0.000570 0.000634 0.000717 0.012134 0.009750 0.002356 0.081286 0.315531 0.110338 0.168951 0.110107 -0.020532 -0.001269 0.001358 0.036043 0.497635 -0.019500 -0.044245 -0.027306 -0.042285 -0.031112 -0.000563 -0.000831 -0.000289 -0.000410 -0.007571 -0.005462 0.000000 0.000449 0.001247 0.001344 0.016880 0.024718 -9999.000000 -9999.000000 -9999.000000
0.033706 0.113905 0.141262 0.516282 0.230690 -0.000420 0.000409 0.000613 0.003615 0.002554 0.000481 0.000392 -0.000225 -0.000675 0.002549 0.001365 0.001000 -0.074697 -0.436813 -0.416716 -0.015590 -0.003984 -0.000003 0.007253 0.022961 0.031834 0.107188 -0.000222 0.000222 0.008383 0.071018 0.124779 -0.083905 -0.301253 -0.038443 -0.001436 0.001448 0.053966 -0.050893 -0.409417 -0.144862 -0.032212 -0.000000 0.005526 0.004593 0.001457 -0.003702 -0.036852 -0.022016 -0.010222 0.000000 -0.000281 -0.000633 0.000471 0.010403 0.012934 0.005794 0.004069 0.002389
0.015943 0.024196 0.073754 -0.389188 -0.539339 -0.448757 -0.063551 0.000173 0.002432 0.001378 -0.000222 0.000222 0.000468 0.001847 0.009274 0.005294 -0.088302 -0.040834 -0.089141 -0.057416 -0.040080 -0.021077 -0.000208 0.000326 0.007392 0.015574 0.012297 0.011401 0.001014 0.006707 0.009133 0.026081 0.001200 -0.001685 -0.003301 -0.002612 0.002604 0.003038 -0.006242 -0.023766 -0.089777 -0.006364 -0.000013 0.006790 0.083809 0.023524 -0.003094 -0.032840 -0.034202 -0.004827 -0.024036 -0.073871 -0.024863 -0.000873 0.000572 0.014651 0.032643 0.004281 0.024286
0.003270 0.014255 0.025110 0.763016 0.413464 0.333546 -0.001642 -0.000037 0.001679 0.001442 -0.000309 -0.000275 0.000000 0.011546 0.056378 0.415787 0.134390 -0.018062 -0.432942 -0.128904 -0.056905 -0.020187 -0.000224 -0.000006 0.000971 0.011705 0.028998 0.045774 0.010111 0.049945 0.243194 -0.000526 -0.001002 -0.001667 -0.001924 -0.000376 0.000376 0.005072 0.003470 0.096549 0.218019 -0.007297 -0.000401 0.000555 0.006855 0.017305 -0.026584 -0.052034 -0.644303 -0.096934 -0.044457 -0.102253 -0.026347 -0.002766 -0.000880 0.000331 0.000178 0.000247 0.009905
0.016885 0.003754 0.009585 0.027027 0.627065 0.340490 -0.000113 0.001672 0.065549 -0.326872 -0.210112 -0.184727 -0.038506 0.000000 0.016306 0.121989 0.013839 -0.005040 -0.026092 -0.084242 -0.047308 -0.005206 -0.001748 -0.000544 0.000038 0.007365 0.015357 0.048475 0.017435 0.054980 0.151323 0.110994 0.101562 0.078586 0.061354 -0.000723 0.000723 0.007000 0.005081 0.097966 -0.351453 -0.016016 -0.000330 0.000396 0.006778 -0.129694 -0.155456 -0.029106 -0.047037 -0.096091 -0.053739 -0.008591 -0.002122 -0.005126 -0.007053 -0.022112 -0.005878 0.000000 0.005878
0.012288 0.002682 0.009065 0.052171 0.160109 0.056552 0.000240 0.111103 0.169431 0.106893 -0.003357 -0.033198 -0.007965 0.000000 0.000292 0.003527 0.000878 0.000306 0.002827 -0.001215 -0.007582 -0.006696 -0.000621 0.004002 0.020474 0.036897 0.031671 0.011073 0.006289 0.022260 0.012295 0.027763 0.001978 -0.077133 -0.034637 -0.000376 0.000376 0.006144 0.003924 0.112882 -0.082321 -0.108458 -0.000173 0.000181 0.032193 0.185854 0.076375 -0.011280 -0.016792 -0.046754 -0.014106 -0.001875 -0.001525 -0.002252 -0.003856 -0.015091 -0.005878 0.000000 0.005878
0.024189 0.054536 0.096010 0.101301 0.196981 -0.003882 0.002480 0.025394 0.045887 -0.038379 -0.016926 -0.021235 -0.006722 0.000010 0.007729 0.034749 -0.000003 0.007169 0.032776 0.005081 0.000586 -0.002695 0.000000 0.029494 0.036711 0.032643 0.072715 -0.008653 0.000219 0.000821 0.008208 0.006085 -0.007071 -0.150679 -0.082018 -0.001260 -0.001203 0.003816 0.051555 0.013606 -0.407680 -0.164433 -0.000194 -0.000321 0.001409 0.059956 -0.000471 0.000504 -0.155746 -0.156013 -0.008218 -0.003426 -0.000852 -0.000901 -0.001597 -0.001299 -0.000573 -0.000090 0.000284
0.002000 0.005684 0.035271 0.034321 0.029568 -0.000875 -0.001781 -0.001238 0.000087 -0.000039 -0.006451 -0.006264 -0.000360 0.000360 0.006698 0.049520 -0.000208 0.000326 0.001359 0.001281 0.000785 0.001836 0.000672 0.013985 0.068748 0.428794 0.276691 0.166696 -0.029704 -0.000506 0.000807 0.007431 0.002576 -0.058258 -0.038361 -0.032938 -0.003004 0.001447 0.021156 -0.007090 -0.070328 -0.101006 -0.100246 -0.165839 -0.017916 -0.000251 0.000110 0.031034 0.248372 0.154184 -0.002930 0.002300 0.065660 0.032796 -0.017462 0.045173 0.080130 0.038073 -0.000612
-0.001520 0.000977 0.000729 0.010698 0.027882 0.003520 -0.015913 -0.005959 -0.000517 -0.000270 -0.000476 -0.000444 -0.000360 0.000360 0.006698 0.023024 0.002861 0.000949 0.001395 0.001120 0.007652 0.018119 0.001222 0.054005 0.108182 0.041538 -0.015509 -0.101021 -0.000586 -0.001345 0.001552 0.001822 0.001177 0.007016 0.070826 0.032246 -0.005543 -0.002285 -0.000242 -0.000103 0.000880 -0.115079 -0.034892 -0.108098 -0.022870 -0.009780 0.000007 0.006254 0.022455 0.004809 0.003749 0.005945 0.004324 0.084751 0.099817 0.027771 -0.073080 -0.053103 -0.076471
-0.007419 0.000000 0.011457 0.021232 0.024555 0.021980 -0.006093 -0.042888 -0.010061 -0.000222 0.000222 0.006279 0.023507 0.002975 0.023117 0.055440 0.006546 0.003695 0.004932 0.059299 0.083127 0.202037 0.148927 0.024209 0.003079 0.001193 -0.000217 -0.000046 0.000643 0.001973 0.001391 0.001313 0.001063 0.110051 0.067034 -0.014199 -0.009684 -0.001991 -0.002099 -0.000013 0.012858 0.058991 -0.117462 -0.017072 -0.013111 -0.000208 0.000326 0.006033 0.036427 0.019962 0.010730 0.004490 0.004422 0.002064 0.000419 -0.023261 -0.024158 -0.000356 -0.000229
-0.008797 0.000015 0.007458 0.013993 0.016366 0.015474 0.003420 0.000123 -0.002383 -0.001832 0.002424 0.002199 0.011838 0.027308 0.007639 0.025650 0.393389 0.787430 1.441876 1.236462 0.863469 0.675543 -0.027982 -0.000318 -0.000034 0.001011 0.000997 0.003378 0.002006 0.001572 0.003377 0.001962 0.001184 -0.057390 -0.248373 -0.088673 -0.002800 -0.005059 -0.005064 -0.000401 0.000555 0.018842 -0.001573 -0.031542 -0.019462 -0.000003 0.005980 0.207150 0.000000 0.086384 0.155084 -0.096400 -0.220868 -0.031826 -0.001920 -0.011243 -0.006300 -0.000125 0.000125
0.000055 0.000637 0.008050 0.014331 0.016552 0.023823 0.005291 0.000343 0.000211 0.001302 0.001425 0.010320 0.018812 0.006256 0.018255 0.624693 0.457748 0.222410 0.141204 0.053372 -0.350797 -0.309728 -0.027350 -0.000127 0.000393 0.001482 0.001132 0.009237 0.032812 0.300472 0.000239 -0.000264 0.048673 0.047440 -0.189206 -0.139837 -0.002613 -0.004354 -0.003784 -0.000330 0.000396 -0.073037 -0.007335 -0.000000 0.005925 0.005781 0.011991 0.207118 0.000000 0.128265 0.707661 0.360500 -0.089329 -0.072185 -0.015919 -0.013724 -0.006439 0.000000 0.001154
0.000323 0.008901 0.021347 0.025861 0.041412 0.201115 0.163284 -0.001925 0.001315 0.011434 0.004098 0.033864 0.140834 0.085695 0.371544 1.217670 -0.002697 0.002960 0.002552 0.000641 0.003015 0.030419 0.012670 0.000024 0.023767 0.095761 0.046913 0.113684 0.571074 0.321931 0.406739 0.609405 0.638470 0.006005 -0.084889 -0.193419 -0.203224 -0.000897 0.000135 -0.429070 -0.037485 -0.008391 -0.000981 -0.000000 0.000981 0.014258 0.156357 0.138648 0.200718 0.182995 0.107908 0.071512 -0.016951 -0.037816 -0.014834 -0.008320 -0.000821 -0.000110 0.000584
0.000133 0.014470 0.026695 0.439413 -0.011519 -0.195640 -0.477180 -0.016223 0.000000 0.024488 0.068518 0.031758 0.103657 0.086530 0.255736 0.001931 0.002933 -0.003627 -0.000360 0.000360 0.027645 0.168857 -0.000297 0.000449 0.019592 0.067253 0.020816 0.079145 0.252177 0.836781 0.284117 0.008316 -0.012084 -0.000140 0.000288 -0.184005 -0.285138 -0.358918 -0.348258 -0.325358 -0.295086 -0.007365 -0.000745 -0.000000 0.000745 0.008667 0.156887 0.144251 0.160550 0.101513 -0.001059 0.000519 -0.011292 -0.029894 -0.035316 -0.019818 -0.000359 -0.000022 0.000255
-0.000094 0.001362 0.052427 0.147838 0.235171 0.123714 0.058947 -0.000288 0.001710 0.025317 0.095622 0.044226 0.093592 0.064625 0.000036 0.017430 0.007923 -0.001204 -0.000360 0.000360 0.003117 0.003186 -0.000514 0.000241 0.008373 0.016298 0.001861 0.009875 0.152402 0.092591 0.039183 -0.021872 -0.012186 -0.000115 0.002309 -0.002844 -0.016684 -0.000270 -0.000167 0.003627 -0.376855 -0.023754 -0.000343 0.000000 0.000343 0.055389 0.098686 0.032599 -0.001195 -0.002342 -0.008431 0.000046 -0.004870 -0.023844 -0.007578 0.023482 0.017852 0.085183 0.220234
0.034560 0.028813 0.164537 0.114578 -0.000495 -0.000545 -0.000068 0.000129 0.002519 0.001248 0.002042 0.001356 0.002827 0.002142 0.001220 0.025782 0.000000 0.003131 0.014601 0.036136 0.022332 0.036915 -0.001121 -0.000147 0.001069 0.002392 0.001175 0.004563 0.139757 0.063099 -0.036029 -0.012747 -0.000668 0.000264 0.029437 0.028778 0.001404 -0.000157 0.000167 0.028870 -0.158552 -0.216056 -0.179095 -0.015544 -0.009436 0.001463 0.000634 -0.012465 -0.001947 -0.001250 -0.002492 0.000639 0.001404 0.001906 0.006453 -0.000010 0.000707 0.032121 0.041515
0.089376 0.043721 0.019021 0.006269 -0.001139 -0.001277 -0.000078 0.000662 0.010030 0.003889 0.002857 0.001522 0.005143 0.003003 0.106957 0.077536 0.057925 0.045016 0.035895 0.040350 0.028988 0.039218 0.014783 -0.000841 0.000994 0.010589 0.019417 0.236669 0.224978 0.074714 -0.035388 -0.003966 -0.004971 -0.000005 0.002285 0.000574 -0.001082 -0.000570 0.000357 0.012202 0.034040 0.347551 -0.025790 -0.040338 -0.024347 -0.012267 -0.029043 -0.090200 -0.014429 0.000000 -0.001711 -0.002532 -0.000000 0.004236 0.003703 0.003375 0.002196 0.019705 0.009658
0.082518 0.038636 0.015533 -0.000944 -0.000942 -0.000891 0.000000 0.008182 0.047863 0.120664 0.060923 0.021181 0.008203 0.111955 0.101361 0.000000 0.025714 0.019370 0.010993 0.008439 0.000000 -0.014049 -0.012644 -0.000757 0.000842 0.040220 0.181918 0.066151 0.037741 0.043767 0.001392 -0.007955 -0.009537 -0.000130 0.000309 -0.000124 -0.000810 -0.003745 0.000067 0.008851 0.019993 0.048502 -0.009405 -0.015094 -0.003101 0.007935 0.011136 0.000780 -0.009012 -0.010789 -0.007874 -0.000981 -0.000000 0.000981 0.006113 0.005271 0.042100 0.032917 -0.000360
0.082919 0.027071 -0.001243 -0.001061 0.000070 -0.000123 0.000194 0.001099 0.010493 0.018192 0.085885 0.206953 0.222918 0.231487 0.185132 0.000000 0.006717 0.099166 0.039252 0.024880 0.000000 -0.005667 -0.007039 -0.000377 0.000395 0.017245 0.123330 -0.048244 -0.090172 -0.003844 -0.009573 -0.031072 -0.008406 -0.001015 -0.000031 0.000751 0.001210 0.002172 0.001626 0.012810 0.021883 0.005020 0.006687 0.001200 0.001001 0.004641 -0.002532 -0.002803 -0.008957 -0.006714 -0.004549 -0.000745 -0.000000 0.000745 0.006439 0.005328 0.034194 0.028303 -0.000360
0.092372 0.034908 -0.000515 0.000210 0.000644 0.000476 0.000234 0.000458 0.015588 0.027735 0.051193 0.014942 0.075934 0.000100 0.056680 -0.000309 0.000274 0.001097 0.032147 0.044975 0.032883 0.072101 0.067360 0.071642 0.061465 0.033858 0.029007 0.011621 -0.082651 -0.005795 -0.014539 -0.039502 -0.023156 -0.010980 0.000000 0.002485 0.001400 0.002115 0.001392 0.008866 0.014987 0.003370 0.014246 0.002283 -0.018673 -0.007126 -0.000660 0.000079 0.000712 0.004413 0.003434 0.000680 -0.000358 -0.000119 0.003316 0.003762 0.052523 0.061340 0.051852
0.001801 0.017628 0.019023 0.012214 0.013545 0.008746 0.002446 0.000784 0.001834 0.009764 0.059398 0.022956 0.009570 0.002886 -0.236550 -0.037237 -0.001138 -0.000480 0.001030 0.000948 0.032342 0.154691 0.092169 0.077814 0.061501 0.034459 0.046610 0.019091 -0.180305 -0.239603 -0.011460 -0.039952 -0.015652 -0.007992 0.000000 0.008666 0.022429 0.030266 0.031828 0.153897 0.063406 0.043947 0.021370 -0.000138 -0.193663 -0.013210 -0.000832 0.000396 0.000776 0.014662 0.183253 0.086739 0.019475 -0.000902 0.000574 0.001418 0.065607 0.070422 0.044519
