use_cases/Flooding_chicago/flooding_data/output/hUx_1080.asc
ncols 337
nrows 393
xllcorner 428428.000000
yllcorner 4602440.000000
cellsize 26.757400
NODATA_value -9999.000000
[rows 182 to 207 of 393, columns 236 to 294 of 337]
0.364495 0.728277 0.851620 -0.010631 -0.001159 -0.005096 -0.018926 -0.008146 -0.000401 0.000555 0.006863 0.010916 0.964946 0.838358 0.477406 0.066409 0.129503 0.113659 0.107338 -0.133564 -0.014446 0.000000 0.006940 0.165113 0.193257 0.189042 0.263882 0.222779 0.269900 0.106560 0.086687 0.092094 0.109700 0.129007 0.087901 0.107179 0.044809 -0.835032 -0.501717 0.465917 0.898532 1.084007 0.901347 0.683244 -0.160868 -0.483662 -0.096173 0.000000 -0.092330 -0.205843 -0.435299 0.019701 -9999.000000 -9999.000000 -9999.000000 -9999.000000 -9999.000000 -9999.000000 -9999.000000
0.000676 0.400373 2.120629 0.026538 -0.001148 -0.004953 -0.027280 -0.007980 -0.000013 0.006790 0.017699 0.233875 0.221706 0.220946 0.290959 0.410669 0.427158 0.062531 0.031394 0.016473 -0.000949 0.000106 0.163650 0.181057 0.197556 0.184563 0.249317 0.189452 0.228025 0.099472 0.065992 -0.000606 -0.000406 0.000489 0.062536 0.218211 0.450024 -0.199325 -0.053415 0.499176 0.766840 0.908472 0.841120 0.454440 0.177095 0.052556 0.017713 0.000003 0.178942 0.118607 0.199057 0.021181 -9999.000000 -9999.000000 -9999.000000 -9999.000000 -9999.000000 -9999.000000 -9999.000000
0.001278 0.031663 1.317046 1.010397 0.728497 0.009340 0.000492 -0.000233 -0.000113 0.000238 0.084546 0.077851 0.018202 0.035174 0.038255 0.033832 0.010671 -0.005007 -0.000216 0.000510 0.009659 0.039215 0.275069 0.256177 0.253958 0.228866 0.324839 0.273126 0.126845 0.111028 0.094258 0.062079 -0.000972 0.000090 0.000994 0.165118 0.701830 0.113851 0.167163 0.525634 0.496946 0.482816 -0.000115 0.000053 0.000175 -0.000241 -0.000061 0.000061 0.041843 0.451277 0.276838 -0.043414 0.000001 -9999.000000 -9999.000000 -9999.000000 -9999.000000 -9999.000000 -9999.000000
0.005913 0.016550 0.129911 1.059379 1.234625 1.205446 0.954427 2.154527 0.286523 0.111753 0.455550 0.321571 0.143053 0.051334 -0.103430 -0.000970 -0.000782 -0.000405 0.000944 0.001212 0.591183 0.765117 0.711266 1.361200 0.393736 0.317523 0.260839 0.228018 0.178026 0.228953 0.008616 -0.195601 -0.249042 -0.000264 0.000479 0.296481 1.036506 0.503909 0.358303 0.455394 0.005844 -0.049665 -0.000473 0.000023 0.000294 -0.000548 -0.000140 0.000140 0.000273 0.000551 0.000303 -0.000329 0.000027 -9999.000000 -9999.000000 -9999.000000 -9999.000000 -9999.000000 -9999.000000
0.031077 0.008040 0.018675 0.068723 0.035362 0.668709 0.725029 1.664207 1.534489 1.559215 2.516699 2.058192 1.670596 1.195067 0.676728 -0.001222 -0.000725 0.000864 0.000914 0.020410 0.456998 0.326854 -0.000000 -0.057125 -0.071449 -0.052465 0.000725 0.002036 0.131774 0.969118 0.494187 0.434888 0.607630 0.585209 0.787076 0.757264 0.518377 1.188576 0.583807 0.110793 -0.024990 -0.099979 -0.005684 0.000000 0.000308 -0.000590 -0.000222 0.000222 -0.000808 -0.000813 -0.000149 0.000384 0.000841 0.011318 0.015973 -9999.000000 -9999.000000 -9999.000000 -9999.000000
0.045965 0.012225 0.020921 0.062048 0.025289 0.010998 0.003434 0.055053 0.156187 0.975540 0.879269 0.881395 0.565616 0.563376 0.430164 -0.023186 -0.000036 0.046696 0.649413 0.801348 0.766199 -0.009147 -0.000000 0.000570 0.000634 0.000717 0.012137 0.009756 0.002357 -0.058758 0.061271 0.230550 0.477771 0.763966 1.183673 0.716965 0.616678 1.345394 0.509263 -0.173255 -0.317839 -0.138533 -0.220259 -0.195386 -0.001409 -0.001629 -0.000289 -0.000410 -0.007571 -0.005461 0.000000 0.000449 0.001247 0.001344 0.016880 0.024726 -9999.000000 -9999.000000 -9999.000000
0.033707 0.113919 0.147044 0.223933 0.166767 0.000230 0.000787 0.000733 0.169052 0.200379 0.197621 0.109431 0.346700 0.473069 0.630606 0.501710 0.267637 0.457898 0.769201 0.501171 -0.066626 -0.003984 -0.000003 0.007253 0.022961 0.031828 0.107209 -0.000222 0.000222 0.021691 0.330350 0.794005 0.959854 1.160647 1.140670 0.765937 0.672366 1.369900 0.190076 -0.341638 -0.193651 -0.121039 -0.000000 -0.178443 -0.162428 -0.082460 0.037566 0.077045 -0.032185 -0.010122 0.000000 -0.000281 -0.000633 0.000471 0.010408 0.012938 0.005796 0.004071 0.002390
0.015944 0.024201 0.084048 0.524319 0.286593 0.455109 0.633911 0.434383 0.319165 0.162601 -0.000294 0.000399 0.004393 0.027085 0.337286 0.286633 0.452127 0.503195 0.568063 0.136024 -0.078893 -0.020970 -0.000208 0.000326 0.007392 0.015573 0.012291 0.011401 0.001014 0.009986 0.726851 0.921843 0.638815 0.350281 0.582685 0.751405 0.656783 0.421054 -0.061485 -0.285458 -0.248210 -0.006364 -0.000013 0.010695 -0.009368 -0.065437 -0.081287 -0.073842 -0.048117 -0.006364 -0.027311 -0.077794 -0.024866 -0.000873 0.000572 0.014657 0.032652 0.004282 0.024303
0.003270 0.014255 0.025116 -0.246377 -0.193645 -0.003435 0.196013 0.249482 0.122876 0.035143 0.050669 0.063344 0.000000 0.058935 0.270474 0.483329 0.460951 0.452058 0.241050 0.016382 -0.091468 -0.019947 -0.000224 -0.000006 0.000971 0.011705 0.035171 0.261318 0.297155 1.353392 1.547522 0.639489 0.449997 0.249272 0.106894 0.001291 0.001288 0.065529 0.043054 -0.039776 -0.280412 -0.007295 -0.000401 0.000555 0.010027 0.265058 -0.043890 -0.092265 -0.254665 -0.220985 -0.054325 -0.108882 -0.026357 -0.002767 -0.000881 0.000332 0.000178 0.000247 0.009905
0.016885 0.003756 0.009586 0.056530 0.450826 0.359190 0.248494 0.190831 0.138829 -0.160808 -0.013890 0.022703 -0.045808 0.000035 0.337166 0.730071 0.797447 0.234438 -0.064706 -0.281345 -0.073263 -0.005191 -0.001751 -0.000545 0.000038 0.007365 0.034219 0.254613 0.286613 1.107955 0.591271 0.225934 0.062086 -0.106595 -0.167573 0.007543 0.004545 0.147407 0.121529 0.257467 -0.145408 -0.405435 -0.000330 0.000396 0.010647 -0.034096 -0.154377 -0.134741 -0.163447 -0.270397 -0.072497 -0.008524 -0.002122 -0.005128 -0.007055 -0.022112 -0.005878 0.000000 0.005878
0.012291 0.002683 0.009065 0.087053 0.489765 0.281777 0.000091 0.416076 0.061857 -0.142060 -0.248805 -0.474820 -0.008236 0.000000 0.000820 0.004237 0.001183 0.000518 0.002958 -0.001793 -0.009092 -0.006695 -0.000625 0.004001 0.020814 0.037580 0.359468 0.363885 0.388676 0.661004 0.352825 0.279908 0.149022 -0.052443 0.079571 0.012922 0.005708 0.363901 0.298905 0.626540 -0.026041 -0.027155 -0.000362 -0.000996 -0.143658 -0.377141 -0.383110 -0.186112 -0.163630 -0.191974 -0.020934 -0.001874 -0.001526 -0.002253 -0.003856 -0.015091 -0.005878 0.000000 0.005878
0.024162 0.101555 0.171360 0.178873 0.636759 -0.017344 0.008263 0.117513 0.551434 0.602327 -0.182419 -0.021307 -0.006722 0.000010 0.007729 0.034756 -0.000003 0.007134 0.032805 0.005076 0.000573 -0.002695 0.000000 0.029767 0.052110 0.541255 0.613321 0.755901 0.491012 0.351954 0.655037 0.420584 0.580529 0.497929 0.594163 0.726300 1.120769 1.059520 1.868536 1.376818 0.941966 0.624885 0.116895 -0.119392 -0.263062 -0.616538 -0.230346 -0.294351 -0.415017 -0.298521 0.007659 0.180565 0.214073 -0.001790 -0.002777 -0.001631 -0.000889 -0.000090 0.000284
0.086013 0.068787 0.096009 0.071089 0.040997 -0.021752 -0.024411 -0.003720 0.001530 0.000503 -0.006725 -0.006318 -0.000360 0.000360 0.006698 0.049530 -0.000208 0.000326 0.001360 0.001281 0.000785 0.001837 0.000669 0.013988 0.909650 1.184479 1.499977 1.624201 1.327886 0.500144 0.291083 0.686760 0.462120 0.545821 0.600902 1.022057 1.009940 1.024604 1.314426 0.568328 -0.047384 -0.298698 -0.251679 -0.303020 -0.165225 -0.000397 0.000058 0.072629 0.084135 0.063393 0.048431 0.148334 0.557791 0.483280 0.428655 0.444538 0.326563 0.383998 0.354301
0.191173 0.081798 0.015689 0.017787 0.031951 -0.010170 -0.047124 -0.016365 0.001266 -0.000272 -0.000491 -0.000432 -0.000360 0.000360 0.006698 0.023027 0.002861 0.000949 0.001395 0.001120 0.015359 0.273804 0.246251 1.177922 1.752067 2.862061 1.655319 1.130054 0.525307 0.430949 0.299595 0.168778 0.100903 0.762311 1.022370 1.205440 0.874826 0.812935 0.597979 -0.000104 0.000928 -0.060566 -0.030254 -0.051531 -0.023445 -0.009925 0.000007 0.013381 0.057718 0.029156 0.082714 0.135010 0.212301 0.506406 0.551446 0.616968 0.828445 0.886489 0.825016
-0.011047 0.000000 0.011285 0.021171 0.024551 0.046968 -0.028052 -0.083735 -0.017096 -0.000222 0.000222 0.006764 0.024414 0.003154 0.023453 0.060017 0.010536 0.320012 0.225353 0.628141 1.081020 2.259259 2.634422 1.709947 1.022591 0.909258 0.573412 0.000019 0.001387 0.137935 0.131506 0.119060 0.101612 0.715852 0.712909 0.520310 0.575812 -0.010217 -0.010588 -0.000013 0.014127 -0.087436 -0.212710 -0.455738 -0.013111 -0.000208 0.000326 0.027550 0.080551 0.046151 0.096818 0.156708 0.248409 0.327918 0.243262 0.346810 0.417163 0.204257 0.210203
-0.008797 0.000015 0.007458 0.013993 0.016367 0.070469 0.029128 0.045515 0.001287 0.002319 0.006826 0.003809 0.013091 0.028645 0.008040 0.027148 0.981778 1.811139 1.816496 1.771608 1.345006 1.324422 0.777986 0.190508 0.082385 0.029950 0.008314 0.007816 0.003502 0.362425 0.474766 0.634635 0.744028 0.936231 0.605971 0.270623 0.012039 -0.012423 -0.016419 -0.000401 0.000555 0.021003 -0.006395 -0.031129 -0.019446 -0.000003 0.005981 0.186924 0.010867 0.163509 0.219239 0.277896 0.372269 0.156372 -0.001217 -0.022391 -0.008952 -0.000125 0.000125
0.000055 0.000637 0.008051 0.014330 0.016551 0.116660 0.066815 0.058541 0.039991 0.020123 0.007500 0.015305 0.022365 0.007362 0.057016 1.490380 1.087426 0.754999 1.608697 0.928425 0.462139 -0.111652 0.020370 0.000062 0.000427 0.003588 0.002199 0.014552 0.443515 0.859067 0.687189 1.196872 1.201418 1.126978 0.635577 0.199290 -0.010599 -0.040293 -0.050815 -0.000330 0.000396 -0.072579 -0.007335 -0.000000 0.005924 0.005780 0.024502 0.583010 0.018341 0.335849 0.078772 -0.285225 -0.425632 -0.809472 -0.016013 -0.013723 -0.006439 0.000000 0.001154
0.000323 0.008901 0.021333 0.036165 0.308962 0.316801 0.302753 0.107359 0.071640 0.090774 0.035125 0.076800 0.291512 0.289078 1.053537 2.769153 0.140066 0.090682 0.060268 0.014961 0.061165 0.196370 0.226731 0.000025 0.023773 0.100777 0.050298 0.193679 0.630895 0.840336 1.214202 1.577579 1.761716 1.164628 0.107863 -0.299901 -0.416428 -0.145569 -0.198883 -0.840133 -0.362987 -0.007883 -0.000981 0.000000 0.000981 0.014258 0.208931 0.426661 0.735926 0.757878 0.563697 0.283984 -0.071725 -0.045108 -0.014847 -0.008320 -0.000821 -0.000110 0.000584
0.000133 0.014469 0.232048 0.053648 0.091661 0.107847 0.063191 -0.082733 0.000000 0.067263 0.160037 0.091116 0.267166 0.233835 0.639493 0.067557 0.127398 0.060436 -0.000360 0.000360 0.100355 0.498863 -0.000301 0.000493 0.019598 0.069951 0.022265 0.134039 0.413868 0.933575 0.686020 0.635710 0.247022 0.001159 -0.081501 -0.645768 -0.751208 -0.872140 -0.870985 -0.819997 -0.812165 -0.007260 -0.000745 -0.000000 0.000745 0.008668 0.423672 0.542529 0.659086 0.527709 -0.001294 0.000879 -0.067262 -0.031258 -0.036148 -0.020160 -0.000359 -0.000022 0.000255
-0.000094 0.001362 0.249766 0.470127 0.434499 0.247766 0.251757 0.101139 0.063015 0.099164 0.212131 0.120595 0.211001 0.142159 0.006767 0.302578 0.148335 0.069992 -0.000360 0.000360 0.086599 0.122296 -0.000514 0.000241 0.008373 0.016278 0.001857 0.009872 0.501144 0.405163 0.302283 -0.021781 -0.078490 -0.000114 0.002343 0.016921 -0.000215 -0.044874 -0.139310 -0.229090 -1.165186 -0.279502 -0.004458 0.000040 0.002038 0.299902 1.147459 0.598712 0.017576 0.000336 -0.008119 0.000047 -0.005142 -0.024643 -0.007744 0.024191 0.018535 0.102959 0.254604
0.035151 0.029376 0.119091 0.136780 0.048713 0.019152 -0.000068 0.000129 0.009930 0.003746 0.003405 0.001819 0.037179 0.044410 0.061052 0.686187 0.000000 0.188555 0.224967 0.370064 0.261311 0.507744 -0.001121 -0.000147 0.001069 0.002384 0.001170 0.004562 0.477150 0.300846 0.151810 -0.037346 -0.000651 0.000396 0.029721 0.058027 0.006519 -0.000155 0.000152 -0.169856 -1.103480 -1.032063 -0.837435 -0.105047 0.179871 0.302781 0.208858 0.099972 -0.002202 -0.001241 -0.002508 0.000664 0.001420 0.001914 0.006536 -0.000009 0.000708 0.048241 0.062576
0.090419 0.044489 0.019757 -0.009354 -0.001012 -0.001168 -0.000078 0.000662 0.014870 0.006941 0.004203 0.002939 0.113157 0.126724 1.268674 1.153127 0.965328 0.747168 0.568074 0.490752 0.350631 0.427788 0.260110 -0.000841 0.000994 0.010421 0.042366 0.859812 1.146393 0.284948 -0.047433 -0.006464 -0.004964 -0.000005 0.002295 0.000579 -0.001081 -0.000569 0.000356 0.011644 0.320380 -0.311570 -0.116501 0.033099 0.187951 0.258169 0.207996 0.099705 -0.019607 0.000000 -0.001660 -0.002478 -0.000000 0.004236 0.003705 0.003383 0.002202 0.034884 0.019594
0.083662 0.039568 0.016068 -0.000944 -0.000942 -0.000891 0.000000 0.008182 0.061363 0.138255 0.166852 0.269947 0.292779 0.864564 0.793845 0.115653 0.355302 0.284472 0.210981 0.167289 0.000000 -0.070478 -0.032726 -0.000757 0.000842 0.131079 0.704578 0.411466 0.254195 0.242031 0.049055 -0.023749 -0.006677 -0.000130 0.000309 -0.000124 -0.000810 -0.003743 0.000067 0.008610 0.059838 -0.059020 0.051308 0.165854 0.252588 0.305789 0.287993 0.222982 -0.009469 -0.010936 -0.007902 -0.000981 0.000000 0.000981 0.006133 0.005295 0.067924 0.055379 -0.000360
0.084041 0.027579 -0.001242 -0.001061 0.000070 -0.000123 0.000194 0.001099 0.010560 0.021123 0.594291 0.970401 1.049860 0.936882 0.670269 0.000000 0.089400 0.297945 0.183639 0.145521 0.000000 -0.075425 -0.071691 -0.000377 0.000395 0.080032 0.185226 -0.100205 -0.221963 -0.042843 -0.050278 -0.118855 -0.008406 -0.001015 -0.000031 0.000751 0.001210 0.002171 0.001626 0.012748 0.092855 0.041457 0.368584 0.345301 0.297709 0.321371 0.300078 -0.003079 -0.009098 -0.006857 -0.004588 -0.000745 -0.000000 0.000745 0.006502 0.005375 0.049387 0.042989 -0.000360
0.093535 0.035493 -0.000515 0.000210 0.000644 0.000476 0.000235 0.000458 0.015667 0.042955 0.325664 0.361160 1.168110 0.287954 0.655571 0.212374 0.201245 0.122407 0.374551 0.419054 0.360904 0.658226 0.564775 0.575524 0.516194 0.324885 0.297988 0.162306 -0.035138 -0.068649 -0.046956 -0.123236 -0.023155 -0.010980 0.000000 0.002485 0.001400 0.002115 0.001392 0.008857 0.127306 0.081408 0.516747 0.381791 0.086922 0.146956 -0.000660 0.000079 0.000712 0.004948 0.003498 0.000584 -0.000173 0.000623 0.003679 0.003889 0.097599 0.117635 0.107787
0.001801 0.018057 0.019506 0.012533 0.013895 0.008929 0.002491 0.000793 0.001843 0.046147 0.546422 0.559231 0.576899 0.427575 0.650473 0.509691 0.242405 0.200781 0.131808 0.078617 0.272015 0.665724 0.568119 0.570112 0.507636 0.338780 0.422580 0.241959 -0.109691 -0.249554 -0.000063 -0.071866 -0.015648 -0.007992 0.000000 0.008665 0.022418 0.030130 0.280858 0.270363 0.324389 0.586676 0.572258 0.034434 -0.617808 -0.095660 -0.000832 0.000396 0.000776 0.018389 0.316893 0.178747 0.079017 -0.000849 0.000634 0.001450 0.164443 0.161750 0.103843
