use_cases/Flooding_chicago/flooding_data/output/hUx_1920.asc
ncols 337
nrows 393
xllcorner 428428.000000
yllcorner 4602440.000000
cellsize 26.757400
NODATA_value -9999.000000
[rows 208 to 233 of 393, columns 236 to 294 of 337]
0.000581 0.002705 0.008130 0.008194 0.024123 0.016051 0.927549 0.296578 1.473443 2.812125 1.757601 1.689895 1.552300 2.957994 2.749588 2.315239 1.721839 0.776754 0.607315 0.518422 0.352246 1.019531 0.997857 1.092885 1.044672 0.746845 1.448533 1.548940 0.925084 0.425920 0.310173 0.089271 -0.134885 -0.041698 0.000000 0.010190 0.021974 0.543989 0.443839 0.518471 0.575552 0.740570 0.407648 0.044618 -0.001070 -0.037794 -0.000016 0.047959 0.225177 0.081420 0.101017 0.425981 0.697533 0.674162 0.723416 0.728761 0.560506 0.346205 0.782765
0.045105 -0.054685 0.000002 0.003327 0.036304 0.403182 1.298186 1.429964 2.617379 2.479264 2.768441 1.879384 1.675542 2.701588 2.280324 1.778230 2.035283 1.437141 1.283321 1.424220 0.541803 1.293197 1.160366 1.116329 0.980675 1.810990 1.496118 1.913554 1.183933 0.744813 0.523818 0.206004 0.004806 0.007419 0.003620 0.054145 0.263553 0.116041 0.259789 0.468425 0.507920 0.273969 -0.054425 -0.181210 -0.100603 -0.068300 -0.000057 0.012052 0.005074 0.157020 0.081466 -0.003964 -0.017346 -0.001028 -0.000662 0.000512 0.000875 0.000573 0.016208
0.453090 0.542178 0.689444 0.679302 1.853163 3.398978 2.785475 3.763461 3.114039 2.633266 2.485396 1.549658 0.258683 0.725631 0.605086 0.949371 1.054458 1.316088 1.533068 2.029203 2.509914 1.819443 1.906489 1.404800 1.023150 1.719536 1.354647 1.130684 0.859508 1.096508 0.431689 0.414516 -0.002404 0.005011 0.008381 0.081235 0.397566 0.206938 0.138870 0.035642 -0.155504 -0.213092 -0.152491 -0.147196 -0.084647 -0.066511 -0.000326 0.000208 0.002680 0.002809 -0.005702 -0.017314 0.004295 -0.000955 -0.000559 0.000223 0.000778 0.000896 0.007247
2.867105 2.377354 2.799748 3.011571 2.655068 3.062098 2.311915 1.919626 1.497264 1.785522 2.274194 1.113333 1.082472 0.917214 0.103069 0.068185 0.046815 0.372170 0.466553 0.575812 0.374763 0.203286 0.130527 0.454006 0.384837 0.868994 0.767568 0.746759 0.598610 0.310320 0.183089 -0.000540 -0.006233 -0.000270 0.000473 0.004969 0.155430 0.504898 0.159298 -0.160106 -0.169354 -0.137218 -0.121133 -0.164525 -0.139752 -0.114784 -0.057992 0.000003 0.004965 0.006827 0.005207 -0.162271 -0.013038 -0.001545 -0.000411 0.000871 0.000952 0.000931 0.007260
2.073431 1.629539 0.851877 0.762823 0.534985 0.690017 0.486851 0.455629 0.506311 0.790535 0.557710 1.026752 0.539898 0.472769 0.104329 0.063101 0.029224 0.204011 0.078039 0.056485 -0.000080 0.000412 0.039963 0.277070 0.906568 0.679827 0.727681 0.742534 0.646581 0.470560 0.328521 -0.043492 -0.000965 0.000000 0.000965 0.145328 0.134361 0.107227 0.102779 0.071387 0.393283 0.205347 0.225767 0.295123 0.166813 0.022384 0.008282 0.013712 0.081505 0.073239 0.073341 0.007536 0.000348 -0.000516 0.000275 0.004725 0.006574 0.005844 0.006535
1.892610 1.502618 0.813579 0.762368 0.639998 0.441743 0.662616 0.504837 0.502563 0.460162 0.245573 0.263825 0.172624 0.201705 0.069622 0.642417 0.580490 0.838408 0.565332 0.213758 0.001160 0.092149 0.083655 0.111475 0.117651 0.328471 0.525920 0.590205 0.488518 0.398192 0.014037 0.003008 -0.000473 0.000270 0.007880 0.192467 0.148654 0.177087 0.205270 1.051591 0.834879 0.870901 0.602370 0.825437 0.457554 0.327985 0.013741 0.014996 0.022113 0.012939 0.017294 0.009299 0.004671 0.003851 -0.002651 -0.000667 0.001191 0.001982 -9999.000000
1.837953 1.367315 1.483110 0.768507 0.661176 0.533947 0.341519 0.504198 0.290029 0.013779 0.012215 0.002111 0.118898 0.214257 0.048025 0.332265 0.264857 0.272055 0.171983 0.212185 0.000041 0.144631 0.566369 1.400489 0.897986 0.788147 0.840757 0.826620 0.624886 0.494876 0.016943 0.006412 0.065358 0.000009 0.284450 0.739632 1.171137 1.536291 1.549366 1.598701 1.240064 1.310407 0.988302 1.178252 0.590799 0.493939 0.011378 0.014592 0.008851 0.007307 0.004104 0.003509 -9999.000000 -9999.000000 -9999.000000 -9999.000000 -9999.000000 -9999.000000 -9999.000000
-0.138255 0.125934 0.451691 0.446119 0.452271 0.401596 0.328902 0.216015 0.122840 0.071414 -0.001059 0.000005 0.001025 0.049290 0.074013 0.135296 0.961372 1.098035 1.349978 1.072185 0.615608 0.449332 0.590471 1.280838 0.557702 0.704728 0.405853 0.055755 0.432076 0.480943 0.535000 0.602812 0.819305 0.945680 0.788577 1.144267 0.797758 0.965468 0.812745 0.195023 0.933097 0.801464 0.956549 0.647295 0.597549 0.267199 -0.043149 -0.000222 0.000222 -9999.000000 -9999.000000 -9999.000000 -9999.000000 -9999.000000 -9999.000000 -9999.000000 -9999.000000 -9999.000000 -9999.000000
0.036078 0.180917 0.188389 0.221585 0.225370 0.214991 0.188664 0.149583 0.131469 0.064244 -0.010289 0.000000 0.009531 0.047313 0.105462 0.123440 0.042387 0.096109 0.598892 0.452825 0.436909 0.332140 0.290208 0.454659 1.043579 0.606052 0.457022 0.049561 0.021657 0.507754 0.527969 0.572487 0.738227 0.887129 1.520938 1.017286 0.678937 0.453303 0.258870 0.192192 0.815192 0.776478 0.667049 0.652999 0.332953 0.011039 0.002417 0.005169 -9999.000000 -9999.000000 -9999.000000 -9999.000000 -9999.000000 -9999.000000 -9999.000000 -9999.000000 -9999.000000 -9999.000000 -9999.000000
0.085330 0.048387 0.018807 0.009687 0.013589 0.082394 0.046285 0.011765 -0.013220 -0.001454 -0.002563 0.000652 0.002424 -0.052632 -0.054023 -0.000360 0.000360 0.044406 0.516635 0.342481 0.167706 0.226066 0.293079 0.147335 0.065087 0.119368 0.000597 0.000408 0.001008 0.001031 0.167315 0.177504 0.186784 0.009087 -0.003160 -0.058801 -0.310378 -0.199262 0.139758 1.330546 1.246629 0.831650 0.643392 0.229438 0.002059 0.004904 -9999.000000 -9999.000000 -9999.000000 -9999.000000 -9999.000000 -9999.000000 -9999.000000 -9999.000000 -9999.000000 -9999.000000 -9999.000000 -9999.000000 -9999.000000
0.191699 -0.001821 0.000592 0.003125 0.073879 0.109175 -0.050527 -0.131400 -0.181781 -0.220873 -0.001314 -0.000979 -0.036413 -0.267887 -0.247731 -0.000360 0.000360 0.111347 0.881025 0.023756 0.147190 0.303336 0.326001 0.181754 0.102230 0.052779 0.375159 0.006305 0.002559 0.001524 0.000830 0.117365 0.120886 0.080636 0.029923 0.008175 -0.086095 0.065991 0.177366 0.592303 0.272895 -0.008660 -0.490985 -0.079470 -0.000208 0.000326 -9999.000000 -9999.000000 -9999.000000 -9999.000000 -9999.000000 -9999.000000 -9999.000000 -9999.000000 -9999.000000 -9999.000000 -9999.000000 -9999.000000 -9999.000000
0.010425 0.005074 0.005347 0.008808 0.046668 0.029464 0.019479 -0.162546 -0.250422 -0.335400 -0.351998 -0.212434 -0.016610 0.020349 0.103219 0.391833 0.615522 1.338588 0.892459 0.632181 0.086147 0.070014 0.079241 0.199488 0.759830 0.850762 1.089704 1.145691 1.045690 0.911528 0.828969 1.665568 0.402033 0.005090 0.001954 0.001152 0.009453 0.235861 0.202390 0.000383 0.147875 0.175770 0.237722 0.221996 -0.000003 -9999.000000 -9999.000000 -9999.000000 -9999.000000 -9999.000000 -9999.000000 -9999.000000 -9999.000000 -9999.000000 -9999.000000 -9999.000000 -9999.000000 -9999.000000 -9999.000000
0.008990 0.061089 0.015058 0.012484 0.017995 0.014436 0.040379 0.021770 0.028197 0.000224 -0.000781 -0.045521 -0.152897 -0.093670 0.133149 0.325293 0.479994 0.381022 0.924491 0.007100 0.017731 0.007801 0.064409 0.191651 0.217673 -0.041050 0.001436 0.000662 0.349803 0.381950 0.487350 0.932560 0.743059 -0.000416 0.000261 0.000803 0.008767 1.220700 0.536492 0.006640 0.362415 0.382165 0.460870 0.377586 -9999.000000 -9999.000000 -9999.000000 -9999.000000 -9999.000000 -9999.000000 -9999.000000 -9999.000000 -9999.000000 -9999.000000 -9999.000000 -9999.000000 -9999.000000 -9999.000000 -9999.000000
0.012789 0.002921 0.001365 0.017394 0.027194 0.031567 0.019246 0.009331 0.011596 0.001049 0.001735 0.059792 0.421023 0.089813 0.027109 0.052780 0.000296 0.310530 0.241092 0.000019 0.004306 0.002974 0.047047 0.101521 0.137786 0.051701 -0.001389 0.000120 0.002570 0.002853 0.021979 0.015833 1.025454 1.080172 1.385496 1.831204 3.165042 2.455538 1.955697 2.015502 0.959147 0.729577 0.643685 0.000000 -9999.000000 -9999.000000 -9999.000000 -9999.000000 -9999.000000 -9999.000000 -9999.000000 -9999.000000 -9999.000000 -9999.000000 -9999.000000 -9999.000000 -9999.000000 -9999.000000 -9999.000000
0.215876 -0.000371 0.000558 0.015574 0.029417 0.036517 0.009925 0.001092 -0.000208 0.000326 0.016910 0.016699 0.092882 0.791925 0.961981 0.207409 0.443068 0.609230 -0.000356 0.000567 0.077439 0.096884 0.077504 0.040556 0.095637 0.149497 -0.017771 -0.000189 0.000556 0.010814 0.124492 0.059010 0.378326 1.592969 1.466388 1.709782 1.503776 0.981537 0.843847 0.682729 0.709690 0.332031 0.000855 -9999.000000 -9999.000000 -9999.000000 -9999.000000 -9999.000000 -9999.000000 -9999.000000 -9999.000000 -9999.000000 -9999.000000 -9999.000000 -9999.000000 -9999.000000 -9999.000000 -9999.000000 -9999.000000
0.121485 0.058451 0.000020 -0.001578 -0.001581 -0.000326 0.000208 0.034111 -0.000003 0.029059 0.043167 0.045946 0.033455 0.331085 0.742743 0.383311 0.095891 -0.033874 -0.000464 0.001670 0.017932 0.044260 0.055497 0.043945 0.103389 0.057838 -0.000058 0.000949 0.001370 0.022685 0.184202 0.084624 0.529417 1.445243 0.975500 0.230205 0.154458 0.065776 0.171729 0.125995 0.265978 0.193366 0.000000 -9999.000000 -9999.000000 -9999.000000 -9999.000000 -9999.000000 -9999.000000 -9999.000000 -9999.000000 -9999.000000 -9999.000000 -9999.000000 -9999.000000 -9999.000000 -9999.000000 -9999.000000 -9999.000000
0.160639 0.132821 0.057745 0.037889 0.025699 0.018391 0.000003 0.127731 0.247938 0.259340 0.091133 0.089005 0.082127 0.593757 0.606725 0.402147 0.212838 -0.001920 0.001609 0.004488 0.002525 0.004500 0.021820 0.044615 0.050779 0.031025 0.012559 0.004153 0.035568 0.025076 0.241799 1.456458 2.421225 0.827880 0.509518 0.300283 -0.000631 0.001218 0.010314 0.424409 0.448767 0.139224 0.001821 -9999.000000 -9999.000000 -9999.000000 -9999.000000 -9999.000000 -9999.000000 -9999.000000 -9999.000000 -9999.000000 -9999.000000 -9999.000000 -9999.000000 -9999.000000 -9999.000000 -9999.000000 -9999.000000
0.320193 0.256182 0.314927 0.294377 0.320583 0.442555 0.511475 0.576345 0.627239 0.680129 0.759402 0.912414 1.226764 1.222039 1.012859 -0.003270 -0.001965 0.003646 0.009907 0.008968 0.022127 0.036998 0.009383 0.084146 0.093442 0.060441 0.162903 0.138567 0.093488 0.046282 0.255364 1.160691 1.511348 0.357691 0.002084 -0.000301 -0.000924 0.002891 0.002179 0.042813 0.071823 -0.082827 0.000085 -9999.000000 -9999.000000 -9999.000000 -9999.000000 -9999.000000 -9999.000000 -9999.000000 -9999.000000 -9999.000000 -9999.000000 -9999.000000 -9999.000000 -9999.000000 -9999.000000 -9999.000000 -9999.000000
0.086919 0.113218 0.203167 0.285691 0.295115 0.378646 0.471699 0.389828 0.436920 0.464955 0.735034 0.787534 1.134845 0.852733 0.037165 0.013109 0.010495 0.018429 0.019889 0.014701 0.004993 0.010901 0.005868 0.110138 0.121918 0.072567 0.126838 0.103663 0.060425 0.026621 0.238266 0.258788 0.236109 0.113064 -0.000633 -0.000295 0.000017 0.001306 0.002082 0.016759 0.071573 0.000155 -9999.000000 -9999.000000 -9999.000000 -9999.000000 -9999.000000 -9999.000000 -9999.000000 -9999.000000 -9999.000000 -9999.000000 -9999.000000 -9999.000000 -9999.000000 -9999.000000 -9999.000000 -9999.000000 -9999.000000
0.251468 0.000748 0.066523 0.115012 0.244546 0.321182 0.371608 0.408692 0.413369 0.401478 0.548265 0.433850 0.423289 0.035172 0.005721 -0.006401 0.014865 0.029852 0.027690 0.013232 0.046863 0.081933 0.182481 0.106816 -0.000420 0.000361 0.008352 0.124099 0.502103 0.388463 0.276569 0.125015 -0.003125 -0.003521 -0.000847 -0.000025 0.000829 0.007138 0.006239 0.012472 0.007085 0.003290 -9999.000000 -9999.000000 -9999.000000 -9999.000000 -9999.000000 -9999.000000 -9999.000000 -9999.000000 -9999.000000 -9999.000000 -9999.000000 -9999.000000 -9999.000000 -9999.000000 -9999.000000 -9999.000000 -9999.000000
0.030734 0.010415 0.002720 0.165928 0.659631 -0.016275 -0.041241 0.015132 0.097976 0.612196 0.542159 0.381307 0.272778 -0.000248 0.000079 0.001093 0.065007 0.054593 0.032356 0.046013 0.022344 0.023735 0.009780 0.075203 -0.001021 0.000742 0.000862 0.020725 0.013373 0.031785 -0.080327 -0.067866 -0.002348 -0.005704 -0.001600 -0.000171 0.001583 0.011071 0.009223 0.014941 0.007790 0.003052 -9999.000000 -9999.000000 -9999.000000 -9999.000000 -9999.000000 -9999.000000 -9999.000000 -9999.000000 -9999.000000 -9999.000000 -9999.000000 -9999.000000 -9999.000000 -9999.000000 -9999.000000 -9999.000000 -9999.000000
0.004116 0.001827 0.000882 0.072213 0.174820 0.005939 0.002762 0.348747 0.109149 0.058548 0.036238 0.034955 0.024442 -0.000360 0.000360 0.010649 0.180441 -0.000121 0.034016 0.087018 0.061062 0.020834 0.007617 0.123050 0.017169 0.000032 0.006699 0.082662 0.042763 0.552616 0.487773 0.247467 0.115107 -0.051026 -0.000962 -0.000483 0.000418 0.000856 0.000823 0.003011 -9999.000000 -9999.000000 -9999.000000 -9999.000000 -9999.000000 -9999.000000 -9999.000000 -9999.000000 -9999.000000 -9999.000000 -9999.000000 -9999.000000 -9999.000000 -9999.000000 -9999.000000 -9999.000000 -9999.000000 -9999.000000 -9999.000000
-0.000115 0.000530 0.160195 0.146944 0.100468 0.057336 0.109004 0.105449 0.066132 0.052214 0.046855 0.052265 0.040733 -0.000360 0.000360 0.010714 0.011940 -0.005027 0.000000 0.026399 0.582513 1.058787 1.501669 2.130622 2.502359 2.470912 3.136216 2.584974 2.186766 2.791410 2.104383 1.862845 0.925855 0.825290 0.023859 -0.073053 -0.008915 -0.000282 0.000425 -9999.000000 -9999.000000 -9999.000000 -9999.000000 -9999.000000 -9999.000000 -9999.000000 -9999.000000 -9999.000000 -9999.000000 -9999.000000 -9999.000000 -9999.000000 -9999.000000 -9999.000000 -9999.000000 -9999.000000 -9999.000000 -9999.000000 -9999.000000
0.228536 0.265300 0.286481 0.234301 0.174599 0.099825 0.064297 -0.052882 -0.207496 -0.146809 -0.024162 0.098828 0.085734 -0.001125 0.000213 0.001276 0.011077 0.003816 0.000000 0.012187 0.590036 0.829699 0.966943 1.291137 1.622881 1.743720 2.740459 3.413589 2.506904 3.219257 1.920582 1.882672 1.179458 1.266011 1.126463 1.430416 -0.000403 -9999.000000 -9999.000000 -9999.000000 -9999.000000 -9999.000000 -9999.000000 -9999.000000 -9999.000000 -9999.000000 -9999.000000 -9999.000000 -9999.000000 -9999.000000 -9999.000000 -9999.000000 -9999.000000 -9999.000000 -9999.000000 -9999.000000 -9999.000000 -9999.000000 -9999.000000
0.461633 0.196324 0.255772 0.235657 0.191946 0.095081 0.279550 0.247175 0.284624 0.245502 0.271055 0.049318 -0.000488 0.000215 -0.028346 -0.028492 0.229524 0.136298 0.109044 0.308916 0.308402 0.160349 0.249715 0.379801 0.281543 0.106926 0.140813 1.228929 0.910256 1.136970 0.766081 1.658009 1.050040 1.237933 1.142269 -9999.000000 -9999.000000 -9999.000000 -9999.000000 -9999.000000 -9999.000000 -9999.000000 -9999.000000 -9999.000000 -9999.000000 -9999.000000 -9999.000000 -9999.000000 -9999.000000 -9999.000000 -9999.000000 -9999.000000 -9999.000000 -9999.000000 -9999.000000 -9999.000000 -9999.000000 -9999.000000 -9999.000000
0.806159 0.187492 0.253378 0.225569 0.186868 0.491511 1.055820 0.726961 0.596947 0.570657 0.128856 -0.000137 0.000554 0.243251 0.459445 0.429716 0.742102 0.520486 0.147890 0.115808 0.052490 0.260342 0.285889 0.399395 0.317692 0.135644 0.123458 0.058771 0.343744 0.029646 0.025127 0.576518 0.765164 1.066956 1.041986 -9999.000000 -9999.000000 -9999.000000 -9999.000000 -9999.000000 -9999.000000 -9999.000000 -9999.000000 -9999.000000 -9999.000000 -9999.000000 -9999.000000 -9999.000000 -9999.000000 -9999.000000 -9999.000000 -9999.000000 -9999.000000 -9999.000000 -9999.000000 -9999.000000 -9999.000000 -9999.000000 -9999.000000
