use_cases/Flooding_chicago/flooding_data/output/hUx_600.asc
ncols 337
nrows 393
xllcorner 428428.000000
yllcorner 4602440.000000
cellsize 26.757400
NODATA_value -9999.000000
[rows 52 to 77 of 393, columns 236 to 294 of 337]
-0.006861 -0.000569 0.000247 0.000554 0.004162 0.004645 -9999.000000 -9999.000000 -9999.000000 -9999.000000 -9999.000000 -9999.000000 -9999.000000 -9999.000000 -9999.000000 -9999.000000 -9999.000000 -9999.000000 -9999.000000 -9999.000000 -9999.000000 -9999.000000 -9999.000000 -9999.000000 -9999.000000 -9999.000000 -9999.000000 -9999.000000 -9999.000000 -9999.000000 -9999.000000 -9999.000000 -9999.000000 -9999.000000 -9999.000000 -9999.000000 -9999.000000 -9999.000000 -9999.000000 -9999.000000 -9999.000000 0.000010 0.020107 0.053881 0.015362 0.000372 -0.001034 -0.000545 -0.001108 -0.001394 -0.000520 0.000236 0.018600 0.017204 0.004892 0.001163 0.001832 0.001272 0.004311
-0.006778 -0.000393 0.000331 0.010243 0.019368 0.029069 -9999.000000 -9999.000000 -9999.000000 -9999.000000 -9999.000000 -9999.000000 -9999.000000 -9999.000000 -9999.000000 -9999.000000 -9999.000000 -9999.000000 -9999.000000 -9999.000000 -9999.000000 -9999.000000 -9999.000000 -9999.000000 -9999.000000 -9999.000000 -9999.000000 -9999.000000 -9999.000000 -9999.000000 -9999.000000 -9999.000000 -9999.000000 -9999.000000 -9999.000000 -9999.000000 -9999.000000 -9999.000000 -9999.000000 -9999.000000 -0.000360 0.000360 0.017696 0.044414 0.144805 0.086310 0.031501 -0.002583 -0.021919 -0.012324 -0.001148 -0.000187 0.001072 0.025492 0.091614 0.021395 0.000100 0.000619 0.000244
-0.009116 -0.000180 0.000174 0.007009 0.032082 0.036529 -9999.000000 -9999.000000 -9999.000000 -9999.000000 -9999.000000 -9999.000000 -9999.000000 -9999.000000 -9999.000000 -9999.000000 -9999.000000 -9999.000000 -9999.000000 -9999.000000 -9999.000000 -9999.000000 -9999.000000 -9999.000000 -9999.000000 -9999.000000 -9999.000000 -9999.000000 -9999.000000 -9999.000000 -9999.000000 -9999.000000 -9999.000000 -9999.000000 -9999.000000 -9999.000000 -9999.000000 -9999.000000 -9999.000000 -9999.000000 -0.000360 0.000360 0.015267 0.033273 0.027842 0.220145 0.271836 0.166941 -0.136561 -0.041031 -0.020334 -0.000999 0.000955 0.019488 0.113150 0.032783 0.000004 -0.031005 -0.062545
-0.039493 -0.000069 0.000067 0.001009 0.003161 0.014947 -9999.000000 -9999.000000 -9999.000000 -9999.000000 -9999.000000 -9999.000000 -9999.000000 -9999.000000 -9999.000000 -9999.000000 -9999.000000 -9999.000000 -9999.000000 -9999.000000 -9999.000000 -9999.000000 -9999.000000 -9999.000000 -9999.000000 -9999.000000 -9999.000000 -9999.000000 -9999.000000 -9999.000000 -9999.000000 -9999.000000 -9999.000000 -9999.000000 -9999.000000 -9999.000000 -9999.000000 -9999.000000 -9999.000000 -9999.000000 -0.002210 0.001038 0.002318 0.010635 0.008697 0.001470 0.004685 0.126061 -0.075020 -0.027431 -0.015788 -0.001160 0.000876 0.016735 0.097529 0.047874 0.022356 -0.027947 -0.026553
0.064860 0.047085 0.010637 0.059135 0.085936 0.064617 0.020632 0.011061 0.003252 -9999.000000 -9999.000000 -9999.000000 -9999.000000 -9999.000000 -9999.000000 -9999.000000 -9999.000000 -9999.000000 -9999.000000 -9999.000000 -9999.000000 -9999.000000 -9999.000000 -9999.000000 -9999.000000 -9999.000000 -9999.000000 -9999.000000 -9999.000000 -9999.000000 -9999.000000 -9999.000000 -9999.000000 -9999.000000 -9999.000000 -9999.000000 -9999.000000 -9999.000000 -9999.000000 -9999.000000 -0.000680 0.000873 0.012545 0.026225 0.024969 0.001411 -0.004774 0.022740 -0.145285 -0.072846 -0.016972 -0.007429 0.000000 0.011201 0.067233 0.028322 0.190018 0.359811 0.516371
0.103390 0.051902 0.101953 0.125808 0.135546 0.070036 0.038153 0.014808 0.004721 -9999.000000 -9999.000000 -9999.000000 -9999.000000 -9999.000000 -9999.000000 -9999.000000 -9999.000000 -9999.000000 -9999.000000 -9999.000000 -9999.000000 -9999.000000 -9999.000000 -9999.000000 -9999.000000 -9999.000000 -9999.000000 -9999.000000 -9999.000000 -9999.000000 -9999.000000 -9999.000000 -9999.000000 -9999.000000 -9999.000000 -9999.000000 -9999.000000 -9999.000000 -9999.000000 0.000000 0.014352 0.025902 0.027152 1.236334 0.677334 -0.372422 -0.076075 -0.181029 -0.213608 -0.098398 -0.010885 -0.000724 0.000567 0.001652 0.009512 0.007878 0.204794 0.228264 0.150025
0.093742 0.040822 0.129834 0.151208 0.123679 0.218567 0.406605 0.249035 0.217437 0.098616 0.027500 -9999.000000 -9999.000000 -9999.000000 -9999.000000 -9999.000000 -9999.000000 -9999.000000 -9999.000000 -9999.000000 -9999.000000 -9999.000000 -9999.000000 -9999.000000 -9999.000000 -9999.000000 -9999.000000 -9999.000000 -9999.000000 -9999.000000 -9999.000000 -9999.000000 -9999.000000 -9999.000000 -9999.000000 -9999.000000 -9999.000000 -9999.000000 -9999.000000 0.000034 0.015380 0.046795 0.143363 1.162568 0.918495 0.643918 -0.321974 -0.202586 -0.346176 -0.106818 -0.110892 -0.005546 0.000030 0.017373 0.192101 0.233220 0.240423 0.048206 -0.135400
0.004582 0.037182 0.181225 0.085663 0.000000 0.036179 0.018317 0.097969 0.173098 0.072291 -0.039027 -0.004116 -0.000492 -0.000641 0.000000 -9999.000000 -9999.000000 -9999.000000 -9999.000000 -9999.000000 -9999.000000 -9999.000000 -9999.000000 -9999.000000 -9999.000000 -9999.000000 -9999.000000 -9999.000000 -9999.000000 -9999.000000 -9999.000000 -9999.000000 -9999.000000 -9999.000000 -9999.000000 -9999.000000 -9999.000000 -9999.000000 -9999.000000 0.000167 0.023000 0.065830 0.069210 -0.010541 -0.168855 -0.278290 -0.390035 -0.964284 -0.364073 -0.204339 -0.205916 -0.351595 -0.321823 -0.256066 -0.233170 -0.793396 -0.556087 -0.107810 -0.035420
0.007763 0.062131 -0.132548 -0.007200 0.000000 0.009608 0.022934 0.062248 0.123171 0.128097 0.091442 -0.017603 -0.023767 -0.024743 -0.019631 -0.003663 0.000000 -9999.000000 -9999.000000 -9999.000000 -9999.000000 -9999.000000 -9999.000000 -9999.000000 -9999.000000 -9999.000000 -9999.000000 -9999.000000 -9999.000000 -9999.000000 -9999.000000 -9999.000000 -9999.000000 -9999.000000 -9999.000000 -9999.000000 -9999.000000 -9999.000000 0.000000 0.005846 0.008660 0.020074 0.053065 -1.224383 -1.420587 -1.041208 -0.937144 -1.707401 -1.323289 -0.127374 -0.062518 -0.000513 -0.107438 -0.132277 -0.150158 -0.220508 -0.090117 -0.065712 -0.268358
-0.016042 -0.078737 -0.013901 -0.007722 0.000000 0.011860 0.042519 0.089311 0.154548 0.425438 0.141525 -0.371520 -1.312526 -0.037192 -0.002487 -0.008967 -0.004032 0.000000 -9999.000000 -9999.000000 -9999.000000 -9999.000000 -9999.000000 -9999.000000 -9999.000000 -9999.000000 -9999.000000 -9999.000000 -9999.000000 -9999.000000 -9999.000000 -9999.000000 -9999.000000 -9999.000000 -9999.000000 -9999.000000 -9999.000000 -0.000945 0.000491 0.029954 0.055800 0.058974 0.051644 0.080094 0.034472 0.205257 -0.270420 -0.552862 -1.221564 -0.052401 -0.040598 -0.011714 -0.000416 0.014202 0.043263 -0.043723 -0.042214 -0.072256 -0.206685
-0.102421 -0.104484 -0.015833 -0.007178 0.000000 0.021779 0.043567 0.084154 0.851489 -0.108322 -0.030026 0.301450 -0.595220 -0.033345 -0.000091 0.003956 -0.601019 -0.008165 0.000000 -0.032691 -0.004056 -0.000185 -9999.000000 -9999.000000 -9999.000000 -9999.000000 -9999.000000 -9999.000000 -9999.000000 -9999.000000 -9999.000000 -9999.000000 -9999.000000 -9999.000000 -9999.000000 -9999.000000 -9999.000000 -0.001056 0.001040 0.027956 0.050568 0.061760 0.077404 0.084461 0.084281 0.644129 0.807189 0.717393 -0.202975 -0.048024 -0.034904 -0.023649 -0.010133 0.000000 -0.005934 -0.018445 -0.044342 -0.044716 -0.004613
-0.298884 -0.063954 -0.026834 -0.012301 0.000000 0.006565 0.009647 0.015180 0.022806 0.026693 0.000006 0.000407 -0.000425 -0.000446 -0.005616 -0.111919 -0.304045 -0.078808 -0.012512 -0.019259 -0.051770 -0.007486 -0.000003 0.007574 0.013779 0.003056 -9999.000000 -9999.000000 -9999.000000 -9999.000000 -9999.000000 -9999.000000 -9999.000000 -9999.000000 -9999.000000 -9999.000000 -9999.000000 -0.001231 0.001238 0.031035 0.051398 0.058008 0.098322 0.166845 0.857376 0.190192 0.087378 0.063179 -0.228652 -0.769479 -0.128442 -0.015710 -0.007806 0.000000 -0.018099 -0.007365 -0.011323 -0.018302 -0.009557
-0.033896 -0.017566 -0.001274 -0.000294 0.000340 0.014678 0.021248 0.014263 0.002773 0.000869 0.000235 -0.000321 -0.000480 0.007479 0.605698 0.135798 -0.290306 -0.095561 -0.011744 -0.013646 -0.033082 -0.007193 -0.000208 0.000326 0.003250 0.002557 0.001178 0.000480 0.000381 0.000405 0.004648 0.007963 -0.002887 -0.024993 -0.020687 -0.016888 -0.008809 0.000000 0.003615 0.001930 0.022229 0.031244 0.131776 0.122489 0.104356 0.031822 0.001447 -0.005046 -0.040605 -0.185117 -0.236723 -0.223011 -0.120307 -0.033697 -0.042297 -0.012498 -0.016134 -0.060150 -0.032131
-0.019091 -0.007736 -0.000655 0.000447 0.022895 0.031468 0.167050 -0.009112 -0.009893 0.027558 -0.001304 -0.066471 -0.014403 -0.000018 0.007053 0.037306 -0.330631 -0.060304 -0.000360 0.000360 0.012184 0.021823 -0.000056 0.000063 0.011082 0.024871 0.038249 0.155925 0.059516 0.044575 0.000556 0.055976 0.020525 -0.027804 -0.032820 -0.026256 -0.013896 0.000000 0.017328 0.041445 0.052739 0.143738 0.059126 0.025377 0.005495 0.001913 -0.003650 -0.002291 -0.004277 -0.031054 -0.023019 -0.026457 -0.056548 -0.022266 -0.069940 -0.024671 -0.000532 -0.001301 -0.002422
-0.001006 -0.000407 0.000100 0.009619 0.032319 0.109618 0.241157 0.307789 0.284471 0.335941 0.267681 -0.089370 -0.027222 -0.000463 0.000592 0.007671 0.022622 0.005271 -0.000360 0.000360 0.018873 0.046442 0.005230 0.000693 0.003394 0.078212 0.294496 0.053331 -0.002112 -0.012190 0.000020 -0.007715 -0.055916 -0.023153 -0.022687 -0.020079 -0.013648 0.000000 0.016557 0.033585 0.048624 0.032908 0.003866 0.001346 0.000861 0.000346 -0.041584 -0.010036 -0.000064 -0.047662 -0.050268 -0.056031 -0.024626 -0.013973 -0.000849 -0.001217 -0.000169 -0.000152 0.000308
-0.002372 -0.001774 0.002592 0.007743 0.006642 0.044747 0.204680 0.102859 0.038868 -0.177013 -0.221800 -0.128668 -0.033633 -0.001169 0.000965 0.000975 0.006707 0.004874 -0.000010 0.000531 0.001941 0.027141 0.066570 0.011764 0.000013 0.001633 0.015272 0.597623 -0.000222 0.000222 0.010845 -0.003726 -0.308809 -0.129198 -0.031828 -0.023690 -0.007994 0.000000 0.014223 0.021753 0.025589 0.005475 0.001446 -0.004740 -0.000670 -0.000652 -0.002316 -0.003179 -0.001456 -0.000895 -0.001705 -0.004430 -0.023420 -0.024462 -0.026446 -0.014374 -0.005208 0.000005 0.007930
-0.001961 -0.001434 0.002233 0.056595 0.122291 0.111943 0.086812 0.073177 0.021198 0.018790 -0.001618 -0.004535 -0.010019 -0.000587 0.000718 0.005104 0.002614 0.041869 0.032756 0.018089 0.048300 0.020177 0.010243 0.001563 -0.000003 0.012105 0.030988 0.007816 0.021089 0.027736 0.036778 0.032287 0.022159 0.000000 -0.069696 -0.022358 -0.020432 0.000000 0.007712 0.019062 0.005266 0.001713 -0.026374 -0.008824 -0.001496 -0.000767 -0.002163 -0.003646 -0.004541 -0.000330 0.000396 -0.206715 -0.027347 -0.030079 -0.017989 -0.009595 -0.000222 0.000222 0.003946
-0.017539 -0.008768 -0.000375 0.000143 0.014617 0.024797 0.032604 0.025311 -0.008580 -0.000506 -0.000848 -0.000870 0.000028 0.001202 0.001210 0.001932 0.012439 0.128315 0.079938 0.055179 0.122285 0.196565 0.088512 0.056166 -0.000208 0.000326 0.007152 0.029424 0.126593 0.070143 0.057382 0.043720 0.031632 0.010067 -0.007248 -0.016112 -0.008012 0.000000 0.007956 0.031821 0.518219 0.326579 -0.326097 -0.023309 -0.010482 0.000000 -0.002551 -0.004621 -0.005715 -0.000401 0.000555 -0.058413 -0.136606 -0.022032 -0.015161 -0.008610 -0.000005 0.000589 0.000615
-0.012967 -0.023251 -0.010464 -0.000032 0.015094 0.025800 0.027481 0.038666 0.003841 -0.115454 -0.091359 -0.001562 0.000732 0.001401 0.002668 0.003078 0.067537 0.100645 0.096804 0.065519 0.109062 0.206349 0.105197 0.287654 -0.009161 -0.000140 0.000276 0.000737 0.012924 0.092753 0.049905 0.031510 0.016460 0.033790 0.152978 -0.023632 -0.000619 0.000157 0.041890 0.585284 0.087560 -0.139693 -0.128297 -0.008864 -0.001544 -0.000928 -0.003446 -0.004469 -0.003537 -0.000013 -0.032972 -0.044010 -0.104800 -0.034804 -0.017098 -0.000329 0.000313 0.000268 -0.000310
-0.042602 -0.029705 -0.011699 -0.000760 0.000113 0.010829 0.027057 0.026171 0.027230 0.111320 0.037600 -0.001010 0.000783 0.011902 0.042347 0.404491 0.467391 0.181835 0.156809 0.078489 0.024353 0.003170 -0.020163 -0.085171 -0.127843 -0.384777 -0.012657 0.000018 0.000833 0.000578 0.053912 0.130504 0.626847 0.229923 -0.133756 -0.773939 -0.026016 -0.001523 0.027241 0.269452 -0.464364 -0.789738 -0.663718 -0.031114 -0.002342 -0.007441 -0.026795 -0.001328 0.000240 -0.037865 -0.003437 -0.425160 -0.046447 -0.015867 -0.008779 -0.000008 -0.000391 -0.003553 -0.010140
-0.490566 -0.159786 -0.064419 -0.014621 0.000000 0.008860 0.015700 0.026055 0.038953 0.122733 0.048384 -0.000446 0.000589 0.116766 0.683442 0.454347 0.334888 -0.343043 -0.011621 -0.000194 0.000496 0.012412 0.026745 -0.112729 -0.451620 -0.421575 -0.320101 -0.042508 -0.000000 0.004211 0.050758 1.015475 0.267367 0.051366 -0.222831 -0.068954 -0.047430 -0.011482 0.000000 0.005438 0.135303 -0.641043 -1.053952 -0.666701 -0.158899 -0.167748 -0.079057 -0.142644 0.000014 0.039125 -0.068136 -0.284611 -0.614429 -0.113947 -0.035604 -0.001317 -0.002941 -0.023521 -0.023017
-0.075380 -0.071865 -0.052536 -0.017431 0.000000 0.012314 0.017644 0.019475 0.042764 0.141996 0.065263 -0.000018 0.008282 0.219785 0.471929 -0.176133 -0.317067 -0.291203 -0.030024 -0.000013 0.003809 0.002782 0.020748 0.149671 0.096358 0.140834 0.055518 -0.012144 -0.000003 0.007274 0.036401 0.057207 0.158023 -0.506559 -0.658042 -0.019068 -0.016465 -0.005874 0.000005 0.006519 0.017698 0.714426 0.041496 -0.699501 -0.278235 -0.362837 -0.465651 -0.250662 -0.402155 -0.444606 -0.865182 -0.513684 -0.043920 -0.038380 -0.032250 -0.000033 -0.053331 -0.017783 -0.001715
-0.000671 -0.010755 -0.026408 -0.018279 0.000000 0.006934 0.031533 0.108263 0.030652 0.169464 0.187032 0.173964 0.407703 0.307003 0.174842 0.340460 0.690924 0.398519 -0.054271 -0.000401 0.000555 0.008346 0.010085 0.024499 0.539676 0.078815 -0.118796 -0.011672 -0.000208 0.000326 0.004012 0.011317 0.000067 -0.001772 -0.027015 -0.015990 -0.006039 -0.000222 0.000222 0.003946 0.007544 1.070738 0.892836 -0.406042 -0.174285 -0.216059 -0.022938 -0.007762 -0.000143 0.000088 -0.029224 -0.008312 -0.000200 0.000033 0.000894 0.005596 0.019989 -0.026851 -0.007435
-0.000005 0.000263 0.001179 0.000799 0.004903 0.018277 0.020356 0.174716 0.349323 0.304789 0.267188 0.214406 0.100988 0.168843 0.128145 0.099266 0.104298 -0.031391 -0.007524 -0.000330 0.000396 0.008555 0.023797 0.005371 -0.008117 -0.032481 -0.105756 -0.008705 -0.000143 0.000162 -0.244730 -0.009059 -0.006551 0.000000 -0.019238 -0.005247 -0.001437 -0.000276 0.000424 0.009726 0.019690 0.365223 -0.003872 -0.113587 -0.228098 -0.029984 -0.023103 -0.013826 -0.000299 -0.000187 -0.000117 -0.000919 -0.000222 0.000222 0.008674 0.034066 0.079204 0.061035 0.009525
-0.000222 0.000222 0.007375 0.016155 0.019529 0.024783 0.077305 0.163183 0.052774 0.021898 0.643330 0.141725 0.073853 0.100671 0.049470 0.349343 0.041274 0.000000 0.001313 0.000307 0.006388 0.152361 0.001177 0.000987 0.022337 -0.017334 -0.091481 -0.105363 -0.000064 0.000094 0.037900 -0.040965 -0.001412 -0.000973 -0.005237 -0.019977 -0.018172 -0.000016 0.017516 0.022941 0.070520 0.031529 -0.058681 -0.000082 -0.222908 -0.052185 -0.026132 -0.007739 -0.000339 0.000240 0.000379 0.001084 0.000181 0.000246 0.001020 0.026023 0.177232 0.481322 0.712476
-0.000070 0.000070 0.008819 0.024677 0.069850 0.119008 0.063141 0.077653 -0.000000 0.029934 0.083775 0.055160 0.302462 0.722257 0.319651 0.287681 -0.009833 -0.000000 0.036788 0.099596 0.153571 0.179855 0.206918 0.218603 0.166534 0.069423 -0.146224 -0.274340 -0.306383 -0.246448 -0.190859 -0.212015 -0.146913 -0.005025 -0.024550 -0.052755 -0.013710 -0.000001 0.016979 0.045517 0.127699 0.127607 -0.049584 -0.001112 -0.190934 -0.050229 -0.021568 -0.012093 -0.000001 0.020208 0.044086 0.060586 0.009457 0.001242 0.000031 0.009342 0.127634 0.250677 0.205463
