use_cases/Flooding_chicago/flooding_data/output/hUx_1500.asc
ncols 337
nrows 393
xllcorner 428428.000000
yllcorner 4602440.000000
cellsize 26.757400
NODATA_value -9999.000000
[rows 156 to 181 of 393, columns 177 to 235 of 337]
0.194190 0.404829 0.695682 0.362729 0.209348 0.097178 0.014623 0.264709 0.007515 -0.396579 -1.428121 -0.041147 -0.000175 -0.001924 -0.015814 -0.010803 -0.007304 0.000000 0.005878 0.617076 1.216812 1.070297 0.090487 -0.000248 -0.000688 -0.010802 -0.010345 -0.001135 -0.001451 -0.000735 -0.000103 0.000103 0.009532 0.016674 0.119753 0.104617 0.032647 0.063845 0.056454 0.059664 -0.497288 -0.876498 -0.258161 -0.014176 -0.008184 -0.001867 -0.000485 0.000213 0.002510 0.025167 0.038550 0.025445 0.003137 0.011629 0.063076 -0.140910 -0.019790 -0.005680 -0.000001
0.286326 0.150300 0.134376 0.444247 0.023878 0.054440 0.007661 0.102887 -0.119701 -0.482192 -0.179850 -0.066954 -0.003987 -0.011741 -0.032120 -0.027213 -0.012839 0.000000 0.005878 0.195735 0.460592 0.429476 -0.021005 -0.000218 -0.000113 0.000059 -0.000294 -0.001986 -0.010370 -0.003946 -0.000222 0.000222 0.009981 0.016123 0.154554 0.073380 0.046916 0.098067 0.569536 0.253633 -0.924825 -3.109571 -2.505118 -1.317176 -0.056087 -0.016389 -0.000788 0.000398 0.017560 0.038365 0.007156 0.018485 0.034426 0.028655 0.102579 -0.135008 -0.023560 0.000000 0.002522
0.335218 0.804957 0.038150 0.074190 0.573762 0.291516 0.000000 -0.611506 -0.850197 -1.455123 -0.248554 -0.250395 -0.198576 -0.056547 -0.020631 -0.001524 -0.001047 0.001450 0.021650 0.195716 0.464319 0.436708 -0.009163 -0.003663 0.000000 0.005350 0.016263 0.068782 -0.073024 -0.014410 -0.000140 0.000139 0.019514 0.292743 0.621683 0.132767 0.102498 0.189938 0.087378 0.020857 0.050305 0.244494 0.216985 -0.253407 -0.080966 -0.021958 -0.000833 0.000147 0.000419 0.001090 0.002672 0.007357 0.015949 0.030999 0.026422 -0.032920 -0.013378 -0.000971 0.000623
0.004780 -0.001282 -0.000110 0.032392 0.003298 -0.006445 -0.000000 0.008190 0.213168 -0.192075 -0.059492 -0.008276 -0.014616 -0.000930 -0.001990 -0.000920 -0.000184 0.000798 0.016745 -0.121339 -0.283611 -0.819146 -0.022402 -0.009247 -0.000067 0.000464 0.007735 0.044058 -0.000255 -0.001218 -0.000009 0.000116 0.012643 0.359283 0.278287 0.222383 0.125851 0.089047 0.059850 0.026047 0.067913 0.203545 0.948532 0.334103 -0.091746 -0.027165 -0.000581 -0.000260 0.000176 0.000347 0.025218 0.034067 0.007240 0.005894 0.002253 0.000075 -0.000457 0.000050 0.011449
-0.000941 -0.000004 -0.002363 -0.038137 -0.061383 -0.008022 -0.000000 0.006555 0.062362 -0.019838 -0.001787 -0.000062 0.000054 -0.000129 0.000135 0.029680 0.046700 0.021781 0.008921 0.148299 0.016496 -0.214596 -0.921976 -0.015638 -0.004177 0.000009 0.009810 0.068689 0.017369 0.008689 0.002197 0.000694 0.013193 0.337570 0.369163 0.297373 0.365588 0.126871 0.061688 0.048061 0.236956 0.664520 1.049740 0.025589 -0.026009 -0.016557 -0.006973 -0.000393 0.000331 0.008224 0.015222 0.024441 0.003065 0.003535 -0.000121 -0.000820 -0.000155 0.000246 0.008149
-0.000372 -0.000054 -0.007256 -0.012940 -0.078833 -0.015849 -0.000000 0.008818 0.061202 0.057005 0.003626 0.010021 0.002796 -0.000042 0.000593 0.009516 0.098040 0.175271 0.211018 2.124790 1.621666 1.725334 1.555302 0.030809 -0.009608 -0.000140 -0.000058 0.006710 0.004903 0.002732 0.001088 0.010698 0.359957 0.637895 0.498462 0.378480 0.088344 0.045643 0.029144 0.035688 0.452513 0.980523 1.179597 -0.107681 -0.018752 -0.009848 -0.007928 -0.000569 0.000247 0.000554 0.010991 0.551286 0.241462 -0.070086 0.000110 0.000695 0.000239 -0.100643 -0.398774
-0.001717 -0.002132 -0.002884 -0.004496 -0.033518 -0.009464 -0.000001 0.006453 0.021333 -0.014990 0.028408 0.036369 0.010592 0.002523 0.016200 0.036626 0.019951 0.002051 0.008048 -0.457691 -0.528536 -0.486112 -0.646286 -0.398022 -0.389758 -0.001005 -0.004535 -0.014930 -0.001862 0.009818 0.009795 0.035726 0.230245 0.104095 0.000211 -0.000501 -0.000281 0.000006 0.036204 0.263394 0.800765 1.211919 0.508041 -0.037939 -0.005776 -0.000889 -0.000923 -0.000292 0.000031 0.000292 0.016346 1.298079 0.627941 0.244230 0.002285 -0.072773 -0.132761 -0.308208 -0.255783
-0.000007 0.000985 0.001176 -0.000340 -0.041464 -0.010755 -0.000037 0.000626 0.007450 0.027014 -0.026410 -0.000618 -0.000637 0.000326 0.000717 0.000622 0.000483 0.010128 0.028392 0.481216 -0.133176 -0.188792 -0.085644 0.100827 0.239837 0.307801 0.352591 -0.017010 -0.013096 0.014890 0.023116 0.365812 1.367836 0.376011 -0.002231 -0.012798 -0.004803 0.000311 0.011053 0.425261 0.894313 0.940143 0.048150 -0.002517 -0.001096 0.000579 -0.000674 -0.000206 0.000002 0.000236 0.015450 -0.139921 -0.304242 -0.197051 -0.175017 -0.129715 -0.054752 0.079803 0.148118
-0.000149 0.000199 -0.002134 -0.001772 0.001212 0.000060 0.000257 0.023986 0.486266 -0.130875 -0.340359 -0.316438 -0.000040 -0.002682 -0.000406 -0.000153 0.000334 0.008834 0.016453 -0.314772 -0.489493 -1.149569 -1.127405 -0.765316 -0.600338 -0.326038 -0.287684 -0.327088 -0.011316 0.014757 0.022131 -0.235488 -0.059773 -0.084777 -0.015783 -0.007248 0.000003 0.008326 0.014571 0.599380 0.344678 0.024939 0.019779 0.010511 0.011762 0.126055 0.298450 -0.014429 -0.000118 0.000185 0.371281 -0.245716 -0.308286 -0.032885 0.145085 0.185469 0.365426 0.528884 0.477770
-0.001841 0.000021 -0.004183 -0.005611 -0.000870 0.000105 0.001789 0.043554 0.503843 0.025989 -0.387546 -0.622836 -0.098232 0.014481 0.078681 0.064179 0.001421 0.015424 0.020733 -0.390539 -0.173293 -0.099787 -0.148777 -0.052607 -0.165856 -0.047003 0.012674 -0.019876 -0.013439 0.001625 0.005653 0.002031 -0.199262 -0.133547 -0.011674 -0.000326 0.000208 0.006796 0.569713 0.466013 0.383682 0.239884 0.108033 0.000014 0.030620 0.334858 0.293184 0.254246 0.125872 0.108083 0.381796 0.948211 0.703363 0.852150 0.718233 0.720642 0.799492 0.741525 0.606698
-0.003093 -0.000155 0.000146 0.000803 0.002567 0.003925 0.007174 0.020503 0.048615 0.502386 0.821568 0.034045 -0.161727 -0.302295 -0.205842 -0.049615 0.000436 0.019501 0.057094 -0.383337 -0.104965 0.110981 0.095300 0.109236 -0.047236 -0.277454 -0.524138 -0.038990 -0.016381 -0.000136 0.000073 0.005382 0.006357 -0.114772 -0.011591 -0.000123 0.000140 0.013213 0.872532 0.806096 0.203594 0.000723 -0.000448 0.000316 0.010032 0.027828 0.080765 0.048434 0.118690 0.147185 0.487734 1.700618 1.100343 1.118635 1.094993 1.002305 1.011967 0.744590 0.697654
-0.011175 -0.000113 0.000261 0.017015 0.035401 0.006106 0.007299 0.032835 0.079392 0.126606 0.033328 -0.000098 0.000113 0.007801 -0.116741 -0.145983 0.000017 0.027911 0.040904 -0.162293 0.283762 0.455210 0.448492 0.372811 0.189579 -0.009652 -0.242253 -0.075157 -0.021224 -0.000814 0.000093 0.010723 0.016780 0.001099 -0.102003 -0.000002 0.161240 0.334947 0.590396 0.482885 -0.082596 -0.011800 0.000000 0.003939 0.002991 0.001162 0.011166 0.185183 0.140803 0.134632 0.339417 1.166198 0.100785 -0.042670 -0.240455 -0.200174 -0.091557 0.095087 0.230792
-0.008289 -0.000002 0.007734 0.020241 0.001980 0.000280 0.012615 0.043902 0.025928 -0.014313 -0.007706 -0.000084 0.000228 0.012096 0.023900 0.012314 0.038032 0.016939 0.504782 2.136226 0.961233 0.285234 -0.015978 0.000000 -0.000374 -0.000280 -0.001318 -0.021521 -0.028628 -0.011262 0.000000 0.003663 0.010055 0.413085 0.391192 0.496221 0.251732 0.265232 0.205367 0.101954 0.037664 -0.013973 -0.017444 -0.008405 -0.000355 0.000444 0.008982 0.019181 0.135073 -0.006726 -0.142877 -0.159748 -0.001403 0.000136 0.006601 -0.017165 -0.149279 -0.137173 -0.046562
-0.006831 -0.000141 0.000225 0.000133 -0.000233 0.000102 0.005649 0.017373 0.014169 0.001126 0.000632 0.001257 0.001063 0.009912 0.020158 0.085284 0.000059 0.006517 0.238115 0.614128 0.647332 -0.195598 -0.009919 0.000004 -0.000149 -0.000267 -0.000176 0.000584 0.005150 0.002372 0.000418 0.101799 0.587209 0.586337 0.411862 0.091433 0.000079 0.008794 0.119725 0.064174 -0.043328 -0.017692 -0.020787 -0.014129 -0.000538 0.001085 0.015695 0.024924 0.023329 0.002674 0.009373 -0.093697 -0.021175 -0.000144 0.000534 0.000362 -0.017144 0.037321 0.079736
-0.010086 -0.000015 0.008637 0.000958 -0.006539 0.000000 0.003663 0.009783 0.010698 0.001848 0.004897 0.009889 0.002044 0.012688 0.020201 0.004211 0.001548 0.000787 0.236311 0.815378 0.527481 0.039548 -0.002717 0.000177 0.000002 -0.000063 0.000094 0.018472 0.071691 0.240060 0.161434 0.152996 0.122223 0.114970 -0.053434 -0.008372 0.001747 0.006949 -0.388047 -0.386608 -0.528672 -0.048361 -0.001473 -0.000794 0.001449 0.002252 0.010985 0.022372 0.005587 0.002080 0.076790 0.008751 -0.262741 -0.005447 -0.000326 0.000208 0.006364 0.219919 0.218065
-0.000791 -0.000368 0.000832 0.002420 0.002160 0.000918 0.000683 0.009372 0.016455 0.021255 0.015717 0.041157 0.000069 0.009670 0.019997 0.018979 0.002390 0.000805 0.387100 0.346907 0.318628 0.151199 -0.035291 -0.001652 -0.000478 0.000139 0.000436 0.021144 0.129005 0.485803 1.056862 0.200448 0.059983 0.011732 0.002074 0.000861 0.021327 0.238100 0.714158 0.134846 -0.507084 -0.073276 -0.002365 0.001089 0.003199 0.001759 0.018608 0.563083 -0.000214 0.000696 0.121108 0.340760 0.083421 0.144478 -0.005982 0.000003 0.006034 1.054995 0.393755
-0.008751 -0.000502 0.000507 0.004346 0.002644 0.005279 0.022144 0.024962 0.025177 0.024742 0.004420 -0.008282 0.000001 0.019509 0.030212 0.239936 0.282067 1.830847 2.089663 1.653677 1.563350 0.386219 -0.087535 -0.024214 -0.006148 0.000000 0.003663 0.095872 0.266295 0.208227 0.064945 -0.000133 -0.000034 0.000566 0.001142 0.011307 0.172676 0.410833 1.106598 0.374981 -0.436955 -0.064569 -0.000725 0.000863 0.003657 0.001728 -0.450971 -0.609906 -0.329427 0.000030 0.185118 0.207897 -0.345041 -0.794188 -0.168819 0.000000 0.025915 0.914843 0.335753
-0.015842 -0.007133 0.000018 0.010643 0.022849 0.029540 0.022241 0.027712 0.117409 0.934279 0.984182 0.646792 -0.000074 0.001335 0.306007 0.283749 0.353521 1.604511 1.872611 1.343894 0.491896 0.124175 -0.055103 -0.000429 0.000181 0.000606 0.000568 0.099107 0.125123 -0.003230 -0.005595 -0.000051 0.001524 0.006545 0.012966 0.035887 0.304979 0.441032 0.377166 0.194716 0.079921 -0.019716 -0.000208 0.000875 0.031234 0.016142 0.847578 1.190563 0.943323 0.553882 0.426945 0.205543 0.063515 0.002880 0.105984 0.071306 0.776127 0.718062 0.618316
-0.024121 -0.005630 0.000000 0.008640 0.021738 0.033691 0.122908 1.976736 2.227175 2.454599 2.042871 1.417799 1.419736 1.185507 0.924133 1.639782 1.733488 1.792694 1.379055 0.754411 -0.027634 -0.001146 -0.001430 -0.000009 0.105729 0.049427 0.280674 0.121310 -0.049334 -0.006885 -0.000151 0.000065 0.019435 0.061815 0.106983 0.033344 0.273640 0.238841 0.059305 0.007320 -0.004115 -0.006586 0.000772 0.005599 0.078766 0.272401 0.188999 0.087653 0.020177 -0.053559 -0.010915 -0.000214 0.000188 0.001045 0.307567 1.102765 0.584843 0.317712 -0.020489
-0.003089 -0.000140 0.000219 0.007137 0.024639 0.139127 1.199476 1.906101 1.386471 0.821350 1.529451 1.264937 1.378598 2.015711 1.461207 1.647300 1.469905 0.918548 0.004005 0.000872 0.001084 0.000632 0.001237 0.047970 0.174931 0.237312 0.236113 0.165692 -0.292568 -0.015941 -0.004189 0.000000 0.012088 0.026491 0.159336 0.688363 0.527100 0.000455 -0.000047 -0.001933 0.002286 0.007243 0.010190 0.026359 0.024626 0.016148 -0.000142 -0.000094 0.000202 0.000564 0.000933 0.001077 0.001049 0.007160 0.529038 1.052167 0.301443 -0.111984 -0.083391
0.029759 0.004492 0.006657 0.232956 -0.204733 0.462629 1.093507 0.852344 -0.000005 0.004869 0.045404 0.022492 0.844292 2.087700 2.334014 1.910929 1.708627 1.044019 -0.000222 0.000222 0.012729 0.468557 0.390376 0.488769 0.698008 0.656765 0.412667 0.055874 -0.032785 -0.025379 -0.012267 0.000000 0.007912 0.019615 0.123948 0.043486 0.047394 0.010991 -0.000096 0.001467 0.021025 0.002910 0.021554 -0.000122 0.000138 -0.000181 0.000247 0.000817 0.008610 0.015125 0.013221 0.003144 0.001480 0.043869 0.530434 0.001226 0.001168 -0.030647 -0.034798
0.247365 0.184766 0.178330 -0.088985 -0.211799 0.090294 0.165057 -0.135733 -0.000222 0.000222 0.003946 0.867746 0.923164 0.779103 0.504614 0.243428 0.088255 0.040307 -0.000241 0.000117 0.119782 0.187678 0.335902 0.353213 0.405705 0.242841 -0.010594 -0.536555 -0.033813 -0.015410 -0.000471 0.000023 0.006879 0.009450 0.014062 0.044858 -0.001168 -0.000154 0.000267 0.015178 0.051838 -0.086307 -0.019101 -0.007840 -0.000058 0.000592 0.008280 0.013989 0.016736 0.017818 0.019645 0.002619 0.000995 0.723015 0.671256 0.019551 0.006925 0.062201 0.010094
0.275365 0.431058 0.511422 0.284656 0.178032 0.073695 0.072144 0.103755 0.031712 0.015811 0.043573 0.623517 0.378358 -0.014474 -0.000123 0.000075 0.000981 0.009025 0.389353 0.144857 0.192819 0.270250 0.388270 0.387469 0.315638 0.143938 -0.087385 -0.031150 -0.007006 -0.000990 -0.000088 0.000137 0.008627 0.017640 0.021780 0.065267 -0.010501 -0.000590 0.000115 0.008936 0.016140 -0.001443 -0.016172 -0.000360 0.000360 0.006387 0.013523 0.025894 0.030219 0.032710 0.286383 0.979789 0.986370 1.105343 1.561455 1.495896 0.940520 1.515800 1.070748
0.053320 0.272421 0.194240 0.281920 0.584980 0.415579 0.549619 0.686737 0.690746 0.864168 1.352830 0.984279 0.020549 0.003252 -0.000049 0.000636 0.007914 0.022116 0.416274 0.367734 0.378011 0.392248 0.361100 0.359717 0.303921 -0.061713 -0.539576 -0.019638 -0.006258 -0.000029 0.005438 0.020497 0.027112 0.076672 0.582267 0.265071 0.173513 -0.001686 -0.002420 0.000000 0.008478 0.001276 -0.007771 -0.000360 0.000360 0.014725 0.025784 0.022077 0.075034 0.133324 0.464994 1.273654 1.151110 1.254039 2.054930 2.020593 2.588080 1.888672 1.330408
0.023028 0.042810 1.007990 0.828925 1.013253 0.588070 0.283661 0.187406 0.033335 -0.143879 -0.272915 -0.009227 -0.000569 0.000247 0.000554 0.006009 0.013648 0.003712 -0.032727 -0.014758 0.058058 0.203400 0.251260 0.272664 0.331897 0.109490 -0.349512 -0.025336 -0.003956 -0.000392 0.001394 0.024953 0.054407 0.021800 0.161732 -0.233153 -0.433664 -0.047419 -0.008556 0.000000 0.005712 0.011107 0.001928 0.000241 0.000446 0.005642 0.044040 0.132705 0.053358 0.109284 0.301573 0.507507 1.730674 2.440259 1.970782 1.690956 2.548102 2.018390 1.782182
0.036702 0.038449 0.047448 0.249276 0.224889 0.131732 -0.432197 -0.597067 -0.495485 -0.555304 -0.545676 -0.007251 -0.000393 0.000331 0.010444 0.025405 -0.063362 -0.054991 -0.318537 -0.302407 -0.350609 -0.553522 -0.876297 -1.191433 -2.170798 -1.792507 -0.018399 -0.001963 -0.001720 0.000260 0.001323 0.031552 0.092216 0.572772 0.204330 0.018763 -0.066780 -0.008610 -0.009435 -0.000065 0.000593 0.007821 0.036616 0.003683 0.000741 0.007857 0.047398 0.043223 0.068791 0.035723 0.363937 1.139405 0.799912 0.953838 0.427104 -0.046177 -0.318361 -0.198584 -0.143914
