use_cases/Flooding_chicago/flooding_data/output/hUx_1560.asc
ncols 337
nrows 393
xllcorner 428428.000000
yllcorner 4602440.000000
cellsize 26.757400
NODATA_value -9999.000000
[rows 130 to 155 of 393, columns 118 to 176 of 337]
-0.000279 0.001111 0.250179 0.769528 0.523378 0.315011 0.182233 0.128013 0.108001 0.088933 0.061771 0.054199 0.142521 0.165851 0.104669 0.051919 -0.007908 -0.097156 -0.152803 -0.235829 -0.173193 -0.001253 -0.000067 0.116131 0.006837 -0.124535 -0.020723 -0.024295 -0.019861 0.000000 0.035240 -0.000341 -0.036164 -0.033603 -0.034972 -0.032855 -0.002939 -0.013749 -0.003663 0.000000 0.006355 0.012975 0.021278 0.037296 0.070527 0.062914 -0.045427 -0.050021 -0.043433 -0.027172 -0.009235 -0.000739 -0.000836 0.001122 0.000603 0.001112 0.000516 0.000737 0.009926
0.000629 0.002776 0.012823 -0.227646 -0.433852 -0.424723 -0.484111 -0.324802 -0.294403 -0.248940 -0.288870 -0.238257 -0.150023 -0.012079 0.059632 0.194595 0.307957 0.154993 -0.014159 -0.054916 -0.100456 -0.001685 -0.001149 0.048160 -0.005006 0.015500 0.007779 -0.009671 -0.008381 0.000000 0.025475 0.120149 0.185172 -0.068206 -0.037567 -0.047247 -0.014195 -0.001317 -0.000111 0.000194 0.007854 0.024096 0.024407 0.040227 0.066405 0.005957 -0.026656 -0.029340 -0.024949 -0.018825 -0.007810 -0.000228 -0.000113 0.000021 0.000264 0.001521 0.000361 0.007285 0.014628
0.002261 0.004496 0.002783 0.151715 0.234916 0.263484 -0.037498 -0.032656 -0.036396 -0.047785 -0.018015 -0.033684 0.046783 0.163191 0.182265 0.249939 0.440458 0.376733 0.392966 0.271185 0.186275 0.193764 0.061311 0.026680 0.008559 -0.011913 -0.028379 -0.017392 0.017455 -0.000174 0.001773 0.156387 0.113053 -0.041258 -0.055359 -0.032969 -0.006739 -0.000214 0.000104 0.006391 0.011745 0.001197 0.003142 0.000000 -0.002818 -0.003038 -0.016324 -0.018547 -0.028489 -0.029803 -0.014233 -0.000576 -0.000579 0.000007 0.003994 0.015762 0.000000 0.008017 0.025646
0.003165 0.004362 0.002676 -0.076229 -0.104833 -0.056276 -0.131165 -0.125676 -0.092747 -0.049378 0.010946 0.047032 -0.063870 0.077686 0.133997 0.219364 0.427427 0.376116 0.365985 0.353623 0.332556 0.247059 0.212985 0.164792 0.115186 0.103837 0.044364 -0.007746 -0.120645 -0.000736 0.005833 0.004984 0.227030 0.313752 0.247922 -0.033879 -0.007356 -0.000102 0.000077 0.006770 0.031701 0.003239 0.000680 -0.024466 -0.013164 -0.007055 -0.029283 -0.036704 -0.031115 -0.013986 -0.007046 -0.000372 -0.000206 0.000363 0.010521 0.021899 0.001679 0.008764 0.016883
0.001802 0.001810 0.020855 0.777865 0.622108 0.432007 0.331544 0.244254 0.191710 0.158096 0.225537 0.352997 0.491910 0.437695 0.258066 0.311488 0.607192 0.532637 0.443401 0.478486 0.397012 0.307188 0.295839 0.226389 0.133529 0.082980 0.023912 -0.032580 -0.168946 0.000235 0.008008 0.006613 0.003560 0.001589 0.213630 0.151995 -0.007933 -0.000108 0.000095 0.001035 0.004863 0.012272 0.026016 -0.023239 -0.032673 -0.018229 -0.017190 -0.014745 -0.010377 -0.008501 -0.001059 -0.000123 0.000276 0.010003 0.024467 0.030101 0.001562 0.004665 0.019729
0.190236 0.158346 0.127964 0.693318 0.571863 0.412371 0.453368 0.335710 0.262242 0.227923 0.215156 0.286520 0.603952 0.785435 0.944399 0.693428 0.683178 0.623388 0.540768 0.516052 0.443742 0.344593 0.154342 0.101395 0.091619 0.053382 0.039591 0.053556 0.033838 0.000000 0.004849 0.004669 0.093592 0.094093 0.121918 0.097343 -0.027137 -0.001382 -0.001041 0.001572 0.002657 0.013276 0.033119 -0.029998 -0.027306 -0.035449 -0.009123 -0.003157 -0.014134 -0.009769 -0.000324 0.000004 0.000153 0.005488 0.019611 0.047907 0.044338 0.034140 0.003780
0.411606 0.319884 0.901127 0.740174 0.452076 0.541532 0.434053 0.411360 0.318729 0.288960 0.271215 0.312137 0.397567 0.449742 0.454581 0.545442 0.513060 0.488122 0.564606 0.582289 0.574134 0.459786 0.409160 0.282291 0.197205 0.190162 0.069622 0.048751 -0.000391 0.000090 -0.000984 -0.012274 0.095252 0.266377 0.111808 0.117036 -0.010135 -0.002154 0.000746 0.003868 0.041285 0.101327 0.090945 -0.058830 -0.053766 -0.020609 -0.009143 -0.000115 -0.023408 -0.024207 -0.008042 0.000000 0.006499 0.023518 0.040901 0.053048 0.043867 0.053773 0.011619
0.138151 0.366101 0.228577 0.132888 0.152903 0.177828 0.130723 0.113647 0.101375 0.085643 0.092000 0.111499 0.257618 0.323606 0.357340 0.369218 0.303935 0.295643 0.365353 0.326767 0.402047 0.356961 0.428284 0.296815 0.212583 0.080098 0.051677 -0.001058 -0.000314 -0.108491 -0.150605 -0.058773 0.066786 0.120351 0.053637 0.100458 0.013693 0.000472 0.001400 0.001965 0.038177 0.092690 0.094545 -0.144832 -0.049264 -0.018921 -0.006461 -0.000002 -0.030814 -0.004077 -0.000168 0.000364 0.000473 0.010748 0.033008 0.062211 -0.350927 -0.344780 0.008175
0.368335 0.859345 0.585908 0.657822 0.448583 0.466543 0.321101 0.265397 0.204927 0.117003 0.073241 0.045525 0.103605 0.323504 0.279794 0.369678 0.086508 0.053416 0.043360 0.065765 0.116812 0.101099 0.232194 0.230493 0.196135 0.109022 0.109936 0.121553 0.273165 0.281930 0.302951 0.364507 0.331098 0.280531 0.160516 0.205063 0.106662 0.001094 0.001400 0.001459 0.004469 0.058667 0.337444 0.238863 0.228194 -0.267022 -0.012029 -0.001506 -0.003397 -0.000005 -0.000005 0.000124 -0.000128 0.000374 0.022498 1.173821 0.730875 1.064229 1.050004
0.261310 0.132755 0.459654 0.387605 0.268589 0.276790 0.172389 0.102864 0.057106 0.040992 0.026024 0.034572 0.037114 0.027839 -0.017068 0.009143 0.067946 0.063831 0.051749 0.178600 0.116044 0.138438 0.142452 0.218682 0.219313 0.191905 0.121208 0.146028 0.285443 0.334339 0.416860 0.570905 0.424565 0.312332 0.336769 0.253615 0.295875 0.190643 0.346185 0.254041 0.218643 0.122427 0.478699 0.402528 0.387599 0.334417 0.128841 -0.000709 -0.000188 0.028310 0.067987 0.078957 0.074399 0.000013 0.196139 0.204809 1.511083 1.470786 1.067732
0.205525 0.098740 0.459895 0.467453 0.341295 0.236551 0.165802 0.108291 0.071733 0.063093 0.044479 0.055199 0.055507 0.049311 0.033555 0.049453 0.074902 0.085413 0.087854 0.093118 0.113296 0.143305 0.155570 0.299063 0.310854 0.620373 0.653633 0.540464 0.655276 0.536803 0.542420 0.561107 0.079403 -0.120863 0.058241 0.208137 0.231940 0.612141 0.508108 1.316885 0.364098 0.551049 0.823252 0.770162 0.747462 0.712308 0.625654 0.273380 0.174283 1.051785 1.904929 1.621817 1.555852 1.542298 0.507003 1.222829 0.925060 0.614540 0.474770
0.506636 0.476924 0.521972 0.432620 0.342040 0.268714 0.466192 0.349230 0.298281 0.225944 0.154465 0.187177 0.171933 0.303027 0.209598 0.156925 0.224333 0.190285 0.112539 0.117962 0.351944 0.185604 0.207934 0.202444 0.559436 0.534887 0.751318 0.871718 0.646768 0.233195 0.116872 0.052241 -0.000161 0.006992 0.097166 -0.000001 0.006949 0.033710 0.200538 0.128142 0.135898 0.931450 0.367782 0.488718 0.802782 0.926183 1.458243 1.510145 1.941144 1.803965 1.417064 1.106572 1.555359 1.258937 0.416801 0.601942 0.442266 0.330016 1.019051
1.638224 0.710851 1.604762 0.573987 0.443749 0.351728 0.668190 0.595164 0.609385 0.558155 0.436435 0.272966 0.252698 0.395445 0.411645 0.394313 0.386642 0.361123 0.279492 0.275537 0.313791 0.232983 0.270108 0.276156 0.184314 0.220103 0.255337 -0.103951 -0.028127 -0.002475 -0.021148 -0.015252 -0.006487 -0.000045 -0.000094 -0.000033 0.000153 0.012891 0.023480 0.035253 0.220920 0.788281 0.420022 0.283969 0.394393 0.439192 0.619468 0.746851 0.162834 -0.000093 0.001137 0.020716 0.413900 0.745327 0.388803 0.309203 0.209165 0.134238 0.263263
0.746437 0.605209 0.533959 0.403456 0.295098 0.251580 0.215761 0.388803 0.385091 0.372923 0.242699 0.210420 0.191865 0.296618 0.284015 0.348916 0.403232 0.339351 0.357304 0.436203 0.415119 0.162776 0.000958 -0.000856 -0.003876 -0.012724 -0.023392 -0.024736 -0.003285 -0.001217 -0.013881 -0.010733 -0.001196 -0.001131 0.000155 0.001338 0.000968 0.014209 0.035292 0.050211 0.049114 0.064502 -0.096062 -0.164772 -0.156479 -0.078353 0.064663 0.035257 -0.010343 0.000723 0.016363 0.046836 0.512423 0.815247 0.381911 0.351903 0.298016 0.250624 0.156291
0.103529 0.042248 0.026115 0.193384 -0.030798 -0.036068 0.040651 0.053227 0.056325 0.145188 0.127285 0.062601 0.057360 0.074639 0.077931 0.104814 0.150716 0.174407 0.054229 0.009487 0.000891 -0.000517 -0.000647 -0.000444 -0.001006 -0.006495 -0.020965 -0.067137 -0.021521 -0.003789 -0.024859 -0.012001 -0.001934 -0.002809 0.000447 0.002695 0.030528 0.043819 0.037325 0.023901 0.005557 0.014640 0.027534 0.054786 0.021288 -0.323181 -0.041717 -0.010026 -0.000013 0.014972 0.045906 0.065126 0.582215 0.963173 0.396038 0.382940 0.345070 0.311855 0.233091
0.051851 0.108952 0.057072 0.161311 -0.000213 0.128030 0.202249 0.263684 0.278785 0.476289 0.448963 0.270087 0.179807 0.070338 0.065665 0.047368 0.017847 -0.075087 -0.019430 -0.000862 -0.001378 -0.000003 0.000307 0.000919 0.001505 0.000651 -0.003594 -0.059646 -0.010491 -0.002096 -0.004244 -0.007768 -0.008936 -0.002676 -0.001328 0.002896 0.027174 0.042554 0.023994 0.004440 0.009750 0.027463 0.057530 0.090509 0.036561 -0.281477 -0.078142 -0.018729 -0.000401 0.000555 0.013300 0.027463 0.072849 1.583338 0.472266 0.433581 0.377974 0.334042 0.268767
0.080126 0.032228 0.107716 0.678921 0.568305 0.489582 0.581921 0.630732 0.762459 0.673702 0.622571 0.497205 0.412216 0.193548 -0.003799 0.000371 0.000264 -0.000651 -0.004614 -0.019952 -0.006895 -0.000208 0.000326 -0.000270 -0.000030 0.009509 0.017448 0.000445 -0.002053 -0.002794 -0.001215 -0.001353 -0.001408 -0.000470 -0.000360 0.000360 0.017654 0.025516 0.039051 0.048109 0.033551 0.010058 0.018170 0.009564 0.010594 -0.007917 -0.080360 -0.024255 -0.000330 0.000396 0.005244 0.003732 0.059109 0.320469 0.334024 0.343269 0.277027 0.200977 -0.001922
0.134246 0.072123 0.145176 0.791501 0.759747 0.636067 0.698005 0.701049 0.777795 0.620394 0.531283 0.475393 0.502391 0.416206 0.045623 0.000805 0.000966 0.001068 -0.147039 -0.187913 -0.222012 -0.000821 -0.011073 -0.011669 -0.000764 0.000262 -0.000332 -0.002118 -0.001769 -0.000102 0.001195 0.016329 0.037257 0.003572 -0.000360 0.000360 0.013333 0.042290 0.036220 0.035591 0.182599 0.000377 0.001061 0.002100 0.001077 -0.000921 -0.001820 -0.001556 0.002296 0.003202 0.008882 0.007355 0.110339 0.062873 0.064035 0.033966 0.011172 0.002179 -0.001914
0.225072 0.145759 0.189199 0.787710 0.679047 0.517986 0.495237 0.368280 0.204474 0.032475 -0.135790 -0.355968 -0.558604 -0.764439 -1.208293 -0.544388 -0.502806 -0.488388 -0.403698 -0.274662 -0.236849 -0.002501 -0.029835 -0.021167 -0.001978 -0.002337 -0.000278 -0.001605 -0.000572 0.000271 0.022617 0.029505 0.022516 0.001070 -0.000166 -0.000036 0.000813 0.010255 0.079139 0.100328 0.052583 -0.001599 -0.001396 -0.000238 0.000319 0.001658 0.013095 0.015908 0.014236 0.310460 0.357698 0.470831 0.405835 0.186950 0.161744 0.081792 0.240733 -0.001024 -0.000678
0.798187 0.177716 0.479165 0.805143 0.860811 0.815900 0.916943 0.570958 0.511310 0.446223 0.301556 0.290783 0.118990 0.105815 0.054407 0.000682 -0.055019 -0.064032 -0.000703 0.000181 -0.314637 -0.260103 -0.336756 -0.022262 -0.028476 -0.019086 0.000001 0.003214 0.000775 0.000463 0.002173 0.021136 0.063703 0.010347 0.002251 -0.000166 -0.000056 0.000927 0.009209 0.126684 0.135659 0.105469 -0.012782 0.000000 0.002852 0.003482 0.002032 0.000000 0.005878 0.561814 0.863364 0.925270 0.387369 0.524171 0.280946 0.118937 0.282252 0.830892 0.290337
0.168693 0.485847 1.919181 1.247982 0.864901 0.703833 0.262481 0.230007 0.200850 0.173998 0.339134 0.245244 0.249686 0.176789 0.134930 -0.000564 -0.000785 -0.002215 -0.003434 0.000000 -0.008964 -0.026701 -0.057543 -0.139444 -0.033457 -0.000674 0.000031 0.011342 0.017571 0.001396 0.000677 0.002877 0.047415 0.111308 0.145764 0.054568 -0.000152 0.000123 0.001121 0.012492 -0.217781 -0.398859 -0.014987 0.000000 0.003146 0.002653 0.001188 0.000000 0.005878 0.139183 0.218222 0.328431 0.208024 0.318170 0.442369 0.294483 0.510770 0.517378 0.616258
0.003663 1.020615 0.897672 0.762458 0.285531 0.215013 0.137706 0.151528 0.185678 0.252499 0.192949 0.502163 0.214419 0.199517 0.203961 0.888457 0.028752 -0.000995 -0.009842 -0.012947 0.000000 -0.050782 -0.114445 -0.054987 -0.064947 -0.028525 0.000000 0.039724 0.088752 0.046656 0.005515 0.000133 0.053697 0.653582 0.375153 0.253871 -0.001074 -0.001531 0.005390 0.006063 0.007570 -0.023138 -0.005598 -0.005926 -0.001173 0.002872 0.005740 0.001783 0.028404 0.054288 -0.178331 -0.010041 0.000000 0.139515 0.565705 0.273346 0.231972 0.440403 0.489905
0.356682 0.896049 0.074416 0.029964 0.172087 0.043398 -0.060471 -0.054757 0.000361 0.001144 0.111604 0.143389 0.757788 0.580423 0.244569 0.085333 0.100014 0.125944 -0.013046 -0.031543 -0.045905 -0.051420 -0.015041 -0.053956 -0.019887 -0.007132 0.000000 0.013355 0.061072 0.272350 -0.116086 -0.130312 0.019311 0.054194 0.151209 0.302595 0.150944 0.007492 0.008925 0.006249 0.018229 0.008796 -0.004352 -0.002727 0.000178 0.001688 0.003443 -0.124483 -0.187378 -0.232448 -0.695581 -0.005338 0.000000 0.007696 0.459654 0.585907 1.038694 1.387812 1.362796
0.724675 0.528306 -0.010729 -0.005167 0.006990 0.038275 0.028395 0.010560 0.008565 0.005379 0.153477 0.821296 0.573696 0.696202 0.530884 0.465184 0.331690 0.025395 -0.098274 -0.019791 -0.027804 -0.011370 -0.042378 -0.034847 -0.034637 -0.010007 0.000000 0.010871 0.046071 0.875337 0.271354 0.116454 0.019535 0.000482 0.024051 0.085682 0.147523 -0.000707 0.001864 0.002660 0.134975 0.533128 0.069010 0.003592 -0.056073 -0.000232 0.000889 -0.202941 -0.262146 -0.221801 -0.349882 -0.166019 0.000000 0.008552 0.511164 0.904172 1.322801 1.502680 1.306922
0.520109 0.260085 -0.017901 -0.015368 0.008025 0.013524 -0.000360 0.000360 0.007546 0.006116 0.133341 0.537139 0.384409 0.754223 0.420482 0.344364 0.183662 0.047839 -0.078859 -0.012918 -0.023369 -0.014136 -0.052155 -0.049570 -0.022842 -0.001279 0.000831 0.015162 0.025427 0.799963 0.256813 0.134191 0.006670 0.000941 0.179840 0.250423 0.294593 0.306768 0.000118 0.027519 -0.212153 -0.349988 -0.315544 -0.212790 -0.074229 0.008352 0.426515 0.430817 0.261182 0.164760 -0.215731 -0.110508 0.000310 0.557590 0.827093 1.234925 0.775508 0.128106 0.101896
0.000835 0.001226 0.077574 0.137096 0.173691 0.125431 -0.000360 0.000360 0.011265 0.006043 0.100143 0.483964 0.406148 0.400431 0.373019 0.344229 0.247909 0.177297 -0.003846 -0.021212 -0.025702 -0.076472 -0.066510 -0.034030 -0.008626 -0.000958 0.000817 0.016625 0.014904 0.020942 0.135023 0.038710 0.003036 0.056131 0.090596 0.001560 0.420504 0.597390 0.569124 1.492770 1.101330 0.865776 1.309655 1.260431 1.242001 1.114216 0.651772 1.588029 1.499413 1.392818 0.875552 0.874312 0.838012 0.739100 0.339301 0.172463 0.182772 0.239141 0.172045
