use_cases/Flooding_chicago/flooding_data/output/hUx_2160.asc
ncols 337
nrows 393
xllcorner 428428.000000
yllcorner 4602440.000000
cellsize 26.757400
NODATA_value -9999.000000
[rows 182 to 207 of 393, columns 177 to 235 of 337]
0.057685 0.058399 0.101686 0.389468 0.449506 0.173751 0.439992 0.460662 0.339809 0.214373 -0.319969 -0.062628 -0.000136 0.000131 0.006715 0.024944 0.264633 0.579117 1.050978 1.046873 1.004833 0.508664 0.002135 -0.000759 -0.144117 -0.037933 -0.009018 -0.000632 0.000651 0.001444 0.000075 0.020731 0.063344 0.355301 0.212155 0.175207 -0.105307 0.000540 0.004483 0.001055 0.007452 0.009309 0.008074 0.003304 0.001338 0.001915 0.001967 0.011889 0.012037 1.546373 3.084654 2.402241 1.119663 0.593343 -0.000438 0.000267 -0.553865 -0.575309 0.005963
0.043174 0.038299 0.157348 0.432658 0.258869 0.153706 0.472803 0.614611 0.854717 1.276166 0.516820 0.089436 0.109494 0.071411 0.123256 0.729365 0.587489 0.738904 0.701852 0.126100 -0.037435 -0.008710 0.000010 -0.015406 0.020365 -0.000738 -0.000764 0.000019 0.005196 0.005375 0.007261 0.004550 0.030412 0.085975 -0.095479 -0.012122 -0.000058 0.000592 0.013187 0.014421 0.003887 0.003745 0.002894 0.018247 0.130042 0.655127 0.809405 0.955974 2.043854 3.743206 2.100854 0.075530 -0.662172 -0.322843 -0.005738 0.000472 0.007093 0.020832 0.002006
0.108635 0.259260 0.110514 0.049992 0.062089 -0.230495 -0.383254 -0.491513 -0.296042 -0.007784 -0.000083 0.000067 0.009420 0.108115 0.227502 0.484369 0.287351 0.077185 -0.400105 -0.030901 -0.009457 -0.000158 0.000368 0.009389 0.158343 -0.000687 0.000144 0.000760 0.030641 0.231713 0.000488 0.003111 0.005009 0.068449 -0.004488 -0.000360 0.000360 0.006387 0.032860 0.051472 0.011835 0.014680 0.007217 0.357137 1.991184 3.422870 3.287777 3.602965 3.003171 2.602076 0.721451 -0.573846 -0.460553 -0.410787 -0.059566 -0.000606 0.000273 0.000365 0.001201
0.019612 0.037266 0.003589 0.009871 0.009027 -0.470847 -0.911896 -1.339207 -0.048893 -0.006353 -0.000464 0.000067 0.008073 0.021641 0.128625 0.018386 -0.004097 -0.008444 -0.050982 -0.018372 -0.001297 0.000407 0.001620 0.006131 0.175441 -0.000930 0.000741 0.026076 0.076030 0.239363 0.138619 0.302596 0.200164 0.084961 -0.016114 -0.000360 0.000360 0.018252 0.035884 0.062749 0.082944 0.675025 1.557594 1.986180 2.142716 2.349600 1.561522 -0.000062 0.000067 -0.561835 -0.818192 -1.044290 -1.331027 -0.506812 -0.196082 -0.013152 0.000000 0.008587 0.019643
0.009420 0.032891 0.003193 0.001773 0.032267 0.353842 -0.886020 -1.605236 -1.289145 -0.016983 -0.005350 0.000000 0.012122 0.031875 0.035935 0.000265 -0.008231 -0.013167 -0.025616 -0.026055 -0.002819 0.001921 0.004321 0.028870 0.125513 -0.000847 0.000043 0.022139 0.027931 0.003206 0.208752 0.249103 0.365787 0.482810 0.479312 -0.000301 0.000015 0.001609 0.010497 0.073430 0.870611 0.911605 1.140919 1.348839 1.515443 -0.079067 -0.008803 -0.000092 0.000301 0.011425 0.179672 -0.703606 -1.369606 -1.466718 -0.466953 -0.005510 0.000000 0.005878 0.013996
0.079651 0.022510 0.007264 0.004181 0.011789 0.039328 0.007626 -0.097275 -0.727308 -0.080150 -0.011391 -0.000066 0.000558 0.010495 0.021975 0.014679 -0.004181 -0.050484 -0.012344 -0.005420 -0.002980 0.006020 0.007366 0.027166 -0.004742 -0.039091 -0.011295 -0.000416 0.005869 0.027504 0.083727 0.000050 0.002098 0.002610 0.458334 0.363844 0.151407 0.047802 0.045087 0.558232 0.343023 0.214337 0.372877 0.170525 -0.022284 -0.014733 -0.007170 0.000000 0.005878 0.027859 0.238146 -0.702275 -1.431669 -2.439481 -1.803147 -0.018121 0.000000 0.005878 0.026207
0.003905 0.002686 0.001627 0.012753 0.023234 0.074271 0.035288 -0.235271 -0.436994 -1.054582 -0.040619 -0.004386 -0.000889 -0.000666 0.000198 0.007987 0.037731 0.037348 -0.001335 -0.003035 0.000100 0.002942 0.006573 0.019024 -0.021151 -0.042239 -0.023552 -0.010133 0.000000 0.013250 0.016742 0.002058 0.001700 0.002480 0.018278 0.367135 0.339082 0.269990 0.086149 0.359706 0.107717 0.059006 0.038714 -0.127842 -0.023584 -0.019154 -0.007126 0.000000 0.005878 0.012014 0.050495 0.458280 0.416772 -1.056952 -0.257594 -0.105225 -0.000733 0.001188 0.002381
0.004761 0.004388 0.002379 0.009463 0.015395 0.096149 0.049443 -0.082497 -0.162021 -0.285585 -0.067194 -0.033228 -0.024020 -0.002648 -0.003639 0.000005 -0.002018 -0.000391 0.000093 0.000088 -0.000304 0.000011 0.009301 -0.050520 -0.109174 -0.109037 -0.015685 -0.007803 0.000000 0.002964 0.000456 0.000018 0.012883 0.030627 0.042012 0.043840 0.197189 0.143297 0.381786 0.316578 0.340081 0.263982 0.322570 -0.003951 -0.452447 -0.001409 -0.000556 0.000123 0.000526 0.009007 0.149747 0.888899 1.957186 1.611948 0.860562 -0.432712 -0.063056 -0.001647 0.001680
0.001554 0.001660 0.015066 0.027575 0.127639 0.061972 0.041620 -0.221700 -0.289007 -0.562567 -1.168543 -0.102070 -0.032062 -0.025000 -0.000509 0.000142 -0.033970 -0.007506 -0.000516 0.000060 0.000377 0.000674 0.025602 0.462042 0.634754 0.125715 0.044984 -0.062448 -0.026211 -0.001517 -0.000077 0.000260 0.025122 0.046997 0.063741 0.080062 0.175575 0.095913 0.619925 0.725565 0.771825 0.797995 0.706543 0.275086 -0.010223 0.000387 0.129098 0.707905 1.274617 2.023340 2.355057 1.991861 2.796765 1.896407 1.410723 -0.014702 -0.001424 -0.002489 0.003500
0.013824 0.005357 0.011882 0.117681 0.171318 0.095297 0.070401 0.631283 0.501802 0.346754 -0.061888 -0.180273 -0.123977 -0.046959 -0.017486 -0.000844 -0.001872 -0.010001 -0.005791 -0.000326 0.000208 0.006364 0.013230 0.430530 -0.126843 -0.379692 -0.544934 -0.075346 -0.051917 -0.017878 -0.000126 0.000138 0.020722 0.047837 0.062411 0.082910 0.164318 0.494474 0.329266 0.818813 0.952601 0.735577 0.545916 0.411105 0.438558 0.638337 1.384226 2.321752 2.424096 2.117179 2.136980 3.155100 2.458270 0.385223 -0.072724 -0.023254 -0.006842 0.000000 0.005878
0.018982 0.091417 0.229123 0.127995 0.203798 0.595928 0.407467 0.483919 0.199347 -0.182692 -0.078275 -0.078267 -0.070738 -0.033799 -0.002153 -0.000360 0.000457 -0.124997 -0.024987 -0.007224 0.000003 0.006034 0.013013 0.264443 -0.042238 -0.131011 -0.008327 -0.002402 -0.010924 -0.004023 -0.000346 0.000180 0.007843 0.017192 0.022136 0.029620 0.089498 0.739596 0.652286 0.536660 0.243368 0.535732 0.737920 0.390297 0.381425 0.656626 0.693270 0.719315 0.626278 0.310832 0.239788 0.406085 0.154461 -0.031241 -0.008370 -0.030516 -0.006056 0.000000 0.005878
0.018593 0.005283 0.005153 0.006032 0.181570 0.410716 0.415909 0.275450 0.100714 0.130810 -0.016349 -0.020375 -0.039367 -0.021904 -0.025669 -0.000020 -0.008064 -0.055068 -0.010042 -0.000266 -0.000006 0.000502 0.014454 0.174417 -0.074416 -0.007661 -0.000590 -0.002382 -0.003882 -0.016129 -0.007862 -0.000180 0.000346 0.004023 0.010536 0.010395 0.041249 0.547742 0.335392 0.241301 0.145881 0.362312 0.255624 -0.067276 -0.230716 -0.357435 -0.259713 -0.178927 -0.117174 0.027963 0.033745 0.031655 0.013146 -0.004591 -0.009549 -0.006383 -0.003659 0.000186 0.027162
-0.005292 0.000000 0.018379 0.061195 0.165738 -0.069373 -0.293835 -0.309648 -0.639740 -0.838450 -0.103912 -0.045987 -0.014634 -0.023176 -0.014679 0.007865 0.017580 -0.154002 -0.010388 -0.000092 0.000091 0.012939 0.030823 0.356189 -0.201021 -0.008107 0.000000 0.007434 0.025364 -0.013756 -0.004761 -0.000105 0.000124 0.008748 0.015398 0.018699 0.047616 0.150246 0.042701 -0.048980 0.024368 0.182488 0.092735 -0.090552 -0.536803 -0.852007 -0.942363 -1.036156 -1.074526 -0.954643 -0.624232 -0.152338 -0.029071 0.002390 0.004347 0.702437 0.930403 1.497655 2.188375
-0.009214 -0.006308 0.004253 0.006175 0.004453 0.001563 0.002136 -0.014861 -0.114694 -0.341691 -0.059811 -0.009335 -0.022847 -0.024091 -0.018013 -0.000364 0.000421 0.032423 0.059247 0.034086 0.009043 0.037248 0.095278 0.087811 -0.080696 -0.010114 0.000000 0.009182 0.015229 -0.000135 -0.000257 -0.000102 0.000108 0.011309 0.029166 0.041936 0.055513 0.229410 0.069933 0.031342 -0.022217 -0.035525 -0.003912 -0.004569 -0.002997 -0.035956 -0.417557 -0.815795 -1.194423 -1.339745 -0.839472 -0.686314 -0.094692 0.176928 0.323194 1.794822 2.166990 2.770294 3.052491
-0.009717 -0.007067 0.000505 0.011936 0.004992 0.001354 0.010602 0.121076 0.061891 -0.022105 -0.031717 -0.008345 -0.000023 -0.006505 -0.009312 -0.000652 0.000969 0.094471 0.095653 0.062908 0.116254 0.174583 0.173452 0.064901 -0.054662 -0.005382 -0.000104 0.000230 0.005580 0.000831 -0.001261 -0.000002 0.000388 0.000684 0.008172 0.026701 0.027214 0.319643 -0.000007 0.040487 0.050109 0.170764 -0.004259 -0.003842 0.001514 0.004438 0.221689 0.051077 -0.347799 -0.647626 -0.514492 -0.534268 0.127149 0.547110 0.840630 2.402039 2.471745 2.091616 1.699374
-0.000492 0.000010 0.005374 0.056758 0.000861 0.000645 0.020398 0.160374 0.210676 -0.258745 -0.199677 -0.023542 -0.000878 -0.001059 -0.001164 0.000218 0.001688 0.008983 0.087173 0.040180 0.113101 0.152161 0.156992 0.232758 0.223414 -0.007555 -0.000517 -0.001249 0.001526 0.000858 -0.000222 0.000577 0.000951 0.000659 0.011575 0.031024 0.160005 0.140641 -0.000183 0.084606 0.197386 0.446912 0.462008 0.628480 0.740423 0.474639 0.446744 0.406161 0.960762 1.078553 0.970206 0.861870 1.204494 1.418599 1.783839 1.711414 1.429739 0.447733 -0.032043
-9999.000000 -0.001369 0.000105 0.000205 0.017315 0.043660 0.052650 0.117157 0.321876 0.394576 -0.132274 -0.021092 -0.011755 -0.000905 -0.000682 0.000375 0.000947 0.007931 0.052163 0.018162 0.067742 0.100693 0.108152 0.197042 0.124011 -0.027032 -0.008950 -0.000104 0.030816 0.089482 0.037111 0.000016 0.012029 0.041545 0.057979 0.095862 0.379125 0.189725 0.192720 0.532362 0.529214 0.776639 1.076653 1.310529 1.502769 1.708127 1.424752 1.687399 1.346380 1.925463 1.996266 1.769513 1.629439 1.343293 1.237578 0.950344 -0.565212 -0.019039 -0.000618
-9999.000000 -0.003093 -0.000511 0.000081 0.023203 0.051295 0.061627 0.138304 0.056511 0.021756 -0.027058 -0.039412 -0.007225 -0.000396 -0.000092 0.000368 0.000694 0.000915 0.005435 0.008670 0.011397 0.029152 0.044355 0.271350 0.454301 -0.050039 -0.010784 -0.000235 0.002496 0.032232 0.025945 0.006967 0.019818 0.036660 0.029998 0.017548 0.368379 0.397531 0.660908 0.800473 1.227647 1.350159 1.963206 1.756225 1.892177 2.283787 2.218567 2.228595 1.994643 2.000781 1.945107 2.027478 1.662144 1.139925 0.910520 0.680718 -0.297957 -0.016641 -0.000399
-9999.000000 -0.000764 -0.001118 0.000000 0.006850 0.015262 0.040246 0.137124 0.013776 -0.000922 0.000105 0.016080 0.029519 -0.000281 -0.000019 0.000280 0.000107 0.000022 0.001656 0.001413 0.002647 0.029137 0.043630 0.155358 0.170948 0.121567 -0.001151 -0.001772 -0.006164 0.002938 0.011036 0.004145 0.022341 0.063333 0.420887 0.394947 0.443962 0.927498 1.277130 1.297477 1.708742 1.798892 1.976678 2.099491 2.214822 2.276781 2.510046 2.551114 2.560539 2.417629 1.947604 1.855865 1.867898 1.146172 0.875403 0.636757 0.221826 -0.014199 -0.000176
-9999.000000 -9999.000000 -0.000568 0.000000 0.007521 0.023782 0.026309 0.070821 -0.064194 -0.013350 0.000010 0.024553 0.176117 0.056105 0.021372 0.030334 0.009860 -0.000619 -0.000373 0.000589 0.013916 0.032335 0.132518 0.183906 0.073685 0.024086 0.008787 0.001815 0.000536 0.006562 0.007540 -0.024813 -0.117910 0.044975 0.425141 0.845326 1.167994 2.173367 2.330328 2.203763 2.588688 2.486122 2.490583 2.472198 2.521724 2.567954 2.912460 2.950317 2.735188 2.300243 1.716768 1.633356 0.846462 0.253418 0.000781 -0.028716 0.044677 0.151103 0.154994
-9999.000000 -0.014956 -0.004742 0.000000 0.006743 0.005432 0.020302 0.113282 0.014910 -0.000743 0.000250 0.007762 0.012039 0.149160 0.084585 0.231032 0.341990 0.175536 0.045430 0.000037 0.014515 0.198243 0.111689 0.261922 0.251857 0.291012 0.142465 0.635006 0.367338 0.040339 0.043684 0.303816 0.610729 1.154565 1.540365 1.360997 1.582656 2.621218 2.661545 2.401990 2.692117 2.509438 1.947946 1.999366 1.718254 1.639996 1.546942 1.526300 1.288557 1.209825 1.071510 0.426885 -0.034692 -0.000521 0.000273 0.001002 0.000370 0.006332 0.233633
-9999.000000 -0.016326 -0.014302 -0.000479 0.000113 0.002879 0.018740 0.101838 -0.093019 -0.005450 0.000000 0.008176 0.013415 0.202705 0.000000 0.008104 0.122542 0.764326 0.589752 0.582554 0.545936 0.431404 0.213890 0.352310 0.285590 0.288584 1.322589 1.329255 2.259982 2.513872 2.561927 2.792030 2.997258 3.085248 3.105758 3.480700 3.113221 3.080292 2.823591 3.042447 2.548076 2.491266 1.701897 1.418365 1.491712 1.264451 1.282592 1.266575 1.014700 0.891870 0.514089 -0.030336 -0.008916 -0.001573 -0.000424 0.000955 0.000293 0.012749 0.023206
-9999.000000 -0.000013 0.020828 0.008914 -0.000568 0.001296 0.012550 0.277953 0.288730 -0.099604 0.000000 0.010989 0.164140 0.068305 0.000000 0.015838 0.046597 0.618609 0.523466 0.657545 0.692748 0.487585 0.564347 0.410229 1.769883 2.428926 2.290629 2.469635 3.724975 3.740807 3.527934 3.581919 3.635547 3.623039 3.571578 3.583951 3.821393 2.972898 2.593886 2.101973 2.021650 1.607080 1.057707 0.895951 1.101936 0.927387 0.841824 0.962067 0.624039 0.447408 0.259593 -0.017417 -0.009198 -0.001054 -0.000946 -0.000821 0.000000 0.006319 0.012926
-0.000771 -0.000308 0.000832 0.002370 -0.000355 0.000492 0.147257 0.121979 0.139377 0.099728 0.064061 0.149969 0.470930 0.079949 0.064446 0.025517 0.231201 0.358599 0.096908 -0.000263 0.000441 0.153954 0.556766 1.450593 1.313200 3.237872 2.273325 2.365708 2.162154 2.516418 2.220867 2.189210 2.171987 2.176080 2.263150 2.396768 2.450925 2.443972 1.367390 0.992567 0.922869 1.183833 0.652189 0.544871 0.410064 0.293847 0.221936 0.139215 -0.000215 0.000100 0.001025 -0.010103 -0.001220 -0.001876 -0.018286 -0.009440 -0.000072 0.000497 0.006812
-0.000474 -0.000295 0.000447 0.007728 0.005553 0.001558 0.136552 0.066743 -0.117262 0.000000 0.056233 0.184717 0.112695 0.577766 0.053020 0.054859 0.254112 0.150627 0.000000 0.001053 0.000917 0.049628 0.605070 0.710980 1.469064 1.545534 1.766026 0.979254 0.712023 0.594545 0.355461 0.344887 0.519076 0.519542 0.644315 0.675469 0.892717 0.486635 0.299134 0.148407 0.172794 0.226751 0.226157 0.148038 0.138348 0.109066 0.030751 -0.009831 -0.000208 0.000326 0.006567 0.111147 0.122565 -0.326831 -0.573862 -0.072412 -0.014854 0.000014 0.017908
-0.003355 -0.003090 0.002544 0.140509 0.177941 0.116556 -0.063447 -0.010808 -0.004209 0.000000 0.004212 0.007710 0.126224 0.074789 0.201483 0.403540 0.237192 0.101960 0.155847 0.133027 0.156094 0.278135 0.838578 1.012308 1.064586 1.014406 0.630156 0.054126 0.019163 0.006630 0.011280 0.078245 -0.179364 -0.377665 -0.402621 -0.253750 -0.130084 -0.001960 0.001703 0.173526 0.240202 0.543654 0.433480 0.265830 0.292774 0.303663 0.302909 0.304454 -0.000003 0.005982 0.063563 0.035142 0.067467 0.070588 0.062890 -0.062516 -0.003284 -0.000055 0.003122
