use_cases/Flooding_chicago/flooding_data/output/hUx_240.asc
ncols 337
nrows 393
xllcorner 428428.000000
yllcorner 4602440.000000
cellsize 26.757400
NODATA_value -9999.000000
[rows 156 to 181 of 393, columns 118 to 176 of 337]
0.000000 0.005447 0.052921 0.087617 -0.014846 -0.024854 -0.001592 0.001945 0.016075 0.139942 0.247660 0.155906 0.000000 0.027829 0.137158 0.037206 -0.004457 -0.006453 -0.007882 -0.032888 -0.068238 -0.046514 -0.017608 -0.008031 -0.000672 -0.000350 0.000607 0.009340 0.021162 0.024765 0.114779 0.207881 0.053529 -0.010233 -0.020008 -0.008563 -0.000222 0.000222 0.007546 0.004573 0.048510 0.039459 0.075499 0.047005 0.015702 -0.004269 0.005744 0.004023 0.003361 -0.087101 -0.026181 -0.022457 -0.009939 -0.000222 0.000222 0.003946 0.012297 0.002289 0.001921
0.002350 0.023036 0.062186 0.012387 0.002380 -0.000756 0.000218 0.002631 0.127363 0.080898 0.017948 0.045172 0.041593 0.028772 -0.007348 -0.030057 -0.000255 0.003807 -0.000944 -0.010574 -0.068017 -0.023683 -0.004367 -0.000809 -0.000363 0.000046 0.000361 0.010195 0.023130 0.033103 0.056309 0.110952 0.072415 -0.258492 -0.049641 -0.005981 -0.001357 -0.004399 0.000000 0.010770 0.012938 -0.002613 -0.003629 0.000704 0.002152 0.003971 0.001800 0.060574 0.413722 0.978733 -0.083366 -0.023509 -0.009175 -0.000177 -0.000186 -0.000234 -0.002856 -0.001543 0.006235
0.000909 0.001155 -0.004493 -0.020422 -0.005347 0.000000 0.004183 0.013488 0.175526 -0.000116 0.000086 0.001293 0.001448 0.030326 0.149720 0.000000 0.003143 0.003094 -0.005107 -0.053043 -0.043744 -0.025067 -0.006816 -0.000021 0.007955 0.012630 0.000987 0.000747 0.019605 0.036120 0.411794 0.103952 -0.043145 -0.437903 -0.097402 -0.062484 -0.041979 -0.015532 0.000000 0.009169 0.054728 -0.004225 -0.009518 -0.011166 0.000000 0.032340 0.108811 0.166463 0.367667 1.116485 0.608866 0.260350 -0.153066 -0.308667 -0.549986 -0.432661 -0.152916 -0.000011 0.047484
0.009179 0.198081 -0.006572 -0.006151 -0.000463 0.000067 0.007134 0.148477 0.060909 -0.000464 0.000159 0.002106 0.012425 0.019447 0.063075 0.013337 0.004891 0.018133 0.000436 -0.195612 -0.183761 -0.034017 -0.011027 -0.000114 0.000255 0.003465 0.004198 0.004819 0.108812 0.316402 0.706984 0.196766 -0.142635 -0.459037 -0.139651 -0.044608 -0.017692 -0.000770 0.000051 0.000362 -0.002069 -0.000117 0.000128 -0.001112 0.004977 0.006851 0.053140 0.192547 0.281238 0.310764 0.711460 -0.067326 -0.609028 -0.389127 -0.212052 -0.185291 -0.039538 -0.000142 0.002308
0.086007 0.068072 -0.001521 -0.000575 0.004310 0.041618 0.042839 0.003995 -0.000772 -0.000517 0.000606 0.021066 0.035591 0.028642 0.054027 0.184717 0.000231 -0.041967 -0.383235 -0.500549 -0.155005 -0.020568 -0.098106 -0.012569 -0.008695 -0.018541 0.011782 0.026631 0.126789 0.155064 0.137895 0.072340 -0.127987 -0.241967 -0.205329 -0.011632 -0.000903 0.042761 -0.305765 -0.407541 -0.019814 -0.000291 0.000103 0.000239 0.000237 0.000292 0.013176 0.046405 0.025655 0.051541 0.011899 -0.019989 -0.004012 -0.002755 -0.014183 -0.009805 -0.014863 -0.001776 -0.000994
0.004020 0.029033 -0.000131 0.000136 0.008959 0.007176 0.003481 -0.249299 -0.021170 -0.001625 0.000961 0.001614 0.021201 0.053236 0.206349 0.126066 0.092305 0.198385 0.311385 -0.080246 -0.181593 -0.408738 -0.403507 -0.410673 -0.204087 -0.023784 -0.005438 0.017780 0.015838 0.009332 0.002469 0.000759 0.001055 -0.010358 -0.119034 -0.183364 -0.036102 -0.054665 -0.122244 -0.098369 -0.023903 -0.006403 -0.000117 0.000075 0.000247 0.000791 0.024670 0.058110 0.092680 -0.005004 -0.001545 -0.000844 0.000170 0.000295 -0.009471 -0.015407 -0.067040 -0.025454 -0.005841
-0.066906 -0.006854 -0.000331 0.000394 0.007583 0.031105 0.010038 -0.243986 -0.016847 0.000000 0.003142 0.002132 0.014319 0.039002 0.248031 0.124822 0.083989 -0.012046 -0.006966 -0.001052 -0.008265 -0.005700 -0.000958 -0.001317 -0.002470 -0.003213 -0.000634 0.002603 0.004127 0.001189 -0.000215 0.000702 0.009724 0.100602 0.021848 -0.025317 -0.033434 -0.040491 -0.069682 -0.113857 -0.073868 -0.025680 -0.005716 0.000000 0.006562 0.022892 0.040495 0.118252 0.064080 -0.038031 -0.027684 -0.012042 -0.000002 0.010903 0.022747 -0.005724 -0.088277 -0.026523 -0.012195
0.004196 -0.000554 -0.000247 0.000569 0.010871 0.040421 0.014384 -0.225700 -0.003926 0.000000 0.009654 0.025116 0.039701 0.045173 0.079320 -0.143208 -0.025612 -0.019400 -0.013256 -0.017813 -0.005331 -0.000243 0.000607 0.001314 0.000186 0.000115 0.000316 0.001088 0.000377 -0.000207 0.000004 0.014894 0.036111 0.018321 -0.174690 -0.036929 -0.020942 -0.008755 -0.008527 -0.057006 -0.054514 -0.022203 -0.006081 0.000000 0.006314 0.019297 0.095191 0.115960 0.020595 -0.020529 -0.020311 -0.008428 -0.000112 0.001009 0.009035 0.073371 -0.070942 -0.034213 -0.009410
0.002773 -0.000343 -0.000217 0.000125 0.000901 0.001024 0.000866 0.001345 0.000085 0.000206 0.000692 0.007114 0.023800 0.026565 -0.027139 -0.328426 -0.018753 -0.029374 -0.023981 -0.010734 -0.000103 0.000103 0.009421 0.015093 0.000925 -0.000157 -0.000275 0.000192 0.000510 0.000311 0.000163 0.006702 0.025334 -0.063925 -0.181011 -0.056081 -0.015061 -0.004900 0.000005 -0.127393 -0.070679 -0.036332 -0.008270 0.000000 0.003659 0.038182 0.089812 0.033957 0.000072 -0.000518 -0.000038 0.000242 0.001395 0.014769 0.027581 0.098519 -0.063022 -0.042822 -0.021148
0.001392 0.001012 -0.000688 -0.013232 -0.009202 -0.000272 0.000432 0.009639 0.019492 0.013194 0.001092 0.011777 0.021064 0.004113 0.065965 -0.513135 -0.165369 -0.010137 -0.007536 -0.003946 -0.000222 0.000222 -0.003332 -0.000346 0.000107 0.000264 -0.000011 0.000054 0.000360 0.000525 0.000167 0.000430 0.000856 -0.031385 -0.179299 -0.111160 -0.005795 -0.000326 0.000207 -0.015982 -0.052870 -0.102222 -0.048613 -0.002698 0.002296 0.028733 0.036200 -0.026166 -0.051268 -0.012020 -0.000000 0.006644 0.021273 0.037505 0.006795 0.130237 0.000896 -0.028460 -0.004720
0.005698 0.001977 -0.022120 -0.022400 -0.022353 -0.007716 0.000012 0.013026 0.024797 0.062878 0.100409 0.037124 0.116037 0.276236 0.156261 -0.085126 -0.184103 -0.251098 -0.204371 -0.103590 -0.045523 -0.090271 -0.029280 -0.012684 -0.000130 0.000130 0.001282 0.001211 -0.001995 -0.000864 0.000055 0.008763 0.020146 -0.025453 -0.236487 -0.217983 -0.014961 -0.007056 0.000003 -0.022339 -0.009961 -0.067905 -0.045255 -0.000933 0.000468 0.010455 -0.005019 -0.043227 -0.045720 -0.018573 -0.000006 0.009559 0.037495 0.068497 0.443595 0.299209 0.074916 -0.021355 -0.005081
0.090298 0.198055 0.093331 0.022821 -0.016907 -0.003559 -0.000113 0.000345 0.005153 0.010570 0.005028 0.019890 0.010807 -0.272570 -0.490353 -0.035930 -0.027894 -0.027182 -0.020132 -0.010214 -0.003496 -0.005842 -0.033868 -0.007246 -0.000360 0.000360 0.006658 0.017474 -0.019551 -0.011219 -0.000415 0.000351 0.012387 0.007403 -0.115854 -0.185429 -0.255251 -0.019579 -0.023878 -0.034875 -0.002987 -0.004231 -0.007043 -0.001080 -0.000593 -0.000006 -0.000393 -0.005642 -0.040456 -0.026423 -0.000101 0.001626 0.035304 0.085504 -0.108320 -0.220085 -0.045436 -0.039611 -0.031000
0.011504 0.012741 0.134949 0.144389 -0.040854 -0.026395 -0.005152 -0.000612 0.000178 0.003256 0.002427 0.007238 0.004981 -1.551677 -0.071472 -0.034715 -0.009802 -0.004160 -0.018321 -0.020777 -0.016219 -0.003231 -0.014779 -0.009525 -0.000360 0.000360 0.009245 0.354765 -0.274865 -0.017412 -0.000901 0.000624 0.012078 0.030655 -0.061325 -0.162988 -0.287056 -0.194545 -0.080673 -0.037684 -0.020649 -0.006401 -0.019594 -0.010085 -0.000574 -0.000329 0.000046 0.000366 0.001277 0.000680 0.000810 0.003999 0.026989 0.044077 0.124692 -0.129806 -0.092450 -0.041617 -0.021606
0.035471 0.021549 0.020695 0.052638 0.020853 0.008395 0.000408 -0.000297 0.000262 0.013594 0.006506 -0.185395 -0.423934 -0.096742 -0.094852 -0.093694 -0.067186 -0.007216 0.000001 -0.250253 -0.010334 -0.002468 -0.003898 -0.000382 0.000458 0.000010 0.079752 0.050771 -0.427422 -0.011558 -0.000886 0.000256 0.023270 0.076005 -0.022347 -0.150168 -0.321363 -0.300022 -0.143913 -0.097443 -0.077714 -0.056613 -0.034470 -0.023756 -0.006231 -0.000000 0.000335 0.000307 0.000852 0.000846 0.000535 0.017020 0.026351 0.045523 0.099559 -0.086716 -0.077433 -0.023571 -0.017953
0.027492 0.010572 -0.014036 0.008341 0.183874 0.229983 0.226312 -0.008128 -0.020105 0.000183 0.095573 0.119997 -0.273411 -0.053989 -0.059163 -0.079604 -0.077500 -0.048868 0.000014 0.001029 -0.076944 -0.027028 -0.010311 -0.000012 0.014426 0.011475 0.109364 0.316621 -0.036079 -0.112448 -0.029280 0.000000 0.022480 0.058195 0.014761 -0.008215 -0.057631 -0.258882 -0.249377 -0.172438 -0.136893 -0.108686 -0.073739 -0.039722 -0.008320 -0.000008 0.000581 0.000605 0.000650 0.000009 0.011411 0.020808 0.028070 0.081992 0.115421 0.010954 -0.158818 -0.022967 -0.025433
0.171745 0.487384 0.134288 -0.059687 -0.182195 -0.385995 -0.539071 -0.254674 -0.086507 -0.006911 -0.015464 -0.082433 -0.037000 -0.033430 -0.019588 -0.020052 -0.010023 -0.000327 0.000156 0.000671 -0.629631 -0.068994 -0.099906 -0.036960 -0.000001 0.035177 0.126854 0.037810 -0.023663 -0.019205 -0.007158 0.000003 0.009656 0.031957 0.090008 0.020605 -0.002076 -0.021068 -0.141670 -0.217770 -0.176031 -0.154938 -0.121227 -0.085335 -0.028142 -0.000422 -0.000101 0.000080 0.000287 0.000387 0.007526 0.009617 0.013883 0.076961 0.155643 0.097615 -0.069194 -0.027636 -0.009139
0.062676 0.031372 -0.025180 -0.004897 0.000000 0.004611 0.008718 -0.020831 -0.010488 -0.002801 -0.015574 -0.078251 -0.034552 -0.022759 -0.010610 -0.000394 -0.000392 0.000147 0.000512 0.000871 -1.005297 -0.161622 -0.022448 -0.002331 -0.000043 0.002035 -0.004121 -0.087874 -0.025025 -0.006186 -0.000284 0.000195 0.009997 0.034657 0.086970 -0.008092 -0.004827 -0.001691 -0.003694 -0.030969 -0.041293 -0.018675 -0.009691 -0.068539 -0.073362 -0.033320 -0.000471 -0.000967 -0.001210 0.003147 0.002594 0.035388 0.174306 0.058283 0.026440 -0.015810 -0.090863 -0.029405 -0.015106
-0.102339 -0.016978 -0.016034 -0.003869 0.000003 0.006460 0.016901 -0.012256 -0.005402 0.000006 0.007392 -0.019511 -0.064471 -0.023239 -0.011119 -0.000610 -0.000540 0.000540 0.000610 0.063651 -0.002665 -0.029855 -0.037202 -0.024198 -0.000050 0.014210 0.022142 -0.055988 -0.037270 -0.012125 -0.000827 0.000365 0.006553 0.028532 0.033373 -0.074719 -0.045781 -0.009822 -0.000688 -0.001560 -0.019456 -0.008714 -0.001631 -0.003754 -0.006915 -0.011334 -0.005177 -0.005047 -0.001065 0.001353 0.032916 0.073463 0.029367 0.023938 0.002388 -0.011394 -0.072739 -0.031824 -0.023016
-0.053077 -0.039424 -0.020263 -0.000222 0.000222 0.003946 0.023680 -0.000397 -0.000048 0.000232 0.007577 -0.010484 -0.057033 -0.043899 -0.033210 -0.008429 -0.000370 0.000370 0.017735 -0.489973 -0.091643 -0.048738 -0.036224 -0.003560 -0.000634 0.000342 -0.004078 -0.049230 -0.036222 -0.002560 -0.003610 -0.000186 0.000992 0.012113 0.026014 -0.010774 -0.008577 -0.000640 -0.001516 -0.001343 -0.001031 -0.001571 -0.002093 -0.005215 -0.011438 -0.016418 -0.013730 -0.010258 -0.000832 0.000892 0.024903 0.063938 0.011283 0.001959 0.000670 0.008362 0.029183 0.000173 -0.080608
-0.090118 -0.026940 -0.016256 -0.001811 0.001801 0.069320 0.850595 -0.005841 0.000000 0.001030 0.001136 0.000747 -0.038498 -0.031225 -0.019346 -0.005283 -0.000410 -0.000595 -0.002079 -0.069756 -0.077370 -0.044602 -0.041416 -0.038405 -0.009604 -0.000000 0.006393 0.018499 0.003394 -0.003806 -0.008449 -0.009855 -0.002138 -0.000955 -0.002837 -0.018459 -0.008277 -0.000884 -0.002685 -0.000856 -0.000752 -0.000655 -0.001077 -0.001698 -0.001930 0.000000 -0.000202 -0.001183 -0.000399 0.000410 0.005059 0.001148 -0.000971 -0.000015 0.001106 0.011430 0.018305 0.004306 -0.027089
-0.051264 -0.055005 -0.032258 -0.001742 0.001691 0.015986 0.011999 -0.000979 -0.000062 0.000608 0.000891 -0.002915 -0.029289 -0.035291 -0.042723 -0.043943 -0.049706 -0.061163 -0.035142 -0.006532 -0.036155 -0.019850 -0.004339 -0.013387 -0.007739 -0.000000 0.009440 0.018360 0.086005 0.001909 -0.008584 -0.018365 -0.010663 -0.013953 -0.036730 -0.017390 -0.008266 0.000000 -0.002174 -0.000728 -0.000104 0.000630 0.000405 -0.000582 -0.001309 -0.000550 0.000036 0.003888 0.001191 -0.001562 -0.008410 -0.029504 -0.010840 0.000000 0.013538 0.025986 0.025123 0.023421 0.090213
-0.038681 -0.036013 -0.011263 -0.000480 0.000421 0.013876 0.051192 -0.000037 0.001707 0.001599 0.014004 0.015751 -0.146551 -0.237312 -0.177807 -0.122220 -0.087012 -0.043597 -0.012435 -0.000467 -0.056042 -0.086575 -0.041475 -0.013006 -0.013119 -0.000000 0.007528 0.024834 0.173186 -0.092112 -0.048681 -0.036344 -0.020396 -0.031145 -0.069786 -0.030350 -0.012012 0.000000 0.000798 0.000320 0.000554 0.000597 0.000585 0.000391 0.000431 0.000705 0.000001 0.016785 -0.001797 -0.041482 -0.046010 -0.025827 -0.004326 -0.000432 0.004655 0.028283 0.029353 0.030668 0.133167
0.035792 -0.050200 -0.017434 -0.001114 0.000824 0.017905 0.066509 0.030612 0.014054 0.016411 0.037465 -0.965099 -0.657308 -0.319465 -0.261102 -0.179027 -0.076966 -0.039557 -0.019237 -0.008069 -0.016634 -0.041598 -0.029370 -0.084847 -0.021175 -0.000004 0.013105 0.027093 0.018598 0.090570 -0.096817 -0.065937 -0.008171 -0.016823 -0.058422 -0.022473 -0.000827 0.000209 0.001257 0.000605 0.000366 0.001387 0.000879 0.161769 0.169779 0.097850 0.022059 0.025127 -0.002492 -0.044034 -0.031778 -0.027287 -0.017255 -0.000028 0.023260 0.054774 0.108220 0.179608 0.211412
0.048690 -0.056987 -0.017978 -0.000867 0.000223 0.000421 0.006852 0.012805 0.079975 0.086030 0.319946 -0.565796 -0.522609 -0.291377 -0.257537 -0.103813 -0.021581 -0.035989 -0.027421 -0.010361 -0.003630 -0.014071 -0.048493 -0.025115 -0.023278 -0.000171 0.000488 0.017468 0.136402 -0.410702 -0.192856 -0.036813 -0.000745 -0.000642 -0.001041 -0.000163 0.001217 0.015296 0.062122 0.009959 0.155990 0.199501 0.244683 0.217210 0.000003 0.079123 0.148615 0.236447 0.038504 -0.281982 -0.162882 -0.071820 -0.019317 -0.000623 0.000619 0.010048 0.024655 0.040766 0.044791
0.034476 -0.037656 -0.019818 -0.006314 0.000000 0.008353 0.013457 0.051771 0.100290 0.376322 0.090919 -0.499772 -0.033091 -0.033645 -0.161272 -0.302163 -0.158278 -0.004581 -0.015416 -0.033949 -0.030352 -0.026747 -0.021823 -0.023273 -0.008263 -0.000005 0.007542 0.016641 0.834077 -0.034821 -0.111242 -0.021604 -0.008054 -0.000473 0.000271 0.004808 0.003304 0.015395 0.143899 0.341575 0.182832 0.048091 -0.009312 -0.000216 0.000206 0.058208 0.112929 0.115824 -0.011771 -0.246646 -0.106029 -0.067575 -0.026291 -0.001858 0.000965 0.001934 0.015746 0.055317 0.010839
0.069935 -0.171111 -0.013285 -0.003659 0.000000 0.005377 0.017675 0.022668 0.027412 0.024252 -0.005327 -0.037098 -0.016584 -0.002538 -0.011900 -0.044104 -0.098661 -0.164275 -0.255707 -0.054755 -0.045401 -0.036009 -0.011895 -0.001200 -0.000632 0.000291 0.005345 0.029790 0.068433 -0.088075 -0.022194 -0.019160 -0.012530 -0.000966 -0.000000 0.000966 0.019798 0.143397 0.055363 0.018860 0.005650 -0.019722 -0.014053 -0.000334 0.000670 0.025490 0.074504 0.175185 -0.073943 -0.036525 -0.031319 -0.020056 -0.002714 -0.002676 0.002234 0.003295 0.029991 0.039850 0.009994
