use_cases/Flooding_chicago/flooding_data/output/hUx_1020.asc
ncols 337
nrows 393
xllcorner 428428.000000
yllcorner 4602440.000000
cellsize 26.757400
NODATA_value -9999.000000
[rows 104 to 129 of 393, columns 118 to 176 of 337]
-9999.000000 -9999.000000 -9999.000000 -9999.000000 -9999.000000 -9999.000000 -9999.000000 -9999.000000 -9999.000000 -9999.000000 -9999.000000 -9999.000000 -0.000530 0.000000 0.007988 0.017478 0.016305 0.003642 0.042243 0.176925 0.067651 0.024638 0.009655 0.005546 0.003284 0.014645 0.041915 0.133583 -0.047647 -0.085935 -0.158311 -0.561797 -0.822328 -1.095932 -0.022816 -0.000326 0.000208 0.013781 0.022373 0.004715 0.001293 0.005248 0.008303 0.008181 0.078885 0.159657 0.193106 0.418848 -0.214777 -0.478551 -0.998359 -0.018279 -0.000212 0.000201 -0.091087 -0.100714 -0.003948 0.000464 0.000671
-9999.000000 -9999.000000 -9999.000000 -9999.000000 -9999.000000 -9999.000000 -9999.000000 -9999.000000 -9999.000000 -9999.000000 -9999.000000 -9999.000000 -9999.000000 -0.000245 0.000000 0.004217 0.007929 0.013036 0.046233 0.009095 0.007687 0.002937 0.000254 0.006817 0.006708 0.003240 0.010649 0.102648 0.083358 0.091187 0.096612 0.071669 0.029559 -0.049924 -0.010937 -0.008844 0.000003 0.003984 0.021026 0.038436 0.006366 0.015860 0.023890 0.146418 0.177352 0.134242 0.025165 0.062702 -0.079091 -1.859704 -0.130273 -0.017121 -0.000330 0.000640 -0.013146 -0.017095 -0.001430 -0.001827 -0.000102
-9999.000000 -9999.000000 -9999.000000 -9999.000000 -9999.000000 -9999.000000 -9999.000000 -9999.000000 -9999.000000 -9999.000000 -9999.000000 -9999.000000 -0.001217 -0.000046 0.000088 0.006755 0.017006 0.038457 0.011311 0.004431 0.002389 0.001571 0.004431 0.002073 0.002934 0.002242 0.015052 0.032799 0.141092 0.082446 0.018724 0.008791 -0.005729 -0.040562 -0.021643 -0.005727 0.000000 0.015921 0.030271 0.036739 0.057659 0.101879 0.041625 0.083471 0.082615 0.063083 0.041953 0.011324 0.015371 0.009315 -0.030525 -0.023256 -0.000461 0.001912 -0.038934 -0.050684 -0.004479 -0.020136 -0.006334
-9999.000000 -9999.000000 -9999.000000 -9999.000000 -9999.000000 -9999.000000 -9999.000000 -9999.000000 -9999.000000 -9999.000000 -9999.000000 -0.000741 -0.000048 0.001172 0.000616 0.001962 0.003332 0.007170 0.004879 0.002523 0.003106 0.002593 0.019826 0.040649 0.049303 0.000101 0.013287 0.018080 0.062611 0.010164 0.000026 0.003461 0.001356 -0.002151 -0.011685 -0.006368 -0.000061 0.001021 0.009316 0.044517 0.087179 0.146227 0.081346 0.029797 0.032268 0.038471 0.041061 0.063105 0.039683 0.028444 0.026715 -0.000518 0.000091 0.004065 -0.077776 -0.397794 -0.361672 -0.039216 -0.007716
-9999.000000 -9999.000000 -9999.000000 -9999.000000 -9999.000000 -9999.000000 -9999.000000 -9999.000000 -9999.000000 -9999.000000 0.000003 -0.005529 -0.001803 0.000591 0.002124 0.004851 0.010677 0.009115 0.014347 -0.000577 0.000466 0.001100 0.011855 0.021474 0.100859 -0.000098 0.000997 0.007968 0.008155 0.001712 0.000962 0.014887 0.047335 -0.000155 -0.000442 -0.000826 -0.000104 0.000141 0.001720 0.005053 0.002808 0.010298 0.108168 0.000000 0.007299 0.014415 0.032787 0.140580 0.166151 0.056245 -0.000308 0.000011 0.000312 0.026983 0.410997 0.440828 -0.036585 -0.026298 -0.071652
-9999.000000 -9999.000000 -9999.000000 -9999.000000 -9999.000000 -9999.000000 -9999.000000 -0.001193 -0.001505 -0.000326 0.000208 -0.001522 -0.000632 0.000331 0.004235 0.005181 0.005408 0.003921 0.038361 0.078048 0.000019 0.001082 0.001540 0.001733 0.017230 0.003647 0.016104 0.022578 0.001446 0.000067 0.007030 0.163113 0.071416 -0.004304 -0.005902 0.005286 0.004678 0.001942 -0.000001 0.000141 0.000842 0.014946 0.045805 0.008676 0.003636 0.009319 0.075871 0.214172 0.106302 0.025397 -0.000485 0.000156 0.000240 0.017847 0.032359 -1.090166 -0.256835 -0.033988 -0.002989
-9999.000000 -9999.000000 -9999.000000 -9999.000000 -9999.000000 -9999.000000 -0.001870 -0.001187 -0.000487 0.000289 0.006315 -0.000235 -0.006402 0.000012 0.004109 0.004566 0.008916 0.003404 0.011495 0.008890 0.002224 0.000550 0.000401 0.053188 0.034875 0.007828 0.013668 -0.575611 -0.587308 -0.453076 0.011110 0.027311 0.040592 0.027930 -0.003176 0.001379 0.003831 0.013491 0.002928 -0.007707 -0.000296 0.000129 0.048405 0.082658 0.078869 0.206252 0.237158 0.211113 -0.000770 -0.001615 -0.001323 0.000074 0.000515 0.006775 0.018192 0.005140 0.000494 0.000000 0.003381
-9999.000000 -9999.000000 -0.012067 -0.018890 -0.010734 -0.010617 -0.003833 -0.004419 -0.000023 0.004231 0.019675 0.042953 -0.006887 -0.000792 0.000004 0.000907 0.014636 0.011735 0.001865 0.006270 0.001443 -0.000400 0.000476 0.000901 0.078105 0.054453 0.065009 -0.227121 -0.212413 -0.194901 0.000000 0.007240 0.098998 0.040500 0.015023 0.000103 0.013946 0.076792 0.007816 -0.051929 -0.020188 -0.000240 0.000058 0.006463 0.017237 0.024431 0.016854 0.001543 0.001542 -0.006236 -0.029861 -0.006879 -0.000520 0.000048 0.005276 0.014543 0.009275 0.017974 0.000000
-0.004186 -0.017559 -0.014200 -0.010996 -0.043040 -0.008470 -0.000944 -0.000072 0.008652 0.023850 0.026517 0.013881 -0.021665 -0.009937 0.000000 0.019584 0.056035 0.039372 0.005750 0.000599 -0.016472 -0.021589 -0.012503 0.000000 0.003986 0.076752 0.361216 0.473052 0.663831 0.499749 0.000000 0.005878 0.068811 0.107924 0.021897 0.000004 0.018133 0.163228 0.121069 -1.025073 -0.020879 -0.006127 0.000000 0.005093 0.007492 0.009603 0.000000 0.005350 0.010222 0.024692 -0.023290 -0.013212 -0.006709 -0.000222 0.000222 0.003946 0.055091 0.010197 0.000000
-0.084579 -0.006595 -0.025167 -0.030017 -0.007701 -0.000476 0.000088 0.007770 0.010601 0.001039 0.018981 0.084861 -0.019441 -0.008474 0.000000 0.010838 0.017385 0.031376 0.004935 -0.000605 -0.062265 -0.022295 -0.010118 0.000000 0.007720 0.089872 0.025128 0.328086 0.732645 0.391728 0.000000 0.005878 0.046623 0.052451 0.007676 -0.000199 0.001932 0.011760 0.433979 0.257152 -0.023589 -0.010755 0.000000 0.011969 0.027670 0.002777 -0.000067 0.000464 0.010105 0.029645 -0.000145 -0.000957 -0.000668 -0.000070 0.000070 0.008222 0.068488 0.025069 0.010936
0.002774 -0.009029 -0.083316 -0.013424 -0.008819 -0.000126 0.000111 0.008330 0.018762 0.000903 0.001473 0.065976 0.099589 -0.000574 0.000203 0.012073 0.027600 -0.008067 -0.022793 -0.142325 -0.180128 -0.197731 -0.013418 0.000000 -0.001815 -0.004560 -0.007553 0.014483 0.023753 0.018912 0.000000 0.007240 0.025863 0.034269 -0.026035 -0.009662 -0.000055 0.000958 0.024726 0.452742 0.400081 -0.000437 -0.000240 0.000311 0.004289 0.023009 -0.000001 0.010755 0.019199 0.032100 0.004341 0.001867 0.000073 -0.000064 0.000062 -0.000080 -0.000395 0.005653 0.006848
0.001484 0.012670 0.003585 -0.057049 -0.019355 -0.003965 0.000003 0.008683 0.038631 0.039737 0.000040 0.021223 0.062477 0.013311 -0.007650 -0.046422 -0.097677 -0.075170 -0.303133 -0.253155 -0.274915 -0.233068 -0.025495 0.000000 -0.010205 -0.022126 -0.005152 0.002560 0.007767 0.014813 0.004298 0.011475 0.496514 0.321234 0.273980 0.169662 -0.000454 0.000447 0.000613 0.004434 0.294705 0.163191 -0.011206 0.000005 0.004290 0.018057 -0.000060 0.000253 0.006892 0.083687 0.013271 0.369466 0.154897 0.051740 0.019700 0.002613 -0.001155 0.001050 0.048983
0.000070 0.024987 0.037210 0.028186 -0.086374 -0.009136 -0.000207 0.000450 0.032545 0.037317 0.019280 0.005869 0.054421 0.012578 -0.052674 -0.055053 -0.095909 -0.078534 -0.220281 -0.165338 -0.116177 -0.005792 -0.008135 -0.002776 -0.002368 0.001709 0.009278 0.007330 0.005757 0.010231 0.004072 0.001535 0.000621 -0.083617 0.005980 0.007688 0.002535 0.001159 0.007213 0.021527 0.052212 0.119620 -0.000479 0.000012 0.199086 0.312535 0.059200 -0.000207 0.000426 0.249374 0.437058 0.668060 0.204969 0.243208 0.146155 0.071925 0.025902 0.008731 0.008026
0.046950 0.035655 0.045095 0.038135 0.162648 0.205058 0.133079 0.081074 0.093424 0.085153 0.047211 0.027834 0.024701 0.039219 0.025617 -0.025117 -0.144170 -0.092928 -0.032080 -0.028809 -0.001654 -0.002989 0.000000 0.027678 0.084015 0.073658 0.011082 0.003686 0.001675 -0.002733 -0.013187 -0.000588 0.002274 0.066285 0.209405 0.100627 0.001365 0.016946 0.021816 0.025910 -0.025985 0.032322 0.018335 0.019693 0.627068 0.703898 0.487428 0.555575 0.571995 0.776566 0.344676 0.000399 0.000349 0.188900 0.463686 0.288196 0.311405 0.269848 0.000566
0.086362 0.039499 0.040802 0.032848 0.205996 0.222216 0.182595 0.128411 0.000000 0.060286 0.146908 0.051296 0.050842 0.065946 0.049788 -0.003685 -0.176971 -0.208752 -0.083388 -0.008057 -0.023443 -0.008124 0.000000 0.011578 0.023894 0.034821 0.005554 0.003591 0.002489 -1.309367 -0.122739 -0.003805 0.001288 0.247914 0.319299 0.351147 0.283847 0.421895 0.821964 0.704057 0.308638 -0.029973 -0.271426 -0.530522 -0.498006 -0.803974 -0.398523 -0.129381 0.014739 0.093881 -0.006202 0.000000 0.003663 0.007360 -0.205900 -0.108947 -0.085428 -0.088559 -0.088382
0.065778 0.025111 0.235892 0.026233 0.013158 0.003603 0.061869 0.050264 0.000000 0.024346 0.094328 0.030337 0.032188 0.034052 0.025235 -0.019242 -0.065391 -0.031191 -0.019202 -0.071751 -0.009467 -0.000641 -0.000046 0.000848 0.019816 0.039937 -0.120400 -0.403744 -0.613798 -0.868881 -0.127431 -0.007979 -0.003761 0.002875 0.002643 0.282536 0.203246 0.468751 0.442980 1.066030 0.545086 0.529881 0.767609 0.754815 0.647038 0.456475 0.356711 0.197335 0.048683 -0.395140 -0.000575 0.000066 0.009757 0.436966 0.150286 -0.000445 -0.010395 -0.082164 -0.120430
0.002039 0.000568 0.007171 0.012913 0.007635 -0.000598 0.011659 0.057374 0.028549 0.009741 0.035016 0.025832 0.028035 0.046791 -0.028326 -0.082066 -0.089084 -0.034145 -0.028581 -0.008679 -0.000553 -0.000165 -0.000001 0.014387 0.015447 0.031004 0.058971 -0.138479 -0.007033 -0.014310 -0.031036 -0.013764 -0.012911 -0.000219 0.000990 0.016137 0.277517 0.128218 0.110415 0.618898 0.671479 0.236429 0.249611 0.218087 0.157362 0.173206 0.265580 0.131607 0.162998 0.075801 0.000457 0.000220 0.171103 0.122008 0.179545 0.001079 0.122231 0.263011 0.359377
-0.072375 -0.094495 -0.000289 0.003730 0.035143 0.067093 0.018149 0.118997 0.296178 0.240814 0.087525 0.028047 0.012092 -0.020745 -0.066814 -0.084600 -0.099851 -0.027344 -0.032927 -0.027499 -0.036818 -0.044094 -0.001272 -0.176278 -0.244616 -0.061062 0.101367 0.091787 -0.002387 -0.001482 -0.006203 -0.020131 -0.002003 0.001341 0.003946 0.038827 0.047450 0.113981 0.140976 0.596942 0.648490 0.225670 0.239400 0.269101 0.135203 0.089119 0.134895 0.110985 0.034407 -0.000847 0.000210 0.027831 -0.401349 -0.647969 -0.702964 -0.198628 -0.201615 -0.250829 -0.027916
-0.025722 -0.001664 -0.000666 0.001696 0.018121 0.070523 0.105389 0.072747 0.038673 0.278042 0.700573 0.157096 -0.249460 -0.374722 -0.346985 -0.353601 -0.601421 -0.143086 -0.025794 -0.038868 -0.033574 -0.003450 -0.005658 -0.231844 -0.488511 -0.575712 -0.602053 -0.784742 -0.018606 -0.001128 -0.002626 -0.003634 0.000702 0.007802 0.008069 0.039391 0.080213 0.118628 0.170203 0.832949 0.830241 0.651243 0.711287 0.806443 0.647010 0.422597 0.538616 0.391877 0.276167 -0.000675 0.000284 0.054344 0.132257 -0.039596 -0.527792 -0.195489 -0.522350 -0.712382 -0.939842
-0.007070 -0.002824 -0.000040 0.027337 0.070184 0.105159 0.049645 0.034143 0.021842 0.007359 0.349103 0.589666 -0.154209 -0.301298 -0.316960 -0.305312 -0.388740 -0.092620 -0.109185 -0.027828 -0.027149 -0.001550 0.000072 -0.482488 -0.547622 -0.528356 -1.259417 -1.193042 -0.024000 -0.000428 0.000361 0.009903 0.005743 0.007177 0.010777 0.003437 0.036849 0.112185 0.147396 0.648414 0.457478 0.533472 0.317865 0.474138 0.560287 0.574064 0.486062 0.402774 0.361424 0.138269 0.000630 0.072072 1.691110 1.479427 0.804671 0.388769 0.404226 0.376109 0.307346
0.100406 -0.002957 0.001536 0.005131 0.032545 0.089210 0.149186 0.056469 0.034460 0.000375 0.010162 0.559586 0.255069 -0.227083 -0.284783 -0.326270 -0.451411 -0.089031 -0.107112 -0.019527 -0.018741 -0.000547 0.000284 -0.350473 -0.019929 -0.000128 -0.028157 -0.100067 -0.021874 -0.001007 0.000602 0.001794 -0.000278 -0.000197 0.000864 0.000968 0.020356 0.057244 0.075823 0.049716 0.029508 0.101518 0.000085 0.000757 0.069836 0.052342 -0.018743 -0.001090 0.096866 0.158515 0.180396 0.109303 0.297498 -0.724597 -0.605558 0.043257 -0.015052 -0.040214 -0.169663
0.069952 -0.002475 -0.000326 0.003274 0.026212 0.041803 0.112983 0.086908 0.004361 0.003235 0.002162 -0.034414 -0.150682 -0.160982 -0.085079 -0.006923 -0.010893 -0.002358 -0.008303 -0.017492 -0.029521 -0.065862 -0.170544 -0.247001 -0.018552 -0.002536 -0.004295 -0.016623 -0.009189 -0.001926 -0.001035 0.000012 0.000000 0.002536 0.002152 0.001246 0.026719 0.057628 0.014684 0.028662 0.040312 0.030781 0.004448 0.002824 0.004000 0.020087 0.009177 -0.001901 -0.000718 0.000190 0.000633 0.000794 -0.000017 -0.001321 -0.018883 -0.003330 0.000108 0.017031 0.047510
0.163492 0.072976 0.002254 0.003095 0.014347 0.030024 0.075563 0.160181 -0.012423 -0.042043 -0.153216 -0.173587 -0.124699 -0.104254 0.000000 -0.004525 -0.001929 -0.001402 -0.001783 -0.001285 -0.069301 -0.171063 -0.423003 -0.363878 -0.018099 -0.003257 -0.007176 -0.022516 -0.008064 -0.001057 -0.000703 -0.000055 0.000029 0.001001 0.029312 0.035583 0.030110 0.017316 0.010600 0.007435 0.013732 0.023973 0.030214 0.009185 0.026860 0.035366 0.002935 -0.013611 -0.003377 -0.001567 -0.001055 -0.000382 -0.000614 -0.000717 -0.000413 0.000000 0.006340 0.060316 0.084317
0.183931 0.115478 0.002434 0.001751 0.021735 0.055517 0.100835 0.083808 -0.009081 -0.184728 -0.263297 -0.261256 -0.244712 -0.019972 0.033080 0.156223 0.180836 0.006249 -0.145990 -0.090678 -0.258279 -0.608580 -0.713855 -0.271037 -0.003092 -0.002215 -0.001764 -0.002303 -0.001002 -0.000034 -0.001572 -0.001553 -0.001706 0.000052 0.025176 0.027044 0.023831 0.018574 0.017598 0.010898 0.002061 0.009351 0.026306 0.055268 0.080804 0.063638 -0.045810 -0.048882 -0.029086 -0.005302 -0.026061 -0.010508 -0.000182 0.000513 0.002768 0.001316 0.001376 0.035703 0.023922
0.288412 0.323371 0.196882 0.068582 0.043351 0.056313 0.086306 0.054184 0.064746 -0.047613 -0.040326 -0.361585 -0.515924 -0.458494 -0.321691 -0.368973 -0.642314 -0.535340 -0.292320 -0.508084 -1.190771 -0.392251 -0.003663 0.000000 0.000201 0.000121 -0.000287 -0.001206 -0.001734 -0.002414 -0.018345 -0.027101 -0.018988 -0.000265 0.000436 0.007736 0.010159 0.013332 0.005225 -0.000084 0.000126 0.016848 0.040695 0.009473 0.016634 0.061443 -0.115238 -0.074527 -0.110207 -0.097343 -0.036847 -0.015496 -0.000048 0.016989 0.033359 0.225581 0.648329 0.101558 0.057927
0.001134 0.274135 0.522475 0.443763 0.337117 0.360895 0.156674 -0.000937 -0.062794 -0.047983 -0.222759 -0.491987 -0.637256 -0.665863 -0.694145 -0.437139 -0.583873 -0.647873 -0.592896 -0.789439 -0.682952 -0.235543 -0.014593 0.000000 -0.000457 -0.002574 -0.009955 -0.019099 -0.030375 -0.017652 -0.058838 -0.032655 -0.029553 -0.008060 0.000009 -0.000275 -0.001258 -0.001674 -0.000745 -0.000069 0.000588 0.006894 0.014600 0.032059 0.049505 0.042519 -0.117536 -0.249794 -0.109192 -0.084672 -0.063549 -0.022070 -0.000756 0.001283 0.009188 0.024372 0.079727 0.000023 0.019787
