use_cases/Flooding_chicago/flooding_data/output/hUx_1260.asc
ncols 337
nrows 393
xllcorner 428428.000000
yllcorner 4602440.000000
cellsize 26.757400
NODATA_value -9999.000000
[rows 130 to 155 of 393, columns 177 to 235 of 337]
0.010993 0.014472 0.354930 0.099850 -0.003120 -0.026678 -0.014448 -0.000449 0.000128 0.000258 0.010138 0.029220 0.017282 0.001868 0.001073 0.042462 0.113879 0.111648 0.013621 -0.011587 -0.007381 -0.034796 -0.160726 -0.078920 -0.036957 -0.001385 0.000125 -0.623204 -0.549803 -0.733143 -0.078289 -0.000217 -0.000229 0.001219 0.001997 0.002703 0.001207 -0.159236 -0.031560 -0.083572 -0.067194 -0.081421 -0.165542 -0.147403 -0.029180 -0.090489 -0.020247 0.000000 0.008063 0.026226 0.031510 0.023440 0.049455 0.649541 -0.096507 -0.028037 -0.008716 -0.001200 -0.001298
0.025330 0.022984 0.031047 -0.028365 -0.026793 -0.008944 -0.000506 -0.000566 0.000045 0.000951 0.000536 0.008585 0.020365 0.018493 0.004209 0.025373 1.545696 0.744318 0.150905 -0.223840 -0.626969 -0.285334 -0.152105 -0.061398 -0.090702 -0.112264 0.000008 -0.359307 -0.475965 -0.028439 -0.007787 -0.000341 0.000166 0.001164 0.008918 0.016402 0.029334 -0.008981 -0.043594 -0.016939 -0.003340 -0.000008 0.000141 -0.000870 -0.000683 -0.003238 -0.007062 0.000000 0.015206 0.031937 0.054173 0.103727 0.025961 0.011520 0.003635 -0.004335 -0.001849 -0.001303 -0.001241
0.021110 0.025705 0.004165 -0.017675 -0.016960 -0.013638 -0.007145 0.000000 0.001246 0.000653 0.000387 0.000712 0.008113 0.009951 0.013736 0.022295 1.850388 1.091879 0.534749 0.059729 -0.486739 -0.275695 -0.170415 -0.229615 -0.264128 -0.309143 -0.502908 -0.465400 -0.056626 -0.029395 -0.011918 -0.000270 0.000473 0.006739 0.021590 0.053944 -0.053129 -0.442896 -0.028334 -0.022930 -0.007424 -0.000307 0.000088 0.000323 0.001092 0.000971 -0.000661 0.000000 0.005878 0.025512 0.031067 0.146543 0.000000 0.006565 0.032601 0.010184 0.006095 0.000832 -0.000321
0.024834 0.003419 -0.010894 -0.001932 -0.011195 -0.013442 -0.007145 0.000000 0.006542 0.022332 -0.000306 0.000410 0.010497 0.025840 0.031063 1.364358 0.122954 0.315490 1.006220 0.615952 0.256347 -0.398538 -0.264700 -0.184680 -0.252095 -0.097428 -0.012098 -0.026313 -0.044880 -0.008161 -0.000965 -0.000000 0.000965 0.016159 0.025912 0.068011 -0.057848 -0.407415 -0.032934 -0.012404 -0.000758 -0.000320 0.000684 0.000648 0.004220 0.013959 0.001583 0.000000 0.005878 0.016460 0.046678 0.062283 0.013620 0.004979 0.007480 0.004867 0.003075 0.011851 0.044765
0.031233 0.003588 -0.009493 -0.000055 -0.040077 -0.010533 -0.000344 0.000100 0.000374 0.001587 0.000519 0.000196 0.000683 0.009033 0.044647 0.999752 -0.570945 -0.343865 0.460913 0.311652 0.012116 -0.149026 -0.583820 -0.233018 -0.115928 -0.038286 -0.011161 -0.040757 -0.017407 -0.011876 -0.000473 0.000270 0.019004 0.023797 -0.264213 -0.321357 -0.550614 -0.025965 -0.019512 -0.013506 -0.000703 -0.000053 0.000670 0.010610 0.019726 0.047673 -0.000141 0.000207 0.009778 0.030757 0.040007 0.050606 0.070281 0.015829 0.000511 0.021919 0.039890 0.165796 -0.012240
-0.002721 -0.043074 -0.008343 -0.000967 -0.003178 -0.000368 0.000012 0.000149 0.000193 0.000489 0.001297 0.000553 0.000366 0.010418 0.034645 0.044149 -0.146527 -0.123295 0.144687 -0.036799 -0.287779 -0.439524 -0.642155 -0.786005 -0.104967 -0.054387 -0.046156 -0.036605 -0.008838 -0.000859 0.000079 0.000600 0.002127 0.013065 -0.069708 -0.212274 -0.032013 -0.025327 -0.023706 -0.010923 -0.000232 0.000169 0.001376 0.000685 0.001524 0.002915 0.001467 0.000718 0.000496 0.012479 0.026533 0.040131 0.109333 0.051586 0.013484 0.002947 -0.044194 -0.095370 -0.373853
-0.007255 -0.005901 -0.018522 -0.019756 -0.013738 -0.000010 0.003619 -0.000605 -0.006631 0.000019 0.024565 0.024556 0.001931 0.000776 0.015383 0.048779 -0.019937 0.113746 0.621101 0.544666 0.370268 0.067876 -0.110843 -0.336248 -1.165235 -0.079891 -0.035107 -0.002581 -0.000466 0.000266 0.000485 0.000204 0.000368 -0.303076 -0.413697 -0.046821 -0.031082 -0.017993 -0.002222 -0.001673 -0.000077 0.000072 0.008463 0.025269 0.018515 0.001905 0.000995 0.000480 0.000380 0.033195 0.061082 0.087802 0.033812 0.228567 0.273062 0.329494 0.265993 0.129171 0.000927
0.447313 1.475449 0.334618 0.184150 -0.001180 0.000586 0.146474 1.808335 -0.081992 -0.000217 0.002867 0.031636 0.945741 0.000053 0.003836 0.047666 -0.010623 -0.023495 -0.032499 -0.078777 -0.174235 -0.302273 -0.500458 -0.281954 -0.264648 -0.045717 -0.014880 -0.000310 0.000085 0.000401 0.000159 0.000203 -0.083750 -0.164435 -0.008546 -0.005681 -0.001909 -0.005544 -0.007379 -0.002902 -0.000096 0.000094 0.013121 0.020075 0.002497 0.000990 0.001219 0.000818 0.012403 0.032861 0.028443 0.067155 0.021916 0.006227 0.004416 0.001652 0.075920 0.031473 0.000815
0.943407 1.708302 1.499898 1.576675 1.763965 1.840318 1.997842 3.102755 3.051075 1.649996 1.105553 2.327519 1.171007 0.916412 0.715035 0.527639 0.370540 0.127246 -0.037609 -0.322055 -0.548231 -0.873583 -1.157946 -1.435091 -1.863846 -0.038762 -0.001047 0.000210 0.010127 0.027017 0.003189 0.137723 0.492485 -0.168127 -0.020734 -0.030399 -0.033317 -0.023646 -0.004782 -0.004731 -0.000103 0.000103 0.008253 0.021101 0.002147 0.001695 0.019562 0.023875 0.002193 0.023143 0.045206 0.048682 0.053931 0.012973 0.006149 0.030656 0.181729 0.058263 -0.047052
0.885474 0.729551 1.751918 2.096636 1.986615 3.209016 2.922654 2.134995 2.202684 3.575843 5.908734 5.238750 4.727576 4.486850 4.656800 4.407867 4.000223 3.348441 2.596574 2.314069 1.913055 1.689328 1.250259 1.036863 0.540185 -0.046781 -0.000116 0.000098 0.000510 0.006942 0.133990 0.212288 0.417434 0.195566 -0.218415 -0.030871 -0.013367 -0.011120 -0.002959 -0.003439 -0.000003 0.008373 0.028520 0.052717 0.053876 0.000113 0.018170 0.015683 0.001493 0.001444 0.010739 0.042583 0.035328 0.004151 0.001700 0.028240 0.000861 0.058117 0.126508
0.000000 0.858200 0.822235 0.986147 0.733577 0.873595 0.222955 0.000040 0.003609 0.366944 1.189626 0.023214 -0.196187 -0.106811 0.149701 0.396966 0.630889 0.858789 0.840792 0.822908 0.912162 0.560654 0.240956 0.058988 0.115859 -0.045498 -0.000292 -0.001170 -0.001334 0.000490 0.000692 -0.215755 -0.292037 0.047314 0.083024 -0.002561 -0.013545 -0.023078 -0.010915 -0.000141 0.006730 0.010333 0.002444 0.005418 0.005113 -0.000347 0.001295 0.014573 0.035103 0.006861 -0.370705 -0.530684 -0.836046 -0.664369 -0.733349 -0.521122 -0.541546 -0.173506 0.167155
1.624703 1.108624 1.029333 0.315867 0.168000 0.011364 -0.007207 -0.000799 0.015359 0.057432 0.046187 0.004658 -0.005590 -0.607598 -1.624668 -1.772767 -1.223850 -0.669410 -0.042274 0.078579 0.165026 0.256376 0.316961 0.468262 0.655642 0.850423 0.370687 -0.004693 -0.042744 -0.106320 -0.248742 -0.276289 -0.120418 0.207111 0.213402 0.202493 0.093782 -0.021646 -0.008325 -0.000005 0.003315 0.016307 0.000061 0.049626 0.175202 -0.035230 0.000086 -0.054773 -0.034998 -0.080678 -0.252263 -0.202473 -0.113769 -0.078371 -0.068666 -0.018310 -0.047466 0.052891 0.202972
0.336316 0.107980 -0.056924 -0.024019 -0.006063 -0.000104 0.000101 0.010963 0.115804 -0.061945 -0.005040 -0.000000 0.007129 0.020634 0.044490 0.062603 -0.403425 -0.326303 -0.168470 -0.483279 -0.435228 -0.367102 -0.230281 -0.064695 0.138358 0.291074 0.495442 0.126137 -0.376471 -0.264149 -0.111686 -0.003649 -0.002966 0.000000 0.273748 0.506533 1.803066 1.577839 1.939693 0.523737 -0.007640 -0.281419 -0.010628 -0.012155 0.089341 0.110071 0.024385 0.492143 0.711338 0.617860 0.487777 0.473518 0.398034 0.209317 -0.049273 -0.362866 -0.792109 -0.976171 -1.521117
0.202513 0.029393 -0.073028 -0.024298 -0.013484 -0.000429 0.000375 0.011392 0.275239 -0.030092 -0.003994 -0.000007 0.007842 0.019518 0.024379 0.006261 0.013575 0.063489 0.028243 0.065507 -0.006996 -0.034596 0.103079 0.203709 -0.047903 -0.071584 0.012827 0.001993 -0.393580 -0.158838 -0.070859 -0.020468 -0.007109 0.000000 0.005460 0.199940 0.094728 0.086035 0.260042 0.085696 0.128724 0.129768 0.091252 0.006416 0.032400 0.469012 0.648623 1.863053 2.039195 2.091683 1.895611 1.897198 1.828864 1.911435 1.696917 1.205276 0.880150 0.620353 0.506128
0.303404 -0.000306 -0.083849 -0.031471 -0.009521 -0.001186 0.000715 0.017126 0.260546 -0.273473 -0.012926 -0.000352 0.000352 0.007107 0.025987 0.009031 0.027256 0.049123 0.245016 0.310283 0.271673 0.456796 0.768984 0.818552 0.267992 0.180055 0.438476 0.373817 0.035988 -0.025327 -0.061312 -0.014835 -0.007164 0.000000 0.009583 0.175728 0.062616 -0.022909 -0.154018 0.172535 0.284121 0.277255 0.154006 0.031693 0.443951 1.038401 1.332157 1.505904 1.345444 1.533085 1.509792 1.419763 1.352674 1.368452 1.112332 0.932472 0.497898 0.288685 -0.030967
0.078930 -0.005076 -0.018450 -0.023669 -0.024336 -0.011833 0.000000 0.011731 0.196861 0.002132 -0.019998 -0.007805 0.000007 0.009382 0.015965 0.032292 0.007730 0.011955 0.119466 0.742058 1.428302 1.559340 2.078771 0.973513 0.242639 0.413235 0.454628 0.653574 0.401673 0.236849 -0.049549 -0.011987 -0.000223 0.007906 0.102546 0.062387 0.141940 0.085485 0.152284 0.533621 0.577833 0.508798 0.263961 0.333806 0.428374 0.938390 1.306146 1.236080 0.514693 0.297948 0.395629 0.634047 0.812393 0.696435 0.638655 0.582922 0.345523 0.127247 -0.148509
-0.002077 -0.006015 -0.002212 -0.012697 -0.015994 -0.008201 0.000000 0.014057 0.222567 -0.121091 -0.419081 -0.004729 -0.000144 0.000656 0.006185 0.009043 0.016089 0.018935 0.069067 0.008318 0.009618 -0.039876 -0.093539 0.078166 0.284568 1.101085 1.422726 1.208160 1.303000 0.702316 0.637726 -0.000387 0.000028 0.000273 0.047900 0.082244 0.038697 0.070834 0.164950 0.276080 0.271802 0.249666 0.141717 0.009873 0.112199 0.399025 0.478503 0.284764 0.032567 0.070667 0.007418 0.014855 0.057054 -0.129389 -0.153455 -0.196134 -0.331910 -0.209412 -0.137490
-0.000222 0.000222 -0.002930 -0.022603 -0.009575 -0.000399 0.000109 0.093896 0.153752 -0.049077 -0.392795 -0.040496 -0.012432 0.000026 0.011313 0.025296 0.226337 0.325099 0.265323 -0.083965 0.000000 0.015501 0.029374 0.393080 0.466800 0.626397 1.142241 1.281004 1.318457 1.597989 0.854722 0.709306 0.515262 0.296932 0.195759 0.827706 0.722274 0.500834 0.227309 0.255187 0.257409 0.208511 0.224986 -0.058506 0.069251 0.337779 0.310848 0.199025 0.025726 -0.051678 -0.260015 -0.599085 -0.769952 -0.964376 -0.949265 -0.994914 -1.177458 -0.103882 -0.122829
-0.000072 -0.000181 0.000267 -0.000767 -0.001605 -0.000340 0.000282 0.095184 0.161755 0.077189 -0.024133 -0.016789 -0.000836 0.011336 0.021575 0.021787 0.276662 0.095939 -0.094381 -0.116073 0.074498 0.497112 0.736503 1.451084 1.410823 1.784687 0.907587 1.366060 1.161588 0.993663 0.814850 0.659922 0.525531 1.091871 1.023859 1.008682 0.772156 0.552841 0.080486 0.272410 0.269812 0.216843 0.197832 -0.090826 0.008752 0.143929 0.127018 0.123034 0.026881 -0.140548 -0.215422 -0.505745 -0.675206 -0.770475 -0.700223 -0.618624 -0.216046 -0.185074 -0.206801
-0.008019 -0.023332 -0.040084 -0.028834 -0.020491 -0.001562 0.001255 0.020984 -0.254268 -0.149148 -0.065731 -0.122094 -0.000027 0.006453 0.031154 0.271885 0.195888 0.142223 -0.020193 0.220497 0.514805 1.086805 1.291785 1.798352 1.560738 1.084202 0.049807 0.018856 0.034400 0.683538 1.280545 1.010206 0.992614 1.335252 1.227664 0.755873 0.158752 0.073611 0.031098 -0.000079 0.000693 0.174104 0.250895 0.168344 0.362169 0.349365 0.214611 0.074122 -0.096126 -0.000665 0.000054 0.022359 -0.113342 -0.211156 -0.228729 -0.242333 -0.161977 -0.135443 -0.127073
-0.029217 -0.035335 -0.033989 -0.027258 -0.020839 -0.002820 -0.001944 -0.000550 -0.000895 0.000000 0.000619 0.001188 0.017017 0.157312 0.548052 0.446423 0.334764 0.224797 1.279075 1.925830 1.719207 1.792647 2.371071 1.948847 1.553200 1.032372 0.061567 0.027845 0.027868 0.348977 0.322832 0.424441 0.532842 0.638868 0.503880 0.192309 -0.276913 -0.007087 -0.000208 0.000326 0.009945 0.252517 0.706076 0.789227 1.038442 0.656176 0.252299 -0.207950 -0.201300 -0.006333 -0.000326 0.000208 0.049008 0.035660 0.044048 -0.018790 -0.205122 -0.066437 -0.025028
-0.019649 -0.029886 -0.027142 -0.019304 -0.013189 -0.001607 -0.001809 -0.000492 -0.000641 0.000000 0.004204 0.011275 0.036894 0.277718 0.724748 0.504242 1.989174 2.815317 3.136495 3.904628 2.194204 1.993944 1.573797 1.183892 0.534450 0.109196 0.060164 0.011424 0.089965 -0.037306 -0.005890 0.082398 0.039936 -0.329696 -0.658828 -0.355216 -0.289843 -0.006701 -0.000003 0.000738 0.001737 0.239409 1.086195 0.742695 0.481261 0.372746 0.054746 -0.023490 -0.079464 -0.181163 -0.005982 0.000003 0.060768 0.164824 0.114080 0.033713 -0.113149 -0.063224 -0.039856
0.835617 0.690036 0.694281 0.432840 0.064345 -0.007182 -0.011731 -0.000687 -0.000674 0.000000 0.009244 0.603735 1.513502 0.492944 1.203257 2.689762 1.962603 2.414880 2.765610 0.559054 -0.044737 0.044088 0.150056 0.212215 -0.043496 -0.127565 0.001410 0.091778 0.423040 0.285738 0.211350 -0.005565 0.000000 0.006789 0.153107 -0.142877 -0.048180 -0.074220 0.001978 0.295662 1.425458 1.688243 3.638645 3.324550 2.482793 2.065647 0.575790 0.030995 -0.031111 -0.089959 -0.107475 0.000618 0.027301 0.033205 0.148723 0.017174 -0.105862 -0.055269 -0.013897
0.745223 1.393783 1.263104 1.205257 1.381331 1.041973 1.079667 1.678506 1.918619 1.572435 1.701141 1.896958 3.543786 2.465379 4.286903 1.141770 0.449456 0.488632 -0.008951 -0.007578 0.002597 0.141008 0.238587 0.100244 0.019677 0.003398 0.017642 0.035907 0.043824 0.038402 -0.156170 -0.009136 0.000002 0.005059 0.029689 0.086831 0.197545 0.004334 0.017567 1.062625 2.515117 2.222786 2.185847 1.946337 0.879891 -0.071252 -0.006970 -0.000448 -0.000051 0.000491 -0.000872 0.004505 0.010271 0.068411 -0.119922 -0.157880 -0.027069 -0.026556 -0.013708
0.458420 0.585273 0.704368 0.968566 1.176307 1.451586 1.614270 2.169504 2.526018 2.396954 2.554760 2.797245 1.639880 1.337384 0.141140 -0.001198 -0.007221 -0.013005 -0.004309 0.000128 0.044046 0.228640 0.164060 -0.008546 -0.000021 0.007178 0.008655 0.000328 0.000070 -0.000558 -0.004950 -0.003351 0.000130 0.006912 0.027322 0.087616 0.066864 0.040002 0.081742 0.208854 0.040978 -0.149398 -0.195415 -0.080200 -0.027196 -0.008286 -0.000468 -0.000302 -0.000078 0.001270 0.002783 0.009157 0.005991 0.002582 -0.017917 -0.178342 -0.024896 -0.007017 -0.000994
0.260068 0.409670 0.206250 0.315464 0.512030 0.609273 0.521917 0.508383 0.531606 0.599973 0.162259 -0.028143 -0.001376 -0.003653 -0.025580 -0.023718 -0.016560 -0.005143 0.000168 0.004842 0.133793 0.535684 0.342039 -0.008052 -0.000600 -0.000898 -0.000444 -0.000001 0.000111 -0.009365 -0.003216 0.000002 0.006130 0.019391 0.068471 0.147518 0.165737 0.114576 0.037345 -0.018848 -0.238407 -0.493584 -0.140165 -0.020317 -0.019089 -0.007410 -0.000368 0.000049 0.000526 0.016881 0.037096 0.014847 0.001950 0.012567 0.070042 -0.131404 -0.033177 -0.013888 -0.000023
