use_cases/Flooding_chicago/flooding_data/output/hUx_780.asc
ncols 337
nrows 393
xllcorner 428428.000000
yllcorner 4602440.000000
cellsize 26.757400
NODATA_value -9999.000000
[rows 78 to 103 of 393, columns 177 to 235 of 337]
-0.265073 -0.095098 -0.005925 0.000000 0.006222 0.038942 -0.025307 -0.010792 -0.000734 0.000333 0.014960 0.032362 0.034790 0.066223 0.094462 0.031181 0.007706 0.203121 0.924961 0.228790 0.450637 0.962126 0.740046 0.811455 0.243777 0.810502 0.824082 0.666450 0.409571 0.926556 0.203906 0.119618 0.408248 0.320709 0.135482 -0.385978 -0.008881 -0.000006 0.002739 0.029454 0.017664 0.000324 -0.000440 -0.000349 -0.000079 0.000066 0.000583 0.006434 0.022913 0.098493 -0.000421 -0.000453 -0.000667 -0.000577 -0.001240 -0.000907 -0.001045 -0.001048 -0.000315
-0.126252 -0.143365 -0.176736 -0.000227 -0.000549 -0.001385 -0.000833 -0.001234 -0.002086 -0.000203 0.000299 0.002599 0.028847 0.061745 0.120375 0.396366 0.012575 0.114113 0.361935 0.125730 0.333826 0.209650 0.737381 0.173821 0.754915 0.682636 0.643982 1.594168 1.466095 1.203238 1.175566 0.379948 0.343707 0.333513 0.361242 0.325031 0.227552 0.138574 0.070476 0.021165 0.696582 0.886373 1.046317 0.895738 1.660578 0.128284 -0.047659 -0.197240 -0.228556 -0.157747 -0.000217 0.000118 0.010016 0.004532 -0.002812 -0.000891 -0.001702 -0.000146 0.000254
-0.064076 -0.201163 -0.267001 -0.260218 -0.252118 -0.016915 -0.025314 -0.006956 0.000001 0.000479 0.002399 0.027577 0.037720 0.035053 0.045776 0.068532 0.570576 0.556359 -0.000163 0.000908 0.003802 -0.000210 -0.001258 -0.000003 0.000795 0.000479 0.016561 0.073259 -0.040846 0.001933 0.180019 0.263896 0.137036 0.092906 0.000133 0.009837 0.000394 0.264487 0.984717 0.504839 0.406365 0.018146 0.031995 0.837732 1.681533 1.692383 1.975016 1.496789 1.489892 1.181582 0.611578 1.194100 0.983042 1.497063 1.426954 1.574888 0.924619 0.045584 -0.239757
-0.000042 -0.000243 -0.175391 -0.421416 -0.419895 -0.552077 -0.013212 -0.000722 0.000086 0.008964 0.025925 0.006224 0.011655 0.024588 0.039344 0.056552 0.006273 -0.002754 0.000141 0.016329 0.033814 0.000677 -0.004130 -0.000068 0.000367 0.000291 0.007456 0.018785 0.039355 0.017656 0.018209 0.088199 0.081431 -0.059846 0.001797 0.006422 0.006162 0.022627 0.119050 0.206343 0.133554 -0.019578 0.032152 0.064681 0.057949 0.705231 1.720798 1.191840 1.260657 1.060368 0.581940 1.531035 1.136420 0.747282 0.712561 0.579248 0.721316 0.464535 0.489762
0.001037 0.002542 0.034358 0.020658 -0.352738 -0.686471 -0.031630 -0.009552 0.000000 0.004204 0.011409 0.023569 0.023056 0.022106 0.031703 0.002892 -0.004822 0.000000 0.006475 0.014597 0.019518 0.012852 -0.023374 -0.007018 -0.000115 0.000398 0.009542 0.019817 0.026050 0.039081 0.594674 0.451390 0.354243 -0.069856 -0.000210 0.011620 0.012822 0.021098 0.024102 0.002115 0.000955 0.033933 0.071992 0.105352 0.079902 0.396401 1.108996 0.903437 0.886882 0.842511 0.504373 0.322843 0.532496 -0.225573 -0.359496 -0.389317 -0.080490 -0.018009 0.012805
0.002386 0.028965 0.109051 0.599275 0.485806 -0.469043 -0.027106 -0.000188 0.000265 0.000897 0.001376 0.008806 0.015795 0.003671 -0.000974 -0.017147 -0.006811 0.000000 0.008814 0.014079 0.001297 0.007156 0.013487 0.001251 0.000000 0.002215 0.001304 0.005294 0.017208 0.019569 0.035310 0.650927 -0.067009 -0.016695 -0.012836 0.004444 0.006293 0.003985 0.000935 0.000301 0.008435 0.145871 0.169351 0.071626 -0.000000 -0.724422 -1.253130 -1.592873 -0.863654 -0.552395 -0.005880 0.000758 0.000836 0.007080 -0.472638 -0.889807 -0.388941 -0.183353 -0.010081
0.024927 0.054068 0.072234 0.048719 -0.206295 -0.011061 -0.000297 0.002446 0.031139 0.089525 0.023344 0.029350 0.053383 0.006898 -0.033677 -0.016678 -0.010628 0.000000 0.003006 0.002575 0.001500 0.007906 0.009194 0.009729 0.010043 0.002222 0.009073 0.018511 0.005676 0.001183 0.007375 -0.036704 -0.012015 -0.028294 -0.030995 -0.284550 -0.138147 -0.006605 -0.000002 0.006694 0.016081 0.165234 0.090216 0.018422 -0.000010 0.004215 0.011029 0.076042 -0.002456 -0.032764 -0.057222 -0.008377 0.000070 0.009597 0.019394 0.004036 -0.015692 -0.000387 -0.000241
0.030345 0.042590 0.057079 0.006542 0.000935 -0.000123 0.001068 0.029960 0.086468 0.117075 0.230162 0.107068 0.037484 -0.105890 -0.025859 -0.009212 -0.001271 -0.000559 -0.000421 0.002171 0.001730 0.008043 0.018516 0.020678 0.026197 0.022771 0.000090 -0.020741 -0.009823 -0.000144 0.000399 0.012246 0.122320 0.038176 0.011438 -0.010821 -0.067846 -0.009534 -0.000109 0.000384 0.005618 0.337403 0.147119 -0.000592 -0.000300 -0.000000 0.004884 0.007438 0.001081 0.000719 0.004419 -0.000308 0.001187 0.001672 0.004933 0.026565 0.007018 -0.000326 0.000208
0.028670 0.050011 0.001358 -0.025281 -0.006421 0.000000 0.015893 0.053845 0.010981 0.013075 0.025251 0.161680 0.066762 0.017189 0.015104 0.002783 -0.000561 -0.000668 -0.000385 0.000589 0.020918 0.043884 0.087694 0.105929 0.511787 0.104255 -0.468384 -0.564583 -0.017547 -0.000748 0.021920 0.042945 0.127833 -0.001249 -0.002344 -0.030513 -0.016594 0.002435 0.001358 0.007333 0.249369 0.183203 -0.014019 -0.008603 -0.000433 -0.000011 0.000494 0.008760 0.021805 0.029238 0.044579 0.000009 0.001953 0.027395 0.077749 0.033490 0.014710 0.001981 0.000003
0.002279 0.001361 -0.098615 -0.012790 -0.004500 0.000000 0.002035 -0.000268 -0.000306 0.000424 0.013721 0.139479 0.052509 0.102703 0.042508 0.009563 0.001779 -0.000556 -0.000332 0.000065 0.001854 0.011670 0.019800 0.042493 0.350773 0.207380 0.182259 0.038323 -0.407562 -0.014318 -0.000170 -0.000123 -0.009033 -0.013471 -0.005592 -0.000023 0.002268 0.035961 0.077092 0.151596 0.102068 -0.000696 -0.023029 -0.019113 -0.005878 0.000000 0.007151 0.013665 0.018705 0.023187 0.023959 0.003488 0.024201 0.054600 0.088386 0.035062 0.072658 0.254540 -0.000113
-0.011634 -0.000669 -0.001246 -0.002888 -0.002554 -0.002316 -0.008564 -0.007623 -0.000362 0.000654 0.006467 0.082451 0.228224 0.130980 0.080750 0.026135 0.005260 -0.019128 -0.006076 -0.000099 0.000226 0.010175 0.018417 0.389189 0.123102 0.072381 0.144066 -0.005547 -0.521401 -0.031729 -0.003907 -0.001031 -0.000474 -0.000046 0.000094 0.004284 0.014388 0.005701 0.046405 0.081977 0.025892 -0.165484 -0.492402 -0.013958 -0.005878 0.000000 0.007151 0.013651 0.027710 0.039663 0.022142 0.004050 0.009338 0.019278 0.021788 0.050427 0.079891 0.269921 0.179968
-0.006194 -0.000534 -0.001008 -0.002433 -0.015519 -0.026686 -0.020082 -0.000654 0.000362 0.016030 0.038228 0.031677 0.028053 0.105326 0.087686 0.026092 0.008499 -0.116183 -0.007375 -0.000102 0.000137 0.002253 0.002288 -0.050071 -0.316475 -0.201347 -0.154141 -0.305873 -0.070452 -0.085063 -0.045490 -0.023328 -0.005647 -0.000010 0.004233 0.013209 0.019023 0.027399 0.007437 0.014822 0.078790 0.018366 -0.384851 -0.025817 -0.008920 0.000000 0.009405 0.030148 0.008762 0.025539 0.030318 0.020678 0.004753 0.024076 0.026188 0.030534 0.025305 0.004766 0.241270
0.003117 -0.000590 -0.002156 -0.021216 -0.041375 -0.021517 -0.009790 -0.000424 0.000306 0.008917 0.019962 0.030885 0.027707 0.063501 0.195067 0.048185 0.000763 0.005553 0.022519 0.004823 -0.000922 0.000922 0.020651 0.016622 -0.811865 -0.507518 -0.053950 -0.034219 -0.033271 -0.034382 -0.038620 -0.037885 -0.015597 -0.000507 0.000062 0.005254 0.014476 0.019683 0.035279 0.043635 0.098189 0.096330 0.153686 -0.037174 -0.004456 0.000000 0.000399 0.002705 0.002045 0.012688 0.027668 0.042593 0.014902 0.034166 0.084364 0.137849 0.301820 0.309255 0.304848
0.006499 0.000113 -0.029649 -0.059714 -0.058783 -0.026782 -0.007492 -0.000095 0.000089 0.007270 0.022306 0.029428 0.037776 0.110452 0.291416 0.035385 -0.090030 -0.007126 -0.001939 -0.007370 -0.000908 0.000673 0.001199 0.023194 0.207590 -0.013720 -0.046621 -0.051093 -0.039107 -0.020477 -0.020065 -0.019808 -0.012822 -0.005709 -0.000222 0.000222 0.005483 0.031139 0.048888 0.039859 0.118983 0.039518 0.055867 0.122371 -0.036820 -0.000240 0.000087 0.001404 0.000978 0.001347 0.001432 0.006268 0.004482 0.025750 0.086887 0.137976 0.247370 0.237801 0.235415
0.269217 -0.104176 -0.168835 -0.113942 -0.085769 -0.031667 -0.007185 -0.000002 0.004954 0.018697 0.025884 0.031616 0.052789 0.138826 0.725034 0.512398 0.442878 0.189560 0.129325 -0.003176 -0.000082 0.000762 0.000734 0.001198 -0.007125 -0.034725 -0.022677 -0.015566 -0.007094 -0.031810 -0.014725 -0.012501 -0.016026 -0.009379 -0.000103 0.000103 0.028795 0.032602 0.058527 0.244207 0.120438 0.000895 0.000825 0.161133 0.008797 0.001974 0.013488 0.011424 0.000909 0.012159 0.004891 0.003390 0.008385 0.007848 0.027866 0.067313 0.135663 0.025185 0.030661
-0.273908 -0.298452 -0.932124 -0.059655 0.000000 -0.001005 0.000032 0.000515 0.000528 0.003689 0.006872 0.007721 0.025202 0.164304 0.763684 0.826167 0.817088 0.928659 0.599097 0.788971 0.467957 0.329834 0.159527 -0.054618 -0.525520 -0.048823 -0.021058 -0.027029 -0.007550 -0.030995 -0.034942 -0.034082 -0.027211 -0.008563 -0.000082 0.000082 0.005211 0.027527 0.030902 0.024769 0.042624 0.021607 0.004596 0.024123 0.040422 0.004642 0.012433 0.110271 0.155160 0.083876 0.188749 0.128877 0.000125 0.002774 0.011338 0.018437 0.101724 0.168527 0.114819
0.456245 0.365030 -0.504966 -0.029375 0.000000 0.007689 0.021090 -0.002861 -0.012178 -0.000552 0.029334 0.019871 0.118261 0.162192 0.074150 0.031081 0.278896 0.352382 0.464336 1.060846 0.912391 0.882529 0.510289 0.340518 -0.459620 -0.119202 -0.083377 -0.015145 -0.021511 -0.005018 -0.014934 -0.008218 -0.002334 -0.005228 -0.001573 0.000071 0.006131 0.030812 0.051538 0.060871 0.071732 0.123168 0.052915 0.134288 0.215624 0.260048 0.144034 0.369353 0.383169 0.113572 0.230953 0.154946 -0.001109 0.001449 0.001368 0.100345 0.219371 0.108077 0.179964
0.390866 0.040946 0.010671 -0.002116 -0.000113 -0.073260 -0.145491 -0.234558 -0.034235 -0.006840 0.018859 0.117059 0.056500 0.018243 0.009803 0.036872 0.349019 0.326546 0.405863 0.858887 0.383391 0.277300 0.213931 -0.069598 -0.040739 -0.025335 -0.020669 -0.011427 -0.010393 0.012614 -0.060611 -0.076361 -0.098208 -0.058742 -0.007871 0.000874 0.007065 0.026056 0.035669 0.008792 0.022557 0.094699 0.042398 0.124756 0.181550 0.272542 0.187081 0.757903 0.184413 0.102741 0.229741 0.164808 -0.000574 0.000488 0.173341 0.174265 0.140561 0.095924 0.063496
-0.106631 -0.000360 0.000360 -0.277481 -0.380307 -0.408190 -0.331069 -0.013428 -0.041745 -0.025977 -0.010908 -0.000360 0.000360 0.023120 0.055884 0.054254 0.304551 0.155753 -0.002611 -0.179544 -0.523259 -0.649932 -0.654409 -0.460057 -0.002902 -0.016355 -0.025822 -0.018327 -0.000013 0.063949 -0.412775 -0.109447 -0.071906 -0.045123 -0.007025 -0.000027 0.000402 0.010284 0.019005 0.004541 0.010633 0.019188 0.023227 0.025537 0.075538 0.194526 0.134501 0.653503 0.165084 0.537413 0.519065 0.509431 1.074961 0.903442 1.454768 0.920905 0.297967 0.220839 0.152500
-0.214921 -0.000360 0.000360 -0.033653 -0.039725 -0.002980 -0.001752 -0.000210 0.001685 0.013191 0.004957 -0.000360 0.000360 0.028650 0.089019 0.986687 0.372830 0.017861 -0.020891 0.000000 0.037406 0.125541 -0.001341 -0.029267 -0.036112 -0.089754 -0.020100 -0.009927 -0.000401 0.000555 -0.958099 -0.054301 -0.037470 -0.033378 -0.011481 0.000000 0.008800 0.020364 0.029783 0.005480 0.003624 0.021381 0.034774 0.040067 0.029467 0.391721 0.464787 0.424405 0.154560 0.548746 0.594390 1.372609 1.189220 1.460823 1.351119 0.858362 0.848420 0.281959 0.203300
-0.561570 -0.697255 -0.672750 -0.483022 -0.311728 -0.002968 -0.000684 0.000005 0.015195 0.130347 0.045668 0.278367 0.099675 0.066145 0.152045 0.999565 0.551155 -0.224324 -0.027560 0.000000 -0.011895 -0.010356 -0.007390 -0.037361 -0.295318 -0.526372 -0.836674 -0.027918 -0.000330 0.000396 -0.585530 -0.048768 -0.035526 -0.014176 -0.000660 0.000055 0.012882 0.035407 0.020152 0.002083 0.001494 0.023716 0.028120 0.028262 0.024301 0.702113 0.600929 0.614156 0.491096 0.129668 0.068202 0.017033 0.014379 -0.019940 0.143683 0.267129 0.175186 0.184119 0.164871
-0.132975 -0.003323 -0.007117 -0.009046 -0.032663 -0.017230 -0.000395 0.000057 0.000381 0.077849 0.037096 0.056535 0.055261 0.031590 0.042178 0.128026 -0.420130 -0.327327 -0.017448 -0.024827 -0.018143 0.129569 0.212185 0.267124 0.386061 0.361051 -0.438442 -0.018249 -0.001049 0.001127 -0.754979 -0.370371 -0.037741 -0.011291 -0.000076 0.000044 0.006512 0.023646 0.057487 0.015161 0.005141 0.005912 0.026330 0.035368 0.326659 0.488925 0.014421 0.040613 0.154931 0.075468 0.034718 0.000062 0.001396 0.001059 0.004128 -0.088414 -0.032837 -0.000595 0.000154
-0.085048 -0.001695 -0.002624 -0.004002 -0.010458 -0.005842 -0.000381 -0.000015 0.000220 0.014690 0.718347 -0.031679 -0.000145 0.000222 0.031391 0.037674 0.304240 -0.003733 -0.021486 -0.031653 0.069907 0.241416 0.193451 0.429053 0.247445 0.185632 -0.080105 -0.014627 -0.000445 0.000661 -0.226697 -0.251333 -0.012205 -0.000202 0.000279 0.000058 0.000508 0.001702 0.013009 0.007610 0.128236 0.007541 0.046028 0.569975 1.383364 0.168844 0.079648 -0.032904 -0.006172 -0.000204 -0.000107 0.001227 0.004802 0.003434 0.000855 0.072764 0.054002 -0.001558 -0.001359
-0.060301 -0.003582 -0.008867 -0.032647 -0.034876 -0.026193 -0.011109 -0.000121 0.000106 0.010038 0.032371 -0.007817 0.000025 0.009376 0.020309 0.020582 0.008866 -0.007108 0.000003 0.009031 0.052919 -0.058574 0.004900 0.115893 -0.047012 -0.001422 -0.016367 -0.008119 -0.000019 -0.076539 -0.045498 -0.023928 -0.000973 -0.000136 0.000195 0.011448 0.003419 -0.019000 -0.033423 -0.015092 0.001060 0.016101 0.099344 0.116503 -0.068148 -0.000242 0.000000 -0.000070 0.000003 0.000787 0.001815 0.005828 0.003133 -0.000360 0.000360 0.006698 0.124870 0.057772 -0.004435
-0.063987 -0.025787 -0.007991 -0.029819 -0.015862 -0.012593 -0.004594 -0.000326 0.000208 0.004308 0.015115 0.000080 0.000737 0.000616 0.006342 0.016341 0.032359 -0.000326 0.000208 0.009379 0.062651 -0.052266 -0.074653 -0.013404 -0.007141 0.000000 0.005878 0.034097 -0.035716 -0.036076 -0.019903 0.004728 -0.005876 -0.033756 -0.053462 -0.028024 0.263245 0.324479 0.045058 0.056935 0.050296 0.101871 0.092015 0.117223 -0.077652 -0.010355 -0.004544 -0.000222 0.000222 0.003946 0.014020 0.002993 0.004933 -0.000360 0.000360 0.006698 0.107664 0.035402 -0.001351
-0.021981 -0.462436 -0.428387 -0.028035 -0.009111 -0.003392 -0.015032 -0.007268 0.000003 0.015635 0.022826 0.006524 0.003580 0.001663 0.001583 0.005386 0.014594 0.101094 0.000006 0.097204 0.085010 0.085558 0.012696 -0.013404 -0.007141 0.000000 0.005878 -0.462297 -0.655795 -0.355906 -0.326315 -0.222263 -0.040391 -0.055431 -0.029310 -0.003831 -0.061375 0.084852 0.160294 0.058654 0.046729 0.113648 0.099044 0.345110 0.103451 -0.298337 -0.006738 -0.000005 0.000134 0.000273 0.001225 0.001131 0.005631 0.002046 0.008528 0.022921 0.013488 0.013787 0.008271
