use_cases/Flooding_chicago/flooding_data/output/hUx_3480.asc
ncols 337
nrows 393
xllcorner 428428.000000
yllcorner 4602440.000000
cellsize 26.757400
NODATA_value -9999.000000
[rows 104 to 129 of 393, columns 177 to 235 of 337]
-0.230071 -0.230074 -0.282940 -0.454953 -0.001754 -0.000007 -0.000408 -0.000095 0.000000 0.000056 0.000033 0.000690 0.001413 0.193241 0.284536 0.997700 2.722718 3.279190 2.873532 2.664265 2.398970 2.233939 2.105880 2.131651 1.636961 1.482268 1.367934 1.296668 1.423918 1.109370 1.019299 1.131866 0.857705 0.803652 0.747086 -0.000000 0.000336 0.783719 1.818911 0.709954 0.510378 0.562853 1.081445 0.866885 0.199563 0.151014 0.032931 0.014828 -0.736504 -0.221074 0.000073 0.058814 0.000006 0.000464 0.885512 1.045439 0.768315 0.877301 0.956572
0.000017 0.016249 0.004541 0.068537 0.255133 0.342848 0.246528 -0.003870 -0.000212 -0.000001 0.000010 0.000337 0.419285 0.300659 0.739417 1.363407 1.847289 2.043428 2.259445 1.776143 1.565332 1.444732 1.341923 1.293853 1.347341 1.127300 1.089275 0.829569 0.777139 0.539172 0.701125 0.570591 0.483269 -0.201691 -0.000333 -0.000000 0.000007 0.000267 0.487470 0.383433 0.267267 0.356762 0.849234 0.909381 0.442311 -0.000003 0.000003 0.013605 0.814340 0.647538 0.839564 0.843019 0.581512 0.544030 0.966681 1.236575 0.959713 1.077002 1.057745
-0.000000 0.000285 0.000653 0.444337 1.148625 1.366341 1.549389 1.097681 0.053773 -0.006023 0.000000 0.000310 0.477190 1.460152 1.387392 0.975657 0.291738 -0.238949 -0.198283 -0.026101 0.063720 0.150410 0.217021 0.334141 0.494790 0.551546 0.726418 0.657966 0.421295 0.082279 0.034924 -0.626595 -0.081276 -0.001121 -0.000391 0.000000 0.000407 0.000596 0.260521 0.161873 0.246007 0.162706 0.323633 0.220759 -0.047578 -0.000003 0.000003 0.265201 0.993681 0.649317 0.013830 0.003296 0.157150 0.446675 0.514725 0.604651 0.792434 0.646789 0.515539
-0.000006 -0.000002 0.000000 0.204565 0.518762 0.889383 1.201810 2.032599 2.375634 2.255707 2.199142 1.990922 2.997707 2.468857 1.666526 0.595734 -1.180958 -2.265510 -2.862009 -2.341298 -2.135301 -1.804945 -1.317920 -0.947748 -0.640505 -0.382309 0.057990 -0.183805 -0.001750 -0.000848 -0.000002 -0.000003 -0.000403 -0.000154 0.000018 0.000009 0.000276 0.000685 0.158011 0.232099 0.109970 0.092014 0.677194 0.808179 0.712995 0.941172 1.082994 0.723563 1.440083 1.347433 1.360598 0.966343 0.961239 1.814639 1.430196 1.260484 1.141731 0.539836 0.467292
-0.113815 -0.000111 0.000000 0.121699 0.349476 0.417296 0.323023 0.768745 0.914815 0.534905 1.303911 1.159652 0.910164 -0.003746 -0.000001 -0.000001 0.000000 0.000109 0.000572 -0.000033 0.083994 0.207866 0.377347 0.209439 0.283367 0.306316 -0.130496 -0.003206 -0.002269 -0.002224 -0.000201 -0.000000 0.000000 0.000352 0.001148 0.002618 0.006146 0.010455 0.371836 0.217587 0.184866 0.301959 0.792081 1.262450 1.378883 1.792772 1.084455 2.164016 1.757985 1.485814 1.309867 1.463710 2.369853 2.065778 1.728053 1.419484 1.230856 0.544600 0.437883
-0.903251 -0.157715 0.000000 0.369584 0.473761 -0.015516 0.038223 0.077121 0.057432 -0.014069 -0.005672 -0.000299 -0.000004 -0.000425 -0.000232 -0.000007 0.000001 0.000007 0.000180 0.000672 0.002994 0.358856 0.636479 -0.098603 -0.003487 -0.004382 -0.003861 -0.001375 -0.000022 -0.000118 -0.000003 -0.000005 -0.000002 0.000005 0.000270 0.002021 0.001369 0.001036 0.032422 0.308274 0.428337 1.459565 2.087654 1.585843 1.840664 1.031680 0.815659 0.459793 0.167869 0.040638 0.010085 0.439165 0.832228 0.525739 0.440272 0.259554 0.252139 0.249191 0.180664
-0.017308 0.414351 0.129476 0.668490 0.330834 -0.112594 -0.260550 -0.272281 -0.049384 -0.103748 -0.000371 -0.000245 -0.000006 -0.000004 -0.000005 -0.000008 0.000006 0.000008 0.000182 0.001641 0.005152 0.315006 0.636864 -0.000815 -0.000379 -0.000030 -0.001536 -0.001289 0.000000 -0.000191 -0.000012 -0.000114 -0.000005 0.000004 0.000004 0.000121 0.001015 0.000994 0.088535 0.274651 0.430952 0.612274 0.489150 0.321514 -0.022305 -0.000332 -0.000000 -0.000000 -0.000000 0.000001 0.000353 0.234133 0.014025 -0.137939 -0.242021 -0.275776 -0.133287 -0.020584 0.038744
0.137136 0.725120 1.138031 1.101891 0.768316 0.000000 0.000002 0.000013 -0.037975 -0.105470 -0.000366 -0.000238 -0.000003 0.000002 0.000004 0.000004 0.000004 0.000003 0.000425 0.003775 0.005814 -0.330196 -0.001355 -0.000702 -0.000006 -0.000012 -0.000018 -0.000020 0.000000 0.000305 0.000021 -0.000015 0.000001 0.000002 0.000002 0.000429 0.000712 0.003406 0.830865 1.076169 0.862288 0.798768 0.290558 -0.105512 -0.001105 -0.000193 -0.000001 0.000000 0.000000 0.000273 0.001221 1.417402 0.090720 -0.199810 -0.175390 -0.273680 -0.094523 0.025703 0.103095
-0.055345 -0.016873 -0.019804 -0.182723 -0.000235 0.000000 0.000340 0.001083 0.095573 -0.005538 -0.000001 -0.134470 -0.000356 -0.000001 0.000000 -0.000084 -0.000209 -0.000008 0.000448 0.000313 0.001740 -0.980979 -0.000648 -0.000288 -0.000014 -0.000003 -0.000001 0.000002 0.000002 0.001793 0.002204 0.000107 0.000019 0.000007 0.000003 0.000637 0.001219 1.839018 2.165258 1.924367 1.439615 0.763074 0.521460 -0.143670 -0.001703 -0.001082 -0.000270 -0.000002 0.000003 0.000546 0.001987 1.775693 0.922967 0.680870 0.618187 0.400471 0.347623 0.421440 0.523947
-0.329713 -0.386598 -0.489445 -0.302583 -0.000201 0.000000 0.000257 0.000423 0.239747 0.057876 0.155532 0.258869 0.337011 0.080759 -0.000233 -0.001692 -0.003053 -0.003457 -0.000003 0.000000 0.000140 0.088370 -0.000836 -0.000345 -0.000155 -0.000007 -0.000017 -0.000014 0.000000 0.000748 0.009243 0.000272 0.001748 0.001876 0.000040 0.001201 0.111602 0.642212 0.916502 1.146638 0.609688 0.460460 0.205301 -0.107583 -0.002759 -0.000432 -0.000573 -0.000004 0.000005 0.000692 0.001090 0.001191 0.253624 0.101057 0.071730 0.114888 0.260491 0.401928 0.957980
-0.295590 -0.189842 -0.160304 -0.309411 -0.000410 0.000000 0.000415 0.000574 0.000955 -0.077230 -0.083357 -0.073027 -0.096466 -0.014662 0.000014 -0.243454 -0.005807 -0.000156 -0.000127 0.000000 0.000145 0.353601 -0.000805 -0.000782 -0.000629 -0.000322 -0.000013 -0.000015 0.000000 0.002145 0.007793 0.015327 0.024951 0.049871 0.011029 0.100856 1.326162 0.163596 -0.668001 -0.609720 -0.376775 -0.266006 -0.813508 -0.005942 -0.006940 -0.005225 -0.000500 -0.000000 0.000337 0.000308 0.000244 0.000739 0.001259 0.003829 0.135316 0.231586 0.501032 0.667073 1.069915
0.368432 0.316535 0.236886 -0.000593 -0.000003 0.000002 0.000216 0.000752 0.000046 -0.027667 -0.024606 -0.011686 -0.015110 -0.003844 -0.008473 -0.347146 -0.380523 -0.000267 -0.000000 0.000134 0.371773 0.000533 -0.373379 -0.001044 -0.001108 -0.001165 -0.000930 -0.000547 0.000000 0.000086 0.002845 0.009844 0.017178 0.003103 0.025915 0.160103 0.218902 0.078391 -1.801285 -2.269385 -1.819693 -1.239151 -0.011085 -0.001219 -0.001323 -0.000867 -0.000029 0.000028 0.000448 0.000906 0.002099 0.001460 0.001698 0.000128 0.183136 0.351404 0.560414 0.778147 0.995147
0.897679 0.808202 0.631994 -0.000715 -0.000000 0.000210 0.000582 -0.047517 -0.014682 0.121247 0.103886 0.123581 0.057378 0.076469 0.106084 0.354551 0.454075 0.245360 0.258561 0.050654 -0.094317 -0.100919 -0.124770 -0.288699 -0.005303 -0.001439 -0.000430 -0.000001 0.000169 0.000456 0.000793 0.000049 0.000712 0.003720 0.000348 0.044425 0.032139 0.004167 0.000361 -0.005547 -0.039993 -0.033988 -0.025512 -0.000294 -0.000027 -0.000027 0.000000 0.000362 0.000996 0.002041 0.001886 0.002660 0.002462 0.064497 0.515364 0.622153 0.816216 0.953043 1.006461
0.928977 0.820196 0.817495 0.048863 -0.000000 0.000250 0.255360 0.350032 0.843302 0.860659 0.828040 0.506918 0.415299 0.382684 0.146784 0.108888 0.295147 0.246958 0.100726 0.139280 0.103249 0.148685 0.129340 -0.023564 -0.002586 -0.012000 -0.001653 -0.000000 -0.000338 0.000462 0.006890 0.001802 0.000671 0.001999 0.255896 0.144046 0.037703 -0.000001 -0.000000 0.000004 -0.001059 -0.007519 -0.029068 -0.000333 -0.000050 -0.000091 0.000000 0.000199 0.001960 0.002472 0.002811 0.001609 0.157842 0.074892 0.917460 1.259468 1.624474 1.727323 1.565023
1.856900 2.297637 2.078166 1.739686 1.540088 2.086483 1.297277 1.692845 1.347003 0.769649 0.568463 0.450435 0.346254 0.325305 0.141947 0.107533 0.070332 0.030432 0.005797 0.055099 0.065272 0.026036 -0.189444 -0.324744 -0.003724 -0.000032 -0.000156 0.000032 0.052373 0.365261 0.020016 0.040741 0.033646 0.151346 0.111435 -0.003181 -0.000509 -0.000003 0.000008 0.000450 0.030064 -0.006379 -0.016389 -0.055118 -0.002318 -0.000868 0.000000 0.000415 0.001381 0.002593 0.005302 0.365526 0.265381 0.114305 1.991242 2.259294 2.538165 2.606191 2.521364
1.219994 0.905220 0.785887 0.197206 0.937227 2.338912 1.387740 1.254779 0.848825 0.322836 0.468860 0.370530 0.360019 0.389303 0.400518 0.344813 0.539472 0.303765 0.294342 0.202793 0.073672 0.038548 -0.157308 -0.326456 -0.002083 -0.000007 -0.000000 0.001328 0.036164 0.009121 0.010114 0.034668 0.031219 0.145309 0.120210 -0.000650 -0.000027 -0.000002 0.000034 0.001132 0.048290 0.000730 -0.014001 -0.058970 -0.001445 -0.000568 0.000000 0.000632 0.001788 0.003053 0.627763 0.528725 2.425810 4.316193 4.398310 4.088909 3.967695 3.753992 3.022294
0.869603 0.839066 0.508566 0.191337 0.123357 0.239610 1.051782 0.656203 0.743210 0.734033 0.609834 0.520207 0.454102 0.424328 0.393086 0.740916 0.511371 0.385461 0.289770 0.166092 0.068768 0.031263 -0.207605 -0.342542 -0.004649 -0.002524 -0.000001 0.000001 -0.000164 -0.000024 0.000185 0.003014 0.019413 0.001802 -0.004821 -0.001638 -0.000034 0.000041 0.000034 0.000226 0.000119 0.059566 0.031396 -0.098107 -0.000345 -0.000008 0.000194 0.000705 0.000864 0.595476 1.711016 1.591967 1.654796 2.388765 2.007199 1.206016 0.706250 0.422616 0.182535
0.290612 0.163652 0.153828 0.127423 0.000000 0.110192 0.168471 0.566188 0.580845 1.120569 0.982783 0.841658 0.797425 0.529340 0.446026 0.495420 0.434384 0.344553 0.325539 0.190407 0.201165 0.049134 -0.165133 -0.318216 -0.004639 -0.002552 -0.000155 0.000000 -0.000260 0.000543 0.001015 0.000316 0.000127 0.000026 0.000032 -0.000033 0.000038 0.000053 0.000958 0.000556 0.000148 0.111156 0.190412 0.122913 0.014776 0.006467 0.001330 0.007444 0.281661 -0.139373 0.117535 -0.296046 -0.023011 0.119583 0.409860 0.231349 -0.269970 -0.092522 0.025793
0.093652 0.000005 0.104779 0.086862 0.325920 0.251335 0.248295 0.303409 0.208809 0.143771 0.140830 0.181214 0.261369 0.349440 0.459257 0.436106 0.426488 0.432420 0.422150 0.384209 0.286497 0.367088 0.189062 0.050301 -0.001802 -0.000550 -0.000413 0.000000 0.000391 0.003111 0.000939 0.000132 0.000000 0.000137 0.001459 0.000203 0.000172 0.002622 0.001755 0.011863 0.006835 0.657657 0.919427 1.161028 0.974330 1.042296 0.899334 1.364466 3.194082 1.574499 0.884309 -0.689836 -0.177486 0.147901 0.614562 1.251657 0.576348 0.085158 -0.230455
0.294093 0.204403 0.218212 0.422555 0.317427 0.413421 0.406258 0.263786 0.000109 -0.102857 -0.123945 -0.102837 -0.035142 0.063771 0.168473 0.172132 0.117197 0.081298 0.009486 -0.014505 -0.065443 -0.155510 -0.349520 -0.000734 -0.000775 -0.000386 -0.000002 0.000003 0.002408 0.019107 -0.000000 0.000000 0.000010 0.000170 0.002580 0.000457 0.000206 0.000048 0.004326 0.079512 -0.235181 -0.173127 0.031694 0.051414 0.004308 0.003422 0.001101 0.002655 0.002624 0.000071 -0.166509 -0.269010 0.091346 0.466554 0.937097 1.006784 1.017631 0.153610 -0.076863
0.564145 0.501667 0.219510 0.790542 0.408634 0.174435 0.111883 -0.000101 0.000000 0.411050 0.285302 0.259223 0.234756 0.249373 0.352497 0.292342 0.236638 0.170658 0.079547 0.044246 0.008940 -0.001361 -0.000397 -0.000199 -0.000207 -0.000004 -0.000003 0.000005 -0.050206 -0.002020 -0.000001 0.000001 0.001367 0.004316 0.000675 0.000208 0.000039 -0.000072 0.000162 0.057456 -0.023358 -0.053351 -0.041312 -0.067536 -0.004598 -0.000555 0.000017 0.000025 0.000006 0.000390 0.001580 0.051943 0.404063 0.766283 0.979259 0.737373 0.340033 0.098036 -0.025889
0.486539 0.169758 0.147012 0.381633 0.204560 0.041759 -0.186142 -0.110731 0.000030 0.055152 0.000259 0.014227 0.058632 0.094454 0.073115 0.013667 -0.065392 -0.100381 -0.068811 -0.019300 -0.034484 -0.002846 -0.000821 -0.000856 -0.000252 -0.000001 -0.000000 0.000001 -0.011296 -0.000108 0.000000 0.000108 0.000445 0.004050 0.013684 0.003645 0.006126 0.002731 0.287004 0.706344 1.508472 0.910420 -0.002920 -0.000001 -0.000312 -0.009211 -0.002045 -0.000010 0.000000 0.000644 0.002755 0.008120 0.458464 0.948758 1.164225 0.004315 0.003399 0.005305 0.000134
0.014790 0.016109 0.100765 0.735302 0.757875 0.596697 0.664285 0.342366 0.318857 0.899430 0.796418 0.772846 0.794020 0.777213 0.657094 0.429939 0.551917 0.421150 0.344574 0.187177 0.095728 -0.000513 -0.003271 -0.000596 -0.000394 -0.000002 -0.000000 0.000002 -0.010785 -0.000108 0.000000 0.000108 0.000761 0.000929 0.010206 0.002671 0.068728 0.136879 -0.018957 -0.095232 -0.053726 -0.000989 -0.000000 -0.000022 0.000007 -0.000087 -0.004145 -0.000609 0.000000 0.002922 0.005989 0.027098 -1.051659 -1.450572 -0.199330 -0.000106 0.000035 0.000064 0.000036
0.009659 0.009668 0.031590 0.073665 0.009007 -0.008296 -0.022655 -0.000002 0.000055 -0.348825 -0.503244 -0.407299 -0.308180 -0.198805 -0.102394 -0.049375 -0.049854 -0.029232 0.022723 0.025439 -0.023263 -0.000082 -0.000197 -0.001126 -0.001179 -0.000820 -0.000000 -0.000006 -0.000372 0.000027 -0.000000 0.000000 0.000548 0.001546 0.010471 0.002837 0.044413 0.252593 0.144030 0.041484 -0.012809 -0.001979 -0.000000 0.000116 0.003760 0.000089 0.000019 0.000118 0.002328 0.001456 0.010336 0.014988 -1.474740 -1.987205 -0.363792 -0.003809 0.000185 0.000005 -0.000003
0.001941 0.008341 0.356914 0.006332 -0.068332 -0.003647 -0.000036 0.000002 0.001703 0.231487 -0.143053 -0.228104 -0.168935 -0.107300 -0.019963 0.015702 0.059605 0.094134 0.143032 0.204084 0.195460 0.252571 0.317691 0.318671 -0.009637 -0.000522 -0.000000 0.001794 -0.005123 -0.000247 -0.001342 -0.002133 0.000007 0.001319 0.002567 0.007203 0.000266 0.000078 -0.033489 -0.032234 -0.018944 -0.007756 -0.000001 0.000002 0.000119 0.000049 0.000016 0.001455 0.007202 0.001624 0.003057 0.026507 -1.160608 -2.968909 -2.437527 -0.983483 -0.000299 -0.000151 -0.000017
0.001588 0.009379 0.369645 0.035238 -0.041511 -0.008330 -0.001377 -0.000000 0.000004 0.000004 0.000783 0.296896 0.049150 0.011589 0.030947 0.144056 0.132750 0.144455 0.118102 0.117595 0.092420 0.051073 0.034546 -0.088656 -0.008831 -0.000839 -0.000000 0.001892 0.201966 -0.002694 -0.005807 -0.004027 -0.002307 0.000000 0.000257 0.000033 -0.000011 -0.000126 -0.041701 -0.024336 -0.023548 -0.016521 -0.000029 -0.000193 -0.000802 -0.000013 -0.000032 0.000006 0.000005 0.000429 0.002326 0.016912 -0.137951 -3.632669 -3.062743 -2.207567 -0.564057 -0.000580 -0.000241
