use_cases/Flooding_chicago/flooding_data/output/hUx_3420.asc
ncols 337
nrows 393
xllcorner 428428.000000
yllcorner 4602440.000000
cellsize 26.757400
NODATA_value -9999.000000
[rows 78 to 103 of 393, columns 177 to 235 of 337]
-0.187440 -0.054525 -0.000162 0.000000 0.000248 0.007600 -0.005295 -0.001266 -0.000025 0.000010 0.001811 0.003601 0.004135 0.009289 0.018201 0.003935 0.001221 0.270467 1.616472 0.325153 1.137517 1.013950 0.830040 0.891233 0.626972 0.967662 0.903031 0.928518 1.045558 2.031490 1.942123 2.527190 3.623160 2.860736 2.023442 1.615595 0.862501 0.000931 0.010843 0.910511 1.116704 0.928726 0.294334 0.164680 -0.000154 0.000643 -0.000152 0.103843 0.205337 0.450734 0.402078 0.459726 0.551964 0.187535 0.006955 0.000770 0.001698 0.000530 -0.000002
-0.076440 -0.086010 -0.108184 -0.000001 0.000012 -0.000024 -0.000014 -0.000029 -0.000056 -0.000005 0.000002 0.000131 0.003039 0.008552 0.020087 0.264049 -0.333229 -0.095013 0.223986 0.167833 0.181495 0.135163 0.615050 0.328661 0.401054 0.438814 0.539821 0.935137 1.242406 1.521753 2.166523 1.999685 2.280833 2.398476 2.335488 2.526279 3.198699 5.173411 5.503573 4.974372 5.967615 5.740040 5.731958 5.337506 5.977849 4.590310 4.506921 4.220284 3.953280 4.018032 3.177093 3.025129 3.418077 3.042081 3.097983 2.302456 2.238695 1.547636 1.033272
-0.031411 -0.114476 -0.158753 -0.152239 -0.209702 -0.001016 -0.001896 -0.000371 0.000000 0.000004 0.000093 0.003222 0.003934 0.003468 0.005406 0.008792 0.481851 0.524637 -0.000003 0.000013 -0.003058 -0.005846 -0.003865 -0.000002 0.000100 0.001630 0.259551 0.444229 0.779374 0.956786 1.485396 1.877237 1.701946 1.896108 1.100185 2.375072 1.200422 3.779623 2.978962 2.774221 2.980664 2.632218 2.879778 4.115277 4.509911 4.432131 4.995851 4.504560 4.497190 4.122482 3.479439 3.815636 3.433431 3.770744 3.424400 3.175277 2.683870 2.017127 2.038658
0.000006 0.000025 -0.080886 -0.292399 -0.300378 -0.387753 -0.000859 -0.000013 0.000001 0.000436 0.002331 0.000260 0.000914 0.001957 0.004069 0.007799 0.000248 -0.000131 0.000001 0.001341 0.005227 -0.000044 -0.000555 -0.000089 -0.000194 0.000267 0.015637 0.242695 1.359370 2.509144 2.622622 2.100489 2.443099 2.141085 1.227890 1.203556 1.260548 2.992895 2.263740 2.140996 1.973186 1.630235 1.749946 1.831754 1.805381 2.308227 3.474883 2.916569 2.939516 2.727386 2.271713 2.626438 2.464233 2.224000 2.338164 2.070116 1.797948 1.329871 1.234760
0.000027 0.000138 0.005708 -0.057220 -0.219969 -0.487437 -0.002570 -0.000545 0.000000 0.000096 0.000420 0.001603 0.001641 0.001441 0.003467 0.000096 -0.000206 0.000000 0.000371 0.001328 0.001877 0.002189 -0.005162 -0.002068 -0.000861 0.003836 0.036264 0.462371 1.335442 2.313589 3.698579 2.701604 2.849045 2.206458 1.205106 1.171647 1.213796 1.685480 0.969758 0.144344 -0.028232 0.097677 0.278057 0.453577 0.521655 0.850116 1.760673 1.539135 1.515555 1.507734 1.325599 1.268277 1.420652 1.428843 1.344733 1.258183 0.933164 0.815072 0.893226
0.000091 0.003432 0.019182 0.434913 0.419300 -0.330991 -0.002555 0.000003 0.000004 0.000008 0.000035 0.000529 0.001287 0.000135 -0.000076 -0.001701 -0.000291 0.000000 0.000627 0.001420 0.000028 0.000545 0.001508 0.000039 0.000000 0.035208 0.034830 0.575057 1.975654 2.215281 2.230954 2.612205 2.023110 1.155238 1.078689 0.987526 0.984860 0.710845 0.268854 0.062146 -0.032116 -0.401904 -0.449090 -0.467859 -0.341017 -0.713733 -0.855153 -1.175670 -0.684175 -0.259722 0.031193 0.065898 0.042167 0.106733 0.289500 0.480558 0.682801 0.806624 0.877603
0.001914 0.007283 0.011467 0.076460 -0.165068 -0.000739 -0.000011 0.000161 0.004444 0.016887 0.001683 0.004371 0.010012 0.000580 -0.005046 -0.000864 -0.000587 0.000000 0.000135 0.000123 0.000055 0.000460 0.000465 0.002057 0.159433 0.117437 1.364359 3.047931 2.873131 2.251058 1.660888 3.088617 0.949923 0.841137 0.642083 0.752335 0.420149 -0.002026 0.000000 0.000267 0.000650 0.117167 0.264105 0.071877 -0.005356 -0.690836 -1.806002 -1.837395 -1.035595 -0.667937 -0.248646 -0.102910 -0.002308 0.101447 0.220228 0.530159 0.625566 0.680639 0.948966
0.002735 0.005129 0.011674 0.000525 0.000089 -0.000002 0.000045 0.004533 0.014068 0.021731 0.047673 0.017500 0.004258 -0.044602 -0.002637 -0.000544 -0.000039 -0.000013 -0.000048 0.000122 0.000069 0.000480 0.001176 0.927322 1.170237 2.110849 2.582766 3.029859 2.317675 1.138832 0.578490 0.580761 1.856640 1.356242 1.563417 1.317373 0.637428 -0.000820 0.000000 0.000006 0.000134 0.209845 0.070235 -0.000006 -0.000003 -0.000000 0.000332 0.009398 -0.000354 -0.001564 0.088375 0.003889 0.004817 0.004269 0.160383 0.185555 0.242074 0.252110 0.375345
0.002588 0.008586 -0.000162 -0.004304 -0.000220 0.000000 0.001897 0.009798 0.000650 0.001605 0.002559 0.048143 0.015200 0.002618 0.002215 0.000436 -0.000010 -0.000012 -0.000013 0.000020 0.002100 0.004221 0.578466 0.178824 0.636917 1.082704 1.964397 2.318959 2.158799 1.162211 1.962814 1.544525 2.446612 0.002937 0.000008 -0.007134 -0.001704 0.000150 0.000058 0.000385 0.183241 0.033949 -0.000766 -0.000440 -0.000003 -0.000000 0.000003 0.000545 0.001551 0.002046 0.029387 -0.000002 0.000128 -0.004349 -0.014759 -0.017427 0.119580 0.198041 0.171464
0.000119 0.000048 -0.022432 -0.000649 -0.000113 0.000000 0.000176 0.000069 -0.000004 0.000007 0.000557 0.036971 0.009651 0.027217 0.007788 0.001421 0.000272 0.000020 -0.000005 -0.000000 0.000076 0.001000 0.211648 0.353530 0.758517 1.163538 1.414184 1.460692 1.434062 0.724615 0.025012 0.004410 -0.002577 -0.000814 -0.000425 -0.000003 0.000087 0.004792 0.010916 0.104609 0.044791 -0.037923 -0.001074 -0.000950 -0.000182 0.000000 0.000288 0.000584 0.001160 0.001661 0.002605 0.000091 0.003756 0.055796 0.120800 0.188987 0.448477 0.477880 0.310000
-0.000995 -0.000017 -0.000050 -0.000168 -0.000076 -0.000091 -0.000809 -0.000645 -0.000006 0.000013 0.000204 0.015895 0.075448 0.032498 0.033152 0.006679 -0.023936 -0.105247 -0.000749 -0.000002 0.000003 0.001840 0.214134 0.982048 1.328359 1.734307 2.342375 2.266531 1.631989 0.574312 0.001767 0.000059 0.000004 -0.000000 0.000000 0.000269 0.001437 0.000282 0.007006 0.007734 0.009909 -0.087085 -0.295622 -0.000607 -0.000182 0.000000 0.000288 0.000577 0.002198 0.003665 0.002206 0.000186 0.000752 0.010122 0.082701 0.172425 0.372747 0.603178 0.680859
-0.000456 -0.000010 -0.000031 -0.000095 -0.002044 -0.003092 -0.002513 -0.000013 0.000006 0.001029 0.002906 0.002846 0.002410 0.043217 0.210345 0.218424 0.279072 0.858777 1.128485 0.793643 0.516813 0.884075 1.093370 2.629455 2.433505 2.503480 2.437593 1.611166 0.643818 -1.186482 -0.006255 -0.001629 -0.000308 -0.000000 0.000187 0.000823 0.001062 0.002772 0.000378 0.001508 0.009123 -0.034381 -0.283706 -0.001586 -0.000428 0.000000 0.000483 0.003157 0.000462 0.002942 0.003209 0.002210 0.000250 0.017130 0.173872 0.241753 0.453389 0.551657 0.914863
0.000254 -0.000019 -0.000091 -0.002942 -0.005264 -0.002078 -0.000829 -0.000007 0.000004 0.000492 0.001369 0.002861 0.002347 0.488302 0.519848 0.593064 0.603188 0.965864 1.107597 1.474313 1.373366 1.490713 1.949779 1.713956 2.097490 1.353638 1.378432 1.174338 0.584054 -0.123665 -0.002992 -0.003120 -0.000856 -0.000007 0.000000 0.000195 0.000604 0.001260 0.003713 0.004875 0.020082 0.020765 0.023406 -0.005193 -0.000198 0.000000 0.000002 0.000126 0.000088 0.001275 0.003155 0.006763 0.001407 0.036379 0.254349 0.176290 0.356568 0.502356 0.691566
0.084863 -0.736030 -0.897393 -0.592501 -0.007161 -0.002598 -0.000507 -0.000001 0.000000 0.000412 0.001694 0.002418 0.324540 0.201475 0.254391 0.336165 0.499894 0.583575 0.755712 1.090900 1.099669 1.190836 1.233221 1.857018 1.743640 1.102947 1.226589 0.530329 -0.146937 -0.001513 -0.001033 -0.001104 -0.000527 -0.000174 -0.000002 0.000002 0.000117 0.002780 0.005684 0.004332 0.036016 0.005936 0.011995 0.097608 -0.008184 -0.000003 0.000000 0.000032 0.000029 0.000036 0.000031 0.000527 0.000362 0.061208 0.494883 0.380029 0.552238 0.619780 0.707462
-0.292967 -0.284239 -0.136156 -0.123083 -0.018115 -0.003171 -0.000551 -0.000000 0.000292 0.001228 0.002033 0.006121 0.416433 0.075486 0.164359 0.315719 0.479611 0.647088 0.949533 1.054698 1.222277 1.299166 1.394870 1.328347 1.126932 1.070922 0.557309 -0.049749 -0.000348 -0.003249 -0.000701 -0.000500 -0.000799 -0.000466 -0.000000 0.000000 0.002580 0.003044 0.007173 0.068008 0.023831 0.000061 0.000035 0.140519 0.001632 0.000145 0.001742 0.003085 0.000091 0.153193 0.081828 0.070145 0.095973 0.079602 0.576946 0.524102 0.928604 0.756629 0.866950
-0.709244 -0.353690 -0.057290 0.047079 0.000000 -0.000054 0.000210 0.134088 0.085568 0.901587 1.073131 1.154133 2.357552 2.701181 2.455051 2.396458 2.120677 2.096899 1.734034 1.920260 1.711887 1.548286 1.443669 1.505596 1.309868 0.926983 0.297291 -0.021973 -0.000420 -0.003409 -0.002610 -0.002805 -0.002027 -0.000552 -0.000000 0.000000 0.000193 0.003308 0.003753 0.003304 0.006103 0.002699 0.000276 0.004151 0.008268 0.000317 0.004035 0.646412 0.742706 0.370204 0.594935 0.501339 0.167334 0.115459 0.198330 0.193152 0.539743 0.731085 0.737962
0.481519 0.679728 0.715345 0.283231 0.000111 0.313729 1.534307 1.947192 2.338512 2.304175 2.146099 1.723988 3.814076 2.963302 2.292949 2.043303 2.264484 2.053543 1.973725 2.298730 2.497405 2.375321 2.030717 2.126635 1.246069 0.477818 0.313218 0.004666 -0.025938 -0.000381 -0.002198 -0.000913 -0.000090 -0.000210 -0.000067 -0.000002 0.000517 0.004585 0.007898 0.009269 0.010917 0.026028 0.007297 0.032953 0.055063 0.111798 0.080707 0.395889 0.519008 0.325584 0.532624 0.453725 0.164906 0.125883 0.069384 0.728656 0.919678 0.753573 0.951754
2.109187 1.865544 2.169691 1.662098 1.982891 3.324488 3.362720 3.874027 2.655415 2.499094 2.273757 3.601831 2.930170 3.077249 2.342965 2.476039 2.389039 2.088802 1.926034 2.108660 2.161292 1.961445 1.894985 1.351004 0.720328 0.302560 0.077865 -0.022638 -0.040143 0.009632 0.178924 -0.011697 -0.017002 -0.010087 -0.000687 0.000026 0.000602 0.003623 0.005638 0.000747 0.002701 0.020375 0.005784 0.030027 0.049140 0.120215 0.104923 0.631625 0.366892 0.354325 0.573528 0.490081 0.157485 0.121627 0.683770 0.661319 0.675438 0.671414 0.638094
1.215361 1.207076 1.483291 2.444610 2.751682 3.043696 3.191245 2.319525 2.275196 1.862669 1.534057 0.159297 0.053151 -0.248653 -0.574324 -0.718689 -0.626138 -0.335694 0.014164 0.223103 0.161860 0.234445 0.338902 0.218413 0.056794 -0.050479 -0.088367 -0.139898 -0.000000 -0.024708 -0.234858 -0.022902 -0.011048 -0.006105 -0.000266 -0.000000 0.000004 0.001046 0.002591 0.000318 0.001088 0.002164 0.002493 0.002465 0.024080 0.085962 0.110384 0.682885 0.408171 1.115360 1.048979 1.158186 1.863905 1.570019 2.134597 1.687199 1.035844 0.973930 0.869050
1.533898 1.164469 1.278462 1.782274 1.923297 1.410518 1.291593 0.496111 0.332748 0.697611 0.543145 0.044936 0.018370 0.300227 0.634840 0.262858 0.331968 0.418613 0.393829 0.314923 0.409673 0.376984 0.285371 0.189185 0.152900 0.101921 0.035239 -0.093746 -0.000006 0.000015 -1.218225 -0.009811 -0.004493 -0.003452 -0.000459 0.000000 0.000266 0.001418 0.004240 0.000227 0.000247 0.002909 0.004465 0.004603 0.012987 0.718875 0.747945 0.709164 0.427608 1.148878 1.119688 1.964428 1.752325 2.037475 1.897033 1.405537 1.527591 0.959171 0.859287
1.548309 1.643635 1.641184 1.399722 1.265387 0.494673 0.437599 0.000003 0.120321 0.670412 0.605793 1.845019 1.027467 0.885653 2.811841 2.358380 2.147038 1.796787 1.456610 0.975876 0.999462 0.779032 0.656781 0.521753 0.461184 0.355056 0.141861 0.025044 0.000021 0.000018 -0.837718 -0.405962 -0.003844 -0.001096 -0.000010 0.000000 0.000623 0.002692 0.002442 0.000069 0.000058 0.003598 0.003722 0.003101 0.048666 0.773461 0.612481 0.726000 0.819892 0.431836 0.352263 0.222259 0.376760 0.310006 0.526691 0.617275 0.518390 0.627876 0.546972
1.383670 1.047668 0.996239 0.814997 0.706923 0.313850 0.000286 0.000074 0.000016 0.450067 0.992175 1.216913 0.870978 0.801654 1.601284 1.390110 1.132713 0.951197 0.741679 0.635068 0.486196 0.420994 0.328801 0.300607 0.320528 0.134634 -0.043389 -0.063654 -0.019119 -0.040824 -0.483824 -0.453597 -0.005333 -0.000819 -0.000000 0.000000 0.000382 0.001589 0.011832 0.001191 0.000324 0.000629 0.003865 0.452466 1.699593 2.727229 2.379651 1.777077 1.202340 0.431312 0.307799 0.000000 -0.003339 -0.009395 -0.368951 -0.760279 -0.303381 -0.001405 0.013624
0.444765 0.302193 0.339246 0.354136 0.294231 -0.002517 -0.000003 0.000000 0.000002 0.006964 0.241547 0.113872 0.000184 -0.000132 -0.351125 -0.668833 -0.653193 -0.374677 -0.282817 -0.225628 -0.233500 -0.231666 -0.119104 -0.010755 -0.091687 -0.262683 -0.321310 -0.186366 -0.013948 0.011402 0.230493 0.164994 -0.002406 -0.000002 0.000004 0.000000 0.000005 0.000023 0.001224 0.000703 0.088278 0.000914 0.180574 0.886366 3.504218 0.914354 0.581993 0.219451 -0.000332 -0.000005 -0.000013 0.000044 0.000234 0.000167 0.000026 -0.233318 -0.222079 -0.013589 0.012781
0.038189 0.084243 0.107346 0.096109 -0.003705 -0.001762 -0.000673 -0.000001 0.000000 0.000405 0.008974 -0.000768 0.000000 0.000489 0.001723 0.026314 0.056244 -0.048603 0.066535 0.229845 0.226531 0.253130 0.333139 0.317255 0.096491 -0.048756 -0.145233 -0.051362 0.055629 0.250056 0.274380 0.379489 0.166389 0.109633 0.054093 0.853736 0.572360 0.264002 0.160274 0.152723 0.000151 0.002836 0.413394 -0.481924 0.005959 -0.000002 0.000000 0.000000 0.000000 0.000006 0.000055 0.000383 0.000261 -0.000005 0.000005 0.100853 -0.153587 -0.176243 0.001181
0.043759 0.011733 -0.027600 -0.296782 -0.000749 -0.000582 -0.000121 -0.000003 0.000002 0.000110 0.001851 0.000004 0.000027 0.000010 0.000418 0.389313 0.593492 0.310722 0.320658 0.462214 0.344957 0.256535 0.235825 0.153215 0.112674 0.045577 0.146979 0.290529 0.522573 0.604008 0.749461 0.975124 1.214238 1.435019 1.723520 1.677633 2.747958 3.162214 0.945295 0.822836 0.636678 0.706863 0.567577 0.727676 0.190150 -0.000278 -0.000118 -0.000002 0.000002 0.000087 0.000969 0.000086 0.000422 -0.000005 0.000005 0.116420 0.052407 0.026323 0.030022
0.199193 0.216925 0.088697 -0.247467 -0.000527 -0.000100 -0.001039 -0.000299 0.000000 0.001072 0.002266 0.000323 0.000087 0.000046 0.000086 0.002920 0.471126 0.832855 0.778537 1.049927 0.771980 0.669837 0.611307 0.342089 0.231304 0.093713 0.352011 0.666015 0.836450 0.884149 0.986378 1.270139 1.141098 1.316720 1.528108 1.567957 2.738126 3.288444 2.309619 0.932975 0.684268 0.736008 0.668953 0.697028 -0.243436 -0.142548 -0.000429 -0.000000 0.000001 0.000003 0.000041 0.000033 0.000428 0.000080 0.002338 0.292313 0.269112 0.246165 0.315030
