use_cases/Flooding_chicago/flooding_data/output/hUx_660.asc
ncols 337
nrows 393
xllcorner 428428.000000
yllcorner 4602440.000000
cellsize 26.757400
NODATA_value -9999.000000
[rows 182 to 207 of 393, columns 59 to 117 of 337]
0.005878 0.020646 0.005872 0.004247 0.002842 0.001887 0.001439 0.012130 0.028798 0.239566 -0.001162 0.000736 0.012869 0.023656 0.006781 0.022793 0.040308 -0.015780 -0.064186 -0.123415 -0.149799 -0.043302 -0.031925 -0.005800 -0.000222 0.000222 0.011581 0.032195 0.003032 0.000024 0.238141 0.627194 0.065463 -0.322003 -0.103566 -0.017869 -0.000401 0.000555 0.006854 0.030834 0.030462 0.092160 0.196133 0.118821 0.082840 0.036192 0.166504 0.170410 0.032545 0.015497 0.003344 -0.312556 -0.001590 -0.001318 -0.003459 -0.021841 -0.011988 0.000000 0.009944
0.005878 0.014730 0.003640 0.002125 0.002412 0.001961 0.001225 0.004521 0.004335 0.007486 -0.002116 0.000695 0.001845 0.011783 0.028216 0.041789 0.111553 -0.002954 -0.102631 -0.014361 -0.002133 -0.007436 -0.022148 -0.056442 -0.005782 -0.000020 0.000428 0.004084 0.005753 0.000960 0.006222 0.582195 0.123036 -0.023890 -0.019841 -0.014862 -0.000330 0.000396 0.006778 0.026582 0.122807 0.059059 0.023459 0.055563 0.039128 0.121252 -0.009613 -0.168593 -0.008570 0.000010 0.016496 -0.485554 -0.590164 -0.476514 -1.084291 -0.881543 -0.016476 -0.000088 0.000703
0.000526 0.002379 0.001324 0.001765 0.000556 0.000604 0.000428 0.019848 0.079558 -0.032532 -0.002637 0.000551 0.002574 0.016997 0.022753 0.036883 0.286122 0.016100 -0.266583 -0.013481 -0.000519 0.000233 0.010295 0.015314 0.113480 0.002004 0.000806 0.001590 0.001127 0.009697 0.020205 0.152206 -0.002824 -0.017111 -0.009778 -0.001324 -0.000034 0.000261 0.010667 0.024662 0.015262 0.002685 0.014992 0.082138 0.141911 0.060105 -0.051761 -0.007388 -0.000447 0.000334 0.010558 0.069545 0.086013 0.071391 0.308918 -0.243257 -0.109572 -0.031759 0.000021
0.001263 0.007725 0.006802 0.018602 0.007039 0.002175 0.000870 -0.003913 0.000932 -0.001677 -0.003009 0.000000 0.007754 0.017490 0.033395 0.008663 0.120806 0.081765 -0.143664 -0.009510 -0.001158 -0.000286 0.001025 0.015743 0.013102 0.015229 0.003948 0.001930 0.000732 0.004808 -0.058337 -0.114139 0.000580 0.019039 -0.000554 0.000087 0.000356 0.000002 0.000201 0.000962 0.009526 0.020208 0.030192 0.084585 0.046262 0.196714 0.136201 -0.008325 -0.001076 0.000414 0.016963 0.045293 -0.018388 0.021495 -0.048066 -0.011692 -0.010802 -0.037038 -0.046671
0.057957 0.025476 0.019972 0.101492 0.273553 0.182584 0.105806 0.048389 0.019732 0.015678 -0.001078 0.001144 0.013010 0.030772 0.034926 0.057311 0.028343 0.148582 0.105573 -0.018883 -0.009638 -0.001297 0.000801 0.001271 0.026765 0.085785 0.056500 0.068461 0.075719 0.015085 -0.437986 -1.135549 -0.431822 -0.057834 0.000042 0.000268 -0.021257 0.000984 0.022807 0.011369 0.018897 0.183801 -0.000239 0.007028 0.011314 -0.123216 -0.378502 -0.018775 -0.001909 -0.002731 -0.000007 0.007812 0.020800 0.159995 -0.006101 -0.000477 -0.000000 0.000477 0.097554
0.063288 0.023193 0.014903 0.006796 0.017294 0.212800 0.129844 0.141049 -0.039081 -0.038952 -0.000804 0.000851 0.023827 0.027472 0.043557 0.016323 -0.038867 0.030855 0.061166 -0.156422 -0.023450 -0.000749 0.000131 0.000833 0.013599 0.034342 0.165944 0.588103 0.248914 0.030387 0.250881 0.574427 0.755274 0.150088 0.002403 0.159456 0.254645 0.293209 0.115250 0.151038 0.008351 -0.089904 -0.003043 -0.000476 0.004144 -0.037853 -0.115949 -0.025641 -0.018492 -0.008430 -0.000352 0.000352 0.023083 0.332653 -0.228030 -0.015125 0.000000 -0.035343 -0.083602
0.031203 0.217057 0.000919 0.002402 0.008817 0.005057 0.096423 0.620536 0.575212 0.155450 -0.000390 0.000399 0.029563 0.198529 0.002743 0.002252 -0.012776 0.017463 0.043403 0.002106 -0.003062 -0.001108 0.000005 0.000972 0.001621 0.018905 0.024503 0.003303 0.023566 0.131657 0.068304 0.048638 -0.000196 0.000183 0.003047 0.011707 0.006967 -0.000099 0.000610 0.091827 1.273211 0.207139 0.121396 -0.001063 0.000293 0.074513 -0.023086 -0.468616 -0.068626 -0.053750 -0.020792 0.000007 0.055449 0.156032 0.020376 0.015263 -0.023708 -0.051648 -0.019825
0.012664 0.190578 -0.000414 0.000775 0.008728 0.006635 0.079164 0.663297 0.833713 0.149775 0.005522 0.001685 0.013455 0.083335 0.020122 -0.000446 -0.000564 0.054604 0.046926 -0.056874 -0.030911 -0.007552 0.000000 0.000412 0.000409 0.001360 0.001414 -0.001185 -0.000413 0.000302 -0.022508 -0.005639 0.000000 0.009839 0.036415 0.005583 0.003054 0.002488 0.001753 0.028708 0.560718 0.429115 -0.052560 -0.178997 -0.240969 -0.200939 -0.262693 -0.419624 -0.076921 -0.028620 -0.003048 0.000483 0.039485 0.182783 -0.520731 -0.593373 -0.670073 -0.143383 -0.007780
-0.004031 0.025580 0.009678 0.000034 0.005581 0.006219 0.003221 0.010123 0.105587 0.056480 0.000370 0.007258 0.026451 0.046473 0.093764 0.016118 -0.004588 0.027184 0.151311 -0.013433 -0.017114 -0.000636 -0.000296 0.000169 0.000448 0.001475 -0.001339 -0.002067 -0.000734 -0.000484 -0.000636 -0.000402 0.000027 0.005218 0.011847 0.010612 0.018778 0.004386 0.011198 0.439818 0.104528 -0.044688 -0.216035 -0.239821 -0.243124 -0.346156 -0.332931 -0.289318 -0.039228 -0.004776 -0.000664 0.000037 0.000639 0.000429 0.000413 -0.000706 -0.017401 -0.014261 -0.006919
0.115410 0.034076 0.000282 0.000108 0.001014 0.002737 0.001846 0.013065 0.142288 0.080610 0.154940 0.150576 0.106783 0.101965 0.047556 0.035050 -0.049742 -0.132663 -0.121305 -0.043833 -0.077489 -0.163140 -0.402976 -0.212057 -0.238716 -0.070369 -0.346522 -0.112168 -0.000177 0.000108 0.007269 0.000210 -0.005436 0.000112 0.000733 0.007865 0.004753 0.013471 0.536285 -0.003623 -0.181598 -0.334833 -0.497474 -0.007813 0.000000 0.000989 0.009200 -0.089095 -0.035566 -0.021953 -0.006979 -0.000944 -0.000185 0.000142 0.000690 0.000317 -0.001264 -0.018288 -0.007174
0.198511 0.076533 -0.002003 -0.002007 0.000064 0.001614 0.004394 0.003267 0.092927 0.215757 0.088433 0.077327 0.229299 0.187029 -0.136960 -0.185769 -0.155321 -0.068885 0.064145 0.208144 0.193442 0.158973 0.136178 0.001107 -0.015432 -0.044591 0.002642 0.031079 0.018656 0.050267 0.430002 0.105525 -0.201609 -0.000064 0.000144 0.021340 0.094837 0.148864 0.579592 0.249412 -0.089341 -0.277180 -0.507012 -0.012318 0.000000 -0.112063 -0.154875 -0.366733 -0.795088 -0.026763 -0.018438 -0.006455 -0.000991 -0.001882 -0.000928 -0.000353 0.000506 0.009400 0.046366
0.063980 0.055659 0.026774 -0.000399 0.000561 0.000247 0.000283 0.021754 0.167170 0.357103 0.489631 0.454353 0.224134 0.260356 -0.031282 -0.073591 -0.029396 0.004079 0.091720 0.046643 -0.007584 -0.016157 -0.003715 -0.001002 0.000564 0.003508 -0.000208 0.000167 0.051950 0.082213 0.541287 0.350454 -0.005980 -0.001823 0.002776 0.004636 0.074695 0.195505 0.647410 0.475716 0.341672 0.127671 0.106505 -0.000713 0.078038 0.151335 0.155628 -0.049440 -0.651824 -0.356464 -0.229845 -0.100968 -0.018137 -0.009462 -0.001413 -0.000673 0.001462 0.016650 -0.418260
0.128070 0.209225 0.118688 0.056314 0.011819 0.000437 -0.000135 0.001593 0.050898 0.171896 0.339925 0.667988 1.406549 1.197365 0.854810 0.647790 0.491336 0.435376 0.338450 -0.010533 -0.036280 -0.092620 -0.030043 -0.003547 -0.002945 0.000356 0.003427 0.003639 0.012340 0.266353 0.283933 0.259114 -0.015219 -0.002062 0.013699 0.124027 0.075629 0.086403 0.311823 -0.153582 -0.134471 0.029818 0.041078 -0.000073 -0.022432 -0.001037 -0.001106 -0.001919 -0.005210 -0.041834 -0.109656 -0.175348 -0.199435 -0.011186 -0.001546 -0.001131 0.001617 0.021641 -0.084137
0.063402 0.142189 0.072457 0.233951 0.199203 0.080727 0.021024 -0.000243 0.004253 0.043130 0.149976 0.061253 0.075444 0.188887 0.114673 0.051393 0.014144 -0.073055 -0.195015 -0.024054 -0.032900 -0.074670 -0.031579 -0.004410 -0.001937 0.000480 0.002765 0.006349 0.015638 -0.007632 -0.398474 -0.658749 -0.071428 -0.000706 0.031785 0.078878 -0.000389 0.000067 0.000178 0.001464 0.001534 -0.301998 -0.014692 -0.001187 -0.000920 -0.000410 -0.000991 -0.006272 -0.005734 -0.000267 0.000013 0.000293 -0.066184 -0.154971 -0.023392 -0.008532 0.000000 0.005350 0.782780
0.089533 0.272507 0.278299 0.331146 0.295970 0.502309 0.804947 0.118487 0.002625 0.005349 0.097048 0.066001 0.112892 0.364844 0.363860 0.331566 0.376383 0.252551 0.232755 -0.024769 -0.063319 -0.007988 -0.001282 -0.002135 -0.000602 0.000963 0.000713 0.021383 0.125282 0.143676 0.022997 -0.214055 -0.005983 -0.008531 -0.016053 -0.016449 -0.006078 -0.000066 0.000287 0.010780 0.020812 0.023840 0.060328 -0.003556 -0.002640 -0.002674 -0.020874 -0.023284 -0.018232 -0.005981 0.000003 0.006221 0.012931 -0.006383 -0.018570 -0.010673 -0.000067 0.000464 -0.000393
0.058051 0.270200 0.301898 0.366002 0.301738 0.538415 0.573674 0.539635 0.327085 0.355836 0.303913 0.142436 0.132269 0.070496 0.094797 0.189067 0.116232 0.121675 -0.036064 -0.077304 -0.025931 -0.014928 -0.000344 -0.000498 -0.000412 0.009801 0.001859 0.009439 0.012643 0.000369 -0.000116 0.000384 -0.094108 -0.068702 -0.017232 -0.005497 -0.000100 0.000120 0.004865 0.011066 0.010865 0.010163 0.021560 -0.024421 -0.004412 -0.001011 -0.006078 -0.007932 -0.004595 -0.000326 0.000208 0.007371 0.009764 0.009886 0.021132 -0.001297 -0.018377 -0.008099 0.000000
0.052631 0.028275 0.010862 0.003894 0.178360 0.865343 0.854167 0.695907 0.864283 0.488440 0.401264 0.715880 2.502542 1.522361 0.696037 0.495876 0.344568 -0.001104 -0.080922 -0.060377 -0.032572 -0.018039 -0.008895 0.000003 0.009147 0.091092 -0.000124 0.000095 0.000312 0.000374 0.001180 0.013621 -0.000077 -0.017759 -0.012553 -0.000340 -0.000000 0.000340 0.007962 0.014908 0.016991 0.036257 0.200753 -0.019713 -0.040783 -0.002690 -0.021578 -0.025146 -0.011913 -0.000160 0.000143 0.013408 0.027303 0.031969 0.332636 0.239821 0.018639 -0.064521 0.000000
0.013358 0.015546 0.008242 0.003658 0.001639 0.010441 0.568204 0.863417 0.329956 0.287969 0.000000 0.334259 0.911582 0.378364 0.126454 -0.097617 -0.013745 -0.001076 -0.002970 -0.024702 -0.035798 -0.014091 -0.000326 0.000208 0.002801 0.001353 -0.000372 -0.000206 0.000363 0.004393 0.010873 0.000652 -0.000155 -0.000078 -0.000169 0.000070 0.000234 0.007384 0.017580 0.023574 -0.288608 -0.289715 -0.283983 -0.330945 -0.597215 -0.124082 -0.026742 -0.018667 -0.006818 -0.000064 0.000062 0.007187 0.018439 0.369638 -0.244805 -0.416049 -0.510270 -0.004202 0.000000
0.011570 0.031539 0.031127 0.003900 -0.000094 0.000391 0.018577 0.088452 0.151634 0.260743 0.328336 0.242301 0.101324 -0.000001 -0.001986 -0.028947 -0.026140 -0.002122 -0.001515 -0.004750 -0.047565 -0.016701 -0.000443 -0.000339 -0.000572 -0.002482 -0.012385 -0.006394 0.000007 0.012132 0.049577 -0.007550 -0.000222 0.000222 0.008921 0.048517 0.009299 0.004284 0.059118 0.630406 -0.187752 -0.066199 0.145273 0.134204 0.004813 -0.063153 -0.093696 -0.007820 -0.000455 0.000082 0.000273 0.021893 -0.029970 -0.041619 -0.018132 -0.002772 -0.018947 -0.150262 -0.096708
0.060951 0.083346 0.096767 0.061335 0.032449 -0.000645 -0.000176 0.000415 0.210573 0.500705 0.399249 0.363881 -0.009616 -0.000047 -0.000119 -0.002106 -0.001284 0.000304 0.001908 0.000946 0.000100 0.000746 0.000099 -0.000553 -0.000534 -0.000007 -0.000448 0.000430 0.000331 0.000333 0.003531 0.000456 -0.000003 0.003872 0.013141 0.002365 0.005103 0.007428 0.073959 1.056275 0.432223 0.198014 0.133549 -0.272544 -0.071991 -0.099207 -0.370049 -0.080044 -0.146001 -0.138110 -0.240989 -0.217912 -0.201051 -0.024603 -0.007238 0.000003 0.032180 -0.226519 -0.173563
0.014245 0.021591 0.068326 0.093314 0.081400 0.057326 -0.000169 0.000138 0.023405 -0.015588 -0.219189 -0.438464 -0.010630 -0.001353 -0.000021 0.001317 0.007316 0.006914 0.002478 0.000000 0.004042 0.003766 0.004253 -0.001677 -0.080885 -0.081717 -0.000046 0.022353 0.019081 0.001841 0.040093 0.349708 -0.000617 -0.001621 -0.002352 -0.002380 0.000498 0.003821 0.018051 0.150702 0.562466 0.205108 0.016630 -0.493766 -0.103330 -0.198641 -0.180017 -0.107959 -0.194180 -0.076593 -0.000294 -0.218370 -0.063807 -0.015103 -0.000326 0.000208 0.034470 -0.004681 0.010415
0.000805 0.000937 0.000928 0.015733 -0.010057 -0.021446 -0.000330 0.000396 0.008175 0.014789 0.048988 0.018672 -0.018580 -0.002650 -0.000069 0.001978 0.003166 0.001937 0.000323 0.000000 0.003881 0.002857 0.069545 -0.018107 -0.064307 -0.044256 -0.000003 0.022758 0.043964 0.245566 0.004820 0.003780 -0.060753 -0.237615 -0.086066 -0.016738 -0.000270 0.000998 0.013116 0.282761 0.613216 0.230900 0.013793 -0.169920 -0.106450 -0.407078 -0.387727 -0.497423 -0.371032 -0.066199 -0.004944 -0.005559 -0.013657 -0.010752 -0.006614 0.007491 0.079048 0.150879 0.195491
0.000325 0.000806 0.000902 -0.022407 -0.063978 -0.090958 -0.000401 0.000555 0.008260 0.014882 0.083373 0.031817 -0.045796 -0.020638 -0.000083 0.000410 0.007163 0.052339 0.020376 0.006151 0.003708 -0.001775 -0.012353 -0.038170 -0.026162 -0.005378 0.000000 0.018437 0.447159 0.122155 0.002732 -0.056569 -0.033771 -0.032088 -0.011329 -0.005544 -0.000254 0.000341 0.020038 0.109215 0.042357 0.019330 -0.001067 -0.000781 0.000064 -0.017179 -0.039329 -0.066170 -0.153448 -0.011319 -0.010568 0.000000 -0.001966 -0.003481 -0.000250 -0.005705 -0.543816 -0.123855 -0.124543
-0.005872 -0.008666 -0.029856 -0.041760 -0.086337 -0.004115 -0.000013 0.010143 0.022418 0.195722 -0.003034 -0.014172 -0.012926 -0.006319 0.000000 0.001111 0.000760 0.004808 0.029541 0.016711 0.002956 -0.012209 -0.033486 -0.009769 -0.006248 -0.000548 0.000065 0.008533 0.445123 0.128615 0.008272 -0.057877 -0.048862 -0.003246 -0.004332 -0.000090 0.000692 0.000306 0.182629 0.153578 0.080818 0.020361 -0.028049 -0.010296 -0.000681 0.000000 0.000681 -0.011421 -0.031243 -0.097566 -0.028828 0.000000 0.000385 0.000965 0.000426 0.000208 0.000219 -0.199956 -0.277183
-0.002397 -0.002907 -0.008393 -0.005882 -0.113618 -0.006666 -0.000000 0.004805 0.069399 -0.094779 -0.013930 -0.008604 -0.006812 -0.000497 0.000072 0.001030 0.000774 0.012988 0.031657 0.025023 -0.004818 -0.029269 -0.084592 -0.021340 0.000000 0.003696 0.000689 0.019432 0.470965 0.186569 0.108294 -0.000918 -0.001677 -0.000648 0.000716 0.007899 0.003882 -0.023555 0.047208 0.100515 0.040899 -0.042627 -0.113137 -0.008993 -0.000681 0.000000 0.000681 -0.011236 -0.039037 -0.052384 -0.048523 -0.007654 -0.006149 -0.004195 -0.001454 -0.000181 0.000357 0.011914 -0.280193
0.028935 -0.013258 -0.025433 -0.087540 -0.110104 -0.110575 -0.027598 -0.031348 0.009119 0.032559 0.026881 -0.041933 -0.007527 -0.000228 -0.000098 0.000172 0.001176 0.000817 -0.025231 -0.078048 -0.167962 -0.235605 -0.075648 -0.014143 0.000000 0.010236 0.040748 0.095106 -0.043308 -0.079623 -0.000672 0.009558 0.000022 0.000820 0.107820 0.509518 0.402975 0.627033 0.557456 0.262394 0.050109 -0.202832 -0.698268 -0.312136 -0.001144 0.000414 0.000924 -0.107049 -0.143192 -0.075919 -0.047850 -0.014762 -0.306003 -0.057010 -0.012578 -0.000708 -0.000062 0.000666 0.015771
