use_cases/Flooding_chicago/flooding_data/output/hUx_420.asc
ncols 337
nrows 393
xllcorner 428428.000000
yllcorner 4602440.000000
cellsize 26.757400
NODATA_value -9999.000000
[rows 78 to 103 of 393, columns 177 to 235 of 337]
-0.087852 -0.025000 -0.006203 0.000000 0.005369 0.037710 -0.025263 -0.010792 -0.000734 0.000333 0.014960 0.032363 0.034793 0.066241 0.094470 0.031185 0.007707 0.155284 0.535222 0.106191 0.284043 0.915054 0.444584 0.345671 0.004165 0.068145 0.066777 0.021773 0.003836 0.010831 -0.000607 -0.007905 -0.057858 -0.067666 -0.173687 -0.094019 -0.008916 -0.000006 0.002739 0.029456 0.014226 -0.000119 -0.000440 -0.000349 -0.000079 0.000066 0.000583 0.006434 0.022231 0.059915 -0.000421 -0.000454 -0.000667 -0.000577 -0.001240 -0.000907 -0.001045 -0.001048 -0.000315
-0.019943 -0.011634 -0.015857 -0.000066 0.000523 -0.001587 -0.000834 -0.001234 -0.002086 -0.000203 0.000299 0.002599 0.028847 0.061747 0.120378 0.338349 0.183735 0.102872 0.248967 0.058083 0.112072 0.045231 0.212805 0.000025 0.025502 0.026492 0.039007 0.309224 0.604373 0.444921 0.404575 -0.003757 -0.007309 -0.009117 -0.005823 -0.000692 0.005229 0.018255 0.021501 0.005251 0.552848 0.714326 0.728117 0.466464 0.428460 -0.000261 -0.000349 -0.000517 -0.002155 0.004716 -0.000209 0.000087 0.001189 0.000132 -0.001034 -0.000826 -0.001672 -0.000146 0.000254
-0.001266 -0.004137 0.002122 -0.008210 -0.068506 -0.016840 -0.025314 -0.006955 0.000001 0.000479 0.002399 0.027577 0.037719 0.035052 0.045762 0.068519 0.423070 0.373881 -0.000163 0.000910 0.003991 0.000790 0.000164 -0.000003 0.000795 0.000479 0.009001 0.243154 -0.274393 -0.291505 -0.249371 -0.114431 -0.005515 -0.009349 -0.000155 0.000587 0.000164 0.140960 0.565685 0.194961 0.115340 -0.009324 0.006722 0.450587 1.409728 1.202070 1.703457 0.977114 0.649843 0.087098 -0.000016 0.017054 0.007409 0.426597 0.478126 0.256497 -0.020554 -0.000006 -0.036554
0.000224 0.000820 0.068417 -0.327797 -0.361240 -0.115401 -0.013209 -0.000721 0.000086 0.008963 0.025924 0.006225 0.011658 0.024588 0.039328 0.056537 0.006271 -0.002754 0.000141 0.016327 0.033814 0.000677 -0.004130 -0.000068 0.000367 0.000291 0.007455 0.015715 0.024553 0.223120 -0.099001 -0.066962 -0.149063 -0.043924 -0.002498 0.000631 0.002886 0.017195 0.067578 0.377175 0.233495 -0.020423 0.014538 0.042002 0.031195 0.044348 0.002521 -0.016630 -0.017102 -0.070650 -0.000140 0.089642 0.384055 -0.030363 -0.355364 -0.476066 -0.890872 -0.213737 -0.388507
0.001037 0.002545 0.027550 0.746647 0.354586 -0.215677 -0.031615 -0.009549 0.000000 0.004204 0.011403 0.023569 0.023055 0.022105 0.031690 0.002889 -0.004822 0.000000 0.006475 0.014597 0.019513 0.012851 -0.023375 -0.007015 -0.000115 0.000398 0.009542 0.019817 0.026063 0.027176 0.273470 0.078843 -0.067478 -0.068848 -0.006536 0.001532 0.006643 0.015792 0.019808 0.001416 0.000702 0.021960 0.054416 0.079096 0.050326 0.060544 0.228533 -0.156624 -0.094071 -0.111350 -0.000995 0.000687 0.022485 -0.262428 -0.408435 -0.419714 -0.095801 -0.164658 -0.111253
0.002386 0.029001 0.099301 1.093568 0.795270 -0.170572 -0.027094 -0.000188 0.000264 0.000897 0.001376 0.008802 0.015795 0.003671 -0.000972 -0.017143 -0.006811 0.000000 0.008814 0.014079 0.001297 0.007157 0.013485 0.001252 0.000000 0.002215 0.001304 0.005294 0.017259 0.019620 0.021190 0.719308 -0.046202 -0.015213 -0.014274 -0.001881 0.002124 0.002417 0.000670 0.000270 0.008396 0.121504 0.143385 0.053429 -0.000000 0.068637 -0.112552 -0.003770 0.167812 -0.047519 -0.005264 0.000127 0.000693 0.009826 0.057593 -0.401183 -0.089036 -0.021453 -0.006976
0.024927 0.054072 0.072199 0.069805 -0.076836 -0.011054 -0.000297 0.002443 0.031116 0.089432 0.023304 0.029315 0.053326 0.006883 -0.033653 -0.016678 -0.010627 0.000000 0.003006 0.002574 0.001500 0.007907 0.009194 0.009729 0.010043 0.002222 0.009073 0.018829 0.005790 0.001203 0.007391 0.043543 -0.004043 -0.022793 -0.029628 -0.310637 -0.118375 -0.006605 -0.000002 0.006690 0.016094 0.138449 0.071184 0.013162 -0.000010 0.004215 0.010061 0.016833 -0.001383 -0.024814 -0.057232 -0.008377 0.000070 0.009597 0.019395 0.002056 -0.015681 -0.000391 -0.000242
0.030345 0.042575 0.057039 0.006532 0.000933 -0.000123 0.001067 0.029938 0.086399 0.116961 0.229909 0.106915 0.037412 -0.105888 -0.025846 -0.009212 -0.001271 -0.000559 -0.000421 0.002170 0.001730 0.008043 0.018516 0.020678 0.026196 0.017771 0.000867 -0.011327 -0.009860 -0.000144 0.000399 0.012248 0.112627 0.034823 0.021610 -0.000328 -0.060571 -0.009534 -0.000109 0.000384 0.005618 0.281502 0.109768 -0.000592 -0.000300 -0.000000 0.004884 0.007438 0.001081 0.000719 0.004420 -0.000308 0.001187 0.001672 0.004934 0.026546 0.007010 -0.000326 0.000208
0.028670 0.049986 0.001364 -0.025269 -0.006421 0.000000 0.015883 0.053812 0.010970 0.013064 0.025241 0.161473 0.066648 0.017119 0.015042 0.002761 -0.000561 -0.000667 -0.000385 0.000589 0.020916 0.043883 0.087671 0.098049 0.346949 -0.066000 -0.790743 -0.562835 -0.015302 -0.000748 0.021920 0.042945 0.121415 -0.001244 -0.002319 -0.030294 -0.016593 0.002435 0.001358 0.007335 0.189810 0.104827 -0.013479 -0.008603 -0.000434 -0.000011 0.000494 0.008760 0.021805 0.029238 0.044582 0.000009 0.001953 0.027405 0.077729 0.033474 0.014697 0.001978 0.000003
0.002278 0.001360 -0.098541 -0.012791 -0.004500 0.000000 0.002033 -0.000269 -0.000306 0.000424 0.013721 0.139261 0.052389 0.102374 0.042329 0.009509 0.001764 -0.000558 -0.000332 0.000064 0.001853 0.011670 0.019799 0.038369 0.665901 0.389265 0.294828 -0.202509 -0.092475 -0.014318 -0.000170 -0.000123 -0.009033 -0.013472 -0.005592 -0.000023 0.002268 0.035949 0.076761 0.138837 0.086341 0.008004 -0.020400 -0.019113 -0.005878 0.000000 0.007151 0.013664 0.018705 0.023187 0.023958 0.003488 0.024203 0.054601 0.088374 0.035053 0.072608 0.245523 -0.000113
-0.011634 -0.000669 -0.001245 -0.002886 -0.002552 -0.002313 -0.008559 -0.007619 -0.000362 0.000654 0.006467 0.082326 0.227678 0.130494 0.080315 0.025965 0.005211 -0.019105 -0.006076 -0.000099 0.000226 0.010175 0.018416 0.057370 0.032262 0.016461 0.099158 -0.183460 -0.133132 -0.031728 -0.003907 -0.001031 -0.000473 -0.000046 0.000094 0.004284 0.014388 0.005701 0.045862 0.069636 0.009312 -0.136942 -0.440420 -0.013958 -0.005878 0.000000 0.007151 0.013653 0.027714 0.039663 0.022142 0.004050 0.009341 0.019266 0.021785 0.050408 0.079837 0.260889 0.150535
-0.006190 -0.000534 -0.001007 -0.002431 -0.015511 -0.026674 -0.020073 -0.000654 0.000362 0.016030 0.038234 0.031682 0.028054 0.105023 0.087369 0.025939 0.008440 -0.113753 -0.007373 -0.000102 0.000137 0.002252 0.002288 0.048860 0.011681 -0.091918 -0.196869 -0.079198 -0.070472 -0.085063 -0.045493 -0.023328 -0.005649 -0.000010 0.004234 0.013209 0.019023 0.027399 0.007436 0.014822 0.063779 -0.018346 -0.365452 -0.026087 -0.008921 0.000000 0.009405 0.030149 0.008764 0.025544 0.030318 0.020683 0.004753 0.024044 0.026178 0.030518 0.025285 0.004762 0.167227
0.003116 -0.000590 -0.002155 -0.021203 -0.041358 -0.021505 -0.009788 -0.000424 0.000306 0.008920 0.019962 0.030884 0.027711 0.063316 0.188871 0.045653 0.000755 0.003097 0.019890 0.003965 -0.000922 0.000922 0.020424 0.016025 -0.196078 -0.083973 -0.052982 -0.034183 -0.033272 -0.034386 -0.038621 -0.037884 -0.015598 -0.000507 0.000062 0.005254 0.014477 0.019683 0.035276 0.043634 0.098037 0.093949 0.166235 -0.013514 -0.004456 0.000000 0.000399 0.002705 0.002045 0.012689 0.027668 0.042602 0.014904 0.034053 0.082737 0.129390 0.252481 0.191043 0.160449
0.006492 0.000113 -0.029632 -0.059684 -0.058749 -0.026772 -0.007487 -0.000095 0.000089 0.007270 0.022306 0.029434 0.037776 0.097422 0.220769 0.074692 0.009844 -0.006487 -0.004750 -0.008048 -0.000908 0.000673 0.001198 0.018702 0.059555 -0.013565 -0.046426 -0.051005 -0.039108 -0.020477 -0.020064 -0.019808 -0.012827 -0.005709 -0.000222 0.000222 0.005483 0.031139 0.048884 0.039843 0.118843 0.039414 0.045725 0.267561 -0.027698 -0.000241 0.000089 0.001404 0.000974 0.001343 0.001431 0.006269 0.004483 0.025307 0.082386 0.118396 0.242663 0.170488 0.155835
0.046888 -0.076072 -0.123241 -0.112419 -0.085738 -0.031661 -0.007184 -0.000002 0.004954 0.018697 0.025885 0.031616 0.051877 0.117784 0.591738 0.550561 0.432304 0.158856 0.119025 -0.001638 0.000908 0.000529 0.000264 -0.001038 -0.007631 -0.033632 -0.022513 -0.015473 -0.007095 -0.031815 -0.014725 -0.012500 -0.016025 -0.009381 -0.000103 0.000103 0.028795 0.032602 0.058515 0.243978 0.120288 0.000893 0.000825 -0.007666 -0.002967 0.000234 0.011118 0.009016 0.000632 0.002149 0.000567 0.000662 0.004555 0.006373 0.023301 0.036575 0.242549 0.003958 0.003819
-0.536163 -0.613432 -0.186286 -0.054300 0.000000 -0.001005 0.000032 0.000515 0.000529 0.002955 0.004826 0.005645 0.022590 0.130256 0.612191 0.858267 0.824695 0.925316 0.308394 0.428057 0.191763 0.054411 0.003313 -0.061608 -0.105617 -0.047454 -0.020844 -0.026758 -0.007552 -0.030995 -0.034943 -0.034082 -0.027216 -0.008563 -0.000082 0.000082 0.005212 0.027515 0.030886 0.024756 0.042580 0.021588 0.004590 0.006854 0.017758 0.001242 0.008759 -0.011801 -0.021885 0.000241 0.004329 -0.001000 -0.000294 0.002421 0.011008 0.005891 0.018338 0.046229 0.017198
0.224090 0.115249 -0.163415 -0.025147 0.000000 0.007686 0.020318 -0.000430 -0.005380 0.000604 0.016044 0.011551 0.090644 0.124120 0.041211 0.014656 0.149405 0.200936 0.206769 0.418034 1.079838 0.960109 0.209460 -0.121036 -0.130935 -0.115379 -0.081291 -0.014837 -0.021199 -0.005018 -0.014934 -0.008215 -0.002333 -0.005224 -0.001572 0.000071 0.006126 0.030791 0.051500 0.060830 0.071662 0.122979 0.052784 0.120769 0.173153 0.161551 0.063960 0.130468 0.084745 0.000018 0.005319 0.000954 -0.001146 0.001327 0.001312 0.013445 0.038996 0.006613 0.008706
-0.085049 -0.000569 -0.000951 -0.001591 0.000086 -0.055492 -0.103527 -0.158706 -0.014414 0.001044 0.015679 0.075138 0.033730 0.009738 0.005615 0.020389 0.190658 0.177019 0.181754 0.391719 1.058607 0.317329 -0.002306 -0.027326 -0.027797 -0.024820 -0.020281 -0.011439 -0.011278 0.011697 -0.058636 -0.076334 -0.098169 -0.058716 -0.007864 0.000873 0.007060 0.026036 0.035644 0.008782 0.022534 0.094504 0.042266 0.117178 0.161412 0.176504 0.087505 0.384904 -0.000505 0.000228 0.011698 0.008664 -0.000468 0.000444 0.001970 0.002841 -0.000154 -0.001015 0.000352
-0.025008 -0.000360 0.000360 -0.170209 -0.239887 -0.261468 -0.212675 -0.006213 -0.020787 -0.011972 -0.004237 -0.000360 0.000360 0.013938 0.033088 0.030676 0.084840 0.078101 -0.000415 0.007646 0.025934 0.227194 -0.204661 -0.018084 -0.002829 -0.016031 -0.025357 -0.018054 -0.000013 0.057290 -0.519602 -0.109397 -0.071862 -0.045102 -0.007025 -0.000027 0.000402 0.010279 0.018990 0.004535 0.010626 0.019119 0.023132 0.025423 0.069964 0.105758 0.051328 0.313250 -0.000004 0.018838 0.031985 0.029089 0.219880 0.212383 0.463235 0.114492 -0.002501 -0.005145 -0.001820
-0.077807 -0.000360 0.000360 -0.030704 -0.037217 -0.002759 -0.001618 -0.000210 0.001693 0.009187 0.005477 -0.000360 0.000360 0.013134 0.039964 0.331759 0.081551 0.011118 -0.010010 0.000000 0.007858 0.016289 0.000351 -0.002552 -0.003540 -0.023077 -0.019818 -0.009829 -0.000401 0.000555 -0.966026 -0.054264 -0.037453 -0.033363 -0.011481 0.000000 0.008800 0.020364 0.029767 0.005475 0.003620 0.021224 0.034526 0.039800 0.029264 0.070001 0.132732 0.024405 -0.000000 0.036604 0.045791 0.285380 0.207495 0.115607 0.075531 0.036951 -0.035286 -0.008325 -0.006607
-0.287278 -0.370162 -0.362486 -0.264817 -0.173838 -0.002969 -0.000685 0.000005 0.015195 0.090093 0.037492 0.210364 0.036778 0.020470 0.060634 0.350498 -0.043724 -0.359303 -0.014053 0.000000 0.002668 0.001635 0.000518 0.000329 0.008041 -0.114187 -0.073049 -0.027789 -0.000330 0.000396 -0.534234 -0.048750 -0.035512 -0.014169 -0.000660 0.000055 0.012882 0.035407 0.020143 0.002081 0.001494 0.023327 0.027762 0.027981 0.024085 0.885548 0.499871 0.267562 -0.070537 -0.000529 0.001676 0.000711 0.002134 0.001785 -0.107323 -0.123000 -0.007613 -0.010846 -0.007755
-0.097982 -0.001817 -0.004747 -0.007108 -0.028048 -0.017230 -0.000395 0.000057 0.000381 0.057681 0.080172 0.079540 0.018492 0.007515 0.020152 0.206099 0.173397 -0.067126 -0.002795 0.001446 0.002610 0.002183 0.003141 -0.001923 -0.193787 -1.051883 -0.074534 -0.018219 -0.001049 0.001127 -0.679804 -0.322218 -0.037741 -0.011286 -0.000076 0.000044 0.006512 0.023645 0.057059 0.015088 0.004884 0.005422 0.025224 0.034558 0.134137 0.230692 -0.252149 -0.127505 -0.013971 -0.000709 -0.001419 0.000063 0.001414 0.001064 0.014085 -0.103458 -0.035069 -0.000595 0.000154
-0.059218 -0.001648 -0.002643 -0.004009 -0.010447 -0.005842 -0.000381 -0.000015 0.000220 0.015792 0.446380 -0.037396 -0.000145 0.000221 0.024930 0.026152 0.109644 -0.000634 -0.001645 0.003707 0.045643 0.856173 0.019314 0.125427 0.060440 -0.399470 -0.022478 -0.014615 -0.000445 0.000661 -0.240577 -0.238433 -0.012198 -0.000202 0.000279 0.000058 0.000508 0.001702 0.012925 0.007538 0.098585 0.006412 0.038307 0.276160 0.863159 0.046553 0.011699 -0.014956 -0.005074 -0.000204 -0.000107 0.001227 0.004801 0.003433 0.000854 -0.000177 -0.001755 -0.001558 -0.001359
-0.040740 -0.002993 -0.008789 -0.032477 -0.034886 -0.026196 -0.011109 -0.000120 0.000106 0.010037 0.032371 -0.007817 0.000025 0.009376 0.020308 0.020711 0.008267 -0.007244 0.000003 0.006034 0.064385 -0.135742 -0.143311 -0.063786 -0.009664 -0.001259 -0.015907 -0.008119 -0.000019 -0.060267 -0.037717 -0.021293 -0.000973 -0.000136 0.000195 0.006646 0.003647 -0.005517 -0.017218 -0.012968 0.000821 0.015628 0.072524 0.104011 -0.013872 -0.000242 0.000000 -0.000070 0.000003 0.000787 0.001815 0.005829 0.003132 -0.000360 0.000360 0.006698 0.059041 0.003318 -0.004435
-0.053092 -0.051142 -0.114383 -0.029703 -0.015862 -0.012595 -0.004594 -0.000326 0.000208 0.004308 0.015115 0.000080 0.000737 0.000616 0.006342 0.016341 0.032357 -0.000326 0.000208 0.006364 0.083836 0.057870 0.017219 -0.013406 -0.007142 0.000000 0.005878 0.028584 -0.020358 -0.026163 -0.013705 0.006739 0.003356 -0.007719 -0.010511 0.016817 0.463309 0.564949 -0.009135 -0.000858 0.010383 0.046712 0.046854 0.040825 -0.038185 -0.010355 -0.004543 -0.000222 0.000222 0.003946 0.014020 0.002994 0.004933 -0.000360 0.000360 0.006698 0.053666 0.006754 -0.001351
-0.018195 -0.419983 -0.351754 -0.027813 -0.009112 -0.003392 -0.015033 -0.007267 0.000003 0.015635 0.022826 0.006524 0.003579 0.001664 0.001583 0.005386 0.014594 0.030095 0.000005 0.008707 0.153993 0.214262 0.053242 -0.013406 -0.007142 0.000000 0.005878 -0.315852 -0.449053 -0.228946 -0.212226 -0.140113 -0.019193 -0.025377 -0.004578 0.004316 -0.035300 -0.238816 -0.146176 0.002027 0.007123 0.048248 0.046386 0.101974 -0.227311 -0.065057 -0.006738 -0.000005 0.000134 0.000273 0.001225 0.001131 0.005629 0.002045 0.008528 0.019077 0.004996 0.003652 0.002750
