use_cases/Flooding_chicago/flooding_data/output/hUx_2520.asc
ncols 337
nrows 393
xllcorner 428428.000000
yllcorner 4602440.000000
cellsize 26.757400
NODATA_value -9999.000000
[rows 208 to 233 of 393, columns 236 to 294 of 337]
0.000489 0.003508 0.009590 0.009273 0.026112 0.017128 0.969094 0.341896 1.593066 2.993457 1.890290 1.821973 1.679731 3.121988 2.911251 2.463149 1.858208 0.865219 0.681740 0.583282 0.399842 1.102626 1.070289 1.171485 1.126578 0.825530 1.607532 1.696308 1.031728 0.508185 0.385228 0.128724 -0.043077 -0.063873 0.000000 0.010185 0.022243 0.457808 0.400789 0.532190 0.607849 0.758746 0.436551 0.078023 0.021640 -0.023203 0.000006 0.051047 0.254403 0.133241 0.229936 0.687736 0.952336 0.834265 0.900085 0.907207 0.702526 0.446360 0.943164
0.095305 -0.007472 0.000078 0.003789 0.038098 0.480279 1.418661 1.565315 2.818856 2.667441 2.962984 2.029751 1.813084 2.879356 2.477242 1.949405 2.221936 1.580090 1.410953 1.553553 0.607538 1.377784 1.233119 1.188277 1.059631 1.932789 1.591221 2.003564 1.255105 0.804764 0.575781 0.254150 0.019784 0.022986 0.010595 0.074171 0.331455 0.146588 0.325004 0.563042 0.592644 0.320167 -0.005260 -0.157807 -0.086186 -0.059804 -0.000057 0.012147 0.006380 0.123860 0.026432 -0.107281 -0.136405 -0.001252 -0.000189 0.000755 0.001015 0.000650 0.016372
0.519740 0.599322 0.777362 0.773870 2.036776 3.612586 2.980608 4.002410 3.335226 2.835112 2.678076 1.703034 0.326413 0.831213 0.682923 1.031215 1.113465 1.372554 1.596518 2.111974 2.608380 1.902591 2.007166 1.491907 1.107069 1.839631 1.445760 1.207163 0.922269 1.165741 0.475596 0.452187 0.011702 0.019691 0.018694 0.110716 0.500184 0.255649 0.214520 0.091484 -0.095451 -0.181490 -0.126132 -0.124904 -0.070437 -0.053136 -0.000326 0.000208 0.003085 0.003373 -0.008048 -0.021797 0.004267 -0.000955 -0.000559 0.000223 0.000777 0.000896 0.007247
2.984392 2.505534 2.953604 3.182012 2.822525 3.259211 2.478373 2.069201 1.640717 1.995470 2.509021 1.242746 1.202926 1.030744 0.143186 0.094699 0.064087 0.443697 0.531321 0.641698 0.422408 0.237005 0.150259 0.488239 0.431130 0.925699 0.809444 0.784573 0.630234 0.343574 0.208053 0.006736 -0.005474 -0.000270 0.000473 0.004959 0.169376 0.625617 0.244634 -0.110514 -0.144999 -0.113582 -0.099727 -0.147968 -0.108713 -0.085059 -0.082310 0.000003 0.006120 0.008493 0.006821 -0.173329 -0.014116 -0.001545 -0.000411 0.000871 0.000952 0.000931 0.007260
2.265565 1.790682 0.966225 0.873633 0.628588 0.795601 0.568396 0.531643 0.590702 0.930245 0.669678 1.193702 0.633145 0.564714 0.142517 0.085507 0.040751 0.250012 0.103344 0.074788 -0.000073 0.000416 0.043923 0.318260 0.878328 0.679913 0.741018 0.763361 0.669777 0.493292 0.356293 -0.065525 -0.000965 -0.000000 0.000965 0.163604 0.151709 0.119460 0.116961 0.089825 0.457360 0.262288 0.272617 0.335832 0.202306 0.059669 0.024194 0.029288 0.119366 0.102323 0.102109 0.011686 0.003165 -0.000516 0.000275 0.004725 0.006574 0.005844 0.006535
2.089283 1.666906 0.925875 0.871263 0.738871 0.520081 0.777199 0.591882 0.582991 0.533102 0.297014 0.326436 0.218463 0.257633 0.097744 0.728982 0.655926 0.951223 0.646337 0.254189 0.001246 0.098810 0.089836 0.111528 0.134581 0.364562 0.567805 0.633274 0.531032 0.441685 0.031322 0.013106 -0.000473 0.000270 0.009683 0.195229 0.160013 0.192230 0.230734 1.075238 0.850973 0.890127 0.625838 0.855982 0.484439 0.359207 0.031545 0.030809 0.049541 0.029072 0.033374 0.013232 0.006431 0.005400 -0.002088 -0.000667 0.001191 0.001982 -9999.000000
2.051652 1.532279 1.654199 0.877580 0.762365 0.621941 0.402343 0.589055 0.339920 0.018743 0.015978 0.002797 0.139927 0.270553 0.065526 0.380200 0.306204 0.328415 0.195447 0.224599 0.000044 0.156323 0.611327 1.411026 0.919120 0.840157 0.905376 0.889513 0.685519 0.558144 0.035217 0.015779 0.187994 0.000170 0.313179 0.768780 1.204713 1.568501 1.579094 1.623723 1.257461 1.331653 1.016141 1.211571 0.619927 0.526732 0.029766 0.030144 0.017621 0.012250 0.006439 0.004989 -9999.000000 -9999.000000 -9999.000000 -9999.000000 -9999.000000 -9999.000000 -9999.000000
-0.061887 0.219823 0.570051 0.529424 0.537685 0.481972 0.395524 0.261543 0.148675 0.090944 -0.001058 0.000002 0.001050 0.050512 0.075887 0.138853 1.007390 1.134340 1.380930 1.130033 0.674338 0.494467 0.641622 1.438437 0.674141 0.869029 0.507447 0.094643 0.492617 0.532426 0.591880 0.669529 0.902639 1.039879 0.872790 1.262496 0.874057 1.039311 0.870898 0.227206 0.963301 0.839108 1.005896 0.685253 0.635727 0.288257 -0.059233 -0.000222 0.000222 -9999.000000 -9999.000000 -9999.000000 -9999.000000 -9999.000000 -9999.000000 -9999.000000 -9999.000000 -9999.000000 -9999.000000
0.036806 0.225995 0.256784 0.306713 0.307494 0.287456 0.246005 0.192531 0.164845 0.111124 -0.010289 0.000000 0.010161 0.048291 0.107677 0.126212 0.043532 0.101096 0.633392 0.491466 0.480523 0.366815 0.314899 0.494416 1.028448 0.622124 0.480280 0.075530 0.040001 0.559610 0.580158 0.636393 0.816149 0.977783 1.655819 1.130056 0.810963 0.547995 0.302378 0.222650 0.816022 0.802972 0.700659 0.696751 0.379221 0.026323 0.008060 0.009754 -9999.000000 -9999.000000 -9999.000000 -9999.000000 -9999.000000 -9999.000000 -9999.000000 -9999.000000 -9999.000000 -9999.000000 -9999.000000
0.085611 0.049401 0.019953 0.010515 0.014609 0.099524 0.063165 0.027455 -0.000409 -0.001456 -0.002574 0.000626 0.002437 -0.052635 -0.053916 -0.000360 0.000360 0.045928 0.525557 0.350631 0.173450 0.237558 0.308173 0.156748 0.070127 0.156699 0.000960 0.000656 0.001156 0.001093 0.197485 0.206373 0.215637 0.010493 -0.002947 -0.065485 -0.325196 -0.201471 0.158335 1.434979 1.321810 0.885487 0.688021 0.273617 0.005074 0.010146 -9999.000000 -9999.000000 -9999.000000 -9999.000000 -9999.000000 -9999.000000 -9999.000000 -9999.000000 -9999.000000 -9999.000000 -9999.000000 -9999.000000 -9999.000000
0.192292 -0.001878 0.000556 0.003160 0.078001 0.136929 -0.041286 -0.124835 -0.177961 -0.219955 -0.001315 -0.000973 -0.035816 -0.265046 -0.244243 -0.000360 0.000360 0.114927 0.889537 0.025988 0.153089 0.317514 0.341593 0.192228 0.109729 0.057722 0.401581 0.007687 0.003029 0.001678 0.000866 0.126249 0.129572 0.089295 0.034435 0.009608 -0.075803 0.080031 0.192132 0.636425 0.297157 -0.008747 -0.527264 -0.078152 -0.000208 0.000326 -9999.000000 -9999.000000 -9999.000000 -9999.000000 -9999.000000 -9999.000000 -9999.000000 -9999.000000 -9999.000000 -9999.000000 -9999.000000 -9999.000000 -9999.000000
0.010388 0.004937 0.005215 0.008855 0.048288 0.031467 0.020949 -0.167569 -0.254356 -0.332750 -0.344288 -0.203105 0.014130 0.030541 0.119099 0.402522 0.630382 1.361742 0.911743 0.650936 0.090699 0.073213 0.081784 0.206457 0.761235 0.858102 1.100190 1.157924 1.059845 0.925925 0.844316 1.690704 0.405226 0.006922 0.002569 0.001323 0.009648 0.240930 0.207370 0.000490 0.154300 0.183149 0.248425 0.233003 -0.000003 -9999.000000 -9999.000000 -9999.000000 -9999.000000 -9999.000000 -9999.000000 -9999.000000 -9999.000000 -9999.000000 -9999.000000 -9999.000000 -9999.000000 -9999.000000 -9999.000000
0.008990 0.061557 0.014773 0.012418 0.018425 0.014920 0.041752 0.022923 0.030816 0.001765 -0.000764 -0.041007 -0.147481 -0.089167 0.138023 0.332244 0.490312 0.391435 0.945022 0.008621 0.019117 0.008313 0.065595 0.195753 0.228514 -0.034304 0.001984 0.000778 0.354272 0.386709 0.494562 0.941937 0.750878 -0.000283 0.000367 0.000855 0.008888 1.223631 0.544922 0.008108 0.371480 0.392267 0.474578 0.391758 -9999.000000 -9999.000000 -9999.000000 -9999.000000 -9999.000000 -9999.000000 -9999.000000 -9999.000000 -9999.000000 -9999.000000 -9999.000000 -9999.000000 -9999.000000 -9999.000000 -9999.000000
0.012789 0.002920 0.001365 0.017837 0.028040 0.032617 0.019867 0.009631 0.012369 0.001203 0.001839 0.061459 0.426891 0.089606 0.026039 0.053993 0.000297 0.317123 0.247202 0.000019 0.004495 0.003082 0.047477 0.102397 0.138000 0.052108 -0.001391 0.000120 0.002555 0.002825 0.022233 0.016072 1.032191 1.089829 1.398513 1.847975 3.188708 2.476860 1.972605 2.032862 0.973935 0.741950 0.657447 0.000000 -9999.000000 -9999.000000 -9999.000000 -9999.000000 -9999.000000 -9999.000000 -9999.000000 -9999.000000 -9999.000000 -9999.000000 -9999.000000 -9999.000000 -9999.000000 -9999.000000 -9999.000000
0.219554 -0.000371 0.000558 0.016068 0.030396 0.037696 0.010092 0.001088 -0.000208 0.000326 0.017696 0.017459 0.095818 0.797625 0.968415 0.211713 0.451110 0.620507 -0.000356 0.000569 0.078217 0.097814 0.078327 0.041032 0.096389 0.152770 -0.017803 -0.000189 0.000557 0.010854 0.125464 0.059726 0.382640 1.602662 1.478616 1.725326 1.521862 0.998133 0.859603 0.692661 0.718686 0.335797 0.000850 -9999.000000 -9999.000000 -9999.000000 -9999.000000 -9999.000000 -9999.000000 -9999.000000 -9999.000000 -9999.000000 -9999.000000 -9999.000000 -9999.000000 -9999.000000 -9999.000000 -9999.000000 -9999.000000
0.122724 0.059065 0.000020 -0.001178 -0.001352 -0.000326 0.000208 0.035175 -0.000003 0.031311 0.045375 0.048049 0.035010 0.335295 0.754354 0.389621 0.098970 -0.034016 -0.000462 0.001679 0.018245 0.044810 0.056117 0.044428 0.104403 0.058544 -0.000047 0.000958 0.001375 0.022804 0.185206 0.085595 0.538807 1.449008 0.982068 0.238953 0.161780 0.070147 0.189987 0.138495 0.273987 0.195340 0.000000 -9999.000000 -9999.000000 -9999.000000 -9999.000000 -9999.000000 -9999.000000 -9999.000000 -9999.000000 -9999.000000 -9999.000000 -9999.000000 -9999.000000 -9999.000000 -9999.000000 -9999.000000 -9999.000000
0.162477 0.134613 0.060137 0.039997 0.026510 0.018630 0.000003 0.129019 0.250194 0.262992 0.094296 0.092277 0.085207 0.601146 0.613865 0.407700 0.216788 -0.001918 0.001638 0.004523 0.002545 0.004525 0.021985 0.045033 0.051283 0.031357 0.012691 0.004193 0.035866 0.025303 0.242724 1.466121 2.430766 0.836608 0.517984 0.306327 -0.000631 0.001218 0.010454 0.404525 0.439465 0.135604 0.001777 -9999.000000 -9999.000000 -9999.000000 -9999.000000 -9999.000000 -9999.000000 -9999.000000 -9999.000000 -9999.000000 -9999.000000 -9999.000000 -9999.000000 -9999.000000 -9999.000000 -9999.000000 -9999.000000
0.321586 0.257879 0.318414 0.299913 0.326459 0.448549 0.518081 0.582910 0.633874 0.687378 0.766971 0.920530 1.235887 1.232131 1.021379 -0.003202 -0.001884 0.003764 0.010035 0.009056 0.022256 0.037147 0.009431 0.084861 0.094255 0.061011 0.164055 0.139553 0.094244 0.046778 0.256268 1.166750 1.515523 0.360203 0.002096 -0.000299 -0.000923 0.002893 0.002178 0.043393 0.083996 -0.073240 0.000083 -9999.000000 -9999.000000 -9999.000000 -9999.000000 -9999.000000 -9999.000000 -9999.000000 -9999.000000 -9999.000000 -9999.000000 -9999.000000 -9999.000000 -9999.000000 -9999.000000 -9999.000000 -9999.000000
0.088438 0.115302 0.206262 0.290060 0.298743 0.382773 0.476855 0.393972 0.441257 0.469804 0.742108 0.794559 1.143507 0.868368 0.038473 0.013944 0.010997 0.018810 0.020160 0.014863 0.005044 0.010971 0.005899 0.110955 0.122834 0.073143 0.127974 0.104555 0.061000 0.027139 0.240266 0.260638 0.238153 0.114426 -0.000633 -0.000295 0.000017 0.001306 0.002082 0.016759 0.072830 0.000155 -9999.000000 -9999.000000 -9999.000000 -9999.000000 -9999.000000 -9999.000000 -9999.000000 -9999.000000 -9999.000000 -9999.000000 -9999.000000 -9999.000000 -9999.000000 -9999.000000 -9999.000000 -9999.000000 -9999.000000
0.258511 0.000748 0.066602 0.110042 0.239667 0.318965 0.371801 0.410232 0.415583 0.404653 0.553540 0.439017 0.429509 0.036943 0.006509 -0.005838 0.015257 0.030243 0.027982 0.013367 0.047117 0.082288 0.184643 0.107499 -0.000420 0.000361 0.008347 0.125136 0.507265 0.392097 0.278521 0.125726 -0.003193 -0.003569 -0.000847 -0.000025 0.000829 0.007138 0.006239 0.012472 0.007085 0.003290 -9999.000000 -9999.000000 -9999.000000 -9999.000000 -9999.000000 -9999.000000 -9999.000000 -9999.000000 -9999.000000 -9999.000000 -9999.000000 -9999.000000 -9999.000000 -9999.000000 -9999.000000 -9999.000000 -9999.000000
0.030733 0.010416 0.002720 0.169026 0.645883 -0.015890 -0.040923 0.015988 0.099962 0.613961 0.543017 0.381736 0.273082 -0.000248 0.000079 0.001093 0.065283 0.054923 0.032586 0.046328 0.022503 0.023884 0.009837 0.075839 -0.001021 0.000742 0.000862 0.020933 0.013527 0.025515 -0.082006 -0.068403 -0.002120 -0.005663 -0.001600 -0.000171 0.001583 0.011071 0.009223 0.014941 0.007790 0.003052 -9999.000000 -9999.000000 -9999.000000 -9999.000000 -9999.000000 -9999.000000 -9999.000000 -9999.000000 -9999.000000 -9999.000000 -9999.000000 -9999.000000 -9999.000000 -9999.000000 -9999.000000 -9999.000000 -9999.000000
0.004116 0.001827 0.000881 0.072559 0.178626 0.006003 0.002828 0.348894 0.109817 0.058904 0.036494 0.035163 0.024612 -0.000360 0.000360 0.010649 0.180575 -0.000121 0.034159 0.087384 0.061344 0.020956 0.007661 0.123761 0.017096 0.000032 0.006698 0.084234 0.044172 0.560385 0.494244 0.251228 0.116963 -0.052506 -0.000962 -0.000483 0.000418 0.000856 0.000823 0.003011 -9999.000000 -9999.000000 -9999.000000 -9999.000000 -9999.000000 -9999.000000 -9999.000000 -9999.000000 -9999.000000 -9999.000000 -9999.000000 -9999.000000 -9999.000000 -9999.000000 -9999.000000 -9999.000000 -9999.000000 -9999.000000 -9999.000000
-0.000115 0.000530 0.160307 0.147079 0.100780 0.057797 0.112594 0.103186 0.066205 0.052353 0.046956 0.052553 0.041049 -0.000360 0.000360 0.010714 0.011949 -0.005027 0.000000 0.026490 0.585404 1.061490 1.505993 2.136577 2.509567 2.479577 3.147156 2.594870 2.195989 2.802427 2.113801 1.871743 0.931765 0.831037 0.025168 -0.073608 -0.008915 -0.000282 0.000425 -9999.000000 -9999.000000 -9999.000000 -9999.000000 -9999.000000 -9999.000000 -9999.000000 -9999.000000 -9999.000000 -9999.000000 -9999.000000 -9999.000000 -9999.000000 -9999.000000 -9999.000000 -9999.000000 -9999.000000 -9999.000000 -9999.000000 -9999.000000
0.228636 0.265440 0.286638 0.234483 0.174862 0.100098 0.074237 -0.044461 -0.199537 -0.143056 -0.021704 0.100638 0.087235 -0.001125 0.000213 0.001275 0.011097 0.003771 0.000000 0.012207 0.592871 0.832754 0.971127 1.296975 1.630413 1.751950 2.752015 3.424645 2.517576 3.233130 1.930538 1.893021 1.186963 1.273937 1.133668 1.440045 -0.000403 -9999.000000 -9999.000000 -9999.000000 -9999.000000 -9999.000000 -9999.000000 -9999.000000 -9999.000000 -9999.000000 -9999.000000 -9999.000000 -9999.000000 -9999.000000 -9999.000000 -9999.000000 -9999.000000 -9999.000000 -9999.000000 -9999.000000 -9999.000000 -9999.000000 -9999.000000
0.461264 0.196302 0.255831 0.235780 0.192171 0.095265 0.279406 0.245600 0.282613 0.244489 0.271548 0.055607 -0.000488 0.000215 -0.028515 -0.028333 0.231512 0.136959 0.109631 0.310421 0.311760 0.162282 0.251382 0.381629 0.283131 0.107733 0.141667 1.234443 0.914015 1.141478 0.770147 1.664806 1.055869 1.245011 1.149680 -9999.000000 -9999.000000 -9999.000000 -9999.000000 -9999.000000 -9999.000000 -9999.000000 -9999.000000 -9999.000000 -9999.000000 -9999.000000 -9999.000000 -9999.000000 -9999.000000 -9999.000000 -9999.000000 -9999.000000 -9999.000000 -9999.000000 -9999.000000 -9999.000000 -9999.000000 -9999.000000 -9999.000000
0.806207 0.187567 0.253473 0.225676 0.187169 0.493361 1.047865 0.722359 0.594278 0.570190 0.133080 -0.000137 0.000554 0.243804 0.463014 0.432374 0.746076 0.523197 0.148671 0.116481 0.052879 0.262158 0.287560 0.401626 0.319443 0.136604 0.124420 0.059318 0.342653 0.030572 0.027250 0.579942 0.769091 1.072650 1.048609 -9999.000000 -9999.000000 -9999.000000 -9999.000000 -9999.000000 -9999.000000 -9999.000000 -9999.000000 -9999.000000 -9999.000000 -9999.000000 -9999.000000 -9999.000000 -9999.000000 -9999.000000 -9999.000000 -9999.000000 -9999.000000 -9999.000000 -9999.000000 -9999.000000 -9999.000000 -9999.000000 -9999.000000
