use_cases/Flooding_chicago/flooding_data/output/hUx_3360.asc
ncols 337
nrows 393
xllcorner 428428.000000
yllcorner 4602440.000000
cellsize 26.757400
NODATA_value -9999.000000
[rows 104 to 129 of 393, columns 177 to 235 of 337]
-0.187380 -0.212535 -0.259834 -0.409979 -0.007167 -0.000061 -0.001441 -0.000346 0.000000 0.000279 0.000165 0.002194 0.004586 0.228739 0.308170 1.053263 2.820072 3.345211 2.940312 2.735401 2.466767 2.295007 2.163744 2.207467 1.736512 1.562957 1.422763 1.362225 1.494985 1.162957 1.069908 1.190606 0.908645 0.854317 0.818052 -0.000000 0.001144 0.845792 1.940919 0.784137 0.571568 0.633037 1.311982 1.083676 0.373988 0.293297 0.094342 0.044453 -0.832117 -0.214889 0.000647 0.077894 0.000039 0.001372 0.946878 1.042350 0.766663 0.891344 0.979235
0.000054 0.071161 0.087056 0.159142 0.368211 0.466753 0.337682 -0.008223 -0.000731 -0.000001 0.000047 0.001071 0.513076 0.378300 0.803663 1.449894 1.950764 2.136739 2.365368 1.872581 1.662317 1.541799 1.439996 1.404755 1.502162 1.248011 1.183458 0.913202 0.859492 0.603712 0.790570 0.665111 0.638081 0.005152 -0.001166 -0.000001 0.000037 0.000892 0.522420 0.422482 0.300687 0.406597 1.032067 1.022291 0.511036 -0.000013 0.000013 0.024349 0.865308 0.753188 0.988263 1.011129 0.714867 0.644333 1.187840 1.457926 1.081417 1.201580 1.178937
-0.000000 0.000971 0.002685 0.463759 1.263997 1.505673 1.733440 1.273589 0.146069 -0.009656 0.000000 0.000991 0.567405 1.614230 1.526171 1.103611 0.450195 -0.096507 -0.061819 0.072419 0.150864 0.232943 0.295016 0.418805 0.599908 0.616637 0.755113 0.676150 0.447320 0.123354 0.057059 -0.761454 -0.109476 -0.003673 -0.001262 0.000001 0.001336 0.001934 0.284472 0.181979 0.281857 0.190637 0.347997 0.227003 -0.084399 -0.000013 0.000013 0.341575 1.249981 0.857163 0.049405 0.013084 0.198746 0.489384 0.673319 0.664325 0.862236 0.708136 0.577971
-0.000030 -0.000012 0.000003 0.297588 0.645999 1.030300 1.344631 2.260056 2.623219 2.455038 2.384474 2.174201 3.216708 2.666842 1.825758 0.678544 -1.105566 -2.227098 -2.845042 -2.332561 -2.112833 -1.767740 -1.285337 -0.910839 -0.592398 -0.323849 0.120582 -0.096017 -0.005299 -0.002417 -0.000012 -0.000019 -0.001278 -0.000474 0.000102 0.000046 0.000929 0.002298 0.176528 0.268786 0.136600 0.134336 0.791047 0.957307 0.895739 1.160087 1.322150 0.933798 1.749537 1.625250 1.652793 1.211466 1.138805 2.036948 1.652307 1.407424 1.286178 0.604961 0.522071
-0.153767 -0.000410 0.000000 0.164843 0.417827 0.501837 0.392950 0.884832 1.060561 0.650181 1.509430 1.322653 1.051844 -0.003935 -0.000012 -0.000008 0.000000 0.000377 0.001615 0.000059 0.058709 0.131481 0.268715 0.097513 0.095228 0.084604 -0.161808 -0.009196 -0.006286 -0.006418 -0.000688 -0.000003 0.000002 0.001104 0.003858 0.008247 0.018270 0.034706 0.373796 0.291220 0.347929 0.861646 1.341129 1.786833 1.760425 2.195926 1.362137 2.537563 2.071321 1.760070 1.571432 1.738490 2.669169 2.581806 2.209510 1.815944 1.579136 0.685763 0.543994
-1.155711 -0.187253 0.000000 0.431261 0.514730 -0.008644 0.030667 0.069837 0.050388 -0.012281 -0.006435 -0.001013 -0.000029 -0.001449 -0.000798 -0.000035 0.000007 0.000037 0.000620 0.002070 0.008218 0.405032 0.707062 -0.094884 -0.010004 -0.012846 -0.011440 -0.004022 -0.000118 -0.000493 -0.000014 -0.000028 -0.000012 0.000028 0.000938 0.006226 0.004528 0.003450 0.120913 0.429280 0.577392 1.741914 2.376140 1.768069 2.024813 1.263051 1.069550 0.666881 0.283523 0.082265 0.023084 0.511472 1.095453 0.775539 0.711012 0.461683 0.437863 0.377278 0.232972
-0.030087 0.438520 0.187727 0.753324 0.369943 -0.104150 -0.241596 -0.255387 -0.041996 -0.091856 -0.001300 -0.000825 -0.000032 -0.000020 -0.000025 -0.000039 0.000033 0.000042 0.000627 0.004743 0.014231 0.371571 0.713202 -0.002159 -0.001057 -0.000172 -0.004406 -0.004052 0.000000 -0.001081 -0.000083 -0.000525 -0.000024 0.000021 0.000021 0.000391 0.003032 0.003263 0.206103 0.390397 0.611377 0.887536 0.678852 0.452653 -0.055950 -0.001172 -0.000000 -0.000002 -0.000003 0.000008 0.001180 0.246753 0.035718 -0.100776 -0.200557 -0.249575 -0.104954 0.003069 0.053433
0.137406 0.732635 1.194639 1.172898 0.835762 0.000000 0.000020 0.000073 -0.038382 -0.102833 -0.001282 -0.000797 -0.000017 0.000011 0.000026 0.000028 0.000024 0.000018 0.001404 0.010369 0.015635 -0.321710 -0.004200 -0.002090 -0.000036 -0.000071 -0.000108 -0.000127 0.000000 0.001175 0.000111 -0.000077 0.000002 0.000012 0.000011 0.001392 0.002198 0.011962 0.914175 1.059693 0.973373 0.958685 0.307921 -0.241758 -0.003391 -0.000622 -0.000004 0.000002 0.000000 0.000932 0.003919 1.443404 0.218139 -0.050994 -0.058672 -0.180391 -0.034071 0.062229 0.124270
-0.031189 0.016285 0.013941 -0.208349 -0.000904 0.000000 0.001113 0.003688 0.103011 0.004008 -0.000007 -0.253047 -0.000983 -0.000009 0.000001 -0.000256 -0.000723 -0.000128 0.001760 0.001427 0.004636 -1.048752 -0.002171 -0.000965 -0.000069 -0.000018 -0.000011 0.000016 0.000018 0.005082 0.006155 0.000578 0.000107 0.000039 0.000019 0.001981 0.003654 2.073654 2.376440 2.110314 1.645336 0.908786 0.556287 -0.293511 -0.005086 -0.003331 -0.000912 -0.000012 0.000016 0.001686 0.005760 1.706963 0.754927 0.469636 0.407973 0.244302 0.237297 0.345251 0.447558
-0.307400 -0.373830 -0.478371 -0.363757 -0.000714 0.000000 0.000849 0.001439 0.225731 0.086309 0.172198 0.270972 0.335953 0.033060 -0.001096 -0.005283 -0.008984 -0.010054 -0.000016 0.000001 0.000503 0.057342 -0.002853 -0.001170 -0.000519 -0.000037 -0.000088 -0.000075 0.000000 0.002162 0.023978 0.001406 0.004927 0.005336 0.000229 0.003580 0.246878 0.822265 1.053597 1.153198 0.660411 0.496138 0.156010 -0.238784 -0.008368 -0.001486 -0.001917 -0.000018 0.000024 0.002165 0.003356 0.003935 0.224252 -0.000793 -0.050427 0.040712 0.191623 0.349291 0.893632
-0.252070 -0.159790 -0.139170 -0.376673 -0.001486 0.000000 0.001389 0.001911 0.002088 -0.078175 -0.075516 -0.075347 -0.084077 -0.059975 -0.000059 -0.243334 -0.014363 -0.000542 -0.000436 0.000000 0.000506 0.269884 -0.002805 -0.002713 -0.002161 -0.001063 -0.000069 -0.000079 0.000000 0.006166 0.021279 0.040812 0.065531 0.123036 0.045056 0.216651 1.619607 0.485566 -0.463134 -0.495118 -0.298638 -0.228603 -0.781663 -0.017811 -0.020176 -0.015675 -0.001691 -0.000000 0.001103 0.001043 0.000803 0.002289 0.003759 0.010296 0.153570 0.215544 0.472741 0.628699 0.999387
0.469787 0.366206 0.248531 -0.001954 -0.000013 0.000011 0.000741 0.002206 0.000287 0.015577 0.021299 0.045030 0.019834 0.027857 0.033015 -0.267664 -0.315136 -0.000900 -0.000002 0.000561 0.297706 -0.009535 -0.301169 -0.003751 -0.003833 -0.003765 -0.002971 -0.001748 0.000000 0.000293 0.007748 0.027422 0.044158 0.010921 0.064370 0.293294 0.371175 0.172887 -1.790427 -2.281474 -1.900774 -1.414670 -0.024953 -0.003988 -0.004085 -0.002742 -0.000142 0.000135 0.001369 0.002908 0.006399 0.004701 0.005162 0.000577 0.137795 0.286915 0.496535 0.732824 0.903409
1.049416 0.903629 0.677592 -0.002750 -0.000000 0.000726 0.002052 0.023689 0.030586 0.206244 0.172990 0.189322 0.084820 0.099957 0.118307 0.419181 0.565993 0.206432 0.113607 0.027179 -0.088473 -0.084470 -0.109296 -0.235797 -0.015892 -0.004487 -0.001338 -0.000008 0.000552 0.001570 0.002364 0.000217 0.001693 0.009242 0.001184 0.083640 0.063968 0.010794 0.001035 -0.014592 -0.070831 -0.072234 -0.056415 -0.000941 -0.000125 -0.000137 0.000000 0.001256 0.003376 0.006160 0.006012 0.007862 0.007515 0.070885 0.489417 0.560013 0.744527 0.905031 0.944569
1.100059 0.952173 0.937261 0.162777 0.000002 0.001081 0.243298 0.468307 1.050886 1.066132 1.039016 0.635560 0.519818 0.472686 0.162466 0.114519 0.323584 0.275053 0.096650 0.114910 0.078790 0.096875 0.063047 -0.092177 -0.010290 -0.033101 -0.005097 -0.000000 -0.000849 0.001930 0.017145 0.006110 0.002012 0.005292 0.431715 0.294334 0.103607 -0.000007 -0.000002 0.000024 -0.006955 -0.019433 -0.056654 -0.001066 -0.000231 -0.000421 0.000000 0.000691 0.006525 0.007452 0.008900 0.005081 0.153344 0.072884 0.809578 1.124895 1.453022 1.600618 1.453949
2.023241 2.510309 2.284714 1.921774 1.684508 2.268247 1.384812 1.859041 1.486237 0.854395 0.641904 0.514586 0.399783 0.374310 0.147374 0.105194 0.038958 0.018696 0.015403 0.044442 0.051345 0.014966 -0.241253 -0.268048 -0.011314 -0.000215 -0.000674 0.000206 0.100364 0.518656 0.049631 0.110709 0.084799 0.293643 0.208129 -0.008874 -0.001545 -0.000014 0.000035 0.001336 0.049864 -0.023296 -0.042531 -0.112049 -0.007386 -0.002650 0.000000 0.001394 0.004485 0.008197 0.015390 0.382639 0.264256 0.112358 1.938972 2.217586 2.524427 2.623559 2.555375
1.453586 1.079109 0.947272 0.271801 1.056242 2.863223 1.718711 1.522849 0.992078 0.344597 0.518965 0.407499 0.396678 0.425516 0.427755 0.351735 0.505363 0.275360 0.279432 0.187568 0.068328 0.036957 -0.155215 -0.257627 -0.006488 -0.000035 -0.000003 0.004362 0.071944 0.030369 0.028365 0.093485 0.076661 0.280178 0.226026 -0.001933 -0.000117 -0.000011 0.000147 0.003238 0.070191 -0.018210 -0.035736 -0.115295 -0.004625 -0.001732 0.000000 0.001971 0.005246 0.009554 0.658972 0.567416 2.470672 4.242630 4.385118 4.132560 4.005562 3.858564 3.123016
1.042770 1.012307 0.631651 0.263137 0.167705 0.287290 1.485282 0.867367 0.973646 0.934904 0.757028 0.640636 0.556256 0.511009 0.465596 0.877816 0.590439 0.432394 0.349265 0.176966 0.066371 0.030786 -0.214511 -0.277324 -0.014323 -0.007663 -0.000011 0.000009 -0.000665 -0.000015 0.000626 0.006837 0.039739 0.005943 -0.010140 -0.004743 -0.000138 0.000162 0.000147 0.000888 0.000461 -0.037063 -0.088133 -0.210588 -0.001127 -0.000037 0.000652 0.002393 0.002683 0.626661 1.868350 1.736489 1.772754 2.445648 2.118520 1.315514 0.828081 0.560284 0.325468
0.366864 0.226470 0.216492 0.180543 0.000000 0.159045 0.227648 0.751058 0.755023 1.449494 1.236667 1.045033 0.981914 0.637787 0.533578 0.596869 0.513075 0.418926 0.383716 0.208988 0.210424 0.040346 -0.239534 -0.282447 -0.014427 -0.007698 -0.000532 0.000000 -0.000640 0.001786 0.003123 0.001250 0.000491 0.000110 0.000168 -0.000112 0.000150 0.000213 0.003200 0.001924 0.000559 0.121956 0.199888 0.194151 0.070212 0.040805 0.010521 0.022779 0.284714 -0.016645 0.340994 -0.063990 -0.003748 0.111205 0.348849 0.168487 -0.257762 -0.117128 -0.010773
0.103879 0.000050 0.148029 0.125104 0.430991 0.335383 0.320277 0.366720 0.254581 0.449899 0.319350 0.346402 0.423027 0.503310 0.634669 0.584493 0.546028 0.541641 0.489869 0.415803 0.280772 0.334485 0.149821 0.009407 -0.005649 -0.001915 -0.001332 0.000000 0.001540 0.008846 0.003568 0.000548 0.000001 0.000473 0.004020 0.000835 0.000687 0.008390 0.005787 0.029737 0.024215 0.674304 0.937322 1.238571 1.140485 1.280610 1.147280 1.729725 3.823292 1.977238 1.213652 -0.650242 -0.160530 0.130937 0.558115 1.191522 0.530007 0.073065 -0.197648
0.382499 0.275844 0.299544 0.563091 0.468472 0.619169 0.566502 0.353746 0.000402 -0.144553 -0.163855 -0.113959 -0.022229 0.107026 0.237280 0.254318 0.186451 0.157226 0.103760 0.042839 -0.028026 -0.115020 -0.299363 -0.002575 -0.002525 -0.001303 -0.000012 0.000016 0.006139 0.042234 -0.000003 0.000001 0.000045 0.000583 0.007136 0.001812 0.000846 0.000203 0.009860 0.206564 0.173181 0.396482 0.377972 0.326997 0.030676 0.020001 0.006405 0.006970 0.005746 0.000252 -0.151123 -0.248258 0.086715 0.424916 0.863473 0.941424 0.890442 0.013186 -0.083964
0.772465 0.655221 0.294869 1.037766 0.564284 0.271026 0.173231 -0.000337 0.000000 0.341883 0.198666 0.171481 0.146915 0.180526 0.308440 0.274174 0.224118 0.153236 0.067896 0.032801 -0.018596 -0.003855 -0.001286 -0.000680 -0.000690 -0.000020 -0.000016 0.000024 -0.063242 -0.005252 -0.000004 0.000005 0.004673 0.013035 0.002949 0.000985 0.000310 -0.000100 0.000260 0.158198 0.163022 0.166429 0.007308 -0.175596 -0.011242 -0.001959 0.000036 0.000124 0.000031 0.001075 0.004093 0.041980 0.392116 0.710027 0.902527 0.676035 0.310838 0.082471 -0.042232
0.621350 0.242368 0.207351 0.533236 0.393105 0.182326 -0.024767 -0.050703 0.000038 0.115883 0.029921 0.038420 0.076296 0.099101 0.059073 -0.019345 -0.109692 -0.129424 -0.089550 -0.043265 -0.077293 -0.007979 -0.002636 -0.002651 -0.000846 -0.000009 -0.000001 0.000009 -0.030019 -0.000387 0.000000 0.000387 0.001511 0.012623 0.035326 0.013026 0.030530 0.009777 0.222797 0.514792 1.167600 0.706014 -0.004072 -0.000004 -0.001382 -0.021699 -0.005619 -0.000050 0.000003 0.001748 0.006806 0.015826 0.497622 0.911479 1.079943 0.003479 0.003677 0.009513 0.000141
0.034119 0.037383 0.144272 0.820772 0.857398 0.675023 0.761605 0.458633 0.471336 1.309997 1.139018 1.083855 1.079231 1.025207 0.842152 0.541026 0.702377 0.547163 0.439410 0.227608 0.123512 -0.001989 -0.009151 -0.001877 -0.001298 -0.000016 -0.000000 0.000016 -0.028361 -0.000387 0.000000 0.000387 0.002496 0.003146 0.026100 0.009580 0.146439 0.285936 0.304015 0.273604 0.238403 -0.002640 -0.000000 -0.000088 0.000041 -0.000426 -0.010446 -0.001865 0.000000 0.007643 0.015066 0.047145 -0.875215 -1.318883 -0.158142 -0.000095 0.000040 0.000162 0.000098
0.022689 0.022929 0.047605 0.127905 0.052871 0.026637 -0.006534 -0.000013 0.000296 -0.415464 -0.594597 -0.463108 -0.346253 -0.229765 -0.117765 -0.047935 -0.027128 0.006403 0.049344 0.038250 -0.048906 -0.000425 -0.000887 -0.003482 -0.003827 -0.002655 -0.000000 -0.000022 -0.001410 0.000121 -0.000002 0.000003 0.001794 0.005007 0.026859 0.010156 0.109385 0.214936 0.140682 0.007837 -0.025721 -0.005048 -0.000000 0.000419 0.009257 0.000413 0.000081 0.000464 0.007939 0.005160 0.026111 0.027908 -1.275051 -1.829759 -0.291758 -0.003306 0.000184 -0.000009 -0.000010
0.007003 0.020573 0.365824 0.006933 -0.097038 -0.009744 -0.000176 0.000010 0.005500 0.200825 -0.191270 -0.296377 -0.223518 -0.161695 -0.047364 -0.000184 0.066117 0.114215 0.156244 0.215106 0.195202 0.261336 0.352528 0.336145 -0.022081 -0.001753 -0.000000 0.005231 -0.007191 -0.001379 -0.006294 -0.010315 0.000039 0.003988 0.007787 0.019096 0.001375 0.000400 -0.077252 -0.070444 -0.042774 -0.019271 -0.000006 0.000008 0.000340 0.000243 0.000076 0.004105 0.018071 0.005577 0.008296 0.034725 -0.751098 -2.895343 -2.260419 -0.829073 -0.000592 -0.000325 -0.000046
0.004888 0.022404 0.398080 0.068468 -0.036699 -0.023460 -0.004411 -0.000001 0.000027 0.000024 0.002483 0.265753 0.055531 0.014148 0.021093 0.076534 0.064632 0.054357 0.010836 0.003498 -0.036863 -0.104348 -0.154091 -0.360904 -0.017933 -0.002740 -0.000000 0.007307 0.560832 0.033751 -0.019193 -0.012545 -0.007839 0.000004 0.001048 0.000207 -0.000030 -0.000357 -0.097497 -0.057054 -0.055109 -0.036700 -0.000153 -0.000968 -0.003098 -0.000055 -0.000149 0.000037 0.000031 0.001388 0.006488 0.026143 0.010466 -3.496258 -2.906415 -2.063473 -0.472367 -0.000888 -0.000383
