use_cases/Flooding_chicago/flooding_data/output/hUx_3540.asc
ncols 337
nrows 393
xllcorner 428428.000000
yllcorner 4602440.000000
cellsize 26.757400
NODATA_value -9999.000000
[rows 52 to 77 of 393, columns 236 to 294 of 337]
-0.000109 -0.000003 0.000002 0.000002 0.000048 0.000053 -9999.000000 -9999.000000 -9999.000000 -9999.000000 -9999.000000 -9999.000000 -9999.000000 -9999.000000 -9999.000000 -9999.000000 -9999.000000 -9999.000000 -9999.000000 -9999.000000 -9999.000000 -9999.000000 -9999.000000 -9999.000000 -9999.000000 -9999.000000 -9999.000000 -9999.000000 -9999.000000 -9999.000000 -9999.000000 -9999.000000 -9999.000000 -9999.000000 -9999.000000 -9999.000000 -9999.000000 -9999.000000 -9999.000000 -9999.000000 -9999.000000 -0.594722 -1.441642 -1.584629 -1.295074 -0.929384 -0.842103 -0.345623 -0.191518 -0.117939 -0.000004 0.000001 0.001573 0.001650 0.000177 -0.000312 -0.001270 -0.107432 -0.085938
-0.000106 -0.000002 0.000001 0.000253 0.000388 0.001811 -9999.000000 -9999.000000 -9999.000000 -9999.000000 -9999.000000 -9999.000000 -9999.000000 -9999.000000 -9999.000000 -9999.000000 -9999.000000 -9999.000000 -9999.000000 -9999.000000 -9999.000000 -9999.000000 -9999.000000 -9999.000000 -9999.000000 -9999.000000 -9999.000000 -9999.000000 -9999.000000 -9999.000000 -9999.000000 -9999.000000 -9999.000000 -9999.000000 -9999.000000 -9999.000000 -9999.000000 -9999.000000 -9999.000000 -9999.000000 -0.000034 -0.000122 -0.532997 -0.724607 -0.911954 -0.762429 -0.784370 -0.420828 -0.231668 -0.085907 -0.000010 -0.000003 0.000010 0.008737 0.020498 -0.008393 -0.003255 -0.379067 -0.182687
-0.000192 -0.000000 0.000000 0.000228 0.000980 0.003670 -9999.000000 -9999.000000 -9999.000000 -9999.000000 -9999.000000 -9999.000000 -9999.000000 -9999.000000 -9999.000000 -9999.000000 -9999.000000 -9999.000000 -9999.000000 -9999.000000 -9999.000000 -9999.000000 -9999.000000 -9999.000000 -9999.000000 -9999.000000 -9999.000000 -9999.000000 -9999.000000 -9999.000000 -9999.000000 -9999.000000 -9999.000000 -9999.000000 -9999.000000 -9999.000000 -9999.000000 -9999.000000 -9999.000000 -9999.000000 -0.000035 -0.000157 -0.613059 -0.648783 -0.780737 -0.693436 -0.966613 -0.860641 -0.589385 -0.327651 -0.002392 -0.000011 0.000011 0.007362 -0.017415 -0.019787 -0.002164 -0.089563 -0.103481
-0.026800 -0.000000 0.000000 0.000003 0.000032 0.001331 -9999.000000 -9999.000000 -9999.000000 -9999.000000 -9999.000000 -9999.000000 -9999.000000 -9999.000000 -9999.000000 -9999.000000 -9999.000000 -9999.000000 -9999.000000 -9999.000000 -9999.000000 -9999.000000 -9999.000000 -9999.000000 -9999.000000 -9999.000000 -9999.000000 -9999.000000 -9999.000000 -9999.000000 -9999.000000 -9999.000000 -9999.000000 -9999.000000 -9999.000000 -9999.000000 -9999.000000 -9999.000000 -9999.000000 -9999.000000 -3.106304 -2.560385 -1.665335 -1.557283 -1.298241 -0.984558 -0.995388 -0.854775 -0.596794 -0.444418 -0.002012 -0.000011 0.000011 0.006525 0.065789 0.070097 0.002798 -0.174269 -0.183631
0.004249 0.003056 0.000458 0.004493 0.015484 0.011006 0.002730 0.001190 0.000249 -9999.000000 -9999.000000 -9999.000000 -9999.000000 -9999.000000 -9999.000000 -9999.000000 -9999.000000 -9999.000000 -9999.000000 -9999.000000 -9999.000000 -9999.000000 -9999.000000 -9999.000000 -9999.000000 -9999.000000 -9999.000000 -9999.000000 -9999.000000 -9999.000000 -9999.000000 -9999.000000 -9999.000000 -9999.000000 -9999.000000 -9999.000000 -9999.000000 -9999.000000 -9999.000000 -9999.000000 -2.193672 -2.038881 -1.731230 -1.217618 -0.882046 -0.498107 -0.320973 -0.218684 -0.115012 -0.071362 -0.002730 -0.000135 0.000000 0.007641 -0.029430 -0.026861 -0.037248 -0.121532 -0.041387
0.022426 0.006460 0.005621 0.020359 0.026636 0.011997 0.003644 0.001651 0.000225 -9999.000000 -9999.000000 -9999.000000 -9999.000000 -9999.000000 -9999.000000 -9999.000000 -9999.000000 -9999.000000 -9999.000000 -9999.000000 -9999.000000 -9999.000000 -9999.000000 -9999.000000 -9999.000000 -9999.000000 -9999.000000 -9999.000000 -9999.000000 -9999.000000 -9999.000000 -9999.000000 -9999.000000 -9999.000000 -9999.000000 -9999.000000 -9999.000000 -9999.000000 -9999.000000 -0.000264 -1.197209 -1.276096 -0.819688 -0.056014 0.697531 0.752870 0.594549 0.572287 0.563946 0.347498 0.022191 -0.000164 -0.000592 0.000874 0.001587 0.015669 0.092962 0.147352 0.276118
0.014505 0.003549 0.019280 0.031470 0.018574 0.057565 0.124164 0.052555 0.060731 0.042058 0.025884 -9999.000000 -9999.000000 -9999.000000 -9999.000000 -9999.000000 -9999.000000 -9999.000000 -9999.000000 -9999.000000 -9999.000000 -9999.000000 -9999.000000 -9999.000000 -9999.000000 -9999.000000 -9999.000000 -9999.000000 -9999.000000 -9999.000000 -9999.000000 -9999.000000 -9999.000000 -9999.000000 -9999.000000 -9999.000000 -9999.000000 -9999.000000 -9999.000000 -0.718966 -1.354022 -1.430156 -1.074836 -0.500627 -0.458887 -0.438625 -0.404879 -0.274719 -0.216896 -0.233406 -0.113831 -0.131825 -0.001614 -0.049874 -0.154768 -0.126558 -0.122627 -0.101044 -0.289236
0.000051 0.004180 0.079895 0.021928 0.000000 0.002724 0.001855 0.026444 0.143560 0.051382 0.167252 -0.046130 -0.000002 -0.000002 0.000000 -9999.000000 -9999.000000 -9999.000000 -9999.000000 -9999.000000 -9999.000000 -9999.000000 -9999.000000 -9999.000000 -9999.000000 -9999.000000 -9999.000000 -9999.000000 -9999.000000 -9999.000000 -9999.000000 -9999.000000 -9999.000000 -9999.000000 -9999.000000 -9999.000000 -9999.000000 -9999.000000 -9999.000000 -0.000084 -0.702908 -1.136141 -1.183236 -1.095660 -0.619950 -0.825261 -0.770342 -0.740487 -0.595561 -0.783926 -0.437953 -0.536949 -0.529810 -0.488890 -0.490808 -0.663204 -0.420876 -0.429043 -0.014663
0.000115 0.037476 -0.043858 -0.000143 0.000000 0.000187 0.001972 0.012219 0.245337 0.225840 0.207637 0.173536 0.097348 -0.023562 -0.219447 -0.000034 0.000000 -9999.000000 -9999.000000 -9999.000000 -9999.000000 -9999.000000 -9999.000000 -9999.000000 -9999.000000 -9999.000000 -9999.000000 -9999.000000 -9999.000000 -9999.000000 -9999.000000 -9999.000000 -9999.000000 -9999.000000 -9999.000000 -9999.000000 -9999.000000 -9999.000000 0.000000 0.000193 0.034341 0.085475 0.190258 0.039918 -0.174046 -0.393548 -0.455429 -0.467718 -0.311165 -0.332257 -0.274519 -0.227875 -0.419327 -0.376627 -0.382644 -0.388789 -0.428642 -0.030354 -0.042493
-0.001198 -0.016845 -0.000315 -0.000145 0.000000 0.000184 0.208017 -0.005442 -0.025658 0.070775 0.170369 0.177441 0.179025 0.132091 0.028343 -0.057885 -0.000087 0.000000 -9999.000000 -9999.000000 -9999.000000 -9999.000000 -9999.000000 -9999.000000 -9999.000000 -9999.000000 -9999.000000 -9999.000000 -9999.000000 -9999.000000 -9999.000000 -9999.000000 -9999.000000 -9999.000000 -9999.000000 -9999.000000 -9999.000000 -0.000170 -0.000386 -0.068370 0.041978 0.293713 0.388885 0.905108 0.714495 0.885253 0.814874 0.754522 0.620426 0.319505 0.099233 -0.014178 -0.000100 0.123784 0.249299 0.247717 -0.026657 -0.031867 -0.086665
-0.021278 -0.012432 -0.000428 -0.000141 0.000000 0.000370 0.219825 0.060642 -0.005904 -0.049402 -0.111332 -0.180453 -0.043874 0.047059 0.058065 0.124383 0.205317 0.093290 0.000003 -0.082864 -0.000044 -0.000000 -9999.000000 -9999.000000 -9999.000000 -9999.000000 -9999.000000 -9999.000000 -9999.000000 -9999.000000 -9999.000000 -9999.000000 -9999.000000 -9999.000000 -9999.000000 -9999.000000 -9999.000000 -0.000213 -0.000207 0.033919 0.095285 0.205943 0.419371 0.838090 1.007992 1.078622 0.985657 0.791515 0.545211 0.468669 0.190676 0.033188 -0.004027 0.000000 -0.004416 -0.007562 -0.020474 -0.018705 -0.000142
-0.820609 -0.004621 -0.000717 -0.000319 0.000000 0.000065 0.000100 0.279894 0.247971 0.154820 -0.027301 -0.143001 -0.137677 -0.078941 -0.001725 0.053855 0.098290 0.087009 0.016414 -0.034607 -0.177248 -0.000088 -0.000000 0.000105 0.161156 0.145125 -9999.000000 -9999.000000 -9999.000000 -9999.000000 -9999.000000 -9999.000000 -9999.000000 -9999.000000 -9999.000000 -9999.000000 -9999.000000 -0.000286 -0.000077 0.126386 0.252753 0.388286 0.618919 1.098728 1.042530 0.958892 0.793983 0.443127 0.372764 0.252089 0.124124 0.018732 -0.001350 0.000000 -0.001663 -0.000260 -0.000428 -0.000774 -0.000456
-0.003278 -0.000399 -0.000011 -0.000001 0.000001 0.000274 0.000399 0.107348 0.019762 0.014031 0.020049 0.037127 0.050235 0.188869 0.237238 0.082973 0.097927 0.079990 0.035947 0.007950 -0.092321 -0.000233 -0.000001 0.000001 0.241517 0.229757 0.273920 0.355828 0.445944 0.564756 1.834741 3.103990 4.331356 -0.386849 -0.214038 -0.290956 -0.000134 0.000000 -0.000015 0.003140 0.531126 0.565205 0.741241 0.985458 0.664753 0.385500 0.145537 -0.025742 -0.200320 -0.430424 -0.217139 -0.116523 -0.190912 -0.004980 -0.004222 -0.000410 -0.000336 -0.005604 -0.002214
-0.000590 -0.000150 -0.000005 0.000003 0.000721 0.001027 0.508277 0.172786 0.096197 -0.007721 -0.032970 -0.045358 -0.117174 -0.000000 -0.078592 -0.128562 -0.157070 -0.091901 -0.000002 0.000002 0.099453 0.065262 0.000010 0.000122 0.545817 1.076439 1.769850 3.081436 3.820030 4.939548 4.351820 5.911060 4.654700 0.832294 0.163872 -0.355064 -0.000272 0.000000 0.014046 0.407825 0.916723 1.146626 0.788595 0.443850 0.231039 0.075696 -0.049116 -0.121917 -0.227835 -0.329879 -0.179731 0.025459 0.054285 -0.001734 -0.014158 -0.001335 -0.000003 -0.000014 -0.000027
-0.000004 -0.000002 0.000000 0.000234 0.001082 0.189377 -0.150777 -0.287398 -0.219680 -0.187064 -0.132816 -0.075855 -0.141126 -0.000008 0.000006 0.096563 0.004743 -0.002186 -0.000002 0.000002 0.404368 0.779103 1.221745 2.292917 2.927488 4.351132 3.934133 3.641489 3.766589 4.130532 3.461944 3.845103 2.483030 0.432596 0.065771 -0.291202 -0.000343 0.000000 0.026035 0.300850 0.653214 0.908862 0.155449 0.115219 0.138424 -0.008345 -0.275658 -0.307371 -0.257426 -0.526914 -0.379371 -0.269196 -0.017643 -0.000409 -0.000002 -0.000003 -0.000000 -0.000000 0.000000
-0.000035 -0.000036 0.000050 0.000055 0.000143 0.003151 0.594294 0.241178 0.205811 0.154927 0.101729 0.014857 -0.113423 -0.000014 0.000013 0.000008 0.064794 0.081562 0.045114 0.369362 0.396196 0.816053 1.516659 2.348949 2.394875 2.158067 2.354515 2.677832 1.949311 2.133917 3.187107 2.911259 2.267417 0.080992 0.073605 0.081793 -0.000314 0.000000 0.053909 0.122577 0.191685 0.182089 0.480334 0.901172 0.303510 0.126625 0.068407 -0.115576 -0.037619 0.078947 0.001347 -0.018250 -0.044051 -0.000591 -0.000745 -0.000316 -0.000083 0.000000 0.000134
-0.000027 -0.000022 0.000040 0.003597 0.007897 0.006844 0.158207 0.000746 0.006194 0.045278 0.036037 0.019081 0.012209 -0.000007 0.000007 0.001608 0.004411 -0.077329 -0.034074 0.040269 0.180176 0.324026 0.513696 0.891829 0.866668 2.130610 1.759695 1.435090 1.948189 2.120003 2.299216 2.123757 1.482702 0.226922 -0.201916 -0.141118 -0.370232 0.000000 0.072035 -0.059682 -0.287884 -0.369854 0.148572 0.409701 0.206019 0.018679 -0.154418 -0.083926 -0.068217 -0.047213 -0.062141 -0.359556 -0.155142 -0.000716 -0.000338 -0.000157 -0.000001 0.000001 0.000040
-0.000757 -0.000248 -0.000001 0.000000 0.000284 0.000731 0.000921 0.054231 -0.029527 -0.000003 -0.000007 -0.000011 -0.000000 0.000014 -0.041324 -0.046878 -0.021251 0.007073 -0.062126 -0.133247 -0.348838 -0.432436 -0.197114 0.257406 0.652215 0.813050 1.854293 1.948626 1.641368 1.284049 1.356007 1.307966 0.719736 0.179730 -0.009426 -0.170443 -0.431682 -0.068003 -0.453372 -1.107921 -1.566455 -1.154105 -0.437396 -0.041163 -0.172253 0.008275 0.100459 0.058115 0.023606 -0.035029 -0.036754 -0.097479 -0.085315 -0.000497 -0.000304 -0.000140 -0.000000 0.000001 0.000001
-0.000464 -0.000614 -0.000282 -0.000000 0.000338 0.000824 0.001009 0.001158 0.127460 0.006524 -0.024707 -0.000021 0.000014 0.000016 -0.006581 0.012902 0.080052 0.052066 0.016157 -0.041890 -0.239517 -0.535746 -0.570053 -0.368762 0.797156 1.527292 1.776247 1.647279 1.938665 1.256963 0.830278 0.741757 0.212910 -0.555763 -0.916411 -1.481462 -1.299142 -1.813400 -2.431177 -2.520732 -3.062654 -2.574407 -1.812199 -0.607652 -0.238538 -0.005881 0.217288 0.167707 0.097590 -0.019215 0.015839 0.021771 0.006410 -0.001178 -0.000469 -0.000001 0.000001 0.000001 -0.000005
-0.005459 -0.000895 -0.000304 -0.000004 0.000000 0.000197 0.000802 0.000772 0.000797 0.119792 0.038934 -0.000014 0.000011 0.101065 0.059099 0.162593 0.227373 0.220638 0.235917 0.202571 0.024634 -0.162264 -0.468696 -0.387463 0.300727 1.365727 2.009320 1.801414 1.404334 0.216031 -0.109180 0.098038 0.440446 0.361133 -0.171964 -0.801911 -1.943923 -1.604088 -1.892791 -1.645011 -1.824299 -2.034254 -1.924479 -0.691951 -0.104207 0.191507 0.460274 0.313348 0.136682 0.098740 0.068822 0.118155 0.064496 -0.103835 -0.000190 -0.000000 -0.000009 -0.000063 -0.000403
0.026984 -0.011128 -0.002526 -0.000323 0.000000 0.000128 0.000265 0.000755 0.001358 0.128601 0.040584 -0.000011 -0.000010 -0.037760 -0.058001 -0.039888 -0.008346 -0.028057 0.018789 0.006630 -0.017256 0.064677 -0.217853 -0.303076 0.098297 0.781289 1.589807 1.680920 0.584552 0.041922 -0.094968 0.119735 -0.353699 -1.028623 -1.813331 -2.221873 -2.019154 -1.648039 -0.747239 -0.953393 -1.224345 -1.038193 -0.862615 0.072645 0.402022 0.668751 0.599241 0.603137 0.284064 0.187069 0.108151 0.041947 -0.106821 -0.688126 -0.001923 -0.000015 -0.000048 -0.001939 -0.001637
-0.327074 -0.002815 -0.002115 -0.000451 0.000000 0.000200 0.000314 0.000487 0.001872 0.131732 0.043403 -0.000000 0.109995 0.014567 0.019949 0.034140 0.002671 -0.123513 -0.061886 0.000001 -0.061765 0.051478 1.099241 0.303622 -0.042340 0.015968 -0.087031 -0.785136 -0.037192 0.347117 0.037830 -0.340213 -1.172331 -1.840676 -2.162622 -1.218429 -0.663074 -0.000597 0.000000 0.040460 0.959000 1.318637 1.166194 1.096970 0.987713 1.100032 1.294006 0.923263 0.640192 0.421998 0.507230 0.348162 0.190082 -0.076433 -0.001616 -0.000000 -0.005884 -0.001301 -0.000017
-0.000002 -0.000328 -0.000683 -0.000553 0.000000 0.000107 0.000774 0.006921 0.000793 0.023335 0.046858 0.077102 0.156563 0.110283 0.092322 0.171217 0.007984 -0.041610 -0.066209 -0.000004 0.000014 0.204128 0.942561 1.392174 -0.065768 -0.978548 -0.870597 -1.519103 -0.218730 -0.137200 0.477258 1.019308 -0.436517 -0.968283 -2.025174 -1.126295 -0.001368 -0.000001 0.000001 0.008582 1.794815 3.620512 3.187120 1.900895 1.339745 1.325905 0.948007 0.508169 0.038333 0.004959 -0.668502 -0.049908 -0.000000 -0.000000 0.000005 0.000145 0.003927 -0.005586 -0.000782
-0.000000 0.000000 0.000009 0.000004 0.000096 0.000335 0.000452 0.014385 0.117687 0.035828 0.042737 0.056585 0.031766 -0.134241 -0.200162 -0.260985 -0.533122 -0.808920 -0.164218 -0.000058 0.000056 0.851686 1.689210 1.278419 0.492234 -0.328248 -1.183962 -2.355905 -1.424617 -1.150569 -2.110434 -1.836265 -1.901969 -0.471640 -0.948282 -0.282861 -0.003070 -0.003233 0.016683 0.775560 4.255944 5.177896 4.089119 1.969381 1.138212 0.865485 0.494078 -0.036013 -0.000001 -0.000001 -0.000000 -0.000006 -0.000001 0.000001 0.000156 0.004596 -0.016586 0.059052 0.517667
-0.000001 0.000001 0.000136 0.000278 0.000463 0.000551 0.004467 0.022833 0.001937 0.000884 0.259313 0.057894 0.051539 0.006131 -0.014409 0.033761 0.052797 -0.000000 -0.197932 -0.257347 0.010101 1.280179 1.244394 0.788859 -0.314925 -1.332807 -2.901354 -3.618323 -2.972383 -3.058412 -5.197232 -4.821442 -2.400348 -2.000285 -1.415645 -1.430876 -0.657211 0.000153 0.786556 2.795993 5.734929 5.093454 3.575090 1.950121 1.349630 0.832463 -0.265643 -0.000141 -0.000001 0.000001 0.000001 0.000007 0.000001 0.000001 0.000007 0.008581 0.066730 0.651855 1.655222
-0.000000 0.000000 0.000191 0.000545 0.002095 0.007887 0.001894 0.000697 -0.000000 0.002442 0.038524 -0.047468 -0.075472 -0.091026 -0.129583 -0.132697 -0.116138 -0.000025 -0.162624 -0.285086 -0.338776 0.365678 1.007585 0.988578 -0.029196 -1.235918 -3.000834 -4.132133 -5.135700 -5.622785 -6.562167 -8.281026 -6.288108 -3.428801 -2.415601 -2.045645 -0.666605 -0.005861 0.674342 4.366983 4.461909 4.408792 2.647120 1.152240 0.498494 0.285214 -0.004403 -0.000251 -0.000000 0.000618 0.007322 -0.334723 -0.215414 -0.074348 0.000358 0.015469 2.022101 3.317639 3.358487
