use_cases/Flooding_chicago/flooding_data/output/hUx_1320.asc
ncols 337
nrows 393
xllcorner 428428.000000
yllcorner 4602440.000000
cellsize 26.757400
NODATA_value -9999.000000
[rows 286 to 311 of 393, columns 59 to 117 of 337]
-0.013105 -0.109941 -0.147420 -0.185318 -0.205833 -0.182005 -0.115813 -0.099889 -0.055777 -0.002908 -0.018317 -0.058655 -0.133541 -0.025891 -0.010667 -0.000393 0.000378 0.009049 0.022973 0.074196 -0.038683 -0.009031 -0.000208 0.000326 0.011006 0.011621 0.076177 0.031401 0.057389 0.030646 0.054477 0.035336 -0.000360 0.000360 0.014753 0.131904 0.083978 0.082082 0.082327 0.102786 0.115122 0.118844 0.001450 -0.090047 -0.096396 -0.138795 -0.148081 -0.166277 -0.179959 -0.135437 -0.140811 -0.027184 -0.048480 -0.076717 -0.089425 -0.195193 -0.239541 -0.259072 -0.110331
-0.075700 -0.195950 -0.200780 -0.203011 -0.175098 -0.103851 0.006082 0.024985 -0.036485 -0.057152 -0.353461 -0.288940 -0.113153 -0.002201 -0.001129 0.000059 0.000439 0.000890 0.020477 0.432525 0.147072 -0.016630 -0.005080 0.000007 0.007230 0.017658 0.069854 0.033941 0.027115 0.096102 0.078059 0.051766 -0.000360 0.000360 0.009830 0.195374 0.142617 0.137157 0.131513 0.134258 0.124000 0.099349 0.082007 -0.012838 -0.057606 -0.077268 -0.174596 -0.191088 -0.230769 -0.312637 -0.180178 -0.096657 -0.117631 -0.076548 -0.163647 -0.147302 -0.124912 -0.425626 -0.159382
0.332222 -0.076117 -0.324932 -0.526115 -0.567853 -0.572238 -0.344362 -0.383581 -0.511745 -0.338422 -0.539457 -0.182033 -0.055710 -0.000593 -0.000150 0.000133 0.000260 0.010603 0.439265 0.146364 0.078115 -0.300776 -0.006721 0.000000 0.011108 0.022016 0.215799 0.003712 0.006438 0.080753 0.075129 0.047129 0.020509 0.297436 0.697776 0.483422 0.347906 0.245292 0.541017 0.204289 0.158846 0.097273 0.066825 -0.000570 0.000038 0.053871 -0.017138 -0.049699 -0.067163 -0.108590 -0.126200 -0.043893 -0.061746 -0.091150 -0.110498 -0.303846 -0.331447 -0.561525 -0.167863
-0.664007 -1.129549 -1.000422 -0.912331 -0.497253 -0.395579 -0.242306 -0.188310 -0.225087 -0.259046 -0.189694 -0.319407 -0.054183 -0.000340 -0.000122 0.000323 0.025162 0.577164 0.513748 0.650423 0.670254 0.661834 0.297623 0.160921 0.050431 0.393894 0.073291 0.001955 0.133887 0.136844 0.078570 0.538385 0.709034 0.614023 0.780631 0.528751 0.352250 0.234450 0.266317 0.220385 0.108438 0.067933 0.054345 -0.000550 0.000164 0.079502 0.069226 -0.015988 -0.057083 -0.128767 -0.159659 -0.034141 -0.026888 -0.000494 -0.092039 -0.320991 -0.458558 -0.622102 -0.100142
-0.806079 -0.718305 -0.761750 -0.268807 -0.202568 -0.001267 -0.000004 0.026315 -0.018163 0.013617 0.047941 0.124210 0.057072 -0.000083 -0.000468 0.000127 0.006404 0.098321 0.246856 0.473827 0.390091 0.650923 0.325354 0.197683 0.628742 0.642991 1.479917 0.428757 0.351053 0.237251 0.698516 0.547417 0.434595 -0.000027 0.000052 -0.000268 0.000434 0.137434 0.135682 0.121667 0.091623 0.089817 0.109904 0.284974 0.270136 0.289152 0.126265 0.046361 -0.030844 -0.049333 -0.106609 -0.074062 -0.072239 -0.031455 -0.024163 -0.041023 -0.032216 -0.006760 -0.017758
-0.266207 -0.209398 -0.133898 -0.001410 -0.000689 0.000150 0.001050 0.085961 -0.002307 -0.039092 0.071415 0.035341 0.063084 0.193325 0.199691 -0.000672 0.001770 0.145505 0.297103 -0.001318 0.001191 0.239597 0.223822 0.663066 0.652517 0.716024 1.253397 1.106309 0.383568 0.267214 0.120505 0.521094 -0.001442 -0.000510 0.001114 0.001096 0.000883 0.089184 0.096560 0.098652 0.053954 0.209095 0.185890 0.176797 0.267848 0.247470 0.121040 0.087036 0.055116 0.021428 -0.005734 -0.027104 -0.044880 -0.035745 -0.027908 -0.015169 -0.005783 -0.011613 -0.000003
-0.110903 0.165129 0.181449 0.250535 0.210134 0.667287 -0.002809 -0.000216 0.000733 -0.005867 -0.009676 -0.000332 0.000613 0.001441 0.169343 0.191465 0.226671 0.199790 0.159913 -0.001531 -0.000271 0.001392 0.154020 0.576784 0.290216 0.000000 0.131902 0.162195 0.185752 0.156840 0.079444 0.414217 -0.002021 0.000001 0.002028 0.198741 0.296122 0.307846 0.257844 0.213855 0.100968 0.343719 0.287545 0.263444 0.241191 0.595336 0.189528 0.139894 0.131159 0.086420 0.030597 -0.046770 -0.087633 -0.081020 -0.000172 0.049399 0.035652 -0.010782 -0.000208
0.414647 0.649263 0.847788 0.286866 0.238145 0.676311 -0.014827 -0.001333 -0.001127 -0.000000 0.001127 0.001333 0.005530 0.004595 0.138770 0.146842 0.144491 0.127154 0.000000 -0.043631 -0.001533 0.000999 0.106545 0.341092 0.111692 0.000000 0.055337 0.066453 0.076497 0.076055 0.542117 0.680564 -0.001741 0.000468 0.001556 0.143228 0.217058 0.852633 0.287047 0.244068 0.709715 0.562474 0.389062 0.269265 0.188988 0.150641 0.126445 0.157848 0.090124 0.047216 0.029243 0.002780 -0.033339 -0.034162 -0.001660 -0.000906 -0.051433 -0.001439 -0.000832
0.666305 0.798748 0.935792 0.345936 0.263789 0.698246 -0.015944 -0.002768 -0.002807 -0.000000 0.002807 0.002768 0.025753 0.238227 0.190275 0.193882 0.164976 0.135361 0.000000 -0.054556 -0.003285 0.000680 0.000814 0.020499 0.726354 0.000000 0.080761 0.377114 0.126256 0.008425 0.185140 0.088423 -0.000820 0.000325 0.150297 0.148483 0.584656 0.301543 0.308195 0.285604 0.189282 0.059725 0.019425 0.007599 0.003128 0.050911 0.044292 0.028118 -0.035559 -0.085467 -0.111430 -0.074215 -0.075518 -0.070834 -0.078529 -0.017616 -0.050043 -0.098187 -0.081517
0.752180 0.995008 1.166111 0.354542 0.146022 -0.010575 -0.010277 -0.002202 -0.002724 0.000000 0.002724 0.002202 -0.047233 0.110740 0.176076 0.200650 0.097177 0.046118 -0.017368 -0.122378 -0.023671 -0.000322 0.000407 0.009980 0.028427 0.072900 -0.063136 -0.270913 -0.302553 0.002787 0.005974 0.146885 0.173633 0.000046 0.137342 0.415362 0.417182 0.478743 0.281718 0.228795 -0.001396 -0.000366 0.000781 0.002373 0.001878 0.002834 0.001685 0.001065 -0.001774 -0.156618 -0.193165 -0.117547 -0.174544 -0.081633 -0.025050 -0.055727 -0.105834 -0.000473 0.000270
0.149800 0.254436 0.986535 0.630950 0.221911 0.022584 -0.240918 -0.011693 -0.001072 0.000000 0.001072 0.044930 0.362075 0.127822 0.093206 0.120757 0.055648 -0.015570 -0.078995 -0.184108 -0.029195 -0.000418 0.000592 0.003332 0.001681 0.036756 0.093618 -0.046303 -0.003784 0.001168 0.043759 0.124423 0.241714 0.301564 0.289037 0.525699 0.417944 0.359462 0.097809 -0.000663 -0.004421 0.000060 0.006602 0.007594 0.003802 0.003328 0.003041 0.002801 0.001509 0.098974 -0.069250 -0.115275 -0.175783 -0.186541 -0.137110 -0.172957 -0.081182 -0.000965 -0.000000
0.743790 0.193843 0.248602 0.210973 -0.035602 -0.115288 -0.033640 -0.068006 -0.163706 -0.009843 -0.000458 0.010318 0.160705 -0.061248 -0.158989 -0.096660 -0.067582 -0.114415 -0.180797 -0.010816 -0.000437 0.000259 0.000904 0.001828 0.021143 0.058870 0.589881 0.729401 0.746892 0.698498 0.475329 0.260990 0.299656 0.278615 0.431782 0.360200 0.073892 -0.057747 -0.020840 -0.001318 -0.000568 0.001186 0.012797 0.010127 0.050775 0.281880 0.200229 0.353976 0.495948 0.396781 0.193593 -0.012206 -0.111824 -0.137165 -0.135975 -0.194603 -0.042578 -0.053889 -0.000270
0.534662 0.410290 0.271486 0.023004 -0.145670 -0.145043 -0.194236 -0.134185 -0.119919 -0.011607 -0.006334 0.006587 0.002299 0.000931 0.004000 0.003098 -0.007164 -0.016058 -0.001713 -0.003191 -0.000009 0.008321 0.019904 0.225187 0.000445 0.000063 0.000297 0.030623 0.775935 0.635312 0.467795 0.289387 0.320600 0.496158 0.373893 0.306637 0.050369 -0.107291 -0.039716 -0.003083 -0.001597 0.002679 0.002650 0.022833 0.054774 0.551327 0.386838 0.058494 0.000707 0.000589 -0.148867 -0.195328 -0.219802 -0.517052 -0.297542 -0.049026 -0.077153 -0.097732 -0.093591
-0.128713 -0.056929 0.062478 0.142076 0.153698 0.102430 0.010466 -0.243008 -0.007848 -0.001385 -0.000809 0.000301 0.000428 0.001221 0.026104 0.138537 0.046818 0.022521 0.010180 -0.001477 0.001272 0.022672 0.114439 0.040159 0.024699 -0.000376 0.000376 0.010048 0.034627 0.148071 0.040390 0.000088 0.174067 0.276620 0.399900 0.236841 0.240405 0.108640 -0.002685 -0.004866 -0.004378 0.000000 0.012923 0.033756 0.034586 0.416725 0.198961 -0.026397 -0.002806 -0.003864 -0.002125 -0.000347 0.017267 -0.337985 -0.285213 -0.061091 -0.100516 -0.121154 -0.322795
0.035397 0.509058 0.378213 0.056782 -0.304117 -0.491305 -0.119840 -0.001663 -0.001123 -0.002772 -0.001601 -0.001296 0.000000 0.008525 0.025954 0.006123 -0.004259 -0.041780 -0.078341 -0.001261 0.001417 0.031078 0.152971 0.074476 0.041877 -0.000723 0.000723 0.015906 0.081807 0.349968 0.150990 0.000122 0.165726 0.228029 0.229733 0.041950 -0.138756 -0.022222 -0.001851 -0.003253 -0.003453 0.000000 0.012372 0.031184 -0.074584 -0.107172 -0.116482 -0.058732 -0.088682 -0.004609 -0.000879 0.005869 0.004273 -0.038839 -0.142552 -0.040897 0.000000 0.110867 0.018406
0.049221 0.051593 0.212808 0.058266 -0.209544 -0.121003 -0.016143 -0.010313 0.000000 0.002315 0.002979 0.002350 0.000672 0.001359 0.005349 0.003226 0.021472 0.010922 -0.001716 -0.001199 0.001916 0.011996 0.006657 0.000670 -0.009146 -0.000376 0.000376 0.015424 0.141543 0.789668 0.876745 0.766891 0.722288 0.674519 0.514081 0.379390 -0.021845 -0.007605 -0.009330 -0.007752 -0.000924 0.000125 0.001301 0.016085 0.216915 0.193854 -0.035333 -0.000900 -0.001576 -0.001779 0.003412 0.007968 0.006087 -0.034156 -0.113408 -0.018112 0.000000 0.067066 -0.229689
0.053773 0.033106 0.013603 -0.349896 -0.285489 -0.099390 -0.007928 -0.001287 -0.000361 0.000438 0.001303 0.002298 0.000813 0.000618 0.001447 0.020979 -0.446368 -0.096241 -0.001699 -0.001525 0.001781 0.001698 0.015058 0.409052 0.756272 -0.000376 -0.000100 0.001849 0.034817 0.060060 0.503171 0.638683 0.601022 0.679278 0.375590 0.269128 -0.041789 -0.001661 0.001927 0.003514 0.001484 -0.000030 0.000825 0.003595 0.001590 -0.016360 -0.004484 0.000032 0.001899 0.001902 0.001082 0.000555 0.012535 -0.083110 -0.236037 -0.364848 -0.098518 -0.333382 -0.189184
0.054452 0.197903 -0.190895 -0.234474 0.067633 0.199594 -0.088832 -0.013431 -0.000269 -0.000010 0.000559 -0.012095 -0.053169 -0.118977 -0.109418 -0.069335 0.044865 0.109548 -0.057470 -0.000770 0.000312 0.000973 0.008972 0.095521 0.190148 0.067494 -0.005685 0.017812 0.099144 0.102492 0.567368 0.690064 0.549190 0.529008 0.451844 0.284135 0.010404 0.003021 0.004690 0.091883 0.071523 -0.032811 -0.010817 -0.000754 -0.001003 -0.000157 0.000220 0.001055 0.005141 0.003146 0.003282 0.002222 0.238565 0.181260 -0.004048 -0.169168 -0.081090 -0.085514 -0.060573
0.016281 -0.202030 -0.146763 0.026848 0.205051 0.252243 0.189855 -0.023633 -0.008841 -0.037392 -0.065775 -0.263883 -0.286925 -0.118007 -0.099836 -0.095950 0.087431 0.292239 0.113564 0.048048 0.012555 0.000797 -0.004329 0.055050 0.141956 0.188753 0.208573 0.245738 0.323059 0.266367 0.081562 0.016577 -0.142669 -0.277654 -0.101272 0.039480 0.013437 -0.000981 0.002253 0.061077 0.068216 0.045373 -0.065586 -0.017400 -0.007309 -0.000222 0.000222 0.008374 0.007532 0.075638 0.130402 0.172952 0.164048 -0.006475 -0.013235 -0.036566 -0.062386 -0.056049 -0.000745
0.034378 -0.099099 -0.032558 0.107767 0.142423 -0.016198 -0.288685 -0.830459 -0.246083 -0.071642 -0.118381 -0.601236 -0.243145 -0.006381 0.000000 0.001165 0.001032 0.103291 0.271670 0.193265 0.058223 -0.061445 0.023184 0.073481 0.139324 0.543518 0.364564 0.331204 0.193030 0.146061 -0.071404 -0.000150 0.000149 0.022715 0.258838 0.149610 0.073914 -0.001873 0.001481 0.032602 0.080791 0.106717 0.103641 -0.007514 -0.008478 -0.000103 0.000103 0.007241 0.006818 0.027847 0.658632 -0.001207 -0.001563 -0.002417 -0.000416 0.000078 -0.023219 -0.028005 -0.000981
-0.050104 -0.164223 -0.024156 0.164528 0.183099 0.004176 -0.160238 -0.050902 -0.010955 -0.029161 -0.042766 -0.045726 -0.000757 -0.001093 -0.000048 0.000921 0.000956 0.064044 0.207340 0.125421 0.209334 0.177702 0.196612 0.052191 0.025667 0.153467 0.334473 0.252810 0.139357 0.112816 -0.087213 -0.000376 0.000376 0.008395 0.017640 0.053048 0.017773 -0.003358 -0.000343 0.000886 0.001683 0.139145 0.192465 0.203534 0.071422 0.028950 -0.001326 -0.000911 0.003302 0.002556 -0.000016 0.000003 0.006034 0.038346 0.004684 -0.001156 -0.000936 -0.001754 -0.002089
-0.205082 -0.273233 -0.059947 0.284152 0.367455 0.292180 -0.004913 -0.004044 -0.000617 -0.018448 -0.028965 -0.006495 0.001736 0.000915 0.000367 -0.000081 -0.000748 0.007012 0.060325 0.039622 0.040405 0.038130 0.021000 -0.000228 0.000536 0.154999 0.163720 0.125101 0.096468 0.069504 -0.102301 -0.000723 0.000723 0.008028 0.007209 -0.056321 -0.033298 -0.004935 -0.005856 -0.000007 0.014956 0.315937 0.792828 0.141229 0.089500 0.040369 -0.001407 -0.000799 0.000259 -0.000364 -0.000326 0.000208 0.006364 0.024719 0.002212 -0.000748 -0.000104 0.000596 -9999.000000
-0.296350 -0.149078 0.187820 0.727398 0.821880 1.466381 0.369797 0.015100 0.003993 -0.003926 -0.015881 -0.002162 0.000822 0.000551 -0.110740 -0.005912 -0.003128 0.000556 0.010357 0.001499 0.005267 0.009081 -0.001116 0.000209 0.001208 -0.000796 -0.003750 0.003493 -0.006594 -0.022486 -0.117619 -0.000376 0.000376 0.010815 0.051484 -0.041340 -0.091357 -0.008279 -0.000518 -0.000236 0.000422 0.000415 0.004064 0.075637 -9999.000000 -9999.000000 -9999.000000 -9999.000000 -9999.000000 -9999.000000 -9999.000000 -9999.000000 -9999.000000 -9999.000000 -9999.000000 -9999.000000 -9999.000000 -9999.000000 -9999.000000
-0.043666 0.061151 0.443002 1.175910 1.097011 1.770444 1.503983 0.529584 0.240403 0.095289 0.064855 -0.000186 -0.142801 -0.173838 -0.189201 -0.008600 -0.010695 0.000029 -0.007439 -0.020161 -0.024636 -0.019755 -0.001047 0.001075 0.018154 0.018655 0.018928 0.037513 0.051351 0.041195 0.000000 0.000320 0.000395 -9999.000000 -9999.000000 -9999.000000 -9999.000000 -9999.000000 -9999.000000 -9999.000000 -9999.000000 -9999.000000 -9999.000000 -9999.000000 -9999.000000 -9999.000000 -9999.000000 -9999.000000 -9999.000000 -9999.000000 -9999.000000 -9999.000000 -9999.000000 -9999.000000 -9999.000000 -9999.000000 -9999.000000 -9999.000000 -9999.000000
-0.006098 -0.009573 0.008533 0.048124 1.040368 2.462289 1.172853 0.718767 0.472937 0.167460 0.123582 -0.000010 -0.044398 -0.057922 -0.062746 0.024891 -0.020370 -0.002709 -0.186636 -0.221835 -0.051990 -0.056337 -0.001148 0.001170 0.255847 0.278843 0.086710 0.065041 0.061230 0.055522 0.000000 0.002707 0.002175 -9999.000000 -9999.000000 -9999.000000 -9999.000000 -9999.000000 -9999.000000 -9999.000000 -9999.000000 -9999.000000 -9999.000000 -9999.000000 -9999.000000 -9999.000000 -9999.000000 -9999.000000 -9999.000000 -9999.000000 -9999.000000 -9999.000000 -9999.000000 -9999.000000 -9999.000000 -9999.000000 -9999.000000 -9999.000000 -9999.000000
-0.011237 -0.010987 -0.006070 0.000000 0.010568 0.101221 -0.214321 -0.289205 -0.317774 -0.267649 -0.356967 -0.316296 -0.374107 -0.421561 -0.838523 -0.834165 -1.051771 -0.848084 -0.780159 -0.507459 -0.664897 -0.131777 -0.001268 0.001371 -0.079497 -0.088634 -0.134991 -0.000067 0.000464 0.043578 0.035096 0.021467 -9999.000000 -9999.000000 -9999.000000 -9999.000000 -9999.000000 -9999.000000 -9999.000000 -9999.000000 -9999.000000 -9999.000000 -9999.000000 -9999.000000 -9999.000000 -9999.000000 -9999.000000 -9999.000000 -9999.000000 -9999.000000 -9999.000000 -9999.000000 -9999.000000 -9999.000000 -9999.000000 -9999.000000 -9999.000000 -9999.000000 -9999.000000
