use_cases/Flooding_chicago/flooding_data/output/hUx_2520.asc
ncols 337
nrows 393
xllcorner 428428.000000
yllcorner 4602440.000000
cellsize 26.757400
NODATA_value -9999.000000
[rows 182 to 207 of 393, columns 118 to 176 of 337]
-0.003460 0.005843 -0.103468 -0.008828 -0.000065 0.000556 0.005007 0.136607 0.746924 1.456261 0.811216 0.454737 0.029607 -0.009179 -0.027650 -0.077713 -0.192525 -0.239570 -0.333019 -0.272579 -0.110506 -0.027279 -0.018141 -0.000518 0.000222 0.006077 0.022187 0.027769 -0.125998 -0.211105 -0.037406 -0.016244 -0.004568 -0.005462 -0.000270 0.000473 0.021103 0.300340 -0.009194 -0.013239 0.001070 0.001426 -0.002107 -0.000157 0.002332 0.017086 0.381997 0.394173 -0.001429 -0.570182 -0.022854 -0.015084 -0.004083 -0.002763 0.003511 0.004132 0.035277 0.044915 0.054038
-0.412879 -0.673407 -0.999644 -0.005548 -0.000065 0.000124 0.134898 0.590222 0.477361 0.211677 -0.052026 -0.102884 -0.014682 -0.002914 -0.000874 0.000511 -0.012271 -0.024115 -0.046222 -0.046217 -0.135083 -0.070920 -0.015119 -0.005672 0.000007 0.001162 0.001268 -0.064243 -0.090554 -0.008005 -0.032635 -0.021730 -0.001549 -0.000610 0.000419 0.005921 0.004419 0.018566 -0.000120 -0.009708 -0.021543 -0.006123 -0.007086 -0.000363 0.000397 0.007198 0.018565 0.184347 -0.098200 -0.451883 -0.029131 -0.024485 -0.004590 -0.002231 0.004024 0.004034 0.013177 0.038307 0.055089
-0.026985 -0.176788 -0.705796 -0.127150 -0.045478 -0.084429 -0.264779 -0.090202 0.081424 -0.112060 -0.353474 -0.202780 -0.029202 -0.007946 -0.006103 -0.000836 -0.000690 -0.001484 -0.006544 -0.013901 -0.028760 -0.074494 -0.029614 -0.006073 0.000000 0.000570 0.000577 -0.207793 -0.084124 -0.005182 -0.021923 -0.026969 -0.016757 -0.000366 0.000072 0.001179 -0.117206 -0.009794 -0.002491 -0.002975 -0.012527 -0.037882 -0.010145 -0.000700 0.000820 0.007924 0.020044 0.283891 0.388033 0.237717 -0.038221 -0.003946 -0.000222 0.000222 0.003234 0.002607 0.017804 0.025206 0.046599
0.099426 -0.082342 -0.695966 -0.169919 -0.066722 -0.080689 0.025955 0.000516 -0.098549 -0.190992 -0.149818 0.026555 -0.085125 -0.059185 -0.017809 -0.004490 -0.015391 -0.005982 0.000003 -0.012904 -0.034730 -0.089966 -0.031342 -0.016538 0.000000 -0.004195 -0.025526 -0.057794 -0.012178 -0.041656 -0.043686 -0.034106 -0.009444 -0.000698 -0.002656 -0.014354 -0.062375 -0.017821 -0.012043 0.000000 -0.020592 -0.055332 -0.016927 -0.000489 0.000684 0.010457 0.019013 0.188493 0.325522 0.271443 -0.019148 -0.000471 -0.000442 -0.000753 0.000194 0.001423 0.003027 0.001358 0.009565
0.328648 0.201705 -0.302378 -0.114781 -0.060051 -0.074931 -0.018906 0.089425 -0.036557 -0.308842 -0.447392 -0.244753 -0.034483 -0.021717 -0.006608 -0.025693 -0.005883 -0.000326 0.000208 0.084130 -0.096976 -0.176578 -0.127664 -0.001588 0.000121 -0.003159 -0.014408 -0.017740 0.002025 -0.009882 -0.042960 -0.023591 -0.010745 -0.000023 -0.046678 -0.015734 -0.007572 -0.003202 -0.003507 -0.006293 -0.035334 -0.007165 -0.000685 0.000313 0.011481 0.033764 0.096635 -0.146144 -0.057875 0.200557 0.288923 -0.000317 -0.000391 -0.000196 -0.000043 0.000213 0.001145 0.000039 0.006832
0.851544 0.961326 0.778319 0.136556 -0.013232 -0.005305 0.118550 0.036310 -0.142357 -0.067501 -0.256862 -0.157151 -0.076062 -0.040455 -0.006874 -0.008232 -0.000811 -0.000066 0.000201 -0.083450 -0.123223 -0.403063 -0.024355 -0.007976 0.000003 -0.177005 -0.359004 -0.398774 -0.279632 -0.019655 -0.234902 -0.010623 -0.001582 -0.005001 -0.032462 -0.015819 -0.004155 -0.021214 -0.045435 -0.033801 -0.026207 -0.007943 -0.000431 0.000299 0.012303 -0.384293 -1.064821 -0.868707 -0.624778 -0.451845 -0.111299 -0.001460 -0.002064 -0.000454 -0.000546 -0.000786 -0.000438 0.000000 0.015373
0.291272 -0.093874 -0.437947 -0.940163 -0.000106 0.000110 -0.192962 -0.183356 -0.189695 -0.175646 -0.128569 -0.034977 -0.010396 -0.021620 -0.010481 -0.018029 -0.023604 -0.031317 -0.446537 -0.629744 -0.740861 -1.050452 -0.556435 -0.506638 -0.445722 -0.766499 -0.241875 -0.001583 -0.005646 -0.010066 -0.005002 -0.000678 -0.007429 -0.047853 -0.052848 -0.057565 -0.150770 -0.089067 -0.038713 -0.042437 -0.034481 -0.013095 -0.000142 0.000132 -0.650709 -0.837591 -0.910991 -0.627196 -0.159943 0.267692 0.454251 0.427734 0.626129 0.623963 -0.002910 -0.005568 -0.008156 -0.000213 0.001479
-0.000882 -0.186571 -0.624973 -0.012748 -0.000106 0.000121 0.042067 -0.173145 -0.405282 -0.554976 -0.459403 -0.164165 -0.016471 -0.003713 -0.008289 -0.011835 -0.021468 -0.039266 -0.255463 -0.308189 -0.502452 -0.529851 -0.600659 -0.537646 -0.686726 -0.215113 -0.162460 -0.192762 -0.014568 -0.018284 -0.000536 0.050921 -0.456857 -0.382969 -0.174133 -0.042999 -0.006425 -0.015561 -0.022383 -0.031451 -0.008061 -0.000361 0.000109 0.006347 -1.819196 -0.382536 -0.009395 -0.007082 -0.003027 0.132507 0.402490 0.164189 0.153080 0.121900 -0.009133 -0.129810 -0.079266 -0.000276 0.000846
-0.000572 0.000193 -0.201240 -0.008781 -0.000208 0.000326 0.060386 -0.382553 -0.907328 -1.523315 -0.888382 -0.314683 -0.010172 -0.000967 -0.000370 -0.762066 -0.977904 -1.080278 -1.234101 -0.940173 -0.664980 -0.082137 -0.300597 -0.287863 -0.339828 -0.203748 -0.183675 -0.198660 -0.565088 -0.427300 -0.557085 -0.797822 -0.827178 -0.478126 -0.285205 -0.154421 -0.001610 -0.001171 0.012883 -0.009459 -0.062449 -0.060704 -0.215340 -1.288855 -1.398817 -0.398155 -0.019493 -0.006886 0.000000 0.005878 -0.486108 -0.627599 -1.416946 -0.633886 -0.244575 -0.143522 -0.061782 -0.000013 0.000474
-0.002024 -0.002006 -0.008377 -0.005988 -0.000003 -0.002222 0.006943 0.007283 -0.001172 -2.900561 -1.401998 -0.820173 -0.984356 -0.975475 -0.194243 -2.056054 -1.192348 -1.315738 -1.681195 -1.272409 -1.301215 -0.885618 -0.817176 -0.711069 -0.893601 -0.683248 -0.623143 -0.456523 -0.843959 -0.913019 -1.583576 -1.056854 -1.151620 -0.532166 -0.348101 -0.323366 -0.252419 -0.424178 -0.199973 -0.131506 -0.112114 -0.217465 -0.220719 -0.828627 -0.087965 -0.062434 -0.038808 -0.006063 0.000000 0.005878 -0.396230 -0.467951 -0.324445 -0.186216 -0.038594 0.004821 0.005854 0.003241 0.006678
0.022285 -0.162798 -0.396691 -0.015006 -0.004256 -0.016779 -0.010277 -0.003848 -0.004040 -0.010261 -1.683158 -1.110655 -1.471800 -1.818278 -2.134124 -2.302910 -0.565712 -0.011878 0.025741 0.081624 -0.080933 -0.061205 -0.017084 -0.055351 -0.296437 -0.396997 -0.402693 -0.597396 -0.848674 -1.044260 -1.893735 -0.941702 -1.006707 -1.312684 -0.253104 -0.312167 -0.367921 -1.085029 -1.447007 -1.614979 -1.620825 -1.223632 -0.468001 -0.080411 0.173137 0.216875 0.112351 -0.018729 -0.000127 0.000291 -0.110446 -0.006103 -0.009389 -0.005456 0.000583 0.000000 0.020986 0.048609 0.020431
0.356663 0.283593 0.173996 0.108194 -0.176828 -0.031579 -0.002617 -0.006527 -0.011096 -0.000094 -0.373594 -0.552313 -0.658085 -0.304094 -0.426094 -0.452310 -0.011452 0.000000 0.142306 0.119389 -0.012482 -0.068319 -0.000119 0.000119 0.046913 -0.043730 -0.009674 -0.038476 -0.156585 -0.285304 -0.410258 -0.209443 -0.337042 -2.535365 -1.141645 -0.690783 -0.273838 -0.615013 -0.556081 -0.144696 -0.142544 -0.036193 -0.015677 0.000034 0.209626 0.665206 0.596580 0.244490 -0.019583 -0.065311 -0.040070 -9999.000000 -9999.000000 -9999.000000 -9999.000000 0.000000 0.010885 0.065509 0.253727
-0.223902 -0.219731 -0.272057 -0.371041 -0.467126 -0.027009 -0.001400 -0.001391 -0.003947 -0.001267 -0.000057 -0.000793 -0.000542 -0.001473 -0.002862 -0.012257 -0.005878 0.000000 -0.002887 -0.014301 -0.096451 -0.003946 -0.000222 0.000222 0.006927 0.242444 0.277850 0.127620 0.048377 0.069792 0.065406 -0.000596 -0.000426 -0.167136 -0.251951 -0.147409 -0.189864 -0.187165 -0.070926 -0.123490 -0.025280 -0.006500 -0.000378 0.000776 0.246097 0.290526 1.162966 0.418940 -9999.000000 -9999.000000 -9999.000000 -9999.000000 -9999.000000 -9999.000000 -9999.000000 -9999.000000 -9999.000000 0.004179 -0.002205
-0.554112 -0.390349 -0.318318 -0.157384 -0.360044 -0.026901 -0.005632 0.000000 -0.005794 -0.007473 -0.001301 -0.001233 -0.000387 -0.000772 -0.002086 -0.012600 -0.005878 0.000000 0.135101 0.200932 0.170182 -0.018340 -0.117979 -0.005527 0.000000 0.003918 0.177804 0.051676 -0.066611 -0.205662 -0.310918 -0.150008 -0.009133 -0.030151 -0.089032 -0.148738 -0.096840 -0.006451 -0.024982 -0.026180 -0.008649 -0.000815 -0.000070 0.000789 0.004993 0.006230 0.002086 -9999.000000 -9999.000000 -9999.000000 -9999.000000 -9999.000000 -9999.000000 -9999.000000 -9999.000000 -9999.000000 -9999.000000 -9999.000000 -0.011228
-0.422177 -0.431685 -0.005852 0.000000 -0.028684 -0.038015 -0.038925 -0.003995 -0.015147 -0.015757 -0.002644 -0.002731 0.000000 0.012234 0.224480 0.246282 -0.100168 0.000000 -0.008158 -0.008246 -0.149273 -0.037427 0.038396 0.021550 0.025915 0.022289 0.015099 -0.357112 -0.435435 -0.420973 -0.057252 -0.044347 -0.035839 -0.028910 -0.089639 -0.073551 -0.072370 -0.034950 -0.025035 -0.022892 -0.013268 -0.000911 0.000012 0.000274 0.001155 -9999.000000 -9999.000000 -9999.000000 -9999.000000 -9999.000000 -9999.000000 -9999.000000 -9999.000000 -9999.000000 -9999.000000 -9999.000000 -9999.000000 -9999.000000 -9999.000000
0.010072 0.146699 -0.000715 0.000062 -0.260530 -0.072408 -0.034964 -0.087563 -0.028279 -0.001529 -0.001302 0.000394 0.000285 0.001192 0.084656 -0.117751 -0.130310 -0.020541 -0.034206 -0.149010 -0.124325 -0.000360 0.000360 0.008173 0.000000 0.079959 -0.241306 -0.361626 -0.137953 -0.225369 -0.101338 -0.363617 -0.487272 -0.232535 -0.070129 -0.140162 -0.044224 -0.032842 -0.037974 -0.018339 -0.001885 -0.003637 -0.000330 0.000396 -9999.000000 -9999.000000 -9999.000000 -9999.000000 -9999.000000 -9999.000000 -9999.000000 -9999.000000 -9999.000000 -9999.000000 -9999.000000 -9999.000000 -9999.000000 -9999.000000 -9999.000000
0.007982 -0.031592 -0.043850 -0.025672 -0.192506 -0.079335 -0.041646 -0.007981 -0.000759 -0.000399 0.000418 -0.006918 -0.022964 -0.049826 -0.056935 -0.063638 -0.127796 -0.024229 0.000000 0.000823 -0.003983 -0.000360 0.000360 0.002932 0.000000 0.066107 -0.145274 -0.179633 -0.188476 -0.181304 -0.256455 -0.150132 -1.060490 -0.252982 -0.069180 -0.100157 -0.179902 -0.087880 -0.055603 -0.049007 -0.040995 -0.017421 -0.000401 0.000555 -9999.000000 -9999.000000 -9999.000000 -9999.000000 -9999.000000 -9999.000000 -9999.000000 -9999.000000 -9999.000000 -9999.000000 -9999.000000 -9999.000000 -9999.000000 -9999.000000 -9999.000000
0.015241 -0.035628 -0.157434 -0.132941 -0.383628 -0.036128 -0.020055 -0.007428 -0.000019 0.000473 0.000517 -0.037388 -0.026609 -0.038114 -0.044384 -0.049864 -0.103829 -0.010621 0.000000 0.006016 0.065203 0.017971 -0.100909 -0.213906 -0.348807 -0.451368 -0.447352 -0.370170 -0.325715 -0.271865 -0.287541 -0.097211 -0.139769 -0.034879 -0.085313 -0.115135 -0.206374 -0.080607 -0.048902 -0.040604 -0.031250 -0.013725 -0.000013 -9999.000000 -9999.000000 -9999.000000 -9999.000000 -9999.000000 -9999.000000 -9999.000000 -9999.000000 -9999.000000 -9999.000000 -9999.000000 -9999.000000 -9999.000000 -9999.000000 -9999.000000 -9999.000000
-1.424611 -1.374835 -1.317689 -1.486229 -1.702724 -0.919543 -0.013548 -0.000380 0.000171 -0.117276 -0.240351 -0.147065 -0.012987 -0.010256 -0.000837 -0.070584 -0.170756 -0.022654 0.000000 0.006663 0.052620 0.039338 -0.346724 -0.388729 -0.308681 -0.299664 -0.283296 -0.659454 -0.654226 -0.657824 -0.743421 -1.076570 -0.347171 -0.015593 -0.000948 -0.003017 -0.015354 -0.023427 -0.025808 -0.020938 -0.010737 -0.000925 0.000105 -9999.000000 -9999.000000 -9999.000000 -9999.000000 -9999.000000 -9999.000000 -9999.000000 -9999.000000 -9999.000000 -9999.000000 -9999.000000 -9999.000000 -9999.000000 -9999.000000 -9999.000000 -9999.000000
-1.557929 -1.726831 -1.926489 -2.041704 -2.877731 -1.173201 -0.266604 -0.024535 -0.087569 -0.110972 -0.100630 -0.002677 -0.003588 -0.079271 -0.440606 -0.387299 -0.230735 -0.139636 -0.001222 -0.006467 -0.535745 -0.988600 -0.775245 -0.730252 -0.537390 -0.422264 -0.361590 -0.571532 -0.484425 -0.502384 -0.464172 -0.589966 -0.337591 -0.361424 -0.009011 -0.043291 -0.010693 -0.003195 -0.004047 -0.001723 -0.001644 -0.000149 0.000103 -9999.000000 -9999.000000 -9999.000000 -9999.000000 -9999.000000 -9999.000000 -9999.000000 -9999.000000 -9999.000000 -9999.000000 -9999.000000 -9999.000000 -9999.000000 -9999.000000 -9999.000000 -9999.000000
-1.144309 -1.188093 -1.254977 -1.364017 -2.241650 -1.849688 -2.455707 -0.560438 -0.097969 -0.107856 -0.097220 -0.002313 -0.269171 -0.587336 -0.659667 -0.504459 -0.349239 -0.230949 -0.313092 -0.550623 -0.850844 -0.862149 -0.612919 -0.571855 -0.371137 -0.225176 0.002618 0.124699 -0.107022 -0.319813 -0.029145 -0.000030 -0.396728 -0.464373 -1.270656 -0.699602 -0.024241 -0.001239 -0.001650 -0.004259 -0.000789 -0.000216 0.000002 -9999.000000 -9999.000000 -9999.000000 -9999.000000 -9999.000000 -9999.000000 -9999.000000 -9999.000000 -9999.000000 -9999.000000 -9999.000000 -9999.000000 -9999.000000 -9999.000000 -9999.000000 -9999.000000
-0.466041 -0.175146 0.131499 0.351253 0.184507 -0.300705 -1.991759 -2.015073 -0.740267 -0.227093 -0.421761 -0.409198 -0.521499 -0.894502 -0.913711 -0.740500 -0.807981 -0.708797 -0.708503 -1.395223 -0.342625 -0.004594 0.000691 0.099065 0.071522 0.021380 0.218763 0.606882 0.626797 0.387210 -0.000647 -0.000878 -0.000083 -0.214019 -0.233559 -0.244975 -0.428610 -0.161644 -0.070746 -0.025236 -0.000063 0.000626 0.000379 0.000000 -9999.000000 -9999.000000 -9999.000000 -9999.000000 -9999.000000 -9999.000000 -9999.000000 -9999.000000 -9999.000000 -9999.000000 -9999.000000 -9999.000000 -9999.000000 -9999.000000 -9999.000000
-0.253049 -0.091980 -0.007576 -0.023365 -0.004738 -0.000000 -0.650156 -1.925013 -2.559637 -1.591818 -0.386577 -0.397319 -0.544884 -0.974069 -0.724480 -0.827537 -0.888748 -0.774681 -0.688439 -0.555303 -0.504445 -0.003251 -0.004597 -0.000476 -0.000665 0.002085 0.371847 0.357616 0.258355 0.179276 -0.053064 -0.051969 -0.004976 -0.004752 -0.001184 -0.206153 -0.406929 -0.119960 -0.007776 -0.003959 -0.000002 0.001412 0.000759 0.000000 -9999.000000 -9999.000000 -9999.000000 -9999.000000 -9999.000000 -9999.000000 -9999.000000 -9999.000000 -9999.000000 -9999.000000 -9999.000000 -9999.000000 -9999.000000 -9999.000000 -9999.000000
-1.495728 -0.604808 -0.022373 -0.016081 -0.009734 -0.000016 0.007297 -0.611883 -0.896751 -1.140647 -1.143597 -0.240969 -0.394397 -0.488652 -0.476842 -0.347599 -0.644742 -0.684471 -0.596381 -0.350091 -0.414683 -0.063846 -0.019871 -0.000984 0.000106 0.007528 0.008505 0.263232 -0.080924 -0.481094 -0.044737 -0.053439 -0.014006 -0.020436 -0.024502 -0.039631 -0.080742 -0.131586 -0.130146 -0.079477 -0.062957 -0.002807 -0.000064 0.000805 0.000000 -9999.000000 -9999.000000 -9999.000000 -9999.000000 -9999.000000 -9999.000000 -9999.000000 -9999.000000 -9999.000000 -9999.000000 -9999.000000 -9999.000000 -9999.000000 -9999.000000
-2.021691 -2.926693 -1.706061 -0.009400 -0.000797 -0.000378 0.000830 0.009465 0.062449 -0.900514 -1.128216 -0.538957 -0.587237 -0.240997 -0.000791 -0.172681 -0.187131 -0.555259 -0.412295 -0.330298 -0.404069 -0.058212 -0.031703 -0.013807 0.000000 0.008137 0.057217 0.091506 -0.270841 -0.613026 -0.098387 -0.010293 -0.022001 -0.030103 -0.039996 -0.050641 -0.068678 -0.096949 -0.137893 -0.136336 -0.086888 -0.015123 0.009665 -0.021360 0.000000 -9999.000000 -9999.000000 -9999.000000 -9999.000000 -9999.000000 -9999.000000 -9999.000000 -9999.000000 -9999.000000 -9999.000000 -9999.000000 -9999.000000 -9999.000000 -9999.000000
-1.008764 -1.903937 -1.094761 -0.299825 -0.008750 -0.000593 0.000092 0.000369 0.000095 0.011476 -0.315825 -0.412181 -0.492518 -0.166395 -0.000024 -0.250501 -0.302609 -0.285137 -0.187107 -0.119300 -0.205432 -0.055841 -0.024067 -0.017982 0.000000 0.012237 0.044781 -0.090648 -0.302276 -0.198091 -0.005193 -0.012237 -0.016816 -0.016153 0.000000 -0.009644 -0.011708 -0.000244 -0.000027 0.000242 0.076923 -0.009380 -0.008258 -0.001551 0.000164 -9999.000000 -9999.000000 -9999.000000 -9999.000000 -9999.000000 -9999.000000 -9999.000000 -9999.000000 -9999.000000 -9999.000000 -9999.000000 -9999.000000 -9999.000000 -9999.000000
