use_cases/Flooding_chicago/flooding_data/output/hUx_2940.asc
ncols 337
nrows 393
xllcorner 428428.000000
yllcorner 4602440.000000
cellsize 26.757400
NODATA_value -9999.000000
[rows 104 to 129 of 393, columns 118 to 176 of 337]
-9999.000000 -9999.000000 -9999.000000 -9999.000000 -9999.000000 -9999.000000 -9999.000000 -9999.000000 -9999.000000 -9999.000000 -9999.000000 -9999.000000 -0.000530 0.000000 0.007988 0.017479 0.016305 0.003642 0.042244 0.176924 0.067659 0.024637 0.009654 0.005544 0.003284 0.014646 0.041481 0.247405 0.007199 -0.033019 -0.041764 -0.306638 -0.546781 -0.868127 -0.023747 -0.000326 0.000208 0.013781 0.022373 0.004715 0.001293 0.005248 0.008303 0.008181 0.078886 0.889081 0.397701 0.219092 0.227152 0.021582 0.146573 0.053153 0.000941 0.001042 0.106992 0.169851 0.207840 0.234512 0.091009
-9999.000000 -9999.000000 -9999.000000 -9999.000000 -9999.000000 -9999.000000 -9999.000000 -9999.000000 -9999.000000 -9999.000000 -9999.000000 -9999.000000 -9999.000000 -0.000245 0.000000 0.004217 0.007929 0.013036 0.046234 0.009095 0.007688 0.002934 0.000254 0.006817 0.006708 0.003240 0.010648 0.230733 0.039965 0.049119 0.118821 0.081219 -0.026315 -0.204948 -0.010937 -0.008844 0.000003 0.003984 0.021026 0.038437 0.006365 0.015860 0.023890 0.146418 0.177351 -0.063458 -0.514219 -0.934456 -1.060409 -1.126509 -0.816889 -0.052481 -0.000344 0.000640 -0.070462 -0.075799 -0.004221 -0.005878 0.000300
-9999.000000 -9999.000000 -9999.000000 -9999.000000 -9999.000000 -9999.000000 -9999.000000 -9999.000000 -9999.000000 -9999.000000 -9999.000000 -9999.000000 -0.001217 -0.000046 0.000088 0.006755 0.017008 0.038457 0.011311 0.004431 0.002389 0.001571 0.004431 0.002073 0.002934 0.002241 0.015052 0.032861 0.091945 0.126065 0.078866 0.053469 0.004005 -0.100907 -0.021103 -0.005713 0.000000 0.015921 0.030271 0.036740 0.057650 0.101878 0.041623 0.083460 0.082614 0.063081 0.046028 0.012727 0.120523 0.131440 -0.012446 -0.045416 -0.000511 0.001926 -0.114374 -0.120244 -0.017472 -0.060112 -0.006257
-9999.000000 -9999.000000 -9999.000000 -9999.000000 -9999.000000 -9999.000000 -9999.000000 -9999.000000 -9999.000000 -9999.000000 -9999.000000 -0.000741 -0.000048 0.001172 0.000616 0.001962 0.003332 0.007170 0.004879 0.002523 0.003106 0.002593 0.019826 0.040649 0.049303 0.000101 0.013287 0.018080 0.118890 0.028505 0.000026 0.018330 0.012228 0.001673 -0.016929 -0.006365 -0.000061 0.001021 0.009316 0.044504 0.087177 0.146226 0.081345 0.029795 0.032269 0.038466 0.041061 0.063106 0.039682 0.028444 0.028400 -0.000532 0.000025 0.004551 -0.310960 -0.386287 -0.444522 -0.177521 -0.007343
-9999.000000 -9999.000000 -9999.000000 -9999.000000 -9999.000000 -9999.000000 -9999.000000 -9999.000000 -9999.000000 -9999.000000 0.000003 -0.005529 -0.001803 0.000591 0.002124 0.004851 0.010677 0.009115 0.014346 -0.000577 0.000466 0.001100 0.011855 0.021474 0.100858 -0.000098 0.000997 0.007968 0.008156 0.001712 0.000962 0.037456 0.110653 0.000175 0.003755 0.003062 -0.000104 0.000141 0.001716 0.005048 0.002806 0.010298 0.108169 0.000000 0.007299 0.014416 0.032786 0.140579 0.166149 0.056244 -0.000308 0.000011 0.000312 0.032826 0.934044 0.161545 -0.630889 -0.256457 -0.381780
-9999.000000 -9999.000000 -9999.000000 -9999.000000 -9999.000000 -9999.000000 -9999.000000 -0.001193 -0.001505 -0.000326 0.000208 -0.001522 -0.000632 0.000331 0.004235 0.005180 0.005408 0.003921 0.038361 0.078048 0.000019 0.001082 0.001540 0.001733 0.017230 0.003647 0.016106 0.022845 0.001593 0.000067 0.007030 0.105142 0.074647 -0.006564 -0.005449 0.009586 0.006891 0.002619 0.000120 0.000141 0.000842 0.014946 0.045805 0.008676 0.003636 0.009319 0.075871 0.214167 0.106300 0.025397 -0.000485 0.000156 0.000240 0.019478 0.071860 -1.011481 -0.953147 -0.241544 -0.122661
-9999.000000 -9999.000000 -9999.000000 -9999.000000 -9999.000000 -9999.000000 -0.001870 -0.001187 -0.000487 0.000289 0.006315 -0.000234 -0.006402 0.000012 0.004109 0.004566 0.008917 0.003404 0.011495 0.008890 0.002224 0.000550 0.000401 0.053188 0.034875 0.007828 0.013668 -0.538757 -0.546220 -0.410129 0.024482 0.153439 0.131869 0.103113 -0.003569 0.002718 0.005147 0.014823 0.003556 -0.007707 -0.000296 0.000129 0.048405 0.082656 0.078868 0.206251 0.237156 0.211106 -0.000770 -0.001615 -0.001323 0.000074 0.000515 0.006775 0.018192 0.005556 0.000552 0.000000 -0.068789
-9999.000000 -9999.000000 -0.012067 -0.018889 -0.010733 -0.010617 -0.003833 -0.004419 -0.000023 0.004231 0.019675 0.042953 -0.006887 -0.000792 0.000004 0.000907 0.014636 0.011735 0.001865 0.006270 0.001443 -0.000400 0.000476 0.000901 0.078105 0.054461 0.068725 -0.212019 -0.197033 -0.182220 0.000000 0.007240 0.142948 0.084509 0.042295 0.000220 0.015752 0.080846 0.008938 -0.052715 -0.020188 -0.000240 0.000058 0.006463 0.017237 0.024431 0.016854 0.001543 0.001542 -0.006236 -0.029861 -0.006879 -0.000520 0.000048 0.005276 0.014520 0.010236 0.223795 -0.000000
-0.004189 -0.017559 -0.014200 -0.010996 -0.043040 -0.008470 -0.000944 -0.000072 0.008652 0.023850 0.026517 0.013881 -0.021665 -0.009937 0.000000 0.019584 0.056034 0.039371 0.005750 0.000599 -0.016472 -0.021589 -0.012503 0.000000 0.003987 0.076868 0.371284 0.451615 0.619847 0.473325 0.000000 0.005878 0.124131 0.174023 0.052431 0.000010 0.019560 0.171902 0.151907 -1.034116 -0.020878 -0.006127 0.000000 0.005094 0.007492 0.009603 0.000000 0.005350 0.010222 0.024693 -0.023290 -0.013213 -0.006708 -0.000222 0.000222 0.003946 -0.081927 -0.088187 -0.032091
-0.085406 -0.006597 -0.025167 -0.030017 -0.007701 -0.000476 0.000088 0.007770 0.010601 0.001039 0.018981 0.084858 -0.019439 -0.008474 0.000000 0.010838 0.017384 0.031376 0.004935 -0.000630 -0.062431 -0.022295 -0.010118 0.000000 0.007592 0.098931 0.020010 0.295383 0.679426 0.369940 0.000000 0.005878 0.081825 0.087231 0.022005 -0.000210 0.002114 0.012083 0.449822 0.285312 -0.023588 -0.010755 0.000000 0.011970 0.027670 0.002777 -0.000067 0.000464 0.010099 0.029645 -0.000146 -0.000957 -0.000668 -0.000070 0.000070 0.008222 -0.137622 -0.160936 -0.182649
0.002775 -0.009038 -0.083327 -0.013425 -0.008819 -0.000126 0.000111 0.008330 0.018762 0.000903 0.001473 0.065977 0.099590 -0.000574 0.000203 0.012072 0.027575 -0.008349 -0.023207 -0.143470 -0.181411 -0.199151 -0.013418 0.000000 -0.004066 -0.012021 -0.015398 0.014831 0.031549 0.027250 0.000000 0.007240 0.042500 0.133189 -0.018482 -0.011791 -0.000028 0.000987 0.025683 0.470712 0.415103 -0.000437 -0.000240 0.000311 0.004289 0.022901 -0.000001 0.010762 0.019148 0.145527 0.203894 0.211447 0.138456 -0.000077 0.000067 -0.838560 -0.754708 -0.526968 -0.314003
0.001484 0.012669 0.003588 -0.057054 -0.019356 -0.003965 0.000003 0.008683 0.038631 0.039738 0.000040 0.021224 0.062478 0.013294 -0.007760 -0.046917 -0.098750 -0.076134 -0.306814 -0.256921 -0.280556 -0.236920 -0.027146 0.000000 -0.019228 -0.037197 -0.009091 0.002891 0.012141 0.027863 0.008948 0.015503 0.464546 0.322383 0.294855 0.207954 -0.000448 0.000457 0.000616 0.004435 0.301589 0.166281 -0.011120 0.000005 0.004290 0.066922 -0.000068 0.000297 0.009448 0.707919 0.792655 1.736132 1.255864 1.054765 0.867612 0.558176 0.376989 0.294617 0.385134
0.000070 0.025001 0.037224 0.028198 -0.086295 -0.009136 -0.000207 0.000450 0.032593 0.037361 0.019306 0.005875 0.055174 0.011317 -0.055660 -0.055512 -0.096752 -0.079313 -0.222422 -0.167449 -0.117545 -0.006930 -0.010916 -0.006246 -0.006144 0.000774 0.015701 0.013287 0.011078 0.021720 0.009722 0.005229 0.096121 0.021113 0.111724 0.053429 0.003345 0.001324 0.007368 0.021891 0.054093 0.123241 -0.000480 0.000012 -0.509672 -0.888965 -0.082935 0.074012 0.016642 0.670725 0.885140 1.242776 1.115199 1.357186 1.005608 1.057938 1.063013 0.930118 0.854343
0.046968 0.035672 0.045113 0.038153 0.162765 0.205233 0.133257 0.081232 0.093587 0.085278 0.047275 0.027912 0.022829 0.033417 0.013045 -0.043075 -0.165397 -0.093589 -0.032394 -0.029113 -0.001717 -0.003095 0.000000 0.032267 0.108647 0.100357 0.018819 0.007059 0.003420 -0.008638 -0.029897 0.000250 0.003549 0.097915 0.288098 0.165023 0.001776 0.017720 0.025933 -0.189150 -0.257829 0.037862 0.027698 -0.143736 -0.176965 0.156938 0.294002 0.552731 0.890687 1.458755 1.149750 0.316505 0.282789 1.408258 1.283783 1.212527 1.167252 1.170964 0.934536
0.086381 0.039513 0.040821 0.032863 0.206136 0.222359 0.182729 0.128521 0.000000 0.060336 0.154121 0.056384 0.057062 0.072550 0.060540 -0.057094 -0.358380 -0.222932 -0.084610 -0.008159 -0.023657 -0.008287 0.000000 0.013304 0.031135 0.074658 0.013604 -0.014968 -0.069806 -0.474211 -0.187702 -0.003644 0.001713 0.314378 0.458693 0.530578 0.427703 0.603731 0.762427 -0.121716 -0.317136 -0.215450 -0.456335 -0.512474 -0.295908 -0.318104 0.040594 0.274657 0.742273 0.566164 -0.011226 0.000000 0.013870 0.405021 1.041694 1.060322 1.364752 1.764248 1.855135
0.065800 0.025122 0.236069 0.026254 0.013169 0.003605 0.061924 0.050312 0.000000 0.024366 0.122603 0.046533 0.052314 0.056843 -0.050748 -0.105628 -0.136330 -0.033886 -0.020140 -0.072637 -0.009543 -0.000660 -0.000072 0.000979 0.041598 -0.161321 -0.242564 -0.537066 -0.705575 -0.620312 -0.203762 -0.008679 -0.004172 0.002884 0.003051 0.428150 0.316168 0.658247 1.709267 1.935566 1.220210 1.045445 1.305828 1.257298 1.288485 1.520285 1.114543 0.853006 0.809035 0.309075 0.001546 0.000107 0.047354 0.125883 0.296396 0.467799 0.976300 1.167397 1.220663
0.002038 0.000568 0.007177 0.012923 0.007641 -0.000599 0.011673 0.069425 0.037787 0.015169 0.117232 0.096127 0.108032 0.273762 0.256416 0.151095 -0.026654 -0.059275 -0.022697 -0.009079 -0.000753 -0.000297 -0.000001 0.030157 -0.142637 -0.146232 -0.114266 -0.272923 -0.014342 -0.013655 -0.048303 -0.014126 -0.013179 -0.000219 0.000990 0.016136 0.357608 0.180006 0.192282 0.593166 0.211658 0.224297 0.367474 0.440766 0.460009 0.682490 0.643310 0.575355 0.796138 0.644589 0.417890 0.284716 0.086348 0.079666 0.345623 0.497750 1.032935 1.286679 1.410228
-0.072434 -0.094557 -0.000289 0.003733 0.035142 0.072491 0.024879 0.229293 -0.055859 -0.225535 -0.213380 -0.108788 -0.027990 0.098781 0.163234 0.133588 0.063029 -0.047918 -0.050446 -0.055047 -0.138759 -0.218261 -0.046028 -0.393241 -0.455596 -0.292768 -0.135003 -0.095900 -0.002181 -0.001387 -0.006241 -0.020288 -0.002003 0.001341 0.003946 0.038827 0.047433 0.136716 0.204412 0.343429 -0.090382 0.076822 0.278660 0.453457 0.378880 0.320542 0.336898 0.340515 0.411936 0.290117 0.327395 0.861236 0.627461 0.436030 0.447016 0.435453 0.541578 0.548973 0.428626
-0.025757 -0.001664 -0.000667 0.001697 0.018071 0.086423 0.136303 0.025096 0.032513 0.222825 0.156077 0.092865 0.047627 0.002703 -0.008892 0.007256 -0.000983 -0.082018 -0.037659 -0.059598 -0.103011 -0.039064 -0.084939 -0.490335 -0.634416 -0.585112 -0.557589 -0.757765 -0.021280 -0.001126 -0.002627 -0.003636 0.000700 0.007801 0.008068 0.039391 0.080173 0.126695 0.195808 1.423068 0.835502 0.834693 1.047964 1.261865 1.153939 0.844013 0.891297 0.747757 0.770691 0.335653 0.353035 0.857689 0.593280 0.353493 0.410481 0.318701 0.291870 0.156086 0.178092
-0.007124 -0.002923 -0.000040 0.027559 0.086296 0.072551 -0.056101 -0.030971 0.018269 0.037579 0.030885 -0.020224 -0.035641 -0.060471 -0.063339 -0.026993 -0.004312 -0.018051 -0.063391 -0.077249 -0.113267 -0.042498 -0.084088 -0.771061 -0.812779 -0.754433 -1.205914 -1.113522 -0.025860 -0.000428 0.000361 0.009903 0.005742 0.007177 0.010776 0.003436 0.036821 0.114852 0.156692 1.967786 1.681912 1.853044 1.166712 1.514180 1.686675 1.596126 1.402717 1.225843 1.197638 0.818539 0.441275 1.054630 0.947540 0.799847 0.868116 0.708248 0.676144 0.581359 0.618859
0.116002 -0.003169 0.001557 0.005369 0.037427 0.604300 0.427539 0.259356 0.183292 0.043889 0.016618 -0.031953 -0.063954 -0.118959 -0.149211 -0.136120 -0.093381 -0.038597 -0.060173 -0.030739 -0.050347 -0.010972 -0.010714 -0.852326 -0.102211 -0.000138 -0.031230 -0.120405 -0.022319 -0.001007 0.000602 0.001795 -0.000278 -0.000197 0.000864 0.000968 0.020364 0.057245 0.075825 0.049727 0.281673 -0.106152 -0.117897 -0.130062 0.047632 0.355842 0.442543 0.642974 0.756502 1.089470 1.334753 1.277695 2.233064 2.105272 1.804887 1.227271 1.196763 1.021583 0.915061
0.070503 -0.002771 -0.000501 0.003643 0.033893 0.588751 0.428420 0.436089 0.224635 0.172646 0.080183 0.021039 -0.019762 -0.059384 -0.055052 -0.002814 0.018207 -0.006073 -0.024997 -0.022899 -0.014997 -0.116160 -0.386133 -0.604478 -0.060992 -0.002564 -0.004297 -0.016644 -0.009189 -0.001926 -0.001035 0.000012 0.000000 0.002536 0.002152 0.001246 0.026719 0.057636 0.014687 0.028662 0.039949 0.031606 0.004442 0.002352 0.007659 0.277443 0.355907 0.335547 0.438952 0.410726 0.326611 1.106322 0.223402 0.083786 -0.072812 -0.004316 0.000118 0.020723 0.336455
0.185631 0.073082 0.004785 0.004269 0.037371 0.358254 0.278392 0.318348 0.151307 0.076798 0.012931 -0.017270 -0.007465 -0.013680 0.000124 0.087161 0.101399 0.083950 -0.024636 -0.048512 -0.200811 -0.336249 -0.799885 -0.761402 -0.036176 -0.003270 -0.007187 -0.022537 -0.008064 -0.001057 -0.000703 -0.000055 0.000029 0.001001 0.029315 0.035587 0.030110 0.017317 0.010602 0.007435 0.013737 0.023973 0.030155 0.009165 0.046184 0.244697 -0.139653 -0.037396 -0.003570 -0.001708 -0.001055 -0.000382 -0.000614 -0.000717 -0.000413 0.000000 0.006340 0.060316 0.084318
0.246362 0.148825 0.003192 0.002174 0.470477 0.292909 0.261883 0.254422 0.261854 0.246476 0.224880 0.207602 0.211121 0.168936 0.167738 0.175796 -0.013732 -0.246933 -0.498707 -0.669483 -0.809971 -1.059764 -1.082614 -0.577258 -0.006910 -0.001837 -0.001765 -0.002303 -0.001002 -0.000034 -0.001572 -0.001553 -0.001706 0.000052 0.025182 0.027047 0.023832 0.018576 0.017599 0.010899 0.002061 0.009351 0.026308 0.055218 0.108032 0.248725 -0.158675 -0.070945 -0.029313 -0.005302 -0.026061 -0.010508 -0.000182 0.000513 0.002768 0.001316 0.001375 0.035703 0.023923
0.380076 0.427163 0.277927 0.138347 0.650140 0.375871 0.307169 0.279723 0.367958 0.297588 0.311070 0.382767 0.371765 0.392339 0.418166 0.441695 0.404499 0.259834 0.132378 0.054321 -0.022008 -0.090360 -0.094478 0.000069 0.095939 0.002212 -0.039019 0.076232 0.108178 -0.002545 -0.018453 -0.027101 -0.018988 -0.000265 0.000436 0.007732 0.010159 0.013333 0.005226 -0.000084 0.000126 0.016848 0.040696 0.009473 0.016634 -0.077793 -0.213414 -0.085807 -0.110293 -0.097343 -0.036847 -0.015496 -0.000048 0.016989 0.033359 0.225581 0.648329 0.101557 0.057927
0.001331 0.346247 1.055888 0.847301 0.556933 0.533557 0.460393 0.510612 0.519677 0.468433 0.614594 0.630312 0.618656 0.628191 0.669117 0.630992 0.731819 0.677134 0.548606 0.558424 0.584147 0.613008 0.530878 0.193835 0.187957 0.131526 0.128508 0.161137 0.256997 0.192446 0.141548 -0.032805 -0.029553 -0.008060 0.000009 -0.000275 -0.001258 -0.001674 -0.000745 -0.000069 0.000588 0.006894 0.014599 0.032059 0.049506 -0.035916 -0.136157 -0.253128 -0.109215 -0.084672 -0.063550 -0.022070 -0.000756 0.001283 0.009188 0.024372 0.079728 0.000023 0.019788
