use_cases/Flooding_chicago/flooding_data/output/hUx_840.asc
ncols 337
nrows 393
xllcorner 428428.000000
yllcorner 4602440.000000
cellsize 26.757400
NODATA_value -9999.000000
[rows 130 to 155 of 393, columns 177 to 235 of 337]
0.010992 0.014472 0.288286 0.073460 -0.002983 -0.026008 -0.014457 -0.000449 0.000128 0.000258 0.010138 0.029221 0.017282 0.001868 0.001074 0.033073 0.869893 0.452758 0.401062 -0.031504 -0.007121 -0.034075 -0.158598 -0.077399 -0.036016 -0.001385 0.000125 -0.549468 -0.506520 -0.703987 -0.070896 -0.000217 -0.000229 0.001219 0.001997 0.002703 0.001207 -0.161785 -0.031568 -0.083565 -0.067195 -0.081419 -0.165543 -0.147404 -0.029179 -0.090489 -0.020247 0.000000 0.008064 0.026226 0.031510 0.023441 0.049455 0.650798 -0.096169 -0.028038 -0.008716 -0.001200 -0.001298
0.025330 0.022984 0.030434 -0.025893 -0.026810 -0.008944 -0.000506 -0.000566 0.000045 0.000951 0.000537 0.008585 0.020364 0.018493 0.004209 0.024180 0.021012 0.373853 0.154393 -0.211918 -0.210151 -0.243345 -0.148129 -0.058375 -0.085750 -0.105308 0.000008 -0.398800 -0.496136 -0.028356 -0.007788 -0.000341 0.000166 0.001164 0.008918 0.016402 0.029335 -0.008984 -0.043597 -0.016939 -0.003340 -0.000008 0.000141 -0.000870 -0.000683 -0.003238 -0.007062 0.000000 0.015206 0.031937 0.054173 0.103728 0.025962 0.011519 0.003636 -0.004335 -0.001849 -0.001303 -0.001241
0.021111 0.025705 0.004165 -0.017676 -0.016962 -0.013639 -0.007145 0.000000 0.001246 0.000653 0.000387 0.000712 0.008113 0.009951 0.013736 0.021967 0.077887 0.483066 0.296324 -0.224837 -0.164115 -0.171190 -0.159983 -0.213791 -0.243859 -0.283113 -0.465664 -0.438705 -0.055935 -0.029400 -0.011918 -0.000270 0.000473 0.006739 0.021589 0.054219 -0.052639 -0.438131 -0.028333 -0.022930 -0.007424 -0.000307 0.000088 0.000323 0.001092 0.000971 -0.000661 0.000000 0.005878 0.025511 0.031067 0.146544 0.000000 0.006565 0.032601 0.010185 0.006095 0.000832 -0.000321
0.024835 0.003418 -0.010894 -0.001932 -0.011197 -0.013442 -0.007145 0.000000 0.006542 0.022332 -0.000306 0.000410 0.010497 0.025841 0.031063 0.063678 0.893878 0.832859 1.506169 0.668732 -0.241602 -0.222452 -0.165707 -0.171320 -0.235208 -0.089880 -0.010483 -0.023398 -0.043229 -0.008161 -0.000965 0.000000 0.000965 0.016159 0.025827 0.071467 -0.056198 -0.405481 -0.032934 -0.012404 -0.000758 -0.000320 0.000684 0.000648 0.004220 0.013960 0.001583 0.000000 0.005878 0.016460 0.046678 0.062283 0.013620 0.004979 0.007480 0.004867 0.003075 0.011851 0.044708
0.031234 0.003588 -0.009493 -0.000055 -0.040078 -0.010533 -0.000344 0.000100 0.000374 0.001588 0.000519 0.000196 0.000683 0.009033 0.044583 0.102203 -0.233233 -0.073020 0.706225 0.460896 0.075331 -0.044683 -0.189531 -0.159390 -0.108027 -0.035185 -0.009880 -0.037347 -0.017419 -0.011876 -0.000473 0.000270 0.019004 0.023799 -0.253512 -0.313928 -0.546401 -0.025965 -0.019513 -0.013507 -0.000703 -0.000053 0.000669 0.010610 0.019725 0.047673 -0.000141 0.000207 0.009778 0.030758 0.040007 0.050606 0.070282 0.015829 0.000511 0.021912 0.039891 0.145971 -0.026617
-0.002720 -0.043075 -0.008343 -0.000967 -0.003178 -0.000368 0.000012 0.000149 0.000193 0.000489 0.001297 0.000553 0.000366 0.010418 0.034375 0.029499 0.025906 0.202236 0.521544 0.716393 0.504258 0.087729 -0.204285 -0.231746 -0.081263 -0.050417 -0.043114 -0.034415 -0.008862 -0.000859 0.000079 0.000600 0.002127 0.013010 -0.062669 -0.203021 -0.032029 -0.025327 -0.023706 -0.010923 -0.000232 0.000169 0.001376 0.000685 0.001523 0.002915 0.001467 0.000718 0.000496 0.012478 0.026534 0.040131 0.109333 0.051529 0.013487 0.002950 -0.033418 -0.076901 -0.362619
-0.005617 -0.005882 -0.018451 -0.019756 -0.013738 -0.000010 0.003619 -0.000609 -0.006631 0.000019 0.024565 0.024548 0.001930 0.000776 0.015177 0.021535 0.022203 0.168724 0.389654 0.518959 0.494974 0.209071 -0.061610 -0.224187 -0.077608 -0.075640 -0.033494 -0.002423 -0.000475 0.000263 0.000484 0.000204 0.000368 -0.284499 -0.395099 -0.046663 -0.031081 -0.017993 -0.002222 -0.001673 -0.000077 0.000072 0.008463 0.025269 0.018515 0.001905 0.000995 0.000480 0.000380 0.033195 0.061081 0.087803 0.033813 0.230277 0.278572 0.337157 0.256148 0.107966 -0.053707
0.259519 1.798242 0.083193 0.015464 -0.001095 0.000454 0.023448 0.411673 -0.024058 -0.000217 0.002867 0.029628 0.062378 -0.000108 0.001111 0.017303 0.157839 -0.020182 0.061572 0.212730 0.261149 0.178165 -0.004421 -0.067471 -0.193624 -0.041357 -0.014406 -0.000300 0.000082 0.000397 0.000158 0.000203 -0.080119 -0.157331 -0.008546 -0.005680 -0.001909 -0.005544 -0.007379 -0.002902 -0.000096 0.000094 0.013121 0.020075 0.002497 0.000990 0.001219 0.000818 0.012403 0.032861 0.028443 0.067155 0.021916 0.006227 0.004408 0.001649 0.064143 0.028599 -0.008862
0.507534 1.239161 1.090467 1.164922 1.171832 0.888940 0.957904 1.860292 1.837876 0.792798 0.351484 0.204366 0.622196 0.284385 -0.005764 -0.017558 -0.030690 -0.058329 -0.108143 -0.013001 0.021404 -0.008283 -0.093875 -0.173670 -0.200512 -0.035212 -0.001004 0.000204 0.010066 0.026649 0.003120 0.139429 0.542048 -0.162957 -0.020746 -0.030400 -0.033318 -0.023646 -0.004782 -0.004731 -0.000103 0.000103 0.008253 0.021101 0.002147 0.001695 0.019562 0.023875 0.002193 0.023143 0.045204 0.048674 0.052885 0.012595 0.006010 0.014422 0.097260 0.021730 -0.058798
0.490199 0.338992 1.193227 1.357443 1.266232 2.004972 1.853477 1.305002 1.291852 2.145674 3.202258 4.090835 3.622519 2.922444 2.479939 2.224979 2.312135 1.683675 1.035198 0.943152 0.785840 0.647735 0.327697 0.147113 -0.228162 -0.013764 -0.000114 0.000096 0.000550 0.006873 0.126101 0.239444 0.447184 0.203570 -0.215765 -0.030923 -0.013367 -0.011120 -0.002959 -0.003439 -0.000003 0.008373 0.028519 0.052718 0.053876 0.000113 0.018170 0.015683 0.001493 0.001444 0.010702 0.036712 0.025632 0.003448 0.002247 0.008607 0.061056 -0.072717 -0.166629
0.000000 0.629717 0.590064 0.574090 0.405094 0.910123 0.468891 0.001642 0.001109 0.081042 0.868440 -0.248322 -0.719837 -0.395787 -0.084666 0.045485 0.187209 0.137912 0.108130 0.141039 0.323100 0.203162 0.086866 0.032745 0.008326 -0.118179 -0.000561 -0.001330 -0.001302 0.000458 0.000562 -0.231440 -0.313666 0.032355 0.084703 -0.002537 -0.013408 -0.023078 -0.010915 -0.000141 0.006730 0.010333 0.002444 0.005418 0.005113 -0.000347 0.001295 0.013268 0.023731 0.003470 0.003676 0.003079 -0.041294 -0.146893 -0.582843 -0.715923 -1.573574 -1.340143 -0.502882
1.333717 0.638927 0.444503 0.019465 -0.002300 -0.036052 -0.005592 0.000045 0.003659 0.021355 0.012855 0.000753 0.000406 0.009135 0.105438 -0.180411 -0.523760 -0.518500 -0.024585 -0.023958 0.070944 0.142614 0.124656 0.057317 -0.068491 -0.245438 -0.013097 -0.008043 -0.036093 -0.099875 -0.236463 -0.267585 -0.133963 0.193295 0.200919 0.191400 0.070087 -0.017426 -0.008227 -0.000005 0.003315 0.016304 0.000061 0.027560 0.019012 -0.009089 0.000086 0.030136 0.101435 -0.073700 -0.771061 -0.831422 -1.062145 -0.793701 -0.759231 -0.743075 -0.551443 -0.297941 -0.486382
0.161748 0.034687 -0.079777 -0.022747 -0.006064 -0.000104 0.000101 0.010833 0.043982 -0.035360 -0.005040 -0.000000 0.007130 0.020651 0.037634 0.041211 0.026432 0.005458 0.005392 -0.105370 -0.078105 0.052873 0.200742 0.143902 0.071452 -0.009561 -0.022837 -0.056695 -0.206917 -0.226510 -0.106389 -0.003629 -0.002942 0.000000 0.261944 0.456935 1.229230 1.014637 0.874406 0.007126 -1.292009 -0.116021 -0.000852 0.004852 0.281571 0.293218 0.000002 0.038173 0.624798 0.262599 0.003302 -0.128914 -0.160903 -0.186381 -0.131938 -0.164709 -0.238299 -0.189313 -0.326168
0.075770 -0.051941 -0.073047 -0.024300 -0.013484 -0.000429 0.000375 0.011392 0.079365 -0.048941 -0.003994 -0.000007 0.007842 0.019517 0.024380 0.006262 0.013265 0.028819 0.052427 0.301541 -0.023468 -0.151025 -0.342696 -0.473559 -0.732867 -0.702806 -1.045411 -0.448454 -0.257570 -0.126817 -0.067561 -0.020456 -0.007109 0.000000 0.005460 0.121777 0.708827 0.269455 0.447752 0.460905 0.309696 0.197156 -0.010338 0.000608 0.001412 0.191670 0.129801 1.148395 2.216285 1.736479 1.272168 1.059530 0.879021 0.887415 0.774079 0.487357 0.352296 0.227444 0.083787
0.125200 -0.000306 -0.083873 -0.031471 -0.009520 -0.001186 0.000715 0.017125 0.061020 -0.079902 -0.012856 -0.000352 0.000352 0.007107 0.025986 0.009031 0.027195 0.046037 0.052495 0.045165 -0.002614 0.145714 0.351570 0.288903 -0.033060 -0.111029 -1.182564 -0.397629 -0.084718 -0.020505 -0.051492 -0.014830 -0.007166 0.000000 0.009583 0.035594 0.370252 0.026341 0.049147 -0.096105 0.074679 0.147660 -0.044961 0.000037 0.148190 0.888446 1.066629 1.268547 0.976294 1.639912 1.546667 1.307500 1.149748 1.202412 0.982560 0.792388 0.464875 0.051008 -0.537131
0.028376 -0.005078 -0.018461 -0.023668 -0.024335 -0.011833 0.000000 0.011732 1.007139 0.406974 -0.025808 -0.007806 0.000007 0.009382 0.015965 0.032292 0.007730 0.011955 0.021864 0.034693 0.054596 -0.033142 -0.525329 -0.068537 0.002031 -0.007803 -0.031921 -0.061911 -0.023524 -0.060517 -0.035582 -0.012086 -0.000223 0.007910 0.015709 0.502724 0.614691 0.112266 0.278420 0.526257 0.563248 0.512941 0.186897 0.492071 0.539973 1.023338 1.271451 0.966401 0.026845 0.007197 0.086910 0.148036 0.303143 0.276753 0.255958 0.199894 -0.119176 -0.491132 -0.096462
-0.002104 -0.006008 -0.002212 -0.012697 -0.015995 -0.008201 0.000000 0.012117 0.840644 0.354628 -0.064923 -0.004729 -0.000144 0.000656 0.006185 0.009044 0.016089 0.018936 0.010085 0.002163 0.000339 -0.001066 -0.008349 0.000107 0.016721 0.083319 0.086707 -0.060422 -0.123811 -0.010712 -0.014271 -0.000389 0.000027 0.000273 0.051996 0.067122 0.022257 0.140410 0.415073 0.583340 0.219737 0.196900 0.140618 0.206969 0.320380 0.548442 0.423013 -0.035433 -0.000006 0.016731 0.413825 0.285556 0.377223 0.220350 0.069504 -0.052663 -0.458395 -0.127471 -0.134810
-0.000222 0.000222 -0.002930 -0.022602 -0.009575 -0.000399 0.000109 0.074302 0.120546 -0.057336 -0.055452 -0.038236 -0.012461 0.000026 0.011314 0.025313 0.044477 0.047195 -0.038102 -0.007722 0.000000 0.000641 0.000492 0.032035 0.051055 0.057551 0.074971 0.080894 -0.032305 -0.063597 -0.004153 -0.000523 0.000681 0.000833 0.002981 0.248698 0.491414 0.314104 0.182468 0.210286 0.185213 0.140230 0.301059 0.097707 0.306005 0.544392 0.298288 -0.063451 -0.000156 0.024045 0.378539 -0.067468 -0.248095 -0.499247 -0.788181 -0.928400 -0.130761 -0.103838 -0.122823
-0.000075 -0.000181 0.000267 -0.000817 -0.001598 -0.000337 0.000281 0.009340 0.021184 -0.161144 0.004354 -0.012242 -0.000839 0.011342 0.021602 0.022001 0.059913 0.104296 -0.000077 -0.026306 0.000000 -0.031915 0.023548 0.219575 0.251970 0.358370 0.116438 0.060246 0.016633 0.005889 -0.000157 0.000390 0.001729 0.389255 0.534603 0.569150 0.479468 0.303011 -0.000155 0.048649 0.080189 0.081923 0.126021 0.033724 0.243899 0.323003 0.303376 0.204045 -0.002752 0.008015 0.001929 -0.085777 -0.839567 -1.257129 -0.653802 -0.095652 -0.124894 -0.184814 -0.206766
-0.008444 -0.015921 -0.030215 -0.022818 -0.016462 -0.001530 0.001236 0.018549 -0.166828 -0.178501 -0.246759 -0.057314 -0.000027 0.006471 0.021029 0.083948 0.038872 0.015142 -0.054137 0.037596 0.059573 0.044172 0.185330 0.393389 0.349609 0.221504 -0.000396 0.000330 0.008178 0.018581 0.242987 0.281127 0.400132 0.833048 0.948452 0.389717 0.008432 0.001117 -0.002129 -0.000082 0.000731 0.157900 0.077770 0.067078 0.222215 0.199647 0.044600 -0.174610 -0.037591 -0.000536 0.000062 0.007030 0.045190 -0.201806 -0.248814 -0.120414 -0.098915 -0.133913 -0.127055
-0.016333 -0.019183 -0.019654 -0.017545 -0.014269 -0.002639 -0.001366 0.000073 -0.000241 0.000000 0.000619 0.001188 0.015011 0.052147 0.197745 0.118491 0.056997 0.018747 0.203074 0.599478 0.553489 0.593528 0.803276 0.608232 0.458778 0.249657 -0.000555 0.000401 0.007631 0.026691 0.049730 0.132959 0.170703 -0.009167 -0.118629 -0.532112 -0.088195 -0.007192 -0.000208 0.000326 0.010667 0.024447 0.888379 0.797101 0.914748 0.398867 -0.047654 -0.337842 -0.101699 -0.006396 -0.000326 0.000208 0.018511 0.061047 0.086111 -0.056580 -0.168706 -0.059836 -0.025029
-0.005465 -0.006593 -0.006902 -0.006703 -0.005870 -0.001579 -0.001771 -0.000492 -0.000641 0.000000 0.004204 0.011314 0.022276 0.055372 0.256358 0.131360 0.871454 1.865995 1.639334 2.000267 0.926137 0.896202 0.660274 0.404074 0.200258 0.072675 -0.071284 0.000013 0.064148 0.380713 0.204761 0.182995 -0.001842 -0.416768 -1.210796 -0.805080 -0.153472 -0.006779 -0.000003 0.000563 0.001541 0.029499 1.347421 0.902539 0.250072 0.112415 -0.122835 -0.045256 -0.089359 -0.154019 -0.005981 0.000003 0.041804 0.136129 -0.089395 -0.326739 -0.059821 -0.062274 -0.039856
0.330668 0.224435 0.192717 0.113265 0.048369 0.034663 0.009075 -0.000711 -0.000586 0.000000 0.006407 0.090112 0.505480 0.046138 0.404260 1.213911 0.868792 1.630666 1.485893 -0.123315 -0.018282 0.006517 0.034097 0.075708 0.011930 -0.000893 0.000975 0.067875 0.146080 0.300102 0.000738 -0.012861 0.000000 0.007012 0.030091 0.024912 -0.030213 -0.069447 0.001786 0.055833 1.096647 1.175869 2.492963 2.377371 1.366139 0.930544 -0.021285 -0.024119 -0.050053 -0.084344 -0.099627 0.000618 0.026812 0.019962 0.013474 -0.081839 -0.078293 -0.055187 -0.013897
0.326889 0.824837 0.255616 0.227318 0.378869 0.393770 0.483001 1.150114 1.481685 1.019500 0.683796 0.579726 1.644536 1.172644 2.674072 0.462895 0.128866 -0.001412 -0.008205 -0.005381 0.000170 0.044705 0.063576 0.015403 0.002446 0.001125 0.015940 0.034634 0.043021 0.023843 -0.032266 -0.009136 0.000002 0.005059 0.029774 0.076235 0.178870 0.004160 0.015650 0.877908 2.367738 2.055684 1.952990 1.560832 -0.062640 -0.023250 -0.006937 -0.000448 -0.000050 0.000491 -0.000872 0.004505 0.010270 0.042149 -0.043541 -0.095724 -0.027137 -0.026556 -0.013708
0.201563 0.866491 0.647938 0.796267 0.844772 0.950781 0.953787 1.249490 1.479250 1.351242 1.428929 1.625280 0.777423 0.350927 -0.022238 -0.001199 -0.007221 -0.013013 -0.004326 0.000139 0.007304 0.067248 -0.025760 -0.008546 -0.000021 0.007178 0.008655 0.000328 0.000070 -0.000557 -0.004950 -0.003351 0.000130 0.006912 0.027019 0.085986 0.065233 0.038686 0.079350 0.265883 0.155327 0.033159 0.027694 -0.031988 -0.027353 -0.008292 -0.000468 -0.000302 -0.000078 0.001270 0.002783 0.009157 0.005991 0.002582 -0.013388 -0.161285 -0.024896 -0.007016 -0.000994
0.192584 0.423266 0.250819 0.249442 0.252967 0.247739 0.100893 -0.136753 -0.297378 -0.539910 -0.967215 -0.022427 -0.001360 -0.003620 -0.025464 -0.023718 -0.016560 -0.005143 0.000168 0.005146 0.013373 0.168837 0.015031 -0.008052 -0.000600 -0.000898 -0.000444 -0.000001 0.000111 -0.009365 -0.003216 0.000002 0.006130 0.019391 0.067436 0.144778 0.162269 0.111669 0.035935 0.026670 -0.169732 -0.366591 -0.090298 -0.020334 -0.019089 -0.007410 -0.000368 0.000049 0.000526 0.016881 0.037097 0.014848 0.001950 0.012567 0.069590 -0.131149 -0.033177 -0.013889 -0.000023
