use_cases/Flooding_chicago/flooding_data/output/hUx_2880.asc
ncols 337
nrows 393
xllcorner 428428.000000
yllcorner 4602440.000000
cellsize 26.757400
NODATA_value -9999.000000
[rows 156 to 181 of 393, columns 177 to 235 of 337]
1.096554 1.588743 1.176639 1.105625 1.092552 1.013456 0.796785 1.985872 1.838378 1.388629 0.080605 -0.055835 -0.000175 -0.001927 -0.015820 -0.010803 -0.007304 0.000000 0.005877 0.703846 1.874367 1.634859 0.595011 -0.000248 -0.000688 -0.010801 -0.010345 -0.001135 -0.001451 -0.000735 -0.000104 0.000103 0.009532 0.016674 0.248650 0.225929 0.105467 0.217237 1.177952 0.610268 0.170651 -0.213878 -0.387580 -0.527864 -0.009013 -0.001867 -0.000485 0.000213 0.002510 0.025166 0.038577 0.025362 0.003189 -0.138754 -0.224825 -0.318701 -0.024940 -0.005680 -0.000001
1.507517 1.153283 2.111408 1.726195 1.688153 1.343636 0.773349 1.097876 0.278976 -0.421235 -1.947962 -0.067729 -0.003992 -0.011755 -0.032137 -0.027213 -0.012839 0.000000 0.005877 0.423704 0.644662 0.577075 -0.022090 -0.000218 -0.000113 0.000059 -0.000294 -0.001986 -0.010370 -0.003946 -0.000222 0.000222 0.009981 0.016123 0.303378 0.190891 0.143158 0.226737 -0.086580 -0.779114 -1.252520 -1.928232 -1.704313 -0.891829 -0.534573 -0.016389 -0.000788 0.000398 0.017560 0.038365 0.007156 0.018528 0.037142 0.239339 0.584497 -0.107638 -0.032097 0.000000 0.002522
1.445057 2.546957 0.586203 0.769414 0.508414 0.504718 0.106128 -0.375707 -0.603736 -0.386918 -0.397806 -0.253011 -0.200338 -0.056634 -0.020662 -0.001524 -0.001047 0.001450 0.040258 0.717325 0.826570 0.754687 -0.012436 -0.003663 0.000000 0.005350 0.016263 0.068783 -0.073025 -0.014409 -0.000140 0.000139 0.019514 0.670889 1.176586 0.363106 0.295657 0.405259 0.235569 0.067376 -0.269799 -0.643793 -0.722363 -0.817037 -1.467093 -0.021959 -0.000833 0.000147 0.000419 0.001090 0.002672 0.007312 0.021057 0.271894 0.295000 -0.040217 -0.013378 -0.000971 0.000623
0.262827 0.060593 0.011343 0.071367 0.162930 -0.057611 -0.000000 0.008935 -1.350773 -1.091846 -0.060307 -0.008411 -0.014801 -0.000932 -0.001994 -0.000920 -0.000184 0.000798 0.036051 0.245236 0.034174 -0.144409 -0.041846 -0.009247 -0.000067 0.000464 0.007735 0.044058 -0.000255 -0.001218 -0.000009 0.000116 0.012643 0.729799 0.685751 0.606126 0.359310 0.257500 0.214143 0.102453 0.234248 1.238918 1.093429 0.790358 -0.794553 -0.027165 -0.000581 -0.000260 0.000176 0.000347 0.025218 0.046921 0.014062 0.157923 0.172644 0.144138 -0.000457 0.000050 0.021691
-0.000941 -0.000004 -0.002363 -0.038137 -0.061384 -0.008022 -0.000000 0.006555 0.063115 -0.020240 -0.001818 -0.000009 0.000093 -0.000130 0.000136 0.033947 0.052023 0.048805 0.027121 -0.021322 -0.372703 -0.670579 -1.459393 -0.016202 -0.004177 0.000009 0.009810 0.068690 0.017369 0.008689 0.002197 0.000694 0.020546 0.612203 0.876972 0.752146 0.896921 0.353046 0.187398 0.124851 0.475452 2.734813 2.537584 1.650100 -0.286219 -0.016557 -0.006973 -0.000393 0.000331 0.008224 0.015222 0.618968 0.481077 0.406361 0.273919 -0.001684 -0.001072 -0.000800 -0.023349
-0.000372 -0.000053 -0.007256 -0.012940 -0.078833 -0.015849 -0.000000 0.008818 0.062068 0.056170 0.003759 0.010364 0.002918 -0.000039 0.000599 0.009476 0.128704 0.296002 0.202416 1.712948 1.245924 1.599032 1.943487 0.951007 0.011709 -0.000140 -0.000058 0.006710 0.004903 0.002732 0.001088 0.010670 0.781036 1.630727 1.363744 1.027591 0.311186 0.192375 0.107645 0.089864 0.713619 2.220937 1.958164 -1.151419 -0.018752 -0.009848 -0.007928 -0.000569 0.000247 0.000554 0.010991 0.970445 1.122626 0.781271 0.271668 0.163912 0.015836 -0.218352 -0.089923
-0.001717 -0.002132 -0.002884 -0.004496 -0.033519 -0.009464 -0.000001 0.006453 0.020885 -0.015566 0.028932 0.037332 0.010930 0.002598 0.016300 0.036707 0.019979 0.002054 0.013872 -0.406809 -0.749163 -0.777634 -0.815390 -0.269075 -0.080698 0.033653 -0.017142 0.009885 0.071893 0.098797 0.077292 0.181962 1.071645 0.616170 0.009001 0.000862 -0.000022 0.000006 0.064224 0.446800 1.122840 1.642962 2.612770 -0.049645 -0.005776 -0.000889 -0.000923 -0.000292 0.000031 0.000292 0.016346 0.391198 0.479762 0.415872 0.098776 0.052847 0.019822 0.123723 0.386996
-0.000007 0.000985 0.001176 -0.000340 -0.041464 -0.010755 -0.000037 0.000626 0.007454 0.025829 -0.028081 -0.000618 -0.000637 0.000326 0.000717 0.000622 0.000483 0.010128 0.040055 -0.216056 -0.768893 -0.821201 -0.692593 -0.455435 -0.251726 -0.018174 0.092210 0.099666 0.132930 0.169159 0.144133 0.960733 2.089160 0.741243 -0.002904 -0.012901 -0.004804 0.000311 0.011050 0.583192 1.100544 1.146943 0.157517 -0.004167 -0.000555 0.002411 -0.000236 -0.000206 0.000002 0.000236 0.024639 0.769483 0.817165 0.683201 0.658064 0.670113 0.601374 0.904158 0.983690
-0.000149 0.000199 -0.002134 -0.001772 0.001212 0.000060 0.000257 0.023986 0.492416 -0.137007 -0.351575 -0.324397 -0.000047 -0.002417 -0.000406 -0.000153 0.000334 0.008837 0.016456 -0.372503 -0.523622 -1.237735 -1.492592 -0.947312 -0.585251 -0.143962 0.076144 0.199225 0.143214 0.174630 0.149386 -0.322107 -0.287283 -0.228330 -0.024839 -0.007223 0.000003 0.008326 0.014561 0.769931 0.500999 0.107582 0.040947 0.018980 0.018134 0.286886 0.659864 0.304552 0.003327 0.001192 0.468193 1.073711 1.345056 1.209873 1.035546 0.796253 0.938231 1.046378 1.108999
-0.001841 0.000022 -0.004183 -0.005611 -0.000870 0.000105 0.001789 0.043554 0.510793 0.027874 -0.390208 -0.628290 -0.101168 0.018761 0.085694 0.065777 0.001427 0.015428 0.020745 -0.450369 -0.232626 -0.191313 -0.304174 -0.222555 -0.314205 -0.044488 0.172434 0.307217 0.156361 0.162796 0.118399 0.035273 -0.730919 -0.406601 -0.032917 -0.000326 0.000208 0.006796 0.758967 0.633739 0.573704 0.386604 0.199055 0.000015 0.044653 0.463298 -0.001837 0.040190 0.067659 0.117875 0.511145 0.564916 0.360107 0.355306 0.282832 0.283629 0.308458 0.334585 0.490124
-0.003093 -0.000155 0.000146 0.000804 0.002567 0.003925 0.007174 0.020503 0.048627 0.507949 0.819824 0.031560 -0.167948 -0.313992 -0.215596 -0.053136 0.000416 0.019492 0.057092 -0.473464 -0.163968 0.135284 0.185394 0.222097 0.081973 -0.094935 -0.242738 -0.425243 -0.027448 -0.000172 0.000092 0.005412 -0.216338 -0.269650 -0.061108 -0.000122 0.000131 0.013184 1.034069 1.011916 0.446211 0.007942 0.001694 0.000324 0.010304 0.049867 -0.093398 -0.093889 0.053894 0.172405 0.643962 0.514074 0.035858 0.034971 0.083021 0.086374 0.114895 0.195246 0.376592
-0.011175 -0.000113 0.000261 0.017015 0.035401 0.006106 0.007299 0.032835 0.079391 0.127391 0.033978 -0.000098 0.000113 0.008573 -0.112505 -0.147347 0.000016 0.027911 0.040899 -0.025960 0.551302 0.803161 0.513869 0.363321 0.249895 0.070816 -0.177941 -0.420020 -0.047462 -0.001488 0.000157 0.010701 0.092794 -0.033247 -0.285323 0.006245 0.484994 0.977427 1.304780 1.088693 0.319189 -0.019571 0.000000 0.004020 0.003048 0.001177 0.011180 0.207383 0.234240 0.271316 0.813634 0.435503 -0.411104 -0.477523 -0.495113 -0.396940 -0.207999 0.070339 0.229120
-0.008289 -0.000002 0.007734 0.020241 0.001980 0.000280 0.012614 0.043902 0.025928 -0.014313 -0.007706 -0.000084 0.000228 0.012048 0.023907 0.012315 0.038039 0.016941 0.710968 3.295129 1.937248 1.324268 -0.030034 0.000000 -0.001954 -0.001044 -0.007200 -0.058837 -0.085115 -0.020904 0.000000 0.003663 0.169021 0.789562 1.097486 1.582367 0.969660 0.917006 0.752750 0.336067 0.149008 -0.015021 -0.017455 -0.008219 -0.000355 0.000444 0.008982 0.046033 0.211533 -0.005509 -0.346140 -0.511908 -0.028129 0.006749 0.184635 -0.017335 0.087053 0.302039 0.277277
-0.006831 -0.000141 0.000225 0.000133 -0.000233 0.000102 0.005649 0.017372 0.014169 0.001126 0.000632 0.001257 0.001063 0.009913 0.020159 0.085299 0.000059 0.006517 0.311668 0.810949 0.906097 -0.231497 -0.015702 0.000017 -0.000172 -0.000503 -0.001300 0.004632 0.064479 0.024175 0.007361 0.498757 1.572683 2.013590 1.020344 0.480408 0.016742 0.026305 0.129248 0.058809 -0.049176 -0.018497 -0.020977 -0.014106 -0.000538 0.001085 0.015695 0.024956 0.057397 -0.024685 -0.017715 -0.455437 -0.140314 -0.000144 0.000586 0.000421 0.058386 0.315827 0.549422
-0.010086 -0.000015 0.008637 0.000958 -0.006539 0.000000 0.003663 0.009783 0.010698 0.001848 0.004897 0.009889 0.002044 0.012688 0.020201 0.004211 0.001548 0.000787 0.315718 1.021187 0.629273 0.087957 -0.007308 0.000589 0.000157 -0.000063 0.000094 0.071875 0.389372 1.152436 1.157896 1.080573 0.898750 0.721638 0.219488 -0.021339 0.002392 0.007697 -0.413917 -0.385643 -0.520701 -0.051661 -0.001473 -0.000794 0.001449 0.002252 0.010985 0.022437 0.005606 0.002085 0.040993 -0.317824 -0.459076 -0.005447 -0.000326 0.000208 0.014138 0.828449 0.886998
-0.000791 -0.000368 0.000832 0.002420 0.002161 0.000917 0.000683 0.009372 0.016456 0.021256 0.015716 0.041157 0.000069 0.009670 0.019997 0.053428 0.016102 0.005872 0.592598 0.519411 0.475030 0.254647 -0.073419 -0.001686 -0.000478 0.000140 0.000436 0.130399 0.600290 1.482650 2.564474 0.994812 0.513824 0.183918 0.052931 0.016736 0.027610 0.253617 0.781827 0.187940 -0.458177 -0.077493 -0.002365 0.001088 0.003200 0.001759 0.018441 0.612244 -0.000213 0.000696 0.023099 -0.205211 -0.349670 -0.372600 -0.047548 0.000003 0.036476 2.993544 1.404773
-0.008751 -0.000502 0.000507 0.004346 0.002644 0.005279 0.022144 0.024961 0.025177 0.023865 0.006428 -0.008282 0.000001 0.019476 0.062855 0.453823 0.564920 2.528107 2.900437 2.239528 2.074806 0.852670 -0.187672 -0.024788 -0.006171 0.000000 0.003663 0.404497 0.918544 0.984973 0.601411 -0.000133 -0.000034 0.000566 0.001142 0.011314 0.177634 0.422948 1.178699 0.434207 -0.380217 -0.066938 -0.000725 0.000863 0.003657 0.001727 -0.481994 -0.642677 -0.346404 0.000023 0.029045 -0.375762 -0.987193 -1.905657 -0.598004 0.000529 0.647293 3.356736 1.379618
-0.015842 -0.007133 0.000018 0.010643 0.022847 0.029540 0.022240 0.053068 0.255400 0.933854 0.988199 0.703195 -0.000074 0.001332 0.513738 0.510420 0.665664 2.264219 2.697805 1.831650 0.723555 0.184925 -0.105896 -0.000360 0.000266 0.007006 0.009637 0.392471 0.641247 0.349325 -0.005595 -0.000051 0.001524 0.006545 0.012965 0.035984 0.307677 0.450669 0.422545 0.218984 0.126163 -0.019717 -0.000208 0.000875 0.032629 0.017863 0.881507 1.208423 0.956717 0.582062 0.515777 0.266864 -0.012243 -0.222998 0.165795 0.519007 1.910526 1.843310 1.576302
-0.024121 -0.005629 0.000000 0.008640 0.021738 0.033593 0.142963 2.196920 2.527052 2.865958 2.449013 1.783268 1.826625 1.603763 1.327461 2.114966 2.222208 2.294425 1.870060 1.034733 0.049800 -0.002942 -0.001676 0.000304 0.426401 0.587027 1.742380 0.861709 0.444489 -0.014632 -0.000151 0.000065 0.019435 0.061815 0.107547 0.033566 0.276021 0.240968 0.060083 0.007482 -0.004115 -0.006586 0.000772 0.005599 0.081807 0.289603 0.195930 0.092062 0.014730 -0.034035 -0.012319 -0.000277 -0.000007 0.003124 0.768848 1.654279 1.422516 0.953223 0.213550
-0.003089 -0.000140 0.000219 0.007136 0.024693 0.235307 1.400084 2.339854 1.756517 1.189403 2.055866 1.628215 1.758915 2.462057 1.850269 2.035351 1.783519 1.090840 0.005334 -0.000861 -0.003065 0.000562 0.008889 0.261970 0.595647 0.762089 0.923004 0.969258 -0.212924 -0.019118 -0.004189 0.000000 0.012088 0.026493 0.160481 0.695004 0.533694 0.000471 -0.000039 -0.001932 0.002286 0.007243 0.010190 0.026359 0.024626 0.016148 -0.000142 -0.000094 0.000202 0.000564 0.000933 0.001077 0.001049 0.035461 1.201280 1.956097 0.806073 -0.003484 -0.011857
0.029758 0.004493 0.006657 0.070071 -0.342002 0.473065 1.180724 0.935451 -0.000005 0.004946 0.120583 0.121583 1.336933 2.277654 2.598897 2.132612 1.860511 1.137409 -0.000222 0.000222 0.058227 0.222523 0.494859 0.603644 0.860998 1.064114 1.069528 0.839553 -0.078693 -0.025329 -0.012267 0.000000 0.007912 0.019616 0.124790 0.043055 0.047882 0.011159 -0.000096 0.001467 0.021025 0.002910 0.021554 -0.000122 0.000138 -0.000181 0.000247 0.000817 0.008610 0.015125 0.013221 0.003144 0.001480 0.840616 2.295156 0.565320 0.464889 0.460996 0.168531
0.247363 0.184768 0.255739 -0.118541 -0.227284 0.085765 0.142716 -0.223489 -0.000222 0.000222 0.003946 1.134444 1.202333 1.119654 0.866806 0.501288 0.243214 0.141974 -0.013144 -0.015555 -0.084311 0.090186 0.415293 0.255402 0.200190 -0.011949 -0.413067 -1.331523 -0.032631 -0.015409 -0.000471 0.000023 0.006879 0.009450 0.014068 0.042424 -0.001168 -0.000154 0.000267 0.015178 0.051837 -0.086307 -0.019101 -0.007840 -0.000058 0.000592 0.008280 0.013988 0.016735 0.017819 0.120446 0.138354 0.195758 2.388617 2.272945 0.938530 0.791728 0.996317 0.151937
0.275365 0.528736 0.280253 0.188132 0.123406 0.024801 -0.003760 0.139041 0.092443 0.064497 0.109628 0.744454 0.425699 -0.015410 -0.000136 0.000082 0.001022 0.057536 -0.054977 0.055551 0.376380 0.401694 0.774076 0.688820 0.580429 0.447463 0.267798 -0.102966 -0.007007 -0.000990 -0.000088 0.000137 0.008627 0.017640 0.021783 0.065392 -0.010496 -0.000590 0.000115 0.008936 0.016140 -0.001443 -0.016172 -0.000360 0.000360 0.006387 0.013523 0.025897 0.030219 0.032711 0.780373 2.046040 3.051936 3.521470 4.334662 4.108670 2.871119 3.448104 2.338068
0.053319 0.385037 0.418749 0.560895 0.891705 0.641396 0.757653 0.920806 0.953164 1.161485 1.687699 1.205176 0.026458 0.004731 -0.000049 0.000635 0.007550 0.117619 0.007503 0.056634 0.139525 0.013403 -0.022463 -0.187962 -0.357130 -0.545399 -1.011047 -0.028714 -0.006258 -0.000029 0.005438 0.020497 0.027112 0.076494 0.577880 0.264085 0.173951 -0.001685 -0.002420 0.000000 0.008478 0.001275 -0.007771 -0.000360 0.000360 0.014725 0.025784 0.022045 0.079004 0.214659 1.213047 2.335885 2.987932 3.379008 4.510267 4.191457 4.834105 3.625549 2.528576
0.023028 0.043432 0.794852 0.760274 1.013097 0.569076 0.245444 0.176055 0.086349 -0.075847 -0.222524 -0.009369 -0.000569 0.000247 0.000554 0.006009 0.043374 0.003678 0.053310 0.235953 0.248981 0.331632 0.452936 0.299439 0.304366 0.230255 -0.026270 -0.043110 -0.003956 -0.000392 0.001394 0.024953 0.054355 0.021816 0.164564 -0.228727 -0.430718 -0.047393 -0.008557 0.000000 0.005712 0.011107 0.001928 0.000241 0.000446 0.005642 0.044075 0.137784 0.057445 0.187147 1.051107 1.519659 3.411186 4.401165 3.643005 3.003144 3.775781 2.910075 2.220458
0.036702 0.038449 0.047432 0.373640 0.365336 0.250669 -0.349545 -0.527792 -0.437185 -0.487563 -0.499563 -0.007283 -0.000393 0.000331 0.010443 0.025192 -0.172755 -0.083127 -0.017190 0.128569 0.297206 0.320762 0.165635 0.109493 -0.070870 -0.037356 -0.045961 -0.001963 -0.001719 0.000260 0.001323 0.031552 0.092195 0.568155 0.201978 0.018464 -0.067301 -0.008597 -0.009416 -0.000065 0.000593 0.007821 0.036616 0.003682 0.000741 0.007856 0.047498 0.047754 0.083013 0.087611 1.047442 2.448940 1.865239 2.206937 1.050695 0.184062 0.159091 0.248342 0.377219
