use_cases/Flooding_chicago/flooding_data/output/hUx_240.asc
ncols 337
nrows 393
xllcorner 428428.000000
yllcorner 4602440.000000
cellsize 26.757400
NODATA_value -9999.000000
[rows 104 to 129 of 393, columns 118 to 176 of 337]
-9999.000000 -9999.000000 -9999.000000 -9999.000000 -9999.000000 -9999.000000 -9999.000000 -9999.000000 -9999.000000 -9999.000000 -9999.000000 -9999.000000 -0.000530 0.000000 0.007985 0.017467 0.016321 0.003651 0.032504 0.367521 0.046033 -0.000629 0.000318 0.001299 0.001925 0.013235 0.039704 0.057218 0.053297 0.007288 0.009073 -0.040594 -0.170143 -0.074625 -0.019636 -0.000326 0.000207 0.013797 0.022452 0.004742 0.001301 0.005258 0.008307 0.008181 0.073912 0.145414 0.143517 0.129753 -0.041403 -0.443150 -0.066946 -0.015433 -0.000210 0.000199 -0.017272 -0.026894 -0.003889 0.000470 0.000658
-9999.000000 -9999.000000 -9999.000000 -9999.000000 -9999.000000 -9999.000000 -9999.000000 -9999.000000 -9999.000000 -9999.000000 -9999.000000 -9999.000000 -9999.000000 -0.000244 0.000000 0.004216 0.007924 0.013048 0.042772 0.008051 0.005068 0.001590 0.000245 0.005778 0.005810 0.002892 0.010292 0.044604 0.291091 -0.027681 -0.003517 -0.007460 -0.037832 -0.016309 -0.010936 -0.008844 0.000003 0.003984 0.021095 0.038646 0.006428 0.015943 0.023947 0.139413 0.166543 0.122789 0.021399 0.045334 0.075121 -0.112716 -0.081448 -0.016996 -0.000329 0.000635 0.002321 -0.000446 -0.001397 -0.001770 -0.000111
-9999.000000 -9999.000000 -9999.000000 -9999.000000 -9999.000000 -9999.000000 -9999.000000 -9999.000000 -9999.000000 -9999.000000 -9999.000000 -9999.000000 -0.001217 -0.000046 0.000088 0.006752 0.017014 0.037726 0.010984 0.004266 0.002284 0.001510 0.004310 0.002026 0.002786 0.002122 0.014712 0.026016 0.823389 -0.002223 -0.000612 -0.002845 -0.006885 -0.025768 -0.021744 -0.005732 0.000000 0.015950 0.030360 0.036917 0.058021 0.100152 0.040022 0.079221 0.077301 0.057852 0.036913 0.008168 0.012411 0.002884 -0.031839 -0.023122 -0.000460 0.001898 0.007967 0.001874 -0.004279 -0.019317 -0.006349
-9999.000000 -9999.000000 -9999.000000 -9999.000000 -9999.000000 -9999.000000 -9999.000000 -9999.000000 -9999.000000 -9999.000000 -9999.000000 -0.000742 -0.000048 0.001173 0.000617 0.001946 0.003261 0.006889 0.004632 0.002356 0.002947 0.002487 0.019449 0.040001 0.047985 0.000094 0.013123 0.017945 0.019587 0.001293 0.000026 0.002242 -0.000624 -0.003180 -0.011001 -0.006381 -0.000062 0.001023 0.009347 0.044747 0.087681 0.143869 0.078501 0.027929 0.030160 0.035956 0.036262 0.049402 0.028036 0.018195 0.015275 -0.000515 0.000087 0.004049 0.045538 0.005320 -0.091732 -0.034998 -0.007756
-9999.000000 -9999.000000 -9999.000000 -9999.000000 -9999.000000 -9999.000000 -9999.000000 -9999.000000 -9999.000000 -9999.000000 0.000003 -0.005562 -0.001805 0.000591 0.002203 0.004836 0.010230 0.008617 0.013065 -0.000573 0.000437 0.001062 0.011662 0.021166 0.098329 -0.000097 0.000984 0.007935 0.008145 0.001709 0.000962 0.010254 0.034833 -0.000200 -0.000703 -0.001093 -0.000105 0.000142 0.001733 0.005094 0.002828 0.010308 0.102176 0.000000 0.007074 0.013975 0.027014 0.104916 0.128139 0.035885 -0.000305 0.000009 0.000309 0.026955 0.076695 1.014115 -0.053379 -0.017583 -0.051397
-9999.000000 -9999.000000 -9999.000000 -9999.000000 -9999.000000 -9999.000000 -9999.000000 -0.001195 -0.001507 -0.000326 0.000207 -0.001512 -0.000633 0.000331 0.004178 0.005032 0.005123 0.003670 0.035767 0.071174 0.000017 0.001048 0.001497 0.001713 0.016589 0.003444 0.015730 0.017394 0.001851 0.000067 0.007035 0.129022 0.043471 -0.004000 -0.005738 0.004837 0.004371 0.001819 -0.000029 0.000146 0.000846 0.014942 0.043054 0.007750 0.003235 0.008789 0.059063 0.161813 0.077769 0.014732 -0.000481 0.000151 0.000237 0.017827 0.032364 -0.024769 -0.080264 -0.025878 0.000144
-9999.000000 -9999.000000 -9999.000000 -9999.000000 -9999.000000 -9999.000000 -0.001872 -0.001188 -0.000487 0.000290 0.006318 -0.000226 -0.006403 0.000012 0.003907 0.004301 0.008185 0.003084 0.010011 0.007530 0.001818 0.000465 0.000377 0.049364 0.032111 0.007040 0.012815 0.022463 0.002729 0.000371 0.001358 -0.000439 0.014605 0.009825 -0.003013 0.001246 0.003584 0.013113 0.002729 -0.007715 -0.000296 0.000129 0.034588 0.058430 0.052320 0.150404 0.177589 0.148102 -0.000747 -0.001571 -0.001326 0.000059 0.000508 0.006766 0.018187 0.005145 0.000494 0.000000 0.002569
-9999.000000 -9999.000000 -0.012000 -0.018815 -0.010711 -0.010599 -0.003829 -0.004415 -0.000023 0.004236 0.019689 0.041639 -0.006789 -0.000742 0.000006 0.000844 0.013844 0.010988 0.001613 0.005184 0.001102 -0.000393 0.000444 0.000871 0.066727 0.045887 0.039259 0.135844 0.005425 -0.027301 0.000000 0.007240 0.077183 0.025548 0.007285 0.000091 0.013327 0.065105 0.006696 -0.038306 -0.020177 -0.000240 0.000057 0.006460 0.017237 0.024429 0.016871 0.001546 0.001546 -0.006072 -0.029472 -0.006882 -0.000521 0.000048 0.005277 0.014542 0.009279 0.018011 0.000000
-0.002678 -0.015061 -0.014103 -0.010913 -0.042826 -0.008453 -0.000943 -0.000072 0.008644 0.023851 0.026539 0.013316 -0.021046 -0.009562 0.000000 0.018554 0.052396 0.036413 0.005075 0.000377 -0.015525 -0.021061 -0.012317 0.000000 0.004026 0.059722 0.195145 0.496556 0.747269 0.070171 0.000000 0.005878 0.047299 0.078888 0.012122 0.000004 0.017332 0.125840 0.925796 -0.471599 -0.020862 -0.006126 0.000000 0.005088 0.007485 0.009593 0.000000 0.005347 0.010222 0.024376 -0.023016 -0.013222 -0.006712 -0.000222 0.000222 0.003946 0.052839 0.009550 0.000000
-0.027129 -0.005802 -0.023811 -0.029872 -0.007687 -0.000474 0.000087 0.007754 0.010584 0.001038 0.019000 0.083048 -0.019214 -0.008097 0.000000 0.010188 0.016129 0.028676 0.004214 0.001584 -0.037646 -0.021873 -0.010016 0.000000 0.007897 0.049295 0.013124 0.017544 0.057942 -0.007348 0.000000 0.005878 0.033311 0.037693 0.003635 -0.000187 0.001814 0.011391 0.025763 -0.283124 -0.023575 -0.010751 0.000000 0.011958 0.027676 0.002778 -0.000067 0.000463 0.010107 0.029298 -0.000153 -0.000958 -0.000668 -0.000069 0.000069 0.008222 0.065271 0.023262 0.009895
0.001765 -0.014302 -0.069925 -0.013374 -0.008802 -0.000125 0.000111 0.008312 0.018729 0.000898 0.001476 0.063610 0.096338 -0.000526 0.000186 0.011238 0.025502 0.010457 0.004570 -0.012987 -0.113187 -0.061188 -0.013332 0.000000 0.000196 0.003773 0.003222 0.002448 0.001171 -0.000156 0.000000 0.007240 0.014603 0.037899 -0.032373 -0.006424 -0.000080 0.000921 0.008342 0.097419 0.036497 -0.000437 -0.000240 0.000310 0.004289 0.023046 -0.000001 0.010757 0.019211 0.031594 0.004596 0.001574 -0.000272 -0.000064 0.000062 0.000001 -0.000131 0.005184 0.006206
0.001378 0.004383 -0.004652 -0.048331 -0.019331 -0.003960 0.000003 0.008664 0.038547 0.039691 0.000040 0.020181 0.059542 0.013327 0.000521 -0.005725 -0.006062 0.001460 -0.022679 -0.045394 -0.165458 -0.080380 -0.025397 0.000000 -0.001345 -0.003727 -0.000347 0.000459 0.000883 0.000866 0.000348 0.008029 0.063075 0.139275 -0.101171 -0.031370 -0.000461 0.000431 0.000607 0.004597 0.075303 0.055623 -0.008966 0.000005 0.004295 0.014096 -0.000060 0.000253 0.006907 0.020495 0.002580 0.004174 -0.000096 0.000671 -0.001117 -0.004086 -0.001025 0.000954 0.038866
0.000056 0.012336 0.018044 0.011271 -0.092993 -0.009128 -0.000207 0.000449 0.015560 0.021494 0.010970 0.003951 0.050191 0.032371 0.003107 -0.008768 -0.008437 0.000117 -0.025936 -0.099279 -0.021121 -0.005358 -0.006723 -0.000453 0.000987 0.003122 0.004530 0.002426 0.001192 0.001636 0.000736 0.001343 0.059132 0.234302 -0.067108 -0.042727 -0.000548 0.000277 0.006205 0.013377 0.007618 0.022110 -0.000479 0.000013 0.009195 0.056443 -0.007370 -0.000149 0.000352 -0.020516 -0.080157 -0.083993 0.000008 0.003778 0.003339 0.003658 0.002114 0.001130 0.004945
0.029631 0.019860 0.020821 0.015644 0.055610 0.063235 0.024744 -0.001138 0.010827 0.030579 0.021309 0.009765 0.022169 0.042800 0.039851 0.013732 -0.044533 -0.009172 -0.001091 -0.002185 -0.001627 -0.002940 0.000000 0.025354 0.067417 0.055023 0.006848 0.001674 0.000574 -0.001500 -0.005793 -0.000159 0.001467 0.033124 -0.000362 -0.036890 -0.000027 0.011844 0.018002 0.018380 -0.004295 0.003794 0.002643 0.005939 0.021013 0.087105 -0.001084 -0.005528 -0.034083 -0.874403 -0.134019 -0.000073 0.000181 0.047189 0.082835 0.036324 0.018553 0.003856 0.000291
0.055877 0.022405 0.014628 0.008840 0.075384 0.089303 0.067903 0.036803 0.000000 0.042185 0.114370 0.035967 0.034546 0.042577 0.029918 0.019773 -0.082550 -0.039045 -0.014026 -0.003567 -0.015334 -0.008053 0.000000 0.010807 0.019920 0.024015 0.002978 0.001750 0.000861 -0.195899 -0.066402 -0.002196 0.000996 0.004797 0.001460 0.004783 0.006377 0.051523 0.142709 0.135935 0.027493 0.000314 0.011914 0.151226 0.177496 0.533974 0.016126 -0.000221 -0.252872 -0.144013 -0.005376 0.000000 0.003659 0.007353 0.806886 0.009758 0.011064 0.013297 -0.002495
0.037508 0.012883 0.093487 0.000433 0.001649 0.000867 0.019248 0.013606 0.000000 0.017416 0.064076 0.017865 0.017442 0.017066 0.018564 0.006625 -0.013836 -0.004211 -0.003613 -0.033539 -0.006905 -0.000632 -0.000036 0.000793 0.009481 0.025800 -0.058044 -0.198201 -0.296771 -0.287793 -0.068808 -0.004886 -0.000570 0.001596 0.000850 0.013929 0.007738 0.076226 0.089106 0.373910 0.215254 0.154160 0.268756 0.151738 0.047104 0.225603 0.612645 -0.190319 -0.236236 -0.013069 -0.000554 0.000065 0.009692 0.015819 0.007098 0.000000 0.022965 0.154987 0.083540
0.003182 0.002479 0.001725 0.001728 0.001838 -0.000203 0.002884 0.013480 0.005728 0.002540 0.014214 0.009578 0.011036 0.014594 -0.000235 -0.006336 -0.012527 -0.011139 -0.007850 -0.003415 -0.000639 -0.000360 -0.000001 0.009454 0.028033 0.033933 -0.095871 -0.102029 -0.002586 -0.006708 -0.018401 -0.010574 -0.009980 -0.000221 0.000860 0.014646 0.078007 0.024403 0.038545 0.042905 0.239931 -0.000621 0.000043 0.000527 0.000436 0.006046 0.082464 -0.599616 -0.178848 -0.018650 -0.000480 0.000150 0.011486 0.120760 -0.016983 0.000000 0.010138 0.135846 0.053549
-0.022596 -0.037429 -0.001128 0.000894 0.020205 0.038818 0.007317 0.057590 0.148844 0.070954 0.015764 0.004856 0.002904 -0.000218 -0.017061 -0.024677 -0.026798 -0.011966 -0.019063 -0.021089 -0.023457 -0.025254 -0.000000 0.030345 0.118746 0.012647 -0.286029 -0.088984 -0.002009 -0.001196 -0.004979 -0.016917 -0.001765 0.001103 0.003404 0.035191 0.042677 0.064681 0.081904 0.084668 0.189505 -0.000400 0.000323 0.000550 0.000478 0.001052 0.005023 0.094261 0.026043 -0.000841 0.000211 0.018248 0.055613 0.075726 -0.009395 0.000000 -0.009121 -0.112827 -0.010585
-0.008522 -0.000939 -0.000445 0.000923 0.011999 0.041186 0.062467 0.032454 0.014673 0.101681 0.154828 0.033172 -0.026777 -0.065392 -0.078605 -0.100119 -0.182311 -0.061284 -0.014418 -0.024815 -0.020902 -0.000902 0.000245 0.042417 0.143370 -0.096178 -0.325289 -0.079961 -0.015274 -0.001007 -0.002247 -0.003127 0.000644 0.006787 0.006978 0.035745 0.071662 0.090915 0.124410 0.159090 0.573818 0.416651 0.301469 0.454065 0.305378 0.000331 0.163423 0.131430 0.073474 -0.000674 0.000283 0.025713 0.098444 0.427735 -0.052065 0.000000 -0.054228 -0.137439 -0.019320
-0.003868 -0.003675 -0.000021 0.021669 0.056997 0.075604 0.031234 0.016411 0.008498 0.002967 0.152776 0.652664 -0.037483 -0.067374 -0.076884 -0.085019 -0.107578 -0.039445 -0.055705 -0.016158 -0.016133 -0.000908 0.000619 0.008251 0.003939 0.000978 -0.120514 -0.076479 -0.021735 -0.000428 0.000361 0.009023 0.005066 0.006212 0.009489 0.002976 0.032396 0.089321 0.111864 0.162580 0.483384 0.765162 0.000003 0.014256 0.110937 0.162685 0.179922 0.024170 -0.050805 -0.045720 0.000011 0.031887 0.140908 0.395918 -0.022009 -0.065893 -0.095426 -0.103345 -0.193770
0.039208 -0.002683 0.000800 0.003875 0.028315 0.068300 0.108308 0.033118 0.016965 0.000114 0.006302 0.170739 0.055238 -0.050901 -0.070582 -0.084847 -0.109345 -0.036991 -0.049378 -0.009954 -0.009592 -0.000417 0.000350 -0.072147 -0.008351 -0.000111 -0.003570 -0.029799 -0.021346 -0.001005 0.000601 0.001777 -0.000277 -0.000197 0.000862 0.000967 0.016622 0.043509 0.056450 0.036538 0.018971 0.018482 0.000050 0.000496 0.010611 0.079675 0.027751 0.015086 -0.002450 -0.007817 -0.000050 0.010024 0.035754 0.038815 0.000925 -0.000389 -0.001372 -0.007774 -0.062684
0.027204 -0.001936 -0.000351 0.002415 0.023161 0.034594 0.073630 0.057073 0.001478 0.001402 0.001647 0.010092 0.252631 -0.037171 -0.052286 -0.086910 -0.006647 -0.001157 -0.003122 -0.003921 -0.001627 -0.001301 -0.008499 -0.046967 -0.015502 -0.002447 -0.004281 -0.016539 -0.009174 -0.001922 -0.001031 0.000013 0.000000 0.002530 0.002147 0.001244 0.020603 0.043310 0.009058 0.020881 0.031024 0.025224 0.003333 0.002292 0.003670 0.018967 -0.015508 -0.001553 -0.000985 0.000132 0.000605 0.000606 -0.000017 -0.000423 -0.012166 -0.003340 0.000113 0.008781 0.024340
-0.137572 -0.032378 -0.000638 0.001151 0.012251 0.026463 0.054145 0.160424 -0.000294 0.000205 0.000338 0.000175 -0.003627 -0.007270 0.000000 -0.014352 -0.001406 -0.000844 -0.000837 -0.000057 -0.000332 -0.008995 -0.067589 -0.053133 -0.017804 -0.003213 -0.007120 -0.022408 -0.008053 -0.001055 -0.000701 -0.000055 0.000028 0.000999 0.022114 0.026037 0.020847 0.010996 0.006210 0.004511 0.010685 0.020447 0.027588 0.008407 0.026043 0.077354 -0.061638 -0.013436 -0.003333 -0.001545 -0.001049 -0.000381 -0.000610 -0.000712 -0.000409 0.000000 0.006535 0.029861 0.037862
-0.008198 -0.025571 -0.000363 0.000459 0.019553 0.046958 0.079791 0.062421 0.024938 0.007553 0.003167 0.000806 -0.001264 -0.000631 0.000259 0.000873 0.001354 -0.000453 -0.003012 -0.004920 -0.020010 -0.105541 -0.110112 -0.027516 -0.003041 -0.002179 -0.001751 -0.002293 -0.001001 -0.000033 -0.001567 -0.001549 -0.001702 0.000052 0.019134 0.020034 0.015949 0.010865 0.010319 0.006520 0.001253 0.008271 0.025327 0.054143 0.079726 0.078402 -0.068098 -0.048514 -0.028950 -0.005277 -0.026017 -0.010509 -0.000182 0.000515 0.002772 0.001312 0.001374 0.012900 0.007674
-0.000859 0.000532 0.000869 0.000514 0.007401 0.027850 0.080257 0.032030 0.057180 0.000243 0.002381 0.001593 0.000524 0.000524 -0.000292 0.000488 -0.020796 -0.064754 -0.072257 -0.140452 -0.327181 -0.104258 -0.003659 0.000000 0.000202 0.000120 -0.000289 -0.001204 -0.001728 -0.002407 -0.018311 -0.027059 -0.018965 -0.000265 0.000435 0.004713 0.005193 0.006789 0.002124 -0.000085 0.000126 0.017013 0.040704 0.009498 0.016736 0.069250 -0.112341 -0.074420 -0.110323 -0.097585 -0.036992 -0.015548 -0.000048 0.017032 0.033435 0.127842 0.765401 0.046048 0.020817
-0.000018 0.023484 0.064255 0.060591 0.056670 0.042820 0.017667 0.010919 0.002672 0.000014 0.014178 0.054988 0.007795 0.000161 -0.003219 0.000045 -0.098036 -0.177028 -0.138601 -0.217449 -0.055270 -0.068532 -0.015655 0.000000 -0.000404 -0.002319 -0.009142 -0.018081 -0.029357 -0.017493 -0.058570 -0.032612 -0.029528 -0.008060 0.000009 -0.001225 -0.001261 -0.001676 -0.000744 -0.000069 0.000587 0.006898 0.014628 0.032209 0.049828 0.073146 -0.102586 -0.244125 -0.109596 -0.085021 -0.063854 -0.022157 -0.000759 0.001292 0.009223 0.024442 0.039024 0.000023 0.009808
