use_cases/Flooding_chicago/flooding_data/output/hUx_3000.asc
ncols 337
nrows 393
xllcorner 428428.000000
yllcorner 4602440.000000
cellsize 26.757400
NODATA_value -9999.000000
[rows 130 to 155 of 393, columns 118 to 176 of 337]
-0.000279 0.001112 0.445155 0.339246 0.334833 0.364195 0.354098 0.392945 0.467644 0.531424 0.647154 0.662814 0.797062 0.847296 0.826967 0.902480 0.916213 0.964728 0.706456 0.752079 0.729466 0.605033 0.637215 0.622988 0.346477 0.276712 0.112332 0.010969 -0.030706 0.000063 0.120634 0.379030 -0.275762 -0.039438 -0.034956 -0.032856 -0.002939 -0.013749 -0.003663 0.000000 0.006355 0.012975 0.021278 0.037296 0.070527 0.016412 -0.143151 -0.063193 -0.043433 -0.027171 -0.009235 -0.000739 -0.000836 0.001122 0.000603 0.001112 0.000516 0.000737 0.009926
0.000642 0.002781 0.031554 0.647677 0.476421 0.479275 0.465828 0.429992 0.507183 0.588648 0.720760 0.737929 0.805235 1.017805 0.934540 1.043616 1.191493 1.109461 0.954790 0.866203 0.815071 0.646715 0.644934 0.990228 0.888893 0.510910 0.437528 0.153138 0.073511 0.000136 0.132402 0.390575 0.448784 0.256401 -0.203169 -0.047247 -0.014195 -0.001317 -0.000111 0.000194 0.007854 0.024097 0.024407 0.040228 0.066405 0.005957 -0.026656 -0.029340 -0.024949 -0.018825 -0.007810 -0.000228 -0.000113 0.000021 0.000264 0.001521 0.000361 0.007285 0.014628
0.002249 0.004496 0.002784 0.039225 0.049222 -0.110931 -0.092363 0.052367 0.191396 0.434476 0.598637 0.692877 0.835020 1.024673 1.065315 1.261334 1.811614 1.792863 1.985747 1.683315 1.473820 1.542010 1.118577 1.318624 1.321516 0.886754 0.734251 0.640877 0.633250 0.302505 0.237018 0.264208 0.172206 0.185064 0.065733 -0.278678 -0.006739 -0.000214 0.000104 0.006391 0.011745 0.001197 0.003142 0.000000 -0.002818 -0.003038 -0.016324 -0.018547 -0.028488 -0.029804 -0.014233 -0.000576 -0.000579 0.000007 0.003994 0.015761 0.000000 0.008017 0.025646
0.003152 0.004362 0.002677 0.153380 0.216819 0.283876 0.203422 0.277259 0.373453 0.482194 0.905742 0.998580 1.141012 1.211498 1.223000 1.416542 2.022632 2.013359 2.218115 2.187110 2.158182 1.954229 1.973342 2.155353 1.906760 1.835292 1.880116 1.714974 1.657889 1.316913 1.143067 0.884286 0.913359 0.715862 0.622337 0.171691 -0.012328 -0.000102 0.000077 0.006770 0.031802 0.003255 0.000699 -0.024339 -0.013164 -0.007055 -0.029283 -0.036705 -0.031115 -0.013986 -0.007046 -0.000372 -0.000206 0.000363 0.010521 0.021899 0.001679 0.008764 0.016884
0.001803 0.001812 0.531407 0.550378 0.550772 0.505611 0.509753 0.533647 0.581761 0.646261 0.905985 1.166035 1.218098 1.364948 1.353608 1.386692 1.928628 2.092041 2.103206 2.379248 2.142819 1.950984 2.017355 1.987110 1.854975 2.104727 2.122022 1.964685 1.842919 1.458412 1.339557 1.123971 0.938769 0.775352 0.925604 0.851551 0.112201 -0.000108 0.000095 0.001221 0.005156 0.012460 0.037076 -0.115295 -0.032675 -0.018229 -0.017191 -0.014746 -0.010377 -0.008501 -0.001059 -0.000123 0.000276 0.010003 0.024467 0.030102 0.001562 0.004665 0.019729
0.232904 0.591009 0.593287 0.648539 0.700290 0.643812 0.791589 0.803348 0.871679 0.980321 1.077593 1.385337 1.751045 1.662240 1.887368 1.745727 1.872882 1.916318 1.948728 2.068240 2.003372 1.854741 1.424871 1.283829 1.373362 1.135295 1.039483 1.007258 1.015189 0.462011 1.108479 1.144220 1.802890 1.648353 2.348999 2.657076 2.577941 1.704066 1.520702 1.249357 0.801022 0.622516 0.403947 -0.160721 -0.491987 -0.036421 -0.009123 -0.003157 -0.014134 -0.009768 -0.000324 0.000004 0.000153 0.005488 0.019611 0.047908 0.044338 0.175183 0.032004
1.026430 0.969396 0.956006 1.043100 0.889407 1.051180 1.020354 1.171340 1.173809 1.260688 1.346842 1.394030 1.459443 1.607552 1.774540 2.009134 1.836708 1.898525 2.280865 2.430533 2.467071 2.246972 2.156019 1.895025 1.712370 1.768458 1.413090 1.637814 1.421600 1.521914 2.018988 1.883108 2.874826 3.096819 3.228850 3.220835 3.057614 1.974366 1.711594 1.372283 1.597724 2.203897 1.161852 0.350189 0.028856 -0.024916 -0.009143 -0.000115 -0.023408 -0.024207 -0.008042 0.000000 0.006499 0.023518 0.040901 0.057921 -0.072650 -0.576346 -0.108086
0.369599 0.288874 0.231366 0.220599 0.299097 0.356388 0.366073 0.464860 0.535571 0.583444 0.711745 0.835524 1.056782 1.119886 1.307962 1.437357 1.375170 1.456202 1.881553 1.940031 2.283766 2.161649 2.481856 2.247560 1.960933 1.538597 1.680332 1.345551 1.613456 3.214258 3.440109 3.932525 3.776710 3.705748 3.956532 3.784778 3.376603 2.042047 1.629345 1.196415 1.510971 2.263129 1.487065 0.603768 0.202402 -0.258399 -0.006637 -0.000002 -0.030814 -0.004077 -0.000168 0.000364 0.000473 0.010748 0.045406 -0.623849 -0.861103 -0.463076 0.094763
0.195446 0.137025 0.103382 0.220196 0.270037 0.337267 0.336373 0.393903 0.415396 0.446857 0.564489 0.675374 0.710758 0.817499 0.717713 1.176244 0.860440 0.955038 1.453975 1.691310 1.762475 1.598894 2.491116 2.525158 2.454444 2.164036 2.462598 2.840067 4.045310 4.006710 4.064059 4.930988 4.676951 4.511970 4.741802 4.460059 3.780129 1.994359 2.301341 1.728041 1.377058 2.460091 2.088684 1.372193 1.403202 1.178184 0.875650 0.203304 0.062027 0.014407 -0.000006 0.000212 -0.000078 0.000374 0.103642 -0.173741 0.241096 1.176005 1.771338
0.376403 0.250240 0.307278 0.298518 0.257512 0.221840 0.150093 0.149596 0.181444 0.342928 0.531330 0.639551 0.646465 0.786619 1.203975 1.659257 1.108908 1.264803 1.430394 2.216823 1.882840 2.129442 2.314448 3.103996 3.186903 3.451422 4.239772 4.280712 4.997511 4.495446 4.615859 5.417781 4.914955 4.712514 5.325037 4.121204 4.626798 4.178761 5.058418 4.326132 3.920088 3.265359 4.595341 3.840860 3.664342 3.361715 3.019457 2.168334 2.122121 3.126014 4.248956 3.583331 3.730188 1.869438 3.184992 3.468269 4.447603 4.163471 3.566374
0.451907 0.311926 0.412150 0.415325 0.289584 0.188710 0.129397 0.131688 0.200854 0.353514 0.469842 0.538727 0.572673 0.717143 1.028578 1.253363 1.079941 1.266554 1.458338 1.653440 1.905509 2.158118 2.351623 3.162489 3.159312 4.357953 4.928864 4.266466 4.802129 4.057129 3.839389 3.975040 3.098181 4.228582 5.923906 4.513847 5.156685 7.003071 6.222105 8.542393 5.245823 6.369287 6.743445 6.689657 6.532033 6.207783 5.846718 5.027858 5.674698 8.584369 10.751121 9.748667 8.875186 8.681192 5.230575 7.696197 6.271899 5.863949 5.663126
-0.133915 -0.067163 -0.009376 0.035307 0.094696 0.149399 0.266232 0.322775 0.456790 0.561563 0.634992 0.521240 0.523957 0.849489 1.255438 1.206778 1.474193 1.593332 1.450118 1.562463 2.388510 1.948006 2.054894 2.098403 2.963650 2.610344 2.986221 3.223946 2.757849 2.106095 1.746113 1.582003 0.181899 0.063957 0.123856 0.064467 1.007619 2.527273 4.672264 4.664026 4.540052 9.332375 7.138466 6.461831 7.333884 6.599782 7.912671 7.681512 8.554812 8.072787 7.040999 6.371089 8.696848 7.859387 4.260047 5.291334 4.337061 4.021808 5.190581
-0.268529 -0.195319 -0.044529 0.082512 0.186376 0.266724 0.444754 0.429828 0.481362 0.515840 0.434769 0.486311 0.632335 0.994258 1.428604 1.483902 1.599536 1.586364 1.494062 1.622523 1.833745 1.597172 1.627744 1.546835 1.457048 1.923212 1.413834 1.349715 0.888312 0.279085 0.066434 -0.016754 -0.006487 -0.000045 -0.000112 -0.000033 0.000153 0.012891 0.062105 1.271684 3.053098 4.783972 4.297267 4.603538 4.088305 3.946208 4.387437 4.774031 3.859376 1.900345 1.209465 1.375497 3.291774 4.903255 3.024832 2.811421 2.597972 2.534197 4.123785
1.399777 1.210940 0.919025 0.679427 0.600151 0.544845 0.507710 0.667035 0.370090 0.303419 0.410371 0.560402 0.697733 1.079082 1.317290 1.232331 1.236258 1.200269 1.279415 1.485360 1.411853 1.247994 0.817568 0.714287 0.604709 0.482362 0.315014 0.214563 -0.003285 -0.001217 -0.013881 -0.010733 -0.001196 -0.001131 0.000155 0.001338 0.000968 0.014209 0.035292 0.093945 0.780722 1.038858 1.050918 1.054861 1.362861 1.691162 1.946089 2.025948 1.204089 0.191377 0.358013 0.955044 1.389701 2.628626 2.094522 2.109714 2.090857 2.105572 2.072149
0.618067 0.386018 0.267949 0.234986 0.221077 0.271417 0.214035 0.162324 0.153193 0.257284 0.411695 0.556730 0.676043 0.841242 0.794268 0.690412 0.766672 0.902082 0.729118 0.588537 0.583218 0.247102 0.127119 0.112433 0.066027 -0.099001 -0.174280 -0.140421 -0.021521 -0.003788 -0.024859 -0.012001 -0.001934 -0.002809 0.000447 0.002695 0.030527 0.043819 0.037327 0.023901 0.005557 0.047276 0.536837 0.416258 0.316602 0.371985 0.259466 0.095314 0.000610 0.070800 0.327390 0.815777 0.916282 1.837208 1.588711 1.758071 1.849129 1.929475 1.927956
0.569897 0.324222 0.141598 0.045134 -0.088623 -0.156659 -0.123929 -0.126843 -0.092689 -0.033903 0.073765 0.232062 0.454372 0.552231 0.521927 0.207795 0.029805 -0.249406 -0.163965 -0.042952 -0.028259 -0.000003 0.000307 0.000919 0.001445 0.000628 -0.004176 -0.015798 -0.010492 -0.002096 -0.004244 -0.007767 -0.008935 -0.002676 -0.001328 0.002896 0.027174 0.042555 0.023994 0.004440 0.009750 0.098561 0.557177 0.427724 0.298168 0.329557 0.229218 0.075617 0.000780 0.000769 0.074429 0.160740 0.813696 2.239232 1.662936 1.809115 1.846201 1.879232 1.743881
0.071492 0.005753 0.004780 -0.090053 -0.148420 -0.175789 -0.244563 -0.280587 -0.271158 -0.272951 -0.387612 -0.398760 -0.342685 -0.234246 -0.260673 -0.135457 -0.093310 -0.074132 -0.093128 -0.083763 0.005249 -0.000208 0.000326 -0.000270 -0.000030 0.009498 0.018746 0.000516 -0.002053 -0.002794 -0.001215 -0.001353 -0.001408 -0.000470 -0.000360 0.000360 0.017654 0.025516 0.038994 0.047615 0.170323 0.098180 0.144050 0.080144 0.221931 0.183602 0.165229 0.066919 0.000244 0.000498 0.099869 0.076608 0.323862 1.969239 1.724194 1.765376 1.583166 1.404942 0.531740
0.138465 0.087684 0.205067 0.156246 0.147955 0.098385 0.047077 -0.006986 -0.068778 -0.190387 -0.385696 -0.585533 -0.927487 -0.725156 -0.450435 -0.247485 -0.198807 -0.185408 -0.182176 -0.129277 -0.137554 -0.001662 -0.016485 -0.011669 -0.000764 0.000262 -0.000331 -0.002116 -0.001769 -0.000102 0.001195 0.016329 0.037257 0.003572 -0.000360 0.000360 0.013333 0.042291 0.035547 0.266138 0.620965 0.139108 0.085269 0.187623 0.162833 0.176403 0.186109 0.196430 0.175481 0.235681 0.285833 0.217406 0.695632 0.511726 0.904011 0.714160 0.593730 0.456211 0.386810
0.358528 0.278468 0.500015 0.417895 0.456708 0.360136 0.294531 0.196142 0.098031 -0.037463 -0.260213 -0.379789 -0.517608 -0.878703 -0.873401 -0.543391 -0.332462 -0.059569 -0.014579 -0.106787 -0.118403 -0.025627 -0.118436 -0.029152 -0.001978 -0.002337 -0.000278 -0.001605 -0.000572 0.000271 0.022616 0.029505 0.022516 0.001070 -0.000167 -0.000036 0.000814 0.010255 0.253477 0.300148 0.311304 0.096308 0.085054 0.047504 0.022148 0.015644 0.178526 0.214605 0.247232 1.053714 1.474159 2.006208 1.802994 1.038854 1.305175 0.975509 1.787318 0.705551 0.641402
0.580145 0.255032 0.641040 0.601855 0.681928 0.525546 0.393488 0.123178 -0.050643 -0.269771 -0.399605 -0.586795 -0.515629 -0.833423 -0.743002 -0.313096 -0.294223 -0.301159 -0.170467 -0.158261 -0.280580 -0.194014 -0.196572 -0.645424 -0.028476 -0.019086 0.000001 0.003214 0.000775 0.000463 0.002173 0.021197 0.082414 0.016759 0.003989 -0.000174 -0.000027 0.000945 0.009292 -0.048979 -0.144764 -0.157866 -0.090863 0.000000 0.017328 0.020566 0.015573 0.000000 0.009234 0.994205 2.291356 2.620001 1.506142 2.279750 1.726414 1.301680 1.947443 2.563991 1.899089
0.002010 0.107576 0.298412 0.084026 -0.023754 -0.281213 -0.289588 -0.408339 -0.479168 -0.526046 -0.835335 -0.880473 -1.063303 -0.940611 -0.922820 -0.506161 -0.298802 -0.135103 -0.055627 0.029384 -0.025342 -0.000425 0.110059 -0.034268 -0.048415 -0.000674 0.000031 0.011342 0.017675 0.001363 0.000737 0.003052 0.105095 0.571787 0.268575 0.129420 0.000067 0.000346 0.001405 0.241104 0.194836 0.162118 -0.038290 0.000000 0.041095 0.036954 0.029096 0.000000 0.016468 0.781044 0.983846 1.324952 1.125567 1.696490 2.293135 1.347243 1.334428 1.410039 1.817652
0.018863 0.457175 0.186615 -0.132093 -0.354860 -0.547613 -0.556513 -0.644463 -0.754798 -0.915170 -0.999184 -1.506349 -1.223227 -1.208628 -1.209831 -1.162509 -0.310576 -0.020296 0.045744 0.027221 0.066576 0.032045 -0.119559 -0.542512 -0.075053 -0.028526 0.000000 0.039744 0.113185 0.030619 -0.136465 0.001868 0.463918 0.781133 1.146119 1.282003 0.836481 0.891615 0.868265 0.708246 0.855267 0.602448 0.194092 0.174603 0.147308 0.110928 0.085393 0.047950 0.589518 0.984569 0.558831 0.177586 0.000000 0.306225 0.279945 -0.004048 0.252155 0.905873 1.367923
0.206634 0.211638 0.052151 -0.182111 -0.645433 -0.772038 -0.821013 -0.960244 -0.744605 -0.763444 -1.131604 -1.176664 -1.511676 -1.276681 -1.036139 -0.853844 -0.385718 0.086818 0.144977 0.135521 0.216865 0.236812 -0.046329 -0.416484 -0.019954 -0.007132 0.000000 0.013235 0.089866 0.054386 0.029908 0.400777 0.849975 1.075548 1.504968 1.678025 1.601095 0.996094 0.948052 0.783646 0.921147 0.608294 0.201311 0.173318 0.155166 0.126404 0.088061 0.679558 0.480742 0.556067 0.199044 -0.021359 0.000000 0.095446 0.347959 0.493679 1.527412 2.329242 2.660414
0.428433 0.317111 0.065516 0.053448 0.054397 -0.121465 -0.289473 -0.503142 -0.592248 -0.600984 -0.895066 -1.052008 -1.025368 -1.059965 -0.837419 -0.759027 -0.675428 -0.449416 -0.162415 0.012458 0.060554 0.043716 -0.058815 -0.041694 -0.034885 -0.010007 0.000000 0.010871 0.068681 -0.041078 0.044313 0.301947 0.512388 0.504533 1.268380 1.288147 1.669502 0.905244 0.895403 0.729411 1.682068 1.508477 1.043657 0.884345 0.583140 0.159542 0.085630 0.364964 -0.330399 -0.336474 -0.642679 -0.317410 0.000824 0.261756 1.511548 2.160226 3.374512 3.712505 3.269402
0.942624 0.623931 0.128741 0.080142 0.057759 0.040315 -0.000697 0.000808 -0.185732 -0.263540 -0.551177 -0.791286 -0.889325 -1.313919 -1.016525 -0.721390 -0.362824 -0.134593 -0.048403 -0.002764 0.030322 0.019448 -0.101783 -0.058881 -0.023064 -0.001279 0.000831 0.015161 0.030750 0.212564 0.247462 0.389025 0.507331 0.536868 1.378301 1.572112 1.736956 1.965539 0.989801 1.792815 1.540895 1.908526 2.500975 2.348271 2.365405 1.342296 2.625471 2.505810 2.052243 1.725531 1.171629 1.580616 1.029577 2.796165 4.428853 4.837733 4.028472 2.503461 2.317970
0.000972 0.001482 0.027440 0.044654 0.094230 0.011500 0.000574 0.000831 -0.147859 -0.217168 -0.465484 -0.681763 -0.927821 -1.057640 -0.887171 -0.612104 -0.307107 -0.162155 -0.159706 -0.173267 -0.115708 -0.251367 -0.531303 -0.036432 -0.008626 -0.000958 0.000817 0.016625 0.014904 0.854195 0.572419 0.419195 0.469258 0.946370 1.262092 0.968970 2.327333 2.711032 3.044314 5.134597 5.321589 4.793715 6.471831 6.214873 6.000999 5.446225 3.723379 5.833238 5.052567 4.474264 3.475282 3.383922 3.109078 2.843998 1.871870 1.895858 1.553859 1.334833 1.092129
