use_cases/Flooding_chicago/flooding_data/output/hUx_1560.asc
ncols 337
nrows 393
xllcorner 428428.000000
yllcorner 4602440.000000
cellsize 26.757400
NODATA_value -9999.000000
[rows 130 to 155 of 393, columns 177 to 235 of 337]
0.010993 0.014472 0.363360 0.105622 -0.003184 -0.026919 -0.014444 -0.000449 0.000128 0.000258 0.010138 0.029222 0.017282 0.001868 0.001074 0.068309 0.224169 0.282401 0.331819 0.160440 -0.009322 -0.040972 -0.173649 -0.079090 -0.037064 -0.001385 0.000125 -0.631590 -0.554435 -0.735869 -0.079033 -0.000217 -0.000229 0.001219 0.001997 0.002703 0.001207 -0.159093 -0.031559 -0.083575 -0.067194 -0.081420 -0.165542 -0.147404 -0.029179 -0.090489 -0.020248 0.000000 0.008063 0.026226 0.031511 0.023440 0.049455 0.649564 -0.096507 -0.028037 -0.008716 -0.001200 -0.001298
0.025330 0.022985 0.031130 -0.028667 -0.026770 -0.008944 -0.000506 -0.000566 0.000045 0.000951 0.000537 0.008585 0.020365 0.018493 0.004209 0.048014 0.303197 0.588549 0.402502 0.317134 0.106781 -0.306418 -0.186922 -0.061722 -0.091263 -0.113054 0.000008 -0.354626 -0.472941 -0.028438 -0.007787 -0.000341 0.000166 0.001164 0.008918 0.016403 0.029335 -0.008980 -0.043593 -0.016939 -0.003339 -0.000008 0.000141 -0.000870 -0.000683 -0.003238 -0.007062 0.000000 0.015206 0.031937 0.054174 0.103728 0.025961 0.011520 0.003635 -0.004335 -0.001849 -0.001303 -0.001241
0.021110 0.025705 0.004165 -0.017675 -0.016961 -0.013639 -0.007145 0.000000 0.001246 0.000653 0.000387 0.000712 0.008113 0.009951 0.013735 0.067162 0.156609 0.208714 0.103523 -0.077675 -0.291233 -0.475139 -0.256813 -0.234161 -0.266570 -0.312314 -0.507504 -0.468682 -0.056589 -0.029393 -0.011918 -0.000270 0.000473 0.006739 0.021590 0.053898 -0.053143 -0.443370 -0.028333 -0.022930 -0.007424 -0.000307 0.000088 0.000323 0.001092 0.000971 -0.000661 0.000000 0.005878 0.025511 0.031067 0.146543 0.000000 0.006565 0.032601 0.010185 0.006095 0.000832 -0.000321
0.024834 0.003419 -0.010894 -0.001932 -0.011195 -0.013442 -0.007145 0.000000 0.006542 0.022332 -0.000306 0.000410 0.010497 0.025841 0.031063 1.926585 1.622679 1.471993 1.602836 1.083671 0.687970 0.167647 -0.306848 -0.260024 -0.254012 -0.098254 -0.012157 -0.026423 -0.044915 -0.008161 -0.000965 0.000000 0.000965 0.016159 0.025930 0.067455 -0.058120 -0.407574 -0.032933 -0.012404 -0.000758 -0.000320 0.000684 0.000648 0.004220 0.013959 0.001584 0.000000 0.005878 0.016460 0.046678 0.062284 0.013620 0.004979 0.007480 0.004867 0.003075 0.011852 0.046681
0.031233 0.003588 -0.009493 -0.000055 -0.040077 -0.010533 -0.000344 0.000100 0.000374 0.001588 0.000519 0.000196 0.000683 0.009033 0.074710 -0.641363 -0.980783 -0.665727 -0.659387 -0.906323 -1.003995 -1.150066 -1.848714 -2.013647 -0.116777 -0.038571 -0.011210 -0.040888 -0.017406 -0.011876 -0.000473 0.000270 0.019004 0.023798 -0.265638 -0.322313 -0.551034 -0.025965 -0.019512 -0.013507 -0.000703 -0.000053 0.000669 0.010610 0.019726 0.047673 -0.000141 0.000207 0.009778 0.030758 0.040007 0.050606 0.070274 0.015829 0.000511 0.022345 0.058449 0.365275 0.283668
-0.002744 -0.043152 -0.008343 -0.000967 -0.003178 -0.000368 0.000012 0.000149 0.000193 0.000489 0.001297 0.000553 0.000366 0.010428 0.065389 -0.170879 -0.304895 -0.291569 -0.269134 -0.220214 -0.350012 -0.546677 -0.744692 -0.694627 -0.159893 -0.054649 -0.046267 -0.036689 -0.008838 -0.000860 0.000079 0.000600 0.002127 0.013074 -0.070683 -0.213547 -0.032002 -0.025328 -0.023707 -0.010923 -0.000232 0.000169 0.001376 0.000685 0.001524 0.002915 0.001467 0.000718 0.000496 0.012479 0.026534 0.040131 0.109331 0.051430 0.013266 0.002899 -0.074908 -0.114855 -0.272996
-0.009005 -0.006418 -0.019189 -0.019756 -0.013738 -0.000010 0.003619 -0.000612 -0.006631 0.000019 0.024565 0.025124 0.002256 0.001005 0.047761 -0.122973 -0.213400 -0.150118 -0.028658 0.012503 -0.058001 -0.202478 -0.394917 -0.651384 -0.792710 -0.086909 -0.035163 -0.002586 -0.000465 0.000266 0.000485 0.000204 0.000368 -0.305588 -0.416204 -0.046841 -0.031082 -0.017993 -0.002222 -0.001673 -0.000077 0.000072 0.008463 0.025269 0.018515 0.001905 0.000995 0.000480 0.000380 0.033195 0.061083 0.087821 0.033820 0.208464 0.215667 0.237886 0.211378 0.088437 -0.007905
0.599017 1.315430 0.470162 0.332359 -0.001195 0.000586 0.122781 0.393981 -0.199498 -0.000217 0.002867 0.050123 0.832997 0.284767 0.142251 0.074839 -0.076303 -0.165490 -0.194781 -0.186524 -0.189856 -0.200325 -0.441233 -0.427013 -0.539727 -0.049753 -0.014896 -0.000310 0.000085 0.000401 0.000159 0.000203 -0.084240 -0.165386 -0.008546 -0.005681 -0.001909 -0.005544 -0.007378 -0.002902 -0.000096 0.000094 0.013121 0.020074 0.002497 0.000990 0.001219 0.000818 0.012403 0.032860 0.028443 0.067191 0.021929 0.006229 0.006215 0.003765 0.059558 0.009899 -0.040858
1.103684 1.837273 1.632859 1.693593 1.842921 1.980891 2.261607 3.322715 3.306398 2.259937 1.823148 2.936280 2.459797 2.482067 2.057328 1.723984 1.733575 1.527526 1.265470 1.342561 0.975034 0.794692 0.527183 0.355226 0.186093 -0.121542 -0.001049 0.000210 0.010127 0.027055 0.003196 0.137623 0.486847 -0.168813 -0.020727 -0.030398 -0.033318 -0.023646 -0.004782 -0.004731 -0.000103 0.000103 0.008253 0.021101 0.002147 0.001695 0.019562 0.023875 0.002193 0.023152 0.045614 0.048912 0.060621 0.014882 0.012260 0.318087 0.436315 0.476940 0.638312
1.020197 0.863303 1.860356 2.156273 2.030433 3.231905 3.096542 2.378155 2.480980 4.101250 4.057718 3.966095 3.958467 4.010994 3.960634 3.475641 3.099473 2.671388 2.192193 2.085336 1.893297 1.749611 1.247412 0.918965 0.438789 0.165880 -0.000116 0.000098 0.000503 0.006934 0.134860 0.207065 0.414723 0.195761 -0.218623 -0.030860 -0.013367 -0.011120 -0.002959 -0.003439 -0.000003 0.008373 0.028519 0.052717 0.053876 0.000113 0.018170 0.015683 0.001492 0.001444 0.013296 0.074794 0.086393 -0.123286 -0.147740 0.014239 0.219900 0.324667 0.430650
0.002085 0.942257 0.877577 1.057678 0.881554 1.080011 0.251716 -0.001331 0.008053 0.723492 1.079861 0.917577 0.309246 0.338330 0.880415 0.948727 1.073270 1.013234 0.938258 0.961406 1.199622 1.006262 0.662860 0.430349 0.465437 0.353693 0.005933 -0.000011 -0.001199 0.000492 0.000707 -0.213254 -0.288387 0.049839 0.082792 -0.002556 -0.013561 -0.023078 -0.010915 -0.000141 0.006730 0.010333 0.002445 0.004020 0.004401 -0.000347 0.001295 0.022960 -0.097640 -0.371637 -0.595994 -0.377999 -0.238108 -0.030694 0.303344 0.554891 0.943510 0.937113 0.831307
1.576468 1.284186 1.280383 0.573198 0.436837 0.232229 -0.010088 -0.001647 0.021046 0.089519 0.118998 -0.198024 -0.674874 -1.930277 -2.051961 -1.613699 -1.072427 -0.694536 -0.145746 0.138466 0.602858 0.804201 0.840171 0.937046 1.002976 1.227064 1.005309 0.461121 0.207025 -0.132384 -0.255217 -0.275355 -0.113065 0.210264 0.215913 0.278869 0.960877 -0.057675 -0.010551 -0.000005 0.003939 0.022511 0.000061 0.090077 0.458210 0.194502 0.003733 0.621122 0.643428 0.584625 0.657174 0.657390 0.862149 0.878036 1.096387 1.246485 1.246815 1.117498 1.334994
0.583248 0.182612 -0.125182 -0.032467 -0.006064 -0.000104 0.000101 0.010876 0.138060 -0.043929 -0.005040 -0.000000 0.007149 0.021562 0.060314 0.114117 0.217579 0.269742 0.323841 0.571929 0.662336 1.112782 1.261903 1.340562 1.439796 1.470364 1.702994 0.880058 0.659889 -0.196081 -0.124604 -0.003675 -0.002955 0.000000 0.277223 1.876571 2.215532 2.086814 2.730438 1.233171 0.458128 0.601867 0.288493 0.030328 -0.056376 0.010421 0.177873 0.633831 0.845865 0.949224 0.605003 0.389569 0.162518 -0.120298 -0.372189 -0.741750 -1.216345 -1.455539 -2.213744
0.292826 0.118303 -0.073030 -0.024300 -0.013484 -0.000429 0.000375 0.011505 0.324204 0.014598 -0.003994 -0.000007 0.007842 0.019517 0.024379 0.006262 0.030708 0.222687 0.486156 0.892719 0.776705 1.229799 1.546031 1.589827 1.538808 1.407639 1.553788 1.094984 0.632518 0.046750 -0.094104 -0.020469 -0.007109 0.000000 0.005460 1.274283 0.816605 0.884232 1.080970 1.381964 1.374285 1.118764 1.001798 0.595785 0.502630 0.935766 1.133370 2.313338 2.534082 2.677079 2.328600 2.116208 1.892403 1.870367 1.601204 1.082954 0.707454 0.303171 -0.226103
0.395656 -0.000306 -0.083847 -0.031471 -0.009520 -0.001186 0.000715 0.017709 0.266692 -0.299598 -0.012954 -0.000352 0.000352 0.007106 0.025987 0.009031 0.028148 0.102809 0.562176 0.853660 0.976568 1.487214 1.719522 1.880582 1.451564 1.569589 2.171480 1.676229 1.182213 0.596378 0.524413 -0.014836 -0.007164 0.000000 0.015177 0.663550 0.290573 0.410595 0.536786 1.625652 1.495778 1.452692 1.059042 0.653225 1.070231 1.464487 1.779304 2.027983 1.973563 2.475222 2.262452 1.991350 1.815535 1.844148 1.574159 1.423898 1.012410 0.621447 0.168491
0.113588 -0.005075 -0.018450 -0.023669 -0.024337 -0.011833 0.000000 0.014383 0.078266 -0.070576 -0.019249 -0.007805 0.000007 0.009382 0.015965 0.032292 0.007730 0.011955 0.226424 0.076739 -0.049878 0.274914 1.050447 1.244417 1.154421 1.843238 1.787355 1.958336 1.481880 1.366661 0.298302 -0.015697 -0.000223 0.009422 0.098312 0.095960 0.344468 0.538109 1.192990 2.055530 1.919146 1.744020 1.357135 1.547199 1.226045 1.597059 1.920844 1.830862 1.141200 0.881144 0.945689 1.000977 0.923299 0.686502 0.527445 0.282284 -0.100339 -0.558389 -1.204739
-0.002055 -0.006009 -0.002212 -0.012697 -0.015994 -0.008201 0.000000 0.027358 0.021415 -0.323943 -0.522827 -0.004729 -0.000144 0.000656 0.006185 0.009044 0.016089 0.018934 0.156865 0.157073 0.149811 0.241994 0.111410 0.390876 0.804859 2.329789 2.392888 2.398639 2.691708 1.993858 1.976409 0.553654 0.263996 0.100403 1.366594 1.110680 1.241578 1.272329 1.427627 1.514079 1.321858 1.286140 1.165604 1.432204 1.159908 1.259033 1.238303 0.872732 0.484253 0.848318 0.631091 0.709142 0.609394 0.455835 0.299532 0.132101 -0.142576 -0.624771 -0.156160
-0.000222 0.000222 -0.002930 -0.022602 -0.009575 -0.000399 0.000109 -0.008690 -0.030050 -0.140398 -0.433085 -0.040754 -0.012428 0.000026 0.011297 0.025010 0.533097 0.578261 0.500677 0.073838 0.001171 0.154297 0.242088 0.977960 1.022608 1.308962 3.297616 3.533260 3.546978 4.046587 2.850762 2.717346 2.384534 2.118781 1.882052 3.115501 3.099477 2.693667 1.721814 1.521883 1.526610 1.411477 1.803678 1.421066 1.206545 1.254823 1.041268 0.756007 0.446745 0.781157 0.497343 0.459059 0.268325 0.134364 -0.017140 -0.175598 -0.507616 -0.166721 -0.122828
-0.000039 -0.000172 0.000271 0.000805 -0.000451 -0.000550 0.000349 0.300292 0.340781 0.274187 0.054556 -0.017219 -0.000836 0.011321 0.021382 0.037246 0.527223 0.233854 -0.037878 -0.017404 0.248693 0.914627 1.256852 2.288605 2.253093 2.764446 1.749870 2.728810 2.598294 2.694256 2.699453 2.679999 2.619070 3.611099 3.214071 3.139541 2.609069 2.225507 1.172224 1.632501 1.393733 1.270959 1.481722 1.355213 1.063552 0.927036 0.813743 0.804054 0.458280 0.516894 0.222770 0.045920 -0.049528 -0.108369 -0.169142 -0.301267 -0.682025 -0.203799 -0.206799
0.228142 0.138085 0.073773 0.034622 0.012969 -0.001903 0.001058 -0.044821 -0.234261 -0.158693 -0.147311 -0.062549 -0.000066 0.006482 0.045959 0.495117 0.383240 0.278698 0.184733 0.448222 0.774109 1.632674 2.008744 2.804573 2.532076 1.883090 0.355661 0.224701 0.640200 2.172055 3.099914 2.974222 3.035037 3.450570 3.170523 2.562650 1.446167 1.151457 0.871809 0.048223 0.024413 0.772462 0.717104 0.825142 0.740420 0.652583 0.538109 0.403773 0.087716 -0.001577 -0.001363 -0.130034 -0.327608 -0.365789 -0.365654 -0.400351 -0.717869 -0.142612 -0.127072
0.218197 0.168797 0.122227 0.070878 0.036804 -0.003004 -0.001978 -0.000613 -0.001008 0.000000 0.000618 0.001188 0.017484 0.293078 1.035870 0.826581 0.692495 0.532710 1.735177 2.411345 2.210536 2.420532 3.185650 2.730297 2.333295 1.738480 0.357306 0.221576 0.444808 2.070627 1.870693 2.179377 2.405520 2.724480 2.384740 1.799544 0.889251 0.047476 -0.000208 0.000326 0.041896 0.478374 0.681826 0.825221 0.935701 0.681798 0.473458 0.209042 -0.018341 -0.012051 -0.000326 0.000208 0.046066 0.120288 0.297305 0.226835 0.016813 -0.076091 -0.025028
0.188806 0.138636 0.100738 0.061056 0.034462 -0.001668 -0.001845 -0.000492 -0.000641 0.000000 0.004204 0.011267 0.039557 0.471191 1.265036 0.977130 2.579974 3.306318 3.804309 4.793266 2.911325 2.589016 1.968679 1.495544 0.723380 0.691641 0.553616 0.127358 0.194485 0.178878 0.407578 0.808543 0.798082 1.424326 1.348768 0.921911 0.418624 -0.071393 -0.000003 0.010177 0.031697 0.579167 0.554981 0.522937 0.294961 0.519295 0.481445 0.205226 0.034362 -0.176108 -0.041067 0.000003 0.013847 0.044720 0.095219 0.044105 -0.436223 -0.067668 -0.039858
1.529847 1.330446 1.268966 0.807249 0.237974 0.087584 0.062249 0.004862 -0.000880 0.000000 0.009991 0.968097 2.202229 0.944909 1.975072 3.671931 2.870879 3.515038 4.109686 1.255821 0.073661 0.142493 0.321409 0.397573 -0.223447 -0.374239 0.016555 0.309766 0.650317 0.215624 -0.018420 0.007606 0.000059 0.035487 -0.473843 -0.628514 -0.082223 0.029713 0.052753 0.873035 1.670304 1.859928 3.031721 2.898978 2.409702 2.310460 1.211534 0.441630 0.231173 0.036420 -0.048887 0.000324 -0.017653 -0.046361 -0.050880 -0.065723 -0.464025 -0.057329 -0.013897
1.417578 2.343226 2.345031 2.212010 2.445673 1.902773 1.956857 2.584296 2.782068 2.503140 2.821044 3.049805 5.015625 3.461788 5.430932 1.709504 0.786643 1.206833 -0.014460 -0.019611 0.028448 0.349672 0.503177 0.215549 0.052552 0.008307 0.020263 0.039096 0.264475 0.388602 -0.062248 -0.012842 0.000002 0.005059 0.029534 0.205903 0.602533 0.066617 0.069422 1.405941 1.596307 1.651770 1.621804 1.620036 1.304875 0.422404 -0.009139 -0.000448 -0.000051 0.000491 -0.001543 0.002455 0.009273 0.122231 -0.258070 -0.397641 -0.036663 -0.026598 -0.013708
0.975331 1.259206 1.486356 1.866616 2.095429 2.514239 2.793860 3.481510 3.730716 3.569881 3.856511 4.054778 2.573045 2.278506 0.641977 -0.001204 -0.007290 -0.013386 -0.004865 0.000724 0.177320 0.524347 0.363045 -0.021738 -0.000021 0.007178 0.008655 0.000328 0.000070 -0.000557 -0.004950 -0.003351 0.000130 0.006912 0.027495 0.088431 0.067550 0.040477 0.129279 0.393778 -0.061156 -0.040574 -0.040204 -0.336180 -0.032740 -0.008370 -0.000468 -0.000302 -0.000078 0.001270 0.002783 0.009372 0.006523 0.003131 -0.286651 -0.611177 -0.024833 -0.007016 -0.000994
0.523930 0.513277 0.340980 0.578382 0.847182 1.015928 0.873981 0.756960 0.715528 0.857754 0.551536 -0.029541 -0.001378 -0.003658 -0.025601 -0.023719 -0.016560 -0.005143 0.000168 0.015886 0.410695 0.921784 0.603787 -0.008504 -0.000600 -0.000898 -0.000444 -0.000001 0.000111 -0.009365 -0.003217 0.000002 0.006130 0.019391 0.069210 0.149159 0.167521 0.115787 0.037858 -0.140578 -0.407149 -0.761746 -0.203863 -0.020316 -0.019088 -0.007410 -0.000368 0.000049 0.000526 0.016880 0.037098 0.014848 0.001950 0.012666 0.050958 -0.210684 -0.033176 -0.013888 -0.000023
