use_cases/Flooding_chicago/flooding_data/output/hUx_1260.asc
ncols 337
nrows 393
xllcorner 428428.000000
yllcorner 4602440.000000
cellsize 26.757400
NODATA_value -9999.000000
[rows 156 to 181 of 393, columns 118 to 176 of 337]
0.000000 0.007778 0.070013 0.069868 0.107379 0.137030 0.088356 0.063373 0.063554 0.526525 1.039909 0.776027 0.000000 0.210213 0.384333 0.110214 0.051773 0.069677 0.034676 -0.097661 -0.122500 -0.046422 -0.017600 -0.008027 -0.000672 -0.000350 0.000607 0.009329 0.021091 0.050452 1.620519 1.283250 0.876728 0.854140 0.550097 0.151634 0.002238 0.001021 0.093476 0.062001 0.140912 0.132141 0.171698 0.219957 0.470606 0.629354 0.741213 0.633707 0.761194 0.544250 0.081101 0.002332 -0.015652 -0.000222 0.000222 0.011179 0.190292 0.153976 0.080365
0.004141 0.214804 0.786362 0.363786 0.271060 0.090097 0.090838 0.056121 0.709393 0.607962 0.286222 0.510202 0.446935 0.362333 0.212508 0.057352 0.046901 -0.278329 -0.426133 -0.523315 -0.878252 -0.023718 -0.004363 -0.000808 -0.000363 0.000046 0.000360 0.010183 0.028406 1.563442 1.319335 1.179544 1.081616 1.022798 0.793647 0.067057 0.093369 0.132434 0.000036 0.120101 0.567822 0.320340 0.279338 0.287724 0.297519 0.290207 0.224360 0.370516 -0.062959 -0.229030 -1.096871 -1.010405 -0.603410 -0.032565 -0.065125 0.128317 0.286631 0.276211 0.147098
0.002787 0.073784 0.038936 -0.066541 -0.005350 0.000000 0.004060 0.037853 0.402605 -0.000116 0.000087 0.002089 0.002332 0.234976 0.618073 0.056327 -0.202288 -0.260821 -0.525764 -0.578658 -0.651461 -0.052473 -0.006815 -0.000021 0.007950 0.012619 0.000985 0.000746 -0.187891 -0.310910 -0.354716 -0.568034 -0.751893 -0.494688 -0.272071 -0.617602 -0.271059 -0.056718 0.000916 0.173819 1.969871 0.409875 0.203084 0.119323 -0.000264 0.059134 0.056430 -0.182666 -0.881452 -1.207156 -2.095709 -2.549962 -1.815314 -0.963558 -0.850678 -0.111053 0.088032 0.000656 0.084721
0.081819 0.357121 0.147062 0.104810 -0.000464 0.000067 0.011897 0.569375 0.533490 -0.000464 0.000159 0.002106 0.012425 0.020399 0.196564 -0.130705 -0.420467 -1.183852 -1.457064 -1.491163 -1.443753 -1.646853 -0.013384 -0.000114 0.000255 -0.133307 -0.222453 -0.278436 -0.457112 -0.457625 -0.763747 -0.943852 -1.068047 -0.684934 -0.336608 -0.463609 -0.109429 0.150893 0.803049 0.263397 0.386577 -0.000133 0.000135 0.022440 0.030131 -0.000633 0.104221 0.376068 0.554322 0.843613 1.050956 1.371415 0.777573 0.793398 0.849404 0.618453 0.094292 -0.000058 0.004230
0.869313 0.702397 0.279113 0.249282 0.171515 0.444301 0.391539 0.311141 -0.000772 -0.000517 0.000607 0.021066 0.035455 0.033629 0.003132 -0.390331 -0.563771 -1.030536 -0.906496 -0.792820 -0.310511 -0.192786 -0.379818 -0.156178 -0.236209 -0.384064 -0.339377 -0.223894 -0.049333 0.106056 -0.163644 -0.311635 -0.332390 -0.291762 -0.180798 -0.398854 -0.046355 0.079994 0.164903 -0.207005 -0.026822 -0.000292 0.000104 0.000239 0.000236 0.000292 -0.003362 0.305220 0.625742 1.950657 3.417845 3.030713 1.013589 0.071848 -0.071898 -0.030304 -0.033215 -0.001933 -0.001093
0.171229 0.295805 -0.000131 0.000136 0.052723 0.029942 0.010907 -0.706749 -0.029854 -0.001626 0.000962 0.001615 0.020665 0.204106 -0.156678 -0.243706 -0.408689 -0.398766 0.057630 0.320466 -0.159081 -1.152103 -1.793448 -2.116554 -0.998815 -0.396377 -0.322412 -0.194102 -0.063422 -0.249426 -0.309724 -0.299216 -0.193683 0.129004 0.372502 0.490692 0.537121 0.580853 0.481894 -0.663116 -0.024914 -0.006437 -0.000117 0.000075 0.000248 0.000793 0.024687 0.071474 0.078102 -0.006533 -0.001834 -0.000855 0.000171 0.000302 -0.028386 -0.042306 -0.094332 -0.026667 -0.006056
-0.076562 -0.007386 -0.000331 0.000393 0.007574 0.040810 0.014425 -0.569214 -0.025289 0.000000 0.003144 0.002133 0.013901 0.179947 0.317607 0.343151 0.458506 1.049957 1.655731 0.997013 0.553619 -0.015731 -0.003399 -0.016690 -0.065012 -0.115467 -0.093530 -0.033011 0.057122 0.051721 0.011986 0.001492 -0.056487 0.380796 0.852835 1.283854 0.576045 -0.072079 -0.084247 -0.123705 -0.077049 -0.025871 -0.005716 0.000000 0.006570 0.022922 0.040400 0.117799 0.063881 -0.038218 -0.027851 -0.012129 -0.000003 0.011096 0.023214 -0.041938 -0.122384 -0.028038 -0.012536
-0.028374 -0.000554 -0.000247 0.000569 0.010857 0.045543 0.017070 0.175540 -0.003929 0.000000 0.009656 0.025120 0.039204 0.171053 0.091207 -0.012908 -0.031173 -0.208521 -0.013906 -0.017819 -0.005328 -0.000241 0.000604 0.001194 -0.000983 -0.002258 -0.001280 0.007321 0.010842 0.006658 0.000123 0.021380 0.052474 -0.768451 -1.084126 -0.646131 -0.021651 -0.009453 -0.009866 -0.062154 -0.057301 -0.022527 -0.006081 0.000000 0.006318 0.019327 0.094787 0.115421 0.020421 -0.020634 -0.020415 -0.008486 -0.000120 0.001077 0.009419 0.055726 -0.036454 -0.037142 -0.009532
-0.018837 -0.000343 -0.000216 0.000125 0.000899 0.001021 0.000864 0.001342 0.000083 0.000204 0.000692 0.007106 0.023664 0.171050 -0.442991 -0.774432 -1.475393 -0.029360 -0.023967 -0.010734 -0.000103 0.000103 0.009392 0.015863 -0.000854 -0.007314 -0.020995 -0.013020 0.013537 0.011068 0.002267 0.010214 0.030923 -0.191159 -0.326526 -0.099623 -0.014773 -0.004901 0.000005 -0.135714 -0.073995 -0.037074 -0.008262 0.000000 0.003663 0.038229 0.089410 0.033802 0.000088 -0.000517 -0.000039 0.000243 0.001405 0.015561 0.029190 0.097603 -0.001068 -0.050098 -0.021374
-0.000102 0.007604 0.000608 -0.013808 -0.009187 -0.000272 0.000431 0.009625 0.019453 0.013218 0.001104 0.051001 -0.185507 -0.323554 -0.756395 -0.730035 -1.487118 -0.010138 -0.007544 -0.003946 -0.000222 0.000222 -0.003315 -0.000345 0.000107 -0.009728 -0.033430 -0.039710 0.010813 0.028219 0.003856 0.001214 0.001070 -0.099079 -0.302789 -0.204913 -0.005685 -0.000326 0.000208 -0.016540 -0.055042 -0.104633 -0.049313 -0.002697 0.002309 0.028741 0.036111 -0.025946 -0.050886 -0.011989 -0.000000 0.006650 0.021332 0.040802 0.007634 0.196030 0.088448 -0.036685 -0.004728
0.012905 -0.228829 -0.410807 -0.087140 -0.031176 -0.007410 0.000012 0.013001 0.024629 0.186527 -0.107058 -0.239297 -0.618103 -0.894011 -1.238576 -1.122551 -0.477762 -0.493146 -0.359337 -0.129868 -0.046366 -0.091210 -0.029212 -0.012670 -0.000130 0.000130 -0.063257 -0.060171 -0.044360 -0.001123 0.000073 0.008684 0.020177 -0.128265 -0.358236 -0.342215 -0.033531 -0.007002 0.000003 -0.024944 -0.010399 -0.069582 -0.046001 -0.000932 0.000470 0.010435 -0.004923 -0.042826 -0.045316 -0.018449 -0.000006 0.009543 0.037506 0.078448 0.553274 0.423238 0.206080 -0.021154 -0.005048
0.272862 0.119061 -0.098507 -0.244958 -0.235344 -0.025423 -0.000112 0.000341 -0.020035 -0.052216 -0.050925 -0.192400 -0.272848 -0.974905 -1.043614 -0.270591 -0.097102 -0.116860 -0.101352 -0.041631 -0.003453 -0.005820 -0.033787 -0.007238 -0.000360 0.000360 0.009814 -0.008599 -0.067798 -0.015813 -0.000416 0.000350 0.012515 -0.070531 -0.196081 -0.279938 -0.329547 -0.022879 -0.027957 -0.039826 -0.003208 -0.004411 -0.007292 -0.001084 -0.000590 -0.000006 -0.000382 -0.005560 -0.040146 -0.026253 -0.000103 0.001615 0.035223 0.104499 -0.280982 -0.255937 -0.046849 -0.039222 -0.030858
0.169296 0.523894 0.370940 0.355282 0.524294 0.813182 0.471156 -0.001599 -0.052885 -0.071970 -0.081976 -0.322329 -0.420294 -1.731033 -0.425278 -0.111958 -0.045278 -0.060804 -0.160747 -0.164989 -0.015691 -0.003224 -0.014757 -0.009515 -0.000360 0.000360 0.013879 -0.089934 -0.255873 -0.025414 -0.000907 0.000620 0.012351 0.051415 -0.045455 -0.246227 -0.483670 -0.219443 -0.088833 -0.040096 -0.021875 -0.006822 -0.020252 -0.010192 -0.000572 -0.000326 0.000046 0.000364 0.001262 0.000669 0.000797 0.003970 0.026868 0.044281 0.130057 -0.133202 -0.097636 -0.041156 -0.021529
0.157731 -0.124527 -0.274133 -0.503723 -0.435534 -0.391211 -0.350651 -0.161794 -0.291351 -0.489568 -0.490641 -1.022522 -1.727532 -2.123491 -0.292211 -0.324394 -0.279220 -0.078727 -0.099441 -0.658586 -0.010192 -0.002463 -0.003889 -0.000382 0.000559 0.000010 0.015677 0.026876 -0.102173 -0.016672 -0.000898 0.000248 0.024100 0.107702 0.047023 -0.180090 -0.437194 -0.329496 -0.155631 -0.104620 -0.083231 -0.060318 -0.036320 -0.024405 -0.006229 -0.000000 0.000334 0.000306 0.000845 0.000838 0.000533 0.016969 0.026260 0.046229 0.104006 -0.090175 -0.084145 -0.023410 -0.017923
0.060214 -0.762389 -0.988210 -1.083986 -1.164334 -1.017412 -1.056063 -0.576761 -0.803486 -0.735367 -0.740247 -0.581925 -0.363576 -0.262112 -0.197441 -0.299074 -0.373015 -0.352638 -0.111886 -0.589849 -0.560474 -0.025841 -0.010310 -0.000012 0.030503 0.029268 0.399352 0.310991 0.082032 -0.437874 -0.030087 0.000000 0.023510 0.066683 0.016074 -0.005428 -0.062320 -0.281801 -0.267524 -0.185888 -0.148270 -0.117813 -0.079612 -0.042183 -0.008320 -0.000008 0.000580 0.000603 0.000646 0.000009 0.011411 0.020803 0.028004 0.084210 0.119143 0.011611 -0.168562 -0.022911 -0.025405
-0.899011 -1.509541 -1.626685 -1.652258 -1.930205 -2.198404 -2.203776 -1.881657 -1.922705 -1.349552 -1.256942 -1.161460 -1.090381 -0.036369 -0.024066 -0.029608 -0.022770 -0.020050 -0.080841 -0.136226 -0.969058 -0.281478 -0.099609 -0.036838 -0.000001 0.085198 0.370756 0.286346 0.175865 -0.037538 -0.007494 0.000004 0.010277 0.034111 0.096137 0.023295 -0.001774 -0.024009 -0.154104 -0.234092 -0.191192 -0.169026 -0.132441 -0.092465 -0.029760 -0.000422 -0.000101 0.000079 0.000287 0.000387 0.007538 0.009627 0.013845 0.079328 0.161849 0.106915 -0.071211 -0.027570 -0.009131
-0.036604 0.157262 0.383639 0.524806 -0.125885 -0.931977 -0.712953 -0.587393 -0.698112 -0.901814 -1.166756 -1.335350 -0.458636 -0.023659 -0.010584 -0.000388 -0.000372 0.000145 0.000492 0.000861 -0.432658 -0.664778 -0.022330 -0.002315 -0.000043 0.002023 -0.075662 -0.223287 -0.055391 -0.006608 -0.000323 0.000216 0.010752 0.037586 0.091272 -0.008080 -0.004899 -0.001753 -0.003909 -0.032174 -0.043675 -0.020515 -0.011516 -0.075870 -0.079897 -0.036247 -0.000473 -0.000974 -0.001222 0.003164 0.002607 0.035947 0.178942 0.060746 0.028100 -0.015838 -0.092821 -0.029358 -0.015097
0.314414 0.394291 -0.308581 -0.005218 0.000003 0.009990 0.347377 0.461233 -0.023541 0.000027 -0.022851 -1.421576 -0.585467 -0.026965 -0.011092 -0.000609 -0.000539 0.000539 0.000609 0.193461 0.819893 -0.122499 -0.037014 -0.024084 -0.000049 0.014160 0.018118 -0.120201 -0.091478 -0.013138 -0.000965 0.000392 0.007144 0.030965 0.035261 -0.077778 -0.046126 -0.009914 -0.000711 -0.001649 -0.020087 -0.009222 -0.001974 -0.004601 -0.008034 -0.012813 -0.005691 -0.005377 -0.001073 0.001361 0.033225 0.074779 0.030057 0.024522 0.002485 -0.011732 -0.073980 -0.031809 -0.022991
-0.551747 -1.357454 -0.020339 -0.000222 0.000222 0.005307 0.009139 -0.001706 -0.000998 0.000515 0.029251 -0.510164 -0.533466 -0.064741 -0.033174 -0.008421 -0.000369 0.000369 0.018221 -0.144881 -0.217565 -0.047513 -0.036070 -0.003545 -0.000632 0.000340 -0.024754 -0.130645 -0.112098 -0.002981 -0.004242 -0.000269 0.001180 0.013140 0.027667 -0.011067 -0.008620 -0.000652 -0.001552 -0.001397 -0.001102 -0.001747 -0.002433 -0.006157 -0.013418 -0.018934 -0.015357 -0.011125 -0.000837 0.000898 0.025239 0.065204 0.011686 0.002043 0.000693 0.008457 0.029497 0.000176 -0.083296
-1.672222 -0.028379 -0.016317 -0.001821 0.001811 -0.050104 -0.064539 -0.020067 0.000000 0.003944 0.007720 0.012056 -0.121896 -0.098401 -0.019363 -0.005315 -0.000429 -0.000653 -0.002279 -0.132646 -0.077786 -0.044590 -0.041278 -0.038300 -0.009590 -0.000000 0.006388 0.010312 -0.066717 -0.004500 -0.009923 -0.011425 -0.002358 -0.001038 -0.002842 -0.018906 -0.008301 -0.000896 -0.002717 -0.000872 -0.000808 -0.000804 -0.001307 -0.002015 -0.002281 0.000000 -0.000026 -0.000989 -0.000401 0.000412 0.005185 0.001224 -0.000979 -0.000015 0.001118 0.011551 0.018504 0.004368 -0.028842
-0.086912 -0.055853 -0.032356 -0.001751 0.001700 0.162257 0.003244 -0.038885 -0.033565 0.001106 0.013695 0.308486 0.076325 -0.185775 -0.043873 -0.045474 -0.051783 -0.063638 -0.036493 -0.006693 -0.036580 -0.019892 -0.004314 -0.013351 -0.007725 -0.000000 0.009433 0.018325 -0.128711 -0.189146 -0.009939 -0.020755 -0.011527 -0.014727 -0.037983 -0.017379 -0.008261 0.000000 -0.002205 -0.000733 -0.000114 0.000623 0.000327 -0.000782 -0.001562 -0.000664 0.000030 0.004858 0.001665 -0.001619 -0.008636 -0.030034 -0.010960 0.000000 0.013696 0.026370 0.025475 0.023685 0.093628
-0.039933 -0.036931 -0.011231 -0.000479 0.000420 0.048043 -0.209858 -0.075777 -0.162954 -0.070717 0.016104 -0.197600 -0.311480 -0.108162 -0.051002 -0.219611 -0.090338 -0.045055 -0.012715 -0.000475 -0.056424 -0.086540 -0.041246 -0.012976 -0.013086 -0.000000 0.007524 0.024793 0.328886 -0.036712 -0.068263 -0.039514 -0.021684 -0.032460 -0.071538 -0.030334 -0.012008 0.000000 0.000813 0.000328 0.000559 0.000601 0.000585 0.000389 0.000459 0.001608 0.000001 0.041642 0.636993 -0.052392 -0.046926 -0.026316 -0.004433 -0.000440 0.004773 0.028832 0.029849 0.031150 0.139602
0.036718 -0.051483 -0.017403 -0.001112 0.000823 0.037057 -0.715724 -0.753924 -0.539179 -0.356337 -0.123414 -0.360343 -0.519622 -0.326683 -0.301861 -0.323469 -0.079662 -0.040638 -0.019609 -0.008124 -0.016594 -0.041413 -0.029140 -0.084422 -0.021118 -0.000004 0.013098 0.027090 0.020055 0.085705 -0.045658 -0.082774 -0.008657 -0.017449 -0.059499 -0.022463 -0.000827 0.000209 0.001269 0.000612 0.000369 0.018034 0.024016 0.565841 0.685437 0.812389 0.510760 0.124232 -0.039813 -0.196634 -0.141719 -0.027794 -0.017604 -0.000030 0.023723 0.055915 0.110946 0.184119 0.218877
0.049988 -0.058372 -0.017960 -0.000867 0.000223 0.000421 -0.627426 -0.636512 -0.476646 -0.002411 0.220726 0.032371 -0.299472 -0.657156 -1.246260 -0.140309 -0.022275 -0.037027 -0.028042 -0.010445 -0.003605 -0.013974 -0.048254 -0.025020 -0.023213 -0.000172 0.000488 0.017446 0.637569 0.278753 -0.455439 -0.044963 -0.000745 -0.000642 -0.001041 -0.000163 0.001217 0.015223 0.130226 0.015661 0.195401 0.353186 0.566608 0.664732 0.064143 0.143102 0.161035 -0.155015 -0.303506 -0.353712 -0.474705 -0.088488 -0.019850 -0.000644 0.000636 0.010299 0.025276 0.041928 0.046239
0.035444 -0.038659 -0.019808 -0.006318 0.000000 0.008358 0.054600 -0.253740 -0.221337 -0.016906 0.251124 0.263962 0.113409 -0.091411 -0.299779 -0.395341 -0.207074 -0.004727 -0.015675 -0.034057 -0.030278 -0.026662 -0.021779 -0.023238 -0.008251 -0.000005 0.007542 0.016624 -0.590484 -0.256777 -0.511607 -0.021626 -0.008059 -0.000473 0.000270 0.004805 0.003304 0.015149 0.339698 0.433700 0.306168 0.235481 -0.025669 -0.000198 0.000204 0.042816 0.098756 0.153067 0.114792 0.181980 0.135458 -0.074237 -0.027127 -0.001929 0.001012 0.002018 0.016205 0.056985 0.011411
-0.185309 -0.434365 -0.013285 -0.003663 0.000000 0.005378 0.016213 0.089021 0.206239 0.334929 0.392158 0.440012 0.361359 -0.004413 -0.020334 -0.070450 -0.137195 -0.215213 -0.311800 -0.054828 -0.045312 -0.035929 -0.011868 -0.001197 -0.000631 0.000290 0.005338 0.036234 -0.035409 -0.135950 -0.024465 -0.019182 -0.012543 -0.000965 -0.000000 0.000965 0.019806 0.201520 0.079893 0.042004 0.038864 -0.049751 -0.013165 -0.000334 0.000674 -0.103403 0.013523 0.243589 0.056290 -0.020070 -0.162559 -0.020678 -0.002842 -0.002796 0.002347 0.003452 0.031000 0.041147 0.010451
