use_cases/Flooding_chicago/flooding_data/output/hUx_2160.asc
ncols 337
nrows 393
xllcorner 428428.000000
yllcorner 4602440.000000
cellsize 26.757400
NODATA_value -9999.000000
[rows 208 to 233 of 393, columns 59 to 117 of 337]
0.077389 0.074973 0.050718 0.036218 0.018486 0.003675 -0.003689 0.002679 0.021862 0.289730 0.412597 1.158311 0.690494 0.509117 -0.007795 -0.013482 -0.024635 -0.228895 -0.278977 -0.248808 -0.196514 -0.021289 -0.017300 -0.001605 0.000160 0.017483 0.296192 0.151750 0.092536 0.076156 0.032052 -0.004639 -0.003293 0.037079 0.174708 0.185602 0.215992 0.365782 0.313812 0.118589 0.052348 0.073146 -0.243831 -0.202704 0.032737 0.304555 0.390914 0.433150 0.432048 0.263231 -0.008026 -0.026604 -0.340856 -0.085474 -0.009144 -0.000774 -0.000389 0.000562 0.000756
0.545737 0.446715 0.329145 0.291499 0.175128 0.121214 0.001635 -0.063493 -0.069553 -0.035262 -0.294560 -0.536985 -0.700069 -0.312664 -0.296548 -0.168711 -0.223855 -0.363107 -0.303205 -0.078678 -0.022524 0.007072 0.032130 0.033763 0.018799 0.118973 -0.062650 -0.049780 -0.073189 -0.087992 -0.245591 -0.207617 -0.206733 -0.087933 -0.099446 -0.191510 -0.221618 -0.121789 -0.076129 -0.067184 -0.091804 -0.128960 -0.184198 -0.146211 -0.070725 -0.043386 -0.147261 -0.247196 -0.438707 -0.037114 -0.000360 0.000360 0.012263 0.009885 0.003247 0.000586 -0.000721 -0.000640 0.000019
0.532997 0.407482 0.363748 0.316799 0.288039 0.133469 0.035801 -0.019654 -0.029621 -0.052625 -0.035268 -0.228517 -0.180931 0.041332 0.184700 0.023492 -0.068520 -0.078859 0.004335 0.009418 0.138515 0.142358 0.138954 0.163915 0.050474 0.066045 0.015656 -0.053411 -0.106168 -0.083635 -0.068116 -0.088537 -0.092463 -0.039709 -0.009156 -0.058849 -0.059654 -0.102747 -0.105270 -0.111420 -0.135212 -0.142845 -0.141390 -0.059264 0.062508 0.199440 0.292204 0.115695 -0.168911 -0.075823 -0.000360 0.000360 -0.009366 -0.026324 -0.346920 -0.512066 -0.343882 -0.582166 -0.320082
0.236600 0.246143 0.207029 0.179217 0.152677 0.073427 0.014781 -0.033925 -0.042418 -0.090979 -0.047610 -0.305356 -0.374028 -0.111598 0.000756 -0.195870 -0.252298 -0.245766 0.000921 0.028762 0.037773 0.082383 0.075553 0.109265 0.048709 0.255777 0.193578 -0.003030 -0.073245 -0.111251 -0.085776 -0.085498 -0.186658 -0.152644 -0.097195 -0.179113 -0.170769 -0.180105 -0.342667 -0.394331 -0.609633 -0.499042 -0.255617 -0.084982 0.048309 0.060253 -0.107680 -0.013940 -0.019779 -0.038226 -0.030796 -0.039410 -0.669392 -0.882074 -1.124099 -2.293675 -1.738588 -0.747968 -0.915748
-0.024751 -0.094961 -0.110093 -0.119825 -0.129571 -0.123788 -0.141230 -0.153602 -0.122802 -0.101076 -0.183992 -0.239746 -0.309612 -0.402497 -0.611704 -0.498072 -0.130520 0.000000 0.007889 0.007340 0.104289 0.092151 0.091698 0.043408 0.038212 0.402182 0.019280 -0.117976 0.000250 -0.059048 -0.001467 0.008643 -0.044691 -0.139763 -0.139008 -0.219549 -0.193174 -0.190321 -0.324911 -0.407466 -0.461755 -0.582642 -0.679524 -0.573778 -0.553740 -0.480896 -0.510984 -0.047152 -0.006052 -0.016139 -0.042289 -0.142778 -0.247516 -0.454979 -0.664249 -0.115211 -0.002376 -0.008351 -0.007363
-0.184409 -0.266409 -0.263157 -0.265656 -0.268917 -0.274956 -0.265399 -0.247149 -0.211509 -0.138443 -0.195483 -0.136711 0.000000 0.007927 0.087248 -0.088604 -0.008618 0.000012 0.011361 0.014341 0.002561 0.000750 0.000018 0.000012 0.012897 0.006355 0.001940 0.000011 0.003585 0.003018 0.210426 0.133330 0.001126 -0.198964 -0.271328 -0.432796 -0.338932 -0.454399 -0.444645 -0.563180 -0.724978 -0.930563 -0.989892 -1.042769 -0.514578 -0.559274 -0.016648 -0.000995 -0.001609 -0.000222 0.000222 0.050877 -0.038083 -0.146195 -0.095208 -0.014537 -0.001983 -0.004602 -0.005914
0.044702 0.013512 0.007360 0.012524 0.037163 0.040486 0.054871 0.088349 0.074315 0.018437 -0.012419 -0.096324 0.000000 0.003663 0.015753 0.001755 -0.000678 0.000312 -0.001242 -0.000899 -0.000020 0.000912 0.000721 0.000563 0.001047 0.000448 -0.000064 0.000358 0.000540 0.017117 0.376114 -0.002324 0.002316 -0.234942 -0.361299 -0.549851 -0.572869 -0.822245 -0.993185 -1.043948 -1.227506 -1.312579 -1.604366 -1.778435 -1.187866 -0.848007 -0.012969 -0.004612 0.000082 -0.000142 0.000123 -0.545041 -0.426562 -0.393501 -0.076431 -0.019854 0.000000 -0.014960 -0.050589
0.139650 0.133211 0.135124 0.113209 0.240208 0.141112 0.130415 0.094376 -0.042755 -0.081206 -0.144250 -0.009577 0.000000 0.004911 0.002808 -0.001729 -0.000972 -0.001232 -0.001808 -0.002217 0.000000 0.006995 0.016783 0.153062 0.094433 0.122684 0.142794 0.161808 0.165132 0.403743 0.288024 -0.003011 0.006256 0.003123 0.000686 0.000480 -0.308092 -0.368666 -0.704109 -0.683769 -0.837772 -1.196735 -1.456398 -1.906736 -2.031831 -2.253038 -1.810165 -0.722114 -0.859718 -0.575939 -0.923376 -0.982981 -0.812427 -0.540124 -0.019984 -0.007474 0.000000 -0.020104 -0.057893
-0.040660 -0.067058 -0.068633 -0.082904 -0.101228 -0.116470 -0.030570 -0.038197 -0.346909 -0.190365 -0.006513 -0.000378 0.000141 0.015850 0.076994 0.033912 -0.002665 -0.008132 -0.001053 0.000148 0.000261 0.025613 0.335807 0.588067 0.149596 0.152104 0.154756 0.160617 0.153418 0.378052 0.246397 -0.024929 -0.005416 -0.000727 -0.000791 -0.000642 0.000001 0.018800 0.114977 -0.037892 -0.128957 -0.166935 -0.137886 -0.937510 -1.749868 -2.123851 -2.534551 -1.795343 -1.859903 -1.699997 -0.849997 -0.805538 -0.044712 -0.003322 -0.005929 -0.003012 -0.005111 -0.018260 -0.052142
0.040121 0.021270 0.022807 0.023559 0.023864 0.012939 -0.023863 0.012227 -0.034437 -0.130657 -0.000942 -0.000254 -0.000067 -0.066064 -0.233961 -0.311410 -0.473188 -0.020350 -0.000045 0.000331 0.001973 0.006655 0.090178 -0.025927 -0.000436 0.000335 0.060192 0.072091 0.064098 -0.001143 0.000736 -0.105426 -0.031239 -0.013976 -0.000576 -0.000545 0.000035 0.009320 0.077638 0.033952 0.341201 0.114253 -0.064053 -0.070544 0.158635 -0.168975 -0.654043 -0.823569 -0.930902 -0.778810 -0.049350 -0.001153 -0.002131 -0.003193 -0.003385 -0.003385 -0.009716 -0.066315 -0.073720
-0.108534 -0.121265 -0.147044 -0.117822 -0.133567 -0.046404 -0.070621 -0.593150 -0.142933 -0.179598 -0.207523 -0.208770 -0.205890 -0.158685 -0.068594 0.039344 0.064522 -0.001341 0.018945 -0.117174 -0.052965 -0.000295 0.000447 0.003153 -0.001007 0.000440 -0.000150 -0.091410 -0.004512 0.000001 0.006448 0.004343 -0.000300 -0.000838 -0.000597 0.000204 0.000948 0.019365 0.062329 0.019028 0.011709 0.021668 0.170241 0.275986 0.468239 0.542727 0.209000 -0.328632 -0.872608 -0.418620 -0.121556 -0.000473 0.000203 0.036664 0.026040 0.000446 -0.055227 -0.140344 -0.055212
-0.235894 -0.308215 -0.316569 -0.306631 -0.292855 -0.059418 -0.094489 -0.136849 -0.177328 -0.215819 -0.828023 -0.223232 -0.211214 -0.179361 -0.171744 -0.110126 -0.000804 0.000577 0.047715 0.035081 -0.000771 -0.000308 0.000831 0.008729 0.577782 -0.002749 -0.003757 -0.010372 -0.009342 0.000019 -0.002793 -0.001065 -0.002067 -0.000823 -0.000521 0.000437 0.000807 0.006469 0.002037 -0.000059 0.012854 0.350408 1.052240 0.718959 0.742561 0.468434 -0.259335 -0.335461 -0.319732 -0.339458 -0.251289 -0.313363 -0.271158 -0.475044 -0.508201 -0.369068 -0.915916 -0.524628 -0.068120
0.063129 0.055205 0.029179 -0.025193 -0.116558 -0.042354 -0.077386 -0.122395 -0.169306 -0.220628 -0.801486 -0.220853 -0.206332 -0.169734 -0.151251 -0.098284 -0.001474 0.000999 0.024225 -0.032643 -0.012393 -0.000013 0.004126 0.002946 0.299195 -0.006717 -0.027652 -0.009035 -0.000596 0.000505 -0.010953 -0.012177 -0.001255 -0.000103 0.000272 0.001214 0.000875 0.001178 0.000596 0.000448 0.104657 0.630275 0.581083 1.151584 0.805806 -0.137830 -0.284773 -0.424017 -0.507336 -0.188481 -0.269956 -0.272103 -0.245857 -0.485412 -0.081209 -0.094208 -0.016951 -0.059347 -0.068715
0.147156 0.147305 0.125657 0.096302 0.024729 -0.015126 -0.065686 -0.118023 -0.000082 0.000636 -0.028247 -0.033366 -0.000334 0.000362 -0.047479 -0.096981 -0.015352 0.000000 0.007410 0.264553 0.227839 0.154623 -0.000257 0.013304 0.004927 -0.108213 -0.004422 -0.000933 -0.000833 0.001101 -0.284569 -0.124090 -0.000056 0.001609 0.000711 -0.004255 -0.009979 0.283433 0.476460 0.786099 1.079850 0.936460 1.587268 0.817117 0.671760 -0.008135 -0.010875 -0.020304 -0.559889 -0.240457 -0.784294 -0.242074 -0.277956 -0.284585 -0.837115 -0.503254 -0.047422 -0.018486 -0.012208
0.034316 0.026032 0.026242 0.020629 -0.038404 -0.074468 -0.162827 -0.006693 0.000000 0.008829 0.097277 0.041630 -0.000006 -0.060671 -0.073468 -0.087857 -0.065215 -0.000250 -0.000437 -0.038305 -0.475263 -0.790589 -1.411386 -0.502532 -0.411223 -0.557563 -0.193972 -0.045441 -0.000364 0.000434 -0.007095 -0.005350 -0.000002 0.014854 0.114287 0.029320 0.042272 0.387266 0.515333 0.777297 1.011174 1.100903 1.017251 0.310751 0.001082 -0.028879 0.000000 -0.108250 -0.178798 -0.398072 -0.319033 -0.390944 -0.239193 -0.266947 -0.918581 -0.560300 -0.076965 -0.022889 -0.019861
0.079527 0.051436 0.090606 0.074274 -0.024037 -0.065775 -0.158591 -0.006690 0.000000 0.007541 -0.620349 -0.819981 -1.195339 -1.344495 -1.269635 -1.093590 -0.945474 -0.843937 -0.745400 -0.591991 -0.309452 -0.075152 -0.016715 -0.026921 -0.037863 -0.037194 -0.069917 -0.033222 -0.041268 -0.033782 -0.021412 0.000000 0.025409 0.145124 0.045566 0.030916 0.045927 0.577219 0.443998 0.520445 0.758101 0.687531 0.655850 0.100350 -0.072905 -0.158054 -0.190077 -0.169773 -0.187294 -0.322095 -0.234474 -0.235534 -0.098690 -0.001070 0.000065 -0.167627 -0.049812 -0.110761 -0.017724
-0.007918 -0.045641 -0.057519 -0.061685 -0.081850 -0.073150 -0.077314 -0.045363 -0.114035 -0.209175 -0.583531 -0.530205 -0.695257 -0.356242 -0.345154 -0.686416 -0.689812 -1.193857 -0.787858 -0.831143 -0.661162 -0.713451 -0.051199 0.000000 -0.031032 -0.011591 -0.028748 -0.314499 -0.027057 -0.011685 0.015679 0.036587 0.024901 0.146122 0.082669 0.217006 0.441046 0.798326 0.586145 0.735076 1.002920 0.754924 0.459839 -0.184090 -0.395473 -0.488200 -0.215707 -0.214144 -0.208132 -0.456895 -0.457441 -0.617689 -0.537657 -0.011678 -0.000486 0.000182 -0.020558 -0.074037 -0.016089
-0.256720 -0.303422 -0.588051 -0.712937 -0.616577 -0.724842 -0.846415 -1.881046 -1.331616 -1.491426 -1.139632 -0.795011 -0.745616 -0.297492 -0.346134 -0.668048 -0.615667 -0.915411 -0.736011 -0.450449 -1.513942 -0.811659 -0.084872 0.000000 -0.052179 -0.018291 -0.035023 -0.375070 -0.091623 -0.000018 0.032998 0.041099 0.027701 0.141664 0.026723 0.053182 0.278975 0.360930 0.479996 0.632723 0.798542 0.720815 0.376351 -0.060661 -0.151285 -0.299403 -0.254390 -0.265534 -0.264056 -0.241276 -0.192917 -0.146080 -0.150716 -0.009640 -0.001225 -0.002402 -0.004789 -0.016703 -0.013543
-0.391337 -0.467449 -0.552199 -0.641821 -0.737468 -0.824840 -0.924407 -1.802329 -1.276103 -0.241331 -0.246246 -0.760980 -0.006213 -0.000091 0.000284 0.020339 0.175845 0.119368 -0.000395 0.000044 0.000403 -0.176611 -0.066206 -0.083031 -0.141456 -0.020677 0.000003 -0.006788 -0.009343 -0.000747 -0.000375 0.000466 0.037326 0.276565 0.056474 0.005396 0.117149 0.183775 0.261425 0.333001 0.421625 0.289087 0.200094 0.091245 -0.095374 -0.177960 -0.267856 -0.287966 -0.903698 -0.300400 -0.286992 -0.289542 -0.333724 -0.391329 -0.093366 -0.182288 -0.021791 -0.001191 -0.002540
-0.196060 -0.250725 -0.310577 -0.365548 -0.414737 -0.447612 -0.484259 -0.553822 -0.162778 -0.183493 -0.216965 -0.014712 -0.005246 0.000000 0.005878 0.011314 0.002475 0.000273 -0.000821 0.000072 0.000932 0.034935 -0.255660 -0.272606 -0.008140 -0.000326 0.000208 -0.026281 -0.035034 -0.036290 -0.001322 -0.000259 0.001182 0.009707 0.261050 0.053976 0.025942 0.187759 0.327847 0.404277 0.513955 0.386141 0.356162 0.245385 -0.131064 -0.000909 0.000158 -0.171131 -0.230035 -0.273098 -0.286168 -0.309423 -0.370899 -0.463223 -0.646339 -0.238156 -0.040042 -0.099023 -0.136694
-0.101826 -0.129526 -0.160941 -0.182969 -0.361075 -0.179105 -0.164183 -0.037295 -0.101621 -0.125648 -0.189222 -0.021336 -0.008575 0.000000 0.005878 0.011951 0.002342 -0.000717 -0.001783 0.000000 0.006009 0.292084 0.359370 -0.001907 -0.004771 -0.006818 -0.020000 -0.048341 -0.058128 -0.053069 -0.044727 -0.001414 0.001425 0.001248 0.005322 0.526711 0.241945 0.168725 0.378826 0.621031 0.569512 0.676528 0.527040 0.041927 -0.016160 -0.003875 -0.003396 0.000009 0.051587 0.014392 -0.131501 -0.175914 -0.234987 -0.393655 -0.260751 -0.492751 -0.597836 -0.089199 -0.169092
-0.076042 -0.105226 -0.210340 -0.210030 -0.262747 -0.183604 -0.120100 -0.001202 -0.002692 -0.005163 -0.040107 -0.003663 0.000000 0.015999 0.053253 0.444269 0.690620 -0.000612 0.000492 0.092849 -0.056001 -0.031319 -0.001717 -0.000067 0.073110 -0.286221 -0.324979 -0.049768 -0.001013 -0.001229 -0.001572 -0.000143 0.002182 0.011577 0.377399 0.373070 0.434131 0.281566 0.199061 0.255975 0.278552 0.309309 -0.054170 -0.003271 -0.005040 -0.005547 -0.000253 0.000442 0.035401 0.029378 0.073955 0.016952 -0.025259 -0.005455 -0.000484 0.000034 -0.512368 -0.598352 -0.141310
-0.048024 -0.060575 -0.079593 -0.134555 -0.148838 -0.165080 -0.133154 -0.001817 -0.005169 -0.008348 -0.016100 -0.013351 -0.000365 0.000628 0.001407 -0.094980 -0.051225 -0.000028 0.119824 0.047022 0.004021 -0.065757 -0.149630 -0.200204 -0.233588 -0.228134 -0.271789 -0.024063 -0.001000 -0.001165 -0.001339 0.000046 0.001940 0.140494 0.389018 0.844949 0.691264 0.486085 0.228321 0.043340 0.053843 0.033762 -0.003220 -0.007557 -0.006856 -0.000573 0.000469 0.082262 0.086100 0.071857 0.312836 0.136340 0.034628 -0.456851 -0.035477 -0.000924 0.000278 -1.055650 -0.084215
0.054651 0.058997 0.028190 0.025572 0.008717 -0.056374 -0.191541 -0.115933 -0.014712 -0.000002 0.019652 0.012283 -0.075525 -0.000394 0.000541 0.000648 -0.017122 -0.000419 0.000272 0.138512 0.222669 0.201276 -0.026861 -0.133617 -0.097761 -0.082280 -0.057789 -0.135379 -0.008826 -0.010344 -0.007731 -0.000508 0.000629 0.179346 0.315808 0.504526 0.130667 0.184268 0.200684 0.214559 0.117465 0.020936 -0.121229 -0.008747 -0.009743 -0.000458 0.000527 0.057132 0.081843 0.089310 0.176985 -0.094735 -0.217086 -0.551773 -0.041895 -0.003933 -0.005164 -0.010806 -0.020411
-0.095228 -0.067799 -0.013640 0.005001 -0.011160 -0.020018 -0.041971 -0.106363 -0.014655 -0.000068 -0.062283 -0.055844 0.021991 0.043128 0.039145 0.025062 0.068155 0.054978 -0.001217 -0.000788 -0.000296 0.000032 0.001385 0.001320 0.002283 -0.001378 -0.010010 -0.024437 -0.005693 -0.005227 -0.002232 -0.000449 0.000027 0.176444 0.321418 0.289207 0.274248 0.368125 0.356673 0.377661 0.317605 0.234846 -0.108219 -0.004443 -0.009910 -0.000016 0.033223 0.048612 0.080842 0.100493 0.044617 0.080183 -0.002035 -0.002962 -0.003072 -0.003708 -0.000939 -0.000336 -0.000334
-0.058560 -0.024943 -0.009656 -0.008978 -0.000099 0.001026 -0.010452 -0.117110 -0.017523 -0.001429 -0.000024 0.000188 0.000872 0.031934 0.031718 0.019580 0.050221 0.034126 -0.001139 -0.001383 -0.000222 0.000222 0.002885 0.002480 0.013260 0.006450 -0.001859 -0.001942 -0.001964 0.000850 0.243678 0.281209 0.211147 0.243464 0.515729 0.417470 0.630978 0.555595 0.627686 0.572030 0.350544 0.068571 -0.013972 -0.000112 0.000999 0.080972 0.015262 0.013569 0.004047 -0.000300 0.000351 -0.000566 -0.001487 -0.002677 -0.003177 0.000000 0.015967 -0.083982 -0.201579
