use_cases/Flooding_chicago/flooding_data/output/hUx_1020.asc
ncols 337
nrows 393
xllcorner 428428.000000
yllcorner 4602440.000000
cellsize 26.757400
NODATA_value -9999.000000
[rows 208 to 233 of 393, columns 177 to 235 of 337]
-0.001668 -0.000024 0.005962 0.002246 0.001963 0.040936 0.024071 -0.000830 -0.000163 0.000143 0.008690 0.043455 0.139154 0.080516 0.201643 0.385763 0.262345 0.118014 0.158456 0.625755 0.607351 0.687381 0.860380 0.948386 0.831220 0.541538 -0.008285 -0.000222 0.000222 0.080351 0.100327 0.086340 0.226291 -0.441534 -0.769356 -0.768173 -0.343980 -0.016397 0.000000 0.026400 0.004088 -0.053327 -0.004476 -0.014086 -0.012745 -0.014096 -0.012940 -0.012533 -0.000000 0.038538 0.576593 0.230683 0.082743 -0.027295 -0.469798 -0.030028 -0.002843 0.000491 0.002431
-9999.000000 -0.000717 -0.000600 0.000000 0.011438 0.260381 0.231052 0.211011 0.070570 0.115299 0.854279 0.036694 0.096045 0.083031 0.176865 0.088976 0.164984 0.370307 0.218271 0.547474 0.843265 0.691408 0.595785 0.449734 -0.092489 -0.259659 -0.270055 -0.000363 0.001622 0.191404 0.182708 0.165502 0.121437 0.375523 -0.498904 -0.819963 -0.497771 -0.154350 -0.000320 0.000388 -0.040271 -0.031159 -0.007435 -0.000034 0.008208 0.061642 0.021643 0.028384 0.014958 0.010786 0.062424 -0.271845 -0.562127 -0.430163 -0.525646 -0.025331 -0.001321 0.000616 0.014019
-9999.000000 -0.000024 0.000002 0.000000 0.010931 0.221288 0.215640 0.223963 0.083665 0.135236 0.084442 0.213453 0.181330 0.145287 0.087633 0.035571 0.065435 0.030544 0.103316 0.247125 0.263954 0.140578 0.102397 0.107776 0.087348 0.271031 0.293562 0.505128 0.690099 0.553337 0.376422 0.264974 0.180755 0.104990 0.448785 -0.286098 -0.737861 -1.154632 -0.262151 0.000008 -0.007365 0.031533 -0.012038 -0.000853 0.000308 0.001353 0.002560 0.030622 0.027140 0.031950 0.014390 0.146196 -0.066025 -0.129990 -0.432894 -0.021734 -0.000499 0.000359 -0.022876
-9999.000000 -9999.000000 -0.000881 -0.000066 0.000724 0.040650 -0.000488 0.000315 0.063234 0.142076 0.059651 0.177448 0.168929 0.155484 0.116900 0.050266 0.067968 0.031036 0.049613 0.224983 0.128590 0.062564 0.036658 0.069565 0.078118 0.163949 0.050804 -0.012722 -0.005988 0.002979 0.007519 0.013276 0.059031 0.039537 0.232159 -0.014227 -0.324677 -0.921310 -0.236336 -0.028899 0.127619 0.321329 -0.009144 -0.002033 -0.000741 0.001391 0.008492 0.004908 0.039562 0.410252 0.342911 0.304108 0.445411 0.493675 0.338873 0.308036 0.342513 0.388726 1.308836
-9999.000000 -9999.000000 -9999.000000 -0.021979 -0.096046 -0.046338 -0.001335 0.000358 0.001179 0.067983 0.256456 0.200080 0.179089 0.165995 0.119601 0.195574 0.286239 0.394737 0.634030 0.432597 0.258219 0.111967 0.043297 0.105124 0.142333 0.135876 0.045381 -0.003212 -0.006196 0.008633 0.013228 0.082015 0.184111 0.319706 0.006578 0.051433 -0.476156 -0.206928 -0.280197 -0.149431 0.025350 0.032556 -0.164703 -0.036086 -0.000632 0.000521 0.002161 0.009682 0.112723 0.173520 0.221001 0.271327 0.307722 0.334283 1.088361 1.453898 1.024772 1.083235 1.340943
-9999.000000 -9999.000000 -9999.000000 -0.031347 -0.086298 -0.035005 -0.000898 -0.000433 0.000874 0.008367 0.019244 0.089277 0.020656 0.013000 0.001075 0.089237 0.277014 0.261260 0.075081 0.100570 0.008549 -0.099504 -0.177143 0.157102 0.501830 0.109431 0.033417 -0.003010 -0.001964 0.015879 0.015919 0.054952 0.118426 0.774874 0.724104 0.441615 -0.072577 -0.197879 -0.311272 -0.280105 -0.215550 -0.007681 -0.000926 -0.000240 0.000101 0.000314 0.014923 0.179574 0.363897 0.027574 -0.163501 0.021028 0.015103 0.551841 1.202733 1.065668 1.470327 1.309394 1.185254
-9999.000000 -9999.000000 -9999.000000 -9999.000000 -0.000530 0.000000 -0.013727 -0.049885 -0.009931 -0.000005 0.004743 0.010787 0.034511 0.000442 0.019861 0.087718 0.192392 0.000773 0.003084 0.002212 0.001033 0.001909 0.057460 -0.199526 -0.521309 -0.056047 -0.002453 0.000417 0.008488 0.007096 0.004835 0.001076 0.000004 0.009031 0.341718 0.101098 -0.004061 -0.000105 0.003840 -0.282295 -0.392532 -0.000868 -0.001480 -0.000518 -0.000236 0.000422 0.000415 0.006293 0.008461 0.003859 -0.001151 0.106378 0.972140 2.222493 1.787497 1.421673 1.242884 1.136164 1.294671
-9999.000000 -9999.000000 -9999.000000 -9999.000000 -9999.000000 -0.004990 -0.008005 -0.026734 -0.006692 -0.000222 0.000222 0.005483 0.023528 0.006696 0.004000 0.012020 0.026999 0.010478 0.007021 0.003574 0.001422 0.016874 0.430348 0.210628 -0.359082 -0.068223 -0.009882 -0.003692 0.015917 0.007697 0.011357 -0.000116 0.000307 0.017236 0.759438 -0.004734 -0.006713 -0.001118 0.004999 -0.507546 -0.928112 -0.774939 -0.751922 -0.039637 -0.000007 0.003619 0.008039 0.011972 0.005748 -0.000010 0.012582 0.334430 1.003201 2.018154 0.229882 0.049354 -0.053748 -0.112112 -0.201858
-9999.000000 -9999.000000 -9999.000000 -9999.000000 -9999.000000 -9999.000000 -0.026047 -0.065485 -0.014606 -0.005200 0.000005 0.006503 0.028197 0.010047 0.006965 0.002566 0.003871 0.013648 0.031251 0.007666 0.043323 0.021338 0.514461 0.103688 -0.187691 -0.149633 -0.038073 -0.195880 -0.025315 -0.082763 -0.005878 0.000000 0.005878 0.012822 0.683045 -0.020988 -0.027803 -0.010856 0.011047 0.023379 0.021210 -0.447304 -0.580107 -0.541147 -0.403412 -0.416803 -0.001157 0.001827 -0.004863 -0.000206 0.001369 0.174957 0.390461 0.240369 -0.000301 -0.000113 0.001019 0.002216 0.013861
-9999.000000 -9999.000000 -9999.000000 -9999.000000 -9999.000000 -9999.000000 -0.012396 -0.023821 -0.026371 -0.000110 0.000061 -0.003482 -0.006250 -0.004622 0.003731 0.002135 0.027022 0.045116 0.069787 0.173233 0.093764 0.317097 0.712799 -0.306792 -0.105091 -0.056349 -0.071019 -0.055998 -0.056229 -0.123131 -0.005878 0.000000 0.005878 0.012822 0.741573 -0.031239 -0.040450 -0.011249 0.015140 0.030881 0.035294 0.161088 0.505814 -0.285801 -0.590634 -0.354019 -0.010119 0.001759 0.003458 0.004691 0.007824 0.178731 0.146333 0.124524 -0.005981 0.000003 0.019655 0.062064 0.098364
-9999.000000 -9999.000000 -9999.000000 -9999.000000 -9999.000000 -9999.000000 -9999.000000 -0.003981 0.000000 -0.026689 -0.096525 -0.050489 -0.008195 -0.010137 -0.006727 0.000000 0.007906 0.037900 0.094875 0.138136 0.058346 0.115955 -0.001532 -0.052974 -0.060651 -0.091380 -0.085247 -0.069450 -0.274702 -0.102571 -0.125030 0.000000 0.026793 0.181649 0.403462 -0.078087 -0.097201 0.003576 0.285427 0.275742 0.325661 0.077636 0.148384 0.062374 0.298053 0.008254 -0.081196 0.000770 0.023343 0.014145 0.551319 0.357606 -0.051258 -0.068587 -0.000326 0.000208 0.052840 0.109779 0.087288
-9999.000000 -9999.000000 -9999.000000 -9999.000000 -9999.000000 -9999.000000 -9999.000000 -9999.000000 0.000000 0.069137 -0.162101 -0.027340 -0.008179 -0.011962 -0.009789 0.000015 0.014922 0.023388 0.056692 0.007634 0.003898 -0.004836 -0.016957 -0.039022 -0.072617 -0.069467 -0.056797 0.061186 0.240404 0.178059 -0.022696 0.000000 0.012557 0.042384 -0.035084 -0.088777 -0.080893 -0.087495 -0.105339 -0.153128 -0.426702 -0.028221 0.059813 0.036869 0.015084 0.007452 0.000928 0.009239 0.067341 0.517599 0.209923 -0.052981 -0.222394 -0.080561 -0.027005 0.091479 0.065386 0.047377 0.016640
-9999.000000 -9999.000000 -9999.000000 -9999.000000 -9999.000000 -9999.000000 -9999.000000 -9999.000000 -9999.000000 -0.116821 -1.481696 -0.293254 -0.005259 -0.008106 -0.000569 0.000468 0.018248 0.039662 0.037210 0.005762 0.005283 -0.002400 -0.008403 -0.003464 0.004988 0.121552 0.139466 0.204673 0.023597 0.006526 -0.005373 0.000000 0.005373 0.014132 0.038019 -0.048109 0.071059 0.100438 -0.002201 -0.139862 -0.125383 -0.034924 -0.078610 -0.000489 -0.004401 -0.001851 0.014649 0.031818 0.013104 -0.006881 -0.006305 -0.114067 -0.404606 -0.497137 0.011747 0.040212 0.000002 0.001234 0.001649
-9999.000000 -9999.000000 -9999.000000 -9999.000000 -9999.000000 -9999.000000 -9999.000000 -9999.000000 -9999.000000 -9999.000000 0.000000 -0.037291 -0.109926 -0.026001 -0.000457 0.000528 0.003909 0.001983 0.004749 0.003718 0.013315 -0.001322 -0.018001 -0.013788 0.002577 0.010505 0.121248 0.533919 -0.295660 -0.017281 -0.005473 0.000000 0.005473 0.016644 0.023709 0.026539 0.100937 0.105672 0.133140 0.373491 0.190094 0.140244 -0.120232 -0.006109 -0.000149 0.008412 -0.004782 0.000996 0.005037 -0.037512 -0.056276 -0.007931 0.041830 0.209786 0.155695 -0.004274 0.000067 0.009661 0.015237
-9999.000000 -9999.000000 -9999.000000 -9999.000000 -9999.000000 -9999.000000 -9999.000000 -9999.000000 -9999.000000 -9999.000000 -9999.000000 0.000000 -0.001762 -0.006156 -0.000016 0.000484 0.001352 0.016293 0.015526 0.010376 0.012500 -0.002345 -0.026938 -0.034993 -0.035547 -0.032960 -0.052993 -0.132864 -0.082097 -0.007874 -0.000848 0.000000 0.000848 0.009064 0.029945 0.044475 0.128264 0.143924 0.205810 0.129022 0.070203 -0.138759 -0.170167 -0.023293 -0.013437 -0.000023 0.000967 0.010264 0.020560 0.005911 -0.069257 -0.046621 0.039597 0.148220 0.111278 -0.000194 0.001428 0.015693 0.021370
-9999.000000 -9999.000000 -9999.000000 -9999.000000 -9999.000000 -9999.000000 -9999.000000 -9999.000000 -9999.000000 -9999.000000 -9999.000000 -9999.000000 -0.000222 0.000222 0.007775 0.022309 -0.004088 -0.005361 0.006926 0.009495 0.002625 0.000008 0.004832 0.068851 -0.042028 -0.086816 -0.109304 -0.046512 -0.057596 -0.001207 -0.000474 -0.000400 0.000571 0.003236 0.031426 0.057988 0.094423 -0.001339 -0.003010 -0.002064 -0.037707 -0.070484 -0.036509 -0.044170 -0.025802 -0.005576 -0.002780 -0.006565 -0.000410 0.000411 -0.237406 -0.476771 -0.221493 0.134128 -0.000460 0.000277 0.018072 0.036903 0.100197
-9999.000000 -9999.000000 -9999.000000 -9999.000000 -9999.000000 -9999.000000 -9999.000000 -9999.000000 -9999.000000 -9999.000000 -9999.000000 -9999.000000 -9999.000000 -9999.000000 -9999.000000 -9999.000000 -9999.000000 -0.000458 -0.000641 -0.001134 -0.000491 0.000258 0.009577 0.025189 -0.013448 -0.042761 -0.074812 -0.126211 -0.175225 -0.192371 -0.140995 -0.167265 -0.015859 0.000000 0.010041 0.043956 0.066702 -0.055754 -0.015168 -0.023784 -0.030251 -0.047158 -0.063438 -0.052211 -0.027616 0.002848 0.005670 -0.003350 -0.000868 0.000942 -0.119758 -0.285972 -0.152394 -0.006940 -0.000792 0.000202 0.025157 0.043551 0.103681
-9999.000000 -9999.000000 -9999.000000 -9999.000000 -9999.000000 -9999.000000 -9999.000000 -9999.000000 -9999.000000 -9999.000000 -9999.000000 -9999.000000 -9999.000000 -9999.000000 -9999.000000 -9999.000000 -9999.000000 -9999.000000 -9999.000000 -9999.000000 -0.001027 -0.000014 0.001022 0.002270 0.001487 -0.042682 -0.063116 -0.104759 -0.154952 -0.187022 -0.138026 -0.154108 -0.014768 0.000000 0.017357 0.075309 0.205086 -0.165643 -0.025334 -0.051252 -0.065306 -0.080989 -0.100653 -0.228636 -0.165408 0.015720 0.036045 0.020404 -0.001041 0.002726 0.018575 0.493634 0.140497 -0.444297 -0.045048 -0.000292 0.000947 0.029141 0.047672
-9999.000000 -9999.000000 -9999.000000 -9999.000000 -9999.000000 -9999.000000 -9999.000000 -9999.000000 -9999.000000 -9999.000000 -9999.000000 -9999.000000 -9999.000000 -9999.000000 -9999.000000 -9999.000000 -9999.000000 -9999.000000 -9999.000000 -9999.000000 -9999.000000 -0.000279 0.000685 0.001996 0.001786 0.013746 0.004359 -0.001610 -0.001806 0.003412 0.028385 -0.053477 -0.017415 0.000015 0.021501 0.080843 -0.103500 -0.233141 -0.300481 -0.054825 -0.069506 -0.072720 -0.077567 -0.185239 -0.246683 -0.365543 -0.281344 -0.013168 0.000009 0.027009 0.064299 0.530870 0.191996 -0.341049 -0.031912 -0.000224 0.001539 0.029549 0.032195
-9999.000000 -9999.000000 -9999.000000 -9999.000000 -9999.000000 -9999.000000 -9999.000000 -9999.000000 -9999.000000 -9999.000000 -9999.000000 -9999.000000 -9999.000000 -9999.000000 -9999.000000 -9999.000000 -9999.000000 -9999.000000 -9999.000000 -9999.000000 -9999.000000 -0.000011 0.007054 0.161938 -0.001489 -0.002339 -0.001408 -0.001371 0.000079 0.024204 0.016134 0.003057 -0.000718 0.000357 0.023717 0.034052 0.114285 0.151356 -0.024282 -0.005374 -0.002639 0.001948 0.005219 0.005457 -0.060921 -0.061214 0.021840 -0.002626 0.000133 0.002724 0.034148 0.428002 -0.068673 -0.033292 -0.009619 -0.000005 0.016456 0.021013 0.031215
-9999.000000 -9999.000000 -9999.000000 -9999.000000 -9999.000000 -9999.000000 -9999.000000 -9999.000000 -9999.000000 -9999.000000 -9999.000000 -9999.000000 -9999.000000 -9999.000000 -9999.000000 -9999.000000 -9999.000000 -9999.000000 -9999.000000 -9999.000000 -9999.000000 -9999.000000 -0.174643 -0.162671 -0.176674 -0.017232 -0.001557 -0.000079 0.001541 0.020743 -0.000489 -0.000777 -0.001040 0.000520 0.001162 0.036957 0.184041 0.047348 -0.004588 -0.011900 -0.002716 0.005652 0.011682 0.014414 0.009312 -0.275300 -0.039440 -0.005710 0.000298 0.006037 0.018754 -0.354653 -0.201229 -0.013809 -0.007686 -0.000208 0.000326 0.014131 0.029113
-9999.000000 -9999.000000 -9999.000000 -9999.000000 -9999.000000 -9999.000000 -9999.000000 -9999.000000 -9999.000000 -9999.000000 -9999.000000 -9999.000000 -9999.000000 -9999.000000 -9999.000000 -9999.000000 -9999.000000 -9999.000000 -9999.000000 -9999.000000 -9999.000000 -9999.000000 0.000000 -0.055277 -0.154908 -0.049272 -0.019362 -0.000000 0.012853 0.047847 -0.052638 -0.006009 0.023958 -0.000230 0.000512 0.035765 0.128732 0.095973 0.000023 0.002192 0.002943 0.004152 0.005361 0.005440 0.010218 -0.435311 -0.082745 -0.010296 -0.001204 0.011013 0.005832 0.022348 0.030015 -0.013604 -0.007326 -0.000003 0.005981 0.014448 0.019228
-9999.000000 -9999.000000 -9999.000000 -9999.000000 -9999.000000 -9999.000000 -9999.000000 -9999.000000 -9999.000000 -9999.000000 -9999.000000 -9999.000000 -9999.000000 -9999.000000 -9999.000000 -9999.000000 -9999.000000 -9999.000000 -9999.000000 -9999.000000 -9999.000000 -9999.000000 0.000000 0.004032 -0.005372 -0.023411 -0.008513 -0.000005 0.007515 0.026208 0.148898 0.068856 0.101542 0.110142 0.091597 0.060633 0.094700 0.030344 0.000532 0.000456 0.000529 0.001292 0.001470 0.001053 0.034885 -0.138314 -0.116516 -0.018207 -0.014992 0.000000 0.015507 0.091085 0.030598 -0.337985 -0.047538 0.000013 0.015788 0.055087 0.652299
-9999.000000 -9999.000000 -9999.000000 -9999.000000 -9999.000000 -9999.000000 -9999.000000 -9999.000000 -9999.000000 -9999.000000 -9999.000000 -9999.000000 -9999.000000 -9999.000000 -9999.000000 -9999.000000 -9999.000000 -9999.000000 -9999.000000 -9999.000000 -9999.000000 -9999.000000 -9999.000000 0.000000 -0.008739 -0.030575 -0.012284 -0.000172 0.000488 0.016429 0.014906 0.001432 0.002387 0.031437 0.032122 0.281239 0.035826 0.012925 0.006965 0.001700 0.001573 0.003039 0.003122 0.002273 0.012454 0.037651 -0.055696 -0.004691 0.000321 0.000000 0.018480 0.165271 0.173556 -0.088464 -0.000880 0.000272 0.020536 0.059534 0.421128
-9999.000000 -9999.000000 -9999.000000 -9999.000000 -9999.000000 -9999.000000 -9999.000000 -9999.000000 -9999.000000 -9999.000000 -9999.000000 -9999.000000 -9999.000000 -9999.000000 -9999.000000 -9999.000000 -9999.000000 -9999.000000 -9999.000000 -9999.000000 -9999.000000 -9999.000000 -9999.000000 0.000000 -0.009937 -0.033940 -0.012792 -0.000004 0.017039 0.015467 0.004878 0.001575 0.019198 0.198075 0.161207 0.084069 -0.088006 -0.001002 -0.000440 0.000676 0.001280 0.004653 0.007111 0.004694 0.002070 0.001575 0.001234 0.084730 0.090135 0.057573 0.022633 0.163737 0.214151 -0.236420 -0.006030 0.000000 0.027235 0.063926 0.048190
-9999.000000 -9999.000000 -9999.000000 -9999.000000 -9999.000000 -9999.000000 -9999.000000 -9999.000000 -9999.000000 -9999.000000 -9999.000000 -9999.000000 -9999.000000 -9999.000000 -9999.000000 -9999.000000 -9999.000000 -9999.000000 -9999.000000 -9999.000000 -9999.000000 -9999.000000 -9999.000000 -9999.000000 -0.037714 -0.046490 -0.014052 -0.000000 0.012035 0.010130 -0.000360 0.000360 0.026696 0.108231 0.016343 0.001210 -0.003844 -0.001777 -0.002324 0.000758 0.000655 0.012184 0.011420 0.141879 -0.000231 0.001920 0.001579 0.240018 0.193434 0.530419 0.542673 1.251370 0.532678 -0.145536 -0.132072 -0.000530 0.001176 0.015043 0.053821
