use_cases/Flooding_chicago/flooding_data/output/hUx_2460.asc
ncols 337
nrows 393
xllcorner 428428.000000
yllcorner 4602440.000000
cellsize 26.757400
NODATA_value -9999.000000
[rows 78 to 103 of 393, columns 177 to 235 of 337]
-0.322081 -0.109265 -0.005888 0.000000 0.007201 0.041512 -0.025657 -0.010792 -0.000734 0.000333 0.014960 0.032362 0.034790 0.066222 0.095391 0.032642 0.012208 0.356854 1.502007 0.416420 1.100075 1.101976 0.891994 1.019006 0.716005 1.256392 1.221468 1.326268 1.442390 2.593545 1.766799 1.852662 2.698895 2.161927 1.739378 1.198412 0.391679 0.000209 0.003521 0.156755 0.347103 0.120799 0.001153 -0.001043 -0.000103 0.000057 0.000657 0.055681 0.830696 1.481495 0.772317 0.546622 0.373191 -0.005461 -0.007935 -0.001776 -0.001022 -0.000794 -0.000315
-0.152312 -0.173502 -0.212161 -0.000399 -0.001493 -0.001230 -0.000834 -0.001234 -0.002086 -0.000203 0.000299 0.002599 0.028847 0.061746 0.120993 0.483544 0.000081 0.152353 0.503564 0.236006 0.453678 0.287844 0.794160 0.370279 0.497575 0.389953 0.430355 0.978631 1.131482 1.252618 1.655769 1.365437 1.561268 1.668407 1.714423 1.914877 2.339534 3.628783 4.431427 3.939272 4.920578 4.357262 4.218340 3.923313 4.654955 3.238501 3.033224 2.921098 2.716457 2.713945 1.926044 1.784076 2.185008 1.986432 2.171772 1.694313 1.844708 1.162452 0.822202
-0.085353 -0.245595 -0.317048 -0.308212 -0.286602 -0.016936 -0.025314 -0.006957 0.000001 0.000479 0.002399 0.027577 0.037720 0.035053 0.045776 0.068533 0.641908 0.648963 -0.000163 0.000908 0.004320 -0.000134 -0.001506 -0.000004 0.000713 -0.000045 -0.084361 -0.204928 0.057976 0.237841 0.592188 0.969994 0.930764 1.056163 0.515467 1.494547 0.428942 1.546220 1.671994 1.658738 1.910087 1.528458 1.650853 2.583956 2.846771 2.771089 3.314456 3.240181 3.409800 3.055203 2.349929 2.616324 2.363662 2.706557 2.535554 2.469295 2.106742 1.617013 1.815379
-0.000305 -0.001636 -0.181324 -0.459242 -0.454846 -0.607047 -0.013212 -0.000722 0.000086 0.008964 0.025924 0.006225 0.011653 0.024589 0.039343 0.056552 0.006273 -0.002754 0.000141 0.016330 0.033824 0.000665 -0.004163 -0.000089 0.000345 0.000311 0.009343 0.086705 0.771998 1.339966 1.426260 1.201371 1.452699 1.256842 0.594417 0.566555 0.477433 0.880599 0.671940 0.592325 0.627476 0.519052 0.651699 0.711222 0.762140 1.384383 1.906260 1.938166 2.122453 1.908458 1.402327 1.629001 1.634229 1.446309 1.504442 1.286884 1.053313 0.716963 0.664566
0.001037 0.002542 0.034541 0.003232 -0.384383 -0.748721 -0.031630 -0.009552 0.000000 0.004204 0.011410 0.023569 0.023056 0.022106 0.031705 0.002892 -0.004822 0.000000 0.006475 0.014597 0.019518 0.012856 -0.023455 -0.007122 -0.000213 0.000455 0.014763 0.182261 0.818240 1.443200 2.533735 1.896641 1.982219 1.407674 0.602087 0.567741 0.474721 0.466931 0.836821 -0.137276 -0.441738 -0.298811 -0.014109 0.125355 0.186770 0.444177 0.791502 1.196614 1.227347 1.045436 0.802510 0.788983 1.036141 1.004033 0.869417 0.747442 0.409869 0.289651 0.328633
0.002386 0.028960 0.109178 0.614539 0.488463 -0.508510 -0.027106 -0.000188 0.000265 0.000897 0.001376 0.008808 0.015795 0.003671 -0.000974 -0.017147 -0.006811 0.000000 0.008816 0.014079 0.001297 0.007156 0.013486 0.001251 0.000000 0.004116 0.006215 0.229930 1.205748 1.326954 1.374725 1.711178 1.193711 0.557934 0.505319 0.453825 0.366830 0.217619 0.054323 0.006667 0.047067 0.205929 0.234761 0.231304 -0.029028 -0.546707 -0.552537 -0.742429 -0.550826 -0.285611 -0.045847 0.023531 0.043420 -0.007769 0.011292 0.101321 0.285190 0.427028 0.531622
0.024925 0.054068 0.072235 0.055193 -0.209472 -0.011061 -0.000297 0.002445 0.031141 0.089526 0.023344 0.029350 0.053385 0.006898 -0.033678 -0.016678 -0.010628 0.000000 0.003006 0.002575 0.001500 0.007906 0.009194 0.009728 0.028228 0.013954 0.502824 1.965779 1.813012 1.348850 0.911785 1.885697 0.419254 0.362665 0.247782 0.263833 -0.244092 -0.006605 -0.000002 0.006538 0.015937 0.176723 0.103773 0.026080 -0.000010 0.019887 -1.057380 -2.355461 -1.869360 -1.720024 -0.684352 -0.048141 0.000086 0.069345 0.103682 0.335456 0.349908 0.404850 0.660258
0.030345 0.042591 0.057079 0.006542 0.000935 -0.000123 0.001068 0.029961 0.086467 0.117075 0.230164 0.107069 0.037484 -0.105889 -0.025857 -0.009212 -0.001271 -0.000559 -0.000421 0.002171 0.001730 0.008043 0.018929 0.873297 0.967563 1.554009 1.795469 2.060833 1.394065 0.439030 0.184617 0.217850 0.837410 0.582870 0.723639 0.587725 -0.062114 -0.009534 -0.000109 0.000384 0.005618 0.341013 0.149574 -0.000592 -0.000300 -0.000000 0.004884 0.007503 0.000981 0.000879 0.007814 -0.000336 0.001242 0.001770 0.041423 0.130511 0.066618 0.006805 0.022127
0.028670 0.050010 0.001358 -0.025281 -0.006421 0.000000 0.015894 0.053845 0.010982 0.013075 0.025251 0.161681 0.066760 0.017190 0.015104 0.002783 -0.000561 -0.000668 -0.000385 0.000589 0.020918 0.043882 0.681778 0.337305 0.727495 1.047147 1.657001 1.676026 1.326848 0.493180 0.702251 0.690295 1.080762 -0.001301 -0.002309 -0.029859 -0.016594 0.002435 0.001358 0.007333 0.252510 0.187320 -0.014393 -0.008603 -0.000434 -0.000011 0.000494 0.008760 0.021804 0.029569 0.044533 0.000009 0.001953 0.050325 0.199262 0.080455 0.159319 0.221900 0.002275
0.002279 0.001361 -0.098615 -0.012791 -0.004500 0.000000 0.002037 -0.000267 -0.000306 0.000424 0.013721 0.139479 0.052510 0.102702 0.042510 0.009563 0.001780 -0.000556 -0.000332 0.000065 0.001853 0.011670 0.025314 0.378890 0.633083 0.947024 1.207084 1.024775 0.869683 0.303229 0.001938 0.000487 -0.009164 -0.013471 -0.005592 -0.000023 0.002268 0.035960 0.077094 0.152441 0.102827 -0.000286 -0.023148 -0.019114 -0.005878 0.000000 0.007151 0.013665 0.018705 0.023187 0.023959 0.003488 0.024201 0.082098 0.304550 0.144961 0.405958 0.349668 0.219586
-0.011634 -0.000669 -0.001246 -0.002888 -0.002554 -0.002316 -0.008566 -0.007624 -0.000362 0.000654 0.006467 0.082452 0.228225 0.130980 0.081748 0.026473 0.003599 -0.029074 -0.006545 -0.000099 0.000226 0.010435 0.034966 0.745393 0.835605 1.078077 1.452183 1.388345 0.858502 -0.152680 -0.003865 -0.001032 -0.000474 -0.000046 0.000094 0.004285 0.014389 0.005701 0.046406 0.082028 0.024484 -0.166758 -0.493906 -0.013958 -0.005878 0.000000 0.007151 0.013651 0.027709 0.039663 0.022142 0.004050 0.009337 0.019563 0.022916 0.284991 0.343235 0.470765 0.500348
-0.006194 -0.000534 -0.001008 -0.002433 -0.015519 -0.026686 -0.020082 -0.000654 0.000362 0.016031 0.038227 0.031676 0.028053 0.105333 0.133302 0.051406 0.002447 0.586142 0.621529 0.235234 -0.056623 0.054539 0.312275 1.181312 1.026093 1.124320 1.065231 0.550519 -0.098634 -0.988892 -0.045012 -0.023328 -0.005647 -0.000010 0.004233 0.013209 0.019022 0.027399 0.007437 0.014823 0.079474 0.020331 -0.385176 -0.025804 -0.008920 0.000000 0.009405 0.030148 0.008762 0.025537 0.030319 0.020677 0.004753 0.024848 0.027293 0.388251 0.426446 0.413331 0.714590
0.003118 -0.000590 -0.002156 -0.021216 -0.041374 -0.021517 -0.009790 -0.000424 0.000306 0.008917 0.019962 0.030884 0.027708 0.935375 0.828082 0.691294 0.493226 0.716977 0.808663 1.033308 0.813621 0.852567 1.187321 1.042806 1.280887 0.743223 0.673855 0.491544 -0.243987 -0.041215 -0.038620 -0.037884 -0.015597 -0.000507 0.000062 0.005254 0.014476 0.019682 0.035279 0.043634 0.098192 0.096511 0.153449 -0.037320 -0.004456 0.000000 0.000399 0.002705 0.002045 0.012689 0.027668 0.042593 0.014902 0.036475 0.223443 0.204255 0.249057 0.252093 0.388701
0.147926 -0.577583 -0.827998 -0.527591 -0.058782 -0.026781 -0.007492 -0.000095 0.000089 0.007271 0.022306 0.029428 0.086737 0.629097 0.523334 0.523283 0.580448 0.492679 0.552206 0.763595 0.735736 0.759155 0.725407 1.112954 0.899928 0.402444 0.342560 -0.360027 -0.038080 -0.020498 -0.020065 -0.019808 -0.012821 -0.005709 -0.000222 0.000222 0.005483 0.031139 0.048888 0.039858 0.118982 0.039523 0.056116 0.113224 -0.036818 -0.000240 0.000087 0.001400 0.000975 0.001346 0.001432 0.006268 0.004482 0.033072 0.199955 0.144609 0.209538 0.260746 0.334029
-0.588351 -0.560673 -0.403014 -0.468010 -0.104233 -0.031587 -0.007186 -0.000002 0.004954 0.018697 0.025803 0.046225 1.117456 0.798187 0.619589 0.670089 0.666910 0.640787 0.807952 0.817549 0.901069 0.890153 0.903514 0.790862 0.571584 0.467822 0.053904 -0.048796 -0.007097 -0.031829 -0.014725 -0.012501 -0.016026 -0.009379 -0.000104 0.000103 0.028795 0.032603 0.058527 0.244215 0.120439 0.000895 0.000826 0.178802 0.009319 0.002022 0.013508 0.013075 0.001090 0.086299 0.033872 0.016304 0.028874 0.023936 0.079470 0.588101 0.731454 0.570360 0.683268
-0.709817 -0.346435 -0.022221 0.094012 0.000000 -0.001196 0.000032 0.062205 0.038298 0.753794 0.911587 0.925317 1.407964 1.516383 1.229585 1.231876 1.145148 1.161394 0.950045 1.057815 0.889599 0.751054 0.680566 0.734898 0.619913 0.328906 -0.354716 -0.052392 -0.007564 -0.031048 -0.034941 -0.034081 -0.027210 -0.008563 -0.000082 0.000082 0.005210 0.027527 0.030903 0.024772 0.042626 0.021613 0.004596 0.024183 0.040564 0.004666 0.015184 0.493008 0.567819 0.286199 0.483245 0.344613 0.049257 0.032265 0.039747 0.100381 0.913122 0.993898 0.870877
0.504560 0.674535 0.725652 0.214913 0.000672 0.240274 1.303147 1.665338 2.041126 2.015880 1.868850 1.391238 2.614112 2.086408 1.460171 1.282831 1.482069 1.376138 1.348454 1.654199 1.875511 1.765330 1.517942 1.624422 0.929233 0.406644 -0.196477 -0.018460 -0.022810 -0.005225 -0.015709 -0.008218 -0.002334 -0.005228 -0.001573 0.000071 0.006131 0.030811 0.051537 0.060868 0.071738 0.123168 0.052920 0.134325 0.216274 0.288739 0.201951 0.541681 0.622526 0.307644 0.521739 0.376500 0.057757 0.037990 0.018873 0.270721 1.111041 0.665000 1.023360
2.059840 1.778043 2.049200 1.528599 1.764321 2.975815 3.022054 3.508798 2.376213 2.226120 1.985447 3.170173 2.613855 3.148936 2.331112 2.543444 2.529409 2.178166 1.982198 2.203880 2.299770 2.042828 1.927075 1.298380 0.633133 0.278814 -0.112271 -0.009825 0.000451 0.015029 -0.244472 -0.076362 -0.098210 -0.058743 -0.007871 0.000874 0.007065 0.026057 0.035668 0.008793 0.022557 0.094705 0.042404 0.124811 0.183583 0.271367 0.213845 0.811201 0.374112 0.300425 0.536973 0.400163 0.041444 0.023921 0.458126 0.473826 0.403310 0.344616 0.268137
1.216254 1.134668 1.352695 2.175504 2.430004 2.701779 2.840592 2.064474 2.029944 1.651947 1.334345 0.095738 0.029139 -0.098448 -0.334892 -0.533070 -0.504412 -0.291741 -0.030095 0.095686 0.048886 0.068414 0.089447 0.001788 -0.124916 -0.268272 -0.492518 -0.032792 -0.000013 0.055414 -0.447200 -0.112616 -0.071905 -0.045123 -0.007025 -0.000027 0.000402 0.010284 0.019005 0.004540 0.010632 0.019188 0.023231 0.025544 0.081342 0.137045 0.142016 0.747268 0.376035 1.112216 1.074929 1.142120 2.173434 1.849357 2.654193 1.804402 0.766691 0.624751 0.484385
1.468836 1.071773 1.149680 1.559121 1.655372 1.195581 1.064578 0.369203 0.231739 0.554699 0.426472 0.017318 0.007940 0.267703 0.917687 0.335154 0.328258 0.375555 0.302419 0.209719 0.265517 0.168040 0.074691 -0.006141 -0.077673 -0.141438 -0.231044 -0.017938 -0.000401 0.000555 -0.654960 -0.056782 -0.037470 -0.033378 -0.011481 0.000000 0.008800 0.020364 0.029782 0.005481 0.003624 0.021389 0.034781 0.040067 0.035942 0.685889 0.725514 0.678458 0.367498 1.121792 1.208080 2.449354 2.215695 2.780327 2.642106 1.763552 1.751337 0.750496 0.596874
1.531067 1.594504 1.555643 1.285841 1.121604 0.400594 0.322231 0.000068 0.093606 0.590747 0.542756 1.734144 0.914905 0.742711 2.546341 2.146685 1.954262 1.572644 1.213072 0.739805 0.725870 0.492785 0.348181 0.202731 0.034095 -0.128670 -0.189126 -0.262174 -0.000330 0.000396 -0.766077 -0.095157 -0.035526 -0.014177 -0.000660 0.000055 0.012882 0.035407 0.020152 0.002083 0.001494 0.023725 0.028121 0.028262 0.057981 0.455810 0.383723 0.554360 0.696942 0.331140 0.230419 0.107783 0.198757 0.132524 0.525123 0.727172 0.468507 0.495516 0.474634
1.379527 0.999026 0.939230 0.764416 0.638522 0.198700 0.000928 0.000807 0.000516 0.399827 0.911821 1.121725 0.789527 0.711956 1.212172 1.207915 1.086679 0.950462 0.767446 0.709468 0.599386 0.551833 0.438005 0.413536 0.443194 0.337330 0.159089 -0.134546 -0.000407 -0.001229 -1.161035 -1.035155 -0.038817 -0.011292 -0.000076 0.000044 0.006512 0.023647 0.057488 0.015159 0.005142 0.005916 0.026336 0.235907 1.179490 2.191727 1.869975 1.507497 1.006982 0.331476 0.214874 0.000062 0.001113 0.000191 -0.090823 -0.042567 0.087043 0.001241 0.000788
0.485356 0.309695 0.339853 0.339272 0.193721 -0.011558 -0.000380 -0.000015 0.000220 0.028087 0.552681 0.096085 0.001122 0.000653 0.239525 0.016511 0.093940 0.168729 0.243357 0.284166 0.391513 0.367432 0.287592 0.421883 0.352635 0.264122 0.101030 -0.116000 0.001211 0.002586 0.146518 0.148656 -0.012378 -0.000202 0.000281 0.000060 0.000509 0.001702 0.013010 0.007620 0.129634 0.007565 0.137946 0.832000 3.445066 0.795630 0.513570 0.167657 -0.005302 -0.000204 -0.000107 0.001228 0.004819 0.003465 0.000884 0.186565 0.174223 -0.001635 -0.001303
0.097516 0.111923 0.118249 0.033033 -0.042599 -0.025861 -0.011102 -0.000121 0.000106 0.010037 0.050703 -0.007818 0.000025 0.009594 0.020498 -0.070087 -0.016012 -0.099278 0.048813 0.250087 0.257944 0.271340 0.341635 0.332744 0.270078 0.108143 -0.008500 -0.110632 0.000979 0.072289 0.117172 0.174422 -0.001550 -0.000074 0.000400 0.325369 0.157639 -0.008684 -0.036633 0.000370 0.001072 0.016114 0.293263 -0.521159 -0.038288 -0.000242 0.000000 -0.000070 0.000003 0.000788 0.001817 0.005836 0.003138 -0.000360 0.000360 0.013186 0.142253 0.138646 -0.004529
0.081664 0.044150 -0.021593 -0.357573 -0.015862 -0.012593 -0.004594 -0.000326 0.000208 0.004308 0.015115 0.000081 0.000736 0.000616 0.006342 0.033229 0.680651 0.245931 0.242383 0.397101 0.229472 0.098501 0.037952 -0.009019 -0.141891 -0.000874 0.103889 -0.005663 0.071529 0.178879 0.300598 0.471530 0.572561 0.595034 0.653295 0.673050 1.530131 1.648917 0.390461 0.338385 0.250446 0.322466 0.274255 0.347464 0.048937 -0.010355 -0.004544 -0.000222 0.000222 0.003946 0.014060 0.003005 0.004953 -0.000360 0.000360 0.008083 0.120269 0.082291 -0.001458
0.200339 0.222286 0.046816 -0.360284 -0.009111 -0.003392 -0.015031 -0.007268 0.000003 0.015635 0.022826 0.006524 0.003581 0.001665 0.001583 0.009442 0.196783 0.571419 0.595753 0.927412 0.625504 0.467300 0.372037 0.126542 -0.086663 0.001139 0.134305 0.057753 0.189351 0.369489 0.481476 0.635551 0.532635 0.592317 0.670622 0.652743 1.345469 1.571719 1.130569 0.379800 0.262111 0.340758 0.289590 0.498655 -0.025407 -0.066577 -0.007948 -0.000005 0.000214 0.000407 0.001312 0.001157 0.005653 0.002051 0.008534 0.057064 0.032307 0.093618 0.079483
