use_cases/Flooding_chicago/flooding_data/output/hUx_840.asc
ncols 337
nrows 393
xllcorner 428428.000000
yllcorner 4602440.000000
cellsize 26.757400
NODATA_value -9999.000000
[rows 260 to 285 of 393, columns 0 to 58 of 337]
-9999.000000 -9999.000000 -9999.000000 -9999.000000 -9999.000000 -9999.000000 -9999.000000 -9999.000000 -9999.000000 -9999.000000 -9999.000000 -9999.000000 -9999.000000 -9999.000000 -9999.000000 -9999.000000 -9999.000000 -9999.000000 -9999.000000 -9999.000000 -9999.000000 -9999.000000 -9999.000000 -9999.000000 -9999.000000 -9999.000000 -9999.000000 -9999.000000 -9999.000000 0.000000 0.020139 0.177464 -0.001067 -0.033371 -0.007496 -0.004200 -0.037608 -0.065095 -0.035300 -0.008424 -0.023732 0.023936 0.115524 0.055357 0.030996 -0.029456 -0.017446 0.087674 0.440421 0.619372 0.561902 0.435195 0.281097 0.044560 -0.139697 -0.218478 -0.393594 -0.711390 -0.120817
-9999.000000 -9999.000000 -9999.000000 -9999.000000 -9999.000000 -9999.000000 -9999.000000 -9999.000000 -9999.000000 -9999.000000 -9999.000000 -9999.000000 -9999.000000 -9999.000000 -9999.000000 -9999.000000 -9999.000000 -9999.000000 -9999.000000 -9999.000000 -9999.000000 -9999.000000 -9999.000000 -9999.000000 -9999.000000 -9999.000000 -9999.000000 -9999.000000 -9999.000000 0.000000 0.009615 0.026115 0.157607 0.092463 0.061508 0.000000 0.124807 0.079603 0.072582 0.121267 0.100683 0.100748 0.111822 0.079173 0.065433 0.257106 0.254844 0.284845 0.308595 0.190455 0.185308 -0.110449 -0.001190 0.003091 -0.306059 -0.589706 -0.216433 -0.168921 -0.109342
-9999.000000 -9999.000000 -9999.000000 -9999.000000 -9999.000000 -9999.000000 -9999.000000 -9999.000000 -9999.000000 -9999.000000 -9999.000000 -9999.000000 -9999.000000 -9999.000000 -9999.000000 -9999.000000 -9999.000000 -9999.000000 -9999.000000 -9999.000000 -9999.000000 -9999.000000 -9999.000000 -9999.000000 -9999.000000 -9999.000000 -9999.000000 -9999.000000 -9999.000000 0.000000 0.008139 0.026250 0.051165 0.067128 -0.011675 -0.040962 -0.029034 -0.072010 -0.071800 -0.058506 -0.112775 -0.013843 0.063959 0.085128 0.068854 0.040825 0.301813 0.267800 0.229539 0.031012 -0.306198 -0.033314 -0.047067 -0.017651 -0.017346 -0.017609 -0.034611 -0.074369 -0.116224
-9999.000000 -9999.000000 -9999.000000 -9999.000000 -9999.000000 -9999.000000 -9999.000000 -9999.000000 -9999.000000 -9999.000000 -9999.000000 -9999.000000 -9999.000000 -9999.000000 -9999.000000 -9999.000000 -9999.000000 -9999.000000 -9999.000000 -9999.000000 -9999.000000 -9999.000000 -9999.000000 -9999.000000 -9999.000000 -9999.000000 -9999.000000 -9999.000000 -9999.000000 0.000000 0.013144 0.037236 0.011527 0.010255 0.004823 0.012539 -0.005653 -0.007397 0.002411 -0.074152 -0.127829 0.003324 0.069582 0.103628 0.731220 0.791396 0.792473 0.635056 0.448807 0.231796 0.068972 -0.060936 -0.153653 -0.087257 -0.019293 -0.033389 -0.018010 -0.032139 -0.043281
-9999.000000 -9999.000000 -9999.000000 -9999.000000 -9999.000000 -9999.000000 -9999.000000 -9999.000000 -9999.000000 -9999.000000 -9999.000000 -9999.000000 -9999.000000 -9999.000000 -9999.000000 -9999.000000 -9999.000000 -9999.000000 -9999.000000 -9999.000000 -9999.000000 -9999.000000 -9999.000000 -9999.000000 -9999.000000 -9999.000000 -9999.000000 -0.001748 -0.000289 0.000420 0.016923 0.054989 0.023084 0.012626 0.005232 0.018700 0.011400 0.020917 0.045118 0.070334 0.063577 0.172161 0.453466 0.832033 0.981678 0.980951 0.878014 0.621245 0.322899 -0.055840 -0.385539 -0.835255 -0.345607 -0.157448 -0.035933 -0.054906 -0.026121 -0.034154 -0.060880
-9999.000000 -9999.000000 -9999.000000 -9999.000000 -9999.000000 -9999.000000 -9999.000000 -9999.000000 -9999.000000 -9999.000000 -9999.000000 -9999.000000 -9999.000000 -9999.000000 -9999.000000 -9999.000000 -9999.000000 -9999.000000 -9999.000000 -9999.000000 -9999.000000 -9999.000000 -9999.000000 0.000022 0.001769 0.001031 0.003368 -0.000631 0.000467 0.010011 0.009362 0.004472 0.017192 0.015136 0.008412 0.019711 0.154168 0.075945 0.072040 0.068074 0.058856 0.146897 0.260590 0.385293 0.394551 0.341221 -0.030929 -0.000112 0.000113 0.013823 0.285046 -0.073553 -0.225376 -0.163235 -0.058165 -0.119665 -0.042239 -0.005484 -0.029097
-9999.000000 -9999.000000 -9999.000000 -9999.000000 -9999.000000 -9999.000000 -9999.000000 -9999.000000 -9999.000000 -9999.000000 -9999.000000 -9999.000000 -9999.000000 -9999.000000 -9999.000000 -9999.000000 -9999.000000 -9999.000000 -9999.000000 -9999.000000 -9999.000000 -9999.000000 -0.000422 0.000594 0.012193 0.079073 0.019542 -0.000800 0.000987 0.007772 0.005841 0.003871 0.002131 0.007734 0.005882 0.033629 0.165993 0.097023 0.084551 0.057825 0.051189 -0.184140 -0.155782 -0.507263 -0.303474 -0.020346 -0.009914 -0.000066 0.000062 0.008774 0.013531 -0.000165 0.000272 -0.075341 -0.052196 -0.091131 -0.044767 -0.012521 -0.000000
-9999.000000 -9999.000000 -9999.000000 -9999.000000 -9999.000000 -9999.000000 -9999.000000 -9999.000000 -9999.000000 -9999.000000 -9999.000000 -9999.000000 -9999.000000 -9999.000000 -9999.000000 -9999.000000 -9999.000000 -9999.000000 -9999.000000 -9999.000000 -9999.000000 -0.000761 0.000611 0.001234 0.008559 0.062780 0.003315 -0.000693 0.001210 0.015939 0.117213 -0.000007 0.000669 0.003171 0.002528 0.052343 0.123412 0.027664 -0.001470 0.000160 0.001534 -0.036956 0.021300 -0.014172 -0.101519 -0.021432 -0.018613 -0.000169 0.000142 0.007192 0.015114 0.001501 0.001085 -0.011437 -0.094664 -0.048362 -0.052942 -0.012817 -0.000022
-9999.000000 -9999.000000 -9999.000000 -9999.000000 -9999.000000 -9999.000000 -9999.000000 -9999.000000 -9999.000000 -9999.000000 -9999.000000 -9999.000000 -9999.000000 -9999.000000 -9999.000000 -9999.000000 -9999.000000 -9999.000000 -9999.000000 -9999.000000 -0.000805 0.001569 0.002018 0.009447 -0.043667 -0.022088 -0.001505 -0.000110 0.001517 0.001643 0.016110 0.061793 0.022182 0.039332 0.112319 0.070321 0.012277 -0.000770 -0.003155 0.000876 0.003866 0.059061 0.147630 -0.152692 -0.193128 -0.012556 -0.005604 -0.000365 0.000147 0.000704 0.000774 0.000563 0.009896 0.022923 -0.037279 -0.069202 -0.059122 -0.012667 -0.000408
-9999.000000 -9999.000000 -9999.000000 -9999.000000 -9999.000000 -9999.000000 -9999.000000 -9999.000000 -9999.000000 -9999.000000 -9999.000000 -9999.000000 -9999.000000 -9999.000000 -9999.000000 -9999.000000 -9999.000000 -9999.000000 -9999.000000 0.000000 0.001225 0.003955 0.039994 0.275338 -0.313739 -0.405593 -0.005720 0.000000 0.017387 0.446265 0.015848 0.064384 0.010704 -0.083147 0.070213 -0.002783 -0.001705 -0.001536 -0.006118 0.004412 0.010313 -0.139294 -0.245767 -0.308526 -0.357204 -0.604682 -0.018296 -0.008559 -0.000818 -0.000697 0.000126 0.000599 -0.001941 -0.022463 -0.013042 -0.001923 -0.002766 -0.001539 -0.003979
-9999.000000 -9999.000000 -9999.000000 -9999.000000 -9999.000000 -9999.000000 -9999.000000 -9999.000000 -9999.000000 -9999.000000 -9999.000000 -9999.000000 -9999.000000 -9999.000000 -9999.000000 -9999.000000 -9999.000000 -9999.000000 -0.000530 0.000000 0.000281 0.001085 0.050285 0.328249 0.126317 0.171544 0.081805 0.036184 0.000741 0.350632 0.017724 0.123141 0.001626 -0.573885 -0.055394 -0.005868 -0.003563 0.001832 0.010119 0.007307 0.007992 0.004800 -0.269992 -0.296678 -0.328642 -0.498422 -0.273836 -0.016788 -0.009865 -0.001085 -0.001571 -0.002635 -0.002290 -0.004418 -0.001924 -0.003632 -0.009936 -0.001107 -0.002070
-9999.000000 -9999.000000 -9999.000000 -9999.000000 -9999.000000 -9999.000000 -9999.000000 -9999.000000 -9999.000000 -9999.000000 -9999.000000 -9999.000000 -9999.000000 -9999.000000 -9999.000000 -9999.000000 -9999.000000 -9999.000000 -0.009366 -0.005237 0.000000 0.008912 0.054994 0.092373 -0.088492 -0.143970 -0.139191 0.032199 0.182769 0.264167 0.243529 0.193562 0.027748 -0.067595 -0.107991 -0.021479 -0.028717 -0.001410 -0.000123 0.002964 0.002164 0.003552 0.041975 -0.167519 -0.469494 -0.914110 -0.757898 -0.595820 -0.252106 -0.042274 -0.075824 -0.056567 -0.002145 -0.004412 -0.004055 -0.007382 -0.024427 -0.001534 -0.000701
-9999.000000 -9999.000000 -9999.000000 -9999.000000 -9999.000000 -9999.000000 -9999.000000 -9999.000000 -9999.000000 -9999.000000 -9999.000000 -9999.000000 -9999.000000 -9999.000000 -9999.000000 -9999.000000 -9999.000000 -0.002425 -0.011428 -0.013912 -0.000681 0.001000 0.013482 0.517684 0.360161 0.188604 0.126547 0.247909 -0.004673 0.017984 0.257416 -0.256892 -0.335908 -0.133042 -0.176557 -0.035009 -0.070781 -0.005762 -0.004108 0.002488 0.003626 0.014230 0.010398 -0.250745 -0.327241 -0.465721 -0.250691 -0.448051 -0.346403 -0.411262 -0.072019 -0.068118 -0.066897 -0.138040 -0.013326 0.000000 -0.137781 -0.010999 0.000000
-9999.000000 -9999.000000 -9999.000000 -9999.000000 -9999.000000 -9999.000000 -9999.000000 -9999.000000 -9999.000000 -9999.000000 -9999.000000 -9999.000000 -9999.000000 -9999.000000 -9999.000000 -9999.000000 -9999.000000 -0.004174 -0.014040 -0.011317 -0.000364 0.000421 0.004816 0.039931 0.011992 0.007706 0.123244 0.533535 -0.055866 -0.001405 0.000230 0.004061 0.022131 -0.195798 -0.327469 -0.524174 -0.177120 -0.009847 -0.016148 -0.001566 0.004175 0.004664 0.003085 0.000699 -0.138835 -0.216649 -0.138060 -0.036680 -0.049179 -0.063499 -0.077596 -0.102892 -0.218303 -0.041970 -0.019237 0.000000 -0.169511 -0.014121 0.000000
-9999.000000 -9999.000000 -9999.000000 -9999.000000 -9999.000000 -9999.000000 -9999.000000 -9999.000000 -9999.000000 -9999.000000 -9999.000000 -9999.000000 -9999.000000 -9999.000000 -9999.000000 -9999.000000 -9999.000000 -9999.000000 -0.023911 -0.023950 -0.009182 0.000012 0.019578 -0.002265 -0.005174 0.006442 -0.025362 -0.026154 -0.118992 -0.018921 -0.001713 0.000202 0.000392 0.012434 0.015855 -0.118979 -0.269837 -0.301269 -0.062002 -0.046298 -0.000702 -0.000209 0.000087 0.000249 -0.010770 -0.041391 -0.126261 -0.067604 -0.077720 -0.064212 -0.051524 -0.085354 -0.229602 -0.056962 -0.018285 -0.025037 -0.002676 -0.002807 0.001996
-9999.000000 -9999.000000 -9999.000000 -9999.000000 -9999.000000 -9999.000000 -9999.000000 -9999.000000 -9999.000000 -9999.000000 -9999.000000 -9999.000000 -9999.000000 -9999.000000 -9999.000000 -9999.000000 -9999.000000 -9999.000000 -9999.000000 -0.016529 -0.013435 -0.000996 -0.000220 0.000544 0.000494 -0.001160 -0.003181 -0.028340 -0.142734 -0.057064 -0.027143 -0.000001 0.005088 0.017928 0.001270 0.000451 -0.194581 -0.374933 -0.301834 -0.111918 -0.008762 -0.001125 -0.000051 0.000246 0.009141 0.063904 -0.037508 -0.055850 -0.085237 -0.217764 -0.223994 -0.301119 -0.018871 -0.003888 -0.012246 -0.002590 -0.002846 0.001684 0.003266
-9999.000000 -9999.000000 -9999.000000 -9999.000000 -9999.000000 -9999.000000 -9999.000000 -9999.000000 -9999.000000 -9999.000000 -9999.000000 -9999.000000 -9999.000000 -9999.000000 -9999.000000 -9999.000000 -9999.000000 -9999.000000 -9999.000000 -9999.000000 -9999.000000 -0.010739 -0.004589 -0.000040 0.007436 0.011524 0.000762 0.000280 -0.108672 -0.074692 -0.040111 -0.000055 0.010927 0.016421 0.001548 0.000969 0.006251 -0.017482 -0.181988 -0.208086 -0.017323 -0.011685 -0.000360 0.000360 0.007624 0.065170 0.024809 0.149828 0.159957 0.040914 -0.154652 -0.667876 -0.046578 -0.000751 -0.001937 -0.003047 0.000000 0.003951 0.002924
-9999.000000 -9999.000000 -9999.000000 -9999.000000 -9999.000000 -9999.000000 -9999.000000 -9999.000000 -9999.000000 -9999.000000 -9999.000000 -9999.000000 -9999.000000 -9999.000000 -9999.000000 -9999.000000 -9999.000000 -9999.000000 -9999.000000 -9999.000000 -9999.000000 -9999.000000 -9999.000000 -0.001274 -0.001130 -0.000635 0.000013 0.000140 -0.002043 -0.009433 0.018182 -0.001326 -0.000372 0.000721 0.000717 0.000000 0.006319 0.016277 0.120327 -0.251311 -0.294358 -0.007675 -0.000360 0.000360 0.011262 0.106597 0.048482 0.160424 0.131678 0.069301 -0.015603 -0.226598 -0.040591 -0.009438 -0.025107 -0.003124 -0.000074 0.002747 0.019902
-9999.000000 -9999.000000 -9999.000000 -9999.000000 -9999.000000 -9999.000000 -9999.000000 -9999.000000 -9999.000000 -9999.000000 -9999.000000 -9999.000000 -9999.000000 -9999.000000 -9999.000000 -9999.000000 -9999.000000 -9999.000000 -9999.000000 -9999.000000 -9999.000000 -9999.000000 -9999.000000 -0.002721 -0.006395 -0.023227 -0.005537 -0.000003 0.007254 0.015930 0.212376 -0.002278 -0.003224 -0.000384 0.000687 0.000000 0.003663 0.007359 0.114089 0.161722 -0.035680 -0.068578 -0.002515 0.005449 0.004413 0.024073 0.021431 0.010097 -0.002404 -0.005501 -0.011514 -0.024659 -0.066576 -0.025085 -0.001956 -0.002335 0.001258 0.002026 0.009677
-9999.000000 -9999.000000 -9999.000000 -9999.000000 -9999.000000 -9999.000000 -9999.000000 -9999.000000 -9999.000000 -9999.000000 -9999.000000 -9999.000000 -9999.000000 -9999.000000 -9999.000000 -9999.000000 -9999.000000 -9999.000000 -9999.000000 -9999.000000 -9999.000000 -9999.000000 -9999.000000 -9999.000000 -0.001517 -0.002092 -0.002316 -0.000208 0.000326 0.016910 0.211504 -0.051725 -0.016252 0.000001 0.004395 0.001206 0.008709 0.141661 0.070514 0.038902 0.021054 0.010595 0.009473 0.010259 0.088095 0.051708 0.002435 -0.027715 -0.003096 -0.008506 -0.017849 -0.026215 -0.057890 -0.027386 -0.001063 -0.000440 0.000758 0.010519 0.060949
-9999.000000 -9999.000000 -9999.000000 -9999.000000 -9999.000000 -9999.000000 -9999.000000 -9999.000000 -9999.000000 -9999.000000 -9999.000000 -9999.000000 -9999.000000 -9999.000000 -9999.000000 -9999.000000 -9999.000000 -9999.000000 -9999.000000 -9999.000000 -9999.000000 -9999.000000 -9999.000000 -9999.000000 -9999.000000 -9999.000000 -9999.000000 -0.001662 -0.000060 0.000475 0.006656 -0.064153 -0.021496 0.000046 0.020681 0.082544 0.208880 0.127641 0.092175 0.067242 0.044651 0.029458 0.022318 0.015344 0.052773 -0.004233 -0.056596 -0.115979 -0.268465 -0.085691 -0.013463 -0.018471 -0.002130 -0.007541 -0.000249 0.000166 0.012151 0.031791 0.014775
-9999.000000 -9999.000000 -9999.000000 -9999.000000 -9999.000000 -9999.000000 -9999.000000 -9999.000000 -9999.000000 -9999.000000 -9999.000000 -9999.000000 -9999.000000 -9999.000000 -9999.000000 -9999.000000 -9999.000000 -9999.000000 -9999.000000 -9999.000000 -9999.000000 -9999.000000 -9999.000000 -9999.000000 -9999.000000 -9999.000000 -9999.000000 -9999.000000 -9999.000000 -9999.000000 0.000000 0.000710 0.000477 0.001051 0.029529 0.062849 0.011003 0.028345 0.024044 0.031094 0.031964 0.026202 0.018681 0.011289 0.000000 0.007280 0.359418 0.000157 -0.178338 -0.439520 -0.030457 -0.007006 0.000000 0.004427 0.000831 0.001063 0.000518 0.003656 0.004040
-9999.000000 -9999.000000 -9999.000000 -9999.000000 -9999.000000 -9999.000000 -9999.000000 -9999.000000 -9999.000000 -9999.000000 -9999.000000 -9999.000000 -9999.000000 -9999.000000 -9999.000000 -9999.000000 -9999.000000 -9999.000000 -9999.000000 -9999.000000 -9999.000000 -9999.000000 -9999.000000 -9999.000000 -9999.000000 -9999.000000 -9999.000000 -9999.000000 -9999.000000 -9999.000000 -9999.000000 -0.000820 -0.000595 0.000835 0.002885 0.001247 0.000404 0.006490 0.009944 0.004067 0.020297 0.022358 0.014522 0.005688 0.000000 0.009307 -0.137213 -0.390033 -0.322702 -0.408501 -0.017234 -0.007112 0.000000 0.017408 0.027087 0.066679 -0.028265 -0.071529 0.000311
-9999.000000 -9999.000000 -9999.000000 -9999.000000 -9999.000000 -9999.000000 -9999.000000 -9999.000000 -9999.000000 -9999.000000 -9999.000000 -9999.000000 -9999.000000 -9999.000000 -9999.000000 -9999.000000 -9999.000000 -9999.000000 -9999.000000 -9999.000000 -9999.000000 -9999.000000 -9999.000000 -9999.000000 -9999.000000 -9999.000000 -9999.000000 -9999.000000 -9999.000000 -9999.000000 -9999.000000 -9999.000000 -9999.000000 -0.001366 -0.000168 0.000078 0.000413 0.012656 0.029313 0.045951 0.076444 0.033346 0.167163 0.182008 0.217870 0.226123 0.673330 0.566700 0.373176 0.106955 0.027611 -0.008880 -0.000129 0.001240 0.093632 -0.094634 -0.134199 -0.132933 0.000015
-9999.000000 -9999.000000 -9999.000000 -9999.000000 -9999.000000 -9999.000000 -9999.000000 -9999.000000 -9999.000000 -9999.000000 -9999.000000 -9999.000000 -9999.000000 -9999.000000 -9999.000000 -9999.000000 -9999.000000 -9999.000000 -9999.000000 -9999.000000 -9999.000000 -9999.000000 -9999.000000 -9999.000000 -9999.000000 -9999.000000 -9999.000000 -9999.000000 -9999.000000 -9999.000000 -9999.000000 -9999.000000 -9999.000000 -0.002421 -0.000415 -0.000422 0.000236 0.000518 0.008262 0.017968 0.066992 0.029638 0.148925 0.159024 0.190598 0.218947 0.206801 0.328625 0.290018 0.326068 0.132147 0.112343 -0.000149 0.000503 0.162671 0.260147 0.288106 0.375271 0.124304
-9999.000000 -9999.000000 -9999.000000 -9999.000000 -9999.000000 -9999.000000 -9999.000000 -9999.000000 -9999.000000 -9999.000000 -9999.000000 -9999.000000 -9999.000000 -9999.000000 -9999.000000 -9999.000000 -9999.000000 -9999.000000 -9999.000000 -9999.000000 -9999.000000 -9999.000000 -9999.000000 -9999.000000 -9999.000000 -9999.000000 -9999.000000 -9999.000000 -9999.000000 -9999.000000 -9999.000000 -9999.000000 -9999.000000 0.000000 -0.000667 -0.001508 0.000007 0.009274 0.022510 0.033293 0.030331 0.064835 0.015322 0.004591 0.002395 0.001561 0.068712 0.082903 0.106485 0.436911 0.154483 0.142311 0.122523 0.000025 0.018637 0.038296 0.377411 0.137848 0.108708
