use_cases/Flooding_chicago/flooding_data/output/hUx_3180.asc
ncols 337
nrows 393
xllcorner 428428.000000
yllcorner 4602440.000000
cellsize 26.757400
NODATA_value -9999.000000
[rows 156 to 181 of 393, columns 177 to 235 of 337]
1.649959 1.779043 1.459574 1.422750 1.330106 1.236437 1.038208 2.475508 2.129143 1.762414 0.844814 -0.070202 -0.000175 -0.001927 -0.015820 -0.010803 -0.007304 0.000000 0.005878 0.708306 1.882369 1.643412 0.602004 -0.000248 -0.000688 -0.010801 -0.010345 -0.001135 -0.001451 -0.000736 -0.000103 0.000104 0.009532 0.016674 0.253351 0.239848 0.125743 0.245860 1.357667 0.891892 0.467225 0.138349 0.007373 -0.056141 -0.017079 -0.001867 -0.000485 0.000213 0.002510 0.025166 0.038679 0.027214 0.003655 0.029112 -0.392622 -0.571332 -0.061159 -0.005680 -0.000001
1.949411 1.496570 2.303906 1.927293 1.805197 1.462331 0.873228 1.115886 0.062181 -0.688471 -2.073864 -0.068439 -0.003992 -0.011755 -0.032138 -0.027213 -0.012839 0.000000 0.005878 0.426082 0.647041 0.578721 -0.022256 -0.000218 -0.000113 0.000059 -0.000294 -0.001986 -0.010370 -0.003946 -0.000222 0.000222 0.009981 0.016123 0.308047 0.195087 0.147055 0.231789 -0.193696 -0.787223 -1.178568 -1.596284 -1.240273 -0.490450 -0.052253 -0.016389 -0.000788 0.000398 0.017560 0.038365 0.007156 0.018520 0.037156 0.635927 0.210090 -0.103376 -0.037844 0.000000 0.002522
1.841010 2.856409 0.785487 0.624049 0.649858 0.748651 0.209889 -0.785382 -0.898222 -0.707963 -0.758636 -0.253157 -0.200338 -0.056633 -0.020662 -0.001524 -0.001047 0.001450 0.040341 0.718335 0.827287 0.755068 -0.012427 -0.003663 0.000000 0.005350 0.016263 0.068782 -0.073024 -0.014410 -0.000140 0.000139 0.019514 0.682316 1.189481 0.370426 0.302663 0.413071 0.200472 -0.206542 -0.829875 -0.980473 -0.764390 -0.691474 -0.735078 -0.021959 -0.000833 0.000147 0.000419 0.001090 0.002672 0.007301 0.022394 0.347975 0.672963 0.169764 -0.013378 -0.000971 0.000623
0.416037 0.113918 0.025590 0.051149 0.259396 0.014062 -0.000000 0.011813 0.305092 -0.276461 -0.060313 -0.008411 -0.014804 -0.000932 -0.001994 -0.000921 -0.000184 0.000798 0.036177 0.243719 0.030561 -0.148480 -0.042419 -0.009247 -0.000067 0.000464 0.007735 0.044058 -0.000255 -0.001218 -0.000009 0.000116 0.012643 0.738991 0.693498 0.615003 0.367649 0.264052 0.220837 0.110638 0.263095 1.321527 1.118451 0.949665 0.192655 -0.027165 -0.000581 -0.000260 0.000176 0.000347 0.025218 0.053559 0.016721 0.181521 0.197181 0.184426 -0.000457 0.000050 0.023915
-0.000941 -0.000004 -0.002363 -0.038137 -0.061384 -0.008022 -0.000000 0.006555 0.063787 -0.020243 -0.001818 -0.000009 0.000093 -0.000130 0.000136 0.034029 0.052055 0.049115 0.027410 -0.026188 -0.379820 -0.677952 -1.459381 -0.016221 -0.004177 0.000009 0.009810 0.068689 0.017370 0.008689 0.002197 0.000694 0.021104 0.620998 0.893819 0.768461 0.916052 0.361951 0.192675 0.128168 0.511468 2.389784 1.548795 0.771111 -1.093174 -0.016557 -0.006973 -0.000393 0.000331 0.008224 0.015222 0.547075 0.512156 0.433617 0.269685 -0.001631 -0.000899 -0.000130 0.108611
-0.000372 -0.000054 -0.007256 -0.012940 -0.078833 -0.015849 -0.000000 0.008818 0.062070 0.056170 0.003759 0.010365 0.002919 -0.000039 0.000599 0.009476 0.129091 0.299042 0.202978 1.701699 1.235224 1.591065 1.940917 0.957202 0.016078 -0.000140 -0.000058 0.006710 0.004903 0.002732 0.001088 0.010673 0.795132 1.670603 1.394436 1.053539 0.319426 0.198457 0.111162 0.092239 0.746260 2.019327 0.996578 -1.307223 -0.018752 -0.009849 -0.007928 -0.000569 0.000247 0.000554 0.010991 0.516363 0.757983 0.584936 0.174046 0.025119 -0.083434 -0.268908 -0.103678
-0.001717 -0.002132 -0.002884 -0.004496 -0.033519 -0.009464 -0.000001 0.006453 0.020883 -0.015567 0.028931 0.037333 0.010930 0.002598 0.016301 0.036708 0.019980 0.002054 0.013870 -0.404513 -0.746180 -0.773514 -0.809387 -0.265184 -0.072528 0.035541 -0.017375 0.011608 0.076200 0.104272 0.081638 0.191490 1.126827 0.638106 0.011353 0.001255 0.000047 0.000006 0.065419 0.453114 1.140272 1.898610 2.008726 -0.256798 -0.005776 -0.000889 -0.000923 -0.000292 0.000031 0.000292 0.016345 0.367430 0.468166 0.420338 0.091510 -0.032332 -0.063905 0.001925 0.269147
-0.000007 0.000985 0.001176 -0.000340 -0.041463 -0.010755 -0.000037 0.000626 0.007454 0.025807 -0.028091 -0.000617 -0.000637 0.000326 0.000717 0.000622 0.000483 0.010128 0.040000 -0.212509 -0.763851 -0.815515 -0.682937 -0.448813 -0.239445 -0.019743 0.087500 0.104132 0.138878 0.175257 0.149237 0.978701 2.088098 0.743994 -0.002983 -0.012900 -0.004803 0.000311 0.011050 0.587845 1.113475 1.205970 0.196610 -0.004523 -0.001183 0.002642 -0.000029 -0.000206 0.000002 0.000236 0.024949 0.754347 0.787437 0.650639 0.606413 0.576535 0.484987 0.736623 0.838460
-0.000149 0.000199 -0.002134 -0.001772 0.001212 0.000060 0.000257 0.023985 0.492441 -0.137022 -0.351568 -0.324423 -0.000047 -0.002417 -0.000406 -0.000153 0.000334 0.008837 0.016456 -0.368577 -0.517386 -1.234121 -1.489004 -0.946627 -0.578925 -0.139278 0.083803 0.209241 0.149709 0.180901 0.154648 -0.303427 -0.292846 -0.231143 -0.025803 -0.007208 0.000003 0.008326 0.014561 0.774574 0.514751 0.111960 0.041618 0.019434 0.020370 0.402065 0.836297 0.381745 0.004191 0.001396 0.509049 1.061780 1.284280 1.166604 0.992518 0.733125 0.816405 0.918884 0.993960
-0.001841 0.000022 -0.004183 -0.005611 -0.000870 0.000105 0.001789 0.043554 0.510790 0.027869 -0.390214 -0.628281 -0.101174 0.018766 0.085706 0.065784 0.001427 0.015428 0.020746 -0.446757 -0.229787 -0.189721 -0.305220 -0.225180 -0.309106 -0.040382 0.178126 0.319048 0.162589 0.169279 0.124042 0.037471 -0.749089 -0.413768 -0.034918 -0.000326 0.000208 0.006796 0.764700 0.638941 0.578675 0.390301 0.201495 0.000015 0.046833 0.292397 -0.181987 -0.096235 -0.005416 0.076993 0.481491 0.638843 0.475982 0.467434 0.325828 0.277800 0.265472 0.301845 0.456148
-0.003093 -0.000155 0.000146 0.000804 0.002567 0.003925 0.007174 0.020503 0.048627 0.507969 0.819823 0.031553 -0.167960 -0.314008 -0.215613 -0.053145 0.000416 0.019490 0.057092 -0.472651 -0.164458 0.132367 0.181694 0.211276 0.072046 -0.103521 -0.248973 -0.433995 -0.027900 -0.000173 0.000093 0.005416 -0.224112 -0.276212 -0.064335 -0.000122 0.000130 0.013184 1.037841 1.017579 0.450587 0.008807 0.001926 0.000324 0.010326 0.044900 -0.021400 -0.037917 0.093503 0.207392 0.682005 0.689680 0.229909 0.180905 0.166456 0.144043 0.164359 0.238995 0.412744
-0.011175 -0.000113 0.000261 0.017015 0.035401 0.006107 0.007299 0.032835 0.079392 0.127401 0.033978 -0.000098 0.000113 0.008573 -0.112497 -0.147349 0.000016 0.027912 0.040898 -0.023325 0.552683 0.801872 0.506325 0.358525 0.250142 0.079394 -0.165158 -0.430116 -0.048362 -0.001515 0.000160 0.010702 0.094462 -0.029794 -0.282423 0.007286 0.492210 0.992785 1.320480 1.101419 0.325384 -0.019633 0.000000 0.004021 0.003049 0.001178 0.011183 0.268084 0.293400 0.318864 0.852801 0.579030 -0.260657 -0.407352 -0.451047 -0.319725 -0.111082 0.168913 0.348037
-0.008289 -0.000002 0.007734 0.020241 0.001980 0.000280 0.012614 0.043903 0.025929 -0.014314 -0.007706 -0.000084 0.000228 0.012048 0.023907 0.012315 0.038039 0.016941 0.715984 3.302107 1.943516 1.329541 -0.028655 0.000000 -0.002047 -0.001069 -0.007394 -0.059875 -0.086627 -0.021231 0.000000 0.003663 0.172535 0.791966 1.107036 1.597949 0.981832 0.929394 0.762694 0.340936 0.151731 -0.015037 -0.017457 -0.008218 -0.000355 0.000444 0.008982 0.049923 0.263314 0.034034 -0.331397 -0.522112 -0.035947 0.010483 0.273556 0.238636 0.340753 0.502145 0.463449
-0.006831 -0.000141 0.000225 0.000133 -0.000233 0.000102 0.005649 0.017374 0.014169 0.001126 0.000632 0.001257 0.001063 0.009913 0.020159 0.085299 0.000059 0.006517 0.313099 0.814652 0.906635 -0.232523 -0.016000 0.000018 -0.000172 -0.000510 -0.001333 0.004783 0.066317 0.024923 0.007900 0.506940 1.592274 2.022835 1.031804 0.487672 0.018411 0.027807 0.130921 0.058826 -0.049187 -0.018519 -0.020983 -0.014105 -0.000538 0.001085 0.015695 0.024969 0.060870 -0.037250 -0.035768 -0.430755 -0.145124 -0.000144 0.000722 0.000533 0.078223 0.336599 0.587771
-0.010086 -0.000015 0.008637 0.000958 -0.006539 0.000000 0.003663 0.009783 0.010698 0.001848 0.004897 0.009889 0.002044 0.012688 0.020201 0.004210 0.001548 0.000786 0.317304 1.024851 0.630229 0.087324 -0.007552 0.000613 0.000167 -0.000063 0.000094 0.073164 0.396260 1.171831 1.178074 1.100093 0.917699 0.739688 0.226277 -0.021948 0.002415 0.007724 -0.414674 -0.385615 -0.519968 -0.051773 -0.001473 -0.000794 0.001449 0.002252 0.010985 0.022456 0.005616 0.002098 0.003385 -0.308018 -0.460652 -0.005447 -0.000326 0.000208 0.014622 0.891813 0.941450
-0.000791 -0.000368 0.000832 0.002420 0.002161 0.000917 0.000683 0.009372 0.016455 0.021255 0.015716 0.041157 0.000069 0.009670 0.019997 0.053647 0.016216 0.005913 0.596818 0.521971 0.477024 0.252907 -0.075071 -0.001686 -0.000478 0.000140 0.000436 0.132798 0.609131 1.498937 2.587498 1.009163 0.523939 0.188925 0.054784 0.017383 0.027833 0.254087 0.783790 0.189477 -0.456256 -0.077644 -0.002365 0.001088 0.003200 0.001759 0.018367 0.627320 -0.000253 0.000741 -0.018669 -0.204724 -0.362691 -0.386149 -0.048880 0.000003 0.038146 3.100716 1.469864
-0.008751 -0.000502 0.000507 0.004346 0.002644 0.005279 0.022144 0.024962 0.025177 0.023854 0.006455 -0.008282 0.000001 0.019477 0.062959 0.457951 0.570149 2.539831 2.915171 2.247911 2.079393 0.854572 -0.191349 -0.024788 -0.006171 0.000000 0.003663 0.409553 0.928743 0.999231 0.612316 -0.000133 -0.000034 0.000567 0.001142 0.011314 0.177752 0.423250 1.180337 0.435401 -0.378612 -0.067016 -0.000725 0.000863 0.003657 0.001727 -0.497292 -0.663533 -0.367427 0.000005 0.025101 -0.401172 -1.020447 -1.964522 -0.635266 0.000827 0.694660 3.563522 1.469065
-0.015842 -0.007133 0.000018 0.010643 0.022848 0.029540 0.022241 0.053057 0.256721 0.932701 0.987169 0.703047 -0.000074 0.001331 0.517414 0.514403 0.670933 2.274901 2.709050 1.835209 0.724289 0.179761 -0.107543 -0.000360 0.000267 0.008259 0.011249 0.397325 0.652616 0.358833 -0.005595 -0.000051 0.001524 0.006545 0.012965 0.035984 0.307708 0.450882 0.423864 0.219390 0.126436 -0.019716 -0.000208 0.000875 0.033108 0.018440 0.896582 1.231362 0.970443 0.593302 0.531691 0.276108 -0.019725 -0.243097 0.156894 0.531065 1.949127 1.888377 1.629751
-0.024121 -0.005630 0.000000 0.008640 0.021738 0.033592 0.143145 2.197886 2.528972 2.869169 2.452542 1.787082 1.831222 1.608950 1.332769 2.120121 2.227554 2.299732 1.874372 1.018522 0.055008 -0.003225 -0.001789 0.000309 0.432689 0.594618 1.756178 0.871338 0.450630 -0.014669 -0.000151 0.000065 0.019435 0.061814 0.107547 0.033566 0.276035 0.240969 0.060083 0.007482 -0.004115 -0.006586 0.000772 0.005600 0.082775 0.295421 0.198514 0.094630 0.014332 -0.025883 -0.013620 -0.000283 -0.000027 0.003402 0.792978 1.648140 1.443299 0.977690 0.230992
-0.003089 -0.000140 0.000219 0.007136 0.024696 0.236241 1.401776 2.344332 1.760322 1.193489 2.060960 1.631924 1.762720 2.465103 1.853081 2.036960 1.783772 1.088853 0.005340 -0.001130 -0.003415 0.000247 0.009039 0.265254 0.602961 0.771828 0.936016 0.986293 -0.200164 -0.019263 -0.004189 0.000000 0.012088 0.026493 0.160482 0.694999 0.533698 0.000471 -0.000038 -0.001932 0.002286 0.007243 0.010190 0.026358 0.024626 0.016148 -0.000142 -0.000094 0.000202 0.000564 0.000933 0.001077 0.001049 0.038435 1.232154 1.970785 0.827424 0.006842 -0.004349
0.029759 0.004493 0.006657 0.068326 -0.343153 0.473129 1.181410 0.936131 -0.000005 0.004946 0.121556 0.123271 1.343969 2.276291 2.598624 2.132479 1.859434 1.135768 -0.000222 0.000222 0.061207 0.222268 0.494003 0.604979 0.864317 1.068951 1.075194 0.844779 -0.083156 -0.025319 -0.012267 0.000000 0.007912 0.019616 0.124789 0.043055 0.047884 0.011159 -0.000096 0.001467 0.021025 0.002910 0.021555 -0.000122 0.000138 -0.000181 0.000247 0.000817 0.008610 0.015124 0.013221 0.003144 0.001480 0.880549 2.353957 0.597972 0.491072 0.482959 0.180140
0.247364 0.184768 0.256398 -0.118646 -0.226958 0.086152 0.142915 -0.224104 -0.000222 0.000222 0.003946 1.136948 1.205133 1.123836 0.872137 0.505358 0.245647 0.141863 -0.014989 -0.017541 -0.085694 0.090040 0.416126 0.258437 0.204265 -0.009319 -0.411665 -1.336791 -0.032545 -0.015408 -0.000471 0.000023 0.006879 0.009450 0.014068 0.042421 -0.001168 -0.000154 0.000267 0.015178 0.051838 -0.086307 -0.019101 -0.007840 -0.000058 0.000592 0.008280 0.013988 0.016735 0.017820 0.128675 0.160320 0.231267 2.464503 2.343850 0.982741 0.827710 1.031753 0.164877
0.275361 0.529836 0.281955 0.190193 0.125081 0.026203 -0.003084 0.140217 0.093166 0.065091 0.110360 0.744692 0.424764 -0.015435 -0.000136 0.000082 0.001022 0.060414 -0.049619 0.063545 0.388173 0.412126 0.784210 0.697318 0.587199 0.451981 0.268851 -0.108499 -0.007006 -0.000990 -0.000088 0.000137 0.008627 0.017640 0.021783 0.065392 -0.010496 -0.000590 0.000115 0.008936 0.016141 -0.001443 -0.016172 -0.000360 0.000360 0.006387 0.013523 0.025896 0.030219 0.032711 0.798059 2.067605 3.093057 3.580456 4.402493 4.177035 2.926493 3.489631 2.366153
0.053320 0.386148 0.419921 0.562101 0.892942 0.642261 0.758366 0.921672 0.954079 1.162215 1.688604 1.206695 0.026478 0.004736 -0.000049 0.000635 0.007539 0.123729 0.015370 0.068416 0.152127 0.024853 -0.010682 -0.176463 -0.345564 -0.535799 -1.003955 -0.028625 -0.006258 -0.000029 0.005438 0.020498 0.027112 0.076494 0.577856 0.264090 0.173935 -0.001685 -0.002420 0.000000 0.008478 0.001276 -0.007771 -0.000360 0.000360 0.014725 0.025784 0.022045 0.079093 0.217330 1.208218 2.365811 3.041466 3.441602 4.576605 4.248321 4.880670 3.652924 2.544818
0.023028 0.043448 0.791484 0.757762 1.010884 0.566905 0.243582 0.174465 0.085331 -0.077024 -0.223459 -0.009363 -0.000569 0.000247 0.000554 0.006009 0.045389 0.003356 0.044485 0.230762 0.244222 0.324585 0.444343 0.292049 0.297318 0.225031 -0.030603 -0.042962 -0.003956 -0.000392 0.001394 0.024953 0.054355 0.021814 0.164561 -0.228730 -0.430716 -0.047392 -0.008557 0.000000 0.005712 0.011107 0.001928 0.000241 0.000446 0.005642 0.044075 0.137859 0.057520 0.188776 1.083335 1.552131 3.462433 4.456763 3.692178 3.039836 3.804269 2.920527 2.227484
0.036702 0.038450 0.047434 0.374589 0.366161 0.251313 -0.348983 -0.527315 -0.436967 -0.487946 -0.499838 -0.007283 -0.000393 0.000331 0.010443 0.025113 -0.176836 -0.089025 -0.016922 0.132957 0.299755 0.320733 0.165415 0.108072 -0.074926 -0.039355 -0.049088 -0.001963 -0.001720 0.000260 0.001323 0.031552 0.092195 0.568152 0.201976 0.018456 -0.067317 -0.008597 -0.009416 -0.000065 0.000593 0.007821 0.036616 0.003682 0.000741 0.007856 0.047497 0.047777 0.083305 0.089978 1.069710 2.477842 1.892976 2.240971 1.078305 0.197301 0.160607 0.245406 0.377308
