use_cases/Flooding_chicago/flooding_data/output/hUx_1440.asc
ncols 337
nrows 393
xllcorner 428428.000000
yllcorner 4602440.000000
cellsize 26.757400
NODATA_value -9999.000000
[rows 260 to 285 of 393, columns 59 to 117 of 337]
-0.009048 -0.015484 -0.004471 -0.000209 0.017891 0.038157 0.009190 0.019338 -0.523996 -0.020690 -0.005936 -0.000072 0.000211 -0.041343 -0.248784 -0.023288 -0.006475 -0.000382 -0.050569 -0.008653 -0.000059 0.000518 0.017404 0.027730 0.109704 0.042760 0.067206 0.158560 0.084702 0.316478 0.254981 0.506779 0.768548 0.966353 0.593257 0.414267 0.184842 -0.077822 -0.306872 -0.571004 -0.667609 -0.606800 -0.577485 -0.241592 -0.308201 -0.020956 0.000000 0.022222 -0.006840 -0.020090 0.000000 0.015524 0.124376 -0.133788 -0.235645 -0.310149 -0.639527 -0.631505 -0.883395
-0.029482 -0.076134 -0.044983 -0.006377 -0.004767 -0.018153 -0.003502 -0.003993 -0.035478 -0.022746 -0.005982 0.000003 0.006034 0.052456 -0.072881 -0.008388 -0.002319 -0.002925 -0.006515 0.000543 0.000429 0.000347 0.008598 0.015266 0.022336 0.054654 0.060618 0.119513 0.064266 0.032926 0.395689 0.556779 0.846444 0.688980 0.613708 0.437206 -0.041293 -0.225112 -0.223447 -0.244060 -0.451891 -0.426112 -0.473207 -0.491118 -0.184214 -0.175912 0.000000 -0.127971 -0.168160 -0.017877 0.000000 0.016590 0.164096 -0.009605 -0.081012 -0.147685 -0.191558 -0.266323 -0.118119
-0.056680 -0.122190 -0.057032 -0.027910 -0.043206 -0.076305 -0.031705 -0.008840 -0.028321 -0.016276 -0.000326 0.000208 0.006364 -0.004180 -0.037314 -0.001613 -0.001119 -0.000887 -0.000521 0.001020 0.000667 0.000503 0.000294 0.008591 0.015874 0.023838 0.065970 0.692212 0.009382 0.010377 0.381225 0.888416 0.831422 0.641115 0.286024 0.170689 -0.000000 -0.208078 -0.224506 -0.258897 -0.507947 -0.498702 -0.575107 -0.693313 -0.369246 -0.360152 -0.507408 -0.444004 -0.253026 -0.002219 -0.000180 0.000384 -0.050475 -0.174641 -0.177905 -0.231093 -0.185393 -0.271291 -0.112550
-0.039423 0.000662 -0.004153 -0.018026 -0.075263 -0.053210 -0.015705 -0.022655 -0.007967 -0.014201 -0.005591 0.014022 0.088748 -0.212644 -0.254976 -0.224013 -0.016658 -0.010244 0.017541 0.019383 0.096271 0.116163 0.029223 0.009345 0.004592 0.027178 1.034916 1.470974 0.707436 1.557813 1.597956 1.739619 0.940060 0.588626 -0.010185 -0.010521 -0.000011 0.018291 -0.105138 -0.240787 -0.654974 -0.767378 -1.012338 -1.157528 -1.115778 -1.011373 -0.921991 -0.802302 -0.821933 -0.458041 -0.525485 -0.595894 -0.502749 -0.494844 -0.315178 -0.287052 -0.452265 -0.545558 -0.721911
-0.132103 -0.009435 -0.000353 0.000099 0.006830 0.098923 -0.023117 -0.027059 -0.005907 -0.013393 0.000790 0.018133 0.190589 0.184590 0.072522 -0.139160 -0.026417 -0.003561 0.010661 0.008573 0.065342 0.133477 0.066012 0.011349 0.003949 0.041313 1.542006 0.960689 1.191277 1.400569 1.550755 1.282541 0.726890 0.459098 -0.018238 -0.019074 -0.000504 0.000170 0.009011 -0.018555 -0.160347 -0.259586 -0.316103 -0.712819 -0.957876 -0.560936 -0.531128 -0.447257 -0.461167 -0.228987 -0.196202 -0.000133 -0.180634 -0.172587 -0.160863 -0.005795 -0.015193 -0.039419 -0.087252
-0.126058 -0.014036 -0.006928 -0.000041 0.008840 0.018740 -0.005386 -0.000552 -0.000326 0.000611 0.004860 0.010127 0.150356 0.174343 0.122937 -0.020484 -0.074585 -0.008315 -0.000149 0.005883 0.016178 0.120146 0.269193 0.224493 0.289144 1.049826 0.677506 0.112254 0.133525 0.137372 0.057214 0.030003 -0.009667 -0.010633 -0.033147 -0.037245 -0.034303 -0.001253 0.000054 0.000295 0.061289 0.167429 -0.075737 -0.456061 -0.656334 -0.707466 -0.323321 -0.252464 -0.197358 -0.182206 -0.002046 -0.002452 -0.003471 -0.005027 -0.000811 -0.000489 0.000489 0.000811 0.044120
-0.153501 -0.015197 -0.008731 -0.000876 0.000478 0.009980 0.000143 -0.007826 -0.000073 0.005252 0.002287 0.003366 -0.005668 0.005077 0.003512 -0.006014 -0.022265 -0.011350 -0.005411 0.000000 0.009001 0.015295 0.289806 0.818980 1.389972 0.892358 0.353213 -0.218836 -0.292869 -0.307537 -0.131079 -0.016419 -0.075403 -0.000391 0.000121 -0.044232 -0.110023 -0.009613 -0.000222 0.000222 0.018092 0.018098 0.010267 -0.001105 -0.315125 -0.483894 -0.395875 -0.317255 -0.285327 -0.294927 -0.222505 -0.115153 -0.155673 -0.014690 -0.000811 -0.000489 0.000489 0.000811 -0.071088
-0.099028 -0.312069 -0.046247 -0.002970 -0.000257 0.000848 0.000226 -0.001373 -0.001508 0.000250 0.001416 0.000842 0.002578 0.048192 -0.009065 -0.016674 -0.043044 -0.010651 -0.000663 0.000046 0.000596 0.008973 0.289012 0.133073 0.137027 0.000003 0.014518 0.206720 -0.119571 -0.522482 -0.495976 -0.545239 -0.620909 -0.021776 -0.000418 0.000586 -0.004660 -0.001480 -0.000186 0.000405 0.019568 0.027644 0.028357 0.018463 -0.271804 -0.325043 -0.343193 -0.450661 -0.347529 -0.339024 -0.253599 -0.197216 -0.229277 -0.278654 -0.003370 -0.005947 -0.013087 -0.028245 -0.041549
-0.008996 -0.045313 -0.042619 -0.006429 -0.007353 -0.000670 -0.000056 0.000810 0.000683 0.003454 0.004146 0.001420 0.022241 0.159673 -0.015957 -0.023758 -0.057140 -0.007667 -0.000020 0.008095 0.017061 0.251372 0.264603 0.133083 -0.000102 0.000086 0.022162 0.142211 -0.194451 -0.270194 -0.274856 -0.330215 -0.407500 -0.213135 -0.000323 0.000405 -0.005666 -0.007271 -0.000010 -0.000307 0.007455 0.009489 0.000055 0.008718 0.014834 0.104767 -0.154837 -0.160673 -0.247377 -0.340548 -0.381780 -0.256687 -0.352958 -0.321635 -0.400749 -0.433906 -0.411409 -0.582675 -0.101232
-0.000782 -0.037269 -0.047301 -0.021434 -0.001277 -0.000501 0.001139 0.000979 -0.000142 -0.002930 -0.000360 0.000360 0.010427 0.025941 -0.013641 -0.041818 -0.040393 -0.057964 -0.000000 0.025317 0.088520 0.285980 0.085363 0.024386 -0.000152 0.000305 0.011556 0.031568 0.059390 0.071419 -0.176341 -0.213173 -0.529368 -0.502207 -0.049642 -0.054759 -0.043983 -0.029082 -0.027605 -0.002049 0.010341 -0.003549 0.000730 0.004012 0.088598 0.484586 -0.295470 -0.507200 -0.642619 -0.773252 -1.063130 -1.050238 -1.009222 -0.548936 -0.566929 -0.521429 -0.432054 -0.459959 -0.158976
-0.009775 -0.013673 -0.060759 -0.023039 -0.001061 0.000879 0.009198 0.003040 -0.093012 -0.011947 -0.000360 0.000360 0.004268 0.003029 -0.063070 -0.083316 -0.077155 -0.044181 -0.044739 0.000000 0.007211 0.099064 -0.005284 -0.006074 -0.000003 0.006204 0.020028 0.037980 0.086788 -0.129462 -0.444578 -0.326960 -0.536132 -0.521512 -0.051726 -0.064075 -0.045631 -0.018519 -0.009924 -0.010215 -0.004037 -0.007181 0.003247 0.008811 0.043091 0.030707 0.008630 -0.220780 -0.335932 -0.484936 -0.777645 -0.645563 -0.752020 -0.548274 -0.550035 -0.549578 -0.602300 -0.766290 -0.928662
-0.001201 -0.001994 -0.005268 -0.007973 -0.001021 0.000942 0.023516 0.061058 0.008200 -0.140127 -0.004573 -0.001989 0.002739 0.003270 0.153094 0.066980 0.020088 -0.001997 -0.069062 0.000000 0.006604 0.035813 -0.014473 -0.000846 -0.000082 0.000802 0.014302 0.028354 0.075730 -0.077405 -0.971841 -0.887704 -0.784009 -1.329187 -0.722066 -0.090713 -0.086806 -0.057320 -0.116251 -0.005624 0.000000 0.002313 0.005781 0.011170 0.009876 0.008015 0.003954 0.003454 0.000956 0.000844 -0.137098 -0.228402 -0.185143 -0.119942 -0.090655 -0.004741 -0.013111 -0.050744 -0.090521
0.001125 -0.001367 -0.004761 -0.006285 -0.000822 0.000788 0.017496 -0.009215 -0.034183 -0.132756 -0.003526 -0.000604 0.002010 0.001630 0.149151 0.111537 0.073468 0.066617 0.022327 0.018653 0.175034 0.112069 -0.033830 -0.001309 -0.000573 0.001420 0.008806 0.024078 0.032887 0.026717 0.795681 -0.518912 -1.059647 -2.536341 -2.821979 -1.360205 -1.214035 -0.256770 -0.007243 0.000000 0.003154 0.001512 0.001419 0.003249 0.002291 -0.000555 -0.000439 0.000347 0.000978 0.001702 0.068462 0.064488 0.248018 0.002850 0.000119 -0.001045 -0.000155 0.003771 -0.163538
0.003260 0.001886 -0.000943 -0.002211 -0.000391 0.000384 0.012766 -0.012632 -0.036447 -0.131968 -0.002210 0.001189 0.055124 0.067424 0.110470 0.086185 0.009916 0.005983 0.014909 0.018926 0.425687 0.107856 -0.012063 -0.014490 -0.000447 0.000875 0.009066 0.018526 0.021911 0.033319 0.067618 0.101581 -0.078365 -0.534951 -0.971750 -1.213057 -1.171669 -0.341512 -0.012180 0.000000 0.082804 0.029021 0.012275 -0.000351 -0.002590 -0.004926 -0.001073 0.000743 0.000904 0.006636 0.146724 0.087807 0.014425 0.037158 -0.001351 -0.003390 0.000000 0.039307 -0.040734
0.002664 0.002186 0.000635 -0.000032 -0.000421 -0.000083 0.001006 -0.018893 -0.040038 -0.132668 -0.003083 -0.000208 0.002260 0.001722 -0.274037 -0.055626 -0.000534 0.000315 0.000578 0.065479 0.070893 -0.014954 -0.000240 -0.000112 0.001218 0.019072 0.038170 0.009430 0.022922 0.018558 0.084161 0.167320 0.102662 0.021484 -0.054670 -0.146613 -0.830200 -0.877334 -0.194662 0.000000 -0.009461 -0.016614 -0.017251 -0.011788 -0.007409 -0.005910 -0.000439 0.000347 0.013724 0.559194 0.450200 0.219859 -0.347153 -0.010297 -0.000472 0.000339 0.026292 0.011343 -0.050508
0.018077 0.068592 0.108530 -0.079524 -0.021520 -0.027852 -0.100738 -0.243617 -0.197217 -0.143060 -0.003632 -0.002154 0.002302 0.003315 0.001767 0.000387 0.000234 0.000679 0.011438 0.004714 -0.068286 -0.003946 -0.000222 0.000222 0.011631 0.021370 0.031453 0.039671 0.035473 0.127225 0.061453 0.037775 0.031341 -0.000000 0.006011 0.189943 -0.504824 -0.680938 -0.545456 -0.009493 -0.025538 -0.029344 -0.029029 -0.001252 0.000235 0.001395 0.016322 0.013821 0.123156 0.098997 -0.087719 -0.279183 -0.408449 -0.017629 -0.001290 0.000588 0.001200 -0.028753 -0.086213
0.006185 0.009350 0.004553 -0.049192 -0.147704 -0.092024 -0.052939 -0.050924 -0.031284 -0.002230 -0.003269 -0.000379 0.002798 0.002373 -0.034723 -0.046623 -0.051931 0.006988 0.067660 0.040227 0.013465 -0.007320 -0.000205 0.000017 0.001035 0.061266 0.068178 0.116618 0.182937 0.324196 0.241743 0.148726 -0.045780 -0.000010 0.010842 0.029178 -0.101095 -0.062769 0.136692 0.062252 -0.013752 -0.017571 -0.002819 -0.003494 0.000835 0.003453 0.018414 0.013740 0.029803 0.006525 -0.000416 0.000358 -0.060739 -0.020437 -0.000877 0.000360 0.000876 -0.016740 -0.007288
0.049638 0.068901 -0.017113 -0.068930 -0.167500 -0.061244 -0.022674 -0.023830 -0.011550 -0.001274 -0.001129 0.000311 0.001216 -0.211656 -0.057676 -0.072221 -0.074471 -0.021450 0.027203 0.041728 0.036905 0.046389 0.036501 0.021363 0.029639 0.016352 0.476573 0.045626 0.124089 0.333956 0.310123 0.204092 -0.043926 -0.000360 0.000360 0.013116 -0.225516 -0.846997 -0.971758 -0.544600 -0.644968 -0.046097 -0.004614 -0.006924 -0.005405 0.000007 0.015506 0.011913 -0.054412 -0.059401 -0.055764 0.029127 0.004786 -0.021722 -0.000035 -0.004679 -0.014518 -0.021528 -0.006206
0.069137 -0.161495 -0.308732 -0.326023 -0.069156 -0.116823 -0.033010 -0.002766 -0.000547 -0.000709 -0.000990 0.000890 0.001186 -0.254869 -0.052075 -0.000686 0.000064 -0.047290 -0.065018 -0.119933 -0.000128 0.000585 0.029074 0.039723 0.044140 0.020940 0.388350 0.046726 0.021570 0.014911 0.006343 0.002256 -0.000124 -0.000360 0.000360 0.010234 2.083869 1.099411 0.384107 -0.057674 -0.480394 -0.036839 -0.003053 -0.004365 -0.000352 0.000352 0.007406 0.036457 0.571131 0.354503 0.345169 0.128579 0.079123 -0.112000 -0.007024 -0.012344 -0.020684 -0.066833 -0.017144
-0.024592 -0.237423 -0.298673 -0.303888 -0.025812 -0.026177 -0.018426 -0.039918 -0.059901 -0.146265 -0.040725 0.000063 -0.118145 -0.165163 -0.030382 -0.002004 -0.002433 -0.000459 0.000727 0.001247 0.002110 0.001617 0.013149 0.011909 0.000000 0.069079 0.146068 0.066342 0.025812 0.016473 0.006709 0.002345 0.000000 0.009416 0.023793 0.056898 -0.004225 -0.311836 -0.492849 -0.166146 -0.119936 -0.009093 -0.025862 -0.009962 -0.000007 0.000451 0.001217 0.025926 0.508292 0.249038 0.218698 0.181405 0.189711 0.245520 0.079955 -0.116897 -0.261781 -0.029423 -0.000555
-0.029767 -0.158455 -0.266118 -0.007279 -0.011446 -0.003514 0.001558 -0.226896 -0.111322 -0.223400 -0.071490 0.000003 -0.058924 -0.073534 -0.014056 -0.025226 -0.004831 -0.002597 0.002383 0.004986 0.003088 0.015056 0.018888 0.028541 0.027996 0.009784 0.021412 0.088418 0.145269 0.156594 0.053273 0.014066 0.000000 0.005662 0.019564 0.529663 0.103745 -0.200362 -0.739327 -0.622304 -0.305883 -0.324982 -0.473721 -0.012286 -0.000000 0.000738 0.005249 0.006675 0.046252 -0.136288 -0.147054 -0.210703 -0.240158 -0.253188 -0.280006 -0.169172 -0.086793 -0.108550 -0.000396
0.352972 0.255782 -0.001406 -0.003228 -0.002225 0.001013 -0.254707 -0.331343 -0.385303 -0.064942 -0.134353 -0.184118 -0.173385 -0.600393 -0.347229 -0.045929 -0.005007 0.008484 0.014301 0.005461 0.047281 0.040825 0.029542 0.027542 0.019814 0.060708 0.083019 0.120669 0.141660 0.187854 0.196771 0.052545 0.014427 0.002597 0.051080 0.019131 -0.097562 -0.105601 -0.216631 -0.477146 -0.440122 -0.374577 -0.054419 0.045165 -0.001839 -0.004544 0.005758 0.159346 0.064418 0.019037 -0.043989 -0.093685 -0.175781 -0.210098 -0.153574 -0.193615 -0.011580 -0.012439 -0.000156
0.000906 0.182916 0.152129 0.039100 -0.053247 -0.139766 -0.189962 -0.224244 -0.070544 -0.086662 -0.140453 -0.164626 -0.167652 -0.223982 -0.023637 -0.009226 0.000017 0.000934 0.004105 0.005194 0.002314 0.015066 0.013525 0.011348 0.007580 0.031804 0.051141 0.013756 0.063399 0.137829 0.257856 0.324087 0.113247 -0.008045 -0.010811 0.028929 0.014605 -0.008205 -0.011380 -0.172750 -0.293508 -0.522576 -0.406433 -0.121580 -0.089250 -0.188312 -0.156087 -0.123336 -0.067815 -0.074861 -0.093185 -0.087564 -0.410044 -0.317160 -0.355168 -0.036715 -0.045645 -0.065036 -0.068112
0.010828 0.286080 0.118873 -0.065393 -0.022042 -0.019599 -0.898040 -0.253827 -0.035455 -0.000396 0.000330 -0.069708 -0.139669 -0.019325 -0.011079 -0.000924 0.000371 0.000884 0.002410 0.002154 0.000685 0.003310 0.081949 0.079935 0.200074 0.001977 0.012758 0.007218 0.020518 0.039905 0.153714 0.736596 0.717416 0.642655 0.624681 0.496205 0.585511 0.292967 0.019926 0.001160 0.060024 -0.107258 -0.387421 -0.437764 -0.279861 -0.228142 -0.143697 -0.095760 -0.032907 -0.061360 -0.089047 -0.000842 -0.127162 -0.424645 -0.673443 -0.056162 -0.089920 -0.138932 -0.517730
0.081780 0.054414 0.015128 -0.085701 -0.175276 -0.371627 -1.197295 -0.692140 -0.004607 -0.000555 0.000401 -0.025114 -0.096372 -0.032134 -0.017696 -0.000950 0.000866 0.023216 0.039896 0.035237 0.000181 0.000179 0.000570 0.050831 0.272094 0.140629 0.052461 0.062320 0.026591 0.052867 0.099274 0.539265 0.353520 0.295764 0.318285 0.268202 0.173419 -0.058658 -0.106262 0.000061 0.012275 0.003615 -0.025826 -0.085963 -0.063059 -0.022510 0.019249 0.049483 0.017998 -0.021702 -0.047985 -0.058279 -0.113861 -0.149331 -0.177914 -0.342441 -0.070067 -0.109283 -0.262499
0.327863 0.100996 -0.070201 -0.166989 -0.308691 -0.417622 -0.496728 -0.400200 -0.019531 -0.009989 0.000013 0.048713 -0.021083 -0.033307 -0.017514 -0.000831 0.000764 0.016045 0.040270 0.002246 -0.056235 -0.010175 -0.000003 0.007242 0.015577 0.224218 0.146611 0.081443 0.106186 0.057162 0.069116 0.036340 0.020590 0.007140 0.004732 0.167368 0.024391 -0.162840 -0.258203 -0.067053 0.032014 0.122004 0.103973 0.052441 0.043614 0.046240 0.044069 0.038821 0.003624 -0.037072 -0.049345 -0.058205 -0.117378 -0.144655 -0.187230 -0.244802 -0.128653 -0.253839 -0.073542
