use_cases/Flooding_chicago/flooding_data/output/hUx_900.asc
ncols 337
nrows 393
xllcorner 428428.000000
yllcorner 4602440.000000
cellsize 26.757400
NODATA_value -9999.000000
[rows 104 to 129 of 393, columns 177 to 235 of 337]
-0.044517 -0.080780 -0.194418 -0.040020 -0.016658 -0.001286 -0.009132 -0.004142 0.000000 0.003071 0.002095 0.013959 0.022952 0.034389 0.063724 0.071533 0.719646 0.905924 0.520246 0.479455 0.360122 0.155765 -0.004330 -0.058352 -0.159052 -0.390844 -0.619659 -0.731733 -0.875857 -0.376032 -0.365000 -0.261156 -0.026261 -0.033772 -0.008174 -0.000001 0.009037 0.172958 0.475873 0.079097 0.048829 0.089625 0.435311 0.304490 0.184289 -0.029410 -0.000640 0.000806 -0.354335 -0.153259 0.000047 -0.002017 0.000396 0.006295 0.048996 0.922679 -0.005251 0.012644 0.008264
0.000283 0.001144 0.000543 -0.002595 -0.001278 -0.002251 -0.022127 -0.021123 -0.006839 -0.000034 0.000688 0.008634 0.056813 0.867438 1.533014 1.691617 1.751803 1.498755 1.345976 0.695447 0.387135 0.033880 -0.288310 -0.521120 -1.047545 -1.206497 -1.407090 -0.676629 -0.014908 -0.000024 -0.163094 -0.205623 -0.232871 -0.097203 -0.006027 -0.000058 0.000792 0.009945 0.121282 0.057001 0.028729 0.058150 0.396552 0.478333 0.031859 -0.000360 0.000360 0.009935 0.317815 0.136695 0.145639 0.155358 0.098261 0.108127 0.126491 1.214363 0.583083 0.683393 0.688872
-0.000017 0.009158 0.022362 0.030501 0.305569 0.291721 0.429615 -0.101298 -0.022018 -0.008046 0.000020 0.008579 0.027529 0.543070 -0.123882 -0.729220 -1.283674 -1.045814 -0.826262 -0.418103 -0.460933 -0.578316 -0.589195 -0.607237 -0.688887 -0.536955 -0.595654 -0.669910 -0.013230 -0.000738 0.000185 -0.018074 -0.030821 -0.024841 -0.011398 0.000022 0.013470 0.019918 0.055391 0.019209 0.021182 0.015017 -0.033120 -0.099454 -0.004488 -0.000360 0.000360 0.044945 0.185149 0.117477 -0.000222 0.000222 0.038606 0.088943 0.076931 -0.078560 -0.176244 0.001426 0.002836
-0.000713 -0.000215 0.000145 0.065820 0.113492 0.059798 0.142210 0.412827 0.683405 0.637290 0.594146 0.457847 0.803834 0.394021 0.087425 0.009000 0.002042 0.000506 0.000329 0.000316 0.010400 -0.181771 -0.235811 -0.264959 0.079356 0.916279 0.430641 -0.020577 -0.019733 -0.012026 -0.000367 -0.000411 -0.008242 -0.003399 0.001595 0.000862 0.010287 0.021434 0.045567 0.051151 0.007759 0.005284 0.125716 0.156754 0.137760 0.210458 0.234655 0.109155 0.260137 0.251524 0.235063 0.111205 0.091007 0.106334 0.138436 0.586024 0.271437 -0.000405 0.000323
-0.027257 -0.006657 0.000000 0.018023 0.216644 0.108400 -0.001628 0.189519 0.167587 0.001748 0.170443 0.136391 0.010251 -0.008117 -0.000432 -0.000308 0.000001 0.004059 0.008852 0.001228 0.012410 0.077146 0.260180 -0.002758 -0.008020 -0.031275 -0.048011 -0.041022 -0.030225 -0.032345 -0.006922 -0.000165 0.000116 0.008697 0.029963 0.048465 0.093115 0.141424 0.425220 0.187767 0.143739 0.553480 0.802240 0.703588 0.489561 0.600623 0.231887 0.561148 0.458928 0.345156 0.227838 0.285120 0.356139 0.354431 0.891039 0.595252 0.263005 -0.000587 0.000418
-0.131504 -0.012281 0.000000 0.038144 0.595800 -0.013510 -0.013533 -0.005241 -0.001311 -0.004195 -0.012351 -0.008154 -0.000855 -0.010975 -0.007875 -0.000663 0.000068 0.000711 0.007074 0.016507 0.025758 0.094657 0.002979 -0.018137 -0.037075 -0.052982 -0.047923 -0.018763 -0.001219 -0.003146 -0.000441 -0.000549 -0.000103 0.000604 0.010947 0.038487 0.029820 0.023565 0.029194 0.184550 0.176538 0.777093 1.046238 0.590493 0.623649 0.178979 0.082402 0.022675 0.004862 0.000975 0.001095 0.107064 0.190736 0.241458 0.762852 0.302925 -0.173273 -0.025376 0.000013
0.003276 0.000562 0.000000 0.001959 0.000227 -0.005126 -0.013559 -0.026380 -0.008401 -0.029965 -0.014384 -0.008360 -0.000682 -0.000250 -0.000268 -0.000418 0.000446 0.000787 0.007107 0.027354 0.054733 0.199252 -0.107122 -0.012159 -0.005095 -0.001688 -0.017463 -0.018569 0.000001 -0.005874 -0.001483 -0.004553 -0.000544 0.000304 0.000573 0.007208 0.026034 0.026144 0.056823 0.611468 0.629528 0.749295 0.319510 -0.399059 -0.029578 -0.008222 -0.000003 -0.000071 -0.000095 0.000402 0.009685 0.055575 0.074345 0.099879 0.271531 -0.018100 -0.347586 -0.018196 0.000000
0.008142 0.038117 0.004352 -0.000346 -0.000818 0.000000 0.000617 0.001232 -0.011375 -0.040834 -0.014295 -0.008215 -0.000406 0.000312 0.000649 0.000455 0.000443 0.000452 0.011131 0.045569 0.059137 -0.183614 -0.021825 -0.014775 -0.000583 -0.000846 -0.001223 -0.001738 0.000019 0.006026 0.000579 -0.001072 -0.000106 0.000237 0.000352 0.013319 0.020513 0.030518 1.687495 1.398483 1.357919 0.698333 -0.946126 -0.036534 -0.023351 -0.005267 -0.000201 0.000022 0.000006 0.009527 0.028936 0.097757 0.976317 0.508256 0.206926 0.150950 0.002429 -0.000171 0.000313
0.009415 0.046054 -0.020717 -0.018680 -0.009464 0.000000 0.009808 0.029363 0.047449 0.015262 -0.000436 -0.025436 -0.006265 -0.000194 0.000075 0.000366 -0.002075 -0.001106 0.008924 0.009113 0.019443 -0.814787 -0.019461 -0.010323 -0.001051 -0.000416 -0.000245 0.000247 0.000440 0.021465 0.021810 0.004076 0.000902 0.000454 0.000354 0.014422 0.027538 0.733874 1.091110 1.476067 1.302029 0.952743 0.450836 -0.072237 -0.031735 -0.023809 -0.008381 -0.000330 0.000396 0.015324 0.043042 0.076295 0.542493 0.069009 0.104111 0.235892 0.492857 0.653718 0.413914
0.017440 0.385092 0.223236 -0.026292 -0.007595 0.000000 0.008312 0.014809 0.046024 0.187219 0.116445 0.070734 -0.031453 -0.019284 -0.005498 -0.015450 -0.025326 -0.028855 -0.000494 0.000071 0.006683 0.020691 -0.023203 -0.013150 -0.006325 -0.000786 -0.001280 -0.001276 0.000000 0.013284 0.077222 0.009576 0.018156 0.020947 0.002248 0.019430 0.056147 0.052604 -0.116393 -0.277076 -0.533335 -1.111311 -1.660038 -0.088355 -0.042178 -0.013588 -0.014376 -0.000401 0.000555 0.018877 0.029951 0.031643 0.041584 0.048456 0.775081 0.001955 0.001310 0.000608 0.669247
-0.091417 -0.237192 -0.224628 -0.038902 -0.013479 0.000001 0.012017 0.017123 0.018738 0.022523 -0.062609 -0.135740 -0.176583 -0.029872 -0.000481 -0.083364 -0.044926 -0.009034 -0.006230 0.000000 0.007871 0.173096 -0.021875 -0.022961 -0.020161 -0.009277 -0.001163 -0.001385 0.000000 0.031485 0.082499 0.135058 0.197184 0.302432 0.157211 0.410789 1.312184 1.769090 1.056624 0.532747 0.372771 0.081516 -0.403691 -0.083007 -0.091301 -0.074991 -0.012762 -0.000013 0.009884 0.011622 0.009857 0.019683 0.024112 0.030061 0.025184 0.037990 0.058671 0.017901 0.461896
0.598595 0.357413 0.219874 -0.008892 -0.000381 0.000328 0.007720 0.016976 0.003922 -0.005227 -0.014942 -0.030968 -0.002553 -0.003292 0.001697 -0.176804 -0.034629 -0.008521 -0.000182 0.008278 0.154993 -0.071262 -0.170325 -0.025842 -0.028419 -0.026865 -0.022173 -0.012549 0.000000 0.005836 0.035757 0.099611 0.127366 0.041870 0.141581 0.491122 0.518776 0.670020 -0.144770 -1.706477 -1.589424 -0.510592 -0.032366 -0.027215 -0.025335 -0.016030 -0.001376 0.001332 0.008474 0.021590 0.035616 0.028806 0.026389 0.005079 0.022828 0.040261 0.064885 0.677312 0.719050
0.043976 -0.073418 -0.072822 -0.008329 -0.000007 0.007950 0.020060 0.011874 0.001753 0.026888 0.021038 0.010305 -0.001340 -0.000867 0.001149 0.095076 0.244251 -0.006142 -0.021176 -0.016882 -0.196520 -0.155992 -0.190545 -0.186628 -0.066551 -0.028234 -0.009130 -0.000244 0.005092 0.016781 0.015194 0.002699 0.009067 0.030324 0.006139 0.131193 0.104098 0.021315 0.002743 -0.006655 -0.049424 -0.040994 -0.037923 -0.008142 -0.001535 -0.001796 0.000000 0.010960 0.023514 0.034613 0.034193 0.038458 0.037086 0.066054 0.041681 0.036297 0.038360 0.413998 0.147783
-0.019265 -0.042926 -0.075101 -0.007231 -0.000000 0.007216 0.026448 0.285125 0.161287 0.144473 0.192454 0.097682 0.089740 0.048941 -0.000133 0.000838 0.139198 -0.011626 -0.111840 -0.158454 -0.040500 -0.061498 -0.070234 -0.123973 -0.046055 -0.106151 -0.024261 -0.000008 0.000879 0.009118 0.038014 0.018356 0.006994 0.018723 0.651320 0.462040 0.189462 -0.000202 -0.000008 0.000660 0.001272 -0.008984 -0.031758 -0.008649 -0.002503 -0.003953 0.000000 0.007433 0.039883 0.037670 0.044124 0.025825 0.057445 0.020071 0.099568 0.169957 0.797859 0.532202 0.187650
-0.022154 -0.114221 -0.040570 -0.000984 0.000709 0.205283 0.214186 0.346231 0.235748 0.108480 0.096206 0.091722 0.072530 0.042523 -0.000267 0.000471 -0.023330 -0.126925 -0.053338 -0.018634 -0.050790 -0.058863 -0.496613 -0.166228 -0.039736 -0.002537 -0.004080 0.002260 0.176087 0.662189 0.102345 0.231151 0.179188 0.483609 0.286734 -0.042040 -0.010876 -0.000294 0.000537 0.009437 0.035135 -0.009845 -0.029916 -0.074502 -0.042593 -0.016588 0.000000 0.013599 0.031941 0.044546 0.050680 0.057101 0.021525 0.008825 0.130269 0.196523 1.056653 1.121935 1.038452
-0.662907 -0.546125 -0.026122 -0.000018 0.018722 -0.029610 -0.018264 0.005183 -0.074146 0.000000 0.040400 0.050115 0.055352 0.056948 0.049407 0.014700 -0.085255 -0.049021 -0.096405 -0.086288 -0.039969 -0.056873 -0.446259 -0.134899 -0.026511 -0.000671 -0.000017 0.023156 0.138899 0.088060 0.071610 0.196151 0.159894 0.451948 0.336133 -0.011669 -0.001316 -0.000210 0.001569 0.017078 0.057830 0.008292 -0.020514 -0.059917 -0.030397 -0.012686 0.000000 0.015638 0.034739 0.054128 0.065411 0.022198 0.447163 0.982117 0.615060 0.394763 1.207122 1.519833 1.183259
0.068212 -0.033334 -0.011693 -0.000396 0.000211 0.042687 0.574652 0.194987 0.199998 0.112004 0.041698 0.029760 0.027420 0.027235 0.020059 0.081906 -0.016815 -0.529308 -0.216002 -0.063797 -0.029461 -0.057472 -0.506872 -0.146943 -0.061387 -0.036195 -0.000446 0.000247 -0.002289 0.000056 0.002486 0.018544 0.077672 0.016058 -0.025204 -0.022927 -0.001390 0.001009 0.001548 0.005949 0.003395 0.041339 -0.090338 -0.058864 -0.009528 -0.000576 0.007799 0.020930 0.019979 0.061821 1.799286 1.022936 0.890450 0.751082 1.219678 1.892577 1.014635 0.545359 -0.056348
-0.009267 -0.000440 -0.001848 -0.002188 0.000000 0.030719 0.031351 0.202089 0.184078 0.323746 0.512600 0.309420 0.187096 0.003517 0.005290 0.094618 0.285636 -0.216980 -0.141532 -0.039193 -0.077357 -0.048550 -0.602759 -0.162139 -0.066885 -0.039863 -0.004956 0.000000 -0.000375 0.006318 0.010273 0.006170 0.002811 0.001164 0.002146 -0.000875 0.000755 0.001728 0.012678 0.008685 0.003405 0.074033 0.153158 -0.081200 0.000512 0.004374 0.001577 0.023334 0.081805 0.760059 0.884625 0.165882 -0.000951 0.003616 0.045193 0.118264 0.005144 -0.152667 -0.011432
-0.012944 0.000000 0.002795 0.001993 0.060568 0.060768 0.064821 0.049851 0.014062 0.185565 0.486940 0.363102 0.283318 0.136408 0.179295 0.004084 -0.038182 -0.342650 -0.233178 -0.144842 -0.069161 -0.093352 -0.028875 -0.046052 -0.031029 -0.017014 -0.010927 0.000011 0.007645 0.025313 0.013689 0.002529 0.000025 0.006240 0.018353 0.005592 0.004442 0.030215 0.021623 0.038911 0.016695 0.550101 0.726319 0.877019 0.750775 0.815316 0.684234 1.108326 2.079592 0.920415 0.262036 -0.119902 -0.044715 0.002447 0.069360 0.118493 0.052987 -0.225778 -0.044974
-0.007810 -0.000265 0.000487 0.102129 0.071105 0.173527 0.153705 -0.019812 0.000000 0.008717 0.017825 0.172045 0.127862 0.738028 0.645359 0.596495 0.324325 0.262001 0.153997 -0.080491 -0.066103 -0.155621 -0.065650 -0.022684 -0.020968 -0.013365 -0.000331 0.000393 0.019562 0.096272 -0.000116 0.000049 0.000842 0.006905 0.028509 0.009992 0.005252 0.001808 0.023947 0.101223 0.179523 -0.016632 0.091540 -0.235120 -0.003702 0.004553 0.003198 0.010364 0.008149 0.000675 -0.025514 -0.027887 0.006428 0.017327 0.110102 0.130505 0.072775 -0.134340 -0.080952
-0.250203 -0.057624 0.000450 -0.032238 -0.031222 -0.011480 -0.121293 -0.004830 0.000000 0.008274 0.036377 0.913581 0.736538 0.850571 1.713029 1.329972 1.196870 0.361300 -0.787069 -0.349871 -0.161181 -0.019575 -0.012503 -0.009623 -0.007531 -0.000554 -0.000247 0.000569 -0.081589 -0.018939 -0.000172 0.000343 0.028235 0.054251 0.017389 0.006404 0.003645 0.001780 0.002896 0.075250 -0.066439 0.005058 -0.205890 -0.081506 -0.030262 -0.008060 -0.000459 0.001141 0.000420 0.006974 0.020521 0.033162 0.102329 0.054429 0.060525 0.055730 0.033191 -0.011093 -0.093404
0.068732 0.002857 0.005807 0.132247 0.102635 0.031595 -0.152194 -0.070695 0.000000 0.006087 0.061404 0.964223 0.578284 0.505636 0.301526 0.335199 0.975930 0.672335 0.317949 -0.027439 -0.028432 -0.033312 -0.020900 -0.019742 -0.008204 -0.000323 -0.000036 0.000321 -0.085446 -0.005878 0.000000 0.005878 0.014945 0.060202 0.101180 0.047263 0.080097 0.030788 0.671265 1.090527 1.678766 0.401484 -0.013849 0.000042 -0.006830 -0.057414 -0.022698 -0.000798 0.000102 0.010052 0.029395 0.041362 -0.181725 -0.060065 0.012518 -0.000002 0.005218 0.022198 -0.001143
0.080391 0.087339 0.078932 0.455781 0.483590 0.342221 0.375409 0.113599 0.088469 0.153561 0.209314 0.297087 0.613394 0.254397 -0.012919 0.000267 0.175639 0.211351 -0.280178 -0.030433 -0.029296 -0.011098 -0.036544 -0.013275 -0.009909 -0.000341 -0.000010 0.000339 -0.080429 -0.005878 0.000000 0.005878 0.019696 0.023334 0.074267 0.035005 0.192339 0.709437 0.325254 0.106750 0.177988 -0.013950 -0.000000 0.000477 0.000643 -0.003165 -0.035715 -0.012166 0.000000 0.028636 0.051902 0.081555 0.483480 0.198943 -0.007755 -0.000140 0.000135 0.000954 0.000300
0.052242 0.057777 0.039120 0.140420 0.113038 0.115635 0.069661 -0.000182 0.002577 0.068099 0.105876 0.043546 0.017325 0.012956 0.007512 0.004995 0.084085 0.163098 -0.451620 -0.062260 -0.027955 -0.003503 -0.006743 -0.017288 -0.023186 -0.015714 -0.000001 0.000896 -0.005225 -0.000213 -0.000091 0.000284 0.013727 0.032371 0.079854 0.038865 0.152423 0.635938 0.123702 -0.496739 -0.052271 -0.018371 -0.000003 0.005981 0.029858 0.002875 0.000580 0.003394 0.031076 0.021309 0.077086 0.071355 0.377812 0.086658 -0.004074 -0.000420 0.000045 -0.000184 -0.000182
0.023208 0.055128 0.373947 0.115489 0.035770 -0.015504 -0.001870 0.000164 0.024945 0.041591 0.052446 0.073238 0.017335 0.004455 0.000132 0.009158 0.264637 0.188765 -0.323621 -0.027026 -0.005627 -0.009243 -0.025951 -0.098207 -0.052347 -0.011974 -0.000000 0.020218 0.009175 -0.005435 -0.021621 -0.033366 0.000641 0.021622 0.037432 0.060003 0.008714 0.002867 -0.136785 -0.163317 -0.100340 -0.049809 -0.000208 0.000326 0.001108 0.001499 0.000741 0.019891 0.057370 0.023916 0.029051 0.052892 0.058299 0.055361 -0.058005 -0.009357 -0.001983 -0.001320 -0.000554
0.016301 0.064141 0.370907 0.117569 0.023061 -0.066449 -0.023737 -0.000034 0.000500 0.000426 0.011269 0.026483 0.019966 0.002098 0.001666 0.038530 0.378258 0.267313 -0.246124 -0.017112 -0.003139 -0.006749 -0.045159 -0.094625 -0.050898 -0.017643 -0.000000 0.028977 0.762126 -0.060767 -0.043260 -0.034991 -0.026186 0.000070 0.006083 0.002270 0.000504 -0.000250 -0.198656 -0.133661 -0.125133 -0.076601 -0.001376 -0.005780 -0.013555 -0.000752 -0.001162 0.000717 0.000845 0.010242 0.030896 0.059267 0.114689 0.314213 -0.565292 -0.101745 -0.039345 -0.001596 -0.001871
