use_cases/Flooding_chicago/flooding_data/output/hUx_1500.asc
ncols 337
nrows 393
xllcorner 428428.000000
yllcorner 4602440.000000
cellsize 26.757400
NODATA_value -9999.000000
[rows 78 to 103 of 393, columns 177 to 235 of 337]
-0.321596 -0.109185 -0.005888 0.000000 0.007201 0.041513 -0.025654 -0.010792 -0.000734 0.000333 0.014960 0.032362 0.034790 0.066223 0.094647 0.031585 0.008721 0.215787 1.063932 0.264871 0.566919 0.787763 0.637143 0.765211 0.405701 1.028243 0.986183 1.049248 1.068554 2.119597 0.885875 0.616543 1.066162 0.870621 0.696457 0.361750 -0.019715 -0.000006 0.002739 0.029456 0.024646 0.000617 -0.000596 -0.000501 -0.000084 0.000085 0.000590 0.012361 0.258959 0.398185 0.004535 -0.000024 -0.001551 -0.001158 -0.001980 -0.000907 -0.001045 -0.001048 -0.000315
-0.152140 -0.173304 -0.211921 -0.000399 -0.001491 -0.001230 -0.000834 -0.001235 -0.002086 -0.000203 0.000299 0.002599 0.028847 0.061745 0.120490 0.410352 0.008420 0.119326 0.384690 0.142921 0.360977 0.229013 0.749495 0.284912 0.819426 0.693343 0.737482 1.564573 1.485010 1.324324 1.473586 0.770098 0.824078 0.860857 0.933415 1.068235 1.141473 1.019924 1.078272 0.288304 0.490286 0.804952 1.048892 1.224614 2.108346 1.016758 -0.176632 -0.683810 -0.401076 -0.182315 0.118801 0.278526 0.670671 0.794375 1.094125 0.567699 0.347251 -0.000364 0.000537
-0.085209 -0.245311 -0.316724 -0.307904 -0.286388 -0.016936 -0.025314 -0.006957 0.000001 0.000479 0.002399 0.027577 0.037720 0.035052 0.045777 0.068532 0.580444 0.570075 -0.000163 0.000908 0.003864 -0.000294 -0.001449 -0.000003 0.000913 0.000598 0.062123 -0.140523 -0.149532 -0.092146 0.132152 0.293302 0.251167 0.254340 0.042742 0.357027 0.009387 0.716740 0.827349 0.618947 0.701361 0.461089 0.454770 0.784362 0.567810 0.438188 0.169947 0.029015 0.194785 0.343995 0.382071 0.622353 0.612409 0.820765 0.877486 0.887006 0.713572 0.481825 0.630921
-0.000305 -0.001634 -0.181161 -0.458960 -0.454598 -0.606752 -0.013212 -0.000722 0.000086 0.008963 0.025924 0.006225 0.011653 0.024589 0.039343 0.056552 0.006273 -0.002754 0.000141 0.016330 0.033814 0.000677 -0.004130 -0.000068 0.000367 0.000291 0.007456 0.018055 0.115123 -0.077657 0.096166 0.239717 0.329593 0.276489 0.047686 0.045665 0.030732 0.226769 1.116176 1.347988 1.330734 0.661478 0.571232 0.478530 0.363419 0.371987 0.523352 0.466231 0.453554 0.401358 0.277662 0.293251 0.066115 -0.061226 -0.167031 -0.176351 -0.047097 -0.043667 -0.185159
0.001037 0.002542 0.034534 0.003390 -0.384138 -0.748362 -0.031630 -0.009552 0.000000 0.004205 0.011410 0.023569 0.023055 0.022105 0.031706 0.002892 -0.004822 0.000000 0.006475 0.014597 0.019518 0.012851 -0.023374 -0.007018 -0.000115 0.000398 0.009542 0.019738 0.038053 0.161332 0.703286 0.733896 0.736214 0.354742 0.050282 0.056747 0.043438 0.041997 0.054866 0.009157 0.006090 0.013754 0.029154 0.119384 0.119005 0.195649 0.426614 0.628995 0.583034 0.531694 0.346623 0.193632 0.043287 -0.220846 -0.311644 -0.309563 -0.149360 -0.103637 -0.185413
0.002386 0.028960 0.109177 0.614425 0.488416 -0.508286 -0.027106 -0.000188 0.000265 0.000897 0.001376 0.008808 0.015795 0.003671 -0.000974 -0.017147 -0.006811 0.000000 0.008815 0.014079 0.001297 0.007156 0.013487 0.001251 0.000000 0.002215 0.001304 0.005190 0.051254 0.046264 0.181323 0.325338 0.049843 0.002724 0.016634 0.036363 0.030948 0.011510 0.002090 0.000413 0.008532 0.189080 0.602400 0.320417 0.002765 0.764435 1.263607 2.011512 1.149784 0.938763 0.277532 0.120385 -0.032767 -0.312700 -0.496376 -0.471857 -0.170791 0.015251 0.019973
0.024927 0.054068 0.072235 0.055039 -0.209506 -0.011061 -0.000297 0.002445 0.031140 0.089525 0.023345 0.029350 0.053385 0.006898 -0.033677 -0.016679 -0.010627 0.000000 0.003006 0.002574 0.001500 0.007906 0.009194 0.009729 0.010043 0.002222 0.010878 0.115984 0.048037 0.017701 0.015360 -0.198499 -0.028014 -0.022629 -0.028179 -0.278441 -0.185022 -0.006606 -0.000002 0.006705 0.016085 0.166509 0.091182 0.018785 -0.000010 0.006425 0.612888 1.211092 -0.123996 -0.325371 -0.074376 -0.009408 0.000070 0.014934 0.062379 0.097209 0.072840 0.004909 0.001447
0.030345 0.042590 0.057079 0.006542 0.000935 -0.000123 0.001068 0.029960 0.086468 0.117075 0.230164 0.107071 0.037483 -0.105888 -0.025859 -0.009212 -0.001271 -0.000559 -0.000421 0.002171 0.001730 0.008043 0.018517 0.024884 0.208989 0.407478 0.202324 0.038237 -0.075555 0.000181 0.000645 0.015324 0.169567 0.068989 0.042570 0.012454 -0.084848 -0.009534 -0.000109 0.000384 0.005618 0.340136 0.148960 -0.000592 -0.000301 -0.000000 0.004884 0.007438 0.001081 0.000719 0.004419 -0.000308 0.001187 0.001672 0.004933 0.061809 0.022021 -0.000326 0.000208
0.028670 0.050011 0.001358 -0.025282 -0.006421 0.000000 0.015893 0.053844 0.010982 0.013075 0.025251 0.161680 0.066761 0.017190 0.015104 0.002783 -0.000561 -0.000668 -0.000385 0.000589 0.020918 0.043884 0.087442 2.024942 2.023155 1.610001 1.558867 1.251235 0.446518 0.003601 0.032455 0.051999 0.168206 -0.001250 -0.002349 -0.030560 -0.016594 0.002435 0.001358 0.007333 0.252502 0.187318 -0.014393 -0.008603 -0.000434 -0.000011 0.000494 0.008760 0.021804 0.029237 0.044579 0.000009 0.001953 0.027414 0.082964 0.038920 0.020776 0.004704 0.000003
0.002279 0.001361 -0.098615 -0.012791 -0.004500 0.000000 0.002037 -0.000267 -0.000306 0.000424 0.013721 0.139480 0.052510 0.102703 0.042509 0.009562 0.001779 -0.000556 -0.000332 0.000065 0.001854 0.011670 0.019830 1.635211 1.087947 0.934944 0.902963 0.815580 0.302221 -0.031104 -0.000170 -0.000123 -0.009033 -0.013471 -0.005592 -0.000023 0.002268 0.035960 0.077092 0.152444 0.102826 -0.000285 -0.023148 -0.019113 -0.005878 0.000000 0.007151 0.013664 0.018704 0.023187 0.023959 0.003487 0.024201 0.054656 0.092329 0.038312 0.159331 0.537131 0.088062
-0.011634 -0.000669 -0.001246 -0.002888 -0.002554 -0.002316 -0.008565 -0.007624 -0.000362 0.000654 0.006467 0.082452 0.228223 0.130980 0.080750 0.026134 0.005260 -0.019129 -0.006076 -0.000099 0.000226 0.010175 0.018429 -0.369936 -0.385807 -0.470213 -0.525670 -0.431564 -0.340608 -0.048640 -0.003906 -0.001031 -0.000473 -0.000046 0.000094 0.004285 0.014388 0.005700 0.046405 0.082028 0.024480 -0.166757 -0.493905 -0.013958 -0.005878 0.000000 0.007151 0.013652 0.027710 0.039663 0.022142 0.004050 0.009337 0.019385 0.021881 0.054176 0.264024 0.286790 0.263181
-0.006194 -0.000534 -0.001008 -0.002433 -0.015519 -0.026685 -0.020082 -0.000654 0.000362 0.016030 0.038227 0.031676 0.028053 0.105336 0.096329 0.031180 0.010094 0.118309 -0.029899 -0.000103 0.000171 -0.033356 -0.090547 -0.901142 -1.282394 -1.324697 -1.440569 -1.123028 -1.122037 -0.091606 -0.045464 -0.023328 -0.005647 -0.000010 0.004233 0.013209 0.019021 0.027399 0.007437 0.014822 0.079474 0.020325 -0.385178 -0.025804 -0.008921 0.000000 0.009405 0.030149 0.008762 0.025536 0.030318 0.020677 0.004753 0.024393 0.026407 0.031637 0.138472 0.081919 0.560680
0.003117 -0.000590 -0.002156 -0.021216 -0.041374 -0.021517 -0.009790 -0.000424 0.000306 0.008918 0.019962 0.030884 0.027707 0.097157 0.466006 0.264543 -0.000833 -0.005677 0.040334 0.092967 0.016274 0.002102 0.035235 -0.007662 -0.280118 -0.257306 -0.252892 -0.260226 -0.054562 -0.034385 -0.038620 -0.037884 -0.015597 -0.000507 0.000062 0.005254 0.014477 0.019682 0.035279 0.043636 0.098190 0.096512 0.153448 -0.037320 -0.004456 0.000000 0.000399 0.002705 0.002045 0.012689 0.027668 0.042593 0.014902 0.035170 0.094304 0.287839 0.462191 0.509567 0.636481
0.007754 -0.092324 -0.213744 -0.083667 -0.058782 -0.026782 -0.007492 -0.000095 0.000089 0.007271 0.022306 0.029428 0.037776 1.800376 1.435063 1.114079 0.991594 0.468103 0.367402 0.333854 0.095060 0.081329 0.067759 0.239708 0.038010 -0.075131 -0.079567 -0.051205 -0.039325 -0.020477 -0.020066 -0.019808 -0.012821 -0.005709 -0.000222 0.000222 0.005483 0.031140 0.048888 0.039858 0.118983 0.039522 0.056117 0.113231 -0.036818 -0.000240 0.000087 0.001401 0.000976 0.001346 0.001432 0.006268 0.004483 0.029067 0.110119 0.288407 0.430247 0.380357 0.369097
-1.104575 -0.949462 -0.652278 -0.529826 -0.085769 -0.031667 -0.007185 -0.000002 0.004954 0.018697 0.025884 0.031615 0.080769 0.675689 0.234613 0.334283 0.276660 0.167617 0.188179 0.165952 0.183748 0.209969 0.250633 0.193431 0.072944 -0.021772 -0.243262 -0.015594 -0.007094 -0.031807 -0.014725 -0.012501 -0.016024 -0.009380 -0.000103 0.000103 0.028795 0.032601 0.058527 0.244215 0.120439 0.000895 0.000825 0.178774 0.009317 0.002022 0.013540 0.012670 0.001045 0.055976 0.021227 0.009375 0.016867 0.014848 0.048151 0.133514 0.363712 0.064320 0.157419
-0.394736 -0.278089 -0.151715 -0.162354 0.000000 -0.001005 0.000032 0.000512 0.000602 0.064043 0.100907 0.081028 0.094854 0.265601 -0.254161 -0.177983 0.021854 0.111354 0.079070 0.008644 -0.037431 -0.015950 0.030916 0.112051 0.129595 0.004470 -0.024247 -0.027160 -0.007550 -0.030995 -0.034942 -0.034082 -0.027210 -0.008563 -0.000082 0.000082 0.005210 0.027527 0.030903 0.024772 0.042626 0.021613 0.004597 0.024184 0.040564 0.004665 0.012478 0.377278 0.467135 0.230782 0.385492 0.255080 0.018405 0.015204 0.029684 0.048420 0.205753 0.313771 0.325862
0.644117 0.621976 0.464637 0.052580 0.000000 0.015507 0.223864 0.284368 0.438536 0.475304 0.440283 0.242745 0.703980 1.322725 0.415283 0.166216 0.203942 0.205425 0.200645 0.281844 0.307167 0.366684 0.378734 0.458998 0.225872 0.056853 -0.150781 -0.015134 -0.021485 -0.005018 -0.014934 -0.008218 -0.002334 -0.005227 -0.001573 0.000071 0.006131 0.030811 0.051538 0.060869 0.071738 0.123168 0.052919 0.134304 0.215773 0.269846 0.188543 0.518979 0.582300 0.259646 0.457893 0.321455 0.030058 0.019817 0.010819 0.192934 0.382390 0.255812 0.513259
0.847038 0.636172 0.665353 0.379982 0.447637 0.885244 0.948367 1.246928 0.740272 0.668831 0.526539 0.953185 0.603875 0.404099 0.208598 0.231002 0.242002 0.246650 0.238512 0.301035 0.299237 0.251562 0.258434 0.176048 -0.042506 -0.311121 -0.020288 -0.011402 -0.010346 0.012600 -0.061078 -0.076362 -0.098209 -0.058743 -0.007871 0.000874 0.007065 0.026057 0.035669 0.008792 0.022557 0.094704 0.042404 0.124759 0.181619 0.256674 0.201285 0.777573 0.324050 0.241626 0.458680 0.336371 0.019225 0.011465 0.406634 0.412535 0.351835 0.264229 0.194724
0.588135 0.397401 0.405409 0.723608 0.867913 1.017754 1.118982 0.717721 0.664611 0.510565 0.376808 -0.000360 0.000360 0.033126 0.312678 0.136896 0.099210 0.120052 0.108984 0.252980 0.239496 0.194221 0.222235 0.025598 -0.027646 -0.127120 -0.025630 -0.018316 -0.000013 0.063901 -0.412850 -0.109446 -0.071906 -0.045123 -0.007025 -0.000027 0.000402 0.010284 0.019005 0.004540 0.010633 0.019189 0.023231 0.025544 0.075595 0.145230 0.135518 0.704555 0.316810 0.991355 0.963997 1.018266 1.973312 1.673031 2.466789 1.655690 0.675805 0.535261 0.404617
0.814539 0.411050 0.381581 0.504679 0.527755 0.370665 0.283021 -0.000212 0.001741 0.102305 0.079043 -0.000360 0.000360 0.051748 0.362582 -0.068539 -0.187805 -0.144697 -0.045013 -0.007343 0.055174 0.130097 0.009524 -0.053392 -0.053650 -0.055110 -0.224482 -0.009927 -0.000401 0.000555 -0.958356 -0.054301 -0.037470 -0.033379 -0.011481 0.000000 0.008801 0.020364 0.029783 0.005481 0.003624 0.021389 0.034781 0.040068 0.029544 0.617351 0.657581 0.605659 0.301545 0.997798 1.095068 2.286734 2.062683 2.579006 2.437588 1.610153 1.594713 0.655731 0.512390
0.927258 0.900453 0.816903 0.586746 0.384268 -0.005903 -0.000377 0.000005 0.015209 0.129480 0.121483 0.662831 0.260933 0.168450 0.407656 0.151984 0.031498 0.062778 0.055791 0.011001 0.051128 0.074007 0.115674 0.124987 0.191944 0.325681 0.058056 -0.053800 -0.000330 0.000396 -0.586591 -0.048767 -0.035528 -0.014176 -0.000660 0.000055 0.012882 0.035407 0.020153 0.002083 0.001494 0.023725 0.028122 0.028264 0.024744 0.211347 0.222668 0.404454 0.564926 0.260252 0.170481 0.072372 0.133848 0.077221 0.419028 0.624303 0.403201 0.427777 0.406741
0.939849 0.566035 0.503099 0.363460 0.110857 -0.032321 -0.000395 0.000057 0.000381 0.161132 0.260211 0.289174 0.184641 0.116608 0.110211 0.684947 0.421608 0.221792 0.056860 0.017760 0.015987 0.086881 0.180980 0.214519 0.226215 0.249539 -0.090316 -0.034983 -0.001050 0.001127 -0.756422 -0.371669 -0.037741 -0.011292 -0.000076 0.000044 0.006512 0.023646 0.057487 0.015160 0.005142 0.005916 0.026336 0.132357 0.918966 1.883047 1.596064 1.303591 0.870734 0.266201 0.160856 0.000062 0.001265 0.000886 -0.112646 -0.069882 0.070865 0.001135 0.000761
-0.128272 -0.004661 -0.003623 -0.002433 -0.012952 -0.005842 -0.000381 -0.000015 0.000220 0.014633 0.860429 0.082055 -0.000145 0.000222 0.057001 1.093250 1.108215 0.513254 0.338504 0.165418 0.194044 0.326704 0.187053 0.169957 -0.115136 -0.346482 -0.736833 -0.023419 -0.000445 0.000661 -0.226520 -0.251682 -0.012204 -0.000202 0.000279 0.000058 0.000508 0.001702 0.013010 0.007620 0.129632 0.007565 0.100596 0.834154 3.300160 0.691185 0.430332 0.112964 -0.005347 -0.000204 -0.000107 0.001228 0.004809 0.003457 0.000878 0.168470 0.155498 -0.001627 -0.001287
0.048314 -0.007225 -0.013505 -0.043503 -0.034578 -0.026193 -0.011109 -0.000121 0.000106 0.010038 0.032371 -0.007817 0.000025 0.009376 0.020307 0.176403 0.095898 -0.093454 0.000007 0.147266 0.201548 0.279671 0.399606 0.449873 0.290452 0.029995 -0.109967 -0.010151 -0.000019 -0.077002 -0.045785 -0.024067 -0.000973 -0.000135 0.000195 0.012348 0.003645 -0.020198 -0.035096 -0.015774 0.001072 0.016113 0.215010 -0.566376 -0.088877 -0.000242 0.000000 -0.000070 0.000003 0.000788 0.001818 0.005839 0.003139 -0.000360 0.000360 0.013050 0.151945 0.126828 -0.004473
0.141781 0.160005 0.051801 -0.049305 -0.015862 -0.012594 -0.004594 -0.000326 0.000208 0.004308 0.015115 0.000080 0.000737 0.000616 0.006342 0.016341 0.518863 -0.000318 0.000387 0.122183 0.049546 -0.025033 -0.108044 -0.311252 -0.011723 0.000000 0.006511 0.093029 -0.040263 -0.036492 -0.020421 0.003749 -0.008084 -0.037432 -0.057740 -0.030035 0.265342 0.323390 0.047833 0.060715 0.053695 0.107753 0.100449 0.126169 -0.027178 -0.010356 -0.004544 -0.000222 0.000222 0.003946 0.014060 0.003005 0.004954 -0.000360 0.000360 0.008051 0.134789 0.075461 -0.001354
0.010816 -0.088776 -0.269087 -0.037545 -0.009111 -0.003392 -0.015032 -0.007268 0.000003 0.015635 0.022826 0.006524 0.003580 0.001663 0.001583 0.005386 0.327179 0.553101 0.101636 0.197461 0.288792 0.200224 0.033483 -0.315900 -0.011604 0.000000 0.009060 -0.554688 -0.756964 -0.452098 -0.338316 -0.237929 -0.043433 -0.059087 -0.031395 -0.004396 -0.054749 0.100275 0.171497 0.063109 0.050406 0.120476 0.109761 0.366233 -0.061792 -0.310812 -0.006738 -0.000005 0.000217 0.000412 0.001315 0.001158 0.005654 0.002052 0.008534 0.054686 0.033751 0.048504 0.029143
