use_cases/Flooding_chicago/flooding_data/output/hUx_1920.asc
ncols 337
nrows 393
xllcorner 428428.000000
yllcorner 4602440.000000
cellsize 26.757400
NODATA_value -9999.000000
[rows 52 to 77 of 393, columns 236 to 294 of 337]
-0.006861 -0.000569 0.000247 0.000554 0.004162 0.004646 -9999.000000 -9999.000000 -9999.000000 -9999.000000 -9999.000000 -9999.000000 -9999.000000 -9999.000000 -9999.000000 -9999.000000 -9999.000000 -9999.000000 -9999.000000 -9999.000000 -9999.000000 -9999.000000 -9999.000000 -9999.000000 -9999.000000 -9999.000000 -9999.000000 -9999.000000 -9999.000000 -9999.000000 -9999.000000 -9999.000000 -9999.000000 -9999.000000 -9999.000000 -9999.000000 -9999.000000 -9999.000000 -9999.000000 -9999.000000 -9999.000000 0.000010 0.019793 0.099586 -0.020636 -0.175444 -0.126833 -0.000558 -0.001142 -0.001455 -0.000520 0.000236 0.018376 0.018664 0.007240 0.003196 0.003716 -0.207639 -0.239292
-0.006778 -0.000393 0.000331 0.010243 0.019369 0.029295 -9999.000000 -9999.000000 -9999.000000 -9999.000000 -9999.000000 -9999.000000 -9999.000000 -9999.000000 -9999.000000 -9999.000000 -9999.000000 -9999.000000 -9999.000000 -9999.000000 -9999.000000 -9999.000000 -9999.000000 -9999.000000 -9999.000000 -9999.000000 -9999.000000 -9999.000000 -9999.000000 -9999.000000 -9999.000000 -9999.000000 -9999.000000 -9999.000000 -9999.000000 -9999.000000 -9999.000000 -9999.000000 -9999.000000 -9999.000000 -0.000360 0.000360 0.017226 0.149981 0.167725 0.241011 0.501439 0.440031 0.329829 -0.037232 -0.001148 -0.000187 0.001072 0.044022 0.151990 0.041042 0.000229 -0.312041 -0.160968
-0.009116 -0.000180 0.000174 0.007009 0.032082 0.036957 -9999.000000 -9999.000000 -9999.000000 -9999.000000 -9999.000000 -9999.000000 -9999.000000 -9999.000000 -9999.000000 -9999.000000 -9999.000000 -9999.000000 -9999.000000 -9999.000000 -9999.000000 -9999.000000 -9999.000000 -9999.000000 -9999.000000 -9999.000000 -9999.000000 -9999.000000 -9999.000000 -9999.000000 -9999.000000 -9999.000000 -9999.000000 -9999.000000 -9999.000000 -9999.000000 -9999.000000 -9999.000000 -9999.000000 -9999.000000 -0.000360 0.000360 0.014758 0.189413 0.004580 -0.037394 -0.302355 -0.388097 -0.475503 -0.727006 -0.020334 -0.000999 0.000955 0.037506 0.145212 0.039048 0.000009 -0.101848 -0.180493
-0.039105 -0.000069 0.000067 0.001009 0.003161 0.015434 -9999.000000 -9999.000000 -9999.000000 -9999.000000 -9999.000000 -9999.000000 -9999.000000 -9999.000000 -9999.000000 -9999.000000 -9999.000000 -9999.000000 -9999.000000 -9999.000000 -9999.000000 -9999.000000 -9999.000000 -9999.000000 -9999.000000 -9999.000000 -9999.000000 -9999.000000 -9999.000000 -9999.000000 -9999.000000 -9999.000000 -9999.000000 -9999.000000 -9999.000000 -9999.000000 -9999.000000 -9999.000000 -9999.000000 -9999.000000 -0.002220 0.001058 0.002296 0.099796 0.143688 0.133471 0.189162 0.269480 0.352414 0.324311 -0.015788 -0.001160 0.000876 0.032453 0.144394 0.043211 -0.044667 -0.281745 -0.324729
0.065295 0.047565 0.010786 0.061698 0.088884 0.066995 0.021518 0.011577 0.003399 -9999.000000 -9999.000000 -9999.000000 -9999.000000 -9999.000000 -9999.000000 -9999.000000 -9999.000000 -9999.000000 -9999.000000 -9999.000000 -9999.000000 -9999.000000 -9999.000000 -9999.000000 -9999.000000 -9999.000000 -9999.000000 -9999.000000 -9999.000000 -9999.000000 -9999.000000 -9999.000000 -9999.000000 -9999.000000 -9999.000000 -9999.000000 -9999.000000 -9999.000000 -9999.000000 -9999.000000 -0.000576 0.000903 0.112675 0.170242 0.511291 0.589699 0.644987 0.629176 0.791747 0.597525 -0.016971 -0.007429 0.000000 0.023579 0.030740 -0.081152 -0.376414 -0.567660 -0.575156
0.104051 0.052424 0.104908 0.129197 0.139388 0.072434 0.040002 0.015555 0.005024 -9999.000000 -9999.000000 -9999.000000 -9999.000000 -9999.000000 -9999.000000 -9999.000000 -9999.000000 -9999.000000 -9999.000000 -9999.000000 -9999.000000 -9999.000000 -9999.000000 -9999.000000 -9999.000000 -9999.000000 -9999.000000 -9999.000000 -9999.000000 -9999.000000 -9999.000000 -9999.000000 -9999.000000 -9999.000000 -9999.000000 -9999.000000 -9999.000000 -9999.000000 -9999.000000 0.000000 0.015173 0.146792 0.078970 0.468306 0.923783 0.929824 0.679254 0.605103 0.584326 0.440311 -0.011147 -0.000940 -0.000249 0.002785 -0.081562 -0.102372 -0.295440 -0.211498 -0.029438
0.094519 0.041313 0.132766 0.154457 0.127345 0.224099 0.417689 0.259293 0.241284 0.124106 0.048464 -9999.000000 -9999.000000 -9999.000000 -9999.000000 -9999.000000 -9999.000000 -9999.000000 -9999.000000 -9999.000000 -9999.000000 -9999.000000 -9999.000000 -9999.000000 -9999.000000 -9999.000000 -9999.000000 -9999.000000 -9999.000000 -9999.000000 -9999.000000 -9999.000000 -9999.000000 -9999.000000 -9999.000000 -9999.000000 -9999.000000 -9999.000000 -9999.000000 0.000034 0.019679 0.322103 -0.526738 -0.513430 -0.497122 -0.708239 -0.917092 -1.091724 -1.580240 -2.097648 -0.727869 -0.045337 -0.001316 -0.118911 -0.488153 -0.631154 -0.752591 -0.641387 -0.738793
0.004578 0.037498 0.181249 0.086064 0.000000 0.038363 0.019246 0.101423 0.200949 0.120745 0.536715 -0.031923 -0.000492 -0.000641 0.000000 -9999.000000 -9999.000000 -9999.000000 -9999.000000 -9999.000000 -9999.000000 -9999.000000 -9999.000000 -9999.000000 -9999.000000 -9999.000000 -9999.000000 -9999.000000 -9999.000000 -9999.000000 -9999.000000 -9999.000000 -9999.000000 -9999.000000 -9999.000000 -9999.000000 -9999.000000 -9999.000000 -9999.000000 0.000167 0.024115 1.475907 0.482139 0.055521 -0.204970 -0.797384 -1.331739 -2.110195 -2.567861 -3.107600 -1.713984 -2.364033 -2.133096 -1.791183 -1.500264 -1.947325 -1.086953 -0.493046 -0.066124
0.007751 0.060099 -0.134672 -0.007200 0.000000 0.009611 0.023351 0.064189 0.207962 0.526406 0.144750 0.115514 0.249025 0.219976 -0.047060 -0.003663 0.000000 -9999.000000 -9999.000000 -9999.000000 -9999.000000 -9999.000000 -9999.000000 -9999.000000 -9999.000000 -9999.000000 -9999.000000 -9999.000000 -9999.000000 -9999.000000 -9999.000000 -9999.000000 -9999.000000 -9999.000000 -9999.000000 -9999.000000 -9999.000000 -9999.000000 0.000000 0.005846 0.008660 0.179107 -0.078057 -0.288635 -0.484615 -0.736821 -0.979488 -1.534427 -1.653724 -2.086292 -0.559662 -0.314508 -1.339430 -1.260363 -1.123083 -0.971649 -0.451204 -0.104563 -0.283810
-0.016731 -0.080394 -0.013894 -0.007722 0.000000 0.011861 0.069163 -0.024992 -0.080781 -0.440653 -0.159170 -0.001075 0.250583 0.198184 -0.000134 -0.016265 -0.005393 0.000000 -9999.000000 -9999.000000 -9999.000000 -9999.000000 -9999.000000 -9999.000000 -9999.000000 -9999.000000 -9999.000000 -9999.000000 -9999.000000 -9999.000000 -9999.000000 -9999.000000 -9999.000000 -9999.000000 -9999.000000 -9999.000000 -9999.000000 -0.000945 0.000491 0.030126 0.058334 0.219514 0.196927 0.487483 0.318355 0.271336 0.099480 -0.073216 -0.235626 -0.769229 -0.306408 -0.090655 -0.000660 0.023283 0.057064 0.031489 -0.065916 -0.094354 -0.222906
-0.150055 -0.107075 -0.015821 -0.007178 0.000000 0.021780 0.066747 0.254841 0.452677 0.641361 0.751853 1.027951 1.020623 0.821468 0.450508 0.552894 0.429046 -0.003380 0.000000 -0.057329 -0.004056 -0.000185 -9999.000000 -9999.000000 -9999.000000 -9999.000000 -9999.000000 -9999.000000 -9999.000000 -9999.000000 -9999.000000 -9999.000000 -9999.000000 -9999.000000 -9999.000000 -9999.000000 -9999.000000 -0.001056 0.001040 0.028281 0.060099 0.245252 0.303479 0.579497 0.677327 0.500708 0.397445 0.261155 0.107133 -0.060740 -0.348786 -0.059649 -0.010351 0.000000 -0.014106 -0.028964 -0.055269 -0.054538 -0.004613
-1.104006 -0.064858 -0.026823 -0.012302 0.000000 0.006565 0.009647 0.177056 0.759315 0.783062 0.234346 0.139942 -0.028365 0.075526 0.445504 0.303597 0.219875 -0.373628 -0.013870 -0.020841 -0.089560 -0.007486 -0.000003 0.007574 0.013761 0.003051 -9999.000000 -9999.000000 -9999.000000 -9999.000000 -9999.000000 -9999.000000 -9999.000000 -9999.000000 -9999.000000 -9999.000000 -9999.000000 -0.001231 0.001238 0.031364 0.086264 0.313438 0.465229 0.829236 0.748196 0.627916 0.658670 0.448423 0.334486 0.056181 -1.282419 -0.024548 -0.007769 0.000000 -0.018932 -0.007366 -0.011324 -0.018303 -0.009557
-0.079274 -0.017567 -0.001274 -0.000294 0.000340 0.014677 0.021248 0.096990 0.021408 0.026466 0.032214 0.053069 0.079076 0.878952 0.847764 0.800778 0.527024 -0.222663 0.001197 0.003175 -0.051746 -0.007193 -0.000208 0.000326 0.003233 0.002545 0.001175 0.000479 0.000381 0.000405 0.007844 0.548862 1.705796 0.123850 -0.022493 -0.016879 -0.008809 0.000000 0.003615 0.001929 0.087500 0.367920 0.558070 0.609053 0.370414 0.330555 0.365701 0.441711 0.427619 0.183094 -1.006708 -0.236000 -0.122330 -0.034765 -0.043537 -0.012499 -0.016134 -0.060161 -0.032130
-0.019091 -0.007736 -0.000655 0.000447 0.022895 0.032501 0.556508 0.208625 0.151473 0.049167 0.025832 0.030669 -0.070983 -0.000018 0.078358 0.163238 0.360174 0.296489 -0.000360 0.000360 0.017845 0.077478 -0.000056 0.000063 0.010932 0.041383 0.184987 0.423501 0.575393 0.882234 0.887613 2.414098 2.213268 -0.079984 -0.042273 -0.026255 -0.013895 0.000000 0.017312 0.042573 0.252370 0.800770 0.511693 0.102819 -0.160718 -0.176768 0.031353 0.290878 0.236029 0.095175 -0.038037 -0.026939 -0.057623 -0.022913 -0.071278 -0.024676 -0.000532 -0.001302 -0.002422
-0.001006 -0.000407 0.000100 0.009619 0.032319 0.302140 -0.059386 -0.238947 -0.196712 -0.151788 -0.063208 0.002680 -0.111684 -0.000463 0.000592 0.020321 0.220591 0.156527 -0.000360 0.000360 0.034480 0.601446 0.579292 0.580856 0.644152 1.689113 1.608485 1.203049 1.116223 1.231683 0.922745 1.329525 0.635414 -0.148808 -0.046591 -0.020067 -0.013648 0.000000 0.016556 0.037481 0.338378 0.363870 0.189570 0.297485 0.250219 0.086771 -0.008897 -0.055120 -0.000070 -0.087018 -0.050122 -0.056253 -0.024626 -0.013973 -0.000849 -0.001217 -0.000169 -0.000152 0.000308
-0.002372 -0.001774 0.002592 0.007743 0.006643 0.049083 0.808012 0.461538 0.445691 0.360514 0.297030 0.095776 -0.080048 -0.001168 0.000965 0.000975 0.416552 0.351728 -0.000010 0.002783 0.006366 0.232004 0.620318 1.035069 0.859295 0.521138 1.323059 1.577085 0.700809 0.703870 1.370913 1.124365 0.660691 -0.175584 -0.175996 -0.041996 -0.007994 0.000000 0.014316 0.038445 0.113960 0.109464 0.144261 0.445916 -0.000844 -0.001366 -0.003335 -0.002962 -0.001458 -0.000857 -0.001699 -0.004430 -0.023420 -0.024462 -0.026446 -0.014374 -0.005208 0.000005 0.007930
-0.001961 -0.001434 0.002233 0.056595 0.122290 0.113877 0.299997 0.157009 0.116303 0.149494 0.049039 0.025731 0.012522 -0.000587 0.000719 0.005104 0.002614 0.504651 0.519983 0.542356 0.678212 0.443830 0.285597 0.192707 0.004038 0.187554 0.737434 0.531317 0.804557 0.864726 1.026076 0.922748 0.576227 -0.127825 -0.822846 -1.024467 -0.022291 0.000000 0.007727 0.244002 0.110724 0.105418 0.285103 0.139909 0.001315 -0.000292 -0.002111 -0.004042 -0.004902 -0.000330 0.000396 -0.218821 -0.027346 -0.030079 -0.017989 -0.009595 -0.000222 0.000222 0.003946
-0.017540 -0.008768 -0.000375 0.000143 0.014617 0.024806 0.032266 0.029222 -0.067827 -0.000582 -0.000779 -0.000839 0.000043 0.001206 0.001212 0.001933 0.117968 0.680185 0.727386 0.698847 1.172157 0.850490 0.517807 0.370532 0.011443 0.005372 0.359328 1.503446 1.480806 1.096419 1.049035 0.905021 0.525774 0.297315 0.293830 0.208062 -0.008273 0.000000 0.022633 0.214834 -0.024647 -0.084603 0.013377 -0.246785 -0.020036 0.000000 -0.003473 -0.005889 -0.006765 -0.000401 0.000555 -0.063423 -0.149304 -0.022032 -0.015161 -0.008611 -0.000005 0.000589 0.000615
-0.012967 -0.023252 -0.010464 -0.000032 0.015093 0.025799 0.027494 0.037761 0.022194 -0.057708 -0.055222 -0.001565 0.000735 0.001402 -0.000531 0.013318 0.554870 0.767373 0.922268 0.939207 1.734353 1.222000 0.853041 0.993865 0.892124 0.865642 0.866418 0.718143 1.708998 1.407780 0.913230 0.665222 0.193323 -0.404339 -0.854934 -2.140382 -0.464602 -0.615398 -0.952817 -0.782682 -0.631625 -0.663931 -0.484945 -0.120076 -0.000856 -0.000122 -0.004519 -0.008012 -0.007804 -0.000013 -0.038630 -0.049530 -0.120991 -0.034782 -0.017098 -0.000329 0.000313 0.000268 -0.000310
-0.063034 -0.029704 -0.011699 -0.000760 0.000113 0.010829 0.027058 0.026171 0.027230 0.061890 0.026162 -0.001010 0.000784 0.011338 0.230196 0.513816 0.648536 0.712292 0.843998 0.854469 0.760837 0.560246 0.919598 0.764355 0.923521 1.122282 1.202312 0.722017 1.069084 0.478878 0.356643 0.535614 0.875169 0.635712 0.474708 -0.172953 -1.148074 -0.631302 -1.092873 -1.135314 -1.182136 -1.239847 -1.111899 -0.518502 -0.122662 -0.185860 -0.297380 -0.008379 -0.018091 -0.114853 -0.004927 -0.577968 -0.071595 -0.015749 -0.008779 -0.000008 -0.000391 -0.003553 -0.010140
-0.374958 -0.176411 -0.064418 -0.014621 0.000000 0.008860 0.015699 0.026055 0.038958 0.082065 0.038817 -0.000447 0.000589 0.232048 0.126439 0.073038 0.122780 0.147865 -0.080776 -0.000195 0.000495 0.025372 0.035387 -0.018921 0.103408 0.237409 0.564753 0.491430 0.000457 0.015087 0.051977 0.128202 -0.059423 -0.371230 -0.540847 -0.822049 -1.174773 -0.284146 -0.001017 -0.323501 -0.950790 -0.950602 -1.008492 -0.620575 -0.240142 -0.253125 -0.274656 -0.324777 -0.008424 -0.002381 -0.133108 -0.287751 -0.299716 -0.136651 -0.035605 -0.001317 -0.002941 -0.023520 -0.023017
-0.388980 -0.071868 -0.052536 -0.017431 0.000000 0.012314 0.017644 0.019475 0.042793 0.107866 0.056996 -0.000018 0.012307 0.336886 0.639969 0.502453 0.286774 0.159628 -0.169175 -0.000013 0.003779 0.002934 -0.032880 0.135615 0.341611 0.516862 0.517263 0.113593 0.000390 0.008105 0.045480 -0.099042 -0.561479 -0.746811 -0.545958 -0.780893 -0.028441 -0.005850 0.000005 0.007658 0.862941 0.305606 0.047662 -0.225940 -0.111855 -0.149095 -0.298132 -0.375739 -0.463168 -0.461065 -0.586936 -0.331728 -0.043975 -0.038380 -0.032249 -0.000033 -0.053335 -0.017783 -0.001715
-0.000671 -0.010755 -0.026406 -0.018279 0.000000 0.006934 0.031533 0.108453 0.030720 0.194513 0.214553 0.200518 0.480895 0.363758 0.252617 0.789302 0.263832 0.116451 -0.173978 -0.000401 0.000555 0.008244 0.077707 0.243415 0.045140 0.000299 0.087132 0.077805 -0.000200 0.000331 0.136650 0.756847 0.292519 -0.071926 -0.367299 -0.020016 -0.006039 -0.000222 0.000222 0.003946 0.066078 0.775771 0.467696 -0.219066 -0.072406 0.002485 -0.294058 -0.008299 -0.000145 0.000088 -0.031836 -0.008836 -0.000200 0.000033 0.000894 0.005596 0.019942 -0.027829 -0.007435
-0.000005 0.000263 0.001179 0.000799 0.004903 0.018277 0.020356 0.175159 0.362235 0.322287 0.293802 0.242147 0.116482 0.205628 0.167850 0.184453 0.067813 -0.106437 -0.007523 -0.000330 0.000396 0.058962 0.146242 0.106319 0.054622 0.019556 -0.042537 -0.231832 -0.009925 -0.006430 -0.172973 -0.316987 -0.077702 0.000000 -0.158721 -0.005247 -0.001437 -0.000276 0.000424 0.010684 1.081336 1.094482 0.676917 -0.144823 -0.500995 -0.478300 -0.023331 -0.013896 -0.000299 -0.000187 -0.000117 -0.000918 -0.000222 0.000222 0.008674 0.034736 0.080012 0.503229 0.395631
-0.000222 0.000222 0.007375 0.016155 0.019529 0.024784 0.077305 0.163331 0.053085 0.022092 0.689010 0.162025 0.086228 0.130667 0.069248 0.354467 0.108221 0.000000 0.001313 0.000307 0.036218 -0.006232 -0.057576 -0.176226 -0.546240 -0.687116 -1.229555 -1.205943 -0.689317 -0.652882 -1.591994 -1.636565 -0.170750 -0.189253 -0.133946 -0.193320 -0.018408 -0.000016 0.019780 0.086837 1.023177 0.699238 0.437250 -0.053403 -0.766623 -1.035401 -0.026890 -0.007739 -0.000339 0.000240 0.000379 0.001084 0.000181 0.000246 0.001020 0.028512 1.777001 1.686685 1.744263
-0.000070 0.000070 0.008819 0.024677 0.069849 0.119007 0.063141 0.077704 -0.000000 0.029963 0.090413 0.065612 0.367132 0.557375 0.230172 0.113841 -0.015559 -0.000000 0.094040 -0.068809 -0.230398 -0.334821 -0.435299 -0.585028 -0.799016 -1.057110 -1.816005 -2.072180 -2.416314 -2.533741 -2.893423 -3.894626 -3.065827 -1.218103 -0.764502 -0.514762 -0.014440 -0.000001 0.025232 1.151080 2.331878 1.915172 1.164733 0.458155 0.689664 0.036327 -0.021575 -0.012093 -0.000001 0.020208 0.044085 0.060966 0.009572 0.001271 0.000031 0.010986 1.036086 0.518251 0.599205
