use_cases/Flooding_chicago/flooding_data/output/hUx_2760.asc
ncols 337
nrows 393
xllcorner 428428.000000
yllcorner 4602440.000000
cellsize 26.757400
NODATA_value -9999.000000
[rows 260 to 285 of 393, columns 0 to 58 of 337]
-9999.000000 -9999.000000 -9999.000000 -9999.000000 -9999.000000 -9999.000000 -9999.000000 -9999.000000 -9999.000000 -9999.000000 -9999.000000 -9999.000000 -9999.000000 -9999.000000 -9999.000000 -9999.000000 -9999.000000 -9999.000000 -9999.000000 -9999.000000 -9999.000000 -9999.000000 -9999.000000 -9999.000000 -9999.000000 -9999.000000 -9999.000000 -9999.000000 -9999.000000 -0.001722 -0.267702 -0.968768 -1.796121 -1.733864 -1.902188 -1.629166 -1.675598 -2.105721 -1.840987 -1.608804 -1.693822 -1.563673 -1.509097 -0.976796 -0.975955 -1.248141 -1.103959 -1.017758 -1.073434 -1.006300 -0.861524 -0.604894 -0.473744 -0.328347 -0.195400 -0.040436 0.088566 0.242173 -0.061272
-9999.000000 -9999.000000 -9999.000000 -9999.000000 -9999.000000 -9999.000000 -9999.000000 -9999.000000 -9999.000000 -9999.000000 -9999.000000 -9999.000000 -9999.000000 -9999.000000 -9999.000000 -9999.000000 -9999.000000 -9999.000000 -9999.000000 -9999.000000 -9999.000000 -9999.000000 -9999.000000 -9999.000000 -9999.000000 -9999.000000 -9999.000000 -9999.000000 -9999.000000 0.000000 0.013102 0.294376 -0.379466 -0.825270 -1.151304 -0.718467 -1.206593 -1.486868 -1.355016 -1.499523 -1.268110 -1.363526 -1.525356 -0.975422 -0.942835 -1.122152 -0.965128 -0.904529 -0.917516 -0.731012 -0.661577 -0.423655 -0.250929 -0.222153 -0.173416 -0.052270 -0.183298 -0.803657 -0.198154
-9999.000000 -9999.000000 -9999.000000 -9999.000000 -9999.000000 -9999.000000 -9999.000000 -9999.000000 -9999.000000 -9999.000000 -9999.000000 -9999.000000 -9999.000000 -9999.000000 -9999.000000 -9999.000000 -9999.000000 -9999.000000 -9999.000000 -9999.000000 -9999.000000 -9999.000000 -9999.000000 -9999.000000 -9999.000000 -9999.000000 -9999.000000 -9999.000000 -9999.000000 0.000000 0.007978 0.055215 -0.003385 -0.980007 -1.301173 -1.381072 -1.195806 -1.617584 -1.830721 -1.606385 -1.575520 -1.364712 -0.952769 -0.950529 -0.897202 -0.833948 -1.008556 -0.847482 -0.672672 -0.614392 -0.330309 -0.111584 -0.037758 -0.006497 -0.044159 -0.048151 -0.068891 -0.111446 -0.149220
-9999.000000 -9999.000000 -9999.000000 -9999.000000 -9999.000000 -9999.000000 -9999.000000 -9999.000000 -9999.000000 -9999.000000 -9999.000000 -9999.000000 -9999.000000 -9999.000000 -9999.000000 -9999.000000 -9999.000000 -9999.000000 -9999.000000 -9999.000000 -9999.000000 -9999.000000 -9999.000000 -9999.000000 -9999.000000 -9999.000000 -9999.000000 -9999.000000 -9999.000000 0.000000 0.013182 0.056897 0.020680 -0.305155 -0.507150 -0.997340 -0.864190 -0.787134 -1.027147 -1.204008 -1.265336 -1.233886 -0.840119 -0.841601 -1.106240 -1.075074 -1.102437 -1.024275 -0.853617 -0.678556 -0.598365 -0.361145 -0.370747 -0.467096 -0.038596 -0.040239 -0.018207 -0.032698 -0.044529
-9999.000000 -9999.000000 -9999.000000 -9999.000000 -9999.000000 -9999.000000 -9999.000000 -9999.000000 -9999.000000 -9999.000000 -9999.000000 -9999.000000 -9999.000000 -9999.000000 -9999.000000 -9999.000000 -9999.000000 -9999.000000 -9999.000000 -9999.000000 -9999.000000 -9999.000000 -9999.000000 -9999.000000 -9999.000000 -9999.000000 -9999.000000 -0.001748 -0.000289 0.000420 0.017184 0.076339 0.021366 0.020327 0.025790 -0.367823 -0.425772 -0.430121 -0.421364 -0.658977 -0.808724 -0.970076 -0.959073 -0.876480 -0.854408 -0.873137 -0.903409 -0.944135 -0.947740 -0.836332 -0.719110 -0.705277 -0.604083 -0.667425 -0.057450 -0.063151 -0.026260 -0.034446 -0.061433
-9999.000000 -9999.000000 -9999.000000 -9999.000000 -9999.000000 -9999.000000 -9999.000000 -9999.000000 -9999.000000 -9999.000000 -9999.000000 -9999.000000 -9999.000000 -9999.000000 -9999.000000 -9999.000000 -9999.000000 -9999.000000 -9999.000000 -9999.000000 -9999.000000 -9999.000000 -9999.000000 0.000022 0.001769 0.001031 0.006279 -0.000631 0.000468 0.010313 0.009647 0.004732 0.002040 0.014347 0.037079 0.467968 0.123786 0.027235 -0.031657 -0.105172 -0.189946 -0.373349 -0.353650 -0.277071 -0.164302 -0.023012 0.160460 -0.051358 -0.424503 -0.752457 -0.710844 -0.544370 -0.584803 -0.656525 -0.081579 -0.139588 -0.042265 -0.005484 -0.029098
-9999.000000 -9999.000000 -9999.000000 -9999.000000 -9999.000000 -9999.000000 -9999.000000 -9999.000000 -9999.000000 -9999.000000 -9999.000000 -9999.000000 -9999.000000 -9999.000000 -9999.000000 -9999.000000 -9999.000000 -9999.000000 -9999.000000 -9999.000000 -9999.000000 -9999.000000 -0.000422 0.000594 0.012193 0.103611 0.030258 -0.000797 0.000993 0.008157 0.005880 0.004361 0.002823 0.052279 0.078023 0.745487 0.532836 0.401332 0.271948 0.076343 -0.127204 -0.499705 -0.574570 -0.594228 -0.366996 -0.192620 -0.011184 -0.000066 0.000062 0.018664 0.258753 -0.000281 0.000529 -0.262776 -0.065700 -0.103286 -0.044767 -0.012521 -0.000000
-9999.000000 -9999.000000 -9999.000000 -9999.000000 -9999.000000 -9999.000000 -9999.000000 -9999.000000 -9999.000000 -9999.000000 -9999.000000 -9999.000000 -9999.000000 -9999.000000 -9999.000000 -9999.000000 -9999.000000 -9999.000000 -9999.000000 -9999.000000 -9999.000000 -0.000761 0.000611 0.001233 0.008559 0.096602 0.021955 -0.000672 0.001232 0.018568 0.184311 0.001279 0.003063 0.115729 0.162895 1.094214 1.074583 0.822083 0.306492 0.102436 -0.113480 -0.572531 -0.518653 -0.466070 -0.607092 -0.040317 -0.019364 -0.000169 0.000142 0.007192 0.015043 0.001491 0.001090 -0.013959 -0.102896 -0.048363 -0.052944 -0.012816 -0.000022
-9999.000000 -9999.000000 -9999.000000 -9999.000000 -9999.000000 -9999.000000 -9999.000000 -9999.000000 -9999.000000 -9999.000000 -9999.000000 -9999.000000 -9999.000000 -9999.000000 -9999.000000 -9999.000000 -9999.000000 -9999.000000 -9999.000000 -9999.000000 -0.000805 0.001569 0.002018 0.010479 -0.253842 -0.094886 -0.001764 0.000063 0.001589 -0.019940 0.075772 0.654029 0.864462 1.172695 1.592547 1.533893 0.961940 0.610593 -0.011951 -0.006944 0.000754 -0.015046 -0.136005 -0.225344 -0.186513 -0.027044 -0.005604 -0.000365 0.000147 0.000704 0.000774 0.000563 0.009896 0.022926 -0.037280 -0.069202 -0.059122 -0.012667 -0.000408
-9999.000000 -9999.000000 -9999.000000 -9999.000000 -9999.000000 -9999.000000 -9999.000000 -9999.000000 -9999.000000 -9999.000000 -9999.000000 -9999.000000 -9999.000000 -9999.000000 -9999.000000 -9999.000000 -9999.000000 -9999.000000 -9999.000000 0.000000 0.001225 0.003955 0.077792 -0.199543 -0.816699 -0.401009 -0.012588 0.000000 0.043016 0.464215 0.524036 1.139616 1.208918 1.433555 1.189349 0.183794 0.088147 0.021136 0.001881 0.007785 0.016994 -0.441935 -0.480793 -0.405274 -0.288018 -0.233439 -0.019164 -0.008559 -0.000817 -0.000697 0.000126 0.000599 -0.001941 -0.022463 -0.013042 -0.001923 -0.002766 -0.001539 -0.003979
-9999.000000 -9999.000000 -9999.000000 -9999.000000 -9999.000000 -9999.000000 -9999.000000 -9999.000000 -9999.000000 -9999.000000 -9999.000000 -9999.000000 -9999.000000 -9999.000000 -9999.000000 -9999.000000 -9999.000000 -9999.000000 -0.000530 0.000000 0.000281 0.001085 0.119954 -0.588777 -0.572747 -0.477050 -0.165480 -0.113435 0.014857 0.155601 0.379380 0.481035 0.452652 0.402358 0.004269 -0.006782 -0.003591 0.001968 0.013083 0.008950 0.008685 0.001801 -0.634084 -0.704725 -0.713316 -1.068322 -0.349952 -0.016788 -0.009866 -0.001085 -0.001571 -0.002635 -0.002290 -0.004419 -0.001924 -0.003632 -0.009937 -0.001107 -0.002070
-9999.000000 -9999.000000 -9999.000000 -9999.000000 -9999.000000 -9999.000000 -9999.000000 -9999.000000 -9999.000000 -9999.000000 -9999.000000 -9999.000000 -9999.000000 -9999.000000 -9999.000000 -9999.000000 -9999.000000 -9999.000000 -0.009365 -0.005237 0.000000 0.008912 0.109763 0.628104 0.754890 0.771621 0.826324 1.209960 1.015437 2.324170 1.893737 1.296812 0.892117 0.680256 -0.063303 -0.024808 -0.029933 -0.001411 -0.000123 0.002966 0.002162 0.003554 0.046410 -0.659458 -0.826738 -1.528610 -0.922546 -0.716303 -0.302917 -0.059827 -0.093360 -0.067699 -0.002145 -0.004413 -0.004055 -0.007382 -0.024427 -0.001534 -0.000701
-9999.000000 -9999.000000 -9999.000000 -9999.000000 -9999.000000 -9999.000000 -9999.000000 -9999.000000 -9999.000000 -9999.000000 -9999.000000 -9999.000000 -9999.000000 -9999.000000 -9999.000000 -9999.000000 -9999.000000 -0.002425 -0.011428 -0.013912 -0.000681 0.001000 0.014431 1.125905 0.757691 0.240684 -0.036950 -0.023912 0.001317 0.005072 -0.792121 -1.447850 -1.853422 -1.971131 -0.252551 -0.037034 -0.073567 -0.005766 -0.004111 0.002490 0.003629 0.014246 0.010415 0.003370 -0.167496 -0.507889 -0.316244 -0.546415 -0.418264 -0.489167 -0.084924 -0.074799 -0.069303 -0.146237 -0.013326 0.000000 -0.137780 -0.011000 0.000000
-9999.000000 -9999.000000 -9999.000000 -9999.000000 -9999.000000 -9999.000000 -9999.000000 -9999.000000 -9999.000000 -9999.000000 -9999.000000 -9999.000000 -9999.000000 -9999.000000 -9999.000000 -9999.000000 -9999.000000 -0.004174 -0.014040 -0.011317 -0.000364 0.000421 0.004816 0.145312 0.083313 0.066392 0.382626 0.310259 -0.093758 -0.001422 0.000231 0.004285 0.161012 -0.906431 -0.460408 -0.593763 -0.183655 -0.009854 -0.016162 -0.001569 0.004177 0.004653 0.003055 0.000742 -0.177915 -0.262247 -0.165150 -0.046245 -0.060697 -0.077046 -0.090360 -0.114948 -0.243751 -0.041970 -0.019238 0.000000 -0.169512 -0.014121 0.000000
-9999.000000 -9999.000000 -9999.000000 -9999.000000 -9999.000000 -9999.000000 -9999.000000 -9999.000000 -9999.000000 -9999.000000 -9999.000000 -9999.000000 -9999.000000 -9999.000000 -9999.000000 -9999.000000 -9999.000000 -9999.000000 -0.023911 -0.023950 -0.009182 0.000012 0.019586 -0.005809 0.000449 0.037093 0.079114 -0.038111 -0.143603 -0.019061 -0.001732 0.000205 0.000394 0.012452 0.015511 -0.120387 -0.271278 -0.301626 -0.062051 -0.046329 -0.000702 -0.000209 0.000087 0.000249 -0.016610 -0.057690 -0.162684 -0.079898 -0.092259 -0.078474 -0.061408 -0.093225 -0.254703 -0.056962 -0.018288 -0.025037 -0.002676 -0.002807 0.001996
-9999.000000 -9999.000000 -9999.000000 -9999.000000 -9999.000000 -9999.000000 -9999.000000 -9999.000000 -9999.000000 -9999.000000 -9999.000000 -9999.000000 -9999.000000 -9999.000000 -9999.000000 -9999.000000 -9999.000000 -9999.000000 -9999.000000 -0.016530 -0.013442 -0.000999 -0.000235 0.000546 0.001100 -0.001361 -0.003325 -0.028571 -0.143564 -0.057481 -0.027332 -0.000001 0.005098 0.017955 0.001273 0.000452 -0.195370 -0.375427 -0.301988 -0.111997 -0.008762 -0.001125 -0.000051 0.000246 0.009141 0.072413 -0.045404 -0.060932 -0.095060 -0.261419 -0.265687 -0.350945 -0.019320 -0.003888 -0.012246 -0.002590 -0.002846 0.001684 0.003267
-9999.000000 -9999.000000 -9999.000000 -9999.000000 -9999.000000 -9999.000000 -9999.000000 -9999.000000 -9999.000000 -9999.000000 -9999.000000 -9999.000000 -9999.000000 -9999.000000 -9999.000000 -9999.000000 -9999.000000 -9999.000000 -9999.000000 -9999.000000 -9999.000000 -0.010746 -0.004589 -0.000040 0.007436 0.011525 0.000762 0.000280 -0.109253 -0.075201 -0.040328 -0.000055 0.010956 0.016453 0.001553 0.000971 0.006254 -0.017518 -0.182054 -0.208170 -0.017323 -0.011685 -0.000360 0.000360 0.007624 0.080327 0.033238 0.156591 0.323062 0.122042 -0.018174 -0.508623 -0.048909 -0.000751 -0.001937 -0.003047 0.000000 0.003951 0.002924
-9999.000000 -9999.000000 -9999.000000 -9999.000000 -9999.000000 -9999.000000 -9999.000000 -9999.000000 -9999.000000 -9999.000000 -9999.000000 -9999.000000 -9999.000000 -9999.000000 -9999.000000 -9999.000000 -9999.000000 -9999.000000 -9999.000000 -9999.000000 -9999.000000 -9999.000000 -9999.000000 -0.001274 -0.001130 -0.000635 0.000013 0.000140 -0.002073 -0.009550 0.018159 -0.001332 -0.000373 0.000726 0.000723 0.000000 0.006318 0.016277 0.120366 -0.251615 -0.294493 -0.007675 -0.000360 0.000360 0.011264 0.117642 0.058096 0.198329 0.159482 0.074994 -0.033104 -0.286253 -0.040724 -0.009438 -0.025107 -0.003124 -0.000074 0.002747 0.019898
-9999.000000 -9999.000000 -9999.000000 -9999.000000 -9999.000000 -9999.000000 -9999.000000 -9999.000000 -9999.000000 -9999.000000 -9999.000000 -9999.000000 -9999.000000 -9999.000000 -9999.000000 -9999.000000 -9999.000000 -9999.000000 -9999.000000 -9999.000000 -9999.000000 -9999.000000 -9999.000000 -0.002721 -0.006395 -0.023227 -0.005537 -0.000003 0.007254 0.015931 0.212712 -0.002292 -0.003230 -0.000364 0.000699 0.000000 0.003663 0.007360 0.114110 0.161527 -0.035730 -0.068659 -0.002515 0.005458 0.004418 0.024651 0.022612 0.011445 -0.002450 -0.005626 -0.011679 -0.024807 -0.066849 -0.025086 -0.001956 -0.002335 0.001258 0.002026 0.009674
-9999.000000 -9999.000000 -9999.000000 -9999.000000 -9999.000000 -9999.000000 -9999.000000 -9999.000000 -9999.000000 -9999.000000 -9999.000000 -9999.000000 -9999.000000 -9999.000000 -9999.000000 -9999.000000 -9999.000000 -9999.000000 -9999.000000 -9999.000000 -9999.000000 -9999.000000 -9999.000000 -9999.000000 -0.001517 -0.002093 -0.002316 -0.000208 0.000326 0.016910 0.211899 -0.053571 -0.016487 0.000001 0.004398 0.001207 0.008709 0.141682 0.070529 0.038913 0.021062 0.010602 0.009487 0.010273 0.098993 0.053216 -0.003507 -0.035184 -0.003184 -0.008811 -0.018301 -0.026304 -0.058106 -0.027387 -0.001063 -0.000440 0.000758 0.010519 0.062071
-9999.000000 -9999.000000 -9999.000000 -9999.000000 -9999.000000 -9999.000000 -9999.000000 -9999.000000 -9999.000000 -9999.000000 -9999.000000 -9999.000000 -9999.000000 -9999.000000 -9999.000000 -9999.000000 -9999.000000 -9999.000000 -9999.000000 -9999.000000 -9999.000000 -9999.000000 -9999.000000 -9999.000000 -9999.000000 -9999.000000 -9999.000000 -0.001662 -0.000060 0.000475 0.006761 -0.065798 -0.021766 0.000046 0.020688 0.082556 0.208910 0.127664 0.092193 0.067258 0.044664 0.029480 0.022354 0.015371 0.054158 -0.014913 -0.065631 -0.132446 -0.223048 -0.008200 -0.015029 -0.018665 -0.002130 -0.007540 -0.000249 0.000166 0.012151 0.031875 0.014963
-9999.000000 -9999.000000 -9999.000000 -9999.000000 -9999.000000 -9999.000000 -9999.000000 -9999.000000 -9999.000000 -9999.000000 -9999.000000 -9999.000000 -9999.000000 -9999.000000 -9999.000000 -9999.000000 -9999.000000 -9999.000000 -9999.000000 -9999.000000 -9999.000000 -9999.000000 -9999.000000 -9999.000000 -9999.000000 -9999.000000 -9999.000000 -9999.000000 -9999.000000 -9999.000000 0.000000 0.000710 0.000477 0.001051 0.029530 0.062851 0.011005 0.028345 0.024039 0.031077 0.031961 0.026238 0.018732 0.011323 0.000000 0.007434 0.368683 -0.051804 -0.236929 -0.504782 -0.032356 -0.006989 0.000000 0.004427 0.000831 0.001060 0.000513 0.003652 0.004061
-9999.000000 -9999.000000 -9999.000000 -9999.000000 -9999.000000 -9999.000000 -9999.000000 -9999.000000 -9999.000000 -9999.000000 -9999.000000 -9999.000000 -9999.000000 -9999.000000 -9999.000000 -9999.000000 -9999.000000 -9999.000000 -9999.000000 -9999.000000 -9999.000000 -9999.000000 -9999.000000 -9999.000000 -9999.000000 -9999.000000 -9999.000000 -9999.000000 -9999.000000 -9999.000000 -9999.000000 -0.000820 -0.000595 0.000835 0.002886 0.001247 0.000404 0.006490 0.009944 0.004067 0.020324 0.022451 0.014599 0.005723 0.000000 0.009422 -0.158367 -0.425915 -0.361277 -0.470380 -0.017708 -0.007100 0.000000 0.017409 0.027086 0.066221 -0.039543 -0.087036 0.000316
-9999.000000 -9999.000000 -9999.000000 -9999.000000 -9999.000000 -9999.000000 -9999.000000 -9999.000000 -9999.000000 -9999.000000 -9999.000000 -9999.000000 -9999.000000 -9999.000000 -9999.000000 -9999.000000 -9999.000000 -9999.000000 -9999.000000 -9999.000000 -9999.000000 -9999.000000 -9999.000000 -9999.000000 -9999.000000 -9999.000000 -9999.000000 -9999.000000 -9999.000000 -9999.000000 -9999.000000 -9999.000000 -9999.000000 -0.001367 -0.000168 0.000078 0.000413 0.012656 0.029313 0.045952 0.076649 0.033571 0.202272 0.224077 0.267691 0.280468 0.758789 0.639217 0.425774 0.125418 -0.002536 -0.016861 -0.000129 0.001240 0.091057 -0.089425 -0.126166 -0.122493 0.000016
-9999.000000 -9999.000000 -9999.000000 -9999.000000 -9999.000000 -9999.000000 -9999.000000 -9999.000000 -9999.000000 -9999.000000 -9999.000000 -9999.000000 -9999.000000 -9999.000000 -9999.000000 -9999.000000 -9999.000000 -9999.000000 -9999.000000 -9999.000000 -9999.000000 -9999.000000 -9999.000000 -9999.000000 -9999.000000 -9999.000000 -9999.000000 -9999.000000 -9999.000000 -9999.000000 -9999.000000 -9999.000000 -9999.000000 -0.002421 -0.000415 -0.000422 0.000236 0.000518 0.008262 0.017968 0.067278 0.030137 0.128283 0.140786 0.182346 0.223779 0.218196 0.351321 0.320346 0.357298 0.152868 0.132946 -0.000150 0.000507 0.162375 0.282255 0.321125 0.425146 0.158751
-9999.000000 -9999.000000 -9999.000000 -9999.000000 -9999.000000 -9999.000000 -9999.000000 -9999.000000 -9999.000000 -9999.000000 -9999.000000 -9999.000000 -9999.000000 -9999.000000 -9999.000000 -9999.000000 -9999.000000 -9999.000000 -9999.000000 -9999.000000 -9999.000000 -9999.000000 -9999.000000 -9999.000000 -9999.000000 -9999.000000 -9999.000000 -9999.000000 -9999.000000 -9999.000000 -9999.000000 -9999.000000 -9999.000000 0.000000 -0.000667 -0.001508 0.000007 0.009274 0.022511 0.033294 0.030332 0.067294 0.016764 0.005939 0.003398 0.002173 0.086630 0.085545 0.100754 0.420470 0.172996 0.161042 0.146512 0.000025 0.026091 0.051287 0.436012 0.170650 0.147867
