use_cases/Flooding_chicago/flooding_data/output/hUx_1380.asc
ncols 337
nrows 393
xllcorner 428428.000000
yllcorner 4602440.000000
cellsize 26.757400
NODATA_value -9999.000000
[rows 182 to 207 of 393, columns 59 to 117 of 337]
0.005878 0.020646 0.005872 0.004248 0.002843 0.001887 0.001439 0.012130 0.028798 0.239533 -0.001162 0.000736 0.012869 0.023208 0.006638 0.053025 0.052711 -0.164259 -0.346610 -0.405270 -0.293620 -0.066135 -0.031837 -0.005800 -0.000222 0.000222 0.011581 0.050167 0.006321 0.000024 0.490709 1.237758 0.253733 -0.320519 -0.105803 -0.017869 -0.000401 0.000555 0.006855 0.031617 0.031071 0.136697 0.140606 0.219786 0.542406 0.806733 2.007249 2.082359 1.492934 1.109124 0.722081 0.859008 -0.002494 -0.005378 -0.009306 -0.044021 -0.011988 0.000000 0.009944
0.005878 0.014730 0.003639 0.002126 0.002412 0.001961 0.001225 0.004521 0.004335 0.007519 -0.002116 0.000695 0.001845 0.011783 0.028148 0.065155 0.125556 -0.065595 -0.254818 -0.043544 -0.002183 -0.007493 -0.022157 -0.056535 -0.005786 -0.000020 0.000428 0.004084 0.005753 0.000960 0.006402 0.640203 -0.025967 -0.023574 -0.019862 -0.014861 -0.000330 0.000396 0.006778 0.026812 0.141181 0.052658 0.052482 0.459270 0.657977 1.916590 2.435461 1.381796 0.606843 0.013339 0.014436 -0.311670 -0.354664 -0.283134 -0.541240 -0.820826 -0.017861 -0.000088 0.000703
0.000526 0.002380 0.001324 0.001765 0.000556 0.000604 0.000428 0.019848 0.079383 -0.032736 -0.002637 0.000551 0.002574 0.016997 0.022739 0.045358 0.412997 0.041007 -0.429978 -0.024980 -0.000519 0.000233 0.010359 0.015410 0.117972 0.002040 0.000815 0.001598 0.001129 0.009652 0.023889 0.149988 -0.051701 -0.019467 -0.009843 -0.001324 -0.000034 0.000261 0.010667 0.024723 0.016584 0.002938 0.154121 0.482863 0.920996 0.834559 0.676008 -0.061496 -0.000441 0.000346 0.026406 0.340811 0.204350 0.209702 0.429588 -0.384413 -0.387492 -0.102165 0.000021
0.001265 0.007729 0.006805 0.018605 0.007042 0.002175 0.000870 -0.004085 0.000766 -0.001677 -0.003009 0.000000 0.007755 0.017490 0.034770 0.010481 0.222102 0.191269 -0.411410 -0.012629 -0.001158 -0.000286 0.001025 0.015776 0.013173 0.015301 0.003972 0.001942 0.000736 0.009902 -0.265462 -0.311924 -0.013801 0.061865 -0.000558 0.000088 0.000440 -0.000066 0.000123 0.000965 0.015525 0.255552 0.569882 1.178828 1.013944 0.933620 0.698114 -0.049923 -0.001075 0.000457 0.038495 0.001741 -0.225957 -0.195520 -0.301689 -0.069247 -0.081141 -0.192477 -0.235711
0.057979 0.025490 0.019979 0.101507 0.273622 0.182694 0.105863 0.048285 0.019695 0.015787 -0.001078 0.001144 0.013010 0.030772 0.035509 0.084723 0.086676 0.383874 0.153144 -0.042671 -0.009637 -0.001297 0.000801 0.001271 0.026782 0.086004 0.125039 0.381798 0.956844 0.809701 1.097312 1.552464 1.743637 1.519951 0.794128 0.496453 0.873278 0.914630 0.835035 0.740211 0.780836 0.803049 0.789263 1.045658 0.983416 0.935776 0.658839 0.124122 -0.001210 -0.002657 -0.000007 0.007578 0.051278 -0.058890 -0.034037 -0.000477 -0.000000 0.000477 -0.064515
0.063307 0.023202 0.014908 0.006800 0.017294 0.212922 0.129976 0.140854 -0.041770 -0.039325 -0.000804 0.000851 0.023827 0.027474 0.058059 0.028612 -0.032221 0.123996 0.275155 0.295786 -0.023450 -0.000749 0.000131 0.000833 0.013607 0.034419 0.397166 0.910804 0.687799 0.334468 0.124769 0.254285 0.849830 1.298534 0.892042 2.163177 1.907053 1.626675 1.040488 1.376842 1.017063 0.790967 0.552084 0.750826 0.726834 0.658475 0.351422 0.197067 -0.005879 -0.012372 -0.000352 0.000352 0.044101 -0.087949 -0.161458 -0.031866 -0.000000 -0.150354 -0.215593
0.031214 0.217065 0.000920 0.002402 0.008821 0.005057 0.096588 0.623340 0.575930 0.156136 -0.000390 0.000399 0.029572 1.024666 0.001697 0.006653 -0.021339 0.061629 0.161085 0.176065 -0.003071 -0.001117 0.000005 0.000972 0.001623 0.018593 0.132939 0.112987 0.801081 0.627486 0.462570 0.631912 0.648880 0.826131 0.819448 1.091862 0.764595 0.229482 0.143580 0.137314 -0.374186 -0.417593 -0.085851 0.416439 0.434844 0.480582 0.242498 0.100754 0.031208 -0.207626 -0.020359 0.000007 0.091059 -0.191334 -0.299353 -0.732386 -0.198558 -0.295384 -0.131164
0.012665 0.190589 -0.000414 0.000775 0.008731 0.006636 0.079315 0.667876 0.837037 0.151302 0.005549 0.001692 0.013470 0.060861 0.023422 -0.011277 0.085309 0.396391 0.220057 -0.091582 -0.439048 -0.008385 0.000000 0.000414 0.000410 0.076735 0.104296 0.090782 -0.000413 0.000302 -0.052330 -0.008235 0.000000 0.009839 0.585942 0.404348 0.291066 0.196010 0.116669 0.136878 -0.180645 -0.341006 -0.074945 0.390703 0.649002 0.516699 0.320015 0.209039 0.116590 -0.074888 -0.002995 0.000476 0.051489 -0.132984 -0.649870 -0.731081 -1.051883 -0.363559 -0.008082
0.035203 0.025585 0.009683 0.000034 0.005582 0.006220 0.003222 0.010123 0.104014 0.056562 0.000372 0.007269 0.026478 0.376356 0.389152 0.360448 0.349447 0.500489 0.863057 0.947403 0.953327 0.621051 0.576850 0.484840 0.440009 1.135388 0.352544 0.287608 -0.000734 -0.000484 -0.000636 -0.000402 0.000027 0.005218 0.011815 0.010599 0.159497 0.067122 -0.003664 -0.527863 -0.693669 -0.628696 -0.331887 0.045766 -0.035733 -0.217647 -0.376254 -0.303433 -0.230614 -0.006177 -0.000664 0.000037 0.000634 0.000433 -0.000082 -0.006016 -0.050918 -0.016526 -0.007728
0.176916 0.066684 0.000283 0.000109 0.001014 0.002737 0.001846 0.013072 0.142038 0.081287 0.156503 0.159543 0.727806 0.653539 0.612614 0.696406 1.064783 1.088758 1.605722 1.946941 1.857982 2.106474 3.384926 2.723026 2.998638 2.055264 2.998125 1.886687 0.584952 0.285356 0.267648 0.556740 -0.029705 0.000102 0.000680 0.076387 0.030462 -0.252583 -0.608333 -0.876962 -0.976454 -1.089846 -0.387848 0.044615 0.137102 0.027533 -0.110798 -0.188742 -0.181732 -0.231449 -0.006979 -0.000944 -0.000185 0.000142 0.000674 0.000181 -0.002050 -0.023049 -0.011218
0.260635 0.130795 -0.001994 -0.002011 0.000064 0.001614 0.004395 0.003267 0.093681 0.217037 0.101111 0.311727 0.077629 0.211731 0.330263 0.494627 0.693737 1.190668 1.442137 1.942060 1.868418 2.006568 2.360520 1.920905 2.184645 3.161317 3.186680 2.640851 2.343256 3.249310 3.078292 3.213748 1.846666 0.252926 0.102503 0.310580 0.618510 0.318012 0.215580 0.184465 -0.007714 -0.229579 0.208992 0.448698 0.254023 -0.304784 -0.652494 -1.045037 -1.332608 -1.658644 -0.017990 -0.006455 -0.000991 -0.001882 -0.000928 -0.000353 0.000506 0.015686 0.037171
0.097900 0.090062 0.046306 -0.000399 0.000560 0.000247 0.000283 0.021737 0.169249 0.377850 0.983039 0.747779 0.484833 0.656986 0.374302 0.388567 0.371054 0.464347 0.730453 0.739748 0.650086 0.734736 0.551665 0.611370 0.591042 0.916414 0.836703 0.469781 1.751169 3.013113 3.558108 3.045836 1.765083 1.873644 1.587654 1.054109 2.138106 1.978442 1.802951 1.645010 1.278916 0.910048 1.125792 0.996974 1.644923 2.478462 1.839532 1.654053 1.019348 0.307020 -0.752124 -0.103507 -0.018137 -0.009462 -0.001413 -0.000673 0.001462 0.028553 0.417873
0.165745 0.248441 0.158235 0.077958 0.018095 0.001367 -0.000135 0.001592 0.051753 0.190584 0.869243 0.762926 0.681974 0.554314 0.325373 0.217163 0.121518 0.120062 0.184724 0.218859 0.206114 0.140436 -0.171307 -0.005938 0.006095 0.011926 0.016082 0.010423 0.022881 0.737784 0.992217 1.430612 1.342891 1.775265 1.690473 2.785683 2.211684 2.865867 2.766608 2.701880 2.446960 1.948331 1.865101 1.124934 1.182359 0.709295 0.801783 1.126339 0.814596 0.574190 -0.154838 -0.177230 -0.201373 -0.011180 -0.001546 -0.001131 0.001617 0.036596 0.369151
0.084957 0.177018 0.099922 0.320286 0.291016 0.140988 0.043120 -0.000250 0.004354 0.058852 0.247651 0.083598 0.038817 -0.013111 -0.131922 -0.171706 -0.183856 -0.082913 0.133016 0.285997 0.377990 0.386667 -0.034374 0.004782 0.005973 0.005192 0.006302 0.009429 0.027175 -0.141390 -0.398949 -0.195233 0.178421 0.126725 0.903208 3.125776 0.369255 0.110165 0.027647 0.947717 1.196642 1.772462 0.866207 0.268097 0.193642 -0.006322 -0.007818 -0.039400 -0.005734 -0.000267 0.000013 0.000293 -0.067687 -0.156620 -0.023371 -0.008532 0.000000 0.005350 -0.298825
0.110648 0.353383 0.336345 0.401640 0.382930 0.696821 0.045635 -0.140289 0.000671 0.006679 0.007189 -0.013878 -0.000324 0.012003 -0.069118 -0.087612 -0.074676 0.052679 0.239775 0.367322 0.481026 0.158447 -0.000614 -0.003243 -0.000602 0.000963 0.000713 0.022526 0.305792 -0.420617 -1.002253 -0.801899 0.056288 0.089286 -0.018821 -0.016449 -0.006078 -0.000066 0.000287 0.010723 0.045111 0.575390 0.239386 -0.079807 0.132969 -0.002709 -0.020943 -0.022687 -0.018220 -0.005982 0.000003 0.006222 0.012931 -0.001406 -0.018410 -0.010664 -0.000067 0.000464 -0.073689
0.068117 0.372244 0.377358 0.456853 0.399741 1.004043 0.796548 0.708347 0.382484 0.327406 0.272495 0.175696 0.296757 0.195061 0.099546 0.028618 -0.027688 0.005106 0.101433 0.166435 -0.186364 -0.017228 -0.000344 -0.000497 -0.000412 0.009801 0.001859 0.009439 0.012642 0.000369 -0.000116 0.000384 -0.199217 -0.187103 -0.017232 -0.005496 -0.000100 0.000120 0.004865 0.011095 0.020127 0.394956 0.371452 -0.126181 -0.049881 -0.001011 -0.006078 -0.007932 -0.004596 -0.000326 0.000208 0.007370 0.009749 0.013186 0.067940 -0.280706 -0.304303 -0.011447 0.000000
0.055458 0.030012 0.011471 0.004065 0.242594 1.128295 0.997172 0.784167 0.827234 0.516845 0.429871 0.562950 0.556651 0.475214 0.348295 0.333189 0.319960 0.190032 0.110822 -0.288052 -0.037058 -0.018039 -0.008895 0.000003 0.009147 0.091092 -0.000124 0.000095 0.000312 0.000374 0.001180 0.013621 -0.000077 -0.017759 -0.012553 -0.000340 -0.000000 0.000340 0.007962 0.014920 0.487947 0.502912 0.594995 0.137763 -0.245791 -0.004239 -0.029768 -0.025150 -0.011911 -0.000160 0.000143 0.013479 0.027632 0.121798 -0.988105 -0.946457 -0.778629 -0.347389 0.000000
0.013358 0.015781 0.008410 0.003734 0.001663 0.025715 0.483754 0.593784 0.275503 0.252299 0.000039 0.311211 0.380031 0.430394 0.305320 0.241442 0.023801 -0.000677 -0.002950 -0.026736 -0.035831 -0.014097 -0.000326 0.000208 0.002799 0.001352 -0.000372 -0.000206 0.000363 0.004393 0.010874 0.000652 -0.000155 -0.000078 -0.000169 0.000070 0.000234 0.007384 0.024927 0.443745 0.524406 0.566036 0.655575 0.064708 -0.191788 -0.130016 -0.355576 -0.018815 -0.006820 -0.000064 0.000062 0.008613 0.089462 -0.743665 -0.780978 -0.754426 -0.816007 -0.028400 0.000000
0.011571 0.031847 0.031442 0.003977 -0.000093 0.000391 0.036275 0.328062 0.280342 0.376898 0.453107 0.528322 0.524829 -0.000001 -0.114839 -0.213383 -0.039639 -0.002142 -0.001509 -0.004751 -0.047620 -0.016709 -0.000442 -0.000339 -0.000574 -0.002483 -0.012385 -0.006394 0.000007 0.012138 0.049810 -0.007550 -0.000222 0.000222 0.008922 0.048517 0.009298 0.004284 0.267622 0.084664 0.205511 0.335192 0.227748 -0.286730 -0.737477 -0.552995 -0.388603 -0.351550 -0.089227 -0.257669 -0.503332 -1.456597 -1.528676 -1.677267 -1.765585 -0.684554 -0.970116 -1.526975 -1.112549
0.067905 0.089726 0.111169 0.078957 0.046506 -0.001159 -0.000492 0.000644 0.240844 0.179368 0.090344 0.069984 -0.010317 -0.000047 -0.000337 -0.002396 -0.001284 0.000304 0.001907 0.000944 0.000092 0.000731 0.000099 -0.000552 -0.000535 -0.000011 -0.000447 0.000432 0.000332 0.000333 0.003324 0.000059 -0.000003 0.003873 0.013142 0.002365 0.005103 0.007428 0.275049 -0.023879 -0.095788 -0.180944 -0.506327 -1.224046 -1.246082 -1.505587 -2.585264 -1.996670 -2.774585 -2.289933 -2.570667 -2.076860 -1.763471 -0.851628 -0.025207 -0.005479 -0.533235 -0.945369 -0.833019
0.029545 0.038415 0.084396 0.103914 0.085955 0.063096 -0.000165 0.000138 0.028110 0.421348 0.220421 -0.027627 -0.010630 -0.001353 -0.000021 0.001317 0.007315 0.006915 0.002478 0.000000 0.004047 0.003771 0.001192 -0.011701 -0.117540 -0.111897 -0.000046 0.022409 0.019308 0.001960 0.086294 0.387182 0.014028 0.001845 -0.001491 -0.002380 0.000498 0.003821 0.022736 0.954579 0.654264 0.308348 -0.220588 -1.048219 -1.023072 -1.567601 -1.719661 -1.549499 -2.058908 -1.718632 -0.787204 -2.303801 -1.157090 -0.262002 -0.002171 -0.009058 -0.404907 -0.453883 -0.301367
0.002030 0.001285 0.001006 0.014882 -0.011384 -0.022894 -0.000330 0.000396 0.008248 0.016913 0.037498 -0.013898 -0.018580 -0.002650 -0.000069 0.001978 0.003166 0.001933 0.000317 0.000000 0.003885 0.002859 0.095313 -0.038108 -0.104525 -0.079318 -0.000003 0.022822 0.099603 0.138163 0.001880 0.019327 -0.015726 -0.097931 -0.177009 -0.016447 -0.000270 0.000998 0.030420 0.409356 0.329806 0.093420 -0.318687 -1.019192 -1.196441 -1.612743 -1.502669 -1.751580 -1.666443 -1.444279 -0.634937 -0.803579 -1.059912 -0.836658 -1.084586 -1.017198 -1.368679 -0.934985 -0.605325
0.000768 0.000961 0.000944 -0.029158 -0.073138 -0.101648 -0.000401 0.000555 0.008309 0.015998 0.181089 0.120207 -0.045797 -0.020637 -0.000083 0.000410 0.007163 0.052349 0.020383 0.006154 0.003711 -0.012477 -0.035320 -0.086318 -0.057368 -0.005378 0.000000 0.018477 -0.006611 -0.027153 -0.047532 -0.054263 -0.039775 -0.021474 0.013257 0.001122 -0.000248 0.000326 0.131957 0.275615 0.177785 0.181310 0.154830 0.014355 -0.079692 -0.187024 -0.164864 -0.136570 -0.131170 -0.013085 -0.010849 0.000000 -0.596266 -0.819813 -1.023207 -1.100389 -2.353600 -0.966039 -0.777366
-0.027386 -0.011657 -0.039379 -0.057424 -0.107484 -0.004115 -0.000013 0.010105 0.030415 0.474634 -0.004276 -0.018538 -0.012927 -0.006319 0.000000 0.001111 0.000760 0.004808 0.029547 0.016680 0.002932 -0.049612 -0.089113 -0.027232 -0.023021 -0.000548 0.000065 0.008544 0.007949 0.008205 -0.055379 -0.040781 -0.021080 0.023562 0.017833 0.023120 0.011134 0.002326 0.350493 0.288121 0.204843 0.149823 0.078161 -0.112891 -0.000618 0.004877 0.005088 0.077958 0.016663 -0.248826 -0.030019 0.000000 0.001761 0.000682 -0.001150 -0.004152 -0.023857 -0.937578 -1.048383
0.495169 0.221053 0.096477 -0.008482 -0.184508 -0.011453 -0.000000 0.009412 -0.053293 -0.155125 -0.015692 -0.008588 -0.006812 -0.000497 0.000072 0.001030 0.000774 0.012988 0.031666 0.028230 -0.022142 -0.070358 -0.144875 -0.040417 0.000000 0.003696 0.000689 0.072330 0.030128 0.037747 0.021970 0.017863 0.022790 0.034941 0.022929 0.342911 0.315554 0.431001 0.377891 0.336494 0.223994 0.120389 0.025556 -0.120745 -0.000234 0.005121 0.005069 0.015588 -0.109662 -0.064885 -0.051183 -0.008809 -0.007256 -0.004515 -0.001400 -0.000155 0.000331 -0.071227 -1.309249
-0.433584 -0.451219 -0.346538 -0.470965 -0.624441 -0.954887 -0.461783 -0.562585 -0.503856 -0.416711 -0.298954 -0.187118 -0.007137 -0.000228 -0.000098 0.000172 0.001185 0.000821 -0.158668 -0.253767 -0.393924 -0.582830 -0.158299 -0.023722 0.000000 0.010236 0.112787 0.096260 0.103751 0.239552 0.315550 0.267328 0.027772 0.035615 0.632780 0.907892 0.944439 1.121669 0.993232 0.608017 0.283823 -0.049261 -0.248961 -0.106310 0.043227 0.045962 0.011824 -0.003520 -0.224949 -0.095985 -0.050364 -0.015651 -0.297724 -0.060704 -0.012505 -0.000708 -0.000062 0.000666 0.015778
