use_cases/Flooding_chicago/flooding_data/output/hUx_2280.asc
ncols 337
nrows 393
xllcorner 428428.000000
yllcorner 4602440.000000
cellsize 26.757400
NODATA_value -9999.000000
[rows 130 to 155 of 393, columns 59 to 117 of 337]
-9999.000000 -9999.000000 -9999.000000 -9999.000000 -9999.000000 -9999.000000 -9999.000000 -9999.000000 -9999.000000 -9999.000000 -9999.000000 -9999.000000 -9999.000000 -9999.000000 -9999.000000 -9999.000000 -9999.000000 -9999.000000 -9999.000000 -9999.000000 -9999.000000 -0.107431 -0.227452 -0.294471 -0.109392 -0.173159 -0.261780 -0.001025 -0.005649 -0.003663 0.000000 -9999.000000 -9999.000000 -9999.000000 -9999.000000 -9999.000000 -9999.000000 -9999.000000 -9999.000000 -9999.000000 -9999.000000 -9999.000000 -9999.000000 -0.002159 0.001744 0.000705 0.000427 0.000639 0.002886 0.080605 0.098723 0.032600 0.368932 0.254322 0.195477 0.128181 0.108006 0.078826 0.062089
-9999.000000 -9999.000000 -9999.000000 -9999.000000 -9999.000000 -9999.000000 -9999.000000 -9999.000000 -9999.000000 -9999.000000 -9999.000000 -9999.000000 -9999.000000 -9999.000000 -9999.000000 -9999.000000 -9999.000000 -9999.000000 -9999.000000 -9999.000000 -0.030453 -0.043670 -0.173112 -0.236181 -0.222197 -0.000576 -0.522773 -0.489393 -0.398272 -0.014999 -0.000058 0.000341 0.000398 0.001653 0.001301 0.035825 0.029336 -0.001294 -0.000368 -0.053490 -0.019597 -0.008990 0.000015 -0.003673 -0.001539 -0.000540 0.000007 0.007668 0.041187 0.170004 0.000605 0.001178 0.020311 0.073174 0.038780 0.030203 -0.052494 -0.097672 -0.103237
-9999.000000 -9999.000000 -9999.000000 -9999.000000 -9999.000000 -9999.000000 -9999.000000 -9999.000000 -9999.000000 -9999.000000 -9999.000000 -9999.000000 -9999.000000 -9999.000000 -9999.000000 -9999.000000 -9999.000000 -9999.000000 0.000000 -0.082034 -0.076125 -0.000150 0.000415 -0.264500 -0.424275 -0.448306 -0.319079 -0.244034 -0.082280 -0.024912 -0.001496 -0.000720 0.004251 0.004074 0.001823 0.117389 0.099160 -0.006574 -0.009488 -0.024304 -0.009408 -0.000588 0.000404 -0.000224 -0.002681 -0.000352 0.000352 0.009973 0.050251 0.017613 0.010599 0.004715 0.042674 0.605112 0.563815 0.622749 0.413501 0.227758 -0.022621
-9999.000000 -9999.000000 -9999.000000 -9999.000000 -9999.000000 -9999.000000 -9999.000000 -9999.000000 -9999.000000 -9999.000000 -9999.000000 -9999.000000 -9999.000000 -9999.000000 -9999.000000 -9999.000000 -9999.000000 -0.311425 -0.357025 -0.175205 -0.147142 -0.001149 -0.065572 -0.329650 -0.493019 -0.557331 -0.553230 -0.222516 -0.139758 -0.102389 -0.006099 0.001852 0.006248 0.195181 0.314522 0.349513 0.293525 -0.017162 -0.049108 -0.036265 -0.009815 -0.000781 0.000724 0.003719 0.001075 -0.000007 0.000572 0.001525 0.013477 0.019620 0.015035 0.072579 0.158244 0.757417 0.634935 0.590647 0.500386 0.336365 0.042100
-9999.000000 -9999.000000 -9999.000000 -9999.000000 -9999.000000 -9999.000000 -9999.000000 -9999.000000 -9999.000000 -9999.000000 -9999.000000 -9999.000000 -9999.000000 -9999.000000 -9999.000000 -9999.000000 0.000052 0.020535 -0.019394 -0.671020 -0.732041 -0.512509 -0.459613 -1.096067 -0.777121 -0.881811 -0.927894 -0.859037 -0.339856 -0.005197 -0.006262 0.001518 0.006716 0.046295 0.088507 0.119945 -0.006698 -0.000360 0.000360 -0.061906 -0.010840 -0.000388 0.000368 0.002544 0.002100 0.027645 0.004854 -0.025291 -0.004271 0.026993 0.019749 0.070045 0.104100 0.021576 0.016323 -0.092220 0.003974 0.120089 0.071263
-9999.000000 -9999.000000 -9999.000000 -9999.000000 -9999.000000 -9999.000000 -9999.000000 -9999.000000 -9999.000000 -9999.000000 -9999.000000 -9999.000000 -9999.000000 -9999.000000 -9999.000000 -0.001871 0.000758 0.002716 0.018062 -0.594967 -0.804679 -0.942504 -0.454724 -0.993625 -0.692595 -0.803212 -0.929149 -0.902356 -0.704251 -0.326473 -0.006205 -0.001381 0.005540 -0.056703 -0.014489 0.042811 -0.006698 -0.000360 0.000360 -0.003644 -0.001316 -0.000120 0.000348 0.000272 -0.003858 -0.001362 0.113358 0.191817 0.153470 0.037518 0.024660 0.044710 0.017404 0.004260 0.014029 0.263852 0.172586 0.273124 0.320786
-9999.000000 -9999.000000 -9999.000000 -9999.000000 -9999.000000 -9999.000000 -9999.000000 -9999.000000 -9999.000000 -9999.000000 -9999.000000 -9999.000000 -9999.000000 -9999.000000 -0.000048 0.004014 0.006478 0.003700 0.000956 0.027905 -0.214865 -0.299796 -0.236812 -0.486726 -0.298400 -0.332003 -0.323293 -0.382869 -0.176218 0.167698 0.084562 0.001772 0.002381 0.000898 -0.215877 -0.071522 -0.092748 -0.000947 -0.001344 -0.000391 0.000334 -0.000897 -0.006330 -0.021806 -0.022555 -0.014580 -0.000165 0.038301 0.049443 0.029958 0.024077 0.009353 0.002666 0.001010 0.006196 0.018286 0.092142 0.000649 0.199663
-9999.000000 -9999.000000 -9999.000000 -9999.000000 -9999.000000 -9999.000000 -9999.000000 -9999.000000 -9999.000000 -9999.000000 -9999.000000 -9999.000000 -9999.000000 -0.001817 -0.000846 0.000951 0.000770 0.000203 0.000294 0.010747 -0.162195 -0.530535 -0.370092 -0.359010 -0.281529 -0.325796 -0.306186 -0.369549 -0.179863 -0.016571 0.044768 -0.000481 -0.000057 0.000514 0.026134 -0.163682 -0.013799 -0.023653 -0.024118 0.038522 0.049398 0.019282 -0.003263 -0.013594 -0.017278 -0.000369 0.000412 0.003065 0.001398 0.000000 0.025937 0.130092 0.117142 -0.000944 0.000184 0.035957 0.068848 0.054080 0.055030
-9999.000000 -9999.000000 -9999.000000 -9999.000000 -9999.000000 -9999.000000 -9999.000000 -9999.000000 -9999.000000 -9999.000000 -9999.000000 -0.004063 -0.006769 -0.002887 -0.001103 0.002102 0.001169 -0.000326 0.000208 0.019399 0.040319 -0.084562 -0.279281 -0.367061 -0.333640 -0.363953 -0.305057 -0.357750 -0.408007 -0.705978 -0.963020 -0.006664 0.000000 0.007115 0.201954 0.011108 -0.036315 -0.033502 0.047684 0.051681 -0.002531 -0.138796 -0.252502 -0.364082 -0.054024 -0.000706 0.000921 0.003435 0.001078 0.000000 0.022763 -0.058183 -0.409208 -0.012071 0.000000 0.007834 0.539507 0.350336 0.259179
-9999.000000 -9999.000000 -9999.000000 -9999.000000 -9999.000000 -9999.000000 -9999.000000 -9999.000000 -9999.000000 -9999.000000 -9999.000000 -0.006222 -0.002783 -0.002214 0.003278 0.002936 -0.055047 -0.006993 0.000003 0.006716 0.009155 0.109018 0.039344 0.000000 0.011917 0.009308 0.156602 -0.041981 -0.037095 -0.014121 -0.027186 -0.009521 0.000000 0.011731 0.018765 -0.133776 -0.163726 -0.280284 -0.258695 -0.350743 -0.381432 -0.388025 -0.362267 -0.009014 -0.001303 -0.000700 0.001398 0.002587 0.000660 0.000000 0.016507 0.113632 0.037162 -0.010808 0.000000 0.014385 0.021592 0.291620 0.205689
0.000000 -9999.000000 -9999.000000 -9999.000000 -9999.000000 -9999.000000 -9999.000000 -9999.000000 -9999.000000 -9999.000000 -0.003736 -0.002958 -0.003750 0.000909 0.004369 0.070702 0.211114 -0.011439 -0.000069 0.000644 0.070682 0.073260 0.077664 0.091405 0.070301 0.041207 0.243479 -0.107391 -0.159985 -0.197404 -0.044187 -0.006664 0.000000 0.008191 0.024672 0.058983 -0.056018 -0.057654 -0.029618 -0.034258 -0.026475 -0.016271 -0.001328 -0.002090 -0.000843 -0.000105 0.000782 -0.001379 -0.004198 -0.000498 0.000620 0.001844 -0.123221 -0.006953 0.000000 0.006802 0.013311 0.008890 0.171379
-0.000418 -9999.000000 -9999.000000 -9999.000000 -9999.000000 -9999.000000 -9999.000000 -9999.000000 0.000000 -0.137899 -0.022323 -0.004285 -0.004504 0.000264 0.004949 0.003533 0.183098 0.161952 -0.000067 0.000138 0.749380 0.158229 0.136475 0.126818 0.596314 0.578686 0.289963 -0.448106 -0.636122 -0.766787 -0.527574 -0.000722 -0.000151 0.000782 0.001798 -0.109148 -0.160273 -0.129209 -0.088546 -0.077362 -0.041054 -0.017185 -0.000018 0.075922 0.073944 -0.000288 0.000406 0.122851 0.162938 0.189888 -0.000661 0.001253 0.014411 0.048761 -0.000071 0.000611 0.006962 0.015433 0.531078
-0.010059 -0.000360 0.000360 0.002339 0.002025 0.003834 0.002856 0.002893 0.028736 -0.056907 -0.029497 -0.004440 -0.004526 -0.002878 0.000000 0.011915 0.021235 0.239018 0.301844 0.383003 1.177987 0.214471 0.167354 0.145623 0.568555 0.009183 -0.004431 -0.433268 -1.122343 -1.510401 -1.269976 -1.340372 -1.256134 -1.100423 -0.924918 -0.755437 -0.868498 -0.670927 -0.549773 -0.448177 -0.383988 -0.203223 -0.000044 -0.000572 0.018288 0.071579 0.107346 0.119433 0.140388 0.145858 -0.000726 0.000898 0.033464 0.050078 0.017363 0.004566 0.043355 0.765916 0.400662
-0.007357 -0.000360 0.000360 0.004459 0.004740 0.002702 0.007090 0.007163 0.002872 0.001429 -0.002147 -0.002093 -0.000055 0.000639 0.000454 0.001418 0.018055 0.522492 0.491276 -0.000000 -0.010966 0.003721 0.318187 0.105737 0.042450 0.000000 0.010006 0.051070 -0.392396 -0.790697 -1.093450 -1.153583 -1.047501 -0.961798 -0.896632 -1.102508 -0.916557 -0.467824 -0.378462 -0.317916 -0.416337 -0.177920 -0.000792 0.000145 0.128392 0.128954 0.160061 0.215158 0.262340 0.247580 -0.000374 0.000408 0.017693 0.020491 0.413466 0.404583 0.909267 1.423339 1.540401
-0.000903 -0.000716 0.000010 0.003340 0.004141 0.002539 -0.000626 -0.004597 -0.001077 -0.000580 -0.000292 0.002257 0.030039 0.029905 0.012796 0.000063 0.018168 0.361199 -0.006034 -0.000003 0.005982 0.264044 0.608673 -0.001279 -0.000432 0.000000 0.003319 0.002835 0.139194 0.082076 0.024060 -0.013817 -0.041398 -0.057553 0.006476 0.125368 -0.024576 -0.025485 -0.048526 -0.529573 -0.111324 -0.079076 -0.000951 -0.000055 0.000260 0.001867 0.006879 0.004432 0.001745 0.323683 0.307238 0.701024 0.652631 0.787792 0.781898 0.638318 0.307903 0.167151 0.183259
0.002291 0.000544 -0.000745 -0.000162 0.000873 0.000929 -0.000737 -0.001293 -0.002199 0.000000 0.003125 0.003112 0.037782 0.033570 0.020327 0.008892 0.005042 -0.010380 -0.006364 -0.000208 0.000326 -0.045957 -0.123153 -0.008717 0.000000 0.000316 0.002747 0.251380 0.190308 -0.011913 -0.001048 0.000549 -0.022236 -0.024134 0.005589 0.022860 -0.002796 0.015506 0.019135 0.005712 -0.081789 -0.140781 -0.005852 -0.000222 0.000222 0.005806 0.051459 0.014023 0.395726 0.508462 0.398741 0.870924 0.739693 0.720489 0.653936 -0.000122 0.000109 0.010038 0.017463
0.010098 -0.035063 -0.049688 -0.000978 0.000429 -0.253629 -0.312475 -0.018110 -0.001099 -0.000261 0.000522 0.001396 0.000969 0.037056 0.179853 -0.001695 -0.098829 -0.193127 -0.016678 -0.000452 0.000552 0.001543 0.011473 0.528001 -0.000128 0.052787 0.345656 0.528420 0.320269 -0.001282 -0.003817 0.002094 0.004137 -0.037446 -0.048371 -0.000255 0.000518 0.061460 -0.000739 0.000546 0.007190 -0.177858 -0.098403 -0.000198 0.000066 0.000803 0.084251 0.507129 0.360825 0.000036 0.151277 1.350894 0.000506 0.000979 0.291881 -0.000222 0.000222 0.003946 0.014541
0.039744 0.214296 0.101858 -0.000053 -0.059610 -0.037676 0.006046 -0.068758 -0.074800 -0.000462 -0.000363 0.000760 0.000779 0.061349 0.031552 0.071076 0.148118 0.181295 0.117748 -0.009566 -0.000181 0.000617 0.017770 0.357912 0.313750 0.590302 0.645498 0.380730 -0.016096 -0.000141 0.000377 0.010668 0.010512 -0.110620 -0.142513 -0.055051 0.133704 0.165678 -0.002885 0.000783 0.001139 -0.025871 -0.026948 -0.028609 -0.015350 0.062986 0.079172 0.368823 -0.000271 0.000827 0.043300 0.023686 0.010797 0.004128 0.133748 -0.000103 0.000103 0.008661 0.016305
0.501543 0.545335 0.230699 0.240225 0.528101 0.281586 0.260946 0.212336 0.242211 0.662644 0.263719 0.080001 -0.102799 -0.158035 -0.123570 -0.000114 0.107652 0.160147 0.224650 0.065278 0.001209 0.001227 0.003067 0.082505 0.118594 0.084761 -0.176283 -0.828198 -0.010442 0.000011 0.023257 0.024036 0.020826 0.012204 -0.057351 -0.076717 0.027050 -0.007394 -0.009253 -0.001091 0.000107 0.001176 0.110099 0.164700 0.076358 0.081312 0.065091 0.000001 0.003243 0.003004 0.021885 0.019011 0.008651 -0.005644 0.035634 0.085365 0.422099 0.548883 0.576700
-0.414871 -0.395454 -0.170364 -0.131826 -0.232290 -0.109150 0.000088 -0.009832 -0.026780 -0.064954 -0.052391 -0.063115 -0.079930 -0.193144 -0.016103 -0.000011 -0.007031 0.021550 0.107142 0.210401 0.238976 0.019123 -0.063382 -0.065804 -0.030486 0.044137 -0.043507 -0.033517 -0.000793 0.000252 0.021257 0.024092 0.024013 0.017996 -0.039044 -0.216343 -0.006418 -0.014224 -0.015508 -0.002457 0.000539 0.002807 0.116097 0.265932 0.102049 0.078904 0.045001 0.000035 0.004172 0.002739 0.014015 0.009922 0.028368 0.018818 0.193808 0.740990 0.934725 0.656885 0.662116
-0.183302 -0.197452 -0.056122 -0.039336 -0.059395 -0.052371 -0.001082 -0.000835 -0.017328 -0.157115 -0.244855 -0.125077 -0.144592 -0.253688 -0.032149 -0.000256 0.000885 -0.021412 0.013743 0.114571 0.163153 0.138876 0.160624 0.112293 0.021301 -0.122201 -0.007602 -0.028217 -0.005473 0.000000 0.000857 0.000904 0.000896 0.009176 0.005268 -0.062631 -0.005613 -0.010472 -0.003376 -0.003675 0.002129 0.004343 0.007464 0.001417 0.013352 -0.000201 -0.000126 0.000956 0.011061 0.051140 0.016309 0.033878 0.028770 0.017024 0.146716 0.091372 0.219243 0.121244 0.133165
0.020001 -0.072557 -0.069698 -0.030522 -0.095059 -0.102817 -0.139056 0.000016 0.001304 0.077771 0.059863 0.088907 0.096265 0.016372 -0.011829 0.000000 0.010534 0.072514 0.019450 0.061821 0.077375 0.099606 0.080178 0.041079 -0.057335 -0.151468 -0.187965 -0.007517 -0.020368 -0.007988 -0.000612 0.000133 0.000741 0.008455 0.004967 -0.108552 -0.227113 -0.058511 -0.015740 -0.000486 0.000255 0.018511 0.068285 -0.107598 -0.013200 0.000000 0.001326 0.001084 0.034983 0.027457 0.056252 0.035665 0.017205 0.094600 0.000000 0.052641 0.043576 0.016714 0.000000
0.048846 -0.027613 0.016469 0.065001 0.076055 0.080640 0.059791 0.061525 -0.000646 0.067793 0.102220 0.151116 0.156725 0.058117 -0.011971 0.000000 0.025073 0.135481 0.041540 0.048397 0.041761 0.067188 0.071263 0.015091 -0.076924 -0.123546 -0.126726 -0.010782 0.000169 -0.012414 -0.002279 -0.007375 0.001092 0.008600 0.087002 -0.041330 -0.271243 -0.078488 -0.017798 -0.001035 -0.000227 0.000941 0.000369 -0.000602 -0.003585 0.000000 0.018537 0.018475 0.053544 0.034515 0.086780 0.244068 0.256530 0.964567 0.281360 0.186560 0.116102 0.000000 0.005237
-0.030931 -0.132298 -0.109045 -0.038342 -0.021219 -0.030322 -0.058083 -0.115941 -0.161101 -0.220255 -0.229597 -0.294701 -0.329659 -0.441223 -0.012961 0.000000 -0.106877 -0.208717 -0.194711 -0.206868 -0.176566 -0.136824 -0.056535 -0.108721 -0.170513 -0.241330 -0.272580 -0.324413 -0.213310 -0.095747 -0.147253 -0.013439 -0.000761 -0.000194 0.000616 -0.005215 -0.008035 -0.009750 -0.006198 -0.007454 -0.000712 0.000388 0.001461 0.001175 0.001747 0.028630 0.078104 0.034574 0.013356 0.042153 0.109634 0.241700 0.242313 0.317131 0.288893 0.169122 0.110716 0.060942 0.310346
0.231765 0.075245 0.039387 0.006718 -0.062684 0.000656 0.110167 0.128175 0.243279 0.169972 0.186699 0.221803 0.375781 0.368886 0.191736 0.000469 0.111313 0.024191 -0.016922 -0.003247 -0.008793 0.046225 0.066718 0.043774 0.016462 -0.000075 -0.198341 -0.311233 -0.456391 -0.841855 -0.512196 -0.020514 -0.000926 -0.000994 0.000540 0.001145 -0.011296 -0.001577 -0.003894 -0.006529 -0.008443 -0.000640 0.001070 0.000799 0.003785 0.002496 0.009168 0.039329 0.010711 0.010110 0.003350 0.020550 0.018787 0.012494 0.170249 0.661473 0.526839 0.687635 0.621363
0.485321 0.366242 0.325490 0.173695 0.095404 0.147617 0.127007 0.138207 0.224896 0.226184 0.248059 0.269856 0.281923 0.325681 0.280413 0.035111 -0.112924 -0.111786 -0.167392 -0.166216 -0.098492 -0.074788 0.031312 0.017927 -0.009958 -0.002049 -0.003747 0.000090 0.000652 0.139706 0.085546 -0.125021 -0.090649 -0.030700 -0.000612 0.000519 -0.043589 -0.043055 -0.041710 -0.124845 -0.019818 0.000000 0.009589 0.028546 0.008101 0.002984 0.010400 0.052122 0.103749 0.196492 0.130396 0.098031 0.066445 0.039042 0.148974 0.865586 0.871811 0.255168 0.003483
