use_cases/Flooding_chicago/flooding_data/output/hUx_3240.asc
ncols 337
nrows 393
xllcorner 428428.000000
yllcorner 4602440.000000
cellsize 26.757400
NODATA_value -9999.000000
[rows 130 to 155 of 393, columns 177 to 235 of 337]
0.010993 0.014472 0.465890 0.162413 -0.003637 -0.029152 -0.014411 -0.000449 0.000128 0.000258 0.010114 0.028468 0.066153 -0.019736 -0.062240 -0.235051 -0.390415 -0.402969 -0.517257 -0.857534 -0.812020 -1.080115 -1.565173 -1.866113 -0.039270 -0.001385 0.000125 -0.633952 -0.555719 -0.736619 -0.079239 -0.000217 -0.000229 0.001219 0.001997 0.002703 0.001207 -0.159068 -0.031559 -0.083574 -0.067194 -0.081420 -0.165543 -0.147404 -0.029179 -0.090489 -0.020247 0.000000 0.008062 0.026226 0.031510 0.023441 0.222063 -2.242167 -1.888895 -1.070507 -0.248106 -0.009503 -0.009847
0.025330 0.022984 0.055753 -0.033770 -0.026701 -0.008944 -0.000506 -0.000566 0.000045 0.000951 0.000537 0.008585 0.020365 0.018596 0.004616 0.335223 0.256289 0.274472 0.194422 0.124692 -0.078480 -0.290746 -0.450901 -0.823303 -0.092925 -0.113415 0.000008 -0.353291 -0.472051 -0.028436 -0.007787 -0.000341 0.000166 0.001164 0.008918 0.016403 0.029335 -0.008979 -0.043596 -0.016939 -0.003340 -0.000008 0.000141 -0.000870 -0.000683 -0.003238 -0.007062 0.000000 0.015207 0.031938 0.054174 0.604642 0.288942 -0.483666 -0.741038 -0.961394 -0.565232 -0.537581 -0.328317
0.021110 0.025705 0.004166 -0.017675 -0.016961 -0.013638 -0.007145 0.000000 0.001246 0.000653 0.000387 0.000712 0.008113 0.009950 0.018445 0.240247 0.147055 0.118972 0.077305 -0.008085 -0.146165 -0.256124 -0.385079 -0.545251 -0.467239 -0.313384 -0.508796 -0.469584 -0.056571 -0.029394 -0.011918 -0.000270 0.000473 0.006739 0.021590 0.053890 -0.053106 -0.443622 -0.028334 -0.022930 -0.007424 -0.000307 0.000088 0.000323 0.001092 0.000971 -0.000661 0.000000 0.005878 0.025511 0.031067 0.687531 0.000271 0.042860 -0.399792 -0.869990 -0.984102 -0.488722 0.076287
0.024800 0.003413 -0.010894 -0.001932 -0.011195 -0.013442 -0.007145 0.000000 0.006542 0.022332 -0.000306 0.000410 0.010505 0.025408 1.429315 1.437045 1.415953 1.350353 1.404499 1.157900 0.918274 0.516790 0.247781 0.039759 -0.514360 -0.099185 -0.012175 -0.026455 -0.044934 -0.008161 -0.000965 -0.000000 0.000965 0.016159 0.025931 0.067499 -0.057978 -0.407485 -0.032935 -0.012404 -0.000758 -0.000320 0.000684 0.000648 0.004220 0.013960 0.001583 0.000000 0.005878 0.016460 0.053391 0.141227 0.159587 0.248084 0.100246 -0.186213 -0.215420 0.263155 1.434462
0.042080 0.007138 -0.010192 -0.000055 -0.040203 -0.010533 -0.000344 0.000100 0.000374 0.001588 0.000519 0.000196 0.000683 0.018902 0.057206 -0.237076 -0.377169 -0.335733 -0.351636 -0.428467 -0.516999 -0.725932 -1.130415 -1.441851 -1.822960 -0.042125 -0.011223 -0.040919 -0.017407 -0.011876 -0.000473 0.000270 0.019004 0.023799 -0.266201 -0.322641 -0.551107 -0.025965 -0.019513 -0.013507 -0.000703 -0.000053 0.000670 0.010610 0.019726 0.047673 -0.000141 0.000207 0.009778 0.030760 0.041844 0.416990 0.641157 0.830071 0.451360 0.332007 0.765501 1.528073 2.262144
0.046725 0.228026 0.083000 -0.000423 -0.003060 -0.000362 0.000012 0.000144 0.000193 0.000488 0.005690 -0.010700 -0.055342 -0.182945 -0.289855 -0.481506 -0.517890 -0.478223 -0.448002 -0.363143 -0.436632 -0.620243 -0.874512 -0.890166 -0.606799 -0.305788 -0.046305 -0.036708 -0.008838 -0.000859 0.000079 0.000600 0.002127 0.013071 -0.070672 -0.213692 -0.032002 -0.025327 -0.023706 -0.010923 -0.000232 0.000169 0.001376 0.000685 0.001524 0.002915 0.001467 0.000718 0.000496 0.012505 0.028476 0.440939 0.511913 0.625791 0.748293 0.928502 1.288795 1.445193 2.344671
-0.649433 -0.215715 0.152819 0.403450 0.107004 0.000421 0.054696 -0.142021 0.030368 0.011488 -0.135006 -0.228784 -0.569438 -0.458018 -0.427936 -0.716731 -0.829323 -0.863529 -0.956142 -0.926135 -1.045422 -1.218994 -1.423143 -1.579106 -1.711943 -1.605103 -0.043161 -0.002589 -0.000465 0.000266 0.000481 0.000201 0.000368 -0.307867 -0.417661 -0.046838 -0.031082 -0.017993 -0.002222 -0.001673 -0.000077 0.000072 0.008463 0.025270 0.018515 0.001905 0.000995 0.000480 0.000380 0.031800 1.118070 1.175441 0.978872 1.391939 1.181519 1.044005 0.983544 1.027279 1.340837
0.457656 0.725949 1.002010 1.611472 1.831026 2.190965 3.407318 4.436086 3.662531 1.983633 1.592652 2.578570 2.154006 1.568092 1.409350 1.264473 1.105093 1.008464 0.967841 0.988839 0.926040 0.762639 0.600946 0.422996 0.470843 0.106106 -0.023099 -0.000310 0.000085 0.001456 0.001665 0.001362 -0.961275 -0.211896 -0.008545 -0.005680 -0.001909 -0.005544 -0.007379 -0.002902 -0.000096 0.000094 0.013121 0.020075 0.002497 0.000990 0.001219 0.000818 0.012379 0.032215 0.792672 0.835530 0.812662 1.099242 1.722938 1.769323 2.263981 2.332166 2.884386
2.987866 4.158983 4.655244 5.481969 6.328945 7.205533 8.213394 10.195530 10.509808 8.776665 7.389060 8.247547 7.451484 7.053248 5.912105 5.286543 5.374759 5.090432 4.472506 4.505668 3.542304 3.029723 2.511697 2.175436 1.462652 0.874047 0.126411 0.054701 0.429810 0.608208 0.580326 0.807341 0.768417 0.439296 0.179486 -0.039651 -0.032762 -0.023637 -0.004782 -0.004731 -0.000103 0.000103 0.008253 0.021101 0.002147 0.001695 0.019686 0.026569 0.003028 0.423132 0.907897 1.134728 1.575785 1.984731 2.389252 3.286655 4.146998 4.549789 5.525193
5.041141 5.067658 6.728863 8.006177 8.248900 10.465396 10.059159 9.014703 9.389528 12.522998 13.038988 13.022781 12.369954 11.495594 10.733315 9.769386 9.113287 8.072355 6.860510 6.345375 5.735668 5.411124 4.600730 4.078737 2.982495 2.507554 1.156832 1.090547 1.633750 1.446728 2.020237 1.901607 2.258835 2.306601 2.183854 0.639294 -0.021969 -0.011120 -0.002959 -0.003439 -0.000003 0.008376 0.028450 0.063026 0.075394 0.000118 -0.136210 -0.263706 -0.031060 0.402082 1.333738 1.839399 2.500625 2.887592 3.494407 4.997401 5.950890 6.490170 7.730613
5.318626 7.531569 7.091483 8.039598 7.190775 7.962118 6.644770 4.443533 4.385646 8.057501 9.041631 8.442363 8.348684 7.934004 8.386515 7.871386 8.023248 6.922635 6.072891 5.846843 6.411150 6.253698 5.805466 5.752752 5.435574 4.964843 3.189227 2.984257 2.991547 2.141932 1.990054 3.425174 3.245949 3.276501 3.024581 2.035754 1.880253 0.707092 -0.011799 -0.000141 0.011854 -0.173595 -0.306857 -0.189628 -0.046273 0.024355 0.303781 1.619721 2.198374 2.680721 3.592533 3.750048 4.488479 4.721766 6.001646 6.590616 8.301809 8.475891 8.702484
7.043647 6.397324 6.277064 5.149373 4.808106 4.376328 3.506443 2.233801 1.987844 3.130512 2.872163 2.274373 2.211078 2.860628 3.584732 4.118460 4.256584 4.640314 4.354058 4.391380 5.749040 5.760367 5.755686 6.141633 6.117781 6.187754 5.235561 4.390297 4.600253 3.804441 3.862961 3.805047 4.809606 3.839631 3.762406 4.247691 3.381111 2.797954 2.268895 0.562600 0.222338 0.339050 0.528084 1.203911 1.367029 1.755060 2.074708 4.063047 4.335474 4.527059 5.176330 5.103790 5.655302 5.690079 6.563169 7.079088 7.112138 6.869921 8.139803
4.641668 3.959290 3.648652 2.409257 0.403873 0.004455 0.000995 0.095980 0.306585 0.371478 0.057227 -0.000000 0.065170 0.058287 0.357216 0.899650 1.897812 2.165732 2.428041 3.232172 3.279943 4.109591 4.690206 5.131950 5.343413 5.281490 5.748148 4.338485 4.275513 3.567060 2.840926 1.934562 1.967674 1.259746 3.727875 4.087166 4.604944 4.383064 4.502100 3.746901 4.177345 4.112130 3.771162 3.662348 4.011467 4.108402 3.937043 5.273125 5.911527 6.107575 5.880739 5.702343 5.360281 5.445216 5.096369 4.668421 4.216970 3.513672 3.694930
3.077467 1.568569 1.020635 0.176735 -0.017069 -0.000429 0.000375 0.015336 0.264501 0.178238 -0.003994 -0.000007 0.007785 0.024207 0.146824 0.190995 0.711043 1.099123 1.565392 2.263775 2.178760 2.833436 3.686369 4.008466 4.301016 4.371681 4.740062 4.201945 3.573976 2.848445 2.047923 1.161400 0.638604 0.106610 1.298008 1.535103 2.030847 2.711463 3.274760 3.905875 4.246523 4.025503 3.983032 3.497023 3.510304 4.290308 4.584247 6.100699 6.263634 6.294049 5.830696 5.521337 5.135536 5.190160 4.988684 4.456260 4.235141 3.747585 3.490403
3.021884 0.717088 0.955689 0.003394 -0.009520 -0.001186 0.000715 0.023964 0.197217 0.028284 -0.018799 -0.000352 0.000352 0.007106 0.084081 0.096715 0.356146 0.728080 1.394949 1.731163 1.936690 2.496410 3.016520 3.582890 3.440610 3.764934 4.603515 4.095135 3.517588 2.660406 2.413660 1.101448 0.584961 0.084103 1.112339 0.851788 1.193797 1.877574 2.442956 3.601002 3.730963 4.117550 3.837138 3.479961 4.213413 4.907318 5.394574 5.818332 5.700882 6.149468 5.555772 4.952804 4.563175 4.572913 4.243444 4.269464 3.734582 2.818956 2.055803
1.731203 0.650575 0.455876 -0.040989 -0.024337 -0.011833 0.000000 0.015894 0.214511 0.056268 -0.501473 -0.007702 0.000007 0.009382 0.192349 0.222841 0.250663 0.629063 1.151879 1.569112 2.159088 2.520319 3.366017 3.717417 3.816170 4.812987 4.875626 5.117717 4.491366 4.503016 3.979932 3.425476 2.154426 2.429876 1.938494 1.915902 2.500906 2.692277 3.915279 5.082418 5.170646 5.156229 4.789847 5.343744 5.182043 5.973371 6.470243 6.306303 5.222434 4.758324 5.048028 5.359528 5.393305 4.988576 4.920428 4.451132 3.273329 2.179441 1.250951
0.753179 0.516073 -0.005089 -0.024035 -0.015994 -0.008201 0.000000 0.330181 -0.026949 -0.036130 -0.143107 -0.007145 -0.000143 0.000656 0.005837 0.263848 0.409065 0.630389 0.959954 1.242957 1.668540 2.523656 2.902096 3.514333 4.111041 5.816214 6.409637 6.384003 6.691651 5.939207 6.357227 5.458098 5.329952 5.036649 6.782304 6.260120 6.824687 6.259170 6.591416 6.867092 6.134297 6.120275 5.938183 6.522508 6.453985 6.728697 6.851140 5.859170 4.932012 5.501720 5.282243 5.686753 5.374190 4.679848 3.938199 3.421993 2.435261 1.209705 0.519452
0.036562 0.011458 0.052478 -0.071709 -0.025647 -0.000399 0.000109 -0.715697 -0.452549 -0.297535 -0.274924 -0.465020 -0.012757 0.000026 0.115960 0.166517 0.410049 0.418685 0.422757 0.813764 1.041520 1.990646 2.547874 3.949703 4.266212 4.833371 6.750778 7.248158 7.279413 7.830051 7.146703 7.393056 7.488739 7.395695 7.048933 7.873883 8.061236 7.922084 7.171944 7.114876 7.010888 6.845220 7.628711 7.461981 7.431243 7.830802 7.051921 6.019939 5.135160 5.790153 5.500152 5.797376 4.888524 4.238742 3.338138 2.681931 1.640963 1.014888 0.660812
1.053393 0.986073 0.862937 1.180642 1.198009 0.851394 0.844071 2.824404 1.975380 1.389438 1.058283 0.245938 0.002532 0.077818 0.219383 0.437929 0.624033 0.685528 0.749355 1.207924 1.565626 2.729244 3.538415 5.074938 5.331049 6.167173 5.720356 6.859445 6.734499 6.921468 7.158966 7.453583 7.737774 8.691133 7.983317 7.705027 7.390310 7.552154 6.721218 7.445532 6.816686 6.511075 7.039862 7.546838 7.370021 6.795322 6.291261 6.325456 4.984259 5.132162 4.178402 3.956732 3.168983 2.517093 2.110317 1.734991 1.176156 0.902507 0.644436
2.447900 2.277236 2.022495 1.716310 1.735386 1.085590 1.108736 2.257054 1.275252 0.445028 0.500047 0.609836 0.247639 0.946777 1.044186 1.359213 1.314673 1.297691 2.024707 2.426405 2.665050 3.944880 4.693923 5.921199 5.852039 5.969675 4.475462 4.556199 6.188241 6.892851 7.846249 7.750377 7.908263 8.569492 8.142520 7.308208 6.195320 5.998578 6.041820 4.876044 4.593487 6.343875 5.959809 6.607414 6.468870 5.926445 5.427610 5.298692 4.241636 3.344196 2.933700 2.910182 1.970384 1.572492 1.309223 1.040761 0.526879 0.368515 -0.049595
1.783571 1.708160 1.571350 1.385175 1.457090 0.929550 0.923675 0.778335 0.571433 0.000000 0.193591 0.254571 1.428481 1.691081 2.185499 2.202650 2.304846 2.356667 3.931408 4.852114 4.649778 5.228578 6.447690 6.130588 5.854531 5.946159 4.401943 4.417185 5.810533 6.945136 6.540930 6.731738 6.900605 7.454655 6.984886 6.119099 5.213500 4.634166 3.751525 3.568812 4.382474 4.451331 5.111336 5.311955 5.409372 4.471930 4.131930 3.786461 3.307531 2.683127 1.886451 1.589682 2.042515 1.582595 1.522830 1.083362 0.671981 0.465214 -0.147595
1.217664 1.170496 1.065271 0.921266 0.957815 0.506118 0.392613 -0.001611 -0.001603 0.000000 0.018902 0.551395 2.047602 3.279597 4.260376 4.051305 5.358412 5.918001 6.888635 8.466138 6.518621 6.201082 5.560636 5.313339 4.571650 4.494385 4.199662 3.310683 5.009370 4.791954 4.672132 5.020605 4.694892 5.910601 6.080847 5.412138 4.690898 4.238666 3.486440 3.948558 3.423751 4.027961 4.460462 4.679044 4.339396 3.687479 3.478163 3.029490 2.861029 2.758805 2.292230 1.623434 2.126621 1.534251 1.206764 0.897561 0.179823 -0.121397 -0.046494
3.232185 3.184626 3.469410 3.228755 2.629110 2.445814 2.317492 1.437495 1.440588 0.811164 2.741913 4.609399 7.113433 5.090894 7.072149 7.840105 7.024840 7.869645 8.481298 5.975585 4.723224 2.603465 2.660045 1.008289 0.122468 0.331623 0.751157 1.247932 1.211657 1.082516 1.217177 1.792986 1.810968 3.117310 3.381547 4.147181 3.648561 3.983725 3.564684 4.450922 4.525986 4.213399 4.762325 4.836305 4.317976 4.450323 3.778102 3.290213 3.164155 2.952248 2.881012 2.288074 2.189621 1.615109 1.535878 1.235783 0.550155 0.440631 -0.013897
3.778633 4.774009 5.049963 5.041652 5.645194 5.117570 5.582094 6.806023 6.993138 6.686903 7.353782 7.944295 10.487794 7.844389 9.890284 6.538306 5.395376 6.778720 2.644263 1.156185 0.091217 0.783411 1.093591 0.360491 -0.290948 -0.650785 -1.038868 -0.922387 -0.988505 -1.708980 -1.825291 -0.858220 -0.001242 -0.244251 0.045346 0.763971 1.625616 1.796637 2.154345 3.510441 3.403956 3.269695 3.204607 3.081313 2.595101 2.381343 2.170222 1.761581 1.703084 1.619617 1.905691 1.731540 1.499945 1.393686 1.279832 1.032085 0.606611 0.407079 -0.013708
4.251460 4.892434 5.165003 5.587519 5.598494 6.279503 6.987105 8.418078 8.833813 8.557417 8.939511 9.118780 6.630834 5.017655 3.482399 0.224164 0.014393 -0.018202 -0.010829 0.013362 0.363038 1.009521 0.799101 -0.013217 -0.000021 0.007178 0.010711 0.000466 -0.008297 -0.032277 -0.080335 -0.015317 0.000130 0.006975 0.213204 0.490506 0.838428 1.074316 2.047485 2.524462 2.191640 2.207755 2.239666 1.704113 1.367191 1.159024 0.817230 0.776483 0.786216 0.726648 0.578456 0.678455 0.440365 0.201705 0.152312 0.316381 0.483142 -0.055839 -0.000994
2.980353 2.251106 2.386766 2.708846 2.926703 3.306329 3.424989 3.857295 3.597485 3.855357 3.512908 1.856271 -0.001408 -0.003703 -0.025846 -0.023718 -0.016560 -0.005143 0.000168 0.095893 0.777486 1.539441 1.149867 0.001032 -0.000600 -0.000898 -0.000444 -0.000001 0.000111 -0.009365 -0.003217 0.000002 0.006130 0.019391 0.154731 0.513515 0.224101 0.138836 0.208399 0.289419 0.103190 0.001787 -0.217358 -0.067696 -0.131636 -0.009086 -0.000368 0.000049 0.000526 0.023330 0.067587 -0.473467 -0.862203 -1.405900 -1.796335 -2.167602 -2.375187 -0.013675 -0.000023
