use_cases/Flooding_chicago/flooding_data/output/hUx_1740.asc
ncols 337
nrows 393
xllcorner 428428.000000
yllcorner 4602440.000000
cellsize 26.757400
NODATA_value -9999.000000
[rows 182 to 207 of 393, columns 59 to 117 of 337]
0.005878 0.020646 0.005872 0.004248 0.002842 0.001887 0.001439 0.012130 0.028798 0.239542 -0.001162 0.000736 0.012869 0.023013 0.006573 0.069501 0.079907 -0.158628 -0.352699 -0.424757 -0.320539 -0.102063 -0.031523 -0.005800 -0.000222 0.000222 0.011581 0.064614 0.009281 0.000024 0.654808 1.691312 0.344697 0.123523 -0.244340 -0.017937 -0.000401 0.000555 0.006855 0.033066 0.292010 0.127739 0.344256 0.663094 1.271522 1.939111 3.561073 3.591280 2.846318 2.370521 1.868764 2.294470 0.933122 0.872262 0.746792 0.673424 -0.011988 0.000000 0.009944
0.005878 0.014730 0.003640 0.002126 0.002412 0.001961 0.001225 0.004521 0.004335 0.007520 -0.002116 0.000695 0.001845 0.011783 0.028111 0.077648 0.150387 -0.069320 -0.301022 -0.065076 -0.002143 -0.007422 -0.022124 -0.056467 -0.005786 -0.000020 0.000428 0.004084 0.005753 0.000960 0.006544 0.606699 -0.002659 -0.163428 -0.019726 -0.014878 -0.000330 0.000396 0.006777 0.033068 0.156421 0.029330 0.169758 0.763906 1.247089 2.876882 3.609279 2.811283 1.852031 0.677122 0.556537 0.595736 0.501012 0.343429 0.173071 0.103231 -0.348147 -0.000088 0.000703
0.000526 0.002380 0.001324 0.001765 0.000556 0.000604 0.000428 0.019848 0.079382 -0.032736 -0.002637 0.000551 0.002574 0.016997 0.022736 0.050396 0.395492 0.044209 -0.445609 -0.036301 -0.000519 0.000233 0.010311 0.015366 0.117835 0.002037 0.000814 0.001597 0.001128 0.009261 0.038943 0.120942 -0.156468 -0.083246 -0.009473 -0.001325 -0.000033 0.000261 0.010703 0.026481 0.072451 0.025789 0.216009 0.507014 1.050601 1.161117 1.029622 0.503596 0.199753 0.136475 0.254890 -0.027029 -0.132254 -0.293929 -0.733715 -0.384206 -0.068495 -0.145315 0.000021
0.001266 0.007729 0.006805 0.018605 0.007042 0.002175 0.000870 -0.004083 0.000766 -0.001677 -0.003009 0.000000 0.007755 0.017491 0.035329 0.010968 0.232392 0.167303 -0.453869 -0.016356 -0.001158 -0.000286 0.001025 0.015760 0.013159 0.015292 0.003969 0.001962 0.000806 -0.174461 -0.243442 -0.225195 -0.045052 0.217569 -0.000628 0.000132 -0.007091 -0.014642 -0.011676 0.001122 -0.042250 -0.052278 0.309638 0.902272 0.981034 1.067754 0.987375 0.455492 0.189056 0.142836 0.414713 0.200542 0.115606 -0.067365 -0.375236 -0.220381 -0.125177 -0.257628 -0.285196
0.057979 0.025490 0.019980 0.101507 0.273624 0.182694 0.105863 0.048285 0.019695 0.015787 -0.001078 0.001144 0.013010 0.030772 0.035777 0.070555 0.089772 0.389198 0.198435 -0.155781 -0.009637 -0.001297 0.000801 0.001271 0.026781 0.085982 0.091605 0.786383 0.713402 0.776121 1.063352 1.352715 1.440325 1.415824 0.976744 0.667226 0.628020 0.517768 0.401511 0.257220 0.104200 0.162287 0.450179 0.724396 0.738161 0.673286 0.260155 0.239635 0.129009 0.097452 -0.000007 0.121896 -0.006539 -0.035829 -0.010773 -0.000658 0.000018 -0.000580 -0.118011
0.063313 0.023203 0.014911 0.006800 0.017294 0.212924 0.129976 0.140854 -0.041769 -0.039324 -0.000804 0.000851 0.023827 0.027473 0.138932 0.065976 -0.041250 0.087382 0.231649 0.161318 -0.037833 -0.000749 0.000131 0.000833 0.013606 0.034417 0.680433 1.124382 1.642043 0.984450 0.665360 0.558106 1.147484 1.372582 1.056438 1.377824 1.054784 0.892993 0.654537 0.773699 0.619992 0.513245 0.439936 0.601791 0.630637 0.544097 0.107805 0.151625 0.184499 0.087581 -0.000324 0.000333 -0.122020 -0.210358 -0.275648 -0.160701 0.000151 -0.196815 -0.225401
0.031214 0.217061 0.000920 0.002402 0.008821 0.005057 0.096588 0.623333 0.575903 0.156142 -0.000390 0.000399 0.029572 -0.019039 -0.048370 -0.028740 -0.036726 0.061233 0.179325 0.199572 -0.004397 -0.001028 0.000005 0.000980 0.001638 0.021430 0.250244 0.254546 0.801120 0.625602 0.372062 0.418689 0.727705 0.981857 0.997919 1.046422 0.843232 0.454772 0.326761 0.448854 0.144179 -0.035410 0.215917 0.548989 0.587898 0.667721 0.268227 0.343581 0.402339 0.288658 0.092762 -0.000298 0.055612 0.097687 0.224889 0.316808 0.199913 -0.087074 -0.165421
0.012665 0.190587 -0.000414 0.000775 0.008731 0.006636 0.079315 0.667871 0.837038 0.151303 0.005549 0.001693 0.013471 0.064390 0.091216 0.076565 0.166265 0.527136 0.406845 0.170745 0.091174 -0.023820 0.000000 0.000533 0.000554 0.356261 0.315580 0.273136 -0.000398 0.000334 -0.065634 -0.010982 0.000000 0.022909 0.607874 0.459029 0.353339 0.248120 0.186551 0.313036 0.066327 0.007235 0.159125 0.554936 0.906984 0.815670 0.492377 0.388349 0.454209 0.376811 0.205361 0.176330 0.570086 0.432231 0.405671 0.122844 -0.414607 -0.387033 -0.012073
0.038105 0.025585 0.009683 0.000034 0.005582 0.006220 0.003222 0.010124 0.104010 0.056565 0.000372 0.007210 0.047251 0.339743 0.434643 0.446443 0.461449 0.643020 1.082126 1.193077 1.181595 0.912677 0.990695 1.003559 1.088862 2.277918 0.809820 0.648446 -0.000790 -0.000237 -0.000580 -0.000402 0.000027 0.005213 0.012563 0.465345 0.285733 0.187333 0.297394 0.370593 0.227492 0.247347 0.512534 0.606923 0.289534 -0.080038 -0.277289 -0.205741 -0.108541 -0.045821 -0.000798 0.000057 0.020555 0.020715 -0.196696 -0.396106 -0.761020 -0.193818 -0.012607
0.180981 0.069090 0.000283 0.000108 0.001014 0.002737 0.001846 0.013072 0.142035 0.081287 0.158021 0.231189 0.426817 0.646888 0.720079 0.895009 1.378572 1.447612 2.101726 2.526307 2.451236 2.754588 4.272208 3.545920 3.901944 2.796191 3.964234 2.683105 1.092677 0.645010 0.780202 1.124172 0.331213 0.003086 0.002268 -0.335893 -0.287128 -0.305849 -0.183947 0.030845 -0.134981 -0.169190 0.246907 0.509654 0.462073 0.331235 -0.053315 -0.263114 -0.241336 -0.255450 -0.012081 -0.000944 -0.000185 0.000142 0.000573 -0.000589 -0.005822 -0.041370 -0.028787
0.264062 0.134367 -0.001994 -0.002011 0.000064 0.001614 0.004395 0.003267 0.093679 0.222705 0.108383 0.496041 0.567970 0.847056 0.931373 1.137957 1.337569 1.954764 2.187201 2.761231 2.674219 2.894865 3.338236 2.728696 2.982352 4.116611 4.158279 3.478628 3.136391 4.291518 3.900206 3.942723 2.637656 0.823941 0.543789 0.715016 0.601459 0.658261 0.805729 1.069624 0.689708 0.568469 0.881574 1.023047 0.797847 0.681755 0.119471 -0.224542 -0.405089 -0.641154 -0.810646 -0.006567 -0.000991 -0.001882 -0.000928 -0.000353 0.000506 0.026534 0.362543
0.100250 0.092618 0.047912 -0.000399 0.000560 0.000247 0.000283 0.021737 0.169197 0.426648 0.717349 0.507410 0.376765 0.593484 0.438232 0.576510 0.599104 0.741242 1.155593 1.108183 1.023957 1.212359 0.982703 1.092933 1.044124 1.448503 1.312376 0.851032 2.578936 3.849327 4.404332 3.806431 2.334880 2.476008 2.203288 1.844584 2.395031 2.452809 2.518403 2.518342 2.094265 1.582531 1.737638 1.574212 2.199748 2.970798 1.707498 1.003146 0.304959 -0.523897 -0.340659 -0.557967 -0.018137 -0.009462 -0.001413 -0.000672 0.001462 0.043791 0.392887
0.168544 0.251210 0.161326 0.082160 0.020063 0.001686 -0.000135 0.001592 0.051713 0.282710 0.436160 0.403132 0.299110 0.259210 0.163041 0.169820 0.114121 0.170098 0.290898 0.343757 0.401486 0.414861 0.240964 0.025833 0.025485 0.032629 0.036926 0.026317 0.041317 0.853983 1.041108 1.551889 1.525851 1.967052 2.078715 2.662661 2.253490 2.889027 2.745981 2.613659 2.366467 2.044899 2.257491 1.870824 2.159480 1.361750 1.072320 1.110796 0.910411 1.054396 0.492381 -0.515342 -0.250626 -0.011128 -0.001546 -0.001131 0.001616 0.051747 0.033483
0.086778 0.179880 0.102356 0.344204 0.334397 0.180623 0.062670 -0.000263 0.004605 0.124382 0.219400 0.153949 0.144477 0.136243 0.100368 0.068781 0.026755 0.116382 0.308295 0.392963 0.493273 0.526701 0.252228 0.031267 0.021743 0.014572 0.013879 0.016388 0.038408 -0.028797 -0.279271 -0.069688 0.498033 0.539715 1.950686 3.015007 1.731127 1.229950 0.497989 0.279658 0.542553 1.173312 1.238361 0.878842 0.845631 0.575863 0.629660 0.698648 -0.006899 -0.000279 0.000020 0.000300 -0.118600 -0.204797 -0.023336 -0.008529 0.000000 0.005350 -0.571179
0.114987 0.377548 0.344914 0.411367 0.394230 1.065783 0.384015 0.201820 0.026640 0.019763 0.145215 0.121357 0.152215 0.171002 0.101931 0.035822 0.009006 0.084254 0.237717 0.337543 0.421431 0.254785 0.018803 0.001561 -0.000602 0.000963 0.000713 0.026099 0.401489 -0.364012 -0.888954 -0.687303 0.226478 0.424829 0.286383 -0.023985 -0.006204 -0.000066 0.000287 0.018631 0.507451 0.622069 0.685624 0.271133 0.459160 -0.040819 -0.147216 -0.022938 -0.018459 -0.005982 0.000003 0.006221 0.012911 -0.048851 -0.075938 -0.021071 -0.000067 0.000464 -0.527635
0.070811 0.403916 0.393095 0.480531 0.436829 1.364981 1.092761 0.939726 0.561569 0.493865 0.437362 0.346641 0.502275 0.371325 0.293516 0.295288 0.122418 0.127801 0.165913 0.237725 0.162630 -0.066654 -0.000344 -0.000497 -0.000411 0.009800 0.001858 0.009439 0.013170 0.000272 -0.000119 0.000430 -0.596378 -0.625847 -0.017514 -0.005496 -0.000100 0.000120 0.004865 0.012418 0.152623 0.469882 0.570515 0.116480 -0.048916 -0.001011 -0.006078 -0.007933 -0.004596 -0.000326 0.000208 0.007371 0.009691 0.077887 -0.438697 -0.528587 -0.097071 -0.055847 0.000000
0.056306 0.030538 0.011658 0.004119 0.275265 0.917480 0.701447 0.601070 0.649215 0.401465 0.353539 0.553049 0.423420 0.308344 0.194357 0.125665 0.012407 -0.031197 -0.037318 -0.059036 -0.156134 -0.018039 -0.008895 0.000003 0.009147 0.091093 -0.000124 0.000095 0.000312 0.000374 0.001180 0.013635 -0.000077 -0.017759 -0.012553 -0.000340 -0.000000 0.000340 0.008014 0.025618 0.375022 0.480997 0.572469 0.143702 -0.350060 -0.050823 -0.137873 -0.023456 -0.011848 -0.000160 0.000143 0.013178 0.088063 -0.602653 -1.719189 -1.456653 -1.115026 -0.207965 0.000000
0.013358 0.015855 0.008462 0.003758 0.001671 0.063802 0.062772 0.245370 0.196751 0.201710 0.052251 0.599427 0.498520 0.458319 0.173165 -0.011910 0.017728 0.007812 -0.006527 -0.057684 -0.035800 -0.014097 -0.000326 0.000208 0.002799 0.001352 -0.000372 -0.000206 0.000363 0.004393 0.010874 0.000652 -0.000155 -0.000078 -0.000169 0.000070 0.000234 0.007384 0.215622 0.160093 0.447174 0.479134 0.463012 -0.173623 -0.815751 -0.436014 -0.138573 -0.152814 -0.006697 -0.000064 0.000062 0.011538 -0.295354 -1.030460 -0.846730 -0.753054 -1.015561 -0.105409 0.000000
0.011571 0.031948 0.031544 0.004002 -0.000092 0.000392 0.115548 0.372801 0.437180 0.531710 0.597752 0.649922 0.676657 0.023195 -0.388109 -0.626976 -0.096012 -0.002053 -0.001523 -0.004780 -0.047559 -0.016709 -0.000442 -0.000339 -0.000573 -0.002483 -0.012385 -0.006394 0.000007 0.012138 0.049844 -0.007550 -0.000222 0.000222 0.008922 0.048517 0.009298 0.004284 -0.007438 0.127879 0.280705 0.297186 0.068216 -0.560174 -1.259695 -1.187760 -1.172398 -1.051809 -0.396057 -0.733388 -1.066576 -2.252154 -2.224668 -2.229047 -2.411442 -1.067865 -1.406738 -2.066979 -1.538474
0.069612 0.079980 0.097599 0.070306 0.031269 -0.013474 -0.025510 -0.021497 0.103930 0.239323 0.119646 0.084814 -0.010971 -0.000047 -0.000499 -0.002648 -0.001285 0.000304 0.001906 0.000945 0.000093 0.000732 0.000099 -0.000552 -0.000535 -0.000011 -0.000447 0.000432 0.000332 0.000333 0.003274 -0.000040 -0.000003 0.003872 0.013142 0.002366 0.005103 0.007428 -0.048802 -0.134297 -0.195293 -0.368084 -0.817119 -1.583104 -1.707464 -2.047307 -3.211810 -2.618159 -3.491636 -3.079268 -3.298105 -2.720350 -2.356578 -1.305154 -0.164452 -0.097952 -0.863393 -1.451807 -1.272758
0.043744 0.040996 0.067245 0.080649 0.063607 0.045582 -0.000153 0.000137 0.105462 0.103056 0.089673 0.047333 -0.010630 -0.001353 -0.000021 0.001316 0.007315 0.006914 0.002478 0.000000 0.004047 0.003771 0.001191 -0.011709 -0.117566 -0.111943 -0.000046 0.022409 0.019300 0.001972 0.168107 0.499752 0.083383 0.025681 0.004841 -0.002380 0.000498 0.003821 0.310251 0.292045 0.303221 -0.065700 -0.733781 -1.622143 -1.621926 -2.386611 -2.617575 -2.407354 -3.043650 -2.786072 -1.402665 -3.131830 -1.769179 -0.468883 -0.040162 -0.121664 -0.734868 -0.866483 -0.767724
0.003647 0.001860 0.001162 0.011072 -0.005998 -0.016494 -0.000330 0.000396 0.007676 0.162636 0.061697 0.019762 -0.018580 -0.002650 -0.000069 0.001978 0.003166 0.001934 0.000317 0.000000 0.003885 0.002859 0.095325 -0.038129 -0.104586 -0.079327 -0.000003 0.022822 0.223310 0.104063 -0.018517 -0.067952 -0.102789 -0.238228 -0.372682 -0.016289 -0.000270 0.000998 0.310960 0.526852 0.632717 0.248448 -0.322146 -1.228476 -1.617846 -2.275102 -2.254246 -2.665875 -2.562561 -2.462802 -1.163150 -1.338098 -1.633911 -1.296224 -1.589348 -1.461437 -1.870883 -1.334354 -0.955173
0.001465 0.001277 0.001040 -0.027676 -0.051328 -0.072013 -0.000401 0.000555 0.007861 0.105010 -0.007511 -0.030650 -0.045796 -0.020638 -0.000083 0.000410 0.007162 0.052349 0.020383 0.006153 0.003711 -0.012485 -0.035334 -0.086330 -0.057368 -0.005378 0.000000 0.018477 -0.016778 -0.030348 -0.001583 0.015077 0.019771 0.060014 0.052783 0.025343 -0.000224 0.000308 0.183517 0.341645 0.304524 0.280142 0.204921 0.016394 -0.120989 -0.168055 -0.082445 -0.070647 -0.053306 -0.250362 -0.013054 0.000000 -0.933129 -1.221945 -1.488653 -1.551995 -2.866128 -1.289912 -1.044336
0.104387 0.036247 -0.029248 -0.068067 -0.105129 -0.004115 -0.000013 0.010098 0.029893 0.449720 -0.034234 -0.085124 -0.012926 -0.006319 0.000000 0.001111 0.000760 0.004808 0.029546 0.016680 0.002931 -0.049932 -0.089474 -0.027245 -0.023038 -0.000548 0.000065 0.008544 0.009588 0.010734 0.006373 0.009528 0.021468 0.061980 0.069564 0.103215 0.072904 -0.003690 0.140652 0.167765 0.172898 0.143295 0.068147 -0.088383 -0.017761 0.006219 0.031269 0.137861 0.144733 0.011249 -0.042864 0.000000 -0.000852 -0.007569 -0.016384 -0.044244 -0.144433 -1.260766 -1.338323
-0.232992 -0.114392 -0.084274 -0.026896 -0.049419 -0.079817 -0.000000 0.009428 -0.111996 -0.240791 -0.051135 -0.008412 -0.006812 -0.000497 0.000072 0.001030 0.000774 0.012918 0.037903 0.032784 -0.021304 -0.070946 -0.146111 -0.040427 0.000000 0.003696 0.000689 0.091277 0.010045 0.018528 0.027128 0.031328 0.038328 0.051463 0.050306 0.232065 0.257222 0.376957 0.304675 0.231531 0.152640 0.056793 -0.050771 -0.159491 -0.027989 -0.012675 -0.015900 -0.102421 -0.196336 -0.370714 -0.058003 -0.010291 -0.008923 -0.005641 -0.001761 -0.001117 -0.003436 -0.328428 -1.538176
-0.427542 -0.536104 -0.541056 -0.718307 -0.905653 -1.242999 -0.688590 -0.699328 -0.595497 -0.473930 -0.321147 -0.191056 -0.007178 -0.000228 -0.000098 0.000172 0.001186 0.000819 -0.105463 -0.187910 -0.369138 -0.656145 -0.165100 -0.023702 0.000000 0.010236 0.284340 0.107015 0.061573 0.100044 0.117638 0.107695 0.045381 0.045848 0.163376 0.292142 0.298369 0.341720 0.312725 0.173673 -0.054496 -0.313866 -0.541106 -0.354567 -0.061393 0.065584 0.097406 0.061890 -0.055758 -0.376718 -0.055913 -0.018558 -0.314246 -0.067904 -0.012576 -0.000708 -0.000062 0.000666 -0.193206
