use_cases/Flooding_chicago/flooding_data/output/hUx_3360.asc
ncols 337
nrows 393
xllcorner 428428.000000
yllcorner 4602440.000000
cellsize 26.757400
NODATA_value -9999.000000
[rows 78 to 103 of 393, columns 177 to 235 of 337]
-0.232957 -0.069039 -0.000352 0.000000 0.000656 0.013450 -0.008885 -0.002301 -0.000059 0.000026 0.003201 0.006436 0.007294 0.016198 0.030463 0.007799 0.002717 0.325318 1.630155 0.383669 1.248079 1.134868 0.934900 1.010613 0.717604 1.103134 1.028657 1.038471 1.145636 2.174634 2.052280 2.641175 3.749339 2.959373 2.095569 1.669728 0.931003 0.001342 0.009556 0.907527 1.099257 0.908203 0.286505 0.160593 -0.000164 0.000585 0.000114 0.118523 0.231230 0.494403 0.436044 0.495523 0.588466 0.199675 0.012376 0.000228 0.001223 0.000341 -0.000007
-0.100324 -0.115945 -0.145273 -0.000005 0.000035 -0.000062 -0.000038 -0.000077 -0.000150 -0.000013 0.000007 0.000303 0.005555 0.014749 0.034320 0.327847 -0.284918 -0.053223 0.296444 0.216345 0.279332 0.193561 0.686836 0.397686 0.531052 0.544212 0.642679 1.083284 1.352067 1.637847 2.305920 2.100178 2.378244 2.491379 2.426067 2.621264 3.298309 5.265265 5.626962 5.083322 6.112098 5.894283 5.914158 5.533307 6.222630 4.765141 4.655350 4.354255 4.081157 4.158318 3.295711 3.141262 3.555305 3.165543 3.227387 2.402417 2.343532 1.622913 1.096794
-0.048794 -0.160886 -0.218668 -0.204048 -0.205400 -0.001998 -0.003547 -0.000740 0.000000 0.000013 0.000222 0.005902 0.007391 0.006492 0.009752 0.016211 0.538846 0.584553 -0.000009 0.000039 -0.004022 -0.008101 -0.006031 -0.000002 0.000177 0.002037 0.247262 0.554701 0.930294 1.100646 1.634733 2.006534 1.793569 1.986432 1.161003 2.466728 1.258902 3.881943 3.094087 2.884632 3.106851 2.748806 3.017143 4.321233 4.723739 4.627624 5.201141 4.691659 4.691283 4.314569 3.654204 4.018101 3.622514 3.984204 3.622189 3.367398 2.854855 2.151177 2.180212
0.000006 0.000078 -0.172581 -0.353397 -0.350448 -0.455658 -0.001661 -0.000034 0.000002 0.000886 0.004447 0.000626 0.001777 0.003761 0.007597 0.014325 0.000680 -0.000253 0.000003 0.002563 0.008849 -0.000058 -0.000980 -0.000104 -0.000209 0.000355 0.017546 0.257284 1.404665 2.582043 2.716948 2.189396 2.538346 2.222545 1.288152 1.262438 1.318008 3.077421 2.376973 2.260333 2.093967 1.735615 1.875249 1.955703 1.922194 2.447307 3.623483 3.056637 3.089572 2.881677 2.412447 2.800091 2.633612 2.379924 2.503072 2.220021 1.929916 1.428518 1.323334
0.000074 0.000302 0.009546 -0.047314 -0.233753 -0.565931 -0.004898 -0.001064 0.000000 0.000201 0.000840 0.003065 0.003148 0.002852 0.006474 0.000271 -0.000422 0.000000 0.000718 0.002417 0.003437 0.003510 -0.007942 -0.002714 -0.001023 0.004709 0.041109 0.482472 1.364386 2.379016 3.788692 2.783271 2.935914 2.285214 1.264322 1.228864 1.268047 1.741768 1.078398 0.227543 0.042811 0.198943 0.384655 0.555868 0.614509 0.948207 1.871321 1.659839 1.633819 1.633813 1.442528 1.383549 1.555357 1.557068 1.460149 1.366017 1.012325 0.881817 0.954114
0.000212 0.006035 0.032393 0.414659 0.458452 -0.380579 -0.004684 0.000008 0.000011 0.000023 0.000087 0.001034 0.002442 0.000322 -0.000176 -0.003159 -0.000587 0.000000 0.001181 0.002572 0.000076 0.001020 0.002680 0.000097 0.000000 0.041205 0.041478 0.602381 2.020656 2.265262 2.295749 2.685210 2.088400 1.206097 1.128262 1.034488 1.027960 0.745410 0.286316 0.067525 0.005291 -0.389484 -0.466332 -0.476772 -0.332387 -0.658428 -0.792808 -1.100789 -0.606371 -0.157086 0.118406 0.155192 0.123686 0.191177 0.371618 0.559428 0.754891 0.872964 0.937482
0.003599 0.012662 0.019960 0.061738 -0.182727 -0.001363 -0.000026 0.000346 0.007821 0.028513 0.003951 0.007689 0.016868 0.001328 -0.008904 -0.001735 -0.001158 0.000000 0.000319 0.000283 0.000129 0.000882 0.000892 0.003085 0.177581 0.133544 1.401834 3.122770 2.938627 2.304176 1.704264 3.167106 0.986329 0.876326 0.677394 0.797297 0.442504 -0.003048 0.000000 0.000552 0.001411 0.143135 0.305465 0.094561 -0.004848 -0.680958 -1.801112 -1.848379 -1.032398 -0.654658 -0.231608 -0.090724 -0.000319 0.111444 0.234333 0.553819 0.645933 0.698874 0.975022
0.005007 0.009180 0.019303 0.001224 0.000216 -0.000005 0.000101 0.007741 0.024202 0.036407 0.078430 0.031485 0.008848 -0.067132 -0.004808 -0.001060 -0.000092 -0.000035 -0.000097 0.000275 0.000159 0.000918 0.002295 0.899321 1.165795 2.136911 2.632487 3.092483 2.378330 1.182937 0.603512 0.607486 1.932477 1.415432 1.627968 1.364846 0.703572 -0.001505 0.000001 0.000014 0.000275 0.254437 0.096343 -0.000019 -0.000010 -0.000000 0.000653 0.008736 -0.000204 -0.001111 0.119333 0.004040 0.005023 0.003396 0.165332 0.185819 0.243754 0.253670 0.379980
0.004774 0.014625 -0.000180 -0.007150 -0.000469 0.000000 0.003347 0.016462 0.001570 0.002838 0.004568 0.072856 0.025383 0.004358 0.004646 0.001001 -0.000028 -0.000034 -0.000030 0.000047 0.003800 0.007870 0.528527 0.169704 0.654884 1.122987 2.031955 2.394570 2.232547 1.208415 2.049208 1.609660 2.590832 0.014784 0.000566 -0.012092 -0.003172 0.000350 0.000133 0.000744 0.175376 0.080491 -0.001625 -0.000899 -0.000009 -0.000001 0.000011 0.001063 0.002933 0.004052 0.030182 -0.000003 0.000228 -0.023400 -0.025891 -0.036194 0.114533 0.196106 0.169644
0.000264 0.000111 -0.036646 -0.001223 -0.000237 0.000000 0.000350 0.000111 -0.000010 0.000018 0.001144 0.057928 0.017633 0.045297 0.015212 0.002968 0.000568 0.000030 -0.000015 -0.000000 0.000174 0.001866 0.253152 0.399412 0.808632 1.214767 1.467185 1.539574 1.498816 0.755124 0.032560 0.006243 -0.003363 -0.001556 -0.000795 -0.000008 0.000214 0.008732 0.019721 0.064602 0.052762 0.011366 -0.002470 -0.001962 -0.000387 0.000000 0.000587 0.001178 0.002217 0.003197 0.004771 0.000252 0.005090 0.047080 0.132251 0.199233 0.479649 0.518940 0.341988
-0.001829 -0.000040 -0.000112 -0.000353 -0.000190 -0.000232 -0.001652 -0.001345 -0.000015 0.000033 0.000414 0.026376 0.114760 0.056265 0.060670 0.019970 -0.020295 -0.106884 -0.001308 -0.000004 0.000009 0.003180 0.243379 1.034066 1.381926 1.792705 2.404136 2.317093 1.666013 0.565099 0.002453 0.000094 0.000003 -0.000001 0.000001 0.000524 0.002659 0.000659 0.012558 0.016908 -0.073864 -0.136720 -0.373439 -0.001260 -0.000387 0.000000 0.000587 0.001168 0.004135 0.006922 0.004134 0.000431 0.001392 0.009709 0.152126 0.215243 0.424354 0.662215 0.733117
-0.000865 -0.000028 -0.000081 -0.000243 -0.003606 -0.005422 -0.004366 -0.000033 0.000015 0.002088 0.005796 0.005454 0.004679 0.066671 0.268621 0.261033 0.312828 0.900311 1.160484 0.818978 0.561554 0.956608 1.154328 2.719960 2.512273 2.576374 2.501915 1.654142 0.674472 -1.188921 -0.010987 -0.003198 -0.000621 -0.000000 0.000379 0.001607 0.002167 0.005182 0.000873 0.002801 0.018728 -0.107901 -0.336883 -0.003217 -0.000879 0.000000 0.000979 0.005862 0.001073 0.005428 0.005989 0.004059 0.000562 0.020463 0.285650 0.320279 0.536031 0.621855 0.999813
0.000623 -0.000049 -0.000230 -0.005170 -0.009315 -0.003758 -0.001492 -0.000018 0.000010 0.000997 0.002717 0.005333 0.004518 0.393308 0.440966 0.541340 0.581371 0.957437 1.114867 1.500143 1.411484 1.538015 2.014715 1.773529 2.160424 1.418942 1.423162 1.204735 0.603761 -0.136708 -0.005973 -0.005936 -0.001717 -0.000018 0.000001 0.000410 0.001264 0.002456 0.006664 0.008816 0.033796 0.034773 0.065317 -0.008698 -0.000415 0.000000 0.000007 0.000295 0.000210 0.002354 0.005661 0.011480 0.002854 0.044183 0.321841 0.230992 0.418605 0.559192 0.747201
0.043165 -0.823731 -0.946332 -0.653643 -0.012554 -0.004683 -0.000954 -0.000002 0.000001 0.000826 0.003242 0.004496 0.368650 0.238772 0.291427 0.382692 0.555552 0.629465 0.805683 1.148120 1.142890 1.232559 1.277638 1.916442 1.802311 1.141326 1.265640 0.544905 -0.167276 -0.002952 -0.002135 -0.002200 -0.001087 -0.000368 -0.000005 0.000005 0.000246 0.005126 0.010017 0.007952 0.054947 0.011913 0.019365 0.105205 -0.013024 -0.000010 0.000001 0.000090 0.000077 0.000095 0.000088 0.001105 0.000765 0.070180 0.490880 0.337657 0.503685 0.583232 0.679464
-0.266579 -0.280620 -0.154515 -0.180280 -0.029657 -0.005654 -0.001024 -0.000000 0.000577 0.002384 0.004135 0.011581 0.373653 0.060460 0.178344 0.341045 0.506777 0.677049 0.988756 1.092996 1.259041 1.335575 1.433278 1.363001 1.149012 1.082113 0.504743 -0.013004 -0.000812 -0.005998 -0.001440 -0.001047 -0.001620 -0.000956 -0.000001 0.000001 0.004949 0.005792 0.012895 0.103014 0.041340 0.000132 0.000076 0.155303 0.002952 0.000336 0.003028 0.004622 0.000180 0.173945 0.096116 0.084227 0.112063 0.093186 0.586072 0.512773 0.907492 0.744574 0.860361
-0.671237 -0.304724 -0.015531 0.065423 0.000000 -0.000109 0.000197 0.160628 0.105876 0.963244 1.141027 1.227089 2.449166 2.816664 2.565352 2.499696 2.206696 2.176380 1.797601 1.985820 1.768866 1.599962 1.493961 1.559438 1.355363 0.968594 0.294407 0.006396 -0.000967 -0.006311 -0.005178 -0.005308 -0.003885 -0.001101 -0.000001 0.000001 0.000397 0.005783 0.006561 0.005700 0.010529 0.004679 0.000581 0.007045 0.013695 0.000749 0.006316 0.697080 0.785438 0.404690 0.643609 0.543638 0.188448 0.131974 0.217247 0.201670 0.551025 0.750791 0.760535
0.577550 0.777826 0.787470 0.308720 0.000149 0.332234 1.606380 2.035726 2.435515 2.400257 2.237869 1.812225 3.959391 3.104409 2.414807 2.149632 2.365849 2.138094 2.049785 2.381713 2.574065 2.449011 2.095469 2.195054 1.287270 0.518151 0.269326 -0.010751 -0.040522 -0.000809 -0.003801 -0.001579 -0.000223 -0.000529 -0.000169 -0.000003 0.001089 0.007926 0.013363 0.015878 0.018607 0.041518 0.013773 0.053010 0.088075 0.184956 0.120638 0.455082 0.581029 0.364417 0.594091 0.506989 0.186833 0.142568 0.078127 0.745831 0.958326 0.783250 0.993565
2.253451 1.994783 2.308456 1.779460 2.113421 3.494276 3.530018 4.050657 2.782505 2.613967 2.379355 3.733464 3.047317 3.209378 2.456184 2.606084 2.506066 2.184726 2.010077 2.195873 2.232413 2.016437 1.941090 1.378823 0.711647 0.327460 0.017851 -0.036589 -0.052500 0.008741 0.182910 -0.020960 -0.029143 -0.017546 -0.001456 0.000075 0.001278 0.006376 0.009558 0.001525 0.004680 0.032191 0.010867 0.048465 0.078396 0.187461 0.145027 0.718641 0.415238 0.399235 0.647413 0.553970 0.177339 0.134107 0.718303 0.693923 0.710490 0.703914 0.669458
1.315181 1.297721 1.582507 2.581332 2.898745 3.200011 3.353821 2.445096 2.390636 1.959573 1.620702 0.187102 0.064663 -0.225763 -0.547214 -0.695908 -0.612284 -0.321232 0.031392 0.254058 0.182452 0.255640 0.365963 0.238514 0.068072 -0.016335 -0.127846 -0.117559 -0.000083 -0.076211 -0.275402 -0.038344 -0.019484 -0.010835 -0.000560 -0.000000 0.000011 0.001849 0.004393 0.000655 0.001891 0.003661 0.004211 0.004356 0.037739 0.132021 0.134499 0.748261 0.455476 1.220297 1.154379 1.273570 2.067553 1.741347 2.340274 1.835582 1.110236 1.036751 0.921520
1.649126 1.255432 1.372225 1.904017 2.052001 1.511720 1.395042 0.563615 0.385451 0.764828 0.594901 0.058490 0.024638 0.309497 0.616046 0.247144 0.316210 0.412233 0.399903 0.325598 0.424983 0.392753 0.296355 0.197232 0.157787 0.117147 0.024140 -0.063491 -0.000021 0.000039 -1.434133 -0.016692 -0.008091 -0.006204 -0.000954 0.000000 0.000564 0.002638 0.007101 0.000546 0.000504 0.004869 0.007441 0.008026 0.017307 0.756592 0.783009 0.754146 0.471411 1.246193 1.227274 2.162986 1.931890 2.263376 2.120153 1.565412 1.688005 1.042392 0.930261
1.649932 1.748287 1.743161 1.495750 1.363815 0.545591 0.489851 0.000007 0.139437 0.737839 0.656053 1.923736 1.076370 0.931918 2.856564 2.404164 2.185251 1.835328 1.492845 1.004476 1.025785 0.797225 0.668788 0.528106 0.460128 0.345525 0.125205 0.004149 0.000041 0.000044 -0.908712 -0.449908 -0.006685 -0.002008 -0.000025 0.000001 0.001265 0.005220 0.004372 0.000183 0.000146 0.005950 0.006175 0.005405 0.058519 0.860859 0.678819 0.804008 0.902355 0.478177 0.390605 0.249811 0.438948 0.362011 0.625638 0.730730 0.591325 0.703853 0.622106
1.473321 1.124263 1.069666 0.877997 0.763719 0.342795 0.000470 0.000148 0.000040 0.454313 0.999150 1.237971 0.904187 0.836004 1.636696 1.428544 1.161023 0.977275 0.764157 0.657267 0.506878 0.439986 0.346947 0.324081 0.359040 0.184244 -0.061168 -0.059792 -0.015841 -0.037374 -0.459622 -0.404905 -0.009407 -0.001544 -0.000001 0.000001 0.000770 0.003179 0.019323 0.002728 0.000776 0.001234 0.006428 0.521976 1.832019 2.885720 2.536948 1.921858 1.298265 0.474312 0.339445 0.000002 -0.002760 -0.008174 -0.350557 -0.758821 -0.289748 0.001381 0.012189
0.496730 0.331222 0.357552 0.363805 0.301362 -0.003411 -0.000010 0.000001 0.000007 0.011109 0.253977 0.123548 0.000830 -0.000095 -0.339121 -0.670831 -0.657146 -0.375211 -0.282765 -0.229445 -0.240101 -0.239318 -0.125643 -0.018567 -0.097257 -0.225185 -0.332070 -0.184815 -0.014626 0.010421 0.225232 0.154952 -0.004126 -0.000006 0.000011 -0.000000 0.000015 0.000073 0.002617 0.001569 0.104340 0.001817 0.193975 0.908113 3.534555 0.953484 0.621155 0.254666 -0.000640 -0.000013 -0.000031 0.000108 0.000607 0.000431 0.000070 -0.179062 -0.173082 -0.006566 0.015205
0.056496 0.085684 0.094684 0.059593 -0.006866 -0.003381 -0.001319 -0.000002 0.000001 0.000847 0.015603 -0.001500 0.000001 0.000977 0.003318 0.053383 0.082854 -0.025840 0.080379 0.251142 0.251338 0.278158 0.361640 0.344218 0.102090 -0.034347 -0.145471 -0.036275 0.064113 0.267969 0.294409 0.410358 0.191828 0.135614 0.071125 0.901289 0.614671 0.293297 0.177774 0.163636 0.000300 0.004708 0.447093 -0.467305 0.012406 -0.000006 0.000001 0.000000 0.000000 0.000020 0.000134 0.000831 0.000576 -0.000013 0.000013 0.099321 -0.135616 -0.153349 0.005175
0.103332 0.070552 0.042648 -0.196694 -0.001509 -0.001135 -0.000253 -0.000008 0.000006 0.000231 0.003307 0.000016 0.000063 0.000026 0.000974 0.428898 0.640617 0.331820 0.339347 0.483590 0.363829 0.270642 0.247814 0.162543 0.123542 0.052866 0.163979 0.308424 0.546590 0.625292 0.776754 1.012633 1.256997 1.486903 1.791128 1.745485 2.824502 3.248064 0.986365 0.860638 0.669512 0.741401 0.599817 0.773410 0.205439 -0.000591 -0.000245 -0.000005 0.000005 0.000183 0.001879 0.000214 0.000999 -0.000013 0.000013 0.112855 0.055126 0.032941 0.030899
0.261021 0.297089 0.172880 -0.133042 -0.001059 -0.000249 -0.002026 -0.000616 0.000000 0.002124 0.004219 0.000749 0.000243 0.000114 0.000262 0.004992 0.503717 0.859210 0.802457 1.080774 0.804760 0.701094 0.641076 0.362744 0.250945 0.106340 0.375543 0.702999 0.876886 0.918529 1.023857 1.316931 1.181145 1.360420 1.584337 1.632354 2.825733 3.393774 2.388370 0.978952 0.722058 0.773375 0.724701 0.697483 -0.261973 -0.160440 -0.000911 -0.000000 0.000004 0.000008 0.000103 0.000081 0.000922 0.000205 0.003502 0.280823 0.261613 0.243682 0.311806
