use_cases/Flooding_chicago/flooding_data/output/hUx_720.asc
ncols 337
nrows 393
xllcorner 428428.000000
yllcorner 4602440.000000
cellsize 26.757400
NODATA_value -9999.000000
[rows 104 to 129 of 393, columns 118 to 176 of 337]
-9999.000000 -9999.000000 -9999.000000 -9999.000000 -9999.000000 -9999.000000 -9999.000000 -9999.000000 -9999.000000 -9999.000000 -9999.000000 -9999.000000 -0.000530 0.000000 0.007988 0.017478 0.016305 0.003642 0.042232 0.177083 0.067815 0.024657 0.009657 0.005544 0.003282 0.014635 0.042092 0.077463 0.163626 -0.043816 -0.138686 -0.392302 -0.592105 -0.858511 -0.020397 -0.000326 0.000208 0.013781 0.022374 0.004715 0.001293 0.005248 0.008304 0.008181 0.078885 0.159657 0.162357 0.297973 0.198381 0.052457 -0.190417 -0.015719 -0.000211 0.000201 -0.080333 -0.089885 -0.003942 0.000460 0.000670
-9999.000000 -9999.000000 -9999.000000 -9999.000000 -9999.000000 -9999.000000 -9999.000000 -9999.000000 -9999.000000 -9999.000000 -9999.000000 -9999.000000 -9999.000000 -0.000245 0.000000 0.004217 0.007929 0.013035 0.046234 0.009095 0.007700 0.002961 0.000254 0.006812 0.006704 0.003238 0.010643 0.061463 0.203974 0.133177 0.193644 0.123614 0.004450 -0.023356 -0.010936 -0.008844 0.000003 0.003984 0.021026 0.038437 0.006365 0.015860 0.023890 0.146417 0.177353 0.134242 0.025164 0.054745 0.167216 -0.215577 -0.117564 -0.017122 -0.000330 0.000641 -0.011767 -0.015966 -0.001423 -0.001818 -0.000104
-9999.000000 -9999.000000 -9999.000000 -9999.000000 -9999.000000 -9999.000000 -9999.000000 -9999.000000 -9999.000000 -9999.000000 -9999.000000 -9999.000000 -0.001217 -0.000046 0.000088 0.006755 0.017008 0.038457 0.011311 0.004431 0.002389 0.001571 0.004431 0.002073 0.002933 0.002241 0.015044 0.026399 0.125689 -0.057088 -0.001501 -0.005738 -0.009654 -0.031653 -0.021675 -0.005727 0.000000 0.015921 0.030272 0.036741 0.057662 0.101878 0.041625 0.083475 0.082615 0.063081 0.041954 0.011322 0.019819 0.007876 -0.033175 -0.023256 -0.000461 0.001912 -0.034122 -0.047483 -0.004448 -0.020019 -0.006340
-9999.000000 -9999.000000 -9999.000000 -9999.000000 -9999.000000 -9999.000000 -9999.000000 -9999.000000 -9999.000000 -9999.000000 -9999.000000 -0.000741 -0.000048 0.001172 0.000616 0.001962 0.003332 0.007171 0.004878 0.002523 0.003105 0.002593 0.019825 0.040649 0.049294 0.000101 0.013279 0.018080 0.034594 0.004520 0.000026 0.002611 0.000328 -0.002639 -0.011359 -0.006368 -0.000061 0.001021 0.009316 0.044518 0.087178 0.146225 0.081349 0.029796 0.032269 0.038469 0.041061 0.063095 0.039678 0.028440 0.026667 -0.000518 0.000091 0.004065 -0.057829 -0.380900 -0.348140 -0.038797 -0.007722
-9999.000000 -9999.000000 -9999.000000 -9999.000000 -9999.000000 -9999.000000 -9999.000000 -9999.000000 -9999.000000 -9999.000000 0.000003 -0.005529 -0.001803 0.000591 0.002124 0.004851 0.010677 0.009115 0.014346 -0.000577 0.000466 0.001099 0.011855 0.021474 0.100847 -0.000098 0.000997 0.007968 0.008155 0.001712 0.000962 0.012576 0.041365 -0.000174 -0.000579 -0.000960 -0.000104 0.000141 0.001720 0.005053 0.002808 0.010298 0.108168 0.000000 0.007299 0.014415 0.032786 0.140563 0.166135 0.056238 -0.000308 0.000011 0.000312 0.026983 0.395402 0.387323 -0.052145 -0.025476 -0.069762
-9999.000000 -9999.000000 -9999.000000 -9999.000000 -9999.000000 -9999.000000 -9999.000000 -0.001193 -0.001505 -0.000326 0.000208 -0.001522 -0.000632 0.000331 0.004235 0.005180 0.005407 0.003921 0.038362 0.078048 0.000019 0.001082 0.001540 0.001733 0.017226 0.003646 0.016104 0.018156 0.001997 0.000067 0.007030 0.151991 0.060735 -0.004208 -0.005900 0.005119 0.004590 0.001913 -0.000007 0.000141 0.000842 0.014946 0.045805 0.008676 0.003636 0.009319 0.075870 0.214163 0.106286 0.025393 -0.000485 0.000156 0.000240 0.017847 0.032359 -1.097273 -0.242474 -0.034125 -0.003501
-9999.000000 -9999.000000 -9999.000000 -9999.000000 -9999.000000 -9999.000000 -0.001870 -0.001187 -0.000487 0.000289 0.006315 -0.000234 -0.006402 0.000012 0.004109 0.004566 0.008916 0.003404 0.011495 0.008890 0.002224 0.000550 0.000401 0.053175 0.034865 0.007825 0.013664 -0.240224 -0.336260 -0.267512 0.001358 0.002145 0.024475 0.018660 -0.003152 0.001329 0.003774 0.013426 0.002896 -0.007707 -0.000296 0.000129 0.048405 0.082653 0.078859 0.206232 0.237135 0.211087 -0.000771 -0.001615 -0.001323 0.000074 0.000515 0.006775 0.018192 0.005140 0.000494 0.000000 0.003449
-9999.000000 -9999.000000 -0.012067 -0.018890 -0.010733 -0.010617 -0.003833 -0.004419 -0.000023 0.004231 0.019675 0.042954 -0.006887 -0.000792 0.000004 0.000907 0.014636 0.011735 0.001865 0.006269 0.001443 -0.000400 0.000476 0.000901 0.077708 0.053680 0.060524 0.282216 -0.008917 -0.026398 0.000000 0.007240 0.092755 0.035827 0.012620 0.000099 0.013853 0.076514 0.007750 -0.051891 -0.020188 -0.000240 0.000058 0.006463 0.017238 0.024433 0.016854 0.001543 0.001542 -0.006235 -0.029859 -0.006879 -0.000520 0.000048 0.005276 0.014543 0.009276 0.017974 0.000000
-0.004182 -0.017554 -0.014200 -0.010996 -0.043041 -0.008470 -0.000944 -0.000072 0.008652 0.023850 0.026517 0.013881 -0.021665 -0.009938 0.000000 0.019584 0.056035 0.039371 0.005750 0.000599 -0.016471 -0.021589 -0.012503 0.000000 0.004000 0.066684 0.502145 0.441654 0.571409 0.356655 0.000000 0.005878 0.063323 0.101481 0.019559 0.000004 0.018057 0.162639 0.121046 -1.021884 -0.020878 -0.006127 0.000000 0.005094 0.007492 0.009603 0.000000 0.005350 0.010222 0.024691 -0.023284 -0.013212 -0.006710 -0.000222 0.000222 0.003946 0.055091 0.010196 0.000000
-0.082592 -0.006591 -0.025166 -0.030018 -0.007701 -0.000476 0.000088 0.007770 0.010601 0.001039 0.018981 0.084858 -0.019439 -0.008474 0.000000 0.010838 0.017384 0.031376 0.004935 -0.000596 -0.062215 -0.022296 -0.010119 0.000000 0.007846 0.057704 0.018683 0.263034 0.396371 0.149033 0.000000 0.005878 0.043507 0.049407 0.006714 -0.000198 0.001922 0.011739 0.431671 0.252779 -0.023589 -0.010756 0.000000 0.011969 0.027670 0.002777 -0.000067 0.000464 0.010105 0.029645 -0.000145 -0.000956 -0.000668 -0.000070 0.000070 0.008222 0.068488 0.025069 0.010936
0.002766 -0.009044 -0.083022 -0.013424 -0.008819 -0.000126 0.000111 0.008330 0.018762 0.000903 0.001473 0.065976 0.099588 -0.000574 0.000203 0.012072 0.027609 -0.007985 -0.022674 -0.141943 -0.179733 -0.197347 -0.013416 0.000000 0.000066 0.003772 0.001910 0.003777 0.004001 0.002061 0.000000 0.007240 0.021893 0.036338 -0.003272 -0.007076 -0.000057 0.000956 0.024556 0.450515 0.398261 -0.000437 -0.000240 0.000311 0.004288 0.023015 -0.000001 0.010755 0.019198 0.031903 0.004686 0.001624 -0.000262 -0.000064 0.000062 -0.000080 -0.000394 0.005653 0.006848
0.001481 0.012486 0.003365 -0.056880 -0.019356 -0.003965 0.000003 0.008683 0.038631 0.039738 0.000040 0.021224 0.062474 0.013317 -0.007609 -0.046249 -0.097334 -0.074914 -0.302280 -0.252334 -0.273777 -0.232168 -0.025133 0.000000 -0.002349 -0.005743 -0.000836 0.000506 0.001438 0.001829 0.000598 0.008359 0.485117 0.316205 0.264593 0.156823 -0.000455 0.000446 0.000613 0.004434 0.293348 0.162838 -0.010851 0.000005 0.004290 0.016750 -0.000060 0.000253 0.006892 0.020685 0.002626 0.006342 -0.000094 0.000671 -0.001321 -0.004577 -0.001155 0.001050 0.041068
0.000070 0.024638 0.036702 0.027718 -0.088509 -0.009137 -0.000207 0.000450 0.031687 0.036527 0.018850 0.005776 0.054175 0.012517 -0.052452 -0.054877 -0.095622 -0.078309 -0.219706 -0.164824 -0.115851 -0.005470 -0.007063 -0.000896 0.000536 0.003168 0.005486 0.003096 0.001655 0.002202 0.000351 -0.000339 -0.031963 -0.117357 -0.022747 0.000084 0.002375 0.001126 0.007174 0.021409 0.051760 0.118635 -0.000479 0.000012 0.015219 0.673704 -0.013807 -0.000148 0.000351 -0.066462 -0.124810 -0.104162 0.000008 0.003712 0.003153 0.003662 0.002270 0.001248 0.005395
0.046310 0.035099 0.044431 0.037534 0.159543 0.200983 0.129250 0.077728 0.090198 0.082841 0.046020 0.026252 0.023787 0.038497 0.025135 -0.025290 -0.143927 -0.092709 -0.031981 -0.028720 -0.001645 -0.002973 0.000000 0.026239 0.072109 0.059997 0.007893 0.002020 0.000715 -0.004449 -0.013865 -0.000965 0.001806 0.055116 0.191166 0.090967 0.001319 0.016787 0.021673 0.024198 -0.020057 0.031997 0.017296 0.014914 0.231542 0.548452 0.292556 0.194469 0.057836 -0.122187 -0.082932 -0.000073 0.000181 0.048405 0.114012 0.058924 0.047247 0.017770 0.000332
0.085657 0.039008 0.040234 0.032324 0.202413 0.218656 0.179462 0.125815 0.000000 0.059524 0.145747 0.050198 0.049889 0.065076 0.049189 -0.004192 -0.177298 -0.208270 -0.083213 -0.008032 -0.023403 -0.008106 0.000000 0.011140 0.021179 0.026085 0.003248 0.002011 0.001405 -0.831818 -0.112723 -0.003638 0.001213 0.222792 0.277031 0.303519 0.243465 0.370655 0.600762 0.801489 0.350099 0.004114 -0.181834 -0.598229 -0.479545 -0.692476 -0.407785 -0.230445 -0.546932 -0.666301 -0.005378 0.000000 0.003663 0.007358 0.128227 0.009486 0.018208 -0.009159 0.001598
0.065150 0.024730 0.231953 0.025718 0.012888 0.003529 0.060673 0.049205 0.000000 0.024047 0.093503 0.029759 0.031641 0.033582 0.024348 -0.019678 -0.065560 -0.031079 -0.019136 -0.071623 -0.009453 -0.000639 -0.000042 0.000819 0.015544 -0.015575 -0.209861 -0.411890 -0.495776 -0.649938 -0.119038 -0.007653 -0.003483 0.002819 0.002489 0.240706 0.170975 0.412893 0.379425 0.948204 0.647338 0.673647 1.187375 1.114495 0.906227 0.735990 0.481533 0.356567 0.098381 -0.024049 -0.000555 0.000065 0.009696 0.123690 0.028766 0.000000 0.093156 -0.244584 -0.356697
0.002043 0.000567 0.006999 0.012633 0.007470 -0.000598 0.011373 0.055962 0.027742 0.009452 0.034281 0.025226 0.027511 0.044706 -0.027710 -0.079489 -0.086878 -0.033822 -0.028297 -0.008655 -0.000553 -0.000166 -0.000001 0.011723 0.436777 0.234296 0.228040 -0.041095 -0.005564 -0.012952 -0.029111 -0.013544 -0.012701 -0.000219 0.000990 0.016136 0.250487 0.111413 0.098763 0.085429 0.783943 -0.000872 -0.001678 -0.000858 0.000099 0.037739 -0.169181 -0.218413 -0.336765 -0.032995 -0.000479 0.000150 0.044284 0.579615 0.401838 0.000000 0.124868 -0.004267 -0.006063
-0.070909 -0.092829 -0.000301 0.003647 0.034678 0.066234 0.017769 0.113081 0.288601 0.234079 0.083212 0.026409 0.011613 -0.019026 -0.065283 -0.083704 -0.098258 -0.026752 -0.031906 -0.026300 -0.035580 -0.042676 -0.001154 -0.122766 -0.230412 -0.065713 0.055366 -0.229503 -0.002306 -0.001477 -0.006169 -0.020034 -0.002003 0.001341 0.003946 0.038827 0.047436 0.106403 0.132382 0.135543 0.881047 0.000229 0.000877 -0.036432 -0.011860 0.003429 0.018663 0.110397 0.146148 -0.000839 0.000211 0.018601 -0.440022 -0.531656 -0.308199 -0.052685 -0.139098 -0.116268 -0.010599
-0.025137 -0.001639 -0.000657 0.001668 0.017900 0.069531 0.103846 0.070294 0.037087 0.271341 0.656152 0.142938 -0.245777 -0.359519 -0.331191 -0.336764 -0.572675 -0.138976 -0.024750 -0.037280 -0.032157 -0.003179 -0.004611 -0.116899 -0.365415 -0.460039 -0.508554 -0.751462 -0.017518 -0.001128 -0.002627 -0.003633 0.000702 0.007801 0.008068 0.039390 0.080213 0.115993 0.166070 0.235151 0.613090 0.400121 0.662164 0.824108 0.650669 0.398031 0.459012 0.389816 0.380911 -0.000673 0.000283 0.026669 0.585337 0.506874 0.171058 -0.037995 -0.220119 -0.266350 -0.260858
-0.006916 -0.002792 -0.000039 0.026911 0.069205 0.103597 0.048811 0.033117 0.020927 0.007036 0.342859 0.603912 -0.144997 -0.286935 -0.302533 -0.291888 -0.370927 -0.087041 -0.102583 -0.026207 -0.025536 -0.001481 0.000058 -0.265407 -0.319720 -0.372169 -1.101151 -0.885087 -0.022832 -0.000428 0.000361 0.009904 0.005743 0.007177 0.010776 0.003436 0.036836 0.111237 0.145665 0.222572 1.173740 1.491197 0.348608 0.255399 0.183662 0.088597 -0.067127 -0.233420 -0.519718 -0.079265 0.000011 0.033671 1.449111 0.522629 -0.272859 -0.219293 -0.220103 -0.132292 -0.114674
0.082258 -0.002764 0.001468 0.004864 0.031813 0.087573 0.146994 0.055120 0.033327 0.000354 0.010035 0.561918 0.267393 -0.211013 -0.269181 -0.311862 -0.430502 -0.082682 -0.099379 -0.017385 -0.016605 -0.000533 0.000286 -0.201005 -0.018055 -0.000112 -0.004587 -0.041850 -0.021550 -0.001007 0.000602 0.001794 -0.000278 -0.000197 0.000864 0.000968 0.020338 0.057162 0.075707 0.049639 0.025220 0.026198 0.000139 0.000595 0.022477 0.217771 0.214639 0.216086 -0.004033 -0.009564 0.001909 0.012264 0.073488 -0.531566 -0.794106 -0.007483 -0.010816 -0.022408 -0.114708
0.072724 -0.002082 -0.000181 0.002752 0.025081 0.040776 0.110256 0.085051 0.004147 0.003096 0.002135 -0.028781 -0.135628 -0.148278 -0.075947 -0.003542 -0.010377 -0.001897 -0.006319 -0.011765 -0.016597 -0.036667 -0.108981 -0.191929 -0.017876 -0.002470 -0.004310 -0.016609 -0.009189 -0.001926 -0.001035 0.000012 0.000000 0.002536 0.002152 0.001246 0.026681 0.057550 0.014650 0.028616 0.040215 0.030778 0.004452 0.002813 0.003979 0.010439 -0.001294 -0.001598 -0.000984 0.000138 0.000622 0.000635 -0.000017 -0.000534 -0.013135 -0.003330 0.000108 0.017031 0.047510
0.067268 -0.026950 -0.000632 0.001242 0.012944 0.028795 0.073591 0.139136 -0.009969 -0.033940 -0.130543 -0.151680 -0.116509 -0.100458 0.000000 -0.002821 -0.001777 -0.001189 -0.001445 -0.000752 -0.032313 -0.096613 -0.292990 -0.268579 -0.017848 -0.003245 -0.007174 -0.022513 -0.008064 -0.001057 -0.000703 -0.000055 0.000029 0.001001 0.029272 0.035530 0.030055 0.017278 0.010574 0.007416 0.013714 0.023944 0.030194 0.009179 0.026844 0.028568 -0.006817 -0.013613 -0.003377 -0.001567 -0.001055 -0.000382 -0.000614 -0.000717 -0.000413 0.000000 0.006340 0.060307 0.084299
0.043661 0.019334 -0.000366 0.000480 0.019719 0.050832 0.095145 0.061960 0.010358 -0.098567 -0.191183 -0.214927 -0.196842 -0.018560 0.025365 0.093354 0.093575 0.022276 -0.012756 -0.036351 -0.127448 -0.368702 -0.433098 -0.151512 -0.003072 -0.002209 -0.001764 -0.002303 -0.001003 -0.000034 -0.001572 -0.001553 -0.001706 0.000052 0.025147 0.027007 0.023787 0.018532 0.017554 0.010871 0.002055 0.009345 0.026303 0.055256 0.080780 0.057362 -0.047007 -0.048882 -0.029086 -0.005302 -0.026060 -0.010508 -0.000182 0.000513 0.002768 0.001316 0.001375 0.035699 0.023922
0.124352 0.163131 0.092036 0.026109 0.021635 0.040059 0.130807 0.055088 0.054694 -0.039955 -0.035852 -0.054641 -0.066090 -0.016083 -0.025669 0.008342 -0.204177 -0.457789 -0.343065 -0.448221 -0.750623 -0.264380 -0.003663 0.000000 0.000200 0.000120 -0.000289 -0.001207 -0.001734 -0.002414 -0.018346 -0.027101 -0.018988 -0.000265 0.000436 0.007717 0.010131 0.013296 0.005206 -0.000084 0.000126 0.016854 0.040693 0.009473 0.016632 0.061448 -0.115230 -0.074527 -0.110205 -0.097342 -0.036847 -0.015496 -0.000048 0.016989 0.033359 0.225581 0.648309 0.101549 0.057927
-0.000018 0.173690 0.325163 0.269493 0.203255 0.137897 0.069741 0.059663 -0.000272 -0.005502 0.040577 -0.167951 -0.301465 -0.404559 -0.432892 -0.126987 -0.311737 -0.488864 -0.406865 -0.503372 -0.136536 -0.153363 -0.014981 0.000000 -0.000458 -0.002574 -0.009957 -0.019100 -0.030373 -0.017652 -0.058838 -0.032655 -0.029553 -0.008060 0.000009 -0.000281 -0.001258 -0.001674 -0.000745 -0.000069 0.000588 0.006894 0.014600 0.032058 0.049505 0.042526 -0.117534 -0.249786 -0.109190 -0.084672 -0.063550 -0.022070 -0.000756 0.001283 0.009188 0.024373 0.079725 0.000023 0.019783
