use_cases/Flooding_chicago/flooding_data/output/hUx_720.asc
ncols 337
nrows 393
xllcorner 428428.000000
yllcorner 4602440.000000
cellsize 26.757400
NODATA_value -9999.000000
[rows 208 to 233 of 393, columns 59 to 117 of 337]
-0.403621 -0.536872 -0.444582 -0.071651 -0.129642 -0.007340 -0.000363 0.000206 0.000372 0.042289 0.038053 0.198518 -0.000948 -0.000995 -0.000256 -0.000146 0.000382 0.019690 -0.544299 -0.979263 -0.255333 -0.004101 -0.012654 -0.001131 0.000120 0.014313 0.037291 0.127395 0.019809 0.050565 0.140166 0.128573 0.094709 0.000048 0.148607 0.710108 0.548532 0.891223 0.733076 0.243106 0.001826 -0.164111 -0.640861 -0.301052 -0.230865 -0.200816 -0.214321 -0.319572 -0.075718 -0.041839 -0.004516 -0.015445 -0.258781 -0.054760 -0.009214 -0.000774 -0.000388 0.000563 0.000756
-0.463571 -0.640803 -0.343004 -0.494955 -0.117066 -0.010599 -0.000007 0.000389 0.000146 0.000000 0.059576 0.109655 0.041475 0.044342 0.024179 -0.000702 -0.020811 -0.735363 -0.783771 -0.195389 -0.203558 -0.168862 -0.001688 -0.000055 0.000406 0.011866 0.199225 0.101041 0.055048 0.012881 0.188802 0.134965 0.082066 0.000496 0.212095 0.701151 0.397213 -0.001479 -0.001233 -0.000559 0.003123 0.003323 -0.008218 -0.015389 0.010547 0.023432 -0.118826 -0.062600 -0.044244 -0.013182 -0.000360 0.000360 0.003589 0.004100 -0.000070 -0.000787 -0.000533 -0.000424 0.000019
-0.520019 -0.274632 -0.225069 -0.183097 -0.194827 -0.007154 -0.000000 -0.002858 -0.034471 -0.012971 0.000000 0.020553 -0.098806 -0.122309 -0.130972 -0.109528 -0.411158 -0.641542 -0.000470 0.001362 -0.107116 -0.122783 -0.108657 -0.076212 0.000035 -0.014231 0.004123 0.054805 0.062136 -0.009720 0.005960 0.217671 0.319078 0.458748 0.398977 0.261039 -0.000011 0.001791 0.001232 0.002783 0.006949 0.005494 0.048867 0.043275 0.036192 -0.004899 -0.008933 -0.008315 -0.041953 -0.024898 -0.000360 0.000360 0.002799 0.002766 -0.024658 -0.049550 -0.035094 -0.096354 -0.020612
0.000664 -0.143811 -0.182709 -0.251732 -0.368419 -0.159636 -0.186260 -0.226410 -0.051076 -0.012432 0.000000 0.028945 -0.266418 -0.302577 -0.451901 -0.549794 -0.508298 -0.082265 0.000601 0.010985 0.009776 0.005317 0.001709 0.005546 0.000040 0.104643 0.097826 -0.008621 -0.016843 -0.025997 0.022117 0.494157 0.684725 0.730917 0.326451 0.221925 -0.000281 0.000675 0.001537 0.005974 0.269604 0.202359 0.223655 0.314633 0.111699 -0.012540 -0.011755 -0.002530 -0.002225 -0.003225 -0.000839 0.000362 -0.206170 -0.300021 -0.415245 -0.940140 -0.568760 -0.172162 -0.198854
0.000360 -0.178818 -0.241721 -0.352256 -0.482549 -0.182687 -0.212089 -0.227752 -0.013145 -0.001674 -0.001451 -0.003091 -0.000414 -0.001408 -0.164916 -0.255681 -0.010494 0.000000 0.007318 0.006970 0.031592 0.011275 -0.016189 -0.000426 0.000549 -0.004903 -0.001100 -0.005568 0.000190 -0.025986 0.055867 0.078818 0.039735 0.095217 0.111022 0.079672 -0.000216 0.000845 0.016937 0.321800 0.335346 0.410550 0.369548 0.204972 -0.139147 -0.037289 -0.040534 -0.018752 -0.000924 -0.000267 0.001127 0.032218 -0.031313 -0.150175 -0.312219 -0.033010 -0.000911 -0.002363 -0.001685
0.000360 -0.001743 -0.007214 -0.023450 -0.086400 -0.161398 -0.231282 -0.245555 -0.241001 -0.028771 -0.058758 -0.016965 0.000000 0.006319 0.033337 -0.034960 -0.009086 0.000012 0.011085 0.014069 0.002503 0.000734 0.000015 0.000012 0.004071 0.001108 -0.000229 0.000011 0.003230 0.002409 0.168639 0.153978 0.063740 0.033584 -0.004539 -0.003728 0.000176 0.069953 0.454191 0.216087 0.066558 -0.029486 -0.053595 -0.078316 -0.004930 -0.019924 -0.006503 -0.000833 -0.001338 -0.000222 0.000222 0.005260 0.020195 -0.068703 -0.028502 -0.015035 -0.001957 -0.004536 -0.005843
-0.000520 -0.000844 -0.000983 0.000186 -0.005207 -0.000173 0.000086 -0.104731 -0.140948 -0.024961 -0.083031 -0.008146 0.000000 0.003663 0.013165 0.001402 -0.000678 0.000312 -0.001235 -0.000899 -0.000020 0.000912 0.000721 0.000563 0.001047 0.000448 -0.000064 0.000358 0.000540 0.008054 0.232731 -0.001822 0.000676 0.001759 0.000872 0.000444 0.002214 0.052350 0.042051 -0.281659 -0.515555 -0.516874 -0.765856 -0.998068 -0.697873 -0.026640 -0.001489 -0.000975 -0.001027 -0.000104 0.000120 -0.250868 -0.199362 -0.203886 -0.050322 -0.020430 0.000000 -0.014786 -0.050119
-0.135649 -0.059425 -0.015478 0.000000 -0.007708 -0.001287 0.000123 -0.031165 -0.098089 -0.028619 -0.021698 -0.010318 0.000000 0.005057 0.003182 -0.000919 -0.000972 -0.001232 -0.001808 -0.002217 0.000000 0.006995 0.016783 0.152079 0.087899 0.109713 0.126378 0.141434 0.123928 0.476122 0.374406 -0.007761 0.000040 0.001583 0.000413 0.000412 0.001829 0.000859 0.002963 0.000477 -0.000300 -0.101866 -0.494661 -0.963958 -1.123132 -1.494442 -0.274710 -0.013172 -0.053935 -0.130327 -0.332361 -0.406651 -0.348923 -0.239736 -0.019081 -0.007462 0.000000 -0.019685 -0.057103
-0.010592 -0.019573 -0.014643 -0.030623 -0.059108 -0.016924 -0.000125 0.000396 -0.116803 -0.021276 -0.006918 -0.000378 0.000141 0.011780 0.098280 0.021417 -0.002678 -0.008172 -0.001053 0.000148 0.000261 0.024355 0.295144 0.516364 0.128073 0.131147 0.134055 0.138279 0.114963 0.218958 0.106223 -0.021831 -0.007079 -0.000727 -0.000791 -0.000640 0.000001 0.010242 0.037767 0.008552 0.008015 -0.173077 -0.478938 -0.609802 -0.898191 -1.234266 -1.659708 -0.788457 -0.882029 -0.428117 -0.279411 -0.308964 -0.021033 -0.002923 -0.005429 -0.002956 -0.004933 -0.017612 -0.050730
-0.007678 -0.008381 -0.002669 -0.001653 -0.004855 -0.006523 -0.000013 0.091686 -0.004606 -0.026034 -0.000854 -0.000072 0.000204 0.114286 0.045667 -0.021847 -0.178627 -0.020519 -0.000045 -0.000093 0.000370 0.004346 0.110868 0.059190 -0.000437 0.000332 0.054220 0.064673 0.053649 -0.001008 0.000617 -0.096512 -0.031040 -0.013976 -0.000576 -0.000545 0.000035 0.009288 0.032757 0.009006 0.029776 0.031051 -0.020200 -0.008024 -0.003623 -0.177441 -0.369676 -0.650012 -0.836045 -0.436516 -0.028560 -0.000920 -0.001244 -0.001802 -0.002616 -0.002811 -0.007695 -0.057359 -0.068941
-0.102058 -0.014645 0.101156 -0.020017 -0.010801 -0.001185 -0.000246 -0.052071 -0.012141 -0.019880 -0.015100 -0.019889 -0.031865 -0.044887 -0.079966 -0.079986 -0.109511 -0.001347 0.003828 -0.090689 -0.027658 -0.000295 0.000447 0.002791 -0.001006 0.000428 -0.002739 -0.091759 -0.004512 0.000001 0.006172 0.004055 -0.000361 -0.000837 -0.000597 0.000204 0.000948 0.019247 0.042319 0.009516 0.003254 -0.001705 -0.015691 -0.033143 -0.038571 -0.057195 -0.100658 -0.168052 -0.268915 -0.232017 -0.078622 -0.000439 0.000259 0.007617 -0.011904 -0.045645 -0.082849 -0.199939 -0.048725
-0.677088 -0.897966 -0.790367 -0.886152 -0.064036 -0.004087 -0.007360 -0.014083 -0.023529 -0.031960 -0.243260 -0.042473 -0.036078 -0.027211 -0.037018 -0.028823 -0.000834 0.000471 0.037818 0.017124 -0.000771 -0.000308 0.000832 0.009118 0.256039 -0.002747 -0.003756 -0.010372 -0.009342 0.000019 -0.002542 -0.001065 -0.002067 -0.000823 -0.000521 0.000437 0.000807 0.006546 0.002254 0.000788 0.001193 0.009197 0.071542 -0.023620 -0.046522 -0.076355 -0.073623 -0.128958 -0.160366 -0.205965 -0.150674 -0.202272 -0.188303 -0.370552 -0.400835 -0.278019 -0.803942 -0.437725 -0.059614
-0.484538 -0.432930 -1.135146 -0.809294 -0.091347 -0.002989 -0.007333 -0.013920 -0.016632 -0.034132 -0.218174 -0.042697 -0.042185 -0.032363 -0.061121 -0.050571 -0.001144 0.000690 0.032049 -0.057603 -0.007342 -0.000013 0.004381 0.003087 0.066209 -0.006714 -0.027652 -0.009035 -0.000596 0.000505 -0.010232 -0.011566 -0.001255 -0.000103 0.000272 0.001214 0.000875 0.001178 0.000596 0.000448 0.006094 0.015880 0.002843 -0.014309 -0.031983 -0.042165 -0.120621 -0.220934 -0.275883 -0.108571 -0.172174 -0.188411 -0.186003 -0.438530 -0.065555 -0.074697 -0.013524 -0.048731 -0.061388
-0.026670 -0.056211 -0.114712 -0.180060 -0.128826 -0.040298 -0.091928 -0.024968 -0.000081 0.000626 -0.007457 -0.010490 -0.000208 0.000326 -0.023847 -0.084459 -0.006054 0.000000 0.005361 0.099510 0.030911 0.006269 -0.001644 -0.140950 -0.590094 -0.463277 -0.004422 -0.000933 -0.000833 0.001101 -0.278908 -0.121347 -0.000056 0.001609 0.000711 0.005857 0.005209 0.005750 0.002500 0.000994 0.000748 0.001989 -0.014374 -0.005461 -0.002836 -0.003057 -0.004873 -0.009218 -0.327373 -0.146339 -0.640284 -0.180471 -0.217071 -0.230799 -0.811167 -0.422444 -0.045808 -0.018487 -0.012200
-0.020117 -0.049858 -0.060373 -0.066234 -0.170088 -0.078027 -0.013584 -0.007145 0.000000 0.008624 0.041979 0.005873 -0.000003 -0.004155 -0.007690 -0.008144 0.000074 -0.000060 0.000623 0.084930 0.098584 -0.437562 -1.115860 -0.297160 -0.162750 -0.168441 -0.156913 -0.044476 -0.000364 0.000434 -0.006380 -0.004682 -0.000002 0.014855 0.047151 0.019320 0.014570 -0.114388 -0.134612 -0.078526 -0.136300 -0.202861 -0.223604 -0.046176 -0.005138 -0.008789 0.000000 -0.062873 -0.108129 -0.270373 -0.222090 -0.295495 -0.203057 -0.238960 -0.883129 -0.458183 -0.075395 -0.022887 -0.019852
-0.006614 0.001383 -0.016900 -0.040328 -0.157734 -0.121948 -0.013566 -0.007145 0.000000 0.006411 -0.285756 -0.395568 -0.627555 -0.760581 -0.711116 -0.606789 -0.518402 -0.440361 -0.443975 -0.422536 -0.409847 -0.341751 -0.034588 -0.007985 -0.017453 -0.028602 -0.065641 -0.031726 -0.039470 -0.032255 -0.020366 0.000000 0.024836 0.075376 0.030391 0.014791 0.007790 -0.083435 -0.065768 -0.133345 -0.348817 -0.317271 -0.482415 -0.091092 -0.015339 -0.050966 -0.103392 -0.114672 -0.122893 -0.228780 -0.171676 -0.190276 -0.166952 -0.000819 0.000075 -0.137724 -0.048748 -0.108880 -0.017690
0.000000 0.023809 -0.027473 -0.114251 -0.072207 -0.122817 -0.137201 -0.000596 -0.000077 0.000581 -0.076940 -0.059975 -0.093215 -0.001308 -0.003668 -0.169674 -0.161477 -0.236470 -0.158311 -0.227734 -0.164090 -0.092075 -0.008322 0.000000 -0.021340 -0.010982 -0.027286 -0.301038 -0.025637 -0.011002 0.015231 0.035125 0.023867 0.071877 0.165278 0.054677 -0.095764 -0.130447 -0.016527 -0.072849 -0.062026 -0.051731 -0.218336 -0.201812 -0.306232 -0.319454 -0.110189 -0.139853 -0.137903 -0.336066 -0.332434 -0.451025 -0.386837 -0.011120 -0.000472 0.000205 -0.020411 -0.072891 -0.015975
-0.010069 -0.001699 -0.128011 -0.229354 -0.151168 -0.247347 -0.357502 -1.442625 -0.592040 -0.686940 -0.514346 -0.301711 -0.214238 -0.000365 -0.000192 0.023803 -0.023261 -0.283086 -0.356536 -0.018649 -0.982385 -0.125728 -0.017748 0.000000 -0.038275 -0.017452 -0.033463 -0.365504 -0.089246 -0.000018 0.031516 0.039264 0.026534 0.068645 0.124323 0.536995 0.558409 0.087941 0.040445 -0.042110 -0.089867 -0.163056 -0.305638 -0.193424 -0.276958 -0.294397 -0.125182 -0.161866 -0.161524 -0.146937 -0.116952 -0.092113 -0.140846 -0.008087 -0.001137 -0.002078 -0.004176 -0.015971 -0.013120
-0.028674 -0.037810 -0.051079 -0.095484 -0.159667 -0.219052 -0.289131 -1.002680 -0.275144 -0.004074 -0.004107 -0.108465 -0.006214 -0.000090 0.000284 0.010331 0.036424 0.001947 -0.000314 0.000017 0.000318 -0.019635 -0.022516 -0.049232 -0.101048 -0.020254 0.000003 -0.006588 -0.009118 -0.000747 -0.000375 0.000466 0.037363 0.087443 0.108734 0.536272 0.592805 0.129834 0.090178 0.024086 -0.028064 -0.023528 -0.049709 -0.071372 -0.022330 -0.062130 -0.140895 -0.168050 -0.645254 -0.169997 -0.155745 -0.148377 -0.171577 -0.198889 -0.031042 -0.099968 -0.014873 -0.000928 -0.001438
-0.048116 -0.068623 -0.074830 -0.084098 -0.091175 -0.096947 -0.085749 -0.041252 -0.014530 -0.023557 -0.060204 -0.014712 -0.005246 0.000000 0.005878 0.011314 0.002475 0.000270 -0.000828 0.000070 0.000948 0.018516 -0.663920 -0.076384 -0.007905 -0.000326 0.000208 -0.025568 -0.034288 -0.035533 -0.001321 -0.000258 0.001182 0.010188 0.019634 0.363642 0.153467 0.090650 0.001256 -0.010824 -0.031496 -0.022191 -0.052676 -0.100211 -0.033068 -0.000909 0.000158 -0.083478 -0.134054 -0.174649 -0.170669 -0.180405 -0.227100 -0.296058 -0.364934 -0.124955 -0.012567 -0.029839 -0.034563
-0.066532 -0.091157 -0.089519 -0.086087 -0.277005 -0.060662 -0.077648 -0.002222 -0.009610 -0.015343 -0.059111 -0.021336 -0.008575 0.000000 0.005878 0.011951 0.002342 -0.000719 -0.001784 0.000000 0.006338 0.032533 0.473559 -0.001633 -0.004016 -0.006087 -0.019141 -0.046832 -0.056721 -0.052122 -0.044076 -0.001414 0.001425 0.001248 0.004633 0.015799 0.212541 0.131811 0.138767 0.058301 -0.034853 -0.140399 -0.051768 -0.006796 -0.017571 -0.003875 -0.003395 0.000009 0.015172 -0.021606 -0.076332 -0.083928 -0.109521 -0.176980 -0.101555 -0.235219 -0.286455 -0.028823 -0.058488
-0.085335 -0.120677 -0.366649 -0.293160 -0.335754 -0.331357 -0.033741 -0.000820 -0.001542 -0.002854 -0.029433 -0.003663 0.000000 0.015999 0.053245 0.360883 0.654137 -0.000612 0.000492 0.023451 0.001949 -0.046130 -0.021332 -0.000051 0.034111 -0.189687 -0.078518 -0.047242 -0.001013 -0.001229 -0.001572 -0.000143 0.002182 0.012188 0.021456 0.023665 0.113410 0.060259 0.064683 0.052661 -0.004832 -0.038823 -0.012107 -0.003273 -0.005042 -0.005546 -0.000253 0.000442 0.008620 0.006738 0.013503 0.008324 0.002140 -0.004198 -0.000469 0.000051 -0.252275 -0.294078 -0.055051
-0.055508 -0.069065 -0.076611 -0.186979 -0.274903 -0.340597 -0.080120 -0.001351 -0.003404 -0.004506 -0.011138 -0.008018 -0.000365 0.000628 0.001407 -0.039523 -0.000010 -0.000028 0.052277 0.208312 -0.009195 -0.101150 -0.059315 0.001054 0.140083 0.205834 0.161111 -0.019037 -0.001000 -0.001165 -0.001339 0.000046 0.001940 0.026842 0.061944 0.220428 0.083503 -0.040178 -0.119971 -0.256785 -0.454882 -0.006254 -0.003223 -0.007562 -0.006860 -0.000573 0.000469 0.022635 0.022862 0.016988 0.023676 -0.011620 -0.092826 -0.427445 -0.031122 -0.000753 0.000458 -0.497177 -0.047600
0.071252 0.106560 0.063062 0.026476 -0.017230 -0.040790 -0.161785 -0.111997 -0.013866 -0.000002 -0.029496 -0.036115 -0.060864 -0.000394 0.000541 0.000648 -0.000358 -0.000417 0.000275 0.025324 0.193596 0.126294 -0.003444 -0.230678 -0.267115 -0.607290 -0.449637 -0.083785 -0.008294 -0.009298 -0.006665 -0.000508 0.000629 0.027983 0.059096 0.396258 0.000096 -0.004362 -0.000467 0.002852 -0.029047 -0.073154 -0.042587 -0.008760 -0.009755 -0.000458 0.000527 0.019455 0.023643 0.020996 0.017301 -0.092405 -0.165510 -0.394814 -0.036989 -0.002825 -0.002596 -0.005351 -0.009768
-0.050993 -0.111655 -0.146261 -0.001780 -0.007766 -0.019645 -0.041016 -0.104684 -0.014408 -0.000068 0.003617 0.004817 0.014216 0.027233 0.025668 0.016562 0.051519 0.053645 -0.001171 -0.000654 -0.000228 0.000018 0.001138 0.001209 0.009570 0.003022 -0.014701 -0.026166 -0.004778 -0.002755 0.000466 0.000250 0.000027 0.015000 0.029686 0.007869 0.002605 0.001081 0.009859 0.022136 -0.008777 -0.073846 -0.039366 -0.004454 -0.009922 -0.000016 0.004915 0.016744 0.024432 0.023711 0.007300 0.006602 -0.000988 -0.001726 -0.002521 -0.002269 0.001388 0.001311 0.000322
-0.008533 -0.020821 -0.105214 -0.009455 -0.000097 0.001012 -0.010493 -0.116627 -0.017448 -0.001429 -0.000024 0.000188 0.000873 0.021941 0.021492 0.012974 0.041459 0.034295 -0.001121 -0.001379 -0.000222 0.000222 0.002834 0.002435 0.010543 0.005292 -0.001334 -0.001740 -0.001197 0.000807 0.001789 0.000228 -0.000113 0.001032 0.004127 0.002456 -0.033904 -0.062630 -0.227084 -0.325164 -0.481450 -0.018043 -0.008843 -0.000114 0.001020 0.074470 0.217923 0.033804 0.023034 -0.000208 0.000326 -0.000401 -0.001273 -0.002158 -0.002544 0.000000 0.008718 0.029794 0.004878
