use_cases/Flooding_chicago/flooding_data/output/hUx_2700.asc
ncols 337
nrows 393
xllcorner 428428.000000
yllcorner 4602440.000000
cellsize 26.757400
NODATA_value -9999.000000
[rows 182 to 207 of 393, columns 177 to 235 of 337]
0.057685 0.058399 0.101681 0.400992 0.450835 0.170986 0.427006 0.441001 0.314945 0.181221 -0.376618 -0.046422 -0.000167 0.000142 0.006649 0.038193 0.086783 0.379842 0.771938 0.849904 0.935270 0.519043 0.003607 -0.000169 -0.288797 -0.062459 -0.008906 -0.000632 0.000651 0.001444 0.000075 0.020731 0.063344 0.355415 0.212234 0.175113 -0.105543 0.000534 0.004480 0.001055 0.007452 0.009308 0.008073 0.003304 0.001338 0.001915 0.001967 0.012262 0.012212 1.783930 3.346200 2.587723 1.176825 0.612468 0.002676 0.001365 -0.420726 -0.425275 0.108177
0.043173 0.038299 0.157348 0.443680 0.256287 0.149431 0.467436 0.608884 0.849686 1.272819 0.513160 0.096474 0.118260 0.077794 0.133061 0.591952 0.443259 0.634080 0.707237 0.248519 -0.061139 -0.008618 0.000010 -0.016333 0.019619 -0.000737 -0.000763 0.000019 0.005196 0.005376 0.007261 0.004550 0.030407 0.086016 -0.095439 -0.012121 -0.000058 0.000592 0.013187 0.014416 0.003887 0.003745 0.002894 0.019367 0.137697 0.864589 1.031032 1.214120 2.432908 4.333159 2.445137 0.158285 -0.777309 -0.416653 -0.012728 0.000961 0.007817 0.021280 0.002184
0.108634 0.259259 0.110516 0.049996 0.053303 -0.234567 -0.393272 -0.498610 -0.307397 -0.007796 -0.000083 0.000067 0.009407 0.111443 0.239788 0.628845 0.470204 0.270415 -0.168267 -0.030960 -0.009456 -0.000158 0.000368 0.009389 0.158343 -0.000687 0.000144 0.000760 0.030641 0.231713 0.000488 0.003110 0.005009 0.068334 -0.004488 -0.000360 0.000360 0.006387 0.032860 0.051469 0.011834 0.016691 0.008543 0.445421 2.221056 3.681815 3.563163 3.906942 3.296884 2.785999 0.738832 -0.637305 -0.543706 -0.525567 -0.105537 -0.000586 0.000271 0.000364 0.001201
0.019612 0.037265 0.003589 0.009870 0.009030 -0.465080 -0.898005 -1.322333 -0.049176 -0.006353 -0.000464 0.000067 0.008073 0.021641 0.134979 0.019490 -0.004743 -0.008464 -0.051015 -0.018372 -0.001297 0.000407 0.001620 0.006131 0.175441 -0.000930 0.000741 0.026075 0.076030 0.239364 0.138619 0.302432 0.199997 0.084815 -0.016109 -0.000360 0.000360 0.018252 0.035884 0.062748 0.084061 0.789179 1.730943 2.196858 2.369605 2.536774 1.697732 -0.000062 0.000068 -0.661290 -0.935142 -1.199107 -1.492898 -0.573575 -0.310622 -0.012856 0.000000 0.008583 0.019643
0.009420 0.032891 0.003194 0.001773 0.032285 0.363023 -0.881970 -1.609001 -1.302866 -0.016983 -0.005350 0.000000 0.012122 0.031875 0.035934 0.000264 -0.008231 -0.013167 -0.025616 -0.026056 -0.002819 0.001921 0.004322 0.028870 0.125514 -0.000847 0.000043 0.022139 0.027930 0.003206 0.208793 0.249268 0.366058 0.483086 0.479589 -0.000301 0.000015 0.001609 0.010497 0.072093 0.937818 0.992491 1.253266 1.490337 1.685011 -0.048800 -0.009322 -0.000092 0.000301 0.011565 0.215078 -0.791022 -1.504040 -1.606308 -0.647929 -0.005500 0.000000 0.005878 0.013996
0.079651 0.022509 0.007264 0.004181 0.011789 0.040483 0.007973 -0.095034 -0.735008 -0.083856 -0.011376 -0.000066 0.000558 0.010495 0.021976 0.014679 -0.004181 -0.050485 -0.012344 -0.005420 -0.002980 0.006020 0.007366 0.027166 -0.004739 -0.039094 -0.011295 -0.000416 0.005869 0.027505 0.083727 0.000050 0.002098 0.002610 0.458589 0.364045 0.151519 0.047848 0.045088 0.532339 0.340749 0.225661 0.402629 0.199354 -0.022518 -0.014761 -0.007170 0.000000 0.005878 0.027925 0.296490 -0.687128 -1.416229 -2.357806 -1.673244 -0.019560 0.000000 0.005878 0.026207
0.003905 0.002686 0.001627 0.012754 0.023233 0.076405 0.036541 -0.233656 -0.437091 -1.051808 -0.043091 -0.004386 -0.000889 -0.000666 0.000198 0.007987 0.037731 0.037348 -0.001335 -0.003035 0.000100 0.002942 0.006573 0.019024 -0.021151 -0.042235 -0.023552 -0.010133 0.000000 0.013250 0.016742 0.002058 0.001700 0.002480 0.018278 0.367276 0.339220 0.274979 0.090825 0.434566 0.193248 0.124346 0.113402 -0.081488 -0.023922 -0.019294 -0.007122 0.000000 0.005878 0.011894 0.075467 0.604933 0.510775 -1.123967 -0.328527 -0.191862 -0.000733 0.001188 0.002381
0.004761 0.004387 0.002379 0.009463 0.015395 0.098392 0.050907 -0.079871 -0.160424 -0.279834 -0.063356 -0.033227 -0.024020 -0.002648 -0.003639 0.000005 -0.002018 -0.000391 0.000093 0.000088 -0.000304 0.000011 0.009301 -0.050521 -0.109174 -0.109036 -0.015685 -0.007803 0.000000 0.002964 0.000456 0.000018 0.012883 0.030627 0.042012 0.043841 0.198666 0.142305 0.490800 0.378307 0.416642 0.340273 0.409794 0.053866 -0.335415 -0.001580 -0.000678 0.000186 0.000625 0.009051 0.225348 1.086988 2.122899 1.738109 0.905839 -0.453546 -0.066766 -0.001647 0.001680
0.001554 0.001659 0.015060 0.027573 0.129912 0.062996 0.042204 -0.218320 -0.286812 -0.559611 -1.167578 -0.102748 -0.032061 -0.025001 -0.000509 0.000142 -0.033971 -0.007506 -0.000516 0.000060 0.000377 0.000674 0.025602 0.462042 0.634752 0.125716 0.044986 -0.062448 -0.026211 -0.001516 -0.000077 0.000260 0.025123 0.046996 0.063740 0.080060 0.177929 0.097723 0.701381 0.785295 0.822637 0.835159 0.718371 0.223118 -0.081555 0.000668 0.193511 0.834804 1.469304 2.271746 2.628568 2.265167 3.092794 2.133786 1.453385 -0.027084 -0.001424 -0.002490 0.003499
0.014634 0.005627 0.012062 0.119407 0.174483 0.097291 0.072149 0.625627 0.492707 0.337186 -0.076606 -0.181708 -0.123956 -0.046956 -0.017486 -0.000844 -0.001872 -0.010001 -0.005791 -0.000326 0.000208 0.006364 0.013230 0.430528 -0.126844 -0.379694 -0.544932 -0.075346 -0.051917 -0.017878 -0.000126 0.000138 0.020721 0.047837 0.062411 0.082910 0.166795 0.615420 0.426140 0.931439 1.093051 0.862907 0.658821 0.538811 0.527141 0.718623 1.450223 2.403699 2.555456 2.288616 2.327271 3.353605 2.633705 0.577747 -0.085726 -0.023637 -0.006836 0.000000 0.005878
0.020147 0.093995 0.233382 0.130996 0.207945 0.591325 0.413640 0.499100 0.209504 -0.178744 -0.078337 -0.078268 -0.070738 -0.033799 -0.002153 -0.000360 0.000457 -0.124997 -0.024988 -0.007224 0.000003 0.006034 0.013013 0.264445 -0.042238 -0.131000 -0.008327 -0.002402 -0.010924 -0.004023 -0.000346 0.000180 0.007843 0.017192 0.022136 0.029619 0.091295 0.692485 0.608017 0.519475 0.258420 0.564334 0.799153 0.441575 0.448676 0.757812 0.806132 0.820205 0.734343 0.397046 0.320475 0.527150 0.216461 -0.033042 -0.008665 -0.031274 -0.006051 0.000000 0.005878
0.019648 0.005616 0.005299 0.006090 0.185696 0.403589 0.417923 0.275527 0.099013 0.126360 -0.016349 -0.020375 -0.039367 -0.021904 -0.025669 -0.000020 -0.008064 -0.055068 -0.010042 -0.000266 -0.000006 0.000502 0.014454 0.174416 -0.074417 -0.007661 -0.000590 -0.002382 -0.003882 -0.016129 -0.007862 -0.000180 0.000346 0.004023 0.010536 0.010395 0.042444 0.484282 0.287628 0.211044 0.147288 0.378829 0.271114 -0.057842 -0.213716 -0.308429 -0.215900 -0.142226 -0.076233 0.052326 0.055112 0.048888 0.026258 -0.004800 -0.010092 -0.007024 -0.004145 0.000250 0.027776
-0.005164 0.000000 0.018412 0.061315 0.168508 -0.083459 -0.297864 -0.314176 -0.654559 -0.862288 -0.105296 -0.045987 -0.014634 -0.023176 -0.014679 0.007865 0.017580 -0.153999 -0.010388 -0.000092 0.000091 0.012939 0.030823 0.356188 -0.201019 -0.008107 0.000000 0.007434 0.025364 -0.013756 -0.004761 -0.000105 0.000124 0.008748 0.015399 0.018699 0.047687 0.184682 0.069026 -0.036664 0.033898 0.209882 0.105701 -0.104710 -0.550879 -0.849278 -0.929743 -1.027490 -1.078372 -0.954657 -0.606382 -0.122735 -0.016075 0.002975 0.004818 0.759802 1.026639 1.674013 2.441385
-0.009213 -0.006239 0.004308 0.006200 0.004463 0.001566 0.001838 -0.016239 -0.124827 -0.365006 -0.060095 -0.009335 -0.022847 -0.024091 -0.018014 -0.000364 0.000421 0.032423 0.059247 0.034087 0.009043 0.037248 0.095278 0.087811 -0.080696 -0.010114 0.000000 0.009182 0.015229 -0.000135 -0.000257 -0.000102 0.000108 0.011309 0.029165 0.041934 0.055411 0.264132 0.087772 0.038831 -0.021966 -0.040806 -0.003973 -0.004619 -0.002917 -0.032892 -0.405462 -0.810541 -1.203451 -1.346609 -0.847769 -0.665700 -0.070085 0.211041 0.385014 1.926576 2.359865 3.042815 3.358467
-0.009775 -0.007052 0.000525 0.011956 0.004999 0.001355 0.010602 0.124106 0.059387 -0.035502 -0.031755 -0.008345 -0.000023 -0.006505 -0.009313 -0.000652 0.000969 0.094470 0.095652 0.062909 0.116254 0.174583 0.173453 0.064901 -0.054662 -0.005382 -0.000104 0.000230 0.005580 0.000831 -0.001261 -0.000002 0.000388 0.000684 0.008172 0.026702 0.027148 0.365158 -0.000004 0.043361 0.053112 0.174100 -0.004160 -0.003781 0.001702 0.004697 0.268682 0.094949 -0.310867 -0.613259 -0.489311 -0.508636 0.189127 0.610761 0.924303 2.541917 2.694726 2.292989 1.881009
-0.000492 0.000010 0.005374 0.056780 0.000861 0.000645 0.020398 0.161712 0.229102 -0.166277 -0.203262 -0.023542 -0.000878 -0.001059 -0.001164 0.000218 0.001688 0.008983 0.087172 0.040180 0.113102 0.152160 0.156993 0.232756 0.223418 -0.007555 -0.000517 -0.001249 0.001526 0.000858 -0.000222 0.000577 0.000951 0.000659 0.011575 0.031024 0.176589 0.158685 -0.000105 0.096776 0.209427 0.463031 0.508981 0.721393 0.857376 0.574205 0.544075 0.495529 1.081167 1.217116 1.088266 0.979481 1.321384 1.529519 1.904171 1.836381 1.556426 0.536629 -0.032810
-9999.000000 -0.001369 0.000105 0.000205 0.017315 0.043660 0.052649 0.117153 0.324456 0.400272 -0.133291 -0.021091 -0.011755 -0.000905 -0.000682 0.000375 0.000947 0.007931 0.052163 0.018162 0.067743 0.100693 0.108152 0.197040 0.124008 -0.027031 -0.008950 -0.000104 0.030815 0.089483 0.037111 0.000016 0.012029 0.041544 0.057873 0.101032 0.430895 0.221408 0.235713 0.611763 0.604317 0.874102 1.179941 1.421398 1.634722 1.859969 1.564108 1.844487 1.485204 2.098905 2.170897 1.949472 1.811222 1.515491 1.429927 1.205161 -0.154454 -0.022787 -0.000618
-9999.000000 -0.003093 -0.000511 0.000081 0.023203 0.051294 0.061629 0.138316 0.056511 0.021757 -0.027056 -0.039413 -0.007225 -0.000396 -0.000092 0.000368 0.000694 0.000915 0.005436 0.008670 0.011397 0.029152 0.044355 0.271365 0.454634 -0.050047 -0.010784 -0.000235 0.002496 0.032232 0.025945 0.006967 0.019818 0.036661 0.036182 0.021027 0.458813 0.496767 0.782414 0.920605 1.374686 1.495991 2.144516 1.920138 2.066413 2.485614 2.412338 2.408907 2.152145 2.149754 2.084337 2.169133 1.784695 1.239672 1.009502 0.809921 -0.131969 -0.019381 -0.000399
-9999.000000 -0.000764 -0.001118 0.000000 0.006850 0.015261 0.040246 0.137122 0.013774 -0.000922 0.000105 0.016080 0.029519 -0.000281 -0.000019 0.000280 0.000107 0.000022 0.001656 0.001413 0.002647 0.029137 0.043630 0.156213 0.171554 0.121997 -0.001150 -0.001774 -0.006170 0.002939 0.011037 0.004145 0.022373 0.065599 0.546396 0.544910 0.590262 1.115441 1.493832 1.489213 1.919075 1.992897 2.168513 2.291569 2.409835 2.470979 2.710068 2.739433 2.732535 2.567014 2.065646 1.973392 1.984811 1.228414 0.940248 0.686419 0.249513 -0.015108 -0.000176
-9999.000000 -9999.000000 -0.000568 0.000000 0.007521 0.023782 0.026308 0.070821 -0.064196 -0.013351 0.000010 0.024552 0.176117 0.056106 0.021372 0.030334 0.009860 -0.000619 -0.000373 0.000589 0.013916 0.032325 0.134599 0.194061 0.075941 0.024054 0.008543 0.002084 0.000877 0.007205 0.008509 0.031427 -0.062753 0.186878 0.564588 0.969214 1.288894 2.313374 2.473561 2.338297 2.729339 2.619437 2.624378 2.606121 2.660311 2.710552 3.065054 3.101371 2.877563 2.426228 1.823193 1.733814 0.902185 0.299015 0.000841 -0.071820 0.050025 0.215031 0.225180
-9999.000000 -0.014956 -0.004742 0.000000 0.006743 0.005432 0.020302 0.113283 0.014909 -0.000743 0.000250 0.007762 0.012039 0.149159 0.084585 0.231030 0.341992 0.175535 0.045431 0.000037 0.014515 0.198290 0.111910 0.271239 0.263250 0.315898 0.176510 0.636304 0.341203 0.095164 0.265733 0.626965 0.906664 1.433178 1.771407 1.490199 1.698950 2.741414 2.775360 2.504788 2.792314 2.607636 2.042077 2.102846 1.819587 1.741011 1.641582 1.619691 1.369847 1.281384 1.128902 0.474299 -0.034875 -0.000521 0.000273 0.001166 0.000445 0.006688 0.274630
-9999.000000 -0.016327 -0.014302 -0.000479 0.000113 0.002879 0.018740 0.101836 -0.093016 -0.005450 0.000000 0.008176 0.013415 0.202711 0.000000 0.008104 0.122543 0.764313 0.589758 0.582555 0.545921 0.431432 0.214025 0.367197 0.306832 0.337523 1.463103 1.448084 2.420406 2.647558 2.624471 2.820288 3.036180 3.125055 3.139584 3.512778 3.152395 3.120147 2.868130 3.085325 2.595264 2.546812 1.765775 1.487122 1.581221 1.363159 1.404325 1.404805 1.155938 1.061362 0.697326 0.257571 -0.008911 -0.001573 -0.000423 0.000956 0.000293 0.012784 0.023237
-9999.000000 -0.000013 0.020827 0.008914 -0.000568 0.001296 0.012551 0.277950 0.288728 -0.099603 0.000000 0.010989 0.164141 0.068305 0.000000 0.015838 0.046598 0.618624 0.523466 0.657554 0.692764 0.487588 0.578954 0.436459 1.806846 2.413141 2.297322 2.475999 3.724185 3.708288 3.448810 3.477028 3.560020 3.569479 3.528224 3.551022 3.792126 2.977659 2.604984 2.110910 2.009487 1.615782 1.089410 0.932071 1.140782 0.967937 0.882134 1.015790 0.669842 0.485110 0.292257 -0.016941 -0.009185 -0.001054 -0.000946 -0.000821 0.000000 0.006319 0.012926
-0.000771 -0.000308 0.000831 0.002370 -0.000355 0.000492 0.147257 0.121979 0.139375 0.099728 0.064059 0.149970 0.470930 0.079948 0.064447 0.025517 0.231214 0.358597 0.096907 -0.000263 0.000441 0.153938 0.603669 1.402188 1.312451 3.181407 2.263671 2.359055 2.178876 2.524464 2.205355 2.154614 2.155862 2.185083 2.284204 2.425680 2.490453 2.483985 1.412198 1.023614 0.929763 1.195766 0.685740 0.575402 0.432520 0.310201 0.232325 0.146029 -0.000215 0.000100 0.001023 -0.012405 -0.001633 -0.003383 -0.026298 -0.009440 -0.000072 0.000497 0.006812
-0.000474 -0.000295 0.000447 0.007728 0.005553 0.001558 0.136552 0.066743 -0.117262 0.000000 0.056234 0.184717 0.112694 0.577767 0.053019 0.054860 0.254109 0.150628 0.000000 0.001053 0.000917 0.049616 0.636601 0.747355 1.479053 1.553569 1.772519 1.022616 0.785699 0.718579 0.448786 0.421634 0.628515 0.633198 0.773737 0.791871 1.033170 0.571973 0.340307 0.157614 0.141921 0.231965 0.243397 0.167651 0.160053 0.128201 0.043069 -0.009904 -0.000208 0.000326 0.006518 0.136039 0.332376 -0.191457 -0.473909 -0.093178 -0.014695 0.000014 0.017908
-0.003355 -0.003090 0.002544 0.140507 0.177939 0.116558 -0.063446 -0.010808 -0.004209 0.000000 0.004212 0.007710 0.126224 0.074788 0.201484 0.403542 0.237193 0.101960 0.155848 0.133026 0.207568 0.321581 0.842493 0.991236 1.043133 1.014504 0.665832 0.092153 0.036923 0.008433 0.005778 0.046591 -0.169783 -0.336922 -0.341482 -0.180204 -0.020537 0.002152 0.009596 0.307394 0.342096 0.665659 0.531790 0.332824 0.363803 0.373945 0.372525 0.377441 -0.000003 0.005982 0.098317 0.057201 0.111078 0.119043 0.087266 -0.080772 -0.003268 -0.000059 0.003117
