use_cases/Flooding_chicago/flooding_data/output/hUx_900.asc
ncols 337
nrows 393
xllcorner 428428.000000
yllcorner 4602440.000000
cellsize 26.757400
NODATA_value -9999.000000
[rows 130 to 155 of 393, columns 118 to 176 of 337]
-0.000391 0.000823 0.175928 0.194336 0.254983 0.448938 0.108175 0.050976 0.151853 0.132379 -0.143787 -0.192819 -0.078637 -0.010676 -0.123434 -0.221015 -0.150240 -0.077921 -0.007200 -0.038487 -0.007356 -0.000914 -0.000505 -0.001307 -0.006200 -0.018952 -0.016765 -0.025498 -0.020459 0.000000 0.035244 -0.000330 -0.036163 -0.033601 -0.034965 -0.032855 -0.002939 -0.013749 -0.003663 0.000000 0.006355 0.012975 0.021278 0.037296 0.070527 0.091458 -0.087920 -0.046466 -0.043432 -0.027172 -0.009235 -0.000738 -0.000836 0.001122 0.000603 0.001112 0.000516 0.000737 0.009927
-0.000436 0.001709 0.010695 0.980531 0.885045 0.606170 0.417535 0.234035 0.331292 0.356626 0.286345 0.212597 0.274903 0.331043 0.000165 -0.024692 0.096102 -0.001523 -0.021785 -0.075240 -0.008028 -0.000475 0.000243 0.027543 0.054879 -0.014453 -0.014780 -0.009684 -0.008440 0.000000 0.025504 0.111635 0.069111 -0.060926 -0.037575 -0.047233 -0.014195 -0.001317 -0.000111 0.000194 0.007855 0.024097 0.024407 0.040228 0.066406 0.005957 -0.026657 -0.029339 -0.024949 -0.018824 -0.007810 -0.000228 -0.000113 0.000021 0.000264 0.001521 0.000361 0.007285 0.014628
0.000925 0.002812 0.001974 -0.408850 -0.567921 -0.645423 -0.268034 -0.047443 0.028060 0.284578 0.354903 0.317709 0.387380 0.407115 0.113475 0.020381 -0.010339 -0.058904 -0.106961 -0.241232 -0.079628 -0.123187 -0.000024 0.077685 0.240375 0.151826 0.071753 -0.060605 -0.051683 -0.000174 0.001775 0.151927 0.111422 -0.026546 -0.055169 -0.033122 -0.006739 -0.000214 0.000104 0.006391 0.011745 0.001197 0.003142 0.000000 -0.002818 -0.003038 -0.016324 -0.018547 -0.028489 -0.029803 -0.014233 -0.000576 -0.000579 0.000007 0.003994 0.015763 0.000000 0.008017 0.025646
0.000488 0.002138 0.001764 0.011178 0.130166 0.567149 0.051806 0.030512 0.021721 0.015977 0.309202 0.441064 0.330572 0.238172 0.091322 0.062224 0.260523 0.256027 0.255827 0.105648 -0.653156 -0.275474 -0.335165 -0.607569 -0.438388 -0.335033 -0.378452 -0.553491 -0.042552 -0.001228 0.001809 0.003359 0.243336 0.343005 0.291755 -0.029153 -0.007356 -0.000102 0.000077 0.006770 0.031701 0.003239 0.000680 -0.024466 -0.013164 -0.007055 -0.029284 -0.036704 -0.031115 -0.013989 -0.007046 -0.000372 -0.000206 0.000363 0.010522 0.021899 0.001679 0.008764 0.016884
-0.000393 0.000576 0.016919 0.032323 0.093821 0.044584 0.034540 0.023885 0.009721 -0.000220 0.106321 0.399487 0.573896 0.477453 0.171138 0.054065 0.029153 -0.009167 -0.193919 -0.462718 -0.975448 -0.306525 -0.356678 -0.331938 -0.258613 -0.447219 -0.464857 -0.497032 -0.036263 -0.003100 0.001098 0.003647 0.001960 0.000753 0.140422 0.012875 -0.007933 -0.000108 0.000095 0.001035 0.004863 0.012272 0.026016 -0.023239 -0.032673 -0.018229 -0.017190 -0.014746 -0.010377 -0.008501 -0.001059 -0.000123 0.000276 0.010003 0.024467 0.030102 0.001562 0.004665 0.019729
0.116071 0.101354 0.079400 0.055022 0.137398 0.065304 0.177856 0.079720 -0.019593 0.019416 0.075547 0.152723 0.364165 0.381046 0.323205 0.029199 -0.076418 -0.179740 -0.308616 -0.502993 -0.891138 -0.247069 -0.001580 -0.000702 0.076081 0.107117 0.143974 0.122082 -0.026554 0.000000 0.001506 0.001716 0.002047 0.001499 0.079570 -0.093010 -0.050054 -0.001966 -0.001794 0.001356 0.002615 0.013266 0.033119 -0.029999 -0.027306 -0.035449 -0.009123 -0.003157 -0.014134 -0.009768 -0.000324 0.000004 0.000153 0.005488 0.019611 0.047908 0.044339 0.034141 0.003779
0.293821 0.217152 0.311138 0.408213 0.258247 0.495368 0.332544 0.261942 0.159622 0.174696 0.186999 0.238756 0.282164 0.228154 0.113070 0.037766 -0.021439 -0.152070 -0.522641 -0.759405 -1.159171 -0.367618 -0.372422 -0.227101 -0.108247 -0.057831 -0.002391 -0.000557 -0.000566 0.000059 0.001795 0.001433 0.037047 -0.033137 -0.063431 -0.428967 -0.063141 -0.004805 -0.001653 0.003211 0.040901 0.097200 0.075317 -0.058859 -0.049813 -0.020609 -0.009143 -0.000115 -0.023408 -0.024208 -0.008042 0.000000 0.006499 0.023517 0.040902 0.053047 0.043867 0.035732 0.006123
0.090082 0.285535 0.191321 0.072230 0.235370 0.811477 0.481138 0.431058 0.296980 0.178657 0.188914 0.173798 0.312618 0.280922 0.265819 0.165913 0.018284 -0.005778 -0.112881 -0.131348 -0.406000 -0.380822 -0.727140 -0.555146 -0.205112 -0.003341 -0.003922 -0.000358 0.000160 0.007169 0.130555 -0.286469 -0.321833 -0.236350 -0.214290 -0.445980 -0.044089 -0.002109 -0.000146 0.001616 0.037933 0.078661 -0.017302 -0.093038 -0.033165 -0.019077 -0.006462 -0.000002 -0.030814 -0.004077 -0.000168 0.000364 0.000473 0.010748 0.033008 0.050523 -0.056483 -0.135215 0.000732
0.226022 0.394948 0.252301 0.459719 0.359794 0.583699 0.379124 0.327843 0.224563 0.145681 0.184257 0.191095 0.234828 0.553149 0.294478 0.450940 -0.000503 0.000304 0.038253 0.022776 -0.020003 -0.000028 -0.229720 -0.398830 -0.232717 -0.003045 0.000927 0.000857 -0.131549 -0.207210 -0.279606 -0.371392 -0.283342 -0.207046 -0.208614 -0.412209 -0.031160 -0.000113 0.000746 0.001232 0.004366 0.029546 -0.000348 -0.005298 -0.023141 -0.144183 -0.011785 -0.001506 -0.003397 -0.000005 -0.000005 0.000124 -0.000128 0.000374 0.022498 0.795923 0.542055 0.691572 0.617989
0.144701 0.061263 0.178363 0.409815 0.347558 0.272706 -0.023856 -0.104893 -0.155859 0.060063 0.226884 0.178691 0.038866 0.014990 -0.036606 -0.045637 -0.001423 0.000208 0.001142 -0.000272 -0.001699 -0.000493 0.001332 -0.257070 -0.338228 -0.433790 -0.920072 -0.871308 -0.942065 -0.514849 -0.404238 -0.352440 -0.199004 -0.161994 -0.111855 -0.002561 -0.000181 0.001134 0.037977 0.031737 0.047734 0.025089 0.063259 0.137531 0.114632 0.085828 -0.042377 -0.000709 -0.000188 0.020779 0.088034 0.035980 0.028842 0.000013 0.111454 0.074450 0.883559 0.866035 0.607259
0.113099 0.040631 0.207299 0.421059 0.360240 0.252734 0.347895 0.125050 0.025357 0.102083 0.146822 0.097702 0.029214 0.009103 -0.009733 -0.005589 -0.001114 -0.001262 -0.000524 -0.000580 -0.002606 -0.002176 0.001534 -0.293970 -0.306287 -0.522203 -0.658170 -0.473458 -0.433825 -0.215943 -0.173397 -0.146822 -0.000607 -0.367845 -0.848940 -0.000485 0.000862 0.068858 0.078827 0.519976 0.100381 0.171694 0.191539 0.153058 0.206251 0.225826 0.167513 0.025429 0.009235 0.502431 1.250696 0.971217 0.962570 0.954702 0.253802 0.732586 0.541322 0.322385 0.244346
0.438245 0.455444 0.420745 0.265474 0.143386 0.064477 0.137151 0.171810 0.089401 0.133174 0.108605 0.024530 0.007272 -0.000290 -0.377987 -0.155671 -0.133641 -0.021172 -0.000354 0.000427 -0.027081 -0.006159 -0.001127 0.003067 -0.400728 -0.295367 -0.047693 0.176380 0.100597 0.000529 -0.001425 -0.000544 -0.000162 0.005702 0.022473 -0.000001 0.006965 0.021602 0.094829 0.037317 0.047565 0.151622 0.038056 0.206427 -0.048409 0.425970 0.857419 0.955356 1.221521 1.083588 0.807228 0.588758 0.827458 0.685282 0.211106 0.301234 0.194886 0.110394 0.424803
1.628507 0.572804 1.595812 0.366506 0.228549 0.118852 0.194225 0.556312 0.373721 0.206153 -0.161493 0.007972 0.026606 0.258524 0.027661 0.013496 -0.118778 -0.603436 -0.068738 -0.034812 -0.040771 -0.007078 -0.002451 -0.000145 0.000425 0.050066 0.133272 -0.116914 -0.014943 -0.002475 -0.021148 -0.015252 -0.006487 -0.000045 -0.000094 -0.000033 0.000153 0.012891 0.023480 0.035368 0.105500 1.091489 0.803063 0.905571 0.711073 0.480319 0.466143 0.470014 -0.017952 -0.000091 0.001114 0.021173 0.262040 0.423646 0.213990 0.153068 0.092545 0.054757 0.091181
0.530538 0.423663 0.382343 0.286356 0.159193 0.084519 0.030174 0.075190 -0.327230 -0.323042 -0.035853 0.040149 0.066724 0.614908 0.433316 0.405535 0.048560 -0.064803 -0.124292 -0.680237 -0.246998 -0.016805 -0.000483 -0.000811 -0.001671 -0.004643 -0.011491 -0.017787 -0.003285 -0.001217 -0.013881 -0.010733 -0.001196 -0.001131 0.000155 0.001338 0.000968 0.014209 0.035292 0.050212 0.049114 0.056473 0.073651 -0.006790 -0.039113 -0.005729 0.037790 -0.054266 -0.007701 0.000725 0.015991 0.045662 0.400116 0.692882 0.233997 0.194164 0.150972 0.118022 0.066660
0.081095 0.033544 0.015177 0.134958 0.244367 0.114031 0.002210 0.001876 0.000964 -0.225158 -0.199973 0.094318 0.117665 0.365657 0.273712 0.002080 -0.003005 -0.009607 -0.000264 -0.201769 -0.009919 -0.000515 -0.000648 -0.000450 -0.001009 -0.006500 -0.020961 -0.067134 -0.021521 -0.003788 -0.024859 -0.012001 -0.001934 -0.002809 0.000447 0.002695 0.030527 0.043819 0.037325 0.023901 0.005557 0.014562 0.027279 0.040532 0.013265 -0.070768 -0.027521 -0.010089 -0.000013 0.014994 0.043520 0.061167 0.377136 0.731482 0.224917 0.201048 0.171360 0.148305 0.104003
0.048277 0.092437 0.039844 0.106957 0.718871 1.199984 0.412519 0.362211 0.301995 0.489993 0.443988 0.376966 0.450991 0.142516 0.074566 -0.001032 -0.002056 -0.016930 -0.008006 -0.000862 -0.001378 -0.000003 0.000307 0.000919 0.001505 0.000651 -0.003594 -0.059645 -0.010491 -0.002095 -0.004244 -0.007767 -0.008936 -0.002676 -0.001328 0.002896 0.027174 0.042554 0.023994 0.004440 0.009750 0.027004 0.056534 0.083668 0.032117 -0.032819 -0.068563 -0.018545 -0.000401 0.000555 0.010767 0.022375 0.033286 0.685414 0.215594 0.198140 0.172202 0.152272 0.121242
0.074186 0.028827 0.080194 0.141743 0.507131 0.585190 0.829790 0.936118 1.226244 0.866868 0.576883 0.379447 0.260506 -0.285430 -0.009452 -0.000966 -0.001191 -0.001971 -0.004825 -0.018676 -0.006895 -0.000208 0.000326 -0.000270 -0.000030 0.009509 0.017449 0.000445 -0.002053 -0.002794 -0.001215 -0.001353 -0.001408 -0.000470 -0.000360 0.000360 0.017654 0.025516 0.039051 0.048005 0.029756 0.008763 0.017033 0.009098 0.010301 -0.007024 -0.076279 -0.023416 -0.000330 0.000396 0.003674 0.002299 0.016546 0.195145 0.157492 0.157799 0.124001 0.082980 -0.001995
0.124090 0.064221 0.109955 0.137203 0.398337 0.486971 0.782020 0.975314 1.394611 0.982851 0.607536 0.457231 0.499048 0.278145 -0.012310 -0.000761 -0.000175 0.000560 -0.174008 -0.211135 -0.235642 -0.000821 -0.011073 -0.011669 -0.000764 0.000262 -0.000332 -0.002118 -0.001769 -0.000102 0.001195 0.016329 0.037257 0.003572 -0.000360 0.000360 0.013333 0.042290 0.036193 0.034206 0.164142 0.000246 0.000994 0.002064 0.001097 -0.000722 -0.000848 0.001414 0.007799 0.003243 0.002693 0.001665 0.009944 0.006162 0.007758 0.004838 0.001662 -0.001835 -0.002692
0.198776 0.126601 0.112302 0.098379 0.438977 0.473235 0.653686 0.627413 0.450408 0.093796 -0.375167 -0.730306 -0.977334 -1.519704 -0.851327 -0.544664 -0.567962 -0.548696 -0.461318 -0.318755 -0.265904 -0.002589 -0.030453 -0.021167 -0.001978 -0.002337 -0.000278 -0.001605 -0.000572 0.000271 0.022616 0.029506 0.022516 0.001070 -0.000166 -0.000036 0.000813 0.010255 0.073896 0.109190 0.047962 -0.001601 -0.001408 -0.000239 0.000316 0.001645 0.013119 0.015855 0.013679 0.017156 0.009474 0.017584 0.028682 0.012524 0.016821 0.009827 0.015687 -0.001148 -0.000808
0.734297 0.149527 0.299379 0.865948 0.982134 0.819731 0.913442 0.303122 0.248391 0.154252 0.055344 0.027928 0.032520 -0.036173 -0.007908 -0.000013 -0.102137 -0.120832 -0.000696 0.000180 -0.324824 -0.283936 -0.448289 -0.022262 -0.028476 -0.019085 0.000001 0.003214 0.000775 0.000463 0.002173 0.021136 0.063749 0.010359 0.002253 -0.000166 -0.000056 0.000927 0.009208 0.150300 0.127899 0.050733 -0.012525 0.000000 0.002815 0.003425 0.001994 0.000000 0.005878 0.157175 0.118344 0.106202 0.040412 0.064776 0.033093 0.011284 0.064617 0.649033 -0.003925
0.134501 0.363380 1.212979 2.096327 1.525558 0.626435 0.006466 0.003360 0.004638 0.003325 -0.010473 -0.013037 -0.011294 -0.001884 -0.002918 -0.000580 -0.000805 -0.002216 -0.003432 0.000000 -0.009001 -0.026798 -0.057542 -0.139400 -0.033457 -0.000674 0.000031 0.011343 0.017570 0.001396 0.000677 0.002877 0.047589 0.093782 0.107752 0.025879 -0.000152 0.000123 0.001121 0.009449 -0.337036 -0.340971 -0.013999 0.000000 0.002941 0.002449 0.001042 0.000000 0.005878 0.096442 0.045177 0.021793 0.009693 0.064734 0.113891 0.034323 0.022443 0.069991 0.079069
0.003663 0.936749 0.639879 0.502811 0.199825 0.058431 -0.006215 0.000469 0.007992 0.008189 0.004821 0.042651 -0.000669 -0.000582 0.000292 -0.006586 -0.001627 -0.004989 -0.009841 -0.012946 0.000000 -0.050765 -0.114419 -0.054986 -0.064947 -0.028526 0.000000 0.039724 0.088752 0.042956 0.004654 0.000133 0.030001 0.344991 0.197581 0.099926 -0.000747 -0.001059 0.003755 0.004698 0.002510 -0.021570 -0.004403 -0.005236 -0.002180 0.002166 0.005423 0.001727 0.011112 0.089068 -0.069594 -0.007032 0.000000 0.040765 0.102798 0.547611 0.120997 -0.004700 -0.066315
0.268412 1.042033 0.019576 0.005769 0.009013 0.003442 0.002116 -0.000208 -0.000120 0.000770 0.005098 0.002411 0.121463 0.119921 0.075303 0.133844 0.138769 -0.050476 -0.013040 -0.031532 -0.045885 -0.051391 -0.015041 -0.053956 -0.019887 -0.007132 0.000000 0.013355 0.061072 0.141599 0.021908 -0.023811 -0.086728 -0.120299 -0.131779 -0.042158 -0.035328 -0.002042 0.001969 0.003578 0.029834 0.024092 -0.001968 -0.002283 -0.001636 0.000881 0.003146 0.021960 -0.170532 -0.413262 -0.102067 -0.005094 0.000000 0.007704 0.046028 0.533554 0.348322 0.365913 0.306416
0.706271 0.528025 -0.006173 -0.002528 0.004991 0.020358 0.011946 0.002420 0.002433 0.003040 0.020358 0.176389 0.139040 0.121529 0.031531 -0.080507 -0.257531 -0.419742 -0.069464 -0.019787 -0.027804 -0.011370 -0.042378 -0.034847 -0.034637 -0.010007 0.000000 0.010871 0.046071 0.136901 0.133042 -0.199704 -0.090770 0.000000 -0.035371 -0.006119 0.013814 -0.001483 0.000464 0.001843 0.066251 0.174541 0.068613 -0.046150 -0.023565 -0.000291 0.000823 0.101439 -0.309537 -0.303632 -0.430847 -0.012990 0.000000 0.008594 0.045160 0.490783 0.416041 0.449885 0.352237
0.496588 0.267352 -0.009622 -0.006355 0.010088 0.012918 -0.000360 0.000360 0.005701 0.004629 0.019649 0.211465 0.179901 0.538730 0.119165 0.059324 -0.012293 -0.153297 -0.041286 -0.012918 -0.023370 -0.014136 -0.052155 -0.049570 -0.022842 -0.001279 0.000831 0.015161 0.025426 0.096269 0.086863 -0.226876 -0.062630 0.000000 -0.049715 -0.048370 0.008077 0.037643 0.000027 0.010482 0.166822 0.238883 -0.180742 -0.259429 -0.104092 -0.000011 0.040015 0.297478 0.233926 0.195264 0.079081 0.056269 0.000000 0.035966 0.056371 0.011663 -0.071424 -0.000141 0.000273
0.000842 0.001243 0.074954 0.244309 0.285957 0.189231 -0.000360 0.000360 0.007177 0.004246 0.012419 0.290822 0.259339 0.214448 0.127481 0.055613 0.023152 -0.008987 -0.011217 -0.017236 -0.025720 -0.076513 -0.066510 -0.034031 -0.008626 -0.000958 0.000817 0.016625 0.014905 0.015466 0.459729 0.205554 0.096328 -0.185410 -0.107101 0.000000 0.111440 0.161251 0.124133 0.291694 0.957418 0.498170 0.768287 0.728224 0.632150 0.428055 0.027852 0.426180 0.321355 0.257819 -0.011785 -0.178882 0.000042 0.000687 0.000257 0.000248 0.000537 0.000680 0.001233
