use_cases/Flooding_chicago/flooding_data/output/hUx_3540.asc
ncols 337
nrows 393
xllcorner 428428.000000
yllcorner 4602440.000000
cellsize 26.757400
NODATA_value -9999.000000
[rows 156 to 181 of 393, columns 118 to 176 of 337]
0.000000 0.084261 0.332304 0.364105 0.329866 0.227576 0.090005 0.110053 0.328219 0.188591 0.126075 -0.144227 -0.437859 -0.771872 -0.645687 -0.150551 0.239468 0.304635 0.311219 0.376832 0.329658 0.211832 -0.083974 -0.000125 -0.000004 -0.000003 0.000004 0.000247 0.000539 1.504722 0.781578 0.637955 0.665068 1.075627 1.235514 1.304557 1.062626 1.264673 2.909032 2.772814 4.847335 4.492856 5.545610 5.358659 6.427359 5.984622 5.961317 5.091040 5.429554 4.160076 2.734888 1.785374 1.202077 0.041178 0.015752 0.468219 1.747614 1.612077 1.310537
0.030118 0.700799 1.076957 0.689457 0.543982 0.223624 0.218790 0.282313 0.652858 0.507502 0.351173 0.149025 -0.069411 -0.132456 0.063457 0.200021 0.283548 0.635308 0.697201 0.639183 0.624997 0.286030 -0.000157 -0.000005 -0.000001 0.000000 0.000001 0.000276 0.142908 -0.995020 -0.855099 -0.384571 -0.086672 0.522189 1.143402 1.401300 1.469835 2.017351 1.331517 3.159946 4.260087 3.859899 3.953085 4.076678 4.265466 4.266641 3.807913 5.605871 4.828372 3.954442 3.248032 1.998842 2.393374 2.116806 2.772855 3.177424 2.999778 2.526258 1.837413
0.056507 0.296953 0.166454 0.091861 -0.088443 0.000000 0.087963 0.608323 1.328472 0.673872 0.571394 0.561207 0.344306 0.199955 0.378468 0.682346 1.486811 1.649927 1.826036 1.610429 1.363108 0.705562 -0.034259 -0.000000 0.000171 0.035271 0.011124 0.009646 0.255748 -0.624010 -0.196259 0.537801 1.125135 2.022114 2.127916 2.312589 2.389529 2.278744 1.479164 3.148054 7.181245 4.038063 3.481174 3.433598 2.095945 4.106851 4.389776 3.978925 3.807112 3.219736 2.866706 2.106262 3.053824 3.401221 4.301201 4.145078 3.546744 0.949714 1.129034
0.549069 1.380101 0.584755 0.458558 0.080785 0.053186 0.573929 1.381443 1.420433 0.544789 0.384309 0.262386 0.366297 0.640769 1.309084 1.972298 2.840930 4.474957 4.594118 4.456382 4.347839 3.689060 2.895607 1.236230 0.990033 3.128278 2.947507 3.353435 6.271914 5.327440 5.233976 5.379675 4.906078 5.228278 4.417856 3.929141 3.502377 2.857749 4.884529 3.315735 4.804356 1.539288 0.869772 1.661129 2.014420 2.308700 3.584151 3.423297 3.241307 3.076864 3.184238 3.476753 4.250509 3.903588 3.589468 3.102814 2.285729 0.913162 0.889640
0.647664 0.761653 0.373368 0.223004 0.208922 0.382373 0.335253 0.263419 0.021221 0.026053 0.026478 0.481790 0.621041 0.958732 2.250259 3.695453 4.595418 7.618359 7.363361 7.884003 7.599716 7.483350 8.624293 7.493745 6.498637 6.467321 6.169187 6.137768 10.452658 9.681319 9.697833 9.504071 8.091034 7.708386 5.778215 4.632911 3.316110 3.737881 3.780444 3.646988 1.080679 -0.000001 0.000000 -0.000409 0.002240 0.001704 1.047611 1.306546 1.384822 2.110307 3.176665 3.567878 3.289419 1.406694 0.864429 0.402302 0.329685 -0.000023 -0.000016
0.300034 0.936961 0.019561 -0.008605 0.018987 0.020239 0.024260 -0.235701 -0.066308 0.029199 0.030520 0.034890 1.182424 2.031965 3.767025 4.189244 5.273973 7.363063 6.827912 7.050254 7.075573 8.175104 8.832885 9.200960 8.713760 6.804036 6.585045 6.492898 6.137490 8.253633 6.552369 5.618280 4.787192 5.212827 4.879441 4.898479 4.079430 3.859262 2.969587 2.157311 -0.007403 -0.000191 -0.000000 0.000000 0.000000 0.000002 0.002782 0.770636 0.890884 0.617708 0.560923 -0.000004 0.000002 0.000001 -0.003934 -0.004588 -0.030691 -0.002010 -0.000428
0.162046 -0.017321 -0.000004 0.000016 0.161801 0.409895 0.237971 0.132688 0.027237 0.000001 0.059428 0.076054 1.627878 2.494870 4.069707 4.622156 5.587448 5.325353 3.707080 3.220623 3.728122 4.180721 4.505535 5.590677 6.428521 6.647278 6.408368 6.073596 5.419111 4.468070 3.974708 1.925647 2.075678 2.080906 1.785456 1.581678 1.599172 0.165309 -0.013335 -0.016089 -0.006024 -0.001084 -0.000089 0.000000 0.000124 0.000564 0.002252 0.010027 0.010294 -0.009117 -0.001244 -0.000570 -0.000000 0.000442 0.001021 0.001512 -0.031721 -0.001770 -0.000898
0.117940 -0.000083 0.000085 0.000239 0.200381 0.681383 0.250082 -0.508095 -0.108431 0.000113 0.177121 1.331693 2.735413 3.085258 4.512489 4.579169 4.800456 3.417480 1.596549 0.305609 -0.014030 -0.000007 0.000040 0.000002 -0.000275 -0.000420 -0.000015 0.013671 0.012592 0.004609 0.000008 0.030961 -0.475952 -1.898674 -2.066225 -1.941943 -0.001750 -0.000840 -0.000351 -0.007530 -0.004676 -0.001075 -0.000079 0.000000 0.000084 0.000540 0.006467 0.010975 0.000462 -0.000907 -0.000950 -0.000415 -0.000001 0.000006 0.000382 0.049687 -0.046586 -0.001925 -0.000528
0.094935 -0.050072 0.106270 0.281897 0.317780 0.273856 0.213533 0.144561 0.172693 0.656062 1.192871 3.075465 3.375074 3.500608 4.310325 3.284377 2.801157 1.094992 -0.045918 -0.000136 -0.000000 0.000000 0.000467 0.001395 -0.000263 -0.001369 -0.004708 -0.002911 0.003717 0.002441 0.000383 0.002007 0.003688 -0.036465 -0.111284 -0.015265 -0.000235 -0.000070 0.000000 -0.022081 -0.007557 -0.002323 -0.000105 0.000000 0.000034 0.001504 0.006853 0.003226 0.000053 -0.000003 0.000000 0.000001 0.000006 0.000709 0.001221 0.063312 -0.060999 -0.002486 -0.001396
0.002011 0.026671 0.294284 0.628579 0.700763 0.376352 0.346755 1.349336 1.683421 2.612298 3.171093 5.156142 5.853174 5.551068 6.882767 4.804368 3.194232 -1.087378 -0.000078 -0.000040 -0.000001 0.000001 -0.000013 -0.000001 0.000000 -0.001726 -0.007145 -0.009667 0.002542 0.006984 0.000726 0.000122 0.000028 -0.007617 -0.086140 -0.038041 -0.000055 -0.000001 0.000001 -0.000616 -0.005146 -0.008463 -0.003066 -0.000052 0.000041 0.001365 0.003930 -0.002371 -0.003015 -0.000539 -0.000000 0.000210 0.000777 0.001988 0.000127 0.014933 -0.061466 -0.001745 -0.000134
0.579040 0.965831 1.384123 1.819864 2.024319 2.096068 1.739911 3.407464 4.058921 5.136479 6.328712 6.362538 7.767200 8.171886 8.134070 6.483149 3.126994 0.976032 -0.143633 -0.014931 -0.001902 -0.007827 -0.001022 -0.000354 -0.000000 0.000000 -0.015319 -0.011589 -0.025331 -0.000006 0.000000 0.000234 0.000602 0.010781 -0.116323 -0.090907 -0.000238 -0.000099 0.000000 -0.001154 -0.000203 -0.006429 -0.003528 -0.000005 0.000004 0.000385 -0.000076 -0.003004 -0.003269 -0.000882 -0.000000 0.000336 0.001669 0.003409 0.160533 0.064247 -0.018012 -0.001017 -0.000037
2.276082 3.068227 3.220702 3.770096 4.646552 4.452113 4.285037 4.518334 5.465238 5.281226 5.471594 6.533287 6.327369 8.175536 7.687813 3.580860 0.728820 -0.142448 -0.021728 -0.006230 -0.000047 -0.000034 -0.001570 -0.000120 -0.000002 0.000002 0.000137 0.063032 -0.087100 -0.000341 -0.000002 0.000002 0.000420 0.023378 -0.025682 -0.053847 -0.115926 -0.002325 -0.002058 -0.003292 -0.000046 -0.000061 -0.000089 -0.000004 -0.000002 -0.000000 -0.000007 -0.000079 -0.003099 -0.001645 -0.000003 0.000029 0.001795 0.003939 -0.002925 -0.034778 -0.002614 -0.001513 -0.001048
2.968257 3.806067 4.756690 5.898671 6.242649 6.253385 6.218588 5.557734 5.300604 4.988023 4.845262 5.380918 4.938201 4.635566 2.213503 -0.584129 -0.009853 -0.008550 -0.034826 -0.033510 -0.000495 -0.000030 -0.000437 -0.000171 -0.000002 0.000002 0.000339 -0.112566 -0.122820 -0.000759 -0.000008 0.000005 0.000409 0.002168 0.085249 -0.038306 -0.145420 -0.024417 -0.009198 -0.003387 -0.001766 -0.000201 -0.001236 -0.000343 -0.000001 -0.000001 0.000000 0.000001 0.000008 0.000005 0.000006 0.000075 0.001266 0.002493 0.034776 -0.040002 -0.007310 -0.001771 -0.000559
3.953398 4.887755 5.279179 6.429227 6.540936 6.711868 7.286382 5.904780 5.658597 6.138122 5.779182 6.014877 6.012130 4.123500 2.447549 0.662012 -0.349080 -0.015522 -0.015590 -0.303857 -0.000298 -0.000027 -0.000048 -0.000002 0.000204 0.000000 0.122930 0.034629 0.005353 -0.000514 -0.000007 0.000002 0.001078 0.007616 0.071131 -0.026557 -0.119227 -0.044245 -0.016470 -0.010347 -0.007933 -0.005070 -0.002481 -0.001209 -0.000085 -0.000000 0.000001 0.000001 0.000006 0.000007 0.000002 0.000654 0.001027 0.002678 0.021521 -0.026834 -0.007451 -0.000776 -0.000528
4.630673 7.221656 7.756216 8.082972 9.125482 9.051001 9.682579 8.333457 8.696570 7.771130 8.552527 6.271062 6.191273 3.738657 2.360187 0.500542 -0.468508 -0.074396 -0.013908 -0.121400 -0.117705 -0.000687 -0.000309 -0.000000 0.001496 0.001126 0.152384 0.144135 0.057919 -0.247672 -0.001305 0.000000 0.001392 0.008113 0.000712 -0.000446 -0.002762 -0.036968 -0.032117 -0.020310 -0.015775 -0.011757 -0.007271 -0.003163 -0.000111 -0.000000 0.000002 0.000002 0.000002 0.000000 0.000335 0.000492 0.000848 0.006168 0.019149 -0.000058 -0.026297 -0.000635 -0.000664
9.044363 10.021265 10.027206 9.319324 8.952334 8.623008 8.830756 8.331368 7.509305 6.116304 5.322192 4.553315 3.843865 2.627700 -0.177872 -0.002218 -0.002243 -0.000823 -0.004874 -0.010793 -0.427653 -0.035376 -0.006028 -0.001988 0.000000 0.005584 0.145062 0.107015 0.001663 -0.000926 -0.000317 0.000000 0.000621 0.002004 0.015672 0.002494 0.000283 -0.000562 -0.013704 -0.024779 -0.020190 -0.017851 -0.013851 -0.009064 -0.002096 -0.000002 -0.000001 0.000001 0.000001 0.000001 0.000172 0.000155 0.000339 0.006654 0.016805 0.009918 -0.004468 -0.000866 -0.000153
9.743558 8.853633 8.018285 7.174249 4.950074 5.035102 5.215923 5.038772 4.238827 2.920399 1.933384 1.040318 0.218302 -1.672903 -0.000199 -0.000001 -0.000001 0.000000 0.000001 0.000006 -0.334224 -0.748780 -0.000950 -0.000034 0.000000 0.000024 -0.043860 -0.137530 -0.007370 -0.000321 -0.000003 0.000002 0.000748 0.002485 0.018911 0.000653 -0.000107 -0.000018 -0.000047 -0.002231 -0.002822 -0.001585 -0.000261 -0.007485 -0.007254 -0.003338 -0.000002 -0.000006 -0.000044 0.000068 0.000038 0.001922 0.017318 0.001674 0.000529 -0.000903 -0.010270 -0.000926 -0.000276
6.487053 5.600208 4.299440 2.202353 1.119110 1.316738 2.152283 2.076294 1.915317 1.341548 1.172371 0.695085 0.239919 -0.549599 -0.000161 -0.000003 -0.000004 0.000004 0.000003 0.052756 0.189758 -0.029781 -0.001593 -0.001123 -0.000000 0.000483 0.010633 -0.031392 -0.019433 -0.000830 -0.000028 0.000012 0.000526 0.002527 0.005116 -0.008078 -0.002466 -0.000533 -0.000007 -0.000019 -0.001411 -0.000550 -0.000032 -0.000085 -0.000413 -0.000807 -0.000136 -0.000078 -0.000018 0.000022 0.001914 0.004881 0.001964 0.001797 0.000032 -0.000287 -0.008673 -0.001033 -0.000540
3.235641 2.100965 0.916392 0.000090 0.000019 0.240773 0.740902 0.724896 0.800659 0.712333 0.915719 -0.051268 -0.351854 -0.492190 -0.000813 -0.000172 -0.000002 0.000002 0.000738 -0.098415 -0.049793 -0.002484 -0.001673 -0.000042 -0.000000 0.000001 -0.003026 -0.035750 -0.032630 -0.000106 -0.000207 0.000018 0.000030 0.001062 0.003092 -0.001242 -0.000320 -0.000005 -0.000014 -0.000008 -0.000008 -0.000014 -0.000065 -0.000263 -0.000794 -0.001376 -0.001077 -0.000510 -0.000010 0.000011 0.001398 0.005468 0.000187 0.000023 0.000005 0.000341 0.001715 0.000000 -0.009988
1.320725 0.641337 0.283945 0.125222 0.081597 0.116138 -0.014301 -0.047638 -0.000086 0.044134 0.029678 -0.006027 -0.251549 -0.510397 -0.000488 -0.000127 -0.000002 -0.000008 -0.000092 -0.026566 -0.007280 -0.002007 -0.001707 -0.001493 -0.000218 -0.000000 0.000140 0.010408 0.002856 -0.000173 -0.000534 -0.000609 -0.000076 -0.000009 -0.000025 -0.001534 -0.000248 -0.000005 -0.000038 -0.000006 -0.000010 -0.000018 -0.000042 -0.000081 -0.000073 0.000000 0.000113 0.000098 -0.000003 0.000003 0.000156 0.000061 -0.000008 -0.000000 0.000011 0.000444 0.000848 0.000071 -0.001119
1.024516 0.244336 0.016440 0.044832 0.089103 -0.012807 -0.167521 -0.197481 -0.095656 0.035351 0.037965 0.105832 0.049086 -0.318512 -0.003321 -0.002329 -0.003343 -0.004944 -0.003248 -0.000163 -0.003647 -0.001155 -0.000059 -0.000429 -0.000162 -0.000000 0.000209 0.000414 0.073396 -0.031821 -0.000478 -0.001148 -0.000499 -0.000598 -0.003495 -0.000417 -0.000181 0.000000 -0.000039 -0.000005 -0.000002 0.000004 -0.000006 -0.000023 -0.000026 -0.000013 -0.000001 0.000169 0.000063 -0.000012 -0.000227 -0.001835 -0.000365 0.000000 0.000545 0.001235 0.001099 0.000825 0.013083
-0.765988 -0.307361 -0.102375 -0.000227 -0.000288 -0.070105 -0.290034 -0.199422 -0.229872 -0.028006 0.267810 -0.003603 -0.085518 0.094126 0.170056 -0.363741 -0.006877 -0.003082 -0.000565 -0.000004 -0.005001 -0.006305 -0.002044 -0.000295 -0.000363 -0.000000 0.000135 0.000665 0.181152 -0.081242 -0.005032 -0.003959 -0.001066 -0.001783 -0.007479 -0.000903 -0.000307 0.000000 0.000013 0.000003 0.000004 0.000003 0.000003 0.000004 0.000008 0.000086 -0.000000 0.033838 0.783614 -0.002823 -0.002890 -0.001555 -0.000098 -0.000030 0.000107 0.001635 0.001423 0.001350 0.013032
-0.158779 -0.101892 -0.086579 -0.000666 -0.001114 -0.122174 -0.374147 -0.436430 -0.376179 -0.138653 0.151114 -0.188762 -0.343405 -0.314905 -0.433517 -0.688164 -0.005645 -0.002548 -0.001093 -0.000233 -0.000272 -0.001543 -0.000726 -0.005119 -0.000637 -0.000000 0.000267 0.000803 0.000453 0.138095 -0.045717 -0.006797 -0.000155 -0.000351 -0.005614 -0.000840 -0.000007 0.000001 0.000007 0.000005 0.000002 0.008246 0.014417 0.472021 0.583123 0.714845 0.522726 0.341349 0.198304 0.084789 0.057516 -0.001300 -0.000847 -0.000000 0.001259 0.002967 0.006633 0.014724 0.018476
-0.023075 -0.078154 -0.159790 -0.000049 0.000037 0.000021 -0.242304 -0.301585 -0.138754 0.358293 0.771735 0.613189 0.442501 0.070022 -0.191486 -0.033279 -0.000999 -0.002264 -0.001802 -0.000504 -0.000061 -0.000352 -0.002987 -0.000753 -0.000807 -0.000001 0.000002 0.000463 0.294431 0.116590 -0.254369 -0.002622 -0.000002 -0.000003 -0.000005 -0.000004 0.000016 0.000498 0.115958 0.004768 0.135777 0.283703 0.479260 0.575632 0.057001 0.152483 0.264170 0.154040 0.051692 -0.013666 -0.074341 -0.007152 -0.000996 -0.000010 0.000009 0.000428 0.001095 0.002841 0.003148
-0.071559 -0.188490 -0.478206 -0.000084 0.000000 0.000141 0.308387 -0.058095 0.018000 0.266947 0.527017 0.543380 0.544408 0.084269 -0.107813 -0.106505 -0.052327 -0.000097 -0.000695 -0.001379 -0.001263 -0.001069 -0.000571 -0.000665 -0.000177 -0.000000 0.000136 0.000362 -0.378388 -0.105397 -0.234122 -0.000622 -0.000184 -0.000003 0.000001 0.000070 0.000043 0.000448 0.275321 0.332154 0.237636 0.197376 -0.030507 -0.000001 0.000001 0.007332 0.021753 0.002013 -0.120995 -0.111834 -0.088568 -0.005097 -0.001591 -0.000047 0.000026 0.000045 0.000764 0.004642 0.000173
-0.083221 -0.232775 -0.647713 -0.000034 0.000000 0.000067 0.000192 0.502151 0.423909 0.307143 0.019905 0.134832 0.173506 -0.000260 -0.001506 -0.005842 -0.020507 -0.036483 -0.070197 -0.002486 -0.002008 -0.001523 -0.000282 -0.000009 -0.000007 0.000001 0.000140 0.000950 0.069642 -0.121943 -0.000792 -0.000580 -0.000374 -0.000007 0.000000 0.000007 0.000758 0.159605 0.043698 0.023489 0.028731 -0.057255 -0.000487 -0.000003 0.000008 -0.089769 -0.053165 0.053798 -0.156654 -0.196815 -0.183729 -0.001044 -0.000075 -0.000101 0.000086 0.000098 0.001843 0.002808 0.000279
