use_cases/Flooding_chicago/flooding_data/output/hUx_1980.asc
ncols 337
nrows 393
xllcorner 428428.000000
yllcorner 4602440.000000
cellsize 26.757400
NODATA_value -9999.000000
[rows 208 to 233 of 393, columns 177 to 235 of 337]
-0.001668 -0.000024 0.005962 0.002246 0.001963 0.040863 0.023774 -0.000830 -0.000163 0.000143 0.008690 0.043604 0.140106 0.081350 0.203575 0.389491 0.265804 0.119905 0.160698 0.042370 -0.088891 0.183381 0.472406 0.627094 0.555716 0.376999 -0.079785 -0.000222 0.000222 0.046574 0.051091 0.046629 -0.007357 -0.323683 -0.526205 -0.515603 -0.233595 -0.196532 -0.001749 0.031564 -0.001542 0.118872 0.194056 0.208495 0.246043 0.247530 0.235319 0.219665 -0.000000 0.153048 0.389680 0.003014 -0.182423 0.030413 0.086310 -0.060662 -0.002842 0.000487 0.002428
-9999.000000 -0.000717 -0.000600 0.000000 0.011433 0.261239 0.230764 0.210895 0.071121 0.116046 0.858989 0.037031 0.097038 0.083964 0.179000 0.090282 0.166919 0.374381 0.221683 0.882016 1.732046 1.275716 0.857478 0.393721 -0.172993 -0.218621 -0.141503 0.014262 0.011656 0.278397 0.235152 0.216907 0.111382 -0.109163 -0.564014 -0.797814 -0.628456 -0.416219 -0.000952 0.000903 -0.122020 -0.255585 -0.022830 -0.000034 0.018349 0.319095 0.384182 0.471787 0.421955 0.301313 1.032641 0.612951 0.360243 0.438165 0.277013 -0.061517 -0.001320 0.000615 0.024011
-9999.000000 -0.000024 0.000002 0.000000 0.010931 0.222210 0.217985 0.226648 0.084410 0.136299 0.085133 0.215273 0.182958 0.146784 0.088698 0.036085 0.066427 0.031037 0.104707 0.253939 0.325774 0.214762 0.182142 0.183167 0.164936 0.459259 0.493777 0.708954 0.923969 0.792997 0.505659 0.320338 0.179422 0.028364 -0.128350 -0.311703 -0.537195 -0.635951 -0.436464 0.002567 -0.075722 -0.220323 -0.026269 -0.000853 0.000308 0.004869 0.006173 0.386039 0.356630 0.289662 0.175392 1.002365 0.759652 0.622040 0.388045 -0.056769 -0.000499 0.000359 -0.084649
-9999.000000 -9999.000000 -0.000881 -0.000066 0.000724 0.041003 -0.000488 0.000315 0.063569 0.142763 0.060063 0.178923 0.170414 0.157022 0.118247 0.050943 0.068916 0.031508 0.050311 0.225255 0.131576 0.071479 0.044736 0.074244 0.081182 0.121176 0.002841 -0.037706 -0.011176 0.003080 0.012244 0.018785 -0.055956 -0.115009 -0.171492 -0.119480 -0.158742 -0.394647 -0.140072 0.202035 0.486560 0.637782 -0.020141 -0.002033 -0.000741 0.001391 0.009277 0.005306 0.187523 0.794895 0.638185 0.659049 0.968858 1.080260 0.835386 0.842514 0.805824 0.828759 1.965805
-9999.000000 -9999.000000 -9999.000000 -0.022144 -0.096481 -0.046513 -0.001335 0.000358 0.001179 0.068364 0.257548 0.201727 0.180812 0.167674 0.120997 0.197353 0.288672 0.398048 0.641927 0.437817 0.263381 0.117405 0.047865 0.109117 0.145749 0.142987 0.049414 -0.002578 -0.006250 0.008766 0.013413 0.094662 0.477762 0.089778 0.073350 0.144260 -0.066883 -0.094815 -0.129970 0.025057 0.255561 0.134320 -0.304775 -0.072723 -0.000632 0.000521 0.002161 0.009790 -0.015575 0.133931 0.374005 0.552557 0.685435 0.815586 2.099411 2.732850 1.922054 1.945294 2.327506
-9999.000000 -9999.000000 -9999.000000 -0.031557 -0.086725 -0.035191 -0.000898 -0.000433 0.000874 0.008367 0.019244 0.089417 0.020696 0.013151 0.001075 0.089884 0.278665 0.263085 0.075998 0.102479 0.010317 -0.097697 -0.173198 0.161070 0.506112 0.111555 0.034252 -0.002906 -0.001915 0.016106 0.016140 0.061072 0.774651 0.893666 1.249675 0.998876 0.142675 -0.126456 -0.355598 -0.324655 -0.228947 -0.007681 -0.000926 -0.000240 0.000101 0.000314 0.014923 0.259470 0.829252 0.351269 0.072216 0.045790 0.042745 1.006705 1.818033 1.743279 2.381750 2.141788 1.986099
-9999.000000 -9999.000000 -9999.000000 -9999.000000 -0.000530 0.000000 -0.013727 -0.049885 -0.009931 -0.000005 0.004744 0.010787 0.034511 0.000442 0.019863 0.088150 0.193271 0.000773 0.003083 0.002212 0.001033 0.001909 0.057206 -0.200711 -0.524276 -0.056699 -0.002495 0.000419 0.008614 0.007203 0.004911 0.001094 0.000004 0.009031 0.625791 0.305698 -0.004624 -0.000154 0.004379 -0.376012 -0.496687 -0.000868 -0.001480 -0.000518 -0.000236 0.000422 0.000415 0.008786 0.015446 0.008906 -0.000491 0.131789 1.299400 2.138116 1.934129 1.703896 1.652835 1.651460 1.983893
-9999.000000 -9999.000000 -9999.000000 -9999.000000 -9999.000000 -0.004990 -0.008005 -0.026734 -0.006692 -0.000222 0.000222 0.005483 0.023528 0.006696 0.004000 0.012020 0.026999 0.010478 0.007021 0.003574 0.001422 0.016878 0.430299 0.209420 -0.358468 -0.068919 -0.010017 -0.003749 0.016125 0.007852 0.011544 -0.000116 0.000307 0.017235 0.805518 -0.005137 -0.007232 -0.001199 0.005335 -0.635045 -1.084213 -0.858785 -0.844471 -0.054555 -0.000007 0.009027 0.015634 0.020898 0.009345 -0.000030 0.017574 0.370122 1.154903 1.666948 0.297565 0.041049 -0.121337 -0.160733 -0.259202
-9999.000000 -9999.000000 -9999.000000 -9999.000000 -9999.000000 -9999.000000 -0.026047 -0.065486 -0.014606 -0.005200 0.000005 0.006503 0.028197 0.010047 0.006967 0.002566 0.003871 0.013648 0.031252 0.007669 0.043348 0.021350 0.514840 0.093120 -0.190093 -0.150795 -0.038469 -0.196994 -0.025504 -0.083172 -0.005878 0.000000 0.005878 0.012822 0.706841 -0.022594 -0.029624 -0.011460 0.011699 0.024757 0.022580 -0.489991 -0.628893 -0.615002 -0.494305 -0.469145 0.001625 0.005390 -0.006624 -0.000457 0.002560 0.184179 0.445717 0.274517 -0.000328 -0.000164 0.001245 0.000614 0.017146
-9999.000000 -9999.000000 -9999.000000 -9999.000000 -9999.000000 -9999.000000 -0.012396 -0.023820 -0.026371 -0.000110 0.000061 -0.003483 -0.006250 -0.004622 0.003731 0.002135 0.027022 0.045116 0.069788 0.173301 0.093813 0.318437 0.735224 -0.304718 -0.106047 -0.056949 -0.071626 -0.056385 -0.056556 -0.123507 -0.005878 0.000000 0.005878 0.012822 0.745277 -0.033260 -0.042723 -0.011905 0.015722 0.032155 0.036892 0.165771 0.482985 -0.252799 -0.593577 -0.263908 -0.008991 0.002277 0.001946 0.004762 0.013880 0.189005 0.145234 0.138870 -0.005982 0.000003 0.022171 0.068958 0.120297
-9999.000000 -9999.000000 -9999.000000 -9999.000000 -9999.000000 -9999.000000 -9999.000000 -0.003981 0.000000 -0.026689 -0.096525 -0.050489 -0.008195 -0.010137 -0.006727 0.000000 0.007906 0.037901 0.094892 0.138176 0.058375 0.116696 -0.001177 -0.053462 -0.061312 -0.092245 -0.085911 -0.069983 -0.276953 -0.103579 -0.126042 0.000000 0.026793 0.189054 0.434551 -0.082353 -0.101804 -0.000109 0.285315 0.277644 0.329104 0.080871 0.159496 0.073123 0.322071 0.008647 -0.086610 0.000810 0.025390 0.019821 0.560781 0.358151 -0.099403 -0.084277 -0.000326 0.000208 0.059672 0.123020 0.098504
-9999.000000 -9999.000000 -9999.000000 -9999.000000 -9999.000000 -9999.000000 -9999.000000 -9999.000000 0.000000 0.069127 -0.162173 -0.027340 -0.008179 -0.011962 -0.009790 0.000015 0.014922 0.023388 0.056699 0.007634 0.003900 -0.004940 -0.017164 -0.039473 -0.073335 -0.070128 -0.057081 0.061831 0.242207 0.179641 -0.021936 0.000000 0.012557 0.042466 -0.038055 -0.093237 -0.084778 -0.091732 -0.108502 -0.157897 -0.424729 -0.023908 0.063274 0.039377 0.016128 0.008816 0.001025 0.009600 0.073308 0.490874 0.198039 -0.065933 -0.245419 -0.102258 -0.027418 0.111627 0.082045 0.060789 0.021569
-9999.000000 -9999.000000 -9999.000000 -9999.000000 -9999.000000 -9999.000000 -9999.000000 -9999.000000 -9999.000000 -0.116821 -1.481714 -0.293255 -0.005259 -0.008106 -0.000569 0.000467 0.018248 0.039662 0.037217 0.005754 0.005278 -0.002515 -0.008477 -0.003509 0.005006 0.121140 0.139013 0.204554 0.022756 0.005989 -0.005373 0.000000 0.005373 0.014132 0.037714 -0.051301 0.065429 0.096929 -0.006550 -0.149073 -0.134283 -0.037247 -0.075003 -0.000518 -0.004464 -0.001735 0.015264 0.032841 0.013616 -0.008654 -0.007897 -0.107001 -0.405584 -0.500316 0.012784 0.047415 0.000002 0.001234 0.001649
-9999.000000 -9999.000000 -9999.000000 -9999.000000 -9999.000000 -9999.000000 -9999.000000 -9999.000000 -9999.000000 -9999.000000 0.000000 -0.037291 -0.109926 -0.026001 -0.000457 0.000528 0.003909 0.001983 0.004749 0.003718 0.013278 -0.001443 -0.018204 -0.013950 0.002526 0.010521 0.120964 0.535389 -0.297155 -0.017281 -0.005473 0.000000 0.005473 0.016644 0.023708 0.026674 0.099649 0.107829 0.136463 0.379078 0.195841 0.143995 -0.117375 -0.006383 -0.000196 0.008866 -0.004656 0.001070 0.005208 -0.042847 -0.062455 -0.009164 0.045549 0.223941 0.177282 -0.005082 0.000067 0.009661 0.015237
-9999.000000 -9999.000000 -9999.000000 -9999.000000 -9999.000000 -9999.000000 -9999.000000 -9999.000000 -9999.000000 -9999.000000 -9999.000000 0.000000 -0.001762 -0.006156 -0.000016 0.000484 0.001352 0.016293 0.015526 0.010377 0.012478 -0.002454 -0.027204 -0.035300 -0.035863 -0.033247 -0.053311 -0.133329 -0.082380 -0.007874 -0.000848 0.000000 0.000848 0.009064 0.029937 0.045104 0.135595 0.148205 0.211484 0.135318 0.070053 -0.158655 -0.171800 -0.024194 -0.013936 0.000078 0.001194 0.010712 0.021175 0.006107 -0.076063 -0.050448 0.042029 0.159044 0.125236 -0.000194 0.001425 0.015688 0.021370
-9999.000000 -9999.000000 -9999.000000 -9999.000000 -9999.000000 -9999.000000 -9999.000000 -9999.000000 -9999.000000 -9999.000000 -9999.000000 -9999.000000 -0.000222 0.000222 0.007775 0.022309 -0.004088 -0.005362 0.006926 0.009495 0.002625 0.000008 0.004832 0.068811 -0.042443 -0.087384 -0.110025 -0.046837 -0.057985 -0.001207 -0.000474 -0.000400 0.000572 0.003236 0.031435 0.058232 0.094999 -0.001767 -0.003113 -0.002171 -0.039263 -0.073254 -0.037857 -0.045802 -0.026677 -0.005505 -0.002497 -0.006441 -0.000410 0.000412 -0.252339 -0.488086 -0.221431 0.139341 -0.000460 0.000277 0.018072 0.036903 0.242848
-9999.000000 -9999.000000 -9999.000000 -9999.000000 -9999.000000 -9999.000000 -9999.000000 -9999.000000 -9999.000000 -9999.000000 -9999.000000 -9999.000000 -9999.000000 -9999.000000 -9999.000000 -9999.000000 -9999.000000 -0.000458 -0.000641 -0.001134 -0.000491 0.000258 0.009577 0.025235 -0.013605 -0.043118 -0.075390 -0.127120 -0.176484 -0.193885 -0.142186 -0.167419 -0.015859 0.000000 0.010041 0.044069 0.067119 -0.057141 -0.015686 -0.024653 -0.031428 -0.048915 -0.065781 -0.054474 -0.028885 0.003053 0.006255 -0.003016 -0.000870 0.000946 -0.128586 -0.297172 -0.159825 -0.010587 -0.000792 0.000202 0.025157 0.043551 0.248572
-9999.000000 -9999.000000 -9999.000000 -9999.000000 -9999.000000 -9999.000000 -9999.000000 -9999.000000 -9999.000000 -9999.000000 -9999.000000 -9999.000000 -9999.000000 -9999.000000 -9999.000000 -9999.000000 -9999.000000 -9999.000000 -9999.000000 -9999.000000 -0.001027 -0.000014 0.001022 0.002270 0.001487 -0.043040 -0.063595 -0.105473 -0.155824 -0.187682 -0.138310 -0.153459 -0.014768 0.000000 0.017357 0.075482 0.206643 -0.169807 -0.026173 -0.052925 -0.067567 -0.083949 -0.104457 -0.240606 -0.174891 0.015498 0.036982 0.021125 -0.001044 0.002749 0.018916 0.484258 0.147959 -0.433123 -0.046584 -0.000292 0.000947 0.029154 0.048620
-9999.000000 -9999.000000 -9999.000000 -9999.000000 -9999.000000 -9999.000000 -9999.000000 -9999.000000 -9999.000000 -9999.000000 -9999.000000 -9999.000000 -9999.000000 -9999.000000 -9999.000000 -9999.000000 -9999.000000 -9999.000000 -9999.000000 -9999.000000 -9999.000000 -0.000279 0.000685 0.001996 0.001786 0.013816 0.004406 -0.001615 -0.001817 0.003422 0.028742 -0.052199 -0.017415 0.000015 0.021500 0.081105 -0.106966 -0.238032 -0.306961 -0.056311 -0.071427 -0.074736 -0.079341 -0.183629 -0.249031 -0.373329 -0.285016 -0.013286 0.000009 0.027193 0.065392 0.524458 0.210752 -0.322003 -0.032881 -0.000224 0.001538 0.029555 0.032199
-9999.000000 -9999.000000 -9999.000000 -9999.000000 -9999.000000 -9999.000000 -9999.000000 -9999.000000 -9999.000000 -9999.000000 -9999.000000 -9999.000000 -9999.000000 -9999.000000 -9999.000000 -9999.000000 -9999.000000 -9999.000000 -9999.000000 -9999.000000 -9999.000000 -0.000011 0.007054 0.161668 -0.001489 -0.002339 -0.001409 -0.001372 0.000079 0.024259 0.016200 0.003075 -0.000718 0.000357 0.023726 0.034128 0.114803 0.152874 -0.024402 -0.005437 -0.002691 0.001936 0.005255 0.005523 -0.064245 -0.067832 0.020211 -0.002665 0.000137 0.002766 0.034813 0.417659 -0.042157 -0.033215 -0.009621 -0.000005 0.016456 0.021014 0.031215
-9999.000000 -9999.000000 -9999.000000 -9999.000000 -9999.000000 -9999.000000 -9999.000000 -9999.000000 -9999.000000 -9999.000000 -9999.000000 -9999.000000 -9999.000000 -9999.000000 -9999.000000 -9999.000000 -9999.000000 -9999.000000 -9999.000000 -9999.000000 -9999.000000 -9999.000000 -0.174697 -0.162714 -0.176683 -0.017232 -0.001556 -0.000079 0.001541 0.020656 -0.000489 -0.000777 -0.001040 0.000520 0.001162 0.037113 0.184898 0.047707 -0.004639 -0.012031 -0.002814 0.005612 0.011716 0.014536 0.009473 -0.303500 -0.040847 -0.005804 0.000307 0.006137 0.018938 -0.369324 -0.208952 -0.013809 -0.007686 -0.000208 0.000326 0.014131 0.029113
-9999.000000 -9999.000000 -9999.000000 -9999.000000 -9999.000000 -9999.000000 -9999.000000 -9999.000000 -9999.000000 -9999.000000 -9999.000000 -9999.000000 -9999.000000 -9999.000000 -9999.000000 -9999.000000 -9999.000000 -9999.000000 -9999.000000 -9999.000000 -9999.000000 -9999.000000 0.000000 -0.055292 -0.154927 -0.049272 -0.019362 -0.000000 0.012853 0.047611 -0.052940 -0.006191 0.023832 -0.000230 0.000512 0.035953 0.129463 0.096526 0.000024 0.002187 0.002929 0.004151 0.005382 0.005457 0.010525 -0.464981 -0.085054 -0.010472 -0.001226 0.011184 0.005911 0.024623 0.027892 -0.013603 -0.007326 -0.000003 0.005982 0.014447 0.019228
-9999.000000 -9999.000000 -9999.000000 -9999.000000 -9999.000000 -9999.000000 -9999.000000 -9999.000000 -9999.000000 -9999.000000 -9999.000000 -9999.000000 -9999.000000 -9999.000000 -9999.000000 -9999.000000 -9999.000000 -9999.000000 -9999.000000 -9999.000000 -9999.000000 -9999.000000 0.000000 0.004032 -0.005372 -0.023410 -0.008513 -0.000005 0.007514 0.026208 0.149087 0.069100 0.101888 0.110538 0.092034 0.060994 0.095342 0.030640 0.000539 0.000456 0.000520 0.001295 0.001489 0.001074 0.036243 -0.139302 -0.119155 -0.018524 -0.015248 0.000000 0.015572 0.101308 0.026763 -0.363229 -0.046891 0.000013 0.015785 0.055087 0.658205
-9999.000000 -9999.000000 -9999.000000 -9999.000000 -9999.000000 -9999.000000 -9999.000000 -9999.000000 -9999.000000 -9999.000000 -9999.000000 -9999.000000 -9999.000000 -9999.000000 -9999.000000 -9999.000000 -9999.000000 -9999.000000 -9999.000000 -9999.000000 -9999.000000 -9999.000000 -9999.000000 0.000000 -0.008738 -0.030575 -0.012284 -0.000172 0.000488 0.016429 0.014906 0.001432 0.002386 0.031528 0.032228 0.282146 0.036080 0.013063 0.007034 0.001707 0.001555 0.003033 0.003145 0.002314 0.012842 0.038418 -0.056535 -0.004828 0.000271 0.000000 0.018757 0.182004 0.176833 -0.096814 -0.000880 0.000272 0.020536 0.059533 0.424395
-9999.000000 -9999.000000 -9999.000000 -9999.000000 -9999.000000 -9999.000000 -9999.000000 -9999.000000 -9999.000000 -9999.000000 -9999.000000 -9999.000000 -9999.000000 -9999.000000 -9999.000000 -9999.000000 -9999.000000 -9999.000000 -9999.000000 -9999.000000 -9999.000000 -9999.000000 -9999.000000 0.000000 -0.009937 -0.033940 -0.012792 -0.000004 0.017039 0.015467 0.004878 0.001575 0.019199 0.198865 0.162009 0.084555 -0.088241 -0.001002 -0.000440 0.000676 0.001256 0.004604 0.007149 0.004805 0.002119 0.001667 0.001311 0.085537 0.091002 0.059328 0.023635 0.173345 0.212464 -0.251159 -0.006030 0.000000 0.027236 0.063923 0.048197
-9999.000000 -9999.000000 -9999.000000 -9999.000000 -9999.000000 -9999.000000 -9999.000000 -9999.000000 -9999.000000 -9999.000000 -9999.000000 -9999.000000 -9999.000000 -9999.000000 -9999.000000 -9999.000000 -9999.000000 -9999.000000 -9999.000000 -9999.000000 -9999.000000 -9999.000000 -9999.000000 -9999.000000 -0.037714 -0.046490 -0.014052 -0.000000 0.012035 0.010130 -0.000360 0.000360 0.026696 0.107978 0.016063 0.001151 -0.003881 -0.001777 -0.002324 0.000758 0.000655 0.012260 0.011622 0.134340 -0.000192 0.002140 0.001741 0.241862 0.195296 0.536962 0.553386 1.261066 0.542419 -0.145014 -0.108612 -0.000530 0.001176 0.015043 0.053842
