use_cases/Flooding_chicago/flooding_data/output/hUx_1620.asc
ncols 337
nrows 393
xllcorner 428428.000000
yllcorner 4602440.000000
cellsize 26.757400
NODATA_value -9999.000000
[rows 182 to 207 of 393, columns 59 to 117 of 337]
0.005878 0.020646 0.005872 0.004248 0.002842 0.001887 0.001439 0.012130 0.028797 0.239537 -0.001162 0.000736 0.012869 0.023048 0.006584 0.064528 0.082895 -0.159396 -0.352662 -0.422056 -0.315808 -0.092431 -0.031591 -0.005800 -0.000222 0.000222 0.011581 0.055470 0.007031 0.000024 0.619272 1.590825 0.273221 0.103496 -0.160009 -0.017929 -0.000401 0.000555 0.006854 0.032076 0.038070 0.064442 0.309962 0.649901 1.185096 1.805705 3.525540 3.525188 2.711010 2.226949 1.694628 2.050312 0.657264 0.574034 0.426260 0.036608 -0.011988 0.000000 0.009944
0.005878 0.014730 0.003639 0.002126 0.002412 0.001961 0.001225 0.004521 0.004335 0.007520 -0.002116 0.000695 0.001845 0.011783 0.028120 0.073613 0.145305 -0.068381 -0.289218 -0.059367 -0.002152 -0.007438 -0.022134 -0.056487 -0.005786 -0.000020 0.000428 0.004084 0.005753 0.000960 0.006468 0.650032 0.062598 -0.091174 -0.019812 -0.014878 -0.000330 0.000396 0.006778 0.028650 0.008084 -0.130898 0.019889 0.657347 1.103908 2.721346 3.561965 2.625829 1.642981 0.575161 0.722835 0.992693 0.823502 0.432590 0.169005 -0.165069 -0.048886 -0.000088 0.000703
0.000526 0.002380 0.001325 0.001765 0.000556 0.000604 0.000428 0.019848 0.079381 -0.032736 -0.002637 0.000551 0.002574 0.016997 0.022736 0.048841 0.401778 0.042360 -0.442709 -0.033075 -0.000519 0.000233 0.010325 0.015380 0.117911 0.002038 0.000815 0.001598 0.001129 0.009459 0.027722 0.157867 -0.067657 -0.038097 -0.009700 -0.001325 -0.000033 0.000261 0.010668 0.024830 0.041958 0.002603 0.216357 0.522611 1.039944 1.077309 0.833067 0.277840 0.022821 0.008661 0.086103 0.026768 0.066640 -0.103280 -0.348993 -0.405089 -0.682708 -0.129966 0.000021
0.001265 0.007729 0.006805 0.018606 0.007042 0.002175 0.000870 -0.004083 0.000767 -0.001677 -0.003009 0.000000 0.007755 0.017490 0.035242 0.010854 0.230076 0.171007 -0.444251 -0.015243 -0.001158 -0.000286 0.001025 0.015767 0.013166 0.015296 0.003971 0.001942 0.000736 0.028276 -0.235591 -0.273322 -0.048601 0.138004 -0.000568 0.000086 -0.000056 -0.000568 0.000512 0.000968 0.055202 0.026570 0.381685 1.011489 1.002905 1.013158 0.863761 0.270497 0.029477 0.014757 0.201703 0.269748 0.270552 0.125274 -0.030454 -0.401588 -0.123562 -0.223679 -0.266398
0.057979 0.025490 0.019980 0.101507 0.273624 0.182694 0.105863 0.048285 0.019695 0.015788 -0.001078 0.001144 0.013010 0.030773 0.035739 0.079391 0.090863 0.396749 0.215865 -0.105912 -0.009637 -0.001297 0.000801 0.001271 0.026782 0.086002 0.124293 0.655184 1.015888 0.976516 1.291643 1.625771 1.737462 1.610261 1.014306 0.562984 0.302496 0.292049 0.287746 0.191522 0.059028 0.111630 0.436793 0.740060 0.732668 0.630715 0.194838 0.117332 0.029677 0.013579 -0.000007 0.016125 0.428380 0.186905 0.087489 -0.000477 -0.000000 0.000477 -0.123231
0.063311 0.023203 0.014910 0.006800 0.017295 0.212923 0.129977 0.140853 -0.041769 -0.039324 -0.000804 0.000851 0.023827 0.027472 0.109697 0.054445 -0.043629 0.094543 0.241529 0.173567 -0.038467 -0.000749 0.000131 0.000833 0.013607 0.034418 0.595163 1.064489 1.231613 0.468622 0.075337 0.181985 0.842348 1.301824 1.015824 1.471041 1.272223 1.051404 0.700085 0.807103 0.645393 0.550134 0.459104 0.638133 0.655291 0.560452 0.131522 0.136506 0.114853 -0.054712 -0.000352 0.000352 0.023741 0.050672 0.134275 -0.351562 -0.000000 -0.181352 -0.231086
0.031215 0.217063 0.000920 0.002402 0.008821 0.005057 0.096588 0.623336 0.575904 0.156138 -0.000390 0.000399 0.029572 0.162108 -0.026105 -0.013564 -0.032388 0.060278 0.176222 0.194879 -0.004524 -0.001075 0.000005 0.000981 0.001633 0.020234 0.202937 0.232403 1.185193 0.786299 0.473346 0.599912 0.731363 0.898612 0.935206 1.115357 0.957923 0.471425 0.300411 0.337253 -0.006519 -0.153152 0.100951 0.480747 0.501370 0.510042 0.105408 0.141493 0.167732 0.092589 -0.055437 0.000007 0.409798 0.332261 0.452789 0.275733 0.040162 -0.210492 -0.154687
0.012665 0.190587 -0.000414 0.000775 0.008731 0.006635 0.079315 0.667872 0.837040 0.151308 0.005549 0.001693 0.013471 0.083573 0.090100 0.055057 0.138465 0.489645 0.363759 0.094312 0.037607 -0.015244 0.000000 0.000462 0.000472 0.270244 0.252284 0.216494 -0.000397 0.000334 -0.067370 -0.010675 0.000000 0.022024 0.528746 0.442976 0.394647 0.273269 0.176976 0.244281 -0.010663 -0.106586 0.047036 0.467774 0.806530 0.682458 0.343917 0.208206 0.247476 0.172685 0.015252 0.001561 0.079010 -0.102233 0.012380 -0.112465 -0.393097 -0.558641 -0.008141
0.037654 0.025585 0.009683 0.000034 0.005582 0.006220 0.003222 0.010123 0.104014 0.056566 0.000372 0.007204 0.049253 0.321718 0.394747 0.400587 0.417499 0.598482 1.023412 1.131681 1.134364 0.863432 0.910107 0.886607 0.924577 2.010681 0.684885 0.549830 -0.000792 -0.000235 -0.000580 -0.000402 0.000027 0.005218 0.011929 0.137357 0.071315 0.029325 0.048380 0.039452 -0.069513 -0.006951 0.262299 0.416731 0.119506 -0.243384 -0.421062 -0.346724 -0.206844 -0.064325 -0.000688 0.000039 0.000936 0.000716 -0.002541 -0.053107 -0.123246 -0.030043 -0.007909
0.180354 0.068718 0.000283 0.000109 0.001014 0.002737 0.001846 0.013072 0.142036 0.081289 0.157243 0.194498 0.503038 0.687872 0.730040 0.881689 1.347318 1.397280 2.021220 2.426863 2.349674 2.638666 4.099601 3.367433 3.702689 2.625746 3.745635 2.487599 0.955524 0.526530 0.506737 0.887027 0.222513 0.001932 0.001493 -0.400326 -0.351788 -0.396849 -0.325693 -0.152489 -0.279693 -0.306685 0.114206 0.417776 0.350162 0.058954 -0.327078 -0.619588 -0.666816 -0.947033 -0.007672 -0.000944 -0.000185 0.000142 0.000661 0.000066 -0.002515 -0.025350 -0.012063
0.263543 0.133816 -0.001994 -0.002012 0.000064 0.001614 0.004395 0.003267 0.093681 0.220497 0.105134 0.607580 0.520782 0.761489 0.827937 1.012933 1.207310 1.789746 2.015050 2.566519 2.486448 2.688887 3.103146 2.525188 2.781369 3.887743 3.929256 3.272763 2.932905 3.981643 3.679353 3.776733 2.398154 0.595473 0.360893 0.899717 0.625553 0.595393 0.705618 0.986762 0.646060 0.542963 0.850476 1.020109 0.782324 0.769347 0.298568 0.076816 0.023619 -0.156941 -0.278004 -0.006455 -0.000991 -0.001882 -0.000928 -0.000353 0.000506 0.017006 0.270472
0.099889 0.092223 0.047663 -0.000400 0.000560 0.000247 0.000283 0.021737 0.169320 0.400652 0.789662 0.498141 0.354530 0.548103 0.388987 0.504882 0.529004 0.661847 1.031976 1.004544 0.927237 1.094298 0.861092 0.959136 0.926987 1.313150 1.186037 0.744864 2.344503 3.682738 4.317904 3.740279 2.259165 2.433522 2.168561 1.782370 2.421368 2.513791 2.599743 2.620411 2.209580 1.649974 1.782107 1.581289 2.207483 2.940021 1.745807 1.117422 0.394586 -0.548620 -0.384695 -0.237093 -0.018137 -0.009462 -0.001413 -0.000673 0.001462 0.031996 0.717517
0.168117 0.250801 0.160857 0.081257 0.019623 0.001613 -0.000135 0.001592 0.051913 0.229398 0.511107 0.431928 0.352048 0.299307 0.174714 0.162474 0.105153 0.139932 0.234964 0.286571 0.325790 0.308705 0.050873 0.002823 0.008002 0.019814 0.027870 0.021326 0.036884 0.825477 1.078088 1.630421 1.599307 2.102125 2.195528 2.982163 2.472096 3.213463 3.045527 2.934511 2.653072 2.182873 2.279463 1.763194 1.957732 1.137096 0.859684 0.890735 0.709906 0.762822 0.047165 -0.258097 -0.208348 -0.011174 -0.001546 -0.001131 0.001616 0.041436 0.490275
0.086498 0.179433 0.101974 0.339701 0.324197 0.169579 0.055826 -0.000268 0.004708 0.094911 0.197012 0.133119 0.114666 0.098864 0.045590 0.020456 -0.008814 0.084373 0.269522 0.359686 0.454443 0.473127 0.094539 0.013122 0.009730 0.008162 0.010044 0.013853 0.035439 -0.073631 -0.308095 -0.022209 0.419896 0.399325 1.877808 3.021023 1.421114 0.898456 0.234300 0.080020 0.431548 1.138301 1.109874 0.685324 0.607255 0.399567 0.459300 0.484420 -0.006873 -0.000267 0.000013 0.000293 -0.074438 -0.164929 -0.023581 -0.008526 0.000000 0.005350 -0.695055
0.113916 0.370945 0.343190 0.409063 0.391484 0.917685 0.028702 -0.001979 0.000923 0.005634 0.111868 0.087174 0.104130 0.112556 0.036171 -0.012052 -0.032037 0.045875 0.189194 0.295596 0.374227 0.211256 0.004427 -0.002823 -0.000602 0.000963 0.000713 0.025125 0.438598 -0.323024 -0.853375 -0.682956 0.172436 0.289752 0.112074 -0.019845 -0.006164 -0.000066 0.000287 0.021096 0.134798 0.494558 0.395781 0.106800 0.330453 -0.004640 -0.029733 -0.022174 -0.018442 -0.005982 0.000003 0.006221 0.012928 -0.017263 -0.033883 -0.020767 -0.000067 0.000464 -0.376813
0.070114 0.395375 0.389816 0.475213 0.427322 1.363889 1.074735 0.919427 0.521269 0.462254 0.403260 0.308575 0.462212 0.339085 0.255240 0.246003 0.095888 0.104891 0.146622 0.214336 0.144161 -0.046127 -0.000344 -0.000497 -0.000411 0.009801 0.001859 0.009439 0.012772 0.000234 -0.000118 0.000428 -0.466577 -0.441729 -0.017232 -0.005496 -0.000100 0.000120 0.004865 0.012535 0.076427 0.478297 0.479195 0.013584 -0.053267 -0.001011 -0.006078 -0.007933 -0.004596 -0.000326 0.000208 0.007371 0.009733 0.027298 -0.302310 -0.288581 0.038531 -0.015904 0.000000
0.056083 0.030402 0.011610 0.004105 0.269872 1.027656 0.827379 0.685966 0.713532 0.435644 0.377832 0.562841 0.449489 0.337503 0.215559 0.154389 0.049955 -0.001720 0.004119 -0.020372 -0.100239 -0.018040 -0.008895 0.000003 0.009146 0.091092 -0.000124 0.000095 0.000312 0.000374 0.001180 0.013635 -0.000077 -0.017759 -0.012553 -0.000340 -0.000000 0.000340 0.008014 0.025455 0.392916 0.560257 0.593268 0.166141 -0.293964 -0.022526 -0.084716 -0.024219 -0.011885 -0.000160 0.000143 0.013469 0.043782 -0.495978 -1.558685 -1.336479 -1.031428 -0.151616 0.000000
0.013359 0.015836 0.008450 0.003752 0.001669 0.046086 0.146381 0.342399 0.209718 0.204314 0.035865 0.581614 0.480496 0.443749 0.198971 -0.005766 0.003336 0.001416 -0.005136 -0.042364 -0.035824 -0.014097 -0.000326 0.000208 0.002799 0.001352 -0.000372 -0.000206 0.000363 0.004393 0.010874 0.000653 -0.000155 -0.000078 -0.000169 0.000070 0.000234 0.007384 0.115607 0.157998 0.495861 0.527753 0.529766 -0.112340 -0.700003 -0.368693 -0.110623 -0.073761 -0.006803 -0.000064 0.000062 0.010360 -0.140276 -0.956488 -0.859913 -0.821331 -1.019449 -0.082746 0.000000
0.011571 0.031923 0.031521 0.003995 -0.000092 0.000392 0.079807 0.334856 0.390060 0.485249 0.558039 0.621613 0.644482 0.005521 -0.299360 -0.470684 -0.065195 -0.002093 -0.001518 -0.004770 -0.047598 -0.016709 -0.000442 -0.000339 -0.000573 -0.002483 -0.012385 -0.006394 0.000007 0.012138 0.049823 -0.007550 -0.000222 0.000222 0.008922 0.048517 0.009298 0.004284 0.035490 0.216537 0.382481 0.408703 0.198142 -0.431386 -1.079075 -1.006766 -0.992101 -0.978537 -0.259387 -0.551596 -0.872538 -2.004130 -2.016417 -2.062816 -2.218819 -0.964741 -1.292254 -1.935895 -1.442549
0.071575 0.090998 0.113455 0.081292 0.044245 -0.005024 -0.009483 -0.007458 0.125527 0.247551 0.129388 0.093951 -0.010716 -0.000047 -0.000433 -0.002546 -0.001284 0.000304 0.001907 0.000944 0.000092 0.000731 0.000099 -0.000552 -0.000535 -0.000011 -0.000447 0.000432 0.000332 0.000333 0.003303 0.000017 -0.000003 0.003872 0.013141 0.002365 0.005103 0.007428 -0.033594 -0.107751 -0.164022 -0.295816 -0.699678 -1.432749 -1.516878 -1.806601 -2.866284 -2.313586 -3.205171 -2.836600 -3.082399 -2.528542 -2.186203 -1.172731 -0.110556 -0.062833 -0.770980 -1.321257 -1.170864
0.039267 0.045372 0.086972 0.102936 0.082317 0.060186 -0.000156 0.000137 0.071684 0.099541 0.089555 0.044225 -0.010630 -0.001353 -0.000021 0.001316 0.007315 0.006915 0.002478 0.000000 0.004047 0.003771 0.001190 -0.011709 -0.117579 -0.111942 -0.000046 0.022409 0.019293 0.001964 0.132605 0.408111 0.039236 0.009927 0.000876 -0.002380 0.000498 0.003821 0.166951 0.209750 0.260556 -0.063445 -0.682692 -1.535040 -1.496879 -2.214038 -2.418392 -2.201461 -2.801757 -2.475575 -1.202195 -2.887775 -1.579832 -0.404164 -0.022882 -0.077784 -0.630540 -0.731875 -0.605842
0.002844 0.001614 0.001104 0.012580 -0.012585 -0.023679 -0.000330 0.000396 0.007808 0.104016 0.032948 0.003721 -0.018580 -0.002650 -0.000069 0.001978 0.003166 0.001934 0.000317 0.000000 0.003885 0.002859 0.095325 -0.038131 -0.104549 -0.079328 -0.000003 0.022822 0.162344 0.119184 -0.007587 -0.019398 -0.052322 -0.157986 -0.269308 -0.016330 -0.000270 0.000998 0.166241 0.442801 0.586362 0.218135 -0.324845 -1.196512 -1.537109 -2.158874 -2.118612 -2.498427 -2.371744 -2.190125 -0.990011 -1.169950 -1.457741 -1.163788 -1.451254 -1.338864 -1.727092 -1.213659 -0.834536
0.001133 0.001143 0.001007 -0.033891 -0.074634 -0.100730 -0.000401 0.000555 0.007995 0.065774 0.017386 -0.002778 -0.045796 -0.020638 -0.000083 0.000409 0.007162 0.052349 0.020383 0.006153 0.003711 -0.012485 -0.035332 -0.086324 -0.057366 -0.005378 0.000000 0.018477 -0.006896 -0.021406 -0.002757 0.012871 0.022234 0.056153 0.048672 0.019264 -0.000228 0.000311 0.197576 0.378034 0.317850 0.292661 0.223361 0.030688 -0.103793 -0.148960 -0.068568 -0.061387 -0.033363 -0.128390 -0.012818 0.000000 -0.829246 -1.100315 -1.350932 -1.425427 -2.747062 -1.203632 -0.964320
0.031396 -0.008980 -0.066555 -0.090724 -0.145526 -0.004115 -0.000013 0.010098 0.029898 0.501414 -0.017046 -0.049943 -0.012926 -0.006319 0.000000 0.001111 0.000760 0.004808 0.029545 0.016680 0.002932 -0.049760 -0.089283 -0.027244 -0.023038 -0.000548 0.000065 0.008544 0.011766 0.013983 -0.007854 0.004078 0.021951 0.048610 0.049309 0.063750 0.040792 0.005542 0.230060 0.229485 0.218781 0.181996 0.109636 -0.048895 -0.010618 -0.003299 0.006202 0.061905 0.064771 -0.063220 -0.041015 0.000000 0.000359 -0.003855 -0.009025 -0.026187 -0.098691 -1.168358 -1.249288
-0.045386 0.038468 0.066050 -0.004849 -0.270782 -0.060974 -0.000000 0.009563 -0.090630 -0.201711 -0.032434 -0.008490 -0.006812 -0.000497 0.000072 0.001030 0.000774 0.012988 0.031666 0.029716 -0.021771 -0.070683 -0.145439 -0.040432 0.000000 0.003696 0.000689 0.100724 0.028208 0.033553 0.035139 0.034184 0.041345 0.055114 0.059749 0.269834 0.292586 0.471519 0.396421 0.315262 0.218748 0.110596 0.001287 -0.112844 -0.012001 -0.003214 -0.006052 -0.060914 -0.122296 -0.230419 -0.056137 -0.009470 -0.008006 -0.004937 -0.001386 -0.000303 -0.000570 -0.319016 -1.393044
-0.259968 -0.350267 -0.396241 -0.598324 -0.807848 -1.191017 -0.629064 -0.678157 -0.596095 -0.484114 -0.334400 -0.204966 -0.007161 -0.000228 -0.000098 0.000172 0.001185 0.000822 -0.086804 -0.176071 -0.357610 -0.625253 -0.161346 -0.023721 0.000000 0.010236 0.194352 0.101600 0.084710 0.171621 0.217208 0.192792 0.054122 0.060408 0.341359 0.496437 0.500435 0.574135 0.510453 0.301320 0.043920 -0.242720 -0.474549 -0.309654 -0.052809 0.053361 0.084566 0.068988 -0.012305 -0.243390 -0.053658 -0.016902 -0.305027 -0.063832 -0.012454 -0.000708 -0.000062 0.000666 -0.105008
