use_cases/Flooding_chicago/flooding_data/output/hUx_900.asc
ncols 337
nrows 393
xllcorner 428428.000000
yllcorner 4602440.000000
cellsize 26.757400
NODATA_value -9999.000000
[rows 234 to 259 of 393, columns 59 to 117 of 337]
0.000576 -0.001240 0.000228 -0.000323 0.000405 0.014537 0.105596 -0.092298 -0.040085 -0.015021 -0.000222 0.000222 0.001335 0.000831 0.009388 0.006972 0.060555 0.118214 0.043302 -0.000614 -0.000692 -0.000254 0.000315 0.001037 0.004069 0.002807 0.000505 -0.000654 0.000136 0.011030 0.128254 0.035510 -0.000383 0.001107 0.037450 0.036428 0.063185 0.031955 -0.033360 -0.047033 -0.127299 -0.049348 -0.020570 -0.000013 0.015253 0.135035 0.440910 0.053979 0.031031 -0.000003 -0.000119 -0.000744 -0.001062 -0.000685 0.000167 0.000296 0.017480 0.098208 -0.116316
-0.015512 -0.066756 -0.009454 -0.000418 0.000587 0.023862 0.011716 -0.026526 -0.006219 0.000000 0.000409 0.000476 0.001072 0.000444 0.001589 0.023653 0.118235 0.353067 0.257612 -0.001121 -0.003113 -0.001035 -0.005675 -0.016492 -0.009792 0.034857 0.014258 0.008222 0.001986 -0.047700 -0.063573 -0.049299 -0.000781 -0.000168 -0.000108 0.000133 0.001371 -0.086993 -0.146200 -0.183214 -0.007315 -0.038057 -0.007405 -0.000401 0.000555 0.001959 0.001408 0.072297 0.714464 0.620202 0.430776 0.465319 0.206450 0.001808 0.010678 0.000004 0.030828 -0.089890 -0.593106
-0.018704 -0.084845 -0.015579 -0.000013 0.045650 0.236129 0.007778 -0.000395 -0.000572 0.000069 0.000428 0.000312 0.001291 0.000701 0.000306 0.001031 0.010967 0.003254 0.101736 0.042968 -0.001940 -0.001214 -0.003775 -0.009722 -0.007170 0.003747 0.009267 0.066768 0.055797 0.118748 0.077351 0.050145 0.007469 -0.118613 -0.006225 0.000000 0.013516 0.379614 0.058952 -0.008161 -0.002562 -0.011925 -0.006954 -0.000330 0.000396 0.001228 0.001824 0.001723 -0.196979 -0.376739 -0.234507 -0.002750 0.173262 0.081379 -0.100858 -0.080688 0.000067 -0.124307 -0.108433
-0.104595 -0.003399 -0.004567 -0.000000 0.005503 0.007118 0.096152 0.008475 0.008036 0.001285 0.033702 0.079198 0.106662 0.040490 -0.017694 0.035400 0.000717 0.010043 0.127228 0.050951 -0.000091 -0.118307 -0.023434 -0.003552 -0.003007 0.000241 0.004071 0.004063 0.001741 0.114627 -0.010162 -0.061467 -0.115156 -0.205114 -0.339861 -0.005850 0.000000 0.156879 0.126616 0.163231 -0.002880 -0.013355 -0.008702 -0.000131 0.000136 -0.003318 -0.001091 0.001220 0.020037 0.136235 -0.015830 -0.162775 -0.170830 -0.175070 -0.308851 -0.244167 -0.306961 -0.302154 -0.194515
-0.002366 -0.003374 0.000000 0.000044 0.001091 0.004406 0.007573 0.008824 0.005577 0.011219 0.017359 0.054777 0.584780 1.012075 0.611962 0.731007 0.427857 0.319007 -0.087760 -0.257176 -0.376793 -0.333044 -0.262574 -0.019325 -0.002264 -0.002357 -0.000117 0.000974 0.001060 -0.039916 -0.050556 -0.071807 -0.051276 -0.042724 -0.037164 -0.079530 -0.000019 0.092898 0.097327 -0.189376 -0.099401 -0.133498 -0.075779 -0.131418 -0.187314 -0.061970 -0.001473 0.001393 0.001300 0.000529 0.000394 0.000407 0.015707 -0.211147 -0.335523 -0.331282 -0.270511 -0.265024 -0.013110
0.005472 0.005423 0.000394 -0.002819 -0.002546 0.001251 0.005729 0.006010 0.028996 0.033302 0.026771 0.061543 -0.048292 -0.036768 0.044031 0.000000 0.236535 0.206671 0.263805 0.213740 0.385431 0.390724 0.503836 0.760018 0.524289 -0.211294 -0.008961 -0.000094 0.000231 0.067453 0.016316 0.031602 0.019793 0.003322 -0.026172 -0.000469 -0.153184 -0.243830 -0.154913 -0.191319 -0.087676 -0.165454 -0.070271 -0.001151 -0.012088 -0.006488 0.000008 0.007557 0.013117 0.001309 -0.007962 -0.055994 -2.265269 -0.414590 -0.006192 0.000000 -0.074461 -0.157301 -0.021000
0.000790 0.017445 0.017894 -0.001273 -0.002005 -0.001155 0.002090 0.002938 0.085335 0.401158 0.028564 0.068694 0.079263 0.477128 0.328109 0.000000 0.309298 -0.064148 -0.116779 0.015125 0.037168 0.006220 0.056034 0.221628 0.386204 0.595954 0.432414 -0.349593 -0.259473 -0.158226 -0.456276 -0.426045 -0.478936 -0.553306 -0.662323 -0.756951 -0.326756 -0.653961 -0.648990 -0.632440 -0.091445 -0.011516 -0.007396 -0.000421 -0.000096 0.000096 0.000421 0.015247 0.229259 0.193956 0.183994 0.076199 -0.134011 -0.222569 -0.025053 0.000000 0.004905 0.252322 -0.158851
0.002971 0.010982 0.058164 0.015611 -0.050087 -0.021397 0.000148 0.024604 0.029276 0.310923 0.025226 0.064067 0.135997 0.812249 -0.007040 0.000000 0.388114 -0.100404 -0.203682 -0.122596 -0.060254 -0.225506 -0.427246 -0.612722 -0.685815 -0.472544 -0.459056 -1.066743 -0.276280 -0.185895 -0.537803 -0.743367 -0.752013 -0.839885 -0.952985 -0.965536 -0.850874 -0.237000 -0.255931 -0.030657 -0.028064 -0.024043 -0.010682 -0.000008 0.006488 0.011151 0.000886 0.073610 0.079026 -0.243254 -0.258257 -0.319746 -0.311134 -0.162599 0.050382 -0.001629 -0.324435 -0.734476 -0.912932
0.018067 0.037066 0.068874 0.168095 -0.108503 -0.018257 0.000007 0.024737 0.032605 0.028890 0.014512 0.046540 0.105871 -0.046029 -0.011409 0.000000 0.011118 1.237840 1.190004 1.014028 0.684015 0.450018 0.085324 -0.263764 -0.424401 -0.931673 -1.486177 -1.904490 -0.184818 -0.000017 0.090517 0.072510 0.097814 0.054016 -0.009175 -0.044210 -0.057355 -0.115373 -0.006260 -0.024718 -0.007557 -0.000542 -0.000180 0.006987 0.224051 0.143678 -0.048606 -0.092956 0.017020 -0.080905 -0.461194 -0.631936 -1.059678 -1.233094 -1.652266 -0.355027 -0.527616 -1.021684 -1.104134
0.010923 0.024566 0.528447 0.325758 0.221510 -0.238529 -0.007651 -0.000222 0.000222 0.021171 0.054296 0.024241 0.011900 0.004547 0.002808 0.000751 0.012671 0.866945 0.984314 0.944962 0.970976 0.541683 0.365744 0.273125 0.065850 0.158527 0.055309 -0.157995 -0.041791 -0.000416 0.001045 -0.006046 -0.008338 -0.000222 0.000222 0.119639 0.390604 -0.001764 -0.202569 -0.059414 -0.010385 -0.000003 0.027825 0.221407 -0.064397 -0.016221 0.167036 0.207569 -0.000000 0.008084 0.047040 0.078001 0.191659 0.036106 -0.592655 -0.968589 -0.418692 -0.422903 -0.036032
0.057807 0.456741 0.037466 -0.072686 -0.082722 -0.163046 -0.009887 -0.000128 0.000104 0.161533 0.115413 0.065243 0.008239 0.006251 0.003159 0.006255 0.178718 0.406618 0.539560 0.406936 0.410683 0.139854 0.048246 -0.044722 -0.098093 -0.014118 -0.055028 -0.171666 -0.072018 0.000000 0.012351 0.135457 0.033507 -0.022142 -0.083918 -0.195146 -0.119977 -0.234461 -0.040672 -0.028892 -0.008430 -0.000165 0.000357 0.009144 0.211339 0.022825 0.014225 -0.059154 -0.000013 0.011040 -0.296072 -0.655469 -0.684875 -0.125847 -0.208537 -0.256899 -0.261755 -0.042488 -0.015464
0.055581 0.203048 -0.053230 -0.125459 -0.073191 -0.039371 -0.122021 -0.000623 -0.000714 -0.041595 -0.051481 -0.018735 0.007356 0.004962 0.030689 0.035896 0.313375 0.188855 0.103500 0.104559 0.074104 0.032132 -0.003177 -0.007351 -0.002128 -0.003168 -0.019915 -0.048650 -0.043840 -0.002547 0.000881 -0.008141 -0.021298 -0.024786 0.017950 -0.343520 -0.363933 -0.011343 -0.007080 -0.013093 -0.014365 -0.000743 -0.000897 0.002453 0.001967 -0.000687 -0.097279 -0.009506 -0.000401 0.000555 0.021627 -0.136702 -0.309020 -0.081088 -0.000360 0.000360 -0.264168 -0.043684 -0.017341
0.672887 0.336310 0.158838 0.058740 0.029213 -0.185580 -0.004046 -0.004895 0.019516 -0.025910 -0.069617 0.004433 0.003839 0.002581 0.013848 0.637802 1.359328 0.559393 0.117386 -0.150492 -0.333219 -0.019250 -0.000982 -0.000053 -0.000583 -0.000155 0.000163 -0.043878 -0.048191 -0.005235 -0.001070 0.000985 -0.000300 -0.002748 0.022032 -0.211909 -0.077668 -0.002735 -0.008935 -0.006800 0.000811 0.000550 -0.001259 0.000111 0.001760 0.000060 -0.002168 -0.003362 -0.000330 0.000396 0.005131 0.048761 -0.287518 -0.540747 -0.000360 0.000360 -0.129412 -0.034899 -0.081992
0.425500 0.242099 0.190029 0.130773 0.027506 0.029993 0.000040 0.010727 0.016356 0.014204 0.005630 0.003933 0.000210 0.014454 0.363923 0.279697 0.453407 0.340036 0.155973 -0.106992 -0.137810 -0.027336 -0.004028 -0.004206 -0.001834 -0.000431 0.000362 -0.080414 -0.085711 -0.006204 -0.002883 -0.000846 0.000513 0.001182 0.135858 0.185879 -0.138148 -0.000554 -0.000247 0.000569 0.040744 -0.004962 -0.003692 -0.000271 0.000571 -0.009817 -0.001192 0.000412 0.001805 -0.003652 -0.144148 -0.326461 -0.683716 -0.729790 -0.448391 -0.069564 -0.102853 -0.118422 -0.069350
0.037275 0.207973 0.096325 -0.002967 -0.003654 -0.000617 0.000827 0.016963 0.022147 0.011827 0.062370 0.061172 0.066609 0.333387 0.408764 0.328570 0.211432 0.131260 0.126353 -0.000868 -0.152247 -0.054444 -0.005756 -0.011563 -0.003518 -0.001323 0.000022 0.008212 -0.063001 -0.017285 -0.000846 -0.001438 0.003123 0.002358 0.166805 0.208201 -0.307211 -0.010250 -0.000331 0.000393 0.031298 0.059711 -0.117913 -0.444205 -0.014285 -0.000674 -0.000409 0.000551 0.177303 0.209716 0.293634 0.258801 0.343091 0.230194 0.363071 0.213093 -0.327373 -0.310112 -0.145003
0.036468 0.242271 0.087298 -0.001888 -0.002787 -0.000468 0.002733 0.007476 0.012643 0.121900 0.780325 0.366847 0.225386 0.441846 0.365967 0.224116 0.046957 -0.087549 -0.007638 -0.012988 -0.028373 -0.078020 -0.147827 -0.071716 -0.018475 -0.000421 0.000407 0.001487 -0.078396 -0.006855 -0.000331 0.000393 0.024498 0.506302 0.756224 0.169236 -0.024879 -0.088150 -0.000941 -0.001020 0.004066 0.063918 0.168442 0.061425 -0.035447 -0.002308 -0.001562 0.270797 0.339447 0.440222 0.517558 0.544540 1.146675 0.205009 -0.272207 -0.159163 -0.601983 -0.152526 -0.011673
0.021156 -0.131604 -0.171575 -0.003183 -0.005616 -0.002035 0.004006 0.001644 0.005186 0.001963 -0.127033 -0.014214 0.090789 0.204699 0.144268 -0.073593 -0.326229 -0.940426 -0.645172 -0.013064 -0.002064 -0.005662 -0.003309 -0.024313 -0.008588 0.000042 0.003993 0.002546 0.037207 -0.000554 -0.000247 0.000569 0.040966 0.474190 0.475088 0.110801 0.022700 -0.006145 0.004190 -0.001408 0.001692 0.007889 0.003580 -0.000670 -0.003095 -0.056901 -0.072248 -0.076437 -0.055156 -0.040623 -0.005488 -0.033348 -0.007940 0.000000 -0.544592 -1.090003 -0.972993 -0.033601 -0.013458
0.011893 0.036566 -0.095871 -0.070867 -0.007896 -0.009266 -0.000532 0.000381 0.000468 0.000658 0.009780 0.210932 0.232528 0.180162 0.024721 0.018613 0.065989 -0.203123 -0.322861 -0.609224 -0.094978 -0.048521 -0.022319 -0.008231 0.000003 0.001001 0.017831 0.289873 0.526951 0.138573 0.148936 0.129717 0.076700 0.106922 0.089999 0.079425 -0.019050 -0.046681 -0.001282 -0.002795 -0.003372 -0.001347 -0.001645 -0.000169 0.000173 -0.002471 -0.010814 -0.049085 -0.052759 -0.072713 -0.079029 -0.013260 -0.005878 0.000000 0.000080 -0.001069 -0.017399 -0.009218 -0.000360
0.001179 0.010518 0.036944 -0.079125 -0.019486 -0.001586 -0.001914 0.000201 0.000482 0.001172 0.005768 0.008598 0.330239 0.270383 0.187495 0.107895 0.037776 0.424756 0.184995 -0.099917 -0.033293 -0.007945 -0.000093 0.000440 0.005541 0.003126 0.012115 0.297433 0.170727 0.128410 0.119599 0.115008 0.062346 0.130462 0.062289 -0.038135 -0.121485 -0.327932 -0.353252 -0.490146 -0.011850 -0.001564 -0.002054 -0.000360 0.000360 0.007588 0.105417 -0.016738 -0.067809 -0.131315 -0.112965 -0.018537 -0.005878 0.000000 0.000000 0.000000 -0.001290 -0.002656 -0.000360
0.000526 0.003351 0.001234 -0.002939 -0.005019 -0.001144 -0.001236 -0.000948 0.000000 0.005571 0.102653 0.992716 0.815468 0.541067 0.287254 0.639729 0.655304 0.684902 -0.012592 -0.076502 -0.058421 -0.009939 0.000000 0.008609 0.038405 0.081125 0.243981 0.164400 0.089438 0.038518 0.043825 0.067358 0.154700 0.118112 0.053221 0.009161 0.033877 0.060806 0.113839 0.040238 0.002731 -0.002572 -0.003184 -0.000360 0.000360 0.006872 0.011768 -0.064963 -0.200726 -0.325519 -0.385966 -0.010407 -0.001550 -0.013471 -0.010564 0.000000 0.001274 0.001022 -0.046358
-0.000502 -0.001613 -0.001604 -0.000121 -0.000200 -0.000411 -0.000654 -0.000612 0.000000 0.209544 1.524802 0.413098 0.026638 0.023279 0.353554 0.664201 0.090300 -0.016427 -0.002864 -0.023589 -0.046025 -0.021186 0.000000 0.024261 0.057705 0.085487 0.167315 0.076981 -0.000294 -0.000129 0.000842 0.001708 -0.051307 -0.029196 -0.049001 -0.105730 -0.093865 -0.098373 -0.192503 -0.442434 -0.008628 -0.000667 0.000095 -0.002245 -0.011502 -0.017796 -0.098879 -0.164235 -0.295093 -0.422058 -0.492110 -0.488089 -0.116174 -0.028664 -0.000816 0.000090 0.010517 0.068672 -0.020664
-0.004554 -0.040569 -0.000567 0.000426 0.048857 0.029253 0.012567 0.001836 -0.023557 0.449903 0.129814 -0.039461 -0.066697 -0.005202 0.034561 0.170008 -0.021849 -0.003239 -0.000189 -0.000726 -0.013516 -0.016702 0.000000 0.012537 0.025128 0.034299 0.003740 -0.007735 -0.000130 0.000130 0.010154 0.022598 0.443842 0.361821 0.245333 0.175934 0.148011 0.127742 0.140091 0.028905 0.001023 -0.054238 -0.005270 -0.014591 -0.017214 -0.015933 -0.052820 -0.103797 -0.218546 -0.351810 -0.394024 -0.385931 -0.138753 -0.039273 -0.000532 0.000179 0.038850 0.013705 -0.038010
-0.401873 -0.094871 -0.105844 -0.090227 -0.087869 -0.049190 -0.002001 -0.011048 -0.096744 -0.139670 -0.505175 -0.140021 -0.171900 -0.050505 -0.033496 -0.023575 -0.008054 -0.000664 -0.000410 -0.000165 -0.000457 -0.002041 0.005822 0.010669 0.005221 0.013285 0.004901 -0.004488 -0.000360 0.000360 0.013633 0.019427 0.752500 0.955954 0.381304 0.164895 -0.014848 -0.205605 -0.352135 -0.432393 -0.035910 0.072803 0.127009 -0.012394 -0.011577 -0.002744 -0.008928 -0.029092 -0.030995 -0.021802 -0.324402 -0.413670 -0.097022 0.000000 0.011302 0.039434 0.109877 0.007935 -0.158666
-0.455754 -0.113672 -0.273848 -0.173915 -0.093866 -0.017561 0.067352 0.254292 0.316918 0.142210 -0.601835 -0.232712 -0.366351 -0.298210 -0.085758 -0.026427 -0.023565 -0.017139 -0.004302 0.000003 0.004688 0.013857 0.040956 0.016081 0.006404 0.020887 0.024499 0.029549 -0.000360 0.000360 0.015988 0.039672 0.567027 0.402157 0.012698 -0.113667 -0.269589 -0.391835 -0.619389 -0.634110 -0.764122 -0.091918 -0.108551 -0.029960 -0.001159 -0.000050 0.000128 -0.033164 -0.044667 -0.058753 -0.056893 -0.693502 -0.258331 -0.007393 0.000491 0.004404 0.001723 -0.097827 -0.228996
-0.024000 -0.091338 -0.000004 -0.066859 -0.056389 -0.017116 0.028516 0.279674 1.081473 0.460432 0.000457 -0.132923 -0.306649 -0.332830 -0.186720 -0.062381 -0.039312 -0.013841 -0.000346 0.000180 0.006462 0.015880 0.023186 0.032383 0.024428 0.006319 0.012285 0.014420 -0.007185 0.000010 0.007704 0.017286 0.502971 0.319469 0.016270 -0.034346 -0.011261 0.060104 0.069818 -0.082266 -0.561000 -0.153085 -0.167546 -0.041935 -0.011961 -0.000586 0.000069 0.008623 0.225127 -0.267647 -0.424715 -0.910691 -1.280054 -1.231037 -1.113939 -0.964503 -0.852027 -0.988962 -0.382851
0.065931 -0.022194 -0.000236 0.010783 0.084279 0.005380 0.003452 -0.007187 -1.697008 -0.009801 -0.000139 0.000041 -0.090857 -0.186937 -0.165982 -0.027810 -0.019370 -0.013162 -0.007715 -0.000180 0.000346 0.005809 0.015375 0.070252 0.093405 0.041936 0.082186 0.171513 0.073812 0.000000 0.007899 0.269314 0.254551 0.321783 0.357771 0.300184 0.522476 0.260599 -0.071367 -0.321484 -0.288100 -0.247687 -0.004356 -0.023097 -0.014630 -0.006339 0.000000 0.009082 0.100019 -0.036190 -0.114842 -0.223415 -0.883774 -1.187314 -1.067771 -1.057327 -1.146899 -1.022076 -0.441718
