use_cases/Flooding_chicago/flooding_data/output/hUx_1140.asc
ncols 337
nrows 393
xllcorner 428428.000000
yllcorner 4602440.000000
cellsize 26.757400
NODATA_value -9999.000000
[rows 208 to 233 of 393, columns 236 to 294 of 337]
0.000491 0.002329 0.006891 0.006594 0.021171 0.014572 0.344657 0.047612 0.926749 2.021630 1.195270 1.130727 1.003785 2.251379 2.023861 1.643242 1.092926 0.369521 0.266272 0.213252 0.128556 0.562459 0.567778 0.607795 0.554970 0.337540 0.526148 0.878775 0.421141 0.123310 0.078513 0.011894 -0.089565 -0.025604 0.000000 0.010080 0.017375 0.342712 0.191002 0.116745 0.216655 0.396919 0.097223 -0.023996 -0.028270 -0.037294 -0.000038 0.045671 0.208503 0.064156 0.051871 0.289334 0.538385 0.567221 0.614561 0.622193 0.475723 0.287475 0.682415
-0.041516 -0.101036 0.000301 0.001591 0.032457 0.157886 0.919251 0.979893 1.868913 1.763321 2.010880 1.278438 1.109206 1.982175 1.502627 1.108890 1.296425 0.860749 0.733565 0.792324 0.219138 0.837155 0.751091 0.683240 0.536634 0.946159 0.777020 1.144779 0.617805 0.329670 0.261204 0.027016 -0.002448 -0.000835 0.001192 0.026664 0.124240 0.035828 0.154667 0.309207 0.365720 0.191469 -0.088843 -0.154397 -0.084410 -0.059281 -0.000050 0.011502 0.004757 0.151092 0.078504 0.028001 0.042331 -0.000995 -0.000659 0.000483 0.000857 0.000569 0.016243
0.220618 0.332902 0.413700 0.376272 1.199103 2.539809 2.047461 2.875456 2.277013 1.867413 1.761598 0.984281 0.044228 0.359199 0.315645 0.661305 0.853449 1.119912 1.287212 1.651203 1.984097 1.364216 1.305576 0.894088 0.573059 0.895089 0.710809 0.560823 0.394184 0.606995 0.140619 0.122713 -0.004162 -0.000777 0.004524 0.039591 0.195141 0.113260 0.081684 -0.000596 -0.194877 -0.193072 -0.151430 -0.149550 -0.093603 -0.114327 -0.000326 0.000208 0.002432 0.002423 -0.005864 -0.016206 0.003798 -0.000955 -0.000559 0.000223 0.000777 0.000896 0.007247
2.298760 1.882934 2.247417 2.413541 2.063224 2.347215 1.768584 1.435759 1.017766 1.079470 1.520906 0.708781 0.692745 0.564964 -0.000127 0.000479 0.001173 0.139813 0.226410 0.296718 0.155179 0.065400 0.050305 0.270660 0.178452 0.483958 0.437080 0.410108 0.326986 0.222262 -0.026243 -0.004744 -0.006084 -0.000270 0.000473 0.005116 0.050456 0.097012 -0.051270 -0.193315 -0.175149 -0.140099 -0.134303 -0.181496 -0.321759 -0.362476 -0.021769 0.000003 0.004395 0.005783 0.004131 -0.155551 -0.012256 -0.001545 -0.000411 0.000871 0.000952 0.000931 0.007260
1.439378 1.100142 0.502090 0.425989 0.264419 0.376794 0.251499 0.219673 0.206266 0.310851 0.167185 0.354618 0.199174 0.188625 0.000846 0.002504 0.001249 0.033595 -0.013338 -0.003564 -0.000172 0.000350 0.021666 0.143106 0.511404 0.389610 0.410463 0.393041 0.326971 0.223481 0.080458 -0.024854 -0.000965 -0.000000 0.000965 0.031554 0.029383 0.023964 0.015773 0.005686 0.081034 0.037243 0.113228 0.193757 0.142109 0.061872 -0.006786 -0.005588 0.059484 0.062657 0.065219 0.003962 -0.001903 -0.000516 0.000275 0.004725 0.006574 0.005844 0.006535
1.315127 1.006982 0.484906 0.442648 0.351817 0.212776 0.314657 0.240249 0.239966 0.193821 0.070660 0.161459 0.111614 0.132971 0.001876 0.216604 0.183774 0.227209 0.071451 0.046188 0.000089 0.045409 0.043731 0.175119 0.148634 0.225547 0.308565 0.315736 0.249648 0.188637 -0.002545 -0.004387 -0.000473 0.000270 0.007880 0.104501 0.053687 0.054164 0.041485 0.619118 0.507144 0.575762 0.398554 0.580528 0.320864 0.248709 -0.006874 -0.006930 -0.032604 -0.029570 -0.023108 0.005467 0.003139 0.002600 -0.003056 -0.000667 0.001191 0.001982 -9999.000000
1.297064 0.918435 1.000378 0.464572 0.378967 0.288133 0.171544 0.257609 0.142555 0.002948 0.004276 0.000782 0.021572 0.493289 0.009807 0.173943 0.131159 0.139768 0.073033 0.105378 0.000000 0.069217 0.250471 0.564759 0.340807 0.311304 0.363733 0.354434 0.264917 0.193688 -0.000758 -0.000074 0.009096 0.000008 0.122726 0.370135 0.828784 1.181551 1.162327 1.183259 0.889021 0.952373 0.681265 0.823313 0.379366 0.344989 -0.006142 -0.004471 0.001223 0.002455 0.001957 0.002291 -9999.000000 -9999.000000 -9999.000000 -9999.000000 -9999.000000 -9999.000000 -9999.000000
-0.093725 0.086861 0.296703 0.279832 0.266644 0.224058 0.175459 0.107990 0.055592 0.020895 -0.001072 0.000005 0.001038 0.043256 0.048268 0.086979 0.590611 0.771364 0.915342 0.630893 0.267283 0.181432 0.275988 0.470934 0.192734 0.343153 0.116441 0.001020 0.153768 0.179067 0.198408 0.217438 0.284094 0.301178 0.223147 0.340688 0.285296 0.448537 0.391416 0.028406 0.305815 0.255778 0.292857 0.163670 0.028871 -0.471150 -0.016474 -0.000222 0.000222 -9999.000000 -9999.000000 -9999.000000 -9999.000000 -9999.000000 -9999.000000 -9999.000000 -9999.000000 -9999.000000 -9999.000000
0.025336 0.072084 0.051025 0.078166 0.106834 0.107199 0.092483 0.067946 0.049175 -0.059616 -0.010282 0.000000 0.009531 0.087937 0.080000 0.083756 0.026379 0.034787 0.304546 0.221898 0.197435 0.139029 0.135756 0.219906 0.534997 0.209508 0.049383 -0.001301 0.000359 0.169713 0.180175 0.192416 0.246391 0.291645 0.613929 0.342850 -0.028839 -0.037344 0.039486 0.040012 0.371279 0.467580 0.456416 0.547499 0.199620 0.009546 0.004713 0.003813 -9999.000000 -9999.000000 -9999.000000 -9999.000000 -9999.000000 -9999.000000 -9999.000000 -9999.000000 -9999.000000 -9999.000000 -9999.000000
0.074574 0.038841 0.014092 0.005442 0.006132 0.049433 0.024543 0.002244 -0.012152 -0.001450 -0.002554 0.000647 0.002418 -0.047909 -0.050186 -0.000360 0.000360 0.019560 0.295772 0.207875 0.089109 0.120175 0.158599 0.067297 0.024375 0.012310 -0.000656 -0.000713 0.000266 0.000751 0.040700 0.047376 0.044530 0.001964 0.003988 -0.003158 -0.277668 -0.253883 0.034364 0.673602 0.772608 0.517817 0.349037 0.064616 0.000221 0.002565 -9999.000000 -9999.000000 -9999.000000 -9999.000000 -9999.000000 -9999.000000 -9999.000000 -9999.000000 -9999.000000 -9999.000000 -9999.000000 -9999.000000 -9999.000000
0.178935 -0.001057 0.001056 0.002570 0.041876 0.092520 -0.025840 -0.078341 -0.109739 -0.131623 -0.001306 -0.000971 -0.030072 -0.282343 -0.266620 -0.000360 0.000360 0.053582 0.503396 0.005340 0.074182 0.154461 0.172662 0.083942 0.034453 0.008698 0.059490 -0.000751 -0.000266 0.000713 0.000656 0.046193 0.030992 0.023863 0.006869 0.002004 -0.066363 0.019838 0.098021 0.359165 0.169234 0.022464 -0.228265 -0.090862 -0.000208 0.000326 -9999.000000 -9999.000000 -9999.000000 -9999.000000 -9999.000000 -9999.000000 -9999.000000 -9999.000000 -9999.000000 -9999.000000 -9999.000000 -9999.000000 -9999.000000
0.009707 0.006385 0.007000 0.008017 0.028448 0.013551 0.008428 -0.098994 -0.159403 -0.233499 -0.255737 -0.170240 -0.087976 -0.006689 0.007764 0.267645 0.402850 0.990272 0.573814 0.287578 0.025824 0.027958 0.043884 0.118577 0.626418 0.644668 0.807607 0.834038 0.732505 0.610701 0.524619 1.327025 0.097374 -0.000681 0.000000 0.000681 0.009076 0.180021 0.149205 0.000097 0.088513 0.105796 0.138391 0.124002 -0.000003 -9999.000000 -9999.000000 -9999.000000 -9999.000000 -9999.000000 -9999.000000 -9999.000000 -9999.000000 -9999.000000 -9999.000000 -9999.000000 -9999.000000 -9999.000000 -9999.000000
0.008990 0.053142 0.019069 0.014360 0.011306 0.006965 0.020770 0.008822 -0.002845 -0.016507 -0.000502 -0.053446 -0.153617 -0.137248 0.072283 0.225447 0.324106 0.224926 0.608700 0.000210 0.004866 0.002948 0.046075 0.133361 0.111597 -0.079309 -0.000220 0.000152 0.274931 0.313634 0.369245 0.914237 0.748788 -0.000681 0.000000 0.000681 0.008579 1.086576 0.423117 0.002352 0.242335 0.253200 0.298321 0.234546 -9999.000000 -9999.000000 -9999.000000 -9999.000000 -9999.000000 -9999.000000 -9999.000000 -9999.000000 -9999.000000 -9999.000000 -9999.000000 -9999.000000 -9999.000000 -9999.000000 -9999.000000
0.012789 0.002921 0.001365 0.010713 0.013258 0.014152 0.009103 0.004529 0.003635 0.000241 0.000397 0.030301 0.248014 0.037054 0.028630 0.026455 0.000276 0.201105 0.145505 0.000017 0.002577 0.001806 0.036805 0.075704 0.113713 0.032737 -0.001286 0.000109 0.000733 0.000704 0.010427 0.007187 0.940000 0.926352 1.095899 1.415204 2.509321 1.905514 1.532792 1.591593 0.682126 0.512930 0.430460 0.000000 -9999.000000 -9999.000000 -9999.000000 -9999.000000 -9999.000000 -9999.000000 -9999.000000 -9999.000000 -9999.000000 -9999.000000 -9999.000000 -9999.000000 -9999.000000 -9999.000000 -9999.000000
0.119419 -0.000371 0.000558 0.008875 0.013051 0.015577 0.006177 0.000471 -0.000208 0.000326 0.005446 0.005191 0.037581 0.678158 0.830366 0.131675 0.304919 0.415817 -0.000355 0.000522 0.062795 0.078168 0.060311 0.029406 0.068454 0.071084 -0.016420 -0.000223 0.000518 0.009773 0.082144 0.032520 0.252325 1.285298 1.138405 1.327670 1.117618 0.662419 0.533029 0.471571 0.513825 0.239414 0.000738 -9999.000000 -9999.000000 -9999.000000 -9999.000000 -9999.000000 -9999.000000 -9999.000000 -9999.000000 -9999.000000 -9999.000000 -9999.000000 -9999.000000 -9999.000000 -9999.000000 -9999.000000 -9999.000000
0.067256 0.019144 0.000020 -0.004134 -0.003252 -0.000326 0.000208 0.009031 -0.000003 0.004187 0.011748 0.013492 0.009339 0.249069 0.550577 0.285223 0.053651 -0.030344 -0.000515 0.001459 0.014218 0.037973 0.046798 0.034336 0.069210 0.033157 -0.000545 0.000571 0.001192 0.019123 0.136514 0.050887 0.353081 1.230480 0.759934 0.075488 0.041199 0.011248 -0.031257 0.001321 0.170638 0.151750 0.000000 -9999.000000 -9999.000000 -9999.000000 -9999.000000 -9999.000000 -9999.000000 -9999.000000 -9999.000000 -9999.000000 -9999.000000 -9999.000000 -9999.000000 -9999.000000 -9999.000000 -9999.000000 -9999.000000
0.119551 0.092957 0.016066 0.004532 0.010197 0.008247 0.000003 0.080639 0.191092 0.182284 0.033317 0.030989 0.027887 0.448232 0.463266 0.293746 0.139552 -0.001887 0.000969 0.003685 0.002075 0.003959 0.025842 0.033364 0.030529 0.016929 0.006939 0.002513 0.024673 0.017561 0.195560 1.056477 1.938535 0.538949 0.283107 0.132997 -0.000637 0.001207 0.009404 0.542707 0.508747 0.141284 0.002092 -9999.000000 -9999.000000 -9999.000000 -9999.000000 -9999.000000 -9999.000000 -9999.000000 -9999.000000 -9999.000000 -9999.000000 -9999.000000 -9999.000000 -9999.000000 -9999.000000 -9999.000000 -9999.000000
0.297096 0.224221 0.243187 0.198907 0.231645 0.345043 0.392645 0.454339 0.503991 0.538040 0.603887 0.746373 1.036923 1.018242 0.836117 -0.003439 -0.002712 0.001451 0.007098 0.006950 0.019165 0.033543 0.008315 0.050045 0.053022 0.032888 0.106817 0.092718 0.061523 0.029546 0.217808 0.930969 1.302350 0.260813 0.001459 -0.000388 -0.000967 0.002843 0.002171 0.036638 -0.015730 -0.134154 0.000099 -9999.000000 -9999.000000 -9999.000000 -9999.000000 -9999.000000 -9999.000000 -9999.000000 -9999.000000 -9999.000000 -9999.000000 -9999.000000 -9999.000000 -9999.000000 -9999.000000 -9999.000000 -9999.000000
0.072156 0.080040 0.136248 0.187480 0.214189 0.282730 0.348241 0.294485 0.340122 0.353593 0.567495 0.626255 0.939460 0.591756 0.018136 0.002437 0.003614 0.011323 0.014053 0.011011 0.003872 0.009310 0.005160 0.069666 0.072930 0.042290 0.071623 0.063641 0.037083 0.015249 0.168551 0.182533 0.152340 0.060946 -0.000636 -0.000293 0.000019 0.001308 0.002083 0.016759 0.060794 0.000155 -9999.000000 -9999.000000 -9999.000000 -9999.000000 -9999.000000 -9999.000000 -9999.000000 -9999.000000 -9999.000000 -9999.000000 -9999.000000 -9999.000000 -9999.000000 -9999.000000 -9999.000000 -9999.000000 -9999.000000
0.125400 0.000758 0.043495 0.182959 0.317231 0.333528 0.336668 0.351319 0.347253 0.318814 0.424184 0.320985 0.294613 0.007194 -0.004231 -0.011209 0.008208 0.020813 0.020373 0.009876 0.040182 0.072672 0.189864 0.086215 -0.000447 0.000295 0.008288 0.090252 0.339788 0.270074 0.204312 0.092517 -0.001859 -0.002754 -0.000847 -0.000025 0.000829 0.007138 0.006240 0.012472 0.007085 0.003290 -9999.000000 -9999.000000 -9999.000000 -9999.000000 -9999.000000 -9999.000000 -9999.000000 -9999.000000 -9999.000000 -9999.000000 -9999.000000 -9999.000000 -9999.000000 -9999.000000 -9999.000000 -9999.000000 -9999.000000
0.030977 0.010511 0.002773 0.094208 0.973398 -0.021743 -0.035443 0.005613 0.061940 0.588104 0.536237 0.378474 0.266856 -0.000250 0.000087 0.001098 0.053583 0.042804 0.025053 0.036652 0.017841 0.019609 0.008199 0.054234 -0.000832 0.000308 0.000771 0.012676 0.007184 0.038583 -0.100051 -0.091311 -0.002926 -0.005390 -0.001600 -0.000171 0.001583 0.011071 0.009223 0.014941 0.007790 0.003052 -9999.000000 -9999.000000 -9999.000000 -9999.000000 -9999.000000 -9999.000000 -9999.000000 -9999.000000 -9999.000000 -9999.000000 -9999.000000 -9999.000000 -9999.000000 -9999.000000 -9999.000000 -9999.000000 -9999.000000
0.004116 0.001827 0.000881 0.069047 0.214383 0.005337 0.002407 0.301488 0.094393 0.048891 0.026111 0.026443 0.017805 -0.000360 0.000360 0.010653 0.172901 -0.000121 0.029868 0.076264 0.052897 0.017395 0.006379 0.094610 0.034179 0.000013 0.006598 0.036030 0.012964 0.262197 0.196849 0.088382 -0.285790 -0.012958 -0.000962 -0.000483 0.000418 0.000856 0.000823 0.003012 -9999.000000 -9999.000000 -9999.000000 -9999.000000 -9999.000000 -9999.000000 -9999.000000 -9999.000000 -9999.000000 -9999.000000 -9999.000000 -9999.000000 -9999.000000 -9999.000000 -9999.000000 -9999.000000 -9999.000000 -9999.000000 -9999.000000
-0.000115 0.000530 0.158952 0.145611 0.097470 0.052605 0.140362 0.011747 0.013089 0.044354 0.042550 0.045549 0.034085 -0.000360 0.000360 0.010721 0.012538 -0.005027 0.000000 0.023899 0.419490 0.885216 1.196054 1.734079 2.046631 1.923487 2.517491 2.020250 1.628435 2.104918 1.568503 1.412934 0.643217 0.522435 -0.000032 -0.045784 -0.008915 -0.000282 0.000425 -9999.000000 -9999.000000 -9999.000000 -9999.000000 -9999.000000 -9999.000000 -9999.000000 -9999.000000 -9999.000000 -9999.000000 -9999.000000 -9999.000000 -9999.000000 -9999.000000 -9999.000000 -9999.000000 -9999.000000 -9999.000000 -9999.000000 -9999.000000
0.227396 0.263661 0.284615 0.232340 0.172049 0.097350 0.014149 -0.092302 -0.209385 -0.111501 0.017735 0.082238 0.069344 -0.001128 0.000213 0.001278 0.011180 0.006592 0.000000 0.011601 0.441653 0.843399 0.769144 0.978714 1.202456 1.271661 2.085135 2.746455 1.905823 2.485510 1.448428 1.426622 0.833466 0.868895 0.758030 0.923582 -0.000403 -9999.000000 -9999.000000 -9999.000000 -9999.000000 -9999.000000 -9999.000000 -9999.000000 -9999.000000 -9999.000000 -9999.000000 -9999.000000 -9999.000000 -9999.000000 -9999.000000 -9999.000000 -9999.000000 -9999.000000 -9999.000000 -9999.000000 -9999.000000 -9999.000000 -9999.000000
0.464829 0.196401 0.255043 0.234375 0.189567 0.093253 0.219262 0.202486 0.228260 0.182749 0.191359 -0.028215 -0.000489 0.000214 -0.018921 -0.029302 0.150810 0.103803 0.078992 0.214483 0.150161 0.078252 0.173435 0.291887 0.202895 0.068814 0.102181 0.982338 0.742575 0.930749 0.571869 1.354355 0.764307 0.867085 0.759417 -9999.000000 -9999.000000 -9999.000000 -9999.000000 -9999.000000 -9999.000000 -9999.000000 -9999.000000 -9999.000000 -9999.000000 -9999.000000 -9999.000000 -9999.000000 -9999.000000 -9999.000000 -9999.000000 -9999.000000 -9999.000000 -9999.000000 -9999.000000 -9999.000000 -9999.000000 -9999.000000 -9999.000000
0.806043 0.186825 0.252446 0.224645 0.183184 0.468538 1.174802 0.775611 0.618589 0.563508 0.068368 -0.000137 0.000553 0.212545 0.366455 0.342395 0.595922 0.412216 0.111317 0.083084 0.034606 0.177119 0.206534 0.299973 0.233812 0.092671 0.082299 0.027389 0.270113 -0.000692 0.000410 0.426433 0.565449 0.752390 0.688947 -9999.000000 -9999.000000 -9999.000000 -9999.000000 -9999.000000 -9999.000000 -9999.000000 -9999.000000 -9999.000000 -9999.000000 -9999.000000 -9999.000000 -9999.000000 -9999.000000 -9999.000000 -9999.000000 -9999.000000 -9999.000000 -9999.000000 -9999.000000 -9999.000000 -9999.000000 -9999.000000 -9999.000000
