use_cases/Flooding_chicago/flooding_data/output/hUx_1020.asc
ncols 337
nrows 393
xllcorner 428428.000000
yllcorner 4602440.000000
cellsize 26.757400
NODATA_value -9999.000000
[rows 182 to 207 of 393, columns 177 to 235 of 337]
0.057685 0.058399 0.101735 0.138726 0.926944 0.167052 0.448569 0.684179 0.517041 0.467311 0.145568 -0.047984 -0.000136 0.000131 0.006579 0.017515 0.037712 0.701690 0.527715 0.330046 -0.299317 -0.007864 -0.000753 -0.000965 -0.059216 -0.023139 -0.008827 -0.000632 0.000651 0.001444 0.000075 0.020722 0.063776 0.332967 0.194235 0.188719 -0.060819 0.001830 0.005090 0.001131 0.007601 0.009410 0.008121 0.003316 0.001341 0.001917 0.001967 0.006064 0.008759 0.164765 0.994126 0.750322 0.420306 0.265852 -0.000127 0.000080 0.110242 0.561669 -0.053909
0.043173 0.038299 0.157512 0.232183 0.095053 0.067307 0.270576 0.503377 0.804959 0.948132 0.089130 -0.003488 0.002373 0.005613 0.051717 0.274521 0.883914 1.102980 -0.137571 -0.027415 -0.026069 -0.008914 0.000010 -0.010558 0.024262 -0.000737 -0.000763 0.000019 0.005196 0.005375 0.007261 0.004549 0.030649 0.079152 -0.098999 -0.012371 -0.000058 0.000592 0.013408 0.014600 0.003973 0.003799 0.002916 0.017068 0.044138 0.035715 0.008528 0.003011 0.161915 0.516250 0.351090 -0.052554 -0.115150 -0.050778 -0.000831 0.000069 0.006574 0.013421 0.001111
0.108635 0.259282 0.110539 0.050008 0.069257 0.407773 -0.568024 -0.721117 -0.031868 -0.006192 -0.000083 0.000066 0.009613 0.061195 0.133961 0.164625 0.042524 0.004082 -0.063839 -0.031725 -0.009456 -0.000158 0.000368 0.009389 0.158833 -0.000687 0.000144 0.000760 0.030641 0.231721 0.000488 0.003322 0.005214 0.084111 -0.004488 -0.000360 0.000360 0.006387 0.033069 0.051784 0.011908 0.011502 0.003633 0.020579 0.112527 0.321737 0.327285 0.336015 0.178954 0.073029 -0.019261 -0.061437 -0.073657 -0.130246 -0.011206 -0.000693 0.000283 0.000368 0.001202
0.019612 0.037266 0.003589 0.009874 0.009050 -0.269952 -1.002633 -0.977162 -0.009232 -0.006353 -0.000464 0.000067 0.008074 0.021641 0.100497 0.010572 -0.005409 -0.008288 -0.050118 -0.018372 -0.001297 0.000407 0.001620 0.006131 0.178928 -0.000930 0.000741 0.026076 0.076029 0.239398 0.138792 0.338055 0.235704 0.113412 -0.017083 -0.000360 0.000360 0.018261 0.035968 0.063079 0.062269 0.067218 0.095707 0.046120 0.039145 0.068927 0.037099 -0.000055 0.000061 -0.022090 -0.071966 -0.143585 -0.539773 -0.296758 -0.026752 -0.014512 0.000000 0.008588 0.019643
0.009420 0.032890 0.003194 0.001773 0.032480 0.123885 -0.556668 -1.087381 -0.979694 -0.016983 -0.005350 0.000000 0.012122 0.031875 0.035935 0.000265 -0.008230 -0.013167 -0.025616 -0.026055 -0.002819 0.001921 0.004321 0.028870 0.131256 -0.000847 0.000043 0.022139 0.027931 0.003206 0.200961 0.213850 0.308179 0.422174 0.418047 -0.000302 0.000015 0.001612 0.010512 0.040155 0.220988 0.094862 0.066795 0.032618 -0.088922 -0.019271 -0.008075 -0.000092 0.000301 0.011897 0.022806 0.301659 -0.036268 -0.159720 -0.018871 -0.005857 0.000000 0.005878 0.013996
0.079650 0.022509 0.007264 0.004181 0.011789 0.029495 0.003678 -0.132849 -0.779425 -0.040889 -0.011611 -0.000066 0.000558 0.010495 0.021976 0.014679 -0.004180 -0.050485 -0.012344 -0.005420 -0.002980 0.006020 0.007366 0.027166 -0.001347 -0.040953 -0.011295 -0.000416 0.005869 0.027504 0.083383 0.000050 0.002088 0.002602 0.402698 0.317566 0.126204 0.038285 0.039651 0.072246 0.164878 0.081697 0.051478 -0.198530 -0.017194 -0.014735 -0.007170 0.000000 0.005878 0.028971 0.047086 0.337364 -0.170055 -0.603433 -0.545138 -0.010001 0.000000 0.005878 0.026207
0.003905 0.002686 0.001627 0.012753 0.023233 0.053558 0.020973 -0.277063 -0.478029 -1.435300 -0.026378 -0.004386 -0.000889 -0.000666 0.000198 0.007987 0.037731 0.037349 -0.001335 -0.003035 0.000100 0.002942 0.006573 0.019024 -0.017837 -0.044450 -0.023552 -0.010133 0.000000 0.013250 0.016742 0.002058 0.001700 0.002480 0.018278 0.336865 0.308649 0.226299 0.059388 0.062266 0.347774 0.368651 0.824808 0.482780 -0.019635 -0.019133 -0.007126 0.000000 0.005878 0.012403 0.016233 0.023390 -0.023589 -0.306192 -0.179947 -0.142359 -0.000733 0.001188 0.002381
0.004761 0.004387 0.002379 0.009463 0.015395 0.070072 0.030517 -0.112126 -0.182252 -0.381199 -0.283003 -0.033227 -0.024020 -0.002648 -0.003639 0.000005 -0.002018 -0.000391 0.000093 0.000088 -0.000303 0.000011 0.009301 -0.047704 -0.108759 -0.111751 -0.015686 -0.007804 0.000000 0.002964 0.000456 0.000018 0.012883 0.030627 0.042012 0.043840 0.176918 0.109988 0.196988 0.527575 0.173148 -0.411663 -0.924088 -1.565536 -0.027751 -0.001360 -0.000454 0.000110 0.000435 0.009435 0.015590 0.027849 0.411366 0.290539 0.153080 -0.054253 -0.058111 -0.001647 0.001681
0.001554 0.001660 0.015081 0.027589 0.106601 0.056582 0.041222 -0.268871 -0.321304 -0.571931 -1.129774 -0.098623 -0.032061 -0.025001 -0.000509 0.000142 -0.033970 -0.007506 -0.000516 0.000060 0.000377 0.000674 0.025602 0.459001 0.633758 0.125008 0.046248 -0.062448 -0.026211 -0.001517 -0.000077 0.000260 0.025122 0.046995 0.063741 0.080060 0.155946 0.071943 0.183183 0.540070 0.515736 0.220673 0.035324 -0.577932 -0.011066 -0.000043 0.006757 0.033750 0.004218 0.015673 0.015384 0.006998 0.075056 0.031097 -0.089910 -0.013760 -0.001429 -0.002486 0.003502
0.011935 0.004757 0.011496 0.114283 0.150166 0.081469 0.053524 0.754847 0.625795 0.440532 0.064794 -0.172444 -0.123745 -0.046958 -0.017486 -0.000844 -0.001872 -0.010001 -0.005791 -0.000326 0.000208 0.006364 0.013230 0.427646 -0.125901 -0.377605 -0.542203 -0.075345 -0.051917 -0.017878 -0.000126 0.000138 0.020722 0.047838 0.062411 0.082910 0.132603 0.182940 0.090802 0.262261 0.887506 0.987795 1.065820 0.734265 0.096857 0.016162 -0.431171 -0.805317 -0.250330 0.021070 0.014339 0.101522 0.010487 -0.026188 -0.026073 -0.016991 -0.006915 0.000000 0.005878
0.016180 0.085722 0.220247 0.121926 0.183946 0.753094 0.386943 0.351520 0.174007 -0.000194 -0.067346 -0.078262 -0.070737 -0.033799 -0.002153 -0.000360 0.000457 -0.124998 -0.024988 -0.007224 0.000003 0.006034 0.013013 0.263043 -0.041141 -0.133914 -0.008327 -0.002402 -0.010924 -0.004023 -0.000346 0.000180 0.007843 0.017193 0.022136 0.029621 0.074806 0.166724 0.332467 0.240749 0.000000 0.189667 0.819893 0.716734 0.572339 0.543506 0.405296 0.357219 0.222824 -0.000381 0.000347 -0.001925 -0.021977 -0.013034 -0.003801 -0.016580 -0.006069 0.000000 0.005878
0.016209 0.004568 0.004853 0.005916 0.160847 0.775904 0.495955 0.356642 0.150247 0.151067 -0.016349 -0.020375 -0.039366 -0.021903 -0.025669 -0.000020 -0.008064 -0.055068 -0.010041 -0.000266 -0.000006 0.000502 0.014454 0.173075 -0.074864 -0.007661 -0.000590 -0.002382 -0.003881 -0.016129 -0.007862 -0.000180 0.000346 0.004023 0.010536 0.010395 0.034986 0.099106 0.265382 0.194916 0.000000 0.099184 0.061221 0.444571 0.468217 0.898544 0.440224 0.357575 0.272776 -0.000891 -0.000203 -0.001045 -0.002376 -0.001531 -0.001707 -0.001113 -0.000660 0.000000 0.008772
-0.005592 0.000000 0.018322 0.060991 0.156626 -0.122652 -0.361693 -0.325340 -0.447819 -0.459839 -0.092383 -0.045977 -0.014634 -0.023176 -0.014679 0.007864 0.017580 -0.154003 -0.010388 -0.000092 0.000091 0.012939 0.030823 0.353095 -0.199130 -0.008106 0.000000 0.007434 0.025364 -0.013756 -0.004761 -0.000105 0.000124 0.008748 0.015399 0.018698 0.037949 0.067033 0.023199 0.213663 0.202071 0.150682 -0.000181 0.000149 0.095677 0.043626 0.056236 0.026025 -0.101729 -0.191396 -0.228310 -0.233339 -0.008897 -0.000575 0.000150 0.012007 0.010373 0.005976 0.006181
-0.009217 -0.006449 0.004153 0.006130 0.004438 0.001554 0.004745 0.005453 0.054555 -0.308768 -0.056000 -0.009335 -0.022846 -0.024090 -0.018014 -0.000364 0.000421 0.032418 0.059245 0.034086 0.009042 0.037248 0.095278 0.086940 -0.079697 -0.010119 0.000000 0.009182 0.015229 -0.000136 -0.000257 -0.000102 0.000108 0.011309 0.029165 0.041935 0.047149 0.088338 0.039876 0.015665 0.083006 0.068593 -0.000703 -0.000053 0.000670 0.015285 0.219491 -0.055641 -0.276979 -0.399060 -0.220477 -0.179293 -0.120536 -0.000203 0.000165 0.077111 0.258318 0.321816 0.207707
-0.009606 -0.007097 0.000470 0.011902 0.004979 0.001352 0.010595 0.070791 0.147558 -0.020074 -0.030426 -0.008345 -0.000023 -0.006504 -0.009310 -0.000652 0.000969 0.094470 0.095652 0.062907 0.116255 0.174583 0.173451 0.065528 -0.054137 -0.005385 -0.000104 0.000230 0.005580 0.000831 -0.001261 -0.000002 0.000388 0.000684 0.008172 0.026702 0.022921 0.128531 0.000000 0.003966 0.002091 0.066162 -0.000758 -0.000320 0.000684 0.000648 0.008371 0.198591 -0.095776 -0.329353 -0.306391 -0.373264 -0.120685 0.044539 0.001527 0.169596 0.238397 0.165373 -0.000988
-0.000492 0.000010 0.005374 0.056735 0.000861 0.000645 0.020398 0.132086 0.137831 -1.393965 -0.148902 -0.023542 -0.000878 -0.001059 -0.001164 0.000218 0.001688 0.008983 0.087172 0.040180 0.113102 0.152159 0.156994 0.232129 0.220177 -0.007560 -0.000517 -0.001249 0.001526 0.000858 -0.000222 0.000577 0.000951 0.000659 0.011575 0.031025 0.087429 0.035002 0.000000 0.009975 0.413102 0.661962 0.209388 0.123816 0.060525 -0.000292 0.001156 0.001138 0.161531 0.227693 0.204504 0.101501 0.407325 0.500982 0.562954 0.517600 0.420065 -0.214945 -0.017551
-9999.000000 -0.001369 0.000105 0.000205 0.017315 0.043660 0.052650 0.116473 0.280779 0.210032 -0.112261 -0.021091 -0.011755 -0.000905 -0.000682 0.000375 0.000947 0.007931 0.052162 0.018162 0.067736 0.100692 0.108153 0.197124 0.121690 -0.027041 -0.008951 -0.000104 0.030815 0.089483 0.037111 0.000016 0.012029 0.041544 0.058432 0.072780 0.086395 0.034023 0.011448 0.116209 0.087067 0.299643 0.688230 0.809631 0.860658 0.880078 0.483939 0.485342 0.222595 0.859015 0.794268 0.696942 0.652692 0.480030 0.395449 0.271538 -0.312530 -0.011498 -0.000618
-9999.000000 -0.003093 -0.000511 0.000081 0.023203 0.051295 0.061626 0.137847 0.056243 0.021519 -0.027013 -0.039411 -0.007225 -0.000396 -0.000092 0.000368 0.000694 0.000915 0.005434 0.008670 0.011397 0.029152 0.044356 0.269801 0.447549 -0.049759 -0.010784 -0.000235 0.002496 0.032232 0.025945 0.006967 0.019817 0.036676 0.021186 0.009519 0.047779 0.391875 0.175036 0.220755 0.633272 0.828882 1.500277 1.170749 1.179791 1.435978 1.371844 1.293126 1.050845 1.062408 1.017644 1.126679 0.839410 0.421621 0.303653 0.250384 -0.012405 -0.012335 -0.000399
-9999.000000 -0.000764 -0.001118 0.000000 0.006850 0.015261 0.040247 0.137147 0.013939 -0.000922 0.000105 0.016080 0.029519 -0.000281 -0.000019 0.000280 0.000107 0.000022 0.001656 0.001413 0.002646 0.029136 0.043631 0.153246 0.167738 0.119385 -0.001151 -0.001772 -0.006164 0.002938 0.011036 0.004145 0.021997 0.044526 0.034366 0.011251 0.010572 0.127988 0.518511 0.691589 1.173869 1.372317 1.609178 1.657018 1.667950 1.640569 1.843970 1.793342 1.666784 1.492760 0.983929 0.845015 0.767540 0.106669 -0.008318 -0.692252 -0.139832 -0.008619 -0.000176
-9999.000000 -9999.000000 -0.000568 0.000000 0.007521 0.023781 0.026307 0.070562 -0.064048 -0.013350 0.000010 0.024552 0.175897 0.055934 0.021249 0.030108 0.009775 -0.000619 -0.000373 0.000588 0.013916 0.032354 0.128535 0.165977 0.067737 0.023563 0.008600 0.001778 0.000530 0.006645 0.007694 0.011674 0.007903 0.029737 0.159117 0.419991 0.624066 2.211458 2.275501 1.986902 2.460224 2.335467 2.317326 2.142990 2.013863 1.897252 2.136141 2.107800 1.889495 1.524600 0.883584 0.676377 -0.179773 -0.010528 0.000006 -0.000664 -0.008572 -0.013890 -0.004559
-9999.000000 -0.014956 -0.004742 0.000000 0.006743 0.005432 0.020303 0.113038 0.014972 -0.000743 0.000250 0.007762 0.012039 0.148487 0.084069 0.230149 0.340827 0.173684 0.044565 0.000037 0.014288 0.195365 0.109284 0.240635 0.230110 0.248575 0.094579 0.120947 0.052065 0.222820 0.359240 0.493104 0.568306 0.953831 1.164398 0.816661 0.923429 2.525698 2.783591 2.322042 2.698452 2.488487 1.750672 1.789470 1.429759 1.306656 1.313134 1.077086 0.744008 0.731327 0.642955 -0.261021 -0.014080 -0.000521 0.000273 0.001002 0.000370 0.006332 0.092723
-9999.000000 -0.016327 -0.014302 -0.000479 0.000113 0.002880 0.018740 0.101683 -0.093254 -0.005450 0.000000 0.008175 0.013415 0.201812 0.000000 0.008071 0.122133 0.761131 0.584259 0.572971 0.535835 0.423146 0.209070 0.313499 0.245838 0.187670 1.747656 2.021377 4.061606 4.340181 3.972674 4.000501 4.019281 4.019073 4.031116 4.427283 3.443988 3.268133 2.867270 3.273932 2.450033 2.339089 1.259726 0.897718 0.909278 0.701808 0.869961 0.671447 0.388807 0.278870 -0.285104 -0.019057 -0.008884 -0.001573 -0.000424 0.000955 0.000293 0.012749 0.023207
-9999.000000 -0.000013 0.020828 0.008914 -0.000568 0.001296 0.012550 0.276785 0.286249 -0.100607 0.000000 0.010989 0.162960 0.067765 0.000000 0.015724 0.046387 0.614491 0.516061 0.646998 0.681610 0.478702 0.521773 0.330257 0.918774 2.588404 2.395361 2.495522 3.837646 3.633053 3.147562 3.185224 3.269357 3.399343 3.561186 3.808705 4.302910 3.031146 2.662065 1.980684 1.601550 1.028583 0.357505 0.205663 0.167996 0.091156 0.134263 0.227681 0.097025 0.005997 -0.149473 -0.010472 -0.009031 -0.001054 -0.000946 -0.000821 0.000000 0.006319 0.012926
-0.000771 -0.000308 0.000831 0.002370 -0.000355 0.000492 0.146927 0.121410 0.138709 0.098794 0.063199 0.148572 0.465399 0.078856 0.063575 0.025136 0.227411 0.347154 0.090362 -0.000263 0.000441 0.151769 0.439454 1.099918 1.012145 3.498065 2.118023 2.162333 1.700122 1.620673 1.128877 1.046642 1.075321 1.261969 1.540214 1.873289 2.067024 2.181894 0.645201 0.340512 0.099304 0.045796 0.113650 0.079428 0.010462 -0.057358 -0.297134 -0.277188 -0.000134 0.000038 0.000771 -0.005318 -0.000998 -0.001201 -0.013740 -0.009440 -0.000072 0.000497 0.006812
-0.000474 -0.000295 0.000447 0.007728 0.005553 0.001558 0.136276 0.067150 -0.116986 0.000000 0.055743 0.183436 0.111562 0.572517 0.052261 0.054180 0.251622 0.147831 0.000000 0.001053 0.000917 0.049002 0.378669 0.480106 1.629306 1.696419 1.727288 0.295736 0.092958 -0.206400 -0.366049 -0.334662 -0.223088 -0.064012 0.024612 0.158269 0.286580 -0.000300 0.000043 0.001495 -0.087317 -0.108160 -0.076343 -0.007318 -0.012780 -0.021941 -0.060875 -0.004308 -0.000208 0.000326 0.006578 0.067090 0.124417 0.043008 -0.062716 -0.050953 -0.015069 0.000014 0.017908
-0.003355 -0.003090 0.002544 0.140270 0.177618 0.116153 -0.064102 -0.010808 -0.004209 0.000000 0.004212 0.007709 0.125282 0.073955 0.199524 0.399612 0.234039 0.100285 0.153654 0.131220 0.285798 0.358014 0.971769 1.105928 1.191491 1.125085 0.437989 0.006364 0.001492 0.036838 0.059004 0.550844 -0.028013 -0.438060 -0.573152 -0.523094 -0.020453 -0.000355 0.000168 0.016483 0.444757 0.700526 0.017710 -0.015928 -0.021133 -0.020108 -0.020788 -0.021732 -0.000003 0.005981 0.029566 0.577406 0.480407 0.287204 -0.453697 -0.033692 -0.003306 -0.000048 0.003128
