use_cases/Flooding_chicago/flooding_data/output/hUx_1980.asc
ncols 337
nrows 393
xllcorner 428428.000000
yllcorner 4602440.000000
cellsize 26.757400
NODATA_value -9999.000000
[rows 130 to 155 of 393, columns 59 to 117 of 337]
-9999.000000 -9999.000000 -9999.000000 -9999.000000 -9999.000000 -9999.000000 -9999.000000 -9999.000000 -9999.000000 -9999.000000 -9999.000000 -9999.000000 -9999.000000 -9999.000000 -9999.000000 -9999.000000 -9999.000000 -9999.000000 -9999.000000 -9999.000000 -9999.000000 -0.096900 -0.208151 -0.271172 -0.099251 -0.158942 -0.240284 -0.000928 -0.005561 -0.003663 0.000000 -9999.000000 -9999.000000 -9999.000000 -9999.000000 -9999.000000 -9999.000000 -9999.000000 -9999.000000 -9999.000000 -9999.000000 -9999.000000 -9999.000000 -0.002159 0.001744 0.000705 0.000427 0.000639 0.002886 0.080604 0.098716 0.032597 0.368218 0.253559 0.194712 0.127697 0.107608 0.078522 0.061818
-9999.000000 -9999.000000 -9999.000000 -9999.000000 -9999.000000 -9999.000000 -9999.000000 -9999.000000 -9999.000000 -9999.000000 -9999.000000 -9999.000000 -9999.000000 -9999.000000 -9999.000000 -9999.000000 -9999.000000 -9999.000000 -9999.000000 -9999.000000 -0.027325 -0.038607 -0.158219 -0.217347 -0.204323 -0.000533 -0.483976 -0.453484 -0.371792 -0.015087 -0.000058 0.000341 0.000398 0.001654 0.001301 0.032558 0.026172 -0.001294 -0.000368 -0.053484 -0.019597 -0.008990 0.000015 -0.003673 -0.001539 -0.000540 0.000007 0.007668 0.041186 0.170004 0.000605 0.001178 0.020307 0.072618 0.038239 0.029593 -0.052701 -0.097723 -0.103159
-9999.000000 -9999.000000 -9999.000000 -9999.000000 -9999.000000 -9999.000000 -9999.000000 -9999.000000 -9999.000000 -9999.000000 -9999.000000 -9999.000000 -9999.000000 -9999.000000 -9999.000000 -9999.000000 -9999.000000 -9999.000000 0.000000 -0.075391 -0.069935 -0.000148 0.000413 -0.241281 -0.390140 -0.413579 -0.294561 -0.225726 -0.078199 -0.028545 -0.001502 -0.000722 0.004269 0.004084 0.001825 0.108330 0.090152 -0.006573 -0.009487 -0.024298 -0.009408 -0.000588 0.000404 -0.000224 -0.002681 -0.000352 0.000352 0.009973 0.050250 0.017614 0.010599 0.004715 0.042638 0.604389 0.563508 0.622669 0.413743 0.227857 -0.022578
-9999.000000 -9999.000000 -9999.000000 -9999.000000 -9999.000000 -9999.000000 -9999.000000 -9999.000000 -9999.000000 -9999.000000 -9999.000000 -9999.000000 -9999.000000 -9999.000000 -9999.000000 -9999.000000 -9999.000000 -0.279163 -0.319223 -0.159515 -0.132411 -0.001076 -0.049695 -0.298273 -0.449067 -0.510475 -0.508147 -0.199396 -0.127029 -0.097981 -0.006128 0.001818 0.006278 0.185842 0.296486 0.327125 0.271591 -0.017161 -0.049097 -0.036261 -0.009815 -0.000781 0.000724 0.003719 0.001075 -0.000007 0.000572 0.001525 0.013477 0.019620 0.015035 0.072590 0.158149 0.757003 0.634908 0.590476 0.500142 0.336112 0.041944
-9999.000000 -9999.000000 -9999.000000 -9999.000000 -9999.000000 -9999.000000 -9999.000000 -9999.000000 -9999.000000 -9999.000000 -9999.000000 -9999.000000 -9999.000000 -9999.000000 -9999.000000 -9999.000000 0.000052 0.019736 0.044859 -0.597779 -0.661683 -0.463392 -0.417029 -1.014098 -0.717502 -0.818824 -0.864902 -0.800731 -0.310246 -0.005117 -0.006330 0.001487 0.006746 0.046876 0.085362 0.113369 -0.006698 -0.000360 0.000360 -0.061893 -0.010840 -0.000388 0.000368 0.002544 0.002100 0.027644 0.004855 -0.025260 -0.004245 0.026995 0.019749 0.070045 0.104038 0.021546 0.014248 -0.093791 0.002784 0.118900 0.070757
-9999.000000 -9999.000000 -9999.000000 -9999.000000 -9999.000000 -9999.000000 -9999.000000 -9999.000000 -9999.000000 -9999.000000 -9999.000000 -9999.000000 -9999.000000 -9999.000000 -9999.000000 -0.001871 0.000758 0.002716 0.017959 -0.539285 -0.742533 -0.872732 -0.411674 -0.908989 -0.631368 -0.734194 -0.851510 -0.822788 -0.637819 -0.294963 -0.006218 -0.001321 0.005616 -0.049720 -0.009901 0.042165 -0.006698 -0.000360 0.000360 -0.003647 -0.001316 -0.000120 0.000348 0.000273 -0.003858 -0.001363 0.113360 0.202141 0.153480 0.037519 0.024660 0.044710 0.017404 0.004261 0.014032 0.262873 0.171788 0.271979 0.319442
-9999.000000 -9999.000000 -9999.000000 -9999.000000 -9999.000000 -9999.000000 -9999.000000 -9999.000000 -9999.000000 -9999.000000 -9999.000000 -9999.000000 -9999.000000 -9999.000000 -0.000048 0.004014 0.006478 0.003700 0.000956 0.027466 -0.141003 -0.266049 -0.206775 -0.431462 -0.263360 -0.293921 -0.282776 -0.316903 -0.102992 0.205179 0.100828 0.002071 0.002479 0.000915 -0.188469 -0.065027 -0.085159 -0.000939 -0.001339 -0.000407 0.000329 -0.000898 -0.006330 -0.021806 -0.022555 -0.014582 -0.000167 0.038273 0.049420 0.029957 0.024075 0.009353 0.002666 0.001010 0.006194 0.018260 0.090306 0.000647 0.198843
-9999.000000 -9999.000000 -9999.000000 -9999.000000 -9999.000000 -9999.000000 -9999.000000 -9999.000000 -9999.000000 -9999.000000 -9999.000000 -9999.000000 -9999.000000 -0.001817 -0.000846 0.000951 0.000770 0.000203 0.000294 0.010749 -0.089682 -0.489000 -0.340268 -0.327587 -0.255794 -0.297555 -0.278169 -0.325498 -0.153990 -0.017157 -0.037360 -0.000481 -0.000057 0.000514 0.032829 -0.141891 -0.009464 -0.020671 -0.035237 0.022116 0.042465 0.015338 -0.004792 -0.013594 -0.017277 -0.000369 0.000412 0.003064 0.001398 0.000000 0.025937 0.130092 0.117145 -0.000943 0.000184 0.035881 0.068315 0.053779 0.054721
-9999.000000 -9999.000000 -9999.000000 -9999.000000 -9999.000000 -9999.000000 -9999.000000 -9999.000000 -9999.000000 -9999.000000 -9999.000000 -0.004063 -0.006769 -0.002887 -0.001103 0.002102 0.001169 -0.000326 0.000208 0.019407 0.039584 -0.073408 -0.261030 -0.346133 -0.315078 -0.343154 -0.285207 -0.340394 -0.394738 -0.702030 -0.960381 -0.006665 0.000000 0.007115 0.192993 0.021224 -0.033582 -0.031005 0.039643 0.040424 -0.015023 -0.152343 -0.255581 -0.350230 -0.054014 -0.000706 0.000921 0.003437 0.001079 0.000000 0.022763 -0.058191 -0.409210 -0.012071 0.000000 0.007835 0.532769 0.345456 0.228266
-9999.000000 -9999.000000 -9999.000000 -9999.000000 -9999.000000 -9999.000000 -9999.000000 -9999.000000 -9999.000000 -9999.000000 -9999.000000 -0.006222 -0.002783 -0.002214 0.003278 0.002935 -0.054718 -0.006996 0.000003 0.006716 0.009155 0.107667 0.039306 0.000000 0.010368 0.007924 0.162339 -0.037470 -0.056057 -0.139427 -0.021596 -0.009521 0.000000 0.011730 0.018752 -0.125786 -0.156745 -0.273781 -0.251373 -0.336697 -0.363445 -0.367385 -0.342940 -0.009014 -0.001303 -0.000700 0.001398 0.002587 0.000661 0.000000 0.016507 0.113632 0.037163 -0.010808 0.000000 0.014385 0.021592 0.284950 0.188677
0.000000 -9999.000000 -9999.000000 -9999.000000 -9999.000000 -9999.000000 -9999.000000 -9999.000000 -9999.000000 -9999.000000 -0.003736 -0.002958 -0.003750 0.000909 0.004369 0.070465 0.206678 -0.011373 -0.000069 0.000644 0.068451 0.072319 0.077744 0.088760 0.064329 0.035491 0.278806 -0.056459 -0.122766 -0.225889 -0.026881 -0.006665 0.000000 0.008191 0.024625 0.062668 -0.055932 -0.060140 -0.031335 -0.035396 -0.024815 -0.013751 -0.001328 -0.002090 -0.000843 -0.000105 0.000782 -0.001301 -0.004125 -0.000498 0.000620 0.001844 -0.123225 -0.006953 0.000000 0.006802 0.013311 0.008947 0.111152
-0.000418 -9999.000000 -9999.000000 -9999.000000 -9999.000000 -9999.000000 -9999.000000 -9999.000000 0.000000 -0.137891 -0.022323 -0.004285 -0.004504 0.000264 0.004949 0.003533 0.182874 0.162083 -0.000067 0.000138 0.748167 0.155980 0.134624 0.121564 0.627057 0.621359 0.333009 -0.371293 -0.572896 -0.739016 -0.507838 -0.000722 -0.000151 0.000782 0.001795 -0.102236 -0.155284 -0.126104 -0.085049 -0.073499 -0.038099 -0.014407 -0.000018 0.075656 0.073671 -0.000288 0.000406 0.122348 0.162254 0.189053 -0.000661 0.001253 0.014407 0.048763 -0.000071 0.000611 0.006962 0.015368 0.175416
-0.010059 -0.000360 0.000360 0.002339 0.002025 0.003840 0.002857 0.002888 0.028697 -0.056924 -0.029497 -0.004440 -0.004526 -0.002878 0.000000 0.011915 0.021133 0.237735 0.300134 0.380307 1.180750 0.211832 0.164934 0.137955 0.543683 0.002184 -0.003873 -0.393060 -1.106797 -1.493735 -1.273571 -1.348762 -1.271040 -1.116015 -0.936459 -0.761579 -0.873124 -0.674462 -0.550077 -0.446949 -0.383901 -0.202544 -0.000044 -0.000642 0.018142 0.071275 0.106888 0.118867 0.139728 0.145140 -0.000726 0.000898 0.033467 0.050080 0.017352 0.004560 0.043399 0.429251 0.571152
-0.007357 -0.000360 0.000360 0.004459 0.004740 0.002702 0.007078 0.007139 0.002863 0.001422 -0.002147 -0.002092 -0.000055 0.000639 0.000454 0.001418 0.017834 0.521170 0.490504 -0.000000 -0.009202 0.006477 0.323546 0.101707 0.038765 0.000000 0.008626 0.044617 -0.487680 -0.813509 -1.089516 -1.149403 -1.050341 -0.970971 -0.912040 -1.124363 -0.928899 -0.466316 -0.373210 -0.310528 -0.413416 -0.179506 -0.000792 0.000145 0.127766 0.128216 0.159135 0.214036 0.261044 0.246355 -0.000374 0.000408 0.017695 0.020489 0.412387 0.403488 0.877901 1.078333 1.901810
-0.000912 -0.000726 0.000010 0.003340 0.004141 0.002539 -0.000700 -0.004654 -0.001077 -0.000580 -0.000293 0.002257 0.029369 0.028882 0.012040 0.000063 0.017486 0.354171 -0.006034 -0.000003 0.005982 0.256783 0.600514 -0.001252 -0.000432 0.000000 0.002599 0.001445 0.037354 0.023989 -0.001784 -0.020697 -0.039176 -0.054235 0.007677 0.133844 -0.022223 -0.021849 -0.043046 -0.522823 -0.108850 -0.078358 -0.000951 -0.000054 0.000260 0.001866 0.006872 0.004430 0.001744 0.322516 0.306126 0.698935 0.650782 0.785549 0.779616 0.636414 0.306819 0.165905 0.130003
0.002181 0.000483 -0.000640 -0.000162 0.000873 0.000692 -0.001136 -0.001292 -0.002198 0.000000 0.003123 0.003110 0.037150 0.032262 0.019366 0.007630 0.003689 -0.009741 -0.006364 -0.000208 0.000326 -0.043802 -0.120143 -0.008311 0.000000 0.000341 0.001479 0.074325 0.003231 -0.006265 -0.001046 0.000552 -0.022217 -0.024085 0.005627 0.022838 -0.002827 0.015494 0.019124 0.005708 -0.084583 -0.147245 -0.005852 -0.000222 0.000222 0.005806 0.051420 0.014012 0.395129 0.507213 0.397373 0.867996 0.737298 0.718359 0.652064 -0.000121 0.000104 0.010029 0.017471
0.008130 -0.001907 -0.014276 -0.000983 0.000424 -0.121877 -0.150825 -0.011441 -0.001096 -0.000260 0.000518 0.001393 0.000969 0.030919 0.051832 -0.008800 -0.047410 -0.099028 -0.013329 -0.000456 0.000581 0.001553 0.010882 0.238865 0.000000 0.015944 0.210078 0.331220 0.086461 -0.001294 -0.003791 0.002111 0.004142 -0.037432 -0.048364 -0.000255 0.000518 0.061458 -0.000738 0.000546 0.006692 -0.169557 -0.092461 -0.000198 0.000066 0.000803 0.084164 0.506395 0.360328 0.000036 0.150801 1.346217 0.000503 0.000977 0.290844 -0.000222 0.000222 0.003946 0.014541
0.016865 0.089896 0.033457 -0.000051 0.035538 0.051415 0.046693 -0.008437 -0.022707 -0.000387 -0.000273 0.000639 0.000655 0.009338 0.002266 0.024962 0.067442 0.114116 0.084289 -0.005043 -0.000179 0.000618 0.015386 0.215149 0.139274 0.221767 0.231404 0.079566 -0.012713 -0.000141 0.000377 0.010673 0.010515 -0.110604 -0.142500 -0.055044 0.133704 0.165678 -0.002883 0.000788 0.001138 -0.025652 -0.027335 -0.029227 -0.015772 0.062632 0.078945 0.368003 -0.000271 0.000827 0.043124 0.023597 0.010759 0.004115 0.133159 -0.000103 0.000103 0.008661 0.016306
0.501882 0.637876 0.175795 0.159338 0.368383 0.158268 0.152925 0.116446 0.130633 0.508556 0.156746 0.032082 -0.092389 -0.143442 -0.107914 -0.000125 0.035477 0.093419 0.175900 0.106126 -0.000391 0.000089 0.001906 0.021380 0.038114 0.062278 -0.078425 -0.570082 -0.009337 0.000011 0.023256 0.024036 0.020828 0.012205 -0.057359 -0.076715 0.027062 -0.007394 -0.009252 -0.001091 0.000107 0.001176 0.109704 0.163438 0.075974 0.081010 0.064878 0.000001 0.003243 0.003005 0.021823 0.018955 0.008624 -0.005620 0.035477 0.085116 0.403182 0.541757 0.565014
-0.312399 -0.290142 -0.096908 -0.070585 -0.173446 -0.069301 0.000101 0.007364 0.002165 0.019603 0.053022 0.075231 0.077260 -0.007393 -0.015198 -0.000010 0.002988 0.025052 0.143134 0.262673 0.269779 0.009636 -0.078535 -0.096448 -0.068840 0.028180 0.021983 -0.012412 -0.000793 0.000252 0.021256 0.024092 0.024011 0.017997 -0.039046 -0.216349 -0.006418 -0.014224 -0.015508 -0.002457 0.000539 0.002806 0.116060 0.265275 0.101658 0.078586 0.044778 0.000035 0.004172 0.002739 0.013991 0.009899 0.028316 0.018792 0.193559 0.721546 0.945637 0.675348 0.688112
-0.156419 -0.167844 -0.033450 -0.020116 -0.039419 -0.037995 -0.000846 -0.000592 -0.009241 -0.163878 -0.252363 -0.102534 -0.110941 -0.210571 -0.030078 -0.000244 0.000873 -0.032824 -0.011310 0.086947 0.101170 0.003097 -0.016755 -0.032659 -0.093843 -0.120299 -0.005083 -0.021243 -0.005473 0.000000 0.000857 0.000904 0.000896 0.009176 0.005268 -0.062628 -0.005612 -0.010473 -0.003376 -0.003674 0.002129 0.004343 0.007483 0.001346 0.013269 -0.000201 -0.000126 0.000956 0.011061 0.051129 0.016304 0.033846 0.028737 0.016995 0.146135 0.090980 0.207648 0.116231 0.133394
-0.179493 -0.200453 -0.170164 -0.060023 -0.090199 -0.066949 -0.084559 -0.000160 0.000837 0.039128 0.033404 0.082298 0.096323 0.016260 -0.011176 0.000000 0.010292 0.062925 0.009653 0.057875 0.059129 0.035576 0.006246 -0.032474 -0.138397 -0.187712 -0.206897 -0.006603 -0.018707 -0.008019 -0.000612 0.000133 0.000741 0.008453 0.004967 -0.108550 -0.227117 -0.058512 -0.015740 -0.000486 0.000255 0.018511 0.068425 -0.107547 -0.013200 0.000000 0.001326 0.001084 0.034980 0.027457 0.056234 0.035646 0.017188 0.094532 0.000000 0.052550 0.043512 0.016681 0.000000
0.035909 -0.022571 0.047723 0.109715 0.113815 0.085039 0.039967 0.033617 -0.000729 0.021511 -0.003499 0.018690 0.016378 -0.046724 -0.010926 0.000000 0.023864 0.089548 -0.055781 -0.092264 -0.117353 -0.149368 -0.089468 -0.175944 -0.173548 -0.221011 -0.220320 -0.072289 0.001827 -0.011381 -0.002279 -0.007374 0.001093 0.008600 0.086997 -0.041329 -0.271235 -0.078487 -0.017798 -0.001035 -0.000227 0.000941 0.000369 -0.000602 -0.003585 0.000000 0.018537 0.018475 0.053544 0.034515 0.086741 0.243923 0.256439 0.964355 0.281198 0.186426 0.115994 0.000000 0.005237
0.021476 -0.023911 0.026593 0.073737 0.050127 -0.009066 -0.035941 -0.103945 -0.145607 -0.204091 -0.230082 -0.348848 -0.428549 -0.508274 -0.010312 0.000000 -0.056686 -0.166945 -0.176922 -0.228913 -0.225630 -0.206197 -0.099288 -0.162456 -0.231318 -0.303352 -0.330841 -0.495800 -0.380133 -0.151745 -0.216013 -0.013439 -0.000761 -0.000194 0.000615 -0.005215 -0.008035 -0.009749 -0.006198 -0.007454 -0.000712 0.000388 0.001461 0.001175 0.001747 0.028630 0.078103 0.034574 0.013356 0.042153 0.109612 0.241528 0.242209 0.316973 0.288683 0.168974 0.110602 0.060945 0.272153
0.253081 0.139648 0.121117 0.063338 -0.019402 0.000668 0.088745 0.098942 0.185655 0.120868 0.131316 0.157698 0.297090 0.286667 0.141878 -0.000026 0.044478 -0.004663 -0.061674 -0.037895 -0.062677 -0.016241 0.019131 0.003263 -0.015014 -0.000046 -0.187467 -0.302093 -0.482627 -1.057403 -0.581009 -0.019643 -0.000926 -0.000994 0.000540 0.001145 -0.011296 -0.001577 -0.003894 -0.006529 -0.008443 -0.000640 0.001069 0.000799 0.003785 0.002497 0.009168 0.039329 0.010711 0.010110 0.003350 0.020550 0.018787 0.012494 0.170052 0.656572 0.525077 0.685531 0.604383
0.432560 0.321094 0.278942 0.135411 0.055184 0.085541 0.074515 0.081902 0.138220 0.138303 0.152416 0.171963 0.183949 0.220660 0.214392 0.007171 -0.152865 -0.132060 -0.186864 -0.173697 -0.098541 -0.099331 0.011294 0.007782 -0.007359 -0.001473 -0.002436 -0.000015 0.000502 0.106336 0.037963 -0.164534 -0.086493 -0.030747 -0.000612 0.000519 -0.043589 -0.043055 -0.041710 -0.124845 -0.019819 0.000000 0.009589 0.028546 0.008101 0.002984 0.010400 0.052122 0.103752 0.196491 0.130396 0.098030 0.066445 0.039041 0.148789 0.867209 0.880221 0.257764 0.003535
