use_cases/Flooding_chicago/flooding_data/output/hUx_900.asc
ncols 337
nrows 393
xllcorner 428428.000000
yllcorner 4602440.000000
cellsize 26.757400
NODATA_value -9999.000000
[rows 182 to 207 of 393, columns 177 to 235 of 337]
0.057685 0.058399 0.101736 0.133443 0.610471 0.069770 0.249266 0.493509 0.392435 0.526869 0.544522 -0.032673 -0.000136 0.000131 0.006579 0.017515 0.037573 0.598986 0.693748 0.352383 -0.232627 -0.006427 -0.000600 -0.000832 -0.061125 -0.023139 -0.008827 -0.000632 0.000651 0.001444 0.000075 0.020723 0.064081 0.315121 0.178557 0.190406 -0.037322 0.002596 0.005427 0.001168 0.007647 0.009426 0.008118 0.003313 0.001339 0.001916 0.001966 0.006064 0.008759 0.156894 0.949338 0.717614 0.402983 0.252760 -0.000127 0.000080 0.082014 0.873122 -0.027174
0.043174 0.038299 0.157510 0.230953 0.160372 0.120989 0.188588 0.282654 0.478706 0.504011 -0.031426 -0.003245 0.001894 0.005448 0.051642 0.274462 0.794609 1.237201 -0.097038 -0.026689 -0.026026 -0.008931 0.000010 -0.010224 0.024522 -0.000737 -0.000762 0.000019 0.005196 0.005376 0.007261 0.004549 0.030780 0.074377 -0.100397 -0.012547 -0.000058 0.000592 0.013491 0.014652 0.003999 0.003807 0.002915 0.017053 0.044105 0.034691 0.007929 0.002723 0.156720 0.498239 0.341881 -0.047822 -0.108468 -0.048295 -0.000831 0.000069 0.006574 0.013348 0.001100
0.108634 0.259280 0.110540 0.050012 0.066321 0.401050 -0.615590 -0.519811 -0.033487 -0.006054 -0.000083 0.000066 0.009613 0.061119 0.133907 0.164605 0.042522 0.004101 -0.063681 -0.031713 -0.009456 -0.000158 0.000368 0.009389 0.159313 -0.000687 0.000144 0.000760 0.030642 0.232150 0.000488 0.003460 0.005344 0.088479 -0.004488 -0.000360 0.000360 0.006387 0.033124 0.051844 0.011928 0.011496 0.003627 0.020589 0.103936 0.298823 0.310321 0.318876 0.168757 0.068437 -0.017784 -0.058105 -0.070348 -0.125755 -0.011206 -0.000693 0.000283 0.000368 0.001202
0.019612 0.037265 0.003589 0.009875 0.009069 -0.117821 -0.973005 -0.729225 -0.009207 -0.006353 -0.000464 0.000067 0.008074 0.021641 0.100494 0.010571 -0.005409 -0.008288 -0.050117 -0.018372 -0.001297 0.000407 0.001620 0.006131 0.183103 -0.000930 0.000741 0.026076 0.076030 0.238743 0.137837 0.351837 0.251308 0.125324 -0.017689 -0.000360 0.000360 0.018261 0.035979 0.063121 0.062269 0.067159 0.083281 0.036582 0.032427 0.057823 0.031455 -0.000055 0.000061 -0.020314 -0.067896 -0.138401 -0.534723 -0.289684 -0.026752 -0.014512 0.000000 0.008587 0.019643
0.009420 0.032890 0.003194 0.001773 0.032705 0.092632 -0.488388 -0.888674 -0.844275 -0.016983 -0.005350 0.000000 0.012122 0.031875 0.035934 0.000265 -0.008230 -0.013167 -0.025616 -0.026055 -0.002819 0.001921 0.004322 0.028870 0.138294 -0.000847 0.000043 0.022139 0.027931 0.003206 0.193885 0.190428 0.271441 0.381211 0.375815 -0.000303 0.000015 0.001614 0.010512 0.040153 0.177938 0.067148 0.043210 0.014328 -0.089046 -0.019271 -0.008075 -0.000092 0.000301 0.011897 0.022806 0.293938 -0.035636 -0.157446 -0.018874 -0.005857 0.000000 0.005878 0.013996
0.079652 0.022509 0.007264 0.004181 0.011789 0.028900 0.003836 -0.116675 -0.756226 -0.040395 -0.011613 -0.000066 0.000558 0.010495 0.021977 0.014679 -0.004181 -0.050485 -0.012344 -0.005420 -0.002980 0.006020 0.007366 0.027166 0.002741 -0.043390 -0.011295 -0.000416 0.005869 0.027506 0.083122 0.000050 0.002082 0.002592 0.364404 0.285824 0.109583 0.032315 0.035918 0.068427 0.142607 0.078897 0.073136 -0.142205 -0.017194 -0.014735 -0.007170 0.000000 0.005878 0.028971 0.047085 0.331057 -0.159513 -0.583032 -0.526298 -0.010006 0.000000 0.005878 0.026207
0.003905 0.002686 0.001627 0.012754 0.023234 0.052463 0.020296 -0.250479 -0.439161 -1.380442 -0.026290 -0.004386 -0.000889 -0.000666 0.000198 0.007987 0.037731 0.037349 -0.001335 -0.003035 0.000100 0.002942 0.006573 0.019024 -0.013705 -0.047208 -0.023552 -0.010133 0.000000 0.013250 0.016742 0.002058 0.001700 0.002480 0.018277 0.315839 0.287579 0.209880 0.053031 0.057757 0.320920 0.326678 0.787676 0.475087 -0.019635 -0.019134 -0.007126 0.000000 0.005878 0.012403 0.016232 0.023316 -0.018491 -0.297918 -0.176196 -0.148073 -0.000734 0.001188 0.002381
0.004761 0.004387 0.002379 0.009463 0.015395 0.068430 0.029230 -0.099946 -0.170450 -0.386685 -0.377316 -0.033227 -0.024019 -0.002648 -0.003639 0.000005 -0.002018 -0.000391 0.000093 0.000088 -0.000303 0.000011 0.009301 -0.044261 -0.108321 -0.115098 -0.015685 -0.007804 0.000000 0.002964 0.000456 0.000018 0.012883 0.030627 0.042012 0.043840 0.168581 0.102717 0.186176 0.459194 0.227963 -0.323152 -0.790886 -1.476667 -0.027531 -0.001360 -0.000454 0.000110 0.000435 0.009435 0.015590 0.027710 0.401448 0.283892 0.149035 -0.054252 -0.058111 -0.001647 0.001681
0.001554 0.001659 0.015081 0.027590 0.105476 0.056536 0.037857 -0.251351 -0.308029 -0.546874 -1.080884 -0.098578 -0.032061 -0.025000 -0.000509 0.000142 -0.033970 -0.007506 -0.000516 0.000060 0.000377 0.000674 0.025602 0.455136 0.632188 0.123960 0.047717 -0.062448 -0.026211 -0.001516 -0.000077 0.000260 0.025123 0.046995 0.063740 0.080061 0.151323 0.068479 0.174451 0.485290 0.572792 0.242376 0.056463 -0.736074 -0.010768 -0.000043 0.006643 0.014847 -0.000082 0.004330 0.011978 0.006350 0.069843 0.028245 -0.090602 -0.013760 -0.001429 -0.002486 0.003502
0.011943 0.004760 0.011500 0.114326 0.149270 0.080598 0.051889 0.721543 0.565094 0.355100 -0.107857 -0.172430 -0.123744 -0.046960 -0.017486 -0.000844 -0.001872 -0.010001 -0.005791 -0.000326 0.000208 0.006364 0.013231 0.423999 -0.124572 -0.374792 -0.538688 -0.075345 -0.051918 -0.017878 -0.000126 0.000138 0.020721 0.047837 0.062410 0.082911 0.128997 0.177346 0.086371 0.259280 1.014346 1.136922 1.192024 0.763666 0.043399 0.006174 -0.182793 -0.598639 -0.282485 -0.001182 0.008112 0.094826 0.001908 -0.026188 -0.026073 -0.016991 -0.006915 0.000000 0.005878
0.016193 0.085770 0.220345 0.121999 0.183344 0.709539 0.372308 0.394854 0.175354 0.073824 -0.067497 -0.078259 -0.070737 -0.033799 -0.002153 -0.000360 0.000457 -0.124997 -0.024987 -0.007224 0.000003 0.006034 0.013013 0.261248 -0.039662 -0.137211 -0.008327 -0.002402 -0.010924 -0.004023 -0.000346 0.000180 0.007843 0.017192 0.022136 0.029619 0.073053 0.161166 0.311304 0.231481 0.000000 0.139459 1.054982 0.963588 0.930248 1.085893 0.783512 0.825723 0.387647 -0.000415 0.000299 -0.001944 -0.021982 -0.013034 -0.003800 -0.016580 -0.006069 0.000000 0.005878
0.016231 0.004575 0.004856 0.005917 0.160061 0.757176 0.499582 0.377693 0.146117 0.088577 -0.016349 -0.020374 -0.039366 -0.021903 -0.025669 -0.000020 -0.008064 -0.055069 -0.010042 -0.000266 -0.000006 0.000502 0.014454 0.171349 -0.075411 -0.007661 -0.000590 -0.002382 -0.003882 -0.016129 -0.007862 -0.000180 0.000346 0.004023 0.010536 0.010395 0.034512 0.096760 0.245866 0.188069 0.000000 0.073197 0.035350 0.714987 0.814542 1.736542 0.738859 0.590545 0.449450 -0.000750 -0.000555 -0.001104 -0.002393 -0.001531 -0.001707 -0.001113 -0.000660 0.000000 0.008772
-0.005590 0.000000 0.018322 0.061001 0.156154 -0.113814 -0.386461 -0.370386 -0.521475 -0.541637 -0.091432 -0.045976 -0.014634 -0.023173 -0.014679 0.007864 0.017580 -0.154006 -0.010388 -0.000092 0.000091 0.012939 0.030823 0.349157 -0.196693 -0.008106 0.000000 0.007434 0.025364 -0.013756 -0.004761 -0.000105 0.000124 0.008748 0.015399 0.018698 0.037798 0.066366 0.022922 0.217687 0.210689 0.162581 -0.000182 0.000153 0.025544 0.418732 0.457134 0.509315 0.419488 0.198978 -0.059893 -0.037203 -0.009174 -0.000575 0.000150 0.000670 0.000405 -0.000205 -0.000825
-0.009217 -0.006447 0.004154 0.006130 0.004438 0.001553 0.003729 0.004354 0.085915 -0.665915 -0.053159 -0.009334 -0.022846 -0.024088 -0.018014 -0.000364 0.000421 0.032412 0.059242 0.034086 0.009041 0.037248 0.095277 0.085830 -0.078448 -0.010129 0.000000 0.009183 0.015229 -0.000136 -0.000257 -0.000102 0.000108 0.011309 0.029165 0.041935 0.047106 0.087785 0.039565 0.015562 0.125388 0.110276 -0.000703 -0.000053 0.000670 0.008546 0.039394 0.720061 0.650634 0.588916 0.207200 -0.010411 -0.028980 -0.000217 0.000177 -0.200439 -0.240310 -0.148931 -0.178099
-0.009608 -0.007096 0.000470 0.011902 0.004979 0.001352 0.010595 0.061900 0.320289 -0.331805 -0.028684 -0.008345 -0.000023 -0.006505 -0.009307 -0.000652 0.000969 0.094463 0.095649 0.062906 0.116253 0.174573 0.173449 0.066314 -0.053486 -0.005387 -0.000104 0.000230 0.005580 0.000831 -0.001261 -0.000002 0.000388 0.000684 0.008172 0.026702 0.022909 0.127594 0.000000 0.003994 0.002102 0.031034 -0.000758 -0.000320 0.000684 0.000648 0.007358 0.044384 0.614803 0.581630 0.387428 0.260685 -0.002687 0.000066 0.000325 0.490930 0.730818 0.482969 -0.193022
-0.000492 0.000010 0.005374 0.056734 0.000861 0.000645 0.020398 0.116189 0.387048 -1.003288 -0.130257 -0.023542 -0.000878 -0.001059 -0.001164 0.000218 0.001688 0.008983 0.087162 0.040179 0.113102 0.152159 0.156992 0.231322 0.216153 -0.007559 -0.000517 -0.001249 0.001526 0.000858 -0.000222 0.000577 0.000951 0.000659 0.011576 0.031025 0.086688 0.034776 0.000000 0.010331 0.047885 0.580159 0.003010 -0.000291 -0.000588 -0.000120 0.000520 0.000649 0.023616 0.402504 0.351419 0.335727 0.587371 0.593980 0.622791 0.556862 0.322886 -0.039898 -0.017550
-9999.000000 -0.001369 0.000105 0.000205 0.017315 0.043659 0.052649 0.115202 0.274426 0.194816 -0.094150 -0.021090 -0.011755 -0.000905 -0.000682 0.000375 0.000947 0.007931 0.052158 0.018161 0.067730 0.100682 0.108147 0.197220 0.118806 -0.027048 -0.008952 -0.000104 0.030815 0.089483 0.037111 0.000016 0.012029 0.041544 0.058432 0.072780 0.085178 0.033670 0.009413 0.008959 0.012198 0.534143 0.860774 0.836925 0.737401 0.674017 0.257377 0.132616 0.002696 0.329192 0.399735 0.423347 0.563463 0.489723 0.422823 0.266837 -0.043496 -0.011787 -0.000618
-9999.000000 -0.003093 -0.000511 0.000081 0.023203 0.051295 0.061628 0.136956 0.055714 0.021119 -0.026948 -0.039411 -0.007225 -0.000396 -0.000092 0.000368 0.000694 0.000915 0.005434 0.008668 0.011397 0.029152 0.044354 0.267882 0.439676 -0.049432 -0.010784 -0.000235 0.002496 0.032232 0.025945 0.006967 0.019818 0.036677 0.021186 0.009519 0.046088 0.154600 0.335837 0.115265 0.268712 0.482260 1.103008 0.834911 0.861118 1.078305 0.952067 0.818756 0.605683 0.615465 0.591359 0.803036 0.777577 0.421306 0.187224 0.027629 -0.012420 -0.012370 -0.000399
-9999.000000 -0.000764 -0.001118 0.000000 0.006850 0.015261 0.040249 0.137182 0.014245 -0.000922 0.000105 0.016080 0.029519 -0.000281 -0.000019 0.000280 0.000107 0.000022 0.001656 0.001413 0.002646 0.029135 0.043630 0.152012 0.164741 0.117362 -0.001151 -0.001772 -0.006164 0.002938 0.011036 0.004145 0.021983 0.043704 0.028883 0.007494 0.007378 0.040046 0.743949 0.705840 1.276663 1.477266 1.657821 1.623275 1.584886 1.511736 1.638754 1.487770 1.293105 1.107846 0.649890 0.581615 0.540927 -0.000294 0.000102 -0.299128 -0.104550 -0.008626 -0.000176
-9999.000000 -9999.000000 -0.000568 0.000000 0.007521 0.023781 0.026307 0.070054 -0.063758 -0.013350 0.000010 0.024553 0.175510 0.055637 0.021035 0.029726 0.009632 -0.000619 -0.000373 0.000588 0.013916 0.032364 0.126406 0.161449 0.065484 0.023067 0.008418 0.001742 0.000523 0.006467 0.007533 0.011416 0.007708 0.040549 0.087066 0.257499 0.381422 1.607295 1.905305 1.642215 2.226318 2.156352 2.128819 1.911381 1.765973 1.630215 1.778751 1.662145 1.415387 1.091745 0.528071 0.327845 -0.040339 -0.011128 0.000006 -0.001033 -0.008961 -0.014116 -0.004765
-9999.000000 -0.014956 -0.004742 0.000000 0.006743 0.005432 0.020302 0.112542 0.015075 -0.000743 0.000250 0.007762 0.012039 0.147324 0.083177 0.228651 0.338844 0.170919 0.043300 0.000037 0.014046 0.191459 0.106376 0.234172 0.224955 0.243846 0.092303 0.087143 0.034169 0.133854 0.257042 0.368713 0.405634 0.681363 0.798910 0.538826 0.574196 1.793698 2.438139 2.031222 2.490232 2.298129 1.492986 1.532454 1.233760 1.136154 1.116100 0.798449 0.416574 0.360259 0.221576 -0.029657 -0.014080 -0.000521 0.000273 0.001002 0.000370 0.006331 0.092604
-9999.000000 -0.016327 -0.014302 -0.000479 0.000113 0.002880 0.018740 0.101385 -0.093664 -0.005450 0.000000 0.008175 0.013415 0.200219 0.000000 0.008018 0.121423 0.755697 0.575593 0.558756 0.521236 0.411466 0.202549 0.303713 0.239098 0.182935 1.677614 1.943701 3.864812 4.238419 3.800426 3.782349 3.759784 3.710652 3.690229 4.030021 3.029037 2.846934 2.475257 3.024001 2.183167 2.065082 0.912716 0.541723 0.494054 0.419591 0.654347 0.459497 0.190137 0.055910 -0.035886 -0.020910 -0.008884 -0.001573 -0.000424 0.000955 0.000293 0.012749 0.023205
-9999.000000 -0.000013 0.020828 0.008914 -0.000568 0.001296 0.012550 0.274519 0.281679 -0.102395 0.000000 0.010989 0.160856 0.066811 0.000000 0.015528 0.046030 0.608159 0.505250 0.631694 0.665614 0.466001 0.504612 0.317208 0.824519 2.506921 2.299673 2.384865 3.623886 3.566247 3.014970 3.025288 3.086600 3.178564 3.311824 3.539541 4.021054 2.738112 2.375175 1.665377 1.211989 0.616093 0.039001 0.005006 -0.063171 -0.450878 -0.546909 -0.371416 -0.000836 -0.002769 -0.031202 -0.010473 -0.009031 -0.001054 -0.000946 -0.000821 0.000000 0.006319 0.012927
-0.000771 -0.000308 0.000831 0.002370 -0.000355 0.000492 0.146299 0.120328 0.137370 0.097007 0.061577 0.146008 0.454832 0.076874 0.062011 0.024465 0.221382 0.330035 0.080554 -0.000263 0.000441 0.148380 0.418281 0.994969 0.918572 3.366707 2.010689 2.015356 1.521688 1.544169 1.025935 0.951086 0.985293 1.135085 1.371634 1.645625 1.789388 1.833296 0.361190 0.164412 0.353240 0.032784 -0.015207 -0.003697 0.000987 0.002301 -0.139391 -0.147350 -0.000134 0.000037 0.000776 -0.004475 -0.000997 -0.001204 -0.013745 -0.009440 -0.000072 0.000497 0.006812
-0.000474 -0.000295 0.000447 0.007728 0.005553 0.001558 0.135768 0.068413 -0.116396 0.000000 0.054827 0.181093 0.109505 0.562930 0.050914 0.052972 0.247404 0.143268 0.000000 0.001053 0.000917 0.047959 0.378589 0.471816 1.612466 1.654666 1.659612 0.232767 0.065775 -0.109621 -0.214492 -0.185532 -0.101842 0.001772 0.066625 0.122171 0.191626 -0.000283 0.000040 0.001291 -0.336202 -1.097651 -0.085308 -0.005856 -0.008517 -0.011457 -0.040375 -0.004308 -0.000208 0.000326 0.006715 0.042932 0.132797 0.027520 -0.102048 -0.050081 -0.015078 0.000014 0.017908
-0.003355 -0.003090 0.002544 0.139811 0.177018 0.115410 -0.065264 -0.010808 -0.004209 0.000000 0.004212 0.007710 0.123643 0.072511 0.196169 0.392882 0.228684 0.097461 0.149971 0.128214 0.279712 0.342202 0.932608 1.058178 1.143235 1.075848 0.394496 0.005777 0.001353 0.027165 0.042941 0.406963 -0.026745 -0.332725 -0.436322 -0.464793 -0.023179 -0.000355 0.000168 0.013476 0.248002 0.469396 -0.060671 -0.014143 -0.017763 -0.015700 -0.017655 -0.020950 -0.000003 0.005981 0.017860 0.538020 0.423649 0.221021 -0.445639 -0.032019 -0.003307 -0.000048 0.003128
