use_cases/Flooding_chicago/flooding_data/output/hUx_2160.asc
ncols 337
nrows 393
xllcorner 428428.000000
yllcorner 4602440.000000
cellsize 26.757400
NODATA_value -9999.000000
[rows 234 to 259 of 393, columns 59 to 117 of 337]
0.000581 -0.001235 0.000236 -0.000323 0.000405 0.014596 0.105636 -0.092192 -0.040101 -0.015021 -0.000222 0.000222 0.001335 0.000831 0.011603 0.008420 0.084213 0.096866 0.030638 0.053038 0.046535 -0.000249 0.000251 0.001015 0.005005 -0.001809 -0.014869 -0.001034 -0.000068 0.280956 0.360166 0.480216 0.543100 0.803898 1.278495 1.072729 0.817202 0.550727 0.479027 0.408104 0.161498 -0.437393 -0.027826 -0.000013 0.014946 0.320678 0.389325 0.026216 0.000166 -0.000005 -0.006987 -0.001334 -0.001866 -0.001363 0.000458 0.000771 0.005495 -0.097319 -0.204293
-0.015555 -0.066899 -0.009454 -0.000418 0.000587 0.024017 0.011945 -0.026616 -0.006219 0.000000 0.000409 0.000476 0.002111 0.001357 0.003848 0.065858 0.085033 0.165246 0.160337 0.149779 0.196745 0.007508 -0.091472 -0.080420 -0.073754 -0.248863 -0.122791 -0.134516 -0.112298 -0.046467 0.018344 0.135566 0.276990 0.456561 0.587059 0.451394 0.201056 0.302705 0.413007 0.525187 0.177211 0.024507 -0.007405 -0.000401 0.000555 0.001959 0.001408 -0.016674 -0.074997 0.030336 0.094553 0.161301 0.161941 0.069446 0.197935 -0.041826 -0.224153 -0.157217 -0.192147
-0.018756 -0.084996 -0.015586 -0.000013 0.046056 0.234140 0.007836 -0.000388 -0.000571 0.000069 0.000428 0.000312 -0.166710 -0.318449 -0.481650 -0.451126 -0.360396 -0.283886 -0.318932 -0.283032 -0.180967 -0.150987 -0.139894 -0.081301 -0.116410 -0.147430 -0.185776 -0.426133 -0.427418 -0.646745 -0.613307 -0.599754 -0.461222 -0.247446 -0.056214 0.018037 0.384744 0.056889 0.026936 0.010355 -0.010041 -0.085575 -0.006954 -0.000330 0.000396 0.001227 0.001823 0.001723 -0.186826 -0.261105 -0.254595 -0.202646 -0.172300 -0.182664 -0.257391 -0.210453 -0.052699 -0.067657 -0.043240
-0.104793 -0.003400 -0.004565 -0.000000 0.005798 0.007501 0.106965 0.008781 0.008191 0.001307 -0.023160 -0.202521 -0.276348 -0.326197 -0.425680 -0.451306 -0.284732 -0.257212 -0.243239 -0.215725 -0.172762 -0.214529 -0.156200 -0.066947 -0.106864 -0.139811 -0.175964 -0.200087 -0.228284 -0.728407 -0.891983 -0.976228 -0.970195 -0.941601 -0.679056 -0.179867 0.116166 0.203404 0.015473 -0.013943 0.041730 -0.026935 -0.010824 -0.000131 0.000136 -0.003405 -0.001094 0.001219 -0.022908 -0.106721 -0.112795 -0.145502 -0.147307 -0.195532 -0.251621 -0.178049 -0.152031 -0.137513 -0.077476
-0.002389 -0.003382 0.000000 -0.000039 0.001199 0.004710 0.007813 0.009013 0.005667 -0.076613 -0.088414 -0.152349 -0.206852 -0.197326 -0.209103 -0.279370 -0.268817 -0.250732 -0.211445 -0.213307 -0.233302 -0.240821 -0.236715 -0.129058 -0.099537 -0.147233 -0.130090 -0.161836 -0.189416 -0.566224 -0.577753 -0.819538 -0.791685 -0.797665 -0.672937 -0.399097 0.212659 1.050547 0.804783 0.537943 0.187685 0.069199 -0.058463 -0.093745 -0.155612 -0.068558 -0.001485 0.001372 0.001251 0.000079 -0.000023 0.000672 -0.009468 -0.129847 -0.194322 -0.173374 -0.114432 -0.108725 -0.048286
0.005435 0.005491 0.000324 -0.003363 -0.002856 0.001710 0.006094 0.006210 -0.056864 -0.070173 -0.075709 -0.127676 -0.110878 -0.086137 -0.136473 -0.196087 -0.307450 -0.228703 -0.341695 -0.357775 -0.485744 -0.517129 -0.569925 -0.648267 -0.631227 -0.636954 -0.702662 -0.530747 -0.665622 -1.022101 -1.161482 -1.049154 -0.968503 -0.859073 -0.807322 -0.147181 0.479812 1.188727 0.742847 0.612021 0.159938 -0.050152 -0.094852 -0.001567 -0.014984 -0.006488 0.000008 0.007569 0.048273 0.001823 -0.019085 -0.050185 -0.373110 -0.235753 -0.114274 0.000007 -0.013392 -0.017694 -0.032437
0.000790 0.018359 0.062160 -0.025171 -0.002558 -0.000350 0.002514 0.003112 0.083246 0.049703 -0.034318 -0.098108 -0.103617 -0.094635 -0.140712 -0.182127 -0.505335 -0.608780 -0.737925 -0.807679 -0.961490 -1.241917 -1.435808 -1.657868 -1.886115 -1.652273 -1.668620 -1.725907 -1.985189 -1.363023 -1.618130 -1.425887 -1.315523 -1.228885 -1.159023 -0.504447 0.566787 0.704818 0.365084 0.042829 -0.018521 -0.274731 -0.007402 -0.000421 -0.000096 0.000096 0.000421 0.350703 0.181723 0.128834 0.119916 0.069921 0.011259 -0.030506 -0.095783 0.000292 -0.010365 -0.114992 -0.258208
0.002971 0.014344 0.238073 0.262520 0.134257 -0.084839 0.000184 -0.018244 -0.040822 -0.176687 -0.067683 -0.138895 -0.146827 -0.134610 -0.065911 -0.066551 -0.379517 -0.573346 -0.688784 -0.846852 -0.837594 -1.146781 -1.373967 -1.480664 -1.856457 -1.763975 -2.061684 -1.885850 -1.688635 -1.113420 -1.248552 -1.248071 -0.992742 -0.910463 -0.965975 -0.596955 0.299731 0.480928 0.035872 -0.154185 -0.438877 -0.022496 -0.010708 -0.000008 0.006488 0.035349 -0.108554 -0.435298 -0.517219 -0.394662 -0.305453 -0.335957 -0.373617 -0.386315 -0.487542 -0.133766 -0.524015 -0.784673 -0.935725
0.016289 0.357993 0.163126 0.080881 0.039105 -0.045742 0.000329 -0.037729 -0.057358 -0.081518 -0.091301 -0.165280 -0.155759 -0.093385 -0.040512 -0.042452 -0.140652 -0.203532 -0.249334 -0.299194 -0.369680 -0.444067 -0.474555 -0.531521 -0.520568 -0.648606 -0.712656 -0.631397 -0.612759 -0.139894 0.063234 0.430638 0.578988 0.311468 -0.386398 -0.617339 -0.013244 0.178122 0.040671 -0.028151 -0.009456 -0.000543 -0.000183 0.038999 -0.145410 -0.181220 -0.279728 -0.429591 -0.352562 -0.409634 -0.396842 -0.371857 -0.487043 -0.468373 -0.636768 -0.404406 -0.496373 -0.709912 -0.750649
0.025460 -0.133899 -0.106375 -0.056716 -0.043797 -0.018979 -0.111091 -0.000222 0.000222 0.009572 -0.151934 -0.178001 -0.188970 -0.179894 -0.202569 -0.247577 -0.446241 -0.549920 -0.616090 -0.676747 -0.760987 -0.733412 -0.790181 -0.903607 -0.882852 -1.125866 -1.446441 -1.106273 -1.075426 -0.668315 -0.668046 -0.852633 -0.748078 -0.349698 -0.093266 0.475919 0.954199 0.505519 0.165701 -0.127148 -0.014360 -0.000003 0.080412 -0.049111 -0.095592 -0.102966 -0.154564 -0.252548 -0.070565 -0.153396 -0.246867 -0.269025 -0.285910 -0.346289 -0.356362 -0.513109 -0.445493 -0.519975 -0.445616
-0.241531 -0.296523 -0.309240 -0.316167 -0.331541 -0.380789 -0.308128 -0.098488 -0.112145 -0.303540 -0.312480 -0.396128 -0.275481 -0.239797 -0.233177 -0.358387 -0.539102 -0.497530 -0.559070 -0.506846 -0.527199 -0.487733 -0.519239 -0.541597 -0.606565 -0.549653 -0.606887 -0.711526 -0.729212 -0.239931 -0.685351 -0.985668 -0.947378 -0.764759 -0.144892 0.515455 0.377268 0.196039 -0.632733 -0.680375 -0.008606 -0.000165 0.000357 0.038233 -0.046162 -0.049547 -0.032530 -0.009851 -0.000013 0.015443 -0.054107 -0.077731 -0.154305 -0.211588 -0.329269 -0.332787 -0.362840 -0.419687 -0.016249
0.030788 -0.146644 -0.258664 -0.368805 -0.460667 -0.569324 -0.937377 -0.479715 -0.392028 -0.555357 -0.522642 -0.517593 -0.283694 -0.251543 -0.358033 -0.451491 -0.597530 -0.506586 -0.561083 -0.471129 -0.415976 -0.465721 -0.381150 -0.411039 -0.357869 -0.396042 -0.451791 -0.458312 -0.424636 -0.364434 -0.404653 -0.405327 -0.413722 -0.521410 -0.414741 -0.731653 -1.132850 -1.802566 -0.799514 -0.971377 -1.034465 -0.104229 -0.154017 -0.143089 -0.126974 -0.230422 -0.195284 -0.112752 -0.000401 0.000555 0.008333 0.011055 -0.039805 -0.160905 -0.090349 -0.117195 -0.534275 -0.435446 -0.018984
0.154552 -0.027455 -0.130568 -0.188694 -0.282699 -0.417308 -0.438051 -0.515814 -0.628412 -0.507642 -0.526409 -0.365698 -0.323595 -0.274034 -0.365489 -0.510645 -0.487652 -0.402036 -0.385024 -0.378066 -0.303820 -0.273579 -0.142365 -0.155598 -0.278973 -0.189443 -0.245473 -0.376972 -0.304163 -0.103840 -0.008783 0.007370 -0.318025 -0.814787 -0.752186 -0.793505 -0.666349 -0.446924 -0.721149 -0.966974 -1.007479 -0.912667 -0.170249 -0.174259 -0.149413 -0.331013 -0.049189 -0.036830 -0.000330 0.000396 0.084002 0.068183 0.140162 0.268114 -0.048193 -0.039535 -0.163161 -0.068360 -0.135594
0.203563 0.238213 0.219200 0.159158 0.124064 -0.105682 -0.099648 -0.282612 -0.256797 -0.264177 -0.266576 -0.368461 -0.158905 -0.134788 -0.062381 -0.122654 -0.094779 -0.019838 0.007439 -0.030391 -0.065400 -0.037135 -0.023689 -0.021504 -0.025399 -0.032671 -0.093390 -0.769015 -0.807827 -0.577071 -0.857237 -0.520943 -0.424139 -0.231964 -0.213158 -0.326481 -0.879773 -0.032610 -0.030687 -0.053408 -0.551028 -0.938290 -0.980259 -0.143446 -0.154082 -0.353845 -0.046835 -0.038639 -0.110583 -0.145152 -0.347185 -0.513713 -0.519694 -0.465334 -0.238491 -0.127352 -0.047626 -0.011180 -0.104635
0.084630 0.094790 0.080045 0.009174 -0.040841 -0.098709 -0.154012 -0.350458 -0.308528 -0.316044 -0.449978 -0.476662 -0.336223 -0.224201 -0.225609 -0.265910 -0.242570 -0.191855 -0.196865 -0.093950 -0.000604 0.031598 0.039645 0.061541 0.050581 0.048758 0.000034 -0.119011 -0.939912 -0.765961 -0.369133 -0.524821 -0.465597 -0.237754 -0.174265 -0.500861 -1.495167 -0.937696 -0.072746 -0.082609 -0.507225 -1.089789 -0.994927 -0.777474 -0.854796 -0.153729 -0.113860 -0.105396 -0.397747 -0.465232 -0.731224 -0.704827 -0.777716 -0.694791 -0.499667 -0.252388 -0.239234 -0.328252 -0.471993
0.125534 0.009643 -0.005667 -0.033146 -0.067872 -0.115083 -0.165040 -0.409377 -0.355054 -0.495821 -0.584354 -0.615830 -0.514336 -0.471526 -0.391635 -0.420499 -0.387439 -0.352570 -0.266403 -0.191430 -0.085804 -0.036813 -0.013779 0.019468 -0.023745 -0.001012 0.000281 0.002448 -0.551109 -0.223236 -0.008050 -0.009208 -0.296017 -0.219602 0.224120 -0.271202 -1.079131 -1.482683 -0.820051 -0.684231 -0.647626 -1.831455 -1.741878 -1.305707 -1.576376 -1.077581 -0.945873 -1.270630 -1.082002 -1.026997 -0.947508 -0.846339 -1.006709 -0.568724 -0.618866 -0.609461 -0.437901 -0.449904 -0.018138
-0.044967 -0.078285 -0.089791 -0.033381 -0.044710 -0.076878 -0.115251 -0.139767 -0.303384 -0.251743 -0.361604 -0.333090 -0.334721 -0.363661 -0.328989 -0.334945 -0.293252 -0.299417 -0.337187 -0.098730 0.030275 0.083336 0.120502 0.124319 -0.008582 0.000041 0.010157 0.006401 -0.012759 -0.015315 -0.021035 -0.016227 -0.141931 -0.161399 -0.061441 -0.392980 -0.790684 -0.938064 -1.003552 -0.595411 -0.553301 -0.883862 -1.019426 -0.896250 -1.016882 -1.424732 -1.160266 -1.017176 -0.830523 -0.743974 -0.374759 -0.288112 -0.096994 0.000000 -0.247727 -0.354826 -0.361978 -0.366282 -0.021484
0.083969 -0.082216 -0.199610 -0.110239 -0.020961 -0.012209 -0.000533 0.000382 -0.093829 -0.128119 -0.098010 -0.052116 -0.082469 -0.119954 -0.156913 -0.171223 -0.193695 -0.193825 -0.305174 -0.066002 0.034801 0.014624 -0.260554 -0.010060 0.000001 0.000999 0.062005 -0.000332 -0.033988 -0.238465 -0.256514 -0.190787 -0.152012 -0.203199 -0.178472 -0.469765 -0.601211 -0.680974 -0.311481 -0.156439 -0.030130 0.050769 0.021436 -0.094598 -0.154226 -0.450578 -0.378680 -0.495655 -0.421120 -0.448351 -0.382579 -0.358535 -0.005878 0.000000 -0.005460 -0.035185 -0.136292 -0.009218 -0.000360
0.002031 0.134748 0.123737 -0.093883 -0.095756 -0.001626 -0.001933 0.000230 0.000412 0.001709 0.160062 0.371875 0.527878 0.475146 0.392596 0.292671 0.247857 0.279059 0.094037 0.200807 0.252953 0.043938 -0.000093 0.000440 0.005512 0.003117 0.075178 0.009298 -0.040850 -0.599476 -0.445630 -0.381305 -0.269953 -0.241097 -0.284673 -0.449206 -0.677672 -0.878405 -0.588340 -0.197092 -0.118472 -0.009961 -0.003581 -0.000360 0.000360 0.073939 -0.079860 -0.165684 -0.182790 -0.248622 -0.277937 -0.355519 -0.005878 0.000000 0.000000 0.000000 -0.001291 -0.002656 -0.000360
0.002972 0.098253 0.088845 0.076493 0.052262 -0.001665 -0.001650 -0.001048 0.000000 0.017671 0.666650 1.013056 0.930512 0.750088 0.570528 0.516089 0.452807 0.489555 0.282585 0.158651 -0.147793 -0.012578 0.000000 0.008609 0.038118 0.139690 0.230291 0.181285 -0.063395 -0.305904 -0.373250 -0.514822 -0.454679 -0.078228 -0.175349 -0.334278 -0.242235 -0.423099 -0.345666 -0.160963 -0.168875 -0.049691 -0.039956 -0.000360 0.000360 0.088190 -0.020182 -0.033660 -0.052770 -0.080379 -0.101134 -0.089823 -0.001550 -0.013471 -0.010564 0.000000 0.001274 0.001022 -0.058290
0.252383 0.260502 0.220416 0.149328 0.051364 0.014632 0.045671 0.054841 0.000053 0.486643 1.181352 0.878431 0.562600 0.521430 0.776926 0.865980 0.980847 1.060328 0.870372 0.620137 -0.383432 -0.021402 0.000000 0.024261 0.057531 0.134118 0.060804 0.029518 0.004000 -0.007151 -0.021108 -0.036707 -0.026491 -0.055057 -0.246724 -0.509403 -0.527114 -0.480584 -0.539124 -0.475464 -0.518041 -0.115901 -0.146146 -0.509190 -0.522508 -0.560186 -0.734020 -0.597417 -0.547014 -0.511808 -0.473987 -0.400982 -0.147412 -0.080655 -0.000816 0.000090 0.012443 0.007013 -0.025715
0.448457 0.597767 0.305492 0.235219 0.315299 0.321981 0.452550 0.466276 0.395011 0.900665 0.668214 0.357540 0.313919 0.126678 0.664539 0.718037 0.379791 -0.006157 -0.000189 -0.000726 -0.013517 -0.016702 0.000000 0.012537 0.025128 0.034299 0.004870 -0.007735 -0.000130 0.000130 0.009550 0.203825 0.151305 0.086482 -0.115930 -0.376091 -0.559361 -0.684831 -0.810821 -0.860873 -0.661466 -1.255240 -0.713943 -0.710319 -0.676532 -0.648072 -0.785062 -0.598939 -0.497017 -0.434094 -0.370147 -0.320952 -0.192853 -0.141439 -0.000524 0.000175 0.134564 0.103783 -0.048208
1.134828 1.013380 1.089435 1.021799 1.186739 1.006269 1.034929 1.127010 0.874339 0.825418 0.569277 0.244280 0.134672 0.009890 -0.046837 -0.031311 -0.008606 -0.000664 -0.000410 -0.000165 -0.000457 -0.002041 0.005822 0.010669 0.005221 0.013286 0.004871 -0.004488 -0.000360 0.000360 0.013287 0.255100 0.256309 0.371605 0.079012 -0.295685 -0.615422 -0.963259 -1.109686 -1.028188 -0.627387 -0.659456 -0.785479 -0.616150 -0.633991 -0.644478 -0.582803 -0.461747 -0.346740 -0.249017 -0.278731 -0.235688 -0.122482 0.000000 0.010660 0.430401 0.160088 0.001006 -0.260194
0.988345 0.896378 1.368807 1.149066 0.972825 0.850485 0.824443 1.030037 0.996942 0.733109 0.213917 -0.180993 -0.538339 -0.671513 -0.118725 -0.026428 -0.023565 -0.017139 -0.004302 0.000003 0.004688 0.013857 0.040956 0.016081 0.006404 0.020887 0.024500 0.030124 -0.000360 0.000360 0.018388 0.924944 0.723069 0.841926 0.103303 -0.211197 -0.447255 -0.536914 -0.939068 -0.947122 -1.118582 -0.493496 -0.473998 -0.279024 -0.058267 -0.059425 -0.098488 -0.318316 -0.255734 -0.223450 -0.192591 -0.286020 -0.146996 -0.081088 0.000451 -0.053705 -0.047897 -0.023763 -0.061844
0.295409 0.413753 0.173200 0.303022 0.235722 0.213947 0.161253 0.318026 0.621333 0.464881 0.031472 -0.329472 -0.580711 -0.566002 -0.243692 -0.062381 -0.039312 -0.013841 -0.000346 0.000180 0.006462 0.015880 0.023186 0.032385 0.024428 0.006319 0.012285 0.055002 -0.008429 0.000010 0.010117 0.294149 0.504155 0.747182 0.107482 -0.209429 -0.525749 -0.536015 -0.718162 -1.047685 -1.292174 -0.728334 -0.698182 -0.403813 -0.165937 -0.000517 0.000068 0.007103 -0.228389 -0.445920 -0.529838 -0.750641 -0.872413 -0.776048 -0.665796 -0.577708 -0.508202 -0.532510 -0.566947
0.424459 0.389746 -0.000237 0.034910 0.031160 0.028230 -0.040719 -0.123674 0.027227 -0.155877 -0.000139 0.000041 -0.132230 -0.249367 -0.222150 -0.027812 -0.019370 -0.013162 -0.007715 -0.000180 0.000346 0.005809 0.015374 0.070252 0.093419 0.041944 0.085527 0.145381 0.096502 0.000000 0.175274 0.741060 0.722265 0.735222 0.610718 0.413430 0.300591 -0.321481 -0.603279 -0.896022 -0.812076 -0.808375 -0.471045 -0.490059 -0.332685 -0.005766 0.000000 0.081395 -0.030566 -0.095290 -0.218772 -0.435484 -0.885644 -0.995782 -0.861537 -0.849061 -0.912465 -0.793394 -0.815464
