use_cases/Flooding_chicago/flooding_data/output/hUx_2940.asc
ncols 337
nrows 393
xllcorner 428428.000000
yllcorner 4602440.000000
cellsize 26.757400
NODATA_value -9999.000000
[rows 130 to 155 of 393, columns 59 to 117 of 337]
-9999.000000 -9999.000000 -9999.000000 -9999.000000 -9999.000000 -9999.000000 -9999.000000 -9999.000000 -9999.000000 -9999.000000 -9999.000000 -9999.000000 -9999.000000 -9999.000000 -9999.000000 -9999.000000 -9999.000000 -9999.000000 -9999.000000 -9999.000000 -9999.000000 -0.134738 -0.275223 -0.351179 -0.133982 -0.205541 -0.304101 -0.007255 -0.019016 -0.003663 0.000000 -9999.000000 -9999.000000 -9999.000000 -9999.000000 -9999.000000 -9999.000000 -9999.000000 -9999.000000 -9999.000000 -9999.000000 -9999.000000 -9999.000000 -0.002159 0.001744 0.000705 0.000428 0.000640 0.002865 0.080265 0.098330 0.032407 0.368701 0.253588 0.194667 0.127561 0.107271 0.078183 0.061609
-9999.000000 -9999.000000 -9999.000000 -9999.000000 -9999.000000 -9999.000000 -9999.000000 -9999.000000 -9999.000000 -9999.000000 -9999.000000 -9999.000000 -9999.000000 -9999.000000 -9999.000000 -9999.000000 -9999.000000 -9999.000000 -9999.000000 -9999.000000 -0.039947 -0.058234 -0.210445 -0.281505 -0.265515 -0.001686 -0.571257 -0.518574 -0.339703 -0.017365 -0.000058 0.000341 0.000398 0.001680 0.001320 0.043167 0.036412 -0.001294 -0.000369 -0.053493 -0.019597 -0.008990 0.000015 -0.003673 -0.001539 -0.000540 0.000007 0.007674 0.040913 0.169431 0.000594 0.001169 0.020241 0.072947 0.038419 0.029610 -0.053134 -0.098531 -0.103667
-9999.000000 -9999.000000 -9999.000000 -9999.000000 -9999.000000 -9999.000000 -9999.000000 -9999.000000 -9999.000000 -9999.000000 -9999.000000 -9999.000000 -9999.000000 -9999.000000 -9999.000000 -9999.000000 -9999.000000 -9999.000000 0.000000 -0.101623 -0.095130 -0.001414 -0.000990 -0.317133 -0.502005 -0.518821 -0.366987 -0.293676 -0.106124 -0.028962 -0.002158 -0.000215 0.005355 0.004557 0.001943 0.137473 0.118999 -0.006575 -0.009490 -0.024306 -0.009408 -0.000588 0.000404 -0.000224 -0.002681 -0.000352 0.000352 0.009973 0.049866 0.017427 0.010475 0.004670 0.042464 0.604855 0.562146 0.620248 0.411013 0.226247 -0.023254
-9999.000000 -9999.000000 -9999.000000 -9999.000000 -9999.000000 -9999.000000 -9999.000000 -9999.000000 -9999.000000 -9999.000000 -9999.000000 -9999.000000 -9999.000000 -9999.000000 -9999.000000 -9999.000000 -9999.000000 -0.393749 -0.455813 -0.219467 -0.190315 -0.008788 -0.211435 -0.407415 -0.605629 -0.667148 -0.651641 -0.273168 -0.160149 -0.093391 -0.008519 0.022555 0.008069 0.218991 0.355970 0.398988 0.341148 -0.017167 -0.049109 -0.036277 -0.009815 -0.000781 0.000724 0.003719 0.001075 -0.000007 0.000572 0.001526 0.013340 0.019347 0.014828 0.071962 0.157257 0.756490 0.632097 0.587580 0.497523 0.334115 0.041239
-9999.000000 -9999.000000 -9999.000000 -9999.000000 -9999.000000 -9999.000000 -9999.000000 -9999.000000 -9999.000000 -9999.000000 -9999.000000 -9999.000000 -9999.000000 -9999.000000 -9999.000000 -9999.000000 0.000052 0.022460 -0.184692 -0.844070 -0.897792 -0.630014 -0.558849 -1.257674 -0.899549 -1.013338 -1.063163 -0.987832 -0.416716 -0.008236 -0.003494 0.005754 0.009241 0.050864 0.098560 0.135928 -0.006698 -0.000360 0.000360 -0.061931 -0.010841 -0.000388 0.000368 0.002544 0.002100 0.027425 0.004838 -0.025242 -0.004847 0.026459 0.019394 0.069372 0.103324 0.021309 0.017802 -0.093171 0.002280 0.117196 0.069736
-9999.000000 -9999.000000 -9999.000000 -9999.000000 -9999.000000 -9999.000000 -9999.000000 -9999.000000 -9999.000000 -9999.000000 -9999.000000 -9999.000000 -9999.000000 -9999.000000 -9999.000000 -0.001871 0.000758 0.002716 0.018326 -0.731837 -0.957414 -1.097815 -0.531160 -1.122665 -0.798525 -0.927044 -1.071242 -1.045732 -0.804798 -0.272611 -0.004636 0.001999 0.008182 -0.067885 -0.024705 0.043211 -0.006698 -0.000360 0.000360 -0.003637 -0.001316 -0.000121 0.000348 0.000606 -0.003218 -0.000340 0.115012 0.183712 0.146665 0.036427 0.024082 0.043993 0.017092 0.004183 0.013965 0.263711 0.171550 0.270984 0.322328
-9999.000000 -9999.000000 -9999.000000 -9999.000000 -9999.000000 -9999.000000 -9999.000000 -9999.000000 -9999.000000 -9999.000000 -9999.000000 -9999.000000 -9999.000000 -9999.000000 -0.000048 0.004014 0.006479 0.003700 0.000956 0.028842 -0.384238 -0.372838 -0.290200 -0.578926 -0.370509 -0.410837 -0.405038 -0.505997 -0.287246 0.148137 0.138186 0.003314 0.003549 0.001141 -0.280439 -0.087617 -0.111467 -0.000969 -0.001355 -0.000352 0.000349 -0.000875 -0.006221 -0.021458 -0.022049 -0.013924 0.000121 0.039215 0.050051 0.029396 0.023651 0.009194 0.002624 0.000998 0.006188 0.018298 0.096186 0.000636 0.210697
-9999.000000 -9999.000000 -9999.000000 -9999.000000 -9999.000000 -9999.000000 -9999.000000 -9999.000000 -9999.000000 -9999.000000 -9999.000000 -9999.000000 -9999.000000 -0.001817 -0.000846 0.000951 0.000770 0.000203 0.000294 0.010739 -0.365425 -0.611293 -0.421229 -0.415809 -0.349766 -0.404010 -0.384557 -0.504449 -0.279351 -0.084320 0.066376 -0.000116 0.000178 0.000575 0.006366 -0.214721 -0.026284 -0.032198 0.002043 0.077197 0.067928 0.030880 0.002031 -0.013469 -0.017135 -0.000369 0.000412 0.003130 0.001448 0.000000 0.025724 0.129659 0.117046 -0.000943 0.000184 0.036014 0.068883 0.059718 0.069230
-9999.000000 -9999.000000 -9999.000000 -9999.000000 -9999.000000 -9999.000000 -9999.000000 -9999.000000 -9999.000000 -9999.000000 -9999.000000 -0.004063 -0.006769 -0.002887 -0.001103 0.002102 0.001169 -0.000326 0.000208 0.019359 0.042457 -0.114644 -0.334113 -0.441782 -0.404529 -0.443461 -0.387779 -0.443272 -0.476802 -0.753467 -0.966834 -0.006664 0.000000 0.007115 0.220675 -0.014176 -0.043000 -0.040470 0.059285 0.072567 0.024636 -0.101797 -0.240622 -0.394928 -0.053813 -0.000706 0.000921 0.003462 0.001098 0.000000 0.022665 -0.060904 -0.409211 -0.012071 0.000000 0.007834 0.601445 0.337012 0.208333
-9999.000000 -9999.000000 -9999.000000 -9999.000000 -9999.000000 -9999.000000 -9999.000000 -9999.000000 -9999.000000 -9999.000000 -9999.000000 -0.006222 -0.002784 -0.002214 0.003277 0.002935 -0.067635 -0.006905 0.000003 0.006716 0.009155 0.118838 0.045437 0.000000 0.021298 0.013858 0.026713 -0.162245 -0.128013 -0.083528 -0.068014 -0.009521 0.000000 0.011730 0.018791 -0.150572 -0.177090 -0.288751 -0.269571 -0.376203 -0.417017 -0.430857 -0.405828 -0.009014 -0.001303 -0.000700 0.001398 0.002593 0.000665 0.000000 0.016457 0.113308 0.036897 -0.010808 0.000000 0.014385 0.069448 0.446941 0.315614
0.000000 -9999.000000 -9999.000000 -9999.000000 -9999.000000 -9999.000000 -9999.000000 -9999.000000 -9999.000000 -9999.000000 -0.003736 -0.002958 -0.003750 0.000909 0.004370 0.076924 0.358239 -0.013595 -0.000069 0.000643 0.121563 0.111634 0.107156 0.130014 0.109428 0.066120 0.204425 -0.179323 -0.233179 -0.230635 -0.118628 -0.006664 0.000000 0.008191 0.024778 0.050834 -0.052109 -0.047522 -0.022791 -0.029252 -0.029682 -0.022421 -0.001328 -0.002090 -0.000843 -0.000105 0.000782 -0.001435 -0.004252 -0.000497 0.000619 0.001840 -0.123688 -0.006952 0.000000 0.006802 0.013311 0.011264 0.578439
-0.000418 -9999.000000 -9999.000000 -9999.000000 -9999.000000 -9999.000000 -9999.000000 -9999.000000 0.000000 -0.139152 -0.022314 -0.004285 -0.004504 0.000264 0.004949 0.003533 0.180447 0.148885 -0.000119 0.000169 0.897458 0.213608 0.185527 0.180216 0.645660 0.603809 0.307162 -0.465557 -0.669593 -0.788366 -0.557721 -0.000728 -0.000151 0.000789 0.001805 -0.124898 -0.169045 -0.134103 -0.094720 -0.085360 -0.049579 -0.025740 -0.000018 0.076043 0.074072 -0.000288 0.000406 0.122969 0.163032 0.189957 -0.000661 0.001252 0.014254 0.048642 -0.000070 0.000611 0.006962 0.383132 -0.044530
-0.010059 -0.000360 0.000360 0.002339 0.002024 0.000795 0.003329 0.006486 0.049712 -0.045560 -0.029493 -0.004440 -0.004526 -0.002878 0.000000 0.011908 0.033536 0.350780 0.441082 0.550683 1.415280 0.295282 0.229708 0.213678 0.705762 0.049949 0.006102 -0.361297 -0.987617 -1.432569 -1.242568 -1.292371 -1.177878 -1.013582 -0.848530 -0.699519 -0.813650 -0.629308 -0.522204 -0.430682 -0.369965 -0.198970 -0.000044 -0.000530 0.018358 0.071739 0.107642 0.119727 0.140530 0.145933 -0.000726 0.000898 0.033391 0.049997 0.017336 0.004561 0.067684 0.034935 -0.259467
-0.007357 -0.000360 0.000360 0.004459 0.004741 0.002702 0.016263 0.020769 0.008024 0.005587 -0.002147 -0.002093 -0.000056 0.000638 0.000454 0.001418 0.044788 0.646975 0.682368 -0.000000 -0.038217 -0.034867 0.312791 0.154048 0.077484 0.000000 0.022676 0.090398 -0.113725 -0.616262 -1.004584 -1.088785 -0.978578 -0.883817 -0.808837 -0.988320 -0.837944 -0.447571 -0.372570 -0.321070 -0.415305 -0.163624 -0.000792 0.000145 0.128700 0.129314 0.160541 0.215638 0.262603 0.247737 -0.000374 0.000408 0.017663 0.020456 0.414141 0.405309 1.083662 2.140223 1.857014
-0.000857 -0.000658 0.000010 0.003340 0.004141 0.002539 0.017302 0.018056 -0.001076 -0.000578 -0.000295 0.002251 0.039528 0.043306 0.029664 0.000063 0.072755 0.659368 -0.006034 -0.000003 0.005982 0.346759 0.521687 -0.006332 0.000028 0.000000 0.012911 0.014845 0.401058 0.260602 0.116741 0.030103 -0.038173 -0.061136 0.009355 0.128292 -0.029826 -0.034262 -0.061344 -0.543603 -0.117852 -0.081205 -0.000951 -0.000054 0.000260 0.001864 0.006916 0.004458 0.001752 0.324510 0.308119 0.702710 0.654103 0.789419 0.783456 0.639533 0.308566 0.173371 0.789902
-0.008275 -0.002781 -0.004475 -0.000162 0.000873 0.003607 0.000223 -0.001287 -0.002187 0.000000 0.003103 0.003095 0.036805 0.033101 0.046024 0.049164 0.026110 -0.060324 -0.006364 -0.000208 0.000326 -0.106144 -0.158501 -0.054676 0.000000 0.012586 0.034372 0.666853 0.637002 -0.013446 -0.001049 0.000547 -0.022265 -0.024231 0.005517 0.022874 -0.002764 0.015520 0.019160 0.005724 -0.071188 -0.116113 -0.005852 -0.000222 0.000222 0.005806 0.051725 0.014113 0.397847 0.510546 0.400146 0.873193 0.741456 0.722008 0.655286 -0.000122 0.000110 0.010170 0.025565
-0.054532 -0.095002 -0.074074 0.003951 -0.001186 -0.027242 -0.028874 -0.103579 -0.001003 -0.000251 0.000393 0.001354 0.000961 0.137320 0.101592 0.084319 0.074278 0.041504 -0.097363 -0.000443 0.000485 0.001519 0.057771 0.076988 0.041008 0.496126 0.982660 1.217995 0.791660 -0.001273 -0.003831 0.002082 0.004132 -0.037474 -0.048392 -0.000255 0.000518 0.061452 -0.000739 0.000545 0.008381 -0.188803 -0.103870 -0.000198 0.000066 0.000803 0.084683 0.509957 0.363007 0.000036 0.151601 1.353575 0.000508 0.000980 0.292594 -0.000222 0.000222 0.003946 0.020528
0.128829 0.077214 0.062761 0.018638 0.078124 0.096506 0.073634 0.070151 0.097320 0.019020 -0.004708 -0.011292 -0.026506 -0.067759 -0.040958 0.004985 0.037106 0.031563 0.035443 -0.049007 -0.000186 0.000612 0.093572 0.226550 0.358556 0.715213 0.811556 0.685101 -0.054634 -0.000141 0.000377 0.010665 0.010510 -0.110638 -0.142528 -0.055066 0.133687 0.165657 -0.002888 0.000779 0.001139 -0.026406 -0.026751 -0.028171 -0.014916 0.063821 0.079898 0.371511 -0.000271 0.000827 0.043394 0.023733 0.010816 0.004133 0.134141 -0.000103 0.000103 0.008737 0.019206
0.003937 -0.001775 0.014478 0.034614 0.105673 0.089187 0.082232 0.067153 0.080077 0.138399 0.072014 0.075983 0.070646 0.058574 0.057808 0.008133 -0.015119 -0.001597 0.020273 0.038166 0.025269 0.014846 0.010646 0.271212 0.375838 0.346132 0.086182 -0.730886 -0.010760 0.000011 0.023258 0.024036 0.020822 0.012203 -0.057359 -0.076731 0.027047 -0.007396 -0.009256 -0.001091 0.000107 0.001176 0.110353 0.166091 0.077021 0.081958 0.065607 0.000001 0.003243 0.003005 0.021918 0.019038 0.008663 -0.005659 0.035740 0.092996 0.669879 0.665893 0.715355
-0.103146 -0.114004 -0.059956 -0.049645 -0.065049 -0.023421 -0.000045 0.002528 0.007023 0.036232 0.044806 0.042440 0.025767 -0.005322 -0.123518 -0.000011 -0.007673 -0.010575 0.003964 0.020259 0.076221 0.109632 0.151004 0.231617 0.243123 0.210625 0.194994 -0.111366 -0.000794 0.000252 0.021254 0.024091 0.024009 0.017996 -0.039048 -0.216347 -0.006418 -0.014224 -0.015508 -0.002457 0.000539 0.002807 0.115867 0.266512 0.102787 0.079669 0.045599 0.000035 0.004172 0.002739 0.014027 0.009932 0.028399 0.018845 0.194585 0.990052 0.848994 0.553192 0.539489
-0.029200 -0.029217 -0.010975 -0.012191 -0.016935 -0.010018 0.002478 0.000990 0.014578 0.040707 0.089139 0.047206 0.033170 -0.015090 -0.129689 -0.000252 0.000874 0.057370 0.100446 0.163469 0.225793 0.279728 0.354206 0.272776 0.153203 -0.005539 -0.030488 -0.115872 -0.005473 0.000000 0.000857 0.000904 0.000896 0.009176 0.005268 -0.062632 -0.005613 -0.010472 -0.003376 -0.003674 0.002129 0.004343 0.007386 0.001612 0.013619 -0.000201 -0.000126 0.000956 0.011061 0.051142 0.016313 0.033898 0.028783 0.017077 0.151910 0.096047 0.168242 -0.007081 -0.044050
0.194884 0.113712 0.112698 0.081636 0.101056 0.079733 0.051050 0.008406 0.004660 0.011398 0.003528 -0.008608 -0.039547 -0.119979 -0.011152 0.000000 0.010258 0.181230 0.145958 0.172376 0.184765 0.242395 0.187601 0.146432 0.049854 -0.084572 -0.123462 -0.033485 -0.116285 -0.007535 -0.000612 0.000133 0.000741 0.008454 0.004967 -0.108553 -0.227108 -0.058512 -0.015740 -0.000486 0.000255 0.018511 0.067737 -0.107672 -0.013200 0.000000 0.001326 0.001084 0.034982 0.027458 0.056299 0.035700 0.017222 0.094835 0.000000 0.047474 0.050958 0.027628 0.000000
0.141893 0.107482 0.097808 0.066762 0.056257 0.046311 0.030868 0.027812 0.001691 -0.001652 -0.020301 -0.030024 -0.060116 -0.140611 -0.011102 0.000000 0.201707 0.139286 0.129152 0.146622 0.164570 0.217560 0.147881 0.068527 -0.065032 -0.120350 -0.158555 -0.116558 -0.067341 -0.065572 -0.002279 -0.007375 0.001092 0.008600 0.087004 -0.041330 -0.271242 -0.078486 -0.017799 -0.001035 -0.000227 0.000941 0.000369 -0.000602 -0.003585 0.000000 0.018537 0.018475 0.053544 0.034520 0.086969 0.245105 0.256471 0.961516 0.281914 0.186722 0.117159 0.000000 0.019763
0.146598 0.118254 0.119421 0.097827 0.085227 0.063641 0.067690 0.083952 0.058751 0.039518 0.030130 0.041524 0.040470 0.010205 -0.092472 0.000000 0.019094 0.035266 0.018890 0.026218 0.035262 0.029571 0.008598 -0.033619 -0.089158 -0.177234 -0.250458 -0.357948 -0.374068 -0.260814 -0.233730 -0.013439 -0.000761 -0.000194 0.000616 -0.005215 -0.008035 -0.009749 -0.006198 -0.007455 -0.000712 0.000388 0.001461 0.001175 0.001747 0.028630 0.078104 0.034574 0.013356 0.042153 0.109753 0.242872 0.242539 0.317629 0.290886 0.170500 0.111326 0.071332 0.514295
0.065432 0.032406 0.031653 0.019756 0.017623 0.014444 0.060773 0.071202 0.141850 0.121772 0.143466 0.157105 0.238593 0.197529 0.140743 0.004442 -0.040535 -0.029950 -0.010528 0.011332 0.032954 0.054923 0.053278 0.031453 -0.000872 -0.026024 -0.186826 -0.197027 -0.231175 -0.367369 -0.166204 -0.121601 -0.000926 -0.000994 0.000540 0.001145 -0.011296 -0.001577 -0.003894 -0.006529 -0.008443 -0.000641 0.001069 0.000799 0.003785 0.002496 0.009168 0.039329 0.010711 0.010110 0.003350 0.020550 0.018787 0.012494 0.174870 0.835578 0.629921 0.762780 0.798840
0.280701 0.268278 0.272392 0.175809 0.123768 0.208712 0.197720 0.203202 0.279291 0.261872 0.258772 0.242871 0.223314 0.224134 0.136502 0.073527 0.121025 0.104875 0.116862 0.129612 0.100043 0.125935 0.088033 0.071546 0.051695 0.020824 0.014824 -0.009141 -0.046276 -0.138744 -0.122328 -0.195623 -0.261351 -0.029756 -0.000612 0.000519 -0.043589 -0.043054 -0.041710 -0.124846 -0.019819 0.000000 0.009589 0.028546 0.008101 0.002984 0.010400 0.052123 0.103751 0.196491 0.130396 0.098029 0.066445 0.039041 0.154304 0.738039 0.504976 0.227565 0.002054
