use_cases/Flooding_chicago/flooding_data/output/hUx_960.asc
ncols 337
nrows 393
xllcorner 428428.000000
yllcorner 4602440.000000
cellsize 26.757400
NODATA_value -9999.000000
[rows 156 to 181 of 393, columns 236 to 294 of 337]
0.005108 0.004769 0.001917 -0.000095 0.000000 0.009117 0.507697 0.321524 0.215517 0.066237 0.037771 0.000000 0.121807 0.118415 0.060261 0.018348 0.004630 0.049074 0.112991 0.122904 0.020747 -0.000890 -0.020009 -0.013171 -0.048532 -0.057878 -0.018837 -0.025175 -0.018723 -0.032778 -0.030548 -0.000230 0.000104 0.000768 0.039259 -0.045513 -0.572952 -0.066748 -0.026703 -0.001794 0.001404 -9999.000000 -9999.000000 -9999.000000 -9999.000000 -9999.000000 -9999.000000 -9999.000000 -9999.000000 -9999.000000 -9999.000000 -9999.000000 -9999.000000 -9999.000000 -9999.000000 -9999.000000 -9999.000000 -9999.000000 -9999.000000
0.002704 -0.001467 -0.040085 -0.011959 0.000000 0.013540 0.478011 0.482126 0.453742 0.485451 0.476016 0.218473 0.206542 0.139166 -0.000665 0.000064 0.000709 0.008836 0.198432 0.194674 0.165998 0.117536 -0.125258 -0.043354 -0.029322 -0.029540 -0.025380 -0.000902 -0.000816 -0.000626 -0.000994 -0.000222 0.000222 0.009970 1.014842 0.422238 -0.113457 -0.091681 -0.032793 -0.001583 0.001573 -9999.000000 -9999.000000 -9999.000000 -9999.000000 -9999.000000 -9999.000000 -9999.000000 -9999.000000 -9999.000000 -9999.000000 -9999.000000 -9999.000000 -9999.000000 -9999.000000 -9999.000000 -9999.000000 -9999.000000 -9999.000000
0.017680 0.061838 0.005132 -0.004393 -0.000852 0.001180 0.009793 0.092450 0.111164 0.079321 0.171083 0.056959 -0.000515 -0.000551 -0.000510 0.000410 0.000779 0.015778 0.073294 -0.002424 -0.011214 -0.044679 -0.118639 -0.048860 -0.041773 -0.036010 -0.020709 -0.000990 -0.000313 0.000453 0.000772 0.000465 0.000282 0.368027 -0.035191 -0.001122 0.064238 -0.006880 -0.011312 -0.000376 0.000376 -9999.000000 -9999.000000 -9999.000000 -9999.000000 -9999.000000 -9999.000000 -9999.000000 -9999.000000 -9999.000000 -9999.000000 -9999.000000 -9999.000000 -9999.000000 -9999.000000 -9999.000000 -9999.000000 -9999.000000 -9999.000000
0.014708 0.011345 -0.045369 -0.021903 -0.001057 0.000240 0.001170 0.002347 0.001258 0.018874 0.013436 -0.000391 0.000316 0.000473 0.000394 0.000459 0.000483 0.001592 -0.224970 -0.317516 -0.227400 -0.227750 -0.105232 -0.030622 -0.029725 -0.030311 -0.014869 -0.000037 0.000545 0.000583 0.027109 0.007731 -0.158018 -0.330408 -0.329730 -0.185276 -0.375076 -0.040100 -0.012279 -0.000723 0.000723 -9999.000000 -9999.000000 -9999.000000 -9999.000000 -9999.000000 -9999.000000 -9999.000000 -9999.000000 -9999.000000 -9999.000000 -9999.000000 -9999.000000 -9999.000000 -9999.000000 -9999.000000 -9999.000000 -9999.000000 -9999.000000
0.041642 0.136505 0.040390 -0.102070 -0.008609 -0.000232 0.000524 0.011780 0.056818 0.015675 0.099902 -0.000008 0.007283 0.067590 0.033433 0.111899 0.196996 0.258285 0.202628 0.178806 0.033301 -0.056095 -0.125460 -0.127224 -0.054843 -0.009282 -0.001003 0.000110 0.011703 0.009671 0.075458 0.068995 0.075067 0.047599 -0.424819 -0.547903 -0.010441 -0.002777 -0.004261 -0.000376 0.000376 0.000966 -9999.000000 -9999.000000 -9999.000000 -9999.000000 -9999.000000 -9999.000000 -9999.000000 -9999.000000 -9999.000000 -9999.000000 -9999.000000 -9999.000000 -9999.000000 -9999.000000 -9999.000000 -9999.000000 -9999.000000
-0.032920 -0.157812 -0.162098 -0.144193 -0.057960 -0.000392 0.000072 0.001564 0.026729 0.614523 0.896767 0.278076 0.085291 0.127885 0.257692 0.236510 0.218439 0.169585 0.000015 -0.001396 -0.004315 -0.008958 -0.040539 -0.081938 -0.105255 -0.076083 -0.014999 -0.007325 0.004265 0.016189 0.091139 0.078076 0.070692 -0.018632 -0.036167 -0.010595 -0.001782 -0.002337 0.000826 0.000656 0.011566 0.009360 -9999.000000 -9999.000000 -9999.000000 -9999.000000 -9999.000000 -9999.000000 -9999.000000 -9999.000000 -9999.000000 -9999.000000 -9999.000000 -9999.000000 -9999.000000 -9999.000000 -9999.000000 -9999.000000 -9999.000000
-0.663237 -0.428273 -0.176680 0.079868 0.198382 -0.000272 -0.000297 0.000070 0.456855 0.374484 0.545687 0.435079 0.410364 0.420882 0.351534 0.163197 0.002039 0.000821 0.000533 0.000563 -0.002917 -0.014637 -0.118123 -0.166830 -0.116552 -0.081056 -0.026820 -0.063018 -0.007354 0.000021 0.020641 0.186306 0.088931 -0.024733 -0.045938 -0.014176 -0.001077 -0.000746 0.000759 0.004252 0.011267 0.007115 -9999.000000 -9999.000000 -9999.000000 -9999.000000 -9999.000000 -9999.000000 -9999.000000 -9999.000000 -9999.000000 -9999.000000 -9999.000000 -9999.000000 -9999.000000 -9999.000000 -9999.000000 -9999.000000 -9999.000000
-0.256641 -0.265047 -0.214218 -0.153439 -0.221802 -0.213788 -0.195281 -0.000515 -0.091021 -0.265084 -0.123903 -0.016370 0.101931 0.085984 0.052828 -0.000685 0.000515 0.052549 0.356354 0.855162 0.329486 0.207284 0.132357 -0.085042 -0.009078 -0.006616 -0.001874 -0.000891 -0.000447 0.000580 0.009771 0.034895 0.235246 0.055836 -0.029216 -0.002752 -0.003797 -0.009284 0.000037 0.014332 0.014748 0.027564 -9999.000000 -9999.000000 -9999.000000 -9999.000000 -9999.000000 -9999.000000 -9999.000000 -9999.000000 -9999.000000 -9999.000000 -9999.000000 -9999.000000 -9999.000000 -9999.000000 -9999.000000 -9999.000000 -9999.000000
-0.121618 -0.327672 -0.486241 -0.890269 -1.497119 -0.261984 -0.285150 -0.279375 -0.245432 -0.531224 -0.449198 -0.291749 -0.117468 0.018931 0.050803 -0.000823 0.000788 0.054800 0.088737 0.228027 0.046922 -0.091274 -0.093335 -0.121877 -0.084199 -0.054097 -0.013902 -0.001077 0.000074 0.001113 0.002291 0.001345 0.011909 0.112328 0.014339 -0.090757 -0.124565 -0.011992 -0.009360 0.008480 0.012738 0.026802 -9999.000000 -9999.000000 -9999.000000 -9999.000000 -9999.000000 -9999.000000 -9999.000000 -9999.000000 -9999.000000 -9999.000000 -9999.000000 -9999.000000 -9999.000000 -9999.000000 -9999.000000 -9999.000000 -9999.000000
0.307485 0.159229 0.223463 0.178943 0.058061 -0.000321 -0.134593 -0.180129 -0.224835 -0.206506 -0.186690 -0.173118 -0.146643 -0.124424 -0.000768 0.000125 0.000700 0.036655 -0.272713 -0.641399 -0.435554 -0.339004 -0.117422 -0.115478 -0.074215 -0.047228 -0.018461 -0.000940 0.000722 0.019463 0.119534 0.000041 0.015894 0.598205 0.383823 0.023719 -0.042150 -0.012384 -0.010296 0.006368 0.013819 0.007806 0.003601 -9999.000000 -9999.000000 -9999.000000 -9999.000000 -9999.000000 -9999.000000 -9999.000000 -9999.000000 -9999.000000 -9999.000000 -9999.000000 -9999.000000 -9999.000000 -9999.000000 -9999.000000 -9999.000000
0.502741 0.442561 0.319611 0.204434 -0.010920 -0.003061 0.008361 0.008705 0.006310 -0.105364 -0.206230 -0.272603 -0.696978 -0.283854 -0.208135 -0.075369 -0.026317 -0.000140 0.000095 0.000171 -0.001708 -0.007885 -0.020920 -0.094458 -0.017970 -0.006876 -0.000757 -0.000165 0.000639 0.014430 0.053905 0.016658 0.000000 0.010604 0.251142 0.176093 -0.007068 -0.000709 -0.000064 0.000665 0.011559 0.009428 0.004090 -9999.000000 -9999.000000 -9999.000000 -9999.000000 -9999.000000 -9999.000000 -9999.000000 -9999.000000 -9999.000000 -9999.000000 -9999.000000 -9999.000000 -9999.000000 -9999.000000 -9999.000000 -9999.000000
-0.026792 -0.058845 -0.063047 -0.073840 -0.020164 -0.004055 0.019177 0.013215 0.005682 0.001961 0.000705 -0.128439 -0.195332 -0.221394 -0.173402 -0.171381 -0.010986 -0.000399 0.000323 0.000556 0.001444 0.015575 0.058438 -0.069968 -0.005821 -0.000363 0.000150 0.000796 0.000786 0.001934 0.028099 0.000119 0.001324 0.003396 0.003633 0.084676 -0.007100 -0.000778 -0.000407 0.000519 0.000573 0.000526 0.001288 -9999.000000 -9999.000000 -9999.000000 -9999.000000 -9999.000000 -9999.000000 -9999.000000 -9999.000000 -9999.000000 -9999.000000 -9999.000000 -9999.000000 -9999.000000 -9999.000000 -9999.000000 -9999.000000
-0.010111 -0.010508 -0.011869 -0.018152 -0.018529 -0.011760 0.007445 -0.000630 -0.000107 0.000104 0.000607 0.004165 0.004657 -0.066843 -0.066132 -0.108063 -0.016595 -0.000618 0.000055 0.000637 0.004832 0.003710 -0.037916 -0.008925 -0.000519 0.000059 -0.000008 -0.000643 -0.001307 0.000092 0.017816 0.013248 -0.001329 0.001119 0.001847 0.033571 -0.000688 -0.000443 -0.000942 -0.012701 -0.006690 0.000011 0.001006 -9999.000000 -9999.000000 -9999.000000 -9999.000000 -9999.000000 -9999.000000 -9999.000000 -9999.000000 -9999.000000 -9999.000000 -9999.000000 -9999.000000 -9999.000000 -9999.000000 -9999.000000 -9999.000000
0.014612 0.039924 0.010880 0.003331 -0.020335 -0.128029 -0.025483 -0.002857 -0.000251 0.000436 0.002575 0.014304 0.024439 -0.008642 -0.051425 -0.053162 -0.003843 -0.003240 -0.004378 0.000015 0.005108 0.005674 0.003818 0.002765 0.000692 0.086191 -0.119051 -0.096092 -0.000357 0.000519 0.007309 0.004785 -0.000518 0.000451 0.007755 0.115451 0.045450 -0.000193 -0.000361 -0.006883 -0.006146 -0.000131 0.000149 0.001266 -9999.000000 -9999.000000 -9999.000000 -9999.000000 -9999.000000 -9999.000000 -9999.000000 -9999.000000 -9999.000000 -9999.000000 -9999.000000 -9999.000000 -9999.000000 -9999.000000 -9999.000000
0.048636 0.113994 0.052238 0.316639 0.093740 -0.060256 -0.084791 -0.021265 -0.000357 0.000508 0.025207 0.045624 -0.086991 -0.151939 -0.175132 -0.229769 -0.249327 -0.269607 -0.021292 -0.001857 -0.004497 0.003297 0.005077 0.003000 0.131108 0.050693 0.045608 0.025948 -0.000152 0.000169 0.009225 0.009574 0.005280 0.001332 -0.002558 0.017242 0.043245 0.007676 -0.002196 -0.020699 -0.014624 -0.002660 0.000002 0.006997 -9999.000000 -9999.000000 -9999.000000 -9999.000000 -9999.000000 -9999.000000 -9999.000000 -9999.000000 -9999.000000 -9999.000000 -9999.000000 -9999.000000 -9999.000000 -9999.000000 -9999.000000
0.085241 0.244736 0.467230 0.361155 -0.007788 -0.002153 -0.018264 -0.013696 -0.000599 0.001366 0.026281 0.061348 0.530900 0.461296 0.065576 -0.007942 -0.078317 -0.073252 -0.209086 -0.067083 0.000000 0.005551 0.003895 0.056504 0.055756 0.225085 0.301678 0.238874 0.107270 0.058477 0.046533 0.056787 0.008085 0.000322 -0.001173 -0.003011 -0.346942 -0.291724 -0.205643 -0.212636 -0.040242 -0.013181 0.000000 0.002086 0.001175 -9999.000000 -9999.000000 -9999.000000 -9999.000000 -9999.000000 -9999.000000 -9999.000000 -9999.000000 -9999.000000 -9999.000000 -9999.000000 -9999.000000 -9999.000000 -9999.000000
0.097032 0.234948 0.591940 -0.021786 -0.000083 0.000235 0.000806 -0.002264 -0.000327 0.003064 0.013358 0.027722 0.058724 0.446823 0.220022 -0.011651 0.000141 -0.151461 -0.329789 -0.072698 -0.002409 0.003209 0.096019 0.108059 0.119064 0.107022 0.067331 0.038996 0.000000 0.045213 0.191928 0.746185 0.689712 0.630956 0.504563 0.244331 0.110758 0.028494 0.014292 -0.060216 -0.425540 -0.003567 -0.001549 -0.000293 0.000092 0.000575 -9999.000000 -9999.000000 -9999.000000 -9999.000000 -9999.000000 -9999.000000 -9999.000000 -9999.000000 -9999.000000 -9999.000000 -9999.000000 -9999.000000 -9999.000000
0.136967 0.040277 -0.044938 -0.009235 0.000000 0.005027 0.017386 -0.000604 -0.003206 0.000000 0.003929 0.042115 0.102417 0.063960 0.006858 -0.004616 0.000283 0.000365 -0.000662 -0.001662 -0.000265 0.000756 0.002846 -0.000326 0.000208 0.004308 0.077145 0.033502 0.017200 0.009823 0.230168 2.267876 0.594786 0.533584 0.947951 0.835633 0.753484 0.564323 0.305042 0.042524 -0.429498 -0.043512 -0.024539 -0.006034 -0.000003 0.000276 -9999.000000 -9999.000000 -9999.000000 -9999.000000 -9999.000000 -9999.000000 -9999.000000 -9999.000000 -9999.000000 -9999.000000 -9999.000000 -9999.000000 -9999.000000
0.001949 -0.000245 -0.000526 -0.000800 -0.000275 0.000121 -0.003325 -0.005692 -0.005439 0.000000 0.017074 0.063606 0.023568 0.007573 0.000230 0.000094 0.003595 0.001495 0.000139 -0.000349 0.001171 0.002901 0.013967 0.004501 0.000003 0.016146 0.161696 0.105295 0.106684 0.369016 0.552812 0.613567 0.254434 -0.000350 0.157134 0.277593 0.504035 0.450807 0.404471 0.281606 0.257290 0.131392 -0.038834 -0.006364 -0.000208 0.000326 0.004012 0.007168 -9999.000000 -9999.000000 -9999.000000 -9999.000000 -9999.000000 -9999.000000 -9999.000000 -9999.000000 -9999.000000 -9999.000000 -9999.000000
-0.000858 0.000000 0.000858 0.023372 -0.194304 -0.358863 -0.029325 -0.003522 -0.002043 0.004115 0.022664 0.090274 0.031034 -0.000401 0.000521 0.007404 0.006197 -0.000317 0.000404 0.003119 0.003674 0.005175 0.003399 0.002796 0.000000 0.018087 0.302872 0.718007 0.166566 0.101572 0.062392 0.010942 0.005038 0.001674 0.008566 0.246502 0.207962 0.140380 0.114536 0.014708 -0.133658 -0.757596 -0.802159 -0.021690 -0.000106 0.000120 0.007326 0.009023 -9999.000000 -9999.000000 -9999.000000 -9999.000000 -9999.000000 -9999.000000 -9999.000000 -9999.000000 -9999.000000 -9999.000000 -9999.000000
-0.005478 0.000000 0.005478 0.261690 -0.170807 -0.191266 -0.504790 -0.069806 -0.027369 0.000018 0.014878 0.132798 -0.001646 -0.001017 0.001469 0.004676 -0.000443 0.000125 0.000657 -0.000643 -0.002380 0.000000 0.010969 0.076403 0.024203 0.013145 0.150014 0.365810 0.092392 0.067496 -0.000030 0.000800 0.000736 0.006276 0.039270 0.014787 0.148878 0.063942 0.120327 0.132395 0.120215 0.302351 0.214058 -0.001579 -0.000083 0.000172 0.012059 0.379305 0.000000 -9999.000000 -9999.000000 -9999.000000 -9999.000000 -9999.000000 -9999.000000 -9999.000000 -9999.000000 -9999.000000 -9999.000000
0.001236 -0.000296 -0.000413 -0.109164 0.043112 0.087576 -0.486487 -0.034427 -0.000608 0.000438 0.014136 0.119396 -0.002279 -0.003599 -0.000360 0.000360 0.007500 0.019806 0.030590 -0.052534 -0.011096 0.000000 0.011355 0.054840 0.020371 0.009582 0.126776 0.042491 0.018356 -0.112332 -0.000826 0.000245 0.000745 0.011593 0.027396 0.057981 0.721636 0.729345 0.640186 0.640858 0.569609 0.590461 0.309764 0.284973 0.133551 0.043557 0.104164 0.187328 0.117635 0.000498 -9999.000000 -9999.000000 -9999.000000 -9999.000000 -9999.000000 -9999.000000 -9999.000000 -9999.000000 -9999.000000
0.181553 -0.107236 -0.563100 -0.181946 -0.000500 -0.064888 -0.097721 -0.012046 -0.000848 0.000974 0.010204 0.051097 -0.030089 -0.009188 -0.000360 0.000360 0.017176 0.042224 -0.517553 -0.562800 -0.057777 -0.001014 0.001846 0.022280 0.167672 0.086759 0.051406 0.008058 -0.017947 -0.116457 -0.000767 -0.000334 0.000595 0.000766 0.013213 0.048289 0.676990 0.747312 0.594299 0.482860 0.385976 0.425682 0.227168 0.249819 0.327492 0.629177 0.682674 0.641280 0.395625 0.386644 0.209269 -9999.000000 -9999.000000 -9999.000000 -9999.000000 -9999.000000 -9999.000000 -9999.000000 -9999.000000
0.234713 -0.036316 -0.498035 -0.244744 -0.003818 -0.007785 -0.040137 -0.021998 -0.000914 0.001352 0.012004 0.063847 -0.026840 -0.017755 -0.000130 0.000130 0.125796 -0.051349 -0.004587 -0.111555 -0.002211 -0.000735 0.002439 0.064897 0.045364 0.032596 0.170267 0.231411 0.285251 0.210680 0.203871 0.049256 0.028827 0.000019 0.032109 0.099280 0.910177 0.260429 0.254440 0.000000 -0.043458 -0.036537 0.000008 0.133300 0.457116 0.395784 0.263885 0.024200 -0.000331 -0.000070 0.001722 -9999.000000 -9999.000000 -9999.000000 -9999.000000 -9999.000000 -9999.000000 -9999.000000 -9999.000000
0.570743 0.341582 0.049228 -0.001184 -0.000884 -0.002710 -0.004185 -0.002270 -0.001172 0.002360 0.082036 0.298359 0.078899 -0.002098 -0.000231 0.000624 -0.051914 -0.132644 -0.256668 -0.877964 -0.011947 0.000000 0.011490 0.015863 0.160510 0.084038 0.254731 0.049746 0.054343 0.097403 0.094073 0.220982 0.204846 0.113159 0.069108 0.042549 -0.344925 -0.169834 -0.000793 0.000014 0.000448 0.000481 0.000562 0.123294 0.299118 0.140509 -0.000797 0.000000 0.000797 0.000954 -0.000442 0.000000 -9999.000000 -9999.000000 -9999.000000 -9999.000000 -9999.000000 -9999.000000 -9999.000000
0.052726 0.043244 -0.380355 -0.005571 0.000000 -0.008777 -0.030322 -0.010744 -0.000330 0.000396 0.011229 0.081145 0.177505 -0.033069 -0.000400 0.000643 0.197026 0.410054 0.489956 0.114896 -0.011920 0.000000 0.010728 0.013130 0.002312 0.177975 0.349724 0.057399 0.044170 -0.010034 -0.021192 -0.013881 -0.007601 -0.096610 0.000000 0.158515 0.030541 -0.135763 -0.000911 0.001612 0.060587 0.000015 0.204737 1.110672 0.796729 0.356132 -0.001138 -0.000000 0.001138 0.004398 0.001606 -9999.000000 -9999.000000 -9999.000000 -9999.000000 -9999.000000 -9999.000000 -9999.000000 -9999.000000
