use_cases/Flooding_chicago/flooding_data/output/hUx_3480.asc
ncols 337
nrows 393
xllcorner 428428.000000
yllcorner 4602440.000000
cellsize 26.757400
NODATA_value -9999.000000
[rows 156 to 181 of 393, columns 236 to 294 of 337]
0.000310 0.000330 0.000141 0.000068 0.000000 0.001053 -0.042802 -0.022434 0.049269 0.129354 0.265715 0.295312 1.033163 1.013035 0.810975 0.309481 -0.191409 -0.880846 -1.017861 -0.711997 -0.469939 -0.394965 -0.074938 0.227636 0.343740 0.008257 -0.002484 -0.003750 -0.001272 -0.004632 -0.004314 -0.000001 0.000000 0.000007 0.072632 -0.107025 -0.187133 -0.064310 -0.001719 -0.000042 0.000038 -9999.000000 -9999.000000 -9999.000000 -9999.000000 -9999.000000 -9999.000000 -9999.000000 -9999.000000 -9999.000000 -9999.000000 -9999.000000 -9999.000000 -9999.000000 -9999.000000 -9999.000000 -9999.000000 -9999.000000 -9999.000000
0.000091 -0.000044 -0.008874 -0.000922 0.000000 0.002540 0.102011 0.192816 0.287044 0.421523 0.694477 0.837895 0.866402 0.636567 0.094034 0.100456 0.089320 0.130342 -0.288329 -0.401049 -0.361497 -0.140683 0.010598 -0.136842 -0.388836 -0.003156 -0.003596 -0.000011 -0.000013 -0.000006 -0.000006 -0.000001 0.000001 0.000377 1.361872 0.667265 0.356257 -0.085075 -0.002395 -0.000041 0.000041 -9999.000000 -9999.000000 -9999.000000 -9999.000000 -9999.000000 -9999.000000 -9999.000000 -9999.000000 -9999.000000 -9999.000000 -9999.000000 -9999.000000 -9999.000000 -9999.000000 -9999.000000 -9999.000000 -9999.000000 -9999.000000
0.003606 0.059185 -0.061868 -0.148298 -0.000263 0.000027 0.048997 0.046788 0.045535 0.127108 0.405968 0.313802 0.116515 0.107652 0.135814 0.188262 0.220975 0.689396 0.485222 0.127786 -0.329619 -0.224157 -0.153395 -0.212665 -0.401137 -0.003059 -0.001903 -0.000014 -0.000007 0.000008 0.000011 0.000002 -0.000003 -0.058235 -0.260916 -0.308981 -0.183503 -0.000264 -0.000446 -0.000003 0.000003 -9999.000000 -9999.000000 -9999.000000 -9999.000000 -9999.000000 -9999.000000 -9999.000000 -9999.000000 -9999.000000 -9999.000000 -9999.000000 -9999.000000 -9999.000000 -9999.000000 -9999.000000 -9999.000000 -9999.000000 -9999.000000
-0.040027 -0.050949 -0.048993 -0.039196 -0.000100 0.000348 0.000412 0.088502 0.077322 0.120007 0.140036 0.127678 0.133618 0.451728 0.636950 0.923818 1.148423 1.123826 1.849163 0.925717 0.469465 0.161334 -0.014266 -0.130677 -0.365042 -0.002140 -0.000986 -0.000000 0.000003 0.000003 0.033720 -0.071120 -0.116067 -0.257800 -0.337326 -0.230416 -0.139805 -0.003350 -0.000600 -0.000009 0.000009 -9999.000000 -9999.000000 -9999.000000 -9999.000000 -9999.000000 -9999.000000 -9999.000000 -9999.000000 -9999.000000 -9999.000000 -9999.000000 -9999.000000 -9999.000000 -9999.000000 -9999.000000 -9999.000000 -9999.000000 -9999.000000
0.010427 0.138888 -0.019889 -0.090507 -0.086323 0.000152 0.000735 0.196355 0.249420 0.181433 0.360199 0.197363 0.679389 1.130652 1.332101 1.695389 1.946535 2.104485 1.784076 1.324089 0.658928 0.152334 -0.105975 -0.038013 -0.015826 -0.000744 -0.000019 0.000001 0.004905 0.003921 -0.016584 -0.016875 -0.024899 -0.063739 -0.531812 -0.289012 -0.002095 -0.000065 -0.000107 -0.000003 0.000003 0.000007 -9999.000000 -9999.000000 -9999.000000 -9999.000000 -9999.000000 -9999.000000 -9999.000000 -9999.000000 -9999.000000 -9999.000000 -9999.000000 -9999.000000 -9999.000000 -9999.000000 -9999.000000 -9999.000000 -9999.000000
0.261156 0.432325 0.326737 0.304577 0.469236 0.427972 0.520165 0.510346 1.053262 0.996397 1.243731 1.078725 1.292992 1.758751 1.985908 1.844193 1.856428 1.834985 1.046215 0.793030 0.324007 0.175416 0.046483 0.000608 -0.006379 -0.112903 -0.014052 -0.009923 -0.010037 0.006389 0.109315 0.105480 0.097002 0.067315 -0.047147 -0.000396 -0.000038 -0.000074 0.000039 0.000007 0.000884 0.000616 -9999.000000 -9999.000000 -9999.000000 -9999.000000 -9999.000000 -9999.000000 -9999.000000 -9999.000000 -9999.000000 -9999.000000 -9999.000000 -9999.000000 -9999.000000 -9999.000000 -9999.000000 -9999.000000 -9999.000000
0.436586 0.556084 0.593262 0.661428 0.927919 0.749667 0.885112 0.502963 1.730690 1.709826 1.873109 1.734183 2.027089 2.132649 1.980288 1.717149 1.160958 1.125494 0.960570 0.749806 0.731195 0.514827 0.484607 0.382602 0.094287 -0.092431 -0.018677 -0.040301 -0.000218 0.000000 0.034679 0.151334 0.144075 0.116654 -0.048829 -0.000614 -0.000020 -0.000019 0.000016 0.000119 0.001000 0.000485 -9999.000000 -9999.000000 -9999.000000 -9999.000000 -9999.000000 -9999.000000 -9999.000000 -9999.000000 -9999.000000 -9999.000000 -9999.000000 -9999.000000 -9999.000000 -9999.000000 -9999.000000 -9999.000000 -9999.000000
1.012968 1.226899 1.382548 1.598183 2.094468 1.773757 2.016968 1.533576 2.359458 2.288388 2.219631 2.234142 2.028672 1.571682 1.543620 0.911661 0.927448 1.483642 1.351805 1.477778 0.982375 0.783256 0.532666 0.194604 -0.409386 -0.000191 -0.000031 -0.000004 -0.000004 0.000007 0.000284 0.049196 0.228271 0.200622 -0.028973 -0.000097 -0.000108 -0.000710 0.000000 0.001458 0.001349 0.002553 -9999.000000 -9999.000000 -9999.000000 -9999.000000 -9999.000000 -9999.000000 -9999.000000 -9999.000000 -9999.000000 -9999.000000 -9999.000000 -9999.000000 -9999.000000 -9999.000000 -9999.000000 -9999.000000 -9999.000000
1.208703 1.413697 1.563301 2.049313 2.552734 2.201472 2.450971 2.625202 2.439068 3.321871 2.887151 2.628303 2.171918 1.404820 1.463492 1.030318 1.046684 1.690951 1.591192 1.498054 1.063467 0.996424 0.707654 0.432557 0.125050 -0.363645 -0.000613 -0.000016 0.000002 0.000016 0.000032 0.000015 0.027598 0.474218 0.307143 0.057355 -0.042307 -0.001095 -0.001228 0.000997 0.001220 0.002532 -9999.000000 -9999.000000 -9999.000000 -9999.000000 -9999.000000 -9999.000000 -9999.000000 -9999.000000 -9999.000000 -9999.000000 -9999.000000 -9999.000000 -9999.000000 -9999.000000 -9999.000000 -9999.000000 -9999.000000
0.637899 0.713526 1.023792 1.110976 1.511322 1.364540 2.403098 2.451617 2.391353 2.078101 2.336901 1.934331 1.677910 1.393849 0.989936 1.033299 1.090140 1.830031 1.296288 1.174510 0.939403 0.770751 0.420132 0.258387 0.010207 -0.348864 -0.000835 -0.000015 0.000010 0.000937 0.018328 0.000000 0.018001 0.424244 0.716714 0.355722 -0.008027 -0.001103 -0.001289 0.000822 0.001399 0.000586 0.000094 -9999.000000 -9999.000000 -9999.000000 -9999.000000 -9999.000000 -9999.000000 -9999.000000 -9999.000000 -9999.000000 -9999.000000 -9999.000000 -9999.000000 -9999.000000 -9999.000000 -9999.000000 -9999.000000
0.527955 0.608272 0.698973 0.967453 0.948255 1.292445 1.553899 1.715115 1.720322 2.061451 1.592628 1.455913 1.911583 1.294147 1.280536 1.393650 1.670644 1.055893 0.675337 0.593358 0.343900 0.136119 -0.078283 -0.351429 -0.621696 -0.000165 -0.000008 -0.000003 0.000007 0.000660 0.007469 0.001224 0.000000 0.009944 0.399744 0.307858 -0.000180 -0.000007 -0.000001 0.000007 0.000935 0.000664 0.000095 -9999.000000 -9999.000000 -9999.000000 -9999.000000 -9999.000000 -9999.000000 -9999.000000 -9999.000000 -9999.000000 -9999.000000 -9999.000000 -9999.000000 -9999.000000 -9999.000000 -9999.000000 -9999.000000
0.405907 0.474497 0.574763 0.796434 0.886061 1.219429 1.497601 1.592997 1.438189 1.190271 0.893838 0.862354 0.633837 0.485546 0.352086 0.284814 0.135740 0.000123 0.000083 -0.013098 -0.034511 -0.141386 -0.220634 -0.237802 -0.000111 -0.000002 0.000001 0.000005 0.000006 0.000037 0.002014 -0.000305 -0.000642 0.000552 0.001158 0.180073 -0.000181 -0.000008 -0.000006 0.000008 0.000007 0.000004 0.000010 -9999.000000 -9999.000000 -9999.000000 -9999.000000 -9999.000000 -9999.000000 -9999.000000 -9999.000000 -9999.000000 -9999.000000 -9999.000000 -9999.000000 -9999.000000 -9999.000000 -9999.000000 -9999.000000
0.134103 0.050882 0.262023 0.559494 0.840972 1.048262 1.205784 0.575611 0.395910 0.132026 -0.061416 -0.193770 -0.178386 -0.263458 -0.211261 -0.167126 -0.111120 0.000072 0.000090 0.000048 0.019697 0.009241 0.094332 0.044562 -0.000004 0.000000 0.000001 -0.000007 -0.000018 0.000001 0.002430 0.002161 -0.000314 0.000079 0.000301 0.090464 -0.000004 -0.000004 -0.000006 -0.000636 -0.000162 0.000000 0.000007 -9999.000000 -9999.000000 -9999.000000 -9999.000000 -9999.000000 -9999.000000 -9999.000000 -9999.000000 -9999.000000 -9999.000000 -9999.000000 -9999.000000 -9999.000000 -9999.000000 -9999.000000 -9999.000000
0.646737 0.952481 0.748983 0.807266 0.820778 0.751620 0.217191 0.002373 0.000479 0.000031 -0.000669 -0.086123 -0.257861 -0.366942 -0.336221 -0.342109 -0.276691 -0.321663 -0.305220 0.000109 0.150142 0.155889 0.168722 0.173150 0.141138 0.448159 0.449204 0.170832 -0.000004 0.000007 0.000655 0.000522 -0.000058 0.000022 0.002754 0.335979 0.340591 -0.000005 -0.000010 -0.000790 -0.000304 -0.000000 0.000000 0.000013 -9999.000000 -9999.000000 -9999.000000 -9999.000000 -9999.000000 -9999.000000 -9999.000000 -9999.000000 -9999.000000 -9999.000000 -9999.000000 -9999.000000 -9999.000000 -9999.000000 -9999.000000
0.916713 1.338029 1.025665 1.910295 1.366435 1.086849 0.059134 -0.008759 -0.000005 0.000012 0.003182 0.426155 0.018364 -0.085700 -0.085088 -0.051776 0.004385 0.060567 0.157970 0.276047 0.377112 0.326548 0.263619 0.187399 0.745585 0.521503 0.261892 0.120789 0.000044 0.000013 -0.183588 -0.166296 -0.083820 -0.028178 -0.064176 -0.082256 -0.535923 -0.644339 -0.342276 -0.179879 -0.075241 -0.000254 0.000000 0.409761 -9999.000000 -9999.000000 -9999.000000 -9999.000000 -9999.000000 -9999.000000 -9999.000000 -9999.000000 -9999.000000 -9999.000000 -9999.000000 -9999.000000 -9999.000000 -9999.000000 -9999.000000
1.211524 2.299540 2.155937 2.050216 0.627516 0.002516 -0.004414 -0.001405 -0.000013 0.000061 0.002290 0.531323 0.353512 0.247560 0.072974 0.019069 -0.114614 -0.248672 -0.258939 -0.099175 -0.000000 0.205467 0.158596 0.722374 0.704811 1.444310 1.249090 1.139767 0.778360 0.583841 1.228004 0.866313 0.909321 1.033868 0.938445 0.924487 0.682374 0.602639 0.842112 1.123933 1.115364 1.141739 0.692509 1.065116 0.621548 -9999.000000 -9999.000000 -9999.000000 -9999.000000 -9999.000000 -9999.000000 -9999.000000 -9999.000000 -9999.000000 -9999.000000 -9999.000000 -9999.000000 -9999.000000 -9999.000000
1.224651 2.210902 2.086967 0.285192 -0.000000 0.000000 0.000032 -0.000143 0.000031 0.000206 0.000789 0.068619 0.539263 0.697961 0.717534 0.617253 0.389768 0.563652 0.578887 0.489371 0.383583 0.374704 1.072626 1.056560 1.045514 0.979083 0.693462 0.484472 0.000000 0.231885 1.561132 1.138242 1.477184 1.520761 1.371605 1.090930 1.157875 1.010567 1.088773 1.243129 1.220933 0.995063 1.310652 0.532194 0.226864 0.096058 -9999.000000 -9999.000000 -9999.000000 -9999.000000 -9999.000000 -9999.000000 -9999.000000 -9999.000000 -9999.000000 -9999.000000 -9999.000000 -9999.000000 -9999.000000
1.146503 0.682917 0.071987 -0.000284 0.000000 0.000077 0.002876 0.000007 -0.000161 0.000000 0.000053 0.160580 0.835742 1.022517 0.769448 0.685195 0.197481 0.385861 0.004522 -0.095701 0.012614 0.021622 0.057225 -0.000002 0.000001 0.000119 0.255052 0.334959 0.368135 0.227822 2.085388 2.013867 1.581972 1.576885 1.835926 1.641394 1.553393 1.412260 1.217315 1.110413 0.955634 0.723375 0.445039 -0.001069 -0.000000 0.000000 -9999.000000 -9999.000000 -9999.000000 -9999.000000 -9999.000000 -9999.000000 -9999.000000 -9999.000000 -9999.000000 -9999.000000 -9999.000000 -9999.000000 -9999.000000
0.274455 -0.000003 -0.000008 -0.000021 -0.000002 0.000000 -0.000150 -0.000256 -0.000277 0.000000 0.001324 0.145568 0.099825 0.055951 0.020709 0.009516 0.001806 -0.009632 -0.035108 -0.007763 0.064823 0.077286 0.129777 0.071547 0.000000 0.200007 0.886142 1.080084 1.436228 3.618439 4.339178 3.792432 3.330690 2.367188 2.654145 2.406766 2.328360 2.129525 1.911654 1.534327 1.357225 1.183535 0.821537 -0.001189 -0.000001 0.000002 0.000057 0.293013 -9999.000000 -9999.000000 -9999.000000 -9999.000000 -9999.000000 -9999.000000 -9999.000000 -9999.000000 -9999.000000 -9999.000000 -9999.000000
-0.000018 -0.000002 0.000001 -0.005597 -0.044882 -0.038810 -0.024385 -0.000166 0.000118 0.000378 0.002761 0.123266 0.124387 -0.000004 0.000012 0.002109 0.002048 0.000007 0.000022 0.073702 0.127638 0.134653 0.055899 0.173061 0.000000 0.166988 0.543202 1.435659 1.283129 1.417238 1.760200 1.001147 1.260131 1.264640 1.226804 1.435290 1.705428 1.794193 2.144843 2.108815 2.310148 2.917976 2.619566 1.430304 0.005340 0.000695 0.013914 0.795656 -9999.000000 -9999.000000 -9999.000000 -9999.000000 -9999.000000 -9999.000000 -9999.000000 -9999.000000 -9999.000000 -9999.000000 -9999.000000
-0.000276 0.000000 0.000796 -0.100938 -0.208758 -0.264130 -0.302475 -0.486638 -0.002769 0.000000 0.003725 0.003562 -0.000046 0.000000 0.000060 0.000280 -0.000080 0.000507 0.000192 0.091043 0.105880 0.000002 0.041481 0.197492 0.207520 0.171467 0.475464 0.773541 0.608781 0.682013 0.143474 0.237364 0.112613 0.345024 0.665799 0.681388 1.027610 1.572855 2.043641 2.184032 2.502333 3.547924 3.574031 2.413162 2.467784 2.234471 4.513642 7.330343 4.346230 -9999.000000 -9999.000000 -9999.000000 -9999.000000 -9999.000000 -9999.000000 -9999.000000 -9999.000000 -9999.000000 -9999.000000
0.084729 -0.066297 -0.267832 -0.351940 -0.157045 -0.011834 0.111009 0.135746 -0.000008 0.000006 0.005359 -0.050606 -0.000227 -0.000061 -0.000003 0.000003 0.000502 0.525692 0.566390 0.580004 0.307373 0.000168 0.093497 0.226559 0.196811 0.170700 0.433684 0.329027 0.722522 0.598718 0.168810 0.138750 0.134573 0.646921 0.904603 1.383069 2.135869 3.290896 3.985034 4.858742 5.666360 6.972078 6.977960 7.497889 7.460208 9.490486 9.468297 10.435612 8.876057 4.558434 -9999.000000 -9999.000000 -9999.000000 -9999.000000 -9999.000000 -9999.000000 -9999.000000 -9999.000000 -9999.000000
1.452368 0.570958 -0.327045 -0.288212 -0.063677 -0.043829 -0.057587 -0.001661 -0.000015 0.000018 0.006757 -0.190728 -0.246681 -0.000611 -0.000003 0.000003 0.032524 0.246234 0.695800 0.843933 0.893214 0.495920 0.326749 0.449608 0.835953 0.714308 0.658523 0.976669 1.196347 0.576769 0.175971 0.159908 0.164677 0.165152 0.877962 1.727569 2.508313 3.890265 4.503197 5.238354 5.878271 7.197574 7.379580 9.764971 9.625304 11.680964 12.055202 11.336842 9.373752 9.127535 6.845830 -9999.000000 -9999.000000 -9999.000000 -9999.000000 -9999.000000 -9999.000000 -9999.000000 -9999.000000
1.574564 0.698728 0.105981 0.086572 0.051589 0.039194 -0.001921 -0.003657 -0.000020 0.000033 -0.092500 -0.207489 -0.339280 -0.153250 -0.000022 -0.000003 -0.023377 0.079091 0.267260 0.417118 0.388184 0.457584 0.298279 0.752618 0.600689 0.662359 1.345779 1.533950 1.232527 0.793683 0.787645 0.561763 0.640904 0.250597 1.032555 1.677291 2.761497 2.846215 3.558044 3.032428 4.046871 4.416306 4.181773 6.832494 8.015450 8.002171 8.327687 7.185796 5.033772 4.419646 3.406101 -9999.000000 -9999.000000 -9999.000000 -9999.000000 -9999.000000 -9999.000000 -9999.000000 -9999.000000
1.585827 1.039994 0.487303 0.000473 -0.000143 -0.000770 -0.000526 -0.000049 -0.000037 0.000066 0.124457 0.190834 -0.056146 0.089512 0.176062 0.191598 0.784683 0.329554 0.265943 0.256631 0.133903 0.000066 0.082635 0.525852 0.797996 0.798161 1.467820 0.901217 1.044862 1.616203 1.579471 2.122825 2.093963 1.764979 1.607700 2.100739 1.928050 1.614586 1.120060 1.541981 2.004786 2.498028 2.672903 5.228266 4.227535 4.162118 2.384041 2.342384 1.944049 2.657634 2.155472 0.268530 -9999.000000 -9999.000000 -9999.000000 -9999.000000 -9999.000000 -9999.000000 -9999.000000
0.635957 0.917894 0.434470 -0.002223 0.000000 -0.001037 -0.006021 -0.000374 -0.000002 0.000003 0.003196 -0.113275 -0.231975 0.122711 0.237466 0.282152 1.154299 0.856758 0.616462 0.531390 0.178102 0.000207 0.027326 0.258121 0.306445 1.346655 1.813445 1.050817 1.171615 1.622985 1.366914 1.332616 1.433974 1.063602 0.171042 1.481107 0.429782 0.880547 1.066975 1.572844 3.446830 2.847715 5.235009 6.425815 4.820882 4.516040 2.510246 2.439412 1.772785 2.619226 2.323778 -9999.000000 -9999.000000 -9999.000000 -9999.000000 -9999.000000 -9999.000000 -9999.000000 -9999.000000
