use_cases/Flooding_chicago/flooding_data/output/hUx_1680.asc
ncols 337
nrows 393
xllcorner 428428.000000
yllcorner 4602440.000000
cellsize 26.757400
NODATA_value -9999.000000
[rows 52 to 77 of 393, columns 236 to 294 of 337]
-0.006861 -0.000569 0.000247 0.000554 0.004162 0.004646 -9999.000000 -9999.000000 -9999.000000 -9999.000000 -9999.000000 -9999.000000 -9999.000000 -9999.000000 -9999.000000 -9999.000000 -9999.000000 -9999.000000 -9999.000000 -9999.000000 -9999.000000 -9999.000000 -9999.000000 -9999.000000 -9999.000000 -9999.000000 -9999.000000 -9999.000000 -9999.000000 -9999.000000 -9999.000000 -9999.000000 -9999.000000 -9999.000000 -9999.000000 -9999.000000 -9999.000000 -9999.000000 -9999.000000 -9999.000000 -9999.000000 0.000010 0.020089 0.054106 0.062467 -0.002739 -0.007540 -0.000551 -0.001124 -0.001424 -0.000520 0.000236 0.018358 0.018171 0.006356 0.002556 0.003335 -0.181247 -0.221400
-0.006778 -0.000394 0.000331 0.010243 0.019368 0.029294 -9999.000000 -9999.000000 -9999.000000 -9999.000000 -9999.000000 -9999.000000 -9999.000000 -9999.000000 -9999.000000 -9999.000000 -9999.000000 -9999.000000 -9999.000000 -9999.000000 -9999.000000 -9999.000000 -9999.000000 -9999.000000 -9999.000000 -9999.000000 -9999.000000 -9999.000000 -9999.000000 -9999.000000 -9999.000000 -9999.000000 -9999.000000 -9999.000000 -9999.000000 -9999.000000 -9999.000000 -9999.000000 -9999.000000 -9999.000000 -0.000360 0.000360 0.017667 0.045451 -0.155800 -0.148560 -0.085554 0.033776 -0.071235 -0.012376 -0.001148 -0.000187 0.001072 0.039311 0.115414 0.034543 0.000201 -0.254468 -0.128215
-0.009117 -0.000180 0.000174 0.007009 0.032083 0.036958 -9999.000000 -9999.000000 -9999.000000 -9999.000000 -9999.000000 -9999.000000 -9999.000000 -9999.000000 -9999.000000 -9999.000000 -9999.000000 -9999.000000 -9999.000000 -9999.000000 -9999.000000 -9999.000000 -9999.000000 -9999.000000 -9999.000000 -9999.000000 -9999.000000 -9999.000000 -9999.000000 -9999.000000 -9999.000000 -9999.000000 -9999.000000 -9999.000000 -9999.000000 -9999.000000 -9999.000000 -9999.000000 -9999.000000 -9999.000000 -0.000360 0.000360 0.015210 0.037440 0.233815 0.106266 -0.018996 -0.032111 -0.030729 -0.332531 -0.020334 -0.000999 0.000955 0.035073 0.132896 0.036974 0.000007 -0.086248 -0.163271
-0.039104 -0.000069 0.000067 0.001009 0.003160 0.015433 -9999.000000 -9999.000000 -9999.000000 -9999.000000 -9999.000000 -9999.000000 -9999.000000 -9999.000000 -9999.000000 -9999.000000 -9999.000000 -9999.000000 -9999.000000 -9999.000000 -9999.000000 -9999.000000 -9999.000000 -9999.000000 -9999.000000 -9999.000000 -9999.000000 -9999.000000 -9999.000000 -9999.000000 -9999.000000 -9999.000000 -9999.000000 -9999.000000 -9999.000000 -9999.000000 -9999.000000 -9999.000000 -9999.000000 -9999.000000 -0.002209 0.001039 0.002315 0.011184 0.153354 0.083250 0.209812 0.291168 0.326214 0.205908 -0.015788 -0.001160 0.000876 0.031181 0.133394 0.038591 -0.042052 -0.265577 -0.308326
0.065295 0.047565 0.010786 0.061697 0.088883 0.066994 0.021518 0.011577 0.003398 -9999.000000 -9999.000000 -9999.000000 -9999.000000 -9999.000000 -9999.000000 -9999.000000 -9999.000000 -9999.000000 -9999.000000 -9999.000000 -9999.000000 -9999.000000 -9999.000000 -9999.000000 -9999.000000 -9999.000000 -9999.000000 -9999.000000 -9999.000000 -9999.000000 -9999.000000 -9999.000000 -9999.000000 -9999.000000 -9999.000000 -9999.000000 -9999.000000 -9999.000000 -9999.000000 -9999.000000 -0.000679 0.000873 0.015522 0.388613 0.453574 0.498263 0.565740 0.547345 0.629140 0.441068 -0.016971 -0.007429 0.000000 0.022847 0.034869 -0.071752 -0.370781 -0.558725 -0.574520
0.104050 0.052424 0.104909 0.129198 0.139388 0.072432 0.040003 0.015556 0.005024 -9999.000000 -9999.000000 -9999.000000 -9999.000000 -9999.000000 -9999.000000 -9999.000000 -9999.000000 -9999.000000 -9999.000000 -9999.000000 -9999.000000 -9999.000000 -9999.000000 -9999.000000 -9999.000000 -9999.000000 -9999.000000 -9999.000000 -9999.000000 -9999.000000 -9999.000000 -9999.000000 -9999.000000 -9999.000000 -9999.000000 -9999.000000 -9999.000000 -9999.000000 -9999.000000 0.000000 0.014381 0.028655 0.095475 -0.443918 -0.279480 0.028262 0.147697 0.165739 0.100457 0.099613 -0.011121 -0.000927 -0.000226 0.002725 -0.067723 -0.090409 -0.284985 -0.211575 -0.047351
0.094518 0.041313 0.132767 0.154457 0.127345 0.224102 0.417688 0.259292 0.237745 0.116284 0.040186 -9999.000000 -9999.000000 -9999.000000 -9999.000000 -9999.000000 -9999.000000 -9999.000000 -9999.000000 -9999.000000 -9999.000000 -9999.000000 -9999.000000 -9999.000000 -9999.000000 -9999.000000 -9999.000000 -9999.000000 -9999.000000 -9999.000000 -9999.000000 -9999.000000 -9999.000000 -9999.000000 -9999.000000 -9999.000000 -9999.000000 -9999.000000 -9999.000000 0.000034 0.015246 0.336030 -0.555819 -0.806772 -0.866186 -0.763277 -0.666249 -0.664584 -0.937976 -1.064591 -0.627146 -0.030755 -0.001121 -0.089546 -0.427814 -0.583531 -0.719787 -0.612585 -0.640099
0.004578 0.037497 0.181250 0.086064 0.000000 0.038362 0.019245 0.101427 0.196995 0.104626 0.175549 -0.011191 -0.000492 -0.000641 0.000000 -9999.000000 -9999.000000 -9999.000000 -9999.000000 -9999.000000 -9999.000000 -9999.000000 -9999.000000 -9999.000000 -9999.000000 -9999.000000 -9999.000000 -9999.000000 -9999.000000 -9999.000000 -9999.000000 -9999.000000 -9999.000000 -9999.000000 -9999.000000 -9999.000000 -9999.000000 -9999.000000 -9999.000000 0.000167 0.022106 0.523945 -0.081843 -0.544007 -0.629828 -0.986346 -1.210681 -1.661704 -1.864656 -2.029516 -1.572747 -2.228202 -1.999771 -1.667727 -1.389070 -1.845718 -1.084580 -0.417784 -0.057812
0.007751 0.060098 -0.134671 -0.007200 0.000000 0.009611 0.023351 0.064189 0.201047 0.467229 0.091645 -0.073620 -0.131183 -0.416754 -0.028326 -0.003663 0.000000 -9999.000000 -9999.000000 -9999.000000 -9999.000000 -9999.000000 -9999.000000 -9999.000000 -9999.000000 -9999.000000 -9999.000000 -9999.000000 -9999.000000 -9999.000000 -9999.000000 -9999.000000 -9999.000000 -9999.000000 -9999.000000 -9999.000000 -9999.000000 -9999.000000 0.000000 0.005846 0.008660 0.020223 1.478471 1.022416 0.520934 -0.006475 -0.485385 -1.222491 -1.729983 -2.407618 -0.485885 -0.258529 -1.224988 -1.170720 -1.053217 -0.972239 -0.381947 -0.092822 -0.280434
-0.016732 -0.080393 -0.013894 -0.007722 0.000000 0.011860 0.062638 -0.308099 -0.902744 -1.028721 -0.562745 -0.606785 -0.234429 -0.150986 -0.003048 -0.012859 -0.006013 0.000000 -9999.000000 -9999.000000 -9999.000000 -9999.000000 -9999.000000 -9999.000000 -9999.000000 -9999.000000 -9999.000000 -9999.000000 -9999.000000 -9999.000000 -9999.000000 -9999.000000 -9999.000000 -9999.000000 -9999.000000 -9999.000000 -9999.000000 -0.000945 0.000491 0.030039 0.056642 0.060263 0.461055 0.292896 0.129206 -0.059749 -0.423744 -0.790846 -1.178097 -1.897449 -0.232629 -0.076471 -0.000732 0.004685 0.005023 -0.015145 -0.057281 -0.086981 -0.216126
-0.153161 -0.107073 -0.015821 -0.007178 0.000000 0.021779 0.048756 1.163227 0.951437 1.033646 1.077397 1.407646 1.223047 0.824045 0.305419 0.323085 -0.559217 -0.493561 0.000000 -0.054710 -0.004056 -0.000185 -9999.000000 -9999.000000 -9999.000000 -9999.000000 -9999.000000 -9999.000000 -9999.000000 -9999.000000 -9999.000000 -9999.000000 -9999.000000 -9999.000000 -9999.000000 -9999.000000 -9999.000000 -0.001056 0.001040 0.028153 0.053734 0.066054 0.499268 0.647658 0.656414 0.654313 0.664230 0.444054 0.117638 -0.432876 -0.146258 -0.052953 -0.010449 0.000000 -0.010689 -0.024705 -0.051191 -0.051025 -0.004613
-1.059905 -0.064859 -0.026822 -0.012302 0.000000 0.006564 0.009647 0.112068 0.808947 1.077652 0.334172 0.440579 0.293956 0.316380 0.599799 0.392663 0.208757 -0.374828 -0.015009 -0.020611 -0.085377 -0.007486 -0.000003 0.007574 0.013764 0.003051 -9999.000000 -9999.000000 -9999.000000 -9999.000000 -9999.000000 -9999.000000 -9999.000000 -9999.000000 -9999.000000 -9999.000000 -9999.000000 -0.001231 0.001237 0.031489 0.065240 0.071137 0.549433 0.740390 0.781211 0.762681 0.879033 0.608476 0.511294 0.321544 -0.525370 -0.022686 -0.007812 0.000000 -0.018570 -0.007365 -0.011325 -0.018304 -0.009557
-0.072302 -0.017566 -0.001274 -0.000294 0.000340 0.014677 0.021249 0.102582 0.017553 0.011036 0.020660 0.043994 0.064966 0.502427 0.538244 0.807990 0.606993 -0.158330 0.000477 0.001828 -0.049879 -0.007193 -0.000208 0.000326 0.003235 0.002548 0.001175 0.000479 0.000381 0.000405 0.004349 0.151543 1.427534 -0.157013 -0.020688 -0.016888 -0.008808 0.000000 0.003615 0.001930 0.050700 0.050185 0.563270 0.681575 0.242785 0.034110 0.013797 0.038738 0.056627 -0.094220 -0.516465 -0.229519 -0.121384 -0.034275 -0.042979 -0.012498 -0.016135 -0.060160 -0.032131
-0.019091 -0.007736 -0.000655 0.000447 0.022895 0.031990 0.645956 0.236075 0.162766 0.056475 0.028091 0.028799 -0.083047 -0.000018 -0.072481 0.174422 0.576506 0.408034 -0.000360 0.000360 0.017161 0.056040 -0.000056 0.000063 0.010955 0.036478 0.446646 0.308750 0.267480 0.391007 0.342988 1.630262 2.367889 -0.199088 -0.032805 -0.026256 -0.013896 0.000000 0.017328 0.042397 0.165599 0.630846 0.497634 0.358074 0.236375 0.016200 0.034766 0.203641 0.016500 -0.090902 -0.023144 -0.026714 -0.057123 -0.022613 -0.070663 -0.024676 -0.000531 -0.001302 -0.002422
-0.001006 -0.000407 0.000099 0.009619 0.032318 0.270357 -0.113007 -0.306502 -0.233875 -0.176498 -0.083672 -0.011038 -0.123594 -0.000463 0.000592 0.019836 0.153320 0.108966 -0.000360 0.000360 0.032914 0.422437 0.344899 0.297015 0.339703 0.837497 1.445775 0.891898 0.752005 0.774869 0.395542 0.676292 0.247767 -0.315828 -0.022650 -0.020080 -0.013648 0.000000 0.016587 0.036929 0.251929 0.248067 0.133432 0.158876 0.113746 0.027169 -0.124346 -0.010574 -0.000065 -0.047952 -0.050353 -0.056149 -0.024626 -0.013973 -0.000849 -0.001217 -0.000169 -0.000152 0.000308
-0.002372 -0.001774 0.002592 0.007743 0.006642 0.048786 0.881882 0.498175 0.462824 0.360912 0.283540 0.085004 -0.097858 -0.001168 0.000965 0.000975 0.223243 0.182625 -0.000010 0.001390 0.004421 0.156682 0.463739 0.739501 0.537757 0.288482 0.406174 0.779094 0.241471 0.269966 0.829965 0.657565 0.223704 -0.114451 -0.463198 -0.022531 -0.007994 0.000000 0.014357 0.036362 0.118752 0.077024 0.083527 0.241346 -0.000669 -0.000666 -0.002349 -0.003222 -0.001455 -0.000890 -0.001704 -0.004430 -0.023420 -0.024462 -0.026446 -0.014374 -0.005208 0.000005 0.007930
-0.001961 -0.001434 0.002232 0.056595 0.122291 0.113859 0.259038 0.148586 0.104109 0.126334 0.038416 0.016193 0.004610 -0.000587 0.000719 0.005104 0.002614 0.437828 0.515956 0.557220 0.635943 0.372125 0.238125 0.160074 -0.000016 0.092052 0.290115 0.312281 0.622206 0.670688 0.782301 0.695619 0.518458 0.012664 -0.379867 -0.473927 -0.020430 0.000000 0.007738 0.155766 0.062371 0.060986 0.184223 0.061138 -0.001743 -0.000757 -0.002183 -0.003701 -0.004586 -0.000330 0.000396 -0.213919 -0.027347 -0.030080 -0.017988 -0.009595 -0.000222 0.000222 0.003946
-0.017540 -0.008768 -0.000375 0.000143 0.014617 0.024805 0.032279 0.035653 -0.056531 -0.000581 -0.000777 -0.000838 0.000044 0.001206 0.001212 0.001933 0.044886 0.698833 0.621108 0.601906 1.163604 0.828392 0.508318 0.363659 -0.000466 0.001053 0.252390 0.972431 1.190415 0.860573 0.789766 0.670595 0.433917 0.291954 0.244763 0.171445 -0.008012 0.000000 0.021604 0.218865 -0.006180 -0.086753 -0.059729 -0.342101 -0.015139 0.000000 -0.002657 -0.004801 -0.005905 -0.000401 0.000555 -0.061234 -0.143073 -0.022033 -0.015161 -0.008611 -0.000005 0.000589 0.000615
-0.012967 -0.023252 -0.010464 -0.000032 0.015093 0.025799 0.027492 0.037756 0.017679 -0.072016 -0.065102 -0.001565 0.000735 0.001402 0.002750 0.005047 0.583277 0.712016 0.769355 0.756499 1.536082 1.174327 0.914432 1.146711 0.772169 0.591074 0.567408 0.440459 0.698016 0.929318 0.561754 0.454431 0.251579 0.040027 -0.064527 -0.421840 -0.222157 -0.378180 -0.689771 -0.556685 -0.391739 -0.427823 -0.299573 -0.064268 -0.000164 -0.000061 -0.003255 -0.005001 -0.004303 -0.000013 -0.036210 -0.046949 -0.110367 -0.034803 -0.017098 -0.000329 0.000313 0.000268 -0.000310
-0.055219 -0.029703 -0.011699 -0.000760 0.000113 0.010829 0.027058 0.026172 0.027230 0.073285 0.029485 -0.001010 0.000784 0.011789 0.065283 0.443073 0.638040 0.671545 0.750036 0.725189 0.659417 0.415762 0.367546 0.411933 0.545056 0.684494 0.781204 0.434153 0.702106 0.325944 0.134880 0.236237 0.533840 0.207323 -0.065230 -0.763174 -0.612660 -0.390691 -0.770399 -0.830000 -0.873397 -0.908709 -0.791417 -0.338477 -0.037285 -0.116340 -0.244678 -0.002357 -0.001207 -0.091387 -0.004306 -0.685512 -0.048343 -0.015844 -0.008779 -0.000008 -0.000391 -0.003553 -0.010140
-0.549779 -0.169037 -0.064417 -0.014622 0.000000 0.008860 0.015699 0.026055 0.038957 0.091147 0.041211 -0.000447 0.000589 0.156083 0.370467 0.082483 0.179512 0.217380 -0.024268 -0.000195 0.000496 0.019929 0.125419 -0.024602 0.006820 0.032467 0.335486 0.270939 0.000268 0.007435 0.143265 0.055040 0.035327 -0.248346 -0.456349 -0.668704 -0.804797 -0.164620 -0.000367 -0.212800 -0.725562 -0.748096 -0.822718 -0.526377 -0.201915 -0.235821 -0.265411 -0.318219 -0.000043 0.040432 -0.099616 -0.297885 -0.485192 -0.123491 -0.035605 -0.001317 -0.002941 -0.023521 -0.023017
-0.359303 -0.071865 -0.052537 -0.017431 0.000000 0.012314 0.017644 0.019475 0.042789 0.115156 0.058651 -0.000018 0.009736 0.263691 1.187525 0.726277 0.459157 0.290567 -0.059856 -0.000013 0.003810 0.002785 0.391382 0.435300 0.516872 0.536102 0.398786 -0.171384 -0.000003 0.007167 0.020801 -0.143855 -0.737232 -0.795787 -0.533913 -0.432520 -0.016465 -0.005874 0.000005 0.006757 0.731129 0.262082 0.038528 -0.220646 -0.146281 -0.213822 -0.406550 -0.440446 -0.546397 -0.539459 -0.768906 -0.480535 -0.041558 -0.038380 -0.032249 -0.000033 -0.053332 -0.017783 -0.001715
-0.000671 -0.010755 -0.026406 -0.018279 0.000000 0.006934 0.031533 0.108429 0.030708 0.190625 0.209791 0.195839 0.460113 0.348703 0.214691 0.710986 0.254245 0.148541 -0.062147 -0.000401 0.000555 0.008488 0.019075 0.125369 0.068400 0.069590 0.128201 0.104664 -0.000208 0.000326 0.123877 0.406528 0.312619 0.026946 -0.359702 -0.015990 -0.006039 -0.000222 0.000222 0.003946 0.021835 0.429491 0.320046 -0.234565 -0.090985 -0.050000 -0.337274 -0.007709 -0.000145 0.000088 -0.031182 -0.008763 -0.000200 0.000033 0.000894 0.005596 0.019988 -0.026850 -0.007435
-0.000005 0.000263 0.001179 0.000799 0.004903 0.018277 0.020356 0.175102 0.359924 0.319060 0.288833 0.236979 0.113598 0.196395 0.155167 0.153366 0.045962 -0.114765 -0.007524 -0.000330 0.000396 0.022155 0.309451 0.203450 0.220626 0.165981 0.154291 0.023464 0.000338 0.000513 0.042413 -0.189101 -0.008883 0.000000 -0.040599 -0.005247 -0.001437 -0.000276 0.000424 0.010032 0.830233 0.781317 0.462597 -0.145817 -0.442079 -0.478991 -0.022549 -0.013795 -0.000299 -0.000187 -0.000117 -0.000918 -0.000222 0.000222 0.008674 0.034546 0.079587 0.294574 0.204165
-0.000222 0.000222 0.007375 0.016155 0.019529 0.024784 0.077304 0.163310 0.053036 0.022061 0.681662 0.158147 0.083838 0.124080 0.062118 0.357620 0.077246 0.000000 0.001313 0.000307 0.010130 0.611832 0.129053 0.046799 -0.098910 -0.172081 -0.262202 -0.136274 -0.188464 -0.279702 -0.759378 -0.615007 -0.007485 -0.013860 -0.027362 -0.054075 -0.018169 -0.000016 0.017482 0.073350 0.611592 0.329020 0.209540 -0.089766 -0.703454 -0.821745 -0.026316 -0.007739 -0.000339 0.000240 0.000379 0.001084 0.000181 0.000246 0.001020 0.027854 1.947062 1.815113 1.701360
-0.000070 0.000070 0.008819 0.024677 0.069849 0.119005 0.063141 0.077696 -0.000000 0.029962 0.089332 0.063733 0.349586 0.642066 0.278384 0.206803 -0.012662 -0.000000 0.059145 0.534246 -0.015662 -0.223551 -0.261071 -0.372952 -0.548084 -0.702785 -1.178573 -1.311421 -1.552134 -1.670138 -1.992147 -2.803856 -2.288225 -0.844990 -0.543286 -0.350596 -0.013709 -0.000001 0.016908 0.931653 1.624399 1.342586 0.765940 0.219591 0.152512 -0.342075 -0.021576 -0.012093 -0.000001 0.020208 0.044086 0.060505 0.009445 0.001247 0.000031 0.010619 1.152635 0.514485 0.528021
