use_cases/Flooding_chicago/flooding_data/output/hUx_2580.asc
ncols 337
nrows 393
xllcorner 428428.000000
yllcorner 4602440.000000
cellsize 26.757400
NODATA_value -9999.000000
[rows 130 to 155 of 393, columns 177 to 235 of 337]
0.010992 0.014472 0.467469 0.173998 -0.003606 -0.029141 -0.014411 -0.000449 0.000128 0.000258 0.010138 0.029221 0.017451 0.001735 0.000717 0.105750 0.069193 0.153231 0.181637 0.068166 -0.090941 -0.174266 -0.264870 -0.115087 -0.036866 -0.001385 0.000125 -0.633931 -0.555746 -0.736634 -0.079233 -0.000217 -0.000229 0.001219 0.001997 0.002703 0.001207 -0.159067 -0.031559 -0.083574 -0.067194 -0.081420 -0.165543 -0.147404 -0.029179 -0.090489 -0.020247 0.000000 0.008062 0.026226 0.031511 0.023440 0.049538 -1.678992 -0.450388 -0.191085 -0.008329 -0.001200 -0.001298
0.025330 0.022984 0.036845 -0.031760 -0.026703 -0.008944 -0.000506 -0.000566 0.000045 0.000951 0.000537 0.008585 0.020365 0.018436 0.004201 -0.190471 -0.188497 -0.082241 -0.168370 -0.247264 -0.426279 -0.486379 -0.606143 -0.129393 -0.091352 -0.113266 0.000008 -0.353315 -0.472064 -0.028438 -0.007787 -0.000341 0.000166 0.001164 0.008918 0.016403 0.029335 -0.008980 -0.043594 -0.016939 -0.003339 -0.000008 0.000141 -0.000870 -0.000683 -0.003238 -0.007062 0.000000 0.015207 0.031937 0.054173 0.105208 0.026436 -0.053160 -0.082507 -0.077319 -0.001814 -0.001301 -0.001248
0.021110 0.025705 0.004166 -0.017675 -0.016962 -0.013639 -0.007145 0.000000 0.001246 0.000653 0.000387 0.000712 0.008113 0.009951 0.014141 1.934850 1.308165 0.992444 0.632683 0.198631 -0.306111 -0.650792 -1.032498 -1.528167 -0.271133 -0.313200 -0.508781 -0.469584 -0.056572 -0.029395 -0.011918 -0.000270 0.000473 0.006739 0.021590 0.053882 -0.053138 -0.443541 -0.028334 -0.022930 -0.007424 -0.000307 0.000088 0.000323 0.001092 0.000971 -0.000661 0.000000 0.005878 0.025511 0.031067 0.151800 0.000000 0.009156 -0.059595 -0.127194 -0.079637 0.018855 0.006166
0.024834 0.003419 -0.010894 -0.001932 -0.011195 -0.013442 -0.007145 0.000000 0.006542 0.022332 -0.000306 0.000410 0.010497 0.025700 1.815044 1.580350 1.334060 1.160229 1.137865 0.718152 0.254719 -0.292946 -0.570026 -1.013550 -0.313863 -0.098486 -0.012175 -0.026456 -0.044933 -0.008161 -0.000965 0.000000 0.000965 0.016159 0.025931 0.067262 -0.058209 -0.407609 -0.032934 -0.012404 -0.000758 -0.000320 0.000684 0.000648 0.004220 0.013959 0.001584 0.000000 0.005878 0.016460 0.046678 0.068958 0.019475 0.010711 -0.038066 -0.090260 -0.117645 0.006832 0.384599
0.031233 0.003588 -0.009493 -0.000055 -0.040073 -0.010533 -0.000344 0.000100 0.000374 0.001588 0.000519 0.000196 0.000683 0.012846 -0.055843 -0.359867 -0.443523 -0.245688 -0.131586 -0.162365 -0.330513 -0.530521 -0.838812 -1.154156 -0.256358 -0.038647 -0.011223 -0.040919 -0.017408 -0.011876 -0.000473 0.000270 0.019004 0.023798 -0.266143 -0.322650 -0.551184 -0.025965 -0.019512 -0.013507 -0.000703 -0.000053 0.000669 0.010610 0.019726 0.047673 -0.000141 0.000207 0.009778 0.030758 0.040007 0.073052 0.404952 0.246966 0.044442 -0.013382 0.110098 0.341378 0.560162
-0.026717 -0.108856 -0.009003 -0.000960 -0.003179 -0.000368 0.000012 0.000149 0.000193 0.000489 0.001297 0.000555 0.000365 0.026921 -0.431062 -0.673794 -0.831346 -0.900690 -1.096302 -1.169329 -1.457618 -1.615167 -2.027457 -2.262742 -2.389935 -0.056393 -0.046303 -0.036707 -0.008838 -0.000859 0.000079 0.000600 0.002127 0.013076 -0.071027 -0.213990 -0.032003 -0.025328 -0.023705 -0.010923 -0.000232 0.000169 0.001376 0.000685 0.001524 0.002915 0.001467 0.000718 0.000496 0.012479 0.026534 0.827671 0.590731 0.508244 0.390512 0.316709 0.338549 0.314665 0.501605
0.717913 0.444913 0.427814 -0.179510 -0.014781 -0.000010 0.004852 -0.587819 -0.058081 0.000019 0.064296 -0.157040 -0.596355 -0.687180 -0.871705 -0.971969 -0.976956 -0.892011 -0.886100 -0.748166 -0.859550 -1.084225 -1.197194 -1.358545 -1.701971 -1.807714 -0.036409 -0.002589 -0.000465 0.000266 0.000485 0.000204 0.000368 -0.306484 -0.417099 -0.046854 -0.031082 -0.017993 -0.002222 -0.001673 -0.000077 0.000072 0.008463 0.025269 0.018515 0.001905 0.000995 0.000480 0.000380 0.033354 0.077010 0.267487 0.104919 0.168410 0.131747 0.051621 -0.014363 -0.020425 0.017633
1.085792 1.467857 1.177574 1.366713 0.782710 0.494430 0.822087 1.524284 0.889074 0.097360 0.052428 0.552188 0.228807 0.177464 0.115853 0.006255 -0.091835 -0.141468 -0.136166 -0.024385 -0.033396 -0.051288 -0.169466 -0.207137 -0.365616 -1.068980 -0.015104 -0.000310 0.000085 0.000395 0.000127 0.000210 -0.100936 -0.165728 -0.008545 -0.005681 -0.001909 -0.005544 -0.007379 -0.002902 -0.000096 0.000094 0.013121 0.020074 0.002497 0.000990 0.001219 0.000818 0.012404 0.032912 0.056950 0.303732 0.180178 0.287344 0.583599 0.619596 0.864061 0.903529 1.167531
1.652506 2.421141 2.547990 2.798060 3.005068 3.376870 4.038361 5.417405 5.636459 4.445006 3.424764 3.630675 3.312767 3.128381 2.478258 2.158946 2.209388 2.048145 1.823387 1.971551 1.573482 1.394610 1.206018 1.099214 0.739086 0.099476 -0.000171 0.000652 0.017384 0.248914 -0.016628 -0.366607 -0.407025 -0.407945 -0.026542 -0.030399 -0.033317 -0.023645 -0.004782 -0.004732 -0.000103 0.000103 0.008253 0.021101 0.002147 0.001695 0.019562 0.023794 0.002183 0.024204 0.613512 0.565380 0.789178 0.980521 1.256838 2.039773 2.486717 2.721262 3.323972
1.926687 1.954054 3.039264 3.587671 3.490010 4.524848 4.607172 4.129694 4.324180 6.375208 6.485885 6.425380 6.088920 5.613742 5.173345 4.684282 4.262472 3.691380 3.115158 2.949420 2.662481 2.472410 2.043860 1.668789 0.966103 0.593025 0.006166 0.001258 0.068784 0.077734 0.241049 0.574462 0.608680 0.624467 0.394704 -0.040876 -0.013363 -0.011120 -0.002959 -0.003439 -0.000003 0.008373 0.028519 0.052717 0.053876 0.000113 0.018583 -0.014181 -0.096839 -0.103539 0.246943 0.694469 1.179203 1.455863 1.891192 3.022234 3.776837 4.159813 4.982131
1.673980 2.909729 2.668251 3.011785 2.614953 3.019447 2.391176 1.209273 1.107152 2.977357 3.147318 2.846005 2.834013 2.721012 2.897129 2.705348 2.817001 2.469892 2.236890 2.250304 2.624944 2.509180 2.279768 2.229493 2.162631 1.992024 1.154776 1.025976 1.015217 0.548243 0.475675 1.665559 1.355480 1.388951 1.253708 0.608528 0.291715 -0.038148 -0.011007 -0.000141 0.006730 0.014458 0.003196 0.851951 0.834486 -0.053269 -0.128417 0.398389 0.953813 1.332044 2.013211 2.180721 2.779536 2.980631 3.939675 4.358457 5.628990 5.798306 5.881635
2.624675 2.519257 2.525077 1.898047 1.855075 1.939171 1.120683 0.047839 0.036285 0.459285 0.207454 0.196746 0.197501 0.412646 0.746759 0.978329 1.101252 1.378745 1.486450 1.630348 2.402263 2.519965 2.616135 2.882862 2.885200 2.969733 2.504276 2.090162 2.312015 1.822397 1.959095 1.947992 2.609430 1.717172 1.758062 2.685777 3.483947 2.965697 1.842694 0.010273 -1.227656 -1.548853 -0.710234 -0.742772 -0.535759 -0.165870 0.480219 1.808918 2.253438 2.488728 2.984293 2.977194 3.393063 3.451161 4.094334 4.479780 4.539373 4.407691 5.204333
2.184865 1.525569 0.921282 0.256056 -0.014384 -0.000111 0.000125 0.010157 0.126994 0.014323 -0.007974 -0.000000 0.009894 0.047398 0.207190 0.185088 0.511218 0.719311 0.915902 1.363435 1.455097 2.011286 2.405395 2.693317 2.792382 2.694771 2.986539 2.160277 2.148926 1.634209 1.118635 0.499382 0.393066 0.000149 0.788552 1.070156 1.652971 2.060357 2.499490 1.655564 1.385721 1.333684 1.234691 1.140017 1.326548 1.632163 1.664884 2.565826 3.059725 3.257096 3.143076 3.019700 2.778976 2.797533 2.578720 2.296997 2.004022 1.610623 1.630748
1.909898 1.360886 -0.255411 -0.024263 -0.013405 -0.000429 0.000375 0.011506 0.389603 0.087130 -0.003994 -0.000007 0.007842 0.019517 0.070980 0.033630 0.800634 0.864458 1.223500 1.798161 1.619587 2.127482 2.797826 2.902710 2.853073 2.619375 2.773761 2.395530 1.966230 1.452698 0.868335 0.294901 -0.018381 0.000000 0.478872 0.271725 0.331838 0.662736 1.247282 1.540038 1.981536 1.939904 1.883244 1.530506 1.526953 2.094913 2.295012 3.295899 3.522705 3.504855 3.213803 2.989652 2.709436 2.705435 2.574820 2.256490 2.136478 1.899877 1.844755
2.140864 -0.000299 -0.254195 -0.031463 -0.009521 -0.001186 0.000715 0.017707 0.257443 -0.318927 -0.012952 -0.000352 0.000352 0.007107 0.048664 0.024067 0.442391 0.559155 1.207512 1.533512 1.668236 2.184573 2.604983 2.923269 2.462269 2.525295 3.069189 2.610520 2.161751 1.492216 1.266703 0.262582 -0.017845 0.000000 -0.015067 -0.033069 0.062992 0.333002 0.794219 1.343880 1.912946 2.251382 1.980733 1.696501 2.043875 2.554808 2.882437 3.142536 3.015808 3.227920 2.758221 2.298746 1.954248 1.797790 1.521816 1.400598 1.001697 0.449212 -0.137014
0.730752 -0.004374 -0.019356 -0.023670 -0.024336 -0.011832 0.000000 0.014316 0.101475 -0.051468 -0.019411 -0.007805 0.000007 0.009382 0.015965 0.064397 0.029932 0.537116 1.030471 1.369990 1.871133 2.153129 2.850878 2.902193 2.710464 3.333547 3.202513 3.331340 2.789931 2.691436 2.168728 1.625683 0.672991 0.896978 0.889463 0.854291 1.068764 1.109840 1.696123 2.734938 3.124978 3.204505 2.803102 3.120173 2.959718 3.511712 3.841518 3.678634 2.868171 2.531414 2.714562 2.815093 2.708205 2.383352 2.255880 1.887567 1.135407 0.373535 -0.263924
0.015994 0.003186 -0.002212 -0.012697 -0.015995 -0.008201 0.000000 0.030656 -0.031653 -0.449470 -0.708922 -0.004729 -0.000144 0.000656 0.006185 0.008981 0.073879 0.395827 0.668145 0.890222 1.170708 1.807709 1.968361 2.400831 2.823587 4.240050 4.465611 4.362016 4.589046 3.881704 4.109894 3.201259 2.996004 2.734806 4.085719 3.617076 3.836979 3.389471 3.702514 3.993356 3.514572 3.555098 3.385875 3.804192 3.656526 3.870193 3.948762 3.265693 2.623515 3.045297 2.890682 3.141239 2.899906 2.449899 1.970071 1.573047 0.894824 0.146142 -0.508799
-0.000222 0.000222 -0.029969 -0.113371 -0.009575 -0.000399 0.000109 -0.039678 -0.029214 -0.096910 -0.448020 -0.040925 -0.012426 0.000026 0.011060 0.085778 0.387723 0.499170 0.512513 0.558628 0.520781 1.224766 1.625348 2.905799 3.027996 3.344489 4.872868 5.196635 5.150679 5.530619 4.774056 4.858310 4.863131 4.753959 4.480029 5.199792 5.129384 4.830867 4.248346 4.264258 4.227910 4.142761 4.680950 4.503898 4.376350 4.624119 4.097832 3.376205 2.750560 3.234129 3.042536 3.263869 2.721009 2.360608 1.839643 1.474834 0.859204 0.396841 0.119598
0.171893 0.106474 0.052409 0.007531 0.047418 0.079179 0.047450 0.735970 0.571822 0.414417 0.091093 -0.017416 -0.000835 0.011049 0.047079 0.293094 0.562312 0.512031 0.394090 0.636925 0.850071 1.784147 2.558950 4.110110 4.207210 4.804274 4.096339 4.947346 4.656770 4.677186 4.707437 4.846518 5.066794 5.838595 5.250527 4.977886 4.576770 4.493758 3.778682 4.271925 3.853006 3.681548 4.032355 4.332418 3.987582 3.700506 3.426234 3.465828 2.597208 2.699184 2.085009 1.942504 1.514881 1.176052 0.958865 0.735778 0.379635 0.180338 -0.012414
1.347382 1.175129 0.924764 0.673732 0.591679 0.170168 0.137389 0.134997 -0.123649 -0.070985 -0.008442 -0.072356 0.000021 0.023233 0.504798 0.833231 0.859446 0.856169 1.405669 1.618511 1.703543 2.764931 3.569856 4.849401 4.598204 4.287649 2.591112 2.581152 4.056615 4.401872 4.877837 4.685309 4.915376 5.498689 5.147141 4.444555 3.475975 3.180689 3.109068 2.317763 2.141818 3.345687 3.067762 3.465064 3.167341 2.947643 2.730496 2.646386 2.015553 1.486913 1.245631 1.195849 0.616967 0.409106 0.298677 0.163982 -0.118705 -0.233872 -0.491240
1.054868 0.932584 0.772703 0.592835 0.524714 0.152768 0.130306 0.065302 0.019851 0.000000 0.001282 0.002055 0.203983 1.374212 1.838487 1.696543 1.753250 1.730090 3.208078 3.800448 3.400086 3.798493 4.922933 4.583659 4.124825 3.849816 2.296366 2.279885 3.630446 4.071312 3.577997 3.728483 4.061704 4.522251 4.113654 3.449512 2.720661 2.174602 1.481970 1.362955 1.908139 1.966103 2.404270 2.489281 2.373010 2.000575 1.891467 1.723736 1.471783 1.139663 0.706209 0.593367 0.975581 0.716846 0.701397 0.436104 0.194973 -0.219666 -0.042219
0.898168 0.769441 0.623756 0.477039 0.426712 0.109451 0.074969 -0.000896 -0.001123 0.000000 0.004204 0.012030 0.458452 1.815308 3.244572 2.835330 4.054879 4.761292 5.553739 6.838508 4.843410 4.448221 3.573181 2.540709 1.670877 1.722296 1.557446 1.176778 2.751577 2.131214 1.919793 2.189574 2.261235 3.240519 3.199170 2.704528 2.182272 1.763742 1.215513 1.471215 1.260527 1.645314 1.888201 1.954097 1.544577 1.477306 1.528939 1.337808 1.254170 1.207923 1.009905 0.674461 1.170914 0.854363 0.731189 0.573296 0.139052 -0.153438 -0.046330
2.758951 2.600477 2.710204 2.307473 1.652594 1.398415 1.059388 0.298026 0.168272 0.009669 0.744508 2.690602 5.045280 3.022782 5.333141 6.333095 5.274949 5.800720 5.837903 3.131070 2.006164 0.928619 1.249054 -0.811522 -1.524871 -1.297360 -0.501281 -0.227770 0.403563 -0.005311 0.133769 0.850783 0.539563 0.119651 0.356219 0.855928 0.906588 1.096770 1.011298 1.553374 1.836916 1.879489 2.452360 2.516661 2.112011 2.244820 1.900670 1.582875 1.494680 1.357517 1.348184 1.090170 1.136773 0.829013 0.852743 0.712278 0.361673 0.253911 -0.013897
2.697481 3.583051 3.761713 3.757385 4.279100 3.765812 4.121563 5.122672 5.312311 5.068849 5.736154 6.262260 8.980782 6.411528 8.666947 4.660871 3.427260 4.216468 0.449148 -0.032075 0.083278 0.746895 1.021852 0.445371 0.135865 0.026793 -0.052476 -1.116697 -1.696745 -1.353204 -0.443730 0.419631 0.000002 0.008161 0.441322 0.620641 1.020469 0.951354 1.148306 2.263151 2.343415 2.348053 2.377178 2.219006 1.912917 1.784390 1.401870 0.836722 0.691659 0.541545 0.594428 0.548774 0.511389 0.525394 0.517574 0.391940 0.216848 0.120257 -0.013708
1.676876 2.217010 2.588905 3.091837 3.505452 4.336285 5.045615 6.311893 6.813297 6.798357 7.214254 7.443504 5.345196 4.674107 2.415319 -0.000239 -0.007962 -0.016883 -0.009904 0.011203 0.350854 0.979560 0.771968 -0.014034 -0.000021 0.007178 0.008655 0.000328 -0.000038 -0.000824 -0.007638 -0.003351 0.000130 0.006912 0.052639 0.680785 0.686727 0.664978 1.283024 1.783751 1.692148 1.869074 2.103508 1.982625 1.967057 1.497250 0.283935 0.101747 -0.019151 -0.139564 -0.276093 -0.830279 -0.860735 -0.965778 -1.170377 -1.217685 -1.285110 -0.008278 -0.000994
2.773679 2.277943 2.386804 2.641660 2.685426 2.990944 2.963127 3.249050 3.027412 3.277638 2.769898 0.704129 -0.001379 -0.003660 -0.025608 -0.023718 -0.016560 -0.005143 0.000168 0.086198 0.752189 1.501476 1.116357 0.000345 -0.000600 -0.000898 -0.000444 -0.000001 0.000111 -0.009365 -0.003217 0.000002 0.006130 0.019391 0.121349 0.270302 0.785965 0.844233 0.879680 0.876076 0.403720 0.092414 -0.294413 -0.674592 -0.030293 -0.007567 -0.000368 0.000049 0.000526 0.016890 0.037626 -0.130305 -0.328305 -0.794470 -0.936913 -1.119735 -1.042814 -0.013857 -0.000023
