use_cases/Flooding_chicago/flooding_data/output/hUx_3600.asc
ncols 337
nrows 393
xllcorner 428428.000000
yllcorner 4602440.000000
cellsize 26.757400
NODATA_value -9999.000000
[rows 130 to 155 of 393, columns 177 to 235 of 337]
0.000157 0.000231 0.386356 0.127875 -0.000021 -0.001320 -0.000394 -0.000001 0.000000 0.000001 0.000315 0.000671 -0.025917 -0.163659 -0.169257 -0.344739 -0.515000 -0.509438 -0.594949 -0.825828 -0.728314 -0.948078 -1.367706 -1.660299 -0.006277 -0.000007 0.000000 -0.061976 -0.123723 -0.337942 -0.003460 -0.000000 -0.000001 0.000010 0.000015 0.000018 0.000006 -0.099307 -0.001456 -0.007751 -0.004955 -0.001956 -0.010928 -0.009876 -0.000355 -0.006019 -0.000727 0.000000 0.000112 0.000586 0.000872 0.000521 0.296891 -2.379323 -2.246324 -1.348131 -0.370130 -0.005423 -0.006327
0.000589 0.000420 0.001464 -0.001446 -0.000488 -0.000171 -0.000001 -0.000001 0.000000 0.000002 0.000001 0.000176 0.000357 0.000369 0.000029 0.085763 0.135777 0.216376 0.202135 0.224427 0.146129 -0.039068 -0.061138 -0.185349 -0.027678 -0.035968 0.000000 -0.501695 -0.313484 -0.000391 -0.000169 -0.000001 0.000000 0.000007 0.000167 0.000276 0.000994 -0.000435 -0.002804 -0.000387 -0.000063 -0.000000 -0.000000 -0.000004 -0.000003 -0.000018 -0.000124 0.000000 0.000234 0.000632 0.001506 0.805956 0.492088 -0.512617 -0.940854 -1.269282 -0.893342 -0.846844 -0.510525
0.000463 0.000808 0.000067 -0.000410 -0.000219 -0.000182 -0.000093 0.000000 0.000005 0.000003 0.000002 0.000003 0.000117 0.000112 0.000559 0.025510 0.013410 0.021886 0.030695 0.014286 -0.047840 -0.132104 -0.232777 -0.304632 -0.439840 -0.079134 -0.154426 -0.203276 -0.000943 -0.000715 -0.000270 -0.000001 0.000002 0.000091 0.000527 0.000599 0.011247 -0.242372 -0.000652 -0.000518 -0.000139 -0.000000 0.000000 0.000000 0.000002 0.000012 -0.000004 0.000000 0.000059 0.000445 0.000738 0.424197 0.000077 0.034234 -0.491174 -0.982653 -1.091297 -0.521021 0.167166
0.000594 0.000009 -0.000242 -0.000007 -0.000163 -0.000160 -0.000092 0.000000 0.000078 0.000456 -0.000001 0.000002 0.000150 0.000494 0.106037 0.190735 0.208152 0.251454 0.348555 0.368404 0.348708 0.227921 0.104671 0.130489 0.084114 -0.025420 -0.000043 -0.000131 -0.001192 -0.000128 -0.000004 -0.000000 0.000004 0.000286 0.000394 0.129827 0.016541 -0.182840 -0.000801 -0.000227 -0.000003 -0.000002 0.000004 0.000002 0.000041 0.000374 0.000005 0.000000 0.000059 0.000235 0.002387 -0.047854 0.144877 0.309060 0.151242 -0.165421 -0.176446 0.426890 1.867776
0.001509 0.000046 -0.000187 -0.000000 -0.001450 -0.000181 -0.000000 0.000000 0.000000 0.000003 0.000001 0.000000 0.000001 0.000919 -0.088193 -0.211227 -0.359907 -0.384693 -0.465563 -0.552938 -0.604843 -0.746454 -1.064160 -1.246212 -1.595799 -0.007141 -0.000074 -0.000917 -0.000271 -0.000214 -0.000002 0.000001 0.000470 0.000553 -0.005571 -0.138704 -0.290080 -0.000583 -0.000375 -0.000287 -0.000003 -0.000000 0.000003 0.000216 0.000315 0.001922 -0.000001 0.000000 0.000173 0.000657 0.001530 0.089772 0.493054 0.824471 0.514037 0.407533 0.924487 1.841248 2.736631
-0.360518 -0.068709 0.113086 0.000021 -0.000008 -0.000000 0.000000 0.000000 0.000001 0.000002 -0.004389 -0.056871 -0.174392 -0.359627 -0.399866 -0.361662 -0.429848 -0.434398 -0.444096 -0.389825 -0.438166 -0.569122 -0.789784 -0.786475 -0.574824 -0.506805 -0.001175 -0.000923 -0.000148 -0.000004 0.000000 0.000001 0.000016 0.000162 0.068070 -0.100676 -0.000384 -0.000580 -0.000545 -0.000227 -0.000000 0.000000 0.000003 0.000001 0.000000 0.000012 0.000010 0.000004 0.000001 0.000302 0.000803 0.490387 0.666255 0.840493 0.991547 1.208361 1.638817 1.836272 2.954998
-1.444333 -0.993228 -0.845821 -0.335668 -0.087846 -0.000035 -0.068638 -0.637573 0.020359 0.079296 -0.111329 -0.256086 -0.689063 -0.607122 -0.638584 -0.628249 -0.662555 -0.638145 -0.632012 -0.539141 -0.549231 -0.612893 -0.716272 -0.758841 -0.787485 -0.375226 -0.001969 -0.000019 -0.000000 0.000001 0.000001 0.000000 0.000001 -0.071527 -0.167816 -0.000839 -0.001071 -0.000586 -0.000017 -0.000003 -0.000000 0.000000 0.000221 0.000585 0.000932 0.000011 0.000008 0.000004 0.000002 0.000946 1.418681 1.485509 1.295441 1.794589 1.517884 1.377884 1.327938 1.403946 1.833756
0.453956 0.724447 0.991421 1.679057 1.975189 2.475972 3.962431 5.041011 4.168241 2.332666 1.917571 2.993269 2.550821 1.794826 1.637044 1.691979 1.484720 1.371649 1.296925 1.240931 1.100531 0.839342 0.597194 0.409411 0.298054 0.111939 -0.001079 -0.000000 0.000000 0.004925 0.010145 0.010842 -1.201047 -0.167029 -0.000106 -0.000108 -0.000020 -0.000090 -0.000151 -0.000012 -0.000000 0.000000 0.000385 0.000938 0.000011 0.000007 0.000011 0.000006 0.000484 0.000971 0.865659 0.975302 1.005694 1.360047 2.087216 2.149319 2.722880 2.804672 3.459064
3.306893 4.555699 5.048280 5.889869 6.776031 7.730051 8.824921 10.980327 11.328139 9.462026 8.017476 8.905129 8.106102 7.694141 6.510155 5.950525 6.159932 5.895739 5.229287 5.257293 4.122625 3.507726 2.895263 2.490645 1.646935 1.059866 0.296080 0.171035 0.334137 0.457727 0.389143 0.424197 0.246905 0.338142 0.305623 -0.002192 -0.001243 -0.001121 -0.000073 -0.000061 -0.000000 0.000000 0.000215 0.001254 0.000017 0.000015 0.001141 0.012796 0.002251 0.715209 1.353339 1.567200 2.063631 2.484334 2.897321 3.853536 4.784411 5.214318 6.300624
5.779326 5.793858 7.468635 8.795815 9.034178 11.398069 10.971875 9.907519 10.323162 13.593380 14.328941 14.458362 13.825204 12.858899 12.020003 11.025349 10.367875 9.282966 7.947541 7.351091 6.644469 6.275896 5.340003 4.782181 3.516844 3.055461 1.497434 1.393557 1.994581 1.782209 2.472889 2.348825 2.735523 2.686811 2.466487 1.075998 -0.044925 -0.000457 -0.000019 -0.000019 -0.000000 0.000165 0.000645 0.002667 0.019689 0.000000 -0.091554 0.276962 0.737453 1.201155 2.276153 2.626420 3.251023 3.561282 4.134128 5.705947 6.711932 7.295301 8.669445
6.023871 8.435089 7.941982 8.955061 8.005616 8.754325 7.392951 5.050833 5.006773 8.890212 10.035297 9.457432 9.466844 9.050081 9.639379 9.192742 9.440575 8.203391 7.230477 6.953795 7.564609 7.403379 6.881346 6.830648 6.396391 5.819230 3.745997 3.460338 3.466504 2.578473 2.461692 4.194742 4.135325 3.903755 3.444287 2.375481 2.181598 1.018843 -0.005785 -0.000000 0.014051 -0.411438 -0.599574 -0.755159 -0.392767 0.155135 0.636595 2.198178 2.583391 3.133354 4.123919 4.241211 4.998854 5.218222 6.552215 7.155925 8.974079 9.200512 9.507878
7.806509 7.090133 6.990860 5.811154 5.419428 4.808122 3.983093 2.651365 2.398712 3.639268 3.492664 2.841585 2.842842 3.607831 4.336527 5.097890 5.269767 5.698433 5.304975 5.306612 6.837226 6.766209 6.683270 7.062417 6.979559 7.090421 6.008672 5.019018 5.252546 4.413303 4.507049 4.488972 5.688830 4.517253 4.319872 4.804433 3.741470 3.208768 2.667652 0.811414 0.941111 1.226058 1.153684 1.974722 1.852389 2.239187 2.503152 4.632126 4.841935 5.033390 5.727856 5.620890 6.185703 6.202770 7.099787 7.623697 7.658556 7.423474 8.829334
4.976107 4.289126 4.044543 2.749756 0.610386 0.001817 0.000192 0.086517 0.369169 0.489540 0.236492 -0.000000 0.069198 0.404496 0.862346 1.484263 2.717248 2.917182 3.171891 4.114391 4.093590 4.997564 5.570624 6.011662 6.207326 6.133378 6.649024 5.017449 4.941443 4.154312 3.371170 2.384485 2.468359 1.645538 4.211995 4.554035 5.138134 4.931395 5.085332 4.264769 4.641772 4.683079 4.369476 4.263322 4.548728 4.521063 4.330396 5.742671 6.338850 6.566123 6.363652 6.187976 5.835534 5.939644 5.564355 5.115975 4.663419 3.950066 4.193503
3.048567 1.652318 1.098339 0.499490 -0.016465 -0.000002 0.000002 0.000871 0.186559 0.169283 -0.000035 -0.000000 0.000101 0.000887 0.219889 0.287748 1.000311 1.420243 1.939782 2.707779 2.561208 3.281444 4.106912 4.458648 4.819624 4.966605 5.404373 4.779005 4.124721 3.338623 2.484658 1.527344 0.952379 0.286234 2.081933 2.324583 2.863059 3.576357 4.134338 4.861709 5.111391 4.774258 4.730798 4.164909 4.100320 4.821570 5.088538 6.679245 6.769586 6.823191 6.359624 6.045000 5.649662 5.729559 5.509958 4.938412 4.731334 4.225791 3.938339
2.849982 0.799397 0.841649 0.377317 -0.001037 -0.000006 0.000006 0.000903 0.108724 0.080356 -0.000368 -0.000001 0.000001 0.000087 0.120461 0.146888 0.449084 0.856784 1.578460 1.895498 2.092211 2.661301 3.102930 3.713943 3.657530 4.055180 5.002294 4.501995 3.912722 3.023141 2.794539 1.400657 0.856210 0.240085 2.062327 1.571622 1.897776 2.639063 3.197169 4.561851 4.412871 4.866632 4.518137 4.081949 4.868493 5.502458 5.981050 6.403201 6.243510 6.687104 6.127797 5.504331 5.113911 5.163228 4.804239 4.851897 4.298580 3.360581 2.472892
1.647442 0.723357 0.628611 -0.037363 -0.000778 -0.000218 0.000000 0.000897 0.003584 -0.147674 -0.706702 -0.000084 0.000000 0.000128 0.374080 0.376199 0.372265 0.774784 1.281178 1.653244 2.169185 2.437176 3.209392 3.630857 3.824057 4.926186 5.083456 5.376944 4.779029 4.820213 4.340295 3.811759 2.527318 2.879022 2.110681 2.017167 2.668002 2.911330 4.238710 5.519300 5.523356 5.520462 5.208012 5.811996 5.622808 6.446499 6.999314 6.852709 5.704405 5.234822 5.590342 5.986269 6.095101 5.699963 5.640357 5.196729 3.992221 2.910442 1.896291
0.846619 0.614480 0.012556 -0.024899 -0.000309 -0.000134 0.000000 0.363849 0.011388 0.017866 -0.046094 -0.001362 -0.000000 0.000002 0.000064 0.444191 0.615477 0.869741 1.209509 1.457085 1.867308 2.692986 3.026517 3.587229 4.153675 5.837830 6.595332 6.644410 6.986869 6.253917 6.728971 5.872781 5.810142 5.572566 7.545072 6.906876 7.524011 6.909990 7.271220 7.588461 6.778143 6.740479 6.571693 7.208946 7.133411 7.387256 7.545175 6.478738 5.480724 6.074025 5.877532 6.340741 6.044389 5.316352 4.492018 4.038891 3.073443 1.888405 1.060416
0.075095 0.038294 0.069772 0.040432 -0.023988 -0.000000 0.000000 -0.747896 -0.519817 -0.379532 -0.286521 -0.458509 -0.000631 0.000000 0.078705 0.192145 0.473781 0.515770 0.533303 0.962048 1.199464 2.117486 2.584888 3.891874 4.236166 4.871515 6.865596 7.478678 7.584290 8.198849 7.562343 7.891840 8.075205 8.064893 7.730496 8.540568 8.788135 8.672855 7.913188 7.883123 7.761382 7.570504 8.414153 8.226831 8.176322 8.580096 7.749416 6.626567 5.661360 6.304347 5.979106 6.235038 5.211881 4.461981 3.432846 2.704717 1.568275 1.013063 0.688635
1.187357 1.064586 0.921628 1.164838 1.163432 0.865506 0.881530 2.752787 2.007879 1.419780 1.129420 0.354389 0.000628 0.073785 0.209896 0.445554 0.635562 0.778916 0.892952 1.415017 1.789866 2.891044 3.529043 4.895938 5.162109 6.039861 5.742171 7.021144 7.015175 7.275778 7.594358 7.992707 8.383214 9.469673 8.748068 8.466260 8.162355 8.365491 7.496371 8.326554 7.664979 7.324811 7.876233 8.395864 8.184723 7.556418 6.974997 6.997538 5.522361 5.649945 4.596065 4.289569 3.383644 2.642706 2.029728 1.627744 1.066936 0.822813 0.549259
2.626902 2.428997 2.153270 1.858366 1.900888 1.204107 1.229628 2.536665 1.713795 0.902608 0.919181 0.924083 0.443329 1.161896 1.247658 1.555992 1.503628 1.507842 2.297022 2.710447 2.937802 4.086423 4.603022 5.640795 5.595702 5.891984 4.604115 4.766913 6.473851 7.275395 8.349669 8.369889 8.644978 9.424133 8.989858 8.110986 6.936042 6.737292 6.814023 5.578625 5.262603 7.110259 6.693432 7.333779 7.191897 6.609508 6.039097 5.900721 4.737495 3.745458 3.277843 3.211595 2.179562 1.698883 1.289609 1.041964 0.565738 0.462243 0.093552
1.934158 1.845419 1.699547 1.518754 1.598311 1.023490 1.010562 0.844119 0.632071 0.000000 0.284798 0.371548 1.610491 1.793342 2.273831 2.280289 2.383029 2.463384 4.060052 5.010882 4.821976 5.286160 6.335464 6.005667 5.837459 6.081656 4.680399 4.759055 6.246370 7.543516 7.204115 7.517910 7.781727 8.428490 7.930851 7.007857 6.060361 5.377195 4.390038 4.189600 5.034309 5.074892 5.713852 5.913775 6.037482 5.036432 4.666885 4.285062 3.765425 3.083737 2.198026 1.821042 2.163039 1.652935 1.481824 1.022263 0.657891 0.563754 0.300419
1.133810 1.119094 1.041681 0.929336 0.984796 0.533001 0.423249 0.009256 0.003497 0.000000 0.042701 0.789200 2.266445 3.336777 4.211672 4.010751 5.224713 5.775649 6.705342 8.247955 6.402304 6.120718 5.682744 5.728343 5.215580 5.179875 4.896770 3.940435 5.882445 5.722165 5.616786 6.056679 5.661372 7.011518 7.184784 6.461530 5.685455 5.070757 4.175162 4.651338 3.969095 4.527094 4.935731 5.094833 4.792117 4.130321 3.900168 3.410570 3.246382 3.146842 2.611246 1.821726 2.191459 1.565663 1.144508 0.837819 0.186057 0.187862 -0.064006
3.117814 3.091289 3.384459 3.161125 2.588079 2.432518 2.342146 1.488884 1.501822 0.913845 2.853261 4.572931 6.880833 5.045832 6.836234 7.508225 6.779406 7.596696 8.094177 5.856076 4.630769 2.648119 2.917167 1.714081 1.084710 1.456804 1.688035 2.355960 2.076919 2.046764 2.141221 2.705505 2.493614 3.955668 4.257893 5.162762 4.557036 4.876868 4.309809 5.359775 5.223187 4.719801 5.146662 5.186403 4.709883 4.907256 4.203569 3.702949 3.610718 3.421808 3.360821 2.610984 2.439687 1.817594 1.618977 1.267758 0.592542 0.514236 -0.000202
3.649714 4.662141 4.953209 4.949821 5.515989 4.993795 5.485461 6.727071 6.887022 6.530987 7.154873 7.721669 10.081691 7.605888 9.447014 6.403994 5.469632 6.933002 2.815169 1.519995 0.047161 0.543969 0.984026 0.073333 -0.580134 -0.852226 -0.977464 -0.658905 -0.536821 -1.286591 -1.470150 -0.615934 0.012367 -0.101873 0.022578 0.758241 1.674395 1.860542 2.201917 3.625174 3.291752 3.079513 2.974693 2.858828 2.549245 2.409157 2.267077 1.922761 1.928040 1.893757 2.221239 1.963075 1.680736 1.619389 1.356095 1.222554 0.824753 0.671079 -0.000221
4.281913 4.975783 5.240547 5.630129 5.592289 6.261218 6.974755 8.360037 8.656197 8.302169 8.655441 8.758748 6.355365 4.821016 3.542472 0.375127 0.066023 -0.001065 -0.000912 0.000157 0.235483 0.712164 0.596594 -0.011610 -0.000000 0.000238 0.000570 0.000004 -0.032106 -0.094640 -0.273274 -0.049266 0.000000 0.000106 0.223500 0.612290 1.215135 1.324330 2.062138 2.809110 2.143201 2.097336 2.113541 1.666527 1.376082 1.241092 1.015368 1.078137 1.111826 1.104362 1.093873 1.525851 1.144028 0.909227 0.872873 0.936721 1.015999 0.401114 -0.000005
2.640249 2.051179 2.225312 2.547433 2.755966 3.118072 3.277048 3.669122 3.342687 3.502770 3.192074 1.732248 -0.000008 -0.000022 -0.001155 -0.000424 -0.000283 -0.000071 0.000000 0.006367 0.517383 1.164900 0.854869 -0.002766 -0.000002 -0.000002 -0.000001 0.000000 0.000000 -0.000285 -0.000043 0.000000 0.000080 0.000296 0.164363 0.000060 -0.257475 0.098642 0.409981 0.482413 0.248502 0.186980 0.149895 0.095583 0.042905 -0.000831 -0.000001 0.000001 0.000002 0.000887 0.054523 -0.150202 -0.319165 -0.770682 -1.117620 -1.397597 -1.789913 -0.000147 -0.000000
