use_cases/Flooding_chicago/flooding_data/output/hUx_2820.asc
ncols 337
nrows 393
xllcorner 428428.000000
yllcorner 4602440.000000
cellsize 26.757400
NODATA_value -9999.000000
[rows 78 to 103 of 393, columns 177 to 235 of 337]
-0.322098 -0.109265 -0.005888 0.000000 0.007201 0.041512 -0.025657 -0.010792 -0.000734 0.000333 0.014960 0.032363 0.034790 0.066224 0.095392 0.032648 0.012234 0.383969 1.569280 0.449478 1.470229 1.443348 1.147274 1.210286 0.841974 1.339912 1.274046 1.357012 1.461816 2.475924 1.981063 2.404676 3.443564 2.739202 2.084955 1.584254 0.700987 0.002410 0.005162 0.484663 1.156963 0.615184 0.001570 -0.000778 -0.000103 0.000058 0.000653 -0.000639 0.413898 0.732029 0.469448 0.420103 0.453604 0.135945 0.052514 -0.001894 -0.001507 -0.001130 -0.000329
-0.152314 -0.173500 -0.212161 -0.000399 -0.001493 -0.001230 -0.000834 -0.001234 -0.002086 -0.000203 0.000299 0.002599 0.028847 0.061745 0.120991 0.501848 -0.012087 0.147922 0.517118 0.277490 0.329202 0.181637 0.722200 0.395209 0.463126 0.461940 0.562621 1.074558 1.334211 1.521185 2.044399 1.781135 2.024408 2.139807 2.138093 2.352947 2.934345 4.681855 5.435815 4.823209 5.858902 5.453468 5.452339 5.067894 5.828077 4.154316 3.891330 3.602001 3.297816 3.388057 2.626103 2.478481 2.932325 2.651932 2.826288 2.164790 2.225136 1.541592 1.078355
-0.085352 -0.245597 -0.317049 -0.308210 -0.286599 -0.016936 -0.025315 -0.006957 0.000001 0.000479 0.002399 0.027577 0.037720 0.035052 0.045777 0.068532 0.654787 0.667333 -0.000163 0.000909 0.003394 -0.001096 -0.001879 -0.000006 0.000794 0.000288 -0.003239 -0.040536 0.301696 0.575827 1.075834 1.490125 1.393469 1.571313 0.869796 2.075013 0.871084 2.442852 2.242187 2.141066 2.435529 2.174627 2.403457 3.551939 3.839306 3.691848 4.284097 3.985614 4.058745 3.768768 3.102612 3.445247 3.098398 3.472750 3.219823 3.086171 2.634923 2.013973 2.208672
-0.000305 -0.001636 -0.181320 -0.459240 -0.454848 -0.607047 -0.013212 -0.000722 0.000086 0.008964 0.025924 0.006224 0.011653 0.024588 0.039344 0.056552 0.006273 -0.002754 0.000141 0.016330 0.033840 0.000649 -0.004207 -0.000118 0.000310 0.000347 0.011629 0.176176 1.153371 2.144584 2.271129 1.813352 2.114481 1.832371 0.988247 0.960279 0.916486 1.819004 1.570709 1.507175 1.466945 1.231669 1.412927 1.469533 1.426859 1.932807 2.644937 2.445558 2.561046 2.447285 1.973058 2.287724 2.152778 1.902361 1.999738 1.749436 1.483416 1.033322 0.956500
0.001037 0.002542 0.034540 0.003244 -0.384383 -0.748721 -0.031631 -0.009552 0.000000 0.004204 0.011410 0.023569 0.023055 0.022105 0.031706 0.002892 -0.004822 0.000000 0.006475 0.014597 0.019518 0.012860 -0.023557 -0.007264 -0.000369 0.000833 0.020733 0.348709 1.153679 2.027027 3.323023 2.438710 2.557321 1.922696 0.973575 0.935142 0.898442 1.013910 1.356650 0.244336 -0.183031 0.011832 0.287047 0.441207 0.474047 0.704198 1.218181 1.392836 1.538479 1.551483 1.263521 1.201246 1.427536 1.353416 1.217620 1.096734 0.711390 0.537485 0.576787
0.002386 0.028960 0.109178 0.614532 0.488462 -0.508511 -0.027106 -0.000188 0.000265 0.000897 0.001376 0.008808 0.015795 0.003671 -0.000974 -0.017147 -0.006811 0.000000 0.008816 0.014078 0.001297 0.007157 0.013486 0.001251 0.000000 0.009337 0.013836 0.445247 1.703223 1.904099 1.935800 2.315925 1.727927 0.928773 0.855589 0.780684 0.737265 0.491692 0.162219 0.027590 -0.056749 -0.150245 -0.140057 -0.150720 -0.124123 -0.315973 -0.367545 -0.453070 -0.232403 0.153163 0.289758 0.321516 0.239871 0.172837 0.262448 0.411240 0.581519 0.665739 0.722999
0.024925 0.054068 0.072236 0.055191 -0.209474 -0.011061 -0.000297 0.002445 0.031140 0.089524 0.023344 0.029350 0.053385 0.006899 -0.033678 -0.016678 -0.010628 0.000000 0.003006 0.002575 0.001500 0.007906 0.009194 0.009729 0.065154 0.039914 1.001425 2.680025 2.518545 1.946266 1.403042 2.662139 0.756309 0.674016 0.519324 0.771189 0.231435 -0.006606 -0.000002 0.006387 0.015795 0.181933 0.155077 0.057245 -0.000011 -0.074988 -1.467113 -1.754872 -1.285983 -1.247908 -0.405419 -0.060802 -0.000085 0.084913 0.147455 0.468667 0.506301 0.537186 0.802089
0.030345 0.042589 0.057079 0.006542 0.000935 -0.000123 0.001068 0.029961 0.086467 0.117075 0.230161 0.107072 0.037484 -0.105890 -0.025859 -0.009212 -0.001271 -0.000559 -0.000421 0.002171 0.001730 0.008043 0.019147 1.141038 1.325452 2.171758 2.511018 2.857404 2.079891 0.904008 0.436653 0.447358 1.488197 1.065902 1.248224 1.016666 0.208704 -0.009534 -0.000109 0.000384 0.005618 0.341641 0.150130 -0.000592 -0.000301 -0.000000 0.004884 0.009476 0.001260 0.000863 0.023734 -0.000366 0.001135 0.002190 0.091645 0.133442 0.147142 0.096296 0.165385
0.028671 0.050011 0.001358 -0.025281 -0.006421 0.000000 0.015894 0.053844 0.010983 0.013075 0.025251 0.161680 0.066761 0.017191 0.015105 0.002783 -0.000561 -0.000668 -0.000385 0.000589 0.020918 0.043884 0.762637 0.293729 0.734307 1.106499 1.889773 2.145825 1.906152 0.922912 1.463235 1.226740 1.870391 -0.001282 -0.002241 -0.029115 -0.016594 0.002435 0.001358 0.007334 0.252510 0.187320 -0.014393 -0.008603 -0.000434 -0.000012 0.000494 0.008760 0.021804 0.029456 0.044918 0.000009 0.001953 0.097301 -0.066280 0.010581 0.161935 0.214373 0.065002
0.002279 0.001361 -0.098615 -0.012790 -0.004500 0.000000 0.002037 -0.000267 -0.000306 0.000424 0.013721 0.139480 0.052509 0.104744 0.043593 0.009814 0.001826 -0.000548 -0.000332 0.000065 0.001854 0.011670 0.052460 0.216759 0.606957 1.016124 1.259996 1.265231 1.206006 0.525019 0.002591 0.000630 -0.009187 -0.013471 -0.005592 -0.000023 0.002268 0.035960 0.077092 0.152439 0.102826 -0.000285 -0.023148 -0.019114 -0.005878 0.000000 0.007151 0.013665 0.018704 0.023186 0.023959 0.003488 0.024201 0.299536 0.188955 0.196075 0.559052 0.499942 0.304422
-0.011634 -0.000669 -0.001246 -0.002888 -0.002554 -0.002316 -0.008566 -0.007624 -0.000362 0.000654 0.006467 0.082451 0.229663 0.135659 0.102508 0.038715 0.003185 -0.056842 -0.007610 -0.000099 0.000231 0.016406 0.101562 0.880633 1.101175 1.445353 1.999711 2.005994 1.438523 0.560369 -0.003532 -0.000986 -0.000470 -0.000046 0.000094 0.004285 0.014389 0.005700 0.046405 0.082027 0.024484 -0.166757 -0.493906 -0.013958 -0.005878 0.000000 0.007151 0.013652 0.027710 0.039663 0.022142 0.004050 0.009338 0.021590 0.347837 0.372810 0.546639 0.666758 0.672960
-0.006194 -0.000534 -0.001008 -0.002433 -0.015519 -0.026686 -0.020082 -0.000654 0.000362 0.016030 0.038227 0.031676 0.028053 0.150266 0.292532 0.241247 0.288958 0.966329 1.116712 0.678554 0.271457 0.338466 0.595328 1.858520 1.681012 1.788588 1.719085 1.010983 0.118032 -1.315827 -0.045506 -0.023328 -0.005647 -0.000010 0.004233 0.013209 0.019023 0.027399 0.007437 0.014822 0.079474 0.020332 -0.385174 -0.025804 -0.008921 0.000000 0.009405 0.030148 0.008762 0.025536 0.030317 0.020676 0.004753 0.031821 0.369147 0.421094 0.553353 0.510137 0.818971
0.003118 -0.000590 -0.002157 -0.021216 -0.041374 -0.021517 -0.009790 -0.000424 0.000306 0.008917 0.019962 0.030885 0.027707 0.911279 0.940421 0.905105 0.750178 1.068194 1.173352 1.504353 1.276219 1.352485 1.762345 1.509307 1.790971 1.046110 1.076575 0.885170 0.346517 -0.101334 -0.038620 -0.037884 -0.015597 -0.000507 0.000062 0.005254 0.014477 0.019683 0.035279 0.043635 0.098192 0.096512 0.153450 -0.037320 -0.004456 0.000000 0.000399 0.002705 0.002045 0.012689 0.027668 0.042593 0.014902 0.057579 0.318582 0.288047 0.499595 0.458557 0.588532
0.104106 -0.763023 -0.958234 -0.659463 -0.058782 -0.026781 -0.007492 -0.000095 0.000089 0.007270 0.022306 0.029428 0.181576 0.251827 0.335268 0.397937 0.514570 0.550883 0.689232 1.000092 1.023697 1.117029 1.135318 1.701541 1.538630 0.929262 1.029241 0.431234 -0.083585 -0.020350 -0.020064 -0.019808 -0.012821 -0.005709 -0.000222 0.000222 0.005483 0.031139 0.048888 0.039858 0.118981 0.039523 0.056117 0.113223 -0.036819 -0.000240 0.000087 0.001399 0.000974 0.001346 0.001432 0.006268 0.004482 0.058609 0.218224 0.088948 0.233633 0.273428 0.376848
-0.432872 -0.454914 -0.335160 -0.452841 -0.105973 -0.031562 -0.007187 -0.000002 0.004954 0.018698 0.025792 0.047787 1.068491 0.606950 0.532936 0.634238 0.720890 0.776698 1.025370 1.079663 1.225518 1.266454 1.327421 1.233944 1.025112 0.970025 0.607399 -0.094567 -0.007117 -0.031884 -0.014726 -0.012501 -0.016025 -0.009379 -0.000103 0.000104 0.028795 0.032602 0.058527 0.244215 0.120439 0.000895 0.000825 0.178800 0.009320 0.002023 0.013455 0.013899 0.001184 0.128216 0.055554 0.032131 0.049711 0.040728 0.172778 0.120524 0.328411 0.386350 0.534171
-0.696760 -0.307296 0.009109 0.094440 0.000000 -0.001297 0.000042 0.125638 0.083818 0.915091 1.098466 1.160823 2.145283 2.344249 2.015557 1.961389 1.752014 1.736310 1.432726 1.589220 1.389885 1.230054 1.149960 1.224909 1.070021 0.712106 0.188492 -0.101602 -0.007633 -0.031289 -0.034942 -0.034082 -0.027210 -0.008563 -0.000082 0.000082 0.005210 0.027527 0.030903 0.024772 0.042626 0.021613 0.004597 0.024184 0.040564 0.004666 0.019042 0.726033 0.745964 0.369780 0.611506 0.463695 0.095036 0.059827 0.088577 0.129567 0.698186 0.788144 0.754471
0.560975 0.763063 0.799270 0.239880 0.000696 0.288382 1.513983 1.936206 2.335859 2.308721 2.153152 1.695603 3.452393 2.657598 1.935473 1.685444 1.879337 1.722896 1.674887 1.990681 2.213291 2.082830 1.801119 1.912187 1.095506 0.361549 0.231018 -0.022361 -0.049319 -0.005841 -0.017690 -0.008218 -0.002335 -0.005228 -0.001573 0.000071 0.006131 0.030812 0.051538 0.060869 0.071738 0.123168 0.052919 0.134371 0.217101 0.329237 0.216597 0.557243 0.656685 0.365657 0.601403 0.453375 0.099508 0.066103 0.031257 0.312551 1.233599 0.806234 1.064269
2.247835 1.979271 2.285735 1.744174 2.027747 3.346906 3.390992 3.903970 2.686060 2.525963 2.287335 3.601451 2.979558 3.236778 2.412619 2.462507 2.410609 2.108898 1.946373 2.154089 2.251713 2.064954 1.999093 1.409348 0.747415 0.290223 0.091014 -0.037174 -0.066806 -0.019881 -0.111128 -0.076362 -0.098210 -0.058743 -0.007871 0.000874 0.007065 0.026057 0.035668 0.008792 0.022557 0.094704 0.042404 0.124884 0.186579 0.312627 0.235685 0.861111 0.435838 0.374955 0.635389 0.488514 0.077165 0.044446 0.528516 0.541610 0.505837 0.458828 0.413629
1.340653 1.287585 1.544563 2.466935 2.756229 3.059326 3.217395 2.353590 2.303650 1.886839 1.548878 0.168366 0.057597 -0.230519 -0.576959 -0.752915 -0.658422 -0.344520 0.019352 0.232055 0.210552 0.304410 0.419847 0.262518 0.065492 -0.055480 -0.078206 -0.124825 -0.000012 0.000445 -0.667630 -0.116266 -0.071906 -0.045123 -0.007025 -0.000027 0.000402 0.010283 0.019005 0.004541 0.010633 0.019188 0.023231 0.025544 0.089560 0.188041 0.170541 0.816784 0.450850 1.260805 1.211998 1.295030 2.393714 2.035368 2.822515 1.958564 0.897911 0.757883 0.619206
1.634414 1.229390 1.328901 1.808762 1.929781 1.420802 1.303920 0.525993 0.364292 0.718714 0.547486 0.050332 0.021096 0.331312 0.956846 0.389829 0.454877 0.554672 0.479407 0.359935 0.467168 0.404673 0.304742 0.178948 0.115977 0.029138 -0.017063 -0.119043 -0.000336 0.000615 -1.412657 -0.057022 -0.037471 -0.033379 -0.011481 0.000000 0.008800 0.020364 0.029783 0.005481 0.003624 0.021389 0.034781 0.040067 0.045414 0.756727 0.794550 0.761307 0.447250 1.268392 1.338301 2.604460 2.347816 2.940671 2.809192 1.909286 1.907636 0.879855 0.725135
1.665676 1.748092 1.722734 1.454298 1.302519 0.511077 0.444195 0.000076 0.142935 0.760921 0.679721 1.972447 1.069283 0.906561 3.241437 2.753707 2.513654 2.074128 1.656264 1.086777 1.121011 0.861185 0.713575 0.548455 0.451126 0.280917 0.178214 -0.043563 0.000373 0.000759 -0.700136 -0.223129 -0.035526 -0.014177 -0.000660 0.000055 0.012882 0.035408 0.020152 0.002083 0.001494 0.023725 0.028122 0.028263 0.096560 0.752636 0.592654 0.749711 0.868858 0.428064 0.313578 0.159954 0.280761 0.194803 0.601176 0.808255 0.549333 0.581305 0.561700
1.487054 1.110838 1.047813 0.859084 0.734056 0.268894 0.001238 0.000904 0.000531 0.441281 1.036039 1.309254 0.919634 0.835819 1.702041 1.535589 1.282447 1.098724 0.867206 0.753210 0.585899 0.507005 0.383692 0.326654 0.292468 0.099281 -0.000206 -0.148231 -0.049638 -0.084210 -1.022540 -0.992689 -0.042651 -0.011292 -0.000076 0.000044 0.006512 0.023647 0.057533 0.015176 0.005146 0.005917 0.026340 0.423611 1.566611 2.630938 2.285439 1.811577 1.203132 0.419583 0.286056 0.000061 0.001089 0.000020 -0.126940 -0.140398 0.045468 0.000821 0.000671
0.527532 0.351882 0.379115 0.374892 0.237564 -0.011537 -0.000380 -0.000015 0.000220 0.030295 0.274013 -0.042006 -0.000015 -0.000299 -0.286774 -0.655087 -0.598985 -0.297056 -0.184323 -0.113949 -0.103011 -0.123071 -0.044785 0.064181 -0.102995 -0.285289 -0.243026 -0.224043 -0.022247 -0.010450 0.186433 0.134243 -0.018765 -0.000202 0.000277 0.000050 0.000496 0.001726 0.013146 0.007687 0.129717 0.007570 0.187425 0.915041 3.536611 0.914335 0.609332 0.240969 -0.005244 -0.000204 -0.000107 0.001228 0.004825 0.003466 0.000885 0.141321 0.134707 -0.001753 -0.001514
0.099825 0.106860 0.100928 0.002629 -0.042878 -0.025861 -0.011102 -0.000121 0.000106 0.010037 0.047769 -0.008366 0.000025 0.009388 0.023552 0.177478 0.142451 0.008398 0.082235 0.251822 0.218395 0.220563 0.288038 0.290360 0.139841 -0.053088 -0.154055 -0.145062 0.025396 0.178605 0.218982 0.305001 0.049158 0.019559 0.004507 0.607856 0.352822 0.075917 0.010382 0.044071 0.001073 0.016114 0.400248 -0.439533 -0.010702 -0.000242 0.000000 -0.000070 0.000003 0.000788 0.001817 0.005836 0.003138 -0.000360 0.000360 0.023298 0.192728 0.133374 -0.005909
0.111062 0.073214 0.026192 -0.261587 -0.015861 -0.012588 -0.004594 -0.000326 0.000208 0.004308 0.015115 0.000080 0.000736 0.000616 0.006342 0.209113 0.428540 0.242335 0.265534 0.410315 0.274977 0.180915 0.158824 0.098563 0.043296 0.006645 0.014286 0.090560 0.323840 0.482349 0.622687 0.828348 1.011235 1.125578 1.279790 1.247925 2.199400 2.470572 0.705174 0.612237 0.469147 0.556350 0.467099 0.595637 0.126823 -0.010356 -0.004544 -0.000222 0.000222 0.003946 0.014055 0.003004 0.004952 -0.000360 0.000360 0.020585 0.160995 0.087966 -0.004111
0.264571 0.303786 0.139928 -0.218116 -0.009111 -0.003388 -0.015024 -0.007268 0.000003 0.015635 0.022826 0.006524 0.003578 0.001662 0.001582 0.014501 0.500599 0.840500 0.795032 1.116825 0.803902 0.679509 0.607524 0.305110 0.171704 0.040484 0.237519 0.452224 0.644509 0.745725 0.852926 1.109586 0.967034 1.074497 1.182081 1.189626 2.185134 2.612611 1.853838 0.709916 0.509380 0.582599 0.551140 0.600131 -0.257775 -0.237108 -0.009235 -0.000005 0.000209 0.000399 0.001306 0.001156 0.005652 0.002051 0.008533 -0.038541 0.035665 0.154040 0.212094
