use_cases/Flooding_chicago/flooding_data/output/hUx_2100.asc
ncols 337
nrows 393
xllcorner 428428.000000
yllcorner 4602440.000000
cellsize 26.757400
NODATA_value -9999.000000
[rows 130 to 155 of 393, columns 118 to 176 of 337]
-0.000278 0.001113 0.268923 1.435059 1.140297 1.080945 0.877055 0.777081 0.701177 0.630074 0.643090 0.550545 0.609985 0.570611 0.451123 0.414549 0.344319 0.299323 0.131940 0.106580 0.110534 0.087130 0.066119 0.112203 0.091677 0.072094 0.001286 -0.015238 -0.022333 0.000000 0.035045 -0.006144 -0.042298 -0.033590 -0.034972 -0.032855 -0.002939 -0.013749 -0.003663 0.000000 0.006355 0.012975 0.021278 0.037296 0.070527 0.029134 -0.098911 -0.061407 -0.043432 -0.027171 -0.009235 -0.000739 -0.000836 0.001122 0.000603 0.001112 0.000516 0.000737 0.009927
0.000645 0.002784 0.012837 -0.108321 -0.111607 -0.083911 -0.126638 -0.092508 -0.050350 0.004883 0.035981 0.068756 0.115793 0.235326 0.273212 0.377259 0.439395 0.334667 0.197579 0.152714 0.144925 0.091622 0.061069 0.074716 0.057802 0.038314 0.039225 0.001178 -0.006027 0.000000 0.024857 0.314706 0.361901 -0.195005 -0.036918 -0.047249 -0.014195 -0.001317 -0.000111 0.000194 0.007855 0.024097 0.024406 0.040227 0.066405 0.005956 -0.026657 -0.029340 -0.024948 -0.018825 -0.007810 -0.000228 -0.000113 0.000021 0.000264 0.001521 0.000361 0.007285 0.014628
0.002268 0.004505 0.002787 -0.337349 -0.387608 -0.394189 -0.420759 -0.341459 -0.157611 -0.086058 0.010480 0.066038 0.155763 0.264460 0.312677 0.411747 0.657947 0.625939 0.684138 0.536268 0.430434 0.441999 0.254745 0.346413 0.341565 0.183573 0.121060 0.090826 0.053721 -0.000170 0.001724 -0.038291 -0.020104 -0.066459 -0.201955 -0.031641 -0.006739 -0.000214 0.000104 0.006391 0.011745 0.001197 0.003142 0.000000 -0.002818 -0.003038 -0.016324 -0.018547 -0.028489 -0.029803 -0.014233 -0.000576 -0.000579 0.000007 0.003994 0.015761 0.000000 0.008017 0.025646
0.003187 0.004377 0.002682 -0.104589 -0.069084 0.010400 -0.094801 -0.067598 -0.024598 0.030686 0.164345 0.191287 0.193771 0.275541 0.322350 0.422248 0.693008 0.668884 0.707275 0.684811 0.673451 0.569846 0.536608 0.542605 0.415964 0.353469 0.302759 0.251405 0.213269 0.091706 0.059958 0.037634 0.140379 0.161989 0.144789 -0.140075 -0.007356 -0.000102 0.000077 0.006770 0.031701 0.003239 0.000680 -0.024466 -0.013164 -0.007055 -0.029283 -0.036705 -0.031115 -0.013986 -0.007046 -0.000372 -0.000206 0.000363 0.010522 0.021899 0.001679 0.008764 0.016883
0.001838 0.001823 0.023560 0.622010 0.466233 0.391908 0.362490 0.347353 0.344028 0.350615 0.504436 0.655142 0.715536 0.724076 0.597709 0.562236 0.858825 0.850892 0.778906 0.852130 0.737964 0.628445 0.599542 0.497838 0.371128 0.367184 0.313632 0.242105 0.186944 0.110809 0.103675 0.068130 0.059964 0.060551 0.158335 0.124647 -0.007933 -0.000108 0.000095 0.001035 0.004863 0.012272 0.026016 -0.023239 -0.032673 -0.018229 -0.017191 -0.014745 -0.010377 -0.008501 -0.001059 -0.000123 0.000276 0.010003 0.024467 0.030102 0.001562 0.004666 0.019729
0.196593 0.166547 0.445382 0.211858 0.124143 0.093789 0.137351 0.167200 0.208957 0.269978 0.318155 0.454484 0.677733 0.766065 0.938288 0.813622 0.857657 0.842722 0.793637 0.799597 0.745211 0.649080 0.391932 0.290843 0.252791 0.153601 0.095285 0.060894 0.035925 0.000000 0.043587 0.056376 0.331309 0.328900 0.515324 0.551073 0.394702 0.059837 0.029814 0.014866 0.006859 0.015425 0.035002 -0.035801 -0.027306 -0.035449 -0.009123 -0.003157 -0.014134 -0.009768 -0.000324 0.000004 0.000153 0.005488 0.019611 0.047907 0.044338 0.034141 0.003779
0.420648 0.565367 0.446864 0.244560 0.146171 0.203159 0.207291 0.254073 0.285593 0.342060 0.387859 0.447987 0.524372 0.606146 0.684756 0.817945 0.750320 0.754517 0.890643 0.924457 0.926315 0.792664 0.719141 0.547633 0.407174 0.373963 0.204999 0.199493 0.115357 0.086314 0.175880 0.196089 0.461307 0.714605 0.628038 0.556390 0.386797 0.087137 0.063492 0.036573 0.078027 0.216706 0.138951 -0.304834 -0.070400 -0.020610 -0.009143 -0.000115 -0.023408 -0.024207 -0.008042 0.000000 0.006499 0.023518 0.040901 0.053048 0.052280 0.153806 0.109091
0.142062 0.217098 0.067969 0.057993 0.069193 0.086117 0.075331 0.085583 0.104927 0.136332 0.189066 0.249378 0.373042 0.417292 0.520220 0.578654 0.529071 0.533454 0.681422 0.664663 0.798242 0.717969 0.824439 0.659629 0.487392 0.267993 0.240135 0.092346 0.102989 0.517539 0.552357 0.714747 0.799147 0.811163 0.802591 0.690236 0.455727 0.087042 0.050051 0.021645 0.070420 0.256513 0.396171 -0.132938 -0.080505 -0.020527 -0.006461 -0.000002 -0.030814 -0.004077 -0.000168 0.000364 0.000473 0.010748 0.033020 0.266024 -0.138181 0.040747 0.228433
0.414917 0.882995 0.638121 0.759194 0.611083 0.654635 0.533204 0.527799 0.446785 0.338661 0.335788 0.341710 0.361511 0.495210 0.393440 0.583899 0.283667 0.271820 0.445252 0.476546 0.495471 0.402722 0.722728 0.716969 0.648858 0.476037 0.530523 0.597089 0.952919 0.898956 0.888258 1.132503 1.099551 1.024056 0.998534 0.887413 0.597153 0.071058 0.079419 0.042412 0.022275 0.211168 0.992869 0.446195 0.567356 0.285023 -0.020733 -0.001502 -0.003399 -0.000006 -0.000005 0.000124 -0.000128 0.000374 0.023699 1.701242 1.208790 1.430047 1.348814
0.367839 0.268849 0.590750 0.511300 0.380899 0.326749 0.196546 0.138653 0.101219 0.142620 0.202795 0.229354 0.214912 0.244686 0.380695 0.561738 0.331931 0.375597 0.409139 0.772304 0.552154 0.633301 0.684986 1.031663 1.023163 1.054333 1.222824 1.187991 1.465892 1.258787 1.323013 1.696568 1.474739 1.325293 1.523811 1.075376 1.249523 1.045778 1.304981 1.017193 0.915661 0.631519 2.119768 1.362600 1.099422 0.781805 0.414195 0.007159 0.001352 0.043798 0.188947 0.208926 0.205142 0.000013 0.352399 0.873884 1.460741 1.424417 1.194885
0.250469 0.185813 0.491652 0.419228 0.287757 0.154194 0.021152 -0.022613 -0.018917 0.018088 0.063875 0.118564 0.159831 0.217106 0.341363 0.427964 0.341037 0.405291 0.459937 0.508388 0.593376 0.682252 0.745263 1.163807 1.134662 1.776792 1.976881 1.613382 1.855785 1.488693 1.457356 1.617562 0.778296 0.791557 1.537643 1.167373 1.477439 2.630176 2.144788 3.762619 1.538381 1.928849 1.987555 1.818837 1.778841 1.689790 1.536725 1.039933 1.117385 2.520679 3.725586 3.159779 2.911303 2.853700 1.082973 1.950974 1.339901 1.070678 1.021139
0.223063 0.186086 0.189850 0.170484 0.156179 0.146881 0.224894 0.175385 0.196014 0.221317 0.237908 0.221988 0.224733 0.414725 0.572573 0.515555 0.613694 0.612330 0.486688 0.502803 0.972560 0.664867 0.702961 0.724163 1.228426 1.076726 1.320871 1.471136 1.307793 0.922340 0.639289 0.448724 -0.000161 0.041740 0.569898 -0.000001 0.016325 0.193084 1.227651 1.192523 1.095933 3.204303 1.580425 1.335731 1.870588 1.968641 2.798878 2.794376 3.297678 3.007862 2.451307 2.005631 2.803625 2.275886 0.806392 1.118753 0.810141 0.643342 1.699515
0.270900 0.224610 0.478225 0.284645 0.286545 0.284927 0.462083 0.357199 0.335892 0.317467 0.236753 0.260355 0.349260 0.615587 0.839702 0.850962 0.858040 0.820585 0.700001 0.713566 0.800253 0.618419 0.614429 0.533042 0.437606 0.604183 0.506185 0.362990 -0.033690 -0.002581 -0.021603 -0.015252 -0.006487 -0.000045 -0.000094 -0.000033 0.000153 0.012891 0.023407 0.044781 0.791516 2.332370 1.499913 1.072407 0.921238 0.972855 1.247340 1.308146 0.563525 0.003768 0.002770 0.022315 0.740020 1.339391 0.705135 0.590376 0.444645 0.334177 0.594089
1.253174 1.086202 0.868827 0.652209 0.529577 0.433017 0.364514 0.505110 0.213278 0.135360 0.193703 0.293720 0.386890 0.680337 0.769956 0.774009 0.753079 0.671106 0.691052 0.810135 0.708792 0.547828 0.118260 0.045234 0.003677 -0.033930 -0.058741 -0.052954 -0.003285 -0.001217 -0.013881 -0.010733 -0.001196 -0.001131 0.000155 0.001338 0.000968 0.014209 0.035291 0.050749 0.049422 0.082158 0.194486 -0.028307 -0.129259 -0.022912 0.190976 0.195954 -0.015363 0.000720 0.017789 0.049974 0.606174 1.011088 0.612648 0.599545 0.534531 0.471474 0.325692
0.213467 0.103356 0.052466 0.006391 -0.008818 0.053306 0.086658 0.064458 0.052996 0.093017 0.189986 0.298788 0.378066 0.496815 0.477305 0.391989 0.404232 0.430884 0.233650 0.176752 0.098793 -0.000524 -0.000542 -0.000430 -0.001035 -0.006495 -0.020972 -0.067131 -0.021521 -0.003788 -0.024858 -0.012001 -0.001933 -0.002809 0.000447 0.002695 0.030527 0.043819 0.037325 0.023901 0.005557 0.014848 0.031273 0.089057 0.031078 -0.207961 -0.080928 -0.010033 -0.000013 0.014920 0.048815 0.070079 0.702867 1.089861 0.610759 0.634219 0.597233 0.556791 0.436975
0.054085 0.134625 0.066804 0.039493 -0.041551 -0.029746 0.038675 0.070488 0.091161 0.165889 0.229892 0.323431 0.477647 0.467839 0.488843 0.251951 0.169611 0.087506 -0.059778 -0.000862 -0.001378 -0.000003 0.000307 0.000919 0.001506 0.000651 -0.003593 -0.059648 -0.010491 -0.002096 -0.004244 -0.007767 -0.008935 -0.002676 -0.001328 0.002897 0.027174 0.042554 0.023994 0.004440 0.009749 0.028478 0.060366 0.116425 0.053706 -0.268361 -0.096861 -0.019115 -0.000401 0.000555 0.015257 0.031475 0.150247 2.196054 0.811128 0.759701 0.672052 0.597199 0.486360
0.083694 0.034556 0.118818 0.080450 0.047610 0.025204 0.027870 0.039804 0.079211 0.046864 -0.015751 0.008028 0.068819 0.041476 0.049017 0.040549 0.034817 0.021689 -0.004800 -0.066096 -0.006895 -0.000208 0.000326 -0.000270 -0.000030 0.009509 0.017448 0.000446 -0.002053 -0.002794 -0.001215 -0.001353 -0.001408 -0.000470 -0.000360 0.000360 0.017654 0.025516 0.039058 0.048493 0.042249 0.013063 0.020778 0.010690 0.017150 -0.006689 -0.087802 -0.025344 -0.000330 0.000396 0.006563 0.004836 0.090342 0.563336 0.584635 0.604698 0.495840 0.373028 -0.001709
0.139656 0.078849 0.186611 0.224911 0.192258 0.152395 0.143188 0.116976 0.093663 0.002494 -0.100859 -0.175344 -0.303268 -0.179552 -0.029622 0.010322 0.004815 -0.013413 -0.034990 -0.058666 -0.079295 -0.000821 -0.011073 -0.011669 -0.000764 0.000262 -0.000332 -0.002118 -0.001769 -0.000102 0.001195 0.016329 0.037257 0.003572 -0.000360 0.000360 0.013333 0.042290 0.036271 0.039740 0.353677 0.000589 0.001094 0.002340 0.001156 -0.001134 -0.002614 -0.003480 -0.001158 0.003079 0.013542 0.010844 0.207382 0.125100 0.130660 0.078171 0.029592 0.008665 0.000251
0.235597 0.161484 0.276756 0.403002 0.415520 0.345615 0.331942 0.270635 0.202291 0.119507 -0.008545 -0.038084 -0.051759 -0.213995 -0.097704 -0.004556 0.064007 0.169210 0.207901 0.184030 0.229550 0.051386 -0.236396 -0.021027 -0.001978 -0.002337 -0.000278 -0.001605 -0.000573 0.000271 0.022616 0.029505 0.022516 0.001070 -0.000166 -0.000036 0.000813 0.010255 0.091146 0.177968 0.073267 -0.001986 -0.001920 -0.000141 0.000372 0.001706 0.013473 0.016546 0.015022 0.514249 0.663343 0.862411 0.737010 0.367472 0.323918 0.195444 0.764813 0.000069 -0.001190
0.798884 0.202005 0.617119 0.712093 0.827723 0.687833 0.624295 0.296643 0.138518 -0.042986 -0.113539 -0.139070 -0.090325 -0.289183 -0.175854 -0.018538 0.001037 -0.016258 -0.003463 -0.016234 -0.178177 -0.109680 -0.153980 -0.028369 -0.028476 -0.019086 0.000001 0.003214 0.000775 0.000463 0.002174 0.021136 0.063508 0.010289 0.002245 -0.000166 -0.000056 0.000927 0.009208 0.113050 0.115155 0.050234 -0.022008 0.000000 0.002872 0.003519 0.002059 0.000000 0.005878 0.604908 1.285158 1.404939 0.671429 0.948964 0.540881 0.312979 1.142214 1.785791 0.951562
0.189555 0.620415 1.567719 0.777222 0.619059 0.414341 0.080747 -0.023523 -0.100282 -0.153316 -0.369786 -0.380553 -0.450881 -0.354613 -0.336313 -0.105477 -0.058329 -0.022441 -0.009221 0.000000 -0.117029 -0.085821 -0.098545 -0.369619 -0.033457 -0.000674 0.000031 0.011342 0.017570 0.001396 0.000677 0.002877 0.046650 0.224251 0.460265 0.221303 -0.000152 0.000123 0.001121 0.018619 -0.110349 -0.498119 -0.018140 0.000000 0.003123 0.002539 0.001058 0.000000 0.005878 0.296996 0.399587 0.616020 0.446580 0.610254 1.106742 0.470821 0.438745 0.579036 0.822859
0.003663 0.848928 0.714562 0.442773 0.097505 -0.053230 -0.144482 -0.215877 -0.296398 -0.413335 -0.434209 -0.787842 -0.553643 -0.542921 -0.563812 -0.700623 -0.188158 -0.066617 -0.013014 -0.049863 0.000000 0.011005 -0.070216 -0.057177 -0.064953 -0.028525 0.000000 0.039854 0.092562 0.071319 0.003134 0.000166 0.177108 0.305657 0.387509 0.336378 0.045448 0.025789 0.029465 0.018280 0.037059 0.029448 -0.005929 -0.006098 -0.001348 0.002656 0.005746 0.002122 0.115192 0.305426 -0.046087 -0.011564 0.000000 0.262810 0.931411 0.417185 0.454375 0.737522 0.850936
0.571892 0.924076 0.303991 0.190763 0.123170 -0.029934 -0.141237 -0.234632 -0.159746 -0.165462 -0.384561 -0.422471 -0.657061 -0.541260 -0.421494 -0.369964 -0.183847 0.017389 0.032774 0.019202 0.049114 0.063182 -0.015060 -0.054108 -0.019887 -0.007132 0.000000 0.013281 0.077707 -0.110028 -0.146938 0.084943 0.324932 0.432343 0.583235 0.612375 0.471234 0.083907 0.057739 0.027774 0.037029 0.018377 -0.004554 -0.002815 0.000058 0.001604 0.003827 -0.112073 0.009992 0.068791 -0.450177 -0.005627 0.000000 0.007951 0.935384 0.785383 1.349449 1.827527 1.934579
0.708665 0.505921 -0.011819 -0.005100 0.007491 0.054960 -0.010948 -0.118365 -0.138429 -0.135070 -0.300233 -0.333349 -0.318605 -0.353694 -0.267085 -0.269382 -0.267780 -0.248295 -0.085386 -0.000274 -0.014341 -0.011377 -0.042423 -0.034848 -0.034637 -0.010007 0.000000 0.010871 0.051225 0.631461 0.338309 0.371287 0.301173 0.114170 0.309688 0.344251 0.459233 0.078989 0.052032 0.022674 0.117525 0.355350 0.126285 0.042299 -0.021222 -0.001038 -0.000511 -0.085539 -0.254632 -0.198700 -0.331531 -0.170001 0.000000 0.008663 1.129422 1.345452 1.910314 2.119701 1.847020
0.573009 0.280531 -0.018461 -0.015885 0.006616 0.012433 -0.000360 0.000360 -0.008147 -0.038492 -0.153002 -0.247048 -0.284996 -0.530859 -0.388821 -0.260871 -0.098139 -0.010128 0.002142 0.001046 -0.008783 -0.014210 -0.052569 -0.049572 -0.022842 -0.001279 0.000831 0.015161 0.025426 0.607609 0.350407 0.346516 0.259581 0.114293 0.531792 0.618446 0.675319 0.685529 0.045968 0.060867 -0.204789 -0.172271 0.030287 0.107062 0.234696 0.175083 0.873883 0.938513 0.675911 0.546511 0.110832 0.201822 0.077443 0.957918 1.585928 1.963850 1.425910 0.496308 0.427025
0.000835 0.001226 0.077114 0.137143 0.173795 0.125274 -0.000360 0.000360 0.061593 0.014250 -0.060857 -0.167476 -0.309802 -0.413382 -0.341535 -0.231757 -0.098406 -0.038523 -0.048465 -0.017250 0.057427 -0.024832 -0.069968 -0.034046 -0.008626 -0.000958 0.000817 0.016625 0.014905 0.341553 0.166898 0.064201 -0.013582 0.170845 0.406697 0.145560 0.939170 1.243527 1.310090 2.620478 2.425345 2.012662 2.755794 2.580640 2.447488 2.148382 1.317648 2.629967 2.307282 2.103193 1.479739 1.446594 1.357488 1.244863 0.654746 0.482426 0.408149 0.439676 0.367677
