use_cases/Flooding_chicago/flooding_data/output/hUx_2040.asc
ncols 337
nrows 393
xllcorner 428428.000000
yllcorner 4602440.000000
cellsize 26.757400
NODATA_value -9999.000000
[rows 156 to 181 of 393, columns 118 to 176 of 337]
0.000000 0.007784 0.068678 0.071202 0.110418 0.140964 0.090890 0.070076 0.181441 0.271976 0.324430 0.123409 -0.091271 -0.312149 -0.285893 -0.136373 -0.032933 -0.076624 -0.129852 -0.148699 -0.178471 -0.379059 -0.017601 -0.008027 -0.000671 -0.000350 0.000607 0.009329 0.020734 0.341037 0.197327 0.081885 -0.044717 0.117093 0.418678 0.308871 0.075570 0.056590 0.628893 0.556730 1.374342 1.337674 1.776734 1.634876 1.989802 1.873302 1.971464 1.679127 1.845428 1.383943 0.593695 0.328958 0.070510 -0.000029 0.001253 0.090606 0.614222 0.552055 0.351889
0.004140 0.216296 0.808089 0.375974 0.280749 0.093885 0.094448 0.058922 0.591808 0.451046 0.145165 -0.187339 -0.348351 -0.440150 -0.478024 -0.456019 -0.363340 -0.443055 -0.440101 -0.478166 -0.675187 -0.699319 -0.004362 -0.000808 -0.000363 0.000046 0.000360 0.010183 0.168328 0.087262 0.247124 0.405294 0.208289 0.415625 0.695872 0.385351 0.299642 0.382968 0.076869 0.492979 1.550602 1.193688 1.249552 1.284933 1.284346 1.190820 0.987079 1.744492 1.059182 0.617545 -0.228191 -1.109399 -0.544291 0.243065 0.686908 1.145435 1.194104 0.988152 0.609722
0.002786 0.078015 0.043127 -0.059779 -0.005350 0.000000 0.004056 0.039019 0.377142 -0.085155 -0.179169 -0.545786 -0.514008 -0.769854 -0.878698 -0.508222 -0.406314 -0.402608 -0.787670 -0.907468 -1.187585 -1.480672 -0.008975 -0.000021 0.007995 0.018099 0.001398 0.000640 -0.012293 -0.118656 0.128665 0.364918 0.128851 0.543101 0.606912 0.286759 0.362830 0.334006 0.101922 0.679095 4.288520 1.600266 1.222727 1.074297 0.321676 1.013284 0.936355 0.829364 0.031851 -0.494152 -1.271475 -2.193980 -1.047438 0.057732 0.680882 1.033753 0.960272 0.078053 0.226596
0.076453 0.364813 0.151790 0.107565 -0.000464 0.000067 0.012693 0.613724 0.609537 -0.000427 0.000123 0.002057 -0.073156 -0.077655 -0.054853 0.116827 0.320920 0.629067 0.340969 0.210393 -0.096346 0.206636 0.202485 0.000635 0.000714 0.204478 0.195424 0.263542 0.902518 0.502686 0.530301 0.595869 0.418045 0.921232 0.974612 0.749243 0.831123 0.796024 2.037161 1.138050 2.171349 0.163006 0.041698 0.552437 0.656993 0.737419 1.378675 1.660212 1.627770 1.795216 1.973214 2.370393 2.256129 1.527873 1.271737 1.002899 0.524151 0.030720 0.034519
0.890301 0.720922 0.289687 0.260164 0.182672 0.456329 0.390711 0.307638 -0.000772 -0.000517 0.000607 0.020271 0.479549 0.250847 0.417393 0.702294 0.849959 1.449633 0.956904 0.717397 0.156105 0.067531 0.309123 0.918733 1.078627 1.118255 1.006951 0.954019 2.300810 1.778309 1.734402 1.664993 1.492933 1.602289 1.183404 0.757876 0.596237 0.937205 0.851182 0.710512 -0.049394 -0.000293 0.000104 0.000459 0.000512 0.000445 -0.244389 0.141559 0.651422 1.765705 3.395839 3.696522 2.628683 0.489001 0.040920 -0.032521 -0.033222 -0.001933 -0.001093
0.179534 0.322010 -0.000131 0.000136 0.055649 0.031918 0.013279 -0.801436 -0.029543 -0.001626 0.000962 0.001615 0.450961 0.716197 1.434517 1.445060 1.798769 2.580200 2.484183 2.293038 1.929788 1.517285 1.820369 1.987058 1.930113 1.333960 1.240219 1.244238 1.194329 1.749461 1.321657 1.144592 1.112616 1.522238 1.597173 1.582572 1.457731 1.585398 1.408447 0.833052 -0.024914 -0.006437 -0.000117 0.000075 0.000248 0.000793 0.024687 0.104259 0.720295 -0.011893 -0.004494 -0.000875 0.000194 0.000305 -0.028386 -0.042305 -0.094330 -0.026667 -0.006056
-0.062033 -0.007871 -0.000331 0.000393 0.007577 0.041996 0.015282 -0.649129 -0.024970 0.000000 0.003143 0.002132 0.425959 0.700325 1.356143 1.653694 2.161814 2.323301 2.427779 2.437136 3.037454 2.536194 1.104168 0.604532 0.467505 0.637180 0.881184 1.074168 1.190155 0.941581 0.604070 -0.028438 -0.017328 0.339296 0.804560 0.949027 0.826230 -0.128660 -0.083797 -0.123718 -0.077048 -0.025871 -0.005716 0.000000 0.006570 0.022924 0.040398 0.117799 0.063881 -0.038219 -0.027850 -0.012129 -0.000003 0.011095 0.023213 -0.041936 -0.122385 -0.028037 -0.012536
-0.024046 -0.000554 -0.000247 0.000569 0.010881 0.046262 0.017535 0.196274 -0.003929 0.000000 0.009644 0.026953 0.485180 0.639505 0.808455 0.880390 0.956368 0.633596 -0.200519 -0.023809 -0.006682 -0.000241 0.000605 0.001194 -0.000991 -0.002276 -0.001296 0.010213 0.014504 0.008377 0.000124 0.021862 0.189523 -1.753006 -2.312012 -1.810477 -0.021986 -0.009454 -0.009866 -0.062153 -0.057301 -0.022527 -0.006081 0.000000 0.006319 0.019327 0.094787 0.115422 0.020422 -0.020636 -0.020415 -0.008486 -0.000120 0.001077 0.009419 0.055725 -0.036452 -0.037140 -0.009532
-0.036397 -0.000402 -0.000255 0.000190 0.001064 0.001062 0.000871 0.002002 -0.000190 -0.000159 0.001060 0.096572 0.278887 0.347043 0.279427 -0.005114 -0.126331 -0.709815 -0.021984 -0.010707 -0.000103 0.000103 0.009392 0.015871 -0.000866 -0.007362 -0.021124 -0.013090 0.013598 0.011132 0.002281 0.010245 0.031234 -0.198084 -0.330265 -0.099627 -0.014773 -0.004900 0.000005 -0.135715 -0.073995 -0.037075 -0.008262 0.000000 0.003663 0.038229 0.089411 0.033801 0.000088 -0.000517 -0.000039 0.000243 0.001405 0.015561 0.029189 0.097605 -0.001068 -0.050098 -0.021374
0.077437 0.138017 0.060183 -0.046270 -0.022059 -0.000271 0.000432 0.022939 0.539331 0.539990 0.625826 1.377040 1.821641 1.749161 2.422411 1.571654 0.899761 -0.013069 -0.007544 -0.003946 -0.000222 0.000222 -0.003315 -0.000345 0.000107 -0.009796 -0.033622 -0.039867 0.010823 0.028358 0.003881 0.001219 0.001072 -0.099078 -0.302792 -0.204911 -0.005685 -0.000326 0.000208 -0.016540 -0.055042 -0.104633 -0.049314 -0.002697 0.002309 0.028740 0.036111 -0.025946 -0.050885 -0.011989 -0.000000 0.006650 0.021331 0.040802 0.007634 0.196029 0.088447 -0.036685 -0.004728
0.101108 0.204459 0.293052 0.394712 0.396480 0.106157 0.004639 0.419000 0.805573 1.293260 1.871526 1.976975 2.812529 2.964170 2.846702 2.057039 0.475378 -0.985862 -0.359346 -0.129868 -0.046367 -0.091209 -0.029210 -0.012670 -0.000130 0.000130 -0.063531 -0.060258 -0.044665 -0.001130 0.000073 0.008685 0.020177 -0.128267 -0.358237 -0.342214 -0.033531 -0.007002 0.000003 -0.024944 -0.010398 -0.069582 -0.046002 -0.000931 0.000470 0.010436 -0.004923 -0.042827 -0.045315 -0.018449 -0.000006 0.009543 0.037506 0.078449 0.553272 0.423240 0.206078 -0.021153 -0.005048
0.079570 0.088973 0.208227 0.416229 0.621728 0.446280 0.840036 1.208377 1.754153 1.626638 1.672073 2.187340 2.139652 2.960938 2.619511 0.737563 -0.150909 -0.117175 -0.101363 -0.041631 -0.003453 -0.005820 -0.033786 -0.007238 -0.000360 0.000360 0.009929 -0.007859 -0.068528 -0.015919 -0.000416 0.000350 0.012515 -0.070535 -0.196081 -0.279934 -0.329546 -0.022879 -0.027957 -0.039826 -0.003208 -0.004411 -0.007292 -0.001084 -0.000589 -0.000006 -0.000382 -0.005559 -0.040146 -0.026253 -0.000103 0.001615 0.035223 0.104498 -0.280984 -0.255937 -0.046848 -0.039224 -0.030860
-0.061012 -0.056229 0.085320 0.293107 0.411622 0.168566 1.092373 1.483494 1.469177 1.340522 1.316396 1.648835 1.622900 2.027386 0.128269 -0.185791 -0.045102 -0.060806 -0.160757 -0.164991 -0.015692 -0.003224 -0.014757 -0.009515 -0.000360 0.000360 0.013925 -0.089458 -0.255782 -0.025476 -0.000907 0.000620 0.012351 0.051415 -0.045454 -0.246224 -0.483669 -0.219445 -0.088831 -0.040095 -0.021874 -0.006822 -0.020252 -0.010192 -0.000572 -0.000326 0.000046 0.000364 0.001262 0.000669 0.000797 0.003970 0.026868 0.044283 0.130059 -0.133206 -0.097635 -0.041156 -0.021528
0.279825 0.336484 0.433734 0.648259 0.693434 0.646176 1.138016 1.373893 1.241284 1.281772 1.191762 1.253666 1.369085 0.901686 -0.581386 -0.396070 -0.280533 -0.078726 -0.099449 -0.658593 -0.010192 -0.002463 -0.003889 -0.000382 0.000558 0.000010 0.015931 0.027355 -0.102135 -0.016693 -0.000898 0.000248 0.024100 0.107702 0.047023 -0.180090 -0.437195 -0.329499 -0.155631 -0.104622 -0.083233 -0.060318 -0.036320 -0.024406 -0.006229 -0.000000 0.000334 0.000306 0.000845 0.000838 0.000533 0.016969 0.026260 0.046231 0.104005 -0.090176 -0.084145 -0.023411 -0.017922
0.586001 1.057618 1.279450 1.517353 1.883091 1.830275 2.506641 2.701260 2.795710 2.351152 2.735253 1.621857 1.389107 0.555421 -0.441640 -0.342248 -0.373499 -0.352642 -0.111886 -0.589856 -0.560483 -0.025843 -0.010310 -0.000012 0.030517 0.029278 0.400139 0.311035 0.081380 -0.438056 -0.030087 0.000000 0.023510 0.066683 0.016075 -0.005428 -0.062321 -0.281801 -0.267527 -0.185888 -0.148267 -0.117813 -0.079612 -0.042183 -0.008320 -0.000008 0.000580 0.000603 0.000646 0.000009 0.011411 0.020804 0.028003 0.084210 0.119145 0.011613 -0.168565 -0.022911 -0.025405
2.420453 2.474038 2.484432 2.367001 2.360629 2.324828 2.575693 2.445248 1.867388 1.230928 0.862232 0.526468 0.064138 -0.908068 -0.030331 -0.029613 -0.022774 -0.020050 -0.080845 -0.136227 -0.969090 -0.281503 -0.099608 -0.036838 -0.000001 0.085211 0.371465 0.286819 0.175297 -0.037790 -0.007494 0.000004 0.010277 0.034111 0.096143 0.023296 -0.001774 -0.024009 -0.154105 -0.234092 -0.191193 -0.169027 -0.132442 -0.092463 -0.029760 -0.000422 -0.000101 0.000079 0.000287 0.000387 0.007538 0.009628 0.013845 0.079328 0.161847 0.106915 -0.071210 -0.027570 -0.009131
4.183177 3.744074 3.064087 2.690380 1.687758 1.742771 1.791242 1.616882 1.155907 0.616913 0.259688 -0.051965 -0.335777 -0.054626 -0.010574 -0.000388 -0.000372 0.000145 0.000492 0.000861 -0.432630 -0.664736 -0.022330 -0.002315 -0.000043 0.002023 -0.075860 -0.223640 -0.055437 -0.006608 -0.000323 0.000216 0.010752 0.037588 0.091272 -0.008081 -0.004899 -0.001753 -0.003909 -0.032176 -0.043675 -0.020515 -0.011517 -0.075869 -0.079898 -0.036247 -0.000473 -0.000974 -0.001222 0.003164 0.002607 0.035947 0.178943 0.060744 0.028101 -0.015837 -0.092821 -0.029358 -0.015096
2.747061 1.951707 1.484396 0.371670 0.003185 0.137821 -0.080037 -1.389578 -0.725770 -0.329056 -0.254701 0.041758 -0.163190 -0.045872 -0.011013 -0.000609 -0.000540 0.000540 0.000609 0.193455 0.819920 -0.122497 -0.037014 -0.024084 -0.000049 0.014160 0.018102 -0.120300 -0.091561 -0.013138 -0.000965 0.000392 0.007144 0.030965 0.035261 -0.077778 -0.046126 -0.009915 -0.000711 -0.001649 -0.020087 -0.009222 -0.001974 -0.004601 -0.008034 -0.012813 -0.005691 -0.005377 -0.001073 0.001361 0.033224 0.074779 0.030057 0.024522 0.002485 -0.011732 -0.073980 -0.031808 -0.022991
1.109461 0.518623 -0.758563 -0.000222 0.000222 0.060086 -0.032878 0.043565 0.004994 0.002639 0.133196 -1.129135 -0.887042 -0.124226 -0.032884 -0.008421 -0.000369 0.000369 0.018221 -0.144881 -0.217564 -0.047513 -0.036070 -0.003545 -0.000632 0.000340 -0.024790 -0.130762 -0.112198 -0.002981 -0.004241 -0.000269 0.001180 0.013141 0.027667 -0.011068 -0.008620 -0.000652 -0.001552 -0.001397 -0.001102 -0.001747 -0.002433 -0.006157 -0.013418 -0.018934 -0.015357 -0.011126 -0.000837 0.000897 0.025238 0.065206 0.011686 0.002043 0.000693 0.008457 0.029498 0.000176 -0.083297
0.506011 -0.123402 -0.047240 -0.001821 0.001811 -0.159304 -0.229666 -0.071478 0.000000 0.015540 0.028268 0.045036 -0.297558 -0.231456 -0.019307 -0.005315 -0.000429 -0.000653 -0.002278 -0.132646 -0.077786 -0.044591 -0.041277 -0.038299 -0.009590 -0.000000 0.006388 0.010277 -0.066830 -0.004500 -0.009924 -0.011425 -0.002358 -0.001038 -0.002842 -0.018906 -0.008301 -0.000896 -0.002717 -0.000872 -0.000808 -0.000804 -0.001306 -0.002015 -0.002281 0.000000 -0.000026 -0.000990 -0.000401 0.000412 0.005185 0.001224 -0.000979 -0.000015 0.001118 0.011551 0.018503 0.004368 -0.028843
-0.515513 -0.619830 -0.046424 -0.001751 0.001700 0.273976 -0.032059 -0.173005 -0.128751 0.004475 0.024091 0.289258 0.111520 -0.330443 -0.043839 -0.045475 -0.051784 -0.063639 -0.036493 -0.006693 -0.036581 -0.019892 -0.004314 -0.013351 -0.007726 -0.000000 0.009433 0.018325 -0.128968 -0.189315 -0.009941 -0.020754 -0.011527 -0.014727 -0.037984 -0.017378 -0.008261 0.000000 -0.002205 -0.000733 -0.000114 0.000623 0.000321 -0.000799 -0.001577 -0.000664 0.000030 0.004732 0.001582 -0.001619 -0.008636 -0.030034 -0.010959 0.000000 0.013696 0.026369 0.025475 0.023685 0.093628
-0.363804 -0.084633 -0.010985 -0.000479 0.000420 0.050247 -0.385992 -0.255913 -0.381784 -0.145195 0.057901 -0.183204 -0.355704 -0.138161 -0.067060 -0.373475 -0.090338 -0.045055 -0.012714 -0.000475 -0.056424 -0.086540 -0.041246 -0.012977 -0.013087 -0.000000 0.007524 0.024793 0.328883 -0.037041 -0.068329 -0.039513 -0.021684 -0.032460 -0.071538 -0.030332 -0.012008 0.000000 0.000811 0.000320 0.000560 0.000607 0.000565 0.000319 0.000481 0.004631 0.000001 0.122049 1.295262 -0.050374 -0.046926 -0.026316 -0.004433 -0.000440 0.004773 0.028832 0.029849 0.031150 0.139602
0.078083 -0.068388 -0.017343 -0.001112 0.000823 -0.045588 -0.925324 -0.966445 -0.692489 -0.414485 -0.083481 -0.405173 -0.644992 -0.478071 -0.514571 -0.590539 -0.079664 -0.040636 -0.019609 -0.008125 -0.016594 -0.041413 -0.029140 -0.084422 -0.021118 -0.000004 0.013098 0.027090 0.020054 0.085726 -0.045799 -0.082817 -0.008657 -0.017449 -0.059499 -0.022463 -0.000827 0.000209 0.001529 0.000709 0.000419 0.069624 0.075475 0.572373 0.760573 0.937564 0.856173 1.013098 0.870792 0.232674 0.106171 -0.027793 -0.017604 -0.000030 0.023722 0.055917 0.110946 0.184118 0.218877
0.072476 -0.076345 -0.017995 -0.000867 0.000223 0.000421 -0.744785 -0.801076 -0.594612 0.044785 0.390264 0.205265 -0.189972 -0.524439 -0.949782 -0.157020 -0.022276 -0.037028 -0.028042 -0.010445 -0.003605 -0.013974 -0.048254 -0.025021 -0.023213 -0.000172 0.000488 0.017446 0.637852 0.279040 -0.455478 -0.044987 -0.000745 -0.000642 -0.001041 -0.000163 0.001217 0.017219 0.066443 -0.028854 -0.079501 0.196369 0.583955 0.786811 0.185521 0.296523 0.467939 0.307391 0.136976 -0.105980 -0.406812 -0.090541 -0.019850 -0.000644 0.000636 0.010299 0.025276 0.041930 0.046242
0.071067 -0.073208 -0.020215 -0.006319 0.000000 0.008358 0.134307 -0.346139 -0.275290 -0.007825 0.315214 0.413613 0.386893 -0.095589 -0.363489 -0.429761 -0.225553 -0.004727 -0.015675 -0.034056 -0.030277 -0.026661 -0.021778 -0.023239 -0.008251 -0.000005 0.007542 0.016623 -0.590850 -0.256948 -0.511822 -0.021626 -0.008059 -0.000473 0.000270 0.004805 0.003304 0.016089 0.527859 0.503740 0.421876 0.443391 0.155627 0.000610 0.000671 0.083956 0.173244 0.039551 -0.130694 -0.110365 -0.107817 -0.074890 -0.027127 -0.001929 0.001012 0.002018 0.016204 0.056984 0.011412
-0.054482 -0.113210 -0.015554 -0.003663 0.000000 0.005378 0.014756 0.292110 0.293291 0.347619 0.217833 0.351447 0.329229 -0.005368 -0.024862 -0.085018 -0.159201 -0.245910 -0.346839 -0.054828 -0.045310 -0.035931 -0.011868 -0.001197 -0.000631 0.000291 0.005338 0.036290 -0.035258 -0.136168 -0.024490 -0.019181 -0.012544 -0.000965 -0.000000 0.000965 0.027468 0.221271 0.104390 0.094233 0.173513 0.136576 -0.014718 -0.000334 0.000674 -0.167572 -0.225513 -0.256935 -0.422282 -0.492377 -0.500763 -0.020678 -0.002843 -0.002796 0.002347 0.003452 0.031000 0.041148 0.010452
