use_cases/Flooding_chicago/flooding_data/output/hUx_2820.asc
ncols 337
nrows 393
xllcorner 428428.000000
yllcorner 4602440.000000
cellsize 26.757400
NODATA_value -9999.000000
[rows 156 to 181 of 393, columns 236 to 294 of 337]
0.005107 0.004768 0.001918 -0.000095 0.000000 0.013006 0.065856 0.028636 0.089240 0.145885 0.266706 0.263392 0.996215 0.972788 0.769778 0.274997 -0.212929 -0.903666 -1.045761 -0.747680 -0.504987 -0.447283 -0.154370 0.122524 0.160010 -0.117501 -0.018964 -0.025320 -0.018771 -0.032803 -0.030566 -0.000228 0.000103 0.000763 0.219747 -0.089202 -0.255207 -0.232484 -0.025736 -0.001794 0.001404 -9999.000000 -9999.000000 -9999.000000 -9999.000000 -9999.000000 -9999.000000 -9999.000000 -9999.000000 -9999.000000 -9999.000000 -9999.000000 -9999.000000 -9999.000000 -9999.000000 -9999.000000 -9999.000000 -9999.000000 -9999.000000
0.002704 0.001092 -0.047600 -0.011959 0.000000 0.019810 0.337749 0.366938 0.449165 0.570881 0.836027 0.904578 0.907168 0.665801 0.082390 0.086536 0.076523 0.133429 -0.301632 -0.407942 -0.363223 -0.138293 0.026293 -0.112083 -0.338484 -0.029661 -0.025456 -0.000902 -0.000816 -0.000626 -0.000994 -0.000222 0.000222 0.015515 1.486945 0.633342 0.275356 -0.262409 -0.032015 -0.001583 0.001573 -9999.000000 -9999.000000 -9999.000000 -9999.000000 -9999.000000 -9999.000000 -9999.000000 -9999.000000 -9999.000000 -9999.000000 -9999.000000 -9999.000000 -9999.000000 -9999.000000 -9999.000000 -9999.000000 -9999.000000 -9999.000000
0.028044 0.130927 -0.089412 -0.203187 -0.001448 0.002384 0.047975 0.085832 0.072072 0.139711 0.424212 0.322687 0.100868 0.087756 0.114620 0.163313 0.191103 0.674581 0.450866 0.102276 -0.344461 -0.233098 -0.147071 -0.200946 -0.361614 -0.036429 -0.020746 -0.000990 -0.000313 0.000453 0.000772 0.000511 0.000231 0.022123 -0.340883 -0.322333 -0.189090 -0.007201 -0.011169 -0.000376 0.000376 -9999.000000 -9999.000000 -9999.000000 -9999.000000 -9999.000000 -9999.000000 -9999.000000 -9999.000000 -9999.000000 -9999.000000 -9999.000000 -9999.000000 -9999.000000 -9999.000000 -9999.000000 -9999.000000 -9999.000000 -9999.000000
-0.049116 -0.122395 -0.167544 -0.126199 -0.000883 0.003296 0.002919 0.092526 0.073225 0.093363 0.110723 0.108219 0.113211 0.440376 0.631077 0.920583 1.137966 1.101691 1.830979 0.892991 0.433044 0.122425 -0.036269 -0.146639 -0.360410 -0.031981 -0.014889 -0.000037 0.000545 0.000583 0.107371 -0.098164 -0.189339 -0.378388 -0.462270 -0.309907 -0.278202 -0.046011 -0.012232 -0.000723 0.000723 -9999.000000 -9999.000000 -9999.000000 -9999.000000 -9999.000000 -9999.000000 -9999.000000 -9999.000000 -9999.000000 -9999.000000 -9999.000000 -9999.000000 -9999.000000 -9999.000000 -9999.000000 -9999.000000 -9999.000000 -9999.000000
-0.122803 -0.020486 -0.171757 -0.167010 -0.166720 -0.000246 0.003928 0.210221 0.212948 0.137893 0.281446 0.166232 0.643289 1.118502 1.333585 1.709752 1.959003 2.105758 1.773921 1.303243 0.625513 0.101152 -0.145802 -0.045157 -0.066395 -0.012747 -0.001004 0.000110 0.010313 -0.004971 -0.058117 -0.049358 -0.064629 -0.131190 -0.568693 -0.498118 -0.025333 -0.002774 -0.004255 -0.000376 0.000376 0.000966 -9999.000000 -9999.000000 -9999.000000 -9999.000000 -9999.000000 -9999.000000 -9999.000000 -9999.000000 -9999.000000 -9999.000000 -9999.000000 -9999.000000 -9999.000000 -9999.000000 -9999.000000 -9999.000000 -9999.000000
0.164412 0.293716 0.212449 0.201679 0.425671 0.424053 0.502178 0.481627 1.041058 0.953158 1.180053 1.029694 1.253871 1.730211 1.970949 1.834211 1.839698 1.807155 0.997373 0.705148 0.222653 0.049145 -0.149906 -0.242937 -0.366569 -0.192155 -0.061685 -0.081093 -0.083901 -0.026664 0.072176 0.076887 0.063227 -0.013368 -0.204735 -0.009993 -0.001782 -0.002336 0.000827 0.000656 0.011566 0.009360 -9999.000000 -9999.000000 -9999.000000 -9999.000000 -9999.000000 -9999.000000 -9999.000000 -9999.000000 -9999.000000 -9999.000000 -9999.000000 -9999.000000 -9999.000000 -9999.000000 -9999.000000 -9999.000000 -9999.000000
0.626240 0.727353 0.746882 0.781926 1.034620 0.812964 0.942621 0.507544 1.835595 1.760028 1.900924 1.749911 2.052810 2.167245 2.006082 1.737372 1.154101 1.105805 0.929473 0.706953 0.651242 0.418742 0.331184 0.166000 -0.275217 -0.177764 -0.062995 -0.111644 -0.007354 0.000021 0.116069 0.172747 0.147435 0.062221 -0.201198 -0.013426 -0.001077 -0.000745 0.000759 0.004252 0.011266 0.007114 -9999.000000 -9999.000000 -9999.000000 -9999.000000 -9999.000000 -9999.000000 -9999.000000 -9999.000000 -9999.000000 -9999.000000 -9999.000000 -9999.000000 -9999.000000 -9999.000000 -9999.000000 -9999.000000 -9999.000000
1.337213 1.547032 1.689163 1.876042 2.375047 1.965112 2.212406 1.650608 2.534643 2.445479 2.351616 2.348309 2.117482 1.632838 1.601056 0.929886 0.937855 1.517609 1.358216 1.464231 0.951642 0.752263 0.514764 0.181525 -0.394079 -0.006328 -0.001874 -0.000891 -0.000447 0.000580 0.009268 0.228039 0.342489 0.265304 -0.078079 -0.002711 -0.003798 -0.009285 0.000037 0.014333 0.014748 0.027563 -9999.000000 -9999.000000 -9999.000000 -9999.000000 -9999.000000 -9999.000000 -9999.000000 -9999.000000 -9999.000000 -9999.000000 -9999.000000 -9999.000000 -9999.000000 -9999.000000 -9999.000000 -9999.000000 -9999.000000
1.453672 1.664851 1.808744 2.311677 2.807924 2.388697 2.652925 2.831471 2.617897 3.568640 3.091954 2.791200 2.279987 1.457217 1.517264 1.046623 1.045382 1.683389 1.544121 1.432138 0.989759 0.899319 0.601887 0.311480 0.018557 -0.363517 -0.013902 -0.001077 0.000074 0.001113 0.002266 0.001328 0.113841 0.526265 0.290029 -0.045952 -0.178251 -0.011991 -0.009360 0.008479 0.012737 0.026801 -9999.000000 -9999.000000 -9999.000000 -9999.000000 -9999.000000 -9999.000000 -9999.000000 -9999.000000 -9999.000000 -9999.000000 -9999.000000 -9999.000000 -9999.000000 -9999.000000 -9999.000000 -9999.000000 -9999.000000
0.776846 0.848792 1.181881 1.250491 1.627865 1.433553 2.538172 2.588955 2.528261 2.188107 2.444785 2.005325 1.719684 1.418072 1.006910 1.053228 1.101575 1.867148 1.331025 1.227602 0.995676 0.834835 0.464788 0.308009 0.034772 -0.307713 -0.018461 -0.000939 0.000722 0.019463 0.119766 0.000041 0.104329 0.457345 0.834379 0.525694 -0.063071 -0.012384 -0.010297 0.006366 0.013819 0.007805 0.003601 -9999.000000 -9999.000000 -9999.000000 -9999.000000 -9999.000000 -9999.000000 -9999.000000 -9999.000000 -9999.000000 -9999.000000 -9999.000000 -9999.000000 -9999.000000 -9999.000000 -9999.000000 -9999.000000
0.554882 0.659852 0.755284 1.023852 0.973947 1.328192 1.597167 1.756688 1.759884 2.123829 1.634727 1.479823 1.935093 1.306755 1.321844 1.454637 1.728695 1.107631 0.749483 0.711827 0.470033 0.276809 0.068016 -0.179691 -0.514665 -0.006876 -0.000757 -0.000166 0.000639 0.014429 0.054166 0.016621 0.000000 0.077938 0.510736 0.428708 -0.007068 -0.000709 -0.000064 0.000665 0.011559 0.009428 0.004090 -9999.000000 -9999.000000 -9999.000000 -9999.000000 -9999.000000 -9999.000000 -9999.000000 -9999.000000 -9999.000000 -9999.000000 -9999.000000 -9999.000000 -9999.000000 -9999.000000 -9999.000000 -9999.000000
0.319105 0.433941 0.561687 0.788190 0.878174 1.230398 1.522841 1.621090 1.463101 1.206616 0.901734 0.866403 0.631895 0.489741 0.374543 0.303083 0.067685 0.000789 0.001354 -0.022209 -0.035574 -0.114022 -0.172736 -0.190945 -0.005821 -0.000363 0.000150 0.000788 0.000779 0.001930 0.025646 -0.002154 -0.005258 0.009626 0.013643 0.265536 -0.007100 -0.000778 -0.000407 0.000519 0.000573 0.000526 0.001288 -9999.000000 -9999.000000 -9999.000000 -9999.000000 -9999.000000 -9999.000000 -9999.000000 -9999.000000 -9999.000000 -9999.000000 -9999.000000 -9999.000000 -9999.000000 -9999.000000 -9999.000000 -9999.000000
0.068286 0.023370 0.274935 0.591535 0.865987 1.067485 1.207683 0.537031 0.344426 0.095783 -0.078974 -0.204642 -0.180230 -0.237344 -0.170093 -0.138982 -0.183561 0.000833 0.001776 0.001143 0.014638 0.002035 0.007677 -0.047477 -0.000519 0.000059 0.000460 -0.000326 -0.001204 0.000091 0.015951 0.008483 -0.003944 0.001220 0.004231 0.140286 -0.000690 -0.000444 -0.000933 -0.012648 -0.006690 0.000011 0.001006 -9999.000000 -9999.000000 -9999.000000 -9999.000000 -9999.000000 -9999.000000 -9999.000000 -9999.000000 -9999.000000 -9999.000000 -9999.000000 -9999.000000 -9999.000000 -9999.000000 -9999.000000 -9999.000000
0.735050 1.111313 0.868244 0.906795 0.879143 0.770123 0.116881 0.003716 0.002737 0.000432 0.000389 -0.021092 -0.205248 -0.277662 -0.232746 -0.239444 -0.230388 -0.311870 -0.316414 0.000788 0.121553 0.123501 0.127348 0.115749 0.092293 0.231683 0.230293 0.107377 -0.000345 0.000538 0.006715 0.003296 -0.001094 0.000430 0.021579 0.411527 0.394405 -0.000309 -0.000642 -0.009788 -0.008119 -0.000130 0.000146 0.001264 -9999.000000 -9999.000000 -9999.000000 -9999.000000 -9999.000000 -9999.000000 -9999.000000 -9999.000000 -9999.000000 -9999.000000 -9999.000000 -9999.000000 -9999.000000 -9999.000000 -9999.000000
1.038049 1.542584 1.158802 2.087161 1.449003 1.088737 -0.133839 -0.034941 -0.000350 0.000535 0.028483 0.492478 0.122169 -0.002701 -0.010585 -0.006769 0.002435 0.057815 0.136973 0.235759 0.308667 0.259312 0.200637 0.132851 0.590126 0.391490 0.199741 -0.120605 0.000818 0.000654 -0.103932 -0.074761 0.020216 0.067793 0.003735 -0.018102 -0.417048 -0.552913 -0.316464 -0.222059 -0.216657 -0.004978 0.000002 0.430391 -9999.000000 -9999.000000 -9999.000000 -9999.000000 -9999.000000 -9999.000000 -9999.000000 -9999.000000 -9999.000000 -9999.000000 -9999.000000 -9999.000000 -9999.000000 -9999.000000 -9999.000000
1.380678 2.589177 2.404850 2.231716 0.589199 0.006484 -0.022587 -0.014754 -0.000553 0.001493 0.026676 0.566504 0.345151 0.232644 0.080352 0.001671 -0.150885 -0.279994 -0.274452 -0.166076 0.000097 0.160145 0.115029 0.584171 0.570930 1.236524 1.141703 0.983070 0.633172 0.477514 1.187088 0.782904 0.830553 0.928278 0.814366 0.776974 0.526884 0.474337 0.746398 1.074559 1.116866 1.161799 0.716003 1.111595 0.652666 -9999.000000 -9999.000000 -9999.000000 -9999.000000 -9999.000000 -9999.000000 -9999.000000 -9999.000000 -9999.000000 -9999.000000 -9999.000000 -9999.000000 -9999.000000 -9999.000000
1.406106 2.464809 2.279626 0.265380 -0.000083 0.000235 0.001548 -0.002278 -0.000032 0.003493 0.013344 0.118169 0.640291 0.696360 0.636827 0.494784 0.302642 0.455632 0.459610 0.349628 0.298527 0.287698 0.956011 0.940104 0.872428 0.788869 0.555221 0.380062 0.000000 0.220305 1.609825 1.167306 1.484808 1.502264 1.324215 1.029524 1.070371 0.917810 1.059414 1.247376 1.254413 1.039355 1.366668 0.560304 0.243103 0.108591 -9999.000000 -9999.000000 -9999.000000 -9999.000000 -9999.000000 -9999.000000 -9999.000000 -9999.000000 -9999.000000 -9999.000000 -9999.000000 -9999.000000 -9999.000000
1.274553 0.762197 0.121622 -0.011090 0.000000 0.005027 0.022845 0.001520 -0.002257 0.000000 0.003929 0.211966 0.855644 0.957481 0.556060 0.389017 0.120424 0.244237 -0.050723 -0.133016 0.016181 0.028930 0.071164 -0.000326 0.000208 0.007277 0.234350 0.300749 0.364375 0.233484 2.159415 2.053437 1.602426 1.568815 1.793990 1.610769 1.529566 1.377843 1.173025 1.063591 0.902034 0.668348 0.340821 -0.011715 -0.000003 0.000276 -9999.000000 -9999.000000 -9999.000000 -9999.000000 -9999.000000 -9999.000000 -9999.000000 -9999.000000 -9999.000000 -9999.000000 -9999.000000 -9999.000000 -9999.000000
0.359535 -0.000463 -0.001163 -0.001404 -0.000433 0.000121 -0.000012 -0.002741 -0.004323 0.000000 0.018777 0.180059 0.130850 0.074677 0.028986 0.011236 0.002821 -0.012056 -0.042448 -0.007088 0.078993 0.097134 0.162317 0.096554 0.000003 0.215856 0.848789 1.087645 1.499517 3.767876 4.539863 3.971869 3.496130 2.475702 2.737144 2.502471 2.441239 2.227227 1.990443 1.592534 1.388608 1.200353 0.703542 -0.012558 -0.000208 0.000326 0.004012 0.299377 -9999.000000 -9999.000000 -9999.000000 -9999.000000 -9999.000000 -9999.000000 -9999.000000 -9999.000000 -9999.000000 -9999.000000 -9999.000000
-0.001156 -0.000222 0.000583 0.033660 -0.114720 -0.093354 -0.069158 -0.002805 0.000313 0.005701 0.027622 0.183259 0.170541 -0.000377 0.000573 0.008568 0.006239 -0.000133 0.000692 0.091117 0.153441 0.165159 0.073963 0.202731 0.000000 0.179884 0.525823 1.354457 1.267281 1.422915 1.710748 0.945119 1.245324 1.287956 1.260434 1.500884 1.797076 1.879276 2.229026 2.177707 2.360204 2.934621 2.614192 1.346677 0.012981 0.003265 0.040601 0.812712 -9999.000000 -9999.000000 -9999.000000 -9999.000000 -9999.000000 -9999.000000 -9999.000000 -9999.000000 -9999.000000 -9999.000000 -9999.000000
-0.008959 0.000000 0.014701 0.045144 -0.132731 -0.185868 -0.262637 -0.516219 -0.032196 0.000018 0.026564 0.193398 -0.001806 -0.000776 0.001735 0.003832 -0.001249 0.002597 0.002710 0.108528 0.119402 0.000073 0.058758 0.244144 0.256435 0.214171 0.564888 0.814154 0.618490 0.698616 0.160481 0.264399 0.131524 0.386075 0.730830 0.759625 1.145840 1.716699 2.196806 2.323570 2.634981 3.709717 3.690611 2.470760 2.527237 2.288135 4.573068 7.367892 4.374191 -9999.000000 -9999.000000 -9999.000000 -9999.000000 -9999.000000 -9999.000000 -9999.000000 -9999.000000 -9999.000000 -9999.000000
0.164695 -0.051827 -0.307326 -0.447507 -0.202054 -0.024153 0.080421 0.107043 -0.000608 0.000438 0.031985 0.131041 -0.003874 -0.003802 -0.000360 0.000360 0.012703 0.565041 0.595873 0.616307 0.323388 0.001947 0.120479 0.285052 0.246803 0.214727 0.523236 0.350147 0.736730 0.638529 0.189965 0.157264 0.154560 0.716454 0.955329 1.435680 2.216208 3.387012 4.086269 4.972312 5.793451 7.109680 7.101908 7.614584 7.581725 9.622243 9.583433 10.533964 8.947545 4.603680 -9999.000000 -9999.000000 -9999.000000 -9999.000000 -9999.000000 -9999.000000 -9999.000000 -9999.000000 -9999.000000
1.648972 0.691335 -0.274657 -0.347204 -0.094098 -0.128843 -0.246839 -0.020425 -0.000848 0.000974 0.036087 -0.130692 -0.308649 -0.012096 -0.000360 0.000360 -0.055449 0.176424 0.713802 0.947866 1.023584 0.592793 0.403841 0.551307 0.981573 0.839343 0.768311 1.124175 1.314765 0.620942 0.199317 0.182104 0.187994 0.191329 0.958663 1.790360 2.581731 3.986205 4.592723 5.324074 5.954139 7.271305 7.448823 9.822199 9.678700 11.739946 12.116048 11.394179 9.425764 9.173421 6.881450 -9999.000000 -9999.000000 -9999.000000 -9999.000000 -9999.000000 -9999.000000 -9999.000000 -9999.000000
1.839161 0.883680 0.254967 0.191603 0.092612 0.026965 -0.145841 -0.037250 -0.000914 0.001352 -0.076503 -0.172511 -0.370297 -0.276214 -0.000919 0.000216 0.227107 0.257566 0.451501 0.574602 0.470038 0.550895 0.370702 0.898811 0.710140 0.769673 1.530958 1.742176 1.307388 0.811208 0.827996 0.614460 0.703299 0.291716 1.121050 1.721255 2.837289 2.919351 3.631474 3.089795 4.100686 4.460032 4.215153 6.854530 8.037787 8.032941 8.357748 7.220741 5.073741 4.459085 3.434182 -9999.000000 -9999.000000 -9999.000000 -9999.000000 -9999.000000 -9999.000000 -9999.000000 -9999.000000
1.740029 1.149361 0.470738 0.000382 -0.003618 -0.008933 -0.008583 -0.002270 -0.001172 0.002360 0.143929 0.223235 -0.025633 0.138601 0.238605 0.244309 0.882814 0.404186 0.360220 0.318621 0.128531 0.001065 0.108448 0.589622 0.879357 0.884788 1.601857 0.975931 1.103969 1.669894 1.624388 2.216934 2.171530 1.841887 1.678245 2.150122 1.993445 1.661829 1.152917 1.583641 2.055910 2.559229 2.738392 5.317998 4.325491 4.233377 2.432733 2.386464 1.984158 2.700640 2.181843 0.280525 -9999.000000 -9999.000000 -9999.000000 -9999.000000 -9999.000000 -9999.000000 -9999.000000
0.681166 0.979314 0.393427 -0.014060 0.000000 -0.013451 -0.042277 -0.010744 -0.000330 0.000396 0.030690 0.051199 -0.120548 0.225316 0.314040 0.372392 1.429519 1.044555 0.769469 0.638437 0.177662 0.002300 0.046155 0.298482 0.360024 1.467775 1.973585 1.150973 1.272803 1.750574 1.474178 1.429937 1.519890 1.127647 0.210760 1.653393 0.522434 0.932373 1.105917 1.619737 3.515416 2.921087 5.328659 6.548910 4.934623 4.597978 2.563431 2.487879 1.822366 2.683581 2.373545 -9999.000000 -9999.000000 -9999.000000 -9999.000000 -9999.000000 -9999.000000 -9999.000000 -9999.000000
