use_cases/Flooding_chicago/flooding_data/output/hUx_2100.asc
ncols 337
nrows 393
xllcorner 428428.000000
yllcorner 4602440.000000
cellsize 26.757400
NODATA_value -9999.000000
[rows 208 to 233 of 393, columns 59 to 117 of 337]
0.015528 0.003603 -0.018127 -0.017776 -0.035646 -0.069720 -0.009799 -0.009412 0.000919 0.228186 0.347443 1.059182 0.619787 0.452708 -0.004405 -0.008217 -0.015288 -0.241839 -0.325419 -0.303870 -0.242965 -0.025286 -0.026982 -0.001609 0.000160 0.015574 0.392179 0.187492 0.112036 0.097397 0.056212 0.020068 0.023050 0.039696 0.157839 0.181381 0.218582 0.394355 0.353124 0.134424 0.055806 0.071102 -0.250791 -0.211607 0.011877 0.276244 0.367555 0.420133 0.423040 0.243573 -0.007781 -0.025895 -0.336249 -0.083816 -0.009152 -0.000774 -0.000389 0.000563 0.000756
0.517800 0.425129 0.315597 0.283286 0.165324 0.117295 0.002293 -0.074800 -0.080712 -0.030599 -0.328656 -0.609182 -0.826495 -0.401766 -0.394739 -0.224704 -0.286841 -0.493173 -0.432991 -0.154822 -0.097697 -0.064554 0.016167 0.019390 0.009371 0.004429 -0.162306 -0.121081 -0.127910 -0.127869 -0.274690 -0.204284 -0.195141 -0.079043 -0.108901 -0.167561 -0.204859 -0.096890 -0.052258 -0.049289 -0.079583 -0.122974 -0.191477 -0.166834 -0.110431 -0.099204 -0.222495 -0.337501 -0.554293 -0.035466 -0.000360 0.000360 0.012145 0.009840 0.003107 0.000507 -0.000694 -0.000608 0.000019
0.548907 0.430070 0.386891 0.338685 0.301852 0.127157 0.018698 -0.050551 -0.061193 -0.137858 -0.029517 -0.248578 -0.212594 0.007655 0.122912 -0.038604 -0.145327 -0.172885 -0.004975 0.001390 0.103441 0.100924 0.096311 0.117460 0.035718 0.010008 -0.026466 -0.095205 -0.147115 -0.097484 -0.068387 -0.073628 -0.079145 -0.031905 0.001137 -0.039070 -0.041613 -0.064853 -0.069191 -0.080483 -0.108547 -0.121476 -0.123505 -0.049724 0.064588 0.197200 0.289873 0.123908 -0.134256 -0.074115 -0.000360 0.000360 -0.008526 -0.025012 -0.344057 -0.507798 -0.339337 -0.575666 -0.315662
0.234552 0.250963 0.211545 0.182292 0.147964 0.055349 -0.011379 -0.071929 -0.070491 -0.167560 -0.037114 -0.332149 -0.422164 -0.167731 -0.101244 -0.322316 -0.351403 -0.280804 0.000811 0.024086 0.032229 0.053848 0.046254 0.071647 0.035407 0.244270 0.189642 -0.018239 -0.084900 -0.115910 -0.076325 -0.039448 -0.144963 -0.115101 -0.064114 -0.134399 -0.135629 -0.140675 -0.288116 -0.345447 -0.553161 -0.452289 -0.225066 -0.063903 0.057859 0.074172 -0.079001 -0.012710 -0.018474 -0.036176 -0.029220 -0.037025 -0.662141 -0.874414 -1.115170 -2.277943 -1.724692 -0.741195 -0.907632
-0.056270 -0.145366 -0.156544 -0.168873 -0.190107 -0.188807 -0.211768 -0.220568 -0.166400 -0.142580 -0.273036 -0.340612 -0.380756 -0.456673 -0.657284 -0.517334 -0.094959 0.000000 0.007866 0.007325 0.091580 0.065616 0.059035 0.028000 0.026935 0.479615 0.040311 -0.116690 0.000250 -0.060263 0.012718 0.031769 0.002370 -0.080184 -0.095878 -0.168307 -0.155298 -0.149421 -0.272373 -0.357669 -0.418806 -0.538990 -0.639487 -0.554698 -0.560093 -0.513417 -0.597264 -0.044560 -0.005771 -0.015217 -0.040315 -0.136698 -0.242543 -0.451323 -0.662284 -0.112003 -0.002334 -0.008225 -0.007274
-0.214216 -0.311056 -0.305489 -0.311050 -0.329197 -0.357624 -0.358743 -0.339174 -0.303433 -0.229850 -0.351408 -0.217720 0.000000 0.007728 0.073060 -0.076972 -0.008711 0.000012 0.011350 0.014333 0.002559 0.000749 0.000018 0.000012 0.010059 0.005086 0.001658 0.000011 0.003597 0.002706 0.220701 0.154742 0.026210 -0.153453 -0.234041 -0.394825 -0.301111 -0.383931 -0.344764 -0.479163 -0.640198 -0.839114 -0.900545 -0.955714 -0.471385 -0.515876 -0.015342 -0.000986 -0.001591 -0.000222 0.000222 0.049862 -0.033447 -0.147482 -0.092433 -0.014555 -0.001983 -0.004602 -0.005912
0.033643 -0.002484 -0.009404 -0.004479 0.008462 0.013875 0.026413 0.056988 0.039020 -0.016749 -0.045942 -0.049204 0.000000 0.003663 0.015585 0.001733 -0.000678 0.000312 -0.001242 -0.000899 -0.000020 0.000912 0.000721 0.000563 0.001047 0.000448 -0.000064 0.000358 0.000540 0.011180 0.328553 -0.002611 0.001267 -0.207899 -0.338034 -0.528870 -0.545998 -0.769755 -0.924143 -0.976500 -1.148591 -1.228123 -1.503772 -1.663239 -1.098655 -0.759703 -0.007803 -0.000813 -0.000934 -0.000141 0.000122 -0.545063 -0.426018 -0.397979 -0.074885 -0.019881 0.000000 -0.014960 -0.050583
0.136371 0.128179 0.135242 0.122336 0.279054 0.173876 0.164265 0.102684 -0.035094 -0.099020 -0.062701 -0.010185 0.000000 0.004942 0.002848 -0.001666 -0.000972 -0.001232 -0.001808 -0.002216 0.000000 0.006995 0.016783 0.154130 0.096004 0.124671 0.145044 0.163651 0.158596 0.412024 0.297552 -0.007661 0.002693 0.002268 0.000527 0.000433 -0.327995 -0.404736 -0.754701 -0.693536 -0.812002 -1.143388 -1.370756 -1.778474 -1.874062 -2.036364 -1.576978 -0.603617 -0.753455 -0.543196 -0.908274 -0.976144 -0.809043 -0.539036 -0.019909 -0.007474 0.000000 -0.020097 -0.057882
-0.057785 -0.087705 -0.087161 -0.107960 -0.140916 -0.194437 -0.024115 -0.023408 -0.389674 -0.131678 -0.006548 -0.000378 0.000141 0.015625 0.072206 0.031670 -0.002663 -0.008130 -0.001053 0.000148 0.000261 0.025608 0.335239 0.589593 0.150718 0.153661 0.156433 0.161756 0.147355 0.395063 0.268456 -0.025110 -0.006525 -0.000727 -0.000791 -0.000640 0.000001 0.017289 0.099185 -0.039689 -0.122933 -0.175701 -0.163756 -0.942356 -1.744782 -2.122156 -2.538896 -1.770778 -1.822124 -1.565174 -0.835792 -0.795703 -0.043781 -0.003290 -0.005891 -0.003011 -0.005108 -0.018249 -0.052120
0.048550 0.033840 0.041763 0.040519 0.035544 0.011097 -0.028403 0.019276 -0.112264 -0.118174 -0.000931 -0.000229 0.000007 -0.068884 -0.228281 -0.305486 -0.469035 -0.020342 -0.000045 0.000330 0.001971 0.006653 0.090658 -0.024999 -0.000436 0.000335 0.061808 0.073978 0.065286 -0.001078 0.000669 -0.100826 -0.031239 -0.013976 -0.000576 -0.000545 0.000035 0.009302 0.074788 0.032646 0.311174 0.108348 -0.079644 -0.102275 0.097639 -0.289965 -0.749456 -0.908842 -1.022656 -0.799724 -0.044362 -0.001135 -0.002064 -0.003072 -0.003322 -0.003361 -0.009622 -0.065907 -0.073651
-0.129395 -0.143812 -0.178335 -0.151761 -0.199699 -0.036617 -0.055862 -0.599039 -0.132222 -0.176638 -0.204975 -0.207682 -0.206362 -0.159715 -0.071970 0.034139 0.056789 -0.001340 0.018812 -0.116820 -0.052943 -0.000295 0.000447 0.003144 -0.001007 0.000440 0.000296 -0.090951 -0.004512 0.000001 0.006448 0.004343 -0.000299 -0.000837 -0.000597 0.000204 0.000948 0.019295 0.060477 0.018627 0.009944 -0.000582 0.120375 0.215559 0.385455 0.450969 0.155032 -0.326289 -0.799551 -0.375834 -0.118615 -0.000470 0.000207 0.036266 0.025242 -0.000122 -0.055324 -0.140455 -0.055118
-0.297024 -0.391571 -0.411198 -0.418145 -0.463372 -0.050481 -0.083016 -0.126441 -0.171652 -0.212836 -0.834164 -0.222769 -0.210840 -0.178398 -0.170837 -0.109674 -0.000804 0.000576 0.047808 0.035083 -0.000771 -0.000308 0.000832 0.008729 0.575688 -0.002749 -0.003756 -0.010372 -0.009342 0.000019 -0.002793 -0.001065 -0.002067 -0.000823 -0.000521 0.000437 0.000807 0.006511 0.002158 0.000401 0.006422 0.293870 0.897242 0.613633 0.646018 0.391723 -0.246185 -0.321415 -0.308114 -0.331106 -0.246618 -0.309018 -0.269243 -0.475781 -0.509379 -0.368770 -0.917678 -0.523930 -0.068003
0.060042 0.053915 0.022075 -0.044975 -0.203458 -0.035084 -0.068660 -0.116842 -0.164047 -0.217255 -0.806405 -0.220001 -0.206561 -0.169348 -0.151497 -0.098648 -0.001473 0.000999 0.025260 -0.031465 -0.012380 -0.000013 0.004129 0.002949 0.296127 -0.006716 -0.027652 -0.009035 -0.000596 0.000505 -0.010952 -0.012177 -0.001255 -0.000103 0.000272 0.001214 0.000875 0.001178 0.000596 0.000448 0.066795 0.519912 0.490837 1.027691 0.717831 -0.134015 -0.270250 -0.410101 -0.492954 -0.184708 -0.266155 -0.269704 -0.245078 -0.487815 -0.081441 -0.094500 -0.016766 -0.058800 -0.068612
0.171988 0.173474 0.151058 0.118417 0.003259 -0.084640 -0.286412 -0.098674 -0.000081 0.000626 -0.030118 -0.036722 -0.000332 0.000362 -0.048066 -0.097385 -0.015335 0.000000 0.007410 0.263165 0.225991 0.152571 -0.000271 0.009358 -0.004016 -0.116387 -0.004422 -0.000933 -0.000833 0.001101 -0.284570 -0.124090 -0.000056 0.001609 0.000711 0.001570 -0.003149 0.266661 0.424920 0.691171 0.957760 0.827034 1.441019 0.702913 0.584158 -0.008121 -0.011252 -0.020482 -0.553127 -0.236472 -0.784899 -0.242080 -0.277878 -0.284416 -0.839359 -0.500670 -0.047354 -0.018487 -0.012208
0.031756 0.034266 0.048321 0.056197 -0.004806 -0.025783 -0.062040 -0.007022 0.000000 0.008624 0.104440 0.042878 -0.000006 -0.063731 -0.075566 -0.089459 -0.066134 -0.000250 -0.000434 -0.037748 -0.477242 -0.794201 -1.418140 -0.501090 -0.407904 -0.554280 -0.193854 -0.045441 -0.000364 0.000434 -0.007095 -0.005351 -0.000002 0.014855 0.095565 0.028210 0.030591 0.343256 0.458503 0.690564 0.898557 0.975427 0.885754 0.171357 -0.011616 -0.031419 0.000000 -0.111036 -0.178843 -0.399617 -0.320502 -0.393177 -0.241156 -0.268450 -0.921694 -0.556673 -0.076925 -0.022888 -0.019861
0.076815 0.060643 0.122342 0.118656 0.003326 -0.018883 -0.067948 -0.006993 0.000000 0.006450 -0.665661 -0.844024 -1.224324 -1.375956 -1.295207 -1.110212 -0.955857 -0.850836 -0.751240 -0.596298 -0.312381 -0.077052 -0.014121 -0.026875 -0.037859 -0.037217 -0.069956 -0.033223 -0.041271 -0.033784 -0.021417 0.000000 0.025425 0.123306 0.047605 0.031344 0.034243 0.491739 0.369249 0.425965 0.619728 0.550770 0.502016 -0.039398 -0.082978 -0.156398 -0.196239 -0.181652 -0.193067 -0.328904 -0.238561 -0.237526 -0.111357 -0.001066 0.000065 -0.166300 -0.049797 -0.110738 -0.017724
-0.006037 -0.050532 -0.064366 -0.076834 -0.108530 -0.109500 -0.124008 -0.042595 -0.101273 -0.194384 -0.586416 -0.534429 -0.703388 -0.356908 -0.345602 -0.689053 -0.691265 -1.196330 -0.788176 -0.829432 -0.655863 -0.702474 -0.049851 0.000000 -0.030960 -0.011591 -0.028749 -0.314507 -0.027060 -0.011691 0.015673 0.036590 0.024912 0.126856 0.121557 0.231755 0.402755 0.713950 0.506009 0.626009 0.848064 0.615316 0.312231 -0.282595 -0.505800 -0.594366 -0.226818 -0.225295 -0.214670 -0.463398 -0.458395 -0.614235 -0.529744 -0.011595 -0.000486 0.000182 -0.020556 -0.074022 -0.016085
-0.245143 -0.291363 -0.589862 -0.723999 -0.624394 -0.743703 -0.870820 -2.060479 -1.421493 -1.597955 -1.212252 -0.836898 -0.775958 -0.297640 -0.344953 -0.668672 -0.615488 -0.916245 -0.736215 -0.446396 -1.507883 -0.805370 -0.083407 0.000000 -0.052039 -0.018292 -0.035023 -0.375071 -0.091624 -0.000018 0.032996 0.041103 0.027729 0.126578 0.052095 0.061180 0.249665 0.318653 0.423935 0.557558 0.705369 0.632885 0.304695 -0.106167 -0.180452 -0.327694 -0.258120 -0.271767 -0.266830 -0.241212 -0.190815 -0.142895 -0.142824 -0.009346 -0.001224 -0.002399 -0.004782 -0.016694 -0.013539
-0.375492 -0.457890 -0.550246 -0.650059 -0.761122 -0.875922 -0.998904 -2.004023 -1.366942 -0.228669 -0.242757 -0.768901 -0.006214 -0.000090 0.000284 0.019961 0.169533 0.116303 -0.000395 0.000044 0.000403 -0.173515 -0.065929 -0.083079 -0.141218 -0.020677 0.000003 -0.006787 -0.009341 -0.000747 -0.000375 0.000466 0.037575 0.204575 0.019713 -0.042081 0.044928 0.131374 0.204720 0.268500 0.344752 0.227672 0.142263 0.037452 -0.104484 -0.174232 -0.264179 -0.287069 -0.914862 -0.299047 -0.284091 -0.286011 -0.329065 -0.384837 -0.091583 -0.180756 -0.021719 -0.001189 -0.002532
-0.193527 -0.248651 -0.309118 -0.364426 -0.413347 -0.464174 -0.509959 -0.577877 -0.138539 -0.177741 -0.215011 -0.014711 -0.005247 0.000000 0.005878 0.011314 0.002475 0.000273 -0.000821 0.000072 0.000932 0.036002 -0.259502 -0.269608 -0.008130 -0.000326 0.000208 -0.026278 -0.035033 -0.036291 -0.001321 -0.000259 0.001182 0.009818 0.177763 0.019856 0.010267 0.168083 0.299916 0.364759 0.458808 0.331418 0.297916 0.200985 -0.118902 -0.000909 0.000158 -0.172342 -0.231499 -0.272766 -0.285121 -0.308548 -0.370384 -0.462419 -0.640812 -0.236238 -0.039748 -0.098335 -0.135753
-0.104896 -0.137306 -0.172778 -0.198794 -0.393916 -0.211115 -0.221703 -0.031144 -0.085302 -0.114254 -0.180042 -0.021336 -0.008575 0.000000 0.005878 0.011950 0.002342 -0.000717 -0.001783 0.000000 0.006008 0.287649 0.366021 -0.001901 -0.004745 -0.006780 -0.019981 -0.048358 -0.058135 -0.053073 -0.044731 -0.001414 0.001425 0.001248 0.005156 0.719405 0.372382 0.251157 0.424389 0.612870 0.536803 0.618302 0.456046 0.018840 -0.022277 -0.003875 -0.003396 0.000009 0.047517 -0.000551 -0.136297 -0.178056 -0.235954 -0.390857 -0.257749 -0.488965 -0.593528 -0.088647 -0.168187
-0.103353 -0.141627 -0.276713 -0.266850 -0.299861 -0.244704 -0.082373 -0.001206 -0.002687 -0.005160 -0.040094 -0.003663 0.000000 0.015999 0.053249 0.413470 0.683659 -0.000612 0.000492 0.095967 -0.054831 -0.030163 0.001785 -0.000066 0.089167 -0.268432 -0.298911 -0.049820 -0.001013 -0.001229 -0.001572 -0.000143 0.002182 0.011660 0.269093 0.267777 0.266647 0.159203 0.106125 0.179952 0.213605 0.234787 -0.060949 -0.003271 -0.005040 -0.005547 -0.000253 0.000442 0.031940 0.026519 0.066360 0.013919 -0.026809 -0.005446 -0.000482 0.000037 -0.508662 -0.594078 -0.140576
-0.077459 -0.097790 -0.118868 -0.200203 -0.219114 -0.355064 -0.108033 -0.001817 -0.005168 -0.008343 -0.016092 -0.013341 -0.000365 0.000628 0.001407 -0.068749 -0.024413 -0.000028 0.126552 0.066707 0.029660 -0.000365 -0.085160 -0.123261 -0.160018 -0.178749 -0.248038 -0.024140 -0.001000 -0.001165 -0.001339 0.000046 0.001940 0.109291 0.353724 0.779765 0.627029 0.437531 0.205643 0.046937 0.055489 0.034949 -0.003220 -0.007557 -0.006857 -0.000573 0.000469 0.074610 0.078007 0.065022 0.292235 0.127527 0.030594 -0.455718 -0.035043 -0.000897 0.000299 -1.047942 -0.083658
0.146816 0.161147 0.089830 0.076908 0.041867 -0.053908 -0.178288 -0.115905 -0.014710 -0.000002 0.019647 0.012282 -0.075498 -0.000394 0.000541 0.000648 -0.009344 -0.000419 0.000272 0.140173 0.228045 0.211687 -0.012083 -0.088143 -0.059440 -0.036497 -0.035161 -0.142296 -0.008649 -0.009853 -0.007141 -0.000508 0.000629 0.161342 0.280782 0.465965 0.098421 0.147103 0.175387 0.200444 0.121315 0.031147 -0.134257 -0.008747 -0.009743 -0.000458 0.000527 0.051690 0.074370 0.081341 0.160434 -0.105343 -0.224940 -0.549142 -0.041312 -0.003786 -0.004975 -0.010465 -0.020007
-0.128018 -0.110307 -0.051484 -0.001276 -0.009606 -0.020077 -0.041965 -0.106344 -0.014655 -0.000068 -0.062239 -0.055791 0.021999 0.043110 0.039111 0.025029 0.070379 0.064833 -0.001217 -0.000788 -0.000297 0.000032 0.001386 0.001320 -0.005582 -0.014018 -0.035114 -0.052747 -0.005221 -0.003809 -0.001870 -0.001000 0.000027 0.160674 0.275499 0.241320 0.221567 0.302776 0.303239 0.329409 0.275464 0.197171 -0.126307 -0.004444 -0.009912 -0.000016 0.026008 0.041908 0.072898 0.091868 0.040047 0.069804 -0.001851 -0.002687 -0.002928 -0.003241 -0.000259 -0.000189 -0.000529
-0.061662 -0.022827 -0.000575 -0.009204 -0.000098 0.001024 -0.010499 -0.117120 -0.017523 -0.001429 -0.000024 0.000188 0.000873 0.031900 0.031684 0.019553 0.049613 0.034996 -0.001129 -0.001385 -0.000222 0.000222 0.002887 0.002481 0.007041 0.001010 -0.006452 -0.001782 -0.001288 0.000727 0.246888 0.284240 0.167545 0.178031 0.432246 0.348163 0.533022 0.469981 0.543234 0.503045 0.313564 0.067194 -0.013707 -0.000112 0.001000 0.089831 0.038143 0.015412 0.004456 -0.000208 0.000326 -0.000626 -0.001481 -0.002654 -0.003145 0.000000 0.011608 -0.086823 -0.172889
