use_cases/Flooding_chicago/flooding_data/output/hUx_1680.asc
ncols 337
nrows 393
xllcorner 428428.000000
yllcorner 4602440.000000
cellsize 26.757400
NODATA_value -9999.000000
[rows 104 to 129 of 393, columns 236 to 294 of 337]
0.427471 0.030783 0.100488 0.122038 0.143988 0.782665 0.407824 0.082755 0.008744 -0.000130 0.000130 0.062792 0.425901 0.926482 0.509269 -0.094428 -0.027288 -0.002013 -0.001629 0.002259 0.001873 0.082309 -0.017844 -0.091441 -0.000464 0.000569 0.007037 0.036620 0.007093 0.001253 0.112540 0.081606 -0.000326 0.000208 1.021268 2.648788 2.374163 2.186252 1.206865 1.171943 0.685515 0.410858 0.353701 0.024765 -0.253723 -0.450097 -0.662354 -0.003245 0.000000 0.007421 0.221321 0.298638 -0.173331 -0.029477 -0.100999 -0.082256 -0.014401 -0.000006 0.006104
2.638341 2.151580 2.072603 1.263773 1.414017 1.406118 0.134479 -0.080780 -0.222769 -0.004610 0.000540 0.285605 0.531306 0.682514 0.403140 -0.101122 -0.017307 -0.026615 -0.001476 0.001066 0.001589 0.005397 0.076974 0.020456 -0.000542 0.000312 0.000573 0.000330 -0.000003 0.008998 0.028042 0.223931 0.332374 1.222018 1.190325 1.138376 1.743645 0.964891 0.688597 0.840196 0.621848 0.324311 0.041684 -0.257272 -0.643552 -0.908704 -0.024804 -0.004489 0.000001 0.018284 0.072968 -0.000642 -0.000214 0.000002 -0.001304 -0.019756 -0.015702 -0.000136 0.000200
1.059168 0.736119 0.725929 0.701966 0.527111 0.152754 0.095007 0.060409 0.000000 0.054086 0.072518 0.924431 0.982057 1.132190 0.855591 -0.043805 -0.039488 -0.009512 -0.000535 0.000632 0.011166 0.079759 0.001365 0.001921 0.010461 0.010176 0.003336 0.001769 -0.000208 0.000326 0.014745 0.317571 0.338538 0.592421 0.380521 0.112430 0.112740 0.960906 0.430483 0.421845 0.454252 -0.040823 -0.251470 -0.303036 -0.302959 -0.799398 -0.026389 -0.000100 0.000088 0.010690 0.000607 -0.005962 -0.000424 0.000079 0.000116 0.000138 -0.000120 -0.001141 -0.000080
0.114425 0.188461 0.306202 0.377178 0.274114 0.315641 0.132048 0.117084 0.135130 0.151797 1.258219 2.026336 2.560027 1.530267 1.298189 -0.006548 -0.026266 -0.006996 -0.000023 0.012021 0.021016 -0.576771 -0.086338 -0.002951 0.003472 0.006104 0.002019 -0.000308 -0.000106 0.000153 0.002266 0.001780 0.189951 0.736185 0.315754 0.108445 0.148377 0.396732 0.219272 -0.514135 -0.587777 -0.051652 -0.000935 0.123261 0.459160 -0.448269 -0.057112 -0.000360 0.000360 0.000212 -0.001300 -0.015573 -0.006234 -0.000201 0.000084 0.005723 0.012687 0.001586 0.000117
0.282190 0.377324 0.596244 0.639379 0.690672 0.570724 0.609197 0.690427 0.860307 1.098828 1.217041 1.803283 1.442281 0.455656 -0.022303 -0.005557 -0.008106 -0.007193 -0.000001 0.006487 0.020764 -0.713277 -0.071250 -0.002597 0.001491 0.003080 0.133161 0.093649 -0.000001 -0.061494 -0.065999 0.000081 0.121338 0.698479 0.145924 0.009754 0.068012 0.082038 0.114725 -0.043555 -0.094590 -0.018826 -0.008438 0.038858 -0.110858 -0.339806 -0.075007 -0.000360 0.000360 0.000114 -0.002885 -0.003082 -0.013793 -0.005982 0.000003 0.008958 0.018577 0.014752 0.002997
0.397651 0.332678 0.528103 0.579430 0.607602 0.465118 0.442089 0.407826 0.627578 0.664398 0.859606 0.606384 0.089386 0.043552 -0.001725 -0.003483 -0.003531 0.000959 0.001425 0.022196 -0.079829 -0.164479 -0.001110 -0.000879 0.000792 0.023235 0.540175 0.617071 0.025786 -0.154065 -0.173281 -0.088481 -0.024553 -0.076486 -0.066676 -0.008187 0.008998 0.135056 0.155787 -0.217891 -0.195213 -0.075731 -0.065592 -0.092168 -0.256635 -0.394614 -0.120447 -0.000379 -0.000502 -0.003206 -0.014335 -0.012090 -0.004601 -0.000326 0.000208 0.007128 0.009395 0.021620 0.100199
0.337229 0.320304 0.453749 0.588861 0.737761 0.687940 0.463570 0.430857 0.615359 0.569033 0.624595 0.343856 -0.219600 -0.006992 -0.000058 -0.001332 -0.001378 0.000100 0.001274 0.022948 -0.007731 -0.027368 -0.001116 -0.000367 0.100641 -0.092041 -0.150454 -0.126245 -0.127024 -0.092132 -0.091978 -0.121936 -0.172968 -0.218145 -0.214347 -0.028412 0.043924 0.109204 0.221517 -0.029836 -0.121282 -0.221838 -0.089246 -0.168933 -0.283572 -0.500107 -0.245196 -0.000618 -0.001194 -0.001291 -0.002515 -0.001370 -0.009507 -0.005446 -0.000067 0.000600 0.013840 0.027856 0.114628
1.029959 1.102585 1.114045 1.291653 1.335291 1.347546 0.928510 0.831894 1.017865 1.077038 0.794630 0.477054 -0.000636 -0.000460 0.000131 0.000169 -0.001516 -0.000805 0.001096 0.003191 0.044599 0.131841 -0.053991 -0.219170 -0.306154 -0.413512 -0.414246 -0.308495 -0.264902 -0.076245 -0.148916 -0.098234 -0.151329 -0.156075 -0.042151 0.070987 0.396528 0.539426 0.196078 0.032048 -0.382003 -0.588669 -0.164516 -0.087364 -0.169438 -0.278085 -0.254365 -0.001096 -0.002347 -0.000957 -0.002118 -0.020776 -0.018015 -0.005674 -0.000146 0.000024 0.000365 0.012490 0.114761
2.059475 2.041406 2.439951 2.100427 2.093725 2.046558 1.870047 1.760647 1.913727 1.803939 1.373393 0.716118 0.187309 0.120692 0.141884 0.121546 0.092806 -0.008744 0.000068 0.017387 0.282470 0.263876 0.182123 0.048943 -0.006000 0.001666 0.008870 -0.056035 -0.063306 -0.117122 -0.013374 0.000004 -0.143342 -0.181281 0.042866 0.986160 1.450918 0.812578 0.605165 0.636779 0.227704 -0.049914 -0.163121 -0.131318 -0.252398 -0.345625 -0.524071 -0.637907 0.163702 0.159438 -0.068998 -0.061769 -0.021391 -0.006059 -0.004395 -0.000223 -0.000433 0.000575 0.017539
1.258818 1.248585 1.221990 1.062160 1.028862 0.996690 1.261034 1.336284 1.011862 0.945191 0.553603 0.172569 0.152035 0.097526 0.821268 0.285821 0.407474 0.418292 0.166058 -0.044378 -0.259824 -0.260806 -0.218683 -0.185192 -0.140116 -0.129022 -0.237148 -0.176244 -0.001547 0.001162 -0.000521 0.000126 -0.201511 -0.277990 0.416594 2.378776 1.610283 1.442020 0.700960 0.503728 -0.001823 -0.004767 -0.012111 -0.068843 -0.007794 0.000000 -0.586363 -0.598120 -0.707522 -0.648299 -0.658221 -0.808921 -0.111691 -0.037450 -0.020010 -0.004031 -0.079286 -0.003658 0.002184
0.908368 0.963976 0.853687 0.728492 0.472920 0.709291 0.849833 0.844505 0.630744 0.426512 0.139209 0.099633 0.000000 0.023143 0.013659 0.143339 0.107853 0.195011 0.175477 0.004640 -0.091204 -0.168017 -0.209273 -0.265391 -0.278317 -0.312830 -0.421148 -0.313841 -0.190701 -0.001569 -0.000670 -0.001127 -0.127898 -0.383307 0.000051 0.216113 -0.113042 -0.120950 -0.093589 -0.286134 -0.008149 -0.000586 -0.001328 -0.002179 -0.000900 0.000000 -0.525740 -1.005285 -1.261572 -1.085342 -1.127254 -1.174958 -0.176210 -0.048851 -0.196179 -0.186886 -0.117634 -0.001272 0.000605
0.953583 0.587205 0.304805 0.261412 0.170880 0.131706 0.568067 0.497016 0.011897 0.037697 0.053367 0.055650 0.028327 0.016862 0.012887 0.133985 0.015956 0.054376 0.057851 -0.053448 -0.118782 -0.252511 -0.306945 -0.407836 -0.496980 -0.554929 -0.671588 -0.647621 -0.682824 -0.675353 -0.666455 -0.137829 -0.006332 0.267958 -0.141177 -0.137543 -0.104092 -0.136035 -0.032127 -0.035352 -0.009747 -0.000891 0.000345 -0.020428 -0.011679 0.000000 0.006947 -0.007481 -0.330662 -0.287933 -0.265367 -0.503900 -0.114021 -0.030417 -0.028429 -0.024993 -0.031419 -0.000063 -9999.000000
0.330823 0.134827 0.061362 -0.044041 -0.365218 -0.012600 -0.000428 0.000112 0.011465 0.115091 0.311933 0.199082 0.053005 -0.098808 -0.122164 -0.116757 -0.146268 -0.102470 -0.048297 -0.030271 -0.059313 -0.071775 -0.089529 -0.125598 -0.144966 -0.130176 -0.134344 -0.101721 -0.263680 -0.418750 -0.735673 -0.177211 -0.043541 -0.040042 -0.752952 -0.195616 -0.067688 -0.039010 -0.045830 -0.016975 -0.002358 -0.004784 -0.001382 -0.000672 -0.002624 0.000000 0.009161 0.065764 0.308445 0.116535 0.128780 -0.219058 -0.106157 -0.000518 -0.000236 0.000422 0.000415 -9999.000000 -9999.000000
0.278275 0.238123 0.209436 0.222356 -0.017431 -0.015265 -0.008525 0.000000 0.010060 0.665258 0.264917 0.132381 0.051938 -0.038333 -0.042414 -0.013444 0.020501 0.119635 0.266730 0.181114 0.132916 0.115667 0.081373 0.015871 -0.001567 0.038950 0.093323 0.061045 0.110553 -0.043882 -0.185951 -0.104212 -0.081857 -0.158003 -0.974298 -0.440725 -0.156705 -0.019262 -0.012065 -0.033249 -0.102160 -0.027907 -0.000569 0.000247 0.000554 0.000476 0.000913 0.043709 0.121311 0.963721 1.103072 0.900948 -0.015904 -0.007518 -0.000007 -9999.000000 -9999.000000 -9999.000000 -9999.000000
1.315904 0.223334 -0.076232 -0.420347 -0.018866 -0.017835 -0.012967 0.000000 0.017668 0.652426 0.210370 0.098711 0.137843 0.280679 0.285308 0.247185 0.281455 0.545744 0.677854 0.642928 0.590375 0.651769 0.579900 0.661598 0.623463 0.668747 0.693436 0.473850 0.095730 -0.029053 -0.123154 -0.068329 -0.009223 -0.559173 -0.825226 -1.046090 -0.384086 -0.012240 -0.011947 -0.003186 -0.010149 -0.013792 -0.000394 0.000331 0.051734 0.222115 0.178338 0.113816 0.149422 1.200044 -0.006520 -0.000314 -0.000972 -0.000142 -9999.000000 -9999.000000 -9999.000000 -9999.000000 -9999.000000
1.492980 0.186562 0.001453 -0.102828 -0.187619 -0.062271 -0.011380 0.000000 0.003989 0.014805 0.110426 0.076780 0.138506 0.346610 0.290134 0.260177 0.318279 0.421010 0.557816 0.589201 0.438161 0.602959 0.702066 0.539954 0.712996 0.265969 0.645237 -0.008950 -0.001768 -0.007782 -0.046279 -0.049550 -0.072727 -0.182091 -0.215495 -0.705096 -0.414062 -0.683644 -0.379991 -0.169834 -0.018493 -0.037234 -0.018692 0.010770 0.030325 0.022371 0.004815 0.059190 0.190282 0.430926 -0.111313 -0.010560 0.000000 -9999.000000 -9999.000000 -9999.000000 -9999.000000 -9999.000000 -9999.000000
0.083222 -0.000119 0.000172 -0.011584 -0.004131 -0.003345 -0.000764 0.000216 0.007571 0.018527 0.084729 0.012599 0.019152 0.022611 0.045474 -0.042139 -0.091149 -0.058076 0.015246 0.031630 -0.040307 -0.154456 -0.171169 -0.448654 -0.064840 -0.047428 -0.038151 -0.017061 -0.000015 0.008840 0.011542 0.001110 -0.000897 0.005437 -0.009620 -0.670167 -0.294640 -0.379112 -0.235367 -0.190967 -0.263162 -0.053522 -0.081420 -0.026021 0.032165 0.016698 0.000000 0.007035 0.043552 0.010842 0.005667 0.005374 -9999.000000 -9999.000000 -9999.000000 -9999.000000 -9999.000000 -9999.000000 -9999.000000
-0.000313 -0.000055 0.000300 0.001065 0.000236 -0.000109 0.001144 0.009557 0.399531 -0.036301 -0.126267 -0.137764 -0.112088 -0.096278 -0.078300 -0.132502 -0.218615 -0.307190 -0.330465 -0.376002 -0.179901 -0.644440 -0.556255 -0.061973 -0.045229 -0.043813 -0.030877 -0.003024 -0.000211 0.001276 0.005670 0.021820 0.000011 0.075236 0.274364 -0.957088 -0.675918 -0.046548 -0.019584 -0.017274 -0.037930 -0.050579 -0.146106 -0.167795 -0.203596 -0.017171 0.000001 0.019884 0.053351 0.017929 0.009275 0.011134 -9999.000000 -9999.000000 -9999.000000 -9999.000000 -9999.000000 -9999.000000 -9999.000000
-0.000517 -0.000114 0.000180 0.000200 -0.000111 0.000437 0.014403 -0.314753 -0.346488 -0.372517 -0.364062 -0.313320 -0.248359 -0.222986 -0.115630 -0.086138 -0.153660 -0.138701 -0.100531 -0.283173 -0.236475 -0.843090 -0.754016 -0.067242 -0.089784 -0.085840 -0.041511 -0.006320 -0.003316 -0.000300 0.000502 0.000402 0.000398 0.072625 0.380468 -1.325024 -0.762365 -0.078075 -0.015740 -0.000109 0.008250 0.017516 0.088858 0.046105 -0.145218 -0.022517 0.000036 0.026530 0.040832 0.007453 0.008741 0.003868 -9999.000000 -9999.000000 -9999.000000 -9999.000000 -9999.000000 -9999.000000 -9999.000000
-0.005690 -0.001466 -0.000127 0.000738 0.001107 0.007696 0.025366 0.106358 0.084227 -0.002204 -0.061047 -0.053504 -0.029673 0.001803 0.085734 0.123309 0.131234 0.186538 0.240996 0.113972 0.070662 0.241614 0.233235 -0.083121 -0.069492 -0.025801 -0.002106 -0.005988 -0.002140 -0.004292 -0.000248 0.000112 0.001109 0.039447 0.164635 -1.219862 -1.033273 -0.061914 -0.002814 -0.001603 -0.002892 -0.006732 -0.000911 -0.001291 -0.000434 -0.000585 0.000520 0.008463 0.002937 0.000886 0.001013 -9999.000000 -9999.000000 -9999.000000 -9999.000000 -9999.000000 -9999.000000 -9999.000000 -9999.000000
-0.081485 -0.016567 0.000001 0.002970 0.001985 0.008155 0.025082 0.543251 0.254770 0.166750 0.077298 0.182500 0.222123 0.236832 0.311447 0.287843 0.333035 0.300176 0.404279 0.297375 0.119013 -0.042040 -0.960087 -0.070636 -0.035415 -0.019325 -0.010166 -0.001780 -0.003546 -0.000681 -0.000000 0.000681 0.010258 0.084155 0.166349 -0.666941 -1.553563 -0.165342 -0.010679 -0.016595 -0.034667 -0.045166 -0.015127 -0.000741 -0.000974 -0.000002 0.008587 0.020764 0.000049 0.000530 -9999.000000 -9999.000000 -9999.000000 -9999.000000 -9999.000000 -9999.000000 -9999.000000 -9999.000000 -9999.000000
-0.032663 -0.016793 0.000041 0.010126 0.021391 0.026696 0.025650 -0.005040 -0.031852 -0.161887 -0.049276 0.158177 0.267374 0.382343 0.356300 0.270000 0.177236 -0.041764 -0.116570 -0.109233 -0.024335 -0.002472 -0.025170 -0.030474 -0.020079 -0.004719 0.000107 0.001031 0.001535 -0.000681 -0.000000 0.000681 0.007650 0.118077 0.212974 0.046523 -2.847984 -1.790524 -0.020547 -0.012794 -0.030989 -0.034549 -0.018926 -0.001255 -0.002447 -0.000076 0.005569 0.010070 0.002014 -9999.000000 -9999.000000 -9999.000000 -9999.000000 -9999.000000 -9999.000000 -9999.000000 -9999.000000 -9999.000000 -9999.000000
-0.000225 0.000313 0.001234 0.015285 0.021310 0.017925 0.004048 0.079552 0.756904 0.897798 1.015644 0.832482 0.978259 1.078720 0.187961 0.040998 -0.027744 -0.848062 -1.116079 -1.089184 -0.083355 -0.058381 -0.038600 -0.025892 -0.011805 0.000000 0.006245 0.014181 0.002540 0.366762 0.415728 0.334400 0.519245 0.260359 0.094022 0.065211 -1.123466 -1.597438 -0.881120 -0.092156 -0.069619 -0.058440 -0.025816 -0.064824 -0.017174 -0.001448 0.000390 0.001249 -9999.000000 -9999.000000 -9999.000000 -9999.000000 -9999.000000 -9999.000000 -9999.000000 -9999.000000 -9999.000000 -9999.000000 -9999.000000
0.000169 0.005844 0.058731 0.105236 0.774240 0.604268 0.158638 0.100582 0.164466 0.931992 0.512616 0.324776 -0.055833 -0.027126 -0.006367 -0.002484 0.009471 0.010408 -0.020307 -0.132827 -0.067710 -0.065502 -0.041584 -0.022716 -0.007573 0.000000 0.007463 0.016509 0.348540 0.338650 -0.000335 0.000025 0.000337 0.002085 0.002830 0.012004 0.194379 -0.815426 -0.921878 -0.097877 -0.039626 -0.019569 -0.033584 -0.069858 -0.015177 -0.000876 0.000317 -9999.000000 -9999.000000 -9999.000000 -9999.000000 -9999.000000 -9999.000000 -9999.000000 -9999.000000 -9999.000000 -9999.000000 -9999.000000 -9999.000000
0.000415 0.011062 0.026058 0.090919 0.151961 -0.059540 0.180912 0.138008 0.280406 1.226621 0.675054 0.315413 -0.565442 -0.018626 -0.000088 0.009522 0.015066 0.008962 0.002168 -0.192625 -0.113562 -0.088860 -0.039489 -0.041161 -0.011850 0.000000 0.027048 0.242025 0.078349 -0.016121 -0.000669 0.000056 0.000704 0.010793 0.028405 0.041657 0.192094 -0.614101 -0.701368 -0.041332 -0.016471 -0.031463 -0.036811 -0.077438 -0.012722 -0.003026 0.000606 0.002753 -9999.000000 -9999.000000 -9999.000000 -9999.000000 -9999.000000 -9999.000000 -9999.000000 -9999.000000 -9999.000000 -9999.000000 -9999.000000
0.001132 0.001770 0.027508 0.023263 0.027886 0.019376 0.018856 0.056500 0.234499 0.249601 0.121539 -0.005203 -0.024654 -0.004950 -0.001043 0.003694 -0.013225 -0.002833 -0.006102 -0.021560 -0.058962 -0.042658 -0.055059 -0.028885 -0.002156 0.001601 0.021316 0.126792 -0.042125 -0.025188 -0.000794 0.000308 0.000755 0.017996 0.041655 0.058186 0.749389 -0.056393 -0.154678 -0.029519 -0.025015 -0.157294 -0.130225 -0.134057 -0.080776 -0.000639 0.001368 0.003631 -9999.000000 -9999.000000 -9999.000000 -9999.000000 -9999.000000 -9999.000000 -9999.000000 -9999.000000 -9999.000000 -9999.000000 -9999.000000
