use_cases/Flooding_chicago/flooding_data/output/hUx_540.asc
ncols 337
nrows 393
xllcorner 428428.000000
yllcorner 4602440.000000
cellsize 26.757400
NODATA_value -9999.000000
[rows 104 to 129 of 393, columns 177 to 235 of 337]
-0.026089 -0.053753 -0.164664 -0.039335 -0.016774 -0.001285 -0.009132 -0.004142 0.000000 0.003070 0.002095 0.013959 0.022954 0.034457 0.030562 0.043125 0.575189 0.753848 0.105951 0.038195 -0.016315 -0.192372 -0.301486 -0.350533 -0.046940 -0.147850 -0.352515 -0.567338 -0.697958 -0.299242 -0.295506 -0.204076 -0.017964 -0.023023 -0.004693 -0.000001 0.008910 0.083379 0.492094 0.031789 0.015484 0.038554 0.168382 0.004152 -0.059158 -0.101422 -0.000640 0.000806 -0.395708 -0.135338 0.000047 -0.001717 0.000396 0.006295 0.046080 0.555186 -0.001142 0.001008 0.001040
0.000281 0.001164 0.000668 -0.001095 -0.000999 -0.002198 -0.020850 -0.020375 -0.006833 -0.000034 0.000688 0.008633 0.056814 0.258293 0.995326 0.749897 0.715757 0.511014 0.377370 0.076774 -0.067601 -0.252830 -0.342865 -0.350084 -0.151887 -0.075980 -0.659106 -0.444536 -0.014445 -0.000024 -0.140310 -0.178876 -0.162917 -0.079236 -0.006028 -0.000058 0.000792 0.009946 0.056471 0.018656 0.007776 0.024121 0.131758 0.129401 -0.080941 -0.000360 0.000360 0.009935 0.209729 0.092086 0.086396 0.107406 0.070475 0.086430 0.108373 0.904392 0.244635 0.232978 0.180906
-0.000017 0.009164 0.022405 0.027687 0.295068 0.227477 0.204042 -0.230199 -0.020955 -0.008068 0.000020 0.008579 0.027529 0.212422 0.039643 -0.205785 -0.647216 -0.496345 -0.299612 -0.109066 -0.322677 -0.434330 -0.491657 -0.581849 -1.038632 -0.917337 -1.388833 -0.314892 -0.013231 -0.000738 0.000185 -0.018069 -0.030821 -0.024841 -0.011398 0.000022 0.013470 0.019918 0.027914 0.006639 0.004866 0.004558 0.001341 -0.048471 -0.004488 -0.000360 0.000360 0.017912 0.167144 0.092694 -0.000222 0.000222 0.031570 0.075540 0.066176 0.128131 -0.022219 -0.000138 0.000131
-0.000715 -0.000214 0.000145 0.003684 -0.011440 -0.083269 0.022708 0.034976 0.157451 0.207010 0.213060 0.154680 0.311189 0.117267 0.016221 0.001224 0.000534 0.000225 0.000312 0.000296 0.012256 -0.148469 -0.150751 -0.264758 -0.408624 -0.832622 -0.537445 -0.020578 -0.019732 -0.012027 -0.000367 -0.000411 -0.008242 -0.003399 0.001595 0.000862 0.010287 0.021440 0.030537 0.027811 0.002473 0.001619 -0.055636 -0.080180 -0.000588 -0.000844 0.001273 0.003096 0.085275 0.113955 0.118546 0.050433 0.055685 0.079135 0.094049 0.232043 -0.005438 -0.000405 0.000323
-0.019968 -0.006725 0.000000 0.015752 0.105791 0.039173 -0.000510 0.163394 0.136078 -0.000191 0.043055 0.037500 -0.016046 -0.008123 -0.000435 -0.000313 0.000001 0.004059 0.008854 0.001228 0.012571 0.051042 0.107607 -0.001958 -0.006937 -0.030432 -0.048010 -0.041020 -0.030220 -0.032345 -0.006922 -0.000165 0.000116 0.008697 0.029963 0.048464 0.093115 0.141424 0.233934 0.100373 0.040083 0.078497 -0.249994 -0.289129 -0.091234 -0.060498 -0.000090 0.064666 0.076858 0.079854 0.063880 0.138434 0.212427 0.228141 0.530639 0.815962 0.187244 -0.000587 0.000418
-0.486978 -0.009417 0.000000 0.033559 0.196604 -0.007682 -0.004820 -0.002047 -0.003232 -0.004195 -0.012352 -0.008154 -0.000855 -0.010976 -0.007875 -0.000663 0.000068 0.000711 0.007074 0.016503 0.025767 0.087514 -0.001048 -0.018138 -0.037076 -0.052984 -0.047923 -0.018763 -0.001219 -0.003146 -0.000441 -0.000549 -0.000103 0.000604 0.010947 0.038487 0.029820 0.023565 0.021714 0.097888 0.039193 0.157361 0.273598 0.068373 0.011534 -0.000794 -0.000676 0.000016 0.000578 0.000318 0.000931 0.070789 0.130302 0.156651 0.059442 -0.119946 -0.401437 -0.018983 0.000013
0.001062 0.000021 0.000000 0.001887 0.000484 -0.003076 -0.007331 -0.016317 -0.008401 -0.029965 -0.014384 -0.008360 -0.000682 -0.000250 -0.000268 -0.000418 0.000446 0.000787 0.007107 0.027353 0.054703 0.192449 -0.103813 -0.012159 -0.005095 -0.001688 -0.017463 -0.018569 0.000001 -0.005873 -0.001483 -0.004553 -0.000544 0.000304 0.000573 0.007208 0.026035 0.026144 0.022575 0.100836 0.400301 0.019946 -0.280926 -0.034890 -0.024560 -0.008170 -0.000003 -0.000071 -0.000095 0.000402 0.009685 0.040497 0.054064 0.063519 0.031145 -0.120008 -0.416363 -0.013450 0.000000
0.006670 0.031488 0.002981 -0.000717 -0.000874 0.000000 0.000617 0.001232 -0.011373 -0.040826 -0.014295 -0.008215 -0.000406 0.000312 0.000649 0.000455 0.000443 0.000452 0.011132 0.045561 0.059119 -0.155303 -0.021825 -0.014776 -0.000583 -0.000846 -0.001222 -0.001738 0.000019 0.006026 0.000579 -0.001071 -0.000105 0.000237 0.000352 0.013319 0.020514 0.030518 0.350371 0.205141 0.150530 0.039608 -0.365536 -0.032809 -0.023336 -0.005267 -0.000201 0.000022 0.000006 0.009527 0.028937 0.087456 0.523996 0.409988 0.275473 0.296645 0.084658 -0.000959 0.000104
0.008523 0.039675 -0.018863 -0.018679 -0.009464 0.000000 0.009808 0.029363 0.047448 0.015261 -0.000436 -0.025435 -0.006264 -0.000194 0.000075 0.000367 -0.002073 -0.001105 0.008917 0.009105 0.019434 -0.756515 -0.019462 -0.010323 -0.001051 -0.000416 -0.000245 0.000247 0.000440 0.021461 0.021809 0.004076 0.000902 0.000454 0.000354 0.014422 0.027538 0.039659 -0.024863 -0.032770 -0.013874 -0.365497 -1.442908 -0.054843 -0.031734 -0.023809 -0.008381 -0.000330 0.000396 0.015324 0.043041 0.073760 0.324775 0.003396 0.009660 0.141934 0.198024 0.190971 0.068240
0.015973 0.180372 0.091219 -0.026292 -0.007595 0.000000 0.008312 0.014810 0.046018 0.170465 0.063924 0.012433 -0.074544 -0.018934 -0.005493 -0.015435 -0.025303 -0.028828 -0.000494 0.000071 0.006683 0.013752 -0.023203 -0.013150 -0.006325 -0.000786 -0.001280 -0.001276 0.000000 0.013283 0.077222 0.009576 0.018156 0.020947 0.002248 0.019429 0.033240 1.058076 -0.124404 -0.140384 -0.035718 -0.101962 -0.286877 -0.084379 -0.042179 -0.013589 -0.014375 -0.000401 0.000555 0.018877 0.029951 0.031643 0.041584 0.044684 0.286642 0.001397 0.000666 0.000463 0.155424
0.076613 -0.107648 -0.138500 -0.038906 -0.013480 0.000001 0.012016 0.017124 0.018745 0.110202 -0.022546 -0.090350 -0.190199 -0.027640 -0.000480 -0.083310 -0.044902 -0.009035 -0.006230 0.000000 0.007869 0.146549 -0.021875 -0.022960 -0.020160 -0.009277 -0.001163 -0.001385 0.000000 0.031485 0.082499 0.135056 0.197080 0.302201 0.157007 0.394062 1.043836 2.666174 2.122849 1.030090 0.554234 -0.300958 -0.068764 -0.083010 -0.091296 -0.074991 -0.012762 -0.000013 0.009884 0.011621 0.009857 0.019684 0.024113 0.030061 0.025194 0.034471 0.043734 0.007574 0.138304
0.290117 0.148056 0.073732 -0.008892 -0.000381 0.000328 0.007720 0.016976 0.003922 -0.013331 -0.024949 -0.032724 -0.002494 -0.003117 0.001661 -0.176717 -0.034614 -0.008521 -0.000182 0.008523 0.125697 -0.108917 -0.140456 -0.025948 -0.028418 -0.026866 -0.022175 -0.012549 0.000000 0.005836 0.035757 0.099607 0.127230 0.041774 0.141380 0.476732 0.489063 0.309940 0.270727 0.037855 -0.325415 -0.044793 -0.030626 -0.027217 -0.025337 -0.016030 -0.001376 0.001332 0.008474 0.021590 0.035617 0.028805 0.026389 0.005079 0.022814 0.039443 0.056355 0.210589 0.637204
0.106525 0.009697 0.001212 -0.008329 -0.000007 0.007950 0.020060 0.011874 0.001753 -0.003751 -0.010863 -0.015337 -0.001329 -0.000861 0.001137 0.095021 0.264051 -0.003830 -0.012658 -0.010462 -0.148655 -0.120410 -0.152375 -0.166978 -0.066680 -0.028232 -0.009130 -0.000244 0.005092 0.016781 0.015195 0.002699 0.008903 0.030056 0.006074 0.116162 0.090357 0.017833 0.002288 -0.002167 -0.028516 -0.036003 -0.033414 -0.008145 -0.001535 -0.001796 0.000000 0.010960 0.023521 0.034615 0.034192 0.038457 0.037086 0.066031 0.041665 0.036148 0.036063 0.257000 0.267658
-0.000606 -0.040439 -0.131847 -0.007231 -0.000000 0.007220 0.025973 0.136695 -0.090480 -0.082975 -0.052615 0.003279 0.013304 0.000190 -0.000134 0.000838 0.161871 0.101862 -0.076600 -0.108072 -0.030429 -0.063003 -0.077345 -0.112986 -0.046141 -0.106223 -0.024261 -0.000008 0.000786 0.008085 0.034709 0.016425 0.006359 0.018259 0.583666 0.405245 0.156778 -0.000202 -0.000008 0.000660 0.001545 -0.006965 -0.026429 -0.008649 -0.002503 -0.003953 0.000000 0.007434 0.039883 0.037671 0.044124 0.025830 0.057380 0.020041 0.083587 0.137949 0.535366 0.468237 0.311231
-0.173281 -0.238278 -0.020808 -0.000985 0.000709 -0.018248 -0.052768 -0.154022 -0.073503 0.004172 0.001375 0.006650 0.008361 0.000756 -0.000267 0.000471 -0.012033 -0.114460 -0.039952 -0.013492 -0.038464 -0.048142 -0.501636 -0.141741 -0.040108 -0.002537 -0.004080 0.002260 0.168297 0.632752 0.093852 0.210310 0.162026 0.439528 0.254339 -0.041493 -0.010877 -0.000294 0.000537 0.009438 0.031282 -0.005735 -0.024404 -0.065468 -0.042625 -0.016588 0.000000 0.013599 0.031942 0.044547 0.050667 0.056615 0.021330 0.008765 0.085751 0.135422 0.600432 1.195233 1.071274
-0.662223 -0.043628 -0.021098 -0.000018 0.018722 0.082834 0.069055 0.056383 -0.083863 0.000000 0.000962 0.005104 0.008640 0.011101 0.012704 0.003256 -0.048902 -0.036912 -0.073039 -0.066452 -0.029945 -0.045727 -0.455404 -0.111929 -0.026881 -0.000671 -0.000017 0.023156 0.133142 0.080544 0.064948 0.178736 0.145282 0.408690 0.300269 -0.011669 -0.001316 -0.000210 0.001569 0.017076 0.050980 0.013503 -0.011504 -0.047115 -0.030492 -0.012686 0.000000 0.015638 0.034735 0.054127 0.056988 0.019535 0.259705 0.578907 0.363403 0.233057 0.747627 1.515844 0.930991
-0.003540 -0.026620 -0.011687 -0.000396 0.000211 0.010183 0.205781 0.047195 0.034512 0.012256 0.000827 0.001672 0.003212 0.004725 0.004524 0.030638 0.020662 -0.119521 -0.131807 -0.048234 -0.022066 -0.046365 -0.516602 -0.124887 -0.061593 -0.036206 -0.000446 0.000247 -0.001885 0.000005 0.002184 0.017438 0.072409 0.013914 -0.024994 -0.022927 -0.001390 0.001009 0.001548 0.005950 0.003395 -0.002489 -0.068859 -0.030880 -0.009707 -0.000576 0.007815 0.020938 0.019979 0.059964 1.306967 0.470816 0.392821 0.339335 0.685732 1.116499 0.580864 0.311176 -0.048488
-0.009242 -0.000440 -0.001847 -0.002188 0.000000 0.003025 0.002102 0.031228 0.020749 0.062720 0.165941 0.070419 0.033087 0.000124 0.001060 0.025748 0.071675 -0.063212 -0.078004 -0.027317 -0.057008 -0.039234 -0.616174 -0.141107 -0.066948 -0.039864 -0.004956 0.000000 -0.000218 0.005674 0.009147 0.005463 0.002525 0.001084 0.002088 -0.000875 0.000755 0.001728 0.012706 0.008701 0.003409 0.084491 0.242883 -0.054624 -0.000667 0.000026 0.000266 0.019633 0.368453 0.984374 0.779638 -0.005469 -0.003107 0.002184 0.039988 0.106454 0.001103 -0.146045 -0.011401
-0.012934 0.000000 0.002791 0.001990 0.000712 0.000568 -0.002532 0.001817 0.000244 0.040160 0.165348 0.085341 0.061751 0.018825 -0.053225 -0.127623 -0.088242 -0.120975 -0.106849 -0.106589 -0.049450 -0.070280 -0.024511 -0.041484 -0.031046 -0.017012 -0.010927 0.000011 0.007392 0.023426 0.012190 0.002183 0.000025 0.006240 0.018353 0.005592 0.004442 0.030234 0.021680 0.032870 0.010982 -0.500568 -0.560358 -0.660624 -0.024501 0.050010 0.061761 0.259274 0.517950 -0.068709 -0.377601 -0.100757 -0.041052 0.002018 0.063243 0.108025 0.048781 -0.219846 -0.044755
-0.007805 -0.000264 0.000486 0.019033 0.231740 -0.578146 -0.576086 -0.016854 0.000000 0.008779 0.017061 0.069139 0.028308 0.061294 0.048421 0.056033 -0.003097 -0.014435 -0.139609 -0.056763 -0.046901 -0.123213 -0.055376 -0.022685 -0.020968 -0.013365 -0.000331 0.000393 0.018808 0.091452 -0.000117 0.000049 0.000842 0.006905 0.028509 0.009992 0.005251 0.001808 0.024349 0.061548 0.487885 0.782479 0.520369 0.322564 -0.003973 0.000810 0.001289 0.009160 0.007760 0.000644 -0.022394 -0.025225 0.006276 0.014973 0.101508 0.119049 0.066740 -0.132298 -0.080522
-0.248536 -0.057267 0.000445 0.039700 0.069555 -0.181068 -0.072071 -0.003663 0.000000 0.008302 0.031264 0.433839 0.539868 0.570435 1.180990 0.795255 0.682564 -0.012935 -0.731377 -0.258474 -0.130600 -0.019581 -0.012503 -0.009624 -0.007531 -0.000554 -0.000247 0.000569 -0.210735 -0.018143 -0.000172 0.000343 0.028235 0.054252 0.017389 0.006404 0.003635 0.001798 0.002959 0.064404 0.368576 0.169357 -0.581907 -0.051463 -0.029827 -0.008058 -0.000458 0.001141 0.000420 0.006974 0.020521 0.033160 0.101363 0.048534 0.053257 0.050069 0.030709 -0.011467 -0.093193
0.068379 0.002832 0.005759 0.058443 0.476909 0.282459 0.078619 0.067215 0.000000 0.006087 0.042868 0.391271 0.142554 0.088273 0.063100 0.053725 0.313404 0.469835 0.250711 -0.027440 -0.028431 -0.033310 -0.020899 -0.019742 -0.008204 -0.000323 -0.000036 0.000321 -0.088166 -0.005878 0.000000 0.005878 0.014945 0.060202 0.101147 0.047237 0.063492 0.018263 0.093181 0.625672 0.262045 -0.863636 -0.008496 0.000042 -0.006829 -0.057404 -0.022691 -0.000798 0.000102 0.010052 0.029385 0.041362 -0.209206 -0.084572 0.000440 -0.000002 0.005218 0.022198 -0.001143
0.080074 0.086931 0.078482 0.214613 0.520656 0.337902 0.214348 -0.000597 0.000359 0.054155 0.117510 0.145116 0.112975 0.003268 -0.009327 0.000249 0.124586 0.194317 -0.194564 -0.030433 -0.029289 -0.011099 -0.036544 -0.013275 -0.009909 -0.000341 -0.000010 0.000339 -0.081326 -0.005878 0.000000 0.005878 0.019696 0.023334 0.074231 0.034977 0.157117 0.412356 1.206635 0.718916 0.476621 -0.013012 -0.000000 0.000476 0.000643 -0.003165 -0.035715 -0.012166 0.000000 0.028636 0.051890 0.081547 0.538243 0.234355 -0.007755 -0.000140 0.000135 0.000954 0.000300
0.052030 0.057494 0.038878 0.149173 0.072639 0.050796 0.015880 -0.000182 0.002580 0.037039 0.072714 0.028092 0.011321 0.010714 0.006772 0.004697 0.101851 0.139958 -0.170408 -0.062657 -0.027942 -0.003503 -0.006744 -0.017288 -0.023186 -0.015714 -0.000001 0.000860 -0.005364 -0.000191 -0.000090 0.000284 0.013727 0.032361 0.079813 0.038827 0.110935 0.193679 0.022457 -1.581018 -0.048727 -0.018370 -0.000003 0.005980 0.029858 0.002875 0.000580 0.003394 0.031069 0.021305 0.077085 0.071339 0.365714 0.092084 -0.004074 -0.000420 0.000045 -0.000184 -0.000181
0.023100 0.054861 0.319724 0.103030 -0.043796 -0.015447 -0.001870 0.000164 0.024945 0.041593 0.052448 0.069967 0.015980 0.003886 0.000132 0.009097 0.070421 0.087071 -0.075664 -0.027815 -0.005579 -0.009100 -0.025533 -0.097180 -0.051810 -0.011975 -0.000000 0.020093 0.107123 -0.003246 -0.014151 -0.023959 0.000641 0.021621 0.037415 0.059951 0.008700 0.002846 -0.113712 -0.118230 -0.100143 -0.049809 -0.000208 0.000326 0.001108 0.001498 0.000741 0.019891 0.057364 0.023915 0.029050 0.052876 0.057014 0.082904 -0.052013 -0.009414 -0.001983 -0.001320 -0.000554
0.016222 0.063847 0.321178 0.115706 -0.034589 -0.066447 -0.023737 -0.000034 0.000500 0.000426 0.011270 0.026483 0.019966 0.002099 0.001666 0.038488 0.080545 0.075377 -0.059984 -0.017251 -0.003069 -0.006526 -0.044023 -0.091713 -0.049135 -0.017643 -0.000000 0.019712 -0.001606 -0.063123 -0.036473 -0.034875 -0.023972 0.000070 0.006078 0.002268 0.000502 -0.000429 -0.196043 -0.133473 -0.125117 -0.076602 -0.001376 -0.005780 -0.013555 -0.000752 -0.001161 0.000716 0.000845 0.010240 0.030896 0.059267 0.113320 0.346996 -0.561147 -0.101560 -0.039345 -0.001595 -0.001871
