use_cases/Flooding_chicago/flooding_data/output/hUx_3060.asc
ncols 337
nrows 393
xllcorner 428428.000000
yllcorner 4602440.000000
cellsize 26.757400
NODATA_value -9999.000000
[rows 78 to 103 of 393, columns 236 to 294 of 337]
0.000088 0.000378 0.000253 0.000507 -0.000028 0.007816 0.042115 0.004498 -0.000004 0.002248 0.000818 0.010459 0.055012 -0.142868 -0.207260 -0.134935 -0.065165 -0.000000 0.098456 0.187273 0.402831 1.274846 1.312486 1.121512 0.661641 0.148071 -0.506528 -1.012717 -1.697726 -1.823301 -2.622744 -5.769471 -4.808048 -4.248701 -2.430342 -2.482135 -0.390875 -0.002501 0.403567 3.127155 3.289243 2.361855 0.745679 0.295332 0.120926 -0.144822 -0.036667 -0.008222 -0.000000 0.016328 0.042119 0.423110 1.381099 1.783873 2.337830 4.396478 6.150339 5.986670 5.672203
0.979221 1.021140 0.812347 0.263203 -0.000730 0.000258 0.000060 -0.000240 -0.000083 0.000347 0.000602 0.000318 0.015268 0.954665 0.669454 0.461302 -0.119508 -0.000000 0.062339 0.317859 0.794001 1.490159 0.258307 -0.455369 -0.465432 -0.551839 -0.570269 -1.040060 -0.870324 -0.506742 -0.949564 -2.690586 -3.772103 -3.788052 -2.579257 -2.502678 -0.708349 -0.303161 1.323327 2.878276 2.063814 1.580590 0.128449 -0.134636 -0.325819 -0.057782 -0.016401 -0.021752 -0.001316 0.001421 0.001283 0.327492 1.695468 3.504404 3.846028 6.183875 5.501482 4.376529 2.867617
1.952912 1.760804 1.268342 0.932842 -0.001997 -0.002958 -0.000068 0.000091 -0.000176 -0.000422 -0.000133 0.000149 0.011575 0.033975 0.064192 -0.115668 -0.038103 -0.000001 0.005089 0.101072 0.277295 0.113812 0.055151 0.073424 0.321755 0.132957 -0.043818 -0.005845 0.040338 0.000000 0.005907 -1.011353 -2.641497 -2.830279 -2.908384 -3.244536 -2.048324 -1.055215 -0.171430 0.954312 0.199680 0.106846 0.176760 0.082269 0.016628 -0.010441 -0.017362 -0.015983 -0.000492 0.000410 0.024383 0.618714 1.579237 1.656847 3.150651 2.658284 1.714853 1.147766 0.227619
0.719380 0.361774 0.083772 -0.076005 -0.037185 -0.011745 -0.001606 -0.000580 -0.000613 -0.000771 -0.000270 0.000473 0.014845 0.030403 0.022994 0.001984 -0.000040 -0.000106 0.000158 0.008175 0.106666 0.087932 0.173841 0.002989 0.001868 0.001521 0.000312 -0.000003 -0.000047 0.000008 0.013702 0.041496 -0.918570 -1.667350 -2.818578 -3.180767 -3.483490 -2.321790 -1.099574 -1.160806 -0.896749 -0.232902 -0.005937 -0.004543 -0.003138 -0.012271 -0.009232 0.002851 0.012889 0.008865 0.657092 1.703444 1.594546 1.558342 1.360727 0.167126 0.122744 0.033882 0.005963
0.613980 0.528550 0.458279 0.310661 -0.267828 -0.036711 -0.006534 -0.000423 -0.000473 -0.000786 0.000014 0.000967 0.012619 0.027485 0.022886 0.002655 0.000185 -0.000165 0.000355 0.004028 0.202193 0.251449 0.442111 0.033370 0.011632 0.003702 0.001140 0.000051 -0.000180 0.000346 0.007817 -0.153747 -1.002660 -1.354158 -2.558756 -3.249175 -3.624038 -3.022909 -2.974227 -3.182161 -2.281539 -1.509220 -0.273747 -0.056288 -0.000405 0.000097 0.007724 0.013794 0.016816 0.345665 0.630971 1.310946 1.435838 1.057340 0.345954 0.263978 -0.003314 0.000092 0.000302
0.561780 0.355229 0.221343 0.127183 -0.380170 -0.032806 -0.010865 -0.000540 -0.000823 -0.000813 0.000001 0.015689 0.010918 0.012296 0.004752 0.001442 0.000539 0.000511 0.008494 0.356124 0.954372 1.182884 1.926683 1.650576 1.606315 1.242777 0.947343 -0.000346 0.000180 0.015174 0.007274 -0.368557 -1.117791 -1.949052 -2.282652 -2.397786 -2.902667 -2.691399 -2.704835 -2.944932 -2.400478 -1.287830 -0.527004 -0.155320 -0.049762 -0.000820 0.000358 0.000767 0.038393 0.475298 0.765991 1.001116 1.075602 0.498372 0.394877 -0.002030 -0.025504 -0.000872 -0.000001
0.982842 0.975367 1.123094 0.646642 0.196568 -0.252492 -0.419840 -0.013197 -0.000404 -0.000442 -0.000278 0.000424 0.017181 0.040421 0.054693 0.012368 0.003265 0.056956 0.070297 1.238904 1.802368 2.150745 2.405753 1.779503 2.594789 2.030099 0.710194 0.488299 0.242345 0.093369 0.112000 0.062466 0.239933 -0.113605 -0.578932 -0.643542 -0.300611 -0.376255 -0.591895 -0.791629 -0.928351 -0.901671 -0.567019 -0.074383 -0.027336 -0.000664 0.000068 0.000708 0.038247 0.573572 0.919320 0.857338 0.462134 0.279936 0.161895 -0.017950 -0.001617 -0.004067 0.000010
0.972667 1.082372 1.138391 1.007227 0.784176 0.436226 0.436606 0.106571 -0.000346 -0.017727 -0.006649 0.000008 0.009628 0.026452 0.052280 0.427628 0.715183 1.245181 1.387571 2.310211 2.382479 2.637500 3.002449 1.723926 2.754303 2.247432 0.632515 0.712646 0.423819 0.253635 0.163109 0.102125 0.650570 1.297571 1.695577 1.708885 1.255929 1.577053 0.818160 -0.271324 -0.702873 -1.249891 -0.181020 0.120786 0.247983 0.330586 0.425757 0.555616 0.739698 2.066051 1.943359 2.072730 1.409263 0.897244 0.323088 -0.041307 -0.006698 -0.000360 0.000360
0.813841 0.759398 0.864786 1.458197 1.054286 0.694809 0.534694 0.303755 0.214548 0.019474 -0.009854 -0.000217 0.000468 0.001753 0.016443 0.654007 0.699532 1.378238 2.105471 2.005671 2.453074 2.468917 2.372025 0.164651 0.515068 1.909395 3.252165 2.860548 3.128750 4.083809 3.102145 2.716293 3.740302 4.203629 4.126044 3.485614 2.667753 2.047496 1.305286 0.037864 -0.465504 -0.234047 0.111860 0.276468 0.411317 0.735131 0.761039 0.938918 1.194090 2.250330 2.454031 1.813453 1.497649 0.626120 0.110821 -0.047447 -0.006698 -0.000360 0.000360
0.346838 0.667068 0.686337 1.533408 2.063128 1.873018 1.746364 1.502118 1.547425 1.842903 1.212642 0.260941 0.105869 0.121971 0.923690 1.666562 1.631482 1.670639 2.300806 1.856443 1.328123 1.600549 0.331758 0.240923 0.755329 2.188252 3.794991 3.488752 3.699753 5.490649 6.035198 8.175960 6.011448 5.647614 5.448650 3.726462 2.617272 2.110857 1.535244 0.676486 -0.013932 -0.136927 0.192965 0.545218 0.856616 1.223425 1.228438 1.379415 1.623452 1.640728 1.494209 1.548106 0.828667 0.241364 -0.197596 -0.035224 -0.001686 0.000124 0.000295
0.884327 0.757417 0.875370 0.996307 1.927000 1.867754 1.872685 1.771038 1.986443 2.728204 2.282393 2.363438 2.444285 2.865959 2.612980 2.682363 3.190510 2.969587 3.904222 3.834471 3.053542 3.323497 1.978345 2.295770 1.902438 2.435969 1.992810 1.756701 1.515442 4.397917 5.149318 4.802297 4.618832 3.987072 2.729987 2.111460 1.979328 1.481855 0.604369 0.345044 0.476469 0.914618 0.677678 0.775351 0.821591 0.937032 0.870173 0.895591 1.331953 1.211961 1.298811 1.138452 0.444990 0.261830 -0.045084 -0.036565 -0.000083 0.009886 0.008273
1.171197 1.081273 0.953360 1.058646 1.991520 1.977886 2.119554 2.017239 2.208100 2.421252 2.636475 2.832114 3.011050 3.431821 3.441365 2.945897 3.641650 3.406938 4.516600 4.728878 4.989409 5.666319 5.108998 4.764911 5.136248 6.704815 6.017164 5.721647 5.583838 6.777338 7.213803 6.593638 5.360088 5.003052 3.293084 2.467350 1.968126 1.095709 0.418212 0.090667 0.795397 1.370887 0.253518 0.109566 0.109927 0.250859 0.330842 0.526764 0.931872 1.228815 1.057788 0.829956 0.302531 0.009447 -0.121176 -0.015030 -0.016402 0.000008 0.029201
1.014492 1.022154 1.165258 0.920903 1.455709 1.568295 1.934657 2.068170 2.259552 2.430281 2.618322 2.812479 3.118059 3.104546 3.124322 2.710415 2.754378 3.976741 4.524636 4.991940 5.154822 5.945677 5.291995 6.427402 4.810627 6.337014 7.155917 6.582645 4.644511 4.070080 3.360614 4.440320 3.883243 3.526753 2.775823 1.462326 0.587204 -0.390432 -1.422112 -1.527265 -1.775694 -0.473170 0.198658 0.567977 1.549288 1.863661 1.941602 2.181758 2.479582 1.898687 1.650679 1.009513 0.349361 0.015329 0.000451 -0.006587 -0.000305 0.000398 0.020187
0.655691 0.760033 0.922597 0.786645 0.863729 1.394184 1.462255 1.990624 1.729383 2.106111 2.184105 2.484677 2.478348 2.358102 2.877817 2.562122 3.548315 3.496335 3.923157 3.462856 3.108002 3.166627 2.572159 1.858815 1.514768 0.878468 0.839044 1.690652 1.696313 0.649873 0.300315 0.100424 0.398674 0.087744 0.018144 -0.075859 -0.243913 -0.578928 -0.817787 -1.579979 -2.995864 -0.923506 0.347130 1.631620 3.144900 3.461468 3.357199 3.471826 3.205350 2.712325 1.928444 0.981179 0.657405 -0.041376 -0.000670 0.000015 0.000682 0.005337 0.004108
1.010971 1.098254 1.490124 1.102202 1.104440 1.197736 1.703133 1.428890 1.534024 1.988675 2.041819 2.344389 2.183384 2.456478 2.837416 3.239511 4.289750 3.238826 3.027134 3.331577 2.212404 2.146377 1.577229 0.207458 0.061372 0.006428 -0.001204 0.000191 0.000449 0.000559 0.000447 0.006653 -0.483905 -0.991188 -0.873857 -0.622827 -0.472709 -0.423315 -0.424868 -0.142691 -0.499245 -0.460340 1.022851 2.579246 5.586619 4.511943 4.281348 3.737172 3.606942 2.757000 2.204941 1.451202 1.314797 1.290039 -0.000604 0.000351 0.005866 0.004180 0.003770
0.743554 0.986595 1.055974 1.284901 0.885376 0.972695 1.019781 0.957622 1.544541 1.791178 1.806914 1.948120 2.108310 2.382741 2.992113 2.915579 2.943612 2.790456 2.484673 2.055219 1.760819 1.340310 0.758440 -0.016039 -0.002886 -0.023035 -0.022376 -0.000008 0.000204 0.000434 0.000525 0.005072 0.011304 0.011434 0.001538 -0.006635 0.022717 -0.132930 -0.256291 -0.132418 0.261273 0.861896 1.834586 2.655057 4.889521 3.416276 3.029418 2.599399 2.608205 2.033006 1.632665 1.051087 0.917720 0.906318 -0.019488 0.000013 0.013506 0.041497 0.202143
0.421125 0.320223 0.739353 0.709633 0.619450 0.671755 0.731341 0.734081 1.223167 1.677359 1.731257 1.652847 1.784046 2.456698 2.687568 2.665482 2.797435 2.608532 2.078285 1.476043 1.085284 0.510890 -0.029863 -0.005483 0.000001 -0.000747 -0.002142 -0.000279 0.000458 0.001743 0.000757 0.000000 0.006710 0.015733 0.021917 0.030107 -0.234094 -0.219723 0.198283 0.332967 0.710805 1.451047 2.322811 2.983064 4.187932 3.327294 2.764748 2.756232 2.394934 2.589566 2.143769 2.179482 2.464073 1.982601 0.794871 0.369543 0.224910 -0.029068 0.103829
0.499287 0.647860 0.437969 0.915361 0.632554 0.614356 0.805351 1.143739 1.195166 1.548535 1.380543 1.653792 1.497771 1.877688 2.512240 2.351645 2.557604 1.919916 1.684906 1.352959 0.830564 0.341968 -0.006887 -0.000579 0.000070 0.000061 -0.000774 -0.000234 0.000801 0.007846 0.024786 -0.000131 0.000367 0.000614 0.007067 0.010335 0.018547 0.021748 0.709496 0.952815 1.734837 2.240756 2.859052 3.357990 3.212087 1.470804 1.035282 0.962185 0.403948 0.462101 0.621934 0.964997 0.961619 2.994252 2.671222 2.663729 1.569000 0.680459 0.470799
0.682653 0.558504 1.008456 1.330437 1.023927 1.153847 1.186044 1.153573 1.407292 1.715561 1.576719 1.752974 1.772104 1.934461 1.997470 2.104211 1.533609 1.549245 0.909437 0.618826 0.197638 -0.390492 -0.012974 -0.006354 0.000000 0.000282 0.000453 0.000000 0.010002 0.017660 0.020517 -0.010681 -0.006796 -0.000289 -0.001341 0.000000 0.009756 0.023249 1.588097 1.575883 2.755474 2.774544 2.830532 2.650687 1.482337 -0.017999 -0.000551 -0.000042 0.000434 0.007293 0.053150 -0.106443 -0.021086 0.000006 1.718094 4.439367 3.007197 1.736403 0.965913
0.755459 0.618365 0.495260 0.854264 0.730657 0.799357 0.854230 0.854550 1.047363 1.203732 0.917936 0.920284 1.078997 1.222351 1.360258 1.222641 0.935738 0.664562 0.615820 0.054703 -0.055905 -0.017775 -0.031365 -0.023173 -0.007893 0.000000 0.007826 0.014063 0.017937 0.046860 0.902939 0.787834 -0.194330 -0.035184 -0.022982 0.000000 0.005094 0.009311 1.988378 1.738913 2.566929 2.521030 0.726734 -0.868743 -0.007869 -0.004217 0.000000 -0.001238 -0.000261 0.006198 0.010667 0.000231 0.000325 0.000338 0.228678 1.633738 1.294068 0.974860 0.236801
0.572673 0.468925 0.387984 0.575811 0.312928 0.340359 0.271565 0.405617 1.165647 0.218562 -0.046896 -0.095627 -0.026486 0.070829 0.514248 0.680216 0.753706 0.613505 0.156949 -0.001259 -0.162390 -0.204559 -0.019052 -0.006459 -0.000190 0.000134 0.013384 0.024364 0.024080 0.504753 0.093109 -0.043583 -0.253396 -0.738449 -0.017236 0.000000 0.012326 0.022929 1.379072 1.879353 2.497857 1.014198 -1.193114 -1.588525 -0.974609 -0.061423 -0.031182 -0.014651 -0.008004 -0.000497 0.000072 0.006958 0.011797 0.002503 0.013717 0.291951 1.187104 1.316175 1.270234
0.210025 0.211956 0.220473 0.161042 0.096992 0.122095 0.187762 0.620662 0.783165 1.286434 0.770409 0.596842 0.485046 0.493797 0.715480 0.810454 0.766992 0.481806 0.157107 0.000667 -0.130600 -0.157871 -0.027158 -0.009092 -0.000062 0.000087 0.007304 0.028013 -0.159024 -0.171679 -0.277763 -0.157869 0.026037 0.097701 -0.009814 0.000000 0.007757 1.297923 3.379088 2.253780 -0.438753 -0.292469 -0.283330 -0.737368 -0.651733 -0.081981 -0.028756 -0.016020 -0.013535 -0.006320 0.000000 0.003663 0.009791 0.002067 0.015224 0.014153 0.199421 1.112618 1.090151
-0.002188 -0.000637 0.000182 0.001232 0.241067 0.366087 0.458822 0.895052 1.070469 1.007523 0.756581 0.619015 0.460422 0.312592 0.652483 0.855656 0.948319 0.571876 0.125385 0.016794 -0.117075 0.026093 0.198493 0.157994 -0.000002 0.012879 0.216365 -0.016944 0.078886 0.107981 0.052801 0.110926 0.234349 0.211859 -0.000405 0.005556 0.028576 0.917283 1.833968 2.166671 1.192348 0.470246 0.005519 -0.424775 -0.491957 -0.081087 -0.004795 -0.018837 -0.010654 -0.000395 0.000023 0.000284 0.002953 0.001885 0.017047 0.221611 0.556851 0.626981 0.901885
-0.023762 -0.003663 0.000000 0.005361 0.460440 0.274776 0.501744 1.007679 1.358099 0.975472 0.588263 0.522545 0.584740 -0.076759 0.492577 0.807885 1.050193 0.189946 0.000915 0.105915 0.066534 0.335833 0.653175 0.731652 0.406209 0.824060 0.437845 0.468804 0.460393 0.395200 0.289192 0.265657 0.332403 0.154810 0.000344 0.408877 1.950274 3.254200 3.116713 3.940691 2.399550 0.964229 0.065328 -0.470352 -0.716269 -0.400484 -0.015544 0.002404 -0.000385 -0.000045 0.000200 0.133853 0.478341 0.094458 0.385101 0.566567 1.250062 1.890647 1.059634
-0.005390 -0.001417 -0.000066 0.000504 0.386288 0.471067 0.526053 0.540374 0.122257 0.001618 0.004909 0.270612 0.373841 0.180607 0.428536 0.188220 -0.673376 -0.007474 0.000000 0.008319 0.599957 0.229493 0.304169 0.343090 0.425347 0.939344 1.062962 1.247395 1.026687 1.027584 0.971575 1.170408 1.180827 1.487300 1.965861 2.507855 5.393167 5.087737 5.434701 5.629177 3.725072 1.050860 0.066265 -0.024319 -0.126398 -0.291391 -0.407615 -0.293489 -0.045571 -0.012565 -0.027177 0.111822 0.397185 0.356403 0.105668 0.113973 0.148170 0.503630 0.511838
0.508079 0.592121 0.356124 0.351124 1.090269 1.202770 1.062233 0.546398 0.029049 0.002338 0.007093 0.320010 0.516478 0.726055 0.950004 0.465187 -0.042807 -0.005882 0.000000 0.009018 0.020176 -1.348297 -0.928965 0.000210 0.000618 0.021811 0.438501 0.544070 0.400228 0.429159 0.618669 0.509020 0.796047 0.694947 3.164425 3.551772 6.115279 5.327584 5.539407 4.069601 3.456942 1.743241 1.350585 1.034920 0.870845 0.484712 0.330337 0.171559 -0.068015 0.000268 0.169236 0.311105 0.192426 0.087066 -0.073789 -0.006665 0.000149 0.001055 0.011231
