use_cases/Flooding_chicago/flooding_data/output/hUx_3180.asc
ncols 337
nrows 393
xllcorner 428428.000000
yllcorner 4602440.000000
cellsize 26.757400
NODATA_value -9999.000000
[rows 182 to 207 of 393, columns 236 to 294 of 337]
1.251376 1.944766 2.119703 0.151931 -0.001781 -0.006936 -0.023716 -0.008146 -0.000401 0.000555 0.006431 1.377234 1.614318 2.043580 1.926158 1.511548 1.844462 1.439940 1.277277 0.886362 0.381879 0.002964 0.019777 1.628857 1.800439 2.003132 2.373784 2.062433 2.423005 1.771800 1.777720 1.834820 1.883557 2.073262 1.933859 2.526961 1.943586 2.023983 2.697657 3.387441 4.248596 5.194362 5.651391 6.713381 5.164069 4.662163 4.190113 2.694131 5.278049 4.329321 6.261903 2.129467 -9999.000000 -9999.000000 -9999.000000 -9999.000000 -9999.000000 -9999.000000 -9999.000000
0.002936 1.537028 4.585042 1.521497 0.053374 0.006719 -0.045307 -0.008559 -0.000013 0.006791 0.032138 1.127896 1.532619 1.783263 1.765474 1.967129 2.054790 1.381345 1.320110 1.418769 0.682712 0.512122 2.976614 2.834770 2.843432 2.783475 3.338323 2.731147 2.717156 1.561022 1.358120 0.525328 0.483206 0.445594 1.853214 1.941363 1.839613 2.014213 2.229733 3.297143 3.617411 4.395277 4.721377 3.569877 2.804192 2.930564 3.541531 2.380570 4.100914 3.177109 4.786178 1.960315 -9999.000000 -9999.000000 -9999.000000 -9999.000000 -9999.000000 -9999.000000 -9999.000000
0.001273 0.564709 4.177263 3.707723 3.197636 1.270473 0.958236 0.774677 -0.000273 0.000293 0.447615 0.985278 1.106460 1.309282 1.259938 1.400553 1.339418 1.366985 0.761571 0.794203 1.656768 3.714236 5.295284 4.589420 4.113368 3.734245 4.259843 3.544097 2.195577 1.836628 1.459477 1.345089 0.529612 0.468638 0.331817 2.108885 1.725014 1.776968 1.838119 2.397821 2.196733 2.153391 0.667711 0.325813 0.082126 0.069566 0.176004 0.090418 0.074281 0.305474 0.787853 0.801877 0.044650 -9999.000000 -9999.000000 -9999.000000 -9999.000000 -9999.000000 -9999.000000
0.005913 0.016549 0.460775 3.280577 3.081397 3.183627 2.994099 4.155302 2.569659 2.317914 3.980182 3.444682 2.654641 2.110138 1.609561 0.892618 0.828511 0.789683 0.809570 0.821313 4.815996 5.465945 5.374420 7.231280 3.920854 3.463915 3.069366 2.710424 2.435059 2.560426 1.714138 1.289209 1.125576 0.360906 0.353874 2.415899 2.060587 1.782292 1.627018 1.802966 0.890724 0.018851 0.015221 0.016291 -0.028061 -0.043034 -0.000120 0.000128 -0.004563 -0.006396 0.012542 0.019467 0.000027 -9999.000000 -9999.000000 -9999.000000 -9999.000000 -9999.000000 -9999.000000
0.031076 0.008040 0.020352 0.963167 1.066677 2.372024 2.516875 3.791244 3.697633 3.741757 4.756878 3.908148 3.275640 2.631371 2.202637 0.896591 0.838466 0.817903 0.892266 2.695552 5.679068 4.892508 1.696077 1.728538 0.850909 0.659100 0.304040 0.323029 1.183344 1.400588 1.258403 1.586678 2.112828 2.120124 2.736602 2.768116 2.159430 2.268153 1.839728 1.217935 0.573741 -0.136939 -0.069298 0.000000 -0.001584 -0.002027 -0.000222 0.000222 -0.019017 -0.000813 -0.000149 0.000384 0.000840 0.011338 0.016047 -9999.000000 -9999.000000 -9999.000000 -9999.000000
0.045966 0.012225 0.023814 0.468343 0.552830 0.796803 1.074713 2.063944 2.082133 3.310556 3.143077 3.381913 2.785734 2.797101 2.379013 1.819961 0.930483 2.372829 3.262044 3.703762 3.605772 1.482683 0.024148 0.006358 0.001674 -0.073271 -0.079359 -0.012423 0.070968 0.986526 1.124378 1.553509 2.162969 2.718470 3.516879 2.524024 2.166477 2.392506 1.806118 0.899274 0.835178 0.393571 0.066896 0.088114 0.053676 0.046901 0.053092 0.045488 -0.051342 -0.005462 0.000000 0.000446 0.001244 0.001343 0.017021 0.024993 -9999.000000 -9999.000000 -9999.000000
0.033706 0.113918 0.229680 0.208056 0.189165 0.370136 0.682032 0.921233 1.865833 2.048808 2.199935 2.000665 2.597003 2.570533 2.798324 2.744982 2.418300 2.774178 3.097137 2.448162 0.956314 -0.008474 -0.000003 0.007248 0.023490 0.031361 0.129251 0.000609 0.001674 0.546224 1.046674 1.898572 2.423931 2.999400 3.103872 2.611530 2.380062 2.815180 1.686695 1.129892 0.935219 0.307110 0.020295 -0.043230 -0.026724 -0.003659 0.128247 0.236591 0.128046 -0.098178 0.000000 -0.001579 -0.000649 0.000449 0.010602 0.013108 0.005917 0.004145 0.002418
0.015943 0.024200 0.154020 -0.249059 -0.177686 0.472320 1.304337 1.359946 1.353035 1.385763 0.861380 0.952358 1.505070 1.249599 1.961980 1.961199 2.760689 2.368810 2.351743 1.343842 0.476703 0.204890 -0.000208 0.000326 0.007657 0.016043 0.012699 0.326752 0.420438 1.675247 1.941228 2.515880 2.506709 2.303586 2.744198 2.890196 2.467416 1.920635 1.307512 0.559484 0.474494 0.110267 0.049511 0.306597 0.124257 0.096814 0.163628 0.283789 0.242857 0.040419 -0.021363 -0.086100 -0.138600 -0.000913 0.000576 0.015096 0.033154 0.004385 0.024523
0.003270 0.014255 0.025109 0.273688 0.598756 1.074788 1.151596 1.262817 1.129292 1.503573 1.048461 1.326220 0.999283 2.528093 2.512652 2.812038 3.054047 2.785218 2.125655 1.439914 0.658525 0.146214 0.001157 0.000820 0.001770 0.012574 0.582846 0.934333 1.114801 2.363478 2.561562 1.872869 1.910223 1.895163 2.062606 1.496949 1.359243 1.508521 0.988548 0.816185 0.671731 0.272304 0.077282 0.089084 0.432135 0.514521 0.341562 0.327268 0.329871 0.193683 0.042965 -0.019497 -0.127319 -0.002974 -0.000920 0.000422 0.000217 0.000254 0.009924
0.016885 0.003755 0.009586 1.295950 1.835068 1.879317 1.543562 1.288876 1.369141 1.715761 1.921491 1.914440 1.728373 0.977443 2.107142 2.256046 2.485015 2.037248 1.845444 1.721610 1.158855 0.534307 0.515086 0.390987 0.000078 0.007646 0.559599 0.994509 1.094154 2.077239 1.766868 1.575708 1.693276 1.718031 2.048968 1.415762 1.395490 1.698300 1.218761 1.141634 0.436616 0.421310 0.157675 0.150836 0.597617 0.558066 0.533281 0.420967 0.293682 0.209777 0.093574 -0.107548 -0.002440 -0.005982 -0.007743 -0.023424 -0.005878 0.000000 0.005878
0.012291 0.002683 0.009066 1.455348 2.105928 1.895911 1.191619 3.222542 2.380974 2.207544 2.099970 1.410343 0.735381 0.003014 -0.180985 -0.102415 0.064344 0.073155 0.070355 0.306832 0.435035 0.393919 0.513562 0.393143 0.381055 0.996397 1.393002 1.379659 1.612522 2.051653 1.603934 1.884319 1.691249 1.852865 2.102366 1.444855 1.535535 2.134601 1.734696 1.978772 1.311925 1.426031 0.903845 1.001102 1.920081 1.875013 1.671328 1.115267 0.851948 0.726932 0.434611 0.088365 0.048264 -0.003883 -0.004891 -0.016854 -0.005878 0.000000 0.005878
0.476187 1.749689 2.837434 3.034149 4.245801 1.750129 1.618206 2.717053 1.414481 0.306703 0.187293 -0.064059 -0.006942 0.000010 0.008216 0.133994 -0.000003 0.009893 0.200356 0.182503 0.232920 0.265382 0.000000 0.333727 0.794019 0.901236 1.365966 1.798403 1.672764 1.741049 2.222918 1.905363 2.573711 2.593180 2.628991 2.473713 2.853530 2.841107 3.495643 3.029893 2.787989 2.518799 2.054462 2.193066 2.241579 3.027303 2.012105 1.954348 2.312357 2.301350 1.883868 1.806985 1.677566 0.735571 0.546427 0.031985 0.008683 -0.000094 0.000336
3.064703 2.722880 2.862802 2.229061 2.522518 1.577622 1.135479 0.193560 0.081990 0.016720 -0.016178 -0.006316 -0.000360 0.000360 0.006698 0.107248 -0.000208 0.000326 0.001848 0.004932 0.003805 0.244928 0.210263 0.413950 2.813006 2.813678 3.265890 3.374849 2.889606 1.944191 1.849790 2.490481 2.081175 2.411259 2.389613 3.018098 2.770064 2.869481 3.394337 2.542127 1.602249 1.165815 1.292185 1.586726 1.469688 0.909985 0.915020 1.778509 2.196455 2.520286 2.436317 2.845079 4.185758 4.070370 4.131276 4.153259 4.072472 4.586334 3.729728
2.723042 2.431736 1.626952 1.029168 0.711570 0.969278 0.007682 -0.016759 0.002697 -0.000263 -0.000498 -0.000435 -0.000360 0.000360 0.006698 0.044033 0.005237 0.003056 0.013510 0.015087 0.130806 1.280041 1.488738 3.721338 4.910043 6.095966 4.636439 3.361242 1.949553 1.635369 1.487161 1.382046 1.317439 2.201626 2.598160 2.856536 2.406021 2.342400 2.094413 0.794334 0.339577 0.527009 0.406126 0.525778 0.359685 -0.037424 0.000008 0.568528 1.173693 1.481095 1.943390 2.292484 2.660500 4.091976 4.258062 4.661304 5.977488 6.285520 5.803504
0.486979 0.002363 0.015654 0.024509 0.026716 0.060531 -0.030046 -0.080451 -0.019594 -0.000222 0.000222 0.007022 0.024944 0.003262 0.023990 0.238753 0.206376 1.300562 1.399091 3.028938 3.727866 5.589831 5.718740 4.114859 3.109933 3.311252 2.462636 0.733538 0.573224 1.002447 0.994041 1.070472 1.077402 1.895280 1.858244 1.588985 1.584141 0.745371 0.657286 0.257809 0.683636 0.231563 0.062015 -0.046838 -0.303838 -0.000208 0.000326 0.512265 0.979990 1.152244 1.532504 1.820107 2.104826 2.466080 2.830378 3.818211 3.755503 3.041603 3.514365
-0.008787 0.000015 0.007458 0.013993 0.016366 0.085782 0.038945 0.069601 0.003257 0.004608 0.009009 0.004639 0.013768 0.032561 0.009249 0.344358 1.676341 3.217099 3.579481 3.854455 3.238934 3.384783 2.499185 1.344851 0.943661 0.547141 0.273154 0.348646 0.246967 1.158428 1.428714 1.772128 1.946791 2.252556 1.953413 1.538736 0.948434 0.731715 0.654403 0.288238 0.235949 0.690172 0.592919 0.335712 -0.009406 -0.000003 0.012129 1.101875 0.687865 1.359432 1.653186 1.563798 1.655506 1.344812 0.691308 0.526505 -0.023438 -0.000133 0.000182
0.000055 0.000637 0.008051 0.014330 0.016552 0.131676 0.085028 0.080085 0.056478 0.028215 0.010338 0.017690 0.057972 0.019716 0.105058 2.318262 1.909547 1.509881 1.913660 0.860211 0.266919 0.055743 0.170248 0.049703 0.019594 0.087484 0.057732 0.195131 0.872047 1.637626 1.597111 2.293683 2.297368 2.194661 1.877079 1.415056 0.826894 0.613943 0.525670 0.237437 0.229080 0.509686 -0.019387 0.000113 0.060211 0.079977 0.521782 0.923012 0.612911 1.193337 1.167622 0.984195 0.871037 0.426515 -0.149732 -0.016814 -0.006401 0.000000 0.001154
0.000323 0.008901 0.021333 0.037323 0.373982 0.386790 0.378630 0.150069 0.101028 0.124137 0.050808 0.118415 0.682689 0.745029 2.349979 3.984831 0.800187 0.588596 0.449800 0.198237 0.164063 0.456798 0.558144 0.059783 0.193470 0.566927 0.407455 1.039868 1.067641 1.589781 2.270249 2.886253 3.051231 2.258637 1.194919 0.863567 0.757993 0.335844 0.141455 0.083199 0.109974 0.022275 -0.000135 0.001873 0.002495 0.208729 1.067519 1.018981 1.311144 1.472434 1.318485 1.239865 0.999615 0.382050 -0.157837 -0.008316 -0.000820 -0.000110 0.000584
0.000133 0.014470 0.286898 0.167339 0.247722 0.250110 0.167717 -0.034235 0.000000 0.082897 0.199248 0.124790 0.450801 0.519931 1.326659 0.252424 0.374135 0.178212 -0.000360 0.000360 0.243078 1.308392 0.092675 0.053771 0.148389 0.384760 0.288113 0.963002 1.172851 2.257538 1.700816 1.598827 0.920322 0.426432 0.140823 -0.057487 -0.095517 -0.180265 -0.263256 -0.286019 -0.332246 -0.149292 -0.003425 0.004110 0.005694 0.275832 1.837537 1.577299 1.609285 1.488883 0.864932 0.842098 1.453289 0.804177 0.716889 0.622005 0.028257 0.005415 0.001284
-0.000094 0.001362 0.343440 0.615045 0.545073 0.319775 0.334723 0.148949 0.093912 0.130588 0.260518 0.159652 0.275593 0.189415 0.056132 0.682832 0.377817 0.185458 -0.000360 0.000360 0.352352 0.510843 0.008044 0.007493 0.027113 0.058996 0.016800 0.264903 1.404342 1.084173 0.953359 0.709767 0.423883 0.012324 -0.160176 -0.397428 -0.396043 -0.404658 -0.588106 -0.690781 -1.162961 -0.855668 -0.049435 0.209323 0.430208 1.945965 2.627746 1.978333 0.983133 0.562926 0.374232 0.076512 0.523896 0.640266 0.872726 1.178340 1.325416 1.864782 2.416157
0.208685 0.123784 0.303639 0.285821 0.087674 0.038778 -0.000068 0.000129 0.014719 0.005161 0.004391 0.002341 0.128260 0.161344 0.272547 1.324733 0.048757 0.355903 0.493788 0.984330 0.839057 1.686197 0.078373 0.042709 0.018992 0.013615 0.004119 0.177141 1.540738 0.973941 0.559831 -0.049404 0.011218 0.015454 0.035538 0.030949 0.066063 0.024300 -0.123157 -0.532985 -0.737253 -0.617977 -0.214228 0.526966 1.128141 1.333566 1.048322 0.838507 0.271675 0.188830 0.115411 0.098943 0.072297 0.059487 0.377942 0.035135 0.014769 0.078076 0.135385
0.154291 0.094514 0.058025 0.005583 -0.001002 -0.001155 -0.000078 0.000662 0.020387 0.010982 0.006691 0.005466 0.306280 0.358638 1.829539 1.614214 1.364909 1.172468 0.979245 1.012359 0.900049 1.135153 0.790121 0.076499 0.034811 0.037318 0.445142 1.422028 2.191573 0.316936 -0.473560 -0.019838 0.043948 -0.000005 0.144784 0.112951 0.056584 -0.001150 0.000516 0.098881 0.148935 0.104930 0.230236 0.637248 1.002053 1.176057 1.019002 0.852281 0.237801 0.001347 0.075729 0.059417 -0.000000 0.027347 0.029192 0.024667 0.011516 0.065511 0.038452
0.126653 0.073711 0.036849 -0.000944 -0.000942 -0.000891 0.000000 0.008182 0.086278 0.335611 0.284983 0.566142 0.675930 1.464260 1.415737 0.421923 0.855372 0.604587 0.408922 0.346092 0.006710 -0.125709 -0.007478 0.016818 0.013726 0.326148 1.095855 0.863890 0.750202 0.455181 -0.076240 -0.057832 0.059070 -0.000127 0.000380 -0.000101 -0.001015 -0.004602 0.000067 0.018505 0.576892 0.436744 0.378176 0.703810 1.007529 1.228298 1.229201 1.116552 0.333688 0.265612 0.200513 -0.000981 -0.000000 0.000981 0.016463 0.015066 0.118432 0.096496 -0.000360
0.111205 0.040881 -0.001242 -0.001061 0.000070 -0.000123 0.000194 0.001099 0.009971 0.073636 0.979600 1.493090 1.657169 1.439292 1.065294 0.001261 0.273110 1.004047 0.578383 0.499007 0.015764 -0.173250 -0.153448 0.006365 0.005201 0.227558 0.643030 0.183093 -0.017834 -0.072606 -0.056156 -0.120917 -0.015916 -0.000992 -0.000034 0.000748 0.001207 0.002167 0.001625 0.024763 0.215103 0.239618 0.787941 0.815501 0.948284 1.150136 1.306188 0.284772 0.234287 0.187418 0.130945 -0.000745 -0.000000 0.000745 0.014601 0.012767 0.085176 0.075268 -0.000360
0.117647 0.046021 -0.000515 0.000210 0.000644 0.000477 0.000235 0.000458 0.014741 0.190551 0.916710 0.874793 1.990249 0.747737 1.321664 0.702642 0.727572 0.514218 1.180169 1.206271 1.199470 1.860698 1.568174 1.548416 1.406386 0.989738 1.126861 0.670705 0.524185 0.039216 0.030069 -0.095258 -0.052129 -0.010517 0.000000 0.002485 0.001400 0.002115 0.001392 0.026005 0.272195 0.326400 0.918988 0.691785 0.463162 0.501237 -0.000575 0.000231 0.000779 0.070004 0.083238 0.067926 0.038746 0.032699 0.025000 0.014393 0.173348 0.199344 0.185618
0.001798 0.025354 0.027369 0.017019 0.018118 0.010631 0.003289 0.001201 0.001995 0.251583 1.239220 1.172031 1.205710 1.000525 1.437189 1.314837 0.802681 0.716312 0.523934 0.382447 0.866440 1.890701 1.605528 1.549352 1.403075 1.053715 1.387543 0.833742 0.441522 0.176758 0.173890 -0.030025 -0.083074 -0.007543 0.000000 0.008660 0.022591 0.048050 0.558390 0.706164 0.685126 0.894493 0.958969 0.350023 -0.164454 -0.076944 0.000364 0.001249 0.000989 0.127399 0.380496 0.272606 0.275468 0.041935 0.020559 0.008466 0.298494 0.285755 0.188640
