use_cases/Flooding_chicago/flooding_data/output/hUx_1440.asc
ncols 337
nrows 393
xllcorner 428428.000000
yllcorner 4602440.000000
cellsize 26.757400
NODATA_value -9999.000000
[rows 104 to 129 of 393, columns 118 to 176 of 337]
-9999.000000 -9999.000000 -9999.000000 -9999.000000 -9999.000000 -9999.000000 -9999.000000 -9999.000000 -9999.000000 -9999.000000 -9999.000000 -9999.000000 -0.000530 0.000000 0.007988 0.017479 0.016305 0.003642 0.042244 0.176921 0.067658 0.024637 0.009654 0.005544 0.003284 0.014645 0.041509 0.237187 -0.007991 -0.044758 -0.056566 -0.341794 -0.586555 -0.901658 -0.023631 -0.000326 0.000208 0.013781 0.022373 0.004715 0.001293 0.005248 0.008303 0.008181 0.078885 0.183992 0.507018 0.088286 -0.052684 -0.100337 -0.215731 -0.027108 -0.000213 0.000201 -0.113951 -0.120995 -0.004250 0.000521 0.000705
-9999.000000 -9999.000000 -9999.000000 -9999.000000 -9999.000000 -9999.000000 -9999.000000 -9999.000000 -9999.000000 -9999.000000 -9999.000000 -9999.000000 -9999.000000 -0.000245 0.000000 0.004217 0.007929 0.013036 0.046234 0.009095 0.007687 0.002935 0.000254 0.006817 0.006708 0.003240 0.010649 0.218145 0.040867 0.048866 0.112068 0.073659 -0.028538 -0.191517 -0.010937 -0.008844 0.000003 0.003984 0.021026 0.038436 0.006365 0.015860 0.023891 0.146417 0.177352 0.142364 0.029874 0.276416 -0.233734 -1.175970 -1.022970 -0.018663 -0.000330 0.000640 -0.013303 -0.017301 -0.001431 -0.001828 -0.000102
-9999.000000 -9999.000000 -9999.000000 -9999.000000 -9999.000000 -9999.000000 -9999.000000 -9999.000000 -9999.000000 -9999.000000 -9999.000000 -9999.000000 -0.001217 -0.000046 0.000088 0.006755 0.017007 0.038457 0.011311 0.004431 0.002389 0.001571 0.004431 0.002073 0.002935 0.002242 0.015052 0.032697 0.112383 0.134186 0.073686 0.048818 0.002528 -0.095945 -0.021173 -0.005713 0.000000 0.015921 0.030272 0.036741 0.057655 0.101878 0.041624 0.083466 0.082614 0.063081 0.041681 0.011270 0.018623 0.009327 -0.034913 -0.023526 -0.000461 0.001912 -0.039368 -0.050973 -0.004483 -0.020143 -0.006334
-9999.000000 -9999.000000 -9999.000000 -9999.000000 -9999.000000 -9999.000000 -9999.000000 -9999.000000 -9999.000000 -9999.000000 -9999.000000 -0.000741 -0.000048 0.001172 0.000616 0.001962 0.003332 0.007171 0.004879 0.002523 0.003106 0.002593 0.019826 0.040648 0.049303 0.000101 0.013287 0.018080 0.117636 0.029120 0.000026 0.016383 0.010828 0.001163 -0.016361 -0.006365 -0.000061 0.001021 0.009316 0.044511 0.087178 0.146225 0.081347 0.029796 0.032269 0.038469 0.041062 0.063105 0.039683 0.028444 0.026780 -0.000518 0.000091 0.004065 -0.079562 -0.399297 -0.362895 -0.039259 -0.007716
-9999.000000 -9999.000000 -9999.000000 -9999.000000 -9999.000000 -9999.000000 -9999.000000 -9999.000000 -9999.000000 -9999.000000 0.000003 -0.005529 -0.001803 0.000591 0.002124 0.004850 0.010677 0.009115 0.014346 -0.000577 0.000466 0.001100 0.011855 0.021474 0.100859 -0.000098 0.000997 0.007968 0.008156 0.001712 0.000962 0.034882 0.104626 0.000115 0.002995 0.002382 -0.000104 0.000141 0.001717 0.005049 0.002807 0.010298 0.108169 0.000000 0.007299 0.014416 0.032787 0.140579 0.166153 0.056245 -0.000308 0.000011 0.000312 0.026983 0.412366 0.445731 -0.035058 -0.026411 -0.071940
-9999.000000 -9999.000000 -9999.000000 -9999.000000 -9999.000000 -9999.000000 -9999.000000 -0.001193 -0.001505 -0.000326 0.000208 -0.001522 -0.000632 0.000331 0.004235 0.005180 0.005408 0.003921 0.038361 0.078048 0.000019 0.001082 0.001540 0.001733 0.017230 0.003647 0.016106 0.022849 0.001590 0.000067 0.007030 0.129504 0.081738 -0.006138 -0.005470 0.008797 0.006429 0.002467 0.000092 0.000141 0.000842 0.014946 0.045805 0.008676 0.003636 0.009319 0.075871 0.214168 0.106300 0.025398 -0.000485 0.000156 0.000240 0.017846 0.032359 -1.089565 -0.258081 -0.033892 -0.002865
-9999.000000 -9999.000000 -9999.000000 -9999.000000 -9999.000000 -9999.000000 -0.001870 -0.001187 -0.000487 0.000289 0.006315 -0.000235 -0.006402 0.000012 0.004109 0.004566 0.008917 0.003404 0.011495 0.008890 0.002224 0.000550 0.000401 0.053188 0.034875 0.007828 0.013668 -0.540015 -0.547553 -0.411394 0.024240 0.129973 0.115211 0.089620 -0.003459 0.002457 0.004854 0.014503 0.003396 -0.007707 -0.000296 0.000129 0.048406 0.082658 0.078867 0.206251 0.237156 0.211111 -0.000770 -0.001615 -0.001323 0.000074 0.000515 0.006775 0.018192 0.005140 0.000494 0.000000 0.003362
-9999.000000 -9999.000000 -0.012067 -0.018889 -0.010733 -0.010617 -0.003833 -0.004419 -0.000023 0.004231 0.019675 0.042953 -0.006887 -0.000792 0.000004 0.000907 0.014636 0.011735 0.001866 0.006269 0.001443 -0.000400 0.000476 0.000901 0.078106 0.054460 0.068698 -0.213053 -0.197980 -0.182967 0.000000 0.007240 0.136618 0.077170 0.037180 0.000195 0.015307 0.079669 0.008615 -0.052440 -0.020188 -0.000240 0.000058 0.006463 0.017237 0.024432 0.016854 0.001543 0.001542 -0.006236 -0.029861 -0.006880 -0.000520 0.000048 0.005276 0.014543 0.009276 0.017974 0.000000
-0.004187 -0.017559 -0.014200 -0.010996 -0.043041 -0.008470 -0.000944 -0.000072 0.008652 0.023850 0.026518 0.013881 -0.021665 -0.009937 0.000000 0.019584 0.056035 0.039371 0.005750 0.000599 -0.016472 -0.021589 -0.012503 0.000000 0.003986 0.076851 0.371402 0.452537 0.621459 0.474481 0.000000 0.005878 0.115547 0.163225 0.046483 0.000009 0.019167 0.169257 0.143957 -1.029726 -0.020878 -0.006127 0.000000 0.005094 0.007492 0.009603 0.000000 0.005350 0.010222 0.024692 -0.023290 -0.013212 -0.006709 -0.000222 0.000222 0.003946 0.057702 0.010784 0.000000
-0.085259 -0.006596 -0.025168 -0.030018 -0.007701 -0.000476 0.000088 0.007770 0.010601 0.001039 0.018981 0.084858 -0.019440 -0.008473 0.000000 0.010838 0.017384 0.031376 0.004935 -0.000629 -0.062423 -0.022295 -0.010118 0.000000 0.007597 0.098833 0.020105 0.296393 0.681336 0.371029 0.000000 0.005878 0.075757 0.081069 0.018992 -0.000206 0.002061 0.011977 0.443696 0.273630 -0.023589 -0.010755 0.000000 0.011969 0.027669 0.002777 -0.000067 0.000464 0.010105 0.029646 -0.000146 -0.000956 -0.000668 -0.000070 0.000070 0.008222 0.076474 0.025300 0.008579
0.002774 -0.009031 -0.083332 -0.013424 -0.008819 -0.000126 0.000111 0.008330 0.018762 0.000903 0.001473 0.065977 0.099589 -0.000574 0.000203 0.012072 0.027576 -0.008334 -0.023187 -0.143427 -0.181356 -0.199076 -0.013418 0.000000 -0.004021 -0.011898 -0.015295 0.014847 0.031482 0.027178 0.000000 0.007240 0.040496 0.114646 -0.024144 -0.011644 -0.000036 0.000977 0.025251 0.462850 0.408497 -0.000437 -0.000240 0.000311 0.004289 0.022998 -0.000001 0.010755 0.019198 0.051407 0.011205 0.005030 0.000523 -0.000064 0.000062 -0.000638 -0.005117 0.002625 0.006406
0.001485 0.012679 0.003590 -0.057052 -0.019356 -0.003965 0.000003 0.008683 0.038631 0.039738 0.000040 0.021224 0.062478 0.013296 -0.007752 -0.046886 -0.098684 -0.076085 -0.306648 -0.256756 -0.280332 -0.236778 -0.027097 0.000000 -0.019061 -0.036940 -0.009035 0.002885 0.012084 0.027672 0.008872 0.015446 0.490006 0.324970 0.284426 0.193652 -0.000450 0.000453 0.000615 0.004434 0.298350 0.164975 -0.010966 0.000005 0.004290 0.023106 -0.000060 0.000253 0.006883 0.464938 0.660650 2.084653 1.099464 0.675521 0.551266 0.253491 -0.005704 -0.000149 0.228862
0.000070 0.025002 0.037225 0.028198 -0.086291 -0.009136 -0.000207 0.000450 0.032593 0.037361 0.019307 0.005875 0.054350 0.012294 -0.053237 -0.055478 -0.096699 -0.079268 -0.222327 -0.167366 -0.117498 -0.006900 -0.010852 -0.006175 -0.006071 0.000790 0.015565 0.013169 0.010985 0.021520 0.009574 0.004891 0.068527 -0.014300 0.078430 0.039724 0.003110 0.001272 0.007312 0.021714 0.053176 0.121451 -0.000479 0.000013 -0.398707 -0.621018 -0.117323 0.000150 0.005408 1.070753 1.408440 1.968018 1.046340 1.443705 1.057939 0.868042 0.700986 0.492884 0.325865
0.046968 0.035672 0.045114 0.038154 0.162767 0.205238 0.133258 0.081233 0.093586 0.085279 0.047275 0.027822 0.024578 0.038993 0.025266 -0.025579 -0.144884 -0.093543 -0.032374 -0.029097 -0.001715 -0.003090 0.000000 0.032160 0.108142 0.099934 0.018681 0.006995 0.003388 -0.005297 -0.023735 0.000196 0.003538 0.085916 0.261377 0.144944 0.001658 0.017461 0.022187 0.023039 -0.034606 0.034940 0.022274 0.036447 0.190246 0.381660 0.386744 0.645487 0.991955 1.646548 1.056454 0.005101 0.001651 0.810404 1.274224 0.631721 0.503686 0.468456 0.209523
0.086380 0.039513 0.040822 0.032864 0.206141 0.222360 0.182730 0.128524 0.000000 0.060332 0.146957 0.051273 0.050809 0.065944 0.049787 -0.004314 -0.177787 -0.209885 -0.083845 -0.008153 -0.023642 -0.008278 0.000000 0.013259 0.030976 0.065601 0.011844 -0.009494 -0.053918 -0.541781 -0.181610 -0.003599 0.001755 0.291846 0.410034 0.464340 0.372159 0.519711 1.296817 0.356636 -0.249248 -0.276386 -0.373279 -0.265183 -0.021951 -0.074251 0.231736 0.417129 0.930599 0.638425 -0.011523 0.000000 0.003663 0.011713 0.598054 0.295540 0.376555 0.431703 0.299251
0.065800 0.025122 0.236070 0.026253 0.013169 0.003605 0.061925 0.050313 0.000000 0.024365 0.094398 0.030349 0.032210 0.034094 0.025455 -0.019281 -0.065693 -0.031432 -0.019354 -0.072037 -0.009538 -0.000659 -0.000071 0.000976 0.043389 -0.133109 -0.220789 -0.518343 -0.689770 -0.626910 -0.194268 -0.008614 -0.003997 0.002971 0.002916 0.368896 0.269367 0.570643 0.704494 1.424048 0.693200 0.641218 0.866356 0.741712 0.704231 1.004826 0.612634 0.539447 0.527715 0.181125 0.001573 0.000358 0.019335 -0.061097 -0.135472 -0.002738 0.289882 0.442465 0.456902
0.002038 0.000568 0.007177 0.012923 0.007641 -0.000599 0.011673 0.057446 0.028593 0.009757 0.035085 0.025892 0.028099 0.049392 -0.030471 -0.088703 -0.096140 -0.037264 -0.031489 -0.008736 -0.000560 -0.000170 -0.000001 0.031691 -0.090399 -0.086235 -0.065509 -0.243015 -0.011172 -0.013948 -0.043395 -0.014094 -0.013135 -0.000219 0.000990 0.016137 0.323881 0.157189 0.133043 1.065586 0.708975 0.353885 0.395319 0.360404 0.304188 0.488776 0.427918 0.357926 0.454778 0.290043 0.021899 0.003794 -0.740844 -1.388634 -1.160272 -0.149371 0.009452 0.112034 0.137690
-0.072436 -0.094558 -0.000289 0.003733 0.035163 0.067130 0.018168 0.119584 0.298780 0.245682 0.091226 0.029290 0.012381 -0.029555 -0.072230 -0.085529 -0.106184 -0.037347 -0.056169 -0.067813 -0.096590 -0.127041 -0.028027 -0.344572 -0.392198 -0.221271 -0.065186 -0.061900 -0.002033 -0.001380 -0.006238 -0.020279 -0.002003 0.001341 0.003946 0.038827 0.047435 0.126277 0.155000 1.116279 0.726682 0.370317 0.424246 0.511448 0.335240 0.224806 0.218758 0.225662 0.174414 0.031095 0.019659 0.182996 0.581340 -0.433095 -0.760003 -0.254672 -0.221570 -0.313116 -0.505890
-0.025758 -0.001664 -0.000667 0.001697 0.018129 0.070566 0.105565 0.072997 0.038832 0.282272 0.800041 0.189311 -0.249601 -0.406583 -0.393450 -0.413164 -0.711154 -0.173076 -0.044482 -0.072605 -0.077837 -0.026540 -0.060171 -0.454811 -0.620045 -0.592679 -0.576669 -0.794594 -0.021014 -0.001126 -0.002627 -0.003636 0.000700 0.007801 0.008068 0.039391 0.080191 0.122784 0.176443 1.661331 1.165028 0.952879 1.081737 1.177655 0.963649 0.623770 0.684940 0.542403 0.458179 0.038763 0.020592 0.240943 1.349397 0.288200 -0.099566 0.044034 0.025698 -0.087767 -0.230554
-0.007123 -0.002920 -0.000040 0.027671 0.071023 0.105946 0.050044 0.034369 0.021974 0.007401 0.312106 0.453064 -0.186496 -0.338355 -0.361303 -0.351153 -0.452619 -0.128666 -0.158186 -0.053342 -0.065927 -0.027770 -0.058268 -0.752638 -0.813199 -0.765718 -1.261345 -1.159573 -0.025536 -0.000428 0.000361 0.009903 0.005742 0.007177 0.010776 0.003436 0.036835 0.113512 0.149877 1.439673 0.922981 0.994850 0.570918 0.866902 1.049592 1.052536 0.975857 0.898559 0.867431 0.471700 0.019968 0.348907 1.843914 1.008764 0.744904 0.548932 0.444827 0.250066 0.037527
0.112607 -0.003165 0.001554 0.005372 0.033432 0.090502 0.150438 0.057459 0.035315 0.000378 0.010297 0.496428 0.198948 -0.258266 -0.325543 -0.364136 -0.502646 -0.123755 -0.150236 -0.033993 -0.037310 -0.005352 -0.006285 -0.717381 -0.081485 -0.000137 -0.026976 -0.108317 -0.022239 -0.001007 0.000602 0.001795 -0.000278 -0.000197 0.000864 0.000968 0.020364 0.057245 0.075827 0.049728 0.059540 0.545233 -0.002630 0.001143 0.283067 0.579059 0.505379 0.675910 0.673457 0.986997 1.187721 0.953362 2.129202 2.017745 2.154510 1.018586 0.516222 0.355680 0.121490
0.070412 -0.002764 -0.000497 0.003636 0.027458 0.042894 0.114541 0.142201 0.004574 0.003315 0.002085 -0.045374 -0.185432 -0.195391 -0.140703 -0.063762 -0.014031 -0.003685 -0.014152 -0.032682 -0.058046 -0.123790 -0.282546 -0.455221 -0.047007 -0.002563 -0.004296 -0.016645 -0.009189 -0.001926 -0.001035 0.000012 0.000000 0.002536 0.002152 0.001246 0.026718 0.057635 0.014687 0.028663 0.040220 0.030875 0.004375 0.002431 0.006000 0.078335 0.091073 0.028530 0.015436 0.005819 0.003135 0.010519 -0.000017 -0.000582 -0.015417 -0.003344 0.000108 0.017028 0.048670
0.181041 0.069471 0.004723 0.004241 0.015621 0.030830 0.473371 0.623898 0.086850 -0.090628 -0.326559 -0.259539 -0.144699 -0.110913 -0.000092 -0.044962 -0.005009 -0.003293 -0.002852 -0.002943 -0.120221 -0.257534 -0.563610 -0.487784 -0.027685 -0.003269 -0.007187 -0.022538 -0.008064 -0.001057 -0.000703 -0.000055 0.000029 0.001001 0.029315 0.035587 0.030110 0.017317 0.010602 0.007435 0.013737 0.023973 0.030192 0.009178 0.030081 0.042773 0.021844 -0.013610 -0.003377 -0.001567 -0.001055 -0.000382 -0.000614 -0.000717 -0.000413 0.000000 0.006340 0.060316 0.084317
0.240538 0.144189 0.003173 0.002162 0.023352 0.398511 0.337783 0.384016 0.478079 0.532165 0.608015 0.409589 0.085997 -0.051449 0.079852 -0.386750 -0.510629 -0.481952 -0.482830 -0.235349 -0.468228 -0.904779 -0.984864 -0.374208 -0.003810 -0.002221 -0.001765 -0.002303 -0.001002 -0.000034 -0.001572 -0.001553 -0.001706 0.000052 0.025182 0.027047 0.023832 0.018575 0.017599 0.010899 0.002061 0.009351 0.026308 0.055268 0.082743 0.061536 -0.017885 -0.048881 -0.029086 -0.005302 -0.026060 -0.010508 -0.000182 0.000513 0.002768 0.001316 0.001376 0.035703 0.023923
0.364611 0.404355 0.253717 0.094895 0.058871 0.456501 0.284834 0.217391 0.454914 0.337404 0.388494 0.487768 0.286836 -0.018262 -0.235512 -0.278744 -0.279353 -0.198387 -0.106313 -0.205212 -0.633295 -0.660433 -0.003663 0.000000 0.000237 0.000188 -0.000243 -0.001195 -0.001732 -0.002414 -0.018346 -0.027101 -0.018988 -0.000265 0.000436 0.007732 0.010159 0.013333 0.005226 -0.000084 0.000126 0.016849 0.040695 0.009473 0.016634 0.035345 -0.116689 -0.074527 -0.110206 -0.097344 -0.036847 -0.015496 -0.000048 0.016989 0.033358 0.225579 0.648331 0.101558 0.057927
0.001312 0.319888 0.617230 0.544010 0.721848 0.696308 0.367276 0.329715 0.263914 0.144458 0.213346 0.074396 -0.098124 -0.274553 -0.448628 -0.379111 -0.597937 -0.824227 -0.923371 -1.318824 -0.769690 -0.525267 -0.014466 0.000000 -0.000450 -0.002554 -0.009922 -0.019081 -0.030372 -0.017652 -0.058838 -0.032656 -0.029553 -0.008060 0.000009 -0.000276 -0.001258 -0.001674 -0.000745 -0.000069 0.000588 0.006894 0.014600 0.032059 0.049505 -0.001418 -0.121560 -0.231365 -0.109190 -0.084670 -0.063550 -0.022070 -0.000756 0.001283 0.009188 0.024372 0.079728 0.000023 0.019787
