use_cases/Flooding_chicago/flooding_data/output/hUx_2880.asc
ncols 337
nrows 393
xllcorner 428428.000000
yllcorner 4602440.000000
cellsize 26.757400
NODATA_value -9999.000000
[rows 208 to 233 of 393, columns 59 to 117 of 337]
0.246026 0.258778 0.203678 0.170764 0.187535 0.198905 0.146762 0.204700 0.219060 0.234701 0.171144 0.417231 0.398329 0.491138 -0.020550 -0.303253 -0.234983 -0.366001 -0.305716 -0.225429 -0.142157 -0.000437 0.037561 -0.004296 -0.000065 0.044889 -0.047553 -0.039004 -0.048819 -0.034038 0.008826 0.022518 0.062874 0.128308 0.307593 0.408014 0.439543 0.594006 0.473863 0.095536 -0.020914 -0.086409 -0.607558 -0.557585 -0.232040 0.168032 0.300919 0.173482 -0.072895 -0.498474 -0.037351 -0.071142 -0.441459 -0.166643 -0.008939 -0.000774 -0.000389 0.000562 0.000756
0.279754 0.255931 0.210539 0.186545 0.156156 0.135147 0.069650 0.114143 0.117196 0.045869 -0.075726 -0.228949 -0.222882 -0.037731 -0.061746 -0.093211 -0.026590 -0.035074 0.009562 0.114438 0.145807 0.177575 0.101160 0.051678 -0.031395 -0.106178 -0.087993 -0.072562 -0.092782 -0.094321 -0.108506 -0.091499 -0.108274 -0.064743 -0.039416 -0.043584 -0.113928 -0.092118 -0.096605 -0.170126 -0.253385 -0.312748 -0.349041 -0.192194 0.053437 0.228365 0.226202 0.087903 0.016197 0.004645 -0.000360 0.000360 0.023849 0.019105 0.013627 0.007485 -0.001072 -0.001088 0.000019
0.407285 0.338390 0.314204 0.289544 0.287889 0.195446 0.118127 0.118476 0.114215 0.077952 -0.018629 -0.126081 -0.237436 -0.220232 -0.192117 -0.035286 0.046827 0.092682 0.030269 0.022978 0.052035 0.044231 0.052738 0.061366 0.009866 -0.007770 -0.015608 -0.041850 -0.119517 -0.149681 -0.156688 -0.247977 -0.268996 -0.246210 -0.217399 -0.268402 -0.227961 -0.329332 -0.365417 -0.447912 -0.519057 -0.526294 -0.540011 -0.347643 -0.136619 0.139912 0.245943 0.087669 -0.014208 -0.014382 -0.000360 0.000360 -0.027427 -0.054931 -0.337442 -0.493502 -0.389037 -0.635068 -0.342497
0.305345 0.344241 0.316719 0.304987 0.313876 0.253575 0.212309 0.190926 0.148008 0.073789 -0.043783 -0.184759 -0.342233 -0.342261 -0.295680 -0.178125 -0.194061 -0.327574 0.003372 0.087414 0.059067 0.051010 0.013203 -0.012688 -0.021252 -0.083871 -0.109275 -0.136529 -0.225594 -0.290563 -0.297212 -0.458500 -0.601367 -0.602336 -0.497070 -0.608082 -0.534517 -0.583720 -0.919481 -1.032804 -1.391314 -1.247050 -0.821578 -0.478436 -0.130176 0.017287 0.196900 0.166092 0.083055 -0.054268 -0.094147 -0.131667 -0.748511 -0.910997 -1.138978 -2.264823 -1.859465 -0.780752 -0.958271
0.065241 0.108995 0.119341 0.137037 0.173853 0.173310 0.177599 0.193596 0.173604 0.106720 0.057072 0.033789 0.024113 -0.013265 0.256243 0.402121 0.109819 0.000014 0.009258 0.010136 0.280389 0.177547 0.035010 -0.082074 -0.060651 -0.109977 -0.070072 -0.103729 -0.099033 -0.186392 -0.180025 -0.217243 -0.388767 -0.541701 -0.477841 -0.581928 -0.504193 -0.541473 -0.847157 -1.088731 -1.259136 -1.373939 -1.561043 -1.270098 -1.122766 -0.788387 -0.518141 -0.481539 -0.036638 -0.056234 -0.104753 -0.294622 -0.313124 -0.405676 -0.518648 -0.185139 -0.002867 -0.009636 -0.007957
0.005081 0.051184 0.089543 0.128629 0.164422 0.199457 0.234301 0.260545 0.300404 0.231741 0.194117 0.132596 0.000000 0.016792 0.231705 0.054561 -0.019613 0.000012 0.012284 0.015755 0.003144 0.000799 0.000174 0.000012 0.107682 0.103824 0.094441 -0.000547 -0.108949 -0.112958 -0.168076 -0.182153 -0.266329 -0.474416 -0.536856 -0.736663 -0.672766 -0.916561 -1.069453 -1.464835 -1.659549 -1.971224 -2.032550 -2.067237 -1.214100 -1.210250 -0.629913 -0.027985 -0.022436 -0.000222 0.000222 0.085140 -0.051731 -0.123429 -0.222919 -0.014131 -0.001983 -0.004607 -0.005919
0.070618 0.069808 0.092475 0.114680 0.195766 0.181424 0.206525 0.274060 0.282592 0.224542 0.247306 0.072093 0.000000 0.003663 0.058976 0.019121 -0.000678 0.000312 -0.001282 -0.000878 -0.000018 0.000889 0.000710 0.000560 0.001194 0.000380 0.000527 0.000564 -0.000177 -0.051501 -0.122665 -0.106431 -0.165130 -0.397550 -0.489588 -0.651572 -0.741386 -1.031204 -1.233490 -1.451748 -1.787627 -2.011793 -2.426501 -2.766023 -2.020377 -1.771791 -0.730307 -0.608276 -0.407171 -0.015555 -0.037367 -0.415624 -0.328922 -0.271463 -0.196005 -0.019054 0.000000 -0.014969 -0.050603
-0.110534 -0.098304 -0.080661 -0.051244 -0.068939 -0.042598 -0.039621 -0.076322 -0.110691 -0.124413 -0.227746 -0.013369 0.000000 -0.004545 -0.008507 -0.005379 -0.000972 -0.001231 -0.001805 -0.002214 0.000000 0.006805 0.036477 0.095150 0.004597 -0.017380 -0.050194 -0.059782 -0.025679 -0.010222 0.025596 0.070224 0.094704 0.054511 -0.097877 -0.271624 -0.569790 -0.493475 -0.671572 -0.742397 -0.959736 -1.361742 -1.598244 -2.232677 -2.587837 -2.907592 -2.196193 -1.134383 -0.978887 -0.648685 -0.744728 -0.730062 -0.587198 -0.420922 -0.022888 -0.007437 0.000000 -0.020120 -0.057931
-0.200768 -0.240983 -0.216023 -0.232392 -0.260254 -0.241723 -0.167194 -0.202395 -0.445857 -0.364607 -0.022835 -0.000378 0.000141 0.032427 0.271159 0.156339 -0.005723 -0.013750 -0.001053 0.000148 0.000261 0.052256 0.376909 0.222869 0.085824 0.091526 0.083974 0.088235 0.120451 0.198388 0.127907 0.019472 0.045604 -0.000878 -0.001041 -0.000885 0.000001 0.051146 0.132334 0.190964 0.225951 0.462463 0.341261 -0.814997 -1.836219 -2.236909 -2.610760 -1.936317 -1.601744 -1.563312 -0.728275 -0.693029 -0.142668 -0.004476 -0.007205 -0.002990 -0.005098 -0.018296 -0.052204
0.016622 0.003281 0.001426 0.001724 0.000678 -0.002875 -0.021115 -0.050476 -0.067270 -0.159786 -0.001966 0.000054 0.000148 0.026642 0.042219 0.105236 -0.109649 -0.050495 -0.000045 0.003533 0.003206 0.002539 0.064780 -0.274619 -0.000879 0.004157 0.056922 0.078494 0.098876 -0.002573 -0.000309 -0.701107 -0.037153 -0.013962 -0.000576 -0.000545 0.000035 0.045097 0.263168 0.174824 0.440582 0.345567 0.041835 -0.089544 0.169242 -0.186027 -0.716885 -0.873551 -1.046104 -1.440071 -0.194440 -0.001671 -0.004043 -0.006870 -0.007055 -0.005245 -0.015830 -0.088998 -0.073957
-0.041240 -0.053566 -0.059899 -0.048798 -0.059864 -0.037841 -0.061644 -0.187601 -0.113899 -0.153823 -0.215736 -0.269300 -0.325001 -0.338713 -0.419943 -0.350861 -0.365757 -0.027452 -0.108179 -0.109942 -0.082756 -0.000288 0.000459 -0.039189 0.004874 0.016337 0.128438 0.029414 -0.008925 0.000001 0.006683 0.004596 -0.000265 -0.000837 -0.000597 0.000204 0.000948 0.061026 0.479772 0.365941 0.319183 0.535307 0.459419 0.529070 0.666412 0.655817 0.253883 -0.310426 -0.805357 -1.088426 -0.275780 -0.000548 0.000076 0.098601 0.117430 0.073073 -0.024645 -0.108564 -0.055536
-0.126164 -0.163518 -0.166922 -0.168791 -0.190280 -0.089876 -0.135501 -0.198596 -0.238090 -0.289121 -0.620326 -0.285787 -0.264016 -0.254123 -0.290810 -0.220698 -0.016301 -0.028091 -0.049851 -0.037000 -0.000809 -0.000337 0.000874 0.092750 0.228856 0.056332 0.025587 -0.019720 -0.009315 0.000019 -0.003072 -0.001065 -0.002067 -0.000823 -0.000521 0.000437 0.000807 -0.002044 -0.008918 -0.019842 0.161585 1.382170 1.568953 1.218324 1.198355 0.639274 -0.308585 -0.521301 -0.560543 -0.778342 -0.568567 -0.570854 -0.373381 -0.436429 -0.441751 -0.361050 -0.736680 -0.492922 -0.068537
-0.144966 -0.144015 -0.175168 -0.167731 -0.176709 -0.065723 -0.099777 -0.154164 -0.229296 -0.316363 -0.640582 -0.276293 -0.233548 -0.209982 -0.256366 -0.207621 -0.019943 -0.028890 -0.059468 -0.053836 -0.068589 -0.000014 0.007103 -0.008406 0.037680 0.016425 -0.074593 -0.008732 -0.000596 0.000505 -0.011843 -0.012978 -0.001251 -0.000096 0.000271 0.002635 0.003459 0.007818 0.011357 0.012463 0.519747 1.660754 1.531012 2.362241 1.792742 0.179870 -0.480239 -0.810875 -0.977460 -0.439692 -0.457516 -0.382920 -0.269534 -0.386698 -0.083138 -0.083857 -0.026325 -0.084917 -0.069085
-0.101336 -0.108971 -0.117916 -0.139668 -0.162012 -0.082839 -0.109309 -0.173447 -0.000139 0.001500 0.004264 0.000806 -0.005383 -0.007610 -0.070012 -0.078597 -0.038800 0.000000 0.077426 0.002340 0.012745 0.006031 -0.038479 -0.050899 -0.080208 -0.091321 -0.005811 -0.000933 -0.000833 0.001101 -0.286133 -0.126875 -0.000056 0.001380 0.000544 0.130940 0.240967 0.913818 1.329372 2.000566 2.428452 2.108945 3.049831 1.966312 1.531955 0.224008 0.140109 0.033351 -0.620899 -0.444203 -0.747265 -0.213904 -0.222456 -0.246245 -0.632036 -0.565027 -0.050840 -0.018487 -0.012208
-0.277674 -0.297413 -0.295752 -0.286494 -0.314654 -0.247004 -0.222926 -0.008968 0.000000 0.021564 0.087219 0.052905 -0.012222 -0.094377 -0.142189 -0.195150 -0.200190 -0.020908 -0.042317 -0.249856 -0.505115 -0.745946 -0.444760 -0.152596 -0.185940 -0.398094 -0.265021 -0.048015 -0.000364 0.000434 -0.005281 -0.003233 -0.000002 0.022332 0.123322 0.172774 0.313938 1.091259 1.328185 1.857573 2.273916 2.421154 2.391721 1.500684 0.499487 0.369837 0.000000 0.068192 -0.095270 -0.247224 -0.224409 -0.248428 -0.087345 -0.158544 -0.708038 -0.699572 -0.078372 -0.022889 -0.019861
-0.322253 -0.237735 -0.306027 -0.282710 -0.350595 -0.294405 -0.289165 -0.012997 0.000000 0.030532 -0.448844 -0.616295 -0.947568 -1.126644 -1.171178 -1.115359 -1.013813 -0.880878 -0.766272 -0.679516 -0.487737 -0.291325 -0.369438 -0.064159 -0.031755 -0.011672 -0.068186 -0.037426 -0.046894 -0.038595 -0.025184 0.000000 0.066391 0.290903 0.102259 0.165972 0.310200 1.612822 1.383255 1.679521 2.328739 2.216764 2.359217 1.405652 0.569852 0.444452 0.513809 0.478273 0.257979 0.119518 -0.023265 -0.114281 -0.162599 -0.001097 0.000185 -0.270307 -0.050008 -0.110966 -0.017724
-0.127166 -0.231227 -0.304492 -0.342261 -0.313024 -0.342223 -0.408892 -0.319919 -0.413726 -0.515731 -0.824599 -0.779189 -0.970381 -0.685102 -0.730591 -1.201787 -1.196735 -1.826913 -1.323030 -1.438754 -1.397950 -2.068758 -0.199281 0.000000 -0.009458 -0.013037 -0.032600 -0.342299 -0.033891 -0.021239 0.006177 0.033601 0.035369 0.360314 0.215700 0.577813 1.091414 1.859297 1.563878 1.971749 2.650205 2.280401 2.107134 0.957626 0.850089 0.983256 0.623126 0.509337 0.349863 0.217584 -0.080367 -0.332382 -0.506283 -0.013908 -0.000486 0.000181 -0.020567 -0.074142 -0.016093
-0.404581 -0.446452 -0.651684 -0.730040 -0.654167 -0.729423 -0.824840 -1.369850 -1.029411 -1.086456 -0.951544 -0.864371 -0.992991 -0.644970 -0.666156 -1.058028 -1.016757 -1.493194 -1.288654 -0.775741 -1.783059 -1.235676 -0.186006 0.000000 0.013622 -0.020382 -0.038805 -0.388036 -0.098537 -0.000018 0.032249 0.042050 0.039364 0.353670 0.143952 0.274765 0.761365 0.922923 1.204664 1.571057 1.936559 1.908892 1.634009 1.016268 0.897912 0.810682 0.418480 0.310813 0.169748 0.055928 -0.052967 -0.090848 -0.160347 -0.011149 -0.001229 -0.002416 -0.004813 -0.016728 -0.013557
-0.479657 -0.525337 -0.588526 -0.657542 -0.717785 -0.762830 -0.834859 -1.316547 -1.070466 -0.505134 -0.476276 -1.116083 -0.012602 -0.000094 0.000348 0.064038 0.234865 0.166428 0.000045 -0.006490 -0.032588 -0.557645 -0.176371 -0.009255 0.100249 -0.026019 0.000003 -0.005778 -0.008231 -0.000747 -0.000375 0.000466 0.073769 0.208071 -0.094528 -0.010283 0.316101 0.517468 0.760513 0.996898 1.261622 1.047370 1.018056 0.980384 0.526099 0.471901 0.307393 0.150380 0.013225 -0.112797 -0.232856 -0.307875 -0.403160 -0.526652 -0.140958 -0.208582 -0.022041 -0.001198 -0.002569
-0.290906 -0.313237 -0.357237 -0.399769 -0.429379 -0.435087 -0.471988 -0.549723 -0.333344 -0.297881 -0.294284 -0.024071 -0.005291 0.000000 0.005877 0.045199 0.014846 0.033079 0.001065 0.000482 0.000460 -0.064781 -0.026129 -0.211699 -0.032373 -0.000326 0.000208 -0.024664 -0.033149 -0.036275 -0.001321 -0.000259 0.001182 0.022022 -0.028298 -0.168231 -0.026884 0.377983 0.716174 0.954909 1.229637 1.049306 1.046017 0.730549 0.228550 0.006645 0.004053 0.038678 -0.088112 -0.232426 -0.265177 -0.286207 -0.324106 -0.396113 -0.754734 -0.261649 -0.041071 -0.101414 -0.139988
-0.027844 -0.012462 -0.020154 -0.020901 0.007242 0.059540 0.122698 0.068421 0.008900 -0.013038 -0.019738 -0.021554 -0.008569 0.000000 0.005877 0.082543 0.034001 0.030335 0.017297 0.000000 0.020575 0.270272 0.136499 -0.018831 -0.027037 -0.021976 -0.028584 -0.046807 -0.053099 -0.051245 -0.044435 -0.001414 0.001425 0.001248 0.083039 0.470009 0.402645 0.400649 0.840910 1.308471 1.268658 1.558854 1.403621 0.459308 0.231039 -0.004377 -0.003005 0.000010 0.115162 0.384251 0.019772 -0.107989 -0.203395 -0.430383 -0.302200 -0.520748 -0.620541 -0.091129 -0.172242
0.004524 -0.019380 -0.096759 -0.129693 -0.181224 -0.125215 -0.183323 -0.003510 -0.006513 -0.013635 -0.071114 -0.003663 0.000000 0.015299 0.185141 0.056026 0.087083 0.059618 0.040813 0.382570 0.510414 0.431596 0.225989 -0.043268 -0.139241 -0.156829 -0.103464 -0.095113 -0.001013 -0.001229 -0.001572 -0.000143 0.002182 0.081560 0.559540 1.186838 1.291386 1.001445 0.802903 0.826746 0.829439 0.945359 0.241019 0.016721 0.009615 0.002233 -0.000217 0.000480 0.092951 0.078390 0.146223 0.041642 -0.016675 -0.005545 -0.000504 0.000015 -0.528357 -0.616864 -0.143844
0.051312 0.073590 0.064688 0.069131 0.060671 0.016001 0.012683 -0.002030 -0.006225 -0.011575 -0.020826 -0.018602 -0.000359 0.000561 0.001380 -0.059757 -0.025682 0.044036 0.492689 0.122713 -0.101980 -0.590646 -1.013890 -1.251233 -1.160541 -0.872384 -0.693997 -0.098491 -0.001000 -0.001165 -0.001339 0.000046 0.001940 0.401704 0.936403 1.703404 1.393610 1.028242 0.548418 0.182873 0.099018 -0.074401 -0.004538 -0.001154 0.001035 -0.000712 0.000345 0.194850 0.203918 0.174761 0.727111 0.334281 0.180737 -0.146119 -0.052128 -0.001109 0.000217 -1.090876 -0.085969
-0.098344 -0.083848 -0.088002 -0.128538 -0.202302 -0.330883 -0.666432 -0.174884 -0.014793 -0.000002 0.015686 0.001439 -0.103268 -0.000400 0.000534 0.000645 0.128531 0.051122 0.047883 0.424914 0.177928 -0.143924 -0.612349 -1.284060 -1.046860 -1.276399 -0.904674 -0.669327 -0.092880 -0.074965 -0.055551 -0.000508 0.000629 0.314720 0.663476 1.062723 0.466761 0.558757 0.491709 0.425876 0.186663 0.002514 0.008520 0.010205 0.006745 -0.001001 0.000843 0.133064 0.181257 0.195794 0.575634 0.116041 -0.079901 -0.418025 -0.057807 -0.004697 -0.005643 -0.011667 -0.021422
-0.076009 0.029812 0.106843 0.051488 -0.007119 -0.033239 -0.052129 -0.128976 -0.014660 -0.000068 -0.113407 -0.128382 -0.044983 -0.030924 -0.014591 0.004334 -0.007911 0.011446 0.044337 0.047689 0.030565 -0.005296 -0.020293 -0.014792 0.092177 0.159757 0.218565 0.173520 -0.075910 -0.060981 -0.030079 -0.016278 0.000027 0.433025 0.747960 0.735271 0.721056 0.878164 0.782969 0.755276 0.622549 0.322144 0.125354 0.007655 -0.007178 -0.000037 0.122227 0.135325 0.179989 0.220626 0.116327 0.415023 -0.004186 -0.006133 -0.003802 -0.005372 -0.002448 0.000526 0.000558
-0.330972 -0.399460 -0.501042 -0.016698 -0.000160 0.001862 0.010037 -0.102023 -0.017503 -0.001429 -0.000024 0.000188 0.000873 0.007713 0.006829 0.013243 0.011917 0.015612 0.014264 0.006739 -0.000222 0.000222 0.001327 -0.003807 0.008174 0.020427 0.007074 -0.040011 -0.051453 -0.020423 0.374776 0.574407 0.731408 0.846643 1.178452 0.977137 1.302206 1.156261 1.187365 1.033930 0.598290 0.348695 -0.086307 -0.000316 -0.000575 -0.103259 -0.195077 -0.024738 -0.025558 -0.000366 0.000344 -0.001090 -0.002049 -0.003203 -0.003467 0.000000 0.029240 -0.109133 -0.328275
