use_cases/Flooding_chicago/flooding_data/output/hUx_1920.asc
ncols 337
nrows 393
xllcorner 428428.000000
yllcorner 4602440.000000
cellsize 26.757400
NODATA_value -9999.000000
[rows 234 to 259 of 393, columns 59 to 117 of 337]
0.000582 -0.001233 0.000235 -0.000323 0.000405 0.014558 0.105609 -0.092259 -0.040101 -0.015021 -0.000222 0.000222 0.001335 0.000831 0.010072 0.007484 0.086578 0.209527 -0.052418 -0.001222 -0.001330 -0.000253 0.000299 0.001031 0.005372 0.003565 0.000402 -0.000657 0.000132 0.038075 0.110347 0.189464 0.262091 0.453600 0.762992 0.568788 0.349792 0.142753 0.044708 -0.102001 -0.448860 -1.012898 -0.022545 -0.000013 0.015006 0.247353 0.390686 0.038645 0.010295 -0.000003 -0.002351 -0.001273 -0.001846 -0.001268 0.000784 0.000700 0.087129 -0.077303 -0.149080
-0.015544 -0.066871 -0.009454 -0.000418 0.000587 0.023901 0.011767 -0.026549 -0.006219 0.000000 0.000409 0.000476 0.001011 0.000441 0.001811 0.034725 0.499633 0.571999 0.547417 0.259512 0.173086 -0.004388 -0.022313 -0.049995 -0.031898 0.020855 0.035044 0.031375 0.003611 0.016171 0.028227 0.099572 0.181020 0.308048 0.391406 0.308024 0.113250 0.220431 0.332099 0.495098 0.319635 0.272280 -0.007405 -0.000401 0.000555 0.001959 0.001408 0.104302 0.044577 0.126618 0.176697 0.253265 0.213260 0.053688 0.118523 -0.038463 -0.199417 -0.151000 -0.211736
-0.018726 -0.084952 -0.015577 -0.000013 0.045629 0.233166 0.007720 -0.000451 -0.000572 0.000069 0.000428 0.000312 0.060289 -0.165334 -0.401800 -0.380030 -0.317002 -0.204011 -0.103786 -0.000489 0.110952 0.128892 0.057912 -0.043383 -0.036562 -0.005682 0.017545 0.019288 -0.018866 -0.156272 -0.255959 -0.339358 -0.337336 -0.254247 -0.168800 -0.008484 0.320520 0.057711 0.006302 -0.031427 -0.003566 -0.025530 -0.006954 -0.000330 0.000396 0.001227 0.001823 0.001723 -0.114655 -0.167710 -0.163221 -0.114346 -0.080996 -0.126111 -0.228595 -0.199630 -0.045971 -0.086753 -0.070748
-0.104727 -0.003399 -0.004566 -0.000000 0.005609 0.007298 0.106024 0.008655 0.008116 0.001297 0.065120 0.450834 0.113717 -0.109753 -0.278300 -0.380348 -0.282244 -0.321788 -0.315438 -0.448393 -0.492383 -0.785948 -1.026104 -0.031699 -0.024893 -0.005589 0.002364 -0.007137 -0.024907 -0.475836 -0.712482 -0.858416 -0.967137 -1.035490 -0.818638 -0.368143 0.018102 0.107667 -0.010195 -0.054331 -0.005828 -0.046721 -0.008702 -0.000131 0.000136 -0.003326 -0.001094 0.001219 0.076409 -0.070369 -0.098928 -0.135431 -0.121583 -0.136207 -0.214599 -0.169612 -0.172350 -0.182095 -0.137649
-0.002362 -0.003372 0.000000 0.000052 0.001097 0.004375 0.007530 0.008821 0.005591 0.008694 0.018824 0.246795 -0.143295 -0.160545 -0.113652 -0.171608 -0.153344 -0.060833 0.074588 0.056830 0.056760 0.080088 0.211544 0.252347 0.060668 -0.002986 -0.019132 -0.024312 -0.034961 -0.455283 -0.529123 -0.870731 -0.919315 -0.996674 -0.966722 -0.733153 0.066871 0.935286 0.718027 0.411516 0.131620 0.034951 -0.091755 -0.133985 -0.193060 -0.061995 -0.001484 0.001374 0.001264 0.000161 0.000212 0.000702 0.085077 -0.137850 -0.208751 -0.203766 -0.154709 -0.160458 -0.128441
0.005490 0.005466 0.000393 -0.002855 -0.002564 0.001222 0.005703 0.006007 0.024307 0.028765 0.038592 0.311428 -0.058249 -0.067928 -0.103163 -0.183060 -0.335299 -0.291700 -0.337733 -0.368096 -0.489872 -0.494414 -0.543904 -0.588500 -0.469845 -0.350558 -0.354731 -0.502815 -0.840997 -1.450261 -1.641133 -1.460611 -1.384485 -1.280748 -1.290935 -0.353945 0.204354 0.948986 0.506933 0.300216 -0.109867 -0.317448 -0.136408 -0.001151 -0.012088 -0.006488 0.000008 0.007569 0.123179 0.007033 -0.070022 -0.112559 -0.527431 -0.310018 -0.169062 0.000004 -0.023951 -0.040971 -0.113091
0.000790 0.017422 0.026634 -0.002810 -0.002006 -0.001163 0.002082 0.002938 0.109781 0.351220 0.045463 0.354690 0.054388 0.055076 0.047851 -0.118450 -0.570110 -0.762974 -0.871436 -0.974567 -1.181405 -1.567266 -1.876633 -2.214369 -2.506901 -2.207862 -2.252448 -2.395616 -3.136373 -2.000863 -2.384853 -2.090908 -1.992852 -1.918032 -1.853843 -1.220955 0.099981 0.189002 -0.086155 -0.281878 -0.158224 -0.065920 -0.007396 -0.000421 -0.000096 0.000096 0.000421 0.251151 0.151573 0.128535 0.127381 0.069198 -0.000391 -0.039696 -0.083379 0.000253 0.096725 -0.007204 -0.177319
0.002971 0.010975 0.344999 -0.016594 -0.446167 -0.024450 0.000147 0.022048 0.023539 0.229133 0.039712 0.309399 -0.031940 -0.086350 -0.127327 -0.002766 -0.224586 -0.667098 -0.857151 -1.228230 -1.261166 -1.829616 -2.286538 -2.500024 -3.169042 -2.991385 -3.438496 -3.305433 -3.210913 -1.916184 -2.068737 -2.006151 -1.738109 -1.663231 -1.685072 -1.272286 -0.151516 0.285331 0.105350 -0.003441 -0.105444 -0.023431 -0.010684 -0.000008 0.006488 0.066616 -0.045121 -0.279201 -0.340458 -0.244208 -0.167138 -0.166962 -0.238243 -0.262539 -0.287141 -0.102199 -0.520667 -0.758841 -0.884474
0.018036 0.039697 0.415649 0.341435 0.312010 -0.068595 0.000007 0.024031 0.031109 0.028634 0.025367 0.245217 -0.044480 -0.056791 -0.127646 -0.001461 0.104400 -0.158265 -0.289087 -0.440131 -0.612584 -0.793822 -0.908151 -1.065803 -1.040768 -1.271220 -1.363131 -1.336560 -1.654964 -0.483558 -0.305276 0.273102 0.462821 0.205770 -0.555378 -0.920350 -0.244054 -0.007328 0.034810 0.090407 -0.007765 -0.000542 -0.000181 0.082445 -0.077587 -0.116918 -0.203377 -0.320143 -0.260190 -0.307061 -0.300719 -0.317822 -0.489689 -0.523124 -0.700236 -0.442264 -0.553759 -0.820031 -0.869392
0.013874 0.290172 -0.024863 -0.015982 -0.042346 -0.160168 -0.013057 -0.000222 0.000222 0.065400 0.198258 -0.082283 -0.149837 -0.112313 -0.108104 -0.188634 -0.490157 -0.622605 -0.634961 -0.691914 -0.778872 -0.743623 -0.815829 -0.941559 -0.910765 -1.172620 -1.467603 -1.156969 -1.374168 -0.682536 -0.605735 -0.758853 -0.674357 -0.348899 -0.165288 0.254202 0.498005 0.011532 -0.567758 -1.042567 -0.011598 -0.000003 0.123525 -0.012655 -0.047457 -0.045876 -0.089056 -0.079873 -0.048135 -0.148874 -0.251464 -0.283092 -0.326723 -0.390393 -0.362559 -0.520660 -0.444191 -0.501460 -0.330377
0.122055 -0.092997 -0.053988 0.043468 0.088734 0.167435 0.049880 0.001005 0.000894 -0.323987 -0.287088 -0.292768 -0.197514 -0.151529 -0.137367 -0.262383 -0.438199 -0.416887 -0.375794 -0.300296 -0.282577 -0.231512 -0.244209 -0.243415 -0.244962 -0.190381 -0.212671 -0.287764 -0.513309 -0.045338 -0.487950 -0.792139 -0.796617 -0.696481 -0.120061 0.575924 0.371492 0.163335 -0.662571 -0.371886 -0.008077 -0.000165 0.000357 0.103360 0.003634 -0.023797 -0.026232 -0.011644 -0.000013 0.105745 -0.008545 -0.026782 -0.134763 -0.208055 -0.313957 -0.284248 -0.295376 -0.319940 -0.016155
-0.069247 -0.235267 -0.198062 -0.147357 -0.104095 -0.135229 -0.063265 0.061740 -0.029751 -0.114159 -0.058999 -0.227935 -0.117860 -0.116506 -0.197990 -0.280068 -0.466801 -0.398654 -0.404549 -0.376932 -0.360859 -0.425739 -0.362569 -0.400274 -0.342840 -0.398053 -0.493875 -0.551114 -0.669356 -0.600327 -0.572329 -0.507820 -0.373125 -0.332966 -0.102810 -0.304844 -0.710044 -1.143236 -0.498374 -0.648895 -0.711096 -0.035094 -0.071819 -0.071926 -0.076010 -0.188668 -0.179618 -0.134908 -0.000401 0.000555 0.046090 0.081337 0.032592 -0.103814 -0.054911 -0.070754 -0.421741 -0.311971 -0.018812
0.393189 0.154233 0.063717 0.003656 -0.036426 -0.178454 -0.043993 -0.021212 0.020593 0.078744 0.124542 -0.021153 -0.072175 -0.066802 -0.140213 -0.283100 -0.298797 -0.231966 -0.190387 -0.176220 -0.119941 -0.066664 -0.011804 -0.034081 -0.060815 -0.071338 -0.242862 -0.556215 -0.571176 -0.422564 -0.326339 -0.234517 -0.389308 -0.644169 -0.474842 -0.657619 -0.525492 -0.301325 -0.493763 -0.689373 -0.724718 -0.642977 -0.067104 -0.087137 -0.082120 -0.211928 -0.017468 -0.015824 -0.000330 0.000396 0.137647 0.129977 0.237238 0.413519 -0.043376 -0.037483 -0.206077 -0.078937 -0.131064
0.600487 0.417421 0.295791 0.170115 0.171060 0.010103 0.001813 -0.008816 -0.013171 0.006224 0.000486 -0.101039 -0.065262 0.026302 0.199038 0.089043 0.100221 0.141544 0.175999 0.222151 0.210502 0.160250 0.093582 0.083902 0.075304 -0.000650 0.000797 -0.650524 -0.651104 -0.425695 -0.602827 -0.273593 -0.256690 -0.098412 0.150730 -0.099636 -0.577695 -0.004321 -0.002653 -0.004552 -0.345936 -0.572342 -0.728059 -0.071652 -0.087160 -0.194829 0.003183 0.006555 -0.096963 -0.162988 -0.397662 -0.560068 -0.563287 -0.470079 -0.279135 -0.195543 -0.132478 -0.098637 -0.118866
0.573557 0.487330 0.407014 0.145484 0.108268 -0.000547 0.002732 -0.067202 -0.087499 -0.110891 -0.230756 -0.413960 -0.305408 -0.114053 -0.071005 -0.131401 -0.127693 -0.054725 -0.021099 0.026097 0.135123 0.107909 0.043822 0.025274 -0.005697 -0.001279 0.000023 0.022384 -0.396901 -0.769645 -0.190627 -0.331244 -0.301822 -0.115762 0.101766 -0.329640 -1.312286 -0.697884 -0.008603 -0.012449 -0.408018 -0.910066 -0.838425 -0.627483 -0.717995 -0.076292 -0.047825 -0.048465 -0.418390 -0.527819 -0.863717 -0.819285 -0.881925 -0.734293 -0.504670 -0.248259 -0.232547 -0.287925 -0.341862
0.140103 -0.166623 -0.306124 -0.006167 -0.002702 0.004439 0.006302 -0.167523 -0.179861 -0.266917 -0.335606 -0.541350 -0.491061 -0.388549 -0.289677 -0.368798 -0.377996 -0.352687 -0.224712 -0.171621 -0.144396 -0.128225 -0.176085 -0.280994 -0.022823 -0.000441 0.000431 0.001538 -0.156567 -0.025576 -0.001096 -0.001308 -0.152250 -0.052071 0.437564 -0.169112 -0.978436 -1.385917 -0.741569 -0.642113 -0.613533 -1.809846 -1.653551 -1.216998 -1.481847 -0.981912 -0.893713 -1.313879 -1.139045 -1.104680 -1.042121 -0.934872 -1.102633 -0.575818 -0.606134 -0.617514 -0.446009 -0.422839 -0.017657
-0.187722 -0.242219 -0.176977 -0.007973 -0.009088 0.002030 0.008149 0.003101 0.044014 -0.060755 -0.244762 -0.205507 -0.168193 -0.164696 -0.201198 -0.252886 -0.211975 -0.165630 0.038345 0.203968 0.205928 0.242926 0.254837 0.218502 -0.008583 0.000041 0.004303 0.002723 -0.008408 -0.000922 -0.001193 -0.001044 -0.035205 -0.043442 0.096088 -0.308932 -0.710541 -0.873663 -0.957480 -0.554704 -0.533412 -0.874056 -0.984877 -0.827083 -0.959208 -1.406814 -1.150934 -1.032069 -0.870736 -0.816976 -0.432965 -0.373365 -0.095810 0.000000 -0.222334 -0.322458 -0.290984 -0.236472 -0.020581
0.017940 0.379840 -0.027603 -0.321938 -0.016735 -0.006106 -0.000532 0.000380 0.000548 0.001008 0.166654 0.401785 0.450734 0.452070 0.212282 0.118035 0.103931 0.090475 -0.034104 0.090930 0.062202 -0.169189 -0.026808 -0.008314 0.000002 0.000999 0.021904 0.237638 -0.053950 -0.131794 -0.157131 -0.104474 -0.083907 -0.096853 -0.047921 -0.359281 -0.512795 -0.601501 -0.268534 -0.142506 -0.038863 0.042083 0.062732 -0.025499 -0.059028 -0.279495 -0.252152 -0.365034 -0.311148 -0.326045 -0.266086 -0.208912 -0.005878 0.000000 -0.002860 -0.020076 -0.100763 -0.009218 -0.000360
0.001185 0.123702 0.192807 -0.322012 -0.079688 -0.001586 -0.001921 0.000149 0.000414 0.001800 0.063828 0.857515 1.185408 1.031278 0.856105 0.561137 0.402830 0.403541 0.189048 0.112969 -0.043598 -0.014269 -0.000093 0.000440 0.005529 0.003122 0.015071 0.143866 -0.327977 -0.556595 -0.316865 -0.268737 -0.180276 -0.126588 -0.143291 -0.358264 -0.579925 -0.777600 -0.528384 -0.193569 -0.151832 -0.008789 -0.006211 -0.000360 0.000360 0.109439 -0.035250 -0.108081 -0.118883 -0.162177 -0.169711 -0.206463 -0.005878 0.000000 0.000000 0.000000 -0.001290 -0.002656 -0.000360
0.000581 0.078060 0.082617 0.053707 0.023182 -0.001144 -0.001236 -0.000948 0.000000 0.019200 0.855676 1.779024 1.623810 1.273031 0.898671 0.510283 0.335435 0.347116 -0.044366 -0.420716 -1.028288 -0.010730 0.000000 0.008609 0.038290 0.094695 0.435853 0.243833 -0.047976 -0.327420 -0.412464 -0.485284 -0.354967 0.037768 -0.078531 -0.239417 -0.168993 -0.329537 -0.256084 -0.093538 -0.089045 -0.020058 -0.016239 -0.000360 0.000360 0.111105 -0.041672 -0.062601 -0.074961 -0.090958 -0.117190 -0.117789 -0.001550 -0.013471 -0.010564 0.000000 0.001274 0.001023 -0.056782
0.204868 0.210651 0.177366 0.127888 0.082973 0.048076 0.031668 0.016929 0.000096 0.662990 2.133561 1.481781 0.707941 0.589196 0.652998 0.437749 0.999481 1.101096 0.542387 0.195702 -0.102768 -0.021240 0.000000 0.024261 0.057630 0.101579 0.142361 -0.024192 -0.000505 -0.000693 0.000030 -0.002689 0.046618 0.046148 -0.164503 -0.423513 -0.441979 -0.400652 -0.452002 -0.392189 -0.443489 -0.042029 -0.061408 -0.446269 -0.484261 -0.540477 -0.735923 -0.584611 -0.524682 -0.483301 -0.438157 -0.382006 -0.167249 -0.079460 -0.000816 0.000090 0.010517 0.157072 -0.025014
0.525578 0.644646 0.244974 0.182250 0.365185 0.405671 0.608664 0.732260 0.651436 1.579212 1.115059 0.515314 0.392204 -0.000020 0.868882 1.297545 1.192475 -0.003353 -0.000189 -0.000726 -0.013517 -0.016701 0.000000 0.012537 0.025129 0.034298 0.004131 -0.007735 -0.000130 0.000130 0.010082 0.055075 0.109982 0.092693 -0.100274 -0.347808 -0.520985 -0.642701 -0.766348 -0.811471 -0.600642 -1.260944 -0.713317 -0.728373 -0.694619 -0.662529 -0.812034 -0.598473 -0.471981 -0.385583 -0.312055 -0.267560 -0.165371 -0.130519 -0.000525 0.000175 0.040054 0.029967 -0.066586
1.489060 1.348249 1.491165 1.393167 1.795871 1.582124 1.615387 1.940861 1.678173 1.650667 1.084267 0.419707 0.269783 -0.096606 -0.066246 -0.035493 -0.008099 -0.000664 -0.000410 -0.000165 -0.000457 -0.002041 0.005822 0.010669 0.005221 0.013286 0.004882 -0.004488 -0.000360 0.000360 0.013978 0.069851 0.220474 0.372387 0.087837 -0.274331 -0.586164 -0.942207 -1.118171 -1.076196 -0.667055 -0.723355 -0.882767 -0.679962 -0.695871 -0.681446 -0.583836 -0.440907 -0.326128 -0.223975 -0.229877 -0.188371 -0.098286 0.000000 0.010653 0.264222 0.159566 0.088952 -0.094737
1.362292 1.242733 2.025363 1.634765 1.426823 1.354860 1.319416 1.727115 1.788324 1.301823 0.529413 -0.083416 -0.586925 -0.455949 -0.113845 -0.026427 -0.023565 -0.017139 -0.004302 0.000003 0.004688 0.013857 0.040956 0.016081 0.006404 0.020887 0.024499 0.029549 -0.000360 0.000360 0.018100 1.138657 0.832912 0.949435 0.154988 -0.166631 -0.410148 -0.517308 -0.890052 -0.912379 -1.117818 -0.482655 -0.468936 -0.349124 -0.035509 -0.027008 -0.040856 -0.198644 -0.171812 -0.160642 -0.140903 -0.244038 -0.149754 -0.087608 0.000452 -0.024950 -0.024852 -0.030027 -0.113728
0.361769 0.456332 0.161383 0.635113 0.533487 0.526793 0.314942 0.498569 0.737852 0.464946 0.014861 -0.700956 -1.136823 -0.448928 -0.236167 -0.062379 -0.039312 -0.013841 -0.000346 0.000180 0.006462 0.015880 0.023186 0.032383 0.024428 0.006319 0.012285 0.022126 -0.007184 0.000010 0.010189 0.199048 0.379760 0.603060 -0.000144 -0.282264 -0.579608 -0.566472 -0.719931 -1.003034 -1.199382 -0.638734 -0.589657 -0.313786 -0.078568 -0.000525 0.000068 0.107028 -0.183545 -0.402970 -0.476144 -0.682328 -0.802409 -0.719798 -0.628909 -0.552229 -0.482998 -0.526205 -0.646939
0.521722 0.482189 -0.000235 0.055328 0.729123 0.008532 -0.000393 -0.140888 -0.396189 -0.062988 -0.000139 0.000041 -0.119836 -0.241709 -0.215374 -0.027813 -0.019370 -0.013161 -0.007715 -0.000180 0.000346 0.005809 0.015374 0.070252 0.093419 0.041944 0.082201 0.204771 0.106679 0.000000 0.063653 0.572696 0.575687 0.600898 0.496834 0.323712 0.219759 -0.351796 -0.574715 -0.831323 -0.722248 -0.692787 -0.350535 -0.331996 -0.138494 -0.005904 0.000000 0.120008 -0.083060 -0.149814 -0.252168 -0.409257 -0.816777 -0.946954 -0.838764 -0.834356 -0.905592 -0.818815 -0.928805
