use_cases/Flooding_chicago/flooding_data/output/hUx_1860.asc
ncols 337
nrows 393
xllcorner 428428.000000
yllcorner 4602440.000000
cellsize 26.757400
NODATA_value -9999.000000
[rows 208 to 233 of 393, columns 177 to 235 of 337]
-0.001668 -0.000024 0.005962 0.002246 0.001963 0.040864 0.023774 -0.000830 -0.000163 0.000143 0.008690 0.043603 0.140106 0.081345 0.203575 0.389487 0.265801 0.119904 0.160697 0.072194 -0.053490 0.210067 0.499596 0.663109 0.592518 0.413615 -0.061146 -0.000222 0.000222 0.043480 0.045648 0.040515 -0.017890 -0.327882 -0.529046 -0.513140 -0.213104 -0.165426 -0.001578 0.022651 -0.016386 0.094854 0.172476 0.183457 0.213863 0.213661 0.203134 0.187698 -0.000000 0.134028 0.364391 -0.017385 -0.194738 0.005800 0.032595 -0.055239 -0.002843 0.000488 0.002428
-9999.000000 -0.000717 -0.000600 0.000000 0.011433 0.261238 0.230769 0.210898 0.071121 0.116046 0.858980 0.037032 0.097039 0.083962 0.178995 0.090281 0.166919 0.374367 0.221682 0.855358 1.682040 1.248123 0.872499 0.450411 -0.158664 -0.228330 -0.165043 0.006704 0.006882 0.270482 0.226099 0.208481 0.106223 -0.115208 -0.567893 -0.804255 -0.601671 -0.365845 -0.000281 0.000875 -0.127550 -0.256851 -0.022681 -0.000034 0.018340 0.279815 0.330637 0.406119 0.357014 0.251992 0.950627 0.546220 0.298249 0.377458 0.212047 -0.055143 -0.001320 0.000615 0.023986
-9999.000000 -0.000024 0.000002 0.000000 0.010931 0.222210 0.217985 0.226646 0.084411 0.136296 0.085132 0.215274 0.182958 0.146783 0.088693 0.036084 0.066427 0.031036 0.104708 0.253208 0.313201 0.205671 0.173143 0.175270 0.154760 0.442400 0.473648 0.698925 0.921303 0.784032 0.503359 0.322705 0.179847 0.027749 -0.130411 -0.311776 -0.541900 -0.653535 -0.384745 0.001056 -0.084162 -0.219510 -0.026240 -0.000853 0.000308 0.004546 0.005888 0.327619 0.302218 0.244176 0.144275 0.945731 0.713414 0.585921 0.357739 -0.049988 -0.000499 0.000359 -0.087848
-9999.000000 -9999.000000 -0.000881 -0.000066 0.000724 0.041003 -0.000488 0.000315 0.063568 0.142762 0.060063 0.178924 0.170413 0.157022 0.118241 0.050943 0.068916 0.031505 0.050310 0.225485 0.131431 0.070119 0.043319 0.073533 0.080796 0.133319 0.016370 -0.028677 -0.009071 0.001750 0.011512 0.018034 -0.064906 -0.128300 -0.196993 -0.153002 -0.200048 -0.456190 -0.160221 0.182345 0.467196 0.635677 -0.020244 -0.002033 -0.000741 0.001391 0.009199 0.005263 0.163872 0.730673 0.591796 0.629824 0.929672 1.033729 0.795515 0.803435 0.775311 0.801060 1.927720
-9999.000000 -9999.000000 -9999.000000 -0.022144 -0.096480 -0.046513 -0.001335 0.000358 0.001179 0.068362 0.257546 0.201727 0.180813 0.167673 0.120996 0.197347 0.288674 0.398051 0.641609 0.437637 0.262963 0.116612 0.047098 0.108562 0.145352 0.142398 0.049043 -0.002532 -0.006252 0.008764 0.013412 0.092129 0.523495 0.098243 0.068757 0.139186 -0.084933 -0.118400 -0.156039 0.004634 0.241240 0.135112 -0.287969 -0.071958 -0.000632 0.000521 0.002161 0.009773 -0.082624 0.068518 0.335060 0.526188 0.649243 0.768016 2.014266 2.627659 1.849841 1.878372 2.256524
-9999.000000 -9999.000000 -9999.000000 -0.031558 -0.086725 -0.035190 -0.000898 -0.000433 0.000874 0.008367 0.019245 0.089417 0.020696 0.013151 0.001075 0.089885 0.278661 0.263072 0.075991 0.102444 0.010185 -0.098046 -0.174080 0.160389 0.505456 0.111335 0.034168 -0.002929 -0.001921 0.016101 0.016137 0.059975 0.808554 0.907580 1.256682 1.009118 0.112499 -0.164251 -0.374442 -0.329698 -0.234718 -0.007681 -0.000926 -0.000240 0.000101 0.000314 0.014923 0.251815 0.874031 0.397783 0.116091 0.040230 0.037206 0.963703 1.764536 1.685266 2.306700 2.075900 1.926741
-9999.000000 -9999.000000 -9999.000000 -9999.000000 -0.000530 0.000000 -0.013727 -0.049885 -0.009931 -0.000005 0.004743 0.010787 0.034511 0.000442 0.019863 0.088149 0.193272 0.000773 0.003083 0.002212 0.001033 0.001909 0.057236 -0.200676 -0.524136 -0.056690 -0.002495 0.000419 0.008614 0.007203 0.004911 0.001093 0.000004 0.009031 0.606058 0.289456 -0.004589 -0.000181 0.004355 -0.366713 -0.486089 -0.000868 -0.001480 -0.000518 -0.000236 0.000422 0.000415 0.009298 0.014843 0.008203 -0.000944 0.129629 1.277473 2.134342 1.916251 1.671959 1.608817 1.599916 1.920568
-9999.000000 -9999.000000 -9999.000000 -9999.000000 -9999.000000 -0.004990 -0.008005 -0.026734 -0.006692 -0.000222 0.000222 0.005483 0.023528 0.006696 0.004000 0.012020 0.026999 0.010478 0.007021 0.003574 0.001422 0.016878 0.430277 0.209435 -0.358545 -0.068920 -0.010017 -0.003749 0.016125 0.007851 0.011544 -0.000116 0.000307 0.017235 0.801626 -0.005137 -0.007232 -0.001199 0.005334 -0.627501 -1.076358 -0.858707 -0.844391 -0.054544 -0.000007 0.009022 0.015625 0.020891 0.009343 -0.000030 0.017586 0.369048 1.144909 1.699436 0.295990 0.041380 -0.120897 -0.165070 -0.278547
-9999.000000 -9999.000000 -9999.000000 -9999.000000 -9999.000000 -9999.000000 -0.026047 -0.065486 -0.014605 -0.005200 0.000005 0.006503 0.028197 0.010047 0.006967 0.002566 0.003871 0.013648 0.031252 0.007669 0.043348 0.021350 0.514960 0.093838 -0.190028 -0.150796 -0.038466 -0.196994 -0.025505 -0.083172 -0.005878 0.000000 0.005878 0.012821 0.705476 -0.022593 -0.029623 -0.011460 0.011699 0.024757 0.022579 -0.489964 -0.628870 -0.614965 -0.494249 -0.469117 0.001621 0.005389 -0.006618 -0.000457 0.002558 0.184119 0.444246 0.273591 -0.000327 -0.000163 0.001244 0.000610 0.017053
-9999.000000 -9999.000000 -9999.000000 -9999.000000 -9999.000000 -9999.000000 -0.012396 -0.023821 -0.026371 -0.000110 0.000061 -0.003483 -0.006250 -0.004622 0.003731 0.002135 0.027022 0.045116 0.069788 0.173299 0.093813 0.318374 0.733814 -0.304892 -0.106047 -0.056944 -0.071623 -0.056385 -0.056557 -0.123508 -0.005878 0.000000 0.005878 0.012821 0.745052 -0.033258 -0.042722 -0.011905 0.015722 0.032153 0.036892 0.165768 0.483014 -0.252806 -0.593588 -0.263981 -0.008992 0.002277 0.001949 0.004760 0.013873 0.189005 0.145252 0.138847 -0.005982 0.000003 0.022169 0.068965 0.120087
-9999.000000 -9999.000000 -9999.000000 -9999.000000 -9999.000000 -9999.000000 -9999.000000 -0.003981 0.000000 -0.026689 -0.096525 -0.050489 -0.008195 -0.010137 -0.006727 0.000000 0.007906 0.037901 0.094892 0.138176 0.058375 0.116662 -0.001194 -0.053462 -0.061312 -0.092245 -0.085911 -0.069979 -0.276948 -0.103578 -0.126042 0.000000 0.026793 0.189054 0.434112 -0.082350 -0.101797 -0.000114 0.285304 0.277637 0.329086 0.080866 0.159491 0.073113 0.322061 0.008641 -0.086603 0.000810 0.025390 0.019811 0.560767 0.358152 -0.099364 -0.084263 -0.000326 0.000208 0.059672 0.123018 0.098484
-9999.000000 -9999.000000 -9999.000000 -9999.000000 -9999.000000 -9999.000000 -9999.000000 -9999.000000 0.000000 0.069129 -0.162174 -0.027340 -0.008179 -0.011962 -0.009790 0.000015 0.014922 0.023389 0.056699 0.007634 0.003900 -0.004940 -0.017164 -0.039474 -0.073335 -0.070128 -0.057081 0.061833 0.242194 0.179640 -0.021936 0.000000 0.012557 0.042471 -0.038046 -0.093229 -0.084772 -0.091735 -0.108510 -0.157879 -0.424728 -0.023914 0.063273 0.039376 0.016126 0.008814 0.001025 0.009599 0.073297 0.490918 0.198052 -0.065922 -0.245398 -0.102241 -0.027420 0.111611 0.082032 0.060777 0.021566
-9999.000000 -9999.000000 -9999.000000 -9999.000000 -9999.000000 -9999.000000 -9999.000000 -9999.000000 -9999.000000 -0.116822 -1.481714 -0.293256 -0.005259 -0.008106 -0.000569 0.000467 0.018248 0.039661 0.037218 0.005754 0.005277 -0.002515 -0.008477 -0.003509 0.005006 0.121133 0.139014 0.204564 0.022747 0.005993 -0.005373 0.000000 0.005373 0.014132 0.037715 -0.051299 0.065433 0.096939 -0.006551 -0.149056 -0.134232 -0.037218 -0.074999 -0.000518 -0.004462 -0.001735 0.015263 0.032840 0.013615 -0.008653 -0.007897 -0.107009 -0.405582 -0.500317 0.012786 0.047411 0.000002 0.001234 0.001649
-9999.000000 -9999.000000 -9999.000000 -9999.000000 -9999.000000 -9999.000000 -9999.000000 -9999.000000 -9999.000000 -9999.000000 0.000000 -0.037292 -0.109927 -0.026001 -0.000457 0.000528 0.003909 0.001984 0.004749 0.003718 0.013279 -0.001443 -0.018204 -0.013950 0.002526 0.010521 0.120964 0.535388 -0.297156 -0.017280 -0.005473 0.000000 0.005473 0.016644 0.023709 0.026675 0.099652 0.107827 0.136456 0.379077 0.195844 0.143988 -0.117383 -0.006383 -0.000196 0.008865 -0.004652 0.001070 0.005208 -0.042844 -0.062450 -0.009163 0.045547 0.223932 0.177283 -0.005079 0.000067 0.009661 0.015237
-9999.000000 -9999.000000 -9999.000000 -9999.000000 -9999.000000 -9999.000000 -9999.000000 -9999.000000 -9999.000000 -9999.000000 -9999.000000 0.000000 -0.001762 -0.006156 -0.000016 0.000484 0.001352 0.016293 0.015526 0.010377 0.012478 -0.002454 -0.027204 -0.035299 -0.035862 -0.033247 -0.053311 -0.133324 -0.082382 -0.007873 -0.000848 0.000000 0.000848 0.009064 0.029937 0.045104 0.135584 0.148200 0.211481 0.135313 0.070063 -0.158620 -0.171811 -0.024192 -0.013936 0.000078 0.001194 0.010712 0.021174 0.006107 -0.076060 -0.050445 0.042029 0.159038 0.125227 -0.000194 0.001425 0.015689 0.021370
-9999.000000 -9999.000000 -9999.000000 -9999.000000 -9999.000000 -9999.000000 -9999.000000 -9999.000000 -9999.000000 -9999.000000 -9999.000000 -9999.000000 -0.000222 0.000222 0.007775 0.022309 -0.004088 -0.005361 0.006927 0.009495 0.002625 0.000008 0.004832 0.068813 -0.042442 -0.087383 -0.110024 -0.046835 -0.057985 -0.001207 -0.000474 -0.000400 0.000571 0.003236 0.031435 0.058233 0.094993 -0.001774 -0.003113 -0.002171 -0.039264 -0.073251 -0.037857 -0.045800 -0.026675 -0.005504 -0.002496 -0.006440 -0.000410 0.000412 -0.252333 -0.488082 -0.221422 0.139341 -0.000460 0.000277 0.018072 0.036904 0.240540
-9999.000000 -9999.000000 -9999.000000 -9999.000000 -9999.000000 -9999.000000 -9999.000000 -9999.000000 -9999.000000 -9999.000000 -9999.000000 -9999.000000 -9999.000000 -9999.000000 -9999.000000 -9999.000000 -9999.000000 -0.000458 -0.000641 -0.001134 -0.000491 0.000258 0.009577 0.025235 -0.013604 -0.043118 -0.075391 -0.127119 -0.176484 -0.193884 -0.142188 -0.167420 -0.015859 0.000000 0.010041 0.044069 0.067109 -0.057148 -0.015685 -0.024653 -0.031424 -0.048914 -0.065779 -0.054472 -0.028884 0.003053 0.006255 -0.003017 -0.000870 0.000946 -0.128584 -0.297164 -0.159813 -0.010582 -0.000792 0.000202 0.025156 0.043551 0.246227
-9999.000000 -9999.000000 -9999.000000 -9999.000000 -9999.000000 -9999.000000 -9999.000000 -9999.000000 -9999.000000 -9999.000000 -9999.000000 -9999.000000 -9999.000000 -9999.000000 -9999.000000 -9999.000000 -9999.000000 -9999.000000 -9999.000000 -9999.000000 -0.001027 -0.000014 0.001022 0.002270 0.001487 -0.043040 -0.063592 -0.105473 -0.155823 -0.187681 -0.138309 -0.153452 -0.014768 0.000000 0.017357 0.075481 0.206640 -0.169802 -0.026172 -0.052925 -0.067566 -0.083945 -0.104456 -0.240592 -0.174864 0.015501 0.036984 0.021124 -0.001044 0.002749 0.018916 0.484265 0.147947 -0.433135 -0.046584 -0.000292 0.000947 0.029154 0.048618
-9999.000000 -9999.000000 -9999.000000 -9999.000000 -9999.000000 -9999.000000 -9999.000000 -9999.000000 -9999.000000 -9999.000000 -9999.000000 -9999.000000 -9999.000000 -9999.000000 -9999.000000 -9999.000000 -9999.000000 -9999.000000 -9999.000000 -9999.000000 -9999.000000 -0.000279 0.000685 0.001996 0.001786 0.013813 0.004406 -0.001615 -0.001817 0.003422 0.028742 -0.052204 -0.017415 0.000015 0.021501 0.081102 -0.106962 -0.238031 -0.306948 -0.056310 -0.071423 -0.074733 -0.079337 -0.183626 -0.249028 -0.373325 -0.285019 -0.013286 0.000009 0.027193 0.065393 0.524455 0.210737 -0.322004 -0.032881 -0.000224 0.001539 0.029555 0.032199
-9999.000000 -9999.000000 -9999.000000 -9999.000000 -9999.000000 -9999.000000 -9999.000000 -9999.000000 -9999.000000 -9999.000000 -9999.000000 -9999.000000 -9999.000000 -9999.000000 -9999.000000 -9999.000000 -9999.000000 -9999.000000 -9999.000000 -9999.000000 -9999.000000 -0.000011 0.007054 0.161669 -0.001489 -0.002339 -0.001409 -0.001372 0.000079 0.024259 0.016200 0.003075 -0.000718 0.000357 0.023726 0.034127 0.114800 0.152876 -0.024401 -0.005437 -0.002691 0.001936 0.005255 0.005523 -0.064243 -0.067826 0.020210 -0.002665 0.000137 0.002766 0.034812 0.417662 -0.042182 -0.033216 -0.009621 -0.000005 0.016455 0.021014 0.031215
-9999.000000 -9999.000000 -9999.000000 -9999.000000 -9999.000000 -9999.000000 -9999.000000 -9999.000000 -9999.000000 -9999.000000 -9999.000000 -9999.000000 -9999.000000 -9999.000000 -9999.000000 -9999.000000 -9999.000000 -9999.000000 -9999.000000 -9999.000000 -9999.000000 -9999.000000 -0.174696 -0.162713 -0.176683 -0.017232 -0.001557 -0.000079 0.001541 0.020657 -0.000489 -0.000777 -0.001040 0.000520 0.001162 0.037113 0.184898 0.047707 -0.004639 -0.012031 -0.002814 0.005612 0.011716 0.014536 0.009474 -0.303475 -0.040847 -0.005805 0.000307 0.006137 0.018938 -0.369320 -0.208949 -0.013809 -0.007686 -0.000208 0.000326 0.014131 0.029112
-9999.000000 -9999.000000 -9999.000000 -9999.000000 -9999.000000 -9999.000000 -9999.000000 -9999.000000 -9999.000000 -9999.000000 -9999.000000 -9999.000000 -9999.000000 -9999.000000 -9999.000000 -9999.000000 -9999.000000 -9999.000000 -9999.000000 -9999.000000 -9999.000000 -9999.000000 0.000000 -0.055292 -0.154926 -0.049273 -0.019362 -0.000000 0.012853 0.047614 -0.052940 -0.006191 0.023835 -0.000230 0.000512 0.035953 0.129463 0.096524 0.000024 0.002187 0.002929 0.004151 0.005381 0.005457 0.010526 -0.464948 -0.085054 -0.010473 -0.001226 0.011184 0.005910 0.024623 0.027895 -0.013603 -0.007326 -0.000003 0.005982 0.014448 0.019228
-9999.000000 -9999.000000 -9999.000000 -9999.000000 -9999.000000 -9999.000000 -9999.000000 -9999.000000 -9999.000000 -9999.000000 -9999.000000 -9999.000000 -9999.000000 -9999.000000 -9999.000000 -9999.000000 -9999.000000 -9999.000000 -9999.000000 -9999.000000 -9999.000000 -9999.000000 0.000000 0.004032 -0.005372 -0.023411 -0.008513 -0.000005 0.007514 0.026208 0.149085 0.069100 0.101888 0.110537 0.092033 0.060994 0.095341 0.030640 0.000539 0.000456 0.000520 0.001295 0.001489 0.001074 0.036244 -0.139302 -0.119155 -0.018524 -0.015248 0.000000 0.015572 0.101299 0.026767 -0.363219 -0.046890 0.000013 0.015785 0.055087 0.658021
-9999.000000 -9999.000000 -9999.000000 -9999.000000 -9999.000000 -9999.000000 -9999.000000 -9999.000000 -9999.000000 -9999.000000 -9999.000000 -9999.000000 -9999.000000 -9999.000000 -9999.000000 -9999.000000 -9999.000000 -9999.000000 -9999.000000 -9999.000000 -9999.000000 -9999.000000 -9999.000000 0.000000 -0.008739 -0.030575 -0.012284 -0.000172 0.000488 0.016429 0.014906 0.001432 0.002386 0.031528 0.032227 0.282146 0.036080 0.013063 0.007034 0.001707 0.001555 0.003033 0.003145 0.002314 0.012842 0.038420 -0.056535 -0.004828 0.000270 0.000000 0.018758 0.181997 0.176833 -0.096817 -0.000880 0.000272 0.020536 0.059533 0.424301
-9999.000000 -9999.000000 -9999.000000 -9999.000000 -9999.000000 -9999.000000 -9999.000000 -9999.000000 -9999.000000 -9999.000000 -9999.000000 -9999.000000 -9999.000000 -9999.000000 -9999.000000 -9999.000000 -9999.000000 -9999.000000 -9999.000000 -9999.000000 -9999.000000 -9999.000000 -9999.000000 0.000000 -0.009937 -0.033940 -0.012792 -0.000004 0.017039 0.015467 0.004878 0.001575 0.019199 0.198863 0.162012 0.084560 -0.088240 -0.001002 -0.000441 0.000676 0.001256 0.004604 0.007149 0.004805 0.002119 0.001667 0.001311 0.085537 0.091001 0.059327 0.023636 0.173330 0.212464 -0.251155 -0.006030 0.000000 0.027235 0.063923 0.048195
-9999.000000 -9999.000000 -9999.000000 -9999.000000 -9999.000000 -9999.000000 -9999.000000 -9999.000000 -9999.000000 -9999.000000 -9999.000000 -9999.000000 -9999.000000 -9999.000000 -9999.000000 -9999.000000 -9999.000000 -9999.000000 -9999.000000 -9999.000000 -9999.000000 -9999.000000 -9999.000000 -9999.000000 -0.037713 -0.046489 -0.014052 -0.000000 0.012035 0.010130 -0.000360 0.000360 0.026696 0.107981 0.016062 0.001150 -0.003882 -0.001777 -0.002324 0.000758 0.000656 0.012260 0.011623 0.134364 -0.000192 0.002140 0.001741 0.241862 0.195297 0.536948 0.553386 1.261057 0.542426 -0.145022 -0.108630 -0.000530 0.001176 0.015043 0.053840
