use_cases/Flooding_chicago/flooding_data/output/hUx_2700.asc
ncols 337
nrows 393
xllcorner 428428.000000
yllcorner 4602440.000000
cellsize 26.757400
NODATA_value -9999.000000
[rows 260 to 285 of 393, columns 0 to 58 of 337]
-9999.000000 -9999.000000 -9999.000000 -9999.000000 -9999.000000 -9999.000000 -9999.000000 -9999.000000 -9999.000000 -9999.000000 -9999.000000 -9999.000000 -9999.000000 -9999.000000 -9999.000000 -9999.000000 -9999.000000 -9999.000000 -9999.000000 -9999.000000 -9999.000000 -9999.000000 -9999.000000 -9999.000000 -9999.000000 -9999.000000 -9999.000000 -9999.000000 -9999.000000 -0.001569 -0.239056 -0.913381 -1.722488 -1.656627 -1.808792 -1.541058 -1.586683 -1.999662 -1.747131 -1.528133 -1.610967 -1.478250 -1.412142 -0.896139 -0.896322 -1.151950 -1.008604 -0.923831 -0.970082 -0.899664 -0.771686 -0.547450 -0.424214 -0.288399 -0.160414 -0.017667 0.095851 0.217064 -0.123198
-9999.000000 -9999.000000 -9999.000000 -9999.000000 -9999.000000 -9999.000000 -9999.000000 -9999.000000 -9999.000000 -9999.000000 -9999.000000 -9999.000000 -9999.000000 -9999.000000 -9999.000000 -9999.000000 -9999.000000 -9999.000000 -9999.000000 -9999.000000 -9999.000000 -9999.000000 -9999.000000 -9999.000000 -9999.000000 -9999.000000 -9999.000000 -9999.000000 -9999.000000 0.000000 0.012707 0.355556 -0.285618 -0.728072 -1.042148 -0.652194 -1.118209 -1.383838 -1.258202 -1.391957 -1.170658 -1.256536 -1.418571 -0.893193 -0.863681 -1.017865 -0.863433 -0.815091 -0.841641 -0.672252 -0.614314 -0.391345 -0.232215 -0.207715 -0.154564 -0.029936 -0.164207 -0.804608 -0.187792
-9999.000000 -9999.000000 -9999.000000 -9999.000000 -9999.000000 -9999.000000 -9999.000000 -9999.000000 -9999.000000 -9999.000000 -9999.000000 -9999.000000 -9999.000000 -9999.000000 -9999.000000 -9999.000000 -9999.000000 -9999.000000 -9999.000000 -9999.000000 -9999.000000 -9999.000000 -9999.000000 -9999.000000 -9999.000000 -9999.000000 -9999.000000 -9999.000000 -9999.000000 0.000000 0.007993 0.052516 0.094591 -0.882925 -1.210605 -1.290325 -1.112618 -1.517801 -1.722615 -1.507545 -1.474491 -1.269965 -0.871322 -0.864936 -0.814663 -0.757002 -0.919244 -0.774534 -0.614887 -0.552545 -0.291497 -0.093655 -0.022663 0.006147 -0.027756 -0.037655 -0.063558 -0.104296 -0.142253
-9999.000000 -9999.000000 -9999.000000 -9999.000000 -9999.000000 -9999.000000 -9999.000000 -9999.000000 -9999.000000 -9999.000000 -9999.000000 -9999.000000 -9999.000000 -9999.000000 -9999.000000 -9999.000000 -9999.000000 -9999.000000 -9999.000000 -9999.000000 -9999.000000 -9999.000000 -9999.000000 -9999.000000 -9999.000000 -9999.000000 -9999.000000 -9999.000000 -9999.000000 0.000000 0.013184 0.055806 0.020330 -0.272307 -0.462317 -0.927361 -0.803690 -0.726006 -0.948729 -1.112884 -1.166562 -1.132070 -0.756189 -0.751929 -0.994412 -0.979299 -1.015033 -0.946757 -0.790819 -0.621058 -0.545486 -0.334799 -0.347640 -0.447551 -0.035254 -0.036811 -0.018092 -0.032394 -0.043906
-9999.000000 -9999.000000 -9999.000000 -9999.000000 -9999.000000 -9999.000000 -9999.000000 -9999.000000 -9999.000000 -9999.000000 -9999.000000 -9999.000000 -9999.000000 -9999.000000 -9999.000000 -9999.000000 -9999.000000 -9999.000000 -9999.000000 -9999.000000 -9999.000000 -9999.000000 -9999.000000 -9999.000000 -9999.000000 -9999.000000 -9999.000000 -0.001748 -0.000289 0.000420 0.017184 0.075468 0.021534 0.020322 0.025268 -0.342479 -0.397916 -0.393143 -0.375721 -0.592983 -0.737778 -0.887952 -0.859977 -0.757468 -0.730105 -0.756570 -0.794283 -0.857242 -0.908335 -0.811791 -0.697476 -0.679913 -0.555234 -0.622165 -0.055532 -0.061680 -0.026175 -0.034279 -0.061138
-9999.000000 -9999.000000 -9999.000000 -9999.000000 -9999.000000 -9999.000000 -9999.000000 -9999.000000 -9999.000000 -9999.000000 -9999.000000 -9999.000000 -9999.000000 -9999.000000 -9999.000000 -9999.000000 -9999.000000 -9999.000000 -9999.000000 -9999.000000 -9999.000000 -9999.000000 -9999.000000 0.000022 0.001769 0.001031 0.006258 -0.000631 0.000468 0.010291 0.009631 0.004726 0.003032 0.014792 0.036637 0.451484 0.127624 0.038761 -0.013488 -0.083972 -0.166789 -0.340716 -0.316736 -0.231552 -0.112094 0.044210 0.241845 0.013411 -0.366300 -0.762614 -0.813301 -0.568824 -0.632083 -0.656910 -0.081208 -0.138180 -0.042248 -0.005484 -0.029098
-9999.000000 -9999.000000 -9999.000000 -9999.000000 -9999.000000 -9999.000000 -9999.000000 -9999.000000 -9999.000000 -9999.000000 -9999.000000 -9999.000000 -9999.000000 -9999.000000 -9999.000000 -9999.000000 -9999.000000 -9999.000000 -9999.000000 -9999.000000 -9999.000000 -9999.000000 -0.000422 0.000594 0.012193 0.103464 0.030181 -0.000797 0.000993 0.008116 0.005850 0.004350 0.002825 0.051370 0.076372 0.715939 0.527819 0.402560 0.272837 0.075367 -0.124709 -0.497674 -0.581300 -0.618735 -0.402375 -0.233198 -0.010031 -0.000066 0.000062 0.015291 0.208707 -0.000253 0.000359 -0.244099 -0.064983 -0.102470 -0.044765 -0.012521 -0.000000
-9999.000000 -9999.000000 -9999.000000 -9999.000000 -9999.000000 -9999.000000 -9999.000000 -9999.000000 -9999.000000 -9999.000000 -9999.000000 -9999.000000 -9999.000000 -9999.000000 -9999.000000 -9999.000000 -9999.000000 -9999.000000 -9999.000000 -9999.000000 -9999.000000 -0.000761 0.000611 0.001233 0.008559 0.096413 0.021841 -0.000672 0.001232 0.018318 0.162552 0.001327 0.003102 0.114144 0.160229 1.060131 1.087153 0.830138 0.294499 0.098831 -0.098028 -0.532142 -0.487098 -0.451114 -0.608690 -0.038852 -0.019150 -0.000169 0.000142 0.007192 0.015028 0.001485 0.001086 -0.013853 -0.102528 -0.048363 -0.052943 -0.012817 -0.000022
-9999.000000 -9999.000000 -9999.000000 -9999.000000 -9999.000000 -9999.000000 -9999.000000 -9999.000000 -9999.000000 -9999.000000 -9999.000000 -9999.000000 -9999.000000 -9999.000000 -9999.000000 -9999.000000 -9999.000000 -9999.000000 -9999.000000 -9999.000000 -0.000805 0.001569 0.002018 0.010474 -0.254043 -0.094549 -0.001764 0.000063 0.001589 -0.021013 0.073888 0.658210 0.870937 1.182968 1.606465 1.544719 0.983959 0.629300 -0.009759 -0.003767 0.004328 0.044299 -0.144740 -0.245509 -0.230953 -0.017279 -0.005604 -0.000365 0.000147 0.000704 0.000774 0.000563 0.009896 0.022926 -0.037279 -0.069203 -0.059122 -0.012667 -0.000408
-9999.000000 -9999.000000 -9999.000000 -9999.000000 -9999.000000 -9999.000000 -9999.000000 -9999.000000 -9999.000000 -9999.000000 -9999.000000 -9999.000000 -9999.000000 -9999.000000 -9999.000000 -9999.000000 -9999.000000 -9999.000000 -9999.000000 0.000000 0.001225 0.003955 0.077567 -0.198240 -0.816149 -0.400571 -0.012588 0.000000 0.042638 0.480845 0.535142 1.153311 1.223103 1.445896 1.192963 0.179935 0.085270 0.020397 0.003725 0.011662 0.020791 -0.447092 -0.489212 -0.421640 -0.316926 -0.287969 -0.018296 -0.008559 -0.000818 -0.000697 0.000126 0.000599 -0.001941 -0.022463 -0.013042 -0.001923 -0.002766 -0.001539 -0.003979
-9999.000000 -9999.000000 -9999.000000 -9999.000000 -9999.000000 -9999.000000 -9999.000000 -9999.000000 -9999.000000 -9999.000000 -9999.000000 -9999.000000 -9999.000000 -9999.000000 -9999.000000 -9999.000000 -9999.000000 -9999.000000 -0.000530 0.000000 0.000281 0.001085 0.119224 -0.590082 -0.573908 -0.478023 -0.165938 -0.114054 0.014672 0.152139 0.380013 0.484413 0.458342 0.405637 0.000787 -0.006346 -0.003636 0.001947 0.013730 0.010017 0.010117 0.006029 -0.614928 -0.681689 -0.684582 -1.027290 -0.348711 -0.016789 -0.009866 -0.001085 -0.001571 -0.002635 -0.002290 -0.004418 -0.001924 -0.003632 -0.009937 -0.001107 -0.002070
-9999.000000 -9999.000000 -9999.000000 -9999.000000 -9999.000000 -9999.000000 -9999.000000 -9999.000000 -9999.000000 -9999.000000 -9999.000000 -9999.000000 -9999.000000 -9999.000000 -9999.000000 -9999.000000 -9999.000000 -9999.000000 -0.009365 -0.005237 0.000000 0.008912 0.109074 0.628314 0.755770 0.773272 0.828323 1.212352 1.016379 2.321055 1.888334 1.288208 0.882678 0.660370 -0.059957 -0.024561 -0.029893 -0.001411 -0.000124 0.002967 0.002164 0.003553 0.049020 -0.643147 -0.812545 -1.517185 -0.920771 -0.716285 -0.302912 -0.059818 -0.093356 -0.067699 -0.002145 -0.004413 -0.004055 -0.007382 -0.024428 -0.001534 -0.000701
-9999.000000 -9999.000000 -9999.000000 -9999.000000 -9999.000000 -9999.000000 -9999.000000 -9999.000000 -9999.000000 -9999.000000 -9999.000000 -9999.000000 -9999.000000 -9999.000000 -9999.000000 -9999.000000 -9999.000000 -0.002425 -0.011428 -0.013912 -0.000681 0.001000 0.014431 1.126291 0.757814 0.239968 -0.038163 -0.025596 0.001180 0.008050 -0.787726 -1.455442 -1.869666 -1.991071 -0.255201 -0.036906 -0.073460 -0.005766 -0.004111 0.002490 0.003629 0.014230 0.010397 0.007279 -0.169614 -0.513465 -0.316223 -0.546395 -0.418244 -0.489148 -0.084924 -0.074797 -0.069302 -0.146240 -0.013326 0.000000 -0.137780 -0.011000 0.000000
-9999.000000 -9999.000000 -9999.000000 -9999.000000 -9999.000000 -9999.000000 -9999.000000 -9999.000000 -9999.000000 -9999.000000 -9999.000000 -9999.000000 -9999.000000 -9999.000000 -9999.000000 -9999.000000 -9999.000000 -0.004174 -0.014040 -0.011317 -0.000364 0.000421 0.004816 0.145263 0.083308 0.066420 0.385164 0.313382 -0.093572 -0.001422 0.000231 0.004261 0.159971 -0.902393 -0.458040 -0.591950 -0.183490 -0.009854 -0.016162 -0.001570 0.004177 0.004651 0.003052 0.000738 -0.175976 -0.262226 -0.165138 -0.046244 -0.060698 -0.077042 -0.090357 -0.114940 -0.243732 -0.041970 -0.019238 0.000000 -0.169512 -0.014121 0.000000
-9999.000000 -9999.000000 -9999.000000 -9999.000000 -9999.000000 -9999.000000 -9999.000000 -9999.000000 -9999.000000 -9999.000000 -9999.000000 -9999.000000 -9999.000000 -9999.000000 -9999.000000 -9999.000000 -9999.000000 -9999.000000 -0.023912 -0.023950 -0.009182 0.000012 0.019586 -0.005598 0.000689 0.037097 0.078789 -0.038065 -0.143417 -0.019061 -0.001732 0.000205 0.000394 0.012452 0.015519 -0.120353 -0.271241 -0.301626 -0.062051 -0.046329 -0.000702 -0.000209 0.000087 0.000249 -0.016608 -0.057684 -0.162669 -0.079897 -0.092255 -0.078472 -0.061408 -0.093221 -0.254699 -0.056962 -0.018288 -0.025037 -0.002676 -0.002807 0.001996
-9999.000000 -9999.000000 -9999.000000 -9999.000000 -9999.000000 -9999.000000 -9999.000000 -9999.000000 -9999.000000 -9999.000000 -9999.000000 -9999.000000 -9999.000000 -9999.000000 -9999.000000 -9999.000000 -9999.000000 -9999.000000 -9999.000000 -0.016530 -0.013442 -0.000999 -0.000235 0.000546 0.001105 -0.001352 -0.003325 -0.028571 -0.143565 -0.057480 -0.027332 -0.000001 0.005098 0.017955 0.001273 0.000452 -0.195346 -0.375418 -0.301989 -0.111996 -0.008762 -0.001125 -0.000051 0.000246 0.009141 0.072409 -0.045405 -0.060935 -0.095063 -0.261409 -0.265680 -0.350928 -0.019320 -0.003888 -0.012246 -0.002590 -0.002846 0.001684 0.003267
-9999.000000 -9999.000000 -9999.000000 -9999.000000 -9999.000000 -9999.000000 -9999.000000 -9999.000000 -9999.000000 -9999.000000 -9999.000000 -9999.000000 -9999.000000 -9999.000000 -9999.000000 -9999.000000 -9999.000000 -9999.000000 -9999.000000 -9999.000000 -9999.000000 -0.010746 -0.004589 -0.000040 0.007436 0.011524 0.000762 0.000280 -0.109252 -0.075201 -0.040329 -0.000055 0.010955 0.016454 0.001553 0.000971 0.006254 -0.017518 -0.182054 -0.208169 -0.017323 -0.011685 -0.000360 0.000360 0.007624 0.080313 0.033233 0.156586 0.322948 0.121995 -0.018233 -0.508683 -0.048909 -0.000751 -0.001937 -0.003047 0.000000 0.003951 0.002924
-9999.000000 -9999.000000 -9999.000000 -9999.000000 -9999.000000 -9999.000000 -9999.000000 -9999.000000 -9999.000000 -9999.000000 -9999.000000 -9999.000000 -9999.000000 -9999.000000 -9999.000000 -9999.000000 -9999.000000 -9999.000000 -9999.000000 -9999.000000 -9999.000000 -9999.000000 -9999.000000 -0.001274 -0.001129 -0.000635 0.000013 0.000140 -0.002072 -0.009550 0.018158 -0.001332 -0.000373 0.000727 0.000723 0.000000 0.006318 0.016277 0.120365 -0.251616 -0.294492 -0.007676 -0.000360 0.000360 0.011264 0.117641 0.058087 0.198304 0.159460 0.074989 -0.033101 -0.286231 -0.040724 -0.009438 -0.025107 -0.003124 -0.000074 0.002747 0.019898
-9999.000000 -9999.000000 -9999.000000 -9999.000000 -9999.000000 -9999.000000 -9999.000000 -9999.000000 -9999.000000 -9999.000000 -9999.000000 -9999.000000 -9999.000000 -9999.000000 -9999.000000 -9999.000000 -9999.000000 -9999.000000 -9999.000000 -9999.000000 -9999.000000 -9999.000000 -9999.000000 -0.002721 -0.006395 -0.023227 -0.005537 -0.000003 0.007254 0.015931 0.212713 -0.002292 -0.003230 -0.000364 0.000699 0.000000 0.003663 0.007360 0.114110 0.161529 -0.035730 -0.068658 -0.002515 0.005458 0.004418 0.024654 0.022611 0.011443 -0.002450 -0.005626 -0.011678 -0.024807 -0.066846 -0.025086 -0.001956 -0.002335 0.001258 0.002026 0.009674
-9999.000000 -9999.000000 -9999.000000 -9999.000000 -9999.000000 -9999.000000 -9999.000000 -9999.000000 -9999.000000 -9999.000000 -9999.000000 -9999.000000 -9999.000000 -9999.000000 -9999.000000 -9999.000000 -9999.000000 -9999.000000 -9999.000000 -9999.000000 -9999.000000 -9999.000000 -9999.000000 -9999.000000 -0.001517 -0.002092 -0.002316 -0.000208 0.000326 0.016910 0.211902 -0.053570 -0.016487 0.000001 0.004398 0.001207 0.008709 0.141684 0.070530 0.038913 0.021062 0.010602 0.009488 0.010273 0.098985 0.053219 -0.003495 -0.035172 -0.003184 -0.008811 -0.018299 -0.026304 -0.058106 -0.027386 -0.001063 -0.000440 0.000758 0.010519 0.062071
-9999.000000 -9999.000000 -9999.000000 -9999.000000 -9999.000000 -9999.000000 -9999.000000 -9999.000000 -9999.000000 -9999.000000 -9999.000000 -9999.000000 -9999.000000 -9999.000000 -9999.000000 -9999.000000 -9999.000000 -9999.000000 -9999.000000 -9999.000000 -9999.000000 -9999.000000 -9999.000000 -9999.000000 -9999.000000 -9999.000000 -9999.000000 -0.001662 -0.000060 0.000475 0.006762 -0.065798 -0.021766 0.000046 0.020688 0.082556 0.208909 0.127665 0.092192 0.067259 0.044664 0.029481 0.022353 0.015371 0.054166 -0.014892 -0.065603 -0.132406 -0.222953 -0.008128 -0.015027 -0.018667 -0.002130 -0.007541 -0.000249 0.000166 0.012151 0.031875 0.014963
-9999.000000 -9999.000000 -9999.000000 -9999.000000 -9999.000000 -9999.000000 -9999.000000 -9999.000000 -9999.000000 -9999.000000 -9999.000000 -9999.000000 -9999.000000 -9999.000000 -9999.000000 -9999.000000 -9999.000000 -9999.000000 -9999.000000 -9999.000000 -9999.000000 -9999.000000 -9999.000000 -9999.000000 -9999.000000 -9999.000000 -9999.000000 -9999.000000 -9999.000000 -9999.000000 0.000000 0.000710 0.000477 0.001051 0.029530 0.062851 0.011005 0.028345 0.024039 0.031076 0.031962 0.026239 0.018732 0.011323 0.000000 0.007434 0.368694 -0.051768 -0.236901 -0.504732 -0.032348 -0.006989 0.000000 0.004427 0.000831 0.001060 0.000514 0.003652 0.004061
-9999.000000 -9999.000000 -9999.000000 -9999.000000 -9999.000000 -9999.000000 -9999.000000 -9999.000000 -9999.000000 -9999.000000 -9999.000000 -9999.000000 -9999.000000 -9999.000000 -9999.000000 -9999.000000 -9999.000000 -9999.000000 -9999.000000 -9999.000000 -9999.000000 -9999.000000 -9999.000000 -9999.000000 -9999.000000 -9999.000000 -9999.000000 -9999.000000 -9999.000000 -9999.000000 -9999.000000 -0.000820 -0.000595 0.000835 0.002885 0.001247 0.000404 0.006490 0.009944 0.004067 0.020324 0.022450 0.014599 0.005723 0.000000 0.009421 -0.158371 -0.425952 -0.361305 -0.470360 -0.017708 -0.007100 0.000000 0.017409 0.027087 0.066278 -0.039187 -0.086570 0.000316
-9999.000000 -9999.000000 -9999.000000 -9999.000000 -9999.000000 -9999.000000 -9999.000000 -9999.000000 -9999.000000 -9999.000000 -9999.000000 -9999.000000 -9999.000000 -9999.000000 -9999.000000 -9999.000000 -9999.000000 -9999.000000 -9999.000000 -9999.000000 -9999.000000 -9999.000000 -9999.000000 -9999.000000 -9999.000000 -9999.000000 -9999.000000 -9999.000000 -9999.000000 -9999.000000 -9999.000000 -9999.000000 -9999.000000 -0.001367 -0.000168 0.000078 0.000413 0.012656 0.029313 0.045951 0.076650 0.033571 0.202265 0.224075 0.267690 0.280466 0.758835 0.639314 0.425853 0.125475 -0.002396 -0.016853 -0.000129 0.001240 0.091195 -0.089527 -0.126352 -0.122946 0.000016
-9999.000000 -9999.000000 -9999.000000 -9999.000000 -9999.000000 -9999.000000 -9999.000000 -9999.000000 -9999.000000 -9999.000000 -9999.000000 -9999.000000 -9999.000000 -9999.000000 -9999.000000 -9999.000000 -9999.000000 -9999.000000 -9999.000000 -9999.000000 -9999.000000 -9999.000000 -9999.000000 -9999.000000 -9999.000000 -9999.000000 -9999.000000 -9999.000000 -9999.000000 -9999.000000 -9999.000000 -9999.000000 -9999.000000 -0.002421 -0.000415 -0.000422 0.000236 0.000518 0.008262 0.017968 0.067278 0.030138 0.128286 0.140793 0.182357 0.223791 0.218211 0.351378 0.320404 0.357357 0.152867 0.132947 -0.000150 0.000507 0.162622 0.282950 0.322299 0.426570 0.151317
-9999.000000 -9999.000000 -9999.000000 -9999.000000 -9999.000000 -9999.000000 -9999.000000 -9999.000000 -9999.000000 -9999.000000 -9999.000000 -9999.000000 -9999.000000 -9999.000000 -9999.000000 -9999.000000 -9999.000000 -9999.000000 -9999.000000 -9999.000000 -9999.000000 -9999.000000 -9999.000000 -9999.000000 -9999.000000 -9999.000000 -9999.000000 -9999.000000 -9999.000000 -9999.000000 -9999.000000 -9999.000000 -9999.000000 0.000000 -0.000667 -0.001508 0.000007 0.009274 0.022510 0.033293 0.030332 0.067294 0.016764 0.005939 0.003398 0.002173 0.086628 0.085574 0.100796 0.420609 0.173036 0.161052 0.146503 0.000025 0.026097 0.051333 0.437204 0.170659 0.145548
