use_cases/Flooding_chicago/flooding_data/output/hUx_1980.asc
ncols 337
nrows 393
xllcorner 428428.000000
yllcorner 4602440.000000
cellsize 26.757400
NODATA_value -9999.000000
[rows 156 to 181 of 393, columns 236 to 294 of 337]
0.005108 0.004769 0.001918 -0.000095 0.000000 0.009606 0.709087 0.253778 0.151374 0.059574 0.043891 0.000000 0.274036 0.272524 0.200117 0.052390 -0.094824 -0.716412 -0.890377 -0.639445 -0.380142 -0.341651 -0.120480 0.085047 -0.052501 -0.066580 -0.018897 -0.025243 -0.018743 -0.032784 -0.030552 -0.000229 0.000103 0.000765 0.182837 -0.106689 -0.259673 -0.198685 -0.025813 -0.001794 0.001404 -9999.000000 -9999.000000 -9999.000000 -9999.000000 -9999.000000 -9999.000000 -9999.000000 -9999.000000 -9999.000000 -9999.000000 -9999.000000 -9999.000000 -9999.000000 -9999.000000 -9999.000000 -9999.000000 -9999.000000 -9999.000000
0.002704 -0.001333 -0.039599 -0.011959 0.000000 0.014157 0.858045 0.667666 0.566389 0.592858 0.728872 0.548483 0.502367 0.355393 -0.000939 -0.000022 0.000700 0.026033 -0.437171 -0.492308 -0.449482 -0.312728 -0.161843 -0.457190 -0.029338 -0.029560 -0.025417 -0.000902 -0.000816 -0.000626 -0.000994 -0.000222 0.000222 0.015510 1.477528 0.643215 0.286217 -0.232305 -0.032061 -0.001583 0.001573 -9999.000000 -9999.000000 -9999.000000 -9999.000000 -9999.000000 -9999.000000 -9999.000000 -9999.000000 -9999.000000 -9999.000000 -9999.000000 -9999.000000 -9999.000000 -9999.000000 -9999.000000 -9999.000000 -9999.000000 -9999.000000
0.017102 0.095431 0.010875 -0.010342 -0.000859 0.001187 0.023152 0.137977 0.045405 0.062332 0.284410 0.106549 0.000537 -0.000807 0.000536 0.003373 0.004576 0.212781 0.122209 -0.182650 -0.450972 -0.364676 -0.274325 -0.493939 -0.041791 -0.036024 -0.020718 -0.000990 -0.000313 0.000453 0.000772 0.000511 0.000242 0.029291 -0.324353 -0.308965 -0.181676 -0.007205 -0.011182 -0.000376 0.000376 -9999.000000 -9999.000000 -9999.000000 -9999.000000 -9999.000000 -9999.000000 -9999.000000 -9999.000000 -9999.000000 -9999.000000 -9999.000000 -9999.000000 -9999.000000 -9999.000000 -9999.000000 -9999.000000 -9999.000000 -9999.000000
0.042584 0.000311 -0.186846 -0.100147 -0.001058 0.000240 0.001171 0.007018 0.003978 -0.028776 -0.033438 -0.001056 0.001654 0.236663 0.343746 0.499013 0.578918 0.535935 1.520239 0.619453 0.234765 -0.059003 -0.163416 -0.425480 -0.029728 -0.030314 -0.014877 -0.000037 0.000545 0.000583 0.093792 -0.101070 -0.183254 -0.362108 -0.440195 -0.296122 -0.268709 -0.046026 -0.012236 -0.000723 0.000723 -9999.000000 -9999.000000 -9999.000000 -9999.000000 -9999.000000 -9999.000000 -9999.000000 -9999.000000 -9999.000000 -9999.000000 -9999.000000 -9999.000000 -9999.000000 -9999.000000 -9999.000000 -9999.000000 -9999.000000 -9999.000000
-0.030979 -0.066839 -0.346546 -0.262806 -0.086882 -0.000232 0.000525 0.029641 0.180625 0.034848 -0.014254 0.000647 0.335100 0.765728 1.005892 1.384315 1.624166 1.780884 1.546716 1.200748 0.573503 0.129744 -0.072028 -0.051852 -0.345875 -0.009282 -0.001003 0.000110 0.014481 0.003079 -0.043717 -0.039371 -0.052276 -0.114317 -0.539166 -0.475717 -0.025296 -0.002774 -0.004255 -0.000376 0.000376 0.000966 -9999.000000 -9999.000000 -9999.000000 -9999.000000 -9999.000000 -9999.000000 -9999.000000 -9999.000000 -9999.000000 -9999.000000 -9999.000000 -9999.000000 -9999.000000 -9999.000000 -9999.000000 -9999.000000 -9999.000000
-0.576911 -0.545560 -0.576086 -0.650711 -0.269557 0.017737 0.008723 0.009125 0.200753 0.072592 0.113820 0.279142 0.556389 1.012257 1.283181 1.236804 1.261971 1.252871 0.508098 0.239770 -0.071672 -0.153902 -0.308764 -0.417930 -0.610874 -0.125705 -0.044270 -0.060481 -0.060560 -0.011165 0.092366 0.091834 0.079175 0.012017 -0.169976 -0.010045 -0.001782 -0.002336 0.000827 0.000656 0.011566 0.009360 -9999.000000 -9999.000000 -9999.000000 -9999.000000 -9999.000000 -9999.000000 -9999.000000 -9999.000000 -9999.000000 -9999.000000 -9999.000000 -9999.000000 -9999.000000 -9999.000000 -9999.000000 -9999.000000 -9999.000000
0.181998 0.220546 0.234540 0.246629 0.395357 0.372520 0.364865 0.023708 0.629187 0.450830 0.520004 0.708752 1.135881 1.320586 1.277245 1.105909 0.581452 0.536185 0.436480 0.326679 0.341050 0.190760 0.140861 -0.041015 -0.596472 -0.127845 -0.049180 -0.098565 -0.007354 0.000021 0.101037 0.174554 0.152541 0.079027 -0.168030 -0.013503 -0.001077 -0.000745 0.000759 0.004252 0.011266 0.007113 -9999.000000 -9999.000000 -9999.000000 -9999.000000 -9999.000000 -9999.000000 -9999.000000 -9999.000000 -9999.000000 -9999.000000 -9999.000000 -9999.000000 -9999.000000 -9999.000000 -9999.000000 -9999.000000 -9999.000000
1.219796 1.361184 1.482212 1.622644 2.044493 1.561601 1.694521 0.988419 1.761340 1.629815 1.562228 1.646480 1.561043 1.137419 1.069417 0.499426 0.525297 1.341985 1.155561 1.341631 0.864313 0.719728 0.584059 0.245936 -0.011704 -0.006675 -0.001874 -0.000891 -0.000447 0.000580 0.009309 0.187603 0.313348 0.245895 -0.073520 -0.002716 -0.003798 -0.009284 0.000037 0.014333 0.014748 0.027563 -9999.000000 -9999.000000 -9999.000000 -9999.000000 -9999.000000 -9999.000000 -9999.000000 -9999.000000 -9999.000000 -9999.000000 -9999.000000 -9999.000000 -9999.000000 -9999.000000 -9999.000000 -9999.000000 -9999.000000
1.518453 1.655032 1.756280 2.205755 2.529169 1.995473 2.212147 2.348341 2.140094 3.289209 2.884081 2.535419 1.928964 1.050535 1.070694 0.569662 0.559887 1.331242 1.124550 1.106538 0.758232 0.666266 0.381131 0.047228 -0.483391 -0.054112 -0.013903 -0.001077 0.000074 0.001113 0.002268 0.001330 0.093641 0.520537 0.278519 -0.044621 -0.164114 -0.011993 -0.009360 0.008479 0.012737 0.026801 -9999.000000 -9999.000000 -9999.000000 -9999.000000 -9999.000000 -9999.000000 -9999.000000 -9999.000000 -9999.000000 -9999.000000 -9999.000000 -9999.000000 -9999.000000 -9999.000000 -9999.000000 -9999.000000 -9999.000000
0.955550 0.892567 1.163379 1.142451 1.283059 0.932962 2.023443 2.089434 2.091852 1.795715 2.061490 1.638352 1.303903 0.954316 0.530861 0.533979 0.551133 1.330994 0.673100 0.598691 0.480618 0.380323 0.159867 0.006544 -0.471315 -0.047119 -0.018461 -0.000939 0.000722 0.019463 0.119601 0.000041 0.081331 0.431701 0.790784 0.496656 -0.054044 -0.012384 -0.010297 0.006366 0.013819 0.007805 0.003601 -9999.000000 -9999.000000 -9999.000000 -9999.000000 -9999.000000 -9999.000000 -9999.000000 -9999.000000 -9999.000000 -9999.000000 -9999.000000 -9999.000000 -9999.000000 -9999.000000 -9999.000000 -9999.000000
0.542690 0.598778 0.640180 0.791517 0.610060 0.818520 0.971280 1.053664 1.030082 1.488454 1.174798 1.098520 1.597292 0.976143 0.973077 1.019425 1.184896 0.630220 0.365745 0.233253 0.044502 -0.061601 -0.090102 -0.189994 -0.021748 -0.006876 -0.000757 -0.000166 0.000639 0.014429 0.054031 0.016624 0.000000 0.061571 0.515940 0.418031 -0.007068 -0.000709 -0.000064 0.000665 0.011559 0.009428 0.004090 -9999.000000 -9999.000000 -9999.000000 -9999.000000 -9999.000000 -9999.000000 -9999.000000 -9999.000000 -9999.000000 -9999.000000 -9999.000000 -9999.000000 -9999.000000 -9999.000000 -9999.000000 -9999.000000
0.070154 0.210101 0.344079 0.483904 0.485246 0.715313 0.913835 0.985286 0.897760 0.703887 0.395394 0.305146 0.226678 0.177231 0.163893 0.128015 0.044482 -0.000399 0.000323 0.000339 0.002732 0.111387 0.000886 -0.010392 -0.005821 -0.000363 0.000150 0.000796 0.000786 0.001934 0.026647 -0.001245 -0.003030 0.007600 0.009725 0.250987 -0.007101 -0.000778 -0.000407 0.000519 0.000573 0.000526 0.001288 -9999.000000 -9999.000000 -9999.000000 -9999.000000 -9999.000000 -9999.000000 -9999.000000 -9999.000000 -9999.000000 -9999.000000 -9999.000000 -9999.000000 -9999.000000 -9999.000000 -9999.000000 -9999.000000
-0.217661 -0.185131 0.081546 0.331720 0.489395 0.574691 0.593400 0.012858 0.002345 0.000589 0.000751 -0.048506 -0.066794 -0.085768 -0.008467 -0.017789 0.000803 -0.000618 0.000055 0.000637 0.007906 0.007527 -0.244495 -0.011839 -0.000519 0.000059 -0.000008 -0.000643 -0.001307 0.000092 0.016685 0.010385 -0.002918 0.001209 0.003249 0.129920 -0.000691 -0.000444 -0.000934 -0.012650 -0.006690 0.000011 0.001006 -9999.000000 -9999.000000 -9999.000000 -9999.000000 -9999.000000 -9999.000000 -9999.000000 -9999.000000 -9999.000000 -9999.000000 -9999.000000 -9999.000000 -9999.000000 -9999.000000 -9999.000000 -9999.000000
0.367998 0.798744 0.597972 0.612030 0.539695 0.421640 -0.072565 -0.002828 -0.000255 0.000430 0.002571 0.026668 0.524865 0.372714 0.297683 0.280228 0.062658 0.040801 0.036843 0.000015 0.006041 0.006958 0.007605 0.005900 0.001205 0.088569 -0.045567 -0.098290 -0.000357 0.000519 0.006930 0.003893 -0.000858 0.000428 0.014542 0.223269 0.162415 -0.000253 -0.000604 -0.009753 -0.006125 -0.000130 0.000146 0.001264 -9999.000000 -9999.000000 -9999.000000 -9999.000000 -9999.000000 -9999.000000 -9999.000000 -9999.000000 -9999.000000 -9999.000000 -9999.000000 -9999.000000 -9999.000000 -9999.000000 -9999.000000
0.597651 1.160774 0.809591 1.625418 0.864607 0.564684 -0.195226 -0.021050 -0.000357 0.000508 0.025168 0.066822 0.122835 -0.061584 -0.064375 -0.141211 -0.180333 -0.183445 -0.232610 -0.003058 -0.003754 0.005760 0.008333 0.004541 0.144382 0.073397 0.042143 0.013519 -0.000152 0.000169 0.023377 0.027410 0.030098 0.025949 -0.272102 -0.313712 -0.748721 -0.532148 -0.271113 -0.201973 0.001881 -0.005409 0.000002 0.042530 -9999.000000 -9999.000000 -9999.000000 -9999.000000 -9999.000000 -9999.000000 -9999.000000 -9999.000000 -9999.000000 -9999.000000 -9999.000000 -9999.000000 -9999.000000 -9999.000000 -9999.000000
0.881427 1.960211 1.930854 1.701494 0.041632 -0.002187 -0.018320 -0.013688 -0.000599 0.001364 0.026117 0.091367 0.245984 0.083069 0.087091 0.016931 -0.097901 -0.147483 -0.130980 -0.029748 0.000000 0.011277 0.007521 0.099006 0.095826 0.331761 0.356006 0.299080 0.151170 0.088475 0.026672 -0.069043 -0.032957 0.004337 -0.092284 -0.331296 -0.834052 -0.722788 -0.496159 -0.143440 0.110217 0.192379 0.060656 0.107641 0.038558 -9999.000000 -9999.000000 -9999.000000 -9999.000000 -9999.000000 -9999.000000 -9999.000000 -9999.000000 -9999.000000 -9999.000000 -9999.000000 -9999.000000 -9999.000000 -9999.000000
0.892951 1.486786 1.446247 -0.097976 -0.000083 0.000235 0.000900 -0.002240 -0.000319 0.003059 0.013311 0.049868 0.867919 0.470136 0.266946 0.216447 0.031559 -0.038711 -0.086886 -0.366524 0.005236 0.024067 0.200401 0.205493 0.188764 0.164880 0.098744 0.052824 0.000000 0.083829 0.517068 0.240360 0.360468 0.396299 0.292592 0.079428 -0.110396 -0.203309 0.109655 0.236793 0.295392 0.281158 0.360514 0.065867 0.013706 0.004743 -9999.000000 -9999.000000 -9999.000000 -9999.000000 -9999.000000 -9999.000000 -9999.000000 -9999.000000 -9999.000000 -9999.000000 -9999.000000 -9999.000000 -9999.000000
0.880260 0.483720 0.007987 -0.010171 0.000000 0.005027 0.018129 -0.000309 -0.003107 0.000000 0.003929 0.103729 0.237565 0.161690 -0.198369 -0.303669 0.000250 -0.092066 -0.019489 -0.038857 0.003816 0.008830 0.021016 -0.000326 0.000208 0.004308 0.087182 0.056710 0.059292 0.037381 0.933177 1.001226 0.777105 0.724183 0.772364 0.859257 0.792734 0.631152 0.637666 0.440476 0.357708 0.262912 0.086441 -0.010590 -0.000003 0.000276 -9999.000000 -9999.000000 -9999.000000 -9999.000000 -9999.000000 -9999.000000 -9999.000000 -9999.000000 -9999.000000 -9999.000000 -9999.000000 -9999.000000 -9999.000000
0.167183 -0.000326 -0.000859 -0.001310 -0.000405 0.000121 -0.002889 -0.004945 -0.005105 0.000000 0.017086 0.133623 0.069020 0.028524 0.006512 0.002323 0.002940 -0.002733 -0.014945 -0.006121 0.027833 0.036238 0.065722 0.028754 0.000003 0.032085 0.668918 0.735957 0.982370 2.764989 3.196115 2.987197 2.586549 1.657321 1.806029 1.709485 1.779419 1.509976 1.416048 1.110633 0.936106 0.837215 0.455600 -0.011760 -0.000208 0.000326 0.004012 0.143732 -9999.000000 -9999.000000 -9999.000000 -9999.000000 -9999.000000 -9999.000000 -9999.000000 -9999.000000 -9999.000000 -9999.000000 -9999.000000
-0.001069 -0.000116 0.000489 0.022935 -0.128988 -0.148074 -0.084444 -0.003844 -0.001572 0.004192 0.022762 0.161581 0.096688 -0.000387 0.000538 0.007614 0.006280 -0.000401 0.000354 0.037142 0.067228 0.073577 0.030079 0.035513 0.000000 0.043429 0.501721 0.992486 0.798155 0.746816 1.192578 0.758582 1.090124 1.031423 0.964663 1.180547 1.431625 1.429748 1.655361 1.544272 1.608675 2.031345 1.750731 0.770563 0.006359 0.001537 0.031569 0.407656 -9999.000000 -9999.000000 -9999.000000 -9999.000000 -9999.000000 -9999.000000 -9999.000000 -9999.000000 -9999.000000 -9999.000000 -9999.000000
-0.009150 0.000000 0.008289 0.038409 -0.111484 -0.200954 -0.299126 -0.491538 -0.026556 0.000018 0.015376 0.136294 -0.001714 -0.000869 0.001582 0.004703 -0.000604 -0.000473 0.000785 0.044341 0.049464 -0.000000 0.030818 0.146725 0.070015 0.044296 0.358514 0.371840 0.273244 0.277000 0.000272 -0.002105 0.005646 0.309302 0.640967 0.609455 0.887909 1.328021 1.635403 1.642644 1.771295 2.482807 2.371668 1.375912 1.260361 0.967765 2.659357 4.996242 2.829246 -9999.000000 -9999.000000 -9999.000000 -9999.000000 -9999.000000 -9999.000000 -9999.000000 -9999.000000 -9999.000000 -9999.000000
0.053450 -0.031297 -0.167369 -0.219436 -0.016022 0.119613 0.156292 0.091309 -0.000608 0.000438 0.016576 0.028941 -0.003375 -0.003643 -0.000360 0.000360 0.007955 0.460460 0.391109 0.349285 0.159784 -0.000003 0.058289 0.156678 0.076347 0.046324 0.301995 -0.026298 0.123575 0.182558 0.004265 0.003551 0.002367 0.141969 0.458904 0.880898 1.518314 2.534023 3.030756 3.705924 4.311802 5.321939 5.209831 5.523229 5.363462 6.988608 6.969719 7.766513 6.508572 3.057345 -9999.000000 -9999.000000 -9999.000000 -9999.000000 -9999.000000 -9999.000000 -9999.000000 -9999.000000 -9999.000000
1.390510 0.619646 -0.097367 -0.091345 0.009761 0.006585 -0.082863 -0.015405 -0.000848 0.000974 0.021575 -0.072986 -0.168201 -0.011723 -0.000360 0.000360 0.099938 0.252900 0.548681 0.602416 0.591206 0.274582 0.168684 0.188566 0.688805 0.470059 0.401970 0.532608 0.620275 0.189042 0.006873 0.006399 0.006742 0.003967 0.243461 1.448598 2.002934 3.247312 3.569119 4.019849 4.376083 5.346846 5.411081 7.307814 7.152956 8.850350 9.176346 8.638671 7.102246 7.002354 5.170521 -9999.000000 -9999.000000 -9999.000000 -9999.000000 -9999.000000 -9999.000000 -9999.000000 -9999.000000
1.753846 0.863791 0.370974 0.229595 0.071719 0.030395 -0.044069 -0.027544 -0.000914 0.001352 -0.011165 -0.039514 -0.198289 -0.145859 -0.000568 0.000213 0.226023 0.206651 0.281464 0.302317 0.230867 0.256795 0.158070 0.512087 0.351178 0.339608 0.896775 1.194067 0.716454 0.279345 0.225417 0.140838 0.141289 0.009027 0.345983 1.613333 2.407733 2.297605 2.761387 2.030685 2.621735 2.757790 2.554838 4.582487 5.559840 5.612938 5.842145 4.926279 3.285970 2.832199 2.037995 -9999.000000 -9999.000000 -9999.000000 -9999.000000 -9999.000000 -9999.000000 -9999.000000 -9999.000000
1.726908 1.143503 0.568338 -0.001868 -0.001663 -0.003861 -0.004744 -0.002270 -0.001172 0.002360 0.059501 0.097346 -0.056264 0.063560 0.104829 0.091511 0.373407 0.100992 0.094250 0.110161 0.065684 -0.000006 0.054882 0.166833 0.644908 0.524727 1.066844 0.548157 0.618877 0.983860 0.955389 1.333289 1.322296 1.072556 0.916192 1.535935 1.453191 0.602049 0.483877 0.781183 1.104224 1.429100 1.494240 3.388164 2.498456 2.378484 1.187452 1.135640 0.843387 1.334433 0.994195 0.008476 -9999.000000 -9999.000000 -9999.000000 -9999.000000 -9999.000000 -9999.000000 -9999.000000
0.516267 0.745538 0.098956 -0.008409 0.000000 -0.009438 -0.032147 -0.010745 -0.000330 0.000396 0.027645 0.053801 -0.137904 0.076054 0.135139 0.147303 0.718412 0.481578 0.341334 0.292259 0.093831 0.000100 0.024317 0.171677 0.134461 1.106482 1.478769 0.699568 0.744472 0.972774 0.725428 0.698254 0.781279 0.528354 0.004373 0.379272 -0.019890 0.161630 0.439777 0.825029 2.304271 1.761201 3.653018 4.440457 3.113737 2.767787 1.298687 1.216717 0.761124 1.297058 1.139002 -9999.000000 -9999.000000 -9999.000000 -9999.000000 -9999.000000 -9999.000000 -9999.000000 -9999.000000
