use_cases/Flooding_chicago/flooding_data/output/hUx_2340.asc
ncols 337
nrows 393
xllcorner 428428.000000
yllcorner 4602440.000000
cellsize 26.757400
NODATA_value -9999.000000
[rows 156 to 181 of 393, columns 236 to 294 of 337]
0.005108 0.004769 0.001917 -0.000095 0.000000 0.010078 0.711005 0.192359 0.115795 0.059852 0.088746 0.030560 0.556279 0.550217 0.391404 0.073854 -0.223982 -0.857998 -1.031204 -0.757657 -0.500872 -0.450623 -0.165892 0.099476 -0.117947 -0.101595 -0.018950 -0.025301 -0.018764 -0.032800 -0.030562 -0.000228 0.000103 0.000764 0.206472 -0.095890 -0.257465 -0.220373 -0.025759 -0.001794 0.001404 -9999.000000 -9999.000000 -9999.000000 -9999.000000 -9999.000000 -9999.000000 -9999.000000 -9999.000000 -9999.000000 -9999.000000 -9999.000000 -9999.000000 -9999.000000 -9999.000000 -9999.000000 -9999.000000 -9999.000000 -9999.000000
0.002704 -0.001340 -0.039644 -0.011959 0.000000 0.014769 1.070473 0.767011 0.655550 0.676047 0.896998 0.827245 0.797256 0.587904 -0.005176 0.003376 0.009687 0.179275 -0.401666 -0.498224 -0.446264 -0.219443 0.005452 -0.131337 -0.044810 -0.029589 -0.025447 -0.000902 -0.000816 -0.000626 -0.000994 -0.000222 0.000222 0.015515 1.484192 0.636749 0.278926 -0.251742 -0.032029 -0.001583 0.001573 -9999.000000 -9999.000000 -9999.000000 -9999.000000 -9999.000000 -9999.000000 -9999.000000 -9999.000000 -9999.000000 -9999.000000 -9999.000000 -9999.000000 -9999.000000 -9999.000000 -9999.000000 -9999.000000 -9999.000000 -9999.000000
0.017008 0.104499 -0.010610 -0.103986 -0.001005 0.001301 0.048694 0.002931 -0.025831 0.025579 0.302304 0.228400 0.006633 0.004351 0.018412 0.035853 0.039475 0.533894 0.281329 -0.011273 -0.418375 -0.251294 -0.102525 -0.155814 -0.052071 -0.036112 -0.020728 -0.000990 -0.000313 0.000453 0.000772 0.000511 0.000235 0.024549 -0.335449 -0.318068 -0.186823 -0.007202 -0.011173 -0.000376 0.000376 -9999.000000 -9999.000000 -9999.000000 -9999.000000 -9999.000000 -9999.000000 -9999.000000 -9999.000000 -9999.000000 -9999.000000 -9999.000000 -9999.000000 -9999.000000 -9999.000000 -9999.000000 -9999.000000 -9999.000000 -9999.000000
-0.058684 -0.111768 -0.157978 -0.036040 -0.001780 0.000925 0.001359 0.037377 0.020547 -0.020622 -0.019288 0.014929 0.022009 0.374255 0.544071 0.812331 1.002810 0.950538 1.830086 0.893744 0.457351 0.196652 0.050531 -0.026621 -0.043313 -0.030973 -0.014886 -0.000037 0.000545 0.000583 0.102825 -0.099257 -0.187282 -0.372862 -0.454890 -0.305364 -0.275044 -0.046023 -0.012232 -0.000723 0.000723 -9999.000000 -9999.000000 -9999.000000 -9999.000000 -9999.000000 -9999.000000 -9999.000000 -9999.000000 -9999.000000 -9999.000000 -9999.000000 -9999.000000 -9999.000000 -9999.000000 -9999.000000 -9999.000000 -9999.000000 -9999.000000
-0.177552 -0.122750 -0.259839 -0.211957 -0.097976 -0.000056 0.000792 0.135413 0.154133 0.015037 0.001115 0.039192 0.532131 1.043032 1.258072 1.642889 1.889943 2.040195 1.741728 1.321344 0.635692 0.107055 -0.109758 0.052209 0.092092 -0.011428 -0.001003 0.000110 0.012080 -0.001875 -0.053032 -0.045900 -0.060336 -0.125307 -0.558427 -0.490218 -0.025319 -0.002774 -0.004255 -0.000376 0.000376 0.000966 -9999.000000 -9999.000000 -9999.000000 -9999.000000 -9999.000000 -9999.000000 -9999.000000 -9999.000000 -9999.000000 -9999.000000 -9999.000000 -9999.000000 -9999.000000 -9999.000000 -9999.000000 -9999.000000 -9999.000000
0.075891 0.144154 0.023509 -0.044396 0.158750 0.219806 0.238189 0.198087 0.743502 0.576515 0.713987 0.678393 0.931295 1.408148 1.677617 1.594859 1.631666 1.628465 0.812364 0.505949 0.060262 -0.100591 -0.342416 -0.456414 -0.578473 -0.165192 -0.051874 -0.073488 -0.075483 -0.021001 0.079584 0.082349 0.069048 -0.004200 -0.192190 -0.010007 -0.001782 -0.002336 0.000827 0.000656 0.011566 0.009360 -9999.000000 -9999.000000 -9999.000000 -9999.000000 -9999.000000 -9999.000000 -9999.000000 -9999.000000 -9999.000000 -9999.000000 -9999.000000 -9999.000000 -9999.000000 -9999.000000 -9999.000000 -9999.000000 -9999.000000
0.523013 0.573764 0.566364 0.581273 0.787017 0.616887 0.670633 0.237218 1.611373 1.382639 1.452430 1.360521 1.690029 1.825950 1.715182 1.498277 0.939287 0.902240 0.753249 0.564804 0.532276 0.310746 0.201286 -0.011740 -0.540229 -0.165822 -0.054370 -0.105994 -0.007354 0.000021 0.111025 0.173383 0.149299 0.068384 -0.189092 -0.013454 -0.001077 -0.000745 0.000759 0.004252 0.011266 0.007114 -9999.000000 -9999.000000 -9999.000000 -9999.000000 -9999.000000 -9999.000000 -9999.000000 -9999.000000 -9999.000000 -9999.000000 -9999.000000 -9999.000000 -9999.000000 -9999.000000 -9999.000000 -9999.000000 -9999.000000
1.412882 1.580223 1.695820 1.859200 2.337394 1.857056 2.050018 1.398428 2.253082 2.067135 1.928961 1.947012 1.805306 1.373930 1.346447 0.751086 0.788000 1.514279 1.336660 1.479843 0.969990 0.814844 0.629771 0.393115 -0.067577 -0.006546 -0.001874 -0.000891 -0.000447 0.000580 0.009284 0.213263 0.331586 0.257826 -0.077129 -0.002713 -0.003798 -0.009285 0.000037 0.014333 0.014748 0.027563 -9999.000000 -9999.000000 -9999.000000 -9999.000000 -9999.000000 -9999.000000 -9999.000000 -9999.000000 -9999.000000 -9999.000000 -9999.000000 -9999.000000 -9999.000000 -9999.000000 -9999.000000 -9999.000000 -9999.000000
1.554181 1.723734 1.840636 2.321794 2.774304 2.296629 2.550806 2.719869 2.477564 3.435264 2.941952 2.615811 2.084651 1.264716 1.328034 0.852921 0.855884 1.571092 1.377175 1.279636 0.873343 0.784874 0.491875 0.116056 0.019311 -0.094616 -0.013902 -0.001077 0.000074 0.001113 0.002267 0.001329 0.106568 0.523807 0.285889 -0.045372 -0.173186 -0.011991 -0.009360 0.008479 0.012737 0.026801 -9999.000000 -9999.000000 -9999.000000 -9999.000000 -9999.000000 -9999.000000 -9999.000000 -9999.000000 -9999.000000 -9999.000000 -9999.000000 -9999.000000 -9999.000000 -9999.000000 -9999.000000 -9999.000000 -9999.000000
0.782244 0.805569 1.104778 1.148979 1.461517 1.230752 2.365755 2.430781 2.386262 2.020471 2.248035 1.811684 1.511292 1.201753 0.802461 0.846500 0.889306 1.722082 1.099957 0.974562 0.754911 0.572028 0.222350 -0.053157 -0.037725 -0.078010 -0.018461 -0.000939 0.000722 0.019463 0.119706 0.000041 0.095872 0.448050 0.818953 0.515329 -0.059867 -0.012383 -0.010297 0.006366 0.013819 0.007805 0.003601 -9999.000000 -9999.000000 -9999.000000 -9999.000000 -9999.000000 -9999.000000 -9999.000000 -9999.000000 -9999.000000 -9999.000000 -9999.000000 -9999.000000 -9999.000000 -9999.000000 -9999.000000 -9999.000000
0.470499 0.558859 0.641719 0.871943 0.806808 1.112209 1.334134 1.468822 1.464125 1.827361 1.363033 1.224021 1.672678 1.090887 1.147922 1.295636 1.545845 0.943317 0.661460 0.680081 0.405956 0.221906 0.114370 0.041611 -0.072590 -0.006876 -0.000757 -0.000165 0.000639 0.014429 0.054117 0.016621 0.000000 0.071990 0.512716 0.424767 -0.007068 -0.000709 -0.000064 0.000665 0.011559 0.009428 0.004090 -9999.000000 -9999.000000 -9999.000000 -9999.000000 -9999.000000 -9999.000000 -9999.000000 -9999.000000 -9999.000000 -9999.000000 -9999.000000 -9999.000000 -9999.000000 -9999.000000 -9999.000000 -9999.000000
0.171311 0.294737 0.433129 0.634237 0.705274 1.014079 1.261051 1.347770 1.221944 1.014092 0.753471 0.779864 0.575224 0.463823 0.400973 0.351601 0.174650 -0.000585 0.000322 -0.000416 0.001111 0.083960 -0.077668 -0.089911 -0.005821 -0.000363 0.000150 0.000796 0.000786 0.001934 0.026039 -0.001799 -0.004421 0.008855 0.012161 0.260040 -0.007100 -0.000778 -0.000407 0.000519 0.000573 0.000526 0.001288 -9999.000000 -9999.000000 -9999.000000 -9999.000000 -9999.000000 -9999.000000 -9999.000000 -9999.000000 -9999.000000 -9999.000000 -9999.000000 -9999.000000 -9999.000000 -9999.000000 -9999.000000 -9999.000000
-0.118614 -0.106471 0.174617 0.475108 0.712678 0.873030 0.961405 0.228675 0.102132 0.025650 -0.014691 -0.087272 -0.073764 -0.081745 0.000587 0.031181 0.006868 -0.000649 0.000055 0.000669 0.010760 0.010228 -0.617054 -0.026835 -0.000519 0.000059 -0.000008 -0.000643 -0.001307 0.000092 0.016237 0.009221 -0.003546 0.001212 0.003841 0.136360 -0.000690 -0.000443 -0.000932 -0.012643 -0.006690 0.000011 0.001006 -9999.000000 -9999.000000 -9999.000000 -9999.000000 -9999.000000 -9999.000000 -9999.000000 -9999.000000 -9999.000000 -9999.000000 -9999.000000 -9999.000000 -9999.000000 -9999.000000 -9999.000000 -9999.000000
0.574518 1.022655 0.782170 0.802570 0.769110 0.684297 0.151103 -0.000547 0.000362 0.000504 0.002426 0.102001 -0.038036 -0.090467 -0.046304 -0.049906 -0.114830 -0.133821 -0.121444 0.000016 0.014295 0.016769 0.016854 0.012130 0.002826 0.048860 -0.046595 -0.062789 -0.000357 0.000519 0.006778 0.003519 -0.001001 0.000429 0.020400 0.297938 0.261414 -0.000316 -0.000660 -0.009962 -0.008328 -0.000130 0.000146 0.001264 -9999.000000 -9999.000000 -9999.000000 -9999.000000 -9999.000000 -9999.000000 -9999.000000 -9999.000000 -9999.000000 -9999.000000 -9999.000000 -9999.000000 -9999.000000 -9999.000000 -9999.000000
0.848243 1.444522 1.023013 1.848869 1.122991 0.691225 -0.405854 -0.023785 -0.000350 0.000533 0.024209 0.214088 -0.066697 -0.125015 -0.086923 -0.088126 -0.109303 -0.084104 -0.037775 0.037548 0.050894 0.037226 0.025970 0.011922 0.129325 0.325615 0.173201 0.085810 -0.000152 0.000169 0.084682 0.071825 0.035828 -0.038282 -0.194811 -0.169881 -0.654564 -0.706022 -0.397244 -0.293480 -0.251156 -0.004995 0.000002 0.210234 -9999.000000 -9999.000000 -9999.000000 -9999.000000 -9999.000000 -9999.000000 -9999.000000 -9999.000000 -9999.000000 -9999.000000 -9999.000000 -9999.000000 -9999.000000 -9999.000000 -9999.000000
1.167904 2.431680 2.251628 1.994148 0.369682 -0.002545 -0.020051 -0.014699 -0.000554 0.001485 0.025561 0.234718 0.057043 -0.028389 -0.029580 -0.135864 -0.297149 -0.413014 -0.522859 -0.270248 0.000000 0.029920 0.018312 0.184748 0.176545 0.493915 0.268766 0.319939 0.228311 0.156826 0.470705 0.270676 0.306449 0.345454 0.233386 0.064797 -0.307008 -0.259309 0.019567 0.394804 0.569860 0.658199 0.366136 0.601853 0.315551 -9999.000000 -9999.000000 -9999.000000 -9999.000000 -9999.000000 -9999.000000 -9999.000000 -9999.000000 -9999.000000 -9999.000000 -9999.000000 -9999.000000 -9999.000000 -9999.000000
1.193722 1.992347 1.734879 -0.105252 -0.000083 0.000235 0.001540 -0.002260 -0.000034 0.003471 0.013444 0.086806 1.147501 0.887437 0.622962 0.410828 0.198233 0.267719 0.209347 -0.128050 0.056467 0.074285 0.377449 0.366366 0.310760 0.272484 0.171986 0.093818 0.000000 0.121337 0.850967 0.515090 0.737746 0.802830 0.673928 0.423493 0.349788 0.290537 0.499069 0.680836 0.738993 0.635907 0.861328 0.299345 0.106054 0.041204 -9999.000000 -9999.000000 -9999.000000 -9999.000000 -9999.000000 -9999.000000 -9999.000000 -9999.000000 -9999.000000 -9999.000000 -9999.000000 -9999.000000 -9999.000000
1.104595 0.630003 0.043175 -0.010538 0.000000 0.005027 0.022784 0.001580 -0.002206 0.000000 0.003929 0.173059 0.465063 0.771441 -0.002164 -0.284262 -0.018970 -0.220318 -0.057243 -0.082218 0.010331 0.020199 0.049196 -0.000326 0.000208 0.004463 0.145450 0.132403 0.153839 0.093718 1.409380 1.361495 1.082080 1.066933 1.223718 1.103317 1.097232 0.993544 0.827156 0.705834 0.551688 0.407292 0.179358 -0.010977 -0.000003 0.000276 -9999.000000 -9999.000000 -9999.000000 -9999.000000 -9999.000000 -9999.000000 -9999.000000 -9999.000000 -9999.000000 -9999.000000 -9999.000000 -9999.000000 -9999.000000
0.279119 -0.000410 -0.001046 -0.001399 -0.000428 0.000121 0.000208 -0.002519 -0.004136 0.000000 0.018448 0.169370 0.110147 0.053778 0.016421 0.004912 -0.001023 -0.009348 -0.029384 -0.007226 0.056188 0.072002 0.124042 0.066251 0.000003 0.116555 0.671742 0.894938 1.291130 3.488360 4.031596 3.647306 3.198278 2.184229 2.425646 2.212390 2.213675 1.995374 1.776615 1.396081 1.192997 1.022448 0.579398 -0.012069 -0.000208 0.000326 0.004012 0.225772 -9999.000000 -9999.000000 -9999.000000 -9999.000000 -9999.000000 -9999.000000 -9999.000000 -9999.000000 -9999.000000 -9999.000000 -9999.000000
-0.001159 -0.000223 0.000642 0.033882 -0.120647 -0.109087 -0.075014 -0.002866 0.000207 0.005546 0.026845 0.177571 0.144028 -0.000379 0.000570 0.007353 0.005240 -0.000096 0.000698 0.070295 0.120707 0.130918 0.057128 0.136523 0.000000 0.129560 0.414301 1.099666 1.027103 1.089539 1.506502 0.925198 1.317024 1.315166 1.255631 1.487717 1.768975 1.803017 2.083011 1.968660 2.076718 2.547445 2.252352 1.102369 0.009839 0.002389 0.034768 0.623292 -9999.000000 -9999.000000 -9999.000000 -9999.000000 -9999.000000 -9999.000000 -9999.000000 -9999.000000 -9999.000000 -9999.000000 -9999.000000
-0.009060 0.000000 0.015162 0.033876 -0.165625 -0.239135 -0.327681 -0.578192 -0.030486 0.000018 0.024738 0.168185 -0.001802 -0.000800 0.001719 0.003527 -0.001204 0.003150 0.002751 0.086482 0.093561 0.000062 0.048800 0.229050 0.179423 0.135005 0.500434 0.618371 0.443471 0.485334 0.048222 0.130387 0.126995 0.510028 0.858855 0.818657 1.172592 1.685354 2.077767 2.114733 2.331504 3.226816 3.159557 2.006902 1.982298 1.700424 3.719226 6.324730 3.684595 -9999.000000 -9999.000000 -9999.000000 -9999.000000 -9999.000000 -9999.000000 -9999.000000 -9999.000000 -9999.000000 -9999.000000
0.122681 -0.050157 -0.263036 -0.358101 -0.104303 0.075592 0.151602 0.138076 -0.000608 0.000438 0.030027 0.141300 -0.003723 -0.003827 -0.000360 0.000360 0.012462 0.567737 0.551230 0.538803 0.261028 0.001742 0.097463 0.266753 0.188858 0.151474 0.459637 0.183049 0.458276 0.453954 0.077054 0.061014 0.057574 0.366456 0.769570 1.277609 1.981889 3.087860 3.691418 4.480140 5.204609 6.384393 6.319130 6.748574 6.662898 8.534100 8.487155 9.364201 7.905320 3.927746 -9999.000000 -9999.000000 -9999.000000 -9999.000000 -9999.000000 -9999.000000 -9999.000000 -9999.000000 -9999.000000
1.523135 0.632469 -0.242265 -0.302044 -0.068960 -0.100994 -0.220717 -0.020522 -0.000848 0.000974 0.034178 -0.087488 -0.248302 -0.012153 -0.000360 0.000360 -0.029994 0.175751 0.637101 0.815986 0.859530 0.471057 0.312879 0.413106 0.870204 0.712908 0.639025 0.900813 1.023917 0.433930 0.086750 0.078909 0.082525 0.074105 0.503772 1.643669 2.306143 3.663701 4.158753 4.775789 5.289287 6.451822 6.574504 8.755023 8.603824 10.512371 10.864092 10.216988 8.426500 8.238612 6.140192 -9999.000000 -9999.000000 -9999.000000 -9999.000000 -9999.000000 -9999.000000 -9999.000000 -9999.000000
1.807663 0.882141 0.309684 0.222883 0.099521 0.038275 -0.122211 -0.037404 -0.000914 0.001352 -0.052193 -0.139736 -0.314960 -0.233281 -0.000845 0.000248 0.245066 0.254520 0.401162 0.481007 0.383910 0.443490 0.291783 0.750712 0.578039 0.619197 1.338663 1.556192 1.033161 0.536070 0.517928 0.376277 0.424039 0.127906 0.682780 1.648889 2.593194 2.626269 3.236552 2.623395 3.462249 3.718019 3.479045 5.863226 6.960786 6.974373 7.259939 6.226959 4.292329 3.743830 2.811887 -9999.000000 -9999.000000 -9999.000000 -9999.000000 -9999.000000 -9999.000000 -9999.000000 -9999.000000
1.702463 1.118259 0.456364 0.000759 -0.003408 -0.008497 -0.008197 -0.002271 -0.001171 0.002361 0.119409 0.191532 -0.038610 0.108696 0.185579 0.180150 0.660342 0.260769 0.228152 0.221262 0.091786 0.000911 0.089818 0.421796 0.798021 0.765946 1.447124 0.818720 0.909163 1.391202 1.348076 1.847373 1.828173 1.533698 1.375134 1.904283 1.738246 1.183270 0.835477 1.213054 1.624993 2.052771 2.183348 4.495862 3.546451 3.433983 1.868315 1.811347 1.447995 2.068114 1.608797 0.121748 -9999.000000 -9999.000000 -9999.000000 -9999.000000 -9999.000000 -9999.000000 -9999.000000
0.648235 0.930761 0.367456 -0.014034 0.000000 -0.013178 -0.041635 -0.010744 -0.000330 0.000396 0.029584 0.044299 -0.139537 0.162656 0.241550 0.281545 1.167296 0.829848 0.594015 0.498153 0.131441 0.001970 0.039568 0.272541 0.282594 1.383250 1.851804 0.993231 1.070056 1.440956 1.159601 1.113478 1.194573 0.849450 0.082629 0.817205 0.089059 0.539990 0.767417 1.243515 2.977180 2.407444 4.609409 5.683221 4.182350 3.829252 2.000400 1.906399 1.276202 2.006637 1.767796 -9999.000000 -9999.000000 -9999.000000 -9999.000000 -9999.000000 -9999.000000 -9999.000000 -9999.000000
