use_cases/Flooding_chicago/flooding_data/output/hUx_2880.asc
ncols 337
nrows 393
xllcorner 428428.000000
yllcorner 4602440.000000
cellsize 26.757400
NODATA_value -9999.000000
[rows 182 to 207 of 393, columns 177 to 235 of 337]
0.057685 0.058399 0.101678 0.402234 0.452422 0.171751 0.428281 0.443097 0.317391 0.184261 -0.371216 -0.047052 -0.000171 0.000145 0.006640 0.040716 0.082187 0.370617 0.758233 0.846858 0.934568 0.515233 0.003924 0.000015 -0.314745 -0.066496 -0.008889 -0.000632 0.000651 0.001444 0.000075 0.020731 0.063345 0.355430 0.212247 0.175121 -0.105551 0.000534 0.004480 0.001055 0.007452 0.009308 0.008074 0.003304 0.001338 0.001915 0.001967 0.012314 0.012236 1.818983 3.385363 2.616421 1.185033 0.615069 0.003351 0.001385 -0.344010 -0.364860 0.136729
0.043174 0.038299 0.157348 0.444872 0.256050 0.149025 0.466920 0.608318 0.849465 1.273313 0.514972 0.096939 0.118730 0.078150 0.133898 0.568825 0.421083 0.618126 0.702161 0.255660 -0.064808 -0.008604 0.000010 -0.016396 0.019575 -0.000737 -0.000763 0.000019 0.005196 0.005375 0.007261 0.004550 0.030407 0.086008 -0.095444 -0.012121 -0.000058 0.000592 0.013187 0.014416 0.003887 0.003745 0.002894 0.019610 0.140599 0.899206 1.068762 1.256955 2.493998 4.425087 2.499182 0.172456 -0.794610 -0.431872 -0.014126 0.001059 0.007958 0.021287 0.002182
0.108635 0.259260 0.110515 0.049997 0.052271 -0.235038 -0.394409 -0.499500 -0.308664 -0.007799 -0.000083 0.000067 0.009407 0.111627 0.241058 0.650321 0.497214 0.302826 -0.123254 -0.030969 -0.009457 -0.000158 0.000368 0.009389 0.158344 -0.000687 0.000144 0.000760 0.030641 0.231716 0.000488 0.003110 0.005009 0.068333 -0.004488 -0.000360 0.000360 0.006387 0.032859 0.051468 0.011834 0.017098 0.008812 0.458139 2.255980 3.724011 3.605274 3.952039 3.341296 2.814178 0.743270 -0.646968 -0.556368 -0.543563 -0.113357 -0.000585 0.000270 0.000364 0.001201
0.019612 0.037266 0.003589 0.009870 0.009030 -0.464550 -0.896661 -1.320696 -0.049217 -0.006353 -0.000464 0.000067 0.008073 0.021641 0.135796 0.019636 -0.004820 -0.008465 -0.051011 -0.018372 -0.001297 0.000407 0.001620 0.006131 0.175440 -0.000930 0.000741 0.026076 0.076029 0.239364 0.138618 0.302409 0.199990 0.084824 -0.016109 -0.000360 0.000360 0.018252 0.035884 0.062748 0.084211 0.805073 1.757458 2.229698 2.403896 2.562745 1.715199 -0.000062 0.000068 -0.677023 -0.953111 -1.221755 -1.514851 -0.581540 -0.327748 -0.012829 0.000000 0.008582 0.019643
0.009420 0.032890 0.003194 0.001773 0.032287 0.364003 -0.881749 -1.609692 -1.304604 -0.016983 -0.005350 0.000000 0.012122 0.031874 0.035935 0.000265 -0.008230 -0.013168 -0.025616 -0.026055 -0.002819 0.001921 0.004322 0.028870 0.125515 -0.000847 0.000043 0.022139 0.027931 0.003206 0.208798 0.249271 0.366066 0.483095 0.479599 -0.000301 0.000015 0.001609 0.010497 0.071738 0.946852 1.004081 1.270328 1.512593 1.711450 -0.042749 -0.009420 -0.000092 0.000301 0.011601 0.217980 -0.803915 -1.521336 -1.622396 -0.671965 -0.005501 0.000000 0.005877 0.013996
0.079651 0.022509 0.007264 0.004181 0.011789 0.040639 0.008017 -0.094777 -0.736246 -0.084355 -0.011368 -0.000066 0.000558 0.010495 0.021975 0.014679 -0.004181 -0.050485 -0.012344 -0.005420 -0.002980 0.006020 0.007366 0.027165 -0.004739 -0.039094 -0.011295 -0.000416 0.005869 0.027504 0.083727 0.000050 0.002098 0.002610 0.458586 0.364051 0.151530 0.047850 0.045088 0.522358 0.337499 0.225964 0.407185 0.204803 -0.022561 -0.014761 -0.007170 0.000000 0.005877 0.027951 0.303947 -0.684282 -1.412681 -2.343007 -1.652049 -0.020287 0.000000 0.005877 0.026207
0.003905 0.002686 0.001627 0.012754 0.023234 0.076691 0.036705 -0.233461 -0.437131 -1.051498 -0.043426 -0.004386 -0.000889 -0.000666 0.000198 0.007987 0.037732 0.037349 -0.001335 -0.003035 0.000100 0.002942 0.006573 0.019024 -0.021151 -0.042235 -0.023551 -0.010133 0.000000 0.013250 0.016742 0.002058 0.001700 0.002480 0.018277 0.367276 0.339222 0.275620 0.091412 0.447309 0.209018 0.136286 0.127621 -0.072755 -0.023975 -0.019300 -0.007120 0.000000 0.005877 0.011880 0.079671 0.627046 0.523347 -1.131272 -0.346223 -0.216133 -0.000733 0.001188 0.002381
0.004761 0.004387 0.002379 0.009463 0.015394 0.098688 0.051099 -0.079529 -0.160221 -0.279076 -0.062842 -0.033229 -0.024020 -0.002648 -0.003639 0.000005 -0.002018 -0.000391 0.000093 0.000088 -0.000304 0.000011 0.009302 -0.050521 -0.109173 -0.109036 -0.015685 -0.007803 0.000000 0.002964 0.000456 0.000018 0.012883 0.030627 0.042012 0.043840 0.198853 0.141795 0.514844 0.396310 0.435223 0.355942 0.424480 0.053537 -0.304130 -0.001592 -0.000698 0.000190 0.000643 0.009069 0.237323 1.117194 2.147972 1.757881 0.913764 -0.446467 -0.067736 -0.001647 0.001680
0.001554 0.001659 0.015058 0.027573 0.130232 0.063145 0.042287 -0.217872 -0.286548 -0.559232 -1.167435 -0.102843 -0.032062 -0.025001 -0.000509 0.000142 -0.033971 -0.007506 -0.000516 0.000060 0.000377 0.000674 0.025602 0.462041 0.634754 0.125715 0.044982 -0.062448 -0.026211 -0.001517 -0.000077 0.000260 0.025123 0.046996 0.063740 0.080061 0.178268 0.097921 0.712716 0.793597 0.831923 0.841078 0.724031 0.204411 -0.090153 0.000626 0.197626 0.854498 1.499826 2.309981 2.669828 2.305926 3.135321 2.166138 1.442266 -0.028555 -0.001423 -0.002490 0.003499
0.014763 0.005670 0.012090 0.119690 0.174954 0.097583 0.072387 0.624864 0.491388 0.335822 -0.078616 -0.181901 -0.123956 -0.046958 -0.017486 -0.000844 -0.001872 -0.010001 -0.005791 -0.000326 0.000208 0.006364 0.013230 0.430534 -0.126848 -0.379698 -0.544929 -0.075345 -0.051917 -0.017878 -0.000126 0.000138 0.020721 0.047837 0.062411 0.082910 0.167174 0.636752 0.442923 0.948427 1.116692 0.885020 0.680651 0.559739 0.539751 0.729930 1.463752 2.419836 2.576954 2.314996 2.356164 3.383538 2.660238 0.609287 -0.087910 -0.023686 -0.006836 0.000000 0.005877
0.020330 0.094401 0.234056 0.131475 0.208584 0.591084 0.414347 0.501039 0.210766 -0.178274 -0.078343 -0.078268 -0.070737 -0.033799 -0.002153 -0.000360 0.000457 -0.124997 -0.024987 -0.007224 0.000003 0.006034 0.013013 0.264444 -0.042236 -0.131000 -0.008327 -0.002402 -0.010924 -0.004023 -0.000346 0.000180 0.007843 0.017192 0.022136 0.029620 0.091732 0.675525 0.594164 0.511521 0.258747 0.566574 0.806611 0.448083 0.458555 0.773250 0.822707 0.833848 0.751350 0.410738 0.333453 0.546362 0.226372 -0.033291 -0.008701 -0.031361 -0.006051 0.000000 0.005877
0.019815 0.005669 0.005323 0.006100 0.186348 0.404524 0.418846 0.276037 0.099043 0.126071 -0.016349 -0.020375 -0.039367 -0.021903 -0.025669 -0.000020 -0.008063 -0.055069 -0.010041 -0.000266 -0.000006 0.000502 0.014454 0.174415 -0.074416 -0.007661 -0.000590 -0.002382 -0.003881 -0.016129 -0.007862 -0.000180 0.000346 0.004023 0.010536 0.010395 0.042717 0.470213 0.278861 0.205341 0.147145 0.381017 0.273596 -0.057075 -0.210069 -0.297398 -0.207544 -0.135332 -0.068574 0.056673 0.058866 0.051791 0.028416 -0.004826 -0.010164 -0.007132 -0.004221 0.000261 0.027887
-0.005144 0.000000 0.018412 0.061337 0.168944 -0.085198 -0.298692 -0.315185 -0.657259 -0.866487 -0.105494 -0.045987 -0.014634 -0.023176 -0.014679 0.007865 0.017580 -0.154000 -0.010388 -0.000092 0.000091 0.012939 0.030823 0.356188 -0.201018 -0.008107 0.000000 0.007434 0.025364 -0.013756 -0.004761 -0.000105 0.000124 0.008748 0.015399 0.018698 0.047695 0.191655 0.074849 -0.032736 0.036887 0.215346 0.108697 -0.105990 -0.549692 -0.844848 -0.925413 -1.024275 -1.077238 -0.953375 -0.603213 -0.118542 -0.014082 0.003051 0.004880 0.767391 1.040114 1.699897 2.479316
-0.009212 -0.006228 0.004317 0.006205 0.004466 0.001566 0.001814 -0.016400 -0.126482 -0.370016 -0.060135 -0.009335 -0.022847 -0.024091 -0.018014 -0.000364 0.000421 0.032424 0.059247 0.034087 0.009042 0.037248 0.095278 0.087810 -0.080695 -0.010114 0.000000 0.009182 0.015229 -0.000136 -0.000257 -0.000102 0.000108 0.011309 0.029164 0.041935 0.055378 0.270192 0.091199 0.040178 -0.022085 -0.042969 -0.004034 -0.004660 -0.002907 -0.031232 -0.403189 -0.809193 -1.204347 -1.347803 -0.849979 -0.665740 -0.066744 0.215973 0.394148 1.945454 2.387256 3.082472 3.404131
-0.009784 -0.007050 0.000528 0.011959 0.005000 0.001356 0.010602 0.124443 0.058689 -0.040283 -0.031764 -0.008345 -0.000023 -0.006506 -0.009312 -0.000652 0.000969 0.094471 0.095652 0.062907 0.116254 0.174583 0.173452 0.064900 -0.054662 -0.005381 -0.000104 0.000230 0.005580 0.000831 -0.001261 -0.000002 0.000388 0.000684 0.008172 0.026702 0.027143 0.371411 -0.000000 0.043468 0.052298 0.167503 -0.004068 -0.003691 0.001952 0.004878 0.278380 0.103003 -0.304170 -0.606503 -0.484666 -0.504874 0.198220 0.620170 0.936698 2.562280 2.726636 2.322057 1.906704
-0.000492 0.000010 0.005373 0.056780 0.000861 0.000645 0.020398 0.161833 0.231982 -0.157067 -0.203747 -0.023542 -0.000878 -0.001059 -0.001164 0.000218 0.001688 0.008983 0.087173 0.040180 0.113102 0.152161 0.156994 0.232755 0.223420 -0.007556 -0.000517 -0.001249 0.001526 0.000858 -0.000222 0.000577 0.000951 0.000659 0.011575 0.031025 0.177669 0.159782 0.000001 0.098921 0.201967 0.440173 0.502517 0.734215 0.881982 0.601493 0.567123 0.513971 1.103547 1.241440 1.108745 0.998357 1.339736 1.547026 1.923459 1.856657 1.578495 0.551718 -0.032947
-9999.000000 -0.001369 0.000105 0.000205 0.017315 0.043660 0.052651 0.117151 0.324772 0.401209 -0.133446 -0.021092 -0.011755 -0.000905 -0.000682 0.000375 0.000947 0.007931 0.052163 0.018162 0.067743 0.100692 0.108152 0.197037 0.124011 -0.027031 -0.008950 -0.000104 0.030815 0.089483 0.037111 0.000016 0.012029 0.041544 0.057843 0.103138 0.439720 0.223184 0.245805 0.639932 0.630539 0.915859 1.210832 1.443234 1.650653 1.867100 1.576247 1.861386 1.501437 2.119978 2.193433 1.973090 1.835458 1.539503 1.457701 1.242409 -0.090096 -0.023697 -0.000618
-9999.000000 -0.003093 -0.000511 0.000081 0.023203 0.051294 0.061629 0.138316 0.056511 0.021758 -0.027056 -0.039412 -0.007225 -0.000396 -0.000092 0.000369 0.000694 0.000915 0.005436 0.008670 0.011397 0.029152 0.044355 0.271363 0.454687 -0.050045 -0.010784 -0.000235 0.002496 0.032232 0.025945 0.006967 0.019817 0.036662 0.037328 0.021759 0.479846 0.523427 0.801046 0.932090 1.392304 1.516212 2.172391 1.945796 2.094135 2.519937 2.450173 2.440143 2.176982 2.173383 2.106733 2.191839 1.804499 1.256279 1.026813 0.832735 -0.099863 -0.020066 -0.000399
-9999.000000 -0.000764 -0.001118 0.000000 0.006850 0.015262 0.040246 0.137122 0.013775 -0.000922 0.000105 0.016080 0.029519 -0.000281 -0.000019 0.000280 0.000107 0.000022 0.001656 0.001413 0.002647 0.029137 0.043631 0.156351 0.171651 0.122069 -0.001149 -0.001774 -0.006170 0.002940 0.011037 0.004145 0.022415 0.067520 0.523530 0.556778 0.608972 1.140574 1.533823 1.529832 1.964928 2.035577 2.211351 2.334074 2.452531 2.513018 2.755397 2.778844 2.762290 2.591938 2.084633 1.991228 2.001822 1.239797 0.948122 0.692036 0.251458 -0.015336 -0.000176
-9999.000000 -9999.000000 -0.000568 0.000000 0.007521 0.023782 0.026308 0.070821 -0.064195 -0.013351 0.000010 0.024553 0.176116 0.056104 0.021373 0.030334 0.009860 -0.000619 -0.000373 0.000588 0.013916 0.032325 0.134953 0.195740 0.076333 0.024064 0.008539 0.002093 0.000890 0.007290 0.008982 0.043997 -0.051028 0.225125 0.606374 1.005781 1.318245 2.345239 2.504478 2.365090 2.756032 2.644409 2.650049 2.631077 2.685514 2.735753 3.093103 3.127934 2.899545 2.446535 1.839930 1.749193 0.911019 0.306117 0.000851 -0.077155 0.054512 0.230300 0.239974
-9999.000000 -0.014956 -0.004742 0.000000 0.006743 0.005432 0.020302 0.113281 0.014911 -0.000743 0.000250 0.007762 0.012039 0.149159 0.084584 0.231032 0.341989 0.175538 0.045431 0.000037 0.014515 0.198292 0.111950 0.272761 0.265105 0.319692 0.181631 0.641738 0.348183 0.153520 0.325712 0.679404 0.953059 1.475414 1.805673 1.510035 1.714360 2.754638 2.786013 2.513067 2.798396 2.614916 2.052558 2.115330 1.833470 1.757280 1.666007 1.632340 1.376701 1.289104 1.135548 0.481485 -0.034913 -0.000521 0.000273 0.001169 0.000447 0.006735 0.282497
-9999.000000 -0.016326 -0.014302 -0.000479 0.000113 0.002879 0.018740 0.101835 -0.093016 -0.005450 0.000000 0.008176 0.013415 0.202711 0.000000 0.008104 0.122543 0.764308 0.589755 0.582551 0.545931 0.431443 0.214058 0.369566 0.310172 0.344237 1.485376 1.469027 2.449309 2.676977 2.643763 2.838492 3.051516 3.134658 3.145804 3.517659 3.153769 3.119448 2.867000 3.080975 2.590553 2.542808 1.767951 1.491754 1.591032 1.378323 1.437165 1.425082 1.171615 1.085343 0.721968 0.301210 -0.008911 -0.001573 -0.000423 0.000956 0.000293 0.012790 0.023237
-9999.000000 -0.000013 0.020827 0.008914 -0.000568 0.001296 0.012551 0.277952 0.288727 -0.099603 0.000000 0.010989 0.164139 0.068305 0.000000 0.015838 0.046597 0.618617 0.523474 0.657553 0.692763 0.487600 0.582012 0.440813 1.811066 2.409454 2.296127 2.471608 3.709134 3.678032 3.416508 3.449197 3.536581 3.546634 3.506211 3.531320 3.770974 2.964252 2.591903 2.096421 1.983899 1.600073 1.086270 0.934042 1.150624 0.977512 0.892304 1.023690 0.671173 0.484763 0.291574 -0.016865 -0.009185 -0.001054 -0.000946 -0.000821 0.000000 0.006319 0.012925
-0.000771 -0.000308 0.000831 0.002370 -0.000355 0.000492 0.147257 0.121981 0.139372 0.099727 0.064060 0.149969 0.470930 0.079948 0.064445 0.025518 0.231219 0.358599 0.096913 -0.000263 0.000441 0.153937 0.612837 1.397510 1.312605 3.171746 2.259631 2.353378 2.173490 2.508209 2.188173 2.139868 2.145702 2.177436 2.278021 2.420790 2.486919 2.479753 1.410174 1.017766 0.911735 1.167656 0.674886 0.559453 0.409265 0.280454 0.181535 0.095934 -0.000246 0.000186 0.001084 -0.012572 -0.001617 -0.003298 -0.025883 -0.009440 -0.000072 0.000497 0.006812
-0.000474 -0.000295 0.000447 0.007728 0.005553 0.001558 0.136552 0.066744 -0.117262 0.000000 0.056233 0.184718 0.112693 0.577765 0.053020 0.054859 0.254110 0.150629 0.000000 0.001053 0.000917 0.049617 0.633827 0.745061 1.473831 1.550270 1.768696 1.024965 0.791530 0.724752 0.452946 0.427184 0.639914 0.646557 0.790351 0.807937 1.051655 0.583382 0.344046 0.155664 0.140156 0.233666 0.247178 0.170323 0.161905 0.128667 0.041466 -0.010102 -0.000208 0.000326 0.006527 0.140631 0.360195 -0.175100 -0.457061 -0.097577 -0.014666 0.000014 0.017907
-0.003355 -0.003090 0.002544 0.140509 0.177941 0.116556 -0.063448 -0.010808 -0.004209 0.000000 0.004212 0.007710 0.126225 0.074788 0.201482 0.403540 0.237193 0.101961 0.155847 0.133028 0.212873 0.326007 0.842542 0.989008 1.041589 1.016000 0.671061 0.098265 0.039800 0.007504 0.004627 0.045069 -0.163312 -0.324766 -0.325345 -0.165390 -0.003352 0.003509 0.011667 0.333269 0.362209 0.684195 0.546158 0.342167 0.373527 0.383641 0.382399 0.388170 -0.000003 0.005982 0.104969 0.057829 0.106319 0.115661 0.083474 -0.083921 -0.003265 -0.000060 0.003117
