use_cases/Flooding_chicago/flooding_data/output/hUx_1440.asc
ncols 337
nrows 393
xllcorner 428428.000000
yllcorner 4602440.000000
cellsize 26.757400
NODATA_value -9999.000000
[rows 156 to 181 of 393, columns 236 to 294 of 337]
0.005108 0.004769 0.001918 -0.000095 0.000000 0.009117 0.541326 0.317749 0.212407 0.073025 0.043385 0.000000 0.140385 0.136590 0.072368 0.021717 0.004721 -0.000921 -0.001917 0.109781 0.084722 0.110765 0.142848 -0.017551 -0.062192 -0.057897 -0.018844 -0.025183 -0.018727 -0.032786 -0.030556 -0.000230 0.000104 0.000768 0.092582 -0.129239 -0.246938 -0.107344 -0.026340 -0.001794 0.001404 -9999.000000 -9999.000000 -9999.000000 -9999.000000 -9999.000000 -9999.000000 -9999.000000 -9999.000000 -9999.000000 -9999.000000 -9999.000000 -9999.000000 -9999.000000 -9999.000000 -9999.000000 -9999.000000 -9999.000000 -9999.000000
0.002704 -0.001440 -0.039986 -0.011959 0.000000 0.013540 0.531192 0.527962 0.498070 0.526534 0.523460 0.257985 0.240191 0.164096 -0.000661 0.000070 0.000712 0.023123 0.322086 0.090202 -0.026042 -0.122997 -0.463356 -0.045332 -0.029322 -0.029541 -0.025389 -0.000902 -0.000816 -0.000626 -0.000994 -0.000222 0.000222 0.015246 1.430068 0.673169 0.315822 -0.144925 -0.032498 -0.001583 0.001573 -9999.000000 -9999.000000 -9999.000000 -9999.000000 -9999.000000 -9999.000000 -9999.000000 -9999.000000 -9999.000000 -9999.000000 -9999.000000 -9999.000000 -9999.000000 -9999.000000 -9999.000000 -9999.000000 -9999.000000 -9999.000000
0.017591 0.065275 0.005208 -0.006925 -0.000852 0.001180 0.011649 0.110429 0.111880 0.079197 0.172286 0.033915 0.000611 0.000043 -0.000347 0.000468 0.000791 0.030430 0.041427 -0.292499 -0.406233 -0.465184 -0.600688 -0.052179 -0.041775 -0.036021 -0.020709 -0.000990 -0.000313 0.000453 0.000772 0.000520 0.000240 0.021525 -0.345079 -0.337186 -0.207803 -0.007215 -0.011276 -0.000376 0.000376 -9999.000000 -9999.000000 -9999.000000 -9999.000000 -9999.000000 -9999.000000 -9999.000000 -9999.000000 -9999.000000 -9999.000000 -9999.000000 -9999.000000 -9999.000000 -9999.000000 -9999.000000 -9999.000000 -9999.000000 -9999.000000
0.016105 0.014655 -0.093820 -0.037640 -0.001057 0.000240 0.001170 0.003515 0.002172 0.003257 -0.002545 -0.000418 0.000316 0.002177 0.010368 0.014492 0.009919 0.010029 0.100663 -0.209805 -0.175646 -0.287144 -0.519998 -0.042876 -0.029727 -0.030313 -0.014869 -0.000037 0.000545 0.000583 0.042514 -0.100574 -0.167196 -0.340552 -0.417840 -0.299095 -0.269130 -0.045538 -0.012239 -0.000723 0.000723 -9999.000000 -9999.000000 -9999.000000 -9999.000000 -9999.000000 -9999.000000 -9999.000000 -9999.000000 -9999.000000 -9999.000000 -9999.000000 -9999.000000 -9999.000000 -9999.000000 -9999.000000 -9999.000000 -9999.000000 -9999.000000
0.289261 -0.085233 -0.272866 -0.259016 -0.017623 -0.000232 0.000524 0.013226 0.108136 0.052389 0.281932 0.000061 0.083386 0.381269 0.528515 0.779776 0.966128 1.181310 1.132213 1.315061 0.875183 0.595706 0.322508 -0.435927 -0.063377 -0.009282 -0.001003 0.000110 0.013781 0.012165 -0.023680 -0.029251 -0.039390 -0.090906 -0.500687 -0.431545 -0.025460 -0.002774 -0.004255 -0.000376 0.000376 0.000966 -9999.000000 -9999.000000 -9999.000000 -9999.000000 -9999.000000 -9999.000000 -9999.000000 -9999.000000 -9999.000000 -9999.000000 -9999.000000 -9999.000000 -9999.000000 -9999.000000 -9999.000000 -9999.000000 -9999.000000
-0.447271 -0.334179 -0.174539 -0.002287 0.057057 0.000324 0.000500 0.001894 0.115562 0.078544 0.150557 0.153906 0.251066 0.525950 0.669676 0.606377 0.591550 0.511133 0.020882 -0.087556 -0.085691 -0.048927 -0.044584 -0.307818 -0.134032 -0.083901 -0.020365 -0.018241 -0.010204 0.017439 0.127568 0.117577 0.107353 0.069476 -0.069738 -0.010420 -0.001782 -0.002336 0.000827 0.000656 0.011566 0.009360 -9999.000000 -9999.000000 -9999.000000 -9999.000000 -9999.000000 -9999.000000 -9999.000000 -9999.000000 -9999.000000 -9999.000000 -9999.000000 -9999.000000 -9999.000000 -9999.000000 -9999.000000 -9999.000000 -9999.000000
-0.187935 -0.103769 0.002439 0.097662 0.184731 0.099260 0.044915 0.000113 0.268475 0.418754 0.492219 0.479098 0.642370 0.705474 0.607162 0.432557 0.047675 0.022295 0.010061 0.005137 0.004345 -0.006725 -0.074731 -0.367056 -0.149064 -0.088379 -0.030973 -0.070458 -0.007354 0.000021 0.045545 0.153318 0.143596 0.106325 -0.074658 -0.013996 -0.001077 -0.000745 0.000759 0.004252 0.011266 0.007116 -9999.000000 -9999.000000 -9999.000000 -9999.000000 -9999.000000 -9999.000000 -9999.000000 -9999.000000 -9999.000000 -9999.000000 -9999.000000 -9999.000000 -9999.000000 -9999.000000 -9999.000000 -9999.000000 -9999.000000
0.080567 0.162339 0.288576 0.419713 0.637230 0.525266 0.539872 0.124729 0.467324 0.377225 0.425288 0.519132 0.534869 0.344066 0.246866 0.041993 0.034699 0.316304 0.096734 0.090513 0.070248 0.049286 -0.012421 -0.379531 -0.009079 -0.006616 -0.001874 -0.000891 -0.000447 0.000580 0.009585 0.077440 0.231316 0.196078 -0.038177 -0.002743 -0.003797 -0.009285 0.000037 0.014333 0.014748 0.027564 -9999.000000 -9999.000000 -9999.000000 -9999.000000 -9999.000000 -9999.000000 -9999.000000 -9999.000000 -9999.000000 -9999.000000 -9999.000000 -9999.000000 -9999.000000 -9999.000000 -9999.000000 -9999.000000 -9999.000000
0.384379 0.411781 0.481426 0.708691 0.887609 0.730915 0.821659 0.840985 0.706435 1.192667 1.075062 0.991278 0.697158 0.297255 0.264993 0.050476 0.038629 0.282037 0.104030 0.149542 0.082581 -0.018572 -0.184638 -0.594167 -0.092651 -0.053915 -0.013902 -0.001077 0.000074 0.001113 0.002283 0.001341 0.038716 0.478131 0.271154 -0.013970 -0.138473 -0.011992 -0.009360 0.008480 0.012738 0.026801 -9999.000000 -9999.000000 -9999.000000 -9999.000000 -9999.000000 -9999.000000 -9999.000000 -9999.000000 -9999.000000 -9999.000000 -9999.000000 -9999.000000 -9999.000000 -9999.000000 -9999.000000 -9999.000000 -9999.000000
0.512410 0.362950 0.439590 0.314796 0.293302 0.170791 0.698600 0.735255 0.705694 0.548580 0.748903 0.637291 0.462314 0.266639 0.051309 0.043455 0.037048 0.232004 0.050441 0.110013 0.160897 0.196496 0.168838 -0.028234 -0.091465 -0.047056 -0.018461 -0.000939 0.000722 0.019463 0.119515 0.000041 0.030309 0.397200 0.612887 0.128566 -0.040804 -0.012384 -0.010296 0.006367 0.013819 0.007805 0.003601 -9999.000000 -9999.000000 -9999.000000 -9999.000000 -9999.000000 -9999.000000 -9999.000000 -9999.000000 -9999.000000 -9999.000000 -9999.000000 -9999.000000 -9999.000000 -9999.000000 -9999.000000 -9999.000000
0.527456 0.442778 0.366788 0.324369 0.088960 0.135114 0.163754 0.163706 0.136574 0.193784 0.151775 0.152953 0.256564 0.131081 0.135283 0.171727 0.196283 0.029267 0.006789 -0.187970 -0.268271 -0.311865 -0.322363 -0.520814 -0.017970 -0.006876 -0.000757 -0.000166 0.000639 0.014429 0.053909 0.016654 0.000000 0.020597 0.428086 0.299777 -0.007068 -0.000709 -0.000064 0.000665 0.011559 0.009428 0.004090 -9999.000000 -9999.000000 -9999.000000 -9999.000000 -9999.000000 -9999.000000 -9999.000000 -9999.000000 -9999.000000 -9999.000000 -9999.000000 -9999.000000 -9999.000000 -9999.000000 -9999.000000 -9999.000000
0.370960 0.351802 0.260737 0.155623 0.021467 0.102853 0.164117 0.152661 0.101337 0.035995 -0.001695 0.002184 0.031249 0.025660 0.005751 -0.007133 -0.089445 -0.000399 0.000323 0.000647 0.001593 0.023656 0.190382 0.143262 -0.005821 -0.000363 0.000150 0.000796 0.000786 0.001934 0.028006 0.000003 0.000818 0.003524 0.004387 0.166652 -0.007100 -0.000778 -0.000407 0.000519 0.000573 0.000526 0.001288 -9999.000000 -9999.000000 -9999.000000 -9999.000000 -9999.000000 -9999.000000 -9999.000000 -9999.000000 -9999.000000 -9999.000000 -9999.000000 -9999.000000 -9999.000000 -9999.000000 -9999.000000 -9999.000000
-0.030254 -0.003042 0.045762 0.095387 0.110207 0.109243 0.126512 -0.000628 -0.000103 0.000119 0.000595 0.001325 -0.009982 -0.057512 -0.042528 -0.043732 -0.090405 -0.000618 0.000055 0.000637 0.004847 0.003717 -0.077080 -0.008924 -0.000519 0.000059 -0.000008 -0.000643 -0.001307 0.000092 0.017753 0.013070 -0.001458 0.001076 0.001944 0.079622 -0.000692 -0.000445 -0.000940 -0.012706 -0.006690 0.000011 0.001006 -9999.000000 -9999.000000 -9999.000000 -9999.000000 -9999.000000 -9999.000000 -9999.000000 -9999.000000 -9999.000000 -9999.000000 -9999.000000 -9999.000000 -9999.000000 -9999.000000 -9999.000000 -9999.000000
0.058539 0.191225 0.143888 0.153466 0.111106 0.001075 -0.031826 -0.002855 -0.000251 0.000435 0.002580 0.014121 0.169133 0.086202 0.044600 0.047067 0.018035 0.009790 0.005541 0.000015 0.005111 0.005675 0.003820 0.002765 0.000692 0.089946 -0.038879 -0.096420 -0.000357 0.000519 0.007291 0.004737 -0.000539 0.000443 0.007938 0.140872 0.086658 -0.000217 -0.000271 -0.006913 -0.006146 -0.000131 0.000149 0.001266 -9999.000000 -9999.000000 -9999.000000 -9999.000000 -9999.000000 -9999.000000 -9999.000000 -9999.000000 -9999.000000 -9999.000000 -9999.000000 -9999.000000 -9999.000000 -9999.000000 -9999.000000
0.158982 0.351113 0.228129 0.731376 0.329515 0.156134 -0.087259 -0.021248 -0.000357 0.000508 0.025277 0.047133 -0.115053 -0.136215 -0.131742 -0.136311 -0.126633 -0.117253 -0.091621 -0.001857 -0.004500 0.003297 0.005079 0.003001 0.134069 0.054878 0.049614 0.024196 -0.000152 0.000169 0.009120 0.010547 0.006208 0.001494 -0.013438 0.029620 -0.649206 -0.445986 0.050572 -0.339772 -0.116294 -0.002660 0.000002 0.006997 -9999.000000 -9999.000000 -9999.000000 -9999.000000 -9999.000000 -9999.000000 -9999.000000 -9999.000000 -9999.000000 -9999.000000 -9999.000000 -9999.000000 -9999.000000 -9999.000000 -9999.000000
0.287094 0.572727 0.806231 0.564591 -0.013531 -0.002153 -0.018264 -0.013696 -0.000599 0.001366 0.026375 0.068108 0.354674 0.337020 0.134431 0.112143 0.082769 0.067246 0.053502 -0.088798 0.000000 0.005572 0.003904 0.059256 0.059237 0.236043 0.305879 0.251581 0.119531 0.066055 0.086798 0.467164 -0.091990 -0.643080 -0.850834 -1.246985 -1.626274 -1.238353 -0.976590 -0.558961 -0.155500 -0.055495 0.000000 0.002086 0.001175 -9999.000000 -9999.000000 -9999.000000 -9999.000000 -9999.000000 -9999.000000 -9999.000000 -9999.000000 -9999.000000 -9999.000000 -9999.000000 -9999.000000 -9999.000000 -9999.000000
0.300526 0.532110 0.841116 -0.024317 -0.000083 0.000235 0.000807 -0.002263 -0.000327 0.003064 0.013359 0.027789 0.124970 0.257516 0.209855 0.115205 -0.000838 -0.123270 -0.133828 -0.097678 -0.002369 0.003277 0.099279 0.112130 0.125153 0.116673 0.074231 0.043100 0.000000 0.048266 -0.088778 -0.154044 -0.032382 0.026320 -0.143536 -0.435320 -0.630224 -0.646919 -0.204299 0.013944 0.043879 0.055362 0.037253 -0.000293 0.000092 0.000575 -9999.000000 -9999.000000 -9999.000000 -9999.000000 -9999.000000 -9999.000000 -9999.000000 -9999.000000 -9999.000000 -9999.000000 -9999.000000 -9999.000000 -9999.000000
0.391972 0.169592 -0.057725 -0.009245 0.000000 0.005027 0.017385 -0.000603 -0.003207 0.000000 0.003929 0.042389 0.104817 0.080717 0.009499 -0.006961 0.000277 0.000372 -0.000775 -0.001915 -0.000198 0.000840 0.002988 -0.000326 0.000208 0.004308 0.081328 0.037999 0.021049 0.011446 -0.021727 0.036546 0.170034 0.413302 0.808557 0.510628 0.661452 0.506413 0.560543 0.448596 0.174646 0.036342 -0.205880 -0.006034 -0.000003 0.000276 -9999.000000 -9999.000000 -9999.000000 -9999.000000 -9999.000000 -9999.000000 -9999.000000 -9999.000000 -9999.000000 -9999.000000 -9999.000000 -9999.000000 -9999.000000
0.014412 -0.000245 -0.000529 -0.000812 -0.000282 0.000121 -0.003323 -0.005688 -0.005434 0.000000 0.017074 0.064208 0.023872 0.007669 0.000247 0.000091 0.003570 0.001431 -0.000126 -0.000317 0.001920 0.003438 0.014584 0.004699 0.000003 0.016531 0.153926 0.210924 0.326540 0.987182 2.110729 1.765215 1.409269 0.849985 1.270896 0.952462 1.122101 0.805924 0.832115 0.676961 0.565394 0.535746 0.354811 -0.006364 -0.000208 0.000326 0.004012 0.009955 -9999.000000 -9999.000000 -9999.000000 -9999.000000 -9999.000000 -9999.000000 -9999.000000 -9999.000000 -9999.000000 -9999.000000 -9999.000000
-0.000858 0.000000 0.000858 0.024640 -0.296170 -0.489071 -0.034615 -0.003518 -0.002040 0.004112 0.022662 0.091808 0.031885 -0.000401 0.000521 0.007407 0.006200 -0.000317 0.000403 0.004786 0.006330 0.006801 0.003854 0.003059 0.000000 0.019604 0.541483 1.076976 0.375334 0.243915 0.318349 0.138842 0.371107 0.426078 0.388045 0.409053 0.631778 0.628917 0.681649 0.620512 0.572683 0.734967 0.470845 -0.150592 -0.000106 0.000121 0.008751 0.021995 -9999.000000 -9999.000000 -9999.000000 -9999.000000 -9999.000000 -9999.000000 -9999.000000 -9999.000000 -9999.000000 -9999.000000 -9999.000000
-0.005478 0.000000 0.005478 -0.005004 -0.253422 -0.164251 -0.428223 -0.075500 -0.027293 0.000018 0.014877 0.137228 -0.001646 -0.001017 0.001469 0.004683 -0.000457 0.000118 0.000656 0.006475 0.004850 0.000000 0.011340 0.078447 0.025111 0.015600 0.065038 0.184294 0.106056 0.100709 -0.000022 0.000733 0.001002 0.083199 0.136968 0.068975 0.264012 0.677958 0.708845 0.657096 0.605771 0.793018 0.561161 0.078443 0.020935 0.005275 0.538849 1.776061 0.830531 -9999.000000 -9999.000000 -9999.000000 -9999.000000 -9999.000000 -9999.000000 -9999.000000 -9999.000000 -9999.000000 -9999.000000
0.010140 -0.000250 -0.000139 0.006664 0.214467 0.264838 -0.305149 -0.039694 -0.000608 0.000438 0.014136 0.130249 -0.002279 -0.003598 -0.000360 0.000360 0.007349 0.038710 -0.002919 -0.147769 -0.017128 0.000000 0.012424 0.058919 0.021914 0.011471 0.068316 -0.069081 -0.038740 0.046824 -0.000270 0.000672 0.000975 0.011635 0.197354 0.141438 0.599075 1.259315 1.369633 1.683576 1.922542 2.342003 2.107797 2.123299 2.031958 3.258926 3.457123 3.923581 3.061313 0.964873 -9999.000000 -9999.000000 -9999.000000 -9999.000000 -9999.000000 -9999.000000 -9999.000000 -9999.000000 -9999.000000
0.746089 0.292616 -0.133246 -0.172557 -0.000369 -0.100182 -0.124768 -0.012046 -0.000848 0.000974 0.010204 0.073254 -0.033470 -0.009188 -0.000360 0.000360 0.035594 0.080637 0.082191 0.042483 -0.118312 0.002480 0.004449 0.030375 0.152931 0.108975 0.111922 0.230870 0.214646 0.036715 -0.000474 -0.000375 0.001824 0.001403 0.034739 0.409653 1.042695 1.884319 1.784870 1.764259 1.720022 2.078688 2.024761 2.920587 2.972820 4.074049 4.376958 4.267284 3.558679 3.668801 2.603907 -9999.000000 -9999.000000 -9999.000000 -9999.000000 -9999.000000 -9999.000000 -9999.000000 -9999.000000
0.753991 0.214889 -0.126713 -0.294627 -0.005484 -0.012778 -0.054264 -0.021998 -0.000914 0.001352 0.021207 0.095367 -0.075933 -0.031301 -0.000130 0.000130 0.009700 0.044948 0.063658 -0.063503 -0.002838 0.001014 0.004078 0.088440 0.070681 0.097438 0.492872 0.779531 0.577722 0.301401 0.269774 0.087816 0.062924 0.000042 0.085656 1.359955 2.118605 1.550267 1.776927 0.639982 0.606462 0.453505 0.374347 1.073340 1.958454 2.147758 2.173390 1.671880 0.962193 0.735428 0.386074 -9999.000000 -9999.000000 -9999.000000 -9999.000000 -9999.000000 -9999.000000 -9999.000000 -9999.000000
1.141689 0.705663 0.272115 -0.001188 -0.000882 -0.002708 -0.004184 -0.002270 -0.001172 0.002360 0.026633 0.034974 -0.228132 -0.004792 -0.001353 0.000084 0.306654 0.116155 0.087888 -0.087205 -0.021873 0.000000 0.012348 0.019587 0.131382 0.126592 0.406072 0.147655 0.175215 0.326489 0.305078 0.481633 0.465859 0.318283 0.224524 0.258676 0.822291 -0.860248 -0.033966 0.106251 0.245510 0.327161 0.252850 1.285333 0.650220 0.536173 0.058657 0.038712 0.016635 0.179586 0.110527 0.000000 -9999.000000 -9999.000000 -9999.000000 -9999.000000 -9999.000000 -9999.000000 -9999.000000
0.048716 0.059058 -0.600356 -0.006113 0.000000 -0.008777 -0.030322 -0.010744 -0.000330 0.000396 0.011751 0.811727 0.486246 0.017248 -0.002033 0.000026 0.345244 0.185741 0.122415 -0.055479 -0.021935 0.000000 0.010950 0.014001 0.002836 0.260841 0.507609 0.168011 0.185817 0.247935 0.194865 0.212920 0.262826 0.150100 0.000699 0.144928 0.024147 -0.644157 -0.036499 0.184270 1.179086 0.557556 1.951757 2.202398 1.335058 0.914390 0.099042 0.061100 0.021141 0.086769 0.087097 -9999.000000 -9999.000000 -9999.000000 -9999.000000 -9999.000000 -9999.000000 -9999.000000 -9999.000000
