use_cases/Flooding_chicago/flooding_data/output/hUx_1380.asc
ncols 337
nrows 393
xllcorner 428428.000000
yllcorner 4602440.000000
cellsize 26.757400
NODATA_value -9999.000000
[rows 182 to 207 of 393, columns 177 to 235 of 337]
0.057684 0.058400 0.101727 0.199007 0.419044 0.182508 0.540278 0.580632 0.435783 0.288014 -0.203821 -0.145575 -0.000136 0.000131 0.006570 0.017185 0.362742 0.601946 0.949351 0.835202 0.590667 -0.010863 -0.000757 -0.000936 -0.078689 -0.051641 -0.008936 -0.000632 0.000651 0.001444 0.000075 0.020731 0.063423 0.350986 0.208976 0.178746 -0.095840 0.000800 0.004605 0.001071 0.007484 0.009332 0.008085 0.003307 0.001338 0.001915 0.001967 0.006064 0.008759 0.611216 1.825712 1.428025 0.770952 0.483290 -0.000131 0.000082 -0.035076 -0.336471 -0.154578
0.043174 0.038300 0.157472 0.279812 0.366232 0.185919 0.555516 0.703773 0.902778 1.267067 0.545325 0.033953 0.041998 0.026511 0.072978 0.421692 0.482399 0.491026 0.238205 -0.146958 -0.026686 -0.008762 0.000010 -0.010802 0.024025 -0.000737 -0.000763 0.000019 0.005196 0.005375 0.007261 0.004550 0.030464 0.084226 -0.096812 -0.012164 -0.000058 0.000592 0.013237 0.014459 0.003906 0.003758 0.002899 0.017054 0.044916 0.076324 0.077937 0.038553 0.520307 1.275799 0.750463 -0.126070 -0.205145 -0.109205 -0.000845 0.000070 0.006575 0.013607 0.001137
0.108635 0.259266 0.110531 0.050002 0.107352 -0.155935 -0.213544 -0.358609 -0.106254 -0.007826 -0.000083 0.000066 0.009524 0.081219 0.162462 0.215019 0.066432 -0.011209 -0.180492 -0.031002 -0.009456 -0.000158 0.000368 0.009389 0.158386 -0.000687 0.000144 0.000760 0.030641 0.231712 0.000488 0.003150 0.005049 0.072664 -0.004488 -0.000360 0.000360 0.006387 0.032907 0.051491 0.011797 0.011696 0.003727 0.033959 0.873637 2.011441 1.754939 1.886269 1.368703 1.038832 0.348602 -0.155916 -0.154571 -0.201046 -0.011490 -0.000696 0.000283 0.000368 0.001202
0.019612 0.037266 0.003589 0.009873 0.009030 -0.525876 -1.085889 -1.539526 -0.046626 -0.006353 -0.000464 0.000067 0.008073 0.021642 0.106813 0.012171 -0.005103 -0.008252 -0.050068 -0.018372 -0.001297 0.000407 0.001620 0.006131 0.175749 -0.000930 0.000741 0.026075 0.076030 0.239377 0.138667 0.310028 0.207422 0.090754 -0.016294 -0.000360 0.000360 0.018258 0.035905 0.062802 0.061915 0.095870 0.806625 0.957848 0.961969 1.161544 0.679678 -0.000055 0.000061 -0.083003 -0.191926 -0.280861 -0.665238 -0.405264 -0.030295 -0.014565 0.000000 0.008587 0.019643
0.009420 0.032890 0.003194 0.001773 0.032274 0.204929 -0.980036 -1.582652 -1.158573 -0.016983 -0.005350 0.000000 0.012122 0.031875 0.035934 0.000265 -0.008230 -0.013167 -0.025616 -0.026056 -0.002819 0.001921 0.004322 0.028870 0.126015 -0.000847 0.000043 0.022139 0.027931 0.003206 0.207200 0.242154 0.354230 0.470991 0.467611 -0.000301 0.000015 0.001609 0.010498 0.042597 0.488299 0.531961 0.587317 0.639553 0.616135 -0.046650 -0.008102 -0.000092 0.000301 0.011898 0.023119 0.303866 -0.354259 -0.520726 -0.041283 -0.005785 0.000000 0.005878 0.013996
0.079651 0.022510 0.007264 0.004181 0.011789 0.032894 0.005244 -0.118721 -0.744672 -0.053815 -0.011530 -0.000066 0.000558 0.010495 0.021976 0.014679 -0.004181 -0.050485 -0.012344 -0.005420 -0.002981 0.006020 0.007366 0.027166 -0.004440 -0.039241 -0.011295 -0.000416 0.005869 0.027505 0.083663 0.000050 0.002096 0.002608 0.447685 0.354975 0.146500 0.045912 0.044413 0.112760 0.157532 0.080207 0.190964 0.040449 -0.021327 -0.014732 -0.007170 0.000000 0.005878 0.028960 0.048745 0.250584 -0.605495 -1.350230 -1.118591 -0.009939 0.000000 0.005878 0.026207
0.003905 0.002686 0.001627 0.012753 0.023233 0.061507 0.025697 -0.246218 -0.439513 -1.081001 -0.028108 -0.004386 -0.000889 -0.000666 0.000198 0.007987 0.037733 0.037348 -0.001335 -0.003035 0.000100 0.002942 0.006573 0.019023 -0.020876 -0.042434 -0.023552 -0.010133 0.000000 0.013250 0.016742 0.002058 0.001700 0.002480 0.018278 0.361376 0.333288 0.245957 0.067321 0.106744 0.117330 0.038471 -0.041879 -0.158139 -0.023040 -0.019129 -0.007126 0.000000 0.005878 0.012402 0.016185 0.066982 0.266369 -0.488885 -0.176870 -0.065623 -0.000733 0.001188 0.002381
0.004761 0.004387 0.002379 0.009463 0.015395 0.081705 0.039980 -0.094055 -0.161752 -0.277769 -0.051770 -0.033227 -0.024020 -0.002648 -0.003639 0.000005 -0.002017 -0.000391 0.000093 0.000088 -0.000304 0.000011 0.009302 -0.050278 -0.109139 -0.109281 -0.015686 -0.007804 0.000000 0.002964 0.000456 0.000018 0.012883 0.030627 0.042012 0.043839 0.186725 0.118762 0.228870 0.877526 0.528550 0.441843 0.497902 0.197180 -0.101626 -0.001360 -0.000454 0.000110 0.000435 0.009435 0.015510 0.185646 0.963030 0.767705 0.241432 -0.075729 -0.059407 -0.001647 0.001681
0.001554 0.001659 0.015081 0.027588 0.115836 0.057949 0.040061 -0.255049 -0.316832 -0.601264 -1.183956 -0.098786 -0.032060 -0.025001 -0.000509 0.000142 -0.033971 -0.007506 -0.000516 0.000060 0.000377 0.000674 0.025602 0.461772 0.634670 0.125657 0.045091 -0.062447 -0.026211 -0.001516 -0.000077 0.000260 0.025122 0.046996 0.063741 0.080061 0.161393 0.076146 0.228055 0.793755 0.458512 0.430576 0.413012 0.142390 -0.064220 -0.000045 0.036040 0.212438 0.481285 0.906129 0.937945 0.557622 1.013546 0.652979 0.392330 -0.013606 -0.001429 -0.002486 0.003502
0.012225 0.004847 0.011553 0.114745 0.158648 0.087220 0.061638 0.695008 0.564760 0.396628 0.017320 -0.172289 -0.123778 -0.046957 -0.017486 -0.000844 -0.001872 -0.010001 -0.005791 -0.000326 0.000208 0.006364 0.013230 0.430279 -0.126766 -0.379520 -0.544706 -0.075346 -0.051917 -0.017878 -0.000126 0.000138 0.020722 0.047837 0.062411 0.082910 0.136947 0.201702 0.124732 0.585670 0.321589 0.128270 0.037863 0.047274 0.219866 0.200495 0.495074 1.301068 1.354126 1.071245 0.945604 1.699160 1.298401 -0.060647 -0.026243 -0.017095 -0.006913 0.000000 0.005878
0.016648 0.086603 0.221549 0.122795 0.190970 0.689239 0.390609 0.400359 0.147981 -0.199788 -0.077994 -0.078265 -0.070737 -0.033799 -0.002153 -0.000360 0.000457 -0.124997 -0.024988 -0.007224 0.000003 0.006034 0.013013 0.264323 -0.042145 -0.131264 -0.008327 -0.002402 -0.010924 -0.004023 -0.000346 0.000180 0.007843 0.017192 0.022136 0.029619 0.076956 0.209991 0.452252 0.280307 0.006481 0.078490 0.192428 -0.082563 -0.113660 0.029219 0.088880 0.142179 0.118754 0.008844 0.004415 0.005417 -0.052446 -0.012396 -0.003880 -0.016862 -0.006069 0.000000 0.005878
0.016586 0.004678 0.004897 0.005932 0.167946 0.568942 0.449721 0.310063 0.136250 0.189823 -0.016349 -0.020375 -0.039367 -0.021903 -0.025669 -0.000020 -0.008064 -0.055069 -0.010042 -0.000266 -0.000006 0.000502 0.014454 0.174305 -0.074449 -0.007661 -0.000590 -0.002382 -0.003881 -0.016129 -0.007862 -0.000180 0.000346 0.004023 0.010536 0.010395 0.035489 0.144546 0.124353 0.037901 -0.012038 0.050454 -0.014286 -0.430604 -0.591385 -0.846961 -0.454209 -0.312034 -0.270005 -0.024164 -0.009570 -0.003021 -0.010007 -0.001609 -0.002023 -0.001953 -0.001104 0.000000 0.009321
-0.005540 0.000000 0.018330 0.061016 0.158424 -0.075980 -0.311194 -0.307894 -0.557247 -0.688627 -0.095100 -0.045985 -0.014634 -0.023176 -0.014679 0.007865 0.017580 -0.153999 -0.010388 -0.000092 0.000091 0.012939 0.030823 0.355926 -0.200865 -0.008107 0.000000 0.007434 0.025364 -0.013756 -0.004761 -0.000105 0.000124 0.008748 0.015399 0.018698 0.038127 0.095084 0.030463 -0.261823 -0.221485 -0.122628 0.001436 -0.023203 -0.340447 -0.520071 -0.663510 -0.858379 -0.971485 -0.926519 -0.692806 -0.283171 -0.082616 -0.000585 0.000131 0.680533 0.764714 0.746552 0.920288
-0.009216 -0.006427 0.004166 0.006134 0.004439 0.001557 0.004372 -0.003643 -0.046827 -0.200510 -0.058308 -0.009335 -0.022847 -0.024091 -0.018013 -0.000364 0.000421 0.032423 0.059248 0.034087 0.009043 0.037248 0.095278 0.087737 -0.080607 -0.010114 0.000000 0.009182 0.015229 -0.000135 -0.000257 -0.000102 0.000108 0.011309 0.029166 0.041935 0.047191 0.122821 0.052318 0.020836 -0.101179 -0.077162 -0.000939 -0.000063 0.000917 0.062167 -0.405513 -0.852838 -1.248108 -1.418261 -0.847037 -0.815442 -0.224289 0.013453 0.023390 1.039702 1.331776 1.595236 1.604864
-0.009621 -0.007091 0.000474 0.011905 0.004980 0.001352 0.010594 0.098978 0.078955 0.074666 -0.031808 -0.008345 -0.000023 -0.006506 -0.009312 -0.000652 0.000969 0.094470 0.095652 0.062908 0.116254 0.174584 0.173453 0.064948 -0.054614 -0.005382 -0.000104 0.000230 0.005580 0.000831 -0.001262 -0.000002 0.000388 0.000684 0.008172 0.026701 0.022932 0.177116 0.000000 0.018383 0.009958 0.097110 -0.001909 -0.000508 0.002189 0.001331 0.092855 -0.212964 -0.579620 -0.879572 -0.690312 -0.713829 -0.258720 0.147636 0.313281 1.380687 1.121103 0.970678 0.720432
-0.000492 0.000010 0.005374 0.056735 0.000861 0.000645 0.020398 0.152374 0.091604 -0.914702 -0.177325 -0.023542 -0.000877 -0.001059 -0.001164 0.000218 0.001688 0.008983 0.087171 0.040181 0.113102 0.152161 0.156994 0.232703 0.223134 -0.007556 -0.000517 -0.001249 0.001526 0.000858 -0.000222 0.000577 0.000951 0.000659 0.011576 0.031024 0.139930 0.060109 0.000000 0.105357 0.113587 0.248222 0.218455 0.277220 0.291745 0.081757 0.063607 0.055211 0.391162 0.423630 0.373602 0.228913 0.525800 0.664601 0.896640 0.781484 0.297314 -0.801137 -0.022163
-9999.000000 -0.001369 0.000105 0.000205 0.017315 0.043660 0.052649 0.117121 0.305884 0.353198 -0.125365 -0.021092 -0.011755 -0.000905 -0.000682 0.000375 0.000947 0.007931 0.052163 0.018162 0.067742 0.100693 0.108152 0.197046 0.123802 -0.027038 -0.008950 -0.000104 0.030815 0.089483 0.037111 0.000016 0.012029 0.041544 0.058432 0.072779 0.163878 0.069523 0.029110 0.220259 0.245288 0.443508 0.669258 0.846147 0.951258 1.055984 0.838613 1.006609 0.732769 1.172969 1.292715 1.040481 0.886412 0.657902 0.576004 0.170473 -1.351795 -0.020107 -0.000618
-9999.000000 -0.003093 -0.000511 0.000081 0.023203 0.051295 0.061629 0.138286 0.056503 0.021738 -0.027049 -0.039413 -0.007225 -0.000396 -0.000092 0.000368 0.000694 0.000915 0.005436 0.008670 0.011397 0.029152 0.044356 0.271197 0.453380 -0.049996 -0.010784 -0.000235 0.002496 0.032231 0.025944 0.006967 0.019818 0.036664 0.021186 0.009519 0.139813 0.038051 0.170938 0.321053 0.656526 0.802607 1.303708 1.155136 1.240674 1.522105 1.475661 1.503833 1.339163 1.403959 1.417378 1.523404 1.247341 0.828158 0.716178 0.588443 -0.192129 -0.014130 -0.000399
-9999.000000 -0.000764 -0.001118 0.000000 0.006850 0.015261 0.040247 0.137121 0.013786 -0.000922 0.000105 0.016080 0.029519 -0.000281 -0.000019 0.000280 0.000107 0.000022 0.001656 0.001413 0.002647 0.029137 0.043630 0.154234 0.170004 0.120919 -0.001151 -0.001772 -0.006164 0.002938 0.011036 0.004145 0.022065 0.049446 0.123447 0.083069 0.103170 0.461091 0.699423 0.767600 1.114552 1.239231 1.403673 1.492425 1.556988 1.577683 1.752302 1.766429 1.780150 1.764780 1.449777 1.356441 1.371997 0.830842 0.536795 0.153142 -0.049462 -0.012018 -0.000176
-9999.000000 -9999.000000 -0.000568 0.000000 0.007521 0.023782 0.026307 0.070810 -0.064191 -0.013350 0.000010 0.024553 0.176118 0.056099 0.021366 0.030321 0.009856 -0.000619 -0.000373 0.000589 0.013916 0.032345 0.130249 0.170198 0.069562 0.023941 0.008739 0.001806 0.000535 0.006719 0.007689 0.020253 0.005644 0.082600 0.301550 0.640281 0.875977 1.877922 1.979616 1.837067 2.201596 2.098073 2.073995 2.012418 1.999916 1.983541 2.242782 2.251567 2.057799 1.712901 1.219170 1.123359 0.546365 -0.037080 0.000006 -0.001511 -0.010467 -0.013183 -0.002915
-9999.000000 -0.014956 -0.004742 0.000000 0.006743 0.005432 0.020302 0.113270 0.014915 -0.000743 0.000250 0.007762 0.012039 0.149128 0.084558 0.230983 0.341944 0.175439 0.045387 0.000037 0.014502 0.198077 0.111363 0.245862 0.234597 0.257769 0.101636 0.303218 0.139184 0.016645 0.108832 0.351937 0.617351 1.114625 1.408796 1.105177 1.266516 2.397077 2.456291 2.173955 2.474383 2.281051 1.671427 1.677514 1.366669 1.243054 1.138462 1.017966 0.779655 0.740423 0.543183 -0.468212 -0.022188 -0.000521 0.000273 0.001002 0.000370 0.006332 0.094954
-9999.000000 -0.016327 -0.014302 -0.000479 0.000113 0.002879 0.018740 0.101830 -0.093031 -0.005450 0.000000 0.008176 0.013415 0.202661 0.000000 0.008099 0.122524 0.764163 0.589476 0.582070 0.545420 0.430967 0.213529 0.321103 0.250193 0.209808 1.689955 1.859056 3.592068 3.722571 3.511657 3.551790 3.560876 3.520110 3.471206 3.769851 3.085866 2.973629 2.681486 2.945265 2.402584 2.350944 1.526147 1.256446 1.352615 1.126027 1.214802 1.107920 0.844168 0.792116 0.419421 -0.148174 -0.008885 -0.001573 -0.000424 0.000955 0.000293 0.012749 0.023207
-9999.000000 -0.000013 0.020828 0.008914 -0.000568 0.001296 0.012551 0.277903 0.288628 -0.099644 0.000000 0.010989 0.164088 0.068281 0.000000 0.015830 0.046580 0.618411 0.523081 0.657001 0.692158 0.487184 0.533620 0.339732 1.143066 2.501889 2.325303 2.443160 3.929974 3.604579 3.243033 3.241722 3.234269 3.214372 3.209136 3.278132 3.554516 2.652421 2.308439 1.827815 1.746415 1.325597 0.778234 0.652139 0.927230 0.804215 0.791269 0.977473 0.549585 0.183850 -0.054887 -0.010473 -0.009031 -0.001054 -0.000946 -0.000821 0.000000 0.006319 0.012927
-0.000771 -0.000308 0.000831 0.002370 -0.000355 0.000492 0.147234 0.121960 0.139354 0.099690 0.064022 0.149906 0.470713 0.079901 0.064410 0.025499 0.231027 0.358032 0.096594 -0.000263 0.000441 0.154083 0.453105 1.254816 1.135900 3.434023 2.154989 2.233392 1.874846 1.932794 1.545378 1.460089 1.434969 1.480323 1.603413 1.795528 1.926078 1.992471 0.989570 0.656650 0.525535 0.676475 0.314374 0.211976 0.083072 -0.015191 -0.159228 -0.176365 -0.000156 0.000059 0.000846 -0.005967 -0.001027 -0.001182 -0.013778 -0.009440 -0.000072 0.000497 0.006812
-0.000474 -0.000295 0.000447 0.007728 0.005553 0.001558 0.136534 0.066748 -0.117244 0.000000 0.056208 0.184660 0.112647 0.577545 0.052991 0.054831 0.253999 0.150495 0.000000 0.001053 0.000917 0.049730 0.390815 0.489223 1.532360 1.640186 1.764637 0.548469 0.242929 -0.191393 -0.348611 -0.310583 -0.227656 -0.086657 0.044378 0.243933 0.413616 0.136631 0.062324 -0.000554 -0.143333 -0.146915 0.004856 -0.005618 -0.024943 -0.043758 -0.129615 -0.004308 -0.000208 0.000326 0.006557 0.080270 0.190292 -0.109887 -0.380748 -0.056669 -0.015003 0.000014 0.017908
-0.003355 -0.003090 0.002544 0.140502 0.177924 0.116538 -0.063475 -0.010808 -0.004209 0.000000 0.004212 0.007710 0.126184 0.074751 0.201392 0.403356 0.237055 0.101889 0.155751 0.132939 0.262763 0.345188 0.941783 1.083791 1.167812 1.121747 0.499511 0.005751 0.001405 -0.005670 -0.011000 -0.033886 -0.320430 -0.523281 -0.523781 -0.330841 -0.059405 -0.000367 0.000154 0.123620 0.135953 0.340037 0.191588 0.039516 0.032108 0.033754 0.030206 0.017950 -0.000003 0.005982 0.028484 0.348424 0.307066 0.209080 -0.266525 -0.040657 -0.003300 -0.000050 0.003126
