use_cases/Flooding_chicago/flooding_data/output/hUx_660.asc
ncols 337
nrows 393
xllcorner 428428.000000
yllcorner 4602440.000000
cellsize 26.757400
NODATA_value -9999.000000
[rows 260 to 285 of 393, columns 0 to 58 of 337]
-9999.000000 -9999.000000 -9999.000000 -9999.000000 -9999.000000 -9999.000000 -9999.000000 -9999.000000 -9999.000000 -9999.000000 -9999.000000 -9999.000000 -9999.000000 -9999.000000 -9999.000000 -9999.000000 -9999.000000 -9999.000000 -9999.000000 -9999.000000 -9999.000000 -9999.000000 -9999.000000 -9999.000000 -9999.000000 -9999.000000 -9999.000000 -9999.000000 -9999.000000 0.000000 0.020691 0.066332 0.059581 -0.064106 -0.041328 -0.000679 0.002980 -0.121064 -0.116605 -0.094122 -0.092795 -0.026156 -0.042370 0.000700 0.001579 -0.072592 -0.045178 0.052259 0.456892 0.508921 0.266677 0.154784 0.176985 0.196537 0.149331 0.011550 -0.094368 -0.199554 -0.068691
-9999.000000 -9999.000000 -9999.000000 -9999.000000 -9999.000000 -9999.000000 -9999.000000 -9999.000000 -9999.000000 -9999.000000 -9999.000000 -9999.000000 -9999.000000 -9999.000000 -9999.000000 -9999.000000 -9999.000000 -9999.000000 -9999.000000 -9999.000000 -9999.000000 -9999.000000 -9999.000000 -9999.000000 -9999.000000 -9999.000000 -9999.000000 -9999.000000 -9999.000000 0.000000 0.009615 0.026163 0.037089 0.256189 0.160067 0.000000 0.047712 0.178111 0.043245 0.085365 0.062887 0.030562 -0.041361 0.002433 0.004850 0.047686 0.084405 0.147570 0.228983 0.103814 0.045926 -0.071768 -0.006703 -0.000287 -0.144731 -0.270804 -0.173501 -0.168783 -0.109226
-9999.000000 -9999.000000 -9999.000000 -9999.000000 -9999.000000 -9999.000000 -9999.000000 -9999.000000 -9999.000000 -9999.000000 -9999.000000 -9999.000000 -9999.000000 -9999.000000 -9999.000000 -9999.000000 -9999.000000 -9999.000000 -9999.000000 -9999.000000 -9999.000000 -9999.000000 -9999.000000 -9999.000000 -9999.000000 -9999.000000 -9999.000000 -9999.000000 -9999.000000 0.000000 0.008138 0.026251 0.052092 0.036485 -0.001440 -0.002259 0.018980 0.365037 0.197713 0.134538 0.082135 0.031588 0.003242 0.001322 0.002929 0.001485 0.194367 0.177525 0.167737 -0.191299 -0.176713 -0.021971 -0.038640 -0.016353 -0.015108 -0.017590 -0.034568 -0.074267 -0.116036
-9999.000000 -9999.000000 -9999.000000 -9999.000000 -9999.000000 -9999.000000 -9999.000000 -9999.000000 -9999.000000 -9999.000000 -9999.000000 -9999.000000 -9999.000000 -9999.000000 -9999.000000 -9999.000000 -9999.000000 -9999.000000 -9999.000000 -9999.000000 -9999.000000 -9999.000000 -9999.000000 -9999.000000 -9999.000000 -9999.000000 -9999.000000 -9999.000000 -9999.000000 0.000000 0.013144 0.037236 0.011527 0.010377 0.004924 0.028095 0.028861 0.023819 0.240607 -0.018571 -0.063841 -0.023572 0.004798 0.001908 0.497307 0.595982 0.581174 0.421855 0.266614 0.091957 -0.080870 -0.047200 -0.140129 -0.086878 -0.019283 -0.033373 -0.018001 -0.032117 -0.043242
-9999.000000 -9999.000000 -9999.000000 -9999.000000 -9999.000000 -9999.000000 -9999.000000 -9999.000000 -9999.000000 -9999.000000 -9999.000000 -9999.000000 -9999.000000 -9999.000000 -9999.000000 -9999.000000 -9999.000000 -9999.000000 -9999.000000 -9999.000000 -9999.000000 -9999.000000 -9999.000000 -9999.000000 -9999.000000 -9999.000000 -9999.000000 -0.001748 -0.000289 0.000420 0.016920 0.054982 0.023084 0.012625 0.005231 0.023238 0.028736 0.037220 0.042532 0.053096 0.002068 0.111377 0.399574 0.730788 0.816326 0.781667 0.699239 0.437388 0.085283 -0.237649 -0.400746 -0.617058 -0.326701 -0.156686 -0.035917 -0.054887 -0.026114 -0.034142 -0.060861
-9999.000000 -9999.000000 -9999.000000 -9999.000000 -9999.000000 -9999.000000 -9999.000000 -9999.000000 -9999.000000 -9999.000000 -9999.000000 -9999.000000 -9999.000000 -9999.000000 -9999.000000 -9999.000000 -9999.000000 -9999.000000 -9999.000000 -9999.000000 -9999.000000 -9999.000000 -9999.000000 0.000022 0.001769 0.001031 0.003366 -0.000631 0.000467 0.010011 0.009362 0.004472 0.017191 0.015136 0.008411 0.018435 0.130985 0.067316 0.063523 0.058648 0.047377 0.188037 0.282613 0.393125 0.374937 0.196170 -0.027620 -0.000102 0.000100 0.009817 -0.036658 -0.072190 -0.222329 -0.163094 -0.058147 -0.119647 -0.042228 -0.005483 -0.029093
-9999.000000 -9999.000000 -9999.000000 -9999.000000 -9999.000000 -9999.000000 -9999.000000 -9999.000000 -9999.000000 -9999.000000 -9999.000000 -9999.000000 -9999.000000 -9999.000000 -9999.000000 -9999.000000 -9999.000000 -9999.000000 -9999.000000 -9999.000000 -9999.000000 -9999.000000 -0.000421 0.000594 0.012193 0.079048 0.019534 -0.000800 0.000987 0.007772 0.005841 0.003871 0.002132 0.007734 0.005882 0.027700 0.146705 0.080757 0.064504 0.037923 0.021189 -0.165716 -0.135898 -0.350458 -0.214555 -0.020338 -0.009913 -0.000066 0.000062 0.008774 0.013532 -0.000165 0.000272 -0.075283 -0.052179 -0.091111 -0.044764 -0.012521 -0.000000
-9999.000000 -9999.000000 -9999.000000 -9999.000000 -9999.000000 -9999.000000 -9999.000000 -9999.000000 -9999.000000 -9999.000000 -9999.000000 -9999.000000 -9999.000000 -9999.000000 -9999.000000 -9999.000000 -9999.000000 -9999.000000 -9999.000000 -9999.000000 -9999.000000 -0.000761 0.000611 0.001233 0.008559 0.062759 0.003313 -0.000693 0.001210 0.015938 0.106741 -0.000007 0.000669 0.003170 0.002528 0.034393 0.103097 0.017408 -0.001461 0.000158 0.001524 -0.025244 -0.007896 -0.033472 -0.133843 -0.021432 -0.018613 -0.000169 0.000142 0.007193 0.015114 0.001500 0.001085 -0.011432 -0.094649 -0.048349 -0.052937 -0.012817 -0.000022
-9999.000000 -9999.000000 -9999.000000 -9999.000000 -9999.000000 -9999.000000 -9999.000000 -9999.000000 -9999.000000 -9999.000000 -9999.000000 -9999.000000 -9999.000000 -9999.000000 -9999.000000 -9999.000000 -9999.000000 -9999.000000 -9999.000000 -9999.000000 -0.000805 0.001569 0.002018 0.009447 -0.006201 -0.021868 -0.001505 -0.000110 0.001517 0.002189 0.012714 0.004687 -0.002101 -0.001042 0.003081 -0.000096 -0.000424 -0.002422 -0.003141 0.000869 0.003845 0.068932 0.048208 -0.114527 -0.165066 -0.012556 -0.005604 -0.000365 0.000147 0.000704 0.000774 0.000563 0.009892 0.022922 -0.037271 -0.069196 -0.059118 -0.012666 -0.000408
-9999.000000 -9999.000000 -9999.000000 -9999.000000 -9999.000000 -9999.000000 -9999.000000 -9999.000000 -9999.000000 -9999.000000 -9999.000000 -9999.000000 -9999.000000 -9999.000000 -9999.000000 -9999.000000 -9999.000000 -9999.000000 -9999.000000 0.000000 0.001225 0.003955 0.039352 0.082176 -0.038124 -0.070699 -0.005720 0.000000 0.017387 0.092870 0.580883 -0.125082 -0.699439 -0.769679 -0.060813 -0.002756 -0.001695 -0.001533 -0.006106 0.004380 0.010263 -0.089617 -0.180549 -0.235041 -0.288403 -0.520955 -0.018296 -0.008559 -0.000817 -0.000697 0.000126 0.000599 -0.001940 -0.022457 -0.013036 -0.001922 -0.002765 -0.001539 -0.003978
-9999.000000 -9999.000000 -9999.000000 -9999.000000 -9999.000000 -9999.000000 -9999.000000 -9999.000000 -9999.000000 -9999.000000 -9999.000000 -9999.000000 -9999.000000 -9999.000000 -9999.000000 -9999.000000 -9999.000000 -9999.000000 -0.000530 0.000000 0.000281 0.001085 0.049432 0.508179 0.307433 0.240457 0.004934 0.000663 0.000741 0.106801 0.376613 0.016517 -0.550238 -0.347554 -0.043984 -0.005840 -0.003544 0.001824 0.010071 0.007266 0.007952 0.004781 -0.186063 -0.208184 -0.229709 -0.347322 -0.216354 -0.016788 -0.009863 -0.001085 -0.001571 -0.002635 -0.002290 -0.004416 -0.001923 -0.003631 -0.009933 -0.001107 -0.002070
-9999.000000 -9999.000000 -9999.000000 -9999.000000 -9999.000000 -9999.000000 -9999.000000 -9999.000000 -9999.000000 -9999.000000 -9999.000000 -9999.000000 -9999.000000 -9999.000000 -9999.000000 -9999.000000 -9999.000000 -9999.000000 -0.009365 -0.005237 0.000000 0.008912 0.058852 -0.244730 -0.475111 -0.547285 -0.447191 -0.314444 0.012159 0.071229 -0.019059 -0.215532 0.136958 -0.071148 -0.104178 -0.021391 -0.028604 -0.001407 -0.000122 0.002956 0.002157 0.003543 0.037249 -0.104691 -0.347772 -0.697276 -0.613537 -0.480427 -0.202748 -0.028864 -0.062048 -0.048437 -0.002145 -0.004411 -0.004053 -0.007379 -0.024421 -0.001534 -0.000701
-9999.000000 -9999.000000 -9999.000000 -9999.000000 -9999.000000 -9999.000000 -9999.000000 -9999.000000 -9999.000000 -9999.000000 -9999.000000 -9999.000000 -9999.000000 -9999.000000 -9999.000000 -9999.000000 -9999.000000 -0.002425 -0.011428 -0.013912 -0.000681 0.001000 0.013483 0.090666 0.215839 0.237852 0.200908 0.361460 -0.004534 0.017946 0.041972 0.383251 0.772174 0.631763 -0.175381 -0.034890 -0.070572 -0.005748 -0.004099 0.002482 0.003618 0.014206 0.010383 -0.207075 -0.274524 -0.367167 -0.192836 -0.360437 -0.283069 -0.341280 -0.062292 -0.063178 -0.064892 -0.131033 -0.013326 0.000000 -0.137760 -0.011000 0.000000
-9999.000000 -9999.000000 -9999.000000 -9999.000000 -9999.000000 -9999.000000 -9999.000000 -9999.000000 -9999.000000 -9999.000000 -9999.000000 -9999.000000 -9999.000000 -9999.000000 -9999.000000 -9999.000000 -9999.000000 -0.004174 -0.014040 -0.011317 -0.000364 0.000421 0.004816 0.039794 0.011858 0.006818 0.127802 1.208369 -0.054769 -0.001374 0.000226 0.004043 0.021880 -0.157617 -0.326547 -0.522886 -0.176795 -0.009827 -0.016117 -0.001564 0.004166 0.004657 0.003081 0.000698 -0.106705 -0.168937 -0.109576 -0.027639 -0.039453 -0.053788 -0.070143 -0.093923 -0.196332 -0.041968 -0.019237 0.000000 -0.169489 -0.014121 0.000000
-9999.000000 -9999.000000 -9999.000000 -9999.000000 -9999.000000 -9999.000000 -9999.000000 -9999.000000 -9999.000000 -9999.000000 -9999.000000 -9999.000000 -9999.000000 -9999.000000 -9999.000000 -9999.000000 -9999.000000 -9999.000000 -0.023911 -0.023950 -0.009182 0.000012 0.019578 -0.002020 -0.004972 0.006355 -0.011043 -0.024734 -0.117115 -0.018654 -0.001677 0.000196 0.000390 0.012422 0.015915 -0.118665 -0.269315 -0.300776 -0.061908 -0.046233 -0.000702 -0.000209 0.000087 0.000249 -0.005986 -0.026650 -0.090053 -0.055040 -0.065360 -0.055588 -0.049013 -0.081848 -0.207287 -0.056962 -0.018284 -0.025035 -0.002676 -0.002807 0.001996
-9999.000000 -9999.000000 -9999.000000 -9999.000000 -9999.000000 -9999.000000 -9999.000000 -9999.000000 -9999.000000 -9999.000000 -9999.000000 -9999.000000 -9999.000000 -9999.000000 -9999.000000 -9999.000000 -9999.000000 -9999.000000 -9999.000000 -0.016530 -0.013435 -0.000996 -0.000220 0.000544 0.000487 -0.001146 -0.003124 -0.027890 -0.141306 -0.056268 -0.026762 -0.000001 0.005080 0.017908 0.001267 0.000450 -0.194177 -0.374546 -0.301556 -0.111815 -0.008767 -0.001125 -0.000051 0.000246 0.009140 0.052702 -0.029126 -0.050658 -0.075922 -0.188657 -0.198348 -0.259057 -0.018713 -0.003888 -0.012243 -0.002589 -0.002846 0.001684 0.003265
-9999.000000 -9999.000000 -9999.000000 -9999.000000 -9999.000000 -9999.000000 -9999.000000 -9999.000000 -9999.000000 -9999.000000 -9999.000000 -9999.000000 -9999.000000 -9999.000000 -9999.000000 -9999.000000 -9999.000000 -9999.000000 -9999.000000 -9999.000000 -9999.000000 -0.010739 -0.004589 -0.000040 0.007436 0.011525 0.000762 0.000280 -0.107597 -0.073663 -0.039663 -0.000054 0.010885 0.016388 0.001543 0.000967 0.006250 -0.017408 -0.181878 -0.207959 -0.017323 -0.011685 -0.000360 0.000360 0.007624 0.047598 0.016101 0.137484 0.061179 -0.009943 -0.234617 -0.770926 -0.045640 -0.000751 -0.001937 -0.003047 0.000000 0.003951 0.002923
-9999.000000 -9999.000000 -9999.000000 -9999.000000 -9999.000000 -9999.000000 -9999.000000 -9999.000000 -9999.000000 -9999.000000 -9999.000000 -9999.000000 -9999.000000 -9999.000000 -9999.000000 -9999.000000 -9999.000000 -9999.000000 -9999.000000 -9999.000000 -9999.000000 -9999.000000 -9999.000000 -0.001274 -0.001129 -0.000635 0.000013 0.000140 -0.001985 -0.009191 0.018156 -0.001313 -0.000370 0.000708 0.000710 0.000000 0.006318 0.016277 0.120266 -0.250800 -0.294185 -0.007675 -0.000360 0.000360 0.011260 0.088092 0.036218 0.116092 0.091473 0.047931 -0.008271 -0.169762 -0.040590 -0.009438 -0.025107 -0.003124 -0.000074 0.002747 0.019900
-9999.000000 -9999.000000 -9999.000000 -9999.000000 -9999.000000 -9999.000000 -9999.000000 -9999.000000 -9999.000000 -9999.000000 -9999.000000 -9999.000000 -9999.000000 -9999.000000 -9999.000000 -9999.000000 -9999.000000 -9999.000000 -9999.000000 -9999.000000 -9999.000000 -9999.000000 -9999.000000 -0.002721 -0.006395 -0.023227 -0.005537 -0.000003 0.007254 0.015931 0.211531 -0.002242 -0.003216 -0.000441 0.000663 0.000000 0.003663 0.007358 0.114046 0.161999 -0.035619 -0.068488 -0.002514 0.005441 0.004408 0.021359 0.017926 0.007030 -0.002404 -0.005501 -0.011514 -0.024660 -0.066575 -0.025083 -0.001956 -0.002335 0.001258 0.002026 0.009680
-9999.000000 -9999.000000 -9999.000000 -9999.000000 -9999.000000 -9999.000000 -9999.000000 -9999.000000 -9999.000000 -9999.000000 -9999.000000 -9999.000000 -9999.000000 -9999.000000 -9999.000000 -9999.000000 -9999.000000 -9999.000000 -9999.000000 -9999.000000 -9999.000000 -9999.000000 -9999.000000 -9999.000000 -0.001517 -0.002092 -0.002316 -0.000208 0.000326 0.016910 0.210437 -0.053301 -0.015103 0.000001 0.004392 0.001205 0.008709 0.141624 0.070489 0.038885 0.021044 0.010588 0.009460 0.010242 0.073713 0.046565 0.005563 -0.021553 -0.003096 -0.008505 -0.017848 -0.026216 -0.057890 -0.027387 -0.001063 -0.000440 0.000758 0.010519 0.059666
-9999.000000 -9999.000000 -9999.000000 -9999.000000 -9999.000000 -9999.000000 -9999.000000 -9999.000000 -9999.000000 -9999.000000 -9999.000000 -9999.000000 -9999.000000 -9999.000000 -9999.000000 -9999.000000 -9999.000000 -9999.000000 -9999.000000 -9999.000000 -9999.000000 -9999.000000 -9999.000000 -9999.000000 -9999.000000 -9999.000000 -9999.000000 -0.001662 -0.000060 0.000475 0.006023 -0.060760 -0.019992 0.000046 0.020679 0.082538 0.208860 0.127625 0.092156 0.067225 0.044633 0.029436 0.022288 0.015319 0.049439 0.003529 -0.051907 -0.098483 -0.310792 -0.135602 -0.013462 -0.018471 -0.002130 -0.007541 -0.000249 0.000166 0.012151 0.031720 0.014575
-9999.000000 -9999.000000 -9999.000000 -9999.000000 -9999.000000 -9999.000000 -9999.000000 -9999.000000 -9999.000000 -9999.000000 -9999.000000 -9999.000000 -9999.000000 -9999.000000 -9999.000000 -9999.000000 -9999.000000 -9999.000000 -9999.000000 -9999.000000 -9999.000000 -9999.000000 -9999.000000 -9999.000000 -9999.000000 -9999.000000 -9999.000000 -9999.000000 -9999.000000 -9999.000000 0.000000 0.000710 0.000477 0.001051 0.029529 0.062845 0.011002 0.028340 0.024044 0.031100 0.031960 0.026172 0.018642 0.011261 0.000000 0.007270 0.311613 0.029039 -0.120763 -0.353612 -0.030456 -0.007006 0.000000 0.004428 0.000831 0.001070 0.000525 0.003663 0.004021
-9999.000000 -9999.000000 -9999.000000 -9999.000000 -9999.000000 -9999.000000 -9999.000000 -9999.000000 -9999.000000 -9999.000000 -9999.000000 -9999.000000 -9999.000000 -9999.000000 -9999.000000 -9999.000000 -9999.000000 -9999.000000 -9999.000000 -9999.000000 -9999.000000 -9999.000000 -9999.000000 -9999.000000 -9999.000000 -9999.000000 -9999.000000 -9999.000000 -9999.000000 -9999.000000 -9999.000000 -0.000820 -0.000595 0.000835 0.002885 0.001247 0.000404 0.006490 0.009944 0.004067 0.020277 0.022283 0.014460 0.005662 0.000000 0.009445 -0.144940 -0.381951 -0.285392 -0.332976 -0.017233 -0.007112 0.000000 0.017407 0.027085 0.061725 -0.014640 -0.047840 0.000308
-9999.000000 -9999.000000 -9999.000000 -9999.000000 -9999.000000 -9999.000000 -9999.000000 -9999.000000 -9999.000000 -9999.000000 -9999.000000 -9999.000000 -9999.000000 -9999.000000 -9999.000000 -9999.000000 -9999.000000 -9999.000000 -9999.000000 -9999.000000 -9999.000000 -9999.000000 -9999.000000 -9999.000000 -9999.000000 -9999.000000 -9999.000000 -9999.000000 -9999.000000 -9999.000000 -9999.000000 -9999.000000 -9999.000000 -0.001367 -0.000168 0.000078 0.000413 0.012656 0.029312 0.045951 0.076273 0.033145 0.150911 0.157916 0.180594 0.186685 0.640120 0.525616 0.334194 0.063432 -0.089689 -0.008880 -0.000129 0.001240 0.090282 -0.083299 -0.123889 -0.132206 0.000015
-9999.000000 -9999.000000 -9999.000000 -9999.000000 -9999.000000 -9999.000000 -9999.000000 -9999.000000 -9999.000000 -9999.000000 -9999.000000 -9999.000000 -9999.000000 -9999.000000 -9999.000000 -9999.000000 -9999.000000 -9999.000000 -9999.000000 -9999.000000 -9999.000000 -9999.000000 -9999.000000 -9999.000000 -9999.000000 -9999.000000 -9999.000000 -9999.000000 -9999.000000 -9999.000000 -9999.000000 -9999.000000 -9999.000000 -0.002422 -0.000415 -0.000422 0.000236 0.000518 0.008263 0.017968 0.066741 0.029128 0.151125 0.166059 0.199265 0.218328 0.193970 0.318714 0.287241 0.326985 0.118809 0.082736 -0.000149 0.000503 0.148991 0.214837 0.226268 0.286784 0.086206
-9999.000000 -9999.000000 -9999.000000 -9999.000000 -9999.000000 -9999.000000 -9999.000000 -9999.000000 -9999.000000 -9999.000000 -9999.000000 -9999.000000 -9999.000000 -9999.000000 -9999.000000 -9999.000000 -9999.000000 -9999.000000 -9999.000000 -9999.000000 -9999.000000 -9999.000000 -9999.000000 -9999.000000 -9999.000000 -9999.000000 -9999.000000 -9999.000000 -9999.000000 -9999.000000 -9999.000000 -9999.000000 -9999.000000 0.000000 -0.000667 -0.001508 0.000007 0.009274 0.022510 0.033293 0.030330 0.061990 0.013849 0.003247 0.001199 0.000677 0.062891 0.050128 0.054248 0.344666 0.115060 0.100903 0.076590 0.000025 0.007310 0.018962 0.269384 0.088379 0.068304
