use_cases/Flooding_chicago/flooding_data/output/hUx_3000.asc
ncols 337
nrows 393
xllcorner 428428.000000
yllcorner 4602440.000000
cellsize 26.757400
NODATA_value -9999.000000
[rows 182 to 207 of 393, columns 177 to 235 of 337]
0.057686 0.058399 0.101679 0.402804 0.453186 0.172129 0.428909 0.444131 0.318573 0.185691 -0.368732 -0.047358 -0.000173 0.000146 0.006637 0.041731 0.080322 0.366805 0.752458 0.845217 0.933951 0.513448 0.004053 0.000094 -0.325522 -0.068138 -0.008883 -0.000632 0.000651 0.001444 0.000075 0.020731 0.063345 0.355432 0.212242 0.175114 -0.105556 0.000533 0.004480 0.001055 0.007452 0.009308 0.008074 0.003303 0.001338 0.001915 0.001967 0.012337 0.012248 1.835396 3.403628 2.629815 1.188860 0.616294 0.003690 0.001366 -0.305066 -0.333410 0.151697
0.043173 0.038299 0.157348 0.445411 0.255935 0.148833 0.466687 0.608075 0.849383 1.273549 0.515788 0.097157 0.118951 0.078316 0.134268 0.559255 0.412107 0.611854 0.700542 0.258631 -0.066311 -0.008597 0.000010 -0.016422 0.019556 -0.000737 -0.000763 0.000019 0.005196 0.005375 0.007261 0.004550 0.030407 0.086027 -0.095430 -0.012121 -0.000058 0.000592 0.013187 0.014416 0.003886 0.003745 0.002894 0.019731 0.141987 0.915415 1.086467 1.277019 2.522579 4.468047 2.524440 0.179136 -0.802754 -0.439130 -0.014820 0.001108 0.008028 0.021285 0.002181
0.108634 0.259259 0.110515 0.049996 0.051796 -0.235255 -0.394940 -0.499915 -0.309242 -0.007799 -0.000083 0.000067 0.009407 0.111714 0.241617 0.659267 0.508327 0.316183 -0.104499 -0.030969 -0.009456 -0.000158 0.000368 0.009389 0.158343 -0.000687 0.000144 0.000760 0.030641 0.231714 0.000488 0.003110 0.005009 0.068328 -0.004488 -0.000360 0.000360 0.006387 0.032860 0.051469 0.011834 0.017297 0.008943 0.464013 2.272264 3.743657 3.624812 3.972993 3.361901 2.826969 0.745122 -0.651484 -0.562326 -0.552127 -0.117115 -0.000584 0.000270 0.000364 0.001201
0.019612 0.037266 0.003589 0.009870 0.009030 -0.464313 -0.896079 -1.319973 -0.049234 -0.006353 -0.000464 0.000067 0.008073 0.021640 0.136150 0.019704 -0.004851 -0.008466 -0.051008 -0.018372 -0.001297 0.000407 0.001620 0.006131 0.175440 -0.000930 0.000741 0.026076 0.076029 0.239365 0.138619 0.302402 0.199976 0.084804 -0.016109 -0.000360 0.000360 0.018252 0.035883 0.062748 0.084280 0.812296 1.769661 2.244961 2.419852 2.574817 1.723286 -0.000063 0.000068 -0.684386 -0.961514 -1.232335 -1.525001 -0.585219 -0.335813 -0.012820 0.000000 0.008582 0.019643
0.009420 0.032891 0.003194 0.001773 0.032294 0.364447 -0.881661 -1.610014 -1.305418 -0.016983 -0.005350 0.000000 0.012122 0.031875 0.035935 0.000265 -0.008230 -0.013167 -0.025616 -0.026055 -0.002819 0.001921 0.004321 0.028870 0.125513 -0.000847 0.000043 0.022139 0.027931 0.003206 0.208791 0.249278 0.366081 0.483108 0.479606 -0.000301 0.000015 0.001609 0.010497 0.071564 0.951034 1.009423 1.278168 1.522920 1.723779 -0.039806 -0.009467 -0.000092 0.000301 0.011616 0.219105 -0.809953 -1.529236 -1.629609 -0.683026 -0.005500 0.000000 0.005878 0.013996
0.079651 0.022509 0.007264 0.004181 0.011789 0.040710 0.008039 -0.094663 -0.736845 -0.084592 -0.011368 -0.000066 0.000558 0.010495 0.021976 0.014679 -0.004181 -0.050485 -0.012344 -0.005420 -0.002980 0.006020 0.007366 0.027165 -0.004740 -0.039095 -0.011295 -0.000416 0.005869 0.027504 0.083727 0.000050 0.002098 0.002610 0.458589 0.364053 0.151531 0.047850 0.045089 0.517143 0.335800 0.225952 0.409114 0.207296 -0.022583 -0.014761 -0.007170 0.000000 0.005878 0.027968 0.307301 -0.682910 -1.410892 -2.335947 -1.641693 -0.020619 0.000000 0.005878 0.026207
0.003905 0.002686 0.001627 0.012754 0.023234 0.076822 0.036783 -0.233374 -0.437154 -1.051378 -0.043585 -0.004386 -0.000889 -0.000666 0.000198 0.007987 0.037732 0.037349 -0.001335 -0.003035 0.000100 0.002942 0.006573 0.019024 -0.021151 -0.042235 -0.023552 -0.010133 0.000000 0.013250 0.016742 0.002058 0.001700 0.002480 0.018278 0.367278 0.339223 0.275916 0.091692 0.453548 0.216908 0.142122 0.134358 -0.068568 -0.024000 -0.019309 -0.007120 0.000000 0.005878 0.011872 0.081697 0.637396 0.529380 -1.134583 -0.354309 -0.227054 -0.000733 0.001188 0.002381
0.004761 0.004387 0.002379 0.009463 0.015395 0.098827 0.051188 -0.079366 -0.160119 -0.278716 -0.062607 -0.033229 -0.024019 -0.002648 -0.003639 0.000005 -0.002018 -0.000391 0.000093 0.000088 -0.000304 0.000011 0.009301 -0.050523 -0.109174 -0.109035 -0.015686 -0.007803 0.000000 0.002964 0.000456 0.000018 0.012883 0.030627 0.042012 0.043840 0.198936 0.141551 0.526537 0.405650 0.445262 0.364260 0.432007 0.053848 -0.288055 -0.001599 -0.000709 0.000192 0.000652 0.009080 0.243012 1.131416 2.159747 1.767183 0.917424 -0.442909 -0.068207 -0.001647 0.001679
0.001554 0.001659 0.015058 0.027573 0.130383 0.063215 0.042326 -0.217627 -0.286370 -0.558998 -1.167351 -0.102894 -0.032061 -0.025000 -0.000509 0.000142 -0.033971 -0.007506 -0.000516 0.000060 0.000377 0.000674 0.025602 0.462043 0.634752 0.125716 0.044986 -0.062448 -0.026211 -0.001516 -0.000077 0.000260 0.025122 0.046996 0.063740 0.080061 0.178424 0.098010 0.717947 0.797641 0.836724 0.844033 0.726822 0.195210 -0.094370 0.000605 0.199503 0.863698 1.514231 2.328021 2.689237 2.325074 3.155249 2.181343 1.437063 -0.029037 -0.001423 -0.002490 0.003499
0.014829 0.005692 0.012104 0.119833 0.175187 0.097725 0.072501 0.624538 0.490833 0.335218 -0.079558 -0.181984 -0.123956 -0.046958 -0.017486 -0.000844 -0.001872 -0.010001 -0.005791 -0.000326 0.000208 0.006364 0.013230 0.430530 -0.126843 -0.379692 -0.544932 -0.075345 -0.051917 -0.017878 -0.000126 0.000138 0.020722 0.047838 0.062412 0.082910 0.167362 0.646907 0.450987 0.956669 1.128565 0.896166 0.691759 0.570113 0.546332 0.735901 1.470685 2.428046 2.587458 2.327569 2.369864 3.397708 2.672763 0.624347 -0.088947 -0.023702 -0.006836 0.000000 0.005878
0.020424 0.094611 0.234404 0.131720 0.208902 0.590970 0.414693 0.502064 0.211446 -0.178002 -0.078355 -0.078266 -0.070737 -0.033799 -0.002153 -0.000360 0.000457 -0.124998 -0.024988 -0.007224 0.000003 0.006034 0.013013 0.264446 -0.042237 -0.131001 -0.008327 -0.002402 -0.010924 -0.004023 -0.000346 0.000180 0.007843 0.017192 0.022136 0.029618 0.091970 0.666796 0.587287 0.507556 0.258953 0.567949 0.810167 0.451329 0.463632 0.781134 0.830868 0.840621 0.759705 0.417307 0.339685 0.555545 0.231110 -0.033409 -0.008716 -0.031402 -0.006051 0.000000 0.005878
0.019900 0.005697 0.005335 0.006105 0.186672 0.404964 0.419334 0.276384 0.099211 0.126147 -0.016349 -0.020375 -0.039366 -0.021903 -0.025669 -0.000020 -0.008064 -0.055068 -0.010042 -0.000266 -0.000006 0.000502 0.014454 0.174415 -0.074415 -0.007661 -0.000590 -0.002382 -0.003882 -0.016129 -0.007862 -0.000180 0.000346 0.004023 0.010536 0.010395 0.042864 0.463173 0.274603 0.202573 0.147220 0.382385 0.275054 -0.056392 -0.207960 -0.291492 -0.203224 -0.131776 -0.064653 0.058809 0.060713 0.053210 0.029476 -0.004838 -0.010199 -0.007184 -0.004258 0.000267 0.027945
-0.005134 0.000000 0.018421 0.061346 0.169147 -0.086026 -0.298984 -0.315484 -0.658122 -0.868128 -0.105582 -0.045987 -0.014634 -0.023176 -0.014678 0.007865 0.017580 -0.154002 -0.010388 -0.000092 0.000091 0.012939 0.030823 0.356188 -0.201018 -0.008107 0.000000 0.007434 0.025364 -0.013756 -0.004761 -0.000105 0.000124 0.008748 0.015399 0.018698 0.047699 0.195169 0.077868 -0.030666 0.038610 0.218452 0.110551 -0.106333 -0.549534 -0.843378 -0.923740 -1.022903 -1.076770 -0.952801 -0.601670 -0.116491 -0.013089 0.003089 0.004911 0.770897 1.046460 1.712257 2.497475
-0.009211 -0.006221 0.004321 0.006207 0.004466 0.001566 0.001794 -0.016466 -0.126870 -0.371143 -0.060154 -0.009335 -0.022847 -0.024091 -0.018014 -0.000364 0.000421 0.032423 0.059247 0.034087 0.009042 0.037248 0.095278 0.087811 -0.080696 -0.010114 0.000000 0.009182 0.015229 -0.000135 -0.000257 -0.000102 0.000108 0.011309 0.029165 0.041935 0.055376 0.273020 0.092655 0.040599 -0.022639 -0.044977 -0.004122 -0.004739 -0.002903 -0.029254 -0.401458 -0.807982 -1.204316 -1.347952 -0.850752 -0.665453 -0.064945 0.218454 0.398621 1.954672 2.400416 3.101528 3.426136
-0.009790 -0.007049 0.000530 0.011960 0.005001 0.001356 0.010602 0.124656 0.058907 -0.040375 -0.031767 -0.008345 -0.000023 -0.006505 -0.009312 -0.000652 0.000969 0.094470 0.095652 0.062907 0.116255 0.174583 0.173453 0.064897 -0.054661 -0.005382 -0.000104 0.000230 0.005580 0.000831 -0.001262 -0.000002 0.000388 0.000684 0.008172 0.026701 0.027141 0.374251 0.000005 0.043096 0.051195 0.161237 -0.003994 -0.003547 0.002207 0.005088 0.284824 0.107660 -0.300214 -0.602597 -0.481918 -0.502485 0.203197 0.625063 0.942980 2.572609 2.742352 2.336279 1.919133
-0.000492 0.000010 0.005374 0.056781 0.000861 0.000645 0.020398 0.161949 0.233387 -0.150116 -0.204013 -0.023542 -0.000878 -0.001059 -0.001164 0.000218 0.001688 0.008983 0.087173 0.040181 0.113101 0.152161 0.156996 0.232755 0.223418 -0.007555 -0.000517 -0.001249 0.001526 0.000858 -0.000222 0.000577 0.000951 0.000659 0.011576 0.031024 0.178128 0.160341 0.000118 0.099599 0.194773 0.421561 0.487970 0.727407 0.886462 0.614851 0.579082 0.523662 1.115105 1.253809 1.119149 1.008059 1.349267 1.556126 1.933412 1.866985 1.589747 0.559287 -0.033016
-9999.000000 -0.001369 0.000105 0.000205 0.017315 0.043659 0.052649 0.117152 0.324954 0.401624 -0.133511 -0.021091 -0.011755 -0.000905 -0.000682 0.000375 0.000947 0.007931 0.052163 0.018162 0.067742 0.100695 0.108154 0.197038 0.124009 -0.027031 -0.008950 -0.000104 0.030815 0.089483 0.037111 0.000016 0.012029 0.041544 0.057827 0.104214 0.444820 0.225446 0.251065 0.653161 0.644054 0.938896 1.229770 1.457516 1.658869 1.869192 1.582575 1.870614 1.509385 2.129945 2.204304 1.984534 1.847367 1.551305 1.471245 1.260433 -0.059049 -0.024164 -0.000618
-9999.000000 -0.003093 -0.000511 0.000081 0.023203 0.051295 0.061628 0.138317 0.056510 0.021758 -0.027056 -0.039412 -0.007225 -0.000396 -0.000092 0.000369 0.000694 0.000915 0.005436 0.008670 0.011397 0.029152 0.044356 0.271364 0.454713 -0.050045 -0.010784 -0.000235 0.002496 0.032232 0.025945 0.006967 0.019818 0.036662 0.037901 0.022125 0.489760 0.535295 0.811401 0.940487 1.404115 1.529039 2.190099 1.961184 2.109488 2.538766 2.473023 2.457835 2.190028 2.185571 2.118366 2.203849 1.815114 1.265103 1.035867 0.844392 -0.083629 -0.020423 -0.000399
-9999.000000 -0.000764 -0.001118 0.000000 0.006850 0.015261 0.040247 0.137120 0.013775 -0.000922 0.000105 0.016080 0.029519 -0.000281 -0.000019 0.000280 0.000107 0.000022 0.001656 0.001413 0.002647 0.029137 0.043630 0.156419 0.171703 0.122105 -0.001150 -0.001774 -0.006171 0.002940 0.011037 0.004145 0.022440 0.068524 0.511412 0.562518 0.618030 1.153197 1.553120 1.549245 1.987804 2.057784 2.234960 2.358226 2.476604 2.537165 2.782629 2.802256 2.778579 2.605138 2.094707 2.000783 2.011130 1.245959 0.952380 0.695159 0.252569 -0.015456 -0.000176
-9999.000000 -9999.000000 -0.000568 0.000000 0.007521 0.023782 0.026307 0.070820 -0.064195 -0.013351 0.000010 0.024553 0.176116 0.056106 0.021373 0.030334 0.009860 -0.000619 -0.000373 0.000589 0.013916 0.032326 0.135130 0.196592 0.076541 0.024071 0.008539 0.002095 0.000891 0.007325 0.009221 0.049821 -0.045508 0.243364 0.626623 1.023739 1.332911 2.361653 2.520796 2.379622 2.771269 2.659121 2.665898 2.646555 2.699924 2.749634 3.108735 3.142442 2.910886 2.457157 1.848764 1.757360 0.915849 0.309758 0.000856 -0.079733 0.056768 0.237818 0.247206
-9999.000000 -0.014956 -0.004742 0.000000 0.006743 0.005432 0.020302 0.113282 0.014910 -0.000743 0.000250 0.007762 0.012039 0.149158 0.084585 0.231031 0.341990 0.175537 0.045432 0.000037 0.014515 0.198301 0.111971 0.273539 0.266049 0.321584 0.184193 0.645402 0.353362 0.186229 0.358156 0.707086 0.976898 1.496849 1.823221 1.520426 1.722793 2.762882 2.793611 2.519749 2.805148 2.622994 2.062791 2.128021 1.845906 1.770510 1.684902 1.641694 1.380708 1.293480 1.139409 0.485425 -0.034932 -0.000521 0.000273 0.001170 0.000447 0.006762 0.286114
-9999.000000 -0.016327 -0.014302 -0.000479 0.000113 0.002880 0.018740 0.101837 -0.093017 -0.005450 0.000000 0.008176 0.013415 0.202711 0.000000 0.008104 0.122542 0.764312 0.589754 0.582556 0.545926 0.431444 0.214070 0.370765 0.311864 0.347534 1.496586 1.479870 2.464826 2.693679 2.655522 2.849515 3.060761 3.140960 3.150556 3.521959 3.156139 3.120919 2.868393 3.081398 2.590921 2.544567 1.773338 1.499180 1.602144 1.391761 1.462453 1.439926 1.181149 1.099154 0.735200 0.323490 -0.008911 -0.001573 -0.000423 0.000956 0.000293 0.012796 0.023239
-9999.000000 -0.000013 0.020827 0.008915 -0.000568 0.001296 0.012551 0.277950 0.288729 -0.099603 0.000000 0.010989 0.164140 0.068305 0.000000 0.015837 0.046598 0.618616 0.523474 0.657551 0.692763 0.487604 0.583556 0.442992 1.813123 2.407810 2.295516 2.469164 3.700616 3.661711 3.399451 3.434677 3.524497 3.535180 3.495522 3.522033 3.761196 2.958093 2.585727 2.089265 1.971030 1.592222 1.085198 0.936254 1.158190 0.982720 0.895383 1.025714 0.670503 0.484268 0.290934 -0.016825 -0.009183 -0.001054 -0.000946 -0.000821 0.000000 0.006319 0.012926
-0.000771 -0.000308 0.000831 0.002370 -0.000355 0.000492 0.147257 0.121978 0.139372 0.099728 0.064060 0.149969 0.470930 0.079949 0.064446 0.025517 0.231220 0.358607 0.096912 -0.000263 0.000441 0.153938 0.617395 1.395262 1.312812 3.167291 2.257759 2.350524 2.170220 2.498830 2.178460 2.131724 2.140161 2.173316 2.274832 2.418334 2.485099 2.477106 1.407691 1.012304 0.898251 1.146362 0.663784 0.543840 0.387606 0.253504 0.138246 0.053445 -0.000209 0.000229 0.001118 -0.012616 -0.001608 -0.003257 -0.025679 -0.009440 -0.000072 0.000497 0.006812
-0.000474 -0.000295 0.000447 0.007728 0.005553 0.001558 0.136552 0.066744 -0.117262 0.000000 0.056233 0.184717 0.112695 0.577766 0.053019 0.054859 0.254109 0.150629 0.000000 0.001053 0.000917 0.049616 0.632635 0.744133 1.471713 1.549072 1.767163 1.026182 0.794023 0.726597 0.453983 0.429216 0.645131 0.653069 0.798769 0.816242 1.061119 0.588959 0.345589 0.154316 0.138685 0.233828 0.248739 0.171441 0.162225 0.127845 0.039166 -0.010270 -0.000208 0.000326 0.006537 0.142992 0.371140 -0.167815 -0.449201 -0.099804 -0.014650 0.000014 0.017905
-0.003355 -0.003090 0.002544 0.140508 0.177940 0.116556 -0.063445 -0.010807 -0.004209 0.000000 0.004212 0.007710 0.126225 0.074788 0.201484 0.403542 0.237191 0.101959 0.155848 0.133027 0.215624 0.328374 0.842882 0.988261 1.041187 1.016985 0.673562 0.101324 0.041244 0.007033 0.004104 0.044595 -0.159559 -0.318182 -0.316760 -0.157618 0.005386 0.004250 0.012751 0.345978 0.372011 0.693522 0.553829 0.347367 0.378744 0.388553 0.387149 0.393167 -0.000003 0.005982 0.108266 0.058117 0.104003 0.113984 0.081582 -0.085438 -0.003264 -0.000061 0.003116
