use_cases/Flooding_chicago/flooding_data/output/hUx_300.asc
ncols 337
nrows 393
xllcorner 428428.000000
yllcorner 4602440.000000
cellsize 26.757400
NODATA_value -9999.000000
[rows 260 to 285 of 393, columns 59 to 117 of 337]
-0.006044 -0.011682 -0.003984 -0.000165 0.016710 0.036251 0.008279 0.018034 -0.031672 -0.019981 -0.005936 -0.000072 0.000211 -0.003980 -0.056085 -0.023287 -0.006475 -0.000382 -0.050586 -0.008653 -0.000059 0.000518 0.017404 0.027739 0.109391 0.042570 0.066853 0.141280 0.070747 0.165990 0.091948 0.119405 0.267558 0.027684 -0.006364 -0.000681 0.000813 -0.001787 -0.004874 -0.017184 -0.031826 -0.039241 -0.044584 -0.007391 -0.028434 -0.007498 0.000000 0.006956 0.001464 -0.006435 0.000000 0.007993 0.016716 -0.010198 -0.055104 -0.000350 -1.034312 -0.172841 -0.049079
-0.025827 -0.069607 -0.041646 -0.005730 -0.004266 -0.016277 -0.003061 -0.003405 -0.032539 -0.021104 -0.005979 0.000003 0.006034 0.025619 -0.027478 -0.008389 -0.002321 -0.002927 -0.006517 0.000544 0.000429 0.000347 0.008598 0.015271 0.022241 0.054399 0.060281 0.078453 0.038355 0.017854 0.078607 0.108029 0.639554 -0.004934 -0.005480 -0.004597 -0.000556 -0.000907 0.002108 0.002426 0.008344 -0.002825 -0.014564 -0.020832 -0.004117 -0.001614 0.000000 -0.004704 -0.036652 -0.008750 0.000000 0.010892 0.027824 0.025104 0.008703 -0.007128 -0.020077 -0.025285 -0.003077
-0.051117 -0.114033 -0.053102 -0.025562 -0.040035 -0.072255 -0.029306 -0.007423 -0.025029 -0.014068 -0.000326 0.000208 0.006364 0.051208 0.002235 -0.001612 -0.001120 -0.000887 -0.000521 0.001020 0.000667 0.000503 0.000294 0.008590 0.015649 0.023653 0.048593 0.108356 0.004323 0.004185 0.031093 0.072403 -0.015823 -0.016116 -0.001819 -0.001959 -0.000000 0.001020 0.006280 0.006331 0.028562 0.024448 0.014509 0.005009 -0.001209 0.000067 -0.038072 -0.117927 -0.014865 -0.000892 -0.000011 0.000982 0.019103 0.008370 -0.010525 -0.031486 -0.015081 -0.011207 -0.003927
-0.036790 0.000943 -0.003792 -0.016622 -0.071599 -0.050914 -0.013928 -0.019364 -0.005681 -0.008863 0.001700 0.010552 0.136924 0.015566 -0.129084 -0.142921 -0.011330 -0.010743 0.011797 0.014732 0.087297 0.107200 0.025924 0.008264 0.004199 0.024768 0.028193 0.159400 0.000306 0.014664 0.020754 0.012296 -0.029300 -0.043193 -0.004095 -0.004127 -0.000011 0.006907 0.030365 0.011868 0.012200 0.011972 0.024128 0.020373 -0.024270 -0.069809 -0.061739 -0.055534 -0.057385 -0.007967 -0.003213 0.006999 0.009744 0.004126 0.001007 -0.003105 -0.010689 -0.011304 -0.041301
-0.128127 -0.009419 -0.000352 0.000099 0.006816 0.098899 -0.020941 -0.023786 -0.004326 -0.009290 0.003570 0.011024 0.137212 0.256862 -0.049525 -0.112587 -0.018753 -0.006896 0.006523 0.006469 0.059801 0.124767 0.060967 0.010075 0.003511 0.021526 2.474386 0.029719 0.011724 0.005768 0.008455 0.002567 -0.001916 -0.005644 -0.011682 -0.012088 -0.000505 0.000168 0.004954 0.027692 0.005574 0.009017 0.005930 0.119389 0.660483 -0.019050 -0.054683 -0.052727 -0.057874 -0.014008 -0.016931 -0.000021 0.005521 0.001782 -0.000475 -0.000485 -0.000535 -0.001075 -0.003960
-0.122923 -0.014015 -0.006912 -0.000040 0.008813 0.018563 -0.004886 -0.000353 -0.000325 0.000609 0.004557 0.008223 0.023805 0.020975 0.005589 -0.010770 -0.052380 -0.008317 -0.000149 0.005883 0.016178 0.115002 0.222042 0.190217 0.156858 0.511213 0.999666 0.741237 -0.000821 -0.000980 -0.001121 -0.002849 -0.005844 -0.006145 -0.022772 -0.024518 -0.020933 -0.001266 0.000054 0.000300 0.021305 0.067178 0.025998 0.094410 0.092513 0.061589 -0.001224 -0.001960 -0.003883 -0.005214 -0.000598 -0.000653 -0.001003 -0.001974 -0.000811 -0.000489 0.000489 0.000811 0.040602
-0.150019 -0.015167 -0.008710 -0.000873 0.000476 0.009961 0.000138 -0.007816 -0.000073 0.005236 0.002279 0.004622 -0.000631 0.004111 0.001804 -0.004030 -0.016405 -0.011357 -0.005411 0.000000 0.009001 0.015320 0.177124 0.512681 0.734420 0.466669 0.181048 -0.017729 -0.354258 -0.619056 -0.074215 -0.001437 -0.001795 -0.000391 0.000121 -0.030495 -0.087547 -0.009619 -0.000222 0.000222 0.008623 0.009919 0.006655 0.019993 0.051019 0.008706 -0.001325 -0.000977 -0.001395 -0.001062 -0.000252 -0.001210 -0.014647 -0.007873 -0.000811 -0.000489 0.000489 0.000811 -0.007105
-0.095472 -0.305500 -0.045897 -0.002958 -0.000258 0.000844 0.000224 -0.001372 -0.001509 0.000251 0.001418 0.000841 0.002553 0.037790 -0.003748 -0.008370 -0.025380 -0.010651 -0.000663 0.000046 0.000596 0.008977 0.169545 0.063287 0.040151 0.000003 0.008215 0.857924 0.984161 0.120112 -0.044087 -0.075714 -0.133593 -0.007411 -0.000418 0.000586 -0.004720 -0.001481 -0.000186 0.000405 0.012419 0.017264 0.016362 0.008097 0.006357 0.007355 0.003229 0.072386 0.090854 0.088898 0.029292 -0.062457 -0.106434 -0.049559 -0.000482 -0.000562 -0.000921 -0.004009 -0.012277
-0.008800 -0.044666 -0.042221 -0.006403 -0.007333 -0.000670 -0.000056 0.000810 0.000683 0.003458 0.004159 0.001420 0.021947 0.133816 -0.002853 -0.004281 -0.016694 -0.007667 -0.000020 0.008096 0.017060 0.096433 0.131414 0.042826 -0.000102 0.000086 0.015839 0.063880 0.391943 -0.027102 -0.054514 -0.083442 -0.154368 -0.015776 -0.000323 0.000405 -0.001119 -0.003254 -0.000010 -0.000574 0.004278 0.006665 0.000008 0.007070 0.007073 0.037279 0.172044 0.107125 0.111518 0.094731 0.199501 0.070720 -0.099729 -0.092943 -0.154523 -0.186975 -0.182021 -0.220642 -0.038006
-0.000755 -0.036680 -0.046740 -0.021339 -0.001278 -0.000501 0.001139 0.000979 -0.000085 -0.002777 -0.000360 0.000360 0.009979 0.015709 0.003847 -0.001909 -0.030946 -0.009772 -0.000000 0.025324 0.086692 0.149235 0.028037 0.005100 -0.000152 0.000305 0.011439 0.025411 0.028031 0.102695 0.022978 0.000000 -0.191224 -0.023362 -0.013837 -0.022855 -0.022690 -0.020670 -0.022088 -0.003358 0.006779 -0.001675 0.000140 0.001733 0.040524 0.101792 0.151232 0.067318 0.057164 0.041215 -0.075853 -0.445787 -0.171381 -0.131533 -0.205908 -0.221241 -0.202630 -0.205423 -0.070881
-0.009536 -0.013384 -0.060001 -0.022873 -0.001061 0.000879 0.009193 0.003038 -0.022435 -0.012008 -0.000360 0.000360 0.004116 0.002764 0.024441 0.046315 -0.025060 -0.020585 -0.014381 0.000000 0.006214 0.037617 -0.018457 -0.006074 -0.000003 0.006204 0.020028 0.038019 0.058285 0.183455 0.060567 0.000000 -0.017927 -0.024158 -0.008978 -0.017816 -0.020257 -0.018867 -0.015390 -0.008197 -0.001152 -0.003127 0.000833 0.002957 0.017715 0.008956 0.001713 0.001190 0.000794 0.000509 -0.010316 -0.053537 -0.153742 -0.122487 -0.191227 -0.235010 -0.300383 -0.389001 -0.442107
-0.001158 -0.001962 -0.005209 -0.007903 -0.001021 0.000942 0.023509 0.036001 -0.026581 -0.033538 -0.004107 -0.000968 0.003907 0.003356 0.030982 0.425753 0.313666 -0.106341 -0.016711 0.000000 0.003929 -0.021645 -0.011920 -0.000847 -0.000082 0.000802 0.014311 0.028354 0.054536 0.056343 0.066056 -0.041920 -0.054356 -0.235008 -0.020996 -0.008836 -0.018126 -0.031952 -0.073043 -0.005624 0.000000 0.000310 -0.000828 0.000376 0.001088 0.001989 0.001394 0.001925 0.000641 0.000725 0.000235 -0.007915 -0.028502 -0.045454 -0.030100 -0.001439 -0.004003 -0.024115 -0.054455
0.001121 -0.001365 -0.004727 -0.006242 -0.000822 0.000789 0.017492 0.006991 -0.044914 -0.027673 -0.003234 -0.000045 0.002589 0.001823 0.019951 -0.122556 -0.208330 -0.060549 -0.001419 0.001883 -0.007983 -0.098119 -0.024959 -0.001310 -0.000573 0.001421 0.008806 0.024090 0.032902 0.025231 0.034521 0.073021 -0.083794 -0.665080 -0.243753 -0.054571 -0.106507 -0.051125 -0.007095 0.000000 0.007470 0.003713 -0.006095 -0.010341 -0.007891 -0.005747 -0.000440 0.000347 0.000983 0.001710 0.002779 0.001649 -0.006235 -0.002224 -0.000722 -0.001030 -0.000110 0.003439 -0.169224
0.003208 0.001844 -0.000954 -0.002205 -0.000391 0.000384 0.012782 0.005416 -0.040843 -0.025049 -0.002124 0.001263 0.044535 0.040290 0.124556 0.071848 -0.000498 -0.000757 0.000358 0.003393 -0.314962 -0.072650 -0.009856 -0.013205 -0.000447 0.000875 0.009067 0.018537 0.021924 0.033372 0.038745 0.032890 0.027586 0.001423 -0.009834 -0.039074 -0.078301 -0.022729 -0.007580 0.000000 0.035882 0.120895 -0.023832 -0.015528 -0.014818 -0.010991 -0.001073 0.000743 0.000904 0.006642 0.013629 0.000693 -0.006171 -0.009476 -0.001360 -0.003373 0.000000 0.036483 -0.039471
0.002641 0.002131 0.000606 -0.000046 -0.000457 -0.000082 0.001039 -0.028543 -0.063588 -0.025700 -0.003018 -0.000216 0.002205 0.001694 -0.027583 -0.007792 -0.000534 0.000315 0.000578 0.017860 0.000675 -0.007537 -0.000240 -0.000112 0.001218 0.019073 0.038184 0.009437 0.022936 0.018584 0.026200 0.036879 0.021498 0.002938 0.000945 0.002965 -0.004542 -0.030143 -0.007620 0.000000 0.004663 -0.001459 -0.010416 -0.015679 -0.012773 -0.008894 -0.000440 0.000347 0.008731 0.057206 0.165163 -0.003564 -0.041061 -0.010451 -0.000472 0.000339 0.023511 0.009566 -0.048032
0.017894 0.067535 0.099401 -0.062995 -0.008048 -0.000183 0.000592 -0.048314 -0.094029 -0.030567 -0.003576 -0.002133 0.002253 0.003268 0.001746 0.000376 0.000227 0.000677 -0.001052 -0.007113 -0.023427 -0.003946 -0.000222 0.000222 0.011635 0.021370 0.031469 0.039701 0.035501 0.059776 0.017707 0.004392 -0.001664 -0.000000 0.005933 0.031716 0.053263 0.024267 0.001035 -0.002484 -0.008587 -0.010693 -0.010458 -0.001239 0.000231 0.001381 0.015881 0.013406 0.020670 0.020763 -0.047110 -0.152478 -0.055457 -0.016771 -0.001290 0.000588 0.001200 -0.027886 -0.082771
0.006078 0.009152 0.027931 -0.003005 -0.064672 -0.016460 -0.001577 -0.001548 -0.002852 -0.002205 -0.003225 -0.000374 0.002759 0.002344 0.008404 0.007461 0.041403 0.049403 0.045346 -0.010821 -0.015591 -0.016236 -0.000205 0.000017 0.001035 0.050847 0.059401 0.075889 0.107585 0.132612 0.273886 0.006268 -0.022340 -0.000010 0.010713 0.021568 0.077806 0.706547 -0.209550 -0.008921 -0.006220 -0.010207 -0.002789 -0.003458 0.000823 0.003418 0.017947 0.013295 0.034165 0.026652 -0.000222 0.000222 -0.054292 -0.013927 -0.000878 0.000360 0.000876 -0.015850 -0.007273
0.049150 0.046569 -0.001149 -0.023914 -0.089805 -0.013633 -0.001676 -0.002076 -0.002196 -0.001261 -0.001114 0.000309 0.001202 -0.011485 -0.000717 0.002916 -0.018251 -0.030128 -0.029165 -0.011578 -0.015137 -0.008176 0.000677 0.003354 0.014276 0.008849 0.179163 0.006365 0.047009 0.116310 0.197175 -0.082992 -0.025302 -0.000360 0.000360 0.009182 0.074392 -0.395133 -0.501641 -0.093267 -0.069260 -0.031101 -0.004566 -0.006858 -0.005361 0.000007 0.015100 0.011417 0.028139 0.019338 0.004185 -0.002164 -0.025281 -0.007891 -0.000035 -0.007262 -0.016680 -0.021265 -0.006192
0.037227 0.002874 -0.082010 -0.107930 -0.024770 -0.049270 -0.008483 -0.000107 -0.000716 -0.000700 -0.000977 0.000883 0.001171 -0.213743 -0.016632 -0.000547 0.000191 -0.092377 -0.146774 -0.025177 -0.000196 0.000528 0.014104 0.021424 0.024606 0.011516 0.113070 0.002487 0.002433 0.003400 0.001654 0.000047 -0.000330 -0.000360 0.000360 0.009182 0.018067 0.820084 0.276796 -0.067764 -0.046396 -0.023467 -0.003027 -0.004335 -0.000352 0.000352 0.007432 0.032471 0.079526 0.141151 0.291457 -0.002713 -0.030370 -0.012257 -0.003051 -0.010408 -0.020732 -0.059070 -0.017126
0.026163 -0.088701 -0.135856 -0.141739 -0.007668 -0.005447 -0.001849 -0.009129 -0.023372 -0.077261 -0.025492 0.000063 -0.063345 -0.161349 -0.015932 -0.001351 -0.001028 0.000277 -0.000112 -0.000118 0.001222 0.001308 0.007865 0.006220 0.000000 0.050536 0.078945 0.027103 0.008827 0.006084 0.002456 0.000290 0.000000 0.009415 0.023503 0.026735 0.021027 0.225735 -0.057821 -0.029978 -0.016154 -0.005508 -0.019989 -0.009914 -0.000007 0.000451 0.001218 0.017056 0.045646 0.086824 0.247131 0.221740 0.129808 -0.038798 -0.028076 -0.027535 -0.093940 -0.021532 -0.000555
-0.010716 -0.075445 -0.119207 -0.003267 -0.004057 0.000453 0.002015 -0.059344 -0.046490 -0.118171 -0.037299 0.000003 -0.010148 -0.010632 -0.008814 -0.016021 -0.001224 -0.000365 -0.000629 0.000865 0.001428 0.011772 0.013813 0.018199 0.017453 0.006167 0.016690 0.055195 0.090558 0.102303 0.027935 0.005686 0.000000 0.005592 0.016226 0.040197 0.149304 0.132357 -0.159187 -0.159297 -0.004186 -0.023653 -0.027468 -0.013745 -0.000000 0.001350 0.004897 0.003794 0.013266 0.048666 0.015709 -0.025437 -0.187216 -0.377698 -0.655898 -0.196319 -0.040346 -0.041423 -0.000396
0.098148 0.063377 -0.000927 -0.001631 -0.000604 0.000936 -0.084730 -0.118575 -0.141778 -0.018004 -0.043906 -0.066005 -0.065374 -0.495711 -0.180485 -0.032406 -0.000036 0.001623 -0.000618 0.000154 0.026088 0.024212 0.018133 0.016564 0.011833 0.044752 0.063622 0.088990 0.102206 0.132134 0.136339 0.029699 0.007513 0.001464 0.005435 0.007212 0.017410 0.011542 0.005041 -0.147837 -0.198708 -0.226029 -0.025448 -0.007981 -0.000461 -0.000036 0.002135 0.015008 0.062438 0.026643 0.017702 0.003460 0.041556 -0.002697 -0.023450 -0.011933 -0.001824 -0.002900 -0.000182
0.000836 0.036389 0.025457 0.000409 -0.020957 -0.040663 -0.066079 -0.129094 -0.025767 -0.022024 -0.039010 -0.046406 -0.044941 -0.095052 -0.023649 -0.009227 0.000017 0.000623 0.001053 0.001641 0.001187 0.009470 0.008549 0.006709 0.004488 0.023613 0.039333 0.009806 0.048911 0.103069 0.189488 0.182921 0.050122 0.011438 0.007594 0.004759 0.038083 -0.010329 -0.000175 0.000327 0.000792 -0.156924 -0.177453 -0.012071 -0.000427 -0.000152 0.000879 -0.000257 -0.005681 -0.006250 -0.006374 0.000000 -0.216014 -0.010665 -0.006268 -0.001878 -0.002393 0.000352 0.000293
0.007972 0.103492 0.022321 -0.001085 -0.004167 -0.003469 -0.167393 -0.108365 -0.021943 -0.000396 0.000330 -0.031424 -0.084436 -0.019332 -0.011079 -0.000924 0.000371 0.000884 0.001783 0.001280 0.000407 0.002242 0.049908 0.053322 0.123288 0.001314 0.008661 0.005006 0.015821 0.030203 0.107292 0.247764 0.444970 0.385643 0.378027 0.298416 0.489940 -0.217090 -0.005990 0.000000 0.009755 0.023407 -0.075429 -0.107075 -0.001524 0.000588 0.000795 -0.018545 -0.015412 -0.043183 -0.006003 0.000000 0.016227 -0.231717 -0.031239 -0.001541 -0.000940 0.001363 -0.043700
-0.000118 0.014847 0.021011 -0.001152 0.001155 0.000956 -0.215010 -0.067804 -0.004607 -0.000555 0.000401 -0.011328 -0.054248 -0.032148 -0.017699 -0.000950 0.000866 0.023015 0.034405 0.030269 0.000234 -0.000020 0.000407 0.037167 0.202723 0.087802 0.030102 0.037477 0.016026 0.037123 0.064143 0.148781 0.255612 0.190385 0.225597 0.222870 0.662299 0.117411 0.064925 0.000000 0.003274 0.001792 0.031200 0.376413 -0.002365 0.002117 -0.032415 -0.047255 -0.007733 -0.009784 -0.001064 0.000629 0.029482 0.046911 -0.048940 -0.010612 -0.000398 0.000498 0.013757
0.036649 0.022898 0.017554 0.022028 -0.035853 -0.121751 -0.209139 -0.027360 -0.019690 -0.010180 0.000013 0.025334 -0.029185 -0.033319 -0.017520 -0.000831 0.000764 0.015995 0.038035 0.003954 -0.048710 -0.009072 -0.000003 0.007242 0.015577 0.167016 0.096953 0.050562 0.066011 0.034392 0.038379 0.018483 0.006184 0.001552 0.001689 0.118068 0.097644 0.062024 0.026393 -0.001183 0.002298 0.038236 0.034093 0.019692 0.012958 0.006798 0.010516 0.000950 -0.004247 -0.005752 -0.000660 0.000354 0.033801 0.435575 -0.011740 -0.011787 -0.004152 -0.012747 -0.004820
