use_cases/Flooding_chicago/flooding_data/output/hUx_420.asc
ncols 337
nrows 393
xllcorner 428428.000000
yllcorner 4602440.000000
cellsize 26.757400
NODATA_value -9999.000000
[rows 208 to 233 of 393, columns 177 to 235 of 337]
-0.001668 -0.000024 0.005963 0.002246 0.001974 0.046401 0.029682 -0.000830 -0.000163 0.000143 0.008843 0.030593 0.086500 0.040762 0.114491 0.225970 0.130190 0.051861 0.083066 0.247426 0.589347 0.294231 0.403803 0.520707 0.463893 0.297215 -0.003946 -0.000222 0.000222 0.016879 0.023449 0.017246 0.039822 0.256731 -0.176705 -0.229009 -0.017273 -0.007932 0.000000 0.015525 0.098436 0.008148 -0.003973 -0.012343 -0.010285 -0.010265 -0.009297 -0.010208 -0.000000 0.020115 0.067181 0.230826 0.125788 -0.072011 -0.077758 -0.028153 -0.002843 0.000492 0.002430
-9999.000000 -0.000717 -0.000600 0.000000 0.011651 0.141845 0.296871 0.160097 0.010531 0.028119 0.645060 0.010309 0.038287 0.035298 0.081255 0.035489 0.090117 0.218543 0.106529 0.240056 0.818200 0.397371 0.334203 0.285238 -0.020702 -0.063800 -0.079206 -0.000103 0.000103 0.033653 0.037386 0.034759 0.017581 0.045600 -0.078923 -0.636801 -0.708448 -0.043658 -0.000320 0.000388 -0.041384 -0.127708 -0.007435 -0.000034 0.008208 0.058571 0.022811 0.029682 0.017753 0.013441 0.057184 0.285291 0.698896 0.208980 -0.061761 -0.022187 -0.001320 0.000616 0.014607
-9999.000000 -0.000024 0.000002 0.000000 0.011242 0.094914 0.053135 0.017741 0.012890 0.020991 0.012812 0.074775 0.071651 0.060014 0.035526 0.013592 0.029859 0.014292 0.059019 0.143404 0.144239 0.055355 0.026646 0.019006 0.014186 0.043509 0.038683 0.077442 0.115691 0.078836 0.038860 0.032587 0.024575 0.009919 0.014608 0.062152 -0.005739 -0.107628 -0.047924 0.000008 -0.055691 -0.142417 -0.012037 -0.000853 0.000308 0.001353 0.002560 0.030263 0.027212 0.015527 0.004548 0.127283 0.160376 -0.268264 -0.033601 -0.012214 -0.000499 0.000359 0.006434
-9999.000000 -9999.000000 -0.000883 -0.000067 0.000741 0.000951 -0.000488 0.000315 0.020567 0.049508 0.013757 0.064627 0.068197 0.067182 0.050374 0.020467 0.034928 0.015514 0.028598 0.159228 0.087510 0.051593 0.026446 0.025466 0.025450 0.051680 0.011135 -0.021452 -0.001520 -0.000206 0.001359 0.005226 0.015259 0.007752 0.014894 0.149903 0.029444 -0.087022 -0.022422 -0.002931 0.012071 -0.135455 -0.009144 -0.002033 -0.000742 0.001391 0.008492 0.004908 0.026493 0.224005 0.194321 0.114868 0.081291 0.049671 -0.002415 -0.001044 0.000207 0.000482 0.064557
-9999.000000 -9999.000000 -9999.000000 -0.012313 -0.066708 -0.029214 -0.001335 0.000358 0.001179 0.026087 0.144234 0.083256 0.073095 0.074127 0.052783 0.114862 0.188544 0.275864 0.422404 0.291688 0.184462 0.108572 0.048983 0.049715 0.061691 0.043031 0.012161 0.000011 -0.002279 0.001043 0.003123 0.045111 0.082360 0.133204 0.327074 0.054386 -0.034856 -0.023582 -0.036842 -0.023387 -0.011589 -0.020023 -0.111814 -0.036085 -0.000632 0.000522 0.002162 0.009682 0.175942 0.208207 0.137430 0.119167 0.053436 0.018011 0.180462 0.513277 0.111708 0.007541 -0.062946
-9999.000000 -9999.000000 -9999.000000 -0.019948 -0.061046 -0.021872 -0.000899 -0.000433 0.000874 0.008367 0.019246 0.063531 0.012071 0.003348 0.001069 0.062472 0.217461 0.200392 0.048413 0.069185 0.023099 -0.030603 -0.107495 0.114272 0.361061 0.049157 0.011709 0.000479 -0.001269 0.001970 0.002890 0.029624 0.066528 0.100458 0.408562 0.238163 -0.004249 -0.018772 -0.041963 -0.059907 -0.111746 -0.007681 -0.000926 -0.000240 0.000101 0.000314 0.014923 0.117245 0.155465 0.036636 0.002086 0.001300 0.001154 0.009950 0.191672 0.098473 0.280186 0.355793 0.379631
-9999.000000 -9999.000000 -9999.000000 -9999.000000 -0.000530 0.000000 -0.013716 -0.049852 -0.009931 -0.000005 0.004743 0.010787 0.034420 0.000439 0.019786 0.071583 0.163340 0.000768 0.003080 0.002211 0.001031 0.001891 0.133204 -0.022014 -0.324594 -0.013989 -0.000105 0.000142 0.000362 0.000223 0.000287 0.000075 0.000004 0.009031 0.142538 0.026746 -0.000335 0.000064 0.000350 -0.007854 -0.019686 -0.000868 -0.001480 -0.000519 -0.000236 0.000422 0.000415 0.002898 0.004418 0.002060 0.001137 0.015245 0.150976 0.611935 0.462245 0.303718 0.145300 0.011064 -0.077299
-9999.000000 -9999.000000 -9999.000000 -9999.000000 -9999.000000 -0.004982 -0.007995 -0.026716 -0.006692 -0.000222 0.000222 0.005483 0.023448 0.006664 0.003977 0.011968 0.026895 0.010423 0.006981 0.003554 0.001415 0.016658 0.355464 0.405900 -0.218255 -0.012121 -0.000093 0.000446 0.000098 -0.000751 -0.000648 -0.000117 0.000309 0.017246 0.439630 -0.000253 -0.000169 0.000119 0.000253 -0.011732 -0.052798 -0.082251 -0.140183 -0.006934 -0.000007 0.000339 0.001759 0.004074 0.001706 -0.000002 0.010350 0.113329 0.293773 0.370905 -0.000292 -0.000232 -0.000184 0.000310 0.019440
-9999.000000 -9999.000000 -9999.000000 -9999.000000 -9999.000000 -9999.000000 -0.026004 -0.065415 -0.014605 -0.005200 0.000005 0.006503 0.028102 0.009998 0.006922 0.002545 0.003850 0.013614 0.031123 0.007626 0.042204 0.020759 0.548454 0.483683 -0.037635 -0.028792 -0.000053 -0.035513 -0.003477 -0.014596 -0.005878 0.000000 0.005878 0.012825 0.339090 -0.000617 -0.000350 0.000114 0.000322 0.000431 0.000346 -0.045981 -0.063396 -0.101233 -0.104956 -0.061061 -0.000187 -0.002199 -0.006622 -0.000053 0.000880 0.057635 0.110090 0.023010 -0.000282 -0.000018 0.000462 0.001037 0.007863
-9999.000000 -9999.000000 -9999.000000 -9999.000000 -9999.000000 -9999.000000 -0.012366 -0.023776 -0.026326 -0.000110 0.000061 -0.003436 -0.006203 -0.004591 0.003707 0.002119 0.026956 0.045023 0.069434 0.170648 0.091725 0.267671 0.614928 -0.206302 -0.022897 -0.001664 -0.000792 -0.002828 -0.007298 -0.023492 -0.005878 0.000000 0.005878 0.012825 0.548131 -0.000621 0.000188 0.000559 0.000286 0.000333 0.000396 0.006599 0.239462 -0.008300 -0.034470 -0.103013 -0.003091 -0.000320 0.000821 0.002789 0.001976 0.027046 0.012685 -0.025042 -0.005980 0.000003 0.010023 0.034909 0.063497
-9999.000000 -9999.000000 -9999.000000 -9999.000000 -9999.000000 -9999.000000 -9999.000000 -0.003972 0.000000 -0.014581 -0.070260 -0.050249 -0.008137 -0.010073 -0.006687 0.000000 0.007907 0.037879 0.094177 0.136283 0.057061 0.100623 0.002109 -0.016707 -0.003065 0.001860 0.006601 0.005401 -0.041687 -0.009627 -0.016673 0.000000 0.026793 0.093530 0.234425 -0.000550 0.001114 0.146108 1.459769 0.024537 0.000924 0.000000 0.000286 0.000251 -0.068818 -0.127697 -0.028328 0.000195 0.009478 0.005459 0.124112 0.078200 -0.049271 -0.008009 -0.000326 0.000208 0.022853 0.055217 0.045950
-9999.000000 -9999.000000 -9999.000000 -9999.000000 -9999.000000 -9999.000000 -9999.000000 -9999.000000 0.000000 0.089020 0.154181 -0.027189 -0.008127 -0.011897 -0.009741 0.000015 0.014922 0.023395 0.056180 0.007586 0.003802 0.000173 -0.004476 -0.004581 0.001289 0.019611 0.012251 0.111428 -0.046644 -0.414838 -0.022061 0.000000 0.012557 0.034327 0.003815 0.000632 0.001395 0.155604 0.550455 0.047865 -0.604100 -0.020363 -0.001920 -0.000662 0.000463 -0.001511 -0.000421 0.003076 0.030249 0.163815 0.088380 0.028573 -0.005755 -0.007726 -0.013305 0.004299 0.005537 0.007245 0.003783
-9999.000000 -9999.000000 -9999.000000 -9999.000000 -9999.000000 -9999.000000 -9999.000000 -9999.000000 -9999.000000 -0.107995 -2.279734 -0.213023 -0.005231 -0.008069 -0.000569 0.000467 0.018248 0.039664 0.036925 0.005991 0.005424 0.001783 -0.005461 -0.001611 0.004310 0.093768 0.698952 0.437543 0.291348 -0.226989 -0.005373 0.000000 0.005373 0.014133 0.023940 0.009788 0.203470 0.178362 0.126167 0.895389 0.081131 -0.850438 -0.017015 -0.000098 -0.001291 -0.001746 0.004142 0.012239 0.004281 0.001909 0.001785 -0.054725 -0.127265 -0.157164 -0.012807 -0.002582 0.000002 0.001234 0.001649
-9999.000000 -9999.000000 -9999.000000 -9999.000000 -9999.000000 -9999.000000 -9999.000000 -9999.000000 -9999.000000 -9999.000000 0.000000 -0.037034 -0.109483 -0.025932 -0.000456 0.000528 0.003909 0.001984 0.004726 0.003697 0.014477 0.003508 -0.009655 -0.006687 0.005400 0.010811 0.096033 0.222123 -0.081866 -0.017316 -0.005473 0.000000 0.005473 0.016644 0.023675 0.026078 0.108662 0.058325 0.045967 0.060431 0.309488 0.108583 -0.028456 -0.001792 0.000315 0.002200 -0.004163 -0.000221 0.001671 -0.000998 -0.004782 -0.002485 0.004752 0.009191 -0.044300 -0.004274 0.000067 0.009661 0.015237
-9999.000000 -9999.000000 -9999.000000 -9999.000000 -9999.000000 -9999.000000 -9999.000000 -9999.000000 -9999.000000 -9999.000000 -9999.000000 0.000000 -0.001754 -0.006133 -0.000016 0.000484 0.001352 0.016226 0.015450 0.010314 0.013135 0.001858 -0.016063 -0.020875 -0.019061 -0.013258 -0.021975 -0.080457 -0.071294 -0.007919 -0.000848 -0.000000 0.000848 0.009064 0.029809 0.042201 0.141540 0.091722 0.094358 0.034975 0.005650 -0.043862 -0.051291 -0.007792 -0.004007 0.000454 -0.000828 0.001995 0.007375 0.002136 0.000936 -0.016211 0.002957 0.015272 0.006467 -0.000194 0.001428 0.015693 0.021370
-9999.000000 -9999.000000 -9999.000000 -9999.000000 -9999.000000 -9999.000000 -9999.000000 -9999.000000 -9999.000000 -9999.000000 -9999.000000 -9999.000000 -0.000222 0.000222 0.007775 0.022279 -0.004031 -0.005308 0.006900 0.009441 0.002603 0.000008 0.004832 0.067642 -0.025866 -0.063517 -0.080833 -0.035321 -0.043971 -0.001209 -0.000474 -0.000400 0.000572 0.003236 0.031070 0.047877 0.076053 0.011566 -0.001324 -0.000469 -0.005411 -0.014505 -0.012921 -0.016846 -0.009254 -0.000839 -0.001921 -0.005303 -0.000404 0.000403 0.061719 -0.264023 -0.206200 -0.070904 -0.000460 0.000277 0.018072 0.036902 0.063623
-9999.000000 -9999.000000 -9999.000000 -9999.000000 -9999.000000 -9999.000000 -9999.000000 -9999.000000 -9999.000000 -9999.000000 -9999.000000 -9999.000000 -9999.000000 -9999.000000 -9999.000000 -9999.000000 -9999.000000 -0.000458 -0.000641 -0.001134 -0.000491 0.000258 0.009577 0.023502 -0.008326 -0.030472 -0.054884 -0.094947 -0.132017 -0.141904 -0.101623 -0.153466 -0.015858 0.000000 0.010059 0.031927 0.019980 -0.019716 -0.006350 -0.009209 -0.010843 -0.017951 -0.025799 -0.023826 -0.012674 0.003735 0.002207 -0.005554 -0.000853 0.000895 0.096091 -0.112118 -0.084582 -0.102153 -0.000792 0.000202 0.025156 0.043548 0.067113
-9999.000000 -9999.000000 -9999.000000 -9999.000000 -9999.000000 -9999.000000 -9999.000000 -9999.000000 -9999.000000 -9999.000000 -9999.000000 -9999.000000 -9999.000000 -9999.000000 -9999.000000 -9999.000000 -9999.000000 -9999.000000 -9999.000000 -9999.000000 -0.001027 -0.000014 0.001022 0.002270 0.001487 -0.030050 -0.046212 -0.079216 -0.122762 -0.161438 -0.126351 -0.167749 -0.014773 0.000000 0.017439 0.059429 0.118927 -0.058645 -0.011033 -0.022802 -0.027932 -0.035334 -0.049669 -0.199528 -0.158199 0.010476 0.017513 0.005326 -0.001034 0.002295 0.015998 0.281650 0.066564 -0.299280 -0.039355 -0.000292 0.000947 0.029112 0.045051
-9999.000000 -9999.000000 -9999.000000 -9999.000000 -9999.000000 -9999.000000 -9999.000000 -9999.000000 -9999.000000 -9999.000000 -9999.000000 -9999.000000 -9999.000000 -9999.000000 -9999.000000 -9999.000000 -9999.000000 -9999.000000 -9999.000000 -9999.000000 -9999.000000 -0.000279 0.000685 0.001996 0.001786 0.011078 0.002635 -0.001383 -0.001339 0.002940 0.013435 -0.086504 -0.017415 0.000015 0.021421 0.052818 -0.084106 -0.139539 -0.166038 -0.026298 -0.030201 -0.026355 -0.024897 -0.012623 -0.096699 -0.212318 -0.183893 -0.010700 -0.000002 0.023294 0.053455 0.320775 0.224633 -0.252820 -0.028311 -0.000224 0.001539 0.029544 0.032194
-9999.000000 -9999.000000 -9999.000000 -9999.000000 -9999.000000 -9999.000000 -9999.000000 -9999.000000 -9999.000000 -9999.000000 -9999.000000 -9999.000000 -9999.000000 -9999.000000 -9999.000000 -9999.000000 -9999.000000 -9999.000000 -9999.000000 -9999.000000 -9999.000000 -0.000011 0.007054 0.211825 -0.001487 -0.002333 -0.001398 -0.001360 0.000079 0.021372 0.013079 0.002231 -0.000718 0.000357 0.023463 0.027467 0.052060 0.043653 -0.018557 -0.005057 -0.002600 0.001754 0.004905 0.005113 -0.029604 -0.029875 0.022232 -0.001757 -0.000033 0.001736 0.026391 0.320179 0.264431 -0.020834 -0.009662 -0.000005 0.016457 0.021013 0.031215
-9999.000000 -9999.000000 -9999.000000 -9999.000000 -9999.000000 -9999.000000 -9999.000000 -9999.000000 -9999.000000 -9999.000000 -9999.000000 -9999.000000 -9999.000000 -9999.000000 -9999.000000 -9999.000000 -9999.000000 -9999.000000 -9999.000000 -9999.000000 -9999.000000 -9999.000000 -0.159938 -0.151303 -0.175231 -0.017232 -0.001557 -0.000079 0.001541 0.023997 -0.000489 -0.000777 -0.001040 0.000520 0.001162 0.020433 0.093068 0.013661 -0.004178 -0.011440 -0.003038 0.005122 0.011151 0.013744 0.008387 -0.145189 -0.017851 -0.003391 -0.000196 0.003308 0.014408 -0.049326 -0.084099 -0.013810 -0.007686 -0.000208 0.000326 0.014130 0.029117
-9999.000000 -9999.000000 -9999.000000 -9999.000000 -9999.000000 -9999.000000 -9999.000000 -9999.000000 -9999.000000 -9999.000000 -9999.000000 -9999.000000 -9999.000000 -9999.000000 -9999.000000 -9999.000000 -9999.000000 -9999.000000 -9999.000000 -9999.000000 -9999.000000 -9999.000000 0.000000 -0.050842 -0.149536 -0.049270 -0.019362 -0.000000 0.012855 0.059300 -0.034763 0.005237 0.030387 -0.000230 0.000512 0.012663 0.043438 0.038413 -0.000003 0.001409 0.002090 0.003620 0.005096 0.005488 0.007942 -0.088633 -0.035185 -0.005303 -0.001359 0.005384 0.003636 0.011014 0.020922 -0.013603 -0.007326 -0.000003 0.005980 0.014448 0.019228
-9999.000000 -9999.000000 -9999.000000 -9999.000000 -9999.000000 -9999.000000 -9999.000000 -9999.000000 -9999.000000 -9999.000000 -9999.000000 -9999.000000 -9999.000000 -9999.000000 -9999.000000 -9999.000000 -9999.000000 -9999.000000 -9999.000000 -9999.000000 -9999.000000 -9999.000000 0.000000 0.004032 -0.005372 -0.023411 -0.008516 -0.000005 0.007516 0.026066 0.139078 0.062094 0.091721 0.087689 0.052105 0.019204 0.020500 0.003323 -0.000089 0.000111 0.000194 0.001093 0.001323 0.000955 0.020580 -0.045536 -0.055154 -0.008594 -0.007983 0.000000 0.013781 0.030018 0.022827 -0.080646 -0.026941 0.000013 0.015792 0.055089 0.518612
-9999.000000 -9999.000000 -9999.000000 -9999.000000 -9999.000000 -9999.000000 -9999.000000 -9999.000000 -9999.000000 -9999.000000 -9999.000000 -9999.000000 -9999.000000 -9999.000000 -9999.000000 -9999.000000 -9999.000000 -9999.000000 -9999.000000 -9999.000000 -9999.000000 -9999.000000 -9999.000000 0.000000 -0.008739 -0.030575 -0.012284 -0.000172 0.000488 0.016274 0.014772 0.001412 0.002297 0.026088 0.017941 0.166940 -0.003694 -0.001213 -0.001337 -0.000144 0.000701 0.002695 0.002891 0.002056 0.010831 0.028498 -0.024704 -0.005285 -0.004493 0.000000 0.013859 0.034318 0.106361 -0.012196 -0.000893 0.000283 0.020550 0.059563 0.339728
-9999.000000 -9999.000000 -9999.000000 -9999.000000 -9999.000000 -9999.000000 -9999.000000 -9999.000000 -9999.000000 -9999.000000 -9999.000000 -9999.000000 -9999.000000 -9999.000000 -9999.000000 -9999.000000 -9999.000000 -9999.000000 -9999.000000 -9999.000000 -9999.000000 -9999.000000 -9999.000000 0.000000 -0.009937 -0.033941 -0.012792 -0.000004 0.016792 0.015231 0.004781 0.001547 0.018097 0.062417 0.076877 -0.181408 -0.034309 -0.000995 -0.000429 0.000679 0.001362 0.004802 0.006772 0.004049 0.001749 0.001116 0.000947 0.027133 0.031042 0.012308 0.004949 0.015457 0.155893 -0.019873 -0.006435 0.000000 0.027236 0.063933 0.048116
-9999.000000 -9999.000000 -9999.000000 -9999.000000 -9999.000000 -9999.000000 -9999.000000 -9999.000000 -9999.000000 -9999.000000 -9999.000000 -9999.000000 -9999.000000 -9999.000000 -9999.000000 -9999.000000 -9999.000000 -9999.000000 -9999.000000 -9999.000000 -9999.000000 -9999.000000 -9999.000000 -9999.000000 -0.037714 -0.046490 -0.014054 -0.000000 0.011869 0.009966 -0.000360 0.000360 0.018344 0.183681 0.000623 -0.009943 -0.014689 -0.001759 -0.002279 0.000781 0.000643 0.011529 0.009206 0.081606 -0.000575 0.000160 0.000755 0.081105 0.061759 0.187718 0.157603 0.635666 0.251174 -0.299625 -0.090918 -0.000530 0.001176 0.015050 0.053266
