use_cases/Flooding_chicago/flooding_data/output/hUx_3180.asc
ncols 337
nrows 393
xllcorner 428428.000000
yllcorner 4602440.000000
cellsize 26.757400
NODATA_value -9999.000000
[rows 156 to 181 of 393, columns 118 to 176 of 337]
0.000000 0.028580 0.452133 0.356849 0.321937 0.224012 0.084678 0.079297 0.204257 0.020507 -0.093673 -0.356089 -0.576616 -0.897710 -0.757190 -0.268775 0.123947 0.182379 0.168070 0.200031 0.167881 0.079654 -0.037288 -0.007893 -0.000671 -0.000350 0.000607 0.009329 0.023014 1.602953 0.942033 0.808419 0.769912 1.211809 1.435564 1.462719 1.132582 1.321896 2.965770 2.810239 4.837135 4.493156 5.511798 5.305257 6.326272 5.878463 5.841815 4.975527 5.275646 4.079908 2.664078 1.795205 1.192382 0.058707 0.025301 0.524480 1.864117 1.701833 1.363410
0.019430 0.605749 1.040977 0.620879 0.490898 0.179475 0.169842 0.211332 0.448831 0.312428 0.152306 -0.117453 -0.312691 -0.345188 -0.156391 -0.007784 0.110611 0.413002 0.472793 0.421077 0.399896 0.113674 -0.006064 -0.000808 -0.000362 0.000046 0.000360 0.010183 0.173170 -0.781814 -0.557506 -0.100285 0.149047 0.824273 1.507695 1.640146 1.572706 2.060536 1.358098 3.228122 4.222249 3.837272 3.931130 4.051866 4.226001 4.215887 3.747907 5.430612 4.657228 3.837123 3.076510 1.864529 2.215315 2.019420 2.734916 3.207853 3.078419 2.605335 1.897768
0.027460 0.263050 0.157024 0.087731 -0.034320 0.000000 0.015261 0.508877 1.061966 0.534598 0.449265 0.388133 0.141297 -0.079270 0.065153 0.426605 1.160773 1.324126 1.442842 1.261988 1.032475 0.508318 -0.022583 -0.000021 0.007829 0.052805 0.010449 0.018361 0.559391 -0.157899 0.287424 0.913227 1.358728 2.360555 2.509949 2.495551 2.448219 2.265540 1.487316 3.198580 6.913601 3.962440 3.434724 3.401389 2.121855 4.052909 4.248703 3.777402 3.563815 2.959750 2.555537 1.809027 2.715264 3.114425 4.008899 3.994660 3.545930 1.014502 1.208893
0.505235 1.153119 0.508277 0.376478 0.026047 0.007604 0.452810 1.037075 1.120245 0.426613 0.282599 0.158260 0.212981 0.431435 0.996498 1.620272 2.406541 3.819415 3.860862 3.725200 3.645035 3.115712 2.441005 0.965439 0.764964 2.647795 2.594978 3.080871 6.025601 5.144955 4.947726 5.013966 4.515345 5.057685 4.417170 3.921653 3.459722 2.803374 4.771567 3.296453 4.783221 1.599982 0.901787 1.609777 1.962836 2.259226 3.514002 3.375849 3.235637 3.084615 3.169689 3.442961 4.125399 3.729486 3.408868 2.929454 2.151766 0.881340 0.873366
0.832444 0.932397 0.499167 0.347496 0.301897 0.301640 0.176831 0.116800 -0.004252 -0.003743 0.003210 0.317783 0.426631 0.705809 1.847224 3.188737 4.035017 6.766673 6.452423 6.868536 6.546154 6.377210 7.356506 6.457120 5.655441 5.684216 5.471493 5.510958 9.577617 8.630075 8.532190 8.282144 7.072741 6.908748 5.384720 4.329490 3.102019 3.558936 3.588392 3.408756 0.982835 -0.000292 0.000104 -0.000289 0.001636 0.004281 1.140089 1.311207 1.424983 2.309189 3.337896 3.668419 3.314207 1.362248 0.735607 0.281873 0.190706 -0.001933 -0.001093
0.340954 1.027399 0.003542 -0.000825 0.062002 0.042936 0.022112 -0.215224 -0.106131 -0.004304 0.005321 0.011838 0.881902 1.671653 3.245376 3.646841 4.618557 6.514316 6.002462 6.132704 6.133839 7.074318 7.586375 7.907849 7.534072 5.940783 5.787751 5.762109 5.436285 7.071002 5.532968 4.710292 4.009823 4.558051 4.512993 4.473345 3.742496 3.625561 3.060266 1.851125 -0.037073 -0.006437 -0.000117 0.000075 0.000248 0.000793 0.037093 0.944176 1.037042 0.568460 0.504419 -0.000924 0.000254 0.000312 -0.029050 -0.042086 -0.094171 -0.026667 -0.006056
0.141274 -0.032871 -0.000331 0.000393 0.091362 0.375548 0.201848 0.094554 0.034797 0.000030 0.029311 0.042908 1.316137 2.128811 3.551050 4.066954 4.926454 4.635597 3.408263 2.971361 3.390632 3.687559 3.879318 4.781593 5.487633 5.628284 5.336400 4.985350 4.421779 3.558828 3.033791 1.316269 1.254699 1.282542 1.490756 1.224587 1.215676 -0.129849 -0.091727 -0.125927 -0.077281 -0.025869 -0.005716 0.000000 0.006570 0.022924 0.040399 0.117799 0.070371 -0.045523 -0.027850 -0.012129 -0.000003 0.011096 0.023214 -0.041938 -0.122384 -0.028037 -0.012536
0.148899 -0.000554 -0.000247 0.000569 0.137719 0.613162 0.213089 -0.591191 -0.084971 0.000801 0.118961 1.198806 2.466028 2.769379 4.034473 4.083655 4.244885 2.969711 1.361580 0.108484 -0.009285 -0.000442 0.000750 0.002209 -0.000935 -0.002270 -0.000909 0.021615 0.023333 0.011391 0.000124 0.043717 -0.323725 -2.739085 -3.053741 -2.393670 -0.026172 -0.009453 -0.009866 -0.062154 -0.057301 -0.022527 -0.006081 0.000000 0.006318 0.019327 0.094787 0.115423 0.020422 -0.020636 -0.020415 -0.008486 -0.000120 0.001077 0.009419 0.055726 -0.036454 -0.037142 -0.009532
0.142527 -0.029459 0.057739 0.162798 0.178553 0.145742 0.103664 -0.018730 0.056905 0.494082 0.978574 2.764745 3.040885 3.142434 3.844823 2.861457 2.388936 0.706562 -0.036433 -0.010769 -0.000103 0.000104 0.009392 0.015831 -0.000871 -0.007363 -0.021125 -0.013091 0.013598 0.011132 0.002281 0.010361 0.037272 -0.205691 -0.332839 -0.099625 -0.014773 -0.004900 0.000005 -0.135714 -0.073995 -0.037074 -0.008262 0.000000 0.003663 0.038229 0.089410 0.033802 0.000088 -0.000517 -0.000039 0.000243 0.001405 0.015561 0.029190 0.097605 -0.001070 -0.050098 -0.021374
-0.133845 -0.123438 0.099632 0.366295 0.445596 0.222084 0.197724 1.077143 1.389607 2.291463 2.832125 4.690741 5.356267 5.082201 6.330497 4.311808 2.740144 -1.308726 -0.007688 -0.003946 -0.000222 0.000222 -0.003315 -0.000345 0.000107 -0.009797 -0.033622 -0.039868 0.010822 0.028359 0.003881 0.001219 0.001072 -0.099078 -0.302789 -0.204912 -0.005685 -0.000326 0.000208 -0.016540 -0.055043 -0.104632 -0.049314 -0.002697 0.002309 0.028741 0.036111 -0.025946 -0.050885 -0.011989 -0.000000 0.006650 0.021332 0.040803 0.007635 0.196030 0.088449 -0.036685 -0.004728
0.393990 0.692894 1.059074 1.450172 1.636678 1.699088 1.417521 2.974859 3.591002 4.584947 5.671306 5.734822 7.090084 7.477120 7.436570 5.842231 2.868665 -0.171315 -0.507868 -0.129868 -0.046367 -0.091209 -0.029212 -0.012670 -0.000130 0.000130 -0.063532 -0.060259 -0.044667 -0.001130 0.000073 0.008685 0.020177 -0.128265 -0.358237 -0.342212 -0.033531 -0.007002 0.000003 -0.024944 -0.010399 -0.069583 -0.046002 -0.000931 0.000470 0.010435 -0.004923 -0.042827 -0.045316 -0.018449 -0.000006 0.009543 0.037506 0.078448 0.553273 0.423238 0.206079 -0.021154 -0.005048
1.880783 2.553110 2.705191 3.194127 3.961063 3.802884 3.697512 3.952313 4.844522 4.694457 4.884341 5.881262 5.714147 7.421953 6.868094 2.996355 0.210754 -0.161804 -0.101363 -0.041630 -0.003453 -0.005819 -0.033786 -0.007238 -0.000360 0.000360 0.009929 -0.007859 -0.068529 -0.015919 -0.000416 0.000350 0.012515 -0.070533 -0.196080 -0.279937 -0.329546 -0.022879 -0.027958 -0.039826 -0.003208 -0.004411 -0.007292 -0.001085 -0.000589 -0.000006 -0.000382 -0.005559 -0.040147 -0.026253 -0.000103 0.001615 0.035223 0.104498 -0.280983 -0.255936 -0.046849 -0.039223 -0.030858
2.439577 3.162898 4.007847 5.008306 5.323110 5.343135 5.368198 4.858274 4.652341 4.377557 4.269118 4.792510 4.436435 4.199256 1.767030 -0.966159 -0.048304 -0.060805 -0.160757 -0.164991 -0.015691 -0.003224 -0.014757 -0.009515 -0.000360 0.000360 0.013925 -0.089437 -0.255765 -0.025476 -0.000907 0.000620 0.012351 0.051416 -0.045455 -0.246224 -0.483669 -0.219442 -0.088831 -0.040095 -0.021874 -0.006822 -0.020253 -0.010192 -0.000572 -0.000326 0.000046 0.000364 0.001262 0.000669 0.000797 0.003970 0.026868 0.044280 0.130060 -0.133206 -0.097636 -0.041156 -0.021529
3.315097 4.138262 4.492440 5.483618 5.569206 5.714694 6.275517 5.144360 4.934643 5.361267 5.057511 5.311024 5.380789 3.661702 2.036062 0.281789 -0.465448 -0.078727 -0.099449 -0.658593 -0.010192 -0.002463 -0.003889 -0.000382 0.000558 0.000010 0.015920 0.027376 -0.102126 -0.016694 -0.000898 0.000248 0.024100 0.107701 0.047022 -0.180090 -0.437193 -0.329494 -0.155631 -0.104622 -0.083232 -0.060318 -0.036320 -0.024406 -0.006229 -0.000000 0.000334 0.000306 0.000845 0.000838 0.000532 0.016968 0.026260 0.046229 0.104005 -0.090176 -0.084145 -0.023411 -0.017923
3.975875 6.285224 6.780372 7.072551 7.993009 7.927923 8.578822 7.490333 7.859945 7.017891 7.776767 5.673001 5.607380 3.360235 2.098986 -0.004510 -0.565370 -0.352643 -0.111886 -0.589865 -0.560485 -0.025842 -0.010310 -0.000012 0.030517 0.029277 0.400155 0.311032 0.081379 -0.438051 -0.030087 0.000000 0.023509 0.066684 0.016075 -0.005428 -0.062321 -0.281801 -0.267522 -0.185888 -0.148270 -0.117813 -0.079613 -0.042183 -0.008320 -0.000008 0.000580 0.000603 0.000646 0.000009 0.011411 0.020804 0.028004 0.084211 0.119144 0.011612 -0.168564 -0.022911 -0.025405
8.160725 9.021988 9.017920 8.356943 8.019455 7.730779 7.976636 7.579785 6.810767 5.495661 4.767830 4.101830 3.450615 2.383708 -0.150665 -0.029613 -0.022774 -0.020050 -0.080845 -0.136227 -0.969087 -0.281503 -0.099611 -0.036838 -0.000001 0.085210 0.371474 0.286821 0.175293 -0.037795 -0.007494 0.000004 0.010277 0.034111 0.096137 0.023295 -0.001774 -0.024008 -0.154105 -0.234090 -0.191196 -0.169023 -0.132443 -0.092464 -0.029759 -0.000422 -0.000101 0.000079 0.000287 0.000387 0.007538 0.009626 0.013845 0.079329 0.161848 0.106915 -0.071211 -0.027569 -0.009131
8.984321 8.174806 7.317866 6.501506 4.464849 4.553885 4.780826 4.643465 3.813701 2.532734 1.604417 0.827342 0.106101 -1.606275 -0.010533 -0.000388 -0.000372 0.000145 0.000492 0.000861 -0.432629 -0.664737 -0.022330 -0.002315 -0.000043 0.002023 -0.075854 -0.223635 -0.055437 -0.006608 -0.000323 0.000216 0.010752 0.037588 0.091273 -0.008081 -0.004899 -0.001753 -0.003909 -0.032174 -0.043675 -0.020515 -0.011517 -0.075870 -0.079895 -0.036247 -0.000473 -0.000973 -0.001222 0.003164 0.002607 0.035947 0.178942 0.060744 0.028101 -0.015837 -0.092822 -0.029359 -0.015096
5.914682 5.067717 3.885367 1.986521 0.992595 1.222245 2.013901 1.852033 1.681172 1.196486 1.088729 0.708518 0.211740 -0.377763 -0.010764 -0.000609 -0.000539 0.000539 0.000609 0.193455 0.819921 -0.122497 -0.037014 -0.024084 -0.000049 0.014160 0.018102 -0.120299 -0.091562 -0.013138 -0.000965 0.000392 0.007144 0.030965 0.035260 -0.077778 -0.046126 -0.009914 -0.000711 -0.001649 -0.020087 -0.009222 -0.001974 -0.004601 -0.008034 -0.012813 -0.005691 -0.005377 -0.001073 0.001361 0.033225 0.074780 0.030057 0.024521 0.002485 -0.011732 -0.073980 -0.031809 -0.022991
2.959729 2.027862 0.736695 0.001779 0.000952 0.192042 0.770641 0.808810 0.864505 0.740402 1.069219 -0.101376 -0.679731 -0.422632 -0.032408 -0.008421 -0.000369 0.000369 0.018221 -0.144882 -0.217562 -0.047513 -0.036070 -0.003545 -0.000632 0.000340 -0.024790 -0.130763 -0.112198 -0.002981 -0.004241 -0.000269 0.001180 0.013141 0.027667 -0.011068 -0.008619 -0.000651 -0.001552 -0.001397 -0.001102 -0.001747 -0.002433 -0.006157 -0.013418 -0.018934 -0.015357 -0.011126 -0.000837 0.000898 0.025239 0.065205 0.011687 0.002043 0.000693 0.008458 0.029498 0.000176 -0.083296
1.189371 0.591947 0.189211 0.020104 -0.020794 -0.186061 -0.280674 -0.123402 -0.001167 0.028657 0.027690 0.016407 -0.220553 -0.520242 -0.019211 -0.005314 -0.000429 -0.000653 -0.002278 -0.132646 -0.077787 -0.044590 -0.041277 -0.038301 -0.009590 -0.000000 0.006388 0.010277 -0.066829 -0.004500 -0.009925 -0.011425 -0.002358 -0.001038 -0.002842 -0.018906 -0.008301 -0.000896 -0.002717 -0.000872 -0.000808 -0.000804 -0.001306 -0.002015 -0.002281 0.000000 -0.000026 -0.000990 -0.000401 0.000412 0.005185 0.001224 -0.000979 -0.000015 0.001118 0.011551 0.018503 0.004368 -0.028843
0.927486 0.215384 -0.076321 0.019868 0.064774 0.061397 -0.213129 -0.345117 -0.212145 -0.020295 -0.009805 0.104878 0.017862 -0.416327 -0.061034 -0.045472 -0.051784 -0.063639 -0.036493 -0.006693 -0.036580 -0.019892 -0.004314 -0.013352 -0.007725 -0.000000 0.009433 0.018325 -0.128968 -0.189313 -0.009941 -0.020754 -0.011527 -0.014727 -0.037983 -0.017379 -0.008261 0.000000 -0.002205 -0.000733 -0.000114 0.000623 0.000303 -0.000819 -0.001585 -0.000664 0.000030 0.004709 0.001566 -0.001619 -0.008636 -0.030034 -0.010959 0.000000 0.013696 0.026370 0.025476 0.023685 0.093627
-0.756404 -0.276202 -0.075371 -0.002881 -0.003017 -0.085752 -0.536836 -0.344079 -0.437499 -0.172555 0.036547 -0.175182 -0.288184 0.020307 0.112938 -0.500037 -0.090339 -0.045055 -0.012715 -0.000475 -0.056425 -0.086541 -0.041246 -0.012977 -0.013087 -0.000000 0.007524 0.024793 0.328885 -0.037043 -0.068328 -0.039514 -0.021684 -0.032459 -0.071539 -0.030332 -0.012008 0.000000 0.000818 0.000318 0.000556 0.000608 0.000233 0.000280 0.000893 0.008505 0.000001 0.145720 1.278278 -0.049965 -0.046926 -0.026316 -0.004434 -0.000440 0.004773 0.028832 0.029849 0.031150 0.139602
-0.082754 -0.061319 -0.091629 -0.006870 -0.008772 -0.169688 -0.718450 -0.770397 -0.623298 -0.376365 -0.071336 -0.434704 -0.639723 -0.531472 -0.634325 -0.873839 -0.079665 -0.040637 -0.019609 -0.008125 -0.016594 -0.041413 -0.029140 -0.084422 -0.021118 -0.000004 0.013098 0.027090 0.020055 0.085736 -0.045795 -0.082817 -0.008656 -0.017449 -0.059499 -0.022463 -0.000827 0.000209 0.002320 0.001097 0.000497 0.096163 0.107818 0.601800 0.781623 0.939043 0.908574 1.291567 1.134106 0.434179 0.229761 -0.027794 -0.017603 -0.000030 0.023722 0.055916 0.110946 0.184119 0.218878
0.085315 -0.044310 -0.174175 -0.001366 0.000989 0.000706 -0.516619 -0.614570 -0.453309 0.140261 0.492149 0.347690 0.073569 -0.401668 -0.829936 -0.169285 -0.022277 -0.037027 -0.028042 -0.010445 -0.003606 -0.013975 -0.048253 -0.025020 -0.023213 -0.000172 0.000488 0.017446 0.637849 0.279039 -0.455483 -0.044986 -0.000745 -0.000642 -0.001040 -0.000163 0.001217 0.021693 0.113428 -0.032128 -0.069773 0.207036 0.593327 0.811269 0.240015 0.421624 0.624603 0.501508 0.305199 0.027235 -0.328327 -0.092791 -0.019850 -0.000644 0.000636 0.010299 0.025276 0.041928 0.046240
0.061811 -0.163588 -0.500629 -0.006318 0.000000 0.008403 0.242393 -0.269042 -0.170513 0.086004 0.394082 0.442998 0.423022 -0.131287 -0.558284 -0.452145 -0.237264 -0.004727 -0.015675 -0.034056 -0.030277 -0.026662 -0.021778 -0.023238 -0.008251 -0.000005 0.007542 0.016623 -0.590856 -0.256948 -0.511821 -0.021626 -0.008059 -0.000473 0.000270 0.004805 0.003304 0.018597 0.568555 0.535384 0.455128 0.464412 0.135990 0.002357 0.001632 0.189217 0.147393 0.038239 -0.270491 -0.274329 -0.326004 -0.076683 -0.027127 -0.001929 0.001012 0.002018 0.016205 0.056985 0.011411
0.143099 -0.154829 -0.640909 -0.003663 0.000000 0.005378 0.015042 0.573867 0.506394 0.469753 0.244769 0.338519 0.320588 -0.006041 -0.027910 -0.094330 -0.172447 -0.263694 -0.366284 -0.054828 -0.045312 -0.035931 -0.011868 -0.001197 -0.000631 0.000291 0.005338 0.036290 -0.035259 -0.136169 -0.024490 -0.019182 -0.012544 -0.000965 0.000000 0.000965 0.029704 0.262116 0.114252 0.093810 0.165378 0.095856 -0.020547 -0.000334 0.000674 -0.211605 -0.294487 -0.337630 -0.581044 -0.646919 -0.602301 -0.020678 -0.002843 -0.002795 0.002347 0.003452 0.031000 0.041148 0.010452
