use_cases/Flooding_chicago/flooding_data/output/hUx_1680.asc
ncols 337
nrows 393
xllcorner 428428.000000
yllcorner 4602440.000000
cellsize 26.757400
NODATA_value -9999.000000
[rows 208 to 233 of 393, columns 236 to 294 of 337]
0.000605 0.002438 0.007601 0.007571 0.022792 0.015361 0.869640 0.255106 1.377057 2.675797 1.662539 1.597472 1.463576 2.842014 2.636375 2.212168 1.626617 0.715307 0.555880 0.473199 0.318850 0.959994 0.945834 1.035774 0.984034 0.684606 1.309500 1.422540 0.836823 0.368352 0.264053 0.058924 -0.205669 -0.036232 0.000000 0.010196 0.021748 0.565002 0.442361 0.465433 0.518424 0.691369 0.371742 0.023438 -0.012883 -0.042630 -0.000038 0.045816 0.217166 0.075946 0.084833 0.375646 0.635873 0.632384 0.682877 0.691127 0.531945 0.327264 0.754986
0.020210 -0.077573 0.000289 0.002728 0.034420 0.349662 1.216230 1.338440 2.478546 2.349622 2.634320 1.777002 1.581147 2.576724 2.144731 1.661313 1.908774 1.341238 1.197352 1.334186 0.495311 1.233100 1.108867 1.064287 0.919321 1.710007 1.418755 1.847321 1.135709 0.711037 0.511530 0.128659 -0.000960 0.000872 0.001998 0.050075 0.235539 0.099575 0.216972 0.394839 0.443339 0.238715 -0.080219 -0.186319 -0.103957 -0.070368 -0.000050 0.011534 0.004773 0.150502 0.078893 0.008536 0.004681 -0.001016 -0.000661 0.000501 0.000868 0.000572 0.016204
0.403918 0.499312 0.626677 0.615626 1.724904 3.247292 2.648792 3.596834 2.960593 2.493338 2.351615 1.444665 0.217405 0.659154 0.556341 0.902130 1.021717 1.284144 1.494201 1.974400 2.440741 1.760824 1.833432 1.341104 0.957796 1.620433 1.282007 1.069450 0.810339 1.058621 0.391804 0.370422 -0.005306 -0.000626 0.005619 0.075107 0.350716 0.179243 0.097256 0.011543 -0.177152 -0.222073 -0.161761 -0.155759 -0.090992 -0.076161 -0.000326 0.000208 0.002461 0.002482 -0.005685 -0.016543 0.003643 -0.000955 -0.000559 0.000223 0.000777 0.000896 0.007247
2.754936 2.275261 2.685174 2.885418 2.532943 2.921056 2.195735 1.817279 1.400397 1.645071 2.118332 1.029449 1.005200 0.845069 0.078419 0.051879 0.036257 0.319746 0.419641 0.528386 0.341164 0.180410 0.117250 0.428099 0.345776 0.817666 0.731297 0.715200 0.576360 0.349887 0.075568 -0.004622 -0.006654 -0.000270 0.000473 0.004982 0.139498 0.409172 0.099292 -0.186183 -0.183842 -0.147951 -0.132038 -0.174492 -0.167445 -0.146349 -0.037833 0.000003 0.004396 0.005882 0.004270 -0.156633 -0.012393 -0.001545 -0.000411 0.000871 0.000952 0.000931 0.007260
1.928231 1.511074 0.772250 0.686472 0.471351 0.618595 0.432707 0.405358 0.450589 0.703227 0.486092 0.912777 0.478215 0.413320 0.080171 0.049027 0.022172 0.169982 0.057886 0.042361 -0.000085 0.000409 0.037236 0.243060 0.932137 0.682359 0.715019 0.718661 0.612754 0.426496 0.214554 -0.030065 -0.000965 -0.000000 0.000965 0.126162 0.116197 0.093164 0.085937 0.053457 0.311028 0.155154 0.187463 0.256535 0.137211 -0.001306 -0.005561 0.000491 0.055165 0.054062 0.055144 0.004651 -0.001596 -0.000516 0.000275 0.004725 0.006574 0.005844 0.006535
1.760876 1.391689 0.738446 0.689067 0.573350 0.389513 0.586375 0.447469 0.449468 0.407888 0.208706 0.219086 0.141114 0.165236 0.052145 0.579589 0.524170 0.751381 0.490731 0.183450 0.001096 0.086536 0.078636 0.136428 0.122208 0.303902 0.492380 0.555576 0.454876 0.363657 0.000979 -0.004239 -0.000473 0.000270 0.007880 0.184848 0.134980 0.157731 0.174540 1.000552 0.803357 0.845142 0.577915 0.784519 0.425017 0.297299 -0.003299 0.000459 -0.003592 -0.004101 0.000865 0.006592 0.003527 0.002887 -0.002969 -0.000667 0.001191 0.001982 -9999.000000
1.697627 1.258266 1.369848 0.696075 0.593482 0.475581 0.301751 0.448388 0.256086 0.011084 0.010430 0.001803 0.102723 0.178954 0.037911 0.299684 0.236985 0.237978 0.158533 0.204656 0.000038 0.135286 0.528163 1.323879 0.833249 0.711805 0.761961 0.757478 0.563811 0.433883 0.004385 0.001345 0.019259 0.000009 0.278647 0.643541 1.098700 1.466248 1.490592 1.543276 1.198383 1.268765 0.946460 1.125584 0.554147 0.451907 -0.003413 0.002269 0.003428 0.003964 0.002603 0.002579 -9999.000000 -9999.000000 -9999.000000 -9999.000000 -9999.000000 -9999.000000 -9999.000000
-0.181465 0.068432 0.376981 0.393209 0.397113 0.350868 0.287616 0.188163 0.106712 0.059394 -0.001061 0.000005 0.001027 0.048992 0.071686 0.130953 0.922975 1.074314 1.337127 1.033728 0.572977 0.415261 0.553153 1.156200 0.474553 0.573237 0.325108 0.029895 0.389924 0.444284 0.492687 0.542841 0.733946 0.841890 0.694688 1.012908 0.715476 0.883140 0.744306 0.160024 0.817103 0.712577 0.868552 0.594938 0.575506 0.134525 -0.029829 -0.000222 0.000222 -9999.000000 -9999.000000 -9999.000000 -9999.000000 -9999.000000 -9999.000000 -9999.000000 -9999.000000 -9999.000000 -9999.000000
0.035572 0.152050 0.144478 0.173322 0.184554 0.178532 0.158849 0.126518 0.112330 0.036992 -0.010289 0.000000 0.009531 0.051447 0.103215 0.119898 0.040909 0.087696 0.559940 0.420042 0.402811 0.305050 0.269690 0.420194 1.057128 0.592102 0.434557 0.028374 0.011177 0.468399 0.486779 0.517569 0.660942 0.789827 1.372566 0.903966 0.561715 0.365418 0.215251 0.161152 0.731481 0.715171 0.619294 0.613776 0.216592 0.005436 0.001491 0.003509 -9999.000000 -9999.000000 -9999.000000 -9999.000000 -9999.000000 -9999.000000 -9999.000000 -9999.000000 -9999.000000 -9999.000000 -9999.000000
0.085077 0.047723 0.018272 0.008890 0.012308 0.070857 0.036634 0.003931 -0.018819 -0.001454 -0.002563 0.000653 0.002424 -0.052496 -0.053988 -0.000360 0.000360 0.042268 0.499939 0.331252 0.159841 0.214155 0.277754 0.137648 0.059508 0.089262 -0.000006 -0.000009 0.000741 0.000919 0.149824 0.158920 0.167630 0.008230 -0.000825 -0.048849 -0.290823 -0.195729 0.120221 1.218172 1.170816 0.781226 0.595553 0.210984 0.001472 0.003501 -9999.000000 -9999.000000 -9999.000000 -9999.000000 -9999.000000 -9999.000000 -9999.000000 -9999.000000 -9999.000000 -9999.000000 -9999.000000 -9999.000000 -9999.000000
0.191177 -0.001730 0.000649 0.003067 0.069590 0.090768 -0.053066 -0.130743 -0.178718 -0.215298 -0.001316 -0.000985 -0.036498 -0.270033 -0.250406 -0.000360 0.000360 0.106283 0.850586 0.022617 0.138940 0.286566 0.308598 0.170201 0.093002 0.045869 0.325140 0.004059 0.001747 0.001250 0.000764 0.108782 0.114508 0.075190 0.026891 0.007149 -0.090484 0.053729 0.163044 0.549479 0.251470 -0.007705 -0.458424 -0.083812 -0.000208 0.000326 -9999.000000 -9999.000000 -9999.000000 -9999.000000 -9999.000000 -9999.000000 -9999.000000 -9999.000000 -9999.000000 -9999.000000 -9999.000000 -9999.000000 -9999.000000
0.010474 0.005285 0.005552 0.008729 0.044570 0.027307 0.017929 -0.156323 -0.242405 -0.329127 -0.347903 -0.212812 -0.034698 0.015379 0.091271 0.379649 0.596015 1.307196 0.866174 0.606640 0.079870 0.065492 0.075472 0.190304 0.763937 0.841063 1.073422 1.126596 1.022658 0.887146 0.802078 1.612447 0.393159 0.002589 0.001037 0.000898 0.009155 0.228140 0.198388 0.000255 0.139458 0.165739 0.223169 0.207157 -0.000003 -9999.000000 -9999.000000 -9999.000000 -9999.000000 -9999.000000 -9999.000000 -9999.000000 -9999.000000 -9999.000000 -9999.000000 -9999.000000 -9999.000000 -9999.000000 -9999.000000
0.008990 0.060322 0.015504 0.012587 0.017301 0.013662 0.038306 0.020266 0.024797 -0.001640 -0.000769 -0.047622 -0.154152 -0.097280 0.127695 0.316261 0.466108 0.366730 0.895980 0.005251 0.015853 0.007094 0.062502 0.185775 0.201064 -0.051924 0.000722 0.000513 0.342938 0.374599 0.476256 0.927762 0.741687 -0.000578 0.000106 0.000724 0.008586 1.206061 0.534795 0.004824 0.348013 0.366217 0.440126 0.358280 -9999.000000 -9999.000000 -9999.000000 -9999.000000 -9999.000000 -9999.000000 -9999.000000 -9999.000000 -9999.000000 -9999.000000 -9999.000000 -9999.000000 -9999.000000 -9999.000000 -9999.000000
0.012789 0.002921 0.001365 0.016670 0.025823 0.029880 0.018251 0.008847 0.010605 0.000891 0.001570 0.057211 0.407708 0.087082 0.027542 0.050925 0.000296 0.300963 0.232266 0.000019 0.004044 0.002819 0.046231 0.099713 0.137013 0.050624 -0.001383 0.000119 0.002617 0.002940 0.021354 0.015246 1.022516 1.070978 1.363551 1.798928 3.116798 2.413213 1.923309 1.981971 0.932605 0.707849 0.620145 0.000000 -9999.000000 -9999.000000 -9999.000000 -9999.000000 -9999.000000 -9999.000000 -9999.000000 -9999.000000 -9999.000000 -9999.000000 -9999.000000 -9999.000000 -9999.000000 -9999.000000 -9999.000000
0.209333 -0.000371 0.000558 0.014750 0.027807 0.034610 0.009673 0.001096 -0.000208 0.000326 0.015644 0.015463 0.087913 0.782537 0.951905 0.201867 0.431814 0.592864 -0.000356 0.000563 0.076052 0.095178 0.075965 0.039631 0.093995 0.142874 -0.017690 -0.000191 0.000554 0.010715 0.122019 0.057231 0.369774 1.574432 1.442564 1.679517 1.470197 0.951671 0.816687 0.666010 0.694140 0.325116 0.000859 -9999.000000 -9999.000000 -9999.000000 -9999.000000 -9999.000000 -9999.000000 -9999.000000 -9999.000000 -9999.000000 -9999.000000 -9999.000000 -9999.000000 -9999.000000 -9999.000000 -9999.000000 -9999.000000
0.119413 0.057401 0.000020 -0.002326 -0.002029 -0.000326 0.000208 0.032248 -0.000003 0.025544 0.039619 0.042525 0.030916 0.324232 0.725342 0.373885 0.091450 -0.033611 -0.000468 0.001653 0.017422 0.043354 0.054424 0.043043 0.101211 0.056288 -0.000085 0.000929 0.001359 0.022365 0.181630 0.082281 0.510573 1.433942 0.960424 0.214802 0.141760 0.058385 0.142535 0.106973 0.253442 0.190005 0.000000 -9999.000000 -9999.000000 -9999.000000 -9999.000000 -9999.000000 -9999.000000 -9999.000000 -9999.000000 -9999.000000 -9999.000000 -9999.000000 -9999.000000 -9999.000000 -9999.000000 -9999.000000 -9999.000000
0.157487 0.129700 0.053766 0.034341 0.024261 0.017903 0.000003 0.125315 0.243994 0.253115 0.085852 0.083563 0.077000 0.581376 0.594820 0.393033 0.206459 -0.001921 0.001558 0.004425 0.002488 0.004457 0.021643 0.043757 0.049640 0.030254 0.012247 0.004059 0.034799 0.024485 0.239335 1.432703 2.396357 0.808645 0.492733 0.286760 -0.000632 0.001218 0.010112 0.453899 0.463029 0.144405 0.001890 -9999.000000 -9999.000000 -9999.000000 -9999.000000 -9999.000000 -9999.000000 -9999.000000 -9999.000000 -9999.000000 -9999.000000 -9999.000000 -9999.000000 -9999.000000 -9999.000000 -9999.000000 -9999.000000
0.318091 0.253681 0.309533 0.285085 0.310872 0.433334 0.501309 0.566079 0.616699 0.668544 0.747175 0.899005 1.211383 1.204986 0.998514 -0.003365 -0.002089 0.003444 0.009678 0.008808 0.021894 0.036728 0.009298 0.082462 0.091496 0.059079 0.160059 0.136117 0.091578 0.045012 0.252914 1.146049 1.500544 0.351711 0.002054 -0.000305 -0.000926 0.002888 0.002179 0.041886 0.053199 -0.096921 0.000089 -9999.000000 -9999.000000 -9999.000000 -9999.000000 -9999.000000 -9999.000000 -9999.000000 -9999.000000 -9999.000000 -9999.000000 -9999.000000 -9999.000000 -9999.000000 -9999.000000 -9999.000000 -9999.000000
0.085128 0.110581 0.198929 0.279391 0.290125 0.373021 0.464293 0.383559 0.430197 0.457312 0.723552 0.775808 1.120129 0.826530 0.035012 0.011768 0.009683 0.017775 0.019407 0.014407 0.004904 0.010773 0.005812 0.108214 0.119722 0.071179 0.124036 0.101452 0.058977 0.025268 0.233020 0.253999 0.230941 0.109662 -0.000634 -0.000295 0.000017 0.001306 0.002082 0.016759 0.069649 0.000155 -9999.000000 -9999.000000 -9999.000000 -9999.000000 -9999.000000 -9999.000000 -9999.000000 -9999.000000 -9999.000000 -9999.000000 -9999.000000 -9999.000000 -9999.000000 -9999.000000 -9999.000000 -9999.000000 -9999.000000
0.239887 0.000748 0.066201 0.124356 0.254363 0.326270 0.372258 0.406888 0.410228 0.396517 0.539413 0.425085 0.412765 0.032273 0.004475 -0.007236 0.014218 0.029158 0.027154 0.012984 0.046386 0.081275 0.177533 0.105370 -0.000420 0.000361 0.008361 0.121440 0.488573 0.378844 0.271416 0.123218 -0.002949 -0.003396 -0.000847 -0.000025 0.000829 0.007138 0.006239 0.012472 0.007085 0.003290 -9999.000000 -9999.000000 -9999.000000 -9999.000000 -9999.000000 -9999.000000 -9999.000000 -9999.000000 -9999.000000 -9999.000000 -9999.000000 -9999.000000 -9999.000000 -9999.000000 -9999.000000 -9999.000000 -9999.000000
0.030738 0.010416 0.002721 0.160186 0.684890 -0.017230 -0.041917 0.013326 0.094202 0.608289 0.539995 0.380106 0.271907 -0.000248 0.000080 0.001093 0.064439 0.053933 0.031911 0.045411 0.022043 0.023453 0.009671 0.073697 -0.001021 0.000743 0.000863 0.020164 0.012957 0.047644 -0.075474 -0.065736 -0.002856 -0.005771 -0.001600 -0.000171 0.001583 0.011071 0.009223 0.014941 0.007790 0.003052 -9999.000000 -9999.000000 -9999.000000 -9999.000000 -9999.000000 -9999.000000 -9999.000000 -9999.000000 -9999.000000 -9999.000000 -9999.000000 -9999.000000 -9999.000000 -9999.000000 -9999.000000 -9999.000000 -9999.000000
0.004116 0.001827 0.000881 0.070710 0.171812 0.005735 0.002604 0.345226 0.107104 0.057645 0.035584 0.034307 0.023900 -0.000360 0.000360 0.010649 0.180201 -0.000121 0.033746 0.086314 0.060521 0.020602 0.007532 0.121320 0.017413 0.000032 0.006700 0.078583 0.039164 0.532464 0.471924 0.238855 0.110977 -0.047147 -0.000962 -0.000483 0.000418 0.000856 0.000823 0.003011 -9999.000000 -9999.000000 -9999.000000 -9999.000000 -9999.000000 -9999.000000 -9999.000000 -9999.000000 -9999.000000 -9999.000000 -9999.000000 -9999.000000 -9999.000000 -9999.000000 -9999.000000 -9999.000000 -9999.000000 -9999.000000 -9999.000000
-0.000115 0.000530 0.159957 0.146618 0.099214 0.055873 0.101945 0.107892 0.064435 0.052341 0.046974 0.051742 0.040089 -0.000360 0.000360 0.010714 0.011939 -0.005027 0.000000 0.026234 0.575438 1.052230 1.491085 2.115952 2.484540 2.449376 3.108881 2.560062 2.163101 2.762384 2.079977 1.840465 0.911093 0.810946 0.020620 -0.071341 -0.008915 -0.000282 0.000425 -9999.000000 -9999.000000 -9999.000000 -9999.000000 -9999.000000 -9999.000000 -9999.000000 -9999.000000 -9999.000000 -9999.000000 -9999.000000 -9999.000000 -9999.000000 -9999.000000 -9999.000000 -9999.000000 -9999.000000 -9999.000000 -9999.000000 -9999.000000
0.228402 0.265127 0.286178 0.233845 0.173842 0.099036 0.046752 -0.067465 -0.217082 -0.148145 -0.023827 0.095988 0.083250 -0.001125 0.000212 0.001276 0.011057 0.003962 0.000000 0.012149 0.583057 0.822198 0.956638 1.276725 1.604244 1.723292 2.711383 3.385134 2.477846 3.180851 1.894763 1.856726 1.160369 1.245571 1.107599 1.405002 -0.000403 -9999.000000 -9999.000000 -9999.000000 -9999.000000 -9999.000000 -9999.000000 -9999.000000 -9999.000000 -9999.000000 -9999.000000 -9999.000000 -9999.000000 -9999.000000 -9999.000000 -9999.000000 -9999.000000 -9999.000000 -9999.000000 -9999.000000 -9999.000000 -9999.000000 -9999.000000
0.462464 0.196419 0.255677 0.235363 0.191364 0.094600 0.274553 0.244554 0.281098 0.241160 0.264165 0.037787 -0.000488 0.000215 -0.027949 -0.028877 0.224705 0.134718 0.107629 0.305241 0.300195 0.155634 0.245633 0.375307 0.277638 0.104943 0.138678 1.217530 0.904022 1.129851 0.755842 1.637523 1.033660 1.218670 1.122275 -9999.000000 -9999.000000 -9999.000000 -9999.000000 -9999.000000 -9999.000000 -9999.000000 -9999.000000 -9999.000000 -9999.000000 -9999.000000 -9999.000000 -9999.000000 -9999.000000 -9999.000000 -9999.000000 -9999.000000 -9999.000000 -9999.000000 -9999.000000 -9999.000000 -9999.000000 -9999.000000 -9999.000000
0.806093 0.187374 0.253186 0.225299 0.186164 0.487985 1.068632 0.732800 0.599859 0.570993 0.121345 -0.000137 0.000553 0.241984 0.451279 0.423484 0.732752 0.514069 0.146035 0.114190 0.051541 0.255881 0.281794 0.393913 0.313385 0.133280 0.121052 0.057304 0.345350 0.026951 0.022471 0.565280 0.752562 1.050513 1.023650 -9999.000000 -9999.000000 -9999.000000 -9999.000000 -9999.000000 -9999.000000 -9999.000000 -9999.000000 -9999.000000 -9999.000000 -9999.000000 -9999.000000 -9999.000000 -9999.000000 -9999.000000 -9999.000000 -9999.000000 -9999.000000 -9999.000000 -9999.000000 -9999.000000 -9999.000000 -9999.000000 -9999.000000
