use_cases/Flooding_chicago/flooding_data/output/hUx_3300.asc
ncols 337
nrows 393
xllcorner 428428.000000
yllcorner 4602440.000000
cellsize 26.757400
NODATA_value -9999.000000
[rows 156 to 181 of 393, columns 177 to 235 of 337]
1.821612 1.847485 1.521252 1.464244 1.325641 1.254714 1.079715 2.527950 1.967904 1.711490 0.965416 -0.045554 -0.000045 -0.000569 -0.007666 -0.003229 -0.001869 0.000000 0.001174 0.700118 1.879080 1.641210 0.589151 -0.000044 -0.000151 -0.004181 -0.003476 -0.000271 -0.000386 -0.000081 -0.000008 0.000008 0.002109 0.004009 0.217256 0.215373 0.110730 0.224671 1.259758 0.898540 0.510437 0.215838 0.079105 0.073056 -0.015738 -0.000547 -0.000117 0.000039 0.000799 0.012257 0.019496 0.014560 0.001237 -0.040908 -0.448007 -0.589802 -0.043777 -0.001151 -0.000000
2.050611 1.555675 2.261129 1.902868 1.721143 1.431674 0.887379 1.133366 -0.045123 -0.782971 -2.108203 -0.044718 -0.001372 -0.004636 -0.014791 -0.008914 -0.004099 0.000000 0.001174 0.426553 0.663713 0.653258 -0.007062 -0.000020 -0.000020 -0.000010 -0.000140 -0.000494 -0.003086 -0.000595 -0.000024 0.000024 0.001955 0.003713 0.281739 0.175700 0.131162 0.210215 -0.321229 -0.820079 -1.262086 -1.701690 -1.400747 -0.742619 -0.275496 -0.006400 -0.000235 0.000101 0.007407 0.019355 0.002401 0.008147 0.016030 0.754664 0.462040 0.233937 -0.024521 0.000000 0.000678
1.914214 2.850826 0.809624 0.637670 0.734245 0.855973 0.255156 -0.662282 -0.722880 -0.479917 -0.817642 -0.172399 -0.128437 -0.026182 -0.009223 -0.000387 -0.000348 0.000444 0.020301 0.616865 0.804694 0.792037 -0.002625 -0.000505 0.000000 0.000991 0.004687 0.049763 -0.051887 -0.004517 -0.000013 0.000013 0.005499 0.606876 1.117491 0.335497 0.273286 0.379681 0.111390 -0.353487 -0.943080 -0.978287 -0.639954 -0.482765 -0.138449 -0.009119 -0.000186 0.000038 0.000089 0.000226 0.000762 0.002121 0.009149 0.346489 0.895200 0.373395 -0.003743 -0.000327 0.000114
0.443507 0.121644 0.027333 0.098751 0.178056 0.065847 -0.000000 0.003095 0.931126 0.438844 -0.046330 -0.004406 -0.007691 -0.000234 -0.000508 -0.000213 -0.000055 0.000190 0.020150 0.182959 0.037120 -0.086546 -0.014722 -0.002044 -0.000005 0.000068 0.001992 0.027696 -0.000104 -0.000272 0.000001 0.000015 0.003514 0.673622 0.638805 0.564077 0.332938 0.237697 0.192618 0.094506 0.244372 1.231025 1.034564 0.980713 0.582487 -0.010165 -0.000075 -0.000049 0.000030 0.000047 0.009013 0.026864 0.007667 0.176476 0.192938 0.184540 -0.000069 -0.000008 0.011789
-0.000319 -0.000001 -0.001345 -0.026160 -0.035918 -0.003070 0.000000 0.001611 0.053743 -0.017399 -0.001050 0.000658 0.000691 -0.000023 0.000025 0.018657 0.033969 0.030517 0.016677 -0.040890 -0.382695 -0.674662 -1.426975 -0.004454 -0.000999 0.000000 0.002889 0.044333 0.009247 0.004362 0.000900 0.000190 0.009025 0.560740 0.836959 0.715720 0.857577 0.328392 0.171313 0.110418 0.477616 1.859267 1.064563 0.253570 -1.359704 -0.004324 -0.001643 -0.000064 0.000049 0.002174 0.004031 0.527165 0.507560 0.429839 0.260304 -0.000418 -0.000206 -0.000014 0.110371
-0.000129 -0.000029 -0.003953 -0.007106 -0.053272 -0.006506 0.000000 0.002254 0.045037 0.055257 0.003399 0.008398 0.002479 0.000001 0.000138 0.003555 0.080020 0.207669 0.155200 1.474825 1.135890 1.520427 1.877089 0.920378 0.002904 -0.000030 -0.000083 0.003441 0.002194 0.001281 0.000430 0.004699 0.744665 1.582832 1.321720 0.997764 0.294218 0.176720 0.095616 0.076882 0.693773 2.158133 1.351012 -0.708727 -0.004718 -0.001997 -0.001974 -0.000098 0.000062 0.000081 0.002435 0.460394 0.672634 0.522904 0.135428 -0.026791 -0.119936 -0.272625 -0.090462
-0.000678 -0.001101 -0.001789 -0.002550 -0.022840 -0.004415 0.000000 0.001504 0.016961 -0.016283 0.024483 0.030460 0.007704 0.001287 0.006884 0.014442 0.008093 0.000458 0.006620 -0.511581 -0.774661 -0.804064 -0.837691 -0.280184 -0.097371 0.029327 -0.013068 0.014111 0.068262 0.087127 0.064784 0.154501 0.885721 0.555007 0.003829 0.000577 0.000128 0.000000 0.046810 0.391425 1.054242 1.933852 2.031867 -0.158610 -0.001400 -0.000122 -0.000132 -0.000038 0.000005 0.000038 0.004375 0.344459 0.440679 0.403205 0.082427 -0.060216 -0.090908 -0.040971 0.220627
-0.000001 0.000300 0.000461 -0.000545 -0.030210 -0.005632 0.000010 0.000108 0.001461 -0.006964 -0.032480 -0.000094 -0.000152 0.000086 0.000135 0.000085 0.000073 0.003217 0.016611 -0.289743 -0.789067 -0.841091 -0.709774 -0.464589 -0.266176 -0.031567 0.074056 0.091674 0.123557 0.152931 0.127022 0.907820 2.062468 0.719159 -0.000659 -0.004592 -0.001045 0.000051 0.002446 0.532743 1.036512 1.211241 0.173497 -0.001788 0.000872 0.001813 0.000243 -0.000033 0.000001 0.000038 0.010061 0.633530 0.726858 0.606064 0.564843 0.524334 0.427170 0.656894 0.771318
-0.000050 -0.000069 -0.001203 -0.001010 0.000842 0.000504 0.000079 0.010515 0.433338 -0.135371 -0.319936 -0.264337 -0.000020 -0.002168 -0.000063 -0.000054 0.000046 0.002659 0.004973 -0.371521 -0.512996 -1.249724 -1.502580 -0.951104 -0.591518 -0.153247 0.056860 0.181414 0.131034 0.157626 0.132295 -0.347347 -0.263892 -0.210775 -0.010581 -0.001676 0.000000 0.001995 0.003638 0.714518 0.421545 0.084119 0.038500 0.016872 0.014647 0.357763 0.834105 0.411783 0.002538 0.000603 0.459994 1.051155 1.270294 1.147794 0.968936 0.705758 0.774096 0.870836 0.946871
-0.000777 -0.000079 -0.002287 -0.003371 -0.000012 0.000079 0.000741 0.021149 0.442319 -0.015330 -0.429710 -0.639502 -0.093764 0.014421 0.073051 0.078277 0.000426 0.005757 0.007153 -0.455955 -0.243288 -0.217713 -0.319308 -0.232015 -0.322489 -0.048046 0.163838 0.292967 0.147231 0.146156 0.101731 0.028407 -0.661954 -0.371952 -0.020298 -0.000039 0.000027 0.001540 0.712012 0.590505 0.542189 0.364951 0.187574 0.000004 0.029309 0.222011 -0.257614 -0.167008 -0.058430 0.044097 0.458375 0.598357 0.472834 0.461136 0.313142 0.258571 0.238800 0.280287 0.434732
-0.000811 -0.000023 0.000019 -0.000218 0.001179 0.001930 0.003502 0.009988 0.025420 0.427463 0.763566 0.020304 -0.157616 -0.288568 -0.189904 -0.026718 0.000093 0.008504 0.026069 -0.500072 -0.183854 0.106220 0.158577 0.203986 0.076477 -0.084949 -0.212194 -0.376118 -0.015785 -0.000023 0.000014 0.001601 -0.195956 -0.250740 -0.044021 -0.000010 0.000011 0.003515 1.010560 0.984680 0.433032 0.004656 0.001019 0.000143 0.005024 0.020519 -0.082597 -0.060717 0.075437 0.186248 0.613629 0.630922 0.216166 0.166025 0.151278 0.139195 0.167934 0.245918 0.417469
-0.004244 -0.000016 0.000031 0.008993 0.020341 0.002514 0.003265 0.016347 0.043680 0.107682 0.024588 -0.000012 0.000015 0.002542 -0.099695 -0.137149 0.000003 0.015110 0.019978 -0.058136 0.517475 0.763995 0.487847 0.349304 0.246176 0.076226 -0.143769 -0.362751 -0.031207 -0.000568 0.000034 0.003115 0.064557 -0.081713 -0.308941 0.003320 0.451263 0.896444 1.245305 1.043345 0.336363 -0.010869 0.000000 0.002174 0.001322 0.000351 0.003911 0.279452 0.305911 0.316124 0.802596 0.514444 -0.259885 -0.396136 -0.425892 -0.274598 -0.060084 0.211564 0.391434
-0.002881 -0.000000 0.002379 0.011059 0.000740 0.000079 0.005271 0.018776 0.012128 -0.007434 -0.002703 -0.000010 0.000031 0.004067 0.010339 0.005587 0.021970 0.007819 0.649788 3.158810 1.870330 1.285406 -0.033414 0.000000 -0.000996 -0.000483 -0.004320 -0.043091 -0.062377 -0.011724 0.000000 0.000505 0.134273 0.755484 1.048968 1.517139 0.904720 0.865862 0.703836 0.318860 0.142126 -0.008583 -0.010748 -0.004334 -0.000059 0.000087 0.002717 0.025665 0.210794 0.019970 -0.333152 -0.513672 -0.032208 0.008346 0.261096 0.301652 0.413288 0.563579 0.521181
-0.002253 -0.000018 0.000025 0.000026 -0.000021 0.000011 0.001450 0.004591 0.005015 0.000216 0.000113 0.000361 0.000244 0.003005 0.006452 0.051523 0.000012 0.001540 0.294106 0.772654 0.900335 -0.208744 -0.008623 0.000004 -0.000045 -0.000170 -0.000824 0.003142 0.055043 0.018692 0.004482 0.463873 1.475160 1.965625 0.966863 0.463247 0.010041 0.015080 0.123026 0.061529 -0.035005 -0.010491 -0.012651 -0.007876 -0.000103 0.000305 0.005656 0.009098 0.044911 -0.035892 -0.030846 -0.423256 -0.139805 -0.000020 0.000141 0.000106 0.072294 0.329733 0.581081
-0.002992 -0.000003 0.002423 0.000184 -0.001607 0.000000 0.000505 0.002217 0.003022 0.000350 0.000996 0.002810 0.000422 0.004095 0.007655 0.001232 0.000403 0.000138 0.309009 0.996404 0.626640 0.101061 -0.005026 0.000306 0.000082 -0.000007 0.000012 0.059145 0.349907 1.063130 1.075989 0.998560 0.816287 0.643732 0.212403 -0.015952 0.001453 0.003234 -0.404559 -0.377381 -0.494380 -0.030953 -0.000487 -0.000250 0.000671 0.000740 0.003762 0.009373 0.001869 0.000586 0.021868 -0.310490 -0.449540 -0.001009 -0.000039 0.000027 0.007162 0.876359 0.924983
-0.000136 -0.000110 0.000167 0.000678 0.000624 0.000167 0.000107 0.002685 0.004543 0.006059 0.004657 0.019572 0.000006 0.002873 0.006348 0.032716 0.007800 0.002519 0.572550 0.506311 0.470609 0.288569 -0.058257 -0.000376 -0.000057 0.000027 0.000054 0.118133 0.562597 1.405744 2.499190 0.931479 0.467336 0.159603 0.042730 0.011706 0.019434 0.199908 0.640785 0.134041 -0.448057 -0.050097 -0.000935 0.000512 0.001302 0.000549 0.007023 0.527575 -0.000023 0.000206 0.000117 -0.202472 -0.345202 -0.365075 -0.033433 0.000000 0.024728 3.052237 1.437278
-0.002430 -0.000090 0.000105 0.001389 0.000767 0.001926 0.007572 0.008412 0.008269 0.009523 0.001576 -0.004313 0.000000 0.007111 0.030875 0.401033 0.531195 2.471403 2.840455 2.206828 2.062533 0.869047 -0.144839 -0.007191 -0.001243 0.000000 0.000505 0.381443 0.873842 0.911822 0.553571 -0.000021 -0.000013 0.000087 0.000251 0.004014 0.137721 0.347326 1.030880 0.377063 -0.377270 -0.044984 -0.000230 0.000277 0.001139 0.000481 -0.453154 -0.621259 -0.320276 -0.000011 -0.002332 -0.402435 -1.002603 -1.916988 -0.594443 0.000365 0.656702 3.467287 1.424204
-0.005039 -0.001807 0.000003 0.003550 0.007503 0.012022 0.008662 0.033691 0.201381 0.931966 0.993380 0.698678 -0.000011 0.000323 0.495190 0.487165 0.628314 2.188272 2.626862 1.791109 0.707162 0.204713 -0.091222 -0.000053 0.000044 0.004470 0.005990 0.383457 0.625779 0.332563 -0.001649 -0.000008 0.000316 0.001670 0.003035 0.015846 0.255800 0.377843 0.346202 0.189644 0.089968 -0.013194 -0.000063 0.000325 0.016053 0.007598 0.736133 1.092350 0.893978 0.540967 0.488361 0.252181 -0.020335 -0.228991 0.156698 0.514148 1.916262 1.851600 1.594318
-0.008891 -0.001497 0.000000 0.002765 0.007115 0.013574 0.084790 2.118141 2.457561 2.739341 2.356869 1.705488 1.750440 1.534463 1.263853 2.051575 2.164006 2.243135 1.823019 1.042841 0.030398 -0.001638 -0.000446 0.000105 0.418303 0.574998 1.733282 0.852068 0.478956 -0.008063 -0.000013 0.000007 0.006046 0.024896 0.066187 0.018089 0.239283 0.202845 0.046128 0.005782 -0.002137 -0.003646 0.000446 0.002914 0.051365 0.183085 0.138949 0.065199 0.003738 -0.054933 -0.004723 -0.000056 -0.000050 0.001520 0.770490 1.629894 1.409620 0.951107 0.216954
-0.000842 0.000002 0.000037 0.002504 0.009199 0.182422 1.332878 2.215939 1.655732 1.101027 1.959111 1.551655 1.684403 2.386214 1.786386 1.976494 1.745731 1.111317 0.003018 -0.000834 -0.002572 0.000854 0.007425 0.270395 0.605736 0.764858 0.923106 0.977936 -0.174673 -0.006087 -0.001017 0.000000 0.002938 0.007107 0.109757 0.568208 0.438036 0.000424 0.000102 -0.000898 0.001295 0.003873 0.006399 0.015513 0.012171 0.007705 -0.000022 -0.000022 0.000019 0.000070 0.000274 0.000326 0.000246 0.023460 1.207036 1.947501 0.809562 0.001738 -0.005786
0.017878 0.002209 0.003156 0.101824 -0.311741 0.477992 1.161144 0.916038 -0.000000 0.001033 0.099155 0.094261 1.239135 2.217216 2.532682 2.080006 1.819152 1.114581 -0.000024 0.000024 0.046517 0.224401 0.505113 0.610186 0.862284 1.060859 1.067301 0.850423 -0.047454 -0.007007 -0.003003 0.000000 0.001530 0.004811 0.099925 0.039380 0.040129 0.008918 -0.000017 0.000363 0.013551 0.001439 0.016219 -0.000014 0.000018 -0.000024 0.000028 0.000157 0.002324 0.003868 0.004292 0.000837 0.000347 0.846230 2.308191 0.567782 0.469111 0.471138 0.174424
0.164290 0.120861 0.194344 -0.166234 -0.280109 0.047790 0.119712 -0.203467 -0.000024 0.000024 0.000595 1.096891 1.163359 1.080517 0.827741 0.480786 0.234371 0.140182 -0.008536 -0.010572 -0.071603 0.105533 0.431764 0.271274 0.217082 0.004015 -0.379557 -1.274425 -0.009577 -0.004396 -0.000062 0.000001 0.001549 0.001962 0.003595 0.056765 -0.000266 -0.000023 0.000039 0.005436 0.038983 -0.067470 -0.005722 -0.002270 -0.000005 0.000100 0.002146 0.003399 0.004326 0.004667 0.114043 0.138560 0.196607 2.388960 2.277388 0.938723 0.793936 0.998014 0.134517
0.173417 0.396138 0.099924 0.037615 0.011512 -0.068577 -0.063977 0.092378 0.074350 0.049926 0.093433 0.740304 0.470073 -0.010069 -0.000017 0.000009 0.000208 0.044243 -0.046879 0.068345 0.386419 0.412572 0.777624 0.698961 0.588468 0.454287 0.285877 -0.070724 -0.001659 -0.000191 -0.000010 0.000017 0.002418 0.005446 0.006608 0.057517 -0.003272 -0.000123 0.000007 0.002538 0.004483 -0.000694 -0.005482 -0.000055 0.000055 0.001393 0.003303 0.008252 0.010056 0.011285 0.729387 2.010168 3.016518 3.496496 4.326797 4.111780 2.877405 3.460896 2.359817
0.026296 0.300063 0.314073 0.468134 0.798151 0.568316 0.695006 0.871280 0.912028 1.114107 1.635203 1.197174 0.019618 0.003504 -0.000005 0.000110 0.001801 0.084149 -0.001641 0.055289 0.129279 0.022881 -0.004933 -0.160360 -0.329500 -0.522772 -0.973423 -0.012158 -0.001361 -0.000005 0.001613 0.006020 0.008665 0.038852 0.541081 0.242076 0.158960 -0.000389 -0.000648 0.000000 0.002223 0.000197 -0.002103 -0.000055 0.000055 0.004046 0.007808 0.007478 0.040527 0.140678 1.114991 2.280065 2.949176 3.350203 4.494117 4.185469 4.826217 3.611725 2.514613
0.011319 0.021084 0.780379 0.724532 0.972798 0.526107 0.210960 0.146202 0.069600 -0.096876 -0.165115 -0.002569 -0.000098 0.000062 0.000081 0.001252 0.028234 0.000223 0.048453 0.224495 0.239317 0.332246 0.465337 0.333113 0.333800 0.261787 0.063086 -0.022974 -0.001392 -0.000142 0.000328 0.010859 0.030351 0.011437 0.105772 -0.223499 -0.356279 -0.020622 -0.002345 0.000000 0.001124 0.003338 0.000485 0.000046 0.000073 0.001734 0.018175 0.075973 0.029352 0.140993 0.966597 1.479200 3.364165 4.361845 3.609979 2.979484 3.751047 2.881836 2.189662
0.017954 0.018615 0.024681 0.313485 0.305441 0.193628 -0.399946 -0.573775 -0.467362 -0.516038 -0.520426 -0.001789 -0.000064 0.000049 0.003093 0.007524 -0.198748 -0.108267 -0.055869 0.090242 0.267407 0.306506 0.161584 0.113066 -0.061830 -0.029712 -0.030718 -0.000608 -0.000686 0.000093 0.000443 0.014901 0.050410 0.536292 0.197780 0.011487 -0.076669 -0.003818 -0.004011 -0.000005 0.000097 0.002051 0.017808 0.001179 0.000205 0.002929 0.021290 0.021090 0.051851 0.067757 1.016863 2.419192 1.839815 2.173963 1.018645 0.158118 0.141017 0.237688 0.367454
