use_cases/Flooding_chicago/flooding_data/output/hUx_1320.asc
ncols 337
nrows 393
xllcorner 428428.000000
yllcorner 4602440.000000
cellsize 26.757400
NODATA_value -9999.000000
[rows 78 to 103 of 393, columns 177 to 235 of 337]
-0.320309 -0.108943 -0.005888 0.000000 0.007196 0.041503 -0.025655 -0.010792 -0.000734 0.000333 0.014960 0.032363 0.034790 0.066223 0.094462 0.031182 0.007705 0.204173 0.951840 0.244623 0.528557 0.788200 0.629346 0.749803 0.380101 0.999123 0.952453 1.001684 1.015399 2.040260 0.826319 0.562154 1.015772 0.839417 0.671092 0.340681 -0.018601 -0.000006 0.002739 0.029454 0.020829 0.000366 -0.000586 -0.000495 -0.000084 0.000086 0.000590 0.008844 0.446671 0.481531 -0.000595 -0.001355 -0.001899 -0.000702 -0.001416 -0.000907 -0.001045 -0.001048 -0.000315
-0.151675 -0.172761 -0.211278 -0.000399 -0.001488 -0.001230 -0.000834 -0.001234 -0.002086 -0.000203 0.000299 0.002599 0.028847 0.061746 0.120376 0.402658 0.010769 0.115182 0.368921 0.134570 0.350909 0.222809 0.741833 0.265884 0.801018 0.676714 0.717806 1.539212 1.444592 1.283929 1.427104 0.730407 0.780618 0.816303 0.894296 1.025852 1.050634 0.879590 0.671927 0.237520 0.701051 0.931874 1.146904 1.305230 2.366505 1.079248 -0.138076 -0.647705 -0.352090 -0.076870 0.181734 0.199240 0.799831 0.877624 0.832566 0.163374 0.055690 -0.000201 0.000342
-0.084830 -0.244530 -0.315833 -0.307070 -0.285813 -0.016936 -0.025314 -0.006957 0.000001 0.000479 0.002399 0.027577 0.037721 0.035053 0.045777 0.068533 0.577136 0.564562 -0.000163 0.000908 0.003781 -0.000317 -0.001421 -0.000003 0.000907 0.000593 0.057083 -0.120532 -0.144856 -0.094971 0.121541 0.279404 0.235913 0.234041 0.030179 0.269705 0.004255 0.716692 1.136305 0.805091 0.835039 0.459722 0.432672 0.945033 0.621343 0.487995 0.191936 0.007972 0.066384 0.246344 0.356797 0.691284 0.652522 0.833816 0.840479 0.806797 0.595790 0.333396 0.463770
-0.000304 -0.001630 -0.180708 -0.458190 -0.453929 -0.605952 -0.013212 -0.000722 0.000086 0.008963 0.025924 0.006225 0.011653 0.024589 0.039344 0.056552 0.006274 -0.002754 0.000141 0.016329 0.033814 0.000678 -0.004130 -0.000068 0.000367 0.000291 0.007456 0.018140 0.097081 -0.092416 0.079212 0.221511 0.303464 0.249278 0.034056 0.033542 0.022566 0.129598 0.932703 1.066865 1.010560 0.440599 0.393720 0.346369 0.246824 0.320585 0.557438 0.520629 0.404184 0.390092 0.316953 0.535480 0.271154 0.100754 0.133619 0.154968 0.115896 0.013110 -0.085413
0.001037 0.002542 0.034534 0.003816 -0.383484 -0.747456 -0.031631 -0.009552 0.000000 0.004205 0.011409 0.023569 0.023055 0.022105 0.031705 0.002892 -0.004822 0.000000 0.006475 0.014597 0.019518 0.012851 -0.023374 -0.007018 -0.000115 0.000398 0.009542 0.019815 0.026522 0.124552 0.675028 0.705875 0.693849 0.293059 0.038387 0.045110 0.034822 0.035692 0.036954 0.004269 0.001506 0.095021 0.132126 0.187255 0.133667 0.210663 0.538053 0.752139 0.545395 0.527549 0.355134 0.211854 0.049756 -0.303319 -0.243716 -0.166652 -0.121939 -0.112080 -0.154288
0.002387 0.028960 0.109178 0.614124 0.488283 -0.507711 -0.027106 -0.000188 0.000265 0.000897 0.001376 0.008808 0.015795 0.003671 -0.000974 -0.017147 -0.006811 0.000000 0.008815 0.014078 0.001297 0.007157 0.013486 0.001252 0.000000 0.002215 0.001304 0.005289 0.018714 0.020799 0.143310 0.277855 -0.004888 -0.004866 0.008348 0.027837 0.024168 0.009163 0.001721 0.000378 0.008531 0.174508 0.301736 0.167928 0.000023 0.789308 1.260147 2.130378 1.284856 1.066574 0.275088 0.073596 -0.162387 -0.499383 -0.464151 -0.326114 -0.018583 0.193432 0.087092
0.024926 0.054068 0.072236 0.054632 -0.209604 -0.011061 -0.000297 0.002445 0.031140 0.089525 0.023344 0.029350 0.053385 0.006898 -0.033677 -0.016678 -0.010628 0.000000 0.003006 0.002575 0.001500 0.007906 0.009194 0.009728 0.010043 0.002223 0.009796 0.021254 0.007069 0.001580 0.007704 -0.234050 -0.028859 -0.024790 -0.028730 -0.276898 -0.172395 -0.006605 -0.000002 0.006702 0.016082 0.166509 0.091181 0.018709 -0.000010 0.006353 0.400306 1.324893 -0.078692 -0.142954 -0.057221 -0.008377 0.000070 0.015468 0.043128 0.380586 -0.003804 0.000299 0.000273
0.030344 0.042590 0.057079 0.006542 0.000936 -0.000123 0.001068 0.029960 0.086468 0.117075 0.230162 0.107070 0.037484 -0.105889 -0.025858 -0.009212 -0.001271 -0.000559 -0.000421 0.002171 0.001730 0.008043 0.018517 0.020581 0.039029 0.286870 0.089735 -0.101803 -0.022177 -0.000165 0.000461 0.013873 0.156778 0.059875 0.032645 0.004883 -0.080365 -0.009534 -0.000109 0.000384 0.005618 0.340133 0.148957 -0.000592 -0.000300 -0.000000 0.004884 0.007438 0.001081 0.000719 0.004419 -0.000308 0.001187 0.001672 0.004933 0.055518 0.019419 -0.000326 0.000208
0.028671 0.050010 0.001359 -0.025281 -0.006421 0.000000 0.015894 0.053844 0.010982 0.013075 0.025252 0.161682 0.066760 0.017189 0.015104 0.002783 -0.000561 -0.000668 -0.000385 0.000589 0.020918 0.043883 0.087410 1.131782 0.874531 0.631810 0.675326 0.508635 -0.078211 -0.001848 0.023866 0.044566 0.153597 -0.001249 -0.002349 -0.030559 -0.016594 0.002435 0.001358 0.007334 0.252497 0.187318 -0.014393 -0.008603 -0.000434 -0.000011 0.000494 0.008760 0.021805 0.029237 0.044579 0.000009 0.001953 0.027406 0.081328 0.037559 0.019430 0.004023 0.000003
0.002279 0.001361 -0.098615 -0.012791 -0.004500 0.000000 0.002037 -0.000267 -0.000306 0.000424 0.013721 0.139479 0.052509 0.102702 0.042508 0.009563 0.001779 -0.000556 -0.000332 0.000065 0.001854 0.011670 0.019816 1.297166 1.155128 1.036793 0.886733 0.994527 0.467853 -0.027598 -0.000170 -0.000123 -0.009033 -0.013471 -0.005592 -0.000023 0.002268 0.035960 0.077093 0.152435 0.102825 -0.000282 -0.023148 -0.019114 -0.005878 0.000000 0.007151 0.013665 0.018705 0.023187 0.023958 0.003488 0.024201 0.054617 0.090923 0.037248 0.101774 1.390761 0.002293
-0.011634 -0.000669 -0.001246 -0.002888 -0.002554 -0.002316 -0.008565 -0.007624 -0.000362 0.000654 0.006467 0.082452 0.228223 0.130981 0.080748 0.026134 0.005260 -0.019130 -0.006076 -0.000099 0.000226 0.010176 0.018417 -0.268939 -0.409937 -0.439820 -0.591390 -0.618544 -0.828621 -0.041778 -0.003907 -0.001031 -0.000474 -0.000046 0.000094 0.004285 0.014388 0.005701 0.046405 0.082029 0.024481 -0.166755 -0.493919 -0.013958 -0.005878 0.000000 0.007151 0.013652 0.027710 0.039663 0.022142 0.004050 0.009338 0.019311 0.021819 0.052981 0.105808 0.449559 0.245911
-0.006194 -0.000534 -0.001008 -0.002433 -0.015519 -0.026686 -0.020082 -0.000654 0.000362 0.016030 0.038227 0.031676 0.028053 0.105336 0.087686 0.026092 0.008499 -0.579852 -0.011170 -0.000103 0.000140 0.001992 0.001796 -0.091209 -0.328468 -0.366598 -0.467490 -0.550834 -0.994576 -0.088670 -0.045480 -0.023328 -0.005647 -0.000010 0.004233 0.013209 0.019023 0.027399 0.007437 0.014823 0.079464 0.020319 -0.385191 -0.025805 -0.008920 0.000000 0.009405 0.030148 0.008762 0.025536 0.030318 0.020677 0.004753 0.024179 0.026256 0.031197 0.039396 0.016243 0.541479
0.003117 -0.000590 -0.002157 -0.021215 -0.041375 -0.021517 -0.009790 -0.000424 0.000306 0.008917 0.019962 0.030885 0.027707 0.063557 0.188298 0.115817 0.001025 0.105069 0.123491 0.119775 -0.001329 0.001487 0.035245 0.026908 -0.198102 -0.306894 -0.495964 -0.040386 -0.033245 -0.034382 -0.038621 -0.037884 -0.015597 -0.000507 0.000062 0.005254 0.014476 0.019682 0.035279 0.043634 0.098191 0.096512 0.153445 -0.037321 -0.004456 0.000000 0.000399 0.002705 0.002045 0.012689 0.027668 0.042593 0.014902 0.034510 0.089340 0.171239 0.700942 0.636119 0.738649
0.006985 -0.025275 -0.108511 -0.059714 -0.058782 -0.026782 -0.007492 -0.000095 0.000089 0.007270 0.022306 0.029428 0.037777 1.324880 0.964850 0.686614 0.546226 0.162858 0.122720 0.093651 -0.002530 0.002929 0.004606 0.342790 0.550122 0.129094 0.158995 -0.051674 -0.039108 -0.020477 -0.020065 -0.019808 -0.012821 -0.005709 -0.000222 0.000222 0.005483 0.031139 0.048888 0.039860 0.118983 0.039522 0.056116 0.113261 -0.036816 -0.000240 0.000087 0.001401 0.000976 0.001346 0.001432 0.006268 0.004482 0.026987 0.099197 0.190871 0.601409 0.431369 0.427635
-1.248706 -0.990179 -0.614363 -0.519373 -0.085769 -0.031667 -0.007185 -0.000002 0.004954 0.018697 0.025883 0.031616 0.057537 0.890978 0.512143 0.485357 0.414293 0.323730 0.398725 0.303422 0.340302 0.360372 0.425979 0.366683 0.229281 0.052915 -0.048847 -0.015560 -0.007094 -0.031810 -0.014726 -0.012501 -0.016025 -0.009379 -0.000103 0.000103 0.028795 0.032601 0.058527 0.244215 0.120438 0.000895 0.000825 0.178655 0.009314 0.002022 0.013540 0.012510 0.001027 0.038964 0.014799 0.006974 0.012076 0.010563 0.039094 0.115778 0.283275 0.036668 0.097207
-0.127970 -0.109562 -0.135399 -0.395548 0.000000 -0.001005 0.000032 0.000515 0.000529 0.012767 0.025125 0.022316 0.037675 0.029586 -0.251737 -0.132769 0.044832 0.160751 0.168364 0.169652 0.147037 0.233653 0.362367 0.540866 0.526647 0.282664 -0.021046 -0.027019 -0.007550 -0.030995 -0.034942 -0.034081 -0.027210 -0.008563 -0.000082 0.000082 0.005211 0.027527 0.030903 0.024772 0.042625 0.021613 0.004597 0.024183 0.040564 0.004665 0.012478 0.342190 0.423148 0.198631 0.357447 0.239235 0.003638 0.007055 0.017461 0.040355 0.184131 0.284554 0.275887
0.556723 0.481719 0.254488 -0.310533 0.000000 0.008987 0.105457 0.093390 0.152508 0.174105 0.166136 0.083678 0.344754 0.641703 0.042132 -0.102484 -0.103037 -0.024972 0.017079 0.076708 0.098481 0.216996 0.321971 0.418179 0.069854 -0.459364 -0.104527 -0.015123 -0.021479 -0.005019 -0.014935 -0.008218 -0.002335 -0.005228 -0.001573 0.000071 0.006131 0.030811 0.051537 0.060869 0.071738 0.123167 0.052919 0.134304 0.215770 0.274158 0.180979 0.499475 0.551041 0.228602 0.409934 0.283039 0.016300 0.010836 0.006744 0.178817 0.359054 0.231931 0.453074
0.645568 0.441982 0.438522 0.191305 0.115081 0.125119 0.249858 0.482290 0.312296 0.282239 0.209454 0.397312 0.205675 0.090931 0.045249 0.340096 0.241619 0.227233 0.211644 0.271938 0.257873 0.243958 0.287383 0.231992 -0.080265 -0.042380 -0.020971 -0.011399 -0.010347 0.012598 -0.061082 -0.076361 -0.098209 -0.058744 -0.007871 0.000874 0.007065 0.026057 0.035668 0.008793 0.022557 0.094704 0.042404 0.124759 0.181617 0.271468 0.202938 0.779891 0.297447 0.207173 0.402162 0.291298 0.008887 0.005756 0.373596 0.378647 0.321082 0.239247 0.174980
0.450154 0.240530 0.208907 0.343400 0.454616 0.575067 0.628197 0.297430 0.252209 0.191105 0.131549 -0.000360 0.000360 0.024482 0.096590 0.319938 0.232817 0.234755 0.160807 0.373228 0.232935 0.203724 0.221038 -0.193943 -0.014783 -0.045612 -0.025907 -0.018316 -0.000013 0.063895 -0.412871 -0.109447 -0.071907 -0.045123 -0.007025 -0.000027 0.000402 0.010284 0.019005 0.004541 0.010633 0.019188 0.023231 0.025544 0.075576 0.169856 0.139422 0.700759 0.283785 0.922779 0.900075 0.941759 1.844709 1.559698 2.331929 1.554904 0.620782 0.489375 0.367739
0.608159 0.238959 0.189668 0.178388 0.212319 0.238320 0.181156 -0.000210 0.001675 0.028629 0.015112 -0.000360 0.000360 0.033374 0.135998 0.474319 0.187733 0.141863 0.009826 0.001319 0.107314 0.219672 -0.010975 -0.098281 -0.144223 -0.213133 -0.037421 -0.009926 -0.000401 0.000555 -0.958355 -0.054301 -0.037473 -0.033378 -0.011481 0.000000 0.008800 0.020364 0.029783 0.005481 0.003624 0.021388 0.034782 0.040069 0.029466 0.575651 0.633578 0.588504 0.263668 0.938639 1.034346 2.182580 1.960766 2.441031 2.295675 1.505988 1.490098 0.601353 0.467477
0.660797 0.648122 0.564964 0.368587 0.218148 -0.004063 -0.000538 0.000005 0.015185 0.169995 0.095599 0.436468 0.141087 0.088975 0.212780 0.798439 0.431036 0.240862 0.077284 -0.002828 -0.039151 -0.006150 0.033256 0.043354 0.126478 0.360055 0.139763 -0.054024 -0.000330 0.000396 -0.586593 -0.048766 -0.035528 -0.014177 -0.000660 0.000056 0.012882 0.035407 0.020152 0.002083 0.001494 0.023725 0.028121 0.028262 0.024301 0.288334 0.280142 0.427711 0.547375 0.229836 0.140302 0.054026 0.097366 0.046186 0.356743 0.560508 0.365593 0.390330 0.371022
0.594011 0.318992 0.297970 0.258509 0.127162 -0.022262 -0.000395 0.000057 0.000381 0.116126 0.082588 0.109031 0.082774 0.047086 0.055063 -0.377066 -0.661756 -0.580613 -0.300112 -0.277092 -0.204561 -0.132981 0.035743 0.105720 0.106937 0.115895 -0.168152 -0.033748 -0.001050 0.001127 -0.756414 -0.371660 -0.037741 -0.011292 -0.000076 0.000044 0.006513 0.023646 0.057487 0.015160 0.005142 0.005916 0.026337 0.118270 0.832062 1.686291 1.360370 1.107947 0.754149 0.226790 0.130598 0.000062 0.001325 0.001069 -0.118236 -0.080229 0.061468 0.001060 0.000741
-0.154424 -0.004239 -0.003762 -0.003526 -0.011355 -0.005842 -0.000381 -0.000015 0.000220 0.014672 0.760979 -0.015318 -0.000145 0.000222 0.036936 0.987114 0.722942 0.189764 0.024923 -0.115449 -0.061769 0.185528 0.150983 0.191139 -0.028513 -0.314906 -1.003803 -0.021589 -0.000445 0.000661 -0.226504 -0.251672 -0.012204 -0.000202 0.000279 0.000058 0.000508 0.001702 0.013010 0.007620 0.129626 0.007565 0.093559 0.858005 3.103498 0.624894 0.377023 0.082272 -0.005430 -0.000204 -0.000107 0.001228 0.004809 0.003448 0.000865 0.156193 0.143437 -0.001627 -0.001291
0.017600 -0.005135 -0.010767 -0.037834 -0.034811 -0.026192 -0.011109 -0.000120 0.000106 0.010037 0.032371 -0.007818 0.000025 0.009376 0.020308 0.032616 0.175172 -0.019580 0.000007 0.025516 0.102340 0.147921 0.269590 0.251157 0.087480 -0.002565 -0.032458 -0.009699 -0.000019 -0.076997 -0.045780 -0.024065 -0.000973 -0.000136 0.000195 0.012324 0.003631 -0.020197 -0.035094 -0.015778 0.001072 0.016111 0.204664 -0.514321 -0.096871 -0.000242 0.000000 -0.000070 0.000003 0.000788 0.001818 0.005839 0.003140 -0.000360 0.000360 0.012918 0.150966 0.118346 -0.004471
0.078427 0.131594 0.082386 -0.042232 -0.015862 -0.012594 -0.004594 -0.000326 0.000208 0.004308 0.015115 0.000080 0.000737 0.000616 0.006342 0.016341 0.122660 -0.000318 0.000380 0.037713 0.090142 0.046143 0.015501 -0.056336 -0.011837 0.000000 0.006523 0.043567 -0.038016 -0.036483 -0.020404 0.003796 -0.007976 -0.037309 -0.057707 -0.030103 0.264952 0.323050 0.047787 0.060681 0.053673 0.107607 0.097697 0.098574 -0.035946 -0.010356 -0.004544 -0.000222 0.000222 0.003946 0.014060 0.003006 0.004956 -0.000360 0.000360 0.008018 0.134214 0.069907 -0.001354
-0.017549 -0.346257 -0.460885 -0.030939 -0.009112 -0.003392 -0.015032 -0.007268 0.000003 0.015635 0.022826 0.006524 0.003580 0.001663 0.001583 0.005386 0.079150 0.500180 0.021338 0.271535 0.397363 0.356148 0.195499 -0.066416 -0.011642 0.000000 0.009194 -0.514594 -0.748886 -0.414466 -0.339671 -0.234161 -0.043182 -0.058866 -0.031548 -0.004499 -0.054826 0.100126 0.171382 0.063081 0.050391 0.120354 0.108106 0.389683 -0.070595 -0.367408 -0.006738 -0.000005 0.000221 0.000419 0.001320 0.001160 0.005657 0.002052 0.008533 0.051143 0.029991 0.040765 0.025104
