use_cases/Flooding_chicago/flooding_data/output/hUx_2400.asc
ncols 337
nrows 393
xllcorner 428428.000000
yllcorner 4602440.000000
cellsize 26.757400
NODATA_value -9999.000000
[rows 130 to 155 of 393, columns 59 to 117 of 337]
-9999.000000 -9999.000000 -9999.000000 -9999.000000 -9999.000000 -9999.000000 -9999.000000 -9999.000000 -9999.000000 -9999.000000 -9999.000000 -9999.000000 -9999.000000 -9999.000000 -9999.000000 -9999.000000 -9999.000000 -9999.000000 -9999.000000 -9999.000000 -9999.000000 -0.111631 -0.235039 -0.303604 -0.113455 -0.178933 -0.270199 -0.001369 -0.005911 -0.003663 0.000000 -9999.000000 -9999.000000 -9999.000000 -9999.000000 -9999.000000 -9999.000000 -9999.000000 -9999.000000 -9999.000000 -9999.000000 -9999.000000 -9999.000000 -0.002159 0.001744 0.000705 0.000427 0.000639 0.002882 0.080589 0.098710 0.032595 0.369041 0.254440 0.195604 0.128259 0.108074 0.078878 0.062135
-9999.000000 -9999.000000 -9999.000000 -9999.000000 -9999.000000 -9999.000000 -9999.000000 -9999.000000 -9999.000000 -9999.000000 -9999.000000 -9999.000000 -9999.000000 -9999.000000 -9999.000000 -9999.000000 -9999.000000 -9999.000000 -9999.000000 -9999.000000 -0.031736 -0.045722 -0.178924 -0.243432 -0.229130 -0.000592 -0.536733 -0.503071 -0.409041 -0.014966 -0.000058 0.000341 0.000398 0.001653 0.001300 0.036881 0.030355 -0.001294 -0.000368 -0.053493 -0.019597 -0.008990 0.000015 -0.003673 -0.001539 -0.000540 0.000007 0.007668 0.041120 0.169945 0.000604 0.001177 0.020312 0.073264 0.038869 0.030309 -0.052466 -0.097675 -0.103256
-9999.000000 -9999.000000 -9999.000000 -9999.000000 -9999.000000 -9999.000000 -9999.000000 -9999.000000 -9999.000000 -9999.000000 -9999.000000 -9999.000000 -9999.000000 -9999.000000 -9999.000000 -9999.000000 -9999.000000 -9999.000000 0.000000 -0.084749 -0.078668 -0.000199 0.000444 -0.273156 -0.437309 -0.461025 -0.327576 -0.250562 -0.083913 -0.023606 -0.001493 -0.000718 0.004242 0.004068 0.001821 0.120274 0.102027 -0.006574 -0.009490 -0.024306 -0.009408 -0.000588 0.000404 -0.000224 -0.002681 -0.000352 0.000352 0.009973 0.050139 0.017566 0.010577 0.004711 0.042671 0.605207 0.563841 0.622700 0.413441 0.227732 -0.022632
-9999.000000 -9999.000000 -9999.000000 -9999.000000 -9999.000000 -9999.000000 -9999.000000 -9999.000000 -9999.000000 -9999.000000 -9999.000000 -9999.000000 -9999.000000 -9999.000000 -9999.000000 -9999.000000 -9999.000000 -0.324387 -0.372302 -0.181584 -0.153159 -0.001275 -0.097909 -0.338785 -0.511124 -0.575167 -0.569315 -0.230852 -0.144540 -0.103936 -0.006083 0.001864 0.006233 0.197896 0.320078 0.356547 0.300427 -0.017163 -0.049108 -0.036276 -0.009815 -0.000781 0.000724 0.003719 0.001075 -0.000007 0.000572 0.001526 0.013441 0.019528 0.014983 0.072511 0.158182 0.757413 0.634880 0.590624 0.500401 0.336392 0.042117
-9999.000000 -9999.000000 -9999.000000 -9999.000000 -9999.000000 -9999.000000 -9999.000000 -9999.000000 -9999.000000 -9999.000000 -9999.000000 -9999.000000 -9999.000000 -9999.000000 -9999.000000 -9999.000000 0.000052 0.020858 -0.045560 -0.699874 -0.759967 -0.532355 -0.475717 -1.124175 -0.798539 -0.904225 -0.949953 -0.879361 -0.350703 -0.005224 -0.006227 0.001536 0.006701 0.045882 0.089313 0.121906 -0.006698 -0.000360 0.000360 -0.061906 -0.010840 -0.000388 0.000368 0.002544 0.002100 0.027634 0.004890 -0.024883 -0.004278 0.026750 0.019622 0.069924 0.104017 0.021554 0.016658 -0.091974 0.004154 0.120273 0.071342
-9999.000000 -9999.000000 -9999.000000 -9999.000000 -9999.000000 -9999.000000 -9999.000000 -9999.000000 -9999.000000 -9999.000000 -9999.000000 -9999.000000 -9999.000000 -9999.000000 -9999.000000 -0.001871 0.000758 0.002716 0.018105 -0.617009 -0.829395 -0.969956 -0.470841 -1.024239 -0.715562 -0.828545 -0.956657 -0.929899 -0.725533 -0.330053 -0.006178 -0.001399 0.005507 -0.059329 -0.016424 0.042633 -0.006698 -0.000360 0.000360 -0.003642 -0.001316 -0.000120 0.000348 0.000470 -0.003416 -0.000509 0.115529 0.184609 0.147491 0.036802 0.024365 0.044497 0.017333 0.004247 0.014024 0.263996 0.172708 0.273307 0.321021
-9999.000000 -9999.000000 -9999.000000 -9999.000000 -9999.000000 -9999.000000 -9999.000000 -9999.000000 -9999.000000 -9999.000000 -9999.000000 -9999.000000 -9999.000000 -9999.000000 -0.000048 0.004014 0.006478 0.003700 0.000956 0.028076 -0.243810 -0.313233 -0.248494 -0.508130 -0.312369 -0.346618 -0.337944 -0.405597 -0.199650 0.155558 0.077171 0.001653 0.002340 0.000890 -0.225658 -0.073927 -0.095552 -0.000951 -0.001346 -0.000385 0.000336 -0.000893 -0.006304 -0.021694 -0.022325 -0.014215 0.000013 0.039077 0.050067 0.029696 0.023919 0.009310 0.002658 0.001008 0.006195 0.018287 0.092451 0.000650 0.199896
-9999.000000 -9999.000000 -9999.000000 -9999.000000 -9999.000000 -9999.000000 -9999.000000 -9999.000000 -9999.000000 -9999.000000 -9999.000000 -9999.000000 -9999.000000 -0.001817 -0.000846 0.000951 0.000770 0.000203 0.000294 0.010747 -0.192891 -0.546250 -0.381251 -0.371415 -0.292873 -0.337904 -0.317492 -0.384724 -0.186196 -0.011520 0.078439 -0.000481 -0.000057 0.000514 0.023395 -0.171558 -0.015541 -0.024907 -0.020332 0.044287 0.052081 0.020884 -0.002584 -0.013572 -0.017248 -0.000369 0.000412 0.003116 0.001443 0.000000 0.025898 0.130038 0.117115 -0.000943 0.000184 0.035969 0.068935 0.054130 0.055100
-9999.000000 -9999.000000 -9999.000000 -9999.000000 -9999.000000 -9999.000000 -9999.000000 -9999.000000 -9999.000000 -9999.000000 -9999.000000 -0.004063 -0.006769 -0.002887 -0.001103 0.002102 0.001169 -0.000326 0.000208 0.019392 0.040645 -0.089539 -0.287333 -0.377359 -0.344579 -0.377491 -0.320082 -0.373238 -0.420465 -0.715352 -0.963526 -0.006664 0.000000 0.007115 0.205061 0.007193 -0.037375 -0.034568 0.049836 0.055183 0.001855 -0.133176 -0.250932 -0.369022 -0.054003 -0.000706 0.000921 0.003455 0.001097 0.000000 0.022754 -0.058230 -0.409223 -0.012071 0.000000 0.007834 0.545175 0.353749 0.262894
-9999.000000 -9999.000000 -9999.000000 -9999.000000 -9999.000000 -9999.000000 -9999.000000 -9999.000000 -9999.000000 -9999.000000 -9999.000000 -0.006222 -0.002784 -0.002214 0.003278 0.002936 -0.055149 -0.006991 0.000003 0.006716 0.009155 0.109422 0.039262 0.000000 0.012369 0.009392 0.127639 -0.065338 -0.051927 -0.022237 -0.032328 -0.009521 0.000000 0.011730 0.018766 -0.136585 -0.166092 -0.282176 -0.260909 -0.355318 -0.387489 -0.395080 -0.369233 -0.009014 -0.001303 -0.000700 0.001398 0.002592 0.000666 0.000000 0.016507 0.113629 0.037165 -0.010808 0.000000 0.014385 0.021591 0.296592 0.215543
0.000000 -9999.000000 -9999.000000 -9999.000000 -9999.000000 -9999.000000 -9999.000000 -9999.000000 -9999.000000 -9999.000000 -0.003736 -0.002958 -0.003750 0.000909 0.004369 0.070776 0.212470 -0.011461 -0.000069 0.000644 0.071286 0.073359 0.077248 0.091992 0.072250 0.042748 0.224682 -0.125327 -0.170554 -0.181351 -0.052973 -0.006664 0.000000 0.008191 0.024694 0.057559 -0.055873 -0.056536 -0.028904 -0.033898 -0.027170 -0.017279 -0.001328 -0.002090 -0.000843 -0.000105 0.000782 -0.001389 -0.004207 -0.000498 0.000620 0.001844 -0.123225 -0.006953 0.000000 0.006802 0.013312 0.008858 0.199212
-0.000418 -9999.000000 -9999.000000 -9999.000000 -9999.000000 -9999.000000 -9999.000000 -9999.000000 0.000000 -0.137910 -0.022323 -0.004285 -0.004504 0.000264 0.004949 0.003533 0.183219 0.161955 -0.000067 0.000138 0.749259 0.158794 0.136755 0.128157 0.580361 0.559099 0.273056 -0.473827 -0.656269 -0.776814 -0.535115 -0.000722 -0.000151 0.000783 0.001798 -0.111829 -0.162087 -0.130364 -0.089851 -0.078985 -0.042503 -0.018506 -0.000018 0.075974 0.074003 -0.000288 0.000406 0.122942 0.163048 0.190020 -0.000661 0.001253 0.014412 0.048762 -0.000070 0.000611 0.006962 0.030840 0.377411
-0.010059 -0.000360 0.000360 0.002339 0.002025 0.003829 0.002855 0.002899 0.028775 -0.056886 -0.029497 -0.004440 -0.004526 -0.002878 0.000000 0.011915 0.021235 0.239298 0.302209 0.383677 1.176843 0.215264 0.167940 0.147896 0.574509 0.012968 -0.004358 -0.443282 -1.118391 -1.510426 -1.267093 -1.334636 -1.246732 -1.090400 -0.916532 -0.749736 -0.863151 -0.666858 -0.547379 -0.446907 -0.382950 -0.203167 -0.000044 -0.000579 0.018286 0.071606 0.107419 0.119527 0.140480 0.145958 -0.000726 0.000898 0.033463 0.050077 0.017365 0.004567 0.047266 0.943609 0.465740
-0.007357 -0.000360 0.000360 0.004459 0.004740 0.002702 0.007100 0.007185 0.002881 0.001436 -0.002147 -0.002093 -0.000055 0.000639 0.000454 0.001418 0.018064 0.522579 0.490908 -0.000000 -0.011504 0.002885 0.315010 0.106906 0.043799 0.000000 0.010125 0.050731 -0.354880 -0.774083 -1.089181 -1.150921 -1.042536 -0.954349 -0.886993 -1.089402 -0.907964 -0.466416 -0.378841 -0.319400 -0.417209 -0.176659 -0.000792 0.000145 0.128489 0.129058 0.160199 0.215335 0.262530 0.247758 -0.000374 0.000408 0.017693 0.020491 0.413729 0.404866 0.945030 1.690190 1.565698
-0.000903 -0.000715 0.000010 0.003340 0.004141 0.002539 -0.000565 -0.004549 -0.001077 -0.000580 -0.000292 0.002257 0.030066 0.029928 0.012810 0.000063 0.018189 0.362214 -0.006034 -0.000003 0.005982 0.266292 0.610733 -0.001279 -0.000432 0.000000 0.003366 0.003063 0.181068 0.110896 0.037885 -0.008621 -0.041626 -0.058470 0.006435 0.124025 -0.025420 -0.026844 -0.050555 -0.532440 -0.112456 -0.079515 -0.000951 -0.000055 0.000260 0.001866 0.006889 0.004440 0.001747 0.324023 0.307587 0.701653 0.653169 0.788402 0.782504 0.638790 0.308162 0.167375 0.192469
0.002297 0.000519 -0.000764 -0.000162 0.000873 0.001150 -0.000360 -0.001293 -0.002199 0.000000 0.003125 0.003112 0.037812 0.033585 0.020323 0.008940 0.005097 -0.010400 -0.006364 -0.000208 0.000326 -0.046448 -0.123915 -0.008732 0.000000 0.000460 0.003215 0.322064 0.257271 -0.012298 -0.001049 0.000548 -0.022242 -0.024156 0.005573 0.022865 -0.002789 0.015508 0.019138 0.005713 -0.080557 -0.137752 -0.005852 -0.000222 0.000222 0.005806 0.051541 0.014050 0.396361 0.509150 0.399254 0.871792 0.740381 0.721094 0.654470 -0.000122 0.000109 0.010038 0.017459
0.009917 -0.043744 -0.057261 -0.000966 0.000428 -0.254104 -0.321081 -0.018528 -0.001098 -0.000260 0.000521 0.001396 0.000969 0.037029 0.216265 0.022633 -0.090519 -0.211085 -0.018286 -0.000452 0.000552 0.001543 0.011359 0.636743 -0.000024 0.155905 0.497829 0.687060 0.421855 -0.001280 -0.003820 0.002091 0.004134 -0.037458 -0.048379 -0.000255 0.000518 0.061457 -0.000739 0.000545 0.007363 -0.179860 -0.099484 -0.000198 0.000066 0.000803 0.084383 0.507984 0.361479 0.000036 0.151411 1.352018 0.000507 0.000979 0.292158 -0.000222 0.000222 0.003946 0.014541
0.037204 0.222126 0.106550 -0.000052 -0.084645 -0.064104 -0.014618 -0.082283 -0.088874 -0.000521 -0.000486 0.000848 0.000908 0.051058 0.020614 0.068326 0.140424 0.149532 0.069262 -0.009906 -0.000181 0.000616 0.017672 0.375540 0.339283 0.636921 0.699089 0.425458 -0.016248 -0.000141 0.000377 0.010668 0.010511 -0.110625 -0.142517 -0.055055 0.133700 0.165673 -0.002887 0.000779 0.001139 -0.025999 -0.026945 -0.028560 -0.015272 0.063208 0.079379 0.369639 -0.000271 0.000827 0.043340 0.023705 0.010805 0.004129 0.133897 -0.000103 0.000103 0.008661 0.016306
0.367267 0.392027 0.194683 0.217759 0.482326 0.279757 0.255163 0.208898 0.236351 0.559686 0.222901 0.074126 -0.068648 -0.115500 -0.100374 -0.000117 0.117996 0.132614 0.154660 0.001214 0.000604 0.001118 0.003114 0.116035 0.164644 0.113509 -0.180055 -0.878917 -0.010563 0.000011 0.023257 0.024036 0.020826 0.012203 -0.057354 -0.076721 0.027049 -0.007395 -0.009255 -0.001091 0.000107 0.001176 0.110139 0.165113 0.076534 0.081488 0.065233 0.000001 0.003243 0.003004 0.021900 0.019023 0.008656 -0.005651 0.035673 0.085442 0.440566 0.561888 0.595663
-0.403601 -0.392996 -0.185421 -0.148373 -0.243841 -0.123018 0.000084 -0.006845 -0.025401 -0.062395 -0.056898 -0.072734 -0.092228 -0.210932 -0.015977 -0.000011 0.033158 0.077097 0.137234 0.208988 0.216676 0.037028 -0.020867 -0.017883 0.013863 0.064333 -0.033730 -0.034015 -0.000793 0.000252 0.021254 0.024091 0.024011 0.017996 -0.039044 -0.216344 -0.006418 -0.014224 -0.015508 -0.002457 0.000539 0.002807 0.116021 0.266074 0.102235 0.079109 0.045167 0.000035 0.004172 0.002739 0.014021 0.009927 0.028376 0.018824 0.193874 0.759296 0.925145 0.642993 0.646665
-0.154960 -0.174905 -0.056698 -0.043181 -0.061307 -0.052261 -0.001076 -0.000788 -0.009349 -0.128369 -0.183905 -0.119896 -0.174313 -0.287593 -0.031851 -0.000255 0.000883 -0.000980 0.035461 0.117155 0.160833 0.152132 0.181160 0.129654 0.034948 -0.120749 -0.007595 -0.028199 -0.005472 0.000000 0.000857 0.000904 0.000896 0.009176 0.005268 -0.062633 -0.005613 -0.010472 -0.003376 -0.003675 0.002129 0.004343 0.007435 0.001459 0.013414 -0.000201 -0.000126 0.000956 0.011061 0.051140 0.016311 0.033885 0.028777 0.017028 0.146957 0.091541 0.231039 0.125180 0.130357
0.004972 -0.079199 -0.082169 -0.047280 -0.113459 -0.115552 -0.153614 0.000043 0.001324 0.090935 0.067001 0.074098 0.068932 -0.012527 -0.011693 0.000000 0.010470 0.097041 0.047133 0.075918 0.087910 0.114563 0.087815 0.050239 -0.051122 -0.155101 -0.197498 -0.007967 -0.021965 -0.007975 -0.000612 0.000133 0.000741 0.008454 0.004967 -0.108552 -0.227109 -0.058512 -0.015740 -0.000486 0.000255 0.018511 0.068124 -0.107616 -0.013199 0.000000 0.001326 0.001084 0.034983 0.027458 0.056257 0.035669 0.017208 0.094615 0.000000 0.052679 0.043601 0.016729 0.000000
0.078934 0.008137 0.042240 0.074646 0.090146 0.096425 0.070611 0.071735 -0.000622 0.082433 0.105640 0.150076 0.141341 0.036652 -0.011846 0.000000 0.024874 0.168786 0.086110 0.092860 0.086142 0.115824 0.093751 0.042354 -0.063681 -0.115932 -0.125515 -0.047850 -0.085103 -0.014086 -0.002279 -0.007375 0.001092 0.008600 0.087001 -0.041329 -0.271242 -0.078486 -0.017798 -0.001035 -0.000227 0.000941 0.000369 -0.000602 -0.003584 0.000000 0.018537 0.018475 0.053544 0.034516 0.086781 0.244107 0.256555 0.964598 0.281411 0.186627 0.116151 0.000000 0.005237
0.027393 -0.076417 -0.065870 -0.021392 -0.004730 -0.018708 -0.047505 -0.085635 -0.126089 -0.175200 -0.172211 -0.201054 -0.209679 -0.281983 -0.015075 0.000000 -0.116418 -0.203473 -0.182032 -0.191868 -0.171678 -0.137936 -0.055678 -0.104449 -0.164254 -0.238998 -0.271636 -0.319931 -0.262931 -0.132694 -0.124425 -0.013439 -0.000761 -0.000194 0.000616 -0.005215 -0.008035 -0.009750 -0.006197 -0.007454 -0.000712 0.000388 0.001461 0.001175 0.001747 0.028629 0.078104 0.034574 0.013356 0.042153 0.109648 0.241740 0.242332 0.317163 0.288989 0.169200 0.110777 0.060919 0.319097
0.272492 0.115124 0.068924 0.009883 -0.067305 0.000669 0.102334 0.119778 0.224940 0.157647 0.169126 0.193441 0.305782 0.299223 0.147093 0.000319 0.123735 0.046424 0.015413 0.019325 0.022600 0.059936 0.069134 0.045272 0.015749 -0.000079 -0.207961 -0.275252 -0.367116 -0.638352 -0.365822 -0.021778 -0.000926 -0.000994 0.000540 0.001145 -0.011296 -0.001577 -0.003894 -0.006529 -0.008443 -0.000640 0.001070 0.000799 0.003785 0.002496 0.009168 0.039328 0.010711 0.010110 0.003350 0.020551 0.018787 0.012494 0.170414 0.667050 0.529673 0.690691 0.634369
0.485005 0.378156 0.339751 0.185088 0.108064 0.161584 0.136311 0.146731 0.233759 0.232964 0.250608 0.263315 0.266905 0.300224 0.238924 0.043324 -0.046661 -0.060051 -0.104676 -0.108229 -0.060549 -0.032518 0.036786 0.020273 -0.008798 -0.002139 -0.004047 -0.000089 0.000930 0.121137 0.089818 -0.111130 -0.092294 -0.030681 -0.000612 0.000519 -0.043590 -0.043055 -0.041710 -0.124845 -0.019818 0.000000 0.009589 0.028546 0.008101 0.002984 0.010400 0.052124 0.103751 0.196492 0.130397 0.098031 0.066445 0.039042 0.149149 0.863863 0.863317 0.252654 0.003429
