use_cases/Flooding_chicago/flooding_data/output/hUx_3360.asc
ncols 337
nrows 393
xllcorner 428428.000000
yllcorner 4602440.000000
cellsize 26.757400
NODATA_value -9999.000000
[rows 130 to 155 of 393, columns 177 to 235 of 337]
0.001014 0.001525 0.456065 0.173609 -0.000352 -0.007236 -0.002590 -0.000023 0.000005 0.000012 0.001816 0.004474 0.039033 -0.084503 -0.133167 -0.337393 -0.513210 -0.531920 -0.644873 -0.917629 -0.816871 -1.053183 -1.490822 -1.785692 -0.014561 -0.000099 0.000005 -0.361560 -0.356776 -0.573577 -0.029378 -0.000009 -0.000014 0.000127 0.000179 0.000220 0.000074 -0.143765 -0.010259 -0.034021 -0.025004 -0.023865 -0.066365 -0.057977 -0.005663 -0.031596 -0.004567 0.000000 0.000813 0.003889 0.005184 0.003282 0.223038 -2.374268 -2.061171 -1.204371 -0.305865 -0.004607 -0.005046
0.003476 0.002861 0.017269 -0.011462 -0.003445 -0.001116 -0.000013 -0.000017 0.000000 0.000041 0.000024 0.001138 0.002437 0.002752 0.000437 0.179027 0.193894 0.241366 0.207705 0.190048 0.061055 -0.133845 -0.228449 -0.513446 -0.055559 -0.075416 0.000000 -0.428439 -0.474119 -0.005716 -0.001130 -0.000012 0.000006 0.000079 0.001048 0.001835 0.008005 -0.002783 -0.013396 -0.002435 -0.000395 -0.000000 -0.000007 -0.000072 -0.000059 -0.000361 -0.001273 0.000000 0.001783 0.004667 0.010293 0.711344 0.372919 -0.517011 -0.849810 -1.119916 -0.725279 -0.689126 -0.419503
0.002940 0.004982 0.000703 -0.002959 -0.001586 -0.001170 -0.000586 0.000000 0.000065 0.000038 0.000028 0.000034 0.000770 0.000737 0.002452 0.104651 0.096171 0.109205 0.106367 0.062840 -0.030449 -0.138080 -0.266748 -0.376777 -0.462817 -0.214258 -0.367459 -0.333706 -0.014468 -0.004264 -0.001606 -0.000009 0.000023 0.000584 0.003013 0.013354 -0.123603 -0.392024 -0.003966 -0.003166 -0.000896 -0.000010 0.000003 0.000009 0.000039 0.000094 -0.000044 0.000000 0.000387 0.003168 0.005087 0.582962 0.000099 0.032240 -0.458424 -0.936665 -1.046688 -0.503743 0.133686
0.003940 0.000212 -0.001733 -0.000098 -0.001185 -0.001087 -0.000584 0.000000 0.000525 0.003516 -0.000010 0.000017 0.000947 0.002639 0.745081 0.854321 0.884493 0.869713 0.929999 0.792754 0.638485 0.352273 0.135250 0.021759 -0.270832 -0.064540 -0.002714 -0.005835 -0.014233 -0.000853 -0.000055 -0.000000 0.000055 0.001863 0.004145 0.056075 -0.017335 -0.318091 -0.004653 -0.001408 -0.000040 -0.000023 0.000046 0.000026 0.000238 0.002388 0.000157 0.000000 0.000387 0.001616 0.011126 0.025539 0.139151 0.272691 0.119951 -0.181703 -0.202845 0.333253 1.636255
0.008604 0.000712 -0.001367 -0.000001 -0.008874 -0.001227 -0.000005 0.000002 -0.000004 0.000083 0.000035 0.000011 0.000019 0.003906 -0.049560 -0.238591 -0.413957 -0.423823 -0.486585 -0.570419 -0.617435 -0.774119 -1.125247 -1.363609 -1.735177 -0.022185 -0.002485 -0.012765 -0.001891 -0.001411 -0.000023 0.000009 0.002998 0.003605 -0.216647 -0.268201 -0.492827 -0.003849 -0.002485 -0.001825 -0.000037 -0.000005 0.000035 0.001316 0.002112 0.011517 0.000001 0.000010 0.001119 0.004239 0.007719 0.250897 0.552034 0.820540 0.481176 0.370454 0.853885 1.703455 2.525908
-0.149264 0.108184 0.126158 0.000030 -0.000236 -0.000010 0.000002 0.000004 0.000005 0.000030 0.000965 -0.032221 -0.116608 -0.273124 -0.318657 -0.430214 -0.487481 -0.485622 -0.494420 -0.439183 -0.497347 -0.643157 -0.870394 -0.874926 -0.615480 -0.425461 -0.012001 -0.008665 -0.000957 -0.000046 0.000002 0.000020 0.000183 0.002849 -0.083049 -0.131491 -0.005619 -0.003728 -0.003337 -0.001428 -0.000007 0.000005 0.000066 0.000029 0.000019 0.000267 0.000179 0.000068 0.000024 0.001826 0.004382 0.442908 0.581049 0.727682 0.870219 1.075705 1.478126 1.657613 2.680569
-1.055815 -0.620094 -0.369318 0.020421 0.045216 0.000001 -0.028478 -0.459752 0.023634 0.047347 -0.133710 -0.256291 -0.642250 -0.541130 -0.590293 -0.723987 -0.793390 -0.800349 -0.848025 -0.784282 -0.836507 -0.933192 -1.062907 -1.163531 -1.147446 -0.891437 -0.011685 -0.000332 -0.000006 0.000014 0.000018 0.000009 0.000017 -0.208141 -0.281984 -0.009608 -0.005718 -0.003408 -0.000191 -0.000070 -0.000002 0.000002 0.001460 0.004020 0.004939 0.000203 0.000133 0.000063 0.000031 0.005954 1.250661 1.309157 1.124899 1.584215 1.344064 1.209010 1.158202 1.221696 1.598779
0.452507 0.730450 1.014833 1.691886 1.963095 2.416155 3.814355 4.857119 4.018787 2.225634 1.822350 2.876292 2.446063 1.750955 1.590408 1.570651 1.386785 1.284738 1.223753 1.190302 1.077380 0.848264 0.640538 0.430808 0.438307 0.138511 -0.005929 -0.000012 0.000004 0.003117 0.005465 0.005129 -1.121106 -0.180020 -0.000568 -0.000588 -0.000217 -0.000915 -0.001399 -0.000232 -0.000003 0.000003 0.002436 0.004947 0.000217 0.000111 0.000181 0.000099 0.002759 0.006182 0.815797 0.883826 0.893120 1.219333 1.904774 1.965639 2.507961 2.584054 3.192210
3.208869 4.437936 4.941331 5.797817 6.687641 7.619229 8.685820 10.804201 11.146399 9.316882 7.893418 8.804423 8.005082 7.604043 6.435975 5.845014 6.009078 5.730172 5.058142 5.077346 3.977494 3.386093 2.793646 2.402210 1.594562 0.995590 0.224795 0.117909 0.393198 0.562780 0.505745 0.615578 0.441533 0.354057 0.295069 -0.010037 -0.007265 -0.006099 -0.000810 -0.000714 -0.000003 0.000003 0.001404 0.006382 0.000267 0.000247 0.006186 0.009941 0.000646 0.511450 1.145595 1.337964 1.813874 2.237138 2.654376 3.588939 4.498711 4.917431 5.954698
5.512256 5.530125 7.217079 8.557630 8.815726 11.144821 10.713569 9.641964 10.041482 13.274763 13.913744 13.950596 13.293906 12.368266 11.568004 10.594570 9.944825 8.854990 7.543540 6.959653 6.277548 5.915688 5.024487 4.471550 3.276489 2.819625 1.360633 1.287787 1.896267 1.700749 2.385542 2.269173 2.668065 2.634769 2.442389 1.017114 -0.022296 -0.002710 -0.000343 -0.000372 -0.000000 0.001150 0.004574 0.015774 0.031776 0.000008 -0.168712 -0.073521 0.340069 0.833279 1.870367 2.277358 2.920265 3.266444 3.859604 5.413600 6.399572 6.960126 8.274175
5.749043 8.100779 7.639563 8.652818 7.749682 8.523517 7.169466 4.856621 4.805166 8.637051 9.713516 9.099098 9.042713 8.605233 9.118431 8.619729 8.804022 7.610127 6.678945 6.411598 6.982637 6.816600 6.330666 6.280914 5.926413 5.410562 3.493336 3.260648 3.278451 2.403913 2.272648 3.912055 3.824286 3.684953 3.314933 2.290408 2.139035 0.952954 -0.005853 -0.000006 0.005357 -0.342786 -0.475065 -0.535468 -0.311841 0.072781 0.505592 2.015651 2.518564 3.017956 3.973398 4.087171 4.829475 5.043779 6.360808 6.959694 8.738481 8.929062 9.187571
7.517829 6.837639 6.734411 5.579504 5.225290 4.696135 3.848956 2.522252 2.268624 3.480655 3.313358 2.680418 2.645560 3.345992 4.048686 4.679121 4.808166 5.194997 4.831539 4.834145 6.254522 6.222516 6.181799 6.570046 6.529079 6.634891 5.633408 4.724647 4.950732 4.132035 4.214625 4.180545 5.307213 4.233999 4.092264 4.588042 3.559640 3.013193 2.480985 0.700300 0.773491 1.047251 1.019409 1.850743 1.859406 2.192370 2.430951 4.551595 4.718062 4.884921 5.560743 5.456467 6.011667 6.027758 6.919472 7.442038 7.467344 7.210015 8.544704
4.892007 4.214713 3.976127 2.689354 0.552455 0.002449 0.000288 0.066141 0.341277 0.441998 0.141833 -0.000000 0.071758 0.256330 0.623406 1.186196 2.273251 2.498077 2.743078 3.588039 3.601149 4.450096 5.035919 5.491953 5.717284 5.673527 6.178238 4.676577 4.615726 3.879537 3.119170 2.170654 2.235421 1.469740 4.029908 4.392848 4.970644 4.773852 4.924020 4.124941 4.532499 4.548390 4.229848 4.119994 4.448816 4.470345 4.261446 5.668091 6.260242 6.462491 6.240205 6.054186 5.695494 5.787637 5.418991 4.976473 4.515805 3.785700 3.991204
3.110501 1.643555 1.086072 0.474887 -0.007203 -0.000020 0.000020 0.003036 0.207479 0.173963 -0.000195 -0.000000 0.000684 0.003084 0.164739 0.221730 0.802081 1.205130 1.686139 2.398483 2.298333 2.972108 3.820371 4.178861 4.524170 4.650593 5.066125 4.500675 3.859462 3.107855 2.275903 1.351387 0.801220 0.196333 1.736360 2.016829 2.545042 3.260991 3.837474 4.556035 4.823531 4.521774 4.485278 3.943045 3.913698 4.672769 4.947891 6.533227 6.619009 6.654933 6.183978 5.863387 5.462460 5.526875 5.314083 4.756573 4.536520 4.024790 3.742686
2.969198 0.777966 0.833718 0.337930 -0.001173 -0.000077 0.000065 0.003791 0.133538 0.075900 -0.002301 -0.000012 0.000012 0.000600 0.088469 0.107246 0.381168 0.766432 1.445278 1.769705 1.974738 2.534687 3.041157 3.642983 3.557706 3.932631 4.837127 4.333049 3.748869 2.869615 2.631902 1.268209 0.730842 0.162790 1.650651 1.294302 1.648069 2.381449 2.954571 4.290033 4.190429 4.626233 4.306639 3.896683 4.677357 5.347467 5.829314 6.249731 6.088734 6.515914 5.938777 5.309801 4.906590 4.931349 4.581429 4.617336 4.057607 3.105848 2.245507
1.736760 0.727419 0.609024 -0.012672 -0.003136 -0.001414 0.000000 0.002581 0.080163 -0.057428 -0.615486 -0.000663 0.000000 0.000900 0.287105 0.292308 0.305250 0.693829 1.209927 1.612256 2.179133 2.512562 3.346269 3.739495 3.889588 4.956743 5.066532 5.340320 4.720028 4.756183 4.240362 3.693954 2.403930 2.765463 2.154408 2.107356 2.757642 2.961192 4.287382 5.546672 5.549915 5.501650 5.151235 5.747687 5.562447 6.381938 6.906648 6.737798 5.585144 5.100467 5.420045 5.773515 5.840204 5.430109 5.371237 4.897489 3.683735 2.593419 1.643069
0.829892 0.583584 0.001453 -0.010381 -0.001703 -0.000838 0.000000 0.366429 0.007561 0.009639 -0.064263 -0.002667 -0.000003 0.000028 0.000452 0.362972 0.523785 0.761093 1.094149 1.358894 1.785656 2.649453 3.024882 3.641588 4.249375 5.989400 6.657970 6.656464 6.986079 6.228071 6.681462 5.786025 5.693470 5.428291 7.335909 6.750366 7.357143 6.747494 7.099212 7.400632 6.605560 6.574065 6.400911 7.033256 6.963437 7.229908 7.371215 6.313731 5.323217 5.908935 5.703413 6.148960 5.849521 5.134747 4.350963 3.869082 2.879796 1.604994 0.972728
0.068674 0.030468 0.058876 0.021528 -0.020770 -0.000008 0.000003 -0.771117 -0.509112 -0.363025 -0.289988 -0.465947 -0.002028 0.000001 0.123280 0.177036 0.444135 0.466187 0.470305 0.890473 1.131073 2.087846 2.627031 4.029549 4.375743 4.988413 6.975752 7.528846 7.586194 8.172003 7.493016 7.779178 7.917373 7.863756 7.513125 8.342635 8.567161 8.438170 7.672973 7.631862 7.517762 7.336083 8.173738 7.997949 7.964765 8.378661 7.555489 6.453278 5.505645 6.159352 5.850757 6.131399 5.155425 4.451321 3.470891 2.771099 1.663518 1.045418 0.682280
1.160329 1.089025 0.966523 1.239037 1.236706 0.915011 0.927725 2.955347 2.135018 1.505571 1.183752 0.340373 0.001063 0.086979 0.198758 0.427216 0.616520 0.722881 0.815236 1.313242 1.692382 2.857992 3.623025 5.139266 5.421716 6.302313 5.898111 7.107991 7.020041 7.236308 7.508012 7.846662 8.179791 9.211813 8.485767 8.205017 7.893254 8.079034 7.220499 8.018250 7.363034 7.032204 7.586089 8.111425 7.929034 7.316442 6.762930 6.788539 5.348119 5.490644 4.472115 4.204003 3.346367 2.639342 2.158970 1.743739 1.173520 0.913661 0.659388
2.597602 2.408320 2.140577 1.851235 1.899919 1.202301 1.229065 2.452722 1.544021 0.694303 0.736425 0.803890 0.361376 1.080584 1.164634 1.481077 1.433601 1.429086 2.199575 2.615381 2.859113 4.120375 4.801271 6.000915 5.960048 6.142345 4.676287 4.782803 6.467954 7.223029 8.240079 8.183286 8.389853 9.113957 8.675391 7.811416 6.657960 6.462879 6.527441 5.308652 5.009464 6.847558 6.439494 7.093977 6.966702 6.393161 5.843266 5.710191 4.575683 3.607571 3.159395 3.110328 2.109918 1.664004 1.332746 1.048248 0.527926 0.390319 -0.007645
1.869306 1.800889 1.668953 1.496429 1.586706 1.020649 1.010213 0.846730 0.633490 0.000000 0.251106 0.330307 1.575764 1.803905 2.292668 2.305542 2.411753 2.480014 4.108243 5.065113 4.866718 5.418717 6.615657 6.298881 6.074055 6.211476 4.662089 4.693606 6.144354 7.366019 6.970576 7.205579 7.412465 8.014544 7.522574 6.623136 5.685682 5.060635 4.123946 3.935356 4.798197 4.856297 5.515934 5.724440 5.854203 4.866754 4.505105 4.134083 3.624740 2.957215 2.096030 1.747318 2.136423 1.660845 1.561105 1.107939 0.706384 0.570921 0.173957
1.189337 1.166589 1.080346 0.958652 1.014328 0.549060 0.435899 0.005242 0.001440 0.000000 0.026979 0.681778 2.215681 3.404223 4.355718 4.150787 5.446962 6.015551 6.984339 8.587234 6.655062 6.363780 5.816555 5.692830 5.022529 4.930625 4.607019 3.657265 5.473370 5.266519 5.140683 5.524796 5.168264 6.466209 6.633391 5.945189 5.193044 4.684183 3.870804 4.360952 3.762604 4.364749 4.787852 4.972944 4.665166 4.001853 3.774559 3.292275 3.126254 3.027886 2.515278 1.761468 2.188897 1.593640 1.232769 0.935639 0.216862 0.199515 -0.012669
3.255500 3.227492 3.532913 3.301934 2.701358 2.524291 2.410099 1.518125 1.533976 0.912661 2.897072 4.742869 7.192752 5.206723 7.125041 7.871325 7.077913 7.903702 8.480519 6.076693 4.834034 2.731701 2.896506 1.355748 0.520233 0.799198 1.144863 1.708247 1.542246 1.458274 1.583275 2.169900 2.109195 3.511635 3.791817 4.627680 4.076797 4.416971 3.943299 4.904359 4.903088 4.497348 4.980116 5.026784 4.545337 4.719836 4.030078 3.540312 3.444373 3.252616 3.187872 2.481457 2.325540 1.727466 1.592802 1.261199 0.555986 0.463008 -0.001432
3.860465 4.904466 5.194230 5.188823 5.795041 5.249582 5.737506 6.997653 7.148450 6.786255 7.446204 8.034263 10.538968 7.905679 9.878708 6.584044 5.508823 6.946486 2.770318 1.363825 0.078497 0.719934 1.096921 0.248877 -0.477594 -0.813376 -1.084320 -0.862523 -0.817647 -1.577441 -1.721772 -0.782917 0.001258 -0.185174 0.008246 0.746727 1.686118 1.866574 2.235534 3.637707 3.445759 3.265270 3.163216 3.040829 2.639745 2.453625 2.270999 1.891034 1.873411 1.821302 2.145374 1.907558 1.627861 1.550325 1.350257 1.140707 0.701715 0.516492 -0.001426
4.421637 5.108421 5.374368 5.785598 5.761168 6.441548 7.161148 8.597274 8.952934 8.630503 9.020708 9.160684 6.648944 5.011645 3.616915 0.314526 0.041540 -0.004815 -0.005294 0.007891 0.330408 0.935840 0.792023 -0.012013 -0.000000 0.001483 0.002476 0.000042 -0.016918 -0.059956 -0.172220 -0.030795 0.000002 0.000796 0.245456 0.593318 1.009604 1.184988 2.123881 2.695355 2.236930 2.198112 2.183002 1.674306 1.330095 1.161141 0.912292 0.958405 0.987187 0.951941 0.868278 1.156268 0.837415 0.592637 0.523118 0.614318 0.728375 0.122656 -0.000055
2.885295 2.177245 2.318723 2.650619 2.875482 3.250428 3.397093 3.815217 3.513397 3.716940 3.395574 1.828668 -0.000151 -0.000414 -0.006680 -0.002932 -0.001742 -0.000462 0.000002 0.070043 0.715878 1.453536 1.107219 -0.000874 -0.000041 -0.000050 -0.000016 0.000001 0.000005 -0.001702 -0.000288 0.000000 0.000559 0.002123 0.128292 0.284814 -0.026601 0.003726 0.159245 0.261907 0.109084 0.051976 -0.093606 0.045931 0.045399 -0.002894 -0.000026 0.000010 0.000035 0.005863 0.020015 -0.271417 -0.557746 -1.116061 -1.503816 -1.834536 -2.119335 -0.001113 -0.000001
