use_cases/Flooding_chicago/flooding_data/output/hUx_1500.asc
ncols 337
nrows 393
xllcorner 428428.000000
yllcorner 4602440.000000
cellsize 26.757400
NODATA_value -9999.000000
[rows 208 to 233 of 393, columns 177 to 235 of 337]
-0.001668 -0.000024 0.005962 0.002246 0.001963 0.040866 0.023783 -0.000830 -0.000163 0.000143 0.008690 0.043605 0.140093 0.081335 0.203537 0.389432 0.265748 0.119878 0.160671 0.354958 0.283767 0.446187 0.677348 0.806394 0.705732 0.445104 -0.007979 -0.000222 0.000222 0.057655 0.052616 0.046606 -0.003466 -0.330601 -0.515743 -0.479964 -0.142822 -0.036173 0.000636 0.028337 -0.025983 0.045895 0.101801 0.096384 0.094065 0.084574 0.080227 0.067059 -0.000000 0.059249 0.314277 0.029769 -0.107073 0.011804 -0.157903 -0.041404 -0.002843 0.000490 0.002429
-9999.000000 -0.000717 -0.000600 0.000000 0.011433 0.261226 0.230772 0.210900 0.071112 0.116042 0.858888 0.037022 0.097020 0.083948 0.178964 0.090264 0.166892 0.374307 0.221633 0.700386 1.212122 0.929318 0.738622 0.493616 -0.116581 -0.250672 -0.238990 -0.000490 0.001729 0.249059 0.207329 0.188754 0.111364 -0.020237 -0.527031 -0.757863 -0.482009 -0.202102 0.000046 0.000704 -0.062707 -0.081087 -0.007923 -0.000034 0.008208 0.167915 0.127980 0.142830 0.100767 0.066526 0.465818 0.120938 -0.132833 -0.000364 -0.120231 -0.037388 -0.001320 0.000616 0.023851
-9999.000000 -0.000024 0.000002 0.000000 0.010932 0.222190 0.217944 0.226607 0.084398 0.136281 0.085126 0.215240 0.182937 0.146762 0.088679 0.036079 0.066413 0.031027 0.104688 0.249929 0.277235 0.168285 0.133378 0.139180 0.109692 0.359497 0.399646 0.619454 0.816257 0.674267 0.449568 0.305586 0.184417 0.049803 -0.105556 -0.282096 -0.587669 -0.782170 -0.300300 -0.000252 -0.022982 0.002520 -0.012569 -0.000853 0.000308 0.001353 0.002560 0.099292 0.089627 0.074363 0.037936 0.526259 0.283080 0.247950 0.003622 -0.032519 -0.000499 0.000359 -0.096101
-9999.000000 -9999.000000 -0.000881 -0.000066 0.000724 0.040996 -0.000488 0.000315 0.063568 0.142751 0.060060 0.178893 0.170388 0.156997 0.118223 0.050933 0.068903 0.031500 0.050298 0.226678 0.129898 0.063261 0.037279 0.070646 0.079318 0.144682 0.030554 -0.021792 -0.008558 0.001940 0.011069 0.016468 -0.042584 -0.105920 -0.194071 -0.216844 -0.330626 -0.691370 -0.226967 0.074170 0.339859 0.920952 -0.009254 -0.002033 -0.000741 0.001391 0.008492 0.004908 0.067560 0.509035 0.473964 0.516738 0.734401 0.809659 0.621674 0.629526 0.640526 0.682492 1.762259
-9999.000000 -9999.000000 -9999.000000 -0.022143 -0.096467 -0.046515 -0.001335 0.000358 0.001179 0.068354 0.257518 0.201698 0.180788 0.167647 0.120971 0.197324 0.288634 0.397977 0.640334 0.436713 0.260830 0.113125 0.044027 0.106438 0.143924 0.139730 0.047443 -0.002888 -0.006254 0.008756 0.013403 0.085343 0.560908 0.131015 0.066230 0.096367 -0.203934 -0.206567 -0.262002 -0.100272 0.124087 0.103870 -0.085507 -0.039215 -0.000632 0.000522 0.002161 0.009682 -0.179006 -0.038644 0.225758 0.413827 0.500532 0.590293 1.699595 2.236973 1.585588 1.632172 1.991853
-9999.000000 -9999.000000 -9999.000000 -0.031556 -0.086723 -0.035190 -0.000898 -0.000433 0.000874 0.008367 0.019245 0.089409 0.020695 0.013153 0.001075 0.089871 0.278653 0.263048 0.075964 0.102122 0.009414 -0.099585 -0.177571 0.157812 0.503075 0.110605 0.033900 -0.002994 -0.001941 0.016085 0.016127 0.057203 0.610644 0.678265 0.941473 0.744503 -0.022021 -0.239463 -0.379479 -0.325386 -0.242158 -0.007681 -0.000926 -0.000240 0.000101 0.000314 0.014923 0.236319 0.859719 0.366657 0.076586 0.026610 0.019562 0.819179 1.590206 1.481902 2.038521 1.837634 1.708911
-9999.000000 -9999.000000 -9999.000000 -9999.000000 -0.000530 0.000000 -0.013726 -0.049885 -0.009931 -0.000005 0.004743 0.010787 0.034511 0.000442 0.019863 0.088136 0.193256 0.000773 0.003083 0.002212 0.001033 0.001909 0.057311 -0.200495 -0.523661 -0.056670 -0.002494 0.000419 0.008610 0.007200 0.004909 0.001093 0.000004 0.009031 0.482097 0.198512 -0.004357 -0.000121 0.004110 -0.336353 -0.449984 -0.000868 -0.001480 -0.000518 -0.000236 0.000422 0.000415 0.010448 0.013119 0.006261 -0.001454 0.123316 1.203131 2.137764 1.863811 1.562855 1.454606 1.417819 1.696684
-9999.000000 -9999.000000 -9999.000000 -9999.000000 -9999.000000 -0.004990 -0.008005 -0.026734 -0.006692 -0.000222 0.000222 0.005483 0.023528 0.006696 0.004000 0.012019 0.026999 0.010478 0.007020 0.003574 0.001422 0.016878 0.430210 0.209496 -0.358725 -0.068895 -0.010013 -0.003747 0.016121 0.007848 0.011539 -0.000116 0.000307 0.017235 0.775403 -0.005129 -0.007221 -0.001197 0.005327 -0.601425 -1.048591 -0.856865 -0.842375 -0.054215 -0.000007 0.008849 0.015397 0.020644 0.009278 -0.000029 0.017433 0.365283 1.106532 1.809687 0.282416 0.039673 -0.115112 -0.169807 -0.318647
-9999.000000 -9999.000000 -9999.000000 -9999.000000 -9999.000000 -9999.000000 -0.026047 -0.065486 -0.014605 -0.005200 0.000005 0.006503 0.028197 0.010047 0.006966 0.002566 0.003871 0.013649 0.031252 0.007669 0.043348 0.021349 0.515435 0.096016 -0.189820 -0.150756 -0.038456 -0.196967 -0.025499 -0.083162 -0.005878 0.000000 0.005878 0.012822 0.697494 -0.022559 -0.029583 -0.011446 0.011685 0.024728 0.022552 -0.489172 -0.628063 -0.613790 -0.492928 -0.468625 0.001529 0.005348 -0.006440 -0.000457 0.002503 0.183697 0.438370 0.269953 -0.000325 -0.000160 0.001234 0.000711 0.016731
-9999.000000 -9999.000000 -9999.000000 -9999.000000 -9999.000000 -9999.000000 -0.012396 -0.023820 -0.026371 -0.000110 0.000061 -0.003482 -0.006250 -0.004622 0.003731 0.002135 0.027022 0.045116 0.069788 0.173291 0.093807 0.318187 0.730276 -0.305226 -0.106006 -0.056930 -0.071606 -0.056373 -0.056549 -0.123501 -0.005878 0.000000 0.005878 0.012822 0.743816 -0.033212 -0.042672 -0.011888 0.015712 0.032128 0.036861 0.165670 0.483862 -0.252756 -0.592967 -0.265527 -0.009013 0.002284 0.002032 0.004721 0.013663 0.188738 0.145328 0.138431 -0.005982 0.000003 0.022100 0.068827 0.118645
-9999.000000 -9999.000000 -9999.000000 -9999.000000 -9999.000000 -9999.000000 -9999.000000 -0.003981 0.000000 -0.026688 -0.096526 -0.050489 -0.008194 -0.010137 -0.006727 0.000000 0.007906 0.037901 0.094892 0.138177 0.058375 0.116575 -0.001248 -0.053449 -0.061296 -0.092224 -0.085892 -0.069967 -0.276908 -0.103551 -0.126011 0.000000 0.026793 0.188918 0.431976 -0.082256 -0.101696 -0.000006 0.285378 0.277653 0.329067 0.080797 0.159293 0.072927 0.321984 0.009068 -0.086465 0.000808 0.025316 0.019563 0.560523 0.358169 -0.098057 -0.083860 -0.000326 0.000208 0.059484 0.122641 0.098165
-9999.000000 -9999.000000 -9999.000000 -9999.000000 -9999.000000 -9999.000000 -9999.000000 -9999.000000 0.000000 0.069129 -0.162172 -0.027341 -0.008179 -0.011962 -0.009790 0.000015 0.014922 0.023388 0.056699 0.007634 0.003900 -0.004937 -0.017158 -0.039461 -0.073315 -0.070111 -0.057076 0.061798 0.242152 0.179591 -0.021958 0.000000 0.012557 0.042494 -0.037950 -0.093133 -0.084687 -0.091631 -0.108419 -0.157774 -0.424832 -0.024036 0.063191 0.039320 0.016102 0.008785 0.001022 0.009587 0.073039 0.492247 0.198431 -0.065696 -0.244823 -0.101691 -0.027387 0.111090 0.081580 0.060397 0.021418
-9999.000000 -9999.000000 -9999.000000 -9999.000000 -9999.000000 -9999.000000 -9999.000000 -9999.000000 -9999.000000 -0.116820 -1.481718 -0.293254 -0.005259 -0.008106 -0.000569 0.000468 0.018248 0.039662 0.037217 0.005755 0.005278 -0.002512 -0.008475 -0.003508 0.005005 0.121147 0.139022 0.204561 0.022770 0.006012 -0.005373 0.000000 0.005373 0.014132 0.037725 -0.051227 0.065557 0.097010 -0.006465 -0.148881 -0.134033 -0.037188 -0.075087 -0.000517 -0.004461 -0.001738 0.015247 0.032811 0.013598 -0.008614 -0.007863 -0.107153 -0.405502 -0.500081 0.012939 0.047327 0.000002 0.001234 0.001649
-9999.000000 -9999.000000 -9999.000000 -9999.000000 -9999.000000 -9999.000000 -9999.000000 -9999.000000 -9999.000000 -9999.000000 0.000000 -0.037292 -0.109926 -0.026001 -0.000457 0.000528 0.003909 0.001983 0.004749 0.003719 0.013280 -0.001440 -0.018198 -0.013945 0.002528 0.010520 0.120969 0.535324 -0.297105 -0.017281 -0.005473 0.000000 0.005473 0.016644 0.023710 0.026674 0.099674 0.107779 0.136384 0.378958 0.195712 0.143912 -0.117439 -0.006375 -0.000194 0.008854 -0.004656 0.001068 0.005202 -0.042727 -0.062323 -0.009147 0.045460 0.223636 0.177316 -0.005044 0.000067 0.009661 0.015237
-9999.000000 -9999.000000 -9999.000000 -9999.000000 -9999.000000 -9999.000000 -9999.000000 -9999.000000 -9999.000000 -9999.000000 -9999.000000 0.000000 -0.001762 -0.006156 -0.000016 0.000484 0.001352 0.016293 0.015526 0.010377 0.012478 -0.002451 -0.027196 -0.035288 -0.035853 -0.033238 -0.053302 -0.133315 -0.082368 -0.007873 -0.000848 0.000000 0.000848 0.009064 0.029940 0.045087 0.135418 0.148104 0.211349 0.135164 0.070091 -0.158083 -0.171749 -0.024167 -0.013922 0.000077 0.001190 0.010701 0.021158 0.006100 -0.075931 -0.050385 0.041964 0.158807 0.124925 -0.000194 0.001425 0.015693 0.021370
-9999.000000 -9999.000000 -9999.000000 -9999.000000 -9999.000000 -9999.000000 -9999.000000 -9999.000000 -9999.000000 -9999.000000 -9999.000000 -9999.000000 -0.000222 0.000222 0.007775 0.022309 -0.004088 -0.005361 0.006927 0.009495 0.002625 0.000008 0.004832 0.068819 -0.042432 -0.087366 -0.110001 -0.046826 -0.057974 -0.001207 -0.000474 -0.000400 0.000572 0.003236 0.031433 0.058217 0.094977 -0.001761 -0.003110 -0.002168 -0.039214 -0.073175 -0.037819 -0.045760 -0.026652 -0.005502 -0.002499 -0.006441 -0.000410 0.000412 -0.252046 -0.487910 -0.221458 0.139256 -0.000460 0.000277 0.018072 0.036903 0.222384
-9999.000000 -9999.000000 -9999.000000 -9999.000000 -9999.000000 -9999.000000 -9999.000000 -9999.000000 -9999.000000 -9999.000000 -9999.000000 -9999.000000 -9999.000000 -9999.000000 -9999.000000 -9999.000000 -9999.000000 -0.000458 -0.000641 -0.001134 -0.000491 0.000258 0.009577 0.025234 -0.013600 -0.043109 -0.075375 -0.127091 -0.176449 -0.193844 -0.142156 -0.167408 -0.015858 0.000000 0.010041 0.044069 0.067100 -0.057111 -0.015671 -0.024627 -0.031394 -0.048869 -0.065724 -0.054420 -0.028852 0.003052 0.006244 -0.003026 -0.000870 0.000945 -0.128393 -0.296927 -0.159642 -0.010473 -0.000792 0.000202 0.025157 0.043551 0.227804
-9999.000000 -9999.000000 -9999.000000 -9999.000000 -9999.000000 -9999.000000 -9999.000000 -9999.000000 -9999.000000 -9999.000000 -9999.000000 -9999.000000 -9999.000000 -9999.000000 -9999.000000 -9999.000000 -9999.000000 -9999.000000 -9999.000000 -9999.000000 -0.001027 -0.000014 0.001022 0.002270 0.001487 -0.043032 -0.063579 -0.105450 -0.155796 -0.187659 -0.138299 -0.153471 -0.014768 0.000000 0.017357 0.075483 0.206585 -0.169697 -0.026147 -0.052881 -0.067508 -0.083871 -0.104366 -0.240352 -0.174681 0.015503 0.036959 0.021107 -0.001044 0.002749 0.018908 0.484487 0.147791 -0.433389 -0.046544 -0.000292 0.000947 0.029154 0.048618
-9999.000000 -9999.000000 -9999.000000 -9999.000000 -9999.000000 -9999.000000 -9999.000000 -9999.000000 -9999.000000 -9999.000000 -9999.000000 -9999.000000 -9999.000000 -9999.000000 -9999.000000 -9999.000000 -9999.000000 -9999.000000 -9999.000000 -9999.000000 -9999.000000 -0.000279 0.000685 0.001996 0.001786 0.013811 0.004408 -0.001615 -0.001817 0.003422 0.028736 -0.052233 -0.017415 0.000015 0.021501 0.081096 -0.106879 -0.237911 -0.306789 -0.056268 -0.071372 -0.074683 -0.079292 -0.183648 -0.248980 -0.373156 -0.284928 -0.013286 0.000009 0.027187 0.065372 0.524610 0.210278 -0.322446 -0.032856 -0.000224 0.001538 0.029555 0.032199
-9999.000000 -9999.000000 -9999.000000 -9999.000000 -9999.000000 -9999.000000 -9999.000000 -9999.000000 -9999.000000 -9999.000000 -9999.000000 -9999.000000 -9999.000000 -9999.000000 -9999.000000 -9999.000000 -9999.000000 -9999.000000 -9999.000000 -9999.000000 -9999.000000 -0.000011 0.007054 0.161669 -0.001489 -0.002339 -0.001409 -0.001372 0.000079 0.024260 0.016198 0.003075 -0.000718 0.000357 0.023726 0.034128 0.114783 0.152843 -0.024396 -0.005435 -0.002690 0.001936 0.005254 0.005521 -0.064177 -0.067695 0.020241 -0.002664 0.000137 0.002765 0.034795 0.417894 -0.042772 -0.033216 -0.009621 -0.000005 0.016456 0.021012 0.031215
-9999.000000 -9999.000000 -9999.000000 -9999.000000 -9999.000000 -9999.000000 -9999.000000 -9999.000000 -9999.000000 -9999.000000 -9999.000000 -9999.000000 -9999.000000 -9999.000000 -9999.000000 -9999.000000 -9999.000000 -9999.000000 -9999.000000 -9999.000000 -9999.000000 -9999.000000 -0.174696 -0.162715 -0.176681 -0.017232 -0.001557 -0.000079 0.001541 0.020656 -0.000489 -0.000777 -0.001040 0.000520 0.001162 0.037108 0.184882 0.047701 -0.004638 -0.012028 -0.002811 0.005612 0.011715 0.014534 0.009470 -0.302903 -0.040824 -0.005802 0.000307 0.006135 0.018931 -0.369050 -0.208795 -0.013809 -0.007686 -0.000208 0.000326 0.014131 0.029113
-9999.000000 -9999.000000 -9999.000000 -9999.000000 -9999.000000 -9999.000000 -9999.000000 -9999.000000 -9999.000000 -9999.000000 -9999.000000 -9999.000000 -9999.000000 -9999.000000 -9999.000000 -9999.000000 -9999.000000 -9999.000000 -9999.000000 -9999.000000 -9999.000000 -9999.000000 0.000000 -0.055292 -0.154928 -0.049273 -0.019362 -0.000000 0.012853 0.047609 -0.052935 -0.006187 0.023836 -0.000230 0.000512 0.035943 0.129461 0.096519 0.000024 0.002187 0.002930 0.004151 0.005381 0.005457 0.010518 -0.464364 -0.085006 -0.010470 -0.001225 0.011182 0.005910 0.024580 0.027950 -0.013604 -0.007326 -0.000003 0.005982 0.014448 0.019228
-9999.000000 -9999.000000 -9999.000000 -9999.000000 -9999.000000 -9999.000000 -9999.000000 -9999.000000 -9999.000000 -9999.000000 -9999.000000 -9999.000000 -9999.000000 -9999.000000 -9999.000000 -9999.000000 -9999.000000 -9999.000000 -9999.000000 -9999.000000 -9999.000000 -9999.000000 0.000000 0.004032 -0.005372 -0.023411 -0.008513 -0.000005 0.007514 0.026208 0.149092 0.069095 0.101879 0.110533 0.092024 0.060990 0.095330 0.030635 0.000538 0.000456 0.000520 0.001295 0.001489 0.001073 0.036218 -0.139292 -0.119109 -0.018519 -0.015241 0.000000 0.015567 0.101124 0.026851 -0.362785 -0.046902 0.000013 0.015785 0.055087 0.657317
-9999.000000 -9999.000000 -9999.000000 -9999.000000 -9999.000000 -9999.000000 -9999.000000 -9999.000000 -9999.000000 -9999.000000 -9999.000000 -9999.000000 -9999.000000 -9999.000000 -9999.000000 -9999.000000 -9999.000000 -9999.000000 -9999.000000 -9999.000000 -9999.000000 -9999.000000 -9999.000000 0.000000 -0.008738 -0.030575 -0.012284 -0.000172 0.000488 0.016429 0.014906 0.001432 0.002387 0.031529 0.032223 0.282129 0.036075 0.013062 0.007033 0.001707 0.001556 0.003033 0.003144 0.002313 0.012835 0.038402 -0.056522 -0.004825 0.000271 0.000000 0.018749 0.181730 0.176816 -0.096680 -0.000880 0.000272 0.020536 0.059534 0.423932
-9999.000000 -9999.000000 -9999.000000 -9999.000000 -9999.000000 -9999.000000 -9999.000000 -9999.000000 -9999.000000 -9999.000000 -9999.000000 -9999.000000 -9999.000000 -9999.000000 -9999.000000 -9999.000000 -9999.000000 -9999.000000 -9999.000000 -9999.000000 -9999.000000 -9999.000000 -9999.000000 0.000000 -0.009937 -0.033940 -0.012792 -0.000004 0.017039 0.015467 0.004878 0.001575 0.019199 0.198843 0.161991 0.084549 -0.088235 -0.001002 -0.000441 0.000676 0.001256 0.004606 0.007147 0.004803 0.002118 0.001665 0.001310 0.085526 0.090988 0.059299 0.023618 0.173196 0.212517 -0.250921 -0.006030 0.000000 0.027236 0.063922 0.048195
-9999.000000 -9999.000000 -9999.000000 -9999.000000 -9999.000000 -9999.000000 -9999.000000 -9999.000000 -9999.000000 -9999.000000 -9999.000000 -9999.000000 -9999.000000 -9999.000000 -9999.000000 -9999.000000 -9999.000000 -9999.000000 -9999.000000 -9999.000000 -9999.000000 -9999.000000 -9999.000000 -9999.000000 -0.037714 -0.046490 -0.014052 -0.000000 0.012035 0.010130 -0.000360 0.000360 0.026696 0.107990 0.016063 0.001149 -0.003880 -0.001778 -0.002324 0.000758 0.000656 0.012258 0.011620 0.134762 -0.000192 0.002137 0.001739 0.241832 0.195270 0.536856 0.553226 1.260898 0.542234 -0.145153 -0.109086 -0.000530 0.001176 0.015043 0.053841
