use_cases/Flooding_chicago/flooding_data/output/hUx_2340.asc
ncols 337
nrows 393
xllcorner 428428.000000
yllcorner 4602440.000000
cellsize 26.757400
NODATA_value -9999.000000
[rows 104 to 129 of 393, columns 118 to 176 of 337]
-9999.000000 -9999.000000 -9999.000000 -9999.000000 -9999.000000 -9999.000000 -9999.000000 -9999.000000 -9999.000000 -9999.000000 -9999.000000 -9999.000000 -0.000530 0.000000 0.007988 0.017478 0.016305 0.003642 0.042245 0.176923 0.067658 0.024637 0.009654 0.005544 0.003284 0.014646 0.041481 0.247367 0.007137 -0.033068 -0.041817 -0.306756 -0.546915 -0.868232 -0.023747 -0.000326 0.000208 0.013782 0.022372 0.004715 0.001293 0.005248 0.008303 0.008182 0.078884 0.877907 0.461017 0.257329 0.224019 0.004288 0.091311 0.017545 0.000789 0.000951 0.142625 0.195156 0.193710 0.227978 0.078579
-9999.000000 -9999.000000 -9999.000000 -9999.000000 -9999.000000 -9999.000000 -9999.000000 -9999.000000 -9999.000000 -9999.000000 -9999.000000 -9999.000000 -9999.000000 -0.000245 0.000000 0.004217 0.007929 0.013036 0.046234 0.009095 0.007688 0.002934 0.000254 0.006817 0.006708 0.003240 0.010648 0.230679 0.039966 0.049103 0.118787 0.081178 -0.026330 -0.204908 -0.010936 -0.008844 0.000003 0.003984 0.021025 0.038436 0.006366 0.015860 0.023890 0.146417 0.177352 0.182428 -0.263537 -0.703901 -0.844598 -0.952189 -0.685657 -0.049514 -0.000339 0.000640 -0.061545 -0.068111 -0.002210 -0.003284 -0.000008
-9999.000000 -9999.000000 -9999.000000 -9999.000000 -9999.000000 -9999.000000 -9999.000000 -9999.000000 -9999.000000 -9999.000000 -9999.000000 -9999.000000 -0.001217 -0.000046 0.000088 0.006755 0.017007 0.038458 0.011311 0.004431 0.002389 0.001571 0.004431 0.002073 0.002934 0.002241 0.015052 0.032859 0.092006 0.126117 0.078854 0.053452 0.003997 -0.100883 -0.021101 -0.005713 0.000000 0.015921 0.030272 0.036741 0.057651 0.101878 0.041623 0.083462 0.082614 0.063081 0.043267 0.012121 0.082558 0.078016 -0.033567 -0.043400 -0.000492 0.001920 -0.099812 -0.117528 -0.008905 -0.037081 -0.006287
-9999.000000 -9999.000000 -9999.000000 -9999.000000 -9999.000000 -9999.000000 -9999.000000 -9999.000000 -9999.000000 -9999.000000 -9999.000000 -0.000741 -0.000048 0.001172 0.000616 0.001962 0.003332 0.007170 0.004879 0.002523 0.003106 0.002593 0.019826 0.040649 0.049303 0.000101 0.013287 0.018080 0.118886 0.028510 0.000026 0.018323 0.012223 0.001671 -0.016925 -0.006365 -0.000061 0.001021 0.009316 0.044504 0.087178 0.146225 0.081346 0.029796 0.032268 0.038466 0.041061 0.063106 0.039682 0.028444 0.027291 -0.000527 0.000050 0.004390 -0.320524 -0.499204 -0.619331 -0.107622 -0.007470
-9999.000000 -9999.000000 -9999.000000 -9999.000000 -9999.000000 -9999.000000 -9999.000000 -9999.000000 -9999.000000 -9999.000000 0.000003 -0.005529 -0.001803 0.000591 0.002124 0.004851 0.010677 0.009115 0.014346 -0.000577 0.000466 0.001100 0.011855 0.021473 0.100859 -0.000098 0.000997 0.007968 0.008156 0.001712 0.000962 0.037448 0.110631 0.000175 0.003753 0.003060 -0.000104 0.000141 0.001716 0.005048 0.002806 0.010298 0.108169 0.000000 0.007299 0.014416 0.032787 0.140579 0.166148 0.056244 -0.000308 0.000011 0.000312 0.031134 0.977227 1.173192 -0.099887 -0.112860 -0.221641
-9999.000000 -9999.000000 -9999.000000 -9999.000000 -9999.000000 -9999.000000 -9999.000000 -0.001193 -0.001505 -0.000326 0.000208 -0.001522 -0.000632 0.000331 0.004235 0.005180 0.005408 0.003921 0.038361 0.078048 0.000019 0.001082 0.001540 0.001733 0.017230 0.003647 0.016106 0.022845 0.001593 0.000067 0.007030 0.105233 0.074678 -0.006562 -0.005449 0.009583 0.006889 0.002618 0.000120 0.000141 0.000842 0.014946 0.045805 0.008676 0.003636 0.009319 0.075871 0.214165 0.106301 0.025397 -0.000485 0.000156 0.000240 0.018999 0.072284 -0.487540 -0.821209 -0.134587 -0.044307
-9999.000000 -9999.000000 -9999.000000 -9999.000000 -9999.000000 -9999.000000 -0.001871 -0.001187 -0.000486 0.000289 0.006315 -0.000235 -0.006402 0.000012 0.004109 0.004566 0.008917 0.003404 0.011495 0.008890 0.002224 0.000550 0.000401 0.053188 0.034875 0.007828 0.013668 -0.538761 -0.546217 -0.410125 0.024483 0.153357 0.131814 0.103065 -0.003569 0.002718 0.005145 0.014822 0.003555 -0.007707 -0.000296 0.000129 0.048406 0.082657 0.078868 0.206250 0.237157 0.211106 -0.000770 -0.001615 -0.001323 0.000074 0.000515 0.006775 0.018192 0.005140 0.000494 0.000000 -0.029446
-9999.000000 -9999.000000 -0.012067 -0.018890 -0.010733 -0.010617 -0.003833 -0.004419 -0.000023 0.004231 0.019675 0.042953 -0.006887 -0.000792 0.000004 0.000907 0.014636 0.011735 0.001865 0.006270 0.001443 -0.000400 0.000476 0.000901 0.078105 0.054460 0.068725 -0.212017 -0.197032 -0.182231 0.000000 0.007240 0.142918 0.084482 0.042279 0.000219 0.015751 0.080838 0.008937 -0.052713 -0.020187 -0.000240 0.000058 0.006463 0.017238 0.024432 0.016854 0.001543 0.001542 -0.006236 -0.029861 -0.006880 -0.000520 0.000048 0.005276 0.014543 0.009275 0.244208 0.000000
-0.004189 -0.017559 -0.014200 -0.010996 -0.043040 -0.008470 -0.000944 -0.000072 0.008651 0.023851 0.026517 0.013881 -0.021665 -0.009937 0.000000 0.019584 0.056035 0.039371 0.005750 0.000599 -0.016472 -0.021589 -0.012503 0.000000 0.003986 0.076868 0.371286 0.451621 0.619852 0.473318 0.000000 0.005877 0.124096 0.173982 0.052410 0.000010 0.019560 0.171883 0.151900 -1.034100 -0.020878 -0.006127 0.000000 0.005094 0.007492 0.009603 0.000000 0.005350 0.010222 0.024693 -0.023290 -0.013213 -0.006708 -0.000222 0.000222 0.003946 -0.061296 -0.055542 -0.022947
-0.085404 -0.006597 -0.025167 -0.030018 -0.007701 -0.000476 0.000088 0.007770 0.010601 0.001039 0.018980 0.084858 -0.019439 -0.008474 0.000000 0.010838 0.017384 0.031376 0.004935 -0.000630 -0.062431 -0.022295 -0.010118 0.000000 0.007592 0.098930 0.020011 0.295385 0.679423 0.369940 0.000000 0.005877 0.081801 0.087212 0.021994 -0.000210 0.002114 0.012083 0.449802 0.285253 -0.023588 -0.010756 0.000000 0.011970 0.027670 0.002777 -0.000067 0.000464 0.010105 0.029646 -0.000146 -0.000956 -0.000668 -0.000070 0.000070 0.008222 -0.136256 -0.162764 -0.187628
0.002775 -0.009039 -0.083328 -0.013424 -0.008819 -0.000126 0.000111 0.008330 0.018762 0.000903 0.001473 0.065977 0.099590 -0.000574 0.000203 0.012073 0.027574 -0.008349 -0.023207 -0.143468 -0.181408 -0.199151 -0.013418 0.000000 -0.004066 -0.012021 -0.015398 0.014831 0.031549 0.027249 0.000000 0.007240 0.042498 0.133085 -0.018498 -0.011791 -0.000028 0.000987 0.025681 0.470678 0.415074 -0.000437 -0.000240 0.000311 0.004289 0.022901 -0.000001 0.010765 0.019196 0.138853 0.109661 0.098388 0.053661 -0.000075 0.000064 -0.881869 -0.810966 -0.571938 -0.354643
0.001484 0.012669 0.003588 -0.057054 -0.019356 -0.003965 0.000003 0.008684 0.038631 0.039737 0.000040 0.021224 0.062478 0.013294 -0.007760 -0.046917 -0.098750 -0.076133 -0.306812 -0.256921 -0.280561 -0.236919 -0.027146 0.000000 -0.019229 -0.037197 -0.009091 0.002891 0.012141 0.027863 0.008948 0.015504 0.464787 0.322473 0.294838 0.207875 -0.000448 0.000457 0.000616 0.004435 0.301577 0.166279 -0.011120 0.000005 0.004290 0.096052 -0.000068 0.000307 0.007779 0.540453 0.681991 1.621693 1.154599 0.884422 0.565436 0.245032 0.174034 0.116312 0.187374
0.000070 0.025002 0.037225 0.028198 -0.086296 -0.009136 -0.000207 0.000450 0.032593 0.037361 0.019306 0.005875 0.054280 0.012025 -0.053589 -0.055511 -0.096752 -0.079313 -0.222427 -0.167451 -0.117545 -0.006930 -0.010915 -0.006246 -0.006144 0.000774 0.015701 0.013286 0.011078 0.021717 0.009721 0.005227 0.095871 0.020803 0.111463 0.053335 0.003343 0.001323 0.007368 0.021891 0.054089 0.123231 -0.000479 0.000013 -0.725367 -1.317455 -0.264979 0.029962 0.001490 0.624963 0.840008 1.178032 0.960807 1.157857 0.836132 0.866226 0.885086 0.765099 0.703190
0.046967 0.035672 0.045114 0.038154 0.162765 0.205235 0.133257 0.081233 0.093585 0.085278 0.047276 0.027447 0.023837 0.037469 0.022415 -0.029559 -0.149351 -0.093588 -0.032394 -0.029113 -0.001717 -0.003095 0.000000 0.032267 0.108645 0.100344 0.018817 0.007059 0.003420 -0.008362 -0.029404 0.000249 0.003549 0.097815 0.287908 0.164901 0.001775 0.017720 0.023186 -0.035182 -0.125932 0.038238 0.025743 -0.058101 -0.128548 0.180556 0.250844 0.487470 0.804970 1.318663 1.012514 0.208288 0.163704 0.999440 0.909177 0.869048 0.849406 0.867322 0.705842
0.086381 0.039512 0.040821 0.032863 0.206136 0.222359 0.182728 0.128521 0.000000 0.060336 0.146873 0.050970 0.050447 0.065554 0.049349 -0.010319 -0.185118 -0.209977 -0.083876 -0.008159 -0.023657 -0.008287 0.000000 0.013304 0.031135 0.073346 0.013256 -0.014495 -0.068276 -0.482298 -0.187487 -0.003644 0.001713 0.314216 0.458371 0.530134 0.427314 0.592188 0.687493 0.062903 -0.196209 -0.176723 -0.389120 -0.389822 -0.170055 -0.191548 0.112064 0.291446 0.704521 0.513416 -0.011003 0.000000 0.006185 0.807332 1.345016 1.155886 1.384553 1.726410 1.755330
0.065801 0.025121 0.236069 0.026254 0.013169 0.003605 0.061924 0.050311 0.000000 0.024365 0.094460 0.030273 0.032153 0.034095 0.004218 -0.042511 -0.082203 -0.031453 -0.019366 -0.072062 -0.009543 -0.000660 -0.000072 0.000979 0.041835 -0.160450 -0.244213 -0.541505 -0.710538 -0.624956 -0.203769 -0.008679 -0.004171 0.002884 0.003050 0.427734 0.315834 0.651333 1.422945 1.683019 0.959113 0.785699 0.995534 0.923465 0.980017 1.367978 0.895669 0.671236 0.650291 0.241446 0.001282 0.000097 0.045142 0.063735 0.190147 0.352897 0.768532 0.890303 0.909151
0.002038 0.000568 0.007177 0.012923 0.007641 -0.000599 0.011673 0.057446 0.028592 0.009757 0.037971 0.029292 0.032194 0.323348 0.115399 -0.073081 -0.122074 -0.040892 -0.034951 -0.008740 -0.000560 -0.000170 -0.000001 0.029983 -0.140722 -0.146676 -0.117188 -0.279372 -0.015212 -0.014330 -0.048195 -0.014126 -0.013176 -0.000219 0.000990 0.016136 0.357364 0.179843 0.165689 0.409296 0.001392 0.081965 0.236824 0.297745 0.328629 0.561498 0.449890 0.372024 0.575045 0.492123 0.281003 0.163932 -0.083725 -0.132457 0.099767 0.302591 0.744006 0.929661 1.012525
-0.072436 -0.094557 -0.000289 0.003733 0.035163 0.067130 0.018168 0.145197 0.539718 0.374299 0.216317 -0.023026 -0.232179 -0.424206 -0.277486 -0.276250 -0.279897 -0.047369 -0.075707 -0.092275 -0.129428 -0.169592 -0.042528 -0.394560 -0.460504 -0.295825 -0.136447 -0.096761 -0.002183 -0.001387 -0.006241 -0.020289 -0.002003 0.001341 0.003946 0.038827 0.047433 0.136626 0.197435 0.227392 -0.267615 -0.023229 0.195486 0.350379 0.290802 0.236832 0.223458 0.215882 0.265521 0.203087 0.223324 0.696164 0.398744 0.217614 0.246038 0.269151 0.362283 0.368679 0.277308
-0.025757 -0.001664 -0.000667 0.001697 0.018129 0.070566 0.108858 0.083834 0.053835 0.291478 0.010530 -0.180432 -0.338825 -0.448485 -0.451107 -0.416932 -0.508767 -0.543609 -0.062537 -0.090247 -0.100070 -0.036482 -0.080260 -0.494607 -0.644945 -0.594182 -0.565493 -0.766343 -0.021223 -0.001126 -0.002627 -0.003636 0.000700 0.007801 0.008068 0.039391 0.080175 0.126657 0.190996 1.513375 0.727985 0.744627 1.010601 1.211838 1.093403 0.790268 0.834488 0.684328 0.674936 0.244722 0.249880 0.725392 0.437881 0.207923 0.267235 0.231685 0.229629 0.121655 0.129800
-0.007124 -0.002923 -0.000040 0.027686 0.070988 0.113045 0.048364 0.045133 0.036459 0.014538 0.437492 0.307375 0.061043 -0.050614 -0.126028 -0.121309 -0.177973 -0.185712 -0.275094 -0.070674 -0.088072 -0.037961 -0.077040 -0.783849 -0.829672 -0.763993 -1.218917 -1.122448 -0.025811 -0.000428 0.000361 0.009903 0.005742 0.007177 0.010777 0.003436 0.036820 0.114842 0.155043 2.169911 1.969266 2.209980 1.297146 1.587917 1.731233 1.630612 1.416048 1.209685 1.128710 0.701198 0.319114 0.901040 0.754338 0.618564 0.673348 0.556005 0.534498 0.430476 0.419376
0.115945 -0.003171 0.001555 0.005380 0.033343 0.107911 0.329545 0.070255 -0.035324 0.000621 0.133880 0.269390 0.210994 -0.015441 -0.081534 -0.105072 -0.180103 -0.199787 -0.285584 -0.050126 -0.055792 -0.007541 -0.009153 -0.808318 -0.099180 -0.000138 -0.030792 -0.119019 -0.022307 -0.001007 0.000602 0.001794 -0.000278 -0.000197 0.000864 0.000968 0.020363 0.057244 0.075824 0.049726 0.306954 0.166668 -0.076003 -0.099051 0.067184 0.344078 0.381589 0.538374 0.629611 0.924175 1.153449 1.095522 1.958696 1.876014 1.569204 1.000274 0.935911 0.696297 0.508808
0.070718 -0.002774 -0.000504 0.003648 0.027655 0.071766 0.652984 0.710361 0.244401 0.131281 0.034495 -0.001822 0.010393 -0.034350 -0.007035 0.062023 -0.079569 -0.009384 -0.027248 -0.061845 -0.095110 -0.159568 -0.335660 -0.521164 -0.057975 -0.002565 -0.004297 -0.016645 -0.009189 -0.001926 -0.001035 0.000012 0.000000 0.002536 0.002152 0.001246 0.026719 0.057636 0.014687 0.028662 0.040075 0.030981 0.004358 0.002254 0.007275 0.215603 0.263750 0.227721 0.289145 0.246676 0.174211 0.736138 0.085784 -0.004112 -0.076273 -0.004292 0.000117 0.020420 0.237333
0.188359 0.074960 0.004855 0.004294 0.015691 0.429163 0.317269 0.402053 0.184218 0.115542 0.011221 -0.034244 0.003960 0.009140 0.029744 0.175476 0.112131 0.109445 -0.007808 -0.007020 -0.115420 -0.309301 -0.746302 -0.567887 -0.032436 -0.003270 -0.007187 -0.022538 -0.008064 -0.001057 -0.000703 -0.000055 0.000029 0.001001 0.029315 0.035587 0.030110 0.017317 0.010602 0.007436 0.013737 0.023973 0.030182 0.009174 0.045019 0.245404 -0.097811 -0.031376 -0.003392 -0.001567 -0.001055 -0.000382 -0.000614 -0.000717 -0.000413 0.000000 0.006340 0.060316 0.084318
0.251295 0.151266 0.003254 0.002192 0.033413 0.228178 0.140602 0.168523 0.206523 0.211930 0.200203 0.159290 0.086866 0.026446 0.007880 -0.099329 -0.245413 -0.392451 -0.630783 -0.803915 -1.029454 -1.440259 -1.419731 -0.420698 -0.004271 -0.002243 -0.001765 -0.002303 -0.001002 -0.000034 -0.001572 -0.001553 -0.001706 0.000052 0.025182 0.027047 0.023832 0.018575 0.017598 0.010899 0.002061 0.009352 0.026308 0.055234 0.106248 0.221798 -0.158062 -0.066668 -0.029281 -0.005302 -0.026060 -0.010508 -0.000182 0.000513 0.002768 0.001316 0.001375 0.035703 0.023922
0.382651 0.424064 0.268006 0.101729 -0.074734 -0.257228 -0.317029 -0.249405 -0.222819 -0.091824 -0.011686 0.071670 0.093029 0.052657 0.003721 0.004185 -0.066628 -0.151851 -0.162429 -0.193422 -0.299378 -0.378751 -0.004468 0.000000 -0.000016 -0.000668 -0.002483 -0.002061 -0.002061 -0.002414 -0.018345 -0.027101 -0.018988 -0.000265 0.000436 0.007732 0.010159 0.013333 0.005226 -0.000084 0.000126 0.016848 0.040695 0.009473 0.016634 -0.065026 -0.187128 -0.084278 -0.110289 -0.097343 -0.036847 -0.015496 -0.000048 0.016989 0.033358 0.225580 0.648330 0.101559 0.057927
0.001344 0.331742 0.658477 1.333330 1.297620 1.225012 0.916144 0.907946 0.797301 0.552707 0.642051 0.601034 0.495787 0.406244 0.344404 0.252873 0.211733 0.098092 0.002174 -0.046075 0.016169 0.085715 0.067054 0.000312 -0.167984 -0.245410 -0.264665 -0.192133 -0.168508 -0.019228 -0.062761 -0.032655 -0.029553 -0.008060 0.000009 -0.000276 -0.001258 -0.001674 -0.000745 -0.000069 0.000588 0.006894 0.014600 0.032060 0.049505 -0.031381 -0.129094 -0.240348 -0.109213 -0.084671 -0.063549 -0.022070 -0.000756 0.001283 0.009188 0.024372 0.079728 0.000023 0.019788
