use_cases/Flooding_chicago/flooding_data/output/hUx_2220.asc
ncols 337
nrows 393
xllcorner 428428.000000
yllcorner 4602440.000000
cellsize 26.757400
NODATA_value -9999.000000
[rows 130 to 155 of 393, columns 236 to 294 of 337]
0.000000 0.008497 0.018765 0.016239 0.001526 0.017120 0.135924 1.070448 1.475696 1.664094 0.060504 -0.043279 -0.045386 -0.021124 -0.026482 -0.034622 -0.066367 -0.039040 -0.113166 -0.109458 -0.053687 -0.047865 -0.043567 -0.011526 -0.000423 0.000423 0.094321 0.062275 -0.062536 -0.024057 -0.000029 -0.000131 0.001871 0.004202 0.033620 0.067281 0.381570 -1.051087 -1.217217 -0.025927 -0.022169 -0.233235 -0.013765 -0.321276 -0.093963 -0.013556 -0.000085 0.000513 -9999.000000 -9999.000000 -9999.000000 -9999.000000 -9999.000000 -9999.000000 -9999.000000 -9999.000000 -9999.000000 -9999.000000 -9999.000000
-0.000080 0.000675 0.001986 0.001456 0.001063 0.013353 0.411597 1.095060 0.671323 0.464111 0.270000 -0.024273 0.005414 -0.001235 -0.021954 -0.048245 -0.138180 -0.205323 -0.210930 -0.273479 -0.253365 -0.081001 -0.026793 -0.015101 -0.001002 0.001002 0.001415 0.000884 0.000926 0.003612 0.056660 0.042125 -0.005611 -0.005328 0.000007 0.011744 0.212159 0.311629 -0.723259 -0.138564 -0.047153 -0.006746 -0.000131 -0.032166 -0.009409 -0.000360 0.000360 0.001961 -9999.000000 -9999.000000 -9999.000000 -9999.000000 -9999.000000 -9999.000000 -9999.000000 -9999.000000 -9999.000000 -9999.000000 -9999.000000
-0.000157 -0.000098 0.000524 0.000956 0.000959 0.026704 0.705374 1.512684 0.177555 0.346185 0.254618 0.099374 0.036321 -0.000015 -0.002006 -0.025403 -0.039051 -0.027124 -0.017849 -0.074429 -0.208555 -0.130361 -0.012290 -0.006698 -0.000360 0.000360 0.000917 0.000365 0.007313 0.040241 0.086331 -0.005121 -0.018846 -0.000352 0.000352 0.006564 0.254186 0.692883 -2.016758 -1.745148 -0.026699 -0.008566 -0.003263 -0.015837 -0.010737 -0.000360 0.000360 0.001363 -9999.000000 -9999.000000 -9999.000000 -9999.000000 -9999.000000 -9999.000000 -9999.000000 -9999.000000 -9999.000000 -9999.000000 -9999.000000
-0.001634 -0.003686 0.005108 0.010246 0.066609 0.030309 0.617121 1.479280 0.203918 0.094245 0.000677 -0.010752 -0.000418 -0.000510 -0.000387 -0.000893 -0.001224 -0.004584 -0.010637 -0.057626 -0.181700 -0.275061 -0.012214 -0.006698 -0.000360 0.000360 0.001692 0.000404 0.010841 0.035316 0.098948 0.032173 -0.010417 -0.000007 0.000694 0.001547 0.391589 1.577657 1.575698 0.081622 -0.269273 -0.058053 -0.070785 -0.044547 -0.025121 -0.000513 0.000283 0.011564 0.007257 -9999.000000 -9999.000000 -9999.000000 -9999.000000 -9999.000000 -9999.000000 -9999.000000 -9999.000000 -9999.000000 -9999.000000
0.021315 0.005129 0.012904 0.012378 0.147646 0.525838 1.231484 1.607579 0.375884 0.375312 0.000744 -0.096882 -0.026047 -0.014575 -0.000310 0.000103 0.004678 0.000184 -0.006199 0.000237 -0.152917 -0.946229 -0.574999 -0.024964 -0.001490 -0.014159 -0.010156 0.000000 0.006074 0.015736 0.030106 0.246089 0.218164 0.126507 0.761763 2.284541 2.736089 2.511781 1.687870 0.626657 -0.338266 -0.153175 -0.070434 -0.037612 -0.009038 -0.000031 0.012390 0.018667 0.010247 -9999.000000 -9999.000000 -9999.000000 -9999.000000 -9999.000000 -9999.000000 -9999.000000 -9999.000000 -9999.000000 -9999.000000
-0.463014 -0.044395 -0.000331 0.000393 0.164544 0.615505 1.046495 1.004381 0.997522 0.734557 -0.004145 -0.020439 -0.021081 -0.017830 -0.011453 -0.000002 0.000367 0.000026 0.000018 0.007473 0.019234 0.093632 0.048768 -0.003841 -0.002921 -0.029974 -0.006750 0.000000 0.006942 0.014092 0.019018 0.021500 0.605325 1.590877 3.264144 3.432098 2.353173 1.782293 0.282701 -0.004897 -0.036006 -0.021720 -0.022652 -0.019275 -0.012751 0.000000 0.003929 0.021796 0.005632 0.004078 -9999.000000 -9999.000000 -9999.000000 -9999.000000 -9999.000000 -9999.000000 -9999.000000 -9999.000000 -9999.000000
-0.008611 -0.000554 -0.000247 0.000569 0.159573 0.214556 1.056244 1.516723 0.448384 0.357468 -0.012561 -0.002785 -0.020551 -0.014775 -0.000980 -0.000144 0.000582 0.000998 0.000723 0.009269 0.827079 0.631643 0.434265 0.026821 -0.080988 -0.008895 -0.007486 -0.000374 0.000327 0.001477 0.015418 0.029993 0.404752 1.233120 1.288279 1.109285 0.328542 -0.088126 -0.201856 -0.030634 -0.034760 -0.041819 -0.035146 -0.025003 -0.012278 0.000000 0.012044 0.045968 0.010134 0.005352 -9999.000000 -9999.000000 -9999.000000 -9999.000000 -9999.000000 -9999.000000 -9999.000000 -9999.000000 -9999.000000
0.202460 0.132140 0.000112 0.251891 0.961749 1.336560 1.396795 1.710624 -0.117229 -0.088572 -0.002697 -0.012542 -0.010514 -0.008974 -0.006402 0.000000 0.001154 0.001043 0.007528 0.040224 0.425888 0.447124 0.383108 0.101625 -0.002176 -0.002067 0.000522 0.000162 -0.000161 0.000062 0.009409 0.027415 0.142459 0.260261 0.212425 0.230457 -0.103260 -0.103826 -0.139153 -0.033617 -0.017254 -0.003506 -0.018873 -0.008711 -0.001087 0.000000 0.001080 0.017289 0.016889 0.003194 -9999.000000 -9999.000000 -9999.000000 -9999.000000 -9999.000000 -9999.000000 -9999.000000 -9999.000000 -9999.000000
1.820307 1.377406 1.467687 2.091597 1.874635 1.832176 1.803276 1.442972 -0.494109 -0.130663 -0.002877 -0.013422 -0.016107 -0.009788 -0.000466 -0.000174 0.000122 0.000419 0.026573 0.407884 0.442580 0.502177 0.369752 0.040743 0.000333 0.000617 0.095753 0.777754 0.015414 0.004011 0.002400 0.002896 0.126588 0.085539 -0.437486 -0.106135 -0.138464 -0.114844 -0.258952 -0.030177 -0.021429 -0.011947 -0.001918 -0.000791 0.000079 0.000132 0.000224 0.015097 0.031056 0.004037 0.003485 -9999.000000 -9999.000000 -9999.000000 -9999.000000 -9999.000000 -9999.000000 -9999.000000 -9999.000000
2.482013 2.931906 2.892228 3.248366 2.762421 2.044493 1.802256 0.852600 -0.741041 -0.655925 -1.259199 -1.477451 -1.543110 -0.196459 -0.000859 -0.001048 0.000559 0.001248 0.556852 1.134115 1.800460 1.805055 2.224044 2.325674 1.944222 2.006521 2.032246 2.030389 1.777713 2.336446 1.698782 1.374040 2.033815 0.960271 -0.068118 -0.084046 -0.135563 0.065184 0.915348 0.178121 -0.478967 -0.046736 -0.001924 -0.002430 0.000002 0.000663 0.000581 0.000687 0.017834 0.046019 0.252319 -9999.000000 -9999.000000 -9999.000000 -9999.000000 -9999.000000 -9999.000000 -9999.000000 -9999.000000
5.180723 5.067034 4.276800 3.968182 3.795061 2.358679 1.700818 0.139410 -1.421797 -0.985137 -0.430303 -0.058407 -1.415007 -1.417737 -0.270593 -0.004408 0.001458 -0.012014 0.087548 0.582716 1.094222 1.300005 1.891482 2.222354 1.913454 1.966634 1.949392 1.906540 1.657417 2.786796 2.823977 1.987168 1.753678 1.015910 0.033051 -0.138647 -0.258601 -0.268069 0.057980 -0.038999 -0.415855 -0.040401 -0.037053 -0.000412 0.000686 0.001114 0.001185 0.000807 0.308600 0.774236 0.612810 -9999.000000 -9999.000000 -9999.000000 -9999.000000 -9999.000000 -9999.000000 -9999.000000 -9999.000000
3.875481 4.113770 2.798352 2.594863 2.537407 2.594752 1.276892 0.570139 -0.617229 -0.023623 -0.006789 -0.000054 0.000883 -1.045446 -1.094794 -0.330366 -0.211550 -0.100252 0.002193 0.160899 0.318359 0.488447 0.503490 0.588973 0.385077 0.319875 0.211733 0.110332 0.752001 1.686148 1.804703 1.680222 2.036227 1.903196 0.589795 0.041238 -0.041930 -0.365579 -0.952271 -0.620386 -0.328122 -0.085786 -0.007139 0.000000 0.017545 0.588799 1.049831 0.520884 0.482869 0.275300 0.113700 -9999.000000 -9999.000000 -9999.000000 -9999.000000 -9999.000000 -9999.000000 -9999.000000 -9999.000000
0.723136 -1.001016 -0.004454 0.000003 0.015078 0.033848 0.002375 -0.000637 -0.009786 -0.018698 -0.006252 0.000016 0.013399 0.145700 -0.636002 -0.591579 -0.435974 -0.394477 -0.173579 0.059769 -0.020494 -0.052425 -0.217273 -0.508348 -0.004262 -0.000222 0.000222 0.004547 0.010461 -0.205405 -0.084568 0.356115 0.315145 -0.147612 -0.007713 -0.000003 0.007377 0.292621 0.359673 -0.000750 -0.000493 -0.000858 -0.001350 0.000000 0.020453 0.300668 0.222592 0.335719 0.213406 0.002025 0.001046 -9999.000000 -9999.000000 -9999.000000 -9999.000000 -9999.000000 -9999.000000 -9999.000000 -9999.000000
-0.305972 -0.020884 -0.000386 0.000131 0.020996 0.018199 -0.000018 -0.001013 -0.010342 -0.019132 -0.009847 0.000564 0.004490 0.022763 -0.302127 -0.427981 -0.246321 -0.112056 0.007242 0.094186 0.086504 0.169610 0.167950 -0.029893 -0.043697 -0.023177 -0.000083 0.034905 0.176573 0.020665 -0.520471 -0.647267 -0.040250 -0.015718 -0.000785 -0.000085 0.000734 -0.023393 -0.000227 0.003147 0.006106 0.000765 -0.005558 0.000000 0.241058 0.166806 0.005321 -0.081309 -0.067874 -0.000262 0.000934 -9999.000000 -9999.000000 -9999.000000 -9999.000000 -9999.000000 -9999.000000 -9999.000000 -9999.000000
-2.944124 -0.052164 -0.018576 -0.000110 -0.004957 -0.034155 -0.020753 -0.008586 -0.000333 0.000001 0.000349 0.012348 0.023282 0.043398 0.506468 0.294185 0.304404 0.254660 0.290972 0.501715 0.282814 0.212909 0.130588 -0.015054 -0.096174 -0.118231 -0.000986 0.001586 0.006004 0.005776 -0.208027 -0.046411 -0.052342 -0.037925 -0.001110 -0.000511 0.001211 -0.045252 -0.002948 0.003245 0.039559 0.199435 0.195854 0.229510 0.109890 0.027374 0.000005 0.013301 0.351052 0.001991 0.002301 -9999.000000 -9999.000000 -9999.000000 -9999.000000 -9999.000000 -9999.000000 -9999.000000 -9999.000000
-1.185342 -0.042326 -0.022062 -0.002253 -0.003957 -0.016086 -0.017500 -0.013855 -0.007338 0.000000 0.015075 0.041910 0.032739 0.009830 0.259411 0.090486 0.026056 -0.027180 0.004997 0.039124 0.130449 0.102874 -0.187900 -0.002493 -0.006458 -0.011539 -0.009979 0.000000 0.007819 0.009466 -0.043924 -0.013018 -0.002869 -0.015076 -0.022157 -0.000023 -0.065827 -0.124317 -0.252460 0.009497 0.005719 0.003122 0.000561 -0.000947 -0.015174 -0.006003 0.000167 0.012463 0.025989 0.035766 0.010531 -9999.000000 -9999.000000 -9999.000000 -9999.000000 -9999.000000 -9999.000000 -9999.000000 -9999.000000
-0.190240 -0.096937 -0.030837 -0.002329 -0.004484 -0.017929 -0.023093 -0.014036 -0.007664 0.000000 0.006885 0.015684 0.322403 -0.047384 -0.240952 -0.351277 -0.333486 -0.311718 -0.254797 -0.201511 -0.226829 -0.196834 -0.396750 -0.000510 0.000203 -0.004498 -0.008217 0.000000 0.013713 0.019518 0.004157 -0.000334 -0.000018 0.000257 0.055619 -0.247362 -0.692151 -0.543465 -0.547188 -0.128798 -0.053222 -0.000477 -0.000407 -0.000177 -0.000270 0.000003 0.002001 0.002439 0.010382 0.016822 0.013134 -9999.000000 -9999.000000 -9999.000000 -9999.000000 -9999.000000 -9999.000000 -9999.000000 -9999.000000
-0.160950 -0.093208 -0.056257 -0.000106 -0.002128 -0.008026 -0.003310 -0.013713 -0.007651 0.000000 0.008878 0.024183 0.644027 0.288216 0.083346 -0.140421 -0.282260 -0.420181 -0.441979 -0.171190 -0.059461 -0.121537 -0.414325 -0.001078 -0.000955 -0.007736 -0.023871 -0.022770 -0.003416 -0.101836 -0.033872 -0.008565 -0.000410 0.000083 0.012390 1.477744 1.030015 0.749303 0.349208 0.155118 -0.100167 -0.001037 -0.002043 -0.000847 -0.000077 0.000204 0.009295 0.016225 0.018322 0.010740 -9999.000000 -9999.000000 -9999.000000 -9999.000000 -9999.000000 -9999.000000 -9999.000000 -9999.000000 -9999.000000
-0.216771 -0.134310 -0.117640 -0.201954 -0.223149 -0.251055 -0.099427 -0.058306 -0.020040 -0.000080 0.000737 0.019205 0.382254 0.081398 0.064112 -0.025814 -0.139462 -0.260254 -0.385826 -0.242343 -0.201292 -0.243179 -0.556295 -0.067896 -0.018990 -0.000012 0.007408 0.082971 -0.011600 -0.129613 -0.014790 -0.000760 -0.001111 0.000000 0.007956 0.088170 -0.168876 -0.303154 -0.504590 -0.771201 -1.044882 -0.019658 -0.014709 -0.006848 -0.000222 0.000222 0.003946 0.014515 0.015642 -9999.000000 -9999.000000 -9999.000000 -9999.000000 -9999.000000 -9999.000000 -9999.000000 -9999.000000 -9999.000000 -9999.000000
-0.094790 -0.095753 -0.057080 -0.085138 -0.003841 -0.016954 -0.070570 -0.060473 -0.023016 -0.000129 0.000480 0.015146 0.040386 0.042837 -0.067838 -0.080593 -0.077937 -0.057218 -0.095148 0.052235 0.159169 0.064748 -0.359234 -0.001952 -0.005956 -0.000429 0.000340 -0.000106 -0.000015 0.000079 -0.003132 -0.000350 -0.000120 0.000192 0.000820 0.047789 0.072466 0.127745 -0.113287 -0.028099 -0.060562 -0.186629 -0.115628 -0.008306 -0.000103 0.000103 0.001843 -9999.000000 -9999.000000 -9999.000000 -9999.000000 -9999.000000 -9999.000000 -9999.000000 -9999.000000 -9999.000000 -9999.000000 -9999.000000 -9999.000000
-0.022433 -0.020541 -0.008608 -0.000543 -0.000901 -0.001532 -0.000645 -0.001472 -0.002524 -0.000312 0.000023 0.011470 0.030883 0.005418 -0.056882 -0.068715 -0.088886 -0.038572 0.160082 0.147328 0.217519 0.085184 -0.017196 -0.004241 -0.000682 -0.000881 0.000649 0.000842 0.007703 0.010154 0.005951 -0.014749 0.087043 0.138342 0.159354 1.335097 0.661135 0.464929 0.347069 0.279126 0.317304 -0.004428 -0.031534 -0.018695 -0.000153 0.000153 -9999.000000 -9999.000000 -9999.000000 -9999.000000 -9999.000000 -9999.000000 -9999.000000 -9999.000000 -9999.000000 -9999.000000 -9999.000000 -9999.000000 -9999.000000
-0.018166 -0.006923 0.000015 0.005967 0.023117 -0.001415 -0.000760 -0.000891 -0.000853 -0.000425 -0.000090 0.000921 0.001108 0.001210 -0.070876 -0.005342 0.133174 0.265613 0.745274 0.539477 0.167803 -0.176661 -0.013541 -0.001293 -0.010863 -0.009204 0.000028 0.013533 0.015698 0.016563 0.132960 0.396206 0.186106 0.254427 0.289891 0.889926 0.506095 0.259789 0.015353 0.004316 0.001435 -0.000025 0.000440 0.000422 -9999.000000 -9999.000000 -9999.000000 -9999.000000 -9999.000000 -9999.000000 -9999.000000 -9999.000000 -9999.000000 -9999.000000 -9999.000000 -9999.000000 -9999.000000 -9999.000000 -9999.000000
-0.007008 -0.000536 0.000442 0.019694 0.054491 0.009381 -0.000374 -0.000636 -0.001726 -0.003240 -0.000098 0.000157 0.005705 0.032226 0.621584 0.464069 0.525298 0.701671 0.715762 0.495364 0.043688 -0.502528 -0.479623 -0.000042 -0.078275 -0.016228 -0.015166 -0.013384 0.003758 0.014263 0.004954 0.054400 0.073447 -0.000743 0.000138 0.000835 -0.642157 -0.078075 -0.002779 -0.001859 -0.000566 0.000196 -9999.000000 -9999.000000 -9999.000000 -9999.000000 -9999.000000 -9999.000000 -9999.000000 -9999.000000 -9999.000000 -9999.000000 -9999.000000 -9999.000000 -9999.000000 -9999.000000 -9999.000000 -9999.000000 -9999.000000
-0.000570 -0.000299 0.000548 0.019724 0.087496 0.070569 -0.000722 -0.001539 -0.002589 -0.000840 0.000478 0.000265 0.008853 0.587466 0.557276 0.705913 0.881541 1.037961 0.943134 0.317089 -0.169118 -0.496072 -0.668504 -0.530206 -0.677112 -0.112401 -0.018118 -0.022274 -0.014852 -0.000396 0.000330 0.023636 0.353292 -0.001265 0.000830 0.001273 -0.012746 -0.086837 -0.015541 -0.002995 -0.003626 0.000007 -9999.000000 -9999.000000 -9999.000000 -9999.000000 -9999.000000 -9999.000000 -9999.000000 -9999.000000 -9999.000000 -9999.000000 -9999.000000 -9999.000000 -9999.000000 -9999.000000 -9999.000000 -9999.000000 -9999.000000
-0.000287 0.000078 0.000332 0.022875 0.066894 0.166115 0.123010 -0.002811 -0.003773 -0.000618 0.000193 0.000343 0.019654 0.498784 0.179353 -0.048112 -0.335571 -0.393067 -0.706837 -0.358765 -0.334232 -0.161615 -0.098314 -0.115593 -0.421074 -0.129948 -0.020623 -0.027779 -0.022334 -0.000555 0.000401 0.031184 0.296362 -0.000249 0.000918 0.072690 -0.260337 -0.189332 -0.033142 -0.014595 -0.000352 0.000352 -9999.000000 -9999.000000 -9999.000000 -9999.000000 -9999.000000 -9999.000000 -9999.000000 -9999.000000 -9999.000000 -9999.000000 -9999.000000 -9999.000000 -9999.000000 -9999.000000 -9999.000000 -9999.000000 -9999.000000
0.001338 0.001684 0.001753 0.005932 0.001726 0.127015 -0.040231 -0.474958 -0.549185 -0.263755 -0.095004 -0.014228 0.001912 0.180458 0.013605 -0.122192 -0.380271 -0.615733 -0.586027 -0.457897 -0.415204 -0.165280 -0.052730 0.005067 -0.331056 -0.131647 -0.024900 -0.040529 -0.320192 -0.086297 0.000013 0.001458 0.000831 0.002303 0.111734 -0.079633 -0.263577 -0.196504 -0.036784 -0.014838 -0.000007 -9999.000000 -9999.000000 -9999.000000 -9999.000000 -9999.000000 -9999.000000 -9999.000000 -9999.000000 -9999.000000 -9999.000000 -9999.000000 -9999.000000 -9999.000000 -9999.000000 -9999.000000 -9999.000000 -9999.000000 -9999.000000
