use_cases/Flooding_chicago/flooding_data/output/hUx_1020.asc
ncols 337
nrows 393
xllcorner 428428.000000
yllcorner 4602440.000000
cellsize 26.757400
NODATA_value -9999.000000
[rows 260 to 285 of 393, columns 59 to 117 of 337]
-0.010268 -0.016927 -0.004463 -0.000207 0.017870 0.038114 0.009167 0.019282 -0.149059 -0.020620 -0.005936 -0.000072 0.000211 -0.039499 -0.244574 -0.023288 -0.006475 -0.000382 -0.050569 -0.008653 -0.000059 0.000518 0.017404 0.027730 0.109696 0.042759 0.067207 0.146837 0.075012 0.199944 0.138182 0.717375 0.923847 1.099078 0.631090 0.531871 0.327290 0.005184 -0.258846 -0.566131 -0.635404 -0.613591 -0.625963 -0.054248 -0.101625 -0.007500 0.000000 0.006944 0.021358 -0.006437 0.000000 0.007576 0.453615 0.036470 -0.138560 -0.258507 -0.659550 -0.603495 -0.531660
-0.029449 -0.076073 -0.044926 -0.006360 -0.004748 -0.018066 -0.003473 -0.003944 -0.035236 -0.022590 -0.005981 0.000003 0.006034 0.056463 -0.073108 -0.008388 -0.002319 -0.002925 -0.006515 0.000543 0.000429 0.000347 0.008598 0.015266 0.022323 0.054652 0.060606 0.090158 0.045010 0.020564 0.154306 0.789491 0.920439 0.578278 0.539745 0.357697 -0.002658 -0.010608 -0.010957 -0.017271 -0.296067 -0.402277 -0.552330 -0.612262 -0.075922 -0.060520 0.000000 -0.052755 -0.139498 -0.008770 0.000000 0.011225 0.444302 0.171614 0.039512 -0.080983 -0.161049 -0.248815 -0.100868
-0.056630 -0.122102 -0.056942 -0.027836 -0.043081 -0.076125 -0.031549 -0.008714 -0.028020 -0.016053 -0.000326 0.000208 0.006364 0.006169 -0.034354 -0.001613 -0.001119 -0.000887 -0.000521 0.001020 0.000667 0.000503 0.000294 0.008591 0.015861 0.023837 0.052038 0.225999 0.005227 0.004796 0.152619 1.208309 0.711581 0.301486 0.004680 -0.001749 -0.000000 -0.004916 -0.013079 -0.028375 -0.345099 -0.437894 -0.589546 -0.714381 -0.159729 -0.167234 -0.328576 -0.289830 -0.159767 -0.000995 -0.000245 -0.001019 -0.076240 -0.186026 -0.170330 -0.196077 -0.142986 -0.247315 -0.099013
-0.039408 0.000677 -0.004143 -0.017977 -0.075125 -0.053088 -0.015570 -0.022364 -0.007705 -0.013541 -0.004516 0.014349 0.075545 -0.215045 -0.258064 -0.211518 -0.016516 -0.010467 0.016914 0.018929 0.095547 0.115498 0.028984 0.009270 0.004569 0.025611 0.368219 0.771218 0.232291 1.207371 1.338421 1.623279 0.775367 0.430043 -0.005249 -0.005298 -0.000011 0.006904 0.046202 -0.013880 -0.548232 -0.748452 -1.078063 -1.222681 -1.155697 -0.948874 -0.792658 -0.650180 -0.640060 -0.228284 -0.227793 -0.262830 -0.231310 -0.272995 -0.179273 -0.183836 -0.312916 -0.388525 -0.581152
-0.132092 -0.009435 -0.000353 0.000099 0.006830 0.098966 -0.022954 -0.026774 -0.005719 -0.012872 0.001293 0.017622 0.170476 0.177314 0.048449 -0.131360 -0.025846 -0.004164 0.010168 0.008354 0.064897 0.132853 0.065675 0.011266 0.003924 0.024695 1.596580 0.960346 1.233936 1.340032 1.442424 1.123290 0.541421 0.259327 -0.014970 -0.015486 -0.000504 0.000168 0.004952 0.052312 -0.011682 -0.046175 -0.102549 -0.639326 -0.968008 -0.461792 -0.402187 -0.323157 -0.376657 -0.163920 -0.112345 -0.000108 -0.102747 -0.101039 -0.088945 -0.003699 -0.010646 -0.032861 -0.078836
-0.126058 -0.014036 -0.006928 -0.000041 0.008840 0.018737 -0.005351 -0.000536 -0.000326 0.000611 0.004934 0.010150 0.158604 0.182550 0.128259 -0.018272 -0.069760 -0.008315 -0.000149 0.005883 0.016178 0.119885 0.260907 0.218849 0.241541 0.874005 1.197685 0.458768 0.400540 0.336950 0.043551 0.004836 -0.016392 -0.008966 -0.029133 -0.031663 -0.027528 -0.001265 0.000054 0.000300 0.027783 0.116929 -0.005517 -0.442925 -0.673830 -0.701731 -0.221556 -0.175505 -0.144898 -0.139446 -0.001955 -0.002084 -0.002989 -0.004548 -0.000811 -0.000489 0.000489 0.000811 0.052866
-0.153500 -0.015197 -0.008731 -0.000876 0.000478 0.009980 0.000143 -0.007826 -0.000073 0.005252 0.002287 0.004298 -0.002014 0.005203 0.003243 -0.004555 -0.017974 -0.011350 -0.005411 0.000000 0.009001 0.015306 0.270321 0.762695 1.120483 0.758309 0.372748 0.344089 0.217923 -0.035933 -0.010579 0.006982 -0.031482 -0.000391 0.000121 -0.037798 -0.100843 -0.009613 -0.000222 0.000222 0.012509 0.015070 0.010671 0.102644 -0.170875 -0.416352 -0.287680 -0.237572 -0.212928 -0.237638 -0.199729 -0.098335 -0.118973 -0.013691 -0.000811 -0.000489 0.000489 0.000811 -0.066016
-0.099027 -0.312069 -0.046247 -0.002970 -0.000257 0.000848 0.000226 -0.001374 -0.001509 0.000250 0.001416 0.000843 0.002561 0.040974 -0.004983 -0.010883 -0.030662 -0.010651 -0.000663 0.000046 0.000596 0.008976 0.270610 0.121015 0.106182 0.000003 0.008216 -0.245704 -0.320777 -0.605108 -0.420141 -0.436851 -0.428285 -0.008080 -0.000418 0.000586 -0.005813 -0.001481 -0.000186 0.000405 0.016480 0.024573 0.024723 0.012703 -0.157547 -0.230234 -0.278021 -0.475843 -0.368936 -0.342500 -0.261288 -0.257054 -0.399289 -0.265028 -0.003465 -0.005586 -0.011836 -0.025649 -0.038734
-0.008996 -0.045313 -0.042618 -0.006429 -0.007353 -0.000670 -0.000056 0.000810 0.000683 0.003454 0.004148 0.001420 0.021993 0.142481 -0.006440 -0.011896 -0.032345 -0.007667 -0.000020 0.008095 0.017061 0.224591 0.242384 0.116185 -0.000102 0.000086 0.015839 0.003203 -0.302213 -0.262455 -0.286848 -0.317277 -0.390891 -0.120979 -0.000323 0.000405 -0.003640 -0.005741 -0.000010 -0.002216 0.003585 0.006397 0.000055 0.010158 0.011043 -0.123134 -0.299747 -0.263851 -0.313582 -0.362532 -0.390421 -0.264409 -0.399731 -0.384266 -0.446542 -0.448874 -0.398074 -0.515880 -0.097477
-0.000782 -0.037269 -0.047300 -0.021434 -0.001277 -0.000501 0.001139 0.000979 -0.000141 -0.002928 -0.000360 0.000360 0.010008 0.015878 0.003938 -0.066713 -0.130077 -0.013802 -0.000000 0.025317 0.088391 0.269000 0.076543 0.020969 -0.000152 0.000305 0.011435 0.025421 0.029849 -0.128361 -0.176566 -0.102604 -0.285917 -0.106302 -0.022425 -0.034340 -0.035825 -0.034460 -0.036594 -0.012500 0.004239 -0.003541 0.000729 0.004004 0.071156 0.593643 0.025666 -0.273569 -0.487869 -0.668059 -0.997328 -1.031340 -1.111441 -0.517242 -0.550349 -0.522346 -0.441336 -0.458628 -0.155344
-0.009775 -0.013673 -0.060760 -0.023040 -0.001061 0.000879 0.009198 0.003040 -0.089917 -0.011950 -0.000360 0.000360 0.004134 0.002779 -0.163937 -0.304688 -0.291957 -0.456842 -0.018845 0.000000 0.007214 0.094812 -0.008501 -0.006074 -0.000003 0.006204 0.020028 0.038017 0.069071 0.020477 -0.206930 -0.137694 -0.313280 -0.292737 -0.015481 -0.027587 -0.031766 -0.030961 -0.027283 -0.018123 -0.004026 -0.007165 0.003242 0.008793 0.039697 0.023088 0.005143 -0.098054 -0.195648 -0.327101 -0.650054 -0.543028 -0.711007 -0.526366 -0.549809 -0.567913 -0.612672 -0.753366 -0.879899
-0.001201 -0.001994 -0.005268 -0.007973 -0.001021 0.000942 0.023516 0.064833 0.012961 -0.137727 -0.004142 -0.000976 0.003941 0.003383 0.403159 0.021221 -0.076315 -0.237379 -0.031249 0.000000 0.006753 0.036578 -0.011961 -0.000846 -0.000082 0.000802 0.014302 0.028353 0.056753 0.297841 -0.397967 -0.447620 -0.392959 -0.679052 -0.163563 -0.015393 -0.027477 -0.045350 -0.092895 -0.005625 0.000000 0.002317 0.005777 0.011150 0.009851 0.007988 0.003957 0.003198 0.000861 0.000786 -0.108741 -0.171763 -0.213982 -0.203088 -0.169685 -0.004534 -0.012733 -0.049954 -0.089299
0.001125 -0.001367 -0.004761 -0.006285 -0.000822 0.000788 0.017496 -0.008305 -0.032630 -0.131231 -0.003266 -0.000042 0.002617 0.001839 0.494847 0.507439 0.378518 -0.011477 0.004154 0.006654 0.157988 0.118698 -0.025058 -0.001309 -0.000573 0.001420 0.008806 0.024078 0.032888 0.025181 0.435198 -0.067673 -0.348354 -1.214278 -1.454337 -0.549316 -0.586322 -0.075470 -0.006922 0.000000 0.003153 0.001516 0.001430 0.003252 0.002286 -0.000560 -0.000439 0.000347 0.000979 0.001704 0.021820 0.018819 0.102331 -0.002336 -0.000972 -0.001044 -0.000152 0.003747 -0.163941
0.003260 0.001886 -0.000943 -0.002211 -0.000391 0.000384 0.012772 -0.012036 -0.035368 -0.130431 -0.002148 0.001277 0.045713 0.041482 -0.014124 -0.039083 -0.001355 -0.001958 -0.000434 0.009281 0.298865 0.065680 -0.009917 -0.013285 -0.000447 0.000875 0.009066 0.018526 0.021911 0.033188 0.066727 0.083915 0.061251 -0.128600 -0.355122 -0.516173 -0.474218 -0.055959 -0.007304 0.000000 0.082603 0.028856 0.012163 -0.000358 -0.002589 -0.004924 -0.001073 0.000743 0.000904 0.006637 0.087051 0.040011 0.014721 -0.000856 -0.001355 -0.003388 0.000000 0.039104 -0.040720
0.002664 0.002187 0.000634 -0.000036 -0.000426 -0.000083 0.001007 -0.018637 -0.039262 -0.131031 -0.003053 -0.000218 0.002232 0.001714 -0.352442 -0.017109 -0.000534 0.000315 0.000578 0.054811 0.044157 -0.010718 -0.000240 -0.000112 0.001218 0.019072 0.038170 0.009430 0.022922 0.018559 0.082747 0.163119 0.100272 0.032250 0.006595 0.006585 -0.442946 -0.539604 -0.023946 0.000000 -0.009387 -0.016657 -0.017289 -0.011793 -0.007403 -0.005903 -0.000439 0.000347 0.008400 0.176223 0.151171 0.088335 -0.137399 -0.009981 -0.000472 0.000339 0.026339 0.011412 -0.050348
0.018075 0.068592 0.108188 -0.078584 -0.020550 -0.025842 -0.095550 -0.236100 -0.192212 -0.140259 -0.003619 -0.002156 0.002286 0.003309 0.001765 0.000387 0.000233 0.000679 0.010208 0.004803 -0.062223 -0.003946 -0.000222 0.000222 0.011631 0.021369 0.031454 0.039672 0.035472 0.125214 0.060177 0.036775 0.028977 -0.000000 0.005904 0.050834 -0.258519 -0.631579 -0.545935 -0.009209 -0.024894 -0.029313 -0.029096 -0.001252 0.000235 0.001395 0.016309 0.013799 0.008266 -0.018410 -0.138619 -0.157866 -0.150566 -0.016107 -0.001290 0.000588 0.001200 -0.029010 -0.085988
0.006185 0.009350 0.006452 -0.046144 -0.142690 -0.087776 -0.049867 -0.048263 -0.029756 -0.002229 -0.003265 -0.000379 0.002793 0.002372 -0.029735 -0.041022 -0.042601 0.012387 0.069486 0.036767 0.011034 -0.008625 -0.000205 0.000017 0.001035 0.059257 0.066443 0.113618 0.177898 0.317040 0.234940 0.143865 -0.047177 -0.000010 0.010837 0.031426 -0.645028 -1.152983 -0.808915 -0.028199 -0.013065 -0.017745 -0.002819 -0.003494 0.000835 0.003453 0.018393 0.013687 0.037518 0.034947 -0.000222 0.000222 -0.115255 -0.013751 -0.000878 0.000360 0.000876 -0.016298 -0.007288
0.049637 0.068797 -0.015201 -0.065671 -0.162643 -0.058414 -0.021194 -0.022383 -0.010890 -0.001274 -0.001128 0.000311 0.001215 -0.182716 -0.050834 -0.064686 -0.070681 -0.022039 0.022972 0.036981 0.031621 0.039639 0.030432 0.017952 0.026792 0.014907 0.457982 0.043246 0.119896 0.326024 0.300816 0.197639 -0.044887 -0.000360 0.000360 0.009802 1.645771 0.736068 0.544495 -0.003656 -0.141298 -0.043534 -0.004614 -0.006924 -0.005405 0.000007 0.015507 0.011748 0.033213 0.035509 0.012683 -0.018275 -0.082765 -0.007852 -0.000035 -0.008068 -0.017935 -0.022411 -0.006206
0.068444 -0.140696 -0.286583 -0.305776 -0.065691 -0.112162 -0.031426 -0.002539 -0.000538 -0.000708 -0.000990 0.000890 0.001185 -0.168460 -0.045843 -0.000686 0.000064 -0.047994 -0.065393 -0.115343 -0.000129 0.000585 0.026632 0.036939 0.040824 0.019203 0.367361 0.044099 0.020341 0.014128 0.006021 0.002106 -0.000141 -0.000360 0.000360 0.009345 1.873134 1.412209 0.791607 0.132392 -0.112552 -0.028528 -0.003053 -0.004366 -0.000352 0.000352 0.007425 0.032714 0.135842 0.288087 0.387335 -0.002631 -0.063568 -0.052458 -0.003890 -0.011284 -0.022275 -0.062184 -0.017145
-0.014834 -0.221585 -0.283494 -0.289609 -0.023875 -0.023970 -0.016188 -0.036066 -0.055254 -0.138863 -0.038939 0.000063 -0.111350 -0.159212 -0.027885 -0.002006 -0.002437 -0.000456 0.000735 0.001249 0.002109 0.001616 0.012533 0.011212 0.000000 0.065895 0.140688 0.063192 0.024440 0.015637 0.006373 0.002192 0.000000 0.009415 0.023501 0.026888 0.719814 0.256793 0.042204 0.011348 -0.049424 -0.006097 -0.020823 -0.009962 -0.000007 0.000451 0.001218 0.016873 0.108577 0.011673 -0.006391 -0.028707 -0.008353 -0.034678 -0.432379 -0.094917 -0.186440 -0.022957 -0.000555
-0.028555 -0.151293 -0.253106 -0.006787 -0.010531 -0.003001 0.001711 -0.211926 -0.104279 -0.213316 -0.067899 0.000003 -0.052809 -0.066768 -0.013730 -0.025113 -0.004838 -0.002583 0.002407 0.004989 0.003086 0.015674 0.018970 0.027444 0.026575 0.009280 0.020776 0.085677 0.140825 0.152110 0.051032 0.013248 0.000000 0.005589 0.016155 0.068063 0.037691 -0.176209 -0.221587 -0.117923 -0.062631 -0.083053 -0.052177 -0.013594 -0.000000 0.001351 0.004897 0.003783 0.060055 -0.077511 -0.093399 -0.115183 -0.051228 -0.053195 -0.172184 -0.660233 -0.108216 -0.092417 -0.000396
0.326207 0.235057 -0.001340 -0.003021 -0.002012 0.001011 -0.235169 -0.307448 -0.356524 -0.059127 -0.123979 -0.171010 -0.161557 -0.590510 -0.332528 -0.045728 -0.004986 0.008386 0.014154 0.005439 0.046511 0.040251 0.028949 0.026394 0.018770 0.058610 0.080505 0.117190 0.137648 0.182642 0.190984 0.050180 0.013581 0.002424 0.011527 0.018133 -0.031933 0.006458 0.035605 0.053749 0.072970 0.014689 0.039480 -0.020113 -0.000459 -0.000040 0.002132 0.050792 -0.103215 -0.153477 -0.232360 -0.265545 -0.369227 -0.364023 -0.479681 -0.139185 -0.010285 -0.012861 -0.000156
0.000904 0.166635 0.137120 0.032422 -0.050698 -0.121005 -0.171489 -0.218757 -0.064928 -0.078295 -0.127887 -0.149980 -0.152124 -0.213354 -0.023638 -0.009226 0.000017 0.000919 0.004060 0.005163 0.002305 0.014691 0.013088 0.010780 0.007149 0.030698 0.049647 0.013245 0.061862 0.134419 0.250659 0.255160 0.089349 0.026953 0.029769 0.031457 0.049637 0.026784 -0.001610 0.089850 0.047110 -0.067537 -0.098824 -0.036596 -0.000315 -0.003976 -0.010633 -0.152598 -0.142211 -0.147649 -0.164754 -0.012865 -0.297049 -0.155774 -0.080614 -0.018778 -0.043294 -0.063444 -0.065051
0.009909 0.199497 0.064070 -0.084122 -0.016582 -0.016001 -0.647104 -0.234134 -0.033706 -0.000396 0.000330 -0.065462 -0.135507 -0.019325 -0.011079 -0.000924 0.000371 0.000884 0.002403 0.002146 0.000726 0.003257 0.077770 0.076541 0.190245 0.001883 0.012212 0.006941 0.020013 0.038933 0.146951 0.378921 0.689352 0.383457 0.410601 0.358079 0.563593 0.262859 -0.063105 0.000000 0.051111 0.057956 -0.032849 -0.033760 -0.019727 -0.003386 -0.026988 -0.158605 -0.073403 -0.055071 -0.057922 0.000000 -0.078456 -0.100989 -0.037937 -0.030480 -0.079790 -0.134007 -0.518441
0.069422 0.059834 0.110308 -0.028867 -0.027894 -0.082830 -0.825026 -0.539666 -0.004607 -0.000555 0.000401 -0.023786 -0.093253 -0.032134 -0.017697 -0.000950 0.000866 0.023213 0.039855 0.035117 0.000278 0.000162 0.000551 0.048967 0.264304 0.134257 0.049693 0.059465 0.025398 0.051247 0.093487 0.266514 0.732130 0.536450 0.547694 0.501339 0.581167 0.110421 0.055011 0.000000 0.014505 0.014951 0.110509 0.107161 0.015471 0.008649 -0.039141 -0.051348 -0.000834 0.009250 -0.019406 -0.041822 -0.302985 -0.505105 -0.526296 -0.151811 -0.049517 -0.105640 -0.262022
0.346499 0.137976 -0.011945 -0.102589 -0.232928 -0.353026 -0.485180 -0.410762 -0.019556 -0.010014 0.000013 0.046744 -0.022361 -0.033307 -0.017514 -0.000831 0.000764 0.016038 0.040254 0.002584 -0.055676 -0.010043 -0.000003 0.007242 0.015578 0.218190 0.141187 0.078078 0.101976 0.054789 0.064721 0.033371 0.018588 0.006318 0.003979 0.308089 0.092128 -0.153218 -0.211371 0.005565 0.038542 0.182414 0.138924 0.090660 0.052627 0.031645 0.017936 0.014112 0.017954 0.009067 -0.016896 -0.038007 -0.313835 -0.552378 -0.522030 -0.633320 -0.165583 -0.207934 -0.066316
