use_cases/Flooding_chicago/flooding_data/output/hUx_2940.asc
ncols 337
nrows 393
xllcorner 428428.000000
yllcorner 4602440.000000
cellsize 26.757400
NODATA_value -9999.000000
[rows 156 to 181 of 393, columns 177 to 235 of 337]
1.189928 1.631159 1.229777 1.166499 1.145002 1.060593 0.850683 2.136472 2.056379 1.616448 0.462997 -0.060857 -0.000175 -0.001927 -0.015820 -0.010803 -0.007304 0.000000 0.005878 0.705036 1.876494 1.637145 0.596873 -0.000248 -0.000688 -0.010802 -0.010345 -0.001135 -0.001451 -0.000735 -0.000104 0.000103 0.009532 0.016674 0.249932 0.227156 0.106332 0.219775 1.068076 0.619506 0.230034 -0.104824 -0.216382 -0.195119 -0.009515 -0.001867 -0.000485 0.000213 0.002510 0.025166 0.038595 0.025428 0.003211 -0.175224 -0.247546 -0.299756 -0.024703 -0.005680 -0.000001
1.590579 1.222270 2.165462 1.772804 1.723057 1.368196 0.781035 1.040655 0.171994 -0.545706 -2.025145 -0.067731 -0.003992 -0.011755 -0.032138 -0.027212 -0.012839 0.000000 0.005878 0.424333 0.645302 0.577547 -0.022134 -0.000218 -0.000113 0.000059 -0.000294 -0.001986 -0.010370 -0.003946 -0.000222 0.000222 0.009981 0.016123 0.304652 0.192035 0.144220 0.228113 -0.056682 -0.702531 -1.172887 -1.783738 -1.501081 -0.633255 -0.155479 -0.016389 -0.000788 0.000398 0.017560 0.038365 0.007156 0.018529 0.037292 0.305228 0.160852 -0.325671 -0.030680 0.000000 0.002522
1.518671 2.623177 0.627256 0.730663 0.527612 0.547577 0.127084 -0.524749 -0.682643 -0.444979 -0.448956 -0.253014 -0.200338 -0.056634 -0.020662 -0.001524 -0.001047 0.001450 0.040282 0.717604 0.826762 0.754789 -0.012433 -0.003663 0.000000 0.005350 0.016264 0.068782 -0.073024 -0.014410 -0.000140 0.000139 0.019514 0.674004 1.180104 0.365101 0.297566 0.407387 0.247774 0.041173 -0.413589 -0.779378 -0.839833 -0.926041 -1.484412 -0.021959 -0.000833 0.000147 0.000419 0.001090 0.002672 0.007307 0.021326 0.287285 0.331272 -0.033916 -0.013378 -0.000971 0.000623
0.294055 0.070597 0.013484 0.074487 0.167248 -0.058175 -0.000000 0.009291 -1.250601 -1.091611 -0.060308 -0.008411 -0.014802 -0.000932 -0.001994 -0.000920 -0.000184 0.000798 0.036089 0.244850 0.033225 -0.145479 -0.041997 -0.009247 -0.000067 0.000464 0.007735 0.044058 -0.000255 -0.001218 -0.000009 0.000116 0.012643 0.732319 0.687848 0.608537 0.361582 0.259288 0.215698 0.103301 0.238271 1.080098 0.947842 0.641658 -0.837994 -0.027165 -0.000581 -0.000260 0.000176 0.000347 0.025218 0.048264 0.014592 0.164158 0.179407 0.152676 -0.000457 0.000050 0.022000
-0.000941 -0.000004 -0.002363 -0.038136 -0.061384 -0.008022 -0.000000 0.006555 0.063115 -0.020240 -0.001818 -0.000009 0.000093 -0.000130 0.000136 0.033970 0.052032 0.048899 0.027205 -0.022634 -0.374604 -0.672540 -1.459421 -0.016203 -0.004177 0.000009 0.009810 0.068689 0.017369 0.008689 0.002197 0.000694 0.020697 0.614607 0.881574 0.756606 0.902148 0.355474 0.188833 0.125754 0.480540 2.835954 2.489321 1.658176 -0.393408 -0.016557 -0.006973 -0.000393 0.000331 0.008224 0.015222 0.612858 0.491470 0.415080 0.275078 -0.001675 -0.001037 -0.000658 -0.001907
-0.000372 -0.000053 -0.007256 -0.012940 -0.078834 -0.015849 -0.000000 0.008818 0.062070 0.056172 0.003759 0.010364 0.002918 -0.000039 0.000600 0.009476 0.128815 0.296793 0.202545 1.709830 1.243009 1.596881 1.942811 0.952651 0.012847 -0.000140 -0.000058 0.006710 0.004903 0.002731 0.001088 0.010672 0.784931 1.641681 1.372169 1.034719 0.313440 0.194036 0.108608 0.090512 0.716514 2.194772 1.736570 -1.257507 -0.018751 -0.009848 -0.007928 -0.000569 0.000247 0.000554 0.010991 0.876787 1.044343 0.739283 0.251976 0.137865 -0.002401 -0.228120 -0.090105
-0.001717 -0.002132 -0.002884 -0.004496 -0.033519 -0.009464 -0.000001 0.006453 0.020885 -0.015565 0.028931 0.037331 0.010929 0.002598 0.016300 0.036708 0.019980 0.002054 0.013872 -0.406194 -0.748351 -0.776550 -0.813866 -0.268072 -0.078555 0.034153 -0.017201 0.010343 0.073026 0.100234 0.078428 0.184533 1.086817 0.622124 0.009616 0.000963 -0.000004 0.000006 0.064549 0.448540 1.125776 1.678622 2.898017 -0.049733 -0.005776 -0.000889 -0.000923 -0.000292 0.000031 0.000292 0.016345 0.383511 0.469199 0.413335 0.097827 0.035653 0.002917 0.099160 0.363919
-0.000007 0.000985 0.001176 -0.000340 -0.041464 -0.010755 -0.000037 0.000626 0.007454 0.025825 -0.028098 -0.000618 -0.000637 0.000326 0.000717 0.000622 0.000483 0.010128 0.040041 -0.215111 -0.767559 -0.819704 -0.690083 -0.453705 -0.248498 -0.018564 0.091008 0.100857 0.134508 0.170775 0.145483 0.965495 2.088853 0.741920 -0.002926 -0.012904 -0.004804 0.000311 0.011050 0.584459 1.102920 1.146389 0.163021 -0.004217 -0.000682 0.002451 -0.000194 -0.000206 0.000002 0.000236 0.024736 0.764346 0.809681 0.675012 0.644549 0.650424 0.577457 0.868389 0.953687
-0.000149 0.000199 -0.002134 -0.001772 0.001212 0.000060 0.000257 0.023986 0.492414 -0.137032 -0.351587 -0.324390 -0.000047 -0.002417 -0.000406 -0.000153 0.000335 0.008837 0.016456 -0.371470 -0.521962 -1.236773 -1.491691 -0.947153 -0.583598 -0.142727 0.078183 0.201891 0.144934 0.176291 0.150781 -0.317502 -0.288903 -0.229140 -0.025107 -0.007218 0.000003 0.008326 0.014560 0.771228 0.504040 0.108707 0.041143 0.019130 0.018709 0.314128 0.699029 0.322351 0.003507 0.001234 0.478900 1.074055 1.331494 1.199327 1.025243 0.783211 0.911680 1.018616 1.084884
-0.001841 0.000022 -0.004183 -0.005611 -0.000870 0.000105 0.001789 0.043554 0.510789 0.027882 -0.390213 -0.628279 -0.101171 0.018752 0.085684 0.065770 0.001427 0.015428 0.020746 -0.449408 -0.231862 -0.190871 -0.304451 -0.223256 -0.312901 -0.043418 0.173945 0.310353 0.158012 0.164516 0.119887 0.035850 -0.736045 -0.408626 -0.033478 -0.000326 0.000208 0.006796 0.760586 0.635208 0.575106 0.387643 0.199745 0.000015 0.045045 0.427874 -0.039624 0.014979 0.056168 0.111003 0.503082 0.579872 0.380681 0.374332 0.289029 0.279749 0.296639 0.324544 0.480912
-0.003093 -0.000155 0.000146 0.000803 0.002567 0.003925 0.007173 0.020502 0.048627 0.507973 0.819833 0.031560 -0.167946 -0.313989 -0.215595 -0.053133 0.000416 0.019491 0.057092 -0.473239 -0.164072 0.134551 0.184444 0.219260 0.079338 -0.097241 -0.244452 -0.427611 -0.027574 -0.000172 0.000093 0.005412 -0.218530 -0.271509 -0.062025 -0.000122 0.000131 0.013184 1.035130 1.013514 0.447447 0.008184 0.001759 0.000324 0.010309 0.048744 -0.083408 -0.084496 0.062077 0.179402 0.651734 0.554977 0.078316 0.065893 0.098760 0.095950 0.121731 0.201334 0.381504
-0.011175 -0.000113 0.000261 0.017016 0.035401 0.006106 0.007299 0.032835 0.079392 0.127390 0.033977 -0.000098 0.000113 0.008573 -0.112499 -0.147342 0.000016 0.027912 0.040899 -0.025228 0.551725 0.802900 0.511934 0.362108 0.250000 0.073083 -0.174620 -0.422747 -0.047715 -0.001496 0.000158 0.010702 0.093269 -0.032263 -0.284518 0.006531 0.487037 0.981770 1.309224 1.092293 0.320943 -0.019588 0.000000 0.004020 0.003048 0.001177 0.011180 0.214662 0.240577 0.277276 0.814736 0.473357 -0.379126 -0.462654 -0.487116 -0.384600 -0.191655 0.087895 0.250984
-0.008289 -0.000002 0.007734 0.020241 0.001980 0.000280 0.012614 0.043903 0.025928 -0.014313 -0.007706 -0.000084 0.000228 0.012048 0.023907 0.012315 0.038039 0.016941 0.712334 3.297100 1.938984 1.325734 -0.029680 0.000000 -0.001979 -0.001051 -0.007255 -0.059131 -0.085544 -0.020997 0.000000 0.003663 0.170024 0.790253 1.100202 1.586796 0.973119 0.920522 0.755563 0.337439 0.149781 -0.015025 -0.017454 -0.008219 -0.000355 0.000444 0.008982 0.046063 0.220497 0.002107 -0.343937 -0.514285 -0.028434 0.007153 0.199058 0.029496 0.133407 0.339366 0.312741
-0.006831 -0.000141 0.000225 0.000133 -0.000233 0.000102 0.005649 0.017374 0.014169 0.001126 0.000632 0.001257 0.001063 0.009912 0.020159 0.085298 0.000059 0.006517 0.312054 0.811970 0.906248 -0.231774 -0.015782 0.000017 -0.000172 -0.000505 -0.001309 0.004675 0.065001 0.024387 0.007511 0.501083 1.578258 2.016168 1.023589 0.482447 0.017207 0.026726 0.129723 0.058816 -0.049180 -0.018503 -0.020979 -0.014106 -0.000538 0.001085 0.015695 0.024956 0.058288 -0.027551 -0.021415 -0.444675 -0.141013 -0.000144 0.000608 0.000437 0.065499 0.322682 0.559515
-0.010086 -0.000015 0.008638 0.000958 -0.006539 0.000000 0.003663 0.009783 0.010698 0.001847 0.004897 0.009889 0.002044 0.012688 0.020201 0.004211 0.001548 0.000787 0.316151 1.022185 0.629541 0.087789 -0.007374 0.000595 0.000160 -0.000063 0.000094 0.072243 0.391340 1.157945 1.163633 1.086122 0.904130 0.726755 0.221407 -0.021513 0.002399 0.007704 -0.414127 -0.385631 -0.520500 -0.051693 -0.001473 -0.000794 0.001449 0.002252 0.010985 0.022438 0.005607 0.002086 0.031601 -0.308614 -0.458195 -0.005447 -0.000326 0.000208 0.014260 0.843437 0.899926
-0.000791 -0.000368 0.000832 0.002420 0.002160 0.000918 0.000683 0.009372 0.016455 0.021255 0.015716 0.041157 0.000069 0.009670 0.019997 0.053487 0.016133 0.005883 0.593738 0.520099 0.475566 0.254177 -0.073865 -0.001686 -0.000478 0.000140 0.000436 0.131086 0.602821 1.487319 2.571042 0.998891 0.516695 0.185333 0.053453 0.016917 0.027672 0.253752 0.782373 0.188373 -0.457636 -0.077535 -0.002365 0.001088 0.003200 0.001758 0.018430 0.615575 -0.000213 0.000697 0.009548 -0.196890 -0.352309 -0.375684 -0.047972 0.000003 0.036897 3.019106 1.420156
-0.008752 -0.000502 0.000507 0.004346 0.002644 0.005279 0.022144 0.024961 0.025177 0.023860 0.006436 -0.008282 0.000001 0.019476 0.062884 0.454923 0.566320 2.531267 2.904405 2.241753 2.075991 0.853162 -0.188682 -0.024788 -0.006171 0.000000 0.003663 0.405948 0.921475 0.989044 0.604519 -0.000133 -0.000034 0.000566 0.001142 0.011314 0.177674 0.423029 1.179159 0.434550 -0.379774 -0.066960 -0.000725 0.000863 0.003657 0.001727 -0.484082 -0.644830 -0.347630 0.000060 0.013056 -0.374487 -0.997074 -1.920870 -0.607257 0.000594 0.658667 3.403355 1.399978
-0.015842 -0.007133 0.000018 0.010643 0.022848 0.029540 0.022240 0.053067 0.255750 0.933548 0.987936 0.703159 -0.000074 0.001332 0.514723 0.511486 0.667074 2.267090 2.700791 1.832529 0.723666 0.183371 -0.106363 -0.000360 0.000267 0.007355 0.010083 0.393861 0.644507 0.352043 -0.005595 -0.000051 0.001524 0.006545 0.012965 0.035984 0.307681 0.450721 0.422916 0.219101 0.126243 -0.019716 -0.000208 0.000875 0.032731 0.017984 0.884027 1.210302 0.958328 0.584174 0.520070 0.269832 -0.013687 -0.227834 0.163513 0.522110 1.920185 1.854357 1.588818
-0.024121 -0.005630 0.000000 0.008640 0.021737 0.033592 0.143014 2.197154 2.527549 2.866796 2.449941 1.784275 1.827848 1.605140 1.328866 2.116311 2.223611 2.295818 1.871177 1.030123 0.051192 -0.003021 -0.001706 0.000306 0.428272 0.589279 1.746477 0.864493 0.446253 -0.014643 -0.000151 0.000065 0.019435 0.061816 0.107547 0.033566 0.276021 0.240968 0.060082 0.007482 -0.004115 -0.006586 0.000772 0.005599 0.082015 0.290840 0.196412 0.092395 0.014441 -0.032341 -0.012686 -0.000278 -0.000010 0.003155 0.773733 1.652974 1.427378 0.958901 0.217640
-0.003089 -0.000140 0.000219 0.007136 0.024694 0.235554 1.400528 2.341024 1.757509 1.190483 2.057188 1.629179 1.759924 2.462821 1.850981 2.035713 1.783530 1.090247 0.005335 -0.000936 -0.003164 0.000479 0.008943 0.263072 0.597981 0.765073 0.926860 0.974215 -0.209239 -0.019159 -0.004189 0.000000 0.012088 0.026492 0.160481 0.695006 0.533697 0.000471 -0.000038 -0.001932 0.002286 0.007243 0.010190 0.026358 0.024626 0.016148 -0.000142 -0.000094 0.000202 0.000564 0.000933 0.001077 0.001049 0.035775 1.206575 1.960252 0.811301 -0.000979 -0.010022
0.029758 0.004493 0.006657 0.069614 -0.342304 0.473083 1.180905 0.935630 -0.000005 0.004946 0.120841 0.122033 1.338789 2.277237 2.598756 2.132529 1.860171 1.136927 -0.000222 0.000222 0.059085 0.222601 0.494916 0.604522 0.862539 1.066037 1.071482 0.841159 -0.079993 -0.025325 -0.012266 0.000000 0.007912 0.019615 0.124790 0.043055 0.047882 0.011159 -0.000096 0.001467 0.021025 0.002910 0.021554 -0.000122 0.000138 -0.000181 0.000247 0.000817 0.008610 0.015124 0.013221 0.003144 0.001479 0.851019 2.310706 0.573802 0.471671 0.466751 0.171557
0.247363 0.184767 0.255912 -0.118563 -0.227202 0.085874 0.142777 -0.223651 -0.000222 0.000222 0.003946 1.135118 1.203082 1.120766 0.868238 0.502374 0.243860 0.141911 -0.013658 -0.016109 -0.084535 0.090451 0.416001 0.256716 0.201807 -0.010964 -0.412613 -1.333079 -0.032608 -0.015408 -0.000471 0.000023 0.006879 0.009450 0.014068 0.042425 -0.001168 -0.000154 0.000267 0.015178 0.051838 -0.086307 -0.019101 -0.007840 -0.000058 0.000592 0.008280 0.013988 0.016735 0.017819 0.122839 0.143928 0.204726 2.408016 2.291154 0.949897 0.801022 1.005656 0.155400
0.275361 0.529021 0.280696 0.188665 0.123835 0.025162 -0.003580 0.139351 0.092632 0.064654 0.109820 0.744513 0.425454 -0.015419 -0.000136 0.000082 0.001021 0.058371 -0.053388 0.058005 0.380159 0.405111 0.777490 0.691686 0.582648 0.448885 0.268129 -0.104566 -0.007007 -0.000990 -0.000088 0.000137 0.008627 0.017640 0.021782 0.065390 -0.010496 -0.000589 0.000115 0.008936 0.016140 -0.001443 -0.016172 -0.000360 0.000360 0.006387 0.013523 0.025897 0.030219 0.032711 0.785349 2.052227 3.063220 3.537215 4.352695 4.126812 2.885727 3.459255 2.345738
0.053321 0.385332 0.419063 0.561209 0.892043 0.641608 0.757841 0.921042 0.953398 1.161673 1.687944 1.205585 0.026463 0.004731 -0.000049 0.000635 0.007549 0.119378 0.009858 0.060280 0.143480 0.016937 -0.018857 -0.184461 -0.353670 -0.542589 -1.009016 -0.028671 -0.006258 -0.000029 0.005438 0.020497 0.027112 0.076493 0.577867 0.264082 0.173948 -0.001685 -0.002420 0.000000 0.008478 0.001275 -0.007771 -0.000360 0.000360 0.014725 0.025784 0.022046 0.079030 0.215333 1.211966 2.343371 3.001585 3.395087 4.527350 4.206137 4.846274 3.632760 2.532821
0.023028 0.043432 0.793978 0.759616 1.012516 0.568502 0.244971 0.175652 0.086072 -0.076163 -0.222772 -0.009367 -0.000569 0.000247 0.000554 0.006009 0.043954 0.003585 0.050681 0.234153 0.247232 0.328934 0.449506 0.296308 0.301186 0.227852 -0.028030 -0.043041 -0.003956 -0.000392 0.001394 0.024953 0.054355 0.021815 0.164566 -0.228728 -0.430725 -0.047392 -0.008557 0.000000 0.005712 0.011107 0.001928 0.000241 0.000446 0.005642 0.044075 0.137799 0.057465 0.187562 1.059196 1.527843 3.424091 4.415259 3.655487 3.012500 3.783182 2.912877 2.222345
0.036702 0.038450 0.047433 0.373890 0.365559 0.250829 -0.349401 -0.527677 -0.437137 -0.487684 -0.499651 -0.007283 -0.000393 0.000331 0.010443 0.025172 -0.173878 -0.084739 -0.016841 0.130099 0.298191 0.320940 0.165641 0.109043 -0.072241 -0.038046 -0.046857 -0.001963 -0.001720 0.000260 0.001323 0.031552 0.092193 0.568147 0.201971 0.018458 -0.067296 -0.008598 -0.009416 -0.000065 0.000593 0.007821 0.036616 0.003682 0.000741 0.007856 0.047497 0.047757 0.083088 0.088215 1.053148 2.456294 1.872119 2.215586 1.057703 0.187449 0.159715 0.247792 0.377462
