use_cases/Flooding_chicago/flooding_data/output/hUx_2340.asc
ncols 337
nrows 393
xllcorner 428428.000000
yllcorner 4602440.000000
cellsize 26.757400
NODATA_value -9999.000000
[rows 156 to 181 of 393, columns 177 to 235 of 337]
0.506064 1.313821 1.195930 1.146437 1.083903 0.824215 0.406377 0.826271 0.321499 -0.337540 -2.078485 -0.042509 -0.000175 -0.001927 -0.015820 -0.010803 -0.007304 0.000000 0.005877 0.679041 1.829890 1.588418 0.557969 -0.000248 -0.000688 -0.010801 -0.010345 -0.001135 -0.001451 -0.000735 -0.000103 0.000103 0.009532 0.016674 0.219017 0.197299 0.085887 0.132017 0.666906 0.906901 0.140710 -0.300145 -0.462303 -0.372341 -0.008184 -0.001867 -0.000485 0.000213 0.002510 0.025166 0.038550 0.025393 0.003133 0.036110 -0.209472 -0.652282 -0.019790 -0.005680 -0.000001
0.789907 0.543612 0.929794 0.716541 0.859030 0.698012 0.403663 0.974620 0.857303 0.494193 -0.938007 -0.067711 -0.003992 -0.011755 -0.032138 -0.027212 -0.012839 0.000000 0.005877 0.409034 0.630267 0.566718 -0.021377 -0.000218 -0.000113 0.000059 -0.000294 -0.001986 -0.010370 -0.003946 -0.000222 0.000222 0.009981 0.016123 0.272635 0.163859 0.118734 0.194815 0.341232 0.017645 -1.091336 -2.243126 -2.015777 -1.106483 -0.317920 -0.016389 -0.000788 0.000398 0.017560 0.038365 0.007156 0.018485 0.034614 0.105226 0.037621 -0.716692 -0.023560 0.000000 0.002522
0.773845 1.620015 0.208233 0.515176 -0.001158 -0.191465 -0.000520 -0.649931 -1.213873 -1.318237 -0.264543 -0.252951 -0.200290 -0.056633 -0.020662 -0.001524 -0.001047 0.001450 0.039616 0.710047 0.821637 0.751862 -0.012451 -0.003663 0.000000 0.005350 0.016263 0.068783 -0.073025 -0.014410 -0.000140 0.000139 0.019514 0.594278 1.080631 0.314288 0.250588 0.355068 0.188461 0.060470 0.130998 -0.138112 -0.342573 -0.404294 -0.410415 -0.021959 -0.000833 0.000147 0.000419 0.001090 0.002672 0.007357 0.016597 0.153214 0.152262 -0.078208 -0.013378 -0.000971 0.000623
0.048549 0.006092 0.001223 0.040865 0.059640 -0.010625 -0.000000 0.008587 -1.557393 -0.603920 -0.060290 -0.008408 -0.014798 -0.000932 -0.001994 -0.000920 -0.000184 0.000798 0.035020 0.251144 0.052525 -0.123635 -0.039236 -0.009247 -0.000067 0.000464 0.007735 0.044058 -0.000255 -0.001218 -0.000009 0.000116 0.012643 0.666790 0.629813 0.545725 0.306640 0.216754 0.173390 0.080414 0.137769 0.530834 1.058403 0.571362 -0.424965 -0.027165 -0.000581 -0.000260 0.000176 0.000347 0.025218 0.035499 0.008423 0.073157 0.079743 0.050094 -0.000457 0.000050 0.010698
-0.000941 -0.000004 -0.002363 -0.038137 -0.061384 -0.008022 -0.000000 0.006555 0.063099 -0.020231 -0.001817 -0.000010 0.000092 -0.000130 0.000136 0.033270 0.051506 0.045481 0.024675 0.005429 -0.333200 -0.629386 -1.452874 -0.016114 -0.004177 0.000009 0.009810 0.068689 0.017369 0.008690 0.002197 0.000694 0.017824 0.557168 0.771967 0.651774 0.777729 0.298160 0.155046 0.104417 0.402301 1.042454 2.408792 1.220807 -0.042882 -0.016557 -0.006973 -0.000394 0.000331 0.008224 0.015222 0.399252 0.256084 0.230623 0.176914 -0.001041 -0.000229 0.000255 -0.091223
-0.000372 -0.000054 -0.007256 -0.012941 -0.078833 -0.015849 -0.000000 0.008818 0.062042 0.056191 0.003756 0.010357 0.002915 -0.000039 0.000599 0.009486 0.125115 0.280713 0.201453 1.784100 1.310867 1.648741 1.962600 0.920364 -0.007199 -0.000140 -0.000058 0.006710 0.004903 0.002732 0.001088 0.010657 0.700608 1.385541 1.169805 0.866380 0.259844 0.154928 0.086220 0.075152 0.662516 1.299518 2.088731 -0.294757 -0.018752 -0.009848 -0.007928 -0.000569 0.000247 0.000554 0.010991 1.681117 1.660770 1.064369 0.342954 0.253297 0.078191 -0.134899 -0.081290
-0.001717 -0.002132 -0.002884 -0.004496 -0.033519 -0.009464 -0.000001 0.006453 0.020893 -0.015552 0.028920 0.037310 0.010922 0.002596 0.016294 0.036708 0.019980 0.002054 0.013879 -0.416350 -0.760429 -0.792085 -0.836453 -0.285437 -0.118436 0.024412 -0.015773 0.001475 0.051346 0.072997 0.057079 0.126716 0.795630 0.458353 0.001543 -0.000313 -0.000240 0.000006 0.056690 0.407886 1.061448 1.535199 1.015154 -0.043359 -0.005776 -0.000889 -0.000923 -0.000292 0.000031 0.000292 0.016346 0.505300 0.662471 0.532684 0.094770 0.106299 0.057520 0.155457 0.365292
-0.000007 0.000985 0.001176 -0.000340 -0.041464 -0.010755 -0.000037 0.000626 0.007454 0.025846 -0.028050 -0.000617 -0.000637 0.000326 0.000717 0.000622 0.000483 0.010128 0.040331 -0.233913 -0.793818 -0.848503 -0.737538 -0.486577 -0.312362 -0.012833 0.112359 0.076561 0.102486 0.137854 0.118118 0.860932 2.088282 0.712220 -0.002463 -0.012875 -0.004803 0.000311 0.011050 0.554653 1.053630 1.133242 0.123951 -0.001910 0.000671 0.001083 -0.000718 -0.000206 0.000002 0.000236 0.022595 0.856598 0.957838 0.792079 0.769698 0.762997 0.723311 1.117319 1.124704
-0.000149 0.000199 -0.002134 -0.001772 0.001212 0.000060 0.000257 0.023986 0.492273 -0.136875 -0.351310 -0.324211 -0.000046 -0.002420 -0.000406 -0.000153 0.000334 0.008837 0.016456 -0.392262 -0.555094 -1.255718 -1.505916 -0.945013 -0.610599 -0.164354 0.038552 0.148245 0.110503 0.142621 0.122526 -0.383293 -0.242474 -0.206340 -0.019107 -0.007297 0.000003 0.008326 0.014561 0.740403 0.440018 0.084328 0.037409 0.018557 0.017741 0.030186 0.363550 0.142250 -0.000398 0.000116 0.272313 1.021597 1.484950 1.310263 1.118231 0.894346 1.150908 1.273959 1.271722
-0.001841 0.000022 -0.004183 -0.005611 -0.000870 0.000105 0.001789 0.043554 0.510633 0.027819 -0.390176 -0.628168 -0.101103 0.018678 0.085551 0.065739 0.001427 0.015428 0.020745 -0.469389 -0.247678 -0.200092 -0.297026 -0.205939 -0.333456 -0.060624 0.143801 0.246498 0.124744 0.129564 0.090271 0.024972 -0.599985 -0.354740 -0.020049 -0.000326 0.000208 0.006796 0.719846 0.599438 0.542267 0.362898 0.183510 0.000014 0.034843 0.558816 0.256585 0.221971 0.166835 0.200396 0.719637 0.398524 0.181643 0.188016 0.248078 0.314876 0.392419 0.408729 0.532776
-0.003093 -0.000155 0.000146 0.000804 0.002567 0.003925 0.007174 0.020502 0.048627 0.507837 0.819872 0.031616 -0.167809 -0.313738 -0.215384 -0.053054 0.000417 0.019499 0.057092 -0.478821 -0.162797 0.147848 0.203940 0.280616 0.137808 -0.043330 -0.200233 -0.375309 -0.024564 -0.000161 0.000087 0.005404 -0.161978 -0.223076 -0.036370 -0.000122 0.000134 0.013200 1.006308 0.974605 0.420683 0.003200 0.000415 0.000322 0.010311 0.039623 -0.093589 -0.074826 0.061531 0.162671 0.702242 0.005058 -0.390793 -0.286708 -0.066037 0.016579 0.067077 0.141871 0.309334
-0.011175 -0.000113 0.000261 0.017015 0.035402 0.006106 0.007299 0.032835 0.079391 0.127373 0.033963 -0.000098 0.000113 0.008557 -0.112598 -0.147320 0.000016 0.027911 0.040901 -0.042885 0.540852 0.802803 0.545702 0.381934 0.244322 0.027999 -0.236245 -0.362477 -0.041538 -0.001313 0.000140 0.010722 0.079060 -0.063482 -0.304682 0.001322 0.427364 0.865969 1.192066 1.002497 0.280151 -0.018604 0.000000 0.003995 0.003029 0.001172 0.011174 0.139913 0.165381 0.201913 0.842015 -0.151172 -0.721607 -0.589097 -0.491494 -0.326681 -0.224553 -0.005796 0.090041
-0.008289 -0.000002 0.007734 0.020241 0.001980 0.000280 0.012614 0.043903 0.025928 -0.014313 -0.007706 -0.000084 0.000228 0.012051 0.023907 0.012315 0.038039 0.016942 0.684764 3.261628 1.903183 1.290371 -0.034757 0.000000 -0.001499 -0.000881 -0.005860 -0.051584 -0.074624 -0.018714 0.000000 0.003663 0.140053 0.764345 1.018914 1.460524 0.869123 0.836167 0.686162 0.301699 0.125790 -0.014816 -0.017413 -0.008246 -0.000355 0.000444 0.008982 0.047444 0.084716 -0.116276 -0.370253 -0.462920 -0.018812 0.003545 0.105921 -0.020775 -0.102693 0.105144 0.051807
-0.006831 -0.000141 0.000225 0.000133 -0.000233 0.000102 0.005649 0.017374 0.014169 0.001126 0.000632 0.001257 0.001063 0.009912 0.020159 0.085299 0.000059 0.006517 0.304100 0.791587 0.902219 -0.226669 -0.014342 0.000013 -0.000169 -0.000453 -0.001063 0.003560 0.052065 0.019218 0.004428 0.432980 1.420468 1.957480 0.956295 0.436797 0.006322 0.016629 0.120218 0.059372 -0.048506 -0.018289 -0.020911 -0.014101 -0.000538 0.001085 0.015695 0.024939 0.042319 -0.000911 0.012372 -0.531214 -0.116143 -0.000144 0.000481 0.000340 -0.081172 0.186959 0.398517
-0.010086 -0.000015 0.008637 0.000958 -0.006539 0.000000 0.003663 0.009782 0.010698 0.001848 0.004898 0.009889 0.002044 0.012688 0.020201 0.004211 0.001548 0.000787 0.307473 1.001962 0.623884 0.090297 -0.006161 0.000481 0.000118 -0.000063 0.000094 0.062078 0.340371 1.012871 1.011560 0.922417 0.769652 0.597003 0.171741 -0.017441 0.002233 0.007520 -0.407737 -0.385145 -0.524487 -0.050818 -0.001473 -0.000794 0.001449 0.002252 0.010985 0.022400 0.005596 0.002083 0.103447 -0.340315 -0.427391 -0.005447 -0.000326 0.000208 0.007595 0.647451 0.721796
-0.000791 -0.000368 0.000832 0.002420 0.002160 0.000918 0.000683 0.009372 0.016455 0.021255 0.015717 0.041158 0.000069 0.009670 0.019998 0.050817 0.014826 0.005434 0.570794 0.506688 0.464561 0.262139 -0.065205 -0.001690 -0.000478 0.000140 0.000436 0.111960 0.537837 1.362672 2.394048 0.885875 0.437873 0.147627 0.040054 0.012358 0.026091 0.250373 0.768116 0.177201 -0.470952 -0.076440 -0.002365 0.001089 0.003200 0.001759 0.018544 0.581988 -0.000214 0.000696 0.122607 -0.174048 -0.253556 -0.243455 -0.039568 0.000003 0.012830 2.625094 1.191539
-0.008751 -0.000502 0.000507 0.004346 0.002644 0.005279 0.022144 0.024961 0.025177 0.023917 0.006289 -0.008282 0.000001 0.019484 0.062318 0.434876 0.540642 2.470545 2.826161 2.199745 2.055554 0.843980 -0.168383 -0.024846 -0.006171 0.000000 0.003663 0.363974 0.849574 0.880943 0.522154 -0.000133 -0.000034 0.000566 0.001142 0.011321 0.176883 0.420806 1.165700 0.423947 -0.392906 -0.066356 -0.000725 0.000863 0.003657 0.001728 -0.463072 -0.623024 -0.336366 0.000027 0.148140 -0.297260 -0.865991 -1.704282 -0.460095 0.000027 0.490360 2.801178 1.130478
-0.015842 -0.007133 0.000018 0.010643 0.022848 0.029540 0.022241 0.053062 0.248401 0.938686 0.992494 0.703215 -0.000074 0.001332 0.495226 0.490328 0.638970 2.208771 2.641770 1.819221 0.726327 0.223263 -0.095093 -0.000352 0.000274 0.002447 0.002535 0.357226 0.552007 0.276467 -0.005595 -0.000051 0.001524 0.006545 0.012965 0.035984 0.307508 0.449126 0.412799 0.214842 0.119726 -0.019716 -0.000208 0.000875 0.031752 0.016790 0.859835 1.194839 0.946013 0.564507 0.467908 0.230426 0.006407 -0.155982 0.191853 0.458269 1.734306 1.653771 1.392346
-0.024121 -0.005629 0.000000 0.008640 0.021738 0.033592 0.141926 2.190196 2.514691 2.847118 2.429184 1.762933 1.802542 1.576784 1.300074 2.089017 2.195822 2.268465 1.849361 1.135942 0.025739 -0.001585 -0.001493 0.000396 0.394049 0.536786 1.638366 0.791027 0.400427 -0.014382 -0.000151 0.000065 0.019435 0.061815 0.107531 0.033564 0.275972 0.240927 0.060066 0.007478 -0.004115 -0.006586 0.000772 0.005599 0.079924 0.278783 0.191606 0.089131 0.017547 -0.047752 -0.010997 -0.000265 0.000031 0.002648 0.690492 1.664800 1.322893 0.851907 0.149694
-0.003089 -0.000140 0.000219 0.007136 0.024686 0.230168 1.390717 2.316303 1.736439 1.168428 2.029435 1.608893 1.739110 2.446043 1.836277 2.029095 1.785284 1.104436 0.005271 0.000539 -0.001133 0.001365 0.006012 0.293662 0.578988 0.710626 0.839489 0.856455 -0.298736 -0.018323 -0.004189 0.000000 0.012088 0.026492 0.160455 0.694891 0.533581 0.000471 -0.000039 -0.001932 0.002286 0.007243 0.010190 0.026358 0.024626 0.016148 -0.000142 -0.000094 0.000202 0.000564 0.000933 0.001077 0.001049 0.030459 1.112466 1.872145 0.716723 -0.044018 -0.041765
0.029759 0.004493 0.006657 0.079913 -0.334912 0.473280 1.177637 0.932015 -0.000005 0.004938 0.115523 0.113043 1.301337 2.285016 2.601322 2.134783 1.868545 1.149148 -0.000222 0.000222 0.035177 0.213946 0.480054 0.579380 0.828130 1.007280 0.999360 0.789572 -0.047300 -0.025344 -0.012267 0.000000 0.007912 0.019616 0.124762 0.043061 0.047874 0.011156 -0.000096 0.001467 0.021025 0.002910 0.021554 -0.000122 0.000138 -0.000181 0.000247 0.000817 0.008610 0.015125 0.013221 0.003144 0.001479 0.673736 2.040618 0.423304 0.348331 0.354783 0.112901
0.247363 0.184767 0.252137 -0.116730 -0.227650 0.085355 0.143359 -0.219803 -0.000222 0.000222 0.003946 1.121301 1.187760 1.097923 0.839078 0.479123 0.228289 0.140455 -0.004026 -0.004803 -0.080063 0.076632 0.379454 0.209874 0.141836 -0.060404 -0.441436 -1.288619 -0.033384 -0.015419 -0.000471 0.000023 0.006879 0.009450 0.014067 0.042464 -0.001168 -0.000154 0.000267 0.015178 0.051838 -0.086307 -0.019102 -0.007840 -0.000058 0.000592 0.008280 0.013988 0.016735 0.017819 0.080250 0.059832 0.066597 2.043129 1.942412 0.738335 0.625256 0.809166 0.076109
0.275362 0.522596 0.272687 0.180041 0.117278 0.020714 -0.003183 0.134573 0.088229 0.060846 0.105698 0.741797 0.429420 -0.015269 -0.000136 0.000081 0.001025 0.035126 -0.084125 0.007688 0.292947 0.319067 0.676122 0.605384 0.510090 0.391468 0.240351 -0.063009 -0.007007 -0.000990 -0.000088 0.000137 0.008627 0.017640 0.021782 0.065389 -0.010496 -0.000590 0.000115 0.008936 0.016140 -0.001443 -0.016172 -0.000360 0.000360 0.006387 0.013523 0.025896 0.030219 0.032711 0.633162 1.862023 2.764786 3.182788 3.959062 3.740367 2.584049 3.204468 2.159744
0.053319 0.378919 0.411234 0.552322 0.881679 0.632952 0.749242 0.910141 0.940008 1.146012 1.670563 1.194213 0.026192 0.004660 -0.000049 0.000635 0.007666 0.072125 -0.038251 -0.004947 0.073644 -0.035422 -0.067779 -0.234369 -0.411204 -0.606502 -1.033407 -0.023692 -0.006258 -0.000029 0.005438 0.020498 0.027112 0.076493 0.577942 0.264097 0.173933 -0.001686 -0.002420 0.000000 0.008478 0.001275 -0.007771 -0.000360 0.000360 0.014725 0.025784 0.022055 0.078602 0.203908 1.207804 2.224802 2.772275 3.112542 4.227572 3.948863 4.626152 3.494796 2.455020
0.023028 0.043344 0.812171 0.771432 1.020723 0.575119 0.249852 0.176850 0.082435 -0.080629 -0.226131 -0.009353 -0.000569 0.000247 0.000554 0.006009 0.030238 0.006078 0.116314 0.293993 0.311485 0.434449 0.600901 0.436053 0.458599 0.375537 0.165493 -0.033732 -0.003956 -0.000392 0.001394 0.024953 0.054361 0.021815 0.164506 -0.228800 -0.430752 -0.047395 -0.008557 0.000000 0.005712 0.011107 0.001928 0.000241 0.000446 0.005643 0.044075 0.137465 0.057073 0.179888 0.922960 1.384833 3.203368 4.172022 3.442162 2.856745 3.658929 2.855072 2.191164
0.036703 0.038449 0.047434 0.368147 0.357749 0.242324 -0.357034 -0.535411 -0.443489 -0.493359 -0.503799 -0.007283 -0.000394 0.000331 0.010432 0.025711 -0.172261 -0.082710 -0.071413 0.067116 0.244401 0.285081 0.131479 0.052167 -0.170307 -0.097823 -0.029695 -0.001963 -0.001719 0.000260 0.001323 0.031552 0.092192 0.568233 0.202011 0.018459 -0.067297 -0.008599 -0.009416 -0.000065 0.000593 0.007821 0.036616 0.003683 0.000741 0.007856 0.047498 0.047605 0.081622 0.076734 0.945916 2.317592 1.743639 2.055550 0.938831 0.133856 0.135354 0.241656 0.364169
