use_cases/Flooding_chicago/flooding_data/output/hUx_2520.asc
ncols 337
nrows 393
xllcorner 428428.000000
yllcorner 4602440.000000
cellsize 26.757400
NODATA_value -9999.000000
[rows 208 to 233 of 393, columns 177 to 235 of 337]
-0.001668 -0.000024 0.005962 0.002246 0.001963 0.040863 0.023775 -0.000830 -0.000163 0.000143 0.008690 0.043604 0.140106 0.081351 0.203574 0.389490 0.265806 0.119904 0.160699 0.031241 -0.046837 0.214144 0.466252 0.585211 0.514923 0.343569 -0.103358 -0.000222 0.000222 0.043604 0.046097 0.046956 0.014925 -0.302972 -0.492977 -0.484195 -0.256132 -0.127367 0.003869 0.215031 0.126466 0.255078 0.283289 0.294866 0.341887 0.342728 0.322330 0.304924 -0.000000 0.198643 0.412231 0.039278 -0.238469 0.009289 0.125501 -0.085605 -0.002841 0.000482 0.002424
-9999.000000 -0.000717 -0.000600 0.000000 0.011433 0.261237 0.230768 0.210900 0.071121 0.116047 0.858980 0.037032 0.097039 0.083966 0.179001 0.090282 0.166919 0.374379 0.221682 0.919978 1.639398 1.175797 0.803991 0.387803 -0.089067 -0.116628 -0.025178 0.055517 0.053478 0.312721 0.261118 0.243777 0.157255 0.048294 -0.402952 -0.605611 -0.464443 -0.301672 0.000681 0.010769 -0.079148 -0.228578 -0.023178 -0.000034 0.018195 0.420425 0.523208 0.642182 0.588646 0.429329 1.199095 0.735911 0.351142 0.443183 0.293185 -0.084570 -0.001320 0.000613 0.024086
-9999.000000 -0.000024 0.000002 0.000000 0.010931 0.222212 0.217986 0.226649 0.084410 0.136298 0.085132 0.215274 0.182960 0.146791 0.088698 0.036085 0.066427 0.031036 0.104709 0.256373 0.363781 0.236838 0.197493 0.203692 0.196512 0.482939 0.540183 0.735707 0.941318 0.855622 0.601233 0.416258 0.268628 0.121800 0.004686 -0.102336 -0.372860 -0.488235 -0.221734 0.014275 -0.026860 -0.202710 -0.026522 -0.000853 0.000308 0.005720 0.006882 0.541244 0.503382 0.411629 0.266482 1.145713 0.808144 0.656220 0.404296 -0.076251 -0.000499 0.000359 -0.072056
-9999.000000 -9999.000000 -0.000881 -0.000066 0.000724 0.041002 -0.000488 0.000315 0.063568 0.142764 0.060063 0.178922 0.170414 0.157022 0.118249 0.050944 0.068916 0.031508 0.050310 0.224461 0.131265 0.072672 0.049201 0.079027 0.083598 0.075169 -0.032426 -0.032194 0.004336 0.016049 0.017811 0.031659 -0.006764 -0.061373 -0.095001 -0.067478 -0.130222 -0.349627 -0.120055 0.238861 0.530714 0.708561 -0.020109 -0.002033 -0.000741 0.001391 0.009430 0.005383 0.250627 0.931163 0.719733 0.723374 1.025374 1.141330 0.918411 0.926136 0.867556 0.886239 2.044729
-9999.000000 -9999.000000 -9999.000000 -0.022144 -0.096481 -0.046513 -0.001335 0.000358 0.001179 0.068365 0.257546 0.201728 0.180812 0.167675 0.120996 0.197359 0.288674 0.398051 0.643063 0.438372 0.264470 0.119405 0.050435 0.111539 0.147536 0.149902 0.054021 -0.002216 -0.006245 0.008772 0.013419 0.119301 0.339367 0.075920 0.091186 0.131506 -0.076292 -0.084873 -0.104491 0.050308 0.248742 0.098996 -0.348843 -0.074346 -0.000632 0.000522 0.002161 0.009812 0.167134 0.310360 0.495735 0.669921 0.800957 0.927971 2.316771 3.001853 2.109966 2.117789 2.511493
-9999.000000 -9999.000000 -9999.000000 -0.031558 -0.086724 -0.035191 -0.000898 -0.000433 0.000874 0.008367 0.019244 0.089417 0.020696 0.013151 0.001075 0.089885 0.278661 0.263088 0.076017 0.102542 0.010644 -0.096652 -0.169825 0.163830 0.508774 0.112465 0.034601 -0.002813 -0.001887 0.016120 0.016146 0.069990 0.513411 0.672898 0.977779 0.692783 0.067692 -0.115101 -0.295131 -0.265622 -0.182527 -0.007681 -0.000926 -0.000240 0.000101 0.000314 0.014923 0.282426 0.703863 0.266070 0.029732 0.064254 0.063290 1.121268 1.980401 1.918229 2.607309 2.338673 2.162314
-9999.000000 -9999.000000 -9999.000000 -9999.000000 -0.000530 0.000000 -0.013727 -0.049885 -0.009931 -0.000005 0.004743 0.010787 0.034511 0.000442 0.019863 0.088150 0.193271 0.000773 0.003083 0.002212 0.001033 0.001909 0.057122 -0.200838 -0.524854 -0.056705 -0.002495 0.000419 0.008614 0.007203 0.004911 0.001093 0.000004 0.009031 0.626150 0.313159 -0.005122 -0.000051 0.004842 -0.402433 -0.526578 -0.000868 -0.001480 -0.000518 -0.000236 0.000422 0.000415 0.007294 0.016993 0.010899 0.002595 0.141436 1.374706 2.170451 2.003987 1.813601 1.795699 1.811642 2.176135
-9999.000000 -9999.000000 -9999.000000 -9999.000000 -9999.000000 -0.004990 -0.008005 -0.026734 -0.006692 -0.000222 0.000222 0.005483 0.023528 0.006696 0.004000 0.012020 0.026999 0.010478 0.007021 0.003574 0.001422 0.016877 0.430390 0.209382 -0.358149 -0.068932 -0.010017 -0.003749 0.016125 0.007852 0.011545 -0.000116 0.000307 0.017235 0.815032 -0.005138 -0.007233 -0.001199 0.005335 -0.658223 -1.108129 -0.858830 -0.844511 -0.054557 -0.000007 0.009033 0.015640 0.020905 0.009347 -0.000030 0.017513 0.374603 1.183991 1.576587 0.299647 0.042441 -0.115292 -0.138654 -0.192855
-9999.000000 -9999.000000 -9999.000000 -9999.000000 -9999.000000 -9999.000000 -0.026047 -0.065486 -0.014606 -0.005200 0.000005 0.006503 0.028197 0.010047 0.006966 0.002566 0.003871 0.013649 0.031251 0.007669 0.043348 0.021349 0.514254 0.090147 -0.190334 -0.150804 -0.038469 -0.196992 -0.025505 -0.083172 -0.005878 0.000000 0.005878 0.012822 0.709865 -0.022595 -0.029625 -0.011460 0.011699 0.024759 0.022582 -0.490008 -0.628912 -0.615032 -0.494336 -0.469164 0.001626 0.005392 -0.006630 -0.000457 0.002561 0.184357 0.450193 0.277322 -0.000330 -0.000166 0.001251 0.000658 0.017488
-9999.000000 -9999.000000 -9999.000000 -9999.000000 -9999.000000 -9999.000000 -0.012396 -0.023820 -0.026371 -0.000110 0.000061 -0.003482 -0.006250 -0.004622 0.003731 0.002135 0.027022 0.045116 0.069788 0.173300 0.093814 0.318680 0.740626 -0.304106 -0.106047 -0.056949 -0.071625 -0.056384 -0.056557 -0.123507 -0.005878 0.000000 0.005878 0.012822 0.745800 -0.033261 -0.042727 -0.011906 0.015724 0.032155 0.036892 0.165769 0.482960 -0.252800 -0.593572 -0.263866 -0.008991 0.002276 0.001945 0.004763 0.013884 0.188982 0.145182 0.138918 -0.005982 0.000003 0.022178 0.068908 0.120858
-9999.000000 -9999.000000 -9999.000000 -9999.000000 -9999.000000 -9999.000000 -9999.000000 -0.003981 0.000000 -0.026688 -0.096525 -0.050489 -0.008195 -0.010137 -0.006727 0.000000 0.007906 0.037901 0.094891 0.138178 0.058374 0.116818 -0.001093 -0.053461 -0.061312 -0.092250 -0.085915 -0.069982 -0.276954 -0.103579 -0.126041 0.000000 0.026793 0.189071 0.435381 -0.082360 -0.101807 -0.000126 0.285302 0.277641 0.329087 0.080870 0.159503 0.073126 0.322076 0.008624 -0.086615 0.000810 0.025395 0.019826 0.560781 0.358143 -0.099438 -0.084291 -0.000326 0.000208 0.059684 0.123022 0.098506
-9999.000000 -9999.000000 -9999.000000 -9999.000000 -9999.000000 -9999.000000 -9999.000000 -9999.000000 0.000000 0.069130 -0.162173 -0.027341 -0.008179 -0.011962 -0.009790 0.000015 0.014922 0.023389 0.056699 0.007634 0.003900 -0.004941 -0.017164 -0.039473 -0.073335 -0.070127 -0.057081 0.061828 0.242204 0.179645 -0.021936 0.000000 0.012557 0.042459 -0.038072 -0.093238 -0.084780 -0.091741 -0.108512 -0.157897 -0.424698 -0.023915 0.063274 0.039381 0.016128 0.008816 0.001025 0.009600 0.073307 0.490844 0.198030 -0.065941 -0.245434 -0.102274 -0.027420 0.111638 0.082056 0.060795 0.021571
-9999.000000 -9999.000000 -9999.000000 -9999.000000 -9999.000000 -9999.000000 -9999.000000 -9999.000000 -9999.000000 -0.116820 -1.481715 -0.293256 -0.005259 -0.008106 -0.000569 0.000467 0.018248 0.039662 0.037217 0.005754 0.005277 -0.002516 -0.008477 -0.003509 0.005006 0.121141 0.139012 0.204554 0.022727 0.005995 -0.005373 0.000000 0.005373 0.014132 0.037714 -0.051303 0.065426 0.096930 -0.006549 -0.149055 -0.134268 -0.037229 -0.074997 -0.000518 -0.004464 -0.001735 0.015264 0.032842 0.013616 -0.008655 -0.007898 -0.106995 -0.405586 -0.500329 0.012779 0.047415 0.000002 0.001234 0.001649
-9999.000000 -9999.000000 -9999.000000 -9999.000000 -9999.000000 -9999.000000 -9999.000000 -9999.000000 -9999.000000 -9999.000000 0.000000 -0.037291 -0.109926 -0.026002 -0.000457 0.000528 0.003909 0.001984 0.004749 0.003718 0.013278 -0.001443 -0.018204 -0.013951 0.002527 0.010522 0.120962 0.535389 -0.297154 -0.017281 -0.005473 0.000000 0.005473 0.016644 0.023709 0.026675 0.099650 0.107832 0.136461 0.379077 0.195843 0.143993 -0.117376 -0.006384 -0.000196 0.008865 -0.004655 0.001070 0.005208 -0.042849 -0.062458 -0.009164 0.045552 0.223938 0.177277 -0.005083 0.000067 0.009661 0.015236
-9999.000000 -9999.000000 -9999.000000 -9999.000000 -9999.000000 -9999.000000 -9999.000000 -9999.000000 -9999.000000 -9999.000000 -9999.000000 0.000000 -0.001762 -0.006156 -0.000016 0.000484 0.001352 0.016293 0.015526 0.010377 0.012478 -0.002455 -0.027205 -0.035298 -0.035862 -0.033248 -0.053314 -0.133332 -0.082380 -0.007874 -0.000848 0.000000 0.000848 0.009064 0.029937 0.045104 0.135598 0.148208 0.211483 0.135322 0.070060 -0.158654 -0.171813 -0.024193 -0.013936 0.000078 0.001194 0.010712 0.021175 0.006107 -0.076064 -0.050449 0.042031 0.159044 0.125241 -0.000194 0.001425 0.015686 0.021370
-9999.000000 -9999.000000 -9999.000000 -9999.000000 -9999.000000 -9999.000000 -9999.000000 -9999.000000 -9999.000000 -9999.000000 -9999.000000 -9999.000000 -0.000222 0.000222 0.007775 0.022309 -0.004088 -0.005361 0.006927 0.009495 0.002625 0.000008 0.004832 0.068811 -0.042442 -0.087382 -0.110025 -0.046836 -0.057986 -0.001207 -0.000474 -0.000400 0.000572 0.003236 0.031436 0.058232 0.094995 -0.001768 -0.003113 -0.002171 -0.039261 -0.073258 -0.037858 -0.045802 -0.026677 -0.005505 -0.002497 -0.006442 -0.000410 0.000412 -0.252353 -0.488093 -0.221423 0.139340 -0.000460 0.000277 0.018072 0.036902 0.246163
-9999.000000 -9999.000000 -9999.000000 -9999.000000 -9999.000000 -9999.000000 -9999.000000 -9999.000000 -9999.000000 -9999.000000 -9999.000000 -9999.000000 -9999.000000 -9999.000000 -9999.000000 -9999.000000 -9999.000000 -0.000458 -0.000641 -0.001134 -0.000491 0.000258 0.009577 0.025235 -0.013605 -0.043118 -0.075391 -0.127122 -0.176483 -0.193884 -0.142187 -0.167417 -0.015859 0.000000 0.010041 0.044069 0.067112 -0.057154 -0.015686 -0.024654 -0.031428 -0.048915 -0.065785 -0.054476 -0.028886 0.003053 0.006253 -0.003024 -0.000870 0.000946 -0.128584 -0.297169 -0.159829 -0.010592 -0.000792 0.000202 0.025157 0.043552 0.251947
-9999.000000 -9999.000000 -9999.000000 -9999.000000 -9999.000000 -9999.000000 -9999.000000 -9999.000000 -9999.000000 -9999.000000 -9999.000000 -9999.000000 -9999.000000 -9999.000000 -9999.000000 -9999.000000 -9999.000000 -9999.000000 -9999.000000 -9999.000000 -0.001027 -0.000014 0.001022 0.002270 0.001487 -0.043040 -0.063594 -0.105472 -0.155824 -0.187684 -0.138310 -0.153458 -0.014768 0.000000 0.017357 0.075483 0.206638 -0.169805 -0.026173 -0.052927 -0.067568 -0.083949 -0.104461 -0.240618 -0.174894 0.015498 0.036982 0.021126 -0.001044 0.002749 0.018916 0.484261 0.147966 -0.433125 -0.046584 -0.000292 0.000947 0.029154 0.048620
-9999.000000 -9999.000000 -9999.000000 -9999.000000 -9999.000000 -9999.000000 -9999.000000 -9999.000000 -9999.000000 -9999.000000 -9999.000000 -9999.000000 -9999.000000 -9999.000000 -9999.000000 -9999.000000 -9999.000000 -9999.000000 -9999.000000 -9999.000000 -9999.000000 -0.000279 0.000685 0.001996 0.001786 0.013817 0.004406 -0.001615 -0.001817 0.003422 0.028745 -0.052196 -0.017415 0.000015 0.021500 0.081103 -0.106961 -0.238040 -0.306967 -0.056312 -0.071428 -0.074736 -0.079339 -0.183624 -0.249030 -0.373324 -0.285014 -0.013286 0.000009 0.027193 0.065392 0.524460 0.210770 -0.321991 -0.032881 -0.000224 0.001539 0.029555 0.032199
-9999.000000 -9999.000000 -9999.000000 -9999.000000 -9999.000000 -9999.000000 -9999.000000 -9999.000000 -9999.000000 -9999.000000 -9999.000000 -9999.000000 -9999.000000 -9999.000000 -9999.000000 -9999.000000 -9999.000000 -9999.000000 -9999.000000 -9999.000000 -9999.000000 -0.000011 0.007054 0.161669 -0.001489 -0.002339 -0.001409 -0.001372 0.000079 0.024259 0.016200 0.003076 -0.000718 0.000357 0.023726 0.034127 0.114800 0.152877 -0.024402 -0.005437 -0.002692 0.001935 0.005255 0.005523 -0.064248 -0.067835 0.020212 -0.002665 0.000137 0.002766 0.034813 0.417636 -0.042137 -0.033215 -0.009621 -0.000005 0.016456 0.021013 0.031215
-9999.000000 -9999.000000 -9999.000000 -9999.000000 -9999.000000 -9999.000000 -9999.000000 -9999.000000 -9999.000000 -9999.000000 -9999.000000 -9999.000000 -9999.000000 -9999.000000 -9999.000000 -9999.000000 -9999.000000 -9999.000000 -9999.000000 -9999.000000 -9999.000000 -9999.000000 -0.174696 -0.162715 -0.176681 -0.017232 -0.001556 -0.000079 0.001541 0.020656 -0.000489 -0.000777 -0.001040 0.000520 0.001162 0.037113 0.184899 0.047707 -0.004639 -0.012031 -0.002814 0.005611 0.011716 0.014536 0.009474 -0.303507 -0.040847 -0.005804 0.000307 0.006137 0.018938 -0.369327 -0.208953 -0.013809 -0.007686 -0.000208 0.000326 0.014131 0.029113
-9999.000000 -9999.000000 -9999.000000 -9999.000000 -9999.000000 -9999.000000 -9999.000000 -9999.000000 -9999.000000 -9999.000000 -9999.000000 -9999.000000 -9999.000000 -9999.000000 -9999.000000 -9999.000000 -9999.000000 -9999.000000 -9999.000000 -9999.000000 -9999.000000 -9999.000000 0.000000 -0.055291 -0.154927 -0.049272 -0.019362 -0.000000 0.012853 0.047612 -0.052941 -0.006191 0.023832 -0.000230 0.000512 0.035953 0.129463 0.096527 0.000024 0.002187 0.002929 0.004151 0.005382 0.005457 0.010526 -0.464988 -0.085054 -0.010473 -0.001226 0.011185 0.005912 0.024623 0.027893 -0.013603 -0.007326 -0.000003 0.005982 0.014448 0.019228
-9999.000000 -9999.000000 -9999.000000 -9999.000000 -9999.000000 -9999.000000 -9999.000000 -9999.000000 -9999.000000 -9999.000000 -9999.000000 -9999.000000 -9999.000000 -9999.000000 -9999.000000 -9999.000000 -9999.000000 -9999.000000 -9999.000000 -9999.000000 -9999.000000 -9999.000000 0.000000 0.004032 -0.005372 -0.023412 -0.008513 -0.000005 0.007514 0.026207 0.149087 0.069100 0.101888 0.110538 0.092034 0.060995 0.095341 0.030640 0.000539 0.000456 0.000520 0.001295 0.001489 0.001074 0.036243 -0.139304 -0.119155 -0.018525 -0.015248 0.000000 0.015572 0.101306 0.026766 -0.363228 -0.046890 0.000013 0.015785 0.055087 0.658396
-9999.000000 -9999.000000 -9999.000000 -9999.000000 -9999.000000 -9999.000000 -9999.000000 -9999.000000 -9999.000000 -9999.000000 -9999.000000 -9999.000000 -9999.000000 -9999.000000 -9999.000000 -9999.000000 -9999.000000 -9999.000000 -9999.000000 -9999.000000 -9999.000000 -9999.000000 -9999.000000 0.000000 -0.008738 -0.030575 -0.012284 -0.000172 0.000488 0.016429 0.014906 0.001431 0.002386 0.031528 0.032227 0.282147 0.036080 0.013063 0.007034 0.001707 0.001556 0.003033 0.003144 0.002315 0.012842 0.038419 -0.056535 -0.004828 0.000271 0.000000 0.018758 0.182020 0.176828 -0.096828 -0.000880 0.000272 0.020536 0.059534 0.424513
-9999.000000 -9999.000000 -9999.000000 -9999.000000 -9999.000000 -9999.000000 -9999.000000 -9999.000000 -9999.000000 -9999.000000 -9999.000000 -9999.000000 -9999.000000 -9999.000000 -9999.000000 -9999.000000 -9999.000000 -9999.000000 -9999.000000 -9999.000000 -9999.000000 -9999.000000 -9999.000000 0.000000 -0.009937 -0.033940 -0.012792 -0.000004 0.017039 0.015467 0.004878 0.001575 0.019199 0.198864 0.162008 0.084555 -0.088241 -0.001002 -0.000441 0.000676 0.001256 0.004604 0.007149 0.004806 0.002119 0.001667 0.001311 0.085538 0.091001 0.059328 0.023635 0.173341 0.212457 -0.251171 -0.006030 0.000000 0.027235 0.063923 0.048196
-9999.000000 -9999.000000 -9999.000000 -9999.000000 -9999.000000 -9999.000000 -9999.000000 -9999.000000 -9999.000000 -9999.000000 -9999.000000 -9999.000000 -9999.000000 -9999.000000 -9999.000000 -9999.000000 -9999.000000 -9999.000000 -9999.000000 -9999.000000 -9999.000000 -9999.000000 -9999.000000 -9999.000000 -0.037713 -0.046490 -0.014052 -0.000000 0.012035 0.010130 -0.000360 0.000360 0.026696 0.107989 0.016067 0.001152 -0.003880 -0.001777 -0.002324 0.000758 0.000656 0.012259 0.011622 0.134320 -0.000192 0.002141 0.001742 0.241862 0.195308 0.536962 0.553401 1.261060 0.542416 -0.145028 -0.108604 -0.000530 0.001176 0.015043 0.053840
