use_cases/Flooding_chicago/flooding_data/output/hUx_1320.asc
ncols 337
nrows 393
xllcorner 428428.000000
yllcorner 4602440.000000
cellsize 26.757400
NODATA_value -9999.000000
[rows 130 to 155 of 393, columns 118 to 176 of 337]
-0.000282 0.001107 0.239452 0.342869 0.416998 0.221816 0.125775 0.079692 0.023500 -0.035447 -0.124137 -0.099621 0.020271 0.069466 0.024329 -0.022442 -0.066323 -0.160820 -0.161714 -0.296343 -0.172181 -0.000902 -0.000472 -0.007237 -0.015684 -0.032515 -0.016769 -0.025500 -0.020458 0.000000 0.035244 -0.000336 -0.036164 -0.033603 -0.034972 -0.032856 -0.002939 -0.013749 -0.003663 0.000000 0.006355 0.012976 0.021278 0.037296 0.070526 0.089159 -0.083222 -0.046466 -0.043432 -0.027172 -0.009235 -0.000739 -0.000836 0.001122 0.000603 0.001112 0.000516 0.000737 0.009926
0.000603 0.002761 0.012801 -0.173705 -0.438112 -0.464824 -0.492486 -0.345657 -0.347528 -0.342349 -0.410556 -0.312962 -0.192288 -0.044009 0.029214 0.152381 0.265603 0.158043 0.027273 -0.050567 -0.142974 -0.000473 0.000246 0.106111 0.229189 0.008349 -0.006505 -0.009688 -0.008442 0.000000 0.025487 0.114152 0.079819 -0.064271 -0.037566 -0.047244 -0.014195 -0.001317 -0.000111 0.000194 0.007854 0.024097 0.024406 0.040227 0.066405 0.005957 -0.026656 -0.029340 -0.024948 -0.018824 -0.007810 -0.000228 -0.000113 0.000021 0.000264 0.001521 0.000361 0.007285 0.014628
0.002247 0.004479 0.002774 0.309569 0.474445 0.649959 0.294354 0.200457 0.063717 -0.006826 -0.062539 -0.043831 0.043466 0.151304 0.157071 0.207911 0.354912 0.289754 0.308357 0.189275 0.109194 0.119346 0.020758 0.038249 0.092038 -0.007276 -0.123652 -0.186842 -0.104717 -0.000174 0.001773 0.155895 0.114453 -0.027338 -0.055244 -0.033027 -0.006739 -0.000214 0.000104 0.006391 0.011745 0.001197 0.003142 0.000000 -0.002818 -0.003038 -0.016324 -0.018547 -0.028488 -0.029803 -0.014233 -0.000576 -0.000579 0.000007 0.003994 0.015761 0.000000 0.008017 0.025646
0.003111 0.004329 0.002663 0.107931 0.111211 0.142236 0.010070 -0.013708 -0.023860 -0.015419 0.075835 0.154057 0.041960 0.153548 0.175241 0.235054 0.398745 0.338376 0.352516 0.317365 0.275530 0.180421 0.156746 0.136623 0.093909 0.081887 0.041102 -0.004427 -0.100143 -0.001228 0.001808 0.003358 0.244139 0.345294 0.284677 -0.032171 -0.007356 -0.000102 0.000077 0.006770 0.031701 0.003239 0.000680 -0.024466 -0.013164 -0.007055 -0.029283 -0.036705 -0.031115 -0.013986 -0.007046 -0.000372 -0.000206 0.000363 0.010522 0.021899 0.001679 0.008764 0.016884
0.001736 0.001785 0.020458 0.230397 0.126827 0.070069 0.029799 -0.011379 -0.025530 -0.014098 0.044855 0.246890 0.434030 0.394419 0.247222 0.277982 0.563361 0.488237 0.412801 0.431719 0.318344 0.206472 0.186822 0.111665 0.038094 0.044428 0.058414 0.046528 -0.096140 -0.003099 0.001098 0.003647 0.001960 0.000753 0.152551 0.021260 -0.007933 -0.000108 0.000095 0.001035 0.004863 0.012272 0.026016 -0.023239 -0.032673 -0.018229 -0.017191 -0.014746 -0.010377 -0.008501 -0.001059 -0.000123 0.000276 0.010003 0.024467 0.030101 0.001562 0.004666 0.019728
0.178949 0.149996 0.113382 0.257133 0.180726 0.105712 0.086190 0.027261 -0.012183 0.015202 0.074044 0.189635 0.483959 0.650871 0.821914 0.619529 0.596382 0.526400 0.464958 0.440848 0.339082 0.213784 0.050162 0.030295 0.096754 0.097154 0.131177 0.152079 -0.086319 0.000000 0.001506 0.001716 0.012206 0.025568 -0.136826 -0.231258 -0.085952 -0.001966 -0.001794 0.001355 0.002615 0.013267 0.033118 -0.029999 -0.027305 -0.035449 -0.009123 -0.003157 -0.014134 -0.009769 -0.000324 0.000004 0.000153 0.005488 0.019611 0.047906 0.044338 0.034141 0.003779
0.395338 0.297605 0.511129 0.792009 0.444771 0.560530 0.437752 0.385554 0.266668 0.213844 0.199116 0.251408 0.323773 0.360193 0.362515 0.419689 0.333560 0.267792 0.274042 0.264319 0.241005 0.150058 0.105918 0.105162 0.125906 0.126727 0.044131 0.025111 -0.000521 0.000060 -0.008050 -0.021637 -0.015353 0.160699 0.097417 0.009163 -0.105606 -0.004805 -0.001653 0.003211 0.040927 0.097822 0.096383 -0.065331 -0.050409 -0.020609 -0.009143 -0.000115 -0.023409 -0.024207 -0.008042 0.000000 0.006499 0.023517 0.040900 0.053047 0.043868 0.046162 0.008982
0.131230 0.403651 0.312780 0.200684 0.328732 0.327404 0.231314 0.183852 0.134258 0.084031 0.092085 0.123479 0.247979 0.284929 0.310798 0.284231 0.177222 0.124788 0.117246 0.083476 0.091671 0.069742 0.022088 0.013109 0.043917 0.016427 0.005078 -0.000356 0.000163 0.041918 -0.140657 -0.230413 -0.196337 -0.113655 -0.051240 -0.043446 -0.103826 -0.002109 -0.000146 0.001616 0.038000 0.081326 0.044013 -0.020034 -0.036461 -0.019057 -0.006462 -0.000002 -0.030814 -0.004077 -0.000168 0.000364 0.000473 0.010748 0.033008 0.060052 -0.237901 -0.318716 0.001838
0.323642 0.539716 0.420615 0.468554 0.230534 0.287114 0.182761 0.125136 0.086251 0.044460 0.041807 0.058743 0.114159 0.303052 0.244031 0.339537 0.045060 0.013355 -0.009546 0.018882 0.042876 0.023838 0.048867 0.032904 -0.007820 -0.021060 -0.045386 -0.048637 -0.079359 -0.082985 -0.123594 -0.205296 -0.191537 -0.144980 -0.114174 -0.068562 -0.092971 -0.000113 0.000746 0.001233 0.004373 0.035447 0.130642 0.114881 0.111236 -0.254210 -0.011893 -0.001506 -0.003397 -0.000005 -0.000005 0.000124 -0.000128 0.000374 0.022498 1.058123 0.657580 0.960134 0.946837
0.227761 0.102073 0.305052 0.830169 0.474178 0.515893 0.305029 0.176808 0.093427 0.083535 0.099901 0.101889 0.075508 0.059598 0.034168 0.050711 0.041892 0.021494 -0.004852 0.010968 0.014237 -0.014330 -0.045741 -0.203626 -0.243293 -0.385102 -0.816423 -0.655044 -0.538409 -0.291225 -0.225630 -0.222968 -0.181639 -0.198028 -0.141041 0.041001 0.050950 0.019835 0.079847 0.059881 0.073894 0.040413 0.214793 0.313249 0.269486 0.237235 0.038213 -0.000709 -0.000188 0.028259 0.082650 0.068224 0.061703 0.000013 0.170110 0.124303 1.385165 1.341063 0.958860
0.167868 0.068634 0.316778 1.067993 0.680482 0.459853 0.292714 0.156357 0.082574 0.052200 0.042462 0.053898 0.058525 0.054945 0.052338 0.056642 0.041622 0.032655 0.019266 0.005575 -0.004202 -0.023070 -0.045454 -0.255584 -0.269839 -0.566146 -0.817155 -0.543963 -0.450991 -0.243354 -0.162368 -0.103885 -0.008097 -0.572303 -0.896513 0.009870 0.016151 0.145318 0.143731 0.656403 0.150168 0.248658 0.487748 0.452033 0.502195 0.520685 0.473434 0.187953 0.107443 0.904567 1.741896 1.465838 1.413307 1.395446 0.434396 1.116237 0.851136 0.552131 0.425823
0.505883 0.520210 0.519590 0.380762 0.262084 0.184858 0.510081 0.290680 0.242243 0.192161 0.137892 0.149124 0.131864 0.273776 0.244577 0.183089 0.222212 0.153840 0.043253 0.016138 -0.007737 0.012339 0.002858 -0.002344 -0.068311 0.002108 0.239375 0.480013 0.224615 0.004374 -0.001611 -0.001045 -0.000161 0.005819 0.050436 -0.000001 0.006965 0.021601 0.112422 0.045775 0.051328 0.560726 0.258155 0.459158 0.729634 0.830833 1.325163 1.385667 1.779762 1.641218 1.274222 0.982767 1.389436 1.120671 0.354788 0.520120 0.372049 0.260605 0.829717
1.780383 0.682076 1.787445 0.481858 0.344676 0.247443 0.764481 0.642783 0.651094 0.554171 0.402700 0.238639 0.233485 0.417335 0.427335 0.402551 0.387638 0.346475 0.248041 0.216679 0.191958 0.043349 0.025981 0.012586 0.007026 0.319788 0.815751 0.367127 -0.022128 -0.002475 -0.021148 -0.015252 -0.006487 -0.000045 -0.000094 -0.000033 0.000153 0.012891 0.023480 0.035284 0.142508 0.766381 0.454196 0.394561 0.426731 0.411817 0.542559 0.639069 0.083130 -0.000091 0.001113 0.020674 0.387347 0.685859 0.341236 0.260224 0.169225 0.106294 0.201482
0.655051 0.531934 0.489108 0.384810 0.277373 0.212867 0.146201 0.301847 0.245138 0.214287 0.139118 0.140760 0.141209 0.266431 0.240477 0.273549 0.289837 0.223720 0.209817 0.252466 0.136309 -0.038464 -0.000541 -0.001184 -0.003725 -0.010161 -0.015400 -0.016832 -0.003285 -0.001217 -0.013881 -0.010733 -0.001196 -0.001131 0.000155 0.001338 0.000968 0.014209 0.035291 0.050212 0.049116 0.061323 -0.036369 -0.119903 -0.102748 -0.037550 0.085282 0.048622 -0.007326 0.000725 0.015976 0.045671 0.483622 0.780784 0.336167 0.300888 0.248877 0.205875 0.125403
0.095746 0.040122 0.019185 0.198580 0.296864 0.255196 0.078409 0.063968 0.044804 0.084593 0.119763 0.134015 0.151535 0.192576 0.156104 0.114302 0.134482 0.143097 0.004308 -0.269180 -0.085074 -0.000516 -0.000651 -0.000449 -0.001005 -0.006496 -0.020963 -0.067136 -0.021521 -0.003788 -0.024859 -0.012001 -0.001933 -0.002809 0.000447 0.002695 0.030527 0.043819 0.037325 0.023901 0.005557 0.014562 0.027280 0.043695 0.014883 -0.249944 -0.029559 -0.010063 -0.000013 0.014994 0.043509 0.061241 0.517691 0.890267 0.339250 0.321869 0.286379 0.256990 0.189542
0.050785 0.098850 0.044383 0.170246 0.223616 0.415619 0.298822 0.319749 0.295069 0.468309 0.450370 0.344507 0.366733 0.239341 0.228291 0.039628 -0.003512 -0.095547 -0.008006 -0.000862 -0.001378 -0.000003 0.000307 0.000919 0.001505 0.000651 -0.003594 -0.059646 -0.010491 -0.002096 -0.004244 -0.007767 -0.008935 -0.002676 -0.001328 0.002897 0.027174 0.042554 0.023994 0.004440 0.009749 0.027005 0.056533 0.084645 0.032728 -0.246458 -0.073134 -0.018502 -0.000401 0.000555 0.010767 0.022363 0.046169 1.356965 0.402977 0.363098 0.313055 0.275669 0.221025
0.078354 0.031206 0.089042 0.316129 0.407044 0.410505 0.529651 0.579641 0.695301 0.566523 0.483625 0.389527 0.354193 0.167526 -0.080070 -0.000966 -0.001191 -0.001971 -0.004826 -0.018677 -0.006895 -0.000208 0.000326 -0.000270 -0.000030 0.009509 0.017449 0.000445 -0.002053 -0.002794 -0.001215 -0.001353 -0.001407 -0.000470 -0.000360 0.000360 0.017654 0.025517 0.039051 0.048004 0.029757 0.008763 0.017033 0.009099 0.010238 -0.007347 -0.077482 -0.023406 -0.000330 0.000396 0.003674 0.002299 0.032137 0.251422 0.267004 0.278465 0.224829 0.161286 -0.001956
0.131343 0.069733 0.125318 0.326706 0.338213 0.350374 0.496665 0.570838 0.691374 0.520523 0.388901 0.314936 0.306191 0.227223 -0.061907 -0.000761 -0.000175 0.000560 -0.172807 -0.210378 -0.237125 -0.000821 -0.011073 -0.011669 -0.000764 0.000262 -0.000332 -0.002118 -0.001769 -0.000102 0.001195 0.016329 0.037258 0.003572 -0.000360 0.000360 0.013333 0.042291 0.036193 0.034207 0.138836 0.000246 0.000994 0.002064 0.001097 -0.000722 -0.000847 0.001414 0.007798 0.003243 0.002693 0.001665 0.040845 0.022650 0.023740 0.012641 0.004216 -0.001203 -0.002573
0.218611 0.140073 0.145394 0.349041 0.405930 0.338161 0.384492 0.291609 0.129306 -0.084040 -0.339180 -0.588299 -0.806574 -1.160665 -1.595370 -0.624320 -0.580185 -0.555206 -0.461708 -0.316882 -0.265730 -0.002547 -0.030161 -0.021167 -0.001978 -0.002337 -0.000278 -0.001605 -0.000572 0.000271 0.022617 0.029505 0.022516 0.001070 -0.000166 -0.000035 0.000813 0.010255 0.073896 0.098039 0.043814 -0.001601 -0.001409 -0.000239 0.000316 0.001645 0.013119 0.015855 0.013679 0.106333 0.120111 0.182608 0.167352 0.069273 0.062185 0.030265 0.051009 -0.001133 -0.000785
0.791745 0.165769 0.490595 1.504981 1.334519 1.108318 1.164091 0.647934 0.568016 0.472790 0.341288 0.418155 0.180875 0.160588 -0.040932 -0.000013 -0.091083 -0.106650 -0.000699 0.000180 -0.327576 -0.280795 -0.418427 -0.022262 -0.028476 -0.019086 0.000001 0.003214 0.000775 0.000463 0.002173 0.021136 0.063749 0.010359 0.002253 -0.000166 -0.000056 0.000928 0.009209 0.135402 0.126535 0.063063 -0.012524 0.000000 0.002815 0.003425 0.001994 0.000000 0.005878 0.436610 0.559022 0.543546 0.190424 0.250558 0.125090 0.043795 0.130712 0.896978 0.050829
0.153099 0.458302 1.387720 1.062341 0.575098 0.427180 0.087524 0.074603 0.059692 0.033955 0.080585 0.056751 0.056106 0.049288 0.035677 -0.000580 -0.000805 -0.002217 -0.003435 0.000000 -0.008991 -0.026775 -0.057542 -0.139407 -0.033457 -0.000674 0.000031 0.011342 0.017571 0.001396 0.000677 0.002877 0.047589 0.093780 0.131901 0.054163 -0.000152 0.000123 0.001120 0.009449 -0.384655 -0.369004 -0.013982 0.000000 0.002940 0.002449 0.001043 0.000000 0.005878 0.109431 0.137279 0.152539 0.078602 0.166208 0.255982 0.132624 0.181842 0.178300 0.217371
0.003663 1.008051 0.820768 0.966828 0.404596 0.238332 0.060020 0.055843 0.052926 0.046169 0.019630 0.129083 0.038231 0.030017 0.020010 0.030286 -0.001895 -0.005121 -0.009841 -0.012947 0.000000 -0.050770 -0.114428 -0.054986 -0.064947 -0.028526 0.000000 0.039724 0.088752 0.042957 0.004654 0.000133 0.052156 0.625034 0.451056 0.307646 -0.000751 -0.001063 0.003763 0.004699 0.000016 -0.016391 -0.004403 -0.005237 -0.002180 0.002166 0.005422 0.001727 0.022724 0.029049 -0.102485 -0.007129 0.000000 0.079339 0.250989 0.185264 -0.151008 -0.009077 0.083305
0.325299 0.989298 0.045273 0.017522 0.036745 0.013889 0.010927 0.007532 0.000047 0.000978 0.016338 0.016258 0.256369 0.252822 0.209556 0.297106 0.264404 0.096486 -0.013041 -0.031537 -0.045889 -0.051396 -0.015041 -0.053957 -0.019887 -0.007131 0.000000 0.013355 0.061072 0.412031 0.049379 -0.074903 -0.009140 0.007324 0.053543 0.212505 0.165071 -0.002086 0.002096 0.003587 0.022206 0.019138 -0.001969 -0.002283 -0.001636 0.000881 0.003146 -0.213062 -0.344876 -0.358810 -0.650792 -0.005136 0.000000 0.007703 0.152074 0.394832 0.701109 0.942984 0.878442
0.720490 0.523629 -0.010506 -0.005067 0.006859 0.036185 0.023410 0.005765 0.004490 0.004160 0.056435 0.374282 0.267240 0.285616 0.119298 -0.037159 -0.247233 -0.550875 -0.070285 -0.019786 -0.027798 -0.011370 -0.042377 -0.034847 -0.034637 -0.010007 0.000000 0.010871 0.046071 0.599068 0.069368 -0.042078 -0.017500 0.000369 -0.048419 0.010164 0.084762 -0.001481 0.000470 0.001844 0.134203 0.586269 0.238240 -0.009392 -0.037122 -0.000291 0.000823 -0.158320 -0.138417 -0.114647 -0.283918 -0.116746 0.000000 0.008565 0.229303 0.853433 1.107261 1.182358 0.860857
0.514117 0.258127 -0.017443 -0.015127 0.007865 0.013241 -0.000360 0.000360 0.007129 0.005849 0.039468 0.351591 0.281475 0.714059 0.212726 0.143784 0.074044 -0.007510 -0.042204 -0.012913 -0.023363 -0.014136 -0.052156 -0.049571 -0.022842 -0.001279 0.000831 0.015162 0.025427 0.589353 0.136547 0.054692 -0.003525 0.000870 0.106023 0.146240 0.175126 0.188870 0.000027 0.016253 0.495688 0.346086 0.413106 0.392710 0.132656 0.001502 0.246766 0.277422 0.150325 0.046538 -0.261932 -0.256843 0.000065 0.350894 0.488180 0.877893 0.420736 0.026285 0.021551
0.000837 0.001226 0.077968 0.136438 0.172021 0.123823 -0.000360 0.000360 0.011025 0.005918 0.020386 0.437783 0.369149 0.308871 0.223016 0.157856 0.108331 0.060126 -0.011080 -0.016937 -0.025664 -0.076377 -0.066509 -0.034030 -0.008626 -0.000958 0.000817 0.016625 0.014904 0.022572 0.056441 -0.031657 -0.040941 0.019512 0.070145 0.001315 0.255791 0.358478 0.324608 0.838952 0.694848 0.524632 0.830885 0.870320 0.916811 0.802601 0.373424 1.068578 1.004377 0.903421 0.483291 0.476457 0.464377 0.379838 0.139102 0.039585 0.075649 0.110599 0.073803
