use_cases/Flooding_chicago/flooding_data/output/hUx_2280.asc
ncols 337
nrows 393
xllcorner 428428.000000
yllcorner 4602440.000000
cellsize 26.757400
NODATA_value -9999.000000
[rows 156 to 181 of 393, columns 177 to 235 of 337]
0.462892 1.268480 1.178867 1.143647 1.081205 0.807474 0.371570 0.746663 0.249754 -0.392667 -2.085798 -0.042117 -0.000175 -0.001927 -0.015820 -0.010803 -0.007304 0.000000 0.005878 0.673456 1.819970 1.578275 0.549993 -0.000248 -0.000688 -0.010802 -0.010345 -0.001135 -0.001451 -0.000735 -0.000103 0.000103 0.009532 0.016674 0.211632 0.190175 0.081215 0.126207 0.530173 0.887717 0.066617 -0.360819 -0.460645 -0.246321 -0.008184 -0.001867 -0.000486 0.000213 0.002510 0.025166 0.038551 0.025438 0.003137 0.037692 -0.252079 -0.817551 -0.019790 -0.005680 -0.000001
0.721771 0.487879 0.783436 0.590126 0.749275 0.609861 0.346329 0.899155 0.816305 0.491333 -0.858527 -0.067710 -0.003992 -0.011755 -0.032138 -0.027213 -0.012839 0.000000 0.005878 0.405576 0.627006 0.564286 -0.021283 -0.000218 -0.000113 0.000059 -0.000294 -0.001986 -0.010370 -0.003946 -0.000222 0.000222 0.009981 0.016123 0.264554 0.156935 0.112701 0.186972 0.481735 0.410831 -0.858471 -2.281009 -2.104730 -1.142817 -0.217833 -0.016389 -0.000788 0.000398 0.017560 0.038365 0.007156 0.018485 0.034430 0.092454 0.074305 -0.729874 -0.023560 0.000000 0.002522
0.711005 1.516860 0.178397 0.405218 -0.125745 -0.236344 -0.000542 -0.639350 -1.218114 -1.330222 -0.263425 -0.252926 -0.200266 -0.056633 -0.020662 -0.001524 -0.001047 0.001450 0.039457 0.708220 0.820466 0.751272 -0.012462 -0.003663 0.000000 0.005350 0.016263 0.068782 -0.073024 -0.014409 -0.000140 0.000139 0.019514 0.574003 1.052639 0.301293 0.239004 0.342299 0.179884 0.055348 0.113241 0.050464 -0.337039 -0.403625 -0.289754 -0.021959 -0.000833 0.000147 0.000419 0.001090 0.002672 0.007357 0.015968 0.137669 0.133550 -0.076716 -0.013378 -0.000971 0.000623
0.037167 0.004039 0.000872 0.038881 0.011948 -0.010194 -0.000000 0.008588 -1.546536 -0.547026 -0.060289 -0.008407 -0.014796 -0.000932 -0.001994 -0.000920 -0.000184 0.000798 0.034764 0.252257 0.056553 -0.119092 -0.038744 -0.009247 -0.000067 0.000464 0.007735 0.044058 -0.000255 -0.001218 -0.000009 0.000116 0.012642 0.649476 0.613660 0.529020 0.293065 0.206536 0.163486 0.075277 0.133070 0.437355 1.112868 0.586039 -0.335499 -0.027165 -0.000581 -0.000260 0.000176 0.000347 0.025219 0.034525 0.007337 0.060563 0.066388 0.039525 -0.000457 0.000050 0.010649
-0.000941 -0.000004 -0.002363 -0.038137 -0.061386 -0.008022 -0.000000 0.006555 0.063091 -0.020229 -0.001817 -0.000011 0.000092 -0.000130 0.000136 0.033072 0.051203 0.044558 0.024089 0.011526 -0.324066 -0.619565 -1.449829 -0.016096 -0.004177 0.000009 0.009810 0.068690 0.017369 0.008690 0.002197 0.000694 0.017269 0.542340 0.744133 0.625955 0.746843 0.284353 0.147107 0.099518 0.393872 0.984362 2.579822 1.265158 -0.043431 -0.016557 -0.006973 -0.000393 0.000331 0.008224 0.015222 0.348924 0.217181 0.198719 0.154153 -0.000839 -0.000239 0.000231 -0.028025
-0.000372 -0.000053 -0.007256 -0.012941 -0.078832 -0.015849 -0.000000 0.008818 0.062038 0.056195 0.003755 0.010354 0.002915 -0.000039 0.000599 0.009489 0.123478 0.274658 0.200953 1.799640 1.324363 1.660267 1.967717 0.914116 -0.010438 -0.000140 -0.000058 0.006710 0.004903 0.002732 0.001088 0.010656 0.682565 1.316142 1.115375 0.823108 0.246446 0.145485 0.081000 0.071638 0.653305 1.273103 2.110430 -0.210228 -0.018752 -0.009848 -0.007928 -0.000569 0.000247 0.000554 0.010991 1.726375 1.682215 1.063751 0.325792 0.238615 0.072003 -0.186780 -0.164111
-0.001717 -0.002132 -0.002884 -0.004496 -0.033519 -0.009464 -0.000001 0.006453 0.020895 -0.015548 0.028915 0.037302 0.010920 0.002596 0.016293 0.036706 0.019979 0.002054 0.013882 -0.416737 -0.760595 -0.791927 -0.836768 -0.287319 -0.124992 0.022618 -0.015374 -0.000112 0.047387 0.068021 0.053196 0.117915 0.772680 0.405971 0.001258 -0.000351 -0.000247 0.000006 0.054894 0.399281 1.048643 1.520249 0.987737 -0.042345 -0.005776 -0.000889 -0.000923 -0.000292 0.000031 0.000292 0.016346 0.512207 0.676486 0.548331 0.094504 0.103912 0.052717 0.139093 0.336513
-0.000007 0.000985 0.001176 -0.000340 -0.041463 -0.010756 -0.000037 0.000626 0.007454 0.025845 -0.028039 -0.000618 -0.000637 0.000326 0.000717 0.000622 0.000483 0.010128 0.040393 -0.237781 -0.799111 -0.853859 -0.745746 -0.492474 -0.324986 -0.012017 0.116303 0.071802 0.096176 0.131237 0.112602 0.834977 2.065492 0.697833 -0.002412 -0.012864 -0.004804 0.000311 0.011051 0.548500 1.043266 1.125092 0.119036 -0.001567 0.000669 0.000874 -0.000764 -0.000206 0.000002 0.000236 0.022171 0.864886 0.979839 0.818639 0.791779 0.768872 0.733981 1.133488 1.122920
-0.000149 0.000199 -0.002134 -0.001772 0.001212 0.000060 0.000257 0.023986 0.492241 -0.136827 -0.351234 -0.324156 -0.000046 -0.002421 -0.000406 -0.000153 0.000334 0.008837 0.016456 -0.396539 -0.561906 -1.259696 -1.507752 -0.943385 -0.614666 -0.167905 0.031178 0.137864 0.103817 0.135889 0.116818 -0.385151 -0.230280 -0.201110 -0.018393 -0.007306 0.000003 0.008326 0.014560 0.734223 0.426224 0.079902 0.036649 0.018352 0.016846 0.017086 0.349534 0.113844 -0.000401 0.000092 0.238855 0.999194 1.483736 1.329767 1.145760 0.917695 1.191179 1.318923 1.300162
-0.001841 0.000021 -0.004183 -0.005611 -0.000870 0.000105 0.001789 0.043554 0.510574 0.027806 -0.390147 -0.628136 -0.101082 0.018641 0.085500 0.065731 0.001427 0.015428 0.020746 -0.473975 -0.251116 -0.202002 -0.295103 -0.201741 -0.336351 -0.063211 0.137789 0.233760 0.118129 0.122520 0.084467 0.022975 -0.567228 -0.342272 -0.018091 -0.000326 0.000208 0.006796 0.713204 0.592872 0.535173 0.357903 0.180192 0.000014 0.033051 0.537911 0.260447 0.227362 0.168082 0.199261 0.731481 0.382278 0.162389 0.179164 0.263089 0.333098 0.413175 0.436196 0.559559
-0.003093 -0.000155 0.000146 0.000804 0.002567 0.003925 0.007173 0.020502 0.048627 0.507783 0.819884 0.031634 -0.167762 -0.313658 -0.215328 -0.053032 0.000417 0.019499 0.057092 -0.480485 -0.162552 0.150569 0.208239 0.294113 0.150882 -0.030939 -0.189430 -0.364116 -0.023965 -0.000159 0.000086 0.005405 -0.147958 -0.210082 -0.031101 -0.000122 0.000136 0.013203 1.001436 0.964717 0.412942 0.002741 0.000258 0.000321 0.010123 0.031177 -0.104132 -0.068283 0.065517 0.163162 0.718592 -0.068624 -0.440857 -0.321707 -0.077334 0.015432 0.065263 0.141933 0.310386
-0.011175 -0.000113 0.000261 0.017015 0.035401 0.006107 0.007299 0.032835 0.079393 0.127368 0.033958 -0.000098 0.000113 0.008552 -0.112633 -0.147308 0.000016 0.027912 0.040900 -0.046877 0.539080 0.802390 0.551696 0.385160 0.242687 0.019228 -0.247719 -0.349643 -0.040276 -0.001277 0.000137 0.010739 0.074537 -0.067407 -0.303647 0.000861 0.417589 0.845435 1.170266 0.977754 0.280321 -0.017701 0.000000 0.003985 0.003022 0.001170 0.011173 0.130891 0.156599 0.194903 0.857740 -0.206292 -0.728915 -0.609038 -0.529320 -0.343954 -0.250355 -0.023607 0.073918
-0.008289 -0.000002 0.007734 0.020242 0.001980 0.000280 0.012614 0.043903 0.025928 -0.014314 -0.007706 -0.000084 0.000228 0.012053 0.023907 0.012315 0.038039 0.016941 0.680069 3.259312 1.897621 1.282764 -0.035222 0.000000 -0.001418 -0.000848 -0.005579 -0.049984 -0.072268 -0.018243 0.000000 0.003663 0.131275 0.750651 0.994317 1.430831 0.851987 0.818856 0.670982 0.294774 0.122865 -0.014694 -0.017412 -0.008266 -0.000355 0.000444 0.008982 0.047348 0.072437 -0.123199 -0.365230 -0.452932 -0.017351 0.003051 0.112683 0.001746 -0.109930 0.090355 0.034825
-0.006831 -0.000141 0.000225 0.000133 -0.000233 0.000102 0.005649 0.017374 0.014169 0.001127 0.000632 0.001257 0.001063 0.009913 0.020159 0.085299 0.000059 0.006517 0.302785 0.788186 0.901492 -0.225867 -0.014134 0.000013 -0.000167 -0.000441 -0.001010 0.003322 0.049266 0.018151 0.004059 0.420010 1.387591 1.953746 0.958260 0.430041 0.004228 0.014787 0.118164 0.059369 -0.048232 -0.018217 -0.020884 -0.014100 -0.000538 0.001085 0.015695 0.024938 0.039342 0.000455 0.013994 -0.536019 -0.110902 -0.000144 0.000479 0.000338 -0.091638 0.171019 0.377856
-0.010086 -0.000015 0.008637 0.000958 -0.006539 0.000000 0.003663 0.009783 0.010698 0.001848 0.004897 0.009889 0.002044 0.012688 0.020201 0.004211 0.001548 0.000787 0.305990 0.998546 0.622961 0.090610 -0.005986 0.000466 0.000112 -0.000063 0.000094 0.059695 0.328561 0.981549 0.978663 0.892181 0.742663 0.568682 0.159166 -0.017098 0.002202 0.007485 -0.406766 -0.385170 -0.524926 -0.050645 -0.001473 -0.000794 0.001449 0.002252 0.010985 0.022395 0.005594 0.002082 0.104886 -0.329723 -0.417775 -0.005447 -0.000326 0.000208 0.006577 0.622123 0.697032
-0.000791 -0.000368 0.000832 0.002421 0.002160 0.000918 0.000683 0.009372 0.016455 0.021255 0.015716 0.041157 0.000069 0.009669 0.019997 0.049770 0.014358 0.005287 0.566842 0.504301 0.462644 0.263110 -0.063888 -0.001686 -0.000478 0.000140 0.000436 0.107325 0.522762 1.334250 2.353316 0.862069 0.422111 0.140461 0.037633 0.011554 0.025801 0.249745 0.765437 0.175159 -0.472988 -0.076254 -0.002365 0.001088 0.003200 0.001758 0.018554 0.579249 -0.000214 0.000696 0.128720 -0.147698 -0.227492 -0.203606 -0.038114 0.000003 0.007941 2.557247 1.155000
-0.008752 -0.000502 0.000508 0.004346 0.002644 0.005279 0.022144 0.024961 0.025177 0.023927 0.006260 -0.008282 0.000001 0.019487 0.062208 0.432014 0.536813 2.460376 2.812345 2.192157 2.051543 0.842070 -0.165090 -0.024806 -0.006167 0.000000 0.003663 0.354072 0.831092 0.854262 0.502474 -0.000133 -0.000034 0.000567 0.001142 0.011321 0.176730 0.420396 1.163183 0.421867 -0.395227 -0.066256 -0.000725 0.000863 0.003657 0.001728 -0.461347 -0.621182 -0.335402 0.000028 0.157008 -0.267599 -0.849237 -1.673999 -0.435358 -0.000094 0.457363 2.711322 1.089612
-0.015842 -0.007133 0.000018 0.010643 0.022848 0.029540 0.022241 0.053038 0.246885 0.939396 0.993106 0.702993 -0.000074 0.001332 0.491690 0.486487 0.633851 2.198196 2.630505 1.815773 0.725572 0.227327 -0.093135 -0.000348 0.000273 0.002218 0.002289 0.348065 0.532304 0.261791 -0.005595 -0.000051 0.001524 0.006545 0.012965 0.035984 0.307468 0.448858 0.411117 0.213909 0.117606 -0.019716 -0.000208 0.000875 0.031676 0.016695 0.858011 1.194039 0.945466 0.563030 0.462581 0.226476 0.010324 -0.144302 0.194767 0.443530 1.696296 1.614691 1.358050
-0.024121 -0.005630 0.000000 0.008640 0.021736 0.033595 0.141670 2.188174 2.511156 2.842181 2.424281 1.758321 1.797237 1.571093 1.294432 2.083361 2.190149 2.262826 1.844417 1.151300 0.021971 -0.001491 -0.001583 0.000449 0.400619 0.538643 1.623983 0.769318 0.384693 -0.014313 -0.000151 0.000065 0.019435 0.061815 0.107532 0.033563 0.275958 0.240913 0.060059 0.007478 -0.004116 -0.006587 0.000772 0.005600 0.079755 0.277850 0.191229 0.088896 0.017874 -0.048752 -0.010992 -0.000262 0.000040 0.002548 0.674076 1.664813 1.299949 0.829489 0.137304
-0.003089 -0.000140 0.000219 0.007136 0.024686 0.228937 1.388439 2.311086 1.731918 1.163789 2.023226 1.604447 1.734543 2.441718 1.832568 2.026740 1.784609 1.106002 0.005259 0.000721 -0.000858 0.001154 0.005259 0.314183 0.588105 0.708174 0.830186 0.837618 -0.317524 -0.018209 -0.004189 0.000000 0.012088 0.026493 0.160455 0.694855 0.533537 0.000471 -0.000039 -0.001932 0.002286 0.007242 0.010190 0.026358 0.024626 0.016148 -0.000142 -0.000094 0.000202 0.000563 0.000933 0.001077 0.001049 0.029371 1.092013 1.852546 0.696619 -0.052979 -0.048317
0.029758 0.004493 0.006657 0.082243 -0.333279 0.473267 1.176828 0.931195 -0.000005 0.004937 0.114470 0.111328 1.294160 2.285271 2.600801 2.134551 1.869748 1.151339 -0.000222 0.000222 0.030315 0.208327 0.466676 0.570507 0.818093 0.982372 0.959048 0.721791 -0.045306 -0.025348 -0.012267 0.000000 0.007912 0.019616 0.124760 0.043065 0.047870 0.011155 -0.000096 0.001467 0.021025 0.002910 0.021554 -0.000122 0.000138 -0.000181 0.000247 0.000817 0.008610 0.015125 0.013221 0.003144 0.001479 0.637726 1.983903 0.395138 0.325377 0.331661 0.100676
0.247361 0.184768 0.251267 -0.116262 -0.227695 0.085312 0.143602 -0.218878 -0.000222 0.000222 0.003946 1.118391 1.184619 1.093526 0.833669 0.474676 0.224959 0.139334 -0.002852 -0.003280 -0.076200 0.072125 0.361398 0.203255 0.132219 -0.075636 -0.452264 -1.277118 -0.033422 -0.015418 -0.000471 0.000023 0.006879 0.009450 0.014067 0.042481 -0.001168 -0.000154 0.000267 0.015178 0.051838 -0.086308 -0.019101 -0.007840 -0.000058 0.000592 0.008280 0.013988 0.016735 0.017818 0.080865 0.054440 0.053016 1.983062 1.883726 0.701242 0.593243 0.767105 0.058795
0.275365 0.521123 0.270927 0.178215 0.115975 0.019966 -0.002715 0.133633 0.087200 0.059943 0.104776 0.740717 0.429656 -0.015240 -0.000136 0.000081 0.001025 0.030130 -0.089219 -0.007585 0.254613 0.281605 0.625920 0.570656 0.483850 0.367852 0.224816 -0.055024 -0.007007 -0.000990 -0.000088 0.000137 0.008627 0.017640 0.021783 0.065391 -0.010496 -0.000590 0.000115 0.008936 0.016140 -0.001443 -0.016172 -0.000360 0.000360 0.006387 0.013523 0.025896 0.030219 0.032710 0.686553 1.850094 2.709783 3.112083 3.879820 3.662063 2.523416 3.148473 2.119650
0.053318 0.377444 0.409316 0.550089 0.879018 0.630644 0.746851 0.907048 0.936038 1.141080 1.665105 1.191306 0.026107 0.004638 -0.000049 0.000635 0.007705 0.062171 -0.050020 -0.028625 0.045666 -0.058372 -0.086781 -0.237614 -0.411756 -0.615725 -1.036544 -0.022583 -0.006258 -0.000029 0.005438 0.020497 0.027111 0.076496 0.577969 0.264110 0.173936 -0.001685 -0.002420 0.000000 0.008478 0.001275 -0.007771 -0.000360 0.000360 0.014725 0.025784 0.022057 0.078524 0.202126 1.180983 2.178427 2.717723 3.057070 4.173534 3.904714 4.588192 3.468561 2.442306
0.023028 0.043323 0.816234 0.773984 1.022273 0.576161 0.250493 0.176390 0.080603 -0.082943 -0.227979 -0.009349 -0.000569 0.000247 0.000554 0.006009 0.027408 0.006398 0.120606 0.289499 0.308307 0.436594 0.613586 0.470525 0.484338 0.390992 0.199775 -0.031503 -0.003956 -0.000392 0.001394 0.024953 0.054362 0.021814 0.164491 -0.228836 -0.430778 -0.047397 -0.008557 0.000000 0.005712 0.011107 0.001928 0.000241 0.000446 0.005642 0.044075 0.137398 0.057001 0.178575 0.886869 1.351088 3.157247 4.129307 3.409058 2.836222 3.646395 2.847030 2.196887
0.036702 0.038449 0.047432 0.366790 0.355655 0.239833 -0.359314 -0.537810 -0.445643 -0.495779 -0.505535 -0.007280 -0.000393 0.000331 0.010432 0.025752 -0.194296 -0.117439 -0.150426 0.010893 0.206612 0.270690 0.116420 -0.003401 -0.278565 -0.148935 -0.026486 -0.001963 -0.001720 0.000260 0.001323 0.031552 0.092193 0.568266 0.202028 0.018464 -0.067288 -0.008599 -0.009416 -0.000065 0.000593 0.007821 0.036616 0.003682 0.000741 0.007856 0.047497 0.047579 0.081354 0.074658 0.926319 2.290872 1.719218 2.027002 0.922491 0.129559 0.131238 0.238436 0.361408
