use_cases/Flooding_chicago/flooding_data/output/hUx_120.asc
ncols 337
nrows 393
xllcorner 428428.000000
yllcorner 4602440.000000
cellsize 26.757400
NODATA_value -9999.000000
[rows 182 to 207 of 393, columns 58 to 115 of 337]
0.000000 0.006242 0.019678 0.005562 0.003019 0.001592 0.001097 0.001050 0.012005 0.028871 0.072488 -0.001066 0.000727 0.012477 0.025575 0.007479 0.019256 0.021049 0.004223 -0.002158 -0.004991 -0.031082 -0.024818 -0.020117 -0.006022 -0.000187 0.000187 0.012808 0.022511 0.002305 0.000027 0.023348 0.080516 -0.022255 -0.119189 -0.081150 -0.020106 -0.000411 0.000601 0.007349 0.034310 0.035788 0.069409 0.076139 0.026326 0.010364 0.001917 0.006451 -0.003948 -0.001286 0.000246 0.000613 0.004543 -0.001360 -0.001334 -0.003949 -0.023151 -0.013114
0.000000 0.006242 0.014449 0.003630 0.001658 0.001511 0.001370 0.000980 0.004343 0.004116 0.001193 -0.001897 0.000593 0.001614 0.011822 0.028368 0.038374 0.032217 0.003263 -0.023166 -0.010423 -0.000855 -0.002531 -0.010849 -0.033978 -0.005650 -0.000018 0.000439 0.004062 0.005980 0.001035 0.005981 0.015437 -0.001844 -0.019852 -0.021567 -0.016166 -0.000332 0.000417 0.007246 0.029289 0.103368 0.036174 0.009377 0.007600 0.003608 0.017563 -0.004458 -0.023500 -0.009926 0.000010 0.012375 0.025348 0.010591 0.004270 -0.152654 -0.087404 -0.018638
0.000249 0.000599 0.002644 0.001337 0.001175 0.000284 0.000438 0.000357 0.018024 0.048199 0.007809 -0.002398 0.000366 0.002324 0.017401 0.023550 0.033956 0.043557 0.005579 -0.032868 -0.015157 -0.000507 0.000233 0.006292 0.005250 0.002557 -0.000120 0.000179 0.001605 0.001351 0.011140 0.023312 0.018611 -0.016003 -0.016111 -0.010399 -0.001499 -0.000045 0.000293 0.012250 0.027416 0.015815 0.002599 0.009383 0.021760 0.034496 0.008604 -0.010666 -0.007568 -0.000426 0.000326 0.011522 0.034550 0.043470 0.013977 -0.146334 -0.071480 -0.080402
0.002853 0.000796 0.004021 0.003148 0.005530 0.001868 0.000711 0.000405 0.006865 0.004138 -0.001540 -0.002752 0.000000 0.007693 0.018223 0.031659 0.007382 0.017454 0.002107 -0.019081 -0.010953 -0.001163 -0.000229 0.001055 0.006796 0.004194 0.002859 0.000875 0.000933 0.000538 0.004994 0.013708 0.001369 -0.002227 -0.001977 -0.000612 0.000093 0.000382 -0.000021 0.000320 0.001078 0.009631 0.020151 0.027673 0.038816 0.011565 0.003378 -0.045443 -0.008535 -0.001089 0.000403 0.018004 0.032379 0.006033 -0.000794 -0.014990 -0.007172 -0.001569
0.019358 0.036557 0.011305 0.006592 0.040554 0.083820 0.021495 0.005922 0.002366 -0.002646 -0.006316 -0.001169 0.001058 0.014426 0.034852 0.036751 0.038542 0.008348 -0.007642 -0.046968 -0.021010 -0.009935 -0.001330 0.000784 0.001273 0.015619 0.044465 0.028103 0.042606 0.034407 0.025374 0.022395 -0.026853 -0.038473 -0.035327 -0.000221 0.000207 0.001943 -0.000094 -0.000002 0.000667 0.008496 0.026157 0.001106 0.003068 0.003227 -0.011641 -0.057717 -0.020010 -0.001980 -0.002860 -0.000010 0.008750 0.020031 0.008174 -0.004070 -0.000484 0.000000
0.013887 0.037651 0.009863 0.004141 0.001977 0.011012 0.050926 0.014947 0.010664 -0.024135 -0.013385 -0.000869 0.000795 0.026343 0.029823 0.035884 0.010044 0.011621 0.000291 -0.016420 -0.055018 -0.024396 -0.000758 0.000112 0.000832 0.010782 0.021205 0.103249 0.175721 0.197102 0.214127 0.155065 0.028228 -0.059400 -0.031159 0.000097 0.033216 0.090872 0.022508 0.000047 0.017673 0.041124 0.003129 -0.001027 0.000087 0.001738 -0.001532 -0.027383 -0.025852 -0.019533 -0.008814 -0.000365 0.000365 0.017015 0.029607 -0.035083 -0.013105 0.000000
0.002047 0.019420 0.087237 -0.000501 0.001048 0.005242 0.003026 0.025882 0.058966 0.003731 -0.022471 -0.000389 0.000369 0.030176 0.113671 0.001880 0.001168 0.004385 0.001937 -0.003046 -0.008332 -0.003398 -0.001289 0.000004 0.001218 0.001644 0.015950 0.021813 0.002720 0.008780 0.013787 -0.000828 -0.000082 -0.000186 0.000264 0.003406 0.006130 0.002728 -0.000173 0.000515 0.024495 0.172149 -0.002644 -0.005043 -0.000268 0.000502 0.016716 -0.015735 -0.047600 -0.061167 -0.054265 -0.022219 0.000010 0.034500 0.090115 0.063658 -0.006873 -0.003479
0.000100 0.008668 0.053601 -0.000575 0.000443 0.005776 0.004160 0.030733 0.058698 0.031895 -0.020461 -0.000837 0.000286 0.011744 0.043680 0.006586 0.001215 0.001273 0.002811 -0.004092 -0.035296 -0.032370 -0.008134 0.000000 0.000490 0.000477 0.001238 0.001048 -0.001520 -0.000428 0.000296 -0.025231 -0.005821 0.000000 0.010881 0.039310 0.006872 0.003155 0.001883 0.001394 0.011096 0.011415 0.061530 -0.002909 -0.002556 0.003083 0.003031 -0.015917 -0.075090 -0.057234 -0.026802 -0.003346 0.000500 0.032624 0.039783 0.017424 -0.124378 -0.139348
0.001429 0.001056 0.001104 -0.003194 0.000018 0.003577 0.003916 0.002008 0.008631 0.017896 0.002615 -0.000047 0.005955 0.023333 0.024917 0.036060 0.006161 0.001973 0.001494 -0.000164 -0.015034 -0.007018 -0.000558 -0.000226 0.000070 0.000418 0.000443 -0.001396 -0.002189 -0.000801 -0.000579 -0.000660 -0.000402 0.000025 0.005789 0.013198 0.011741 0.017012 0.003677 0.009971 0.020569 0.040599 0.000740 -0.017885 -0.003367 0.002180 0.028711 -0.025143 -0.059464 -0.027496 -0.004843 -0.000718 0.000035 0.000722 0.000482 0.000544 -0.000521 -0.016605
0.021358 0.032883 0.002913 -0.001001 -0.000345 0.000465 0.001716 0.001210 0.011498 0.022506 0.005342 0.016451 0.038581 0.040928 0.032278 0.009905 0.003440 0.003437 0.001840 -0.002150 -0.008857 -0.001423 0.000505 -0.009094 -0.012541 -0.013504 0.000027 -0.111232 -0.025961 -0.000201 0.000114 0.007506 0.000034 -0.006404 0.000166 0.000952 0.007507 0.004234 0.011420 0.043985 0.195345 -0.009052 -0.035966 -0.018761 -0.009190 0.000000 0.001123 -0.011724 -0.061207 -0.033318 -0.024109 -0.007269 -0.000982 -0.000190 0.000146 0.000766 0.000375 -0.001460
0.028960 0.066423 0.009149 -0.001384 -0.001421 0.000027 0.001107 0.003531 0.002615 0.011346 0.036173 0.003409 0.012298 0.046892 0.019885 0.006107 0.001899 0.001420 0.000986 -0.007119 -0.012597 -0.005847 -0.002171 0.000238 -0.000095 0.000113 0.004171 0.001074 -0.000650 0.000492 0.023812 0.033725 -0.196699 -0.043559 -0.000070 0.000182 0.020494 0.054831 0.077831 0.076542 0.151492 -0.012415 -0.044704 -0.036140 -0.013134 0.000000 0.002872 -0.017269 -0.076530 -0.078294 -0.032746 -0.019695 -0.006424 -0.000975 -0.001937 -0.000905 -0.000325 0.000470
0.000347 0.007128 0.002853 0.000027 -0.000285 0.000356 0.000141 0.000208 0.021122 0.052373 0.064265 0.078605 0.054768 0.013028 0.007741 0.000325 0.001954 0.004825 0.002975 -0.104048 -0.010114 -0.002525 -0.005200 -0.001971 -0.000359 0.000394 0.001416 0.000211 0.000047 0.028634 0.042330 0.054875 0.013099 -0.002683 -0.000995 0.001020 0.002900 0.029619 0.081539 0.080435 0.053809 0.004591 -0.004247 -0.005749 -0.000698 0.038332 0.037068 -0.006474 -0.069612 -0.145422 -0.205777 -0.131837 -0.056060 -0.018654 -0.009683 -0.001385 -0.000664 0.001446
0.007221 0.028619 0.051459 0.009315 0.002510 -0.000744 -0.001070 -0.000137 0.001511 0.019215 0.040227 0.058450 0.098004 0.117779 0.102290 0.031957 0.011323 0.006192 0.005542 -0.002083 -0.003968 -0.012515 -0.042071 -0.018761 -0.001359 -0.001067 0.000043 0.001207 0.001537 0.008422 0.047707 0.079572 0.011573 -0.004098 -0.001867 0.005730 0.028249 0.011770 0.027865 0.047974 0.039021 0.000637 -0.008520 -0.003686 -0.000049 -0.000427 -0.000552 -0.000902 -0.001355 -0.001899 -0.018332 -0.046972 -0.073802 -0.076113 -0.013065 -0.001591 -0.001234 0.001660
0.019373 0.024131 0.025846 0.005067 0.004167 0.001803 0.000674 0.000276 -0.000058 0.001411 0.013868 0.028376 0.006158 0.012134 0.017854 0.037515 0.011888 0.005593 -0.086636 -0.010196 -0.006886 -0.016133 -0.042696 -0.022344 -0.002079 -0.000610 0.000170 0.001083 0.003720 0.011001 0.053293 0.067811 -0.045885 -0.016101 -0.000486 0.020990 0.038099 -0.000503 0.000116 0.000217 0.001555 0.001524 -0.046130 -0.008801 -0.001007 -0.000890 -0.000500 -0.001383 -0.007328 -0.007391 -0.000317 0.000021 0.000353 -0.007939 -0.058376 -0.024912 -0.008675 0.000000
0.013712 0.040725 0.069091 0.024176 0.010987 0.005653 0.028546 0.005734 -0.008433 -0.000030 0.001201 0.005625 0.003781 0.012360 0.025097 0.043974 0.008170 -0.002219 -0.003740 -0.006359 -0.011160 -0.033290 -0.008253 -0.000998 -0.001463 -0.000282 0.000369 0.000319 0.018061 0.110160 0.090308 0.027813 0.001787 -0.002682 -0.008548 -0.016237 -0.019254 -0.006762 -0.000074 0.000334 0.012809 0.025027 0.027209 0.043135 -0.002820 -0.002978 -0.003707 -0.025848 -0.031495 -0.022444 -0.006342 0.000006 0.006801 0.014878 -0.000484 -0.021858 -0.012490 -0.000075
0.001305 0.024399 0.061812 0.021720 0.011655 0.006506 0.030972 0.084805 0.015914 -0.000504 -0.001292 0.002947 0.002302 0.002123 0.002390 0.000785 -0.002472 -0.003673 -0.005029 -0.009972 -0.036351 -0.026882 -0.017263 -0.000399 -0.000310 0.000091 0.005274 0.000828 0.008783 0.013860 0.000530 -0.000110 0.000413 -0.111902 -0.043660 -0.019859 -0.006069 -0.000110 0.000136 0.005168 0.012129 0.012247 0.010475 0.009352 -0.011346 -0.004292 -0.001001 -0.006081 -0.008275 -0.004863 -0.000316 0.000190 0.008307 0.011089 0.010679 0.016105 -0.001907 -0.019361
0.007455 0.015615 0.007357 0.002499 0.001151 0.023511 0.056273 0.068750 0.019734 -0.000455 -0.001509 0.001565 0.026101 0.102462 0.026204 -0.007923 -0.003821 -0.004539 -0.003986 -0.036059 -0.044082 -0.031867 -0.021252 -0.010312 0.000006 0.008768 0.061371 -0.000140 0.000102 0.000385 0.000467 0.001352 0.014417 -0.000405 -0.020202 -0.013539 -0.000330 0.000000 0.000330 0.009007 0.017345 0.019486 0.030552 0.026201 -0.022472 -0.010585 -0.003610 -0.026254 -0.032379 -0.015324 -0.000201 0.000174 0.017350 0.035513 0.035667 0.067627 -0.021099 -0.127032
0.008278 0.004502 0.005223 0.002826 0.001374 0.000922 0.009326 0.025037 0.072036 -0.001577 -0.002682 0.000000 0.024913 0.039817 -0.008296 -0.074004 -0.043143 -0.008480 -0.000446 -0.001574 -0.017661 -0.031128 -0.015012 -0.000316 0.000190 0.002753 0.001331 -0.000370 -0.000242 0.000377 0.004489 0.011492 0.000679 -0.000176 -0.000097 -0.000125 0.000093 0.000271 0.008116 0.021428 0.029016 0.018929 0.001901 -0.017333 -0.100346 -0.074248 -0.052953 -0.033165 -0.023277 -0.008714 -0.000077 0.000073 0.009161 0.022867 0.062001 0.074250 -0.061917 -0.013204
0.000617 0.008347 0.019503 0.019711 0.001489 -0.000133 0.000351 0.011247 0.012301 0.004648 0.002718 0.000333 -0.001056 -0.000842 -0.000001 -0.000942 -0.019835 -0.014645 -0.001004 -0.001309 -0.003620 -0.039609 -0.017050 -0.000498 -0.000240 -0.000144 -0.003097 -0.013405 -0.006894 0.000010 0.013586 0.054954 -0.007652 -0.000187 0.000187 0.009267 0.043294 0.007695 0.003274 0.046320 0.065257 0.069339 0.012319 -0.004341 -0.005623 -0.012970 -0.006396 -0.014783 -0.008814 -0.000637 0.000169 0.000288 0.004733 0.005612 0.000086 -0.000127 -0.000093 0.000767
0.000770 0.010735 0.009313 0.003334 0.000390 -0.002600 -0.000622 -0.000093 0.000320 0.019969 0.065073 0.000106 -0.062024 -0.009180 -0.000038 0.000351 -0.000366 -0.000485 -0.000499 -0.000620 -0.000062 -0.000261 -0.000022 0.000055 -0.000131 -0.000290 -0.000889 -0.001091 0.000311 0.000334 0.000400 0.003963 0.000521 -0.000003 0.004135 0.012320 0.005074 0.003874 0.003753 0.048203 0.083143 0.087565 0.016382 -0.054033 -0.013747 -0.000521 -0.000105 -0.005834 -0.003980 -0.005769 -0.003882 -0.008514 -0.022969 -0.060785 -0.023382 -0.008187 0.000006 0.010122
0.000010 0.006918 0.004740 0.002706 0.002399 -0.001012 -0.001534 -0.000206 0.000158 0.011442 0.055102 -0.070517 -0.023672 -0.009631 -0.001223 -0.000025 0.001181 0.003894 0.002752 -0.000714 0.000000 0.003203 0.002911 0.003436 0.001240 -0.004444 -0.019001 -0.000125 0.020638 0.018064 0.001727 0.023185 0.048657 -0.000385 -0.000875 -0.000823 -0.000796 0.000179 0.001788 0.013951 0.025259 0.086341 0.008290 -0.046340 -0.018817 0.000000 -0.002260 -0.010513 -0.009948 -0.043213 -0.021662 -0.000156 -0.066631 -0.035132 -0.009708 -0.000316 0.000190 0.009240
-0.000851 0.000779 0.000911 0.000911 0.002562 -0.003512 -0.005374 -0.000332 0.000417 0.009254 0.015563 0.027186 -0.046627 -0.018217 -0.003043 -0.000045 0.002074 0.003839 0.004874 0.000737 0.000000 0.003048 0.002228 0.027858 0.070073 0.034242 -0.009081 -0.000006 0.019844 0.027649 0.039751 0.001612 0.011619 -0.006543 -0.057483 -0.055273 -0.011935 -0.000264 0.000500 0.011013 0.028542 0.025211 0.002485 -0.001414 -0.005126 0.000003 -0.002395 -0.019628 -0.084869 -0.062638 -0.030121 -0.003013 -0.001861 -0.004514 -0.003830 -0.000736 0.004136 0.020345
-0.000357 0.000284 0.000782 0.000890 0.001943 -0.004343 -0.007824 -0.000411 0.000601 0.009369 0.015611 0.044196 -0.053864 -0.051047 -0.024172 -0.000092 0.000440 0.007771 0.035238 0.011151 0.002204 0.001753 0.001390 0.002903 0.005554 -0.011665 -0.005440 0.000000 0.016670 0.057872 0.016988 0.001924 -0.004496 -0.011119 -0.018106 -0.006545 -0.003911 -0.000224 0.000247 0.010916 0.026896 0.006614 0.000307 -0.002763 -0.000867 0.000066 0.000611 -0.000763 -0.005953 -0.039190 -0.010956 -0.009421 0.000000 -0.000595 -0.001410 0.000971 0.001639 0.001334
-0.000918 -0.001755 -0.000622 -0.000705 -0.002490 -0.015501 -0.004059 -0.000016 0.011903 0.027725 0.078454 -0.003222 -0.014233 -0.014295 -0.006688 0.000000 0.001160 0.000804 0.005197 0.018790 0.011149 0.001600 0.001660 -0.001803 -0.002129 -0.001077 -0.000652 0.000074 0.009141 0.037199 0.071482 0.008449 -0.007042 -0.008732 -0.001702 -0.002519 -0.000372 0.000376 0.000216 0.002805 0.003799 -0.000356 -0.006902 -0.025765 -0.010826 -0.000733 0.000000 0.000733 -0.003724 -0.016630 -0.064575 -0.019369 0.000000 0.000152 -0.000448 -0.000114 0.000135 0.000226
-0.000358 -0.000760 -0.000344 -0.000423 -0.000119 -0.029933 -0.007300 -0.000000 0.005777 0.036664 -0.042489 -0.014518 -0.009364 -0.007433 -0.000563 0.000084 0.001335 0.001013 0.015277 0.028742 0.018773 0.000667 -0.006381 -0.033424 -0.011355 0.000000 0.003582 0.000697 0.013660 0.036735 0.055528 0.010563 -0.000757 -0.001299 0.000225 0.001025 0.001252 0.000559 0.000675 0.000344 -0.000352 -0.001381 -0.003730 -0.017779 -0.008098 -0.000733 0.000000 0.000733 -0.003053 -0.019976 -0.029972 -0.026760 -0.001699 -0.002788 -0.004766 -0.001771 -0.000221 0.000429
-0.000457 -0.000216 -0.000740 -0.001048 -0.008567 -0.013135 -0.014025 -0.003461 -0.001214 0.006952 0.001397 -0.005100 -0.019371 -0.008613 -0.000267 -0.000128 0.000209 0.001368 0.001009 0.001896 -0.000744 -0.014818 -0.072061 -0.038158 -0.012978 0.000000 0.010058 0.028756 0.041631 0.012657 -0.000794 -0.049829 -0.016856 -0.000757 0.000327 0.020436 0.044966 0.009177 0.006325 -0.003158 -0.003354 -0.000013 0.003002 -0.115141 -0.020625 -0.000372 0.000000 0.000372 -0.025284 -0.081291 -0.044291 -0.021612 -0.000022 -0.101798 -0.034359 -0.014677 -0.000751 -0.000067
