use_cases/Flooding_chicago/flooding_data/output/hUx_720.asc
ncols 337
nrows 393
xllcorner 428428.000000
yllcorner 4602440.000000
cellsize 26.757400
NODATA_value -9999.000000
[rows 182 to 207 of 393, columns 118 to 176 of 337]
0.096807 -0.085675 -0.029852 -0.008793 -0.000065 0.000556 0.005298 0.015778 0.294433 0.810411 1.941038 -0.119078 -0.021560 -0.006353 -0.018118 -0.052394 -0.142451 -0.178630 -0.260922 -0.188778 -0.076363 -0.027280 -0.018141 -0.000518 0.000222 0.006077 0.022187 0.027377 -0.130358 -0.193839 -0.036812 -0.016244 -0.004568 -0.005462 -0.000270 0.000473 0.014391 0.215510 -0.003246 -0.005879 -0.003029 -0.001987 -0.002107 -0.000157 0.002332 0.009387 0.540701 0.211118 -0.240211 -0.033711 -0.023291 -0.015080 -0.004082 -0.002762 0.003511 0.004131 0.035272 0.044914 0.054037
0.158020 0.044635 -0.024336 -0.004905 -0.000065 0.000124 0.017595 0.281730 0.197769 0.111421 -0.004411 -0.017908 -0.014170 -0.002761 -0.000788 0.000483 -0.003405 -0.008486 -0.018118 -0.023258 -0.087821 -0.049039 -0.015120 -0.005672 0.000007 0.001162 0.001268 -0.061143 -0.088741 -0.007969 -0.032518 -0.021730 -0.001549 -0.000611 0.000419 0.005879 0.003970 0.005112 -0.000120 -0.007308 -0.018010 -0.006123 -0.007086 -0.000363 0.000397 0.007198 0.015978 0.465772 0.183952 -0.036630 -0.029508 -0.024485 -0.004590 -0.002231 0.004024 0.004034 0.013177 0.038308 0.055088
0.051806 -0.001991 -0.228031 -0.021135 -0.000385 0.000413 -0.019812 -0.039514 -0.018608 -0.066003 -0.246698 -0.030932 -0.027734 -0.007281 -0.005517 -0.000733 -0.000503 -0.000415 -0.001254 -0.004612 -0.012679 -0.042101 -0.029614 -0.006073 0.000000 0.000570 0.000577 -0.206294 -0.082009 -0.005169 -0.021886 -0.026955 -0.016749 -0.000364 0.000075 0.001176 -0.115332 -0.009793 -0.002491 -0.002975 -0.012527 -0.037882 -0.010145 -0.000700 0.000820 0.007924 0.020084 0.021277 0.074828 -0.198061 -0.025875 -0.003946 -0.000222 0.000222 0.003234 0.002607 0.017804 0.025207 0.046596
-0.118901 -0.115081 -0.226240 -0.025621 -0.001603 0.001680 0.183175 0.084478 -0.053863 -0.165670 -0.257698 -0.436459 -0.079016 -0.054319 -0.016274 -0.004160 -0.015156 -0.005981 0.000003 -0.001417 -0.007012 -0.028155 -0.031341 -0.016536 0.000000 -0.003877 -0.024115 -0.056373 -0.012073 -0.041355 -0.043645 -0.034082 -0.009429 -0.000687 -0.002582 -0.013968 -0.061336 -0.017821 -0.012043 0.000000 -0.020592 -0.055332 -0.016927 -0.000489 0.000684 0.010463 0.019074 0.020059 0.103597 -0.079105 -0.005966 -0.000471 -0.000442 -0.000753 0.000194 0.001423 0.003027 0.001358 0.009565
0.012692 -0.032051 -0.225923 -0.015353 -0.001600 0.001609 0.236319 0.097141 -0.026551 -0.135836 -0.228766 -0.453167 -0.030237 -0.018509 -0.005334 -0.021903 -0.005883 -0.000326 0.000208 0.010564 0.063713 -0.076793 -0.024309 -0.001587 0.000121 -0.002818 -0.013180 -0.016815 0.001529 -0.010142 -0.042566 -0.023577 -0.010733 -0.000023 -0.046343 -0.015534 -0.007434 -0.003209 -0.003508 -0.006293 -0.035332 -0.007165 -0.000685 0.000313 0.011481 0.023246 0.044386 0.001999 0.011336 -0.000532 0.001783 -0.000317 -0.000391 -0.000196 -0.000043 0.000213 0.001145 0.000039 0.006832
-0.359387 -0.508344 -0.959680 -0.058924 -0.000425 0.000430 -0.043029 0.031066 0.058123 -0.001340 -0.068533 -0.044373 -0.064487 -0.033068 -0.004774 -0.005881 -0.000811 -0.000066 0.000201 0.189126 0.403614 0.227394 -0.002759 -0.000976 0.000003 -0.130967 -0.310972 -0.373974 -0.261848 -0.019213 -0.232403 -0.010606 -0.001572 -0.004946 -0.032235 -0.015691 -0.004133 -0.021193 -0.045435 -0.033802 -0.026207 -0.007943 -0.000431 0.000299 0.008191 0.075277 0.050859 0.041777 -0.013970 -0.169884 -0.067631 -0.001034 -0.001565 -0.000459 -0.000550 -0.000785 -0.000433 0.000000 0.015373
-0.024104 0.267115 0.126056 -0.056348 -0.000106 0.000110 -0.017236 -0.010942 -0.019902 -0.008395 -0.035597 -0.011528 -0.007253 -0.013837 -0.003933 -0.003051 0.001455 0.001302 -0.246421 -0.485862 -0.713165 -1.095994 -0.256997 -0.236067 -0.268100 -0.342643 -0.157990 -0.001528 -0.005404 -0.009559 -0.004860 -0.000797 -0.007392 -0.047626 -0.052605 -0.057349 -0.150438 -0.088994 -0.038712 -0.042439 -0.034481 -0.013095 -0.000142 0.000132 0.000674 0.003218 0.001223 0.001336 0.154702 0.131885 0.106333 0.001588 -0.000216 -0.000555 -0.001106 -0.003505 -0.006377 -0.000213 0.001479
-0.000009 0.006822 -0.074926 -0.012748 -0.000106 0.000121 0.012832 0.076971 -0.028499 -0.065256 -0.100132 -0.042940 -0.013887 -0.001785 -0.001983 -0.000318 0.000820 0.001336 -0.072157 -0.125140 -0.319314 -0.266536 -0.342927 -0.354644 -0.821970 -0.191562 -0.115036 -0.080481 -0.004798 -0.006494 -0.000447 0.016139 -0.201086 -0.245683 -0.148156 -0.042870 -0.006419 -0.015544 -0.022382 -0.031451 -0.008061 -0.000361 0.000109 0.007207 -0.181255 -0.043547 -0.001232 -0.000459 0.000254 0.026353 0.108501 0.000743 -0.139608 -0.241390 -0.333971 -0.151165 -0.053424 -0.000276 0.000846
-0.000444 0.000247 -0.041044 -0.008781 -0.000208 0.000326 0.026993 0.047896 -0.120286 -0.268009 -0.159211 -0.060820 -0.009607 -0.000639 0.000106 -0.003855 -0.016586 -0.022718 0.039970 0.059195 -0.060100 0.000000 -0.153262 -0.170101 -0.140910 -0.021798 0.026476 0.041538 0.223449 -0.006209 -0.192697 -0.450606 -0.569208 -0.202960 -0.160108 -0.064672 -0.001608 -0.001170 -0.001466 -0.004768 -0.006463 -0.001445 -0.005584 -0.115332 -0.123953 -0.064837 -0.013257 -0.006923 0.000000 0.005878 -0.037139 -0.030279 0.009568 0.056915 -0.104694 -0.118490 -0.032683 -0.000013 0.000474
-0.000972 -0.001534 -0.007344 -0.005989 -0.000003 0.003484 0.006089 0.004548 0.002044 -0.326453 -0.175589 -0.086374 -0.124876 -0.105498 0.000004 -0.028329 -0.013791 -0.019047 -0.010711 -0.026248 -0.183503 -0.244727 -0.311103 -0.294739 -0.423752 -0.275753 -0.236163 -0.143662 -0.386852 -0.446749 -1.034882 -0.616886 -0.679237 -0.100043 -0.100562 -0.066666 -0.033525 -0.234740 -0.227691 -0.483705 -0.257353 -0.063791 -0.013309 -0.054443 0.009616 -0.000157 -0.018545 -0.006069 0.000000 0.005878 -0.122371 -0.114720 0.000265 -0.000399 -0.001113 -0.000925 -0.002277 0.000668 0.004114
-0.125885 -0.035199 -0.025173 -0.014155 -0.002970 -0.012295 -0.006760 -0.002524 -0.000272 0.001124 -0.128218 -0.092889 -0.133968 -0.160598 -0.188127 -0.208311 -0.019260 0.000000 -0.066529 -0.112087 -0.275858 -0.126900 -0.000073 -0.000024 -0.152224 -0.311853 -0.238265 -0.238581 -0.247580 -0.210472 -0.254617 -0.070647 -0.224545 -0.348469 -0.049243 -0.044076 -0.032856 -0.185613 -0.266397 -0.318332 -0.284451 -0.264355 -0.096226 -0.000205 0.068157 0.051482 -0.044751 -0.008107 -0.000127 0.000291 0.001169 -0.000401 -0.000362 -0.000403 -0.000698 0.000000 0.013497 0.038202 0.014599
-0.198208 -0.106676 -0.385196 -0.110069 -0.053398 -0.027970 -0.002416 -0.005869 -0.009967 -0.000054 -0.007048 -0.025194 -0.023942 -0.001002 -0.002282 -0.017863 -0.007451 0.000000 0.000245 -0.005584 -0.051438 -0.007703 -0.000140 0.000140 0.006148 0.378949 0.081012 -0.012907 -0.088373 -0.109078 -0.101418 -0.000165 0.000120 -0.516883 -0.182423 -0.108970 -0.021461 0.055280 0.277802 0.229827 0.231731 -0.030392 -0.012810 0.000032 0.159149 0.231227 0.208151 -0.033401 -0.000395 -0.000192 0.000847 -9999.000000 -9999.000000 -9999.000000 -9999.000000 0.000000 0.008551 0.055256 0.222116
-0.036540 -0.162579 -0.401499 -0.129272 -0.079379 -0.025205 -0.001383 -0.001346 -0.003710 -0.000729 0.000926 0.000041 -0.000454 -0.001471 -0.002861 -0.012262 -0.005878 0.000000 -0.000180 -0.000633 -0.010212 -0.003946 -0.000222 0.000222 0.008553 0.023937 0.070100 -0.027381 -0.159090 -0.121566 -0.004350 -0.000441 -0.000019 -0.023181 -0.088996 -0.021158 -0.015733 -0.012911 -0.009758 -0.054634 -0.022603 -0.006499 -0.000378 0.000776 -0.007873 -0.012761 0.266602 0.069505 -9999.000000 -9999.000000 -9999.000000 -9999.000000 -9999.000000 -9999.000000 -9999.000000 -9999.000000 -9999.000000 0.002508 -0.002654
0.190767 -0.366813 -0.020829 -0.013956 -0.071323 -0.026319 -0.005626 0.000000 -0.005687 -0.007365 -0.001308 -0.001259 -0.000390 -0.000727 -0.002073 -0.012611 -0.005878 0.000000 0.008848 0.237968 0.205997 -0.007690 -0.041079 -0.005527 0.000000 0.004207 0.012980 -0.018816 -0.096797 -0.165362 -0.268901 -0.069898 -0.003312 -0.009666 -0.033795 -0.041219 -0.026337 -0.006426 -0.024842 -0.026180 -0.008649 -0.000815 -0.000070 0.000789 0.001742 0.001813 0.000746 -9999.000000 -9999.000000 -9999.000000 -9999.000000 -9999.000000 -9999.000000 -9999.000000 -9999.000000 -9999.000000 -9999.000000 -9999.000000 -0.010912
-0.016388 -0.016780 -0.006281 0.000000 -0.023017 -0.037835 -0.038855 -0.003965 -0.015059 -0.015665 -0.002647 -0.002735 0.000000 0.012326 0.171417 0.196411 -0.093375 0.000000 0.012536 0.026110 0.033774 -0.153337 -0.005211 0.000062 0.009743 0.009616 -0.071102 -0.291811 -0.361522 -0.149853 -0.023765 -0.032134 -0.016597 -0.014659 -0.052596 -0.031193 -0.034211 -0.034968 -0.025036 -0.022893 -0.013268 -0.000911 0.000012 0.000274 0.001155 -9999.000000 -9999.000000 -9999.000000 -9999.000000 -9999.000000 -9999.000000 -9999.000000 -9999.000000 -9999.000000 -9999.000000 -9999.000000 -9999.000000 -9999.000000 -9999.000000
0.005878 0.018484 -0.000495 0.000071 -0.122923 -0.063520 -0.034872 -0.087386 -0.028192 -0.001530 -0.001304 0.000393 0.000285 0.001197 0.080829 -0.018496 -0.091739 -0.000098 0.000138 -0.223130 -0.220951 -0.000360 0.000360 0.000748 0.000000 0.016343 0.369934 0.220370 -0.004334 -0.084338 -0.045168 -0.331260 -0.488250 -0.187470 -0.051988 -0.111768 -0.030120 -0.032843 -0.037975 -0.018339 -0.001885 -0.003637 -0.000330 0.000396 -9999.000000 -9999.000000 -9999.000000 -9999.000000 -9999.000000 -9999.000000 -9999.000000 -9999.000000 -9999.000000 -9999.000000 -9999.000000 -9999.000000 -9999.000000 -9999.000000 -9999.000000
0.005878 0.114828 0.021788 -0.025851 -0.154487 -0.063335 -0.041600 -0.007982 -0.000759 -0.000399 0.000418 -0.002452 -0.009453 -0.023688 -0.024671 -0.028870 -0.081592 -0.012527 0.000000 -0.002012 -0.008780 -0.000360 0.000360 0.000486 0.000000 0.008156 0.055838 -0.072824 -0.128130 -0.164825 -0.217547 -0.090318 -1.208084 -0.199175 -0.058761 -0.088925 -0.165722 -0.087895 -0.055601 -0.049007 -0.040994 -0.017422 -0.000401 0.000555 -9999.000000 -9999.000000 -9999.000000 -9999.000000 -9999.000000 -9999.000000 -9999.000000 -9999.000000 -9999.000000 -9999.000000 -9999.000000 -9999.000000 -9999.000000 -9999.000000 -9999.000000
0.013205 0.231494 0.171138 0.165476 0.260134 -0.027849 -0.020042 -0.007428 -0.000019 0.000473 0.000517 -0.013628 -0.010665 -0.012872 -0.009810 -0.010402 -0.044381 -0.007297 0.000000 0.006057 0.030058 0.004593 0.000231 -0.003961 -0.025338 -0.090734 -0.126372 -0.151679 -0.184106 -0.198086 -0.206884 -0.049481 -0.091760 -0.030483 -0.075669 -0.105574 -0.194427 -0.080606 -0.048901 -0.040603 -0.031249 -0.013725 -0.000013 -9999.000000 -9999.000000 -9999.000000 -9999.000000 -9999.000000 -9999.000000 -9999.000000 -9999.000000 -9999.000000 -9999.000000 -9999.000000 -9999.000000 -9999.000000 -9999.000000 -9999.000000 -9999.000000
-0.112174 -0.211791 -0.303283 -0.562609 -0.898847 -0.189977 -0.012575 -0.000383 0.000177 -0.058365 -0.158652 -0.107772 -0.003921 -0.001934 0.000795 -0.001591 -0.052070 -0.007464 0.000000 0.006848 0.023207 0.035732 0.483863 0.388687 0.273964 0.157280 -0.087005 -0.335314 -0.251215 -0.343533 -0.397069 -0.471002 -0.261882 -0.014674 -0.000948 -0.003017 -0.015354 -0.023426 -0.025809 -0.020938 -0.010738 -0.000925 0.000105 -9999.000000 -9999.000000 -9999.000000 -9999.000000 -9999.000000 -9999.000000 -9999.000000 -9999.000000 -9999.000000 -9999.000000 -9999.000000 -9999.000000 -9999.000000 -9999.000000 -9999.000000 -9999.000000
-0.049249 -0.121577 -0.199481 -0.236566 -0.370620 -0.306653 -0.037398 -0.006234 -0.032082 -0.048071 -0.048140 -0.000906 -0.000191 0.017080 0.092247 0.012485 -0.001548 0.000012 -0.000129 0.000361 0.038835 0.129694 -0.143712 -0.372335 -0.357087 -0.132772 -0.026739 -0.142008 -0.193921 -0.325362 -0.404781 -0.482681 -0.269239 -0.306317 -0.004030 -0.025839 -0.010694 -0.003195 -0.004047 -0.001723 -0.001644 -0.000149 0.000103 -9999.000000 -9999.000000 -9999.000000 -9999.000000 -9999.000000 -9999.000000 -9999.000000 -9999.000000 -9999.000000 -9999.000000 -9999.000000 -9999.000000 -9999.000000 -9999.000000 -9999.000000 -9999.000000
-0.112311 -0.192493 -0.339623 -0.445341 -0.724802 -0.488163 -0.725912 -0.051230 -0.023928 -0.030630 -0.022029 -0.000024 0.020906 0.151957 0.002383 -0.037407 -0.035972 -0.018458 -0.003603 -0.000657 -0.001085 -0.000401 -0.000667 -0.092726 -0.424478 -0.260101 -0.366312 -0.394998 -0.981503 -0.230934 -0.007063 -0.000028 -0.349546 -0.423182 -1.248453 -0.665238 -0.023915 -0.001239 -0.001650 -0.004258 -0.000789 -0.000216 0.000002 -9999.000000 -9999.000000 -9999.000000 -9999.000000 -9999.000000 -9999.000000 -9999.000000 -9999.000000 -9999.000000 -9999.000000 -9999.000000 -9999.000000 -9999.000000 -9999.000000 -9999.000000 -9999.000000
0.020728 0.021120 0.013191 0.006756 0.004582 -0.000000 -0.676208 -0.845857 -0.120271 -0.015960 -0.017657 -0.001187 0.001992 0.084382 -0.000126 0.070976 0.321162 0.476701 0.391075 -0.083523 -0.011835 -0.000646 0.000094 0.000142 -0.000140 0.000561 0.139528 0.274598 0.429469 0.190528 -0.000633 -0.000821 -0.000026 -0.177375 -0.201743 -0.220957 -0.370064 -0.148661 -0.070747 -0.025236 -0.000063 0.000626 0.000379 0.000000 -9999.000000 -9999.000000 -9999.000000 -9999.000000 -9999.000000 -9999.000000 -9999.000000 -9999.000000 -9999.000000 -9999.000000 -9999.000000 -9999.000000 -9999.000000 -9999.000000 -9999.000000
-0.001367 -0.003267 -0.003098 -0.013674 -0.004737 -0.000000 0.015278 -0.340733 -0.755225 -0.292933 -0.033150 -0.001020 0.000975 -0.002083 -0.028518 -0.244105 -0.425687 -0.518021 -0.660851 -0.958174 -0.018498 -0.001821 -0.002155 0.000054 0.000173 0.001216 0.021854 0.383284 0.101537 0.001431 -0.028288 -0.035927 -0.004443 -0.004098 -0.000818 -0.186339 -0.350060 -0.111210 -0.007778 -0.003959 -0.000002 0.001412 0.000759 0.000000 -9999.000000 -9999.000000 -9999.000000 -9999.000000 -9999.000000 -9999.000000 -9999.000000 -9999.000000 -9999.000000 -9999.000000 -9999.000000 -9999.000000 -9999.000000 -9999.000000 -9999.000000
-0.431139 -0.020358 -0.017970 -0.016056 -0.009734 -0.000016 0.007297 0.023483 -0.052181 -0.111269 -0.119388 -0.000999 -0.000947 -0.001018 -0.000402 0.000949 -0.058439 -0.101554 -0.033557 0.028879 -0.166136 -0.046055 -0.017390 -0.000997 0.000106 0.006381 0.003934 -0.021409 -0.234134 -0.123430 -0.030411 -0.043330 -0.012487 -0.018024 -0.021558 -0.035638 -0.074020 -0.122232 -0.121031 -0.069898 -0.053450 -0.002807 -0.000064 0.000805 0.000000 -9999.000000 -9999.000000 -9999.000000 -9999.000000 -9999.000000 -9999.000000 -9999.000000 -9999.000000 -9999.000000 -9999.000000 -9999.000000 -9999.000000 -9999.000000 -9999.000000
-0.566826 -0.855083 -0.481890 -0.009254 -0.000797 -0.000378 0.000830 0.009548 0.020845 0.035927 -0.082216 -0.034158 -0.072089 -0.011415 0.000000 0.004395 0.003858 0.010552 0.087221 0.007321 -0.230151 -0.045056 -0.030555 -0.013836 0.000000 0.008422 0.023730 0.107037 -0.287998 -0.364172 -0.044270 -0.009315 -0.019776 -0.026755 -0.035615 -0.045558 -0.062513 -0.089458 -0.131844 -0.135509 -0.092867 -0.065120 -0.042656 -0.021360 0.000000 -9999.000000 -9999.000000 -9999.000000 -9999.000000 -9999.000000 -9999.000000 -9999.000000 -9999.000000 -9999.000000 -9999.000000 -9999.000000 -9999.000000 -9999.000000 -9999.000000
-0.250324 -0.617038 -0.448926 -0.038057 -0.008916 -0.000593 0.000092 0.000369 0.000095 0.007015 0.037196 -0.027691 -0.076741 -0.013056 0.000000 -0.010270 -0.016314 -0.014723 -0.011634 -0.016805 -0.075982 -0.042251 -0.023816 -0.017982 0.000000 0.012569 0.026176 0.363553 0.253377 0.140050 -0.004851 -0.011377 -0.015680 -0.015030 0.000000 -0.008911 -0.010937 -0.000244 -0.000027 0.000242 0.088371 0.035687 0.037393 -0.001551 0.000164 -9999.000000 -9999.000000 -9999.000000 -9999.000000 -9999.000000 -9999.000000 -9999.000000 -9999.000000 -9999.000000 -9999.000000 -9999.000000 -9999.000000 -9999.000000 -9999.000000
