use_cases/Flooding_chicago/flooding_data/output/hUx_1620.asc
ncols 337
nrows 393
xllcorner 428428.000000
yllcorner 4602440.000000
cellsize 26.757400
NODATA_value -9999.000000
[rows 260 to 285 of 393, columns 0 to 58 of 337]
-9999.000000 -9999.000000 -9999.000000 -9999.000000 -9999.000000 -9999.000000 -9999.000000 -9999.000000 -9999.000000 -9999.000000 -9999.000000 -9999.000000 -9999.000000 -9999.000000 -9999.000000 -9999.000000 -9999.000000 -9999.000000 -9999.000000 -9999.000000 -9999.000000 -9999.000000 -9999.000000 -9999.000000 -9999.000000 -9999.000000 -9999.000000 -9999.000000 -9999.000000 0.000000 0.058900 -0.470391 -0.888267 -0.827334 -0.868279 -0.636052 -0.645157 -0.833213 -0.665509 -0.528147 -0.557227 -0.447568 -0.317537 0.011475 0.150866 0.277738 0.270624 0.329663 0.576374 0.599509 0.504263 0.345018 0.319591 0.296639 0.280289 0.197105 0.166597 0.065225 0.010722
-9999.000000 -9999.000000 -9999.000000 -9999.000000 -9999.000000 -9999.000000 -9999.000000 -9999.000000 -9999.000000 -9999.000000 -9999.000000 -9999.000000 -9999.000000 -9999.000000 -9999.000000 -9999.000000 -9999.000000 -9999.000000 -9999.000000 -9999.000000 -9999.000000 -9999.000000 -9999.000000 -9999.000000 -9999.000000 -9999.000000 -9999.000000 -9999.000000 -9999.000000 0.000000 0.009219 0.118701 -0.041137 -0.189071 -0.247380 -0.096409 -0.319175 -0.412520 -0.309540 -0.252277 -0.133519 -0.094482 -0.145851 0.049186 0.155011 0.260445 0.247401 0.303329 0.371403 0.340961 0.347199 0.268834 0.133701 0.065164 0.045707 0.087175 -0.010478 -0.292537 -0.112430
-9999.000000 -9999.000000 -9999.000000 -9999.000000 -9999.000000 -9999.000000 -9999.000000 -9999.000000 -9999.000000 -9999.000000 -9999.000000 -9999.000000 -9999.000000 -9999.000000 -9999.000000 -9999.000000 -9999.000000 -9999.000000 -9999.000000 -9999.000000 -9999.000000 -9999.000000 -9999.000000 -9999.000000 -9999.000000 -9999.000000 -9999.000000 -9999.000000 -9999.000000 0.000000 0.008140 0.027883 0.185634 -0.225290 -0.389420 -0.394401 -0.317262 -0.538738 -0.612307 -0.475663 -0.427663 -0.227429 -0.044746 0.055304 0.152840 0.188438 0.293853 0.299929 0.316494 0.327156 0.258934 0.156127 0.110372 -0.031992 -0.026323 -0.023916 -0.042856 -0.075617 -0.116519
-9999.000000 -9999.000000 -9999.000000 -9999.000000 -9999.000000 -9999.000000 -9999.000000 -9999.000000 -9999.000000 -9999.000000 -9999.000000 -9999.000000 -9999.000000 -9999.000000 -9999.000000 -9999.000000 -9999.000000 -9999.000000 -9999.000000 -9999.000000 -9999.000000 -9999.000000 -9999.000000 -9999.000000 -9999.000000 -9999.000000 -9999.000000 -9999.000000 -9999.000000 0.000000 0.013211 0.040879 0.013003 0.007420 -0.031374 -0.130374 -0.154718 -0.109775 -0.032473 -0.187752 -0.207550 -0.076464 0.025892 0.112751 0.338181 0.359182 0.336750 0.301265 0.251333 0.203311 0.197817 0.042433 -0.160367 -0.184519 -0.019843 -0.034358 -0.018016 -0.032154 -0.043317
-9999.000000 -9999.000000 -9999.000000 -9999.000000 -9999.000000 -9999.000000 -9999.000000 -9999.000000 -9999.000000 -9999.000000 -9999.000000 -9999.000000 -9999.000000 -9999.000000 -9999.000000 -9999.000000 -9999.000000 -9999.000000 -9999.000000 -9999.000000 -9999.000000 -9999.000000 -9999.000000 -9999.000000 -9999.000000 -9999.000000 -9999.000000 -0.001748 -0.000289 0.000420 0.017134 0.061027 0.024497 0.015919 0.009683 0.059289 0.004433 0.082785 0.159892 0.149589 0.019253 0.000193 0.137704 0.407574 0.560138 0.530846 0.450146 0.313851 0.090966 -0.176043 -0.248769 -0.317451 -0.495824 -0.217098 -0.036262 -0.055305 -0.026127 -0.034162 -0.060896
-9999.000000 -9999.000000 -9999.000000 -9999.000000 -9999.000000 -9999.000000 -9999.000000 -9999.000000 -9999.000000 -9999.000000 -9999.000000 -9999.000000 -9999.000000 -9999.000000 -9999.000000 -9999.000000 -9999.000000 -9999.000000 -9999.000000 -9999.000000 -9999.000000 -9999.000000 -9999.000000 0.000022 0.001769 0.001031 0.004762 -0.000631 0.000467 0.010098 0.009494 0.004682 0.014874 0.020022 0.020376 0.234745 0.619451 0.460208 0.458221 0.385965 0.312826 0.359703 0.338303 0.417059 0.461993 0.429389 0.282105 0.037288 -0.040521 -0.812498 -1.494188 -0.825859 -1.073458 -0.224999 -0.058392 -0.119987 -0.042239 -0.005484 -0.029098
-9999.000000 -9999.000000 -9999.000000 -9999.000000 -9999.000000 -9999.000000 -9999.000000 -9999.000000 -9999.000000 -9999.000000 -9999.000000 -9999.000000 -9999.000000 -9999.000000 -9999.000000 -9999.000000 -9999.000000 -9999.000000 -9999.000000 -9999.000000 -9999.000000 -9999.000000 -0.000422 0.000594 0.012193 0.092190 0.024943 -0.000798 0.000991 0.007756 0.005603 0.004266 0.002833 0.036957 0.038279 0.338873 1.119168 0.779550 0.654264 0.406285 0.265492 0.103109 -0.019767 -0.153539 -0.185106 -0.233918 -0.009913 -0.000066 0.000062 0.009106 0.051943 -0.000164 0.000353 -0.101453 -0.052296 -0.091280 -0.044767 -0.012521 -0.000000
-9999.000000 -9999.000000 -9999.000000 -9999.000000 -9999.000000 -9999.000000 -9999.000000 -9999.000000 -9999.000000 -9999.000000 -9999.000000 -9999.000000 -9999.000000 -9999.000000 -9999.000000 -9999.000000 -9999.000000 -9999.000000 -9999.000000 -9999.000000 -9999.000000 -0.000761 0.000611 0.001233 0.008559 0.082621 0.014243 -0.000678 0.001225 0.016128 0.195157 0.001674 0.003268 0.082609 0.097420 0.592827 1.408978 0.815040 0.042595 0.012054 0.019133 -0.257795 -0.085585 -0.130350 -0.316311 -0.021469 -0.018613 -0.000169 0.000142 0.007192 0.015031 0.001486 0.001086 -0.011448 -0.094705 -0.048363 -0.052942 -0.012817 -0.000022
-9999.000000 -9999.000000 -9999.000000 -9999.000000 -9999.000000 -9999.000000 -9999.000000 -9999.000000 -9999.000000 -9999.000000 -9999.000000 -9999.000000 -9999.000000 -9999.000000 -9999.000000 -9999.000000 -9999.000000 -9999.000000 -9999.000000 -9999.000000 -0.000805 0.001569 0.002018 0.010341 -0.369159 -0.070077 -0.001710 0.000026 0.001571 -0.025037 0.061360 0.658907 0.861258 1.156331 1.546839 1.403500 0.833903 0.451873 -0.002615 0.001441 0.004918 -0.016287 0.255673 -0.224007 -0.195699 -0.012867 -0.005604 -0.000365 0.000147 0.000704 0.000774 0.000563 0.009896 0.022926 -0.037280 -0.069204 -0.059122 -0.012667 -0.000408
-9999.000000 -9999.000000 -9999.000000 -9999.000000 -9999.000000 -9999.000000 -9999.000000 -9999.000000 -9999.000000 -9999.000000 -9999.000000 -9999.000000 -9999.000000 -9999.000000 -9999.000000 -9999.000000 -9999.000000 -9999.000000 -9999.000000 0.000000 0.001225 0.003955 0.063560 -0.121206 -0.776207 -0.351536 -0.011640 0.000000 0.030076 0.643062 0.631904 1.263071 1.318114 1.476725 1.127772 0.129277 0.055164 0.011498 0.001166 0.007980 0.012265 -0.245405 -0.352602 -0.398015 -0.428439 -0.686808 -0.018295 -0.008558 -0.000818 -0.000697 0.000126 0.000599 -0.001941 -0.022463 -0.013042 -0.001923 -0.002766 -0.001539 -0.003979
-9999.000000 -9999.000000 -9999.000000 -9999.000000 -9999.000000 -9999.000000 -9999.000000 -9999.000000 -9999.000000 -9999.000000 -9999.000000 -9999.000000 -9999.000000 -9999.000000 -9999.000000 -9999.000000 -9999.000000 -9999.000000 -0.000530 0.000000 0.000281 0.001085 0.080536 -0.543792 -0.565575 -0.452194 -0.130114 -0.096283 0.005259 0.007535 0.287607 0.454685 0.460471 0.386997 -0.089731 -0.005968 -0.003627 0.001853 0.011702 0.008340 0.008518 0.005306 -0.382870 -0.415246 -0.452350 -0.685961 -0.333008 -0.016789 -0.009865 -0.001085 -0.001571 -0.002635 -0.002290 -0.004418 -0.001924 -0.003632 -0.009937 -0.001107 -0.002070
-9999.000000 -9999.000000 -9999.000000 -9999.000000 -9999.000000 -9999.000000 -9999.000000 -9999.000000 -9999.000000 -9999.000000 -9999.000000 -9999.000000 -9999.000000 -9999.000000 -9999.000000 -9999.000000 -9999.000000 -9999.000000 -0.009365 -0.005237 0.000000 0.008912 0.070750 0.578772 0.717894 0.770969 0.865888 1.242249 0.948800 2.164237 1.676414 1.076565 0.711141 0.478525 -0.117300 -0.021901 -0.029307 -0.001411 -0.000123 0.002967 0.002166 0.003553 0.049842 -0.221345 -0.598838 -1.156914 -0.901624 -0.711698 -0.300972 -0.059099 -0.092648 -0.067234 -0.002145 -0.004413 -0.004055 -0.007382 -0.024428 -0.001534 -0.000701
-9999.000000 -9999.000000 -9999.000000 -9999.000000 -9999.000000 -9999.000000 -9999.000000 -9999.000000 -9999.000000 -9999.000000 -9999.000000 -9999.000000 -9999.000000 -9999.000000 -9999.000000 -9999.000000 -9999.000000 -0.002425 -0.011428 -0.013912 -0.000681 0.001000 0.014343 1.123601 0.700499 0.130627 -0.167313 -0.245889 -0.006777 0.033296 -0.732199 -1.552114 -2.051524 -2.153551 -0.269966 -0.035728 -0.072214 -0.005766 -0.004111 0.002490 0.003628 0.014235 0.010401 -0.275604 -0.369524 -0.569615 -0.313692 -0.542607 -0.415487 -0.486185 -0.084387 -0.074515 -0.069198 -0.145922 -0.013326 0.000000 -0.137780 -0.011000 0.000000
-9999.000000 -9999.000000 -9999.000000 -9999.000000 -9999.000000 -9999.000000 -9999.000000 -9999.000000 -9999.000000 -9999.000000 -9999.000000 -9999.000000 -9999.000000 -9999.000000 -9999.000000 -9999.000000 -9999.000000 -0.004174 -0.014040 -0.011316 -0.000364 0.000421 0.004816 0.138098 0.076750 0.057890 0.369826 -0.024024 -0.084448 -0.001422 0.000231 0.003982 0.139792 -0.615554 -0.415916 -0.567001 -0.181165 -0.009853 -0.016162 -0.001569 0.004177 0.004667 0.003085 0.000699 -0.172900 -0.260585 -0.164156 -0.045876 -0.060248 -0.076492 -0.089806 -0.114449 -0.242767 -0.041970 -0.019237 0.000000 -0.169511 -0.014121 0.000000
-9999.000000 -9999.000000 -9999.000000 -9999.000000 -9999.000000 -9999.000000 -9999.000000 -9999.000000 -9999.000000 -9999.000000 -9999.000000 -9999.000000 -9999.000000 -9999.000000 -9999.000000 -9999.000000 -9999.000000 -9999.000000 -0.023911 -0.023950 -0.009182 0.000012 0.019586 0.003939 0.010497 0.033558 0.043422 -0.035078 -0.134710 -0.019060 -0.001732 0.000205 0.000394 0.012452 0.015651 -0.119843 -0.270737 -0.301542 -0.062049 -0.046329 -0.000702 -0.000209 0.000087 0.000249 -0.016374 -0.057060 -0.161324 -0.079431 -0.091700 -0.077902 -0.060966 -0.092879 -0.253752 -0.056962 -0.018288 -0.025037 -0.002676 -0.002807 0.001996
-9999.000000 -9999.000000 -9999.000000 -9999.000000 -9999.000000 -9999.000000 -9999.000000 -9999.000000 -9999.000000 -9999.000000 -9999.000000 -9999.000000 -9999.000000 -9999.000000 -9999.000000 -9999.000000 -9999.000000 -9999.000000 -9999.000000 -0.016530 -0.013442 -0.000999 -0.000234 0.000546 0.001187 -0.001101 -0.003305 -0.028572 -0.143537 -0.057480 -0.027332 -0.000001 0.005097 0.017954 0.001273 0.000452 -0.195087 -0.375278 -0.301989 -0.111992 -0.008762 -0.001125 -0.000051 0.000246 0.009141 0.072142 -0.045114 -0.060708 -0.094696 -0.259856 -0.264223 -0.349239 -0.019292 -0.003888 -0.012246 -0.002590 -0.002846 0.001684 0.003266
-9999.000000 -9999.000000 -9999.000000 -9999.000000 -9999.000000 -9999.000000 -9999.000000 -9999.000000 -9999.000000 -9999.000000 -9999.000000 -9999.000000 -9999.000000 -9999.000000 -9999.000000 -9999.000000 -9999.000000 -9999.000000 -9999.000000 -9999.000000 -9999.000000 -0.010746 -0.004589 -0.000040 0.007436 0.011525 0.000762 0.000280 -0.109239 -0.075201 -0.040329 -0.000055 0.010955 0.016453 0.001553 0.000971 0.006254 -0.017518 -0.182054 -0.208170 -0.017322 -0.011685 -0.000360 0.000360 0.007624 0.079808 0.032928 0.156434 0.317584 0.119195 -0.022963 -0.514551 -0.048794 -0.000751 -0.001936 -0.003047 0.000000 0.003951 0.002924
-9999.000000 -9999.000000 -9999.000000 -9999.000000 -9999.000000 -9999.000000 -9999.000000 -9999.000000 -9999.000000 -9999.000000 -9999.000000 -9999.000000 -9999.000000 -9999.000000 -9999.000000 -9999.000000 -9999.000000 -9999.000000 -9999.000000 -9999.000000 -9999.000000 -9999.000000 -9999.000000 -0.001274 -0.001129 -0.000635 0.000013 0.000140 -0.002072 -0.009550 0.018158 -0.001332 -0.000373 0.000727 0.000723 0.000000 0.006318 0.016277 0.120364 -0.251613 -0.294491 -0.007675 -0.000360 0.000360 0.011263 0.117320 0.057744 0.197026 0.158600 0.074899 -0.032423 -0.284113 -0.040699 -0.009438 -0.025107 -0.003124 -0.000074 0.002747 0.019898
-9999.000000 -9999.000000 -9999.000000 -9999.000000 -9999.000000 -9999.000000 -9999.000000 -9999.000000 -9999.000000 -9999.000000 -9999.000000 -9999.000000 -9999.000000 -9999.000000 -9999.000000 -9999.000000 -9999.000000 -9999.000000 -9999.000000 -9999.000000 -9999.000000 -9999.000000 -9999.000000 -0.002721 -0.006395 -0.023227 -0.005537 -0.000003 0.007254 0.015931 0.212713 -0.002292 -0.003230 -0.000364 0.000699 0.000000 0.003663 0.007360 0.114111 0.161529 -0.035730 -0.068656 -0.002515 0.005458 0.004418 0.024550 0.022500 0.011380 -0.002444 -0.005613 -0.011660 -0.024788 -0.066816 -0.025086 -0.001956 -0.002335 0.001258 0.002026 0.009674
-9999.000000 -9999.000000 -9999.000000 -9999.000000 -9999.000000 -9999.000000 -9999.000000 -9999.000000 -9999.000000 -9999.000000 -9999.000000 -9999.000000 -9999.000000 -9999.000000 -9999.000000 -9999.000000 -9999.000000 -9999.000000 -9999.000000 -9999.000000 -9999.000000 -9999.000000 -9999.000000 -9999.000000 -0.001517 -0.002092 -0.002316 -0.000208 0.000326 0.016910 0.211898 -0.053571 -0.016487 0.000001 0.004398 0.001207 0.008709 0.141682 0.070530 0.038913 0.021062 0.010602 0.009487 0.010273 0.098479 0.053030 -0.003342 -0.034817 -0.003175 -0.008781 -0.018256 -0.026294 -0.058075 -0.027387 -0.001063 -0.000440 0.000758 0.010519 0.062054
-9999.000000 -9999.000000 -9999.000000 -9999.000000 -9999.000000 -9999.000000 -9999.000000 -9999.000000 -9999.000000 -9999.000000 -9999.000000 -9999.000000 -9999.000000 -9999.000000 -9999.000000 -9999.000000 -9999.000000 -9999.000000 -9999.000000 -9999.000000 -9999.000000 -9999.000000 -9999.000000 -9999.000000 -9999.000000 -9999.000000 -9999.000000 -0.001662 -0.000060 0.000475 0.006761 -0.065798 -0.021766 0.000046 0.020688 0.082556 0.208912 0.127663 0.092192 0.067255 0.044664 0.029480 0.022353 0.015371 0.054246 -0.014324 -0.064740 -0.131075 -0.219336 -0.005276 -0.014939 -0.018648 -0.002130 -0.007541 -0.000249 0.000166 0.012151 0.031870 0.014959
-9999.000000 -9999.000000 -9999.000000 -9999.000000 -9999.000000 -9999.000000 -9999.000000 -9999.000000 -9999.000000 -9999.000000 -9999.000000 -9999.000000 -9999.000000 -9999.000000 -9999.000000 -9999.000000 -9999.000000 -9999.000000 -9999.000000 -9999.000000 -9999.000000 -9999.000000 -9999.000000 -9999.000000 -9999.000000 -9999.000000 -9999.000000 -9999.000000 -9999.000000 -9999.000000 0.000000 0.000710 0.000477 0.001051 0.029530 0.062850 0.011005 0.028345 0.024038 0.031076 0.031961 0.026239 0.018732 0.011323 0.000000 0.007429 0.368673 -0.050451 -0.235596 -0.502837 -0.032188 -0.006995 0.000000 0.004427 0.000831 0.001060 0.000513 0.003652 0.004061
-9999.000000 -9999.000000 -9999.000000 -9999.000000 -9999.000000 -9999.000000 -9999.000000 -9999.000000 -9999.000000 -9999.000000 -9999.000000 -9999.000000 -9999.000000 -9999.000000 -9999.000000 -9999.000000 -9999.000000 -9999.000000 -9999.000000 -9999.000000 -9999.000000 -9999.000000 -9999.000000 -9999.000000 -9999.000000 -9999.000000 -9999.000000 -9999.000000 -9999.000000 -9999.000000 -9999.000000 -0.000820 -0.000595 0.000834 0.002886 0.001247 0.000404 0.006490 0.009944 0.004067 0.020324 0.022451 0.014599 0.005723 0.000000 0.009421 -0.158507 -0.426390 -0.361441 -0.469546 -0.017663 -0.007100 0.000000 0.017409 0.027086 0.066322 -0.038761 -0.086027 0.000316
-9999.000000 -9999.000000 -9999.000000 -9999.000000 -9999.000000 -9999.000000 -9999.000000 -9999.000000 -9999.000000 -9999.000000 -9999.000000 -9999.000000 -9999.000000 -9999.000000 -9999.000000 -9999.000000 -9999.000000 -9999.000000 -9999.000000 -9999.000000 -9999.000000 -9999.000000 -9999.000000 -9999.000000 -9999.000000 -9999.000000 -9999.000000 -9999.000000 -9999.000000 -9999.000000 -9999.000000 -9999.000000 -9999.000000 -0.001367 -0.000168 0.000078 0.000413 0.012656 0.029313 0.045952 0.076647 0.033570 0.201859 0.223571 0.266991 0.279667 0.758548 0.639772 0.426224 0.125998 0.000679 -0.016546 -0.000129 0.001240 0.091520 -0.089268 -0.126365 -0.123491 0.000016
-9999.000000 -9999.000000 -9999.000000 -9999.000000 -9999.000000 -9999.000000 -9999.000000 -9999.000000 -9999.000000 -9999.000000 -9999.000000 -9999.000000 -9999.000000 -9999.000000 -9999.000000 -9999.000000 -9999.000000 -9999.000000 -9999.000000 -9999.000000 -9999.000000 -9999.000000 -9999.000000 -9999.000000 -9999.000000 -9999.000000 -9999.000000 -9999.000000 -9999.000000 -9999.000000 -9999.000000 -9999.000000 -9999.000000 -0.002421 -0.000415 -0.000422 0.000236 0.000518 0.008262 0.017968 0.067276 0.030137 0.128177 0.140573 0.181854 0.222933 0.217201 0.349706 0.318541 0.354893 0.151269 0.131575 -0.000150 0.000506 0.163052 0.284325 0.323883 0.428369 0.149250
-9999.000000 -9999.000000 -9999.000000 -9999.000000 -9999.000000 -9999.000000 -9999.000000 -9999.000000 -9999.000000 -9999.000000 -9999.000000 -9999.000000 -9999.000000 -9999.000000 -9999.000000 -9999.000000 -9999.000000 -9999.000000 -9999.000000 -9999.000000 -9999.000000 -9999.000000 -9999.000000 -9999.000000 -9999.000000 -9999.000000 -9999.000000 -9999.000000 -9999.000000 -9999.000000 -9999.000000 -9999.000000 -9999.000000 0.000000 -0.000667 -0.001508 0.000007 0.009274 0.022510 0.033293 0.030332 0.067291 0.016762 0.005937 0.003397 0.002172 0.085853 0.085333 0.100662 0.419144 0.171822 0.159537 0.144822 0.000025 0.026237 0.051567 0.439381 0.170927 0.137670
