use_cases/Flooding_chicago/flooding_data/output/hUx_1860.asc
ncols 337
nrows 393
xllcorner 428428.000000
yllcorner 4602440.000000
cellsize 26.757400
NODATA_value -9999.000000
[rows 78 to 103 of 393, columns 236 to 294 of 337]
0.000083 0.000213 0.000162 0.000485 -0.000028 0.007817 0.042117 0.004500 -0.000004 0.002248 0.000818 0.010474 0.034420 0.465326 0.256034 0.088722 -0.025018 -0.000000 0.046726 0.085564 0.062709 0.115741 0.107350 0.075075 0.001107 -0.090281 -0.303561 -0.405295 -0.668126 -0.550978 -0.869043 -2.834885 -2.221811 -2.050194 -0.867395 -0.595265 -0.012792 -0.000000 0.023602 1.007573 1.834975 1.084154 0.243913 0.121025 0.008969 -0.037701 -0.034484 -0.008221 -0.000000 0.016328 0.042117 0.068653 0.225436 0.085228 0.030151 0.243096 0.117929 -0.048963 0.110114
-0.082336 -0.508445 -0.290665 -0.010783 -0.000730 0.000257 0.000061 -0.000240 -0.000083 0.000347 0.000602 0.000318 0.015268 0.363708 -0.046104 -0.274978 -0.052077 -0.000000 0.007776 0.047526 0.254947 0.508626 0.244697 0.423688 0.388951 0.350749 0.112834 0.012426 0.120361 0.139240 -0.007149 -0.800394 -1.539483 -1.630570 -0.844689 -0.656870 -0.002731 0.000520 0.327589 1.286098 0.872697 0.653724 -0.001173 -0.004345 -0.030242 -0.033796 -0.014758 -0.019630 -0.001316 0.001421 0.001283 0.023681 0.401512 1.202046 1.059203 2.193270 1.332230 0.687980 0.308391
0.964799 0.880606 0.570787 0.318812 -0.002002 -0.002964 -0.000068 0.000091 -0.000176 -0.000422 -0.000133 0.000149 0.011576 0.025998 0.032870 0.003130 -0.020076 -0.000001 0.005089 0.014229 0.039810 0.002872 -0.000131 0.000281 0.000789 0.000017 -0.000600 -0.000324 -0.000084 0.000000 0.005953 0.104489 -0.868959 -1.018864 -0.953243 -0.991116 -0.379210 -0.211606 0.071523 0.625464 0.025495 -0.001446 -0.001027 -0.001731 -0.002562 -0.009173 -0.015269 -0.014017 -0.000492 0.000410 0.011794 0.045489 0.235160 0.187959 0.743964 0.698221 0.413825 0.197434 -0.001204
0.267074 0.313239 0.065039 0.060714 -0.022694 -0.011846 -0.001606 -0.000580 -0.000613 -0.000771 -0.000270 0.000473 0.014845 0.030403 0.022999 0.001984 -0.000041 -0.000106 0.000158 0.005755 0.017468 0.001243 -0.000428 -0.000124 0.000094 0.000399 -0.000068 -0.000122 -0.000098 0.000008 0.011323 0.021066 0.280878 -0.766945 -1.027899 -1.132824 -1.337892 -0.858038 -0.323898 -0.370265 -0.369992 -0.017878 -0.001208 -0.002950 -0.003555 -0.010371 -0.006046 0.006745 0.012627 0.004023 0.011813 0.381394 0.325152 0.293717 0.257222 -0.001889 -0.000372 0.000172 0.000281
0.057477 0.135335 0.014396 -0.398322 -0.051264 -0.031931 -0.006534 -0.000423 -0.000473 -0.000786 0.000014 0.000967 0.012620 0.027486 0.022886 0.002655 0.000185 -0.000165 0.000355 0.004028 0.010804 0.002406 0.000728 -0.000375 -0.000219 0.000219 0.000375 -0.000086 -0.000180 0.000346 0.006539 0.024771 -0.114190 -0.205971 -0.692207 -0.967826 -1.017109 -0.728419 -0.608689 -0.555176 -0.256490 -0.228707 -0.032051 -0.007977 -0.000405 0.000097 0.009380 0.016125 0.013603 0.045874 0.621616 0.471952 0.461821 0.183849 -0.001523 -0.008565 -0.002800 -0.000027 0.000305
0.168360 0.118488 0.045624 -0.109141 -0.030238 -0.022631 -0.010838 -0.000540 -0.000823 -0.000813 0.000001 0.015690 0.010918 0.012298 0.004753 0.001442 0.000539 0.000511 0.009925 0.018996 0.025975 0.032757 0.042274 -0.001629 -0.000333 -0.001200 -0.003720 -0.000346 0.000180 0.004043 0.002734 0.029251 0.365786 -0.216542 -0.395493 -0.438907 -0.566168 -0.485320 -0.412936 -0.358377 -0.147218 0.088364 -0.119112 -0.060857 -0.009079 -0.000820 0.000358 0.000767 0.021846 0.071102 0.542035 0.480891 0.473139 0.130933 -0.081803 -0.071224 -0.020344 -0.000872 -0.000001
0.313591 0.227438 0.397449 0.153216 0.070274 -0.002984 -0.019128 -0.009642 -0.000404 -0.000442 -0.000278 0.000424 0.017181 0.040425 0.054322 0.012110 0.003111 0.001400 0.000599 -0.197835 -0.262886 -0.184615 -0.110566 0.000666 0.012015 0.006835 -0.001355 -0.000065 0.000276 0.001317 0.008097 0.004669 0.015566 0.468756 0.084249 0.078438 0.118780 0.150054 0.133625 0.148967 -0.025832 -0.098751 -0.284335 -0.005610 -0.002379 -0.000664 0.000068 0.000708 0.011899 0.031252 0.347197 0.336027 0.315682 0.370555 0.287296 -0.011441 -0.001617 -0.004067 0.000010
0.159651 0.948168 0.999119 0.912136 1.375542 0.773557 0.260307 -0.008562 -0.001177 -0.013031 -0.006649 0.000008 0.009628 0.026466 0.051141 0.054705 0.098389 0.186537 -0.166160 -0.486185 -0.404641 -0.290827 -0.224089 0.000771 0.056501 0.043802 -0.000074 0.000236 0.000082 0.000110 0.001773 0.001977 0.024816 0.584909 0.726412 0.748505 0.424097 0.585860 0.398174 -0.087276 -0.317481 -0.276322 -0.211515 -0.006741 0.001468 0.002335 0.000879 0.000721 0.001337 0.359938 0.332888 0.270698 0.103166 -0.013940 -0.147626 -0.029015 -0.006698 -0.000360 0.000360
0.239443 0.335155 0.362720 0.703628 0.527410 0.302684 -0.147215 -0.001378 -0.002795 -0.024784 -0.006528 -0.000222 0.000486 0.001764 0.012658 0.028605 0.017013 0.284549 0.205445 0.228802 0.420228 0.409202 0.340611 0.000003 0.007738 0.124939 0.204527 0.120356 0.085728 0.207833 0.238942 0.304160 0.728511 1.008364 1.183769 0.770872 0.470488 0.334303 0.163131 -0.381676 -0.372484 -0.329578 -0.217989 -0.002508 0.003623 -0.104910 -0.161365 -0.211330 -0.233299 -0.252099 -0.163529 -0.176071 -0.315743 -0.666495 -0.965103 -0.027560 -0.006698 -0.000360 0.000360
0.211089 0.375364 0.134091 0.489610 0.516624 0.428071 0.391988 0.247961 0.116352 -0.067872 -0.007536 -0.000245 -0.000055 0.000522 0.025692 0.262197 0.103156 0.029944 0.129690 0.144037 0.131910 0.090681 -0.000326 0.000208 0.011449 0.068189 0.171078 0.119302 0.130676 0.669322 0.844035 1.810279 1.472650 1.479524 1.344297 0.587558 0.117786 0.029650 -0.092277 -0.444263 -0.716650 -0.863820 -0.333829 -0.353986 -0.336555 -0.437461 -0.295867 -0.138751 0.036902 0.130458 0.152989 0.161487 0.012403 0.000538 -0.126959 -0.018556 -0.001686 0.000124 0.000295
0.697956 0.385742 0.331764 0.264241 0.554037 0.447493 0.424705 0.368825 0.444689 0.793131 0.559963 0.569780 0.571796 0.604855 0.355121 0.315441 0.362105 0.271730 0.346731 0.333878 0.203727 -0.062719 0.000249 0.000854 0.001842 0.007140 0.003308 0.002088 0.000994 0.711354 0.814792 0.794017 0.786131 0.607042 0.255941 0.040573 -0.203217 -0.394102 -0.533143 -0.650330 -0.652463 -1.097661 -0.809716 -0.868987 -0.829728 -0.983492 -0.792311 -0.611059 -0.567578 -0.276010 -0.196898 -0.314907 -0.014802 -0.023932 -0.058648 -0.019437 -0.000083 0.009886 0.008273
0.270771 0.292860 0.212678 0.163750 0.290775 0.257531 0.302782 0.245381 0.286570 0.326492 0.342328 0.366233 0.373541 0.373812 0.477299 0.412076 0.657630 0.581891 0.878202 1.005976 1.136328 1.272633 0.998245 0.738290 0.700197 1.123923 0.884184 0.836014 0.833606 1.194281 0.956621 0.361499 0.177972 0.113268 -0.024082 -0.161351 -0.388712 -0.458741 -0.558818 -0.566557 -0.311875 -0.091099 -0.257840 -0.336053 -0.582359 -0.612113 -0.468429 -0.380452 -0.227242 -0.011411 0.068947 -0.151321 -0.032070 -0.000122 -0.009797 -0.012506 -0.015221 0.000008 0.029201
0.295241 0.343131 0.418309 0.164788 0.203352 0.107325 0.147979 0.160237 0.188908 0.216133 0.238400 0.264044 0.281752 0.243982 0.381653 0.367959 0.382468 0.834761 0.975549 1.204328 1.322495 1.404244 1.081917 1.403331 0.725026 1.225780 1.499544 1.306336 0.695739 0.439142 0.172974 -0.026007 -0.525949 -0.643846 -0.720232 -0.552275 -0.972275 -1.065929 -1.567366 -1.440334 -1.607813 -0.411462 -0.004821 -0.000694 0.107801 0.047857 0.109369 0.272697 0.512144 0.388649 0.275741 -0.019199 -0.020453 -0.002616 -0.003123 -0.008126 -0.000305 0.000398 0.020187
0.317902 0.437251 0.431785 0.213082 0.164140 0.363345 0.378913 0.514118 0.370862 0.432645 0.404947 0.423842 0.356825 0.286102 0.434420 0.399190 0.764209 0.688059 0.746432 0.579945 0.434901 0.285082 -0.053299 -0.000512 -0.000446 0.000257 0.015902 0.130086 0.081074 -0.000288 0.000130 0.000551 -0.240232 -0.566386 -0.963008 -0.643939 -0.643026 -0.987775 -1.083486 -1.807316 -2.606530 -1.187674 -0.000707 0.257902 0.472675 0.339602 0.343428 0.533107 0.591988 0.507350 0.281593 -0.076461 -0.391133 -0.007585 -0.000670 0.000015 0.000682 0.005340 0.004109
1.137534 1.028206 1.308594 0.642596 0.503848 0.446501 0.634344 0.395679 0.399344 0.563918 0.546177 0.622072 0.496235 0.548862 0.705149 0.923955 1.472192 0.896587 0.817619 1.073481 0.595827 0.557580 0.244269 -0.001315 -0.003216 -0.007145 -0.001204 0.000191 0.000333 0.000424 0.000420 0.006623 0.018358 0.114628 -1.057750 -1.053275 -0.877915 -0.760655 -0.748191 -0.663235 -1.289618 -0.955229 -0.473914 0.113605 0.870228 0.451539 0.451775 0.497342 0.530955 0.440694 0.392653 0.193393 0.174432 0.173567 -0.000604 0.000351 0.005885 0.004191 0.003601
0.448026 0.057416 -0.101543 0.188007 -0.119633 -0.136208 -0.058082 0.028831 0.162580 0.294132 0.280156 0.292061 0.288858 0.327036 0.602419 0.714212 0.693655 0.589233 0.464832 0.351367 0.275453 -0.141745 -0.025587 -0.009560 -0.002886 -0.023035 -0.022377 -0.000008 0.000204 0.000434 0.000525 0.005072 0.011304 0.009254 0.001197 -0.257111 -0.597726 -0.551101 -0.700694 -0.686626 -0.424877 -0.139422 0.179428 0.469669 1.236009 0.893942 0.951777 0.859537 0.706577 0.565534 0.466334 0.217450 0.193093 0.182872 -0.008251 0.000013 0.013604 0.032471 0.024019
0.025507 0.063350 0.913132 0.298143 0.200746 0.144070 0.143414 0.103738 0.231046 0.384080 0.409744 0.353687 0.316791 0.363397 0.598549 0.637389 0.599477 0.411412 0.123001 -0.138592 -0.444622 -0.928263 -0.016704 -0.005483 0.000001 -0.000747 -0.002142 -0.000279 0.000458 0.001743 0.000757 0.000000 0.006710 0.015733 0.021917 0.014220 0.014835 0.001758 0.035417 -0.142560 0.061677 0.402994 0.723356 0.990455 1.741047 1.744664 1.655870 1.662225 1.142383 1.046218 0.669250 0.587654 0.559338 0.201593 0.000345 0.000292 0.020393 -0.096248 -0.227184
0.142803 0.244948 0.209168 2.178271 1.285153 0.849110 0.584373 0.571124 0.444395 0.518457 0.373857 0.361509 0.195141 0.063435 0.580645 0.686824 0.752665 0.399743 0.326855 0.149092 -0.115714 -0.035532 -0.006887 -0.000579 0.000070 0.000061 -0.000774 -0.000234 0.000801 0.007846 0.024786 -0.000131 0.000367 0.000614 0.007067 0.010335 0.018547 0.015167 0.029839 0.476002 0.878955 1.055090 1.241719 1.404378 1.639059 1.421255 1.100841 0.381880 0.000928 -0.122962 -0.120324 -0.072839 -0.000189 0.402155 0.361153 0.207759 -0.375859 -0.701366 -0.479851
0.324180 0.188732 0.347282 2.113027 1.102355 0.999581 0.859188 0.672963 0.769787 0.968121 0.850152 0.933443 0.820185 0.767760 0.727580 0.677442 0.259046 0.178364 -0.022047 -0.026536 -0.075660 -0.020642 -0.012974 -0.006354 0.000000 0.000282 0.000453 0.000000 0.010002 0.017660 0.020513 -0.010597 -0.006796 -0.000289 -0.001341 0.000000 0.009756 0.023415 0.050304 0.730502 1.652622 1.495275 1.430977 1.349161 0.196049 -0.008060 -0.000407 -0.000082 0.000333 0.003526 0.017661 -0.019184 -0.008138 0.000006 0.329715 1.292061 0.941237 0.674573 0.357927
0.415759 0.292740 0.151995 -0.010615 -0.051004 -0.041352 0.039691 0.137207 0.307953 0.352463 0.285439 0.316425 0.390737 0.419188 0.396422 0.268249 -0.046008 -0.015211 -0.034343 -0.017724 -0.050336 -0.015002 -0.031365 -0.023173 -0.007893 0.000000 0.007826 0.014063 0.018032 0.032743 0.553909 0.216400 -0.039187 -0.032384 -0.022982 0.000000 0.005094 0.009311 0.051767 0.697185 1.485376 1.560612 0.575303 -0.179319 -0.007710 -0.004212 0.000000 -0.001231 -0.000261 0.006289 0.010222 0.000209 0.000325 0.000338 0.024157 0.314788 0.271811 0.169557 0.000816
0.357947 0.276262 0.178780 -0.452306 -0.382324 -0.362973 -0.210161 -0.079123 0.230656 -0.460052 -0.566727 -0.619107 -0.631753 -0.784182 -0.129645 0.058933 -0.104432 -0.120581 -0.017632 -0.038958 -0.054685 -0.108509 -0.019076 -0.006460 -0.000190 0.000134 0.013377 0.024320 0.023416 0.071477 0.526933 0.322114 -0.355797 -0.032798 -0.017236 0.000000 0.012326 0.022323 1.277821 0.550485 0.997511 0.190426 -0.693979 -0.330401 -0.066651 -0.049372 -0.031258 -0.014651 -0.008004 -0.000497 0.000072 0.006958 0.011798 0.002503 0.013717 0.037701 0.398470 0.401544 0.425869
0.143393 0.143761 0.099417 -0.281995 -0.312409 -0.202211 0.008357 0.241707 0.304606 0.779331 0.366982 0.146562 -0.051362 -0.321026 -0.042357 0.052954 -0.164265 -0.086683 -0.040613 0.000000 -0.044398 -0.110518 -0.023425 -0.009001 -0.000062 0.000087 0.007226 0.020563 0.020189 0.001474 0.027497 -0.082679 -0.157261 -0.429799 -0.009814 0.000000 0.007777 0.049328 2.254891 1.082342 -0.579967 -0.876505 -0.150315 -0.168458 -0.057693 -0.041677 -0.028913 -0.016018 -0.013534 -0.006320 0.000000 0.003663 0.009791 0.002067 0.015224 0.014216 0.022975 0.336874 0.358554
-0.000077 0.000008 0.000177 0.000418 0.008713 0.098674 0.052491 0.356152 0.455552 0.338739 -0.180693 -0.525186 -0.485800 -0.770961 -0.188243 -0.034604 -0.278962 -0.061546 -0.026834 -0.041790 -0.029867 0.002090 0.008863 0.000194 -0.000002 0.008769 0.044767 -0.125408 -0.246778 -0.181147 -0.116881 -0.066463 0.054947 0.096575 -0.000405 0.005644 0.017416 0.051294 0.398551 0.440528 -0.009510 -0.681055 -0.187492 -0.189190 -0.049496 -0.014890 -0.005004 -0.019675 -0.010654 -0.000395 0.000023 0.000284 0.002940 0.001874 0.017025 0.202955 0.239700 0.244706 0.361348
-0.016415 -0.003663 0.000000 0.005350 0.016819 0.220925 0.428033 0.660294 0.546567 0.063167 0.016391 0.194331 0.175403 -0.508548 -0.149930 0.072889 0.071446 -0.006820 0.000000 0.068159 -0.007149 0.014474 0.018950 0.065506 0.032350 0.161992 0.626817 0.119817 0.130932 0.284343 0.281285 0.224522 0.301939 0.200883 -0.000007 0.008197 0.035428 0.484126 0.472658 0.863287 0.270397 -0.659207 -0.298300 -0.322796 -0.378896 -0.021022 -0.001110 -0.001261 -0.000386 -0.000046 0.000200 0.129228 0.465394 0.086390 0.367779 0.536903 0.932631 1.909347 0.596927
-0.001665 -0.000622 -0.000067 0.000464 0.011471 1.067789 1.012335 1.141083 0.787473 -0.000360 0.000360 0.006813 -0.284237 -0.155680 -0.227317 -0.919578 -0.021662 -0.007143 0.000000 0.008319 0.166279 0.028415 0.046948 0.040954 0.044196 0.181975 0.923423 0.729147 0.585274 0.610760 0.518949 0.534935 0.449179 0.585857 0.443891 0.196346 1.004707 1.141207 1.633479 1.897502 0.802549 -0.616938 -0.943130 -0.524538 -0.161253 0.081020 -0.126309 -0.135343 -0.063210 -0.089633 -0.068216 0.074103 0.353290 0.326451 0.095823 0.106692 0.113448 0.152341 0.097734
0.103016 0.048958 -0.000095 0.000223 0.216679 0.690671 0.591846 0.449637 0.316440 -0.000360 0.000360 0.007359 0.187803 0.433854 0.407097 -0.521578 -0.016925 -0.005882 0.000000 0.009018 0.020178 -0.067687 -0.035143 -0.000394 0.000117 0.007432 0.296143 0.232098 0.136305 0.001733 -0.112249 -0.025585 -0.062872 0.000003 0.948871 1.107721 2.243929 1.787531 1.941219 1.221786 0.905128 0.109453 -0.177282 -0.214718 -0.083018 -0.100189 -0.575561 -0.191487 -0.053515 0.000268 0.142192 0.234244 0.145736 0.065104 -0.082064 -0.006665 0.000149 0.001055 0.011231
