use_cases/Flooding_chicago/flooding_data/output/hUx_600.asc
ncols 337
nrows 393
xllcorner 428428.000000
yllcorner 4602440.000000
cellsize 26.757400
NODATA_value -9999.000000
[rows 286 to 311 of 393, columns 59 to 117 of 337]
0.013844 0.012259 -0.065485 -0.102830 -0.122261 -0.147221 -0.193643 -0.292980 -0.031475 -0.002131 -0.013499 -0.047900 -0.124788 -0.025891 -0.010667 -0.000393 0.000378 0.009042 0.022496 0.071911 -0.037305 -0.008802 -0.000208 0.000326 0.011006 0.011622 0.070555 0.028144 0.051462 0.027457 0.045759 0.028948 -0.000360 0.000360 0.010240 0.077441 0.036168 0.031793 0.017969 0.020084 0.023384 0.103933 0.096843 0.078297 0.052237 0.046609 0.017881 0.005012 0.010678 0.005264 -0.000068 0.000014 -0.000261 -0.008022 0.000000 0.037814 -0.071362 -0.096835 -0.054892
0.021365 0.005634 -0.083017 -0.090341 -0.063816 -0.030696 -0.011307 -0.003693 -0.025695 -0.055313 -0.147276 -0.214807 -0.094313 -0.002201 -0.001129 0.000059 0.000439 0.000890 0.020259 0.145770 -0.030407 -0.017332 -0.005079 0.000007 0.007230 0.017456 0.056529 0.026110 0.022343 0.066693 0.052151 0.032821 -0.000360 0.000360 0.007395 0.134430 0.075297 0.062078 0.047814 0.042925 0.041884 0.029103 0.016257 0.053623 0.042668 0.009605 -0.166558 -0.217380 -0.312192 -0.780766 -0.620774 -0.091137 -0.072435 -0.000343 0.026756 -0.041093 -0.124541 -0.485641 -0.092273
0.031470 0.142571 -0.171096 -0.241804 -0.212511 -0.196011 -0.127355 -0.166173 -0.240276 -0.063805 -0.149367 -0.096865 -0.043847 -0.000593 -0.000150 0.000133 0.000260 0.010985 0.044650 0.210892 -0.099165 -0.045927 -0.006901 0.000000 0.011629 0.018762 0.191534 0.002478 0.005142 0.043964 0.041888 0.027650 0.007985 0.114283 0.306759 0.208620 0.147290 0.103392 0.359411 0.064810 0.053089 0.032298 0.017125 -0.000360 0.000360 0.022215 0.129736 0.001682 -0.020854 -0.013639 -0.021795 -0.001113 -0.001533 0.000243 0.001966 -0.340504 -0.376096 -0.510792 -0.126179
0.226223 -0.345617 -0.301980 -0.236986 -0.246523 -0.285899 -0.202959 -0.202156 -0.256056 -0.282220 -0.040069 -0.074027 -0.024317 -0.000340 -0.000122 0.000323 0.023542 0.112055 0.058296 -0.240432 -0.237172 -0.082581 0.002047 0.001218 0.000636 -0.078551 -0.062520 0.000196 0.037551 0.046266 0.030185 0.204807 0.274609 0.223124 0.290314 0.204420 0.147728 0.103109 0.120931 0.102295 0.042544 0.026706 0.018109 -0.000360 0.000360 0.047820 0.143151 0.164133 -0.065050 -0.152345 -0.139841 -0.001063 -0.001189 0.000000 0.016576 -0.089953 -0.324960 -0.132554 -0.088661
0.275143 -0.235793 -0.307520 -0.000975 -0.001059 -0.000433 0.000327 0.025744 0.011966 -0.114079 -0.132394 -0.353192 -0.079010 -0.000526 -0.000625 0.000355 0.004997 0.086067 0.458479 0.467987 0.252272 0.245279 0.011259 0.004504 0.097280 0.126306 0.473759 0.086325 0.081085 0.060224 0.271371 0.220206 0.155805 -0.000027 0.000038 -0.000268 0.000434 0.049666 0.036839 0.018064 0.012342 0.022076 0.038872 0.155230 0.150238 0.173666 0.026493 0.011247 0.012681 0.034440 0.107951 -0.017041 -0.016167 -0.001370 0.001812 0.003429 -0.004800 -0.006673 -0.017496
0.151056 -0.391136 -0.021114 -0.000468 -0.000681 -0.000715 0.000488 0.002756 0.001166 -0.097844 -0.120092 -0.025252 -0.067133 -0.044155 -0.031082 -0.000253 0.001394 0.105759 1.231154 -0.000767 0.000245 0.002340 0.005547 0.108557 0.135358 0.166750 0.385361 0.361461 0.108425 0.075015 0.030755 0.129472 -0.001441 -0.000511 0.001111 0.001095 0.000883 0.002635 0.002310 0.002702 0.002068 0.030887 0.040487 0.043361 0.114406 0.112542 0.032362 0.013921 0.047644 0.057811 0.171913 -0.007202 -0.009285 -0.001887 0.001290 -0.051541 -0.050009 -0.011583 -0.000003
-0.110640 -0.161452 -0.002756 -0.000336 0.002396 0.005156 -0.001798 -0.000175 0.000303 0.001172 -0.000807 -0.000217 0.000679 0.001178 0.031911 0.055716 0.095676 0.091099 0.054481 -0.001280 -0.000328 0.001111 0.022518 0.109061 0.048083 0.000000 0.030637 0.044677 0.055959 0.044697 0.020499 0.082868 -0.002015 0.000000 0.002022 0.011793 0.011685 0.009427 0.006877 0.007299 0.004075 0.039378 0.044691 0.047786 0.047916 0.331508 0.039765 0.015958 0.059684 0.069677 0.165020 -0.026979 -0.097414 -0.016414 -0.000009 0.013818 0.333780 -0.010757 -0.000208
0.104462 0.140907 0.209689 -0.000735 0.001212 -0.220531 -0.014312 -0.001333 -0.001127 -0.000000 0.001127 0.001333 0.004456 0.002504 0.038813 0.045639 0.051912 0.042041 0.000000 -0.015778 -0.001439 0.000794 0.019029 0.075307 0.008722 0.000000 0.018068 0.022740 0.022894 0.017295 0.159156 0.280207 -0.001727 0.000458 0.001544 0.008336 0.005529 0.026359 0.004542 0.005980 0.063341 0.055157 0.032540 0.022152 0.016614 0.029612 0.025978 0.111109 0.061766 0.018577 0.024929 0.063726 -0.003990 -0.005513 -0.000442 0.000225 -0.001102 -0.001406 -0.000755
0.245909 0.243572 0.245044 -0.000394 0.000689 -0.213245 -0.015812 -0.002768 -0.002806 -0.000000 0.002806 0.002768 0.012097 0.153195 0.073944 0.064381 0.055176 0.039324 0.000000 -0.017468 -0.002609 0.000319 0.000741 0.010896 0.242948 0.000000 0.044496 0.112170 0.014780 0.001573 0.081747 0.109616 -0.000786 0.000320 0.010430 0.007133 0.031699 -0.005573 -0.008804 0.000519 0.002396 0.000238 0.000207 0.000991 0.000842 0.026656 0.023604 0.073341 -0.025428 -0.111781 -0.104269 -0.003010 -0.005916 -0.003709 -0.000810 -0.001832 -0.005432 -0.006986 0.002754
0.209407 0.300345 0.320100 -0.000017 -0.047201 -0.131986 -0.010248 -0.002202 -0.002723 -0.000000 0.002723 0.002202 0.105641 0.111999 0.115697 0.122858 0.049825 0.016025 -0.029683 -0.137288 -0.014081 -0.000322 0.000407 0.010059 0.019796 0.050090 0.033044 -0.087398 -0.118955 0.000122 0.000815 0.050396 0.061097 0.000014 0.032147 0.173366 0.089966 0.073293 -0.010426 -0.004914 -0.001578 -0.000445 0.000851 0.002404 0.001888 0.002992 0.001991 0.001276 0.007804 -0.129272 -0.149171 -0.000120 0.054900 0.120182 0.168532 -0.007649 -0.016189 -0.000473 0.000270
0.001606 0.000674 0.164485 0.105692 0.213762 0.139363 -0.029893 -0.012396 -0.001072 -0.000000 0.001072 0.028504 0.046667 0.031031 0.030900 0.053878 0.029339 -0.001536 -0.041485 -0.148048 -0.017151 -0.000418 0.000592 0.003340 0.001685 0.027846 0.079904 0.004847 -0.000461 0.000090 -0.014479 0.004488 0.035861 0.032964 0.014397 -0.118768 -0.135734 -0.241432 -0.043619 -0.002169 -0.005403 0.000060 0.006621 0.007612 0.003810 0.003875 0.002150 0.001463 0.000826 0.048250 -0.159353 -0.287270 -0.338963 -0.259469 -0.052155 -0.225731 -0.057738 -0.000965 0.000000
0.049411 -0.002623 0.041818 -0.031197 -0.084599 -0.135456 -0.020454 -0.098407 -0.065637 -0.008974 0.000869 0.008709 0.367899 0.036081 -0.019338 -0.037606 -0.055493 -0.078908 -0.161142 -0.008581 -0.000437 0.000259 0.000903 0.001828 0.021290 0.052515 0.241500 0.304053 0.261566 0.441534 0.250461 -0.004516 0.013769 0.014110 0.039430 0.018932 -0.005199 -0.021330 -0.011853 -0.001317 -0.000568 0.001186 0.012812 0.010143 0.036103 0.145465 0.072440 0.142654 0.193708 0.117025 -0.216101 -0.384053 -0.471995 -0.460098 -0.400225 -0.030791 -0.005174 -0.007613 -0.000270
0.280218 0.009137 -0.043535 -0.018882 -0.029677 -0.096874 -0.352549 -0.162656 -0.055040 -0.010663 -0.004747 0.007136 0.001960 0.001014 0.002269 0.001156 -0.005742 -0.010126 -0.001618 -0.002968 -0.000009 0.008321 0.019912 0.227620 0.000460 0.000065 0.000297 0.015526 0.222327 0.533577 0.231082 -0.003136 0.006482 -0.131349 -0.119249 -0.096250 -0.010242 -0.040372 -0.023396 -0.003082 -0.001597 0.002679 0.002651 0.022919 0.047316 0.394509 0.418708 0.043926 -0.000726 0.000079 0.001435 0.001395 0.009732 -0.857419 -0.065240 -0.003020 -0.003999 0.000667 0.001151
0.011746 0.183889 0.119066 0.163160 0.182045 -0.019338 -0.046403 -0.023657 -0.008093 -0.001387 -0.000813 0.000287 0.000429 0.001231 0.015597 0.138160 0.038856 0.009473 -0.006568 -0.001487 0.001233 0.022632 0.115936 0.050313 0.032467 -0.000376 0.000376 0.010167 0.018378 0.014926 0.045351 0.000000 0.025844 0.547328 0.424635 -0.004657 -0.219016 -0.043036 -0.002685 -0.004865 -0.004379 0.000000 0.012923 0.033799 0.032653 0.374158 0.356213 0.038772 -0.002067 -0.001843 0.000894 0.001720 0.059126 -0.488188 -0.123302 -0.003415 -0.001348 0.002870 -0.092980
0.002731 0.003451 0.004378 -0.000890 -0.009191 -0.030984 -0.011923 -0.001662 -0.001123 -0.002775 -0.001605 -0.001300 0.000000 0.008531 0.022675 0.005238 -0.000747 -0.024196 -0.043132 -0.001242 0.001405 0.031051 0.176238 0.082569 0.045474 -0.000723 0.000723 0.016084 0.030275 -0.006424 -0.006830 0.000000 0.017439 0.587909 0.628926 0.144217 0.061472 -0.010867 -0.001851 -0.003253 -0.003453 0.000000 0.012372 0.031185 0.042940 -0.010437 -0.039806 -0.027172 -0.053180 -0.003799 -0.000366 0.004139 0.003264 -0.042258 -0.129759 -0.010640 0.000000 0.014331 0.383261
0.003338 0.002380 0.002270 -0.002540 -0.017017 -0.012577 -0.016197 -0.010313 0.000000 0.002314 0.002978 0.002350 0.000672 0.001358 0.004923 0.003009 0.010759 0.003397 -0.001710 -0.001191 0.001909 0.011988 0.006684 0.031739 0.021647 -0.000376 0.000376 0.014636 0.030835 0.046025 0.524986 0.522134 0.414999 0.268754 0.147146 0.018889 -0.028988 -0.007895 -0.011426 -0.009128 -0.000925 0.000125 0.001303 0.016074 0.078978 0.068407 -0.070394 -0.001010 -0.002154 -0.003309 0.002276 0.006702 0.005144 -0.008187 -0.087214 -0.006866 0.000000 0.008374 0.382258
0.003328 0.002433 0.042911 -0.178593 -0.102917 -0.016294 -0.007935 -0.001287 -0.000361 0.000438 0.001303 0.002384 0.000855 0.000645 0.001437 0.039422 -0.606138 -0.099238 -0.001697 -0.001526 0.001778 0.001697 0.015615 0.100228 0.465757 -0.000364 0.000109 0.001528 0.003113 0.001640 0.015052 0.227648 0.157894 0.189746 0.069064 -0.065803 -0.043455 -0.004889 -0.003413 0.000478 0.000725 -0.000131 0.000706 0.003543 0.001283 -0.016470 -0.004484 0.000032 0.001899 0.001902 0.001082 0.000555 0.008096 0.058945 -0.047441 -0.095721 -0.000341 0.032441 -0.011442
0.013814 0.024949 -0.104357 -0.124248 -0.033609 -0.072000 -0.025770 -0.014164 -0.000269 -0.000010 0.000559 0.001523 -0.001988 -0.007702 -0.008329 -0.072889 -0.271056 -0.128369 -0.041590 -0.000770 0.000311 0.000972 0.009100 0.026283 0.066626 -0.000119 0.000074 -0.032242 -0.041589 0.000054 0.025151 0.094952 -0.102300 -0.263842 -0.503437 -0.666781 -0.046141 -0.002171 0.000440 0.086226 0.060225 -0.062552 -0.010773 -0.000754 -0.001002 -0.000157 0.000220 0.001055 0.005141 0.003145 0.003374 0.002290 0.251475 0.208836 0.062985 -0.017825 -0.003845 -0.000336 0.000388
0.000884 0.040471 -0.006503 -0.020967 -0.036083 -0.046139 -0.087921 -0.009019 -0.002630 -0.009982 -0.015510 -0.044766 -0.031852 0.013992 0.030200 0.142915 0.177372 0.237395 0.018363 0.003228 0.000887 0.003016 0.003099 0.160972 0.233305 0.155674 -0.040714 0.007052 0.073972 -0.053026 -0.000507 0.000446 0.000466 0.024134 0.017931 -0.011204 -0.016448 -0.001671 0.001238 0.046841 0.053155 0.022261 -0.101495 -0.017497 -0.007309 -0.000222 0.000222 0.008373 0.007532 0.083373 0.151430 0.207725 0.192915 -0.001269 -0.001167 -0.004715 -0.010219 -0.006782 -0.000745
0.002254 0.058399 0.021863 -0.010410 -0.053267 -0.083663 -0.126977 -0.207349 -0.086906 -0.027704 -0.045844 -0.404779 -0.132842 -0.006487 0.000000 0.001165 0.001032 0.027385 0.079422 0.023479 0.004587 0.106735 0.197403 0.264672 0.275152 0.954482 0.659082 0.534156 0.267664 0.193014 -0.011509 -0.000140 0.000140 0.009221 0.029247 -0.006657 -0.013415 -0.001833 0.000869 0.005156 0.053825 0.085271 0.081859 -0.022958 -0.008478 -0.000103 0.000103 0.007240 0.006818 0.028854 0.494419 -0.001065 -0.001257 -0.001524 -0.000416 0.000078 -0.001413 -0.003721 -0.000981
0.053913 0.015378 -0.012869 -0.031568 -0.040496 -0.065650 -0.127288 -0.011263 -0.004729 -0.011204 -0.015661 -0.017139 -0.000759 -0.001091 -0.000047 0.000919 0.000956 0.014973 0.061668 0.025857 0.168627 0.167668 0.148068 -0.000288 0.000280 0.119236 0.076403 0.058334 0.011937 -0.060772 -0.013055 -0.000376 0.000376 0.008231 0.010019 0.062675 0.013980 -0.003122 -0.000452 0.000813 0.001659 0.133597 0.167244 0.167608 0.053757 0.019364 -0.001326 -0.000911 0.003301 0.002556 -0.000016 0.000003 0.006034 0.037463 0.004282 -0.001156 -0.000936 -0.001754 -0.002089
0.028172 -0.075459 -0.073455 -0.062069 -0.008115 -0.010841 -0.001582 -0.002999 -0.000218 -0.005148 -0.009199 -0.002447 0.000352 0.000440 0.000299 0.001100 -0.000145 0.001089 0.010517 0.013728 0.008846 0.001418 -0.000467 -0.000228 0.000536 0.019723 0.111936 0.015964 -0.025327 -0.110467 -0.014599 -0.000723 0.000723 0.008002 0.051763 0.006643 -0.007047 -0.004781 -0.005683 -0.000007 0.015027 0.270322 0.700892 0.110249 0.068075 0.028490 -0.001406 -0.000799 0.000259 -0.000364 -0.000326 0.000208 0.006364 0.024387 0.002113 -0.000748 -0.000104 0.000596 -9999.000000
0.011815 -0.023219 -0.014106 0.004287 0.008192 -0.201842 -0.009457 -0.000629 0.000122 -0.000941 -0.002946 -0.001291 0.000329 0.000309 -0.033102 -0.002935 -0.000815 0.000046 0.003237 0.002515 -0.001593 -0.005243 -0.001116 0.000209 0.001208 0.009680 0.009194 0.006029 -0.014617 -0.097719 -0.015118 -0.000376 0.000376 0.010801 0.032929 -0.003073 -0.039294 -0.008163 -0.000518 -0.000236 0.000422 0.000415 0.004064 0.063379 -9999.000000 -9999.000000 -9999.000000 -9999.000000 -9999.000000 -9999.000000 -9999.000000 -9999.000000 -9999.000000 -9999.000000 -9999.000000 -9999.000000 -9999.000000 -9999.000000 -9999.000000
0.056443 0.157346 0.158425 0.169344 0.014821 0.025975 0.025721 -0.000145 0.000082 -0.024228 -0.027389 -0.000092 -0.068559 -0.099893 -0.111208 -0.002998 -0.002542 0.000001 -0.000503 -0.005005 -0.011864 -0.013358 -0.001047 0.001075 0.012140 0.020421 0.018390 0.014508 0.010017 0.003355 0.000000 0.000321 0.000395 -9999.000000 -9999.000000 -9999.000000 -9999.000000 -9999.000000 -9999.000000 -9999.000000 -9999.000000 -9999.000000 -9999.000000 -9999.000000 -9999.000000 -9999.000000 -9999.000000 -9999.000000 -9999.000000 -9999.000000 -9999.000000 -9999.000000 -9999.000000 -9999.000000 -9999.000000 -9999.000000 -9999.000000 -9999.000000 -9999.000000
0.000935 0.000352 0.000572 0.000324 0.021641 -0.235336 -0.275446 -0.335923 -0.458811 -0.200522 -0.167959 -0.000004 -0.055288 -0.071215 -0.104267 -0.070145 -0.050473 0.000000 -0.078381 -0.088467 -0.011344 -0.018855 -0.001148 0.001170 0.168603 0.187470 0.037249 0.014246 0.007821 0.003530 0.000000 0.001861 0.001609 -9999.000000 -9999.000000 -9999.000000 -9999.000000 -9999.000000 -9999.000000 -9999.000000 -9999.000000 -9999.000000 -9999.000000 -9999.000000 -9999.000000 -9999.000000 -9999.000000 -9999.000000 -9999.000000 -9999.000000 -9999.000000 -9999.000000 -9999.000000 -9999.000000 -9999.000000 -9999.000000 -9999.000000 -9999.000000 -9999.000000
-0.001053 -0.001916 -0.002556 0.000000 0.005878 -0.372158 -0.246711 -0.299537 -0.502506 -0.344694 -0.399842 -0.200463 -0.220025 -0.201364 -0.397694 -0.367413 -0.468638 -0.301170 -0.247936 -0.148071 -0.193678 -0.040552 -0.001268 0.001371 -0.034351 -0.041050 -0.077751 -0.000067 0.000464 0.007524 0.003534 0.004895 -9999.000000 -9999.000000 -9999.000000 -9999.000000 -9999.000000 -9999.000000 -9999.000000 -9999.000000 -9999.000000 -9999.000000 -9999.000000 -9999.000000 -9999.000000 -9999.000000 -9999.000000 -9999.000000 -9999.000000 -9999.000000 -9999.000000 -9999.000000 -9999.000000 -9999.000000 -9999.000000 -9999.000000 -9999.000000 -9999.000000 -9999.000000
