use_cases/Flooding_chicago/flooding_data/output/hUx_3060.asc
ncols 337
nrows 393
xllcorner 428428.000000
yllcorner 4602440.000000
cellsize 26.757400
NODATA_value -9999.000000
[rows 156 to 181 of 393, columns 118 to 176 of 337]
0.000000 0.010999 0.325694 0.294557 0.284564 0.193862 0.070078 0.044663 0.040047 -0.135036 -0.260137 -0.503287 -0.662827 -0.981846 -0.837266 -0.354256 0.040915 0.090798 0.069288 0.092978 0.071026 -0.113223 -0.040386 -0.007862 -0.000671 -0.000350 0.000607 0.009329 0.022831 1.555656 0.928550 0.785490 0.726846 1.145208 1.367827 1.370799 1.031083 1.193416 2.772863 2.611146 4.533253 4.214420 5.205513 5.015916 6.001505 5.577078 5.547002 4.723099 5.019318 3.867148 2.496132 1.636151 1.069514 0.030245 0.012626 0.476450 1.733175 1.578727 1.246066
0.009164 0.545690 0.975042 0.562088 0.457092 0.166286 0.145782 0.155402 0.303629 0.182812 0.026789 -0.273480 -0.446411 -0.464136 -0.292233 -0.152844 -0.034686 0.179627 0.203694 0.122890 0.028185 -0.339241 -0.005280 -0.000808 -0.000362 0.000046 0.000360 0.010183 0.256931 -0.679895 -0.486888 -0.066890 0.141826 0.784094 1.442058 1.539273 1.450454 1.894660 1.212355 3.001117 3.941354 3.573714 3.681026 3.805639 3.972152 3.961102 3.517215 5.177034 4.427621 3.648066 2.878341 1.652066 2.011937 1.878510 2.566187 3.025842 2.909914 2.455882 1.771655
0.008916 0.202662 0.106869 -0.016055 -0.013976 0.000000 0.008346 0.629939 1.058738 0.520811 0.428949 0.342279 0.072734 -0.182552 -0.056316 0.317208 1.008157 1.155657 1.235110 1.055503 0.817984 0.179618 -0.018675 -0.000021 0.007735 0.046100 0.005291 0.009969 0.386348 -0.250988 0.157835 0.739451 1.141493 2.138747 2.317562 2.299244 2.246495 2.069857 1.334386 2.981493 6.548624 3.706421 3.215785 3.186293 1.944668 3.790931 3.973917 3.511892 3.263889 2.654775 2.219376 1.440290 2.352983 2.819639 3.709301 3.738845 3.322192 0.902963 1.085428
0.499061 1.009619 0.441988 0.315676 -0.000330 0.000270 0.308882 0.738553 0.851680 0.317981 0.203295 0.097223 0.136288 0.333822 0.852154 1.447669 2.183397 3.465822 3.437436 3.292566 3.183564 2.698999 2.085848 0.742085 0.549733 2.264455 2.266048 2.744104 5.521262 4.630973 4.446138 4.521506 4.072051 4.668181 4.118468 3.659425 3.234546 2.622388 4.550550 3.105808 4.551723 1.479157 0.816481 1.509147 1.853715 2.147030 3.394772 3.282486 3.125328 2.958734 3.020270 3.263862 3.905939 3.499275 3.191107 2.743926 1.991086 0.784009 0.779276
0.884943 0.984871 0.549848 0.418352 0.351489 0.302206 0.134868 0.078125 -0.003457 -0.004865 0.001740 0.227026 0.335304 0.593144 1.674030 2.964535 3.778983 6.397406 6.056617 6.448206 6.109070 5.882231 6.732543 5.898836 5.151431 5.183243 4.982523 5.014163 8.946666 7.997663 7.894898 7.657996 6.551081 6.443118 5.042212 4.040174 2.889518 3.355746 3.411120 3.164180 0.784756 -0.000292 0.000104 -0.000074 0.000977 0.002213 0.903625 1.093747 1.242621 2.110516 3.172238 3.568222 3.240206 1.274536 0.642732 0.212005 0.136050 -0.001933 -0.001093
0.300873 0.924224 -0.000228 0.000216 0.107524 0.071952 0.019251 -0.114209 -0.238652 -0.004737 0.002486 0.007336 0.732560 1.494324 2.983816 3.370023 4.285488 6.099052 5.630676 5.732549 5.709861 6.541842 6.967925 7.268657 6.926898 5.434011 5.291947 5.271707 4.973989 6.488713 5.054349 4.290136 3.651170 4.199829 4.182665 4.119705 3.434768 3.301042 2.728373 1.614551 -0.035982 -0.006437 -0.000117 0.000075 0.000248 0.000793 0.034305 0.873448 0.986931 0.497753 0.419552 -0.000928 0.000259 0.000313 -0.028798 -0.042171 -0.094235 -0.026667 -0.006056
0.120805 -0.024883 -0.000331 0.000393 0.038998 0.255193 0.131626 0.133931 0.065496 0.000024 0.011168 0.029298 1.128139 1.906558 3.225137 3.710797 4.498988 4.171585 3.158459 2.740527 3.169730 3.384598 3.518514 4.352491 5.013757 5.144198 4.865722 4.546371 4.028293 3.201366 2.690904 1.105683 1.031727 1.045805 1.306682 1.037139 1.013533 -0.234231 -0.089221 -0.124073 -0.077256 -0.025870 -0.005716 0.000000 0.006570 0.022924 0.040399 0.117799 0.070276 -0.043360 -0.027850 -0.012129 -0.000003 0.011096 0.023213 -0.041938 -0.122382 -0.028037 -0.012536
0.158621 -0.000554 -0.000247 0.000569 0.082553 0.496021 0.216373 -0.276777 -0.039496 0.000654 0.065206 1.062417 2.247645 2.530324 3.683737 3.720583 3.829374 2.620737 1.184695 -0.049347 -0.008436 -0.000435 0.000744 0.002172 -0.000946 -0.002276 -0.000919 0.015981 0.018919 0.009938 0.000124 0.037032 -0.232640 -2.860845 -3.151245 -2.488292 -0.026153 -0.009453 -0.009866 -0.062154 -0.057302 -0.022527 -0.006081 0.000000 0.006318 0.019327 0.094787 0.115422 0.020422 -0.020634 -0.020415 -0.008486 -0.000120 0.001077 0.009419 0.055726 -0.036453 -0.037142 -0.009532
0.179023 -0.008913 0.020931 0.065140 0.078169 0.063534 0.038627 -0.130856 -0.028179 0.376904 0.821820 2.548208 2.785961 2.891711 3.535777 2.597533 2.121807 0.290649 -0.030971 -0.010801 -0.000103 0.000103 0.009392 0.015830 -0.000871 -0.007362 -0.021124 -0.013091 0.013598 0.011132 0.002281 0.010325 0.035449 -0.203209 -0.332053 -0.099622 -0.014773 -0.004901 0.000005 -0.135715 -0.073995 -0.037074 -0.008262 0.000000 0.003663 0.038229 0.089410 0.033801 0.000088 -0.000517 -0.000039 0.000243 0.001405 0.015561 0.029189 0.097605 -0.001069 -0.050097 -0.021374
-0.207389 -0.210922 -0.022380 0.193883 0.271427 0.119563 0.096653 0.807240 1.150846 2.040893 2.581225 4.387639 5.033244 4.788920 6.017335 4.073922 2.537036 -1.301054 -0.007650 -0.003946 -0.000222 0.000222 -0.003315 -0.000345 0.000107 -0.009797 -0.033623 -0.039868 0.010823 0.028359 0.003881 0.001219 0.001072 -0.099080 -0.302788 -0.204910 -0.005685 -0.000326 0.000208 -0.016540 -0.055042 -0.104631 -0.049314 -0.002697 0.002309 0.028741 0.036110 -0.025946 -0.050886 -0.011989 -0.000000 0.006650 0.021331 0.040803 0.007635 0.196031 0.088448 -0.036685 -0.004728
0.277791 0.513833 0.846519 1.214267 1.391755 1.448954 1.208356 2.729062 3.348917 4.322245 5.378007 5.436431 6.748053 7.143683 7.121065 5.615477 2.718045 -0.292915 -0.478541 -0.129869 -0.046367 -0.091210 -0.029211 -0.012670 -0.000130 0.000130 -0.063531 -0.060259 -0.044668 -0.001130 0.000073 0.008685 0.020177 -0.128268 -0.358236 -0.342217 -0.033530 -0.007002 0.000003 -0.024944 -0.010398 -0.069583 -0.046001 -0.000932 0.000470 0.010436 -0.004923 -0.042827 -0.045316 -0.018449 -0.000006 0.009543 0.037506 0.078448 0.553276 0.423241 0.206077 -0.021153 -0.005048
1.711270 2.339071 2.490113 2.950297 3.664831 3.509059 3.420987 3.686224 4.570709 4.432357 4.617551 5.579927 5.417491 7.085907 6.541750 3.012325 -0.111982 -0.146261 -0.101361 -0.041630 -0.003454 -0.005820 -0.033787 -0.007238 -0.000360 0.000360 0.009929 -0.007857 -0.068528 -0.015919 -0.000416 0.000350 0.012515 -0.070535 -0.196079 -0.279936 -0.329545 -0.022880 -0.027957 -0.039826 -0.003208 -0.004411 -0.007292 -0.001085 -0.000589 -0.000006 -0.000382 -0.005559 -0.040147 -0.026253 -0.000103 0.001615 0.035223 0.104498 -0.280980 -0.255939 -0.046849 -0.039223 -0.030859
2.202855 2.889469 3.690373 4.635375 4.935706 4.957543 5.003028 4.551596 4.372168 4.117017 4.018931 4.524964 4.192351 4.004285 1.582530 -1.088648 -0.045664 -0.060805 -0.160756 -0.164991 -0.015691 -0.003224 -0.014757 -0.009515 -0.000360 0.000360 0.013925 -0.089434 -0.255762 -0.025476 -0.000907 0.000620 0.012351 0.051416 -0.045455 -0.246224 -0.483669 -0.219443 -0.088831 -0.040095 -0.021875 -0.006822 -0.020252 -0.010192 -0.000572 -0.000326 0.000046 0.000364 0.001262 0.000669 0.000797 0.003970 0.026869 0.044281 0.130059 -0.133206 -0.097636 -0.041156 -0.021528
2.994551 3.772845 4.114567 5.048096 5.134422 5.277891 5.839755 4.812932 4.628753 5.051806 4.762176 4.989827 5.065066 3.430832 1.839030 0.016905 -0.420921 -0.078726 -0.099450 -0.658592 -0.010192 -0.002463 -0.003889 -0.000382 0.000558 0.000010 0.015922 0.027366 -0.102122 -0.016694 -0.000898 0.000248 0.024100 0.107701 0.047022 -0.180090 -0.437192 -0.329494 -0.155631 -0.104622 -0.083233 -0.060318 -0.036319 -0.024406 -0.006229 -0.000000 0.000334 0.000306 0.000845 0.000838 0.000533 0.016968 0.026260 0.046229 0.104004 -0.090175 -0.084146 -0.023411 -0.017923
3.627986 5.805849 6.284838 6.575683 7.461078 7.411592 8.078715 7.103755 7.487321 6.689593 7.456100 5.378994 5.345873 3.206770 2.029298 -0.189195 -0.497369 -0.352642 -0.111888 -0.589855 -0.560482 -0.025841 -0.010310 -0.000012 0.030517 0.029278 0.400155 0.311028 0.081376 -0.438053 -0.030087 0.000000 0.023509 0.066684 0.016074 -0.005428 -0.062320 -0.281801 -0.267521 -0.185888 -0.148270 -0.117814 -0.079615 -0.042183 -0.008320 -0.000008 0.000580 0.000603 0.000646 0.000009 0.011412 0.020803 0.028003 0.084211 0.119143 0.011611 -0.168563 -0.022911 -0.025404
7.657245 8.470150 8.473153 7.852797 7.546898 7.294290 7.571069 7.225356 6.482863 5.206621 4.499187 3.842581 3.234429 2.258235 -0.089607 -0.029613 -0.022773 -0.020051 -0.080844 -0.136227 -0.969088 -0.281502 -0.099609 -0.036838 -0.000001 0.085210 0.371477 0.286818 0.175294 -0.037794 -0.007494 0.000004 0.010277 0.034111 0.096137 0.023295 -0.001774 -0.024009 -0.154104 -0.234087 -0.191195 -0.169026 -0.132441 -0.092464 -0.029759 -0.000422 -0.000101 0.000080 0.000287 0.000387 0.007538 0.009627 0.013845 0.079327 0.161849 0.106914 -0.071210 -0.027569 -0.009131
8.556331 7.788630 6.927609 6.131651 4.196453 4.301230 4.554149 4.437880 3.602983 2.343693 1.423925 0.649604 -0.027617 -1.536259 -0.010542 -0.000388 -0.000372 0.000145 0.000492 0.000861 -0.432626 -0.664733 -0.022331 -0.002315 -0.000043 0.002023 -0.075852 -0.223638 -0.055437 -0.006608 -0.000323 0.000216 0.010752 0.037588 0.091273 -0.008081 -0.004899 -0.001753 -0.003909 -0.032174 -0.043675 -0.020515 -0.011517 -0.075869 -0.079899 -0.036247 -0.000474 -0.000973 -0.001222 0.003164 0.002607 0.035947 0.178942 0.060745 0.028101 -0.015837 -0.092822 -0.029358 -0.015096
5.606841 4.727886 3.628255 1.825109 0.894717 1.164320 1.849586 1.679847 1.521990 1.083036 0.988409 0.684006 0.233121 -0.227233 -0.010814 -0.000609 -0.000540 0.000540 0.000609 0.193455 0.819915 -0.122496 -0.037015 -0.024084 -0.000049 0.014160 0.018101 -0.120300 -0.091561 -0.013138 -0.000965 0.000392 0.007144 0.030965 0.035260 -0.077777 -0.046126 -0.009914 -0.000711 -0.001649 -0.020087 -0.009222 -0.001974 -0.004601 -0.008034 -0.012813 -0.005691 -0.005378 -0.001073 0.001361 0.033224 0.074782 0.030057 0.024522 0.002485 -0.011732 -0.073981 -0.031808 -0.022991
2.833873 2.009903 0.712996 0.001871 0.000977 0.148537 0.703336 0.749216 0.789553 0.652086 0.989222 0.069266 -0.752372 -0.334203 -0.032495 -0.008421 -0.000369 0.000369 0.018221 -0.144883 -0.217563 -0.047513 -0.036070 -0.003545 -0.000632 0.000340 -0.024791 -0.130762 -0.112199 -0.002981 -0.004242 -0.000269 0.001180 0.013141 0.027667 -0.011068 -0.008619 -0.000652 -0.001552 -0.001397 -0.001102 -0.001747 -0.002433 -0.006157 -0.013418 -0.018934 -0.015357 -0.011125 -0.000837 0.000898 0.025238 0.065205 0.011686 0.002043 0.000693 0.008457 0.029498 0.000176 -0.083297
1.144354 0.600699 0.142246 -0.005273 -0.045988 -0.244107 -0.350733 -0.178334 -0.001112 0.017699 0.026678 0.034495 -0.181116 -0.469377 -0.019228 -0.005315 -0.000429 -0.000653 -0.002279 -0.132645 -0.077787 -0.044590 -0.041277 -0.038300 -0.009590 -0.000000 0.006388 0.010277 -0.066830 -0.004499 -0.009924 -0.011425 -0.002358 -0.001038 -0.002842 -0.018906 -0.008301 -0.000896 -0.002717 -0.000872 -0.000808 -0.000804 -0.001306 -0.002015 -0.002281 0.000000 -0.000026 -0.000990 -0.000401 0.000412 0.005185 0.001224 -0.000979 -0.000015 0.001118 0.011551 0.018503 0.004369 -0.028843
0.853393 0.182164 -0.120371 0.006003 0.042807 0.099606 -0.177708 -0.332519 -0.216320 -0.028255 -0.010879 0.127222 0.024959 -0.420179 -0.061064 -0.045472 -0.051784 -0.063638 -0.036493 -0.006693 -0.036581 -0.019892 -0.004314 -0.013351 -0.007726 -0.000000 0.009433 0.018325 -0.128967 -0.189313 -0.009941 -0.020754 -0.011527 -0.014727 -0.037984 -0.017379 -0.008261 0.000000 -0.002205 -0.000733 -0.000114 0.000623 0.000303 -0.000819 -0.001585 -0.000664 0.000030 0.004710 0.001567 -0.001619 -0.008636 -0.030034 -0.010960 0.000000 0.013696 0.026370 0.025475 0.023686 0.093628
-0.771690 -0.290259 -0.146923 -0.001596 -0.001977 -0.113911 -0.556873 -0.340496 -0.444646 -0.177925 0.028699 -0.190919 -0.307249 -0.021528 0.062713 -0.482357 -0.090338 -0.045056 -0.012714 -0.000475 -0.056424 -0.086542 -0.041246 -0.012976 -0.013087 -0.000000 0.007524 0.024793 0.328882 -0.037042 -0.068328 -0.039513 -0.021684 -0.032460 -0.071538 -0.030333 -0.012008 0.000000 0.000818 0.000318 0.000556 0.000608 0.000233 0.000280 0.000893 0.008454 0.000001 0.145134 1.280447 -0.049980 -0.046926 -0.026316 -0.004433 -0.000440 0.004773 0.028832 0.029850 0.031150 0.139602
-0.077063 -0.054698 -0.097096 -0.003557 -0.004271 -0.209834 -0.784708 -0.824854 -0.649056 -0.395899 -0.081716 -0.447193 -0.653386 -0.536061 -0.613735 -0.796431 -0.079665 -0.040638 -0.019610 -0.008125 -0.016594 -0.041413 -0.029140 -0.084422 -0.021118 -0.000004 0.013098 0.027090 0.020055 0.085733 -0.045796 -0.082818 -0.008656 -0.017449 -0.059499 -0.022463 -0.000827 0.000209 0.002301 0.001087 0.000495 0.095669 0.107146 0.600706 0.780298 0.937413 0.906025 1.285233 1.127389 0.427352 0.225573 -0.027795 -0.017604 -0.000030 0.023722 0.055916 0.110946 0.184119 0.218878
-0.005993 -0.053308 -0.138395 -0.001063 0.000278 0.000512 -0.576993 -0.669041 -0.498646 0.111922 0.463885 0.311361 0.025245 -0.421044 -0.828586 -0.168787 -0.022276 -0.037027 -0.028042 -0.010445 -0.003605 -0.013974 -0.048254 -0.025021 -0.023213 -0.000172 0.000488 0.017446 0.637849 0.279039 -0.455483 -0.044986 -0.000745 -0.000642 -0.001041 -0.000163 0.001217 0.021595 0.112464 -0.032056 -0.070458 0.206368 0.592551 0.810117 0.238897 0.419483 0.621563 0.494452 0.299938 0.021997 -0.331723 -0.092696 -0.019850 -0.000644 0.000636 0.010299 0.025276 0.041929 0.046242
0.020887 -0.157954 -0.451114 -0.006318 0.000000 0.008382 0.222178 -0.301990 -0.215487 0.038442 0.362030 0.421449 0.404791 -0.118855 -0.495449 -0.451597 -0.237008 -0.004727 -0.015675 -0.034057 -0.030277 -0.026662 -0.021778 -0.023237 -0.008251 -0.000005 0.007542 0.016623 -0.590853 -0.256949 -0.511822 -0.021626 -0.008059 -0.000473 0.000270 0.004805 0.003304 0.018536 0.567814 0.534777 0.454427 0.463947 0.135852 0.002358 0.001638 0.185575 0.149598 0.039063 -0.265179 -0.267873 -0.316409 -0.076614 -0.027126 -0.001929 0.001012 0.002018 0.016204 0.056985 0.011411
0.123019 -0.151466 -0.584920 -0.003663 0.000000 0.005378 0.014854 0.515325 0.446722 0.415431 0.210518 0.327835 0.320347 -0.006026 -0.027841 -0.094124 -0.172158 -0.263306 -0.365867 -0.054828 -0.045309 -0.035930 -0.011868 -0.001197 -0.000631 0.000291 0.005338 0.036290 -0.035257 -0.136169 -0.024490 -0.019182 -0.012544 -0.000965 0.000000 0.000965 0.029710 0.261498 0.113733 0.093516 0.165559 0.097011 -0.020395 -0.000334 0.000674 -0.209513 -0.292039 -0.335650 -0.576629 -0.642453 -0.599335 -0.020679 -0.002842 -0.002795 0.002347 0.003452 0.031000 0.041148 0.010452
