use_cases/Flooding_chicago/flooding_data/output/hUx_660.asc
ncols 337
nrows 393
xllcorner 428428.000000
yllcorner 4602440.000000
cellsize 26.757400
NODATA_value -9999.000000
[rows 104 to 129 of 393, columns 177 to 235 of 337]
-0.035320 -0.068642 -0.183305 -0.039934 -0.016669 -0.001285 -0.009132 -0.004142 0.000000 0.003070 0.002095 0.013959 0.022954 0.034459 0.030549 0.045796 0.518153 0.805045 0.312131 0.259853 0.127766 -0.085086 -0.212089 -0.287505 -0.062505 -0.188023 -0.422358 -0.645307 -0.790229 -0.342070 -0.333612 -0.233858 -0.021704 -0.028307 -0.006506 -0.000001 0.008953 0.148984 0.421875 0.060887 0.036158 0.070398 0.254838 0.073923 -0.021114 -0.118773 -0.000640 0.000806 -0.369364 -0.142378 0.000047 -0.001831 0.000396 0.006295 0.047639 0.864372 -0.001631 0.002320 0.001549
0.000282 0.001142 0.000551 -0.002490 -0.001219 -0.002174 -0.021715 -0.020365 -0.006824 -0.000034 0.000688 0.008634 0.056814 0.354551 1.493381 1.248153 1.282024 1.052810 0.922506 0.401758 0.182400 -0.071529 -0.221006 -0.240137 -0.139413 -0.267611 -1.246914 -0.501012 -0.014680 -0.000024 -0.153223 -0.192185 -0.198116 -0.087556 -0.006027 -0.000058 0.000792 0.009946 0.101522 0.044220 0.021117 0.045053 0.215731 0.206082 -0.093549 -0.000360 0.000360 0.009935 0.248658 0.099916 0.096794 0.120448 0.080188 0.095610 0.117170 1.012133 0.392894 0.447793 0.371662
-0.000017 0.009164 0.022374 0.030513 0.262921 0.216746 0.276787 -0.218246 -0.022225 -0.008037 0.000020 0.008579 0.027529 0.296057 0.057640 -0.456858 -1.010707 -0.749077 -0.523250 -0.180352 -0.312674 -0.512033 -0.562331 -0.657061 -1.019747 -0.882253 -1.496420 -0.373718 -0.013231 -0.000738 0.000185 -0.018069 -0.030821 -0.024841 -0.011398 0.000022 0.013470 0.019919 0.046361 0.014656 0.014423 0.010544 -0.014972 -0.099503 -0.004488 -0.000360 0.000360 0.018106 0.166477 0.092084 -0.000222 0.000222 0.034707 0.082077 0.071804 0.034551 -0.046156 0.000166 0.000413
-0.000714 -0.000215 0.000145 0.046128 0.071159 0.011203 0.082975 0.172323 0.361057 0.379495 0.363667 0.272264 0.511714 0.225078 0.039683 0.003320 0.000962 0.000319 0.000333 0.000301 0.017283 -0.057420 -0.206504 -0.363924 -0.434697 -0.558686 -0.501519 -0.020578 -0.019733 -0.012027 -0.000367 -0.000411 -0.008242 -0.003399 0.001595 0.000862 0.010287 0.021437 0.040352 0.041232 0.005331 0.003544 -0.087958 -0.104074 -0.001405 -0.000707 0.003587 0.003713 0.091857 0.122187 0.128654 0.056046 0.061005 0.086044 0.113533 0.550384 0.210569 -0.000405 0.000323
-0.024381 -0.006689 0.000000 0.018075 0.175221 0.080965 -0.001417 0.196256 0.167546 0.002917 0.092376 0.075333 -0.009068 -0.008122 -0.000434 -0.000312 0.000001 0.004059 0.008852 0.001228 0.012549 0.053457 0.088076 -0.002000 -0.007287 -0.032010 -0.048011 -0.041021 -0.030224 -0.032346 -0.006921 -0.000165 0.000116 0.008697 0.029963 0.048464 0.093114 0.141424 0.259525 0.113489 0.059732 0.485374 0.182504 0.064286 0.042188 0.066662 -0.000027 0.068680 0.082750 0.089439 0.073074 0.151619 0.231094 0.253697 0.696085 0.575231 0.212885 -0.000587 0.000418
-0.245013 -0.011097 0.000000 0.038289 0.426315 -0.012310 -0.012365 -0.003735 -0.000589 -0.004195 -0.012351 -0.008154 -0.000855 -0.010976 -0.007875 -0.000663 0.000068 0.000711 0.007074 0.016507 0.025758 0.092582 0.001818 -0.018138 -0.037076 -0.052982 -0.047923 -0.018763 -0.001219 -0.003146 -0.000441 -0.000549 -0.000103 0.000604 0.010947 0.038487 0.029820 0.023565 0.021707 0.116754 0.076237 0.544996 1.008002 0.360814 0.233168 -0.000865 -0.000585 0.000044 0.000586 0.000320 0.000932 0.075707 0.140397 0.188692 0.524714 0.088328 -0.411188 -0.020722 0.000013
0.002859 0.000844 0.000000 0.001989 0.000338 -0.004647 -0.012614 -0.025267 -0.008401 -0.029965 -0.014384 -0.008360 -0.000682 -0.000250 -0.000268 -0.000418 0.000446 0.000787 0.007107 0.027354 0.054727 0.197397 -0.106030 -0.012158 -0.005096 -0.001688 -0.017463 -0.018569 0.000001 -0.005873 -0.001483 -0.004553 -0.000544 0.000304 0.000573 0.007208 0.026034 0.026144 0.022547 0.127413 0.707799 0.587434 -0.142637 -0.040425 -0.024547 -0.008170 -0.000003 -0.000071 -0.000095 0.000402 0.009685 0.043090 0.058009 0.081011 0.183578 -0.124959 -0.523414 -0.015564 0.000000
0.008336 0.036860 0.004056 -0.000438 -0.000832 0.000000 0.000617 0.001232 -0.011375 -0.040833 -0.014295 -0.008215 -0.000406 0.000312 0.000649 0.000455 0.000443 0.000452 0.011131 0.045568 0.059137 -0.175718 -0.021825 -0.014775 -0.000583 -0.000846 -0.001222 -0.001738 0.000019 0.006026 0.000578 -0.001071 -0.000106 0.000237 0.000352 0.013319 0.020515 0.030518 1.096601 0.592876 0.425185 -0.197297 -1.156305 -0.032976 -0.023337 -0.005267 -0.000201 0.000022 0.000006 0.009527 0.028937 0.089608 0.684891 0.403413 0.211952 0.217803 0.076296 0.001177 0.000394
0.009488 0.043792 -0.019231 -0.018680 -0.009464 0.000000 0.009808 0.029364 0.047448 0.015262 -0.000437 -0.025436 -0.006265 -0.000194 0.000075 0.000365 -0.002075 -0.001105 0.008923 0.009112 0.019443 -0.798840 -0.019461 -0.010323 -0.001051 -0.000416 -0.000245 0.000247 0.000440 0.021465 0.021809 0.004076 0.000902 0.000454 0.000354 0.014422 0.027538 0.052256 -0.115139 0.113142 0.382389 0.154099 -0.658557 -0.056317 -0.031735 -0.023808 -0.008381 -0.000330 0.000396 0.015324 0.043042 0.074355 0.421379 0.067033 0.073453 0.178595 0.322942 0.373163 0.173046
0.016028 0.246092 0.151947 -0.026293 -0.007595 0.000000 0.008312 0.014810 0.046024 0.191277 0.088153 0.032927 -0.068352 -0.018940 -0.005498 -0.015447 -0.025323 -0.028847 -0.000494 0.000071 0.006683 0.019076 -0.023203 -0.013150 -0.006325 -0.000786 -0.001280 -0.001276 0.000000 0.013283 0.077222 0.009576 0.018156 0.020947 0.002248 0.019428 0.035617 0.271764 -0.604534 -0.266807 0.006788 -0.185174 -0.937063 -0.084560 -0.042178 -0.013588 -0.014375 -0.000401 0.000555 0.018877 0.029951 0.031642 0.041584 0.047761 0.517580 0.001951 0.001239 0.000582 0.352581
0.056577 -0.149716 -0.171399 -0.038903 -0.013479 0.000001 0.012016 0.017123 0.018742 0.106262 -0.023575 -0.095150 -0.186085 -0.027650 -0.000481 -0.083354 -0.044928 -0.009035 -0.006230 0.000000 0.007871 0.167113 -0.021875 -0.022961 -0.020160 -0.009277 -0.001163 -0.001385 0.000000 0.031485 0.082499 0.135059 0.197153 0.302330 0.157119 0.403968 1.091229 3.203541 2.290776 1.412533 0.933460 -0.164555 -0.074831 -0.083011 -0.091298 -0.074991 -0.012762 -0.000013 0.009884 0.011621 0.009857 0.019683 0.024113 0.030061 0.025189 0.037451 0.045883 0.008113 0.237214
0.396262 0.214316 0.120891 -0.008892 -0.000381 0.000328 0.007720 0.016976 0.003922 -0.020761 -0.023147 -0.031513 -0.002495 -0.003119 0.001662 -0.176799 -0.034629 -0.008521 -0.000182 0.008325 0.149881 -0.078675 -0.164917 -0.025858 -0.028418 -0.026867 -0.022175 -0.012549 0.000000 0.005836 0.035757 0.099611 0.127311 0.041832 0.141494 0.485349 0.504645 0.368981 0.680639 -0.409932 -0.809967 -0.047812 -0.030625 -0.027216 -0.025336 -0.016030 -0.001376 0.001332 0.008474 0.021591 0.035616 0.028807 0.026389 0.005079 0.022827 0.040073 0.057443 0.436415 0.798510
0.089274 -0.030640 -0.030854 -0.008329 -0.000007 0.007950 0.020060 0.011875 0.001753 0.008928 0.002993 -0.004030 -0.001330 -0.000861 0.001137 0.095060 0.253165 -0.005562 -0.019168 -0.015662 -0.189084 -0.151394 -0.185860 -0.182802 -0.066580 -0.028234 -0.009130 -0.000244 0.005092 0.016781 0.015194 0.002699 0.009008 0.030219 0.006114 0.125190 0.098506 0.019875 0.002552 -0.002105 -0.028536 -0.036003 -0.033415 -0.008144 -0.001535 -0.001796 0.000000 0.010960 0.023517 0.034613 0.034193 0.038458 0.037085 0.066042 0.041666 0.036247 0.036289 0.437441 0.362044
-0.025428 -0.072580 -0.178735 -0.007231 -0.000000 0.007220 0.025904 0.200783 0.031577 0.026610 0.073704 0.047239 0.048646 0.022742 -0.000134 0.000838 0.146007 -0.013947 -0.103627 -0.146983 -0.038482 -0.062538 -0.072353 -0.121984 -0.046075 -0.106170 -0.024261 -0.000008 0.000878 0.008897 0.037070 0.017766 0.006790 0.018560 0.625015 0.439647 0.176241 -0.000202 -0.000008 0.000660 0.001545 -0.006966 -0.026435 -0.008649 -0.002503 -0.003953 0.000000 0.007433 0.039883 0.037670 0.044124 0.025827 0.057388 0.020046 0.089101 0.149126 0.730019 0.674281 0.421261
-0.089340 -0.215741 -0.020683 -0.000985 0.000709 0.113068 0.085287 0.072130 0.063681 0.037243 0.035946 0.043808 0.037697 0.019839 -0.000267 0.000471 -0.022542 -0.128508 -0.050188 -0.017372 -0.047860 -0.056299 -0.491639 -0.161830 -0.039800 -0.002536 -0.004080 0.002260 0.174094 0.653116 0.099818 0.224923 0.173965 0.468894 0.275583 -0.041860 -0.010876 -0.000294 0.000537 0.009438 0.031282 -0.005734 -0.024408 -0.065468 -0.042625 -0.016588 0.000000 0.013599 0.031943 0.044545 0.050667 0.056652 0.021347 0.008772 0.099784 0.156240 0.774929 1.146168 1.061311
-0.675017 -0.181179 -0.020848 -0.000018 0.018722 0.002328 -0.002729 -0.009164 -0.108089 0.000000 0.018193 0.026182 0.029774 0.030489 0.027208 0.007143 -0.074763 -0.046694 -0.090509 -0.081476 -0.037465 -0.054057 -0.438634 -0.131065 -0.026570 -0.000671 -0.000017 0.023156 0.137282 0.085923 0.069635 0.190694 0.155294 0.436272 0.322702 -0.011669 -0.001316 -0.000210 0.001569 0.017081 0.050980 0.013505 -0.011504 -0.047115 -0.030491 -0.012686 0.000000 0.015638 0.034734 0.054128 0.057545 0.019700 0.309034 0.698168 0.440766 0.284902 0.885691 1.529544 0.954322
-0.004430 -0.060052 -0.011693 -0.000396 0.000211 0.012021 0.356138 0.093503 0.084704 0.041136 0.012268 0.011969 0.012596 0.013091 0.009972 0.052569 0.017501 -0.298105 -0.185664 -0.059999 -0.027579 -0.054648 -0.500155 -0.143312 -0.061416 -0.036196 -0.000446 0.000247 -0.002212 0.000050 0.002433 0.018341 0.076096 0.015399 -0.025139 -0.022927 -0.001390 0.001009 0.001548 0.005950 0.003395 -0.061331 -0.132919 -0.030881 -0.009707 -0.000576 0.007814 0.020940 0.019977 0.061721 1.375170 0.570554 0.506486 0.442722 0.848580 1.369509 0.718591 0.384917 -0.050855
-0.009242 -0.000440 -0.001848 -0.002188 0.000000 0.003655 0.003114 0.077190 0.069320 0.142301 0.261325 0.145508 0.081309 0.001134 0.002320 0.055957 0.131788 -0.209600 -0.119848 -0.036289 -0.072393 -0.046036 -0.595662 -0.158608 -0.066903 -0.039864 -0.004956 0.000000 -0.000327 0.006225 0.010082 0.006044 0.002758 0.001149 0.002135 -0.000875 0.000755 0.001728 0.012705 0.008700 0.003409 0.080222 0.097516 -0.039873 -0.000667 0.000026 0.000266 0.019633 0.311899 1.066003 1.010527 0.051971 -0.002582 0.002793 0.043573 0.115069 0.003994 -0.150971 -0.011422
-0.012935 0.000000 0.002795 0.001992 0.000608 -0.000344 0.001985 0.003478 0.000397 0.083721 0.276245 0.178833 0.130993 0.047678 -0.065836 -0.165709 -0.123329 -0.274030 -0.174468 -0.135590 -0.064776 -0.088306 -0.027918 -0.045285 -0.031038 -0.017014 -0.010927 0.000011 0.007670 0.025047 0.013447 0.002470 0.000025 0.006240 0.018353 0.005592 0.004442 0.030236 0.021675 0.034078 0.014157 -0.046436 -0.004640 0.093516 0.130068 0.168257 0.134847 0.351950 0.396143 -0.029372 -0.444723 -0.106643 -0.043807 0.002333 0.067828 0.115854 0.051919 -0.224282 -0.044916
-0.007809 -0.000265 0.000487 0.025886 -0.255381 -0.598735 -0.277782 -0.020910 0.000000 0.008773 0.017055 0.106066 0.058752 0.058579 0.057135 0.088085 0.012003 -0.016209 -0.100513 -0.074943 -0.061886 -0.148789 -0.063544 -0.022685 -0.020968 -0.013365 -0.000331 0.000393 0.019491 0.095584 -0.000116 0.000049 0.000842 0.006905 0.028509 0.009992 0.005252 0.001808 0.024308 0.066879 0.276039 0.177698 0.145210 0.125863 -0.004005 0.000823 0.001292 0.009161 0.007761 0.000644 -0.023800 -0.027211 0.006381 0.016709 0.107947 0.127611 0.071238 -0.133825 -0.080842
-0.250078 -0.057594 0.000450 0.023869 -0.022765 -0.271957 -0.222358 -0.004506 0.000000 0.008302 0.031267 0.629021 0.655754 0.702545 1.442821 1.027945 0.875191 0.257977 -0.783563 -0.320718 -0.154428 -0.019578 -0.012503 -0.009624 -0.007531 -0.000554 -0.000247 0.000569 -0.129067 -0.018783 -0.000172 0.000343 0.028235 0.054252 0.017389 0.006404 0.003635 0.001798 0.002956 0.295828 0.377321 0.537021 -0.257167 -0.070879 -0.030050 -0.008059 -0.000459 0.001141 0.000420 0.006974 0.020521 0.033161 0.102096 0.052881 0.058654 0.054280 0.032554 -0.011191 -0.093350
0.068708 0.002855 0.005804 0.099467 0.555323 0.282130 0.050149 0.024507 0.000000 0.006087 0.042885 0.601138 0.230519 0.176337 0.124583 0.122596 0.541799 0.571471 0.317799 -0.027440 -0.028432 -0.033311 -0.020899 -0.019742 -0.008203 -0.000323 -0.000036 0.000321 -0.087474 -0.005878 0.000000 0.005878 0.014945 0.060202 0.101175 0.047260 0.063877 0.018411 0.171901 0.288376 0.321461 -0.944992 -0.009089 0.000042 -0.006829 -0.057409 -0.022698 -0.000798 0.000102 0.010052 0.029394 0.041362 -0.189251 -0.066570 0.009320 -0.000002 0.005218 0.022198 -0.001143
0.080368 0.087315 0.078897 0.255098 0.724856 0.419727 0.344378 -0.000729 0.000650 0.054383 0.117661 0.157277 0.227652 -0.053177 -0.011386 0.000251 0.140238 0.222535 -0.284219 -0.030432 -0.029293 -0.011099 -0.036544 -0.013276 -0.009909 -0.000341 -0.000010 0.000339 -0.081644 -0.005878 0.000000 0.005878 0.019696 0.023334 0.074266 0.035005 0.157901 0.590125 0.754021 0.692578 0.534200 -0.013012 -0.000000 0.000477 0.000643 -0.003165 -0.035715 -0.012166 0.000000 0.028637 0.051900 0.081555 0.497729 0.208332 -0.007755 -0.000140 0.000135 0.000954 0.000300
0.052230 0.057757 0.039100 0.145578 0.094130 0.083374 0.034181 -0.000182 0.002580 0.037076 0.072741 0.028098 0.011310 0.010696 0.006792 0.004732 0.138557 0.192863 -0.291622 -0.062319 -0.027943 -0.003503 -0.006744 -0.017288 -0.023186 -0.015714 -0.000001 0.000855 -0.005399 -0.000192 -0.000090 0.000284 0.013727 0.032368 0.079855 0.038863 0.111497 0.193636 -0.059438 -2.268525 -0.048747 -0.018371 -0.000003 0.005981 0.029858 0.002875 0.000580 0.003394 0.031076 0.021309 0.077087 0.071342 0.374997 0.088138 -0.004074 -0.000420 0.000045 -0.000185 -0.000181
0.023201 0.055112 0.335239 0.101286 -0.034555 -0.015444 -0.001870 0.000164 0.024945 0.041591 0.052445 0.069977 0.015981 0.003884 0.000132 0.009110 0.148918 0.168211 -0.140469 -0.027352 -0.005603 -0.009175 -0.025761 -0.097752 -0.052118 -0.011974 -0.000000 0.020276 0.036393 -0.003916 -0.016098 -0.025676 0.000641 0.021622 0.037431 0.060002 0.008712 0.002861 -0.114027 -0.118330 -0.100157 -0.049810 -0.000208 0.000326 0.001108 0.001499 0.000741 0.019891 0.057370 0.023915 0.029051 0.052886 0.057965 0.062461 -0.056513 -0.009370 -0.001983 -0.001321 -0.000554
0.016295 0.064120 0.335388 0.116124 -0.026705 -0.066450 -0.023736 -0.000034 0.000500 0.000426 0.011269 0.026483 0.019966 0.002099 0.001665 0.038490 0.141197 0.161874 -0.097171 -0.017170 -0.003106 -0.006648 -0.044659 -0.093394 -0.050180 -0.017643 -0.000000 0.028848 0.570989 -0.012773 -0.040779 -0.033185 -0.023606 0.000070 0.006080 0.002269 0.000502 -0.000321 -0.196516 -0.133619 -0.125125 -0.076602 -0.001376 -0.005780 -0.013555 -0.000752 -0.001162 0.000716 0.000845 0.010242 0.030895 0.059268 0.114348 0.322032 -0.564597 -0.101688 -0.039344 -0.001596 -0.001871
