use_cases/Flooding_chicago/flooding_data/output/hUx_3000.asc
ncols 337
nrows 393
xllcorner 428428.000000
yllcorner 4602440.000000
cellsize 26.757400
NODATA_value -9999.000000
[rows 104 to 129 of 393, columns 177 to 235 of 337]
-0.206561 -0.254461 -0.324347 -0.497690 -0.026300 -0.001332 -0.009279 -0.004142 0.000000 0.003071 0.002095 0.013959 0.022724 0.244028 0.289329 0.916247 2.477226 3.030720 2.695312 2.492323 2.191073 1.984703 1.837281 1.834568 1.373873 1.261612 1.211226 1.162694 1.293456 1.019132 0.951020 1.080208 0.832025 0.779835 0.676836 -0.000001 0.009575 0.827417 1.820849 0.714279 0.512730 0.579954 1.253890 1.065999 0.429140 0.278187 0.069695 0.035559 -0.891903 -0.234775 0.000727 0.038396 0.000398 0.007210 0.703265 0.395235 0.325029 0.480758 0.581328
0.000454 0.103279 0.114901 0.179858 0.366470 0.430249 0.249714 -0.034228 -0.006544 -0.000034 0.000688 0.008634 0.465208 0.403535 0.841591 1.457143 1.938006 2.118176 2.340776 1.822211 1.560894 1.382390 1.244223 1.172652 1.188839 1.014946 1.026444 0.782548 0.722476 0.466368 0.557957 0.414310 0.258864 -0.507179 -0.007107 -0.000058 0.000792 0.009945 0.498287 0.389853 0.271060 0.374184 0.977790 0.994882 0.485705 -0.000360 0.000360 0.026915 0.841642 0.756228 0.987162 1.014494 0.720563 0.625660 1.381619 1.978399 1.220377 1.298474 1.273641
-0.000017 0.009090 0.023619 0.520436 1.296111 1.536248 1.772812 1.284185 0.077040 -0.022484 0.000020 0.008579 0.527763 1.739000 1.664452 1.259920 0.627948 0.035911 0.042835 0.160958 0.234936 0.296831 0.352127 0.471969 0.657738 0.733775 0.953719 0.838120 0.493293 0.063565 0.027843 -0.602841 -0.113345 -0.028881 -0.011438 0.000022 0.013470 0.019919 0.274778 0.168513 0.258855 0.173056 0.338534 0.236663 -0.076901 -0.000360 0.000360 0.356395 1.286105 0.880467 0.054191 0.015199 0.196037 0.421257 1.010065 0.765249 0.820761 0.652264 0.572758
-0.000703 -0.000221 0.000141 0.281484 0.637381 1.036454 1.360547 2.305341 2.650693 2.438323 2.358811 2.149715 3.176357 2.572538 1.742116 0.678800 -1.033309 -2.172925 -2.843802 -2.360997 -2.106975 -1.704632 -1.213980 -0.839958 -0.505748 -0.252472 0.100565 -0.285013 -0.022207 -0.012106 -0.000367 -0.000411 -0.008242 -0.003399 0.001595 0.000862 0.010287 0.021433 0.183487 0.274488 0.134175 0.130596 0.798565 0.973527 0.921060 1.191273 1.354041 0.970350 1.784331 1.648186 1.667019 1.210660 1.000226 1.704938 1.534678 1.121149 0.984710 0.397965 0.338857
-0.195736 -0.006193 0.000000 0.170963 0.434459 0.516795 0.412254 0.919685 1.092810 0.676227 1.507797 1.315389 0.984975 -0.006895 -0.000423 -0.000296 0.000001 0.004072 0.009903 0.001644 0.104929 0.293415 0.615186 0.359720 0.428544 0.387791 -0.187074 -0.040635 -0.030248 -0.032345 -0.006922 -0.000165 0.000116 0.008697 0.029964 0.048464 0.093115 0.142114 0.533370 0.372205 0.426204 1.072886 1.535175 1.917504 1.802741 2.219478 1.382540 2.566391 2.098825 1.780191 1.583686 1.735170 2.252465 2.629838 2.235737 1.748431 1.446363 0.518564 0.397621
-1.181454 -0.194939 0.000000 0.458336 0.574519 0.025361 0.060236 0.076907 0.048401 -0.006153 -0.013970 -0.008154 -0.000855 -0.010975 -0.007875 -0.000663 0.000068 0.000711 0.007074 0.016508 0.039801 0.400662 0.721703 -0.096393 -0.043608 -0.053100 -0.047923 -0.018763 -0.001219 -0.003146 -0.000441 -0.000549 -0.000103 0.000604 0.010947 0.038487 0.029820 0.023565 0.164787 0.472289 0.622088 1.815732 2.452156 1.809031 2.037679 1.250950 1.052590 0.642235 0.269705 0.078433 0.024437 0.501478 1.442544 1.288227 1.176568 0.807624 0.718725 0.517165 0.221277
-0.032241 0.458435 0.206728 0.796144 0.426959 -0.031084 -0.198933 -0.198705 -0.014933 -0.041000 -0.014385 -0.008360 -0.000682 -0.000250 -0.000267 -0.000418 0.000446 0.000787 0.007107 0.027354 0.058502 0.385138 0.799830 -0.012158 -0.005095 -0.001688 -0.017463 -0.018569 0.000001 -0.005874 -0.001483 -0.004553 -0.000544 0.000304 0.000573 0.007208 0.026034 0.026144 0.253755 0.422795 0.662382 0.979311 0.746005 0.469613 -0.086336 -0.008645 -0.000003 -0.000071 -0.000095 0.000402 0.009685 0.212766 0.804815 0.479134 0.356786 0.175554 0.213646 0.185320 0.101811
0.138146 0.760921 1.233703 1.204258 0.857033 0.000000 0.000772 0.001232 -0.019267 -0.057538 -0.014295 -0.008215 -0.000406 0.000312 0.000649 0.000455 0.000443 0.000452 0.011131 0.045569 0.059999 -0.264089 -0.027545 -0.014775 -0.000583 -0.000846 -0.001222 -0.001738 0.000019 0.006026 0.000579 -0.001072 -0.000106 0.000237 0.000352 0.013319 0.020514 0.055234 1.119955 1.170157 1.164536 1.166214 0.365705 -0.305818 -0.022933 -0.005267 -0.000201 0.000022 0.000006 0.009527 0.028937 1.176998 0.651895 0.397188 0.238786 0.088734 0.115040 0.098950 0.112506
-0.015318 0.037510 0.023233 -0.250894 -0.009285 0.000000 0.009808 0.029363 0.064860 0.022322 -0.000437 -0.060272 -0.007964 -0.000194 0.000075 0.000366 -0.002076 -0.001106 0.008924 0.009113 0.019443 -1.066111 -0.019462 -0.010323 -0.001051 -0.000416 -0.000245 0.000247 0.000440 0.021465 0.021811 0.004076 0.000902 0.000454 0.000354 0.014421 0.027539 2.110715 2.388679 2.168970 1.730358 0.979068 0.562507 -0.359571 -0.031733 -0.023808 -0.008381 -0.000330 0.000396 0.015324 0.043041 1.017531 -0.128489 -0.479718 -0.470220 -0.369837 -0.205221 -0.014276 0.105481
-0.265754 -0.331654 -0.447819 -0.406411 -0.007595 0.000000 0.008312 0.014809 0.077438 0.241742 0.263009 0.204262 0.117723 -0.033420 -0.005498 -0.015450 -0.025326 -0.028854 -0.000493 0.000071 0.006683 0.021953 -0.023203 -0.013150 -0.006325 -0.000786 -0.001280 -0.001276 0.000000 0.013284 0.077223 0.009576 0.018156 0.020947 0.002248 0.019429 0.339948 0.987521 1.131378 1.252699 0.753519 0.581235 0.144791 -0.324349 -0.042178 -0.013588 -0.014376 -0.000401 0.000555 0.018877 0.029951 0.031643 0.062199 0.106758 -0.062387 -0.029411 0.043010 0.149072 0.486730
-0.238809 -0.150730 -0.151905 -0.430217 -0.013479 0.000001 0.012016 0.017123 0.018704 -0.005932 -0.024074 -0.067532 -0.115135 -0.061591 -0.000481 -0.146698 -0.044927 -0.009035 -0.006230 0.000000 0.007871 0.177909 -0.021874 -0.022961 -0.020160 -0.009277 -0.001163 -0.001385 0.000000 0.031485 0.082499 0.135060 0.197183 0.302443 0.157215 0.419011 1.976940 0.985524 -0.130296 -0.320329 -0.213214 -0.247250 -0.889651 -0.083008 -0.091299 -0.074991 -0.012762 -0.000013 0.009884 0.011622 0.009857 0.019684 0.024045 0.042803 0.348188 0.264652 0.349697 0.347044 0.450373
0.453274 0.308019 0.098622 -0.014204 -0.000381 0.000328 0.007720 0.016455 0.003793 0.062545 0.061158 0.057868 0.004433 0.001911 0.007443 -0.512613 -0.055646 -0.009074 -0.000182 0.008237 0.160620 -0.070403 -0.176054 -0.025828 -0.028419 -0.026865 -0.022174 -0.012549 0.000000 0.005836 0.035757 0.099612 0.127366 0.041870 0.141581 0.494648 0.566808 0.453404 -1.587122 -2.200506 -1.908996 -1.480821 -0.058515 -0.027216 -0.025336 -0.016030 -0.001376 0.001332 0.008474 0.021590 0.035616 0.028805 0.026379 0.005078 -0.065260 -0.036323 0.090536 0.275638 0.374499
1.072312 0.892864 0.567709 -0.017575 -0.000007 0.007950 0.020060 0.041844 0.020471 0.203524 0.160311 0.148001 0.011463 0.005317 0.006291 0.253972 0.550598 0.037362 -0.219060 -0.018527 -0.201298 -0.158890 -0.192889 -0.190445 -0.066549 -0.028235 -0.009130 -0.000244 0.005092 0.016781 0.015194 0.002699 0.009073 0.030325 0.006143 0.131706 0.104591 0.021445 0.002761 -0.028769 -0.107142 -0.121218 -0.099546 -0.008142 -0.001535 -0.001796 0.000000 0.010960 0.023514 0.034612 0.034194 0.038458 0.037071 0.078556 0.347184 0.230528 0.277588 0.371019 0.348455
1.155182 1.004165 0.988249 0.154185 0.000323 0.007955 0.064718 0.558044 1.306625 1.339161 1.355023 0.761516 0.613600 0.457869 0.012879 0.005053 0.142986 0.000929 -0.157887 -0.249369 -0.043803 -0.062889 -0.070714 -0.125679 -0.046051 -0.106151 -0.024261 -0.000008 0.000876 0.009120 0.038044 0.018377 0.007003 0.018732 0.653455 0.463921 0.190604 -0.000202 -0.000008 0.000661 -0.017836 -0.033832 -0.083161 -0.008649 -0.002503 -0.003953 0.000000 0.007433 0.039882 0.037670 0.044125 0.025824 0.093711 0.038534 -0.036979 0.000128 0.097267 0.207989 0.190419
2.149167 2.652565 2.408777 2.018023 1.693060 2.518090 1.597059 2.106545 1.623582 0.932855 0.757856 0.624637 0.454544 0.348035 0.012860 0.004756 -0.159337 -0.140050 -0.167154 -0.024367 -0.057470 -0.061134 -0.498206 -0.170864 -0.039708 -0.002536 -0.004080 0.002260 0.176138 0.662525 0.102436 0.231376 0.179387 0.484387 0.287404 -0.042050 -0.010877 -0.000294 0.000537 0.009458 0.058737 -0.044174 -0.077097 -0.171086 -0.042547 -0.016588 0.000000 0.013599 0.031943 0.044546 0.055180 0.268694 0.130675 0.047589 0.989540 1.296643 1.698388 2.047513 2.223725
1.571666 1.163388 1.027495 0.307009 1.047882 2.990679 1.727814 1.384221 0.746939 0.091792 0.379943 0.362240 0.401365 0.462672 0.458118 0.283254 0.183449 0.000375 -0.109549 -0.414613 -0.045481 -0.053715 -0.430071 -0.140104 -0.026486 -0.000671 -0.000017 0.023156 0.138947 0.088128 0.071678 0.196363 0.160081 0.453037 0.337158 -0.011669 -0.001316 -0.000210 0.001569 0.017137 0.077019 -0.036056 -0.058283 -0.159423 -0.030256 -0.012686 0.000000 0.015629 0.034707 0.054097 0.512671 0.412868 1.745330 2.884007 3.574879 3.676691 3.762115 3.824965 3.294859
1.106837 1.082070 0.688438 0.298259 0.184553 0.250687 3.131034 1.354436 1.409944 1.279793 0.943454 0.732736 0.625878 0.581223 0.522079 1.108911 0.634527 0.386694 0.196772 -0.210163 -0.033905 -0.057186 -0.496296 -0.151824 -0.061367 -0.036195 -0.000446 0.000247 -0.002293 0.000056 0.002488 0.018549 0.077732 0.016085 -0.025207 -0.022927 -0.001390 0.001009 0.001548 0.005995 0.003426 -0.091282 -0.155143 -0.306003 -0.009260 -0.000576 0.007371 0.020548 0.019538 0.501736 2.107948 1.815757 1.751691 1.971998 2.364606 1.780331 1.529553 1.583305 1.444474
0.403203 0.256203 0.246447 0.203108 0.000000 0.177236 0.198103 0.996726 1.054409 2.343591 1.923794 1.514399 1.427496 0.840753 0.606915 0.536209 0.429212 0.336909 0.244388 0.007177 -0.094894 -0.051259 -0.605309 -0.166243 -0.066884 -0.039863 -0.004956 0.000000 -0.000384 0.006312 0.010274 0.006171 0.002812 0.001164 0.002146 -0.000875 0.000755 0.001728 0.013353 0.009072 0.003512 0.154857 0.253299 0.265410 0.131618 0.095765 0.030801 0.057058 0.231921 0.326410 0.820678 0.312815 0.042352 0.054376 0.088360 0.041094 -0.040048 0.101339 0.046911
0.058533 0.000916 0.167155 0.143261 0.475388 0.376838 0.336307 0.315940 0.169024 0.954416 0.554634 0.564974 0.688585 0.768385 0.892093 0.738467 0.612407 0.544654 0.412043 0.219110 0.056239 -0.003214 -0.030362 -0.046891 -0.031029 -0.017013 -0.010927 0.000011 0.007613 0.025298 0.013688 0.002529 0.000025 0.006240 0.018353 0.005592 0.004442 0.030740 0.022823 0.063540 0.058607 0.760812 1.030164 1.344859 1.277927 1.468775 1.336249 2.035920 4.050784 2.242535 1.546806 -0.433801 -0.100219 0.043063 0.285073 0.800884 0.185865 -0.311056 -0.073738
0.435302 0.314276 0.339963 0.635220 0.592435 0.806915 0.677702 0.367171 0.002636 -0.167042 -0.213391 -0.087952 0.117409 0.425915 0.538066 0.531414 0.364023 0.283751 0.186439 -0.126435 -0.191118 -0.399339 -0.082171 -0.022685 -0.020969 -0.013365 -0.000331 0.000393 0.019542 0.096254 -0.000116 0.000049 0.000842 0.006905 0.028509 0.009992 0.005252 0.001808 0.031929 0.352372 0.494306 0.811631 0.631091 0.514435 0.058757 0.044714 0.018635 0.018404 0.015376 0.001471 -0.083371 -0.133916 0.032371 0.159405 0.429267 0.552567 0.330542 -0.335004 -0.095394
0.799644 0.691263 0.328980 1.123785 0.636781 0.336964 0.121816 -0.005126 0.000000 0.014805 0.722970 0.711569 0.796451 0.868707 1.209850 1.028238 0.882212 0.700648 0.508610 0.182006 0.094630 -0.019575 -0.012503 -0.009620 -0.007531 -0.000554 -0.000247 0.000569 -0.071156 -0.018968 -0.000172 0.000343 0.028235 0.054251 0.017388 0.006404 0.003340 0.000301 0.002063 0.312019 0.417364 0.451309 0.074917 -0.301726 -0.031261 -0.008060 -0.000459 0.001141 0.000420 0.006974 0.020633 0.037928 0.233736 0.350178 0.460377 0.334759 0.155240 0.017221 -0.096866
0.747820 0.285372 0.241441 0.593961 0.502875 0.283448 0.105597 -0.064826 0.000160 0.011477 0.134793 0.077160 0.153026 0.229687 0.221184 0.191512 0.194430 0.093398 0.111436 0.009544 -0.160369 -0.033312 -0.020900 -0.019742 -0.008204 -0.000323 -0.000036 0.000321 -0.084999 -0.005878 0.000000 0.005878 0.014945 0.060201 0.101180 0.047262 0.126238 0.048844 0.241120 0.520167 1.101737 0.573492 -0.015934 0.000042 -0.006830 -0.057414 -0.022698 -0.000798 0.000102 0.010051 0.029414 0.050294 0.404443 0.536359 0.653048 0.003404 0.008178 0.023749 -0.000866
0.080407 0.091478 0.203248 0.901556 0.979848 0.773264 0.879051 0.532125 0.543285 1.324033 1.180566 1.023142 0.996247 0.963078 0.822847 0.494970 0.622395 0.434987 0.328977 0.141067 0.018311 -0.011099 -0.036544 -0.013276 -0.009909 -0.000341 -0.000010 0.000339 -0.080121 -0.005878 0.000000 0.005878 0.019696 0.023334 0.074266 0.035005 0.227833 0.493245 0.660271 0.755853 0.555492 -0.015047 -0.000000 0.000477 0.000643 -0.003165 -0.035715 -0.012166 0.000000 0.028637 0.051900 0.105587 -0.124512 -0.579492 -0.018695 -0.000139 0.000132 0.000953 0.000300
0.052242 0.057778 0.076662 0.210717 0.127319 0.090867 0.028219 -0.000184 0.002616 -0.244150 -0.454945 -0.339140 -0.178271 -0.018855 0.133501 0.184363 0.261822 0.215311 0.188685 0.088000 -0.182229 -0.003503 -0.006744 -0.017288 -0.023186 -0.015714 -0.000001 0.000908 -0.005171 -0.000211 -0.000091 0.000284 0.013727 0.032371 0.079855 0.038864 0.190280 0.366591 0.214099 -0.027778 -0.064982 -0.018370 -0.000003 0.005982 0.029858 0.002875 0.000580 0.003394 0.031076 0.021309 0.077086 0.071557 -0.485427 -0.935199 -0.018379 -0.000420 0.000045 -0.000184 -0.000181
0.023208 0.055127 0.402772 0.032618 -0.149162 -0.034964 -0.001854 0.000163 0.025270 0.053335 0.319188 -0.077572 -0.101806 -0.041085 0.047858 0.166689 0.150764 0.158008 0.174562 0.183045 0.116287 0.161615 0.209973 -0.045758 -0.052529 -0.011974 -0.000000 0.020192 -0.001059 -0.006171 -0.024161 -0.036925 0.000641 0.021621 0.037431 0.060003 0.008714 0.002868 -0.160320 -0.158620 -0.101134 -0.049810 -0.000208 0.000326 0.001108 0.001499 0.000741 0.019891 0.057370 0.023916 0.029051 0.053905 0.557957 -1.553179 -1.235946 -0.170564 -0.001983 -0.001320 -0.000554
0.016301 0.064141 0.426363 0.094064 -0.101986 -0.087998 -0.023531 -0.000034 0.000500 0.000426 0.011602 0.041190 0.012927 -0.124003 -0.125105 -0.142948 -0.174761 -0.202892 -0.305502 -0.206733 -0.236630 -0.356700 -0.541626 -0.912984 -0.051661 -0.017643 -0.000000 0.028562 0.750185 -0.091201 -0.043440 -0.035663 -0.027389 0.000070 0.006082 0.002270 0.000504 -0.000233 -0.202373 -0.133660 -0.125133 -0.076602 -0.001376 -0.005780 -0.013555 -0.000752 -0.001162 0.000717 0.000845 0.010242 0.030896 0.059501 0.670946 -2.224571 -1.934020 -1.202666 -0.115841 -0.001595 -0.001871
