use_cases/Flooding_chicago/flooding_data/output/hUx_2640.asc
ncols 337
nrows 393
xllcorner 428428.000000
yllcorner 4602440.000000
cellsize 26.757400
NODATA_value -9999.000000
[rows 130 to 155 of 393, columns 236 to 294 of 337]
0.000000 0.008497 0.018859 0.016287 0.001533 0.030164 0.363939 1.974477 2.526989 2.647273 0.388245 0.066030 -0.096865 -0.019832 -0.045279 -0.079619 -0.153943 -0.115200 -0.257888 -0.258006 -0.140684 -0.083107 -0.043507 -0.011523 -0.000423 0.000423 0.094302 0.061988 -0.063933 -0.024450 -0.000029 0.000050 0.002667 0.004642 0.034151 0.096191 -0.201785 -1.348650 -1.578481 -0.025928 -0.022170 -0.233235 -0.013764 -0.321276 -0.093963 -0.013556 -0.000085 0.000513 -9999.000000 -9999.000000 -9999.000000 -9999.000000 -9999.000000 -9999.000000 -9999.000000 -9999.000000 -9999.000000 -9999.000000 -9999.000000
-0.000080 0.000674 0.002010 0.001481 0.001072 0.052056 0.900075 2.493376 1.549589 1.228924 0.637071 0.106604 0.075793 0.063216 -0.025114 -0.104168 -0.261383 -0.392351 -0.435847 -0.540689 -0.504575 -0.170571 -0.026666 -0.015094 -0.001002 0.001002 0.001415 0.000880 0.000911 0.004157 0.083131 0.065700 -0.005945 -0.005360 0.000007 0.011783 0.657801 0.253906 -1.181992 -0.421586 -0.046767 -0.006746 -0.000131 -0.032166 -0.009409 -0.000360 0.000360 0.001960 -9999.000000 -9999.000000 -9999.000000 -9999.000000 -9999.000000 -9999.000000 -9999.000000 -9999.000000 -9999.000000 -9999.000000 -9999.000000
-0.000316 -0.000078 0.001428 0.001226 0.001014 0.174581 1.620782 3.340680 1.081836 1.188697 0.816882 0.461225 0.304371 -0.000016 -0.003336 -0.033914 -0.060299 -0.055159 -0.066259 -0.211600 -0.423076 -0.286468 -0.012063 -0.006698 -0.000360 0.000360 0.000917 0.000365 0.007278 0.045778 0.116327 -0.026092 -0.022939 -0.000352 0.000352 0.007018 0.503104 0.830068 -2.131032 -1.767040 -0.026773 -0.008566 -0.003263 -0.015837 -0.010737 -0.000360 0.000360 0.001363 -9999.000000 -9999.000000 -9999.000000 -9999.000000 -9999.000000 -9999.000000 -9999.000000 -9999.000000 -9999.000000 -9999.000000 -9999.000000
0.426043 0.507381 0.534208 0.435232 0.934453 0.541712 1.965714 2.925743 1.259606 1.011809 0.255063 0.405959 0.218109 -0.000523 -0.000490 -0.001363 -0.003125 -0.016570 -0.046707 -0.182863 -0.444542 -0.521337 -0.012026 -0.006698 -0.000360 0.000360 0.001692 0.000404 0.010844 0.038717 0.085893 -0.022872 -0.013218 -0.000007 0.002286 0.003239 0.724961 2.195632 1.913132 0.200629 -0.428362 -0.058053 -0.070785 -0.044546 -0.025121 -0.000513 0.000283 0.011564 0.007257 -9999.000000 -9999.000000 -9999.000000 -9999.000000 -9999.000000 -9999.000000 -9999.000000 -9999.000000 -9999.000000 -9999.000000
0.725808 0.545042 0.569358 0.469519 0.948325 2.733286 3.597089 3.682927 1.656395 1.641678 0.446814 0.444520 -0.052009 -0.014576 -0.000310 0.000103 0.004678 -0.001126 -0.013038 -0.009957 -0.613836 -2.057883 -0.778493 -0.035206 -0.001478 -0.014134 -0.010156 0.000000 0.006074 0.015693 0.033724 0.221284 0.247120 0.243282 1.656789 3.369958 3.874463 3.480870 2.467329 1.379856 -0.445004 -0.153174 -0.070434 -0.037612 -0.009038 -0.000031 0.012390 0.018667 0.010247 -9999.000000 -9999.000000 -9999.000000 -9999.000000 -9999.000000 -9999.000000 -9999.000000 -9999.000000 -9999.000000 -9999.000000
0.461772 0.223069 0.002844 0.001906 0.563701 1.803345 2.397517 2.107971 2.030175 1.673771 0.178064 0.012734 -0.022901 -0.017830 -0.011453 -0.000002 0.000368 0.000026 0.000018 0.007385 0.033854 0.087834 -0.011834 -0.008626 -0.006896 -0.046422 -0.006750 0.000000 0.006942 0.014092 0.019026 0.022326 0.538097 1.690299 3.714602 3.920610 2.901584 2.195941 0.486560 0.005197 -0.048657 -0.021719 -0.022652 -0.019274 -0.012752 0.000000 0.003929 0.021796 0.005632 0.004077 -9999.000000 -9999.000000 -9999.000000 -9999.000000 -9999.000000 -9999.000000 -9999.000000 -9999.000000 -9999.000000
-0.012181 -0.001412 -0.000727 0.010891 0.770466 0.871952 2.211350 2.655957 1.330197 1.026963 0.004007 -0.009579 -0.024448 -0.014775 -0.000980 -0.000144 0.000582 0.000998 0.000723 0.009537 1.083662 0.726632 0.500778 0.150829 0.065618 0.012901 0.004189 -0.000371 0.000325 0.001472 0.015453 0.032391 0.623667 1.444950 1.515219 1.386466 0.514482 -0.245676 -0.337676 -0.030801 -0.034776 -0.041819 -0.035146 -0.025003 -0.012278 0.000000 0.012043 0.045968 0.010134 0.005353 -9999.000000 -9999.000000 -9999.000000 -9999.000000 -9999.000000 -9999.000000 -9999.000000 -9999.000000 -9999.000000
0.997140 1.169979 0.659842 2.207989 2.821906 2.917276 2.714366 2.838033 0.668940 -0.210596 -0.020282 -0.060895 -0.010514 -0.008974 -0.006402 0.000000 0.001154 0.001043 0.007528 0.093220 0.318741 0.390143 0.323024 0.140092 0.010670 0.014731 0.009644 0.001482 0.000011 0.000062 0.009351 0.034059 0.267682 0.504422 0.488009 0.381022 -0.154338 -0.104063 -0.101789 -0.034657 -0.017280 -0.003506 -0.018873 -0.008710 -0.001087 0.000000 0.001080 0.017289 0.016889 0.003194 -9999.000000 -9999.000000 -9999.000000 -9999.000000 -9999.000000 -9999.000000 -9999.000000 -9999.000000 -9999.000000
3.656281 3.309174 3.554323 4.407796 3.823164 3.488788 3.033939 2.093134 -0.729950 -0.286220 -0.055156 -0.172078 -0.016107 -0.009789 -0.000466 -0.000174 0.000122 0.000419 0.044417 0.502952 0.716183 0.813173 0.654983 0.330242 0.019347 0.009591 0.337218 1.036505 0.178688 0.067709 0.025785 0.013186 0.329073 0.433974 0.040244 -0.003935 -0.075812 -0.076254 -0.301581 -0.034002 -0.021430 -0.011947 -0.001919 -0.000791 0.000079 0.000132 0.000224 0.015097 0.031057 0.004037 0.003485 -9999.000000 -9999.000000 -9999.000000 -9999.000000 -9999.000000 -9999.000000 -9999.000000 -9999.000000
4.991110 6.095518 5.936696 6.271460 5.336551 3.894610 3.004735 1.025281 -1.711682 -1.238784 -2.186878 -2.497709 -2.610418 -0.708973 -0.003868 -0.001938 0.000236 0.003141 0.869085 1.816211 2.541243 2.568712 3.207803 3.445601 3.041832 3.157258 3.156555 3.123008 2.833058 3.619208 2.792567 2.364337 3.162180 1.885149 0.765103 0.151374 0.009447 0.303949 1.480846 0.294912 -0.525620 -0.050734 -0.001924 -0.002430 0.000002 0.000663 0.000581 0.000687 0.017834 0.046019 0.263426 -9999.000000 -9999.000000 -9999.000000 -9999.000000 -9999.000000 -9999.000000 -9999.000000 -9999.000000
8.088879 8.688385 7.540090 6.907324 6.478272 4.053048 2.791603 0.323158 -1.623195 -2.056453 -0.917587 -0.383839 -2.410116 -2.320278 -0.822861 -0.019647 0.002615 0.335178 0.704137 1.245385 1.880063 2.051995 2.805944 3.268154 2.980562 3.119298 3.088000 3.000920 2.683985 4.143316 4.415966 3.471673 3.407104 2.505737 1.459556 0.586472 0.260087 0.077440 0.245284 0.104378 -0.386186 -0.040886 -0.038133 -0.000412 0.000686 0.001154 0.001229 0.000825 0.324240 0.812686 0.645889 -9999.000000 -9999.000000 -9999.000000 -9999.000000 -9999.000000 -9999.000000 -9999.000000 -9999.000000
5.143395 5.501304 4.192315 4.145817 3.949140 3.830012 2.372055 1.350909 0.478882 -0.061066 -0.006789 -0.000054 0.000883 -1.611204 -1.638664 -0.701861 -0.433527 -0.186567 0.023334 0.315106 0.624047 0.971557 1.114591 1.310104 0.922921 0.857621 0.745955 0.606068 1.692031 2.455501 2.637186 2.452656 2.673930 2.283415 1.120462 0.346002 0.072929 -0.516969 -1.414829 -0.879086 -0.525811 -0.091165 -0.007128 0.000000 0.017566 0.607701 1.086101 0.554277 0.513647 0.294984 0.124417 -9999.000000 -9999.000000 -9999.000000 -9999.000000 -9999.000000 -9999.000000 -9999.000000 -9999.000000
1.137927 -0.473516 -0.007563 0.000003 0.014953 0.133047 0.040641 -0.000656 -0.009984 -0.018566 -0.006252 0.000016 0.013399 -0.558133 -1.188777 -0.980669 -0.686572 -0.543914 -0.231654 0.086830 0.088235 0.140300 0.096520 0.017852 -0.039515 -0.000222 0.000222 0.004552 0.009823 -0.129255 -0.029218 0.374310 0.332499 -0.269356 -0.008896 -0.000003 0.007535 0.353665 0.737252 -0.000998 -0.000516 -0.000857 -0.001350 0.000000 0.020398 0.321072 0.244990 0.364628 0.227438 0.002111 0.001064 -9999.000000 -9999.000000 -9999.000000 -9999.000000 -9999.000000 -9999.000000 -9999.000000 -9999.000000
0.972620 -0.500255 -0.000386 0.000131 0.020996 0.018199 -0.000018 -0.001013 -0.010342 -0.019132 -0.009847 0.000564 0.004490 0.036452 -0.517879 -0.582466 -0.314198 -0.154268 -0.049441 0.010354 0.010798 0.139526 0.217850 0.048959 0.056369 0.082707 0.009470 0.087735 0.280782 -0.040344 -0.708282 -0.775878 -0.046865 -0.016244 -0.000785 -0.000085 0.000733 -0.025096 -0.000312 0.004434 0.008104 0.025703 0.017979 0.000000 0.262601 0.181572 0.007335 -0.084765 -0.068347 -0.000263 0.000937 -9999.000000 -9999.000000 -9999.000000 -9999.000000 -9999.000000 -9999.000000 -9999.000000 -9999.000000
-0.980202 -0.056196 -0.018576 -0.000110 -0.004956 -0.034155 -0.020753 -0.008586 -0.000333 0.000001 0.000350 0.012348 0.022855 0.066581 -0.018160 -0.025811 0.090186 0.175681 0.259608 0.509609 0.313762 0.252381 0.107927 -0.051292 -0.114310 -0.129231 0.002294 0.004105 0.010125 0.008432 -1.409004 -0.066438 -0.054149 -0.039395 -0.001111 -0.000514 0.001212 -0.047164 -0.003676 0.004585 0.048638 0.194428 0.219128 0.265799 0.133514 0.035375 0.000005 0.013374 0.368625 0.001992 0.002302 -9999.000000 -9999.000000 -9999.000000 -9999.000000 -9999.000000 -9999.000000 -9999.000000 -9999.000000
-0.851937 -0.043843 -0.022062 -0.002253 -0.003957 -0.016086 -0.017500 -0.013855 -0.007339 0.000000 0.015075 0.041913 0.043928 0.007941 0.077452 0.182787 0.118359 0.034333 0.081293 0.159331 0.363776 0.390837 0.068617 -0.003170 -0.011681 -0.015849 -0.008290 0.000000 0.007875 0.009533 -0.045869 -0.013334 -0.003236 -0.017024 -0.024162 -0.000024 -0.061981 -0.116219 -0.241476 0.013998 0.008042 0.004703 0.000988 -0.000871 -0.015217 -0.006003 0.000167 0.012463 0.025989 0.035773 0.010535 -9999.000000 -9999.000000 -9999.000000 -9999.000000 -9999.000000 -9999.000000 -9999.000000 -9999.000000
-1.322450 -0.097330 -0.030837 -0.002329 -0.004484 -0.017929 -0.023093 -0.014035 -0.007664 0.000000 0.006885 0.015684 -0.251098 -0.214574 -0.215549 -0.256202 -0.240149 -0.233284 -0.193387 -0.128194 -0.098007 -0.036521 -0.052203 0.000169 0.000646 -0.002198 -0.006145 0.000000 0.013833 0.019659 0.004221 -0.000334 -0.000018 0.000257 0.057825 -0.310584 -0.720595 -0.557304 -0.556974 -0.131667 -0.064982 -0.000477 -0.000407 -0.000177 -0.000270 0.000003 0.002002 0.002439 0.010382 0.016822 0.013134 -9999.000000 -9999.000000 -9999.000000 -9999.000000 -9999.000000 -9999.000000 -9999.000000 -9999.000000
-0.294728 -0.093208 -0.056256 -0.000106 -0.002128 -0.008026 -0.003310 -0.013713 -0.007651 0.000000 0.008878 0.024183 0.957093 0.650459 0.394747 0.193575 -0.068710 -0.323348 -0.380667 -0.067195 0.085725 0.059391 -0.027050 -0.000634 -0.000607 -0.007046 -0.023056 -0.021433 -0.001882 -0.100969 -0.033906 -0.008564 -0.000410 0.000083 0.012399 1.509481 1.062760 0.778725 0.355821 0.146113 -0.127868 -0.001037 -0.002043 -0.000847 -0.000077 0.000204 0.009295 0.016225 0.018322 0.010741 -9999.000000 -9999.000000 -9999.000000 -9999.000000 -9999.000000 -9999.000000 -9999.000000 -9999.000000 -9999.000000
-0.330947 -0.134310 -0.117639 -0.201953 -0.223149 -0.251053 -0.099428 -0.058305 -0.020040 -0.000080 0.000737 0.019205 -0.090420 -0.044895 0.036567 -0.034258 -0.178383 -0.341627 -0.451855 -0.219190 -0.110161 -0.021237 -0.058130 -0.119784 -0.020509 -0.000012 0.007408 0.083845 -0.011497 -0.130419 -0.014830 -0.000760 -0.001111 0.000000 0.007925 0.104311 -0.156875 -0.289040 -0.488626 -0.747689 -1.017626 -0.019681 -0.014707 -0.006848 -0.000222 0.000222 0.003946 0.014514 0.015642 -9999.000000 -9999.000000 -9999.000000 -9999.000000 -9999.000000 -9999.000000 -9999.000000 -9999.000000 -9999.000000 -9999.000000
-0.121111 -0.095754 -0.057079 -0.085139 -0.003841 -0.016954 -0.070571 -0.060472 -0.023016 -0.000129 0.000480 0.015146 0.079116 -0.132045 -0.133415 -0.095739 -0.067753 -0.038523 -0.025030 0.183173 0.307020 0.285602 0.054519 -0.001570 -0.005708 -0.000430 0.000340 -0.000114 -0.000028 0.000096 -0.003120 -0.000350 -0.000120 0.000193 0.000820 0.057808 0.053669 0.100083 -0.154375 -0.056796 -0.081141 -0.207404 -0.136762 -0.008305 -0.000103 0.000103 0.001843 -9999.000000 -9999.000000 -9999.000000 -9999.000000 -9999.000000 -9999.000000 -9999.000000 -9999.000000 -9999.000000 -9999.000000 -9999.000000 -9999.000000
-0.022422 -0.020541 -0.008608 -0.000543 -0.000901 -0.001532 -0.000645 -0.001472 -0.002524 -0.000312 0.000023 0.011470 0.043304 0.000087 -0.049593 -0.046042 -0.064103 0.020499 0.308745 0.301328 0.354321 0.254515 -0.128990 -0.004241 -0.000682 -0.000881 0.000649 0.000842 0.007716 0.010225 0.006015 -0.015147 0.088512 0.141799 0.163154 1.351407 0.659115 0.451524 0.334100 0.277050 0.317050 -0.002925 -0.033826 -0.020676 -0.000153 0.000153 -9999.000000 -9999.000000 -9999.000000 -9999.000000 -9999.000000 -9999.000000 -9999.000000 -9999.000000 -9999.000000 -9999.000000 -9999.000000 -9999.000000 -9999.000000
-0.018123 -0.006923 0.000015 0.005967 0.023117 -0.001415 -0.000760 -0.000890 -0.000853 -0.000425 -0.000090 0.000921 0.001108 0.001210 -0.017674 0.092602 0.344026 0.490000 1.048350 0.720089 0.159803 -0.046097 -0.089969 -0.001508 -0.012187 -0.009204 0.000028 0.013498 0.015651 0.016705 0.136050 0.395518 0.187963 0.257511 0.294931 0.946903 0.569167 0.300797 0.025320 0.007660 0.002716 -0.000025 0.000440 0.000422 -9999.000000 -9999.000000 -9999.000000 -9999.000000 -9999.000000 -9999.000000 -9999.000000 -9999.000000 -9999.000000 -9999.000000 -9999.000000 -9999.000000 -9999.000000 -9999.000000 -9999.000000
-0.007008 -0.000536 0.000442 0.019694 0.054479 0.009379 -0.000374 -0.000636 -0.001726 -0.003240 -0.000098 0.000157 0.005705 0.118392 0.160858 0.242291 0.431404 0.701967 0.734124 0.426384 -0.144925 -0.810289 -0.576713 0.009442 0.040491 -0.016271 -0.015233 -0.013464 0.003712 0.014353 0.005029 0.055264 0.075005 -0.000743 0.000139 0.000835 -0.405725 -0.093777 -0.002755 -0.001837 -0.000566 0.000196 -9999.000000 -9999.000000 -9999.000000 -9999.000000 -9999.000000 -9999.000000 -9999.000000 -9999.000000 -9999.000000 -9999.000000 -9999.000000 -9999.000000 -9999.000000 -9999.000000 -9999.000000 -9999.000000 -9999.000000
-0.000570 -0.000299 0.000548 0.019727 0.087477 0.135748 -0.000722 -0.001539 -0.002589 -0.000840 0.000478 0.000265 0.011579 0.388210 0.574794 0.885958 1.244115 1.387515 1.177227 0.358184 -0.330883 -0.715216 -0.946721 -0.682849 -0.446348 -0.155290 -0.018178 -0.022349 -0.014905 -0.000396 0.000330 0.023793 0.363446 -0.001264 0.000832 0.001274 -0.013639 -0.093090 -0.015525 -0.002996 -0.003626 0.000007 -9999.000000 -9999.000000 -9999.000000 -9999.000000 -9999.000000 -9999.000000 -9999.000000 -9999.000000 -9999.000000 -9999.000000 -9999.000000 -9999.000000 -9999.000000 -9999.000000 -9999.000000 -9999.000000 -9999.000000
-0.000287 0.000078 0.000332 0.022875 0.066882 0.367179 0.349397 0.040547 0.007566 -0.000618 0.000193 0.000343 0.120834 0.339072 0.309415 0.230997 -0.092088 -0.185471 -0.575319 -0.367919 -0.400968 -0.282109 -0.222087 -0.178733 -0.160895 -0.190481 -0.020668 -0.027835 -0.022372 -0.000555 0.000401 0.031542 0.318918 -0.000244 0.000922 0.072022 -0.279273 -0.204637 -0.033128 -0.014598 -0.000352 0.000352 -9999.000000 -9999.000000 -9999.000000 -9999.000000 -9999.000000 -9999.000000 -9999.000000 -9999.000000 -9999.000000 -9999.000000 -9999.000000 -9999.000000 -9999.000000 -9999.000000 -9999.000000 -9999.000000 -9999.000000
0.001338 0.001684 0.001752 0.005932 0.001726 -0.077463 -0.152721 -0.352334 -0.306622 -0.063257 0.148558 0.320753 0.146213 0.789786 0.640884 0.275337 -0.060431 -0.552634 -0.550746 -0.471311 -0.458022 -0.252299 -0.128675 -0.057435 -0.096268 -0.193880 -0.024938 -0.040575 -0.320273 -0.086338 0.000013 0.001472 0.000844 0.002325 0.114680 -0.082568 -0.268163 -0.210956 -0.036769 -0.014838 -0.000007 -9999.000000 -9999.000000 -9999.000000 -9999.000000 -9999.000000 -9999.000000 -9999.000000 -9999.000000 -9999.000000 -9999.000000 -9999.000000 -9999.000000 -9999.000000 -9999.000000 -9999.000000 -9999.000000 -9999.000000 -9999.000000
