use_cases/Flooding_chicago/flooding_data/output/hUx_3600.asc
ncols 337
nrows 393
xllcorner 428428.000000
yllcorner 4602440.000000
cellsize 26.757400
NODATA_value -9999.000000
[rows 130 to 155 of 393, columns 59 to 117 of 337]
-9999.000000 -9999.000000 -9999.000000 -9999.000000 -9999.000000 -9999.000000 -9999.000000 -9999.000000 -9999.000000 -9999.000000 -9999.000000 -9999.000000 -9999.000000 -9999.000000 -9999.000000 -9999.000000 -9999.000000 -9999.000000 -9999.000000 -9999.000000 -9999.000000 -0.095694 -0.209076 -0.274477 -0.101367 -0.159880 -0.244306 -0.000025 -0.000285 -0.000029 0.000000 -9999.000000 -9999.000000 -9999.000000 -9999.000000 -9999.000000 -9999.000000 -9999.000000 -9999.000000 -9999.000000 -9999.000000 -9999.000000 -9999.000000 -0.000039 0.000100 0.000007 0.000003 -0.000000 0.000069 0.011044 0.007805 0.000471 0.051685 0.053995 0.007638 0.023247 0.024516 0.023617 0.025139
-9999.000000 -9999.000000 -9999.000000 -9999.000000 -9999.000000 -9999.000000 -9999.000000 -9999.000000 -9999.000000 -9999.000000 -9999.000000 -9999.000000 -9999.000000 -9999.000000 -9999.000000 -9999.000000 -9999.000000 -9999.000000 -9999.000000 -9999.000000 -0.027394 -0.038766 -0.160914 -0.224963 -0.212190 -0.000054 -0.490050 -0.449578 -0.305762 -0.000514 -0.000000 0.000001 0.000001 0.000017 0.000016 0.013722 0.012813 -0.000017 0.000001 -0.002617 -0.000344 -0.000125 0.000000 -0.000064 -0.000013 -0.000001 0.000000 0.000099 0.003157 0.033819 0.000017 0.000036 0.001169 0.019454 -0.013174 -0.032168 -0.059847 -0.084945 -0.069343
-9999.000000 -9999.000000 -9999.000000 -9999.000000 -9999.000000 -9999.000000 -9999.000000 -9999.000000 -9999.000000 -9999.000000 -9999.000000 -9999.000000 -9999.000000 -9999.000000 -9999.000000 -9999.000000 -9999.000000 -9999.000000 0.000000 -0.081291 -0.072563 -0.000004 0.000016 -0.262221 -0.414002 -0.432951 -0.306846 -0.242482 -0.084842 -0.023600 -0.000033 -0.000019 0.000291 0.000166 0.000040 0.051903 0.048197 -0.000115 -0.000171 -0.001094 -0.000160 -0.000002 0.000002 -0.000027 -0.000043 -0.000001 0.000001 0.000143 0.006975 0.001299 0.000647 0.000200 0.004131 0.374467 0.352393 0.395854 0.278646 0.167645 0.016965
-9999.000000 -9999.000000 -9999.000000 -9999.000000 -9999.000000 -9999.000000 -9999.000000 -9999.000000 -9999.000000 -9999.000000 -9999.000000 -9999.000000 -9999.000000 -9999.000000 -9999.000000 -9999.000000 -9999.000000 -0.302682 -0.372295 -0.183134 -0.147121 -0.000140 -0.141862 -0.350030 -0.498413 -0.549966 -0.535373 -0.193661 -0.082600 -0.017629 -0.000319 0.059873 0.000493 0.086301 0.145438 0.162967 0.145627 -0.000378 -0.002736 -0.001347 -0.000165 -0.000004 0.000004 0.000042 0.000014 -0.000000 0.000000 0.000007 0.000979 0.001855 0.001187 0.009905 0.022028 0.381634 0.220305 0.183100 0.173845 0.136610 0.010730
-9999.000000 -9999.000000 -9999.000000 -9999.000000 -9999.000000 -9999.000000 -9999.000000 -9999.000000 -9999.000000 -9999.000000 -9999.000000 -9999.000000 -9999.000000 -9999.000000 -9999.000000 -9999.000000 0.000000 0.001950 -0.131560 -0.724431 -0.749689 -0.503812 -0.451408 -1.106905 -0.774238 -0.875874 -0.920598 -0.851100 -0.286815 -0.000489 -0.000468 0.000227 0.000491 0.012164 0.034033 0.028875 -0.000078 -0.000001 0.000001 -0.003158 -0.000184 -0.000001 0.000001 0.000024 0.000028 0.002664 0.000024 -0.026052 -0.023001 0.003115 0.001793 0.010418 0.014959 0.000827 -0.012485 -0.159304 -0.084565 -0.022072 -0.020166
-9999.000000 -9999.000000 -9999.000000 -9999.000000 -9999.000000 -9999.000000 -9999.000000 -9999.000000 -9999.000000 -9999.000000 -9999.000000 -9999.000000 -9999.000000 -9999.000000 -9999.000000 -0.000052 0.000018 0.000059 0.002786 -0.768827 -0.851926 -0.972949 -0.474441 -1.051762 -0.716486 -0.828511 -0.960266 -0.943131 -0.743039 -0.271991 -0.000511 -0.000067 0.000496 -0.022057 0.002620 -0.001515 -0.000078 -0.000001 0.000001 -0.000013 -0.000007 -0.000000 0.000001 -0.001106 -0.001859 -0.001674 0.021030 0.031698 0.025856 0.003973 0.002189 0.004064 0.000735 0.000102 0.000584 0.153155 0.076563 0.121228 0.136256
-9999.000000 -9999.000000 -9999.000000 -9999.000000 -9999.000000 -9999.000000 -9999.000000 -9999.000000 -9999.000000 -9999.000000 -9999.000000 -9999.000000 -9999.000000 -9999.000000 -0.000000 0.000104 0.000236 0.000037 0.000007 0.003938 -0.708706 -0.377093 -0.290635 -0.576961 -0.317232 -0.343063 -0.332433 -0.416336 -0.204060 0.200725 0.232974 0.000354 0.000120 0.000022 -0.062342 -0.019297 -0.026113 -0.000006 -0.000011 0.000002 -0.000002 -0.000035 -0.000280 -0.002280 -0.002691 -0.001868 -0.000128 0.023926 0.025835 0.003784 0.002270 0.000577 0.000096 0.000019 0.000166 0.000215 0.168032 0.000000 0.129939
-9999.000000 -9999.000000 -9999.000000 -9999.000000 -9999.000000 -9999.000000 -9999.000000 -9999.000000 -9999.000000 -9999.000000 -9999.000000 -9999.000000 -9999.000000 -0.000024 -0.000010 0.000022 0.000018 0.000001 0.000001 0.000205 -0.118606 -0.493885 -0.342870 -0.338644 -0.269212 -0.322517 -0.312862 -0.431658 -0.249189 -0.094361 -0.007911 -0.000001 -0.000000 0.000001 0.035603 -0.043587 0.008604 0.000924 0.039245 0.058591 0.011907 0.003958 0.000644 -0.000886 -0.001084 -0.000002 0.000002 0.000276 0.000271 0.000000 0.002418 0.133695 0.067182 -0.000005 0.000000 0.004312 0.044796 0.023473 0.031243
-9999.000000 -9999.000000 -9999.000000 -9999.000000 -9999.000000 -9999.000000 -9999.000000 -9999.000000 -9999.000000 -9999.000000 -9999.000000 -0.000069 -0.000134 -0.000050 -0.000012 0.000061 0.000033 -0.000001 0.000001 0.000414 0.001798 -0.209030 -0.316288 -0.373449 -0.335091 -0.364998 -0.307183 -0.380166 -0.442848 -0.736043 -0.964199 -0.000079 0.000000 0.000099 0.085299 0.054314 -0.006112 0.000686 0.077756 0.074879 0.047017 -0.032802 -0.061520 -0.115568 -0.005190 -0.000004 0.000006 0.000099 0.000085 0.000000 0.000875 -0.435938 -0.221617 -0.000167 0.000000 0.000128 0.173436 0.084330 -0.002872
-9999.000000 -9999.000000 -9999.000000 -9999.000000 -9999.000000 -9999.000000 -9999.000000 -9999.000000 -9999.000000 -9999.000000 -9999.000000 -0.000119 -0.000055 -0.000054 0.000091 0.000053 -0.004765 -0.000076 0.000000 0.000081 0.000090 0.098060 0.033991 0.000000 0.009155 0.006734 0.138922 -0.075251 -0.079648 -0.075580 -0.006284 -0.000123 0.000000 0.000200 0.000335 -0.035646 -0.050576 -0.116718 -0.110501 -0.142327 -0.141874 -0.130726 -0.126071 -0.000136 -0.000008 -0.000007 0.000010 0.000035 0.000024 0.000000 0.000423 0.110475 -0.085663 -0.000156 0.000000 0.000222 0.049521 0.246746 0.230870
0.000000 -9999.000000 -9999.000000 -9999.000000 -9999.000000 -9999.000000 -9999.000000 -9999.000000 -9999.000000 -9999.000000 -0.000055 -0.000058 -0.000104 0.000031 0.000111 0.004938 0.130842 -0.001415 -0.000000 0.000002 0.059163 0.062228 0.070897 0.085562 0.060798 0.032876 0.259941 -0.095020 -0.167627 -0.240969 -0.017835 -0.000079 0.000000 0.000126 0.000571 -0.015082 -0.051640 -0.048527 -0.030026 -0.024170 -0.000881 0.009130 -0.000006 -0.000011 -0.000005 -0.000001 0.000004 -0.002798 -0.002829 -0.000001 0.000005 0.000012 -0.138289 -0.000089 0.000000 0.000084 0.000152 0.051032 0.143500
-0.000001 -9999.000000 -9999.000000 -9999.000000 -9999.000000 -9999.000000 -9999.000000 -9999.000000 0.000000 -0.054559 -0.000983 -0.000094 -0.000140 0.000048 0.000148 0.000062 0.052083 0.048117 -0.000000 0.000000 0.744325 0.144936 0.126905 0.117279 0.632094 0.623422 0.345707 -0.329035 -0.518108 -0.681308 -0.411132 -0.000002 -0.000000 0.000002 0.000013 -0.036427 -0.061296 -0.048342 -0.034627 -0.022595 0.007856 0.015506 -0.000000 0.021094 0.020798 -0.000001 0.000001 0.053307 0.070554 0.082774 -0.000005 0.000010 -0.010854 0.010037 -0.000000 0.000002 0.000085 0.083158 0.154921
-0.000138 -0.000001 0.000001 0.000018 0.000021 -0.001881 0.000410 0.002292 0.010785 -0.031723 -0.001348 -0.000092 -0.000115 -0.000051 0.000000 0.000281 0.009835 0.189912 0.253972 0.330112 1.062906 0.181492 0.146694 0.130479 0.573847 0.001655 -0.001246 -0.252800 -0.703452 -1.022097 -0.829322 -0.816014 -0.747497 -0.677006 -0.601197 -0.497947 -0.588885 -0.458764 -0.390795 -0.328206 -0.280515 -0.135796 -0.000000 0.013864 0.019950 0.037649 0.055302 0.066213 0.076089 0.076462 -0.000004 0.000006 0.004742 0.009920 0.001944 0.000300 0.043603 0.153057 0.168079
-0.000094 -0.000001 0.000001 0.000060 0.000072 0.000031 0.007187 0.010184 0.002606 0.001259 -0.000032 -0.000046 -0.000001 0.000021 0.000003 0.000014 0.023965 0.528976 0.620659 -0.000000 -0.029159 -0.034805 0.265583 0.104808 0.041883 0.000000 0.013208 0.044523 0.086732 -0.310466 -0.677483 -0.772371 -0.722703 -0.674083 -0.633588 -0.796995 -0.639979 -0.280481 -0.213194 -0.158561 -0.159499 -0.100153 -0.000005 0.000000 0.058110 0.066632 0.084888 0.106730 0.131222 0.121731 -0.000002 0.000002 0.002319 0.003015 0.148500 0.141483 0.520364 0.665776 0.421981
-0.000001 -0.000001 0.000000 0.000039 0.000062 0.000029 0.010457 0.014461 -0.000009 -0.000003 -0.000016 0.000028 0.019486 0.028515 0.020185 0.000000 0.050894 0.289438 -0.000064 -0.000000 0.000063 0.263446 0.440210 -0.004128 0.000262 0.000000 0.007844 0.009365 0.387367 0.240796 0.104527 0.040481 0.002996 -0.007695 0.001659 0.075515 -0.001687 -0.004051 -0.011585 -0.328416 -0.026878 -0.008913 -0.000005 -0.000000 0.000000 -0.000003 0.000355 0.000195 0.000050 0.137524 0.122881 0.313865 0.298852 0.346328 0.331462 0.245582 0.089686 0.074023 0.222718
-0.008489 -0.002601 -0.001506 -0.000004 0.000008 -0.000563 -0.001471 -0.000007 -0.000014 0.000000 0.000037 0.000035 -0.000759 0.000646 0.019336 0.024067 0.009876 -0.055507 -0.000068 -0.000001 0.000001 -0.086143 -0.147693 -0.045521 0.000000 0.006827 0.024360 0.667330 0.669184 -0.004799 -0.000027 0.000007 -0.003474 -0.005911 0.001672 0.003728 -0.000768 0.002255 0.002467 0.000409 -0.035616 -0.107302 -0.000064 -0.000001 0.000001 0.000061 0.007699 0.001015 0.137785 0.193586 0.145663 0.355842 0.311811 0.302321 0.268444 -0.000000 0.000000 0.000089 0.043710
-0.046253 -0.100802 -0.082047 0.002241 -0.003033 -0.037440 -0.035608 -0.087023 -0.000006 -0.000001 -0.000001 0.000013 0.000006 0.114397 0.030507 0.018410 0.018995 0.001726 -0.082351 -0.000001 0.000001 0.000008 0.048855 0.077817 0.034098 0.481177 0.954990 1.193769 0.793004 -0.000012 -0.000192 0.000033 0.000147 -0.011044 -0.011000 -0.000001 0.000001 0.012513 -0.000008 0.000008 0.000223 -0.011031 -0.018403 -0.000000 0.000000 0.000003 0.017979 0.179525 0.125697 0.000000 0.063104 0.486215 0.000046 0.000049 0.102107 -0.000001 0.000001 0.000033 0.044182
0.112518 0.063978 0.048655 0.013106 0.063529 0.080825 0.065929 0.069277 0.095996 0.017467 -0.000704 -0.009773 -0.023481 -0.060500 -0.037741 0.000886 0.033151 0.033053 0.037445 -0.046864 -0.000001 0.000003 0.080718 0.230933 0.349632 0.683759 0.776147 0.657141 -0.046204 -0.000000 0.000001 0.000484 0.000493 -0.036056 -0.034264 -0.015018 0.038300 0.050496 -0.000042 0.000044 0.000007 -0.002734 -0.006023 -0.004726 -0.004841 0.012362 0.017470 0.112185 -0.000003 0.000006 0.010885 0.004871 0.001515 0.000332 0.037790 -0.000000 0.000000 0.000089 0.052758
0.021095 0.020783 0.015677 0.029827 0.091901 0.077966 0.071239 0.060468 0.079496 0.128589 0.042853 0.027247 0.003681 -0.012470 -0.004337 0.002455 -0.007415 0.028359 0.055642 0.056413 0.020144 0.008663 0.006520 0.300937 0.396442 0.363054 0.126244 -0.661038 -0.000116 0.000000 0.001535 0.001581 0.001226 0.000479 0.080775 -0.029291 -0.091264 -0.000163 -0.000218 -0.000012 0.000001 0.000012 0.058487 0.118127 0.019244 0.021329 0.018712 0.000000 0.000031 0.000028 0.003020 0.002815 0.000963 -0.008129 0.007394 0.042014 0.126820 0.237872 0.265403
-0.080671 -0.094384 -0.060436 -0.055887 -0.080330 -0.032980 -0.002925 0.002229 0.010193 0.028656 0.017203 -0.001433 -0.031300 -0.068305 -0.109197 -0.000000 -0.018484 -0.016006 -0.002700 -0.000445 0.042708 0.076059 0.118573 0.202249 0.220326 0.194950 0.187227 -0.092134 -0.000003 0.000001 0.001385 0.001712 0.001547 0.000729 0.096744 -0.041396 -0.000133 -0.000395 -0.000444 -0.000037 0.000009 0.000040 0.070299 0.216038 0.032885 0.015568 0.007646 0.000000 0.000038 0.000024 0.001129 0.000961 0.002806 0.001369 0.118529 0.491568 0.352320 0.275111 0.246145
-0.048911 -0.058983 -0.030156 -0.028287 -0.029580 -0.020533 -0.001937 -0.000267 0.031705 0.061451 0.101514 0.038827 -0.001613 -0.032067 -0.110289 -0.000001 0.000003 0.052470 0.097205 0.158933 0.206615 0.248170 0.316153 0.243296 0.136872 0.000181 -0.025218 -0.099250 -0.000056 0.000000 0.000003 0.000004 0.000004 0.000212 0.000109 -0.014175 -0.000116 -0.000244 -0.000043 -0.000074 0.000049 0.000064 -0.006918 -0.011824 -0.008858 -0.000000 -0.000002 0.000005 0.000249 0.004315 0.000591 0.002625 0.002522 0.001411 0.053847 0.041795 -0.056165 -0.090552 -0.081010
-0.010650 -0.032701 -0.042194 -0.033293 -0.039474 -0.011872 -0.018937 -0.001424 0.002780 0.045793 0.045154 0.042136 0.022305 0.004147 -0.000166 0.000000 0.000135 0.037666 0.055977 0.088979 0.112991 0.172690 0.156643 0.137627 0.070806 -0.041623 -0.071541 -0.019125 -0.089803 -0.000087 -0.000003 0.000001 0.000003 0.000167 0.000090 -0.023907 -0.106380 -0.002908 -0.000451 -0.000002 0.000001 0.000483 0.046961 -0.055626 -0.000431 0.000000 0.000005 0.000005 0.001703 0.001231 0.003407 0.002226 0.001016 0.002504 0.000000 0.017440 0.021837 0.011154 0.000000
0.142352 0.110941 0.088444 0.058400 0.062615 0.065996 0.045423 0.036342 0.001621 0.038447 0.045261 0.053557 0.025824 0.006497 -0.000166 0.000000 0.153734 0.131599 0.147663 0.185564 0.204814 0.267050 0.193781 0.136062 -0.005961 -0.047937 -0.078749 -0.048693 -0.009665 -0.049928 -0.000012 -0.000173 0.000006 0.000183 0.019336 -0.019119 -0.132702 -0.005601 -0.000545 -0.000005 -0.000002 0.000005 0.000000 -0.000004 -0.000069 0.000000 0.000617 0.000558 0.002603 0.001518 0.009417 0.108329 0.048168 0.370466 0.074108 0.050418 0.032263 0.000000 0.035306
0.091222 0.064642 0.058466 0.050511 0.060634 0.055941 0.056754 0.065356 0.037175 0.008710 0.000082 0.017864 0.026910 0.009953 -0.075006 0.000000 0.018558 0.036067 0.023517 0.038878 0.046659 0.052821 0.038156 0.015850 -0.020442 -0.086256 -0.142118 -0.190252 -0.183561 -0.137763 -0.142255 -0.000450 -0.000004 -0.000002 0.000003 -0.000291 -0.000456 0.000499 -0.000091 -0.000120 -0.000004 0.000003 0.000003 0.000004 0.000017 0.000889 0.005374 0.001078 0.000317 0.003304 0.009615 0.108261 0.056971 0.053381 0.051630 0.039767 0.035812 0.018409 0.164764
0.038333 0.005026 -0.005415 -0.008986 0.000066 0.009855 0.015589 0.029377 0.094618 0.094377 0.122264 0.145666 0.242418 0.197096 0.130625 0.001327 -0.040435 -0.030984 -0.021743 -0.004089 0.013374 0.037683 0.047029 0.034101 0.010479 -0.010269 -0.090415 -0.095600 -0.106922 -0.165925 -0.075087 -0.086981 -0.000004 -0.000007 0.000005 0.000007 -0.000945 -0.000014 -0.000050 -0.000094 -0.000113 -0.000005 0.000006 0.000003 0.000038 0.000023 0.000200 0.002658 0.000283 0.000273 0.000072 0.001438 0.001521 0.000929 0.074576 0.222973 0.237435 0.305761 0.323570
0.099812 0.100939 0.111174 0.084354 0.076835 0.130253 0.114586 0.127346 0.204021 0.199118 0.195863 0.182656 0.173951 0.177726 0.088120 0.041218 0.069628 0.061064 0.067437 0.079684 0.065429 0.090294 0.071936 0.062286 0.048115 0.022799 0.021744 0.003674 -0.020702 -0.065816 -0.046572 -0.073677 -0.150196 -0.001056 -0.000004 0.000003 -0.007103 -0.007235 -0.006703 -0.030938 -0.000675 0.000000 0.000139 0.000902 0.000085 0.000024 0.000233 0.003276 0.007330 0.034505 0.014568 0.010380 0.006630 0.003404 0.067086 0.002328 -0.013281 -0.009637 0.008863
