use_cases/Flooding_chicago/flooding_data/output/hUx_3600.asc
ncols 337
nrows 393
xllcorner 428428.000000
yllcorner 4602440.000000
cellsize 26.757400
NODATA_value -9999.000000
[rows 104 to 129 of 393, columns 236 to 294 of 337]
1.457450 1.557495 1.831724 1.596718 1.716325 2.094689 1.548975 1.023671 0.419944 -0.061278 0.273876 1.268242 1.487121 1.868399 1.584994 0.768302 -0.155887 -0.000017 -0.000023 0.000027 0.000016 -0.670352 -1.687874 -0.565132 0.012166 0.021551 0.146363 0.544491 0.250179 0.251673 0.651816 0.914292 0.981551 1.387326 5.742830 6.925277 7.808209 7.253602 5.197504 5.213227 4.128000 3.642846 3.636116 2.407814 1.443170 0.761568 0.417595 -0.000204 0.000000 0.000189 0.290473 0.396221 -0.052027 -0.006488 -0.055937 -0.003334 -0.000514 -0.000000 0.000199
1.255994 1.474467 1.846438 1.732787 2.064792 2.127089 1.338309 1.174829 0.257867 -0.139339 0.394523 1.382311 1.704356 1.938177 1.881710 0.911550 0.022553 0.003702 -0.000015 0.000011 0.000013 0.120286 0.241287 0.063477 0.037798 0.057602 0.054935 0.516043 0.012759 0.091292 1.336058 2.316472 2.623752 4.908273 5.407058 5.629466 6.614352 5.132333 4.767559 5.255095 4.218778 3.657315 2.473124 1.282651 0.544467 -0.072210 -0.795654 -0.000070 0.000000 0.000566 0.004346 -0.000002 -0.000000 0.000000 -0.000006 -0.000795 -0.000647 -0.000000 0.000001
0.521443 0.638292 0.893510 1.199240 1.260030 0.916660 0.782950 0.685483 0.360386 0.753717 1.035825 2.298915 2.203295 2.118697 1.743722 0.232531 -0.214766 -0.000145 -0.000004 0.000004 0.000206 1.174238 0.584290 0.410090 0.443951 0.610947 0.768622 0.833725 0.108783 0.051278 1.612568 2.983980 3.057263 4.417698 4.720266 3.918053 3.987914 7.094907 5.708651 4.858867 3.877239 2.591890 1.381068 0.123075 -0.184385 -0.217649 -0.020495 -0.000000 0.000000 0.000317 0.000002 -0.000166 -0.000001 0.000000 0.000000 -0.000000 -0.000002 -0.000005 -0.000000
0.622445 0.817197 0.997510 1.217482 0.961441 1.031187 0.745155 0.549028 0.581132 0.783077 1.605932 2.689707 2.795935 1.859405 1.452420 -0.031763 -0.115843 -0.000102 -0.000000 0.000153 0.188786 0.649329 0.792800 0.635201 0.678336 0.777006 1.385803 1.662569 1.539238 1.819975 3.052802 2.950768 5.204105 5.740854 5.584501 4.445518 4.492040 5.496589 3.781934 2.951109 1.940334 0.901745 0.343938 0.528846 0.107933 -0.048838 -0.024040 -0.000001 0.000001 -0.000000 -0.000004 -0.000494 -0.000102 -0.000000 0.000000 0.000099 0.000360 0.000003 0.000000
0.673093 1.025156 1.204546 1.087720 1.041780 0.792740 0.678975 0.669828 0.778307 1.107437 1.594283 2.184592 1.562199 1.011335 -0.162636 -0.032055 -0.049056 -0.061694 -0.000000 0.100656 0.450832 1.373081 1.077358 0.747144 0.900051 1.124239 2.764179 3.198815 3.286030 5.525445 5.995492 4.090060 6.077876 6.478737 5.854287 4.417092 4.108990 3.415839 2.800982 3.454681 1.878729 0.517899 0.494436 0.493309 -0.837259 -1.521525 -0.023667 -0.000001 0.000001 -0.000003 -0.000019 -0.000016 -0.000262 -0.000063 0.000000 0.000137 0.000251 0.000269 0.000014
0.456105 0.657161 0.736750 0.701126 0.664550 0.436935 0.232314 -0.013132 -0.146009 0.017648 0.497642 0.796120 0.610942 0.449051 -0.084045 -0.045087 0.000822 0.034636 0.083018 0.573978 1.052944 1.139302 0.729961 0.898341 1.104791 2.582697 3.580307 5.360616 5.118798 5.943625 6.442630 6.874712 6.379282 5.320265 4.658188 4.448127 2.284551 3.010098 2.487470 2.914900 0.616208 0.410424 0.543503 0.245057 -0.118700 -0.241714 -0.045495 -0.000001 -0.000001 -0.000022 -0.000315 -0.000149 -0.000044 -0.000001 0.000001 0.000087 0.000094 0.000431 0.005597
0.196324 0.159601 0.217214 0.331276 0.435176 0.433548 0.249725 0.041212 -0.121884 -0.103690 0.083935 0.207615 -0.162962 -0.459013 -0.091818 -0.029387 0.070413 0.086664 0.131963 0.800089 1.113164 1.083409 1.141682 1.642370 3.199915 4.509243 4.895772 5.437307 6.311574 5.765546 6.237607 6.381328 5.607178 4.435998 3.751021 2.138847 2.040634 1.924121 2.609861 1.580709 0.256356 0.146119 0.002646 -0.038360 -0.131821 -0.298462 -0.128072 -0.000002 -0.000003 -0.000003 -0.000005 -0.000001 -0.000158 -0.000066 -0.000000 0.000002 0.000210 0.000547 0.009247
0.327872 0.216037 0.166293 0.238749 0.227874 0.125175 -0.052092 -0.238509 -0.426049 -0.326537 -0.104378 -0.331936 -0.263717 -0.348893 -0.261895 0.054926 0.310299 0.493964 0.747576 0.848762 1.887309 1.957749 2.403529 3.260244 3.876498 4.868690 5.406113 5.118953 5.496694 4.708265 5.135676 3.225807 2.568588 2.037995 1.885028 1.958600 3.066851 3.290464 1.892586 1.468033 1.708645 0.475545 0.085451 -0.029108 -0.065973 -0.130833 -0.139087 -0.000005 -0.000006 -0.000003 -0.000007 -0.000688 -0.000362 -0.000086 -0.000000 -0.000000 0.000000 0.000238 0.010606
1.046132 1.211311 1.371041 1.261533 1.190389 1.030025 0.839795 0.648681 0.495259 0.265303 -0.183746 -1.087138 -0.454484 -0.131342 0.337758 0.583347 0.782154 0.840410 0.752956 1.617242 2.604972 3.173539 3.636271 3.925378 4.237463 3.992758 4.223186 3.416005 3.500319 3.490438 2.566110 1.304584 2.042650 1.561065 1.668475 3.472923 4.791961 3.387729 2.919954 2.903705 1.629695 0.768970 0.161501 -0.037830 -0.080107 -0.125001 -0.210259 -0.181905 0.145030 0.076419 -0.040858 -0.002629 -0.002001 -0.000243 -0.000160 -0.000000 -0.000001 0.000002 0.000491
1.109600 1.155137 1.157017 1.068579 0.967037 0.800792 0.818054 0.721438 0.555769 0.373724 -0.316467 -0.129305 -0.124761 0.030469 0.421352 0.538863 0.953175 1.248072 1.617675 2.158088 3.207105 3.287185 3.117656 3.151543 2.838076 2.718387 3.411047 2.439086 1.831229 1.959125 1.285735 1.418136 2.246628 1.606916 2.860323 5.017488 4.420557 4.198683 2.440428 2.080211 0.301429 0.107933 -0.000978 -0.016919 -0.000304 0.000000 -0.252728 -0.251254 -0.333140 -0.348776 -0.387514 -0.507806 -0.014198 -0.003690 0.018838 0.021454 -0.015198 -0.000135 0.000021
1.120909 1.215991 1.094330 0.927065 0.610411 0.518002 0.213063 0.022441 -0.214058 -0.641941 -0.236000 -0.080050 0.151340 0.618381 0.810410 1.596297 2.174029 2.509701 3.039166 3.239764 3.323068 3.651379 3.716122 3.686315 3.320421 3.268571 3.160173 2.753446 2.400267 1.752830 1.980044 1.509003 2.775294 2.730144 2.622281 3.312060 2.390305 1.079797 0.483224 0.283755 -0.000314 -0.000003 -0.000010 -0.000014 0.000002 0.000000 -0.250289 -0.650919 -0.803784 -0.665361 -0.669626 -0.526207 -0.024373 -0.004302 -0.051863 -0.051640 -0.023548 -0.000027 0.000007
1.057962 0.767793 0.505708 0.537176 0.444963 0.317901 0.052013 -0.250184 -0.481432 -0.480138 -0.204113 0.037927 0.602630 1.161016 1.375896 2.283648 2.911495 3.101498 3.560496 3.886193 3.538503 3.911417 3.721831 3.842887 3.826964 3.596658 3.523445 2.701779 2.353011 2.553473 2.572162 2.509887 1.528853 2.050421 0.971436 0.836433 -0.244353 -0.340574 -0.146280 -0.004398 -0.000418 -0.000011 0.000014 -0.001175 -0.000348 0.000000 0.000065 0.262267 -0.098167 -0.096132 -0.088784 -0.136333 -0.012483 -0.002156 -0.000986 -0.000904 -0.002605 -0.000000 -9999.000000
1.026626 0.719224 0.681043 0.771051 0.647260 0.392950 0.062140 -0.034455 -0.548499 -0.636583 -0.098444 0.675668 1.492878 2.165016 2.644981 2.876776 3.702938 4.464234 4.363715 4.243178 4.434812 4.323623 4.185925 4.170753 4.026409 3.686714 3.687216 2.539696 2.833972 2.620698 2.247847 1.932304 0.944658 0.334759 -0.834627 -0.338340 -0.066491 -0.010664 -0.005216 -0.002369 -0.000065 -0.000176 0.000068 0.000002 -0.000023 0.000000 0.000141 0.006408 0.498402 0.306168 0.200024 0.050294 -0.391269 -0.000001 -0.000001 0.000002 0.000001 -9999.000000 -9999.000000
1.569557 0.912864 0.701947 0.577402 0.092919 -0.281193 -0.000163 0.000000 0.215966 -0.035440 0.729774 1.717599 2.824191 3.645771 4.093958 4.592481 3.968019 4.558465 4.947126 5.046987 6.046585 5.145811 5.097893 5.098911 4.977968 3.779377 3.512260 2.127075 1.695337 1.200621 0.653894 0.098717 -0.270514 -0.410505 -1.348313 -0.667364 -0.218246 -0.005362 -0.000724 -0.001942 -0.017863 -0.004092 -0.000002 0.000001 0.000002 0.000000 0.000003 0.008175 0.025918 0.603158 0.592613 0.465428 -0.000210 -0.000104 -0.000000 -9999.000000 -9999.000000 -9999.000000 -9999.000000
2.172093 0.999508 0.664975 0.419759 0.114572 -0.282168 -0.000494 0.000000 0.234613 0.676697 1.204097 1.729668 2.491360 3.711587 4.256797 3.921178 4.095962 4.980251 5.319616 5.871154 5.867494 5.682689 5.111575 5.203338 4.165442 3.644616 3.336295 2.765089 1.995887 1.027578 0.746781 0.221967 -0.058032 -0.879775 -1.119795 -1.297902 -0.514776 -0.005309 -0.001042 -0.000231 -0.001131 -0.001465 -0.000001 0.000001 0.010463 0.063747 0.023466 0.014462 0.027026 0.419293 -0.000704 0.000015 -0.000005 0.000000 -9999.000000 -9999.000000 -9999.000000 -9999.000000 -9999.000000
2.567312 1.316726 0.983747 0.764121 0.675741 0.347339 -0.001350 0.000000 0.002030 1.371206 2.437692 3.162338 3.209872 3.925948 3.744672 3.662246 4.350163 4.441591 4.910296 5.078725 3.974675 4.154899 4.170278 3.219606 3.228683 2.333543 2.948923 1.760800 0.808162 0.413486 -0.086904 -0.236827 -0.306739 -0.571836 -0.541729 -0.610846 -0.470012 -0.708416 -0.189117 -0.059361 -0.002520 -0.005853 -0.001782 0.001200 0.005511 0.003670 0.000369 0.009532 0.027431 0.199264 -0.011175 -0.000372 0.000000 -9999.000000 -9999.000000 -9999.000000 -9999.000000 -9999.000000 -9999.000000
0.057182 -0.048361 -0.177199 -0.375268 -0.210930 -0.242690 -0.000040 0.000006 0.347904 2.156447 2.885329 2.953897 3.255338 3.414890 4.236849 4.384738 4.288011 4.348559 4.398416 3.995894 2.935277 2.889482 2.606470 1.636026 0.895556 0.376649 -0.225079 -0.000847 0.000000 0.000384 0.005191 -0.017445 -0.053564 -0.120356 -0.484919 -0.373597 -0.444872 -0.386831 -0.100414 -0.041940 -0.073177 -0.010422 -0.040244 -0.027651 0.008795 0.005626 0.000000 0.000194 0.002816 0.000108 0.000050 0.000110 -9999.000000 -9999.000000 -9999.000000 -9999.000000 -9999.000000 -9999.000000 -9999.000000
0.028793 -0.005943 -0.057823 -0.466968 -0.428513 -0.000001 -0.000002 0.228866 1.183716 3.102995 3.607546 3.619670 3.594444 3.459091 3.278270 4.440213 3.572390 3.231232 3.012425 2.331928 1.367618 1.189721 1.105358 0.855080 -0.010559 -0.002383 -0.001810 -0.000067 0.000006 0.000011 0.000211 0.001151 0.000000 -0.151829 -0.823068 -1.286278 -1.148124 -0.195944 -0.018317 -0.002913 -0.006317 -0.005929 -0.028768 -0.035538 -0.057126 -0.000380 0.000000 0.000714 0.003256 0.000445 0.000198 0.000250 -9999.000000 -9999.000000 -9999.000000 -9999.000000 -9999.000000 -9999.000000 -9999.000000
-0.000001 -0.000000 0.000000 0.000000 -0.000000 0.000000 0.000467 0.552345 1.128761 2.234105 3.030323 3.377269 3.366686 3.851302 3.670926 3.436926 3.579779 3.367805 2.986708 2.110711 1.384840 0.959986 0.829550 0.248949 -0.012588 -0.005093 -0.002679 -0.000153 -0.000026 -0.000001 0.000002 0.000002 0.000001 -0.008853 -0.687466 -2.752838 -1.638712 -0.410073 -0.044105 0.000597 0.010788 0.014431 0.068525 0.059417 -0.035397 -0.000649 0.000000 0.001079 0.002556 0.000073 0.000247 0.000079 -9999.000000 -9999.000000 -9999.000000 -9999.000000 -9999.000000 -9999.000000 -9999.000000
-0.000090 -0.000009 -0.000000 0.000004 0.000007 0.000125 0.000769 0.857180 1.321593 2.422819 3.334949 3.778841 3.771773 4.228540 4.036642 3.610860 3.718764 3.448324 2.536345 2.047796 1.276769 0.717417 0.445412 0.153196 -0.008438 -0.001365 -0.000015 -0.000047 -0.000010 -0.000045 -0.000000 0.000000 0.000005 0.016359 -0.142118 -3.065536 -2.135448 -0.425210 -0.015004 0.008382 0.011008 0.007032 -0.000006 -0.000005 -0.000001 -0.000001 0.000001 0.000042 0.000015 0.000003 0.000008 -9999.000000 -9999.000000 -9999.000000 -9999.000000 -9999.000000 -9999.000000 -9999.000000 -9999.000000
-0.004030 -0.000403 0.000000 0.000022 0.000013 0.000138 0.000693 0.821695 1.328110 2.877539 3.617596 5.151799 5.328253 5.021173 4.754973 3.911088 3.698918 2.948744 2.789742 2.084135 1.324062 0.617249 -0.371137 -1.992557 -0.000860 -0.000523 -0.000304 -0.000011 -0.000062 -0.000003 -0.000000 0.000003 0.000158 0.032138 0.035649 -2.259438 -3.028779 -0.805161 -0.079920 0.014209 -0.010484 -0.003296 -0.000897 -0.000002 -0.000002 -0.000000 0.000195 0.000657 0.000000 0.000002 -9999.000000 -9999.000000 -9999.000000 -9999.000000 -9999.000000 -9999.000000 -9999.000000 -9999.000000 -9999.000000
-0.002208 -0.000537 0.000000 0.000210 0.000458 0.000571 0.000519 1.154288 1.487446 3.632046 5.900795 6.006085 5.523264 4.840213 3.983012 3.431445 2.603575 2.110077 2.191849 2.146817 1.903992 1.279571 0.949517 -0.038688 -0.000320 -0.000064 -0.000000 0.000004 0.000007 -0.000003 -0.000000 0.000003 0.000108 0.040370 0.112088 -1.074735 -4.461013 -3.508534 -0.294785 -0.000634 -0.002992 -0.003240 -0.001384 -0.000008 -0.000019 -0.000000 0.000134 0.000257 0.000015 -9999.000000 -9999.000000 -9999.000000 -9999.000000 -9999.000000 -9999.000000 -9999.000000 -9999.000000 -9999.000000 -9999.000000
-0.000001 0.000002 0.000012 0.000322 0.000532 -0.003648 0.075545 2.467521 3.499224 4.705189 5.006821 4.414223 4.030952 3.152222 0.985947 0.217235 -0.327921 -0.937477 -1.084041 -1.349701 -1.492394 -0.013766 -0.001269 -0.000638 -0.000167 0.000000 0.000070 0.000247 0.000011 0.129073 0.129093 0.083843 0.133608 0.051982 0.012421 0.015624 -1.789176 -2.752337 -1.415447 -0.010018 -0.007245 -0.006024 -0.001066 -0.005875 -0.000479 -0.000017 0.000001 0.000011 -9999.000000 -9999.000000 -9999.000000 -9999.000000 -9999.000000 -9999.000000 -9999.000000 -9999.000000 -9999.000000 -9999.000000 -9999.000000
0.000005 0.000297 0.034890 0.235214 -0.270791 -0.637382 0.404438 1.507231 4.179524 5.427696 4.281165 3.688690 2.921058 1.367370 0.401289 0.075539 -0.208230 -0.623861 -0.602947 -0.700803 -0.325199 -0.032584 -0.001547 -0.000602 -0.000109 0.000000 0.000094 0.000233 0.174303 0.131129 -0.000000 0.000000 0.000000 0.000004 0.000025 0.005249 -0.547008 -1.159372 -0.731651 -0.011454 -0.003967 -0.000955 -0.001884 -0.007725 -0.000421 -0.000008 0.000002 -9999.000000 -9999.000000 -9999.000000 -9999.000000 -9999.000000 -9999.000000 -9999.000000 -9999.000000 -9999.000000 -9999.000000 -9999.000000 -9999.000000
0.000086 0.000773 0.045928 0.262898 1.598346 1.428417 1.704142 1.617098 4.121149 6.160676 2.696208 -0.138998 -1.789885 -0.066057 0.027477 0.227963 0.243566 0.187726 0.035849 -0.810674 -0.220521 -0.077886 -0.001639 -0.001321 -0.000213 0.000000 0.000496 0.088002 -0.008656 -0.000268 -0.000003 0.000000 0.000003 0.000287 0.000921 0.015546 -0.606272 -1.244765 -1.284695 -0.003757 -0.000844 -0.002003 -0.002584 -0.010040 -0.000345 -0.000041 0.000006 0.000034 -9999.000000 -9999.000000 -9999.000000 -9999.000000 -9999.000000 -9999.000000 -9999.000000 -9999.000000 -9999.000000 -9999.000000 -9999.000000
0.000613 0.000148 0.099430 0.127675 0.139282 0.181569 0.525259 1.942781 3.995519 4.807575 2.118932 -0.201438 -0.045524 0.095653 0.130174 0.226938 -0.000839 -0.058661 -0.109710 -0.148984 -0.194435 -0.055637 -0.003907 -0.000945 -0.000018 0.000018 0.000394 0.068789 -0.027411 -0.000487 -0.000004 0.000002 0.000003 0.000645 0.001687 0.022083 -0.717171 -1.105676 -0.637226 -0.002639 -0.001337 -0.016448 -0.011579 -0.009492 -0.009779 -0.000002 0.000005 0.000049 -9999.000000 -9999.000000 -9999.000000 -9999.000000 -9999.000000 -9999.000000 -9999.000000 -9999.000000 -9999.000000 -9999.000000 -9999.000000
