use_cases/Flooding_chicago/flooding_data/output/hUx_3120.asc
ncols 337
nrows 393
xllcorner 428428.000000
yllcorner 4602440.000000
cellsize 26.757400
NODATA_value -9999.000000
[rows 260 to 285 of 393, columns 59 to 117 of 337]
0.159449 0.107136 -0.004553 -0.000225 0.025265 0.073900 0.025129 0.079993 -0.662736 -0.024859 -0.005923 -0.000076 0.000233 -0.054393 -0.276606 -0.023288 -0.006475 -0.000382 -0.050569 -0.008653 -0.000059 0.000518 0.017404 0.027732 0.109727 0.042773 0.108408 0.640463 0.527924 1.063960 1.014930 1.572634 1.691262 1.724097 1.095421 0.779268 0.376514 -0.150826 -0.602066 -1.031982 -1.221557 -1.173534 -1.133951 -0.693419 -0.645406 -0.325955 -0.000418 0.068357 -0.045598 -0.160329 -0.001688 0.044474 -0.182133 -0.391018 -0.464559 -0.477743 -0.759653 -0.723595 -0.783923
-0.060880 -0.119119 -0.045591 -0.006573 -0.004979 -0.019457 -0.003972 -0.005136 -0.041368 -0.024510 -0.005982 0.000003 0.006651 0.030578 -0.057601 -0.008388 -0.002319 -0.002925 -0.006515 0.000543 0.000429 0.000347 0.008598 0.015266 0.022377 0.054698 0.136800 0.587309 0.500708 0.598557 1.427104 1.481372 1.784805 1.331760 1.007156 0.519307 -0.160184 -0.499432 -0.611499 -0.726062 -1.079815 -1.042584 -1.098547 -1.111233 -0.715191 -0.723612 -0.308463 -0.261326 -0.199384 -0.237297 -0.003140 0.056032 -0.091036 -0.159657 -0.181672 -0.182935 -0.210669 -0.283323 -0.199379
-0.071294 -0.139227 -0.057950 -0.028748 -0.044632 -0.078441 -0.033513 -0.010310 -0.031763 -0.018754 -0.000326 0.000208 0.009289 -0.008280 -0.043354 -0.001613 -0.001119 -0.000887 -0.000521 0.001020 0.000667 0.000503 0.000294 0.008598 0.015991 0.024308 1.121180 1.275854 0.646611 0.635701 1.339115 1.819519 1.730770 1.471773 0.810972 0.360731 -0.199868 -0.784067 -0.803387 -0.858536 -1.202161 -1.138397 -1.188831 -1.291561 -0.910150 -0.866054 -0.921621 -0.738087 -0.593372 -0.313446 -0.297708 -0.246723 -0.298006 -0.337079 -0.274467 -0.251433 -0.156065 -0.158770 -0.058663
-0.043098 -0.000686 -0.004275 -0.018579 -0.076868 -0.054696 -0.017301 -0.026036 -0.010848 -0.020855 -0.014749 0.010547 0.209116 -0.152176 -0.240572 -0.331711 -0.018608 -0.008801 0.023664 0.024254 0.104284 0.123620 0.031955 0.010191 0.004861 0.056117 0.687914 0.913462 0.785538 1.518912 1.750960 1.867281 1.162176 0.865005 0.116629 0.011991 -0.003220 -0.280903 -0.755538 -0.820458 -1.267975 -1.337087 -1.553391 -1.646748 -1.507360 -1.309028 -1.169340 -1.073198 -1.116263 -0.760889 -0.653307 -0.578648 -0.520096 -0.624882 -0.564143 -0.554404 -0.591435 -0.461636 -0.517721
-0.134342 -0.009435 -0.000353 0.000099 0.006830 0.098330 -0.025089 -0.030532 -0.008232 -0.019445 -0.005202 0.019096 0.348432 0.256094 0.116513 -0.213161 -0.026277 0.003683 0.016315 0.011157 0.070337 0.140438 0.069784 0.012277 0.004238 1.091151 1.701170 1.168074 1.312087 1.505270 1.642119 1.339962 0.785414 0.383596 -0.158701 -0.246004 -0.005534 -0.006168 -0.224561 -0.802838 -0.877427 -0.897309 -0.880063 -1.204072 -1.336690 -0.854525 -0.784283 -0.745860 -0.869270 -0.647651 -0.612187 -0.275034 -0.323184 -0.239913 -0.239948 -0.206359 -0.274809 -0.367448 -0.377707
-0.126058 -0.014036 -0.006928 -0.000041 0.008840 0.018784 -0.005782 -0.000765 -0.000326 0.000611 0.004178 0.009615 0.102128 0.121858 0.085958 -0.038232 -0.106812 -0.008315 -0.000149 0.005883 0.016178 0.123809 0.295328 0.329086 0.928837 0.796296 0.872818 0.110804 0.106199 0.091343 0.157976 0.178286 0.135172 -0.119337 -0.471135 -0.648915 -0.645205 -0.005254 0.000190 0.000285 0.112286 -0.009398 -0.394373 -0.932765 -1.268342 -1.388145 -0.840808 -0.795889 -0.792395 -0.852724 -0.432037 -0.338225 -0.249497 -0.204199 -0.006011 -0.004876 -0.000924 0.001800 0.065327
-0.153499 -0.015197 -0.008731 -0.000876 0.000478 0.009978 0.000143 -0.007826 -0.000073 0.005252 0.002287 -0.006035 -0.032950 -0.022182 -0.002140 -0.014065 -0.040583 -0.011350 -0.005411 0.000000 0.009001 0.015294 0.337873 1.494943 1.326970 0.730180 0.152280 -0.332757 -0.544714 -0.498911 -0.178217 0.003460 -0.074542 -0.002220 -0.000499 -0.411111 -0.417960 -0.037174 -0.000222 0.000222 0.053003 0.015055 -0.082833 -0.405458 -0.937046 -1.224540 -1.090959 -1.067506 -1.105910 -1.161596 -1.048685 -0.766897 -0.565775 -0.297466 -0.005766 -0.002533 0.002827 0.006937 0.043882
-0.099028 -0.312069 -0.046247 -0.002970 -0.000257 0.000848 0.000226 -0.001374 -0.001508 0.000250 0.001416 0.000842 0.002583 -0.037267 -0.026029 -0.038898 -0.080236 -0.010651 -0.000663 0.000046 0.000596 0.008968 0.330325 0.161732 0.774776 0.000504 -0.226231 -0.870744 -0.949386 -1.176547 -0.844855 -0.765929 -0.725145 -0.402764 -0.008155 -0.001333 -0.054582 -0.002518 0.011448 0.005009 0.152145 0.103441 -0.096457 -0.288238 -0.788698 -0.846183 -0.913144 -1.336751 -1.321347 -1.385496 -1.311025 -1.273726 -1.003689 -0.454944 -0.158419 -0.123994 -0.104849 -0.023219 0.011561
-0.008996 -0.045313 -0.042619 -0.006429 -0.007353 -0.000670 -0.000056 0.000810 0.000683 0.003454 0.004146 0.001420 0.022297 -0.011745 -0.045257 -0.053056 -0.101626 -0.007667 -0.000020 0.008095 0.017061 0.319979 0.320235 0.177056 -0.000102 0.000086 0.024569 -0.180129 -0.682526 -0.636510 -0.571791 -0.679121 -0.892723 -0.950880 -0.024514 -0.011458 -0.069719 -0.075893 0.020097 0.363984 0.370577 0.340173 0.000367 -0.210362 -0.251261 -0.503107 -0.645847 -0.699525 -0.884559 -1.039173 -1.197643 -0.929733 -0.964549 -0.628750 -0.554479 -0.464740 -0.392968 -0.340885 -0.265387
-0.000782 -0.037269 -0.047300 -0.021434 -0.001277 -0.000501 0.001139 0.000979 -0.000142 -0.002929 -0.000360 0.000360 0.010487 0.027328 -0.050121 -0.094627 -0.079314 -0.109017 -0.000000 0.025317 0.088155 0.320924 0.106113 0.032954 -0.000152 0.000304 0.011627 0.040661 -0.173703 -0.602683 -0.654558 -0.605519 -1.107086 -1.226526 -0.469748 -0.167998 0.093459 0.315109 0.499964 0.528814 0.470218 -0.012938 0.003307 0.015273 0.230295 -0.177927 -0.492613 -0.622465 -0.812419 -1.008117 -1.320112 -1.326464 -1.004347 -0.589514 -0.525841 -0.479451 -0.453569 -0.473027 -0.321484
-0.009775 -0.013673 -0.060759 -0.023040 -0.001061 0.000879 0.009198 0.003040 -0.093389 -0.011947 -0.000360 0.000360 0.004303 0.003058 -0.039473 -0.036807 -0.026445 -0.006591 -0.073415 0.000000 0.007021 0.098010 0.002159 -0.006074 -0.000003 0.006204 0.020028 0.037821 1.198135 0.019330 -0.483174 -0.573927 -0.988367 -1.153319 -0.594921 -0.430479 -0.203827 0.045172 0.204732 0.195918 -0.020530 -0.013489 0.022302 0.039917 0.182267 0.007667 -0.192310 -0.396091 -0.369851 -0.432332 -0.551075 -0.480157 -0.552607 -0.435888 -0.357985 -0.329100 -0.348727 -0.416904 -0.527640
-0.001201 -0.001994 -0.005268 -0.007973 -0.001021 0.000942 0.023516 0.060405 0.007425 -0.140442 -0.004636 -0.002066 0.002688 0.003191 0.150962 0.047766 -0.004393 -0.030032 -0.116787 0.000000 0.006119 0.011167 -0.024549 -0.000846 -0.000082 0.000802 0.014302 0.028348 1.332806 -0.040894 -1.178595 -1.392701 -1.510731 -2.434415 -1.793530 -0.738321 -0.499602 -0.244702 -0.079178 -0.013762 0.000000 0.041432 0.051991 0.063714 0.044699 0.044028 0.031689 0.275863 0.230946 0.099317 0.090750 -0.053936 0.033556 0.117313 0.108859 0.063405 0.011232 -0.136741 -0.171917
0.001125 -0.001367 -0.004761 -0.006285 -0.000822 0.000788 0.017496 -0.009379 -0.034457 -0.132964 -0.003571 -0.000649 0.001986 0.001566 0.146956 0.097517 0.047624 0.079153 0.063316 0.057734 0.237152 0.054329 -0.058680 -0.001309 -0.000573 0.001420 0.008806 0.024078 0.032886 0.049417 -1.009938 -1.706113 -1.905197 -3.224652 -3.656940 -2.046501 -1.610586 -0.731599 -0.102974 -0.000000 0.127486 0.111576 0.092619 0.084367 0.050374 0.025499 -0.000464 0.000322 -0.005327 0.050086 0.496119 0.485504 0.751782 0.261528 0.267643 -0.003256 -0.006448 0.026855 0.318482
0.003260 0.001886 -0.000943 -0.002211 -0.000391 0.000384 0.012766 -0.012734 -0.036627 -0.132157 -0.002228 0.001179 0.071807 0.092249 0.177188 0.151104 0.038607 0.037726 0.061483 0.056516 0.725577 0.114601 -0.014296 -0.018593 -0.000447 0.000875 0.009066 0.018526 0.021911 0.032540 0.109600 -0.083983 -0.699447 -1.034393 -1.548242 -1.866216 -1.774276 -0.959428 -0.160558 -0.000008 0.141742 0.279083 0.233848 0.097551 0.059917 0.033217 -0.001241 0.000334 0.001667 0.198399 0.798803 0.483276 0.477101 0.509642 0.002884 -0.005481 0.000000 0.123723 0.718932
0.002664 0.002187 0.000636 -0.000031 -0.000420 -0.000083 0.001005 -0.018943 -0.040159 -0.132877 -0.003098 -0.000201 0.002274 0.001727 -0.175035 -0.107592 -0.000534 0.000315 0.000578 0.090747 0.290379 -0.024909 -0.000240 -0.000112 0.001218 0.019072 0.038170 0.009430 0.022922 0.018559 0.084538 0.224549 0.027357 -0.557138 -1.017916 -1.261120 -1.826187 -1.626903 -0.724201 -0.000207 0.070302 0.094146 0.125035 0.116211 0.070023 0.042728 -0.000540 0.000720 0.265615 0.987033 1.496816 0.892711 0.276275 -0.055057 -0.000467 0.000351 0.030857 0.037711 -0.052262
0.018077 0.068592 0.108553 -0.079630 -0.021634 -0.028095 -0.101363 -0.244441 -0.197782 -0.143410 -0.003643 -0.002155 0.002315 0.003323 0.001771 0.000389 0.000234 0.000679 0.006043 -0.004032 -0.082218 -0.003946 -0.000222 0.000222 0.011631 0.021369 0.031453 0.039672 0.035472 0.127875 0.061861 0.038093 0.041115 -0.000000 0.009512 -0.985113 -1.454519 -1.445900 -1.169862 -0.048896 0.068741 0.091275 0.101702 -0.001264 0.000343 0.001489 0.085958 0.140542 0.757327 0.882200 0.693015 -0.201205 -0.151338 -0.087401 -0.001286 0.000657 0.001223 0.055352 -0.031622
0.006185 0.009350 0.004336 -0.049546 -0.148274 -0.092522 -0.053308 -0.051236 -0.031460 -0.002234 -0.003277 -0.000378 0.002805 0.002378 -0.038688 -0.051481 -0.059752 0.003814 0.067323 0.042196 0.016549 -0.003716 -0.000205 0.000017 0.001035 0.062253 0.069001 0.117883 0.184887 0.326702 0.244208 0.150470 -0.045287 -0.000010 0.010481 0.152179 -0.644041 -0.651921 -0.577338 -0.079813 0.041626 0.020455 -0.003229 -0.003411 0.001338 0.003777 0.018124 0.032466 0.147941 0.164643 0.065829 0.050919 -0.006540 -0.016343 -0.001020 0.000535 0.000920 0.029278 -0.007620
0.049638 0.068911 -0.017318 -0.069287 -0.168018 -0.061564 -0.022848 -0.024001 -0.011629 -0.001276 -0.001132 0.000311 0.001219 -0.226430 -0.062466 -0.078340 -0.083701 -0.026769 0.025086 0.044860 0.041418 0.052836 0.042018 0.024215 0.031554 0.017219 0.483747 0.046642 0.125704 0.336737 0.313334 0.206284 -0.043577 -0.000360 0.000360 0.016145 -0.552302 -1.280837 -1.550073 -0.649224 -0.292538 -0.071095 -0.006709 -0.006749 -0.004763 0.000007 -0.021632 0.009465 0.000172 -0.049451 0.005887 0.216798 0.236533 0.006093 0.001102 0.075096 0.097302 0.077662 -0.007097
0.069226 -0.164118 -0.311492 -0.328480 -0.069552 -0.117361 -0.033191 -0.002794 -0.000549 -0.000709 -0.000992 0.000891 0.001187 -0.285771 -0.055027 -0.000686 0.000064 -0.055201 -0.072850 -0.123757 -0.000128 0.000585 0.030809 0.041441 0.046040 0.021907 0.396243 0.047835 0.022067 0.015207 0.006459 0.002308 -0.000118 -0.000360 0.000360 0.020169 0.077183 -0.381432 -1.072385 -0.447296 -0.255842 -0.124367 -0.008177 -0.005824 -0.000352 0.000352 0.008379 0.461682 0.059983 -0.057427 0.008714 0.044111 0.027089 0.025427 0.012377 0.001771 -0.002667 -0.074328 -0.028307
-0.025553 -0.239154 -0.300278 -0.305389 -0.026079 -0.026548 -0.018927 -0.040770 -0.060956 -0.147942 -0.041193 0.000064 -0.121287 -0.167999 -0.031562 -0.002004 -0.002432 -0.000459 0.000727 0.001247 0.002110 0.001617 0.013582 0.012380 0.000000 0.070560 0.148393 0.067651 0.026361 0.016787 0.006830 0.002398 0.000000 0.009368 0.022547 0.540423 0.181759 -0.162094 -0.642574 -0.492414 -0.434662 -0.181824 -0.250380 -0.025703 -0.000007 0.000942 0.001991 0.028282 -0.090351 -0.182503 -0.293453 -0.307309 -0.256886 -0.183808 -0.069442 -0.006302 0.024171 0.028905 -0.000555
-0.029738 -0.159082 -0.267376 -0.007340 -0.011571 -0.003613 0.001498 -0.231344 -0.112885 -0.225647 -0.072446 0.000003 -0.061598 -0.076475 -0.014205 -0.025269 -0.004830 -0.002597 0.002382 0.004986 0.003088 0.014612 0.018719 0.028991 0.028613 0.009991 0.021639 0.089415 0.146824 0.158089 0.053985 0.014327 0.000000 0.005317 0.403731 0.212486 0.336749 -0.173550 -1.538811 -1.427742 -0.917978 -0.804289 -0.376116 -0.107503 0.000007 -0.017106 0.016774 0.040114 0.053317 0.027191 0.029854 0.079297 -0.112771 -0.194682 -0.127162 -0.075633 -0.011077 0.006429 -0.000396
0.355995 0.258243 -0.001413 -0.003252 -0.002254 0.001008 -0.259549 -0.337107 -0.393073 -0.066588 -0.137380 -0.188149 -0.177228 -0.603321 -0.351820 -0.045999 -0.005008 0.008501 0.014293 0.005463 0.047484 0.040920 0.029662 0.027975 0.020237 0.061478 0.083879 0.121831 0.142949 0.189506 0.253090 0.078762 -0.040247 -0.094210 -0.011490 0.097434 0.089154 -0.015774 -0.413758 -1.151991 -1.197724 -1.218254 -0.752231 -0.362489 -0.150304 -0.177917 -0.085384 0.059245 0.248247 0.239806 0.188126 0.084408 -0.063316 -0.116310 -0.070222 -0.093143 -0.004721 0.008419 -0.000518
0.000907 0.185471 0.160756 0.041960 -0.059653 -0.153816 -0.201324 -0.223850 -0.072035 -0.089045 -0.144132 -0.169095 -0.172573 -0.226975 -0.023637 -0.009226 0.000017 0.000934 0.004107 0.005195 0.002314 0.015169 0.013663 0.011565 0.007751 0.032200 0.051622 0.013918 0.063852 0.138866 0.621626 0.388322 0.258165 0.338392 0.397753 0.364736 0.329078 0.186575 0.001620 -0.568200 -0.892549 -1.268013 -1.147317 -0.832134 -0.389339 -0.246736 -0.086913 0.108182 0.167914 0.157006 0.114998 -0.080813 -0.575486 -0.422753 -0.306858 -0.066548 -0.028157 -0.014388 -0.123189
0.024011 0.449332 0.256350 0.068700 -0.029540 -0.021600 -1.327045 -0.285913 -0.035774 -0.000396 0.000330 -0.071050 -0.140895 -0.019325 -0.011079 -0.000924 0.000371 0.000884 0.002412 0.002154 0.000667 0.003323 0.083427 0.081118 0.203240 0.002010 0.012926 0.007301 0.020660 0.040219 0.450059 0.238040 0.272722 0.344038 0.398141 0.374135 0.467457 0.244201 -0.030406 -0.014551 -0.029160 -0.070488 -0.470109 -0.546035 -0.376545 -0.269388 -0.150299 -0.044890 0.007096 -0.050961 -0.094420 -0.054944 -0.259935 -0.349766 -0.287276 -0.088110 -0.116988 -0.167741 -0.387718
0.372082 0.298728 0.365337 0.079109 -0.028970 -0.246104 -0.874019 -0.391882 -0.004607 -0.000555 0.000401 -0.025533 -0.097205 -0.032134 -0.017697 -0.000950 0.000866 0.023215 0.039905 0.035266 0.000145 0.000184 0.000577 0.051476 0.274473 0.142569 0.053296 0.063137 0.026928 0.053445 0.120365 0.787654 0.794397 0.700527 0.604688 0.447829 0.234220 -0.144999 -0.262656 -0.038073 -0.008561 -0.007538 -0.030078 -0.058005 -0.141105 -0.098880 -0.043302 0.002177 -0.025554 -0.103838 -0.152505 -0.145535 -0.130132 -0.308509 -0.340320 -0.221648 -0.110044 -0.144514 -0.110833
0.312605 0.139111 0.040787 -0.022574 -0.127789 -0.214938 -0.241082 -0.111239 -0.022467 -0.010071 0.000013 0.049199 -0.020813 -0.033308 -0.017514 -0.000831 0.000764 0.016045 0.040270 0.002154 -0.056403 -0.010221 -0.000003 0.007242 0.015577 0.225925 0.148145 0.082384 0.107524 0.057949 0.078163 0.044001 0.027930 -0.060388 -0.076254 0.072902 -0.047103 -0.289582 -0.492591 -0.251786 -0.055915 0.023640 0.043635 -0.030272 -0.059549 -0.041787 -0.031009 -0.018760 -0.031656 -0.086692 -0.103498 -0.094217 -0.106626 -0.226312 -0.285500 -0.331636 -0.174794 -0.190714 -0.093744
