use_cases/Flooding_chicago/flooding_data/output/hUx_3540.asc
ncols 337
nrows 393
xllcorner 428428.000000
yllcorner 4602440.000000
cellsize 26.757400
NODATA_value -9999.000000
[rows 130 to 155 of 393, columns 118 to 176 of 337]
-0.000027 -0.000021 -0.049529 -0.078004 -0.064522 0.012948 0.106149 0.194441 0.280469 0.352129 0.462993 0.506080 0.647467 0.751755 0.793663 0.896276 0.927135 1.006524 0.815426 0.919894 0.909081 0.781952 0.835570 0.868511 0.565537 0.475375 0.236846 0.140697 0.096734 0.000325 0.318648 0.693363 -0.067440 -0.004307 -0.004046 -0.004958 -0.000023 -0.000369 -0.000034 0.000000 0.000096 0.000189 0.000577 0.001336 0.003492 -0.002136 -0.018987 -0.003143 -0.001811 -0.001116 -0.000333 -0.000005 -0.000008 0.000009 0.000004 0.000006 0.000003 0.000002 0.000259
-0.000030 0.000080 0.013179 -0.120543 -0.075117 0.059490 0.199645 0.285455 0.397809 0.497313 0.650752 0.705403 0.806179 1.068298 1.015612 1.085254 1.201012 1.176391 1.088229 1.040476 0.997523 0.822144 0.832581 1.218340 1.123493 0.675174 0.569004 0.270253 0.201028 0.000972 0.204996 0.319072 0.336354 0.371128 -0.049527 -0.004140 -0.000475 -0.000010 0.000000 0.000000 0.000177 0.000673 0.000666 0.001234 0.004428 0.000072 -0.001639 -0.000999 -0.000834 -0.000618 -0.000305 -0.000001 -0.000000 -0.000000 0.000000 0.000018 0.000001 0.000134 0.000310
0.000058 0.000206 0.000087 0.438998 0.550723 0.436810 0.388003 0.458552 0.511039 0.806961 0.954953 1.023329 1.154129 1.365548 1.385136 1.557975 2.103130 2.067538 2.328681 2.051744 1.856082 1.977263 1.521314 1.827359 1.861828 1.322811 1.150457 1.067065 1.095891 0.577467 0.459424 0.523685 0.370128 0.387388 0.240696 -0.193406 -0.000217 -0.000000 0.000000 0.000176 0.000378 0.000004 0.000011 0.000000 -0.000074 -0.000027 -0.000926 -0.000603 -0.000825 -0.001060 -0.000503 -0.000002 -0.000002 0.000000 0.000042 0.000374 0.000000 0.000116 0.000625
-0.000048 0.000154 0.000081 0.285046 0.396399 0.499328 0.429762 0.522967 0.625882 0.731146 1.236105 1.327716 1.481755 1.568358 1.575850 1.769332 2.388448 2.346078 2.601510 2.608560 2.614992 2.408116 2.453092 2.690331 2.441236 2.384357 2.435114 2.270436 2.202320 1.776805 1.549599 1.222339 1.281873 1.005435 0.824527 0.452481 -0.000980 -0.000000 0.000000 0.000192 0.001727 0.000024 0.000001 -0.001844 -0.000503 -0.000101 -0.001165 -0.001174 -0.000834 -0.000240 -0.000125 -0.000001 -0.000001 0.000001 0.000151 0.000606 0.000004 0.000242 0.000461
-0.000020 0.000050 0.277150 0.693770 0.757021 0.744521 0.786828 0.829726 0.886941 0.952395 1.263299 1.577887 1.625106 1.810908 1.795800 1.802130 2.385573 2.548837 2.547304 2.875798 2.613770 2.402572 2.487451 2.470622 2.354918 2.673723 2.702837 2.545273 2.421675 1.964159 1.807934 1.539568 1.321812 1.118609 1.291813 1.253537 0.466423 0.000449 0.000029 0.000014 0.000112 0.002185 -0.157200 -0.196518 -0.002605 -0.000482 -0.000337 -0.000312 -0.000182 -0.000178 -0.000008 -0.000000 0.000001 0.000244 0.000655 0.001192 0.000007 0.000183 0.000768
0.127970 0.785115 0.809021 1.009335 1.098892 1.022805 1.240995 1.249959 1.328359 1.435343 1.522135 1.891569 2.324089 2.203790 2.489294 2.291801 2.407036 2.406291 2.440479 2.607577 2.544205 2.381660 1.898317 1.768686 1.964078 1.699630 1.608737 1.633142 1.677801 0.902418 1.723777 1.754037 2.613556 2.431164 3.343618 3.763739 3.677562 2.511075 2.257242 1.910285 1.335542 1.379066 0.603207 -0.201306 -0.916023 -0.001445 -0.000212 -0.000029 -0.000406 -0.000240 -0.000001 0.000000 0.000000 0.000127 0.000550 0.001743 0.001521 0.243842 -0.199864
0.695337 0.420240 0.556770 0.795627 0.758673 0.988677 1.033516 1.239210 1.289336 1.412606 1.533885 1.612203 1.709462 1.919991 2.161980 2.452738 2.230586 2.278389 2.715696 2.902308 2.967941 2.744476 2.667924 2.409711 2.240697 2.336625 1.921196 2.225332 1.987837 2.127052 2.744821 2.582723 3.782484 4.109915 4.279357 4.295257 4.175875 2.892989 2.554959 2.110436 2.406652 2.794609 1.727285 0.656557 0.410621 -0.001441 -0.000230 -0.000000 -0.000929 -0.000746 -0.000263 0.000000 0.000160 0.000707 0.001356 0.012520 -1.379514 -1.676693 -1.243437
0.462030 0.421187 0.357426 0.375031 0.543735 0.612898 0.614864 0.745595 0.820928 0.846053 0.985872 1.121334 1.382703 1.463757 1.706152 1.853343 1.750509 1.798283 2.258880 2.346926 2.764786 2.630729 3.007285 2.771796 2.481095 2.019018 2.217571 1.860903 2.216774 4.057650 4.369382 4.965921 4.808163 4.763343 5.091212 4.926237 4.523967 2.975996 2.455500 1.902299 2.429160 2.826746 2.068019 0.926898 0.491434 0.179677 -0.000201 -0.000000 -0.001776 -0.000121 -0.000000 0.000002 0.000002 0.000380 0.005050 -1.328561 -1.536562 -0.940851 -0.164539
0.054224 0.144694 0.072730 0.242023 0.327859 0.426056 0.441208 0.521406 0.552707 0.595626 0.745682 0.886725 0.934839 1.083736 0.977154 1.575108 1.181267 1.308993 1.923063 2.172094 2.238634 2.041974 3.063543 3.096412 3.027171 2.708315 3.063057 3.527075 4.903954 4.867750 4.975586 6.033364 5.812820 5.681403 5.979965 5.689976 4.974615 2.964522 3.311552 2.600432 2.147419 3.086221 2.860813 2.075870 2.205334 1.986886 1.712628 0.764101 0.479305 0.203613 -0.000000 0.000002 0.000000 0.000001 0.507515 -0.035063 0.514947 1.724798 2.534226
0.312769 0.239797 0.293616 0.355371 0.345663 0.329817 0.255076 0.266987 0.315262 0.516777 0.729164 0.842436 0.843699 1.018860 1.539444 2.088763 1.431691 1.629480 1.845631 2.770534 2.390345 2.679631 2.879926 3.768147 3.868270 4.164176 5.062081 5.136154 5.958988 5.418707 5.615879 6.625492 6.135535 5.930559 6.632935 5.234507 5.849919 5.391993 6.489970 5.679691 5.126876 4.299022 5.839015 5.047969 4.905972 4.604836 4.255449 3.286015 3.397381 4.877825 6.163125 5.331301 5.560733 3.500621 5.289464 5.562796 6.848608 6.460215 5.649182
0.208719 0.202229 0.326986 0.449702 0.359427 0.255205 0.190993 0.202235 0.294637 0.483341 0.619157 0.693529 0.724590 0.897478 1.267927 1.539918 1.350937 1.581378 1.817348 2.059762 2.372368 2.668324 2.877887 3.783535 3.790901 5.090131 5.740662 5.051330 5.688962 4.895067 4.718285 4.973166 4.031760 5.444117 7.225904 5.645532 6.404228 8.434100 7.588072 10.052388 6.496316 7.688294 8.121801 8.138430 8.055697 7.770671 7.417675 6.523179 7.286290 10.635380 13.083565 12.000507 11.100393 11.024306 7.375847 10.229885 8.589900 8.186410 8.067797
0.172624 0.225683 0.264911 0.285924 0.319689 0.340107 0.475706 0.512412 0.646498 0.736795 0.804490 0.662508 0.637510 0.997685 1.452257 1.400699 1.736652 1.935287 1.803153 1.944026 2.901624 2.417542 2.511256 2.562121 3.578146 3.183382 3.636697 3.953669 3.473986 2.800113 2.478606 2.410067 0.521973 0.350282 0.980775 0.433503 1.830927 3.703482 6.121124 6.024016 5.830312 10.995891 8.856421 8.064557 9.048843 8.145304 9.632821 9.389720 10.424040 10.023614 8.937769 8.195608 10.853270 10.030437 6.043639 7.166218 6.063859 5.810711 7.375572
0.207290 0.162770 0.232212 0.212311 0.266177 0.310621 0.478806 0.419834 0.454110 0.490030 0.439581 0.508417 0.676505 1.071238 1.584938 1.666301 1.837024 1.844233 1.780617 1.985847 2.277238 2.003636 2.022077 1.957541 1.888809 2.413293 1.911325 1.952621 1.464044 0.719936 0.470929 -0.006676 -0.000185 -0.000000 -0.000001 -0.000000 0.000000 0.000436 0.105830 1.903286 3.831379 5.617639 5.424592 6.038948 5.404595 5.233683 5.748209 6.298469 5.376547 3.051620 2.181077 2.832012 4.873549 6.651603 4.288499 3.982023 3.724347 3.639836 5.312688
0.396702 0.310900 0.136430 0.045285 0.101154 0.147540 0.191327 0.323768 0.063624 0.059535 0.266726 0.462793 0.643746 1.048306 1.360997 1.254527 1.290844 1.307555 1.414522 1.639893 1.546605 1.365847 0.912575 0.807590 0.703297 0.564714 0.374081 0.272884 -0.000072 -0.000011 -0.000831 -0.000419 -0.000015 -0.000019 0.000004 0.000022 0.000010 0.000617 0.001769 0.057475 1.300579 1.789375 2.118145 2.143564 2.539537 2.933060 3.181868 3.336824 2.367214 0.716579 0.843673 1.830481 2.226218 3.665802 2.908328 2.836262 2.727194 2.653241 2.525110
0.013015 -0.090343 -0.125871 -0.196318 -0.150323 -0.034328 0.007956 -0.012231 0.019000 0.116275 0.299209 0.478578 0.614230 0.776444 0.728911 0.642226 0.732000 0.873405 0.734185 0.489796 0.417781 0.189785 0.167031 0.159505 0.150434 0.082505 0.019513 0.011360 -0.001201 -0.000041 -0.001656 -0.000586 -0.000028 -0.000061 0.000014 0.000053 0.001735 0.002440 0.001799 0.001138 0.000100 0.051049 0.641387 0.593498 0.559092 0.726975 0.520606 0.265409 0.000207 0.205953 0.644607 1.233920 1.091696 2.150908 1.894715 2.034378 2.080428 2.124636 2.099648
-0.038836 -0.102354 -0.209377 -0.322210 -0.423553 -0.505230 -0.374832 -0.339728 -0.268155 -0.231215 -0.113002 0.063661 0.285501 0.427623 0.381842 0.078539 -0.127398 -0.478755 -0.376449 -0.113615 -0.070674 -0.000000 0.000000 0.000007 0.000011 0.000004 -0.046376 -0.046083 -0.000394 -0.000039 -0.000108 -0.000242 -0.000267 -0.000048 -0.000034 0.000062 0.001481 0.002192 0.001179 0.000077 0.000363 0.112061 0.609725 0.498660 0.447787 0.637494 0.460265 0.228279 0.000393 0.000104 0.086127 0.275186 0.621591 1.616964 1.483066 1.713111 1.832138 1.935792 1.866482
-0.012449 -0.034757 -0.118118 -0.213508 -0.296676 -0.331040 -0.425560 -0.463027 -0.470677 -0.475408 -0.622519 -0.666452 -0.651250 -0.504660 -0.548918 -0.337667 -0.283699 -0.251875 -0.268237 -0.226792 -0.032902 -0.000001 0.000001 -0.000012 -0.000000 0.000281 0.001969 0.000010 -0.000033 -0.000070 -0.000045 -0.000037 -0.000010 0.000003 -0.000002 0.000002 0.000794 0.001075 0.002295 0.002335 0.187411 0.116123 0.158393 0.078338 0.287717 0.310924 0.362349 0.223789 0.000213 0.000085 0.161867 0.123755 0.458516 2.632564 1.928728 1.970101 1.865973 1.833933 1.055197
0.057531 0.039859 0.035403 0.000149 -0.043685 -0.090752 -0.166018 -0.230752 -0.334293 -0.461984 -0.678412 -0.904435 -1.309537 -1.110227 -0.799761 -0.502507 -0.449174 -0.432548 -0.489333 -0.369887 -0.348726 -0.000897 -0.027895 -0.000383 -0.000008 0.000002 -0.000004 -0.000014 -0.000028 -0.000006 0.000019 0.000951 0.003232 0.000061 -0.000002 0.000002 0.000429 0.001881 0.001527 0.287627 0.621654 0.167134 0.109468 0.282893 0.255803 0.317195 0.405527 0.558670 0.647456 0.628227 0.544284 0.384632 0.921386 0.773828 1.351867 1.061123 0.907147 0.725327 0.654004
0.188758 0.148699 0.207161 0.174862 0.181278 0.114635 0.041622 -0.063876 -0.169159 -0.309273 -0.534128 -0.668883 -0.848628 -1.276457 -1.360750 -0.933781 -0.711892 -0.407037 -0.392175 -0.586312 -0.727928 -0.476342 -0.393721 -0.053600 -0.000025 -0.000038 -0.000001 -0.000019 -0.000006 0.000002 0.001115 0.001334 0.001744 0.000012 -0.000000 -0.000000 0.000002 0.000349 0.237556 0.247206 0.281907 0.096565 0.101544 0.071250 0.048364 0.043410 0.498413 0.662858 0.787339 1.704378 1.904734 2.367358 2.125673 1.397545 2.017852 1.612552 2.591730 1.248102 1.236049
0.283382 0.122672 0.236598 0.316305 0.436196 0.307741 0.163060 -0.077700 -0.244753 -0.448895 -0.565898 -0.783986 -0.699770 -1.062536 -1.023982 -0.504022 -0.532809 -0.566886 -0.415185 -0.471770 -0.842491 -0.822643 -0.971858 -1.016819 -0.000923 -0.000703 0.000000 0.000051 0.000004 0.000002 0.000032 0.001050 0.046341 0.007745 0.002018 -0.000001 -0.000000 0.000003 0.000783 -0.112824 -0.220726 -0.197332 -0.046392 0.000000 0.032450 0.038346 0.031621 0.000000 0.000524 1.106818 2.529492 2.919430 1.807505 2.739263 2.166127 1.793732 2.816626 3.591141 2.624231
-0.077358 -0.064108 -0.003189 -0.131740 -0.226944 -0.508736 -0.424734 -0.525611 -0.584081 -0.627283 -0.938115 -0.995335 -1.222003 -1.125999 -1.139651 -0.679584 -0.421048 -0.200395 -0.074268 0.041919 -0.005245 0.011298 0.133875 0.161559 -0.043642 -0.000003 0.000000 0.000354 0.000835 0.000008 0.000004 0.000052 0.078166 0.256737 0.398493 0.297233 0.010005 0.002108 0.000952 0.257578 0.158473 0.212681 0.044595 0.000000 0.067181 0.060896 0.052432 0.000000 0.002100 0.847906 1.096906 1.516670 1.369763 2.334716 2.669692 1.848803 1.943233 1.929376 2.362354
0.045398 0.096893 0.007486 -0.274163 -0.479608 -0.690884 -0.694305 -0.767287 -0.869625 -1.033006 -1.127006 -1.664217 -1.416410 -1.447323 -1.478078 -1.428218 -0.448553 -0.061623 0.110117 0.167782 0.233031 0.430511 0.373055 0.166422 -0.077229 -0.000714 0.000000 0.001532 0.031049 -0.196478 -0.283554 0.001179 0.495531 1.112456 1.240003 1.379462 0.961428 1.059207 1.048765 0.868604 1.077384 0.770553 0.271066 0.255106 0.221002 0.171917 0.135150 0.081381 0.673418 0.974895 0.563520 0.254251 0.000000 -0.105446 -0.204718 -0.288366 -0.059705 0.600664 1.172539
0.121644 0.215126 0.074363 -0.121033 -0.547872 -0.725200 -0.826143 -1.002089 -0.834903 -0.868056 -1.245224 -1.320947 -1.734169 -1.543196 -1.326797 -1.160448 -0.616144 -0.013387 0.185582 0.221334 0.367068 0.480892 0.276406 0.284234 -0.001470 -0.000122 0.000000 0.000252 0.075163 -0.227948 -0.085816 0.345070 0.853908 1.091079 1.502771 1.723727 1.719067 1.134837 1.105016 0.934307 1.111151 0.758133 0.277093 0.248287 0.229791 0.192852 0.138141 0.693221 0.347606 0.418686 0.084836 -0.034478 0.000000 0.121732 0.565392 0.656696 1.570060 2.349672 2.750416
0.239058 0.147914 0.041694 0.066240 0.095868 -0.014402 -0.248057 -0.575552 -0.706332 -0.678469 -0.925522 -1.095976 -1.115002 -1.194710 -0.992920 -0.914976 -0.842952 -0.518819 -0.160304 0.033926 0.072154 0.057363 0.045690 -0.072199 -0.001296 -0.000206 0.000000 0.000247 0.073226 -0.119064 0.013693 0.300887 0.549692 0.541487 1.306808 1.352011 1.790874 1.032066 1.045549 0.873478 1.884157 1.716282 1.238147 1.107937 0.763597 0.239699 0.134876 0.536758 -0.356265 -0.419754 -0.738447 -0.339085 0.003741 0.337321 2.268184 2.485287 3.395819 3.769147 3.546520
0.330205 0.155981 -0.013341 0.011382 0.030037 0.033322 -0.001854 -0.002439 -0.158563 -0.223738 -0.450093 -0.651463 -0.816813 -1.261509 -1.018526 -0.716983 -0.332324 -0.064214 0.053966 0.076249 0.108050 0.072539 0.061318 -0.081784 -0.000754 -0.000013 0.000011 0.000451 0.001109 0.099175 0.223842 0.378422 0.528213 0.568730 1.404494 1.631955 1.844036 2.129418 1.159171 2.071803 1.929158 2.352077 2.954933 2.767020 2.754529 1.551481 2.907615 2.736197 2.183240 1.800375 1.222737 1.703524 1.130551 2.969217 4.378754 4.198152 3.832365 2.953941 2.974365
0.002937 -0.004665 -0.075143 0.084490 0.202909 0.202140 0.020835 0.013313 -0.046774 -0.113932 -0.282355 -0.451576 -0.746271 -0.912214 -0.777939 -0.494140 -0.157580 0.043256 0.061367 0.126181 0.167830 0.222656 0.208229 -0.061563 -0.000197 -0.000009 0.000008 0.000536 0.000378 0.736241 0.445459 0.338874 0.456158 0.968177 1.268356 1.034563 2.486561 2.907661 3.296417 5.514826 5.776337 5.225390 7.040009 6.774376 6.559594 5.948911 4.073730 6.276466 5.439433 4.780496 3.697093 3.589534 3.292371 3.014963 2.092490 2.346438 1.978388 1.724324 1.387385
