use_cases/Flooding_chicago/flooding_data/output/hUx_2820.asc
ncols 337
nrows 393
xllcorner 428428.000000
yllcorner 4602440.000000
cellsize 26.757400
NODATA_value -9999.000000
[rows 260 to 285 of 393, columns 59 to 117 of 337]
-0.023351 -0.055782 -0.004553 -0.000225 0.025570 0.051358 0.017483 0.303915 0.227397 -0.021203 -0.005956 -0.000076 0.000233 -0.054389 -0.276601 -0.023288 -0.006475 -0.000382 -0.050569 -0.008653 -0.000059 0.000518 0.017404 0.027731 0.109727 0.042772 0.107241 0.559268 0.465863 0.999029 0.944035 1.507172 1.656149 1.716132 1.098053 0.795190 0.408206 -0.102170 -0.536377 -0.945207 -1.121421 -1.070946 -1.027186 -0.599858 -0.549203 -0.240985 -0.000249 0.055924 -0.038778 -0.139516 -0.001729 0.034617 -0.182433 -0.364933 -0.424183 -0.452608 -0.759646 -0.720304 -0.769333
-0.050203 -0.106517 -0.045591 -0.006573 -0.004979 -0.019281 -0.003851 -0.004590 -0.038313 -0.024510 -0.005982 0.000003 0.006651 0.030587 -0.057613 -0.008388 -0.002319 -0.002925 -0.006515 0.000543 0.000429 0.000347 0.008598 0.015266 0.022377 0.054691 0.135238 0.524788 0.451162 0.530166 1.370270 1.431408 1.761519 1.324445 1.020826 0.550891 -0.127580 -0.453273 -0.547620 -0.641647 -0.971839 -0.936059 -0.985453 -0.985408 -0.597925 -0.587017 -0.248756 -0.261855 -0.190691 -0.206083 -0.003073 0.047247 -0.097300 -0.157686 -0.177216 -0.197279 -0.247323 -0.334731 -0.225270
-0.065668 -0.133212 -0.057950 -0.028747 -0.044633 -0.078441 -0.033513 -0.010309 -0.031756 -0.018754 -0.000326 0.000208 0.009289 -0.008296 -0.043358 -0.001613 -0.001119 -0.000887 -0.000521 0.001020 0.000667 0.000503 0.000294 0.008598 0.015992 0.024254 1.032156 1.267968 0.586226 0.569317 1.298576 1.793421 1.707557 1.456587 0.802376 0.373350 -0.169317 -0.727213 -0.734750 -0.776187 -1.111510 -1.057172 -1.111726 -1.215764 -0.841777 -0.801069 -0.852099 -0.670548 -0.523546 -0.255331 -0.250193 -0.214441 -0.272286 -0.292953 -0.236409 -0.238241 -0.175307 -0.200867 -0.092355
-0.041501 -0.000138 -0.004275 -0.018579 -0.076865 -0.054696 -0.017301 -0.026035 -0.010847 -0.020854 -0.014747 0.010545 0.209055 -0.152267 -0.240633 -0.331688 -0.018605 -0.008801 0.023662 0.024250 0.104270 0.123617 0.031952 0.010189 0.004861 0.043862 0.649029 0.924422 0.779997 1.559724 1.793597 1.917189 1.185208 0.882161 0.113516 0.019575 -0.002517 -0.233502 -0.699941 -0.760517 -1.202876 -1.273779 -1.491258 -1.587201 -1.454291 -1.264433 -1.113074 -0.997141 -1.034507 -0.692172 -0.603982 -0.542615 -0.486454 -0.573544 -0.506697 -0.516168 -0.569905 -0.438533 -0.488048
-0.133293 -0.009435 -0.000353 0.000099 0.006830 0.098332 -0.025088 -0.030531 -0.008232 -0.019444 -0.005201 0.019095 0.348391 0.256110 0.116565 -0.213051 -0.026280 0.003678 0.016312 0.011154 0.070335 0.140436 0.069784 0.012276 0.004237 0.979081 1.642287 1.145858 1.304106 1.515305 1.674634 1.377282 0.822057 0.436683 -0.137646 -0.208106 -0.002845 -0.005558 -0.233403 -0.794649 -0.836552 -0.852028 -0.835092 -1.163130 -1.300254 -0.816674 -0.727019 -0.666697 -0.778461 -0.567280 -0.532441 -0.217576 -0.238641 -0.150161 -0.132313 -0.136826 -0.199406 -0.274716 -0.268071
-0.126057 -0.014036 -0.006928 -0.000041 0.008840 0.018784 -0.005782 -0.000765 -0.000326 0.000611 0.004178 0.009616 0.102141 0.121871 0.085973 -0.038223 -0.106791 -0.008315 -0.000149 0.005883 0.016178 0.123804 0.295306 0.315751 0.971771 0.802250 0.858704 0.097887 0.095062 0.087236 0.158403 0.179170 0.141179 -0.088459 -0.395260 -0.559818 -0.551444 -0.002094 -0.000172 0.000165 0.104380 0.007179 -0.369406 -0.900787 -1.227093 -1.340427 -0.780414 -0.719900 -0.709554 -0.764239 -0.365237 -0.285062 -0.211892 -0.174414 -0.005234 -0.004617 -0.000799 0.001289 0.025662
-0.153499 -0.015197 -0.008731 -0.000876 0.000478 0.009978 0.000143 -0.007826 -0.000073 0.005252 0.002287 -0.006030 -0.032935 -0.022162 -0.002137 -0.014064 -0.040583 -0.011349 -0.005411 0.000000 0.009002 0.015295 0.337803 1.386776 1.375726 0.822633 0.255133 -0.232558 -0.498794 -0.454226 -0.143515 0.028424 -0.048320 -0.000762 0.000387 -0.361821 -0.322308 -0.016105 -0.000222 0.000222 0.058748 0.026217 -0.060554 -0.363842 -0.895913 -1.176242 -1.023389 -0.983796 -1.015155 -1.073052 -0.969485 -0.699574 -0.515816 -0.250842 -0.005009 -0.001567 0.004185 0.005336 0.005998
-0.099027 -0.312069 -0.046247 -0.002970 -0.000257 0.000848 0.000226 -0.001374 -0.001508 0.000250 0.001416 0.000842 0.002583 -0.037196 -0.026023 -0.038892 -0.080225 -0.010651 -0.000663 0.000046 0.000596 0.008968 0.330274 0.161701 0.595515 -0.000798 -0.260821 -0.888969 -0.945087 -1.148693 -0.789713 -0.694159 -0.622795 -0.261696 -0.001025 0.000791 -0.047654 -0.002795 -0.000414 0.000760 0.142389 0.101398 -0.072435 -0.242033 -0.745216 -0.803894 -0.852825 -1.244936 -1.216323 -1.283541 -1.217134 -1.167968 -0.908995 -0.370916 -0.118916 -0.108888 -0.097006 -0.055277 -0.051021
-0.008996 -0.045313 -0.042619 -0.006429 -0.007353 -0.000670 -0.000056 0.000810 0.000683 0.003454 0.004146 0.001420 0.022297 -0.011608 -0.045249 -0.053046 -0.101616 -0.007667 -0.000020 0.008095 0.017061 0.319903 0.320185 0.177013 -0.000102 0.000086 0.023597 -0.119304 -0.601886 -0.557199 -0.480096 -0.580307 -0.771718 -0.663501 -0.004150 -0.001049 -0.065669 -0.096646 0.001101 0.342139 0.346114 0.312865 0.000080 -0.185482 -0.229611 -0.508450 -0.629232 -0.658732 -0.837406 -0.999557 -1.181504 -0.923492 -0.976494 -0.642566 -0.565556 -0.461092 -0.357830 -0.272575 -0.191024
-0.000782 -0.037268 -0.047300 -0.021434 -0.001277 -0.000501 0.001139 0.000979 -0.000142 -0.002929 -0.000360 0.000360 0.010488 0.027328 -0.050113 -0.094619 -0.079289 -0.108998 -0.000000 0.025317 0.088154 0.320898 0.106096 0.032947 -0.000152 0.000304 0.011644 0.035020 0.088418 -0.470845 -0.588313 -0.587998 -1.136755 -1.218566 -0.443545 -0.160655 0.095442 0.318112 0.468906 0.468268 0.414491 -0.009622 0.000778 0.010138 0.151111 -0.248088 -0.574593 -0.689534 -0.858049 -1.043675 -1.369267 -1.363855 -1.061990 -0.634105 -0.571930 -0.518076 -0.468792 -0.481437 -0.329449
-0.009775 -0.013673 -0.060759 -0.023040 -0.001061 0.000879 0.009198 0.003040 -0.093390 -0.011947 -0.000360 0.000360 0.004303 0.003058 -0.039464 -0.036805 -0.026448 -0.006614 -0.073418 0.000000 0.007021 0.098016 0.002157 -0.006074 -0.000003 0.006204 0.020027 0.037927 1.127271 -0.057338 -0.571704 -0.626642 -1.054832 -1.198481 -0.569294 -0.411091 -0.184968 0.070139 0.234593 0.216636 -0.014363 -0.013070 0.014527 0.028888 0.173053 0.047741 -0.150773 -0.420986 -0.384415 -0.455097 -0.587258 -0.512472 -0.591438 -0.476930 -0.398878 -0.369576 -0.384180 -0.447246 -0.552489
-0.001201 -0.001994 -0.005268 -0.007973 -0.001021 0.000942 0.023516 0.060408 0.007424 -0.140442 -0.004636 -0.002066 0.002688 0.003191 0.150952 0.047773 -0.004391 -0.030005 -0.116771 0.000000 0.006119 0.011199 -0.024540 -0.000846 -0.000082 0.000802 0.014302 0.028353 1.164279 -0.221396 -1.366014 -1.521598 -1.600151 -2.541889 -1.836894 -0.716262 -0.492395 -0.267023 -0.169224 -0.011482 0.000000 0.027234 0.036162 0.045732 0.031770 0.032181 0.021688 0.225430 0.155178 0.039663 0.064749 -0.077385 0.016068 0.082056 0.089303 0.068291 -0.047748 -0.228497 -0.243434
0.001125 -0.001367 -0.004761 -0.006285 -0.000822 0.000788 0.017496 -0.009376 -0.034451 -0.132959 -0.003571 -0.000649 0.001986 0.001566 0.146955 0.097494 0.047605 0.079141 0.063304 0.057722 0.237129 0.054400 -0.058654 -0.001309 -0.000573 0.001420 0.008806 0.024078 0.032886 0.047035 -0.862303 -1.699610 -1.929034 -3.305138 -3.697683 -2.059996 -1.646987 -0.773145 -0.063653 0.000000 0.090393 0.074489 0.063135 0.058099 0.033898 0.015742 -0.000439 0.000347 -0.002182 0.031786 0.463801 0.461670 0.803068 0.305890 0.335443 -0.004308 -0.003279 0.018295 -0.135681
0.003260 0.001886 -0.000943 -0.002211 -0.000391 0.000384 0.012766 -0.012744 -0.036632 -0.132158 -0.002228 0.001179 0.071799 0.092244 0.177163 0.151108 0.038601 0.037722 0.061473 0.056505 0.725448 0.114619 -0.014293 -0.018587 -0.000447 0.000875 0.009066 0.018526 0.021911 0.032603 0.096902 0.135615 -0.653177 -1.013542 -1.548230 -1.870852 -1.763837 -0.933604 -0.127699 0.000000 0.150969 0.191618 0.174524 0.069204 0.041310 0.021227 -0.001073 0.000742 0.000904 0.165954 0.775304 0.452098 0.439232 0.481856 -0.001885 -0.004890 0.000000 0.107055 0.596601
0.002664 0.002186 0.000635 -0.000031 -0.000420 -0.000083 0.001006 -0.018945 -0.040162 -0.132878 -0.003098 -0.000201 0.002274 0.001728 -0.175013 -0.107586 -0.000534 0.000315 0.000578 0.090725 0.290235 -0.024905 -0.000240 -0.000112 0.001218 0.019072 0.038170 0.009430 0.022922 0.018559 0.084563 0.212292 0.036957 -0.502322 -0.944673 -1.170950 -1.786720 -1.623854 -0.699326 0.000000 0.044310 0.064063 0.088261 0.082718 0.049274 0.028977 -0.000439 0.000347 0.243320 0.934211 1.515254 0.885837 0.248482 -0.076600 -0.000471 0.000342 0.031439 0.033926 -0.054152
0.018077 0.068592 0.108553 -0.079629 -0.021634 -0.028095 -0.101362 -0.244441 -0.197784 -0.143407 -0.003643 -0.002155 0.002315 0.003323 0.001771 0.000389 0.000234 0.000679 0.006044 -0.004027 -0.082203 -0.003946 -0.000222 0.000222 0.011631 0.021369 0.031454 0.039672 0.035472 0.127875 0.061861 0.038094 0.037688 -0.000000 0.011477 -0.826454 -1.389005 -1.400149 -1.136820 -0.056909 0.038776 0.058990 0.065834 -0.001249 0.000243 0.001399 0.073216 0.117867 0.721593 0.846293 0.651273 -0.252595 -0.143174 -0.126381 -0.001290 0.000607 0.001206 0.035900 -0.060792
0.006185 0.009350 0.004337 -0.049547 -0.148270 -0.092520 -0.053308 -0.051236 -0.031460 -0.002234 -0.003277 -0.000378 0.002805 0.002378 -0.038683 -0.051470 -0.059749 0.003815 0.067331 0.042193 0.016544 -0.003716 -0.000205 0.000017 0.001035 0.062254 0.068999 0.117870 0.184886 0.326672 0.244199 0.150468 -0.045284 -0.000010 0.010420 0.154298 -0.585917 -0.593601 -0.532035 -0.082074 0.030418 0.009999 -0.002853 -0.003483 0.000877 0.003470 0.018789 0.028500 0.128643 0.140620 0.051840 0.040090 0.008325 -0.078901 -0.000926 0.000413 0.000889 0.017644 -0.007371
0.049637 0.068909 -0.017318 -0.069286 -0.168018 -0.061564 -0.022848 -0.024001 -0.011629 -0.001276 -0.001132 0.000311 0.001218 -0.226382 -0.062452 -0.078322 -0.083678 -0.026763 0.025097 0.044853 0.041410 0.052823 0.042007 0.024209 0.031548 0.017218 0.483728 0.046641 0.125686 0.336733 0.313335 0.206270 -0.043583 -0.000360 0.000360 0.014449 -0.511287 -1.246326 -1.504376 -0.643714 -0.309891 -0.099681 -0.004817 -0.006954 -0.005325 0.000007 -0.015075 0.009517 -0.007229 -0.056292 -0.003003 0.201505 0.221577 0.000370 -0.000039 0.051138 0.067869 0.057552 -0.006456
0.069226 -0.164056 -0.311424 -0.328426 -0.069551 -0.117362 -0.033190 -0.002794 -0.000549 -0.000709 -0.000992 0.000891 0.001187 -0.285649 -0.055025 -0.000686 0.000064 -0.055197 -0.072839 -0.123741 -0.000128 0.000585 0.030802 0.041436 0.046034 0.021906 0.396210 0.047831 0.022064 0.015207 0.006459 0.002307 -0.000118 -0.000360 0.000360 0.012633 0.277709 -0.349082 -1.004802 -0.420964 -0.243524 -0.115558 -0.003923 -0.004725 -0.000352 0.000352 0.007574 0.432028 0.053092 -0.062169 -0.003268 0.031803 0.016828 0.020041 0.015279 0.011690 0.012196 -0.021175 -0.021704
-0.025595 -0.239169 -0.300303 -0.305403 -0.026074 -0.026531 -0.018896 -0.040739 -0.060955 -0.147932 -0.041183 0.000064 -0.121278 -0.167983 -0.031552 -0.002004 -0.002432 -0.000459 0.000727 0.001247 0.002110 0.001617 0.013579 0.012377 0.000000 0.070551 0.148383 0.067648 0.026355 0.016786 0.006830 0.002398 0.000000 0.009353 0.022219 0.476266 0.105323 -0.235963 -0.687622 -0.502548 -0.432250 -0.155617 -0.180166 -0.014310 -0.000007 0.000782 0.001909 0.000671 -0.100171 -0.192839 -0.303522 -0.310567 -0.262370 -0.196289 -0.089400 -0.028639 -0.008422 0.011098 -0.000555
-0.029769 -0.159118 -0.267425 -0.007337 -0.011568 -0.003608 0.001503 -0.230910 -0.112868 -0.225628 -0.072432 0.000003 -0.061593 -0.076463 -0.014201 -0.025269 -0.004830 -0.002597 0.002382 0.004986 0.003088 0.014616 0.018721 0.028989 0.028609 0.009991 0.021639 0.089410 0.146811 0.158043 0.054013 0.014337 0.000000 0.005280 0.353838 0.189981 0.287276 -0.228196 -1.536517 -1.430467 -0.916532 -0.816132 -0.396644 -0.108210 -0.000027 0.004570 0.027948 0.040465 0.063916 0.028834 0.028531 0.074648 -0.105931 -0.180712 -0.126545 -0.082054 -0.022482 -0.009124 -0.000396
0.356026 0.258225 -0.001413 -0.003252 -0.002253 0.001008 -0.258423 -0.336302 -0.392680 -0.066575 -0.137362 -0.188127 -0.177214 -0.603290 -0.351787 -0.045999 -0.005008 0.008502 0.014293 0.005463 0.047484 0.040918 0.029661 0.027975 0.020233 0.061478 0.083879 0.121830 0.142947 0.189475 0.268715 0.084659 -0.015351 -0.068622 0.002055 0.097361 0.081265 -0.023919 -0.403574 -1.113642 -1.148069 -1.159119 -0.702073 -0.326370 -0.122238 -0.156072 -0.076988 0.059132 0.234632 0.224403 0.174781 0.079234 -0.058467 -0.100520 -0.068509 -0.096821 -0.008402 0.002655 -0.000516
0.000907 0.184889 0.158235 0.041591 -0.057871 -0.151693 -0.198877 -0.222323 -0.072071 -0.089032 -0.144113 -0.169072 -0.172551 -0.226973 -0.023637 -0.009226 0.000017 0.000934 0.004107 0.005194 0.002314 0.015170 0.013663 0.011564 0.007751 0.032199 0.051622 0.013918 0.063846 0.138846 0.559541 0.380996 0.246253 0.314978 0.368634 0.339230 0.300975 0.161236 -0.011771 -0.569275 -0.873293 -1.244323 -1.128086 -0.826541 -0.382214 -0.247032 -0.094288 0.088048 0.144607 0.133374 0.095235 -0.080555 -0.556000 -0.409281 -0.303206 -0.060785 -0.026905 -0.012549 -0.101607
0.014484 0.390473 0.204731 0.010756 -0.024302 -0.021866 -1.164166 -0.260058 -0.035914 -0.000396 0.000330 -0.071047 -0.140893 -0.019325 -0.011079 -0.000924 0.000371 0.000884 0.002412 0.002154 0.000667 0.003324 0.083417 0.081116 0.203227 0.002010 0.012922 0.007301 0.020661 0.040230 0.416852 0.244324 0.271906 0.335793 0.385370 0.358635 0.449798 0.233483 -0.030328 -0.013693 -0.033149 -0.076363 -0.474611 -0.556383 -0.390416 -0.285902 -0.168210 -0.072657 -0.011058 -0.063961 -0.102277 -0.051366 -0.258164 -0.354238 -0.305400 -0.088022 -0.118924 -0.170183 -0.398448
0.306929 0.247190 0.313481 0.066216 -0.057796 -0.318630 -1.011332 -0.453597 -0.004607 -0.000555 0.000401 -0.025532 -0.097200 -0.032134 -0.017697 -0.000950 0.000866 0.023215 0.039905 0.035267 0.000145 0.000184 0.000577 0.051476 0.274464 0.142553 0.053286 0.063129 0.026922 0.053480 0.114574 0.728223 0.739690 0.655470 0.571589 0.429049 0.225125 -0.142777 -0.256828 -0.034952 -0.009969 -0.010160 -0.038631 -0.073907 -0.159492 -0.121173 -0.072659 -0.024037 -0.040344 -0.113641 -0.152040 -0.145423 -0.142929 -0.315489 -0.342156 -0.245821 -0.115710 -0.151814 -0.137622
0.310900 0.131032 0.024843 -0.038075 -0.144924 -0.232359 -0.254631 -0.088012 -0.020412 -0.010006 0.000013 0.049200 -0.020804 -0.033307 -0.017514 -0.000831 0.000764 0.016045 0.040270 0.002155 -0.056392 -0.010221 -0.000003 0.007242 0.015577 0.225923 0.148132 0.082373 0.107477 0.057924 0.075522 0.041600 0.026545 -0.050692 -0.068409 0.078850 -0.044594 -0.287245 -0.486207 -0.248464 -0.062302 0.011704 0.028822 -0.049944 -0.085405 -0.070927 -0.065464 -0.048308 -0.049714 -0.101463 -0.108695 -0.097520 -0.111875 -0.220866 -0.275867 -0.318255 -0.157976 -0.186396 -0.098456
