use_cases/Flooding_chicago/flooding_data/output/hUx_2700.asc
ncols 337
nrows 393
xllcorner 428428.000000
yllcorner 4602440.000000
cellsize 26.757400
NODATA_value -9999.000000
[rows 130 to 155 of 393, columns 118 to 176 of 337]
-0.000278 0.001113 0.386578 0.541335 0.597920 0.692351 0.623925 0.612493 0.628229 0.645744 0.764287 0.757606 0.875274 0.875191 0.800549 0.842215 0.825587 0.844585 0.567929 0.568414 0.538930 0.429904 0.440302 0.447214 0.267693 0.214824 0.083607 0.038687 0.019598 0.000000 0.085759 0.554258 -0.106320 -0.035665 -0.034965 -0.032855 -0.002939 -0.013749 -0.003663 0.000000 0.006355 0.012975 0.021278 0.037296 0.070526 0.017631 -0.139226 -0.063366 -0.043433 -0.027172 -0.009235 -0.000739 -0.000836 0.001122 0.000603 0.001112 0.000516 0.000737 0.009926
0.000643 0.002783 0.017824 0.616364 0.603535 0.604267 0.552373 0.463472 0.481385 0.508482 0.610768 0.622097 0.672467 0.841851 0.765173 0.875471 1.002810 0.911813 0.748712 0.644955 0.601073 0.461327 0.450784 0.723994 0.670334 0.365915 0.312135 0.125745 0.090182 0.000000 0.089200 0.392929 0.786544 0.363472 -0.077661 -0.047247 -0.014195 -0.001317 -0.000111 0.000194 0.007854 0.024097 0.024407 0.040228 0.066405 0.005957 -0.026656 -0.029340 -0.024949 -0.018824 -0.007810 -0.000228 -0.000113 0.000021 0.000264 0.001521 0.000361 0.007285 0.014628
0.002259 0.004502 0.002787 -0.309698 -0.376332 -0.481583 -0.394682 -0.249896 -0.072807 0.067904 0.207659 0.332096 0.481325 0.651427 0.725816 0.918543 1.394139 1.390528 1.538532 1.268454 1.082834 1.115943 0.748444 0.852127 0.835471 0.514541 0.386375 0.331834 0.286197 0.075733 0.050807 0.034726 0.006725 0.048800 0.015841 -0.083741 -0.006739 -0.000214 0.000104 0.006391 0.011745 0.001197 0.003142 0.000000 -0.002818 -0.003038 -0.016324 -0.018547 -0.028488 -0.029803 -0.014233 -0.000576 -0.000579 0.000007 0.003994 0.015762 0.000000 0.008017 0.025646
0.003180 0.004375 0.002681 0.004795 0.039369 0.110022 0.075095 0.136674 0.205138 0.286972 0.603990 0.698208 0.827398 0.892613 0.914024 1.086075 1.601540 1.594343 1.752043 1.706607 1.670461 1.488713 1.482759 1.592421 1.383349 1.318656 1.328766 1.230908 1.176606 0.894428 0.784310 0.566256 0.478307 0.397467 0.450349 0.082066 -0.012182 -0.000102 0.000076 0.006770 0.031704 0.003239 0.000684 -0.024432 -0.013164 -0.007055 -0.029283 -0.036704 -0.031115 -0.013986 -0.007046 -0.000372 -0.000206 0.000363 0.010521 0.021899 0.001679 0.008764 0.016883
0.001836 0.001822 0.296797 0.189835 0.188346 0.200972 0.233332 0.272942 0.320259 0.382561 0.587756 0.824075 0.886317 1.010651 1.013475 1.056458 1.524748 1.651470 1.650096 1.864560 1.664901 1.498654 1.537084 1.487548 1.360789 1.534067 1.526708 1.405559 1.302851 0.977286 0.889002 0.709263 0.535841 0.416316 0.529123 0.435341 -0.021741 -0.000108 0.000095 0.001048 0.004877 0.012278 0.026408 -0.026180 -0.032275 -0.018229 -0.017190 -0.014745 -0.010377 -0.008501 -0.001059 -0.000123 0.000276 0.010003 0.024467 0.030101 0.001562 0.004666 0.019729
0.197820 0.279849 0.362899 0.398068 0.443227 0.427454 0.565727 0.589986 0.649234 0.747201 0.840282 1.110860 1.440459 1.367752 1.557935 1.428072 1.529575 1.557756 1.564336 1.637817 1.562885 1.420492 1.031278 0.882970 0.902510 0.688030 0.581724 0.542586 0.482159 0.120812 0.574694 0.637381 1.130237 1.030246 1.588747 1.853006 1.757140 1.013831 0.889059 0.708417 0.403643 0.289416 0.441053 -0.116989 -0.055667 -0.035449 -0.009123 -0.003157 -0.014134 -0.009768 -0.000324 0.000004 0.000153 0.005488 0.019611 0.047908 0.044338 0.047596 0.006080
0.621339 0.798926 0.799421 0.855079 0.699118 0.841127 0.813861 0.937660 0.935578 1.002523 1.074776 1.122836 1.185290 1.309674 1.445318 1.644049 1.488122 1.530959 1.844885 1.956392 1.973409 1.769306 1.664989 1.399989 1.215251 1.237696 0.940989 1.098341 0.924947 0.986217 1.373638 1.266274 2.024017 2.140102 2.236707 2.229671 2.064589 1.209557 1.019584 0.771121 0.931960 1.589336 0.623759 -0.194553 -0.896442 -0.020610 -0.009143 -0.000115 -0.023408 -0.024207 -0.008042 0.000000 0.006499 0.023518 0.040901 0.053047 0.432299 0.306564 0.430678
0.256753 0.426988 0.368492 0.345371 0.415215 0.464145 0.441908 0.517281 0.542108 0.535500 0.626162 0.722865 0.911326 0.947396 1.098307 1.187117 1.110873 1.168198 1.518613 1.541550 1.813618 1.697513 1.944959 1.703729 1.444339 1.070113 1.148658 0.867319 1.057211 2.380090 2.520945 2.901852 2.755310 2.661851 2.841837 2.689837 2.319000 1.253111 0.952865 0.636581 0.790613 1.762472 1.181936 0.565788 0.142490 -0.037738 -0.006461 -0.000002 -0.030815 -0.004077 -0.000168 0.000364 0.000473 0.010749 0.035712 0.438776 -0.587458 -0.201900 0.308550
0.860214 0.704348 0.518070 0.594968 0.516225 0.543443 0.470632 0.480039 0.434709 0.394733 0.464824 0.541137 0.560904 0.639394 0.542770 0.900052 0.625199 0.683346 1.074184 1.260141 1.321971 1.176761 1.907435 1.935557 1.863510 1.595738 1.825722 2.129371 3.175365 3.143160 3.149285 3.815003 3.538902 3.339428 3.500219 3.262643 2.660999 1.208381 1.434099 1.051380 0.777659 1.568345 1.256379 0.780726 0.888269 0.841205 0.428114 0.001096 -0.002842 0.000197 -0.000005 0.000131 -0.000122 0.000374 0.048233 0.186929 0.266546 0.885625 1.373237
0.322121 0.198041 0.261124 0.230580 0.175379 0.118957 0.048925 0.035129 0.043393 0.160850 0.335907 0.451376 0.472718 0.592372 0.939897 1.319395 0.845034 0.961743 1.083372 1.749368 1.436941 1.626883 1.765084 2.428991 2.487575 2.681855 3.317209 3.370249 4.010249 3.565068 3.616812 4.231315 3.740906 3.532436 4.045785 3.087624 3.497070 3.080032 3.684642 3.050997 2.750643 2.233858 3.392846 2.719872 2.533415 2.209660 1.880764 1.146039 0.942428 1.207976 2.186514 1.645625 1.606725 0.395727 1.371395 1.984814 2.621780 2.464494 2.145638
0.324995 0.208710 0.304494 0.309418 0.193106 0.098371 0.029391 0.031815 0.081443 0.198561 0.305789 0.381598 0.428118 0.555759 0.824428 1.010319 0.847419 0.995460 1.147008 1.299630 1.496666 1.695536 1.844595 2.553153 2.542051 3.594406 4.075901 3.505100 3.978550 3.295725 3.075505 3.166908 2.371469 3.221533 4.704785 3.460711 3.980486 5.653246 4.932281 7.110272 4.017651 4.941080 5.253876 5.126808 4.903400 4.535930 4.183099 3.516646 4.009651 6.509292 8.470859 7.525270 6.814103 6.710502 3.525134 5.619711 4.372898 3.937371 3.716565
-0.217624 -0.101940 -0.028638 0.015552 0.064577 0.111785 0.214390 0.254408 0.356934 0.443561 0.502670 0.397489 0.412981 0.706625 1.070355 1.018729 1.234957 1.310158 1.163299 1.255043 1.988168 1.552399 1.632582 1.661731 2.424329 2.107941 2.431392 2.631858 2.188926 1.523923 1.149026 0.941570 0.017212 0.115052 -0.054739 -0.000001 0.530875 1.588148 3.479853 3.506051 3.399136 7.533495 5.367523 4.832453 5.563757 5.004755 6.110323 5.885161 6.588951 6.182134 5.309599 4.695744 6.560872 5.740690 2.695638 3.576155 2.831253 2.426473 3.091116
-0.205205 -0.126546 -0.016913 0.068942 0.153904 0.218204 0.374391 0.346072 0.374528 0.392790 0.294277 0.361183 0.495325 0.820405 1.201440 1.244872 1.333000 1.316471 1.221282 1.317469 1.480113 1.249553 1.266665 1.193102 1.110560 1.470434 1.050057 0.894102 0.439080 0.038695 -0.030651 -0.016874 -0.006487 -0.000045 -0.000096 -0.000033 0.000153 0.012891 0.059725 0.735185 2.437172 4.338355 3.792235 3.908995 3.217096 2.936598 3.232187 3.413597 2.497608 0.988738 0.520302 0.550968 2.476028 3.633420 2.057456 1.862515 1.647446 1.545750 2.803960
1.522530 1.245552 0.941524 0.693145 0.569256 0.477636 0.415623 0.540125 0.248419 0.179514 0.287651 0.427100 0.549630 0.883721 1.081387 1.009514 1.009315 0.967639 1.027030 1.210888 1.135884 0.989855 0.621546 0.566097 0.504884 0.417368 0.282224 0.203277 -0.003285 -0.001217 -0.013881 -0.010733 -0.001196 -0.001131 0.000155 0.001338 0.000968 0.014209 0.035291 0.063381 0.196626 0.554933 0.148172 0.182960 0.420634 0.696335 0.989712 1.035097 0.396324 0.004001 0.122134 0.360785 0.846416 1.953295 1.489975 1.510492 1.473430 1.455401 1.386529
0.340191 0.161677 0.067668 -0.028612 -0.017577 0.053444 0.066813 0.038317 0.040674 0.109697 0.278497 0.448880 0.560156 0.701429 0.647312 0.535578 0.573537 0.649826 0.463103 0.284087 0.250467 0.059904 0.022244 0.010530 -0.004904 -0.046987 -0.091771 -0.160381 -0.021521 -0.003788 -0.024859 -0.012001 -0.001934 -0.002809 0.000447 0.002695 0.030527 0.043818 0.037325 0.023901 0.005557 0.017171 0.068063 0.096809 0.076373 0.190171 0.090343 -0.028550 -0.000013 0.017178 0.130128 0.288144 0.524825 1.396273 1.179246 1.327242 1.378475 1.416105 1.388142
0.377924 0.190940 0.033942 -0.082061 -0.175682 -0.228694 -0.154198 -0.139710 -0.099096 -0.033376 0.092007 0.268880 0.497703 0.579475 0.568871 0.256087 0.098999 -0.137018 -0.069521 -0.011890 -0.016573 -0.000003 0.000307 0.000919 0.001401 0.000613 -0.011479 -0.094446 -0.010491 -0.002096 -0.004244 -0.007767 -0.008935 -0.002676 -0.001328 0.002896 0.027174 0.042554 0.023994 0.004440 0.009749 0.042600 0.117646 0.269667 0.155780 0.168618 -0.029439 -0.040326 -0.000401 0.000555 0.041192 0.082071 0.389799 1.926099 1.310181 1.398257 1.378755 1.350554 1.211894
0.133629 0.052638 0.120605 0.024173 0.008900 -0.032337 -0.094074 -0.127444 -0.108405 -0.122661 -0.228707 -0.230501 -0.163654 -0.099525 -0.126092 -0.055526 -0.031576 -0.029228 -0.065556 -0.104888 -0.113757 -0.000208 0.000326 -0.000270 -0.000030 0.009498 0.017448 0.000445 -0.002053 -0.002794 -0.001215 -0.001353 -0.001408 -0.000470 -0.000360 0.000360 0.017654 0.025516 0.039028 0.047914 0.072417 0.030905 0.051418 0.032568 -0.009786 -0.149925 -0.359767 -0.055730 -0.000330 0.000396 0.035561 0.027074 0.188482 1.259257 1.320877 1.329949 1.113871 0.873297 0.104659
0.172211 0.115728 0.384167 0.324919 0.381847 0.307326 0.257127 0.202651 0.165221 0.029608 -0.168457 -0.369033 -0.679292 -0.495400 -0.262114 -0.119548 -0.079970 -0.071513 -0.061447 -0.066316 -0.090842 -0.001117 -0.013091 -0.011669 -0.000764 0.000262 -0.000332 -0.002118 -0.001769 -0.000102 0.001195 0.016329 0.037257 0.003572 -0.000360 0.000360 0.013333 0.042290 0.035903 0.115168 0.449735 0.040934 0.021431 0.017713 0.008053 -0.002223 -0.016139 -0.033125 -0.038523 0.025125 0.094492 0.075704 0.480298 0.316019 0.473248 0.354080 0.264673 0.181014 0.141081
0.290885 0.241084 0.663624 0.575266 0.699623 0.568947 0.502744 0.397566 0.290114 0.153065 -0.081969 -0.207445 -0.324468 -0.640524 -0.599644 -0.323301 -0.107815 0.177108 0.291498 0.321584 0.475558 0.440985 0.290367 -0.035120 -0.001978 -0.002337 -0.000278 -0.001605 -0.000572 0.000271 0.022617 0.029506 0.022516 0.001070 -0.000167 -0.000036 0.000813 0.010255 0.140891 0.231884 0.216936 0.034127 0.025839 0.008698 0.003818 0.003275 0.011967 0.004061 0.016221 0.791667 1.201368 1.660875 1.464354 0.803527 0.822649 0.579233 1.307660 0.362037 0.300904
0.678421 0.268346 0.977135 0.847312 0.918418 0.712131 0.562310 0.239246 0.051111 -0.181146 -0.325987 -0.515195 -0.451922 -0.742451 -0.653333 -0.256289 -0.271562 -0.297926 -0.174429 -0.173525 -0.313548 -0.211794 -0.139852 -0.258710 -0.028476 -0.019086 0.000001 0.003214 0.000775 0.000463 0.002174 0.021179 0.076363 0.013959 0.003007 -0.000172 -0.000029 0.000941 0.009257 0.005041 -0.067648 -0.116412 -0.074346 0.000000 0.004528 0.005772 0.003620 0.000000 0.008879 0.778040 1.917066 2.185180 1.213731 1.770424 1.209128 0.839778 1.452132 2.018120 1.459042
0.161729 0.667983 0.408799 0.213341 0.086885 -0.199377 -0.262971 -0.401132 -0.479374 -0.522780 -0.847191 -0.871488 -1.026483 -0.863108 -0.840243 -0.432705 -0.268382 -0.150868 -0.111212 -0.021392 -0.187060 -0.156010 -0.036813 -0.144184 -0.045937 -0.000674 0.000031 0.011342 0.017649 0.001373 0.000721 0.003002 0.091541 0.673134 0.272394 0.121325 -0.000181 0.000135 0.001226 0.169485 0.288436 0.141984 -0.078041 0.000000 0.007599 0.007095 0.004307 0.000000 0.014726 0.621742 0.796410 1.093615 0.901717 1.219444 2.122263 1.120311 1.084811 1.174692 1.533798
0.005165 0.334178 0.157219 -0.223471 -0.438446 -0.629436 -0.596505 -0.677239 -0.769077 -0.905036 -0.958411 -1.466875 -1.124698 -1.090858 -1.087994 -1.102069 -0.308070 -0.082485 -0.034163 -0.082063 -0.011819 -0.154955 -0.255188 -0.408316 -0.072736 -0.028526 0.000000 0.040047 0.099020 0.030459 -0.068987 0.000373 0.325406 0.591307 0.878685 0.981325 0.557655 0.554628 0.525858 0.403583 0.475144 0.292279 0.056353 0.042938 0.032232 0.022828 0.018274 0.008003 0.347740 0.796772 0.411593 0.046080 0.000000 0.371791 0.675863 0.147856 0.375952 0.937985 1.278534
0.216629 0.343474 0.095301 -0.184368 -0.703275 -0.800594 -0.819701 -0.953340 -0.681131 -0.671817 -1.032648 -1.055980 -1.372239 -1.136624 -0.909775 -0.754349 -0.352667 0.036091 0.067722 0.051173 0.110990 0.130188 -0.071328 -0.329142 -0.019887 -0.007132 0.000000 0.013278 0.080373 0.090419 0.024280 0.308934 0.665219 0.862745 1.222204 1.347717 1.243678 0.683469 0.623851 0.481603 0.540992 0.299408 0.057325 0.042137 0.032013 0.023551 0.016311 0.362355 0.407477 0.500480 0.208114 -0.014377 0.000000 0.033740 0.621373 0.518792 1.483395 2.215535 2.499617
1.178074 0.405671 0.022658 0.013312 0.016262 -0.229634 -0.331563 -0.460952 -0.508278 -0.519932 -0.830164 -0.972221 -0.928428 -0.971145 -0.765544 -0.702893 -0.635982 -0.493053 -0.223019 -0.044992 -0.021118 -0.016041 -0.103215 -0.034759 -0.034624 -0.010007 0.000000 0.010871 0.063594 0.140102 0.085269 0.275630 0.421855 0.375867 0.980647 0.985707 1.279674 0.622156 0.588415 0.449814 1.366841 1.246628 0.781062 0.519334 0.274553 0.029153 0.013118 -0.041166 -0.430161 -0.367638 -0.495004 -0.350024 0.000013 0.101702 1.640741 2.039926 3.077564 3.318315 2.825654
0.973203 0.611989 0.090178 0.049069 0.036195 0.024670 -0.000349 0.000366 -0.171985 -0.245798 -0.539445 -0.778110 -0.837817 -1.249270 -0.939177 -0.664878 -0.339283 -0.152459 -0.089937 -0.025390 -0.000048 -0.006999 -0.108741 -0.049197 -0.022832 -0.001279 0.000831 0.015162 0.030879 0.172719 0.178566 0.304701 0.403620 0.406183 1.145464 1.288618 1.404351 1.561209 0.640268 1.119865 0.819579 1.122018 1.662147 1.611742 1.670795 0.937153 2.143529 1.997747 1.625855 1.336605 0.886839 1.163867 0.689585 2.230820 3.510521 4.069465 3.186797 1.631692 1.440066
0.000920 0.001669 -0.018349 0.127655 0.181737 0.091437 0.000008 0.000472 -0.142678 -0.208204 -0.467804 -0.690342 -0.901594 -1.021472 -0.849289 -0.587885 -0.300179 -0.162097 -0.130950 -0.091834 0.008570 -0.103848 -0.411246 -0.033319 -0.008626 -0.000958 0.000817 0.016625 0.014905 0.872478 0.605829 0.416352 0.415657 0.795759 1.047646 0.724625 1.932949 2.292085 2.555659 4.477345 4.598595 4.080896 5.542934 5.290100 5.084755 4.600674 3.054431 4.968107 4.318119 3.829750 2.951176 2.846668 2.575208 2.350786 1.423108 1.308471 1.066829 0.954606 0.807505
