use_cases/Flooding_chicago/flooding_data/output/hUx_2940.asc
ncols 337
nrows 393
xllcorner 428428.000000
yllcorner 4602440.000000
cellsize 26.757400
NODATA_value -9999.000000
[rows 182 to 207 of 393, columns 59 to 117 of 337]
0.005878 0.020646 0.005872 0.004248 0.002843 0.001887 0.001439 0.012130 0.028797 0.239532 -0.001162 0.000736 0.012909 0.024330 0.007188 0.027305 -0.062297 -0.251878 -0.471836 -0.505745 -0.419455 -0.442258 -0.031397 -0.005800 -0.000222 0.000222 0.011581 0.167865 0.023131 0.000003 0.354032 0.271554 0.068393 0.118374 -0.104705 -0.032967 -0.000401 0.000555 0.023131 0.424248 0.556324 0.914809 1.381643 1.643376 2.121050 2.718741 4.209337 4.220954 3.392050 2.607105 1.750318 1.473482 0.490742 0.211769 0.010334 -0.166418 -0.440454 0.000000 0.013227
0.005878 0.014730 0.003640 0.002126 0.002412 0.001961 0.001225 0.004521 0.004335 0.007520 -0.002116 0.000695 0.001845 0.011778 0.028583 0.338764 0.120750 -0.121150 -0.476707 -0.152268 -0.002679 -0.007250 -0.021979 -0.056641 -0.005785 -0.000020 0.000428 0.004084 0.005753 0.000960 0.396712 0.063082 -0.047428 -0.125846 -0.470721 -0.025994 -0.000330 0.000396 0.025301 0.361073 0.515457 0.561962 0.848082 1.603322 2.064286 3.333794 4.247256 3.522987 2.480529 1.389329 0.905386 0.417145 0.175236 0.114026 0.111671 0.084130 -0.095601 0.000179 0.002078
0.000526 0.002380 0.001325 0.001765 0.000556 0.000604 0.000428 0.019848 0.079381 -0.032735 -0.002637 0.000551 0.002574 0.016997 0.022826 0.282370 0.149159 0.032411 -0.397277 -0.155128 -0.000519 0.000233 0.010407 0.015448 0.117798 0.002038 0.000812 0.001242 -0.000181 -0.112660 -0.298157 -0.290391 -0.217222 -0.124286 -0.175941 -0.003281 0.000232 0.001281 0.196481 0.185541 0.268786 0.391405 0.832838 1.314612 1.981916 2.232253 2.419238 1.928747 1.506514 1.377754 1.702332 1.371389 1.253516 0.974317 0.853429 0.876101 0.702505 0.553366 0.318725
0.001265 0.007729 0.006805 0.018605 0.007042 0.002175 0.000870 -0.004084 0.000766 -0.001677 -0.003009 0.000000 0.007755 0.017490 0.053662 0.044218 0.075810 0.041707 -0.375603 -0.146496 -0.001158 -0.000286 0.001025 0.015782 0.013150 0.016373 0.005290 -0.004341 -0.076556 -0.081303 0.089256 0.107747 0.273911 0.468491 0.326715 0.266620 0.325345 0.310374 0.399218 0.286183 0.295672 0.563817 1.162690 1.879172 2.038777 2.351754 2.603032 1.957761 1.519548 1.432485 1.879637 1.156767 0.775785 0.652285 0.573349 0.546732 0.443805 0.491361 0.574570
0.057979 0.025490 0.019980 0.101506 0.273627 0.182695 0.105864 0.048286 0.019695 0.015788 -0.001078 0.001144 0.013010 0.030582 0.051124 0.037484 0.054349 0.392469 0.307392 -0.072410 -0.009637 -0.001297 0.000801 0.001271 0.026531 0.103585 0.769723 0.963249 1.454505 1.794783 1.820731 1.785827 1.693279 1.516515 1.089122 0.898304 1.106293 1.038468 0.839610 0.718350 0.882406 1.467575 1.779034 2.050829 2.084782 2.226543 2.094217 1.827054 1.252666 1.259742 0.768833 0.895119 0.446385 0.336883 0.349992 0.241246 0.263234 0.294290 0.584830
0.063312 0.023206 0.014911 0.006800 0.017294 0.212925 0.129977 0.140855 -0.041768 -0.039324 -0.000804 0.000851 0.024065 0.037578 0.199606 0.105717 -0.043666 0.025013 0.191555 0.082905 -0.039101 -0.000749 0.000131 0.000833 0.013321 0.064147 0.820982 0.806598 1.083620 1.018366 0.984272 0.974735 1.248258 1.177711 1.036186 1.205605 1.178807 1.164331 1.016169 1.155540 1.263086 1.381310 1.345825 1.647262 1.792481 1.962532 1.795282 1.439763 1.602976 1.265725 0.799762 0.651833 1.024968 0.689224 0.737293 0.617754 0.372632 0.512472 0.480113
0.031214 0.217063 0.000920 0.002402 0.008821 0.005057 0.096588 0.623338 0.575907 0.156142 -0.000390 0.000399 0.029744 -0.500430 -0.256993 -0.208425 -0.129661 0.016371 0.153561 0.199907 -0.006120 -0.001019 0.000005 0.000824 0.002005 0.197422 0.154325 -0.078733 -0.170987 -0.471485 -0.491114 -0.307996 0.099251 0.449012 0.574491 0.644664 0.637476 0.543898 0.530089 0.744613 0.736700 0.739612 1.284686 1.651526 1.803622 2.152127 2.181647 1.899216 1.872829 1.489621 1.308168 0.864890 1.541936 1.365012 1.445752 1.132044 0.968737 1.068402 0.892933
0.012665 0.190587 -0.000414 0.000775 0.008731 0.006636 0.079315 0.667871 0.837038 0.151305 0.005549 0.001693 0.013503 0.051657 0.115561 0.149763 0.307085 0.719159 0.633647 0.565988 0.408977 0.147073 0.000282 0.061014 0.061723 0.320481 0.327643 0.367451 0.236217 0.200067 0.030137 0.010322 0.000012 0.236945 0.526725 0.511634 0.534590 0.542190 0.512735 0.700419 0.655628 1.024637 1.305895 1.810325 2.280909 2.318521 2.336792 2.322190 2.065539 1.674262 1.301267 1.216372 1.530671 1.058829 0.887952 0.859318 0.791956 0.804687 0.524644
0.038605 0.025585 0.009683 0.000034 0.005582 0.006220 0.003222 0.010124 0.104014 0.056564 0.000372 0.007216 0.046842 0.548902 0.617331 0.628632 0.638834 0.816817 1.271262 1.385250 1.326052 1.082619 1.256110 1.387368 1.480367 2.210183 1.188203 1.102323 0.491479 0.329827 0.236625 -0.001753 0.000070 0.146531 0.185907 0.310196 0.473816 0.500623 0.691292 0.744250 0.923913 1.219172 1.728004 1.850877 1.522192 1.357849 1.521900 1.253092 1.144349 0.800781 0.664502 0.582508 0.200503 -0.218436 -0.528345 -0.549096 -0.664653 -1.057564 -0.107048
0.181680 0.069503 0.000283 0.000108 0.001014 0.002737 0.001846 0.013072 0.142035 0.081288 0.179144 0.891534 0.793850 0.981366 1.008160 1.124961 1.514393 1.548706 2.095478 2.436228 2.304754 2.474306 3.458138 2.923590 3.166458 2.480199 3.136141 2.658988 1.842111 1.557293 1.836925 1.471891 1.105418 0.627557 0.479308 0.736720 0.653089 0.772700 0.804947 0.791393 0.631198 0.721081 1.088315 1.339018 1.291248 1.569937 1.158980 0.937374 0.586850 0.547306 0.423045 0.244352 0.173563 0.012125 -0.262731 -0.253752 -0.233447 -0.414959 -0.123447
0.264640 0.134972 -0.001993 -0.002011 0.000064 0.001614 0.004395 0.003268 0.093678 0.241935 0.071727 -0.023501 0.186076 0.492747 0.709878 0.922320 1.163469 1.731110 2.018521 2.582904 2.559028 2.781127 3.126978 2.631483 2.743650 3.369321 3.272439 2.712110 2.596108 2.957558 2.469744 2.694758 2.225739 1.397232 1.151639 1.240206 1.331975 1.406788 1.302623 1.330135 0.986235 0.869910 1.188692 1.402895 1.347360 1.635562 1.091694 0.703659 0.362499 0.264775 0.168801 -0.038711 -0.007875 -0.002136 -0.001006 -0.000353 0.000506 -0.020237 0.020398
0.100646 0.093051 0.048186 -0.000399 0.000560 0.000247 0.000283 0.021733 0.179587 0.776882 0.665660 0.665815 0.548966 0.870157 0.705310 0.866741 0.874925 1.041149 1.585658 1.517622 1.448365 1.692033 1.465797 1.557852 1.553649 1.854123 1.676148 1.282490 2.053661 1.999905 2.176570 1.987545 1.564074 1.502670 1.258864 1.132769 1.420979 1.332781 1.218670 1.077415 0.950911 0.936970 1.209749 1.268441 1.869458 2.849029 1.312688 0.627405 0.174390 -0.067656 -0.270731 -0.458217 -0.680466 -0.032440 -0.001411 -0.000673 0.001460 0.009357 0.291978
0.169017 0.250444 0.160920 0.098437 0.033221 0.005325 -0.000134 0.001629 0.064463 0.575883 0.523399 0.580557 0.410109 0.352232 0.287293 0.281665 0.257708 0.375431 0.600516 0.663112 0.776819 0.898928 0.811128 0.545864 0.571329 0.554389 0.539944 0.502151 0.968146 1.189507 1.020622 1.109775 1.024481 1.143537 1.150209 1.514685 1.520119 1.730740 1.714822 1.724756 1.574590 1.492683 1.721818 1.473979 1.343532 0.424710 -0.326157 -0.772398 -0.885203 -1.098729 -1.240646 -1.441397 -1.110494 -0.438485 -0.001540 -0.001124 0.001610 -0.032960 -0.252244
0.087086 0.180903 0.105643 0.421218 0.413504 0.431507 0.372714 -0.001995 0.004351 0.195177 0.188357 0.155905 0.117914 0.086835 0.073192 0.019872 -0.003607 0.186172 0.522004 0.664061 0.821353 0.971273 0.850656 0.563455 0.594723 0.517144 0.445963 0.382879 0.670539 0.902410 0.793110 0.943325 1.049631 1.045867 1.563649 1.986948 1.433532 1.249642 1.130449 1.471328 1.286699 1.023968 0.982730 0.835165 0.768115 0.333857 0.030799 0.035187 0.138462 0.023006 -0.218479 -0.451448 -1.149503 -1.273131 -0.042553 -0.008371 0.000000 0.005518 -0.794716
0.126605 0.528753 0.371817 0.421003 0.405831 0.725613 0.764543 0.524399 0.233058 0.153462 0.234508 0.206308 0.207224 0.180028 0.159482 0.045167 0.056004 0.202186 0.465462 0.629857 0.792582 0.703764 0.427788 0.358835 -0.001177 0.000664 0.001464 0.251239 0.327290 0.399451 0.515887 0.837257 1.017152 1.310512 1.764361 1.433786 0.271081 0.000260 0.000445 0.329776 0.329656 0.446284 0.377466 0.449082 0.700224 -0.180953 -1.441456 -0.853978 -0.530045 -0.006177 0.000003 0.006201 -0.111892 -1.483576 -0.974823 -0.059307 -0.000071 0.000974 -0.318667
0.077464 0.496800 0.381164 0.450977 0.397338 0.551942 0.550668 0.563838 0.429153 0.407308 0.382456 0.311556 0.336218 0.234221 0.154447 0.043972 -0.067603 -0.029388 0.119157 0.231459 0.200093 0.093236 -0.000345 -0.000506 -0.000412 0.009829 0.001859 0.014918 -0.415977 -0.567744 -0.335319 -0.300601 -0.466130 -0.276323 -0.632778 -0.005799 -0.000100 0.000120 0.004865 0.249527 0.186569 0.329389 0.362836 0.081468 -0.419480 -0.130342 -0.198505 -0.038157 -0.004445 -0.000326 0.000208 0.007252 0.065684 -0.558124 -1.320147 -1.665979 -0.749092 -0.197505 0.000000
0.058715 0.032906 0.016453 0.009345 0.288074 0.173135 0.209299 0.273777 0.345640 0.245360 0.198442 0.244486 0.138492 0.070333 -0.004878 -0.150105 -0.224437 -0.111568 -0.013915 0.060259 -0.052092 -0.017903 -0.008892 0.000003 0.009147 0.091119 -0.000124 0.000095 0.000311 0.000426 0.001322 0.022098 -0.483802 -0.544475 -0.012749 -0.000340 -0.000000 0.000340 0.015798 0.041577 -0.024316 0.072413 0.122869 -0.094893 -0.564343 -0.216944 -0.195808 -0.207124 -0.017436 -0.000153 0.000137 0.046071 -0.152387 -0.311621 -0.985009 -0.898621 -0.720946 -0.238789 0.000000
0.013345 0.017240 0.013588 0.010846 0.005365 0.037602 0.048821 0.247666 0.262372 0.318295 0.210767 0.731532 0.627494 0.553165 0.239549 0.129215 0.180614 0.152212 0.102648 -0.061389 -0.064662 -0.013782 -0.000326 0.000208 0.002798 0.001352 -0.000372 -0.000206 0.000363 0.004393 0.011115 0.000498 -0.000155 -0.000078 -0.000169 0.000070 0.000234 0.008154 -0.294223 -0.212613 0.149609 0.269492 0.281876 -0.271047 -0.928151 -0.587625 -0.322710 -0.189789 -0.137366 -0.000985 -0.003319 0.067715 0.259100 0.035913 -0.110359 -0.237506 -1.203697 -0.211936 -0.000240
0.011425 0.056351 0.203991 0.099205 0.000586 0.002746 0.326908 0.479676 0.503250 0.552685 0.615686 0.708532 0.803835 0.125460 -0.558059 -0.726260 -0.451777 -0.004040 -0.000877 -0.006133 -0.056570 -0.016623 -0.000442 -0.000339 -0.000574 -0.002483 -0.012385 -0.006394 0.000007 0.012149 0.098266 -0.012490 -0.000222 0.000222 0.008922 0.071184 0.014319 0.005969 0.357796 0.221303 0.398631 0.336934 0.143395 -0.438111 -1.278703 -1.636018 -1.816285 -1.782453 -1.355523 -1.498123 -1.529410 -1.786593 -1.562029 -1.698754 -2.238873 -1.605157 -1.709679 -2.020566 -1.492379
0.479159 0.460781 0.504528 0.533805 0.604567 0.410363 0.342945 0.183594 0.085830 -0.033515 -0.110546 -0.304236 -0.022289 -0.000048 -0.001288 -0.003940 -0.001282 0.000310 0.001920 0.000942 0.000075 0.000720 0.000097 -0.000555 -0.000537 -0.000011 -0.000457 0.000412 0.000338 0.000349 -0.102324 -0.122827 -0.000003 0.005147 0.025719 -0.003939 -0.000354 0.010018 0.798421 0.455792 0.297064 0.080280 -0.274472 -0.833831 -1.189197 -1.490939 -1.998211 -1.703731 -1.956530 -1.784929 -1.821896 -1.567918 -1.305726 -0.931817 -1.016023 -0.345891 -1.049101 -1.575982 -1.344509
0.383880 0.264690 0.203041 0.147010 0.114003 0.094050 0.001142 0.000474 0.079313 -0.004725 -0.015649 0.001834 -0.010714 -0.001353 -0.000021 0.001317 0.007319 0.006918 0.002480 0.000000 0.004046 0.003768 0.000881 -0.012868 -0.117741 -0.111027 -0.000047 0.048311 -0.207082 -0.543549 -0.836179 -0.755198 -0.266933 -0.112935 -0.070671 -0.014409 -0.004893 0.009439 0.706651 0.708836 0.853591 0.364739 -0.333760 -0.990140 -1.228494 -1.691758 -1.856503 -1.879189 -2.237474 -2.309499 -1.691410 -2.520303 -1.869395 -1.452436 -0.295654 -0.375471 -1.026922 -1.212102 -1.212119
0.201753 0.151474 0.105773 0.090049 0.052928 0.039319 -0.000330 0.000396 0.021434 0.280994 0.179775 0.132117 -0.018582 -0.002650 -0.000069 0.001978 0.003168 0.001938 0.000322 0.000000 0.003883 0.002858 0.099106 -0.034428 -0.099250 -0.080813 -0.000003 0.062488 0.165054 0.013617 -0.036279 -0.065161 -0.067205 -0.052214 -0.045027 -0.139951 -0.001916 0.009843 0.719239 0.978102 1.262972 0.740602 0.183703 -0.647778 -1.222351 -1.666546 -1.678697 -1.874319 -1.740144 -1.674077 -1.282701 -1.606945 -2.338423 -1.875082 -1.954488 -1.766455 -2.151878 -1.615603 -1.296763
0.135659 0.096964 0.059415 0.031859 0.005464 -0.005959 -0.000401 0.000555 0.023980 0.344178 0.300828 0.238829 -0.045797 -0.020637 -0.000083 0.000410 0.007162 0.052340 0.020384 0.006140 0.003698 -0.013228 -0.035328 -0.076731 -0.048791 -0.005372 0.000000 0.057802 0.295313 0.310826 0.357870 0.350530 0.340321 0.374698 0.306333 0.377118 0.247992 0.202682 0.450421 0.504974 0.427291 0.384348 0.323918 0.197822 -0.032135 -0.470754 -0.687511 -0.840489 -0.947657 -0.604983 -0.697221 -0.129499 -1.123553 -1.411544 -1.742263 -1.804658 -3.001104 -1.472296 -1.205350
0.056785 0.005066 -0.037240 -0.054316 -0.049180 -0.024113 -0.000013 0.014648 0.250137 0.445453 0.279262 0.288254 -0.012927 -0.006319 0.000000 0.001111 0.000760 0.004808 0.029543 0.020486 0.003774 -0.206197 -0.242939 -0.034194 -0.023026 -0.000529 0.000066 0.036105 0.241056 0.309864 0.346384 0.268990 0.234826 0.172695 0.204072 0.236003 0.266237 0.301375 0.496846 0.384955 0.266794 0.158538 0.040456 -0.102966 -0.042816 0.039746 0.111712 0.133011 0.126223 0.159742 0.037569 0.000221 -0.032392 -0.067283 -0.115571 -0.198317 -0.382641 -1.503380 -1.514566
0.099073 0.053457 0.025585 0.001523 -0.020202 -0.034246 0.000069 0.011873 0.000240 -0.008426 -0.110537 -0.026217 -0.006812 -0.000497 0.000072 0.001040 0.000781 0.012729 0.061993 -0.061869 -0.168862 -0.225960 -0.354351 -0.061615 0.000000 0.006133 0.000124 -0.023037 -0.001823 0.054194 0.079488 0.068806 0.078231 0.104809 0.144940 0.242970 0.268926 0.401091 0.326984 0.176460 0.033175 -0.094126 -0.195872 -0.221872 -0.053346 0.044527 0.080036 -0.001739 -0.081662 -0.188904 -0.527226 -0.042639 -0.012953 0.001229 -0.002247 -0.002262 -0.007378 -0.442940 -1.703643
0.320723 0.330410 0.270522 0.259988 0.252083 0.293694 0.117232 0.016486 -0.056854 -0.187660 -0.257785 -0.277516 -0.017382 -0.000250 -0.000107 0.000182 0.001533 -0.000047 -0.159105 -0.165385 -0.217531 -0.260401 -0.200728 -0.041580 0.000000 0.037214 0.045151 0.042776 0.018748 0.028069 0.030660 0.066440 0.072338 0.077884 0.154254 0.241140 0.221840 0.272050 0.255664 0.088621 -0.253410 -0.607108 -0.789220 -0.406227 0.074048 0.425917 0.578231 0.629674 0.554649 0.305419 -0.234991 -0.063450 -0.444298 -0.183786 -0.012399 -0.000708 -0.000062 0.000666 -0.322721
