use_cases/Flooding_chicago/flooding_data/output/hUx_780.asc
ncols 337
nrows 393
xllcorner 428428.000000
yllcorner 4602440.000000
cellsize 26.757400
NODATA_value -9999.000000
[rows 130 to 155 of 393, columns 59 to 117 of 337]
-9999.000000 -9999.000000 -9999.000000 -9999.000000 -9999.000000 -9999.000000 -9999.000000 -9999.000000 -9999.000000 -9999.000000 -9999.000000 -9999.000000 -9999.000000 -9999.000000 -9999.000000 -9999.000000 -9999.000000 -9999.000000 -9999.000000 -9999.000000 -9999.000000 -0.001601 -0.004121 -0.009145 -0.002319 -0.006010 -0.008030 -0.000928 -0.005561 -0.003663 0.000000 -9999.000000 -9999.000000 -9999.000000 -9999.000000 -9999.000000 -9999.000000 -9999.000000 -9999.000000 -9999.000000 -9999.000000 -9999.000000 -9999.000000 -0.002158 0.001746 0.000706 0.000436 0.000666 0.002390 0.068479 0.057144 0.011993 0.088662 0.151933 0.061580 0.038159 0.028745 0.023732 0.021318
-9999.000000 -9999.000000 -9999.000000 -9999.000000 -9999.000000 -9999.000000 -9999.000000 -9999.000000 -9999.000000 -9999.000000 -9999.000000 -9999.000000 -9999.000000 -9999.000000 -9999.000000 -9999.000000 -9999.000000 -9999.000000 -9999.000000 -9999.000000 -0.001026 -0.000148 -0.002699 -0.006121 -0.004986 0.000000 -0.028213 -0.040920 -0.088784 -0.006919 -0.000058 0.000341 0.000398 0.001620 0.001273 0.005236 0.000533 -0.001290 -0.000364 -0.053408 -0.019597 -0.008990 0.000015 -0.003674 -0.001539 -0.000540 0.000007 0.007732 0.034651 0.149709 0.000315 0.000912 0.012316 0.016939 -0.002799 -0.045816 -0.091648 -0.117878 -0.058559
-9999.000000 -9999.000000 -9999.000000 -9999.000000 -9999.000000 -9999.000000 -9999.000000 -9999.000000 -9999.000000 -9999.000000 -9999.000000 -9999.000000 -9999.000000 -9999.000000 -9999.000000 -9999.000000 -9999.000000 -9999.000000 0.000000 -0.003443 -0.004378 -0.000208 0.000326 -0.000040 -0.005548 -0.012102 -0.019354 -0.012879 -0.006947 -0.007157 -0.001190 -0.000638 0.003389 0.003608 0.001693 0.027430 0.012341 -0.006547 -0.009442 -0.024215 -0.009414 -0.000588 0.000404 -0.000226 -0.002681 -0.000352 0.000352 0.010006 0.040791 0.013062 0.007534 0.003466 0.030373 0.457415 0.436334 0.469294 0.312510 0.166646 0.014598
-9999.000000 -9999.000000 -9999.000000 -9999.000000 -9999.000000 -9999.000000 -9999.000000 -9999.000000 -9999.000000 -9999.000000 -9999.000000 -9999.000000 -9999.000000 -9999.000000 -9999.000000 -9999.000000 -9999.000000 -0.005761 -0.006135 -0.003292 -0.001955 -0.000003 0.091343 0.045293 0.013322 -0.014524 -0.028141 -0.014534 -0.034442 -0.044535 -0.004675 -0.000556 0.004922 0.114748 0.150881 0.131766 0.078276 -0.017083 -0.048903 -0.036003 -0.009821 -0.000781 0.000724 0.003719 0.001075 -0.000007 0.000585 0.001548 0.011682 0.014340 0.010637 0.055947 0.117660 0.504841 0.375225 0.320223 0.276580 0.191879 0.029009
-9999.000000 -9999.000000 -9999.000000 -9999.000000 -9999.000000 -9999.000000 -9999.000000 -9999.000000 -9999.000000 -9999.000000 -9999.000000 -9999.000000 -9999.000000 -9999.000000 -9999.000000 -9999.000000 0.000052 0.016124 0.122850 0.092917 0.076835 -0.000374 -0.022038 -0.133720 -0.111434 -0.161645 -0.206445 -0.228598 -0.109541 -0.002460 -0.005118 0.000373 0.005077 0.049293 0.051187 -0.018217 -0.006698 -0.000360 0.000360 -0.061276 -0.010847 -0.000388 0.000368 0.002544 0.002099 0.022722 0.005090 0.077629 0.090451 0.023133 0.014862 0.053946 0.076368 0.011890 0.004180 -0.087810 -0.016114 0.050926 0.003137
-9999.000000 -9999.000000 -9999.000000 -9999.000000 -9999.000000 -9999.000000 -9999.000000 -9999.000000 -9999.000000 -9999.000000 -9999.000000 -9999.000000 -9999.000000 -9999.000000 -9999.000000 -0.001872 0.000757 0.002716 0.010011 -0.058486 -0.070219 -0.065571 -0.006071 -0.124815 -0.105053 -0.131985 -0.167696 -0.180197 -0.166176 -0.104411 -0.003879 -0.002850 0.003233 -0.005615 -0.000045 -0.061957 -0.006698 -0.000360 0.000360 -0.003806 -0.001323 -0.000123 0.000351 0.003897 0.001971 0.004143 0.098010 0.208661 0.120394 0.026855 0.016958 0.030508 0.010765 0.002550 0.008914 0.168730 0.098583 0.144149 0.147811
-9999.000000 -9999.000000 -9999.000000 -9999.000000 -9999.000000 -9999.000000 -9999.000000 -9999.000000 -9999.000000 -9999.000000 -9999.000000 -9999.000000 -9999.000000 -9999.000000 -0.000048 0.004012 0.006476 0.003699 0.000958 0.012076 0.174147 0.008042 0.016392 0.137681 -0.002067 -0.025489 -0.042817 -0.135871 -0.209174 -0.107192 -0.095081 -0.001070 0.000560 0.000536 0.020093 -0.003232 -0.006868 -0.000520 -0.001123 -0.001227 0.000277 -0.000537 -0.004275 -0.015293 -0.014620 -0.007120 -0.000534 -0.058628 -0.046242 0.019079 0.016062 0.005909 0.001637 0.000667 0.005846 0.010501 0.177923 0.000000 0.112654
-9999.000000 -9999.000000 -9999.000000 -9999.000000 -9999.000000 -9999.000000 -9999.000000 -9999.000000 -9999.000000 -9999.000000 -9999.000000 -9999.000000 -9999.000000 -0.001817 -0.000845 0.000951 0.000770 0.000203 0.000294 0.010667 0.082613 0.044986 0.024343 0.025039 -0.018797 -0.034763 -0.042187 -0.105071 -0.110038 -0.135606 -0.149336 -0.000482 -0.000059 0.000515 0.013735 0.324077 -0.001379 0.000397 -0.140490 -0.147783 -0.000974 -0.002000 -0.004500 -0.010704 -0.013969 -0.000369 0.000412 -0.000526 -0.002501 0.000000 0.019774 0.134883 0.117451 -0.000928 0.000178 0.018807 0.054235 0.024374 0.022453
-9999.000000 -9999.000000 -9999.000000 -9999.000000 -9999.000000 -9999.000000 -9999.000000 -9999.000000 -9999.000000 -9999.000000 -9999.000000 -0.004063 -0.006769 -0.002887 -0.001102 0.002102 0.001169 -0.000326 0.000208 0.019025 0.030218 0.082891 0.023154 0.002677 -0.018786 -0.024653 -0.011853 0.010673 0.037674 -0.031262 -0.183807 -0.006664 0.000000 0.007115 0.031968 0.399504 -0.000761 0.000697 0.044649 0.036891 -0.067317 -0.289089 -0.606477 -0.134454 -0.047811 -0.000705 0.000921 0.002341 -0.000249 0.000000 0.018526 -0.261037 -0.402722 -0.011892 0.000000 0.007834 0.305486 0.159339 0.098087
-9999.000000 -9999.000000 -9999.000000 -9999.000000 -9999.000000 -9999.000000 -9999.000000 -9999.000000 -9999.000000 -9999.000000 -9999.000000 -0.006222 -0.002783 -0.002214 0.003278 0.002936 -0.052081 -0.007026 0.000003 0.006717 0.009155 0.063263 0.022074 0.000000 0.004144 0.002678 0.135298 0.052902 -0.011482 -0.106079 -0.019826 -0.009521 0.000000 0.011723 0.017810 -0.057969 -0.084972 -0.020954 0.054843 0.027556 -0.050143 -0.152279 -0.023148 -0.009676 -0.001303 -0.000700 0.001398 0.002300 0.000289 0.000000 0.013683 0.103440 0.018913 -0.010758 0.000000 0.014385 0.021591 0.169544 0.086890
0.000000 -9999.000000 -9999.000000 -9999.000000 -9999.000000 -9999.000000 -9999.000000 -9999.000000 -9999.000000 -9999.000000 -0.003736 -0.002958 -0.003750 0.000909 0.004369 0.068461 0.171435 -0.010732 -0.000069 0.000644 0.062246 0.064189 0.057543 0.058360 0.030015 0.009024 0.187780 0.166568 0.049415 -0.066303 -0.017913 -0.006664 0.000000 0.008232 0.020387 0.483086 0.275604 0.180416 0.205640 0.237389 0.125320 0.044202 -0.001352 -0.002120 -0.000843 -0.000105 0.000782 0.002068 -0.001022 -0.000433 0.000684 0.001552 -0.155560 -0.006940 0.000000 0.006804 0.013311 0.009066 0.057800
-0.000418 -9999.000000 -9999.000000 -9999.000000 -9999.000000 -9999.000000 -9999.000000 -9999.000000 0.000000 -0.137894 -0.022322 -0.004285 -0.004504 0.000264 0.004949 0.003533 0.177465 0.159980 -0.000067 0.000137 0.721574 0.137816 0.110540 0.079884 0.475954 0.518357 0.373599 0.248843 -0.006454 -0.173106 -0.187636 -0.000486 -0.000119 0.000531 0.001460 -0.097403 -0.194119 -0.128922 -0.027305 0.000225 -0.006248 -0.003423 -0.000020 0.049940 0.047167 -0.000284 0.000403 0.078435 0.102470 0.115438 -0.000661 0.001172 0.002652 0.039202 -0.000070 0.000614 0.006966 0.015837 0.042840
-0.010059 -0.000360 0.000360 0.002339 0.002024 0.003837 0.002857 0.002890 0.028721 -0.056915 -0.029497 -0.004440 -0.004526 -0.002875 0.000000 0.011915 0.021130 0.227956 0.285118 0.357894 1.153297 0.188546 0.139588 0.097769 0.252685 -0.000165 0.000494 0.031627 -0.170746 -0.299616 -0.265885 -0.316845 -0.338111 -0.311205 -0.212398 -0.148711 -0.209660 -0.186595 -0.193379 -0.173425 -0.167677 -0.080821 -0.000044 0.002712 0.014816 0.053668 0.075681 0.077181 0.086006 0.084931 -0.000722 0.000887 0.027237 0.042784 0.013846 0.003575 0.031388 0.304276 0.783372
-0.007357 -0.000360 0.000360 0.004459 0.004739 0.002702 0.007083 0.007148 0.002867 0.001425 -0.002147 -0.002092 -0.000055 0.000639 0.000454 0.001418 0.017786 0.516611 0.492191 -0.000000 -0.004864 0.009905 0.314613 0.081770 0.025745 0.000000 0.008780 0.020564 0.074842 -0.100459 -0.266828 -0.311948 -0.229772 -0.123919 -0.091569 -0.041757 0.034551 -0.027999 -0.212077 -0.265599 -0.304776 -0.062434 -0.000794 0.000146 0.079609 0.073503 0.092873 0.130341 0.156434 0.144703 -0.000373 0.000405 0.014765 0.017265 0.301800 0.292553 0.647524 0.822014 0.776333
-0.000915 -0.000731 0.000010 0.003340 0.004141 0.002539 -0.000675 -0.004636 -0.001077 -0.000579 -0.000292 0.002257 0.029379 0.028857 0.012012 0.000063 0.017483 0.333617 -0.006034 -0.000003 0.005981 0.223393 0.555179 -0.001193 -0.000448 0.000000 0.002574 0.001440 -0.001108 -0.000337 -0.001582 -0.006130 -0.011701 -0.010097 0.012747 0.054572 -0.005559 0.003359 0.006361 -0.178800 -0.044582 -0.054610 -0.000951 -0.000054 0.000260 0.001810 0.006423 0.004138 0.001654 0.226159 0.212808 0.518687 0.489597 0.587646 0.579542 0.462712 0.203924 0.110271 0.094769
0.001210 0.000484 -0.000399 -0.000162 0.000873 0.000739 -0.001051 -0.001292 -0.002198 0.000000 0.003123 0.003110 0.037225 0.032186 0.019467 0.007117 0.003097 -0.009672 -0.006364 -0.000208 0.000326 -0.035013 -0.105384 -0.005577 0.000000 0.000441 0.001342 -0.004586 -0.037175 -0.006241 -0.001027 0.000552 -0.020245 -0.021587 0.007601 0.017946 -0.006822 0.013110 0.017458 0.005231 -0.061417 -0.143122 -0.005852 -0.000222 0.000222 0.005806 0.048820 0.013091 0.348933 0.405244 0.285655 0.622967 0.532159 0.524908 0.472482 -0.000121 0.000104 0.010085 0.017525
0.006853 0.005729 -0.000776 -0.000510 0.000392 -0.006994 -0.061590 -0.008399 -0.001090 -0.000260 0.000509 0.001392 0.000968 0.028105 0.144294 0.067693 0.035299 -0.081780 -0.010789 -0.000456 0.000580 0.001553 0.008388 0.030883 0.000000 0.005030 0.050608 -0.085466 -0.023626 -0.001274 -0.003707 0.002106 0.004072 -0.035681 -0.046393 -0.000254 0.000510 0.058071 -0.000739 0.000534 0.006672 -0.107294 -0.088270 -0.000198 0.000067 0.000803 0.080113 0.456302 0.331852 0.000036 0.111570 0.952026 0.000283 0.000841 0.195663 -0.000222 0.000222 0.003946 0.014552
0.012165 0.059370 0.008094 -0.000027 -0.165286 -0.163583 -0.013095 -0.005389 -0.007294 -0.000385 -0.000421 0.000645 0.000714 -0.005117 0.001737 0.037239 0.056901 0.028085 -0.017284 -0.005078 -0.000179 0.000618 0.010622 0.033380 -0.005507 0.008864 -0.041054 -0.183995 -0.008736 -0.000141 0.000377 0.010498 0.010307 -0.107076 -0.138386 -0.054284 0.128366 0.159563 -0.002886 0.000738 0.001127 -0.023370 -0.025016 -0.027154 -0.015273 0.059153 0.074927 0.327981 -0.000271 0.000827 0.029610 0.016760 0.007932 0.003264 0.081940 -0.000103 0.000103 0.008661 0.016306
0.026114 0.197188 0.001186 0.006505 -0.069044 -0.006976 -0.012540 0.000932 0.008741 0.010049 -0.000557 -0.001687 -0.009831 -0.040041 -0.050932 -0.000000 0.060965 0.146082 -0.014367 -0.006876 -0.000340 0.000121 0.001308 -0.278111 -0.260029 -0.231691 -0.299999 -0.025577 -0.009262 0.000011 0.022969 0.023783 0.020567 0.011949 -0.063306 -0.072385 0.036422 -0.007442 -0.009248 -0.001091 0.000107 0.001176 0.111313 0.169655 0.074594 0.078708 0.062747 0.000001 0.003243 0.003005 0.017263 0.014847 0.006775 -0.002477 0.022574 0.065744 0.344888 0.467052 0.483140
-0.021482 -0.004640 -0.000288 0.002894 -0.137154 -0.007838 -0.000007 0.015584 0.013473 0.040145 0.013859 -0.003452 -0.019986 -0.099551 -0.008606 -0.000010 0.049416 0.175571 0.295882 0.041378 -0.011799 -0.000076 0.000225 -0.132190 -0.131079 -0.009432 -0.016042 -0.008781 -0.000794 0.000252 0.021042 0.023898 0.023752 0.017402 -0.044861 -0.211838 -0.006290 -0.013972 -0.015352 -0.002457 0.000539 0.002807 0.118097 0.267867 0.098943 0.075081 0.041959 0.000035 0.004172 0.002739 0.012160 0.008217 0.024815 0.017089 0.171256 0.613996 0.815802 0.584685 0.599093
-0.570623 -0.126939 -0.000286 0.001402 0.009121 0.050874 -0.000384 0.000325 0.027984 0.153033 1.191044 -0.000439 -0.828393 -0.090019 -0.016884 -0.000224 0.000796 0.049612 0.507442 0.005292 -0.436053 -0.716662 -0.785581 -0.444207 -0.217852 -0.067949 -0.002761 -0.015328 -0.005472 0.000000 0.000857 0.000904 0.000896 0.008818 0.005070 -0.061104 -0.005550 -0.010372 -0.003376 -0.003674 0.002129 0.004344 0.007718 0.000015 0.011357 -0.000201 -0.000126 0.000956 0.011061 0.050490 0.015778 0.031459 0.026394 0.014967 0.108772 0.066705 0.152253 0.081623 0.099585
-0.176711 -0.063448 -0.052489 -0.035910 -0.537271 -0.182122 -0.017445 -0.000325 0.000384 0.007194 0.256443 0.135734 -0.243368 -0.060025 -0.008066 0.000000 0.008009 0.043710 0.491390 0.132409 -0.047534 -0.194179 -0.077202 -0.147037 -0.197423 -0.132976 -0.162600 -0.004250 -0.015815 -0.008176 -0.000612 0.000133 0.000741 0.008268 0.004848 -0.106657 -0.223573 -0.058257 -0.015748 -0.000486 0.000255 0.018511 0.071424 -0.107147 -0.013200 0.000000 0.001326 0.001084 0.034950 0.027373 0.054989 0.034226 0.016018 0.090040 0.000000 0.046937 0.039164 0.014770 0.000000
0.641412 0.502230 0.361809 -0.004923 -0.120958 -0.060020 -0.001999 -0.000362 0.000007 0.007582 0.233747 0.330372 -0.024099 -0.052422 -0.008066 0.000000 0.010587 0.037123 0.399735 0.029144 -0.183697 -0.378570 -0.099362 -0.158050 -0.108576 -0.203210 -0.234189 -0.125881 -0.049638 -0.007012 -0.002263 -0.007311 0.001182 0.008538 0.084085 -0.041310 -0.266771 -0.078329 -0.017807 -0.001035 -0.000227 0.000941 0.000369 -0.000602 -0.003585 0.000000 0.018537 0.018474 0.053502 0.034466 0.084233 0.234199 0.250193 0.949061 0.271808 0.178719 0.109878 0.000000 0.005237
-0.138780 -0.201641 -0.205240 -0.083361 -0.088505 -0.000116 0.000210 0.001854 0.001668 0.004185 0.003631 0.253361 0.208265 -0.012080 -0.010705 0.000000 0.012396 0.028108 0.005594 -0.141513 -0.433604 -0.196214 -0.023149 -0.066864 -0.145969 -0.232714 -0.274216 -0.507281 -0.422650 -0.143888 -0.201286 -0.013409 -0.000761 -0.000194 0.000616 -0.005194 -0.008013 -0.009749 -0.006197 -0.007454 -0.000712 0.000388 0.001461 0.001175 0.001747 0.028630 0.078102 0.034574 0.013355 0.042137 0.107444 0.230308 0.234908 0.305691 0.277496 0.161439 0.104785 0.057083 0.260933
0.025117 -0.026125 -0.024440 -0.152525 -0.005604 0.000000 0.003532 0.004096 0.044182 -0.000222 0.000653 0.001144 -0.066592 -0.036823 -0.005817 0.000000 0.011398 0.041778 -0.167768 -0.184206 -0.197733 -0.033016 -0.019003 -0.032185 -0.036258 -0.000034 -0.134750 -0.220771 -0.386228 -1.066903 -0.539337 -0.019679 -0.000926 -0.000994 0.000540 0.001145 -0.011252 -0.001577 -0.003894 -0.006529 -0.008443 -0.000640 0.001069 0.000799 0.003785 0.002496 0.009168 0.039329 0.010711 0.010109 0.003350 0.020543 0.018780 0.012488 0.165416 0.613189 0.491114 0.651308 0.575082
0.038440 -0.003312 0.017481 -0.066676 -0.000154 0.000104 0.000982 0.001823 -0.053521 -0.144009 -0.292789 -0.374045 -0.211210 -0.165712 -0.020869 0.000000 0.008039 0.006900 -0.035738 -0.104223 0.031055 0.100456 -0.014583 -0.028737 -0.027451 -0.001185 -0.001634 -0.000024 0.000407 0.065003 -0.001917 -0.185276 -0.083259 -0.030795 -0.000612 0.000519 -0.043488 -0.042986 -0.041685 -0.124746 -0.019819 0.000000 0.009589 0.028546 0.008101 0.002984 0.010400 0.052124 0.103751 0.196467 0.130370 0.098004 0.066425 0.039028 0.145574 0.865424 0.901980 0.259272 0.003654
