use_cases/Flooding_chicago/flooding_data/output/hUx_3120.asc
ncols 337
nrows 393
xllcorner 428428.000000
yllcorner 4602440.000000
cellsize 26.757400
NODATA_value -9999.000000
[rows 182 to 207 of 393, columns 236 to 294 of 337]
1.245549 1.939425 2.114864 0.147919 -0.001780 -0.006930 -0.023700 -0.008146 -0.000401 0.000555 0.006431 1.371392 1.608688 2.035639 1.917756 1.503743 1.835562 1.432793 1.271249 0.882505 0.379603 0.002950 0.019696 1.627508 1.799405 1.999814 2.368458 2.054722 2.412934 1.760346 1.764156 1.819874 1.867834 2.056623 1.916723 2.510205 1.923692 1.996493 2.667593 3.360685 4.219790 5.161341 5.613765 6.667277 5.123857 4.622760 4.151372 2.661423 5.226154 4.283930 6.204039 2.101796 -9999.000000 -9999.000000 -9999.000000 -9999.000000 -9999.000000 -9999.000000 -9999.000000
0.002938 1.533579 4.582004 1.516166 0.051974 0.006308 -0.044986 -0.008553 -0.000013 0.006791 0.032094 1.136451 1.533599 1.780328 1.760222 1.961278 2.048996 1.376426 1.315072 1.413146 0.678428 0.507452 2.966119 2.826372 2.834859 2.773863 3.328223 2.720545 2.705682 1.549893 1.345838 0.514536 0.471737 0.433469 1.833002 1.921529 1.817177 1.986108 2.201689 3.267941 3.591265 4.365665 4.688930 3.536539 2.770586 2.895409 3.502553 2.349095 4.055099 3.137429 4.735292 1.934067 -9999.000000 -9999.000000 -9999.000000 -9999.000000 -9999.000000 -9999.000000 -9999.000000
0.001273 0.560097 4.173895 3.703275 3.194742 1.266347 0.954695 0.770545 -0.000273 0.000292 0.444732 0.980005 1.098952 1.300554 1.251491 1.392035 1.332094 1.359831 0.756517 0.788536 1.645137 3.700024 5.275068 4.572312 4.097370 3.717973 4.243046 3.527706 2.180852 1.822532 1.446112 1.330425 0.517336 0.456316 0.319678 2.062936 1.693426 1.747428 1.813414 2.374527 2.177164 2.127804 0.653253 0.317635 0.075349 0.060587 0.165805 0.083970 0.063473 0.294981 0.775034 0.790540 0.041483 -9999.000000 -9999.000000 -9999.000000 -9999.000000 -9999.000000 -9999.000000
0.005913 0.016549 0.453726 3.270504 3.073863 3.176625 2.987767 4.149890 2.562955 2.308447 3.962107 3.430534 2.641066 2.099131 1.600506 0.886402 0.822547 0.783902 0.803588 0.814888 4.801565 5.451287 5.357063 7.215490 3.907343 3.449450 3.054983 2.697264 2.422270 2.545372 1.698614 1.273305 1.107911 0.350748 0.343163 2.384240 2.044117 1.768361 1.615893 1.792655 0.884703 0.000167 0.013577 0.014813 -0.029746 -0.043974 -0.000120 0.000127 -0.004519 -0.006385 0.011800 0.018336 0.000027 -9999.000000 -9999.000000 -9999.000000 -9999.000000 -9999.000000 -9999.000000
0.031076 0.008040 0.020286 0.955024 1.060929 2.364291 2.508873 3.780537 3.686821 3.731466 4.746325 3.899778 3.267702 2.623715 2.194903 0.890950 0.832774 0.812183 0.886055 2.685278 5.663242 4.876994 1.683112 1.710887 0.839060 0.650338 0.297645 0.316480 1.178490 1.385161 1.243676 1.573413 2.100496 2.110529 2.728635 2.763990 2.157577 2.267335 1.836053 1.212055 0.569057 -0.140193 -0.071924 0.000000 -0.001801 -0.002267 -0.000222 0.000222 -0.019109 -0.000813 -0.000150 0.000384 0.000840 0.011337 0.016047 -9999.000000 -9999.000000 -9999.000000 -9999.000000
0.045966 0.012225 0.023801 0.466400 0.550702 0.793916 1.070665 2.056953 2.074636 3.301623 3.135252 3.373820 2.778013 2.789083 2.371795 1.813079 0.924618 2.365081 3.253681 3.695706 3.598363 1.475301 0.024093 0.006344 0.001671 -0.071002 -0.077626 -0.013302 0.070433 1.008763 1.132658 1.558309 2.164997 2.718650 3.516615 2.521910 2.164970 2.391933 1.800626 0.890946 0.824516 0.382401 0.054737 0.075817 0.046309 0.039432 0.048246 0.039696 -0.053560 -0.005461 0.000000 0.000446 0.001244 0.001342 0.017021 0.024993 -9999.000000 -9999.000000 -9999.000000
0.033706 0.113919 0.227748 0.220521 0.194778 0.371393 0.681274 0.918704 1.861141 2.043453 2.194665 1.995320 2.590448 2.564321 2.792247 2.738932 2.412080 2.766758 3.090566 2.443255 0.953338 -0.008470 -0.000003 0.007248 0.023489 0.031272 0.128394 0.000646 0.001537 0.543723 1.044133 1.896170 2.420690 2.995291 3.099507 2.607157 2.376408 2.812763 1.679861 1.120510 0.925807 0.296296 0.015291 -0.050920 -0.034423 -0.010393 0.121747 0.229528 0.123822 -0.097774 0.000000 -0.001482 -0.000649 0.000449 0.010602 0.013108 0.005917 0.004145 0.002418
0.015943 0.024201 0.152013 -0.251571 -0.179782 0.470195 1.302012 1.356709 1.348358 1.380080 0.857125 0.947656 1.498719 1.244360 1.956418 1.956111 2.755546 2.365146 2.348394 1.341276 0.475160 0.203719 -0.000208 0.000326 0.007657 0.016042 0.012702 0.321728 0.414577 1.668353 1.934993 2.509489 2.498728 2.294688 2.735683 2.883236 2.462084 1.915749 1.301036 0.552420 0.466849 0.103785 0.046936 0.300793 0.117853 0.092159 0.158938 0.278183 0.237831 0.038309 -0.022381 -0.086004 -0.136550 -0.000912 0.000576 0.015096 0.033155 0.004385 0.024523
0.003270 0.014255 0.025109 0.270638 0.595672 1.072026 1.149085 1.259295 1.124358 1.496746 1.044231 1.321160 0.994347 2.521145 2.506742 2.806141 3.048262 2.780282 2.121399 1.436495 0.656540 0.145021 0.001152 0.000819 0.001771 0.012574 0.577001 0.930715 1.110779 2.360871 2.557924 1.867525 1.903549 1.887197 2.053361 1.488320 1.351826 1.502614 0.983423 0.810107 0.662868 0.265292 0.074112 0.085590 0.425236 0.505697 0.335573 0.321542 0.323700 0.189618 0.041207 -0.020857 -0.126772 -0.002974 -0.000919 0.000422 0.000217 0.000254 0.009924
0.016885 0.003756 0.009586 1.296402 1.835534 1.878448 1.541623 1.286608 1.364395 1.707297 1.913536 1.907244 1.720532 0.971321 2.098167 2.248661 2.477990 2.030720 1.838712 1.714437 1.152653 0.529916 0.510665 0.387242 0.000078 0.007646 0.554256 0.991824 1.090960 2.074610 1.761849 1.569472 1.685959 1.709627 2.039076 1.407831 1.388503 1.693130 1.214157 1.136616 0.428596 0.413458 0.152349 0.145403 0.589020 0.548184 0.524408 0.413991 0.287759 0.204304 0.089501 -0.108933 -0.002440 -0.005982 -0.007744 -0.023424 -0.005878 0.000000 0.005878
0.012291 0.002683 0.009066 1.453627 2.103791 1.892429 1.187067 3.215202 2.373262 2.199016 2.091289 1.404145 0.724175 0.002931 -0.178980 -0.100797 0.064031 0.071076 0.067611 0.301995 0.429588 0.389899 0.508746 0.389216 0.377402 0.984214 1.386071 1.374239 1.607490 2.046772 1.598029 1.876990 1.683425 1.843287 2.092222 1.436485 1.527825 2.129273 1.729729 1.973754 1.303993 1.416195 0.895037 0.991133 1.906546 1.861295 1.658207 1.104671 0.842673 0.717983 0.427078 0.083931 0.044225 -0.003883 -0.004890 -0.016854 -0.005878 0.000000 0.005878
0.473606 1.744531 2.830516 3.025754 4.236722 1.743132 1.610934 2.710955 1.414726 0.309022 0.189290 -0.062462 -0.006945 0.000010 0.008214 0.133928 -0.000003 0.009872 0.198807 0.180799 0.230357 0.262297 0.000000 0.331345 0.786129 0.898844 1.364456 1.796385 1.668994 1.736426 2.218243 1.899404 2.566251 2.583950 2.619991 2.466148 2.847995 2.836355 3.492540 3.025569 2.781087 2.511122 2.045368 2.182186 2.229425 3.013625 1.999332 1.940870 2.296374 2.284573 1.868282 1.791245 1.661607 0.724208 0.535901 0.028473 0.007566 -0.000094 0.000336
3.057992 2.716546 2.856422 2.223439 2.511867 1.569812 1.128215 0.190135 0.080349 0.016346 -0.015830 -0.006316 -0.000360 0.000360 0.006698 0.107184 -0.000208 0.000326 0.001848 0.004925 0.003798 0.243162 0.208706 0.410877 2.797152 2.805096 3.260148 3.370322 2.885212 1.938189 1.843246 2.484033 2.073725 2.402291 2.380829 3.010124 2.763580 2.863490 3.389305 2.535342 1.593914 1.156863 1.282089 1.574547 1.457544 0.899617 0.903844 1.763152 2.178530 2.500297 2.416742 2.822872 4.156732 4.039670 4.097151 4.118680 4.041543 4.554396 3.701180
2.717278 2.426798 1.623207 1.026641 0.709437 0.970639 0.007315 -0.016766 0.002677 -0.000263 -0.000498 -0.000435 -0.000360 0.000360 0.006698 0.044000 0.005227 0.003047 0.013493 0.015076 0.129571 1.275706 1.484514 3.714317 4.896599 6.092018 4.633306 3.357601 1.944635 1.630539 1.482342 1.376859 1.311706 2.195469 2.592005 2.850860 2.400509 2.337182 2.088221 0.786479 0.331659 0.511805 0.396285 0.515645 0.353509 -0.041229 0.000008 0.563613 1.168270 1.471231 1.930070 2.276377 2.641987 4.069457 4.236376 4.638767 5.938035 6.234994 5.758997
0.484936 0.002351 0.015628 0.024489 0.026700 0.060374 -0.030036 -0.080536 -0.019565 -0.000222 0.000222 0.007018 0.024935 0.003261 0.023989 0.238538 0.205138 1.298084 1.396188 3.025191 3.724372 5.584898 5.712800 4.108186 3.101271 3.299917 2.456017 0.727632 0.568331 0.998915 0.990937 1.067302 1.073822 1.891188 1.853682 1.584396 1.578735 0.738266 0.648730 0.251607 0.680254 0.230462 0.063849 -0.042377 -0.295295 -0.000208 0.000326 0.508837 0.976933 1.145046 1.522118 1.806463 2.088233 2.446752 2.808856 3.789833 3.729009 3.018122 3.485471
-0.008787 0.000015 0.007458 0.013993 0.016366 0.085614 0.038828 0.069298 0.003231 0.004577 0.008981 0.004628 0.013759 0.032546 0.009243 0.343146 1.674760 3.214781 3.576465 3.850981 3.236128 3.380775 2.494501 1.341249 0.940746 0.544208 0.271101 0.346054 0.245708 1.159938 1.429805 1.772830 1.946278 2.250064 1.948989 1.532917 0.941797 0.724218 0.645296 0.281479 0.229955 0.684498 0.582844 0.325108 -0.022380 -0.000003 0.012137 1.100088 0.684796 1.354893 1.646080 1.555415 1.646510 1.337560 0.684206 0.518229 -0.023605 -0.000133 0.000181
0.000055 0.000637 0.008051 0.014331 0.016552 0.131527 0.084815 0.079824 0.056272 0.028114 0.010302 0.017660 0.057900 0.019688 0.104823 2.316210 1.907558 1.507679 1.911684 0.856106 0.263201 0.051076 0.168188 0.048860 0.019234 0.086745 0.057226 0.186620 0.871201 1.638781 1.597143 2.294420 2.296133 2.190857 1.871087 1.408313 0.820044 0.606282 0.516395 0.231319 0.223776 0.508575 -0.026645 0.000095 0.056355 0.076269 0.517505 0.917725 0.609131 1.190529 1.163494 0.978041 0.866174 0.425384 -0.142206 -0.016806 -0.006401 0.000000 0.001154
0.000323 0.008901 0.021333 0.037310 0.373263 0.385973 0.377732 0.149541 0.100664 0.123723 0.050606 0.118120 0.681208 0.743395 2.346638 3.981512 0.798159 0.586842 0.448187 0.197118 0.162849 0.456138 0.556694 0.058889 0.190775 0.556062 0.401140 1.031315 1.062865 1.587752 2.268563 2.884356 3.048820 2.253856 1.188529 0.856250 0.749675 0.328030 0.132707 0.070451 0.104193 0.028660 -0.000617 0.001591 0.002376 0.203461 1.069387 1.016174 1.308628 1.469290 1.313901 1.233902 0.994515 0.381450 -0.150793 -0.008322 -0.000820 -0.000110 0.000584
0.000133 0.014470 0.286311 0.166056 0.245951 0.248464 0.166457 -0.035009 0.000000 0.082705 0.198806 0.124435 0.449836 0.518776 1.324229 0.251796 0.373421 0.177853 -0.000360 0.000360 0.242853 1.308430 0.091753 0.053131 0.146172 0.378392 0.286113 0.962388 1.173066 2.257493 1.696576 1.593326 0.913200 0.419630 0.133705 -0.067181 -0.105162 -0.191206 -0.274979 -0.296689 -0.341912 -0.143844 -0.003642 0.003762 0.005503 0.269940 1.841907 1.574606 1.605320 1.482539 0.855910 0.830746 1.435965 0.791232 0.704400 0.610334 0.025218 0.004786 0.001172
-0.000094 0.001362 0.342436 0.613602 0.543907 0.319017 0.333840 0.148375 0.093525 0.130197 0.259976 0.159226 0.274966 0.188999 0.055985 0.682137 0.377439 0.185199 -0.000360 0.000360 0.351737 0.510130 0.007960 0.007422 0.026975 0.058400 0.016311 0.258046 1.401311 1.076705 0.940812 0.681734 0.410953 0.011481 -0.158397 -0.397062 -0.398270 -0.408951 -0.594182 -0.697721 -1.177061 -0.866650 -0.052173 0.205739 0.425185 1.940159 2.624209 1.970067 0.974047 0.552563 0.362117 0.070560 0.509235 0.625663 0.857189 1.162003 1.306116 1.832393 2.380101
0.207084 0.122796 0.301704 0.284268 0.087204 0.038522 -0.000068 0.000129 0.014655 0.005142 0.004380 0.002337 0.128024 0.161053 0.272024 1.323663 0.048418 0.355385 0.493128 0.983033 0.837779 1.684044 0.077770 0.042355 0.018838 0.013521 0.004094 0.174983 1.526998 0.964686 0.544284 -0.047916 0.010879 0.014929 0.025397 0.024185 0.059015 0.022436 -0.121349 -0.534158 -0.743387 -0.625527 -0.222672 0.520430 1.121408 1.327242 1.041785 0.830408 0.264816 0.182645 0.110696 0.094206 0.067682 0.055465 0.361584 0.031007 0.013087 0.075713 0.132697
0.153640 0.093949 0.057549 0.005368 -0.001002 -0.001155 -0.000078 0.000662 0.020348 0.010956 0.006679 0.005457 0.305811 0.358103 1.828363 1.613183 1.364083 1.171655 0.978432 1.011285 0.898878 1.133748 0.788962 0.076042 0.034578 0.037136 0.442368 1.421933 2.190248 0.315076 -0.474805 -0.019869 0.043587 -0.000005 0.142616 0.111766 0.055395 -0.001112 0.000495 0.098791 0.146414 0.096400 0.224020 0.631326 0.996288 1.170379 1.013504 0.846794 0.233350 0.001335 0.073484 0.057532 -0.000000 0.025243 0.026970 0.022652 0.010514 0.063009 0.036957
0.126177 0.073310 0.036569 -0.000944 -0.000942 -0.000891 0.000000 0.008182 0.086190 0.335084 0.284579 0.565364 0.674988 1.462884 1.414327 0.421157 0.854222 0.603781 0.408295 0.345437 0.006593 -0.125876 -0.007699 0.016653 0.013617 0.325139 1.095832 0.862799 0.748138 0.454506 -0.075300 -0.057478 0.058775 -0.000127 0.000347 -0.000145 -0.001002 -0.004512 0.000067 0.017912 0.571122 0.432018 0.372799 0.698449 1.001855 1.222073 1.222693 1.109227 0.326909 0.259862 0.195741 -0.000981 -0.000000 0.000981 0.015532 0.014112 0.114538 0.093423 -0.000360
0.110886 0.040722 -0.001242 -0.001061 0.000070 -0.000123 0.000194 0.001099 0.009975 0.073437 0.978821 1.491806 1.655655 1.438033 1.064276 0.001258 0.272678 1.002586 0.577330 0.497901 0.015572 -0.173448 -0.153621 0.006276 0.005152 0.227180 0.642118 0.181926 -0.019358 -0.072978 -0.056236 -0.120680 -0.015847 -0.000992 -0.000034 0.000748 0.001207 0.002169 0.001625 0.024469 0.213079 0.238368 0.787151 0.813136 0.944269 1.144840 1.299675 0.278194 0.227850 0.182305 0.127082 -0.000745 -0.000000 0.000745 0.013831 0.012032 0.082487 0.072899 -0.000360
0.117332 0.045868 -0.000515 0.000210 0.000644 0.000477 0.000235 0.000458 0.014741 0.190126 0.915083 0.873354 1.988027 0.746506 1.320032 0.701384 0.726247 0.513196 1.178334 1.204594 1.197625 1.858271 1.566079 1.546450 1.404478 0.988208 1.124592 0.669080 0.522009 0.038465 0.029757 -0.095062 -0.051789 -0.010520 0.000000 0.002485 0.001399 0.002115 0.001392 0.025853 0.271216 0.325919 0.919856 0.691305 0.460750 0.499434 -0.000576 0.000230 0.000778 0.067630 0.080201 0.064502 0.035865 0.030040 0.023054 0.013356 0.168654 0.194099 0.180022
0.001798 0.025249 0.027263 0.016963 0.018070 0.010615 0.003276 0.001193 0.001991 0.251038 1.237404 1.170367 1.204038 0.999068 1.435419 1.312964 0.801264 0.714993 0.522917 0.381636 0.864684 1.888101 1.603276 1.547267 1.401104 1.052045 1.385142 0.832024 0.439559 0.175063 0.173156 -0.030913 -0.082344 -0.007548 0.000000 0.008660 0.022591 0.048129 0.564999 0.709973 0.687322 0.896704 0.960257 0.348649 -0.169524 -0.077477 0.000350 0.001245 0.000988 0.123590 0.386059 0.275290 0.273672 0.037884 0.018129 0.007621 0.292685 0.279480 0.180955
