use_cases/Flooding_chicago/flooding_data/output/hUx_2040.asc
ncols 337
nrows 393
xllcorner 428428.000000
yllcorner 4602440.000000
cellsize 26.757400
NODATA_value -9999.000000
[rows 156 to 181 of 393, columns 59 to 117 of 337]
0.576442 0.498943 0.446055 0.215362 0.195279 0.277786 0.274112 0.280873 0.269046 0.243225 0.214098 0.192530 0.160921 0.116761 0.063206 0.076499 0.067584 0.019368 -0.049985 -0.041441 -0.121258 -0.069757 -0.010565 -0.001175 -0.031553 -0.120609 -0.029874 -0.000558 0.000470 0.013683 -0.045962 -0.245935 -0.057030 -0.013296 -0.016833 -0.000609 0.000693 0.021085 -0.004497 -0.107368 -0.013704 0.000000 0.007576 0.029946 0.061824 0.089978 0.046178 0.026902 0.064242 0.186207 0.121273 0.096546 0.074755 0.049860 0.141794 1.055481 -0.001787 -0.003183 -0.003925
0.274191 0.295383 0.113868 0.061073 0.099267 0.166000 0.139273 0.141859 0.141370 0.122538 0.105781 0.055662 0.031368 -0.002519 -0.059400 -0.039041 0.013943 -0.014943 -0.074086 -0.050388 -0.069225 -0.058237 0.028114 -0.005953 -0.049048 -0.156456 -0.045685 -0.001566 0.001099 -0.117918 -0.203410 -0.404294 -0.056455 -0.012825 -0.017444 -0.001430 0.000858 0.001307 -0.016868 -0.094195 -0.011223 0.000000 0.005281 0.003855 0.020826 0.065746 0.031451 0.021830 0.038623 0.017172 0.076764 0.053628 0.025232 0.000003 0.006034 0.016840 0.002984 0.001858 0.004153
0.758735 1.069760 0.282063 0.445331 0.394753 0.372792 0.225971 0.064371 0.046376 0.047200 0.037078 0.025881 0.020235 0.007264 0.026264 0.145890 0.137391 0.057610 0.017340 0.159001 0.168030 0.137554 0.086617 -0.002819 -0.073005 -0.182540 -0.065636 -0.003892 0.001913 0.012662 0.004167 -0.605772 -0.088720 -0.019746 -0.001029 -0.000935 0.000845 0.001013 0.001643 -0.007644 -0.001486 -0.000163 0.001265 0.002463 0.003481 0.004603 -0.000117 0.000000 0.006138 0.021190 0.004027 0.012631 -0.000326 0.000208 0.006364 0.021574 0.004839 0.037679 0.003506
0.467614 0.225460 0.146794 0.364683 0.259924 0.218421 0.173110 0.049964 0.034735 0.024980 0.012138 0.007823 0.000642 -0.018032 -0.024849 0.068899 0.062715 -0.013492 -0.096875 -0.146366 -0.143249 -0.208571 -0.262884 -0.445352 -0.013875 -0.002082 -0.007489 -0.012444 0.031359 0.010686 0.001683 -0.000597 -0.003862 -0.002616 -0.000649 -0.000044 0.016120 0.027701 -0.101657 -0.178624 -0.027244 -0.000014 0.013389 0.028529 -0.054170 -0.099748 -0.001146 0.003949 0.002825 0.013342 0.024375 0.073812 0.023989 0.007709 0.004047 0.004354 0.049864 -0.000299 0.000797
0.560178 0.279791 0.173559 0.424674 0.328789 0.309148 0.226165 0.186170 0.175197 0.123757 0.116587 0.088684 0.026751 -0.023111 -0.049067 -0.056104 -0.082839 -0.191009 -0.392680 -0.269280 -0.284575 -0.213698 -0.312227 -0.517001 -0.019127 -0.000006 0.045737 -0.015003 -0.048965 -0.051126 -0.000104 0.000132 0.000797 0.001392 0.000535 -0.000121 0.001168 -0.026039 -0.106835 -0.006586 -0.000515 0.000202 0.023287 0.399882 0.042646 -0.054693 -0.001191 0.002194 0.050396 0.107592 0.169898 0.433766 0.195523 0.094970 0.144320 0.435280 0.700990 0.762545 0.658897
0.731633 0.469057 0.203828 0.161032 0.150160 0.148538 0.111645 0.128495 0.112605 0.102624 0.057670 0.020776 -0.024119 -0.090470 -0.093555 -0.107778 -0.079142 -0.156670 -0.293019 -0.199041 -0.228577 -0.354811 -0.805283 -0.701943 -0.007000 -0.000203 0.000462 0.057711 -0.009314 -0.058524 -0.000222 0.000222 0.003946 0.338084 0.674332 0.166597 0.104879 0.048106 -0.062662 -0.006104 -0.000011 0.006955 0.024916 0.004876 0.007085 -0.002046 -0.001864 0.002165 0.002001 0.009609 0.019686 0.086370 0.525331 0.487187 0.168862 0.136620 -0.000520 0.000417 0.263483
0.649160 0.377482 0.200713 0.269659 0.235941 0.256204 0.206464 0.200896 0.272605 0.350031 0.262291 0.267926 0.211678 0.206184 0.151236 0.170081 0.180542 0.243464 0.230846 0.354028 -0.003400 0.025899 -0.041725 -0.397817 -0.006257 -0.000006 -0.002838 -0.004143 -0.003465 -0.002528 -0.001164 0.002850 0.304068 -0.027749 -0.095552 0.152921 0.170794 0.130237 0.190271 -0.000298 0.000092 0.000319 0.001449 -0.035168 -0.022552 -0.001196 -0.000735 0.000804 0.001179 0.008032 0.018910 0.004350 0.031196 0.401486 0.279171 0.240636 -0.001402 0.001124 0.001707
0.035580 0.430985 0.138977 0.090473 0.091460 0.090605 0.110967 0.155483 0.163324 0.198940 0.192099 0.180619 0.145943 0.140015 0.183245 0.038882 0.009913 0.144036 0.301046 0.255475 0.060493 0.136857 -0.012712 -0.233927 -0.116485 -0.002007 -0.007009 -0.008218 -0.002138 -0.002800 0.000851 0.002853 0.266886 0.698555 0.012071 -0.000000 0.097838 0.086902 0.266002 0.484596 0.401581 0.140410 0.048999 -0.004103 0.025125 0.045485 -0.000030 0.018690 0.019106 0.006745 0.004124 0.002029 0.000969 0.000428 0.000447 0.000817 0.000898 0.004049 0.002438
0.033817 0.607067 0.345024 0.311151 0.210652 0.204386 0.185003 0.207715 0.175276 0.147415 0.130580 0.081201 0.050716 0.015847 -0.066159 0.000106 0.117070 0.164520 0.631476 -0.458923 -0.540414 0.172313 0.000520 -0.197046 -0.144737 -0.190058 -0.198292 -0.018877 -0.002067 -0.001008 0.000899 0.001724 0.010484 0.001433 -0.006319 0.000000 0.006942 0.121539 0.406155 0.575604 0.809939 1.327070 0.375103 -0.104881 -0.021547 0.014777 0.064137 0.050869 0.022312 0.016916 0.005905 -0.001649 -0.000957 -0.000249 0.000234 0.000763 0.000887 0.009805 0.031310
0.047000 0.806469 0.674045 0.510423 0.364578 0.211318 0.286681 0.293224 0.215784 0.132897 0.119975 0.097615 0.097827 0.082614 0.047754 -0.000503 0.000164 -0.107178 -0.006779 -0.000076 -0.000040 0.000170 0.006115 0.011676 0.001379 -0.049777 -0.123381 -0.413010 -0.000616 0.000216 0.000446 -0.000570 -0.001530 -0.008682 -0.003663 0.000000 0.005350 0.012296 0.231758 0.081146 0.055418 0.549647 0.486616 0.413313 -0.060300 -0.000487 0.000070 0.026378 0.050426 0.016067 -0.035866 -0.019342 -0.000040 0.000016 -0.000505 -0.000189 0.004740 0.003151 -0.008153
0.078441 0.570393 0.309209 0.173149 0.118437 0.020015 0.012807 0.002521 0.008523 0.021922 0.024720 0.065196 0.059494 0.062552 0.045099 -0.001701 -0.003419 -0.016418 -0.012744 -0.005941 0.000000 0.007835 0.017000 0.017847 0.030816 0.033769 0.369421 0.598187 -0.000715 -0.001550 -0.000275 0.000830 -0.000597 -0.001357 -0.000722 -0.000067 0.000464 0.006865 0.011991 0.002105 0.007769 0.071229 0.136515 0.113014 -0.048576 -0.006054 0.000000 0.042394 0.078361 0.378130 0.042870 -0.166922 -0.000001 -0.230309 -0.241412 -0.217252 -0.000788 0.168867 0.132328
0.111818 0.121014 0.142708 0.068952 0.000415 0.009544 0.016071 0.035486 0.054535 0.061670 0.056479 0.122772 0.116650 0.117184 0.081504 -0.000068 -0.077781 -0.016614 -0.015645 -0.009203 0.000000 0.004212 0.007709 0.007253 0.016580 0.022718 0.025970 0.111034 0.046468 0.001110 -0.133287 -0.096808 -0.020371 0.033564 -0.039718 -0.000074 0.000157 0.012960 0.007040 0.003492 0.002996 0.037546 0.207171 0.428175 0.084554 -0.011328 0.000000 0.049687 0.827612 0.252026 0.097121 0.010086 -0.002532 0.035330 0.045201 -0.014017 -0.042239 -0.058196 -0.026132
0.074932 0.106043 0.050691 0.014614 0.006693 0.030567 0.034824 0.057307 0.077374 0.073359 0.046834 0.023945 -0.066463 -0.113370 -0.193955 -0.001010 -0.006368 -0.051778 -0.019423 -0.009567 0.000000 0.004954 0.010287 0.000962 0.001390 0.000378 0.000354 0.006447 0.163332 0.066838 0.125458 0.131948 0.153028 0.181873 0.222430 0.218122 0.050908 0.032120 0.075130 0.069937 -0.057444 -0.236558 -0.675448 -0.721036 -0.449098 -0.085514 0.000003 0.032754 0.056818 0.193774 -0.036055 -0.003215 -0.215869 -0.255298 -0.390156 -0.341953 -0.284513 -0.180906 -0.091996
0.204673 0.086900 0.046832 0.014651 0.102515 0.142182 0.335860 0.357589 0.495799 0.557657 0.536093 0.559542 0.290359 0.327589 0.387601 0.254843 0.094466 0.037707 -0.057836 -0.004812 -0.000241 -0.001135 -0.015653 -0.022594 -0.016225 -0.005112 -0.000360 0.000360 0.006656 0.078441 0.002690 -0.020115 -0.031929 -0.192835 -0.043399 0.061494 0.070698 0.036163 0.044983 1.410570 0.826307 0.203816 0.143174 0.010505 -0.000691 -0.000580 0.000062 0.000589 0.000549 0.007453 -0.410084 -0.016893 0.000000 0.023772 0.199489 0.098127 0.141066 0.188716 0.303185
-0.000222 0.000222 0.003946 0.346711 1.013235 1.034968 0.843153 0.719543 0.556291 0.279348 0.296228 0.258979 -0.000965 0.000368 0.001716 0.084331 0.009735 -0.041932 -0.057376 -0.085836 -0.229558 -0.087542 -0.069421 -0.028276 -0.021731 -0.008889 -0.000360 0.000360 0.009242 0.326123 -0.044180 -0.000416 0.000079 0.248203 0.055099 0.081646 0.057566 0.076319 0.113395 0.203061 -0.214930 -0.289451 -0.332690 -0.838607 -0.015221 0.000000 0.000982 0.000025 0.000008 0.006269 0.012644 0.002622 0.000000 0.024465 0.269199 0.204636 0.444160 0.521229 0.645623
0.146772 0.053259 0.254579 0.189805 0.272295 1.117503 0.485376 0.283795 0.090942 0.056567 0.000046 0.130439 0.088254 0.000018 0.007531 -0.089721 -0.135997 -0.128188 -0.095907 -0.073298 -0.112058 -0.043151 -0.009477 -0.004599 -0.013218 -0.006176 -0.000006 0.003745 0.119899 0.020907 -0.167719 -0.008005 -0.001086 -0.000422 0.000431 0.000931 0.135140 0.335716 0.899115 0.431155 0.138885 0.018789 -0.044739 -0.146843 -0.009541 -0.001285 -0.004806 -0.000313 0.000394 0.007517 0.009821 0.016366 0.041211 0.675594 1.082185 0.939748 0.981391 1.420279 1.550752
0.399849 0.343175 0.399417 0.351187 0.212784 0.330821 0.197786 -0.001261 -0.000773 0.000836 0.001149 0.108915 0.269014 0.246148 0.189373 0.236499 0.051885 0.007915 -0.018137 -0.041000 -0.221763 -0.023030 -0.001862 -0.000189 0.004391 0.003456 -0.009011 -0.481168 -0.903592 -0.631827 -0.380174 -0.136341 -0.001043 -0.001317 -0.000134 0.001560 0.010012 0.020288 0.044600 0.114764 -0.097349 -0.107657 -0.088145 -0.180484 -0.012410 -0.054134 -0.016218 0.000001 0.017496 0.032787 0.045963 1.452849 2.642982 3.667210 3.869334 3.461071 2.901407 2.784506 2.591851
0.875103 1.643293 0.630708 0.510348 0.340470 0.346770 0.567455 0.387338 -0.000632 0.000159 0.000757 0.067186 0.241777 0.237408 0.206842 0.539563 0.218257 0.155967 0.021011 -0.015896 -0.132763 -0.001914 0.000053 0.110277 -0.003334 -0.062613 -0.177236 -0.020871 0.223263 0.602460 0.427322 -0.170504 -0.001108 -0.001513 -0.001026 0.000290 0.001211 0.008993 0.015362 0.031856 0.223542 0.168728 0.292036 0.302796 0.136431 -0.114944 -0.015454 0.000070 0.009040 0.036741 1.339894 1.903551 3.680650 3.864313 3.263212 3.352481 2.957790 2.954828 2.931269
0.372511 0.244190 0.278787 0.298499 0.221624 0.286152 0.540219 0.436523 0.282410 0.119889 0.397933 0.007795 0.196095 0.206461 0.189754 0.131254 0.115463 0.103609 0.040090 0.154407 0.069558 0.077538 0.013939 -0.089909 -0.067105 -0.033560 -0.014073 0.031877 0.051542 0.046778 0.236421 -0.058244 -0.000361 -0.000326 -0.000375 -0.000438 0.000479 0.000628 0.009594 0.039336 0.225291 0.141745 0.186155 0.080685 -0.673835 -0.008287 0.000000 0.005367 0.031896 1.887183 2.942561 3.869596 3.931818 3.790819 2.992860 2.939620 2.666396 2.472324 2.136981
0.051449 0.055771 0.034963 0.019654 0.008120 0.041432 0.086512 0.544240 0.742188 0.426491 0.878090 0.410113 0.422709 0.351629 0.901346 0.949265 0.464374 0.369042 0.094573 0.072203 0.191769 0.201866 0.373620 0.195777 0.207713 0.077995 0.037552 0.013033 -0.000222 0.000222 0.044898 0.104171 0.025680 -0.589619 -0.085861 -0.007932 0.000015 0.010256 0.031722 0.043693 0.342569 0.284781 0.452659 0.291777 -0.056800 -0.008702 0.000000 0.019163 0.664773 1.305729 1.644943 1.531486 0.617754 1.791245 0.644939 0.718191 0.731022 0.818209 0.817055
0.026860 0.031799 0.026273 0.021809 0.011039 0.052095 0.087879 0.093204 0.731403 0.939531 1.334512 1.063764 0.541103 0.452828 0.829561 0.623857 0.494909 0.412178 0.090048 0.060591 0.026390 0.059949 0.139977 0.214943 0.094952 0.063839 0.085167 0.037176 -0.000421 0.000196 0.039547 0.524225 -0.069496 -0.557022 -0.050771 -0.004996 0.000929 0.000892 0.002249 0.014104 0.326851 0.349873 0.398922 0.352622 0.158770 -0.015609 0.000000 1.443627 1.559380 1.578030 1.459921 1.089535 0.881908 0.753375 1.352445 0.420168 0.106156 -0.460147 -0.560212
0.009138 0.056590 0.060415 0.054361 0.023796 0.111800 0.217035 0.219767 0.233120 0.793056 0.877841 0.889362 0.484312 0.394161 0.299203 0.619640 0.522305 0.480031 0.323717 -0.080614 -0.000144 -0.003047 0.026216 0.058956 0.050244 0.215651 0.392050 0.017610 -0.000018 0.034688 0.242936 0.106264 0.110431 -0.006978 -0.000092 0.000288 0.028286 0.023494 0.004778 0.314532 0.443207 0.675154 0.711302 0.624174 1.052383 -0.011762 0.000005 0.502557 0.938805 0.759773 0.685507 0.340257 0.480939 0.280907 0.182117 -0.021062 -0.000026 0.009688 -0.169602
0.203184 0.137997 0.119892 0.087606 0.252123 0.160142 0.178613 0.218416 0.191012 0.084444 0.026868 0.253047 0.284870 0.641474 0.528421 0.534129 0.482622 0.338314 0.154450 -0.268236 -0.005454 0.000000 0.005883 0.117828 0.281457 0.266582 0.851283 0.714985 0.049952 0.032512 0.016940 0.005982 -0.540382 -0.005094 0.000000 0.006224 0.008874 -0.315853 -0.260127 -0.116665 0.000069 0.000667 0.338867 0.407362 1.432857 1.077884 0.917214 1.140168 1.634188 1.356998 1.088684 0.713397 0.622615 0.385636 0.093524 -0.012343 -0.000832 0.000099 0.009061
0.181116 0.618413 0.143361 0.114394 0.048448 0.012642 0.022695 0.032598 0.031933 0.035868 0.012514 0.016142 0.347851 0.585133 0.581108 0.734934 0.748493 0.749704 0.397983 0.140746 -0.074125 -0.000070 0.000480 0.039589 0.153360 0.091374 0.111952 0.495077 0.418652 0.027516 0.018096 0.007265 -0.841740 -0.010730 -0.000071 0.000493 0.027150 1.036503 0.828578 0.386682 0.005402 0.002260 0.263398 1.220269 1.543387 1.597449 2.274403 2.019514 2.601257 2.262762 1.562032 1.357967 0.676942 0.265755 -0.586335 -0.027775 -0.012380 0.000000 0.006971
0.204700 0.313014 -0.079403 -0.000999 -0.000218 0.000977 0.001220 0.008265 0.014291 0.193383 -0.000020 0.008910 0.237183 0.495284 0.000016 0.140540 0.395996 0.101803 0.066112 0.012389 -0.094836 -0.162654 -0.110696 -0.000349 -0.000009 0.000196 0.090704 0.472524 0.462000 0.513746 0.015813 0.027153 -0.546106 -0.336349 -0.006665 0.000014 0.021164 0.050276 0.157915 0.045881 0.000279 0.101930 0.219634 0.663660 1.129237 1.563427 2.643338 2.499144 3.334438 2.678849 1.924941 1.846667 0.958930 0.605758 0.214751 -0.025891 -0.013302 0.000000 0.010792
0.253678 -0.000603 -0.001603 -0.000992 0.001367 0.002810 0.002505 0.009532 0.021228 0.235888 -0.000482 0.000586 0.005982 0.099840 0.000395 0.107389 -0.014005 -0.020652 0.073997 0.159052 0.082633 0.014622 -0.110698 -0.000789 -0.000047 0.000195 0.008310 1.144517 0.804405 1.161741 1.112168 1.822141 1.035330 0.416021 -0.032126 -0.015316 -0.000013 0.008266 0.020284 0.004018 0.098121 0.098657 0.399306 0.912225 1.334217 1.413684 3.072756 3.329922 2.694012 2.361595 2.175257 1.860975 0.915681 0.412818 0.292923 -0.119142 -0.007879 0.000000 0.011379
