use_cases/Flooding_chicago/flooding_data/output/hUx_2280.asc
ncols 337
nrows 393
xllcorner 428428.000000
yllcorner 4602440.000000
cellsize 26.757400
NODATA_value -9999.000000
[rows 78 to 103 of 393, columns 236 to 294 of 337]
0.000084 0.000213 0.000162 0.000485 -0.000028 0.007817 0.042117 0.004500 -0.000004 0.002248 0.000818 0.010474 0.034394 0.517269 0.204343 -0.063071 -0.034408 -0.000000 0.051070 0.154573 0.258724 0.717768 0.738222 0.677036 0.496942 0.239363 -0.142354 -0.442762 -0.796174 -0.764527 -1.214412 -3.586649 -2.945259 -2.605007 -1.196357 -0.951675 -0.023016 -0.000000 0.050618 1.420019 2.191121 1.259538 0.223802 0.014646 -0.046124 -0.053743 -0.034486 -0.008221 -0.000000 0.016328 0.042118 0.070094 0.424275 0.332867 0.213130 0.788172 0.945580 0.855562 0.909415
0.386905 0.016404 -0.459614 -0.010711 -0.000731 0.000257 0.000061 -0.000240 -0.000083 0.000347 0.000602 0.000318 0.015268 0.529785 0.097472 -0.190238 -0.058678 -0.000000 0.007495 0.362427 0.500336 0.931528 0.392565 0.343800 0.262923 0.202090 -0.016992 -0.289966 -0.198496 0.083088 -0.138424 -1.307867 -2.139162 -2.163697 -1.221908 -1.016626 -0.010780 -0.000017 0.793675 1.900098 1.300219 1.079905 -0.001667 -0.006441 -0.038082 -0.033764 -0.014756 -0.019630 -0.001316 0.001421 0.001283 0.026344 0.632065 1.854073 1.822487 3.384915 2.789440 2.002990 1.030071
1.488804 1.395775 0.995822 0.629960 -0.002003 -0.002966 -0.000068 0.000091 -0.000176 -0.000422 -0.000133 0.000149 0.011575 0.025998 0.033149 0.003359 -0.020992 -0.000001 0.005089 0.014146 0.037770 -0.015684 0.004731 0.010598 0.022734 0.006437 -0.009322 -0.008028 -0.002594 0.000000 0.006585 0.102953 -1.276181 -1.473506 -1.480003 -1.657529 -0.872785 -0.373993 0.183692 0.909333 0.087274 -0.002907 -0.000170 -0.001476 -0.002532 -0.009172 -0.015265 -0.014012 -0.000492 0.000410 0.011406 0.057979 0.449195 0.415861 1.308205 1.143685 0.739391 0.458993 -0.001116
0.373737 0.337287 0.061904 -0.052358 -0.026313 -0.011876 -0.001606 -0.000580 -0.000613 -0.000771 -0.000270 0.000473 0.014845 0.030403 0.022999 0.001984 -0.000041 -0.000106 0.000158 0.005756 0.078903 0.010319 0.018424 -0.000124 0.000094 0.000365 -0.000093 -0.000107 -0.000074 0.000008 0.011559 0.034866 -0.051267 -0.791607 -1.418533 -1.586988 -1.776474 -1.075645 -0.351048 -0.462325 -0.319447 -0.053025 -0.001203 -0.002943 -0.003556 -0.010370 -0.006041 0.006750 0.012614 0.004016 0.039516 0.828207 0.691687 0.622270 0.579635 -0.001942 -0.000230 0.000251 0.000296
0.182129 0.278699 0.261363 -0.061452 -0.070044 -0.031761 -0.006534 -0.000423 -0.000473 -0.000786 0.000014 0.000967 0.012619 0.027484 0.022887 0.002656 0.000185 -0.000165 0.000355 0.004028 0.090908 0.049965 0.074695 -0.000375 -0.000219 0.000219 0.000375 -0.000086 -0.000180 0.000346 0.006545 0.054802 -0.160906 -0.418731 -1.107123 -1.456546 -1.540867 -1.176945 -1.070194 -1.064499 -0.614624 -0.363696 -0.116583 -0.007739 -0.000405 0.000097 0.009385 0.016132 0.013567 0.064690 0.327707 0.668526 0.707133 0.377713 0.006390 -0.006915 -0.002791 -0.000030 0.000305
0.284167 0.185141 0.085841 -0.088150 -0.057294 -0.022583 -0.010837 -0.000540 -0.000823 -0.000813 0.000001 0.015689 0.010918 0.012298 0.004753 0.001442 0.000539 0.000511 0.009818 0.036797 0.342970 0.371011 0.623700 0.371490 0.276019 0.142873 0.072833 -0.000346 0.000180 0.004105 0.002763 0.054503 -0.216539 -0.814252 -0.944761 -0.937411 -1.104848 -0.968796 -0.895578 -0.884602 -0.600508 -0.192992 -0.090554 -0.131386 -0.008932 -0.000820 0.000358 0.000767 0.021385 0.135985 0.401860 0.532885 0.581109 0.209743 0.051784 -0.095932 -0.020223 -0.000871 -0.000001
0.622754 0.609606 0.866395 0.426066 0.293224 0.092952 0.048308 -0.009557 -0.000404 -0.000442 -0.000278 0.000424 0.017181 0.040426 0.054322 0.012109 0.003111 0.002206 0.001326 0.414739 0.449377 0.613085 0.735959 0.353388 0.691388 0.481824 0.009411 0.003904 0.001254 0.001739 0.008669 0.005186 0.037246 0.060520 -0.157379 -0.065588 0.111390 0.176010 0.133841 0.134819 -0.058280 -0.051588 -0.010688 0.009091 0.001626 -0.000664 0.000068 0.000708 0.011419 0.127183 0.364224 0.403878 0.291768 0.283906 0.126137 -0.016795 -0.001617 -0.004067 0.000010
0.421157 0.703041 0.584381 0.428789 0.112045 -0.047434 -0.234396 -0.012801 -0.001178 -0.013031 -0.006649 0.000008 0.009628 0.026465 0.051142 0.054690 0.601718 0.561761 0.422670 0.547809 0.637771 0.722202 0.857764 0.339075 0.855193 0.653065 0.000819 0.001424 0.000804 0.000616 0.001687 0.002839 0.077945 0.811658 1.185658 1.177015 0.801909 1.060665 0.641350 -0.012434 -0.294214 -0.496483 -0.109755 -0.009841 -0.002444 0.001290 -0.003430 0.001165 0.012181 0.632923 0.644311 0.655275 0.337035 0.102986 -0.136006 -0.032349 -0.006698 -0.000360 0.000360
0.400720 0.458158 0.559251 1.121958 0.824275 0.672514 0.617190 0.349329 0.238938 0.119871 -0.006345 -0.000221 0.000483 0.001763 0.012655 -0.041621 -0.057754 0.029532 0.265278 0.316830 0.415579 0.468705 0.396969 0.000828 0.028824 0.604641 0.886793 0.724907 0.719561 1.068701 0.804933 0.878832 1.783574 2.193688 2.364264 1.796543 1.280595 0.966704 0.609640 -0.165137 -0.328352 -0.315862 -0.127692 -0.020303 -0.024580 -0.047576 -0.026301 0.069962 0.204306 0.570751 0.611901 0.337975 0.082453 -0.387119 -1.030757 -0.028693 -0.006698 -0.000360 0.000360
0.188512 0.473795 0.447906 1.239575 1.545027 1.354708 1.241653 1.017691 0.988211 1.062569 0.290062 0.001064 0.000120 0.000825 0.285666 0.517645 0.465863 0.396763 0.513515 0.358754 0.140239 0.028334 0.001407 0.000977 0.085422 0.590685 1.087602 0.892245 0.848096 2.034409 2.226406 3.450569 2.557405 2.534892 2.439405 1.357330 0.714137 0.540729 0.324481 -0.148403 -0.533487 -0.681154 -0.254535 -0.205686 -0.146030 -0.143185 -0.067644 0.084300 0.288808 0.379015 0.422523 0.500365 0.305625 0.017285 -0.149256 -0.018717 -0.001686 0.000124 0.000295
0.586816 0.462562 0.519558 0.560658 1.230118 1.089016 1.047711 0.913010 1.001567 1.485587 1.092897 1.003495 0.925942 0.970255 0.773032 0.855785 1.087242 0.942662 1.314269 1.248522 0.933331 0.983521 0.428928 0.470724 0.284397 0.377488 0.234177 0.163752 0.087510 1.223454 1.846818 1.794297 1.765725 1.536051 0.938670 0.613170 0.529174 0.222077 -0.105350 -0.246515 -0.216924 -0.262724 -0.243142 -0.284065 -0.314255 -0.426898 -0.380333 -0.256850 -0.078985 0.107934 0.253470 0.243792 0.006189 -0.026249 -0.084213 -0.019492 -0.000083 0.009886 0.008273
0.828698 0.704699 0.533124 0.548677 1.147328 1.000562 1.025645 0.895184 0.927604 0.996953 1.075615 1.117302 1.143348 1.281955 1.263325 1.068676 1.477375 1.364490 1.994200 2.168170 2.384237 2.749344 2.443404 2.211647 2.402668 3.334718 2.805588 2.621960 2.618440 3.335989 3.570414 2.815570 1.981732 1.753788 1.010249 0.603786 0.329362 0.001464 -0.251708 -0.374942 -0.079431 0.201717 -0.161372 -0.303664 -0.496826 -0.516880 -0.431903 -0.337334 -0.150898 0.198376 0.310530 0.197776 -0.084045 -0.000131 -0.010879 -0.012519 -0.015229 0.000008 0.029201
0.470829 0.484830 0.537335 0.369058 0.646538 0.536062 0.681800 0.726261 0.780404 0.825442 0.887370 0.957300 1.026298 1.084955 1.133224 0.972743 1.029021 1.754029 2.058800 2.428096 2.673968 3.119024 2.690264 3.395141 2.257919 3.381243 3.895440 3.511213 2.246131 1.783649 1.167805 1.544493 0.816312 0.469390 0.222570 -0.142278 -0.654865 -0.965175 -1.552474 -1.493218 -1.698791 -0.578419 -0.022705 0.027889 0.306118 0.302893 0.335054 0.521395 0.806898 0.644432 0.539349 0.269840 -0.088659 -0.002697 -0.003108 -0.008121 -0.000305 0.000398 0.020187
0.354107 0.445923 0.503366 0.368536 0.361866 0.547104 0.542403 0.740241 0.586315 0.753225 0.834151 0.989502 0.949702 0.855162 1.080530 0.917747 1.432105 1.371331 1.518698 1.270860 1.083562 1.044095 0.739939 0.334164 0.153455 0.037301 0.073229 0.784503 0.525938 0.008973 0.001873 0.000808 -0.219144 -0.439376 -0.504900 -0.447948 -0.506968 -0.865215 -1.015285 -1.750937 -2.643273 -1.173468 -0.009796 0.500589 1.075843 1.062564 1.020273 1.246057 1.220916 1.050409 0.739165 0.371139 0.060532 -0.011122 -0.000670 0.000015 0.000682 0.005340 0.004109
1.179168 1.215276 1.587162 0.996175 0.942173 0.915236 1.243377 0.906693 0.886317 1.102630 1.092996 1.243335 1.048407 1.131024 1.283744 1.459491 2.043031 1.398512 1.258721 1.408448 0.807618 0.729919 0.270355 -0.000488 -0.002840 -0.007098 -0.001204 0.000191 0.000333 0.000424 0.000420 0.006623 0.056677 -0.489500 -1.166366 -0.947806 -0.800198 -0.729840 -0.727555 -0.604863 -1.071620 -0.803802 -0.096189 0.644392 1.881546 1.350670 1.260604 1.186313 1.122377 0.897691 0.799224 0.452853 0.425710 0.434827 -0.000604 0.000351 0.005882 0.004190 0.003593
0.703188 0.998752 0.993854 1.176939 0.781394 0.744030 0.637713 0.472740 0.756531 0.842143 0.853897 0.930945 0.953078 1.006664 1.279571 1.231415 1.241864 1.160272 1.016212 0.846322 0.766861 0.534591 -0.077826 -0.009515 -0.002886 -0.023035 -0.022376 -0.000008 0.000204 0.000434 0.000525 0.005072 0.011304 0.009360 0.001252 -0.520629 -0.731171 -0.566800 -0.658570 -0.634377 -0.332631 0.044912 0.527449 0.911263 1.987668 1.421738 1.363371 1.261505 1.035452 0.898083 0.801025 0.409672 0.351845 0.351137 -0.007982 0.000013 0.013597 0.033269 0.026986
0.221649 0.160894 0.689235 0.608572 0.559381 0.464044 0.433500 0.345346 0.568287 0.732540 0.767817 0.744388 0.781829 1.015596 1.158233 1.123634 1.167389 1.045396 0.768772 0.512319 0.372865 0.094663 -0.022413 -0.005483 0.000001 -0.000747 -0.002142 -0.000279 0.000458 0.001743 0.000757 0.000000 0.006710 0.015733 0.021917 0.014221 0.026822 0.003714 0.054220 -0.193326 0.085147 0.537097 1.005298 1.343752 2.116854 1.940529 1.741074 1.721069 1.207457 1.053168 0.767911 0.653427 0.689978 0.470833 0.009513 0.001702 0.022299 -0.224858 -0.350103
0.179459 0.477684 0.342678 1.156152 0.955007 0.839087 0.824999 0.794597 0.643974 0.829576 0.746087 0.910201 0.702783 0.751951 1.094704 0.993206 1.056129 0.648716 0.464794 0.198819 -0.078681 -0.611344 -0.006887 -0.000579 0.000070 0.000061 -0.000774 -0.000234 0.000801 0.007846 0.024785 -0.000131 0.000367 0.000614 0.007067 0.010335 0.018547 0.014449 0.143774 0.374602 0.910411 1.188918 1.518432 1.771465 1.831778 1.211697 1.115683 0.630248 0.006810 -0.568458 -0.499452 -0.321461 0.002586 0.854476 0.782521 0.804087 -0.006547 -0.429297 -0.206924
0.348030 0.219890 0.742579 0.949113 0.772755 0.896982 0.916877 0.842127 0.906999 1.062598 0.996114 1.151975 1.061294 1.032180 1.020097 1.014534 0.627546 0.634367 0.237388 0.158203 -0.006928 -0.029528 -0.012974 -0.006354 0.000000 0.000282 0.000453 0.000000 0.010002 0.017659 0.020513 -0.010597 -0.006796 -0.000289 -0.001341 0.000000 0.009756 0.023403 0.336301 0.794145 1.704964 1.645953 1.647310 1.500113 0.500040 -0.019722 -0.000444 -0.000038 0.000348 0.003529 0.027948 -0.031357 -0.008153 0.000006 0.607062 2.134917 1.338995 0.881586 0.481399
0.436553 0.314341 0.165239 0.372408 0.325732 0.337734 0.383345 0.446970 0.635390 0.643544 0.527884 0.553957 0.622943 0.605591 0.595843 0.484980 0.316459 0.118279 0.027588 -0.033015 -0.076125 -0.015001 -0.031365 -0.023174 -0.007893 0.000000 0.007826 0.014063 0.018032 0.032743 0.639473 0.249307 -0.051939 -0.032327 -0.022982 0.000000 0.005094 0.009311 0.492511 0.835362 1.596501 1.677617 0.657084 -0.472994 -0.007710 -0.004212 0.000000 -0.001232 -0.000261 0.006289 0.010222 0.000209 0.000325 0.000338 0.024955 0.205528 0.234069 0.213441 0.001286
0.373967 0.291493 0.190614 0.144972 0.003273 -0.024816 -0.015864 0.044230 0.263864 -0.129801 -0.199289 -0.216254 -0.251343 -0.337195 -0.018623 0.089933 0.076179 -0.194858 -0.024078 -0.044512 -0.057573 -0.111636 -0.019076 -0.006460 -0.000190 0.000134 0.013377 0.024320 0.023402 0.072974 0.480644 0.293112 -0.311115 -0.032691 -0.017236 0.000000 0.012326 0.023966 0.495168 0.693704 1.378004 0.510378 -0.613482 -0.505851 -0.068586 -0.049356 -0.031258 -0.014651 -0.008004 -0.000497 0.000072 0.006958 0.011798 0.002503 0.013717 0.035782 0.570362 0.586732 0.608323
0.151138 0.154269 0.108689 -0.003493 -0.114170 -0.151636 -0.003455 0.159684 0.202207 0.374590 0.167706 0.081826 -0.043185 -0.201545 -0.021359 -0.046904 -0.253314 -0.639475 -0.060722 0.000000 -0.045477 -0.112369 -0.023424 -0.009001 -0.000062 0.000087 0.007226 0.020562 0.021148 0.002241 0.035861 -0.050157 -0.084240 -0.334585 -0.009814 0.000000 0.007776 0.058644 1.887128 1.165292 -0.751667 -0.659851 -0.177559 -0.235833 -0.064351 -0.041645 -0.028912 -0.016020 -0.013535 -0.006320 0.000000 0.003663 0.009791 0.002066 0.015224 0.014215 0.026977 0.462846 0.495206
-0.000108 -0.000017 0.000096 0.000459 0.021508 0.253342 0.183024 0.400663 0.422239 0.382136 0.321639 0.292894 0.212922 0.103253 0.238669 0.273105 0.282676 -0.047043 -0.024927 -0.036617 -0.016861 0.012082 0.009835 0.000490 -0.000002 0.008766 0.045726 -0.167528 -0.287594 -0.205977 -0.134918 -0.079996 0.046983 0.086727 -0.000405 0.005644 0.017416 0.070019 0.686877 0.695843 0.265790 -0.393908 -0.195319 -0.285372 -0.059177 -0.014833 -0.005004 -0.019675 -0.010654 -0.000395 0.000023 0.000284 0.002940 0.001874 0.017024 0.202936 0.268352 0.281615 0.448240
-0.016532 -0.003663 0.000000 0.005350 0.022589 0.507700 0.456680 0.606740 0.659903 0.350912 0.193660 0.078498 0.179222 -0.097654 0.154555 0.223963 0.107438 -0.013713 0.000000 0.073237 0.001909 0.024862 0.028302 0.070779 0.033411 0.163885 0.649454 0.127811 0.133687 0.248033 0.265009 0.247010 0.322080 0.210140 -0.000008 0.008375 0.050585 1.022354 0.976784 1.566319 0.814331 -0.260138 -0.298045 -0.420971 -0.523192 -0.028240 -0.001110 -0.001261 -0.000386 -0.000046 0.000200 0.129227 0.465357 0.086375 0.367725 0.536825 1.025110 1.954038 0.725489
-0.001901 -0.000745 -0.000067 0.000464 0.014365 0.309689 0.320840 0.373834 0.271546 -0.000360 0.000360 0.021372 0.248257 0.149468 0.271709 0.019524 -0.047493 -0.007143 0.000000 0.008319 0.169365 0.030402 0.049107 0.042312 0.045195 0.184161 0.957450 0.754869 0.599960 0.603500 0.530725 0.597534 0.507582 0.668749 0.658992 0.555452 2.292749 2.262936 2.649689 2.925841 1.628627 -0.162834 -0.703591 -0.425375 -0.219756 -0.113136 -0.521970 -0.160593 -0.063056 -0.089642 -0.068241 0.074060 0.353250 0.326424 0.095806 0.106674 0.113433 0.176433 0.145716
0.315490 0.260161 -0.000228 0.000274 0.239219 0.292023 0.241742 0.111248 0.084159 -0.000360 0.000360 0.018409 0.540168 0.390115 0.444377 0.267080 -0.023060 -0.005882 0.000000 0.009018 0.020176 -0.065639 -0.034159 -0.000394 0.000117 0.007432 0.218230 0.088558 0.080736 -0.047917 -0.231726 -0.052191 -0.053451 0.000003 1.574986 2.022708 3.843804 3.083085 3.093996 1.961096 1.526267 0.445144 0.157717 0.146216 0.256138 0.128228 -0.398455 -0.230730 -0.053324 0.000268 0.142160 0.234163 0.145658 0.065055 -0.082093 -0.006665 0.000149 0.001055 0.011231
