use_cases/Flooding_chicago/flooding_data/output/hUx_1380.asc
ncols 337
nrows 393
xllcorner 428428.000000
yllcorner 4602440.000000
cellsize 26.757400
NODATA_value -9999.000000
[rows 234 to 259 of 393, columns 59 to 117 of 337]
0.000582 -0.001233 0.000235 -0.000323 0.000405 0.014563 0.105615 -0.092251 -0.040101 -0.015021 -0.000222 0.000222 0.001335 0.000831 0.010037 0.007463 0.062606 0.127178 0.049592 -0.000610 -0.000684 -0.000253 0.000305 0.001033 0.006043 0.005068 0.001889 -0.000655 0.000136 0.088239 0.024179 0.043665 -0.009605 -0.021029 -0.055560 -0.075322 -0.110481 -0.126007 -0.124340 -0.144250 -0.232040 -0.333215 -0.020570 -0.000013 0.015233 0.140831 0.435099 0.053206 0.033214 -0.000003 -0.000276 -0.001207 -0.001714 -0.001157 0.000603 0.000645 0.037982 -0.207826 -0.265574
-0.015544 -0.066869 -0.009454 -0.000418 0.000587 0.023902 0.011772 -0.026550 -0.006219 0.000000 0.000409 0.000476 0.001066 0.000416 0.001650 0.024745 0.124031 0.407517 0.283820 -0.001611 -0.004879 -0.002384 -0.014418 -0.038247 -0.024046 0.035842 0.030463 0.022753 0.005858 -0.143362 -0.137527 -0.125037 -0.009046 0.022655 0.038329 0.013774 -0.034482 -0.013663 0.028571 0.066556 0.025893 -0.103891 -0.007405 -0.000401 0.000555 0.001959 0.001408 0.088400 0.395268 0.384855 0.290355 0.260927 0.140102 0.003983 0.021643 -0.003794 -0.044608 -0.070381 -0.208062
-0.018728 -0.084960 -0.015581 -0.000013 0.045640 0.233235 0.007722 -0.000449 -0.000572 0.000069 0.000428 0.000312 0.001159 0.000170 0.000376 0.001557 0.011859 0.005216 0.202254 0.127780 -0.006238 -0.003163 -0.010071 -0.023705 -0.018997 0.007033 0.021789 0.190399 0.198561 0.185980 0.025469 -0.079122 -0.139806 -0.160139 -0.113679 0.000000 0.111766 0.003096 -0.047035 -0.124784 -0.002562 -0.011924 -0.006954 -0.000330 0.000396 0.001227 0.001824 0.001723 -0.107223 -0.145328 -0.085673 0.008420 0.077781 -0.078233 -0.284370 -0.229606 -0.007682 -0.083201 -0.093543
-0.104733 -0.003400 -0.004568 -0.000000 0.005609 0.007291 0.105522 0.008648 0.008112 0.001297 0.034004 0.089088 0.169841 -0.393144 -0.430003 -0.301239 -0.005732 0.340444 0.799153 0.383363 0.141515 0.484647 0.354174 -0.009005 -0.008299 0.001158 0.010862 0.008966 0.003197 -0.199725 -0.381960 -0.420318 -0.474526 -0.542397 -0.287384 -0.139146 0.000000 0.032701 0.029033 0.034278 -0.002880 -0.013355 -0.008702 -0.000131 0.000136 -0.003322 -0.001093 0.001219 0.028013 -0.013405 -0.022363 -0.017881 0.011206 0.098611 -0.002436 -0.098790 -0.153590 -0.166593 -0.139783
-0.002364 -0.003372 0.000000 0.000057 0.001102 0.004382 0.007535 0.008822 0.005591 0.011268 0.017448 0.071981 0.337254 0.170590 0.097941 -0.084429 -0.176956 -0.002811 0.210414 0.055424 -0.025715 0.001672 0.054894 -0.086201 -0.014781 -0.013369 0.000691 0.002327 0.001660 -0.308711 -0.354051 -0.594115 -0.590494 -0.622285 -0.620677 -0.483181 -0.046052 0.125068 -0.078712 -0.174348 -0.114141 -0.174261 -0.075783 -0.131429 -0.187317 -0.061981 -0.001484 0.001372 0.001258 0.000104 0.000182 0.000718 0.037175 -0.122047 -0.206245 -0.231023 -0.211008 -0.203953 -0.042571
0.005482 0.005448 0.000394 -0.002838 -0.002556 0.001228 0.005708 0.006008 0.029053 0.033391 0.026871 0.067190 -0.056838 -0.007299 0.103584 -0.014311 -0.104551 -0.059235 -0.068183 0.007290 0.037990 0.046351 0.232733 0.502212 0.533597 0.327556 -0.086869 -0.036265 -0.106884 -0.637973 -0.948921 -0.864998 -0.858831 -0.835592 -0.908403 -0.156998 0.123347 0.595758 0.347467 0.244060 -0.065271 -0.193233 -0.070271 -0.001152 -0.012088 -0.006488 0.000008 0.007563 0.026198 0.004375 -0.063713 -0.117723 -0.594559 -0.442804 -0.021800 0.000000 -0.025012 -0.040241 -0.039783
0.000790 0.017430 0.019900 -0.004219 -0.002006 -0.001162 0.002084 0.002939 0.085494 0.402522 0.028695 0.073741 0.235834 0.379241 0.339331 -0.000219 -0.214926 -0.547404 -0.717296 -0.835750 -1.115393 -1.728270 -2.159290 -2.556153 -3.015384 -2.649660 -2.819655 -3.133054 -3.036103 -1.787341 -2.419772 -2.049527 -1.986273 -1.947425 -1.931959 -1.535503 -0.300633 -0.274209 -0.313620 -0.293153 -0.377476 -0.011275 -0.007396 -0.000421 -0.000096 0.000096 0.000421 0.024724 0.320391 0.174221 0.104178 0.016304 -0.091586 -0.127761 -0.123071 0.000000 0.027819 -0.104888 -0.345884
0.002971 0.010976 0.293630 -0.031937 -0.310719 -0.019982 0.000147 0.024672 0.029384 0.312992 0.025368 0.070330 0.246471 0.815485 -0.007655 0.000000 -0.365052 -0.793042 -0.947714 -1.385383 -1.264186 -1.980639 -2.483761 -2.638402 -3.547006 -3.304829 -3.992261 -3.994803 -3.258550 -1.956132 -2.298357 -2.342537 -2.064480 -2.015115 -2.032424 -1.708611 -0.711510 -0.201675 -0.281772 -0.374312 -0.027975 -0.024005 -0.010682 -0.000008 0.006488 0.016848 0.001182 0.043442 -0.120214 -0.092426 -0.072513 -0.139887 -0.309483 -0.429442 -0.495781 -0.002225 -0.335800 -0.508035 -0.610165
0.018003 0.035446 0.390864 0.294991 0.201898 -0.203999 0.000007 0.024797 0.032690 0.028988 0.014572 0.059689 0.133765 -0.063487 -0.013848 0.000000 0.634863 0.322197 0.214259 0.095509 -0.068319 -0.195966 -0.152791 -0.054198 0.016246 0.131689 0.384671 0.056192 -0.574853 -0.110478 -0.150611 0.265697 0.409235 0.155904 -0.497902 -0.895595 -0.347501 -0.185216 0.006545 -0.081526 -0.007539 -0.000542 -0.000181 0.013435 0.277784 0.161431 0.100153 0.089586 0.017146 -0.015344 0.074718 -0.018012 -0.188455 -0.287785 -0.463081 -0.446916 -0.628372 -1.052057 -1.152764
0.010865 0.264540 0.019477 -0.021267 -0.033910 -0.129477 -0.010892 -0.000222 0.000222 0.021221 0.092574 0.048996 0.026881 0.011826 0.006116 0.001154 0.066111 -0.067359 -0.100542 -0.118557 -0.155548 -0.170872 -0.123464 -0.063084 -0.055172 0.002758 -0.001200 -0.229771 -0.252527 -0.139793 -0.167024 -0.288657 -0.291742 -0.133974 -0.071385 0.278623 0.541556 0.222771 -0.026517 -0.462118 -0.010303 -0.000003 0.038784 0.199879 -0.108719 -0.201677 -0.176152 -0.232272 -0.000326 -0.002861 -0.207292 -0.249496 -0.300096 -0.381133 -0.402310 -0.579559 -0.433568 -0.524424 -0.037692
0.093388 -0.024740 -0.023288 0.020385 0.047088 0.102842 -0.021521 -0.000118 0.000103 0.104588 0.140372 0.187051 0.033878 0.021070 0.008760 0.062023 0.146686 0.220148 0.249696 0.167294 0.143665 0.059510 0.060889 0.116718 0.114376 0.044720 -0.013623 -0.228937 -0.174748 0.000000 -0.033308 -0.445206 -0.522072 -0.530056 -0.139063 0.377937 0.098953 -0.237335 -0.513330 -0.103754 -0.008113 -0.000165 0.000357 0.011418 0.141568 0.065122 0.114848 0.114661 -0.000013 0.015204 0.301341 0.249378 0.097965 -0.065410 -0.195796 -0.207578 -0.263374 -0.049271 -0.015497
0.044336 0.016910 0.051346 0.134771 0.193523 0.243645 0.265189 0.130286 0.047623 0.016823 -0.036186 0.020436 0.027441 0.016712 0.136076 0.097609 0.178418 -0.042710 -0.088172 -0.084576 -0.122159 -0.186613 -0.091013 -0.016161 0.045239 -0.005008 -0.098270 -0.175166 -0.199661 -0.099843 -0.114822 0.005173 0.046325 0.018904 0.176478 0.012501 -0.390327 -0.146095 -0.076654 -0.147820 -0.163830 -0.000985 -0.001792 0.001537 0.003092 0.003956 -0.093632 -0.024185 -0.000401 0.000555 0.019444 0.074784 0.058473 -0.084350 0.000697 0.002014 -0.607069 -0.047612 -0.017443
0.300412 0.160712 0.153957 0.140814 0.189055 0.204849 0.143256 0.149695 0.335445 0.256966 0.236529 0.035478 0.021097 0.009894 0.133203 0.080403 0.025007 -0.176877 -0.230328 -0.215120 -0.119255 -0.047610 -0.000982 -0.000053 -0.001224 -0.000155 0.000158 -0.153135 -0.206174 -0.119213 -0.188759 -0.206043 -0.228574 -0.281312 -0.071730 -0.426059 -0.318996 -0.042729 -0.107109 -0.168685 -0.164758 -0.103807 -0.002388 -0.000573 0.002416 -0.028252 -0.004429 -0.004102 -0.000330 0.000396 0.015560 0.312461 0.286604 0.448827 -0.001130 0.001328 -0.421455 -0.035910 -0.083726
0.350607 0.200555 0.115730 0.047443 0.046472 0.024351 0.000041 0.058238 0.057673 0.047779 0.027132 0.047167 0.001656 0.182455 0.417072 0.342199 0.199248 -0.060888 -0.187300 -0.160712 -0.040536 -0.106777 -0.004028 -0.004206 -0.001834 -0.000431 0.000362 -0.186853 -0.199900 -0.058422 -0.067342 -0.022505 -0.023550 0.004996 0.422549 0.013650 -0.258201 -0.000662 -0.000929 -0.001294 -0.114017 -0.073283 -0.023980 -0.000575 0.000506 -0.037207 -0.001873 0.001060 -0.074829 -0.127579 -0.445456 -0.628084 -0.601492 -0.521773 -0.207337 -0.079839 -0.059534 -0.021366 -0.070881
0.399042 0.281492 0.204530 0.046548 0.023421 -0.000615 0.000831 0.051462 0.055326 0.032825 0.113827 -0.318051 -0.246759 0.139585 0.359652 0.328286 0.237478 0.135339 0.110075 -0.049560 -0.555831 -0.126082 -0.005756 -0.011563 -0.003518 -0.001323 0.000022 0.008212 -0.161084 -0.053247 -0.015430 -0.052640 -0.036625 0.015231 0.425975 -0.010555 -0.633720 -0.234927 -0.001263 -0.002722 -0.205350 -0.891622 -0.934266 -0.537626 -0.212389 -0.003142 0.001191 0.001809 -0.337837 -0.459580 -0.825102 -0.782924 -0.801218 -0.598669 -0.363740 -0.217945 -0.372434 -0.706566 -0.148610
0.320792 0.068377 0.030451 -0.001905 -0.002797 -0.000448 0.002755 0.020646 0.033278 0.223448 0.512023 -0.167384 -0.237453 0.090087 0.270801 0.204137 0.099085 -0.000162 0.007257 0.004955 -0.024296 -0.075617 -0.155146 -0.071719 -0.018475 -0.000422 0.000408 0.001488 -0.077248 -0.007045 -0.000329 0.000394 0.061500 0.249894 0.692438 0.077827 -0.502067 -0.764206 -0.298625 -0.330770 -0.352560 -1.240543 -1.168107 -0.866793 -1.115819 -0.582957 -0.493899 -0.823923 -0.700135 -0.679422 -0.626315 -0.513614 -0.520057 -0.268460 -0.356976 -0.292621 -0.206998 -0.314350 -0.011925
0.041583 -0.142725 -0.116256 -0.003236 -0.005666 -0.001973 0.004064 0.001655 0.008788 0.003327 0.043702 0.164018 0.337565 0.467858 0.179391 -0.042011 -0.242915 -0.496638 -0.212549 -0.112411 -0.002064 -0.005658 -0.003309 -0.024312 -0.008588 0.000042 0.004000 0.002549 0.041601 -0.000506 -0.000135 0.000583 0.083333 0.159686 0.328762 -0.056343 -0.339080 -0.450007 -0.515729 -0.252486 -0.236659 -0.254407 -0.225741 -0.299347 -0.549913 -1.058559 -0.867227 -0.773090 -0.611833 -0.543851 -0.263266 -0.315882 -0.012562 0.000000 -0.361041 -0.573029 -0.635445 -0.061229 -0.013976
0.011199 0.348595 0.269652 -0.075312 -0.008117 -0.009270 -0.000532 0.000381 0.000469 0.000656 0.009618 0.673280 0.761822 0.659112 0.126852 0.121319 0.381452 0.159057 0.082657 -0.006240 -0.213288 -0.048463 -0.022320 -0.008231 0.000003 0.001001 0.017940 0.399335 0.381179 0.119691 0.143592 0.123241 0.074448 0.135064 0.168064 -0.064471 -0.248787 -0.349366 -0.172543 -0.172943 -0.166991 -0.099402 -0.040497 -0.000155 0.000150 -0.213058 -0.253763 -0.486033 -0.453496 -0.541218 -0.592893 -0.027711 -0.005878 0.000000 0.000111 -0.002214 -0.026231 -0.009218 -0.000360
0.001179 0.010978 0.022684 -0.128826 -0.022816 -0.001586 -0.001914 0.000201 0.000482 0.001172 0.005415 0.163514 0.752289 0.668322 0.524045 0.359929 0.232313 0.387148 0.177349 -0.275681 -0.033293 -0.007945 -0.000093 0.000440 0.005541 0.003126 0.012210 0.374131 0.032035 -0.066566 0.003154 -0.000567 0.007045 0.102244 0.074698 -0.146314 -0.315692 -0.480384 -0.343297 -0.148132 -0.088369 -0.003590 -0.003000 -0.000360 0.000360 0.012958 0.399726 0.076217 -0.068345 -0.213473 -0.462119 -0.024220 -0.005878 0.000000 0.000000 0.000000 -0.001290 -0.002656 -0.000360
0.000526 0.003221 0.000162 -0.004823 -0.007057 -0.001144 -0.001236 -0.000948 0.000000 0.005571 0.553203 1.917058 1.524896 1.069637 0.719639 1.054492 0.787257 0.748860 0.050934 -0.105315 -0.058421 -0.009939 0.000000 0.008609 0.038405 0.081127 0.234582 0.149795 0.035432 -0.101533 -0.178457 -0.163209 -0.018340 0.215635 0.096222 -0.033465 -0.033384 -0.164862 -0.146385 -0.065195 -0.063839 -0.003042 -0.003535 -0.000360 0.000360 0.010810 0.078158 -0.018612 -0.079784 -0.129060 -0.258376 -0.014576 -0.001550 -0.013471 -0.010564 0.000000 0.001274 0.001022 -0.047132
-0.001059 -0.002757 -0.003691 -0.004333 0.000293 0.000821 -0.000221 -0.000484 0.000000 0.553600 2.064964 1.183817 0.168524 0.108480 0.396583 0.416791 0.282915 -0.013413 -0.002859 -0.023586 -0.046025 -0.021186 0.000000 0.024261 0.057705 0.085486 0.171377 0.085004 -0.000296 -0.000146 0.000750 0.001757 0.209950 0.162088 0.001736 -0.186140 -0.181184 -0.139536 -0.169607 -0.132950 -0.115380 -0.000970 0.000181 -0.328778 -0.399173 -0.451472 -0.697519 -0.556351 -0.526661 -0.520793 -0.545176 -0.609199 -0.623324 -0.029745 -0.000816 0.000090 0.010517 0.092476 -0.020984
0.130272 0.135785 -0.000289 0.001154 0.204490 0.219218 0.272574 0.258179 0.104951 0.815968 0.607848 0.149269 0.054158 -0.005651 0.074843 0.264926 -0.098380 -0.003239 -0.000189 -0.000726 -0.013516 -0.016702 0.000000 0.012537 0.025128 0.034298 0.003739 -0.007736 -0.000130 0.000130 0.010137 0.026353 0.237539 0.175021 0.020325 -0.164980 -0.281572 -0.367479 -0.466996 -0.524350 -0.275203 -0.939216 -0.455496 -0.518984 -0.532139 -0.519093 -0.753861 -0.554562 -0.418474 -0.329539 -0.301118 -0.335761 -0.502167 -0.041837 -0.000530 0.000178 0.103295 0.066455 -0.049860
0.785600 0.765107 0.831612 0.659737 0.829660 0.773613 0.975379 1.475396 1.277034 1.202553 0.663076 0.089707 -0.070364 -0.053817 -0.034409 -0.023575 -0.008054 -0.000664 -0.000410 -0.000165 -0.000457 -0.002041 0.005822 0.010669 0.005221 0.013286 0.004901 -0.004488 -0.000360 0.000360 0.013695 0.022231 0.207359 0.300256 0.074073 -0.189336 -0.392904 -0.647783 -0.793006 -0.769485 -0.382809 -0.396254 -0.568476 -0.471982 -0.491448 -0.466467 -0.467785 -0.382513 -0.259775 -0.156215 -0.151397 -0.100553 -0.031207 0.000000 0.011181 0.050788 0.094621 0.031216 -0.218237
0.705311 0.664825 1.352643 1.030492 0.830068 0.804506 0.871990 1.476394 1.586966 1.102385 0.355350 -0.129937 -0.497484 -0.312262 -0.088469 -0.026427 -0.023565 -0.017139 -0.004302 0.000003 0.004688 0.013857 0.040956 0.016081 0.006404 0.020887 0.024500 0.029549 -0.000360 0.000360 0.016010 0.631112 0.459181 0.470421 -0.002959 -0.225119 -0.396579 -0.416507 -0.717590 -0.722376 -0.908610 -0.307439 -0.287151 -0.206923 -0.001850 -0.000010 0.000252 -0.059251 -0.116800 -0.157178 -0.167468 -0.482657 -0.492113 -0.008728 0.000484 0.009045 0.004870 -0.070406 -0.364675
-0.136495 -0.099878 0.001329 0.501696 0.471090 0.484062 0.122265 0.009981 0.304086 0.142490 0.000104 -0.198781 -0.359729 -0.345747 -0.191696 -0.062380 -0.039312 -0.013841 -0.000346 0.000180 0.006462 0.015880 0.023186 0.032384 0.024428 0.006319 0.012285 0.015057 -0.007184 0.000010 0.007705 0.397830 0.388244 0.507934 0.024182 -0.218209 -0.461388 -0.471535 -0.635363 -0.881714 -1.091007 -0.618273 -0.689475 -0.601733 -0.012046 -0.000583 0.000069 0.012983 0.218527 -0.201486 -0.339308 -0.639277 -0.875756 -0.863347 -0.789579 -0.758965 -0.722909 -0.743737 -0.741693
0.739919 0.664550 -0.000238 0.016755 0.046867 0.004457 -0.000152 -0.208381 -2.016586 -0.010879 -0.000139 0.000041 -0.093951 -0.192857 -0.171214 -0.027813 -0.019370 -0.013162 -0.007715 -0.000180 0.000346 0.005809 0.015374 0.070252 0.093410 0.041937 0.082191 0.177238 0.078502 0.000000 0.015462 0.496141 0.415667 0.451863 0.392230 0.251486 0.179336 -0.185687 -0.344868 -0.545966 -0.458622 -0.416955 -0.126985 -0.128124 -0.015656 -0.006330 0.000000 0.021422 -0.053521 -0.216428 -0.307158 -0.444481 -1.021008 -1.244747 -1.099894 -1.057537 -1.040677 -0.812335 -0.823138
