use_cases/Flooding_chicago/flooding_data/output/hUx_120.asc
ncols 337
nrows 393
xllcorner 428428.000000
yllcorner 4602440.000000
cellsize 26.757400
NODATA_value -9999.000000
[rows 234 to 259 of 393, columns 58 to 115 of 337]
-0.000796 -0.001386 -0.002576 -0.001228 -0.000322 0.000424 0.010610 0.046248 -0.062073 -0.045608 -0.017141 -0.000187 0.000187 0.001439 0.000880 0.003490 0.002366 0.012657 0.023386 0.000948 -0.000759 -0.000830 -0.000248 0.000516 0.001078 0.004141 0.000447 -0.003303 -0.000513 0.000222 0.009000 0.039836 0.002388 -0.000365 0.001235 0.015094 0.009358 0.011168 0.006833 -0.000605 -0.010833 -0.041526 -0.043483 -0.022803 -0.000016 0.018518 0.052310 0.133002 -0.000260 -0.000890 -0.000006 -0.000066 -0.000698 -0.001040 -0.000719 0.000046 0.000291 0.010178
-0.003331 -0.008509 -0.028357 -0.009639 -0.000426 0.000643 0.008026 -0.005740 -0.017616 -0.006781 0.000000 0.000506 0.000636 0.001534 0.000938 0.001294 0.015678 0.043547 0.080306 0.014875 -0.001071 -0.002749 -0.000415 -0.000717 0.001540 0.003322 0.002464 -0.001278 0.000166 0.000332 0.002123 0.003682 -0.001806 -0.000704 -0.000226 -0.000034 0.000093 0.001379 0.004520 -0.002913 -0.009264 -0.005546 -0.034946 -0.008029 -0.000411 0.000601 0.002101 0.001445 0.024408 0.072577 0.064361 0.007578 -0.016681 -0.006855 -0.000025 0.000050 0.000004 0.005693
-0.019262 -0.011954 -0.039912 -0.015142 -0.000015 0.019218 0.115945 -0.001795 -0.003851 -0.000708 0.000084 0.000563 0.000414 0.001656 0.000994 0.000355 0.000633 0.002962 0.001087 0.002758 -0.000240 -0.001064 -0.000311 -0.000814 -0.001338 0.000313 0.001076 0.001358 0.008100 0.007240 0.014198 0.006630 0.000595 -0.001241 -0.015537 -0.006051 0.000000 0.014801 0.038639 0.026357 -0.005557 -0.002771 -0.012834 -0.007458 -0.000332 0.000417 0.001439 0.001876 0.001586 0.026273 0.077137 0.110511 0.027910 0.005836 -0.014326 -0.056202 -0.011581 0.000000
-0.050965 -0.023476 -0.003025 -0.004273 -0.000001 0.004210 0.002784 -0.003105 -0.002503 0.000324 0.000370 0.025989 0.057504 0.053268 0.024896 0.000675 -0.002067 0.000119 0.006254 0.018642 0.000588 -0.000034 -0.020510 -0.009859 -0.000930 -0.000679 -0.000765 0.000293 0.001400 0.001011 0.022209 0.065741 0.019553 -0.002460 -0.041026 -0.020150 -0.006804 0.000000 0.002204 -0.002484 -0.006879 -0.003170 -0.014782 -0.009764 -0.000146 0.000153 -0.001136 -0.001047 0.001085 0.009911 0.016091 0.001258 0.000370 0.000433 0.011419 0.100244 -0.004533 -0.004376
-0.007649 -0.001850 -0.002545 0.000000 0.002231 0.003306 0.002904 0.001083 0.001250 0.001416 0.002014 0.005574 0.025980 0.061433 0.160833 -0.003172 0.001382 0.001009 0.012144 0.038806 0.006797 0.003236 -0.004069 -0.024649 -0.007972 -0.000776 -0.001023 -0.000570 0.000228 0.000785 0.004606 0.002090 0.002238 -0.004295 -0.015095 -0.042737 -0.023207 0.000000 0.008814 -0.006483 -0.019070 -0.014279 -0.026441 -0.012550 -0.039260 -0.092380 -0.033379 -0.001454 0.001357 0.001284 0.000471 0.000380 0.000387 0.003977 0.011492 -0.000637 -0.004593 -0.007731
0.002856 0.001299 0.002108 0.000449 -0.000130 -0.000331 0.000489 0.001996 0.002194 0.007294 0.004570 0.003071 0.019338 0.049582 0.013598 0.000141 0.000000 0.018861 0.035460 0.076828 -0.000010 0.003913 0.002845 -0.001916 -0.014096 -0.027468 -0.022693 -0.007377 -0.000129 0.000203 0.014349 0.040215 0.012037 0.002454 -0.003332 -0.006896 0.000000 0.008494 0.051036 -0.001202 -0.019888 -0.017508 -0.054216 -0.029646 -0.001527 -0.013821 -0.006980 0.000012 0.007549 0.013659 0.001454 0.001385 0.000762 -0.037041 -0.013680 -0.004748 0.000000 0.000016
-0.000187 0.000508 0.013942 0.013132 0.000276 -0.000941 -0.000889 0.000770 0.001418 0.020229 0.098625 0.000134 0.018665 0.025290 0.053981 0.011198 0.000000 0.028499 0.039904 0.012001 -0.000365 0.000365 0.024486 0.088101 0.102292 -0.041385 -0.042443 -0.032826 -0.031987 -0.020151 0.000810 0.007939 0.004890 0.001144 -0.000542 -0.000748 -0.000199 0.000627 -0.013938 -0.053011 -0.046198 -0.049984 -0.014414 -0.008321 -0.000441 -0.000109 0.000109 0.000441 0.017017 0.073240 0.016449 0.005360 0.001080 -0.002584 -0.028651 -0.011175 0.000000 0.003872
0.001821 0.001330 0.008852 0.039612 0.003700 -0.026007 -0.015238 0.000036 0.007904 0.006500 0.011834 0.000012 0.018191 0.044353 0.005911 -0.007180 0.000000 0.029864 0.106694 0.077544 -0.024754 0.000010 0.020321 0.040103 0.003867 -0.028905 -0.050884 -0.149288 -0.061156 -0.023774 -0.000002 0.020397 0.063485 0.018186 -0.000472 -0.008798 -0.051636 -0.016248 -0.002819 -0.017207 -0.033040 -0.035118 -0.027887 -0.012138 -0.000012 0.006980 0.010767 0.000872 0.006469 0.042445 0.016969 0.007003 0.011090 0.042097 -0.021035 -0.032253 0.000000 0.016182
0.001141 0.014379 0.034888 0.042772 0.057804 -0.054921 -0.011573 0.000001 0.005729 0.006348 0.003496 0.001373 0.015056 0.042611 -0.023526 -0.011209 0.000000 0.010843 0.021887 0.177031 -0.028669 -0.002418 0.000191 -0.000197 -0.000463 -0.000008 0.008320 -0.143946 -0.087143 -0.035997 -0.000013 0.007887 0.056464 0.013760 -0.000113 0.000113 -0.005511 -0.004618 -0.008913 -0.003813 -0.021584 -0.008200 -0.000636 -0.000395 0.007558 0.036786 0.004152 -0.000416 -0.001419 -0.000000 0.026739 0.073646 0.124624 0.131897 -0.307835 -0.037633 -0.000161 0.000989
0.000626 0.009443 0.024807 0.042329 0.046488 -0.037469 -0.016732 -0.008146 -0.000187 0.000187 0.006836 0.017287 0.004794 0.001617 -0.000558 0.000170 0.000463 0.012282 0.011354 0.022644 -0.000210 -0.003082 -0.000829 -0.000661 -0.000759 -0.000268 -0.000993 -0.019265 -0.028013 -0.012120 -0.000330 0.000984 0.004003 0.000912 -0.000187 0.000187 0.003882 0.089702 -0.028335 -0.090045 -0.044990 -0.011691 -0.000001 0.034269 0.090844 0.118539 0.141355 -0.094978 -0.029001 -0.000000 0.005306 0.039365 0.061536 0.009191 -0.000445 -0.004340 -0.020224 -0.006212
0.002478 0.027095 0.039942 0.033114 0.035633 -0.071224 -0.041661 -0.005554 -0.000163 0.000117 0.000686 -0.000787 -0.006846 -0.001653 0.000602 0.001284 0.005723 0.018699 0.062907 0.009289 -0.002966 -0.002283 -0.001267 -0.000345 -0.001161 -0.004643 -0.000742 -0.003518 -0.037920 -0.014898 0.000000 0.010001 0.039535 0.009687 0.006264 0.005661 -0.012271 -0.003627 -0.035270 -0.027488 -0.022291 -0.009635 -0.000147 0.000348 0.009692 0.021059 0.026321 -0.014172 -0.008948 -0.000016 0.009175 0.014284 0.002004 -0.011902 -0.001576 -0.001018 -0.003982 -0.031580
0.041574 0.011014 0.014643 0.024867 -0.040140 -0.112627 -0.083905 -0.053139 -0.000139 0.000182 -0.026570 -0.100501 -0.026451 -0.001056 0.000888 0.024728 0.032164 0.096989 0.015652 -0.049725 -0.026291 -0.004909 -0.004659 -0.001417 -0.002935 -0.000574 0.000117 -0.000363 -0.002898 -0.006115 -0.001468 0.000824 0.002771 0.002065 0.002232 0.004553 -0.051267 -0.029689 -0.007943 -0.003277 -0.007582 -0.009721 -0.000734 -0.000595 0.002587 0.001920 -0.003232 -0.021824 -0.009932 -0.000411 0.000601 0.010707 0.025711 -0.025531 -0.006963 -0.000373 0.000373 -0.053603
0.073653 0.087886 0.080994 0.184876 -0.004885 -0.046184 -0.020794 -0.000436 0.000773 0.008931 0.006117 0.000693 -0.000881 -0.000380 0.000936 0.011422 0.059297 0.026487 0.001456 -0.004010 -0.043224 -0.045469 -0.013418 -0.000586 0.000080 -0.000779 -0.000170 0.000157 0.000512 -0.004931 -0.003413 -0.000791 0.000613 0.000291 0.000480 0.001370 -0.036522 -0.010513 -0.001191 -0.003162 -0.000685 0.001052 0.000015 -0.001156 0.000031 0.001621 0.000383 -0.002207 -0.003513 -0.000332 0.000417 0.005503 0.009130 0.019139 0.026614 -0.000373 0.000373 -0.004679
0.003523 0.038078 0.102183 0.010732 -0.001821 -0.016688 -0.007783 0.000022 0.003958 0.003352 0.001756 0.000795 -0.000032 -0.000015 0.009877 0.035190 0.008700 0.003179 0.000932 -0.000872 -0.022822 -0.043757 -0.013233 -0.002458 -0.002976 -0.001693 -0.000417 0.000321 -0.003040 -0.011038 -0.004909 -0.002141 -0.000663 0.000430 0.000969 0.011114 -0.001068 -0.012022 -0.000571 -0.000279 0.000617 0.016420 0.001217 -0.009337 -0.000269 0.000504 -0.002076 -0.001163 0.000404 0.001221 0.000711 0.012349 0.049895 0.087765 -0.056684 -0.009872 -0.001246 -0.007436
0.018922 0.025999 0.042929 0.002832 -0.000781 -0.001156 -0.000516 0.000521 0.006324 0.006477 0.002769 0.008173 0.012467 0.001587 0.000110 0.001728 0.002466 0.001104 -0.001430 -0.000810 -0.000098 -0.051168 -0.021475 -0.003573 -0.008794 -0.003581 -0.001162 0.000024 0.007885 -0.010511 -0.017002 -0.000759 -0.000966 0.002665 0.001949 0.008623 -0.015327 -0.029616 -0.009358 -0.000333 0.000413 0.013560 -0.032656 -0.083607 -0.049538 -0.009530 -0.000640 -0.000374 0.000566 0.002781 0.002747 0.027074 0.011237 0.001270 -0.054970 -0.026383 -0.002512 -0.035370
0.000627 0.026576 0.088123 -0.015596 -0.001191 -0.001689 -0.000348 0.001699 0.003183 0.004677 0.049654 0.083807 0.088678 0.018720 -0.000828 -0.002806 -0.001210 0.001191 -0.000159 -0.001207 -0.002599 -0.005365 -0.028297 -0.083553 -0.067766 -0.019762 -0.000392 0.000443 0.001397 -0.028512 -0.007336 -0.000333 0.000413 0.018367 0.042929 0.093983 -0.002741 -0.006292 -0.003978 -0.000714 -0.000144 0.002589 -0.135970 -0.036037 -0.007566 -0.017701 -0.000188 0.000097 0.004461 0.004073 0.005524 0.001154 -0.000291 0.000051 0.000000 0.025320 -0.082931 -0.126060
0.000954 0.020004 0.017411 -0.001790 -0.001938 -0.003490 -0.001705 0.002213 0.001036 0.003087 0.001178 0.025648 0.073590 0.012803 -0.002205 -0.002990 0.000601 0.003392 -0.096141 -0.018697 -0.009263 -0.001717 -0.006199 -0.003492 -0.023554 -0.008038 0.000028 0.003810 0.002423 0.001476 -0.000571 -0.000279 0.000617 0.017635 0.036367 0.077001 -0.002502 -0.006465 -0.008993 -0.005980 -0.000919 0.001130 0.000328 -0.000435 -0.000078 0.000078 0.012834 0.009522 0.008269 0.000530 -0.006002 -0.005234 -0.020318 -0.006252 0.000000 0.009054 -0.002709 -0.032702
0.001358 0.012654 0.032240 0.003443 -0.032075 -0.005185 -0.006359 -0.000500 0.000297 0.000469 0.000711 0.010789 0.017242 0.002229 -0.000176 -0.000188 0.000502 0.016379 0.063487 -0.131821 -0.127736 -0.094536 -0.055814 -0.024325 -0.008460 -0.000010 0.000823 0.019288 0.045356 0.113817 -0.001271 -0.002920 0.002809 0.003669 0.016340 0.051493 0.004926 -0.002260 -0.002058 -0.000990 -0.002290 -0.003073 -0.001544 -0.001937 -0.000213 0.000213 0.001897 0.002095 0.002328 -0.008562 -0.036075 -0.027542 -0.015737 -0.006242 0.000000 0.000295 -0.000667 -0.014569
0.000215 0.001174 0.009844 0.022874 -0.046947 -0.015877 -0.001534 -0.002061 -0.000401 0.000458 0.001286 0.006250 0.008804 0.017376 0.003097 0.002427 0.001695 0.000790 -0.001955 -0.019273 -0.049520 -0.031219 -0.009076 -0.000102 0.000476 0.005516 0.002847 0.012849 0.043374 0.063912 0.001482 -0.001681 0.002405 0.002212 0.009623 0.052022 -0.000600 -0.000028 -0.011803 -0.053669 -0.039363 -0.011464 -0.001576 -0.002156 -0.000373 0.000373 0.008752 0.015177 0.032452 -0.001108 -0.035238 -0.024295 -0.021731 -0.006242 0.000000 0.000000 0.000000 -0.001229
-0.000232 0.000509 0.003217 0.001569 -0.002076 -0.003931 -0.001102 -0.001248 -0.000891 0.000000 0.005565 0.014678 0.038142 0.012294 0.003453 0.002827 -0.001115 -0.009877 -0.007871 -0.006006 -0.053460 -0.052093 -0.009671 0.000000 0.008662 0.040518 0.070394 0.089388 0.027004 0.003240 -0.000102 0.000393 0.003766 0.025459 0.051423 0.016419 0.003300 0.000003 -0.002789 -0.010971 -0.010760 -0.018727 -0.002567 -0.003274 -0.000373 0.000373 0.007605 0.041583 0.012321 0.000309 -0.011803 -0.041126 -0.011479 -0.001855 -0.014663 -0.011300 0.000000 0.001305
-0.001591 -0.000382 -0.000791 -0.000763 0.000030 -0.000806 -0.000722 -0.000873 -0.000727 0.000000 0.010328 0.162897 -0.025428 -0.000499 0.000151 0.032200 -0.013800 -0.066427 -0.014300 -0.002474 -0.021782 -0.040753 -0.018000 0.000000 0.021864 0.055630 0.081346 0.080794 0.014822 -0.000404 -0.000126 0.001206 0.001954 0.017532 0.038071 0.010807 0.002683 -0.001909 -0.008581 -0.033980 -0.024938 -0.008031 -0.000630 0.000057 0.004374 0.005517 0.005794 0.011881 0.008359 0.001447 -0.006522 -0.018711 -0.059584 -0.059980 -0.029694 -0.000953 0.000097 0.011285
-0.008196 -0.001013 -0.005276 -0.000401 0.000372 0.000709 0.000139 -0.000045 0.000267 0.000383 -0.035875 -0.011872 -0.002482 -0.003524 -0.000239 0.010283 -0.001893 -0.016211 -0.004976 -0.000215 -0.000631 -0.013559 -0.013366 0.000000 0.008435 0.018207 0.028416 0.002350 -0.008640 -0.000146 0.000146 0.011762 0.024305 0.027589 0.025663 0.006027 0.002159 0.000844 -0.002844 -0.017426 -0.007571 -0.000335 -0.002536 -0.001054 -0.002170 0.001344 0.002814 0.004509 0.005110 0.002659 -0.002506 -0.013914 -0.050865 -0.054159 -0.038436 -0.000592 0.000208 0.000319
-0.050327 -0.019678 -0.001143 0.000180 0.000363 0.002679 0.003156 0.002668 0.006172 -0.005108 -0.062591 -0.026768 -0.005618 -0.011243 -0.005665 -0.015701 -0.024809 -0.009929 -0.000923 -0.000470 -0.000171 -0.000296 0.000319 0.006959 0.006663 0.002564 0.009419 0.002762 -0.004572 -0.000373 0.000373 0.015783 0.021196 0.032549 0.214805 -0.001594 0.000890 0.001538 0.011922 -0.001328 -0.010330 -0.001865 -0.006150 -0.003988 -0.004102 -0.003146 0.000677 0.000412 0.001318 0.001734 0.001218 -0.009387 -0.042933 -0.012065 0.000000 0.012105 0.036336 0.064984
-0.069851 -0.022615 -0.000062 0.006162 0.003091 0.006383 0.009468 0.004039 0.040792 -0.015042 -0.078211 -0.025322 -0.017139 -0.067053 -0.057028 -0.037621 -0.031578 -0.029674 -0.019382 -0.004387 0.000002 0.005097 0.017233 0.038844 0.012991 0.003873 0.015076 0.019276 0.025078 -0.000373 0.000373 0.018099 0.045172 0.052481 0.104867 -0.000451 0.001789 0.046200 0.107660 -0.001214 -0.111784 -0.061097 -0.012604 -0.043529 -0.015150 -0.001428 -0.000093 0.000158 0.007622 0.006293 0.002934 0.000968 -0.059066 -0.016717 -0.006064 0.000602 0.003824 0.001392
-0.003899 -0.008195 -0.007336 -0.000000 0.000449 0.004044 0.001622 0.000012 0.008229 -0.203550 -0.018741 -0.000009 -0.005992 -0.053357 -0.086338 -0.100501 -0.080465 -0.042572 -0.014818 -0.000341 0.000158 0.006974 0.018280 0.027583 0.031545 0.018486 0.004044 0.009363 0.004481 -0.008176 0.000011 0.008736 0.020394 0.036297 0.022921 0.005985 0.004573 0.006414 0.008618 -0.002557 -0.043534 -0.015578 -0.012512 -0.044421 -0.032769 -0.013907 -0.000711 0.000084 0.010971 0.036263 0.071729 0.018426 0.007370 0.003223 0.000675 0.000064 -0.000856 -0.007880
-0.001518 -0.001358 -0.001786 -0.000041 0.006072 0.019599 0.001063 0.000512 0.010172 -0.057094 -0.011266 -0.000210 0.000064 -0.019020 -0.037607 -0.041145 -0.033053 -0.020766 -0.014785 -0.008664 -0.000158 0.000341 0.006034 0.016893 0.074219 0.075491 0.024405 0.034488 0.066149 0.011077 0.000000 0.008790 0.036799 0.009823 0.002309 -0.000093 0.000476 0.007719 0.046921 -0.000424 -0.000768 -0.002838 -0.005394 -0.003499 -0.020364 -0.016603 -0.006780 0.000000 0.010378 0.031680 0.004112 0.000896 0.000811 0.025852 0.049400 0.004061 -0.011333 -0.065515
