use_cases/Flooding_chicago/flooding_data/output/hUx_3420.asc
ncols 337
nrows 393
xllcorner 428428.000000
yllcorner 4602440.000000
cellsize 26.757400
NODATA_value -9999.000000
[rows 260 to 285 of 393, columns 59 to 117 of 337]
0.079550 0.074689 -0.000730 -0.000003 0.007704 0.086446 0.017610 -0.035303 -0.546689 -0.002683 -0.000281 -0.000000 0.000001 -0.030345 -0.215989 -0.001700 -0.000342 -0.000005 -0.006964 -0.000397 -0.000000 0.000007 0.000895 0.001774 0.019831 0.004764 0.027588 0.386976 0.370152 0.828743 0.837391 1.364127 1.473456 1.494922 0.914508 0.605406 0.217301 -0.281406 -0.711693 -1.133250 -1.312229 -1.249901 -1.205743 -0.739823 -0.690402 -0.309203 -0.000031 0.016632 -0.007527 -0.094091 -0.000581 -0.004989 -0.154995 -0.303751 -0.353947 -0.361286 -0.578303 -0.550988 -0.591778
-0.017470 -0.044178 -0.012846 -0.001127 -0.000709 -0.002752 -0.000395 -0.000510 -0.010394 -0.003570 -0.000197 0.000000 0.000229 0.061856 -0.070965 -0.000627 -0.000134 -0.000117 -0.000447 0.000049 0.000019 0.000007 0.000502 0.000864 0.001640 0.007912 0.037966 0.410917 0.392915 0.490592 1.208790 1.286905 1.566971 1.156981 0.841028 0.367654 -0.250011 -0.563519 -0.662889 -0.774478 -1.134941 -1.084398 -1.135347 -1.148322 -0.737954 -0.744978 -0.299258 -0.216450 -0.156205 -0.170213 -0.001220 0.014762 -0.066228 -0.091919 -0.098736 -0.098265 -0.114391 -0.161885 -0.110224
-0.023035 -0.057051 -0.016542 -0.006168 -0.010333 -0.025760 -0.008306 -0.001643 -0.008078 -0.004376 -0.000003 0.000002 0.000260 0.025906 -0.025270 -0.000081 -0.000042 -0.000031 -0.000016 0.000038 0.000022 0.000015 0.000002 0.000489 0.001224 0.002780 1.056915 1.225169 0.604326 0.569932 1.181580 1.631500 1.564674 1.327407 0.712128 0.285394 -0.223063 -0.798420 -0.811636 -0.871530 -1.215585 -1.142044 -1.187180 -1.285038 -0.900639 -0.857157 -0.923875 -0.746590 -0.609841 -0.306781 -0.269669 -0.200809 -0.228610 -0.240124 -0.193629 -0.162687 -0.087076 -0.082898 -0.013987
-0.010835 0.001286 -0.000468 -0.002853 -0.023780 -0.022610 -0.003161 -0.005091 -0.001906 -0.004303 -0.002722 0.004241 0.001656 -0.222204 -0.228214 -0.129573 -0.003011 -0.001752 0.006059 0.003553 0.025769 0.030398 0.003455 0.000782 0.000451 0.012295 0.428701 0.675011 0.612126 1.256614 1.497655 1.615499 0.994125 0.728336 0.086332 -0.004695 -0.001563 -0.292436 -0.732365 -0.799894 -1.244503 -1.309850 -1.521167 -1.608503 -1.464844 -1.265974 -1.132012 -1.036394 -1.068057 -0.709915 -0.588885 -0.502207 -0.435427 -0.517147 -0.462897 -0.445865 -0.473149 -0.374424 -0.419065
-0.053288 -0.000546 -0.000003 0.000001 0.000482 0.047214 -0.005465 -0.006779 -0.001013 -0.004583 -0.000525 0.005370 0.095691 0.174047 0.040511 -0.056892 -0.007506 0.000171 0.002130 0.001120 0.017053 0.036249 0.016282 0.001379 0.000382 1.014746 1.432438 0.994064 1.132185 1.298857 1.424144 1.156533 0.658956 0.291095 -0.172778 -0.251721 -0.002529 -0.003083 -0.228818 -0.739032 -0.827999 -0.862362 -0.847681 -1.158894 -1.280597 -0.814243 -0.751229 -0.713270 -0.829008 -0.612321 -0.573157 -0.250624 -0.294403 -0.231226 -0.232746 -0.179689 -0.230256 -0.303273 -0.298458
-0.038120 -0.000744 -0.000371 -0.000001 0.000717 0.005339 -0.001473 0.000032 -0.000009 0.000018 0.000200 0.001805 0.121312 0.157218 0.116049 -0.006095 -0.034588 -0.000399 -0.000000 0.000253 0.000689 0.028603 0.093401 0.104235 0.481581 0.312580 0.202002 -0.262999 -0.135760 -0.126258 0.025520 0.073173 0.038158 -0.163427 -0.482224 -0.650985 -0.643571 -0.002573 0.000226 0.000058 0.047831 0.002949 -0.386126 -0.908745 -1.231297 -1.347675 -0.822332 -0.782136 -0.778697 -0.837938 -0.421149 -0.328875 -0.241413 -0.195777 -0.003210 -0.002494 0.000324 0.002455 0.174796
-0.048025 -0.000918 -0.000608 -0.000043 0.000022 0.001021 -0.000001 -0.000836 -0.000002 0.000438 0.000085 -0.001509 -0.008195 0.000192 0.001102 -0.003714 -0.014737 -0.000491 -0.000161 0.000000 0.000294 0.000579 0.135592 1.102186 0.701818 0.284421 -0.139490 -0.609128 -0.743063 -0.660447 -0.280746 -0.044186 -0.102545 -0.001212 -0.000587 -0.407879 -0.393819 -0.026381 -0.000002 0.000002 0.052098 0.016014 -0.079859 -0.389670 -0.912155 -1.194407 -1.070989 -1.054191 -1.093155 -1.146360 -1.036155 -0.761807 -0.556468 -0.263500 -0.003314 -0.000744 0.002479 0.003878 0.096229
-0.011880 -0.082688 -0.006408 -0.000203 0.000019 0.000030 0.000003 -0.000033 -0.000102 -0.000008 0.000081 0.000021 0.000139 0.033867 -0.009308 -0.014491 -0.037373 -0.000546 -0.000011 0.000000 0.000008 0.000329 0.193211 0.080298 0.589642 -0.000092 -0.287531 -0.851909 -0.941920 -1.194145 -0.861024 -0.777189 -0.735421 -0.414100 -0.007097 -0.001122 -0.065623 -0.002756 0.009818 0.003561 0.146715 0.102221 -0.093103 -0.282468 -0.768381 -0.825820 -0.898990 -1.323749 -1.308914 -1.367770 -1.292997 -1.265999 -0.987084 -0.410452 -0.115373 -0.060223 -0.034953 0.036629 0.066809
-0.000896 -0.010317 -0.006878 -0.000473 -0.000565 -0.000017 0.000004 0.000026 0.000012 0.000251 0.000354 0.000040 0.002466 0.131668 -0.019735 -0.025461 -0.059293 -0.000357 -0.000000 0.000439 0.000824 0.158551 0.183435 0.080348 -0.000001 0.000001 0.003462 -0.371448 -0.626400 -0.649994 -0.591018 -0.684969 -0.886594 -0.911797 -0.021180 -0.010991 -0.085043 -0.093008 0.015326 0.356602 0.365664 0.345023 0.000355 -0.212662 -0.244846 -0.474921 -0.605872 -0.649989 -0.813004 -0.946531 -1.069801 -0.802155 -0.804601 -0.502106 -0.414203 -0.325421 -0.269675 -0.221238 -0.157393
-0.000052 -0.008181 -0.007340 -0.002623 -0.000042 -0.000021 0.000047 0.000027 -0.000022 -0.000219 -0.000005 0.000005 0.000964 0.017180 -0.024517 -0.053784 -0.045851 -0.064701 -0.000000 0.002040 0.008427 0.181969 0.043421 0.010972 -0.000002 0.000003 0.001013 0.006966 -0.242681 -0.672497 -0.709343 -0.635968 -1.163181 -1.283009 -0.493223 -0.194450 0.066210 0.282265 0.461451 0.490941 0.444089 -0.009366 0.003255 0.011492 0.187486 -0.171823 -0.432563 -0.533509 -0.703204 -0.885842 -1.163882 -1.167278 -0.829925 -0.457531 -0.379173 -0.322679 -0.292463 -0.284255 -0.175515
-0.001283 -0.001101 -0.012822 -0.003114 -0.000040 0.000031 0.000663 0.000092 -0.053724 -0.001170 -0.000005 0.000005 0.000240 0.000187 -0.016388 -0.013776 -0.006138 -0.000523 -0.047761 0.000000 0.000289 0.088976 -0.005516 -0.000329 -0.000000 0.000347 0.001411 0.003101 1.080838 -0.050411 -0.501818 -0.567852 -0.985607 -1.166099 -0.599840 -0.436153 -0.210938 0.032188 0.189671 0.189426 -0.014727 -0.009947 0.018693 0.031597 0.139536 -0.015434 -0.179813 -0.325588 -0.296514 -0.350399 -0.438993 -0.365399 -0.415303 -0.318918 -0.228361 -0.182727 -0.180020 -0.213435 -0.282319
-0.000154 -0.000187 -0.000472 -0.000658 -0.000037 0.000033 0.002686 0.051168 0.031005 -0.088076 -0.000403 -0.000305 0.000283 0.000282 0.038096 -0.003675 -0.023102 -0.034392 -0.079373 0.000000 0.000236 0.040323 -0.002325 -0.000023 -0.000003 0.000022 0.000875 0.002380 1.310355 0.018378 -1.087105 -1.309523 -1.453709 -2.399665 -1.784808 -0.724774 -0.490369 -0.240980 -0.076976 -0.006330 0.000000 0.034826 0.045033 0.054731 0.037717 0.035345 0.021888 0.263511 0.239957 0.125652 0.131309 -0.008313 0.085617 0.161371 0.141289 0.081732 0.049486 -0.065273 -0.107418
-0.000033 -0.000267 -0.000513 -0.000499 -0.000024 0.000022 0.001620 -0.009750 -0.021330 -0.087644 -0.000298 -0.000074 0.000182 0.000111 0.050395 0.050107 0.029771 0.043676 0.030128 0.022826 0.168992 0.114863 -0.006454 -0.000040 -0.000030 0.000050 0.000524 0.002196 0.002992 0.019584 -1.066868 -1.685966 -1.917375 -3.259670 -3.658835 -2.032897 -1.597430 -0.717081 -0.086716 -0.000000 0.109569 0.093436 0.081493 0.077349 0.048344 0.027104 -0.000012 0.000004 -0.005521 0.043617 0.479583 0.476940 0.756159 0.262141 0.266108 -0.000099 -0.003000 0.022502 0.355731
0.000243 0.000166 -0.000052 -0.000092 -0.000007 0.000007 0.000958 -0.009470 -0.021773 -0.087132 -0.000181 0.000099 0.021534 0.029169 0.066612 0.063015 0.014191 0.011543 0.024397 0.019777 0.423074 0.063896 -0.001130 -0.001377 -0.000012 0.000027 0.000547 0.001378 0.002007 0.003286 0.038489 -0.290305 -0.814899 -1.086666 -1.567716 -1.858044 -1.748091 -0.931102 -0.144661 -0.000000 0.151785 0.255527 0.225213 0.091830 0.060010 0.037519 -0.000051 -0.000060 0.000222 0.187286 0.774910 0.473674 0.473799 0.510688 0.002007 -0.004260 0.000000 0.107171 0.820675
0.000183 0.000094 0.000045 0.000037 0.000022 -0.000001 0.000026 -0.007123 -0.019049 -0.086446 -0.000246 -0.000013 0.000196 0.000106 -0.154311 -0.062550 -0.000009 0.000009 0.000008 0.037306 0.090534 -0.002146 -0.000002 -0.000002 0.000036 0.001557 0.004395 0.000536 0.002643 0.001792 0.029610 0.100381 -0.149690 -0.568837 -1.004787 -1.228378 -1.779252 -1.588985 -0.701858 -0.000011 0.063096 0.086979 0.118333 0.110529 0.069873 0.045789 -0.000014 0.000025 0.234296 0.984198 1.472995 0.884229 0.273881 -0.060172 -0.000011 0.000008 0.010104 0.026405 -0.054851
0.002377 0.011399 0.054009 -0.056102 -0.007802 -0.009141 -0.044062 -0.145529 -0.124036 -0.087144 -0.000297 -0.000233 0.000270 0.000264 0.000095 0.000023 0.000011 0.000014 0.001227 -0.000677 -0.039588 -0.000087 -0.000002 0.000002 0.000730 0.001522 0.003010 0.004263 0.003684 0.050864 0.018432 0.010494 0.001300 -0.000000 0.009157 -0.962972 -1.411327 -1.405550 -1.140532 -0.037443 0.073987 0.095586 0.110720 -0.000096 0.000051 0.000119 0.070138 0.124718 0.737236 0.857369 0.669661 -0.204548 -0.139993 -0.094486 -0.000045 0.000034 0.000038 0.057424 -0.027687
0.000263 0.000820 -0.005306 -0.028254 -0.079601 -0.042949 -0.021218 -0.021276 -0.011881 -0.000125 -0.000276 -0.000045 0.000242 0.000154 -0.019857 -0.025521 -0.026810 0.012272 0.050833 0.021962 0.009210 0.000604 -0.000001 -0.000000 0.000023 0.015984 0.014687 0.029157 0.050754 0.126317 0.049369 0.018064 -0.042965 -0.000000 0.000456 0.104591 -0.640994 -0.638880 -0.580933 -0.081383 0.042862 0.029879 -0.000350 -0.000369 0.000290 0.000412 -0.000579 0.019817 0.134569 0.151842 0.059653 0.047594 -0.002793 -0.025052 -0.000035 0.000029 0.000027 0.048735 -0.000504
0.007349 0.025933 -0.011318 -0.033196 -0.088636 -0.027504 -0.008087 -0.008674 -0.003311 -0.000060 -0.000077 0.000014 0.000068 -0.103038 -0.025132 -0.035221 -0.044632 -0.013822 0.015656 0.023630 0.020082 0.024025 0.013478 0.005976 0.009553 0.004389 0.327842 0.012683 0.043034 0.138782 0.141992 0.102782 -0.035575 -0.000005 0.000005 0.001989 -0.658332 -1.296815 -1.534214 -0.645944 -0.277942 -0.034179 -0.000758 -0.000845 -0.000371 0.000000 -0.032074 0.003596 -0.009157 -0.054238 0.002890 0.212909 0.228150 0.037006 0.000068 0.079708 0.106726 0.102881 -0.000566
0.013982 -0.152118 -0.189731 -0.181504 -0.026626 -0.055910 -0.013786 -0.000735 0.000494 -0.000018 -0.000038 0.000065 0.000039 -0.226225 -0.019100 -0.000028 -0.000003 -0.048633 -0.058817 -0.078196 0.000000 0.000019 0.010917 0.015866 0.015546 0.006004 0.286414 0.013790 0.005273 0.003139 0.001129 0.000384 0.000016 -0.000005 0.000005 0.001948 0.018443 -0.334027 -1.036363 -0.425586 -0.232825 -0.078425 -0.001210 -0.000675 -0.000004 0.000004 0.000462 0.413783 0.035141 -0.068141 0.004012 0.046507 0.037711 0.045194 0.048389 0.053436 0.051985 0.025996 -0.004360
-0.079458 -0.147069 -0.157492 -0.147634 -0.007507 -0.008037 -0.003560 -0.010425 -0.019063 -0.067845 -0.013383 0.000002 -0.086951 -0.177825 -0.007914 -0.000117 -0.000231 -0.000066 0.000089 0.000150 0.000167 0.000072 0.004388 0.004571 0.000000 0.022197 0.050211 0.017464 0.005737 0.003283 0.001162 0.000385 0.000000 0.000516 0.001042 0.476130 0.141991 -0.179840 -0.648878 -0.493996 -0.431346 -0.164478 -0.191585 -0.005345 -0.000000 0.000017 0.000098 -0.010125 -0.093934 -0.174985 -0.275613 -0.284151 -0.234710 -0.162169 -0.051555 0.004967 0.031854 0.029691 -0.000009
-0.022370 -0.085655 -0.146982 -0.001544 -0.002985 -0.000897 0.000802 -0.105843 -0.047350 -0.117888 -0.034158 0.000000 -0.017216 -0.021224 -0.001677 -0.003184 -0.000524 -0.000339 0.000366 0.000578 0.000245 0.000995 0.004174 0.009412 0.008839 0.002432 0.005857 0.028226 0.047064 0.053733 0.010833 0.001901 0.000000 0.000235 0.345293 0.153258 0.240454 -0.221058 -1.569530 -1.464778 -0.940113 -0.828600 -0.392895 -0.089435 -0.000000 0.009519 0.033551 0.044729 0.074188 0.046643 0.050158 0.112639 -0.066921 -0.142571 -0.086345 -0.049292 -0.001230 0.013841 -0.000006
0.233589 0.174644 -0.000133 -0.000565 -0.000494 0.000194 -0.132554 -0.168811 -0.197786 -0.027777 -0.063862 -0.090900 -0.074578 -0.333586 -0.166045 -0.007601 -0.000552 0.001176 0.001916 0.000582 0.011283 0.009483 0.007328 0.007947 0.005435 0.020921 0.025970 0.037194 0.043147 0.059423 0.131778 -0.010042 -0.091227 -0.125815 -0.087733 0.023446 0.002958 -0.084198 -0.469609 -1.203955 -1.236845 -1.251183 -0.778094 -0.384515 -0.150827 -0.178850 -0.094076 0.050010 0.235706 0.232024 0.186762 0.092492 -0.043794 -0.086310 -0.044648 -0.053248 0.010212 0.025587 -0.000008
0.000036 0.114943 0.093489 0.024380 -0.032856 -0.086214 -0.113503 -0.155913 -0.031503 -0.038755 -0.068828 -0.081867 -0.078859 -0.136078 -0.001613 -0.000559 0.000000 0.000011 0.000350 0.000482 0.000152 0.003124 0.003222 0.002851 0.001758 0.009300 0.015655 0.002736 0.019252 0.042623 0.456158 0.160899 0.095454 0.190411 0.258916 0.248041 0.209755 0.089878 -0.058495 -0.634907 -0.936672 -1.316946 -1.191268 -0.873949 -0.406218 -0.264892 -0.107105 0.080736 0.145364 0.142814 0.110138 -0.069785 -0.531406 -0.372594 -0.238603 -0.030823 0.021642 0.059904 -0.027912
0.002968 0.305491 0.164219 0.018558 -0.012176 -0.010199 -1.012266 -0.141795 -0.011540 -0.000006 0.000004 -0.042254 -0.098498 -0.001417 -0.000847 -0.000024 0.000012 0.000019 0.000126 0.000138 -0.000113 0.000339 0.018495 0.023505 0.061310 0.000325 0.003042 0.001412 0.005691 0.011635 0.382337 0.124753 0.143458 0.212286 0.252269 0.234795 0.305281 0.140883 -0.102888 -0.032223 -0.057234 -0.091719 -0.499419 -0.579834 -0.405599 -0.300550 -0.181087 -0.081382 -0.012199 -0.062918 -0.090597 -0.044002 -0.209973 -0.269154 -0.178929 -0.043661 -0.048900 -0.070040 -0.180594
0.259511 0.213901 0.277489 0.067987 -0.017896 -0.198557 -0.667585 -0.304028 -0.000141 -0.000009 0.000007 -0.013279 -0.058875 -0.002834 -0.001593 -0.000031 0.000029 0.002243 0.004412 0.006315 -0.000184 0.000032 0.000038 0.014454 0.130911 0.046013 0.014345 0.019165 0.007316 0.019352 0.058039 0.526452 0.535820 0.466763 0.392757 0.278673 0.061576 -0.233451 -0.341139 -0.057283 -0.034443 -0.027162 -0.057021 -0.092113 -0.170474 -0.129598 -0.078351 -0.025293 -0.036817 -0.105296 -0.142148 -0.126456 -0.088640 -0.241084 -0.259588 -0.150360 -0.052641 -0.071969 -0.009740
0.185343 0.071302 0.002051 -0.029393 -0.084607 -0.115326 -0.105006 -0.009304 -0.001364 -0.000555 0.000000 0.030541 -0.001551 -0.002986 -0.001561 -0.000024 0.000021 0.001333 0.004476 -0.000637 -0.010696 -0.001212 -0.000000 0.000299 0.000700 0.110544 0.057463 0.028726 0.038919 0.019277 0.030491 0.017977 -0.026244 -0.093220 -0.100573 0.029608 -0.084673 -0.326527 -0.541926 -0.292812 -0.092338 -0.018921 0.006117 -0.066465 -0.095058 -0.074995 -0.063587 -0.041888 -0.040735 -0.087804 -0.096078 -0.080227 -0.075342 -0.187200 -0.233024 -0.265821 -0.117925 -0.101237 -0.046199
