use_cases/Flooding_chicago/flooding_data/output/hUx_2340.asc
ncols 337
nrows 393
xllcorner 428428.000000
yllcorner 4602440.000000
cellsize 26.757400
NODATA_value -9999.000000
[rows 182 to 207 of 393, columns 118 to 176 of 337]
-0.053619 -0.108975 -0.429161 -0.008811 -0.000065 0.000556 0.005008 0.132724 0.742655 1.457661 0.825479 0.454571 0.014556 -0.009005 -0.027091 -0.076309 -0.189933 -0.236570 -0.329633 -0.268715 -0.108875 -0.027280 -0.018141 -0.000518 0.000222 0.006077 0.022186 0.027769 -0.125998 -0.211105 -0.037406 -0.016244 -0.004568 -0.005462 -0.000270 0.000473 0.020878 0.295754 -0.008570 -0.012534 0.000690 0.001084 -0.002107 -0.000157 0.002332 0.016983 0.413737 0.415927 0.014551 -0.559166 -0.022854 -0.015084 -0.004083 -0.002763 0.003511 0.004132 0.035277 0.044915 0.054037
-0.293067 -0.491478 -0.789976 -0.005376 -0.000065 0.000124 0.132243 0.591933 0.479074 0.214576 -0.050822 -0.100234 -0.014655 -0.002905 -0.000870 0.000510 -0.011804 -0.023334 -0.044828 -0.045179 -0.133128 -0.069869 -0.015119 -0.005672 0.000007 0.001162 0.001268 -0.064243 -0.090554 -0.008005 -0.032635 -0.021730 -0.001549 -0.000611 0.000419 0.005918 0.004401 0.017922 -0.000120 -0.009461 -0.021189 -0.006124 -0.007087 -0.000363 0.000397 0.007198 0.018340 0.219910 -0.067493 -0.442273 -0.029132 -0.024485 -0.004590 -0.002231 0.004024 0.004034 0.013177 0.038307 0.055087
-0.053987 -0.163122 -0.618678 -0.121700 -0.043126 -0.080696 -0.253885 -0.082975 0.086291 -0.109874 -0.351411 -0.197930 -0.029121 -0.007911 -0.006073 -0.000830 -0.000681 -0.001431 -0.006284 -0.013537 -0.028142 -0.073214 -0.029614 -0.006073 0.000000 0.000570 0.000577 -0.207794 -0.084124 -0.005183 -0.021923 -0.026968 -0.016757 -0.000366 0.000072 0.001178 -0.117129 -0.009794 -0.002491 -0.002975 -0.012527 -0.037882 -0.010145 -0.000700 0.000820 0.007924 0.019985 0.277964 0.390014 0.236973 -0.038331 -0.003946 -0.000222 0.000222 0.003233 0.002607 0.017804 0.025207 0.046600
0.010470 -0.121597 -0.640268 -0.163923 -0.064187 -0.077602 0.032370 0.004867 -0.095273 -0.188945 -0.149122 0.027100 -0.084807 -0.058942 -0.017735 -0.004475 -0.015380 -0.005982 0.000003 -0.012890 -0.034093 -0.088297 -0.031341 -0.016538 0.000000 -0.004195 -0.025526 -0.057794 -0.012177 -0.041656 -0.043683 -0.034102 -0.009444 -0.000698 -0.002653 -0.014340 -0.062327 -0.017820 -0.012043 0.000000 -0.020592 -0.055333 -0.016927 -0.000489 0.000684 0.010457 0.018996 0.181591 0.320590 0.265915 -0.019124 -0.000471 -0.000442 -0.000753 0.000194 0.001423 0.003027 0.001358 0.009565
0.196409 0.111865 -0.310582 -0.110082 -0.057729 -0.072057 -0.013596 0.089852 -0.036743 -0.309541 -0.450438 -0.245940 -0.034270 -0.021562 -0.006550 -0.025531 -0.005883 -0.000326 0.000208 0.082622 -0.096550 -0.175715 -0.125105 -0.001588 0.000121 -0.003158 -0.014403 -0.017738 0.002022 -0.009883 -0.042955 -0.023592 -0.010744 -0.000023 -0.046662 -0.015727 -0.007565 -0.003202 -0.003508 -0.006293 -0.035334 -0.007165 -0.000685 0.000313 0.011481 0.033790 0.095487 -0.144661 -0.055928 0.201010 0.290177 -0.000317 -0.000391 -0.000196 -0.000043 0.000213 0.001145 0.000039 0.006832
0.554968 0.625233 0.413161 -0.317599 -0.012370 -0.004463 0.116164 0.035696 -0.139273 -0.065512 -0.264843 -0.153339 -0.075492 -0.040107 -0.006779 -0.008122 -0.000811 -0.000066 0.000201 -0.083613 -0.123514 -0.403230 -0.023689 -0.007621 0.000003 -0.176188 -0.358340 -0.398582 -0.279488 -0.019654 -0.234874 -0.010620 -0.001581 -0.004998 -0.032451 -0.015811 -0.004154 -0.021215 -0.045435 -0.033801 -0.026208 -0.007943 -0.000432 0.000299 0.012234 -0.370506 -1.053281 -0.861429 -0.622634 -0.453726 -0.116987 -0.001559 -0.002070 -0.000454 -0.000547 -0.000786 -0.000438 0.000000 0.015373
0.273202 0.095764 -0.160284 -0.773037 -0.000106 0.000110 -0.193252 -0.183991 -0.188683 -0.174162 -0.127707 -0.034602 -0.010242 -0.021250 -0.010184 -0.017389 -0.022526 -0.029641 -0.439754 -0.621971 -0.732236 -1.040895 -0.550994 -0.502131 -0.442771 -0.768121 -0.241249 -0.001583 -0.005645 -0.010065 -0.004999 -0.000674 -0.007424 -0.047844 -0.052838 -0.057556 -0.150757 -0.089066 -0.038712 -0.042437 -0.034483 -0.013095 -0.000142 0.000132 -0.640897 -0.826760 -0.899752 -0.620693 -0.160744 0.263406 0.451026 0.427133 0.622196 0.618101 -0.002708 -0.005372 -0.008064 -0.000213 0.001479
-0.000849 -0.139254 -0.558098 -0.012748 -0.000106 0.000121 0.041232 -0.174505 -0.402255 -0.550967 -0.456161 -0.162712 -0.016342 -0.003627 -0.008027 -0.011329 -0.020541 -0.037595 -0.250288 -0.303739 -0.496999 -0.525399 -0.596696 -0.534622 -0.684700 -0.214873 -0.163958 -0.196279 -0.014721 -0.018135 -0.000536 0.050393 -0.460858 -0.380128 -0.173856 -0.042989 -0.006425 -0.015560 -0.022383 -0.031451 -0.008061 -0.000361 0.000109 0.006349 -1.810292 -0.378643 -0.008842 -0.006355 -0.002586 0.128346 0.388148 0.155280 0.142811 0.106798 -0.020499 -0.142637 -0.077679 -0.000276 0.000846
-0.000571 0.000192 -0.121584 -0.008781 -0.000208 0.000326 0.059836 -0.382015 -0.901681 -1.513675 -0.882133 -0.311810 -0.010123 -0.000951 -0.000348 -0.755760 -0.970699 -1.073481 -1.227952 -0.934372 -0.659665 -0.079535 -0.296391 -0.284516 -0.336336 -0.201181 -0.181116 -0.196691 -0.560993 -0.423151 -0.551606 -0.788889 -0.818819 -0.473280 -0.284062 -0.153590 -0.001610 -0.001171 0.012375 -0.009802 -0.061913 -0.059546 -0.212150 -1.276539 -1.386301 -0.394672 -0.019183 -0.006889 0.000000 0.005877 -0.485491 -0.623912 -1.405571 -0.626325 -0.233864 -0.138759 -0.059594 -0.000013 0.000474
-0.002015 -0.002006 -0.008366 -0.005988 -0.000003 -0.001834 0.007313 0.007721 0.001946 -2.888833 -1.389635 -0.811473 -0.974205 -0.964891 -0.188521 -2.042525 -1.182921 -1.307011 -1.672182 -1.264521 -1.293752 -0.880089 -0.811801 -0.706138 -0.888683 -0.679302 -0.618595 -0.452984 -0.840053 -0.909059 -1.577618 -1.052643 -1.153510 -0.526099 -0.345904 -0.321010 -0.250224 -0.421808 -0.199569 -0.133345 -0.111727 -0.214801 -0.217564 -0.819203 -0.085706 -0.061225 -0.038583 -0.006063 0.000000 0.005877 -0.397691 -0.469093 -0.323206 -0.185175 -0.039043 0.004095 0.004974 0.002951 0.006400
0.039490 -0.153115 -0.384128 -0.014896 -0.004159 -0.016472 -0.010012 -0.003679 -0.003533 -0.008834 -1.672471 -1.103422 -1.465135 -1.812251 -2.127187 -2.294710 -0.559450 -0.011101 0.029011 0.082913 -0.080678 -0.061033 -0.016441 -0.053419 -0.292686 -0.392914 -0.398795 -0.593229 -0.844820 -1.040968 -1.890709 -0.939937 -1.005567 -1.310793 -0.251233 -0.309604 -0.364574 -1.078319 -1.438960 -1.606468 -1.611966 -1.215082 -0.462078 -0.078515 0.172762 0.216440 0.113344 -0.018425 -0.000127 0.000291 -0.109929 -0.005668 -0.008819 -0.005152 0.000575 0.000000 0.020344 0.047634 0.019858
0.351762 0.269540 0.171918 0.102180 -0.173901 -0.031302 -0.002596 -0.006460 -0.010989 -0.000094 -0.367171 -0.544782 -0.647803 -0.295447 -0.416290 -0.446243 -0.010923 0.000000 0.139650 0.116249 -0.020635 -0.066295 -0.000119 0.000119 0.047370 -0.038701 -0.002336 -0.030816 -0.148875 -0.276929 -0.398904 -0.202970 -0.329569 -2.530330 -1.132778 -0.684415 -0.270761 -0.606941 -0.543405 -0.135911 -0.128412 -0.035224 -0.015284 0.000034 0.207406 0.659050 0.589464 0.243036 -0.019427 -0.064501 -0.039729 -9999.000000 -9999.000000 -9999.000000 -9999.000000 0.000000 0.010667 0.064520 0.249802
-0.230452 -0.232588 -0.280617 -0.364936 -0.447931 -0.026865 -0.001400 -0.001391 -0.003948 -0.001270 -0.000062 -0.000797 -0.000542 -0.001473 -0.002862 -0.012257 -0.005878 0.000000 -0.003039 -0.014323 -0.095480 -0.003946 -0.000222 0.000222 0.006934 0.237615 0.276899 0.128288 0.049987 0.071176 0.066063 -0.000591 -0.000413 -0.166002 -0.251419 -0.146061 -0.187911 -0.185349 -0.070410 -0.123943 -0.025209 -0.006500 -0.000378 0.000776 0.242082 0.285182 1.149897 0.413543 -9999.000000 -9999.000000 -9999.000000 -9999.000000 -9999.000000 -9999.000000 -9999.000000 -9999.000000 -9999.000000 0.004020 -0.002256
-0.504936 -0.343809 -0.261453 -0.145648 -0.345087 -0.026856 -0.005632 0.000000 -0.005795 -0.007474 -0.001301 -0.001233 -0.000387 -0.000772 -0.002086 -0.012601 -0.005878 0.000000 0.133624 0.200548 0.170682 -0.018005 -0.116907 -0.005527 0.000000 0.003920 0.173573 0.049627 -0.067404 -0.205899 -0.310940 -0.148262 -0.008963 -0.029709 -0.088332 -0.147592 -0.096106 -0.006447 -0.024968 -0.026181 -0.008649 -0.000815 -0.000070 0.000789 0.004949 0.006179 0.002072 -9999.000000 -9999.000000 -9999.000000 -9999.000000 -9999.000000 -9999.000000 -9999.000000 -9999.000000 -9999.000000 -9999.000000 -9999.000000 -0.011189
-0.436931 -0.414177 -0.005852 0.000000 -0.026594 -0.038002 -0.038925 -0.003994 -0.015147 -0.015757 -0.002644 -0.002731 0.000000 0.012234 0.223429 0.244933 -0.100283 0.000000 -0.008238 -0.008508 -0.149097 -0.037981 0.037740 0.021341 0.026053 0.022440 0.019598 -0.354394 -0.433615 -0.420750 -0.056494 -0.043776 -0.035086 -0.028682 -0.089154 -0.073051 -0.071923 -0.034948 -0.025035 -0.022892 -0.013268 -0.000911 0.000012 0.000274 0.001155 -9999.000000 -9999.000000 -9999.000000 -9999.000000 -9999.000000 -9999.000000 -9999.000000 -9999.000000 -9999.000000 -9999.000000 -9999.000000 -9999.000000 -9999.000000 -9999.000000
0.009895 0.178898 -0.000717 0.000062 -0.220826 -0.070809 -0.034963 -0.087563 -0.028274 -0.001529 -0.001302 0.000394 0.000285 0.001192 0.084847 -0.115405 -0.129543 -0.019946 -0.033327 -0.149106 -0.124963 -0.000360 0.000360 0.008046 0.000000 0.078336 -0.240713 -0.360269 -0.136840 -0.224003 -0.099916 -0.362931 -0.488033 -0.231629 -0.069885 -0.139793 -0.044042 -0.032842 -0.037974 -0.018339 -0.001886 -0.003637 -0.000330 0.000396 -9999.000000 -9999.000000 -9999.000000 -9999.000000 -9999.000000 -9999.000000 -9999.000000 -9999.000000 -9999.000000 -9999.000000 -9999.000000 -9999.000000 -9999.000000 -9999.000000 -9999.000000
0.006699 -0.004717 -0.013391 0.011925 -0.149212 -0.079201 -0.041646 -0.007981 -0.000759 -0.000399 0.000418 -0.006816 -0.022674 -0.049300 -0.056307 -0.062985 -0.127040 -0.024019 0.000000 0.000724 -0.004070 -0.000360 0.000360 0.002948 0.000000 0.063990 -0.145598 -0.179114 -0.187650 -0.180642 -0.255282 -0.148411 -1.067404 -0.251562 -0.069030 -0.100006 -0.179704 -0.087880 -0.055600 -0.049008 -0.040994 -0.017421 -0.000401 0.000555 -9999.000000 -9999.000000 -9999.000000 -9999.000000 -9999.000000 -9999.000000 -9999.000000 -9999.000000 -9999.000000 -9999.000000 -9999.000000 -9999.000000 -9999.000000 -9999.000000 -9999.000000
0.014378 -0.063733 -0.175176 -0.138133 -0.378715 -0.036070 -0.020054 -0.007428 -0.000019 0.000473 0.000517 -0.036849 -0.026308 -0.037643 -0.043742 -0.049197 -0.103070 -0.010557 0.000000 0.006016 0.064017 0.016897 -0.103906 -0.215648 -0.347619 -0.447586 -0.443347 -0.367193 -0.322973 -0.269358 -0.284440 -0.095115 -0.138071 -0.034812 -0.085170 -0.114994 -0.206207 -0.080607 -0.048902 -0.040603 -0.031250 -0.013725 -0.000013 -9999.000000 -9999.000000 -9999.000000 -9999.000000 -9999.000000 -9999.000000 -9999.000000 -9999.000000 -9999.000000 -9999.000000 -9999.000000 -9999.000000 -9999.000000 -9999.000000 -9999.000000 -9999.000000
-1.429058 -1.378883 -1.331415 -1.513890 -1.758656 -0.896087 -0.013489 -0.000380 0.000171 -0.116132 -0.238981 -0.146401 -0.012862 -0.010124 -0.000753 -0.067987 -0.167542 -0.022601 0.000000 0.006669 0.051475 0.047983 -0.342663 -0.383457 -0.302894 -0.292896 -0.278960 -0.655526 -0.651040 -0.655805 -0.742874 -1.076523 -0.343996 -0.015582 -0.000948 -0.003017 -0.015354 -0.023427 -0.025809 -0.020938 -0.010737 -0.000925 0.000105 -9999.000000 -9999.000000 -9999.000000 -9999.000000 -9999.000000 -9999.000000 -9999.000000 -9999.000000 -9999.000000 -9999.000000 -9999.000000 -9999.000000 -9999.000000 -9999.000000 -9999.000000 -9999.000000
-1.578264 -1.752771 -1.960224 -2.082059 -2.944256 -1.150928 -0.256835 -0.023883 -0.086166 -0.109783 -0.099708 -0.002656 -0.003541 -0.077351 -0.435864 -0.382857 -0.227173 -0.136571 -0.001214 -0.006418 -0.531280 -0.984175 -0.771156 -0.724610 -0.531657 -0.418708 -0.359132 -0.568251 -0.480893 -0.498811 -0.460716 -0.585519 -0.335112 -0.360074 -0.008851 -0.042787 -0.010693 -0.003195 -0.004047 -0.001723 -0.001644 -0.000149 0.000103 -9999.000000 -9999.000000 -9999.000000 -9999.000000 -9999.000000 -9999.000000 -9999.000000 -9999.000000 -9999.000000 -9999.000000 -9999.000000 -9999.000000 -9999.000000 -9999.000000 -9999.000000 -9999.000000
-1.122267 -1.161191 -1.222606 -1.329887 -2.203019 -1.830938 -2.436343 -0.545274 -0.095829 -0.106531 -0.095829 -0.002285 -0.265185 -0.580278 -0.651352 -0.497295 -0.342805 -0.224115 -0.305950 -0.544450 -0.843738 -0.855997 -0.607975 -0.566546 -0.368704 -0.220339 0.005764 0.127426 -0.101208 -0.321402 -0.027454 -0.000030 -0.395798 -0.463712 -1.271016 -0.699025 -0.024257 -0.001239 -0.001650 -0.004258 -0.000789 -0.000216 0.000002 -9999.000000 -9999.000000 -9999.000000 -9999.000000 -9999.000000 -9999.000000 -9999.000000 -9999.000000 -9999.000000 -9999.000000 -9999.000000 -9999.000000 -9999.000000 -9999.000000 -9999.000000 -9999.000000
-0.444144 -0.151867 0.162830 0.382625 0.206486 -0.293969 -1.976394 -2.000653 -0.729435 -0.223331 -0.415663 -0.403718 -0.514917 -0.884580 -0.903188 -0.731481 -0.797368 -0.698252 -0.697842 -1.382247 -0.339733 -0.004313 0.000854 0.095302 0.063940 0.009760 0.204145 0.593359 0.617807 0.381889 -0.000647 -0.000878 -0.000083 -0.213352 -0.233191 -0.244992 -0.428366 -0.161508 -0.070745 -0.025236 -0.000063 0.000626 0.000379 0.000000 -9999.000000 -9999.000000 -9999.000000 -9999.000000 -9999.000000 -9999.000000 -9999.000000 -9999.000000 -9999.000000 -9999.000000 -9999.000000 -9999.000000 -9999.000000 -9999.000000 -9999.000000
-0.244504 -0.088048 -0.007329 -0.022748 -0.004738 -0.000000 -0.637682 -1.905850 -2.538625 -1.575917 -0.379297 -0.391916 -0.538367 -0.965449 -0.718876 -0.824157 -0.888159 -0.774713 -0.690747 -0.560301 -0.507370 -0.003114 -0.004389 -0.000463 -0.000632 0.002180 0.381015 0.340107 0.250670 0.174062 -0.052236 -0.051603 -0.004975 -0.004748 -0.001182 -0.205286 -0.405072 -0.119862 -0.007777 -0.003959 -0.000002 0.001412 0.000759 0.000000 -9999.000000 -9999.000000 -9999.000000 -9999.000000 -9999.000000 -9999.000000 -9999.000000 -9999.000000 -9999.000000 -9999.000000 -9999.000000 -9999.000000 -9999.000000 -9999.000000 -9999.000000
-1.486604 -0.580663 -0.022360 -0.016081 -0.009734 -0.000016 0.007297 -0.603686 -0.887924 -1.130231 -1.133064 -0.237196 -0.389051 -0.482557 -0.471201 -0.343715 -0.639269 -0.679265 -0.591283 -0.346891 -0.411297 -0.063093 -0.019556 -0.000984 0.000106 0.007454 0.008361 0.257324 -0.082195 -0.477607 -0.044269 -0.053058 -0.014002 -0.020427 -0.024493 -0.039616 -0.080711 -0.131555 -0.130146 -0.079480 -0.062963 -0.002807 -0.000063 0.000805 0.000000 -9999.000000 -9999.000000 -9999.000000 -9999.000000 -9999.000000 -9999.000000 -9999.000000 -9999.000000 -9999.000000 -9999.000000 -9999.000000 -9999.000000 -9999.000000 -9999.000000
-2.017803 -2.920337 -1.692877 -0.009396 -0.000797 -0.000378 0.000830 0.009465 0.059897 -0.894542 -1.118477 -0.530789 -0.578832 -0.238254 -0.000783 -0.170582 -0.184728 -0.548178 -0.404841 -0.321310 -0.396639 -0.057982 -0.031548 -0.013814 0.000000 0.008136 0.056600 0.090523 -0.268195 -0.607315 -0.097394 -0.010292 -0.021997 -0.030092 -0.039984 -0.050627 -0.068658 -0.096928 -0.137888 -0.136336 -0.086894 -0.015142 0.009645 -0.021360 0.000000 -9999.000000 -9999.000000 -9999.000000 -9999.000000 -9999.000000 -9999.000000 -9999.000000 -9999.000000 -9999.000000 -9999.000000 -9999.000000 -9999.000000 -9999.000000 -9999.000000
-1.002225 -1.888913 -1.087170 -0.293674 -0.008755 -0.000593 0.000092 0.000369 0.000095 0.010570 -0.316502 -0.407414 -0.484104 -0.164243 -0.000024 -0.247503 -0.299073 -0.281327 -0.183661 -0.116470 -0.202676 -0.055781 -0.024025 -0.017982 0.000000 0.012243 0.044515 -0.088276 -0.297459 -0.194108 -0.005193 -0.012235 -0.016816 -0.016153 0.000000 -0.009641 -0.011705 -0.000244 -0.000027 0.000242 0.076930 -0.009368 -0.008272 -0.001551 0.000164 -9999.000000 -9999.000000 -9999.000000 -9999.000000 -9999.000000 -9999.000000 -9999.000000 -9999.000000 -9999.000000 -9999.000000 -9999.000000 -9999.000000 -9999.000000 -9999.000000
