use_cases/Flooding_chicago/flooding_data/output/hUx_2220.asc
ncols 337
nrows 393
xllcorner 428428.000000
yllcorner 4602440.000000
cellsize 26.757400
NODATA_value -9999.000000
[rows 130 to 155 of 393, columns 177 to 235 of 337]
0.010993 0.014472 0.396102 0.125439 -0.003396 -0.028122 -0.014431 -0.000449 0.000128 0.000258 0.010138 0.029221 0.017282 0.001868 0.001073 0.453850 0.395352 0.464522 0.542959 0.415281 0.100471 0.029647 -0.155643 -0.090248 -0.037012 -0.001385 0.000125 -0.633872 -0.555685 -0.736605 -0.079234 -0.000217 -0.000229 0.001218 0.001997 0.002703 0.001207 -0.159068 -0.031559 -0.083574 -0.067193 -0.081419 -0.165544 -0.147404 -0.029179 -0.090490 -0.020248 0.000000 0.008062 0.026226 0.031511 0.023441 0.049455 0.636502 -0.104041 -0.032058 -0.008687 -0.001200 -0.001298
0.025331 0.022984 0.031336 -0.029859 -0.026745 -0.008944 -0.000506 -0.000566 0.000045 0.000951 0.000537 0.008586 0.020365 0.018493 0.004209 -0.299711 -0.316339 -0.190002 -0.299956 -0.467474 -0.692382 -0.741964 -0.936944 -0.063543 -0.091382 -0.113265 0.000008 -0.353355 -0.472102 -0.028436 -0.007787 -0.000341 0.000166 0.001164 0.008918 0.016403 0.029335 -0.008980 -0.043594 -0.016939 -0.003340 -0.000008 0.000141 -0.000870 -0.000683 -0.003238 -0.007062 0.000000 0.015207 0.031937 0.054174 0.103727 0.025962 0.011352 0.002789 -0.004439 -0.001824 -0.001271 -0.001219
0.021110 0.025705 0.004166 -0.017675 -0.016961 -0.013639 -0.007145 0.000000 0.001246 0.000653 0.000387 0.000712 0.008113 0.009950 0.013736 2.156713 1.744828 1.429729 1.098766 0.691001 0.262038 -0.061590 -0.366840 -0.545463 -0.267215 -0.313168 -0.508735 -0.469556 -0.056570 -0.029394 -0.011918 -0.000270 0.000473 0.006738 0.021590 0.053882 -0.053142 -0.443519 -0.028333 -0.022930 -0.007424 -0.000307 0.000088 0.000323 0.001092 0.000971 -0.000661 0.000000 0.005878 0.025511 0.031067 0.146543 0.000000 0.006566 0.040832 0.011898 0.012063 0.002484 -0.000418
0.024834 0.003419 -0.010894 -0.001932 -0.011195 -0.013442 -0.007145 0.000000 0.006542 0.022332 -0.000306 0.000410 0.010497 0.025841 0.444366 0.306752 0.214123 0.211291 0.238298 -0.055777 -0.490568 -0.810937 -1.065173 -1.488485 -0.275758 -0.098471 -0.012175 -0.026452 -0.044933 -0.008161 -0.000965 -0.000000 0.000965 0.016159 0.025931 0.067267 -0.058213 -0.407615 -0.032934 -0.012404 -0.000758 -0.000320 0.000684 0.000648 0.004220 0.013959 0.001583 0.000000 0.005878 0.016460 0.046678 0.062283 0.013620 0.004979 0.001409 -0.003614 0.000324 0.067403 -0.222902
0.031234 0.003588 -0.009493 -0.000055 -0.040076 -0.010533 -0.000344 0.000100 0.000374 0.001587 0.000519 0.000196 0.000683 0.009033 1.456299 0.624854 0.250016 0.134473 0.112378 -0.195885 -0.569245 -0.874305 -1.344688 -1.816486 -0.206534 -0.038643 -0.011222 -0.040919 -0.017406 -0.011876 -0.000473 0.000270 0.019004 0.023798 -0.266130 -0.322641 -0.551173 -0.025965 -0.019512 -0.013507 -0.000703 -0.000053 0.000670 0.010610 0.019725 0.047673 -0.000141 0.000207 0.009778 0.030758 0.040007 0.050606 -0.052514 -0.071009 -0.000862 0.105210 -0.033775 0.050746 0.194386
-0.002230 -0.044397 -0.008343 -0.000967 -0.003178 -0.000368 0.000012 0.000149 0.000193 0.000489 0.001297 0.000556 0.000364 0.016649 -0.211523 -0.570439 -0.700020 -0.734841 -0.900875 -0.993454 -1.309140 -1.536564 -2.012691 -2.320695 -2.339016 -0.055665 -0.046299 -0.036708 -0.008838 -0.000859 0.000079 0.000600 0.002127 0.013075 -0.071003 -0.213975 -0.032003 -0.025326 -0.023707 -0.010923 -0.000232 0.000169 0.001376 0.000685 0.001524 0.002915 0.001467 0.000718 0.000496 0.012479 0.026533 0.062998 0.550303 0.416672 0.214111 0.055436 0.004213 -0.036040 -0.187640
0.359686 0.131192 0.080067 -0.021543 -0.013768 -0.000010 0.005895 -0.000949 -0.006631 0.000019 0.030278 0.082116 -0.007300 -0.050582 -0.284643 -0.451274 -0.469929 -0.365738 -0.223299 -0.036680 -0.055875 -0.203570 -0.285053 -0.525861 -0.472159 -0.379081 -0.035178 -0.002588 -0.000465 0.000266 0.000485 0.000204 0.000368 -0.306441 -0.417052 -0.046856 -0.031083 -0.017993 -0.002222 -0.001673 -0.000077 0.000072 0.008463 0.025269 0.018515 0.001905 0.000995 0.000480 0.000380 0.033195 0.061081 0.330472 0.032026 -0.129375 -0.121843 -0.116217 -0.104507 -0.066133 -0.134414
1.005480 1.278177 0.843012 0.927210 0.301542 0.167463 0.887126 2.145798 0.725595 0.003131 0.007239 0.476697 0.929589 0.710963 0.601921 0.485173 0.349332 0.255154 0.259587 0.364940 0.346197 0.277742 0.133025 -0.064873 -0.187102 -0.458742 -0.014900 -0.000310 0.000085 0.000401 0.000159 0.000203 -0.099111 -0.165720 -0.008546 -0.005680 -0.001909 -0.005544 -0.007378 -0.002902 -0.000096 0.000094 0.013121 0.020075 0.002497 0.000989 0.001219 0.000818 0.012403 0.032860 0.028444 0.403077 0.140318 0.113053 0.234815 0.256895 0.418453 0.442590 0.525504
1.455235 2.077797 2.034573 2.077044 2.022746 2.265305 2.783908 3.868070 4.135277 3.303742 2.526545 3.044203 3.218919 3.218504 2.512928 2.131803 2.133446 1.913587 1.640487 1.769337 1.366082 1.151985 0.903846 0.701839 0.321031 -0.265526 -0.001055 0.000215 0.009981 0.048381 0.000452 -0.538235 -1.388677 -0.210102 -0.024861 -0.030399 -0.033317 -0.023645 -0.004782 -0.004732 -0.000103 0.000103 0.008253 0.021101 0.002147 0.001695 0.019562 0.023878 0.002193 0.023632 0.050534 0.451750 0.401925 0.473462 0.624337 1.190114 1.458111 1.604264 1.938717
1.276084 1.242455 2.203635 2.385043 2.118264 3.141741 3.238746 2.754095 3.046338 5.124760 4.808351 4.756154 5.031615 4.829669 4.380196 3.863991 3.418885 2.987887 2.542344 2.472667 2.270061 2.126746 1.723145 1.311817 0.726877 0.192061 0.000174 0.000231 0.004183 0.021573 0.287184 0.303914 0.671967 0.444034 0.194291 -0.038468 -0.013399 -0.011120 -0.002959 -0.003439 -0.000003 0.008373 0.028519 0.052717 0.053876 0.000113 0.018176 0.017172 0.001464 0.001804 0.121555 0.194619 0.437772 0.598383 0.868551 1.601679 2.113808 2.376897 2.824558
0.591394 1.725552 1.611417 1.861551 1.676731 2.370860 1.519803 0.301482 0.228281 1.565855 1.120808 0.795026 0.482175 0.588930 0.944157 1.070640 1.323168 1.354751 1.380920 1.527710 1.944813 1.900318 1.721727 1.645835 1.680507 1.536437 0.669181 0.408976 0.313921 0.085539 0.061276 0.260919 0.379535 0.465549 0.382021 0.006373 -0.020926 -0.023078 -0.010915 -0.000141 0.006730 0.010327 0.002437 0.138890 0.115609 -0.001401 0.000618 0.099851 0.115527 0.360099 0.848995 1.093597 1.576319 1.795086 2.564447 2.916252 3.927102 4.032802 3.950130
2.083930 1.920543 1.952261 1.344810 1.442650 1.471471 0.249412 -0.002565 0.024431 0.163258 1.908749 0.431702 -0.844564 -1.460539 -1.069910 -0.663128 -0.246959 0.175083 0.586555 0.860168 1.551162 1.764997 1.911085 2.157621 2.219867 2.320945 1.888514 1.407033 1.486706 1.012004 1.066970 1.141272 1.828930 0.903068 0.979179 2.264884 3.173903 2.272954 0.672909 -0.000006 -0.153755 -0.807553 -0.466607 -0.837740 -0.710644 -0.244329 0.263422 1.297723 1.708741 1.934464 2.476875 2.515258 2.921364 2.971128 3.554942 3.868411 3.914126 3.785524 4.356345
1.167521 0.411462 -0.046061 -0.425254 -0.007852 -0.000104 0.000103 0.010821 0.145469 -0.034362 -0.006685 -0.000000 0.007432 0.028541 0.331718 0.270910 0.503617 0.615176 0.742876 1.156988 1.252475 1.807737 2.187665 2.419455 2.517470 2.452278 2.738219 1.816861 1.730379 1.175279 0.655498 0.124308 0.060548 0.000143 0.607621 1.372322 1.755698 2.104371 2.285291 1.708816 1.964616 1.823940 1.506125 1.407560 1.575110 1.576687 1.462883 2.372862 2.890231 3.050911 2.951791 2.840945 2.588815 2.604495 2.370313 2.129290 1.948582 1.639133 1.632574
0.879019 0.429485 -0.151178 -0.024436 -0.013688 -0.000429 0.000375 0.011506 0.338734 0.033187 -0.003994 -0.000007 0.007842 0.019517 0.026319 0.008832 0.258843 0.539587 0.910233 1.468109 1.331287 1.841139 2.504366 2.577313 2.546621 2.375144 2.571431 2.139167 1.663801 1.113118 0.480741 -0.216416 -0.006690 0.000000 0.020047 -0.065376 -0.263140 0.148155 0.747683 1.065967 1.458631 1.592331 1.696800 1.405471 1.360116 1.721114 1.838824 2.773144 2.982525 2.850200 2.547938 2.295146 1.949794 1.804432 1.580568 1.243381 1.085198 0.845368 0.654825
0.933010 -0.000307 -0.108861 -0.031489 -0.009520 -0.001186 0.000715 0.017715 0.266872 -0.304042 -0.012954 -0.000352 0.000352 0.007107 0.027025 0.009989 0.157783 0.370732 1.003951 1.327434 1.453394 1.961926 2.372094 2.664792 2.221061 2.327227 2.964697 2.497113 1.998756 1.285409 1.053928 -0.190470 -0.006716 0.000000 0.134483 -0.110289 -0.134771 0.253502 0.766418 1.281406 1.438356 1.771146 1.697836 1.454631 1.868511 2.154217 2.376739 2.607745 2.460262 2.542209 2.076561 1.599958 1.164038 0.814114 0.420257 0.079617 -0.383517 -0.969891 -1.805388
0.319033 -0.005072 -0.018481 -0.023670 -0.024335 -0.011833 0.000000 0.014359 0.085031 -0.064912 -0.019314 -0.007805 0.000007 0.009382 0.015964 0.033645 0.008101 0.199281 0.682518 0.924600 1.348687 1.656932 2.387968 2.450113 2.297622 2.989423 2.887056 3.029090 2.440365 2.244509 1.627116 0.984031 0.045669 0.391170 0.376877 0.453774 0.704707 0.953032 1.867849 2.674937 2.700334 2.681261 2.432102 2.789235 2.550475 2.939634 3.186132 3.057481 2.316259 1.991143 2.126533 2.235020 2.077734 1.749652 1.597493 1.281209 0.712864 0.211279 -0.432370
-0.001740 -0.005881 -0.002212 -0.012696 -0.015995 -0.008201 0.000000 0.029534 0.006054 -0.366777 -0.572232 -0.004729 -0.000144 0.000656 0.006185 0.009044 0.015975 0.380073 0.536960 0.642881 0.843433 1.341510 1.410071 1.804875 2.265494 3.871062 4.124969 4.043702 4.298584 3.548005 3.854058 2.761374 2.396332 2.047033 3.497735 3.058386 3.289316 3.005590 3.383007 3.567333 2.997787 3.028299 2.940774 3.389772 3.190524 3.215472 3.242909 2.587479 1.983736 2.373226 2.205341 2.409442 2.174864 1.802127 1.425186 1.130233 0.644531 0.123841 -0.389861
-0.000222 0.000222 -0.007925 -0.034656 -0.009575 -0.000399 0.000109 -0.053236 -0.095564 -0.185731 -0.447875 -0.040776 -0.012426 0.000026 0.011306 0.025985 0.435137 0.527615 0.395064 0.275417 0.186361 0.803217 1.104576 2.341767 2.476417 2.821388 4.541759 4.938171 4.944439 5.440262 4.609975 4.712488 4.633182 4.515642 4.260010 5.190557 5.071233 4.730774 3.996164 3.862195 3.727443 3.627910 4.315544 4.103238 3.902418 3.961352 3.399821 2.676481 2.063811 2.479886 2.249513 2.373266 1.913318 1.602669 1.192980 0.896167 0.446658 0.007682 -0.520087
0.006885 0.001950 0.001145 -0.159769 -0.151205 -0.000723 0.000282 0.384523 0.378064 0.285830 0.040856 -0.017219 -0.000835 0.011290 0.020814 0.366987 0.323777 0.286639 0.076322 0.210444 0.525748 1.469222 2.148479 3.691273 3.817116 4.445864 3.592683 4.584926 4.332416 4.420269 4.513703 4.660622 4.847057 5.842434 5.313338 5.069000 4.558283 4.413747 3.521152 3.975865 3.367437 3.144673 3.605233 3.770544 3.428742 3.048773 2.711021 2.724184 1.921170 2.000283 1.465262 1.352119 1.027560 0.766556 0.567133 0.333529 0.040639 -0.227366 -0.703497
0.993791 0.755201 0.483187 0.285876 0.241021 -0.001200 0.002141 -0.066665 -0.209559 -0.117941 -0.081256 -0.074072 -0.000033 0.006416 0.295772 0.657309 0.656513 0.635605 0.804089 1.050903 1.276018 2.421409 3.159210 4.470755 4.341828 3.797437 1.843604 1.771030 3.359553 4.028650 4.753717 4.575934 4.796659 5.531505 5.290772 4.539863 3.391395 3.067573 2.898566 1.818508 1.558229 2.664678 2.379451 2.614996 2.338107 2.099344 1.890244 1.859600 1.374317 0.932558 0.737885 0.642235 0.216144 0.043768 -0.053464 -0.203272 -0.447973 -0.704565 -1.114948
0.620876 0.533393 0.409408 0.288165 0.228425 -0.003378 -0.001287 -0.000245 -0.000963 0.000000 0.000839 0.001508 0.062642 0.763012 1.787574 1.494234 1.457819 1.386956 2.969671 3.554119 3.156373 3.505922 4.501059 4.135818 3.916754 3.434077 1.662335 1.602233 3.050801 3.806491 3.383990 3.573540 3.918280 4.510947 4.148955 3.386779 2.467185 1.786803 0.939161 0.744828 1.054974 1.158920 1.596616 1.493624 1.410479 1.165678 1.109376 1.035944 0.889891 0.650206 0.313030 0.230653 0.413433 0.255037 0.263329 0.128701 -0.023312 -0.218507 -0.029527
0.592134 0.474568 0.353214 0.248043 0.196153 -0.004474 -0.004705 -0.000492 -0.000641 0.000000 0.004204 0.011293 0.188886 1.050637 2.821357 2.399543 3.745071 4.673559 5.411967 6.597122 4.467807 3.888278 2.890450 1.882973 1.244068 1.484473 1.321548 0.864431 2.471489 2.008538 1.805335 2.074436 2.067420 3.029461 3.096148 2.538264 1.936621 1.426993 0.750909 0.786321 0.589133 0.975611 1.305034 1.162276 0.914370 0.912426 0.979210 0.860687 0.815818 0.800747 0.617402 0.318335 0.669653 0.486693 0.473157 0.381415 0.052879 0.018844 -0.039758
2.327332 2.127398 2.121486 1.666987 1.029212 0.857084 0.781195 0.270345 0.141831 0.000000 0.354187 1.994829 3.947288 2.141735 3.840892 5.469835 4.512508 5.171519 5.823842 2.645524 0.199344 0.462404 0.867112 -0.372840 -1.480943 -1.214062 -0.121965 0.483864 0.625370 0.125079 0.185234 0.687104 0.369345 -0.375019 -0.583130 0.033394 0.431392 0.699963 0.577913 0.742108 1.120722 1.453990 2.237915 2.126477 1.886651 2.032759 1.671228 1.332498 1.238532 1.082673 1.065898 0.758828 0.790920 0.567474 0.633603 0.569232 0.367810 0.224475 -0.013897
2.144464 3.080641 3.155528 3.160002 3.619498 3.054626 3.209665 4.141936 4.489717 4.246567 4.810630 5.197534 7.720120 5.399579 7.593136 3.255246 2.229872 2.694257 -0.119917 -0.040622 0.075288 0.703299 0.962169 0.414041 0.116186 0.023693 0.056130 -0.041763 -1.194600 -1.237988 -0.612850 0.026913 0.000002 0.005059 0.058889 -0.051592 0.222167 0.423573 0.610690 1.371840 1.416237 1.588239 1.658194 1.579718 1.491603 1.391884 1.088858 0.446482 0.251988 0.036536 -0.047577 0.034386 0.068153 0.089067 0.157440 0.083347 -0.057492 -0.652923 -0.013708
1.066715 1.589661 1.947643 2.524532 2.985458 3.692451 4.203745 5.253827 5.679521 5.593993 5.938858 6.099460 4.306737 3.891855 1.808817 -0.001246 -0.007759 -0.015825 -0.008397 0.007740 0.329350 0.927070 0.724677 -0.015382 -0.000021 0.007178 0.008655 0.000328 -0.000070 -0.000889 -0.007850 -0.003351 0.000130 0.006912 0.036985 0.167039 0.501460 0.241257 0.585482 1.040497 0.935568 1.112320 1.222415 0.916753 0.895584 0.427326 0.002841 0.000451 0.000079 0.001220 0.003111 -0.221111 -0.395069 -0.570630 -0.770784 -0.913252 -1.204157 -0.006507 -0.000994
1.649768 1.399642 1.577257 1.887271 2.076563 2.325861 2.161228 2.238057 2.085732 2.299113 1.844670 0.108884 -0.001379 -0.003660 -0.025608 -0.023718 -0.016560 -0.005143 0.000168 0.068973 0.707063 1.434297 1.057599 -0.000826 -0.000600 -0.000898 -0.000444 -0.000001 0.000111 -0.009365 -0.003217 0.000002 0.006130 0.019391 0.104864 0.229515 0.277645 0.812591 0.527025 0.627199 0.307574 0.046371 -0.370053 -0.098376 -0.030494 -0.007410 -0.000368 0.000049 0.000526 0.016881 0.037096 0.017532 0.000610 -0.114655 -0.516892 -0.622246 -0.043901 -0.013878 -0.000023
