use_cases/Flooding_chicago/flooding_data/output/hUx_300.asc
ncols 337
nrows 393
xllcorner 428428.000000
yllcorner 4602440.000000
cellsize 26.757400
NODATA_value -9999.000000
[rows 78 to 103 of 393, columns 236 to 294 of 337]
0.000082 0.000213 0.000162 0.000485 -0.000028 0.007821 0.042160 0.004507 -0.000004 0.002253 0.000820 0.010371 0.029606 0.053275 0.226158 0.178769 -0.016811 -0.000000 0.023364 0.053476 0.019372 0.176392 0.171711 0.162307 0.135645 0.087942 0.201122 0.124241 0.296505 0.135209 0.000059 -0.300845 -0.074187 -0.099696 -0.025810 -0.062102 -0.010677 -0.000000 0.008573 0.036136 0.060222 0.005721 -0.002571 -0.008147 -0.030783 -0.026183 -0.033530 -0.008233 -0.000000 0.016330 0.042142 0.067232 0.077909 0.013285 0.003290 0.013985 0.319335 0.553188 0.230500
-0.000336 -0.012429 -0.021322 -0.010137 -0.000731 0.000257 0.000060 -0.000241 -0.000083 0.000348 0.000603 0.000318 0.015257 0.061645 -0.165789 -0.521025 -0.037857 -0.000000 0.007808 0.022679 0.067851 0.166804 -0.000004 0.010743 0.011948 0.004994 -0.000014 -0.025813 -0.077850 -0.005326 0.000191 0.005685 0.033108 -0.082696 -0.013865 -0.014299 -0.000836 0.000089 0.011173 0.020908 0.000843 -0.001769 -0.000875 -0.003610 -0.028095 -0.031722 -0.014006 -0.018768 -0.001317 0.001421 0.001284 0.020655 0.099731 0.220280 0.133868 0.265356 0.264637 0.082997 -0.000425
-0.031530 -0.111259 -0.099779 -0.037699 -0.002003 -0.002967 -0.000068 0.000091 -0.000176 -0.000422 -0.000133 0.000149 0.011563 0.025975 0.030335 0.001350 -0.018232 -0.000001 0.005088 0.014270 0.021058 0.000559 -0.000086 0.000188 0.000374 -0.000050 -0.000352 0.000104 0.000104 0.000000 0.006057 0.026532 0.026785 0.003231 -0.006383 -0.004868 -0.000143 0.000073 0.005498 0.009457 -0.005440 -0.001632 -0.001196 -0.001680 -0.002358 -0.008583 -0.014400 -0.013275 -0.000492 0.000410 0.011967 0.022869 0.041663 0.011414 0.058734 0.031353 0.004909 -0.000215 -0.000593
-0.195599 -0.241388 -0.131298 -0.077709 -0.022708 -0.011853 -0.001608 -0.000580 -0.000613 -0.000771 -0.000270 0.000473 0.014819 0.030325 0.022880 0.001965 -0.000045 -0.000106 0.000158 0.005756 0.014823 0.000757 -0.000642 -0.000124 0.000094 0.000401 -0.000068 -0.000128 -0.000105 0.000008 0.011336 0.021029 0.027882 0.051958 0.020676 0.008923 0.011811 0.023295 -0.036033 -0.053910 -0.015062 -0.006775 -0.001168 -0.002806 -0.003291 -0.009721 -0.005679 0.006267 0.011834 0.003733 0.008305 0.024423 0.006993 0.002495 -0.000762 -0.001834 -0.000475 0.000155 0.000278
-0.004265 -0.030331 -0.040857 -0.040342 -0.051287 -0.031944 -0.006534 -0.000423 -0.000473 -0.000786 0.000014 0.000967 0.012591 0.027386 0.022764 0.002630 0.000179 -0.000165 0.000355 0.004028 0.006124 0.000851 -0.000614 -0.000375 -0.000219 0.000219 0.000375 -0.000086 -0.000180 0.000346 0.006539 0.024332 0.030702 0.006125 0.022315 0.055524 0.029904 0.003374 -0.004249 -0.030191 -0.024603 -0.016899 -0.017153 -0.008050 -0.000405 0.000097 0.008909 0.015270 0.012826 0.041552 0.049251 0.033675 -0.056503 -0.019326 -0.003147 -0.007701 -0.002820 -0.000024 0.000305
-0.000867 -0.001379 -0.004091 -0.020179 -0.030256 -0.022641 -0.010842 -0.000541 -0.000823 -0.000814 0.000001 0.015623 0.010871 0.012226 0.004721 0.001431 0.000535 0.000509 0.009914 0.018984 0.023928 0.000271 -0.006471 -0.001431 -0.000391 -0.001215 -0.003726 -0.000346 0.000180 0.004043 0.002734 0.028693 0.063860 0.102239 0.117038 0.083133 0.218215 0.121840 0.036348 -0.064605 -0.380942 -0.051164 -0.056968 -0.036125 -0.009242 -0.000820 0.000358 0.000767 0.021297 0.061126 0.096126 0.229444 0.046279 -0.008056 -0.031742 -0.055249 -0.020516 -0.000872 -0.000001
0.001446 0.001481 -0.000194 -0.002131 -0.002934 -0.002741 -0.018039 -0.009647 -0.000404 -0.000442 -0.000278 0.000424 0.017138 0.040284 0.054027 0.011993 0.003074 0.001384 0.000595 0.009895 0.016481 -0.017886 -0.016780 -0.000083 0.005883 0.002348 -0.001356 -0.000066 0.000276 0.001317 0.008093 0.004666 0.011766 0.012001 0.031625 0.866568 0.047400 0.189404 0.707618 0.263141 -0.206064 -0.223921 -0.052457 -0.005071 -0.002964 -0.000664 0.000068 0.000708 0.011742 0.026434 0.070648 0.170184 -0.004138 -0.205379 -0.089035 -0.010738 -0.001618 -0.004068 0.000010
0.009062 0.020103 0.054405 0.006673 -0.038096 -0.021012 -0.024193 -0.008538 -0.001178 -0.013039 -0.006649 0.000008 0.009611 0.026399 0.050899 0.054528 0.070932 0.047393 0.006173 0.011690 0.028199 -0.069767 -0.027247 0.000000 0.042606 0.032436 -0.000074 0.000236 0.000081 0.000110 0.001771 0.001976 0.009276 0.019911 0.091817 1.127688 0.052863 0.156047 0.739559 -0.027421 -0.841247 -0.064354 -0.012585 -0.004132 -0.001525 0.000674 0.000382 0.000533 0.001187 0.014938 0.010824 -0.022332 -0.058284 -0.291421 -0.147603 -0.023142 -0.006698 -0.000360 0.000360
0.014960 0.093381 0.047969 0.114155 0.246255 -0.279207 -0.023079 -0.001119 -0.002131 -0.019314 -0.006567 -0.000221 0.000485 0.001759 0.012603 0.019236 0.009231 0.048826 0.064745 0.019267 -0.431101 -0.116887 -0.022584 0.000003 0.007763 0.106077 0.164032 0.081484 0.046249 0.057413 0.027364 0.006073 0.022169 0.142178 0.180218 0.092742 0.027032 0.013437 0.003136 -0.068180 -0.082614 -0.084271 -0.012961 -0.001084 0.000122 0.000723 0.000374 0.000298 0.000295 0.030311 0.751461 -0.008621 -0.017436 -0.090532 -0.107838 -0.025684 -0.006698 -0.000360 0.000360
0.000990 0.005193 -0.000016 0.110637 0.409623 -0.001933 -0.052730 -0.002864 -0.003379 -0.022594 -0.003732 -0.000146 -0.000019 0.000332 0.013407 0.045857 0.010940 0.008653 0.044589 0.025809 -0.418269 -0.035888 -0.000326 0.000208 0.011319 0.057291 0.140674 0.094061 0.080734 0.163689 0.152086 0.750201 0.155401 0.103959 0.118448 0.043476 0.010352 0.018746 0.004608 -0.004605 -0.022366 -0.021151 -0.001439 -0.000215 0.000332 0.000970 0.000671 0.000417 0.000227 0.001348 -0.006579 -0.030602 -0.016463 -0.001698 -0.162803 -0.018250 -0.001686 0.000124 0.000295
0.054680 -0.000797 -0.000386 0.000827 0.021379 -0.199176 -0.044495 -0.002293 -0.000104 -0.004733 -0.000612 -0.000298 -0.000256 -0.000617 -0.000194 0.006042 0.023906 0.026661 0.109952 0.104760 -0.218398 -0.016902 -0.000304 0.000032 0.001238 0.005594 0.002184 0.000830 0.000494 0.124156 0.537376 0.365374 0.208956 -0.011237 -0.000482 0.000261 0.019411 0.133744 -0.000180 0.000571 0.000665 0.031557 -0.005101 0.002815 0.005409 0.013814 0.012467 0.003817 -0.000855 -0.010120 -0.051670 -0.025467 -0.008420 -0.022059 -0.055410 -0.019272 -0.000083 0.009802 0.008204
0.239598 -0.012843 -0.000543 0.000540 0.022450 0.233449 0.163086 -0.004108 -0.006019 -0.000036 0.002738 -0.001204 -0.008510 -0.057978 -0.021996 0.000522 0.046355 0.036689 0.103661 0.485936 -0.254743 -0.324802 -0.037946 -0.000533 0.000336 0.074876 0.047815 0.024274 0.024700 0.086644 0.092089 0.102688 0.001033 -0.026866 -0.000876 0.000157 0.010178 0.009657 0.005241 0.002031 0.176726 0.168467 -0.000106 0.000121 0.029547 0.083298 0.030447 0.028718 -0.398239 -0.298449 -0.046143 -0.034430 -0.012755 -0.000121 -0.009473 -0.012379 -0.015073 0.000008 0.029047
0.341072 0.171171 0.070738 0.000018 0.008155 0.025700 0.240643 0.150419 0.069839 0.061426 0.034792 -0.073391 -0.286409 -0.123184 -0.028238 0.000011 0.000697 0.034427 0.145631 0.766498 0.915731 0.223737 -0.048319 -0.055171 -0.000104 0.102948 0.192374 0.095172 0.031759 0.009140 0.001496 0.012790 0.036740 -0.005959 -0.089985 -0.000096 0.014844 0.015805 0.116010 0.157961 0.189829 -0.004308 -0.000208 0.000326 0.004012 0.046244 0.099032 0.355817 -0.316508 -0.425939 -0.141629 -0.039307 -0.010416 -0.002596 -0.003090 -0.008049 -0.000305 0.000398 0.020098
0.342159 0.666346 0.237938 -0.000151 0.000368 0.003872 0.002784 0.066448 0.000142 -0.069179 -0.083995 -0.187651 -0.032080 -0.003162 -0.005225 0.000000 0.000334 0.004161 0.011676 0.007706 0.010530 -0.023670 -0.020257 -0.000831 -0.000862 0.000081 0.018775 0.047628 0.005537 -0.000298 0.000134 0.000560 0.012249 0.031902 0.187606 -0.001114 0.002780 0.024664 0.013812 -0.118198 -0.401192 -0.027038 -0.000003 0.007296 0.016716 0.035470 0.301387 -0.401005 -0.484051 -0.088224 -0.081236 -0.069632 -0.043304 -0.007572 -0.000670 0.000015 0.000682 0.005334 0.004097
0.018217 0.411009 0.813976 -0.000241 0.000134 0.000800 -0.001889 -0.000084 0.000655 0.001651 -0.000191 -0.001571 -0.000948 -0.001770 -0.001678 0.000295 -0.047265 -0.005152 -0.000260 -0.021972 -0.014896 -0.036718 -0.024255 -0.001318 -0.003222 -0.007156 -0.001206 0.000192 0.000333 0.000424 0.000420 0.006623 0.017156 0.031961 0.017262 0.000623 0.007857 0.007988 0.006765 0.005158 -0.000598 -0.005084 0.000525 0.002957 0.052397 0.396024 -0.032047 -0.197729 -0.408920 -0.084157 -0.039260 -0.005286 -0.011043 -0.011015 -0.000604 0.000351 0.005888 0.004192 0.003624
0.004923 0.027532 0.316114 0.785501 -0.001824 -0.024249 -0.006059 0.000000 0.009192 0.015558 0.001520 -0.003969 -0.004930 -0.006270 -0.017149 -0.008613 -0.015696 -0.019754 -0.018329 -0.023421 -0.072244 -0.031095 -0.020048 -0.009566 -0.002890 -0.023056 -0.022396 -0.000008 0.000203 0.000434 0.000526 0.005072 0.011304 0.009254 0.001197 0.010867 0.035800 0.007080 0.004792 0.007124 0.002528 -0.000238 0.005982 0.007931 0.087846 0.454779 0.219119 0.059097 -0.307651 -0.209838 -0.082182 -0.004643 -0.012635 -0.039771 -0.008205 0.000013 0.013631 0.029982 0.016506
-0.000322 0.001419 0.032341 0.465659 0.085277 -0.024082 -0.006852 0.000000 0.008791 0.087471 0.025916 -0.001006 0.000026 -0.043040 -0.029881 -0.011917 -0.020186 -0.021880 -0.026778 -0.043951 -0.099913 -0.038990 -0.016705 -0.005482 0.000001 -0.000748 -0.002145 -0.000279 0.000459 0.001743 0.000757 0.000000 0.006710 0.015736 0.021917 0.014220 0.011902 0.001475 0.013057 0.049115 0.017014 0.009232 0.010438 0.009775 0.038067 0.029548 0.000901 -0.004252 -0.012072 -0.054517 -0.083609 -0.119313 -0.164713 -0.032940 -0.000188 0.000096 0.008628 0.019672 0.000135
0.001544 0.010013 0.007450 0.047353 0.196061 0.029334 -0.084740 -0.023122 0.000339 0.018265 0.024399 0.169836 0.007508 -1.081985 -0.078769 -0.010075 -0.017461 -0.001541 0.000100 -0.029720 -0.126578 -0.015122 -0.006887 -0.000579 0.000070 0.000061 -0.000774 -0.000234 0.000801 0.007847 0.024793 -0.000131 0.000367 0.000614 0.007067 0.010339 0.018548 0.015020 0.020241 0.014437 0.027761 0.005065 0.006467 0.006586 0.002800 -0.017200 -0.021386 -0.009211 0.000005 -0.000151 0.000251 -0.002249 -0.000187 0.001823 0.002325 0.012228 0.343367 0.425154 -0.089552
0.003074 0.003909 0.031654 0.092217 0.035231 0.097564 0.072073 -0.001544 0.000402 0.026501 0.027263 -0.055901 -0.086390 -0.244120 -0.137472 -0.063788 -0.006090 -0.011122 -0.003865 -0.004561 -0.027529 -0.020378 -0.012975 -0.006350 0.000000 0.000282 0.000452 0.000000 0.010000 0.017660 0.020517 -0.010600 -0.006796 -0.000289 -0.001342 0.000000 0.009756 0.023418 0.032629 0.036400 0.115864 -0.010581 -0.021664 -0.047056 -0.011947 -0.006203 -0.000407 -0.000082 0.000333 0.003528 0.017385 -0.018996 -0.008135 0.000006 0.036421 0.359532 -0.326412 -0.511263 -0.035441
0.000992 0.006858 0.005642 0.030056 0.022897 0.006122 0.002696 0.003887 0.082221 0.444615 0.031402 0.010084 -0.603949 -0.094064 -0.034644 -0.031177 -0.019572 -0.005243 -0.012300 -0.005888 -0.022397 -0.015001 -0.031365 -0.023163 -0.007893 0.000000 0.007826 0.014069 0.018032 0.032742 0.078445 -0.021229 -0.036494 -0.032265 -0.022982 0.000000 0.005092 0.009311 0.019392 0.072390 -0.661466 -0.192082 -0.080052 -0.021322 -0.007710 -0.004212 0.000000 -0.001232 -0.000261 0.006290 0.010226 0.000209 0.000325 0.000338 0.020488 0.350228 0.032319 -0.026282 -0.000402
0.000152 0.008270 0.009172 0.004261 -0.000507 -0.000530 -0.000144 0.000481 0.009634 0.039190 -0.006735 -0.010185 -0.027074 -0.099288 -0.017035 -0.015285 -1.065327 -0.061267 -0.005210 -0.010101 -0.015975 -0.043628 -0.019073 -0.006459 -0.000190 0.000134 0.013377 0.024322 0.023789 0.047256 0.109522 0.103835 -0.033006 -0.025225 -0.017236 0.000000 0.012327 0.022323 0.048712 0.956419 0.664779 -0.064737 -0.069537 -0.070782 -0.064806 -0.049415 -0.031268 -0.014658 -0.008004 -0.000496 0.000072 0.006958 0.011797 0.002504 0.013617 0.020956 0.032474 -0.001680 0.003648
0.011076 0.006855 0.003946 0.002025 0.000871 0.000465 0.000090 0.003066 0.002155 0.008113 0.021574 0.102542 -0.017144 -0.129286 -0.032435 -0.012397 -0.040216 -0.031715 -0.017068 0.000000 -0.007615 -0.028669 -0.023938 -0.009013 -0.000062 0.000087 0.007227 0.020563 0.015212 0.006156 0.034388 0.110347 0.041480 -0.038827 -0.009814 0.000000 0.007777 0.036980 0.062526 -0.227274 -0.305919 -0.019200 -0.013283 -0.048743 -0.051406 -0.041758 -0.028925 -0.016020 -0.013535 -0.006315 0.000000 0.003662 0.009791 0.002066 0.014892 0.014042 0.011600 0.097943 0.048281
-0.000190 -0.000004 0.000174 0.000418 0.008776 0.012107 0.002441 0.003000 0.001844 0.000177 0.006435 0.041171 -0.037927 -0.131602 -0.048392 -0.017476 -0.050118 -0.018618 -0.000628 0.002550 0.020488 0.005090 -0.001465 -0.001663 -0.000002 0.008876 0.026704 0.022643 0.003117 0.002336 0.004039 0.021638 -0.018103 -0.022688 -0.000405 0.005645 0.017417 0.020227 0.022132 0.056324 -0.066467 -0.027405 -0.011562 -0.037144 -0.025500 -0.014983 -0.005007 -0.019682 -0.010659 -0.000395 0.000023 0.000284 0.001411 0.000835 0.015071 0.061335 0.139668 0.074260 0.067104
-0.016336 -0.003662 0.000000 0.005350 0.017288 0.020455 0.025368 0.119324 0.046237 -0.000124 0.000121 0.006674 0.020371 -0.058762 -0.069186 -0.012707 -0.035041 -0.006819 0.000000 0.017649 0.126092 0.015447 -0.305950 -0.076835 -0.000000 0.027568 0.222509 -0.149733 -0.104476 -0.103904 -0.118568 -0.115819 -0.129328 -0.018311 -0.000007 0.008351 0.023205 0.024460 0.005894 -0.030441 -0.101914 -0.023441 -0.004159 -0.009213 -0.028013 -0.016249 -0.001111 -0.001262 -0.000387 -0.000050 0.000201 0.008375 0.098349 0.000015 0.050883 0.092683 0.227362 0.631486 0.087146
-0.001663 -0.000622 -0.000067 0.000464 0.010861 0.043679 0.226741 0.133348 -0.099050 -0.000360 0.000360 0.006892 0.011689 0.002564 -0.141505 -0.042712 -0.020905 -0.007143 0.000000 0.008315 0.021080 0.342916 0.167817 -0.000391 0.000535 0.028223 0.369725 0.184530 -0.021015 -0.062275 -0.102738 -0.117430 -0.002368 -0.000698 0.000347 0.000507 0.002043 0.001385 0.001135 0.002608 -0.009487 -0.009496 -0.012494 -0.005922 -0.004653 -0.005037 -0.041334 -0.054174 -0.005763 0.004578 0.003027 0.021123 -0.281135 -0.077612 -0.005197 0.017017 0.050116 0.046864 0.011907
0.002652 0.000319 -0.000097 0.000143 0.020869 0.053079 0.230666 0.151989 -0.101142 -0.000360 0.000360 0.007749 0.009964 0.013854 -0.048098 -0.051218 -0.017020 -0.005881 0.000000 0.009011 0.020160 -0.352989 -0.041408 -0.000394 0.000117 0.007432 0.014975 0.194567 -0.000049 0.000168 -0.007740 -0.002933 -0.003766 0.000003 0.015931 0.005297 0.028040 0.019265 0.012751 -0.001139 -0.001639 0.000000 0.040554 -0.040467 -0.054300 -0.057426 -0.200164 -0.094586 -0.025562 0.000268 0.201308 0.501555 0.229688 -0.239702 -0.060414 -0.006681 0.000150 0.001060 0.011251
