use_cases/Flooding_chicago/flooding_data/output/hUx_300.asc
ncols 337
nrows 393
xllcorner 428428.000000
yllcorner 4602440.000000
cellsize 26.757400
NODATA_value -9999.000000
[rows 78 to 103 of 393, columns 177 to 235 of 337]
-0.055416 -0.023015 -0.006216 0.000000 0.005371 0.037737 -0.025277 -0.010801 -0.000735 0.000333 0.014977 0.032409 0.034861 0.066397 0.094695 0.031281 0.007731 0.022152 0.639123 0.007080 0.096741 0.233595 0.108413 0.084934 -0.000087 0.063277 0.059027 0.017639 0.003098 0.002531 -0.000104 0.000594 -0.026521 -0.032527 -0.177677 -0.080466 -0.008964 -0.000006 0.002739 0.029457 0.014230 -0.000119 -0.000440 -0.000349 -0.000079 0.000066 0.000583 0.006434 0.022238 0.059930 -0.000421 -0.000454 -0.000668 -0.000577 -0.001241 -0.000908 -0.001046 -0.001049 -0.000315
-0.015335 -0.008079 -0.010542 -0.000066 0.000531 -0.001584 -0.000833 -0.001235 -0.002089 -0.000204 0.000299 0.002602 0.028895 0.061871 0.120623 0.292745 0.525780 0.135468 0.100219 0.000702 0.012170 0.006558 0.028379 -0.000000 0.024177 0.026281 0.030728 0.220092 0.921145 0.619914 0.492884 -0.001333 -0.002690 -0.005104 -0.005234 -0.002158 0.003277 0.016550 0.021123 0.005413 0.297712 0.320119 0.286089 0.148103 0.090559 -0.000218 -0.000277 -0.000545 -0.002234 0.004678 -0.000209 0.000087 0.001189 0.000132 -0.001035 -0.000828 -0.001675 -0.000146 0.000254
-0.000936 -0.002048 0.001214 -0.000202 -0.020870 -0.016818 -0.025285 -0.006952 0.000001 0.000479 0.002399 0.027604 0.037765 0.035110 0.045796 0.068477 0.126008 0.081512 -0.000161 0.000892 0.003965 0.000785 0.000164 -0.000003 0.000794 0.000479 0.009001 0.165579 -0.234642 -0.602961 -0.674742 -0.127431 -0.003147 -0.004953 -0.000059 -0.000098 0.000055 0.121939 0.445724 0.223162 0.227888 -0.004434 0.001860 0.229435 0.554284 0.429567 0.508667 0.093098 -0.319883 -0.097099 -0.000016 0.009565 0.004063 0.049942 0.046694 -0.037278 -0.013830 -0.000006 -0.010465
0.000225 0.000820 0.041931 0.015369 -0.138518 -0.052210 -0.013178 -0.000720 0.000086 0.008959 0.025932 0.006228 0.011665 0.024612 0.039295 0.056452 0.006254 -0.002753 0.000141 0.016318 0.033788 0.000677 -0.004126 -0.000068 0.000367 0.000291 0.007452 0.015714 0.024290 0.041622 0.238330 -0.092102 -0.173855 -0.023565 -0.001245 -0.000117 0.001125 0.012746 0.062876 0.102855 -0.052433 -0.011826 0.006310 0.023819 0.017649 0.027361 0.100797 0.032569 -0.211502 -0.093115 -0.000139 0.064939 0.177500 0.044451 -0.035063 -0.200708 -0.284131 -0.080705 -0.248051
0.001038 0.002542 0.026230 0.725792 -0.207816 -0.076496 -0.031502 -0.009524 0.000000 0.004204 0.011400 0.023578 0.023062 0.022117 0.031623 0.002875 -0.004822 0.000000 0.006471 0.014589 0.019503 0.012845 -0.023361 -0.007013 -0.000115 0.000398 0.009538 0.019815 0.026062 0.027185 0.072337 0.025816 -0.103499 -0.033345 -0.002239 -0.000574 0.001552 0.010089 0.016096 0.001017 0.000649 0.011995 0.034948 0.049874 0.029945 0.033651 0.334422 -0.239384 -0.670409 -0.093927 -0.000994 0.000687 0.011499 -0.013531 -0.132451 -0.178735 -0.022043 -0.043351 -0.028776
0.002387 0.028962 0.098090 0.776458 0.011734 -0.067773 -0.026984 -0.000193 0.000262 0.000895 0.001374 0.008806 0.015806 0.003674 -0.000947 -0.017122 -0.006811 0.000000 0.008811 0.014067 0.001295 0.007152 0.013476 0.001250 0.000000 0.002213 0.001304 0.005294 0.017260 0.019623 0.021195 0.322899 -0.024358 -0.000939 -0.000910 -0.002409 -0.003464 0.000195 0.000312 0.000233 0.008434 0.089953 0.110856 0.033730 -0.000000 0.051817 0.506611 0.267044 -0.294991 -0.051941 -0.005269 0.000130 0.000692 0.009634 0.026769 -0.023870 -0.052196 -0.021512 -0.006979
0.024931 0.053931 0.071670 0.053110 -0.047881 -0.011026 -0.000294 0.002418 0.030845 0.088540 0.022927 0.028970 0.052816 0.006748 -0.033471 -0.016680 -0.010627 0.000000 0.003004 0.002572 0.001498 0.007903 0.009192 0.009728 0.010039 0.002222 0.009069 0.018829 0.005789 0.001202 0.007392 0.040072 0.009368 0.007410 -0.003804 -0.877524 -0.055128 -0.006611 -0.000002 0.006689 0.016127 0.103932 0.049147 0.007639 -0.000010 0.004216 0.010065 0.016316 -0.001385 -0.024837 -0.057267 -0.008365 0.000070 0.009583 0.019362 0.001850 -0.015465 -0.000391 -0.000242
0.030343 0.042376 0.056560 0.006421 0.000907 -0.000122 0.001061 0.029719 0.085705 0.115842 0.227490 0.105346 0.036695 -0.105807 -0.025728 -0.009218 -0.001270 -0.000559 -0.000420 0.002169 0.001728 0.008040 0.018509 0.020666 0.026185 0.017768 0.000825 -0.011336 -0.009860 -0.000144 0.000399 0.012263 0.100470 0.032533 0.027276 -0.062250 -0.036131 -0.009545 -0.000109 0.000384 0.005619 0.213158 0.068463 -0.000592 -0.000301 -0.000000 0.004886 0.007441 0.001081 0.000720 0.004434 -0.000308 0.001188 0.001670 0.004930 0.026184 0.006857 -0.000326 0.000208
0.028653 0.049677 0.001414 -0.025135 -0.006421 0.000000 0.015802 0.053459 0.010845 0.012968 0.025123 0.159440 0.065536 0.016436 0.014455 0.002558 -0.000561 -0.000667 -0.000385 0.000588 0.020900 0.043846 0.087590 0.097959 0.135136 0.033131 -0.616004 -0.066490 -0.015312 -0.000749 0.021945 0.042995 0.113056 -0.001181 -0.001928 -0.026815 -0.016604 0.002438 0.001360 0.007341 0.182349 0.025916 -0.013307 -0.008603 -0.000434 -0.000011 0.000494 0.008762 0.021817 0.029261 0.044648 0.000009 0.001957 0.027351 0.077095 0.033022 0.014413 0.001910 0.000003
0.002276 0.001359 -0.097667 -0.012776 -0.004498 0.000000 0.002013 -0.000278 -0.000306 0.000424 0.013721 0.137127 0.051212 0.099027 0.040482 0.008964 0.001618 -0.000583 -0.000332 0.000065 0.001851 0.011661 0.019785 0.038330 0.249356 0.065495 -0.228438 -0.902068 -0.072283 -0.014337 -0.000170 -0.000123 -0.009035 -0.013474 -0.005592 -0.000023 0.002269 0.035976 0.076674 0.178681 0.071337 -0.033054 -0.018590 -0.019113 -0.005878 0.000000 0.007151 0.013665 0.018716 0.023208 0.024000 0.003499 0.024235 0.054550 0.087774 0.034638 0.071487 0.232429 -0.000113
-0.011625 -0.000666 -0.001239 -0.002870 -0.002532 -0.002291 -0.008498 -0.007576 -0.000362 0.000654 0.006467 0.081054 0.222031 0.125441 0.075813 0.024213 0.004708 -0.018822 -0.006072 -0.000099 0.000226 0.010166 0.018405 0.049984 0.151270 0.097331 0.315484 0.085833 -0.120462 -0.031766 -0.003911 -0.001031 -0.000474 -0.000046 0.000094 0.004284 0.014389 0.005703 0.045552 0.054043 0.026621 -0.111031 -0.369408 -0.013966 -0.005878 0.000000 0.007151 0.013651 0.027726 0.039711 0.022182 0.004061 0.009356 0.019254 0.021744 0.049956 0.078677 0.243592 0.130476
-0.006183 -0.000531 -0.000999 -0.002411 -0.015439 -0.026547 -0.019988 -0.000654 0.000362 0.016032 0.038237 0.031692 0.028068 0.101782 0.084062 0.024332 0.007811 -0.112519 -0.007368 -0.000102 0.000136 0.002249 0.002285 0.039069 0.117795 0.022854 -0.110668 -0.073120 -0.070541 -0.085124 -0.045512 -0.023329 -0.005650 -0.000010 0.004233 0.013209 0.019027 0.027406 0.007439 0.014825 0.048466 -0.029909 -0.328373 -0.026038 -0.008920 0.000000 0.009405 0.030171 0.008775 0.025584 0.030377 0.020731 0.004769 0.024019 0.026117 0.030322 0.024936 0.004670 0.123824
0.003107 -0.000586 -0.002137 -0.021101 -0.041150 -0.021410 -0.009758 -0.000424 0.000306 0.008924 0.019968 0.030894 0.027727 0.061290 0.182115 0.042994 0.000670 0.001363 0.017809 0.003293 -0.000921 0.000921 0.020298 0.015926 -0.154455 -0.059905 -0.052931 -0.034202 -0.033313 -0.034408 -0.038632 -0.037893 -0.015601 -0.000507 0.000062 0.005254 0.014477 0.019682 0.035266 0.043637 0.096629 0.090569 0.113211 -0.013291 -0.004456 0.000000 0.000399 0.002708 0.002048 0.012710 0.027732 0.042680 0.014937 0.034012 0.082243 0.128170 0.234855 0.168410 0.125955
0.006469 0.000124 -0.029484 -0.059383 -0.058496 -0.026683 -0.007476 -0.000095 0.000089 0.007271 0.022308 0.029446 0.037796 0.094930 0.202508 0.059976 0.010033 -0.006241 -0.005115 -0.007954 -0.000907 0.000672 0.001197 0.018585 0.050143 -0.013500 -0.046321 -0.050957 -0.039158 -0.020495 -0.020066 -0.019809 -0.012830 -0.005709 -0.000222 0.000222 0.005483 0.031128 0.048841 0.039826 0.117459 0.038582 0.045386 0.149623 -0.023312 -0.000241 0.000089 0.001406 0.000976 0.001346 0.001436 0.006284 0.004490 0.025220 0.081681 0.117049 0.229805 0.159614 0.127606
0.039462 -0.063530 -0.122517 -0.111819 -0.085367 -0.031583 -0.007178 -0.000002 0.004955 0.018697 0.025893 0.031628 0.051781 0.114148 0.449319 0.448336 0.328296 0.070267 0.027280 -0.001623 0.000757 0.000480 0.000254 -0.001006 -0.007522 -0.033271 -0.022333 -0.015329 -0.007106 -0.031843 -0.014725 -0.012501 -0.016025 -0.009383 -0.000103 0.000103 0.028802 0.032582 0.058405 0.241578 0.118764 0.000878 0.000814 -0.000430 -0.002295 0.000158 0.010824 0.008941 0.000626 0.002148 0.000572 0.000680 0.004554 0.006326 0.023029 0.036056 0.236622 0.003783 0.003601
-0.247213 -0.316583 -0.159921 -0.053963 0.000000 -0.001000 0.000031 0.000515 0.000528 0.002860 0.004568 0.005387 0.022248 0.124751 0.430163 0.634610 0.566387 0.587544 0.135357 0.141296 0.038860 0.005608 -0.005330 -0.051596 -0.103227 -0.046332 -0.020487 -0.026116 -0.007565 -0.031028 -0.034956 -0.034085 -0.027219 -0.008565 -0.000082 0.000082 0.005212 0.027421 0.030745 0.024577 0.042218 0.021378 0.004530 0.006804 0.015477 0.000971 0.008318 0.073248 0.004485 0.000241 0.004048 -0.001078 -0.000286 0.002392 0.010814 0.005764 0.017692 0.044665 0.016403
-0.028421 -0.271527 -0.121201 -0.024930 0.000000 0.007673 0.018920 -0.000433 -0.004908 0.000360 0.013896 0.010320 0.085582 0.117427 0.037887 0.013395 0.058010 0.071456 0.062894 0.126301 0.445160 0.574546 0.039212 -0.164517 -0.126360 -0.110482 -0.076963 -0.013238 -0.018836 -0.005021 -0.014932 -0.008205 -0.002321 -0.005193 -0.001558 0.000072 0.006081 0.030603 0.051168 0.060370 0.070993 0.121436 0.051766 0.118162 0.165902 0.151992 0.057433 0.015030 -0.040045 0.000018 0.004604 0.000269 -0.001133 0.001308 0.001297 0.012847 0.036974 0.006073 0.008116
-0.042295 -0.000559 -0.000913 -0.001490 0.000084 -0.075819 -0.099641 -0.133293 -0.012151 0.001614 0.014066 0.066838 0.029618 0.008426 0.005069 0.019432 0.072712 0.030757 0.026853 0.077617 0.359297 -0.117071 -0.187154 -0.020920 -0.026791 -0.023455 -0.018263 -0.008537 -0.004649 0.008546 -0.170586 -0.076000 -0.097739 -0.058447 -0.007804 0.000865 0.006999 0.025858 0.035374 0.008688 0.022346 0.093255 0.041425 0.114692 0.156598 0.166721 0.078309 0.172835 -0.000504 0.000229 0.009473 0.006626 -0.000464 0.000439 0.000767 0.001011 -0.000800 -0.001251 0.000198
-0.008606 -0.000360 0.000360 -0.104608 -0.165321 -0.181352 -0.140569 -0.004828 -0.017201 -0.008496 -0.003178 -0.000360 0.000360 0.012513 0.030690 0.029451 0.013524 -0.007726 -0.000423 0.007696 0.018984 0.035566 -0.677441 -0.017995 -0.002719 -0.015454 -0.024105 -0.017063 -0.000013 0.035798 -0.766886 -0.108884 -0.071567 -0.044927 -0.007025 -0.000027 0.000402 0.010227 0.018860 0.004489 0.010551 0.018935 0.022939 0.025243 0.068326 0.096883 0.038061 0.121956 -0.000004 0.012065 0.023327 0.022482 0.152769 0.058316 -0.230999 -0.114463 -0.003477 -0.005574 -0.002168
-0.023488 -0.000360 0.000360 -0.031030 -0.039780 -0.001977 -0.001148 -0.000211 0.001703 0.012726 0.008364 -0.000360 0.000360 0.008784 0.032150 0.084976 0.219182 0.049525 -0.010148 0.000000 0.007853 0.016262 0.000364 -0.002497 -0.003416 -0.022605 -0.019322 -0.009592 -0.000401 0.000555 -0.866995 -0.054021 -0.037330 -0.033285 -0.011481 0.000000 0.008800 0.020308 0.029591 0.005416 0.003582 0.020876 0.034082 0.039402 0.029005 0.057656 0.088016 0.011422 -0.000000 0.026458 0.033543 0.204539 0.163090 0.283285 0.268379 0.056885 -0.012062 -0.007807 -0.006326
-0.117750 -0.161989 -0.182654 -0.149565 -0.102954 -0.002975 -0.000687 0.000005 0.015213 0.066872 0.022233 0.133317 -0.001260 0.001665 0.039137 0.091080 0.321141 -0.061185 -0.014617 0.000000 0.002668 0.001634 0.000520 0.000335 0.006745 -0.041418 -0.072289 -0.027596 -0.000330 0.000396 -0.385512 -0.047410 -0.035441 -0.014150 -0.000660 0.000055 0.012882 0.035360 0.020074 0.002064 0.001481 0.022362 0.027078 0.027550 0.023828 0.281050 -0.004039 -0.072512 -0.090043 -0.002058 -0.000017 0.000490 0.001612 0.001273 -0.013500 -0.033580 -0.006570 -0.010422 -0.007531
-0.042884 -0.000918 -0.001703 -0.003513 -0.019894 -0.017244 -0.000395 0.000057 0.000382 0.043371 0.099502 -0.051730 -0.000431 0.000409 0.014389 0.067886 0.122718 -0.037022 -0.002820 0.001467 0.002614 0.002162 0.003666 0.001089 -0.030025 -1.109621 -0.074163 -0.018185 -0.001050 0.001127 -0.662437 -0.190973 -0.037694 -0.011280 -0.000076 0.000044 0.006509 0.023622 0.055085 0.014131 0.004055 0.004217 0.023015 0.033179 0.098809 0.169456 0.155792 0.151323 -0.026838 -0.002131 -0.002375 0.000063 0.001404 0.001055 0.009513 -0.010122 -0.024360 -0.000595 0.000154
-0.039734 -0.001653 -0.002650 -0.004015 -0.010454 -0.005842 -0.000381 -0.000015 0.000220 0.012562 0.561643 -0.022498 -0.000145 0.000221 0.023791 0.025712 0.034957 -0.000635 -0.001648 0.003713 0.037724 0.358846 0.000202 0.055081 -0.167831 -0.258565 -0.022476 -0.014609 -0.000445 0.000661 -0.455727 -0.155541 -0.012190 -0.000201 0.000279 0.000058 0.000508 0.001700 0.013944 0.008976 0.076377 0.000393 0.026943 0.208042 0.948404 0.038540 0.009954 -0.012874 -0.005074 -0.000203 -0.000104 0.001227 0.004770 0.003407 0.000848 -0.001098 -0.003029 -0.001557 -0.001358
-0.018965 -0.003000 -0.008808 -0.032512 -0.034890 -0.026201 -0.011113 -0.000121 0.000106 0.010038 0.032377 -0.007818 0.000025 0.009376 0.020310 0.020711 0.008268 -0.007244 0.000003 0.006034 0.037578 0.063781 -0.073324 -0.024433 -0.009644 -0.001259 -0.015906 -0.008119 -0.000019 -0.029506 -0.029282 -0.008433 -0.000972 -0.000136 0.000195 0.002904 0.000811 -0.004282 -0.008743 -0.003336 0.000128 0.006608 0.050693 0.069012 -0.008966 -0.000242 0.000000 -0.000070 0.000003 0.000788 0.001816 0.005829 0.003131 -0.000360 0.000360 0.006698 0.056194 0.002392 -0.004435
-0.023662 -0.038924 -0.124758 -0.029763 -0.015868 -0.012597 -0.004594 -0.000326 0.000208 0.004308 0.015115 0.000081 0.000737 0.000616 0.006342 0.016341 0.032356 -0.000326 0.000208 0.006364 0.038206 0.110470 0.024816 -0.013412 -0.007143 0.000000 0.005878 0.016002 -0.003520 -0.009307 -0.006834 -0.000508 -0.003337 -0.004834 0.000651 0.014146 0.210176 0.823838 -0.005338 0.001187 0.007502 0.031930 0.035063 0.026375 -0.017510 -0.010356 -0.004543 -0.000222 0.000222 0.003946 0.014020 0.002995 0.004922 -0.000360 0.000360 0.006698 0.051838 0.006350 -0.001351
-0.014649 -0.397641 -0.247881 -0.027905 -0.009118 -0.003392 -0.015036 -0.007266 0.000003 0.015636 0.022830 0.006525 0.003582 0.001664 0.001583 0.005386 0.014593 0.017291 0.000005 0.008874 0.066749 0.140660 0.032589 -0.013412 -0.007143 0.000000 0.005878 -0.170404 -0.301031 -0.150312 -0.157764 -0.118939 -0.015352 -0.016271 0.008672 0.009209 0.007111 -0.134419 -0.103117 -0.000359 0.003233 0.035654 0.036288 0.044126 -0.209751 -0.053210 -0.006737 -0.000005 0.000134 0.000273 0.001225 0.001132 0.005603 0.002031 0.008504 0.018788 0.004893 0.003454 0.002565
