use_cases/Flooding_chicago/flooding_data/output/hUx_1140.asc
ncols 337
nrows 393
xllcorner 428428.000000
yllcorner 4602440.000000
cellsize 26.757400
NODATA_value -9999.000000
[rows 234 to 259 of 393, columns 59 to 117 of 337]
0.000582 -0.001234 0.000235 -0.000323 0.000405 0.014558 0.105604 -0.092249 -0.040092 -0.015021 -0.000222 0.000222 0.001335 0.000831 0.009978 0.007418 0.062349 0.123378 0.046778 -0.000611 -0.000686 -0.000254 0.000308 0.001034 0.005717 0.004739 0.001883 -0.000654 0.000136 0.023906 0.188955 0.090431 -0.001724 -0.002078 -0.002846 -0.011533 -0.014811 -0.045330 -0.121857 -0.183986 -0.208841 -0.057993 -0.020570 -0.000013 0.015241 0.137075 0.443390 0.055559 0.032283 -0.000003 -0.000115 -0.000744 -0.001062 -0.000685 0.000167 0.000296 0.018382 0.002872 -0.190791
-0.015544 -0.066870 -0.009454 -0.000418 0.000587 0.023902 0.011783 -0.026549 -0.006219 0.000000 0.000409 0.000476 0.001067 0.000418 0.001645 0.024543 0.122123 0.373231 0.267838 -0.001276 -0.003842 -0.001968 -0.011889 -0.032462 -0.020328 0.034806 0.026369 0.018224 0.004421 -0.168175 -0.156564 -0.132668 -0.004179 -0.003173 0.001777 0.000232 -0.002279 -0.101534 -0.166194 -0.230365 -0.009933 -0.042657 -0.007405 -0.000401 0.000555 0.001959 0.001408 0.076661 0.708393 0.639768 0.422209 0.362764 0.135860 0.000863 0.023066 0.000019 0.034956 -0.056508 -0.408129
-0.018728 -0.084955 -0.015585 -0.000013 0.045658 0.233589 0.007731 -0.000438 -0.000572 0.000069 0.000428 0.000312 0.001281 0.000683 0.000297 0.001094 0.011502 0.003402 0.142642 0.071969 -0.002741 -0.002422 -0.008101 -0.019680 -0.015656 0.006115 0.018243 0.125798 0.104268 0.211171 0.107460 0.043053 -0.029608 -0.181237 -0.028369 0.000000 0.023620 -0.021573 -0.064687 -0.018069 -0.002562 -0.011925 -0.006954 -0.000330 0.000396 0.001228 0.001824 0.001723 -0.225461 -0.356319 -0.190245 0.037168 0.216440 0.109612 -0.085647 -0.061606 0.000120 -0.115285 -0.107933
-0.104736 -0.003400 -0.004567 -0.000000 0.005594 0.007263 0.103765 0.008619 0.008101 0.001295 0.033759 0.079409 0.110695 0.029875 -0.026747 0.047059 0.000763 0.118745 0.572717 0.511442 -0.026144 -0.879323 -0.097690 -0.007315 -0.006671 0.000895 0.008785 0.007445 0.002724 -0.125010 -0.302291 -0.322874 -0.352974 -0.392632 -0.376656 -0.008381 0.000000 0.146259 0.204001 0.267360 -0.002880 -0.013355 -0.008703 -0.000131 0.000136 -0.003318 -0.001091 0.001220 0.021040 0.126115 0.000777 -0.063965 -0.084776 -0.127456 -0.251755 -0.196632 -0.255357 -0.273477 -0.197083
-0.002367 -0.003374 0.000000 0.000059 0.001108 0.004394 0.007547 0.008827 0.005590 0.011267 0.017417 0.055032 0.539011 0.963393 0.630477 0.790159 0.595794 1.787634 1.734288 1.499449 1.154110 0.787340 0.626667 -0.031919 -0.005733 -0.003922 0.000431 0.001896 0.001455 -0.149562 -0.151846 -0.204326 -0.156797 -0.140692 -0.104702 -0.048794 0.000029 0.081387 -0.008048 -0.528576 -0.103204 -0.138692 -0.075779 -0.131418 -0.187315 -0.061969 -0.001473 0.001393 0.001300 0.000528 0.000394 0.000407 0.027373 -0.158481 -0.304314 -0.297037 -0.233309 -0.245336 -0.014281
0.005471 0.005429 0.000395 -0.002822 -0.002546 0.001239 0.005716 0.006011 0.029053 0.033388 0.026860 0.062067 -0.025926 -0.013662 0.070820 0.000000 -0.245627 -0.499772 -0.502155 -0.098057 0.103043 0.233852 0.428474 0.532132 0.400033 0.077904 -0.024449 -0.000408 -0.000653 -0.169793 -0.366225 -0.305561 -0.298472 -0.294143 -0.371485 -0.005945 -0.039684 -0.110271 -0.076545 -0.137204 -0.105473 -0.180610 -0.070271 -0.001151 -0.012088 -0.006488 0.000008 0.007557 0.025924 0.004137 -0.120500 -0.190724 -0.965561 -0.634315 -0.013552 0.000000 -0.047578 -0.148421 -0.023738
0.000790 0.017446 0.018827 -0.002569 -0.002005 -0.001160 0.002087 0.002939 0.085482 0.402448 0.028686 0.069964 0.086306 0.543664 0.377063 0.000000 -0.093271 -0.042115 -0.119516 -0.211137 -0.289611 -0.512655 -0.666979 -0.831914 -1.031085 -0.919328 -1.262770 -2.009415 -1.256012 -0.898270 -1.545897 -1.343455 -1.357205 -1.439484 -1.587555 -1.447968 -0.460312 -0.570793 -0.483884 -0.504850 -0.115575 -0.011443 -0.007396 -0.000421 -0.000096 0.000096 0.000421 0.019014 0.275513 0.184636 0.084310 -0.059681 -0.238689 -0.349122 -0.474853 0.000000 0.005190 0.077539 -0.264417
0.002971 0.010983 0.083600 0.377770 -0.079731 -0.021779 0.000148 0.024674 0.029379 0.312856 0.025357 0.067086 0.156718 0.927688 -0.007406 0.000000 0.479279 0.533868 0.200610 0.023293 -0.149674 -0.451534 -0.702101 -0.829555 -1.320235 -1.302640 -1.806665 -2.872787 -1.250922 -0.994994 -1.493570 -1.615285 -1.433088 -1.507167 -1.683374 -1.509663 -0.861247 -0.375052 -0.435821 -0.053658 -0.028034 -0.024030 -0.010682 -0.000008 0.006488 0.015207 -0.000918 -0.191809 -0.463049 -0.297250 -0.174081 -0.173542 -0.276856 -0.340328 -0.403560 -0.002646 -0.313195 -0.639660 -0.783758
0.018096 0.037741 0.103399 0.351851 0.247698 -0.030672 0.000007 0.024796 0.032685 0.028983 0.014567 0.053169 0.120713 -0.046884 -0.012790 0.000000 0.416409 -0.127719 -0.541199 -0.547298 -0.561090 -0.664185 -0.672316 -0.717512 -0.584797 -0.621581 -0.376647 -1.284035 -0.670554 -0.000344 0.046441 0.178795 0.222372 0.073757 -0.294993 -0.568292 -0.280287 -0.241540 -0.010641 -0.030796 -0.007557 -0.000542 -0.000180 0.010284 -0.021975 -0.142592 -0.180806 -0.193019 -0.146942 -0.307234 -0.194299 -0.139814 -0.197975 -0.170803 -0.280103 -0.428961 -0.621556 -1.017612 -1.083530
0.011133 0.037516 0.024572 0.041890 0.087470 0.030341 -0.011185 -0.000222 0.000222 0.021222 0.067319 0.033872 0.018506 0.008216 0.005040 0.001205 0.312556 0.295209 0.266199 0.189836 0.155077 0.050325 0.026026 0.023622 -0.029870 -0.011665 -0.033788 -0.304155 -0.044867 -0.001374 0.002339 -0.015423 -0.038649 -0.005834 -0.004167 0.181276 0.488154 0.086002 -0.163938 -0.066213 -0.010379 -0.000003 0.028416 0.446514 -0.034410 -0.195080 -0.227178 -0.269631 -0.001012 -0.159926 -0.440855 -0.416745 -0.438216 -0.574286 -0.590090 -0.821070 -0.482259 -0.506518 -0.035048
0.072757 0.252494 0.103275 0.108245 0.121459 0.097863 -0.021997 -0.000123 0.000104 0.076601 0.080234 0.088518 0.018181 0.013269 0.006121 0.011551 0.696650 0.825675 0.842790 0.494670 0.410020 0.206049 0.155805 0.140054 0.139826 0.021903 -0.061061 -0.190669 -0.074887 0.000000 0.024917 -0.132898 -0.293135 -0.346363 -0.139689 -0.047967 -0.028801 -0.282586 -0.056990 -0.032277 -0.008417 -0.000165 0.000357 0.009128 0.492280 0.283748 0.199257 0.065972 -0.000013 0.011924 0.181992 0.071991 -0.105626 -0.139691 -0.240476 -0.239657 -0.274071 -0.052538 -0.015469
0.067203 0.560635 0.286485 0.193981 0.152561 0.075385 -0.042104 0.000058 -0.002179 -0.026226 -0.032401 0.003049 0.016449 0.010851 0.046463 0.344041 0.481109 0.380690 0.359881 0.252863 0.122190 0.134398 0.053619 0.011788 -0.002246 -0.003534 -0.021758 -0.053018 -0.048948 -0.004102 -0.000483 -0.044949 -0.110349 -0.177170 -0.019586 -0.482807 -0.555500 -0.017850 -0.009609 -0.019956 -0.023693 -0.000740 -0.000930 0.002333 0.002919 -0.013141 -0.088232 -0.021848 -0.000401 0.000555 0.017591 0.027931 -0.014850 -0.113564 -0.000664 0.000784 -0.406012 -0.048649 -0.017389
0.569846 0.285683 0.125900 -0.025530 -0.094208 -0.083148 -0.008127 -0.012590 0.040489 0.038818 0.041048 0.012654 0.009951 0.005811 0.024054 0.676007 0.627545 0.293968 0.050238 -0.011265 -0.004221 -0.105854 -0.000982 -0.000053 -0.000582 -0.000155 0.000163 -0.050118 -0.055929 -0.010413 -0.014054 -0.019466 -0.050880 -0.109449 -0.038992 -0.660442 -0.158609 -0.004281 -0.015041 -0.022434 -0.018602 -0.008569 -0.001260 0.000098 0.001770 -0.005033 -0.003371 -0.003997 -0.000330 0.000396 0.011220 0.464933 0.133353 0.051563 -0.000971 0.000956 -0.249013 -0.035660 -0.082934
0.116027 -0.143354 -0.187012 -0.178667 -0.206696 -0.105006 0.000040 0.018760 0.024445 0.023397 0.012607 0.013003 0.000722 0.034781 0.604562 0.510225 0.622273 0.060649 -0.419815 -0.638766 -0.338497 -0.026988 -0.004028 -0.004206 -0.001834 -0.000431 0.000362 -0.087212 -0.091475 -0.007617 -0.003936 -0.001253 0.000097 0.001399 0.129864 -0.001234 -0.132052 -0.000554 -0.000247 0.000569 0.081791 0.106147 0.073710 -0.000272 0.000570 -0.019996 -0.001317 0.000349 -0.042498 -0.076363 -0.381045 -0.610022 -0.701550 -0.605849 -0.221908 -0.078621 -0.069109 -0.067708 -0.070138
0.068389 0.045803 0.030032 -0.001827 -0.003883 -0.000617 0.000827 0.024483 0.031077 0.018336 0.085740 0.080795 0.033446 0.417045 0.562374 0.440300 0.305327 0.241137 0.292451 -0.000869 -0.199325 -0.054344 -0.005755 -0.011563 -0.003518 -0.001323 0.000022 0.008212 -0.065857 -0.018193 -0.001039 -0.002626 0.003727 0.005639 0.237618 0.094705 -0.338827 -0.028949 -0.000331 0.000393 0.071354 -0.352605 -0.490992 -0.287323 -0.146932 -0.000700 -0.000429 0.000549 -0.137850 -0.214979 -0.445026 -0.430537 -0.396831 -0.202007 -0.048606 -0.019312 -0.232143 -0.621181 -0.146427
0.058959 -0.056010 0.027298 -0.001888 -0.002787 -0.000468 0.002733 0.009799 0.018299 0.163319 0.842169 0.286697 0.158471 0.464825 0.456751 0.285569 0.074472 -0.080660 -0.006588 -0.012987 -0.028362 -0.078003 -0.147829 -0.071718 -0.018475 -0.000421 0.000407 0.001487 -0.078811 -0.006855 -0.000331 0.000393 0.042151 0.366802 0.727728 0.188129 -0.215887 -0.356826 -0.020170 -0.058662 -0.088634 -0.580350 -0.581638 -0.456013 -0.627947 -0.265787 -0.220517 -0.295139 -0.197275 -0.162509 -0.099951 0.021821 0.368842 0.054175 -0.323768 -0.325163 -0.267351 -0.414727 -0.011866
0.035717 -0.067542 -0.176163 -0.003183 -0.005616 -0.002035 0.004006 0.001644 0.006282 0.002394 -0.062500 0.142898 0.296578 0.454841 0.254887 -0.030599 -0.336002 -0.865820 -0.548752 -0.013517 -0.002064 -0.005662 -0.003309 -0.024313 -0.008588 0.000042 0.003993 0.002546 0.038992 -0.000554 -0.000247 0.000569 0.071743 0.425995 0.438211 0.106364 -0.072634 -0.120884 -0.103877 -0.045448 -0.061653 -0.072885 -0.045606 -0.064866 -0.192427 -0.624388 -0.554218 -0.501323 -0.363437 -0.285438 -0.102177 -0.147670 -0.010917 0.000000 -0.352667 -0.584651 -0.522373 -0.037676 -0.013846
0.011646 0.077117 -0.615106 -0.095681 -0.007897 -0.009266 -0.000532 0.000381 0.000469 0.000657 0.009779 0.356932 0.392524 0.318118 0.042769 0.034152 0.134028 -0.225687 -0.343243 -0.578483 -0.096395 -0.048521 -0.022320 -0.008231 0.000003 0.001001 0.017831 0.307574 0.512229 0.141993 0.159439 0.149909 0.107091 0.526357 0.312329 0.173322 -0.048601 -0.113752 -0.021358 -0.023301 -0.031223 -0.020648 -0.009074 -0.000149 0.000148 -0.107705 -0.151824 -0.367931 -0.350599 -0.453264 -0.515108 -0.019052 -0.005878 0.000000 0.000027 -0.002389 -0.026869 -0.009218 -0.000360
0.001179 0.010529 0.050202 -0.095888 -0.019497 -0.001586 -0.001913 0.000201 0.000482 0.001172 0.005800 0.020805 0.438813 0.382933 0.280050 0.169772 0.075467 0.497314 0.216307 -0.100666 -0.033293 -0.007945 -0.000093 0.000440 0.005541 0.003126 0.012115 0.310510 0.153463 0.106345 0.118328 0.127573 0.097001 0.405046 0.230176 -0.018434 -0.168317 -0.332641 -0.253652 -0.106553 -0.075581 -0.001564 -0.002054 -0.000360 0.000360 0.008975 0.465382 0.140060 -0.051051 -0.236770 -0.486335 -0.019271 -0.005878 0.000000 0.000000 0.000000 -0.001290 -0.002656 -0.000360
0.000526 0.003322 0.001163 -0.002897 -0.005007 -0.001144 -0.001236 -0.000948 0.000000 0.005571 0.262835 1.416749 1.108059 0.755576 0.453256 0.821435 0.767713 0.791338 -0.012333 -0.077464 -0.058421 -0.009939 0.000000 0.008609 0.038405 0.081127 0.244835 0.165850 0.089626 0.030784 0.025069 0.056300 0.494860 0.447635 0.251408 0.141646 0.058637 -0.039109 -0.025463 0.020382 0.026720 -0.002572 -0.003184 -0.000360 0.000360 0.009093 0.032815 -0.068388 -0.151100 -0.211238 -0.315962 -0.012376 -0.001550 -0.013471 -0.010564 0.000000 0.001274 0.001022 -0.046927
-0.000525 -0.001853 -0.001941 0.000068 -0.000058 -0.000417 -0.000650 -0.000611 0.000000 0.336527 1.605021 0.693957 0.062332 0.043048 0.395430 0.575931 0.280537 -0.017521 -0.002863 -0.023589 -0.046024 -0.021186 0.000000 0.024261 0.057705 0.085486 0.168393 0.078265 -0.000293 -0.000130 0.000837 0.001781 0.043348 0.050390 -0.030421 -0.122982 -0.096866 -0.067863 -0.080773 -0.058627 -0.089220 -0.000667 0.000095 -0.151828 -0.209441 -0.249116 -0.446965 -0.386636 -0.399978 -0.402775 -0.423990 -0.453092 -0.407440 -0.027492 -0.000816 0.000090 0.010517 0.089176 -0.020897
0.020923 -0.078674 -0.001123 0.000951 0.158107 0.129196 0.083391 0.049098 -0.015983 0.500591 0.327834 0.001097 -0.043912 -0.005380 0.044286 0.238555 -0.039776 -0.003239 -0.000189 -0.000726 -0.013516 -0.016702 0.000000 0.012537 0.025128 0.034299 0.003740 -0.007735 -0.000130 0.000130 0.010145 0.024060 0.318900 0.273631 0.149458 0.035487 -0.042067 -0.108819 -0.149537 -0.193322 -0.053708 -0.387104 -0.129479 -0.203632 -0.239774 -0.253878 -0.440043 -0.352404 -0.329693 -0.347338 -0.363181 -0.417902 -0.463212 -0.037402 -0.000530 0.000178 0.092852 0.054794 -0.046153
0.195013 0.225564 0.244267 0.187374 0.291291 0.281386 0.375239 0.632102 0.508124 0.429681 -0.002367 -0.078739 -0.153600 -0.051801 -0.033961 -0.023575 -0.008055 -0.000664 -0.000410 -0.000165 -0.000457 -0.002041 0.005822 0.010669 0.005220 0.013286 0.004901 -0.004488 -0.000360 0.000360 0.013633 0.019768 0.822319 0.746638 0.295235 0.045634 -0.160123 -0.384092 -0.484958 -0.450387 -0.081319 0.012565 -0.039166 -0.159819 -0.184588 -0.178811 -0.211563 -0.231960 -0.172606 -0.114931 -0.280055 -0.311000 -0.159517 0.000000 0.011192 0.050244 0.102289 0.019251 -0.207588
0.149658 0.188067 0.407716 0.323325 0.278753 0.289096 0.361690 0.771761 0.846993 0.514548 -0.204342 -0.201492 -0.391230 -0.303332 -0.087244 -0.026427 -0.023565 -0.017139 -0.004302 0.000003 0.004688 0.013857 0.040956 0.016081 0.006404 0.020887 0.024500 0.029549 -0.000360 0.000360 0.015991 0.125234 0.048762 -0.152766 -0.275874 -0.389563 -0.578475 -0.680417 -0.919601 -0.838842 -0.962692 -0.259854 -0.209843 -0.131151 -0.001130 -0.000052 0.000128 -0.104269 -0.125636 -0.150023 -0.166975 -0.728982 -0.495746 -0.008548 0.000484 0.008976 0.004870 -0.091546 -0.328693
-0.232875 -0.166060 -0.000004 0.098486 0.068751 0.080558 0.045373 0.057397 0.517586 0.238181 0.000175 -0.153934 -0.325893 -0.337562 -0.189507 -0.062382 -0.039312 -0.013841 -0.000346 0.000180 0.006462 0.015880 0.023186 0.032384 0.024428 0.006319 0.012285 0.014637 -0.007184 0.000010 0.007705 0.109555 0.196170 0.267755 -0.083473 -0.220097 -0.373222 -0.323508 -0.405686 -0.585170 -0.885150 -0.400949 -0.379582 -0.209642 -0.011396 -0.000586 0.000069 0.009951 0.388796 -0.203677 -0.433489 -0.871037 -1.187844 -1.111783 -0.952550 -0.859857 -0.786723 -0.780481 -0.557098
0.490867 0.461253 -0.000237 0.011449 0.103836 0.005393 0.003463 -0.169277 -2.004136 -0.010215 -0.000139 0.000041 -0.092585 -0.190295 -0.168953 -0.027813 -0.019370 -0.013162 -0.007715 -0.000180 0.000346 0.005809 0.015375 0.070252 0.093410 0.041937 0.082187 0.173726 0.075555 0.000000 0.007899 0.273142 0.286014 0.349847 0.341107 0.245942 0.218282 -0.113450 -0.287472 -0.521336 -0.438458 -0.412701 -0.083390 -0.126771 -0.014439 -0.006339 0.000000 0.015545 -0.111496 -0.198630 -0.267727 -0.392862 -1.075226 -1.307706 -1.130634 -1.084426 -1.080362 -0.808521 -0.612494
