use_cases/Flooding_chicago/flooding_data/output/hUx_2760.asc
ncols 337
nrows 393
xllcorner 428428.000000
yllcorner 4602440.000000
cellsize 26.757400
NODATA_value -9999.000000
[rows 104 to 129 of 393, columns 177 to 235 of 337]
-0.231559 -0.269990 -0.347235 -0.539526 -0.022239 -0.001324 -0.009263 -0.004142 0.000000 0.003071 0.002095 0.013959 0.022859 0.130337 0.037487 0.527888 1.850541 2.498870 2.282811 2.106977 1.811688 1.616207 1.479845 1.436467 0.972041 0.906082 0.924031 0.872041 0.998251 0.794568 0.750146 0.875992 0.667572 0.608589 0.478227 -0.000001 0.009451 0.684116 1.516641 0.545000 0.378289 0.440153 0.984291 0.899135 0.362716 0.199980 0.021864 0.012632 -0.837650 -0.300122 0.000030 0.030049 0.000398 0.006299 0.376532 0.232455 0.199071 0.314457 0.366719
0.000394 0.078055 0.079028 0.143219 0.299422 0.340315 0.180608 -0.032781 -0.006545 -0.000034 0.000688 0.008634 0.283270 0.036564 0.467978 1.115274 1.616619 1.867208 2.113750 1.639024 1.372002 1.189682 1.050561 0.947544 0.871695 0.777219 0.829931 0.621756 0.558652 0.313144 0.335339 0.179096 -0.099302 -0.818672 -0.006806 -0.000058 0.000792 0.009945 0.417234 0.303315 0.199939 0.280801 0.767029 1.023943 0.460519 -0.000360 0.000360 0.017866 0.816146 0.695928 0.895608 0.908015 0.634164 0.534976 0.954179 1.683346 1.018825 1.115917 1.105089
-0.000017 0.009105 0.022804 0.526472 1.226225 1.441772 1.653718 1.163786 0.003025 -0.021311 0.000020 0.008579 0.379461 2.297917 2.037136 1.589413 0.906906 0.224302 0.157230 0.218485 0.267307 0.309906 0.350480 0.427122 0.561979 0.696271 0.977775 0.841618 0.429144 0.007314 0.004270 -0.290203 -0.058120 -0.025041 -0.011429 0.000022 0.013470 0.019916 0.221722 0.125796 0.185659 0.120117 0.274026 0.210829 -0.049366 -0.000360 0.000360 0.313268 1.158422 0.774285 0.029974 0.007864 0.165378 0.295634 0.743884 0.448442 0.523088 0.457599 0.441488
-0.000703 -0.000220 0.000141 0.223954 0.561638 0.953419 1.271514 2.161803 2.486647 2.284307 2.203091 1.983621 2.966113 2.296092 1.520468 0.648618 -0.909120 -2.021117 -2.695224 -2.243949 -2.000234 -1.619641 -1.159946 -0.815012 -0.494381 -0.273931 -0.006505 -0.461609 -0.021394 -0.012077 -0.000367 -0.000411 -0.008242 -0.003399 0.001595 0.000862 0.010287 0.021433 0.146042 0.219252 0.092054 0.084980 0.697152 0.871769 0.832919 1.087582 1.235096 0.854565 1.619342 1.496211 1.500775 1.059260 0.828941 1.196175 1.210258 0.742138 0.623537 0.212882 0.181545
-0.172563 -0.006225 0.000000 0.148063 0.403577 0.471215 0.370265 0.849383 0.989956 0.565749 1.348400 1.190416 0.863767 -0.007471 -0.000423 -0.000297 0.000001 0.004067 0.009855 0.001652 0.136215 0.396442 0.803819 0.523992 0.716189 0.732176 -0.114828 -0.040306 -0.030239 -0.032345 -0.006922 -0.000165 0.000116 0.008697 0.029964 0.048464 0.093114 0.141424 0.422481 0.317699 0.343740 0.889514 1.370088 1.714385 1.596283 1.995494 1.227008 2.359210 1.918967 1.617112 1.424240 1.555398 1.779020 2.513425 2.151191 1.623712 1.286558 0.349028 0.255934
-1.043773 -0.185625 0.000000 0.425450 0.588528 0.045869 0.088188 0.096904 0.069332 -0.004490 -0.012448 -0.008154 -0.000855 -0.010975 -0.007875 -0.000663 0.000068 0.000711 0.007074 0.016507 0.041068 0.252870 0.669243 -0.074596 -0.044931 -0.053119 -0.047921 -0.018763 -0.001219 -0.003146 -0.000441 -0.000549 -0.000103 0.000604 0.010947 0.038487 0.029820 0.023564 0.095737 0.406574 0.549630 1.682371 2.302590 1.686439 1.906225 1.099526 0.895491 0.514795 0.198382 0.052413 0.016034 0.448159 1.048771 1.136549 1.019018 0.677871 0.640662 0.452271 0.143583
-0.025312 0.446656 0.176825 0.751998 0.425394 0.000852 -0.185443 -0.181078 -0.011520 -0.033267 -0.014384 -0.008360 -0.000682 -0.000250 -0.000267 -0.000418 0.000446 0.000787 0.007107 0.027354 0.058904 0.282853 0.882321 -0.012159 -0.005095 -0.001688 -0.017463 -0.018569 0.000001 -0.005874 -0.001483 -0.004553 -0.000544 0.000304 0.000573 0.007208 0.026035 0.026144 0.177763 0.361039 0.595634 0.919192 0.713103 0.440418 -0.062911 -0.008583 -0.000003 -0.000071 -0.000095 0.000402 0.009685 0.189894 0.737054 0.585370 0.460466 0.260813 0.265695 0.206037 0.084605
0.142435 0.755708 1.206703 1.169323 0.822199 0.000000 0.000771 0.001232 -0.012436 -0.043979 -0.014295 -0.008215 -0.000406 0.000312 0.000649 0.000455 0.000443 0.000452 0.011131 0.045569 0.060097 -0.211587 -0.027370 -0.014775 -0.000583 -0.000846 -0.001222 -0.001738 0.000019 0.006026 0.000579 -0.001072 -0.000105 0.000237 0.000352 0.013319 0.020513 0.049376 1.114518 1.203329 1.175516 1.191174 0.402156 -0.221371 -0.022995 -0.005267 -0.000201 0.000022 0.000006 0.009527 0.028937 0.718536 0.546851 0.351437 0.194735 0.102545 0.150116 0.140736 0.145092
-0.020932 0.026809 0.009624 -0.241605 -0.009237 0.000000 0.009808 0.029363 0.052034 0.017345 -0.000436 -0.051176 -0.006265 -0.000194 0.000075 0.000366 -0.002076 -0.001106 0.008924 0.009113 0.019443 -0.899544 -0.019461 -0.010323 -0.001051 -0.000416 -0.000245 0.000247 0.000440 0.021465 0.021810 0.004076 0.000902 0.000454 0.000354 0.014421 0.027538 1.974310 2.285535 2.114359 1.669371 0.927138 0.566769 -0.272133 -0.031734 -0.023809 -0.008381 -0.000330 0.000396 0.015324 0.043041 0.579319 -0.125032 -0.359580 -0.350723 -0.244451 -0.069309 0.099981 0.183923
-0.272970 -0.333632 -0.449874 -0.379189 -0.007595 0.000000 0.008312 0.014809 0.057265 0.427448 0.370188 0.275978 0.032028 -0.031370 -0.005498 -0.015451 -0.025326 -0.028854 -0.000494 0.000071 0.006683 0.020740 -0.023203 -0.013150 -0.006325 -0.000786 -0.001280 -0.001276 0.000000 0.013284 0.077222 0.009576 0.018156 0.020947 0.002248 0.019429 0.272725 0.936180 1.073899 1.298454 0.768971 0.604682 0.183346 -0.247615 -0.042179 -0.013588 -0.014376 -0.000401 0.000555 0.018877 0.029952 0.031643 0.059758 0.220699 0.147367 0.064690 0.075358 0.139368 0.448914
-0.259921 -0.163088 -0.162022 -0.400815 -0.013479 0.000001 0.012016 0.017122 0.018715 -0.103151 -0.150903 -0.218304 -0.406717 -0.051900 -0.000481 -0.083364 -0.044928 -0.009035 -0.006230 0.000000 0.007871 0.173274 -0.021875 -0.022961 -0.020161 -0.009277 -0.001163 -0.001385 0.000000 0.031485 0.082497 0.135060 0.197183 0.302444 0.157215 0.411418 1.868250 1.002822 -0.092586 -0.294275 -0.206471 -0.265465 -0.942918 -0.083009 -0.091300 -0.074991 -0.012762 -0.000013 0.009884 0.011622 0.009857 0.019683 0.024097 0.037928 0.451531 0.283478 0.249101 0.191776 0.246091
0.417758 0.289316 0.091132 -0.013323 -0.000381 0.000328 0.007720 0.016705 0.003853 0.033148 0.024548 -0.002251 -0.003939 -0.006027 0.002706 -0.205133 -0.034630 -0.008521 -0.000182 0.008276 0.155162 -0.071178 -0.170486 -0.025840 -0.028419 -0.026865 -0.022173 -0.012549 0.000000 0.005836 0.035756 0.099611 0.127365 0.041870 0.141580 0.491632 0.554416 0.539661 -1.456334 -2.112674 -1.835495 -1.388536 -0.058514 -0.027216 -0.025336 -0.016030 -0.001376 0.001332 0.008474 0.021591 0.035616 0.028806 0.026389 0.005079 -0.070573 -0.095768 -0.013030 0.101473 0.215064
1.026289 0.868862 0.567567 -0.014197 -0.000007 0.007950 0.020060 0.020793 0.004704 0.161164 0.128673 0.108169 -0.001752 -0.001059 0.001613 0.141251 0.800451 0.095817 -0.015564 -0.017078 -0.196483 -0.155922 -0.190579 -0.186736 -0.066550 -0.028234 -0.009130 -0.000244 0.005092 0.016781 0.015194 0.002699 0.009073 0.030325 0.006142 0.131706 0.104591 0.021445 0.002760 -0.028607 -0.106842 -0.121196 -0.099532 -0.008142 -0.001535 -0.001796 0.000000 0.010960 0.023514 0.034612 0.034193 0.038458 0.037085 0.072914 0.452935 0.214428 0.159635 0.168599 0.144891
1.087439 0.947466 0.930942 0.151545 0.000020 0.007295 0.025354 0.687234 1.264474 1.265715 1.306844 0.674623 0.549592 0.377340 -0.000085 0.000881 -0.043191 -0.072478 -0.172591 -0.217742 -0.040558 -0.061458 -0.070161 -0.124037 -0.046055 -0.106151 -0.024261 -0.000008 0.000876 0.009121 0.038045 0.018377 0.007003 0.018732 0.653455 0.463921 0.190604 -0.000202 -0.000008 0.000661 -0.017831 -0.033828 -0.083161 -0.008649 -0.002503 -0.003953 0.000000 0.007433 0.039883 0.037669 0.044124 0.025824 0.077026 0.029862 -0.338058 -0.499606 -0.523757 -0.482718 -0.408668
2.102764 2.589875 2.340381 1.945399 1.606974 2.495366 1.647711 2.180714 1.630063 0.924844 0.774406 0.634960 0.458823 0.324570 -0.000307 0.000498 -0.146579 -0.157806 -0.129270 -0.018676 -0.050883 -0.058938 -0.496752 -0.166356 -0.039736 -0.002537 -0.004080 0.002260 0.176137 0.662525 0.102437 0.231376 0.179388 0.484384 0.287406 -0.042051 -0.010876 -0.000294 0.000537 0.009458 0.058739 -0.044168 -0.077090 -0.171077 -0.042547 -0.016588 0.000000 0.013599 0.031943 0.044546 0.053229 0.187689 0.083547 0.029670 0.081919 0.338032 0.784009 1.253197 1.671347
1.484212 1.092799 0.957767 0.267751 0.967645 2.520512 1.476795 1.213972 0.592516 0.015876 0.330725 0.338334 0.363778 0.404812 0.409855 0.287710 0.358808 0.065788 -0.037924 -0.120196 -0.040477 -0.056965 -0.446623 -0.135000 -0.026511 -0.000671 -0.000017 0.023156 0.138947 0.088129 0.071678 0.196363 0.160081 0.453038 0.337159 -0.011669 -0.001316 -0.000210 0.001569 0.017138 0.077019 -0.036051 -0.058279 -0.159419 -0.030255 -0.012686 0.000000 0.015629 0.034709 0.054099 0.393058 0.292244 1.273544 2.142866 3.176673 3.383009 3.493196 3.524891 3.069076
1.032799 1.003241 0.630754 0.261318 0.154514 0.219253 3.273735 1.300797 1.300068 1.129509 0.761809 0.526400 0.423097 0.405991 0.379236 1.238555 0.677856 0.403073 0.225888 -0.049388 -0.029928 -0.057561 -0.507195 -0.147043 -0.061381 -0.036195 -0.000446 0.000247 -0.002293 0.000056 0.002488 0.018549 0.077732 0.016085 -0.025207 -0.022927 -0.001390 0.001009 0.001548 0.005995 0.003426 -0.091269 -0.155131 -0.305967 -0.009260 -0.000576 0.007371 0.020547 0.019568 0.361152 2.069560 1.724651 1.618858 1.618655 3.148013 2.202067 1.882291 2.024459 1.776371
0.371531 0.229149 0.217492 0.177511 0.000000 0.158629 0.148889 0.933888 1.074097 2.410835 2.178013 1.540472 1.390920 0.677124 0.361874 0.179919 0.075107 0.000810 -0.068705 -0.064516 -0.116732 -0.048634 -0.603105 -0.162241 -0.066885 -0.039863 -0.004956 0.000000 -0.000384 0.006312 0.010273 0.006171 0.002812 0.001164 0.002146 -0.000875 0.000755 0.001728 0.013353 0.009072 0.003512 0.154838 0.253282 0.265388 0.131597 0.095750 0.030795 0.057055 0.162536 0.417747 0.924609 0.392670 0.033531 0.026276 0.061298 -0.048894 -0.120507 0.048592 0.030577
0.081127 0.000318 0.146557 0.123151 0.422099 0.339199 0.301462 0.264310 0.119879 0.305722 0.452076 0.474194 0.620998 0.704350 0.817641 0.655183 0.505601 0.373273 0.213721 0.072303 -0.039637 -0.095119 -0.028906 -0.046076 -0.031030 -0.017013 -0.010928 0.000011 0.007613 0.025298 0.013688 0.002529 0.000025 0.006240 0.018352 0.005592 0.004442 0.030741 0.022823 0.063546 0.058606 0.760834 1.030175 1.344854 1.277903 1.468739 1.336206 2.034055 3.880777 2.197334 1.625489 -0.308882 -0.087425 0.012501 0.157818 0.489043 0.077468 -0.277536 -0.060018
0.386125 0.279523 0.302602 0.572141 0.558172 0.767604 0.634271 0.329051 0.002380 0.064534 -0.160584 -0.121921 0.106050 0.476436 0.643886 0.655992 0.451081 0.330886 0.196236 0.004321 -0.081104 -0.154444 -0.065938 -0.022685 -0.020969 -0.013365 -0.000331 0.000393 0.019543 0.096254 -0.000116 0.000049 0.000842 0.006905 0.028509 0.009992 0.005252 0.001808 0.031929 0.352352 0.494189 0.811504 0.631014 0.514355 0.058743 0.044704 0.018631 0.018401 0.010782 0.000925 -0.049133 -0.076726 -0.004943 0.059744 0.241451 0.292507 0.102405 -0.334826 -0.085355
0.718512 0.623053 0.288848 0.975119 0.557168 0.291798 0.088801 -0.005084 0.000000 0.008571 1.582703 1.227974 1.147299 1.136388 1.536023 1.244938 1.026930 0.770286 0.535739 0.251103 0.118331 -0.019575 -0.012503 -0.009620 -0.007531 -0.000554 -0.000247 0.000569 -0.071154 -0.018968 -0.000172 0.000343 0.028235 0.054251 0.017388 0.006404 0.003340 0.000301 0.002063 0.312010 0.417327 0.451266 0.074915 -0.301702 -0.031261 -0.008059 -0.000459 0.001141 0.000420 0.006974 0.020552 0.034703 0.081767 0.150292 0.219905 0.161999 0.076386 -0.002905 -0.094973
0.723270 0.250415 0.208391 0.503974 0.437492 0.251803 0.088224 -0.045320 0.000074 0.008216 0.337158 0.230069 0.339642 0.467740 0.470878 0.421061 0.391335 0.201319 0.162568 -0.065602 -0.379704 -0.033312 -0.020901 -0.019742 -0.008203 -0.000323 -0.000036 0.000321 -0.084998 -0.005878 0.000000 0.005878 0.014945 0.060202 0.101180 0.047262 0.126225 0.048838 0.241127 0.520215 1.101818 0.573550 -0.015935 0.000042 -0.006830 -0.057414 -0.022698 -0.000798 0.000102 0.010052 0.029398 0.044800 0.049462 0.197266 0.333494 0.000994 0.006036 0.022513 -0.001091
0.080410 0.090804 0.185910 0.857115 0.945486 0.742626 0.847588 0.491308 0.446600 0.633856 0.887394 0.629335 0.676022 0.740582 0.701165 0.409117 0.526516 0.334324 0.244711 0.083162 -0.076501 -0.011099 -0.036544 -0.013275 -0.009909 -0.000341 -0.000010 0.000339 -0.080122 -0.005878 0.000000 0.005878 0.019696 0.023334 0.074266 0.035005 0.227834 0.493261 0.660231 0.755794 0.555423 -0.015045 -0.000000 0.000477 0.000643 -0.003165 -0.035715 -0.012166 0.000000 0.028636 0.051900 0.097451 0.156322 -0.230408 -0.012154 -0.000140 0.000138 0.000955 0.000300
0.052242 0.057778 0.071081 0.197649 0.123562 0.092518 0.032038 -0.000182 0.002579 0.184334 0.212510 0.015384 0.083256 0.205671 0.325116 0.311836 0.413011 0.298600 0.210763 0.047766 -0.377016 -0.003503 -0.006744 -0.017288 -0.023186 -0.015714 -0.000001 0.000908 -0.005171 -0.000211 -0.000090 0.000284 0.013727 0.032372 0.079854 0.038865 0.190275 0.366621 0.214106 -0.027755 -0.064982 -0.018370 -0.000003 0.005982 0.029858 0.002875 0.000580 0.003394 0.031076 0.021309 0.077086 0.071355 -0.099148 -0.446474 -0.004074 -0.000420 0.000045 -0.000184 -0.000181
0.023208 0.055127 0.416430 0.042646 -0.136717 -0.034933 -0.001854 0.000163 0.024945 0.041605 0.288474 0.047921 0.038245 0.069553 0.074130 0.212016 0.195887 0.189303 0.187940 0.177567 0.072798 0.026797 -0.032212 -0.247009 -0.052357 -0.011975 -0.000000 0.020192 -0.001058 -0.006172 -0.024161 -0.036925 0.000641 0.021622 0.037431 0.060003 0.008714 0.002868 -0.160310 -0.158621 -0.101134 -0.049810 -0.000208 0.000326 0.001108 0.001499 0.000741 0.019890 0.057370 0.023916 0.029051 0.052892 0.289139 -0.697385 -0.434796 -0.008774 -0.001983 -0.001321 -0.000554
0.016301 0.064140 0.434507 0.098588 -0.095190 -0.087996 -0.023531 -0.000034 0.000500 0.000426 0.011270 0.026605 0.080605 -0.036649 -0.061696 -0.078301 -0.116215 -0.114246 -0.237053 -0.103839 -0.119624 -0.196769 -0.284746 -0.396632 -0.050900 -0.017643 -0.000000 0.028562 0.750208 -0.091197 -0.043440 -0.035663 -0.027389 0.000070 0.006082 0.002270 0.000505 -0.000233 -0.202372 -0.133662 -0.125133 -0.076602 -0.001376 -0.005780 -0.013555 -0.000752 -0.001162 0.000717 0.000845 0.010242 0.030896 0.059267 0.493686 -1.366020 -1.232552 -0.654124 -0.035573 -0.001596 -0.001871
