use_cases/Flooding_chicago/flooding_data/output/hUx_1440.asc
ncols 337
nrows 393
xllcorner 428428.000000
yllcorner 4602440.000000
cellsize 26.757400
NODATA_value -9999.000000
[rows 104 to 129 of 393, columns 177 to 235 of 337]
-0.083244 -0.140561 -0.280952 -0.045082 -0.016619 -0.001286 -0.009132 -0.004142 0.000000 0.003070 0.002095 0.013959 0.022954 0.034425 0.049794 0.231559 0.385720 0.500142 0.396157 0.425466 0.360337 0.174254 -0.031278 -0.246534 -0.389317 -0.567447 -0.648625 -0.707070 -0.956159 -0.473157 -0.371225 -0.265618 -0.026811 -0.034380 -0.008245 -0.000001 0.009043 0.174645 0.480594 0.080501 0.049817 0.091173 0.667059 0.722234 0.507577 -0.071556 0.003314 0.004514 -0.672547 -0.246263 0.000042 0.019091 0.000398 0.006299 0.089182 1.100091 0.173087 0.226127 0.141742
0.000283 0.000986 0.000775 -0.000883 -0.001119 -0.002184 -0.022055 -0.021228 -0.006844 -0.000034 0.000688 0.008634 0.056813 2.236089 2.380766 2.118979 1.955278 1.704496 1.582382 1.000824 0.733113 0.490258 0.211541 0.021670 -0.188268 -0.345212 -0.404240 -0.134099 -0.061211 -0.000025 -0.161266 -0.199296 -0.257603 -0.099935 -0.006027 -0.000058 0.000792 0.009946 0.122689 0.057947 0.029316 0.059260 0.519101 0.613640 0.228092 -0.000360 0.000360 0.013730 0.725377 0.537740 0.680827 0.674212 0.456367 0.388917 0.345755 1.552741 0.975918 1.208092 1.384381
-0.000017 0.009158 0.022205 0.031421 0.322905 0.314290 0.467950 -0.031372 -0.021775 -0.008058 0.000020 0.008579 0.027529 0.374752 -0.822841 -0.947584 -1.108919 -0.916224 -0.749217 -0.476846 -0.570539 -0.688782 -0.773919 -0.797300 -0.973055 -0.918622 -1.066801 -1.032484 -0.015774 -0.000738 0.000185 -0.019408 -0.030821 -0.024840 -0.011398 0.000022 0.013470 0.019918 0.056052 0.019558 0.022141 0.015677 0.069088 -0.007734 -0.023001 -0.000360 0.000360 0.215948 0.811409 0.505875 -0.000222 0.000222 0.120725 0.227990 0.194553 0.040052 0.158015 0.180241 0.207649
-0.000713 -0.000215 0.000145 0.074803 0.128608 0.094763 0.193250 0.592995 0.891701 0.770059 0.708661 0.552333 0.959228 0.489122 0.123146 0.015706 0.007182 0.001033 -0.002746 -0.015457 -0.538226 -0.745244 -0.531062 -0.332199 0.026419 0.654806 0.473305 -0.045596 -0.019735 -0.012027 -0.000367 -0.000411 -0.008242 -0.003399 0.001595 0.000862 0.010287 0.021433 0.045967 0.075899 0.013975 0.010222 0.542977 0.661984 0.571466 0.771485 0.892794 0.570449 1.171498 1.095627 1.090681 0.723491 0.526776 0.451856 0.774584 0.473126 0.173884 0.001004 0.000844
-0.028086 -0.006646 0.000000 0.018138 0.234059 0.119286 -0.001572 0.117827 0.103642 0.001001 0.221138 0.176681 0.027285 -0.008114 -0.000430 -0.000306 0.000001 0.004059 0.008700 0.001208 0.013586 0.199216 0.273861 0.017588 -0.010819 -0.060628 -0.048169 -0.040975 -0.030226 -0.032345 -0.006922 -0.000165 0.000116 0.008697 0.029964 0.048464 0.093112 0.141424 0.486815 0.219605 0.247568 0.809351 1.303435 1.475082 1.218145 1.514045 0.865591 1.845613 1.507644 1.258100 1.074008 1.172984 1.312587 1.406647 1.829847 1.291255 0.646581 0.003550 0.001128
-0.097531 -0.012598 0.000000 0.038587 0.692572 -0.013146 -0.013041 -0.006489 -0.002564 -0.004205 -0.012355 -0.008154 -0.000855 -0.010975 -0.007875 -0.000663 0.000068 0.000711 0.007074 0.016507 0.025759 0.094731 0.003017 -0.018137 -0.037075 -0.052981 -0.047923 -0.018763 -0.001219 -0.003146 -0.000441 -0.000549 -0.000103 0.000604 0.010947 0.038487 0.029821 0.023565 0.029605 0.372913 0.392782 1.247713 1.686183 1.143721 1.335556 0.714761 0.533048 0.256342 0.078548 0.016739 0.005715 0.344833 0.598381 0.910808 1.113498 0.669671 0.456630 0.127137 -0.000674
0.003346 0.000528 0.000000 0.002547 0.000498 -0.004792 -0.012736 -0.025077 -0.008437 -0.030073 -0.014384 -0.008360 -0.000682 -0.000250 -0.000267 -0.000418 0.000446 0.000787 0.007107 0.027354 0.054732 0.199332 -0.107178 -0.012158 -0.005095 -0.001688 -0.017463 -0.018569 0.000001 -0.005874 -0.001483 -0.004553 -0.000544 0.000304 0.000573 0.007208 0.026037 0.026144 0.052618 0.465524 0.516537 0.777987 0.557570 0.063981 -0.036546 -0.008531 -0.000003 -0.000071 -0.000095 0.000402 0.009685 0.153312 0.235325 0.619301 0.590692 0.375988 0.272051 0.050860 -0.000353
0.008022 0.075651 0.013924 0.002192 -0.000510 0.000000 0.000617 0.001232 -0.011427 -0.041052 -0.014295 -0.008215 -0.000406 0.000312 0.000649 0.000455 0.000443 0.000452 0.011131 0.045569 0.059137 -0.183908 -0.021825 -0.014775 -0.000583 -0.000846 -0.001222 -0.001738 0.000019 0.006026 0.000579 -0.001072 -0.000106 0.000237 0.000352 0.013319 0.020514 0.039622 1.088649 1.336972 1.249298 1.255664 0.439519 -0.060751 -0.023265 -0.005267 -0.000201 0.000022 0.000006 0.009527 0.028936 0.180516 0.850566 0.143379 0.007956 0.095436 0.230516 0.139879 0.109865
0.012931 0.197670 0.146096 -0.018679 -0.009464 0.000000 0.009808 0.029363 0.048194 0.015633 -0.000436 -0.029845 -0.006264 -0.000194 0.000075 0.000366 -0.002076 -0.001106 0.008924 0.009113 0.019443 -0.815383 -0.019461 -0.010323 -0.001051 -0.000416 -0.000245 0.000247 0.000440 0.021465 0.021810 0.004076 0.000902 0.000454 0.000354 0.014421 0.027539 1.526498 1.960701 2.004264 1.574243 0.839175 0.582527 -0.087051 -0.031734 -0.023808 -0.008381 -0.000330 0.000396 0.015324 0.043042 0.103231 0.782598 0.357344 0.393767 0.483507 0.882360 1.242259 1.170172
-0.062356 -0.289157 -0.280335 -0.026292 -0.007595 0.000000 0.008312 0.014810 0.049311 0.171476 0.152742 0.147478 0.080596 -0.020581 -0.005498 -0.015450 -0.025327 -0.028854 -0.000494 0.000071 0.006683 0.020740 -0.023203 -0.013150 -0.006325 -0.000786 -0.001280 -0.001276 0.000000 0.013284 0.077222 0.009576 0.018156 0.020947 0.002248 0.019429 0.133635 1.078445 0.985627 1.366862 0.705868 0.442592 -0.089602 -0.109368 -0.042179 -0.013587 -0.014375 -0.000401 0.000555 0.018877 0.029951 0.031643 0.041584 0.317872 0.630287 0.166043 0.150106 0.152839 1.511708
0.297975 0.068286 0.011048 -0.038901 -0.013479 0.000001 0.012016 0.017123 0.018739 -0.082430 -0.131989 -0.221052 -0.288771 -0.035984 -0.000481 -0.083364 -0.044928 -0.009035 -0.006230 0.000000 0.007871 0.173273 -0.021874 -0.022961 -0.020160 -0.009277 -0.001163 -0.001385 0.000000 0.031485 0.082500 0.135060 0.197185 0.302443 0.157215 0.411419 1.702545 1.110252 0.046979 -0.196538 -0.169219 -0.300683 -0.941658 -0.083012 -0.091300 -0.074991 -0.012762 -0.000013 0.009883 0.011621 0.009857 0.019683 0.024113 0.030061 0.024501 0.232875 0.728283 0.510345 0.688127
0.119763 0.052680 -0.003725 -0.008892 -0.000381 0.000328 0.007720 0.016976 0.003921 0.003896 -0.006423 -0.034009 -0.002873 -0.003899 0.001944 -0.176939 -0.034629 -0.008521 -0.000182 0.008279 0.155131 -0.071185 -0.170486 -0.025840 -0.028419 -0.026866 -0.022175 -0.012549 0.000000 0.005836 0.035757 0.099612 0.127366 0.041870 0.141581 0.491633 0.532640 0.700916 -1.081512 -2.006157 -1.791671 -1.101822 -0.053954 -0.027214 -0.025335 -0.016030 -0.001376 0.001332 0.008474 0.021592 0.035616 0.028806 0.026389 0.005079 0.022522 0.149002 0.226505 0.426151 0.698097
0.363436 0.230712 0.116052 -0.008329 -0.000007 0.007950 0.020060 0.011874 0.001753 0.044683 0.041482 0.026640 -0.001435 -0.000901 0.001264 0.095427 0.240996 -0.006160 -0.021237 -0.016916 -0.196715 -0.156115 -0.190660 -0.186731 -0.066550 -0.028233 -0.009130 -0.000244 0.005092 0.016781 0.015194 0.002699 0.009073 0.030325 0.006142 0.131707 0.104591 0.021445 0.002761 -0.024002 -0.097967 -0.108823 -0.089925 -0.008142 -0.001535 -0.001796 0.000000 0.010960 0.023515 0.034612 0.034192 0.038458 0.037085 0.069810 0.043406 0.108479 0.029854 0.105595 0.257155
0.226738 0.127788 0.071541 -0.007231 -0.000000 0.007214 0.026563 0.365135 0.294126 0.271377 0.327877 0.159991 0.139912 0.082712 -0.000121 0.000848 0.138183 0.005571 -0.112091 -0.158804 -0.040558 -0.061470 -0.070175 -0.124038 -0.046053 -0.106151 -0.024261 -0.000008 0.000876 0.009120 0.038045 0.018377 0.007003 0.018732 0.653454 0.463923 0.190605 -0.000202 -0.000008 0.000661 -0.012392 -0.029408 -0.076670 -0.008649 -0.002503 -0.003953 0.000000 0.007434 0.039882 0.037670 0.044125 0.025824 0.067904 0.025270 0.167063 0.339575 0.031046 0.094303 0.247273
0.223306 0.146786 -0.170066 0.000880 0.002987 0.234009 0.247692 0.445505 0.305640 0.170661 0.172453 0.153421 0.116736 0.072933 -0.000265 0.000473 -0.019949 -0.121327 -0.053434 -0.018675 -0.050882 -0.058939 -0.496754 -0.166355 -0.039736 -0.002536 -0.004080 0.002260 0.176139 0.662524 0.102435 0.231378 0.179388 0.484385 0.287408 -0.042051 -0.010876 -0.000294 0.000537 0.009458 0.059940 -0.036102 -0.067927 -0.158484 -0.042546 -0.016588 0.000000 0.013599 0.031942 0.044546 0.051939 0.130313 0.054410 0.019576 0.255969 0.812571 0.826243 1.068337 1.325136
0.655991 0.367557 0.168817 -0.000018 0.025237 0.038188 0.044467 0.100434 0.067015 0.000000 0.072325 0.082400 0.088721 0.091985 0.079273 0.026216 -0.080074 -0.048272 -0.096905 -0.086447 -0.040052 -0.056966 -0.446624 -0.135002 -0.026511 -0.000671 -0.000017 0.023156 0.138947 0.088129 0.071678 0.196363 0.160080 0.453036 0.337160 -0.011669 -0.001316 -0.000210 0.001569 0.017151 0.083330 -0.025761 -0.050396 -0.149445 -0.030256 -0.012686 0.000000 0.015629 0.034708 0.054100 0.282230 0.188457 0.953532 1.671623 1.149990 2.012112 2.023290 1.989644 1.588466
-0.010085 -0.248889 -0.026773 -0.000396 0.000211 0.061413 0.825112 0.293739 0.314639 0.190785 0.081260 0.055412 0.048891 0.048084 0.035334 0.130777 -0.053595 -0.645653 -0.239801 -0.063936 -0.029525 -0.057561 -0.507195 -0.147043 -0.061381 -0.036195 -0.000446 0.000247 -0.002293 0.000056 0.002488 0.018549 0.077732 0.016085 -0.025207 -0.022927 -0.001390 0.001009 0.001548 0.006004 0.003432 -0.069429 -0.132782 -0.284492 -0.009254 -0.000576 0.007415 0.020596 0.019619 0.263771 2.023741 1.615451 1.477872 1.336066 2.094609 2.244231 1.377637 1.330517 0.582019
-0.017023 -0.000440 -0.001848 -0.002188 0.000000 0.055674 0.054643 0.299739 0.287114 0.496182 0.824554 0.480016 0.298401 0.007306 0.011716 0.170325 0.273835 0.120548 -0.148103 -0.039296 -0.077526 -0.048634 -0.603104 -0.162242 -0.066885 -0.039864 -0.004956 0.000000 -0.000384 0.006312 0.010274 0.006171 0.002812 0.001164 0.002146 -0.000875 0.000755 0.001728 0.013437 0.009123 0.003528 0.161941 0.266197 0.251957 0.110417 0.075779 0.022639 0.049488 0.128221 0.485335 0.990557 0.467435 0.032654 0.012630 0.051619 0.153089 -0.263167 -0.243101 -0.011308
-0.021812 0.000000 0.002795 0.001993 0.124219 0.117891 0.114124 0.093797 0.030888 0.288930 0.789215 0.560026 0.460529 0.295994 0.330587 0.158095 0.172114 0.051452 -0.300093 -0.147753 -0.069314 -0.093521 -0.028905 -0.046076 -0.031029 -0.017013 -0.010927 0.000011 0.007616 0.025299 0.013689 0.002529 0.000025 0.006240 0.018353 0.005592 0.004442 0.030816 0.022957 0.062422 0.051354 0.764369 1.035460 1.330637 1.242247 1.420261 1.283920 1.942825 3.609498 2.042936 1.574288 -0.200882 -0.044779 0.002455 0.069470 0.118686 0.048031 -0.245783 -0.044960
-0.012728 -0.000265 0.000487 0.082836 0.146629 0.316728 0.271915 0.057789 0.000000 0.008695 0.018630 0.231777 0.238128 1.256175 1.184372 1.102558 0.659584 0.553918 0.388548 -0.081431 -0.066251 -0.155855 -0.065712 -0.022684 -0.020968 -0.013365 -0.000331 0.000394 0.019544 0.096255 -0.000116 0.000049 0.000842 0.006905 0.028509 0.009992 0.005252 0.001808 0.032604 0.322783 0.368293 0.637620 0.528627 0.432860 0.045124 0.035353 0.014710 0.016638 0.010271 0.000879 -0.024766 -0.027934 0.006432 0.017370 0.110256 0.130710 0.072885 -0.134382 -0.080970
-0.543942 -0.059661 0.000451 -0.010545 -0.001714 0.017348 -0.105067 -0.004851 0.000000 0.008246 0.040611 1.085388 0.977467 1.089997 1.976540 1.586267 1.449818 0.689267 -0.254306 -0.403489 -0.161539 -0.019575 -0.012503 -0.009622 -0.007531 -0.000554 -0.000247 0.000569 -0.071392 -0.018966 -0.000172 0.000343 0.028235 0.054251 0.017388 0.006404 0.003317 0.000205 0.002105 0.307666 0.393254 0.424386 0.058463 -0.279790 -0.031259 -0.008059 -0.000459 0.001141 0.000420 0.006974 0.020521 0.033162 0.102351 0.054537 0.060654 0.055835 0.033234 -0.011085 -0.093411
0.070900 0.002857 0.005827 0.066709 0.054906 -0.013712 -0.168840 -0.081408 0.000000 0.006081 0.074781 1.019630 0.563591 0.553803 0.391817 0.479422 1.045147 0.478424 0.048847 -0.032750 -0.028519 -0.033311 -0.020899 -0.019742 -0.008204 -0.000323 -0.000036 0.000321 -0.085012 -0.005878 0.000000 0.005878 0.014945 0.060201 0.101181 0.047262 0.116251 0.044474 0.267137 0.576687 1.218644 0.650967 -0.016492 0.000042 -0.006830 -0.057414 -0.022698 -0.000798 0.000102 0.010052 0.029396 0.041361 -0.181176 -0.059598 0.012742 -0.000002 0.005218 0.022198 -0.001143
0.080394 0.087341 0.079166 0.552536 0.613416 0.438259 0.472886 0.177335 0.144520 0.215031 0.269757 0.440054 0.531265 0.390808 -0.007856 0.000282 0.205376 0.044544 -0.002021 -0.031352 -0.029330 -0.011099 -0.036544 -0.013275 -0.009909 -0.000341 -0.000010 0.000339 -0.080135 -0.005878 0.000000 0.005878 0.019696 0.023334 0.074266 0.035005 0.223966 0.483733 0.586342 0.663426 0.482182 -0.014866 -0.000000 0.000477 0.000643 -0.003165 -0.035715 -0.012166 0.000000 0.028636 0.051901 0.081556 0.482466 0.198279 -0.007755 -0.000140 0.000135 0.000954 0.000300
0.052242 0.057778 0.039943 0.073829 0.080669 0.097676 0.064591 -0.000182 0.002577 0.087903 0.130349 0.056273 0.023133 0.015584 0.008297 0.005213 0.074228 -0.031910 -0.280274 -0.075384 -0.027975 -0.003503 -0.006744 -0.017288 -0.023186 -0.015714 -0.000001 0.000908 -0.005173 -0.000211 -0.000090 0.000284 0.013727 0.032371 0.079855 0.038865 0.187466 0.407597 0.223956 -0.015053 -0.065596 -0.018370 -0.000003 0.005982 0.029858 0.002875 0.000580 0.003394 0.031075 0.021310 0.077086 0.071356 0.378004 0.086552 -0.004074 -0.000420 0.000045 -0.000184 -0.000181
0.023208 0.055127 0.416147 0.107714 -0.028688 -0.021274 -0.001866 0.000164 0.024945 0.041590 0.052445 0.076610 0.018796 0.005119 0.000132 0.009223 0.179192 -0.109349 -0.418848 -0.038397 -0.005634 -0.009263 -0.026011 -0.098360 -0.052426 -0.011974 -0.000000 0.020192 -0.000366 -0.006124 -0.024000 -0.036702 0.000641 0.021621 0.037432 0.060003 0.008714 0.002868 -0.153031 -0.158417 -0.101181 -0.049810 -0.000208 0.000326 0.001108 0.001499 0.000741 0.019891 0.057371 0.023916 0.029051 0.052893 0.058326 0.054855 -0.058107 -0.009351 -0.001983 -0.001321 -0.000554
0.016301 0.064141 0.416265 0.132924 -0.000775 -0.072243 -0.023687 -0.000034 0.000500 0.000426 0.011269 0.026483 0.019966 0.002099 0.001665 0.057261 0.016976 -0.142289 -0.220246 -0.042702 -0.003129 -0.006786 -0.045320 -0.095037 -0.051146 -0.017643 -0.000000 0.028577 0.752101 -0.089123 -0.043450 -0.035626 -0.027315 0.000070 0.006083 0.002270 0.000504 -0.000234 -0.202249 -0.133660 -0.125132 -0.076603 -0.001376 -0.005780 -0.013555 -0.000752 -0.001162 0.000717 0.000845 0.010242 0.030896 0.059267 0.114716 0.313681 -0.565341 -0.101746 -0.039345 -0.001596 -0.001871
