use_cases/Flooding_chicago/flooding_data/output/hUx_420.asc
ncols 337
nrows 393
xllcorner 428428.000000
yllcorner 4602440.000000
cellsize 26.757400
NODATA_value -9999.000000
[rows 260 to 285 of 393, columns 59 to 117 of 337]
-0.007167 -0.013466 -0.004373 -0.000195 0.017642 0.037686 0.008943 0.018813 -0.034772 -0.020165 -0.005936 -0.000072 0.000211 -0.019222 -0.173651 -0.023288 -0.006475 -0.000382 -0.050569 -0.008653 -0.000059 0.000518 0.017404 0.027729 0.109648 0.042734 0.067169 0.144176 0.073051 0.176342 0.099345 0.141662 0.293352 0.172919 0.026711 0.016061 0.003807 -0.002809 -0.011173 -0.036708 -0.061740 -0.075656 -0.082236 -0.007390 -0.028421 -0.007498 0.000000 0.006956 0.001436 -0.006435 0.000000 0.007992 0.016730 -0.056590 -0.123813 -0.165680 -1.180981 -0.488990 -0.200900
-0.028923 -0.075107 -0.044298 -0.006198 -0.004592 -0.017367 -0.003252 -0.003585 -0.033457 -0.021473 -0.005980 0.000003 0.006034 0.074823 -0.067317 -0.008389 -0.002319 -0.002925 -0.006515 0.000543 0.000429 0.000347 0.008598 0.015266 0.022292 0.054594 0.060559 0.080526 0.040027 0.018896 0.084660 0.189995 0.854839 0.057089 0.017519 0.001318 -0.000559 -0.000921 0.002112 0.002442 -0.010655 -0.038651 -0.067504 -0.072196 -0.004115 -0.001614 0.000000 -0.004724 -0.036720 -0.008751 0.000000 0.010886 0.027896 0.024877 0.008196 -0.011949 -0.025765 -0.055979 -0.034342
-0.055805 -0.120834 -0.056093 -0.027184 -0.042043 -0.074631 -0.030365 -0.007809 -0.025836 -0.014468 -0.000326 0.000208 0.006364 0.088437 0.004329 -0.001613 -0.001120 -0.000887 -0.000521 0.001020 0.000667 0.000503 0.000294 0.008591 0.015768 0.023779 0.048880 0.112416 0.004624 0.004502 0.033592 0.069889 0.035095 -0.085594 -0.002147 -0.002291 -0.000000 0.001011 0.006292 0.006377 0.006638 -0.016969 -0.045634 -0.053555 -0.001208 0.000067 -0.063712 -0.136149 -0.014893 -0.000892 -0.000011 0.000981 0.019210 0.056555 0.082242 0.107771 -0.002005 -0.046928 -0.034176
-0.039054 0.000774 -0.004047 -0.017561 -0.073965 -0.052119 -0.014575 -0.020298 -0.005963 -0.009271 0.001774 0.011027 0.107870 -0.094971 -0.155023 -0.148061 -0.011836 -0.011284 0.012188 0.015480 0.089734 0.110082 0.027040 0.008670 0.004372 0.025177 0.028634 0.222877 0.000341 0.102039 0.103899 0.129100 0.048234 0.005667 -0.004797 -0.004836 -0.000011 0.006904 0.030513 0.012016 -0.022969 -0.064607 -0.102849 -0.120363 -0.130431 -0.104344 -0.074979 -0.064108 -0.073915 -0.008108 -0.003263 0.007151 0.009907 0.008615 0.002801 -0.020626 -0.071605 -0.072759 -0.186324
-0.131626 -0.009430 -0.000353 0.000099 0.006830 0.099213 -0.021769 -0.024770 -0.004535 -0.009670 0.003699 0.011471 0.156680 0.112460 0.034972 -0.130009 -0.019435 -0.007202 0.006827 0.006774 0.061311 0.127703 0.062894 0.010590 0.003710 0.022085 1.887300 0.380827 0.323193 0.241583 0.172224 0.079901 0.024718 -0.001819 -0.013664 -0.014123 -0.000504 0.000169 0.004953 0.028341 0.005957 0.010563 0.007187 0.101327 0.150874 0.034734 0.018419 0.000962 -0.030846 -0.014294 -0.017280 -0.000021 0.005628 0.001792 -0.000593 -0.000770 -0.002065 -0.007837 -0.026717
-0.125697 -0.014036 -0.006923 -0.000041 0.008834 0.018696 -0.005104 -0.000410 -0.000327 0.000611 0.004685 0.008470 0.046657 0.059865 0.036303 -0.011086 -0.053284 -0.008316 -0.000149 0.005883 0.016177 0.117226 0.234458 0.199964 0.175250 0.557822 0.671889 0.385112 0.141507 0.099904 -0.001197 -0.003151 -0.006671 -0.007445 -0.026577 -0.028623 -0.024333 -0.001266 0.000054 0.000300 0.024054 0.075772 0.030733 0.095303 0.018671 0.014369 -0.001238 -0.001993 -0.003953 -0.005307 -0.000598 -0.000653 -0.001002 -0.001973 -0.000811 -0.000489 0.000489 0.000811 0.064896
-0.153097 -0.015197 -0.008731 -0.000876 0.000478 0.009980 0.000142 -0.007826 -0.000073 0.005256 0.002291 0.004670 -0.000706 0.004378 0.002036 -0.004031 -0.016412 -0.011353 -0.005411 0.000000 0.009001 0.015315 0.207327 0.590392 0.840729 0.537282 0.216481 0.257918 0.122691 -0.035096 -0.089569 -0.001514 -0.001878 -0.000391 0.000121 -0.034705 -0.095487 -0.009618 -0.000222 0.000222 0.010334 0.012108 0.008274 0.022808 0.062320 -0.015455 -0.001311 -0.000972 -0.001442 -0.001289 -0.001034 -0.003100 -0.023394 -0.007870 -0.000811 -0.000489 0.000489 0.000811 -0.025634
-0.098609 -0.311287 -0.046215 -0.002968 -0.000257 0.000848 0.000225 -0.001375 -0.001514 0.000251 0.001422 0.000844 0.002561 0.038938 -0.003750 -0.008373 -0.025382 -0.010651 -0.000663 0.000046 0.000596 0.008977 0.206002 0.082228 0.057448 0.000003 0.008216 0.151522 0.141124 -0.015499 -0.063759 -0.115756 -0.149323 -0.007411 -0.000418 0.000586 -0.005486 -0.001481 -0.000186 0.000405 0.014500 0.020711 0.019952 0.009872 0.007658 0.008477 0.003620 -0.018197 -0.037211 -0.062014 -0.127721 -0.318661 -0.439787 -0.106814 -0.000558 -0.001020 -0.002125 -0.007349 -0.017941
-0.008973 -0.045237 -0.042579 -0.006426 -0.007351 -0.000670 -0.000056 0.000810 0.000683 0.003467 0.004171 0.001425 0.021999 0.135883 -0.002856 -0.004282 -0.016696 -0.007667 -0.000020 0.008095 0.017061 0.145912 0.173673 0.067836 -0.000102 0.000086 0.015839 0.366667 0.372452 0.008961 -0.049715 -0.093585 -0.136857 -0.018996 -0.000323 0.000405 -0.001717 -0.003789 -0.000010 -0.000716 0.005052 0.007780 0.000025 0.008281 0.008535 0.043078 0.033758 -0.072693 -0.147417 -0.215000 -0.234871 -0.125620 -0.236693 -0.206789 -0.305637 -0.315175 -0.266047 -0.247034 -0.054115
-0.000779 -0.037196 -0.047228 -0.021420 -0.001277 -0.000501 0.001139 0.000979 -0.000095 -0.002804 -0.000360 0.000360 0.010003 0.015756 0.003862 -0.001838 -0.030690 -0.009770 -0.000000 0.025317 0.086662 0.204607 0.047649 0.010816 -0.000152 0.000305 0.011436 0.025410 0.028022 0.069861 0.000470 0.000000 -0.136260 -0.039838 -0.017236 -0.028355 -0.028335 -0.025620 -0.026869 -0.005197 0.007211 -0.002202 0.000403 0.002450 0.047883 0.117417 0.073759 -0.098255 -0.208739 -0.294277 -0.481753 -0.477768 -0.458730 -0.244655 -0.321317 -0.335109 -0.312849 -0.318596 -0.103797
-0.009745 -0.013637 -0.060670 -0.023017 -0.001061 0.000879 0.009197 0.003040 -0.026101 -0.012021 -0.000360 0.000360 0.004132 0.002777 0.025767 0.080259 -0.060352 -0.020588 -0.014391 0.000000 0.006216 0.060158 -0.017918 -0.006074 -0.000003 0.006204 0.020027 0.038016 0.058271 0.358379 0.063104 0.000000 -0.085057 -0.089762 -0.011417 -0.022489 -0.025447 -0.023590 -0.019408 -0.011315 -0.002229 -0.004451 0.001976 0.005245 0.024450 0.012685 0.002408 0.001452 0.000875 0.000544 -0.162067 -0.299043 -0.477650 -0.233669 -0.330843 -0.384101 -0.438804 -0.541065 -0.615397
-0.001196 -0.001989 -0.005259 -0.007965 -0.001021 0.000942 0.023516 0.111191 -0.067264 -0.062302 -0.004138 -0.000975 0.003937 0.003380 0.034876 0.226934 0.005183 -0.397722 -0.016740 0.000000 0.003929 -0.026401 -0.011961 -0.000846 -0.000082 0.000802 0.014302 0.028354 0.054526 0.058368 -0.114936 -0.193983 -0.200564 -0.977480 -0.044164 -0.011309 -0.022514 -0.038228 -0.083080 -0.005625 0.000000 0.001431 0.003241 0.006188 0.005298 0.004300 0.002145 0.002278 0.000703 0.000745 -0.003973 -0.023516 -0.069493 -0.108698 -0.094803 -0.002258 -0.007188 -0.034888 -0.068068
0.001125 -0.001366 -0.004756 -0.006280 -0.000822 0.000789 0.017496 -0.047710 -0.190126 -0.051620 -0.003262 -0.000042 0.002614 0.001837 0.020829 0.102722 0.067839 0.084580 -0.001437 0.001904 0.018130 -0.076306 -0.025051 -0.001309 -0.000573 0.001420 0.008806 0.024078 0.032889 0.025220 0.046763 0.095318 -0.048107 -0.630499 -0.328089 -0.075790 -0.123842 -0.058011 -0.007044 0.000000 0.002248 0.000769 -0.000177 0.000159 -0.000510 -0.002307 -0.000439 0.000347 0.000982 0.001708 0.002787 0.001636 -0.007889 -0.002234 -0.000727 -0.001055 -0.000145 0.003707 -0.165613
0.003254 0.001881 -0.000944 -0.002209 -0.000391 0.000384 0.012789 -0.038660 -0.178588 -0.046296 -0.002145 0.001276 0.045595 0.041362 0.146771 0.108377 -0.000501 -0.000769 0.000307 0.003496 0.227208 -0.024735 -0.009914 -0.013281 -0.000447 0.000875 0.009066 0.018525 0.021910 0.033356 0.041402 0.037645 0.031789 0.001318 -0.015089 -0.050333 -0.090696 -0.024928 -0.007536 0.000000 0.062604 0.017712 0.005176 -0.003237 -0.004732 -0.006237 -0.001073 0.000743 0.000904 0.006642 0.013789 0.000293 -0.006545 -0.009494 -0.001364 -0.003385 0.000000 0.038672 -0.037339
0.002662 0.002181 0.000635 -0.000021 -0.000440 -0.000082 0.001039 -0.042607 -0.177631 -0.046514 -0.003049 -0.000218 0.002229 0.001712 -0.027697 -0.007800 -0.000534 0.000315 0.000578 0.019084 0.001678 -0.007537 -0.000240 -0.000112 0.001218 0.019071 0.038171 0.009430 0.022922 0.018571 0.035427 0.056925 0.030233 0.004856 0.001169 0.003034 -0.006472 -0.032109 -0.007600 0.000000 -0.008243 -0.013367 -0.014432 -0.011056 -0.007338 -0.005871 -0.000439 0.000347 0.008673 0.060786 0.279581 0.064170 -0.045267 -0.010360 -0.000472 0.000339 0.025862 0.011101 -0.049966
0.018054 0.068461 0.101983 -0.063582 -0.008087 -0.000183 0.000592 -0.085035 -0.226352 -0.050570 -0.003614 -0.002153 0.002282 0.003304 0.001763 0.000386 0.000233 0.000679 -0.000404 -0.006097 -0.025189 -0.003946 -0.000222 0.000222 0.011631 0.021369 0.031453 0.039675 0.035486 0.068106 0.027048 0.011853 0.000220 -0.000000 0.005931 0.031739 0.058087 0.034383 0.001818 -0.005183 -0.016276 -0.020314 -0.020145 -0.001250 0.000234 0.001394 0.016259 0.013753 0.021751 0.022065 -0.133389 -0.255408 -0.058334 -0.016660 -0.001290 0.000588 0.001200 -0.028827 -0.085456
0.006173 0.009325 0.029547 -0.001720 -0.065775 -0.016483 -0.001587 -0.001564 -0.002877 -0.002225 -0.003260 -0.000379 0.002789 0.002368 0.008492 0.007537 0.055126 0.075569 0.082853 -0.012067 -0.016864 -0.017439 -0.000205 0.000017 0.001035 0.053403 0.061680 0.093383 0.132743 0.166880 0.187626 0.126939 -0.036602 -0.000010 0.010712 0.021564 0.087282 0.406930 0.327595 -0.011234 -0.008913 -0.013275 -0.002816 -0.003490 0.000834 0.003449 0.018341 0.013642 0.035630 0.028021 -0.000222 0.000222 -0.056585 -0.013894 -0.000878 0.000360 0.000876 -0.016242 -0.007287
0.049581 0.060940 0.004286 -0.023224 -0.093276 -0.013656 -0.001684 -0.002090 -0.002214 -0.001272 -0.001127 0.000311 0.001214 -0.014199 -0.000716 0.002946 -0.030395 -0.038561 -0.032624 -0.013498 -0.016563 -0.009494 0.000425 0.003807 0.016188 0.010106 0.319723 0.026135 0.077478 0.166345 0.071453 0.007197 -0.036057 -0.000360 0.000360 0.009182 0.069705 0.043201 -0.071525 -0.106328 -0.080883 -0.036130 -0.004608 -0.006916 -0.005401 0.000007 0.015458 0.011715 0.029471 0.020496 0.004592 -0.002259 -0.026221 -0.007884 -0.000035 -0.007944 -0.017743 -0.022224 -0.006205
0.061205 0.009722 -0.112250 -0.133150 -0.026196 -0.051002 -0.008497 -0.000108 -0.000725 -0.000707 -0.000988 0.000890 0.001184 -0.229791 -0.016697 -0.000548 0.000191 -0.132814 -0.223815 -0.037396 -0.000196 0.000528 0.016047 0.024442 0.028169 0.013305 0.223783 0.024235 0.009897 0.006574 0.002680 0.000413 -0.000301 -0.000360 0.000360 0.009182 0.020085 0.038429 -0.088897 -0.073206 -0.050113 -0.025218 -0.003050 -0.004363 -0.000352 0.000352 0.007428 0.032818 0.082254 0.150028 1.049406 -0.003950 -0.037516 -0.012696 -0.003394 -0.011310 -0.022069 -0.061653 -0.017144
0.045855 -0.115469 -0.171695 -0.175622 -0.008316 -0.006077 -0.002834 -0.013083 -0.033669 -0.097110 -0.031022 0.000063 -0.084822 -0.183883 -0.015933 -0.001351 -0.001030 0.000276 -0.000114 -0.000118 0.001225 0.001309 0.008322 0.006703 0.000000 0.055652 0.105946 0.040760 0.013727 0.008414 0.003316 0.000693 0.000000 0.009415 0.023502 0.026727 0.021173 0.457472 0.109847 -0.031338 -0.016736 -0.005663 -0.020130 -0.009955 -0.000007 0.000451 0.001218 0.017127 0.046789 0.098081 0.391288 0.214537 0.121311 -0.166538 -0.050874 -0.030343 -0.099588 -0.022708 -0.000555
-0.010682 -0.097194 -0.163364 -0.003517 -0.004380 0.000411 0.002032 -0.102633 -0.063994 -0.149713 -0.050709 0.000003 -0.014835 -0.015038 -0.008726 -0.015835 -0.001226 -0.000368 -0.000635 0.000871 0.001434 0.012233 0.014975 0.020688 0.020212 0.007194 0.018451 0.065925 0.106517 0.117068 0.034308 0.007562 0.000000 0.005592 0.016226 0.040546 0.411771 0.409023 -0.449042 -0.286201 -0.010673 -0.044698 -0.027583 -0.013778 -0.000000 0.001350 0.004896 0.003799 0.013474 0.055677 0.017546 0.040488 -0.185692 -0.321440 -0.860062 -0.224612 -0.043950 -0.044618 -0.000396
0.179482 0.126093 -0.000968 -0.001747 -0.000675 0.000986 -0.125728 -0.172747 -0.206610 -0.033438 -0.074399 -0.104006 -0.094754 -0.493032 -0.236592 -0.032080 -0.000036 0.002839 0.001021 0.000183 0.028396 0.026406 0.020271 0.019135 0.013931 0.050155 0.071018 0.100500 0.115882 0.149749 0.155024 0.036331 0.009385 0.001754 0.005879 0.007611 0.034711 0.034153 0.030721 -0.239681 -0.305426 -0.331762 -0.038682 -0.007969 -0.000461 -0.000036 0.002135 0.014993 0.065168 0.028013 0.020498 0.004896 0.043386 -0.085906 -0.060552 -0.011977 -0.001849 -0.002917 -0.000180
0.000866 0.079410 0.060397 0.010653 -0.025831 -0.056616 -0.091101 -0.159779 -0.041394 -0.043209 -0.072853 -0.084201 -0.080788 -0.142150 -0.023637 -0.009226 0.000017 0.000733 0.001463 0.001858 0.001240 0.010569 0.009711 0.007892 0.005345 0.026482 0.044227 0.011463 0.054890 0.116176 0.213055 0.209249 0.065243 0.017431 0.010965 0.005958 0.050250 -0.041400 -0.000188 0.000292 0.001057 -0.240590 -0.309981 -0.016974 -0.000427 -0.000154 0.000879 -0.000520 -0.007216 -0.008196 -0.008475 0.000000 -0.516311 -0.042784 -0.006297 -0.001933 -0.002574 -0.000075 0.000283
0.007846 0.135426 0.044025 0.004141 -0.005860 -0.005480 -0.215741 -0.138397 -0.026650 -0.000396 0.000330 -0.046036 -0.110689 -0.019324 -0.011079 -0.000924 0.000371 0.000884 0.001808 0.001313 0.000330 0.002389 0.060316 0.062555 0.153478 0.001546 0.010378 0.005996 0.018173 0.035260 0.124470 0.291868 0.612291 0.463445 0.458838 0.374971 0.501661 -0.248784 -0.006231 0.000000 0.010402 0.036601 -0.095418 -0.144972 -0.001600 0.000638 0.000843 -0.056864 -0.016518 -0.045401 -0.006003 0.000000 0.027973 -0.344053 -0.045902 -0.001561 -0.000973 0.001337 -0.125730
-0.000389 0.025688 0.078226 -0.000539 0.002899 0.001751 -0.341130 -0.093089 -0.004607 -0.000555 0.000401 -0.016980 -0.074041 -0.032134 -0.017696 -0.000950 0.000866 0.023019 0.034597 0.030722 0.000002 0.000024 0.000455 0.042017 0.234535 0.111322 0.040035 0.049371 0.021170 0.045288 0.078525 0.195171 0.415005 0.269434 0.307304 0.324089 0.642942 0.081431 0.000013 0.000000 0.003678 0.002083 0.037401 0.647160 -0.001700 0.002588 -0.053093 -0.069309 -0.008174 -0.010341 -0.001064 0.000629 0.038611 -0.024094 -0.103960 -0.010466 -0.000405 0.000544 0.042089
0.039757 0.001867 0.005685 0.003310 -0.060881 -0.159665 -0.256594 -0.035808 -0.019655 -0.010122 0.000013 0.036201 -0.026319 -0.033308 -0.017519 -0.000831 0.000764 0.015991 0.038100 0.002986 -0.050418 -0.009441 -0.000003 0.007242 0.015577 0.195794 0.121545 0.065946 0.086702 0.046149 0.051968 0.025622 0.009284 0.002234 0.001978 0.179304 0.117303 -0.002318 -0.072490 -0.000073 0.004621 0.056064 0.049062 0.028081 0.017358 0.008546 -0.010203 -0.017860 -0.004463 -0.006031 -0.000659 0.000354 0.039221 0.466567 -0.076852 -0.096276 -0.004282 -0.013261 -0.005056
