use_cases/Flooding_chicago/flooding_data/output/hUx_960.asc
ncols 337
nrows 393
xllcorner 428428.000000
yllcorner 4602440.000000
cellsize 26.757400
NODATA_value -9999.000000
[rows 130 to 155 of 393, columns 177 to 235 of 337]
0.010993 0.014472 0.312673 0.076070 -0.002996 -0.026092 -0.014456 -0.000449 0.000128 0.000258 0.010138 0.029221 0.017282 0.001868 0.001073 0.033091 0.965784 0.513687 0.415482 -0.039549 -0.007198 -0.034432 -0.159645 -0.078155 -0.036477 -0.001385 0.000125 -0.585791 -0.528595 -0.719817 -0.074790 -0.000217 -0.000229 0.001219 0.001997 0.002703 0.001207 -0.160271 -0.031565 -0.083564 -0.067195 -0.081420 -0.165542 -0.147403 -0.029179 -0.090490 -0.020247 0.000000 0.008063 0.026226 0.031511 0.023441 0.049455 0.649866 -0.096423 -0.028038 -0.008716 -0.001200 -0.001298
0.025330 0.022985 0.030411 -0.026128 -0.026811 -0.008944 -0.000506 -0.000566 0.000045 0.000951 0.000537 0.008585 0.020365 0.018493 0.004209 0.024197 0.022530 0.202541 -0.087141 -0.662075 -0.215010 -0.245880 -0.150056 -0.059880 -0.088162 -0.108659 0.000008 -0.379871 -0.487728 -0.028416 -0.007787 -0.000341 0.000166 0.001164 0.008918 0.016403 0.029332 -0.008984 -0.043597 -0.016939 -0.003340 -0.000008 0.000141 -0.000870 -0.000683 -0.003238 -0.007063 0.000000 0.015207 0.031936 0.054173 0.103728 0.025962 0.011520 0.003636 -0.004335 -0.001849 -0.001303 -0.001241
0.021111 0.025705 0.004165 -0.017676 -0.016960 -0.013638 -0.007145 0.000000 0.001246 0.000653 0.000388 0.000712 0.008113 0.009951 0.013736 0.021968 1.041657 0.810772 0.366073 0.072052 -0.423327 -0.174879 -0.164903 -0.221216 -0.253228 -0.294917 -0.482215 -0.450358 -0.056574 -0.029395 -0.011918 -0.000270 0.000473 0.006738 0.021591 0.054093 -0.052952 -0.440712 -0.028334 -0.022930 -0.007424 -0.000307 0.000088 0.000323 0.001092 0.000971 -0.000661 0.000000 0.005878 0.025512 0.031067 0.146544 0.000000 0.006565 0.032601 0.010185 0.006095 0.000832 -0.000321
0.024835 0.003419 -0.010894 -0.001932 -0.011196 -0.013442 -0.007145 0.000000 0.006542 0.022332 -0.000306 0.000410 0.010497 0.025839 0.031063 0.080983 -0.015313 0.344002 1.113403 0.424938 -0.418790 -0.231413 -0.171241 -0.177611 -0.243403 -0.093617 -0.011674 -0.025586 -0.044447 -0.008161 -0.000965 0.000000 0.000965 0.016159 0.025866 0.069911 -0.056930 -0.406594 -0.032934 -0.012404 -0.000758 -0.000320 0.000684 0.000648 0.004220 0.013960 0.001584 0.000000 0.005878 0.016460 0.046678 0.062283 0.013620 0.004979 0.007480 0.004867 0.003075 0.011852 0.044708
0.031233 0.003588 -0.009493 -0.000055 -0.040077 -0.010533 -0.000344 0.000100 0.000374 0.001588 0.000519 0.000196 0.000683 0.009033 0.044582 0.103173 -0.108407 0.054552 1.094017 0.906214 0.428014 -0.041312 -0.567819 -0.164737 -0.111983 -0.036869 -0.010786 -0.039808 -0.017407 -0.011876 -0.000473 0.000270 0.019004 0.023800 -0.258773 -0.317632 -0.548689 -0.025965 -0.019512 -0.013506 -0.000703 -0.000053 0.000670 0.010610 0.019725 0.047673 -0.000141 0.000207 0.009778 0.030758 0.040007 0.050606 0.070282 0.015830 0.000511 0.021912 0.039891 0.145985 -0.026612
-0.002720 -0.043073 -0.008343 -0.000967 -0.003178 -0.000368 0.000012 0.000149 0.000193 0.000489 0.001297 0.000553 0.000366 0.010418 0.034374 0.029497 0.028125 0.451542 0.581079 0.556057 0.253361 -0.143429 -0.589218 -1.040113 -0.084325 -0.052773 -0.045187 -0.035952 -0.008848 -0.000859 0.000079 0.000600 0.002127 0.013037 -0.066077 -0.207523 -0.032027 -0.025326 -0.023706 -0.010923 -0.000232 0.000169 0.001376 0.000685 0.001524 0.002914 0.001467 0.000718 0.000496 0.012479 0.026534 0.040131 0.109332 0.051529 0.013487 0.002950 -0.033420 -0.076903 -0.362623
-0.006646 -0.005881 -0.018451 -0.019756 -0.013738 -0.000010 0.003619 -0.000610 -0.006631 0.000019 0.024565 0.024548 0.001929 0.000776 0.015177 0.021536 0.036292 0.662210 0.679291 0.647816 0.523974 0.243413 -0.013962 -0.473696 -0.080339 -0.078048 -0.034548 -0.002531 -0.000469 0.000265 0.000485 0.000204 0.000368 -0.293573 -0.404202 -0.046739 -0.031082 -0.017993 -0.002222 -0.001673 -0.000077 0.000072 0.008463 0.025268 0.018515 0.001905 0.000995 0.000480 0.000380 0.033195 0.061081 0.087802 0.033812 0.230283 0.278587 0.337178 0.256174 0.107984 -0.053695
0.301574 1.734327 0.167813 0.054425 -0.001113 0.000481 0.046312 1.188005 -0.028616 -0.000217 0.002867 0.029627 0.063636 -0.000116 0.001122 0.018539 0.531828 0.294508 0.265275 0.290269 0.288007 0.222985 0.131589 -0.184008 -0.782930 -0.042385 -0.014706 -0.000306 0.000084 0.000400 0.000158 0.000203 -0.081893 -0.160806 -0.008546 -0.005681 -0.001909 -0.005544 -0.007379 -0.002902 -0.000096 0.000094 0.013121 0.020075 0.002497 0.000990 0.001219 0.000818 0.012403 0.032859 0.028443 0.067155 0.021916 0.006227 0.004408 0.001649 0.064154 0.028606 -0.008860
0.669874 1.404821 1.234741 1.332214 1.415781 1.233359 1.311907 2.281122 2.223732 1.028581 0.493870 0.433267 0.730218 0.307342 -0.223805 -0.251246 -0.237183 -0.341043 -0.249679 -0.236905 -0.182259 -0.192337 -0.281848 -0.578820 -0.993554 -0.035716 -0.001031 0.000208 0.010102 0.026867 0.003160 0.138568 0.514357 -0.165531 -0.020737 -0.030399 -0.033318 -0.023646 -0.004782 -0.004731 -0.000103 0.000103 0.008253 0.021101 0.002147 0.001695 0.019562 0.023875 0.002193 0.023143 0.045205 0.048676 0.052911 0.012611 0.006020 0.014128 0.092752 0.002900 -0.079166
0.639135 0.481085 1.389894 1.620782 1.517306 2.428806 2.191809 1.578166 1.592203 2.639054 4.689411 5.420888 4.716515 3.903652 3.414669 3.149934 3.200585 2.416994 1.530700 1.320673 1.040794 0.862460 0.517552 -0.007385 -0.877894 -0.013544 -0.000115 0.000097 0.000527 0.006926 0.130747 0.224124 0.429321 0.198687 -0.217271 -0.030890 -0.013367 -0.011120 -0.002959 -0.003439 -0.000003 0.008373 0.028519 0.052717 0.053876 0.000113 0.018170 0.015683 0.001493 0.001444 0.010702 0.036712 0.025720 0.003290 0.002601 0.019901 0.121580 -0.072316 -0.178338
0.000000 0.701369 0.668556 0.717385 0.508038 0.895200 0.423298 0.001232 0.001118 0.138806 -0.241897 -1.012271 -1.315845 -0.725643 -0.148916 0.146075 0.410795 0.338637 0.315251 0.360515 0.586264 0.521260 0.392215 0.251663 0.113500 -0.329368 -0.000567 -0.001357 -0.001338 0.000478 0.000643 -0.221582 -0.299975 0.041260 0.083643 -0.002559 -0.013488 -0.023078 -0.010915 -0.000141 0.006730 0.010333 0.002444 0.005418 0.005113 -0.000347 0.001295 0.013267 0.023731 0.003473 0.004349 0.003793 -0.360344 -0.549617 -0.934609 -0.735535 -1.013854 -0.764205 -0.368631
1.477896 0.807006 0.648561 0.080274 0.016152 -0.048537 -0.005635 0.000013 0.004446 0.023718 0.015027 0.001001 0.000465 0.009659 0.323672 -0.688640 -0.960962 -0.904026 -0.264689 -0.159360 -0.096354 0.001640 0.012058 -0.091761 -0.226680 -0.401474 -0.014443 -0.008435 -0.037809 -0.103507 -0.243356 -0.272336 -0.125346 0.201187 0.207900 0.197660 0.089154 -0.017432 -0.008227 -0.000005 0.003315 0.016304 0.000061 0.027902 0.023019 -0.009144 0.000086 0.049027 0.007104 -0.443888 -1.079693 -0.805971 -0.791035 -0.624628 -0.554541 -0.372816 -0.211008 -0.079455 0.024784
0.208229 0.052616 -0.110418 -0.022313 -0.006063 -0.000104 0.000101 0.010841 0.051512 -0.043065 -0.005040 -0.000000 0.007130 0.020653 0.037637 0.041609 0.028940 0.006242 0.009192 -0.081134 -0.063865 -0.001476 0.074945 -0.037766 -0.162866 -0.153011 -0.176366 -0.062199 -0.212840 -0.232530 -0.109373 -0.003641 -0.002956 0.000000 0.268508 0.475632 1.527879 1.302095 1.235446 0.046101 -1.140398 -0.170178 -0.000991 0.005243 0.287425 0.308508 0.000002 0.099439 1.031796 0.738224 0.553559 0.472808 0.462650 0.516497 0.408781 0.271578 0.124520 -0.026719 -0.129856
0.113870 -0.034372 -0.073043 -0.024298 -0.013484 -0.000429 0.000375 0.011392 0.108173 -0.064210 -0.003994 -0.000007 0.007842 0.019517 0.024379 0.006262 0.013265 0.028712 0.066116 0.741199 0.051352 -0.118029 -0.243622 -0.393481 -0.735355 -0.738326 -1.009687 -0.943531 -0.265234 -0.130369 -0.069458 -0.020457 -0.007109 0.000000 0.005460 0.148828 0.221166 0.040419 0.322871 0.174588 0.127871 0.121694 0.002181 0.003684 0.004552 0.361482 0.423551 2.095694 2.983344 2.971072 2.503229 2.211076 2.013318 2.135965 1.859665 1.270187 1.026390 0.775519 0.475705
0.190637 -0.000306 -0.083861 -0.031472 -0.009520 -0.001186 0.000715 0.017126 0.119791 -0.146332 -0.012835 -0.000352 0.000352 0.007107 0.025987 0.009031 0.027195 0.046020 0.068562 -0.045390 -0.165578 -0.087355 0.154237 0.146997 -0.124943 -0.254968 -0.684811 -0.640651 -0.089192 -0.021195 -0.052597 -0.014836 -0.007166 0.000000 0.009583 0.071128 0.557219 0.128999 0.077744 0.169961 0.228837 0.245297 0.032353 0.001813 0.301398 1.193107 1.625129 1.915632 1.641129 1.925424 1.698002 1.463816 1.424929 1.507775 1.213176 1.051885 0.629587 0.095982 -1.034700
0.043049 -0.005076 -0.018456 -0.023670 -0.024336 -0.011833 0.000000 0.011731 0.869113 0.301787 -0.023659 -0.007806 0.000007 0.009382 0.015965 0.032292 0.007730 0.011955 0.022197 0.042792 0.127417 -0.028446 -0.093076 -0.107651 0.015843 0.084031 0.102216 0.070118 -0.024564 -0.061815 -0.036115 -0.012079 -0.000223 0.007910 0.018871 0.586250 0.608962 0.149295 0.308375 0.692472 0.688991 0.599885 0.275222 0.562556 0.630095 1.194945 1.594524 1.363409 0.233098 0.120564 0.499848 0.357303 0.541194 0.251090 0.051214 -0.146219 -0.461644 -1.099280 -0.101381
-0.002094 -0.006011 -0.002212 -0.012697 -0.015994 -0.008201 0.000000 0.012297 0.835048 0.597372 -0.172698 -0.004729 -0.000144 0.000656 0.006185 0.009044 0.016089 0.018935 0.010657 0.001583 0.000452 -0.006157 -0.025915 0.006375 0.053212 0.227480 0.429288 0.016838 -0.143323 -0.011192 -0.015049 -0.000389 0.000027 0.000273 0.019553 0.030673 -0.125283 0.012777 0.306204 0.519945 0.289535 0.275546 0.204415 0.213602 0.337781 0.626999 0.589823 0.191632 0.001432 0.063496 0.285614 0.196279 0.356856 0.069046 -0.136927 -0.427383 -1.091737 -0.127655 -0.135102
-0.000222 0.000222 -0.002930 -0.022603 -0.009574 -0.000399 0.000109 0.049043 0.082512 -0.057367 -0.190700 -0.040295 -0.012437 0.000026 0.011314 0.025312 0.065647 0.188952 -0.026817 -0.019408 0.000000 0.001169 0.001311 0.097881 0.141852 0.166015 0.210512 0.347864 0.015929 -0.061310 -0.005208 -0.000547 0.000722 0.000926 0.004241 0.291408 0.304131 0.273190 0.195354 0.254752 0.238035 0.202214 0.340313 0.185857 0.382108 0.663162 0.448520 0.136215 0.002042 0.053056 0.156676 -0.361146 -0.429980 -0.447526 -0.419058 -0.669677 -0.169830 -0.103842 -0.122827
-0.000075 -0.000181 0.000267 -0.000823 -0.001608 -0.000339 0.000282 -0.002449 -0.027510 -0.174423 -0.088600 -0.016409 -0.000836 0.011341 0.021597 0.021947 0.083685 0.199179 -0.019647 -0.081531 0.000000 0.079115 0.181558 0.513052 0.547409 0.749862 0.308197 0.221764 0.097311 0.036466 0.011629 0.004135 0.003925 0.449404 0.595846 0.639513 0.545737 0.376280 -0.000048 0.129893 0.151459 0.152177 0.253275 0.193717 0.378593 0.439655 0.391596 0.174812 -0.001294 0.008189 -0.006600 -0.514788 -1.152829 -1.078181 -0.808711 -0.148405 -0.124923 -0.184837 -0.206794
-0.008451 -0.015945 -0.030260 -0.022873 -0.016528 -0.001553 0.001249 0.045766 -0.322556 -0.195180 -0.061431 -0.083889 -0.000027 0.006471 0.021030 0.116151 0.058754 0.024398 -0.108180 0.059881 0.178044 0.311500 0.438387 0.683958 0.591234 0.321182 0.001502 0.001069 0.008805 0.027811 0.278865 0.302899 0.414900 0.815425 0.906678 0.329478 0.014477 0.003539 -0.001188 -0.000082 0.000727 0.126358 0.303731 0.310755 0.480596 0.409144 0.156324 -0.157106 -0.042613 -0.000535 0.000062 0.006851 0.060285 -0.122664 -0.351933 -0.160749 -0.098936 -0.133938 -0.127071
-0.016354 -0.019218 -0.019705 -0.017627 -0.014412 -0.002787 -0.001859 -0.000402 -0.000711 0.000000 0.000619 0.001188 0.014795 0.073511 0.287715 0.190503 0.093268 0.035147 0.636303 1.081947 0.982235 1.031460 1.351445 1.053535 0.818274 0.364959 0.001766 0.001336 0.008424 0.022036 0.044956 0.130883 0.174096 0.005060 -0.080622 -0.470943 -0.099904 -0.007157 -0.000208 0.000326 0.010588 0.038451 0.296402 0.478453 0.681828 0.314710 -0.232577 -0.663073 -0.110734 -0.006388 -0.000326 0.000208 0.018409 0.069076 0.088493 -0.081516 -0.182412 -0.059837 -0.025028
-0.005525 -0.006635 -0.006923 -0.006732 -0.005912 -0.001599 -0.001800 -0.000492 -0.000641 0.000000 0.004204 0.011315 0.022028 0.114280 0.366298 0.200408 1.332497 2.316988 2.235923 2.686919 1.333445 1.250337 1.019745 0.818932 0.451301 -0.000324 -0.049812 0.000279 0.067106 0.407107 0.218290 0.196447 -0.002289 -0.459978 -1.217719 -0.829361 -0.160183 -0.006761 -0.000003 0.000581 0.001561 0.061235 0.755885 0.631068 0.182241 0.213458 -0.156405 -0.049413 -0.088474 -0.157043 -0.005981 0.000003 0.041714 0.134888 0.014795 -0.215776 -0.059821 -0.062272 -0.039859
0.324647 0.237253 0.229114 0.174215 0.107706 0.092392 0.051898 -0.000683 -0.000556 0.000000 0.006516 0.245685 0.803478 0.161694 0.612065 1.736058 1.221204 1.828511 1.753646 -0.061761 -0.031862 0.016822 0.066941 0.120265 0.035337 0.008169 0.001024 0.070179 0.150471 0.319930 0.004251 -0.012982 0.000000 0.007010 0.030111 0.046697 -0.032141 -0.072229 0.001861 0.108640 1.305396 1.404890 3.186873 3.083147 2.044172 1.639078 0.198764 -0.019254 -0.046809 -0.083550 -0.099503 0.000618 0.026792 0.019951 0.014846 -0.081080 -0.078293 -0.055189 -0.013898
0.344898 0.817234 0.560902 0.512416 0.648190 0.559205 0.637146 1.343547 1.688329 1.265330 1.100917 1.062179 2.347056 1.651654 3.355405 0.725933 0.242418 0.059380 -0.008311 -0.005599 0.000271 0.076543 0.111528 0.038680 0.006641 0.001684 0.016431 0.035004 0.043251 0.024049 -0.032472 -0.009136 0.000002 0.005059 0.029927 0.077207 0.179895 0.004324 0.016109 0.972286 2.588516 2.213302 2.102733 1.731393 0.089341 -0.026470 -0.007003 -0.000448 -0.000050 0.000491 -0.000872 0.004505 0.010270 0.042148 -0.043598 -0.095724 -0.027137 -0.026557 -0.013708
0.192855 0.421996 0.487172 0.661988 0.768929 0.939061 1.004953 1.376620 1.675049 1.551199 1.697214 1.931448 1.052941 0.753088 -0.010993 -0.001199 -0.007221 -0.013012 -0.004322 0.000136 0.009867 0.112657 0.004160 -0.008546 -0.000021 0.007178 0.008655 0.000328 0.000070 -0.000557 -0.004950 -0.003351 0.000130 0.006912 0.027229 0.087129 0.066387 0.039620 0.080961 0.275463 0.144495 0.016061 0.097833 -0.033500 -0.027000 -0.008284 -0.000468 -0.000302 -0.000078 0.001270 0.002783 0.009157 0.005991 0.002582 -0.013388 -0.161285 -0.024896 -0.007017 -0.000994
0.164645 0.214097 0.031491 0.043830 0.161151 0.187228 0.095972 -0.045392 -0.137883 -0.270714 -0.678057 -0.023987 -0.001365 -0.003631 -0.025504 -0.023719 -0.016560 -0.005143 0.000168 0.005066 0.021727 0.273754 0.099457 -0.008052 -0.000600 -0.000898 -0.000444 -0.000001 0.000111 -0.009365 -0.003217 0.000002 0.006130 0.019391 0.068144 0.146677 0.164702 0.113724 0.036934 0.004168 -0.204033 -0.426062 -0.112310 -0.020329 -0.019089 -0.007410 -0.000368 0.000050 0.000526 0.016880 0.037096 0.014848 0.001950 0.012567 0.069590 -0.131148 -0.033177 -0.013888 -0.000023
