use_cases/Flooding_chicago/flooding_data/output/hUx_240.asc
ncols 337
nrows 393
xllcorner 428428.000000
yllcorner 4602440.000000
cellsize 26.757400
NODATA_value -9999.000000
[rows 130 to 155 of 393, columns 59 to 117 of 337]
-9999.000000 -9999.000000 -9999.000000 -9999.000000 -9999.000000 -9999.000000 -9999.000000 -9999.000000 -9999.000000 -9999.000000 -9999.000000 -9999.000000 -9999.000000 -9999.000000 -9999.000000 -9999.000000 -9999.000000 -9999.000000 -9999.000000 -9999.000000 -9999.000000 -0.000844 -0.001297 -0.003871 -0.001698 -0.002943 -0.003491 -0.000927 -0.005559 -0.003659 0.000000 -9999.000000 -9999.000000 -9999.000000 -9999.000000 -9999.000000 -9999.000000 -9999.000000 -9999.000000 -9999.000000 -9999.000000 -9999.000000 -9999.000000 -0.002087 0.001553 0.000656 0.000414 0.000681 0.001848 0.055284 0.043088 0.007253 0.120658 0.378723 0.121904 0.000229 -0.000845 -0.004074 -0.006354
-9999.000000 -9999.000000 -9999.000000 -9999.000000 -9999.000000 -9999.000000 -9999.000000 -9999.000000 -9999.000000 -9999.000000 -9999.000000 -9999.000000 -9999.000000 -9999.000000 -9999.000000 -9999.000000 -9999.000000 -9999.000000 -9999.000000 -9999.000000 -0.000939 -0.000160 -0.000160 -0.001752 -0.002404 0.000000 -0.013271 -0.021007 -0.052862 -0.006917 -0.000058 0.000341 0.000397 0.001537 0.001194 -0.000446 -0.003888 -0.001232 -0.000349 -0.052529 -0.019635 -0.008996 0.000015 -0.003514 -0.001529 -0.000544 0.000007 0.007809 0.026099 0.123286 -0.000010 0.000672 0.011001 0.019039 0.003466 -0.002343 -0.014454 -0.067417 -0.021201
-9999.000000 -9999.000000 -9999.000000 -9999.000000 -9999.000000 -9999.000000 -9999.000000 -9999.000000 -9999.000000 -9999.000000 -9999.000000 -9999.000000 -9999.000000 -9999.000000 -9999.000000 -9999.000000 -9999.000000 -9999.000000 0.000000 -0.001472 -0.002783 -0.000207 0.000326 0.000502 -0.000782 -0.001701 -0.008626 -0.012212 -0.012128 -0.006383 -0.000487 -0.000388 0.000934 0.002180 0.001300 -0.001383 -0.012123 -0.006284 -0.009187 -0.023829 -0.009433 -0.000589 0.000404 -0.000157 -0.002612 -0.000352 0.000352 0.010067 0.023993 0.006403 0.003691 0.002130 0.024991 0.066818 0.144252 0.257331 -0.128449 -0.088580 -0.022666
-9999.000000 -9999.000000 -9999.000000 -9999.000000 -9999.000000 -9999.000000 -9999.000000 -9999.000000 -9999.000000 -9999.000000 -9999.000000 -9999.000000 -9999.000000 -9999.000000 -9999.000000 -9999.000000 -9999.000000 -0.000219 0.004871 0.004445 0.000490 -0.000003 0.012395 0.048854 -0.001836 -0.018425 -0.037303 -0.011350 -0.024361 -0.027648 -0.000096 -0.000576 0.000145 0.045533 0.056368 0.035574 -0.009866 -0.016464 -0.047744 -0.035452 -0.009847 -0.000782 0.000725 0.003695 0.001061 -0.000007 0.000650 0.001642 0.002723 0.002575 0.003241 0.035953 0.085763 0.114387 0.166107 0.288332 -0.132816 -0.098013 -0.021290
-9999.000000 -9999.000000 -9999.000000 -9999.000000 -9999.000000 -9999.000000 -9999.000000 -9999.000000 -9999.000000 -9999.000000 -9999.000000 -9999.000000 -9999.000000 -9999.000000 -9999.000000 -9999.000000 0.000046 0.015723 0.060760 0.169705 0.075955 -0.000176 0.000838 -0.128004 -0.031431 -0.037103 -0.036737 -0.085713 -0.018604 -0.001392 -0.002079 -0.000093 0.001562 0.018918 0.004182 -0.092475 -0.006703 -0.000360 0.000360 -0.060139 -0.010877 -0.000389 0.000369 0.002501 0.002043 0.012426 0.002196 -0.007409 -0.020539 -0.000805 0.001655 0.030688 0.051586 0.006487 0.012774 0.025087 -0.005538 -0.049001 -0.016793
-9999.000000 -9999.000000 -9999.000000 -9999.000000 -9999.000000 -9999.000000 -9999.000000 -9999.000000 -9999.000000 -9999.000000 -9999.000000 -9999.000000 -9999.000000 -9999.000000 -9999.000000 -0.001789 0.000681 0.002548 0.009681 0.093251 0.006699 0.009019 0.000038 -0.114388 -0.030512 -0.026231 0.003048 0.001027 -0.044548 -0.011686 -0.002617 -0.001769 0.001869 -0.010666 -0.028500 -0.097999 -0.006703 -0.000360 0.000360 -0.003823 -0.001336 -0.000128 0.000356 0.009777 0.014830 0.014458 0.143962 0.344426 -0.091805 -0.001385 0.001370 0.011146 0.003887 0.001140 0.007991 0.020883 0.007805 0.001191 0.002149
-9999.000000 -9999.000000 -9999.000000 -9999.000000 -9999.000000 -9999.000000 -9999.000000 -9999.000000 -9999.000000 -9999.000000 -9999.000000 -9999.000000 -9999.000000 -9999.000000 -0.000047 0.003779 0.006083 0.003459 0.000903 0.011939 0.249687 -0.000379 0.000141 0.014903 -0.001072 0.000202 0.001243 0.031596 -0.016794 -0.039607 -0.034193 -0.000919 0.000377 0.000466 0.008618 -0.003162 -0.006689 -0.000502 -0.001059 -0.001113 0.000390 -0.000139 -0.001761 -0.004539 0.003368 0.010746 0.003650 -0.007049 -0.019988 -0.001767 0.001516 0.001501 0.000474 0.000368 0.005740 0.010449 0.050830 0.000000 0.014295
-9999.000000 -9999.000000 -9999.000000 -9999.000000 -9999.000000 -9999.000000 -9999.000000 -9999.000000 -9999.000000 -9999.000000 -9999.000000 -9999.000000 -9999.000000 -0.001753 -0.000840 0.000875 0.000693 0.000187 0.000289 0.010680 0.012894 0.132172 0.074458 0.056798 -0.002223 0.001051 0.003104 0.051983 0.000539 -0.361484 -0.029248 -0.000483 -0.000060 0.000517 0.010958 0.181553 -0.001288 0.000356 -0.000418 -0.002755 -0.000578 -0.001197 -0.002684 -0.006663 -0.009454 -0.000369 0.000412 0.001501 0.000080 0.000000 0.012470 0.055794 0.013038 -0.000935 0.000178 0.012861 0.015461 0.003301 0.002359
-9999.000000 -9999.000000 -9999.000000 -9999.000000 -9999.000000 -9999.000000 -9999.000000 -9999.000000 -9999.000000 -9999.000000 -9999.000000 -0.003831 -0.006423 -0.002785 -0.001150 0.001927 0.001017 -0.000326 0.000207 0.019076 0.030921 0.027783 0.003962 0.000067 -0.001264 0.004323 0.005423 0.060687 0.084996 -0.384009 -0.036386 -0.006670 0.000000 0.007122 0.026718 0.162824 -0.000604 0.000360 0.005586 -0.005402 -0.050050 -0.180811 -0.213275 -0.107767 -0.037752 -0.000706 0.000922 0.004111 0.001256 0.000000 0.012230 -0.912200 -0.096524 -0.012089 0.000000 0.007844 0.127352 0.047403 0.030155
-9999.000000 -9999.000000 -9999.000000 -9999.000000 -9999.000000 -9999.000000 -9999.000000 -9999.000000 -9999.000000 -9999.000000 -9999.000000 -0.005861 -0.002639 -0.002136 0.003077 0.002774 -0.032956 -0.007273 0.000003 0.006716 0.009162 0.016004 0.002853 0.000000 0.001274 0.001147 0.022846 0.111991 0.009516 -0.110200 -0.015838 -0.009526 0.000000 0.011737 0.017857 0.079998 0.018887 0.059883 0.046542 -0.012888 -0.206940 -0.177062 -0.019972 -0.009722 -0.001303 -0.000701 0.001399 0.002782 0.000545 0.000000 0.011980 0.049059 -0.068882 -0.010835 0.000000 0.014400 0.021632 0.098828 0.040361
0.000000 -9999.000000 -9999.000000 -9999.000000 -9999.000000 -9999.000000 -9999.000000 -9999.000000 -9999.000000 -9999.000000 -0.003528 -0.002788 -0.003537 0.000844 0.004121 0.044580 0.028386 -0.004792 -0.000069 0.000644 0.000915 -0.000789 0.000520 0.003573 0.003293 0.001576 0.037946 0.118727 -0.019447 -0.195195 -0.013960 -0.006670 0.000000 0.008239 0.020441 0.056754 0.151614 0.086946 0.049069 -0.315717 -0.102836 -0.011819 -0.001354 -0.002125 -0.000843 -0.000105 0.000782 0.004305 0.000745 -0.000391 0.000285 0.001393 -0.099273 -0.006968 0.000000 0.006814 0.013334 0.009169 0.033790
-0.000418 -9999.000000 -9999.000000 -9999.000000 -9999.000000 -9999.000000 -9999.000000 -9999.000000 0.000000 -0.127141 -0.021418 -0.004035 -0.004251 0.000180 0.004642 0.003351 0.110627 0.087785 -0.000067 0.000135 -0.013732 -0.002839 -0.000114 0.002821 0.069880 0.068892 0.034751 -0.001517 -0.052678 -0.137700 -0.039610 -0.000487 -0.000120 0.000533 0.001465 0.024323 0.171715 0.104642 0.064657 -0.530854 -0.134009 -0.020397 -0.000020 0.025992 0.025541 -0.000145 0.000204 0.016953 0.023211 0.013346 -0.000713 0.001127 0.000061 0.001028 -0.000070 0.000630 0.006990 0.016030 0.031900
-0.010064 -0.000360 0.000360 0.002316 0.001994 0.003847 0.002792 0.002660 0.018937 -0.059069 -0.028391 -0.004179 -0.004258 -0.002729 0.000000 0.011714 0.019884 0.120096 0.033908 0.018456 0.073858 -0.001860 -0.000055 0.001878 0.003127 -0.000159 0.000440 0.005339 0.096722 -0.009334 -0.024648 -0.018833 -0.002644 0.013925 0.033835 0.017648 0.087324 0.061646 0.016934 -0.015064 -0.087599 -0.032071 -0.000036 -0.007279 0.007422 0.024359 0.009336 -0.005046 -0.004655 -0.004615 -0.000731 0.000877 0.008004 0.010034 0.002544 0.000920 0.015282 0.084367 0.217299
-0.007361 -0.000360 0.000360 0.004401 0.004660 0.002652 0.006668 0.006535 0.002549 0.001069 -0.002041 -0.001955 -0.000012 0.000593 0.000418 0.001376 0.016091 0.167804 1.042544 -0.000000 0.000768 0.003832 0.027306 -0.002134 -0.000155 0.000000 0.008780 0.021755 0.028941 -0.001801 -0.016109 -0.022630 -0.001684 0.024521 0.021112 0.137055 0.113147 -0.001200 -0.005170 -0.017039 -0.051875 -0.027356 -0.000651 0.000141 -0.010686 -0.013646 0.008303 0.027129 0.022957 0.012549 -0.000374 0.000403 0.003965 0.004066 0.018412 0.020649 0.127417 0.175200 0.157669
-0.000919 -0.000734 0.000010 0.003295 0.004070 0.002492 -0.000429 -0.004428 -0.001059 -0.000558 -0.000237 0.002239 0.024500 0.023611 0.008865 0.000060 0.013280 0.007899 -0.006034 -0.000003 0.005978 0.037107 0.289462 -0.001293 -0.000511 0.000000 0.002579 0.001442 -0.000766 -0.000073 -0.000058 -0.000517 -0.000377 0.000694 0.001716 0.000760 -0.000758 -0.000090 0.000764 -0.014234 -0.013504 -0.021708 -0.000945 -0.000054 0.000258 0.000956 0.002102 0.001718 0.000961 0.032171 0.027407 0.081909 0.077366 0.081258 0.075963 0.045218 0.009216 0.012730 0.027231
0.001145 0.000465 -0.000392 -0.000160 0.000858 0.000792 -0.000873 -0.001288 -0.002190 0.000000 0.003074 0.003053 0.030677 0.025857 0.014760 0.004997 0.001922 -0.008966 -0.006363 -0.000207 0.000326 -0.000421 -0.023749 -0.005609 0.000000 0.000441 0.001343 -0.004260 -0.035952 -0.005850 -0.000810 0.000526 0.001395 0.002509 0.003594 0.000913 -0.001206 -0.000680 0.001509 0.000924 -0.022155 -0.088628 -0.005852 -0.000222 0.000222 0.005809 0.020170 0.004573 0.067757 0.069172 0.037362 0.100627 0.082628 0.072526 0.053423 -0.000129 0.000104 0.010968 0.018256
0.006656 0.005598 -0.000648 -0.000504 0.000385 -0.006273 -0.058337 -0.008381 -0.001081 -0.000253 0.000514 0.001373 0.000955 0.023560 0.118595 0.045631 0.018305 -0.070503 -0.011015 -0.000457 0.000581 0.001555 0.008397 0.030604 0.000000 0.005033 0.025330 -0.068949 -0.022913 -0.001052 -0.002822 0.001936 0.003291 0.010971 0.007557 -0.000222 0.000222 -0.005306 -0.000717 0.000475 0.006474 -0.009386 -0.026175 -0.000201 0.000077 0.000812 0.021437 0.152892 0.073722 0.000036 0.028789 0.238361 -0.000022 0.000640 0.010401 -0.000222 0.000222 0.003946 0.014683
0.011960 0.057100 0.007971 -0.000026 -0.105482 -0.110181 -0.011868 -0.004915 -0.006833 -0.000380 -0.000426 0.000629 0.000717 0.001016 0.002755 0.019770 0.032872 0.013976 -0.014391 -0.005086 -0.000179 0.000620 0.010634 0.014351 0.001560 -0.059619 -0.157839 -0.108843 -0.008742 -0.000141 0.000377 0.008352 0.008016 0.024329 0.016951 -0.003166 -0.019195 -0.019074 -0.002794 0.000516 0.001047 0.000799 0.002646 -0.000441 -0.003191 0.003509 0.008842 0.034094 -0.000270 0.000823 0.008927 0.006140 0.003743 0.002029 0.002664 -0.000103 0.000103 0.008665 0.016354
0.026302 0.189987 0.001094 0.005777 -0.035340 -0.006174 -0.011169 0.000749 0.007694 0.008005 -0.000375 -0.000685 -0.004113 -0.021590 -0.028985 -0.000000 0.041678 0.103271 -0.018828 -0.006887 -0.000341 0.000121 0.001311 -0.073234 -0.141926 -0.186084 -0.334267 -0.022484 -0.009266 0.000011 0.019088 0.019644 0.016327 0.008189 0.062104 -0.086958 -0.078115 -0.006301 -0.008793 -0.001071 0.000104 0.001155 0.044615 0.793808 -0.013014 -0.007507 -0.001843 0.000001 0.003230 0.002991 0.010746 0.008605 0.004075 0.010862 0.006272 0.018658 0.027269 0.072561 0.020481
-0.008832 0.010565 -0.000277 0.002353 -0.162314 -0.007488 -0.000007 0.013738 0.011888 0.033762 0.010782 -0.000512 -0.010520 -0.072430 -0.008617 -0.000010 0.033298 0.103162 0.107143 -0.014904 -0.006607 -0.000076 0.000226 -0.018520 -0.028170 -0.003534 -0.013801 -0.008757 -0.000793 0.000252 0.017684 0.019942 0.019140 0.011993 0.064373 0.809924 -0.005446 -0.012465 -0.014427 -0.002412 0.000529 0.002756 0.066475 0.934110 -0.005035 -0.004498 -0.008772 0.000035 0.004160 0.002729 0.009138 0.005569 0.017647 0.013001 0.080883 0.186304 0.275053 0.149283 0.081140
-0.040884 -0.041906 -0.000291 0.000715 -0.020830 0.008248 -0.000384 0.000325 0.026325 0.130111 0.222813 -0.000047 -0.158651 -0.057944 -0.016897 -0.000225 0.000796 0.028874 0.151905 0.215739 0.067980 -0.057577 -0.149241 -0.138256 -0.167016 -0.017149 -0.002726 -0.015078 -0.005467 0.000000 0.000856 0.000904 0.000896 0.007069 0.004144 -0.015317 -0.004782 -0.009018 -0.003343 -0.003612 0.002100 0.004285 0.029370 0.006905 0.001562 -0.000202 -0.000127 0.000957 0.011046 0.045980 0.013398 0.024150 0.019329 0.009598 0.028097 0.013943 0.006280 0.001319 0.000786
0.062136 -0.005128 0.000041 0.000023 -0.223754 -0.073729 -0.018036 -0.000325 0.000384 0.006487 0.237762 0.095093 -0.256199 -0.038204 -0.008063 0.000000 0.008009 0.032128 0.086244 0.080926 -0.000133 -0.028954 -0.004220 -0.005926 -0.006176 -0.010165 -0.013622 -0.004035 -0.016284 -0.008182 -0.000612 0.000133 0.000742 0.007327 0.004279 -0.055629 -0.164994 -0.047222 -0.015865 -0.000486 0.000255 0.018429 0.067476 -0.053914 -0.013145 0.000000 0.001327 0.001086 0.030602 0.023554 0.044148 0.026189 0.011326 0.013759 0.000000 0.005629 0.003613 0.000234 0.000000
0.171335 0.342737 0.128256 -0.111945 -0.232889 -0.022877 -0.002042 -0.000359 0.000007 0.006075 0.193154 0.166220 -0.196490 -0.034475 -0.008063 0.000000 0.010590 0.032592 0.069301 0.058064 -0.022168 -0.034603 -0.011217 -0.014928 -0.005056 -0.007897 -0.004275 -0.001114 -0.016699 -0.006911 -0.002159 -0.006938 0.001494 0.008125 0.046518 -0.019346 -0.163546 -0.059956 -0.017939 -0.001037 -0.000228 0.000941 0.000372 -0.000592 -0.003542 0.000000 0.017624 0.017378 0.047949 0.030098 0.068472 0.182508 0.115432 0.488217 0.064188 0.026793 0.008077 0.000000 0.005232
0.256772 0.466731 0.062857 -0.113739 -0.009087 -0.000117 0.000203 0.002152 0.001470 0.003098 0.002484 -0.024376 -0.093617 -0.012090 -0.010711 0.000000 0.012414 0.025473 0.004966 0.017590 -0.016180 -0.017538 -0.002869 -0.005085 -0.004566 0.001298 0.006538 -0.022313 -0.054779 -0.015491 -0.062628 -0.013167 -0.000761 -0.000194 0.000616 -0.002879 -0.007594 -0.012645 -0.006140 -0.007386 -0.000713 0.000388 0.001464 0.001179 0.001751 0.028556 0.075790 0.032871 0.012445 0.038379 0.090927 0.182538 0.115611 0.081429 0.048675 0.018868 0.006411 0.001033 0.020172
0.253113 0.466905 0.158155 -0.013627 -0.005909 0.000000 0.003636 0.004168 0.006759 -0.000178 0.000799 0.000734 -0.134152 -0.018995 -0.005812 0.000000 0.011428 0.034664 0.054201 0.014570 -0.020132 -0.008866 -0.006017 -0.009310 -0.007686 -0.000033 0.003330 -0.007136 -0.042197 -0.758838 -0.164979 -0.012543 -0.000926 -0.000995 0.000540 0.001145 -0.003985 -0.001559 -0.003848 -0.006475 -0.008401 -0.000642 0.001070 0.000800 0.003787 0.002495 0.009164 0.037411 0.009933 0.009000 0.002958 0.011404 0.009140 0.005326 0.036186 0.112827 0.038538 0.019048 0.016766
0.216720 0.309896 0.050340 -0.009834 -0.000170 0.000159 0.001118 0.001848 0.019590 0.014681 -0.005801 -0.017508 -0.027911 -0.084096 -0.014396 0.000000 0.008331 0.006498 0.042716 0.627586 -0.007375 -0.014165 -0.006597 -0.013674 -0.013054 -0.001138 -0.001496 -0.000009 0.000402 -0.018986 -0.042623 -0.132782 -0.063083 -0.030301 -0.000612 0.000519 -0.024186 -0.029937 -0.035846 -0.100790 -0.019692 0.000000 0.009599 0.028592 0.008120 0.002989 0.010424 0.049280 0.095119 0.158623 0.093504 0.062243 0.036272 0.018001 0.045394 0.221192 0.257712 -0.080816 -0.000648
