use_cases/Flooding_chicago/flooding_data/output/hUx_2160.asc
ncols 337
nrows 393
xllcorner 428428.000000
yllcorner 4602440.000000
cellsize 26.757400
NODATA_value -9999.000000
[rows 104 to 129 of 393, columns 177 to 235 of 337]
-0.161453 -0.153295 -0.204027 -0.425714 -0.015455 -0.001285 -0.009132 -0.004142 0.000000 0.003070 0.002095 0.013959 0.023010 0.056848 0.424697 0.353819 0.841390 1.346554 1.288894 1.223820 0.958988 0.669396 0.439649 0.335280 0.174214 0.184622 0.171217 0.095798 0.103655 0.068440 0.086591 0.141886 0.133392 0.184025 0.129978 -0.000001 0.008856 0.248886 0.607081 0.127153 0.076234 0.116606 0.647917 0.732318 0.452162 -0.099357 0.002734 0.004192 -0.736476 -0.271884 0.000028 0.024635 0.000398 0.006299 0.105435 1.320564 0.298667 0.308708 0.242062
0.000292 0.040393 0.047947 0.038823 0.053415 0.025856 -0.066631 -0.022201 -0.006630 -0.000034 0.000688 0.008634 0.060509 1.245592 1.826714 1.756633 1.745215 1.883930 2.148420 1.736445 1.478566 1.180611 0.953413 0.817448 0.797814 0.756277 0.827471 0.526091 0.383160 0.071566 0.103015 0.119246 -0.009836 -0.418005 -0.006027 -0.000058 0.000792 0.009946 0.162840 0.082624 0.042340 0.073793 0.518046 0.750321 0.291246 -0.000360 0.000360 0.013444 0.751542 0.589836 0.753850 0.756095 0.519794 0.440400 0.417983 2.827204 1.301525 1.420835 1.570935
-0.000017 0.009160 0.021536 0.411861 0.872279 0.969319 1.151980 0.709305 -0.158737 -0.019426 0.000020 0.008579 0.034332 0.437757 -0.017418 -0.133986 -0.430298 -0.750801 -0.882150 -0.604234 -0.515715 -0.529947 -0.591603 -0.525556 -0.526560 -0.309263 -0.092489 0.047794 0.012947 -0.000806 0.000191 -0.092471 -0.030903 -0.024841 -0.011398 0.000022 0.013470 0.019918 0.072944 0.027702 0.031722 0.020758 0.093387 0.013770 -0.023413 -0.000360 0.000360 0.243819 0.914674 0.580250 0.004596 0.001254 0.136329 0.252109 0.321868 0.569981 0.556554 0.416946 0.485261
-0.000711 -0.000216 0.000144 0.143371 0.414959 0.678962 0.817171 1.440322 1.703549 1.539855 1.469062 1.225080 1.957468 1.216690 0.534149 0.199282 -0.268244 -0.811893 -1.398642 -1.540267 -1.639901 -1.276319 -0.862583 -0.613015 -0.439262 -0.367169 -0.301905 -0.312580 -0.019733 -0.012027 -0.000367 -0.000411 -0.008242 -0.003399 0.001595 0.000862 0.010287 0.021433 0.053933 0.087194 0.018044 0.013000 0.583297 0.718182 0.636944 0.853702 0.984358 0.648478 1.306661 1.221092 1.222478 0.834003 0.611727 0.618206 1.154154 0.304249 -0.130598 -0.001424 0.004148
-0.053851 -0.006529 0.000000 0.161190 0.416600 0.367844 0.174894 0.511698 0.529748 0.159772 0.570792 0.497778 0.251235 -0.008105 -0.000425 -0.000300 0.000001 0.004056 0.008806 0.001257 0.139345 0.634899 1.876211 0.880078 0.737618 0.590557 -0.055456 -0.040250 -0.030226 -0.032345 -0.006922 -0.000165 0.000116 0.008697 0.029964 0.048464 0.093114 0.141426 0.447386 0.228298 0.265369 0.850974 1.367088 1.565173 1.317808 1.638485 0.961724 1.989775 1.626788 1.370560 1.190245 1.300992 1.446318 1.905387 1.860295 1.068238 0.416853 0.001148 0.002928
-0.258427 -0.068655 0.000000 0.276191 0.784907 0.070419 0.083244 0.078216 0.055715 -0.004226 -0.012361 -0.008154 -0.000855 -0.010975 -0.007875 -0.000663 0.000069 0.000711 0.007074 0.016508 0.025620 0.194516 0.474022 -0.030141 -0.037075 -0.052982 -0.047923 -0.018763 -0.001219 -0.003146 -0.000441 -0.000549 -0.000103 0.000604 0.010947 0.038487 0.029820 0.023564 0.034054 0.409008 0.434007 1.335499 1.802443 1.249002 1.456327 0.801673 0.618956 0.315711 0.103781 0.023533 0.007670 0.378821 0.654121 1.374508 1.353809 0.773890 0.547590 0.163652 0.009986
-0.004571 0.244644 0.022211 0.482289 0.301364 0.094704 -0.047700 -0.069779 -0.008517 -0.030306 -0.014384 -0.008360 -0.000682 -0.000250 -0.000267 -0.000418 0.000446 0.000787 0.007107 0.027353 0.054664 0.249983 -0.235241 -0.012158 -0.005095 -0.001688 -0.017463 -0.018569 0.000001 -0.005874 -0.001483 -0.004553 -0.000544 0.000304 0.000573 0.007208 0.026034 0.026144 0.070004 0.425603 0.530432 0.826882 0.623676 0.183214 -0.038988 -0.008544 -0.000003 -0.000071 -0.000095 0.000402 0.009685 0.165673 0.258235 0.820933 0.614988 0.318897 0.262169 0.009177 0.003982
0.092314 0.710832 0.991203 0.902669 0.572975 0.000000 0.000617 0.001232 -0.011543 -0.041520 -0.014295 -0.008215 -0.000406 0.000312 0.000649 0.000455 0.000443 0.000452 0.011131 0.045569 0.059135 -0.199122 -0.021825 -0.014775 -0.000583 -0.000846 -0.001222 -0.001738 0.000019 0.006026 0.000579 -0.001071 -0.000106 0.000237 0.000352 0.013319 0.020512 0.041483 1.110634 1.331381 1.237355 1.262222 0.453069 -0.088167 -0.023182 -0.005267 -0.000201 0.000022 0.000006 0.009527 0.028937 0.207397 0.753027 0.357349 0.220820 0.239504 0.311307 0.277910 0.286820
-0.048902 -0.028746 -0.037235 -0.126441 -0.009196 0.000000 0.009808 0.029363 0.049648 0.016360 -0.000436 -0.053101 -0.006265 -0.000194 0.000075 0.000366 -0.002076 -0.001106 0.008924 0.009113 0.019443 -0.864818 -0.019461 -0.010323 -0.001051 -0.000416 -0.000245 0.000247 0.000440 0.021465 0.021810 0.004076 0.000902 0.000454 0.000354 0.014421 0.027538 1.648342 2.046018 2.014341 1.566945 0.821435 0.554847 -0.119994 -0.031732 -0.023809 -0.008381 -0.000330 0.000396 0.015324 0.043041 0.123440 0.319475 -0.002900 -0.002014 0.169228 0.478592 0.754964 0.776733
-0.275492 -0.315251 -0.393317 -0.175573 -0.007595 0.000000 0.008312 0.014810 0.055261 0.320713 0.284922 0.248639 0.071888 -0.030937 -0.005498 -0.015450 -0.025326 -0.028854 -0.000493 0.000071 0.006683 0.020740 -0.023203 -0.013150 -0.006325 -0.000786 -0.001280 -0.001276 0.000000 0.013283 0.077223 0.009576 0.018156 0.020947 0.002248 0.019429 0.153672 0.954549 1.001491 1.388208 0.778387 0.581451 0.133759 -0.124157 -0.042179 -0.013588 -0.014375 -0.000401 0.000555 0.018877 0.029951 0.031643 0.041584 0.753285 0.693535 0.187625 0.174538 0.249849 1.069494
-0.294875 -0.183282 -0.159632 -0.185263 -0.013479 0.000001 0.012016 0.017123 0.018738 -0.110707 -0.164952 -0.246432 -0.374085 -0.050821 -0.000481 -0.083364 -0.044927 -0.009035 -0.006230 0.000000 0.007871 0.173273 -0.021874 -0.022961 -0.020160 -0.009276 -0.001163 -0.001385 0.000000 0.031485 0.082497 0.135063 0.197183 0.302444 0.157213 0.411420 1.738669 1.098422 0.029936 -0.214495 -0.183715 -0.304889 -0.963970 -0.083010 -0.091302 -0.074991 -0.012762 -0.000013 0.009884 0.011621 0.009857 0.019684 0.024113 0.030061 0.040485 0.568533 0.553657 0.470622 0.669274
0.213985 0.148261 -0.011420 -0.012971 -0.000381 0.000328 0.007720 0.016871 0.003895 0.020330 0.008456 -0.024685 -0.003782 -0.005852 0.002579 -0.186063 -0.034629 -0.008521 -0.000182 0.008278 0.155132 -0.071188 -0.170486 -0.025840 -0.028418 -0.026867 -0.022175 -0.012549 0.000000 0.005836 0.035757 0.099610 0.127366 0.041869 0.141582 0.491631 0.540010 0.667493 -1.163071 -1.994065 -1.776496 -1.172472 -0.058396 -0.027214 -0.025335 -0.016030 -0.001376 0.001332 0.008474 0.021592 0.035617 0.028805 0.026389 0.005079 0.025803 0.661799 0.630114 0.743708 0.908741
0.815400 0.700779 0.437363 -0.012995 -0.000007 0.007950 0.020062 0.013860 0.002569 0.097569 0.086114 0.066711 -0.001684 -0.001033 0.001540 0.127168 0.375126 -0.006166 -0.021239 -0.016916 -0.196715 -0.156117 -0.190659 -0.186733 -0.066550 -0.028235 -0.009130 -0.000244 0.005092 0.016780 0.015194 0.002699 0.009073 0.030325 0.006143 0.131707 0.104591 0.021445 0.002761 -0.028229 -0.106958 -0.120894 -0.099299 -0.008142 -0.001535 -0.001796 0.000000 0.010960 0.023514 0.034612 0.034192 0.038458 0.037087 0.070929 0.045362 0.538152 0.323008 0.286899 0.223615
0.766248 0.680520 0.670210 -0.042403 -0.000000 0.007227 0.025146 0.604626 0.832115 0.784485 0.825085 0.382660 0.310438 0.199217 -0.000094 0.000869 0.129706 0.107947 -0.112119 -0.158803 -0.040558 -0.061464 -0.070165 -0.124038 -0.046054 -0.106151 -0.024261 -0.000008 0.000877 0.009120 0.038044 0.018377 0.007003 0.018732 0.653456 0.463918 0.190605 -0.000202 -0.000008 0.000661 -0.017681 -0.033718 -0.083003 -0.008649 -0.002503 -0.003953 0.000000 0.007434 0.039883 0.037669 0.044123 0.025823 0.070610 0.026698 -0.121895 -0.366851 -0.373645 -0.276627 -0.225531
1.828221 2.181435 1.872443 1.449713 1.115236 1.797741 1.177997 1.598527 1.117987 0.557123 0.459339 0.368429 0.264951 0.175210 -0.000261 0.000478 -0.000182 -0.038988 -0.054106 -0.018675 -0.050882 -0.058939 -0.496753 -0.166355 -0.039736 -0.002537 -0.004080 0.002260 0.176137 0.662525 0.102436 0.231376 0.179388 0.484386 0.287403 -0.042050 -0.010876 -0.000294 0.000537 0.009458 0.058796 -0.043960 -0.076858 -0.170775 -0.042547 -0.016588 0.000000 0.013599 0.031942 0.044546 0.052290 0.144853 0.061891 0.022306 0.110347 0.425136 0.817149 1.188780 1.554609
0.875505 0.627614 0.517747 0.058463 0.532394 1.469887 0.862763 0.736510 0.293903 0.001845 0.175877 0.179906 0.183144 0.184739 0.152994 0.056504 -0.333331 -0.121818 -0.197515 -0.093571 -0.040052 -0.056966 -0.446623 -0.135003 -0.026511 -0.000671 -0.000017 0.023156 0.138948 0.088127 0.071678 0.196364 0.160083 0.453036 0.337158 -0.011669 -0.001316 -0.000210 0.001569 0.017138 0.077212 -0.035787 -0.058082 -0.159193 -0.030256 -0.012686 0.000000 0.015628 0.034710 0.054100 0.314109 0.216735 1.024294 1.769941 2.105049 2.768618 2.859357 2.954048 2.572052
0.588740 0.552649 0.309250 0.068442 0.021986 0.093279 2.251708 0.767463 0.735555 0.526262 0.284327 0.168670 0.125094 0.110765 0.078555 0.162117 0.072068 -0.111361 -0.449653 -0.083179 -0.029525 -0.057561 -0.507196 -0.147042 -0.061381 -0.036196 -0.000446 0.000247 -0.002293 0.000056 0.002488 0.018549 0.077732 0.016085 -0.025207 -0.022927 -0.001390 0.001009 0.001548 0.005995 0.003426 -0.090781 -0.154628 -0.305479 -0.009260 -0.000576 0.007371 0.020547 0.019593 0.287538 2.064553 1.663246 1.530448 1.422933 2.633528 1.918206 1.339453 1.349200 1.020181
0.135010 0.056451 0.052720 0.038431 0.000000 0.073785 0.070490 0.554548 0.631485 1.023256 1.807802 0.968684 0.728109 0.186598 0.173236 0.505565 0.418798 0.325823 0.136170 -0.041931 -0.078010 -0.048634 -0.603105 -0.162239 -0.066885 -0.039863 -0.004956 0.000000 -0.000385 0.006311 0.010274 0.006171 0.002812 0.001164 0.002146 -0.000875 0.000755 0.001728 0.013355 0.009073 0.003512 0.155027 0.253643 0.265085 0.131078 0.095234 0.030573 0.056856 0.136921 0.512055 1.026903 0.475652 0.039350 0.014583 0.055503 0.378701 -0.347206 -0.551945 -0.013030
0.019909 0.000259 0.031597 0.023377 0.180035 0.159575 0.147677 0.124309 0.046182 0.521231 1.460818 0.913439 0.899629 0.841384 0.808551 0.558714 0.447300 0.302803 -0.049371 -0.191413 -0.069484 -0.093574 -0.028905 -0.046076 -0.031029 -0.017014 -0.010927 0.000011 0.007613 0.025298 0.013688 0.002529 0.000025 0.006240 0.018353 0.005592 0.004442 0.030741 0.022826 0.063534 0.058421 0.760850 1.030236 1.344454 1.277025 1.467566 1.334951 2.031811 3.758164 2.146336 1.656040 -0.205724 -0.044777 0.002455 0.069471 0.138029 0.003977 -0.523675 -0.045234
0.171396 0.085301 0.080048 0.197993 0.307962 0.459279 0.365997 0.122288 0.000000 0.022758 0.290904 0.426475 0.489013 1.123602 1.167427 1.116429 0.725904 0.510171 0.249493 -0.157649 -0.066416 -0.156025 -0.065711 -0.022684 -0.020968 -0.013365 -0.000331 0.000393 0.019543 0.096254 -0.000116 0.000049 0.000842 0.006905 0.028509 0.009992 0.005252 0.001808 0.031939 0.351649 0.491209 0.807357 0.628587 0.512420 0.058396 0.044462 0.018526 0.018354 0.010823 0.000930 -0.024766 -0.027935 0.006431 0.017371 0.110260 0.130809 0.070402 -0.146289 -0.080970
0.212734 0.204293 0.085595 0.270858 0.168793 0.073716 -0.066657 -0.004890 0.000000 0.008022 0.361544 0.425219 0.562347 0.730412 1.258960 1.127301 0.996541 0.608766 0.117538 -0.151317 -0.337324 -0.019575 -0.012503 -0.009621 -0.007531 -0.000554 -0.000247 0.000569 -0.071157 -0.018968 -0.000172 0.000343 0.028235 0.054251 0.017388 0.006404 0.003340 0.000300 0.002065 0.311916 0.416798 0.450660 0.074545 -0.301197 -0.031261 -0.008060 -0.000459 0.001141 0.000420 0.006974 0.020521 0.033162 0.102340 0.054541 0.060663 0.055836 0.033238 -0.011085 -0.093410
0.550772 0.066563 0.052653 0.129198 0.176454 0.056419 -0.067300 -0.111544 0.000047 0.006557 0.335730 0.251047 0.333049 0.419451 0.357172 0.353415 0.487178 0.198154 0.049355 -0.329644 -0.028218 -0.033312 -0.020901 -0.019742 -0.008204 -0.000323 -0.000036 0.000321 -0.085005 -0.005878 0.000000 0.005878 0.014945 0.060202 0.101180 0.047262 0.125970 0.048736 0.241695 0.521379 1.104488 0.575406 -0.015949 0.000042 -0.006830 -0.057414 -0.022698 -0.000798 0.000102 0.010052 0.029397 0.041361 -0.181198 -0.059598 0.012770 -0.000002 0.005218 0.022197 -0.001142
0.080400 0.088846 0.107337 0.628736 0.697495 0.508547 0.555642 0.229133 0.182769 0.255839 0.559938 0.541709 0.534374 0.506881 0.351943 0.117866 0.376293 0.104000 -0.047986 -0.322731 -0.029653 -0.011098 -0.036544 -0.013276 -0.009909 -0.000341 -0.000010 0.000339 -0.080121 -0.005878 0.000000 0.005878 0.019695 0.023334 0.074265 0.035005 0.227781 0.493084 0.658644 0.753656 0.553774 -0.015041 -0.000000 0.000477 0.000643 -0.003165 -0.035715 -0.012166 0.000000 0.028636 0.051903 0.081555 0.482323 0.198159 -0.007755 -0.000140 0.000135 0.000954 0.000300
0.052242 0.057779 0.046389 0.108211 0.084913 0.092150 0.058623 -0.000182 0.002578 0.100400 0.156833 0.035789 0.048436 0.100852 0.127357 0.088005 0.083041 -0.126963 -0.282477 -0.761788 -0.031133 -0.003503 -0.006744 -0.017288 -0.023186 -0.015714 -0.000001 0.000908 -0.005171 -0.000210 -0.000091 0.000284 0.013727 0.032371 0.079855 0.038864 0.190232 0.367331 0.214242 -0.027523 -0.065002 -0.018370 -0.000003 0.005982 0.029858 0.002875 0.000580 0.003394 0.031076 0.021310 0.077086 0.071356 0.377976 0.086445 -0.004074 -0.000420 0.000045 -0.000184 -0.000182
0.023208 0.055127 0.422663 0.096783 -0.052068 -0.025637 -0.001863 0.000164 0.024945 0.041590 0.052445 0.158519 0.052235 0.026469 0.000052 0.110034 0.114427 0.170928 0.192861 0.220488 -0.005732 -0.009181 -0.026171 -0.098935 -0.052425 -0.011974 -0.000000 0.020192 -0.001039 -0.006170 -0.024157 -0.036923 0.000641 0.021622 0.037432 0.060004 0.008713 0.002868 -0.160136 -0.158615 -0.101135 -0.049810 -0.000208 0.000326 0.001108 0.001499 0.000741 0.019890 0.057370 0.023916 0.029051 0.052892 0.058334 0.054660 -0.058216 -0.009351 -0.001983 -0.001320 -0.000554
0.016301 0.064140 0.423092 0.123861 -0.032894 -0.078224 -0.023640 -0.000034 0.000501 0.000426 0.011270 0.026484 0.020298 0.001638 0.000592 0.032041 -0.111404 0.045435 0.110331 0.060803 0.017686 -0.005784 -0.077196 -0.097842 -0.051145 -0.017643 -0.000000 0.028563 0.750251 -0.091140 -0.043441 -0.035662 -0.027385 0.000070 0.006082 0.002270 0.000505 -0.000233 -0.202364 -0.133660 -0.125134 -0.076601 -0.001376 -0.005780 -0.013555 -0.000752 -0.001162 0.000717 0.000845 0.010242 0.030896 0.059267 0.114727 0.312942 -0.566379 -0.102581 -0.039334 -0.001596 -0.001871
