use_cases/Flooding_chicago/flooding_data/output/hUx_1620.asc
ncols 337
nrows 393
xllcorner 428428.000000
yllcorner 4602440.000000
cellsize 26.757400
NODATA_value -9999.000000
[rows 182 to 207 of 393, columns 177 to 235 of 337]
0.057684 0.058399 0.101690 0.314486 0.390774 0.164094 0.479960 0.536817 0.439585 0.348766 -0.060266 -0.131988 -0.000136 0.000131 0.006570 0.017249 0.609906 0.808108 1.161737 0.980882 0.768362 0.248526 -0.000801 -0.001043 -0.033723 -0.050150 -0.008940 -0.000632 0.000651 0.001444 0.000075 0.020731 0.063369 0.353996 0.211205 0.176345 -0.102361 0.000620 0.004521 0.001060 0.007462 0.009317 0.008078 0.003304 0.001338 0.001915 0.001967 0.006064 0.008758 1.052814 2.416200 1.906433 0.952514 0.543988 -0.000142 0.000089 -0.351956 -0.499347 -0.119320
0.043174 0.038299 0.157374 0.363680 0.243107 0.150313 0.482214 0.636456 0.873395 1.280945 0.535957 0.054391 0.067452 0.042663 0.088671 0.636286 0.531291 0.544337 0.348036 -0.193342 -0.029434 -0.008727 0.000010 -0.011713 0.023332 -0.000737 -0.000763 0.000019 0.005196 0.005375 0.007261 0.004550 0.030429 0.085424 -0.095911 -0.012135 -0.000058 0.000592 0.013202 0.014432 0.003892 0.003749 0.002896 0.017398 0.121589 0.178594 0.318439 0.351548 1.053180 2.110248 1.169874 -0.110859 -0.367703 -0.187518 -0.001085 0.000090 0.006597 0.017613 0.001680
0.108634 0.259258 0.110520 0.049998 0.095715 -0.211265 -0.330133 -0.448834 -0.220757 -0.007750 -0.000083 0.000067 0.009480 0.092090 0.180303 0.236870 0.095053 -0.060171 -0.369604 -0.030838 -0.009457 -0.000158 0.000368 0.009389 0.158353 -0.000687 0.000144 0.000760 0.030641 0.231718 0.000488 0.003123 0.005022 0.069840 -0.004488 -0.000360 0.000360 0.006387 0.032873 0.051433 0.011775 0.012319 0.005637 0.115074 1.343647 2.675102 2.465405 2.688528 2.107715 1.817096 0.549122 -0.373169 -0.284789 -0.252883 -0.015628 -0.000689 0.000283 0.000368 0.001201
0.019612 0.037266 0.003589 0.009871 0.009023 -0.512411 -1.014586 -1.451042 -0.048078 -0.006353 -0.000464 0.000067 0.008074 0.021641 0.111236 0.013327 -0.004883 -0.008230 -0.050032 -0.018372 -0.001297 0.000407 0.001620 0.006131 0.175503 -0.000930 0.000741 0.026076 0.076030 0.239356 0.138632 0.304888 0.202395 0.086733 -0.016167 -0.000360 0.000360 0.018253 0.035899 0.062739 0.061562 0.309467 1.051416 1.392187 1.496660 1.778309 1.132679 -0.000056 0.000066 -0.281461 -0.466968 -0.599309 -0.938212 -0.437465 -0.036554 -0.014452 0.000000 0.008587 0.019643
0.009420 0.032891 0.003194 0.001773 0.032222 0.293805 -0.929626 -1.603608 -1.230557 -0.016983 -0.005350 0.000000 0.012122 0.031875 0.035935 0.000265 -0.008231 -0.013167 -0.025616 -0.026055 -0.002819 0.001921 0.004322 0.028870 0.125614 -0.000847 0.000043 0.022139 0.027931 0.003206 0.208276 0.246976 0.362243 0.479205 0.475754 -0.000301 0.000015 0.001609 0.010497 0.042579 0.663973 0.729784 0.862315 0.976317 1.080195 -0.066508 -0.008139 -0.000092 0.000301 0.011804 0.036859 -0.249472 -0.891314 -1.059683 -0.059851 -0.005707 0.000000 0.005878 0.013996
0.079650 0.022510 0.007264 0.004181 0.011789 0.035348 0.006328 -0.109484 -0.722900 -0.067351 -0.011451 -0.000066 0.000558 0.010495 0.021976 0.014679 -0.004181 -0.050485 -0.012344 -0.005420 -0.002981 0.006020 0.007366 0.027165 -0.004681 -0.039109 -0.011295 -0.000416 0.005869 0.027504 0.083708 0.000050 0.002098 0.002609 0.455092 0.361141 0.149910 0.047224 0.045230 0.360414 0.173638 0.094947 0.230870 0.083382 -0.021687 -0.014733 -0.007170 0.000000 0.005878 0.028713 0.075035 -0.304082 -1.116963 -2.166756 -1.692977 -0.009942 0.000000 0.005878 0.026207
0.003905 0.002686 0.001627 0.012753 0.023234 0.066768 0.030024 -0.241591 -0.437743 -1.066032 -0.033226 -0.004386 -0.000889 -0.000666 0.000198 0.007987 0.037732 0.037349 -0.001335 -0.003035 0.000100 0.002942 0.006573 0.019023 -0.021104 -0.042281 -0.023552 -0.010133 0.000000 0.013250 0.016742 0.002058 0.001700 0.002480 0.018278 0.365387 0.337323 0.249212 0.068661 0.163997 0.020517 0.008983 -0.015041 -0.151644 -0.023278 -0.019134 -0.007126 0.000000 0.005878 0.012417 0.016155 0.153813 0.582163 -0.667382 -0.158235 -0.064917 -0.000733 0.001188 0.002381
0.004761 0.004387 0.002379 0.009463 0.015395 0.088447 0.044230 -0.090547 -0.165032 -0.293050 -0.069189 -0.033228 -0.024019 -0.002648 -0.003639 0.000005 -0.002018 -0.000391 0.000093 0.000088 -0.000303 0.000011 0.009301 -0.050473 -0.109169 -0.109090 -0.015686 -0.007803 0.000000 0.002964 0.000456 0.000018 0.012883 0.030627 0.042012 0.043840 0.188328 0.120208 0.251783 0.501540 0.357911 0.325760 0.394694 0.059160 -0.380535 -0.001379 -0.000496 0.000115 0.000473 0.009500 0.015507 0.415819 1.431540 1.187557 0.671389 -0.099729 -0.060269 -0.001647 0.001681
0.001554 0.001659 0.015079 0.027588 0.121299 0.059666 0.040461 -0.236399 -0.300006 -0.577191 -1.173993 -0.100142 -0.032060 -0.025000 -0.000509 0.000142 -0.033970 -0.007506 -0.000516 0.000060 0.000377 0.000674 0.025602 0.461976 0.634741 0.125708 0.045006 -0.062448 -0.026211 -0.001516 -0.000077 0.000260 0.025122 0.046996 0.063741 0.080060 0.162262 0.076831 0.246130 0.626377 0.530364 0.574396 0.528692 0.208944 -0.044490 -0.000049 0.128333 0.637449 0.874933 1.427060 1.599275 1.201995 1.860266 1.156310 0.792178 -0.013591 -0.001428 -0.002486 0.003502
0.012596 0.004959 0.011620 0.115267 0.163982 0.090777 0.065711 0.657134 0.532525 0.374981 -0.018075 -0.175740 -0.123895 -0.046957 -0.017486 -0.000844 -0.001872 -0.010001 -0.005791 -0.000326 0.000208 0.006364 0.013230 0.430472 -0.126817 -0.379658 -0.544894 -0.075345 -0.051918 -0.017878 -0.000126 0.000138 0.020722 0.047837 0.062410 0.082910 0.137629 0.217050 0.154890 0.598964 0.590880 0.448081 0.268848 0.186413 0.276249 0.404432 0.917772 1.777298 1.851162 1.554237 1.527551 2.477814 1.872751 -0.012903 -0.035124 -0.017235 -0.006909 0.000000 0.005878
0.017212 0.087608 0.223003 0.123753 0.195698 0.635588 0.395467 0.441493 0.173166 -0.191648 -0.078132 -0.078266 -0.070737 -0.033799 -0.002153 -0.000360 0.000457 -0.124997 -0.024987 -0.007224 0.000003 0.006034 0.013013 0.264423 -0.042217 -0.131057 -0.008327 -0.002402 -0.010924 -0.004023 -0.000346 0.000180 0.007843 0.017192 0.022136 0.029621 0.077205 0.509027 0.488895 0.364383 0.105450 0.273805 0.447572 0.142207 0.105367 0.284763 0.339888 0.374955 0.308344 0.101459 0.062475 0.151052 0.071263 -0.014507 -0.003998 -0.017262 -0.006068 0.000000 0.005878
0.017033 0.004806 0.004948 0.005951 0.173071 0.480342 0.428398 0.290863 0.117432 0.160196 -0.016349 -0.020375 -0.039367 -0.021903 -0.025669 -0.000020 -0.008064 -0.055069 -0.010042 -0.000266 -0.000006 0.000502 0.014454 0.174398 -0.074419 -0.007661 -0.000590 -0.002382 -0.003882 -0.016129 -0.007862 -0.000180 0.000346 0.004023 0.010536 0.010395 0.035357 0.454482 0.341664 0.225995 0.077812 0.231829 0.148651 -0.167254 -0.339772 -0.549422 -0.352570 -0.247918 -0.207886 -0.018136 -0.001874 0.004816 -0.008181 -0.001720 -0.002465 -0.003085 -0.001908 0.000000 0.020928
-0.005480 0.000000 0.018339 0.061046 0.160518 -0.051889 -0.297421 -0.307604 -0.599253 -0.763813 -0.099208 -0.045986 -0.014634 -0.023176 -0.014679 0.007865 0.017580 -0.154000 -0.010388 -0.000092 0.000091 0.012939 0.030823 0.356135 -0.200998 -0.008107 0.000000 0.007434 0.025364 -0.013756 -0.004761 -0.000105 0.000124 0.008748 0.015399 0.018699 0.038095 0.076925 0.019884 -0.101029 -0.049871 0.060348 0.031730 -0.077750 -0.414763 -0.664597 -0.787723 -0.919882 -0.991271 -0.914394 -0.650572 -0.228234 -0.066018 -0.000601 0.000104 0.774793 0.919026 1.174025 1.547194
-0.009215 -0.006406 0.004181 0.006141 0.004442 0.001559 0.003142 -0.009860 -0.080181 -0.265232 -0.058917 -0.009335 -0.022847 -0.024091 -0.018013 -0.000364 0.000421 0.032423 0.059248 0.034087 0.009042 0.037248 0.095278 0.087796 -0.080677 -0.010114 0.000000 0.009182 0.015229 -0.000135 -0.000257 -0.000102 0.000108 0.011309 0.029165 0.041935 0.047345 0.099812 0.039315 0.018516 -0.038200 -0.039322 -0.000968 -0.000081 0.000932 -0.014843 -0.404308 -0.818108 -1.196185 -1.357917 -0.841981 -0.773112 -0.174540 0.079419 0.152648 1.373432 1.605397 2.020632 2.196289
-0.009638 -0.007087 0.000479 0.011910 0.004983 0.001352 0.010595 0.110634 0.069934 0.025143 -0.031660 -0.008345 -0.000023 -0.006505 -0.009312 -0.000652 0.000969 0.094470 0.095653 0.062908 0.116254 0.174584 0.173452 0.064907 -0.054648 -0.005382 -0.000104 0.000230 0.005580 0.000831 -0.001262 -0.000002 0.000388 0.000684 0.008172 0.026701 0.023920 0.116428 -0.000011 0.017474 0.026050 0.115319 -0.001982 -0.000633 0.002157 0.001670 0.088005 -0.058526 -0.485942 -0.791083 -0.626955 -0.643995 -0.089547 0.326039 0.538236 1.780002 1.612886 1.367705 1.067148
-0.000492 0.000010 0.005374 0.056735 0.000861 0.000645 0.020398 0.156381 0.146306 -0.591174 -0.188429 -0.023542 -0.000878 -0.001059 -0.001164 0.000218 0.001688 0.008983 0.087172 0.040181 0.113102 0.152161 0.156994 0.232748 0.223358 -0.007556 -0.000517 -0.001249 0.001526 0.000858 -0.000222 0.000577 0.000951 0.000659 0.011575 0.031025 0.123088 0.101815 -0.000360 0.031056 0.101851 0.275877 0.281776 0.382804 0.438858 0.240064 0.219926 0.192028 0.624043 0.680824 0.623749 0.489734 0.852510 1.059803 1.370814 1.282821 0.979261 -0.060429 -0.025437
-9999.000000 -0.001369 0.000105 0.000205 0.017315 0.043660 0.052650 0.117143 0.313717 0.376721 -0.129105 -0.021091 -0.011755 -0.000905 -0.000682 0.000375 0.000947 0.007931 0.052162 0.018162 0.067743 0.100693 0.108152 0.197035 0.123967 -0.027034 -0.008950 -0.000104 0.030815 0.089483 0.037111 0.000016 0.012029 0.041544 0.058260 0.083801 0.210553 0.101208 0.087682 0.343020 0.353152 0.562593 0.804658 0.996476 1.127978 1.264639 1.036426 1.249664 0.960293 1.431570 1.513981 1.289301 1.153136 0.912228 0.795295 0.390731 -1.272143 -0.018248 -0.000618
-9999.000000 -0.003093 -0.000511 0.000081 0.023203 0.051295 0.061628 0.138310 0.056511 0.021750 -0.027055 -0.039411 -0.007225 -0.000396 -0.000092 0.000369 0.000694 0.000915 0.005436 0.008670 0.011397 0.029153 0.044354 0.271303 0.453892 -0.050014 -0.010784 -0.000235 0.002496 0.032232 0.025945 0.006967 0.019818 0.036661 0.023194 0.014822 0.167783 0.168309 0.353446 0.494931 0.856021 0.986035 1.512434 1.348455 1.452658 1.767441 1.723865 1.752632 1.567015 1.592081 1.569778 1.661073 1.355789 0.912632 0.732907 0.512327 -0.378260 -0.014726 -0.000399
-9999.000000 -0.000764 -0.001118 0.000000 0.006850 0.015261 0.040246 0.137115 0.013778 -0.000922 0.000105 0.016080 0.029519 -0.000281 -0.000019 0.000280 0.000107 0.000022 0.001656 0.001414 0.002647 0.029137 0.043630 0.154496 0.170310 0.121128 -0.001151 -0.001772 -0.006164 0.002938 0.011036 0.004145 0.022304 0.062271 0.115543 0.121816 0.197714 0.621137 0.906385 0.956578 1.323946 1.432130 1.600302 1.705308 1.794086 1.834727 2.037691 2.080338 2.092508 1.989755 1.602208 1.532408 1.558781 0.920605 0.666780 0.403494 0.075083 -0.013041 -0.000176
-9999.000000 -9999.000000 -0.000568 0.000000 0.007521 0.023781 0.026308 0.070821 -0.064196 -0.013351 0.000010 0.024553 0.176117 0.056106 0.021371 0.030330 0.009859 -0.000619 -0.000373 0.000589 0.013916 0.032345 0.130736 0.172480 0.070048 0.023989 0.008756 0.001809 0.000535 0.006744 0.007708 -0.005797 -0.058701 0.149051 0.453000 0.800169 1.036610 2.017113 2.137275 1.994365 2.360274 2.252001 2.239796 2.200098 2.216009 2.227574 2.527010 2.552463 2.346423 1.952156 1.420159 1.349691 0.642509 0.147601 0.000464 -0.007846 -0.006404 0.017102 0.025484
-9999.000000 -0.014956 -0.004742 0.000000 0.006743 0.005432 0.020303 0.113281 0.014911 -0.000743 0.000250 0.007762 0.012039 0.149158 0.084576 0.231011 0.341988 0.175520 0.045425 0.000037 0.014515 0.198215 0.111509 0.246505 0.234884 0.266779 0.125345 0.423211 0.173718 -0.098361 -0.000204 0.251734 0.530462 1.035115 1.372248 1.185917 1.372074 2.424481 2.471814 2.214382 2.511233 2.333297 1.769261 1.810810 1.531471 1.446976 1.376819 1.324819 1.092834 1.040153 0.948626 0.370084 -0.033719 -0.000521 0.000273 0.001002 0.000370 0.006332 0.129322
-9999.000000 -0.016327 -0.014302 -0.000479 0.000113 0.002880 0.018740 0.101838 -0.093025 -0.005450 0.000000 0.008176 0.013415 0.202695 0.000000 0.008103 0.122541 0.764293 0.589724 0.582501 0.545879 0.431354 0.213773 0.322965 0.249639 0.233120 1.410126 1.492682 2.791336 3.041283 2.983063 3.124837 3.233956 3.233252 3.215539 3.555125 3.030368 2.956186 2.685202 2.918359 2.412997 2.357566 1.568495 1.293293 1.361827 1.129038 1.154611 1.076692 0.795693 0.644214 0.236983 -0.336004 -0.008890 -0.001573 -0.000424 0.000955 0.000293 0.012749 0.023206
-9999.000000 -0.000013 0.020827 0.008914 -0.000568 0.001296 0.012550 0.277955 0.288722 -0.099611 0.000000 0.010989 0.164142 0.068304 0.000000 0.015832 0.046598 0.618588 0.523421 0.657477 0.692665 0.487610 0.535675 0.342184 1.426251 2.409227 2.245664 2.414256 3.827379 3.682378 3.385516 3.395577 3.399130 3.343346 3.296029 3.333777 3.574630 2.719979 2.362188 1.891621 1.821558 1.410551 0.871666 0.721775 0.917000 0.748569 0.671332 0.772520 0.487677 0.355897 0.208725 -0.013090 -0.009083 -0.001054 -0.000946 -0.000821 0.000000 0.006319 0.012926
-0.000771 -0.000308 0.000831 0.002370 -0.000355 0.000492 0.147247 0.121992 0.139377 0.099724 0.064053 0.149953 0.470907 0.079942 0.064440 0.025511 0.231184 0.358533 0.096873 -0.000263 0.000441 0.154196 0.458359 1.427675 1.246010 3.348989 2.206207 2.292498 2.019905 2.237316 1.876043 1.799190 1.762897 1.756126 1.845854 2.002859 2.098806 2.134805 1.126780 0.787374 0.709046 0.909148 0.456619 0.356125 0.234025 0.134586 0.045459 -0.011059 -0.000214 0.000102 0.001018 -0.006406 -0.001035 -0.001183 -0.013790 -0.009440 -0.000072 0.000497 0.006812
-0.000474 -0.000295 0.000447 0.007728 0.005553 0.001558 0.136542 0.066738 -0.117254 0.000000 0.056231 0.184700 0.112690 0.577738 0.053017 0.054858 0.254101 0.150611 0.000000 0.001053 0.000917 0.049758 0.409441 0.501936 1.408607 1.532641 1.726743 0.781196 0.438582 0.085791 -0.105622 -0.087051 0.029020 0.113960 0.248287 0.393594 0.581953 0.275660 0.168878 0.077925 0.079202 0.102453 0.139377 0.082144 0.070540 0.048551 -0.003639 -0.008874 -0.000208 0.000326 0.006617 0.079598 0.128434 -0.221025 -0.500314 -0.058803 -0.014979 0.000014 0.017908
-0.003355 -0.003090 0.002544 0.140507 0.177938 0.116552 -0.063460 -0.010807 -0.004209 0.000000 0.004212 0.007710 0.126218 0.074779 0.201465 0.403522 0.237182 0.101955 0.155844 0.133003 0.186141 0.284174 0.864858 1.036235 1.118765 1.072415 0.518025 0.004527 0.001250 -0.031917 -0.029158 -0.031266 -0.278532 -0.469229 -0.474594 -0.299522 -0.087854 -0.000673 0.001193 0.084363 0.152471 0.399874 0.288864 0.139638 0.142413 0.139613 0.132926 0.126205 -0.000003 0.005982 0.029775 0.153005 0.142060 0.111720 -0.161095 -0.045107 -0.003297 -0.000051 0.003125
