use_cases/Flooding_chicago/flooding_data/output/hUx_540.asc
ncols 337
nrows 393
xllcorner 428428.000000
yllcorner 4602440.000000
cellsize 26.757400
NODATA_value -9999.000000
[rows 104 to 129 of 393, columns 236 to 294 of 337]
0.011356 0.022946 0.002017 -0.000070 0.001443 0.008553 0.003026 -0.165637 -0.172876 -0.000130 0.000130 0.013329 0.029661 -0.090526 -0.383662 -0.050726 -0.027439 -0.002013 -0.001629 0.002259 0.001873 0.012763 -0.021353 -0.024011 -0.000464 0.000569 0.007037 0.028420 0.004502 0.000799 0.002775 0.001267 -0.000326 0.000208 0.156694 0.488490 0.772022 0.826977 0.221348 0.013412 -0.191955 -0.289918 -0.564796 -0.540187 -0.503253 -0.501626 -0.023686 -0.003245 0.000000 0.007421 0.072265 0.714749 1.218737 -0.008636 -0.060747 -0.082257 -0.014402 -0.000006 0.006104
0.269507 0.321444 0.168730 -0.001826 -0.009309 -0.007709 -0.000065 -0.001761 -0.003914 -0.000334 0.000439 0.008425 0.400352 -0.010858 -0.094935 -0.054442 -0.017318 -0.026618 -0.001476 0.001066 0.001589 0.005397 0.016833 -0.001650 -0.000542 0.000312 0.000573 0.000332 -0.000003 0.008976 0.016738 0.039461 0.014250 0.141391 0.138703 0.077088 0.138935 0.058696 -0.018576 -0.057163 -0.093710 -0.115209 -0.124020 -0.205157 -0.272588 -0.060224 -0.020869 -0.004489 0.000001 0.018285 0.072921 -0.000620 -0.000192 0.000002 -0.001304 -0.019756 -0.015702 -0.000136 0.000200
0.007856 0.066938 -0.043304 -0.034333 -0.024233 -0.001031 -0.001422 -0.000731 0.000000 0.002927 0.002446 -0.118834 -0.152730 -0.027580 0.061342 -0.043807 -0.039497 -0.009513 -0.000535 0.000632 0.011164 0.032547 -0.003704 -0.005909 -0.001672 0.003479 0.001543 0.000550 -0.000208 0.000326 0.010470 0.041741 0.014848 0.049471 0.028713 -0.000473 0.000456 0.114597 -0.309820 -0.297659 -0.132279 -0.002092 -0.010628 -0.027924 -0.046507 -0.168633 -0.016896 -0.000100 0.000088 0.010690 0.000607 -0.005962 -0.000424 0.000079 0.000116 0.000138 -0.000120 -0.001142 -0.000080
0.004615 0.379211 0.486056 -0.005745 -0.005098 -0.006892 -0.000977 -0.000879 0.000001 0.000935 0.024734 0.452086 0.854701 0.180127 0.101471 -0.006548 -0.026266 -0.006996 -0.000023 0.012021 0.021014 -0.003483 -0.033722 -0.003762 -0.000247 0.003276 0.001063 -0.000719 -0.000106 0.000153 0.002023 0.001330 0.025207 0.104938 0.033238 -0.001222 0.000955 0.026332 0.152372 0.828769 -0.044514 -0.016555 0.000002 0.025242 0.055772 -0.216300 -0.025394 -0.000360 0.000360 0.000212 -0.001300 -0.015574 -0.006234 -0.000201 0.000084 0.005723 0.012687 0.001586 0.000117
0.012211 0.195095 -0.050817 -0.409524 -0.038041 -0.004804 -0.003338 0.002254 0.000765 0.000623 0.002497 -0.059934 -0.127205 -0.026419 -0.012757 -0.005557 -0.008105 -0.007193 -0.000001 0.006488 0.020764 -0.017808 -0.028419 -0.002412 0.000445 0.002078 0.005199 0.001931 -0.000001 -0.007529 -0.016361 0.000041 0.033534 0.098641 0.026366 -0.002935 -0.000370 0.002164 0.002803 -0.088844 -0.034135 -0.002014 0.000033 0.034861 -0.005053 -0.038366 -0.016584 -0.000360 0.000360 0.000114 -0.002885 -0.003082 -0.013793 -0.005980 0.000003 0.008958 0.018576 0.014756 0.002997
0.030510 0.258956 -0.092664 -0.373090 -0.018440 -0.002472 -0.001183 0.002109 0.001317 -0.010813 -0.065812 -0.011189 -0.002581 -0.001740 -0.001725 -0.003483 -0.003530 0.000959 0.001425 0.022197 0.064942 -0.019545 -0.000866 -0.000721 0.000559 0.013185 0.061435 0.182375 -0.006081 -0.021448 -0.016596 0.007304 0.017740 0.006143 -0.001828 -0.003601 -0.000288 0.006257 0.006645 -0.050870 -0.035941 -0.008312 -0.005025 -0.002873 -0.028088 -0.043276 -0.012809 -0.000379 -0.000502 -0.003206 -0.014337 -0.012090 -0.004600 -0.000326 0.000208 0.007128 0.009394 0.021622 0.100160
0.033471 -0.034382 -0.089761 0.041215 -0.094407 -0.011388 -0.000468 0.000672 -0.000971 -0.012915 -0.059173 -0.036743 -0.025703 -0.007297 -0.000058 -0.001325 -0.001378 0.000100 0.001273 0.022946 0.106887 0.020494 -0.000215 0.000078 0.012082 0.029028 -0.045703 -0.055100 -0.075127 -0.019487 -0.016425 -0.005269 -0.010716 -0.017326 -0.018657 -0.006828 -0.003639 0.002807 0.002713 -0.022798 -0.022016 -0.028614 -0.007889 -0.007047 -0.015155 -0.070476 -0.020648 -0.000619 -0.001194 -0.001291 -0.002515 -0.001370 -0.009507 -0.005446 -0.000067 0.000600 0.013840 0.027856 0.114589
0.029697 0.238090 0.259144 0.407375 0.403123 0.401646 0.100254 -0.024811 0.075594 0.124819 -0.045250 -0.020628 -0.000643 -0.000475 0.000133 -0.000064 -0.001884 -0.000803 0.001075 0.003185 0.051934 0.100199 0.026123 0.006045 0.001343 -0.101051 -0.210010 -0.120464 -0.118037 -0.013088 -0.007051 -0.001543 -0.007243 -0.014763 -0.007967 -0.017976 -0.059029 -0.027389 0.000293 -0.040636 -0.557004 -0.175578 -0.048109 -0.004505 -0.003550 -0.014693 -0.014917 -0.000669 -0.001896 -0.000935 -0.002071 -0.020577 -0.018081 -0.005674 -0.000146 0.000024 0.000365 0.012490 0.114707
0.463957 1.213584 1.380764 0.796347 0.618258 0.524039 0.328565 0.017203 -0.150822 -0.192486 -0.343543 -0.028292 -0.002081 0.001666 0.002330 0.003199 -0.017975 -0.006002 0.000067 0.012286 0.100445 0.608823 0.256590 -0.215771 -0.301533 -0.161388 -0.063906 -0.003413 -0.007654 -0.041051 -0.006177 0.000006 -0.018237 -0.035524 0.009690 0.226745 0.202647 0.065926 -0.035397 -0.051200 -0.006296 -0.088361 -0.047048 -0.011110 -0.003312 -0.000085 -0.000402 -0.029333 -0.000952 -0.002170 -0.027512 -0.039885 -0.015767 -0.003003 -0.002147 -0.000222 -0.000434 0.000575 0.017527
1.559814 1.367635 0.719985 0.153549 0.058438 0.003604 0.176435 0.461052 0.269173 -0.205656 -0.010581 -0.002317 -0.001179 0.002767 0.303184 0.039551 0.017558 0.005165 -0.000133 0.000337 0.028152 -0.115599 -0.098482 -0.075517 -0.000287 0.000242 -0.042715 -0.007027 -0.000872 -0.001470 -0.000462 0.000203 -0.029647 -0.051681 0.423072 1.538525 0.924198 0.832923 0.403162 0.319057 -0.001437 -0.003094 -0.006553 -0.045301 -0.007776 0.000000 -0.030219 -0.099281 -0.144747 -0.124447 -0.491410 -0.100216 -0.059818 -0.016835 0.030233 0.033254 -0.058591 -0.003656 0.002182
0.787812 2.053810 -0.014536 -0.025102 -0.000070 0.008349 0.071482 -0.049162 -0.026694 -0.012637 -0.001957 -0.002691 0.000000 0.003145 0.002175 0.039763 0.170749 0.470690 -0.013626 -0.000133 0.002291 -0.049289 0.032500 0.081251 -0.084111 -0.241857 -0.335052 -0.208386 -0.013460 -0.001138 -0.000436 0.000006 0.055496 -0.285980 -0.064640 -0.009789 -0.120853 -0.050627 -0.060310 -0.093272 -0.007813 -0.000564 -0.001312 -0.002148 -0.000915 0.000000 0.008146 0.275058 -0.130687 -0.256208 -0.622730 -1.136943 -0.086762 -0.023889 -0.157198 -0.153660 -0.081641 -0.001271 0.000604
0.524865 0.001202 -0.068320 -0.025172 -0.002031 -0.000242 0.000348 -0.000202 0.000129 -0.000302 -0.000624 -0.000605 0.000028 0.001075 0.001250 0.021854 0.205142 0.550569 0.153363 -0.036446 0.000119 -0.055904 -0.065165 -0.099240 -0.192730 -0.299782 -0.421657 -0.281979 -0.354806 -0.314565 -0.103234 -0.048789 -0.000444 0.178017 -0.011622 -0.134139 -0.018407 -0.057393 -0.027722 -0.030333 -0.009116 -0.000850 0.000241 -0.020183 -0.011613 0.000000 0.005457 0.027657 0.251453 -0.161777 -0.366069 -0.857693 -0.043480 -0.012666 -0.010106 -0.010279 -0.016886 -0.000062 -9999.000000
0.187059 -0.018350 -0.030261 -0.070978 -0.036176 -0.013578 -0.000420 0.000111 0.012053 0.018535 0.018874 0.001931 0.000276 0.000305 0.000521 0.002133 0.008336 -0.180915 -0.200138 -0.049855 -0.087012 -0.097724 -0.071336 -0.094295 -0.145277 -0.162080 -0.154296 -0.000512 -0.113063 -0.205683 -0.157495 -0.069206 -0.004877 -0.004238 -0.165475 -0.041077 -0.039273 -0.032975 -0.037917 -0.013584 -0.001994 -0.004091 -0.001803 -0.000759 -0.002681 0.000000 0.009402 0.044893 0.069331 0.599429 0.264472 -0.038380 -0.095656 -0.000518 -0.000236 0.000422 0.000415 -9999.000000 -9999.000000
0.210045 -0.043310 -0.062500 -0.102282 -0.017430 -0.015264 -0.008526 0.000000 0.010060 0.041554 0.161457 0.059206 0.054425 0.026275 0.006465 0.001769 0.000338 0.058879 -0.177687 -0.349613 -1.127797 -0.680594 -0.683375 -0.747459 -0.841370 -0.204129 -0.138903 -0.009217 -0.023631 -0.053576 -0.101169 -0.037611 -0.012131 -0.030854 -0.250542 -0.115253 -0.049528 -0.015741 -0.007934 -0.021225 -0.077138 -0.020784 -0.000569 0.000247 0.000554 0.000476 0.000913 0.030206 0.057086 0.353101 0.834055 0.545413 -0.015905 -0.007518 -0.000007 -9999.000000 -9999.000000 -9999.000000 -9999.000000
0.761400 -0.047335 -0.127933 -0.095751 -0.018889 -0.017835 -0.012966 0.000000 0.017668 0.045483 0.205448 0.093713 0.085460 0.439328 -0.095198 -0.232555 -0.386415 -0.462279 -0.499101 -0.799767 -0.941139 -0.904835 -0.466930 -0.485252 -0.075817 -0.166948 -0.268285 -0.130787 -0.036367 -0.013844 -0.078172 -0.033261 -0.000062 -0.160823 -0.311002 -0.353927 -0.084702 -0.011023 -0.009850 -0.001884 -0.005762 -0.007816 -0.000393 0.000331 0.033147 0.154695 0.098685 0.062290 0.082688 0.186057 -0.005805 -0.002181 -0.000972 -0.000142 -9999.000000 -9999.000000 -9999.000000 -9999.000000 -9999.000000
-0.020389 -0.005261 -0.029574 -0.084644 -0.165956 -0.062271 -0.011380 0.000000 0.003989 0.011646 0.029441 0.173272 0.112158 0.602717 0.110554 -0.046121 -0.180878 -0.062765 -0.015528 -0.090342 0.001946 -0.197236 -0.241094 -0.003704 -0.004277 -0.000988 -0.023165 -0.008412 -0.001221 -0.004308 -0.029940 -0.016200 -0.000872 -0.000809 0.006030 -0.177555 -0.141768 -0.263991 -0.213003 -0.102010 -0.009218 -0.018875 -0.007013 0.005392 0.015048 0.010388 0.001955 0.040761 0.131428 0.136560 -0.054593 -0.010716 0.000000 -9999.000000 -9999.000000 -9999.000000 -9999.000000 -9999.000000 -9999.000000
-0.005180 -0.000119 0.000173 -0.004983 -0.004131 -0.003345 -0.000764 0.000217 0.007571 0.014740 0.063982 0.020970 0.010006 0.004421 0.038626 0.017614 -0.035334 0.031410 0.156015 0.025524 0.000141 -0.044958 -0.077473 -0.051271 -0.050755 -0.048695 -0.038160 -0.017060 -0.000015 0.008840 0.011449 0.001448 -0.000185 0.004055 0.073684 -0.111538 -0.112957 -0.178923 -0.111297 -0.090358 -0.139187 -0.026562 0.009831 0.045154 0.022924 0.005515 0.000000 0.007039 0.043552 0.010842 0.005665 0.005383 -9999.000000 -9999.000000 -9999.000000 -9999.000000 -9999.000000 -9999.000000 -9999.000000
-0.000316 -0.000048 0.000302 0.001066 0.000236 -0.000109 0.001144 0.008196 0.022665 0.088687 0.041342 0.027538 0.018055 0.008225 0.002386 -0.169122 -0.185829 -0.114393 -0.128339 -0.057365 -0.000000 -0.182231 -0.049624 -0.060633 -0.045216 -0.043804 -0.030877 -0.003023 -0.000211 0.001275 0.005670 0.021830 0.000011 0.047093 0.215928 -0.078096 -0.310551 -0.023785 -0.013015 -0.008054 -0.019101 -0.025608 -0.094277 -0.117831 -0.143519 -0.017500 0.000001 0.019882 0.053351 0.017929 0.009275 0.011139 -9999.000000 -9999.000000 -9999.000000 -9999.000000 -9999.000000 -9999.000000 -9999.000000
-0.000517 -0.000114 0.000180 0.000200 -0.000111 0.000437 0.014403 0.058310 0.029224 0.042343 0.037036 0.028537 0.016500 0.194716 0.181976 0.128625 0.403064 0.340035 0.092934 -0.018780 -0.000013 -0.193341 -0.046639 -0.067238 -0.089784 -0.085823 -0.041502 -0.006320 -0.003314 -0.000300 0.000502 0.000402 0.000398 0.053337 0.199748 0.021010 -0.241256 -0.033275 -0.014434 -0.000054 0.007180 0.012562 -0.004281 -0.039553 -0.108459 -0.022755 0.000036 0.026529 0.040829 0.007453 0.008739 0.003868 -9999.000000 -9999.000000 -9999.000000 -9999.000000 -9999.000000 -9999.000000 -9999.000000
-0.005690 -0.001466 -0.000127 0.000738 0.001107 0.007696 0.025367 0.227856 0.138267 0.098466 0.056843 0.027730 0.010862 0.315224 1.211768 0.719967 0.575592 0.346251 -0.177516 -0.038067 -0.000208 -0.272461 -0.499949 -0.083090 -0.069490 -0.025801 -0.002105 -0.005988 -0.002139 -0.004290 -0.000248 0.000112 0.001109 0.030961 0.075393 -0.231344 -0.360187 -0.010255 -0.002056 -0.000882 -0.000667 -0.003893 -0.000820 -0.001381 -0.000434 -0.000584 0.000520 0.008463 0.002937 0.000886 0.001013 -9999.000000 -9999.000000 -9999.000000 -9999.000000 -9999.000000 -9999.000000 -9999.000000 -9999.000000
-0.081486 -0.016567 0.000001 0.002970 0.001985 0.008155 0.025082 0.056649 0.016359 0.027680 0.016815 0.516795 0.656369 0.622956 0.942444 0.557829 0.532401 0.274773 -0.152567 -0.071302 -0.002051 0.000317 -0.474620 -0.070327 -0.035416 -0.019325 -0.010166 -0.001780 -0.003544 -0.000681 0.000000 0.000681 0.010259 0.067869 0.093354 -0.095140 -0.387854 -0.013757 -0.007497 -0.011174 -0.025489 -0.034178 -0.012780 -0.000741 -0.000974 -0.000002 0.008587 0.020764 0.000049 0.000530 -9999.000000 -9999.000000 -9999.000000 -9999.000000 -9999.000000 -9999.000000 -9999.000000 -9999.000000 -9999.000000
-0.032662 -0.016794 0.000041 0.010126 0.021392 0.026696 0.025651 0.059078 0.029609 0.110790 0.656174 0.528058 0.621641 0.603444 0.347730 0.786307 0.476401 -0.058956 -0.535094 -0.184054 -0.014801 -0.002175 -0.021108 -0.030475 -0.020079 -0.004719 0.000107 0.001033 0.001540 -0.000681 0.000000 0.000681 0.007650 0.089423 0.138471 0.199562 -0.803833 -0.697322 -0.014267 -0.007288 -0.020531 -0.023488 -0.013679 -0.001255 -0.002447 -0.000076 0.005569 0.010070 0.002014 -9999.000000 -9999.000000 -9999.000000 -9999.000000 -9999.000000 -9999.000000 -9999.000000 -9999.000000 -9999.000000 -9999.000000
-0.000225 0.000313 0.001233 0.015285 0.021310 0.017721 0.003992 0.050649 0.155294 0.757139 1.202848 0.534898 0.561789 0.405295 -0.001964 -0.001555 0.003490 -0.000000 -0.036191 -0.216475 -0.082851 -0.058235 -0.038600 -0.025892 -0.011805 0.000000 0.006246 0.014213 0.002545 0.250534 0.280314 0.213271 0.347547 0.156981 0.049972 0.041274 -0.248775 -0.355452 -0.092398 -0.058216 -0.043805 -0.038039 -0.017568 -0.049890 -0.017175 -0.001448 0.000390 0.001249 -9999.000000 -9999.000000 -9999.000000 -9999.000000 -9999.000000 -9999.000000 -9999.000000 -9999.000000 -9999.000000 -9999.000000 -9999.000000
0.000169 0.005844 0.058724 0.105235 0.862119 0.636238 0.135151 0.077771 0.094134 0.285609 0.677879 0.136070 -0.052002 -0.016596 -0.006166 -0.002280 0.009217 0.010253 -0.018996 -0.128428 -0.067044 -0.065235 -0.041585 -0.022716 -0.007573 0.000000 0.007457 0.016654 0.249747 0.231215 -0.000330 0.000007 0.000331 0.002056 0.002803 0.011972 0.041830 -0.256762 -0.116730 -0.057079 -0.022419 -0.010225 -0.020636 -0.049303 -0.015177 -0.000876 0.000317 -9999.000000 -9999.000000 -9999.000000 -9999.000000 -9999.000000 -9999.000000 -9999.000000 -9999.000000 -9999.000000 -9999.000000 -9999.000000 -9999.000000
0.000415 0.011062 0.026056 0.090919 0.178327 -0.092204 0.139258 0.107405 0.175959 0.396230 0.625992 0.038203 -0.046287 -0.018404 -0.000078 0.009582 0.014997 0.008723 0.002117 -0.186099 -0.111540 -0.088266 -0.039489 -0.041161 -0.011851 0.000000 0.027158 0.197740 0.051648 -0.015556 -0.000669 0.000056 0.000704 0.010764 0.028332 0.041574 0.082095 -0.274318 -0.429180 -0.022682 -0.007184 -0.015032 -0.019779 -0.050167 -0.012718 -0.003026 0.000606 0.002753 -9999.000000 -9999.000000 -9999.000000 -9999.000000 -9999.000000 -9999.000000 -9999.000000 -9999.000000 -9999.000000 -9999.000000 -9999.000000
0.001132 0.001770 0.027508 0.023262 0.027886 0.019375 0.016439 0.023610 0.133958 0.132625 0.035921 -0.022251 -0.024344 -0.004817 -0.000935 0.004655 -0.011516 -0.002463 -0.005311 -0.020190 -0.056488 -0.042195 -0.055058 -0.028885 -0.002156 0.001601 0.021345 0.105827 -0.046546 -0.024374 -0.000794 0.000308 0.000755 0.017904 0.041474 0.058053 0.120575 -0.194401 -0.105526 -0.015885 -0.011263 -0.088513 -0.073155 -0.087438 -0.051417 -0.000639 0.001368 0.003631 -9999.000000 -9999.000000 -9999.000000 -9999.000000 -9999.000000 -9999.000000 -9999.000000 -9999.000000 -9999.000000 -9999.000000 -9999.000000
