use_cases/Flooding_chicago/flooding_data/output/hUx_2760.asc
ncols 337
nrows 393
xllcorner 428428.000000
yllcorner 4602440.000000
cellsize 26.757400
NODATA_value -9999.000000
[rows 182 to 207 of 393, columns 177 to 235 of 337]
0.057685 0.058399 0.101680 0.401470 0.451408 0.171254 0.427444 0.441734 0.315824 0.182339 -0.374538 -0.046649 -0.000169 0.000143 0.006646 0.039185 0.085160 0.376563 0.767033 0.849137 0.935354 0.517677 0.003734 -0.000098 -0.299017 -0.064072 -0.008898 -0.000632 0.000651 0.001444 0.000075 0.020731 0.063346 0.355409 0.212237 0.175118 -0.105540 0.000534 0.004480 0.001055 0.007452 0.009308 0.008074 0.003303 0.001338 0.001915 0.001967 0.012282 0.012222 1.797240 3.361065 2.598602 1.179905 0.613424 0.002924 0.001382 -0.392639 -0.403350 0.118508
0.043173 0.038300 0.157348 0.444137 0.256198 0.149273 0.467234 0.608654 0.849580 1.272994 0.513882 0.096649 0.118435 0.077926 0.133382 0.582997 0.434701 0.627950 0.705168 0.251325 -0.062593 -0.008612 0.000010 -0.016357 0.019601 -0.000737 -0.000763 0.000019 0.005196 0.005375 0.007261 0.004550 0.030407 0.086016 -0.095446 -0.012121 -0.000058 0.000592 0.013187 0.014416 0.003887 0.003745 0.002894 0.019456 0.138791 0.877743 1.045361 1.230380 2.456116 4.368058 2.465603 0.163605 -0.783893 -0.422408 -0.013247 0.000997 0.007869 0.021283 0.002183
0.108635 0.259260 0.110515 0.049997 0.052905 -0.234751 -0.393694 -0.498949 -0.307878 -0.007798 -0.000083 0.000067 0.009407 0.111514 0.240270 0.637389 0.481027 0.283398 -0.150373 -0.030969 -0.009457 -0.000158 0.000368 0.009389 0.158344 -0.000687 0.000144 0.000760 0.030641 0.231714 0.000488 0.003110 0.005009 0.068333 -0.004488 -0.000360 0.000360 0.006387 0.032859 0.051469 0.011834 0.016844 0.008645 0.450324 2.234454 3.698028 3.579307 3.924217 3.313857 2.796831 0.740535 -0.641023 -0.548537 -0.532386 -0.108484 -0.000586 0.000271 0.000364 0.001201
0.019612 0.037265 0.003589 0.009870 0.009030 -0.464872 -0.897484 -1.321687 -0.049188 -0.006353 -0.000464 0.000067 0.008073 0.021641 0.135301 0.019547 -0.004773 -0.008465 -0.051013 -0.018372 -0.001297 0.000407 0.001620 0.006131 0.175441 -0.000930 0.000741 0.026076 0.076029 0.239363 0.138619 0.302422 0.199988 0.084818 -0.016109 -0.000360 0.000360 0.018252 0.035884 0.062747 0.084120 0.795363 1.741201 2.209514 2.382790 2.546806 1.704511 -0.000062 0.000068 -0.667281 -0.942000 -1.207746 -1.501319 -0.576649 -0.317150 -0.012846 0.000000 0.008583 0.019643
0.009420 0.032890 0.003194 0.001773 0.032285 0.363403 -0.881862 -1.609261 -1.303522 -0.016983 -0.005350 0.000000 0.012122 0.031875 0.035934 0.000265 -0.008230 -0.013167 -0.025616 -0.026056 -0.002819 0.001921 0.004322 0.028870 0.125514 -0.000847 0.000043 0.022139 0.027931 0.003206 0.208783 0.249267 0.366061 0.483091 0.479591 -0.000301 0.000015 0.001609 0.010497 0.071964 0.941338 0.997011 1.259902 1.498940 1.695192 -0.046515 -0.009358 -0.000092 0.000301 0.011577 0.216264 -0.795948 -1.510720 -1.612568 -0.657159 -0.005501 0.000000 0.005878 0.013996
0.079650 0.022510 0.007264 0.004181 0.011789 0.040543 0.007991 -0.094934 -0.735486 -0.084047 -0.011374 -0.000066 0.000558 0.010495 0.021976 0.014679 -0.004181 -0.050485 -0.012344 -0.005420 -0.002980 0.006020 0.007366 0.027166 -0.004739 -0.039094 -0.011295 -0.000416 0.005869 0.027505 0.083727 0.000050 0.002098 0.002610 0.458585 0.364048 0.151526 0.047850 0.045088 0.528740 0.339644 0.225885 0.404522 0.201489 -0.022536 -0.014761 -0.007170 0.000000 0.005878 0.027933 0.299367 -0.686044 -1.414900 -2.352182 -1.665261 -0.019838 0.000000 0.005878 0.026207
0.003905 0.002686 0.001627 0.012754 0.023234 0.076513 0.036604 -0.233583 -0.437110 -1.051689 -0.043219 -0.004386 -0.000889 -0.000666 0.000198 0.007987 0.037731 0.037349 -0.001335 -0.003035 0.000100 0.002942 0.006573 0.019024 -0.021151 -0.042234 -0.023551 -0.010133 0.000000 0.013250 0.016742 0.002058 0.001700 0.002480 0.018278 0.367277 0.339221 0.275229 0.091051 0.439366 0.199168 0.128899 0.118884 -0.078156 -0.023946 -0.019297 -0.007121 0.000000 0.005878 0.011889 0.077067 0.613385 0.515638 -1.126734 -0.335271 -0.201203 -0.000733 0.001188 0.002381
0.004761 0.004387 0.002379 0.009463 0.015395 0.098506 0.050980 -0.079742 -0.160351 -0.279548 -0.063155 -0.033227 -0.024019 -0.002648 -0.003639 0.000005 -0.002018 -0.000391 0.000093 0.000088 -0.000304 0.000011 0.009301 -0.050523 -0.109174 -0.109037 -0.015685 -0.007803 0.000000 0.002964 0.000456 0.000018 0.012883 0.030627 0.042012 0.043840 0.198737 0.142122 0.499822 0.384911 0.423397 0.345965 0.415177 0.053454 -0.323908 -0.001585 -0.000685 0.000188 0.000632 0.009059 0.229922 1.098561 2.132577 1.745747 0.908946 -0.450938 -0.067129 -0.001647 0.001679
0.001554 0.001660 0.015058 0.027572 0.130033 0.063052 0.042235 -0.218152 -0.286715 -0.559466 -1.167516 -0.102791 -0.032061 -0.025000 -0.000509 0.000142 -0.033970 -0.007506 -0.000516 0.000060 0.000377 0.000674 0.025602 0.462042 0.634751 0.125714 0.044984 -0.062448 -0.026211 -0.001516 -0.000077 0.000260 0.025122 0.046996 0.063740 0.080060 0.178060 0.097800 0.705717 0.788371 0.826003 0.837267 0.720325 0.215939 -0.084888 0.000652 0.195146 0.842407 1.481020 2.286406 2.644391 2.280814 3.109122 2.146199 1.449224 -0.027716 -0.001424 -0.002490 0.003499
0.014681 0.005643 0.012072 0.119516 0.174662 0.097401 0.072238 0.625304 0.492182 0.336659 -0.077374 -0.181774 -0.123956 -0.046958 -0.017486 -0.000844 -0.001872 -0.010001 -0.005791 -0.000326 0.000208 0.006364 0.013230 0.430530 -0.126842 -0.379694 -0.544932 -0.075345 -0.051917 -0.017878 -0.000126 0.000138 0.020721 0.047838 0.062411 0.082910 0.166934 0.623471 0.432419 0.937657 1.101667 0.870826 0.666576 0.546244 0.531631 0.722658 1.454994 2.409449 2.563430 2.298593 2.338254 3.365003 2.643818 0.589708 -0.086553 -0.023658 -0.006836 0.000000 0.005878
0.020214 0.094144 0.233630 0.131173 0.208181 0.591241 0.413892 0.499763 0.209944 -0.178588 -0.078337 -0.078266 -0.070736 -0.033799 -0.002153 -0.000360 0.000457 -0.124997 -0.024988 -0.007224 0.000003 0.006034 0.013013 0.264444 -0.042237 -0.130999 -0.008327 -0.002402 -0.010924 -0.004023 -0.000346 0.000180 0.007843 0.017192 0.022136 0.029619 0.091450 0.686263 0.602770 0.516413 0.258473 0.564849 0.801673 0.443731 0.452053 0.763240 0.812103 0.825101 0.740535 0.402175 0.325352 0.534406 0.220202 -0.033138 -0.008679 -0.031310 -0.006051 0.000000 0.005878
0.019709 0.005636 0.005308 0.006094 0.185940 0.403898 0.418225 0.275670 0.098987 0.126199 -0.016349 -0.020375 -0.039367 -0.021903 -0.025669 -0.000020 -0.008064 -0.055069 -0.010041 -0.000266 -0.000006 0.000502 0.014454 0.174416 -0.074416 -0.007661 -0.000590 -0.002382 -0.003882 -0.016129 -0.007862 -0.000180 0.000346 0.004023 0.010536 0.010395 0.042542 0.479050 0.284266 0.208803 0.147105 0.379330 0.271741 -0.058005 -0.212838 -0.304985 -0.213213 -0.140036 -0.073754 0.053837 0.056435 0.049930 0.027040 -0.004810 -0.010121 -0.007066 -0.004174 0.000255 0.027818
-0.005157 0.000000 0.018412 0.061322 0.168667 -0.084172 -0.298240 -0.314625 -0.655651 -0.863781 -0.105372 -0.045987 -0.014634 -0.023176 -0.014679 0.007865 0.017580 -0.154001 -0.010388 -0.000092 0.000091 0.012939 0.030823 0.356187 -0.201018 -0.008106 0.000000 0.007434 0.025364 -0.013756 -0.004761 -0.000105 0.000124 0.008748 0.015398 0.018699 0.047690 0.187233 0.071121 -0.035361 0.034762 0.211595 0.106591 -0.105441 -0.550783 -0.847995 -0.928504 -1.026731 -1.078428 -0.954627 -0.605557 -0.121317 -0.015370 0.003004 0.004842 0.762758 1.031862 1.684009 2.456025
-0.009212 -0.006234 0.004311 0.006202 0.004464 0.001566 0.001826 -0.016321 -0.125583 -0.366880 -0.060102 -0.009335 -0.022847 -0.024091 -0.018014 -0.000364 0.000421 0.032423 0.059248 0.034087 0.009043 0.037248 0.095278 0.087810 -0.080696 -0.010114 0.000000 0.009182 0.015229 -0.000135 -0.000257 -0.000102 0.000108 0.011309 0.029166 0.041935 0.055396 0.266427 0.089098 0.039363 -0.022038 -0.041503 -0.003986 -0.004616 -0.002907 -0.032579 -0.404986 -0.810581 -1.204407 -1.347740 -0.849074 -0.666110 -0.068982 0.212856 0.388472 1.933729 2.370364 3.058032 3.375993
-0.009779 -0.007051 0.000526 0.011957 0.004999 0.001355 0.010602 0.124241 0.058934 -0.037367 -0.031756 -0.008345 -0.000023 -0.006506 -0.009312 -0.000652 0.000969 0.094470 0.095652 0.062908 0.116255 0.174583 0.173451 0.064900 -0.054662 -0.005382 -0.000104 0.000230 0.005580 0.000831 -0.001261 -0.000002 0.000388 0.000684 0.008172 0.026701 0.027143 0.367625 -0.000003 0.043491 0.052978 0.172589 -0.004106 -0.003733 0.001765 0.004730 0.271578 0.097263 -0.308869 -0.611343 -0.488081 -0.507697 0.192244 0.614199 0.928941 2.549530 2.706886 2.304122 1.890887
-0.000492 0.000010 0.005374 0.056780 0.000861 0.000645 0.020398 0.161754 0.230008 -0.162989 -0.203429 -0.023542 -0.000878 -0.001059 -0.001164 0.000218 0.001688 0.008983 0.087172 0.040181 0.113102 0.152161 0.156996 0.232757 0.223417 -0.007556 -0.000517 -0.001249 0.001526 0.000858 -0.000222 0.000577 0.000951 0.000659 0.011575 0.031024 0.176988 0.159072 -0.000064 0.098023 0.208588 0.459362 0.512570 0.732970 0.870507 0.582797 0.551296 0.501561 1.088743 1.225644 1.095483 0.986130 1.327947 1.535868 1.911300 1.843962 1.564700 0.542340 -0.032862
-9999.000000 -0.001369 0.000105 0.000205 0.017315 0.043659 0.052649 0.117151 0.324577 0.400584 -0.133349 -0.021091 -0.011755 -0.000905 -0.000682 0.000375 0.000947 0.007931 0.052163 0.018162 0.067742 0.100694 0.108152 0.197039 0.124009 -0.027031 -0.008950 -0.000104 0.030815 0.089483 0.037111 0.000016 0.012029 0.041544 0.057859 0.101815 0.434076 0.221865 0.239241 0.621600 0.612899 0.886358 1.188043 1.426681 1.640942 1.865878 1.569937 1.851432 1.491926 2.107596 2.179834 1.958765 1.820603 1.524724 1.440605 1.219505 -0.129739 -0.023126 -0.000618
-9999.000000 -0.003093 -0.000511 0.000081 0.023203 0.051295 0.061627 0.138316 0.056511 0.021757 -0.027056 -0.039411 -0.007225 -0.000396 -0.000092 0.000369 0.000694 0.000915 0.005436 0.008671 0.011398 0.029152 0.044356 0.271362 0.454655 -0.050046 -0.010784 -0.000235 0.002496 0.032232 0.025944 0.006967 0.019818 0.036662 0.036620 0.021312 0.466778 0.506872 0.789427 0.924860 1.381088 1.503242 2.154143 1.929111 2.076658 2.498265 2.424681 2.420024 2.161583 2.158794 2.092872 2.177760 1.792182 1.245924 1.016018 0.818571 -0.119853 -0.019636 -0.000399
-9999.000000 -0.000764 -0.001118 0.000000 0.006850 0.015261 0.040246 0.137122 0.013774 -0.000922 0.000105 0.016080 0.029519 -0.000281 -0.000019 0.000280 0.000107 0.000022 0.001656 0.001414 0.002647 0.029137 0.043631 0.156263 0.171592 0.122024 -0.001149 -0.001774 -0.006171 0.002940 0.011037 0.004145 0.022389 0.066278 0.538516 0.549666 0.597559 1.125065 1.509036 1.504557 1.936186 2.008620 2.183800 2.306387 2.424779 2.485582 2.725068 2.752701 2.743507 2.576303 2.072684 1.980049 1.991122 1.232589 0.943121 0.688427 0.250222 -0.015192 -0.000176
-9999.000000 -9999.000000 -0.000568 0.000000 0.007521 0.023782 0.026308 0.070820 -0.064195 -0.013350 0.000010 0.024552 0.176116 0.056106 0.021372 0.030334 0.009860 -0.000619 -0.000373 0.000589 0.013916 0.032325 0.134731 0.194684 0.076073 0.024053 0.008536 0.002092 0.000889 0.007246 0.008687 0.036639 -0.057943 0.201704 0.580513 0.983082 1.299946 2.325116 2.484862 2.348045 2.738936 2.628385 2.633350 2.614751 2.669415 2.719905 3.075021 3.110826 2.885946 2.433840 1.829461 1.739622 0.905386 0.301696 0.000845 -0.073839 0.051772 0.220908 0.230878
-9999.000000 -0.014956 -0.004742 0.000000 0.006743 0.005432 0.020303 0.113283 0.014909 -0.000743 0.000250 0.007762 0.012039 0.149159 0.084584 0.231030 0.341990 0.175537 0.045432 0.000037 0.014515 0.198288 0.111924 0.271805 0.263941 0.317322 0.178405 0.637416 0.342376 0.114177 0.286708 0.646352 0.924463 1.449809 1.784987 1.497877 1.704771 2.746048 2.778881 2.507332 2.793802 2.609477 2.044916 2.105947 1.823344 1.745606 1.647473 1.623633 1.372861 1.284501 1.131531 0.477133 -0.034892 -0.000521 0.000273 0.001167 0.000446 0.006705 0.277692
-9999.000000 -0.016327 -0.014302 -0.000479 0.000113 0.002880 0.018740 0.101836 -0.093017 -0.005450 0.000000 0.008176 0.013415 0.202711 0.000000 0.008103 0.122541 0.764311 0.589754 0.582555 0.545931 0.431433 0.214040 0.368084 0.308074 0.340052 1.471531 1.455929 2.431147 2.657978 2.631119 2.826634 3.041578 3.128311 3.141410 3.513874 3.152120 3.118934 2.866702 3.082427 2.592292 2.543944 1.765148 1.486963 1.582247 1.365977 1.410955 1.409803 1.161153 1.069506 0.706343 0.274009 -0.008911 -0.001573 -0.000423 0.000956 0.000293 0.012788 0.023237
-9999.000000 -0.000013 0.020828 0.008914 -0.000568 0.001296 0.012550 0.277952 0.288727 -0.099604 0.000000 0.010989 0.164140 0.068305 0.000000 0.015838 0.046598 0.618623 0.523472 0.657553 0.692763 0.487588 0.580091 0.438089 1.808473 2.411877 2.297074 2.474796 3.719851 3.698308 3.437676 3.467121 3.551400 3.560766 3.519551 3.543003 3.783300 2.971751 2.599100 2.104495 1.998624 1.608883 1.087261 0.931102 1.140474 0.969094 0.885226 1.018189 0.670700 0.485560 0.292819 -0.016916 -0.009185 -0.001054 -0.000946 -0.000821 0.000000 0.006319 0.012926
-0.000771 -0.000308 0.000831 0.002370 -0.000355 0.000492 0.147256 0.121980 0.139373 0.099728 0.064060 0.149969 0.470929 0.079949 0.064446 0.025517 0.231217 0.358598 0.096907 -0.000263 0.000441 0.153939 0.607083 1.400448 1.312502 3.177882 2.262270 2.357258 2.177554 2.519475 2.199719 2.149469 2.152060 2.182022 2.281508 2.423334 2.488534 2.481824 1.411341 1.021687 0.924046 1.187878 0.684616 0.573848 0.429943 0.306834 0.226004 0.140067 -0.000258 0.000128 0.001036 -0.012504 -0.001628 -0.003352 -0.026147 -0.009440 -0.000072 0.000497 0.006812
-0.000474 -0.000295 0.000447 0.007728 0.005553 0.001558 0.136553 0.066743 -0.117262 0.000000 0.056233 0.184718 0.112695 0.577766 0.053020 0.054859 0.254110 0.150628 0.000000 0.001053 0.000917 0.049616 0.635520 0.746448 1.477007 1.552291 1.771111 1.023626 0.788293 0.721787 0.450964 0.423989 0.632777 0.638007 0.779598 0.797479 1.039647 0.576108 0.341691 0.156905 0.141560 0.233291 0.245348 0.169066 0.161309 0.129100 0.043469 -0.009934 -0.000208 0.000326 0.006518 0.137728 0.342802 -0.185339 -0.467661 -0.094801 -0.014684 0.000014 0.017908
-0.003355 -0.003090 0.002544 0.140508 0.177940 0.116556 -0.063447 -0.010808 -0.004209 0.000000 0.004212 0.007710 0.126224 0.074788 0.201484 0.403542 0.237190 0.101960 0.155848 0.133026 0.209561 0.323202 0.842467 0.990349 1.042522 1.015119 0.667976 0.094438 0.038010 0.008204 0.005410 0.045965 -0.167643 -0.332643 -0.335713 -0.174894 -0.014333 0.002635 0.010346 0.316712 0.349515 0.673097 0.537398 0.336399 0.367558 0.377717 0.376389 0.381652 -0.000003 0.005982 0.100811 0.057514 0.109560 0.117996 0.085900 -0.081964 -0.003267 -0.000060 0.003117
