use_cases/Flooding_chicago/flooding_data/output/hUx_2220.asc
ncols 337
nrows 393
xllcorner 428428.000000
yllcorner 4602440.000000
cellsize 26.757400
NODATA_value -9999.000000
[rows 234 to 259 of 393, columns 59 to 117 of 337]
0.000581 -0.001234 0.000236 -0.000323 0.000405 0.014604 0.105637 -0.092157 -0.040100 -0.015021 -0.000222 0.000222 0.001335 0.000831 0.011742 0.011758 0.157444 0.078297 0.039664 0.012502 0.008081 -0.000482 0.000385 0.001593 -0.004441 -0.010174 -0.028396 -0.002615 -0.000560 0.327822 0.383575 0.507885 0.573864 0.847865 1.333024 1.131320 0.879572 0.618421 0.566254 0.531617 0.333275 -0.097592 -0.031180 -0.000013 0.014940 0.339273 0.389228 0.019991 -0.004043 -0.000006 -0.008817 -0.001585 -0.002102 -0.001586 0.000369 0.000708 0.022869 -0.134025 -0.198939
-0.015555 -0.066906 -0.009454 -0.000418 0.000587 0.024038 0.011975 -0.026663 -0.006219 0.000000 0.000409 0.000475 0.001657 0.000384 0.004273 0.103489 0.079369 0.143780 0.150241 0.157362 0.214902 0.005783 -0.106036 -0.080215 -0.079153 -0.328711 -0.171127 -0.178580 -0.143005 -0.084126 0.011633 0.145623 0.289798 0.476569 0.613571 0.467576 0.211798 0.309470 0.415314 0.506760 0.133841 -0.029680 -0.007405 -0.000401 0.000555 0.001957 0.001402 -0.056788 -0.114109 0.000519 0.096322 0.168428 0.140999 0.068010 0.207135 -0.044461 -0.240125 -0.168147 -0.198461
-0.018756 -0.085004 -0.015586 -0.000013 0.046080 0.234440 0.007838 -0.000387 -0.000567 0.000069 0.000481 0.000377 -0.235974 -0.313955 -0.424041 -0.418661 -0.342621 -0.285114 -0.317968 -0.273874 -0.177603 -0.151042 -0.136399 -0.075493 -0.117360 -0.170720 -0.230297 -0.493985 -0.477984 -0.696485 -0.643529 -0.614279 -0.462566 -0.227524 -0.022744 0.032295 0.400157 0.066519 0.047011 0.030140 0.009316 -0.012297 -0.006954 -0.000330 0.000396 0.001188 0.001690 0.001792 -0.176127 -0.272659 -0.288925 -0.241949 -0.209876 -0.209641 -0.266065 -0.214809 -0.057988 -0.073150 -0.047807
-0.104797 -0.003400 -0.004565 -0.000000 0.005795 0.007492 0.107103 0.008440 0.007413 0.001098 -0.004736 -0.226518 -0.320080 -0.358068 -0.410323 -0.425346 -0.271223 -0.256082 -0.243735 -0.207985 -0.156810 -0.199205 -0.147898 -0.060958 -0.108306 -0.160130 -0.214982 -0.247265 -0.271453 -0.765640 -0.910482 -0.973289 -0.948273 -0.900715 -0.626390 -0.129251 0.142163 0.227521 0.027402 0.004132 0.049409 -0.034679 -0.016550 -0.000131 0.000136 -0.004036 -0.001246 0.001414 -0.042781 -0.133058 -0.143983 -0.174169 -0.167467 -0.221698 -0.302395 -0.196353 -0.164931 -0.146419 -0.082188
-0.002389 -0.003381 0.000000 -0.000048 0.001181 0.004691 0.007793 0.009041 0.005675 -0.059209 -0.069290 -0.115789 -0.156205 -0.159440 -0.186726 -0.253479 -0.258617 -0.271829 -0.246743 -0.247346 -0.264043 -0.274602 -0.277146 -0.153627 -0.126855 -0.177698 -0.150229 -0.189448 -0.215609 -0.576175 -0.572614 -0.788101 -0.749689 -0.744575 -0.604264 -0.331864 0.239218 1.055732 0.802476 0.536214 0.175569 0.043777 -0.080008 -0.118669 -0.233064 -0.082481 -0.001552 0.001197 0.001208 -0.000097 -0.000031 0.000265 0.012197 -0.150491 -0.199710 -0.175381 -0.116923 -0.115464 -0.073415
0.005435 0.005483 0.000323 -0.003363 -0.002905 0.001666 0.006087 0.006428 -0.037239 -0.042492 -0.047173 -0.087208 -0.059606 -0.057164 -0.121422 -0.182432 -0.310931 -0.264261 -0.396422 -0.410128 -0.551841 -0.587455 -0.648952 -0.741539 -0.724211 -0.725217 -0.750304 -0.539182 -0.633888 -0.939088 -1.060406 -0.955973 -0.877756 -0.771889 -0.712194 -0.105627 0.517316 1.205321 0.763474 0.628021 0.159682 -0.072068 -0.152259 -0.002414 -0.018960 -0.006488 0.000008 0.008273 0.019702 0.005950 -0.007753 -0.041112 -0.301718 -0.185973 -0.067511 -0.000035 -0.021220 -0.028983 -0.062550
0.000790 0.018341 -0.011792 -0.086413 -0.002918 -0.000636 0.002295 0.002951 0.079206 0.014825 -0.025620 -0.078689 -0.088004 -0.085243 -0.142751 -0.167063 -0.466403 -0.566162 -0.690751 -0.751872 -0.892752 -1.148008 -1.321251 -1.535889 -1.753779 -1.538690 -1.556948 -1.598078 -1.788908 -1.247992 -1.480057 -1.304808 -1.198828 -1.115457 -1.046739 -0.395254 0.628802 0.766189 0.422018 0.075969 -0.003657 -0.312867 -0.007402 -0.000421 -0.000096 0.000096 0.000421 0.372319 0.182397 0.121962 0.113529 0.064376 0.001420 -0.048418 -0.128179 -0.000131 0.022456 -0.075067 -0.215511
0.002971 0.014285 0.273901 0.315507 0.164914 -0.004929 0.000584 0.000651 -0.015345 -0.102170 -0.044746 -0.093875 -0.089082 -0.058794 -0.048791 -0.066355 -0.349477 -0.519851 -0.629505 -0.747806 -0.743466 -1.011330 -1.202110 -1.306813 -1.647464 -1.580589 -1.869261 -1.689242 -1.491978 -1.004434 -1.140758 -1.140959 -0.894693 -0.816293 -0.877569 -0.519540 0.335253 0.481268 0.005753 -0.202508 -0.497672 -0.022667 -0.010708 -0.000008 0.006488 0.015503 -0.129465 -0.476793 -0.558706 -0.428537 -0.338041 -0.371871 -0.406258 -0.417057 -0.499926 -0.143120 -0.534700 -0.802384 -0.961087
0.016386 0.473142 0.260708 0.182762 0.095481 -0.045373 0.000465 -0.008706 -0.013129 -0.030265 -0.050985 -0.104284 -0.078494 -0.032282 -0.012276 -0.036250 -0.126532 -0.182636 -0.225868 -0.263844 -0.322059 -0.379504 -0.402697 -0.454603 -0.450942 -0.574104 -0.641959 -0.559875 -0.513599 -0.100794 0.117431 0.423840 0.569480 0.299749 -0.387757 -0.606973 -0.012517 0.168647 0.029452 -0.077825 -0.013175 -0.000543 -0.000183 0.011477 -0.152161 -0.184857 -0.280407 -0.432287 -0.365596 -0.430976 -0.414208 -0.382164 -0.486388 -0.464660 -0.623142 -0.390836 -0.477885 -0.679789 -0.718114
-0.066063 -0.233311 -0.188328 -0.117214 -0.093583 -0.042598 -0.048739 -0.000534 -0.000381 -0.009430 -0.148196 -0.164772 -0.169098 -0.167615 -0.193710 -0.236388 -0.434403 -0.544671 -0.611750 -0.675340 -0.756794 -0.723813 -0.778767 -0.893651 -0.875289 -1.122549 -1.459681 -1.106119 -1.047608 -0.675930 -0.683327 -0.866599 -0.758549 -0.356314 -0.092286 0.486396 0.996490 0.563361 0.265335 -0.053622 -0.016583 -0.000003 0.042549 -0.057169 -0.109094 -0.128273 -0.182279 -0.324917 -0.068854 -0.136238 -0.227078 -0.250829 -0.264712 -0.328429 -0.351729 -0.510007 -0.445071 -0.527139 -0.475957
-0.325717 -0.371910 -0.387433 -0.393180 -0.408735 -0.409414 -0.381168 -0.116321 -0.102895 -0.256935 -0.271142 -0.342114 -0.239788 -0.215862 -0.218999 -0.339737 -0.541111 -0.526002 -0.591465 -0.541577 -0.562934 -0.515818 -0.545548 -0.572993 -0.646966 -0.595617 -0.659747 -0.766324 -0.763831 -0.278524 -0.725108 -1.020148 -0.980137 -0.793907 -0.178120 0.451219 0.334262 0.126087 -0.622268 -0.743034 -0.009197 -0.000165 0.000357 0.006316 -0.063979 -0.058009 -0.034306 -0.009921 -0.000088 0.006450 -0.061595 -0.089743 -0.157549 -0.209429 -0.330444 -0.341879 -0.374491 -0.439823 -0.016262
0.030979 -0.083609 -0.206239 -0.304966 -0.382072 -0.472347 -0.764708 -0.415663 -0.345434 -0.493242 -0.468534 -0.451993 -0.257776 -0.235859 -0.345727 -0.440221 -0.599045 -0.518033 -0.577822 -0.490582 -0.429571 -0.470879 -0.387738 -0.427434 -0.378857 -0.420024 -0.479322 -0.480783 -0.434078 -0.358278 -0.399294 -0.425643 -0.452275 -0.573003 -0.486751 -0.827637 -1.195804 -1.854743 -0.876077 -1.052967 -1.118827 -0.130061 -0.180483 -0.164805 -0.139629 -0.232253 -0.188157 -0.089339 -0.000641 0.000652 0.043073 -0.000155 -0.048368 -0.168594 -0.098802 -0.128189 -0.554023 -0.461492 -0.019003
0.138620 -0.017245 -0.103547 -0.156594 -0.223323 -0.297429 -0.386243 -0.479369 -0.586591 -0.474856 -0.487098 -0.341575 -0.304992 -0.267387 -0.360159 -0.500229 -0.486802 -0.412257 -0.403066 -0.407882 -0.336567 -0.309439 -0.152484 -0.163492 -0.293305 -0.214456 -0.277641 -0.409776 -0.326828 -0.107982 -0.017874 -0.017658 -0.353835 -0.860503 -0.804749 -0.842477 -0.692892 -0.476770 -0.780048 -1.032159 -1.070317 -0.971331 -0.201683 -0.198683 -0.167508 -0.357665 -0.058123 -0.042499 -0.000348 0.000379 0.045327 0.045345 0.115492 0.238292 -0.048434 -0.038521 -0.147501 -0.063848 -0.135269
0.130875 0.169678 0.145162 0.095895 0.070607 -0.092888 -0.103996 -0.274909 -0.242744 -0.244429 -0.245411 -0.335046 -0.152196 -0.149237 -0.116045 -0.159706 -0.146080 -0.076100 -0.055195 -0.123951 -0.138354 -0.094943 -0.056203 -0.056645 -0.076024 -0.061368 -0.126034 -0.837910 -0.879426 -0.642300 -0.910786 -0.566702 -0.467522 -0.273810 -0.272943 -0.405484 -0.970387 -0.044161 -0.041917 -0.071951 -0.588794 -0.997380 -1.008735 -0.160718 -0.170494 -0.387588 -0.061068 -0.050519 -0.113910 -0.140122 -0.341012 -0.510113 -0.513791 -0.468853 -0.226017 -0.104754 -0.020604 0.016089 -0.096608
0.107155 0.097048 0.077284 -0.004899 -0.071600 -0.110373 -0.162648 -0.342453 -0.289907 -0.285965 -0.393168 -0.410371 -0.297200 -0.218702 -0.228947 -0.259974 -0.248449 -0.216043 -0.230128 -0.131303 -0.059511 -0.010131 0.021582 0.039763 0.029737 0.023647 -0.002884 -0.114336 -0.981926 -0.691759 -0.400471 -0.577274 -0.509395 -0.272903 -0.218062 -0.536536 -1.555697 -0.939878 -0.092598 -0.103309 -0.534297 -1.133191 -1.027735 -0.807941 -0.879374 -0.172424 -0.129403 -0.117718 -0.389748 -0.446597 -0.692359 -0.669403 -0.745056 -0.682597 -0.493436 -0.252560 -0.241600 -0.338527 -0.502791
0.138826 0.021573 -0.025396 -0.047259 -0.080050 -0.120819 -0.170287 -0.388756 -0.327752 -0.443660 -0.515374 -0.541079 -0.460404 -0.439340 -0.374338 -0.393898 -0.374898 -0.357140 -0.283981 -0.224284 -0.120084 -0.067434 -0.030402 -0.003658 -0.065984 -0.001596 0.000908 0.004450 -0.776502 -0.226716 -0.016018 -0.017705 -0.333113 -0.264391 0.168543 -0.294547 -1.095654 -1.499775 -0.835362 -0.694878 -0.657704 -1.844410 -1.762164 -1.326175 -1.596504 -1.093865 -0.949299 -1.245817 -1.053851 -0.993929 -0.908889 -0.808291 -0.963551 -0.556587 -0.615076 -0.603566 -0.435486 -0.457407 -0.018187
0.064740 -0.037976 -0.066961 -0.050287 -0.064491 -0.089724 -0.124771 -0.147426 -0.293759 -0.240304 -0.345472 -0.319337 -0.323446 -0.350653 -0.305842 -0.296865 -0.266478 -0.285063 -0.361802 -0.140853 -0.003281 0.055769 0.066751 -0.049666 -0.017700 0.000041 0.014225 0.008903 -0.026131 -0.023813 -0.031301 -0.025415 -0.170785 -0.192594 -0.101819 -0.412570 -0.806522 -0.950273 -1.010190 -0.603444 -0.558479 -0.885423 -1.024370 -0.906098 -1.026284 -1.423648 -1.155221 -1.004721 -0.811401 -0.715960 -0.351122 -0.254462 -0.081034 0.000011 -0.252239 -0.370032 -0.384561 -0.396103 -0.021575
0.008427 -0.090001 -0.183655 -0.136995 -0.027096 -0.017490 -0.000755 0.000475 -0.154795 -0.170433 -0.147776 -0.142164 -0.137859 -0.169799 -0.171532 -0.170681 -0.191084 -0.176529 -0.287566 -0.068921 0.046618 0.071212 -0.281610 -0.010361 -0.000001 0.000998 0.075820 -0.015817 -0.067016 -0.253029 -0.277590 -0.211570 -0.170579 -0.229172 -0.209816 -0.494500 -0.619968 -0.698183 -0.322072 -0.163431 -0.034872 0.042442 -0.001302 -0.117098 -0.180930 -0.487584 -0.407723 -0.527157 -0.448980 -0.480559 -0.412263 -0.393318 -0.005878 0.000000 -0.005338 -0.037992 -0.140054 -0.009218 -0.000360
0.002327 0.103217 0.110061 -0.085004 -0.060272 -0.001896 -0.001931 0.000543 0.000346 0.002110 0.174637 0.301363 0.421582 0.384058 0.334799 0.278984 0.241206 0.281448 0.141651 0.246140 0.313193 0.157987 -0.000093 0.000440 0.005499 0.003112 0.090514 0.000643 -0.067542 -0.601224 -0.454886 -0.399586 -0.291145 -0.268504 -0.316699 -0.469255 -0.698133 -0.899637 -0.602727 -0.202666 -0.119799 -0.010814 -0.003278 -0.000360 0.000360 0.030056 -0.104976 -0.189462 -0.204560 -0.274076 -0.302119 -0.385098 -0.005878 0.000000 0.000000 0.000000 -0.001290 -0.002656 -0.000360
0.002997 0.092519 0.081192 0.070352 0.051961 -0.003035 -0.003253 -0.001931 0.000000 0.018020 0.622718 0.870906 0.800803 0.679337 0.575590 0.608316 0.523574 0.554036 0.377957 0.285071 -0.017927 -0.013489 0.000000 0.008609 0.037996 0.166658 0.211477 0.153491 -0.086322 -0.327555 -0.399012 -0.545356 -0.490672 -0.113267 -0.200225 -0.355418 -0.257346 -0.439837 -0.361072 -0.173718 -0.184807 -0.056713 -0.046193 -0.000360 0.000360 0.047644 -0.031605 -0.034146 -0.050132 -0.077241 -0.091839 -0.060932 -0.001550 -0.013471 -0.010564 0.000000 0.001274 0.001022 -0.058598
0.222241 0.235664 0.205958 0.153003 0.080472 0.055718 0.081028 0.079941 0.000031 0.423971 0.977545 0.720485 0.499194 0.490222 0.804607 0.984427 1.026993 1.035461 0.879310 0.675983 -0.460840 -0.021504 0.000000 0.024261 0.057453 0.155232 0.086061 0.057082 0.007377 -0.011131 -0.031670 -0.046976 -0.042955 -0.075219 -0.261646 -0.523799 -0.541101 -0.493197 -0.552577 -0.489931 -0.533621 -0.133918 -0.166566 -0.527696 -0.536388 -0.570505 -0.742546 -0.608920 -0.561100 -0.528981 -0.494327 -0.416513 -0.147965 -0.065716 -0.000816 0.000090 0.017446 0.101909 -0.026659
0.351807 0.488826 0.276537 0.217392 0.239619 0.238900 0.353841 0.364305 0.294062 0.670911 0.516743 0.267659 0.220842 0.111808 0.363365 0.277867 0.017030 -0.005761 -0.000191 -0.000716 -0.013516 -0.016702 0.000000 0.012537 0.025128 0.034298 0.005538 -0.007735 -0.000130 0.000130 0.009517 0.243984 0.163011 0.088917 -0.117264 -0.379766 -0.564880 -0.690422 -0.815485 -0.866175 -0.671254 -1.250494 -0.714593 -0.709085 -0.675066 -0.646599 -0.781795 -0.601106 -0.504373 -0.446776 -0.384306 -0.330474 -0.190277 -0.118702 -0.000526 0.000175 0.147068 0.124867 -0.031670
0.925152 0.823790 0.887524 0.851686 0.964739 0.806115 0.840410 0.860288 0.619402 0.580917 0.408706 0.161982 0.053083 0.040075 0.007461 -0.031778 -0.009432 -0.000664 -0.000410 -0.000165 -0.000457 -0.002041 0.005822 0.010669 0.005220 0.013285 0.004852 -0.004488 -0.000360 0.000360 0.013286 0.294414 0.257115 0.361639 0.071381 -0.304687 -0.625386 -0.971695 -1.112603 -1.024091 -0.623854 -0.652730 -0.772722 -0.606729 -0.624655 -0.638823 -0.584437 -0.466988 -0.351684 -0.256356 -0.293650 -0.249956 -0.128742 0.000000 0.010897 0.462493 0.172558 -0.008212 -0.292251
0.802136 0.728915 1.078700 0.919437 0.777706 0.667562 0.656197 0.812067 0.759247 0.558688 0.101297 -0.273637 -0.609423 -0.745111 -0.119351 -0.026427 -0.023565 -0.017139 -0.004302 0.000003 0.004688 0.013857 0.040956 0.016081 0.006404 0.020887 0.024500 0.036818 -0.000360 0.000360 0.018553 0.847931 0.686416 0.801839 0.084383 -0.225841 -0.459986 -0.546421 -0.952023 -0.960251 -1.127032 -0.503876 -0.485039 -0.283351 -0.065095 -0.067286 -0.112071 -0.346507 -0.277184 -0.240565 -0.206665 -0.298134 -0.143843 -0.063921 0.000495 -0.062224 -0.055483 -0.034069 -0.073479
0.232306 0.348981 0.149688 0.192699 0.165627 0.162464 0.144097 0.313372 0.642655 0.493791 0.043542 -0.137128 -0.353926 -0.624637 -0.244515 -0.062382 -0.039312 -0.013841 -0.000346 0.000180 0.006462 0.015880 0.023186 0.032384 0.024428 0.006319 0.012285 -0.036159 -0.012636 0.000010 0.010103 0.319529 0.534372 0.778290 0.131030 -0.192774 -0.513329 -0.528544 -0.715053 -1.052480 -1.305479 -0.743628 -0.715550 -0.416355 -0.172377 -0.000526 0.000074 -0.058026 -0.258743 -0.475716 -0.557029 -0.780784 -0.898675 -0.789213 -0.683628 -0.601220 -0.520305 -0.536458 -0.562203
0.365629 0.337451 -0.000238 -0.034687 -0.019984 0.045965 -0.041949 -0.088787 0.149663 -0.162406 -0.000146 0.000042 -0.130685 -0.250199 -0.222884 -0.027812 -0.019370 -0.013162 -0.007715 -0.000180 0.000346 0.005809 0.015374 0.070252 0.093419 0.041946 0.091983 0.192756 0.122981 0.000000 0.194695 0.781308 0.756315 0.764152 0.634295 0.431335 0.316047 -0.318046 -0.610529 -0.910172 -0.831122 -0.833407 -0.498440 -0.525432 -0.377618 -0.005758 0.000000 0.031990 -0.041205 -0.098683 -0.224216 -0.459289 -0.929449 -1.036243 -0.889094 -0.870176 -0.931975 -0.804077 -0.816809
