use_cases/Flooding_chicago/flooding_data/output/hUx_660.asc
ncols 337
nrows 393
xllcorner 428428.000000
yllcorner 4602440.000000
cellsize 26.757400
NODATA_value -9999.000000
[rows 156 to 181 of 393, columns 236 to 294 of 337]
0.005106 0.004768 0.001917 -0.000095 0.000000 0.009117 0.451057 0.281659 0.175643 0.050643 0.026552 0.000000 0.083537 0.081257 0.038338 0.010692 0.002779 0.012014 0.144881 0.057637 -0.003419 -0.006380 -0.019570 -0.013005 -0.048030 -0.057259 -0.018582 -0.024880 -0.018519 -0.032529 -0.030324 -0.000230 0.000104 0.000768 0.016399 0.676321 0.587034 -0.053287 -0.026814 -0.001794 0.001404 -9999.000000 -9999.000000 -9999.000000 -9999.000000 -9999.000000 -9999.000000 -9999.000000 -9999.000000 -9999.000000 -9999.000000 -9999.000000 -9999.000000 -9999.000000 -9999.000000 -9999.000000 -9999.000000 -9999.000000 -9999.000000
0.002704 -0.001466 -0.040085 -0.011959 0.000000 0.013540 0.399900 0.415255 0.402602 0.440061 0.441521 0.173668 0.148243 0.096042 -0.000665 0.000064 0.000709 0.007721 -0.036663 -0.068273 -0.145119 -0.215939 -0.072926 -0.043164 -0.029209 -0.029388 -0.025216 -0.000902 -0.000816 -0.000626 -0.000994 -0.000222 0.000222 0.010089 0.426160 -0.065701 -0.177734 -0.070860 -0.033032 -0.001583 0.001573 -9999.000000 -9999.000000 -9999.000000 -9999.000000 -9999.000000 -9999.000000 -9999.000000 -9999.000000 -9999.000000 -9999.000000 -9999.000000 -9999.000000 -9999.000000 -9999.000000 -9999.000000 -9999.000000 -9999.000000 -9999.000000
0.017680 0.061839 0.005132 -0.004393 -0.000852 0.001180 0.009793 0.138809 0.073146 0.032740 0.040351 -0.072830 -0.000515 -0.000551 -0.000510 0.000410 0.000779 0.010446 -0.066468 -0.107725 -0.153946 -0.292326 -0.066415 -0.048718 -0.041658 -0.035904 -0.020636 -0.000990 -0.000313 0.000453 0.000772 0.000465 0.000282 0.199894 -0.153325 -0.349307 -0.200551 -0.006903 -0.011361 -0.000376 0.000376 -9999.000000 -9999.000000 -9999.000000 -9999.000000 -9999.000000 -9999.000000 -9999.000000 -9999.000000 -9999.000000 -9999.000000 -9999.000000 -9999.000000 -9999.000000 -9999.000000 -9999.000000 -9999.000000 -9999.000000 -9999.000000
0.014708 0.011345 -0.043785 -0.021903 -0.001057 0.000240 0.001170 0.002359 0.001177 0.018166 0.012504 -0.000391 0.000316 0.000478 0.000447 0.000473 0.000484 0.001315 0.043029 0.028492 0.102097 0.099586 -0.034585 -0.030566 -0.029673 -0.030252 -0.014842 -0.000037 0.000545 0.000583 0.009791 0.115084 0.016940 0.050599 0.094059 -0.015251 -0.262207 -0.040116 -0.012279 -0.000723 0.000723 -9999.000000 -9999.000000 -9999.000000 -9999.000000 -9999.000000 -9999.000000 -9999.000000 -9999.000000 -9999.000000 -9999.000000 -9999.000000 -9999.000000 -9999.000000 -9999.000000 -9999.000000 -9999.000000 -9999.000000 -9999.000000
0.036372 0.075443 -0.001449 -0.036983 -0.008609 -0.000232 0.000524 0.011762 0.050563 0.013234 0.047190 -0.000008 0.007855 0.012317 -0.001167 -0.004576 -0.002431 0.012515 0.007328 -0.106615 -0.219784 -0.328109 -0.377228 -0.078046 -0.054872 -0.009268 -0.001001 0.000110 0.011702 0.009669 0.098103 0.096840 0.110008 0.092473 0.075708 -0.243463 -0.010441 -0.002777 -0.004261 -0.000376 0.000376 0.000966 -9999.000000 -9999.000000 -9999.000000 -9999.000000 -9999.000000 -9999.000000 -9999.000000 -9999.000000 -9999.000000 -9999.000000 -9999.000000 -9999.000000 -9999.000000 -9999.000000 -9999.000000 -9999.000000 -9999.000000
0.241212 -0.010909 -0.195891 -0.385875 -0.022395 -0.000392 0.000072 0.001564 0.023134 0.166508 0.389857 -0.000117 0.000189 -0.127329 -0.191287 -0.020674 -0.017380 -0.003840 0.000010 0.000426 0.001500 0.001445 -0.092857 -0.159213 -0.105232 -0.076061 -0.014997 -0.007325 0.004263 0.016187 0.058093 0.035894 0.014777 -0.084130 -0.018096 -0.010679 -0.001782 -0.002337 0.000826 0.000656 0.011566 0.009359 -9999.000000 -9999.000000 -9999.000000 -9999.000000 -9999.000000 -9999.000000 -9999.000000 -9999.000000 -9999.000000 -9999.000000 -9999.000000 -9999.000000 -9999.000000 -9999.000000 -9999.000000 -9999.000000 -9999.000000
-0.187897 -0.127098 -0.067153 0.003010 0.020722 -0.000272 -0.000297 0.000070 0.096117 0.570666 0.840412 0.462657 0.109170 -0.061269 -0.444297 -0.043430 -0.000346 -0.000161 0.000334 0.000536 0.003649 0.003017 -0.059713 -0.153011 -0.116524 -0.081035 -0.026816 -0.063010 -0.007354 0.000021 0.008662 0.080735 -0.017755 -0.107143 -0.026929 -0.014317 -0.001077 -0.000746 0.000759 0.004251 0.011264 0.007113 -9999.000000 -9999.000000 -9999.000000 -9999.000000 -9999.000000 -9999.000000 -9999.000000 -9999.000000 -9999.000000 -9999.000000 -9999.000000 -9999.000000 -9999.000000 -9999.000000 -9999.000000 -9999.000000 -9999.000000
-0.115150 -0.132802 -0.100008 -0.074434 -0.106737 -0.019837 -0.022130 0.000002 0.076765 0.398115 0.538270 0.812542 0.655167 0.387280 0.339808 -0.000626 0.000451 0.032477 0.666479 1.011545 0.376259 0.306634 0.196549 -0.023838 -0.009078 -0.006616 -0.001874 -0.000891 -0.000447 0.000580 0.009928 0.019822 0.108364 -0.033465 -0.010234 -0.002759 -0.003796 -0.009282 0.000037 0.014328 0.014746 0.027556 -9999.000000 -9999.000000 -9999.000000 -9999.000000 -9999.000000 -9999.000000 -9999.000000 -9999.000000 -9999.000000 -9999.000000 -9999.000000 -9999.000000 -9999.000000 -9999.000000 -9999.000000 -9999.000000 -9999.000000
0.014028 -0.041435 -0.033808 -0.016809 -0.067850 -0.046470 -0.030725 0.002797 0.010398 0.006201 -0.679977 -0.601107 -0.668724 -0.024061 0.004721 -0.000810 0.000784 0.038690 0.040667 -0.334165 -0.284569 -0.414155 -0.594752 -0.057740 -0.084200 -0.054097 -0.013903 -0.001077 0.000074 0.001113 0.002298 0.001350 0.008832 -0.041191 -0.104950 -0.113782 -0.126791 -0.011990 -0.009358 0.008478 0.012736 0.026794 -9999.000000 -9999.000000 -9999.000000 -9999.000000 -9999.000000 -9999.000000 -9999.000000 -9999.000000 -9999.000000 -9999.000000 -9999.000000 -9999.000000 -9999.000000 -9999.000000 -9999.000000 -9999.000000 -9999.000000
0.179810 0.021584 0.228258 0.204928 -0.101099 -0.000314 0.025069 0.057392 0.074598 0.041617 -0.493200 -0.755223 -0.938387 -0.147571 -0.000628 -0.000314 0.000591 0.025665 0.238603 -0.191527 -0.098353 -0.047691 -0.085394 -0.184902 -0.074215 -0.047228 -0.018461 -0.000939 0.000722 0.019463 0.119553 0.000041 0.014118 0.407184 0.200035 0.090353 -0.023556 -0.012382 -0.010295 0.006366 0.013816 0.007805 0.003600 -9999.000000 -9999.000000 -9999.000000 -9999.000000 -9999.000000 -9999.000000 -9999.000000 -9999.000000 -9999.000000 -9999.000000 -9999.000000 -9999.000000 -9999.000000 -9999.000000 -9999.000000 -9999.000000
-0.018655 -0.023629 -0.007141 -0.014830 -0.009568 -0.003186 0.006577 0.007206 0.005527 0.009716 -0.000964 -0.010003 -0.510664 -0.245584 -0.254102 -0.109049 -0.038089 -0.000129 0.000094 0.000313 -0.000493 -0.002787 -0.006741 -0.064411 -0.017971 -0.006876 -0.000757 -0.000165 0.000639 0.014432 0.053903 0.016669 0.000000 0.008159 0.090058 0.020698 -0.007068 -0.000709 -0.000064 0.000665 0.011558 0.009426 0.004088 -9999.000000 -9999.000000 -9999.000000 -9999.000000 -9999.000000 -9999.000000 -9999.000000 -9999.000000 -9999.000000 -9999.000000 -9999.000000 -9999.000000 -9999.000000 -9999.000000 -9999.000000 -9999.000000
-0.009316 -0.027258 -0.038248 -0.050496 -0.018746 -0.005292 0.014989 0.010728 0.004853 0.001727 0.000630 -0.064352 -0.154983 -0.205837 -0.166704 -0.126297 -0.008990 -0.000399 0.000323 0.000556 0.001444 0.015648 0.053736 -0.064724 -0.005821 -0.000363 0.000150 0.000796 0.000786 0.001934 0.028306 0.000300 0.001953 0.003761 0.002255 -0.123087 -0.007100 -0.000778 -0.000407 0.000519 0.000573 0.000526 0.001288 -9999.000000 -9999.000000 -9999.000000 -9999.000000 -9999.000000 -9999.000000 -9999.000000 -9999.000000 -9999.000000 -9999.000000 -9999.000000 -9999.000000 -9999.000000 -9999.000000 -9999.000000 -9999.000000
-0.010284 -0.013367 -0.015068 -0.022422 -0.022904 -0.016081 0.000817 -0.000630 -0.000107 0.000104 0.000607 0.002846 0.002713 -0.058631 -0.064749 -0.090204 -0.014711 -0.000618 0.000055 0.000637 0.004832 0.003710 -0.037917 -0.008925 -0.000519 0.000059 -0.000008 -0.000643 -0.001307 0.000092 0.017993 0.013673 -0.001109 0.001328 0.001714 -0.040482 -0.000688 -0.000443 -0.000942 -0.012702 -0.006690 0.000011 0.001006 -9999.000000 -9999.000000 -9999.000000 -9999.000000 -9999.000000 -9999.000000 -9999.000000 -9999.000000 -9999.000000 -9999.000000 -9999.000000 -9999.000000 -9999.000000 -9999.000000 -9999.000000 -9999.000000
0.006846 0.015584 -0.006567 -0.015933 -0.036973 -0.134288 -0.025482 -0.002857 -0.000251 0.000436 0.002574 0.014264 0.022510 -0.017055 -0.053458 -0.060968 -0.003648 -0.003189 -0.004396 0.000015 0.005108 0.005673 0.003818 0.002764 0.000692 0.060519 -0.086635 -0.063112 -0.000357 0.000519 0.007367 0.004913 -0.000479 0.000465 0.007123 0.077173 0.021601 -0.000193 -0.000361 -0.006883 -0.006146 -0.000131 0.000149 0.001266 -9999.000000 -9999.000000 -9999.000000 -9999.000000 -9999.000000 -9999.000000 -9999.000000 -9999.000000 -9999.000000 -9999.000000 -9999.000000 -9999.000000 -9999.000000 -9999.000000 -9999.000000
0.022977 0.063645 0.020106 0.215467 0.055176 -0.071675 -0.084791 -0.021264 -0.000357 0.000508 0.025202 0.045613 -0.051066 -0.099806 -0.138235 -0.214784 -0.241186 -0.249570 -0.021035 -0.001856 -0.004497 0.003296 0.005076 0.003000 0.107083 0.130579 0.191750 0.109085 -0.000152 0.000169 0.008986 0.009379 0.005204 0.001318 -0.000481 0.009114 0.012896 0.002942 -0.001617 -0.017005 -0.014664 -0.002660 0.000002 0.006997 -9999.000000 -9999.000000 -9999.000000 -9999.000000 -9999.000000 -9999.000000 -9999.000000 -9999.000000 -9999.000000 -9999.000000 -9999.000000 -9999.000000 -9999.000000 -9999.000000 -9999.000000
0.035697 0.192531 0.285473 0.240629 -0.007788 -0.002153 -0.018264 -0.013696 -0.000599 0.001366 0.026276 0.061348 0.521013 0.540935 0.068332 -0.027171 -0.108745 -0.104161 -0.212916 -0.059927 0.000000 0.005551 0.003895 0.047790 0.039309 0.105420 0.015385 0.039643 0.039205 0.020363 0.030261 0.047173 0.006047 0.000738 0.000369 0.051067 0.210050 -0.122862 -0.016576 -0.165542 -0.025987 -0.012926 0.000000 0.002086 0.001175 -9999.000000 -9999.000000 -9999.000000 -9999.000000 -9999.000000 -9999.000000 -9999.000000 -9999.000000 -9999.000000 -9999.000000 -9999.000000 -9999.000000 -9999.000000 -9999.000000
0.038909 0.156730 0.159357 -0.018331 -0.000083 0.000235 0.000806 -0.002264 -0.000327 0.003064 0.013358 0.027721 0.047788 0.301830 0.038362 -0.061629 0.000076 -0.114942 -0.254908 -0.065861 -0.002409 0.003209 0.083846 0.092794 0.090371 0.058243 0.027030 0.009087 0.000000 0.026714 0.115224 0.243645 0.819923 0.627375 0.595176 0.321318 0.060064 -0.006096 -0.042270 -0.289003 -0.060496 -0.003535 -0.001552 -0.000293 0.000092 0.000575 -9999.000000 -9999.000000 -9999.000000 -9999.000000 -9999.000000 -9999.000000 -9999.000000 -9999.000000 -9999.000000 -9999.000000 -9999.000000 -9999.000000 -9999.000000
0.043761 0.009013 -0.035522 -0.009188 0.000000 0.005027 0.017384 -0.000606 -0.003207 0.000000 0.003929 0.042129 0.101517 0.061512 0.007314 -0.002817 0.000283 0.000362 -0.000661 -0.001662 -0.000265 0.000756 0.002846 -0.000326 0.000208 0.004308 0.048911 0.015102 0.006660 0.004258 0.102679 1.667060 0.159395 0.077500 0.501339 0.389587 0.455575 0.371766 0.098562 -0.299221 -0.080922 -0.043582 -0.024494 -0.006034 -0.000003 0.000276 -9999.000000 -9999.000000 -9999.000000 -9999.000000 -9999.000000 -9999.000000 -9999.000000 -9999.000000 -9999.000000 -9999.000000 -9999.000000 -9999.000000 -9999.000000
-0.000991 -0.000243 -0.000515 -0.000760 -0.000255 0.000121 -0.003325 -0.005693 -0.005439 0.000000 0.017074 0.063613 0.023575 0.007575 0.000231 0.000094 0.003595 0.001495 0.000139 -0.000349 0.001171 0.002901 0.013967 0.004502 0.000003 0.016381 0.089652 0.031832 0.016898 0.092879 0.149417 0.136112 0.040991 0.000134 0.031908 0.426326 0.368827 0.273298 -0.033485 -0.003547 -0.007290 -0.019167 -0.020303 -0.006364 -0.000208 0.000326 0.004012 0.007169 -9999.000000 -9999.000000 -9999.000000 -9999.000000 -9999.000000 -9999.000000 -9999.000000 -9999.000000 -9999.000000 -9999.000000 -9999.000000
-0.000858 -0.000000 0.000858 0.007404 -0.122017 -0.209514 -0.018956 -0.003523 -0.002044 0.004115 0.022664 0.090287 0.031047 -0.000401 0.000521 0.007405 0.006198 -0.000317 0.000404 0.003119 0.003674 0.005175 0.003399 0.002797 0.000000 0.018758 0.090960 0.942374 0.010933 0.005871 0.002064 0.000467 0.000796 0.001530 0.004178 0.038402 0.300333 0.098649 0.028303 -0.001856 -0.000554 -0.852354 -0.052229 -0.021066 -0.000106 0.000120 0.007326 0.009023 -9999.000000 -9999.000000 -9999.000000 -9999.000000 -9999.000000 -9999.000000 -9999.000000 -9999.000000 -9999.000000 -9999.000000 -9999.000000
-0.005478 0.000000 0.005478 0.283665 -0.138707 -0.199160 -0.443758 -0.068976 -0.027384 0.000018 0.014877 0.132842 -0.001646 -0.001017 0.001469 0.004676 -0.000441 0.000126 0.000657 -0.000642 -0.002377 0.000000 0.010969 0.076422 0.024206 0.013192 0.054803 0.871258 0.031413 0.012111 -0.000030 0.000800 0.000735 0.006251 0.024046 0.006444 0.053854 0.178372 0.023358 -0.001157 -0.005721 -0.831902 -0.027350 -0.001517 -0.000031 0.000158 0.006856 0.109321 0.000000 -9999.000000 -9999.000000 -9999.000000 -9999.000000 -9999.000000 -9999.000000 -9999.000000 -9999.000000 -9999.000000 -9999.000000
-0.012933 -0.000087 0.000255 -0.127642 -0.047680 -0.029507 -0.458105 -0.033007 -0.000608 0.000438 0.014136 0.119495 -0.002279 -0.003599 -0.000360 0.000360 0.007515 0.018289 0.019200 -0.026935 -0.011096 0.000000 0.011355 0.054847 0.020377 0.009596 0.061173 -0.002866 -0.114296 -0.034870 -0.000826 0.000245 0.000745 0.011483 0.023678 0.035703 0.111909 0.282340 0.106093 0.041715 -0.015071 -0.020759 -0.004996 -0.001824 0.000909 -0.199784 -0.307581 -0.486627 -0.058661 0.000000 -9999.000000 -9999.000000 -9999.000000 -9999.000000 -9999.000000 -9999.000000 -9999.000000 -9999.000000 -9999.000000
0.161687 -0.145702 -0.662846 -0.178512 -0.000204 -0.048794 -0.147932 -0.012046 -0.000848 0.000974 0.010204 0.051183 -0.030354 -0.009188 -0.000360 0.000360 0.011335 0.149573 -0.116239 -0.178828 -0.052868 -0.001018 0.001843 0.022281 0.123019 0.071087 0.044012 0.223330 0.107285 -0.031052 -0.000767 -0.000334 0.000595 0.000766 0.008212 0.028706 0.178362 0.673965 0.365057 0.236980 0.158604 0.101707 -0.006503 -0.068647 0.047370 0.319473 0.421005 0.221778 0.003465 0.012201 0.010264 -9999.000000 -9999.000000 -9999.000000 -9999.000000 -9999.000000 -9999.000000 -9999.000000 -9999.000000
0.411560 0.017302 -0.501771 -0.200532 -0.002522 -0.005640 -0.031796 -0.021998 -0.000914 0.001352 0.012005 0.052480 -0.022905 -0.017754 -0.000130 0.000130 0.149351 -0.032381 -0.054953 -0.159618 -0.002160 -0.000758 0.002429 0.056266 0.054777 0.051562 0.691092 0.710957 0.639317 0.365300 0.310570 0.008101 0.001185 0.000019 0.012869 0.045722 0.838869 0.097526 0.032330 -0.000003 0.000444 -0.000145 0.000013 0.074575 -0.028205 -0.041305 -0.034935 -0.032008 -0.000350 0.000086 0.001122 -9999.000000 -9999.000000 -9999.000000 -9999.000000 -9999.000000 -9999.000000 -9999.000000 -9999.000000
0.181250 -0.172466 -0.010294 -0.001184 -0.000885 -0.002710 -0.004185 -0.002271 -0.001171 0.002360 0.054772 0.202881 0.116444 -0.002098 -0.000225 0.000556 -0.012381 -0.076573 -0.097568 -0.225228 -0.010692 0.000000 0.011484 0.015863 0.098418 0.056769 0.555353 0.014312 0.009008 0.032892 0.062405 0.138646 0.034626 0.006076 0.006129 0.009965 -0.388388 -0.111101 -0.000653 -0.000107 0.000201 0.000421 0.000552 0.083552 0.034264 -0.077210 -0.000797 0.000000 0.000797 0.003212 0.001802 0.000000 -9999.000000 -9999.000000 -9999.000000 -9999.000000 -9999.000000 -9999.000000 -9999.000000
-0.088013 -0.142762 -0.022087 -0.005571 0.000000 -0.008777 -0.030322 -0.010745 -0.000330 0.000396 0.011229 0.030324 0.072783 -0.015313 -0.000400 0.000642 0.166045 0.101646 0.005995 -0.185379 -0.011699 0.000000 0.010728 0.013130 0.002311 0.086853 0.656896 0.018592 0.007015 -0.032474 0.010759 0.045294 0.006570 -0.033516 0.000000 0.034774 0.042992 -0.056462 -0.000403 0.000318 0.002584 0.000013 0.039679 0.225490 0.209524 -0.080783 -0.001138 -0.000000 0.001138 0.002676 0.001928 -9999.000000 -9999.000000 -9999.000000 -9999.000000 -9999.000000 -9999.000000 -9999.000000 -9999.000000
