use_cases/Flooding_chicago/flooding_data/output/hUx_2640.asc
ncols 337
nrows 393
xllcorner 428428.000000
yllcorner 4602440.000000
cellsize 26.757400
NODATA_value -9999.000000
[rows 182 to 207 of 393, columns 118 to 176 of 337]
-0.016103 0.014405 0.071772 -0.008819 -0.000065 0.000556 0.005003 0.139295 0.749716 1.452978 0.798389 0.455208 0.045543 -0.009258 -0.027907 -0.078357 -0.193709 -0.240937 -0.334579 -0.274352 -0.111259 -0.027280 -0.018141 -0.000518 0.000222 0.006077 0.022185 0.027769 -0.125999 -0.211106 -0.037406 -0.016244 -0.004568 -0.005462 -0.000270 0.000473 0.021134 0.303035 -0.009498 -0.013578 0.001252 0.001592 -0.002107 -0.000157 0.002332 0.017131 0.365461 0.384789 -0.008383 -0.575909 -0.022855 -0.015084 -0.004083 -0.002763 0.003511 0.004132 0.035277 0.044915 0.054037
-0.456746 -0.744793 -0.982375 -0.005716 -0.000065 0.000124 0.136724 0.588417 0.475587 0.209701 -0.052675 -0.104720 -0.014699 -0.002918 -0.000876 0.000512 -0.012489 -0.024475 -0.046865 -0.046697 -0.135979 -0.071407 -0.015119 -0.005672 0.000007 0.001162 0.001268 -0.064244 -0.090554 -0.008005 -0.032635 -0.021730 -0.001549 -0.000610 0.000419 0.005922 0.004421 0.018910 -0.000120 -0.009830 -0.021715 -0.006123 -0.007086 -0.000363 0.000397 0.007198 0.018676 0.167094 -0.112277 -0.456849 -0.029124 -0.024485 -0.004590 -0.002231 0.004024 0.004034 0.013177 0.038307 0.055087
0.079143 -0.075760 -0.418843 -0.141160 -0.048262 -0.087390 -0.269830 -0.093097 0.079942 -0.111989 -0.353142 -0.206140 -0.029238 -0.007962 -0.006116 -0.000838 -0.000694 -0.001509 -0.006666 -0.014069 -0.029045 -0.075084 -0.029614 -0.006073 0.000000 0.000570 0.000577 -0.207793 -0.084123 -0.005183 -0.021923 -0.026969 -0.016757 -0.000366 0.000072 0.001179 -0.117229 -0.009795 -0.002491 -0.002975 -0.012527 -0.037881 -0.010146 -0.000700 0.000820 0.007923 0.020072 0.286892 0.387636 0.238198 -0.038172 -0.003946 -0.000222 0.000222 0.003234 0.002607 0.017803 0.025206 0.046600
0.186275 -0.028463 -0.511136 -0.190300 -0.070967 -0.083029 0.024716 0.000391 -0.098024 -0.189525 -0.147684 0.027283 -0.085271 -0.059299 -0.017842 -0.004497 -0.015396 -0.005982 0.000003 -0.012905 -0.035017 -0.090728 -0.031341 -0.016538 0.000000 -0.004195 -0.025527 -0.057794 -0.012177 -0.041657 -0.043689 -0.034109 -0.009444 -0.000699 -0.002658 -0.014361 -0.062388 -0.017821 -0.012043 0.000000 -0.020592 -0.055333 -0.016927 -0.000489 0.000684 0.010457 0.019020 0.192030 0.328278 0.274353 -0.019119 -0.000471 -0.000441 -0.000753 0.000194 0.001423 0.003027 0.001358 0.009565
0.491153 0.296843 -0.086692 -0.154440 -0.064682 -0.076556 -0.016010 0.091848 -0.033756 -0.306975 -0.445473 -0.243736 -0.034581 -0.021789 -0.006633 -0.025767 -0.005883 -0.000326 0.000208 0.084799 -0.097212 -0.177030 -0.128824 -0.001588 0.000121 -0.003160 -0.014410 -0.017741 0.002027 -0.009882 -0.042959 -0.023592 -0.010746 -0.000023 -0.046686 -0.015740 -0.007574 -0.003202 -0.003507 -0.006293 -0.035334 -0.007165 -0.000685 0.000313 0.011481 0.033750 0.097325 -0.146270 -0.057917 0.201296 0.289357 -0.000317 -0.000391 -0.000197 -0.000043 0.000213 0.001145 0.000039 0.006832
0.956671 0.888558 0.713126 0.066887 -0.007974 0.001228 0.127537 0.040685 -0.142392 -0.069062 -0.258897 -0.159877 -0.076321 -0.040612 -0.006918 -0.008284 -0.000811 -0.000066 0.000201 -0.083367 -0.123087 -0.403062 -0.024664 -0.008143 0.000003 -0.177380 -0.359313 -0.398864 -0.279700 -0.019656 -0.234907 -0.010623 -0.001582 -0.005002 -0.032469 -0.015819 -0.004155 -0.021214 -0.045435 -0.033802 -0.026207 -0.007943 -0.000432 0.000299 0.012334 -0.390655 -1.069870 -0.872178 -0.625978 -0.450661 -0.110434 -0.001396 -0.002057 -0.000454 -0.000546 -0.000786 -0.000439 0.000000 0.015373
0.309867 -0.099942 -0.453138 -0.867743 -0.000106 0.000110 -0.192778 -0.182878 -0.190038 -0.176301 -0.128947 -0.035146 -0.010467 -0.021790 -0.010618 -0.018326 -0.024105 -0.032097 -0.449643 -0.633301 -0.744788 -1.054820 -0.558912 -0.508689 -0.447069 -0.765765 -0.242153 -0.001583 -0.005646 -0.010067 -0.005003 -0.000679 -0.007432 -0.047858 -0.052855 -0.057572 -0.150784 -0.089067 -0.038713 -0.042439 -0.034482 -0.013095 -0.000142 0.000132 -0.655377 -0.842776 -0.916561 -0.630644 -0.160265 0.269223 0.455906 0.428471 0.628096 0.626682 -0.003007 -0.005660 -0.008197 -0.000213 0.001479
0.016142 -0.008475 -0.499268 -0.012748 -0.000106 0.000120 0.042443 -0.172459 -0.406618 -0.556768 -0.460884 -0.164821 -0.016531 -0.003752 -0.008410 -0.012069 -0.021897 -0.040037 -0.257848 -0.310224 -0.504938 -0.531891 -0.602490 -0.539047 -0.687687 -0.215236 -0.161772 -0.191157 -0.014496 -0.018350 -0.000536 0.051152 -0.455086 -0.384267 -0.174272 -0.042999 -0.006425 -0.015561 -0.022383 -0.031451 -0.008061 -0.000361 0.000109 0.006345 -1.823326 -0.384387 -0.009664 -0.007443 -0.003241 0.135257 0.411665 0.169650 0.158855 0.129764 -0.003409 -0.123738 -0.079992 -0.000276 0.000846
-0.000573 0.000193 -0.204024 -0.008781 -0.000208 0.000326 0.060624 -0.382791 -0.909883 -1.527654 -0.891207 -0.315976 -0.010196 -0.000974 -0.000380 -0.764936 -0.981204 -1.083374 -1.236893 -0.942801 -0.667394 -0.083329 -0.302515 -0.289386 -0.341419 -0.204921 -0.184835 -0.199548 -0.566909 -0.429142 -0.559534 -0.801803 -0.830909 -0.480355 -0.285750 -0.154816 -0.001610 -0.001171 0.013125 -0.009298 -0.062704 -0.061251 -0.216839 -1.294649 -1.404693 -0.399772 -0.019641 -0.006882 0.000000 0.005878 -0.487028 -0.629783 -1.422357 -0.637370 -0.249374 -0.145599 -0.062773 -0.000013 0.000474
-0.002026 -0.002006 -0.008377 -0.005989 -0.000003 -0.002402 0.006765 0.007060 -0.002652 -2.905857 -1.407592 -0.824107 -0.988920 -0.980224 -0.196810 -2.062118 -1.196661 -1.319719 -1.685298 -1.275995 -1.304608 -0.888146 -0.819634 -0.713319 -0.895857 -0.685073 -0.625249 -0.458163 -0.845776 -0.914866 -1.586329 -1.058822 -1.150895 -0.534967 -0.349149 -0.324484 -0.253465 -0.425340 -0.200212 -0.130746 -0.112377 -0.218742 -0.222204 -0.833084 -0.089032 -0.062990 -0.038913 -0.006063 0.000000 0.005878 -0.396332 -0.468129 -0.325247 -0.186871 -0.038562 0.005171 0.006270 0.003380 0.006809
0.016936 -0.166109 -0.402844 -0.015059 -0.004300 -0.016920 -0.010400 -0.003926 -0.004276 -0.010915 -1.687989 -1.113963 -1.474887 -1.821154 -2.137458 -2.306811 -0.568586 -0.012242 0.024221 0.081032 -0.081058 -0.061295 -0.017381 -0.056240 -0.298155 -0.398863 -0.404487 -0.599330 -0.850464 -1.045790 -1.895184 -0.942559 -1.007342 -1.313719 -0.253992 -0.313392 -0.369524 -1.088263 -1.450933 -1.619159 -1.625182 -1.227723 -0.470815 -0.081303 0.173357 0.217198 0.112256 -0.018817 -0.000127 0.000291 -0.110909 -0.006309 -0.009655 -0.005601 0.000584 0.000000 0.021282 0.049059 0.020697
0.361145 0.293084 0.179101 0.113241 -0.178020 -0.031705 -0.002626 -0.006556 -0.011143 -0.000094 -0.376509 -0.555694 -0.662666 -0.307778 -0.430050 -0.454682 -0.011758 0.000000 0.143522 0.120814 -0.008803 -0.069241 -0.000119 0.000119 0.046679 -0.046015 -0.013033 -0.041954 -0.160061 -0.289093 -0.415417 -0.212416 -0.340479 -2.537866 -1.145817 -0.693804 -0.275296 -0.618781 -0.561930 -0.148706 -0.149006 -0.036565 -0.015863 0.000034 0.210760 0.668299 0.599754 0.245221 -0.019650 -0.065682 -0.040285 -9999.000000 -9999.000000 -9999.000000 -9999.000000 0.000000 0.010986 0.065962 0.255589
-0.221833 -0.213929 -0.267700 -0.373535 -0.476571 -0.027073 -0.001400 -0.001391 -0.003946 -0.001265 -0.000055 -0.000792 -0.000543 -0.001484 -0.002933 -0.012571 -0.005878 0.000000 -0.002807 -0.014286 -0.096892 -0.003946 -0.000222 0.000222 0.006922 0.244632 0.278282 0.127332 0.047681 0.069189 0.065126 -0.000598 -0.000432 -0.167681 -0.252205 -0.148049 -0.190794 -0.188023 -0.071166 -0.123258 -0.025313 -0.006500 -0.000378 0.000776 0.247893 0.293026 1.169239 0.421524 -9999.000000 -9999.000000 -9999.000000 -9999.000000 -9999.000000 -9999.000000 -9999.000000 -9999.000000 -9999.000000 0.004252 -0.002181
-0.582615 -0.414246 -0.343857 -0.162757 -0.367246 -0.026922 -0.005632 0.000000 -0.005794 -0.007473 -0.001301 -0.001233 -0.000387 -0.000773 -0.002091 -0.012629 -0.005878 0.000000 0.135781 0.201094 0.169938 -0.018498 -0.118468 -0.005527 0.000000 0.003918 0.179737 0.052639 -0.066225 -0.205498 -0.310818 -0.150769 -0.009208 -0.030351 -0.089360 -0.149278 -0.097187 -0.006451 -0.024990 -0.026180 -0.008649 -0.000815 -0.000070 0.000789 0.005011 0.006252 0.002093 -9999.000000 -9999.000000 -9999.000000 -9999.000000 -9999.000000 -9999.000000 -9999.000000 -9999.000000 -9999.000000 -9999.000000 -9999.000000 -0.011246
-0.419757 -0.444001 -0.006020 0.000000 -0.030359 -0.038019 -0.038925 -0.003994 -0.015147 -0.015757 -0.002644 -0.002731 0.000000 0.012234 0.224959 0.246879 -0.100110 0.000000 -0.008136 -0.008112 -0.149360 -0.037154 0.038705 0.021648 0.025847 0.022217 0.013081 -0.358198 -0.436113 -0.420949 -0.057563 -0.044577 -0.036167 -0.029014 -0.089867 -0.073789 -0.072582 -0.034953 -0.025035 -0.022892 -0.013268 -0.000911 0.000012 0.000274 0.001155 -9999.000000 -9999.000000 -9999.000000 -9999.000000 -9999.000000 -9999.000000 -9999.000000 -9999.000000 -9999.000000 -9999.000000 -9999.000000 -9999.000000 -9999.000000 -9999.000000
0.010537 0.113140 -0.000747 0.000097 -0.293601 -0.073617 -0.034964 -0.087563 -0.028280 -0.001528 -0.001302 0.000394 0.000285 0.001192 0.084564 -0.118838 -0.130659 -0.020816 -0.034612 -0.148940 -0.124007 -0.000360 0.000360 0.008231 0.000000 0.080685 -0.241523 -0.362110 -0.138393 -0.225892 -0.101950 -0.363822 -0.486847 -0.232935 -0.070243 -0.140334 -0.044308 -0.032842 -0.037974 -0.018339 -0.001885 -0.003637 -0.000330 0.000396 -9999.000000 -9999.000000 -9999.000000 -9999.000000 -9999.000000 -9999.000000 -9999.000000 -9999.000000 -9999.000000 -9999.000000 -9999.000000 -9999.000000 -9999.000000 -9999.000000 -9999.000000
0.010178 0.011219 -0.040292 -0.047747 -0.224826 -0.079436 -0.041645 -0.007981 -0.000759 -0.000399 0.000418 -0.006963 -0.023093 -0.050062 -0.057215 -0.063930 -0.128136 -0.024326 0.000000 0.000889 -0.003922 -0.000360 0.000360 0.002924 0.000000 0.067066 -0.145056 -0.179799 -0.188799 -0.181553 -0.256916 -0.150887 -1.057282 -0.253611 -0.069250 -0.100235 -0.179990 -0.087882 -0.055600 -0.049008 -0.040994 -0.017421 -0.000401 0.000555 -9999.000000 -9999.000000 -9999.000000 -9999.000000 -9999.000000 -9999.000000 -9999.000000 -9999.000000 -9999.000000 -9999.000000 -9999.000000 -9999.000000 -9999.000000 -9999.000000 -9999.000000
0.019069 -0.088570 -0.199604 -0.166751 -0.431866 -0.036006 -0.020055 -0.007428 -0.000019 0.000473 0.000517 -0.037627 -0.026743 -0.038323 -0.044669 -0.050161 -0.104167 -0.010650 0.000000 0.006016 0.065625 0.018224 -0.099189 -0.212941 -0.349057 -0.452789 -0.449029 -0.371394 -0.326872 -0.272936 -0.288875 -0.098141 -0.140495 -0.034909 -0.085378 -0.115196 -0.206461 -0.080607 -0.048901 -0.040603 -0.031251 -0.013725 -0.000013 -9999.000000 -9999.000000 -9999.000000 -9999.000000 -9999.000000 -9999.000000 -9999.000000 -9999.000000 -9999.000000 -9999.000000 -9999.000000 -9999.000000 -9999.000000 -9999.000000 -9999.000000 -9999.000000
-1.391410 -1.341857 -1.286786 -1.442479 -1.641330 -0.936356 -0.013576 -0.000380 0.000171 -0.117771 -0.240948 -0.147355 -0.013043 -0.010315 -0.000875 -0.071704 -0.172136 -0.022678 0.000000 0.006663 0.053069 0.035311 -0.348244 -0.391177 -0.310991 -0.302115 -0.284868 -0.660722 -0.655461 -0.658547 -0.743453 -1.076270 -0.348549 -0.015601 -0.000948 -0.003017 -0.015354 -0.023427 -0.025809 -0.020938 -0.010737 -0.000925 0.000105 -9999.000000 -9999.000000 -9999.000000 -9999.000000 -9999.000000 -9999.000000 -9999.000000 -9999.000000 -9999.000000 -9999.000000 -9999.000000 -9999.000000 -9999.000000 -9999.000000 -9999.000000 -9999.000000
-1.524665 -1.691555 -1.883198 -1.990864 -2.801545 -1.186019 -0.271205 -0.024822 -0.088181 -0.111483 -0.101029 -0.002686 -0.003608 -0.080097 -0.442641 -0.389202 -0.232238 -0.140921 -0.001226 -0.006496 -0.538010 -0.991722 -0.778060 -0.733709 -0.540743 -0.424094 -0.362664 -0.572743 -0.485931 -0.503949 -0.465722 -0.591891 -0.338551 -0.361889 -0.009067 -0.043466 -0.010693 -0.003195 -0.004047 -0.001723 -0.001644 -0.000149 0.000103 -9999.000000 -9999.000000 -9999.000000 -9999.000000 -9999.000000 -9999.000000 -9999.000000 -9999.000000 -9999.000000 -9999.000000 -9999.000000 -9999.000000 -9999.000000 -9999.000000 -9999.000000 -9999.000000
-1.156058 -1.205674 -1.270181 -1.376723 -2.255297 -1.858617 -2.463936 -0.567132 -0.098899 -0.108427 -0.097822 -0.002325 -0.270893 -0.590376 -0.663239 -0.507517 -0.351971 -0.233857 -0.316185 -0.553274 -0.853891 -0.864830 -0.614950 -0.573156 -0.370341 -0.227926 0.000596 0.123062 -0.109929 -0.319227 -0.029951 -0.000030 -0.397020 -0.464564 -1.270412 -0.699798 -0.024236 -0.001239 -0.001650 -0.004259 -0.000789 -0.000216 0.000002 -9999.000000 -9999.000000 -9999.000000 -9999.000000 -9999.000000 -9999.000000 -9999.000000 -9999.000000 -9999.000000 -9999.000000 -9999.000000 -9999.000000 -9999.000000 -9999.000000 -9999.000000 -9999.000000
-0.481775 -0.194109 0.108471 0.328998 0.170968 -0.303784 -1.998357 -2.021150 -0.745003 -0.228728 -0.424410 -0.411575 -0.524351 -0.898831 -0.918349 -0.744494 -0.812712 -0.713547 -0.713300 -1.401009 -0.343877 -0.004739 0.000517 0.100322 0.074643 0.026777 0.225494 0.612416 0.630686 0.389484 -0.000647 -0.000878 -0.000083 -0.214217 -0.233651 -0.244939 -0.428685 -0.161693 -0.070745 -0.025236 -0.000063 0.000626 0.000379 0.000000 -9999.000000 -9999.000000 -9999.000000 -9999.000000 -9999.000000 -9999.000000 -9999.000000 -9999.000000 -9999.000000 -9999.000000 -9999.000000 -9999.000000 -9999.000000 -9999.000000 -9999.000000
-0.258432 -0.095014 -0.007786 -0.023916 -0.004737 -0.000000 -0.655608 -1.933230 -2.568621 -1.598676 -0.389718 -0.399656 -0.547709 -0.977804 -0.726907 -0.829001 -0.889012 -0.774641 -0.687418 -0.553075 -0.503121 -0.003319 -0.004696 -0.000485 -0.000685 0.002045 0.368237 0.363811 0.261153 0.181219 -0.053438 -0.052143 -0.004977 -0.004752 -0.001185 -0.206457 -0.407584 -0.119996 -0.007776 -0.003959 -0.000002 0.001412 0.000759 0.000000 -9999.000000 -9999.000000 -9999.000000 -9999.000000 -9999.000000 -9999.000000 -9999.000000 -9999.000000 -9999.000000 -9999.000000 -9999.000000 -9999.000000 -9999.000000 -9999.000000 -9999.000000
-1.498345 -0.621918 -0.022404 -0.016081 -0.009734 -0.000016 0.007297 -0.615448 -0.900567 -1.145149 -1.148162 -0.242604 -0.396713 -0.491295 -0.479290 -0.349288 -0.647121 -0.686727 -0.598630 -0.351540 -0.416284 -0.064216 -0.020024 -0.000983 0.000106 0.007587 0.008590 0.265919 -0.080360 -0.482784 -0.044959 -0.053619 -0.014008 -0.020438 -0.024506 -0.039637 -0.080756 -0.131597 -0.130149 -0.079479 -0.062966 -0.002808 -0.000064 0.000805 0.000000 -9999.000000 -9999.000000 -9999.000000 -9999.000000 -9999.000000 -9999.000000 -9999.000000 -9999.000000 -9999.000000 -9999.000000 -9999.000000 -9999.000000 -9999.000000 -9999.000000
-2.020435 -2.926507 -1.713216 -0.009404 -0.000797 -0.000378 0.000830 0.009465 0.063536 -0.903098 -1.132421 -0.542478 -0.590877 -0.242176 -0.000794 -0.173602 -0.188180 -0.558312 -0.415516 -0.334227 -0.407380 -0.058331 -0.031782 -0.013807 0.000000 0.008130 0.057534 0.092248 -0.271819 -0.615618 -0.098855 -0.010293 -0.022004 -0.030106 -0.040003 -0.050650 -0.068689 -0.096959 -0.137900 -0.136334 -0.086885 -0.015118 0.009667 -0.021360 0.000000 -9999.000000 -9999.000000 -9999.000000 -9999.000000 -9999.000000 -9999.000000 -9999.000000 -9999.000000 -9999.000000 -9999.000000 -9999.000000 -9999.000000 -9999.000000 -9999.000000
-1.011015 -1.912416 -1.097653 -0.302779 -0.008750 -0.000593 0.000092 0.000369 0.000095 0.011862 -0.315492 -0.414236 -0.496158 -0.167321 -0.000024 -0.251804 -0.304141 -0.286786 -0.188613 -0.120556 -0.206674 -0.055872 -0.024083 -0.017982 0.000000 0.012236 0.044919 -0.091409 -0.304141 -0.199718 -0.005193 -0.012238 -0.016817 -0.016154 0.000000 -0.009645 -0.011707 -0.000244 -0.000027 0.000242 0.076921 -0.009376 -0.008283 -0.001551 0.000164 -9999.000000 -9999.000000 -9999.000000 -9999.000000 -9999.000000 -9999.000000 -9999.000000 -9999.000000 -9999.000000 -9999.000000 -9999.000000 -9999.000000 -9999.000000 -9999.000000
