use_cases/Flooding_chicago/flooding_data/output/hUx_2640.asc
ncols 337
nrows 393
xllcorner 428428.000000
yllcorner 4602440.000000
cellsize 26.757400
NODATA_value -9999.000000
[rows 78 to 103 of 393, columns 177 to 235 of 337]
-0.322090 -0.109265 -0.005888 0.000000 0.007201 0.041513 -0.025657 -0.010792 -0.000734 0.000333 0.014960 0.032363 0.034790 0.066224 0.095390 0.032645 0.012229 0.366180 1.519970 0.423408 1.290161 1.244113 1.004770 1.103721 0.775530 1.324827 1.304066 1.412265 1.490296 2.525551 1.869133 2.135766 3.095580 2.477614 1.948973 1.424579 0.540828 0.002034 0.004955 0.300115 0.727123 0.317553 0.007479 -0.003164 -0.000102 0.000058 0.000653 0.101344 0.754725 1.305633 0.743041 0.559155 0.437152 0.032401 -0.001264 -0.001809 -0.001162 -0.000888 -0.000316
-0.152314 -0.173501 -0.212161 -0.000399 -0.001493 -0.001230 -0.000834 -0.001234 -0.002086 -0.000203 0.000299 0.002599 0.028847 0.061746 0.120992 0.490105 -0.005502 0.149420 0.507313 0.246369 0.402402 0.249162 0.733915 0.340373 0.379431 0.333110 0.421363 0.951070 1.182051 1.346692 1.812602 1.562786 1.789137 1.905923 1.932691 2.145046 2.652970 4.183839 4.977502 4.414425 5.445386 4.960459 4.893712 4.548268 5.328829 3.741324 3.489690 3.293349 3.029036 3.069882 2.277022 2.130791 2.591400 2.367172 2.553755 1.975943 2.108939 1.414311 1.013537
-0.085352 -0.245597 -0.317047 -0.308209 -0.286601 -0.016936 -0.025315 -0.006957 0.000001 0.000479 0.002399 0.027577 0.037720 0.035052 0.045777 0.068532 0.646293 0.655592 -0.000163 0.000909 0.003978 -0.000269 -0.001315 -0.000005 0.000735 0.000068 -0.067746 -0.155336 0.150754 0.382514 0.813129 1.222133 1.162787 1.318054 0.693350 1.801749 0.627918 1.932418 1.926704 1.875643 2.168230 1.863138 2.033155 3.048598 3.326121 3.195678 3.753554 3.594008 3.734790 3.426370 2.735406 3.024569 2.708525 3.060538 2.848792 2.750388 2.345131 1.793894 1.992619
-0.000305 -0.001636 -0.181321 -0.459242 -0.454846 -0.607045 -0.013212 -0.000722 0.000086 0.008964 0.025925 0.006224 0.011653 0.024589 0.039344 0.056552 0.006273 -0.002754 0.000141 0.016330 0.033833 0.000655 -0.004187 -0.000100 0.000338 0.000322 0.010339 0.132848 0.971820 1.775649 1.878221 1.522238 1.800255 1.556611 0.794270 0.765546 0.679203 1.344924 1.147641 1.082930 1.089348 0.903005 1.051582 1.092213 1.093476 1.661725 2.221763 2.182816 2.348916 2.191330 1.700924 1.978982 1.925494 1.705200 1.782239 1.544302 1.285835 0.888883 0.828844
0.001037 0.002542 0.034541 0.003247 -0.384379 -0.748726 -0.031630 -0.009552 0.000000 0.004204 0.011409 0.023569 0.023055 0.022105 0.031706 0.002892 -0.004822 0.000000 0.006475 0.014597 0.019518 0.012859 -0.023502 -0.007172 -0.000244 0.000493 0.017040 0.269764 1.008225 1.759812 2.959986 2.181940 2.284496 1.675167 0.790571 0.752961 0.685143 0.703652 1.218250 0.099071 -0.303625 -0.132151 0.136186 0.273459 0.324000 0.588286 0.963844 1.344913 1.425038 1.351711 1.034793 1.001364 1.256831 1.199823 1.067791 0.946294 0.576080 0.424685 0.465505
0.002386 0.028960 0.109178 0.614536 0.488465 -0.508512 -0.027106 -0.000188 0.000265 0.000897 0.001376 0.008808 0.015795 0.003671 -0.000974 -0.017147 -0.006811 0.000000 0.008816 0.014079 0.001297 0.007157 0.013486 0.001251 0.000000 0.004634 0.008661 0.342412 1.472948 1.636549 1.666524 2.025358 1.465654 0.742737 0.679235 0.613993 0.539131 0.343522 0.099246 0.014242 0.058019 0.043728 0.084911 0.097355 -0.045049 -0.374877 -0.408558 -0.485175 -0.347818 -0.016671 0.130647 0.186099 0.167807 0.120327 0.177067 0.294565 0.462203 0.572952 0.647239
0.024926 0.054068 0.072234 0.055192 -0.209473 -0.011061 -0.000297 0.002445 0.031141 0.089525 0.023344 0.029350 0.053385 0.006898 -0.033678 -0.016679 -0.010627 0.000000 0.003006 0.002575 0.001500 0.007906 0.009194 0.009729 0.030613 0.016104 0.731244 2.333558 2.185604 1.668010 1.156097 2.268935 0.581182 0.513711 0.378288 0.520653 -0.048021 -0.006605 -0.000002 0.006459 0.015861 0.180429 0.126924 0.038501 -0.000010 0.027835 -1.256682 -2.125230 -1.699319 -1.624306 -0.592355 -0.106144 0.000086 0.127084 0.130435 0.420867 0.440302 0.480089 0.747550
0.030345 0.042591 0.057079 0.006542 0.000935 -0.000123 0.001068 0.029960 0.086467 0.117075 0.230163 0.107069 0.037484 -0.105889 -0.025859 -0.009212 -0.001271 -0.000559 -0.000421 0.002171 0.001730 0.008043 0.019014 1.079214 1.196546 1.888184 2.164946 2.487890 1.769214 0.683266 0.312983 0.335438 1.179584 0.832105 1.001198 0.816903 0.046552 -0.009534 -0.000109 0.000384 0.005618 0.341492 0.150011 -0.000592 -0.000300 -0.000000 0.004884 0.007964 0.001052 0.000865 0.012620 -0.000336 0.001241 0.001769 0.118480 0.122968 0.111868 0.042553 0.084434
0.028671 0.050011 0.001358 -0.025281 -0.006421 0.000000 0.015893 0.053845 0.010982 0.013075 0.025251 0.161680 0.066760 0.017191 0.015104 0.002783 -0.000561 -0.000668 -0.000385 0.000589 0.020918 0.043883 0.765180 0.329445 0.768400 1.142938 1.878372 2.011881 1.694300 0.732113 1.107261 0.977470 1.494440 -0.001292 -0.002276 -0.029470 -0.016594 0.002435 0.001358 0.007334 0.252510 0.187320 -0.014393 -0.008603 -0.000434 -0.000012 0.000494 0.008760 0.021805 0.029518 0.044515 0.000009 0.001953 0.075477 0.031115 0.081899 0.201491 0.252492 0.024354
0.002279 0.001361 -0.098615 -0.012791 -0.004500 0.000000 0.002037 -0.000267 -0.000306 0.000424 0.013721 0.139481 0.052508 0.102704 0.042508 0.009564 0.001780 -0.000556 -0.000332 0.000065 0.001854 0.011670 0.025523 0.378597 0.657894 1.022992 1.322778 1.263926 1.106571 0.419144 0.002234 0.000549 -0.009177 -0.013471 -0.005592 -0.000023 0.002268 0.035960 0.077093 0.152439 0.102825 -0.000283 -0.023148 -0.019114 -0.005878 0.000000 0.007151 0.013665 0.018705 0.023186 0.023959 0.003488 0.024201 0.130728 0.131462 0.160046 0.537898 0.458559 0.282609
-0.011634 -0.000669 -0.001246 -0.002888 -0.002554 -0.002316 -0.008566 -0.007624 -0.000362 0.000653 0.006467 0.082451 0.228223 0.130980 0.087432 0.030652 0.005523 -0.030163 -0.008015 -0.000099 0.000226 0.011483 0.036411 0.832071 0.954708 1.265369 1.744332 1.726313 1.178799 0.205175 -0.003871 -0.001032 -0.000474 -0.000046 0.000094 0.004285 0.014389 0.005700 0.046406 0.082028 0.024483 -0.166760 -0.493907 -0.013958 -0.005878 0.000000 0.007151 0.013652 0.027710 0.039663 0.022142 0.004050 0.009337 0.021200 0.139509 0.244664 0.449462 0.540037 0.567758
-0.006194 -0.000534 -0.001008 -0.002433 -0.015519 -0.026686 -0.020082 -0.000654 0.000362 0.016030 0.038227 0.031676 0.028052 0.105333 0.125019 0.038982 0.017153 0.226393 0.573304 0.374356 0.026582 0.140181 0.435248 1.514809 1.301140 1.404796 1.320216 0.679198 -0.083923 -1.197864 -0.045092 -0.023329 -0.005647 -0.000010 0.004233 0.013209 0.019022 0.027399 0.007437 0.014823 0.079474 0.020332 -0.385173 -0.025804 -0.008921 0.000000 0.009405 0.030148 0.008762 0.025536 0.030317 0.020676 0.004753 0.030597 0.137213 0.257522 0.429765 0.381667 0.687044
0.003118 -0.000590 -0.002157 -0.021216 -0.041374 -0.021517 -0.009790 -0.000424 0.000306 0.008918 0.019962 0.030884 0.027707 1.054338 1.087109 0.967178 0.720388 0.997614 1.056152 1.311905 1.080130 1.127245 1.495501 1.282934 1.507980 0.893633 0.864306 0.665159 -0.042474 -0.078253 -0.038620 -0.037885 -0.015597 -0.000506 0.000062 0.005254 0.014477 0.019683 0.035279 0.043636 0.098191 0.096512 0.153450 -0.037321 -0.004456 0.000000 0.000399 0.002705 0.002045 0.012689 0.027668 0.042593 0.014902 0.053899 0.294109 0.284521 0.474699 0.392703 0.525937
0.134093 -0.655738 -0.882109 -0.601451 -0.058784 -0.026781 -0.007492 -0.000095 0.000089 0.007270 0.022306 0.029428 0.084191 0.376538 0.495240 0.550398 0.638519 0.609096 0.697343 0.934433 0.918715 0.964254 0.947510 1.433329 1.223967 0.681927 0.720329 0.070119 -0.049865 -0.020453 -0.020064 -0.019808 -0.012821 -0.005709 -0.000222 0.000222 0.005482 0.031139 0.048888 0.039858 0.118982 0.039522 0.056117 0.113224 -0.036819 -0.000240 0.000087 0.001400 0.000974 0.001346 0.001432 0.006268 0.004483 0.051973 0.242962 0.182023 0.320932 0.306998 0.395996
-0.505275 -0.502492 -0.364134 -0.457845 -0.105253 -0.031574 -0.007187 -0.000002 0.004954 0.018697 0.025802 0.047003 1.190719 0.771469 0.620120 0.696827 0.737368 0.743848 0.947421 0.960892 1.072949 1.080144 1.114032 1.007514 0.785802 0.706692 0.234576 -0.054362 -0.007121 -0.031899 -0.014725 -0.012500 -0.016025 -0.009379 -0.000103 0.000103 0.028795 0.032603 0.058527 0.244215 0.120438 0.000895 0.000825 0.178801 0.009320 0.002022 0.013477 0.013441 0.001131 0.104298 0.042102 0.021471 0.036270 0.030788 0.127457 0.308493 0.370027 0.405601 0.564521
-0.723853 -0.343298 -0.020367 0.089515 0.000000 -0.001256 0.000035 0.094409 0.060879 0.840823 1.012784 1.052953 1.789209 1.872221 1.543914 1.529889 1.406714 1.430049 1.184001 1.308123 1.132572 0.986061 0.919541 0.997374 0.872683 0.585890 0.042367 -0.066935 -0.007630 -0.031269 -0.034941 -0.034082 -0.027210 -0.008563 -0.000082 0.000082 0.005210 0.027527 0.030903 0.024772 0.042625 0.021613 0.004597 0.024184 0.040564 0.004666 0.017690 0.601338 0.650291 0.323025 0.546313 0.402932 0.067832 0.043181 0.061464 0.113105 0.897372 0.946256 0.859448
0.528828 0.715210 0.755877 0.225885 0.000681 0.269295 1.423489 1.819701 2.207628 2.179399 2.026136 1.556204 3.044846 2.348467 1.659223 1.452026 1.657279 1.547910 1.515647 1.793605 2.017473 1.887190 1.628791 1.731525 0.973841 0.384210 -0.126601 -0.026392 -0.034079 -0.005787 -0.017515 -0.008218 -0.002334 -0.005228 -0.001573 0.000071 0.006131 0.030812 0.051537 0.060870 0.071738 0.123168 0.052920 0.134354 0.216811 0.307933 0.208177 0.547317 0.637130 0.333410 0.556104 0.407762 0.073967 0.048777 0.023647 0.287294 1.380756 0.836858 1.132468
2.165201 1.889651 2.177263 1.645841 1.907380 3.178718 3.222451 3.723119 2.545222 2.390179 2.150409 3.407120 2.828653 3.185631 2.370214 2.490263 2.482171 2.178048 1.995390 2.186219 2.279395 2.053074 1.952150 1.335062 0.646378 0.274452 -0.070631 -0.025716 -0.031758 0.003229 -0.173246 -0.076362 -0.098210 -0.058744 -0.007871 0.000874 0.007065 0.026057 0.035669 0.008792 0.022557 0.094705 0.042403 0.124863 0.185538 0.290173 0.224247 0.836745 0.402912 0.333506 0.580108 0.436384 0.054947 0.031560 0.483924 0.498250 0.430115 0.372760 0.316671
1.289079 1.220590 1.458948 2.336047 2.608706 2.898232 3.046586 2.221135 2.178937 1.780044 1.450530 0.133296 0.043368 -0.208111 -0.525259 -0.690976 -0.607429 -0.317406 0.014965 0.195782 0.167894 0.233988 0.326911 0.208751 0.032590 -0.044677 -0.137139 -0.054749 -0.000012 0.072892 -0.693626 -0.114935 -0.071906 -0.045123 -0.007025 -0.000027 0.000402 0.010284 0.019005 0.004540 0.010633 0.019188 0.023231 0.025544 0.086677 0.161678 0.156132 0.782522 0.410529 1.182469 1.139756 1.210167 2.278286 1.939671 2.748860 1.876966 0.810608 0.665780 0.525535
1.562812 1.159606 1.248676 1.695993 1.804973 1.318940 1.195883 0.452771 0.303174 0.641518 0.490153 0.033126 0.014117 0.304452 1.108358 0.484001 0.496107 0.577092 0.449887 0.311025 0.392024 0.301385 0.205919 0.101595 0.032964 -0.046082 -0.042194 -0.049020 -0.000336 0.000609 -1.168916 -0.056664 -0.037472 -0.033378 -0.011481 0.000000 0.008800 0.020364 0.029783 0.005481 0.003624 0.021389 0.034781 0.040068 0.043449 0.720998 0.761839 0.720596 0.404588 1.190987 1.270536 2.534866 2.292606 2.875490 2.735365 1.832979 1.820009 0.794322 0.638023
1.608951 1.682822 1.650633 1.379788 1.221304 0.461780 0.389266 0.000073 0.119409 0.681126 0.615279 1.863984 0.997060 0.826574 2.940977 2.492523 2.292168 1.896119 1.504036 0.960579 0.980897 0.727712 0.584447 0.429262 0.305224 0.119001 0.086194 -0.034445 0.000391 0.000754 -0.681334 -0.128608 -0.035527 -0.014176 -0.000660 0.000055 0.012882 0.035408 0.020152 0.002083 0.001494 0.023725 0.028121 0.028262 0.088686 0.609154 0.493042 0.654167 0.782057 0.375721 0.267035 0.129996 0.234824 0.160844 0.570404 0.771806 0.497863 0.524578 0.503997
1.443362 1.061364 0.997325 0.816320 0.693345 0.237994 0.001109 0.000863 0.000525 0.423264 0.978958 1.218649 0.861332 0.785937 1.564851 1.502642 1.299728 1.145990 0.916293 0.810093 0.649234 0.579476 0.450792 0.400867 0.387749 0.183034 0.046164 -0.153248 -0.024581 -0.042862 -1.111728 -1.073484 -0.042378 -0.011292 -0.000076 0.000044 0.006512 0.023647 0.057488 0.015160 0.005142 0.005916 0.026337 0.325489 1.356486 2.395865 2.058277 1.644597 1.095570 0.372063 0.248575 0.000061 0.001112 0.000180 -0.095784 -0.043935 0.088581 0.001239 0.000790
0.510166 0.335536 0.365825 0.363648 0.220661 -0.011580 -0.000380 -0.000015 0.000220 0.029141 0.408292 0.035698 0.000584 0.000335 -0.257867 -0.521584 -0.436006 -0.152852 -0.023508 0.055892 0.119717 0.106273 0.128077 0.263378 0.123322 -0.038705 -0.100082 -0.176113 -0.011601 -0.009696 0.175967 0.151707 -0.018912 -0.000202 0.000281 0.000060 0.000509 0.001702 0.013010 0.007620 0.129634 0.007565 0.163690 0.875663 3.489413 0.854526 0.560646 0.202016 -0.005276 -0.000204 -0.000107 0.001228 0.004820 0.003465 0.000885 0.185930 0.175035 -0.001640 -0.001309
0.099924 0.111781 0.112915 0.021540 -0.042794 -0.025849 -0.011102 -0.000120 0.000106 0.010037 0.049306 -0.007818 0.000025 0.009637 0.024115 0.119712 0.059613 -0.042051 0.054908 0.226122 0.190247 0.189550 0.262918 0.283902 0.173850 0.017689 -0.105921 -0.160616 0.006633 0.093949 0.139852 0.201390 0.003045 0.002212 0.000821 0.454325 0.240157 0.021256 -0.018618 0.018952 0.001072 0.016113 0.346112 -0.478602 -0.026105 -0.000242 0.000000 -0.000070 0.000003 0.000788 0.001817 0.005836 0.003138 -0.000360 0.000360 0.016291 0.166538 0.152004 -0.004565
0.092073 0.054104 -0.002932 -0.321215 -0.015862 -0.012589 -0.004594 -0.000326 0.000208 0.004308 0.015115 0.000080 0.000736 0.000616 0.006342 0.071072 0.338448 0.203837 0.230222 0.371535 0.220376 0.121185 0.102500 0.074548 0.028322 -0.001011 -0.061438 -0.010478 0.186289 0.348484 0.469971 0.660884 0.811271 0.882884 0.966492 0.947962 1.844996 2.039546 0.541744 0.473024 0.358610 0.441969 0.373744 0.473969 0.084029 -0.010355 -0.004544 -0.000222 0.000222 0.003946 0.014059 0.003005 0.004953 -0.000360 0.000360 0.009003 0.096818 0.083176 -0.001543
0.229709 0.263132 0.083990 -0.305400 -0.009111 -0.003390 -0.015024 -0.007268 0.000003 0.015635 0.022826 0.006524 0.003581 0.001665 0.001583 0.014249 0.430874 0.768462 0.731707 1.058378 0.726641 0.592012 0.524508 0.253732 0.126615 0.009159 0.128777 0.269345 0.443914 0.555490 0.641244 0.840991 0.743599 0.848534 0.935849 0.926727 1.797904 2.127231 1.507069 0.546246 0.385827 0.465155 0.425782 0.551303 -0.182739 -0.195500 -0.009400 -0.000005 0.000212 0.000404 0.001309 0.001156 0.005652 0.002051 0.008533 0.058633 0.042803 0.138067 0.161215
