use_cases/Flooding_chicago/flooding_data/output/hUx_3420.asc
ncols 337
nrows 393
xllcorner 428428.000000
yllcorner 4602440.000000
cellsize 26.757400
NODATA_value -9999.000000
[rows 52 to 77 of 393, columns 236 to 294 of 337]
-0.000271 -0.000009 0.000006 0.000008 0.000108 0.000123 -9999.000000 -9999.000000 -9999.000000 -9999.000000 -9999.000000 -9999.000000 -9999.000000 -9999.000000 -9999.000000 -9999.000000 -9999.000000 -9999.000000 -9999.000000 -9999.000000 -9999.000000 -9999.000000 -9999.000000 -9999.000000 -9999.000000 -9999.000000 -9999.000000 -9999.000000 -9999.000000 -9999.000000 -9999.000000 -9999.000000 -9999.000000 -9999.000000 -9999.000000 -9999.000000 -9999.000000 -9999.000000 -9999.000000 -9999.000000 -9999.000000 -0.562391 -1.392542 -1.537275 -1.256562 -0.898471 -0.809076 -0.322509 -0.169737 -0.097119 -0.000012 0.000003 0.003297 0.003409 0.000369 -0.001413 -0.004786 -0.127945 -0.104779
-0.000264 -0.000006 0.000004 0.000606 0.000976 0.003844 -9999.000000 -9999.000000 -9999.000000 -9999.000000 -9999.000000 -9999.000000 -9999.000000 -9999.000000 -9999.000000 -9999.000000 -9999.000000 -9999.000000 -9999.000000 -9999.000000 -9999.000000 -9999.000000 -9999.000000 -9999.000000 -9999.000000 -9999.000000 -9999.000000 -9999.000000 -9999.000000 -9999.000000 -9999.000000 -9999.000000 -9999.000000 -9999.000000 -9999.000000 -9999.000000 -9999.000000 -9999.000000 -9999.000000 -9999.000000 -0.000069 -0.000207 -0.513314 -0.710166 -0.895581 -0.746198 -0.763830 -0.403239 -0.213163 -0.070327 -0.000032 -0.000009 0.000032 0.016880 0.006792 -0.007569 -0.009237 -0.495438 -0.251231
-0.000487 -0.000001 0.000001 0.000530 0.002452 0.007193 -9999.000000 -9999.000000 -9999.000000 -9999.000000 -9999.000000 -9999.000000 -9999.000000 -9999.000000 -9999.000000 -9999.000000 -9999.000000 -9999.000000 -9999.000000 -9999.000000 -9999.000000 -9999.000000 -9999.000000 -9999.000000 -9999.000000 -9999.000000 -9999.000000 -9999.000000 -9999.000000 -9999.000000 -9999.000000 -9999.000000 -9999.000000 -9999.000000 -9999.000000 -9999.000000 -9999.000000 -9999.000000 -9999.000000 -9999.000000 -0.000070 -0.000263 -0.595436 -0.651620 -0.788529 -0.704324 -0.970163 -0.865095 -0.600452 -0.370764 -0.005633 -0.000036 0.000035 0.015493 -0.011887 -0.017081 -0.005812 -0.124899 -0.146081
-0.038547 -0.000000 0.000000 0.000013 0.000111 0.003227 -9999.000000 -9999.000000 -9999.000000 -9999.000000 -9999.000000 -9999.000000 -9999.000000 -9999.000000 -9999.000000 -9999.000000 -9999.000000 -9999.000000 -9999.000000 -9999.000000 -9999.000000 -9999.000000 -9999.000000 -9999.000000 -9999.000000 -9999.000000 -9999.000000 -9999.000000 -9999.000000 -9999.000000 -9999.000000 -9999.000000 -9999.000000 -9999.000000 -9999.000000 -9999.000000 -9999.000000 -9999.000000 -9999.000000 -9999.000000 -3.036078 -2.511402 -1.644474 -1.552629 -1.306030 -0.995842 -1.011017 -0.877838 -0.627894 -0.506079 -0.004643 -0.000035 0.000036 0.013812 0.055499 0.072527 -0.018200 -0.251478 -0.264735
0.011340 0.008624 0.001449 0.013276 0.031232 0.022713 0.006113 0.002729 0.000579 -9999.000000 -9999.000000 -9999.000000 -9999.000000 -9999.000000 -9999.000000 -9999.000000 -9999.000000 -9999.000000 -9999.000000 -9999.000000 -9999.000000 -9999.000000 -9999.000000 -9999.000000 -9999.000000 -9999.000000 -9999.000000 -9999.000000 -9999.000000 -9999.000000 -9999.000000 -9999.000000 -9999.000000 -9999.000000 -9999.000000 -9999.000000 -9999.000000 -9999.000000 -9999.000000 -9999.000000 -2.144233 -1.997213 -1.710221 -1.216641 -0.898238 -0.516402 -0.337023 -0.234204 -0.135306 -0.110299 -0.005238 -0.000328 0.000000 0.016090 -0.041813 -0.047805 -0.101760 -0.217629 -0.121868
0.040690 0.014646 0.019366 0.042254 0.052397 0.025005 0.009785 0.003862 0.000669 -9999.000000 -9999.000000 -9999.000000 -9999.000000 -9999.000000 -9999.000000 -9999.000000 -9999.000000 -9999.000000 -9999.000000 -9999.000000 -9999.000000 -9999.000000 -9999.000000 -9999.000000 -9999.000000 -9999.000000 -9999.000000 -9999.000000 -9999.000000 -9999.000000 -9999.000000 -9999.000000 -9999.000000 -9999.000000 -9999.000000 -9999.000000 -9999.000000 -9999.000000 -9999.000000 -0.000280 -1.163444 -1.245603 -0.804709 -0.064233 0.657175 0.725792 0.590679 0.587855 0.603237 0.462010 -0.043167 -0.000602 -0.002692 -0.001703 -0.017616 -0.006202 0.031008 0.098295 0.267073
0.028691 0.008925 0.042037 0.061111 0.042314 0.099967 0.206778 0.102419 0.121073 0.077440 0.044039 -9999.000000 -9999.000000 -9999.000000 -9999.000000 -9999.000000 -9999.000000 -9999.000000 -9999.000000 -9999.000000 -9999.000000 -9999.000000 -9999.000000 -9999.000000 -9999.000000 -9999.000000 -9999.000000 -9999.000000 -9999.000000 -9999.000000 -9999.000000 -9999.000000 -9999.000000 -9999.000000 -9999.000000 -9999.000000 -9999.000000 -9999.000000 -9999.000000 -0.686399 -1.318938 -1.417683 -1.098368 -0.553022 -0.539644 -0.527451 -0.480278 -0.359673 -0.323985 -0.372990 -0.156904 -0.160146 -0.003325 -0.117192 -0.229622 -0.213349 -0.226993 -0.197637 -0.457491
0.000117 0.008730 0.119554 0.043863 0.000000 0.007782 0.004248 0.045282 0.176513 0.077590 0.250441 -0.034342 -0.000005 -0.000006 0.000000 -9999.000000 -9999.000000 -9999.000000 -9999.000000 -9999.000000 -9999.000000 -9999.000000 -9999.000000 -9999.000000 -9999.000000 -9999.000000 -9999.000000 -9999.000000 -9999.000000 -9999.000000 -9999.000000 -9999.000000 -9999.000000 -9999.000000 -9999.000000 -9999.000000 -9999.000000 -9999.000000 -9999.000000 -0.000130 -0.690390 -1.156205 -1.248640 -1.256434 -0.831553 -1.080237 -1.047260 -1.092601 -0.985303 -1.270042 -0.757186 -0.936322 -0.915323 -0.833267 -0.795676 -1.028318 -0.630646 -0.581077 -0.030595
0.000294 0.054703 -0.070018 -0.000363 0.000000 0.000478 0.003742 0.022176 0.297115 0.289848 0.264906 0.219320 0.162724 0.026298 -0.245123 -0.000071 0.000000 -9999.000000 -9999.000000 -9999.000000 -9999.000000 -9999.000000 -9999.000000 -9999.000000 -9999.000000 -9999.000000 -9999.000000 -9999.000000 -9999.000000 -9999.000000 -9999.000000 -9999.000000 -9999.000000 -9999.000000 -9999.000000 -9999.000000 -9999.000000 -9999.000000 0.000000 0.000351 0.076969 0.094475 0.174119 0.014330 -0.201693 -0.434023 -0.523907 -0.584022 -0.458182 -0.517971 -0.504937 -0.411380 -0.752048 -0.654497 -0.619688 -0.601206 -0.595418 -0.058876 -0.104460
-0.003228 -0.029772 -0.000829 -0.000360 0.000000 0.000454 0.240608 0.001901 -0.023808 0.093801 0.216663 0.232205 0.255700 0.211118 0.043085 -0.054564 -0.000202 0.000000 -9999.000000 -9999.000000 -9999.000000 -9999.000000 -9999.000000 -9999.000000 -9999.000000 -9999.000000 -9999.000000 -9999.000000 -9999.000000 -9999.000000 -9999.000000 -9999.000000 -9999.000000 -9999.000000 -9999.000000 -9999.000000 -9999.000000 -0.000391 -0.000776 -0.055951 0.046486 0.306171 0.393584 0.902029 0.710841 0.867077 0.793156 0.731696 0.595703 0.280648 0.060210 -0.079612 -0.001215 0.093616 0.245999 0.234844 -0.050231 -0.056804 -0.124462
-0.043988 -0.024797 -0.001041 -0.000342 0.000000 0.000933 0.252708 0.097693 0.043405 0.009625 -0.046436 -0.091853 0.078588 0.171094 0.146006 0.266880 0.384541 0.157963 0.000009 -0.084773 -0.000098 -0.000002 -9999.000000 -9999.000000 -9999.000000 -9999.000000 -9999.000000 -9999.000000 -9999.000000 -9999.000000 -9999.000000 -9999.000000 -9999.000000 -9999.000000 -9999.000000 -9999.000000 -9999.000000 -0.000452 -0.000473 0.039234 0.089063 0.198215 0.406800 0.819908 0.981019 1.044813 0.955368 0.769588 0.534807 0.441868 0.145233 -0.077918 -0.005338 0.000000 -0.009590 -0.017160 -0.037298 -0.033719 -0.000524
-0.956966 -0.009921 -0.001795 -0.000779 0.000000 0.000139 0.000224 0.332293 0.334593 0.260938 0.022400 -0.086524 -0.102193 -0.016704 0.178378 0.208895 0.254597 0.186494 0.037020 -0.018488 -0.175748 -0.000205 -0.000000 0.000261 0.158724 0.135348 -9999.000000 -9999.000000 -9999.000000 -9999.000000 -9999.000000 -9999.000000 -9999.000000 -9999.000000 -9999.000000 -9999.000000 -9999.000000 -0.000443 -0.000217 0.113773 0.224128 0.360177 0.588362 1.061189 1.018663 0.939693 0.774319 0.438113 0.366189 0.230640 0.084096 -0.080116 -0.001671 0.000000 -0.004983 -0.000816 -0.001332 -0.002352 -0.001368
-0.012981 -0.001007 -0.000037 -0.000003 0.000004 0.000671 0.001009 0.088712 0.005103 0.004937 0.013909 0.033863 0.057757 0.348347 0.424583 0.204363 0.217877 0.162322 0.057228 0.030140 -0.089751 -0.000567 -0.000002 0.000003 0.231187 0.217383 0.256119 0.333660 0.420076 0.533152 1.759220 3.039325 4.268434 -0.408883 -0.219004 -0.273478 -0.000360 0.000000 0.000527 0.001559 0.451411 0.516792 0.697338 0.942851 0.656701 0.389324 0.157524 -0.008983 -0.188552 -0.444373 -0.230736 -0.150358 -0.268687 -0.011476 -0.009882 -0.001245 -0.001263 -0.012296 -0.005209
-0.001464 -0.000374 -0.000018 0.000010 0.001797 0.002677 0.353358 0.099721 0.058965 -0.010268 -0.028130 -0.033751 -0.097227 -0.000000 -0.093750 -0.159962 -0.185338 -0.096011 -0.000005 0.000005 0.107967 0.163564 0.000007 0.000135 0.530514 1.060825 1.740388 3.037082 3.770250 4.885067 4.299652 5.844763 4.601215 0.799277 0.144337 -0.359408 -0.000749 0.000000 0.007934 0.394279 0.856377 1.093283 0.754324 0.435754 0.243667 0.101339 -0.018571 -0.083143 -0.193075 -0.313861 -0.147710 0.047103 0.069297 -0.005034 -0.026292 -0.003211 -0.000013 -0.000054 -0.000107
-0.000017 -0.000006 0.000000 0.000577 0.002701 0.242022 -0.064555 -0.177646 -0.148064 -0.131681 -0.089968 -0.048697 -0.120720 -0.000025 0.000020 0.106181 0.015921 0.004712 -0.000005 0.000005 0.427077 0.827144 1.239611 2.280087 2.903358 4.342987 3.933488 3.636486 3.760854 4.127891 3.445532 3.814628 2.452591 0.405580 0.048518 -0.308321 -0.000924 0.000000 0.017475 0.337537 0.599219 0.887340 0.140192 0.103312 0.128999 -0.018177 -0.288000 -0.327176 -0.286709 -0.598800 -0.426507 -0.317590 -0.013536 -0.001108 -0.000010 -0.000012 -0.000001 -0.000002 0.000001
-0.000113 -0.000116 0.000162 0.000240 0.000449 0.007983 0.509264 0.229150 0.196135 0.145689 0.102000 0.023621 -0.090870 -0.000047 0.000043 0.000027 0.136582 0.157458 0.065906 0.420787 0.436049 0.884946 1.575734 2.390054 2.411450 2.174357 2.380040 2.714067 1.972353 2.152063 3.188325 2.890055 2.244204 0.059947 0.058581 0.065726 -0.000766 0.000000 0.040896 0.150204 0.167960 0.179998 0.467232 0.886526 0.307294 0.129429 0.062192 -0.122807 -0.052811 0.051132 -0.014046 -0.012504 -0.033025 -0.001527 -0.001794 -0.000776 -0.000197 0.000000 0.000331
-0.000089 -0.000074 0.000132 0.008677 0.019472 0.017038 0.228340 0.049806 0.029283 0.058512 0.038684 0.023924 0.016760 -0.000023 0.000021 0.004600 0.022541 0.099400 0.130370 0.199800 0.373601 0.479652 0.630018 0.980550 0.877786 2.152995 1.805374 1.475866 1.997489 2.152893 2.312813 2.121133 1.478706 0.217294 -0.222292 -0.170788 -0.413415 0.000000 0.064199 -0.049382 -0.266844 -0.341977 0.152387 0.398771 0.194947 0.021734 -0.137608 -0.070995 -0.052527 -0.033976 -0.046298 -0.309167 -0.121006 -0.001789 -0.000802 -0.000376 -0.000002 0.000002 0.000087
-0.001769 -0.000613 -0.000004 0.000001 0.000743 0.001847 0.002454 0.037146 -0.056264 -0.000011 -0.000024 -0.000037 -0.000001 0.000047 -0.028618 -0.028401 0.078877 0.178064 0.137332 0.063310 -0.120692 -0.216990 -0.036726 0.387914 0.673906 0.820817 1.883546 1.982277 1.692682 1.324110 1.380052 1.319115 0.732728 0.189638 0.005656 -0.126914 -0.370637 -0.050365 -0.399736 -1.002214 -1.462368 -1.078556 -0.404761 -0.038282 -0.172601 0.006012 0.092388 0.055949 0.027056 -0.026919 -0.027702 -0.070676 -0.062080 -0.001216 -0.000746 -0.000351 -0.000000 0.000006 0.000006
-0.001172 -0.001525 -0.000666 -0.000000 0.000849 0.001957 0.002381 0.003019 0.100248 -0.006591 -0.029423 -0.000068 0.000047 0.000054 0.038843 0.074046 0.233460 0.243712 0.240547 0.177843 0.049344 -0.296764 -0.368729 -0.166474 0.894212 1.568384 1.802848 1.673980 1.991721 1.306043 0.863679 0.757133 0.218048 -0.576779 -0.952459 -1.516036 -1.290682 -1.781680 -2.369144 -2.437159 -2.966232 -2.498312 -1.775446 -0.608595 -0.242936 -0.019852 0.196617 0.152629 0.088353 -0.017929 0.010119 0.013840 -0.009391 -0.002876 -0.001114 -0.000004 0.000003 0.000003 -0.000021
-0.012032 -0.002156 -0.000750 -0.000014 0.000001 0.000491 0.001924 0.001909 0.002085 0.101442 0.033220 -0.000045 0.000033 0.099809 0.080191 0.238981 0.331576 0.347471 0.392702 0.362496 0.157681 -0.063578 -0.345328 -0.266663 0.402301 1.425785 2.042058 1.821738 1.440209 0.246542 -0.067526 0.134653 0.466624 0.355714 -0.188840 -0.802138 -1.918905 -1.591660 -1.892318 -1.647420 -1.836874 -2.031436 -1.920519 -0.717233 -0.139164 0.145700 0.407066 0.282154 0.114946 0.058938 0.047348 0.094085 0.054803 -0.079718 -0.000468 -0.000000 -0.000036 -0.000250 -0.001217
-0.066890 -0.024043 -0.006273 -0.000807 0.000000 0.000313 0.000671 0.001855 0.003543 0.110297 0.034771 -0.000032 -0.000013 -0.007926 -0.013815 0.001899 0.032612 0.014389 0.043478 0.011909 -0.011281 0.070956 -0.191320 -0.245344 0.161168 0.829006 1.617797 1.692778 0.595129 0.087582 -0.018611 0.194845 -0.257948 -0.940545 -1.708414 -2.123033 -1.913333 -1.597302 -0.730110 -0.963732 -1.264009 -1.070974 -0.900760 0.013872 0.338272 0.594448 0.543697 0.549539 0.253918 0.153362 0.093000 0.042101 -0.100785 -0.729055 -0.004677 -0.000059 -0.000190 -0.004404 -0.003914
-0.352179 -0.006986 -0.005136 -0.001130 0.000000 0.000504 0.000807 0.001213 0.004967 0.118933 0.040511 -0.000000 0.103065 0.018812 0.005618 -0.007371 -0.053447 -0.151577 -0.075512 0.000003 -0.053853 0.051460 1.083002 0.342463 0.033375 0.095217 -0.011439 -0.732734 -0.030463 0.329324 0.128621 -0.258540 -1.068849 -1.698755 -2.010585 -1.143054 -0.657079 -0.001002 0.000000 0.026850 0.917414 1.236267 1.095221 1.025079 0.918905 1.027561 1.212579 0.853789 0.571551 0.356732 0.410604 0.274153 0.141949 -0.068886 -0.004104 -0.000000 -0.012675 -0.003122 -0.000074
-0.000012 -0.000854 -0.001781 -0.001377 0.000000 0.000266 0.002046 0.018105 0.002969 0.077365 0.102413 0.137168 0.283478 0.197437 0.160515 0.259881 0.053718 -0.010791 -0.065151 0.000014 0.000042 0.206275 0.922219 1.385833 -0.015356 -0.892924 -0.796833 -1.436933 -0.194199 -0.119559 0.523883 1.043343 -0.386713 -0.889070 -1.917189 -1.082130 -0.000888 -0.000002 0.000002 0.006030 1.729791 3.479902 3.078961 1.820222 1.278366 1.267792 0.903318 0.471843 0.027296 0.005197 -0.860627 -0.037385 -0.000001 -0.000000 0.000017 0.000358 0.007354 -0.010454 -0.001597
-0.000000 0.000001 0.000030 0.000014 0.000238 0.000859 0.001196 0.037614 0.165891 0.107611 0.121344 0.134348 0.104446 0.003815 -0.085120 -0.146947 -0.397200 -0.707205 -0.161186 -0.000117 0.000113 0.839132 1.661494 1.264863 0.517024 -0.277744 -1.104963 -2.255551 -1.351135 -1.084645 -2.020406 -1.764575 -1.833486 -0.434164 -0.896317 -0.251139 -0.001641 -0.002060 0.009806 0.667748 4.078376 4.992764 3.946616 1.890593 1.081712 0.826335 0.469327 -0.039447 -0.000003 -0.000003 -0.000002 -0.000020 -0.000002 0.000002 0.000391 0.007164 0.070990 0.040245 0.472266
-0.000002 0.000002 0.000328 0.000697 0.001175 0.001470 0.011601 0.051028 0.007699 0.003057 0.401242 0.100390 0.096276 0.086746 0.045371 0.149007 0.129454 -0.000001 -0.182625 -0.237582 0.018359 1.258993 1.216823 0.774140 -0.294683 -1.282737 -2.810708 -3.512276 -2.877579 -2.960811 -5.065036 -4.703957 -2.315033 -1.921925 -1.346164 -1.356009 -0.584513 0.000184 0.711376 2.731320 5.563171 4.954478 3.485677 1.895897 1.308936 0.820772 -0.227813 -0.000361 -0.000004 0.000004 0.000004 0.000026 0.000003 0.000003 0.000023 0.012125 0.086706 0.668544 1.674431
-0.000000 0.000000 0.000498 0.001467 0.005716 0.019461 0.006431 0.003866 -0.000000 0.005766 0.047157 -0.024657 -0.013689 -0.014827 -0.092379 -0.100638 -0.111988 -0.000056 -0.163727 -0.299296 -0.331137 0.360617 0.990619 0.969442 -0.022970 -1.199409 -2.927540 -4.032906 -5.016788 -5.500329 -6.424950 -8.122239 -6.154402 -3.329653 -2.329371 -1.962179 -0.599567 -0.004078 0.612772 4.293972 4.357883 4.309596 2.610566 1.133589 0.491445 0.274719 -0.004823 -0.000667 -0.000000 0.001586 0.010143 -0.235045 -0.157074 -0.049727 0.000479 0.018907 1.954516 3.162575 3.189219
