use_cases/Flooding_chicago/flooding_data/output/hUx_540.asc
ncols 337
nrows 393
xllcorner 428428.000000
yllcorner 4602440.000000
cellsize 26.757400
NODATA_value -9999.000000
[rows 104 to 129 of 393, columns 118 to 176 of 337]
-9999.000000 -9999.000000 -9999.000000 -9999.000000 -9999.000000 -9999.000000 -9999.000000 -9999.000000 -9999.000000 -9999.000000 -9999.000000 -9999.000000 -0.000530 0.000000 0.007988 0.017479 0.016306 0.003642 0.042200 0.177957 0.068410 0.023903 0.009155 0.005268 0.003163 0.014446 0.041785 0.063956 0.142927 0.009690 -0.047501 -0.150383 -0.253719 -0.452126 -0.019596 -0.000326 0.000208 0.013781 0.022375 0.004716 0.001293 0.005248 0.008303 0.008181 0.078885 0.159646 0.162469 0.200332 0.336109 0.079800 -0.108116 -0.015618 -0.000211 0.000201 -0.059905 -0.068843 -0.003912 0.000484 0.000663
-9999.000000 -9999.000000 -9999.000000 -9999.000000 -9999.000000 -9999.000000 -9999.000000 -9999.000000 -9999.000000 -9999.000000 -9999.000000 -9999.000000 -9999.000000 -0.000245 0.000000 0.004217 0.007929 0.013036 0.046217 0.009089 0.007600 0.002901 0.000254 0.006696 0.006591 0.003188 0.010584 0.057656 0.100091 0.015580 0.093269 0.033932 -0.065544 -0.016282 -0.010936 -0.008844 0.000003 0.003984 0.021025 0.038437 0.006365 0.015860 0.023890 0.146417 0.177351 0.134231 0.025162 0.054888 0.119341 0.392886 -0.097691 -0.017122 -0.000330 0.000641 -0.008227 -0.012928 -0.001398 -0.001772 -0.000110
-9999.000000 -9999.000000 -9999.000000 -9999.000000 -9999.000000 -9999.000000 -9999.000000 -9999.000000 -9999.000000 -9999.000000 -9999.000000 -9999.000000 -0.001217 -0.000046 0.000088 0.006755 0.017007 0.038450 0.011310 0.004431 0.002388 0.001571 0.004431 0.002073 0.002916 0.002223 0.014989 0.026336 0.240417 0.010603 -0.000612 -0.002833 -0.006864 -0.025724 -0.021712 -0.005727 0.000000 0.015921 0.030270 0.036740 0.057665 0.101878 0.041626 0.083470 0.082614 0.063081 0.041933 0.011292 0.019568 0.007676 -0.033181 -0.023256 -0.000461 0.001912 -0.021039 -0.038259 -0.004294 -0.019379 -0.006340
-9999.000000 -9999.000000 -9999.000000 -9999.000000 -9999.000000 -9999.000000 -9999.000000 -9999.000000 -9999.000000 -9999.000000 -9999.000000 -0.000741 -0.000048 0.001172 0.000616 0.001962 0.003331 0.007170 0.004877 0.002523 0.003105 0.002591 0.019826 0.040640 0.049180 0.000100 0.013253 0.018054 0.019479 0.001328 0.000026 0.002284 -0.000568 -0.003144 -0.010975 -0.006368 -0.000061 0.001021 0.009316 0.044519 0.087179 0.146226 0.081349 0.029797 0.032269 0.038461 0.041039 0.062959 0.039551 0.028309 0.026493 -0.000518 0.000091 0.004065 -0.000020 -0.323828 -0.306409 -0.035430 -0.007745
-9999.000000 -9999.000000 -9999.000000 -9999.000000 -9999.000000 -9999.000000 -9999.000000 -9999.000000 -9999.000000 -9999.000000 0.000003 -0.005529 -0.001803 0.000591 0.002125 0.004850 0.010676 0.009114 0.014343 -0.000577 0.000466 0.001099 0.011855 0.021474 0.100671 -0.000098 0.000994 0.007961 0.008153 0.001711 0.000962 0.010270 0.035004 -0.000197 -0.000711 -0.001105 -0.000104 0.000141 0.001720 0.005053 0.002808 0.010298 0.108169 0.000000 0.007299 0.014409 0.032739 0.140243 0.165739 0.056006 -0.000308 0.000011 0.000312 0.026983 0.347409 0.252826 -0.080559 -0.019479 -0.056815
-9999.000000 -9999.000000 -9999.000000 -9999.000000 -9999.000000 -9999.000000 -9999.000000 -0.001193 -0.001505 -0.000326 0.000208 -0.001522 -0.000632 0.000331 0.004235 0.005180 0.005407 0.003920 0.038353 0.078033 0.000019 0.001082 0.001540 0.001738 0.017185 0.003633 0.016081 0.017704 0.001909 0.000067 0.007030 0.149698 0.058588 -0.004137 -0.005938 0.004978 0.004535 0.001900 -0.000009 0.000141 0.000842 0.014947 0.045805 0.008676 0.003636 0.009319 0.075741 0.213717 0.106019 0.025280 -0.000485 0.000156 0.000240 0.017846 0.032359 -1.105414 -0.195975 -0.027515 -0.003295
-9999.000000 -9999.000000 -9999.000000 -9999.000000 -9999.000000 -9999.000000 -0.001870 -0.001187 -0.000487 0.000289 0.006315 -0.000234 -0.006402 0.000012 0.004107 0.004566 0.008915 0.003403 0.011490 0.008886 0.002222 0.000550 0.000401 0.053110 0.034804 0.007804 0.013644 0.061706 -0.021711 -0.045368 0.001358 0.001826 0.023020 0.017228 -0.003151 0.001290 0.003747 0.013405 0.002889 -0.007708 -0.000296 0.000129 0.048322 0.082503 0.078685 0.205846 0.236713 0.210579 -0.000770 -0.001615 -0.001323 0.000074 0.000515 0.006775 0.018194 0.005141 0.000494 0.000000 0.002475
-9999.000000 -9999.000000 -0.012067 -0.018889 -0.010733 -0.010617 -0.003834 -0.004419 -0.000023 0.004231 0.019675 0.042947 -0.006887 -0.000792 0.000004 0.000907 0.014634 0.011733 0.001865 0.006266 0.001442 -0.000400 0.000476 0.000900 0.077538 0.053559 0.045159 -0.121287 -0.168396 -0.157591 0.000000 0.007240 0.091232 0.034661 0.012079 0.000096 0.013832 0.075962 0.007688 -0.051365 -0.020188 -0.000240 0.000058 0.006463 0.017238 0.024433 0.016853 0.001543 0.001542 -0.006234 -0.029852 -0.006880 -0.000521 0.000048 0.005276 0.014543 0.009275 0.017974 0.000000
-0.003921 -0.016986 -0.014200 -0.010996 -0.043041 -0.008470 -0.000944 -0.000072 0.008651 0.023851 0.026519 0.013879 -0.021665 -0.009937 0.000000 0.019584 0.056020 0.039361 0.005748 0.000598 -0.016466 -0.021589 -0.012503 0.000000 0.004000 0.066589 0.350179 0.408477 0.534354 0.312108 0.000000 0.005878 0.061619 0.099786 0.018992 0.000004 0.018041 0.161045 0.139028 -1.003584 -0.020879 -0.006127 0.000000 0.005094 0.007492 0.009603 0.000000 0.005350 0.010222 0.024685 -0.023282 -0.013213 -0.006710 -0.000222 0.000222 0.003946 0.055074 0.010193 0.000000
-0.078939 -0.006509 -0.024867 -0.030018 -0.007701 -0.000476 0.000088 0.007770 0.010601 0.001039 0.018980 0.084855 -0.019442 -0.008473 0.000000 0.010836 0.017383 0.031367 0.004933 -0.000484 -0.061444 -0.022289 -0.010117 0.000000 0.007853 0.055214 0.015486 0.155529 0.257230 -0.061674 0.000000 0.005878 0.042302 0.048550 0.006466 -0.000198 0.001921 0.011738 0.419148 0.221443 -0.023588 -0.010755 0.000000 0.011969 0.027670 0.002777 -0.000067 0.000464 0.010105 0.029646 -0.000146 -0.000956 -0.000668 -0.000070 0.000070 0.008222 0.068472 0.025060 0.010930
0.002423 -0.011043 -0.081521 -0.013424 -0.008819 -0.000126 0.000111 0.008329 0.018762 0.000903 0.001473 0.065967 0.099577 -0.000574 0.000203 0.012072 0.027687 -0.006591 -0.020844 -0.138119 -0.175746 -0.192025 -0.013414 0.000000 0.000152 0.004479 0.003989 0.002934 0.001394 -0.000045 0.000000 0.007240 0.017232 0.062976 -0.040010 -0.006962 -0.000057 0.000956 0.023134 0.424801 0.376542 -0.000437 -0.000240 0.000311 0.004288 0.023004 -0.000001 0.010755 0.019198 0.031903 0.004686 0.001624 -0.000262 -0.000064 0.000062 -0.000079 -0.000393 0.005650 0.006845
0.001388 0.010418 0.001536 -0.056142 -0.019354 -0.003965 0.000003 0.008683 0.038631 0.039738 0.000040 0.021223 0.062454 0.013452 -0.006728 -0.042630 -0.090460 -0.070406 -0.288806 -0.242166 -0.263853 -0.226894 -0.025165 0.000000 -0.001853 -0.004410 -0.000278 0.000589 0.000956 0.000908 0.000357 0.008045 0.446135 0.267478 0.182290 0.095410 -0.000455 0.000446 0.000613 0.004440 0.280615 0.159649 -0.007489 0.000005 0.004290 0.014065 -0.000060 0.000253 0.006892 0.020684 0.002626 0.005506 -0.000094 0.000672 -0.001321 -0.004575 -0.001154 0.001049 0.041195
0.000063 0.022775 0.034051 0.025347 -0.096417 -0.009137 -0.000207 0.000450 0.029285 0.034317 0.017651 0.005518 0.054154 0.015346 -0.046152 -0.051161 -0.089754 -0.074264 -0.212577 -0.160533 -0.113515 -0.005467 -0.007019 -0.000788 0.000721 0.003282 0.005268 0.002819 0.001337 0.001699 0.000576 0.001191 -0.081519 -0.098670 -0.010818 0.014366 0.001340 0.000696 0.006434 0.020195 0.047949 0.111415 -0.000479 0.000012 0.009179 1.010187 -0.007313 -0.000148 0.000351 -0.046106 -0.121909 -0.117229 0.000008 0.003711 0.003152 0.003656 0.002254 0.001250 0.005432
0.043955 0.033387 0.041730 0.034914 0.148139 0.186802 0.116773 0.067319 0.080471 0.076040 0.042596 0.023689 0.023779 0.039614 0.027680 -0.022223 -0.137962 -0.088199 -0.030207 -0.027228 -0.001646 -0.002975 0.000000 0.026194 0.071428 0.059243 0.007793 0.001930 0.000645 -0.002804 -0.009232 -0.000795 0.001072 0.034659 0.183177 0.092390 0.000965 0.013356 0.018587 0.022984 -0.018083 0.029145 0.015339 0.011463 0.107048 -0.115161 -0.003383 -0.015861 -0.060980 -0.545488 -0.187565 -0.000073 0.000181 0.048396 0.104102 0.056306 0.037046 0.009297 0.000335
0.082675 0.037321 0.037907 0.030137 0.189413 0.205861 0.168612 0.117181 0.000000 0.057304 0.142686 0.048923 0.048409 0.062582 0.046972 -0.002137 -0.175466 -0.197728 -0.079456 -0.007624 -0.022869 -0.008106 0.000000 0.011132 0.021054 0.025776 0.003377 0.001936 0.001062 -0.487491 -0.093764 -0.002700 0.001153 0.187593 0.219407 0.230447 0.174318 0.267777 0.438043 0.341630 0.113496 0.004352 0.038227 0.447607 0.118886 -0.077513 -0.466606 -0.587723 -2.290432 -0.271801 -0.005378 0.000000 0.003663 0.007357 0.185134 0.042389 0.044893 -0.134267 -0.155318
0.062626 0.023425 0.219530 0.023851 0.011966 0.003295 0.056775 0.045821 0.000000 0.023183 0.090019 0.028396 0.029894 0.031399 0.022590 -0.017845 -0.062466 -0.028609 -0.017705 -0.068799 -0.009233 -0.000639 -0.000041 0.000819 0.009892 -0.011116 -0.175116 -0.358341 -0.427983 -0.469172 -0.099277 -0.005962 -0.000902 0.002129 0.001189 0.164909 0.112776 0.298668 0.274589 0.785075 0.519418 0.459539 0.929037 0.632501 0.416869 0.512289 0.131808 0.044359 -0.047580 -0.017053 -0.000555 0.000065 0.009696 0.049159 0.008679 0.000000 0.054580 0.130569 -0.094409
0.002019 0.000499 0.006368 0.011728 0.006961 -0.000587 0.010484 0.051678 0.025328 0.008608 0.031494 0.022973 0.025137 0.038031 -0.022288 -0.064493 -0.073034 -0.030261 -0.025100 -0.008118 -0.000562 -0.000191 -0.000001 0.009053 0.333733 0.128931 0.072990 -0.061530 -0.005397 -0.010822 -0.025569 -0.012675 -0.011769 -0.000219 0.000989 0.016121 0.193812 0.078044 0.074908 0.068358 0.352309 -0.000621 0.000042 0.000527 0.000436 0.025744 0.265115 0.246271 0.117202 -0.020699 -0.000479 0.000150 0.014598 0.315371 0.105827 0.000000 0.025532 0.142268 0.042636
-0.066569 -0.087972 -0.000352 0.003400 0.033378 0.063816 0.016702 0.106507 0.279160 0.211567 0.068869 0.020900 0.009767 -0.011646 -0.055463 -0.073539 -0.084645 -0.022906 -0.026532 -0.019930 -0.025859 -0.029798 -0.000000 -0.075188 -0.236834 -0.168526 -0.124037 -0.334239 -0.002208 -0.001462 -0.006071 -0.019751 -0.002001 0.001340 0.003943 0.038794 0.047386 0.091299 0.114802 0.116055 0.250921 -0.000399 0.000323 0.001651 0.000238 0.003918 0.276146 0.299007 0.275885 -0.000839 0.000211 0.018515 0.299577 0.114465 0.015505 0.000659 -0.050787 -0.036256 -0.010599
-0.023446 -0.001574 -0.000634 0.001593 0.017310 0.066762 0.099956 0.066161 0.034549 0.245965 0.524931 0.112142 -0.215431 -0.299954 -0.275175 -0.280041 -0.477556 -0.123874 -0.020315 -0.030629 -0.025038 -0.000902 0.000263 -0.101935 -0.271937 -0.313194 -0.339254 -0.491301 -0.015744 -0.001128 -0.002624 -0.003630 0.000702 0.007796 0.008062 0.039365 0.080073 0.110751 0.157353 0.204503 0.348880 0.548663 0.832976 1.079938 0.574906 0.177150 0.599878 0.563634 0.538199 -0.000673 0.000283 0.026393 0.572880 0.628897 0.335125 0.000936 -0.250543 -0.402244 -0.111462
-0.006551 -0.002838 -0.000037 0.026331 0.067750 0.100391 0.046777 0.031076 0.019375 0.006493 0.308618 0.636900 -0.108760 -0.230347 -0.248067 -0.243185 -0.309191 -0.072261 -0.086046 -0.021546 -0.020663 -0.000908 0.000619 -0.095856 -0.104425 -0.128238 -0.636718 -0.434707 -0.021932 -0.000428 0.000361 0.009900 0.005740 0.007172 0.010769 0.003433 0.036739 0.109054 0.141608 0.208122 1.411320 1.575053 0.022170 0.090372 0.416350 0.470644 0.145362 -0.109998 -0.306820 -0.047797 0.000011 0.033002 0.650106 -0.635464 -1.503587 -0.450997 -0.345496 -0.180215 -0.144337
0.066852 -0.002737 0.001395 0.004738 0.031310 0.085050 0.142637 0.052403 0.031265 0.000318 0.009644 0.553780 0.301075 -0.152535 -0.211578 -0.255825 -0.353156 -0.067110 -0.081512 -0.013656 -0.012852 -0.000417 0.000350 -0.173598 -0.008398 -0.000112 -0.002554 -0.034233 -0.021428 -0.001007 0.000602 0.001794 -0.000278 -0.000197 0.000864 0.000968 0.020198 0.056653 0.074982 0.049134 0.024969 0.022290 0.000135 0.000590 0.011089 0.099972 0.097283 0.068026 -0.002626 -0.008359 0.000002 0.010669 0.038954 -0.070585 -0.149024 -0.000941 -0.003999 -0.016824 -0.101825
0.061538 -0.002055 -0.000199 0.002702 0.024769 0.039862 0.105370 0.081316 0.003756 0.002824 0.002112 -0.011876 -0.080044 -0.104968 -0.055380 -0.005266 -0.009904 -0.001454 -0.004324 -0.006186 -0.004713 -0.009866 -0.043916 -0.130565 -0.015568 -0.002470 -0.004310 -0.016609 -0.009189 -0.001926 -0.001035 0.000012 0.000000 0.002536 0.002152 0.001246 0.026461 0.057033 0.014429 0.028316 0.039848 0.030549 0.004403 0.002788 0.003961 0.010119 -0.002941 -0.001599 -0.001013 0.000140 0.000623 0.000632 -0.000017 -0.000425 -0.012224 -0.003331 0.000108 0.016986 0.047347
0.004587 -0.087691 -0.000632 0.001227 0.012823 0.028400 0.070704 0.153049 -0.005819 -0.019996 -0.089250 -0.104905 -0.083261 -0.076251 0.000000 -0.003336 -0.001647 -0.000999 -0.001099 -0.000260 -0.003628 -0.023478 -0.123590 -0.120558 -0.017643 -0.003245 -0.007174 -0.022513 -0.008064 -0.001057 -0.000703 -0.000055 0.000029 0.001001 0.029012 0.035186 0.029719 0.017044 0.010404 0.007299 0.013592 0.023797 0.030069 0.009139 0.026789 0.031223 -0.012125 -0.013614 -0.003377 -0.001567 -0.001055 -0.000382 -0.000614 -0.000717 -0.000413 0.000000 0.006340 0.060175 0.084047
0.004105 -0.051417 -0.000366 0.000476 0.019823 0.049599 0.091477 0.066144 0.020556 -0.060433 -0.132652 -0.159898 -0.153447 -0.012849 0.017953 0.066081 0.059859 0.012225 -0.001468 -0.007839 -0.032148 -0.146235 -0.166856 -0.045717 -0.003063 -0.002211 -0.001764 -0.002303 -0.001003 -0.000034 -0.001572 -0.001553 -0.001706 0.000052 0.024940 0.026767 0.023514 0.018257 0.017280 0.010695 0.002021 0.009298 0.026256 0.055185 0.080690 0.056834 -0.046678 -0.048882 -0.029090 -0.005302 -0.026061 -0.010508 -0.000182 0.000513 0.002768 0.001316 0.001376 0.035589 0.023834
0.069575 0.094336 0.050976 0.012781 0.014707 0.034390 0.109369 0.045665 0.064511 -0.024654 -0.021630 -0.024998 -0.018770 0.024579 0.012512 0.024680 0.087797 -0.064427 -0.103235 -0.187864 -0.398456 -0.131719 -0.003663 0.000000 0.000202 0.000120 -0.000289 -0.001207 -0.001734 -0.002414 -0.018345 -0.027099 -0.018989 -0.000265 0.000436 0.007612 0.009961 0.013068 0.005085 -0.000084 0.000126 0.016858 0.040693 0.009468 0.016626 0.061490 -0.115226 -0.074526 -0.110206 -0.097343 -0.036847 -0.015496 -0.000048 0.016989 0.033358 0.225406 0.647598 0.101328 0.057743
-0.000018 0.120345 0.227799 0.186765 0.141173 0.087708 0.036687 0.001970 -0.017889 -0.002970 0.070559 0.218168 0.049161 -0.122485 -0.222908 0.004978 -0.069175 -0.233820 -0.179812 -0.255982 -0.062149 -0.080207 -0.015488 0.000000 -0.000457 -0.002574 -0.009955 -0.019099 -0.030372 -0.017652 -0.058839 -0.032655 -0.029551 -0.008060 0.000009 -0.000316 -0.001258 -0.001674 -0.000745 -0.000069 0.000588 0.006894 0.014600 0.032050 0.049505 0.042678 -0.117470 -0.249775 -0.109191 -0.084672 -0.063551 -0.022070 -0.000756 0.001283 0.009188 0.024372 0.079665 0.000023 0.019702
