use_cases/Flooding_chicago/flooding_data/output/hUx_1920.asc
ncols 337
nrows 393
xllcorner 428428.000000
yllcorner 4602440.000000
cellsize 26.757400
NODATA_value -9999.000000
[rows 156 to 181 of 393, columns 118 to 176 of 337]
0.000000 0.007784 0.068552 0.070976 0.110311 0.141104 0.091124 0.065620 0.201346 0.429254 0.403094 0.299386 0.107353 0.069300 0.100336 0.133371 0.098440 0.042301 -0.004248 -0.047255 -0.075600 -0.181732 -0.017600 -0.008027 -0.000672 -0.000350 0.000607 0.009329 0.020906 0.149588 0.086192 0.027224 -0.107557 0.037869 0.343273 0.218631 0.013700 0.009711 0.425969 0.366165 1.053694 1.088245 1.507709 1.391687 1.686089 1.581998 1.684774 1.444809 1.608398 1.203510 0.466409 0.253682 0.037759 -0.000134 0.001086 0.075617 0.560932 0.502028 0.314282
0.004139 0.216167 0.806044 0.375024 0.280142 0.093749 0.094306 0.058360 0.729356 0.565152 0.248342 0.041266 -0.084377 -0.137534 -0.129955 -0.128424 -0.127087 -0.181660 -0.187175 -0.215669 -0.304377 -0.278497 -0.004362 -0.000808 -0.000363 0.000046 0.000360 0.010183 0.083193 0.193618 0.355439 0.373929 0.163656 0.309661 0.521890 0.077312 0.149955 0.221366 0.018868 0.313350 1.248966 0.949484 1.018740 1.061618 1.051817 0.960171 0.790001 1.416109 0.778226 0.392163 -0.423917 -1.217480 -0.652537 0.163845 0.572386 1.022099 1.095286 0.910578 0.551403
0.002786 0.077399 0.042517 -0.060425 -0.005350 0.000000 0.004056 0.038747 0.524678 -0.015529 -0.043816 -0.262431 -0.270330 -0.439167 -0.556035 -0.371884 -0.463493 -0.522258 -0.959191 -1.122047 -1.483456 -1.681026 -0.008025 -0.000021 0.008012 0.016089 0.001132 0.000786 0.167547 0.153400 0.367098 0.427355 0.095753 0.365237 0.355559 -0.062991 0.089846 0.140865 0.024201 0.457523 3.852560 1.370540 1.039375 0.900439 0.230976 0.813408 0.715680 0.618338 -0.170149 -0.659208 -1.461256 -2.339107 -1.235280 -0.108401 0.462763 0.846886 0.836900 0.055211 0.199034
0.076654 0.362206 0.150615 0.106829 -0.000464 0.000067 0.011864 0.607440 0.591969 -0.000447 0.000151 0.002053 0.094223 0.004479 0.001208 0.056332 0.120962 0.239320 0.005306 -0.151261 -0.496344 -0.007590 0.224807 0.000797 0.000698 -0.059517 -0.075812 -0.054669 0.109014 0.004142 0.098617 0.171705 0.023399 0.446146 0.547745 0.306588 0.487082 0.574175 1.713342 0.907960 1.879083 0.084727 0.018213 0.494889 0.582662 0.652091 1.236157 1.506530 1.515134 1.718208 1.906849 2.331079 2.124238 1.468148 1.257673 0.989931 0.473421 0.013321 0.021692
0.887832 0.717791 0.288146 0.259030 0.178855 0.462148 0.403190 0.322313 -0.000772 -0.000517 0.000607 0.020613 0.247457 0.067462 0.000509 0.044741 0.069412 0.077478 -0.288653 -0.591577 -1.084949 -0.822998 -0.638864 0.151014 0.450273 0.456898 0.354246 0.295581 0.835801 0.590517 0.661577 0.677828 0.702756 0.842878 0.595776 0.253077 0.324815 0.647881 0.634268 0.501249 -0.038391 -0.000293 0.000104 0.000454 0.000491 0.000426 -0.236271 0.145158 0.635005 1.750253 3.400851 3.652350 2.455598 0.431362 0.015624 -0.031687 -0.032751 -0.001933 -0.001093
0.178059 0.315178 -0.000131 0.000136 0.055209 0.031270 0.011836 -0.767343 -0.029616 -0.001626 0.000962 0.001615 0.220642 0.473201 1.017329 0.963955 1.165133 1.606745 1.689199 1.539362 1.175261 0.617253 0.813319 0.881741 0.871642 0.592326 0.521797 0.529585 0.513771 0.753454 0.539372 0.522832 0.662383 1.079250 1.168751 1.193732 1.154214 1.268538 1.099586 0.600198 -0.024914 -0.006437 -0.000117 0.000075 0.000248 0.000793 0.024687 0.083279 0.580897 -0.008521 -0.003397 -0.000868 0.000186 0.000304 -0.028386 -0.042305 -0.094331 -0.026667 -0.006056
-0.065373 -0.007811 -0.000331 0.000393 0.007574 0.041463 0.014799 -0.618437 -0.025060 0.000000 0.003144 0.002132 0.247744 0.572079 1.244185 1.515408 1.936915 2.195134 2.421247 2.474633 3.070369 2.326859 0.636519 0.068329 -0.198252 -0.010007 0.317971 0.566715 0.804377 0.683660 0.441469 -0.001125 0.128416 0.500841 0.935605 1.156271 0.762213 -0.075287 -0.084060 -0.123731 -0.077049 -0.025871 -0.005716 0.000000 0.006570 0.022924 0.040399 0.117799 0.063881 -0.038218 -0.027851 -0.012129 -0.000003 0.011096 0.023214 -0.041937 -0.122380 -0.028037 -0.012536
-0.023892 -0.000554 -0.000247 0.000569 0.010858 0.045919 0.017286 0.189303 -0.003929 0.000000 0.009644 0.026206 0.381253 0.497686 0.468078 0.458946 0.475750 0.292826 -0.134136 -0.023751 -0.006532 -0.000241 0.000605 0.001193 -0.000991 -0.002276 -0.001296 0.007375 0.010918 0.006706 0.000124 0.022049 0.106182 -1.453616 -2.055451 -1.539533 -0.021975 -0.009454 -0.009866 -0.062154 -0.057301 -0.022527 -0.006081 0.000000 0.006319 0.019327 0.094786 0.115421 0.020421 -0.020634 -0.020415 -0.008486 -0.000120 0.001077 0.009419 0.055727 -0.036453 -0.037142 -0.009532
-0.018183 -0.000343 -0.000216 0.000125 0.000899 0.001021 0.000864 0.001266 -0.000076 0.000104 0.000900 0.094735 0.141488 0.188227 0.015363 -0.131866 -0.166303 -0.365298 -0.022402 -0.010715 -0.000103 0.000103 0.009392 0.015871 -0.000866 -0.007362 -0.021124 -0.013090 0.013598 0.011131 0.002281 0.010233 0.030679 -0.194559 -0.329018 -0.099626 -0.014773 -0.004900 0.000005 -0.135714 -0.073995 -0.037074 -0.008262 0.000000 0.003663 0.038229 0.089412 0.033801 0.000088 -0.000517 -0.000039 0.000243 0.001405 0.015561 0.029190 0.097604 -0.001070 -0.050099 -0.021374
0.002659 0.046658 -0.001673 -0.085362 -0.012791 -0.000272 0.000431 0.009030 0.295423 0.062372 0.077038 0.368081 0.820220 0.872793 1.219814 0.675139 0.258099 -0.012010 -0.007544 -0.003946 -0.000222 0.000222 -0.003315 -0.000345 0.000107 -0.009796 -0.033622 -0.039867 0.010823 0.028358 0.003881 0.001219 0.001072 -0.099078 -0.302788 -0.204911 -0.005685 -0.000326 0.000208 -0.016540 -0.055042 -0.104634 -0.049314 -0.002697 0.002309 0.028741 0.036111 -0.025947 -0.050886 -0.011989 -0.000000 0.006650 0.021331 0.040802 0.007635 0.196031 0.088448 -0.036685 -0.004728
0.005343 0.146854 0.305594 0.447007 0.437521 0.119040 0.000135 0.188938 0.362450 0.673265 1.132328 1.240165 1.726600 1.754684 1.587532 1.002391 0.020950 -0.670544 -0.359348 -0.129867 -0.046367 -0.091210 -0.029212 -0.012670 -0.000130 0.000130 -0.063529 -0.060260 -0.044662 -0.001130 0.000073 0.008684 0.020178 -0.128266 -0.358238 -0.342212 -0.033531 -0.007002 0.000003 -0.024944 -0.010399 -0.069582 -0.046001 -0.000932 0.000470 0.010435 -0.004923 -0.042826 -0.045316 -0.018449 -0.000006 0.009543 0.037506 0.078449 0.553273 0.423237 0.206080 -0.021153 -0.005048
-0.076066 -0.140380 -0.027654 0.113382 0.150986 -0.150663 0.494719 0.842232 1.151895 1.031693 1.092422 1.414237 1.305857 1.703608 1.412596 0.164798 -0.146097 -0.117137 -0.101361 -0.041631 -0.003453 -0.005820 -0.033787 -0.007238 -0.000360 0.000360 0.009926 -0.007866 -0.068527 -0.015919 -0.000416 0.000350 0.012515 -0.070535 -0.196080 -0.279935 -0.329547 -0.022879 -0.027957 -0.039826 -0.003208 -0.004411 -0.007292 -0.001084 -0.000589 -0.000006 -0.000382 -0.005560 -0.040146 -0.026254 -0.000103 0.001615 0.035223 0.104499 -0.280985 -0.255935 -0.046848 -0.039223 -0.030859
-0.249602 -0.329079 -0.293283 -0.233290 -0.239718 -0.574677 0.483192 0.943092 0.855419 0.747538 0.765288 0.901749 0.771356 0.576580 -1.022238 -0.162340 -0.045142 -0.060805 -0.160757 -0.164989 -0.015692 -0.003224 -0.014757 -0.009515 -0.000360 0.000360 0.013924 -0.089447 -0.255780 -0.025476 -0.000906 0.000620 0.012351 0.051416 -0.045455 -0.246227 -0.483671 -0.219442 -0.088831 -0.040096 -0.021875 -0.006822 -0.020252 -0.010192 -0.000572 -0.000326 0.000046 0.000364 0.001262 0.000669 0.000797 0.003970 0.026868 0.044282 0.130057 -0.133202 -0.097637 -0.041156 -0.021529
-0.080856 -0.100949 -0.011419 0.063896 0.068320 -0.040165 0.398917 0.815156 0.648134 0.671445 0.795939 0.807323 0.749055 0.300205 -0.945313 -0.378215 -0.279974 -0.078727 -0.099450 -0.658593 -0.010192 -0.002463 -0.003889 -0.000382 0.000558 0.000010 0.015917 0.027379 -0.102121 -0.016694 -0.000898 0.000248 0.024100 0.107703 0.047023 -0.180092 -0.437196 -0.329499 -0.155631 -0.104622 -0.083232 -0.060318 -0.036320 -0.024405 -0.006229 -0.000000 0.000334 0.000306 0.000845 0.000838 0.000533 0.016968 0.026260 0.046229 0.104004 -0.090175 -0.084145 -0.023410 -0.017922
0.211598 0.516930 0.748553 0.943578 1.159309 1.063804 1.702606 2.056312 2.045908 1.760781 2.339226 1.242707 1.286425 0.758135 -0.180229 -0.342908 -0.373295 -0.352641 -0.111887 -0.589856 -0.560481 -0.025841 -0.010310 -0.000012 0.030517 0.029278 0.400141 0.311025 0.081386 -0.438045 -0.030088 0.000000 0.023510 0.066684 0.016075 -0.005429 -0.062321 -0.281800 -0.267524 -0.185889 -0.148269 -0.117813 -0.079613 -0.042184 -0.008320 -0.000008 0.000580 0.000603 0.000646 0.000009 0.011412 0.020804 0.028004 0.084211 0.119145 0.011611 -0.168563 -0.022911 -0.025404
1.383293 1.395917 1.421111 1.323803 1.331208 1.281913 1.366572 1.147185 0.659663 0.234693 -0.016960 -0.282486 -0.625699 -1.405392 -0.025237 -0.029613 -0.022774 -0.020051 -0.080843 -0.136228 -0.969086 -0.281502 -0.099611 -0.036838 -0.000001 0.085210 0.371461 0.286812 0.175296 -0.037791 -0.007494 0.000004 0.010277 0.034111 0.096142 0.023296 -0.001774 -0.024009 -0.154104 -0.234089 -0.191197 -0.169025 -0.132441 -0.092465 -0.029759 -0.000422 -0.000101 0.000079 0.000287 0.000387 0.007538 0.009627 0.013845 0.079328 0.161848 0.106917 -0.071212 -0.027570 -0.009131
3.026860 2.624106 2.027684 1.716061 1.054484 1.217571 1.026218 0.714162 0.429419 0.085997 -0.171703 -0.361592 -0.520380 -0.059226 -0.010575 -0.000388 -0.000372 0.000145 0.000492 0.000861 -0.432618 -0.664730 -0.022330 -0.002315 -0.000043 0.002023 -0.075860 -0.223643 -0.055437 -0.006608 -0.000323 0.000216 0.010752 0.037588 0.091272 -0.008082 -0.004899 -0.001753 -0.003909 -0.032175 -0.043675 -0.020515 -0.011517 -0.075869 -0.079898 -0.036247 -0.000474 -0.000974 -0.001222 0.003164 0.002607 0.035947 0.178942 0.060745 0.028101 -0.015838 -0.092820 -0.029359 -0.015096
2.266666 1.750300 1.243684 0.189900 -0.000019 0.066258 -0.004338 -1.334628 -0.494371 -0.142664 -0.480158 -0.248673 -0.210651 -0.043307 -0.011025 -0.000609 -0.000540 0.000540 0.000609 0.193458 0.819911 -0.122499 -0.037014 -0.024084 -0.000049 0.014160 0.018101 -0.120299 -0.091561 -0.013138 -0.000965 0.000392 0.007144 0.030965 0.035260 -0.077778 -0.046126 -0.009915 -0.000711 -0.001650 -0.020087 -0.009222 -0.001974 -0.004601 -0.008034 -0.012813 -0.005691 -0.005377 -0.001073 0.001361 0.033225 0.074780 0.030057 0.024521 0.002485 -0.011732 -0.073980 -0.031808 -0.022991
0.971621 0.513801 -0.601984 -0.000222 0.000222 0.067066 -0.057636 0.003854 -0.001782 0.002355 -0.130438 -1.377013 -0.853364 -0.118548 -0.032914 -0.008421 -0.000369 0.000369 0.018221 -0.144881 -0.217566 -0.047513 -0.036070 -0.003545 -0.000632 0.000340 -0.024790 -0.130763 -0.112199 -0.002981 -0.004241 -0.000269 0.001180 0.013141 0.027667 -0.011068 -0.008619 -0.000652 -0.001552 -0.001397 -0.001102 -0.001747 -0.002433 -0.006157 -0.013418 -0.018934 -0.015357 -0.011126 -0.000837 0.000897 0.025239 0.065205 0.011687 0.002043 0.000693 0.008457 0.029498 0.000176 -0.083297
0.279020 -0.093664 -0.020902 -0.001821 0.001811 -0.117713 -0.187716 -0.067789 0.000000 0.015464 0.028390 0.043651 -0.311363 -0.220976 -0.019308 -0.005315 -0.000429 -0.000653 -0.002278 -0.132645 -0.077786 -0.044592 -0.041277 -0.038300 -0.009590 -0.000000 0.006388 0.010277 -0.066832 -0.004500 -0.009924 -0.011425 -0.002358 -0.001038 -0.002842 -0.018906 -0.008302 -0.000896 -0.002717 -0.000872 -0.000808 -0.000804 -0.001306 -0.002015 -0.002281 0.000000 -0.000026 -0.000989 -0.000401 0.000412 0.005185 0.001224 -0.000979 -0.000015 0.001118 0.011551 0.018504 0.004368 -0.028843
-0.624812 -0.505426 -0.033445 -0.001751 0.001700 0.251712 -0.037049 -0.163630 -0.122864 0.005190 0.025505 0.294490 0.112286 -0.323079 -0.043851 -0.045474 -0.051784 -0.063638 -0.036493 -0.006693 -0.036581 -0.019892 -0.004314 -0.013352 -0.007725 -0.000000 0.009433 0.018326 -0.128971 -0.189317 -0.009941 -0.020755 -0.011527 -0.014727 -0.037984 -0.017379 -0.008261 0.000000 -0.002205 -0.000733 -0.000114 0.000623 0.000327 -0.000784 -0.001564 -0.000664 0.000030 0.004753 0.001596 -0.001619 -0.008636 -0.030034 -0.010960 0.000000 0.013696 0.026370 0.025475 0.023685 0.093628
-0.161183 -0.036931 -0.011231 -0.000479 0.000420 0.055547 -0.350104 -0.244146 -0.367023 -0.134616 0.076931 -0.163766 -0.335480 -0.123391 -0.059811 -0.364815 -0.090339 -0.045055 -0.012715 -0.000475 -0.056425 -0.086540 -0.041247 -0.012977 -0.013087 -0.000000 0.007524 0.024793 0.328886 -0.037038 -0.068328 -0.039514 -0.021684 -0.032460 -0.071538 -0.030333 -0.012008 0.000000 0.000809 0.000321 0.000561 0.000607 0.000586 0.000384 0.000461 0.003547 0.000001 0.113753 1.280667 -0.050546 -0.046926 -0.026316 -0.004433 -0.000440 0.004773 0.028832 0.029849 0.031150 0.139603
0.036718 -0.051483 -0.017403 -0.001112 0.000823 -0.035219 -0.917686 -0.959539 -0.685968 -0.408493 -0.077128 -0.393803 -0.633088 -0.465583 -0.498857 -0.574244 -0.079664 -0.040637 -0.019610 -0.008125 -0.016594 -0.041413 -0.029140 -0.084422 -0.021118 -0.000004 0.013098 0.027090 0.020054 0.085718 -0.045800 -0.082817 -0.008656 -0.017449 -0.059499 -0.022463 -0.000827 0.000209 0.001248 0.000566 0.000392 0.060427 0.066083 0.558495 0.749305 0.935362 0.836544 0.914170 0.778197 0.177204 0.071851 -0.027794 -0.017603 -0.000030 0.023723 0.055915 0.110946 0.184119 0.218877
0.049987 -0.058372 -0.017960 -0.000867 0.000223 0.000421 -0.743702 -0.797987 -0.595039 0.034984 0.380763 0.185268 -0.213714 -0.538730 -0.972188 -0.153426 -0.022275 -0.037027 -0.028042 -0.010445 -0.003605 -0.013974 -0.048254 -0.025021 -0.023212 -0.000172 0.000488 0.017446 0.637855 0.279035 -0.455480 -0.044986 -0.000745 -0.000642 -0.001041 -0.000163 0.001217 0.015249 0.059805 -0.026321 -0.071167 0.198576 0.581491 0.781807 0.172955 0.264462 0.418662 0.248247 0.081895 -0.140682 -0.423424 -0.090178 -0.019850 -0.000644 0.000636 0.010299 0.025276 0.041929 0.046240
0.035444 -0.038659 -0.019808 -0.006319 0.000000 0.008358 0.129645 -0.343003 -0.274826 -0.008251 0.311405 0.408524 0.380939 -0.094129 -0.356314 -0.421690 -0.221205 -0.004727 -0.015675 -0.034056 -0.030277 -0.026663 -0.021779 -0.023238 -0.008251 -0.000005 0.007542 0.016623 -0.590845 -0.256948 -0.511824 -0.021626 -0.008059 -0.000473 0.000270 0.004805 0.003304 0.015260 0.513462 0.493838 0.410622 0.431658 0.163058 0.000047 0.000406 0.079022 0.165724 0.053530 -0.089590 -0.068658 -0.069910 -0.074771 -0.027126 -0.001929 0.001012 0.002018 0.016204 0.056984 0.011412
-0.194608 -0.434011 -0.013286 -0.003663 0.000000 0.005378 0.014796 0.277751 0.280864 0.336212 0.209399 0.343798 0.323081 -0.005131 -0.023775 -0.081636 -0.154296 -0.239267 -0.339486 -0.054828 -0.045311 -0.035931 -0.011868 -0.001197 -0.000631 0.000290 0.005338 0.036290 -0.035257 -0.136168 -0.024490 -0.019182 -0.012544 -0.000965 -0.000000 0.000965 0.026497 0.207833 0.101344 0.091415 0.168507 0.127863 -0.013282 -0.000334 0.000674 -0.165853 -0.209845 -0.222306 -0.368838 -0.441098 -0.467631 -0.020678 -0.002842 -0.002796 0.002347 0.003452 0.031000 0.041148 0.010452
