use_cases/Flooding_chicago/flooding_data/output/hUx_2460.asc
ncols 337
nrows 393
xllcorner 428428.000000
yllcorner 4602440.000000
cellsize 26.757400
NODATA_value -9999.000000
[rows 156 to 181 of 393, columns 59 to 117 of 337]
0.156071 0.124877 0.131235 0.099038 0.124688 0.225469 0.241213 0.262236 0.274675 0.266572 0.253433 0.249757 0.244055 0.239979 0.150140 0.138966 0.137131 0.107878 0.096462 0.079636 0.111481 0.100599 0.131125 0.084370 0.060925 -0.071231 -0.038039 -0.000558 0.000470 -0.015267 -0.048590 -0.237189 -0.059457 -0.013290 -0.016830 -0.000609 0.000693 0.021084 -0.004498 -0.107366 -0.013704 0.000000 0.007576 0.029946 0.061824 0.089977 0.046177 0.026902 0.064242 0.186208 0.121273 0.096547 0.074754 0.049860 0.142123 1.072246 -0.001786 -0.003189 -0.003940
0.376447 0.353074 0.175995 0.130544 0.206004 0.285970 0.195451 0.179680 0.173144 0.152422 0.143237 0.094361 0.074852 0.050859 -0.011039 -0.036329 0.001976 -0.003911 -0.026480 -0.022488 -0.010558 0.018248 0.046406 0.000754 -0.051413 -0.220543 -0.055628 -0.001566 0.001099 -0.215610 -0.286913 -0.510405 -0.057840 -0.012821 -0.017440 -0.001430 0.000858 0.001307 -0.016868 -0.094195 -0.011223 0.000000 0.005281 0.003855 0.020826 0.065745 0.031451 0.021830 0.038624 0.017171 0.076763 0.053629 0.025233 0.000003 0.006034 0.016840 0.002985 0.001858 0.004153
0.744912 0.721064 0.276278 0.376712 0.385883 0.402093 0.260057 0.095854 0.083550 0.115654 0.103243 0.076316 0.065941 0.050106 0.039882 0.081302 0.088366 0.068053 0.055384 0.098914 0.091319 0.091457 0.042026 -0.052508 -0.157820 -0.383321 -0.076427 -0.003892 0.001913 0.013004 0.004409 -1.009242 -0.089539 -0.019738 -0.001029 -0.000935 0.000845 0.001013 0.001643 -0.007645 -0.001486 -0.000163 0.001265 0.002463 0.003481 0.004602 -0.000117 0.000000 0.006138 0.021191 0.004027 0.012631 -0.000326 0.000208 0.006364 0.021571 0.004839 0.037678 0.003506
0.836462 0.410912 0.279160 0.510295 0.406623 0.360012 0.286177 0.106031 0.094473 0.145349 0.127421 0.109874 0.078111 0.031184 0.015528 0.056757 0.068437 0.073854 0.070962 0.047021 0.053116 0.041730 0.025172 -0.107327 -0.019133 -0.002082 -0.007489 -0.012444 0.031360 0.010686 0.001683 -0.000536 -0.003783 -0.002615 -0.000649 -0.000044 0.016120 0.027701 -0.101659 -0.178622 -0.027244 -0.000014 0.013390 0.028528 -0.054171 -0.099748 -0.001146 0.003949 0.002825 0.013342 0.024375 0.073816 0.023995 0.007730 0.004055 0.004351 0.050450 -0.000299 0.000797
0.981833 0.499639 0.330129 0.608921 0.519052 0.496235 0.367639 0.327656 0.380759 0.342094 0.418438 0.347212 0.199927 0.103288 0.053523 0.031400 -0.003073 -0.031901 -0.046152 -0.049319 -0.092222 -0.073653 -0.086765 -0.200676 -0.025592 -0.000006 0.045738 -0.014996 -0.048970 -0.051126 -0.000104 0.000132 0.000797 0.001392 0.000535 -0.000121 0.001168 -0.026040 -0.106836 -0.006586 -0.000515 0.000202 0.023287 0.399882 0.042650 -0.054687 -0.001191 0.002194 0.050396 0.107592 0.170010 0.434237 0.194755 0.094184 0.141811 0.430225 0.694291 0.756588 0.663299
0.795506 0.362570 0.093511 0.011571 0.027127 0.050389 0.037769 0.034429 0.047342 0.059984 0.022384 -0.016842 -0.063679 -0.143973 -0.179022 -0.289933 -0.360777 -0.447559 -0.583408 -0.671637 -0.449121 -0.583762 -1.244621 -1.086423 -0.007494 -0.000203 0.000462 0.057711 -0.009316 -0.058525 -0.000222 0.000222 0.003946 0.338088 0.674342 0.166603 0.104881 0.048109 -0.062662 -0.006104 -0.000011 0.006955 0.024916 0.004876 0.007085 -0.002045 -0.001864 0.002165 0.002001 0.009609 0.019685 0.086701 0.519816 0.481326 0.166475 0.134843 -0.000531 0.000409 0.254845
0.547813 0.153795 0.060731 0.087339 0.108885 0.150532 0.129482 0.134340 0.212139 0.299528 0.218982 0.212757 0.172638 0.176143 0.115424 0.119176 0.141604 0.213040 0.225710 0.198621 0.174950 0.129096 0.132861 0.007922 -0.006333 -0.000006 -0.002838 -0.004143 -0.003465 -0.002528 -0.001164 0.002850 0.304068 -0.027767 -0.095535 0.152902 0.170792 0.130237 0.190276 -0.000298 0.000092 0.000319 0.001449 -0.035168 -0.022553 -0.001196 -0.000735 0.000804 0.001180 0.008032 0.018910 0.004350 0.031187 0.400599 0.277987 0.239801 -0.001480 0.001072 0.001780
0.058126 0.117610 -0.272741 -0.275787 -0.207922 -0.113058 -0.068649 -0.026796 0.032981 0.069979 0.060441 0.051651 0.025565 -0.007043 -0.009374 0.000706 -0.009159 0.012679 -0.032877 -0.076517 -0.098948 -0.107101 -0.226530 -0.613305 -0.141614 -0.002007 -0.007009 -0.008218 -0.002138 -0.002800 0.000852 0.002853 0.266888 0.698567 0.012068 -0.000000 0.097838 0.086907 0.266002 0.484597 0.409057 0.144835 0.052508 -0.004103 0.025125 0.045484 -0.000030 0.018690 0.019107 0.006745 0.004124 0.002029 0.000969 0.000428 0.000447 0.000817 0.000898 0.004505 0.003304
0.033835 0.764871 0.302783 0.321311 0.282877 0.297804 0.271384 0.326237 0.297409 0.256555 0.232595 0.156890 0.119947 0.074893 -0.050799 0.000314 0.081932 0.082249 0.158747 -0.078505 -0.230411 -0.204956 0.000315 -0.573511 -0.151753 -0.191154 -0.197868 -0.018877 -0.002067 -0.001008 0.000899 0.001724 0.010485 0.001433 -0.006319 0.000000 0.006942 0.121544 0.406152 0.575612 0.835687 1.238105 0.493390 -0.082322 -0.021547 0.014777 0.064136 0.050869 0.022312 0.017455 0.006039 -0.001947 -0.000957 -0.000249 0.000234 0.000763 0.000887 0.019922 0.053905
0.047143 1.381454 1.167754 1.023707 0.787802 0.506209 0.644628 0.641562 0.504081 0.339623 0.311388 0.232288 0.208619 0.177141 0.104385 -0.000503 0.000164 -0.134663 -0.008312 -0.000079 -0.000027 0.000170 0.006115 0.011676 0.001379 -0.049494 -0.123402 -0.412452 -0.000616 0.000216 0.000446 -0.000570 -0.001530 -0.008682 -0.003663 0.000000 0.005350 0.012297 0.231757 0.081149 0.055419 0.490011 0.452209 0.390435 -0.060300 -0.000487 0.000070 0.026378 0.052152 0.018638 -0.080723 -0.025588 -0.000040 -0.123709 -0.190047 -0.175425 -0.086927 -0.050800 -0.055671
0.078959 1.056625 0.678869 0.529085 0.489121 0.172260 0.173693 0.156476 0.106160 0.114972 0.106715 0.161271 0.116925 0.126228 0.093290 -0.001701 -0.003419 -0.016418 -0.012744 -0.005941 0.000000 0.007835 0.017000 0.017847 0.030816 0.033769 0.373138 0.602110 -0.000715 -0.001550 -0.000275 0.000830 -0.000597 -0.001357 -0.000722 -0.000067 0.000464 0.006865 0.011991 0.002105 0.007769 0.177676 0.152843 0.113302 -0.048574 -0.006054 0.000000 0.044673 0.418735 0.297428 0.271122 0.296292 -0.006204 -0.400602 -0.385762 -0.142172 -0.025069 -0.063451 -0.072405
0.112303 0.156999 0.416250 0.200933 0.000605 -0.034211 -0.047692 -0.022826 0.026550 0.058202 0.069864 0.118185 0.091471 0.122556 0.101278 -0.000068 -0.077847 -0.016614 -0.015646 -0.009203 0.000000 0.004212 0.007710 0.007253 0.016578 0.022718 0.025970 0.112344 0.047974 0.002047 -0.132305 -0.096196 -0.019854 0.034080 -0.039682 -0.000074 0.000157 0.012972 0.007047 0.003496 0.002997 0.100109 0.148928 0.238939 -0.019138 -0.010911 0.000000 0.059719 0.386976 0.236315 0.307742 0.219195 0.195376 0.266945 0.338266 0.245742 0.303231 0.358562 0.664726
0.074932 0.106039 0.054369 0.017190 0.008616 -0.066514 -0.085942 -0.067719 -0.030450 -0.019092 -0.039074 -0.168881 -0.313079 -0.284774 -0.269761 -0.001063 -0.006403 -0.052686 -0.019423 -0.009567 0.000000 0.004954 0.010287 0.000962 0.001390 0.000378 0.000354 0.006446 0.163637 0.067162 0.126008 0.132402 0.153519 0.182189 0.222847 0.218546 0.051044 0.032193 0.075612 0.074156 -0.021858 -0.138464 -0.449823 -0.483241 -0.191556 -0.113441 0.000003 0.036417 0.295149 -0.276291 -0.437561 -0.155110 0.002511 0.165871 0.399596 0.459528 0.544323 0.628047 0.946602
0.204681 0.086901 0.047052 0.014751 0.208098 0.258338 -0.161447 -0.045855 0.168047 0.290652 0.330308 0.378786 0.379006 0.562346 0.792078 0.652949 0.305510 0.227441 0.036417 -0.004774 -0.000241 -0.001135 -0.015653 -0.022594 -0.016224 -0.005112 -0.000360 0.000360 0.006655 0.078558 0.002704 -0.020178 -0.031997 -0.192646 -0.043173 0.061660 0.070855 0.036237 0.046373 1.619121 1.109136 0.446485 0.333959 0.069168 -0.000330 -0.000547 0.000062 0.000589 0.000549 0.012658 0.091070 -0.069314 0.000127 0.146956 0.450061 0.514075 0.988865 1.103616 1.333401
-0.000222 0.000222 0.003946 0.363050 1.042823 0.760718 0.555371 0.518730 0.471362 0.380326 0.491587 0.430992 -0.000917 0.001266 0.003585 0.176343 0.226518 0.248404 0.100385 0.068778 -0.267639 -0.089328 -0.069417 -0.028276 -0.021732 -0.008889 -0.000360 0.000360 0.009242 0.338356 -0.044228 -0.000416 0.000079 0.248558 0.055302 0.081862 0.057699 0.076445 0.113953 0.238118 -0.148640 -0.217956 -0.265424 -0.728964 -0.016939 0.000000 0.000982 0.000025 0.000008 0.006269 0.024824 0.007520 0.000000 0.216981 0.739613 0.832574 1.557242 1.741496 1.971984
0.146777 0.053262 0.254596 0.189823 0.335704 1.847008 1.437968 0.992020 0.430148 0.326151 0.001725 0.275852 0.241005 0.000067 0.013015 -0.040338 -0.119417 -0.095113 -0.006334 0.065672 -0.010968 -0.047076 -0.009478 -0.004599 -0.013218 -0.006176 -0.000006 0.003745 0.146905 0.020609 -0.197885 -0.008005 -0.001086 -0.000422 0.000431 0.000931 0.135291 0.362833 0.695269 0.241569 -0.001306 -0.069933 -0.123820 -0.223370 -0.012531 -0.001285 -0.004806 -0.000313 0.000394 0.007514 0.009746 0.070274 0.771513 1.739399 2.634783 2.372997 2.464303 3.235227 3.508154
0.399866 0.343183 0.399434 0.351206 0.212795 0.318827 0.207451 -0.000907 -0.001002 0.000653 0.001296 0.206266 0.483336 0.360750 0.259295 0.315216 0.081575 0.028230 -0.014789 -0.061433 -0.418967 -0.027517 -0.001862 -0.000189 0.008421 0.006033 -0.013124 -0.519386 -0.910712 -0.626480 -0.362775 -0.164519 -0.001043 -0.001317 -0.000134 0.001560 0.010012 0.020071 0.097320 -0.173757 -0.243274 -0.160673 -0.092873 -0.022048 -0.006597 -0.055700 -0.016219 0.000001 0.017496 0.032766 0.105119 1.932933 3.764865 5.325788 5.808163 5.539599 4.870155 4.632069 4.267247
0.875139 1.643321 0.630736 0.510371 0.340478 0.409532 0.832394 0.607862 -0.000676 0.000104 0.000751 0.157589 0.542520 0.431562 0.352685 0.774793 0.335614 0.248383 0.047090 -0.026568 -0.219713 -0.002236 0.000077 0.123937 0.089533 0.117921 -0.017885 0.072995 0.295382 0.700650 0.483539 -0.196310 -0.001108 -0.001513 -0.001026 0.000290 0.001211 0.008993 0.015312 0.108893 0.095722 0.122873 0.228858 0.267177 0.151497 -0.116978 -0.015454 0.000070 0.009040 0.043733 1.749741 2.943468 5.416749 5.738829 5.019923 5.294387 4.720760 4.541341 4.363674
0.372538 0.244202 0.278799 0.298517 0.221637 0.325656 0.860765 0.692176 0.477579 0.233972 0.661781 0.029304 0.317515 0.316991 0.366072 0.282928 0.230002 0.225962 0.112933 0.363487 0.150936 0.176280 0.071953 0.023305 0.043649 0.058502 0.125273 0.064755 0.084128 0.080872 0.335371 -0.055147 -0.000361 -0.000326 -0.000375 -0.000438 0.000479 0.000629 0.009374 0.139745 -0.017544 -0.066261 -0.098923 -0.267505 -0.827620 -0.009076 0.000000 0.005367 0.035324 2.743571 4.072009 5.319377 5.465599 5.523744 4.543664 4.498327 4.052150 3.714247 3.316073
0.051451 0.055773 0.034968 0.019655 0.008122 0.041646 0.119319 0.782362 1.084532 0.670720 1.222709 0.540927 0.542697 0.472434 1.040740 1.116692 0.615089 0.534743 0.210323 0.212299 0.511638 0.462122 0.793302 0.441763 0.447683 0.139501 0.076338 0.040232 -0.000222 0.000222 0.055872 0.144885 0.030615 -0.364000 -0.160237 -0.007932 0.000015 0.010255 0.031562 0.122038 0.067298 0.075549 0.187659 0.184944 0.086117 -0.012407 0.000000 0.032058 1.360325 2.264768 2.748568 2.698387 1.464468 3.095261 1.690552 1.646699 1.422810 1.483414 1.336224
0.026860 0.031805 0.026276 0.021809 0.011040 0.052102 0.087878 0.093206 0.821268 1.079274 1.611775 1.288947 0.712309 0.625847 1.070245 0.829833 0.686691 0.607040 0.202390 0.176975 0.168097 0.339131 0.395876 0.415979 0.160996 0.106334 0.138823 0.067347 -0.000441 0.000220 0.113888 0.077617 0.009425 -0.054196 -0.066759 -0.004996 0.000929 0.000892 0.002240 0.061325 0.124415 0.158750 0.189441 0.190621 0.174861 -0.031354 0.000000 0.874163 2.108749 2.255800 2.229552 1.916538 1.676479 1.500546 2.039029 0.931262 0.686059 0.662480 0.643183
0.009139 0.056589 0.060418 0.054363 0.023797 0.111798 0.217039 0.219767 0.234580 0.895617 1.048547 1.139301 0.671771 0.576148 0.473515 0.858827 0.722225 0.657587 0.420896 0.116094 -0.000066 -0.003786 0.053811 0.100823 0.089436 0.322126 0.392716 0.077459 0.000771 0.111383 0.066124 0.081726 0.196702 -0.006978 -0.000092 0.000288 0.028287 0.027278 0.000709 0.027894 0.115285 0.306637 0.375526 0.379260 0.297240 0.193391 0.003679 0.987342 1.349648 1.235622 1.302213 0.940652 1.200978 0.808236 0.758128 0.382586 0.003407 -0.080483 -0.300923
0.203198 0.138002 0.119902 0.087615 0.252143 0.160155 0.178615 0.218419 0.191958 0.087426 0.029416 0.413272 0.437357 0.859251 0.723773 0.722589 0.642923 0.449944 0.196785 -0.356506 -0.005574 0.000000 0.005835 0.155503 0.370336 0.368134 0.929464 0.814862 0.178419 0.133328 0.106732 0.086784 0.258294 -0.005094 0.000000 0.006224 0.008874 -0.377953 -0.325150 -0.217979 -0.004264 0.019323 0.327959 0.463042 1.409725 1.436124 1.524613 2.022332 2.520204 2.201357 1.880337 1.398111 1.277164 0.843019 0.407007 -0.023542 -0.000815 0.000097 0.020403
0.181119 0.618428 0.143365 0.114397 0.048454 0.012643 0.022699 0.032599 0.031934 0.035869 0.012510 0.017863 0.505703 0.762337 0.775188 0.949597 0.951797 0.961882 0.579926 0.182540 -0.091761 -0.000069 0.000479 0.054726 0.180899 0.131210 0.172738 0.539546 0.492045 0.149209 0.121543 0.079494 -0.131657 -0.026494 -0.000071 0.000493 0.027521 1.038465 0.750045 0.403201 0.039668 0.031544 0.713657 1.170505 1.759710 1.935552 2.952569 2.757996 3.405621 3.018668 2.239935 2.125610 1.372069 0.987555 0.257060 -0.047154 -0.012077 0.000000 0.006971
0.204703 0.313022 -0.079409 -0.000999 -0.000218 0.000977 0.001220 0.008265 0.014291 0.193384 -0.000020 0.008889 0.400401 0.629141 0.000016 0.187099 0.457169 0.165855 0.134889 0.065809 -0.087926 -0.162386 -0.138106 -0.000349 -0.000009 0.000196 0.178778 0.388348 0.432348 0.524550 0.134420 0.564012 0.026115 -0.141026 -0.009374 0.000014 0.021138 0.069822 0.034694 0.026231 0.015667 0.429954 0.727038 1.391944 1.696330 2.069879 3.289001 3.132403 3.963141 3.180974 2.171464 2.074339 1.159091 0.500996 0.070937 -0.045333 -0.013011 0.000000 0.010801
0.253673 -0.000603 -0.001602 -0.000992 0.001367 0.002810 0.002505 0.009532 0.021229 0.235887 -0.000482 0.000586 0.005982 0.156888 0.000397 0.111124 -0.016516 -0.020683 0.082021 0.191050 0.128001 0.063170 -0.114275 -0.000789 -0.000047 0.000195 0.008310 1.073835 0.777034 1.039346 1.054508 1.376347 0.968957 0.638949 -0.085311 -0.016334 -0.000013 0.008136 0.039149 0.012427 0.234091 0.305001 0.681539 1.232765 1.664794 1.722251 3.257542 3.494452 2.832643 2.414232 2.099383 1.712014 0.869832 0.407334 0.219372 -0.077062 -0.007819 0.000000 0.011425
