use_cases/Flooding_chicago/flooding_data/output/hUx_1740.asc
ncols 337
nrows 393
xllcorner 428428.000000
yllcorner 4602440.000000
cellsize 26.757400
NODATA_value -9999.000000
[rows 156 to 181 of 393, columns 177 to 235 of 337]
0.266589 0.669121 0.703810 0.633050 0.556427 0.344303 0.086937 0.138987 -0.423875 -0.773217 -1.848167 -0.041397 -0.000175 -0.001925 -0.015817 -0.010803 -0.007304 0.000000 0.005878 0.559577 1.549801 1.328919 0.298854 -0.000248 -0.000688 -0.010801 -0.010345 -0.001135 -0.001451 -0.000735 -0.000103 0.000103 0.009532 0.016674 0.130040 0.113649 0.037032 0.069528 0.060553 -0.089555 -0.565365 -1.038786 -0.308092 -0.014170 -0.008184 -0.001867 -0.000486 0.000213 0.002510 0.025166 0.038550 0.025445 0.003137 0.011817 0.066300 -0.146483 -0.019790 -0.005680 -0.000001
0.400143 0.213992 0.187179 0.161771 0.240840 0.207227 0.097675 0.469472 0.466580 0.293094 -0.307303 -0.067458 -0.003991 -0.011749 -0.032134 -0.027212 -0.012839 0.000000 0.005878 0.304961 0.555704 0.515625 -0.021233 -0.000218 -0.000113 0.000059 -0.000294 -0.001986 -0.010370 -0.003946 -0.000222 0.000222 0.009981 0.016123 0.167754 0.082045 0.053203 0.106842 0.628128 0.534250 -0.849170 -3.019396 -2.479967 -1.219794 -0.056159 -0.016389 -0.000789 0.000398 0.017560 0.038365 0.007156 0.018484 0.034413 0.029526 0.106726 -0.139893 -0.023560 0.000000 0.002522
0.411199 0.991400 0.058264 0.087977 0.078343 0.050553 0.000000 -0.310560 -0.505316 -0.882285 -0.265729 -0.252104 -0.199722 -0.056595 -0.020648 -0.001524 -0.001047 0.001450 0.022200 0.386263 0.714504 0.742651 -0.009163 -0.003663 0.000000 0.005350 0.016263 0.068782 -0.073024 -0.014410 -0.000140 0.000139 0.019514 0.324882 0.666240 0.150118 0.116273 0.205813 0.096007 0.023625 0.056600 0.297479 0.174964 -0.314857 -0.080621 -0.021959 -0.000833 0.000147 0.000419 0.001090 0.002672 0.007357 0.015936 0.033067 0.028758 -0.034827 -0.013378 -0.000971 0.000623
0.006941 -0.000923 -0.000035 0.032451 0.004881 -0.006964 -0.000000 0.009073 -0.329512 -0.208495 -0.060024 -0.008364 -0.014737 -0.000932 -0.001993 -0.000920 -0.000184 0.000798 0.019522 0.160798 0.113369 -0.053921 -0.029570 -0.009247 -0.000067 0.000464 0.007735 0.044058 -0.000254 -0.001218 -0.000009 0.000116 0.012643 0.399426 0.321900 0.259958 0.144526 0.101408 0.069416 0.030080 0.078452 0.227711 1.057751 0.373935 -0.092072 -0.027165 -0.000581 -0.000260 0.000176 0.000347 0.025219 0.033896 0.007197 0.005977 0.002309 0.000270 -0.000457 0.000050 0.011369
-0.000941 -0.000004 -0.002363 -0.038136 -0.061383 -0.008022 -0.000000 0.006555 0.062850 -0.020098 -0.001807 -0.000028 0.000079 -0.000130 0.000136 0.030081 0.047322 0.024003 0.010161 0.196948 -0.052244 -0.353642 -1.263126 -0.015794 -0.004177 0.000009 0.009810 0.068690 0.017369 0.008690 0.002197 0.000694 0.013373 0.368175 0.421854 0.342451 0.416246 0.144559 0.070342 0.052883 0.272016 0.730654 1.265746 0.296140 -0.026009 -0.016557 -0.006973 -0.000393 0.000331 0.008224 0.015222 0.035232 0.005288 0.003022 -0.001365 -0.000812 -0.000171 0.000239 0.009770
-0.000372 -0.000054 -0.007256 -0.012940 -0.078833 -0.015849 -0.000000 0.008818 0.061760 0.056470 0.003712 0.010243 0.002875 -0.000040 0.000597 0.009529 0.099865 0.182106 0.209510 2.269481 1.726517 1.963318 1.998194 0.542201 -0.013311 -0.000140 -0.000059 0.006710 0.004903 0.002732 0.001088 0.010688 0.407961 0.743038 0.593285 0.444790 0.106641 0.055373 0.033776 0.038861 0.506007 1.048763 1.344498 -0.113679 -0.018752 -0.009849 -0.007928 -0.000569 0.000247 0.000554 0.010991 1.273392 0.955590 0.240624 0.007629 0.001697 -0.001388 -0.328128 -0.693050
-0.001717 -0.002132 -0.002884 -0.004496 -0.033518 -0.009464 -0.000001 0.006453 0.021045 -0.015364 0.028746 0.036993 0.010810 0.002571 0.016263 0.036689 0.019973 0.002053 0.011303 -0.572745 -0.791184 -0.773430 -0.874032 -0.462609 -0.297155 -0.000557 -0.004992 -0.016682 -0.000608 0.011185 0.010588 0.041572 0.346929 0.146060 0.000351 -0.000480 -0.000275 0.000006 0.037838 0.291474 0.863304 1.290055 0.616063 -0.038762 -0.005776 -0.000889 -0.000923 -0.000292 0.000030 0.000292 0.016346 0.419077 0.274046 -0.010483 0.002412 -0.131541 -0.199211 -0.421945 -0.293481
-0.000007 0.000985 0.001176 -0.000340 -0.041463 -0.010755 -0.000037 0.000626 0.007454 0.026234 -0.027518 -0.000618 -0.000637 0.000326 0.000717 0.000622 0.000483 0.010128 0.039549 -0.201842 -0.694953 -0.740879 -0.646007 -0.385370 -0.288487 0.123232 0.285560 -0.018371 -0.007675 0.020354 0.026065 0.413917 1.502041 0.417576 -0.002297 -0.012835 -0.004803 0.000311 0.011051 0.457777 0.918284 0.983582 0.061472 -0.002279 -0.000769 0.000623 -0.000691 -0.000206 0.000002 0.000236 0.016082 0.553891 0.588201 0.474313 0.460209 0.404702 0.434682 0.748396 0.678080
-0.000149 0.000199 -0.002134 -0.001772 0.001212 0.000060 0.000257 0.023986 0.490278 -0.134872 -0.347661 -0.321633 -0.000044 -0.002494 -0.000406 -0.000153 0.000334 0.008837 0.016456 -0.369722 -0.548198 -1.210080 -1.323464 -0.834409 -0.630590 -0.283163 -0.231623 -0.272739 -0.006352 0.020969 0.025486 -0.366785 -0.086544 -0.122262 -0.016689 -0.007272 0.000003 0.008326 0.014565 0.636357 0.307757 0.032556 0.023758 0.012265 0.012527 0.125190 0.306941 -0.003545 -0.000118 0.000185 0.177901 0.430595 0.687218 0.779057 0.789346 0.688150 1.058228 1.236300 1.094431
-0.001841 0.000022 -0.004183 -0.005611 -0.000870 0.000105 0.001789 0.043554 0.508359 0.027178 -0.389365 -0.626491 -0.100166 0.017420 0.083439 0.065268 0.001426 0.015428 0.020745 -0.442900 -0.197616 -0.078927 -0.133310 -0.000360 -0.128496 0.053676 0.092794 0.068440 -0.011322 0.007326 0.007797 0.002366 -0.245431 -0.197421 -0.013792 -0.000326 0.000208 0.006796 0.607965 0.497489 0.419454 0.271270 0.126182 0.000014 0.030868 0.371962 0.290161 0.247370 0.140620 0.144583 0.765943 0.473152 0.367368 0.509230 0.557775 0.651273 0.795182 0.835579 0.806865
-0.003093 -0.000155 0.000146 0.000803 0.002567 0.003925 0.007174 0.020503 0.048627 0.506016 0.820452 0.032410 -0.165821 -0.310136 -0.212411 -0.051945 0.000423 0.019499 0.057096 -0.422151 -0.095742 0.196542 0.244733 0.451520 0.317639 0.167263 0.065849 -0.086109 -0.018225 -0.000140 0.000075 0.005425 -0.030806 -0.147139 -0.017962 -0.000123 0.000141 0.013213 0.915578 0.847355 0.244449 0.000965 -0.000407 0.000316 0.010037 0.027830 0.064985 0.030713 0.114113 0.175795 0.854001 0.374542 0.134273 0.279734 0.456128 0.551254 0.625387 0.535161 0.595379
-0.011175 -0.000113 0.000261 0.017015 0.035401 0.006107 0.007299 0.032835 0.079392 0.127122 0.033749 -0.000098 0.000113 0.008317 -0.114008 -0.146907 0.000016 0.027912 0.040912 -0.109280 0.422578 0.614900 0.538437 0.329540 0.045281 -0.271950 -0.530274 -0.099843 -0.026128 -0.000909 0.000102 0.010895 0.021600 -0.082749 -0.191054 -0.000002 0.247613 0.509303 0.794622 0.662832 0.075573 -0.011819 0.000000 0.003940 0.002992 0.001163 0.011166 0.185779 0.150613 0.168206 0.543706 0.417928 -0.173762 -0.260188 -0.485919 -0.443942 -0.358750 -0.125600 0.032476
-0.008289 -0.000002 0.007734 0.020241 0.001979 0.000280 0.012614 0.043902 0.025928 -0.014313 -0.007706 -0.000084 0.000228 0.012066 0.023905 0.012315 0.038039 0.016941 0.608248 2.776994 1.393333 0.643789 -0.017373 0.000000 -0.000492 -0.000473 -0.002434 -0.029615 -0.041004 -0.012868 0.000000 0.003663 0.010806 0.515799 0.614319 0.848694 0.468156 0.466545 0.374145 0.167523 0.067800 -0.013990 -0.017448 -0.008401 -0.000355 0.000444 0.008982 0.019181 0.108556 -0.046529 -0.213774 -0.248831 -0.004041 0.000352 0.015321 -0.165928 -0.291456 -0.185409 -0.084263
-0.006831 -0.000141 0.000225 0.000133 -0.000233 0.000102 0.005649 0.017373 0.014169 0.001126 0.000632 0.001257 0.001063 0.009912 0.020159 0.085291 0.000059 0.006517 0.278645 0.718494 0.847027 -0.198288 -0.011573 0.000007 -0.000153 -0.000317 -0.000414 0.001201 0.016126 0.006145 0.000970 0.204577 0.889238 1.514979 0.900605 0.233394 0.001408 0.011395 0.127978 0.066167 -0.041898 -0.017750 -0.020787 -0.014124 -0.000538 0.001085 0.015695 0.024924 0.023428 0.002557 0.010381 -0.227875 -0.047707 -0.000144 0.000516 0.000352 -0.051034 0.058173 0.171740
-0.010086 -0.000015 0.008638 0.000958 -0.006539 0.000000 0.003663 0.009783 0.010698 0.001848 0.004897 0.009889 0.002044 0.012688 0.020201 0.004211 0.001548 0.000786 0.278757 0.930206 0.599374 0.080770 -0.003883 0.000280 0.000040 -0.000063 0.000094 0.031955 0.158243 0.436798 0.452789 0.415697 0.324668 0.225939 0.030470 -0.009237 0.001864 0.007090 -0.391818 -0.384133 -0.528035 -0.048819 -0.001473 -0.000794 0.001449 0.002252 0.010985 0.022372 0.005587 0.002081 0.082796 -0.037742 -0.282734 -0.005447 -0.000326 0.000208 0.006364 0.318274 0.376335
-0.000791 -0.000368 0.000832 0.002420 0.002160 0.000918 0.000683 0.009372 0.016456 0.021256 0.015717 0.041157 0.000069 0.009670 0.019997 0.030228 0.006138 0.002368 0.493634 0.448237 0.409808 0.237639 -0.046569 -0.001650 -0.000478 0.000139 0.000436 0.050542 0.283113 0.872528 1.679216 0.475283 0.189720 0.048619 0.010294 0.003021 0.022491 0.241867 0.731291 0.148436 -0.498415 -0.073940 -0.002365 0.001089 0.003200 0.001758 0.018595 0.565958 -0.000214 0.000696 0.127235 0.274071 0.050097 0.140486 -0.006468 0.000003 0.006034 1.566936 0.654944
-0.008751 -0.000502 0.000507 0.004346 0.002644 0.005279 0.022143 0.024960 0.025177 0.024222 0.005478 -0.008282 0.000001 0.019634 0.057172 0.340445 0.439639 2.223926 2.509734 1.979984 1.874640 0.707919 -0.119000 -0.024177 -0.006148 0.000000 0.003663 0.204489 0.511904 0.425330 0.208447 -0.000133 -0.000034 0.000567 0.001142 0.011317 0.174451 0.414665 1.125983 0.390801 -0.426155 -0.064953 -0.000725 0.000863 0.003657 0.001728 -0.452910 -0.612036 -0.330510 0.000030 0.185126 0.106688 -0.568833 -1.185546 -0.192672 -0.000034 0.127838 1.504961 0.572759
-0.015842 -0.007133 0.000018 0.010643 0.022848 0.029540 0.022242 0.052061 0.202840 0.950123 1.000668 0.688696 -0.000074 0.001343 0.408076 0.398308 0.514966 1.960432 2.314376 1.613874 0.608529 0.129665 -0.072564 -0.000429 0.000181 0.000623 0.000836 0.181418 0.270781 0.071789 -0.005595 -0.000051 0.001524 0.006545 0.012965 0.035955 0.306515 0.444406 0.386976 0.200332 0.089235 -0.019716 -0.000208 0.000875 0.031323 0.016246 0.849789 1.192136 0.944666 0.556058 0.432669 0.207165 0.050834 -0.033072 0.167532 0.191900 1.153046 1.061811 0.893487
-0.024121 -0.005630 0.000000 0.008640 0.021737 0.033631 0.134255 2.116377 2.397349 2.686385 2.271969 1.620918 1.644436 1.413300 1.142774 1.909324 2.012022 2.076397 1.655601 1.015350 -0.017115 -0.001382 -0.001382 -0.000009 0.258581 0.256732 0.791543 0.336013 0.144802 -0.006884 -0.000151 0.000065 0.019435 0.061815 0.107365 0.033496 0.275245 0.240273 0.059825 0.007429 -0.004115 -0.006586 0.000772 0.005599 0.078952 0.273435 0.189464 0.087982 0.019992 -0.052625 -0.010915 -0.000214 0.000188 0.001045 0.448688 1.559633 0.922747 0.507560 -0.001436
-0.003089 -0.000140 0.000219 0.007136 0.024673 0.193301 1.319293 2.162941 1.602543 1.030540 1.832369 1.467795 1.592814 2.276602 1.687816 1.890376 1.678154 1.041648 0.005113 0.000905 -0.001768 0.003190 0.002677 0.085125 0.191942 0.282635 0.317972 0.277356 -0.422376 -0.015942 -0.004189 0.000000 0.012088 0.026493 0.160114 0.692889 0.531590 0.000466 -0.000041 -0.001932 0.002286 0.007242 0.010190 0.026358 0.024626 0.016148 -0.000142 -0.000094 0.000202 0.000564 0.000933 0.001077 0.001049 0.007160 0.799629 1.514235 0.472135 -0.137122 -0.106830
0.029758 0.004493 0.006657 0.146975 -0.279893 0.475397 1.153549 0.906120 -0.000005 0.004907 0.085077 0.069436 1.102471 2.223374 2.508993 2.056202 1.817744 1.121453 -0.000222 0.000222 0.015008 0.596256 0.561771 0.730837 1.015002 1.067918 0.864417 0.478630 -0.038693 -0.025380 -0.012267 0.000000 0.007912 0.019615 0.124515 0.043194 0.047727 0.011106 -0.000096 0.001467 0.021025 0.002910 0.021554 -0.000122 0.000138 -0.000181 0.000247 0.000817 0.008610 0.015125 0.013221 0.003144 0.001479 0.260526 1.206869 0.073167 0.055427 0.024201 -0.043167
0.247362 0.184769 0.225521 -0.103013 -0.223433 0.088114 0.154050 -0.189229 -0.000222 0.000222 0.003946 1.028474 1.090615 0.973319 0.696242 0.365037 0.146604 0.073932 -0.000740 -0.000086 0.202396 0.254015 0.499895 0.445674 0.435377 0.198574 -0.153991 -0.883804 -0.033592 -0.015415 -0.000471 0.000023 0.006879 0.009450 0.014063 0.043198 -0.001168 -0.000154 0.000267 0.015178 0.051839 -0.086308 -0.019102 -0.007840 -0.000058 0.000592 0.008280 0.013988 0.016735 0.017819 0.022236 0.004808 0.003942 1.213900 1.134109 0.236106 0.178299 0.182294 -0.154249
0.275365 0.478360 0.248212 0.153366 0.099555 0.016605 0.022426 0.116940 0.060914 0.037585 0.079457 0.700038 0.420053 -0.014761 -0.000134 0.000079 0.001020 0.016984 0.526133 0.287600 0.349171 0.483814 0.764118 0.722929 0.589365 0.357219 0.053561 -0.036627 -0.007007 -0.000990 -0.000088 0.000137 0.008627 0.017640 0.021782 0.065353 -0.010496 -0.000589 0.000115 0.008936 0.016140 -0.001443 -0.016172 -0.000360 0.000360 0.006387 0.013522 0.025896 0.030218 0.032710 0.659897 1.464040 1.759654 1.942839 2.549196 2.415227 1.617122 2.339393 1.619892
0.053320 0.334424 0.343817 0.470867 0.785675 0.555447 0.674336 0.819862 0.826340 1.006402 1.514782 1.107193 0.023626 0.004005 -0.000049 0.000635 0.007786 0.038252 0.458149 0.323476 0.352196 0.267158 0.216754 0.192151 0.096582 -0.260887 -0.858466 -0.020051 -0.006258 -0.000029 0.005438 0.020498 0.027112 0.076552 0.579274 0.264385 0.173794 -0.001686 -0.002420 0.000000 0.008478 0.001276 -0.007771 -0.000360 0.000360 0.014725 0.025784 0.022069 0.076119 0.160352 0.733153 1.573360 1.755875 1.989218 3.011271 2.949043 3.722038 2.816817 2.051660
0.023028 0.043024 0.917236 0.827917 1.048407 0.596397 0.267941 0.171353 0.040305 -0.135853 -0.270143 -0.009249 -0.000569 0.000247 0.000554 0.006009 0.024932 0.005618 0.005703 -0.066931 -0.003017 0.029954 0.074611 0.083555 0.138128 -0.007052 -0.430950 -0.025415 -0.003956 -0.000392 0.001394 0.024953 0.054376 0.021811 0.163656 -0.230141 -0.431664 -0.047401 -0.008557 0.000000 0.005712 0.011107 0.001928 0.000241 0.000446 0.005642 0.044039 0.133411 0.054206 0.142268 0.463808 0.852560 2.392296 3.252286 2.660079 2.267518 3.238051 2.547460 2.152246
0.036702 0.038449 0.047433 0.324924 0.298979 0.181531 -0.410347 -0.588405 -0.489622 -0.548324 -0.539089 -0.007258 -0.000393 0.000331 0.010437 0.025842 -0.158353 -0.152862 -0.501482 -0.381842 -0.302904 -0.417077 -0.759725 -1.050185 -1.850931 -1.567132 -0.024335 -0.001963 -0.001720 0.000260 0.001323 0.031552 0.092194 0.569645 0.202737 0.018561 -0.067141 -0.008602 -0.009422 -0.000065 0.000593 0.007821 0.036616 0.003683 0.000741 0.007856 0.047396 0.043223 0.072863 0.050037 0.586951 1.718965 1.247645 1.483219 0.705370 0.025142 -0.263459 -0.103245 -0.008091
