use_cases/Flooding_chicago/flooding_data/output/hUx_3000.asc
ncols 337
nrows 393
xllcorner 428428.000000
yllcorner 4602440.000000
cellsize 26.757400
NODATA_value -9999.000000
[rows 208 to 233 of 393, columns 236 to 294 of 337]
0.000453 0.003899 0.010254 0.009709 0.026855 0.017536 0.980191 0.355932 1.629909 3.048781 1.930846 1.862490 1.718796 3.170968 2.959719 2.507622 1.899478 0.892435 0.704786 0.603397 0.414679 1.128243 1.092600 1.195953 1.152281 0.850320 1.658120 1.743347 1.066717 0.536446 0.410334 0.141402 -0.035484 -0.072351 0.000000 0.010181 0.022613 0.378769 0.358167 0.521283 0.614754 0.759967 0.448407 0.096149 0.034828 -0.013631 0.000018 0.067582 0.178071 0.215376 0.385562 0.840887 1.025329 0.901786 1.004304 1.028015 0.796295 0.514110 1.064467
0.114662 0.010701 0.000161 0.003917 0.038694 0.504056 1.454632 1.605550 2.878785 2.723832 3.021613 2.075610 1.854920 2.932348 2.536840 2.001506 2.278814 1.624041 1.450311 1.593274 0.627971 1.403883 1.255535 1.210596 1.084194 1.970173 1.620414 2.031448 1.278343 0.825054 0.592474 0.275254 0.025028 0.028738 0.013788 0.082137 0.359874 0.161022 0.362066 0.616714 0.640429 0.346527 0.025625 -0.140497 -0.075923 -0.053651 -0.000058 0.009414 0.001337 -0.003360 -0.061800 -0.136654 -0.117777 0.006889 0.003124 0.001693 0.001367 0.000832 0.017506
0.539194 0.615684 0.803677 0.802365 2.091753 3.676263 3.039205 4.073452 3.400901 2.895379 2.735852 1.749404 0.348696 0.865641 0.708531 1.059229 1.133719 1.391449 1.616931 2.137823 2.638561 1.928111 2.038419 1.519140 1.133305 1.876750 1.474300 1.231442 0.942538 1.188922 0.489060 0.463208 0.017392 0.025379 0.022909 0.121869 0.544772 0.276878 0.258066 0.128867 -0.054520 -0.159587 -0.108795 -0.109988 -0.061291 -0.045140 -0.000326 0.000208 0.003303 0.003658 -0.012659 -0.024344 0.007012 -0.000955 -0.000559 0.000223 0.000777 0.000896 0.007247
3.016897 2.542756 2.999428 3.232984 2.872720 3.318491 2.528911 2.115212 1.685373 2.061000 2.582809 1.283582 1.241109 1.067093 0.156480 0.103552 0.069895 0.465325 0.550811 0.661587 0.437138 0.247697 0.156570 0.498974 0.445428 0.942464 0.821985 0.795969 0.639502 0.355579 0.214652 0.009650 -0.004129 -0.000270 0.000473 0.004954 0.174924 0.689761 0.294030 -0.079565 -0.135876 -0.101787 -0.088720 -0.138604 -0.093362 -0.068769 -0.092885 0.000003 0.006852 0.009420 0.007675 -0.188777 -0.014573 -0.001545 -0.000411 0.000871 0.000952 0.000931 0.007260
2.322394 1.838382 1.001059 0.907556 0.657497 0.828238 0.593911 0.555423 0.617126 0.974976 0.706258 1.247802 0.663547 0.594661 0.155088 0.092940 0.044645 0.263820 0.110407 0.080005 -0.000071 0.000417 0.045185 0.331366 0.869087 0.679616 0.744473 0.768758 0.674344 0.495285 0.354152 -0.072404 -0.000965 -0.000000 0.000965 0.171108 0.158802 0.123902 0.121724 0.097345 0.452904 0.274235 0.286270 0.348303 0.215763 0.077469 0.032818 0.037552 0.142838 0.121475 0.120282 0.013774 0.004324 -0.000516 0.000275 0.004725 0.006574 0.005844 0.006535
2.142785 1.713090 0.959281 0.904153 0.769100 0.544311 0.812803 0.619197 0.608215 0.554276 0.311641 0.343395 0.231552 0.274569 0.106875 0.755446 0.678765 0.985020 0.666981 0.266310 0.001272 0.100776 0.091696 0.111106 0.138728 0.374648 0.580126 0.646698 0.543439 0.453523 0.036936 0.016362 -0.000473 0.000270 0.010534 0.194437 0.163653 0.196904 0.239866 1.075956 0.853316 0.898230 0.637332 0.868988 0.496181 0.374810 0.041103 0.039138 0.057566 0.031328 0.036390 0.014970 0.007219 0.006067 -0.001833 -0.000667 0.001191 0.001982 -9999.000000
2.119045 1.583914 1.707554 0.911652 0.793965 0.649477 0.421504 0.615860 0.355792 0.020425 0.017221 0.003034 0.145741 0.288562 0.071564 0.395666 0.319683 0.348140 0.203816 0.229052 0.000046 0.159869 0.624492 1.408988 0.921916 0.853797 0.923839 0.908786 0.703166 0.574907 0.041471 0.020120 0.230365 0.000585 0.328086 0.764973 1.204998 1.566687 1.579647 1.623379 1.257517 1.335941 1.025144 1.221351 0.630592 0.540430 0.039609 0.038393 0.022639 0.014930 0.007639 0.005718 -9999.000000 -9999.000000 -9999.000000 -9999.000000 -9999.000000 -9999.000000 -9999.000000
-0.034994 0.250904 0.608016 0.555974 0.564878 0.507611 0.416918 0.276238 0.156963 0.097385 -0.001057 0.000001 0.001052 0.050849 0.076222 0.139549 1.020122 1.146847 1.393925 1.149487 0.692824 0.508485 0.659407 1.485589 0.711146 0.920293 0.539596 0.108839 0.522475 0.557124 0.617081 0.694923 0.930041 1.069711 0.900806 1.301191 0.899410 1.062047 0.887647 0.241080 0.971078 0.853927 1.024517 0.697970 0.647813 0.296518 -0.064730 -0.000222 0.000222 -9999.000000 -9999.000000 -9999.000000 -9999.000000 -9999.000000 -9999.000000 -9999.000000 -9999.000000 -9999.000000 -9999.000000
0.037049 0.240515 0.278932 0.334789 0.334969 0.311894 0.265330 0.206924 0.175725 0.126706 -0.010289 0.000000 0.010240 0.048976 0.108140 0.126706 0.043733 0.101460 0.642086 0.502674 0.493809 0.377443 0.322278 0.506953 1.022813 0.626699 0.486118 0.084052 0.047500 0.580746 0.600589 0.659266 0.841623 1.007116 1.698053 1.168089 0.858513 0.581329 0.317941 0.245694 0.842594 0.827327 0.721067 0.719264 0.399336 0.035950 0.012254 0.012669 -9999.000000 -9999.000000 -9999.000000 -9999.000000 -9999.000000 -9999.000000 -9999.000000 -9999.000000 -9999.000000 -9999.000000 -9999.000000
0.085690 0.049724 0.020346 0.010804 0.014882 0.104711 0.068629 0.032710 0.003892 -0.001457 -0.002575 0.000622 0.002439 -0.052599 -0.053843 -0.000360 0.000360 0.046165 0.527306 0.352403 0.174666 0.240604 0.312204 0.159233 0.071397 0.169524 0.001029 0.000702 0.001183 0.001104 0.211282 0.218924 0.227914 0.011581 -0.002273 -0.067662 -0.330500 -0.202699 0.164450 1.443319 1.310378 0.879302 0.684802 0.301498 0.007621 0.013901 -9999.000000 -9999.000000 -9999.000000 -9999.000000 -9999.000000 -9999.000000 -9999.000000 -9999.000000 -9999.000000 -9999.000000 -9999.000000 -9999.000000 -9999.000000
0.192482 -0.001882 0.000553 0.003163 0.078938 0.145502 -0.037564 -0.121616 -0.175687 -0.218402 -0.001314 -0.000971 -0.035512 -0.264057 -0.243104 -0.000360 0.000360 0.115499 0.890871 0.026394 0.154160 0.320787 0.345425 0.194832 0.111477 0.058768 0.406282 0.007950 0.003116 0.001706 0.000873 0.128978 0.132374 0.092340 0.036102 0.010150 -0.069572 0.086732 0.198743 0.654739 0.305469 -0.012952 -0.549101 -0.079042 -0.000208 0.000326 -9999.000000 -9999.000000 -9999.000000 -9999.000000 -9999.000000 -9999.000000 -9999.000000 -9999.000000 -9999.000000 -9999.000000 -9999.000000 -9999.000000 -9999.000000
0.010383 0.004926 0.005203 0.008859 0.048560 0.031895 0.021267 -0.167384 -0.253305 -0.329640 -0.339506 -0.198657 0.024499 0.037099 0.124583 0.405046 0.633210 1.365895 0.915109 0.654202 0.091499 0.073776 0.082222 0.207946 0.762243 0.859657 1.102104 1.160141 1.062396 0.928484 0.846991 1.693816 0.405207 0.007365 0.002714 0.001363 0.009764 0.242445 0.209375 0.000518 0.156340 0.185426 0.251993 0.236764 -0.000003 -9999.000000 -9999.000000 -9999.000000 -9999.000000 -9999.000000 -9999.000000 -9999.000000 -9999.000000 -9999.000000 -9999.000000 -9999.000000 -9999.000000 -9999.000000 -9999.000000
0.008990 0.061598 0.014747 0.012414 0.018464 0.014963 0.041909 0.023034 0.030920 0.001824 -0.000752 -0.039212 -0.145191 -0.087852 0.139096 0.333539 0.492166 0.393279 0.948646 0.008910 0.019368 0.008405 0.065786 0.196558 0.230567 -0.033094 0.002093 0.000800 0.355044 0.387538 0.495974 0.945338 0.754205 -0.000250 0.000392 0.000867 0.008918 1.222004 0.548741 0.008491 0.373850 0.394963 0.478641 0.396766 -9999.000000 -9999.000000 -9999.000000 -9999.000000 -9999.000000 -9999.000000 -9999.000000 -9999.000000 -9999.000000 -9999.000000 -9999.000000 -9999.000000 -9999.000000 -9999.000000 -9999.000000
0.012789 0.002920 0.001365 0.017875 0.028116 0.032709 0.019924 0.009659 0.012498 0.001236 0.001848 0.061658 0.427140 0.089063 0.025470 0.054089 0.000297 0.318122 0.248146 0.000019 0.004530 0.003101 0.047527 0.102505 0.137985 0.052120 -0.001391 0.000120 0.002553 0.002823 0.022251 0.016089 1.034836 1.092855 1.401286 1.850935 3.192132 2.480365 1.975862 2.036211 0.977177 0.744789 0.660724 0.000000 -9999.000000 -9999.000000 -9999.000000 -9999.000000 -9999.000000 -9999.000000 -9999.000000 -9999.000000 -9999.000000 -9999.000000 -9999.000000 -9999.000000 -9999.000000 -9999.000000 -9999.000000
0.219874 -0.000371 0.000558 0.016110 0.030482 0.037801 0.010106 0.001088 -0.000208 0.000326 0.017767 0.017527 0.096077 0.798065 0.968899 0.212465 0.452369 0.622158 -0.000356 0.000570 0.078324 0.097936 0.078431 0.041089 0.096463 0.153150 -0.017810 -0.000188 0.000557 0.010854 0.125530 0.059776 0.383390 1.604316 1.480733 1.728120 1.525360 1.001594 0.863232 0.695073 0.720755 0.336629 0.000849 -9999.000000 -9999.000000 -9999.000000 -9999.000000 -9999.000000 -9999.000000 -9999.000000 -9999.000000 -9999.000000 -9999.000000 -9999.000000 -9999.000000 -9999.000000 -9999.000000 -9999.000000 -9999.000000
0.122815 0.059120 0.000020 -0.001143 -0.001334 -0.000326 0.000208 0.035268 -0.000003 0.031519 0.045576 0.048239 0.035151 0.335721 0.755933 0.390471 0.099396 -0.034031 -0.000462 0.001680 0.018291 0.044893 0.056207 0.044488 0.104502 0.058607 -0.000046 0.000959 0.001375 0.022814 0.185268 0.085692 0.540314 1.448979 0.982783 0.240668 0.163233 0.071043 0.194346 0.141680 0.275990 0.195841 0.000000 -9999.000000 -9999.000000 -9999.000000 -9999.000000 -9999.000000 -9999.000000 -9999.000000 -9999.000000 -9999.000000 -9999.000000 -9999.000000 -9999.000000 -9999.000000 -9999.000000 -9999.000000 -9999.000000
0.162631 0.134766 0.060353 0.040185 0.026581 0.018651 0.000003 0.129134 0.250401 0.263325 0.094580 0.092567 0.085482 0.601821 0.614524 0.408245 0.217192 -0.001918 0.001640 0.004527 0.002547 0.004526 0.022012 0.045078 0.051325 0.031382 0.012701 0.004195 0.035885 0.025317 0.242775 1.466948 2.431219 0.837683 0.519224 0.307238 -0.000631 0.001218 0.010490 0.399436 0.437133 0.134688 0.001767 -9999.000000 -9999.000000 -9999.000000 -9999.000000 -9999.000000 -9999.000000 -9999.000000 -9999.000000 -9999.000000 -9999.000000 -9999.000000 -9999.000000 -9999.000000 -9999.000000 -9999.000000 -9999.000000
0.321705 0.258029 0.318727 0.300399 0.326970 0.449070 0.518655 0.583491 0.634470 0.688036 0.767649 0.921256 1.236688 1.233016 1.022134 -0.003196 -0.001878 0.003774 0.010046 0.009066 0.022266 0.037158 0.009436 0.084919 0.094319 0.061053 0.164145 0.139621 0.094300 0.046810 0.256317 1.167317 1.515734 0.360452 0.002096 -0.000299 -0.000923 0.002893 0.002178 0.043542 0.086958 -0.070898 0.000082 -9999.000000 -9999.000000 -9999.000000 -9999.000000 -9999.000000 -9999.000000 -9999.000000 -9999.000000 -9999.000000 -9999.000000 -9999.000000 -9999.000000 -9999.000000 -9999.000000 -9999.000000 -9999.000000
0.088586 0.115495 0.206551 0.290473 0.299076 0.383130 0.477303 0.394341 0.441649 0.470248 0.742747 0.795181 1.144271 0.869771 0.038589 0.014018 0.011042 0.018843 0.020183 0.014878 0.005048 0.010976 0.005902 0.111016 0.122899 0.073186 0.128059 0.104623 0.061041 0.027174 0.240387 0.260747 0.238294 0.114531 -0.000633 -0.000295 0.000017 0.001306 0.002082 0.016759 0.073139 0.000155 -9999.000000 -9999.000000 -9999.000000 -9999.000000 -9999.000000 -9999.000000 -9999.000000 -9999.000000 -9999.000000 -9999.000000 -9999.000000 -9999.000000 -9999.000000 -9999.000000 -9999.000000 -9999.000000 -9999.000000
0.259138 0.000748 0.066604 0.109598 0.239227 0.318760 0.371816 0.410366 0.415781 0.404935 0.554004 0.439465 0.430060 0.037102 0.006581 -0.005786 0.015293 0.030278 0.028009 0.013380 0.047142 0.082314 0.184796 0.107546 -0.000420 0.000361 0.008347 0.125200 0.507573 0.392301 0.278632 0.125766 -0.003197 -0.003572 -0.000847 -0.000025 0.000829 0.007139 0.006239 0.012472 0.007085 0.003290 -9999.000000 -9999.000000 -9999.000000 -9999.000000 -9999.000000 -9999.000000 -9999.000000 -9999.000000 -9999.000000 -9999.000000 -9999.000000 -9999.000000 -9999.000000 -9999.000000 -9999.000000 -9999.000000 -9999.000000
0.030734 0.010416 0.002720 0.169291 0.644653 -0.015859 -0.040900 0.016059 0.100139 0.614116 0.543089 0.381769 0.273106 -0.000248 0.000079 0.001093 0.065308 0.054950 0.032604 0.046357 0.022516 0.023896 0.009843 0.075887 -0.001021 0.000742 0.000862 0.020950 0.013535 0.025149 -0.082110 -0.068450 -0.002105 -0.005659 -0.001600 -0.000171 0.001583 0.011071 0.009223 0.014941 0.007790 0.003052 -9999.000000 -9999.000000 -9999.000000 -9999.000000 -9999.000000 -9999.000000 -9999.000000 -9999.000000 -9999.000000 -9999.000000 -9999.000000 -9999.000000 -9999.000000 -9999.000000 -9999.000000 -9999.000000 -9999.000000
0.004116 0.001827 0.000881 0.072583 0.178965 0.006008 0.002833 0.348800 0.109878 0.058942 0.036519 0.035182 0.024629 -0.000360 0.000360 0.010649 0.180584 -0.000121 0.034175 0.087426 0.061373 0.020967 0.007666 0.123815 0.017094 0.000032 0.006697 0.084329 0.044261 0.560850 0.494636 0.251455 0.117080 -0.052594 -0.000962 -0.000483 0.000418 0.000856 0.000823 0.003011 -9999.000000 -9999.000000 -9999.000000 -9999.000000 -9999.000000 -9999.000000 -9999.000000 -9999.000000 -9999.000000 -9999.000000 -9999.000000 -9999.000000 -9999.000000 -9999.000000 -9999.000000 -9999.000000 -9999.000000 -9999.000000 -9999.000000
-0.000115 0.000530 0.160315 0.147087 0.100804 0.057833 0.112811 0.102725 0.066075 0.052346 0.046956 0.052568 0.041073 -0.000360 0.000360 0.010714 0.011951 -0.005027 0.000000 0.026491 0.585617 1.061696 1.506307 2.137013 2.510098 2.480199 3.147908 2.595577 2.196642 2.803206 2.114447 1.872351 0.932158 0.831402 0.025251 -0.073637 -0.008915 -0.000282 0.000425 -9999.000000 -9999.000000 -9999.000000 -9999.000000 -9999.000000 -9999.000000 -9999.000000 -9999.000000 -9999.000000 -9999.000000 -9999.000000 -9999.000000 -9999.000000 -9999.000000 -9999.000000 -9999.000000 -9999.000000 -9999.000000 -9999.000000 -9999.000000
0.228644 0.265450 0.286648 0.234504 0.174882 0.100118 0.074807 -0.043934 -0.198933 -0.142769 -0.021517 0.100788 0.087362 -0.001125 0.000213 0.001275 0.011097 0.003765 0.000000 0.012216 0.593087 0.832981 0.971442 1.297401 1.630945 1.752539 2.752822 3.425511 2.518373 3.234140 1.931222 1.893711 1.187442 1.274443 1.134118 1.440651 -0.000403 -9999.000000 -9999.000000 -9999.000000 -9999.000000 -9999.000000 -9999.000000 -9999.000000 -9999.000000 -9999.000000 -9999.000000 -9999.000000 -9999.000000 -9999.000000 -9999.000000 -9999.000000 -9999.000000 -9999.000000 -9999.000000 -9999.000000 -9999.000000 -9999.000000 -9999.000000
0.461262 0.196300 0.255838 0.235792 0.192190 0.095276 0.279236 0.245407 0.282448 0.244400 0.271581 0.056164 -0.000488 0.000215 -0.028529 -0.028322 0.231655 0.137005 0.109678 0.310529 0.312013 0.162429 0.251504 0.381764 0.283247 0.107792 0.141719 1.234735 0.914193 1.141686 0.770392 1.665260 1.056233 1.245445 1.150146 -9999.000000 -9999.000000 -9999.000000 -9999.000000 -9999.000000 -9999.000000 -9999.000000 -9999.000000 -9999.000000 -9999.000000 -9999.000000 -9999.000000 -9999.000000 -9999.000000 -9999.000000 -9999.000000 -9999.000000 -9999.000000 -9999.000000 -9999.000000 -9999.000000 -9999.000000 -9999.000000 -9999.000000
0.806217 0.187573 0.253480 0.225684 0.187197 0.493527 1.047205 0.721974 0.594090 0.570159 0.133444 -0.000137 0.000554 0.243849 0.463297 0.432581 0.746371 0.523398 0.148731 0.116532 0.052911 0.262292 0.287687 0.401796 0.319576 0.136673 0.124490 0.059356 0.342606 0.030631 0.027346 0.580181 0.769353 1.073015 1.049025 -9999.000000 -9999.000000 -9999.000000 -9999.000000 -9999.000000 -9999.000000 -9999.000000 -9999.000000 -9999.000000 -9999.000000 -9999.000000 -9999.000000 -9999.000000 -9999.000000 -9999.000000 -9999.000000 -9999.000000 -9999.000000 -9999.000000 -9999.000000 -9999.000000 -9999.000000 -9999.000000 -9999.000000
