use_cases/Flooding_chicago/flooding_data/output/hUx_2280.asc
ncols 337
nrows 393
xllcorner 428428.000000
yllcorner 4602440.000000
cellsize 26.757400
NODATA_value -9999.000000
[rows 130 to 155 of 393, columns 177 to 235 of 337]
0.010993 0.014472 0.411823 0.136673 -0.003499 -0.028672 -0.014424 -0.000449 0.000128 0.000258 0.010138 0.029221 0.017279 0.001868 0.001073 0.110603 0.177765 0.301375 0.385038 0.280042 0.023298 -0.060829 -0.251182 -0.089048 -0.037019 -0.001385 0.000125 -0.633901 -0.555697 -0.736596 -0.079234 -0.000217 -0.000229 0.001219 0.001997 0.002703 0.001207 -0.159068 -0.031559 -0.083574 -0.067194 -0.081420 -0.165543 -0.147404 -0.029179 -0.090490 -0.020247 0.000000 0.008062 0.026226 0.031511 0.023439 0.049455 0.624404 -0.108261 -0.033487 -0.008667 -0.001200 -0.001298
0.025330 0.022985 0.031450 -0.030560 -0.026732 -0.008944 -0.000506 -0.000566 0.000045 0.000951 0.000537 0.008585 0.020365 0.018493 0.004209 -0.255711 -0.273173 -0.142474 -0.231327 -0.359077 -0.566223 -0.563735 -0.654977 -0.064990 -0.091393 -0.113266 0.000008 -0.353341 -0.472085 -0.028437 -0.007787 -0.000341 0.000166 0.001164 0.008918 0.016402 0.029335 -0.008980 -0.043594 -0.016939 -0.003340 -0.000008 0.000141 -0.000870 -0.000683 -0.003238 -0.007062 0.000000 0.015206 0.031937 0.054173 0.103727 0.025962 0.011303 0.002453 -0.004710 -0.001814 -0.001264 -0.001217
0.021111 0.025704 0.004165 -0.017675 -0.016961 -0.013638 -0.007145 0.000000 0.001246 0.000653 0.000387 0.000712 0.008113 0.009951 0.013736 2.245485 1.793440 1.459347 1.101437 0.665377 0.190518 -0.143509 -0.463108 -0.690594 -0.267233 -0.313169 -0.508750 -0.469564 -0.056572 -0.029394 -0.011918 -0.000270 0.000473 0.006739 0.021590 0.053882 -0.053139 -0.443519 -0.028333 -0.022930 -0.007424 -0.000307 0.000088 0.000323 0.001092 0.000971 -0.000661 0.000000 0.005878 0.025511 0.031067 0.146544 0.000000 0.006565 0.043188 0.013056 0.012489 0.002949 -0.000126
0.024835 0.003419 -0.010894 -0.001932 -0.011195 -0.013442 -0.007145 0.000000 0.006542 0.022332 -0.000306 0.000410 0.010497 0.025841 0.650070 0.483752 0.354182 0.321436 0.340223 0.019972 -0.406510 -0.803213 -1.011770 -1.332201 -0.292423 -0.098471 -0.012175 -0.026453 -0.044933 -0.008161 -0.000965 -0.000000 0.000965 0.016159 0.025931 0.067267 -0.058215 -0.407619 -0.032934 -0.012404 -0.000758 -0.000320 0.000684 0.000648 0.004220 0.013960 0.001583 0.000000 0.005878 0.016460 0.046678 0.062283 0.013620 0.004978 0.002615 -0.000645 0.005686 0.214285 0.049535
0.031233 0.003588 -0.009493 -0.000055 -0.040075 -0.010533 -0.000344 0.000100 0.000374 0.001588 0.000519 0.000196 0.000683 0.009034 1.346143 0.543207 0.226639 0.143388 0.141886 -0.113785 -0.463558 -0.747698 -1.159927 -1.532214 -0.245097 -0.038644 -0.011222 -0.040919 -0.017408 -0.011876 -0.000473 0.000270 0.019004 0.023799 -0.266131 -0.322638 -0.551179 -0.025965 -0.019512 -0.013507 -0.000703 -0.000053 0.000670 0.010610 0.019725 0.047673 -0.000141 0.000207 0.009778 0.030757 0.040007 0.050606 -0.032790 -0.050920 -0.000904 0.096858 -0.114267 -0.091566 0.025559
-0.002331 -0.045041 -0.008495 -0.000967 -0.003178 -0.000368 0.000012 0.000149 0.000192 0.000489 0.001297 0.000556 0.000364 0.016837 -0.232975 -0.596639 -0.732549 -0.779778 -0.963681 -1.066981 -1.390884 -1.586655 -2.052571 -2.345562 -2.422052 -0.055742 -0.046300 -0.036709 -0.008838 -0.000860 0.000079 0.000600 0.002127 0.013075 -0.071012 -0.213973 -0.032003 -0.025328 -0.023706 -0.010923 -0.000232 0.000169 0.001376 0.000685 0.001524 0.002915 0.001466 0.000718 0.000496 0.012479 0.026532 0.065640 0.268291 0.265046 0.139540 0.028147 0.005683 -0.020105 -0.088054
0.443720 0.204610 0.114689 -0.029508 -0.013906 -0.000010 0.005925 -0.000987 -0.006631 0.000019 0.030151 0.079333 -0.035647 -0.108490 -0.365956 -0.527588 -0.541279 -0.441521 -0.332200 -0.143954 -0.171418 -0.331797 -0.395807 -0.579834 -0.575313 -0.533468 -0.035178 -0.002589 -0.000465 0.000266 0.000485 0.000204 0.000368 -0.306455 -0.417059 -0.046856 -0.031083 -0.017993 -0.002222 -0.001673 -0.000077 0.000072 0.008463 0.025269 0.018515 0.001905 0.000995 0.000480 0.000380 0.033201 0.062173 0.021889 -0.062325 -0.177778 -0.155052 -0.138602 -0.101504 -0.048296 -0.036083
1.010759 1.330091 0.937091 1.063864 0.375381 0.190982 0.857985 2.053599 0.668474 0.002239 0.006337 0.444020 0.819084 0.657317 0.563141 0.446648 0.315558 0.220297 0.213054 0.301611 0.271149 0.197595 0.035008 -0.095382 -0.261589 -0.617187 -0.014900 -0.000310 0.000085 0.000401 0.000159 0.000203 -0.100810 -0.165720 -0.008545 -0.005681 -0.001909 -0.005544 -0.007378 -0.002902 -0.000096 0.000094 0.013121 0.020075 0.002497 0.000990 0.001219 0.000818 0.012403 0.032861 0.029205 0.162367 0.102020 0.112830 0.251778 0.280215 0.454582 0.474020 0.559868
1.455172 2.060891 2.047785 2.133746 2.093685 2.331202 2.865100 3.987419 4.277581 3.428518 2.607078 3.022958 3.150853 3.159929 2.481466 2.108538 2.116450 1.909880 1.650639 1.791605 1.404508 1.216087 1.005658 0.862552 0.504877 0.091719 -0.001093 0.000234 0.009948 0.080277 -0.005860 -0.566985 -1.188627 -0.251531 -0.025600 -0.030398 -0.033318 -0.023646 -0.004782 -0.004731 -0.000103 0.000103 0.008253 0.021101 0.002147 0.001695 0.019562 0.023873 0.002192 0.023893 0.062266 0.332912 0.463072 0.561086 0.740341 1.373955 1.662749 1.815066 2.187519
1.342855 1.300692 2.237975 2.491628 2.206509 3.232649 3.333824 2.884513 3.167898 5.185980 4.817625 4.706718 4.922621 4.733244 4.303229 3.799607 3.371701 2.937456 2.493970 2.416218 2.207317 2.049631 1.639871 1.269736 0.654864 0.151866 0.000163 0.000244 -0.001249 0.013679 0.108180 0.161794 0.291870 0.298646 0.183980 -0.039063 -0.013369 -0.011120 -0.002959 -0.003439 -0.000003 0.008373 0.028519 0.052717 0.053876 0.000113 0.018183 0.020137 0.002088 0.002444 0.278684 0.428519 0.724647 0.852690 1.126566 1.948441 2.487547 2.760928 3.267944
0.708221 1.825933 1.706612 1.963552 1.766221 2.493055 1.661575 0.412421 0.309654 1.631942 1.323975 1.034751 0.784366 0.850675 1.160464 1.222695 1.438906 1.418555 1.410809 1.536825 1.928417 1.869734 1.687888 1.623379 1.627517 1.513618 0.734495 0.520969 0.440965 0.145465 0.111126 0.737375 0.691000 0.641912 0.471212 0.035551 -0.023180 -0.023078 -0.010915 -0.000141 0.006730 0.010330 0.002439 0.243094 0.219194 -0.001609 0.001421 0.402601 0.613345 0.830772 1.307696 1.447066 1.930487 2.103087 2.893036 3.235098 4.291292 4.392542 4.327623
2.098889 1.970748 2.004657 1.427008 1.527823 1.596369 0.338700 -0.000943 0.030408 0.198854 1.667144 0.517811 -0.639660 -1.208271 -0.864353 -0.501435 -0.125324 0.274763 0.648553 0.906034 1.584563 1.788206 1.931151 2.182731 2.233449 2.355227 1.936828 1.471770 1.577465 1.121316 1.194920 1.286759 2.105199 1.108840 1.111456 2.260483 3.207403 2.478637 0.930473 -0.000006 -0.362856 -1.166854 -0.632547 -1.075855 -0.981574 -0.390293 0.280582 1.513554 1.800293 1.978464 2.473294 2.521055 2.955618 3.023346 3.628103 3.959554 4.015298 3.896959 4.497462
1.199954 0.528722 0.075544 -0.422184 -0.007983 -0.000104 0.000108 0.010688 0.143978 -0.034933 -0.007694 -0.000000 0.007486 0.028385 0.431451 0.338326 0.564805 0.660173 0.778452 1.184256 1.271564 1.815423 2.189847 2.427606 2.523410 2.460158 2.749390 1.849953 1.785931 1.262037 0.749160 0.195495 0.123306 0.000149 0.632692 1.189059 1.709752 2.100144 2.351028 1.702323 1.830102 1.734678 1.446831 1.360448 1.539368 1.581192 1.462885 2.306963 2.737108 2.911880 2.825971 2.742408 2.527726 2.556367 2.338745 2.091815 1.883080 1.546707 1.476122
0.989390 0.453425 -0.177563 -0.024475 -0.013717 -0.000429 0.000375 0.011506 0.343099 0.039634 -0.003994 -0.000007 0.007842 0.019517 0.026338 0.008857 0.267984 0.543762 0.907777 1.460392 1.335853 1.839252 2.498252 2.577409 2.539679 2.362121 2.547853 2.116856 1.665090 1.127559 0.479643 -0.279930 -0.006707 0.000000 0.091409 -0.136991 -0.253072 0.109768 0.728551 1.006813 1.441086 1.571914 1.662682 1.389060 1.361398 1.732851 1.843693 2.738331 2.868760 2.796407 2.538432 2.338957 2.058939 1.986961 1.826628 1.536388 1.440812 1.263541 1.218830
1.041498 -0.000308 -0.119586 -0.031500 -0.009520 -0.001186 0.000715 0.017716 0.266871 -0.306010 -0.012953 -0.000352 0.000352 0.007107 0.027038 0.010001 0.143332 0.380027 1.009178 1.333486 1.464794 1.969706 2.382065 2.674014 2.225593 2.322717 2.930949 2.459767 1.971435 1.271507 1.011656 -0.262797 -0.006714 0.000000 -0.041764 -0.082131 -0.156617 0.150413 0.651076 1.096816 1.418964 1.713553 1.641215 1.430211 1.818797 2.142338 2.368203 2.558529 2.377946 2.437450 1.995984 1.546525 1.145340 0.822186 0.456436 0.144182 -0.308566 -0.879138 -1.664162
0.356341 -0.005068 -0.018508 -0.023669 -0.024335 -0.011833 0.000000 0.014359 0.085046 -0.064976 -0.019314 -0.007805 0.000007 0.009382 0.015964 0.033662 0.008108 0.190828 0.698899 0.961571 1.400920 1.714573 2.437182 2.496984 2.329734 2.994802 2.885160 3.013339 2.437898 2.252123 1.658204 1.045385 0.121009 0.621767 0.494249 0.535796 0.764397 0.943201 1.746060 2.604606 2.723219 2.726574 2.461583 2.819624 2.603848 3.017891 3.264729 3.092839 2.321034 1.999879 2.136815 2.235920 2.101846 1.781517 1.628291 1.293756 0.686353 0.137910 -0.537813
-0.001441 -0.005763 -0.002212 -0.012696 -0.015994 -0.008201 0.000000 0.029562 0.005820 -0.367147 -0.574478 -0.004729 -0.000143 0.000656 0.006185 0.009044 0.015975 0.485981 0.622333 0.715230 0.920565 1.438102 1.509829 1.907540 2.357481 3.912811 4.151359 4.059693 4.305242 3.572273 3.872244 2.830033 2.481617 2.131898 3.485131 3.131944 3.332530 2.998125 3.361745 3.567874 3.026708 3.066601 2.979743 3.437621 3.262774 3.339512 3.354364 2.667829 2.042010 2.404381 2.250084 2.454649 2.242185 1.869867 1.493970 1.180174 0.675667 0.146299 -0.282869
-0.000222 0.000222 -0.007988 -0.035619 -0.009574 -0.000399 0.000109 -0.052616 -0.094852 -0.184015 -0.448143 -0.040776 -0.012426 0.000026 0.011321 0.026440 0.448651 0.527064 0.399409 0.314416 0.237584 0.867900 1.182362 2.429713 2.562817 2.895127 4.551363 4.919485 4.913125 5.379011 4.575983 4.669313 4.614404 4.507933 4.268859 5.203335 5.062569 4.711999 4.013312 3.909060 3.788753 3.697189 4.362528 4.180772 4.006288 4.119869 3.531310 2.775491 2.141911 2.537182 2.332321 2.490680 2.043340 1.744225 1.339064 1.051795 0.596269 0.163371 -0.291482
0.016405 0.004508 0.002681 -0.159347 -0.147820 -0.001065 0.000683 0.400949 0.380715 0.288693 0.041528 -0.017217 -0.000835 0.011284 0.020921 0.437276 0.347266 0.306727 0.103244 0.255542 0.565363 1.506875 2.199093 3.752635 3.880720 4.493256 3.659517 4.605710 4.338724 4.404372 4.478909 4.621049 4.824053 5.779465 5.272684 5.044652 4.546462 4.402088 3.545549 3.998028 3.428507 3.221644 3.668432 3.886031 3.546587 3.194648 2.855534 2.840067 1.998168 2.068364 1.529349 1.397062 1.068297 0.792450 0.640598 0.451134 0.165871 -0.059322 -0.498323
1.055579 0.845622 0.578096 0.358518 0.299055 0.010513 0.007426 -0.063432 -0.205359 -0.114250 -0.076471 -0.074396 -0.000029 0.006382 0.399346 0.674073 0.675521 0.659790 0.880325 1.118317 1.334704 2.468846 3.212636 4.537301 4.396277 3.891578 1.968733 1.903134 3.451367 4.014366 4.649543 4.478672 4.722286 5.444780 5.223446 4.516593 3.389416 3.052519 2.905613 1.903643 1.660388 2.772455 2.506282 2.796298 2.509948 2.281438 2.050776 1.986414 1.444844 0.963456 0.743721 0.617404 0.141953 -0.082038 -0.202356 -0.361961 -0.636751 -0.890345 -1.266762
0.682396 0.584081 0.451727 0.323950 0.261496 0.007154 0.005945 0.000921 -0.000757 0.000000 0.000848 0.001520 0.076181 0.845745 1.688117 1.471455 1.476927 1.427064 2.984769 3.578666 3.197957 3.557348 4.564342 4.209932 3.960420 3.511215 1.763337 1.703942 3.141541 3.769932 3.330777 3.523823 3.890237 4.477991 4.153905 3.446353 2.545638 1.873610 1.041869 0.851537 1.173338 1.275343 1.730917 1.665993 1.585666 1.332252 1.264220 1.155579 0.975063 0.705865 0.352961 0.267280 0.471307 0.301623 0.314498 0.166992 -0.029470 -0.232035 -0.029545
0.644482 0.516914 0.385207 0.273968 0.220692 0.000527 -0.002297 -0.000492 -0.000641 0.000000 0.004204 0.011284 0.221429 1.128032 2.929136 2.498980 3.853753 4.762115 5.468963 6.674802 4.564145 4.006348 3.008455 1.926317 1.264649 1.473663 1.291972 0.869202 2.460425 1.927413 1.736256 2.020442 2.062637 3.020159 3.160782 2.593592 1.985378 1.479133 0.818412 0.867018 0.652465 1.026614 1.370274 1.290787 1.009749 1.034798 1.090081 0.921410 0.854314 0.811556 0.629983 0.351623 0.729963 0.547221 0.538112 0.446475 0.062378 0.031084 -0.039759
2.406875 2.204837 2.202458 1.744400 1.099110 0.910867 0.801937 0.273837 0.145834 0.000000 0.401692 2.094213 4.108673 2.259899 4.076919 5.623120 4.667829 5.347520 5.924945 2.791551 0.483410 0.509747 0.950369 -0.630003 -1.587504 -1.287647 -0.200916 0.307553 0.606726 0.135836 0.232841 0.804913 0.422671 -0.470291 -0.541474 0.079581 0.410872 0.622120 0.524630 0.749736 1.080483 1.385054 2.132180 2.046036 1.800455 1.933304 1.604359 1.303850 1.238216 1.101092 1.069099 0.778394 0.828603 0.603762 0.695755 0.640768 0.383117 0.253003 -0.013898
2.232227 3.159024 3.241066 3.247010 3.719682 3.164690 3.351972 4.286243 4.610778 4.376857 4.957143 5.360735 7.919990 5.556036 7.769822 3.457779 2.395117 3.151511 -0.129371 -0.041373 0.077153 0.713590 0.976158 0.420366 0.120095 0.024755 0.070897 -0.149419 -1.188512 -1.080139 -0.373753 0.331679 0.000002 0.006078 -0.222072 -0.184836 0.087661 0.320359 0.529208 1.293498 1.358552 1.509932 1.577904 1.442836 1.309119 1.156181 0.864172 0.454114 0.359340 0.234922 0.259332 0.243791 0.204523 0.223654 0.256456 0.160628 0.005348 -0.672397 -0.013708
1.136877 1.647571 2.015968 2.585050 3.048536 3.781618 4.322230 5.426791 5.885502 5.796308 6.142210 6.305219 4.468113 4.022398 1.907607 -0.001251 -0.007808 -0.016070 -0.008743 0.008516 0.334446 0.939479 0.735845 -0.015072 -0.000021 0.007178 0.008655 0.000328 -0.000051 -0.000857 -0.007756 -0.003351 0.000130 0.006912 0.038030 0.180439 0.646045 0.363532 0.719972 1.253444 1.149807 1.325052 1.462768 1.127205 1.103881 0.569723 0.005824 0.001169 0.000309 0.001147 0.002301 -0.290081 -0.480704 -0.690325 -0.937458 -1.117372 -1.441840 -0.006531 -0.000994
1.824924 1.540549 1.721245 2.034039 2.203812 2.463540 2.308291 2.407099 2.240397 2.458197 1.985076 0.164646 -0.001379 -0.003660 -0.025608 -0.023718 -0.016560 -0.005143 0.000168 0.073053 0.717788 1.450214 1.071483 -0.000552 -0.000600 -0.000898 -0.000444 -0.000001 0.000111 -0.009365 -0.003216 0.000002 0.006130 0.019391 0.108551 0.237607 0.306728 1.000050 0.721283 0.825986 0.445764 0.158797 -0.371008 -0.148414 -0.029992 -0.007410 -0.000368 0.000049 0.000526 0.016880 0.037097 0.017722 0.001140 -0.071851 -0.475177 -0.624224 -0.055635 -0.013879 -0.000023
