use_cases/Flooding_chicago/flooding_data/output/hUx_600.asc
ncols 337
nrows 393
xllcorner 428428.000000
yllcorner 4602440.000000
cellsize 26.757400
NODATA_value -9999.000000
[rows 182 to 207 of 393, columns 118 to 176 of 337]
0.096382 -0.100807 -0.031480 -0.008793 -0.000065 0.000556 0.005333 0.013280 0.241090 0.630321 0.767128 -0.091321 -0.018627 -0.006350 -0.018110 -0.052376 -0.142422 -0.178609 -0.260913 -0.188777 -0.076364 -0.027280 -0.018141 -0.000518 0.000222 0.006077 0.022186 0.026645 -0.102008 -0.163765 -0.036202 -0.016244 -0.004568 -0.005462 -0.000270 0.000473 0.014390 0.214851 -0.003247 -0.005885 -0.003040 -0.001995 -0.002107 -0.000157 0.002331 0.009387 0.101140 -0.961814 -1.040591 -0.026686 -0.023265 -0.015077 -0.004082 -0.002762 0.003511 0.004131 0.035271 0.044915 0.054037
0.112764 0.165643 -0.029207 -0.004905 -0.000065 0.000124 0.015122 0.208027 0.153135 0.086073 -0.004278 -0.017754 -0.014170 -0.002761 -0.000788 0.000483 -0.003405 -0.008487 -0.018117 -0.023258 -0.087820 -0.049037 -0.015119 -0.005672 0.000007 0.001162 0.001268 -0.053915 -0.077182 -0.007933 -0.032396 -0.021730 -0.001549 -0.000610 0.000419 0.005879 0.003970 0.005100 -0.000120 -0.007311 -0.018010 -0.006123 -0.007086 -0.000363 0.000397 0.007198 0.015978 0.078927 0.182538 -0.033468 -0.029500 -0.024483 -0.004589 -0.002231 0.004024 0.004034 0.013177 0.038303 0.055072
0.040977 0.014388 -0.130092 -0.021135 -0.000385 0.000413 0.030109 0.000311 0.005943 -0.046097 -0.205961 -0.030924 -0.027731 -0.007281 -0.005517 -0.000733 -0.000503 -0.000415 -0.001254 -0.004613 -0.012679 -0.042101 -0.029614 -0.006073 0.000000 0.000570 0.000577 -0.201705 -0.077332 -0.005157 -0.021849 -0.026957 -0.016749 -0.000364 0.000075 0.001176 -0.115323 -0.009792 -0.002491 -0.002975 -0.012527 -0.037882 -0.010145 -0.000700 0.000820 0.007926 0.020085 0.021276 0.043817 -0.105337 -0.025861 -0.003946 -0.000222 0.000222 0.003234 0.002607 0.017799 0.025206 0.046587
-0.008048 -0.021640 -0.121641 -0.025621 -0.001603 0.001680 0.130177 0.040087 -0.081389 -0.190238 -0.296113 -0.433494 -0.079016 -0.054317 -0.016273 -0.004160 -0.015156 -0.005981 0.000003 -0.001416 -0.007013 -0.028155 -0.031341 -0.016537 0.000000 -0.003385 -0.021835 -0.053673 -0.011681 -0.040912 -0.043615 -0.034081 -0.009429 -0.000687 -0.002582 -0.013967 -0.061334 -0.017821 -0.012043 0.000000 -0.020592 -0.055332 -0.016926 -0.000489 0.000684 0.010463 0.019075 0.020059 0.057251 -0.057432 -0.005965 -0.000471 -0.000442 -0.000753 0.000194 0.001423 0.003027 0.001358 0.009565
0.039475 0.020375 -0.123176 -0.015352 -0.001600 0.001609 0.139849 0.063591 -0.031955 -0.091518 -0.161403 -0.394584 -0.030238 -0.018509 -0.005334 -0.021903 -0.005883 -0.000326 0.000208 0.010564 0.056967 -0.064426 -0.024309 -0.001587 0.000121 -0.002389 -0.011649 -0.015478 0.000998 -0.010514 -0.042221 -0.023577 -0.010732 -0.000023 -0.046343 -0.015532 -0.007434 -0.003209 -0.003507 -0.006292 -0.035330 -0.007165 -0.000685 0.000313 0.011481 0.023246 0.038673 0.007728 0.005224 -0.007622 -0.004511 -0.000317 -0.000391 -0.000196 -0.000043 0.000213 0.001145 0.000039 0.006832
-0.364839 -0.651607 -1.116147 -0.059089 -0.000425 0.000430 -0.055233 0.005654 0.036708 -0.001593 -0.079880 -0.039542 -0.064487 -0.033068 -0.004774 -0.005882 -0.000811 -0.000066 0.000201 0.118399 0.397790 0.106433 -0.002759 -0.000976 0.000003 -0.117336 -0.288481 -0.352599 -0.247557 -0.018828 -0.226320 -0.010606 -0.001572 -0.004945 -0.032236 -0.015689 -0.004133 -0.021192 -0.045435 -0.033800 -0.026208 -0.007943 -0.000432 0.000299 0.008228 0.059226 0.180098 0.069226 0.062402 -0.127366 -0.058235 -0.001034 -0.001564 -0.000459 -0.000550 -0.000785 -0.000433 0.000000 0.015373
-0.002006 0.417588 0.277590 -0.058988 -0.000106 0.000110 -0.014586 -0.010635 -0.022115 -0.009980 -0.035737 -0.011510 -0.007252 -0.013837 -0.003933 -0.003050 0.001454 0.001302 -0.106925 -0.308379 -0.444361 -0.620062 -0.111527 -0.114093 -0.170598 -0.260651 -0.129306 -0.001484 -0.005226 -0.009336 -0.004785 -0.000858 -0.007406 -0.047617 -0.052598 -0.057347 -0.150437 -0.088994 -0.038712 -0.042438 -0.034482 -0.013096 -0.000142 0.000132 0.000887 0.003126 0.002629 0.001519 0.049371 0.089697 0.132669 -0.001093 -0.000743 -0.000573 -0.001107 -0.003508 -0.006383 -0.000213 0.001479
-0.000009 0.007289 -0.038017 -0.012748 -0.000106 0.000121 0.012831 0.077000 -0.028151 -0.064862 -0.099685 -0.042841 -0.013888 -0.001785 -0.001983 -0.000318 0.000820 0.001336 -0.011298 -0.054147 -0.144861 -0.098229 -0.176528 -0.198391 -0.654241 -0.133384 -0.069626 -0.043803 -0.003934 -0.006289 -0.000436 0.013814 -0.157988 -0.243286 -0.146772 -0.042863 -0.006419 -0.015544 -0.022381 -0.031451 -0.008061 -0.000361 0.000109 0.007254 -0.403187 -0.034774 -0.001185 -0.000339 0.000231 0.027377 0.259451 -0.013520 -0.167233 -0.295355 -0.634665 -0.131384 -0.053535 -0.000276 0.000846
-0.000444 0.000247 -0.041045 -0.008781 -0.000208 0.000326 0.026985 0.048245 -0.119515 -0.267222 -0.158504 -0.060624 -0.009613 -0.000638 0.000106 -0.000341 0.001709 0.007344 0.028772 -0.022949 -0.007759 0.000000 -0.099012 -0.111965 -0.093964 -0.016083 0.005997 -0.019701 0.049170 0.002614 -0.114149 -0.285172 -0.320537 -0.193855 -0.148880 -0.055962 -0.001608 -0.001170 -0.001391 -0.003717 -0.004321 -0.001102 -0.004106 -0.102995 -0.117179 -0.054834 -0.013264 -0.006923 0.000000 0.005878 0.005642 0.016989 0.084217 0.021620 -0.465144 -0.096934 -0.032802 -0.000013 0.000474
-0.000972 -0.001534 -0.007343 -0.005989 -0.000003 0.003485 0.006087 0.004546 0.002043 -0.326176 -0.174881 -0.085956 -0.124337 -0.104962 0.000004 -0.017698 -0.001922 0.001053 0.047827 0.032656 -0.030136 -0.077971 -0.126745 -0.151632 -0.262598 -0.170420 -0.144360 -0.099645 -0.336157 -0.386149 -0.938166 -0.567858 -0.519647 -0.084463 -0.074988 -0.032986 -0.000317 -0.117315 -0.221272 -0.801377 -0.698103 -0.047020 -0.010398 -0.038305 0.008063 -0.000850 -0.017132 -0.006069 0.000000 0.005878 -0.073425 -0.074348 -0.001130 -0.001549 -0.001671 -0.000928 -0.002290 0.000669 0.004127
-0.055180 -0.033811 -0.025171 -0.014154 -0.002968 -0.012290 -0.006758 -0.002524 -0.000272 0.001124 -0.126961 -0.092204 -0.132664 -0.158174 -0.183931 -0.205255 -0.017284 0.000000 -0.070247 -0.110619 -0.258085 -0.043593 -0.000061 0.000061 0.006651 -0.193967 -0.170803 -0.193502 -0.202541 -0.167274 -0.231644 -0.065058 -0.182029 -0.269965 -0.032226 -0.017688 -0.001787 -0.055755 -0.214891 -0.254603 -0.431076 -0.176014 -0.079099 -0.000110 0.049333 0.031251 -0.047031 -0.008107 -0.000127 0.000291 0.001541 -0.000401 -0.000362 -0.000403 -0.000698 0.000000 0.013504 0.038167 0.014611
-0.319086 -0.215906 -0.183553 -0.110041 -0.053382 -0.027967 -0.002416 -0.005867 -0.009967 -0.000054 -0.006986 -0.025010 -0.023755 -0.001002 -0.002283 -0.017863 -0.007451 0.000000 -0.000830 -0.005034 -0.036634 -0.007703 -0.000140 0.000140 0.006115 0.276134 0.073954 0.000619 -0.049383 -0.054176 -0.045587 -0.000162 0.000116 -0.250368 -0.130503 -0.062274 -0.000607 0.191240 0.561967 0.432864 0.403342 -0.030418 -0.012827 0.000032 0.140198 0.191708 0.166936 -0.041512 -0.000403 -0.000222 0.000838 -9999.000000 -9999.000000 -9999.000000 -9999.000000 0.000000 0.008552 0.055018 0.231254
-0.072134 -0.245321 -0.202007 -0.129243 -0.079357 -0.025200 -0.001382 -0.001346 -0.003710 -0.000729 0.000925 0.000040 -0.000454 -0.001471 -0.002862 -0.012262 -0.005878 0.000000 0.000019 -0.000608 -0.009917 -0.003946 -0.000222 0.000222 0.008573 0.020570 0.107299 -0.018465 -0.153426 -0.146343 -0.115425 -0.000441 -0.000017 -0.018517 -0.075669 -0.015063 -0.005815 -0.003487 -0.003441 -0.027930 -0.020065 -0.006501 -0.000378 0.000776 -0.004742 -0.011586 0.197049 0.045681 -9999.000000 -9999.000000 -9999.000000 -9999.000000 -9999.000000 -9999.000000 -9999.000000 -9999.000000 -9999.000000 0.002519 -0.002600
0.290134 -0.070056 -0.021406 -0.013952 -0.071319 -0.026311 -0.005626 0.000000 -0.005687 -0.007366 -0.001309 -0.001260 -0.000391 -0.000726 -0.002071 -0.012611 -0.005878 0.000000 0.008654 0.184846 0.156783 -0.006150 -0.035855 -0.005527 0.000000 0.004212 0.007709 0.089308 -0.025083 -0.084346 -0.185893 -0.055026 -0.003270 -0.009435 -0.032809 -0.037699 -0.023031 -0.006492 -0.025127 -0.026180 -0.008649 -0.000815 -0.000070 0.000789 0.001742 0.001813 0.000746 -9999.000000 -9999.000000 -9999.000000 -9999.000000 -9999.000000 -9999.000000 -9999.000000 -9999.000000 -9999.000000 -9999.000000 -9999.000000 -0.010886
-0.015173 -0.016780 -0.006280 0.000000 -0.023016 -0.037834 -0.038845 -0.003964 -0.015057 -0.015661 -0.002647 -0.002735 0.000000 0.012353 0.163664 0.185917 -0.090966 0.000000 0.013345 0.030345 0.033261 -0.128420 -0.006196 -0.000616 0.008403 0.008738 0.070402 -0.171619 -0.218091 -0.180061 -0.020392 -0.029646 -0.015698 -0.014547 -0.052186 -0.030353 -0.033051 -0.034981 -0.025036 -0.022893 -0.013268 -0.000911 0.000012 0.000274 0.001155 -9999.000000 -9999.000000 -9999.000000 -9999.000000 -9999.000000 -9999.000000 -9999.000000 -9999.000000 -9999.000000 -9999.000000 -9999.000000 -9999.000000 -9999.000000 -9999.000000
0.005878 0.018484 -0.000495 0.000071 -0.117274 -0.063506 -0.034870 -0.087378 -0.028192 -0.001530 -0.001304 0.000393 0.000284 0.001198 0.078415 -0.015413 -0.088334 -0.000100 0.000138 -0.166694 -0.178940 -0.000360 0.000360 0.000605 0.000000 0.015669 0.279792 0.228111 -0.015510 -0.081144 -0.042933 -0.324242 -0.490617 -0.186336 -0.051841 -0.111476 -0.029895 -0.032844 -0.037976 -0.018339 -0.001885 -0.003637 -0.000330 0.000396 -9999.000000 -9999.000000 -9999.000000 -9999.000000 -9999.000000 -9999.000000 -9999.000000 -9999.000000 -9999.000000 -9999.000000 -9999.000000 -9999.000000 -9999.000000 -9999.000000 -9999.000000
0.005878 0.053411 0.006550 -0.015648 -0.094872 -0.063316 -0.041599 -0.007982 -0.000759 -0.000399 0.000418 -0.002068 -0.008278 -0.021269 -0.022299 -0.026687 -0.077426 -0.012521 0.000000 -0.000408 -0.004177 -0.000360 0.000360 0.000463 0.000000 0.007998 0.077199 -0.071400 -0.139508 -0.183561 -0.218278 -0.088127 -1.241961 -0.197850 -0.058704 -0.088849 -0.165614 -0.087895 -0.055601 -0.049007 -0.040995 -0.017422 -0.000401 0.000555 -9999.000000 -9999.000000 -9999.000000 -9999.000000 -9999.000000 -9999.000000 -9999.000000 -9999.000000 -9999.000000 -9999.000000 -9999.000000 -9999.000000 -9999.000000 -9999.000000 -9999.000000
0.008485 0.058338 0.226756 0.032007 -0.262641 -0.027848 -0.020032 -0.007428 -0.000019 0.000473 0.000517 -0.011749 -0.009527 -0.011403 -0.008617 -0.009417 -0.041678 -0.007297 0.000000 0.006067 0.022378 0.002769 -0.000583 -0.001091 -0.004749 -0.029689 -0.062428 -0.110586 -0.160875 -0.181239 -0.189130 -0.043861 -0.079898 -0.030468 -0.075626 -0.105524 -0.194361 -0.080607 -0.048901 -0.040603 -0.031250 -0.013725 -0.000013 -9999.000000 -9999.000000 -9999.000000 -9999.000000 -9999.000000 -9999.000000 -9999.000000 -9999.000000 -9999.000000 -9999.000000 -9999.000000 -9999.000000 -9999.000000 -9999.000000 -9999.000000 -9999.000000
-0.184943 -0.224119 -0.221276 -0.284099 -0.290042 -0.165835 -0.012588 -0.000383 0.000178 -0.053970 -0.151464 -0.102654 -0.003519 -0.001627 0.000832 -0.001438 -0.048252 -0.007459 0.000000 0.006897 0.019131 0.022579 0.467050 0.249475 -0.005617 -0.235012 -0.190115 -0.305152 -0.185784 -0.277154 -0.338942 -0.406539 -0.233560 -0.014709 -0.000948 -0.003017 -0.015354 -0.023427 -0.025808 -0.020938 -0.010738 -0.000925 0.000105 -9999.000000 -9999.000000 -9999.000000 -9999.000000 -9999.000000 -9999.000000 -9999.000000 -9999.000000 -9999.000000 -9999.000000 -9999.000000 -9999.000000 -9999.000000 -9999.000000 -9999.000000 -9999.000000
-0.290561 -0.308631 -0.327221 -0.325431 -0.434098 -0.294605 -0.036159 -0.005780 -0.030094 -0.045306 -0.045442 -0.000858 -0.000147 0.016201 0.061840 0.008166 0.000531 0.000795 -0.000130 0.000364 0.022549 0.029999 -0.088039 -0.173556 -0.080143 0.008393 0.085142 0.014847 -0.128226 -0.240907 -0.329857 -0.411392 -0.229828 -0.262977 -0.002072 -0.016580 -0.010695 -0.003195 -0.004047 -0.001723 -0.001644 -0.000149 0.000103 -9999.000000 -9999.000000 -9999.000000 -9999.000000 -9999.000000 -9999.000000 -9999.000000 -9999.000000 -9999.000000 -9999.000000 -9999.000000 -9999.000000 -9999.000000 -9999.000000 -9999.000000 -9999.000000
0.260440 0.089599 -0.174463 -0.348988 -0.635821 -0.472244 -0.705292 -0.049428 -0.022629 -0.029056 -0.020876 -0.000022 0.020537 0.083346 0.325218 0.209877 0.181196 0.143971 -0.003316 -0.000321 0.000014 0.000473 0.000428 -0.082115 -0.123771 -0.056058 -0.153579 -0.114065 -0.302809 -0.129488 -0.007207 -0.000025 -0.303155 -0.374785 -1.186041 -0.623517 -0.023100 -0.001239 -0.001650 -0.004259 -0.000789 -0.000216 0.000002 -9999.000000 -9999.000000 -9999.000000 -9999.000000 -9999.000000 -9999.000000 -9999.000000 -9999.000000 -9999.000000 -9999.000000 -9999.000000 -9999.000000 -9999.000000 -9999.000000 -9999.000000 -9999.000000
-0.001389 -0.001110 -0.000278 -0.000816 -0.000392 -0.000000 -0.657226 -0.823204 -0.116892 -0.015238 -0.017000 -0.001174 0.001960 0.057727 0.056491 -0.084307 0.061031 0.189157 -0.201992 -0.040863 -0.009722 -0.000646 0.000094 0.000195 0.000390 0.001074 -0.076576 -0.047973 0.026832 -0.024583 -0.000619 -0.000758 0.000044 -0.150209 -0.170350 -0.190018 -0.311855 -0.136430 -0.070745 -0.025236 -0.000063 0.000626 0.000379 0.000000 -9999.000000 -9999.000000 -9999.000000 -9999.000000 -9999.000000 -9999.000000 -9999.000000 -9999.000000 -9999.000000 -9999.000000 -9999.000000 -9999.000000 -9999.000000 -9999.000000 -9999.000000
-0.001366 -0.003262 -0.003098 -0.013674 -0.004738 -0.000000 0.015250 -0.330575 -0.736847 -0.286098 -0.032212 -0.001012 0.000973 0.016018 0.003691 0.028357 -0.257009 -0.330022 -0.556437 -0.970839 -0.016575 -0.001822 -0.002159 0.000054 0.000174 0.001218 0.016496 0.471259 0.232782 0.112018 -0.026074 -0.032988 -0.003773 -0.003202 -0.000180 -0.163718 -0.295773 -0.099448 -0.007778 -0.003959 -0.000002 0.001412 0.000759 0.000000 -9999.000000 -9999.000000 -9999.000000 -9999.000000 -9999.000000 -9999.000000 -9999.000000 -9999.000000 -9999.000000 -9999.000000 -9999.000000 -9999.000000 -9999.000000 -9999.000000 -9999.000000
-0.248099 -0.020221 -0.017972 -0.016056 -0.009734 -0.000016 0.007297 0.023663 -0.050033 -0.107918 -0.116283 -0.000982 -0.000886 -0.000881 -0.000233 0.000969 -0.046525 -0.118131 -0.150761 -0.466247 -0.113833 -0.045992 -0.017390 -0.000997 0.000106 0.006381 0.003934 -0.028069 -0.177542 -0.059178 -0.027813 -0.039255 -0.010385 -0.014266 -0.016441 -0.028295 -0.061500 -0.103793 -0.101963 -0.052266 -0.037560 -0.002807 -0.000063 0.000805 0.000000 -9999.000000 -9999.000000 -9999.000000 -9999.000000 -9999.000000 -9999.000000 -9999.000000 -9999.000000 -9999.000000 -9999.000000 -9999.000000 -9999.000000 -9999.000000 -9999.000000
-0.248551 -0.344188 -0.213875 -0.009256 -0.000797 -0.000378 0.000830 0.009548 0.020853 0.038785 -0.078876 -0.032826 -0.069947 -0.011147 0.000000 0.004137 0.003546 0.094378 0.121102 -0.147390 -0.178178 -0.044903 -0.030562 -0.013836 0.000000 0.008422 0.023730 0.341075 -0.269100 -0.477739 -0.041768 -0.008059 -0.016562 -0.021198 -0.027689 -0.035507 -0.049192 -0.071700 -0.113059 -0.124089 -0.091224 -0.101823 -0.083362 -0.021360 0.000000 -9999.000000 -9999.000000 -9999.000000 -9999.000000 -9999.000000 -9999.000000 -9999.000000 -9999.000000 -9999.000000 -9999.000000 -9999.000000 -9999.000000 -9999.000000 -9999.000000
-0.149853 -0.313881 -0.269272 -0.019514 -0.008919 -0.000593 0.000092 0.000369 0.000095 0.007015 0.036417 -0.026254 -0.073991 -0.012253 0.000000 -0.005484 -0.010113 -0.010570 -0.010042 -0.015493 -0.066790 -0.041799 -0.023815 -0.017982 0.000000 0.012569 0.026178 0.426768 0.395426 0.102333 -0.004513 -0.010447 -0.014348 -0.013609 0.000000 -0.007453 -0.009374 -0.000244 -0.000027 0.000242 0.101186 0.069637 0.072496 -0.001551 0.000164 -9999.000000 -9999.000000 -9999.000000 -9999.000000 -9999.000000 -9999.000000 -9999.000000 -9999.000000 -9999.000000 -9999.000000 -9999.000000 -9999.000000 -9999.000000 -9999.000000
