use_cases/Flooding_chicago/flooding_data/output/hUx_3300.asc
ncols 337
nrows 393
xllcorner 428428.000000
yllcorner 4602440.000000
cellsize 26.757400
NODATA_value -9999.000000
[rows 104 to 129 of 393, columns 118 to 176 of 337]
-9999.000000 -9999.000000 -9999.000000 -9999.000000 -9999.000000 -9999.000000 -9999.000000 -9999.000000 -9999.000000 -9999.000000 -9999.000000 -9999.000000 -0.000051 0.000000 0.002009 0.004322 0.005400 0.000915 0.020348 0.104413 0.034471 0.015114 0.005091 0.002887 0.001392 0.006098 0.018317 0.191267 -0.018804 -0.046166 -0.059379 -0.321889 -0.550735 -0.851069 -0.007949 -0.000039 0.000027 0.004184 0.008605 0.001384 0.000288 0.001102 0.001397 0.001398 0.044731 0.804248 0.332783 0.163233 0.136327 -0.029173 0.127464 0.085889 0.000363 0.000286 0.073404 0.138812 0.194330 0.213366 0.083331
-9999.000000 -9999.000000 -9999.000000 -9999.000000 -9999.000000 -9999.000000 -9999.000000 -9999.000000 -9999.000000 -9999.000000 -9999.000000 -9999.000000 -9999.000000 -0.000018 0.000000 0.000654 0.001211 0.002903 0.024345 0.003316 0.002481 0.000926 0.000061 0.003063 0.002902 0.001143 0.003714 0.181555 0.026045 0.045933 0.111651 0.076964 -0.016293 -0.171384 -0.002434 -0.002348 0.000000 0.000615 0.007372 0.018014 0.001901 0.006415 0.008141 0.089307 0.111421 -0.176961 -0.569227 -0.918535 -0.976608 -0.956581 -0.715189 -0.031029 -0.000075 0.000164 -0.069464 -0.071806 -0.002926 -0.004273 0.000461
-9999.000000 -9999.000000 -9999.000000 -9999.000000 -9999.000000 -9999.000000 -9999.000000 -9999.000000 -9999.000000 -9999.000000 -9999.000000 -9999.000000 -0.000214 -0.000003 0.000008 0.001739 0.004239 0.018319 0.004688 0.001847 0.000934 0.000474 0.001438 0.000558 0.000949 0.000694 0.005498 0.012843 0.011916 0.078776 0.057616 0.040994 0.003768 -0.083657 -0.006040 -0.001690 0.000000 0.005177 0.010577 0.014683 0.028294 0.062486 0.020619 0.053631 0.052012 0.036236 0.027487 0.006398 0.111050 0.136875 0.046535 -0.027165 -0.000163 0.000669 -0.107877 -0.108743 -0.016492 -0.052819 -0.001345
-9999.000000 -9999.000000 -9999.000000 -9999.000000 -9999.000000 -9999.000000 -9999.000000 -9999.000000 -9999.000000 -9999.000000 -9999.000000 -0.000095 -0.000006 0.000243 0.000120 0.000423 0.000895 0.003448 0.002398 0.001325 0.001344 0.000862 0.008038 0.016251 0.024059 0.000023 0.004474 0.005357 0.108081 0.026559 0.000004 0.013681 0.009961 0.002423 -0.010756 -0.001949 -0.000008 0.000218 0.002866 0.019946 0.043461 0.095534 0.051058 0.016664 0.018633 0.018714 0.019256 0.041448 0.026828 0.019490 0.019303 -0.000140 -0.000023 0.001699 -0.275376 -0.321621 -0.369337 -0.160298 -0.001666
-9999.000000 -9999.000000 -9999.000000 -9999.000000 -9999.000000 -9999.000000 -9999.000000 -9999.000000 -9999.000000 -9999.000000 0.000000 -0.002430 -0.000627 0.000127 0.000325 0.002164 0.005872 0.004683 0.008501 -0.000122 0.000187 0.000303 0.004201 0.007400 0.063525 -0.000013 0.000221 0.002193 0.002225 0.000368 0.000177 0.028046 0.093524 0.000217 0.002811 0.002712 -0.000013 0.000015 0.000318 0.001873 0.000892 0.003416 0.076901 0.000000 0.001966 0.003706 0.016196 0.095683 0.125694 0.039136 -0.000067 0.000007 0.000068 0.015530 0.848212 0.017088 -0.636762 -0.246832 -0.369694
-9999.000000 -9999.000000 -9999.000000 -9999.000000 -9999.000000 -9999.000000 -9999.000000 -0.000255 -0.000334 -0.000039 0.000027 -0.000634 -0.000161 0.000062 0.001829 0.002683 0.002834 0.001831 0.025153 0.050904 0.000004 0.000224 0.000331 -0.000061 0.009499 0.001663 0.007469 0.011592 0.000369 0.000011 0.001755 0.140419 0.079463 -0.003492 -0.003124 0.006486 0.003465 0.000992 0.000077 0.000072 0.000226 0.005210 0.028214 0.003995 0.001437 0.003064 0.047989 0.153866 0.072950 0.015737 -0.000105 0.000049 0.000049 0.008638 0.053036 -1.040347 -0.931934 -0.235113 -0.125576
-9999.000000 -9999.000000 -9999.000000 -9999.000000 -9999.000000 -9999.000000 -0.000419 -0.000270 -0.000129 0.000044 0.001678 -0.000088 -0.001847 0.000001 0.001665 0.001989 0.003955 0.001357 0.005515 0.004391 0.001024 0.000196 0.000099 0.034494 0.019821 0.003813 0.007438 -0.557864 -0.547386 -0.411660 0.016457 0.109138 0.102933 0.085247 -0.001898 0.001720 0.002741 0.008020 0.001671 -0.002547 -0.000048 0.000018 0.030328 0.056064 0.051553 0.151011 0.165266 0.145620 -0.000235 -0.000693 -0.000406 0.000107 0.000112 0.002132 0.005433 0.001894 0.000081 0.000000 -0.072621
-9999.000000 -9999.000000 -0.004132 -0.006312 -0.003107 -0.003590 -0.001251 -0.001555 -0.000005 0.001126 0.006193 0.024052 -0.002417 -0.000293 -0.000044 0.000342 0.008477 0.006668 0.000732 0.003009 0.000796 -0.000100 0.000147 0.000207 0.049907 0.034429 0.053074 -0.226917 -0.208432 -0.191894 0.000000 0.001742 0.128058 0.072237 0.035655 0.000113 0.007963 0.054187 0.005202 -0.030360 -0.006432 -0.000012 0.000004 0.001609 0.004341 0.006991 0.005833 0.000269 0.000373 -0.003283 -0.014813 -0.001601 -0.000080 0.000004 0.001313 0.003486 0.002426 0.198797 -0.000001
-0.001432 -0.007436 -0.005734 -0.004144 -0.020142 -0.002528 -0.000263 -0.000041 0.002920 0.007887 0.008964 0.005658 -0.009016 -0.004533 -0.000002 0.010646 0.030706 0.023461 0.002519 0.000300 -0.009541 -0.009034 -0.004798 0.000000 0.000563 0.051446 0.293253 0.414722 0.597441 0.455101 0.000000 0.001174 0.101660 0.149798 0.041210 0.000003 0.009037 0.106629 -0.077257 -0.966973 -0.005616 -0.000794 0.000000 0.000676 0.001153 0.002322 0.000000 0.000991 0.002378 0.012313 -0.011175 -0.002935 -0.001459 -0.000024 0.000024 0.000595 -0.089580 -0.097610 -0.034726
-0.083287 -0.002564 -0.011068 -0.011961 -0.001760 -0.000063 0.000012 0.002611 0.004076 0.000188 0.007643 0.063925 -0.016034 -0.003596 -0.000000 0.005268 0.008507 0.019122 0.002214 -0.001010 -0.048424 -0.009053 -0.003326 0.000000 0.001781 0.080385 0.012815 0.289473 0.671521 0.362210 0.000000 0.001174 0.059477 0.070899 0.016256 -0.000048 0.000710 0.004403 0.365369 0.147746 -0.006486 -0.002123 0.000000 0.002426 0.009716 0.000480 -0.000005 0.000068 0.002940 0.014996 0.000100 -0.000119 -0.000078 -0.000005 0.000005 0.001843 -0.144346 -0.168132 -0.192149
0.000925 -0.008109 -0.065650 -0.004630 -0.002581 -0.000016 0.000015 0.002909 0.008601 0.000253 0.000418 0.045814 0.077128 -0.000128 0.000046 0.005488 0.018738 -0.008739 -0.016649 -0.111150 -0.135107 -0.140026 -0.004137 0.000000 -0.003103 -0.010474 -0.013641 0.012384 0.026043 0.022766 0.000000 0.001742 0.027166 0.099804 -0.003675 -0.005003 0.000027 0.000246 0.010505 0.371152 0.347189 -0.000043 -0.000029 0.000022 0.001314 0.011196 -0.000000 0.003292 0.005923 0.150376 0.212807 0.219322 0.148036 -0.000008 0.000006 -0.829842 -0.743670 -0.516938 -0.306203
0.000434 0.009930 0.005271 -0.042790 -0.005920 -0.001227 0.000000 0.003211 0.016792 0.021430 0.000005 0.013016 0.045608 0.008063 -0.004672 -0.031832 -0.073119 -0.059250 -0.246036 -0.193190 -0.208155 -0.166908 -0.012407 0.000000 -0.014461 -0.029171 -0.006941 0.002248 0.009174 0.019862 0.005618 0.008094 0.481120 0.325586 0.286148 0.193396 -0.000071 0.000127 0.000099 0.000735 0.256464 0.153601 -0.003541 0.000000 0.001347 0.070874 -0.000010 0.000039 0.003340 0.647170 0.770603 1.720805 1.248632 1.050418 0.886204 0.591199 0.401441 0.318022 0.416998
0.000015 0.019249 0.029378 0.022264 -0.099240 -0.003128 -0.000040 0.000076 0.017857 0.022192 0.010612 0.002873 0.040695 0.008415 -0.041280 -0.041101 -0.073960 -0.060909 -0.175563 -0.129360 -0.095536 -0.003075 -0.006040 -0.004113 -0.004879 0.000045 0.009942 0.008672 0.007149 0.014011 0.006148 0.002521 0.023767 -0.023510 0.080598 0.072406 0.001660 0.000363 0.002344 0.012985 0.042360 0.106478 -0.000065 0.000000 -0.480904 -0.861732 -0.063946 0.081767 0.026612 0.703762 0.915455 1.270953 1.130942 1.371782 1.011014 1.066206 1.077422 0.948424 0.875813
0.033814 0.026254 0.034255 0.028064 0.130825 0.168299 0.103968 0.064664 0.075916 0.065815 0.033985 0.015746 0.013905 0.024809 0.003757 -0.052478 -0.167464 -0.074900 -0.023839 -0.020934 -0.000436 -0.000955 0.000000 0.018509 0.071595 0.071873 0.011255 0.004203 0.001957 -0.006598 -0.021300 0.000165 0.001951 0.059276 0.260929 0.170267 0.000738 0.006926 0.010749 -0.201600 -0.254656 0.031480 0.021264 -0.151771 -0.168060 0.158258 0.294828 0.555108 0.898119 1.494896 1.172675 0.314458 0.286601 1.461322 1.328137 1.251633 1.205839 1.209306 0.960867
0.067122 0.029140 0.030149 0.023392 0.167431 0.184792 0.154059 0.111087 0.000000 0.044765 0.145668 0.054874 0.061927 0.077215 0.063118 -0.078934 -0.391577 -0.180851 -0.067421 -0.004550 -0.013220 -0.002481 0.000000 0.005867 0.017803 0.066083 0.010812 -0.013147 -0.059870 -0.462581 -0.176892 -0.002090 0.000841 0.293575 0.429185 0.491643 0.391182 0.538272 0.638340 -0.215145 -0.384771 -0.254063 -0.488686 -0.549330 -0.328265 -0.369537 0.013623 0.267710 0.758443 0.636232 -0.004084 0.000000 0.004775 0.341637 1.000156 1.038841 1.351078 1.751405 1.842308
0.047604 0.017281 0.226137 0.018562 0.008111 0.001681 0.051163 0.042471 0.000000 0.015140 0.131453 0.058537 0.074810 0.077061 -0.142885 -0.184577 -0.162731 -0.027095 -0.013408 -0.055781 -0.004453 -0.000099 -0.000026 0.000212 0.038986 -0.158112 -0.221282 -0.487688 -0.638642 -0.565073 -0.185869 -0.004717 -0.002178 0.001504 0.001256 0.388669 0.284037 0.592404 1.612463 1.833771 1.171823 1.011988 1.264044 1.225834 1.263520 1.468324 1.089504 0.841825 0.814618 0.353752 0.000810 0.000034 0.008940 0.129136 0.301278 0.470132 0.975742 1.169016 1.224002
0.000709 0.000107 0.005260 0.008463 0.004315 -0.001765 0.008579 0.067505 0.036579 0.012854 0.003219 -0.088762 -0.222044 -0.676703 -0.578483 -0.438193 -0.401912 -0.080957 0.017192 -0.006003 -0.000017 0.000068 -0.000000 0.030944 -0.134809 -0.124136 -0.080857 -0.207422 -0.002712 -0.002293 -0.028512 -0.007927 -0.007321 -0.000029 0.000350 0.007455 0.321073 0.151943 0.154111 0.515420 0.183009 0.212483 0.353152 0.431553 0.455975 0.670910 0.638793 0.572553 0.798131 0.644934 0.421342 0.293314 0.114169 0.100400 0.370955 0.514073 1.048232 1.304965 1.430950
-0.055733 -0.072677 0.000039 0.002043 0.019864 0.056042 0.010457 0.120856 -0.510606 -0.639948 -0.611273 -0.515695 -0.441862 -0.473028 -0.349505 -0.276410 -0.248092 -0.105929 -0.084621 -0.052743 -0.116833 -0.215079 -0.052351 -0.362024 -0.398481 -0.241070 -0.088589 -0.037710 -0.000878 -0.000612 -0.003151 -0.012330 -0.000895 0.000821 0.001839 0.021434 0.024698 0.097741 0.151849 0.240530 -0.134172 0.057433 0.257319 0.433203 0.363900 0.310620 0.325495 0.337013 0.410651 0.289697 0.330975 0.876018 0.633022 0.438558 0.456923 0.443648 0.548252 0.554581 0.434807
-0.019086 -0.000550 -0.000252 0.000656 0.008502 0.078267 0.015647 -0.116137 -0.083795 0.027394 -0.045064 -0.076533 -0.093810 -0.069131 -0.015956 0.013146 -0.019573 -0.062065 -0.034644 -0.053741 -0.098149 -0.048250 -0.088709 -0.432945 -0.539729 -0.497705 -0.482914 -0.691665 -0.009065 -0.000347 -0.001246 -0.002278 0.000472 0.004716 0.004287 0.021999 0.044142 0.079456 0.131826 1.309817 0.769711 0.775832 0.976989 1.187962 1.091902 0.797868 0.847197 0.715475 0.745566 0.331179 0.352207 0.861888 0.585437 0.334755 0.396856 0.303999 0.266520 0.122977 0.162363
-0.003948 0.000197 -0.000011 0.013093 0.048371 0.086829 0.011544 0.033300 0.072607 0.088218 0.121121 0.110848 0.082209 0.118593 0.158978 0.180841 0.166104 0.046854 -0.009304 -0.058816 -0.110837 -0.056392 -0.096908 -0.686512 -0.713498 -0.684399 -1.129826 -1.049542 -0.010112 -0.000080 0.000060 0.005916 0.003091 0.004573 0.006059 0.001301 0.020016 0.070374 0.100949 1.829578 1.512550 1.652738 1.056081 1.397223 1.587910 1.511241 1.330072 1.164528 1.168115 0.810888 0.437443 1.058684 0.952892 0.794976 0.876023 0.713129 0.676700 0.580851 0.624456
0.102849 -0.001181 0.001047 0.002323 0.025407 0.250506 0.251347 0.179049 0.117366 0.035989 0.035270 0.082514 0.094911 0.097047 0.132152 0.151037 0.129376 0.003240 -0.038433 -0.026320 -0.059875 -0.027387 -0.033773 -0.661245 -0.098226 -0.000038 -0.023743 -0.105051 -0.008979 -0.000268 0.000128 0.000939 -0.000044 -0.000070 0.000266 0.000220 0.010590 0.034482 0.047596 0.029710 0.252496 -0.195587 -0.138342 -0.139446 0.057681 0.389167 0.460507 0.659742 0.767147 1.101921 1.349261 1.291378 2.251478 2.119770 1.804798 1.230224 1.225392 1.085423 1.001297
0.054153 -0.001106 -0.000174 0.001577 0.023729 0.212904 0.243723 0.331661 0.226998 0.209221 0.149715 0.176051 0.242454 0.223329 0.275566 0.342266 0.284005 0.139210 0.125089 0.136003 0.151131 0.030391 -0.310147 -0.627513 -0.055443 -0.000817 -0.001457 -0.006573 -0.002780 -0.000565 -0.000375 0.000165 0.000000 0.000815 0.000646 0.000296 0.017183 0.039965 0.008398 0.017854 0.022865 0.017371 0.001688 0.000788 0.003791 0.259762 0.341854 0.328963 0.443470 0.426527 0.346041 1.169644 0.236300 0.105797 -0.054098 -0.001067 0.000009 0.011647 0.305358
0.166317 0.088199 0.002602 0.001848 0.022336 0.344236 0.379532 0.475865 0.310519 0.235751 0.173053 0.144906 0.153232 0.194670 0.190519 0.336651 0.217835 0.177088 0.064665 0.042279 -0.019566 -0.133672 -0.416005 -0.465610 -0.031873 -0.001068 -0.002637 -0.009503 -0.002251 -0.000265 -0.000209 0.000022 0.000004 0.000235 0.019472 0.024365 0.020606 0.011899 0.007153 0.004466 0.007300 0.011323 0.014666 0.003630 0.026449 0.174987 -0.091954 -0.021280 -0.001351 -0.000439 -0.000270 -0.000073 -0.000138 -0.000201 -0.000141 0.000000 0.001343 0.038701 0.055247
0.223079 0.152393 0.001512 0.000799 0.021071 0.100725 0.158751 0.216491 0.257342 0.246126 0.224209 0.212958 0.230459 0.234341 0.278487 0.334393 0.190906 0.008217 -0.213670 -0.429528 -0.570767 -0.809694 -0.799163 -0.415179 -0.004308 -0.000319 -0.000534 -0.000733 -0.000139 -0.000003 -0.000435 -0.000393 -0.000409 0.000010 0.017122 0.018668 0.017616 0.014347 0.012968 0.006309 0.000926 0.004111 0.010339 0.025151 0.057977 0.159192 -0.118437 -0.038743 -0.014871 -0.001850 -0.011879 -0.004002 -0.000037 0.000112 0.000683 0.000337 0.000353 0.023782 0.015732
0.346776 0.401735 0.322873 0.185483 1.272020 0.834434 0.830836 0.760702 0.919683 0.704639 0.677696 0.768576 0.726716 0.735096 0.739608 0.734578 0.710835 0.554088 0.367060 0.246439 0.157174 0.026381 -0.086889 -0.002408 -0.047337 -0.121618 -0.145949 -0.047393 0.003780 -0.000833 -0.009232 -0.010918 -0.008256 -0.000030 0.000073 0.005466 0.008825 0.011844 0.004360 -0.000009 0.000012 0.005065 0.016754 0.003160 0.007025 -0.061550 -0.152623 -0.047872 -0.060407 -0.051119 -0.016331 -0.006484 -0.000012 0.007423 0.014098 0.151264 0.575310 0.066805 0.037947
0.000534 0.332418 1.303409 0.604636 0.194068 0.237625 0.259302 0.343011 0.399093 0.398092 0.538376 0.549511 0.568025 0.624950 0.719313 0.701812 0.807964 0.780324 0.701773 0.775867 0.805426 0.846529 0.768897 0.370020 0.394450 0.336923 0.364435 0.429535 0.617105 0.490816 0.367294 -0.032693 -0.011801 -0.002065 0.000001 0.000390 -0.000304 -0.000450 -0.000082 -0.000006 0.000095 0.001607 0.004300 0.012067 0.021878 -0.039047 -0.101135 -0.173350 -0.057881 -0.042878 -0.030139 -0.010184 -0.000262 0.000461 0.003870 0.010782 0.055494 0.000002 0.012099
