use_cases/Flooding_chicago/flooding_data/output/hUx_3120.asc
ncols 337
nrows 393
xllcorner 428428.000000
yllcorner 4602440.000000
cellsize 26.757400
NODATA_value -9999.000000
[rows 78 to 103 of 393, columns 236 to 294 of 337]
0.000089 0.000367 0.000250 0.000510 -0.000028 0.007816 0.042109 0.004497 -0.000004 0.002248 0.000818 0.010392 0.083223 -0.122635 -0.180799 -0.119455 -0.085885 -0.000000 0.083846 0.152738 0.396015 1.301085 1.339050 1.137123 0.650037 0.131082 -0.527957 -1.052841 -1.763386 -1.909886 -2.740162 -5.939210 -4.961873 -4.385369 -2.531766 -2.553680 -0.467859 -0.004330 0.451540 3.282858 3.369541 2.407802 0.734914 0.251413 -0.001437 -0.072010 -0.037773 -0.008223 -0.000000 0.016328 0.042118 0.521000 1.500802 1.940917 2.545219 4.678791 6.526669 6.368565 6.041242
0.956482 0.949676 0.745155 0.280819 -0.000729 0.000258 0.000060 -0.000240 -0.000083 0.000347 0.000602 0.000318 0.015268 0.913553 0.625396 0.425915 -0.149003 -0.000000 0.071997 0.309326 0.802056 1.514593 0.251914 -0.444240 -0.435066 -0.517588 -0.556819 -1.033278 -0.874436 -0.548593 -1.026824 -2.810072 -3.918500 -3.945613 -2.722511 -2.662686 -0.801112 -0.352438 1.344430 2.930087 2.103036 1.577061 0.104196 -0.178736 -0.380229 -0.062932 -0.016547 -0.021873 -0.001316 0.001421 0.001283 0.373334 1.762804 3.663347 4.031267 6.488395 5.838428 4.675298 3.101778
1.965249 1.766142 1.262960 0.936756 -0.001996 -0.002957 -0.000068 0.000091 -0.000176 -0.000422 -0.000133 0.000149 0.011575 0.042467 0.086376 -0.050751 -0.044251 -0.000001 0.005089 0.138284 0.293511 0.121811 0.062845 0.090556 0.389735 0.169734 -0.027156 0.020901 0.069909 0.000000 -0.006747 -1.111774 -2.773380 -2.971326 -3.055832 -3.405853 -2.173425 -1.137030 -0.221274 0.930223 0.184716 0.105078 0.201933 0.103697 0.026667 -0.010515 -0.017431 -0.016028 -0.000492 0.000410 0.030950 0.678997 1.655965 1.773046 3.320841 2.805028 1.829494 1.238019 0.266361
0.775224 0.458848 0.100598 -0.070588 -0.036871 -0.011744 -0.001606 -0.000580 -0.000613 -0.000771 -0.000270 0.000473 0.014845 0.030403 0.022973 0.001980 -0.000042 -0.000106 0.000158 0.008125 0.118964 0.099198 0.192255 0.006934 0.004490 0.003154 0.000836 0.000100 -0.000011 0.000008 0.014697 -0.077655 -1.013366 -1.800980 -2.969034 -3.345753 -3.663839 -2.467605 -1.203221 -1.259626 -0.987860 -0.312300 -0.010940 -0.005908 -0.000971 -0.011355 -0.008898 0.002704 0.013132 0.009438 0.737098 1.818358 1.684835 1.645143 1.431466 0.221058 0.166417 0.050604 0.009393
0.670516 0.620774 0.532211 0.371473 -0.179958 -0.039112 -0.006534 -0.000423 -0.000473 -0.000786 0.000014 0.000967 0.012620 0.027485 0.022886 0.002656 0.000184 -0.000165 0.000355 0.004028 0.231332 0.283644 0.491187 0.056500 0.022798 0.007137 0.001863 0.000199 -0.000180 0.000346 0.008142 -0.293686 -1.053615 -1.446589 -2.689723 -3.410876 -3.812547 -3.194451 -3.151649 -3.378768 -2.450369 -1.603358 -0.291173 -0.084255 -0.000405 0.000097 0.007607 0.013417 0.017798 0.399741 0.677320 1.357906 1.488327 1.106350 0.383669 0.319546 -0.003566 0.000157 0.000308
0.592108 0.393946 0.262005 0.178075 -0.298813 -0.034404 -0.010857 -0.000540 -0.000823 -0.000813 0.000001 0.015689 0.010918 0.012296 0.004752 0.001442 0.000539 0.000511 0.008572 0.431302 1.053663 1.280113 2.059318 1.774950 1.740003 1.360972 1.048506 -0.000346 0.000180 0.018612 0.008499 -0.387264 -1.116519 -2.007162 -2.366327 -2.501542 -3.039927 -2.832052 -2.857575 -3.125967 -2.566268 -1.394076 -0.572915 -0.166279 -0.082000 -0.000820 0.000358 0.000767 0.048862 0.392338 0.750028 1.005546 1.102587 0.520286 0.454865 0.118053 -0.027467 -0.000871 -0.000001
1.009324 1.008787 1.172112 0.704599 0.236926 -0.261022 -0.441306 -0.013398 -0.000404 -0.000442 -0.000278 0.000424 0.017182 0.040418 0.056416 0.012814 0.004183 0.085292 0.103113 1.336807 1.929386 2.294929 2.561220 1.918058 2.763853 2.186096 0.818790 0.574376 0.297373 0.118228 0.142176 0.081414 0.311134 -0.081497 -0.564988 -0.639950 -0.305418 -0.401370 -0.634209 -0.849680 -0.999199 -0.964252 -0.609086 -0.089902 -0.043968 -0.000664 0.000068 0.000708 0.062398 0.589836 0.989561 0.932478 0.522376 0.289216 0.276729 -0.023682 -0.001617 -0.004067 0.000010
0.991779 1.105596 1.160473 1.029764 0.815762 0.442797 0.441260 0.107425 -0.000477 -0.018183 -0.006649 0.000008 0.009628 0.026452 0.058348 0.494254 0.757895 1.300359 1.471357 2.464643 2.552820 2.827481 3.214435 1.863267 2.924728 2.405396 0.725648 0.852619 0.536339 0.337586 0.221397 0.141181 0.778841 1.436758 1.844814 1.860328 1.368600 1.690425 0.892151 -0.233930 -0.678637 -1.247824 -0.150219 0.165816 0.315253 0.416292 0.525149 0.663880 0.847808 2.229095 2.082381 2.208858 1.503993 0.850037 0.605024 -0.050932 -0.006698 -0.000360 0.000360
0.823982 0.770858 0.872442 1.449103 1.062905 0.708319 0.548250 0.319696 0.228795 0.023672 -0.009934 -0.000224 0.000470 0.001768 0.029741 0.772384 0.775028 1.521800 2.278847 2.184638 2.664297 2.677896 2.581409 0.231219 0.617296 2.057597 3.480222 3.088744 3.367719 4.310817 3.259471 2.872263 4.003922 4.483413 4.396698 3.733909 2.872049 2.214610 1.435439 0.138324 -0.422658 -0.166471 0.174584 0.342526 0.500357 0.875287 0.897189 1.082687 1.338412 2.438040 2.649516 1.961132 1.624750 0.556991 0.344581 -0.061732 -0.006698 -0.000360 0.000360
0.358480 0.679877 0.697243 1.528346 2.051487 1.878759 1.752717 1.511663 1.555170 1.845886 1.264016 0.348085 0.161166 0.180048 1.000977 1.730192 1.723913 1.789949 2.483687 2.025227 1.483395 1.791120 0.414208 0.319711 0.886088 2.370126 4.013851 3.713437 3.949929 5.787704 6.344472 8.545398 6.327425 5.968870 5.778406 3.995342 2.839849 2.297786 1.687831 0.796833 0.074577 -0.045394 0.264670 0.647240 0.993830 1.416399 1.418171 1.571161 1.807840 1.807170 1.637405 1.684707 0.929160 0.295124 0.125427 -0.038592 -0.001686 0.000124 0.000295
0.901563 0.778959 0.901082 1.024222 1.960464 1.920012 1.929238 1.830562 2.056320 2.819218 2.377150 2.494194 2.605417 3.056943 2.799092 2.876262 3.417968 3.190653 4.171581 4.102385 3.279048 3.569499 2.144560 2.485280 2.080905 2.660630 2.202027 1.954579 1.708039 4.802023 5.635933 5.271813 5.067716 4.371624 3.008727 2.336087 2.185254 1.656891 0.713955 0.442980 0.575883 1.056916 0.796175 0.908527 0.967679 1.122863 1.052842 1.076788 1.538669 1.365885 1.439831 1.259792 0.517053 0.314728 0.101167 -0.039870 -0.000083 0.009886 0.008273
1.221682 1.133029 1.002607 1.110219 2.062958 2.070328 2.220830 2.119786 2.323134 2.549432 2.771389 2.982012 3.188745 3.639139 3.652874 3.141572 3.867995 3.621023 4.769855 4.987158 5.254495 5.961877 5.371597 5.004600 5.384518 7.005467 6.307998 6.006910 5.864320 7.103959 7.565414 6.981456 5.723535 5.365026 3.559987 2.680760 2.146549 1.214107 0.495445 0.160978 0.906106 1.504708 0.327806 0.196355 0.230278 0.384172 0.459884 0.690843 1.108234 1.382977 1.165170 0.933553 0.372063 0.029494 -0.062571 -0.016275 -0.016278 0.000008 0.029202
1.049572 1.060351 1.213505 0.967973 1.513902 1.654388 2.035239 2.175129 2.378304 2.561436 2.756659 2.962742 3.295348 3.288194 3.310720 2.885822 2.932784 4.197846 4.766980 5.240700 5.395944 6.221824 5.543243 6.705719 5.042428 6.581870 7.417924 6.816371 4.842752 4.277203 3.560710 4.603940 3.997089 3.673384 2.898037 1.537560 0.635029 -0.375313 -1.421411 -1.509630 -1.733085 -0.442059 0.245955 0.643549 1.679895 2.031686 2.114650 2.363050 2.671371 2.052357 1.789448 1.115596 0.420055 0.040952 0.011557 -0.000257 -0.000305 0.000398 0.020187
0.706765 0.815283 0.981521 0.834354 0.919587 1.485391 1.559245 2.112497 1.841778 2.244145 2.316012 2.618907 2.616652 2.498606 3.044644 2.724451 3.754637 3.704967 4.154175 3.678648 3.315831 3.388956 2.762158 2.019811 1.673596 1.004994 0.993426 1.867843 1.880884 0.754170 0.373111 0.132195 0.185570 -0.013610 -0.067959 -0.128993 -0.288611 -0.612305 -0.829066 -1.556896 -2.993757 -0.874436 0.403450 1.752292 3.331411 3.678491 3.567806 3.678278 3.386306 2.865187 2.054524 1.079154 0.728795 -0.051533 -0.000670 0.000015 0.000682 0.005337 0.004108
1.073780 1.163652 1.564841 1.157769 1.161914 1.263143 1.786515 1.504510 1.616519 2.092420 2.144831 2.454161 2.294216 2.583374 2.984104 3.408334 4.499625 3.416235 3.198000 3.518990 2.362707 2.305683 1.721487 0.269308 0.087184 0.013791 -0.001204 0.000191 0.000449 0.000568 0.000456 0.006659 -0.666861 -1.084477 -0.941324 -0.663419 -0.493829 -0.444054 -0.424337 -0.097489 -0.434247 -0.413183 1.136749 2.758293 5.878574 4.771639 4.528521 3.958153 3.822187 2.925059 2.335896 1.551108 1.399575 1.361823 -0.000604 0.000351 0.005863 0.004179 0.003841
0.754251 1.004377 1.080262 1.312595 0.912201 1.013147 1.069237 1.011701 1.622277 1.885639 1.899772 2.042743 2.213650 2.506632 3.143666 3.069916 3.103394 2.942469 2.618533 2.164875 1.851179 1.395680 0.795528 -0.015911 -0.002886 -0.023035 -0.022376 -0.000008 0.000204 0.000434 0.000525 0.005072 0.011304 0.011534 0.001554 0.057507 0.076601 -0.076901 -0.194552 -0.067339 0.333524 0.950769 1.962880 2.812933 5.104956 3.551966 3.125464 2.674986 2.702345 2.117151 1.701180 1.119989 0.987970 0.972349 -0.020501 0.000013 0.013492 0.042634 0.219272
0.436005 0.340527 0.766255 0.728450 0.643670 0.706898 0.775812 0.784083 1.297462 1.778903 1.836375 1.751017 1.888462 2.599092 2.836132 2.818975 2.964935 2.773164 2.222841 1.595085 1.186116 0.579811 -0.030649 -0.005483 0.000001 -0.000747 -0.002142 -0.000279 0.000458 0.001743 0.000757 0.000000 0.006710 0.015733 0.021917 0.047911 -0.225934 -0.211756 0.346044 0.397131 0.777985 1.542405 2.449985 3.128533 4.332905 3.400515 2.797561 2.781062 2.443047 2.662822 2.238404 2.312164 2.628118 2.135593 0.898688 0.434964 0.262915 0.031905 0.178791
0.535031 0.680214 0.467523 0.963461 0.675167 0.663978 0.869195 1.222137 1.277030 1.653281 1.472549 1.756685 1.596400 2.002556 2.653889 2.485480 2.707159 2.048501 1.805700 1.452635 0.892703 0.385117 -0.006887 -0.000579 0.000070 0.000061 -0.000774 -0.000234 0.000801 0.007846 0.024786 -0.000131 0.000367 0.000614 0.007067 0.010335 0.018547 0.032121 0.724763 0.987905 1.800777 2.332174 2.985559 3.499861 3.315767 1.472570 1.019244 0.973210 0.435054 0.584857 0.775699 1.138036 1.109707 3.234187 2.895352 2.877292 1.799589 0.876358 0.567027
0.732006 0.603991 1.043215 1.393485 1.076733 1.222525 1.257937 1.223606 1.488046 1.807641 1.656872 1.829428 1.849994 2.025946 2.090653 2.206045 1.621156 1.629244 0.963128 0.650253 0.197755 -0.414560 -0.012974 -0.006354 0.000000 0.000282 0.000453 0.000000 0.010002 0.017660 0.020588 -0.011124 -0.006796 -0.000289 -0.001341 0.000000 0.009756 0.023103 1.603455 1.600353 2.827617 2.865257 2.945892 2.741594 1.555084 -0.017467 -0.000558 -0.000042 0.000439 0.012246 0.099033 -0.105594 -0.023934 0.000006 1.821920 4.618373 3.146178 1.801280 1.017075
0.799362 0.658605 0.531923 0.901825 0.774627 0.856488 0.917338 0.919410 1.125933 1.290800 0.981226 0.975650 1.141343 1.295349 1.442822 1.308888 1.009226 0.720683 0.659438 0.071106 -0.057718 -0.021384 -0.031365 -0.023174 -0.007893 0.000000 0.007826 0.014063 0.017936 0.045819 0.857131 0.786528 -0.078822 -0.039544 -0.022982 0.000000 0.005094 0.009311 2.047563 1.793319 2.640376 2.585488 0.816637 -0.962184 -0.024157 -0.004202 0.000000 -0.001238 -0.000261 0.006166 0.010726 0.000234 0.000325 0.000338 0.244285 1.741894 1.380054 1.041954 0.272338
0.590737 0.485056 0.403788 0.591154 0.329545 0.371175 0.306360 0.452509 1.261491 0.286093 -0.002677 -0.059730 0.015274 0.131053 0.574284 0.749785 0.846933 0.693536 0.191718 0.009329 -0.182351 -0.233354 -0.019052 -0.006459 -0.000190 0.000134 0.013384 0.024359 0.025102 0.413267 0.031949 -0.128367 -0.291881 -0.810465 -0.017236 0.000000 0.012309 0.054484 1.602111 2.017779 2.589495 1.025326 -1.216009 -1.861421 -0.909344 -0.079235 -0.031101 -0.014651 -0.008004 -0.000497 0.000072 0.006958 0.011797 0.002503 0.013717 0.335346 1.245628 1.380557 1.332078
0.216414 0.218865 0.230465 0.188058 0.112134 0.128833 0.204679 0.659300 0.833808 1.358656 0.813147 0.628747 0.519192 0.543462 0.768587 0.876760 0.845184 0.536714 0.187938 0.000709 -0.150257 -0.176536 -0.027429 -0.009098 -0.000062 0.000087 0.007301 0.028362 -0.153716 -0.161159 -0.254769 -0.150979 0.024720 0.103095 -0.009814 0.000000 0.007756 1.467630 3.399814 2.291569 -0.435784 -0.319012 -0.313322 -0.920117 -0.613883 -0.122416 -0.028663 -0.016020 -0.013534 -0.006320 0.000000 0.003663 0.009791 0.002067 0.015225 0.014153 0.225072 1.186825 1.155306
-0.002006 -0.000589 0.000190 0.001240 0.264513 0.392422 0.490350 0.941691 1.130187 1.064044 0.790387 0.637064 0.476579 0.335671 0.690592 0.916575 1.029716 0.641646 0.171692 0.042236 -0.111524 0.036258 0.231131 0.200619 -0.000002 0.013782 0.126957 -0.083621 0.062213 0.099784 0.049608 0.104098 0.233789 0.232046 -0.000405 0.005532 0.031698 0.989621 1.901900 2.258964 1.253528 0.511722 0.026564 -0.497619 -0.464492 -0.112607 -0.004753 -0.018718 -0.010655 -0.000395 0.000023 0.000284 0.002974 0.001900 0.017074 0.226720 0.595151 0.672532 0.955586
-0.026281 -0.003663 0.000000 0.005361 0.380007 0.240544 0.491793 1.024978 1.405951 1.023370 0.602497 0.515830 0.592014 -0.087078 0.513327 0.851373 1.110471 0.208695 0.001345 0.147307 0.080935 0.370521 0.722500 0.836931 0.493716 0.999239 0.529169 0.568318 0.553623 0.469151 0.335188 0.284950 0.349966 0.184779 0.000358 0.478343 2.126512 3.444022 3.286726 4.108212 2.517627 1.058775 0.124228 -0.432366 -0.680861 -0.366713 -0.008504 0.015743 -0.000385 -0.000045 0.000200 0.136880 0.485547 0.101881 0.399133 0.585635 1.285909 1.918674 1.103957
-0.003494 -0.001171 -0.000066 0.000513 0.329656 0.455953 0.521541 0.533460 0.103400 0.001940 0.005803 0.313701 0.414838 0.218434 0.478520 0.231270 -0.702601 -0.007879 0.000000 0.008630 0.702380 0.314859 0.377095 0.409663 0.506987 1.118895 1.241921 1.466047 1.218651 1.222168 1.172820 1.377605 1.340098 1.667181 2.152253 2.689413 5.608421 5.281639 5.625699 5.811822 3.871372 1.152984 0.158794 0.078050 -0.014874 -0.209615 -0.328581 -0.236725 0.019809 0.084863 0.025182 0.161812 0.446837 0.389042 0.115355 0.120072 0.152157 0.543447 0.560777
0.526587 0.627347 0.421453 0.422983 1.201154 1.301336 1.142602 0.594232 0.041870 0.002917 0.008230 0.366472 0.570542 0.792608 1.023958 0.495288 -0.059045 -0.005882 0.000000 0.009018 0.020176 -1.398487 -0.979084 0.000317 0.000647 0.022155 0.512355 0.647854 0.479160 0.508645 0.761018 0.617418 0.929414 0.823414 3.348171 3.727139 6.322192 5.517073 5.731783 4.233488 3.600243 1.857420 1.468841 1.162833 0.993753 0.569504 0.401318 0.233128 -0.015240 0.000268 0.199888 0.370451 0.237169 0.108252 -0.065176 -0.006665 0.000149 0.001055 0.011231
