use_cases/Flooding_chicago/flooding_data/output/hUx_3300.asc
ncols 337
nrows 393
xllcorner 428428.000000
yllcorner 4602440.000000
cellsize 26.757400
NODATA_value -9999.000000
[rows 286 to 311 of 393, columns 59 to 117 of 337]
-0.096399 -0.145739 -0.139045 -0.119638 -0.087752 -0.047099 0.035318 0.082877 0.037495 -0.001903 -0.013640 -0.045961 -0.116417 -0.008892 -0.003450 -0.000068 0.000064 0.002754 0.009147 0.058121 -0.030380 -0.002741 -0.000027 0.000039 0.003128 0.002757 0.059714 0.022851 0.042118 0.021576 0.049103 0.034241 -0.000055 0.000055 -0.007458 0.044276 0.040322 0.000503 -0.015445 0.062174 0.140392 0.113680 -0.049102 -0.193134 -0.216639 -0.248482 -0.226757 -0.231721 -0.216456 -0.166346 -0.165398 -0.037926 -0.056226 -0.159358 -0.220714 -0.313379 -0.311660 -0.304272 -0.161096
-0.143983 -0.257161 -0.262202 -0.258291 -0.235995 -0.209815 -0.147651 -0.179711 -0.215128 -0.313048 -0.609192 -0.240077 -0.093185 -0.000615 -0.000225 0.000030 0.000102 0.000155 0.007703 0.482051 0.171958 -0.012444 -0.001127 0.000000 0.001769 0.005353 0.057818 0.027109 0.020361 0.108455 0.090967 0.065978 -0.000055 0.000055 0.074378 0.210333 0.185686 0.141946 0.124157 0.183386 0.219067 0.200435 0.186448 0.047016 -0.079949 -0.115039 -0.184539 -0.186594 -0.226367 -0.233611 -0.075498 -0.002007 -0.089256 -0.204590 -0.362096 -0.430620 -0.453285 -0.507914 -0.555698
-0.153150 -0.283581 -0.403749 -0.495211 -0.477732 -0.471943 -0.265528 -0.217678 -0.291588 -0.227968 -0.343413 -0.153330 -0.041218 -0.000127 -0.000035 0.000035 0.000056 0.009505 0.537950 0.265904 0.177367 -0.264081 -0.001928 0.000000 0.003262 0.007045 0.201323 0.003039 0.004583 0.105394 0.101299 0.084824 0.072950 0.768800 1.179877 0.803959 0.597095 0.374451 0.509698 0.377375 0.332595 0.244284 0.210693 0.085965 0.079103 0.196085 0.150906 0.083385 0.032903 -0.072134 -0.091042 -0.041236 -0.061657 -0.137090 -0.195819 -0.373894 -0.413919 -0.514474 -0.639733
-0.632088 -0.990360 -0.865064 -0.769656 -0.414120 -0.264300 -0.042574 0.098200 0.100239 0.092203 0.032080 -0.048481 -0.047155 -0.000075 -0.000032 0.000076 0.012729 0.606216 0.636497 1.072078 0.920794 0.869200 0.426666 0.253889 0.094487 0.596293 0.132960 0.002947 0.186365 0.192746 0.152203 0.925726 1.212546 1.220662 1.617360 1.085105 0.746612 0.480388 0.377310 0.273740 0.179889 0.125429 0.122187 0.077372 0.097187 0.302830 0.293170 0.186660 0.064024 -0.087532 -0.146000 -0.027480 0.004661 0.025875 0.145087 0.258545 0.330600 0.256679 -0.055517
-0.560971 -0.593179 -0.651467 -0.297022 -0.222955 -0.007168 -0.001073 0.123425 0.174608 0.200704 0.246986 0.320079 0.223196 0.002104 0.000195 0.000009 0.002848 0.215198 0.521755 0.886271 0.621263 0.942765 0.465417 0.289258 0.824912 0.831365 1.815508 0.585935 0.481883 0.366392 0.849218 0.689886 0.645278 0.044739 0.166288 0.001461 0.001901 0.494186 0.366539 0.138479 -0.021205 0.007864 0.077619 0.255502 0.333059 0.423538 0.315132 0.238139 0.087204 0.037545 -0.006704 -0.008187 0.036714 0.071525 0.074825 0.059452 0.044848 -0.008189 -0.015917
-0.158630 -0.143566 -0.169659 -0.005036 -0.003456 -0.004111 -0.002303 0.087585 0.139627 0.362963 0.424715 0.382915 0.585618 0.746504 0.719580 -0.000284 0.000984 0.282051 0.683068 -0.000449 0.000584 0.339367 0.312863 0.859363 0.827383 0.910615 1.529539 1.358008 0.532865 0.408226 0.268763 0.799119 0.090595 0.066275 0.041664 0.021829 0.015270 0.429915 0.464214 0.549499 0.539399 0.836351 0.666043 0.618522 0.772098 0.717092 0.473035 0.405828 0.423656 0.310595 0.334349 0.191700 0.166746 0.086241 0.019992 -0.107288 -0.233381 -0.011818 -0.000000
-0.044257 0.204143 0.251551 0.322960 0.295584 0.579535 -0.005780 -0.003045 -0.002502 0.090778 0.095661 0.005286 0.011319 0.006894 0.455806 0.439308 0.480735 0.432732 0.377920 -0.000598 -0.000761 0.000962 0.183198 0.705483 0.363305 0.003571 0.191448 0.235110 0.284231 0.268743 0.203980 0.618903 0.090768 0.077196 0.055898 0.601716 0.838221 0.940930 0.874611 0.849537 0.751592 1.104770 0.871175 0.797755 0.748040 1.093630 0.601738 0.513383 0.548654 0.420541 0.428888 0.221097 0.149175 0.095834 0.027492 -0.003213 -0.099636 -0.009084 -0.000027
0.444795 0.580102 0.664312 0.257522 0.136921 -0.171446 -0.022840 -0.000389 -0.000414 0.000000 0.000414 0.000389 0.006211 0.005625 0.306796 0.302653 0.292942 0.257452 0.000000 -0.066963 -0.000754 0.000562 0.129825 0.431807 0.151492 0.001763 0.083505 0.117231 0.168412 0.176951 0.708932 0.683775 0.104481 0.089287 0.060475 0.475992 0.637809 1.702758 0.888890 0.933548 1.642741 1.188333 0.876618 0.674918 0.554246 0.481595 0.420165 0.491841 0.375564 0.294196 0.236314 0.199711 0.094272 0.096217 0.056054 0.055072 0.134723 -0.000981 -0.000815
0.516863 0.588459 0.662049 0.303927 0.147539 -0.253554 -0.021043 -0.000950 -0.001214 0.000000 0.001214 0.000950 0.021292 0.261033 0.237965 0.287535 0.264955 0.226950 0.000000 -0.079340 -0.001280 0.000452 0.000213 0.009385 0.553528 0.001095 0.152492 0.275329 0.201886 0.101691 0.573584 0.550426 0.091036 0.089201 0.548379 0.498898 1.259130 0.863136 0.935945 0.964952 0.827926 0.474824 0.212241 0.059127 -0.013299 -0.027248 -0.008632 -0.041491 -0.100941 -0.145486 -0.158683 -0.111477 -0.104153 -0.092212 -0.084839 -0.038594 -0.038967 -0.027321 -0.001513
0.488929 0.685835 0.839841 0.395864 0.120445 -0.230896 -0.019870 -0.000707 -0.001100 -0.000000 0.001100 0.000707 -0.043170 0.074778 0.149080 0.210197 0.137910 0.071358 -0.003376 -0.094735 -0.010927 -0.000046 0.000068 0.003034 0.010244 0.266719 0.049612 -0.030806 0.017407 0.104449 0.109406 0.257289 0.240459 0.083732 0.745068 1.033324 1.005624 1.201692 0.877887 0.807429 -0.000684 -0.000539 -0.000405 0.002966 0.002604 0.023545 0.021442 0.023576 0.066900 -0.128187 -0.148906 -0.096909 -0.082700 -0.039172 -0.025681 -0.018026 -0.019479 -0.000230 -0.000154
0.180541 0.301003 0.706372 0.462797 0.142777 -0.057369 -0.299101 -0.009267 -0.000320 -0.000000 0.000320 0.032174 0.397991 0.199563 0.199205 0.273796 0.141575 0.038136 -0.043964 -0.135904 -0.013636 -0.000089 0.000107 0.000939 0.000391 0.103852 -0.009002 0.006951 0.056122 0.114519 0.620049 0.662210 0.756487 0.885429 0.865793 1.252976 1.052454 0.990369 0.531236 0.004259 -0.000091 0.000014 0.004764 0.006645 0.003240 0.016922 0.014191 0.015776 0.015915 0.024449 -0.033410 -0.033476 -0.032685 -0.039213 -0.041592 -0.062257 -0.091649 -0.000334 0.000234
0.465855 0.128672 0.140098 0.180712 0.089591 0.117146 0.095041 0.070396 -0.234682 -0.005441 0.012886 0.013900 -0.042400 -0.117843 -0.159434 -0.059403 -0.032207 -0.112954 -0.186546 -0.003434 -0.000073 0.000031 0.000126 0.000458 0.071816 0.322353 0.512824 0.568172 0.607095 0.930462 1.061204 0.777639 0.751823 0.710456 0.991993 0.853384 0.345843 0.245499 -0.055578 -0.000402 -0.000184 0.000384 0.006784 0.005074 -0.024862 -0.143788 -0.082954 -0.012872 0.048206 0.018259 -0.104375 -0.146046 -0.174666 -0.185104 -0.199166 -0.264180 -0.102430 -0.099475 -0.000218
0.197231 0.179934 0.083689 -0.024993 -0.080511 -0.093073 -0.225501 -0.099838 -0.189332 -0.005329 0.009176 0.013646 0.002960 0.000925 0.002581 0.001486 0.000149 -0.011225 -0.000419 -0.000970 -0.000001 0.001882 0.107755 0.351222 0.052500 0.022805 0.004389 0.180349 0.446787 0.723064 0.849628 0.632222 0.592372 0.878969 0.740496 0.649405 0.280618 0.217912 -0.075259 -0.001146 -0.000584 0.001164 0.000829 0.016764 0.531370 0.339628 0.310896 0.215974 0.089706 0.060112 -0.081970 -0.172500 -0.210140 -0.347475 -0.293093 -0.132013 -0.140802 -0.139799 -0.126820
-0.241416 -0.181631 -0.070254 0.039799 0.113066 0.089490 -0.050036 -0.249725 -0.005183 -0.000469 -0.000278 0.000220 0.000112 0.000283 0.013763 0.106517 0.036187 0.024480 0.017421 -0.000491 0.000485 0.075911 -0.025982 -0.056510 -0.072786 -0.000061 0.000061 0.002882 0.363522 0.526013 0.435505 0.102404 0.546035 0.572756 0.739625 0.430789 0.446800 0.362797 -0.000885 -0.001999 -0.001878 0.000000 0.004129 0.017955 0.505512 0.303137 0.269585 0.190994 0.085310 0.068707 0.034842 0.002092 -0.062626 -0.180330 -0.211241 -0.132352 -0.178669 -0.204598 -0.399955
-0.021116 0.183453 0.193168 0.061626 -0.093430 -0.158284 -0.035284 -0.000450 -0.000329 -0.001352 -0.000724 -0.000402 0.000000 0.002206 0.013041 0.002596 -0.003698 -0.037393 -0.075198 -0.000385 0.000526 0.125135 0.136469 0.077427 0.042844 -0.000163 0.000163 0.006271 0.421286 0.843507 0.488607 0.106876 0.604147 0.689331 0.794761 0.406948 0.324683 -0.093130 -0.000565 -0.001206 -0.001252 0.000000 0.003763 0.019534 0.013279 -0.073173 -0.058804 -0.020061 0.007374 0.016071 0.010156 0.005414 0.001463 -0.033044 -0.051260 -0.060121 -0.000109 0.009515 -0.006367
0.071738 0.090067 0.108054 0.041922 -0.054006 -0.302265 -0.012652 -0.002939 0.000000 0.000901 0.001301 0.001073 0.000185 0.000337 0.002611 0.001846 0.036954 0.027811 -0.000580 -0.000434 0.000739 0.007316 0.007813 -0.023121 -0.028870 -0.000061 0.000061 0.010265 0.484347 1.023151 0.843251 0.826879 0.940589 0.965465 0.824233 0.680327 0.398317 0.081774 0.060297 0.038307 -0.000203 0.000035 0.000292 0.013585 0.036234 -0.121902 -0.138669 -0.005314 -0.011234 -0.037973 -0.038162 -0.036085 -0.028138 -0.065074 -0.075743 -0.067330 -0.000296 -0.060760 -0.191722
0.220707 0.223328 0.961414 0.480864 0.344636 0.133815 -0.010719 -0.000307 -0.000096 0.000073 0.000411 0.000716 0.000163 0.000060 0.000255 -0.050251 -0.346795 -0.099285 -0.000785 -0.000713 0.000967 0.000575 0.138620 0.108081 0.215943 0.039915 0.017744 0.011337 0.436289 0.578169 2.135999 2.514282 2.013451 2.067318 1.342880 1.137932 0.639876 0.118958 0.085599 0.049958 0.017375 0.002633 0.002557 0.002990 0.040598 -0.000903 -0.001694 0.000005 0.002246 0.001617 0.000720 0.000362 0.024438 -0.058590 -0.088939 -0.125638 -0.075225 -0.086146 0.009009
0.201835 0.450344 0.223011 0.285136 0.427886 0.480584 0.185561 -0.008819 -0.000101 0.000001 0.000336 -0.053037 -0.120982 -0.153730 -0.062684 0.092607 0.276702 0.339354 0.181350 0.001654 0.000818 0.000407 0.175868 1.336070 1.255649 0.990727 0.989680 1.673980 1.769444 1.068959 2.238553 2.691094 1.983426 1.794429 1.673787 1.159462 0.646080 0.106408 0.068899 0.225285 0.176508 0.106947 -0.009063 -0.000129 -0.000252 -0.000026 0.000033 0.000214 0.003101 0.001672 0.016824 -0.015771 -0.110263 -0.113002 -0.151752 -0.227106 -0.150961 -0.145318 -0.133301
0.208496 0.753566 0.587089 0.677259 0.666502 0.725845 0.775602 0.613437 0.251558 0.134166 0.133505 0.338389 0.387245 0.242075 0.190246 0.258632 0.345374 0.587819 0.352023 0.342901 0.336626 1.201857 1.399486 2.473577 2.338790 2.357051 3.090776 2.932264 2.942369 2.044368 0.992149 1.346498 0.703340 0.756659 0.838735 0.500934 0.406541 0.054076 0.039949 0.187698 0.190215 0.184802 0.148054 -0.006355 -0.001707 -0.000024 0.000024 0.004971 0.004577 -0.073612 -0.046071 -0.009881 0.011869 -0.035738 -0.116678 -0.143119 -0.127168 -0.103674 -0.000150
0.312061 0.278864 0.374174 0.485117 0.484023 0.463770 0.387982 0.306311 0.244023 0.070846 -0.047257 -0.441734 -0.494052 -0.002806 0.000000 -0.000063 0.000654 0.220365 1.167954 1.051110 1.361019 2.473316 2.748928 2.896423 2.685002 3.720706 2.987048 2.546575 1.741163 1.648131 0.621847 0.005896 0.001042 0.073033 0.582470 0.457084 0.303719 0.020980 0.020584 0.158885 0.210531 0.229313 0.223629 0.103943 -0.002278 -0.000008 0.000008 0.003496 0.004736 0.181845 0.302592 0.144021 0.215416 0.179936 -0.000140 0.000031 -0.014706 -0.015351 -0.000206
0.140182 0.091769 0.191896 0.314699 0.344174 0.315047 0.330909 0.294322 0.162616 0.160762 0.140583 0.118080 -0.001463 -0.000030 0.000085 0.000130 0.000785 0.259179 1.085700 1.037598 2.018289 1.925065 2.098277 1.191516 0.885836 1.200546 1.195517 0.987613 0.657729 0.599679 0.289462 -0.000061 0.000061 0.002000 0.057809 0.213001 0.098609 0.000199 0.006938 0.003281 0.001891 0.155538 0.297896 0.345302 0.133988 0.068225 -0.000767 -0.002109 -0.000623 0.000988 0.000252 0.000000 0.002919 0.167902 0.138866 -0.000310 -0.000285 -0.000528 -0.000587
0.175360 0.190289 0.204384 0.364914 0.405242 0.442511 0.321039 0.370191 0.261763 0.337945 0.276992 0.263619 0.324806 0.327210 0.243546 0.593487 0.326775 0.386466 0.662426 0.601495 0.747655 0.869036 0.951957 0.161822 0.119358 0.729565 0.552978 0.441595 0.404797 0.336294 0.166820 -0.000163 0.000163 0.002076 -0.289553 -0.171847 -0.087880 -0.005928 -0.008035 -0.000001 0.005627 0.417573 0.981273 0.231065 0.154771 0.082017 -0.000772 -0.000847 -0.000423 -0.000177 -0.000039 0.000027 0.001748 0.124915 0.070350 -0.000158 -0.000030 0.000119 -9999.000000
0.445030 0.574036 0.609791 0.830202 0.826511 1.051159 0.862707 0.688921 0.759930 1.003095 1.111457 0.971556 0.969452 0.926569 1.404210 0.780912 0.824086 0.435128 0.663593 0.519326 0.541745 0.601346 0.246081 0.210882 0.141466 0.159826 0.075820 0.076273 0.133058 0.157867 0.113740 -0.000061 0.000061 0.003135 -0.185089 -0.166038 -0.118580 -0.009271 -0.000072 -0.000059 0.000079 0.000053 0.000642 0.105115 -9999.000000 -9999.000000 -9999.000000 -9999.000000 -9999.000000 -9999.000000 -9999.000000 -9999.000000 -9999.000000 -9999.000000 -9999.000000 -9999.000000 -9999.000000 -9999.000000 -9999.000000
0.397661 0.582041 0.717620 1.081101 1.080034 1.390491 1.432093 1.154429 1.144628 1.335769 1.394611 0.964382 1.222452 1.023566 1.077242 0.711167 0.765900 0.427091 0.724625 0.600383 0.634846 0.715928 0.306889 0.240412 0.333301 0.139227 0.135294 0.197776 0.245573 0.231474 0.000000 0.000042 0.000055 -9999.000000 -9999.000000 -9999.000000 -9999.000000 -9999.000000 -9999.000000 -9999.000000 -9999.000000 -9999.000000 -9999.000000 -9999.000000 -9999.000000 -9999.000000 -9999.000000 -9999.000000 -9999.000000 -9999.000000 -9999.000000 -9999.000000 -9999.000000 -9999.000000 -9999.000000 -9999.000000 -9999.000000 -9999.000000 -9999.000000
0.272065 0.298165 0.376153 0.555691 1.306206 2.052361 1.678093 1.673286 1.734914 1.422178 1.612335 1.152973 1.675650 1.567162 1.960214 1.894355 1.590603 1.149648 1.490703 1.401035 0.971405 1.012836 0.391997 0.296902 0.777088 0.621029 0.341047 0.431209 0.538873 0.497900 0.000000 0.009156 0.003576 -9999.000000 -9999.000000 -9999.000000 -9999.000000 -9999.000000 -9999.000000 -9999.000000 -9999.000000 -9999.000000 -9999.000000 -9999.000000 -9999.000000 -9999.000000 -9999.000000 -9999.000000 -9999.000000 -9999.000000 -9999.000000 -9999.000000 -9999.000000 -9999.000000 -9999.000000 -9999.000000 -9999.000000 -9999.000000 -9999.000000
0.102972 0.148386 0.224458 0.223847 0.769808 1.852468 1.487399 1.745279 2.081708 1.944737 2.302771 2.141248 2.213472 2.225127 2.805083 2.665477 2.894614 2.385835 2.225881 1.857828 1.821916 1.305394 0.431722 0.322100 0.600835 0.380953 0.199119 0.005264 0.004607 0.330917 0.276548 0.144889 -9999.000000 -9999.000000 -9999.000000 -9999.000000 -9999.000000 -9999.000000 -9999.000000 -9999.000000 -9999.000000 -9999.000000 -9999.000000 -9999.000000 -9999.000000 -9999.000000 -9999.000000 -9999.000000 -9999.000000 -9999.000000 -9999.000000 -9999.000000 -9999.000000 -9999.000000 -9999.000000 -9999.000000 -9999.000000 -9999.000000 -9999.000000
