use_cases/Flooding_chicago/flooding_data/output/hUx_1740.asc
ncols 337
nrows 393
xllcorner 428428.000000
yllcorner 4602440.000000
cellsize 26.757400
NODATA_value -9999.000000
[rows 104 to 129 of 393, columns 118 to 176 of 337]
-9999.000000 -9999.000000 -9999.000000 -9999.000000 -9999.000000 -9999.000000 -9999.000000 -9999.000000 -9999.000000 -9999.000000 -9999.000000 -9999.000000 -0.000530 0.000000 0.007988 0.017479 0.016305 0.003643 0.042244 0.176922 0.067658 0.024637 0.009654 0.005544 0.003284 0.014646 0.041495 0.245853 0.004541 -0.035055 -0.044197 -0.312412 -0.553280 -0.873501 -0.023724 -0.000326 0.000208 0.013782 0.022373 0.004715 0.001293 0.005248 0.008303 0.008181 0.078886 0.377522 0.238861 0.095195 0.049131 -0.081545 -0.031816 -0.101321 -0.000192 0.000199 0.051298 0.071637 0.062558 0.067192 0.011832
-9999.000000 -9999.000000 -9999.000000 -9999.000000 -9999.000000 -9999.000000 -9999.000000 -9999.000000 -9999.000000 -9999.000000 -9999.000000 -9999.000000 -9999.000000 -0.000245 0.000000 0.004217 0.007929 0.013035 0.046233 0.009095 0.007687 0.002934 0.000254 0.006817 0.006708 0.003240 0.010649 0.228803 0.040012 0.048940 0.117584 0.079724 -0.027047 -0.202912 -0.010937 -0.008844 0.000003 0.003984 0.021026 0.038437 0.006365 0.015860 0.023891 0.146417 0.177353 0.197172 -0.000496 -0.438289 -0.724621 -0.983265 -0.914833 -0.020009 -0.000330 0.000640 -0.022095 -0.026358 -0.001425 -0.001807 -0.000180
-9999.000000 -9999.000000 -9999.000000 -9999.000000 -9999.000000 -9999.000000 -9999.000000 -9999.000000 -9999.000000 -9999.000000 -9999.000000 -9999.000000 -0.001217 -0.000046 0.000088 0.006755 0.017007 0.038458 0.011311 0.004431 0.002389 0.001571 0.004431 0.002073 0.002935 0.002241 0.015052 0.032831 0.095648 0.127708 0.078120 0.052749 0.003758 -0.100167 -0.021115 -0.005713 0.000000 0.015921 0.030272 0.036740 0.057650 0.101878 0.041623 0.083460 0.082614 0.063082 0.041742 0.011613 0.035849 0.023326 -0.044423 -0.023865 -0.000461 0.001912 -0.053179 -0.060977 -0.004483 -0.020142 -0.006334
-9999.000000 -9999.000000 -9999.000000 -9999.000000 -9999.000000 -9999.000000 -9999.000000 -9999.000000 -9999.000000 -9999.000000 -9999.000000 -0.000741 -0.000048 0.001172 0.000616 0.001962 0.003332 0.007170 0.004879 0.002523 0.003106 0.002593 0.019826 0.040650 0.049303 0.000101 0.013286 0.018080 0.118823 0.028694 0.000026 0.018022 0.012005 0.001592 -0.016841 -0.006365 -0.000061 0.001021 0.009316 0.044505 0.087178 0.146226 0.081346 0.029795 0.032269 0.038467 0.041061 0.063105 0.039682 0.028444 0.026793 -0.000518 0.000091 0.004065 -0.151770 -0.412877 -0.406426 -0.039275 -0.007716
-9999.000000 -9999.000000 -9999.000000 -9999.000000 -9999.000000 -9999.000000 -9999.000000 -9999.000000 -9999.000000 -9999.000000 0.000003 -0.005529 -0.001803 0.000591 0.002124 0.004851 0.010677 0.009115 0.014346 -0.000577 0.000466 0.001100 0.011855 0.021474 0.100859 -0.000098 0.000997 0.007968 0.008155 0.001712 0.000962 0.037055 0.109750 0.000165 0.003632 0.002952 -0.000104 0.000141 0.001716 0.005048 0.002806 0.010298 0.108168 0.000000 0.007299 0.014416 0.032787 0.140579 0.166146 0.056244 -0.000308 0.000011 0.000312 0.026983 0.497350 0.734723 0.063733 -0.026427 -0.072003
-9999.000000 -9999.000000 -9999.000000 -9999.000000 -9999.000000 -9999.000000 -9999.000000 -0.001193 -0.001505 -0.000326 0.000208 -0.001522 -0.000632 0.000331 0.004235 0.005181 0.005408 0.003921 0.038361 0.078048 0.000019 0.001082 0.001540 0.001733 0.017230 0.003647 0.016106 0.022845 0.001593 0.000067 0.007030 0.109258 0.075868 -0.006495 -0.005452 0.009459 0.006815 0.002594 0.000116 0.000141 0.000842 0.014946 0.045806 0.008676 0.003636 0.009319 0.075871 0.214168 0.106300 0.025397 -0.000485 0.000156 0.000240 0.017847 0.032359 -1.004874 -0.310111 -0.033851 -0.002874
-9999.000000 -9999.000000 -9999.000000 -9999.000000 -9999.000000 -9999.000000 -0.001870 -0.001187 -0.000487 0.000289 0.006315 -0.000235 -0.006402 0.000012 0.004109 0.004567 0.008917 0.003404 0.011495 0.008890 0.002224 0.000550 0.000401 0.053188 0.034875 0.007828 0.013668 -0.538811 -0.546268 -0.410168 0.024473 0.149837 0.129205 0.100968 -0.003551 0.002676 0.005098 0.014771 0.003530 -0.007707 -0.000296 0.000129 0.048405 0.082656 0.078868 0.206251 0.237158 0.211106 -0.000770 -0.001615 -0.001323 0.000074 0.000515 0.006775 0.018192 0.005140 0.000494 0.000000 0.003303
-9999.000000 -9999.000000 -0.012067 -0.018889 -0.010733 -0.010617 -0.003833 -0.004419 -0.000023 0.004231 0.019675 0.042954 -0.006887 -0.000792 0.000004 0.000907 0.014636 0.011735 0.001866 0.006270 0.001443 -0.000400 0.000476 0.000901 0.078105 0.054460 0.068719 -0.212075 -0.197081 -0.182266 0.000000 0.007240 0.141965 0.083354 0.041479 0.000215 0.015679 0.080644 0.008883 -0.052663 -0.020187 -0.000240 0.000058 0.006463 0.017238 0.024432 0.016853 0.001543 0.001542 -0.006236 -0.029861 -0.006880 -0.000520 0.000048 0.005276 0.014543 0.009275 0.027710 0.000000
-0.004187 -0.017559 -0.014200 -0.010996 -0.043041 -0.008470 -0.000944 -0.000072 0.008652 0.023851 0.026517 0.013881 -0.021665 -0.009937 0.000000 0.019584 0.056036 0.039371 0.005750 0.000599 -0.016472 -0.021589 -0.012503 0.000000 0.003987 0.076866 0.371278 0.451655 0.619935 0.473391 0.000000 0.005878 0.122792 0.172339 0.051481 0.000010 0.019493 0.171438 0.150769 -1.033215 -0.020879 -0.006127 0.000000 0.005094 0.007492 0.009603 0.000000 0.005350 0.010222 0.024692 -0.023290 -0.013212 -0.006708 -0.000222 0.000222 0.003946 -0.038448 -0.043465 -0.000140
-0.085364 -0.006597 -0.025167 -0.030017 -0.007701 -0.000476 0.000088 0.007770 0.010601 0.001039 0.018981 0.084860 -0.019440 -0.008474 0.000000 0.010838 0.017384 0.031376 0.004935 -0.000630 -0.062430 -0.022296 -0.010119 0.000000 0.007594 0.098919 0.020015 0.295439 0.679528 0.370003 0.000000 0.005878 0.080877 0.086265 0.021519 -0.000209 0.002105 0.012067 0.448613 0.282925 -0.023589 -0.010755 0.000000 0.011969 0.027670 0.002777 -0.000067 0.000464 0.010105 0.029646 -0.000146 -0.000957 -0.000668 -0.000070 0.000070 0.008222 0.406175 0.080162 -0.045586
0.002775 -0.009038 -0.083332 -0.013424 -0.008819 -0.000126 0.000111 0.008330 0.018762 0.000903 0.001473 0.065977 0.099589 -0.000574 0.000203 0.012072 0.027574 -0.008349 -0.023207 -0.143473 -0.181407 -0.199152 -0.013418 0.000000 -0.004064 -0.012015 -0.015392 0.014834 0.031546 0.027247 0.000000 0.007240 0.042250 0.129511 -0.019383 -0.011766 -0.000029 0.000985 0.025593 0.469117 0.413763 -0.000437 -0.000240 0.000311 0.004289 0.022946 -0.000001 0.010755 0.019198 0.076519 0.025407 0.013898 0.002910 -0.000066 0.000063 -0.152280 -0.214788 -0.203528 -0.145980
0.001485 0.012678 0.003589 -0.057053 -0.019356 -0.003965 0.000003 0.008683 0.038631 0.039737 0.000040 0.021224 0.062478 0.013294 -0.007760 -0.046917 -0.098749 -0.076133 -0.306809 -0.256909 -0.280530 -0.236898 -0.027140 0.000000 -0.019222 -0.037183 -0.009087 0.002891 0.012139 0.027853 0.008944 0.015503 0.472266 0.324615 0.293633 0.205100 -0.000449 0.000456 0.000616 0.004435 0.300930 0.166042 -0.011061 0.000005 0.004290 0.046319 -0.000060 0.000253 0.006874 0.652657 0.904376 2.493592 1.464830 1.091336 1.142229 0.735147 0.261784 0.144742 0.195911
0.000070 0.025003 0.037224 0.028198 -0.086293 -0.009137 -0.000207 0.000450 0.032593 0.037361 0.019306 0.005875 0.054346 0.012266 -0.053284 -0.055510 -0.096750 -0.079311 -0.222416 -0.167453 -0.117549 -0.006929 -0.010912 -0.006243 -0.006141 0.000775 0.015695 0.013281 0.011074 0.021706 0.009701 0.005146 0.088419 0.011423 0.103348 0.050261 0.003291 0.001312 0.007352 0.021852 0.053902 0.122874 -0.000479 0.000012 -0.611696 -0.961920 -0.110740 0.001023 0.025540 1.114472 1.428379 1.997428 1.301954 1.920468 1.316335 1.177573 1.091492 0.917090 0.755372
0.046968 0.035671 0.045113 0.038154 0.162767 0.205240 0.133258 0.081233 0.093586 0.085278 0.047276 0.027810 0.024561 0.038967 0.025232 -0.025612 -0.144940 -0.093583 -0.032393 -0.029114 -0.001716 -0.003093 0.000000 0.032258 0.108608 0.100339 0.018814 0.007057 0.003419 -0.007603 -0.028054 0.000237 0.003550 0.094702 0.281661 0.160692 0.001751 0.017661 0.042311 0.033210 -0.043468 0.037266 0.024589 0.047353 0.088041 0.344238 0.404563 0.720265 1.133610 1.857046 1.237285 0.037666 0.013780 0.741952 0.594679 0.493637 0.466105 0.477665 0.323328
0.086380 0.039512 0.040822 0.032864 0.206140 0.222361 0.182729 0.128523 0.000000 0.060336 0.146946 0.051262 0.050802 0.065940 0.049786 -0.004354 -0.177804 -0.209975 -0.083876 -0.008159 -0.023651 -0.008285 0.000000 0.013301 0.031124 0.071762 0.012982 -0.013390 -0.065260 -0.490323 -0.186564 -0.003630 0.001727 0.309283 0.447875 0.515657 0.414972 0.570979 1.379648 0.707057 0.358543 0.074870 -0.135347 -0.073610 0.113208 0.074522 0.358100 0.511096 1.051647 0.723654 -0.011957 0.000000 0.003663 0.725600 1.069842 0.704146 0.779298 0.947706 0.877656
0.065800 0.025122 0.236070 0.026254 0.013169 0.003605 0.061924 0.050310 0.000000 0.024365 0.094410 0.030349 0.032210 0.034100 0.026084 -0.018811 -0.065522 -0.031452 -0.019366 -0.072064 -0.009543 -0.000660 -0.000072 0.000979 0.042443 -0.154890 -0.239503 -0.536953 -0.706467 -0.623177 -0.202443 -0.008667 -0.004130 0.002908 0.003019 0.414284 0.305132 0.627170 0.790795 0.917031 0.383149 0.391545 0.651317 0.597401 0.640241 1.045879 0.614467 0.534156 0.557672 0.221774 0.001768 0.000376 0.181020 -0.505713 -0.442263 -0.111422 0.057850 0.192727 0.241977
0.002038 0.000568 0.007177 0.012923 0.007641 -0.000599 0.011673 0.057445 0.028593 0.009757 0.035087 0.025947 0.028191 0.052099 -0.037444 -0.105019 -0.109423 -0.038924 -0.033004 -0.008740 -0.000561 -0.000170 -0.000001 0.030647 -0.130334 -0.134317 -0.106370 -0.271457 -0.014426 -0.014326 -0.047116 -0.014121 -0.013168 -0.000219 0.000990 0.016136 0.349651 0.174515 0.147265 0.876835 0.318438 0.209933 0.331712 0.329719 0.304369 0.534256 0.458482 0.379292 0.528055 0.376469 0.078027 0.022554 -0.343333 -1.322871 -1.074938 -0.310490 -0.198649 -0.037884 0.045748
-0.072436 -0.094558 -0.000289 0.003733 0.035163 0.067130 0.018167 0.120550 0.304106 0.255708 0.099349 0.032587 0.013543 -0.000795 -0.023477 -0.037182 -0.088123 -0.042504 -0.067480 -0.085198 -0.120921 -0.159455 -0.039273 -0.384113 -0.446300 -0.280148 -0.121217 -0.089039 -0.002152 -0.001386 -0.006241 -0.020288 -0.002003 0.001341 0.003946 0.038827 0.047432 0.134173 0.166900 0.919640 0.305951 0.224618 0.370152 0.487080 0.340623 0.245509 0.243645 0.240493 0.221323 0.088562 0.083954 0.315265 -0.119272 -0.701942 -0.629846 -0.307768 -0.235569 -0.200824 -0.086117
-0.025757 -0.001664 -0.000667 0.001697 0.018129 0.070566 0.105596 0.073235 0.038994 0.286128 1.017076 0.316293 -0.110629 -0.322503 -0.353374 -0.392025 -0.702117 -0.213834 -0.052539 -0.085567 -0.093919 -0.034290 -0.075874 -0.486192 -0.639437 -0.593107 -0.566924 -0.772123 -0.021183 -0.001126 -0.002627 -0.003636 0.000700 0.007801 0.008068 0.039391 0.080188 0.125708 0.181509 1.671019 0.922287 0.844375 1.080698 1.227642 1.040587 0.713860 0.791891 0.643120 0.581849 0.108076 0.089575 0.491830 0.400858 -0.462819 -0.286222 -0.181340 -0.322648 -0.434651 -0.410484
-0.007124 -0.002923 -0.000040 0.027676 0.071041 0.105987 0.050050 0.034434 0.022057 0.007430 0.199833 0.209836 -0.186801 -0.327504 -0.359495 -0.353954 -0.473658 -0.181688 -0.192053 -0.062929 -0.079304 -0.035738 -0.073009 -0.778370 -0.827734 -0.765908 -1.230394 -1.131980 -0.025746 -0.000428 0.000361 0.009903 0.005742 0.007177 0.010776 0.003436 0.036819 0.114509 0.151852 1.852048 1.611168 1.892061 1.085431 1.430255 1.603365 1.549713 1.414196 1.273249 1.192546 0.657095 0.101405 0.649440 1.113186 0.775082 0.772313 0.490460 0.394554 0.246950 0.162970
0.114990 -0.003170 0.001555 0.005378 0.033454 0.090566 0.166103 0.069678 0.044885 0.000380 0.049865 0.260885 0.071213 -0.276269 -0.339783 -0.371321 -0.515440 -0.179161 -0.182260 -0.039752 -0.044266 -0.007054 -0.008518 -0.787849 -0.095473 -0.000138 -0.030123 -0.117104 -0.022293 -0.001007 0.000602 0.001794 -0.000278 -0.000197 0.000864 0.000968 0.020364 0.057244 0.075826 0.049727 0.124312 0.924281 -0.014348 -0.009668 0.267257 0.563357 0.525436 0.712695 0.756515 1.127970 1.415124 1.279350 3.419814 3.607105 3.258855 1.705951 1.364703 0.969979 0.468059
0.070641 -0.002772 -0.000502 0.003645 0.027489 0.042932 0.189663 0.814633 0.006074 0.003957 0.000318 -0.123917 -0.239062 -0.207705 -0.156313 -0.075533 -0.057372 -0.004306 -0.016662 -0.038446 -0.067464 -0.140914 -0.311308 -0.501333 -0.055379 -0.002565 -0.004297 -0.016645 -0.009189 -0.001926 -0.001035 0.000012 0.000000 0.002536 0.002152 0.001246 0.026719 0.057636 0.014688 0.028663 0.040154 0.030869 0.004391 0.002415 0.005841 0.122770 0.158629 0.086258 0.067606 0.033305 0.014502 0.061725 -0.000020 -0.016797 -0.077313 -0.003695 0.000108 0.019944 0.055933
0.186310 0.073420 0.004819 0.004279 0.015657 0.067463 0.673750 0.927466 0.291755 0.013588 -0.285782 -0.298546 -0.197296 -0.175867 -0.005558 -0.066179 -0.010992 -0.003919 -0.003361 -0.003672 -0.131878 -0.274734 -0.600240 -0.525367 -0.031313 -0.003271 -0.007187 -0.022537 -0.008064 -0.001057 -0.000703 -0.000055 0.000029 0.001001 0.029315 0.035587 0.030110 0.017317 0.010602 0.007436 0.013737 0.023973 0.030194 0.009178 0.029954 0.040457 0.022667 -0.013609 -0.003377 -0.001568 -0.001055 -0.000382 -0.000614 -0.000717 -0.000413 0.000000 0.006340 0.060317 0.084318
0.248372 0.149310 0.003231 0.002184 0.024881 1.019588 0.722394 0.635154 0.639453 0.578902 0.532027 0.364999 0.099152 -0.031095 0.051841 -0.299942 -0.441122 -0.447148 -0.398266 -0.274546 -0.608310 -1.205109 -1.044995 -0.399630 -0.004140 -0.002220 -0.001765 -0.002303 -0.001002 -0.000034 -0.001572 -0.001553 -0.001706 0.000052 0.025182 0.027047 0.023832 0.018575 0.017599 0.010899 0.002061 0.009351 0.026308 0.055268 0.082670 0.041327 -0.015454 -0.048881 -0.029086 -0.005302 -0.026061 -0.010508 -0.000182 0.000513 0.002768 0.001316 0.001376 0.035703 0.023923
0.377594 0.418468 0.263919 0.099764 0.066948 0.519566 0.175660 0.154759 0.320682 0.261692 0.313326 0.376440 0.216426 -0.061691 -0.298527 -0.376657 -0.525294 -0.530931 -0.439927 -0.569970 -0.999971 -1.156444 -0.003748 0.000000 0.000251 0.000220 -0.000221 -0.001190 -0.001731 -0.002414 -0.018345 -0.027101 -0.018988 -0.000265 0.000436 0.007733 0.010158 0.013332 0.005226 -0.000084 0.000126 0.016848 0.040695 0.009473 0.016634 -0.017131 -0.091678 -0.074527 -0.110206 -0.097343 -0.036847 -0.015496 -0.000048 0.016989 0.033358 0.225579 0.648330 0.101558 0.057927
0.001335 0.328027 0.636510 0.589318 1.189526 0.847124 0.469641 0.387422 0.313419 0.206879 0.297804 0.147171 -0.025490 -0.195581 -0.341845 -0.316457 -0.441009 -0.572934 -0.634758 -0.839889 -0.530170 -0.507994 -0.018131 0.000000 -0.000750 -0.003180 -0.010306 -0.019024 -0.030540 -0.017652 -0.058837 -0.032655 -0.029554 -0.008060 0.000009 -0.000276 -0.001258 -0.001674 -0.000745 -0.000069 0.000588 0.006894 0.014600 0.032058 0.049505 -0.035782 -0.122158 -0.226017 -0.109191 -0.084671 -0.063549 -0.022070 -0.000756 0.001283 0.009188 0.024372 0.079728 0.000023 0.019787
