use_cases/Flooding_chicago/flooding_data/output/hUx_1800.asc
ncols 337
nrows 393
xllcorner 428428.000000
yllcorner 4602440.000000
cellsize 26.757400
NODATA_value -9999.000000
[rows 78 to 103 of 393, columns 236 to 294 of 337]
0.000083 0.000213 0.000162 0.000485 -0.000028 0.007817 0.042118 0.004500 -0.000004 0.002248 0.000818 0.010474 0.034418 0.457722 0.259618 0.109100 -0.024036 -0.000000 0.043580 0.149538 -0.006571 0.042260 0.025308 -0.045658 -0.118302 -0.174922 -0.391734 -0.469117 -0.695765 -0.547740 -0.840728 -2.667943 -2.066232 -1.929412 -0.809281 -0.551426 -0.010995 -0.000000 0.013870 0.954695 1.698987 0.997608 0.216702 0.116240 0.014630 -0.038234 -0.034486 -0.008221 -0.000000 0.016328 0.042118 0.068445 0.196689 0.066974 0.022449 0.192737 0.168677 -0.071426 0.073821
-0.118246 -0.546992 -0.243553 -0.009662 -0.000730 0.000257 0.000061 -0.000240 -0.000083 0.000347 0.000602 0.000318 0.015268 0.353254 -0.056619 -0.282079 -0.051480 -0.000000 0.007822 0.027676 0.386129 0.592493 0.252959 0.543513 0.521761 0.459958 0.145411 0.053754 0.145076 0.133072 -0.004818 -0.633267 -1.452730 -1.545036 -0.784608 -0.602584 -0.001668 0.000301 0.281058 1.196738 0.808987 0.592480 -0.001186 -0.004359 -0.030176 -0.033827 -0.014758 -0.019630 -0.001316 0.001421 0.001283 0.023328 0.368432 1.077982 0.941545 2.026651 1.105371 0.472263 0.184909
0.827877 0.723210 0.409374 0.215859 -0.002002 -0.002964 -0.000068 0.000091 -0.000176 -0.000422 -0.000133 0.000149 0.011576 0.025998 0.032825 0.003101 -0.019999 -0.000001 0.005089 0.014252 0.039187 0.003206 -0.000085 0.000208 0.000582 -0.000009 -0.000604 -0.000027 0.000151 0.000000 0.005969 0.076274 -0.836737 -0.954218 -0.880428 -0.901097 -0.312676 -0.173412 0.081377 0.605922 0.037193 -0.002164 -0.001218 -0.001782 -0.002568 -0.009173 -0.015269 -0.014017 -0.000492 0.000410 0.011831 0.043916 0.222060 0.165974 0.668940 0.634296 0.365164 0.163277 -0.001154
0.239336 0.309555 0.108268 0.069734 -0.022694 -0.011846 -0.001606 -0.000580 -0.000613 -0.000771 -0.000270 0.000473 0.014845 0.030403 0.022999 0.001984 -0.000041 -0.000106 0.000158 0.005756 0.017169 0.001215 -0.000427 -0.000124 0.000094 0.000401 -0.000067 -0.000123 -0.000099 0.000008 0.011323 0.020993 0.267819 -0.742068 -0.967186 -1.068497 -1.278273 -0.828953 -0.322877 -0.365649 -0.356322 -0.016815 -0.001209 -0.002950 -0.003556 -0.010372 -0.006045 0.006745 0.012627 0.004022 0.011556 0.335054 0.282699 0.255947 0.217014 -0.001886 -0.000380 0.000171 0.000280
0.014773 0.096763 -0.012240 -0.387431 -0.051265 -0.031931 -0.006534 -0.000423 -0.000473 -0.000786 0.000014 0.000967 0.012619 0.027485 0.022887 0.002656 0.000184 -0.000165 0.000355 0.004028 0.010590 0.002329 0.000649 -0.000375 -0.000219 0.000219 0.000375 -0.000086 -0.000180 0.000346 0.006539 0.024311 -0.025726 -0.161096 -0.630008 -0.904684 -0.954700 -0.679328 -0.561766 -0.510464 -0.228549 -0.209541 -0.032471 -0.007981 -0.000405 0.000097 0.009381 0.016125 0.013604 0.045549 0.598520 0.440307 0.421013 0.158023 -0.001971 -0.008543 -0.002802 -0.000027 0.000305
0.135586 0.095250 0.028433 -0.135064 -0.030238 -0.022631 -0.010838 -0.000540 -0.000823 -0.000813 0.000001 0.015689 0.010918 0.012298 0.004753 0.001442 0.000539 0.000511 0.009925 0.018995 0.024745 0.026442 0.029773 -0.001612 -0.000338 -0.001202 -0.003721 -0.000346 0.000180 0.004043 0.002734 0.028725 0.361042 -0.180674 -0.349975 -0.403086 -0.533740 -0.457501 -0.385647 -0.335389 -0.144492 0.065974 -0.135212 -0.058533 -0.009099 -0.000820 0.000358 0.000767 0.021854 0.070764 0.519854 0.452053 0.437465 0.113604 -0.086680 -0.070275 -0.020355 -0.000871 -0.000001
0.251713 0.172343 0.331170 0.188582 0.158576 -0.002791 -0.018232 -0.009642 -0.000404 -0.000442 -0.000278 0.000424 0.017181 0.040425 0.054321 0.012110 0.003111 0.001400 0.000599 -0.199843 -0.283175 -0.192093 -0.100389 0.000594 0.011463 0.006414 -0.001355 -0.000065 0.000276 0.001317 0.008097 0.004669 0.015248 0.476076 0.116238 0.107164 0.131261 0.167945 0.162810 0.188547 0.018425 -0.053466 -0.255658 -0.005294 -0.002362 -0.000664 0.000068 0.000708 0.011904 0.031180 0.333167 0.321516 0.303523 0.357216 0.272104 -0.011426 -0.001617 -0.004067 0.000010
0.128082 0.920698 1.057266 0.979105 1.612410 0.918990 -0.066878 -0.008531 -0.001177 -0.013031 -0.006649 0.000008 0.009628 0.026465 0.051141 0.054745 0.095555 0.085112 -0.181410 -0.442068 -0.351947 -0.246269 -0.195381 0.000790 0.055416 0.042886 -0.000074 0.000236 0.000082 0.000110 0.001772 0.001977 0.024273 0.541868 0.687478 0.707461 0.389974 0.539830 0.376230 -0.072255 -0.262604 -0.225267 -0.184289 -0.006251 0.001417 0.002192 0.000801 0.000648 0.001261 0.323104 0.297133 0.235536 0.085328 -0.018347 -0.146267 -0.028922 -0.006698 -0.000360 0.000360
0.206444 0.336767 0.268332 0.449837 0.382630 0.237870 -0.216955 -0.001493 -0.002795 -0.024684 -0.006528 -0.000222 0.000485 0.001764 0.012660 0.027080 0.016209 0.253970 0.188302 0.213636 0.404175 0.372513 0.296687 0.000003 0.007716 0.123120 0.198860 0.114266 0.078469 0.215174 0.228668 0.246267 0.535831 0.849559 1.012539 0.624262 0.355475 0.243755 0.100544 -0.405512 -0.372040 -0.314361 -0.199857 -0.002486 0.003362 -0.084982 -0.138878 -0.195712 -0.235627 -0.279475 -0.199688 -0.192146 -0.317132 -0.644933 -0.905311 -0.027497 -0.006698 -0.000360 0.000360
0.206087 0.357486 0.069339 0.194808 0.187281 0.191282 0.251052 0.177710 0.085933 -0.074018 -0.007589 -0.000246 -0.000052 0.000523 0.022488 0.188122 0.056410 0.013806 0.124101 0.140851 0.141588 0.093289 -0.000326 0.000208 0.011353 0.066943 0.167357 0.116858 0.126258 0.544753 0.698036 1.541883 1.273960 1.292433 1.143737 0.440347 0.000315 -0.070286 -0.172272 -0.498513 -0.748029 -0.889775 -0.329572 -0.348797 -0.327075 -0.431144 -0.292514 -0.144828 0.016324 0.104552 0.126457 0.133655 -0.003395 0.000230 -0.117637 -0.018539 -0.001686 0.000124 0.000295
0.687129 0.346416 0.264430 0.185909 0.358040 0.343593 0.332777 0.295592 0.375778 0.711937 0.501487 0.527395 0.546542 0.592307 0.273441 0.195234 0.226546 0.181632 0.283754 0.265794 0.166304 -0.080818 0.000233 0.000735 0.001656 0.006890 0.003182 0.001945 0.000950 0.645743 0.675031 0.662330 0.669897 0.508211 0.189644 -0.012587 -0.268697 -0.455219 -0.578012 -0.690279 -0.696857 -1.197009 -0.864820 -0.926612 -0.879927 -1.036518 -0.822778 -0.632786 -0.601342 -0.300346 -0.222524 -0.324809 -0.014854 -0.023880 -0.058553 -0.019429 -0.000083 0.009886 0.008273
0.326191 0.304629 0.173476 0.105131 0.117142 0.144920 0.216956 0.176169 0.222475 0.262678 0.275962 0.303784 0.311700 0.290472 0.391517 0.328002 0.523105 0.455501 0.717318 0.802092 0.913539 1.001465 0.771892 0.522804 0.478877 0.826480 0.648898 0.605382 0.600159 0.888910 0.663136 0.179860 0.069865 0.017519 -0.076752 -0.194287 -0.424960 -0.482276 -0.574451 -0.570474 -0.318762 -0.099013 -0.252346 -0.327115 -0.594545 -0.631901 -0.475519 -0.384768 -0.237388 -0.034203 0.048135 -0.160482 -0.031787 -0.000122 -0.009789 -0.012504 -0.015219 0.000008 0.029202
0.411234 0.431610 0.476642 0.133963 0.122290 0.051822 0.100779 0.076366 0.096065 0.111695 0.126071 0.147798 0.149455 0.092938 0.264050 0.289345 0.296021 0.695613 0.797139 0.969666 1.057596 1.081444 0.797734 1.044855 0.519829 0.906020 1.238900 0.999675 0.496094 0.286992 0.095685 -0.121374 -0.563486 -0.696886 -0.763761 -0.560930 -0.992262 -1.078016 -1.583566 -1.449618 -1.636721 -0.377965 -0.004645 -0.000734 0.091550 0.021611 0.093529 0.260811 0.489744 0.360527 0.250966 -0.032063 -0.020269 -0.002616 -0.003123 -0.008125 -0.000305 0.000398 0.020187
0.331624 0.443699 0.400614 0.167370 0.124157 0.346655 0.364479 0.465376 0.308587 0.344536 0.316357 0.324390 0.257872 0.190088 0.321144 0.324618 0.675378 0.610673 0.668595 0.518853 0.390486 0.253212 -0.064098 -0.000506 -0.000429 0.000203 0.016177 0.131220 0.057841 -0.000289 0.000130 0.000552 -0.216562 -0.565882 -0.984696 -0.643594 -0.651058 -1.009495 -1.099958 -1.827546 -2.643464 -1.178475 -0.000691 0.241642 0.465005 0.306004 0.319599 0.511134 0.563500 0.476624 0.249221 -0.097783 -0.451942 -0.007584 -0.000670 0.000015 0.000682 0.005340 0.004109
1.013284 0.879078 1.116247 0.527478 0.432675 0.409514 0.593346 0.337037 0.334276 0.487384 0.472618 0.543194 0.430138 0.475287 0.630293 0.850365 1.389108 0.821229 0.743311 0.992454 0.532307 0.490788 0.187073 -0.001315 -0.003216 -0.007144 -0.001204 0.000191 0.000333 0.000424 0.000420 0.006623 0.017832 0.153820 -1.025374 -1.038663 -0.855728 -0.742117 -0.728029 -0.643718 -1.299742 -0.961780 -0.494419 0.089358 0.845910 0.418956 0.430393 0.482590 0.512270 0.418688 0.367053 0.178830 0.155527 0.147388 -0.000604 0.000351 0.005885 0.004192 0.003603
0.388720 -0.071847 -0.112994 0.126580 -0.053806 -0.035668 0.019125 0.050391 0.172295 0.286731 0.261814 0.263496 0.253347 0.275070 0.534529 0.658896 0.636944 0.529504 0.397257 0.271703 0.156512 -0.326453 -0.024010 -0.009560 -0.002886 -0.023036 -0.022376 -0.000008 0.000204 0.000434 0.000526 0.005072 0.011304 0.009254 0.001197 -0.200243 -0.520325 -0.495261 -0.652776 -0.658961 -0.412591 -0.140147 0.164755 0.446850 1.196339 0.839115 0.888412 0.790273 0.657605 0.519158 0.424537 0.197183 0.175029 0.161600 -0.008256 0.000013 0.013609 0.032385 0.023689
0.010746 0.054641 0.963064 0.531214 0.395203 0.299049 0.218066 0.107546 0.220953 0.349961 0.369554 0.312049 0.271354 0.282643 0.531476 0.593275 0.569884 0.404905 0.145847 -0.086715 -0.370343 -0.832032 -0.016704 -0.005483 0.000001 -0.000747 -0.002143 -0.000279 0.000458 0.001743 0.000757 0.000000 0.006710 0.015733 0.021917 0.014220 0.014015 0.001993 -0.009391 -0.127429 0.075793 0.407281 0.714559 0.972394 1.720339 1.704609 1.611584 1.602374 1.097334 1.016786 0.641084 0.562795 0.533627 0.177705 0.000309 0.000285 0.019188 -0.088297 -0.212110
0.141636 0.238795 0.199215 1.636285 0.909566 0.550078 0.298980 0.369011 0.319811 0.361135 0.238693 0.210343 0.084005 -0.086941 0.447411 0.598810 0.653748 0.313407 0.248964 0.077830 -0.146158 -0.030626 -0.006887 -0.000579 0.000070 0.000061 -0.000774 -0.000234 0.000801 0.007846 0.024786 -0.000131 0.000367 0.000614 0.007067 0.010335 0.018547 0.015048 0.023764 0.492664 0.898029 1.066135 1.241318 1.395346 1.649786 1.459140 1.104214 0.326759 0.000809 -0.086188 -0.084266 -0.048279 -0.000188 0.349089 0.309496 0.140007 -0.392375 -0.664762 -0.486142
0.321893 0.187249 0.330110 1.681717 0.884007 0.804305 0.679922 0.523853 0.646025 0.859846 0.757890 0.840388 0.738709 0.687863 0.654128 0.603521 0.210345 0.133152 -0.021194 -0.026235 -0.075584 -0.020749 -0.012974 -0.006354 0.000000 0.000282 0.000453 0.000000 0.010002 0.017660 0.020513 -0.010597 -0.006796 -0.000289 -0.001341 0.000000 0.009756 0.023423 0.035754 0.752664 1.690500 1.510933 1.446105 1.359162 0.128423 -0.008073 -0.000407 -0.000082 0.000333 0.003526 0.017472 -0.019051 -0.008136 0.000006 0.295642 1.175487 0.868769 0.630593 0.333772
0.412960 0.290614 0.150757 0.118738 0.067771 0.072398 0.121460 0.174041 0.314957 0.367281 0.290179 0.320161 0.402702 0.423228 0.383962 0.259141 -0.043727 -0.014810 -0.033658 -0.017718 -0.050325 -0.015002 -0.031365 -0.023173 -0.007893 0.000000 0.007826 0.014063 0.018032 0.032743 0.547378 0.215635 -0.037935 -0.032393 -0.022982 0.000000 0.005094 0.009312 0.032158 0.712560 1.516471 1.601566 0.651154 -0.161118 -0.007710 -0.004212 0.000000 -0.001232 -0.000261 0.006289 0.010222 0.000209 0.000325 0.000338 0.024062 0.325451 0.274018 0.158725 0.000793
0.355537 0.274336 0.177413 -0.255120 -0.262501 -0.261307 -0.172775 -0.057488 0.255856 -0.498361 -0.605371 -0.652769 -0.665333 -0.845457 -0.149873 0.062876 -0.103205 -0.097177 -0.017624 -0.038946 -0.054669 -0.108486 -0.019076 -0.006460 -0.000190 0.000134 0.013377 0.024322 0.023418 0.071426 0.528545 0.324353 -0.357458 -0.032830 -0.017236 0.000000 0.012326 0.022324 1.317520 0.538217 0.954850 0.154502 -0.701497 -0.309357 -0.066634 -0.049373 -0.031259 -0.014652 -0.008004 -0.000497 0.000072 0.006958 0.011797 0.002503 0.013717 0.038057 0.373580 0.374146 0.400518
0.142468 0.142640 0.098427 -0.199538 -0.256230 -0.168818 0.003056 0.221278 0.293132 0.826937 0.382350 0.148890 -0.058959 -0.372804 -0.075867 0.045649 -0.153084 -0.086054 -0.040579 0.000000 -0.044391 -0.110503 -0.023424 -0.009001 -0.000062 0.000087 0.007226 0.020563 0.020144 0.001447 0.027345 -0.083866 -0.160822 -0.433704 -0.009814 0.000000 0.007776 0.048688 2.263570 1.080384 -0.575035 -0.895983 -0.147210 -0.173025 -0.057631 -0.041676 -0.028913 -0.016020 -0.013535 -0.006320 0.000000 0.003663 0.009791 0.002066 0.015224 0.014217 0.022370 0.319652 0.340151
-0.000077 0.000008 0.000177 0.000418 0.008741 0.063580 0.027752 0.320934 0.429847 0.318537 -0.173531 -0.514547 -0.505520 -0.851400 -0.219167 -0.028275 -0.247452 -0.061338 -0.026824 -0.041778 -0.029866 0.002089 0.008860 0.000192 -0.000002 0.008770 0.044685 -0.122428 -0.243643 -0.179363 -0.115522 -0.065293 0.055333 0.096648 -0.000405 0.005644 0.017416 0.049912 0.374038 0.459827 -0.031155 -0.711677 -0.183386 -0.173369 -0.049242 -0.014889 -0.005004 -0.019675 -0.010654 -0.000395 0.000023 0.000284 0.002940 0.001874 0.017025 0.202961 0.237306 0.243321 0.351260
-0.016415 -0.003663 0.000000 0.005350 0.016964 0.145793 0.405792 0.656530 0.513179 0.034292 0.006873 0.050708 0.041097 -0.699107 -0.201317 0.030398 0.048327 -0.006819 0.000000 0.068148 -0.007160 0.014461 0.018956 0.065475 0.032336 0.161922 0.624909 0.118568 0.130025 0.285255 0.281757 0.223419 0.300474 0.199720 -0.000007 0.008199 0.034838 0.445731 0.436142 0.803222 0.214459 -0.704709 -0.296569 -0.314434 -0.364193 -0.020791 -0.001110 -0.001261 -0.000386 -0.000046 0.000200 0.129229 0.465401 0.086393 0.367780 0.536913 0.918000 1.891572 0.577160
-0.001665 -0.000622 -0.000067 0.000464 0.011381 1.192281 1.119287 1.234669 0.844049 -0.000360 0.000360 0.006827 -0.233445 -0.084607 -0.147248 -0.890432 -0.021589 -0.007143 0.000000 0.008319 0.166244 0.028399 0.046944 0.040938 0.044177 0.181894 0.920826 0.726442 0.582828 0.608796 0.515630 0.529349 0.443729 0.578058 0.428749 0.182002 0.916640 1.062061 1.559150 1.810071 0.719632 -0.670963 -0.982191 -0.555491 -0.189363 0.077208 -0.098043 -0.130362 -0.063240 -0.089630 -0.068212 0.074105 0.353297 0.326455 0.095823 0.106692 0.113453 0.148986 0.092258
0.077264 0.031337 -0.000094 0.000223 0.188198 0.721511 0.603177 0.465086 0.321523 -0.000360 0.000360 0.007416 0.140847 0.504363 0.470985 -0.506987 -0.016957 -0.005882 0.000000 0.009018 0.020176 -0.067656 -0.035143 -0.000394 0.000117 0.007432 0.299085 0.239789 0.138218 0.003634 -0.105776 -0.024500 -0.063640 0.000003 0.892101 1.009560 2.054940 1.646857 1.822725 1.150229 0.844056 0.080990 -0.209010 -0.249152 -0.111073 -0.111145 -0.571033 -0.185549 -0.053550 0.000268 0.142177 0.234259 0.145781 0.065096 -0.082074 -0.006665 0.000149 0.001055 0.011231
