use_cases/Flooding_chicago/flooding_data/output/hUx_3600.asc
ncols 337
nrows 393
xllcorner 428428.000000
yllcorner 4602440.000000
cellsize 26.757400
NODATA_value -9999.000000
[rows 78 to 103 of 393, columns 236 to 294 of 337]
0.000000 0.000015 -0.000208 -0.000279 -0.000000 0.000136 0.002208 0.000034 -0.000000 0.000012 0.000004 0.000281 0.134866 -0.102241 -0.144002 -0.114133 -0.123975 -0.000000 0.006665 -0.013889 0.362999 1.424622 1.438062 1.192537 0.633969 0.059352 -0.631618 -1.225736 -2.055477 -2.350706 -3.352344 -6.846253 -5.759946 -5.125124 -3.080486 -3.004359 -0.868819 -0.039118 0.703028 3.869542 3.905168 2.656298 0.625698 -0.080004 -0.552961 -0.347153 -0.015429 -0.000105 -0.000000 0.000382 0.002876 0.790130 2.031088 2.414278 3.214694 5.922645 8.605528 8.380016 7.950147
0.489111 0.350897 0.217307 0.114577 -0.000005 0.000002 -0.000001 -0.000002 -0.000000 0.000002 0.000003 0.000001 0.000373 0.652247 0.435831 0.261502 -0.240376 -0.000000 0.019451 0.234131 0.876949 1.715266 0.266180 -0.591973 -0.620693 -0.656382 -0.656214 -1.141700 -0.984854 -0.798601 -1.421977 -3.423723 -4.654910 -4.722834 -3.398724 -3.388306 -1.223008 -0.605886 1.348924 3.114580 2.251847 1.577651 0.026801 -0.321734 -0.636262 -0.131912 -0.009217 -0.011150 -0.000012 0.000010 0.000008 0.741447 2.260792 4.556355 5.151180 7.975357 7.451681 6.033947 4.118110
1.382884 1.177233 0.761366 0.578993 -0.000012 -0.000022 -0.000000 -0.000000 -0.000001 -0.000001 -0.000000 0.000000 0.000283 0.002613 0.119298 0.171517 -0.059509 -0.000000 0.000070 0.312790 0.399343 0.179133 0.112343 0.184568 0.620410 0.310098 0.036057 0.137825 0.208737 0.000000 -0.159091 -1.586383 -3.370703 -3.621225 -3.735725 -4.139392 -2.742343 -1.529253 -0.539552 0.773087 0.084291 0.104972 0.304201 0.223668 0.118604 -0.006641 -0.013093 -0.012111 -0.000003 0.000002 0.157243 1.060175 2.062634 2.330830 4.105842 3.521299 2.348575 1.489835 0.261174
0.794268 0.625613 0.234403 0.205936 -0.060361 -0.000218 -0.000013 -0.000002 -0.000002 -0.000002 -0.000001 0.000002 0.000501 0.000993 0.000973 0.000012 0.000002 -0.000000 0.000000 0.001157 0.177019 0.166599 0.306730 0.053612 0.050415 0.041814 0.015222 0.007394 0.003537 0.000001 0.017774 -0.544183 -1.387120 -2.415209 -3.650095 -4.090008 -4.480352 -3.144116 -1.694196 -1.709616 -1.394538 -0.532881 -0.027211 0.046477 0.047220 0.009737 -0.020662 -0.038512 -0.034896 0.016560 0.777112 2.149648 1.981772 1.991291 1.760073 0.482193 0.369704 0.143728 0.034776
0.724930 0.781953 0.710573 0.558963 0.333136 -0.052070 -0.000091 -0.000001 -0.000002 -0.000004 -0.000001 0.000004 0.000414 0.000982 0.000895 0.000013 0.000002 -0.000000 0.000001 0.003526 0.416943 0.475766 0.776802 0.227289 0.151222 0.067279 0.031176 0.037994 0.001319 0.000258 0.011481 -0.498095 -1.260664 -1.825397 -3.236795 -4.082793 -4.589307 -3.921184 -3.922722 -4.233036 -3.231201 -1.992399 -0.282080 0.006668 -0.000002 0.000001 -0.025641 -0.041008 -0.031624 0.189279 0.682444 1.431986 1.613521 1.288002 0.564830 0.615927 0.003583 0.000576 0.000032
0.575441 0.453062 0.364521 0.340345 0.183804 -0.053412 -0.000468 -0.000001 -0.000003 -0.000002 -0.000000 0.000321 0.000184 0.000210 0.000067 0.000014 0.000004 0.000002 0.000113 0.716838 1.650894 1.820253 2.757003 2.400036 2.386395 2.004545 1.668622 0.095852 0.025053 0.056219 0.020723 -0.435909 -1.211904 -2.240692 -2.666861 -2.843712 -3.495040 -3.331377 -3.430387 -3.836351 -3.250695 -1.852125 -0.773109 -0.197061 -0.025320 -0.000000 0.000006 0.000004 0.134791 0.207780 0.733847 1.032544 1.189243 0.662022 0.743006 0.773402 -0.011699 -0.000006 -0.000000
1.018000 1.083676 1.384845 1.082917 0.725732 0.004974 -0.154677 -0.008484 -0.000001 -0.000001 -0.000001 0.000001 0.000593 0.001516 0.004778 0.000207 0.000196 0.308263 0.404880 2.438993 2.735392 3.150250 3.394553 2.620387 3.613737 2.982885 1.373485 1.012220 0.611632 0.293381 0.354280 0.237564 0.646485 0.156744 -0.342313 -0.351106 -0.084935 -0.246145 -0.560205 -0.855594 -1.121512 -1.002109 -0.635989 -0.084788 -0.055622 0.000025 0.000027 0.000005 0.202920 0.612609 1.220872 1.139780 0.631695 0.376378 0.423156 -0.019834 -0.000003 -0.000039 0.000000
0.923405 1.007490 1.085537 0.977025 0.830828 0.321000 0.253011 0.096465 0.001009 -0.008830 -0.000080 0.000000 0.000248 0.000827 0.005243 0.607069 1.036430 1.841969 2.053910 3.364850 3.425178 3.767920 4.239749 2.544008 3.720972 3.159944 1.181218 1.536484 1.131652 0.801412 0.569195 0.411684 1.365867 2.178940 2.684553 2.771819 2.082125 2.432029 1.436815 0.159147 -0.338669 -0.980777 0.128165 0.484456 0.774573 0.998536 1.174873 1.348877 1.488049 3.084204 2.786534 2.886039 1.983635 1.171023 0.725095 -0.325563 -0.000078 -0.000001 0.000001
0.730157 0.670766 0.702138 1.034709 0.777135 0.466000 0.327843 0.147300 0.101404 0.085260 -0.006982 -0.000001 0.000001 0.000015 0.006890 1.087318 1.128882 2.153951 3.105138 2.990631 3.590426 3.641999 3.574818 0.589725 1.196548 2.759290 4.515315 4.143315 4.459289 5.434456 4.156999 3.729467 5.209605 5.790204 5.650388 4.918699 3.872059 3.064909 2.138553 0.771171 -0.082502 0.310469 0.583485 0.742105 1.039138 1.722303 1.712381 1.922297 2.139531 3.351243 3.586537 2.624449 2.134440 0.761994 0.427830 -0.375045 -0.000078 -0.000001 0.000001
0.264424 0.499057 0.512264 1.047402 1.389108 1.370075 1.296553 1.124996 1.138910 1.347314 1.170522 0.685613 0.467827 0.544036 1.862002 2.698510 2.592366 2.644198 3.595443 2.957900 2.280148 2.730093 0.854701 0.750565 1.526149 3.171840 4.946429 4.681581 5.015152 7.020200 7.658914 10.164171 7.726736 7.384637 7.229261 5.164095 3.800638 3.123829 2.395391 1.399965 0.569297 0.500302 0.695345 1.215842 1.748143 2.484215 2.470767 2.628946 2.793616 2.675735 2.398088 2.407734 1.524621 0.661226 0.830883 -0.047862 -0.000007 0.000000 0.000000
0.694737 0.649683 0.773468 0.881520 1.639709 1.751136 1.854442 1.842063 2.115402 2.918688 2.521475 2.789696 3.129857 3.781946 3.543529 3.632650 4.273421 4.037497 5.208389 5.155247 4.160636 4.593892 2.891391 3.341039 2.911637 3.601315 3.101900 2.818423 2.556852 6.408239 7.651036 7.237119 6.945666 5.980936 4.197381 3.319898 3.110037 2.449794 1.235484 0.938117 1.097089 1.810384 1.441468 1.619015 1.754638 2.128428 2.033512 2.033286 2.558450 2.094687 2.104785 1.821163 0.849912 0.550651 0.271546 -0.056236 -0.000000 0.000075 0.000068
0.930759 0.946159 0.904467 1.026305 1.875021 2.083324 2.307892 2.277704 2.553218 2.843026 3.110433 3.419274 3.773605 4.377155 4.449954 3.887830 4.727466 4.464046 5.773452 6.020827 6.296940 7.153995 6.492323 6.060814 6.470885 8.245932 7.524507 7.202806 7.045695 8.423479 8.959115 8.464326 7.094409 6.689646 4.538762 3.465101 2.797783 1.638431 0.789879 0.478495 1.430526 2.145699 0.720152 0.655237 0.867595 1.048821 1.065419 1.398448 1.709491 1.942398 1.577232 1.355594 0.682443 0.200889 0.434278 0.024127 0.008214 0.000000 0.001403
0.852413 0.905043 1.111123 0.962547 1.489144 1.828891 2.300944 2.502583 2.766104 3.010163 3.262036 3.549106 4.004896 4.029696 4.058235 3.581089 3.648170 5.089158 5.757573 6.251115 6.344865 7.360675 6.629289 7.938369 6.057120 7.610858 8.546280 7.835778 5.714359 5.150975 4.392047 5.343833 4.613103 4.280811 3.341780 1.795911 0.772891 -0.368118 -1.423845 -1.393472 -1.465340 -0.269905 0.477723 0.989419 2.266790 2.744912 2.801751 3.027140 3.337423 2.627032 2.338180 1.569633 0.754346 0.241113 0.151744 0.088570 -0.000001 0.000001 0.000777
0.996131 1.085093 1.226096 0.997588 1.130653 1.888792 2.007223 2.690346 2.368788 2.867907 2.910594 3.214969 3.202371 3.079829 3.723105 3.371104 4.586437 4.570883 5.113936 4.567728 4.161695 4.305261 3.595870 2.750950 2.393049 1.595646 1.695110 2.654206 2.680275 1.343845 0.862011 0.401082 -0.027981 -0.011901 -0.197491 -0.241430 -0.388709 -0.698375 -0.825314 -1.418754 -2.933901 -0.667474 0.644520 2.248656 4.133596 4.576599 4.402675 4.449972 4.044380 3.442509 2.597815 1.575978 1.178681 0.251296 -0.000003 0.000000 0.000003 0.000059 0.000045
1.238178 1.287154 1.654976 1.222143 1.261597 1.422086 2.015277 1.742957 1.897246 2.453909 2.512379 2.848481 2.694457 3.052480 3.531535 4.054792 5.336238 4.158003 3.930742 4.327960 3.010888 3.025581 2.455233 0.628255 0.276354 0.098481 -0.000006 0.000014 0.000005 0.000004 0.000001 0.002376 -0.896665 -1.261039 -1.067158 -0.739512 -0.563246 -0.537328 -0.435141 0.032484 -0.263800 -0.286768 1.503557 3.386452 6.994052 5.774314 5.441473 4.753976 4.600812 3.564630 2.900267 1.991248 1.771360 1.697973 -0.000002 0.000001 0.000062 0.000042 0.000019
0.683559 0.857579 0.868936 1.025850 0.744568 0.931372 1.080101 1.100503 1.785401 2.134658 2.161087 2.317961 2.539861 2.934555 3.697495 3.661170 3.750951 3.596839 3.222884 2.682239 2.277874 1.832508 1.307677 -0.003579 -0.000014 -0.000928 -0.000852 -0.000000 0.000000 0.000001 0.000001 0.000082 0.000179 0.000334 0.000003 -0.002885 0.000832 -0.080239 -0.137278 0.018484 0.450907 1.126698 2.266880 3.233680 5.714612 3.767902 3.122376 2.614682 2.768883 2.323993 1.988437 1.417085 1.310899 1.331830 0.128777 0.000000 0.000375 0.001462 0.281741
0.419406 0.325465 0.637465 0.540341 0.503386 0.647925 0.789582 0.864709 1.447857 2.025963 2.135177 2.050285 2.206883 3.069167 3.338795 3.363398 3.594677 3.407998 2.766644 2.017064 1.459049 1.019161 -0.001820 -0.000070 0.000000 -0.000004 -0.000009 -0.000001 0.000002 0.000008 0.000004 0.000000 0.000084 0.000219 0.000298 0.153522 -0.365137 -0.199440 0.524548 0.438232 0.835518 1.670129 2.661361 3.391518 4.588956 3.310338 2.538894 2.516412 2.400159 2.826701 2.572351 2.736928 3.168557 2.743794 1.355106 0.738026 0.455360 0.246950 0.420998
0.502695 0.580824 0.397601 0.710511 0.482972 0.546438 0.816128 1.288590 1.422014 1.869150 1.687418 2.009661 1.868766 2.392407 3.121588 2.963772 3.269556 2.549520 2.275268 1.867155 1.095114 0.519621 -0.000083 -0.000002 0.000000 0.000000 -0.000001 -0.000001 0.000003 0.000112 0.000534 -0.000000 0.000001 0.000002 0.000090 0.000153 0.000237 0.238335 0.718330 1.018667 1.874086 2.452737 3.136226 3.629001 3.085419 0.991222 0.619440 0.831549 0.564203 0.886911 1.140830 1.635483 1.638028 4.146775 3.754319 3.614493 2.642663 1.544984 0.927918
0.661312 0.563185 0.865267 1.176203 0.941248 1.147834 1.222862 1.244528 1.583014 1.967079 1.831118 2.004893 2.048414 2.307903 2.387953 2.582290 2.033262 2.104698 1.349239 1.006602 0.521459 -0.156235 -0.000144 -0.000075 0.000000 0.000001 0.000008 0.000000 0.000121 0.000262 0.001464 -0.000961 -0.000101 -0.000000 -0.000005 0.000000 0.000100 0.000220 1.358596 1.486181 2.870281 2.987211 3.028629 2.677334 1.364979 -0.032378 -0.000003 0.000000 0.000002 0.029852 -0.000570 0.054863 -0.043924 0.000000 2.296434 5.386263 3.760112 2.147655 1.344875
0.634261 0.554192 0.471458 0.795066 0.734266 0.893024 0.995643 1.013773 1.259015 1.446466 1.131420 1.122863 1.296663 1.528789 1.731655 1.597554 1.336541 1.030149 0.947549 0.206796 0.076683 -0.000795 -0.000583 -0.000456 -0.000123 0.000000 0.000128 0.000179 0.000234 0.112432 0.289627 0.415654 0.360001 -0.071627 -0.000418 0.000000 0.000040 0.000074 2.125391 1.869771 2.763983 2.642131 0.629431 -1.372964 -0.252462 -0.000027 0.000000 -0.000001 -0.000000 0.000075 0.000323 -0.000000 0.000000 0.000000 0.280690 2.173062 1.736477 1.311253 0.415752
0.358237 0.323470 0.284738 0.445377 0.311562 0.419942 0.389195 0.589592 1.554544 0.490641 0.148474 0.056218 0.147018 0.346795 0.793576 1.036353 1.318995 1.115667 0.390248 0.086575 -0.249113 -0.333519 -0.000401 -0.000157 -0.000000 0.000000 0.000319 0.000493 0.085332 -0.209301 -0.433515 -0.766189 -0.629111 -0.879827 -0.000292 0.000000 0.000158 0.142414 2.268891 2.477713 2.914849 1.113984 -1.381429 -2.393385 -1.140682 -0.396592 -0.000646 -0.000212 -0.000116 -0.000001 0.000000 0.000079 0.000189 0.000010 0.000254 0.459027 1.453047 1.602089 1.517754
0.190011 0.193216 0.234738 0.390996 0.252811 0.193888 0.287182 0.814484 1.028861 1.615533 0.998185 0.748604 0.622982 0.706561 0.941697 1.124022 1.215709 0.807085 0.382511 0.000817 -0.219580 -0.210135 -0.002080 -0.000190 -0.000000 0.000000 0.000150 0.001562 0.107241 0.100774 0.218234 0.154601 0.199247 0.217148 -0.000147 0.000000 0.000085 2.105046 3.744837 2.529079 -0.355499 -0.318015 -0.347341 -1.200142 -0.602887 -0.348571 -0.000901 -0.000220 -0.000183 -0.000073 0.000000 0.000029 0.000153 0.000008 0.000350 0.000248 0.287781 1.363157 1.314314
0.013044 0.015156 0.004786 -0.000462 0.171232 0.422205 0.584753 1.137596 1.399799 1.341108 0.975713 0.724612 0.540394 0.408396 0.822397 1.136830 1.340201 0.902688 0.297040 0.088107 -0.297644 -0.233198 0.115578 0.198948 -0.000000 0.012844 -0.450907 -0.075879 0.261995 0.288506 0.209080 0.226193 0.296408 0.299341 -0.000001 0.000092 0.014374 1.233621 2.186080 2.559908 1.456334 0.677561 0.129566 -0.572262 -0.392615 -0.103017 -0.000041 -0.000632 -0.000180 -0.000000 0.000000 0.000000 0.000013 0.000010 0.000443 0.152642 0.534757 0.731575 1.046534
-0.088631 -0.000029 0.000000 0.000084 0.122409 0.212878 0.590770 1.296527 1.873616 1.352770 0.666782 0.547184 0.727589 -0.038894 0.698334 1.117980 1.253799 0.339508 0.000091 0.176394 0.313669 0.659888 1.152309 1.381968 0.910362 1.859572 1.512015 1.765437 1.571299 1.433751 1.183029 0.971215 0.960046 0.742654 0.036830 0.847377 2.587393 4.250422 3.880105 4.648491 2.890201 1.356385 0.315251 -0.338516 -0.650897 -0.421911 0.011349 0.090715 0.000028 0.000030 0.000007 0.099658 0.387190 0.094887 0.351604 0.462892 1.166686 1.746829 1.125064
0.013831 -0.004579 -0.000000 0.000004 0.239398 0.585019 0.726660 0.815944 0.583968 0.023602 0.046731 0.779026 0.762998 0.562136 0.923902 0.840394 -0.306283 -0.000107 0.000000 0.000147 0.917225 0.689191 0.716690 0.699152 0.837948 1.755983 1.865120 2.150681 1.854182 1.893001 1.933694 2.216172 2.028758 2.453068 2.922332 3.339995 6.325299 5.893856 6.211815 6.377479 4.335357 1.500504 0.497905 0.440576 0.391992 0.200632 0.164800 0.316263 0.443312 0.572555 0.388772 0.718915 0.695215 0.520230 0.124068 0.100693 0.085855 0.553204 0.657897
0.619904 0.787820 0.686480 0.790207 1.748070 1.749959 1.492637 0.730078 0.299606 0.017300 0.055017 0.766158 0.911194 1.194860 1.484102 1.082124 -0.111788 -0.000083 0.000000 0.000204 0.000408 -1.505348 -1.365698 -0.023488 0.011727 0.093359 0.597634 0.723159 0.551331 0.661504 1.201225 1.043610 1.454762 1.318740 4.050525 4.358444 7.018602 6.144839 6.366443 4.795678 4.105879 2.281521 1.911720 1.570392 1.347776 0.864273 0.684807 0.510917 0.310100 0.000086 0.200807 0.197282 0.178083 0.125595 -0.043450 -0.000069 0.000005 0.000006 0.000413
