use_cases/Flooding_chicago/flooding_data/output/hUx_2100.asc
ncols 337
nrows 393
xllcorner 428428.000000
yllcorner 4602440.000000
cellsize 26.757400
NODATA_value -9999.000000
[rows 104 to 129 of 393, columns 177 to 235 of 337]
-0.144191 -0.131182 -0.173697 -0.390996 -0.015294 -0.001285 -0.009132 -0.004142 0.000000 0.003070 0.002095 0.013959 0.022954 0.061737 0.358870 0.212145 0.592889 1.044513 1.047184 1.011849 0.774864 0.499369 0.277381 0.179518 0.069398 0.068772 0.022814 -0.067562 -0.093334 -0.072460 -0.026733 0.021026 0.071397 0.122822 0.082210 -0.000001 0.008855 0.215213 0.544697 0.103943 0.062427 0.102791 0.639430 0.727217 0.459307 -0.096507 0.002763 0.004202 -0.734841 -0.271367 0.000028 0.024541 0.000398 0.006299 0.105023 1.297210 0.290467 0.320223 0.259899
0.000286 0.039626 0.052509 0.040498 0.042011 0.012185 -0.069663 -0.021915 -0.006653 -0.000034 0.000688 0.008634 0.059531 1.423415 2.184249 2.035427 1.972168 2.058165 2.305486 1.858818 1.593190 1.275572 1.033717 0.879862 0.873800 0.802846 0.818124 0.474930 0.313850 0.041152 0.059807 0.070390 -0.042434 -0.346383 -0.006027 -0.000058 0.000792 0.009945 0.143224 0.069963 0.035358 0.065689 0.511902 0.732139 0.283031 -0.000360 0.000360 0.013451 0.750639 0.588495 0.752064 0.754231 0.518419 0.439335 0.416495 2.825092 1.307689 1.435764 1.588840
-0.000017 0.009163 0.021506 0.345586 0.803045 0.913066 1.136327 0.708610 -0.135808 -0.012609 0.000020 0.008578 0.033727 0.149420 -0.404952 -0.442590 -0.642268 -0.878695 -1.003788 -0.709816 -0.623589 -0.645003 -0.720630 -0.659212 -0.690025 -0.471868 -0.293663 -0.107346 -0.036131 -0.000801 0.000190 -0.077692 -0.030864 -0.024840 -0.011398 0.000022 0.013470 0.019918 0.064205 0.023325 0.026331 0.017836 0.088229 0.010298 -0.023385 -0.000360 0.000360 0.242794 0.911342 0.577716 0.004396 0.001214 0.136007 0.251630 0.320612 0.581589 0.565298 0.415761 0.480948
-0.000712 -0.000216 0.000144 0.144292 0.399381 0.619567 0.713098 1.323724 1.604861 1.422658 1.360461 1.110380 1.788862 1.078022 0.426031 0.132752 -0.218326 -0.669350 -1.209501 -1.401540 -1.549861 -1.217541 -0.820937 -0.596054 -0.453230 -0.415628 -0.331177 -0.249818 -0.019734 -0.012027 -0.000367 -0.000411 -0.008242 -0.003399 0.001595 0.000862 0.010288 0.021433 0.049624 0.081041 0.015769 0.011430 0.578483 0.712095 0.632123 0.849002 0.979879 0.645086 1.301950 1.217131 1.218642 0.830895 0.609468 0.607014 1.139065 0.315120 -0.121918 -0.001379 0.004112
-0.040150 -0.006594 0.000000 0.177111 0.456504 0.364782 0.136303 0.442823 0.453328 0.113981 0.471437 0.405785 0.173756 -0.008108 -0.000426 -0.000301 0.000001 0.004055 0.008764 0.001244 0.119051 0.624659 1.781508 0.806416 0.639124 0.480184 -0.055573 -0.040350 -0.030225 -0.032345 -0.006922 -0.000165 0.000116 0.008697 0.029963 0.048464 0.093112 0.141425 0.445539 0.226402 0.266464 0.858300 1.373291 1.566440 1.314520 1.633320 0.957612 1.983941 1.622322 1.366934 1.186922 1.297562 1.442883 1.870494 1.865665 1.084109 0.429496 0.001349 0.002947
-0.180295 -0.045962 0.000000 0.258944 0.898429 0.062364 0.070204 0.078078 0.052724 -0.004225 -0.012361 -0.008154 -0.000855 -0.010975 -0.007875 -0.000663 0.000068 0.000711 0.007074 0.016507 0.025628 0.188736 0.331441 -0.028261 -0.037075 -0.052981 -0.047923 -0.018763 -0.001219 -0.003146 -0.000441 -0.000549 -0.000103 0.000604 0.010947 0.038487 0.029820 0.023565 0.033794 0.407036 0.430709 1.325645 1.791573 1.239285 1.445610 0.795875 0.614182 0.312684 0.102532 0.023208 0.007585 0.377963 0.652771 1.351374 1.350073 0.770605 0.543539 0.159529 0.009930
-0.002353 0.157488 0.009458 0.441514 0.269151 0.098682 -0.021182 -0.054530 -0.008515 -0.030305 -0.014384 -0.008360 -0.000682 -0.000250 -0.000267 -0.000418 0.000446 0.000787 0.007107 0.027354 0.054658 0.234108 -0.407966 -0.012159 -0.005095 -0.001688 -0.017463 -0.018569 0.000001 -0.005874 -0.001483 -0.004553 -0.000544 0.000304 0.000573 0.007208 0.026035 0.026144 0.068965 0.427679 0.528700 0.824430 0.621151 0.176858 -0.038894 -0.008544 -0.000003 -0.000071 -0.000095 0.000402 0.009685 0.165391 0.257575 0.829847 0.636675 0.339063 0.273339 0.016210 0.004132
0.070285 0.702268 0.939528 0.832697 0.511879 0.000000 0.000617 0.001232 -0.011541 -0.041510 -0.014295 -0.008215 -0.000406 0.000312 0.000649 0.000455 0.000443 0.000452 0.011131 0.045568 0.059135 -0.192475 -0.021825 -0.014775 -0.000583 -0.000846 -0.001222 -0.001738 0.000019 0.006026 0.000579 -0.001072 -0.000106 0.000237 0.000352 0.013319 0.020514 0.041393 1.111580 1.335252 1.240770 1.265766 0.454774 -0.086601 -0.023182 -0.005267 -0.000201 0.000022 0.000006 0.009527 0.028937 0.206923 0.742022 0.358185 0.227525 0.256967 0.321706 0.281317 0.294006
-0.044783 -0.034559 -0.043217 -0.096687 -0.009275 0.000000 0.009808 0.029363 0.049649 0.016360 -0.000436 -0.052388 -0.006265 -0.000194 0.000075 0.000366 -0.002076 -0.001106 0.008924 0.009113 0.019443 -0.844558 -0.019461 -0.010323 -0.001051 -0.000416 -0.000245 0.000247 0.000440 0.021465 0.021811 0.004076 0.000902 0.000454 0.000354 0.014421 0.027538 1.642786 2.043309 2.014647 1.567855 0.821693 0.555236 -0.118270 -0.031734 -0.023808 -0.008381 -0.000330 0.000396 0.015324 0.043041 0.122961 0.330619 0.025647 0.034157 0.204927 0.526722 0.814199 0.833857
-0.281425 -0.319796 -0.394271 -0.134042 -0.007595 0.000000 0.008312 0.014810 0.055273 0.307747 0.271488 0.237997 0.086030 -0.029220 -0.005498 -0.015450 -0.025327 -0.028854 -0.000494 0.000071 0.006683 0.020740 -0.023203 -0.013150 -0.006325 -0.000786 -0.001280 -0.001276 0.000000 0.013284 0.077223 0.009576 0.018156 0.020947 0.002248 0.019429 0.152743 0.962776 1.002995 1.390519 0.777597 0.577305 0.123554 -0.123478 -0.042178 -0.013587 -0.014376 -0.000401 0.000555 0.018877 0.029952 0.031643 0.041584 0.693434 0.659950 0.185063 0.178675 0.256695 1.154532
-0.287141 -0.178212 -0.150388 -0.142980 -0.013480 0.000001 0.012016 0.017122 0.018738 -0.111161 -0.164745 -0.245680 -0.359353 -0.047501 -0.000481 -0.083364 -0.044928 -0.009035 -0.006230 0.000000 0.007871 0.173273 -0.021875 -0.022961 -0.020161 -0.009277 -0.001163 -0.001385 0.000000 0.031485 0.082498 0.135061 0.197184 0.302443 0.157216 0.411419 1.737150 1.099884 0.032025 -0.212300 -0.183130 -0.305488 -0.963392 -0.083006 -0.091299 -0.074991 -0.012762 -0.000013 0.009884 0.011621 0.009857 0.019683 0.024113 0.030061 0.040313 0.572779 0.582998 0.499036 0.714824
0.208788 0.145340 -0.014709 -0.012968 -0.000381 0.000328 0.007720 0.016886 0.003899 0.017677 0.005112 -0.027990 -0.003553 -0.005371 0.002421 -0.183890 -0.034629 -0.008521 -0.000182 0.008278 0.155132 -0.071190 -0.170485 -0.025840 -0.028419 -0.026865 -0.022173 -0.012549 0.000000 0.005836 0.035756 0.099613 0.127365 0.041870 0.141581 0.491632 0.539616 0.669683 -1.156978 -1.992371 -1.776572 -1.168885 -0.058353 -0.027215 -0.025335 -0.016030 -0.001376 0.001332 0.008474 0.021592 0.035617 0.028805 0.026389 0.005079 0.025546 0.661599 0.650157 0.775873 0.952824
0.804609 0.687557 0.425238 -0.012978 -0.000007 0.007950 0.020060 0.013455 0.002448 0.088979 0.079417 0.060269 -0.001620 -0.000996 0.001471 0.119961 0.311618 -0.006163 -0.021238 -0.016916 -0.196715 -0.156116 -0.190659 -0.186731 -0.066550 -0.028235 -0.009130 -0.000244 0.005092 0.016781 0.015194 0.002699 0.009073 0.030325 0.006142 0.131706 0.104591 0.021445 0.002761 -0.028174 -0.106872 -0.120780 -0.099211 -0.008142 -0.001535 -0.001796 0.000000 0.010960 0.023515 0.034612 0.034192 0.038458 0.037086 0.070921 0.045111 0.550110 0.345545 0.317011 0.258904
0.725177 0.638544 0.624109 -0.046518 -0.000000 0.007226 0.025169 0.573171 0.753799 0.705836 0.748354 0.345508 0.281574 0.179035 -0.000101 0.000863 0.136831 0.104850 -0.112098 -0.158803 -0.040558 -0.061467 -0.070174 -0.124036 -0.046054 -0.106151 -0.024261 -0.000008 0.000876 0.009120 0.038045 0.018377 0.007003 0.018732 0.653455 0.463921 0.190603 -0.000202 -0.000008 0.000661 -0.017624 -0.033675 -0.082942 -0.008649 -0.002503 -0.003953 0.000000 0.007434 0.039882 0.037670 0.044124 0.025824 0.070580 0.026683 -0.095204 -0.329460 -0.325690 -0.221529 -0.170816
1.766683 2.099528 1.790022 1.356639 1.019576 1.667960 1.091558 1.479575 1.027419 0.505075 0.416926 0.334864 0.241133 0.158106 -0.000262 0.000477 0.000934 -0.063152 -0.053434 -0.018675 -0.050882 -0.058939 -0.496753 -0.166356 -0.039735 -0.002537 -0.004080 0.002260 0.176139 0.662523 0.102435 0.231376 0.179388 0.484388 0.287407 -0.042050 -0.010876 -0.000294 0.000537 0.009458 0.058816 -0.043883 -0.076769 -0.170660 -0.042547 -0.016588 0.000000 0.013599 0.031942 0.044546 0.052283 0.144698 0.061810 0.022275 0.126680 0.462028 0.856659 1.224600 1.578883
0.755718 0.540757 0.439343 0.038614 0.477057 1.290697 0.750691 0.645042 0.253103 0.001648 0.159469 0.163911 0.167167 0.168508 0.139728 0.050751 -0.288675 -0.105745 -0.178014 -0.094242 -0.040052 -0.056966 -0.446623 -0.135001 -0.026511 -0.000671 -0.000017 0.023156 0.138947 0.088128 0.071678 0.196364 0.160081 0.453037 0.337159 -0.011669 -0.001316 -0.000210 0.001569 0.017138 0.077282 -0.035688 -0.058007 -0.159107 -0.030255 -0.012686 0.000000 0.015629 0.034708 0.054099 0.313784 0.216438 1.023406 1.767817 2.037864 2.723427 2.816378 2.921782 2.537463
0.541240 0.507072 0.269791 0.045387 0.012482 0.083737 2.134128 0.707979 0.674039 0.472588 0.250128 0.148635 0.111231 0.099035 0.070201 0.202754 0.168456 0.014526 -0.346820 -0.084448 -0.029525 -0.057561 -0.507196 -0.147042 -0.061381 -0.036195 -0.000446 0.000247 -0.002293 0.000056 0.002488 0.018549 0.077732 0.016085 -0.025207 -0.022927 -0.001390 0.001009 0.001548 0.005995 0.003426 -0.090593 -0.154443 -0.305289 -0.009261 -0.000576 0.007371 0.020547 0.019592 0.287298 2.064177 1.662789 1.529828 1.420825 2.578876 1.905816 1.315136 1.309887 0.974606
0.087095 0.033858 0.032699 0.022446 0.000000 0.066090 0.063989 0.509853 0.579307 0.937199 1.757763 0.913919 0.669487 0.142344 0.128236 0.477050 0.382082 0.283359 0.091966 -0.042167 -0.078032 -0.048634 -0.603104 -0.162242 -0.066884 -0.039863 -0.004956 0.000000 -0.000385 0.006311 0.010274 0.006171 0.002812 0.001164 0.002146 -0.000875 0.000755 0.001728 0.013356 0.009073 0.003512 0.155099 0.253743 0.264978 0.130884 0.095040 0.030490 0.056779 0.136831 0.511810 1.026565 0.475580 0.039279 0.014561 0.055224 0.375052 -0.357897 -0.553738 -0.012883
0.009031 0.000247 0.019209 0.013546 0.153009 0.139313 0.132930 0.111550 0.039495 0.490794 1.532388 0.939294 0.899145 0.826249 0.761656 0.498016 0.374437 0.203554 -0.162768 -0.210505 -0.069471 -0.093558 -0.028905 -0.046076 -0.031029 -0.017013 -0.010927 0.000011 0.007613 0.025298 0.013688 0.002529 0.000025 0.006240 0.018353 0.005592 0.004442 0.030743 0.022827 0.063529 0.058352 0.760856 1.030252 1.344303 1.276690 1.467121 1.334468 2.030960 3.756713 2.145315 1.655235 -0.205680 -0.044778 0.002455 0.069470 0.132968 -0.027997 -0.528437 -0.045209
0.136667 0.054938 0.050867 0.142675 0.273362 0.414666 0.336123 0.098329 0.000000 0.015088 0.192642 0.400747 0.472338 1.128361 1.148687 1.089147 0.683504 0.446579 0.136232 -0.183334 -0.066394 -0.155997 -0.065712 -0.022685 -0.020969 -0.013365 -0.000331 0.000393 0.019543 0.096254 -0.000116 0.000049 0.000842 0.006905 0.028509 0.009992 0.005252 0.001808 0.031949 0.351377 0.490083 0.805787 0.627648 0.511682 0.058265 0.044368 0.018485 0.018337 0.010817 0.000930 -0.024766 -0.027934 0.006431 0.017371 0.110259 0.130773 0.071124 -0.142918 -0.080970
0.164923 0.151027 0.059281 0.180866 0.126758 0.045966 -0.086130 -0.004870 0.000000 0.008025 0.246413 0.381504 0.569859 0.752234 1.286586 1.130861 0.971407 0.513508 0.009197 -0.182763 -0.279265 -0.019575 -0.012503 -0.009621 -0.007531 -0.000554 -0.000247 0.000569 -0.071158 -0.018967 -0.000172 0.000343 0.028235 0.054252 0.017388 0.006404 0.003340 0.000299 0.002064 0.311875 0.416610 0.450449 0.074426 -0.301000 -0.031261 -0.008060 -0.000459 0.001141 0.000420 0.006974 0.020521 0.033161 0.102343 0.054539 0.060655 0.055834 0.033235 -0.011085 -0.093411
0.530407 0.044466 0.034960 0.084704 0.158755 0.034166 -0.100680 -0.099224 0.000002 0.006351 0.250263 0.271135 0.397647 0.505836 0.446708 0.446089 0.588406 0.274445 0.118905 -0.254890 -0.028318 -0.033311 -0.020900 -0.019742 -0.008204 -0.000323 -0.000036 0.000321 -0.085007 -0.005878 0.000000 0.005878 0.014945 0.060202 0.101180 0.047263 0.125873 0.048696 0.241906 0.521804 1.105473 0.576085 -0.015953 0.000042 -0.006830 -0.057414 -0.022698 -0.000798 0.000102 0.010052 0.029396 0.041362 -0.181190 -0.059608 0.012748 -0.000002 0.005218 0.022198 -0.001143
0.080401 0.088979 0.098147 0.603184 0.676910 0.485713 0.524036 0.206469 0.166294 0.240359 0.467363 0.480370 0.420950 0.371224 0.250637 0.083708 0.422591 0.141401 0.031425 -0.209974 -0.029887 -0.011099 -0.036544 -0.013276 -0.009909 -0.000341 -0.000010 0.000339 -0.080121 -0.005878 0.000000 0.005878 0.019696 0.023334 0.074267 0.035005 0.227760 0.493015 0.658042 0.752867 0.553133 -0.015041 -0.000000 0.000477 0.000643 -0.003165 -0.035715 -0.012166 0.000000 0.028636 0.051901 0.081556 0.482442 0.198242 -0.007755 -0.000140 0.000135 0.000954 0.000300
0.052242 0.057779 0.044019 0.094992 0.080071 0.092030 0.061617 -0.000182 0.002577 0.095908 0.160079 0.057043 0.057964 0.092691 0.100346 0.066837 0.109611 -0.148174 -0.340358 -0.902113 -0.030761 -0.003503 -0.006743 -0.017288 -0.023186 -0.015714 -0.000001 0.000908 -0.005171 -0.000210 -0.000090 0.000284 0.013727 0.032371 0.079854 0.038865 0.190213 0.367604 0.214286 -0.027437 -0.065004 -0.018371 -0.000003 0.005982 0.029858 0.002875 0.000580 0.003394 0.031076 0.021309 0.077085 0.071355 0.378010 0.086545 -0.004074 -0.000420 0.000045 -0.000184 -0.000182
0.023208 0.055127 0.420528 0.101881 -0.040454 -0.023416 -0.001864 0.000164 0.024945 0.041591 0.052446 0.149120 0.050056 0.024076 0.000050 0.081329 0.113376 0.166438 0.188374 0.224289 -0.005756 -0.009254 -0.026186 -0.098944 -0.052426 -0.011974 -0.000000 0.020192 -0.001033 -0.006170 -0.024155 -0.036916 0.000641 0.021621 0.037431 0.060003 0.008714 0.002868 -0.160069 -0.158612 -0.101134 -0.049809 -0.000208 0.000326 0.001108 0.001499 0.000741 0.019890 0.057370 0.023916 0.029051 0.052893 0.058329 0.054840 -0.058121 -0.009351 -0.001983 -0.001320 -0.000554
0.016301 0.064141 0.420716 0.127743 -0.019712 -0.075561 -0.023663 -0.000034 0.000501 0.000426 0.011269 0.026484 0.020095 0.001700 0.000471 -0.028703 -0.169105 -0.001098 0.075667 0.027400 -0.000372 -0.007960 -0.053927 -0.098195 -0.051159 -0.017643 -0.000000 0.028562 0.750268 -0.091125 -0.043442 -0.035663 -0.027387 0.000070 0.006082 0.002270 0.000504 -0.000233 -0.202364 -0.133660 -0.125133 -0.076602 -0.001376 -0.005780 -0.013555 -0.000752 -0.001162 0.000717 0.000845 0.010242 0.030895 0.059267 0.114721 0.313623 -0.565372 -0.101777 -0.039343 -0.001596 -0.001871
