use_cases/Flooding_chicago/flooding_data/output/hUx_1620.asc
ncols 337
nrows 393
xllcorner 428428.000000
yllcorner 4602440.000000
cellsize 26.757400
NODATA_value -9999.000000
[rows 130 to 155 of 393, columns 118 to 176 of 337]
-0.000279 0.001112 0.254687 0.913210 0.587214 0.356217 0.208000 0.147654 0.128919 0.106485 0.076503 0.066402 0.146286 0.159202 0.095440 0.041658 -0.019283 -0.103308 -0.153610 -0.235450 -0.185281 -0.001300 0.000092 0.146502 0.028763 -0.109953 -0.021041 -0.024512 -0.019961 0.000000 0.035233 -0.000347 -0.036165 -0.033603 -0.034972 -0.032855 -0.002939 -0.013749 -0.003663 0.000000 0.006355 0.012975 0.021278 0.037296 0.070525 0.054246 -0.034297 -0.051383 -0.043434 -0.027172 -0.009235 -0.000739 -0.000836 0.001122 0.000603 0.001112 0.000516 0.000737 0.009926
0.000633 0.002778 0.012826 -0.283281 -0.480874 -0.460993 -0.524623 -0.346358 -0.302124 -0.245122 -0.278027 -0.229831 -0.151842 -0.027697 0.045820 0.172075 0.269574 0.128236 -0.030917 -0.069588 -0.116214 -0.001872 -0.001206 0.063450 0.030159 0.037161 0.037600 -0.009824 -0.008478 0.000000 0.025459 0.120311 0.236322 -0.071032 -0.037566 -0.047248 -0.014195 -0.001317 -0.000111 0.000194 0.007855 0.024097 0.024407 0.040227 0.066405 0.005956 -0.026657 -0.029340 -0.024948 -0.018825 -0.007810 -0.000228 -0.000113 0.000021 0.000264 0.001521 0.000361 0.007285 0.014628
0.002262 0.004498 0.002784 0.118804 0.182128 0.200644 -0.104194 -0.076123 -0.056583 -0.052934 -0.004335 -0.022295 0.049530 0.156300 0.173627 0.235431 0.413734 0.358314 0.375182 0.257702 0.178978 0.192222 0.065324 0.026554 0.004096 -0.013804 -0.023920 -0.007079 0.030857 -0.000174 0.001771 0.154064 0.109976 -0.050135 -0.055614 -0.033001 -0.006739 -0.000214 0.000104 0.006391 0.011745 0.001197 0.003142 0.000000 -0.002818 -0.003038 -0.016324 -0.018547 -0.028489 -0.029803 -0.014233 -0.000576 -0.000579 0.000007 0.003994 0.015761 0.000000 0.008017 0.025646
0.003171 0.004366 0.002678 -0.097672 -0.135619 -0.085281 -0.164311 -0.154724 -0.112959 -0.061644 -0.005169 0.040298 -0.080057 0.058937 0.115404 0.194651 0.386637 0.342686 0.331852 0.313109 0.292681 0.215930 0.179471 0.112878 0.059170 0.044798 -0.019193 -0.050764 -0.155901 -0.001026 0.007167 0.006139 0.214505 0.292557 0.229496 -0.032787 -0.007356 -0.000102 0.000077 0.006770 0.031701 0.003239 0.000680 -0.024466 -0.013164 -0.007055 -0.029283 -0.036704 -0.031115 -0.013986 -0.007046 -0.000372 -0.000206 0.000363 0.010521 0.021899 0.001679 0.008764 0.016883
0.001810 0.001813 0.021809 0.897862 0.743699 0.526838 0.411082 0.311113 0.247879 0.204081 0.276616 0.390721 0.511897 0.444414 0.249384 0.293002 0.558779 0.486937 0.401873 0.430143 0.356002 0.273627 0.262092 0.184032 0.077668 0.001820 -0.055777 -0.095413 -0.222532 -0.000519 0.009827 0.008554 0.004778 0.002074 0.252232 0.207042 -0.007933 -0.000108 0.000095 0.001035 0.004863 0.012272 0.026016 -0.023239 -0.032673 -0.018229 -0.017191 -0.014746 -0.010377 -0.008501 -0.001059 -0.000123 0.000276 0.010003 0.024467 0.030102 0.001562 0.004666 0.019728
0.191763 0.159858 0.145802 0.735616 0.596937 0.446190 0.505883 0.384846 0.301241 0.247648 0.220396 0.284140 0.586177 0.766535 0.920649 0.668289 0.656110 0.603379 0.524253 0.501909 0.431824 0.339164 0.163453 0.108297 0.091457 0.054824 0.046974 0.071763 0.050994 0.000000 0.006660 0.006405 0.134509 0.129604 0.192960 0.180216 -0.039961 -0.000551 0.000105 0.002326 0.002940 0.013434 0.033188 -0.029999 -0.027306 -0.035449 -0.009123 -0.003157 -0.014134 -0.009768 -0.000324 0.000004 0.000153 0.005488 0.019611 0.047907 0.044338 0.034140 0.003779
0.413786 0.331269 0.942735 0.697112 0.422300 0.510568 0.414640 0.400556 0.315128 0.288563 0.272461 0.310235 0.389165 0.434878 0.434998 0.520568 0.499171 0.479696 0.552726 0.570888 0.562254 0.449499 0.399184 0.270482 0.181805 0.175032 0.072314 0.055042 -0.000498 0.000140 -0.022669 -0.032234 0.086603 0.302006 0.135807 0.125235 -0.049246 0.000302 0.004980 0.006215 0.044114 0.107824 0.086786 -0.053343 -0.055465 -0.020610 -0.009143 -0.000115 -0.023409 -0.024208 -0.008042 0.000000 0.006499 0.023518 0.040899 0.053044 0.043867 0.060737 0.014216
0.139088 0.302960 0.149584 0.069401 0.078225 0.104347 0.073887 0.059539 0.059645 0.063108 0.074725 0.093821 0.231223 0.298484 0.334539 0.349586 0.296191 0.294096 0.360498 0.322000 0.391887 0.347495 0.412906 0.274527 0.199049 0.075470 0.046876 -0.002749 -0.003617 -0.101294 -0.165315 -0.045600 0.103572 0.156443 0.087809 0.115363 -0.008067 0.002249 0.003961 0.003185 0.040395 0.107486 0.134789 -0.192178 -0.054663 -0.018874 -0.006461 -0.000002 -0.030814 -0.004077 -0.000168 0.000364 0.000473 0.010748 0.033008 0.064886 -0.409195 -0.344709 0.012724
0.377388 0.992818 0.666881 0.724884 0.500206 0.515162 0.359954 0.308208 0.248382 0.153708 0.104175 0.065175 0.115471 0.340818 0.296230 0.382992 0.092229 0.057603 0.047453 0.075075 0.123789 0.106653 0.243410 0.242398 0.210843 0.132913 0.146880 0.154469 0.264833 0.268910 0.310259 0.407496 0.396574 0.342190 0.214804 0.251713 0.126130 0.001913 0.003322 0.002680 0.005131 0.074941 0.420308 0.271418 0.257571 -0.267569 -0.012117 -0.001506 -0.003397 -0.000005 -0.000005 0.000124 -0.000128 0.000374 0.022497 1.209744 0.755936 1.093720 1.072715
0.269698 0.139724 0.554808 0.434640 0.293565 0.291304 0.184321 0.115939 0.071789 0.053230 0.026882 0.032206 0.031805 0.019357 -0.030434 -0.004900 0.070044 0.069063 0.058876 0.195559 0.134040 0.158904 0.169078 0.268572 0.272831 0.273670 0.273980 0.267452 0.395211 0.430855 0.535797 0.749360 0.586531 0.458946 0.499779 0.344570 0.396535 0.274316 0.467540 0.358656 0.311463 0.181206 0.620363 0.494225 0.466732 0.393123 0.160245 -0.000592 -0.000101 0.028303 0.061378 0.083805 0.079737 0.000013 0.204276 0.231280 1.474994 1.465730 1.076244
0.214344 0.105458 0.523462 0.454995 0.314152 0.213163 0.146875 0.093891 0.061313 0.054160 0.036658 0.045871 0.045608 0.036772 0.015659 0.034844 0.076350 0.092213 0.098563 0.108527 0.133940 0.168469 0.189183 0.367066 0.385315 0.746269 0.832397 0.665835 0.794825 0.670781 0.688259 0.734058 0.154966 0.051290 0.364241 0.322255 0.350182 0.835868 0.694136 1.654484 0.499583 0.718518 1.028586 0.938193 0.892219 0.827932 0.713278 0.320677 0.214963 1.125917 1.994611 1.697343 1.620890 1.604298 0.533921 1.255993 0.948981 0.636748 0.492803
0.501453 0.451109 0.502666 0.413027 0.324672 0.257423 0.424815 0.324689 0.277658 0.207267 0.137178 0.182415 0.172734 0.295189 0.183100 0.137802 0.214215 0.190331 0.120781 0.132752 0.371226 0.204480 0.229607 0.231356 0.613334 0.581746 0.794750 0.929635 0.739346 0.322269 0.180581 0.094590 -0.000161 0.007446 0.090862 -0.000001 0.006883 0.043823 0.255020 0.201799 0.205454 1.141033 0.460995 0.554024 0.882630 0.998860 1.547992 1.586079 2.029812 1.886781 1.486465 1.163293 1.628923 1.316523 0.437999 0.628167 0.460069 0.346975 1.075094
1.551624 0.709320 1.544410 0.580559 0.445106 0.353924 0.634344 0.574152 0.594075 0.553707 0.441250 0.279522 0.254437 0.385594 0.401776 0.388130 0.385031 0.364141 0.291713 0.294901 0.341270 0.266587 0.305489 0.304306 0.205336 0.171663 0.156593 -0.196830 -0.027986 -0.002480 -0.021159 -0.015252 -0.006487 -0.000045 -0.000094 -0.000033 0.000153 0.012891 0.023481 0.035262 0.273246 0.942977 0.488883 0.273005 0.404002 0.469791 0.672973 0.812877 0.216225 -0.000094 0.001148 0.020841 0.425564 0.768607 0.403973 0.323074 0.223164 0.145044 0.283292
0.795841 0.649605 0.562885 0.404511 0.282913 0.241673 0.214648 0.379413 0.407923 0.404475 0.264208 0.224599 0.199726 0.292785 0.283122 0.355048 0.413160 0.344365 0.357239 0.434029 0.418920 0.166306 0.001041 -0.000715 -0.003892 -0.013298 -0.025611 -0.027301 -0.003285 -0.001217 -0.013881 -0.010733 -0.001196 -0.001131 0.000155 0.001338 0.000968 0.014208 0.035291 0.050211 0.049114 0.064806 -0.082025 -0.176889 -0.178330 -0.096605 0.055447 0.012059 -0.011989 0.000722 0.016541 0.047525 0.519623 0.824143 0.394978 0.366180 0.312143 0.263605 0.165057
0.107456 0.043236 0.025518 0.233510 -0.038906 -0.046889 0.037376 0.053275 0.061610 0.168377 0.138295 0.054122 0.044508 0.061868 0.073482 0.108823 0.157108 0.179728 0.054208 -0.010221 -0.005039 -0.000511 -0.000639 -0.000451 -0.001011 -0.006496 -0.020965 -0.067136 -0.021521 -0.003789 -0.024858 -0.012001 -0.001934 -0.002809 0.000447 0.002695 0.030527 0.043818 0.037325 0.023901 0.005557 0.014653 0.027578 0.059446 0.024400 -0.351614 -0.043279 -0.010050 -0.000013 0.014954 0.046736 0.066710 0.599694 0.983801 0.412181 0.399885 0.361318 0.326907 0.244896
0.052196 0.114046 0.057647 0.258527 0.036070 0.157063 0.215079 0.270284 0.281929 0.474341 0.445041 0.253424 0.135481 0.025292 0.026500 0.038877 0.008963 -0.091866 -0.020092 -0.000862 -0.001378 -0.000003 0.000307 0.000919 0.001505 0.000651 -0.003593 -0.059647 -0.010491 -0.002096 -0.004244 -0.007767 -0.008935 -0.002676 -0.001328 0.002896 0.027174 0.042554 0.023994 0.004441 0.009749 0.027517 0.057683 0.092742 0.038134 -0.304393 -0.079457 -0.018874 -0.000401 0.000555 0.013925 0.028863 0.078734 1.637124 0.492430 0.453246 0.395857 0.349822 0.281495
0.080676 0.032556 0.115983 0.733502 0.581387 0.497431 0.583256 0.623612 0.742758 0.658838 0.612809 0.482947 0.383646 0.167239 -0.023749 0.000038 0.000591 -0.000011 -0.004482 -0.020469 -0.006895 -0.000208 0.000326 -0.000270 -0.000030 0.009509 0.017448 0.000445 -0.002053 -0.002794 -0.001215 -0.001353 -0.001408 -0.000470 -0.000360 0.000360 0.017654 0.025516 0.039051 0.048127 0.033909 0.010188 0.018308 0.009626 0.010766 -0.008108 -0.081444 -0.024614 -0.000330 0.000396 0.005617 0.004054 0.064604 0.336810 0.350144 0.359498 0.290580 0.211321 -0.001905
0.135079 0.072838 0.152384 0.857360 0.791390 0.657408 0.709004 0.699772 0.767390 0.620556 0.542131 0.491123 0.523777 0.434003 0.039933 0.000749 0.001111 0.001264 -0.135283 -0.178059 -0.214740 -0.000821 -0.011073 -0.011669 -0.000764 0.000262 -0.000332 -0.002118 -0.001769 -0.000102 0.001195 0.016329 0.037257 0.003572 -0.000360 0.000360 0.013333 0.042290 0.036219 0.035725 0.194096 0.000389 0.001068 0.002103 0.001056 -0.001002 -0.002072 -0.002087 0.001496 0.003149 0.009661 0.008078 0.125810 0.072516 0.074533 0.040452 0.013447 0.002974 -0.001730
0.226802 0.147357 0.198434 0.825038 0.669740 0.512127 0.494910 0.381060 0.235378 0.085698 -0.057714 -0.264880 -0.454474 -0.627425 -1.067903 -0.505872 -0.469751 -0.457436 -0.377380 -0.255149 -0.220939 -0.002481 -0.029693 -0.021167 -0.001978 -0.002337 -0.000278 -0.001605 -0.000572 0.000271 0.022617 0.029505 0.022516 0.001070 -0.000166 -0.000036 0.000813 0.010255 0.079653 0.103072 0.054003 -0.001604 -0.001399 -0.000242 0.000317 0.001668 0.013189 0.016086 0.014501 0.347727 0.407294 0.531794 0.457838 0.214702 0.187459 0.098322 0.302703 -0.001318 -0.000765
0.799668 0.180657 0.429746 0.618532 0.711519 0.682583 0.777723 0.490741 0.441718 0.390711 0.258983 0.239599 0.096798 0.086365 0.039929 0.000605 -0.044038 -0.050903 -0.000706 0.000181 -0.305689 -0.248160 -0.273946 -0.022262 -0.028476 -0.019086 0.000001 0.003214 0.000776 0.000463 0.002173 0.021136 0.063702 0.010347 0.002251 -0.000166 -0.000056 0.000927 0.009209 0.127522 0.136531 0.111319 -0.012860 0.000000 0.002870 0.003511 0.002057 0.000000 0.005878 0.576462 0.937755 1.007006 0.433971 0.594806 0.323865 0.152404 0.396397 0.941191 0.368041
0.171900 0.496632 2.058021 1.312037 0.936173 0.770019 0.300881 0.264811 0.229243 0.197129 0.352059 0.252537 0.262212 0.194371 0.144339 -0.000563 -0.000781 -0.002215 -0.003435 0.000000 -0.008944 -0.026655 -0.057544 -0.139462 -0.033457 -0.000674 0.000031 0.011342 0.017571 0.001396 0.000677 0.002877 0.047415 0.113704 0.171100 0.058491 -0.000152 0.000123 0.001121 0.012895 -0.184368 -0.402705 -0.015178 0.000000 0.003199 0.002694 0.001240 0.000000 0.005878 0.154810 0.241763 0.372841 0.244342 0.371197 0.521766 0.322908 0.526946 0.551747 0.680034
0.003663 1.010064 0.903892 0.715456 0.258839 0.207315 0.146321 0.168268 0.209972 0.291520 0.224505 0.532013 0.265213 0.257618 0.277204 1.060164 0.137392 0.059360 -0.009842 -0.012946 0.000000 -0.050793 -0.114462 -0.054985 -0.064947 -0.028526 0.000000 0.039724 0.088751 0.046090 0.005359 0.000133 0.054137 0.640297 0.353035 0.233849 -0.001080 -0.001544 0.005393 0.006110 0.008882 -0.024556 -0.005682 -0.005946 -0.001134 0.002914 0.005767 0.001913 0.029443 0.067417 -0.175095 -0.010188 0.000000 0.160532 0.643459 0.349002 0.315289 0.529444 0.580290
0.369725 0.848751 0.088030 0.036051 0.219117 0.078156 -0.048512 -0.058471 0.000515 0.001277 0.130723 0.195269 0.762061 0.517928 0.119118 -0.208121 -0.213465 -0.090739 -0.013046 -0.031549 -0.045917 -0.051431 -0.015041 -0.053956 -0.019888 -0.007132 0.000000 0.013355 0.061071 0.182128 -0.172680 -0.136980 0.034732 0.074095 0.173342 0.312536 0.152139 0.007297 0.008874 0.006262 0.017235 0.007000 -0.004404 -0.002682 0.000179 0.001683 0.003614 -0.086586 -0.112235 -0.156534 -0.668689 -0.005373 0.000000 0.007696 0.537428 0.645171 1.108224 1.481550 1.469817
0.726052 0.530797 -0.010753 -0.005177 0.007004 0.039470 0.030973 0.012699 0.010175 0.006096 0.168987 0.626680 0.515742 0.644602 0.514127 0.482658 0.358993 0.159697 -0.118831 -0.019791 -0.027804 -0.011370 -0.042378 -0.034847 -0.034637 -0.010007 0.000000 0.010871 0.046072 0.887850 0.291753 0.137501 0.025243 0.000507 0.041133 0.101168 0.160713 -0.000737 0.001851 0.002668 0.137522 0.519328 0.069221 0.003588 -0.078262 -0.000581 0.000167 -0.092161 -0.234760 -0.208553 -0.341822 -0.168232 0.000000 0.008544 0.588044 0.970409 1.403551 1.599663 1.391862
0.522018 0.260882 -0.017950 -0.015391 0.008046 0.013559 -0.000360 0.000360 0.007911 0.006373 0.193434 0.347755 0.313363 0.641346 0.432050 0.389146 0.249918 0.146527 -0.110203 -0.012917 -0.023368 -0.014136 -0.052156 -0.049571 -0.022842 -0.001279 0.000831 0.015161 0.025426 0.859214 0.329710 0.186905 0.022707 0.001031 0.198252 0.272963 0.317372 0.328462 0.000117 0.031870 -0.318799 -0.416134 -0.382219 -0.281210 -0.114841 0.016041 0.440564 0.538447 0.326136 0.223830 -0.162617 -0.053399 0.001839 0.599609 0.900775 1.280378 0.822255 0.159088 0.130911
0.000835 0.001226 0.077528 0.137229 0.173948 0.125663 -0.000360 0.000360 0.011424 0.006158 0.224346 0.400203 0.368166 0.368565 0.372686 0.360027 0.272161 0.224486 0.040673 -0.018119 -0.025661 -0.076353 -0.066509 -0.034031 -0.008626 -0.000958 0.000817 0.016625 0.014904 0.020852 0.147490 0.047276 -0.001117 0.049581 0.095803 0.001596 0.446200 0.634456 0.609096 1.566762 1.140281 0.902569 1.353798 1.300820 1.282449 1.162334 0.704399 1.700943 1.559003 1.451201 0.930282 0.942716 0.910661 0.811270 0.383963 0.214413 0.217158 0.273035 0.197863
