use_cases/Flooding_chicago/flooding_data/output/hUx_1380.asc
ncols 337
nrows 393
xllcorner 428428.000000
yllcorner 4602440.000000
cellsize 26.757400
NODATA_value -9999.000000
[rows 156 to 181 of 393, columns 59 to 117 of 337]
0.553696 0.633642 0.750796 0.503499 0.535033 0.739399 0.608199 0.617405 0.622865 0.601408 0.587667 0.574344 0.534482 0.507061 0.244762 0.127788 -0.005451 -0.058444 -0.184077 -0.118806 -0.143322 -0.152126 -0.336670 -0.051351 -0.059376 -0.110584 -0.018184 -0.000558 0.000470 -0.004944 -0.059649 -0.243053 -0.056158 -0.013297 -0.016832 -0.000609 0.000693 0.021084 -0.004498 -0.107368 -0.013704 0.000000 0.007576 0.029945 0.061824 0.089978 0.046178 0.026902 0.064242 0.186207 0.121274 0.096546 0.074754 0.049860 0.141459 1.049545 -0.001787 -0.003185 -0.003928
0.982531 1.573357 0.771192 0.686436 1.753734 1.659753 0.809809 0.736916 0.636402 0.514098 0.478324 0.218738 0.173729 0.118096 0.180266 0.191092 0.083886 0.009278 -0.108072 -0.067417 -0.047779 -0.082648 -0.313164 -0.054663 -0.067091 -0.120916 -0.029101 -0.001566 0.001099 -0.112017 -0.192596 -0.375339 -0.056026 -0.012826 -0.017444 -0.001430 0.000858 0.001307 -0.016868 -0.094196 -0.011223 0.000000 0.005281 0.003855 0.020826 0.065745 0.031451 0.021830 0.038624 0.017171 0.076764 0.053628 0.025232 0.000003 0.006034 0.016846 0.002984 0.001858 0.004154
0.260663 1.330903 0.012594 0.320910 0.069085 -0.004045 -0.075001 0.000501 0.001025 -0.004429 0.002694 0.010587 0.007277 -0.006317 -0.016459 -0.019715 0.032946 0.004431 -0.053315 0.048321 0.092501 0.039633 -0.272592 -0.046605 -0.057807 -0.100478 -0.047265 -0.003892 0.001911 0.012457 0.004072 -0.519748 -0.088622 -0.019746 -0.001029 -0.000935 0.000845 0.001013 0.001643 -0.007645 -0.001486 -0.000163 0.001265 0.002463 0.003482 0.004603 -0.000117 0.000000 0.006138 0.021191 0.004028 0.012631 -0.000326 0.000208 0.006364 0.021574 0.004840 0.037751 0.003508
0.314479 0.174232 0.096234 0.653357 0.167590 0.034526 -0.099656 0.001234 0.002024 -0.029247 -0.031182 -0.009093 0.016848 0.000803 -0.019985 -0.059817 -0.059748 -0.161319 -0.339660 -0.448026 -0.406293 -0.470097 -0.676398 -0.084694 -0.014035 -0.002082 -0.007488 -0.012447 0.031273 0.010684 0.001683 -0.000620 -0.003894 -0.002616 -0.000649 -0.000044 0.016120 0.027975 -0.101570 -0.178760 -0.027244 -0.000014 0.013389 0.028529 -0.054137 -0.099732 -0.001146 0.003949 0.002825 0.013342 0.024375 0.073782 0.023955 0.007646 0.004017 0.004356 0.049533 -0.000299 0.000797
0.385382 0.184218 0.084505 0.709293 0.381166 0.305153 0.209900 0.094788 -0.098446 -0.165725 -0.254913 -0.190198 -0.108816 0.011235 0.048340 0.131747 0.112924 0.009476 -0.223541 -0.064412 -0.013441 -0.058331 -0.247430 -0.076060 -0.019729 -0.000006 0.045733 -0.015008 -0.048980 -0.051116 -0.000104 0.000132 0.000797 0.001392 0.000534 -0.000121 0.001168 -0.026094 -0.106961 -0.006586 -0.000515 0.000202 0.023287 0.399879 0.042635 -0.054690 -0.001191 0.002194 0.050396 0.107591 0.169794 0.431650 0.192333 0.086047 0.133354 0.426018 0.691346 0.752214 0.649619
0.332916 0.701602 0.408296 0.640160 0.458911 0.377045 0.245166 0.281504 0.282944 0.303675 0.278344 0.195518 0.075893 0.115170 0.092201 0.099951 0.121877 0.000484 -0.126011 0.033341 -0.022755 -0.167722 -0.993868 -0.104880 -0.007000 -0.000203 0.000462 0.057713 -0.009303 -0.058523 -0.000222 0.000222 0.003946 0.337438 0.673134 0.165824 0.104208 0.047638 -0.062934 -0.006104 -0.000011 0.006955 0.024916 0.004876 0.007083 -0.002045 -0.001864 0.002165 0.002001 0.009610 0.019685 0.085753 0.533346 0.494729 0.171284 0.137853 -0.000520 0.000417 0.259943
0.245635 0.559143 0.305835 0.425485 0.286448 0.277634 0.230349 0.223999 0.347960 0.559680 0.399426 0.436314 0.328865 0.332503 0.267192 0.303573 0.310694 0.517241 0.655769 0.848356 0.653102 0.221773 0.006049 -0.167388 -0.006257 -0.000006 -0.002839 -0.004141 -0.003465 -0.002528 -0.001164 0.002851 0.303768 -0.027621 -0.095879 0.152238 0.170273 0.129771 0.189209 -0.000298 0.000092 0.000319 0.001449 -0.035166 -0.022549 -0.001196 -0.000735 0.000804 0.001179 0.008032 0.018910 0.004350 0.031287 0.404583 0.282039 0.242249 -0.001402 0.001124 0.001707
0.035595 0.040864 0.292634 0.194910 0.129450 0.065873 0.076963 0.081629 0.091345 0.133032 0.132175 0.114468 0.069857 0.090769 0.115646 -0.000216 -0.103564 -0.120157 0.092985 0.200475 0.177115 -0.458177 -0.075541 -0.206847 -0.100434 -0.002006 -0.007009 -0.008219 -0.002138 -0.002800 0.000852 0.002853 0.266370 0.696599 0.011630 -0.000000 0.097377 0.086538 0.265350 0.483406 0.399412 0.139749 0.048669 -0.004102 0.025124 0.045486 -0.000030 0.018689 0.019106 0.006744 0.004124 0.002029 0.000969 0.000428 0.000447 0.000817 0.000898 0.004049 0.002438
0.033869 0.059633 0.454925 0.427581 0.195612 0.154359 0.160135 0.182348 0.163355 0.135481 0.098567 0.011900 -0.048349 -0.068662 -0.027526 -0.000015 -0.001356 -0.007677 -0.137158 -0.841702 -1.560553 -0.289073 0.000195 -0.112359 -0.140741 -0.188345 -0.198013 -0.018872 -0.002067 -0.001008 0.000899 0.001724 0.010484 0.001430 -0.006318 0.000000 0.006942 0.121198 0.405090 0.573876 0.804141 1.298847 0.305142 -0.111287 -0.021547 0.014778 0.064133 0.050867 0.022308 0.016910 0.005901 -0.001654 -0.000957 -0.000249 0.000234 0.000763 0.000887 0.009805 0.034162
0.047233 0.127373 0.481751 0.281844 0.211759 0.093974 0.181720 0.367434 0.264274 0.028295 -0.061141 -0.033909 -0.060971 -0.069279 -0.013252 -0.000503 0.000164 -0.089954 -0.006197 -0.000076 -0.000043 0.000170 0.006115 0.011676 0.001379 -0.048655 -0.121801 -0.409388 -0.000616 0.000216 0.000446 -0.000570 -0.001530 -0.008682 -0.003663 0.000000 0.005350 0.012296 0.230916 0.080710 0.055152 0.541026 0.470495 0.396340 -0.060301 -0.000487 0.000070 0.026378 0.049962 0.015910 -0.035221 -0.019342 -0.000040 0.000270 0.000164 -0.000035 0.001265 0.001253 -0.001368
0.078407 0.153788 0.120852 -0.129190 -0.199296 0.001851 -0.004483 -0.030118 -0.003523 0.006091 0.018172 0.390837 0.242330 0.121914 0.052789 -0.001701 -0.003419 -0.016418 -0.012744 -0.005941 0.000000 0.007835 0.017000 0.017847 0.030816 0.033769 0.366077 0.595239 -0.000715 -0.001550 -0.000275 0.000830 -0.000597 -0.001357 -0.000722 -0.000067 0.000464 0.006865 0.011961 0.002099 0.007757 0.035927 0.123811 0.099898 -0.048574 -0.006054 0.000000 0.041400 0.062914 0.104832 0.011038 0.005392 -0.000001 0.062422 -0.046324 -0.032214 0.000075 0.014634 0.070547
0.111657 0.120763 0.070139 0.012351 0.000354 0.012109 0.021581 0.034306 0.036356 0.036713 0.036678 0.518943 0.345541 0.182563 0.096044 -0.000068 -0.076714 -0.016614 -0.015646 -0.009203 0.000000 0.004212 0.007710 0.007253 0.016579 0.022718 0.025970 0.110302 0.045829 0.000967 -0.132027 -0.095840 -0.020157 0.033065 -0.039762 -0.000074 0.000157 0.012820 0.006968 0.003459 0.002979 0.023971 0.307512 0.462099 0.165290 -0.007185 0.000000 0.046431 0.213951 0.399218 0.805456 0.649604 0.765486 1.038486 0.812273 0.009314 0.003014 0.003019 0.080501
0.074726 0.105741 0.050517 0.014494 0.006490 0.052932 0.068397 0.074358 0.077447 0.069744 0.059575 0.737045 0.934922 0.509552 0.206097 -0.001244 -0.006593 -0.052093 -0.019424 -0.009567 0.000000 0.004954 0.010287 0.000962 0.001390 0.000378 0.000354 0.006447 0.162492 0.066356 0.124584 0.130790 0.151511 0.179829 0.220190 0.215834 0.049896 0.031497 0.074232 0.069162 -0.073803 -0.242990 -0.675948 -0.736380 -0.490249 -0.069102 0.000003 0.031996 0.038993 0.131380 0.361958 0.036339 0.015890 0.008157 0.695946 0.840613 0.629090 0.318648 0.423310
0.203964 0.086516 0.046588 0.014578 0.268217 0.691772 1.396759 0.983167 1.083314 1.224484 1.264177 1.180896 0.015860 0.003913 0.001449 0.000234 0.000034 -0.009409 -0.051550 -0.004779 -0.000241 -0.001135 -0.015653 -0.022595 -0.016224 -0.005112 -0.000360 0.000360 0.006656 0.078139 0.003093 -0.019423 -0.031265 -0.190249 -0.042956 0.060513 0.069524 0.035507 0.044364 1.314610 0.706970 0.138232 0.105153 0.032631 -0.001458 -0.000701 0.000062 0.000589 0.000549 0.007131 0.000504 -0.011386 0.000000 0.006049 0.046365 0.012128 0.237535 0.921475 0.716713
-0.000222 0.000222 0.003946 0.342707 0.652692 1.268988 1.174046 0.842175 0.488860 0.102622 0.054825 0.030852 -0.000477 -0.000000 0.000477 0.041745 -0.088669 -0.156214 -0.111395 -0.131773 -0.170157 -0.087542 -0.069421 -0.028276 -0.021732 -0.008889 -0.000360 0.000360 0.009242 0.312314 -0.043735 -0.000416 0.000079 0.244244 0.053765 0.080034 0.056467 0.075169 0.112509 0.157173 -0.256773 -0.327619 -0.366758 -0.848042 -0.013581 0.000000 0.000982 0.000025 0.000008 0.006269 0.012650 0.002622 0.000000 0.005574 0.021508 0.005399 0.123040 0.724761 0.399237
0.146154 0.052938 0.253453 0.188928 0.239807 0.202363 -0.827995 -0.306824 -0.016765 -0.015479 0.000032 0.008066 0.002174 -0.000000 0.006177 -0.119078 -0.150168 -0.180280 -0.188339 -0.177356 -0.198796 -0.043151 -0.009478 -0.004599 -0.013218 -0.006176 -0.000006 0.003745 0.097521 0.022454 -0.142548 -0.008005 -0.001086 -0.000422 0.000431 0.000931 0.133622 0.326947 0.917158 0.442621 0.132562 -0.009873 -0.104054 -0.272472 -0.009313 -0.001285 -0.004806 -0.000313 0.000394 0.007517 0.009822 0.016460 0.017872 0.025021 0.211286 -0.004823 0.012590 0.089254 -0.254749
0.398513 0.342072 0.398058 0.349849 0.211860 0.303791 0.187164 -0.000667 -0.000776 0.000011 0.000883 0.022220 0.155453 0.110207 0.087635 0.062261 -0.014855 -0.047957 -0.033280 -0.038219 -0.230382 -0.023033 -0.001862 -0.000189 0.002503 0.002223 -0.006026 -0.438716 -0.888089 -0.634167 -0.394876 -0.112144 -0.001043 -0.001317 -0.000134 0.001560 0.010012 0.020316 0.041208 0.288052 0.016459 -0.044750 -0.053684 -0.177861 -0.012354 -0.053845 -0.016218 0.000001 0.017469 0.032129 0.031048 0.037222 0.906353 0.651904 0.705948 0.630912 0.379440 0.304029 0.260624
0.873341 1.640785 0.629017 0.508705 0.339190 0.301943 0.409246 0.270591 -0.000694 -0.000003 0.000693 0.014564 0.190493 0.138608 0.119849 0.348314 0.121248 0.073872 -0.004658 -0.011557 -0.074257 -0.001919 0.000052 0.094504 -0.058136 -0.163197 -0.257470 -0.061390 0.192995 0.556975 0.398441 -0.144880 -0.001108 -0.001513 -0.001026 0.000290 0.001212 0.008993 0.015362 0.033523 0.246000 0.182404 0.302917 0.298039 0.127087 -0.114296 -0.015454 0.000070 0.009033 0.016554 0.032226 0.055338 0.634331 0.782696 0.750052 0.952354 0.961726 1.063767 1.015846
0.370779 0.242962 0.277713 0.297432 0.220652 0.261224 0.439267 0.341663 0.209626 0.081931 0.305724 0.001091 0.130550 0.135750 0.060067 0.003341 0.017981 0.000955 -0.014712 -0.062528 0.006942 0.018672 -0.009589 -0.141888 -0.124888 -0.086612 -0.100803 0.014839 0.033416 0.026863 0.141204 -0.054198 -0.000361 -0.000326 -0.000375 -0.000438 0.000479 0.000629 0.009594 0.039729 0.230156 0.147682 0.195907 0.089556 -0.664378 -0.008234 0.000000 0.005367 0.019172 1.128004 0.962453 1.196580 1.251648 0.950879 0.492231 0.359162 0.241348 0.087049 -0.151936
0.051215 0.055480 0.034756 0.019519 0.008066 0.041026 0.072379 0.438419 0.593331 0.334005 0.775617 0.367825 0.362296 0.277888 0.888590 0.930429 0.384484 0.277417 0.022873 -0.008560 -0.029220 0.005965 0.055078 0.025882 0.042791 0.040132 0.016845 0.002552 -0.000222 0.000222 0.035593 0.081765 0.016793 -0.188528 -0.080526 -0.007932 0.000015 0.010256 0.031713 0.043557 0.370352 0.291713 0.447471 0.265491 -0.149873 -0.008686 0.000000 0.012368 1.325151 0.729650 0.530327 0.212368 0.000235 -0.317794 -0.766426 -1.037262 -1.029320 -1.992575 -1.784943
0.026744 0.031678 0.026180 0.021728 0.010996 0.051980 0.087672 0.092987 0.676799 0.886271 1.246361 0.983151 0.457217 0.355986 0.696052 0.501161 0.377277 0.294145 0.023584 -0.001624 -0.021175 -0.044693 0.015236 0.093967 0.056693 0.038847 0.045077 0.015506 -0.000421 0.000196 0.031619 0.591670 -0.035197 -0.505949 -0.048549 -0.004997 0.000929 0.000892 0.002249 0.014079 0.312723 0.336085 0.389041 0.351236 0.143814 -0.016349 0.000000 0.022618 0.025249 -0.072578 -0.010417 -0.030854 -0.013349 -0.000129 -0.002635 -0.000293 0.000117 0.004265 -0.024011
0.009106 0.056427 0.060239 0.054188 0.023713 0.111559 0.216584 0.219283 0.232160 0.722701 0.800106 0.787847 0.400602 0.298199 0.194225 0.466551 0.390350 0.356930 0.210776 -0.093223 -0.000147 -0.002325 0.011349 0.033794 0.030967 0.198487 0.360329 -0.052735 -0.000018 0.019765 0.147622 0.021582 -0.080566 -0.006978 -0.000092 0.000288 0.028286 0.023293 0.004633 0.286771 0.410050 0.628794 0.657932 0.508983 0.590387 -0.012230 0.000000 0.022235 0.267998 0.174877 0.281648 0.285656 0.241361 -0.003211 -0.015564 -0.010171 -0.000026 0.005355 0.015626
0.202900 0.137679 0.119586 0.087345 0.251347 0.159584 0.178085 0.217889 0.190226 0.083080 0.025867 0.197203 0.225756 0.570758 0.456611 0.456103 0.410757 0.295088 0.168891 -0.145477 -0.005506 0.000000 0.005929 0.093604 0.227362 0.174628 0.713020 0.593955 0.003250 0.003971 0.003374 0.001598 -0.670873 -0.005094 0.000000 0.006224 0.008875 -0.298061 -0.242085 -0.113091 -0.000027 0.000619 0.292369 0.265868 0.603860 0.452943 0.163072 0.625775 0.253879 0.030961 -0.116340 -0.012937 -0.110005 -0.059283 -0.026452 -0.008480 -0.000830 0.000099 0.008421
0.180659 0.617155 0.142976 0.114054 0.048276 0.012588 0.022656 0.032564 0.031912 0.035863 0.012514 0.016092 0.237102 0.559293 0.520213 0.652001 0.656771 0.676730 0.373955 0.154952 -0.033558 -0.000070 0.000482 0.030505 0.103476 0.044320 0.037571 0.388373 0.335355 -0.000527 0.000825 0.001335 -0.729999 -0.010730 -0.000071 0.000493 0.026993 1.014790 0.929731 0.304939 0.004008 0.001928 0.182729 0.524799 0.849438 0.623812 0.640512 0.340072 0.710590 0.481631 0.196306 0.229997 0.052399 -0.761184 -0.036937 -0.024988 -0.012338 0.000000 0.006971
0.204510 0.312171 -0.079730 -0.000999 -0.000218 0.000977 0.001220 0.008265 0.014291 0.193383 -0.000020 0.008905 0.138312 0.440461 0.000017 0.079973 0.433919 0.097112 0.052405 0.008931 -0.074134 -0.136226 -0.058801 -0.000349 -0.000009 0.000196 0.033535 0.445804 0.410314 0.439045 0.000040 0.023040 -0.479719 -0.022547 -0.006715 0.000014 0.021112 0.050602 0.137251 0.027877 0.000203 0.011772 0.201834 0.194192 0.325629 0.350809 1.167638 1.151333 1.870866 1.380587 0.802583 0.573656 -0.060228 -0.056576 -0.029478 -0.019424 -0.013099 0.000000 0.010792
0.253663 -0.000603 -0.001602 -0.000991 0.001367 0.002810 0.002505 0.009532 0.021229 0.235888 -0.000482 0.000586 0.005982 0.049882 0.000401 0.061833 -0.025192 -0.052353 0.024003 0.093317 0.040169 -0.036207 -0.065719 -0.000789 -0.000047 0.000195 0.008310 0.883104 0.554448 0.830174 0.749613 0.788654 0.127851 -0.203950 -0.022276 -0.014932 -0.000013 0.008259 0.019043 0.003731 0.014087 0.022279 0.107031 0.171930 0.125894 0.105456 1.888529 2.134400 1.417986 1.120591 0.926692 0.619055 -0.027911 -0.002989 -0.016605 -0.016799 -0.007844 0.000000 0.011379
