use_cases/Flooding_chicago/flooding_data/output/hUx_3180.asc
ncols 337
nrows 393
xllcorner 428428.000000
yllcorner 4602440.000000
cellsize 26.757400
NODATA_value -9999.000000
[rows 104 to 129 of 393, columns 236 to 294 of 337]
1.349976 1.445548 1.726660 1.473222 1.577381 1.988010 1.500274 1.091290 0.560313 -0.030927 0.235859 1.133281 1.264471 1.560491 1.308048 0.244321 -0.079999 -0.002013 -0.001629 0.002259 0.001873 -0.562230 -1.420022 -0.547291 -0.001023 0.001684 0.035974 0.339317 0.262343 0.216418 0.413597 0.579833 0.681692 1.026103 5.113266 6.264266 7.113128 6.529668 4.611957 4.660700 3.673220 3.189749 3.165927 2.087287 1.262732 0.721914 0.291301 -0.003940 0.000000 0.007421 0.295089 0.320103 -0.174491 -0.027566 -0.108110 -0.082256 -0.014402 -0.000006 0.006104
1.696345 1.788756 2.112055 1.850281 2.099200 2.138191 1.318513 1.220115 0.354340 -0.086501 0.362070 1.230548 1.449277 1.615649 1.534385 0.452312 -0.016292 -0.037076 -0.001476 0.001066 0.001589 0.050960 0.174381 0.008559 0.002704 0.007459 0.007853 0.316120 0.000691 0.014413 1.065625 1.855233 2.101868 4.304818 4.800182 4.955140 5.789196 4.299468 3.984923 4.520042 3.654448 3.125273 2.078595 1.103028 0.598319 0.141230 -0.517966 -0.004488 0.000001 0.018284 0.072992 -0.000657 -0.000229 0.000002 -0.001304 -0.019756 -0.015702 -0.000136 0.000200
0.733185 0.829228 1.050630 1.298083 1.290411 0.902140 0.770117 0.691735 0.348570 0.752410 0.980080 2.103640 1.960701 1.867340 1.499572 0.028240 -0.101196 -0.009280 -0.000535 0.000632 0.010970 1.074304 0.488215 0.323153 0.330635 0.447814 0.563252 0.597025 0.012025 0.005881 1.188764 2.460961 2.498094 3.739743 4.023328 3.296717 3.352502 6.305114 4.888636 4.131730 3.261581 2.047122 0.985898 -0.110280 -0.280918 -0.241409 -0.036913 -0.000100 0.000088 0.010690 0.000607 -0.005962 -0.000424 0.000079 0.000116 0.000138 -0.000120 -0.001142 -0.000080
0.728688 0.932143 1.108238 1.300682 0.998296 1.067962 0.765926 0.600358 0.643417 0.833501 1.626234 2.607674 2.703565 1.784027 1.444474 -0.023536 -0.066508 -0.006952 -0.000023 0.011535 0.074840 0.558847 0.646198 0.483612 0.499104 0.570490 1.058611 1.277277 1.151283 1.332289 2.425266 2.353789 4.449438 4.909199 4.756114 3.739012 3.782294 4.696578 3.086730 2.272422 1.254341 0.342575 0.118623 0.254271 -0.132699 -0.294480 -0.074196 -0.000360 0.000360 0.000212 -0.001300 -0.015573 -0.006234 -0.000201 0.000084 0.005723 0.012687 0.001586 0.000117
1.023729 1.332135 1.528986 1.320377 1.225175 0.921653 0.815182 0.803378 0.897641 1.199113 1.617991 2.154671 1.619400 1.046445 0.260772 0.001432 -0.011125 -0.017772 -0.000001 0.036567 0.369993 1.196533 0.908999 0.586027 0.691592 0.866175 2.277003 2.654691 2.755153 4.820001 5.243227 3.463925 5.301914 5.607836 4.971396 3.669773 3.358602 2.726230 2.226252 3.104791 0.819734 0.204399 0.197363 -0.005669 -1.661090 -2.083787 -0.078950 -0.000360 0.000360 0.000114 -0.002885 -0.003082 -0.013793 -0.005982 0.000003 0.008958 0.018577 0.014752 0.002997
0.803693 0.883320 0.985339 0.883942 0.812972 0.546845 0.352486 0.119435 0.021934 0.164125 0.577036 0.768934 0.534563 0.417094 -0.028519 -0.023049 -0.004488 0.009899 0.016532 0.330905 0.804834 0.882132 0.559845 0.695113 0.860366 2.207675 3.075481 4.699193 4.473590 5.214462 5.648424 6.038526 5.550966 4.520989 3.886496 3.665402 1.708935 2.346759 1.948422 2.249902 0.021445 0.126870 0.270356 0.031206 -0.275274 -0.408461 -0.124938 -0.000379 -0.000502 -0.003206 -0.014335 -0.012090 -0.004601 -0.000326 0.000208 0.007128 0.009394 0.021620 0.100199
0.395933 0.283998 0.308189 0.399921 0.489695 0.451531 0.256458 0.055315 -0.099323 -0.083367 0.065653 0.138922 -0.127395 -0.499190 -0.050767 -0.123106 0.012876 0.015966 0.038399 0.546995 0.822975 0.835411 0.920017 1.353165 2.737470 3.872751 4.204103 4.687500 5.488322 4.995225 5.403294 5.495521 4.727251 3.612098 2.922659 1.603627 1.589894 1.530350 2.118878 1.144242 0.039331 -0.148989 -0.112798 -0.178501 -0.296186 -0.513847 -0.251611 -0.000618 -0.001194 -0.001291 -0.002515 -0.001370 -0.009507 -0.005446 -0.000067 0.000600 0.013840 0.027856 0.114627
0.312764 0.124947 0.046569 0.104331 0.079698 -0.045826 -0.201152 -0.398715 -0.605595 -0.509918 -0.287451 -0.569407 -0.346209 -0.455516 -0.418682 -0.261703 -0.061777 0.176782 0.403360 0.525185 1.416440 1.537811 1.964829 2.705226 3.225126 4.080134 4.541291 4.296391 4.642343 3.943526 4.284248 2.539625 1.886490 1.432437 1.391543 1.594275 2.706365 2.940500 1.592164 1.162600 1.396375 0.019593 -0.168255 -0.092038 -0.177702 -0.289174 -0.263784 -0.001160 -0.002467 -0.000958 -0.002118 -0.020775 -0.018015 -0.005674 -0.000146 0.000024 0.000365 0.012490 0.114761
0.545052 0.801443 0.866576 0.835088 0.793383 0.658261 0.485871 0.284080 0.089285 -0.162795 -0.602260 -1.369943 -0.741080 -0.502638 -0.257549 -0.015015 0.127638 0.276939 0.364118 1.009042 1.981571 2.473195 2.908672 3.160246 3.404623 3.172065 3.326678 2.700139 2.805150 2.778246 1.940511 0.852067 1.367516 1.008244 1.246059 3.177922 4.489925 3.101365 2.559353 2.475847 1.295260 0.283241 -0.143683 -0.139404 -0.267822 -0.366128 -0.553005 -0.687883 0.155954 0.161707 -0.076361 -0.063169 -0.021398 -0.006060 -0.004395 -0.000223 -0.000433 0.000575 0.017539
0.837669 0.790239 0.802931 0.762148 0.699162 0.564839 0.561027 0.429472 0.270988 0.052520 -0.649036 -0.423702 -0.486080 -0.395884 -0.386584 -0.080811 0.171330 0.452831 0.914508 1.432296 2.326210 2.325894 2.220451 2.267493 2.015360 1.884124 2.319749 1.624295 1.219039 1.307116 0.818988 0.939022 1.518387 0.981761 2.252598 4.746884 4.071294 3.866189 2.090947 1.668677 0.173901 0.043087 -0.012490 -0.070255 -0.007801 0.000000 -0.607754 -0.618722 -0.719214 -0.651690 -0.662572 -0.800268 -0.112668 -0.037449 -0.020011 -0.004032 -0.079287 -0.003658 0.002184
0.778691 0.845682 0.740333 0.617375 0.385924 0.298676 0.024128 -0.152319 -0.363033 -0.813865 -0.401169 -0.308278 -0.050350 0.216075 0.362737 0.859111 1.190391 1.377306 1.962671 2.270433 2.371122 2.587198 2.624845 2.557454 2.243464 2.143914 1.916708 1.680038 1.497751 1.061457 1.209422 0.973601 2.082628 1.910750 1.917021 2.457689 1.574995 0.634876 0.441039 0.264882 -0.008228 -0.000592 -0.001330 -0.002185 -0.000897 0.000000 -0.533770 -1.011499 -1.268298 -1.093517 -1.140856 -1.197784 -0.178809 -0.048855 -0.196180 -0.186888 -0.117633 -0.001272 0.000605
0.773899 0.499637 0.193834 0.286390 0.262912 0.161179 -0.112873 -0.383489 -0.555932 -0.570443 -0.348112 -0.162243 0.278616 0.724913 0.882000 1.541568 2.000124 2.077532 2.528732 2.874650 2.647022 2.937654 2.802807 2.860630 2.774571 2.509634 2.320450 1.591636 1.290229 1.471547 1.558191 1.588652 0.967439 1.244184 0.262075 0.149372 -0.455859 -0.619305 -0.118930 -0.037975 -0.009905 -0.000904 0.000375 -0.020474 -0.011693 0.000000 0.007250 -0.055946 -0.345575 -0.299548 -0.277751 -0.527535 -0.120229 -0.030420 -0.028429 -0.024993 -0.031420 -0.000063 -9999.000000
0.742681 0.489874 0.436310 0.516974 0.445095 0.233331 0.009473 -0.005762 -0.507349 -0.646775 -0.209047 0.450611 1.112029 1.639186 2.002046 2.179175 2.857192 3.471600 3.375562 3.316706 3.498111 3.434023 3.340177 3.291206 3.110582 2.777854 2.679209 1.743007 1.885650 1.614091 1.230557 0.877394 0.293252 -0.090535 -1.206835 -0.462207 -0.181869 -0.063733 -0.046766 -0.017717 -0.002467 -0.005016 -0.001253 -0.000649 -0.002611 0.000000 0.009112 0.069843 0.257605 0.089219 0.131072 -0.205148 -0.099807 -0.000518 -0.000236 0.000422 0.000415 -9999.000000 -9999.000000
1.207573 0.729683 0.563706 0.494970 0.130525 -0.112974 -0.008895 0.000000 0.113880 -0.063684 0.586405 1.416622 2.312351 2.946154 3.270650 3.645371 3.130847 3.653840 3.999480 4.121171 5.007814 4.286285 4.280705 4.227684 4.048076 2.994947 2.676861 1.518616 1.139920 0.580748 0.016260 -0.662216 -0.452429 -0.607600 -1.607177 -0.847924 -0.366841 -0.053087 -0.013064 -0.036331 -0.108291 -0.030071 -0.000569 0.000247 0.000554 0.000476 0.000913 0.045525 0.125329 0.951367 1.135573 0.920549 -0.015904 -0.007518 -0.000007 -9999.000000 -9999.000000 -9999.000000 -9999.000000
2.307667 0.980701 0.579250 0.431975 0.200845 -0.132766 -0.015479 0.000000 0.088459 0.456970 0.874512 1.308427 1.931046 2.921919 3.346688 3.075625 3.263178 4.107973 4.503599 5.051954 5.073438 4.945502 4.487246 4.576685 3.670671 3.279696 3.036645 2.641435 1.981727 1.050403 0.811937 0.152328 -0.102982 -1.103784 -1.370000 -1.584624 -0.695786 -0.089522 -0.012267 -0.003592 -0.011622 -0.015797 -0.000393 0.000331 0.055637 0.232624 0.190822 0.121680 0.156640 1.143727 0.004695 0.002341 -0.000971 -0.000142 -9999.000000 -9999.000000 -9999.000000 -9999.000000 -9999.000000
2.755639 1.313054 0.911441 0.667229 0.603815 0.163520 -0.020405 0.000000 0.004509 1.174487 2.108721 2.686975 2.670880 3.233247 3.090872 3.030134 3.644440 3.802977 4.298424 4.482843 3.491896 3.709383 3.783004 2.900900 2.970818 2.291081 3.189381 1.892240 0.671994 0.178691 -0.575875 -0.321643 -0.462672 -0.790296 -0.767880 -0.922421 -0.764751 -1.148864 -0.583086 -0.196018 -0.021522 -0.042441 -0.021701 0.013505 0.035152 0.025703 0.005607 0.061935 0.197340 0.410553 -0.119089 -0.010530 0.000000 -9999.000000 -9999.000000 -9999.000000 -9999.000000 -9999.000000 -9999.000000
0.530220 0.185008 0.003693 -0.219458 -0.146105 -0.223609 -0.001975 0.000320 0.253547 1.887106 2.602727 2.619181 2.836896 2.939582 3.648946 3.783013 3.727174 3.867757 3.877090 3.484648 2.498602 2.422863 2.139579 1.260760 0.573727 0.223177 -0.110531 -0.018038 -0.000015 0.008840 0.010654 -0.055163 -0.142160 -0.266774 -0.683683 -0.574547 -0.699997 -0.896536 -0.325975 -0.232608 -0.308779 -0.058186 -0.088335 -0.026627 0.036154 0.020784 0.000000 0.007035 0.043552 0.010843 0.005667 0.005371 -9999.000000 -9999.000000 -9999.000000 -9999.000000 -9999.000000 -9999.000000 -9999.000000
0.002064 0.000957 -0.000056 -0.499597 -0.484212 -0.000131 0.001188 0.364104 1.299915 3.089361 3.448004 3.353346 3.228571 3.042861 2.849169 3.881728 3.130897 2.866206 2.639307 1.988826 1.097628 0.980136 0.833374 0.465507 -0.083610 -0.043837 -0.030878 -0.003024 -0.000211 0.001275 0.005670 0.023222 -0.000880 -0.281960 -1.047738 -1.437430 -1.378958 -0.325079 -0.047406 -0.021557 -0.036844 -0.045218 -0.142149 -0.168272 -0.219551 -0.017157 0.000001 0.019883 0.053351 0.017930 0.009275 0.011130 -9999.000000 -9999.000000 -9999.000000 -9999.000000 -9999.000000 -9999.000000 -9999.000000
-0.000517 -0.000114 0.000180 0.000214 -0.000111 0.000437 0.015440 0.766741 1.272882 2.214253 2.837063 3.021475 2.894948 3.232346 3.029232 2.816492 2.971392 2.869062 2.454796 1.643129 0.984553 0.576451 0.272165 -0.626487 -0.103211 -0.085966 -0.041512 -0.006320 -0.003316 -0.000300 0.000502 0.000402 0.000398 -0.189626 -0.953515 -3.222227 -2.019605 -0.596742 -0.081191 0.001645 0.031179 0.041725 0.127192 0.071478 -0.154464 -0.022523 0.000036 0.026530 0.040833 0.007453 0.008741 0.003868 -9999.000000 -9999.000000 -9999.000000 -9999.000000 -9999.000000 -9999.000000 -9999.000000
-0.005692 -0.001468 -0.000126 0.000738 0.001107 0.007696 0.030395 1.051529 1.300232 2.251843 3.021168 3.297107 3.163452 3.463292 3.283330 2.926890 3.060069 2.882906 2.124733 1.678952 0.967319 0.405932 0.045651 -0.609831 -0.074828 -0.025929 -0.002106 -0.005988 -0.002140 -0.004292 -0.000248 0.000112 0.001109 0.044006 -0.237698 -3.485082 -2.639158 -0.647809 -0.036927 0.015918 0.027226 0.014725 -0.000906 -0.001283 -0.000434 -0.000585 0.000520 0.008463 0.002937 0.000886 0.001013 -9999.000000 -9999.000000 -9999.000000 -9999.000000 -9999.000000 -9999.000000 -9999.000000 -9999.000000
-0.082380 -0.016604 0.000001 0.002970 0.001985 0.008155 0.029735 0.865600 1.192189 2.590010 3.235205 4.478884 4.480190 4.182396 4.027232 3.373296 3.275019 2.679165 2.587202 1.978814 1.288975 0.644315 -0.378760 -1.909389 -0.035414 -0.019325 -0.010166 -0.001780 -0.003546 -0.000681 -0.000000 0.000681 0.010258 0.093051 0.049565 -2.574705 -3.556886 -1.182146 -0.138128 0.013879 -0.037718 -0.045165 -0.015127 -0.000741 -0.000974 -0.000002 0.008587 0.020764 0.000049 0.000530 -9999.000000 -9999.000000 -9999.000000 -9999.000000 -9999.000000 -9999.000000 -9999.000000 -9999.000000 -9999.000000
-0.032968 -0.016861 0.000042 0.010127 0.021394 0.026697 0.026613 0.774270 1.090200 3.085838 5.200655 5.228227 4.707966 4.134295 3.512200 3.161672 2.465076 2.012115 2.032633 1.939492 1.709823 1.008618 0.636749 -0.030475 -0.020078 -0.004719 0.000107 0.001031 0.001535 -0.000681 -0.000000 0.000681 0.007650 0.120484 0.244149 -1.258406 -4.811293 -4.073528 -0.409912 -0.013272 -0.031023 -0.034549 -0.018926 -0.001255 -0.002447 -0.000076 0.005569 0.010070 0.002014 -9999.000000 -9999.000000 -9999.000000 -9999.000000 -9999.000000 -9999.000000 -9999.000000 -9999.000000 -9999.000000 -9999.000000
-0.000227 0.000327 0.001245 0.015298 0.024082 0.023531 0.057535 1.794146 2.769106 3.849403 4.240112 3.692019 3.259451 2.602303 0.938267 0.380050 -0.101746 -0.736575 -0.987098 -1.381826 -1.580072 -0.073300 -0.038701 -0.025907 -0.011806 0.000000 0.006245 0.014181 0.002540 0.368439 0.417492 0.335917 0.521404 0.261737 0.094666 0.047101 -1.755345 -3.034045 -1.751522 -0.094079 -0.069604 -0.058439 -0.025817 -0.064824 -0.017174 -0.001448 0.000390 0.001249 -9999.000000 -9999.000000 -9999.000000 -9999.000000 -9999.000000 -9999.000000 -9999.000000 -9999.000000 -9999.000000 -9999.000000 -9999.000000
0.000219 0.006029 0.068644 0.199392 -0.275288 -0.694314 0.251744 1.233410 3.596768 4.533578 3.727364 3.390961 2.766750 1.362610 0.503020 0.259346 -0.017043 -0.636032 -0.819969 -1.008918 -0.214016 -0.104947 -0.041900 -0.022744 -0.007573 0.000000 0.007463 0.016505 0.350017 0.340170 -0.000335 0.000028 0.000337 0.002114 0.002865 0.027719 -0.481065 -1.317185 -0.952493 -0.102856 -0.039626 -0.019570 -0.033585 -0.069858 -0.015177 -0.000876 0.000317 -9999.000000 -9999.000000 -9999.000000 -9999.000000 -9999.000000 -9999.000000 -9999.000000 -9999.000000 -9999.000000 -9999.000000 -9999.000000 -9999.000000
0.000742 0.011661 0.040884 0.182032 1.264487 1.184904 1.414981 1.327371 3.657128 5.099664 1.791420 -0.511538 -1.718566 -0.113793 0.009803 0.133946 0.149857 0.108963 0.005657 -0.565594 -0.340000 -0.163648 -0.040265 -0.041252 -0.011850 0.000000 0.027040 0.243257 0.079028 -0.016246 -0.000669 0.000056 0.000704 0.010984 0.028832 0.084588 -0.526819 -1.286821 -1.333273 -0.041332 -0.016471 -0.031463 -0.036811 -0.077437 -0.012722 -0.003026 0.000606 0.002753 -9999.000000 -9999.000000 -9999.000000 -9999.000000 -9999.000000 -9999.000000 -9999.000000 -9999.000000 -9999.000000 -9999.000000 -9999.000000
0.002823 0.002239 0.063244 0.063029 0.065808 0.093997 0.366750 1.608169 3.478446 4.200476 1.434231 -0.632235 -0.266350 0.028515 0.052079 0.063164 -0.123946 -0.089037 -0.151784 -0.200010 -0.270309 -0.101484 -0.058702 -0.029014 -0.002156 0.001601 0.021315 0.126897 -0.043130 -0.025542 -0.000794 0.000308 0.000755 0.018670 0.043013 0.113557 -0.604110 -1.154795 -0.706361 -0.029519 -0.025015 -0.157290 -0.130226 -0.134060 -0.080776 -0.000639 0.001368 0.003631 -9999.000000 -9999.000000 -9999.000000 -9999.000000 -9999.000000 -9999.000000 -9999.000000 -9999.000000 -9999.000000 -9999.000000 -9999.000000
