use_cases/Flooding_chicago/flooding_data/output/hUx_2400.asc
ncols 337
nrows 393
xllcorner 428428.000000
yllcorner 4602440.000000
cellsize 26.757400
NODATA_value -9999.000000
[rows 260 to 285 of 393, columns 59 to 117 of 337]
0.119043 0.055521 -0.004552 -0.000225 0.026694 0.042471 0.010453 0.134397 0.872196 -0.021144 -0.005945 -0.000076 0.000233 -0.054271 -0.276424 -0.023288 -0.006475 -0.000382 -0.050569 -0.008653 -0.000059 0.000518 0.017404 0.027732 0.109727 0.042772 0.085814 0.352527 0.328320 0.807999 0.759738 1.307598 1.508362 1.620628 1.038347 0.760164 0.401631 -0.078060 -0.489453 -0.881661 -1.044694 -0.988975 -0.947472 -0.523463 -0.479286 -0.147963 -0.000123 0.054820 0.014667 -0.084454 -0.001342 0.007368 -0.188244 -0.343809 -0.385302 -0.417993 -0.745090 -0.703916 -0.784144
-0.029773 -0.076735 -0.045579 -0.006572 -0.004976 -0.019168 -0.003846 -0.004572 -0.038210 -0.024496 -0.005982 0.000003 0.006651 0.030792 -0.057870 -0.008388 -0.002319 -0.002926 -0.006515 0.000543 0.000429 0.000347 0.008598 0.015266 0.022377 0.054702 0.074670 0.343929 0.322802 0.369882 1.209069 1.277322 1.646396 1.263394 1.004550 0.572477 -0.089857 -0.388589 -0.468037 -0.548787 -0.860019 -0.823765 -0.870836 -0.867010 -0.479224 -0.449271 -0.148839 -0.204039 -0.139001 -0.135945 -0.002191 0.025763 -0.106633 -0.157029 -0.169295 -0.198045 -0.263504 -0.366871 -0.250188
-0.057180 -0.123061 -0.057937 -0.028738 -0.044619 -0.078418 -0.033502 -0.010299 -0.031736 -0.018738 -0.000326 0.000208 0.009291 -0.008434 -0.043450 -0.001613 -0.001119 -0.000887 -0.000521 0.001020 0.000667 0.000503 0.000294 0.008598 0.015981 0.023934 0.793092 1.190153 0.458158 0.430090 1.194010 1.706857 1.626487 1.395546 0.768680 0.387239 -0.118054 -0.621054 -0.618829 -0.656987 -0.981714 -0.937671 -1.000663 -1.110030 -0.740559 -0.709391 -0.785979 -0.626952 -0.473511 -0.174584 -0.173985 -0.157927 -0.229822 -0.248979 -0.208201 -0.240938 -0.214203 -0.288099 -0.187239
-0.039567 0.000512 -0.004273 -0.018574 -0.076845 -0.054678 -0.017290 -0.026011 -0.010833 -0.020826 -0.014726 0.010510 0.208129 -0.153491 -0.241454 -0.331438 -0.018573 -0.008799 0.023606 0.024194 0.104167 0.123503 0.031911 0.010176 0.004856 0.035419 0.613465 0.964265 0.786471 1.652930 1.868923 1.993011 1.202107 0.873751 0.083690 0.010775 -0.000668 -0.137458 -0.545397 -0.620669 -1.056397 -1.140602 -1.370950 -1.480785 -1.364029 -1.194672 -1.051388 -0.924438 -0.955952 -0.618699 -0.561385 -0.522908 -0.470638 -0.558466 -0.482158 -0.498783 -0.563550 -0.426917 -0.486761
-0.132163 -0.009435 -0.000353 0.000099 0.006830 0.098334 -0.025074 -0.030508 -0.008219 -0.019412 -0.005175 0.019090 0.347739 0.256353 0.117409 -0.211508 -0.026322 0.003607 0.016251 0.011124 0.070270 0.140338 0.069719 0.012260 0.004232 0.723083 1.535968 1.102289 1.310651 1.557520 1.744190 1.448607 0.886021 0.525007 -0.117347 -0.154853 -0.000578 0.000141 -0.103212 -0.576376 -0.636007 -0.694652 -0.710126 -1.057114 -1.209403 -0.745968 -0.658150 -0.581407 -0.666448 -0.455566 -0.421829 -0.146943 -0.168056 -0.093119 -0.071248 -0.089837 -0.140339 -0.198154 -0.190478
-0.126058 -0.014036 -0.006928 -0.000041 0.008840 0.018786 -0.005778 -0.000762 -0.000326 0.000611 0.004186 0.009634 0.102245 0.122087 0.086163 -0.038100 -0.106593 -0.008315 -0.000149 0.005883 0.016178 0.123749 0.294914 0.276212 0.858490 0.830226 0.952893 0.169369 0.154834 0.143692 0.174902 0.180216 0.139887 -0.047713 -0.268559 -0.384643 -0.378160 -0.001436 -0.000063 0.000193 0.073210 0.026175 -0.322282 -0.829708 -1.128237 -1.226559 -0.677740 -0.604104 -0.577348 -0.613585 -0.248508 -0.189771 -0.141661 -0.119117 -0.004872 -0.004651 -0.002067 -0.001818 -0.051651
-0.153500 -0.015197 -0.008731 -0.000876 0.000478 0.009979 0.000143 -0.007826 -0.000073 0.005252 0.002287 -0.005942 -0.032736 -0.021881 -0.002093 -0.014030 -0.040513 -0.011350 -0.005411 0.000000 0.009001 0.015294 0.337156 1.178517 1.403096 0.909866 0.370754 -0.085362 -0.381628 -0.362209 -0.090035 0.051705 -0.030277 -0.000616 0.000454 -0.256400 -0.227257 -0.012825 -0.000222 0.000222 0.058002 0.037463 -0.025353 -0.284371 -0.802027 -1.062813 -0.900573 -0.845798 -0.862001 -0.913547 -0.815375 -0.569548 -0.423267 -0.185617 -0.004654 -0.001608 0.003802 0.004718 -0.023377
-0.099027 -0.312069 -0.046247 -0.002970 -0.000257 0.000848 0.000226 -0.001374 -0.001508 0.000250 0.001416 0.000842 0.002583 -0.036146 -0.025958 -0.038816 -0.080111 -0.010651 -0.000663 0.000046 0.000596 0.008968 0.329766 0.161332 0.367299 -0.000733 -0.178175 -0.774148 -0.838415 -1.055740 -0.716894 -0.633817 -0.562032 -0.183618 -0.000361 0.000990 -0.028629 -0.001953 -0.001143 0.000534 0.115677 0.092352 -0.026971 -0.152407 -0.647130 -0.709001 -0.743239 -1.088883 -1.040925 -1.101825 -1.032300 -0.973748 -0.765723 -0.325057 -0.095415 -0.085396 -0.067040 -0.043279 -0.056548
-0.008995 -0.045313 -0.042619 -0.006430 -0.007353 -0.000670 -0.000056 0.000810 0.000683 0.003454 0.004146 0.001420 0.022297 -0.009551 -0.045149 -0.052958 -0.101504 -0.007667 -0.000020 0.008095 0.017060 0.319127 0.319545 0.176470 -0.000102 0.000086 0.023256 -0.060556 -0.517831 -0.473217 -0.403243 -0.509190 -0.697511 -0.543839 -0.000484 0.000650 -0.044548 -0.070492 -0.000063 0.257351 0.256793 0.225651 -0.000026 -0.126451 -0.164214 -0.462966 -0.569173 -0.570938 -0.725605 -0.877675 -1.043943 -0.795090 -0.851960 -0.564023 -0.500944 -0.400717 -0.287280 -0.206659 -0.164807
-0.000782 -0.037269 -0.047301 -0.021434 -0.001277 -0.000501 0.001139 0.000979 -0.000142 -0.002929 -0.000360 0.000360 0.010488 0.027357 -0.049987 -0.094429 -0.079154 -0.108875 -0.000000 0.025317 0.088155 0.320558 0.105872 0.032848 -0.000152 0.000304 0.011532 0.030636 0.349423 -0.285605 -0.463932 -0.502232 -1.043665 -1.100434 -0.368292 -0.151293 0.065561 0.254991 0.361647 0.346532 0.299018 -0.006059 -0.000283 0.005168 0.070465 -0.304207 -0.624078 -0.714035 -0.844284 -1.005627 -1.315503 -1.284816 -1.014976 -0.611054 -0.562423 -0.513460 -0.458450 -0.479012 -0.324310
-0.009775 -0.013673 -0.060759 -0.023040 -0.001061 0.000879 0.009198 0.003040 -0.093390 -0.011947 -0.000360 0.000360 0.004301 0.003058 -0.039615 -0.037007 -0.026600 -0.006747 -0.073369 0.000000 0.007021 0.098103 0.002090 -0.006074 -0.000003 0.006204 0.020028 0.037981 0.912683 -0.185871 -0.652368 -0.630932 -1.038467 -1.149932 -0.486535 -0.361172 -0.160998 0.060979 0.190196 0.165832 -0.007970 -0.009714 0.007183 0.016238 0.122244 0.078561 -0.061838 -0.346140 -0.327145 -0.414656 -0.561020 -0.491723 -0.567885 -0.466632 -0.398208 -0.378390 -0.402574 -0.463008 -0.571024
-0.001201 -0.001994 -0.005268 -0.007973 -0.001021 0.000942 0.023516 0.060408 0.007428 -0.140443 -0.004636 -0.002065 0.002688 0.003191 0.150985 0.047843 -0.004283 -0.029905 -0.116690 0.000000 0.006119 0.011567 -0.024414 -0.000846 -0.000082 0.000802 0.014302 0.028353 0.851696 -0.406345 -1.469815 -1.555564 -1.593641 -2.546748 -1.797782 -0.622570 -0.429122 -0.237095 -0.132779 -0.011572 0.000000 0.011121 0.017076 0.024095 0.017505 0.016666 0.009754 0.141152 0.063074 -0.005618 0.019173 -0.119988 -0.004426 0.074699 0.103832 0.068279 -0.068057 -0.241596 -0.226529
0.001125 -0.001367 -0.004761 -0.006285 -0.000822 0.000788 0.017496 -0.009368 -0.034456 -0.132951 -0.003571 -0.000648 0.001986 0.001567 0.146963 0.097548 0.047701 0.079128 0.063169 0.057560 0.236837 0.055128 -0.058408 -0.001309 -0.000573 0.001420 0.008806 0.024078 0.032887 0.046322 -0.758655 -1.618839 -1.876134 -3.342626 -3.702960 -2.040263 -1.670689 -0.785559 -0.029748 0.000000 0.040674 0.030994 0.026546 0.025721 0.014899 0.005566 -0.000439 0.000347 -0.000251 0.015528 0.322642 0.355708 0.765646 0.281747 0.283157 -0.002768 -0.001536 0.011972 -0.184296
0.003260 0.001886 -0.000943 -0.002211 -0.000391 0.000384 0.012766 -0.012725 -0.036611 -0.132159 -0.002228 0.001179 0.071744 0.092162 0.176978 0.150914 0.038498 0.037589 0.061291 0.056325 0.723633 0.114828 -0.014270 -0.018528 -0.000447 0.000875 0.009066 0.018526 0.021911 0.032636 0.086580 0.319992 -0.522721 -0.914396 -1.469878 -1.797823 -1.683872 -0.840310 -0.072563 0.000000 0.132539 0.111604 0.094339 0.032271 0.017489 0.006478 -0.001073 0.000742 0.000904 0.105949 0.536795 0.337044 0.357734 0.443116 -0.001695 -0.004536 0.000000 0.085349 0.306580
0.002664 0.002186 0.000635 -0.000031 -0.000420 -0.000083 0.001006 -0.018936 -0.040164 -0.132881 -0.003098 -0.000201 0.002274 0.001728 -0.174791 -0.107454 -0.000534 0.000315 0.000578 0.090540 0.288280 -0.024828 -0.000240 -0.000112 0.001218 0.019072 0.038170 0.009430 0.022922 0.018559 0.084588 0.170797 0.000421 -0.353133 -0.715782 -0.950861 -1.662862 -1.577983 -0.639962 0.000000 0.015023 0.024719 0.035779 0.034689 0.019638 0.009965 -0.000439 0.000347 0.183546 0.806377 1.503234 0.859997 0.197327 -0.053803 -0.000472 0.000339 0.028468 0.019368 -0.061852
0.018077 0.068592 0.108554 -0.079631 -0.021634 -0.028094 -0.101362 -0.244452 -0.197784 -0.143407 -0.003643 -0.002155 0.002315 0.003323 0.001771 0.000389 0.000234 0.000679 0.006061 -0.003974 -0.082050 -0.003946 -0.000222 0.000222 0.011631 0.021369 0.031453 0.039672 0.035472 0.127838 0.061838 0.038079 0.034856 -0.000000 0.011030 -0.540597 -1.217197 -1.269410 -1.029773 -0.055354 -0.004458 0.012405 0.011817 -0.001252 0.000235 0.001395 0.052154 0.078372 0.647551 0.766259 0.583014 -0.276643 -0.159189 -0.100511 -0.001290 0.000588 0.001200 0.001237 -0.093950
0.006186 0.009350 0.004338 -0.049545 -0.148265 -0.092515 -0.053303 -0.051236 -0.031461 -0.002234 -0.003277 -0.000378 0.002805 0.002378 -0.038583 -0.051363 -0.059627 0.003835 0.067261 0.042131 0.016494 -0.003762 -0.000205 0.000017 0.001035 0.062214 0.068959 0.117817 0.184790 0.326563 0.244088 0.150392 -0.045310 -0.000010 0.010219 0.138234 -0.488701 -0.497363 -0.451485 -0.074143 0.023187 0.014268 -0.002819 -0.003494 0.000835 0.003453 0.022545 0.023126 0.093867 0.098550 0.028108 0.021489 0.008708 -0.119023 -0.000877 0.000360 0.000876 0.003256 -0.007290
0.049637 0.068903 -0.017319 -0.069286 -0.168018 -0.061563 -0.022848 -0.024001 -0.011629 -0.001276 -0.001132 0.000311 0.001218 -0.225890 -0.062323 -0.078172 -0.083494 -0.026671 0.025102 0.044780 0.041313 0.052686 0.041879 0.024137 0.031493 0.017190 0.483397 0.046595 0.125622 0.336603 0.313177 0.206171 -0.043594 -0.000360 0.000360 0.013877 -0.399559 -1.139210 -1.394406 -0.598664 -0.321395 -0.157168 -0.004614 -0.006924 -0.005405 0.000007 -0.008349 -0.004581 -0.032087 -0.074408 -0.026443 0.162630 0.186908 -0.092804 -0.000035 0.034083 0.047306 0.040254 -0.006206
0.069227 -0.163997 -0.311354 -0.328369 -0.069542 -0.117347 -0.033191 -0.002793 -0.000549 -0.000709 -0.000992 0.000891 0.001187 -0.284374 -0.054923 -0.000686 0.000064 -0.055102 -0.072755 -0.123677 -0.000128 0.000585 0.030753 0.041383 0.045972 0.021873 0.395829 0.047785 0.022043 0.015193 0.006453 0.002305 -0.000118 -0.000360 0.000360 0.011589 0.709017 -0.125423 -0.802172 -0.346937 -0.217971 -0.151650 -0.003053 -0.004366 -0.000352 0.000352 0.007031 0.338732 0.022056 -0.076624 -0.028059 0.009068 -0.000148 0.005878 -0.024069 -0.055529 -0.065750 -0.148132 -0.017145
-0.025632 -0.239175 -0.300312 -0.305402 -0.026062 -0.026510 -0.018857 -0.040683 -0.060900 -0.147837 -0.041158 0.000064 -0.121177 -0.167907 -0.031516 -0.002004 -0.002432 -0.000459 0.000727 0.001246 0.002110 0.001617 0.013565 0.012364 0.000000 0.070493 0.148290 0.067595 0.026334 0.016771 0.006824 0.002395 0.000000 0.009351 0.022029 0.324528 -0.038984 -0.369221 -0.764440 -0.502400 -0.400555 -0.105914 -0.178767 -0.009962 -0.000007 0.000452 0.001203 0.091000 -0.065647 -0.168119 -0.274799 -0.279963 -0.238725 -0.191659 -0.124095 -0.075778 -0.090410 -0.116449 -0.000555
-0.029809 -0.159161 -0.267455 -0.007336 -0.011563 -0.003602 0.001509 -0.230474 -0.112786 -0.225501 -0.072387 0.000003 -0.061489 -0.076355 -0.014197 -0.025264 -0.004830 -0.002597 0.002382 0.004986 0.003088 0.014627 0.018722 0.028969 0.028585 0.009983 0.021622 0.089355 0.146733 0.157949 0.053994 0.014332 0.000000 0.005271 0.248984 0.147399 0.217145 -0.304718 -1.498910 -1.380915 -0.861858 -0.766264 -0.364443 -0.147318 -0.000000 -0.029679 -0.010767 0.010750 0.002649 -0.018984 -0.007384 0.036534 -0.112515 -0.179513 -0.120010 -0.062886 -0.009567 0.002798 -0.000396
0.356021 0.258192 -0.001413 -0.003251 -0.002252 0.001009 -0.258295 -0.336028 -0.391956 -0.066492 -0.137207 -0.187929 -0.177032 -0.603148 -0.351574 -0.045999 -0.005007 0.008504 0.014294 0.005463 0.047475 0.040910 0.029653 0.027955 0.020217 0.061438 0.083840 0.121764 0.142881 0.189374 0.246213 0.079877 0.011682 -0.028524 0.033505 0.098007 0.058503 -0.053374 -0.402174 -1.065090 -1.085429 -1.100399 -0.660445 -0.295282 -0.070630 -0.098438 -0.043401 0.066061 0.209621 0.192723 0.143561 0.060565 -0.063053 -0.100954 -0.060542 -0.081065 -0.004443 0.002621 -0.000422
0.000907 0.184832 0.155928 0.040304 -0.056873 -0.148979 -0.197150 -0.223296 -0.071982 -0.088909 -0.143924 -0.168854 -0.172313 -0.226834 -0.023636 -0.009226 0.000017 0.000934 0.004107 0.005195 0.002314 0.015164 0.013657 0.011555 0.007742 0.032180 0.051596 0.013909 0.063819 0.138792 0.439918 0.369947 0.233326 0.274774 0.310343 0.285462 0.242716 0.112238 -0.033097 -0.550321 -0.810779 -1.166582 -1.060254 -0.777125 -0.350848 -0.235828 -0.101702 0.051842 0.102641 0.090997 0.055815 -0.085845 -0.534315 -0.404100 -0.315360 -0.057500 -0.037450 -0.032591 -0.080579
0.012334 0.345074 0.161235 -0.034045 -0.023665 -0.021342 -1.054544 -0.259035 -0.035882 -0.000396 0.000330 -0.070981 -0.140829 -0.019325 -0.011079 -0.000924 0.000371 0.000884 0.002412 0.002154 0.000668 0.003323 0.083351 0.081057 0.203063 0.002008 0.012915 0.007296 0.020651 0.040228 0.330578 0.242792 0.252405 0.291722 0.325449 0.296997 0.386176 0.200230 -0.033209 -0.009554 -0.027201 -0.070952 -0.456417 -0.540728 -0.383074 -0.289138 -0.180538 -0.104227 -0.031295 -0.073936 -0.104444 -0.041108 -0.248967 -0.359986 -0.337199 -0.084111 -0.117456 -0.166251 -0.411391
0.186404 0.142279 0.146646 -0.022502 -0.137401 -0.376753 -1.140702 -0.599393 -0.004607 -0.000555 0.000401 -0.025510 -0.097163 -0.032134 -0.017697 -0.000950 0.000866 0.023215 0.039905 0.035259 0.000147 0.000184 0.000577 0.051449 0.274337 0.142455 0.053241 0.063085 0.026903 0.053488 0.108849 0.651714 0.674103 0.596713 0.520437 0.396399 0.212858 -0.133489 -0.237340 -0.022981 0.004071 0.000156 -0.029611 -0.070281 -0.163601 -0.129223 -0.086469 -0.040219 -0.045113 -0.106200 -0.132419 -0.126208 -0.135137 -0.279528 -0.275486 -0.307716 -0.117599 -0.153718 -0.189024
0.326239 0.119621 -0.021427 -0.102627 -0.225021 -0.312710 -0.344459 -0.183989 -0.019529 -0.009983 0.000013 0.049170 -0.020824 -0.033308 -0.017514 -0.000831 0.000764 0.016045 0.040270 0.002158 -0.056387 -0.010221 -0.000003 0.007242 0.015577 0.225824 0.148045 0.082321 0.107371 0.057861 0.072690 0.039115 0.035780 -0.011853 -0.029219 0.128907 -0.004485 -0.245133 -0.429346 -0.208785 -0.040228 0.029857 0.036503 -0.048384 -0.093594 -0.082952 -0.082457 -0.067174 -0.060211 -0.106146 -0.104943 -0.094042 -0.116224 -0.210165 -0.252333 -0.293865 -0.147188 -0.194765 -0.099993
