use_cases/Flooding_chicago/flooding_data/output/hUx_2820.asc
ncols 337
nrows 393
xllcorner 428428.000000
yllcorner 4602440.000000
cellsize 26.757400
NODATA_value -9999.000000
[rows 156 to 181 of 393, columns 118 to 176 of 337]
0.000000 0.009935 0.191655 0.167121 0.182106 0.149388 0.058311 0.018506 -0.136041 -0.285546 -0.423625 -0.641032 -0.723922 -1.051064 -0.917793 -0.463226 -0.077647 -0.033710 -0.032820 0.035695 0.093162 0.007585 -0.025143 -0.008052 -0.000671 -0.000350 0.000607 0.009329 0.022541 1.403068 0.867413 0.700725 0.605397 0.966780 1.185530 1.157116 0.820968 0.932761 2.375818 2.218650 3.931872 3.647618 4.559491 4.397327 5.303229 4.934288 4.927571 4.200169 4.483083 3.419579 2.119529 1.369682 0.671818 0.006306 0.004326 0.385226 1.478666 1.338478 1.021271
0.006535 0.382856 0.897085 0.495852 0.394828 0.135262 0.120342 0.091265 0.119771 0.020373 -0.138463 -0.492379 -0.639461 -0.649961 -0.529021 -0.419225 -0.308518 -0.283775 -0.336027 -0.496580 -0.797748 -1.279431 -0.004717 -0.000808 -0.000363 0.000046 0.000360 0.010183 0.382452 -0.467645 -0.344319 -0.022281 0.104709 0.659450 1.258958 1.312463 1.198085 1.556130 0.921255 2.544685 3.396690 3.048755 3.162739 3.284956 3.437739 3.428385 3.043100 4.681027 3.984254 3.285585 2.470688 1.186836 1.540596 1.523035 2.153638 2.623700 2.543386 2.135795 1.508246
0.005915 0.159492 0.091559 -0.010033 -0.013465 0.000000 0.006756 0.592533 0.978108 0.431509 0.336726 0.189886 -0.096772 -0.397846 -0.290470 0.121359 0.751995 0.902561 0.975296 0.848111 0.667685 0.127766 -0.018262 -0.000021 0.007610 0.028998 0.001539 0.001630 -0.004524 -0.412493 -0.078715 0.388955 0.696766 1.641153 1.876828 1.870599 1.823464 1.666552 1.024336 2.529855 5.905051 3.205238 2.759275 2.714227 1.580618 3.278676 3.476912 3.074288 2.747121 2.113441 1.602677 0.750128 1.652646 2.228549 3.084966 3.184700 2.826635 0.669958 0.825740
0.333232 0.804242 0.328402 0.232242 -0.001284 0.000087 0.150203 0.457717 0.530871 0.159833 0.092246 0.024485 0.036904 0.182386 0.599944 1.121167 1.744516 2.771667 2.657213 2.520972 2.378689 1.926755 1.382343 0.353842 0.207711 1.538460 1.614881 2.066626 4.489398 3.631642 3.473749 3.551951 3.197374 3.839505 3.460917 3.097413 2.757158 2.239276 4.044089 2.679179 4.069532 1.219480 0.652153 1.301993 1.579353 1.789196 2.849212 2.827703 2.665087 2.523432 2.599563 2.868332 3.433973 3.014749 2.728467 2.328582 1.631593 0.566032 0.558240
0.959541 0.969661 0.488715 0.410783 0.344502 0.323069 0.156398 0.100231 -0.002092 -0.002343 0.001194 0.096355 0.187814 0.406828 1.370629 2.536947 3.263027 5.611604 5.194137 5.497883 5.101064 4.811142 5.476915 4.775411 4.135791 4.174540 3.999883 4.016864 7.646871 6.755369 6.659598 6.442607 5.544550 5.510617 4.310254 3.428800 2.416948 2.825205 2.821339 2.624187 0.472788 -0.000293 0.000104 0.000344 0.000385 0.000535 0.396219 0.591313 0.834790 1.657164 2.818184 3.367959 3.101602 1.114634 0.478320 0.081932 0.043242 -0.001933 -0.001093
0.187345 0.728807 -0.000231 0.000217 0.114080 0.085977 0.042824 -0.017984 -0.111957 -0.001134 0.003040 0.003498 0.480092 1.205582 2.554381 2.904094 3.710080 5.349103 4.924104 4.922181 4.800569 5.397769 5.740518 5.990874 5.696743 4.407857 4.277336 4.260191 4.026210 5.389138 4.268431 3.726711 3.256034 3.772812 3.775435 3.698211 3.067080 2.930319 2.328994 1.632566 -0.024914 -0.006437 -0.000117 0.000075 0.000248 0.000793 0.026811 0.610309 0.705613 0.309569 0.236588 -0.000938 0.000272 0.000314 -0.028383 -0.042303 -0.094327 -0.026667 -0.006056
-0.126422 -0.014985 -0.000331 0.000393 0.012716 0.095794 0.038304 0.030497 0.030133 0.000000 0.004182 0.011694 0.804702 1.549059 2.730591 3.171499 3.858468 3.506628 2.771322 2.386662 2.744474 2.855478 2.873328 3.561435 4.122677 4.251804 4.066781 3.829457 3.373876 2.508075 1.931662 0.638114 0.433226 0.541074 0.885988 0.681840 0.623695 -0.386116 -0.086784 -0.123846 -0.077049 -0.025871 -0.005716 0.000000 0.006570 0.022924 0.040399 0.117800 0.070080 -0.040057 -0.027850 -0.012129 -0.000003 0.011096 0.023214 -0.041937 -0.122384 -0.028037 -0.012536
0.111584 -0.000554 -0.000247 0.000569 0.021167 0.162858 0.076876 -0.196877 -0.012459 0.000000 0.022549 0.779256 1.858122 2.117531 3.139882 3.183897 3.263548 2.199282 0.880455 -0.203370 -0.007333 -0.000417 0.000731 0.002076 -0.000995 -0.002321 -0.000939 0.012270 0.015525 0.008673 0.000124 0.025882 -0.020224 -2.726793 -3.076645 -2.573721 -0.026165 -0.009453 -0.009866 -0.062154 -0.057301 -0.022527 -0.006081 0.000000 0.006319 0.019328 0.094787 0.115421 0.020422 -0.020634 -0.020415 -0.008486 -0.000120 0.001077 0.009419 0.055726 -0.036453 -0.037142 -0.009532
0.161367 -0.002344 -0.001326 0.000815 0.004436 0.003621 0.002040 -0.136856 -0.041367 0.240835 0.535610 2.018740 2.274467 2.397938 2.944939 2.083779 1.624528 -0.312138 -0.024386 -0.010736 -0.000103 0.000103 0.009392 0.015835 -0.000871 -0.007363 -0.021125 -0.013091 0.013598 0.011132 0.002281 0.010308 0.034543 -0.202120 -0.331696 -0.099625 -0.014773 -0.004901 0.000005 -0.135714 -0.073995 -0.037074 -0.008262 0.000000 0.003663 0.038229 0.089409 0.033801 0.000088 -0.000517 -0.000039 0.000243 0.001405 0.015561 0.029189 0.097604 -0.001069 -0.050099 -0.021374
-0.224638 -0.246065 -0.131902 -0.010914 0.026233 0.002762 0.004488 0.346463 0.817903 1.696273 2.193229 3.841650 4.428703 4.221054 5.402869 3.607399 2.190415 -1.102656 -0.007592 -0.003946 -0.000222 0.000222 -0.003314 -0.000345 0.000107 -0.009797 -0.033623 -0.039868 0.010823 0.028359 0.003881 0.001219 0.001072 -0.099078 -0.302787 -0.204911 -0.005685 -0.000326 0.000208 -0.016540 -0.055042 -0.104632 -0.049314 -0.002697 0.002309 0.028741 0.036110 -0.025947 -0.050885 -0.011989 -0.000000 0.006650 0.021331 0.040803 0.007635 0.196031 0.088447 -0.036685 -0.004728
0.154255 0.311877 0.561523 0.859371 1.015873 1.060877 0.837268 2.230906 2.836668 3.726309 4.682428 4.725737 5.914392 6.298525 6.251571 4.754100 1.873381 -1.139605 -0.394675 -0.129868 -0.046366 -0.091210 -0.029212 -0.012670 -0.000130 0.000130 -0.063532 -0.060259 -0.044668 -0.001130 0.000073 0.008685 0.020177 -0.128264 -0.358236 -0.342216 -0.033531 -0.007002 0.000003 -0.024944 -0.010399 -0.069583 -0.046001 -0.000932 0.000470 0.010436 -0.004923 -0.042827 -0.045315 -0.018449 -0.000006 0.009543 0.037506 0.078448 0.553273 0.423238 0.206079 -0.021153 -0.005048
1.361937 1.886469 2.014020 2.415021 3.014542 2.870308 2.845162 3.146352 4.006444 3.885107 4.055572 4.938444 4.789459 6.358458 5.821062 2.605240 -0.347879 -0.134639 -0.101362 -0.041631 -0.003453 -0.005820 -0.033787 -0.007238 -0.000360 0.000360 0.009929 -0.007857 -0.068527 -0.015919 -0.000416 0.000350 0.012515 -0.070532 -0.196080 -0.279936 -0.329546 -0.022880 -0.027957 -0.039826 -0.003208 -0.004411 -0.007292 -0.001084 -0.000589 -0.000006 -0.000382 -0.005560 -0.040146 -0.026253 -0.000103 0.001615 0.035223 0.104499 -0.280982 -0.255938 -0.046848 -0.039222 -0.030858
1.729626 2.325050 3.003877 3.817019 4.071751 4.094532 4.227784 3.922849 3.793876 3.569721 3.485348 3.947981 3.675083 3.634305 1.283146 -1.105990 -0.045088 -0.060805 -0.160758 -0.164991 -0.015691 -0.003224 -0.014757 -0.009515 -0.000360 0.000360 0.013925 -0.089434 -0.255758 -0.025476 -0.000907 0.000620 0.012351 0.051416 -0.045453 -0.246225 -0.483667 -0.219443 -0.088831 -0.040095 -0.021875 -0.006822 -0.020253 -0.010192 -0.000572 -0.000326 0.000046 0.000364 0.001262 0.000669 0.000797 0.003970 0.026868 0.044282 0.130058 -0.133204 -0.097634 -0.041156 -0.021529
2.385094 3.037384 3.326034 4.121064 4.201962 4.339814 4.916592 4.124996 3.984623 4.364837 4.075323 4.208915 4.276887 2.826678 1.352074 -0.475254 -0.331132 -0.078726 -0.099450 -0.658592 -0.010192 -0.002463 -0.003889 -0.000382 0.000558 0.000010 0.015923 0.027366 -0.102128 -0.016694 -0.000898 0.000248 0.024100 0.107702 0.047023 -0.180087 -0.437193 -0.329493 -0.155630 -0.104622 -0.083233 -0.060318 -0.036320 -0.024405 -0.006229 -0.000000 0.000334 0.000306 0.000845 0.000838 0.000533 0.016968 0.026260 0.046229 0.104005 -0.090176 -0.084145 -0.023411 -0.017922
2.931190 4.795825 5.224841 5.510016 6.311734 6.299125 7.019339 6.299849 6.709999 6.002071 6.751114 4.695249 4.688711 2.875050 1.700732 -0.475262 -0.412251 -0.352642 -0.111885 -0.589859 -0.560484 -0.025842 -0.010310 -0.000012 0.030517 0.029277 0.400157 0.311029 0.081374 -0.438054 -0.030087 0.000000 0.023510 0.066684 0.016075 -0.005429 -0.062319 -0.281802 -0.267521 -0.185888 -0.148269 -0.117813 -0.079614 -0.042183 -0.008320 -0.000008 0.000580 0.000603 0.000646 0.000009 0.011411 0.020804 0.028004 0.084211 0.119144 0.011613 -0.168565 -0.022911 -0.025405
6.649218 7.327962 7.337773 6.800941 6.557178 6.377288 6.715504 6.467101 5.767057 4.571119 3.891249 3.220986 2.709816 1.701718 -0.048534 -0.029613 -0.022774 -0.020050 -0.080844 -0.136228 -0.969087 -0.281506 -0.099608 -0.036838 -0.000001 0.085210 0.371477 0.286819 0.175291 -0.037794 -0.007494 0.000004 0.010277 0.034110 0.096138 0.023295 -0.001774 -0.024009 -0.154104 -0.234089 -0.191193 -0.169026 -0.132441 -0.092464 -0.029759 -0.000422 -0.000101 0.000079 0.000287 0.000387 0.007538 0.009626 0.013845 0.079329 0.161850 0.106914 -0.071211 -0.027569 -0.009131
7.717764 6.981697 6.097294 5.385024 3.658555 3.793090 4.091607 4.022496 3.190719 1.996249 1.122248 0.327441 -0.209677 -1.232472 -0.010554 -0.000388 -0.000372 0.000145 0.000492 0.000861 -0.432628 -0.664737 -0.022330 -0.002315 -0.000043 0.002023 -0.075853 -0.223635 -0.055438 -0.006608 -0.000323 0.000216 0.010752 0.037588 0.091273 -0.008081 -0.004899 -0.001753 -0.003909 -0.032174 -0.043675 -0.020515 -0.011517 -0.075870 -0.079898 -0.036247 -0.000473 -0.000973 -0.001222 0.003164 0.002607 0.035947 0.178942 0.060745 0.028101 -0.015837 -0.092821 -0.029358 -0.015096
4.885922 3.997177 3.073510 1.460703 0.649894 0.933979 1.241324 1.047302 0.948367 0.647475 0.526501 0.335064 -0.162239 -0.109231 -0.010892 -0.000609 -0.000540 0.000540 0.000609 0.193456 0.819909 -0.122496 -0.037013 -0.024084 -0.000049 0.014160 0.018101 -0.120300 -0.091561 -0.013138 -0.000965 0.000392 0.007144 0.030965 0.035261 -0.077778 -0.046126 -0.009913 -0.000711 -0.001649 -0.020087 -0.009222 -0.001974 -0.004601 -0.008034 -0.012813 -0.005691 -0.005377 -0.001073 0.001361 0.033225 0.074779 0.030057 0.024522 0.002485 -0.011732 -0.073980 -0.031808 -0.022991
2.533167 1.929957 0.650105 0.001960 0.000867 0.029669 0.427854 0.555025 0.508646 0.386828 0.891418 0.370516 -0.339558 -0.240252 -0.032623 -0.008421 -0.000369 0.000369 0.018221 -0.144882 -0.217564 -0.047513 -0.036070 -0.003545 -0.000632 0.000340 -0.024791 -0.130762 -0.112199 -0.002981 -0.004241 -0.000269 0.001180 0.013141 0.027667 -0.011067 -0.008619 -0.000652 -0.001552 -0.001397 -0.001102 -0.001747 -0.002433 -0.006157 -0.013418 -0.018934 -0.015357 -0.011126 -0.000837 0.000897 0.025239 0.065205 0.011686 0.002043 0.000693 0.008458 0.029497 0.000176 -0.083297
0.908703 0.392491 -0.159545 -0.022477 -0.035302 -0.472452 -0.676151 -0.165600 -0.000816 0.001714 0.027756 0.073674 -0.079682 -0.377862 -0.019255 -0.005315 -0.000429 -0.000653 -0.002279 -0.132646 -0.077786 -0.044592 -0.041278 -0.038299 -0.009590 -0.000000 0.006388 0.010277 -0.066830 -0.004499 -0.009924 -0.011425 -0.002358 -0.001038 -0.002842 -0.018906 -0.008301 -0.000896 -0.002717 -0.000872 -0.000808 -0.000804 -0.001306 -0.002015 -0.002281 0.000000 -0.000026 -0.000989 -0.000401 0.000412 0.005185 0.001224 -0.000979 -0.000015 0.001118 0.011551 0.018504 0.004368 -0.028842
0.529176 -0.014511 -0.351526 -0.009013 0.015676 0.381625 0.033297 -0.280832 -0.203628 -0.029780 -0.002361 0.196702 0.066173 -0.405624 -0.060982 -0.045472 -0.051784 -0.063640 -0.036493 -0.006693 -0.036580 -0.019892 -0.004314 -0.013351 -0.007725 -0.000000 0.009433 0.018325 -0.128967 -0.189313 -0.009941 -0.020755 -0.011527 -0.014727 -0.037984 -0.017379 -0.008261 0.000000 -0.002205 -0.000733 -0.000114 0.000623 0.000302 -0.000819 -0.001584 -0.000664 0.000030 0.004709 0.001567 -0.001619 -0.008636 -0.030034 -0.010960 0.000000 0.013696 0.026370 0.025475 0.023685 0.093627
-0.865574 -0.245758 -0.033549 -0.000479 0.000420 -0.068328 -0.669681 -0.327444 -0.449971 -0.185197 0.013200 -0.214506 -0.348131 -0.084380 0.002732 -0.442619 -0.090339 -0.045056 -0.012714 -0.000475 -0.056425 -0.086542 -0.041247 -0.012976 -0.013087 -0.000000 0.007524 0.024793 0.328881 -0.037041 -0.068328 -0.039514 -0.021684 -0.032460 -0.071538 -0.030333 -0.012008 0.000000 0.000817 0.000318 0.000556 0.000608 0.000247 0.000275 0.000873 0.008243 0.000001 0.143409 1.286568 -0.049997 -0.046926 -0.026316 -0.004433 -0.000440 0.004773 0.028831 0.029850 0.031150 0.139603
0.009973 0.003418 -0.065812 -0.001112 0.000823 -0.189078 -0.865196 -0.897244 -0.679587 -0.417675 -0.096074 -0.461693 -0.684401 -0.553014 -0.610965 -0.721098 -0.079665 -0.040637 -0.019609 -0.008124 -0.016595 -0.041413 -0.029140 -0.084422 -0.021118 -0.000004 0.013098 0.027090 0.020055 0.085734 -0.045797 -0.082817 -0.008656 -0.017449 -0.059499 -0.022463 -0.000827 0.000209 0.002230 0.001054 0.000488 0.093502 0.104101 0.596585 0.776131 0.932670 0.898785 1.267034 1.108245 0.407760 0.213580 -0.027794 -0.017603 -0.000030 0.023722 0.055917 0.110946 0.184119 0.218877
-0.000459 -0.021002 -0.092026 -0.000867 0.000223 0.000421 -0.650647 -0.731032 -0.539953 0.101210 0.448449 0.297447 -0.023556 -0.426506 -0.811031 -0.167984 -0.022276 -0.037027 -0.028042 -0.010445 -0.003605 -0.013974 -0.048254 -0.025021 -0.023212 -0.000172 0.000488 0.017446 0.637850 0.279037 -0.455483 -0.044987 -0.000745 -0.000642 -0.001041 -0.000163 0.001217 0.021256 0.108208 -0.032310 -0.072752 0.204281 0.590211 0.806182 0.234417 0.411087 0.610651 0.472154 0.283577 0.006029 -0.341895 -0.092411 -0.019850 -0.000644 0.000636 0.010299 0.025276 0.041929 0.046240
-0.025659 -0.070901 -0.197334 -0.006319 0.000000 0.008358 0.188842 -0.335654 -0.262868 -0.006948 0.338223 0.412833 0.397036 -0.104919 -0.418629 -0.450099 -0.236217 -0.004727 -0.015675 -0.034057 -0.030277 -0.026662 -0.021778 -0.023238 -0.008251 -0.000005 0.007542 0.016623 -0.590854 -0.256948 -0.511824 -0.021626 -0.008059 -0.000473 0.000270 0.004805 0.003304 0.018327 0.564930 0.531921 0.451328 0.461609 0.135121 0.002353 0.001643 0.174831 0.155919 0.041274 -0.249813 -0.249264 -0.288529 -0.076404 -0.027126 -0.001929 0.001012 0.002018 0.016204 0.056985 0.011412
-0.056453 -0.117616 -0.329552 -0.003663 0.000000 0.005378 0.014707 0.426709 0.371952 0.358343 0.180434 0.321689 0.318760 -0.005979 -0.027629 -0.093483 -0.171255 -0.262099 -0.364553 -0.054827 -0.045312 -0.035930 -0.011868 -0.001197 -0.000631 0.000290 0.005338 0.036290 -0.035258 -0.136169 -0.024490 -0.019182 -0.012543 -0.000965 -0.000000 0.000965 0.029719 0.259339 0.112633 0.093511 0.166599 0.101004 -0.019887 -0.000334 0.000674 -0.203355 -0.284825 -0.329766 -0.563642 -0.629508 -0.590790 -0.020679 -0.002842 -0.002795 0.002347 0.003452 0.031000 0.041148 0.010451
