use_cases/Flooding_chicago/flooding_data/output/hUx_3240.asc
ncols 337
nrows 393
xllcorner 428428.000000
yllcorner 4602440.000000
cellsize 26.757400
NODATA_value -9999.000000
[rows 208 to 233 of 393, columns 59 to 117 of 337]
0.066412 0.050071 0.033408 0.032457 0.034597 0.044673 0.039187 0.048190 0.037890 -0.026276 -0.052193 0.005659 0.154185 0.301820 -0.178041 -0.530339 -0.427816 -0.527373 -0.552069 -0.613510 -0.429086 -0.164786 -0.137750 -0.055862 -0.070836 -0.123700 -0.092838 -0.054589 -0.044872 -0.001643 0.011880 0.029091 0.090632 0.148568 0.296246 0.365187 0.392829 0.495357 0.350495 -0.017470 -0.099091 -0.159244 -0.688555 -0.611461 -0.233087 0.260547 0.499949 0.495945 0.283560 0.146863 -0.097205 -0.173438 -0.628669 -0.363577 -0.008807 -0.000774 -0.000389 0.000562 0.000756
0.116879 0.097123 0.068260 0.040041 0.012805 -0.019712 -0.019786 -0.061128 -0.078711 -0.092101 -0.276987 -0.445186 -0.547638 -0.351687 -0.465506 -0.371261 -0.362497 -0.507664 -0.544228 -0.438780 -0.411141 -0.420048 -0.307926 -0.344079 -0.324254 -0.358581 -0.327822 -0.306001 -0.266900 -0.225072 -0.305958 -0.234043 -0.218615 -0.139318 -0.155026 -0.169320 -0.240830 -0.223427 -0.238182 -0.311960 -0.393572 -0.452552 -0.504811 -0.333450 -0.074306 0.115621 0.114525 0.000956 0.013299 0.014651 -0.000360 0.000359 0.040564 0.020471 0.014062 0.021270 -0.001746 -0.002027 0.000019
0.242769 0.190269 0.157921 0.124309 0.080798 0.024229 -0.025655 -0.092319 -0.121878 -0.132859 -0.144356 -0.308688 -0.528049 -0.511402 -0.551576 -0.324151 -0.307451 -0.357748 -0.209260 -0.209627 -0.312938 -0.306930 -0.333945 -0.406864 -0.293361 -0.417224 -0.345440 -0.367144 -0.401346 -0.288712 -0.276449 -0.355855 -0.346444 -0.317557 -0.298356 -0.360877 -0.315663 -0.458676 -0.509126 -0.602993 -0.680694 -0.690139 -0.722906 -0.515482 -0.300197 0.038777 0.162024 0.049309 -0.020436 -0.041482 -0.000365 0.000362 -0.061882 -0.096085 -0.335186 -0.443534 -0.432473 -0.693122 -0.352009
0.195535 0.201753 0.169476 0.143898 0.122245 0.070134 0.017213 -0.041918 -0.074853 -0.122661 -0.137596 -0.298571 -0.457478 -0.428664 -0.392471 -0.265055 -0.315814 -0.193085 -0.042393 -0.146069 -0.131912 -0.204468 -0.236003 -0.342294 -0.282412 -0.436703 -0.402087 -0.346428 -0.361773 -0.348360 -0.356103 -0.520274 -0.654557 -0.662970 -0.577462 -0.707313 -0.644731 -0.727457 -1.113960 -1.242156 -1.625031 -1.489122 -1.052934 -0.720252 -0.372647 -0.287845 -0.063054 -0.002136 -0.139671 -0.391165 -0.294858 -0.307920 -0.751046 -0.835739 -1.063722 -2.080078 -1.810719 -0.793056 -0.980822
-0.063617 -0.089113 -0.076209 -0.072560 -0.068040 -0.058667 -0.069741 -0.087127 -0.103608 -0.114687 -0.165709 -0.208686 -0.232959 -0.215636 0.004050 0.110975 -0.049697 0.000311 -0.014804 -0.029468 -0.138183 -0.252124 -0.310435 -0.290171 -0.306273 -0.514177 -0.285438 -0.294639 -0.193288 -0.273402 -0.261722 -0.284278 -0.444488 -0.597121 -0.548653 -0.655375 -0.581655 -0.646172 -0.991366 -1.249282 -1.417641 -1.517409 -1.749057 -1.439924 -1.325190 -0.977980 -0.724431 -0.714024 -0.126989 -0.165863 -0.222932 -0.392019 -0.315132 -0.300894 -0.395933 -0.168509 -0.003300 -0.010805 -0.009371
-0.176738 -0.187905 -0.150087 -0.123963 -0.109672 -0.093303 -0.062356 -0.040922 -0.025150 -0.003039 -0.025791 -0.015849 0.000000 0.110100 0.171642 0.170638 -0.091732 0.000013 0.046860 0.069511 0.033977 -0.000443 0.000039 0.000012 -0.088579 -0.083729 -0.084734 -0.036599 -0.071397 -0.070073 -0.121232 -0.160459 -0.261919 -0.469940 -0.534051 -0.715565 -0.674168 -0.945701 -1.169847 -1.534038 -1.736247 -2.047208 -2.103206 -2.121957 -1.315313 -1.327600 -0.790519 -0.146447 -0.104022 -0.000501 -0.000344 -0.019355 -0.107182 -0.182794 -0.406927 -0.014757 -0.001982 -0.004607 -0.005917
-0.112648 -0.098543 -0.085716 -0.065816 -0.045810 -0.002736 0.028794 0.065555 0.067489 0.036181 0.021603 0.011394 0.000000 0.003663 0.143060 0.068359 -0.000687 0.000320 -0.003914 -0.000834 -0.000014 0.000839 0.000686 0.000554 -0.001304 -0.005109 -0.010948 -0.016721 -0.017582 -0.057540 -0.106947 -0.119348 -0.179702 -0.372175 -0.446687 -0.577212 -0.665053 -0.933916 -1.149843 -1.376140 -1.714892 -1.941836 -2.316481 -2.663126 -1.956103 -1.740708 -0.872223 -0.749567 -0.514658 -0.116425 -0.090168 -0.267332 -0.260618 -0.329569 -0.450214 -0.018862 0.000000 -0.014968 -0.050604
-0.133412 -0.119218 -0.084291 -0.046855 -0.051018 -0.019741 0.007136 0.036274 0.028616 -0.002172 -0.016609 -0.107112 0.000000 -0.031699 -0.027653 -0.024447 -0.000974 -0.001229 -0.001798 -0.002206 0.000000 0.006442 0.332069 0.272746 0.221061 0.212623 0.171116 0.151771 0.186833 0.285321 0.273003 0.163179 0.133594 0.086186 -0.003899 -0.101252 -0.272115 -0.281915 -0.429124 -0.545464 -0.779864 -1.146385 -1.361521 -1.997441 -2.416343 -2.688075 -1.976068 -1.011833 -0.749025 -0.333269 -0.250778 -0.216522 -0.184162 -0.170811 -0.023165 -0.007433 0.000000 -0.020122 -0.057930
-0.163763 -0.185545 -0.158830 -0.164131 -0.172947 -0.148159 -0.086380 -0.087598 -0.154839 -0.115670 -0.144653 -0.000378 0.000141 0.135674 0.163301 0.176460 0.025544 -0.021215 -0.001052 0.000149 0.000261 0.125781 0.047600 0.083653 0.081971 0.102090 0.113687 0.140278 0.199745 0.318045 0.315112 0.238926 0.284111 0.078565 0.031413 0.009876 0.000001 0.174901 0.381150 0.355602 0.368400 0.730489 0.505388 -0.677134 -1.710703 -2.091619 -2.421245 -1.786665 -1.383128 -1.003619 -0.504879 -0.422741 -0.125864 -0.004916 -0.007210 -0.002984 -0.005093 -0.018297 -0.052200
-0.054379 -0.055881 -0.063170 -0.047300 -0.055662 -0.064473 -0.037174 -0.031656 -0.037016 -0.038145 -0.011901 -0.027993 -0.064886 -0.152763 -0.074029 -0.004102 -0.052499 -0.157817 -0.000045 0.064365 0.049722 -0.001286 -0.121336 -0.223276 -0.023543 0.023306 0.086564 0.115575 0.165213 0.007893 -0.055535 -0.271609 -0.245316 -0.012370 -0.000576 -0.000545 0.000035 0.174357 0.244813 0.246056 0.515304 0.417126 0.093786 -0.071758 0.171068 -0.156557 -0.664956 -0.793142 -0.940166 -1.091787 -0.274584 -0.002236 -0.004354 -0.007101 -0.007670 -0.006393 -0.018065 -0.094374 -0.073964
-0.238381 -0.246032 -0.286375 -0.263102 -0.312591 -0.214929 -0.258797 -0.551654 -0.364606 -0.410673 -0.435775 -0.437498 -0.443885 -0.429796 -0.528639 -0.476389 -0.404891 -0.140321 -0.258209 -0.196903 -0.102140 -0.000283 0.000466 -0.216692 -0.018800 0.051497 0.174149 0.175506 -0.020778 0.000001 0.007032 0.005044 -0.000138 -0.000837 -0.000597 0.000204 0.000948 0.183591 0.626673 0.541483 0.470362 0.608401 0.518158 0.576618 0.663441 0.645287 0.258067 -0.336581 -0.971343 -0.957930 -0.395542 -0.001063 0.000124 0.080257 0.074214 -0.012231 -0.121095 -0.186007 -0.055551
-0.283720 -0.327206 -0.323898 -0.337318 -0.399205 -0.195630 -0.241026 -0.301066 -0.347112 -0.385638 -0.688562 -0.378086 -0.364523 -0.340270 -0.372867 -0.313254 -0.108321 -0.125725 -0.164142 -0.117218 -0.000827 -0.000335 0.000898 0.059359 0.286209 0.163172 0.154265 0.029833 -0.008624 0.000019 -0.003535 -0.001064 -0.002067 -0.000823 -0.000521 0.000437 0.000807 0.019265 0.025274 0.041533 0.297205 1.562330 1.610697 1.255276 1.201588 0.618173 -0.328074 -0.583015 -0.667002 -0.995171 -0.793999 -0.738592 -0.456979 -0.458154 -0.421324 -0.296444 -0.475090 -0.245536 -0.068567
-0.310476 -0.305973 -0.364593 -0.347577 -0.369153 -0.165701 -0.196221 -0.247745 -0.296512 -0.341167 -0.619296 -0.341321 -0.314827 -0.292680 -0.345630 -0.313925 -0.123779 -0.142952 -0.249585 -0.220881 -0.129944 -0.000062 0.107849 0.082868 0.326599 0.103609 0.021051 -0.008322 -0.000596 0.000505 -0.013397 -0.014371 -0.001235 -0.000077 0.000267 0.016998 0.039797 0.051593 0.057053 0.071725 0.776615 1.860658 1.761120 2.532733 1.942925 0.303124 -0.469624 -0.840580 -1.082079 -0.607687 -0.592479 -0.493838 -0.342229 -0.463801 -0.140560 -0.121644 -0.027388 -0.082691 -0.069103
-0.203384 -0.182910 -0.167343 -0.170649 -0.181003 -0.092471 -0.083907 -0.047997 -0.031409 -0.060081 -0.108633 -0.116802 -0.082552 -0.088001 -0.185558 -0.195008 -0.157446 0.000000 -0.046365 -0.257848 -0.241964 -0.227241 -0.046667 0.086969 0.008200 -0.076416 -0.005801 -0.000933 -0.000833 0.001101 -0.284876 -0.130865 -0.000055 -0.001926 -0.010104 0.203258 0.360548 1.101437 1.544137 2.270397 2.704347 2.365324 3.335146 2.255769 1.784473 0.388765 0.225422 0.025546 -0.634222 -0.535037 -0.790628 -0.240885 -0.211240 -0.212556 -0.438836 -0.399750 -0.054257 -0.018487 -0.012208
-0.241504 -0.235002 -0.211697 -0.194111 -0.229355 -0.164292 -0.113845 -0.135645 0.000000 0.124440 -0.004123 -0.061640 -0.110551 -0.303633 -0.329714 -0.404573 -0.466158 -0.185949 -0.180446 -0.448693 -0.699739 -0.696773 -0.301529 -0.082839 -0.210736 -0.442422 -0.539942 -0.063321 -0.000364 0.000434 0.002198 0.004110 -0.000002 0.128199 0.242877 0.284564 0.432261 1.288623 1.534969 2.103813 2.536362 2.682200 2.665799 1.752305 0.671331 0.512615 0.009856 0.124304 -0.068422 -0.212863 -0.204876 -0.216083 -0.038079 -0.087140 -0.476280 -0.554859 -0.080977 -0.022889 -0.019861
-0.295234 -0.199630 -0.221443 -0.191707 -0.253542 -0.190630 -0.132257 -0.143933 0.000000 0.021872 -0.601555 -0.782590 -1.149447 -1.374601 -1.445161 -1.413728 -1.329582 -1.157834 -0.997820 -0.901326 -0.765938 -0.592804 -0.373155 -0.141050 -0.053901 0.010133 -0.068140 -0.053408 -0.061435 -0.044857 -0.031167 0.000000 0.117729 0.138545 0.152492 0.241811 0.405642 1.818970 1.574902 1.898641 2.599347 2.490719 2.670500 1.665476 0.759770 0.617358 0.710080 0.667075 0.393094 0.241469 0.042580 -0.066441 -0.137507 -0.001420 0.000287 -0.371519 -0.050242 -0.111121 -0.017725
-0.226178 -0.357420 -0.447948 -0.492020 -0.460124 -0.508466 -0.596559 -0.478134 -0.588752 -0.708449 -1.063919 -1.013263 -1.226482 -0.913887 -0.959286 -1.455672 -1.422839 -1.964523 -1.386715 -1.463730 -1.383665 -1.966846 -0.276178 -0.000295 -0.037380 -0.020972 -0.051764 -0.405033 -0.047304 -0.034831 -0.019405 0.003384 0.006108 0.012222 0.129499 0.581536 1.174355 1.994323 1.714762 2.172260 2.904518 2.527160 2.372242 1.169039 1.063484 1.229096 0.832784 0.695323 0.498097 0.383882 0.033600 -0.211393 -0.291377 -0.022596 -0.000487 0.000181 -0.020566 -0.074204 -0.016093
-0.611308 -0.657533 -0.910666 -0.992996 -0.888545 -0.975641 -1.061310 -1.661434 -1.291679 -1.354222 -1.232836 -1.147086 -1.255605 -0.826351 -0.833833 -1.223624 -1.162604 -1.586537 -1.337200 -0.848533 -1.769351 -1.271084 -0.286479 -0.000280 -0.023734 -0.031416 -0.058211 -0.467776 -0.126943 -0.000018 0.020070 0.021648 0.011803 -0.007635 0.033889 0.228398 0.767534 0.985290 1.312465 1.729870 2.143507 2.136846 1.880589 1.255497 1.141736 1.043586 0.570628 0.429833 0.248611 0.097732 -0.058778 -0.127604 -0.244583 -0.033862 -0.001229 -0.002416 -0.004814 -0.016728 -0.013559
-0.637073 -0.676040 -0.726485 -0.778847 -0.832229 -0.861666 -0.888185 -1.292301 -1.056787 -0.510739 -0.440471 -0.664839 -0.077827 -0.000094 0.000354 0.171517 0.234985 0.195481 0.042347 -0.025932 -0.141907 -0.728791 -0.311712 -0.047022 0.050289 -0.045190 0.000003 0.000510 -0.002836 -0.000747 -0.000376 0.000465 0.119332 -0.015156 -0.106230 -0.009775 0.350588 0.584537 0.867204 1.143697 1.450714 1.240225 1.238316 1.231780 0.745785 0.649631 0.416479 0.214629 0.096915 -0.089797 -0.241804 -0.330663 -0.433775 -0.578220 -0.176597 -0.220433 -0.022051 -0.001198 -0.002571
-0.415115 -0.435792 -0.469387 -0.497760 -0.524284 -0.522029 -0.510641 -0.572184 -0.391148 -0.323724 -0.297431 -0.236340 -0.004883 0.000000 0.005878 0.085272 0.032997 0.105524 0.006032 0.002973 0.008350 -0.044579 -0.079566 -0.192166 -0.086044 -0.000326 0.000208 -0.008690 -0.027311 -0.042726 -0.001324 -0.000260 0.001184 0.087898 -0.098152 -0.176455 -0.005684 0.450250 0.830297 1.108721 1.425336 1.247630 1.272553 0.932176 0.467908 0.060504 0.039397 0.139669 -0.043719 -0.231516 -0.266105 -0.283646 -0.322969 -0.403778 -0.856448 -0.271989 -0.041125 -0.101535 -0.140154
-0.206085 -0.229339 -0.269211 -0.303210 -0.480352 -0.338641 -0.361706 -0.255459 -0.269140 -0.258492 -0.242702 -0.020393 -0.008544 0.000000 0.005878 0.102839 0.044182 0.058701 0.044001 0.000000 0.091817 0.170431 -0.041448 -0.089590 -0.105451 -0.084009 -0.018035 0.006019 -0.016722 -0.043408 -0.045309 -0.001402 0.001436 0.001252 0.166522 0.476743 0.497234 0.505900 1.001215 1.514690 1.473630 1.810962 1.638884 0.593935 0.309817 0.018891 0.019817 0.000010 0.141768 0.575811 0.121261 -0.036222 -0.156380 -0.416956 -0.335245 -0.529617 -0.625054 -0.091226 -0.172404
-0.072203 -0.086227 -0.151482 -0.161195 -0.204765 -0.110775 -0.027549 0.009281 -0.014953 -0.060561 -0.167907 -0.003663 0.000000 0.015180 0.314957 0.026488 0.048221 0.110038 0.094967 0.341053 0.445592 0.352288 0.102660 -0.149607 -0.316871 -0.314327 -0.137768 -0.107856 -0.001016 -0.001242 -0.001609 -0.000142 0.002229 0.183822 0.669023 1.355064 1.531862 1.214728 0.997242 1.022693 1.026215 1.181870 0.250291 0.036766 0.035034 0.032745 -0.000211 0.000488 0.132601 0.125288 0.242692 0.102182 0.053829 -0.062767 -0.000505 0.000015 -0.529603 -0.618382 -0.143972
-0.056128 -0.061853 -0.088001 -0.146811 -0.170041 -0.195066 -0.185835 -0.003702 -0.013567 -0.031351 -0.049478 -0.055878 -0.000358 0.000549 0.001374 -0.123467 -0.057347 0.065896 0.398089 0.148981 -0.059846 -0.530826 -1.058140 -1.337603 -1.224096 -0.921441 -0.631222 -0.187789 -0.001008 -0.001209 -0.001505 0.000022 0.002113 0.466065 1.033475 1.875330 1.568715 1.205656 0.705368 0.336138 0.264566 0.170656 0.021850 0.021584 0.017855 -0.000737 0.000337 0.273715 0.285340 0.249313 0.933704 0.508960 0.281715 0.106583 -0.094404 -0.001115 0.000212 -1.097520 -0.086060
-0.361955 -0.440270 -0.434742 -0.510546 -0.645274 -0.566041 -0.869085 -0.484441 -0.016978 -0.000002 0.009343 -0.016863 -0.144687 -0.000401 0.000532 0.000645 0.133353 0.089557 0.119988 0.734099 0.474122 0.062302 -0.642893 -1.390205 -1.176100 -1.473713 -1.086484 -0.890684 -0.211704 -0.164139 -0.126128 -0.000821 0.001185 0.374664 0.746326 1.184279 0.571317 0.700652 0.636620 0.582404 0.347549 0.214991 0.167526 0.069698 0.047577 -0.001059 0.000970 0.180473 0.243554 0.262575 0.710990 -0.032766 -0.352442 -0.207327 -0.102614 -0.004728 -0.005703 -0.011747 -0.021486
-0.439870 -0.366074 -0.250915 -0.088272 -0.102476 -0.116220 -0.087807 -0.088374 -0.016816 -0.000068 -0.246883 -0.307352 -0.180943 -0.162053 -0.092161 -0.016773 -0.029320 0.012598 0.091667 0.106263 0.085839 -0.030227 -0.082802 -0.068506 0.011183 0.097006 0.151565 0.032594 -0.172076 -0.146162 -0.108491 -0.087384 0.000778 0.525478 0.857697 0.853651 0.848098 1.031914 0.932221 0.916874 0.807024 0.606092 0.275973 0.056187 0.019329 -0.000040 0.168726 0.183370 0.237785 0.294752 0.180470 0.635968 0.012195 -0.005188 -0.003828 -0.005431 -0.002604 0.000535 0.000647
-0.411438 -0.374525 -0.333530 -0.121275 -0.000909 0.010176 0.079654 -0.017023 -0.025060 -0.001423 -0.000026 0.000182 0.000867 -0.037987 -0.025882 0.005727 -0.006254 -0.000608 0.017784 0.007573 -0.000245 0.000278 -0.004693 -0.020113 -0.023108 -0.005708 -0.028170 -0.074506 -0.085265 -0.022129 0.461013 0.718282 0.908184 1.031526 1.363086 1.129547 1.470707 1.307279 1.324230 1.146972 0.681075 0.399492 -0.071324 -0.000436 -0.001431 -0.104730 -0.200107 -0.034285 -0.041576 -0.000367 0.000343 -0.001627 -0.002087 -0.003241 -0.003491 0.000000 0.029325 -0.102721 -0.338278
