use_cases/Flooding_chicago/flooding_data/output/hUx_780.asc
ncols 337
nrows 393
xllcorner 428428.000000
yllcorner 4602440.000000
cellsize 26.757400
NODATA_value -9999.000000
[rows 260 to 285 of 393, columns 59 to 117 of 337]
-0.007329 -0.013731 -0.004442 -0.000204 0.017817 0.038013 0.009112 0.019173 -0.070905 -0.020520 -0.005936 -0.000072 0.000211 -0.038342 -0.241831 -0.023288 -0.006475 -0.000382 -0.050569 -0.008653 -0.000059 0.000518 0.017404 0.027729 0.109687 0.042751 0.067205 0.144417 0.073243 0.183349 0.115732 0.368470 0.745115 0.908432 0.440570 0.362673 0.200649 0.039450 -0.102598 -0.249842 -0.287739 -0.308994 -0.329575 -0.007715 -0.029575 -0.007499 0.000000 0.006950 0.001527 -0.006435 0.000000 0.007371 0.255092 -0.162828 -0.279934 -0.345126 -0.882457 -0.888114 -0.377188
-0.029372 -0.075920 -0.044785 -0.006321 -0.004711 -0.017903 -0.003426 -0.003874 -0.034900 -0.022402 -0.005981 0.000003 0.006034 0.058587 -0.073112 -0.008389 -0.002319 -0.002925 -0.006515 0.000543 0.000429 0.000347 0.008598 0.015266 0.022321 0.054631 0.060598 0.080702 0.040167 0.018986 0.098705 0.717615 0.802009 0.343569 0.353551 0.228973 -0.000564 -0.000969 0.002086 0.002466 -0.132476 -0.219047 -0.321025 -0.336958 -0.004665 -0.001626 0.000000 -0.007213 -0.050488 -0.008751 0.000000 0.010094 0.257532 0.122180 0.080012 0.026067 -0.004752 -0.057619 -0.088132
-0.056497 -0.121883 -0.056744 -0.027681 -0.042839 -0.075789 -0.031304 -0.008550 -0.027648 -0.015813 -0.000326 0.000208 0.006364 0.011772 -0.032498 -0.001613 -0.001120 -0.000887 -0.000521 0.001020 0.000667 0.000503 0.000294 0.008591 0.015837 0.023823 0.050036 0.220249 0.004650 0.004530 0.046562 0.651357 0.345090 -0.002034 -0.001695 -0.002244 -0.000000 0.000964 0.006273 0.006496 -0.137862 -0.210095 -0.308383 -0.354758 -0.003592 -0.000113 -0.033553 -0.131379 -0.030634 -0.000889 -0.000007 0.000942 0.103295 0.209518 0.214604 0.263136 0.224374 0.095236 -0.088321
-0.039368 0.000713 -0.004120 -0.017879 -0.074858 -0.052880 -0.015382 -0.022005 -0.007467 -0.013043 -0.003923 0.014277 0.069285 -0.213759 -0.256436 -0.203323 -0.016248 -0.010467 0.016463 0.018507 0.094692 0.114624 0.028655 0.009162 0.004530 0.025544 0.102637 0.475345 0.028628 0.870385 0.994186 1.271594 0.529507 0.234591 -0.005206 -0.005256 -0.000011 0.006904 0.031090 0.012710 -0.275844 -0.425417 -0.640357 -0.756893 -0.774637 -0.634616 -0.554257 -0.463493 -0.409823 -0.049165 -0.046486 -0.076897 -0.083387 0.000607 0.029832 -0.049831 -0.232751 -0.295206 -0.481407
-0.132076 -0.009435 -0.000353 0.000099 0.006830 0.099010 -0.022727 -0.026419 -0.005551 -0.012482 0.001496 0.017135 0.160511 0.175370 0.037070 -0.127005 -0.025395 -0.004423 0.009819 0.008162 0.064367 0.132017 0.065185 0.011141 0.003881 0.024531 1.511998 0.803612 1.048279 1.107178 1.158088 0.938226 0.588660 0.373389 -0.014836 -0.015368 -0.000504 0.000168 0.004952 0.032005 0.005979 0.010662 0.002710 -0.094263 -0.508735 -0.239519 -0.264674 -0.228318 -0.228077 -0.049480 -0.037477 -0.000022 -0.029169 -0.014320 -0.003323 -0.002354 -0.008118 -0.028983 -0.071230
-0.126057 -0.014036 -0.006928 -0.000041 0.008839 0.018726 -0.005300 -0.000511 -0.000326 0.000611 0.004892 0.009961 0.160283 0.184670 0.129899 -0.017229 -0.067437 -0.008315 -0.000149 0.005883 0.016178 0.119431 0.252193 0.212946 0.219361 0.744710 1.519147 0.579559 0.424823 0.351054 0.010260 -0.012802 -0.018576 -0.008260 -0.028961 -0.031447 -0.027205 -0.001265 0.000054 0.000300 0.027487 0.101154 0.035904 0.047204 -0.380354 -0.387634 -0.064157 -0.074018 -0.070202 -0.072293 -0.000620 -0.000656 -0.001000 -0.001972 -0.000811 -0.000489 0.000489 0.000811 0.059119
-0.153501 -0.015197 -0.008731 -0.000876 0.000478 0.009980 0.000143 -0.007826 -0.000073 0.005256 0.002289 0.004413 -0.001497 0.005410 0.003495 -0.004031 -0.016411 -0.011350 -0.005411 0.000000 0.009002 0.015307 0.248737 0.707636 1.026935 0.687581 0.353104 0.514521 0.367555 0.080448 0.046929 0.005302 -0.014380 -0.000391 0.000121 -0.037452 -0.100273 -0.009613 -0.000222 0.000222 0.012335 0.014840 0.010475 0.057550 -0.007197 -0.276014 -0.133736 -0.139486 -0.134573 -0.167111 -0.154297 -0.074900 -0.088213 -0.007868 -0.000811 -0.000489 0.000489 0.000811 -0.062078
-0.099027 -0.312065 -0.046247 -0.002970 -0.000257 0.000848 0.000226 -0.001374 -0.001510 0.000251 0.001418 0.000843 0.002561 0.040474 -0.003750 -0.008373 -0.025382 -0.010651 -0.000663 0.000046 0.000596 0.008976 0.249023 0.107600 0.088779 0.000003 0.008216 -0.212075 -0.271818 -0.497215 -0.303165 -0.321200 -0.310350 -0.007412 -0.000418 0.000586 -0.005845 -0.001481 -0.000186 0.000405 0.016318 0.024313 0.024441 0.012513 -0.086768 -0.145618 -0.192083 -0.410933 -0.335968 -0.320403 -0.260291 -0.307003 -0.476373 -0.199545 -0.003063 -0.005003 -0.010332 -0.022972 -0.035950
-0.008996 -0.045313 -0.042617 -0.006430 -0.007353 -0.000670 -0.000056 0.000810 0.000683 0.003458 0.004154 0.001422 0.022002 0.139255 -0.002856 -0.004283 -0.016696 -0.007667 -0.000020 0.008095 0.017061 0.192837 0.216040 0.097156 -0.000102 0.000086 0.015839 0.552170 -0.060412 -0.141239 -0.181187 -0.187489 -0.207492 -0.107749 -0.000323 0.000405 -0.003305 -0.005400 -0.000010 -0.002195 0.003534 0.006348 0.000054 0.011254 0.012605 -0.016605 -0.212245 -0.206605 -0.242044 -0.273423 -0.273224 -0.164139 -0.297485 -0.346361 -0.402488 -0.401648 -0.353438 -0.443437 -0.091939
-0.000782 -0.037268 -0.047299 -0.021434 -0.001277 -0.000501 0.001139 0.000979 -0.000135 -0.002910 -0.000360 0.000360 0.010008 0.015764 0.003864 -0.031633 -0.119994 -0.009110 -0.000000 0.025317 0.086661 0.243387 0.064425 0.016613 -0.000152 0.000304 0.011436 0.025412 0.029499 -0.104015 -0.130506 -0.057396 -0.271186 -0.155243 -0.020267 -0.033581 -0.035020 -0.033693 -0.036028 -0.012271 0.004255 -0.003472 0.000715 0.003925 0.065351 0.463306 0.083241 -0.149747 -0.358742 -0.540252 -0.871921 -0.919957 -1.033309 -0.434154 -0.480073 -0.473363 -0.414830 -0.431821 -0.147404
-0.009775 -0.013673 -0.060759 -0.023040 -0.001061 0.000879 0.009198 0.003040 -0.075389 -0.011967 -0.000360 0.000360 0.004134 0.002779 0.104927 -0.023735 -0.063683 -0.203672 -0.016479 0.000000 0.006216 0.078577 -0.013972 -0.006074 -0.000003 0.006204 0.020028 0.038020 0.067063 0.107688 -0.056732 -0.050181 -0.165227 -0.153791 -0.013545 -0.026758 -0.031010 -0.030233 -0.026914 -0.017766 -0.003934 -0.007026 0.003193 0.008627 0.038114 0.021656 0.004498 -0.029232 -0.087628 -0.183565 -0.470679 -0.422782 -0.611758 -0.451818 -0.484558 -0.517533 -0.572249 -0.708698 -0.821731
-0.001201 -0.001993 -0.005268 -0.007973 -0.001021 0.000942 0.023516 0.080164 0.031845 -0.125782 -0.004142 -0.000975 0.003941 0.003382 0.220510 -0.014360 -0.089535 -0.210356 -0.024373 0.000000 0.003929 0.004276 -0.011961 -0.000846 -0.000082 0.000802 0.014302 0.028354 0.056333 0.189165 -0.179015 -0.249758 -0.230587 -0.418804 -0.140838 -0.013418 -0.026362 -0.043834 -0.091503 -0.005624 0.000000 0.002307 0.005695 0.010945 0.009646 0.007807 0.003863 0.003126 0.000846 0.000772 -0.051783 -0.096065 -0.149564 -0.166351 -0.147020 -0.004280 -0.012080 -0.048024 -0.086035
0.001125 -0.001367 -0.004761 -0.006286 -0.000822 0.000788 0.017496 -0.004356 -0.026247 -0.121238 -0.003266 -0.000042 0.002617 0.001839 0.223934 0.181881 0.155464 0.091290 -0.002746 0.002169 0.115459 0.034901 -0.025058 -0.001309 -0.000573 0.001420 0.008805 0.024078 0.032887 0.025181 0.216461 0.125393 -0.034834 -0.460103 -0.579253 -0.149308 -0.224517 -0.065605 -0.007010 0.000000 0.003164 0.001546 0.001436 0.003181 0.002201 -0.000619 -0.000439 0.000347 0.000980 0.001705 0.014782 0.011154 0.045773 -0.002412 -0.000964 -0.001045 -0.000151 0.003748 -0.164106
0.003260 0.001886 -0.000943 -0.002210 -0.000391 0.000384 0.012773 -0.009111 -0.030330 -0.119534 -0.002148 0.001277 0.045713 0.041482 0.042692 0.016355 -0.000545 -0.000985 -0.000453 0.005031 0.238640 -0.022401 -0.009917 -0.013285 -0.000447 0.000875 0.009066 0.018525 0.021910 0.033192 0.066101 0.082232 0.095894 0.011964 -0.076228 -0.177080 -0.224512 -0.040007 -0.007486 0.000000 0.081760 0.028447 0.011956 -0.000418 -0.002641 -0.004958 -0.001073 0.000743 0.000904 0.006640 0.076418 0.032168 0.009904 -0.003152 -0.001360 -0.003388 0.000000 0.039099 -0.039959
0.002664 0.002185 0.000628 -0.000057 -0.000451 -0.000083 0.001012 -0.017587 -0.035707 -0.119478 -0.003053 -0.000218 0.002232 0.001714 -0.147670 -0.011829 -0.000534 0.000315 0.000578 0.034322 0.014847 -0.007882 -0.000240 -0.000112 0.001218 0.019072 0.038170 0.009430 0.022921 0.018560 0.081583 0.160331 0.098282 0.031335 0.006391 0.004976 -0.252933 -0.254875 -0.014063 0.000000 -0.009332 -0.016502 -0.017126 -0.011705 -0.007366 -0.005880 -0.000439 0.000347 0.008418 0.162683 0.141521 0.083255 -0.126507 -0.010016 -0.000472 0.000339 0.026334 0.011414 -0.050338
0.018073 0.068593 0.106140 -0.074087 -0.016476 -0.017568 -0.073033 -0.206510 -0.173397 -0.124774 -0.003618 -0.002156 0.002286 0.003309 0.001765 0.000387 0.000233 0.000679 0.004338 0.001693 -0.043972 -0.003946 -0.000222 0.000222 0.011631 0.021369 0.031453 0.039673 0.035472 0.123283 0.059011 0.035918 0.027082 -0.000000 0.005920 0.032961 0.329829 -0.036058 -0.033859 -0.009007 -0.024495 -0.028899 -0.028672 -0.001252 0.000235 0.001395 0.016309 0.013799 0.010551 -0.012962 -0.124537 -0.143020 -0.137155 -0.016167 -0.001290 0.000589 0.001200 -0.029004 -0.085981
0.006185 0.009350 0.014531 -0.032554 -0.120173 -0.068793 -0.036565 -0.036774 -0.023326 -0.002229 -0.003265 -0.000379 0.002793 0.002371 -0.012885 -0.021663 0.002006 0.048611 0.097322 0.023871 0.002861 -0.011764 -0.000205 0.000017 0.001035 0.055184 0.063128 0.108730 0.170760 0.308818 0.227507 0.139021 -0.048498 -0.000010 0.010715 0.021736 0.758247 -0.378672 -0.537665 -0.022239 -0.012886 -0.017573 -0.002819 -0.003494 0.000835 0.003453 0.018393 0.013687 0.037689 0.032794 -0.000222 0.000222 -0.098421 -0.013770 -0.000878 0.000360 0.000876 -0.016297 -0.007287
0.049637 0.067794 -0.007155 -0.051304 -0.140735 -0.045647 -0.014910 -0.016213 -0.008197 -0.001274 -0.001128 0.000311 0.001215 -0.091903 -0.028593 -0.039342 -0.074553 -0.038433 -0.003661 0.017429 0.011239 0.015413 0.011767 0.008577 0.019642 0.011577 0.432784 0.039334 0.113914 0.316669 0.289091 0.189429 -0.045954 -0.000360 0.000360 0.009182 2.045667 0.792233 0.461421 -0.468024 -0.101456 -0.043445 -0.004614 -0.006924 -0.005405 0.000007 0.015508 0.011751 0.034962 0.026410 0.007202 -0.010547 -0.061734 -0.007855 -0.000035 -0.008083 -0.017956 -0.022413 -0.006206
0.066819 -0.094016 -0.231913 -0.247523 -0.051139 -0.091780 -0.024360 -0.001628 -0.000595 -0.000708 -0.000990 0.000891 0.001185 -0.188992 -0.029769 -0.000685 0.000063 -0.069926 -0.083108 -0.091654 -0.000131 0.000581 0.020058 0.029429 0.032579 0.015178 0.339332 0.039833 0.018490 0.013076 0.005626 0.001939 -0.000158 -0.000360 0.000360 0.009182 0.885533 0.333060 0.040225 -0.499807 -0.059101 -0.028580 -0.003053 -0.004366 -0.000352 0.000352 0.007424 0.032791 0.103194 0.625139 0.646342 -0.013081 -0.200528 -0.026737 -0.003466 -0.011499 -0.022343 -0.062172 -0.017144
0.012842 -0.178829 -0.237435 -0.241566 -0.017062 -0.016830 -0.010678 -0.027254 -0.046944 -0.123846 -0.035868 0.000063 -0.102392 -0.182484 -0.021557 -0.002004 -0.002448 -0.000421 0.000786 0.001242 0.002085 0.001604 0.010552 0.008841 0.000000 0.059390 0.130682 0.057808 0.022300 0.014484 0.005951 0.002015 0.000000 0.009415 0.023502 0.026751 0.636922 0.288979 0.091376 -0.457666 -0.021246 -0.005966 -0.020304 -0.009962 -0.000007 0.000451 0.001218 0.017020 0.057967 0.463860 0.192668 0.206235 0.411616 0.559195 0.077211 -0.062544 -0.144416 -0.022950 -0.000555
-0.019041 -0.127979 -0.215885 -0.005121 -0.007506 -0.001579 0.001744 -0.185160 -0.089255 -0.190232 -0.061192 0.000003 -0.033660 -0.045503 -0.012911 -0.024663 -0.004854 -0.002447 0.002579 0.004961 0.003049 0.017317 0.019578 0.025019 0.023501 0.008261 0.019687 0.081557 0.134693 0.146637 0.048426 0.012351 0.000000 0.005592 0.016202 0.047487 0.302432 0.303733 0.494506 0.586917 0.180736 0.084510 -0.028729 -0.013771 -0.000000 0.001350 0.004897 0.003792 0.021983 -0.164854 -0.246276 -0.288129 -0.125864 -0.137496 -0.229007 -0.408218 -0.086950 -0.073937 -0.000396
0.274421 0.196407 -0.001125 -0.002329 -0.001323 0.000956 -0.193932 -0.256139 -0.297175 -0.048027 -0.102611 -0.141806 -0.132279 -0.569548 -0.296701 -0.044919 -0.004795 0.007582 0.013087 0.005230 0.044719 0.039067 0.027873 0.024017 0.016661 0.054788 0.076359 0.112063 0.132292 0.176422 0.184951 0.047837 0.012898 0.002318 0.006532 0.008798 0.079766 0.166528 0.322234 0.622733 0.510122 0.395050 -0.291031 -0.007871 -0.000461 -0.000036 0.002135 0.019874 -0.098832 -0.244428 -0.340775 -0.402527 -0.736162 -0.733108 -0.723822 -0.063068 -0.008592 -0.010823 -0.000156
0.000898 0.135915 0.109976 0.025446 -0.038836 -0.092285 -0.138439 -0.198934 -0.054922 -0.062458 -0.102525 -0.118171 -0.115482 -0.180302 -0.023638 -0.009226 0.000017 0.000807 0.003710 0.004919 0.002226 0.013965 0.012268 0.009665 0.006324 0.028781 0.047426 0.012535 0.060046 0.130716 0.244273 0.245508 0.084369 0.023640 0.014033 0.007283 0.095474 0.050818 -0.000327 0.041710 0.053342 0.222261 0.240845 0.065375 -0.000507 -0.000105 0.000978 -0.162226 -0.198179 -0.178005 -0.178292 0.000000 -0.892284 -0.643001 -0.028871 -0.015373 -0.035918 -0.052933 -0.051985
0.007531 0.167959 0.075348 0.004556 -0.009957 -0.010787 -0.354252 -0.194053 -0.030957 -0.000396 0.000330 -0.056211 -0.125383 -0.019325 -0.011079 -0.000924 0.000371 0.000884 0.002341 0.002083 0.000761 0.003133 0.070629 0.070748 0.175672 0.001729 0.011504 0.006598 0.019469 0.038009 0.142366 0.354358 0.716414 0.382117 0.393726 0.398551 0.706640 0.147128 -0.008618 0.000000 0.017804 0.491753 0.341772 0.269431 0.110014 0.082185 -0.043436 -0.472471 -0.117819 -0.119785 -0.007778 0.000000 -0.024940 -0.038343 0.022137 -0.025062 -0.067304 -0.115674 -0.472425
0.064392 0.081870 0.295165 0.015672 0.041364 0.031695 -0.850488 -0.207246 -0.004607 -0.000555 0.000401 -0.020733 -0.086109 -0.032134 -0.017697 -0.000950 0.000866 0.023196 0.039503 0.034642 0.000389 0.000128 0.000516 0.045951 0.253260 0.125729 0.046153 0.056166 0.024086 0.049699 0.088625 0.243978 0.801876 0.578346 0.637372 0.598912 0.748127 0.075444 -0.033485 0.000000 0.006668 0.004027 0.067823 0.160631 0.056551 0.005975 -0.087994 -0.091568 -0.007139 -0.008918 -0.005219 -0.007950 -0.174530 -0.853985 -0.846866 -0.111970 -0.041216 -0.090340 -0.225230
0.324462 0.167598 0.062987 -0.020583 -0.135339 -0.261737 -0.447142 -0.199189 -0.019578 -0.010042 0.000013 0.043014 -0.023409 -0.033307 -0.017515 -0.000831 0.000764 0.016037 0.040077 0.003066 -0.054518 -0.009826 -0.000003 0.007242 0.015578 0.210934 0.134912 0.074353 0.097728 0.052520 0.060917 0.030917 0.012045 0.003297 0.002777 0.340431 0.135239 -0.133804 -0.227057 0.002921 0.013383 0.131868 0.097812 0.067120 0.034939 -0.007484 -0.014478 0.004941 0.007887 -0.001962 -0.003954 -0.004540 -0.141013 -0.731441 -0.576299 -0.622405 -0.096782 -0.164102 -0.057277
