use_cases/Flooding_chicago/flooding_data/output/hUx_3120.asc
ncols 337
nrows 393
xllcorner 428428.000000
yllcorner 4602440.000000
cellsize 26.757400
NODATA_value -9999.000000
[rows 156 to 181 of 393, columns 177 to 235 of 337]
1.523478 1.750522 1.407198 1.371823 1.305050 1.210219 1.006700 2.448032 2.235120 1.819332 0.838605 -0.069391 -0.000175 -0.001927 -0.015820 -0.010803 -0.007304 0.000000 0.005878 0.707673 1.881241 1.642192 0.601009 -0.000248 -0.000688 -0.010802 -0.010345 -0.001135 -0.001451 -0.000735 -0.000103 0.000103 0.009532 0.016674 0.252705 0.236379 0.121787 0.240382 1.289836 0.820618 0.400103 0.075411 -0.027598 -0.066521 -0.017200 -0.001867 -0.000485 0.000213 0.002510 0.025166 0.038820 0.027183 0.003651 0.031901 -0.310651 -0.399162 -0.024126 -0.005680 -0.000001
1.855401 1.429903 2.280822 1.895925 1.800029 1.442572 0.841951 1.058760 0.047119 -0.693230 -2.070621 -0.067730 -0.003992 -0.011755 -0.032137 -0.027211 -0.012839 0.000000 0.005878 0.425750 0.646700 0.578486 -0.022232 -0.000218 -0.000113 0.000059 -0.000294 -0.001986 -0.010370 -0.003946 -0.000222 0.000222 0.009981 0.016123 0.307406 0.194507 0.146518 0.231090 -0.139064 -0.739080 -1.129078 -1.553168 -1.170822 -0.357998 0.088892 -0.016389 -0.000788 0.000398 0.017560 0.038365 0.007156 0.018520 0.037026 0.503289 -0.002595 -0.309134 -0.030030 0.000000 0.002522
1.759694 2.820834 0.752397 0.625635 0.609887 0.695247 0.191105 -0.763418 -0.864417 -0.674567 -0.668598 -0.253011 -0.200336 -0.056634 -0.020662 -0.001524 -0.001047 0.001450 0.040331 0.718206 0.827183 0.755018 -0.012426 -0.003663 0.000000 0.005350 0.016263 0.068782 -0.073024 -0.014410 -0.000140 0.000139 0.019514 0.680742 1.187698 0.369415 0.301699 0.411991 0.213336 -0.136663 -0.744170 -0.960536 -0.825072 -0.824257 -1.041406 -0.021959 -0.000833 0.000147 0.000419 0.001090 0.002672 0.007301 0.022139 0.333287 0.547767 0.077657 -0.013378 -0.000971 0.000623
0.386798 0.103098 0.021009 0.059191 0.235078 -0.019935 -0.000000 0.012803 -0.158683 -0.619647 -0.060312 -0.008411 -0.014803 -0.000932 -0.001994 -0.000920 -0.000184 0.000798 0.036159 0.243968 0.031085 -0.147893 -0.042336 -0.009247 -0.000067 0.000464 0.007735 0.044059 -0.000255 -0.001218 -0.000009 0.000116 0.012643 0.737732 0.692425 0.613778 0.366494 0.263149 0.219520 0.108230 0.256539 1.235211 1.043128 0.796015 -0.243257 -0.027165 -0.000581 -0.000260 0.000176 0.000347 0.025219 0.052281 0.016207 0.178150 0.193814 0.177296 -0.000457 0.000050 0.023277
-0.000941 -0.000004 -0.002363 -0.038136 -0.061385 -0.008022 -0.000000 0.006555 0.063115 -0.020243 -0.001818 -0.000009 0.000093 -0.000130 0.000136 0.034019 0.052051 0.049077 0.027373 -0.025497 -0.378808 -0.676913 -1.459418 -0.016214 -0.004177 0.000009 0.009810 0.068689 0.017369 0.008689 0.002197 0.000694 0.021027 0.619792 0.891493 0.766211 0.913423 0.360718 0.191948 0.127709 0.503631 2.587377 1.798872 1.073010 -0.896122 -0.016557 -0.006973 -0.000393 0.000331 0.008224 0.015222 0.567731 0.509253 0.431049 0.272346 -0.001641 -0.000929 -0.000247 0.079074
-0.000372 -0.000053 -0.007256 -0.012940 -0.078833 -0.015849 -0.000000 0.008818 0.062069 0.056170 0.003759 0.010365 0.002919 -0.000039 0.000599 0.009476 0.129042 0.298587 0.202884 1.703229 1.236717 1.592215 1.941288 0.956311 0.015440 -0.000140 -0.000058 0.006710 0.004903 0.002732 0.001088 0.010673 0.793219 1.665164 1.390242 1.049997 0.318296 0.197619 0.110674 0.091911 0.741882 1.903816 0.890115 -1.526828 -0.018752 -0.009849 -0.007928 -0.000569 0.000247 0.000554 0.010991 0.601325 0.823454 0.620893 0.193366 0.054580 -0.061918 -0.257953 -0.097884
-0.001717 -0.002132 -0.002884 -0.004496 -0.033519 -0.009464 -0.000001 0.006453 0.020883 -0.015567 0.028931 0.037333 0.010930 0.002598 0.016300 0.036707 0.019980 0.002054 0.013870 -0.404829 -0.746600 -0.774108 -0.810251 -0.265745 -0.073704 0.035272 -0.017341 0.011361 0.075579 0.103479 0.081009 0.190161 1.119320 0.635068 0.011013 0.001197 0.000037 0.000006 0.065255 0.452243 1.137005 1.840398 2.278793 -0.217872 -0.005776 -0.000889 -0.000923 -0.000292 0.000030 0.000292 0.016345 0.367425 0.459940 0.413962 0.092917 -0.016615 -0.048097 0.025407 0.292685
-0.000007 0.000985 0.001176 -0.000340 -0.041464 -0.010755 -0.000037 0.000626 0.007454 0.025807 -0.028092 -0.000618 -0.000637 0.000326 0.000717 0.000622 0.000483 0.010128 0.040010 -0.213001 -0.764573 -0.816322 -0.684331 -0.449750 -0.241233 -0.019496 0.088203 0.103494 0.138027 0.174383 0.148509 0.976135 2.088238 0.743566 -0.002973 -0.012900 -0.004803 0.000311 0.011050 0.587178 1.110575 1.181064 0.184832 -0.004442 -0.001080 0.002597 -0.000061 -0.000206 0.000002 0.000236 0.024903 0.754321 0.789948 0.653826 0.612703 0.593061 0.506279 0.766843 0.865822
-0.000149 0.000199 -0.002134 -0.001772 0.001212 0.000060 0.000257 0.023986 0.492442 -0.137023 -0.351562 -0.324418 -0.000047 -0.002417 -0.000406 -0.000153 0.000334 0.008837 0.016456 -0.369142 -0.518297 -1.234632 -1.489533 -0.946743 -0.579847 -0.139957 0.082714 0.207816 0.148777 0.180002 0.153896 -0.306333 -0.292153 -0.230789 -0.025676 -0.007212 0.000003 0.008326 0.014561 0.773952 0.512077 0.111268 0.041536 0.019397 0.020083 0.386081 0.809408 0.369155 0.004014 0.001348 0.500614 1.062833 1.288779 1.167897 0.996197 0.742607 0.835811 0.939650 1.014161
-0.001841 0.000022 -0.004183 -0.005611 -0.000870 0.000105 0.001789 0.043554 0.510785 0.027873 -0.390217 -0.628282 -0.101176 0.018760 0.085699 0.065780 0.001427 0.015428 0.020745 -0.447278 -0.230193 -0.189931 -0.305059 -0.224817 -0.309867 -0.040989 0.177310 0.317352 0.161697 0.168352 0.123235 0.037152 -0.746715 -0.412844 -0.034656 -0.000326 0.000208 0.006796 0.763948 0.638261 0.578018 0.389819 0.201174 0.000015 0.046409 0.321009 -0.146829 -0.062217 0.017490 0.089358 0.482878 0.623113 0.453370 0.446850 0.317236 0.277779 0.271837 0.305823 0.460745
-0.003093 -0.000155 0.000146 0.000804 0.002567 0.003925 0.007173 0.020502 0.048628 0.507969 0.819825 0.031555 -0.167956 -0.314001 -0.215608 -0.053136 0.000416 0.019490 0.057092 -0.472752 -0.164379 0.132807 0.182248 0.212839 0.073462 -0.102322 -0.248133 -0.432778 -0.027841 -0.000173 0.000093 0.005416 -0.223097 -0.275366 -0.063919 -0.000122 0.000130 0.013184 1.037351 1.016839 0.450017 0.008693 0.001895 0.000324 0.010323 0.045725 -0.039944 -0.049574 0.087340 0.201572 0.678573 0.660453 0.198056 0.157355 0.151608 0.132074 0.152743 0.228673 0.403821
-0.011175 -0.000113 0.000261 0.017016 0.035401 0.006106 0.007299 0.032835 0.079391 0.127400 0.033978 -0.000098 0.000113 0.008573 -0.112497 -0.147352 0.000016 0.027911 0.040898 -0.023672 0.552528 0.802106 0.507449 0.359246 0.250132 0.078153 -0.167050 -0.428710 -0.048246 -0.001511 0.000160 0.010703 0.094248 -0.030239 -0.282805 0.007147 0.491271 0.990798 1.318453 1.099769 0.324593 -0.019626 0.000000 0.004022 0.003049 0.001178 0.011182 0.248467 0.273402 0.304225 0.838777 0.561591 -0.284771 -0.418707 -0.460633 -0.338625 -0.133224 0.147986 0.323246
-0.008289 -0.000002 0.007734 0.020241 0.001980 0.000280 0.012614 0.043902 0.025928 -0.014314 -0.007706 -0.000084 0.000228 0.012048 0.023906 0.012315 0.038039 0.016941 0.715288 3.301197 1.942676 1.328841 -0.028860 0.000000 -0.002034 -0.001066 -0.007369 -0.059742 -0.086432 -0.021188 0.000000 0.003663 0.172085 0.791666 1.105810 1.595948 0.980276 0.927797 0.761401 0.340302 0.151380 -0.015035 -0.017456 -0.008219 -0.000355 0.000444 0.008982 0.047882 0.249512 0.025670 -0.334114 -0.520621 -0.035037 0.009708 0.255889 0.189297 0.290398 0.462475 0.426526
-0.006831 -0.000141 0.000225 0.000133 -0.000233 0.000102 0.005649 0.017374 0.014169 0.001126 0.000632 0.001257 0.001063 0.009912 0.020158 0.085299 0.000059 0.006517 0.312905 0.814141 0.906560 -0.232381 -0.015958 0.000018 -0.000172 -0.000510 -0.001329 0.004763 0.066080 0.024827 0.007829 0.505889 1.589753 2.021627 1.030323 0.486729 0.018192 0.027611 0.130702 0.058823 -0.049186 -0.018516 -0.020980 -0.014106 -0.000538 0.001085 0.015695 0.024964 0.060335 -0.035038 -0.032379 -0.434485 -0.144523 -0.000144 0.000688 0.000503 0.076235 0.334211 0.581851
-0.010086 -0.000015 0.008637 0.000958 -0.006539 0.000000 0.003663 0.009783 0.010698 0.001848 0.004897 0.009889 0.002044 0.012688 0.020201 0.004211 0.001548 0.000787 0.317083 1.024347 0.630097 0.087413 -0.007518 0.000609 0.000165 -0.000063 0.000094 0.072997 0.395371 1.169330 1.175477 1.097576 0.915267 0.737356 0.225404 -0.021870 0.002413 0.007718 -0.414572 -0.385620 -0.520070 -0.051761 -0.001473 -0.000794 0.001449 0.002252 0.010985 0.022455 0.005614 0.002095 0.009720 -0.307173 -0.460523 -0.005447 -0.000326 0.000208 0.014547 0.881241 0.932340
-0.000791 -0.000368 0.000832 0.002420 0.002160 0.000918 0.000683 0.009372 0.016456 0.021256 0.015716 0.041157 0.000069 0.009670 0.019997 0.053615 0.016202 0.005908 0.596228 0.521611 0.476748 0.253148 -0.074843 -0.001687 -0.000478 0.000140 0.000436 0.132490 0.607997 1.496847 2.584532 1.007311 0.522642 0.188280 0.054542 0.017299 0.027804 0.254030 0.783532 0.189266 -0.456519 -0.077624 -0.002365 0.001089 0.003200 0.001759 0.018381 0.624837 -0.000245 0.000732 -0.012572 -0.202194 -0.360950 -0.384441 -0.048723 0.000003 0.037888 3.083036 1.459000
-0.008752 -0.000502 0.000507 0.004346 0.002644 0.005279 0.022143 0.024961 0.025177 0.023854 0.006451 -0.008282 0.000001 0.019476 0.062943 0.457375 0.569418 2.538184 2.913113 2.246712 2.078709 0.854293 -0.190847 -0.024789 -0.006171 0.000000 0.003663 0.408902 0.927431 0.997399 0.610913 -0.000133 -0.000034 0.000566 0.001142 0.011314 0.177729 0.423217 1.180133 0.435250 -0.378821 -0.067006 -0.000725 0.000863 0.003657 0.001727 -0.494353 -0.659441 -0.363531 0.000086 0.022066 -0.395048 -1.014887 -1.955200 -0.629358 0.000774 0.686942 3.527415 1.453581
-0.015842 -0.007133 0.000018 0.010643 0.022848 0.029540 0.022241 0.053059 0.256528 0.932866 0.987324 0.703072 -0.000074 0.001332 0.516895 0.513842 0.670193 2.273412 2.707442 1.834657 0.724130 0.180372 -0.107328 -0.000360 0.000267 0.008090 0.011032 0.396702 0.651139 0.357602 -0.005595 -0.000051 0.001524 0.006545 0.012965 0.035985 0.307709 0.450854 0.423696 0.219340 0.126401 -0.019716 -0.000208 0.000875 0.033024 0.018340 0.893788 1.226799 0.967679 0.591277 0.529308 0.274693 -0.018589 -0.239901 0.158294 0.529156 1.943086 1.881165 1.620758
-0.024121 -0.005630 0.000000 0.008640 0.021737 0.033592 0.143116 2.197744 2.528702 2.868685 2.452029 1.786532 1.830571 1.608211 1.332008 2.119372 2.226776 2.298977 1.873739 1.020622 0.054270 -0.003187 -0.001774 0.000308 0.431899 0.593659 1.754433 0.870100 0.449834 -0.014664 -0.000151 0.000065 0.019435 0.061815 0.107547 0.033566 0.276037 0.240970 0.060083 0.007482 -0.004116 -0.006586 0.000772 0.005599 0.082609 0.294404 0.198035 0.094118 0.014329 -0.027376 -0.013428 -0.000282 -0.000024 0.003360 0.788761 1.647472 1.439642 0.973433 0.228036
-0.003089 -0.000140 0.000219 0.007136 0.024696 0.236106 1.401531 2.343675 1.759776 1.192899 2.060215 1.631375 1.762161 2.464656 1.852658 2.036679 1.783696 1.089088 0.005340 -0.001094 -0.003369 0.000291 0.009025 0.264895 0.602106 0.770634 0.934372 0.984113 -0.201813 -0.019243 -0.004189 0.000000 0.012088 0.026493 0.160482 0.695002 0.533698 0.000471 -0.000039 -0.001932 0.002286 0.007242 0.010190 0.026358 0.024626 0.016148 -0.000142 -0.000094 0.000202 0.000564 0.000933 0.001077 0.001049 0.038001 1.226231 1.968838 0.824171 0.005190 -0.005561
0.029759 0.004493 0.006657 0.068582 -0.342987 0.473117 1.181305 0.936031 -0.000005 0.004946 0.121418 0.123029 1.342967 2.276437 2.598629 2.132463 1.859554 1.135969 -0.000222 0.000222 0.060827 0.222370 0.494240 0.605002 0.864123 1.068524 1.074570 0.844138 -0.082592 -0.025317 -0.012267 0.000000 0.007912 0.019616 0.124789 0.043056 0.047883 0.011159 -0.000096 0.001467 0.021025 0.002910 0.021554 -0.000122 0.000138 -0.000181 0.000247 0.000817 0.008610 0.015124 0.013221 0.003144 0.001479 0.874430 2.344996 0.593009 0.487114 0.479672 0.178388
0.247364 0.184768 0.256302 -0.118638 -0.227010 0.086084 0.142878 -0.224014 -0.000222 0.000222 0.003946 1.136585 1.204727 1.123247 0.871383 0.504783 0.245297 0.141850 -0.014744 -0.017278 -0.085451 0.090164 0.416138 0.258188 0.203887 -0.009603 -0.411852 -1.336146 -0.032560 -0.015408 -0.000471 0.000023 0.006879 0.009450 0.014068 0.042423 -0.001168 -0.000154 0.000267 0.015178 0.051838 -0.086307 -0.019101 -0.007840 -0.000058 0.000592 0.008280 0.013988 0.016735 0.017819 0.127640 0.156958 0.225810 2.452980 2.333129 0.976048 0.822285 1.026509 0.162982
0.275361 0.529675 0.281713 0.189891 0.124837 0.026002 -0.003181 0.140045 0.093060 0.065005 0.110252 0.744648 0.424880 -0.015431 -0.000136 0.000082 0.001021 0.060047 -0.050287 0.062571 0.386798 0.410890 0.783038 0.696345 0.586408 0.451432 0.268720 -0.107787 -0.007007 -0.000990 -0.000088 0.000137 0.008627 0.017640 0.021782 0.065391 -0.010496 -0.000590 0.000115 0.008936 0.016141 -0.001443 -0.016172 -0.000360 0.000360 0.006387 0.013523 0.025896 0.030219 0.032711 0.795683 2.064771 3.087297 3.571919 4.392603 4.167025 2.918325 3.483535 2.362082
0.053319 0.385986 0.419761 0.561927 0.892772 0.642126 0.758257 0.921557 0.953941 1.162104 1.688471 1.206469 0.026476 0.004735 -0.000049 0.000635 0.007543 0.122949 0.014382 0.066974 0.150593 0.023431 -0.012121 -0.177911 -0.347037 -0.537026 -1.004878 -0.028638 -0.006258 -0.000029 0.005438 0.020498 0.027112 0.076492 0.577859 0.264095 0.173948 -0.001685 -0.002420 0.000000 0.008478 0.001275 -0.007771 -0.000360 0.000360 0.014725 0.025784 0.022045 0.079080 0.216917 1.209043 2.361150 3.033329 3.432140 4.566547 4.239692 4.873633 3.648751 2.542269
0.023028 0.043448 0.791978 0.758137 1.011199 0.567222 0.243866 0.174699 0.085476 -0.076862 -0.223328 -0.009363 -0.000569 0.000247 0.000554 0.006009 0.045133 0.003396 0.045570 0.231298 0.244693 0.325249 0.445109 0.292664 0.297851 0.225421 -0.030193 -0.042972 -0.003956 -0.000392 0.001394 0.024953 0.054355 0.021814 0.164562 -0.228730 -0.430714 -0.047391 -0.008557 0.000000 0.005712 0.011107 0.001928 0.000241 0.000446 0.005642 0.044075 0.137841 0.057510 0.188528 1.078342 1.547104 3.454488 4.448196 3.684597 3.034181 3.799930 2.918931 2.226372
0.036702 0.038450 0.047434 0.374452 0.366044 0.251205 -0.349073 -0.527385 -0.436991 -0.487890 -0.499803 -0.007283 -0.000393 0.000331 0.010443 0.025127 -0.176303 -0.088251 -0.016932 0.132414 0.299455 0.320755 0.165401 0.108187 -0.074550 -0.039173 -0.048685 -0.001963 -0.001720 0.000260 0.001323 0.031552 0.092193 0.568148 0.201977 0.018459 -0.067322 -0.008597 -0.009416 -0.000065 0.000593 0.007821 0.036616 0.003683 0.000741 0.007856 0.047497 0.047776 0.083262 0.089616 1.066314 2.473395 1.888594 2.235765 1.074082 0.195317 0.160609 0.246035 0.377440
