use_cases/Flooding_chicago/flooding_data/output/hUx_1260.asc
ncols 337
nrows 393
xllcorner 428428.000000
yllcorner 4602440.000000
cellsize 26.757400
NODATA_value -9999.000000
[rows 104 to 129 of 393, columns 236 to 294 of 337]
-0.125786 -0.496449 -0.330287 -0.000066 0.001413 0.198792 0.103198 -0.013692 -0.038494 -0.000130 0.000130 0.012588 0.114892 0.110177 -0.067195 -0.064529 -0.027468 -0.002013 -0.001629 0.002259 0.001873 0.079809 -0.020223 -0.088887 -0.000464 0.000569 0.007037 0.036192 0.006873 0.001190 0.101831 0.073187 -0.000326 0.000208 0.828900 2.394637 2.090290 1.996994 1.083382 1.047953 0.609341 0.350334 0.307737 0.040518 -0.198605 -0.364824 -0.472445 -0.003245 0.000000 0.007421 0.221187 0.298656 -0.173216 -0.029461 -0.100964 -0.082256 -0.014401 -0.000006 0.006104
2.784767 2.332519 1.992598 0.658394 0.578634 0.514938 -0.000055 -0.014704 -0.018992 -0.000339 0.000468 0.029750 -0.153512 -0.264287 -0.479039 -0.069427 -0.017321 -0.026619 -0.001476 0.001065 0.001589 0.005397 0.074204 0.019882 -0.000542 0.000312 0.000573 0.000328 -0.000003 0.009028 0.026605 0.195133 0.243924 1.022234 0.977759 0.954324 1.774811 1.131956 0.782940 0.829741 0.615280 0.387261 0.219192 -0.013746 -0.362463 -0.631717 -0.023857 -0.004489 0.000001 0.018285 0.072968 -0.000642 -0.000214 0.000002 -0.001304 -0.019756 -0.015702 -0.000136 0.000200
0.334800 0.202843 0.263195 0.258877 0.062155 -0.000749 -0.001183 -0.000589 0.000000 0.003762 0.002835 0.413919 0.436542 0.664272 0.654092 -0.043808 -0.039503 -0.009513 -0.000535 0.000632 0.011166 0.043992 0.001209 0.001537 0.009498 0.009468 0.003097 0.001597 -0.000208 0.000326 0.011740 0.251225 0.259051 0.458800 0.259262 0.041867 0.050377 0.477649 0.056730 0.166407 0.333084 -0.071661 -0.236983 -0.256732 -0.233065 -0.647591 -0.024580 -0.000100 0.000088 0.010690 0.000607 -0.005962 -0.000424 0.000079 0.000116 0.000138 -0.000120 -0.001141 -0.000080
0.026857 0.397847 0.298658 0.272631 0.122858 0.110478 -0.001001 -0.001047 -0.000257 0.002183 0.324326 1.420166 1.997698 1.063282 0.945086 -0.006548 -0.026266 -0.006996 -0.000023 0.012021 0.021015 -0.044753 -0.057438 -0.002926 0.003105 0.005733 0.001890 -0.000342 -0.000106 0.000153 0.002099 0.001372 0.177767 0.641962 0.221239 0.041320 0.079192 0.240775 0.460961 -0.345397 -0.491543 -0.044001 -0.000664 0.115124 0.253544 -0.513253 -0.051565 -0.000360 0.000360 0.000212 -0.001299 -0.015573 -0.006234 -0.000201 0.000084 0.005723 0.012687 0.001586 0.000117
0.440497 0.350518 0.444820 0.402818 0.407829 0.278478 0.312530 0.365402 0.354025 0.374025 0.394376 0.620701 0.408187 -0.086791 -0.013935 -0.005557 -0.008106 -0.007193 -0.000001 0.006487 0.020764 -0.058826 -0.043818 -0.002524 0.001363 0.002923 0.007576 0.002989 -0.000001 -0.084967 -0.108421 0.000043 0.070586 0.587050 0.067026 -0.026889 0.026350 0.048165 0.086575 -0.205913 -0.151896 -0.015308 -0.006398 0.058934 -0.140421 -0.276661 -0.065519 -0.000360 0.000360 0.000114 -0.002885 -0.003082 -0.013793 -0.005981 0.000003 0.008958 0.018578 0.014752 0.002997
-0.018040 -0.038466 0.062154 0.202846 0.258315 0.187149 0.172486 0.126461 0.218626 0.256675 0.401150 0.145835 -0.000255 -0.001477 -0.001725 -0.003483 -0.003531 0.000959 0.001425 0.022196 0.043312 -0.056068 -0.001070 -0.000844 0.000756 0.014724 0.101469 0.625031 -0.108268 -0.226678 -0.273329 -0.249396 -0.158389 -0.140872 -0.099763 -0.038024 0.006202 0.112252 0.132555 -0.112096 -0.168592 -0.063697 -0.054803 -0.076986 -0.226082 -0.353769 -0.105416 -0.000379 -0.000502 -0.003206 -0.014335 -0.012090 -0.004601 -0.000326 0.000208 0.007128 0.009395 0.021620 0.100200
-0.019741 -0.029259 0.072725 0.223466 0.330427 0.301026 0.159910 0.109120 0.161218 0.149157 0.131903 -0.279296 -0.026995 -0.007296 -0.000058 -0.001326 -0.001378 0.000100 0.001274 0.022948 0.084382 -0.017325 -0.000259 0.000084 0.027064 -0.017310 -0.251859 -0.282393 -0.400737 -0.203320 -0.262945 -0.270087 -0.239565 -0.236842 -0.210027 -0.031761 0.031552 0.090824 0.187944 -0.033194 -0.106197 -0.192672 -0.074853 -0.145134 -0.250614 -0.458512 -0.223536 -0.000619 -0.001194 -0.001291 -0.002515 -0.001370 -0.009507 -0.005446 -0.000067 0.000600 0.013840 0.027855 0.114627
0.686529 0.691848 0.683984 0.804302 0.840026 0.853567 0.577609 0.485272 0.548824 0.606231 0.483262 0.232535 -0.000643 -0.000475 0.000133 -0.000061 -0.001877 -0.000803 0.001075 0.003185 0.086742 0.426317 -0.040474 -0.389634 -0.516591 -0.878926 -0.896263 -0.505529 -0.465895 -0.119193 -0.139075 -0.075513 -0.130616 -0.138135 -0.043403 0.045062 0.321928 0.455469 0.164329 0.018158 -0.383430 -0.545923 -0.142932 -0.072911 -0.143509 -0.243000 -0.225152 -0.000943 -0.002064 -0.000955 -0.002117 -0.020772 -0.018015 -0.005674 -0.000146 0.000024 0.000365 0.012490 0.114761
2.200469 2.080781 2.399252 1.913726 1.851164 1.745114 1.568614 1.377490 1.418315 1.318017 0.876149 0.161936 0.011224 0.008224 0.005424 0.004536 -0.019216 -0.006010 0.000067 0.014356 1.115368 1.095438 0.763317 0.234809 0.057573 0.043655 0.076450 -0.021641 -0.043408 -0.106321 -0.006267 0.000004 -0.124795 -0.161965 0.036306 0.881925 1.287574 0.705390 0.520346 0.559547 0.195894 -0.056015 -0.134551 -0.106993 -0.205142 -0.282821 -0.435117 -0.484251 0.180676 0.143271 -0.058682 -0.059297 -0.021327 -0.006057 -0.004394 -0.000223 -0.000433 0.000575 0.017539
0.589528 0.557057 0.534543 0.440720 0.429649 0.432484 0.582638 0.602038 0.418776 0.352317 0.072453 -0.001817 0.001215 0.005010 0.334517 0.046685 0.182721 0.146463 -0.000389 0.000047 -0.125106 -0.387692 -0.286341 -0.277785 -0.124476 -0.131948 -0.524050 -0.013696 -0.000886 -0.001510 -0.000517 0.000131 -0.174813 -0.247610 0.413021 2.251793 1.498972 1.335780 0.650880 0.469882 -0.001746 -0.004424 -0.011033 -0.064638 -0.007794 0.000000 -0.519924 -0.534716 -0.683565 -0.673517 -0.699763 -0.842777 -0.108661 -0.037431 -0.019941 -0.003966 -0.079268 -0.003658 0.002184
0.733212 0.684727 0.558176 0.425063 0.204284 0.307706 0.323331 0.293278 0.172307 -0.043201 -0.001825 -0.001873 0.000000 0.003332 0.002307 0.065892 0.486924 0.347398 0.219383 -0.044968 -0.226258 -0.438391 -0.373552 -0.322933 -0.276152 -0.308093 -0.421397 -0.470968 -0.020443 -0.001329 -0.000724 -0.001028 -0.104289 -0.388924 -0.002517 0.194086 -0.113432 -0.109445 -0.088007 -0.275788 -0.008149 -0.000586 -0.001328 -0.002178 -0.000900 0.000000 -0.493132 -0.984705 -1.249117 -1.091771 -1.155934 -1.155437 -0.168194 -0.048832 -0.196174 -0.186891 -0.117605 -0.001272 0.000605
0.843947 0.425748 0.166029 -0.095150 -0.000708 0.000156 0.044903 0.035711 -0.000046 -0.000747 0.000335 0.000180 0.000177 0.001122 0.001284 0.052965 0.232057 0.055278 0.063357 -0.015809 -0.135216 -0.322788 -0.301160 -0.340124 -0.340647 -0.331934 -0.437652 -0.504841 -0.620833 -0.773790 -0.211848 -0.110708 -0.004175 0.305107 -0.076540 -0.084249 -0.096677 -0.145536 -0.031998 -0.035332 -0.009746 -0.000891 0.000345 -0.020425 -0.011679 0.000000 0.006165 0.131068 -0.269976 -0.232365 -0.215837 -0.408417 -0.094831 -0.030400 -0.028411 -0.024980 -0.031409 -0.000063 -9999.000000
0.263720 0.080683 0.013397 -0.110767 -0.052004 -0.013708 -0.000420 0.000111 0.012259 0.021628 0.037923 0.006914 0.001203 -0.000577 -0.001242 0.001430 0.121211 -0.020537 -0.038747 -0.087530 -0.157501 -0.176393 -0.157824 -0.151831 -0.084975 -0.002792 0.017361 -0.001634 -0.099813 -0.444688 -0.311627 -0.148247 -0.030819 -0.032312 -0.649215 -0.153174 -0.065834 -0.038996 -0.045813 -0.016970 -0.002358 -0.004782 -0.001383 -0.000672 -0.002624 0.000000 0.009259 0.059851 0.476734 0.286505 0.277528 0.101730 -0.208280 -0.000518 -0.000236 0.000422 0.000415 -9999.000000 -9999.000000
0.237063 0.155741 0.101847 0.056149 -0.017431 -0.015265 -0.008525 0.000000 0.010060 0.061523 -0.100119 -0.310424 -0.312700 -0.292264 -0.310117 -0.334955 -0.206009 -0.257332 -0.197846 -0.265187 -0.470666 -0.294017 -0.277571 -0.339982 -0.284533 -0.089914 -0.057303 -0.016725 -0.043500 -0.091393 -0.163665 -0.088589 -0.064162 -0.134684 -0.867154 -0.378900 -0.144618 -0.019253 -0.012057 -0.033232 -0.102134 -0.027897 -0.000569 0.000247 0.000554 0.000476 0.000913 0.043658 0.125039 0.992694 1.052988 0.824576 -0.015904 -0.007518 -0.000007 -9999.000000 -9999.000000 -9999.000000 -9999.000000
1.143882 0.147114 -0.164549 -0.113005 -0.018889 -0.017835 -0.012967 0.000000 0.017668 0.060995 0.211373 0.029294 0.002378 -0.006695 -0.054716 -0.025938 -0.000116 0.100594 0.145650 0.071604 -0.021342 -0.020364 0.034887 0.104888 0.163331 0.148645 0.067237 -0.384405 -0.049276 -0.023987 -0.111484 -0.059877 -0.005838 -0.495983 -0.754701 -0.972482 -0.334547 -0.012239 -0.011946 -0.003184 -0.010144 -0.013783 -0.000393 0.000331 0.051722 0.222046 0.178236 0.113740 0.148877 1.237843 -0.016139 -0.002695 -0.000972 -0.000142 -9999.000000 -9999.000000 -9999.000000 -9999.000000 -9999.000000
0.885705 0.001253 -0.031607 -0.086327 -0.168933 -0.062271 -0.011380 0.000000 0.003989 0.011895 1.077713 0.860777 0.605614 0.688514 0.577964 0.456304 0.464293 0.437503 0.440927 0.413294 0.252270 0.331405 0.482370 0.448395 0.427692 -0.001047 -0.034396 -0.008668 -0.001608 -0.006759 -0.041500 -0.038952 -0.049369 -0.130993 -0.168625 -0.639716 -0.383735 -0.607600 -0.371267 -0.169395 -0.018483 -0.037214 -0.018679 0.010765 0.030309 0.022361 0.004812 0.059160 0.188072 0.457030 -0.100823 -0.010601 0.000000 -9999.000000 -9999.000000 -9999.000000 -9999.000000 -9999.000000 -9999.000000
-0.006077 -0.000119 0.000173 -0.005145 -0.004131 -0.003344 -0.000764 0.000216 0.007571 0.014787 0.102426 -0.011955 -0.009468 -0.012991 -0.041960 -0.082428 -0.100405 -0.129334 -0.088830 -0.052582 -0.113086 -0.473462 -0.595251 -0.063420 -0.054566 -0.048741 -0.038161 -0.017060 -0.000015 0.008840 0.011526 0.001178 -0.000741 0.004590 -0.007808 -0.582784 -0.273076 -0.341959 -0.228440 -0.190800 -0.263024 -0.053494 -0.081344 -0.025954 0.032161 0.016690 0.000000 0.007035 0.043552 0.010842 0.005666 0.005377 -9999.000000 -9999.000000 -9999.000000 -9999.000000 -9999.000000 -9999.000000 -9999.000000
-0.000315 -0.000049 0.000302 0.001066 0.000236 -0.000109 0.001144 0.008242 0.038952 0.118125 -0.051469 -0.117558 -0.113175 -0.098972 -0.086583 -0.149667 -0.159109 -0.220655 -0.203640 -0.251333 -0.006122 -0.916762 -0.078758 -0.061768 -0.045230 -0.043814 -0.030877 -0.003024 -0.000211 0.001276 0.005670 0.021822 0.000011 0.067596 0.369772 -0.748933 -0.621585 -0.036022 -0.019387 -0.017264 -0.037914 -0.050553 -0.146046 -0.167741 -0.203536 -0.017171 0.000001 0.019884 0.053351 0.017929 0.009275 0.011134 -9999.000000 -9999.000000 -9999.000000 -9999.000000 -9999.000000 -9999.000000 -9999.000000
-0.000517 -0.000114 0.000180 0.000201 -0.000111 0.000437 0.014403 -0.260063 -0.244352 -0.222340 -0.211372 -0.206020 -0.159141 -0.148197 -0.082537 -0.037242 0.007307 0.075702 0.136946 -0.024183 -0.002347 -0.656699 -0.052042 -0.067239 -0.089785 -0.085840 -0.041511 -0.006320 -0.003316 -0.000300 0.000502 0.000402 0.000398 0.067879 0.521998 -1.012974 -0.619106 -0.049313 -0.016013 -0.000109 0.008248 0.017511 0.088765 0.046024 -0.145189 -0.022517 0.000036 0.026529 0.040833 0.007453 0.008740 0.003868 -9999.000000 -9999.000000 -9999.000000 -9999.000000 -9999.000000 -9999.000000 -9999.000000
-0.005690 -0.001466 -0.000127 0.000738 0.001107 0.007696 0.025367 0.347519 0.294257 0.208720 0.086460 0.021577 -0.002181 -0.020763 -0.022075 0.030055 0.100310 0.160636 0.204618 0.027370 0.003719 -0.163659 -0.350564 -0.083091 -0.069493 -0.025801 -0.002106 -0.005988 -0.002139 -0.004293 -0.000248 0.000112 0.001109 0.038903 0.164158 -0.902559 -0.858661 -0.027417 -0.002813 -0.001602 -0.002891 -0.006732 -0.000911 -0.001291 -0.000434 -0.000585 0.000520 0.008463 0.002937 0.000886 0.001013 -9999.000000 -9999.000000 -9999.000000 -9999.000000 -9999.000000 -9999.000000 -9999.000000 -9999.000000
-0.081486 -0.016567 0.000001 0.002970 0.001985 0.008155 0.025082 0.069917 0.022646 -0.024393 -0.042293 -0.019607 0.062548 0.114174 0.124322 0.116194 0.143681 0.141124 0.223712 0.041124 0.000323 0.001649 -1.785279 -0.070335 -0.035413 -0.019325 -0.010166 -0.001780 -0.003545 -0.000681 0.000000 0.000681 0.010258 0.083402 0.158676 -0.471434 -1.243630 -0.072141 -0.010674 -0.016587 -0.034662 -0.045164 -0.015127 -0.000741 -0.000974 -0.000002 0.008587 0.020764 0.000049 0.000530 -9999.000000 -9999.000000 -9999.000000 -9999.000000 -9999.000000 -9999.000000 -9999.000000 -9999.000000 -9999.000000
-0.032662 -0.016794 0.000041 0.010126 0.021391 0.026696 0.025650 0.070189 0.039051 0.552488 0.463996 0.363620 0.361279 0.390448 0.317056 0.018571 -0.311469 -0.576983 -0.822769 -0.875337 -0.016703 -0.002176 -0.021110 -0.030475 -0.020078 -0.004719 0.000107 0.001031 0.001535 -0.000681 0.000000 0.000681 0.007650 0.116936 0.203484 0.120288 -2.378175 -1.548778 -0.020590 -0.012759 -0.030982 -0.034548 -0.018921 -0.001255 -0.002447 -0.000076 0.005569 0.010070 0.002014 -9999.000000 -9999.000000 -9999.000000 -9999.000000 -9999.000000 -9999.000000 -9999.000000 -9999.000000 -9999.000000 -9999.000000
-0.000225 0.000313 0.001234 0.015285 0.021310 0.017901 0.004042 0.058255 0.209559 0.859060 0.674763 0.384098 0.293750 0.231924 -0.002563 -0.001998 0.004462 -0.242341 -0.480383 -0.857387 -0.082986 -0.058257 -0.038601 -0.025892 -0.011805 0.000000 0.006245 0.014181 0.002540 0.363050 0.411772 0.330870 0.514118 0.257111 0.092538 0.064405 -0.958094 -1.365866 -0.655209 -0.091785 -0.069620 -0.058439 -0.025816 -0.064824 -0.017175 -0.001448 0.000390 0.001249 -9999.000000 -9999.000000 -9999.000000 -9999.000000 -9999.000000 -9999.000000 -9999.000000 -9999.000000 -9999.000000 -9999.000000 -9999.000000
0.000169 0.005843 0.058731 0.105236 0.784968 0.606732 0.155150 0.093988 0.109617 0.445322 0.451275 0.433017 0.061793 -0.016785 -0.006300 -0.002329 0.009392 0.010523 -0.019138 -0.129358 -0.067136 -0.065280 -0.041586 -0.022716 -0.007573 0.000000 0.007463 0.016508 0.345551 0.335419 -0.000333 0.000020 0.000335 0.002082 0.002827 0.012004 0.265435 -0.696229 -0.697415 -0.096603 -0.039627 -0.019569 -0.033584 -0.069857 -0.015177 -0.000876 0.000317 -9999.000000 -9999.000000 -9999.000000 -9999.000000 -9999.000000 -9999.000000 -9999.000000 -9999.000000 -9999.000000 -9999.000000 -9999.000000 -9999.000000
0.000415 0.011062 0.026057 0.090920 0.165981 -0.051716 0.189603 0.131222 0.200813 0.447093 -0.005195 -0.357014 -0.057425 -0.018526 -0.000081 0.009682 0.015189 0.008885 0.002161 -0.187207 -0.111759 -0.088333 -0.039488 -0.041161 -0.011851 0.000000 0.027048 0.240800 0.077631 -0.016107 -0.000669 0.000056 0.000704 0.010786 0.028397 0.041656 0.270685 -0.581460 -0.688514 -0.041322 -0.016471 -0.031463 -0.036811 -0.077437 -0.012722 -0.003026 0.000606 0.002753 -9999.000000 -9999.000000 -9999.000000 -9999.000000 -9999.000000 -9999.000000 -9999.000000 -9999.000000 -9999.000000 -9999.000000 -9999.000000
0.001132 0.001770 0.027508 0.023262 0.027887 0.019375 0.016462 0.023903 0.141232 0.139499 0.039618 -0.025876 -0.024497 -0.004872 -0.000964 0.004555 -0.011771 -0.002512 -0.005397 -0.020336 -0.056696 -0.042232 -0.055058 -0.028885 -0.002156 0.001601 0.021316 0.126167 -0.042271 -0.025164 -0.000794 0.000308 0.000755 0.017982 0.041635 0.058218 0.615055 -0.105118 -0.198369 -0.029519 -0.025015 -0.157294 -0.130230 -0.134070 -0.080777 -0.000639 0.001368 0.003631 -9999.000000 -9999.000000 -9999.000000 -9999.000000 -9999.000000 -9999.000000 -9999.000000 -9999.000000 -9999.000000 -9999.000000 -9999.000000
