use_cases/Flooding_chicago/flooding_data/output/hUx_1980.asc
ncols 337
nrows 393
xllcorner 428428.000000
yllcorner 4602440.000000
cellsize 26.757400
NODATA_value -9999.000000
[rows 156 to 181 of 393, columns 118 to 176 of 337]
0.000000 0.007784 0.068536 0.070964 0.110317 0.141130 0.091150 0.065642 0.210277 0.312939 0.352594 0.196213 0.001491 -0.129952 -0.092295 0.008650 0.049922 0.005066 -0.040629 -0.062305 -0.112855 -0.292150 -0.017600 -0.008027 -0.000671 -0.000350 0.000607 0.009329 0.020805 0.238461 0.135020 0.035360 -0.084532 0.071166 0.380187 0.265164 0.037094 0.023127 0.504039 0.438640 1.173376 1.181269 1.607786 1.482035 1.803395 1.699323 1.801051 1.539265 1.703179 1.275430 0.516711 0.283504 0.050086 -0.000090 0.001163 0.082382 0.585281 0.526484 0.332511
0.004140 0.216180 0.806272 0.375154 0.280237 0.093786 0.094340 0.058380 0.640903 0.491128 0.196776 -0.065567 -0.207686 -0.281772 -0.293422 -0.282070 -0.236477 -0.289979 -0.287273 -0.320060 -0.464315 -0.492097 -0.004362 -0.000808 -0.000362 0.000046 0.000360 0.010183 0.121808 0.144563 0.300359 0.409401 0.195631 0.369377 0.614328 0.247353 0.229716 0.303037 0.041683 0.373576 1.390810 1.057215 1.119187 1.158235 1.151943 1.058127 0.871890 1.547447 0.888498 0.481207 -0.347853 -1.176733 -0.610241 0.196983 0.622920 1.077663 1.139896 0.946012 0.578042
0.002786 0.077461 0.042576 -0.060349 -0.005350 0.000000 0.004056 0.038757 0.472622 -0.047017 -0.108717 -0.420751 -0.409548 -0.642458 -0.773095 -0.476855 -0.469325 -0.489887 -0.907434 -1.047011 -1.374592 -1.619418 -0.008467 -0.000021 0.007998 0.017082 0.001262 0.000715 0.075999 0.022543 0.247044 0.425285 0.134511 0.475795 0.498189 0.132375 0.244969 0.245842 0.057003 0.558868 4.060117 1.476213 1.122568 0.978065 0.270255 0.900452 0.807988 0.701135 -0.089312 -0.592355 -1.386540 -2.281839 -1.161114 -0.038042 0.558554 0.929604 0.891235 0.065176 0.211479
0.076605 0.362421 0.150728 0.106886 -0.000464 0.000067 0.012095 0.609544 0.602331 -0.000430 0.000138 0.001995 0.059812 -0.032440 -0.039142 0.073774 0.213741 0.452437 0.196071 0.060444 -0.257508 0.123783 0.221094 0.000781 0.000752 0.076321 0.068560 0.111281 0.533195 0.263342 0.312096 0.386009 0.222464 0.683529 0.760943 0.526334 0.662962 0.682527 1.863206 1.015737 2.019550 0.119171 0.027929 0.519583 0.614776 0.688387 1.296477 1.569398 1.563075 1.752349 1.934975 2.348224 2.178560 1.490960 1.260068 0.992719 0.494878 0.020444 0.026997
0.888353 0.718360 0.288378 0.259187 0.178986 0.461944 0.399579 0.317258 -0.000772 -0.000517 0.000607 0.020270 0.379437 0.159088 0.195533 0.353380 0.442649 0.749753 0.302861 0.030645 -0.487235 -0.402566 -0.191694 0.544267 0.803334 0.836032 0.721390 0.654388 1.630422 1.202581 1.200377 1.157815 1.077233 1.200317 0.870901 0.488126 0.457203 0.797338 0.720173 0.589754 -0.045686 -0.000292 0.000104 0.000456 0.000500 0.000434 -0.233230 0.158797 0.656273 1.776081 3.414583 3.682391 2.539339 0.459079 0.028030 -0.032056 -0.032949 -0.001933 -0.001093
0.178334 0.316200 -0.000131 0.000136 0.055269 0.031367 0.012408 -0.779902 -0.029583 -0.001626 0.000962 0.001615 0.354545 0.606370 1.233295 1.213748 1.498891 2.127900 2.119998 1.937944 1.584688 1.109550 1.374644 1.503262 1.475217 1.007693 0.921516 0.926661 0.887899 1.290744 0.953223 0.838489 0.878429 1.289980 1.365387 1.363894 1.293729 1.436274 1.277285 0.731425 -0.024915 -0.006437 -0.000117 0.000075 0.000248 0.000793 0.024687 0.092630 0.641804 -0.009906 -0.003866 -0.000871 0.000189 0.000304 -0.028387 -0.042305 -0.094330 -0.026667 -0.006056
-0.064923 -0.007821 -0.000331 0.000393 0.007574 0.041681 0.015003 -0.630386 -0.025015 0.000000 0.003144 0.002132 0.357069 0.647617 1.305038 1.587668 2.052176 2.255787 2.426020 2.463051 3.074308 2.465419 0.892415 0.328436 0.102626 0.288987 0.584246 0.814488 0.994927 0.809105 0.523938 -0.009289 0.070713 0.446328 0.883414 1.067038 0.853706 -0.093502 -0.083924 -0.123720 -0.077047 -0.025871 -0.005716 0.000000 0.006570 0.022922 0.040400 0.117798 0.063881 -0.038218 -0.027850 -0.012129 -0.000003 0.011095 0.023214 -0.041937 -0.122381 -0.028037 -0.012536
-0.024283 -0.000554 -0.000247 0.000569 0.010858 0.046052 0.017387 0.192157 -0.003929 0.000000 0.009650 0.026234 0.426652 0.560496 0.620736 0.665464 0.719378 0.471131 -0.180094 -0.023785 -0.006642 -0.000241 0.000605 0.001194 -0.000991 -0.002276 -0.001296 0.008962 0.012451 0.007153 0.000124 0.021933 0.143844 -1.526090 -2.179193 -1.672368 -0.021975 -0.009453 -0.009866 -0.062154 -0.057301 -0.022527 -0.006081 0.000000 0.006319 0.019327 0.094786 0.115421 0.020423 -0.020634 -0.020415 -0.008486 -0.000120 0.001077 0.009419 0.055726 -0.036452 -0.037142 -0.009532
-0.026392 -0.000343 -0.000216 0.000127 0.000900 0.001021 0.000864 0.001445 -0.000194 0.000045 0.001150 0.066607 0.186781 0.213992 0.093535 -0.111964 -0.181163 -0.546003 -0.022109 -0.010709 -0.000103 0.000103 0.009392 0.015871 -0.000866 -0.007361 -0.021124 -0.013090 0.013598 0.011131 0.002281 0.010240 0.031038 -0.197953 -0.330187 -0.099623 -0.014773 -0.004901 0.000005 -0.135714 -0.073995 -0.037074 -0.008262 0.000000 0.003663 0.038229 0.089410 0.033801 0.000088 -0.000517 -0.000039 0.000243 0.001405 0.015561 0.029190 0.097605 -0.001070 -0.050099 -0.021374
0.031297 0.097567 0.041447 -0.001179 -0.013866 -0.000272 0.000431 0.017425 0.420081 0.326500 0.411381 1.050103 1.413404 1.361276 1.871827 1.186657 0.614040 -0.012514 -0.007544 -0.003946 -0.000222 0.000222 -0.003315 -0.000345 0.000107 -0.009796 -0.033622 -0.039867 0.010824 0.028358 0.003881 0.001219 0.001072 -0.099079 -0.302789 -0.204910 -0.005685 -0.000326 0.000208 -0.016540 -0.055042 -0.104632 -0.049314 -0.002697 0.002309 0.028740 0.036110 -0.025947 -0.050884 -0.011989 -0.000000 0.006650 0.021331 0.040803 0.007634 0.196030 0.088447 -0.036685 -0.004728
0.055147 0.184092 0.304859 0.424468 0.442535 0.152061 0.003500 0.297821 0.642889 1.033751 1.524090 1.619169 2.281020 2.378372 2.248280 1.595039 0.300093 -0.838958 -0.359348 -0.129868 -0.046367 -0.091210 -0.029211 -0.012670 -0.000130 0.000130 -0.063530 -0.060260 -0.044663 -0.001130 0.000073 0.008684 0.020177 -0.128265 -0.358238 -0.342213 -0.033531 -0.007002 0.000003 -0.024944 -0.010399 -0.069583 -0.046001 -0.000932 0.000470 0.010436 -0.004924 -0.042827 -0.045316 -0.018449 -0.000006 0.009543 0.037506 0.078448 0.553272 0.423237 0.206079 -0.021153 -0.005048
-0.004678 -0.049098 0.064442 0.233651 0.354023 0.124356 0.655099 1.025301 1.471502 1.336537 1.378319 1.788566 1.712895 2.328583 2.006086 0.448805 -0.147215 -0.117156 -0.101361 -0.041630 -0.003453 -0.005820 -0.033787 -0.007238 -0.000360 0.000360 0.009929 -0.007864 -0.068529 -0.015919 -0.000416 0.000350 0.012515 -0.070533 -0.196081 -0.279939 -0.329545 -0.022880 -0.027957 -0.039826 -0.003208 -0.004411 -0.007292 -0.001085 -0.000589 -0.000006 -0.000382 -0.005559 -0.040146 -0.026253 -0.000103 0.001615 0.035223 0.104499 -0.280984 -0.255937 -0.046850 -0.039223 -0.030859
-0.213328 -0.249574 -0.148819 -0.006198 0.057452 -0.222303 0.771293 1.206637 1.166377 1.046539 1.044145 1.305154 1.260772 1.550400 -0.126469 -0.178973 -0.045115 -0.060805 -0.160756 -0.164991 -0.015691 -0.003224 -0.014757 -0.009515 -0.000360 0.000360 0.013925 -0.089462 -0.255782 -0.025476 -0.000907 0.000620 0.012351 0.051416 -0.045456 -0.246227 -0.483670 -0.219441 -0.088831 -0.040096 -0.021875 -0.006822 -0.020252 -0.010192 -0.000572 -0.000326 0.000046 0.000364 0.001262 0.000669 0.000797 0.003970 0.026868 0.044281 0.130057 -0.133203 -0.097637 -0.041156 -0.021529
0.075426 0.100155 0.205134 0.360190 0.383957 0.300706 0.766218 1.091952 0.944828 0.966347 0.976991 1.023308 1.083897 0.691065 -0.641798 -0.390903 -0.280371 -0.078726 -0.099450 -0.658592 -0.010192 -0.002463 -0.003889 -0.000382 0.000558 0.000010 0.015933 0.027356 -0.102140 -0.016693 -0.000898 0.000248 0.024100 0.107702 0.047024 -0.180089 -0.437195 -0.329501 -0.155630 -0.104622 -0.083233 -0.060319 -0.036319 -0.024406 -0.006229 -0.000000 0.000334 0.000306 0.000845 0.000838 0.000532 0.016968 0.026260 0.046230 0.104005 -0.090175 -0.084145 -0.023410 -0.017922
0.399871 0.802819 1.038602 1.266946 1.573494 1.496114 2.137372 2.383952 2.423256 2.033013 2.440047 1.371387 1.217178 0.525930 -0.424547 -0.341285 -0.373441 -0.352643 -0.111887 -0.589857 -0.560482 -0.025841 -0.010310 -0.000012 0.030517 0.029277 0.400140 0.311038 0.081378 -0.438054 -0.030088 0.000000 0.023510 0.066684 0.016075 -0.005428 -0.062319 -0.281802 -0.267526 -0.185889 -0.148268 -0.117813 -0.079613 -0.042183 -0.008320 -0.000008 0.000580 0.000603 0.000646 0.000009 0.011412 0.020802 0.028003 0.084211 0.119143 0.011612 -0.168563 -0.022911 -0.025404
1.905830 1.937502 1.968655 1.864893 1.858042 1.803463 1.964444 1.776924 1.226197 0.689651 0.371448 0.046336 -0.377255 -1.242742 -0.025530 -0.029613 -0.022774 -0.020050 -0.080844 -0.136227 -0.969089 -0.281506 -0.099610 -0.036838 -0.000001 0.085212 0.371461 0.286816 0.175295 -0.037791 -0.007494 0.000004 0.010277 0.034111 0.096142 0.023295 -0.001773 -0.024009 -0.154104 -0.234092 -0.191195 -0.169024 -0.132442 -0.092465 -0.029759 -0.000422 -0.000101 0.000079 0.000287 0.000387 0.007538 0.009627 0.013845 0.079328 0.161848 0.106915 -0.071211 -0.027569 -0.009131
3.682303 3.221272 2.579961 2.251524 1.399260 1.494616 1.484927 1.217800 0.835964 0.387549 0.079457 -0.211814 -0.409882 -0.058694 -0.010575 -0.000388 -0.000372 0.000145 0.000492 0.000861 -0.432629 -0.664732 -0.022330 -0.002315 -0.000043 0.002023 -0.075862 -0.223640 -0.055437 -0.006608 -0.000323 0.000216 0.010752 0.037588 0.091272 -0.008082 -0.004899 -0.001753 -0.003909 -0.032175 -0.043674 -0.020515 -0.011517 -0.075869 -0.079898 -0.036247 -0.000473 -0.000973 -0.001222 0.003164 0.002607 0.035947 0.178941 0.060746 0.028102 -0.015837 -0.092821 -0.029359 -0.015096
2.524191 1.864432 1.407401 0.301468 0.001980 0.113671 0.004699 -1.316986 -0.549555 -0.159984 -0.239745 0.066801 -0.073030 -0.045429 -0.011016 -0.000609 -0.000540 0.000540 0.000609 0.193452 0.819917 -0.122495 -0.037013 -0.024084 -0.000049 0.014160 0.018101 -0.120299 -0.091562 -0.013138 -0.000965 0.000392 0.007144 0.030965 0.035261 -0.077778 -0.046126 -0.009915 -0.000711 -0.001649 -0.020087 -0.009222 -0.001974 -0.004601 -0.008034 -0.012813 -0.005691 -0.005377 -0.001073 0.001361 0.033224 0.074779 0.030057 0.024522 0.002485 -0.011732 -0.073981 -0.031808 -0.022991
1.037336 0.491479 -0.710221 -0.000222 0.000222 0.072761 -0.044073 0.020713 -0.000679 0.000778 -0.033264 -1.313051 -0.876798 -0.121691 -0.032898 -0.008421 -0.000369 0.000369 0.018221 -0.144883 -0.217563 -0.047513 -0.036070 -0.003545 -0.000632 0.000340 -0.024790 -0.130763 -0.112200 -0.002981 -0.004241 -0.000269 0.001180 0.013141 0.027667 -0.011068 -0.008619 -0.000652 -0.001552 -0.001397 -0.001102 -0.001747 -0.002433 -0.006157 -0.013418 -0.018934 -0.015357 -0.011126 -0.000837 0.000897 0.025238 0.065205 0.011686 0.002043 0.000693 0.008458 0.029497 0.000176 -0.083297
0.440637 -0.098133 -0.040588 -0.001821 0.001811 -0.135547 -0.206380 -0.069699 0.000000 0.015493 0.028338 0.044466 -0.304596 -0.226525 -0.019307 -0.005315 -0.000429 -0.000653 -0.002279 -0.132645 -0.077787 -0.044591 -0.041277 -0.038301 -0.009590 -0.000000 0.006388 0.010278 -0.066831 -0.004499 -0.009924 -0.011425 -0.002358 -0.001038 -0.002842 -0.018906 -0.008302 -0.000896 -0.002717 -0.000872 -0.000808 -0.000804 -0.001306 -0.002015 -0.002281 0.000000 -0.000026 -0.000989 -0.000401 0.000412 0.005185 0.001224 -0.000979 -0.000015 0.001118 0.011551 0.018504 0.004368 -0.028842
-0.636788 -0.612633 -0.040287 -0.001751 0.001700 0.261555 -0.035708 -0.168563 -0.126027 0.004747 0.024732 0.291791 0.111807 -0.327010 -0.043845 -0.045474 -0.051784 -0.063637 -0.036493 -0.006693 -0.036580 -0.019892 -0.004314 -0.013352 -0.007726 -0.000000 0.009433 0.018326 -0.128968 -0.189315 -0.009941 -0.020755 -0.011527 -0.014727 -0.037983 -0.017379 -0.008261 0.000000 -0.002205 -0.000733 -0.000114 0.000623 0.000326 -0.000791 -0.001573 -0.000664 0.000030 0.004742 0.001589 -0.001619 -0.008636 -0.030034 -0.010959 0.000000 0.013696 0.026370 0.025475 0.023685 0.093628
-0.286014 -0.062458 -0.011166 -0.000479 0.000420 0.053001 -0.367376 -0.250420 -0.375383 -0.140655 0.066320 -0.174505 -0.346570 -0.131428 -0.063762 -0.369393 -0.090338 -0.045055 -0.012715 -0.000475 -0.056425 -0.086542 -0.041247 -0.012978 -0.013087 -0.000000 0.007524 0.024793 0.328886 -0.037044 -0.068328 -0.039514 -0.021684 -0.032460 -0.071538 -0.030334 -0.012008 0.000000 0.000809 0.000320 0.000561 0.000607 0.000591 0.000348 0.000453 0.004037 0.000001 0.118149 1.288404 -0.050452 -0.046926 -0.026316 -0.004433 -0.000440 0.004773 0.028832 0.029850 0.031150 0.139602
0.055407 -0.056813 -0.017394 -0.001112 0.000823 -0.040489 -0.922935 -0.964517 -0.690349 -0.412568 -0.081272 -0.400723 -0.640143 -0.472598 -0.507386 -0.582837 -0.079664 -0.040638 -0.019609 -0.008124 -0.016595 -0.041413 -0.029140 -0.084422 -0.021118 -0.000004 0.013098 0.027090 0.020055 0.085725 -0.045798 -0.082818 -0.008656 -0.017449 -0.059499 -0.022463 -0.000827 0.000209 0.001424 0.000655 0.000406 0.065592 0.071171 0.565880 0.755590 0.937128 0.847685 0.967932 0.828485 0.207239 0.090371 -0.027795 -0.017604 -0.000030 0.023723 0.055915 0.110946 0.184119 0.218879
0.054155 -0.060504 -0.017960 -0.000867 0.000223 0.000421 -0.745273 -0.800559 -0.595847 0.039122 0.385228 0.195317 -0.201659 -0.531459 -0.960668 -0.155333 -0.022275 -0.037027 -0.028042 -0.010445 -0.003605 -0.013974 -0.048254 -0.025021 -0.023213 -0.000172 0.000488 0.017445 0.637854 0.279037 -0.455480 -0.044986 -0.000745 -0.000642 -0.001041 -0.000163 0.001217 0.016476 0.060796 -0.027385 -0.076719 0.196878 0.582570 0.784004 0.179385 0.280701 0.444171 0.279126 0.110966 -0.122441 -0.414647 -0.090368 -0.019850 -0.000644 0.000636 0.010299 0.025276 0.041929 0.046240
0.037232 -0.039394 -0.019809 -0.006319 0.000000 0.008358 0.131937 -0.345298 -0.275733 -0.008633 0.312877 0.411197 0.384161 -0.094933 -0.360140 -0.425991 -0.223520 -0.004727 -0.015675 -0.034056 -0.030277 -0.026663 -0.021779 -0.023238 -0.008251 -0.000005 0.007542 0.016623 -0.590846 -0.256948 -0.511825 -0.021626 -0.008059 -0.000473 0.000270 0.004805 0.003304 0.015667 0.521030 0.498858 0.416589 0.438861 0.159800 0.000318 0.000539 0.081537 0.169615 0.045632 -0.111987 -0.091319 -0.090472 -0.074831 -0.027126 -0.001929 0.001012 0.002018 0.016204 0.056985 0.011411
-0.105945 -0.189798 -0.013285 -0.003663 0.000000 0.005378 0.014775 0.285160 0.287374 0.342267 0.213945 0.347964 0.326449 -0.005257 -0.024352 -0.083430 -0.156909 -0.242812 -0.343419 -0.054828 -0.045312 -0.035928 -0.011868 -0.001197 -0.000631 0.000290 0.005338 0.036290 -0.035258 -0.136168 -0.024490 -0.019182 -0.012543 -0.000965 0.000000 0.000965 0.027014 0.214867 0.102946 0.093160 0.172118 0.138366 -0.013373 -0.000334 0.000674 -0.166734 -0.218145 -0.240801 -0.397394 -0.468430 -0.485301 -0.020678 -0.002842 -0.002796 0.002347 0.003452 0.031000 0.041148 0.010452
