use_cases/Flooding_chicago/flooding_data/output/hUx_1200.asc
ncols 337
nrows 393
xllcorner 428428.000000
yllcorner 4602440.000000
cellsize 26.757400
NODATA_value -9999.000000
[rows 260 to 285 of 393, columns 59 to 117 of 337]
-0.011526 -0.015541 -0.004466 -0.000208 0.017877 0.038133 0.009177 0.019308 -0.252563 -0.020659 -0.005936 -0.000072 0.000211 -0.040460 -0.246785 -0.023288 -0.006475 -0.000382 -0.050569 -0.008653 -0.000059 0.000518 0.017404 0.027730 0.109701 0.042759 0.067207 0.152305 0.079345 0.234161 0.183497 0.516364 0.791155 0.981905 0.599515 0.465335 0.300016 0.078717 -0.168681 -0.495387 -0.628190 -0.589118 -0.572794 -0.138062 -0.201550 -0.007507 0.000000 0.021108 -0.011833 -0.016854 0.000000 0.011861 0.465731 0.070476 -0.102541 -0.246644 -0.619825 -0.599045 -0.659241
-0.029464 -0.076101 -0.044949 -0.006368 -0.004756 -0.018104 -0.003487 -0.003968 -0.035354 -0.022669 -0.005981 0.000003 0.006034 0.054509 -0.073042 -0.008388 -0.002319 -0.002926 -0.006515 0.000543 0.000429 0.000347 0.008598 0.015266 0.022328 0.054652 0.060616 0.106096 0.054942 0.024521 0.237039 0.561675 0.798474 0.592034 0.524676 0.357829 -0.009629 -0.090362 -0.102704 -0.126541 -0.384025 -0.415770 -0.508379 -0.552652 -0.142236 -0.132488 0.000000 -0.042370 -0.089468 -0.015591 0.000000 0.013698 0.429568 0.124010 -0.007964 -0.129593 -0.202588 -0.284438 -0.108641
-0.056651 -0.122136 -0.056981 -0.027869 -0.043136 -0.076207 -0.031622 -0.008777 -0.028171 -0.016167 -0.000326 0.000208 0.006364 0.001154 -0.035881 -0.001613 -0.001119 -0.000887 -0.000521 0.001019 0.000667 0.000503 0.000294 0.008591 0.015861 0.023837 0.055572 0.395816 0.007820 0.006829 0.250427 0.834503 0.688577 0.436291 0.105904 0.042366 -0.000000 -0.081068 -0.108694 -0.141317 -0.437025 -0.475300 -0.586235 -0.719941 -0.264086 -0.251726 -0.391304 -0.336607 -0.146469 -0.001921 -0.000277 -0.000857 -0.101252 -0.271673 -0.253371 -0.301559 -0.224540 -0.313482 -0.105248
-0.039414 0.000672 -0.004148 -0.017998 -0.075191 -0.053145 -0.015635 -0.022510 -0.007841 -0.013885 -0.005064 0.014240 0.081969 -0.214580 -0.257952 -0.218229 -0.016628 -0.010367 0.017252 0.019176 0.095937 0.115849 0.029109 0.009308 0.004580 0.025650 0.612833 1.075917 0.438975 1.356126 1.423210 1.647268 0.859645 0.515234 -0.005332 -0.005368 -0.000011 0.006904 0.026591 -0.118990 -0.607934 -0.769398 -1.073280 -1.229053 -1.168144 -1.009540 -0.884791 -0.746825 -0.750359 -0.323922 -0.345302 -0.393057 -0.334415 -0.340671 -0.192493 -0.153831 -0.293042 -0.448046 -0.644977
-0.132094 -0.009435 -0.000353 0.000099 0.006830 0.098944 -0.023033 -0.026916 -0.005815 -0.013140 0.001048 0.017903 0.179818 0.180460 0.058803 -0.135221 -0.026129 -0.003876 0.010428 0.008473 0.065134 0.133184 0.065848 0.011307 0.003936 0.042296 1.691983 1.005858 1.230402 1.375314 1.493395 1.213140 0.634612 0.341956 -0.015205 -0.015677 -0.000504 0.000168 0.004951 0.065510 -0.081862 -0.145761 -0.209836 -0.707307 -1.006675 -0.529593 -0.489891 -0.413108 -0.455206 -0.204145 -0.151685 -0.000127 -0.153919 -0.151512 -0.137087 -0.004864 -0.012606 -0.035408 -0.082954
-0.126058 -0.014036 -0.006928 -0.000041 0.008840 0.018738 -0.005368 -0.000542 -0.000326 0.000611 0.004914 0.010195 0.156108 0.179922 0.126254 -0.019171 -0.071654 -0.008316 -0.000149 0.005883 0.016178 0.120004 0.266390 0.222545 0.254946 0.976487 0.884786 0.319568 0.281164 0.246400 0.054006 0.019455 -0.013639 -0.009404 -0.029516 -0.032038 -0.027961 -0.001265 0.000054 0.000300 0.027922 0.055613 -0.081257 -0.506973 -0.715884 -0.750747 -0.283264 -0.221286 -0.177808 -0.166819 -0.002061 -0.002356 -0.003351 -0.004947 -0.000811 -0.000489 0.000489 0.000811 0.048864
-0.153499 -0.015196 -0.008731 -0.000876 0.000478 0.009980 0.000143 -0.007826 -0.000073 0.005252 0.002287 0.004084 -0.002796 0.005093 0.003309 -0.004909 -0.018858 -0.011350 -0.005411 0.000000 0.009002 0.015296 0.283572 0.798645 1.209988 0.814938 0.358354 -0.005283 -0.101391 -0.213617 -0.092055 -0.006713 -0.058250 -0.000391 0.000121 -0.038406 -0.101853 -0.009613 -0.000222 0.000222 0.012575 0.015153 0.010758 0.069725 -0.231313 -0.465939 -0.352642 -0.276458 -0.243820 -0.260286 -0.207076 -0.101077 -0.129512 -0.014455 -0.000811 -0.000489 0.000489 0.000811 -0.068478
-0.099026 -0.312069 -0.046247 -0.002970 -0.000257 0.000848 0.000226 -0.001374 -0.001508 0.000250 0.001416 0.000842 0.002560 0.042477 -0.005618 -0.011962 -0.032575 -0.010651 -0.000663 0.000046 0.000596 0.008975 0.283200 0.129213 0.119449 0.000003 0.014669 0.152382 -0.157449 -0.554707 -0.466471 -0.516727 -0.588334 -0.020268 -0.000418 0.000586 -0.005773 -0.001481 -0.000186 0.000405 0.016554 0.024614 0.024688 0.012565 -0.198908 -0.267949 -0.309767 -0.470114 -0.356186 -0.330725 -0.247738 -0.227879 -0.349605 -0.275397 -0.003475 -0.005790 -0.012435 -0.026885 -0.040108
-0.008995 -0.045313 -0.042618 -0.006430 -0.007353 -0.000670 -0.000056 0.000810 0.000683 0.003453 0.004147 0.001420 0.021993 0.147394 -0.007411 -0.013526 -0.035156 -0.007667 -0.000020 0.008095 0.017061 0.242341 0.257257 0.127517 -0.000102 0.000086 0.022573 0.068253 -0.282066 -0.291565 -0.285827 -0.296606 -0.334235 -0.138900 -0.000323 0.000405 -0.003767 -0.005860 -0.000010 -0.002026 0.003941 0.006649 0.000055 0.007209 0.009067 -0.026724 -0.260043 -0.237112 -0.297492 -0.358584 -0.391076 -0.267245 -0.396542 -0.378424 -0.446256 -0.455838 -0.409442 -0.542270 -0.099320
-0.000782 -0.037268 -0.047300 -0.021434 -0.001277 -0.000501 0.001140 0.000979 -0.000141 -0.002930 -0.000360 0.000360 0.010008 0.015988 0.003987 -0.107863 -0.186096 -0.015864 -0.000000 0.025317 0.088594 0.280598 0.082498 0.023276 -0.000152 0.000305 0.011531 0.030626 0.056325 0.065426 -0.135972 -0.130221 -0.373555 -0.297466 -0.026548 -0.032909 -0.034436 -0.033480 -0.035698 -0.011560 0.004766 -0.003549 0.000730 0.004012 0.079209 0.597671 -0.063127 -0.348654 -0.543798 -0.709521 -1.027257 -1.047804 -1.102944 -0.540011 -0.567645 -0.532695 -0.445673 -0.465083 -0.157405
-0.009775 -0.013672 -0.060760 -0.023040 -0.001061 0.000879 0.009198 0.003040 -0.092227 -0.011947 -0.000360 0.000360 0.004134 0.002779 -0.169056 -0.262964 -0.237717 -0.422929 -0.021550 0.000000 0.007256 0.098383 -0.006342 -0.006074 -0.000003 0.006204 0.020027 0.037983 0.079090 -0.055782 -0.334585 -0.202423 -0.373574 -0.354087 -0.022062 -0.028264 -0.031396 -0.030463 -0.026059 -0.017593 -0.004036 -0.007181 0.003247 0.008810 0.041165 0.026423 0.006627 -0.143671 -0.255436 -0.397197 -0.721778 -0.597204 -0.749969 -0.549333 -0.565099 -0.576397 -0.620191 -0.765465 -0.901179
-0.001201 -0.001994 -0.005268 -0.007973 -0.001021 0.000942 0.023516 0.062303 0.009862 -0.139222 -0.004142 -0.000975 0.003941 0.003383 0.153581 -0.080829 -0.135609 -0.303068 -0.034957 0.000000 0.006726 0.038143 -0.013348 -0.000846 -0.000082 0.000802 0.014302 0.028353 0.060523 0.275174 -0.618170 -0.603557 -0.504123 -0.854859 -0.299519 -0.017039 -0.029817 -0.048877 -0.095524 -0.005625 0.000000 0.002313 0.005780 0.011168 0.009874 0.008010 0.003961 0.003241 0.000876 0.000797 -0.121964 -0.189577 -0.218154 -0.196008 -0.162694 -0.004624 -0.012928 -0.050452 -0.090078
0.001125 -0.001367 -0.004761 -0.006285 -0.000822 0.000788 0.017496 -0.008803 -0.033473 -0.132164 -0.003266 -0.000042 0.002617 0.001839 0.376477 0.518628 0.432254 0.020635 0.005570 0.008126 0.163009 0.118184 -0.030250 -0.001309 -0.000573 0.001420 0.008806 0.024078 0.032886 0.025348 0.566595 -0.416513 -0.795129 -2.047639 -2.255870 -0.979096 -0.986163 -0.111521 -0.006807 0.000000 0.003140 0.001498 0.001414 0.003246 0.002288 -0.000556 -0.000439 0.000347 0.000979 0.001704 0.029869 0.025610 0.135335 -0.001768 -0.000876 -0.001044 -0.000152 0.003749 -0.163852
0.003260 0.001886 -0.000943 -0.002211 -0.000391 0.000384 0.012767 -0.012421 -0.036048 -0.131506 -0.002148 0.001277 0.045712 0.041482 0.045064 0.021275 -0.001544 -0.002416 -0.000956 0.010679 0.369035 0.100884 -0.011394 -0.013885 -0.000447 0.000875 0.009066 0.018526 0.021911 0.033182 0.067244 0.090018 -0.018401 -0.317084 -0.643879 -0.845351 -0.811572 -0.149940 -0.007106 0.000000 0.082656 0.028831 0.012115 -0.000378 -0.002599 -0.004928 -0.001073 0.000743 0.000904 0.006637 0.106242 0.051124 0.015525 0.004591 -0.001354 -0.003388 0.000000 0.039119 -0.040893
0.002664 0.002186 0.000635 -0.000033 -0.000422 -0.000083 0.001006 -0.018802 -0.039783 -0.132234 -0.003053 -0.000218 0.002232 0.001714 -0.667105 -0.016033 -0.000534 0.000315 0.000578 0.060118 0.050913 -0.013251 -0.000240 -0.000112 0.001218 0.019072 0.038170 0.009430 0.022922 0.018559 0.083678 0.165599 0.102054 0.032258 -0.000533 -0.023171 -0.658382 -0.669345 -0.153762 0.000000 -0.009368 -0.016680 -0.017340 -0.011836 -0.007425 -0.005916 -0.000439 0.000347 0.008331 0.274932 0.230868 0.126800 -0.192310 -0.009896 -0.000472 0.000339 0.026338 0.011410 -0.050359
0.018076 0.068593 0.108456 -0.079300 -0.021277 -0.027341 -0.099412 -0.241690 -0.195913 -0.142330 -0.003619 -0.002156 0.002286 0.003309 0.001765 0.000387 0.000233 0.000679 0.011464 0.005243 -0.065938 -0.003946 -0.000222 0.000222 0.011631 0.021370 0.031453 0.039671 0.035472 0.126556 0.061023 0.037438 0.030501 -0.000000 0.005811 0.144202 -0.523106 -0.746892 -0.609993 -0.009093 -0.024913 -0.029349 -0.029164 -0.001252 0.000235 0.001395 0.016305 0.013793 0.010201 -0.003250 -0.157957 -0.223040 -0.243304 -0.015907 -0.001290 0.000588 0.001200 -0.028994 -0.086007
0.006185 0.009350 0.005015 -0.048446 -0.146482 -0.090977 -0.052168 -0.050254 -0.030898 -0.002229 -0.003265 -0.000379 0.002793 0.002372 -0.033311 -0.045028 -0.049508 0.008238 0.067902 0.039253 0.012679 -0.007838 -0.000205 0.000017 0.001035 0.060683 0.067672 0.115736 0.181431 0.321928 0.239644 0.147213 -0.046239 -0.000010 0.010803 0.030354 -0.436811 -0.648416 -0.335167 -0.069345 -0.012995 -0.017612 -0.002819 -0.003494 0.000835 0.003453 0.018391 0.013678 0.040570 0.027868 -0.000222 0.000222 -0.206574 -0.013706 -0.000878 0.000360 0.000876 -0.016325 -0.007288
0.049637 0.068887 -0.016647 -0.068142 -0.166322 -0.060553 -0.022305 -0.023468 -0.011385 -0.001274 -0.001128 0.000311 0.001215 -0.203450 -0.055749 -0.070062 -0.072858 -0.021119 0.026469 0.040441 0.035408 0.044438 0.034733 0.020362 0.028811 0.015931 0.470809 0.044925 0.122839 0.331459 0.307195 0.202036 -0.044240 -0.000360 0.000360 0.010376 0.901083 0.212422 -0.065128 -0.201144 -0.361006 -0.042747 -0.004613 -0.006923 -0.005405 0.000007 0.015505 0.011732 0.017944 0.004082 -0.020219 -0.047071 -0.122074 -0.007840 -0.000035 -0.007944 -0.017810 -0.022371 -0.006206
0.068927 -0.155122 -0.302096 -0.320214 -0.068305 -0.115677 -0.032624 -0.002709 -0.000544 -0.000708 -0.000990 0.000890 0.001185 -0.230154 -0.050377 -0.000686 0.000064 -0.046994 -0.064681 -0.118705 -0.000128 0.000585 0.028368 0.038924 0.043185 0.020437 0.381570 0.045941 0.021202 0.014674 0.006244 0.002210 -0.000129 -0.000360 0.000360 0.009514 2.173786 1.462110 0.736549 0.054929 -0.338068 -0.027785 -0.003053 -0.004366 -0.000352 0.000352 0.007429 0.032393 0.342384 0.212914 0.145842 0.023546 0.007449 -0.100862 -0.003963 -0.011258 -0.022272 -0.062359 -0.017144
-0.021798 -0.232831 -0.294462 -0.300098 -0.025310 -0.025580 -0.017771 -0.038778 -0.058480 -0.144044 -0.040173 0.000063 -0.116363 -0.163762 -0.029700 -0.002005 -0.002434 -0.000459 0.000728 0.001247 0.002110 0.001617 0.012974 0.011712 0.000000 0.068157 0.144523 0.065426 0.025408 0.016222 0.006607 0.002298 0.000000 0.009415 0.023487 0.028294 0.354371 -0.085721 -0.289479 -0.108111 -0.126784 -0.005834 -0.020003 -0.009962 -0.000007 0.000451 0.001218 0.016332 0.339583 0.166263 0.107593 0.090969 0.106972 0.120272 -0.028735 -0.091143 -0.188774 -0.023033 -0.000555
-0.029624 -0.156521 -0.262448 -0.007153 -0.011206 -0.003369 0.001613 -0.222240 -0.109232 -0.220440 -0.070398 0.000003 -0.057121 -0.071577 -0.013965 -0.025196 -0.004832 -0.002596 0.002386 0.004987 0.003088 0.015229 0.018905 0.028223 0.027584 0.009637 0.021222 0.087599 0.143926 0.155210 0.052575 0.013808 0.000000 0.005585 0.015983 0.299742 -0.138317 -0.391402 -0.688374 -0.594896 -0.310936 -0.312910 -0.252955 -0.011929 -0.000000 0.001352 0.004900 0.003747 0.085630 -0.068662 -0.095323 -0.155870 -0.172447 -0.204651 -0.218221 -0.243977 -0.084398 -0.089611 -0.000396
0.344566 0.249220 -0.001389 -0.003175 -0.002170 0.001014 -0.248990 -0.324331 -0.376579 -0.063158 -0.131196 -0.180160 -0.169807 -0.597340 -0.342859 -0.045877 -0.005004 0.008462 0.014272 0.005457 0.047060 0.040660 0.029369 0.027208 0.019510 0.060091 0.082269 0.119619 0.140424 0.186217 0.194834 0.051739 0.014079 0.002509 -0.005339 -0.019518 -0.131277 -0.119175 -0.165787 -0.326650 -0.299273 -0.291847 -0.108515 -0.058633 -0.000456 -0.000046 0.002127 0.094133 -0.053220 -0.084127 -0.127152 -0.144623 -0.206413 -0.223750 -0.181804 -0.161063 -0.010573 -0.013205 -0.000156
0.000905 0.177774 0.147035 0.035701 -0.053760 -0.133224 -0.183565 -0.223322 -0.068808 -0.084093 -0.136623 -0.160191 -0.162962 -0.220998 -0.023637 -0.009226 0.000017 0.000931 0.004097 0.005187 0.002312 0.014956 0.013397 0.011182 0.007453 0.031479 0.050685 0.013598 0.062906 0.136716 0.255102 0.286476 0.115810 0.025018 0.017373 0.036297 0.010841 -0.013745 -0.013186 -0.047008 -0.087260 -0.270592 -0.246772 -0.059140 -0.010527 -0.066714 -0.076565 -0.136331 -0.109291 -0.107318 -0.100194 -0.042282 -0.291073 -0.189049 -0.167471 -0.019360 -0.044527 -0.065168 -0.067182
0.010432 0.242744 0.083532 -0.091254 -0.021124 -0.018389 -0.798061 -0.247946 -0.034908 -0.000396 0.000330 -0.068434 -0.138451 -0.019325 -0.011079 -0.000924 0.000371 0.000884 0.002409 0.002152 0.000697 0.003295 0.080710 0.078931 0.197077 0.001949 0.012586 0.007130 0.020350 0.039558 0.150421 0.520380 0.673727 0.577614 0.560396 0.430802 0.514295 0.234193 -0.060311 0.000000 0.115944 -0.130943 -0.330974 -0.352553 -0.212265 -0.197955 -0.168871 -0.241273 -0.130518 -0.155371 -0.150870 0.000000 -0.075144 -0.127300 -0.104511 -0.031393 -0.081837 -0.136938 -0.525391
0.066983 0.049524 0.049391 -0.054486 -0.109740 -0.266256 -1.122441 -0.667499 -0.004607 -0.000555 0.000401 -0.024724 -0.095465 -0.032134 -0.017696 -0.000950 0.000866 0.023214 0.039889 0.035206 0.000210 0.000174 0.000565 0.050274 0.269703 0.138642 0.051590 0.061393 0.026198 0.052287 0.096804 0.391430 0.361115 0.302254 0.350693 0.330191 0.323129 0.039765 -0.001831 0.000000 0.014708 0.005225 -0.010420 -0.044069 -0.063393 -0.046217 -0.043008 -0.026232 -0.021109 -0.036430 -0.037495 -0.058451 -0.169470 -0.249623 -0.231197 -0.200595 -0.050898 -0.108127 -0.267959
0.335235 0.112760 -0.053397 -0.149770 -0.291492 -0.412942 -0.526264 -0.436967 -0.019542 -0.009997 0.000013 0.048119 -0.021511 -0.033308 -0.017514 -0.000831 0.000764 0.016042 0.040269 0.002350 -0.056069 -0.010137 -0.000003 0.007242 0.015578 0.222283 0.144847 0.080334 0.104728 0.056319 0.067321 0.035076 0.019481 0.006768 0.004329 0.238771 0.088936 -0.091403 -0.148033 -0.003255 0.047754 0.136838 0.106965 0.056524 0.034390 0.021167 0.005911 -0.000863 -0.017630 -0.043766 -0.046608 -0.073628 -0.245132 -0.378170 -0.348660 -0.427233 -0.190282 -0.237941 -0.067815
