use_cases/Flooding_chicago/flooding_data/output/hUx_1080.asc
ncols 337
nrows 393
xllcorner 428428.000000
yllcorner 4602440.000000
cellsize 26.757400
NODATA_value -9999.000000
[rows 156 to 181 of 393, columns 118 to 176 of 337]
0.000000 0.007812 0.064849 0.054956 0.086065 0.118509 0.082335 0.058658 0.059798 0.489417 0.948465 0.707974 0.000000 0.212298 0.514863 0.131042 0.024513 0.033183 0.014376 -0.042847 -0.070602 -0.046893 -0.017600 -0.008027 -0.000672 -0.000350 0.000607 0.009329 0.021139 0.051831 1.772102 1.463085 0.877603 0.761314 0.407055 -0.041039 -0.000222 0.000222 0.046205 0.023375 -0.102492 -0.026953 0.130378 0.174551 0.279022 0.311176 0.337927 0.287287 0.489002 0.361296 -0.022817 -0.069871 -0.112603 -0.000222 0.000222 0.003946 0.109197 0.065632 0.029884
0.004142 0.212701 0.759803 0.348382 0.255898 0.084066 0.084859 0.051985 0.647181 0.552007 0.251145 0.472399 0.425163 0.330321 0.151666 -0.040856 0.036929 -0.005927 -0.210528 -0.496276 -1.045577 -0.023861 -0.004363 -0.000808 -0.000362 0.000046 0.000360 0.010183 0.024272 1.652091 1.434011 1.285110 1.204445 1.109108 0.839561 0.305075 0.051437 0.046037 -0.000000 0.029063 0.141658 0.085823 0.088738 0.083559 0.049756 0.032469 0.016081 -0.102938 -0.183885 -0.197730 -1.058830 -0.741628 -0.430266 -0.020304 -0.088130 -0.017132 0.096503 0.113200 0.058349
0.002787 0.068417 0.033921 -0.075148 -0.005350 0.000000 0.004069 0.036022 0.366602 -0.000116 0.000087 0.001758 0.001794 0.193287 0.911195 0.013285 -0.133865 -0.154798 -0.279522 -0.288526 -0.412601 -0.026918 -0.006816 -0.000021 0.007950 0.012619 0.000985 0.000746 -0.615294 -0.820106 -0.763803 -0.856558 -0.948461 -0.547460 -0.172381 -0.446413 -0.205691 -0.109721 0.000007 0.048600 0.217775 0.049975 0.003207 -0.024860 0.000000 0.055682 -0.249019 -0.556533 -1.065534 -1.297771 -2.193432 -2.364289 -1.946490 -1.214007 -1.257411 -0.433216 -0.073073 -0.000013 0.064281
0.088818 0.350020 0.142093 0.102254 -0.000464 0.000067 0.012004 0.522450 0.483711 -0.000464 0.000159 0.002106 0.012418 0.019434 0.387161 0.058848 -0.178075 -0.755982 -0.860961 -0.816269 -0.944423 -1.346613 -0.013425 -0.000114 0.000255 -0.010885 -0.022265 -0.014653 -0.109951 -0.377337 -0.649454 -0.860584 -1.058615 -0.637139 -0.279718 -0.361704 -0.156595 -0.036293 0.033999 0.058491 0.044572 -0.000117 0.000128 -0.018692 -0.020865 -0.043365 0.014155 0.230281 0.367848 0.539556 0.601133 0.824166 0.192774 0.374518 0.464369 0.249392 -0.047999 -0.000162 0.002964
0.841008 0.678335 0.264613 0.233141 0.159259 0.413787 0.363914 0.287368 -0.000772 -0.000517 0.000607 0.021067 0.035553 0.028613 -0.221785 -0.550207 -0.560058 -1.027020 -0.790122 -0.505453 -0.223693 -0.233398 -0.651186 -0.076318 -0.067973 -0.141534 -0.090208 0.027926 1.110956 0.816935 0.462874 0.150175 -0.009944 -0.064631 -0.091304 -0.308319 -0.098973 -0.179102 -0.182562 -0.251109 -0.026640 -0.000292 0.000104 0.000239 0.000236 0.000292 0.085841 0.253098 0.355668 1.399605 2.817966 2.458694 0.604216 0.013425 -0.056502 -0.030125 -0.033450 -0.001933 -0.001093
0.164202 0.287589 -0.000131 0.000136 0.048532 0.027718 0.010119 -0.657443 -0.030079 -0.001626 0.000962 0.001615 0.021060 0.069497 -0.090361 -0.259484 -0.380077 -0.359218 0.165469 0.456969 0.163445 -0.415202 -1.008381 -1.422749 -0.500462 -0.140079 -0.091604 0.008700 0.077752 -0.130848 -0.250081 -0.311735 -0.235961 0.001247 0.228241 0.392647 0.367468 0.500283 0.281345 -1.004470 -0.024914 -0.006437 -0.000117 0.000075 0.000248 0.000793 0.024687 0.059608 0.103448 -0.006532 -0.001912 -0.000855 0.000171 0.000302 -0.028386 -0.042305 -0.094331 -0.026667 -0.006056
-0.093984 -0.006855 -0.000331 0.000393 0.007574 0.039778 0.013920 -0.532492 -0.025495 0.000000 0.003144 0.002133 0.014231 0.049387 0.560184 0.558320 0.721441 1.233397 1.419313 0.533338 0.265946 -0.008748 -0.001683 -0.004972 -0.018363 -0.034437 -0.028339 0.002033 0.033615 0.018795 0.004939 0.001362 0.054354 0.296133 0.639936 0.893754 -0.117621 -0.061819 -0.076856 -0.123540 -0.077047 -0.025871 -0.005716 0.000000 0.006570 0.022924 0.040400 0.117798 0.063882 -0.038218 -0.027851 -0.012129 -0.000003 0.011095 0.023214 -0.041937 -0.122384 -0.028037 -0.012536
-0.035070 -0.000554 -0.000247 0.000569 0.010858 0.044914 0.016724 0.162660 -0.003929 0.000000 0.009656 0.025120 0.039858 0.058403 0.395934 0.159762 -0.046972 -0.039259 -0.013255 -0.017806 -0.005328 -0.000241 0.000604 0.001196 -0.000963 -0.002212 -0.001239 0.007240 0.010679 0.006535 0.000120 0.021114 0.045009 -0.763225 -0.874389 -0.194696 -0.021651 -0.009453 -0.009866 -0.062153 -0.057301 -0.022527 -0.006081 0.000000 0.006318 0.019328 0.094786 0.115422 0.020422 -0.020634 -0.020415 -0.008486 -0.000120 0.001077 0.009419 0.055726 -0.036453 -0.037142 -0.009532
-0.019222 -0.000342 -0.000216 0.000125 0.000899 0.001020 0.000864 0.001342 0.000083 0.000204 0.000692 0.007111 0.023824 0.044224 0.017685 -0.382202 -1.053367 -0.029365 -0.023983 -0.010734 -0.000103 0.000103 0.009392 0.015850 -0.000823 -0.007188 -0.020661 -0.012832 0.013382 0.010903 0.002232 0.010165 0.030835 -0.191188 -0.326456 -0.099621 -0.014773 -0.004901 0.000005 -0.135714 -0.073994 -0.037075 -0.008262 0.000000 0.003663 0.038228 0.089409 0.033802 0.000088 -0.000517 -0.000039 0.000243 0.001404 0.015561 0.029189 0.097601 -0.001067 -0.050098 -0.021374
-0.000298 0.007094 0.000503 -0.013763 -0.009187 -0.000272 0.000431 0.009625 0.019452 0.013161 0.001087 0.022272 -0.052151 -0.324453 -0.915521 -1.083929 -2.083938 -0.010138 -0.007544 -0.003946 -0.000222 0.000222 -0.003315 -0.000345 0.000107 -0.009550 -0.032924 -0.039291 0.010792 0.027853 0.003792 0.001201 0.001067 -0.099082 -0.302794 -0.204912 -0.005685 -0.000326 0.000208 -0.016540 -0.055042 -0.104632 -0.049314 -0.002697 0.002309 0.028741 0.036110 -0.025946 -0.050887 -0.011989 -0.000000 0.006650 0.021331 0.040802 0.007635 0.196031 0.088445 -0.036685 -0.004728
0.012404 -0.005693 -0.091655 -0.024371 -0.022315 -0.007716 0.000012 0.013002 0.024708 0.073222 0.172076 -0.063635 -0.422147 -0.708320 -0.951056 -1.127468 -0.460041 -0.493076 -0.359299 -0.129858 -0.046366 -0.091210 -0.029212 -0.012670 -0.000130 0.000130 -0.062532 -0.059917 -0.043541 -0.001104 0.000072 0.008680 0.020171 -0.128266 -0.358236 -0.342213 -0.033531 -0.007002 0.000003 -0.024944 -0.010399 -0.069582 -0.046001 -0.000932 0.000470 0.010436 -0.004923 -0.042826 -0.045315 -0.018449 -0.000006 0.009543 0.037506 0.078448 0.553272 0.423238 0.206078 -0.021154 -0.005048
0.183158 0.214658 0.173317 0.190580 0.185251 -0.003730 -0.000112 0.000341 0.005052 0.012089 0.005653 -0.077102 -0.173175 -0.912985 -1.214005 -0.121683 -0.097081 -0.116834 -0.101330 -0.041619 -0.003453 -0.005820 -0.033787 -0.007238 -0.000360 0.000360 0.009527 -0.010494 -0.065844 -0.015531 -0.000416 0.000350 0.012515 -0.070532 -0.196078 -0.279935 -0.329548 -0.022880 -0.027957 -0.039826 -0.003208 -0.004412 -0.007292 -0.001084 -0.000589 -0.000006 -0.000382 -0.005559 -0.040147 -0.026253 -0.000103 0.001615 0.035223 0.104499 -0.280984 -0.255936 -0.046849 -0.039223 -0.030859
0.087415 0.195300 0.049746 0.144185 0.307254 0.330736 0.012655 -0.000635 0.000041 0.003287 0.002890 -0.321156 -0.578582 -3.874574 -0.296076 -0.111935 -0.045263 -0.060788 -0.160723 -0.164968 -0.015692 -0.003224 -0.014757 -0.009515 -0.000360 0.000360 0.013767 -0.091072 -0.255971 -0.025265 -0.000907 0.000620 0.012351 0.051413 -0.045453 -0.246225 -0.483666 -0.219444 -0.088831 -0.040096 -0.021874 -0.006822 -0.020252 -0.010192 -0.000572 -0.000326 0.000046 0.000364 0.001262 0.000669 0.000797 0.003970 0.026868 0.044281 0.130058 -0.133203 -0.097636 -0.041156 -0.021529
0.293011 0.117523 -0.150741 -0.424109 -0.398232 -0.310682 -0.200676 -0.093342 -0.292646 -0.746977 -0.711426 -1.591430 -2.268112 -1.251465 -0.291830 -0.324309 -0.279149 -0.078709 -0.099420 -0.658454 -0.010192 -0.002463 -0.003889 -0.000382 0.000562 0.000010 0.015068 0.025661 -0.102295 -0.016626 -0.000898 0.000248 0.024100 0.107702 0.047021 -0.180086 -0.437191 -0.329491 -0.155631 -0.104617 -0.083229 -0.060317 -0.036320 -0.024406 -0.006229 -0.000000 0.000334 0.000306 0.000845 0.000838 0.000532 0.016969 0.026260 0.046229 0.104005 -0.090176 -0.084145 -0.023410 -0.017923
0.147028 -0.814385 -1.096860 -1.106442 -1.295240 -1.073051 -0.949107 -0.689643 -1.325137 -1.200299 -1.342106 -1.045588 -0.702473 -0.191141 -0.196883 -0.298993 -0.372930 -0.352556 -0.111859 -0.589775 -0.560380 -0.025842 -0.010310 -0.000012 0.030396 0.029171 0.396989 0.310575 0.083536 -0.437373 -0.030088 0.000000 0.023510 0.066682 0.016074 -0.005429 -0.062320 -0.281801 -0.267523 -0.185888 -0.148270 -0.117813 -0.079611 -0.042184 -0.008320 -0.000008 0.000580 0.000603 0.000646 0.000009 0.011412 0.020803 0.028003 0.084211 0.119144 0.011612 -0.168563 -0.022911 -0.025405
-0.845143 -1.480926 -1.697363 -1.738227 -1.894449 -2.004257 -2.202905 -2.145832 -2.394296 -1.396210 -1.264015 -1.076850 -0.579651 -0.035830 -0.024063 -0.029605 -0.022766 -0.020040 -0.080810 -0.136185 -0.968740 -0.281417 -0.099610 -0.036838 -0.000001 0.085070 0.368675 0.285002 0.177292 -0.036857 -0.007493 0.000004 0.010277 0.034111 0.096134 0.023294 -0.001774 -0.024009 -0.154104 -0.234089 -0.191194 -0.169026 -0.132441 -0.092463 -0.029760 -0.000422 -0.000101 0.000079 0.000287 0.000387 0.007538 0.009627 0.013845 0.079329 0.161847 0.106916 -0.071211 -0.027569 -0.009131
-0.002070 0.355091 0.659314 0.636389 0.033603 -0.592818 -0.922051 -0.794474 -0.765780 -0.350551 -0.595702 -0.818978 -0.214145 -0.022885 -0.010584 -0.000388 -0.000372 0.000145 0.000492 0.000861 -0.432725 -0.664859 -0.022330 -0.002315 -0.000043 0.002023 -0.075108 -0.222286 -0.055265 -0.006608 -0.000323 0.000216 0.010752 0.037582 0.091272 -0.008081 -0.004899 -0.001753 -0.003909 -0.032174 -0.043675 -0.020515 -0.011516 -0.075870 -0.079897 -0.036247 -0.000473 -0.000974 -0.001222 0.003164 0.002607 0.035947 0.178942 0.060744 0.028102 -0.015837 -0.092821 -0.029359 -0.015096
-1.066329 -0.543060 -0.264110 -0.003872 0.000003 0.006891 0.119506 0.090600 -0.005678 0.000007 0.009505 -0.742294 -0.432028 -0.023977 -0.011108 -0.000609 -0.000539 0.000539 0.000609 0.193458 0.819808 -0.122482 -0.037015 -0.024083 -0.000049 0.014160 0.018170 -0.119909 -0.091250 -0.013138 -0.000965 0.000392 0.007144 0.030965 0.035260 -0.077778 -0.046126 -0.009914 -0.000711 -0.001649 -0.020087 -0.009222 -0.001974 -0.004601 -0.008034 -0.012813 -0.005691 -0.005377 -0.001073 0.001361 0.033224 0.074781 0.030057 0.024521 0.002485 -0.011732 -0.073980 -0.031808 -0.022991
-0.492659 -0.447278 -0.020339 -0.000222 0.000222 0.005175 0.025515 -0.000428 -0.000090 0.000240 0.008864 -0.328622 -0.410892 -0.049020 -0.033191 -0.008421 -0.000369 0.000369 0.018221 -0.144920 -0.217557 -0.047513 -0.036070 -0.003545 -0.000632 0.000340 -0.024644 -0.130308 -0.111821 -0.002980 -0.004241 -0.000269 0.001180 0.013139 0.027667 -0.011068 -0.008620 -0.000652 -0.001552 -0.001397 -0.001101 -0.001747 -0.002433 -0.006157 -0.013418 -0.018934 -0.015357 -0.011126 -0.000837 0.000898 0.025238 0.065204 0.011687 0.002043 0.000693 0.008457 0.029498 0.000176 -0.083298
-0.439960 -0.026697 -0.016317 -0.001821 0.001811 -0.008658 0.007958 -0.006214 0.000000 0.000988 0.001260 0.001520 -0.036036 -0.050956 -0.019362 -0.005315 -0.000429 -0.000653 -0.002279 -0.132638 -0.077786 -0.044592 -0.041278 -0.038301 -0.009590 -0.000000 0.006388 0.010421 -0.066384 -0.004499 -0.009922 -0.011425 -0.002358 -0.001038 -0.002842 -0.018906 -0.008301 -0.000896 -0.002717 -0.000872 -0.000808 -0.000804 -0.001306 -0.002015 -0.002281 0.000000 -0.000026 -0.000990 -0.000401 0.000412 0.005185 0.001224 -0.000979 -0.000015 0.001118 0.011551 0.018504 0.004368 -0.028842
-0.056319 -0.055714 -0.032355 -0.001751 0.001700 0.100213 0.031973 -0.002395 -0.001034 -0.000027 0.001619 0.293503 0.102151 -0.087172 -0.043874 -0.045474 -0.051785 -0.063640 -0.036493 -0.006693 -0.036581 -0.019892 -0.004314 -0.013351 -0.007725 -0.000000 0.009433 0.018325 -0.127932 -0.188636 -0.009939 -0.020755 -0.011527 -0.014727 -0.037983 -0.017378 -0.008261 0.000000 -0.002205 -0.000733 -0.000114 0.000623 0.000327 -0.000782 -0.001562 -0.000664 0.000030 0.004857 0.001665 -0.001619 -0.008636 -0.030034 -0.010958 0.000000 0.013696 0.026370 0.025475 0.023685 0.093628
-0.039941 -0.036932 -0.011231 -0.000479 0.000420 0.038174 -0.053339 -0.006816 -0.199449 -0.205799 -0.393056 -0.484727 -0.602809 -0.261701 -0.324266 -0.151345 -0.090339 -0.045055 -0.012714 -0.000475 -0.056425 -0.086540 -0.041246 -0.012976 -0.013086 -0.000000 0.007524 0.024793 0.328858 -0.035743 -0.068051 -0.039509 -0.021684 -0.032460 -0.071537 -0.030333 -0.012008 0.000000 0.000813 0.000328 0.000559 0.000601 0.000584 0.000389 0.000459 0.001039 0.000001 0.028499 0.375405 -0.052948 -0.046925 -0.026316 -0.004433 -0.000440 0.004773 0.028832 0.029849 0.031149 0.139601
0.036718 -0.051483 -0.017403 -0.001112 0.000823 0.038176 -0.391778 -0.583250 -0.474686 -0.459368 -0.386750 -0.555977 -0.643484 -0.364165 -0.547840 -0.228693 -0.079664 -0.040639 -0.019609 -0.008125 -0.016594 -0.041413 -0.029140 -0.084421 -0.021118 -0.000004 0.013098 0.027090 0.020055 0.085636 -0.045261 -0.082660 -0.008656 -0.017448 -0.059499 -0.022463 -0.000827 0.000209 0.001269 0.000612 0.000369 0.011433 0.015520 0.655869 0.743039 0.810072 0.454687 -0.106995 -0.364238 -0.348959 -0.195542 -0.027794 -0.017604 -0.000030 0.023722 0.055916 0.110945 0.184118 0.218877
0.049988 -0.058372 -0.017960 -0.000867 0.000223 0.000421 -0.535248 -0.517719 -0.445141 -0.151719 -0.026653 0.106136 -0.004905 -0.467157 -1.202710 -0.137395 -0.022276 -0.037027 -0.028042 -0.010445 -0.003605 -0.013975 -0.048253 -0.025020 -0.023213 -0.000172 0.000488 0.017445 0.636763 0.277907 -0.455294 -0.044900 -0.000745 -0.000642 -0.001041 -0.000163 0.001217 0.015228 0.106084 0.022175 0.292089 0.431561 0.618362 0.676812 0.026644 0.322666 0.162043 -0.117302 -0.224249 -0.262304 -0.359485 -0.077683 -0.019850 -0.000644 0.000636 0.010299 0.025276 0.041929 0.046240
0.035444 -0.038659 -0.019809 -0.006318 0.000000 0.008358 0.017450 -0.038768 -0.150982 -0.144891 -0.097244 -0.107885 -0.638820 -0.083933 -0.277086 -0.387902 -0.203147 -0.004727 -0.015675 -0.034057 -0.030276 -0.026661 -0.021778 -0.023238 -0.008251 -0.000005 0.007542 0.016623 -0.589408 -0.256270 -0.510945 -0.021626 -0.008059 -0.000473 0.000270 0.004805 0.003304 0.015170 0.261551 0.426850 0.291439 0.200547 -0.034320 -0.000204 0.000205 0.002076 0.059116 0.137876 0.154289 0.224178 0.167532 -0.070629 -0.027127 -0.001929 0.001012 0.002018 0.016204 0.056985 0.011412
-0.178244 -0.424015 -0.013286 -0.003663 0.000000 0.005378 0.017445 0.036301 0.487743 0.843674 1.110425 1.033104 0.771948 -0.004228 -0.019519 -0.067974 -0.133714 -0.210670 -0.306918 -0.054828 -0.045311 -0.035929 -0.011868 -0.001197 -0.000631 0.000290 0.005338 0.036075 -0.035865 -0.135305 -0.024408 -0.019182 -0.012543 -0.000965 0.000000 0.000965 0.019806 0.194265 0.088114 0.041039 0.020431 -0.045251 -0.013292 -0.000334 0.000674 -0.118915 0.017580 0.313991 0.170498 0.034897 -0.053366 -0.020679 -0.002842 -0.002796 0.002347 0.003452 0.031000 0.041147 0.010452
