use_cases/Flooding_chicago/flooding_data/output/hUx_2460.asc
ncols 337
nrows 393
xllcorner 428428.000000
yllcorner 4602440.000000
cellsize 26.757400
NODATA_value -9999.000000
[rows 52 to 77 of 393, columns 236 to 294 of 337]
-0.006861 -0.000569 0.000247 0.000554 0.004162 0.004646 -9999.000000 -9999.000000 -9999.000000 -9999.000000 -9999.000000 -9999.000000 -9999.000000 -9999.000000 -9999.000000 -9999.000000 -9999.000000 -9999.000000 -9999.000000 -9999.000000 -9999.000000 -9999.000000 -9999.000000 -9999.000000 -9999.000000 -9999.000000 -9999.000000 -9999.000000 -9999.000000 -9999.000000 -9999.000000 -9999.000000 -9999.000000 -9999.000000 -9999.000000 -9999.000000 -9999.000000 -9999.000000 -9999.000000 -9999.000000 -9999.000000 -0.000219 -0.085247 -0.071536 0.106962 0.204502 0.376788 0.337464 0.323397 0.266470 -0.000520 0.000236 0.018434 0.018749 0.007342 0.003276 0.003773 -0.229336 -0.247997
-0.006778 -0.000394 0.000331 0.010243 0.019367 0.029294 -9999.000000 -9999.000000 -9999.000000 -9999.000000 -9999.000000 -9999.000000 -9999.000000 -9999.000000 -9999.000000 -9999.000000 -9999.000000 -9999.000000 -9999.000000 -9999.000000 -9999.000000 -9999.000000 -9999.000000 -9999.000000 -9999.000000 -9999.000000 -9999.000000 -9999.000000 -9999.000000 -9999.000000 -9999.000000 -9999.000000 -9999.000000 -9999.000000 -9999.000000 -9999.000000 -9999.000000 -9999.000000 -9999.000000 -9999.000000 -0.000360 0.000360 -0.117875 -0.183108 -0.198877 -0.122269 -0.055681 0.079444 0.190067 0.200663 -0.001148 -0.000187 0.001072 0.044445 0.164323 0.045241 0.000233 -0.383899 -0.205160
-0.009117 -0.000180 0.000174 0.007008 0.032081 0.036957 -9999.000000 -9999.000000 -9999.000000 -9999.000000 -9999.000000 -9999.000000 -9999.000000 -9999.000000 -9999.000000 -9999.000000 -9999.000000 -9999.000000 -9999.000000 -9999.000000 -9999.000000 -9999.000000 -9999.000000 -9999.000000 -9999.000000 -9999.000000 -9999.000000 -9999.000000 -9999.000000 -9999.000000 -9999.000000 -9999.000000 -9999.000000 -9999.000000 -9999.000000 -9999.000000 -9999.000000 -9999.000000 -9999.000000 -9999.000000 -0.000360 0.000360 -0.140006 -0.192388 -0.257642 -0.260006 -0.314399 -0.254078 -0.157133 -0.256715 -0.034197 -0.000999 0.000955 0.037935 0.153318 0.040171 0.000009 -0.117681 -0.194857
-0.039104 -0.000069 0.000067 0.001009 0.003160 0.015433 -9999.000000 -9999.000000 -9999.000000 -9999.000000 -9999.000000 -9999.000000 -9999.000000 -9999.000000 -9999.000000 -9999.000000 -9999.000000 -9999.000000 -9999.000000 -9999.000000 -9999.000000 -9999.000000 -9999.000000 -9999.000000 -9999.000000 -9999.000000 -9999.000000 -9999.000000 -9999.000000 -9999.000000 -9999.000000 -9999.000000 -9999.000000 -9999.000000 -9999.000000 -9999.000000 -9999.000000 -9999.000000 -9999.000000 -9999.000000 -0.735298 -0.639684 -0.363584 -0.325908 -0.245724 -0.139972 -0.079694 -0.000399 0.075088 0.091530 -0.019937 -0.001159 0.000875 0.032816 0.153598 0.046759 -0.048971 -0.301664 -0.344225
0.065294 0.047564 0.010786 0.061697 0.088883 0.066996 0.021519 0.011577 0.003399 -9999.000000 -9999.000000 -9999.000000 -9999.000000 -9999.000000 -9999.000000 -9999.000000 -9999.000000 -9999.000000 -9999.000000 -9999.000000 -9999.000000 -9999.000000 -9999.000000 -9999.000000 -9999.000000 -9999.000000 -9999.000000 -9999.000000 -9999.000000 -9999.000000 -9999.000000 -9999.000000 -9999.000000 -9999.000000 -9999.000000 -9999.000000 -9999.000000 -9999.000000 -9999.000000 -9999.000000 -0.548480 -0.509086 -0.331511 -0.002973 0.173712 0.267162 0.335402 0.338343 0.397863 0.334071 -0.018616 -0.007412 0.000000 0.023816 0.028425 -0.087840 -0.368137 -0.556085 -0.547826
0.104051 0.052423 0.104908 0.129196 0.139391 0.072432 0.040002 0.015555 0.005024 -9999.000000 -9999.000000 -9999.000000 -9999.000000 -9999.000000 -9999.000000 -9999.000000 -9999.000000 -9999.000000 -9999.000000 -9999.000000 -9999.000000 -9999.000000 -9999.000000 -9999.000000 -9999.000000 -9999.000000 -9999.000000 -9999.000000 -9999.000000 -9999.000000 -9999.000000 -9999.000000 -9999.000000 -9999.000000 -9999.000000 -9999.000000 -9999.000000 -9999.000000 -9999.000000 0.000000 -0.317423 -0.357951 0.005803 0.597436 0.825007 0.693694 0.380782 0.157681 -0.088724 -0.587561 -0.050229 -0.000946 -0.000237 0.002803 -0.093570 -0.111064 -0.295117 -0.198471 0.002469
0.094518 0.041313 0.132766 0.154456 0.127344 0.224103 0.417690 0.259293 0.265321 0.151537 0.074855 -9999.000000 -9999.000000 -9999.000000 -9999.000000 -9999.000000 -9999.000000 -9999.000000 -9999.000000 -9999.000000 -9999.000000 -9999.000000 -9999.000000 -9999.000000 -9999.000000 -9999.000000 -9999.000000 -9999.000000 -9999.000000 -9999.000000 -9999.000000 -9999.000000 -9999.000000 -9999.000000 -9999.000000 -9999.000000 -9999.000000 -9999.000000 -9999.000000 -0.004726 -0.164521 -0.314935 -0.136978 -0.090692 -0.142291 -0.304197 -0.456739 -0.537450 -0.717277 -0.840193 -0.994913 -0.114106 -0.001517 -0.155064 -0.546563 -0.667683 -0.771566 -0.664697 -0.852646
0.004578 0.037499 0.181250 0.086064 0.000000 0.038362 0.019246 0.101412 0.230203 0.138187 0.420728 -0.033504 -0.000492 -0.000641 0.000000 -9999.000000 -9999.000000 -9999.000000 -9999.000000 -9999.000000 -9999.000000 -9999.000000 -9999.000000 -9999.000000 -9999.000000 -9999.000000 -9999.000000 -9999.000000 -9999.000000 -9999.000000 -9999.000000 -9999.000000 -9999.000000 -9999.000000 -9999.000000 -9999.000000 -9999.000000 -9999.000000 -9999.000000 0.000169 -0.121268 -0.797582 -1.256385 -2.053382 -2.111019 -2.583983 -2.826377 -3.500172 -3.636917 -4.130882 -2.024969 -2.438902 -2.192004 -1.852758 -1.574644 -2.003780 -1.105019 -0.582329 -0.074875
0.007751 0.060098 -0.134672 -0.007200 0.000000 0.009611 0.023351 0.064140 0.318873 0.348618 0.321491 0.292169 0.314667 0.190461 -0.182034 -0.003663 0.000000 -9999.000000 -9999.000000 -9999.000000 -9999.000000 -9999.000000 -9999.000000 -9999.000000 -9999.000000 -9999.000000 -9999.000000 -9999.000000 -9999.000000 -9999.000000 -9999.000000 -9999.000000 -9999.000000 -9999.000000 -9999.000000 -9999.000000 -9999.000000 -9999.000000 0.000000 0.005875 0.009703 0.194328 0.146857 0.052858 -0.104560 -0.275703 -0.393644 -0.608797 -0.696814 -0.861820 -1.151175 -0.443648 -1.446965 -1.334520 -1.189638 -1.015477 -0.535771 -0.118213 -0.285569
-0.016731 -0.080394 -0.013894 -0.007722 0.000000 0.011861 0.212732 0.042472 -0.012189 0.116516 0.288136 0.335099 0.443316 0.389482 0.045063 -0.038566 -0.005303 0.000000 -9999.000000 -9999.000000 -9999.000000 -9999.000000 -9999.000000 -9999.000000 -9999.000000 -9999.000000 -9999.000000 -9999.000000 -9999.000000 -9999.000000 -9999.000000 -9999.000000 -9999.000000 -9999.000000 -9999.000000 -9999.000000 -9999.000000 -0.000945 0.000491 0.032602 0.494580 0.322820 0.397693 0.778151 0.507471 0.403250 0.329156 0.162167 -0.028699 -0.283976 -0.753551 -0.143689 -0.000557 0.054138 0.148118 0.118910 -0.077584 -0.103296 -0.229400
-0.147515 -0.107074 -0.015821 -0.007178 0.000000 0.021779 0.218835 0.211841 0.259341 0.321895 0.358494 0.503156 0.678722 0.682730 0.473291 0.722368 0.938423 0.289709 0.000724 -0.075609 -0.004056 -0.000185 -9999.000000 -9999.000000 -9999.000000 -9999.000000 -9999.000000 -9999.000000 -9999.000000 -9999.000000 -9999.000000 -9999.000000 -9999.000000 -9999.000000 -9999.000000 -9999.000000 -9999.000000 -0.001055 0.001040 0.031078 0.434849 0.266956 0.388867 0.684658 0.664396 0.547920 0.519042 0.368254 0.139461 0.042467 -0.316850 -0.103563 -0.010063 0.000000 -0.018895 -0.035243 -0.061107 -0.059305 -0.004613
-1.144338 -0.064859 -0.026824 -0.012302 0.000000 0.006564 0.009647 0.309670 0.552854 0.482783 0.146119 0.095859 0.049233 0.219799 0.712932 0.587021 0.557252 0.111443 0.016804 -0.012731 -0.125247 -0.007486 -0.000003 0.007574 0.017110 0.004078 -9999.000000 -9999.000000 -9999.000000 -9999.000000 -9999.000000 -9999.000000 -9999.000000 -9999.000000 -9999.000000 -9999.000000 -9999.000000 -0.001228 0.001239 0.035235 0.359692 0.225454 0.371881 0.700295 0.636160 0.589171 0.646970 0.479763 0.401433 0.334671 -0.060599 -0.042530 -0.007582 0.000000 -0.019396 -0.007366 -0.011324 -0.018304 -0.009557
-0.087020 -0.017566 -0.001274 -0.000294 0.000340 0.014677 0.021248 0.089358 0.011435 0.014831 0.027697 0.053822 0.093338 0.775423 0.906426 0.668849 0.558954 0.170304 0.034339 0.029683 -0.061630 -0.007193 -0.000208 0.000326 0.004962 0.005360 0.003907 0.001745 0.000698 0.000836 0.383713 1.546495 2.735301 0.352349 -0.349255 -0.017325 -0.008843 0.000000 0.003600 0.001921 0.091051 0.135333 0.284204 0.460588 0.354945 0.338247 0.335312 0.324605 0.275244 0.187433 -0.119476 -0.686184 -0.136996 -0.035394 -0.044259 -0.012498 -0.016135 -0.060161 -0.032130
-0.019090 -0.007736 -0.000655 0.000447 0.022895 0.033531 0.416279 0.154156 0.118649 0.035685 0.017545 0.022532 -0.045522 -0.000036 -0.048085 -0.093407 -0.028705 0.047355 -0.000360 0.000360 0.023426 0.176694 -0.000061 0.000070 0.040098 0.537282 0.543410 1.342982 1.866127 2.654003 2.411224 4.016681 3.215219 0.473456 -0.402475 -0.028714 -0.014012 0.000000 0.017046 0.054035 0.521401 0.534660 0.287214 0.084495 -0.009707 -0.014838 0.014280 0.030262 0.013298 -0.049531 -0.320700 -0.033866 -0.064126 -0.023304 -0.072072 -0.024677 -0.000532 -0.001302 -0.002422
-0.001006 -0.000407 0.000100 0.009619 0.032319 0.339417 0.011899 -0.141840 -0.133582 -0.106738 -0.037330 0.008799 -0.080409 -0.000863 0.000763 0.065591 0.219147 0.138665 -0.000360 0.000360 0.221769 1.025891 1.177616 1.327714 1.482030 2.939650 2.684281 2.410102 2.501147 2.857898 2.293455 2.662540 1.386301 0.326707 -0.320232 -0.031567 -0.013858 0.000000 0.015996 0.074296 0.530249 0.445858 -0.120078 -0.132796 -0.086995 -0.069651 -0.009075 0.070143 0.040537 -0.154257 -0.472411 -0.066487 -0.024625 -0.013973 -0.000849 -0.001217 -0.000169 -0.000152 0.000308
-0.002372 -0.001774 0.002592 0.007743 0.006643 0.049818 0.679625 0.387846 0.366509 0.292350 0.241536 0.083679 -0.045931 -0.001303 0.000980 0.001056 0.486046 0.409342 0.000251 0.135130 0.125805 0.416138 0.881691 1.507334 1.545373 1.386473 1.745583 2.142265 1.449622 1.617356 2.535890 2.138103 1.577550 -0.007114 -0.053107 -0.229158 -0.008033 0.000000 0.013674 0.136419 0.286991 0.165247 0.342929 0.825119 0.270773 0.098190 -0.011485 -0.032387 -0.002250 0.001756 -0.000734 -0.004430 -0.023420 -0.024464 -0.026445 -0.014374 -0.005208 0.000005 0.007930
-0.001961 -0.001434 0.002233 0.056596 0.122291 0.114022 0.356446 0.185824 0.125248 0.142523 0.046974 0.028238 0.016535 -0.000634 0.000705 0.008011 0.011561 0.487915 0.432645 0.436124 0.615653 0.491311 0.390552 0.407828 0.213171 0.980593 1.151650 1.051086 1.661417 1.787402 1.933209 1.729071 1.228936 0.194901 -0.111455 -0.176639 -0.038261 0.000000 0.007588 0.321884 0.125369 0.040770 0.282352 0.261050 0.005391 -0.007591 -0.022182 -0.008015 -0.002362 -0.000330 0.000396 -0.253861 -0.027346 -0.030077 -0.017986 -0.009595 -0.000222 0.000222 0.003946
-0.017540 -0.008768 -0.000375 0.000143 0.014617 0.024805 0.032291 0.015643 -0.084819 -0.000582 -0.000780 -0.000842 0.000035 0.001204 0.001072 0.006565 0.278919 0.788825 0.852842 0.765553 1.011297 0.712730 0.451519 0.429198 0.227826 0.217784 1.190643 1.702612 1.690867 1.391262 1.412607 1.259469 0.741761 0.246830 0.045539 -0.136594 -0.022776 0.000000 0.074911 -0.163183 -0.231235 -0.175927 0.105966 0.102660 -0.088822 0.000000 -0.008852 -0.009650 -0.011052 -0.000401 0.000555 -0.095398 -0.259472 -0.022032 -0.015161 -0.008610 -0.000005 0.000589 0.000615
-0.012967 -0.023251 -0.010464 -0.000032 0.015093 0.025799 0.027493 0.037799 0.022192 -0.039163 -0.039222 -0.001566 0.000732 0.001402 -0.002113 0.062445 0.554711 0.805947 1.013471 1.017854 1.565592 0.949952 0.537331 0.630013 0.976334 1.230783 1.323896 1.254514 2.130653 1.618576 1.115229 0.865472 0.315487 -0.491531 -0.960676 -1.541754 -0.726942 -0.942077 -1.254251 -1.099725 -1.152814 -1.092753 -0.827970 -0.343713 -0.036358 -0.024640 -0.027061 -0.031359 -0.036024 -0.000013 -0.082629 -0.101566 -0.260929 -0.034741 -0.017098 -0.000329 0.000313 0.000268 -0.000310
-0.088914 -0.029706 -0.011699 -0.000760 0.000113 0.010829 0.027057 0.026171 0.027230 0.042086 0.020034 -0.001011 0.000783 0.016264 0.568253 0.840535 0.929518 0.944504 1.120620 1.115697 0.937037 0.624573 0.622715 0.508108 0.847914 1.341486 1.602042 1.273688 1.179825 0.204068 0.051191 0.194466 0.335859 0.064604 -0.556353 -0.830644 -1.347962 -0.943101 -1.422392 -1.434671 -1.455197 -1.724017 -1.583100 -0.901203 -0.339273 -0.220609 -0.185503 -0.084548 -0.128087 -0.483337 -0.102580 -0.485109 -0.281001 -0.015471 -0.008779 -0.000008 -0.000391 -0.003554 -0.010140
-0.368516 -0.191125 -0.064418 -0.014621 0.000000 0.008860 0.015699 0.026055 0.038957 0.064245 0.033755 -0.000447 0.000589 0.496477 0.377838 0.321452 0.319077 0.275454 0.106999 0.000985 0.001652 -0.008901 -0.232432 -0.199011 0.082739 0.425064 0.927979 0.912824 0.140614 0.282905 0.056537 0.275974 -0.131076 -0.606060 -1.043935 -1.267674 -0.812521 -0.680203 -0.023867 -0.550806 -1.216693 -1.188755 -1.235214 -0.716903 -0.333649 -0.247629 -0.148586 -0.190034 -0.064234 -0.036129 -0.092481 -0.123416 -0.090383 -0.293278 -0.035605 -0.001317 -0.002941 -0.023521 -0.023017
-0.293115 -0.071865 -0.052536 -0.017431 0.000000 0.012314 0.017644 0.019475 0.042807 0.092333 0.052921 -0.000018 0.013525 0.537983 0.293546 0.065023 -0.110473 -0.184108 -0.395276 -0.000013 0.003926 0.003610 0.200121 0.200979 0.321273 0.512296 0.520426 0.076750 0.000496 0.016297 0.135233 -0.008377 -0.399758 -0.487999 -0.287693 -0.228919 -0.030514 -0.005775 0.000005 0.009039 0.788247 0.262274 0.032900 -0.134456 -0.015573 0.048676 0.066953 -0.017231 -0.086640 -0.186567 -0.177738 0.002093 -0.204682 -0.038381 -0.032249 -0.000033 -0.053473 -0.017783 -0.001715
-0.000671 -0.010755 -0.026406 -0.018278 0.000000 0.006934 0.031533 0.108506 0.030738 0.200896 0.223796 0.211208 0.570346 0.399278 0.256229 0.441072 0.010275 -0.145891 -0.444368 -0.000401 0.000555 0.018307 0.530198 0.514532 0.031852 -0.241621 -0.067669 -0.068487 -0.000900 0.000018 0.153507 1.141533 0.213079 0.131747 0.077295 -0.053704 -0.006039 -0.000222 0.000222 0.003946 0.233843 1.054220 0.977114 0.143223 0.152211 0.204998 0.142189 -0.041231 -0.000151 0.000099 -0.095534 -0.009256 -0.000200 0.000033 0.000894 0.005596 0.018832 -0.043441 -0.007788
-0.000005 0.000263 0.001179 0.000799 0.004903 0.018277 0.020355 0.175318 0.367002 0.327634 0.303739 0.254930 0.124510 0.214414 0.156779 0.157139 0.054843 -0.135853 -0.011241 -0.000330 0.000396 0.168555 0.530114 0.381765 0.125318 -0.113037 -0.402468 -0.871982 -0.299269 -0.188305 -0.609455 -0.683374 -0.356761 -0.004375 -0.355527 -0.015178 -0.001437 -0.000276 0.000424 0.014984 1.574307 2.167961 1.631702 0.411514 -0.029910 -0.096331 -0.157790 -0.012475 -0.000299 -0.000187 -0.000117 -0.000918 -0.000222 0.000222 0.008674 0.036371 0.108913 1.394861 1.299349
-0.000222 0.000222 0.007375 0.016154 0.019529 0.024784 0.077304 0.163377 0.053191 0.022158 0.698726 0.173210 0.093947 0.151925 0.097943 0.374610 0.221367 0.000000 -0.001111 -0.000649 -0.025023 0.257144 0.230864 0.020655 -0.529195 -0.917319 -1.772861 -1.912765 -1.335618 -1.346467 -2.788373 -2.782883 -0.848426 -0.710519 -0.452267 -0.538272 -0.035912 -0.000016 0.028505 0.602514 2.393117 2.152107 1.451286 0.554704 0.205393 -0.436070 -0.027343 -0.007740 -0.000339 0.000240 0.000379 0.001084 0.000181 0.000246 0.001020 0.034822 0.251845 0.552928 1.173066
-0.000070 0.000070 0.008819 0.024677 0.069849 0.119008 0.063141 0.077720 -0.000000 0.029972 0.090584 0.063022 0.473845 0.196067 0.044971 -0.103784 -0.026662 -0.000000 -0.033136 -0.081182 -0.179699 0.034961 0.191073 0.102525 -0.333909 -0.927815 -1.999323 -2.530348 -3.091728 -3.457515 -4.056082 -5.410120 -4.063849 -1.843973 -1.189138 -1.040009 -0.042292 -0.000001 0.052181 1.898902 3.042148 2.581614 1.612118 0.690897 0.795708 0.401760 -0.021573 -0.012093 -0.000001 0.020208 0.044085 0.069950 0.014693 0.004097 0.000031 0.013446 0.386100 0.592082 0.721399
