use_cases/Flooding_chicago/flooding_data/output/hUx_2040.asc
ncols 337
nrows 393
xllcorner 428428.000000
yllcorner 4602440.000000
cellsize 26.757400
NODATA_value -9999.000000
[rows 182 to 207 of 393, columns 59 to 117 of 337]
0.005878 0.020646 0.005872 0.004248 0.002843 0.001887 0.001439 0.012130 0.028797 0.239547 -0.001162 0.000736 0.012869 0.022947 0.006553 0.089701 0.047101 -0.166126 -0.361654 -0.437405 -0.335555 -0.142302 -0.031339 -0.005800 -0.000222 0.000222 0.011581 0.089967 0.017061 0.000024 0.773344 0.914354 0.235546 -0.018620 -0.550768 -0.018065 -0.000401 0.000555 0.006855 0.131874 0.177930 0.346941 0.733864 1.082890 1.610011 2.166545 3.493831 3.466865 2.807717 2.337834 1.794831 1.957276 0.776171 0.554068 0.321181 0.068307 -0.029151 0.000000 0.009944
0.005878 0.014730 0.003639 0.002126 0.002412 0.001961 0.001225 0.004521 0.004335 0.007520 -0.002116 0.000695 0.001845 0.011783 0.028101 0.096971 0.169899 -0.078021 -0.356761 -0.086990 -0.002122 -0.007383 -0.022105 -0.056417 -0.005786 -0.000020 0.000428 0.004084 0.005753 0.000960 0.008530 -0.279314 -0.483902 -0.379199 -0.019639 -0.014912 -0.000330 0.000396 0.006778 0.171446 0.101626 0.076532 0.305967 1.009034 1.480738 2.879449 3.408341 2.714670 1.856285 0.869818 0.615335 0.430216 0.236978 -0.004955 -0.276391 -0.491253 -0.832759 -0.000088 0.000703
0.000526 0.002380 0.001324 0.001765 0.000556 0.000604 0.000428 0.019847 0.079380 -0.032737 -0.002637 0.000550 0.002574 0.016997 0.022735 0.058045 0.367486 0.044913 -0.459080 -0.049788 -0.000519 0.000233 0.010285 0.015341 0.117677 0.002034 0.000814 0.001573 0.001105 0.009200 0.286024 -0.166922 -0.275348 -0.416387 -0.009201 -0.001339 -0.000039 0.000267 0.013804 0.181964 0.006697 0.006506 0.274397 0.704636 1.249847 1.410385 1.417165 0.914782 0.591084 0.529999 0.874119 0.537103 0.456452 0.366462 0.424582 0.531464 0.315295 0.175083 0.007503
0.001265 0.007729 0.006805 0.018606 0.007042 0.002175 0.000870 -0.004083 0.000766 -0.001677 -0.003009 0.000000 0.007755 0.017491 0.035682 0.011553 0.234459 0.156038 -0.469253 -0.021208 -0.001158 -0.000286 0.001025 0.015750 0.013150 0.015282 0.003966 0.003667 0.001868 -0.682439 -0.857633 -0.708401 -0.194915 0.104895 0.076679 0.052571 -0.144223 -0.298255 -0.375567 -0.067366 -0.200218 -0.114801 0.326112 0.964922 1.127265 1.314905 1.351684 0.848170 0.549463 0.519014 1.004733 0.698891 0.556608 0.492260 0.499402 0.531076 0.299086 0.174842 0.110774
0.057979 0.025489 0.019980 0.101507 0.273626 0.182695 0.105863 0.048285 0.019695 0.015788 -0.001078 0.001144 0.013010 0.030773 0.035932 0.003193 0.075720 0.364051 0.151640 -0.258549 -0.009637 -0.001296 0.000801 0.001271 0.026772 0.085959 0.424912 0.935728 1.753369 1.635999 1.521708 1.391035 1.409347 1.394125 0.976724 0.731620 0.739012 0.590808 0.402929 0.234539 0.140028 0.328997 0.650657 0.925409 0.982170 1.020315 0.758635 0.627961 0.346765 0.322708 0.057319 0.143524 -0.056780 -0.122624 -0.031597 0.019490 0.011340 0.000510 -0.007552
0.063313 0.023204 0.014911 0.006800 0.017295 0.212924 0.129977 0.140855 -0.041766 -0.039325 -0.000804 0.000851 0.023827 0.027473 0.150676 0.066694 -0.052434 0.067841 0.217648 0.157002 -0.037282 -0.000749 0.000131 0.000833 0.013600 0.034415 0.924653 1.583504 2.104760 1.842210 1.922014 1.604949 1.951032 1.609414 1.176987 1.341057 1.181886 1.138440 0.866792 0.842225 0.754199 0.680950 0.613650 0.791966 0.863919 0.876155 0.595693 0.347970 0.460717 0.347401 0.075989 0.043866 0.123746 0.008363 0.122097 0.059859 0.011736 0.165844 0.143801
0.031215 0.217062 0.000920 0.002402 0.008821 0.005057 0.096588 0.623338 0.575915 0.156141 -0.000390 0.000399 0.029572 -0.219858 -0.088667 -0.056454 -0.046876 0.062628 0.191263 0.219984 -0.004268 -0.000973 0.000005 0.000938 0.001587 0.024880 -0.006076 -0.163265 -0.677504 -0.575110 -0.308343 -0.080749 0.430210 0.824491 0.856961 0.868887 0.763357 0.539996 0.412512 0.438593 0.234775 0.126009 0.432852 0.743221 0.833722 1.045765 0.841061 0.701346 0.737872 0.586942 0.433585 0.082404 0.593141 0.616985 0.702004 0.540901 0.468944 0.659849 0.548963
0.012665 0.190588 -0.000414 0.000775 0.008731 0.006636 0.079315 0.667872 0.837038 0.151306 0.005548 0.001693 0.013471 0.046343 0.096951 0.100194 0.199929 0.578210 0.468116 0.271224 0.166480 -0.033705 0.000000 0.002205 0.003087 0.468383 0.391912 0.339063 -0.000364 0.001276 -0.229129 -0.010067 0.000000 0.270467 0.483394 0.406505 0.361672 0.318083 0.239067 0.242130 0.079551 0.151315 0.352976 0.750812 1.148885 1.156482 1.019808 0.964536 0.907805 0.762922 0.603050 0.631499 1.034036 0.830161 0.725614 0.515738 0.312564 0.183193 -0.061805
0.038506 0.025584 0.009683 0.000034 0.005582 0.006220 0.003222 0.010123 0.104013 0.056564 0.000372 0.007215 0.046602 0.379874 0.494900 0.512685 0.523534 0.709403 1.182848 1.306914 1.282651 0.993671 1.108248 1.166193 1.293414 2.514286 0.975980 0.784161 0.009751 0.003411 0.000702 -0.000404 0.000027 0.004856 0.287151 0.204227 0.199000 0.187951 0.295007 0.155733 0.149067 0.289683 0.625006 0.736371 0.458131 0.180107 0.093727 0.022858 0.060815 0.087832 0.069151 0.056315 0.320754 0.087082 -0.070037 0.057333 0.131942 0.023934 -0.045861
0.181538 0.069419 0.000283 0.000109 0.001014 0.002737 0.001846 0.013072 0.142034 0.081289 0.160700 0.372627 0.517624 0.716151 0.796893 0.989817 1.489524 1.564167 2.259417 2.706882 2.620480 2.931339 4.478443 3.737096 4.105955 3.002256 4.211708 2.978640 1.382964 1.027457 1.853519 1.528364 0.999560 0.276394 0.157086 0.047088 0.015346 0.054572 -0.023032 -0.044776 -0.109021 -0.036558 0.361662 0.579956 0.565746 0.543061 0.195095 -0.021651 -0.135752 -0.102687 -0.116489 -0.001500 -0.000294 0.000407 -0.003861 -0.023800 -0.078008 -0.171264 -0.077636
0.264521 0.134855 -0.001993 -0.002011 0.000064 0.001614 0.004395 0.003267 0.093679 0.225491 0.111152 0.162321 0.365162 0.661712 0.842084 1.103968 1.342175 2.011507 2.295303 2.914936 2.844801 3.105554 3.590200 2.963480 3.215138 4.354352 4.399339 3.746218 3.499669 4.142226 3.080647 3.133317 2.430215 1.223164 0.969427 1.240605 1.160639 1.119158 1.081715 1.200502 0.867685 0.779327 1.018185 1.087424 0.903538 0.849955 0.306347 -0.093152 -0.276935 -0.416344 -0.697856 -0.007471 -0.000991 -0.001882 -0.000928 -0.000353 0.000506 0.048564 0.221238
0.100569 0.092968 0.048132 -0.000399 0.000560 0.000247 0.000283 0.021737 0.169069 0.497969 0.587765 0.546462 0.426833 0.674739 0.523679 0.692210 0.708853 0.863633 1.353911 1.274799 1.178659 1.398547 1.168779 1.308762 1.254767 1.680353 1.511457 1.044501 3.038913 3.501342 3.889224 3.492628 2.357370 2.373708 2.160049 1.961114 2.416191 2.362780 2.303643 2.172752 1.871265 1.557696 1.724871 1.584994 2.244437 3.223392 2.039837 1.541909 0.997514 0.592551 0.276582 -0.486991 -0.018515 -0.009467 -0.001413 -0.000672 0.001462 0.088825 0.379658
0.168924 0.251500 0.161690 0.083968 0.021149 0.001921 -0.000135 0.001592 0.051534 0.400674 0.492516 0.484065 0.381378 0.312830 0.242553 0.254938 0.182930 0.252554 0.395416 0.425859 0.487259 0.515494 0.351334 0.096929 0.088533 0.082244 0.074546 0.049697 0.240878 0.856020 0.931198 1.251617 1.269888 1.557241 1.680945 2.152793 1.912440 2.312943 2.315788 2.330935 2.165099 1.949606 2.112046 1.699764 1.706598 0.881957 0.421514 0.217275 0.043224 -0.129583 -0.435879 -0.993493 -0.583656 -0.030258 -0.001546 -0.001131 0.001617 0.075285 -0.191864
0.087029 0.180310 0.102725 0.351706 0.354354 0.210505 0.085019 -0.000260 0.004550 0.143635 0.216912 0.166529 0.177803 0.149910 0.154418 0.123486 0.072625 0.183352 0.405686 0.484892 0.597871 0.662355 0.423878 0.092660 0.073037 0.047045 0.034180 0.031377 0.151790 0.066903 0.048258 0.166439 0.558536 0.652895 1.292869 1.747473 1.169957 1.064575 0.959071 1.366602 1.277800 1.394336 1.193274 0.842807 0.661425 0.249928 0.013391 -0.034227 -0.057349 -0.000349 0.000010 0.000393 -0.321928 -0.372502 -0.023200 -0.008532 0.000000 0.005350 -0.697626
0.117322 0.394184 0.349670 0.419314 0.405522 1.092564 0.606280 0.358964 0.080888 0.051660 0.164654 0.145864 0.182488 0.182060 0.131000 0.049735 0.018510 0.111770 0.291772 0.398189 0.497962 0.341395 0.065074 0.021393 -0.000602 0.000963 0.000713 0.043753 0.190219 -0.108977 -0.268635 -0.226858 0.282887 0.494774 0.476892 -0.123835 -0.008118 -0.000131 0.000387 0.115142 0.438958 0.446584 0.419285 0.322540 0.347795 -0.204169 -0.283086 -0.158610 -0.016753 -0.005982 0.000003 0.006221 0.041415 -0.483574 -0.198861 -0.019200 -0.000067 0.000464 -0.439424
0.072431 0.423205 0.398033 0.488310 0.453218 1.267870 1.035174 0.921001 0.569229 0.486979 0.425490 0.343043 0.458532 0.330595 0.273035 0.269123 0.095377 0.105923 0.169893 0.256672 0.185268 -0.076050 -0.000344 -0.000497 -0.000412 0.009800 0.001859 0.009438 0.050990 0.001352 -0.000205 0.000476 -0.404512 -0.530507 -0.021500 -0.005496 -0.000100 0.000120 0.004865 0.012628 0.455055 0.408094 0.635596 0.287837 -0.004599 -0.002119 -0.009985 -0.007932 -0.004596 -0.000326 0.000208 0.007371 0.009730 0.124568 -0.803328 -1.143931 -0.427817 -0.078105 0.000000
0.056842 0.030869 0.011774 0.004151 0.258554 0.729243 0.568398 0.523893 0.583955 0.363207 0.316650 0.491771 0.348233 0.243087 0.159663 0.084566 -0.029803 -0.056131 -0.080021 -0.121333 -0.265519 -0.018038 -0.008895 0.000003 0.009147 0.091093 -0.000124 0.000095 0.000312 0.000374 0.001180 0.013782 -0.002641 -0.024042 -0.012553 -0.000340 0.000000 0.000340 0.008003 0.026692 0.284608 0.315550 0.428798 0.093206 -0.420888 -0.057804 -0.087629 -0.027795 -0.011990 -0.000160 0.000143 0.012570 0.165855 -0.619665 -1.819842 -1.487389 -1.131649 -0.330218 0.000000
0.013358 0.015900 0.008495 0.003773 0.001675 0.070891 0.013501 0.198318 0.200382 0.214803 0.075825 0.566546 0.498278 0.482308 0.154651 0.009881 0.063137 0.031960 -0.003218 -0.081440 -0.035785 -0.014097 -0.000326 0.000208 0.002799 0.001352 -0.000372 -0.000206 0.000363 0.004393 0.010874 0.000652 -0.000155 -0.000078 -0.000169 0.000070 0.000234 0.007384 0.351554 0.101005 0.305124 0.352894 0.353658 -0.175622 -0.799080 -0.415225 -0.117784 -0.357443 -0.006806 -0.000064 0.000062 0.022913 -0.510119 -0.958407 -0.718526 -0.619253 -1.084091 -0.148619 0.000000
0.011571 0.032006 0.053852 0.009571 -0.000092 0.000392 0.145241 0.391777 0.465715 0.551536 0.594414 0.628892 0.672343 0.078095 -0.510728 -0.828778 -0.160487 -0.002027 -0.001522 -0.004786 -0.047528 -0.016709 -0.000442 -0.000339 -0.000574 -0.002483 -0.012385 -0.006394 0.000007 0.012138 0.051722 -0.007550 -0.000222 0.000222 0.008922 0.048517 0.009299 0.004284 -0.074389 -0.023096 0.090257 0.057798 -0.176641 -0.719516 -1.428098 -1.407635 -1.426961 -1.252659 -0.857417 -1.222393 -1.478959 -2.556769 -2.494996 -2.515524 -2.757289 -1.269677 -1.572838 -2.225135 -1.639507
0.225623 0.217763 0.170161 -0.010507 -0.150450 -0.056802 -0.077607 -0.062736 0.039700 0.192066 0.075945 0.041777 -0.011647 -0.000047 -0.000742 -0.003026 -0.001284 0.000304 0.001906 0.000945 0.000093 0.000732 0.000099 -0.000552 -0.000535 -0.000011 -0.000447 0.000432 0.000332 0.000333 0.004230 0.000520 -0.000003 0.003873 0.013142 0.002365 0.005103 0.007428 -0.083277 -0.196804 -0.266135 -0.532099 -1.023673 -1.751963 -1.943360 -2.342104 -3.531998 -2.912860 -3.636440 -3.268524 -3.445922 -2.895314 -2.536832 -1.534692 -0.300648 -0.163537 -1.009147 -1.658062 -1.438267
0.169520 0.096207 0.142484 0.222280 0.251274 0.228179 -0.000153 0.000137 0.134324 0.106873 0.087871 0.047823 -0.010630 -0.001353 -0.000021 0.001317 0.007315 0.006914 0.002478 0.000000 0.004047 0.003771 0.001192 -0.011709 -0.117571 -0.111944 -0.000046 0.022409 0.020189 0.002393 0.289138 0.838987 0.368738 0.145434 0.020117 -0.002380 0.000498 0.003821 0.451937 0.335978 0.303252 -0.139731 -0.835707 -1.690425 -1.764726 -2.571148 -2.844314 -2.667816 -3.307540 -3.321601 -1.729713 -3.422145 -2.082011 -0.583263 -0.083788 -0.200455 -0.902002 -1.084002 -1.035225
0.037872 0.017291 0.009124 0.039435 -0.012997 -0.029852 -0.000330 0.000396 0.007605 0.261570 0.095528 0.035023 -0.018580 -0.002650 -0.000069 0.001978 0.003166 0.001933 0.000317 0.000000 0.003885 0.002859 0.095325 -0.038134 -0.104577 -0.079328 -0.000003 0.022823 0.315932 -0.030732 -0.061114 -0.148473 -0.166828 -0.314187 -0.587044 -0.026024 -0.000270 0.000998 0.511236 0.626287 0.676923 0.252874 -0.322302 -1.204015 -1.636862 -2.276410 -2.279918 -2.675767 -2.608617 -2.771311 -1.435466 -1.593250 -1.916439 -1.513101 -1.797454 -1.652157 -2.093665 -1.523779 -1.148379
0.029999 0.018830 0.009977 -0.054495 -0.121364 -0.164974 -0.000401 0.000555 0.007748 0.203257 0.002835 -0.034425 -0.045798 -0.020637 -0.000083 0.000410 0.007162 0.052349 0.020383 0.006153 0.003711 -0.012485 -0.035335 -0.086327 -0.057361 -0.005378 0.000000 0.018477 -0.069648 -0.087084 -0.060109 -0.069793 -0.100101 -0.034153 0.071726 0.036443 -0.000546 0.000184 0.323758 0.337858 0.303937 0.251006 0.155988 -0.009488 -0.135587 -0.170725 -0.055825 -0.024661 -0.016296 -0.386285 -0.015343 0.000000 -1.083269 -1.394617 -1.681870 -1.732422 -3.040500 -1.408457 -1.149608
-0.245263 -0.203888 -0.221435 -0.183160 -0.195981 -0.019340 -0.000013 0.009749 0.060307 -0.046041 -0.085977 -0.155942 -0.012926 -0.006319 0.000000 0.001111 0.000760 0.004808 0.029547 0.016670 0.002923 -0.051539 -0.090779 -0.027244 -0.023040 -0.000548 0.000065 0.008544 0.028134 0.047052 0.065873 0.039334 0.036177 0.121137 0.164082 0.219690 0.171248 -0.019410 -0.041801 0.034545 0.065386 0.048502 -0.020020 -0.134952 -0.026752 0.038778 0.096737 0.256736 0.262259 0.094101 -0.051116 0.000000 -0.003842 -0.015790 -0.033616 -0.081337 -0.222475 -1.387416 -1.452631
-0.043739 -0.014351 0.008444 0.032662 0.121997 0.082032 -0.000000 0.014783 -0.237877 -0.364048 -0.147618 -0.008248 -0.006812 -0.000497 0.000072 0.001030 0.000774 0.012886 0.042195 0.043388 -0.030363 -0.083454 -0.152177 -0.040396 0.000000 0.003696 0.000689 -0.001743 0.013329 0.042242 0.043237 0.019548 0.025051 0.059382 0.057185 0.126951 0.142577 0.175266 0.120226 0.074167 0.036797 -0.034781 -0.132934 -0.220344 -0.075160 -0.061586 -0.082188 -0.245984 -0.375748 -0.687081 -0.069618 -0.012910 -0.011458 -0.007040 -0.002221 -0.002137 -0.006960 -0.368565 -1.679724
-0.312041 -0.379968 -0.355014 -0.413553 -0.474624 -0.639285 -0.438108 -0.442215 -0.358044 -0.291729 -0.239500 -0.154052 -0.007260 -0.000225 -0.000098 0.000169 0.001152 0.000826 -0.195416 -0.210446 -0.299802 -0.470211 -0.204811 -0.023591 0.000000 0.010236 0.523669 0.334948 0.208914 0.196706 0.131029 0.093197 0.044519 0.040321 0.109418 0.183771 0.150836 0.161458 0.152003 0.073657 -0.109946 -0.333916 -0.517673 -0.297141 -0.002872 0.141545 0.140806 0.066699 -0.072416 -0.528176 -0.067981 -0.023641 -0.346687 -0.078448 -0.012760 -0.000708 -0.000062 0.000666 -0.259818
