use_cases/Flooding_chicago/flooding_data/output/hUx_300.asc
ncols 337
nrows 393
xllcorner 428428.000000
yllcorner 4602440.000000
cellsize 26.757400
NODATA_value -9999.000000
[rows 130 to 155 of 393, columns 236 to 294 of 337]
0.000000 0.008497 0.018773 0.016241 0.001526 0.016759 0.021629 0.173411 0.197844 0.132872 -0.009162 -0.040495 -0.033018 -0.014505 -0.013451 -0.011870 -0.025759 -0.007663 -0.030395 -0.023721 -0.008887 -0.030130 -0.043737 -0.011533 -0.000423 0.000423 0.048871 0.022858 -0.098437 -0.013077 -0.000029 -0.000336 0.000911 0.003684 0.032683 0.060856 0.094050 0.066551 -0.132239 -0.006146 -0.000001 -0.047561 -0.000004 -0.349763 -0.045141 -0.013560 -0.000085 0.000513 -9999.000000 -9999.000000 -9999.000000 -9999.000000 -9999.000000 -9999.000000 -9999.000000 -9999.000000 -9999.000000 -9999.000000 -9999.000000
-0.000080 0.000675 0.001986 0.001456 0.001063 0.012129 0.032729 0.275369 0.105846 0.024586 -0.032066 -0.019729 -0.000271 -0.002414 -0.010911 -0.019693 -0.069796 -0.080212 -0.053452 -0.059579 -0.051664 -0.030284 -0.027117 -0.015110 -0.001002 0.001002 0.001314 0.000678 0.000685 0.003240 0.068186 0.044760 -0.005241 -0.005282 0.000007 0.012312 0.025978 0.319786 0.073593 -0.028475 -0.020217 -0.006752 -0.000131 -0.032196 -0.009410 -0.000360 0.000360 0.001961 -9999.000000 -9999.000000 -9999.000000 -9999.000000 -9999.000000 -9999.000000 -9999.000000 -9999.000000 -9999.000000 -9999.000000 -9999.000000
-0.000157 -0.000098 0.000525 0.000956 0.000960 0.020371 0.034973 0.333391 -0.011609 -0.001606 -0.003852 -0.007702 -0.002135 -0.000015 -0.001523 -0.021992 -0.029812 -0.015519 -0.000991 -0.004263 -0.037221 -0.016507 -0.012905 -0.006698 -0.000360 0.000360 0.000918 0.000366 0.007340 0.036827 0.125083 -0.045702 -0.013724 -0.000352 0.000352 0.006462 0.013695 0.051313 -0.069405 -0.183100 -0.017808 -0.008574 -0.003266 -0.015845 -0.010741 -0.000360 0.000360 0.001365 -9999.000000 -9999.000000 -9999.000000 -9999.000000 -9999.000000 -9999.000000 -9999.000000 -9999.000000 -9999.000000 -9999.000000 -9999.000000
-0.001013 -0.002678 0.002448 0.007768 0.021571 0.010252 0.030586 0.119410 -0.071149 -0.026626 -0.000021 -0.011336 -0.000571 -0.000506 -0.000355 -0.000750 -0.000709 -0.001557 -0.000491 -0.001154 -0.011070 -0.016507 -0.012905 -0.006698 -0.000360 0.000360 0.001692 0.000404 0.010842 0.032032 0.104126 -0.085318 -0.007674 -0.000007 0.000453 0.001186 0.008684 0.068923 0.005996 -0.247428 -0.120044 -0.058124 -0.070859 -0.044565 -0.025134 -0.000513 0.000283 0.011382 0.007132 -9999.000000 -9999.000000 -9999.000000 -9999.000000 -9999.000000 -9999.000000 -9999.000000 -9999.000000 -9999.000000 -9999.000000
-0.034233 -0.005755 0.001690 0.007514 0.044261 0.086578 0.107294 0.231442 -0.011794 -0.014474 -0.000388 -0.096054 -0.026054 -0.014583 -0.000310 0.000103 0.004678 0.000151 -0.006394 0.000233 0.018585 -0.275831 -0.058732 -0.024781 -0.001492 -0.014170 -0.010156 0.000000 0.006075 0.015795 0.025369 0.163798 0.072281 0.014549 0.018592 0.150515 0.097428 0.060444 -0.000214 -0.091631 -0.177074 -0.153402 -0.070509 -0.037638 -0.009044 -0.000031 0.012144 0.018333 0.010030 -9999.000000 -9999.000000 -9999.000000 -9999.000000 -9999.000000 -9999.000000 -9999.000000 -9999.000000 -9999.000000 -9999.000000
-0.077516 -0.028361 -0.000331 0.000394 0.024501 0.060519 0.080496 0.032228 0.003826 -0.007474 -0.004121 -0.020440 -0.021091 -0.017836 -0.011459 -0.000002 0.000368 0.000026 0.000018 0.007366 0.009528 0.010354 -0.004900 -0.003307 -0.002879 -0.029487 -0.006754 0.000000 0.006943 0.014102 0.019024 0.021418 0.105700 0.246362 0.165878 0.125198 0.030944 -0.070165 -0.019417 -0.006086 -0.033015 -0.021742 -0.022672 -0.019286 -0.012755 0.000000 0.003929 0.021506 0.005519 0.003990 -9999.000000 -9999.000000 -9999.000000 -9999.000000 -9999.000000 -9999.000000 -9999.000000 -9999.000000 -9999.000000
-0.004162 -0.000554 -0.000247 0.000569 0.003309 0.001520 0.007295 0.124680 -0.006169 -0.017428 -0.012570 -0.002786 -0.020555 -0.014774 -0.000980 -0.000144 0.000583 0.000998 0.000723 0.009047 0.020332 0.035829 -0.011133 -0.023021 -0.039279 -0.008638 -0.007421 -0.000374 0.000328 0.001478 0.015419 0.029251 0.071540 0.171223 0.082546 0.026826 -0.003084 -0.023110 -0.029165 -0.030375 -0.034795 -0.041860 -0.035173 -0.025018 -0.012281 0.000000 0.012048 0.045506 0.009947 0.005246 -9999.000000 -9999.000000 -9999.000000 -9999.000000 -9999.000000 -9999.000000 -9999.000000 -9999.000000 -9999.000000
-0.000687 -0.000733 -0.000007 0.006076 0.022003 0.003352 0.002459 -0.155382 -0.053080 -0.020590 -0.002699 -0.012549 -0.010514 -0.008980 -0.006402 0.000000 0.001154 0.001043 0.007532 0.018967 0.018467 0.021719 -0.033306 -0.032876 -0.002564 -0.002795 0.000077 0.000119 -0.000168 0.000062 0.009436 0.023673 0.039070 0.183396 -0.002129 -0.001417 -0.001923 -0.004839 -0.020091 -0.031983 -0.017235 -0.003511 -0.018887 -0.008711 -0.001087 0.000000 0.001080 0.017114 0.016675 0.003123 -9999.000000 -9999.000000 -9999.000000 -9999.000000 -9999.000000 -9999.000000 -9999.000000 -9999.000000 -9999.000000
-0.009032 -0.000079 0.000132 0.000092 -0.000192 -0.005035 -0.036099 -0.129753 -0.036889 -0.017058 -0.002879 -0.013427 -0.016110 -0.009788 -0.000466 -0.000174 0.000122 0.000419 0.012273 0.022995 0.028064 0.022095 -0.237633 -0.029530 -0.000839 -0.000010 0.014362 0.117469 -0.000155 0.000050 0.000707 0.001712 0.012305 0.034565 -0.011334 -0.001140 -0.000430 0.000738 -0.062135 -0.023173 -0.021443 -0.011963 -0.001922 -0.000792 0.000080 0.000132 0.000224 0.014996 0.030689 0.003950 0.003419 -9999.000000 -9999.000000 -9999.000000 -9999.000000 -9999.000000 -9999.000000 -9999.000000 -9999.000000
-0.000219 -0.052852 -0.170117 -2.106641 -0.419049 -0.261772 -0.355698 -0.174215 -0.075954 -0.036973 -0.088001 -0.090452 -0.153485 -0.010050 -0.000603 -0.000585 0.000516 0.000761 0.025617 0.070408 0.248305 -0.107577 -0.216980 -0.091282 -0.029964 -0.028815 -0.001682 0.041912 0.026108 0.017784 0.006347 0.002136 -0.749295 -0.126272 -0.008783 -0.000509 0.000234 0.008680 -0.161255 -0.040610 -0.043384 -0.033489 -0.001929 -0.002435 0.000002 0.000664 0.000583 0.000684 0.017616 0.045382 0.083705 -9999.000000 -9999.000000 -9999.000000 -9999.000000 -9999.000000 -9999.000000 -9999.000000 -9999.000000
-0.153009 -0.354076 -0.185050 -0.264379 -0.386144 -0.150836 -0.241739 -0.199263 -0.184459 -0.180727 -0.060793 -0.000002 -0.042536 -0.117656 -0.007756 -0.000700 0.000796 0.009893 0.041796 0.083670 0.472345 -0.099361 -0.188664 -0.055464 -0.010342 -0.015402 -0.005177 0.016218 0.024094 0.084411 0.266444 0.190595 0.097685 -0.060517 -0.084310 -0.001499 0.001236 0.117403 0.079133 -1.079465 -0.176580 -0.030185 -0.030360 -0.000413 0.000687 0.001140 0.000894 0.000530 0.053739 0.167422 0.117422 -9999.000000 -9999.000000 -9999.000000 -9999.000000 -9999.000000 -9999.000000 -9999.000000 -9999.000000
-0.003141 -0.005860 -0.000253 -0.000543 -0.001967 -0.002746 -0.003416 -0.041013 -0.085288 -0.023506 -0.006792 -0.000054 0.000884 0.031340 0.019026 -0.000387 0.000395 0.001864 0.003842 0.059564 0.105899 -0.071990 -0.031929 -0.016791 -0.000373 -0.000123 0.000121 0.000378 0.041503 0.119123 0.269311 0.199242 0.521758 0.420325 -0.007388 -0.000153 0.000325 0.011016 -0.471445 -0.081346 -0.049522 -0.059374 -0.007231 0.000000 0.017859 0.152120 0.728124 0.035811 0.029805 0.010390 0.001887 -9999.000000 -9999.000000 -9999.000000 -9999.000000 -9999.000000 -9999.000000 -9999.000000 -9999.000000
-0.037795 -0.022178 -0.004074 0.000003 0.011044 0.027715 0.001486 -0.000637 -0.009791 -0.018704 -0.006253 0.000016 0.013403 0.020162 0.085476 0.016496 0.002516 0.015806 0.022904 0.090417 0.557453 -0.108386 -0.055426 -0.035090 -0.004400 -0.000222 0.000222 0.004526 0.007891 0.066843 0.103867 -0.015177 -0.036938 -0.021796 -0.007330 0.000000 0.007204 0.029180 0.020877 -0.000467 -0.000886 -0.000861 -0.001354 0.000000 0.020504 0.203139 0.087806 0.002435 -0.074791 -0.000012 0.000567 -9999.000000 -9999.000000 -9999.000000 -9999.000000 -9999.000000 -9999.000000 -9999.000000 -9999.000000
-0.042043 -0.017239 -0.000386 0.000131 0.020986 0.018189 -0.000020 -0.001013 -0.010346 -0.019137 -0.009851 0.000565 0.004490 0.014389 0.099930 0.128673 0.036934 0.049569 0.041479 0.118677 0.218737 -0.221953 -0.103566 -0.040678 -0.056711 -0.040346 -0.000026 0.028692 0.091082 0.017217 -0.091790 -0.302132 -0.029419 -0.013431 -0.000746 0.000000 0.000746 0.000996 -0.000008 0.000642 0.001925 -0.031443 -0.031316 0.000000 0.104268 0.055533 0.015642 -0.002763 -0.001266 -0.000248 0.000824 -9999.000000 -9999.000000 -9999.000000 -9999.000000 -9999.000000 -9999.000000 -9999.000000 -9999.000000
-0.064663 -0.048239 -0.017840 -0.000110 -0.004963 -0.034159 -0.020755 -0.008588 -0.000333 0.000001 0.000350 0.012354 0.023514 0.031937 0.019927 0.195859 0.628656 0.110425 0.067661 0.152201 0.535403 0.106844 -0.085487 -0.020188 -0.038611 -0.046124 -0.000556 0.000835 0.001378 0.000953 -0.057800 -0.040649 -0.044304 -0.031127 -0.000981 0.000000 0.000981 0.000752 -0.000396 0.000308 0.015065 0.165316 0.107535 0.119565 0.046847 0.009161 0.000005 0.010220 0.097870 0.001972 0.002257 -9999.000000 -9999.000000 -9999.000000 -9999.000000 -9999.000000 -9999.000000 -9999.000000 -9999.000000
-0.065977 -0.037012 -0.020443 -0.002255 -0.003961 -0.016095 -0.017508 -0.013863 -0.007338 0.000000 0.015077 0.041918 0.027492 0.006107 0.048407 0.257676 0.782727 0.126845 0.080020 0.029433 -0.011547 -0.071523 -0.016255 -0.000915 -0.002894 -0.006613 -0.005604 0.000000 0.001297 0.001114 -0.024433 -0.011599 -0.001458 -0.006687 -0.013386 0.000000 0.005667 0.020806 0.001364 -0.000634 -0.000429 0.000155 -0.000281 -0.001100 -0.015124 -0.006006 0.000167 0.012474 0.026016 0.035669 0.010497 -9999.000000 -9999.000000 -9999.000000 -9999.000000 -9999.000000 -9999.000000 -9999.000000 -9999.000000
-0.091705 -0.081435 -0.026900 -0.002332 -0.004489 -0.017937 -0.023096 -0.014045 -0.007665 0.000000 0.006884 0.015684 0.059696 0.011128 0.058634 0.168594 0.115167 0.105549 0.058565 0.020127 -0.136509 -0.021206 -0.012340 -0.000510 0.000203 0.001128 -0.000167 0.000000 0.001412 0.000130 -0.000940 -0.000337 -0.000018 0.000261 0.034359 0.059148 0.056106 0.230537 0.139595 -0.027099 -0.013562 -0.000477 -0.000407 -0.000177 -0.000270 0.000003 0.002003 0.002440 0.010389 0.016833 0.013130 -9999.000000 -9999.000000 -9999.000000 -9999.000000 -9999.000000 -9999.000000 -9999.000000 -9999.000000
-0.109668 -0.074587 -0.046889 -0.000106 0.004554 -0.001809 -0.003311 -0.013716 -0.007652 0.000000 0.008880 0.024184 0.069129 0.167311 0.090745 0.113529 0.082496 0.055309 0.111817 0.046671 -0.097548 -0.042474 -0.023514 -0.001078 -0.000955 0.001959 0.002702 0.014619 0.035231 -0.050121 -0.029219 -0.008568 -0.000410 0.000083 0.013058 0.045426 0.114933 -0.007190 -0.854704 -0.023410 -0.011934 -0.001037 -0.002043 -0.000847 -0.000077 0.000205 0.009295 0.016234 0.018332 0.010747 -9999.000000 -9999.000000 -9999.000000 -9999.000000 -9999.000000 -9999.000000 -9999.000000 -9999.000000 -9999.000000
-0.159781 -0.105469 -0.092105 -0.166307 -0.193054 -0.240629 -0.099589 -0.058345 -0.020047 -0.000080 0.000736 0.019211 0.069116 0.022493 0.056758 0.026370 0.007621 0.001976 0.015700 -0.011018 -0.101816 -0.057687 -0.067620 -0.067894 -0.018990 -0.000012 0.007408 0.043202 -0.001632 -0.056466 -0.013753 -0.000760 -0.001111 0.000000 0.008231 0.016303 0.107764 -0.057882 -0.725338 -0.241071 -0.090634 -0.019341 -0.014717 -0.006848 -0.000222 0.000222 0.003946 0.014514 0.015649 -9999.000000 -9999.000000 -9999.000000 -9999.000000 -9999.000000 -9999.000000 -9999.000000 -9999.000000 -9999.000000 -9999.000000
-0.071981 -0.072785 -0.039834 -0.064698 -0.003860 -0.017014 -0.070706 -0.060531 -0.023030 -0.000129 0.000480 0.015152 0.030993 0.043976 0.014417 0.006049 0.002805 0.001146 0.056241 0.033452 -0.096946 -0.051865 -0.036351 -0.001952 -0.005956 -0.000430 0.000340 0.000180 0.000008 -0.000834 -0.003410 -0.000350 -0.000121 0.000192 0.000830 0.009577 0.186059 1.519047 -0.029017 -0.045484 -0.061099 -0.130892 -0.050832 -0.008309 -0.000103 0.000103 0.001843 -9999.000000 -9999.000000 -9999.000000 -9999.000000 -9999.000000 -9999.000000 -9999.000000 -9999.000000 -9999.000000 -9999.000000 -9999.000000 -9999.000000
-0.022387 -0.020541 -0.008609 -0.000544 -0.000902 -0.001534 -0.000646 -0.001474 -0.002526 -0.000312 0.000023 0.011476 0.028090 0.004270 0.010189 0.005955 0.002500 0.010652 0.359554 -0.122529 -0.738457 -0.024600 -0.012071 -0.004244 -0.000683 -0.000881 0.000649 0.000842 0.005411 0.006805 0.003998 0.006679 0.024530 0.022553 0.025786 0.095702 0.129301 -0.016591 -0.012449 -0.004045 -0.011275 -0.004680 -0.024428 -0.014767 -0.000153 0.000153 -9999.000000 -9999.000000 -9999.000000 -9999.000000 -9999.000000 -9999.000000 -9999.000000 -9999.000000 -9999.000000 -9999.000000 -9999.000000 -9999.000000 -9999.000000
-0.018167 -0.006927 0.000015 0.005967 0.023126 -0.001418 -0.000762 -0.000892 -0.000855 -0.000425 -0.000090 0.000922 0.001109 0.001211 0.020395 0.053772 0.031843 0.002891 -0.231655 -0.540558 -0.645527 -0.153014 -0.009283 -0.001293 -0.010897 -0.009300 0.000028 0.007786 0.010136 0.008809 0.115834 0.390309 0.087514 0.093210 0.062339 0.052331 0.004357 -0.012917 -0.000812 -0.000407 -0.000579 -0.000025 0.000442 0.000423 -9999.000000 -9999.000000 -9999.000000 -9999.000000 -9999.000000 -9999.000000 -9999.000000 -9999.000000 -9999.000000 -9999.000000 -9999.000000 -9999.000000 -9999.000000 -9999.000000 -9999.000000
-0.007012 -0.000536 0.000442 0.019663 0.054479 0.009367 -0.000375 -0.000638 -0.001730 -0.003246 -0.000099 0.000157 0.005709 0.014143 0.022365 0.027956 0.115292 0.344479 0.154707 -0.057307 -0.117803 -0.122830 -0.111565 -0.000023 -0.023037 -0.010734 -0.007895 -0.006343 0.002933 0.008345 0.002567 -0.014267 0.006773 -0.000744 0.000135 0.000833 -0.051334 -0.013679 -0.002836 -0.001916 -0.000566 0.000196 -9999.000000 -9999.000000 -9999.000000 -9999.000000 -9999.000000 -9999.000000 -9999.000000 -9999.000000 -9999.000000 -9999.000000 -9999.000000 -9999.000000 -9999.000000 -9999.000000 -9999.000000 -9999.000000 -9999.000000
-0.000570 -0.000299 0.000549 0.019665 0.087361 0.059265 -0.000725 -0.001545 -0.002597 -0.000841 0.000479 0.000266 0.008857 0.035861 0.079153 0.137872 0.244251 0.376428 0.007075 -0.099388 -0.073523 -0.075214 -0.178515 -0.214919 -0.309252 -0.051712 -0.009197 -0.012452 -0.009432 -0.000396 0.000330 0.010500 0.232910 -0.001273 0.000811 0.001267 -0.006575 -0.028474 -0.015582 -0.002996 -0.003627 0.000007 -9999.000000 -9999.000000 -9999.000000 -9999.000000 -9999.000000 -9999.000000 -9999.000000 -9999.000000 -9999.000000 -9999.000000 -9999.000000 -9999.000000 -9999.000000 -9999.000000 -9999.000000 -9999.000000 -9999.000000
-0.000288 0.000078 0.000332 0.022763 0.066638 0.159644 0.064816 -0.001821 -0.002534 -0.000619 0.000194 0.000344 0.018412 0.053008 0.100552 0.147662 0.140810 -0.023523 -0.008347 -0.001612 -0.002109 -0.000360 0.000360 -0.146667 -0.347983 -0.051557 -0.010540 -0.016564 -0.017844 -0.000555 0.000401 0.021241 0.190774 -0.000309 0.000882 0.010681 -0.014951 -0.049683 -0.033290 -0.014591 -0.000352 0.000352 -9999.000000 -9999.000000 -9999.000000 -9999.000000 -9999.000000 -9999.000000 -9999.000000 -9999.000000 -9999.000000 -9999.000000 -9999.000000 -9999.000000 -9999.000000 -9999.000000 -9999.000000 -9999.000000 -9999.000000
0.001328 0.001670 0.001737 0.005874 0.001703 0.126479 0.098468 0.098032 0.001140 -0.006502 -0.014300 -0.015256 0.001384 0.029274 0.055900 0.007286 0.014962 0.100383 -0.001096 -0.002628 -0.003588 -0.000360 0.000360 -0.098832 -0.299865 -0.046949 -0.013147 -0.026037 -0.562237 -0.052524 0.000013 0.001152 0.000578 0.001909 0.025939 0.030387 -0.006575 -0.051550 -0.037306 -0.014833 -0.000007 -9999.000000 -9999.000000 -9999.000000 -9999.000000 -9999.000000 -9999.000000 -9999.000000 -9999.000000 -9999.000000 -9999.000000 -9999.000000 -9999.000000 -9999.000000 -9999.000000 -9999.000000 -9999.000000 -9999.000000 -9999.000000
