use_cases/Flooding_chicago/flooding_data/output/hUx_1080.asc
ncols 337
nrows 393
xllcorner 428428.000000
yllcorner 4602440.000000
cellsize 26.757400
NODATA_value -9999.000000
[rows 208 to 233 of 393, columns 236 to 294 of 337]
0.000466 0.002315 0.006819 0.006532 0.021150 0.014569 0.263041 0.025297 0.869277 1.911940 1.104735 1.037796 0.911876 2.117944 1.861079 1.493740 0.970908 0.301557 0.211778 0.166068 0.096171 0.483984 0.491693 0.521496 0.469518 0.272833 0.420632 0.822900 0.373166 0.094624 0.052703 0.008247 -0.098102 -0.021661 0.000000 0.010080 0.017400 0.267812 0.099817 0.022373 0.140053 0.315277 0.011865 -0.032847 -0.031011 -0.034982 -0.000038 0.045561 0.205783 0.061755 0.044617 0.267568 0.512771 0.549179 0.595551 0.603066 0.460260 0.276753 0.663336
-0.071889 -0.100774 0.000250 0.001421 0.032457 0.139096 0.879884 0.923095 1.765856 1.658122 1.888503 1.178369 1.016533 1.879436 1.394860 1.024622 1.200716 0.781181 0.648871 0.685826 0.169177 0.753351 0.672012 0.599911 0.460759 0.811421 0.663084 0.989644 0.501581 0.234111 0.176844 0.008981 -0.002862 -0.001378 0.001072 0.026613 0.113710 0.031133 0.143818 0.291143 0.348787 0.182275 -0.090905 -0.146210 -0.081325 -0.056399 -0.000050 0.011469 0.004738 0.149945 0.077429 0.032370 0.051050 -0.000990 -0.000659 0.000479 0.000854 0.000569 0.016251
0.202788 0.304600 0.369790 0.322592 1.081907 2.374887 1.904543 2.698630 2.118708 1.725239 1.623713 0.888251 0.020739 0.312799 0.264607 0.599793 0.793326 1.054636 1.217042 1.563297 1.869508 1.265958 1.183589 0.794846 0.496304 0.768212 0.606769 0.472709 0.326335 0.505675 0.111855 0.104188 -0.004084 -0.000968 0.004436 0.039558 0.182020 0.102871 0.091824 0.013270 -0.180242 -0.178687 -0.144511 -0.145147 -0.092458 -0.114372 -0.000326 0.000208 0.002417 0.002400 -0.005828 -0.016038 0.003766 -0.000955 -0.000559 0.000223 0.000778 0.000896 0.007247
2.187084 1.789185 2.146665 2.309044 1.957239 2.222853 1.675264 1.353771 0.939253 0.996637 1.447998 0.686864 0.675819 0.544740 -0.000480 0.000444 0.000841 0.158986 0.211101 0.262788 0.122930 0.048022 0.039817 0.238878 0.150951 0.415234 0.376729 0.349920 0.273316 0.086702 -0.001081 -0.004673 -0.006218 -0.000270 0.000473 0.005143 0.041954 0.128181 -0.037390 -0.175859 -0.166920 -0.135218 -0.131208 -0.179280 -0.348996 -0.378926 -0.021147 0.000003 0.004393 0.005753 0.004101 -0.154602 -0.012202 -0.001545 -0.000411 0.000871 0.000952 0.000931 0.007260
1.321746 1.003545 0.444427 0.372045 0.227326 0.316429 0.205617 0.178082 0.168982 0.238213 0.112569 0.302199 0.188801 0.168095 -0.000105 0.001644 0.001090 0.092617 0.010627 0.012272 -0.000178 0.000347 0.019083 0.125815 0.431358 0.332902 0.352129 0.335127 0.278791 0.191331 0.093874 -0.018082 -0.000965 0.000000 0.000965 0.023207 0.022020 0.017717 0.011055 0.003972 0.067113 0.029752 0.107644 0.186116 0.137761 0.063442 -0.006615 -0.005391 0.064782 0.068408 0.071035 0.003953 -0.001917 -0.000516 0.000275 0.004725 0.006574 0.005844 0.006535
1.210151 0.916479 0.429742 0.390875 0.308121 0.183902 0.268465 0.204001 0.205484 0.161854 0.051631 0.070554 0.038238 0.076044 0.001203 0.187266 0.163203 0.233339 0.080933 0.074900 0.000000 0.038396 0.038045 0.164004 0.143437 0.208394 0.276619 0.277005 0.217521 0.162367 -0.002210 -0.003556 -0.000473 0.000270 0.007880 0.088333 0.043130 0.042177 0.028852 0.571157 0.467283 0.539198 0.375852 0.554806 0.304241 0.237360 -0.006753 -0.006904 -0.038778 -0.035906 -0.029391 0.005262 0.003055 0.002509 -0.003089 -0.000667 0.001191 0.001982 -9999.000000
1.209499 0.837215 0.909460 0.414507 0.335638 0.252683 0.148600 0.223557 0.122568 0.002051 0.003520 0.000674 0.021674 0.469999 0.009278 0.149904 0.114175 0.127720 0.042617 0.070895 0.000000 0.057242 0.202636 0.442220 0.268858 0.259023 0.311054 0.299646 0.223561 0.161743 -0.000690 0.000007 0.007646 0.000008 0.098670 0.343261 0.812276 1.165248 1.123881 1.134834 0.846265 0.911877 0.650449 0.795360 0.362507 0.331670 -0.005999 -0.004388 0.001186 0.002342 0.001859 0.002242 -9999.000000 -9999.000000 -9999.000000 -9999.000000 -9999.000000 -9999.000000 -9999.000000
-0.067711 0.100236 0.280434 0.253863 0.239329 0.197253 0.152824 0.092960 0.047106 0.016076 -0.001071 0.000005 0.001038 0.041336 0.043242 0.078748 0.516419 0.668379 0.756898 0.522479 0.208412 0.139762 0.224437 0.386952 0.166501 0.326845 0.113525 0.001085 0.132668 0.153504 0.166963 0.185220 0.242593 0.250248 0.178660 0.274126 0.240754 0.403564 0.354967 0.018664 0.253359 0.210147 0.236834 0.124173 -0.015237 -0.491202 -0.015885 -0.000222 0.000222 -9999.000000 -9999.000000 -9999.000000 -9999.000000 -9999.000000 -9999.000000 -9999.000000 -9999.000000 -9999.000000 -9999.000000
0.022459 0.059135 0.039110 0.056738 0.080466 0.084444 0.074754 0.055365 0.038562 -0.070094 -0.010255 0.000000 0.009519 0.094889 0.075211 0.075644 0.023315 0.029205 0.261969 0.190677 0.164042 0.111986 0.112711 0.178897 0.428238 0.154800 0.007229 -0.000730 0.000338 0.136985 0.146984 0.159772 0.207150 0.247571 0.548766 0.299361 -0.070980 -0.073270 0.026612 0.030454 0.328914 0.430642 0.424649 0.519576 0.184260 0.009223 0.004510 0.003610 -9999.000000 -9999.000000 -9999.000000 -9999.000000 -9999.000000 -9999.000000 -9999.000000 -9999.000000 -9999.000000 -9999.000000 -9999.000000
0.071104 0.036328 0.013007 0.005047 0.005791 0.047317 0.022035 0.002222 -0.009653 -0.001441 -0.002535 0.000638 0.002402 -0.044121 -0.046545 -0.000360 0.000360 0.014484 0.251487 0.181270 0.075262 0.101930 0.135735 0.055341 0.019688 0.009076 -0.000656 -0.000713 0.000266 0.000751 0.030038 0.036619 0.033498 0.001579 0.003690 -0.000228 -0.286422 -0.267727 0.027966 0.604045 0.724592 0.483936 0.313905 0.042102 0.000093 0.002334 -9999.000000 -9999.000000 -9999.000000 -9999.000000 -9999.000000 -9999.000000 -9999.000000 -9999.000000 -9999.000000 -9999.000000 -9999.000000 -9999.000000 -9999.000000
0.174494 -0.001028 0.001084 0.002532 0.040164 0.102616 -0.021001 -0.068691 -0.095824 -0.115627 -0.001281 -0.000910 -0.024051 -0.273275 -0.259013 -0.000360 0.000360 0.040610 0.421510 0.002946 0.060011 0.127457 0.146510 0.069017 0.028062 0.007053 0.051276 -0.000751 -0.000266 0.000713 0.000656 0.039984 0.024379 0.019819 0.005653 0.001752 -0.060623 0.017660 0.090356 0.335950 0.160734 0.029344 -0.190512 -0.086161 -0.000208 0.000326 -9999.000000 -9999.000000 -9999.000000 -9999.000000 -9999.000000 -9999.000000 -9999.000000 -9999.000000 -9999.000000 -9999.000000 -9999.000000 -9999.000000 -9999.000000
0.009185 0.006233 0.007091 0.007969 0.026965 0.012486 0.007813 -0.090335 -0.146212 -0.209578 -0.228534 -0.153196 -0.078489 -0.000570 0.004177 0.245297 0.358536 0.917243 0.506586 0.212145 0.016569 0.021310 0.038533 0.107182 0.589586 0.612685 0.771415 0.800181 0.703403 0.585581 0.499702 1.302174 0.071578 -0.000681 0.000000 0.000681 0.009088 0.172849 0.141119 0.000093 0.081551 0.097612 0.126961 0.112991 -0.000003 -9999.000000 -9999.000000 -9999.000000 -9999.000000 -9999.000000 -9999.000000 -9999.000000 -9999.000000 -9999.000000 -9999.000000 -9999.000000 -9999.000000 -9999.000000 -9999.000000
0.008990 0.052406 0.019583 0.014910 0.010610 0.006143 0.019065 0.007927 -0.002218 -0.013889 -0.000338 -0.047458 -0.137567 -0.134527 0.065759 0.206352 0.292125 0.197037 0.542649 -0.000092 0.003263 0.002309 0.043530 0.125520 0.103082 -0.078968 -0.000219 0.000152 0.267901 0.308585 0.360001 0.926863 0.762099 -0.000681 0.000000 0.000681 0.008588 1.067632 0.402373 0.002285 0.226965 0.237048 0.278346 0.217204 -9999.000000 -9999.000000 -9999.000000 -9999.000000 -9999.000000 -9999.000000 -9999.000000 -9999.000000 -9999.000000 -9999.000000 -9999.000000 -9999.000000 -9999.000000 -9999.000000 -9999.000000
0.012789 0.002921 0.001365 0.010240 0.011457 0.011873 0.008093 0.004212 0.003020 0.000275 0.000263 0.023247 0.200127 0.017662 0.023224 0.019456 0.000268 0.176340 0.125303 0.000017 0.002398 0.001637 0.035479 0.072073 0.109104 0.029796 -0.001276 0.000108 0.000725 0.000695 0.008883 0.006105 0.936998 0.915177 1.059681 1.354723 2.407562 1.821487 1.468176 1.526993 0.643025 0.482880 0.402825 0.000000 -9999.000000 -9999.000000 -9999.000000 -9999.000000 -9999.000000 -9999.000000 -9999.000000 -9999.000000 -9999.000000 -9999.000000 -9999.000000 -9999.000000 -9999.000000 -9999.000000 -9999.000000
0.100624 -0.000371 0.000558 0.009050 0.010884 0.012286 0.006281 0.001226 -0.000208 0.000326 0.003988 0.003607 0.026601 0.645152 0.789352 0.114568 0.271881 0.371655 -0.000357 0.000515 0.061161 0.076129 0.058423 0.027995 0.063974 0.062671 -0.016274 -0.000228 0.000514 0.009701 0.074172 0.028326 0.229052 1.230319 1.084003 1.267126 1.059041 0.615618 0.485266 0.437034 0.481485 0.224409 0.000708 -9999.000000 -9999.000000 -9999.000000 -9999.000000 -9999.000000 -9999.000000 -9999.000000 -9999.000000 -9999.000000 -9999.000000 -9999.000000 -9999.000000 -9999.000000 -9999.000000 -9999.000000 -9999.000000
0.041108 -0.003749 0.000020 -0.002430 -0.002564 -0.000326 0.000208 0.002312 -0.000003 0.002230 0.007437 0.008471 0.005549 0.227379 0.504085 0.262846 0.048494 -0.027753 -0.000530 0.001419 0.013918 0.037700 0.046230 0.033299 0.063622 0.029294 -0.000624 0.000519 0.001172 0.018829 0.125850 0.045271 0.326513 1.184223 0.720680 0.057408 0.030336 0.007664 -0.044636 -0.006258 0.162697 0.146363 0.000000 -9999.000000 -9999.000000 -9999.000000 -9999.000000 -9999.000000 -9999.000000 -9999.000000 -9999.000000 -9999.000000 -9999.000000 -9999.000000 -9999.000000 -9999.000000 -9999.000000 -9999.000000 -9999.000000
0.125179 0.102983 0.009542 0.000537 0.008801 0.006181 0.000003 0.063965 0.178626 0.166804 0.022115 0.019723 0.016853 0.411773 0.425351 0.265751 0.121475 -0.001884 0.000818 0.003516 0.001990 0.003864 0.027377 0.032122 0.026732 0.014396 0.006003 0.002263 0.023482 0.016819 0.184485 0.971088 1.826956 0.483496 0.244256 0.108398 -0.000637 0.001201 0.009334 0.540630 0.510480 0.137452 0.002100 -9999.000000 -9999.000000 -9999.000000 -9999.000000 -9999.000000 -9999.000000 -9999.000000 -9999.000000 -9999.000000 -9999.000000 -9999.000000 -9999.000000 -9999.000000 -9999.000000 -9999.000000 -9999.000000
0.309655 0.235503 0.239328 0.198559 0.236598 0.332971 0.373688 0.440541 0.488641 0.517603 0.583012 0.721337 0.995834 0.970624 0.789728 -0.003223 -0.002703 0.000994 0.006459 0.006503 0.018543 0.032899 0.008129 0.042417 0.043930 0.027241 0.096617 0.085105 0.056961 0.027563 0.209722 0.882231 1.253797 0.241297 0.001324 -0.000407 -0.000976 0.002825 0.002165 0.036072 -0.018963 -0.133542 0.000100 -9999.000000 -9999.000000 -9999.000000 -9999.000000 -9999.000000 -9999.000000 -9999.000000 -9999.000000 -9999.000000 -9999.000000 -9999.000000 -9999.000000 -9999.000000 -9999.000000 -9999.000000 -9999.000000
0.043318 0.051374 0.102632 0.162543 0.206038 0.272920 0.330676 0.278273 0.320283 0.331061 0.543997 0.602272 0.897905 0.565952 0.016365 0.001767 0.002855 0.009887 0.012705 0.010155 0.003622 0.009014 0.005032 0.059845 0.060545 0.035298 0.061503 0.057251 0.033907 0.014088 0.156524 0.167802 0.135631 0.051558 -0.000637 -0.000293 0.000020 0.001309 0.002083 0.016759 0.059979 0.000155 -9999.000000 -9999.000000 -9999.000000 -9999.000000 -9999.000000 -9999.000000 -9999.000000 -9999.000000 -9999.000000 -9999.000000 -9999.000000 -9999.000000 -9999.000000 -9999.000000 -9999.000000 -9999.000000 -9999.000000
0.098502 0.000762 0.033175 0.139202 0.274061 0.296547 0.293613 0.299396 0.294185 0.268508 0.363149 0.270344 0.244240 0.002713 -0.005216 -0.011046 0.006807 0.018404 0.018383 0.008998 0.038503 0.070505 0.185338 0.085482 -0.000447 0.000295 0.008296 0.087084 0.321914 0.255613 0.194132 0.089146 -0.001853 -0.002747 -0.000847 -0.000025 0.000829 0.007138 0.006241 0.012472 0.007085 0.003290 -9999.000000 -9999.000000 -9999.000000 -9999.000000 -9999.000000 -9999.000000 -9999.000000 -9999.000000 -9999.000000 -9999.000000 -9999.000000 -9999.000000 -9999.000000 -9999.000000 -9999.000000 -9999.000000 -9999.000000
0.031125 0.010566 0.002800 0.084939 0.940428 -0.015289 -0.029104 0.006163 0.053387 0.566738 0.511417 0.354786 0.248186 -0.000251 0.000090 0.001101 0.048928 0.038616 0.022667 0.033847 0.016583 0.018568 0.007827 0.047497 -0.000832 0.000308 0.000771 0.012085 0.007016 0.044165 -0.092899 -0.089305 -0.002906 -0.005351 -0.001600 -0.000171 0.001583 0.011071 0.009223 0.014941 0.007790 0.003052 -9999.000000 -9999.000000 -9999.000000 -9999.000000 -9999.000000 -9999.000000 -9999.000000 -9999.000000 -9999.000000 -9999.000000 -9999.000000 -9999.000000 -9999.000000 -9999.000000 -9999.000000 -9999.000000 -9999.000000
0.004116 0.001827 0.000881 0.068875 0.214748 0.005305 0.002397 0.296152 0.091707 0.045437 0.020725 0.021988 0.015095 -0.000360 0.000360 0.010656 0.167384 -0.000121 0.028611 0.073160 0.050671 0.016515 0.006086 0.101645 0.052379 0.000013 0.006598 0.035560 0.012651 0.230226 0.139962 0.026412 -0.365487 -0.012608 -0.000962 -0.000483 0.000418 0.000856 0.000823 0.003012 -9999.000000 -9999.000000 -9999.000000 -9999.000000 -9999.000000 -9999.000000 -9999.000000 -9999.000000 -9999.000000 -9999.000000 -9999.000000 -9999.000000 -9999.000000 -9999.000000 -9999.000000 -9999.000000 -9999.000000 -9999.000000 -9999.000000
-0.000115 0.000530 0.158486 0.145169 0.097112 0.052370 0.142630 0.006258 0.007865 0.042785 0.040345 0.042790 0.031816 -0.000360 0.000360 0.010722 0.013050 -0.005027 0.000000 0.023227 0.362532 0.804157 1.077605 1.588162 1.888865 1.770360 2.324831 1.844201 1.468054 1.912324 1.426190 1.297646 0.577207 0.459371 -0.000030 -0.039560 -0.008915 -0.000282 0.000425 -9999.000000 -9999.000000 -9999.000000 -9999.000000 -9999.000000 -9999.000000 -9999.000000 -9999.000000 -9999.000000 -9999.000000 -9999.000000 -9999.000000 -9999.000000 -9999.000000 -9999.000000 -9999.000000 -9999.000000 -9999.000000 -9999.000000 -9999.000000
0.226857 0.262865 0.283824 0.231658 0.171453 0.096939 0.007990 -0.097831 -0.211199 -0.107244 0.022894 0.078576 0.065675 -0.001131 0.000213 0.001280 0.011241 0.007222 0.000000 0.011453 0.397372 0.856710 0.715400 0.884107 1.077076 1.139475 1.904410 2.560961 1.741520 2.276297 1.318188 1.305794 0.749976 0.776479 0.672311 0.815072 -0.000403 -9999.000000 -9999.000000 -9999.000000 -9999.000000 -9999.000000 -9999.000000 -9999.000000 -9999.000000 -9999.000000 -9999.000000 -9999.000000 -9999.000000 -9999.000000 -9999.000000 -9999.000000 -9999.000000 -9999.000000 -9999.000000 -9999.000000 -9999.000000 -9999.000000 -9999.000000
0.465718 0.196304 0.254659 0.233897 0.188966 0.092868 0.210632 0.195039 0.216717 0.170220 0.175306 -0.036915 -0.000489 0.000214 -0.015553 -0.026824 0.131174 0.092712 0.068430 0.193809 0.139797 0.065462 0.156356 0.268455 0.182542 0.059896 0.093777 0.916550 0.692863 0.867527 0.518316 1.267713 0.693345 0.777811 0.671009 -9999.000000 -9999.000000 -9999.000000 -9999.000000 -9999.000000 -9999.000000 -9999.000000 -9999.000000 -9999.000000 -9999.000000 -9999.000000 -9999.000000 -9999.000000 -9999.000000 -9999.000000 -9999.000000 -9999.000000 -9999.000000 -9999.000000 -9999.000000 -9999.000000 -9999.000000 -9999.000000 -9999.000000
0.806019 0.186529 0.252004 0.224224 0.182360 0.464538 1.193031 0.783184 0.620983 0.561195 0.059787 -0.000137 0.000553 0.200491 0.346189 0.319227 0.555067 0.379310 0.098833 0.071813 0.029650 0.159276 0.185530 0.271176 0.209242 0.080924 0.073337 0.024383 0.235087 -0.000689 0.000382 0.394183 0.520542 0.678412 0.609215 -9999.000000 -9999.000000 -9999.000000 -9999.000000 -9999.000000 -9999.000000 -9999.000000 -9999.000000 -9999.000000 -9999.000000 -9999.000000 -9999.000000 -9999.000000 -9999.000000 -9999.000000 -9999.000000 -9999.000000 -9999.000000 -9999.000000 -9999.000000 -9999.000000 -9999.000000 -9999.000000 -9999.000000
