use_cases/Flooding_chicago/flooding_data/output/hUx_2640.asc
ncols 337
nrows 393
xllcorner 428428.000000
yllcorner 4602440.000000
cellsize 26.757400
NODATA_value -9999.000000
[rows 52 to 77 of 393, columns 236 to 294 of 337]
-0.006861 -0.000569 0.000247 0.000554 0.004162 0.004646 -9999.000000 -9999.000000 -9999.000000 -9999.000000 -9999.000000 -9999.000000 -9999.000000 -9999.000000 -9999.000000 -9999.000000 -9999.000000 -9999.000000 -9999.000000 -9999.000000 -9999.000000 -9999.000000 -9999.000000 -9999.000000 -9999.000000 -9999.000000 -9999.000000 -9999.000000 -9999.000000 -9999.000000 -9999.000000 -9999.000000 -9999.000000 -9999.000000 -9999.000000 -9999.000000 -9999.000000 -9999.000000 -9999.000000 -9999.000000 -9999.000000 -0.022669 -0.296851 -0.336009 -0.213018 -0.113520 -0.068963 0.050143 0.118555 0.145255 -0.000520 0.000236 0.018425 0.018737 0.007368 0.003313 0.003800 -0.234983 -0.248408
-0.006778 -0.000393 0.000331 0.010243 0.019367 0.029294 -9999.000000 -9999.000000 -9999.000000 -9999.000000 -9999.000000 -9999.000000 -9999.000000 -9999.000000 -9999.000000 -9999.000000 -9999.000000 -9999.000000 -9999.000000 -9999.000000 -9999.000000 -9999.000000 -9999.000000 -9999.000000 -9999.000000 -9999.000000 -9999.000000 -9999.000000 -9999.000000 -9999.000000 -9999.000000 -9999.000000 -9999.000000 -9999.000000 -9999.000000 -9999.000000 -9999.000000 -9999.000000 -9999.000000 -9999.000000 -0.000360 0.000360 -0.183788 -0.254223 -0.285266 -0.207758 -0.175025 -0.010659 0.113629 0.146060 -0.001148 -0.000187 0.001072 0.044539 0.170514 0.047893 0.000235 -0.403240 -0.219239
-0.009117 -0.000180 0.000174 0.007009 0.032082 0.036957 -9999.000000 -9999.000000 -9999.000000 -9999.000000 -9999.000000 -9999.000000 -9999.000000 -9999.000000 -9999.000000 -9999.000000 -9999.000000 -9999.000000 -9999.000000 -9999.000000 -9999.000000 -9999.000000 -9999.000000 -9999.000000 -9999.000000 -9999.000000 -9999.000000 -9999.000000 -9999.000000 -9999.000000 -9999.000000 -9999.000000 -9999.000000 -9999.000000 -9999.000000 -9999.000000 -9999.000000 -9999.000000 -9999.000000 -9999.000000 -0.000360 0.000360 -0.241158 -0.302981 -0.381075 -0.362835 -0.418461 -0.347781 -0.237571 -0.353022 -0.039356 -0.000998 0.000954 0.038017 0.157250 0.041261 0.000009 -0.119709 -0.191942
-0.039104 -0.000069 0.000067 0.001009 0.003161 0.015433 -9999.000000 -9999.000000 -9999.000000 -9999.000000 -9999.000000 -9999.000000 -9999.000000 -9999.000000 -9999.000000 -9999.000000 -9999.000000 -9999.000000 -9999.000000 -9999.000000 -9999.000000 -9999.000000 -9999.000000 -9999.000000 -9999.000000 -9999.000000 -9999.000000 -9999.000000 -9999.000000 -9999.000000 -9999.000000 -9999.000000 -9999.000000 -9999.000000 -9999.000000 -9999.000000 -9999.000000 -9999.000000 -9999.000000 -9999.000000 -1.335325 -1.153961 -0.747440 -0.751789 -0.672107 -0.515124 -0.524453 -0.482016 -0.406129 -0.551710 -0.030254 -0.001157 0.000873 0.032830 0.161103 0.053115 -0.043336 -0.293082 -0.334818
0.065295 0.047564 0.010786 0.061698 0.088884 0.066997 0.021519 0.011577 0.003399 -9999.000000 -9999.000000 -9999.000000 -9999.000000 -9999.000000 -9999.000000 -9999.000000 -9999.000000 -9999.000000 -9999.000000 -9999.000000 -9999.000000 -9999.000000 -9999.000000 -9999.000000 -9999.000000 -9999.000000 -9999.000000 -9999.000000 -9999.000000 -9999.000000 -9999.000000 -9999.000000 -9999.000000 -9999.000000 -9999.000000 -9999.000000 -9999.000000 -9999.000000 -9999.000000 -9999.000000 -0.955133 -0.899202 -0.769707 -0.492166 -0.335404 -0.165871 -0.080214 -0.049049 -0.036459 -0.177535 -0.026181 -0.007337 0.000000 0.023812 0.032761 -0.082935 -0.337149 -0.519245 -0.504090
0.104051 0.052422 0.104908 0.129198 0.139388 0.072432 0.040003 0.015555 0.005024 -9999.000000 -9999.000000 -9999.000000 -9999.000000 -9999.000000 -9999.000000 -9999.000000 -9999.000000 -9999.000000 -9999.000000 -9999.000000 -9999.000000 -9999.000000 -9999.000000 -9999.000000 -9999.000000 -9999.000000 -9999.000000 -9999.000000 -9999.000000 -9999.000000 -9999.000000 -9999.000000 -9999.000000 -9999.000000 -9999.000000 -9999.000000 -9999.000000 -9999.000000 -9999.000000 0.000000 -0.487936 -0.525213 -0.154149 0.449217 0.829140 0.816587 0.630539 0.578583 0.534128 0.414023 -0.109532 -0.000944 -0.000245 0.002813 -0.091503 -0.103405 -0.260081 -0.156897 0.048173
0.094519 0.041312 0.132766 0.154457 0.127345 0.224099 0.417693 0.259293 0.271154 0.156845 0.078783 -9999.000000 -9999.000000 -9999.000000 -9999.000000 -9999.000000 -9999.000000 -9999.000000 -9999.000000 -9999.000000 -9999.000000 -9999.000000 -9999.000000 -9999.000000 -9999.000000 -9999.000000 -9999.000000 -9999.000000 -9999.000000 -9999.000000 -9999.000000 -9999.000000 -9999.000000 -9999.000000 -9999.000000 -9999.000000 -9999.000000 -9999.000000 -9999.000000 -0.047515 -0.455063 -0.587884 -0.452682 -0.170620 -0.269694 -0.345172 -0.383141 -0.420578 -0.540566 -0.763278 -0.457038 -0.187117 -0.001486 -0.159230 -0.527402 -0.622498 -0.711816 -0.616468 -0.843913
0.004578 0.037497 0.181249 0.086064 0.000000 0.038363 0.019246 0.101411 0.235470 0.139487 0.410530 -0.028287 -0.000492 -0.000641 0.000000 -9999.000000 -9999.000000 -9999.000000 -9999.000000 -9999.000000 -9999.000000 -9999.000000 -9999.000000 -9999.000000 -9999.000000 -9999.000000 -9999.000000 -9999.000000 -9999.000000 -9999.000000 -9999.000000 -9999.000000 -9999.000000 -9999.000000 -9999.000000 -9999.000000 -9999.000000 -9999.000000 -9999.000000 -0.002015 -0.469644 -1.053461 -1.436366 -2.079032 -2.002428 -2.393071 -2.511564 -3.011766 -3.093606 -3.649923 -1.884081 -2.222072 -2.037538 -1.744046 -1.507894 -1.913282 -1.065164 -0.609776 -0.077345
0.007751 0.060099 -0.134672 -0.007200 0.000000 0.009611 0.023351 0.064140 0.339511 0.388095 0.362472 0.318461 0.321328 0.180531 -0.202978 -0.003663 0.000000 -9999.000000 -9999.000000 -9999.000000 -9999.000000 -9999.000000 -9999.000000 -9999.000000 -9999.000000 -9999.000000 -9999.000000 -9999.000000 -9999.000000 -9999.000000 -9999.000000 -9999.000000 -9999.000000 -9999.000000 -9999.000000 -9999.000000 -9999.000000 -9999.000000 0.000000 0.006281 0.187940 0.108249 0.041059 -0.168056 -0.329556 -0.511141 -0.653986 -0.888828 -0.930560 -1.072353 -1.324778 -0.517926 -1.403013 -1.263265 -1.125804 -0.967737 -0.563361 -0.122733 -0.284179
-0.016732 -0.080394 -0.013894 -0.007722 0.000000 0.011860 0.234080 0.052512 0.003753 0.141586 0.309259 0.346584 0.443611 0.386263 0.051183 -0.041450 -0.005317 0.000000 -9999.000000 -9999.000000 -9999.000000 -9999.000000 -9999.000000 -9999.000000 -9999.000000 -9999.000000 -9999.000000 -9999.000000 -9999.000000 -9999.000000 -9999.000000 -9999.000000 -9999.000000 -9999.000000 -9999.000000 -9999.000000 -9999.000000 -0.000944 0.000489 0.094690 0.136350 0.272918 0.332682 0.693874 0.509685 0.524082 0.492500 0.428676 0.308862 0.070972 -0.205220 -0.198393 -0.000525 0.063273 0.169539 0.136383 -0.082519 -0.106576 -0.230546
-0.148004 -0.107071 -0.015821 -0.007178 0.000000 0.021780 0.242349 0.208186 0.240202 0.281572 0.297677 0.417116 0.612730 0.640849 0.454005 0.701230 0.900180 0.279859 0.000689 -0.079779 -0.004056 -0.000185 -9999.000000 -9999.000000 -9999.000000 -9999.000000 -9999.000000 -9999.000000 -9999.000000 -9999.000000 -9999.000000 -9999.000000 -9999.000000 -9999.000000 -9999.000000 -9999.000000 -9999.000000 -0.001052 0.001043 0.095074 0.091074 0.156386 0.274373 0.534313 0.581923 0.523109 0.506352 0.408282 0.225843 0.099324 -0.067859 -0.236403 -0.009799 0.000000 -0.020078 -0.037390 -0.063960 -0.061377 -0.004613
-1.150780 -0.064859 -0.026823 -0.012302 0.000000 0.006564 0.009647 0.333259 0.535886 0.471371 0.138814 0.091161 0.053959 0.221611 0.702885 0.578646 0.555651 0.171606 0.022505 -0.011165 -0.134596 -0.007486 -0.000003 0.007574 0.031181 0.008791 -9999.000000 -9999.000000 -9999.000000 -9999.000000 -9999.000000 -9999.000000 -9999.000000 -9999.000000 -9999.000000 -9999.000000 -9999.000000 -0.001217 0.001244 0.096194 0.108948 0.189568 0.317858 0.601089 0.575351 0.529398 0.533561 0.379395 0.304284 0.167207 0.012432 -0.209022 -0.007262 0.000000 -0.019510 -0.007365 -0.011325 -0.018303 -0.009557
-0.088099 -0.017566 -0.001274 -0.000294 0.000340 0.014678 0.021248 0.083374 0.008498 0.013128 0.026445 0.052919 0.095650 0.762110 0.901741 0.668001 0.579404 0.240959 0.042553 0.036763 -0.062894 -0.007193 -0.000208 0.000326 0.026779 0.014162 0.006822 0.018426 0.030436 0.040547 0.537464 1.843498 3.115948 0.066878 -0.350492 -0.018733 -0.008918 0.000000 0.003552 0.001895 0.141705 0.223231 0.326626 0.476707 0.364107 0.296162 0.248770 0.209382 0.127981 -0.032768 -0.062061 -0.170428 -0.172743 -0.035556 -0.044441 -0.012498 -0.016134 -0.060161 -0.032130
-0.019090 -0.007736 -0.000655 0.000447 0.022895 0.033856 0.378377 0.142472 0.114309 0.036075 0.019323 0.024617 -0.033888 -0.000035 -0.057324 -0.109715 -0.051333 0.038065 -0.000360 0.000360 0.025077 0.150768 -0.000064 0.000074 0.135573 0.511378 0.712766 1.667586 2.282593 3.196325 2.872505 4.464897 3.574437 0.473233 -0.210112 -0.036924 -0.014241 0.000000 0.016265 0.188384 0.269555 0.517194 0.315980 0.155089 0.077550 0.067318 0.071535 0.074897 0.021083 -0.057102 -0.043104 -0.039814 -0.076474 -0.023405 -0.072276 -0.024677 -0.000532 -0.001302 -0.002422
-0.001006 -0.000407 0.000100 0.009619 0.032318 0.348457 0.030679 -0.115848 -0.116244 -0.093021 -0.027579 0.013773 -0.066594 -0.000859 0.000758 0.078694 0.181107 0.127595 -0.000360 0.000360 0.247100 1.148766 1.296777 1.565417 1.786856 3.274360 3.029273 2.751413 2.880835 3.284554 2.656639 3.017395 1.756641 0.260779 -0.122939 -0.059913 -0.014815 0.000000 0.015202 0.226922 0.352697 0.620461 0.039590 0.022824 0.070338 0.035790 0.028812 0.028649 -0.013387 -0.157351 -0.153871 -0.195913 -0.024648 -0.013973 -0.000849 -0.001217 -0.000169 -0.000152 0.000308
-0.002372 -0.001774 0.002592 0.007743 0.006643 0.050080 0.643967 0.369334 0.348655 0.278066 0.229930 0.081318 -0.033971 -0.001301 0.000981 0.001055 0.456172 0.391224 0.003307 0.204995 0.202881 0.557422 1.041243 1.708073 1.750804 1.605577 1.948029 2.391955 1.693951 1.880969 2.818115 2.386301 1.844378 -0.026918 0.011168 -0.025800 -0.011343 0.000000 0.013292 0.286937 0.218305 0.210111 0.384084 0.860035 0.323174 0.192823 0.141830 0.077520 0.004991 0.023106 0.004691 -0.004448 -0.023521 -0.024462 -0.026446 -0.014374 -0.005208 0.000005 0.007931
-0.001961 -0.001434 0.002233 0.056595 0.122291 0.114087 0.371280 0.192380 0.126587 0.138774 0.043986 0.027397 0.016721 -0.000633 0.000705 0.009858 0.017698 0.484490 0.387618 0.365154 0.597512 0.532696 0.464030 0.540813 0.351647 1.549183 1.582574 1.361792 2.022845 2.097091 2.149475 1.882928 1.327493 0.217964 -0.087687 0.021712 -0.093046 0.000000 0.007494 0.164421 0.014455 -0.033587 0.229968 0.312818 0.060603 0.013643 -0.027831 -0.003705 0.003369 -0.000330 0.000396 -0.209533 -0.028253 -0.030079 -0.017988 -0.009595 -0.000222 0.000222 0.003946
-0.017540 -0.008768 -0.000375 0.000143 0.014617 0.024804 0.032295 0.010732 -0.089965 -0.000583 -0.000781 -0.000842 0.000035 0.001204 0.001051 0.008638 0.349233 0.758737 0.808725 0.718381 0.887066 0.622908 0.412135 0.461313 0.331391 0.331636 1.432997 1.782020 1.782881 1.429152 1.396236 1.232139 0.693223 0.172175 -0.026375 -0.080396 -0.082841 0.000000 -0.024732 -0.316770 -0.507520 -0.351280 -0.028831 0.066623 -0.091304 0.000000 0.002322 0.001052 -0.004554 -0.000401 0.000555 -0.114399 -0.345309 -0.022033 -0.015161 -0.008610 -0.000005 0.000589 0.000615
-0.012967 -0.023252 -0.010464 -0.000032 0.015093 0.025799 0.027493 0.037807 0.019915 -0.034714 -0.034142 -0.001566 0.000732 0.001402 -0.041207 0.025682 0.469148 0.717551 0.909201 0.903269 1.314155 0.783190 0.393725 0.469875 0.961245 1.296361 1.419982 1.355424 2.071428 1.519271 0.993356 0.747962 0.181025 -0.704511 -1.168029 -1.622071 -0.854293 -1.099186 -1.407629 -1.269768 -1.510963 -1.313896 -1.005681 -0.390535 -0.090725 -0.038486 0.008509 -0.007307 -0.028512 -0.000013 -0.095636 -0.125875 -0.364880 -0.034741 -0.017098 -0.000329 0.000313 0.000268 -0.000310
-0.093349 -0.029705 -0.011699 -0.000760 0.000113 0.010829 0.027058 0.026170 0.027229 0.034880 0.017562 -0.001010 0.000783 0.022676 0.624743 0.892119 0.979316 0.986206 1.180441 1.170931 0.891460 0.495727 0.285612 0.279089 0.700559 1.326589 1.683675 1.415444 1.151705 0.073679 -0.025927 0.123842 0.213118 0.080690 -0.618998 -0.823993 -1.411940 -1.090720 -1.556541 -1.562990 -1.616291 -1.755335 -1.658340 -0.884686 -0.342686 -0.181493 -0.085750 -0.047830 -0.122397 -0.501234 -0.145623 -0.530967 -0.393883 -0.015495 -0.008779 -0.000008 -0.000391 -0.003553 -0.010140
-0.383686 -0.195911 -0.064418 -0.014621 0.000000 0.008860 0.015699 0.026055 0.038961 0.057533 0.031819 -0.000447 0.000590 0.470051 0.325156 0.282937 0.278338 0.239821 0.060587 -0.000016 -0.000542 0.010540 -0.259240 -0.208435 0.120890 0.544722 1.109901 1.120839 0.256998 0.671302 0.400953 0.597743 0.079805 -0.508570 -1.105292 -1.393187 -0.949599 -0.847206 -0.137323 -0.597665 -1.109443 -1.102758 -1.145573 -0.577928 -0.243718 -0.106417 -0.011158 -0.025279 -0.003753 -0.004222 0.002407 0.032545 -0.066709 -0.428588 -0.035605 -0.001317 -0.002941 -0.023521 -0.023017
-0.279002 -0.071867 -0.052536 -0.017431 0.000000 0.012314 0.017644 0.019475 0.042804 0.086030 0.051126 -0.000018 0.013763 0.552701 0.284731 0.061311 -0.130193 -0.182063 -0.381862 -0.000013 0.006739 0.007144 0.310390 0.227830 0.291206 0.471796 0.481673 0.028783 0.000472 0.026102 0.176023 0.054386 -0.391981 -0.579418 -0.591078 -0.317930 -0.122337 -0.011782 0.000005 0.011276 0.567751 0.322940 0.140412 0.076857 0.155002 0.263185 0.354994 0.211579 0.092525 -0.024433 -0.022032 -0.000355 -0.292086 -0.038380 -0.032249 -0.000033 -0.053483 -0.017783 -0.001715
-0.000671 -0.010755 -0.026406 -0.018278 0.000000 0.006934 0.031533 0.108530 0.030746 0.202936 0.227413 0.215967 0.608441 0.415651 0.258787 0.382669 -0.023516 -0.172744 -0.436739 -0.000401 0.000555 0.026862 0.613390 0.707180 0.043902 -0.348712 -0.154909 -0.234484 -0.000396 0.000505 0.156989 1.274789 0.243045 0.189872 0.081190 -0.080719 -0.006039 -0.000222 0.000222 0.003946 0.596157 1.489662 1.324038 0.481278 0.382103 0.446992 0.323732 0.031806 -0.000172 0.000099 -0.134612 -0.010320 -0.000200 0.000033 0.000894 0.005596 0.018959 -0.042971 -0.008018
-0.000005 0.000263 0.001179 0.000799 0.004903 0.018277 0.020356 0.175372 0.368875 0.329241 0.307664 0.260822 0.128439 0.207517 0.141718 0.131750 0.031490 -0.140245 -0.011188 -0.000330 0.000396 0.303973 0.796405 0.578761 0.242589 -0.109988 -0.502198 -1.103003 -0.450753 -0.295079 -0.765630 -0.762679 -0.552972 -0.024034 -0.487841 -0.016994 -0.001437 -0.000276 0.000424 0.023815 1.400884 2.649470 1.924466 0.643053 0.156750 0.082374 -0.256094 -0.012463 -0.000299 -0.000187 -0.000117 -0.000918 -0.000222 0.000222 0.008674 0.036610 0.137116 0.996679 1.170329
-0.000222 0.000222 0.007375 0.016154 0.019529 0.024784 0.077305 0.163390 0.053231 0.022182 0.699067 0.177558 0.097577 0.157247 0.108893 0.384327 0.236224 0.000000 -0.000489 0.000028 0.120281 0.661773 0.498914 0.219207 -0.426117 -0.956071 -1.953298 -2.210911 -1.608377 -1.625084 -3.210281 -3.158425 -1.139937 -0.953724 -0.625651 -0.748311 -0.068233 -0.000016 0.076218 0.959804 2.603212 2.595570 1.839484 0.859909 0.591915 0.157874 -0.034132 -0.007739 -0.000339 0.000240 0.000379 0.001084 0.000181 0.000246 0.001020 0.035319 0.371043 0.752444 1.398908
-0.000070 0.000070 0.008819 0.024677 0.069849 0.119010 0.063141 0.077727 -0.000000 0.029978 0.089585 0.058791 0.536711 0.161232 0.014842 -0.133372 -0.027755 -0.000000 -0.048431 -0.108541 -0.198387 0.110480 0.370605 0.300229 -0.236834 -0.961524 -2.172060 -2.811841 -3.457711 -3.865522 -4.520823 -5.949381 -4.492443 -2.133132 -1.413757 -1.375852 -0.090841 -0.000001 0.124959 2.351094 3.183468 2.943803 1.859647 0.803436 0.660494 0.364598 -0.021573 -0.012093 -0.000001 0.020208 0.044086 0.084753 0.020169 0.006690 0.000031 0.013589 0.493687 0.843639 0.954152
