use_cases/Flooding_chicago/flooding_data/output/hUx_2040.asc
ncols 337
nrows 393
xllcorner 428428.000000
yllcorner 4602440.000000
cellsize 26.757400
NODATA_value -9999.000000
[rows 208 to 233 of 393, columns 236 to 294 of 337]
0.000557 0.002868 0.008450 0.008502 0.024758 0.016382 0.940385 0.309731 1.507078 2.863057 1.794722 1.726667 1.587949 3.005340 2.795863 2.357316 1.760349 0.801485 0.628050 0.536513 0.365506 1.043108 1.018530 1.115049 1.067494 0.768821 1.493904 1.590199 0.954298 0.447226 0.329702 0.099642 -0.097474 -0.047208 0.000000 0.010190 0.022040 0.528584 0.438768 0.531022 0.590109 0.751506 0.417574 0.052678 0.003826 -0.035183 -0.000012 0.048415 0.228613 0.086982 0.119373 0.465177 0.739824 0.704866 0.754642 0.759038 0.584305 0.362617 0.808179
0.057327 -0.043237 -0.000060 0.003551 0.037013 0.424945 1.332391 1.468241 2.674213 2.532127 2.822963 1.921225 1.714100 2.752936 2.336202 1.826561 2.087811 1.477161 1.319003 1.460464 0.560150 1.317056 1.180916 1.136517 1.002841 1.845770 1.523028 1.938262 1.202784 0.760113 0.537939 0.215148 0.008795 0.011610 0.005204 0.059158 0.281540 0.124304 0.277386 0.495473 0.530201 0.286044 -0.043839 -0.177767 -0.098537 -0.067174 -0.000057 0.012163 0.005164 0.156748 0.077052 -0.017083 -0.035003 -0.001041 -0.000662 0.000523 0.000881 0.000575 0.016212
0.472232 0.558735 0.714420 0.705331 1.904604 3.459259 2.840463 3.830913 3.176332 2.690165 2.539851 1.592988 0.276013 0.753164 0.625240 0.970130 1.069543 1.330984 1.550380 2.052202 2.537551 1.842801 1.934656 1.429062 1.046654 1.753434 1.379989 1.151857 0.876574 1.113624 0.444023 0.425974 0.000692 0.008726 0.010892 0.088800 0.424554 0.220181 0.157871 0.047349 -0.144605 -0.207928 -0.148394 -0.144157 -0.082727 -0.064137 -0.000326 0.000208 0.002797 0.002975 -0.005893 -0.017902 0.004589 -0.000955 -0.000559 0.000223 0.000778 0.000896 0.007247
2.905029 2.415447 2.844097 3.060631 2.702959 3.118002 2.358804 1.961524 1.537278 1.844099 2.339586 1.149066 1.115555 0.948051 0.113704 0.075203 0.051375 0.392666 0.485256 0.594675 0.388116 0.212586 0.135932 0.463531 0.397989 0.885376 0.779563 0.757528 0.607336 0.315816 0.191622 0.001583 -0.006266 -0.000270 0.000473 0.004964 0.159728 0.537799 0.180548 -0.150091 -0.164015 -0.133233 -0.117943 -0.162894 -0.134759 -0.108172 -0.065412 0.000003 0.005283 0.007307 0.005670 -0.165117 -0.013373 -0.001545 -0.000411 0.000871 0.000952 0.000931 0.007260
2.130352 1.676400 0.884118 0.793809 0.560934 0.719172 0.509213 0.476470 0.529390 0.827181 0.586730 1.070430 0.564407 0.497118 0.114478 0.069047 0.032258 0.217471 0.086101 0.062137 -0.000078 0.000413 0.041052 0.288754 0.897739 0.679499 0.731818 0.749590 0.655699 0.481796 0.351605 -0.049469 -0.000965 -0.000000 0.000965 0.150399 0.139157 0.110860 0.107484 0.076766 0.419283 0.221251 0.236787 0.303916 0.173900 0.029824 0.012541 0.018054 0.092323 0.081523 0.081529 0.008758 0.001314 -0.000516 0.000275 0.004725 0.006574 0.005844 0.006535
1.946452 1.547766 0.844434 0.792341 0.667172 0.463200 0.694023 0.528571 0.524489 0.481900 0.261622 0.283967 0.186647 0.217720 0.077213 0.666689 0.601765 0.870558 0.593240 0.225458 0.001184 0.094075 0.085420 0.111140 0.122686 0.339258 0.538225 0.602388 0.500248 0.410183 0.018863 0.006170 -0.000473 0.000270 0.008057 0.194380 0.152318 0.182319 0.213736 1.063149 0.841836 0.876723 0.608342 0.833197 0.464997 0.336772 0.018655 0.019467 0.030258 0.017933 0.022350 0.010455 0.005193 0.004317 -0.002486 -0.000667 0.001191 0.001982 -9999.000000
1.895419 1.412068 1.529785 0.798347 0.688859 0.557995 0.358078 0.527607 0.304282 0.015001 0.013028 0.002254 0.124991 0.228990 0.052528 0.345272 0.275881 0.285521 0.177728 0.215110 0.000042 0.147920 0.579783 1.405355 0.905282 0.803992 0.859995 0.844408 0.641452 0.512464 0.021913 0.008560 0.098532 0.000027 0.284644 0.767633 1.191949 1.555994 1.564752 1.612744 1.251151 1.323547 1.001624 1.194458 0.603429 0.507582 0.016557 0.018995 0.011228 0.008702 0.004766 0.003935 -9999.000000 -9999.000000 -9999.000000 -9999.000000 -9999.000000 -9999.000000 -9999.000000
-0.118481 0.151148 0.484010 0.468769 0.475457 0.423356 0.346868 0.228280 0.129894 0.076716 -0.001058 0.000005 0.001024 0.049364 0.074627 0.136503 0.974823 1.105324 1.353119 1.085892 0.631379 0.461697 0.603891 1.326059 0.590700 0.752860 0.435389 0.065402 0.447727 0.493905 0.549828 0.622455 0.845968 0.977036 0.816334 1.182494 0.821298 0.988517 0.831788 0.205296 0.963521 0.828535 0.987859 0.668050 0.618451 0.278034 -0.048484 -0.000222 0.000222 -9999.000000 -9999.000000 -9999.000000 -9999.000000 -9999.000000 -9999.000000 -9999.000000 -9999.000000 -9999.000000 -9999.000000
0.036278 0.192993 0.206549 0.244020 0.246845 0.233876 0.203644 0.160849 0.140358 0.076624 -0.010289 0.000000 0.009531 0.046232 0.106065 0.124369 0.042775 0.098978 0.610726 0.464458 0.449396 0.341961 0.297321 0.466301 1.040178 0.611446 0.464771 0.056895 0.025590 0.520843 0.541532 0.590322 0.762434 0.916846 1.566035 1.051629 0.714336 0.479604 0.271677 0.201238 0.818323 0.785035 0.678017 0.666446 0.352150 0.014572 0.003525 0.006269 -9999.000000 -9999.000000 -9999.000000 -9999.000000 -9999.000000 -9999.000000 -9999.000000 -9999.000000 -9999.000000 -9999.000000 -9999.000000
0.085418 0.048670 0.019109 0.009903 0.013900 0.087174 0.050795 0.015807 -0.010043 -0.001454 -0.002563 0.000652 0.002424 -0.052627 -0.053981 -0.000360 0.000360 0.044965 0.519757 0.345202 0.169652 0.229589 0.297715 0.150258 0.066705 0.129970 0.000733 0.000502 0.001065 0.001055 0.173001 0.183358 0.192793 0.009275 -0.003904 -0.061579 -0.316766 -0.201257 0.145247 1.362833 1.267801 0.845132 0.653745 0.225397 0.002523 0.006027 -9999.000000 -9999.000000 -9999.000000 -9999.000000 -9999.000000 -9999.000000 -9999.000000 -9999.000000 -9999.000000 -9999.000000 -9999.000000 -9999.000000 -9999.000000
0.191870 -0.001844 0.000577 0.003140 0.075219 0.116872 -0.048407 -0.130214 -0.181454 -0.221442 -0.001313 -0.000977 -0.036322 -0.267111 -0.246746 -0.000360 0.000360 0.112664 0.884290 0.024533 0.149308 0.307978 0.330993 0.185095 0.104743 0.054538 0.385573 0.006824 0.002739 0.001584 0.000844 0.119242 0.122268 0.081827 0.030594 0.008409 -0.083996 0.069857 0.181579 0.604982 0.279580 -0.008665 -0.500424 -0.078382 -0.000208 0.000326 -9999.000000 -9999.000000 -9999.000000 -9999.000000 -9999.000000 -9999.000000 -9999.000000 -9999.000000 -9999.000000 -9999.000000 -9999.000000 -9999.000000 -9999.000000
0.010411 0.005018 0.005293 0.008827 0.047257 0.030136 0.019967 -0.164249 -0.252178 -0.335710 -0.351086 -0.210626 -0.008372 0.022534 0.107654 0.395406 0.620834 1.347004 0.899489 0.639008 0.087789 0.071159 0.080159 0.201891 0.759583 0.853288 1.093638 1.150333 1.051109 0.917127 0.835035 1.677307 0.403954 0.005658 0.002150 0.001208 0.009520 0.237748 0.203325 0.000420 0.150011 0.178293 0.241429 0.225821 -0.000003 -9999.000000 -9999.000000 -9999.000000 -9999.000000 -9999.000000 -9999.000000 -9999.000000 -9999.000000 -9999.000000 -9999.000000 -9999.000000 -9999.000000 -9999.000000 -9999.000000
0.008990 0.061283 0.014940 0.012457 0.018172 0.014635 0.040926 0.022194 0.029164 0.000780 -0.000779 -0.044403 -0.151686 -0.092333 0.134793 0.327781 0.483728 0.384803 0.931935 0.007631 0.018223 0.007982 0.064845 0.193106 0.221676 -0.038487 0.001634 0.000705 0.351567 0.383825 0.490024 0.934168 0.743844 -0.000375 0.000295 0.000821 0.008808 1.223643 0.536483 0.007151 0.365741 0.385879 0.465800 0.382338 -9999.000000 -9999.000000 -9999.000000 -9999.000000 -9999.000000 -9999.000000 -9999.000000 -9999.000000 -9999.000000 -9999.000000 -9999.000000 -9999.000000 -9999.000000 -9999.000000 -9999.000000
0.012789 0.002921 0.001365 0.017577 0.027544 0.032003 0.019504 0.009456 0.011878 0.001101 0.001778 0.060453 0.423882 0.090159 0.026913 0.053280 0.000297 0.313010 0.243375 0.000019 0.004373 0.003012 0.047219 0.101894 0.137903 0.051899 -0.001390 0.000120 0.002564 0.002840 0.022096 0.015943 1.026227 1.082195 1.389741 1.837453 3.174332 2.464033 1.962303 2.022274 0.964851 0.734304 0.648938 0.000000 -9999.000000 -9999.000000 -9999.000000 -9999.000000 -9999.000000 -9999.000000 -9999.000000 -9999.000000 -9999.000000 -9999.000000 -9999.000000 -9999.000000 -9999.000000 -9999.000000 -9999.000000
0.217427 -0.000371 0.000558 0.015777 0.029822 0.037006 0.009996 0.001091 -0.000208 0.000326 0.017233 0.017011 0.094107 0.794270 0.964616 0.208960 0.446064 0.613507 -0.000356 0.000568 0.077746 0.097256 0.077833 0.040752 0.095964 0.150893 -0.017787 -0.000189 0.000557 0.010832 0.124943 0.059339 0.379955 1.596434 1.470930 1.715645 1.510633 0.987833 0.849620 0.686271 0.712969 0.333424 0.000853 -9999.000000 -9999.000000 -9999.000000 -9999.000000 -9999.000000 -9999.000000 -9999.000000 -9999.000000 -9999.000000 -9999.000000 -9999.000000 -9999.000000 -9999.000000 -9999.000000 -9999.000000 -9999.000000
0.122022 0.058723 0.000020 -0.001412 -0.001484 -0.000326 0.000208 0.034556 -0.000003 0.029975 0.044070 0.046810 0.034094 0.332802 0.747221 0.385756 0.097070 -0.033935 -0.000463 0.001674 0.018051 0.044467 0.055736 0.044140 0.103829 0.058148 -0.000053 0.000953 0.001373 0.022740 0.184667 0.085059 0.533163 1.447035 0.978250 0.233549 0.157284 0.067458 0.178620 0.130612 0.268959 0.194083 0.000000 -9999.000000 -9999.000000 -9999.000000 -9999.000000 -9999.000000 -9999.000000 -9999.000000 -9999.000000 -9999.000000 -9999.000000 -9999.000000 -9999.000000 -9999.000000 -9999.000000 -9999.000000 -9999.000000
0.161409 0.133581 0.058743 0.038766 0.026043 0.018500 0.000003 0.128279 0.248881 0.260851 0.092438 0.090355 0.083401 0.596806 0.609666 0.404415 0.214441 -0.001919 0.001621 0.004503 0.002534 0.004511 0.021873 0.044792 0.051005 0.031176 0.012620 0.004170 0.035708 0.025182 0.242233 1.460839 2.425725 0.831620 0.513024 0.302739 -0.000631 0.001218 0.010366 0.416977 0.445214 0.137830 0.001804 -9999.000000 -9999.000000 -9999.000000 -9999.000000 -9999.000000 -9999.000000 -9999.000000 -9999.000000 -9999.000000 -9999.000000 -9999.000000 -9999.000000 -9999.000000 -9999.000000 -9999.000000 -9999.000000
0.320797 0.256918 0.316424 0.296727 0.323070 0.445097 0.514273 0.579122 0.630031 0.683153 0.762549 0.915789 1.230557 1.226239 1.016394 -0.003243 -0.001933 0.003695 0.009961 0.009006 0.022181 0.037061 0.009403 0.084473 0.093817 0.060705 0.163443 0.139028 0.093844 0.046515 0.255794 1.163417 1.513306 0.358794 0.002090 -0.000300 -0.000923 0.002892 0.002179 0.043031 0.076454 -0.079196 0.000084 -9999.000000 -9999.000000 -9999.000000 -9999.000000 -9999.000000 -9999.000000 -9999.000000 -9999.000000 -9999.000000 -9999.000000 -9999.000000 -9999.000000 -9999.000000 -9999.000000 -9999.000000 -9999.000000
0.087545 0.114088 0.204477 0.287554 0.296667 0.380415 0.473904 0.391596 0.438752 0.466980 0.737983 0.790455 1.138449 0.859212 0.037705 0.013451 0.010701 0.018587 0.020003 0.014770 0.005014 0.010931 0.005881 0.110513 0.122340 0.072833 0.127368 0.104082 0.060696 0.026864 0.239201 0.259647 0.237053 0.113685 -0.000633 -0.000295 0.000017 0.001306 0.002082 0.016759 0.072051 0.000155 -9999.000000 -9999.000000 -9999.000000 -9999.000000 -9999.000000 -9999.000000 -9999.000000 -9999.000000 -9999.000000 -9999.000000 -9999.000000 -9999.000000 -9999.000000 -9999.000000 -9999.000000 -9999.000000 -9999.000000
0.254377 0.000748 0.066572 0.112971 0.242541 0.320298 0.371740 0.409391 0.414340 0.402841 0.550503 0.436028 0.425901 0.035905 0.006044 -0.006173 0.015027 0.030016 0.027815 0.013289 0.046971 0.082080 0.183461 0.107117 -0.000420 0.000361 0.008349 0.124595 0.504564 0.390204 0.277498 0.125331 -0.003158 -0.003544 -0.000847 -0.000025 0.000829 0.007138 0.006239 0.012472 0.007085 0.003290 -9999.000000 -9999.000000 -9999.000000 -9999.000000 -9999.000000 -9999.000000 -9999.000000 -9999.000000 -9999.000000 -9999.000000 -9999.000000 -9999.000000 -9999.000000 -9999.000000 -9999.000000 -9999.000000 -9999.000000
0.030733 0.010415 0.002720 0.167227 0.653926 -0.016099 -0.041094 0.015523 0.098826 0.612964 0.542541 0.381510 0.272928 -0.000248 0.000079 0.001093 0.065128 0.054735 0.032454 0.046149 0.022412 0.023798 0.009804 0.075493 -0.001021 0.000742 0.000862 0.020825 0.013450 0.028943 -0.081173 -0.068225 -0.002250 -0.005690 -0.001600 -0.000171 0.001583 0.011071 0.009223 0.014941 0.007790 0.003051 -9999.000000 -9999.000000 -9999.000000 -9999.000000 -9999.000000 -9999.000000 -9999.000000 -9999.000000 -9999.000000 -9999.000000 -9999.000000 -9999.000000 -9999.000000 -9999.000000 -9999.000000 -9999.000000 -9999.000000
0.004116 0.001827 0.000881 0.072364 0.176392 0.005966 0.002790 0.349207 0.109504 0.058721 0.036367 0.035064 0.024531 -0.000360 0.000360 0.010649 0.180496 -0.000121 0.034078 0.087177 0.061182 0.020886 0.007636 0.123372 0.017126 0.000032 0.006698 0.083421 0.043441 0.556331 0.490688 0.249032 0.115866 -0.051734 -0.000962 -0.000483 0.000418 0.000856 0.000823 0.003011 -9999.000000 -9999.000000 -9999.000000 -9999.000000 -9999.000000 -9999.000000 -9999.000000 -9999.000000 -9999.000000 -9999.000000 -9999.000000 -9999.000000 -9999.000000 -9999.000000 -9999.000000 -9999.000000 -9999.000000 -9999.000000 -9999.000000
-0.000115 0.000530 0.160247 0.147006 0.100606 0.057533 0.110687 0.105080 0.066592 0.052318 0.046927 0.052417 0.040889 -0.000360 0.000360 0.010714 0.011944 -0.005027 0.000000 0.026436 0.583843 1.060042 1.503671 2.133382 2.505707 2.474949 3.141315 2.589616 2.191191 2.796826 2.108943 1.867026 0.928591 0.827945 0.024479 -0.073330 -0.008915 -0.000282 0.000425 -9999.000000 -9999.000000 -9999.000000 -9999.000000 -9999.000000 -9999.000000 -9999.000000 -9999.000000 -9999.000000 -9999.000000 -9999.000000 -9999.000000 -9999.000000 -9999.000000 -9999.000000 -9999.000000 -9999.000000 -9999.000000 -9999.000000 -9999.000000
0.228585 0.265367 0.286551 0.234389 0.174720 0.099944 0.068921 -0.048980 -0.204056 -0.145282 -0.023192 0.099594 0.086370 -0.001125 0.000213 0.001276 0.011085 0.003796 0.000000 0.012197 0.591348 0.831114 0.968884 1.293853 1.626378 1.747570 2.745895 3.418955 2.512340 3.226431 1.925403 1.887500 1.182975 1.269785 1.129941 1.435120 -0.000403 -9999.000000 -9999.000000 -9999.000000 -9999.000000 -9999.000000 -9999.000000 -9999.000000 -9999.000000 -9999.000000 -9999.000000 -9999.000000 -9999.000000 -9999.000000 -9999.000000 -9999.000000 -9999.000000 -9999.000000 -9999.000000 -9999.000000 -9999.000000 -9999.000000 -9999.000000
0.461452 0.196312 0.255796 0.235713 0.192048 0.095161 0.279774 0.246741 0.284088 0.245372 0.271528 0.051960 -0.000488 0.000215 -0.028420 -0.028418 0.230427 0.136595 0.109310 0.309602 0.309949 0.161238 0.250483 0.380642 0.282276 0.107299 0.141213 1.231015 0.911396 1.138260 0.767966 1.661798 1.053065 1.241487 1.145964 -9999.000000 -9999.000000 -9999.000000 -9999.000000 -9999.000000 -9999.000000 -9999.000000 -9999.000000 -9999.000000 -9999.000000 -9999.000000 -9999.000000 -9999.000000 -9999.000000 -9999.000000 -9999.000000 -9999.000000 -9999.000000 -9999.000000 -9999.000000 -9999.000000 -9999.000000 -9999.000000 -9999.000000
0.806181 0.187529 0.253422 0.225620 0.187002 0.492274 1.052232 0.724795 0.595669 0.570444 0.130640 -0.000137 0.000553 0.243491 0.460999 0.430884 0.743867 0.521693 0.148238 0.116111 0.052669 0.261176 0.286657 0.400417 0.318496 0.136084 0.123908 0.059032 0.343404 0.030146 0.025628 0.578620 0.767501 1.069992 1.045381 -9999.000000 -9999.000000 -9999.000000 -9999.000000 -9999.000000 -9999.000000 -9999.000000 -9999.000000 -9999.000000 -9999.000000 -9999.000000 -9999.000000 -9999.000000 -9999.000000 -9999.000000 -9999.000000 -9999.000000 -9999.000000 -9999.000000 -9999.000000 -9999.000000 -9999.000000 -9999.000000 -9999.000000
