use_cases/Flooding_chicago/flooding_data/output/hUx_1860.asc
ncols 337
nrows 393
xllcorner 428428.000000
yllcorner 4602440.000000
cellsize 26.757400
NODATA_value -9999.000000
[rows 208 to 233 of 393, columns 59 to 117 of 337]
0.112382 0.116442 0.068416 0.042573 0.023168 -0.071571 0.000076 0.000623 0.000627 0.082462 0.162863 0.727809 0.430039 0.302867 -0.000444 -0.001024 -0.001290 -0.267776 -0.484639 -0.474666 -0.283716 -0.018195 -0.032675 -0.001620 0.000161 0.012877 0.446938 0.291384 0.179193 0.188365 0.161600 0.108022 0.111156 0.051772 0.152947 0.208227 0.249767 0.425644 0.390780 0.135851 0.037461 0.016601 -0.343701 -0.300459 -0.132882 0.096949 0.205588 0.258455 0.244263 0.071870 -0.006446 -0.021905 -0.305678 -0.074375 -0.009170 -0.000774 -0.000389 0.000563 0.000756
0.655510 0.555332 0.419206 0.382727 0.236890 0.049000 0.001081 -0.095358 -0.094095 -0.000837 -0.288755 -0.742075 -1.127228 -0.631421 -0.583744 -0.290663 -0.453871 -0.863856 -0.811855 -0.377861 -0.276936 -0.206829 -0.008026 0.003824 0.003429 -0.067018 -0.113956 -0.056005 -0.049743 -0.045294 -0.105299 -0.068665 -0.055819 -0.015677 -0.031609 -0.062615 -0.119112 -0.042390 -0.006913 -0.010944 -0.049445 -0.097953 -0.181158 -0.175571 -0.140019 -0.128146 -0.234094 -0.345239 -0.505333 -0.019959 -0.000360 0.000360 0.010511 0.009221 0.002086 -0.000104 -0.000532 -0.000423 0.000019
0.677228 0.536452 0.499426 0.447205 0.420857 0.181756 0.010251 -0.108782 -0.066903 -0.017780 -0.002307 -0.205799 -0.317025 -0.127866 -0.049795 -0.165647 -0.340903 -0.414429 -0.009150 -0.001520 0.027058 -0.012694 -0.016358 0.020605 0.010344 -0.080987 -0.075228 -0.113585 -0.152837 -0.073747 -0.023249 0.022800 0.005437 0.023127 0.032862 0.011797 -0.001325 -0.021672 -0.026711 -0.039178 -0.070031 -0.087276 -0.104235 -0.063641 0.002855 0.117378 0.188211 0.079856 0.024828 -0.043448 -0.000360 0.000360 -0.002904 -0.016477 -0.318336 -0.472483 -0.309132 -0.533262 -0.287206
0.223755 0.248151 0.217786 0.190569 0.159266 0.061265 -0.000661 -0.091315 -0.059171 -0.068046 -0.004823 -0.255213 -0.507247 -0.311638 -0.339890 -0.613031 -0.649775 -0.345164 0.000563 0.018439 0.024699 -0.032179 -0.027124 -0.002081 0.010157 0.170951 0.151497 -0.027429 -0.069991 -0.083103 -0.016585 0.189532 0.083040 0.074517 0.044583 0.004552 -0.035904 -0.042233 -0.142427 -0.208196 -0.373193 -0.266687 -0.078803 0.050151 0.106105 0.115894 0.062832 -0.006428 -0.010439 -0.022974 -0.020992 -0.024725 -0.619110 -0.826573 -1.059664 -2.178148 -1.638784 -0.698041 -0.855087
-0.107945 -0.265711 -0.283379 -0.325103 -0.384677 -0.386077 -0.461872 -0.572178 -0.469474 -0.362998 -0.546083 -0.564786 -0.520765 -0.506068 -0.912393 -0.897852 -0.017239 0.000000 0.007772 0.007257 0.063095 0.169751 0.075144 0.006807 0.008631 0.522527 0.061744 -0.057952 0.000224 -0.053698 0.054419 0.101161 0.217767 0.177635 0.057907 0.007547 -0.039926 -0.039281 -0.095815 -0.164514 -0.209633 -0.272157 -0.369468 -0.340412 -0.400494 -0.406455 -0.507294 -0.024375 -0.004307 -0.010428 -0.029659 -0.103380 -0.214282 -0.427162 -0.647552 -0.093948 -0.002086 -0.007474 -0.006740
-0.248396 -0.403251 -0.409023 -0.438088 -0.483218 -0.556334 -0.603583 -0.649503 -0.598324 -0.454515 -0.961027 -0.415927 0.000000 0.007261 0.053470 -0.071312 -0.009039 0.000012 0.011283 0.014257 0.002541 0.000744 0.000017 0.000012 0.006118 0.002273 0.000327 0.000011 0.003361 0.002465 0.226941 0.212147 0.118307 0.095321 -0.001386 -0.133076 -0.136693 -0.135886 -0.025313 -0.164234 -0.337154 -0.516867 -0.582007 -0.630030 -0.304615 -0.341084 -0.010745 -0.000938 -0.001497 -0.000222 0.000222 0.042979 -0.010533 -0.151120 -0.076073 -0.014682 -0.001981 -0.004594 -0.005905
-0.026797 -0.071167 -0.083469 -0.079094 -0.098902 -0.054914 -0.045203 -0.049428 -0.083701 -0.074556 -0.194119 -0.026390 0.000000 0.003663 0.015024 0.001652 -0.000678 0.000312 -0.001240 -0.000899 -0.000020 0.000912 0.000721 0.000563 0.001047 0.000448 -0.000064 0.000358 0.000540 0.008072 0.272927 -0.002306 0.000686 -0.033766 -0.102131 -0.226090 -0.282835 -0.477130 -0.616973 -0.706162 -0.866364 -0.930708 -1.153011 -1.280570 -0.824339 -0.502534 -0.004201 -0.000728 -0.001043 -0.000140 0.000122 -0.531399 -0.405798 -0.370602 -0.067161 -0.020049 0.000000 -0.014941 -0.050532
0.019436 0.023925 0.040844 0.044534 0.130269 0.063475 0.057336 0.077479 -0.196797 -0.585685 -0.032752 -0.010377 0.000000 0.005004 0.002954 -0.001476 -0.000972 -0.001233 -0.001808 -0.002216 0.000000 0.006995 0.016782 0.154372 0.096431 0.125389 0.146318 0.165150 0.147084 0.494284 0.373957 -0.008031 0.000123 0.001691 0.000429 0.000415 -0.139605 -0.227074 -0.578021 -0.540997 -0.637927 -0.937877 -1.131865 -1.455405 -1.489572 -1.556734 -0.948928 -0.300297 -0.466679 -0.463429 -0.843561 -0.932693 -0.782928 -0.524502 -0.019622 -0.007474 0.000000 -0.020051 -0.057801
-0.028610 -0.050816 -0.039996 -0.047456 -0.057963 -0.094011 0.001331 0.002602 -0.551816 -0.110195 -0.006584 -0.000378 0.000141 0.014876 0.058496 0.025290 -0.002662 -0.008125 -0.001053 0.000148 0.000261 0.025605 0.334915 0.589245 0.150816 0.153954 0.157090 0.162424 0.136822 0.332226 0.204545 -0.022231 -0.007156 -0.000727 -0.000791 -0.000640 0.000001 0.012574 0.078748 0.008890 -0.046534 -0.221800 -0.317718 -1.000007 -1.736057 -2.094243 -2.527849 -1.719518 -1.817841 -1.141280 -0.758312 -0.740355 -0.039021 -0.003166 -0.005742 -0.003006 -0.005090 -0.018178 -0.051972
-0.045945 -0.062756 -0.057910 0.014741 0.013539 0.005054 -0.000116 0.214140 -0.048655 -0.107557 -0.000893 -0.000160 0.000162 -0.075830 -0.207718 -0.283372 -0.455338 -0.020317 -0.000045 0.000332 0.001965 0.006640 0.090907 -0.024169 -0.000436 0.000335 0.062366 0.075067 0.065526 -0.001060 0.000652 -0.097671 -0.031237 -0.013976 -0.000576 -0.000545 0.000035 0.009294 0.041850 0.014513 0.095722 0.145574 -0.137062 -0.144956 -0.013972 -0.568098 -0.983816 -1.117327 -1.264562 -0.932556 -0.041638 -0.001068 -0.001813 -0.002628 -0.003086 -0.003257 -0.009225 -0.064191 -0.073147
-0.202218 -0.203127 -0.215500 -0.130227 -0.156716 -0.005685 -0.005639 -0.514969 -0.104245 -0.167366 -0.192949 -0.199581 -0.202956 -0.159728 -0.079349 0.020462 0.034369 -0.001338 0.017229 -0.116604 -0.052816 -0.000295 0.000447 0.003146 -0.001008 0.000440 0.000538 -0.090594 -0.004512 0.000001 0.006448 0.004344 -0.000300 -0.000837 -0.000597 0.000204 0.000948 0.019255 0.044352 0.010321 0.003778 -0.023717 0.009160 0.059614 0.143833 0.152362 -0.055642 -0.337719 -0.597610 -0.341073 -0.112065 -0.000460 0.000224 0.035326 0.023114 -0.001023 -0.054590 -0.139886 -0.054448
-0.347843 -0.463442 -0.472459 -0.447835 -0.497601 -0.024997 -0.048407 -0.093653 -0.156898 -0.203296 -0.831039 -0.216755 -0.205117 -0.172767 -0.165780 -0.106549 -0.000803 0.000574 0.047317 0.034530 -0.000771 -0.000308 0.000831 0.008741 0.567225 -0.002749 -0.003756 -0.010372 -0.009342 0.000019 -0.002793 -0.001065 -0.002067 -0.000823 -0.000521 0.000437 0.000807 0.006544 0.002246 0.000766 0.001411 0.178897 0.437206 0.291423 0.314705 0.128228 -0.180584 -0.263084 -0.276413 -0.315112 -0.231975 -0.294149 -0.260475 -0.470578 -0.506857 -0.366417 -0.921169 -0.520428 -0.067131
0.100883 0.098481 0.040848 -0.037127 -0.239955 -0.018570 -0.046045 -0.096181 -0.148022 -0.205833 -0.800140 -0.213358 -0.201699 -0.164894 -0.150598 -0.099318 -0.001469 0.000994 0.026254 -0.029935 -0.012320 -0.000013 0.004146 0.002958 0.277184 -0.006716 -0.027652 -0.009035 -0.000596 0.000505 -0.010954 -0.012180 -0.001255 -0.000103 0.000272 0.001214 0.000875 0.001178 0.000596 0.000448 0.011473 0.236841 0.237259 0.622395 0.403703 -0.103102 -0.228327 -0.365824 -0.450261 -0.172902 -0.253354 -0.260533 -0.240605 -0.491827 -0.080945 -0.093686 -0.015960 -0.056404 -0.067848
0.251839 0.267004 0.227726 0.183259 0.078869 -0.063250 -0.293631 -0.074084 -0.000081 0.000626 -0.032861 -0.041210 -0.000330 0.000361 -0.048713 -0.097334 -0.015277 0.000000 0.007422 0.257185 0.218411 0.144920 -0.000330 -0.006267 -0.042157 -0.150101 -0.004422 -0.000933 -0.000833 0.001101 -0.284573 -0.124089 -0.000056 0.001609 0.000711 0.005990 0.005435 0.190846 0.257563 0.399435 0.552583 0.463929 0.989028 0.408477 0.321379 -0.005825 -0.010464 -0.019123 -0.521351 -0.223111 -0.777800 -0.238799 -0.274641 -0.281556 -0.843031 -0.491700 -0.047028 -0.018488 -0.012208
-0.070820 -0.126291 -0.153937 -0.175079 -0.309380 -0.543532 -0.013568 -0.007145 0.000000 0.008624 0.115245 0.044701 -0.000006 -0.066987 -0.077913 -0.090747 -0.067189 -0.000252 -0.000460 -0.038825 -0.485952 -0.800675 -1.424365 -0.488762 -0.389795 -0.538386 -0.193491 -0.045451 -0.000364 0.000434 -0.007095 -0.005348 -0.000002 0.014854 0.048145 0.019861 0.015903 0.247790 0.312549 0.454544 0.593750 0.655718 0.608462 0.086917 -0.007660 -0.016386 0.000000 -0.108408 -0.171144 -0.388620 -0.312843 -0.389130 -0.243617 -0.271075 -0.926362 -0.544304 -0.076713 -0.022889 -0.019861
-0.069928 -0.031644 -0.038345 -0.052318 -0.217117 -0.533329 -0.013569 -0.007145 0.000000 0.006411 -0.675401 -0.857800 -1.244760 -1.400335 -1.313876 -1.120157 -0.959718 -0.852841 -0.755492 -0.600423 -0.314462 -0.076962 -0.006275 -0.026607 -0.037577 -0.037138 -0.070103 -0.033224 -0.041272 -0.033787 -0.021418 0.000000 0.025442 0.079362 0.032161 0.015162 0.010526 0.247375 0.169124 0.180593 0.273574 0.234463 0.180229 -0.145896 -0.036169 -0.096293 -0.180929 -0.187529 -0.192070 -0.326759 -0.237281 -0.240181 -0.135654 -0.001025 0.000064 -0.162321 -0.049675 -0.110535 -0.017724
-0.000352 -0.030554 -0.129296 -0.167106 -0.186878 -0.265498 -0.340018 -0.028758 -0.081447 -0.167724 -0.572638 -0.528253 -0.698675 -0.348120 -0.337407 -0.679589 -0.681061 -1.182524 -0.778394 -0.817982 -0.639676 -0.674609 -0.047547 0.000000 -0.030760 -0.011591 -0.028749 -0.314521 -0.027064 -0.011697 0.015668 0.036593 0.024929 0.079057 0.614094 0.298697 0.193200 0.216728 0.144629 0.194478 0.245921 0.082512 -0.233049 -0.536593 -0.699907 -0.726190 -0.190902 -0.225954 -0.213349 -0.457686 -0.445947 -0.592868 -0.505726 -0.011273 -0.000484 0.000185 -0.020540 -0.073910 -0.016079
-0.199534 -0.220572 -0.582662 -0.755437 -0.606285 -0.785958 -1.006645 -2.826851 -1.529104 -1.717564 -1.298769 -0.883276 -0.801331 -0.288381 -0.335912 -0.660913 -0.608465 -0.910979 -0.727383 -0.435214 -1.498708 -0.792535 -0.081808 0.000000 -0.051799 -0.018292 -0.035024 -0.375071 -0.091623 -0.000018 0.032996 0.041101 0.027775 0.077044 0.549374 0.135958 0.166555 0.181309 0.230031 0.284230 0.346062 0.260374 -0.041281 -0.313283 -0.337800 -0.403840 -0.214807 -0.261585 -0.255305 -0.227299 -0.176039 -0.128526 -0.118189 -0.008170 -0.001216 -0.002371 -0.004730 -0.016642 -0.013512
-0.286658 -0.343667 -0.419186 -0.512662 -0.636979 -0.803727 -0.996604 -2.324007 -1.229523 -0.199071 -0.228794 -0.758471 -0.006214 -0.000090 0.000284 0.018836 0.152919 0.108621 -0.000389 0.000033 0.000397 -0.168654 -0.065434 -0.082777 -0.140695 -0.020677 0.000003 -0.006781 -0.009339 -0.000747 -0.000375 0.000466 0.038050 0.096593 0.390535 -0.098912 -0.117406 0.015127 0.067073 0.098861 0.128667 0.046016 -0.034706 -0.119870 -0.061309 -0.139114 -0.233796 -0.269928 -0.892365 -0.280492 -0.264908 -0.266858 -0.306752 -0.356485 -0.083436 -0.172709 -0.021181 -0.001173 -0.002469
-0.220224 -0.255011 -0.289486 -0.310423 -0.333535 -0.408406 -0.469513 -0.486664 -0.097877 -0.159259 -0.205746 -0.014712 -0.005246 0.000000 0.005878 0.011314 0.002475 0.000272 -0.000821 0.000072 0.000932 0.036851 -0.261228 -0.267104 -0.008128 -0.000326 0.000208 -0.026278 -0.035033 -0.036290 -0.001321 -0.000258 0.001182 0.010214 0.034359 0.123610 0.058418 0.167205 0.227970 0.247143 0.283845 0.143398 0.073429 -0.143288 -0.065621 -0.000909 0.000158 -0.163459 -0.224284 -0.264858 -0.274762 -0.298983 -0.361411 -0.451459 -0.613116 -0.225819 -0.037566 -0.093248 -0.128695
-0.179936 -0.207260 -0.222888 -0.205206 -0.398256 -0.204996 -0.269501 -0.017524 -0.065302 -0.095550 -0.164043 -0.021336 -0.008575 0.000000 0.005878 0.011950 0.002342 -0.000718 -0.001784 0.000000 0.006003 0.284339 0.369673 -0.001898 -0.004731 -0.006759 -0.019975 -0.048369 -0.058137 -0.053074 -0.044732 -0.001414 0.001425 0.001248 0.004855 1.021345 0.747326 0.526580 0.606480 0.620196 0.464297 0.433986 -0.006186 -0.009218 -0.021970 -0.003875 -0.003395 0.000009 0.034502 -0.042606 -0.145749 -0.179820 -0.233231 -0.373155 -0.241907 -0.467030 -0.568120 -0.084530 -0.161411
-0.199099 -0.252730 -0.536759 -0.448909 -0.478962 -0.592347 -0.036622 -0.001213 -0.002681 -0.005157 -0.040086 -0.003663 0.000000 0.015999 0.053244 0.377684 0.667477 -0.000612 0.000492 0.097583 -0.054484 -0.029950 0.002918 -0.000066 0.095726 -0.258286 -0.283911 -0.049851 -0.001013 -0.001229 -0.001572 -0.000143 0.002182 0.012213 0.045576 0.377149 0.180464 0.100301 0.054159 0.050866 -0.004593 -0.205677 -0.026785 -0.003271 -0.005041 -0.005547 -0.000253 0.000442 0.020889 0.017320 0.039884 0.002424 -0.033877 -0.005403 -0.000479 0.000040 -0.488248 -0.570558 -0.135258
-0.142229 -0.171616 -0.211535 -0.421793 -0.516438 -0.722830 -0.083769 -0.001817 -0.005166 -0.008336 -0.016081 -0.013332 -0.000365 0.000628 0.001407 -0.046511 -0.004699 -0.000028 0.129882 0.076636 0.042829 0.034308 -0.050198 -0.081702 -0.118837 -0.150050 -0.234762 -0.024182 -0.001000 -0.001165 -0.001339 0.000046 0.001940 0.029667 0.597228 0.628297 0.490685 0.402299 0.263129 0.223237 0.186066 0.115741 -0.003221 -0.007557 -0.006857 -0.000573 0.000469 0.049644 0.051317 0.042262 0.218943 0.082825 -0.003821 -0.456420 -0.034098 -0.000865 0.000332 -1.002516 -0.081168
0.231606 0.309023 0.242639 0.211159 0.086724 -0.043764 -0.166181 -0.115926 -0.014710 -0.000002 0.019650 0.012308 -0.075413 -0.000394 0.000541 0.000648 -0.002063 -0.000419 0.000272 0.140648 0.230003 0.216405 -0.003997 -0.059631 -0.037335 -0.012751 -0.022430 -0.143599 -0.008344 -0.009424 -0.006806 -0.000508 0.000629 0.034545 0.413628 0.230714 -0.017907 -0.006192 0.044640 0.074039 0.029160 -0.332206 -0.086623 -0.008752 -0.009748 -0.000458 0.000527 0.035132 0.049905 0.054444 0.107175 -0.118904 -0.226482 -0.530410 -0.040353 -0.003587 -0.004594 -0.009749 -0.018949
0.083169 0.032382 -0.084176 -0.002006 -0.008132 -0.020194 -0.041955 -0.106345 -0.014655 -0.000068 -0.062087 -0.055587 0.022149 0.043136 0.038812 0.024693 0.063979 0.063879 -0.001217 -0.000789 -0.000297 0.000032 0.001387 0.001322 -0.005396 -0.015277 -0.043280 -0.066529 -0.004889 -0.003169 -0.000781 -0.000434 0.000027 0.027280 0.108930 -0.000042 -0.038294 -0.055168 -0.022822 -0.026409 -0.110452 -0.486421 -0.081827 -0.004446 -0.009914 -0.000016 0.009928 0.024815 0.048408 0.062324 0.025313 0.039359 -0.001304 -0.001954 -0.002770 -0.002722 0.000691 0.000161 -0.000739
-0.031804 -0.006649 0.007052 -0.009306 -0.000098 0.001024 -0.010514 -0.117121 -0.017523 -0.001429 -0.000024 0.000188 0.000872 0.031840 0.031127 0.019023 0.042357 0.032386 -0.001129 -0.001385 -0.000222 0.000222 0.002896 0.002487 0.006434 0.002716 -0.005269 -0.001743 -0.001211 0.000778 0.121528 0.122047 0.002033 0.005962 0.076692 0.030773 0.048306 0.066729 0.131975 0.157110 0.109721 -0.105509 -0.009070 -0.000113 0.001005 0.100996 0.117491 0.022459 0.007892 -0.000208 0.000326 -0.000617 -0.001481 -0.002648 -0.003129 0.000000 0.009238 0.014907 -0.124458
