use_cases/Flooding_chicago/flooding_data/output/hUx_3060.asc
ncols 337
nrows 393
xllcorner 428428.000000
yllcorner 4602440.000000
cellsize 26.757400
NODATA_value -9999.000000
[rows 182 to 207 of 393, columns 59 to 117 of 337]
0.005878 0.020646 0.005872 0.004248 0.002842 0.001887 0.001439 0.012130 0.028798 0.239531 -0.001162 0.000736 0.012916 0.025704 0.008508 0.024642 -0.104496 -0.274803 -0.496013 -0.520874 -0.429750 -0.481802 -0.031658 -0.005800 -0.000222 0.000222 0.011581 0.014046 0.013952 0.002433 0.444929 0.282736 0.095292 0.131944 -0.105082 -0.036474 -0.000401 0.000555 0.024679 0.478288 0.613687 0.995046 1.488859 1.761079 2.256272 2.879194 4.421851 4.434554 3.569786 2.744993 1.845504 1.545139 0.525646 0.234961 0.026061 -0.139349 -0.406442 0.000000 0.026364
0.005878 0.014730 0.003639 0.002126 0.002412 0.001961 0.001225 0.004521 0.004335 0.007519 -0.002116 0.000695 0.001845 0.011767 0.030303 0.370666 0.109955 -0.128385 -0.477476 -0.128454 -0.002761 -0.007351 -0.022053 -0.056853 -0.005786 -0.000020 0.000428 0.004084 0.005753 0.000960 0.169225 -0.020995 -0.060922 -0.057509 -0.310681 -0.029357 -0.000330 0.000396 0.026899 0.406051 0.570189 0.628603 0.933733 1.716005 2.192998 3.501482 4.449529 3.709327 2.632407 1.507565 1.000694 0.477740 0.207999 0.124907 0.091438 0.034748 -0.185116 -0.000805 -0.001282
0.000526 0.002380 0.001324 0.001765 0.000556 0.000604 0.000428 0.019848 0.079381 -0.032735 -0.002637 0.000550 0.002574 0.016998 0.023166 0.349234 0.163892 0.035328 -0.368752 -0.137446 -0.000519 0.000233 0.010517 0.015564 0.118499 0.002051 0.000815 0.001568 0.000536 -0.048538 -0.220170 -0.236394 -0.184055 -0.111680 -0.184318 -0.002932 0.000400 0.001388 0.242794 0.230487 0.322259 0.453855 0.920739 1.426214 2.119986 2.387570 2.600620 2.101918 1.663546 1.530396 1.881137 1.561096 1.461555 1.177934 1.085232 1.098045 0.888141 0.704736 0.384065
0.001265 0.007729 0.006806 0.018606 0.007042 0.002175 0.000870 -0.004083 0.000767 -0.001677 -0.003009 0.000000 0.007755 0.017491 0.075443 0.054994 0.072641 0.022541 -0.321533 -0.148149 -0.001158 -0.000286 0.001025 0.015847 0.013202 0.016458 0.005322 0.050021 -0.011985 0.020125 0.159235 0.168982 0.325895 0.521153 0.362160 0.290228 0.341201 0.334407 0.436048 0.326199 0.352233 0.642245 1.263279 1.997595 2.168631 2.509125 2.788602 2.123206 1.667789 1.574540 2.037527 1.282077 0.873362 0.747046 0.683120 0.625873 0.498176 0.551906 0.661308
0.057979 0.025490 0.019980 0.101508 0.273625 0.182693 0.105864 0.048287 0.019695 0.015788 -0.001078 0.001144 0.013006 0.030368 0.106315 -0.016346 0.071281 0.452297 0.448883 0.187364 -0.009637 -0.001297 0.000801 0.001271 0.026565 0.104189 0.811783 0.982025 1.451081 1.792263 1.806689 1.789773 1.708854 1.539362 1.119193 0.926560 1.134755 1.077867 0.887032 0.786325 0.988082 1.605304 1.914610 2.190717 2.231254 2.392507 2.272740 1.994437 1.386497 1.390628 0.870655 0.990357 0.516473 0.398278 0.409740 0.281788 0.299876 0.321833 0.590029
0.063313 0.023205 0.014911 0.006800 0.017294 0.212925 0.129977 0.140854 -0.041770 -0.039324 -0.000804 0.000851 0.026509 0.062313 0.077545 0.094063 0.018065 0.104699 0.311480 0.373648 -0.064216 -0.000749 0.000131 0.000833 0.013329 0.064883 0.831278 0.789506 1.028685 0.963779 0.949266 0.976236 1.265683 1.205117 1.080423 1.279514 1.248845 1.244057 1.094129 1.243251 1.381500 1.511911 1.467158 1.778401 1.934929 2.128670 1.969844 1.614730 1.772029 1.398798 0.906115 0.738708 1.098849 0.743214 0.781037 0.660945 0.401337 0.482304 0.460084
0.031214 0.217064 0.000920 0.002402 0.008821 0.005057 0.096589 0.623337 0.575908 0.156142 -0.000390 0.000399 0.040375 0.202683 -0.093420 -0.110288 -0.050411 0.059640 0.166753 0.211203 0.013481 0.003503 0.000005 0.001086 0.002615 0.249458 0.167492 -0.064022 -0.164784 -0.461612 -0.470106 -0.270700 0.127175 0.484155 0.621724 0.702561 0.696852 0.609012 0.603500 0.851779 0.867899 0.858445 1.417035 1.780677 1.942030 2.318939 2.371731 2.092487 2.053545 1.641830 1.457719 0.992427 1.720990 1.575063 1.695305 1.356523 1.181431 1.283125 1.097182
0.012665 0.190587 -0.000414 0.000775 0.008731 0.006636 0.079314 0.667870 0.837038 0.151309 0.005549 0.001693 0.015109 0.078134 0.109693 0.139578 0.310614 0.719918 0.629482 0.552769 0.281851 0.111802 0.000249 0.158142 0.186185 0.454243 0.407468 0.426946 0.269372 0.219897 0.050290 0.026313 0.000015 0.252462 0.537591 0.536815 0.564985 0.587245 0.568542 0.785706 0.756630 1.147697 1.427439 1.939674 2.421403 2.466825 2.502617 2.503346 2.236659 1.824086 1.441367 1.357599 1.706493 1.216272 1.058964 1.039596 0.971419 1.066325 0.732490
0.038606 0.025585 0.009682 0.000034 0.005582 0.006220 0.003222 0.010124 0.104015 0.056564 0.000372 0.007232 0.062168 0.332082 0.490283 0.562673 0.607732 0.792210 1.225285 1.348718 1.317165 1.088150 1.273383 1.414103 1.487372 2.162376 1.208029 1.128337 0.539795 0.362987 0.263102 -0.001764 0.000069 0.176007 0.217809 0.338921 0.497965 0.540855 0.757856 0.845602 1.048830 1.349525 1.867396 1.981403 1.641681 1.479861 1.659515 1.380644 1.242579 0.863090 0.717813 0.616469 0.199299 -0.273837 -0.659589 -0.720612 -0.912239 -1.387340 -0.137674
0.181678 0.069504 0.000283 0.000108 0.001014 0.002737 0.001846 0.013072 0.142034 0.081288 0.192020 0.822893 0.888757 1.175260 1.129092 1.212791 1.582890 1.594227 2.102685 2.428442 2.317481 2.487237 3.429868 2.894997 3.108364 2.455557 3.094025 2.658705 1.880118 1.597958 1.876037 1.535029 1.128403 0.642378 0.501155 0.736955 0.656168 0.790745 0.869763 0.896294 0.742711 0.836221 1.192442 1.437978 1.381691 1.683055 1.261833 1.046314 0.653943 0.634267 0.519979 0.328735 0.232734 0.023257 -0.261305 -0.244341 -0.211217 -0.572994 -0.138690
0.264651 0.134976 -0.001993 -0.002011 0.000064 0.001614 0.004395 0.003267 0.093680 0.289087 0.139528 0.101606 0.280084 0.543484 0.732279 0.932118 1.176881 1.724325 1.992513 2.564466 2.591817 2.823072 3.146429 2.636271 2.716488 3.296406 3.203969 2.668861 2.544203 2.858646 2.428397 2.678041 2.193638 1.389681 1.157783 1.234659 1.330151 1.433167 1.351890 1.390279 1.052255 0.942346 1.259219 1.471751 1.409839 1.702232 1.137568 0.736376 0.342439 0.263282 0.182288 -0.060746 -0.006895 0.000184 -0.000562 -0.000353 0.000505 -0.037038 0.017405
0.100647 0.093053 0.048186 -0.000399 0.000560 0.000247 0.000283 0.021719 0.190859 0.610327 0.592464 0.625735 0.525405 0.827413 0.677204 0.845441 0.876242 1.041866 1.548269 1.544487 1.515377 1.774839 1.540326 1.617441 1.601913 1.890482 1.711560 1.312155 2.016807 1.952854 2.153070 1.961818 1.538469 1.477356 1.260877 1.135555 1.400344 1.346390 1.253803 1.118273 1.010695 0.991685 1.264009 1.316371 1.920730 2.913849 1.333321 0.633479 0.175107 -0.054338 -0.236260 -0.430158 -0.658695 -0.039272 -0.001411 -0.000674 0.001459 -0.014132 0.270555
0.169015 0.252781 0.165801 0.101940 0.033976 0.005263 -0.000134 0.001641 0.073271 0.314468 0.374061 0.464301 0.300917 0.257295 0.201281 0.212657 0.232199 0.368997 0.607276 0.697115 0.843261 0.997526 0.913114 0.625633 0.646737 0.633861 0.621364 0.584766 1.047386 1.182811 1.063400 1.154281 1.045590 1.163076 1.196034 1.549627 1.559358 1.804162 1.777894 1.768924 1.609916 1.517730 1.748728 1.503663 1.363230 0.417406 -0.369252 -0.842253 -0.963126 -1.216749 -1.409873 -1.687830 -1.136651 -0.511469 -0.001537 -0.001122 0.001607 -0.060225 -0.264390
0.087085 0.195580 0.125591 0.428114 0.384295 0.433706 0.422782 -0.003329 0.004193 0.129020 0.202833 0.174514 0.138344 0.102869 0.074662 0.022840 0.021753 0.227513 0.567892 0.712133 0.891333 1.061682 0.943579 0.644384 0.673968 0.592719 0.510784 0.446405 0.757706 0.884604 0.842307 1.001935 1.090543 1.107876 1.719735 2.164260 1.642618 1.412062 1.192739 1.449418 1.241822 0.966727 0.951855 0.825915 0.758296 0.317283 0.005404 0.018565 0.130594 -0.021543 -0.348038 -0.615915 -1.249370 -1.365337 -0.052658 -0.008308 0.000000 0.006280 -0.725412
0.134999 0.482957 0.333010 0.360201 0.350063 0.577332 0.532813 0.410827 0.226901 0.186014 0.277261 0.225430 0.209891 0.156100 0.116841 -0.005347 0.008238 0.148842 0.389564 0.559086 0.707349 0.622907 0.391943 0.342106 -0.000474 0.001329 0.001631 0.276117 0.343943 0.410729 0.606629 0.947388 1.078141 1.392866 1.883382 1.563303 0.385951 0.003683 0.001643 0.287142 0.280982 0.420660 0.351990 0.451687 0.701111 -0.203961 -1.478759 -0.921920 -0.576912 -0.006320 0.000003 0.006168 -0.393778 -1.724728 -1.054452 -0.111995 -0.000051 0.000944 -0.338531
0.084688 0.322122 0.281051 0.361427 0.339025 0.483978 0.482857 0.497693 0.356136 0.339340 0.339721 0.280033 0.300958 0.211018 0.122309 -0.005878 -0.085367 -0.035564 0.110047 0.233770 0.220643 0.110115 -0.000404 -0.000515 -0.000319 0.009888 0.001869 0.025323 -0.130675 -0.427675 -0.325844 -0.299219 -0.450321 -0.333815 -0.746152 -0.006559 -0.000100 0.000120 0.005723 0.071254 0.163857 0.263563 0.345624 0.071708 -0.411952 -0.165988 -0.306349 -0.086218 -0.004376 -0.000326 0.000208 0.007109 0.137663 -0.548265 -1.243984 -1.520074 -0.732727 -0.237885 0.000000
0.060275 0.040181 0.026074 0.023172 0.255177 0.201528 0.227951 0.275749 0.305810 0.208906 0.174960 0.200937 0.148171 0.058401 -0.032616 -0.191902 -0.258600 -0.126434 -0.011055 0.084267 0.010759 -0.021586 -0.009055 0.000003 0.009147 0.091162 -0.000124 0.000095 0.000311 0.000451 0.001390 0.027879 0.237180 -0.614538 -0.015268 -0.000340 0.000000 0.000340 0.050362 -0.064000 -0.038911 0.072963 0.130009 -0.076428 -0.520232 -0.209268 -0.203245 -0.115046 -0.055744 -0.000143 0.000127 0.089669 -0.095721 -0.221980 -0.811545 -0.734461 -0.573367 -0.181468 0.000000
0.013320 0.020594 0.016303 0.018204 0.015198 0.087072 0.047409 0.217964 0.206967 0.249514 0.186391 0.597891 0.422627 0.215492 -0.030516 -0.170318 -0.170901 -0.037829 -0.000545 -0.000220 -0.083465 -0.014312 -0.000326 0.000208 0.002799 0.001352 -0.000372 -0.000206 0.000363 0.004393 0.011297 0.000511 -0.000155 -0.000078 -0.000169 0.000070 0.000234 0.011278 0.055101 0.059208 0.341898 0.374365 0.345250 -0.236481 -0.902233 -0.601347 -0.378940 -0.281289 -0.147196 -0.005319 -0.018265 0.033402 0.207938 0.039216 -0.174292 -0.375438 -1.467531 -0.229202 -0.000257
0.011195 0.129033 0.124673 0.101357 0.026027 0.022874 0.333141 0.418204 0.402484 0.448004 0.525516 0.609430 0.678050 0.087066 -0.426951 -0.549777 -0.360052 -0.005185 -0.000427 -0.006463 -0.061311 -0.016742 -0.000442 -0.000339 -0.000574 -0.002483 -0.012385 -0.006394 0.000007 0.012156 0.188572 -0.012147 -0.000222 0.000222 0.008922 0.110707 0.026881 0.003890 -0.097135 0.046215 0.270046 0.240315 0.101047 -0.428376 -1.227095 -1.567301 -1.726720 -1.679532 -1.272588 -1.374441 -1.377099 -1.570838 -1.366720 -1.517903 -2.086913 -1.583689 -1.675462 -1.948280 -1.450297
0.467755 0.446158 0.481845 0.490670 0.523641 0.355872 0.313811 0.214794 0.285000 0.192376 0.136527 0.102848 -0.035307 -0.000048 -0.000895 -0.003472 -0.001281 0.000315 0.001929 0.000939 0.000055 0.000707 0.000095 -0.000567 -0.000540 0.000009 -0.000454 0.000407 0.000341 0.000354 0.017144 0.004854 -0.000003 0.005186 0.055650 0.004271 0.003487 0.009458 0.329929 0.253742 0.185505 0.028830 -0.278042 -0.794730 -1.120206 -1.390843 -1.835242 -1.560387 -1.756340 -1.574363 -1.590535 -1.382775 -1.192543 -0.947434 -1.209064 -0.382789 -1.039359 -1.521269 -1.286088
0.420950 0.296278 0.234523 0.182361 0.146676 0.135609 0.014200 0.001979 -0.027203 -0.088080 -0.131301 -0.209491 -0.014306 -0.001353 -0.000021 0.001316 0.007320 0.006923 0.002487 0.000000 0.004043 0.003765 0.000785 -0.016436 -0.115967 -0.105199 -0.000047 0.064016 -0.296943 -0.607291 -0.930058 -0.886893 -0.433084 -0.298214 -0.246053 -0.001500 0.007074 0.020225 0.494450 0.662108 0.872492 0.390056 -0.301484 -0.940711 -1.177150 -1.595029 -1.736674 -1.765321 -2.101059 -2.165719 -1.607012 -2.374905 -1.806229 -1.511761 -0.344983 -0.416370 -1.042310 -1.220606 -1.227607
0.214928 0.162214 0.115962 0.101841 0.059993 0.044712 -0.000330 0.000396 0.050051 0.068477 0.089721 0.064252 -0.019630 -0.002649 -0.000069 0.001978 0.003172 0.001955 0.000338 0.000000 0.003873 0.002854 0.114036 -0.017678 -0.071604 -0.084997 -0.000003 0.092001 -0.097819 -0.115902 -0.098402 -0.087703 -0.040611 0.014975 0.028453 0.029731 0.025685 0.033855 0.723958 1.065884 1.372726 0.811352 0.235502 -0.613710 -1.213410 -1.662325 -1.685201 -1.884859 -1.765735 -1.708922 -1.300000 -1.565349 -2.227922 -1.853257 -1.927600 -1.749795 -2.117521 -1.599357 -1.294027
0.151494 0.110902 0.074012 0.053151 0.023436 0.012497 -0.000401 0.000555 0.054687 0.164496 0.275670 0.213508 -0.046361 -0.020629 -0.000083 0.000410 0.007162 0.052301 0.020388 0.006072 0.003627 -0.026082 -0.047515 -0.055762 -0.029214 -0.005367 0.000000 0.145018 0.117884 0.131532 0.183158 0.212324 0.227466 0.256768 0.191001 0.207664 0.167323 0.201349 0.630426 0.597245 0.501128 0.431784 0.352652 0.208744 -0.040514 -0.518518 -0.762165 -0.932210 -1.085873 -0.670479 -0.712911 -0.186449 -1.135127 -1.401178 -1.725719 -1.795786 -2.960610 -1.472835 -1.205703
0.117399 0.050271 0.007736 -0.015494 -0.016575 -0.007754 -0.000013 0.051256 0.163391 0.389868 0.258655 0.263594 -0.012926 -0.006319 0.000000 0.001111 0.000760 0.004808 0.029494 0.041985 -0.006894 -0.184822 -0.199249 -0.030818 -0.016691 -0.000512 0.000066 0.090899 0.223623 0.285945 0.311881 0.261880 0.248904 0.194485 0.207382 0.209920 0.235120 0.272217 0.456838 0.359764 0.245675 0.136371 0.015644 -0.128898 -0.064213 0.021351 0.097872 0.103827 0.077648 0.096763 0.018528 0.000265 -0.041630 -0.083437 -0.142919 -0.232660 -0.423332 -1.519097 -1.515703
0.126025 0.091167 0.081423 0.054292 0.043241 0.035805 0.003410 0.027582 0.082882 0.076381 -0.002170 -0.096566 -0.006812 -0.000497 0.000072 0.001045 0.000786 0.011903 0.143292 0.024917 -0.046086 -0.074986 -0.090457 -0.097738 0.000000 0.013728 -0.006032 -0.045408 0.019059 0.121713 0.140415 0.112460 0.131609 0.157819 0.169997 0.231284 0.247063 0.368348 0.297883 0.146659 0.004076 -0.125489 -0.229206 -0.254742 -0.075747 0.029389 0.074023 -0.003895 -0.083898 -0.150903 -0.395626 -0.047892 -0.013987 0.003348 -0.002246 -0.002265 -0.007330 -0.455326 -1.695228
0.248393 0.250140 0.197819 0.176756 0.154219 0.162214 0.088770 0.053982 -0.025627 -0.136420 -0.180003 -0.172913 -0.043734 -0.000262 -0.000117 0.000189 0.000076 -0.008476 -0.124442 -0.117751 -0.130692 -0.138035 -0.085606 -0.093836 0.000000 0.095118 0.008398 -0.024082 -0.007662 0.031343 0.024918 0.082381 0.095388 0.101473 0.156594 0.199238 0.180578 0.211572 0.190250 0.038739 -0.300794 -0.655750 -0.832802 -0.448763 0.052553 0.419031 0.581816 0.615798 0.510695 0.257142 -0.246319 -0.089974 -0.527730 -0.239559 -0.012305 -0.000708 -0.000062 0.000666 -0.335090
