use_cases/Flooding_chicago/flooding_data/output/hUx_3240.asc
ncols 337
nrows 393
xllcorner 428428.000000
yllcorner 4602440.000000
cellsize 26.757400
NODATA_value -9999.000000
[rows 104 to 129 of 393, columns 236 to 294 of 337]
1.459639 1.544110 1.823872 1.558879 1.672631 2.089283 1.574954 1.129233 0.572815 -0.012329 0.268990 1.188755 1.343025 1.677557 1.439503 0.499092 -0.090870 -0.002013 -0.001629 0.002259 0.001873 -0.597779 -1.502770 -0.529631 0.000122 0.004833 0.062460 0.394211 0.236712 0.225089 0.495847 0.690179 0.778999 1.151645 5.320833 6.480693 7.347917 6.764548 4.805056 4.840609 3.818633 3.328337 3.302619 2.176705 1.313961 0.751537 0.208885 -0.005013 0.000000 0.007421 0.321221 0.319030 -0.159054 -0.025853 -0.112567 -0.082256 -0.014401 -0.000006 0.006104
1.666656 1.781058 2.126292 1.894810 2.171103 2.220489 1.387768 1.275305 0.380153 -0.072495 0.392178 1.291478 1.511498 1.677234 1.576558 0.492167 -0.015178 -0.037270 -0.001476 0.001066 0.001589 0.075540 0.241002 0.033035 0.010235 0.018717 0.018252 0.367577 0.002600 0.026306 1.128494 1.956130 2.233177 4.473917 4.991338 5.172761 6.051399 4.555054 4.221649 4.741355 3.822242 3.274802 2.181452 1.141891 0.582626 0.073383 -0.631226 -0.004486 0.000001 0.018284 0.073006 -0.000665 -0.000237 0.000002 -0.001304 -0.019756 -0.015702 -0.000136 0.000200
0.726173 0.826604 1.058269 1.325680 1.338922 0.953813 0.818389 0.732776 0.378354 0.787956 1.028749 2.195569 2.059966 1.973490 1.613098 0.134851 -0.132436 -0.009221 -0.000535 0.000632 0.010794 1.108260 0.518257 0.352258 0.370833 0.500698 0.626242 0.665171 0.032826 0.014458 1.319935 2.592073 2.653050 3.933675 4.232841 3.496177 3.559077 6.546937 5.122922 4.334683 3.429490 2.186845 1.078055 -0.075429 -0.274273 -0.253001 -0.036919 -0.000100 0.000088 0.010690 0.000607 -0.005962 -0.000424 0.000079 0.000116 0.000138 -0.000120 -0.001141 -0.000080
0.773721 0.976065 1.150679 1.356219 1.051067 1.125109 0.809216 0.628098 0.664937 0.855584 1.657450 2.663670 2.753304 1.818910 1.456930 -0.028307 -0.090330 -0.006939 -0.000023 0.011084 0.117994 0.603308 0.698273 0.533387 0.556522 0.633614 1.156065 1.390005 1.267749 1.483351 2.618820 2.536585 4.668319 5.138011 4.990870 3.954043 4.002841 4.941672 3.287513 2.459391 1.430801 0.458839 0.159503 0.278930 -0.111049 -0.289330 -0.074406 -0.000360 0.000360 0.000212 -0.001300 -0.015573 -0.006234 -0.000201 0.000084 0.005723 0.012687 0.001586 0.000117
1.058454 1.348546 1.547938 1.342142 1.255865 0.953938 0.838003 0.815096 0.905548 1.210645 1.643032 2.188974 1.619022 1.044379 0.130240 -0.005382 -0.021025 -0.029801 -0.000001 0.057695 0.397268 1.259334 0.962536 0.635387 0.753625 0.940357 2.407721 2.800093 2.897659 5.007859 5.448784 3.647503 5.528670 5.833420 5.200187 3.880154 3.571414 2.919125 2.385761 3.227100 1.063010 0.269179 0.250150 0.058458 -1.561699 -2.061818 -0.079111 -0.000360 0.000360 0.000114 -0.002885 -0.003082 -0.013792 -0.005982 0.000003 0.008958 0.018578 0.014752 0.002997
0.793439 0.869234 0.972145 0.880709 0.821495 0.559475 0.357109 0.112731 0.006206 0.148995 0.576158 0.788704 0.559067 0.424174 -0.049573 -0.032953 -0.006284 0.013621 0.028638 0.350250 0.859799 0.947865 0.608186 0.753744 0.930604 2.307406 3.204357 4.859040 4.632362 5.392075 5.835140 6.230680 5.740876 4.703303 4.072221 3.862838 1.874725 2.536721 2.097108 2.420134 0.152144 0.181618 0.323286 0.061492 -0.272831 -0.409379 -0.125032 -0.000379 -0.000502 -0.003206 -0.014335 -0.012090 -0.004601 -0.000326 0.000208 0.007128 0.009394 0.021620 0.100198
0.378472 0.273603 0.304437 0.405788 0.509179 0.481752 0.281331 0.072698 -0.085325 -0.074802 0.081974 0.164853 -0.135295 -0.492374 -0.071810 -0.126401 0.021247 0.026275 0.057822 0.608844 0.906130 0.906701 0.982694 1.431960 2.854163 4.029773 4.372072 4.865187 5.679229 5.177212 5.594370 5.688477 4.910216 3.783154 3.100429 1.745730 1.726711 1.661832 2.272976 1.259576 0.085578 -0.109719 -0.108645 -0.176146 -0.296137 -0.514581 -0.251748 -0.000618 -0.001194 -0.001291 -0.002515 -0.001370 -0.009507 -0.005446 -0.000067 0.000600 0.013840 0.027856 0.114627
0.347714 0.169635 0.095582 0.166151 0.155424 0.040312 -0.133195 -0.337505 -0.540472 -0.447026 -0.230868 -0.495279 -0.332182 -0.440697 -0.396575 -0.212013 0.000075 0.232799 0.469974 0.595514 1.534333 1.640210 2.075474 2.844401 3.384218 4.267390 4.743653 4.486334 4.833683 4.116545 4.471139 2.694558 2.033368 1.569496 1.521742 1.718491 2.860529 3.098589 1.708847 1.260376 1.492692 0.087072 -0.127791 -0.092137 -0.177877 -0.289417 -0.263986 -0.001161 -0.002470 -0.000958 -0.002118 -0.020775 -0.018015 -0.005674 -0.000146 0.000024 0.000365 0.012490 0.114761
0.662975 0.910839 0.999911 0.956072 0.913591 0.773942 0.594494 0.395404 0.209394 -0.044687 -0.490313 -1.287835 -0.672662 -0.419826 -0.131521 0.106351 0.260060 0.384790 0.441256 1.132152 2.132905 2.636341 3.081599 3.341718 3.597810 3.359776 3.528427 2.862879 2.961434 2.937545 2.082685 0.965806 1.523408 1.139642 1.365904 3.320758 4.669138 3.249542 2.698799 2.606350 1.374656 0.348539 -0.092446 -0.139575 -0.268151 -0.366579 -0.553645 -0.688946 0.155771 0.161713 -0.076586 -0.063203 -0.021398 -0.006060 -0.004395 -0.000223 -0.000433 0.000575 0.017539
0.904807 0.897277 0.911355 0.863451 0.793815 0.650172 0.655115 0.563469 0.380493 0.157412 -0.552156 -0.345717 -0.396276 -0.300619 -0.216386 0.040757 0.318338 0.605959 1.059276 1.591277 2.530842 2.540378 2.420172 2.463381 2.195159 2.064342 2.551550 1.798481 1.351775 1.449527 0.926997 1.054335 1.678916 1.117572 2.409002 4.897392 4.236426 4.027000 2.219738 1.805915 0.218883 0.061442 -0.012499 -0.070288 -0.007801 0.000000 -0.608302 -0.619282 -0.719733 -0.652086 -0.662931 -0.800149 -0.112685 -0.037450 -0.020008 -0.004030 -0.079288 -0.003658 0.002184
0.932145 1.009116 0.893722 0.752434 0.486022 0.402282 0.114659 -0.063870 -0.291296 -0.745288 -0.352044 -0.245927 -0.001045 0.308282 0.461568 1.018895 1.393561 1.611735 2.191452 2.486778 2.587251 2.826759 2.867937 2.804256 2.474870 2.382976 2.178726 1.900467 1.681994 1.204600 1.369651 1.091395 2.233222 2.075844 2.078130 2.644828 1.730283 0.710499 0.457931 0.238966 -0.008236 -0.000592 -0.001330 -0.002185 -0.000897 0.000000 -0.533992 -1.011715 -1.268617 -1.093899 -1.141427 -1.198473 -0.178859 -0.048856 -0.196178 -0.186885 -0.117633 -0.001272 0.000605
0.887983 0.597791 0.293255 0.374558 0.330966 0.216783 -0.049371 -0.317639 -0.514860 -0.536824 -0.304848 -0.105047 0.364466 0.834054 1.001834 1.717489 2.205885 2.305651 2.758914 3.106762 2.856910 3.164074 3.016331 3.083054 3.004664 2.740987 2.569011 1.813197 1.497300 1.684038 1.756077 1.768837 1.092722 1.391925 0.364564 0.240050 -0.451570 -0.605158 -0.142033 -0.038513 -0.009921 -0.000905 0.000378 -0.020481 -0.011693 0.000000 0.007256 -0.057052 -0.345991 -0.299862 -0.278124 -0.528115 -0.120372 -0.030420 -0.028429 -0.024993 -0.031420 -0.000063 -9999.000000
0.895119 0.604993 0.552384 0.641872 0.548910 0.307356 0.024719 -0.015345 -0.515174 -0.641385 -0.175932 0.514484 1.213430 1.772232 2.159256 2.346248 3.055407 3.707658 3.603952 3.534915 3.724433 3.651887 3.548608 3.502323 3.322360 2.983714 2.901382 1.914925 2.080649 1.811735 1.418198 1.057922 0.384532 -0.058377 -1.199250 -0.469714 -0.193663 -0.073275 -0.046805 -0.017791 -0.002477 -0.005039 -0.001240 -0.000646 -0.002609 0.000000 0.009112 0.070061 0.257060 0.088927 0.131254 -0.204670 -0.099614 -0.000518 -0.000236 0.000422 0.000415 -9999.000000 -9999.000000
1.377182 0.824354 0.638376 0.548748 0.121153 -0.183661 -0.008729 0.000000 0.152048 -0.058977 0.625939 1.501606 2.448876 3.122997 3.470839 3.869659 3.329908 3.870890 4.222650 4.344196 5.266642 4.507328 4.494574 4.446357 4.268082 3.176023 2.860243 1.644238 1.244513 0.685003 0.104141 -0.574945 -0.461781 -0.622012 -1.621797 -0.859023 -0.375672 -0.057189 -0.013164 -0.036638 -0.108884 -0.030270 -0.000569 0.000247 0.000554 0.000476 0.000913 0.045717 0.125746 0.952066 1.137431 0.921667 -0.015905 -0.007518 -0.000007 -9999.000000 -9999.000000 -9999.000000 -9999.000000
2.354704 1.030670 0.632175 0.446637 0.173737 -0.203486 -0.015270 0.000000 0.136130 0.526195 0.973090 1.429415 2.083395 3.126667 3.573398 3.283952 3.471065 4.331688 4.716737 5.273452 5.291795 5.144263 4.658806 4.742800 3.796893 3.374401 3.114260 2.667531 1.983474 1.043971 0.784960 0.136498 -0.107538 -1.120222 -1.385602 -1.599657 -0.704954 -0.098239 -0.012283 -0.003631 -0.011759 -0.015983 -0.000393 0.000331 0.056009 0.233649 0.192091 0.122495 0.157290 1.144122 0.005048 0.002436 -0.000972 -0.000142 -9999.000000 -9999.000000 -9999.000000 -9999.000000 -9999.000000
2.776345 1.354699 0.957347 0.707525 0.624539 0.174103 -0.020358 0.000000 0.006625 1.276773 2.230661 2.842939 2.834585 3.431910 3.275161 3.205959 3.842223 3.989743 4.479247 4.658140 3.634744 3.837006 3.891536 2.983165 3.029127 2.304591 3.125599 1.853438 0.684933 0.173601 -0.635012 -0.335208 -0.476772 -0.808770 -0.783675 -0.927191 -0.774408 -1.150514 -0.598850 -0.198200 -0.021798 -0.042916 -0.021989 0.013750 0.035593 0.026015 0.005684 0.062220 0.197882 0.411103 -0.119376 -0.010530 0.000000 -9999.000000 -9999.000000 -9999.000000 -9999.000000 -9999.000000 -9999.000000
0.440242 0.151426 -0.015363 -0.219138 -0.148934 -0.226434 -0.002013 0.000523 0.273721 2.039460 2.726184 2.744320 2.975071 3.084560 3.819304 3.958267 3.895917 4.027319 4.032251 3.631772 2.625083 2.548534 2.258271 1.351347 0.638887 0.241011 -0.156676 -0.018152 -0.000015 0.008840 0.010208 -0.060493 -0.153148 -0.284184 -0.704697 -0.569345 -0.716559 -0.906333 -0.331469 -0.236081 -0.312558 -0.058610 -0.089012 -0.026750 0.036484 0.021143 0.000000 0.007035 0.043552 0.010842 0.005667 0.005371 -9999.000000 -9999.000000 -9999.000000 -9999.000000 -9999.000000 -9999.000000 -9999.000000
0.008766 0.001342 -0.008274 -0.518265 -0.500540 -0.000132 0.001187 0.308932 1.269668 3.128751 3.518443 3.447236 3.340855 3.161431 2.967077 4.032325 3.255235 2.977450 2.736941 2.069727 1.157489 1.009406 0.873611 0.494314 -0.085142 -0.043865 -0.030884 -0.003024 -0.000211 0.001276 0.005670 0.023259 -0.000936 -0.301439 -1.083173 -1.437439 -1.404951 -0.338165 -0.049646 -0.021879 -0.036812 -0.044905 -0.142040 -0.168494 -0.220928 -0.017157 0.000001 0.019883 0.053351 0.017929 0.009275 0.011130 -9999.000000 -9999.000000 -9999.000000 -9999.000000 -9999.000000 -9999.000000 -9999.000000
-0.000517 -0.000114 0.000181 0.000216 -0.000111 0.000437 0.015460 0.739604 1.272185 2.258034 2.918882 3.136843 3.028511 3.390416 3.185571 2.967176 3.126427 3.003726 2.575223 1.747871 1.078896 0.649247 0.379589 -0.501194 -0.107233 -0.086073 -0.041512 -0.006320 -0.003316 -0.000300 0.000502 0.000402 0.000398 -0.204501 -1.007564 -3.254787 -2.061278 -0.617304 -0.085096 0.001790 0.032841 0.043420 0.130079 0.073424 -0.155241 -0.022523 0.000036 0.026530 0.040832 0.007453 0.008741 0.003868 -9999.000000 -9999.000000 -9999.000000 -9999.000000 -9999.000000 -9999.000000 -9999.000000
-0.005697 -0.001473 -0.000126 0.000738 0.001107 0.007696 0.030328 1.094055 1.356563 2.337252 3.136463 3.444640 3.328057 3.653999 3.464455 3.094063 3.228812 3.029318 2.220796 1.767814 1.048610 0.469568 0.123252 -0.478179 -0.078254 -0.026017 -0.002106 -0.005988 -0.002140 -0.004292 -0.000248 0.000112 0.001109 0.043681 -0.268375 -3.536769 -2.698505 -0.679140 -0.040565 0.016968 0.029494 0.016361 -0.000906 -0.001282 -0.000434 -0.000585 0.000520 0.008463 0.002937 0.000886 0.001013 -9999.000000 -9999.000000 -9999.000000 -9999.000000 -9999.000000 -9999.000000 -9999.000000 -9999.000000
-0.083176 -0.016683 0.000001 0.002970 0.001985 0.008155 0.029625 0.914452 1.253527 2.688814 3.359175 4.668095 4.696970 4.386973 4.200802 3.506448 3.385453 2.749366 2.617005 1.991976 1.292017 0.609703 -0.431591 -2.002914 -0.035414 -0.019325 -0.010166 -0.001780 -0.003546 -0.000681 -0.000000 0.000681 0.010258 0.093547 0.035978 -2.631169 -3.618310 -1.221500 -0.146485 0.014887 -0.037750 -0.045165 -0.015128 -0.000741 -0.000974 -0.000002 0.008587 0.020764 0.000049 0.000530 -9999.000000 -9999.000000 -9999.000000 -9999.000000 -9999.000000 -9999.000000 -9999.000000 -9999.000000 -9999.000000
-0.033264 -0.016975 0.000043 0.010127 0.021400 0.026697 0.026593 0.885742 1.191419 3.226919 5.393596 5.441158 4.914859 4.306964 3.627690 3.230088 2.497828 2.019563 2.024350 1.958354 1.794725 1.114705 0.820400 -0.036797 -0.020078 -0.004719 0.000107 0.001031 0.001535 -0.000681 -0.000000 0.000681 0.007650 0.120637 0.241501 -1.300530 -4.861275 -4.135391 -0.429513 -0.013741 -0.031120 -0.034549 -0.018926 -0.001255 -0.002447 -0.000076 0.005569 0.010070 0.002014 -9999.000000 -9999.000000 -9999.000000 -9999.000000 -9999.000000 -9999.000000 -9999.000000 -9999.000000 -9999.000000 -9999.000000
-0.000232 0.000340 0.001261 0.015324 0.024061 0.016480 0.065830 2.019459 2.952394 4.051961 4.435700 3.879363 3.449167 2.747594 0.978017 0.376737 -0.124350 -0.759001 -1.000881 -1.385843 -1.622360 -0.074649 -0.038718 -0.025907 -0.011806 0.000000 0.006245 0.014181 0.002540 0.368495 0.417542 0.335970 0.521478 0.261792 0.094687 0.047254 -1.771425 -3.056508 -1.769495 -0.094515 -0.069604 -0.058439 -0.025817 -0.064824 -0.017174 -0.001448 0.000390 0.001249 -9999.000000 -9999.000000 -9999.000000 -9999.000000 -9999.000000 -9999.000000 -9999.000000 -9999.000000 -9999.000000 -9999.000000 -9999.000000
0.000239 0.006179 0.075130 0.235633 -0.236560 -0.671287 0.308038 1.327783 3.753586 4.726961 3.859421 3.473553 2.813337 1.433158 0.513980 0.244084 -0.038002 -0.580250 -0.686317 -0.799761 -0.257575 -0.106890 -0.041949 -0.022744 -0.007573 0.000000 0.007463 0.016505 0.350057 0.340222 -0.000336 0.000028 0.000337 0.002115 0.002865 0.027812 -0.487749 -1.324294 -0.962112 -0.103001 -0.039627 -0.019569 -0.033585 -0.069858 -0.015177 -0.000876 0.000317 -9999.000000 -9999.000000 -9999.000000 -9999.000000 -9999.000000 -9999.000000 -9999.000000 -9999.000000 -9999.000000 -9999.000000 -9999.000000 -9999.000000
0.000830 0.012052 0.048883 0.221873 1.415834 1.292439 1.532782 1.438667 3.830081 5.348396 1.966118 -0.480864 -1.832557 -0.110155 0.013511 0.163630 0.178800 0.132885 0.017772 -0.535873 -0.349236 -0.166864 -0.040385 -0.041257 -0.011850 0.000000 0.027040 0.243283 0.079048 -0.016246 -0.000669 0.000056 0.000704 0.010984 0.028832 0.084995 -0.535182 -1.296606 -1.343309 -0.041332 -0.016471 -0.031463 -0.036811 -0.077438 -0.012722 -0.003026 0.000606 0.002753 -9999.000000 -9999.000000 -9999.000000 -9999.000000 -9999.000000 -9999.000000 -9999.000000 -9999.000000 -9999.000000 -9999.000000 -9999.000000
0.003180 0.002430 0.078964 0.083386 0.087682 0.119609 0.412285 1.720168 3.623342 4.361032 1.571151 -0.552279 -0.232838 0.040319 0.067523 0.092904 -0.116765 -0.093489 -0.158389 -0.207147 -0.277360 -0.104107 -0.059270 -0.029017 -0.002156 0.001601 0.021315 0.126909 -0.043129 -0.025550 -0.000794 0.000308 0.000755 0.018675 0.043013 0.114464 -0.611194 -1.165577 -0.717692 -0.029519 -0.025015 -0.157294 -0.130228 -0.134060 -0.080777 -0.000639 0.001368 0.003631 -9999.000000 -9999.000000 -9999.000000 -9999.000000 -9999.000000 -9999.000000 -9999.000000 -9999.000000 -9999.000000 -9999.000000 -9999.000000
