use_cases/Flooding_chicago/flooding_data/output/hUy_240.asc
ncols 337
nrows 393
xllcorner 428428.000000
yllcorner 4602440.000000
cellsize 26.757400
NODATA_value -9999.000000
[rows 208 to 233 of 393, columns 174 to 231 of 337]
-9999.000000 -9999.000000 -9999.000000 -0.006325 0.000545 0.005401 0.016587 0.001609 -0.071763 -0.024340 -0.000616 -0.009021 -0.008524 -0.008896 -0.000460 0.009252 0.007494 0.012029 0.074297 0.010466 0.000152 0.002638 -0.030580 -0.043911 -0.028166 0.019249 0.088605 0.191409 0.087594 0.000000 0.000000 0.000000 0.035540 0.026283 0.010687 0.026086 0.033804 0.022695 -0.325906 -0.004281 -0.007834 0.000056 0.000365 0.075665 0.066191 0.014389 0.007564 0.048804 0.027784 0.021140 0.001301 -0.004010 -0.016987 -0.014431 -0.020310 -0.008832 -0.109509 -0.001765
-9999.000000 -9999.000000 -9999.000000 -9999.000000 0.000000 0.000035 0.000222 0.000181 -0.016318 -0.066632 -0.019021 -0.008888 -0.037060 -0.137334 -0.000904 0.027822 0.015655 0.027807 0.031493 0.000247 -0.002552 -0.001396 0.007170 0.132819 0.127310 0.140040 0.193133 0.053057 0.052600 0.044913 -0.005878 -0.005878 0.052127 0.038879 0.016692 0.005977 0.020596 0.050966 0.335008 0.169237 -0.013404 -0.000384 0.000171 0.110558 0.078390 0.000344 0.000710 0.008540 0.062135 0.022090 0.003239 -0.047594 -0.006188 0.000082 -0.001151 0.139949 -0.037801 -0.000601
-9999.000000 -9999.000000 -9999.000000 -9999.000000 -0.000545 -0.020409 -0.000222 -0.000275 -0.001364 -0.040917 -0.013383 -0.000147 -0.006873 0.000841 0.020411 0.035202 0.023316 0.010284 0.002082 0.002187 0.001156 -0.004795 0.012736 0.083648 0.073299 0.040952 0.023228 0.012256 0.078512 0.067188 -0.078167 0.011020 0.102954 0.083050 0.019724 0.006080 0.001264 0.000339 0.339352 0.386167 0.003054 0.004039 -0.000351 0.104326 0.119313 0.000098 0.000701 0.002495 0.023314 0.005532 0.007362 -0.016941 -0.004547 -0.000306 0.003317 0.450937 0.002558 -0.000400
-9999.000000 -9999.000000 -9999.000000 -9999.000000 -9999.000000 -0.019834 -0.008148 -0.001075 -0.002883 0.000821 0.001233 0.000909 0.000357 -0.000555 0.035625 0.041029 0.023940 0.008883 0.000360 0.004008 -0.000367 -0.002058 0.063166 0.045955 0.019325 0.005486 0.001777 0.000552 0.126847 0.134126 0.133812 0.020677 0.031332 0.024858 0.007094 0.001508 -0.000572 -0.000294 0.284200 0.284595 0.015991 0.021131 0.030189 0.023715 0.211974 -0.000317 -0.000127 0.005182 0.004611 0.008008 0.000973 -0.005861 -0.057399 -0.012533 0.003064 0.087721 0.012187 -0.001648
-9999.000000 -9999.000000 -9999.000000 -9999.000000 -9999.000000 -9999.000000 -0.048030 -0.001683 -0.002740 0.000108 0.000686 0.000833 0.022032 0.129737 0.055315 0.052031 0.024455 0.005772 -0.005012 0.005136 0.005453 0.197048 0.095530 0.050038 0.013095 0.000870 -0.000545 -0.000350 0.048081 0.051150 0.075647 0.014329 0.016474 0.008815 0.013372 0.001027 0.000113 0.062891 0.383822 0.066788 0.020840 0.039260 0.048385 0.045110 0.105447 0.008836 0.035857 0.017366 0.019128 0.002048 -0.000221 1.266470 0.180239 0.019062 0.007595 0.020795 0.001407 0.020295
-9999.000000 -9999.000000 -9999.000000 -9999.000000 -9999.000000 -9999.000000 -0.011702 -0.000567 -0.000509 -0.000754 -0.001317 0.000644 0.016676 0.014661 0.121042 0.113610 0.026109 0.001672 -0.000334 0.031950 0.017383 0.119683 0.129387 0.090112 0.007955 -0.014367 0.282025 0.110705 0.023481 0.025478 0.035286 0.051029 0.050353 0.032766 0.061065 0.016227 0.021494 0.208192 0.519815 0.045495 0.060594 0.083557 0.065357 0.055478 0.007561 0.000997 0.010218 0.011453 0.007609 0.000894 0.059598 0.137452 0.132181 0.075731 0.002929 0.000109 -0.000139 0.065284
-9999.000000 -9999.000000 -9999.000000 -9999.000000 -9999.000000 -9999.000000 -9999.000000 0.000000 0.000000 -0.019490 -0.005240 0.000045 0.003926 0.009630 0.010691 0.033789 0.002818 0.002044 0.031113 0.132422 0.004374 0.036860 0.022552 0.013947 0.001784 0.000490 0.358361 0.002886 0.014567 0.006810 0.006171 0.055667 0.048705 0.043792 0.037248 0.009957 0.018140 0.233891 0.155765 0.030033 0.038761 0.025068 0.126633 0.133247 -0.000013 -0.000299 0.000005 0.000171 0.000004 0.000000 0.056511 0.043243 0.019662 0.042338 0.009037 0.012531 0.174659 0.150776
-9999.000000 -9999.000000 -9999.000000 -9999.000000 -9999.000000 -9999.000000 -9999.000000 -9999.000000 -0.002175 -0.014656 -0.004344 -0.000237 0.000000 0.000000 0.000000 0.000935 0.005738 0.003008 0.049578 0.030001 0.010202 0.003858 0.001452 0.000075 0.001276 -0.000129 0.454047 0.027155 0.001126 0.000842 0.000021 0.028340 0.027327 0.026193 0.009315 0.008107 0.008614 0.212851 0.019246 0.031746 0.032269 0.022600 0.056536 0.077935 0.013375 -0.001618 -0.007274 -0.000488 -0.014513 -0.001575 0.026543 0.018865 0.000888 0.010627 0.030151 0.056081 0.373340 0.018211
-9999.000000 -9999.000000 -9999.000000 -9999.000000 -9999.000000 -9999.000000 -9999.000000 -9999.000000 -9999.000000 -0.017102 -0.007630 -0.007368 -0.010587 -0.003926 -0.006459 -0.000012 0.003481 0.004907 0.051096 0.004590 0.001008 0.001334 -0.000329 0.017101 0.001577 0.510040 0.538834 0.029377 0.002247 0.001821 0.025115 0.001318 0.000818 0.000103 0.000222 0.000103 0.000082 0.099794 0.011057 0.017432 0.017299 0.015863 0.011984 0.007261 0.052124 0.002085 -0.070670 -0.055552 -0.076908 0.000578 0.064441 0.022322 0.001821 0.000609 0.057146 0.085798 0.118945 0.014320
-9999.000000 -9999.000000 -9999.000000 -9999.000000 -9999.000000 -9999.000000 -9999.000000 -9999.000000 -9999.000000 -0.009930 -0.011446 -0.010401 -0.017894 -0.010954 -0.068544 -0.000850 0.002420 0.008252 0.013586 0.002664 0.000569 0.001323 0.026168 0.026234 0.110273 0.754766 0.067473 0.017687 0.003655 0.002793 0.000716 -0.000299 0.000396 -0.000103 -0.000222 -0.000103 -0.000082 0.149046 0.001130 0.000987 0.000039 0.000001 0.000000 0.000000 0.006525 0.021554 -0.672255 0.530962 0.025001 0.003071 0.014341 0.005679 0.001017 -0.000190 0.069916 0.053204 0.030433 0.005978
-9999.000000 -9999.000000 -9999.000000 -9999.000000 -9999.000000 -9999.000000 -9999.000000 -9999.000000 -9999.000000 -9999.000000 -0.008047 0.003659 -0.065232 -0.082837 -0.017104 -0.000251 0.001936 0.008665 0.000441 0.000484 0.000883 0.007039 0.107278 0.082163 0.267797 0.228468 0.048236 0.007334 0.007565 0.000002 -0.000951 -0.092804 -0.000612 0.006705 0.001041 0.001761 0.009416 0.223821 0.001740 -0.000064 0.003809 -0.023435 -0.008668 -0.011993 0.000000 0.015235 0.020915 0.124154 0.124765 0.003776 0.002119 0.008657 -0.000352 0.074974 0.091372 0.078687 0.000452 -0.000003
-9999.000000 -9999.000000 -9999.000000 -9999.000000 -9999.000000 -9999.000000 -9999.000000 -9999.000000 -9999.000000 -9999.000000 -9999.000000 0.000000 -0.013078 -0.391159 -0.004795 -0.001444 -0.001235 0.006391 0.000549 0.000576 0.000370 0.054900 0.093909 0.028368 0.236902 0.021209 0.038357 0.016041 0.010780 -0.000698 -0.046650 -0.320576 0.001862 0.038845 0.008554 0.024570 0.070809 0.091600 0.003565 -0.000533 0.020200 0.067341 -0.113511 -0.360157 -0.007176 0.001499 0.013672 0.007134 0.081739 0.010705 0.006738 0.025750 0.198739 0.163105 0.074966 0.083603 0.000023 0.001765
-9999.000000 -9999.000000 -9999.000000 -9999.000000 -9999.000000 -9999.000000 -9999.000000 -9999.000000 -9999.000000 -9999.000000 -9999.000000 -9999.000000 -0.003929 -0.364617 0.093126 -0.002099 -0.003617 0.000544 0.000104 0.000217 0.000427 0.033947 0.040052 0.019035 0.132274 0.013194 0.015141 0.013788 0.014009 0.064421 0.669219 0.028739 0.023670 0.010784 0.005088 0.010784 0.020964 0.024362 0.005974 0.026129 0.047886 0.045352 -0.469389 0.768877 -0.013550 0.000673 0.000969 0.013394 0.024508 0.027148 0.011310 0.016959 0.066967 0.017866 0.063893 0.084732 0.234328 0.011395
-9999.000000 -9999.000000 -9999.000000 -9999.000000 -9999.000000 -9999.000000 -9999.000000 -9999.000000 -9999.000000 -9999.000000 -9999.000000 -9999.000000 -9999.000000 0.000000 0.078072 0.097641 0.000301 -0.000304 -0.000604 -0.001796 -0.000105 0.008080 0.004089 0.040515 0.026530 0.029534 0.027853 0.034654 0.023766 0.061468 0.242360 0.020803 0.005682 0.000085 0.000000 0.000085 0.008100 0.000625 0.000406 0.015875 0.036179 0.011769 0.046731 0.225214 0.122567 0.001271 0.001977 0.002919 0.032941 0.034829 0.005776 0.003685 0.042851 0.005186 0.001803 0.001071 0.043010 0.040189
-9999.000000 -9999.000000 -9999.000000 -9999.000000 -9999.000000 -9999.000000 -9999.000000 -9999.000000 -9999.000000 -9999.000000 -9999.000000 -9999.000000 -9999.000000 -9999.000000 0.000000 0.021674 0.004331 -0.000573 -0.014214 -0.002406 -0.005787 0.008421 0.007003 0.082625 0.058950 0.062678 0.036201 0.055763 0.048794 0.054143 0.057965 0.007520 0.000071 -0.000634 -0.009450 -0.000634 0.000534 0.001039 0.000368 0.043058 0.074407 0.018507 0.025280 0.120823 0.111757 0.002324 0.002570 0.004705 0.006492 0.009186 0.014026 0.005987 0.013642 0.004264 -0.000292 -0.000395 0.002543 0.018220
-9999.000000 -9999.000000 -9999.000000 -9999.000000 -9999.000000 -9999.000000 -9999.000000 -9999.000000 -9999.000000 -9999.000000 -9999.000000 -9999.000000 -9999.000000 -9999.000000 -9999.000000 0.000000 0.000000 -0.000317 -0.026612 -0.009725 -0.004974 0.006946 0.008307 0.027637 0.004939 0.019448 0.073990 0.108288 0.058573 0.076170 0.022847 0.042769 -0.000995 -0.012278 -0.029557 -0.004108 0.001456 0.001520 0.000039 0.089119 0.103859 0.001404 0.003289 0.052843 0.054500 0.003487 0.000681 0.000520 0.004775 0.010044 0.018439 0.001102 0.001109 0.000666 -0.004386 0.174117 0.000713 0.000440
-9999.000000 -9999.000000 -9999.000000 -9999.000000 -9999.000000 -9999.000000 -9999.000000 -9999.000000 -9999.000000 -9999.000000 -9999.000000 -9999.000000 -9999.000000 -9999.000000 -9999.000000 -9999.000000 -9999.000000 -9999.000000 -9999.000000 -9999.000000 0.000000 0.000002 0.000066 0.000487 0.001068 0.009636 0.022992 0.030942 0.025197 0.034133 0.038185 0.059805 0.009660 -0.105386 -0.093229 -0.000870 0.000417 0.000247 0.000254 0.151095 0.108691 0.001184 0.006861 0.010308 0.010156 0.005725 -0.003251 -0.003693 -0.002853 0.003732 0.021945 0.001536 0.001566 0.002300 0.001175 0.253934 0.001498 -0.000259
-9999.000000 -9999.000000 -9999.000000 -9999.000000 -9999.000000 -9999.000000 -9999.000000 -9999.000000 -9999.000000 -9999.000000 -9999.000000 -9999.000000 -9999.000000 -9999.000000 -9999.000000 -9999.000000 -9999.000000 -9999.000000 -9999.000000 -9999.000000 -9999.000000 -9999.000000 -9999.000000 -0.000248 0.000454 0.000321 0.001131 0.000808 0.031806 0.049906 0.040528 0.113779 0.029707 0.036357 0.014171 0.000093 0.000444 0.000292 0.001068 0.970263 0.144450 -0.000034 0.008337 0.018032 0.017622 0.007606 -0.011198 0.101755 -0.004001 0.001590 0.055558 0.002122 0.002337 0.001253 0.001425 0.326386 0.001859 0.002287
-9999.000000 -9999.000000 -9999.000000 -9999.000000 -9999.000000 -9999.000000 -9999.000000 -9999.000000 -9999.000000 -9999.000000 -9999.000000 -9999.000000 -9999.000000 -9999.000000 -9999.000000 -9999.000000 -9999.000000 -9999.000000 -9999.000000 -9999.000000 -9999.000000 -9999.000000 -9999.000000 -9999.000000 -0.001033 -0.000457 -0.001177 -0.000026 0.022201 0.093037 0.007727 0.015803 0.015638 0.158004 0.117641 0.000575 0.000705 0.000557 0.017184 0.181783 0.216856 0.252112 0.013214 0.026381 0.026239 0.015110 -0.000054 0.205015 0.230480 0.005596 0.010344 0.001630 0.001551 0.001853 0.003460 0.329885 0.018873 0.025820
-9999.000000 -9999.000000 -9999.000000 -9999.000000 -9999.000000 -9999.000000 -9999.000000 -9999.000000 -9999.000000 -9999.000000 -9999.000000 -9999.000000 -9999.000000 -9999.000000 -9999.000000 -9999.000000 -9999.000000 -9999.000000 -9999.000000 -9999.000000 -9999.000000 -9999.000000 -9999.000000 -9999.000000 -0.000717 -0.007135 -0.018083 -0.000667 0.002472 0.018820 0.030825 0.001279 0.042781 0.030726 0.023179 0.000711 0.001014 0.001093 0.025016 0.003554 0.302633 0.049017 0.014318 0.018838 0.018011 0.014301 0.007939 0.081717 0.109449 0.024578 0.001584 0.003670 0.001876 0.023986 0.014584 0.373836 0.005176 0.009631
-9999.000000 -9999.000000 -9999.000000 -9999.000000 -9999.000000 -9999.000000 -9999.000000 -9999.000000 -9999.000000 -9999.000000 -9999.000000 -9999.000000 -9999.000000 -9999.000000 -9999.000000 -9999.000000 -9999.000000 -9999.000000 -9999.000000 -9999.000000 -9999.000000 -9999.000000 -9999.000000 -9999.000000 -9999.000000 0.010223 0.047357 0.037265 0.000917 0.002129 0.018388 0.003307 0.061119 -0.000000 -0.000015 -0.000355 -0.000541 0.000229 0.009108 0.006163 0.192429 0.035714 0.034848 0.034717 0.031348 0.024964 0.015778 0.003798 0.166555 0.001403 0.001983 0.004426 0.003077 0.012832 0.042620 0.179845 0.000062 0.000143
-9999.000000 -9999.000000 -9999.000000 -9999.000000 -9999.000000 -9999.000000 -9999.000000 -9999.000000 -9999.000000 -9999.000000 -9999.000000 -9999.000000 -9999.000000 -9999.000000 -9999.000000 -9999.000000 -9999.000000 -9999.000000 -9999.000000 -9999.000000 -9999.000000 -9999.000000 -9999.000000 -9999.000000 -9999.000000 0.003659 0.241307 0.122318 0.000807 0.001466 0.004691 0.012970 0.103012 0.029851 0.049786 -0.034120 -0.001165 -0.000512 0.000548 0.002570 0.123082 0.006347 0.081448 0.073823 0.067107 0.056506 0.040630 0.006565 0.155735 0.003108 0.002481 0.005248 0.003373 0.001130 0.000429 0.288028 -0.000064 -0.000161
-9999.000000 -9999.000000 -9999.000000 -9999.000000 -9999.000000 -9999.000000 -9999.000000 -9999.000000 -9999.000000 -9999.000000 -9999.000000 -9999.000000 -9999.000000 -9999.000000 -9999.000000 -9999.000000 -9999.000000 -9999.000000 -9999.000000 -9999.000000 -9999.000000 -9999.000000 -9999.000000 -9999.000000 -9999.000000 0.000000 0.008158 0.055541 0.000824 0.000361 0.000519 0.007493 0.007087 0.097771 0.125841 -0.020797 -0.018102 -0.009824 -0.001066 0.011909 0.066647 0.003041 0.057334 0.031901 0.027173 0.020926 0.011196 0.019199 0.202109 0.008820 0.004317 0.005252 0.000222 0.000166 0.000086 0.167624 0.000165 -0.000096
-9999.000000 -9999.000000 -9999.000000 -9999.000000 -9999.000000 -9999.000000 -9999.000000 -9999.000000 -9999.000000 -9999.000000 -9999.000000 -9999.000000 -9999.000000 -9999.000000 -9999.000000 -9999.000000 -9999.000000 -9999.000000 -9999.000000 -9999.000000 -9999.000000 -9999.000000 -9999.000000 -9999.000000 -9999.000000 -9999.000000 0.000000 0.003592 0.001740 0.000220 0.000236 0.000007 0.003159 0.054995 0.035836 0.002718 -0.019279 -0.008633 -0.011304 0.002902 0.018530 0.006919 0.024922 0.012894 0.006916 0.003828 0.001314 0.010528 0.037674 0.019225 0.010406 0.004828 -0.000222 -0.000253 -0.000104 0.220812 0.000124 0.000495
-9999.000000 -9999.000000 -9999.000000 -9999.000000 -9999.000000 -9999.000000 -9999.000000 -9999.000000 -9999.000000 -9999.000000 -9999.000000 -9999.000000 -9999.000000 -9999.000000 -9999.000000 -9999.000000 -9999.000000 -9999.000000 -9999.000000 -9999.000000 -9999.000000 -9999.000000 -9999.000000 -9999.000000 -9999.000000 -9999.000000 -0.000530 -0.002777 -0.000485 0.000076 -0.000422 0.001347 0.008009 0.025005 0.012492 0.000964 -0.002924 -0.019589 0.000617 0.003817 0.000579 0.001824 0.002140 0.038668 0.009141 0.002576 -0.000070 0.000225 0.000608 0.000349 0.019063 0.005289 -0.018922 -0.001853 -0.000452 0.230717 -0.000070 -0.000088
-9999.000000 -9999.000000 -9999.000000 -9999.000000 -9999.000000 -9999.000000 -9999.000000 -9999.000000 -9999.000000 -9999.000000 -9999.000000 -9999.000000 -9999.000000 -9999.000000 -9999.000000 -9999.000000 -9999.000000 -9999.000000 -9999.000000 -9999.000000 -9999.000000 -9999.000000 -9999.000000 -9999.000000 -9999.000000 -9999.000000 -9999.000000 -0.005030 -0.000346 -0.000043 -0.000415 0.002593 -0.003451 0.000360 0.000360 -0.000196 -0.003048 -0.002909 0.004959 0.013087 -0.000260 0.000270 0.003212 0.008314 0.007858 -0.000310 -0.033339 -0.000939 -0.000913 -0.000417 0.028671 0.011450 -0.080172 0.005576 0.087981 0.229429 0.214147 0.011259
