use_cases/Flooding_chicago/flooding_data/output/hUy_1260.asc
ncols 337
nrows 393
xllcorner 428428.000000
yllcorner 4602440.000000
cellsize 26.757400
NODATA_value -9999.000000
[rows 130 to 155 of 393, columns 58 to 115 of 337]
-9999.000000 -9999.000000 -9999.000000 -9999.000000 -9999.000000 -9999.000000 -9999.000000 -9999.000000 -9999.000000 -9999.000000 -9999.000000 -9999.000000 -9999.000000 -9999.000000 -9999.000000 -9999.000000 -9999.000000 -9999.000000 -9999.000000 -9999.000000 -9999.000000 -9999.000000 0.114858 0.227026 0.417194 0.222954 0.110449 0.425314 0.000000 0.000000 0.000000 0.000000 -9999.000000 -9999.000000 -9999.000000 -9999.000000 -9999.000000 -9999.000000 -9999.000000 -9999.000000 -9999.000000 -9999.000000 -9999.000000 -9999.000000 0.019244 0.009098 0.041062 0.013951 0.013251 0.002499 0.035672 0.074202 0.076696 -0.111819 -0.623646 -0.168844 -0.093174 -0.028117
-9999.000000 -9999.000000 -9999.000000 -9999.000000 -9999.000000 -9999.000000 -9999.000000 -9999.000000 -9999.000000 -9999.000000 -9999.000000 -9999.000000 -9999.000000 -9999.000000 -9999.000000 -9999.000000 -9999.000000 -9999.000000 -9999.000000 -9999.000000 -9999.000000 0.166762 0.089641 0.144383 0.412598 0.421841 0.000729 0.511182 0.172991 0.186159 -0.014883 -0.005284 -0.000082 -0.000002 0.001400 0.000527 0.178484 0.176313 0.002961 0.004935 0.058568 0.009836 0.000494 0.000648 0.035842 0.004433 0.017905 0.000346 0.000248 0.002892 0.059425 0.004181 0.001189 0.002770 -0.311786 -0.043355 -0.284852 -0.173826
-9999.000000 -9999.000000 -9999.000000 -9999.000000 -9999.000000 -9999.000000 -9999.000000 -9999.000000 -9999.000000 -9999.000000 -9999.000000 -9999.000000 -9999.000000 -9999.000000 -9999.000000 -9999.000000 -9999.000000 -9999.000000 -9999.000000 0.000000 0.337419 0.335985 0.000722 0.000017 0.508819 0.444083 0.182968 0.389991 0.252036 0.230086 -0.090050 -0.017800 -0.027119 -0.002946 -0.000791 -0.000362 0.242828 0.216617 0.005122 0.008898 0.024546 0.009224 0.000670 0.000684 0.005653 0.005189 0.000180 -0.000180 -0.000037 0.012499 0.013325 0.006346 0.000341 0.006791 -0.204187 0.105037 -0.252255 -0.303401
-9999.000000 -9999.000000 -9999.000000 -9999.000000 -9999.000000 -9999.000000 -9999.000000 -9999.000000 -9999.000000 -9999.000000 -9999.000000 -9999.000000 -9999.000000 -9999.000000 -9999.000000 -9999.000000 -9999.000000 -9999.000000 0.118733 0.217240 0.418948 0.395879 0.000076 -0.050181 0.501826 0.512118 0.300870 0.682707 0.355806 0.261813 -0.016386 -0.002220 -0.095391 -0.001186 0.053968 0.081235 0.225327 0.182016 0.003763 0.002818 0.002606 0.000259 -0.000053 -0.000320 -0.001737 -0.004661 -0.000346 -0.014754 -0.001295 0.027419 0.016179 0.004762 0.000349 0.015551 0.008282 0.281315 -0.274311 -0.497473
-9999.000000 -9999.000000 -9999.000000 -9999.000000 -9999.000000 -9999.000000 -9999.000000 -9999.000000 -9999.000000 -9999.000000 -9999.000000 -9999.000000 -9999.000000 -9999.000000 -9999.000000 -9999.000000 -9999.000000 0.003532 0.018334 0.221793 0.663340 0.633105 -0.077540 -0.020960 0.271500 0.303615 0.229661 0.595855 0.932866 0.340883 0.002118 -0.001318 0.003896 0.002762 0.063528 0.108193 0.184622 0.000130 0.000360 0.000360 0.003968 -0.000156 -0.000703 -0.000758 -0.005401 -0.004683 -0.002166 -0.156027 -0.028545 0.100143 0.013071 0.004365 0.007834 0.085856 0.114937 0.569435 -0.312991 -0.592833
-9999.000000 -9999.000000 -9999.000000 -9999.000000 -9999.000000 -9999.000000 -9999.000000 -9999.000000 -9999.000000 -9999.000000 -9999.000000 -9999.000000 -9999.000000 -9999.000000 -9999.000000 -9999.000000 0.008617 0.009808 0.008593 0.061674 0.632043 0.472209 -0.062181 0.055729 0.095649 0.247023 0.245141 0.643908 1.016759 0.860064 0.081976 -0.002766 0.012719 0.008921 0.078880 0.146719 0.152106 -0.000130 -0.000360 -0.000360 -0.011695 -0.001253 -0.012512 -0.009140 -0.039259 -0.029038 -0.002332 -0.235117 -0.049159 0.041117 0.006814 0.002451 0.016348 0.041150 0.020249 0.046780 -0.137787 -0.379785
-9999.000000 -9999.000000 -9999.000000 -9999.000000 -9999.000000 -9999.000000 -9999.000000 -9999.000000 -9999.000000 -9999.000000 -9999.000000 -9999.000000 -9999.000000 -9999.000000 -9999.000000 0.001804 0.014916 0.011655 0.031714 0.024460 0.026978 0.546340 0.159244 0.130593 -0.022464 0.101657 0.141595 0.370586 1.122874 1.197713 0.288275 -0.205577 0.039511 0.031355 0.024794 0.168612 0.029145 0.018900 -0.009994 -0.021260 -0.011460 -0.022835 -0.043377 -0.063579 -0.034670 -0.029472 -0.000690 0.087850 -0.033728 -0.010877 0.002467 -0.003634 -0.000601 -0.000044 0.000881 0.022141 0.000091 -0.414426
-9999.000000 -9999.000000 -9999.000000 -9999.000000 -9999.000000 -9999.000000 -9999.000000 -9999.000000 -9999.000000 -9999.000000 -9999.000000 -9999.000000 -9999.000000 -9999.000000 0.001980 0.003723 0.002602 0.001856 0.010972 0.008504 0.001071 0.567349 0.439735 0.463172 -0.040712 0.066877 0.126042 0.401248 1.803416 1.168310 0.368017 -0.255059 0.008062 0.010049 0.009526 0.010790 0.162152 0.027253 -0.103595 -0.190947 0.072355 -0.162619 -0.163217 -0.191526 -0.019029 -0.024136 0.000993 0.000881 -0.019893 -0.020860 0.000340 -0.003073 0.045301 -0.131277 0.000981 0.007562 0.221444 -0.270746
0.001103 -9999.000000 -9999.000000 -9999.000000 -9999.000000 -9999.000000 -9999.000000 -9999.000000 -9999.000000 -9999.000000 -9999.000000 -9999.000000 0.003409 0.006547 0.003155 0.002631 -0.000361 -0.001061 0.000003 0.000208 0.000953 0.008577 0.368167 0.414034 -0.006085 0.056516 0.132006 0.453119 1.179125 1.322149 0.453096 -0.208834 0.000232 0.000340 0.000319 0.004288 0.138656 0.011843 -0.035439 -0.155441 0.070459 -0.187431 -0.133686 -0.417054 -0.008012 -0.006408 0.001195 0.000667 -0.031628 -0.032573 -0.000000 -0.000939 -0.031313 -0.113322 0.000106 0.000340 0.015626 -0.226543
0.000402 -9999.000000 -9999.000000 -9999.000000 -9999.000000 -9999.000000 -9999.000000 -9999.000000 -9999.000000 -9999.000000 -9999.000000 -9999.000000 0.004950 0.002922 0.004006 0.000261 -0.001836 -0.058535 -0.007075 -0.000326 0.000061 0.000001 0.058887 0.071376 0.000000 0.007933 0.003826 0.492876 1.186033 1.010186 0.426131 0.000128 -0.000000 -0.000000 0.000042 0.000172 0.093601 -0.040670 -0.051198 -0.134870 0.016483 -0.220416 -0.084414 0.034759 0.000289 0.000289 -0.000152 -0.000375 -0.026752 -0.026845 -0.000340 -0.000585 -0.054931 -0.154257 -0.000217 -0.000000 0.007112 0.006964
-0.000027 0.000000 -9999.000000 -9999.000000 -9999.000000 -9999.000000 -9999.000000 -9999.000000 -9999.000000 -9999.000000 -9999.000000 0.002280 0.001633 0.003705 0.003201 0.001353 -0.000041 -0.231480 -0.042689 -0.006849 -0.000637 -0.072672 0.067836 0.055791 0.011879 0.002107 -0.000184 0.520031 1.148781 0.996397 0.441495 -0.000173 -0.000232 -0.000340 -0.000320 -0.000056 0.064780 -0.101587 -0.032452 -0.108242 -0.011210 -0.146153 -0.059542 0.000284 -0.000674 -0.000505 -0.001470 -0.000901 -0.120597 -0.120032 -0.009675 -0.001694 0.000687 -0.219445 -0.000289 -0.000340 0.000059 0.000066
-0.007906 0.000277 -9999.000000 -9999.000000 -9999.000000 -9999.000000 -9999.000000 -9999.000000 -9999.000000 0.000000 0.096432 0.001370 0.001192 0.001074 0.000695 0.002518 0.000878 -0.137122 -0.279665 -0.013694 -0.007018 0.221733 0.053169 0.051212 0.017158 0.355801 0.416114 0.554740 1.145485 0.937650 0.497317 0.304034 -0.009219 -0.022340 -0.013370 -0.001372 0.037851 -0.137455 -0.002505 -0.070873 -0.015505 -0.136630 -0.077238 0.000241 0.036514 -0.105481 -0.012973 -0.011564 -0.059407 -0.073531 -0.242586 -0.001668 -0.000108 -0.198059 -0.085134 -0.006483 -0.000633 -0.000132
-0.014426 0.000025 0.000360 0.000360 0.003880 0.002409 0.006071 0.008671 0.006952 0.216624 0.064887 0.001664 0.000378 -0.003012 -0.004299 0.000000 -0.000081 0.000310 -0.145568 -0.235831 -0.108726 0.207332 0.003060 0.036830 0.024948 0.598009 0.014544 0.033692 0.736405 0.878682 0.669028 0.202758 0.055666 0.100918 0.209023 0.153477 0.071713 -0.198728 0.072804 0.004141 0.018358 -0.059041 -0.042486 0.001137 0.088041 -0.099178 -0.010786 -0.071796 -0.009923 -0.039671 -0.290603 -0.001198 -0.000776 -0.141215 -0.077192 -0.084886 -0.020016 -0.017238
0.000193 -0.000252 -0.000360 -0.000360 0.001879 0.001743 0.000558 0.009028 0.013536 0.016057 0.103803 0.002002 -0.000911 -0.004243 -0.004759 -0.011618 -0.001331 0.000322 -0.000160 0.251241 0.004012 0.230609 -0.047038 0.164080 0.027308 0.168510 0.000222 0.000443 0.011038 0.504215 0.662033 0.266154 0.258686 0.461849 0.568504 0.436315 0.312946 -0.141396 0.262642 0.163235 0.101173 0.380776 0.083312 0.002123 0.019333 -0.080116 0.141985 -0.005211 -0.000892 -0.030880 -0.456949 -0.000990 -0.000905 -0.078532 -0.041320 0.144519 0.071560 0.180596
0.002295 -0.009972 -0.017828 -0.004488 -0.004415 -0.002341 -0.000633 -0.005430 0.013939 0.001496 0.011488 0.002539 -0.001297 -0.015919 -0.026112 -0.083201 -0.000889 -0.000141 0.049879 0.000121 0.000326 0.005981 0.005425 0.146025 0.000804 0.012560 -0.000222 -0.000253 -0.000013 0.009778 0.058878 0.044420 0.067514 0.234083 0.230888 0.227103 0.479031 0.232557 0.196710 0.256241 0.155234 0.134115 0.154831 0.000713 0.010412 0.006762 0.031241 0.010111 0.002973 0.000168 -0.361529 -0.099894 0.023441 -0.039988 0.014341 0.162351 0.120801 0.235664
0.004077 -0.032101 -0.044127 -0.029965 -0.003238 -0.002349 -0.032803 -0.010687 0.000000 0.000004 0.000000 -0.001236 -0.001040 -0.010204 -0.029044 -0.035585 -0.029671 -0.003724 -0.000029 -0.000106 -0.000208 -0.000003 0.052417 0.090031 -0.000100 0.000000 -0.014339 -0.001769 -0.038586 0.004691 0.025510 0.003197 0.005139 0.112127 0.174791 0.185002 0.091111 0.076773 0.148907 0.061308 0.023173 0.220146 0.216633 -0.000089 0.000000 0.000000 0.000082 0.016106 0.001505 0.352457 -0.059996 -0.074705 0.119188 0.025096 0.049146 -0.099099 0.005983 0.006502
0.004376 -0.009285 -0.103750 -0.098767 -0.003365 -0.009681 -0.117129 -0.013144 -0.008246 -0.001511 -0.012031 -0.002844 -0.001657 -0.000076 -0.011952 -0.060228 -0.138274 -0.075085 -0.036171 -0.010943 -0.009382 -0.002529 0.000104 0.000261 -0.031013 -0.003663 -0.025804 0.091334 -0.175246 0.022949 0.012542 0.004712 0.012526 0.005865 0.245701 0.289937 0.001781 0.000056 0.249355 0.003253 0.003391 0.027657 0.297554 0.046360 -0.007028 -0.008764 -0.000633 0.045779 0.222980 0.352267 0.000845 -0.071488 0.174794 0.002876 0.000987 -0.415307 0.000000 0.000000
-0.000000 -0.001980 -0.040989 -0.058328 -0.001383 -0.252238 -1.000739 -0.009581 -0.048022 -0.016587 -0.021742 -0.020185 -0.019011 -0.010178 -0.062064 -0.056871 0.061179 -0.060906 -0.041822 -0.086341 -0.020382 -0.001741 -0.000601 -0.000094 -0.533688 -0.386245 -0.140272 0.249774 -0.051007 0.017609 0.000569 0.000012 0.018421 0.011596 0.215122 0.294783 0.211658 0.130655 0.216935 0.008161 0.006122 0.015680 0.088714 0.096023 -0.258451 -0.094300 0.089629 0.099415 0.246263 0.002445 0.001326 -0.037629 -0.001486 0.000997 -0.000068 -0.428449 -0.005878 -0.005878
-0.007717 -0.008678 -0.210184 -0.030589 -0.004683 -0.229696 0.000161 -0.001028 -0.014598 -0.010313 -0.152069 -0.028921 -0.048950 -0.074964 -0.046649 -0.038963 0.004326 -0.029617 -0.114880 -0.522125 -0.029608 -0.008870 -0.012588 -0.001233 -0.263903 -0.080121 -0.066641 0.309200 0.010337 0.009314 0.000745 0.005209 0.017495 0.013869 0.006551 0.228110 0.531602 0.134840 0.006423 0.012993 0.001998 0.003303 0.001552 0.126767 -0.039019 0.021943 0.097494 0.115966 0.000466 0.002591 0.000287 -0.023196 -0.006502 -0.002507 -0.051167 -0.236096 -0.140519 -0.198336
-0.429609 -0.411871 -0.087126 -0.010625 -0.003005 -0.265413 -0.000488 0.000351 -0.003307 -0.003952 -0.081752 -0.405601 0.083590 -0.488097 -0.095156 0.000604 0.000812 -0.006408 -0.010009 -0.139472 -0.213737 -0.623781 -0.020804 -0.011402 -0.142113 -0.017683 0.022293 0.021951 0.000698 0.000403 0.001053 0.007789 0.012923 0.009725 0.002321 0.154028 0.676660 0.000982 0.003819 0.011905 0.003573 0.004800 0.001804 0.135438 0.033095 0.043656 0.157109 0.079861 0.000664 -0.001458 -0.000935 -0.017012 -0.006895 -0.020945 -0.033893 -0.180334 -0.140183 0.129479
-0.165831 0.025901 0.115967 -0.003763 -0.002088 -0.201166 -0.181219 -0.000172 0.000359 -0.000791 -0.053572 -0.116307 0.121714 -0.232216 -0.055117 0.000822 0.001303 0.000422 -0.014456 -0.001218 -0.175177 -0.435377 -0.191339 -0.065120 -0.070898 0.169534 0.057053 0.000071 0.000918 -0.000085 0.000000 0.000328 0.000640 0.000354 -0.001910 0.000506 0.469382 -0.000900 -0.001212 0.001446 0.004297 0.004812 0.001293 0.136949 0.051518 0.058750 0.006470 0.001098 0.000232 -0.000888 -0.000224 -0.008241 -0.027992 -0.023105 -0.017073 -0.095057 0.008743 0.160253
-0.172947 0.210042 0.315478 -0.095639 -0.186043 -0.135701 -0.026224 -0.000321 -0.000359 0.000172 0.000214 -0.026111 0.138297 -0.097704 -0.032034 0.000070 0.000222 -0.000057 -0.031431 -0.031588 -0.195700 -0.320151 -0.178875 0.081428 0.078292 0.286491 0.113035 0.166496 0.002494 -0.018427 -0.008073 -0.000876 -0.000888 -0.000412 -0.001390 -0.000839 0.382170 0.038370 0.000500 0.000437 0.000486 0.001031 0.000652 0.190816 0.145463 0.002609 0.000222 -0.000608 -0.000610 0.011444 0.002640 -0.027786 -0.023794 -0.015408 -0.127212 0.000000 0.047672 0.059520
-0.260970 0.126751 0.398038 0.061299 -0.281905 -0.089104 0.179025 -0.003194 -0.023882 -0.000351 -0.000249 0.011767 0.113043 -0.032144 -0.011769 -0.000070 -0.000222 -0.005208 0.069997 -0.080536 -0.309886 -0.400587 -0.216287 0.093674 0.097458 0.057610 0.123743 0.209324 0.244630 -0.451006 -0.025237 -0.013768 -0.006470 0.000051 0.000652 -0.016692 0.402074 0.079742 0.005655 0.000194 -0.000256 0.000180 0.000856 0.055423 0.048347 0.009099 -0.000222 -0.001118 0.002291 0.015687 -0.000247 -0.016262 -0.028005 0.001783 -0.346304 -0.068342 -0.004305 0.027254
-0.224543 -0.039285 0.295692 0.052727 -0.374257 0.034852 0.014055 -0.002801 -0.110444 0.041315 0.055852 0.056911 0.117665 0.066471 -0.000190 -0.010633 -0.004531 -0.012036 0.081201 -0.066986 -0.299336 -0.493302 -0.195802 0.005428 0.010973 0.020413 0.102938 0.219765 0.734612 0.005833 -0.391031 0.144361 -0.002151 0.000416 0.000914 0.001106 0.059287 0.057916 0.019662 -0.000997 -0.005799 -0.000948 0.001031 0.026392 0.017571 0.002705 0.000735 0.001394 -0.001718 0.000666 -0.003490 -0.003652 0.027687 0.041939 -0.024091 -0.086198 -0.056406 -0.034559
-0.223756 -0.245165 0.172498 0.032559 -0.296276 -0.000145 0.000000 0.010674 -0.035197 0.086323 0.054561 0.066624 0.025633 0.113112 0.131067 -0.023928 -0.008122 -0.001409 0.091485 -0.128341 -0.312496 -0.348932 -0.050524 -0.003272 -0.005461 -0.024346 0.000504 0.250883 0.534624 0.419153 0.168894 0.273862 -0.018342 -0.000353 -0.000627 0.000015 0.000737 0.082670 -0.000124 -0.002260 -0.005785 -0.007318 0.001194 0.000944 0.000040 0.001991 0.000646 0.000263 -0.004077 -0.001845 -0.005053 -0.000344 0.038638 0.032130 0.012098 -0.076834 -0.078545 -0.252900
-0.065011 -0.479981 0.060178 -0.033150 -0.348944 -0.001638 0.007412 0.033299 0.016644 0.110810 0.132620 0.152217 0.054230 0.075329 0.324809 -0.076835 -0.011664 0.029678 0.138222 -0.144998 -0.416389 -0.303285 -0.051426 -0.005873 -0.005863 -0.002645 0.000043 0.002403 0.015316 0.011279 0.217180 0.363155 -0.112630 0.000768 -0.000563 -0.001091 0.000658 0.064390 0.005696 -0.043434 -0.021835 -0.002716 0.000222 -0.000016 -0.001299 -0.001363 -0.000511 -0.000204 0.000409 -0.000201 -0.003922 -0.008589 0.032002 0.040763 0.015636 -0.024029 0.092158 0.097838
