use_cases/Flooding_chicago/flooding_data/output/hUy_2640.asc
ncols 337
nrows 393
xllcorner 428428.000000
yllcorner 4602440.000000
cellsize 26.757400
NODATA_value -9999.000000
[rows 104 to 129 of 393, columns 116 to 173 of 337]
-9999.000000 -9999.000000 -9999.000000 -9999.000000 -9999.000000 -9999.000000 -9999.000000 -9999.000000 -9999.000000 -9999.000000 -9999.000000 -9999.000000 -9999.000000 -9999.000000 0.000000 0.000000 0.007987 0.004335 0.015074 0.001404 0.002569 0.268362 0.393343 0.028380 0.034832 0.007438 0.002699 0.014424 0.002350 0.021518 0.053829 -0.091989 0.046638 0.334663 0.052089 -0.479599 0.000321 0.000003 0.000208 0.000424 0.000269 0.000025 0.000001 0.000000 0.000000 0.000000 0.008731 0.492993 0.353750 0.494053 0.424211 -0.095887 -0.254458 0.286041 0.023190 0.013075 0.388157 0.604087
-9999.000000 -9999.000000 -9999.000000 -9999.000000 -9999.000000 -9999.000000 -9999.000000 -9999.000000 -9999.000000 -9999.000000 -9999.000000 -9999.000000 -9999.000000 -9999.000000 -9999.000000 -0.008006 0.000000 0.000000 0.000000 -0.000111 0.005185 0.026348 0.092738 0.026421 0.001875 0.006894 0.001071 0.000609 0.000478 0.068753 -0.055948 0.034817 0.031581 0.062553 -0.037030 -0.034489 -0.000138 -0.008851 -0.000326 -0.000007 -0.000305 -0.002781 -0.018529 -0.015312 -0.005934 0.040391 0.069623 0.988088 0.524045 0.579358 0.331019 -0.029100 0.104849 0.012690 0.002509 0.001621 0.318472 0.507097
-9999.000000 -9999.000000 -9999.000000 -9999.000000 -9999.000000 -9999.000000 -9999.000000 -9999.000000 -9999.000000 -9999.000000 -9999.000000 -9999.000000 -9999.000000 -9999.000000 -0.001339 -0.013672 -0.007894 -0.013541 -0.004289 -0.001561 0.000836 0.001951 0.002017 0.000965 0.002272 0.000135 -0.002617 -0.000825 0.000089 0.010406 -0.020469 0.070118 0.120179 -0.047148 -0.081491 -0.039111 -0.005541 -0.022523 -0.004608 -0.000902 -0.000173 -0.001187 -0.024833 -0.067754 -0.063250 0.067246 0.077663 0.058991 0.080077 0.123010 0.449262 0.401620 0.821086 0.053407 0.006889 0.002799 0.218469 0.558486
-9999.000000 -9999.000000 -9999.000000 -9999.000000 -9999.000000 -9999.000000 -9999.000000 -9999.000000 -9999.000000 -9999.000000 -9999.000000 -9999.000000 -9999.000000 -0.000070 -0.000689 -0.024491 -0.019055 -0.067494 -0.040044 -0.005527 -0.003210 -0.001968 -0.000546 -0.000111 -0.000400 -0.000466 -0.044363 -0.000932 -0.000453 0.000066 0.108284 0.143884 0.000438 -0.067815 -0.070522 -0.045380 -0.070833 -0.025671 -0.011498 -0.001555 -0.000491 -0.001794 -0.001278 -0.008193 -0.015597 0.035377 0.027946 0.009634 0.012858 0.131585 0.105241 0.112959 0.214523 0.034529 0.025962 0.004958 -0.021412 0.844288
-9999.000000 -9999.000000 -9999.000000 -9999.000000 -9999.000000 -9999.000000 -9999.000000 -9999.000000 -9999.000000 -9999.000000 -9999.000000 -9999.000000 0.000326 -0.022480 -0.001964 -0.006497 -0.061269 -0.027504 -0.016150 -0.005555 -0.045220 -0.002465 -0.002304 -0.001053 -0.000765 -0.000378 -0.112868 -0.007474 -0.001291 -0.000233 -0.000011 0.000015 -0.000097 -0.025274 -0.166200 -0.016524 -0.106386 -0.079280 -0.011608 -0.010993 -0.026786 -0.004726 -0.000124 0.000485 -0.021309 0.000000 0.000205 0.000107 0.002423 0.057257 0.196231 0.241608 0.023003 0.035910 0.022143 0.007535 -0.094391 0.865978
-9999.000000 -9999.000000 -9999.000000 -9999.000000 -9999.000000 -9999.000000 -9999.000000 -9999.000000 -9999.000000 0.000421 0.001034 -0.000003 -0.000208 -0.021257 -0.001455 -0.002394 -0.024480 -0.016399 -0.010457 -0.003845 -0.020889 -0.075755 -0.006647 -0.022476 -0.014354 -0.036064 -0.045864 -0.037396 -0.017406 -0.052073 -0.049960 -0.000706 -0.007078 -0.040445 -0.367560 -0.031717 -0.048157 -0.035514 -0.029530 -0.065646 -0.064293 -0.002770 -0.000844 0.000858 -0.013917 -0.026076 -0.001980 -0.000202 0.013914 0.081374 0.127196 0.094549 0.015584 0.030742 0.018617 0.039760 0.052747 0.542417
-9999.000000 -9999.000000 -9999.000000 -9999.000000 -9999.000000 -9999.000000 -9999.000000 -9999.000000 0.001049 -0.000424 -0.001201 -0.008203 -0.012743 -0.103157 -0.013160 -0.005777 -0.060339 -0.036024 -0.056335 -0.032452 -0.070451 -0.115893 -0.045829 -0.040837 -0.023137 -0.044642 -0.090295 -0.069530 -0.048785 -1.135918 -0.078340 0.542753 0.014677 0.033628 -0.295951 -0.262003 -0.019172 -0.019863 -0.008588 -0.065700 -0.137778 -0.015927 -0.008337 0.011954 0.717783 0.396271 0.158541 0.155770 0.058298 0.287175 0.010723 0.006779 0.004571 0.016509 0.010245 0.027593 0.023191 0.051284
-9999.000000 -9999.000000 -9999.000000 -9999.000000 0.000378 0.000352 0.000004 0.000119 -0.000576 -0.005358 -0.001070 -0.017279 -0.020274 -0.180819 -0.027812 -0.020988 -0.066160 -0.040970 -0.065946 -0.088310 -0.068345 -0.143657 -0.111689 -0.036092 -0.023449 0.008653 -0.230477 -0.108960 -0.288211 -0.991640 0.005864 0.840841 0.003946 0.007246 -0.215106 -0.183063 -0.155579 -0.006229 -0.017087 -0.088369 -0.220122 -0.093795 -0.009997 0.005906 0.009188 0.012943 0.004345 0.006675 0.015319 0.022308 0.001372 0.003021 0.000852 0.000129 0.000606 0.007903 0.016047 0.010929
-9999.000000 -9999.000000 0.001831 0.000600 -0.000246 -0.000160 -0.000246 -0.000303 -0.001380 -0.003355 -0.017258 -0.018649 -0.026453 -0.275876 -0.034084 -0.032078 -0.036085 -0.045776 -0.047611 -0.131495 -0.100071 -0.173151 -0.153987 -0.034259 -0.002838 0.000000 0.000000 -0.023045 -0.762414 -0.881442 -0.104888 0.678821 0.000222 0.000103 -0.075750 -0.269651 -0.399107 -0.008306 -0.020568 0.024792 -1.394301 -0.089604 -0.000419 0.000000 0.000000 0.000000 0.000000 0.000000 0.000000 0.000067 -0.000077 -0.002912 -0.001718 -0.000065 -0.000064 0.000000 0.000000 0.000000
0.000948 0.002219 0.005499 -0.003571 -0.022668 -0.010128 -0.000197 -0.008262 -0.011092 -0.016281 -0.043123 -0.032968 -0.020990 -0.123228 -0.155902 -0.035486 -0.021836 -0.045218 -0.063352 -0.145364 -0.096302 -0.371816 -0.312063 -0.034119 -0.010277 -0.004212 -0.007697 -0.048620 -0.105918 -0.533940 -0.177021 0.201208 -0.000222 -0.000103 -0.051686 -0.403345 -0.473103 -0.017133 -0.005338 0.011099 -0.306465 -0.220660 -0.004725 -0.007161 -0.005094 -0.003990 -0.018961 -0.028111 -0.005350 -0.000464 -0.009829 -0.033694 -0.046037 -0.009047 -0.021587 -0.008066 -0.008066 -0.012367
0.000000 -0.000385 -0.001878 -0.054248 -0.121064 -0.025752 -0.009001 -0.015780 -0.016051 -0.025811 -0.063972 -0.075236 -0.003991 -0.100715 -0.311204 -0.026405 -0.023011 -0.039814 -0.156134 -0.173428 -0.297544 -0.448014 -0.229532 -0.059214 -0.013937 -0.007710 -0.067647 -0.044786 -0.087553 -0.112926 -0.068684 -0.053372 -0.003946 -0.007246 -0.083150 -0.945949 -1.049229 -0.040621 -0.002260 0.000408 0.019988 -0.383490 -0.377016 -0.017395 -0.026476 -0.008280 -0.031216 -0.082763 -0.008811 -0.011115 -0.019109 -0.337718 -0.339480 -0.585523 -0.631023 -0.015395 -0.017426 -1.638018
-0.002260 -0.002689 -0.001834 -0.060456 -0.068249 -0.099570 -0.014994 -0.030847 -0.012645 -0.034553 -0.047622 -0.143365 -0.008345 -0.085345 -0.309178 -0.122598 -0.119033 -0.169103 -0.222152 -0.079604 -0.359320 -0.314170 -0.093286 -0.007271 -0.023501 -0.006645 -0.138057 -0.095746 -0.041599 -0.060272 -0.037754 -0.117576 -0.057560 -0.030855 -0.045233 -0.600706 -0.776102 -0.356765 -0.001207 -0.000538 -0.000019 -0.000000 -0.224633 -0.510944 -0.837350 -0.009307 -0.034582 -0.804431 -0.022563 -0.017566 -0.032911 0.487808 0.263404 0.093271 -0.283436 -0.505854 -0.341060 -1.327075
-0.001427 -0.042434 -0.001042 -0.055326 -0.055574 -0.044200 -0.386058 -0.029961 -0.015935 -0.027922 -0.121465 -0.156731 -0.102130 -0.084195 -0.365189 -0.261499 -0.260779 -0.072271 -0.123107 -0.048498 -0.345186 -0.334899 0.104685 0.000490 -0.005052 -0.047249 -0.061407 -0.049729 -0.122804 -0.104680 -0.057372 -0.198669 -0.122099 -0.057650 0.093620 -0.467392 -0.516052 -0.358537 -0.005858 -0.011851 -0.014634 -0.026678 -0.086649 -0.342064 -0.000320 -0.011147 -1.302503 -0.004346 0.400606 -0.746345 -0.423398 1.201699 0.626192 0.293893 -0.109833 -0.870517 -0.271531 -1.051378
0.000340 -0.034937 -0.037733 -0.046001 -0.041870 -0.022632 -0.149509 -0.087426 -0.312041 -0.168130 -0.051247 -0.080161 -0.039587 -0.237763 -0.244236 -0.190927 -0.199908 -0.238600 -0.242481 -0.098762 -0.087495 -0.100325 -0.000076 -0.001352 0.000222 -0.009833 -0.043807 -0.108512 -0.217132 -0.146483 -0.069789 -0.469638 -0.208151 -0.017679 0.004052 -0.297731 -0.474343 -0.524267 -0.004077 -0.018314 -0.030505 -0.733738 -0.464289 -0.281367 -0.104587 -1.109888 -0.658783 0.302599 0.722360 -0.155726 0.307349 1.743658 0.723086 0.422917 0.093531 -0.583805 -0.349929 -1.085456
0.000222 0.000103 -0.028981 -0.043960 -0.035455 -0.013266 -0.070522 -0.016532 -0.182804 -0.147470 0.000222 -0.037406 -0.103887 -0.179904 -0.197973 -0.162312 -0.127509 -0.609081 -0.487244 -0.072573 -0.113994 -0.045563 -0.028336 -0.000641 -0.000222 -0.002366 -0.056342 -0.319453 -0.369716 -0.321170 -0.325955 -0.470261 -0.063357 -0.002514 0.009218 -0.143716 0.086399 -0.468859 -0.183055 -0.107812 -1.012641 -1.112341 -0.030414 -0.947261 -0.524590 -0.393545 -0.131714 0.476551 1.054904 0.118557 0.697970 1.252614 0.000355 0.000000 0.000105 0.058281 0.097259 -0.832622
-0.000222 -0.000103 -0.018301 -0.042335 -0.295532 -0.013139 -0.000846 -0.000060 -0.180306 -0.163790 -0.000222 -0.008885 -0.071621 -0.131095 -0.129552 -0.088988 -0.392969 -0.530761 -0.430388 -0.033182 -0.172251 -0.037093 -0.038136 -0.009146 -0.012161 -0.011090 -0.279490 -0.374375 -0.528853 -0.728775 -0.339987 -0.165453 0.037989 0.009282 0.017586 0.040440 0.022012 -0.402541 -0.175669 -0.051141 -0.141802 -1.101865 -0.154114 -0.595161 -0.288148 -0.410025 -0.249734 0.475012 1.048734 0.113425 0.516813 0.383358 -0.000715 -0.013129 -0.124040 0.476475 0.402418 -0.397223
-0.012187 -0.028881 -0.016902 -0.028974 -0.027377 -0.014068 -0.003241 -0.046832 -0.083599 -0.230297 -0.111397 -0.034843 -0.224785 -0.265528 -0.233237 0.293840 -1.013896 -1.553270 -1.417143 -0.027411 -0.218183 -0.016941 -0.050532 -0.032634 -0.012298 -0.185208 -0.291546 -0.339424 -0.499838 -0.733725 0.092573 0.339560 0.179569 0.020642 0.021106 0.004235 0.002410 0.002633 -0.258282 -0.051980 -0.002490 -0.888585 -0.315329 -0.246161 -0.069875 -0.244743 -0.214309 0.321208 0.889680 0.086955 0.329637 0.173715 0.065112 -0.511450 -0.210875 0.641444 0.632527 -0.178485
-0.029501 -0.146843 -0.090565 -0.073108 -0.013309 -0.008649 -0.004394 -0.076976 -0.080631 -0.311612 -1.172706 -0.058729 -0.333510 -0.476793 -0.240115 0.576090 -0.655040 -1.272574 -1.089093 0.001806 -0.104075 -0.082981 -0.199121 -0.198464 -0.066483 -0.433989 -0.264382 -0.256371 -0.402233 -0.747433 0.003812 0.041768 0.077837 0.034516 0.010258 0.009536 0.004460 0.007416 0.001547 -0.015156 -0.002774 -1.065774 -0.335741 0.002878 0.041028 -0.319107 -0.350521 0.319671 0.680011 0.167970 0.303920 0.051706 0.070715 -0.405052 -0.303309 0.580139 0.650195 -0.041542
-0.086156 -0.080606 -0.085662 -0.000332 -0.006003 -0.003678 -0.002303 -0.012416 -0.177298 -0.190623 -0.062594 0.013215 -0.302022 -0.445838 -0.204050 0.444503 -0.495838 -0.989279 -0.810367 0.093692 -0.082917 -0.072990 -0.116240 -0.001936 -0.036541 -0.593147 -0.227071 -0.110274 -0.100162 -0.619939 0.001093 0.012602 0.023964 0.020325 0.023331 0.011832 0.006722 0.035916 0.005167 0.000950 0.009286 -1.034094 -0.397178 0.444889 0.283516 -0.196103 -0.518333 0.244912 0.744693 0.127746 0.160709 0.074111 0.059710 -0.146512 -0.381521 0.576714 0.697383 -0.014369
-0.030606 -0.348751 -0.039723 -0.012352 -0.002154 -0.002126 -0.001180 -0.042196 -0.088263 -0.131698 -0.045669 -0.005863 -0.285077 -0.488355 -0.206240 0.321392 -0.456707 -0.902622 -0.688844 0.096254 -0.123231 -0.074303 -0.092642 -0.012453 -0.060258 -1.035013 -0.203635 -0.011854 -0.031448 -0.187924 0.000171 0.000933 0.001099 0.032611 0.053938 0.012275 0.008118 0.015926 0.035419 0.033959 0.086984 -0.769419 -0.204709 0.709571 0.288695 -0.022948 -0.570592 0.135986 0.664587 -0.025627 -0.246996 -0.089728 0.015210 0.032824 -0.496447 0.527818 0.657996 -0.003087
-0.055035 -0.320817 -0.265945 -0.008794 -0.005023 -0.002505 -0.000914 -0.013706 -0.003906 -0.385039 -0.066620 -0.010140 -0.174852 -0.467510 -0.315582 0.191130 -0.432897 -0.837624 -0.658952 0.079749 -0.092243 -0.068836 -0.076584 -0.009736 -0.027609 -1.399670 -0.046306 0.000840 0.153740 0.110259 0.000949 0.000808 0.001577 0.033552 0.006518 0.002085 0.001122 0.000456 0.020799 0.068237 0.064971 0.093615 0.801480 1.295045 0.532282 0.475380 -0.140223 0.289724 0.643984 -0.125597 -0.371749 -0.007043 0.170218 0.025334 -0.239115 0.963046 0.662300 0.119522
-0.033118 -0.343250 -0.305005 -0.003810 -0.003518 -0.001507 -0.001149 0.027273 0.055227 -0.365414 -0.053609 -0.026691 -0.160908 -0.359946 -0.346714 0.082326 -0.443594 -0.774334 -0.402987 -0.005026 -0.036270 -0.070023 -0.092578 -0.259964 -0.424313 -1.076260 -0.017294 0.000617 0.002366 0.000907 0.000134 -0.000297 0.000134 0.001065 0.000000 0.000046 -0.000560 -0.000348 0.010046 0.065725 0.050288 0.056380 0.061850 0.090765 0.077565 0.034173 0.004628 0.393845 0.455639 0.094689 -0.091677 0.643513 0.451790 -0.037286 0.606445 2.232352 1.564525 0.017353
0.000252 -0.440375 -0.461778 -0.188520 -0.004196 -0.001607 -0.001441 0.208984 0.120783 -0.402858 -0.101831 -0.048112 -0.254426 -0.336947 -0.271860 0.029342 -0.249514 -0.678685 -0.353535 -0.132065 -0.035491 -0.060543 -0.387362 -0.827706 -1.179399 -0.604911 -0.005924 -0.000703 -0.000925 -0.000267 -0.000234 -0.000973 -0.001781 -0.001438 -0.010397 -0.001835 -0.005310 -0.006676 0.023246 0.023169 0.023892 0.014005 0.047959 0.044992 0.030290 0.005000 0.003973 0.496646 0.441761 0.000901 0.004104 0.034413 0.030124 0.041765 0.045222 0.026031 0.060323 0.000000
-0.040234 -0.322471 -0.401803 -0.296243 -0.004893 -0.001791 -0.064099 0.251804 0.161948 -0.320484 -0.060424 -0.015798 -0.214846 -0.384475 -0.338833 0.010719 -0.316686 -0.809909 -0.725807 -0.277576 -0.249973 -0.234073 -0.360171 -0.691082 -0.649638 -0.376004 -0.004760 -0.026125 -0.002524 -0.003080 -0.017821 -0.005240 -0.048480 -0.016477 -0.030576 -0.001032 -0.002163 -0.012728 0.017392 0.025328 0.040120 0.044539 0.030683 0.033104 0.001392 0.001619 0.001952 0.607874 0.475505 0.000195 0.003417 0.002059 0.025219 0.021000 0.011532 0.022554 0.052928 -0.012647
0.034801 -0.108826 -0.184133 -0.329980 -0.182309 -0.112438 -0.003569 0.208085 0.170318 -0.273209 -0.027410 0.013925 -0.148345 -0.303840 -0.316610 0.000545 -0.295243 -0.731235 -0.797961 -0.374498 -0.208253 -0.376220 -0.503659 -0.455043 -0.006734 0.000000 -0.087671 -0.179590 -0.086300 -0.089664 -0.165675 -0.023188 -0.077717 -0.026932 -0.004695 -0.000645 0.000158 -0.024030 0.012571 0.019374 0.083794 0.013317 0.007955 0.008528 0.001930 0.001011 0.001073 0.357379 0.297245 -0.000445 0.003301 0.004543 0.002589 0.003289 0.002391 0.018193 0.033787 0.018195
0.001885 -0.097039 -0.000487 -0.267207 -0.198821 -0.303439 0.094437 0.285368 0.140235 -0.253847 -0.093705 0.005714 -0.119223 -0.216759 -0.326653 -0.016833 -0.295577 -0.585191 -0.722859 -0.372033 -0.258839 -0.320057 -0.451471 -0.446664 -0.197355 -0.130472 -0.055077 -0.111163 0.011170 0.029887 -0.007625 -0.186868 -0.129483 -0.031666 -0.008891 -0.008100 -0.000359 -0.031965 0.000729 0.001802 0.015071 0.006355 0.000588 0.000125 0.000316 0.000044 0.000992 0.250875 0.249450 0.620602 0.025745 0.049862 0.023485 0.023965 0.008300 0.006611 0.034454 0.039912
