use_cases/Flooding_chicago/flooding_data/output/hUy_2880.asc
ncols 337
nrows 393
xllcorner 428428.000000
yllcorner 4602440.000000
cellsize 26.757400
NODATA_value -9999.000000
[rows 260 to 285 of 393, columns 58 to 115 of 337]
0.900482 0.354993 0.321189 0.006764 0.018858 0.056521 0.369930 0.220097 1.128916 1.430339 0.028284 0.018051 0.010622 0.010035 0.772893 0.507852 0.007516 0.000135 -0.000484 -0.050651 -0.008872 -0.005770 -0.000519 0.000004 0.005272 0.028895 -0.004132 -0.011682 0.120126 -0.094058 0.337351 0.432835 1.963992 3.338250 3.102187 1.880431 1.806738 1.357589 1.492079 1.386237 1.347609 1.309860 1.075226 1.111585 0.788841 0.864322 0.134599 -0.011255 0.207573 0.303712 0.147293 0.004370 0.304221 0.488218 0.239234 0.073121 0.110588 0.100527
0.118505 0.038627 0.030404 0.013660 0.015084 0.028366 0.265720 0.051311 0.077125 0.080278 0.016537 0.005982 0.000326 0.000229 0.406031 0.444277 0.000051 -0.001455 -0.021373 -0.019841 -0.036350 -0.021654 -0.011860 -0.000690 0.000080 0.006974 -0.002730 0.000363 0.361281 0.090252 0.295847 0.645649 2.108773 3.230260 2.058241 1.725883 1.696024 0.787693 0.812676 0.797931 0.721162 1.248145 1.063250 1.110310 1.236689 0.831268 0.499405 -0.257050 0.367071 0.290323 0.217309 0.000753 0.258297 0.385418 0.145203 0.024012 0.043671 -0.001954
0.176888 0.071305 0.050828 0.052174 0.034796 0.068067 0.111236 0.035219 0.019552 0.033139 0.005331 -0.000003 -0.000208 -0.000107 0.466766 0.551084 -0.001233 -0.016048 -0.050044 -0.005943 -0.055918 -0.029123 -0.054938 -0.005691 -0.000381 0.000121 -0.000858 0.298227 0.708939 0.157878 0.317913 1.108124 2.882912 3.147877 1.899668 1.329560 1.294074 0.318488 0.743817 0.757560 0.608813 1.056717 1.002480 1.079101 1.345986 0.848252 0.537240 0.105723 0.477931 0.396521 0.240323 -0.038471 0.257214 0.340622 0.145377 0.014358 0.079499 -0.021009
0.093904 0.135354 0.117034 0.031826 0.088408 0.133159 0.085896 0.017939 0.035885 0.008680 0.014512 0.014825 0.002710 -0.031294 0.488802 0.891582 0.089780 -0.082698 -0.096955 0.016741 -0.062948 -0.055086 -0.101325 -0.103733 -0.038951 -0.003000 -0.019836 1.034613 0.761618 0.239057 1.123170 1.704431 2.963131 3.144604 1.949932 0.413346 0.453022 0.002032 0.369377 0.774544 0.515170 0.963337 1.043847 1.141574 1.461847 1.200690 0.749278 0.225943 0.593911 0.721741 0.381531 0.138214 0.612417 0.360766 0.087799 0.015659 0.102582 0.032685
0.177864 0.256432 0.009202 0.007458 0.009316 0.020701 0.197519 0.035686 0.048248 0.030057 0.014043 0.029684 0.011009 0.050278 0.351594 0.900085 0.256725 -0.023115 0.073862 0.074992 0.074611 0.102408 -0.011883 -0.186951 -0.107624 -0.022443 0.021807 1.713209 0.874996 0.478984 1.301703 1.831602 2.751889 2.905904 1.307714 0.328602 0.473817 -0.000161 0.005448 0.619119 0.582304 0.891652 0.800230 0.800424 1.365428 1.464860 0.735265 0.433993 0.720063 0.862439 0.415543 0.289949 0.369144 0.484042 0.143222 0.134594 0.175072 0.186585
0.110152 0.328790 0.000111 0.000219 0.000978 0.009271 0.091754 0.065516 0.094193 0.007823 0.005030 0.076441 0.040071 0.283638 0.411856 0.857202 0.072331 0.004580 0.008197 0.004669 0.011896 0.012154 -0.008075 -0.091464 -0.135513 -0.087612 0.599622 2.120312 1.100876 0.430324 1.551381 1.589550 1.738789 1.811076 0.405413 0.316869 0.491028 0.601911 0.000454 0.014406 0.015519 0.452263 0.952089 0.833767 1.284735 1.477433 1.274909 0.483718 0.606684 0.742215 0.619761 0.383119 0.453849 0.389687 0.210060 0.002284 0.002947 0.003473
0.010913 0.435203 -0.000089 -0.000031 0.001899 0.003137 0.020896 0.141114 0.034735 0.001110 0.010022 0.016002 0.105918 0.115047 0.229414 0.163566 0.026824 0.012800 0.000190 0.000077 0.000000 0.004467 0.000156 0.049540 -0.045332 0.528256 0.632697 0.961981 0.984748 0.377751 1.934870 2.178591 1.658329 1.750444 0.001618 0.002412 0.461781 0.808240 0.000660 0.000000 0.000000 0.494265 0.535163 0.382381 1.028147 1.313030 1.465796 0.579950 0.602366 0.719574 0.715860 0.774362 0.833754 0.868633 0.358459 0.001198 -0.001833 -0.000940
0.010005 0.394383 0.198879 0.000578 0.002275 0.006603 0.010865 0.037421 0.030232 0.001837 0.004422 0.003426 0.038566 0.003425 0.300694 0.026905 0.053770 0.029672 -0.000036 -0.000542 -0.007444 -0.000259 -0.000108 0.251935 0.267122 0.543667 0.024993 0.622286 0.709176 0.236639 2.080150 2.029177 2.045195 2.303993 0.152425 0.004722 0.007164 0.972227 0.005034 -0.003668 -0.014636 0.548267 0.495044 0.326974 0.376701 0.789165 0.878697 0.587607 0.513271 0.779091 0.775898 0.978144 1.134349 1.519764 0.743229 -0.077468 -0.142140 -0.078937
0.010386 0.078258 0.189709 0.003485 0.001641 0.006848 0.001323 0.000992 0.000460 0.000018 0.003794 0.004919 0.012744 0.002478 0.283612 0.049228 0.068357 0.051909 -0.000442 -0.005361 -0.016928 -0.008579 0.137951 0.473270 0.428212 0.016598 0.018565 0.048874 0.490765 0.094334 1.891133 2.091776 1.995900 2.225341 0.517763 0.004883 0.019725 0.895057 0.148191 -0.002053 0.243311 0.574828 0.471436 0.017602 0.338437 0.270917 0.759642 0.627946 0.201737 0.548302 0.549085 1.093933 1.075800 1.721914 0.688627 0.138082 0.007674 0.147369
0.047556 0.006265 0.149473 0.002944 0.000421 0.000803 0.000851 -0.000651 -0.000562 -0.026273 -0.003797 0.000360 0.000360 0.001138 0.077424 0.060421 0.143747 0.162350 -0.094004 -0.008368 -0.026481 -0.031609 0.344013 0.420986 0.200786 0.012493 0.017299 0.034417 0.032730 -0.256745 1.796470 2.137457 1.431124 2.233972 0.846844 0.198828 0.485996 0.907396 0.286540 0.053653 0.297427 0.630953 0.041251 0.056250 0.036820 0.215512 0.686622 0.548402 0.033251 0.450568 0.452474 1.078781 1.459070 1.781970 0.723569 0.210873 0.042059 0.209203
0.045603 0.016346 0.057360 0.009426 0.001655 0.000464 -0.000581 -0.007000 -0.015283 -0.258190 -0.001680 -0.000360 -0.000360 0.002905 0.002296 0.038747 0.144822 0.168656 0.010181 -0.111140 0.000222 0.006959 0.430059 0.223129 0.012385 0.005903 0.012681 0.020020 0.019604 -0.293335 1.610995 2.044849 1.269724 1.998754 1.414498 0.248289 0.636921 1.076093 0.514578 0.045102 0.349175 0.040531 0.093548 0.096042 0.068507 0.262508 0.586463 0.526846 -0.135970 0.348515 0.306994 1.039113 1.669060 2.300609 0.808847 0.298778 0.061155 0.305535
0.014164 0.005203 0.004683 0.004307 0.003446 -0.000153 -0.000498 -0.002547 -0.031776 -0.253985 -0.007673 -0.001921 -0.004446 -0.001975 0.000387 0.021679 0.119947 0.119630 0.006988 -0.040681 -0.000222 0.000134 0.412956 0.007838 0.000510 0.001524 0.000816 0.007045 0.022532 -0.174860 1.152634 1.849405 1.438727 1.740450 1.678819 0.542280 0.882957 1.284339 0.738316 0.060000 0.011733 0.000000 0.140273 0.134797 0.110032 0.096998 0.093709 0.050069 -0.155794 0.532800 0.392367 1.336674 1.912796 2.118182 1.084393 0.474937 0.124409 0.442412
0.000222 0.003258 0.000467 -0.001069 -0.004178 -0.000740 -0.000829 -0.000889 -0.056554 -0.227339 -0.007267 -0.001561 -0.004580 -0.003984 -0.002908 0.059743 0.120645 0.089628 0.006387 -0.026583 -0.002819 0.031684 0.407456 0.024619 -0.000275 0.000471 0.000035 0.000190 0.011330 0.008067 0.056448 1.293915 1.338777 1.786057 1.767133 1.704626 1.739782 2.742796 1.053404 0.049608 0.000340 0.079275 0.145291 0.150354 0.111606 0.112757 0.114744 0.000745 0.000981 0.050031 0.089557 0.911920 1.118067 2.643069 0.870786 0.537014 0.005095 0.033533
-0.000222 -0.004600 -0.004708 -0.005292 -0.006749 -0.000882 -0.000900 -0.000623 -0.111957 -0.260667 -0.007737 -0.000564 -0.001564 -0.006586 -0.007719 0.138200 0.085694 0.117734 0.108145 -0.004039 0.008059 0.269453 0.356772 0.076019 0.125116 -0.000455 -0.000778 -0.000210 0.000280 0.000519 0.010126 0.034875 0.837372 1.487801 0.981996 1.453556 1.992196 3.231910 1.514705 0.136084 0.000000 0.124217 0.618546 0.514717 0.085756 0.084075 0.085761 0.000000 0.000000 0.000000 0.198089 1.127168 1.176752 1.773080 1.020052 0.014956 0.005345 0.000000
-0.003516 -0.003766 -0.036328 -0.030911 -0.030735 -0.028747 -0.007900 -0.001273 -0.160682 -0.292075 -0.007109 0.000394 0.001663 0.002859 0.001651 0.076452 0.087567 0.000614 0.000473 0.000016 0.034616 0.331039 0.035618 0.006646 0.009707 0.000244 -0.000929 -0.002706 -0.000433 0.000198 0.000005 0.020780 0.088221 1.348348 0.661250 0.971466 1.397540 3.520843 3.034989 1.042222 -0.000340 0.190851 0.186873 0.116345 0.064693 0.060795 0.060212 -0.000745 -0.000981 0.159966 1.043008 1.714988 1.161787 1.727253 0.169979 0.000898 0.001206 0.008733
-0.002825 -0.017661 -0.023690 -0.161921 -0.179747 -0.073699 -0.084894 -0.038790 -0.235878 -0.340138 -0.004164 0.000480 -0.000342 0.001284 0.000213 0.000013 -0.000006 -0.000453 -0.000517 -0.114819 0.061790 0.056552 0.000000 0.000000 0.000000 -0.000183 -0.000376 -0.001183 -0.010007 -0.000921 0.009188 0.062695 0.072657 0.341450 0.008231 0.078169 1.585070 3.197095 3.520522 2.225137 0.156789 0.222445 0.208319 0.118411 0.002997 0.004328 0.001846 0.049773 0.071456 0.875293 1.130397 1.561055 0.869016 1.624924 0.228222 0.000450 0.000598 0.000341
-0.001850 -0.042542 -0.008594 -0.126401 -0.136535 -0.187816 -0.089793 -0.044331 -0.105602 -0.114492 0.000210 -0.001203 -0.003366 -0.002659 -0.001532 -0.058004 -0.016051 -0.002974 0.062903 -0.030923 0.035447 0.051842 -0.024255 -0.006465 -0.008877 -0.001168 0.003126 -0.014320 -0.025128 0.000226 0.006441 0.078754 0.203713 0.087953 0.005117 0.010772 0.227353 3.448403 4.254892 2.642236 0.419668 0.217934 0.198378 0.001698 0.004532 0.007004 0.002160 0.048126 0.090318 0.987383 1.220792 0.322330 0.310085 1.611325 0.282588 -0.000628 -0.001294 -0.000472
-0.019468 -0.004772 -0.102021 -0.115824 -0.119192 -0.101852 -0.027552 -0.026352 -0.070696 -0.075847 -0.000673 -0.002419 -0.003310 -0.002352 -0.177940 -0.045959 -0.012226 -0.000530 0.086415 0.001159 0.014993 0.027245 -0.015318 -0.101720 -0.089172 -0.007748 0.001325 -0.018192 0.003375 0.012572 0.006918 0.048724 0.150897 0.144101 0.000360 0.000360 0.000145 2.902683 3.688370 2.465555 0.596872 0.528597 0.181786 0.000931 0.001556 0.006505 0.000346 0.043027 0.104749 1.036307 1.139168 0.669833 0.705368 1.408180 0.278464 -0.000698 0.027314 0.017521
-0.037357 -0.022826 -0.672587 -0.285288 -0.251563 -0.064267 -0.038340 -0.038408 -0.023498 -0.152466 -0.009967 -0.018229 -0.007075 -0.012583 -0.230825 -0.019919 0.000684 0.002030 0.110215 0.023576 0.009315 0.001492 0.000597 -0.046093 -0.032594 -0.002551 -0.001781 -0.008181 0.005284 0.002968 0.003431 0.001957 0.001932 0.015630 -0.000360 -0.000360 -0.000189 2.123603 3.466029 2.945832 0.817322 0.573115 0.213003 -0.000162 -0.002909 0.000180 -0.000180 0.000235 0.154774 0.914579 1.348309 0.834746 0.757368 1.571515 0.367327 -0.039192 0.024962 0.016757
-0.035457 -0.396532 -0.547564 -0.220487 -0.163074 -0.034712 -0.037041 -0.095247 -0.118245 -0.221027 -0.092246 -0.030726 -0.003228 -0.193645 -0.234506 -0.005192 -0.000053 0.002685 0.005576 0.005106 0.003401 0.000807 -0.000176 -0.040111 -0.037023 0.000000 -0.002133 0.043026 0.001139 -0.001541 -0.002730 -0.001741 -0.001565 0.000000 -0.009484 -0.005648 0.106597 1.963897 2.578781 2.628725 0.982408 0.708935 0.214395 0.102965 -0.001355 -0.000346 -0.020118 -0.001515 0.222874 0.758029 1.085121 0.715846 0.697171 1.537057 0.461324 0.033340 0.038889 0.039117
-0.013374 -0.331745 -0.703482 -0.219126 -0.001201 -0.019657 -0.026772 -0.032767 -0.453908 -0.088987 0.016814 0.021815 -0.001029 -0.216826 -0.199507 -0.002395 0.003132 0.001744 0.007768 0.005759 0.001685 -0.000875 -0.017855 -0.039534 -0.038399 -0.011517 -0.001050 0.001912 -0.003116 -0.003765 -0.019036 -0.078907 -0.078066 -0.003663 -0.020906 -0.319697 0.353920 2.485059 2.674293 2.999168 1.413570 1.006198 0.701934 0.465489 0.040724 -0.005763 -0.103711 0.037033 0.191277 0.697697 1.036353 0.566095 0.733816 1.591884 0.460290 0.073479 0.053838 0.062492
-0.006797 -0.360154 -0.928891 -0.000115 -0.002163 -0.010347 -0.011427 -0.354462 -0.402868 -0.188585 0.017363 0.023813 -0.067046 -0.207805 -0.492815 0.110134 0.033904 0.002389 0.182874 0.027707 -0.000249 -0.002811 -0.026408 -0.037603 -0.031489 -0.012011 -0.007252 0.000966 0.002110 -0.000429 -0.009264 -0.166461 -0.577251 -0.404971 -0.419147 0.140123 0.352340 1.654104 1.722191 1.925123 1.399529 1.098718 0.893008 0.817362 0.314733 -0.451593 0.013253 0.070382 0.363636 0.944287 0.984097 0.566380 0.570878 1.223742 0.472877 0.125056 0.165463 0.069666
-0.003101 -0.000138 -0.758123 -0.274702 -0.192481 -0.103089 -0.142302 -0.337057 -0.360681 0.002537 0.011559 0.004636 -0.067991 -0.172385 -0.033329 0.006087 0.009303 0.000934 0.031848 -0.003879 -0.002120 -0.000130 -0.032575 -0.028976 -0.021041 -0.007820 -0.005627 0.000006 0.000551 0.002214 -0.001288 -0.050296 -0.476075 -0.145736 -0.069566 0.184459 0.353506 1.506898 1.619099 0.999901 1.300568 1.120579 1.103324 1.282214 0.630997 -0.163477 0.213134 0.253581 0.506338 0.853954 0.927945 0.600824 0.468709 1.235621 0.471819 0.207042 0.094752 0.091468
-0.001136 -0.014531 -0.961955 -1.087566 -0.745707 -0.068882 -0.082962 -1.213713 -0.160863 -0.002052 0.000393 0.000569 -0.108347 -0.152510 0.000259 0.000640 0.000787 0.001006 0.000044 -0.004512 -0.002496 -0.026089 -0.017228 0.144155 0.000473 -0.165752 -0.003109 -0.001320 -0.001707 0.001631 0.001890 0.010769 -0.330561 -0.015712 0.109053 0.197802 0.381522 1.637303 1.423174 0.887644 0.250928 0.651516 0.996096 1.365458 0.840244 -0.026990 0.342339 0.377286 0.637493 0.834750 0.887155 0.437462 0.135237 0.850519 0.627915 0.462589 0.097677 0.076983
0.003334 -0.086932 -0.580900 -1.005727 -0.379966 -0.549193 -0.524329 -0.970629 0.003459 -0.000009 -0.000331 -0.000247 -0.132530 -0.099316 0.000185 0.000378 0.000355 -0.000318 -0.000814 -0.009856 -0.039296 -0.073911 -0.006308 0.008154 0.027618 -0.139010 -0.109815 -0.019454 -0.018717 -0.002629 0.004940 0.015256 -0.269550 0.104451 0.210042 0.132274 0.243388 1.406040 1.198155 1.142687 0.263986 0.636102 0.575366 1.033295 0.827008 0.030878 0.345079 0.463038 0.607315 0.786854 0.822268 0.417301 0.213270 0.704335 0.518930 0.468590 0.206445 0.034582
0.012797 -0.172695 -0.866593 -0.863321 -0.520683 -0.544994 -0.478178 -0.656131 0.129886 -0.005496 -0.010175 -0.000554 -0.063365 -0.294731 -0.000083 -0.000419 -0.000569 -0.000760 -0.000890 -0.018342 -0.179319 -0.011286 -0.000920 0.000326 0.007213 0.000257 -0.247864 -0.110392 -0.033961 -0.043663 -0.007796 0.046321 0.048219 0.439124 0.418209 0.018577 0.292185 1.186683 1.209086 1.204365 0.688382 0.640593 0.761798 0.985857 0.589106 0.060513 0.358929 0.444244 0.613064 0.736419 0.760509 0.383861 0.195723 0.631674 0.510023 0.510876 0.328874 0.011852
