use_cases/Flooding_chicago/flooding_data/output/hUy_2580.asc
ncols 337
nrows 393
xllcorner 428428.000000
yllcorner 4602440.000000
cellsize 26.757400
NODATA_value -9999.000000
[rows 130 to 155 of 393, columns 174 to 231 of 337]
0.026407 0.009341 0.000559 0.000009 0.000155 -0.004296 0.352631 0.038275 0.056697 0.028962 0.015842 0.021658 0.024779 0.032046 0.022722 0.048547 0.048067 0.019672 -0.240759 -1.026600 -1.349179 -1.468454 -0.519558 -0.140772 -0.122315 0.048451 -0.000021 0.000727 -0.001869 -0.008896 -0.483926 -0.098850 -0.147553 0.045923 0.017738 0.028322 0.003884 0.000757 0.000491 0.000025 0.111801 0.024268 0.077816 0.104882 0.136132 0.039797 0.060913 0.062488 0.092053 0.004172 0.000534 0.000511 0.000268 -0.000209 -0.000007 0.036126 0.672217 0.258636
0.006838 0.000320 -0.000118 -0.007951 -0.000339 0.047199 0.080816 0.006904 0.017387 0.012546 0.013963 0.006008 0.019417 0.014277 0.017403 0.010233 0.017225 0.001677 -0.307063 -0.692228 -1.426010 -1.474492 -0.509999 -0.309855 -0.099219 0.299773 0.005839 0.001451 0.022906 -0.001526 -0.619989 0.030714 0.026886 0.030424 0.009552 0.012430 0.000890 -0.000109 -0.000156 -0.032444 -0.003084 0.040464 0.017312 0.026621 0.010681 0.036066 0.038191 0.031105 0.026866 0.012446 0.000798 0.000718 -0.000039 -0.000812 0.002710 0.037744 0.167167 0.336007
0.000000 -0.000098 -0.006242 -0.026413 -0.026015 -0.002599 0.017943 0.000143 0.000061 0.000140 0.000222 0.000444 0.000025 0.000373 0.000309 0.000143 0.000002 -0.000132 0.108643 -0.709349 -1.421532 -1.663750 -0.752433 -0.481032 -0.166916 0.455616 0.328385 -0.068834 -0.035915 -0.140445 -0.310099 0.001686 0.007400 0.011921 0.000965 0.000473 -0.000082 -0.010447 -0.015302 -0.268580 0.005935 0.013924 0.007807 0.015069 0.008808 0.011552 0.007295 0.021056 0.002493 0.003219 0.000222 0.000103 -0.000243 -0.000513 -0.000960 0.000000 0.000776 0.450762
-0.017748 -0.017371 -0.022143 -0.031585 -0.099762 -0.001116 -0.000011 -0.000156 -0.000063 -0.000140 -0.000222 -0.000220 -0.022739 -0.000644 -0.000421 -0.000128 -0.003350 0.691480 1.036721 -0.662404 -1.478832 -2.050267 -1.186226 -0.903416 -0.595811 0.426288 1.016172 -0.099721 -0.040866 -0.001101 -0.020458 0.003148 0.000318 0.000270 0.000000 -0.000270 -0.007920 -0.032855 -0.146370 -0.218302 0.017902 0.004395 0.000289 0.000368 0.000724 0.000404 0.000015 0.000000 -0.000377 -0.001837 -0.000222 -0.000103 -0.000178 -0.000619 -0.008302 -0.049380 -0.003501 0.408707
-0.042738 -0.036374 -0.030721 -0.031640 -0.166869 -0.009549 -0.004772 -0.041653 -0.010320 -0.007420 -0.008512 -0.030905 -0.045452 -0.025884 -0.019983 -0.008552 -0.023605 1.087806 0.859792 -0.711080 -1.368850 -1.835491 -1.591328 -1.109926 -0.846926 0.264325 1.493671 -0.009709 -0.012796 -0.002265 -0.007497 0.000091 -0.000109 -0.000473 -0.000965 -0.001058 -0.022148 -0.370112 -0.069754 -0.121632 0.008058 0.000152 0.000068 -0.000388 -0.000781 -0.000588 -0.010501 -0.004899 -0.048796 -0.002744 -0.006516 -0.009821 -0.007692 -0.000783 -0.002461 -0.059618 -0.184573 0.307924
-0.055845 -0.082642 -0.061887 -0.443663 -0.343846 -0.027059 -0.021593 -0.067312 -0.018375 -0.021425 -0.017886 -0.059076 -0.036250 -0.059994 -0.040087 -0.018597 -0.064979 0.671412 0.494404 -0.562606 -1.184654 -1.870011 -1.378199 -1.448880 -1.095807 0.313384 2.299516 0.981122 -0.035917 -0.011562 -0.001714 -0.000212 -0.001110 -0.006721 -0.024094 -0.002493 -0.047171 -0.422072 0.014541 0.047780 0.000311 -0.000054 -0.000755 -0.008639 -0.009405 -0.021955 -0.022472 -0.043272 -0.073189 -0.025316 -0.024921 -0.020013 -0.024516 -0.000656 0.200748 0.213798 -0.040721 0.329163
-0.495414 0.004843 -0.047238 -0.140761 -0.076852 -0.479156 -0.492738 -0.068790 -0.013577 -0.038745 -1.630548 -0.284148 -0.022072 -0.095635 -1.155009 -1.226012 0.105258 0.426567 0.358421 -0.555416 -1.139670 -1.927717 -1.381161 -1.545859 -1.493812 0.196208 2.075737 2.254532 0.265795 -0.017298 -0.002158 -0.014324 -0.012228 -0.033987 -0.041656 -0.014195 -0.613814 -0.412505 0.011689 0.007386 0.000101 -0.001632 -0.018777 -0.014952 -0.015392 -0.036264 -0.020256 -0.077353 -0.085629 -0.052323 -0.039534 -0.023647 -0.018260 -0.000726 0.536376 0.244452 -0.006249 0.236996
0.193978 0.798092 0.246289 0.213129 0.131034 -0.155468 -0.470468 -0.696937 -0.500640 0.327183 -0.285612 -0.482277 -0.246641 -0.068029 -0.547624 -0.606009 0.364548 0.384490 0.375061 -0.578168 -1.195840 -1.852438 -1.308052 -1.531995 -1.368907 0.122330 2.112022 2.345739 0.722517 -0.002758 -0.009168 -0.019180 -0.041353 -0.050194 -0.044516 -0.392677 -0.438031 -0.000000 -0.000004 -0.000117 -0.002008 -0.009255 -0.047942 -0.017314 -0.017543 -0.029713 -0.064429 -0.095636 -0.094025 -0.065475 -0.039171 -0.039687 -0.002298 0.001623 0.520943 0.300565 0.186250 0.346628
0.575451 1.507368 0.852562 0.623491 0.533838 0.155101 -0.446318 -0.268713 0.108480 0.869463 0.519443 -0.903268 -1.446824 -1.466833 -0.387413 -0.363217 0.072370 0.135131 0.199920 -0.581087 -1.163687 -1.810675 -1.329053 -1.472639 -1.450200 -0.035417 1.904463 1.875425 1.043116 -0.023837 -0.018925 -0.037901 -0.092413 -1.015656 -0.187281 -0.705010 -1.185371 -0.024353 -0.014674 -0.016473 -0.023355 -0.005884 -0.018021 -0.018841 -0.018848 -0.034086 -0.094196 -0.108098 -0.075839 -0.069341 -0.076131 -0.058577 -0.025199 0.210975 0.650090 0.638731 0.584013 0.595517
1.572040 1.999518 1.086878 0.922643 0.893585 0.861239 0.112026 0.050601 0.741954 1.929364 0.947966 -0.154218 -1.205617 -1.407921 0.070408 -0.228939 -0.389951 -0.374461 -0.208982 -1.046991 -1.518804 -2.013666 -1.536556 -1.714923 -1.757664 -0.380839 1.370148 1.365256 0.621631 -0.071058 -0.032294 -0.203394 0.197706 -0.748057 -0.047182 0.170891 -0.605970 -0.642614 -0.036427 -0.049705 -0.042767 -0.020599 -0.045739 -0.013795 -0.026989 -0.030872 -0.073068 -0.211610 -0.040762 -0.062283 -0.944967 -0.904325 -0.351687 0.806351 1.189352 1.130430 0.990883 1.125706
1.274310 1.679142 0.805486 0.628762 1.798913 1.357318 0.565182 0.133576 0.935841 1.787489 0.544060 0.362047 -0.009413 -0.675088 -0.017067 -0.155178 -0.464629 -0.598669 -0.429282 -1.537429 -1.751935 -2.065596 -1.614059 -1.809172 -1.765303 -0.611633 1.098082 1.133536 0.024467 -0.211874 -0.280353 -0.109800 0.129264 -0.085005 0.463115 0.490346 -0.346905 -0.670012 -0.501555 -1.269865 -0.094087 -0.035819 -0.031839 -0.027961 -0.073751 -0.037979 0.922355 -2.510617 -0.970232 -0.365531 0.146095 0.310426 0.481479 1.490950 1.660700 1.832591 1.619099 2.183496
1.716173 1.867254 0.669325 1.874966 2.266486 1.428896 0.611654 0.248415 0.835895 1.745733 0.318938 0.206329 1.101768 -0.124948 0.047881 0.106688 -0.332676 -0.463922 -0.369052 -1.603645 -1.851862 -1.934800 -1.397389 -1.438845 -1.653294 -0.567528 1.016031 0.883793 -0.485697 -0.254716 -0.194629 -0.312003 0.079385 0.161255 0.669469 1.067902 -0.066556 -0.799724 0.101773 -0.466736 -1.240663 -3.456554 -0.082287 -2.976464 0.408288 -0.690200 1.377352 -1.448007 -0.024412 0.611833 1.241028 1.109054 0.814506 1.800721 1.807578 2.219937 1.959208 2.809536
0.537880 0.646116 1.244173 2.337976 2.348042 1.319626 0.388909 0.055785 0.011504 0.010757 0.010409 0.281429 0.373311 0.015579 0.007039 0.029286 0.036171 0.038902 0.149568 -1.373492 -1.448081 -1.557676 -1.226129 -1.113079 -1.187306 -0.244037 1.162161 0.906147 -0.367441 -0.644604 -0.250687 -0.612053 -0.214613 0.038525 0.150864 0.414658 0.007416 -0.846681 0.703435 0.235713 -0.275519 -3.159458 -1.122833 -2.139698 0.762937 0.120151 1.019222 -0.645733 0.269893 1.009645 1.697284 1.580599 1.074930 1.804471 1.683251 1.959425 1.989511 2.726872
0.505712 0.684129 0.583752 1.864142 1.498466 0.123364 0.000752 0.013278 0.000992 0.001105 0.000268 0.320797 0.326760 0.000008 0.000346 0.007856 0.004927 0.007356 0.000612 -0.736789 -1.107582 -1.336785 -0.802476 -0.765726 -0.616199 0.381286 1.445751 0.988260 -0.189161 -0.877226 -0.559462 -0.895662 -0.683754 -0.422099 -0.069524 0.000907 0.000222 -0.127315 0.837802 0.764679 0.380984 -2.361849 -0.880324 -1.528176 0.640302 0.190102 0.749689 -0.144256 0.507458 1.443515 2.515115 2.190669 1.293755 1.593815 1.422369 1.675930 1.973053 2.550180
0.546338 0.771145 0.566139 2.361497 0.003161 0.116484 0.000996 0.000342 0.001010 0.001390 0.000054 0.368077 0.256584 -0.006368 -0.000180 0.000180 0.000222 0.045902 -0.002862 -0.058951 -0.719775 -1.014459 -0.314676 -0.577559 -0.148704 0.912699 1.452881 0.929143 -0.035694 -1.027891 -0.906898 -1.288923 -1.108825 -1.363286 -0.364960 -0.001041 -0.000222 0.019440 0.838082 0.937305 0.907278 -1.270925 -0.440333 -0.936595 0.575777 0.154350 0.584378 0.140376 1.147434 1.973155 2.647743 2.079380 1.646930 1.619874 1.181296 1.378126 1.937100 2.359502
0.575390 0.903239 0.582054 1.033457 0.010267 0.018085 0.000157 -0.000033 -0.000023 0.000222 -0.000195 0.546273 0.340511 -0.023586 -0.007891 -0.000346 -0.000004 0.007508 -0.001386 -0.007047 -0.154021 -0.239244 0.367073 -0.297209 0.322298 1.619119 1.434647 1.154349 0.292123 -0.870630 -1.253437 -1.499942 -1.824748 -1.729344 -1.376561 -0.377852 0.054180 0.047316 0.968482 1.274635 1.081382 -0.530601 1.203985 -0.566228 0.249533 0.172690 0.711628 0.559749 1.731315 2.348224 2.612383 1.881615 1.006863 1.324757 1.072703 1.381721 1.919632 2.358355
0.620340 1.004310 0.124101 0.061000 0.014874 -0.000019 -0.000269 -0.000164 -0.000323 -0.000222 -0.014801 0.356897 0.245529 0.116829 -0.018966 -0.006276 -0.000885 -0.000031 -0.000000 0.002263 0.193455 0.265748 0.630243 0.371984 1.017455 2.017098 1.517060 1.329659 1.316097 -0.539916 -1.304335 -1.943218 -1.854388 -2.463811 -1.807727 -0.756336 -0.094843 0.219769 1.074018 1.458328 1.541798 0.055428 0.559366 -0.192008 0.066839 0.110517 0.694761 0.713049 2.102749 2.060553 1.919338 1.340170 0.976044 1.345267 1.153567 1.286654 1.656159 1.878326
0.172601 0.212409 0.196018 0.000000 0.000000 -0.024537 -0.104759 -0.009268 -0.007836 -0.008612 -0.176464 0.343531 0.127025 0.192962 -0.011664 -0.012642 -0.000709 -0.010872 -0.018704 0.396565 0.586352 0.566665 0.885923 0.380968 1.406257 2.150428 2.259668 1.737961 1.449240 0.457421 -0.892577 -2.022353 -2.521130 -2.365067 -1.728236 -0.680390 -0.300583 0.578806 1.174075 1.508843 1.561220 0.405664 0.279164 -0.034824 -0.063354 0.183900 0.708124 0.827188 2.203902 1.580327 1.540966 1.184929 1.157806 1.449938 1.466600 1.194396 1.339410 1.640737
0.199533 0.187675 0.162996 -0.069644 -0.150621 -0.040240 -0.052953 0.117465 -0.095861 -0.157281 0.175394 0.336038 -0.027546 0.176224 -0.001792 -0.002370 -0.011144 -0.047699 0.330811 0.493928 0.570788 0.513162 1.295590 0.822738 2.652213 3.762863 3.675262 2.403647 1.814528 0.746534 0.076389 -1.739403 -2.235439 -2.263312 -1.392895 -0.429090 -0.430988 0.440186 1.195865 1.159886 0.971507 0.494432 0.529292 0.037093 -0.276627 0.373464 0.585687 0.809115 1.713756 1.256012 1.233108 1.065978 1.408325 1.369382 1.294642 0.933810 0.930886 1.057316
0.273652 0.584388 0.320264 -0.054184 -0.255142 -0.304053 -0.161042 -0.045155 -0.020578 -0.030755 0.710793 0.548103 -0.169448 0.179053 -0.034593 -0.007234 -0.062859 0.300988 0.662160 0.634239 0.467183 0.893448 1.607819 1.140623 3.674777 5.114361 4.399959 2.183170 0.991948 0.377754 0.222003 -1.101189 -1.898501 -2.241476 -1.216019 -0.129439 -0.134400 0.083296 0.693442 0.667204 0.666136 0.427568 0.267762 -0.029905 -0.081614 0.506239 0.783064 0.712787 1.617046 1.202621 0.762849 0.864834 0.948133 0.931969 1.324559 0.618617 0.780634 0.961347
0.728381 0.684097 0.300074 -0.165595 -0.346978 -0.412611 -0.343530 -0.336214 -0.044006 -0.008742 0.094966 0.092896 0.003663 0.020010 0.001309 0.017437 0.517245 1.001911 0.886502 0.729597 0.476305 1.537556 1.953550 1.446317 3.982602 6.548079 4.015044 1.306535 -0.108081 0.213348 0.323105 -0.436069 -1.337778 -1.800852 -0.734902 0.246991 -0.154091 -0.481605 0.025434 0.242059 0.027815 -0.031003 0.066257 0.091468 0.384488 0.757764 0.887244 0.648161 1.560574 1.109099 0.413556 0.564562 0.738641 0.499679 0.518600 0.533244 0.644158 0.909198
1.286888 1.231209 0.192427 -0.285189 -0.479288 -0.567869 -0.492619 -0.586479 -0.080256 -0.046415 -0.000116 0.000331 0.000000 0.000000 0.000142 0.217066 1.053740 1.674716 1.138238 1.560445 1.212110 2.799277 2.659047 1.882524 5.576252 7.819179 4.168892 0.839225 -0.780778 0.070252 0.464969 0.136575 -0.828252 -1.823061 -0.370543 0.796309 -0.056901 -0.890853 -0.514855 -0.289215 -0.401465 -0.105497 -0.000694 0.272661 0.585388 1.085706 0.937165 0.418226 1.433270 0.923079 0.282588 0.381012 0.546206 0.446091 0.426084 0.725338 0.690678 0.923228
1.793986 1.562935 0.535370 -0.307537 -1.116503 -1.801220 -1.535619 -1.396453 -1.164716 -1.228227 -0.330935 -0.151995 -0.045608 0.185497 1.555793 1.723351 1.362695 2.759035 2.767378 2.023611 1.598814 3.571907 2.008952 1.677948 4.218656 6.652509 3.650135 0.990101 -0.194712 0.306793 1.332821 0.359753 -0.773816 -1.829901 0.232832 1.979257 0.258626 -0.735563 -0.683683 -0.438486 -0.773264 -0.046903 0.453123 0.486988 0.884613 1.409316 0.950709 0.318331 1.923882 1.046945 0.365853 0.377419 0.439069 0.244633 0.520162 0.839380 0.556551 0.824993
3.053178 2.415123 1.321432 -0.234460 -0.857701 -0.817811 -0.864342 -1.179413 -0.552148 -0.615435 -0.712163 -0.119501 0.280473 1.265046 2.258266 1.839975 2.003050 6.128000 2.764802 2.075440 1.791891 2.410282 0.373834 0.482179 3.703260 3.961642 1.231457 0.448268 0.271378 1.146799 2.157954 0.351499 -0.384813 -1.189832 1.763402 0.015316 0.042899 -0.071408 -0.196694 -0.336992 -0.516831 0.138682 0.981318 0.934477 1.080588 1.739254 0.681162 0.130411 1.580744 0.948715 0.392056 0.346510 0.392148 0.301388 0.557105 0.558222 0.615261 0.959200
4.262800 2.370403 1.913923 -0.180930 0.076717 -0.117493 -0.318507 -0.665645 -0.015839 0.023366 0.507629 0.444979 1.174562 2.235845 3.403669 1.529572 1.991881 2.722199 0.034379 0.044768 0.029771 0.049283 0.046829 0.810337 4.742362 4.168943 0.282683 0.020269 0.066160 0.053598 0.037901 0.062678 0.097826 0.075303 0.020785 0.013741 0.019991 0.095649 0.676116 0.132446 -0.190605 0.673502 1.817715 1.222663 1.268773 1.918913 0.403624 0.149398 2.176715 0.974204 0.739705 0.706476 0.737036 0.771160 0.860746 0.629450 0.713300 0.877398
1.782808 1.487186 0.922940 0.274095 0.525771 0.374547 -0.060638 0.178393 0.864355 0.870080 0.611520 0.792998 1.305077 0.818029 1.558493 0.023844 0.075136 0.087704 0.020608 0.012444 0.015647 0.004815 0.079990 1.291703 5.071161 3.252566 0.172949 0.032361 0.069544 0.021286 0.022864 0.018295 0.064387 0.019883 0.009983 0.012204 0.006516 0.085946 0.347368 0.779919 0.142994 0.975529 2.379951 1.481298 1.551101 1.954436 0.252686 0.014459 0.023213 0.023340 0.032242 0.017110 0.033444 0.038636 1.022212 0.732449 0.762595 0.778240
