use_cases/Flooding_chicago/flooding_data/output/hUy_3420.asc
ncols 337
nrows 393
xllcorner 428428.000000
yllcorner 4602440.000000
cellsize 26.757400
NODATA_value -9999.000000
[rows 208 to 233 of 393, columns 174 to 231 of 337]
-9999.000000 -9999.000000 -9999.000000 -0.000313 0.000007 0.000342 0.001686 0.000053 -0.087567 -0.006344 -0.000008 -0.000379 -0.000299 -0.000382 0.000266 0.014883 0.008748 0.019581 0.100925 0.014409 -0.000116 0.005015 -0.340806 -0.150679 0.450531 0.811062 0.741936 0.782650 0.768835 0.008159 0.000000 0.000000 0.275627 0.277654 0.236144 0.323819 0.547596 0.897038 1.271361 0.421847 -0.001600 0.003447 0.053293 1.109602 0.729108 0.087851 -0.021562 -0.028380 -0.287122 -0.294544 -0.503204 -0.000096 -0.030115 -0.145595 -0.166390 -0.150944 -0.393978 0.239389
-9999.000000 -9999.000000 -9999.000000 -9999.000000 -0.000000 0.000000 0.000002 -0.000000 -0.034978 -0.044951 -0.003240 -0.043558 -0.078401 -0.177891 -0.001678 0.039512 0.024266 0.046455 0.048077 -0.004656 -0.013410 -0.006258 -0.311262 0.828414 1.479760 1.670132 1.509825 0.746659 0.457016 0.164118 -0.043487 -0.027555 0.298684 0.281472 0.184230 0.044766 0.356400 0.826668 1.514238 0.592238 0.293192 0.001602 0.007433 1.072178 0.819746 0.000065 0.000016 0.001754 -0.258429 -0.287232 -0.528488 -0.262573 -0.046999 -0.051243 -0.320857 -0.197111 -0.408415 -0.033002
-9999.000000 -9999.000000 -9999.000000 -9999.000000 -0.000007 -0.001342 -0.000002 -0.000002 -0.013262 -0.034347 -0.002906 -0.013403 -0.028454 -0.007399 -0.003704 0.036735 0.030124 0.015380 0.003378 -0.004743 0.000409 -0.011445 0.027523 0.261514 0.305144 0.312336 0.274934 0.179397 0.612526 0.225793 0.161943 0.285880 0.450776 0.414255 0.181218 -0.074079 0.047490 0.354596 1.295976 0.583803 0.348518 0.185745 0.021262 1.153834 0.912128 0.000031 0.000030 0.000097 0.012155 0.000867 -0.470916 -0.292119 -0.109015 -0.026887 -0.299907 -0.326929 -0.500682 -0.414504
-9999.000000 -9999.000000 -9999.000000 -9999.000000 -9999.000000 -0.001381 -0.000267 -0.000022 -0.017262 0.000021 0.000036 -0.005215 -0.013975 -0.006911 0.012887 0.031259 0.021425 0.009976 0.000518 -0.002308 -0.001172 -0.003843 0.108051 0.119956 0.109503 0.139552 0.141101 0.072072 1.007379 0.502025 0.412769 0.054638 0.062569 0.043630 0.011240 -0.196511 -0.037051 0.260105 0.983515 0.497811 0.448528 0.209539 0.618807 0.682577 0.976929 0.000075 -0.000004 0.000237 0.000194 0.000558 0.000031 -0.199045 -0.393163 -0.173049 -0.003841 -0.284157 -0.707558 -0.577715
-9999.000000 -9999.000000 -9999.000000 -9999.000000 -9999.000000 -9999.000000 -0.021940 -0.001199 -0.005515 0.000004 0.000034 0.000021 0.013213 0.133310 0.042424 0.035936 0.013480 0.002881 -0.010264 -0.001125 -0.000041 0.155737 0.125215 0.122909 0.108612 0.195676 0.229775 0.139382 0.377158 0.215377 0.185246 0.034058 0.029071 0.010731 0.014156 -0.237687 -0.187214 0.225542 0.982236 0.421426 0.336246 0.233387 0.761156 0.665386 0.554331 0.070196 0.015020 0.001520 0.001702 0.000070 -0.000012 -0.621134 0.758455 -0.013483 0.025236 -0.048050 -0.435391 -0.343477
-9999.000000 -9999.000000 -9999.000000 -9999.000000 -9999.000000 -9999.000000 -0.004252 -0.000689 -0.000845 -0.000020 -0.000045 0.000012 0.001000 0.000733 0.121180 0.102261 0.009888 0.000106 -0.007287 0.006642 0.003625 0.061807 0.160821 0.157517 0.079084 0.809427 0.878315 0.708747 0.200325 0.089795 0.071663 0.109141 0.082268 0.037628 0.058039 -0.208853 -0.209487 0.367181 1.118036 0.422912 0.485143 0.413209 1.055072 0.722218 0.000390 0.000021 0.000543 0.000618 0.000351 0.000007 0.055608 -0.080770 1.045906 0.138162 0.092608 0.007436 -0.064647 0.347751
-9999.000000 -9999.000000 -9999.000000 -9999.000000 -9999.000000 -9999.000000 -9999.000000 0.000000 0.000000 -0.002646 -0.000257 -0.000001 0.000086 0.000309 0.000422 0.004679 0.000246 0.000087 0.009534 0.059226 0.000408 0.006375 0.003352 0.001674 0.000171 0.152747 0.784687 0.104430 0.025267 0.013643 0.017652 0.147359 0.094669 0.045551 0.014846 0.000342 0.000955 1.082848 1.147791 0.078343 0.119144 0.078522 1.572335 1.128067 -0.000000 -0.000010 0.000000 0.000002 0.000000 0.000000 0.043365 0.041546 0.015784 0.112548 0.198474 0.531218 1.196213 0.841360
-9999.000000 -9999.000000 -9999.000000 -9999.000000 -9999.000000 -9999.000000 -9999.000000 -9999.000000 -0.000141 -0.001772 -0.000247 -0.000002 0.000000 0.000000 0.000000 0.000052 0.000796 0.000329 0.008378 0.005265 0.001091 0.000361 0.000115 0.000003 0.000171 0.145072 0.651494 0.202034 0.012267 0.013001 0.023196 0.113155 0.073489 0.030526 0.000329 0.000349 0.000503 0.451694 0.043519 0.099168 0.128419 0.099776 0.822017 0.702275 0.616852 0.474337 -0.003895 -0.000006 -0.011787 -0.000183 0.018395 0.012332 0.000142 0.001703 0.406307 0.889629 2.277030 0.915032
-9999.000000 -9999.000000 -9999.000000 -9999.000000 -9999.000000 -9999.000000 -9999.000000 -9999.000000 -9999.000000 -0.002177 -0.000407 -0.000355 -0.000392 -0.000086 -0.000222 0.000047 0.000767 0.000707 0.009503 0.000426 0.000040 0.000071 -0.000029 0.004493 0.000329 0.581640 0.582599 0.087280 0.031190 0.035703 0.565364 0.049559 0.027712 0.000000 0.000002 0.000000 0.000000 0.248905 0.038989 0.087024 0.119010 0.118840 0.093759 0.054706 0.813664 0.435003 0.194933 -0.038721 0.228845 0.002892 0.047710 0.015597 0.000635 0.000160 0.634206 0.952650 0.905882 0.000839
-9999.000000 -9999.000000 -9999.000000 -9999.000000 -9999.000000 -9999.000000 -9999.000000 -9999.000000 -9999.000000 -0.001300 -0.001540 -0.000361 -0.000710 -0.000365 -0.015235 0.000009 0.000639 0.001310 0.002272 0.000107 0.000014 0.000087 0.004582 0.006757 0.077014 0.829862 0.295134 0.055316 0.031745 0.061269 0.075172 0.066453 0.061431 -0.000000 -0.000002 -0.000000 -0.000000 0.296796 0.016280 0.048808 0.076354 0.070177 0.060029 0.045337 0.140185 0.627748 0.818758 -0.223348 0.401809 0.009678 0.011068 0.004687 0.000927 0.000021 0.805044 0.810695 0.308441 0.000197
-9999.000000 -9999.000000 -9999.000000 -9999.000000 -9999.000000 -9999.000000 -9999.000000 -9999.000000 -9999.000000 -9999.000000 -0.001046 0.000071 -0.079719 -0.096851 -0.001521 -0.000017 0.000281 0.001415 0.000005 0.000007 0.000012 0.000629 0.034316 0.029218 0.191615 0.180548 0.090240 0.024082 0.051960 0.077507 0.079675 0.117237 0.075318 0.090469 0.000013 0.000019 0.007491 0.341225 0.026023 0.076316 0.364072 0.346896 0.192068 0.078761 0.068629 0.174462 0.135622 -0.014720 0.759674 0.012522 0.001998 0.010706 0.000489 0.502998 0.894009 0.993451 0.013248 -0.000000
-9999.000000 -9999.000000 -9999.000000 -9999.000000 -9999.000000 -9999.000000 -9999.000000 -9999.000000 -9999.000000 -9999.000000 -9999.000000 0.000000 -0.025566 -0.059262 -0.000336 -0.000230 -0.000505 0.000751 0.000011 0.000013 0.000008 0.012226 0.023172 0.008427 0.157052 0.023448 0.056457 0.034941 0.057343 0.090069 0.231758 0.108262 0.044660 0.195499 0.000281 0.001752 0.057202 0.162541 0.030415 0.101431 0.316675 0.351603 0.176916 -0.054778 0.423344 0.060941 0.047654 0.015601 0.203522 0.019654 0.009002 0.031667 1.301199 0.771748 0.783208 0.902244 0.038400 0.114408
-9999.000000 -9999.000000 -9999.000000 -9999.000000 -9999.000000 -9999.000000 -9999.000000 -9999.000000 -9999.000000 -9999.000000 -9999.000000 -9999.000000 -0.015691 -0.066015 0.051289 -0.000269 -0.000876 0.000009 0.000005 0.000006 0.000009 0.006895 0.009981 0.006269 0.085470 0.009064 0.013612 0.014375 0.052232 0.581608 0.323853 0.120512 0.018846 0.000398 0.000096 0.000398 0.001286 0.044985 0.037779 0.914512 0.412539 0.442719 0.135331 0.129623 0.531528 0.064286 0.001694 0.027233 0.052895 0.053950 0.017392 0.016269 0.221351 0.177978 0.804905 1.062655 2.321829 0.198300
-9999.000000 -9999.000000 -9999.000000 -9999.000000 -9999.000000 -9999.000000 -9999.000000 -9999.000000 -9999.000000 -9999.000000 -9999.000000 -9999.000000 -9999.000000 0.000000 0.019589 0.025209 -0.000045 -0.000008 -0.000011 -0.000100 -0.000002 0.001273 0.000514 0.015490 0.013375 0.020311 0.025857 0.037505 0.029110 0.169420 0.510923 0.106895 0.000271 0.000001 0.000000 0.000001 0.000524 0.000013 0.000012 0.217023 0.226664 0.084565 0.226798 0.148055 0.464505 0.050493 0.008137 0.011831 0.079021 0.075977 0.010317 0.003074 0.159705 0.230248 0.235299 0.259363 0.497305 0.362940
-9999.000000 -9999.000000 -9999.000000 -9999.000000 -9999.000000 -9999.000000 -9999.000000 -9999.000000 -9999.000000 -9999.000000 -9999.000000 -9999.000000 -9999.000000 -9999.000000 0.000000 0.002655 0.000337 -0.000008 -0.000919 -0.000095 -0.000982 0.001537 0.000970 0.035291 0.032778 0.044949 0.031358 0.056474 0.057552 0.066366 0.083603 0.009899 0.000001 -0.000009 -0.000440 -0.000009 0.000009 0.000032 0.000018 0.269713 0.272774 0.083335 0.160160 0.177904 0.331134 0.050559 0.021712 0.032534 0.032825 0.028909 0.031544 0.005650 0.007266 0.327169 0.324752 0.484079 0.285344 0.140489
-9999.000000 -9999.000000 -9999.000000 -9999.000000 -9999.000000 -9999.000000 -9999.000000 -9999.000000 -9999.000000 -9999.000000 -9999.000000 -9999.000000 -9999.000000 -9999.000000 -9999.000000 0.000000 0.000000 -0.000001 -0.003412 -0.000784 -0.001039 0.001053 0.000982 0.004895 0.000182 0.001028 0.061845 0.102454 0.062159 0.082002 0.026606 0.049329 -0.000023 -0.000837 -0.002249 -0.000218 0.000057 0.000038 0.000008 0.297148 0.305778 0.001301 0.003765 0.172795 0.181302 0.022151 0.040704 0.048950 0.052965 0.041546 0.048283 0.000046 0.000048 0.228981 0.448097 1.388544 0.321119 0.000008
-9999.000000 -9999.000000 -9999.000000 -9999.000000 -9999.000000 -9999.000000 -9999.000000 -9999.000000 -9999.000000 -9999.000000 -9999.000000 -9999.000000 -9999.000000 -9999.000000 -9999.000000 -9999.000000 -9999.000000 -9999.000000 -9999.000000 -9999.000000 0.000000 0.000000 0.000000 0.000010 0.000025 0.000578 0.007260 0.018872 0.020403 0.028631 0.039614 0.063154 0.009160 -0.101260 -0.082613 -0.000020 0.000005 0.000003 0.000024 0.272510 0.288411 0.002246 0.009594 0.017475 0.025858 0.037922 0.052907 0.059924 0.064134 0.034191 0.051540 0.000128 0.000138 0.126263 0.297060 1.455662 0.210747 -0.000003
-9999.000000 -9999.000000 -9999.000000 -9999.000000 -9999.000000 -9999.000000 -9999.000000 -9999.000000 -9999.000000 -9999.000000 -9999.000000 -9999.000000 -9999.000000 -9999.000000 -9999.000000 -9999.000000 -9999.000000 -9999.000000 -9999.000000 -9999.000000 -9999.000000 -9999.000000 -9999.000000 -0.000004 0.000018 0.000005 0.000048 0.000026 0.019128 0.033062 0.037493 0.112296 0.024955 0.031521 0.018515 -0.000001 0.000008 0.000006 0.000119 0.689644 0.273807 0.000426 0.007964 0.020626 0.028570 0.030119 0.086570 0.213345 0.077363 0.019942 0.091905 0.000284 0.000348 0.000111 0.108972 1.553518 0.131676 0.000056
-9999.000000 -9999.000000 -9999.000000 -9999.000000 -9999.000000 -9999.000000 -9999.000000 -9999.000000 -9999.000000 -9999.000000 -9999.000000 -9999.000000 -9999.000000 -9999.000000 -9999.000000 -9999.000000 -9999.000000 -9999.000000 -9999.000000 -9999.000000 -9999.000000 -9999.000000 -9999.000000 -9999.000000 -0.000029 -0.000009 -0.000050 0.000004 0.003046 0.065489 0.000563 0.005086 0.009803 0.146314 0.114000 0.000005 0.000018 0.000013 0.004257 0.203539 0.263022 0.257648 0.005330 0.016484 0.021972 0.021042 0.062667 0.244705 0.680237 0.019407 0.002419 0.000483 0.000208 0.000251 0.186194 1.490922 0.123621 0.002998
-9999.000000 -9999.000000 -9999.000000 -9999.000000 -9999.000000 -9999.000000 -9999.000000 -9999.000000 -9999.000000 -9999.000000 -9999.000000 -9999.000000 -9999.000000 -9999.000000 -9999.000000 -9999.000000 -9999.000000 -9999.000000 -9999.000000 -9999.000000 -9999.000000 -9999.000000 -9999.000000 -9999.000000 -0.000012 -0.000323 -0.013898 -0.000020 0.000122 0.001912 0.003484 0.000029 0.030833 0.017930 0.008082 0.000017 0.000035 0.000021 0.006083 0.002934 0.330521 0.020306 0.003158 0.004604 0.004452 0.003356 0.001631 0.142108 0.175842 0.054540 0.000976 0.002328 0.000675 0.007147 0.306564 1.796966 0.000749 0.000507
-9999.000000 -9999.000000 -9999.000000 -9999.000000 -9999.000000 -9999.000000 -9999.000000 -9999.000000 -9999.000000 -9999.000000 -9999.000000 -9999.000000 -9999.000000 -9999.000000 -9999.000000 -9999.000000 -9999.000000 -9999.000000 -9999.000000 -9999.000000 -9999.000000 -9999.000000 -9999.000000 -9999.000000 -9999.000000 0.004886 0.021211 0.010297 0.000023 0.000072 0.001019 0.000095 0.048110 -0.000000 -0.000000 -0.000007 -0.000021 0.000003 0.005488 0.007950 0.208161 0.010168 0.008478 0.009050 0.008141 0.006093 0.003355 0.000514 0.212497 0.001434 0.003051 0.006078 0.001623 0.004460 0.465103 1.235259 0.000000 0.000001
-9999.000000 -9999.000000 -9999.000000 -9999.000000 -9999.000000 -9999.000000 -9999.000000 -9999.000000 -9999.000000 -9999.000000 -9999.000000 -9999.000000 -9999.000000 -9999.000000 -9999.000000 -9999.000000 -9999.000000 -9999.000000 -9999.000000 -9999.000000 -9999.000000 -9999.000000 -9999.000000 -9999.000000 -9999.000000 0.000071 0.149763 0.061834 0.000021 0.000018 0.000132 0.000800 0.082042 0.010939 0.042249 -0.027446 -0.000030 -0.000011 0.003557 0.008233 0.159366 0.000954 0.025859 0.024412 0.022054 0.017879 0.011910 0.000851 0.183410 0.004923 0.007986 0.014038 0.002078 0.000158 0.000562 1.620972 -0.000000 -0.000001
-9999.000000 -9999.000000 -9999.000000 -9999.000000 -9999.000000 -9999.000000 -9999.000000 -9999.000000 -9999.000000 -9999.000000 -9999.000000 -9999.000000 -9999.000000 -9999.000000 -9999.000000 -9999.000000 -9999.000000 -9999.000000 -9999.000000 -9999.000000 -9999.000000 -9999.000000 -9999.000000 -9999.000000 -9999.000000 0.000000 0.000218 0.007983 0.000027 0.000004 0.000006 0.000313 0.001059 0.066121 0.104543 -0.022194 -0.016826 -0.005191 0.011956 0.033987 0.091460 0.000725 0.013814 0.006632 0.005272 0.003582 0.001490 0.003364 0.197841 0.013388 0.019592 0.026956 0.000002 0.000012 0.001627 1.124716 0.223950 -0.000002
-9999.000000 -9999.000000 -9999.000000 -9999.000000 -9999.000000 -9999.000000 -9999.000000 -9999.000000 -9999.000000 -9999.000000 -9999.000000 -9999.000000 -9999.000000 -9999.000000 -9999.000000 -9999.000000 -9999.000000 -9999.000000 -9999.000000 -9999.000000 -9999.000000 -9999.000000 -9999.000000 -9999.000000 -9999.000000 -9999.000000 0.000000 0.000312 0.000070 0.000003 0.000005 0.000000 0.000333 0.011089 0.005611 0.000206 -0.022104 -0.007676 0.065652 0.010169 0.017832 0.002226 0.006399 0.001551 0.000858 0.000477 0.000112 0.001192 0.032819 0.027710 0.045960 0.039562 -0.000002 0.000187 0.006730 1.257382 0.013461 0.000004
-9999.000000 -9999.000000 -9999.000000 -9999.000000 -9999.000000 -9999.000000 -9999.000000 -9999.000000 -9999.000000 -9999.000000 -9999.000000 -9999.000000 -9999.000000 -9999.000000 -9999.000000 -9999.000000 -9999.000000 -9999.000000 -9999.000000 -9999.000000 -9999.000000 -9999.000000 -9999.000000 -9999.000000 -9999.000000 -9999.000000 -0.000004 -0.000241 -0.000027 0.000003 -0.000007 0.000569 0.001644 0.005301 0.001771 0.000042 -0.003996 -0.035359 0.056125 0.009575 0.000020 0.000093 0.000110 0.007274 0.001266 0.000494 0.000004 0.000003 0.000019 0.000008 0.092054 0.051780 -0.030967 -0.002432 0.023139 1.178277 0.032479 -0.000001
-9999.000000 -9999.000000 -9999.000000 -9999.000000 -9999.000000 -9999.000000 -9999.000000 -9999.000000 -9999.000000 -9999.000000 -9999.000000 -9999.000000 -9999.000000 -9999.000000 -9999.000000 -9999.000000 -9999.000000 -9999.000000 -9999.000000 -9999.000000 -9999.000000 -9999.000000 -9999.000000 -9999.000000 -9999.000000 -9999.000000 -9999.000000 -0.000207 -0.000020 0.000000 -0.000004 0.000680 -0.000947 0.000005 0.000005 -0.000007 -0.001178 -0.038248 -0.003571 0.013733 -0.000006 0.000032 0.000248 0.000628 0.000946 0.000361 -0.048056 -0.000051 -0.000041 -0.000011 0.149047 0.073697 0.030285 0.042957 0.374445 1.083892 0.494849 0.034130
