use_cases/Flooding_chicago/flooding_data/output/hUy_1800.asc
ncols 337
nrows 393
xllcorner 428428.000000
yllcorner 4602440.000000
cellsize 26.757400
NODATA_value -9999.000000
[rows 182 to 207 of 393, columns 174 to 231 of 337]
0.002378 0.001422 0.000441 -0.000046 -0.000012 0.007728 -0.011796 0.473798 0.634274 1.333793 0.596899 -0.327177 -0.052662 1.818596 0.095219 -0.006778 -0.006854 -0.026458 -0.022775 -0.054392 0.373750 -0.124602 0.786637 0.324667 1.229128 0.073175 0.097455 1.063691 0.041406 0.036916 0.001315 -0.002045 -0.029322 -0.001706 -0.001623 -0.001306 0.314398 0.015106 0.355051 0.277911 0.006309 -0.008279 -0.023384 -0.013711 -0.008027 -0.004798 -0.081211 -0.034099 -0.050623 -0.002510 0.000036 0.000000 0.982349 3.922503 3.407864 3.069150 1.941928 0.011584
0.000505 0.017008 0.000852 -0.000748 -0.000881 0.038041 0.026224 0.507563 0.755114 1.582212 0.844000 -0.275516 -0.025999 2.042847 0.279420 0.072548 -0.053051 -0.073166 0.067856 0.613477 0.870873 0.010389 1.108037 0.033809 0.027776 0.011510 0.124919 0.243595 0.009886 0.019405 0.000412 -0.011068 -0.021483 -0.006860 -0.002197 -0.001843 0.177418 0.010688 0.025526 0.006387 0.000592 -0.002162 -0.050287 -0.011019 -0.006906 -0.003214 -0.079162 -0.049652 -0.322697 0.341940 0.137312 0.459308 2.825351 4.723845 1.949595 1.847425 0.819574 0.001962
-0.000161 0.005879 0.000608 0.020442 0.107855 0.144761 0.034836 0.206907 0.751145 1.697340 0.708600 0.052477 0.022251 0.011411 0.012176 0.019364 0.020387 -0.001496 0.280461 0.760303 1.135337 0.503095 0.032760 0.019551 0.011993 0.009684 0.009378 0.176901 0.000721 0.001046 -0.000084 -0.002338 -0.096453 -0.003303 -0.033617 -0.004754 0.126800 0.000010 0.000360 0.000360 -0.000058 -0.001091 -0.054219 -0.041947 -0.069332 -0.052771 -0.228296 0.754972 0.925786 1.176860 0.336547 0.446054 1.624039 2.536328 1.158717 1.428080 1.254691 0.001888
-0.002679 -0.000140 0.000083 0.004693 0.078349 0.068461 0.060105 0.007409 0.643529 1.932445 1.192920 0.006380 0.000009 0.000464 0.005350 0.016138 0.021779 0.058448 0.198245 0.232109 0.062316 0.088126 0.037182 0.003930 0.005252 0.002194 0.000081 0.230864 0.000051 0.000510 -0.000573 0.004439 0.014006 -0.073668 -0.178768 -0.098539 0.008063 -0.017731 -0.000360 -0.000360 -0.001000 -0.000440 -0.007013 -0.060364 -0.218819 0.626438 0.803353 1.101152 1.414692 1.321093 0.018087 0.013397 0.470756 0.623100 1.336001 2.909771 1.471243 0.004630
-0.047604 -0.005209 -0.000282 -0.000006 0.073763 0.066076 0.015642 0.003481 0.124807 1.323195 1.924548 0.717150 -0.004109 -0.000067 0.000000 0.006078 0.016157 0.057020 0.110642 0.163281 0.031879 0.086522 0.027648 0.009906 0.009322 0.003109 -0.000314 0.207233 -0.000649 0.000657 -0.000006 0.050231 0.036207 0.033663 0.138421 0.052965 0.011018 -0.458981 -0.007600 -0.011391 -0.001948 -0.000651 -0.014115 0.564566 0.580553 0.934447 1.118708 1.173077 0.182499 0.016677 0.009147 0.007039 0.001012 0.007324 1.276116 2.521351 2.726278 0.029820
-0.073702 -0.008283 -0.001021 0.002754 0.055725 0.032986 0.002884 0.000631 0.008481 0.020680 1.239567 2.481090 -0.031370 -0.011350 -0.006293 0.000345 0.010688 0.011068 0.070293 0.109084 0.089200 0.043446 0.012078 0.020307 0.013250 0.003070 -0.000518 0.146364 -0.009655 0.000153 0.000807 0.011784 0.008315 0.187736 0.026347 0.058451 0.021466 -0.452066 -0.243462 -0.252391 -0.075108 -0.041541 0.091257 0.552761 0.612649 1.302762 1.185561 0.000163 0.000118 0.000139 0.000222 0.000103 0.000750 0.003632 0.978893 1.978082 3.245143 1.297780
-0.087979 -0.010566 -0.001582 0.002686 0.002029 0.000634 -0.000023 -0.000029 0.016604 0.026128 1.087569 1.011098 0.644708 -0.036655 -0.016356 -0.000273 0.000958 0.002652 0.015866 0.055769 0.080619 0.026672 0.040503 0.051799 0.036173 0.004535 -0.000781 0.073213 -0.010804 -0.000080 0.000148 0.000222 0.002632 0.070918 0.033482 0.017760 0.001864 0.001000 -0.097893 -0.297968 -0.206669 -0.213165 0.104278 0.528827 0.794722 1.241375 1.360125 -0.000148 -0.000020 -0.000140 -0.000222 -0.000103 0.000136 0.000701 0.114349 1.871166 3.194946 2.084191
-0.027137 -0.002442 -0.001182 -0.001322 -0.000685 -0.000363 -0.000362 -0.000368 0.034117 0.038699 0.794489 0.869280 0.733179 -0.013092 -0.016347 -0.001014 -0.000177 0.003632 0.000549 0.078525 0.007727 0.009703 0.029768 0.043610 0.011041 0.001008 -0.133078 0.045035 0.023445 -0.000160 -0.000248 -0.000222 0.008926 0.051741 0.001884 0.001297 0.000467 0.001821 0.001126 -0.213922 -0.126016 -0.344644 0.196896 0.333886 0.856271 1.072926 1.002063 0.142044 -0.001080 -0.011758 -0.016018 -0.007981 -0.000492 0.004317 0.294743 1.535511 2.858365 1.984402
-0.011278 -0.001018 -0.017336 -0.003711 -0.002018 -0.014954 -0.006946 0.007121 0.048461 0.038432 0.660544 1.012947 0.692986 0.194605 -0.020772 -0.000553 -0.000738 0.000013 0.000402 0.035438 0.000251 0.000517 0.005758 0.020358 0.010024 0.001064 -0.085940 0.037531 0.022080 -0.140679 0.000078 -0.000016 0.002031 0.020867 0.010842 0.003218 0.000821 0.003144 0.001945 -0.085020 -0.074328 -0.153553 0.291348 0.280925 0.929364 0.880074 0.727931 0.164069 -0.012853 -0.372121 -0.784810 0.800569 0.486957 0.317896 0.343720 1.928183 2.104944 1.392134
-0.010101 -0.012256 -0.064719 -0.013036 -0.020301 -0.041787 -0.019939 0.005820 0.029338 0.009601 0.517534 0.916350 0.491969 0.400916 0.032473 0.003084 0.000501 -0.000724 -0.000434 -0.000010 -0.000126 -0.000068 0.000003 0.000208 0.000106 0.000083 -0.056124 -0.073595 -0.161295 -0.072563 0.000825 0.000476 0.001171 0.007086 0.006648 0.019631 0.011175 0.025183 0.017904 -0.027050 -0.195198 -0.054534 0.563338 0.382113 1.233353 0.618893 0.606583 0.352923 0.113692 0.704941 0.827260 1.325530 0.582617 0.437847 1.114069 2.073930 0.830615 0.015965
-0.002491 -0.047923 -0.028428 -0.007081 -0.002930 -0.002675 0.014217 -0.004791 0.108828 -0.205499 0.576129 0.863164 0.347039 0.018438 0.019057 0.006567 0.004122 -0.001723 -0.003412 -0.009513 -0.023213 -0.000867 -0.007254 -0.000326 -0.000120 -0.000087 -0.089660 -0.212211 -0.064107 0.016849 0.001258 0.000424 0.000000 0.000007 0.000352 0.007760 0.004261 0.007058 0.003665 -0.007019 -0.039252 0.061415 0.606368 0.225399 0.786228 0.632311 0.532149 0.469653 0.418943 1.111402 1.013072 1.224350 0.312273 0.279718 0.868859 0.876105 0.025507 0.001485
-0.000736 -0.007110 -0.243452 -0.005762 0.016454 0.031183 0.004514 0.001282 0.852455 -0.235535 0.491073 0.577613 0.266857 0.000529 0.006923 0.026432 0.012602 0.005432 -0.001701 -0.076179 -0.020383 -0.001230 -0.015906 -0.011372 -0.008069 -0.007198 -0.085819 -0.226033 0.000367 0.007712 -0.000288 -0.002101 -0.016418 -0.007847 -0.000352 -0.000007 -0.000000 0.000100 0.000002 -0.001560 0.172459 0.141313 0.438036 0.208816 0.993790 0.443803 0.481535 0.482096 0.496650 0.833367 0.917520 1.243750 0.347942 0.398885 0.414947 0.415090 0.001701 0.000266
-9999.000000 -0.014110 -0.012983 -0.007746 0.000000 0.004700 0.003180 0.076439 1.082207 -0.041082 0.330532 0.578310 0.395899 -0.002010 0.004441 0.008895 0.020337 0.015515 -0.000345 -0.028152 -0.160283 -0.010779 -0.017538 -0.017018 -0.020062 -0.008077 -0.342170 -0.086753 -0.000105 0.000000 -0.000490 -0.030815 -0.061489 -0.019066 -0.006462 -0.006064 -0.008704 -0.000220 -0.005814 -0.000226 0.295535 0.094272 0.442737 0.445026 1.117421 0.206147 0.178907 0.463744 0.449715 0.964904 1.024051 1.234266 0.873060 1.154566 0.914770 0.445411 0.002688 -0.000304
-9999.000000 -9999.000000 -0.011088 -0.003976 0.001176 0.018480 0.011596 0.059867 0.030144 0.094234 0.009010 0.317641 0.659144 -0.002245 0.001004 0.010154 0.026195 0.021972 0.001053 0.000910 -0.138027 -0.118509 -0.081651 -0.045955 -0.066361 -0.020153 -0.708021 -0.017872 -0.009922 -0.003663 -0.009249 -0.066967 -0.076735 -0.042022 -0.012282 -0.013361 -0.023105 -0.007532 -0.012980 -0.001294 0.318835 0.101400 0.272951 0.501459 1.168326 0.001768 0.003271 0.003333 0.181795 0.590219 1.035454 1.401733 1.150159 1.317403 1.498681 0.884983 0.076754 0.048286
-9999.000000 -9999.000000 -9999.000000 -0.000184 0.003153 0.046797 0.025653 0.025145 0.010949 0.000931 -0.000881 0.264579 0.653153 -0.000937 -0.000546 0.000427 0.027732 0.023007 0.001415 0.000746 -0.080560 -0.066724 -0.034698 -0.085754 -0.013995 -0.002003 -0.962815 -0.030865 -0.021581 -0.010332 -0.015724 -0.073705 -0.108836 -0.062414 -0.011421 -0.032927 -0.026346 -0.030517 -0.001563 -0.001117 0.332663 0.000696 0.302726 0.308825 1.149225 0.001207 0.001053 -0.001381 0.001904 0.239263 0.878660 0.901182 1.077354 1.462867 1.664316 1.453185 0.406127 0.330431
-9999.000000 -9999.000000 -9999.000000 0.000039 0.001280 0.022551 0.059915 0.001742 0.000065 0.000641 0.009650 0.490713 0.913497 0.013614 -0.000613 -0.000091 0.000400 0.000740 0.000034 -0.000327 0.000130 -0.040392 -0.025328 -0.031049 -0.006050 -0.002752 -0.693618 -0.376441 -0.028640 -0.020588 -0.023358 -0.021347 -0.197453 -0.016878 -0.020865 -0.053924 -0.030128 -0.043120 -0.008488 0.048683 0.268185 0.000885 0.314927 0.565803 1.404100 0.150912 -0.060743 -0.280130 -0.043958 0.199793 0.280165 0.722612 1.103560 1.555396 2.089073 1.613574 0.852861 0.697490
-9999.000000 -9999.000000 -9999.000000 -9999.000000 0.002134 0.013498 0.015242 0.001775 0.000088 0.000581 0.023802 0.133994 1.455656 0.092501 -0.000533 -0.011672 -0.000679 -0.001041 -0.001659 -0.000939 -0.000226 -0.016248 -0.014184 -0.017242 -0.003874 -0.003147 -0.537593 -0.373087 -0.027779 -0.032774 -0.004471 -0.008143 -0.193287 -0.086803 -0.014923 -0.055036 -0.023452 -0.034963 -0.023570 0.104996 0.173884 0.040354 0.620764 0.502116 1.279481 0.611185 0.241663 -0.143845 -0.073603 0.250275 0.427202 0.733263 1.188944 1.760164 1.973850 1.759881 0.904542 0.714870
-9999.000000 -9999.000000 -9999.000000 -9999.000000 0.001944 0.000772 0.006417 0.001296 0.000409 0.000147 0.082484 0.133652 0.111722 0.067350 -0.001186 -0.028504 -0.008547 -0.013004 -0.009957 -0.032416 -0.019562 -0.008193 -0.054652 -0.012589 -0.003919 -0.001790 -0.280742 -0.858217 -0.055553 -0.042324 -0.009536 -0.004235 -0.092369 -0.057919 -0.051116 -0.074194 -0.037177 -0.086459 -0.009923 0.227961 0.245340 0.385155 0.802537 0.905431 1.631857 0.930351 0.343843 0.005329 -0.138181 0.146928 0.376475 0.876648 1.309766 1.270731 2.010980 1.605597 0.776833 0.501456
-9999.000000 -9999.000000 -9999.000000 -9999.000000 -0.000011 -0.000270 0.000000 0.000144 0.000181 0.000550 0.118261 0.193457 0.001306 0.006384 0.000073 -0.068480 -0.017429 -0.027044 -0.018450 -0.076021 -0.016647 -0.040169 -0.076077 -0.023421 -0.029162 -0.014849 -0.345326 -0.616239 -0.309107 -0.038528 -0.037258 -0.042618 -0.102534 -0.083018 -0.065242 -0.090230 -0.056166 -0.425958 -0.067744 0.278506 0.348905 0.565312 0.966264 1.016671 1.843312 1.003621 0.535007 0.123544 0.101532 -0.011571 0.452186 0.915252 1.339256 1.206745 1.332922 1.145427 0.673497 0.389464
-9999.000000 -9999.000000 -9999.000000 -9999.000000 -9999.000000 -0.012355 -0.004217 -0.000250 0.000256 0.000388 0.046726 0.076111 0.000678 0.000760 0.000366 -0.092623 -0.170792 -0.099480 -0.188513 -0.168692 -0.022262 -0.054341 -0.056494 -0.045162 -0.048764 -0.028022 -0.607566 -0.956620 -0.132459 -0.096440 -0.065152 -0.046247 -0.190594 -0.117985 -0.821675 -0.927404 0.182412 0.338893 0.384677 0.580402 0.941116 0.958813 1.004085 1.211252 1.829147 1.139759 0.574675 0.169274 0.139626 0.187765 0.447966 0.663292 1.013577 1.128012 1.225456 0.792549 0.242662 0.016806
-9999.000000 -9999.000000 -9999.000000 -9999.000000 0.000565 -0.020071 -0.007918 -0.006429 -0.000346 0.000303 0.056841 0.100377 0.000410 0.001111 0.000121 0.000103 -0.030818 -0.025512 -0.053344 -0.099172 -0.262936 -0.251577 -0.028666 -0.046809 -0.052808 0.000659 -0.443165 -0.723538 -0.300858 -0.295925 -0.161554 -1.047965 -0.752435 -0.212629 -0.042064 -0.209918 0.730866 0.681774 0.526384 0.628719 1.300077 1.360959 1.050346 1.495204 1.909505 1.021660 0.784444 0.166351 0.140469 0.146172 0.307063 0.306942 0.625066 1.032174 0.556465 0.018763 0.000870 0.001378
-9999.000000 -9999.000000 -9999.000000 -9999.000000 -0.003526 -0.065825 -0.017156 -0.005676 -0.001515 -0.000546 0.040266 0.077861 -0.000083 0.000000 -0.000113 -0.000103 0.003834 0.000222 0.000566 -0.023870 -0.102478 -0.374298 -0.400860 -0.156285 -0.025915 -0.014364 -0.364604 -0.513871 -0.211680 -0.159376 0.365417 -0.156133 -0.095177 0.238306 0.267585 0.128752 0.675980 0.618696 0.698735 0.930418 1.385715 1.173431 1.343051 1.315917 1.477218 0.832736 0.506712 0.118380 0.032543 -0.002840 0.247073 0.252994 0.510005 0.435193 0.101982 0.000200 0.000137 0.000844
-9999.000000 -9999.000000 -9999.000000 -9999.000000 0.000771 -0.009521 -0.106980 -0.003227 -0.001589 -0.000735 0.032488 0.029738 -0.015858 -0.003663 -0.005468 -0.058004 -0.036748 -0.000222 0.001509 -0.004094 0.349434 0.016762 -0.102980 -0.048425 -0.079417 -0.186792 -0.293644 -0.228141 -0.396464 0.540030 0.509819 0.913393 0.446958 0.427632 0.385396 0.244874 0.668485 0.735416 0.585530 0.903717 1.100426 1.004293 0.861302 1.249924 0.688138 0.352459 0.177514 0.198924 -0.011079 0.027592 0.190144 0.178224 0.289935 0.290173 -0.000028 -0.000214 -0.000783 -0.001410
-9999.000000 -9999.000000 -9999.000000 0.000013 0.000308 0.000295 -0.065920 -0.001553 -0.001191 0.013698 0.134581 -0.003242 0.073883 -0.056164 -0.104090 -0.122140 -0.047439 -0.021655 -0.002691 0.080529 0.707212 0.109635 0.000801 0.000458 -0.084808 -0.107025 -0.015067 0.215037 1.159916 0.971824 0.668951 0.698172 0.705113 0.447294 0.343975 0.239248 0.551113 0.725402 0.715800 0.609343 0.906543 0.532240 0.407741 0.922538 0.499413 0.220861 0.063358 0.056208 -0.106428 -0.088809 0.201324 0.012758 0.016277 0.000965 -0.027969 -0.011771 -0.025774 -0.028755
-9999.000000 -9999.000000 -9999.000000 -0.009021 -0.000831 -0.000447 -0.041669 -0.027636 -0.012587 0.029874 0.113189 0.102438 0.003663 -0.015678 -0.030445 -0.033112 -0.234491 -0.020927 -0.041688 0.131108 0.263352 0.000000 -0.000234 -0.000279 -0.027055 -0.028936 0.405855 0.923270 1.257249 1.292700 0.587897 0.598392 0.830169 0.493670 0.290527 0.294038 0.618095 0.869282 0.715576 0.636778 0.216208 0.239874 0.059988 1.085755 0.495686 0.169779 -0.032093 -0.032143 -0.148237 -0.151310 -0.000149 0.000208 0.000003 -0.000089 -0.008834 -0.898569 -1.377057 0.359731
-9999.000000 -9999.000000 -9999.000000 -0.024986 -0.000667 0.003598 0.018404 -0.135830 -0.215035 0.003858 0.000044 0.000000 0.000000 0.000000 0.000000 -0.013988 -0.017173 -0.012509 -0.033668 0.029709 0.014590 0.005579 -0.022568 -0.087335 0.271325 0.702516 0.922941 0.993279 1.188055 0.625180 0.036525 0.014814 0.322480 0.261964 0.375054 0.314318 0.783433 1.140782 1.192370 0.310754 0.003002 0.002624 0.040809 0.971953 0.745147 0.158553 -0.034677 -0.017660 -0.160240 -0.174413 -0.213203 -0.000326 -0.005982 -0.016360 -0.124830 -0.258764 -0.844502 0.430625
