use_cases/Flooding_chicago/flooding_data/output/hUy_540.asc
ncols 337
nrows 393
xllcorner 428428.000000
yllcorner 4602440.000000
cellsize 26.757400
NODATA_value -9999.000000
[rows 182 to 207 of 393, columns 116 to 173 of 337]
-0.000375 -0.000257 -0.066731 -0.042799 -0.001101 -0.008826 -0.006320 -0.000497 -0.000015 -0.000000 0.145383 0.239434 0.540899 0.020131 0.034479 0.027614 0.067314 0.164277 0.070639 0.069565 0.070513 0.000404 -0.041412 -0.013504 -0.008873 -0.000518 -0.001196 -0.022568 -0.022188 -0.001169 -0.244440 -0.074819 0.000732 -0.000212 -0.000929 -0.005553 -0.000965 -0.000473 -0.000573 0.061202 0.016240 0.029098 0.025514 0.048004 0.004529 0.004188 0.002397 0.017806 0.020547 0.602898 -0.203515 0.000094 0.000341 0.001111 0.001736 0.003442 0.000911 0.000214
-0.005959 -0.000931 -0.032373 -0.191891 -0.001168 -0.019796 -0.012925 -0.006812 -0.010680 0.107901 0.298764 0.266601 0.000659 0.000711 0.001419 0.003138 0.012581 0.024336 0.138560 0.225006 0.241114 0.035683 -0.000629 -0.014909 -0.020122 -0.011580 -0.005020 -0.035147 -0.027370 -0.127996 -0.223653 0.000456 -0.000117 -0.001414 -0.001645 -0.004515 -0.010008 -0.006590 -0.001428 0.045115 0.001090 0.076522 0.035892 0.004754 0.006866 0.000809 0.000717 0.000181 0.000240 0.044820 0.009164 -0.000070 -0.000123 0.001016 0.001355 0.002915 -0.001957 -0.001047
-0.018302 -0.004933 -0.049525 -0.153757 -0.003435 -0.021557 -0.014239 -0.013704 -0.020386 0.235748 0.601968 0.234645 0.089790 -0.000150 0.002311 0.005030 0.041938 0.013607 0.033162 0.028046 0.029331 0.002440 0.000973 -0.003457 -0.015649 -0.018726 -0.007529 -0.051389 -0.029719 -0.312673 -0.095813 -0.001106 -0.001492 -0.000921 -0.017207 -0.013922 -0.025847 -0.004045 -0.020818 0.000251 0.001796 0.018499 0.010100 0.004809 0.000609 0.000543 0.000079 -0.000124 -0.000002 0.000107 0.007140 -0.002878 -0.008522 0.000000 0.000000 0.000000 -0.004057 -0.001574
-0.003048 -0.032059 -0.000652 -0.142377 0.000036 -0.002867 -0.002430 -0.002251 0.098924 0.169437 0.499775 0.149973 0.334853 0.016954 0.001495 0.001859 0.015813 0.002926 0.015315 0.005980 0.000326 -0.000709 -0.003001 -0.002628 -0.001513 -0.017954 -0.009150 -0.098618 -0.127549 -0.177828 -0.138473 -0.053270 -0.011605 -0.009095 -0.037432 -0.026244 -0.051798 -0.047819 -0.018052 -0.000111 -0.000030 0.000000 0.001371 0.004082 0.000693 -0.000130 -0.000655 -0.010203 -0.000407 -0.000134 -0.005600 -0.010912 -0.022622 -0.007594 -0.018001 -0.018653 -0.002184 -0.023382
0.000006 -0.002735 0.075046 -0.178140 0.005386 -0.001058 0.002693 0.002704 0.266679 0.058376 0.675026 0.098527 0.523615 0.107868 0.000819 0.001875 0.001269 0.001289 0.000082 -0.000003 -0.000208 -0.001194 -0.075481 -0.074453 -0.002342 -0.004071 -0.014387 -0.139505 -0.179630 -0.177242 -0.212315 -0.103680 -0.094961 -0.023627 -0.043371 -0.017236 -0.117865 -0.063864 -0.010286 -0.028244 -0.002354 -0.026555 -0.005418 0.000168 0.000294 -0.000636 -0.011436 -0.015803 -0.036545 -0.045607 -0.015010 -0.016539 -0.053596 -0.017139 -0.045465 -0.023532 -0.018390 -0.026701
-0.023286 0.001795 0.093958 -0.437839 0.372841 0.001001 0.014730 0.014660 0.533089 0.196154 0.694090 0.066569 0.643191 0.059246 0.001526 0.003223 0.000474 0.000269 -0.000643 -0.008831 -0.006900 0.047877 -0.330058 -0.252484 -0.003009 -0.019352 -0.011798 -0.450094 -0.343381 -0.520707 -0.640104 -0.043134 -0.422785 -0.036911 -0.042633 -0.060724 -0.140758 -0.065308 -0.024807 -0.071669 -0.012561 -0.038394 -0.001261 -0.000142 -0.000418 -0.000769 -0.024274 -0.017129 -0.121649 -0.356748 -0.006317 -0.198088 -0.016887 -0.027406 -0.063084 -0.024142 -0.037014 -0.039944
-0.059730 0.018672 0.033364 -0.415988 1.490325 0.018750 0.011143 0.010961 0.086046 0.171625 0.239741 0.184382 0.247987 0.040712 0.001095 0.005630 -0.000547 -0.003716 -0.005296 -0.016601 -0.035815 0.038349 -0.030560 0.037221 -0.016435 -0.125863 -0.264262 -0.411687 -0.155279 -0.000084 -0.001558 -0.019901 -0.030449 -0.074419 -0.095137 -0.147911 -0.173812 -0.094832 -0.121797 -0.035906 -0.037545 -0.044151 -0.008973 -0.013070 -0.006846 -0.007019 -0.065903 -0.006776 0.035485 0.041754 0.324751 -0.094505 -0.340701 -0.039329 -0.079081 -0.086138 -0.040463 -0.073990
0.026816 0.007843 0.006376 0.022161 0.099010 0.006365 0.006364 0.006034 0.002018 0.106757 0.147865 0.164291 0.118053 0.020677 -0.000307 0.000104 -0.002040 -0.004009 -0.004346 -0.003891 -0.008791 -0.000503 0.065843 0.039584 0.005774 -0.037117 -0.223409 -0.232708 -0.241905 0.002848 -0.020128 -0.053493 -0.009533 -0.065791 -0.492441 -0.082839 -0.105651 -0.025016 -0.001236 -0.016557 -0.071585 -0.034912 -0.030372 -0.018904 -0.014095 -0.022464 -0.129332 -0.002190 0.000865 0.012393 0.009884 0.025838 -0.408933 -0.130627 -0.197694 -0.099067 -0.032417 -0.036549
0.028507 0.000148 0.000468 0.000816 0.019605 0.000076 0.000208 0.000003 0.007919 0.188954 0.216663 0.235079 0.045648 0.009459 -0.000439 -0.000638 -0.001790 -0.033080 -0.011152 -0.001821 0.017154 0.013783 -0.000088 0.000000 0.019406 0.004833 -0.056841 -0.165855 -0.320710 0.024542 0.110641 -0.320382 -0.253279 -0.065422 -0.505268 -0.017575 -0.019640 -0.013354 -0.001606 -0.006559 -0.104286 -0.082359 -0.084380 -0.022015 -0.034826 -0.149596 -0.078680 -0.000624 -0.000049 0.000105 0.000222 0.000103 -0.306857 0.014268 0.178973 0.185975 0.057721 0.016335
0.019771 -0.000132 -0.000271 -0.000188 -0.000005 -0.000113 -0.000326 -0.011133 0.026493 0.036015 0.023015 0.289763 0.157569 0.027060 0.025790 0.076666 -0.005407 -0.162755 -0.004290 0.018017 0.047408 0.039901 -0.068537 0.011294 0.074985 0.093664 0.064421 -0.036720 -0.202650 0.018626 0.024535 -0.312121 -0.238025 0.040357 -0.196987 -0.005383 -0.004354 -0.005028 -0.001434 -0.049814 -0.653542 -0.240081 0.126321 -0.057494 -0.008009 -0.080647 -0.005743 -0.003933 -0.015834 -0.000136 -0.000222 -0.000103 0.008345 0.027959 0.011798 0.019158 0.020610 0.009170
0.000607 -0.062193 -0.065961 -0.013706 -0.006310 -0.014293 -0.022924 -0.007597 0.060795 0.010460 0.012252 0.013088 0.281506 0.032113 0.039179 0.135257 0.021683 0.005392 0.015897 0.007892 0.179382 0.160539 0.033774 0.026068 0.013404 0.013404 0.243569 0.022878 -0.161420 0.016846 -0.017318 -0.215051 -0.127104 0.322289 0.332323 0.158238 -0.001104 -0.001874 0.000492 -0.072236 -0.484594 0.000055 0.381021 0.023121 0.052907 0.025399 0.000725 -0.112024 -0.173462 -0.008108 -0.006078 -0.006983 -0.008206 0.000000 0.000000 0.000001 0.000031 0.000222
0.000799 -0.390267 -0.008987 -0.317519 -0.028792 -0.023708 -0.048340 -0.002374 0.015050 0.037938 0.020675 0.004476 0.111665 0.093817 0.109528 0.011895 0.021811 0.018554 0.007456 0.004526 0.040523 0.042944 0.031077 0.007695 0.007142 0.007142 0.023425 0.175970 -0.148375 0.009102 0.041535 -0.147165 -0.091117 0.006878 0.007676 0.221035 0.001345 -0.000387 0.002066 0.026816 -0.168315 0.363890 0.640812 0.016406 0.013645 0.007245 0.024079 -0.045180 -0.167474 -0.090169 -0.009020 -0.013189 -0.005091 -9999.000000 -9999.000000 -9999.000000 -9999.000000 -0.000222
0.000738 -0.253694 0.382720 0.010547 0.034902 0.027166 -0.003922 -0.000717 0.000879 0.013518 0.008924 0.012629 0.024462 0.021730 0.045033 0.001892 0.001267 0.000350 0.000103 0.000222 0.000716 0.002206 -0.000034 0.000000 0.000000 0.000000 0.008521 0.005259 0.082853 -0.003687 0.070040 -0.109694 -0.018393 0.000024 0.000887 0.066576 0.008718 0.000799 0.003737 0.035812 0.081352 0.053448 0.032264 0.026397 0.004814 0.003157 0.112621 0.100525 -0.136066 -0.035535 -9999.000000 -9999.000000 -9999.000000 -9999.000000 -9999.000000 -9999.000000 -9999.000000 -9999.000000
0.000067 -0.152992 0.954508 0.013427 0.019926 0.024581 0.001662 -0.000017 -0.000108 0.000000 0.007353 0.013292 0.001264 0.002452 0.014705 0.001115 -0.001206 -0.000326 -0.000103 -0.000222 -0.000270 0.088531 -0.158946 -0.017675 -0.000236 -0.005558 0.000000 0.000000 0.000000 0.009325 0.030500 -0.007218 0.022176 0.013229 0.000076 0.002244 0.003775 0.000015 0.000159 0.003030 0.022469 0.006993 0.033469 0.012902 0.021079 0.014130 0.019031 0.001080 0.000044 -9999.000000 -9999.000000 -9999.000000 -9999.000000 -9999.000000 -9999.000000 -9999.000000 -9999.000000 -9999.000000
-0.000464 0.048472 0.031076 0.000347 0.000065 0.000000 -0.000026 -0.000253 -0.001357 -0.015194 -0.002961 0.007961 0.000865 0.000064 0.000000 -0.000505 -0.000626 -0.076583 -0.011586 -0.003946 0.212244 0.506515 -0.620663 -0.223130 -0.000974 -0.040711 0.000279 -0.002119 -0.027574 -0.003811 0.218058 0.014990 0.008866 0.036944 -0.082815 -0.000020 0.007798 -0.000319 -0.000433 0.000091 0.000353 0.000639 0.013122 0.002143 0.010554 0.007510 0.000760 -9999.000000 -9999.000000 -9999.000000 -9999.000000 -9999.000000 -9999.000000 -9999.000000 -9999.000000 -9999.000000 -9999.000000 -9999.000000
-0.008184 0.000222 0.000103 -0.000080 -0.000552 -0.005378 -0.101395 -0.006567 -0.013077 -0.077305 -0.001559 0.000396 -0.001174 -0.002393 -0.010049 -0.001313 -0.007001 -0.097345 -0.019581 -0.010090 0.012972 0.466373 -0.157116 0.000360 0.000360 -0.018363 0.000222 -0.001102 -0.016524 -0.045421 0.024914 0.042407 0.000988 0.061245 0.051828 -0.002411 0.012969 0.009547 -0.012829 -0.000263 0.000486 0.000766 0.000100 0.001735 0.000569 0.000393 -9999.000000 -9999.000000 -9999.000000 -9999.000000 -9999.000000 -9999.000000 -9999.000000 -9999.000000 -9999.000000 -9999.000000 -9999.000000 -9999.000000
-0.029585 -0.000222 -0.000103 -0.005192 -0.056843 -0.095793 -0.175499 -0.003005 -0.002852 0.000140 0.000095 -0.000693 -0.001518 -0.034607 -0.047172 -0.014196 -0.024765 -0.046688 -0.018720 -0.000558 0.004523 0.021145 0.002794 -0.000360 -0.000360 -0.016886 -0.000222 -0.000531 -0.032569 -0.062951 -0.014800 0.014983 -0.024350 -0.021340 0.076243 0.007527 0.015463 0.012890 -0.054102 -0.001033 0.000194 0.000051 -0.000346 -0.000242 -0.000247 -0.000331 -9999.000000 -9999.000000 -9999.000000 -9999.000000 -9999.000000 -9999.000000 -9999.000000 -9999.000000 -9999.000000 -9999.000000 -9999.000000 -9999.000000
-0.000095 -0.003946 -0.008493 -0.001672 -0.085476 -0.650763 -0.276699 -0.001120 -0.000564 -0.000172 -0.000411 -0.015484 -0.009548 -0.137969 -0.016048 -0.016285 -0.024685 -0.032797 -0.010854 -0.000361 0.000222 0.000135 -0.000389 -0.014220 -0.029450 -0.040964 -0.040850 -0.040315 -0.041260 -0.061572 -0.036935 0.004428 0.029819 -0.015068 0.026555 0.001637 0.014318 0.013271 -0.005104 0.000194 -0.000494 -0.000445 -0.000304 -0.000591 -0.000554 -9999.000000 -9999.000000 -9999.000000 -9999.000000 -9999.000000 -9999.000000 -9999.000000 -9999.000000 -9999.000000 -9999.000000 -9999.000000 -9999.000000 -9999.000000
0.147692 -0.422731 -0.373343 0.054400 0.103124 -0.293329 0.115848 0.018639 -0.012313 -0.008672 -0.006531 -0.156903 -0.114787 -0.050848 -0.007304 -0.010484 -0.011480 -0.106679 -0.064016 -0.007403 -0.000222 -0.000104 -0.000363 -0.023814 -0.038671 0.093740 -0.736949 0.108188 -0.166864 -0.206862 -0.039091 -0.011593 0.058824 0.049303 0.076258 -0.001924 0.000001 0.000016 0.000192 0.000071 -0.000517 -0.000386 -0.000530 -0.001308 -0.006225 -9999.000000 -9999.000000 -9999.000000 -9999.000000 -9999.000000 -9999.000000 -9999.000000 -9999.000000 -9999.000000 -9999.000000 -9999.000000 -9999.000000 -9999.000000
0.148617 -0.092178 -0.048307 0.249525 0.241952 -0.079943 0.214170 0.085157 -0.080132 -0.045123 -0.068346 -0.088607 -0.068458 0.000019 -0.002789 -0.017723 -0.055178 -0.166367 -0.104452 -0.045975 -0.009563 -0.008709 -0.001427 -0.008265 0.153537 0.179344 -0.584126 0.248948 -0.108354 -0.596856 -0.035762 -0.036246 0.106796 0.104967 0.207175 0.189401 -0.015656 -0.016160 -0.000521 -0.002208 -0.026792 -0.011463 -0.019740 -0.010870 -0.012124 -9999.000000 -9999.000000 -9999.000000 -9999.000000 -9999.000000 -9999.000000 -9999.000000 -9999.000000 -9999.000000 -9999.000000 -9999.000000 -9999.000000 -9999.000000
0.108790 0.085442 0.099936 0.353722 0.344604 0.151263 0.421676 0.230860 0.447385 -0.123229 -0.026684 -0.058575 -0.052896 -0.000423 -0.001348 -0.019420 -0.022661 -0.236975 -0.561077 -0.564371 -0.024763 -0.018704 -0.002887 0.013523 0.009244 0.363029 -0.095214 0.389710 0.103170 -0.390439 -0.089436 -0.028295 0.007109 0.000554 0.241265 0.176596 -0.147111 0.183016 -0.018763 -0.013326 -0.053303 -0.043929 -0.020187 -0.035623 -0.011154 -9999.000000 -9999.000000 -9999.000000 -9999.000000 -9999.000000 -9999.000000 -9999.000000 -9999.000000 -9999.000000 -9999.000000 -9999.000000 -9999.000000 -9999.000000
0.288836 0.417583 0.014443 0.026178 0.036851 0.050445 0.048126 0.006492 0.648775 0.243965 -0.081899 -0.028733 -0.037426 -0.001345 -0.001955 0.001243 0.212474 -0.017692 -0.097495 -0.112836 -0.709849 -0.022895 -0.000761 0.000645 0.001828 0.046545 0.047045 0.014824 0.345583 -0.407772 -0.044923 -0.148425 -0.000002 -0.000056 0.002171 0.176870 0.100252 0.266331 -0.005401 -0.024704 -0.023430 -0.008436 -0.003728 -0.056173 -0.028824 0.000000 -9999.000000 -9999.000000 -9999.000000 -9999.000000 -9999.000000 -9999.000000 -9999.000000 -9999.000000 -9999.000000 -9999.000000 -9999.000000 -9999.000000
0.105947 0.145485 0.000040 0.000760 0.001445 0.013857 0.019075 0.004336 0.040122 0.624886 0.174150 0.030779 -0.012303 -0.001200 -0.001067 0.006852 0.061873 0.027779 0.040683 0.004596 -0.232482 0.140721 -0.007819 -0.000092 0.002212 0.016907 0.024557 0.004002 0.016140 -0.083276 -0.035497 -0.338075 -0.000214 0.005687 0.004375 0.009037 0.010683 0.246445 0.088438 0.025182 -0.007417 -0.029906 -0.005891 -0.070409 -0.061169 -0.003663 -9999.000000 -9999.000000 -9999.000000 -9999.000000 -9999.000000 -9999.000000 -9999.000000 -9999.000000 -9999.000000 -9999.000000 -9999.000000 -9999.000000
0.203596 0.187807 0.145820 -0.000181 -0.000086 0.000232 0.009733 0.000798 0.007390 0.108950 0.195355 0.103595 0.050499 -0.001028 -0.001273 0.001489 0.013359 0.005738 0.022244 -0.007015 -0.096506 0.248815 -0.026722 -0.000259 0.000069 0.001344 0.007045 0.006410 0.001133 -0.045811 -0.013915 -0.111266 -0.000937 0.010595 0.006379 0.012707 0.017634 0.024454 0.030207 0.053291 0.022990 -0.119857 -0.127800 -0.021797 -0.022585 -0.032837 0.000000 -9999.000000 -9999.000000 -9999.000000 -9999.000000 -9999.000000 -9999.000000 -9999.000000 -9999.000000 -9999.000000 -9999.000000 -9999.000000
0.009661 0.230857 0.167035 0.065269 0.017933 -0.000109 0.000016 0.000389 0.000550 0.009453 0.010592 0.176966 0.072496 0.006521 0.001423 0.000103 0.000222 0.012346 0.010907 0.012007 0.010611 0.276406 0.012776 -0.000076 -0.000148 0.000632 0.000372 0.000359 0.000053 -0.031318 -0.031796 -0.039422 -0.000127 0.003035 0.005505 0.009710 0.013646 0.027302 0.032570 0.113944 0.119109 0.079456 -0.004620 -0.085342 -0.007158 -0.005495 -0.003663 -9999.000000 -9999.000000 -9999.000000 -9999.000000 -9999.000000 -9999.000000 -9999.000000 -9999.000000 -9999.000000 -9999.000000 -9999.000000
0.000622 0.007606 0.156776 0.091614 0.090259 -0.008780 -0.008863 -0.000826 -0.000543 -0.000020 0.005527 0.007009 0.005929 0.004593 0.006711 0.000171 -0.000222 0.011732 0.020625 0.038231 0.043955 0.045503 0.020751 0.000125 -0.000218 0.000457 0.000206 0.000030 -0.000091 0.012349 -0.063200 -0.000870 0.000438 0.000441 -0.000469 0.008906 0.000000 0.023578 0.020729 0.006749 0.009792 0.007269 0.119037 -0.076011 -0.028121 -0.002731 -0.006945 -9999.000000 -9999.000000 -9999.000000 -9999.000000 -9999.000000 -9999.000000 -9999.000000 -9999.000000 -9999.000000 -9999.000000 -9999.000000
