use_cases/Flooding_chicago/flooding_data/output/hUy_3480.asc
ncols 337
nrows 393
xllcorner 428428.000000
yllcorner 4602440.000000
cellsize 26.757400
NODATA_value -9999.000000
[rows 78 to 103 of 393, columns 177 to 235 of 337]
0.109532 0.011938 -0.000000 0.000000 0.000000 0.005000 0.007343 0.002930 0.000261 0.001450 0.002300 0.001121 0.002568 0.000077 -0.000047 -0.000021 -0.000183 -0.114756 -0.015409 -0.032042 0.219249 -0.233082 -0.216902 0.525447 -0.115342 -0.188990 -0.173611 -0.158899 0.109730 0.408909 0.525229 0.555203 2.327691 3.776990 2.672246 -0.075891 -1.219067 -0.012632 -0.057636 -0.720245 -1.908652 -2.445106 -1.633414 -1.657205 -0.044884 -0.090023 -0.069003 0.077437 -0.026713 0.256636 0.042261 0.036458 -0.070179 -0.904757 0.005246 -0.030537 -0.030869 -0.039673 -0.000471
0.147811 0.048449 0.072026 -0.000130 -0.000004 0.001874 0.001018 0.002115 0.002210 0.001285 0.000831 0.000093 0.001382 0.003220 0.003869 0.112302 -0.350035 0.823539 0.036613 0.045422 0.283322 -0.109004 -0.243052 0.811369 -0.154245 -0.052426 -0.011971 0.011495 0.663679 0.641365 0.862179 0.760358 1.586552 2.185922 1.703217 0.200383 -1.238723 -0.304030 0.641664 0.598740 0.614080 -0.607967 -0.936966 -1.202666 -0.611762 0.044725 -0.202419 -0.157005 -0.024698 0.032247 -0.028265 -0.042270 -0.102903 -0.582953 -0.453822 -0.275595 -0.490383 -0.135501 -1.648713
0.063877 0.096132 0.073303 -0.278716 0.019770 0.000001 0.000350 0.000446 0.000158 0.001294 0.000066 0.000029 0.000576 0.002051 0.002492 0.004691 0.095853 1.825241 0.000932 0.001172 0.058082 0.095514 0.096579 0.003242 0.098194 0.099326 0.669395 0.847080 1.395067 1.079624 0.979961 1.307612 1.688110 2.076003 0.733461 0.628366 0.080219 0.849779 1.464828 0.618293 0.782155 -0.182227 -0.272784 -0.572919 -0.382407 0.300718 -0.407307 -0.406442 -0.410575 -0.477219 -0.213261 -0.269377 0.012730 -0.530240 -0.864793 -0.761839 -0.948970 -0.342070 -1.246011
0.002495 0.000725 0.102044 -0.213508 0.354117 0.017890 0.000003 0.000011 0.000144 0.000259 0.000014 0.000012 0.000002 0.000383 0.001827 0.006420 0.010164 0.000562 0.000435 0.001618 0.007122 0.014060 0.001027 0.007866 0.010919 0.016792 0.039168 0.427769 2.041837 2.338196 1.572792 1.294541 1.972262 1.533557 0.620772 0.464369 0.351492 1.360952 1.634269 0.753621 0.665692 -0.074338 -0.071756 -0.077158 -0.069925 0.701262 0.119956 -0.470164 -0.665474 -0.738513 -0.273898 0.088211 -0.065266 -0.338280 -0.858705 -1.173046 -1.380179 -0.576253 -1.103506
0.001534 0.000077 0.000086 -0.261322 0.403734 0.048673 0.000009 0.000002 0.000000 0.000000 0.000000 -0.000002 -0.000001 0.000001 0.001050 0.007463 0.000368 0.000073 0.000451 0.002209 0.001935 0.008205 0.007726 0.006147 0.005144 0.017866 0.032863 0.505581 1.708190 2.440333 2.867624 1.515130 1.704055 1.145970 0.503366 0.475189 0.572044 1.460942 2.118611 0.806976 0.503503 -0.004301 0.130902 -0.003471 -0.073053 1.241975 0.613266 -0.573562 -0.804069 -0.899836 -0.364241 -0.048317 0.017870 -0.350344 -0.823585 -1.333119 -1.357939 -0.728101 -1.204709
0.000034 0.000028 0.002094 -0.222508 0.356631 0.194115 0.000785 0.000056 -0.000204 -0.000495 -0.000009 -0.000002 -0.000770 -0.000027 0.000270 0.001054 0.000001 0.000001 0.000007 0.001779 0.000909 0.000997 0.001975 0.002362 0.000000 0.055112 0.023645 0.831774 2.555117 2.409210 2.382949 2.265502 1.089309 0.440454 0.393097 0.464616 0.846162 0.729354 0.485225 0.272418 0.930873 0.149087 0.523759 0.231103 0.010271 2.504820 0.950139 -0.558927 -0.808835 -0.925478 -0.313466 -0.117652 0.005318 -0.302483 -0.970067 -1.644190 -1.616572 -0.908426 -1.048738
0.000002 0.000050 0.007963 0.274436 0.360291 0.000694 0.000486 0.000163 -0.002560 -0.009294 -0.004747 -0.002726 -0.006331 -0.005351 -0.000018 0.000000 0.000000 -0.000001 0.000059 0.000037 0.000008 0.000001 0.000000 0.000056 -0.028777 0.082571 0.903521 2.948452 3.504870 2.312092 1.221117 2.524540 0.586965 0.400290 0.210250 0.545456 0.949605 0.005022 0.000121 0.000316 0.000184 0.198617 1.415874 1.151804 0.077724 2.075191 0.393412 -0.328178 -0.395333 -0.525147 -0.117386 -0.071643 -0.009642 -0.149278 -0.718496 -1.467697 -1.412338 -0.751024 -0.900384
0.000001 0.000047 0.007935 0.010809 0.004315 0.000167 0.000047 0.000118 0.002491 0.012703 0.000162 -0.023827 -0.002214 -0.031530 -0.000019 -0.000001 -0.000016 -0.000511 -0.000078 -0.000029 -0.000006 -0.000001 -0.000232 0.528731 0.758134 1.226191 2.005851 3.562942 3.402809 1.117146 0.282573 0.711336 0.984731 0.549633 0.440744 0.406793 1.158572 0.000508 0.000008 0.000000 0.000000 0.183142 0.171968 0.000482 0.001197 0.000414 0.000796 0.068101 0.086083 0.094683 -0.041899 0.062073 -0.005705 -0.014237 -0.460373 -0.959622 -1.148347 -0.421365 -0.456542
-0.000001 0.000106 0.001648 0.002987 0.000129 0.000001 0.000041 0.000204 0.002609 0.001973 0.001063 -0.018849 -0.009541 -0.011448 -0.011400 -0.006759 -0.000630 -0.001844 -0.000045 -0.000035 -0.000013 -0.000005 0.094160 0.844555 1.470552 1.794160 2.757301 3.665135 3.419714 1.095449 0.599757 0.494077 1.548675 0.003493 0.007602 0.006696 0.001542 0.000132 0.000002 -0.000233 0.093801 0.149633 0.000001 0.000002 0.000205 0.000442 0.000236 0.000653 0.000478 0.000646 0.057632 0.001290 0.000135 -0.043934 -0.585407 -0.867770 -1.058270 -0.585279 -0.324760
-0.000048 0.000001 0.000465 0.000002 -0.000000 -0.000001 0.000301 0.000435 0.000007 0.000003 0.000110 -0.001534 -0.005010 -0.020579 -0.047831 -0.020458 -0.007167 -0.005317 -0.000386 -0.000568 -0.000056 -0.000009 0.016598 0.782646 1.668769 1.926778 2.582536 3.069297 3.024874 0.946564 0.035285 0.044319 0.017771 0.000863 0.001836 0.001526 0.000221 0.000068 0.000011 0.025847 0.098006 0.143209 -0.000000 -0.000000 0.000000 0.000001 0.000000 0.000000 0.000002 0.000004 0.001582 0.001212 0.000065 -0.036150 -0.547234 -0.761570 -1.083373 -0.614550 -0.524783
-0.000621 -0.000008 -0.000001 -0.000044 -0.001894 -0.001148 -0.000145 0.000417 0.000006 -0.000002 -0.000000 -0.000199 -0.002745 -0.011983 -0.318105 -0.284541 -0.273636 -0.215543 -0.001939 -0.000798 -0.000554 -0.002320 0.058219 1.393713 2.228840 2.271972 3.019586 3.061161 2.393471 0.366304 0.000675 0.003401 0.002801 0.000346 0.000605 0.001297 0.002662 0.000221 0.000051 0.001115 0.152563 0.115039 0.011344 -0.000001 -0.000000 -0.000001 -0.000000 -0.000000 0.000005 0.000007 0.000005 0.000000 0.000003 0.000181 -0.346520 -0.635040 -0.772832 -0.402301 -0.339397
-0.001108 -0.000372 -0.000883 -0.001731 -0.004761 -0.001940 -0.000040 0.000002 -0.000006 -0.000003 -0.000003 0.000003 0.000002 -0.001818 -0.078594 -0.097578 -0.047690 0.507335 0.201359 -1.270579 -0.698360 0.370079 0.548822 2.053620 2.771904 2.858602 3.496860 2.483064 1.743101 0.281036 0.001302 0.000007 0.000727 0.000114 0.000448 0.000998 0.000774 0.001679 0.000093 0.000012 0.002858 0.169611 0.030059 -0.000308 -0.000252 -0.000071 -0.000287 -0.000020 -0.000015 -0.000005 -0.000005 -0.001301 -0.000043 0.002006 -0.314270 -0.461289 -0.568679 -0.154098 -0.128227
-0.008502 -0.001449 -0.004124 -0.007312 -0.003353 -0.001712 -0.000012 -0.000003 -0.000007 -0.000003 -0.000003 -0.000002 -0.000002 0.173603 0.228500 -0.056895 0.113513 0.669386 0.316166 -0.641612 -0.220897 0.433290 0.739634 2.013862 3.285336 2.887826 2.206086 1.399245 0.602564 0.087350 0.000429 0.000624 0.000253 0.000003 0.000103 0.000229 0.000235 0.000750 0.000011 0.000003 0.000808 0.013381 0.122998 -0.004406 -0.000458 -0.000109 -0.001559 -0.000114 -0.000059 -0.000015 -0.000960 -0.004306 -0.000444 0.006520 -0.359772 -0.343683 -0.409345 0.035862 0.098336
-0.926210 -2.189429 -0.429929 -0.402580 -0.001962 -0.001630 -0.000625 -0.000215 -0.000225 -0.000484 -0.000677 -0.000004 -0.047328 0.461962 0.380912 -0.080360 0.299369 0.848477 0.566557 -0.381649 -0.020360 0.480524 0.790114 2.094045 3.222149 2.341842 2.293694 0.973994 0.075611 0.000007 0.000001 0.000217 0.000000 -0.000000 0.000000 0.000000 0.000000 0.000341 0.000012 -0.000006 0.005936 0.011514 0.007955 -0.006416 -0.005809 -0.000389 -0.001078 -0.003081 -0.002009 -0.000768 -0.004534 -0.000729 -0.000242 0.019122 -0.228183 -0.177965 -0.186444 0.198469 0.251690
-0.357513 -1.298778 0.613768 0.285571 -0.004463 -0.001774 -0.001374 -0.000253 -0.000877 -0.000980 -0.001382 -0.001129 -0.025669 0.425325 0.451981 0.072632 0.386191 1.138935 0.847906 -0.193712 0.117693 0.609528 1.021391 2.106143 2.268314 2.264559 1.879780 0.152427 0.000027 0.000012 -0.000000 -0.000000 -0.000001 -0.000274 -0.000108 -0.000108 0.000000 0.000006 0.000020 0.024006 0.014968 0.000069 0.000028 -0.007638 -0.001189 -0.002934 -0.002235 -0.013872 -0.005679 0.001579 -0.260680 -0.107781 0.001050 0.025192 0.068989 0.053494 -0.003773 0.293678 0.313206
0.099561 -0.812736 0.784950 0.272395 0.000000 -0.004503 -0.009402 -0.389299 -0.266928 -0.272062 0.180690 0.032292 0.154961 0.679883 0.619483 0.188311 0.389442 1.187481 0.804771 -0.041678 0.062650 0.555083 1.093983 2.323740 2.248831 1.820068 0.749878 0.125997 -0.000020 -0.000011 -0.000376 -0.000468 -0.000316 -0.000977 -0.000287 -0.000287 -0.000001 0.000020 0.000013 0.004089 0.000074 0.000003 -0.000001 -0.000198 -0.005476 -0.005684 -0.008353 0.510984 -0.077562 0.045205 -0.121294 -0.160000 -0.000060 0.013336 0.199642 0.170256 0.269442 0.521696 0.409773
0.482455 -0.575389 0.695558 0.093293 -0.001599 -0.168743 1.005246 0.694062 0.304101 0.314867 0.346851 -0.034644 1.907176 1.246356 0.459178 0.075241 0.344797 0.797532 0.729528 0.062152 -0.145783 0.391139 0.980133 2.149592 1.767512 1.485959 0.802153 0.071298 0.000835 -0.000187 -0.004222 -0.002169 -0.002464 -0.007063 -0.002424 -0.004843 -0.000120 0.000011 0.000021 0.001515 0.002245 -0.000041 -0.000235 -0.000295 -0.008188 -0.038554 0.025755 0.685516 -0.076229 -0.017631 -0.062362 -0.250811 -0.027658 0.000083 0.021389 0.455668 0.644056 0.758415 0.566460
0.298743 -0.281986 0.172928 -0.010374 0.384194 0.979427 1.619115 0.961155 0.285398 0.170308 0.326410 -0.080687 0.423501 1.023181 0.042410 -0.024915 0.425028 0.701547 0.654835 0.147313 0.072933 0.273957 0.738649 1.191262 1.205747 0.892357 0.252436 0.008428 0.002157 0.043362 -0.095054 -0.005111 -0.002600 -0.000372 -0.000110 0.003916 0.000128 -0.000032 -0.000017 0.000012 0.000842 -0.000042 -0.000144 -0.000133 -0.000434 -0.039194 0.090590 0.883734 0.045262 -0.061079 -0.030945 -0.401922 -0.058262 -0.014920 0.381520 0.648285 0.619144 0.419656 0.330138
0.201761 -0.028196 0.084781 0.461216 0.990194 1.148919 1.595395 0.403426 0.234716 -0.188540 -0.085294 -0.005341 -0.000806 0.996092 -0.442661 -0.015030 0.596099 0.918783 0.544487 0.288912 0.158901 0.267213 0.566535 0.942242 0.746208 0.710670 0.160274 0.010239 0.000007 0.041250 -0.067823 -0.004684 -0.000081 -0.000081 0.000001 0.000077 0.000000 -0.000019 -0.000045 -0.000056 0.000003 0.000012 0.000005 0.000005 0.000028 -0.036224 0.171218 1.061542 0.187724 0.106951 0.064105 -0.352487 0.051039 -0.129250 0.691218 0.565672 0.563941 0.370728 0.267738
0.327896 0.150603 0.240177 0.819905 1.248515 1.020454 1.109284 0.200546 0.031765 -0.611731 -0.734979 -0.025101 -0.006337 0.309824 -0.590877 -0.029117 0.680621 1.076588 0.605536 0.134587 0.135545 0.350975 0.451517 0.664383 0.790194 0.713256 0.110943 0.049556 0.000010 0.000004 -0.078370 -0.000187 -0.000022 -0.000017 -0.000000 0.000000 -0.000079 -0.000293 -0.002810 -0.002865 -0.000087 0.000019 0.000002 0.000001 0.000566 0.095502 0.498213 1.051473 0.321933 0.387275 0.284805 0.214037 0.140935 -0.213795 0.503364 0.290252 0.752110 0.257481 0.176866
0.482602 0.337506 0.402035 0.866723 1.206037 0.335672 0.674459 0.000142 0.030712 -0.546191 -0.725941 0.055638 0.001151 0.214771 -0.256101 0.025848 0.660750 0.770890 0.409586 0.030727 0.126968 0.118740 0.233460 0.541894 0.691178 0.594808 -0.079301 0.043820 -0.000007 -0.000003 -0.169894 -0.010015 -0.000367 -0.000006 -0.000006 -0.000167 -0.000372 -0.000535 -0.006169 -0.005159 -0.001239 -0.000014 -0.000005 -0.000005 0.006113 0.698076 0.650695 1.268223 0.632527 0.240367 0.260269 0.287505 0.103522 -0.020684 0.477891 0.240890 0.421560 0.231441 0.152175
0.538953 0.306094 0.312499 0.497439 0.727850 0.341456 0.005198 0.001866 0.001099 -0.376768 -0.411918 0.247342 0.044996 0.136042 0.309326 0.235016 0.608282 0.578058 0.184600 -0.191537 0.033244 -0.041661 0.183354 0.474794 0.565744 0.326370 -0.207591 0.020279 -0.014641 -0.054896 -0.458180 0.408629 -0.001104 -0.000503 -0.000221 -0.000369 -0.000818 -0.000006 -0.008258 -0.010365 -0.008189 -0.000281 -0.001234 0.085842 0.766696 1.322465 0.990790 1.324332 0.546964 0.182387 0.259561 0.000499 0.095962 0.116023 0.923096 0.360062 0.710414 0.060621 0.047819
0.296846 0.137078 0.154863 0.150720 0.585630 0.006450 0.000658 0.000546 0.000411 0.006772 -0.014765 0.127198 0.004823 0.006952 0.380671 0.036188 0.640633 0.541718 0.202956 -0.272302 -0.047683 -0.076697 0.200748 0.395806 0.502635 0.303638 -0.201461 0.081079 0.000403 -0.052337 -0.521864 0.298114 -0.000037 -0.000417 -0.001408 -0.001336 -0.001386 -0.000498 -0.002017 -0.002331 -0.209860 -0.000291 -0.039114 1.555093 2.936719 0.696681 0.795882 0.928092 0.000801 0.000918 0.000801 0.000247 0.004974 0.001940 0.000863 0.496238 0.975399 0.100706 0.083452
0.276454 0.153131 0.176762 0.061889 0.000766 0.000277 0.000407 0.000117 0.000126 0.000237 0.015110 0.000425 0.000005 0.000295 0.000288 -0.099779 0.817911 0.790170 0.218362 -0.196082 -0.038020 -0.012810 0.322106 0.488597 0.451088 0.198625 -0.171013 0.177502 0.042867 0.038631 -0.291614 0.131589 -0.088888 -0.199419 -0.120020 0.254943 -0.701645 -0.850387 -0.069408 -0.155354 -0.000627 -0.001817 0.072591 1.893039 1.078329 0.000002 0.000654 0.000730 0.000073 0.000635 0.000027 0.000503 0.000488 0.000003 0.000003 0.052361 0.969258 0.471427 0.101637
0.270311 0.180275 0.204450 -0.004598 0.000000 0.000001 0.000000 0.000000 0.000001 0.000000 0.004295 0.000042 0.000001 0.000000 0.000001 0.030280 0.715137 0.503424 0.234170 -0.180699 -0.052209 -0.023768 0.296546 0.215345 0.117660 0.017482 -0.101071 0.401963 0.311819 0.122474 -0.153722 0.171797 0.156356 0.092442 0.260781 0.403317 -0.320273 -1.045778 -0.110304 -0.155250 -0.081262 -0.085388 -0.005082 0.920172 1.198521 -0.000000 0.000000 0.000000 0.000000 0.000000 0.000001 0.000003 -0.000035 -0.000003 -0.000003 0.074557 0.842681 0.472090 0.100270
0.197100 0.117058 0.086795 0.013326 -0.000001 -0.000015 -0.000626 -0.000178 -0.000002 0.000001 0.001378 0.000060 -0.002185 -0.000932 -0.000019 0.000129 0.936320 1.025113 0.247204 -0.300461 -0.130677 -0.105407 0.148752 0.129636 0.021685 0.006066 -0.002605 0.617078 0.416221 0.295319 -0.047778 0.417649 0.262835 0.232676 0.516482 0.384540 -0.071918 -1.046376 -0.923117 -0.273749 -0.144417 -0.111745 -0.039659 0.738757 1.343825 0.096788 -0.000246 -0.000053 -0.000950 -0.000446 -0.000029 -0.000011 -0.000483 -0.001091 -0.003232 0.432814 0.773240 0.498610 0.304381
