use_cases/Flooding_chicago/flooding_data/output/hUy_420.asc
ncols 337
nrows 393
xllcorner 428428.000000
yllcorner 4602440.000000
cellsize 26.757400
NODATA_value -9999.000000
[rows 78 to 103 of 393, columns 232 to 289 of 337]
-0.013031 -0.021101 -0.048451 -0.015595 -0.016257 -0.034178 -0.038215 -0.033559 0.000684 0.008072 0.091107 0.099177 0.029922 0.060146 0.043524 0.033209 0.023170 0.027651 0.105326 0.005408 0.002357 0.006813 0.023123 0.044872 0.011186 0.096714 0.086369 0.035995 0.067986 0.071188 -0.053913 -0.362883 0.391728 0.128676 0.026355 0.245559 0.082574 -0.100849 -0.010817 -0.010690 -0.000382 -0.000461 -0.000661 -0.002149 0.059446 0.130444 0.045672 0.067356 0.139402 0.050089 0.001385 -0.000337 -0.000379 -0.000490 0.000113 -0.002413 -0.076869 -0.109064
-0.029981 -0.056847 -0.032590 -0.023249 -0.055004 -0.066077 -0.042249 -0.041849 0.000652 0.001800 0.028244 0.050624 0.053290 0.055927 0.028863 0.016707 0.023939 0.116806 0.269493 0.077937 0.006516 0.009710 0.024447 0.023265 0.026612 0.377887 0.012690 0.210578 0.199889 0.183134 0.023270 -0.308576 0.862339 0.018485 0.016340 0.021658 0.190888 0.011637 -0.003362 -0.008310 -0.001040 -0.007103 -0.011252 -0.002030 0.023475 0.032095 0.030193 0.065594 0.108436 0.030596 0.006683 -0.003579 -0.001596 -0.001934 -0.000099 -0.001661 -0.012967 -0.200119
-1.270885 -0.096761 -0.018678 -0.508342 -0.467676 -0.436902 -0.046595 -0.037876 -0.000339 0.000956 0.000810 0.038498 0.039844 0.049306 0.007211 0.006951 0.023466 0.025781 0.075127 0.262744 0.047595 0.009853 0.015946 0.021786 0.047207 0.071241 0.025529 0.014587 0.033355 0.047809 0.038688 0.046593 0.053914 0.007923 0.024324 0.007131 0.026098 0.010804 0.000156 -0.013365 -0.007366 -0.013638 -0.022143 -0.033641 0.000039 0.001163 0.016844 0.026253 0.069366 0.006080 0.008723 -0.003209 -0.001270 -0.001568 -0.011864 -0.000677 -0.004334 0.001670
-0.987458 -0.607298 -0.130774 -0.450921 0.015586 0.283359 0.021223 -0.002744 -0.005500 -0.000469 0.000893 0.014446 0.018240 0.022719 0.000968 0.000473 0.014674 0.007634 0.067647 0.064218 0.058380 0.007533 0.006273 0.011487 0.015809 0.020312 0.024149 0.006075 0.006427 0.025242 0.020332 0.041237 0.026143 0.004581 0.011348 0.000540 0.000773 0.003954 -0.005599 -0.008879 -0.033196 -0.069000 -0.075932 -0.008475 -0.007219 -0.000118 0.000088 0.001749 0.023061 0.007955 0.011276 -0.000942 -0.006074 -0.017290 -0.031607 -0.026607 -0.007879 -0.001028
-0.112737 0.016350 0.064407 0.241854 0.033267 0.049621 0.009298 -0.000386 -0.011939 -0.001118 -0.000177 0.000000 0.000000 0.000001 0.000026 -0.000269 0.001066 0.000908 0.021024 0.022918 0.019552 0.000411 0.000008 0.000000 0.000000 0.000000 0.000000 0.000000 0.000000 0.000000 0.000000 0.025188 0.000352 0.000007 0.000192 0.000924 0.001298 0.000117 -0.003848 -0.015639 -0.092965 -0.116491 -0.118163 -0.075009 -0.020664 -0.016109 -0.004255 -0.000249 0.000017 0.000721 0.011286 0.002770 -0.005053 -0.038768 -0.043227 -0.210123 -0.085042 -0.001172
0.250556 0.025258 0.011245 0.028303 0.001388 0.000475 -0.000069 -0.000693 -0.001039 -0.000682 -0.010766 -0.008136 -0.015920 -0.021588 -0.000774 -0.000700 0.000406 0.000877 0.000071 0.000004 0.000000 -0.000293 -0.009835 -0.004711 -0.025309 -0.036100 -0.010782 -0.001685 -0.013198 -0.016668 -0.004897 -0.000007 -0.000352 -0.003595 -0.000469 0.001840 0.000615 -0.000239 -0.003403 -0.061621 -0.091429 -0.079735 -0.580847 -0.066061 0.016260 -0.043367 -0.015310 -0.000595 -0.008915 0.000134 0.000723 0.000368 -0.002096 -0.004490 -0.073394 -0.164812 -0.000721 -0.003529
0.099196 0.018599 0.007449 0.013277 0.000516 -0.000685 -0.027168 -0.031853 -0.045675 -0.023669 -0.037179 -0.020471 -0.024414 -0.042148 -0.000582 0.000161 -0.000927 -0.000747 -0.004347 -0.037946 -0.015738 -0.028787 -0.021233 -0.019443 -0.074304 -0.083433 -0.003806 -0.000932 -0.113665 -0.124666 -0.004071 -0.014800 -0.014554 -0.002977 -0.006871 -0.000273 0.000156 0.000003 -0.002066 0.205996 0.094485 0.161309 -0.042447 0.269061 0.050134 0.019108 -0.000272 -0.002666 -0.032455 -0.000651 -0.000788 -0.000389 -0.000962 -0.000944 -0.015131 -0.102851 0.033391 -0.025739
0.005553 0.004439 0.000003 0.000208 -0.000376 -0.005073 -0.051016 -0.068587 -0.166789 -0.045453 -0.050380 -0.033390 -0.032356 -0.054546 -0.006735 -0.000357 -0.000622 -0.000387 -0.002208 -0.056363 -0.020589 -0.079381 -0.049944 -0.041049 -0.266087 -0.133459 -0.002120 0.000556 -0.033958 -0.082785 -0.001533 -0.038788 -0.034352 -0.017413 -0.005533 -0.001224 -0.000343 -0.006203 0.019285 0.449270 0.152175 0.372121 0.379345 0.436103 0.262047 0.057826 0.000184 -0.002490 -0.011433 -0.022167 -0.020431 -0.017381 -0.013157 -0.026465 -0.016185 -0.102012 0.099627 -0.007974
0.004860 -0.001158 -0.023712 -0.000326 -0.000975 -0.049827 -0.016466 -0.117326 -0.419389 -0.160253 -0.061733 -0.035071 -0.052778 -0.067336 -0.019886 -0.010721 -0.012159 -0.001407 -0.001262 -0.069141 -0.009357 -0.018744 -0.244556 -0.150822 -0.081015 -0.017123 -0.000361 0.000326 0.000294 -0.034018 -0.013486 -0.116276 -0.085913 -0.125647 -0.081502 -0.042303 -0.025948 0.045490 0.077377 0.536266 0.287318 0.174138 0.143050 0.694513 0.157130 0.098522 -0.000339 -0.001936 -0.004598 -0.053175 -0.041360 -0.033821 -0.021081 -0.015934 -0.089198 -0.039591 0.197656 0.074555
-0.004496 -0.008958 -0.177556 -0.006088 -0.001474 0.017973 0.000796 -0.042025 -0.156641 -0.152762 -0.080159 -0.029280 -0.069302 -0.084060 -0.030061 -0.021023 -0.024605 -0.012866 -0.013720 -0.059608 -0.042896 -0.010040 -0.108970 -0.053989 0.034613 0.049637 -0.000003 -0.000208 -0.000056 -0.006326 -0.005045 -0.036566 -0.022670 -0.039271 -0.155379 0.359592 -0.283614 0.148472 0.133977 0.158887 0.112274 0.054074 0.061280 0.056475 0.103908 0.257960 -0.001462 -0.012700 -0.010907 -0.076345 -0.058744 -0.049505 -0.042197 -0.011456 -0.016272 -0.017492 0.016965 0.005876
-0.002409 -0.003535 -0.098032 -0.149564 -0.167823 0.000016 0.000376 0.000580 0.003827 -0.227919 -0.021857 -0.007622 -0.017511 -0.150250 -0.026981 -0.034183 -0.040274 -0.044400 -0.026307 -0.017990 -0.103976 -0.020615 -0.058846 -0.008537 0.080838 0.096550 -0.007040 -0.011445 -0.001223 -0.004537 -0.000306 -0.000014 -0.000000 0.022261 -0.039484 0.549587 0.172886 0.193634 0.001159 0.001004 0.006071 0.047764 0.001662 0.000768 0.000029 0.345844 0.039420 -0.009421 -0.029173 -0.109914 -0.077157 -0.062987 -0.191178 -0.039827 -0.017409 -0.005642 0.001537 0.011880
-0.000704 -0.002267 -0.000195 -0.045620 -0.525473 -0.063817 -0.000830 -0.000145 0.028605 -0.216983 -0.120711 -0.052674 -0.066928 -0.067958 -0.103763 -0.090815 -0.110892 -0.066361 -0.023633 -0.005105 -0.041317 -0.013448 -0.039820 -0.009790 0.079371 0.579217 -0.026352 -0.023198 0.006358 0.037825 -0.062663 -0.093724 0.020969 0.142205 0.090506 0.707843 0.460974 0.133346 -0.000826 0.001719 0.020416 0.013369 0.001096 -0.000304 0.315360 0.301991 0.006364 0.006034 -0.002996 -0.037845 -0.028132 -0.137702 -0.433129 -0.006486 -0.004398 -0.001015 -0.000271 0.001017
0.000323 0.017044 0.018674 0.023200 -0.187121 -0.673524 -0.118790 -0.000492 0.007932 -0.001816 -0.110720 -0.031366 -0.485915 0.004511 -0.083591 -0.189234 -0.373786 -0.008490 -0.002584 -0.001819 -0.000071 -0.004262 0.011016 0.015385 0.056365 0.335031 0.010930 0.025684 0.027796 0.139739 0.440058 0.238211 0.088222 0.127958 0.057664 0.051388 0.049099 0.225769 0.124060 0.004984 0.025222 0.025396 0.670963 0.172687 0.232068 0.000005 0.000208 0.000003 0.000000 -0.010002 -0.035960 -0.305715 -0.074558 0.181100 0.042703 0.000349 -0.000291 0.001446
0.021766 0.056252 0.035784 0.045192 0.040655 -0.736305 -0.238622 -0.000507 -0.000011 0.006488 0.005537 -0.018277 0.061806 0.020286 -0.069899 -0.165520 0.040219 0.000587 -0.002246 -0.000845 -0.039144 0.009719 0.083281 0.137490 0.135082 0.270206 0.006051 0.036324 0.066983 0.073651 0.051774 0.225940 0.211926 0.029656 0.031509 0.027026 0.046106 0.036994 0.219808 0.016939 0.014208 0.042383 0.050297 0.157117 0.245255 0.000585 -0.000326 -0.007267 -0.004143 -0.030744 -0.392487 0.094027 0.051636 0.030947 0.020424 0.001072 -0.000210 -0.000216
0.008791 0.072732 0.017306 0.019034 0.086937 0.090470 -0.961960 -0.007245 -0.009582 -0.000384 0.013337 0.005818 0.000848 -0.016254 -0.017685 -0.018065 -0.000046 -0.000861 -0.003356 -0.005962 -0.223159 0.022619 0.025780 0.192849 0.015264 0.035075 0.026978 0.034846 0.060888 0.100038 0.020985 0.015958 0.051987 0.034445 0.019642 0.027014 0.034625 0.034392 0.080328 0.054435 0.034843 0.024863 0.017454 0.007149 0.110813 0.006429 0.003545 -0.022471 -0.046221 -0.221861 -0.194470 0.189313 0.217245 0.009389 0.014358 0.000462 -0.001260 -0.006439
0.001070 0.002417 0.056441 0.046050 0.050718 0.032908 -0.081771 -0.273883 -0.306669 -0.084018 0.000124 0.000222 0.000135 -0.005121 -0.010340 -0.011354 -0.010888 -0.050084 -0.022756 -0.003273 -0.000995 0.025057 0.052492 0.056857 0.019534 0.001824 0.029818 0.028867 0.032367 0.095671 0.010232 0.004823 0.022725 0.015551 0.009540 0.015156 0.016861 0.035650 0.024796 0.033769 0.085171 0.061788 0.047920 0.010818 0.009981 0.009289 0.005345 -0.003090 0.007012 0.119307 0.103340 0.502061 0.400246 0.044929 0.047844 -0.001023 -0.003744 -0.003002
-0.000002 0.003839 0.024256 0.057827 0.014099 0.007084 0.023782 -0.301475 -0.523570 -0.019587 -0.000104 -0.000222 -0.000203 0.058784 -0.049401 -0.004854 -0.005490 -0.352417 -0.011091 -0.002834 0.002804 0.025166 0.096019 0.081946 0.024679 0.013390 0.011161 0.011312 0.008896 0.075988 0.051852 0.000917 0.000441 0.000552 0.000031 0.000000 0.000122 0.004011 0.005888 0.033617 0.045962 0.032094 0.013405 0.004382 0.002476 0.002318 0.004992 0.001460 0.017372 0.131903 0.111116 0.122746 0.083509 0.189701 0.136670 0.255708 0.180203 0.003082
-0.002851 0.002310 0.004771 0.006354 0.005250 0.013733 0.004373 0.007049 -0.451309 -0.072892 -0.126100 -0.016110 -0.000710 0.080103 -0.022170 0.077250 -0.116085 -0.233715 -0.005372 -0.003004 0.006661 0.005967 0.013784 0.145097 0.066767 0.019853 0.000125 0.000584 0.006260 0.045074 0.025395 0.001052 -0.000263 -0.000283 -0.025461 -0.005752 -0.000660 -0.000024 0.000259 0.020348 0.013982 0.026622 0.000769 0.000022 -0.002710 -0.008183 0.005642 0.005683 0.079321 0.061915 0.021926 0.041199 0.015811 0.059758 0.079599 0.094270 0.013956 0.036188
-0.123515 -0.000871 0.004597 0.009337 0.010503 0.006943 0.004094 0.041161 -0.019652 -0.005392 -0.117705 -0.018992 -0.022720 0.082161 0.021024 0.075037 -0.006658 -0.164213 0.076829 0.072065 0.003649 0.009856 0.006975 0.029633 0.027349 0.009592 -0.000066 -0.000069 0.000000 0.015452 0.001079 0.000000 -0.005015 -0.011552 -0.065697 -0.055316 -0.013930 -0.007178 0.000079 0.003663 0.004845 0.005757 0.000099 -0.011480 -0.095587 -0.006237 0.004742 0.005106 0.011770 0.012428 0.011103 0.037021 0.016529 0.027839 0.069043 0.075245 0.017556 0.011006
-0.151503 0.037158 0.004632 0.009318 0.012863 0.013217 0.004811 0.090696 0.100755 0.189879 0.113915 -0.000614 -0.006367 0.376246 0.029216 0.008944 0.021094 -0.011988 0.015085 0.013535 0.003519 0.000720 0.009445 0.004038 0.002644 -0.000411 -0.008178 -0.006205 -0.007879 0.000000 -0.000305 -0.006853 -0.017624 -0.012602 -0.097280 -0.160883 -0.026795 -0.020550 -0.000602 0.000000 0.000000 0.000000 -0.000085 -0.236051 -0.067862 0.126731 0.022463 0.000930 0.000000 0.000000 0.000000 0.028808 0.005462 0.012942 0.033746 0.042194 0.009840 0.009952
-0.084548 0.004643 0.005997 0.008972 0.013919 0.018952 0.008142 0.195245 0.033025 0.052714 0.006535 0.001933 0.009681 0.298453 0.112574 0.037548 0.052177 0.070292 0.003209 0.003637 0.038247 0.001092 0.001558 0.004364 0.000553 -0.005292 -0.019035 -0.024776 -0.014791 -0.006794 -0.013423 -0.017951 -0.034233 -0.012735 -0.017140 -0.390818 -0.058447 -0.032379 -0.000362 -0.004212 -0.006134 -0.004387 -0.000023 0.248735 -0.123776 0.018492 0.015210 0.001340 -0.000448 -0.000301 -0.000113 0.000084 0.000129 0.000556 0.005378 0.006953 0.000569 0.000409
0.135875 0.006430 0.000593 0.001585 0.013036 0.048015 0.026634 0.056925 0.026409 0.028966 0.000632 0.001479 0.000793 0.027878 0.021840 0.112599 0.087995 0.085642 0.005478 0.002365 0.001701 0.001249 0.001075 0.000000 -0.006659 -0.005352 -0.022865 -0.034048 -0.016374 -0.013687 -0.029095 -0.020834 -0.053909 -0.006106 -0.007937 -0.113550 -0.303618 -0.032247 -0.000582 -0.007710 -0.015618 -0.007411 0.000253 0.299569 0.195136 0.001953 0.001414 0.000111 -0.000732 -0.000386 -0.000177 -0.000069 -0.000085 -0.000065 0.000000 0.000000 -0.000292 -0.000494
0.049179 0.013384 -0.000143 0.001635 0.002133 0.011420 0.009922 0.007553 0.000602 0.000235 -0.000010 -0.001671 -0.000633 0.016067 0.020242 0.300526 0.180449 0.160718 0.013622 0.000444 0.006197 0.019001 0.013706 0.004003 -0.027127 -0.119895 -0.028906 -0.039869 -0.009573 -0.018927 -0.021992 -0.072438 -0.090387 -0.037602 -0.007166 -0.019742 -0.181045 -0.005948 -0.000817 -0.017479 -0.016727 -0.001455 0.000110 0.092359 0.065049 0.003889 -0.001465 -0.002188 -0.000553 -0.000899 -0.002447 -0.019051 -0.010443 -0.007592 -0.012089 -0.006604 -0.019063 -0.011937
0.000130 0.001543 -0.028119 -0.000715 -0.000028 0.000000 0.000000 0.000067 -0.000023 -0.000157 -0.006473 0.026556 -0.043073 0.007839 0.009543 0.013347 0.085602 0.061203 0.045468 0.001253 0.033667 0.013945 0.006127 0.016911 0.042023 -0.218829 0.044039 -0.020878 -0.008906 -0.024105 -0.493070 -0.189881 -0.153919 -0.089591 0.039939 -0.002917 -0.134777 -0.002189 -0.006054 -0.026116 -0.017826 -0.023345 -0.002480 0.106848 0.085583 0.015431 -0.002867 -0.006342 -0.026630 -0.016376 -0.013248 -0.045406 -0.018567 -0.018256 -0.017800 -0.021275 -0.350729 -0.012929
-0.000130 -0.007063 -0.037035 -0.001489 -0.002132 -0.014772 -0.005350 -0.000464 -0.000239 -0.000254 -0.077028 0.138697 -0.065662 0.000360 0.000360 0.000165 0.011088 0.001092 0.078268 0.000172 0.006923 0.007152 0.003663 0.008348 0.017385 -0.280904 0.043006 0.007447 -0.000200 0.021806 -0.138351 0.027807 0.059167 0.086822 0.043720 0.024284 0.003315 -0.000906 -0.026701 -0.025957 -0.049723 -0.047561 -0.019958 0.073390 0.093011 0.036078 0.130441 -0.035830 -0.367180 -0.049136 -0.070035 -0.048507 -0.033980 -0.002435 -0.063567 -0.538193 0.386869 -0.093664
-0.021236 -0.012333 -0.024303 -0.018501 -0.039686 -0.054961 -0.012657 -0.008029 -0.001732 0.001084 0.070595 0.226389 -0.098728 -0.000360 -0.000360 -0.000132 -0.000002 -0.000084 0.064753 0.001073 0.000426 0.000153 0.000000 0.000584 0.005102 0.011602 0.018201 0.000015 0.000658 0.007471 0.029764 0.336276 0.027685 0.024684 0.167437 0.005955 0.004623 0.000326 -0.066322 -0.066974 -0.239018 -0.365272 0.278733 0.001538 0.018925 0.000000 0.176811 0.244008 -0.184256 -0.442548 -0.032391 0.043084 0.044982 0.018954 0.418691 -0.600949 1.032642 -0.006278
