use_cases/Flooding_chicago/flooding_data/output/hUy_1260.asc
ncols 337
nrows 393
xllcorner 428428.000000
yllcorner 4602440.000000
cellsize 26.757400
NODATA_value -9999.000000
[rows 156 to 181 of 393, columns 174 to 231 of 337]
0.456037 0.181279 0.053036 0.037505 0.074757 0.760894 0.529016 0.124434 0.282633 0.013649 1.135856 0.487030 -0.249657 0.399943 0.014736 0.000884 0.040142 0.068875 0.020619 0.000372 0.000222 0.000103 0.015711 1.083669 1.529873 0.090546 0.020149 0.037251 0.045265 0.010604 0.001028 0.001447 0.014817 0.005878 0.005878 0.000199 0.000063 0.041380 0.197576 0.126252 0.115975 0.009439 1.158391 1.238540 1.314551 0.160459 -0.000126 0.000051 0.001960 0.015203 0.016841 0.004841 0.007960 0.038299 0.068491 0.036685 0.042954 0.078292
0.727869 0.228758 0.052601 0.040227 0.081416 0.279508 0.800457 0.028421 0.346617 0.037717 1.294498 0.546166 -0.647455 0.138810 0.016193 0.000554 0.007371 0.030710 0.006665 0.000296 -0.000222 -0.000103 0.447345 1.703181 1.478951 0.004814 0.009283 0.015794 0.016200 0.001347 -0.000293 -0.000214 0.000000 0.000000 0.000000 -0.000070 -0.000064 0.071331 0.095455 0.056206 0.046995 0.801116 1.225591 1.218909 3.047894 2.592102 1.024953 0.000403 0.001073 0.003328 0.004978 0.019427 0.042211 0.023610 0.017920 0.008656 0.035067 0.160691
2.234997 0.004080 0.022247 0.061854 1.235564 0.193405 0.277409 0.509760 0.564096 0.010163 1.670218 0.883090 0.181393 0.168172 0.073645 0.029721 0.015939 0.005183 0.000236 -0.001021 -0.001488 -0.000803 0.474397 1.728686 1.068085 0.000000 0.000000 0.000000 0.000067 -0.000082 -0.018995 -0.017889 -0.000912 -0.007126 -0.007164 -0.006508 0.014070 0.360349 0.121785 0.099331 0.088965 0.400592 0.125952 0.093626 0.097670 3.165971 1.945359 0.002242 0.002125 0.014818 0.021716 0.023318 0.031189 0.002722 0.000112 0.000190 0.014536 0.059751
1.155749 0.018521 0.110917 0.095470 0.093956 0.179916 0.230085 0.331962 0.038629 0.010865 0.029435 1.197215 0.449081 0.152074 0.136688 0.136546 0.029061 0.032932 -0.000554 -0.001791 -0.001276 -0.000539 0.336786 1.812202 0.884562 -0.004123 -0.009243 -0.005350 -0.000464 -0.000305 -0.014467 -0.025448 -0.001630 -0.018884 -0.014489 -0.016955 0.054130 0.323345 0.217053 0.136043 0.064548 0.178255 0.057585 0.025231 0.046599 2.622550 0.944060 0.022396 0.012705 0.008546 0.011871 0.013661 0.017314 0.001373 -0.015379 -0.001856 0.000958 0.003165
0.641118 0.039678 0.059260 0.068656 0.040064 0.298744 0.245457 0.112157 0.040071 0.008787 0.026281 0.279869 0.508686 0.162905 0.143591 0.135447 0.020876 0.022152 0.154794 0.012981 -0.039088 -0.004133 0.031239 1.704148 1.562808 -0.220069 -0.021102 -0.017251 -0.006827 -0.009953 -0.021188 -0.084877 -0.042761 -0.037631 -0.021670 -0.026300 0.162493 0.357006 0.183439 0.557104 0.083053 0.017093 0.003351 0.059511 0.173106 3.332398 0.920350 0.015311 0.005265 0.000172 0.000396 0.000555 0.008192 0.000291 -0.046395 -0.033082 -0.004252 -0.001199
0.636273 0.042521 0.048434 0.035974 0.069887 0.251661 0.161624 0.162747 0.034162 0.004268 0.017790 0.092469 0.590272 0.194939 0.145333 0.105389 0.018933 0.022872 0.034808 0.026923 0.550115 0.298144 -0.192764 2.367947 1.661762 -0.202796 -0.500342 -0.031368 -0.018025 -0.026818 -0.011961 -0.131948 -0.075264 -0.040989 -0.034366 -0.199138 1.312399 0.474693 0.218979 0.272486 0.159366 0.014275 -0.000166 0.214076 0.567692 2.624895 0.094670 0.007330 -0.000002 -0.000132 -0.000330 -0.000401 -0.000013 -0.000105 -0.065936 -0.175210 -0.046182 -0.003097
0.611515 0.040985 0.040198 0.029671 0.093362 0.104661 0.191069 0.179118 0.041216 0.000726 0.006453 0.089946 0.209836 0.213287 0.076522 0.034700 0.014849 0.016101 0.018949 0.036205 0.029273 0.030243 -0.098801 2.511081 1.185280 -0.420641 -0.158398 -0.527658 -0.038184 -0.064500 -0.027917 -0.118468 -0.090693 -0.048264 -0.095145 0.212943 0.561461 0.037853 0.041874 0.033687 0.005907 -0.000474 0.036560 0.557088 0.837831 1.687647 0.010711 -0.000307 -0.008844 -0.023905 -0.007649 -0.010911 -0.007095 -0.005456 0.171711 -0.082689 -0.340674 -0.001302
0.790963 0.010118 0.037759 0.007246 0.098439 0.073955 0.174435 0.149544 0.049877 0.001263 0.000046 0.000001 0.536077 0.577180 0.000009 0.000262 0.000456 0.000309 0.014639 0.008764 0.010116 0.009412 0.213107 2.482823 1.364683 -0.133106 -0.036750 -0.302274 -0.145947 -0.521215 -0.017103 -0.053419 -0.036909 -0.013460 0.105813 0.270380 0.562208 0.014231 0.026820 0.009723 0.000668 0.000113 0.165019 1.079802 1.364334 0.399099 0.014959 -0.000233 -0.037533 -0.067828 -0.018349 -0.024269 -0.015830 -0.018718 0.745738 -0.243069 -0.805124 0.191579
0.502447 0.004500 0.022563 0.006153 0.082853 0.093888 0.077416 0.116095 0.047247 0.002570 0.000575 -0.001427 0.468985 0.550053 0.231862 -0.000619 -0.060881 -0.000421 0.000012 0.000838 0.000525 0.000188 0.525887 2.499673 1.370035 -0.077838 0.056865 -0.107440 -0.041892 -0.397237 -0.023818 -0.024412 -0.008631 0.003920 0.308022 0.144653 0.093496 0.000256 0.007213 0.000326 0.000114 -0.000053 0.426994 1.597218 0.678242 0.097066 0.050312 0.009044 -0.125123 -0.156876 -0.366984 -0.021420 -0.017746 -0.106491 1.057623 0.102692 -0.574267 0.164236
0.653979 0.038064 0.007134 0.020878 0.048600 0.063850 0.064246 0.077477 0.008754 0.003490 0.001914 0.005267 0.071535 0.415818 0.451436 0.169740 -0.007746 0.060341 -0.105712 0.000072 0.000647 -0.000079 0.361355 1.949640 1.062891 0.091085 0.236245 0.099783 0.043139 -0.128050 -0.001446 -0.003621 0.048904 0.040155 0.033777 0.283232 0.054395 0.000023 -0.000003 -0.000208 -0.000181 0.454753 0.828979 0.839421 0.469620 0.244759 0.007358 0.033140 0.045208 0.058771 -0.689405 -0.139094 -0.087125 0.097305 1.727355 0.114530 -0.640312 0.142935
0.324628 0.019788 0.025215 0.061444 0.016732 0.015885 0.144626 0.025171 0.024196 0.006319 0.002153 0.007427 0.025597 0.278065 0.651102 0.404349 0.100804 0.207427 -0.113168 -0.000839 0.001361 -0.000649 0.092985 2.327302 0.577531 0.019466 0.369818 0.242836 0.183711 -0.016004 0.002027 0.002690 0.007297 0.013220 0.021696 0.114406 0.174700 -0.000535 -0.007113 -0.006560 -0.006643 0.608845 1.404159 0.940448 0.027696 0.022456 0.006230 0.041987 0.014951 0.255565 -0.125307 -0.045355 0.005751 0.176369 2.472396 0.034245 -0.418592 0.331919
0.002012 0.002421 0.016458 0.035794 0.013253 0.018732 0.078390 0.086199 0.066760 0.011986 0.003358 0.046466 0.311419 0.445869 0.015414 0.014686 0.028039 0.529767 -0.086845 -0.000688 0.006665 -0.000291 -0.010483 2.743807 0.506028 0.089863 0.424415 0.433570 0.399187 0.257086 0.021901 0.018650 0.001028 0.006516 0.010711 0.000268 0.199972 0.087309 -0.013228 -0.007989 -0.016570 0.842898 1.446947 0.916650 0.001901 0.000000 0.017595 0.024422 0.011339 0.011140 0.035732 0.002649 0.071238 0.305127 1.264463 0.055906 0.067690 0.903618
0.007160 0.020203 0.020819 0.032761 0.009692 0.016881 0.102636 0.049940 0.022402 0.038177 0.021118 0.078515 0.079108 0.024605 0.008879 0.007729 0.012159 0.024079 0.013627 0.005952 0.038060 0.366931 0.266331 3.437866 0.552898 0.020992 0.012539 0.129079 0.028100 0.053761 0.041452 0.006794 0.000176 0.000000 0.000000 -0.000116 0.178797 0.260080 0.434640 0.130963 0.110840 0.471375 0.553156 0.423689 0.005205 0.006170 0.020906 0.001200 0.000980 0.000522 0.008993 0.097864 0.182490 0.240567 0.669539 0.000769 0.005960 0.024144
0.014625 0.011594 0.017908 0.026555 0.007652 0.015533 0.097113 0.010667 0.008727 0.016963 0.008740 0.027622 0.024392 0.013006 0.001269 0.000581 0.000369 0.000369 0.012629 0.000664 0.006518 0.220374 0.395584 2.311543 0.383721 0.015858 0.010469 0.094809 0.019047 0.026111 0.030916 0.002581 -0.001023 -0.007315 0.024840 0.257200 0.906861 0.325039 0.481343 0.007298 0.008709 0.967875 0.634495 0.431025 0.005041 0.008597 0.018721 0.001948 0.000935 0.000138 0.000444 0.022119 0.024570 0.015965 0.903281 -0.000081 0.000435 0.015353
0.036426 0.000560 0.006400 0.010089 0.000791 0.008770 0.040187 0.000289 0.000000 0.000000 0.000144 0.000145 0.000010 0.000000 -0.000189 -0.000271 -0.000029 -0.000006 -0.000001 -0.000031 -0.000001 0.279139 0.467136 1.313519 0.505094 0.001513 0.007864 0.056172 0.016903 0.014874 0.014252 0.001059 0.011981 -0.228156 0.060119 0.196230 0.437873 0.402118 0.035280 0.006283 0.000254 0.609757 1.143486 0.369656 0.008108 0.002846 0.004366 0.001065 -0.000126 -0.000477 0.000161 0.000028 0.000412 0.033485 0.772044 0.271670 -0.000025 0.000003
0.010524 0.000294 0.000100 0.000015 0.000365 0.000514 0.002417 0.000426 -0.024035 -0.008489 -0.000455 -0.000138 -0.005514 -0.014544 -0.042810 -0.006047 -0.000575 -0.000373 -0.018059 -0.019078 -0.009281 0.492001 0.596032 0.632852 0.460710 0.001098 0.001363 0.011610 0.011892 0.008449 0.000633 0.003238 0.044448 0.226499 0.196418 0.128445 0.061963 0.030270 0.024629 0.023200 0.037765 0.359134 0.900280 0.383063 0.024456 0.006508 0.006978 -0.001100 -0.000924 -0.017692 -0.118096 -0.001508 -0.000533 0.068748 0.630783 0.322608 -0.105580 -0.005982
0.040157 0.001030 -0.000202 -0.008620 -0.000832 -0.000372 -0.000644 -0.000695 -0.042915 -0.017376 -0.019042 -0.018343 -0.042690 -0.126017 -0.047759 -0.008978 -0.001782 -0.007096 -0.067954 -0.090552 0.616960 1.052281 1.143349 1.387627 0.399136 0.001126 0.000292 0.000059 0.000000 0.000000 0.000277 0.025337 0.188519 0.307172 0.024664 0.018278 0.011701 0.000822 0.000792 0.060982 0.101170 0.585416 0.829981 0.416324 0.086924 0.023760 0.021940 -0.028530 -0.015038 -0.576800 0.037666 0.306606 -0.000784 0.136371 0.854821 0.594741 0.141166 -0.041371
0.101352 0.013290 -0.011508 -0.023651 -0.007252 -0.000594 -0.000839 -0.005702 -0.046293 -0.040064 -0.044755 -0.045970 0.658634 -0.501549 -0.488778 -0.013084 -0.002004 -0.067134 0.003813 0.020625 0.943098 1.083589 1.103638 0.673320 0.264864 0.002486 0.000161 -0.000563 -0.015547 -0.008180 0.001213 0.036299 0.066040 0.023880 0.019646 0.002332 0.000086 -0.000048 0.001344 0.212771 0.283677 0.820767 0.784504 0.722437 0.101874 0.034980 0.017302 -0.080501 -0.108051 -0.184694 0.272412 0.405900 0.112176 0.168923 0.273637 0.203591 0.109602 0.085779
0.065052 0.006789 -0.157397 -0.025034 -0.017111 -0.005813 -0.017237 -0.016187 -0.045878 -0.038272 0.505954 0.440307 1.536288 -0.364040 -0.397168 -0.213445 -0.168466 -0.050389 0.199143 0.526894 1.198859 1.119398 0.922342 0.056503 0.000727 0.000903 -0.000357 -0.047954 -0.086116 0.022058 0.002289 0.006664 0.026004 0.017078 0.014907 0.009977 0.018447 0.011998 0.001528 0.526643 0.346644 0.249921 0.170975 0.055112 0.124452 0.035770 0.012817 0.114308 0.694673 0.816016 0.906388 0.751708 0.374312 0.011540 0.009500 0.010918 0.000849 0.180892
0.017284 0.001968 -0.086766 -0.005459 -0.026339 -0.016095 -0.036170 -0.036179 -0.051229 0.427413 1.135201 0.614128 1.426113 -0.296921 -0.285944 -0.169964 -0.807148 -0.546061 0.474847 0.743267 1.132773 0.006952 0.009822 0.001514 -0.000539 -0.000029 -0.074297 0.388664 0.051403 0.011400 -0.303823 0.024963 0.019972 0.016628 0.005486 0.006024 0.006720 0.055755 0.823115 0.929663 0.070220 0.041484 0.045684 0.018811 0.076207 0.035340 0.048725 0.060478 0.102694 0.017499 0.019934 0.022885 0.018454 0.001738 0.001264 0.000493 -0.000071 0.364373
0.000235 -0.000108 -0.050105 -0.056568 -0.050083 -0.042427 -1.422068 0.391802 0.373488 1.548171 0.695538 0.003929 0.009870 0.027590 0.001830 0.110675 0.260780 -0.080780 0.443350 0.572784 0.737010 0.000000 0.000000 0.000158 -0.029302 -0.030308 0.139519 0.781507 -0.209821 -0.263362 -0.216779 0.014833 0.012783 0.006075 0.000000 0.000090 0.003794 0.080612 0.498951 0.169892 0.097658 0.016031 0.003525 0.054586 0.039724 0.058387 0.016445 0.033949 0.033472 0.007670 0.000662 0.000192 0.000098 -0.000194 -0.000501 -0.000334 -0.023356 0.576982
-0.000069 -0.009312 -0.005597 -0.048462 -0.076115 -0.161239 -0.528204 0.559753 0.639733 1.299203 0.002328 0.000000 0.000000 0.000000 0.569340 0.448662 0.506875 0.424399 0.307780 0.194521 0.109659 -0.006261 -0.007892 0.004771 0.054017 0.126636 0.218823 0.816136 -0.364984 -0.491117 0.057989 0.004239 0.007565 -0.000171 -0.005911 -0.000274 -0.000006 0.000146 0.579620 0.001170 0.010837 0.009657 0.015477 0.105573 0.069022 0.000568 0.015915 0.006387 0.000592 0.000164 -0.000035 -0.000094 -0.000069 -0.018824 -0.021494 -0.010825 0.172508 0.469958
0.029828 -0.034773 0.033385 0.040297 -0.067002 -0.435143 -0.108657 0.349278 0.673148 1.345058 -0.063006 -0.035151 -0.028868 -0.014809 0.851546 0.730864 0.072080 0.014507 0.010037 0.000869 0.000300 -0.035743 -0.146149 0.173001 0.006497 0.116027 0.302005 0.738335 -0.522466 -0.284381 0.008866 0.000091 -0.000330 -0.010632 -0.013850 -0.008869 -0.008589 -0.000302 0.674666 -0.000046 0.000607 0.001496 0.008820 0.016121 0.136387 0.000852 0.000360 0.000360 -0.000058 -0.000101 -0.008177 -0.007254 -0.007955 -0.034003 0.167960 0.093368 0.274741 0.591516
0.008418 0.003565 0.047794 0.015015 0.028877 -0.245898 0.034952 0.320208 0.726436 1.311832 -0.114952 0.001688 0.187173 0.474214 0.469510 0.063242 0.036792 0.006981 0.000577 -0.000061 -0.000011 -0.001458 -0.109480 0.270289 -0.018884 0.073902 0.298628 0.790502 -0.539665 0.002327 0.000657 -0.000145 -0.000483 -0.022394 -0.010919 -0.014880 -0.019352 0.148904 0.881015 -0.188526 -0.000189 0.000444 0.000222 0.008416 0.036908 0.000322 -0.000360 -0.000360 -0.007280 -0.006327 -0.027484 -0.018834 -0.023984 0.007875 0.336856 0.160750 0.341252 0.643624
0.000671 0.028120 0.034140 0.003875 0.013213 -0.249038 0.174870 0.075933 0.921457 1.309107 0.060363 0.060215 0.297917 0.590895 0.000131 0.000330 0.000401 0.000013 -0.000072 -0.012196 -0.001483 0.004885 -0.072422 0.400473 0.065008 0.108828 0.397013 0.888783 -0.723711 0.044813 0.001452 -0.001868 -0.004128 -0.019083 -0.022900 -0.054759 -0.005727 0.140129 0.527291 -0.082460 0.000028 -0.000439 -0.000222 0.000066 0.000128 -0.000424 -0.014314 -0.009512 -0.021977 -0.013741 -0.004377 -0.001069 0.002827 0.025216 0.294325 0.446331 1.584911 0.964871
0.001379 0.018213 0.003863 0.000839 0.000889 0.001988 0.003216 0.054000 1.144084 1.464243 0.176402 0.006330 0.245802 1.057049 -0.000206 -0.000396 -0.000555 -0.010370 -0.006348 -0.052049 -0.069820 0.007803 0.001985 0.692950 0.109388 0.204853 0.519867 1.474111 -0.632856 0.036660 0.000831 -0.002622 -0.003894 -0.004978 -0.003346 -0.007223 -0.085646 0.034833 0.311622 0.073975 0.003104 -0.008612 -0.006627 -0.000539 -0.000303 -0.002918 -0.051291 -0.023545 -0.029641 -0.002145 0.009228 -0.000320 -0.000036 0.007438 0.552134 0.465396 1.281932 0.846750
