use_cases/Flooding_chicago/flooding_data/output/hUy_3540.asc
ncols 337
nrows 393
xllcorner 428428.000000
yllcorner 4602440.000000
cellsize 26.757400
NODATA_value -9999.000000
[rows 182 to 207 of 393, columns 118 to 176 of 337]
1.892387 2.144627 1.389152 -0.000158 -0.000094 -0.000002 -0.000000 0.011670 1.077226 2.433919 0.662373 0.254898 0.483784 0.003768 0.011841 0.039627 0.015126 0.017881 0.013136 0.000498 -0.006308 -0.000485 -0.000279 -0.000003 -0.000009 -0.000536 -0.000636 -0.000003 -0.105746 -0.032806 0.000008 -0.000001 -0.000007 -0.000099 -0.000007 -0.000003 -0.000002 0.035772 0.001438 0.001683 0.001436 0.003933 0.000090 0.000063 0.000023 0.000954 -0.465372 -0.515057 -0.765763 -0.018479 0.000003 0.000010 0.000040 0.000114 0.000034 0.000005 0.000030 0.000015 0.000003
1.717146 2.493600 1.209342 -0.001701 -0.000186 -0.000105 -0.033710 0.560085 1.200202 1.121968 0.030140 0.003164 0.000022 0.000098 0.000470 0.001367 0.041378 0.067771 0.072927 0.008915 0.000582 -0.001531 -0.000499 -0.000218 -0.000082 -0.001277 -0.000896 -0.049482 -0.089774 0.000009 0.000002 -0.000007 -0.000023 -0.000074 -0.000308 -0.000115 -0.000016 0.029417 0.000014 0.008885 0.002225 0.000137 0.000158 0.000005 0.000005 0.000000 0.000001 -0.417026 -1.384426 -0.016672 -0.000001 0.000007 0.000016 0.000059 -0.000101 -0.000032 0.000005 0.001146 0.000004
1.773549 2.064750 1.356199 0.037503 -0.052800 -0.064182 -0.044254 0.826352 1.557699 0.770259 0.324670 0.002818 0.000054 0.000220 0.003665 0.000725 0.001718 0.002552 0.005417 0.001089 0.001278 0.000150 -0.000464 -0.000380 -0.000119 -0.001962 -0.000989 -0.133753 -0.029546 -0.000022 -0.000014 -0.000005 -0.000863 -0.000568 -0.000996 -0.000067 -0.000467 0.000001 0.000034 0.001075 0.000404 0.000068 0.000002 0.000005 0.000001 -0.000000 0.000000 -0.014173 -1.085028 -0.572616 -0.000555 0.000000 0.000000 0.000000 -0.000133 -0.000036 -0.000001 0.000244 0.000000
1.344290 1.630331 0.957107 0.086595 -0.014884 -0.027768 0.007628 0.818912 1.272311 0.686300 0.575148 -0.113064 0.000037 0.000043 0.001168 0.000102 0.000559 0.000081 0.000001 0.001204 0.000364 0.000076 -0.000004 -0.000537 -0.000124 -0.017694 -0.038506 -0.057535 -0.049785 -0.013702 -0.000591 -0.000497 -0.002174 -0.001318 -0.003135 -0.004669 -0.000474 -0.000001 0.000001 0.000000 0.000041 0.000045 0.000002 -0.000002 -0.000004 -0.000261 -0.000001 -0.002928 -0.941699 -0.629157 -0.007978 -0.000168 -0.000575 -0.000748 -0.000042 -0.001279 -0.000055 -0.000001 0.000000
1.137141 1.164186 0.637464 0.143483 -0.003910 -0.020117 0.184095 0.663423 1.454171 0.605003 0.808328 -0.111293 0.000027 0.000072 0.000095 0.000071 0.000000 -0.000000 -0.000001 -0.000231 -0.144177 -0.016743 0.000001 -0.000039 -0.000295 -0.030183 -0.055205 -0.058341 -0.070339 -0.027194 -0.017666 -0.001264 -0.002466 -0.000617 -0.011229 -0.005747 -0.000395 -0.002013 -0.000052 -0.001941 -0.000094 0.000000 0.000001 -0.000006 -0.000237 -0.000939 -0.126342 -0.271870 -0.745332 -0.615603 -0.326373 -0.000505 -0.001795 -0.000799 -0.000714 -0.001156 -0.003113 -0.000111 -0.000001
1.156141 0.824338 0.397626 0.289473 0.041105 0.027900 0.764958 1.253251 1.520782 0.235886 1.159753 0.073693 0.000055 0.000183 0.000152 0.000511 -0.000003 -0.000150 -0.000106 -0.317755 -0.135284 0.187361 -0.001662 -0.014754 -0.000273 -0.182562 -0.166344 -0.259582 -0.274160 -0.007247 -0.213978 -0.002136 -0.002537 -0.005060 -0.013975 -0.005150 -0.001667 -0.005062 -0.000708 -0.002601 -0.000017 -0.000000 -0.000002 -0.000004 -0.002306 -0.406563 -0.419006 -0.314964 -0.683940 -0.538746 -0.215200 -0.002963 -0.004761 -0.000904 -0.001915 -0.002331 -0.004611 -0.000115 -0.000002
0.814764 0.573144 0.106696 0.265040 0.000696 0.000303 0.281909 0.544530 0.549890 0.528171 0.550307 0.047365 0.000043 0.000612 0.000040 -0.000054 -0.000972 -0.008095 -0.245741 -0.457006 -0.141095 0.391381 -0.032419 -0.050518 0.040484 -0.364891 -0.072176 -0.000002 -0.000088 -0.002373 -0.003447 -0.008222 -0.009549 -0.015616 -0.017602 -0.010765 -0.016475 -0.002277 -0.002336 -0.002834 -0.000548 -0.000369 -0.000112 -0.000117 -0.670223 -0.434989 -0.186357 0.099893 -0.425259 -0.223552 -0.189225 -0.113104 -0.112175 -1.293381 -0.003310 -0.007446 -0.008227 -0.000246 -0.000016
0.361245 0.211851 0.069104 0.000110 0.000087 0.000081 0.000235 0.373165 0.367719 0.487097 0.377277 0.057384 -0.000018 -0.000004 -0.000205 -0.000810 -0.000940 -0.001662 -0.299466 -0.403736 -0.206658 0.223359 -0.012767 -0.000339 0.202742 -0.042938 -0.533947 0.094540 -0.010439 -0.019609 -0.000900 -0.042197 -0.810301 -0.018260 -0.014798 -0.000746 -0.000013 -0.000515 -0.004941 -0.001786 -0.001344 -0.000439 -0.000276 -0.000422 -1.553455 -0.356431 -0.000232 0.002602 0.004712 -0.105329 -0.169288 0.133533 0.156748 -1.037458 -0.130180 -0.091125 -0.000543 -0.000018 -0.000009
0.000010 0.000024 0.006473 0.000000 0.000001 0.000000 0.000597 0.389502 0.421215 0.698321 0.405466 0.089763 -0.000008 -0.000031 -0.000133 -0.440487 -0.167392 -0.055667 -0.274488 -0.247352 -0.068231 -0.000038 -0.034509 0.009239 0.238308 0.034084 -0.425057 0.053236 -0.229173 -0.204923 -0.089155 -0.044041 -0.087209 0.000591 0.002526 0.013210 -0.000034 -0.000169 -0.229286 -0.283727 -0.233579 -0.094030 -0.203057 -0.680051 -1.056885 -0.166190 -0.000010 0.000000 0.000001 0.000000 -0.421286 0.036935 0.110949 -0.719647 -0.074358 -0.044147 -0.000157 -0.000006 -0.000588
-0.000001 0.000003 0.000000 -0.000000 -0.000001 -0.001625 0.002621 0.006193 0.002628 0.856913 0.833844 0.157200 0.170673 0.348975 -0.054419 -1.806226 -0.199293 -0.037535 -0.175443 0.034286 0.258066 -0.024159 -0.014851 0.064824 0.280991 0.070641 -0.274334 -0.031880 -0.249620 -0.270322 -0.161041 0.084119 0.404320 -0.000695 0.001472 0.009814 0.010378 0.104047 0.046671 -0.103485 -0.216202 -0.374215 -0.097119 -0.630241 -0.168774 -0.097755 -0.037705 -0.000000 -0.000001 -0.000000 -0.904440 -0.053302 0.021578 -0.185848 0.005424 0.001370 -0.000351 -0.000750 -0.007782
-0.155475 -0.099544 -0.025883 -0.000969 -0.002787 -0.001181 0.010746 0.000447 0.000583 0.000938 1.230516 0.060366 0.046150 0.244323 -0.274013 -1.028447 -0.158831 0.001342 -0.172725 0.111488 0.315456 0.010697 0.014601 0.020163 0.136902 0.074856 -0.220579 -0.266829 -0.414309 -0.334960 -0.122742 0.137871 0.385014 0.623929 -0.003385 -0.010577 -0.005580 -0.013094 -0.069194 -0.056961 -0.101395 -0.060751 -0.000750 0.037916 -0.302845 -0.180424 -0.530155 -0.000158 -0.000084 -0.000106 -0.763133 -0.000023 -0.000058 -0.000373 -0.000141 0.000001 -0.000029 -0.005583 -0.001941
-0.276546 -0.186301 0.038591 -0.022419 -0.262293 -0.000174 0.001035 0.003625 0.001120 0.000152 0.404087 0.005489 -0.090893 0.072195 0.076859 -0.010290 0.000116 0.000043 0.118043 0.249867 0.264575 0.003942 0.000079 0.000078 0.016405 -0.003193 -0.258419 -0.402302 -0.555247 -0.460106 -0.132470 0.020738 0.024460 0.853346 -0.015645 -0.044923 -0.029032 -0.147440 -0.130557 -0.011411 -0.014807 0.000526 0.000480 0.000184 -0.207284 -0.140621 -0.425673 -0.239019 -0.024024 -0.095556 -0.427228 -9999.000000 -9999.000000 -9999.000000 -9999.000000 -0.000001 -0.000007 -0.000200 -0.137794
-0.261292 -0.185941 -0.023300 -0.018387 -0.084033 -0.000026 0.000013 0.000801 0.000406 0.000611 0.001590 0.001333 0.002459 0.000024 0.000020 0.000001 0.000000 0.000001 0.003484 0.012947 0.005097 0.000000 0.000000 0.000000 0.000074 0.006347 -0.154451 -0.418191 -0.748819 -0.634073 -0.178388 0.000002 0.000133 0.161135 -0.005017 -0.003267 -0.023566 0.048440 0.245575 0.191144 0.001862 0.000847 0.000056 0.000032 -0.120332 -0.037177 -0.290381 -0.142048 -9999.000000 -9999.000000 -9999.000000 -9999.000000 -9999.000000 -9999.000000 -9999.000000 -9999.000000 -9999.000000 -0.000847 -0.000894
-0.217689 -0.153372 -0.057611 0.069294 -0.033722 0.000000 -0.000001 0.000000 0.000414 0.000779 0.000015 0.000037 0.000506 0.000016 -0.000022 -0.000001 -0.000000 -0.000001 0.004978 0.091926 -0.084475 -0.056837 0.002185 -0.000069 0.000000 0.000000 -0.000385 -0.539673 -0.625934 -0.565842 -0.216141 0.002879 0.000035 0.000350 0.000355 -0.002462 -0.013965 0.000045 0.000999 0.000248 0.001302 0.000447 0.000756 0.000449 0.004740 0.000051 0.000001 -9999.000000 -9999.000000 -9999.000000 -9999.000000 -9999.000000 -9999.000000 -9999.000000 -9999.000000 -9999.000000 -9999.000000 -9999.000000 -0.000663
-0.025643 0.098600 0.000000 0.000000 0.000017 -0.000002 0.000005 -0.001155 -0.000287 0.000347 0.000013 0.000000 0.000000 -0.000002 0.000897 -0.024496 -0.001451 -0.000040 0.209527 0.158660 -0.211474 -0.275184 0.002562 -0.043170 -0.004471 -0.006841 -0.222677 -0.891598 -1.362031 -0.594838 0.002539 0.009750 -0.047130 -0.000571 -0.000114 -0.000656 -0.001927 0.000001 0.000003 0.000003 0.000512 0.000024 0.000235 0.000140 0.000003 -9999.000000 -9999.000000 -9999.000000 -9999.000000 -9999.000000 -9999.000000 -9999.000000 -9999.000000 -9999.000000 -9999.000000 -9999.000000 -9999.000000 -9999.000000 -9999.000000
0.000003 0.218792 0.000001 -0.000172 -0.036395 -0.000198 -0.000638 -0.008623 -0.000047 0.000003 -0.000020 -0.000037 -0.000268 -0.000012 -0.000996 -0.034171 -0.005416 -0.009616 0.051193 0.073862 -0.121384 0.000002 0.000002 -0.016666 0.000001 -0.002455 -0.289980 -0.898371 -0.624868 -0.538118 -0.001359 -0.009822 0.010284 -0.002660 -0.000207 -0.000612 -0.003547 -0.000002 0.000004 0.000007 0.000000 0.000029 0.000003 0.000002 -9999.000000 -9999.000000 -9999.000000 -9999.000000 -9999.000000 -9999.000000 -9999.000000 -9999.000000 -9999.000000 -9999.000000 -9999.000000 -9999.000000 -9999.000000 -9999.000000 -9999.000000
0.000001 0.253567 -0.038997 0.016562 -0.017370 -0.000107 -0.000056 0.000000 0.000000 -0.000007 -0.000017 -0.007818 -0.017909 -0.003865 -0.009472 -0.019825 -0.005492 -0.000719 0.000039 0.041608 -0.016948 -0.000002 -0.000002 -0.017852 -0.000001 -0.000816 -0.407278 -0.629475 -0.648524 -0.541735 -0.127087 -0.008703 0.021178 -0.001051 0.000600 0.000587 -0.013368 -0.000010 0.000001 0.000001 -0.000002 -0.000001 -0.000002 -0.000001 -9999.000000 -9999.000000 -9999.000000 -9999.000000 -9999.000000 -9999.000000 -9999.000000 -9999.000000 -9999.000000 -9999.000000 -9999.000000 -9999.000000 -9999.000000 -9999.000000 -9999.000000
-0.032136 0.124865 -0.078855 0.044419 0.095804 -0.000036 -0.000007 -0.000000 -0.000002 -0.000414 -0.000243 -0.051030 -0.004561 -0.005790 -0.011455 -0.017738 -0.003627 -0.000076 0.000001 0.000000 -0.005028 -0.008254 -0.114567 -0.266827 -0.419627 -0.172812 -0.421382 -0.631868 -0.616715 -0.510648 -0.108813 -0.003805 0.014213 0.000044 0.001155 0.001135 -0.000682 -0.000000 -0.000004 -0.000004 -0.000002 -0.000003 -0.000002 -9999.000000 -9999.000000 -9999.000000 -9999.000000 -9999.000000 -9999.000000 -9999.000000 -9999.000000 -9999.000000 -9999.000000 -9999.000000 -9999.000000 -9999.000000 -9999.000000 -9999.000000 -9999.000000
-0.036932 0.048003 -0.079303 0.000794 0.294373 0.300531 -0.000408 -0.000146 -0.000102 -0.094383 -0.061788 -0.010067 -0.002238 -0.004979 -0.006369 -0.174458 -0.071424 -0.002542 -0.000001 -0.000000 -0.000621 -0.491024 -0.235726 -0.018669 -0.215523 -0.138331 -0.738934 -1.381552 -0.556969 -0.482180 -0.083197 0.137445 0.037181 -0.000092 0.000000 0.000000 0.000001 0.000001 -0.000004 -0.000003 -0.000003 -0.000014 -0.000106 -9999.000000 -9999.000000 -9999.000000 -9999.000000 -9999.000000 -9999.000000 -9999.000000 -9999.000000 -9999.000000 -9999.000000 -9999.000000 -9999.000000 -9999.000000 -9999.000000 -9999.000000 -9999.000000
-0.019602 -0.069642 -0.120608 -0.047130 0.562462 0.538127 -0.062675 -0.022223 -0.047170 -0.037422 -0.005473 -0.000017 -0.001002 -0.170984 -0.309434 -0.091345 0.082089 0.100708 -0.001692 -0.005232 -0.379296 -0.523867 -0.215011 0.089614 -0.080496 -0.115825 -0.620853 -1.367690 -0.518505 -0.509769 -0.078124 0.171393 0.110044 0.108043 -0.000428 -0.000655 -0.000002 -0.000036 -0.001467 -0.000416 -0.000739 -0.000232 -0.000249 -9999.000000 -9999.000000 -9999.000000 -9999.000000 -9999.000000 -9999.000000 -9999.000000 -9999.000000 -9999.000000 -9999.000000 -9999.000000 -9999.000000 -9999.000000 -9999.000000 -9999.000000 -9999.000000
-0.067557 -0.226978 -0.198782 -0.090841 0.865208 0.842781 1.247905 -0.166575 -0.014581 -0.016280 0.024181 -0.000130 -0.188989 -0.271148 -0.282140 -0.030597 0.180347 0.271770 -0.880793 -0.323851 -0.380114 -0.211041 -0.077713 0.192825 0.073388 -0.105461 -0.511235 -1.193436 -1.085425 -0.447535 0.000676 0.000006 0.131392 0.097735 0.128206 0.010059 -0.000552 -0.000611 -0.002948 -0.002804 -0.000799 -0.001352 -0.000176 -9999.000000 -9999.000000 -9999.000000 -9999.000000 -9999.000000 -9999.000000 -9999.000000 -9999.000000 -9999.000000 -9999.000000 -9999.000000 -9999.000000 -9999.000000 -9999.000000 -9999.000000 -9999.000000
0.008546 -0.279924 -0.169168 -0.125299 0.409147 0.168482 1.554555 1.095414 0.092218 -0.014508 -0.017469 -0.064073 -0.177718 -0.295173 -0.286313 0.034753 0.268041 0.420260 -0.903836 -0.850410 -0.281830 -0.000221 -0.000067 0.448442 0.379841 -0.038238 -0.312967 -1.270984 -0.999173 -0.727204 0.000000 0.000003 0.000144 0.085934 0.122164 0.124447 -0.077897 -0.005200 -0.001352 -0.000084 -0.000048 -0.002161 -0.000960 0.000000 -9999.000000 -9999.000000 -9999.000000 -9999.000000 -9999.000000 -9999.000000 -9999.000000 -9999.000000 -9999.000000 -9999.000000 -9999.000000 -9999.000000 -9999.000000 -9999.000000 -9999.000000
0.189380 -0.128610 -0.000078 0.001712 0.000422 0.000056 0.439423 1.260336 0.699895 0.295823 -0.045716 -0.081810 -0.181290 -0.445100 -0.255990 0.018164 0.227112 0.414207 -0.612199 -0.202530 -0.240787 -0.000068 -0.000018 0.001308 0.003081 0.000602 -0.069842 -0.916608 -1.069331 -1.228129 0.002056 0.002925 0.000513 0.001276 0.001703 0.119072 0.020185 0.007046 -0.000192 -0.001816 -0.000141 -0.004545 -0.004193 -0.000034 -9999.000000 -9999.000000 -9999.000000 -9999.000000 -9999.000000 -9999.000000 -9999.000000 -9999.000000 -9999.000000 -9999.000000 -9999.000000 -9999.000000 -9999.000000 -9999.000000 -9999.000000
0.917518 0.017521 -0.000006 0.000000 0.000253 0.000005 0.000140 0.568703 0.525857 0.488053 0.161389 -0.079378 -0.181252 -0.270246 -0.115954 -0.048923 0.125381 0.454768 -0.380233 -0.034440 -0.094150 -0.000008 -0.000007 0.000013 0.000116 0.000955 -0.001236 -0.933157 -1.120125 -0.875135 0.000945 0.003592 0.000849 0.002036 0.003862 0.005528 0.007544 0.020340 0.019873 -0.075958 -0.084537 -0.000600 -0.000676 -0.002156 0.000000 -9999.000000 -9999.000000 -9999.000000 -9999.000000 -9999.000000 -9999.000000 -9999.000000 -9999.000000 -9999.000000 -9999.000000 -9999.000000 -9999.000000 -9999.000000 -9999.000000
0.840986 0.692722 0.987625 -0.000000 0.000000 0.000004 0.000003 0.000189 0.007877 0.518057 0.263208 -0.132858 -0.298692 -0.164287 -0.000018 -0.095055 -0.017939 0.395846 -0.243684 0.014900 -0.048830 0.000004 -0.000002 0.000002 0.000001 0.000001 -0.000136 -0.985455 -1.178303 -0.840560 -0.000462 0.000249 0.000495 0.000678 0.002799 0.006299 0.007486 0.049829 0.070539 0.076221 -0.004190 0.003263 -0.015362 -0.000055 -0.000034 -9999.000000 -9999.000000 -9999.000000 -9999.000000 -9999.000000 -9999.000000 -9999.000000 -9999.000000 -9999.000000 -9999.000000 -9999.000000 -9999.000000 -9999.000000 -9999.000000
0.774271 0.740009 1.370559 -0.011551 -0.000183 -0.000006 -0.000004 -0.000000 0.000071 0.000109 0.077475 -0.082352 -0.179293 -0.054872 -0.000004 -0.218468 -0.036307 0.136425 0.010679 0.034677 -0.029240 0.000041 -0.000002 0.000001 0.000001 0.000000 -0.000042 -1.154580 -1.383433 -0.967222 0.000015 -0.000052 -0.000575 -0.000458 0.000000 0.005264 0.002942 0.000108 0.000177 0.000120 0.074857 0.004016 -0.020555 -0.000047 -0.000151 -9999.000000 -9999.000000 -9999.000000 -9999.000000 -9999.000000 -9999.000000 -9999.000000 -9999.000000 -9999.000000 -9999.000000 -9999.000000 -9999.000000 -9999.000000 -9999.000000
