use_cases/Flooding_chicago/flooding_data/output/hUy_780.asc
ncols 337
nrows 393
xllcorner 428428.000000
yllcorner 4602440.000000
cellsize 26.757400
NODATA_value -9999.000000
[rows 104 to 129 of 393, columns 116 to 173 of 337]
-9999.000000 -9999.000000 -9999.000000 -9999.000000 -9999.000000 -9999.000000 -9999.000000 -9999.000000 -9999.000000 -9999.000000 -9999.000000 -9999.000000 -9999.000000 -9999.000000 0.000000 0.000000 0.007987 0.004335 0.015074 0.001404 0.002568 0.266787 0.392956 0.028389 0.034842 0.007438 0.002698 0.014420 0.002390 0.001079 -0.153795 -0.437618 0.071801 0.329061 0.020377 -0.317075 0.000320 0.000003 0.000208 0.000424 0.000269 0.000025 0.000001 0.000000 0.000000 0.000000 0.008731 0.031438 0.144790 0.396190 0.655181 0.304003 0.395533 0.016103 0.008779 0.009312 0.404657 0.291675
-9999.000000 -9999.000000 -9999.000000 -9999.000000 -9999.000000 -9999.000000 -9999.000000 -9999.000000 -9999.000000 -9999.000000 -9999.000000 -9999.000000 -9999.000000 -9999.000000 -9999.000000 -0.008006 0.000000 0.000000 0.000000 -0.000111 0.005185 0.026347 0.092761 0.026433 0.001874 0.006891 0.001071 0.000609 0.000478 0.018184 0.027788 -0.146624 0.142269 0.211233 0.198108 0.001156 -0.000138 -0.008851 -0.000326 -0.000007 -0.000305 -0.002781 -0.018529 -0.015312 -0.005934 0.040391 0.069623 0.152333 0.133374 0.140597 0.640768 0.665661 0.203876 0.003839 0.002473 0.001549 0.140666 0.161043
-9999.000000 -9999.000000 -9999.000000 -9999.000000 -9999.000000 -9999.000000 -9999.000000 -9999.000000 -9999.000000 -9999.000000 -9999.000000 -9999.000000 -9999.000000 -9999.000000 -0.001339 -0.013673 -0.007894 -0.013541 -0.004289 -0.001561 0.000836 0.001951 0.002016 0.000965 0.002272 0.000135 -0.002617 -0.000825 0.000089 0.008137 0.249482 0.407682 0.029460 0.001669 -0.000773 -0.000030 -0.005652 -0.022560 -0.004608 -0.000902 -0.000173 -0.001188 -0.024838 -0.067752 -0.063249 0.067258 0.077663 0.058990 0.075051 0.111957 0.239126 0.207831 0.269461 0.026745 0.006786 0.002532 0.159851 0.220151
-9999.000000 -9999.000000 -9999.000000 -9999.000000 -9999.000000 -9999.000000 -9999.000000 -9999.000000 -9999.000000 -9999.000000 -9999.000000 -9999.000000 -9999.000000 -0.000070 -0.000689 -0.024490 -0.019055 -0.067494 -0.040042 -0.005527 -0.003210 -0.001968 -0.000546 -0.000111 -0.000400 -0.000466 -0.044360 -0.000932 -0.000453 0.000066 0.033821 0.047908 0.000438 -0.005735 -0.006618 -0.006207 -0.040088 -0.025692 -0.011499 -0.001555 -0.000491 -0.001795 -0.001278 -0.008194 -0.015597 0.035376 0.027946 0.009636 0.012858 0.131584 0.105241 0.112957 0.203965 0.034408 0.025680 0.004228 0.065146 0.454898
-9999.000000 -9999.000000 -9999.000000 -9999.000000 -9999.000000 -9999.000000 -9999.000000 -9999.000000 -9999.000000 -9999.000000 -9999.000000 -9999.000000 0.000326 -0.022480 -0.001964 -0.006497 -0.061268 -0.027505 -0.016150 -0.005556 -0.045218 -0.002465 -0.002304 -0.001053 -0.000765 -0.000378 -0.112860 -0.007473 -0.001290 -0.000233 -0.000011 0.000015 -0.000097 -0.001984 -0.046427 -0.003055 -0.070356 -0.063387 -0.011608 -0.010994 -0.026821 -0.004729 -0.000124 0.000485 -0.021310 0.000000 0.000205 0.000107 0.002422 0.057257 0.196228 0.241591 0.023002 0.035910 0.022142 0.006674 0.055606 0.561038
-9999.000000 -9999.000000 -9999.000000 -9999.000000 -9999.000000 -9999.000000 -9999.000000 -9999.000000 -9999.000000 0.000421 0.001034 -0.000003 -0.000208 -0.021257 -0.001455 -0.002394 -0.024479 -0.016399 -0.010458 -0.003846 -0.020889 -0.075754 -0.006647 -0.022476 -0.014354 -0.036064 -0.045861 -0.037388 -0.017404 -0.038249 -0.027063 -0.000706 -0.007078 0.033493 -0.206873 -0.019603 -0.029211 -0.026414 -0.025236 -0.060736 -0.062699 -0.002773 -0.000844 0.000857 -0.013918 -0.026077 -0.001980 -0.000202 0.013914 0.081372 0.127184 0.094548 0.015584 0.030742 0.018617 0.037370 0.024900 1.401523
-9999.000000 -9999.000000 -9999.000000 -9999.000000 -9999.000000 -9999.000000 -9999.000000 -9999.000000 0.001049 -0.000424 -0.001201 -0.008203 -0.012743 -0.103158 -0.013160 -0.005777 -0.060339 -0.036023 -0.056333 -0.032453 -0.070451 -0.115894 -0.045826 -0.040838 -0.023138 -0.044638 -0.090281 -0.069518 -0.048783 -1.036861 -0.115819 0.401413 -0.001955 0.124894 -0.141669 -0.141985 -0.011977 -0.014679 -0.006918 -0.059989 -0.132572 -0.015928 -0.008337 0.011954 0.717782 0.396270 0.158537 0.155757 0.058298 0.287173 0.010723 0.006779 0.004571 0.016509 0.010245 0.027593 0.023190 0.047992
-9999.000000 -9999.000000 -9999.000000 -9999.000000 0.000378 0.000352 0.000004 0.000119 -0.000576 -0.005358 -0.001070 -0.017279 -0.020274 -0.180816 -0.027812 -0.020989 -0.066160 -0.040970 -0.065945 -0.088309 -0.068345 -0.143656 -0.111688 -0.036094 -0.023448 0.008653 -0.229797 -0.107917 -0.165622 -0.796645 0.080610 0.651462 0.003946 0.007246 -0.078465 -0.078177 -0.091919 -0.004705 -0.014923 -0.082967 -0.211608 -0.091246 -0.009997 0.005906 0.009187 0.012943 0.004345 0.006675 0.015319 0.022308 0.001372 0.003021 0.000852 0.000129 0.000606 0.007904 0.016047 0.010946
-9999.000000 -9999.000000 0.001815 0.000601 -0.000246 -0.000160 -0.000246 -0.000303 -0.001380 -0.003355 -0.017259 -0.018649 -0.026453 -0.275876 -0.034084 -0.032078 -0.036085 -0.045775 -0.047611 -0.131494 -0.100071 -0.173146 -0.153981 -0.034259 -0.002838 0.000000 0.000000 -0.021009 -0.925424 -0.608687 0.012598 0.495060 0.000222 0.000103 -0.021312 -0.140775 -0.233827 -0.007446 -0.018841 0.025051 -1.385532 -0.084936 -0.000419 0.000000 0.000000 0.000000 0.000000 0.000000 0.000000 0.000067 -0.000077 -0.002912 -0.001718 -0.000065 -0.000064 0.000000 0.000000 0.000000
0.000947 0.002216 0.003100 -0.003574 -0.022671 -0.010128 -0.000197 -0.008262 -0.011091 -0.016281 -0.043122 -0.032971 -0.020990 -0.123228 -0.155904 -0.035488 -0.021836 -0.045217 -0.063354 -0.145363 -0.096302 -0.370517 -0.310915 -0.034118 -0.010277 -0.004212 -0.007910 -0.013753 -0.000619 -0.178379 0.161908 0.226637 -0.000222 -0.000103 -0.023690 -0.229246 -0.279021 -0.016328 -0.004825 0.010862 -0.273058 -0.209047 -0.004725 -0.007161 -0.005094 -0.003990 -0.018961 -0.028111 -0.005350 -0.000464 -0.009834 -0.033694 -0.046038 -0.009048 -0.021586 -0.008066 -0.008066 -0.012368
0.000000 -0.000380 -0.001898 -0.054122 -0.120744 -0.025750 -0.009001 -0.015780 -0.016051 -0.025811 -0.063973 -0.075238 -0.003991 -0.100714 -0.311200 -0.026405 -0.023010 -0.039814 -0.155593 -0.172845 -0.296183 -0.447545 -0.229742 -0.059070 -0.013936 -0.007709 -0.034947 -0.010807 -0.006147 -0.007503 -0.002648 -0.000922 -0.003946 -0.007246 -0.042798 -0.699453 -0.747208 -0.027490 -0.002101 0.000419 0.019602 -0.368823 -0.363227 -0.017395 -0.026476 -0.008280 -0.031217 -0.083157 -0.008845 -0.011104 -0.019156 -0.073413 -0.081623 -0.049204 -0.050184 -0.014572 -0.015703 -0.049133
-0.002259 -0.002687 -0.001839 -0.060281 -0.068020 -0.099162 -0.014994 -0.030848 -0.012641 -0.034552 -0.047621 -0.143365 -0.008345 -0.085346 -0.309135 -0.122466 -0.118517 -0.168267 -0.221378 -0.079233 -0.357219 -0.313540 -0.094309 -0.007476 -0.022408 -0.006645 -0.068871 -0.029447 -0.004171 -0.005171 -0.002975 -0.024601 -0.017780 -0.017373 0.061080 -0.418885 -0.510550 -0.256687 -0.001163 -0.000531 -0.000019 -0.000000 -0.215310 -0.499423 -0.822806 -0.009305 -0.034581 -0.147962 -0.016668 -0.016595 -0.025590 -0.092915 -0.078460 -0.403632 -0.029252 -0.021787 -0.082836 -0.068801
-0.001426 -0.042211 -0.001042 -0.055129 -0.055330 -0.043965 -0.383927 -0.029962 -0.015936 -0.027923 -0.121216 -0.156096 -0.101411 -0.083879 -0.363057 -0.259914 -0.259321 -0.071797 -0.122480 -0.048071 -0.342484 -0.333659 0.104157 0.000661 -0.004099 -0.034277 -0.025528 -0.016111 -0.047269 -0.032366 -0.016763 -0.062308 -0.049080 -0.036006 0.136774 -0.330487 -0.291618 -0.255234 -0.005190 -0.011340 -0.014310 -0.026010 -0.082597 -0.332038 -0.000325 -0.011232 -0.060107 -0.318985 -0.052844 -0.017585 -0.023528 -0.572209 0.029037 0.273201 0.013488 -0.060278 -0.031291 -0.026802
0.000340 -0.034726 -0.037467 -0.045776 -0.041619 -0.022479 -0.148533 -0.088920 -0.310260 -0.167421 -0.051222 -0.079742 -0.039225 -0.235560 -0.241500 -0.188023 -0.195241 -0.218803 -0.220003 -0.097962 -0.086563 -0.099496 -0.000055 -0.001001 0.000222 -0.005843 -0.023205 -0.057016 -0.106051 -0.061022 -0.028370 -0.149880 -0.101679 -0.009803 0.004384 -0.213183 -0.178758 -0.347390 -0.003500 -0.017440 -0.028801 -0.152373 -0.267545 -0.248100 -0.069661 -0.065316 0.167844 0.102206 -0.124426 -0.737631 -0.831560 -0.631107 0.078812 0.007703 0.006012 -0.012174 -0.147680 -0.045840
0.000222 0.000103 -0.028715 -0.043657 -0.035150 -0.013150 -0.069903 -0.017055 -0.181386 -0.146087 0.000222 -0.037000 -0.101925 -0.177122 -0.194474 -0.157895 -0.118201 -0.486768 -0.430547 -0.071949 -0.113027 -0.045118 -0.028059 -0.000589 -0.000222 -0.001518 -0.039277 -0.112515 -0.122908 -0.083925 -0.045981 -0.414893 -0.013197 0.001776 0.008828 -0.089101 0.322017 -0.277927 -0.101900 -0.083505 -0.172597 -0.325273 -0.946732 -0.259265 -0.977323 -0.072394 0.581329 0.396681 0.523494 -0.079876 -0.060864 -0.068403 0.000072 0.000000 0.000000 0.000000 -0.389665 -0.019134
-0.000222 -0.000103 -0.018104 -0.042014 -0.291906 -0.012980 -0.000827 -0.000058 -0.178445 -0.161819 -0.000222 -0.008761 -0.070063 -0.128808 -0.126883 -0.086299 -0.316097 -0.380459 -0.333275 -0.032850 -0.171074 -0.036650 -0.037817 -0.009022 -0.011934 -0.010177 -0.062184 -0.602718 -0.647601 -0.295292 0.206154 -0.025575 0.036385 0.009862 0.017192 0.037855 0.018974 -0.230434 -0.095726 -0.021097 0.029690 -0.113061 -0.731800 -1.242590 -1.351881 -0.087058 0.511797 0.367562 0.662174 0.068127 0.077134 0.000282 -0.000496 -0.006309 -0.009692 -0.168320 -0.097050 0.000222
-0.012187 -0.028773 -0.016745 -0.028715 -0.027040 -0.013900 -0.003201 -0.046415 -0.082560 -0.225972 -0.101708 -0.032779 -0.176844 -0.197353 -0.139832 -0.267036 -0.612310 -0.501783 -0.493983 -0.042207 -0.165136 -0.016765 -0.050185 -0.032397 -0.012165 -0.025540 -0.370775 -0.184616 -0.447578 -0.356142 0.057996 0.138817 0.126220 0.020620 0.020997 0.004235 0.002410 0.002633 -0.124312 -0.022120 0.000275 0.003168 -0.697624 -0.028380 -0.002110 -0.001661 0.003474 0.168545 0.450521 0.121375 0.193599 0.001362 -0.001694 -0.014374 -0.204199 0.539746 -0.390343 -0.000222
-0.029496 -0.145727 -0.089687 -0.072220 -0.013140 -0.008543 -0.004330 -0.076287 -0.079775 -0.203466 -0.738054 -0.286707 -0.415693 -0.294426 -0.154203 -0.760097 -1.010941 -0.935294 -0.921870 -0.024481 -0.082808 -0.051114 -0.140741 -0.195769 -0.017600 -0.263764 0.074906 0.072969 -0.384748 -0.465389 0.002970 0.039152 0.076809 0.034381 0.010258 0.009536 0.004460 0.007416 0.001548 -0.006149 0.002032 0.002930 -0.699684 -0.005062 -0.000868 -0.078481 0.003268 0.228189 0.356090 0.271424 0.275925 0.000297 -0.001125 -0.017911 -0.522052 0.705849 -0.326055 0.034334
-0.085527 -0.079745 -0.084800 -0.000327 -0.005928 -0.003633 -0.002271 -0.012231 -0.124706 -0.108112 -0.013104 -0.139279 -0.611805 -1.134066 -0.557459 -0.480966 -0.623774 -0.602535 -0.456641 -0.035766 -0.040416 -0.044223 -0.074297 0.000089 -0.005915 -0.306065 0.091173 0.164050 -0.192337 -0.416660 0.001176 0.012636 0.023990 0.020325 0.023333 0.011832 0.006722 0.035916 0.005174 0.002560 0.011685 0.005914 -0.912317 0.510409 0.345512 0.014564 0.041376 0.330372 0.547963 0.402580 0.081663 -0.000421 -0.000999 0.000576 -0.634187 1.235430 -0.430060 0.023889
-0.030306 -0.317822 -0.039246 -0.012224 -0.002132 -0.002144 -0.001192 -0.018441 -0.059961 -0.060380 -0.013145 -0.001216 -0.299828 -1.464963 -0.504414 -0.508103 -0.538056 -0.605654 -0.261868 -0.023503 -0.058223 -0.029734 -0.050016 -0.000786 -0.003687 -0.530007 0.097480 0.246664 0.279089 -0.177536 0.000296 0.000933 0.001099 0.032611 0.053938 0.012274 0.008118 0.015926 0.035459 0.033404 0.083672 0.062637 -0.610574 0.819317 0.207593 -0.005300 0.200648 0.343109 0.654794 0.607342 0.027106 0.015307 -0.000703 0.009732 -0.449306 1.557619 -0.857107 0.092043
-0.077653 -0.294268 -0.220155 -0.008640 -0.005393 -0.002748 -0.001133 -0.006937 -0.079482 -0.172590 -0.078067 -0.001300 0.000327 -1.410494 -1.266339 -0.634611 -0.484215 -0.690273 -0.189309 -0.011195 -0.030294 -0.015978 -0.033614 -0.001011 -0.001653 -0.694651 0.000296 0.000955 0.081556 0.053256 0.001007 0.000808 0.001577 0.033552 0.006518 0.002085 0.001122 0.000456 0.020781 0.068181 0.064915 0.093529 0.090160 0.209952 0.052440 0.034239 0.046713 0.769027 0.872094 1.023246 0.059900 0.072439 0.098937 0.039999 0.189819 2.838657 0.318386 0.239714
-0.056635 -0.298115 -0.255364 -0.003705 -0.004923 -0.002092 -0.001536 -0.001611 -0.025099 -0.400287 -0.037384 -0.025398 -0.002278 -0.814597 -1.449400 -0.795795 -0.430672 -0.845012 0.000108 -0.000058 -0.000976 -0.012010 -0.026938 -0.089279 -0.168904 -0.493368 0.000002 0.000796 0.002341 0.000904 0.000134 -0.000297 0.000134 0.001065 0.000000 0.000046 -0.000560 -0.000348 0.010033 0.065667 0.050239 0.056336 0.062144 0.089419 0.075000 0.029103 0.003861 0.408880 0.412813 0.014163 0.022816 0.045005 0.023882 0.104772 0.033650 0.069539 0.085352 0.013542
-0.000203 -0.438170 -0.421951 -0.106689 -0.003087 -0.001746 -0.001162 -0.013323 -0.024278 -0.513972 -0.057459 -0.157586 -0.204918 -0.657028 -0.735658 -0.774862 0.000000 -0.759736 -0.001473 -0.016668 -0.001853 -0.006089 -0.182279 -0.363579 -0.268719 -0.207923 -0.000507 -0.000631 -0.000906 -0.000264 -0.000234 -0.000973 -0.001781 -0.001438 -0.010397 -0.001835 -0.005312 -0.006668 0.023223 0.023145 0.023865 0.013992 0.047921 0.044963 0.030314 0.005006 0.002489 0.421677 0.420972 0.001121 0.004001 0.032876 0.030123 0.041768 0.045222 0.026031 0.060321 0.000000
-0.119143 -0.348393 -0.350533 -0.166041 -0.001523 -0.001224 -0.009930 -0.016749 -0.159191 -0.348340 -0.345572 -0.272849 -0.394535 -0.765713 -0.967851 -0.396813 -0.073759 -0.751985 -0.296793 -0.211950 -0.125982 -0.127877 -0.451832 -0.337064 -0.098159 -0.082367 -0.002653 -0.025093 -0.002511 -0.003076 -0.017821 -0.005240 -0.048479 -0.016477 -0.030576 -0.001032 -0.002169 -0.012714 0.017377 0.025306 0.040086 0.044513 0.030662 0.033093 0.001391 0.001621 0.001667 0.454362 0.452081 0.000881 0.003416 0.002059 0.025219 0.021000 0.011532 0.022553 0.052928 -0.012647
-0.257659 -0.141648 -0.140435 -0.180437 -0.109675 -0.049865 -0.064861 -0.003736 -0.075802 -0.176755 -0.986555 -0.138253 -0.191045 -1.422494 -1.473847 -0.381201 -0.525014 -0.977730 -1.046867 -0.470335 -0.358687 -0.573410 -0.355745 -0.127219 0.000000 0.000000 -0.026251 -0.047037 -0.020575 -0.024310 -0.048761 -0.023188 -0.077716 -0.026931 -0.004695 -0.000645 0.000158 -0.024004 0.012564 0.019360 0.083745 0.013318 0.007959 0.008528 0.001930 0.001011 0.001073 0.198783 0.192258 -0.000004 0.003305 0.004543 0.002589 0.003289 0.002391 0.018193 0.033788 0.018195
-0.050027 -0.115830 0.000730 -0.117992 -0.100217 -0.123514 -0.144904 -0.113400 -0.057111 -0.503792 -0.724361 -0.052310 -0.441946 -1.659575 -1.602837 -0.130961 -0.099479 -0.561718 -0.602697 -0.055901 -0.130832 -0.293505 0.018085 -0.030814 -0.000656 -0.003663 -0.059839 -0.076261 -0.062196 -0.087772 -0.126410 -0.071158 -0.077965 -0.031664 -0.008891 -0.008100 -0.000359 -0.031930 0.000729 0.001802 0.015071 0.006355 0.000588 0.000125 0.000316 0.000044 0.000992 0.213503 0.209980 0.156036 0.025741 0.049862 0.023485 0.023965 0.008300 0.006611 0.034454 0.039912
