use_cases/Flooding_chicago/flooding_data/output/hUy_1320.asc
ncols 337
nrows 393
xllcorner 428428.000000
yllcorner 4602440.000000
cellsize 26.757400
NODATA_value -9999.000000
[rows 156 to 181 of 393, columns 58 to 115 of 337]
0.608310 -0.492181 0.106167 -0.038449 -0.350120 -0.165222 0.053222 0.043901 0.059762 0.122274 0.091410 0.121217 0.056570 0.059135 0.305702 0.008284 -0.532394 0.059634 0.130988 -0.138863 -0.062146 -0.335073 0.023122 -0.036708 0.002333 0.011146 0.007120 0.001518 0.002158 0.002412 0.245536 0.243233 -0.021240 0.001537 -0.000434 -0.001795 0.000584 0.001276 0.011316 -0.065476 -0.030284 -0.000666 -0.000222 -0.000233 -0.000691 -0.001748 -0.006367 -0.011929 0.001173 0.005231 0.006921 -0.013398 -0.001146 0.036524 0.011524 -0.004100 0.160280 0.003284
0.143602 -0.076080 0.329380 0.093654 -0.329266 -0.053215 -0.035789 0.006627 0.062134 0.121085 0.049270 0.037753 0.035965 0.023796 0.096056 0.141216 -0.371931 0.070214 0.083063 -0.165744 0.066267 -0.262408 0.075290 -0.028740 -0.003976 0.010507 0.020090 0.003808 0.004951 0.006087 0.367911 0.246509 0.091676 -0.000553 -0.002062 0.000184 0.000350 0.000606 0.000352 -0.088843 -0.038046 -0.000474 -0.003946 -0.005356 -0.001506 -0.001637 -0.008785 -0.016890 -0.001834 0.007815 0.001640 -0.016579 -0.043811 0.036847 0.000326 0.000120 0.000891 0.002551
0.028836 0.019626 0.608515 0.020113 -0.388212 0.451583 -0.148670 -0.017914 0.001748 0.000869 0.012549 -0.035033 0.056522 0.024903 0.105800 0.168060 -0.410062 0.168287 0.027627 -0.180241 0.328547 -0.245780 0.050818 -0.034005 -0.013423 0.018196 0.078053 0.008644 0.011142 0.014761 0.069322 0.052230 0.267590 0.005569 -0.001447 -0.000054 -0.001144 -0.001351 -0.000478 -0.067743 -0.038952 -0.001390 -0.013994 -0.003548 -0.027023 -0.003136 -0.014734 -0.021134 0.000000 0.000198 -0.000943 -0.000076 -0.050828 -0.000003 -0.000208 -0.000106 -0.000380 -0.002852
0.025585 0.034459 0.023667 0.014365 -0.415275 0.339250 -0.084480 0.024380 0.000517 0.000204 0.015391 0.006289 0.179077 0.064129 0.128909 0.201050 -0.238387 0.186901 -0.111290 -0.385305 0.444266 -0.249095 0.052956 0.097735 -0.005386 0.001417 0.012456 0.009537 0.017474 0.111077 0.010243 0.026976 0.064294 0.055570 -0.002385 -0.017782 -0.001046 -0.001239 -0.108806 -0.221484 -0.116626 -0.000551 -0.002783 -0.013804 -0.030065 -0.171889 -0.022347 -0.012014 -0.003041 -0.000397 -0.000856 -0.005883 -0.098803 -0.067491 -0.042686 -0.031296 -0.003570 -0.077841
0.016908 -0.005527 -0.021258 -0.016193 -0.191763 0.241464 -0.053243 0.061499 -0.197241 -0.224134 0.003482 0.012196 0.428031 0.084340 0.286633 0.228301 -0.166681 0.200983 -0.232696 -0.458744 0.522131 -0.228629 0.001419 0.287944 0.001242 0.000869 0.000477 0.004882 0.073875 0.177611 0.006386 0.006814 0.006046 0.014212 -0.001067 -0.361691 -0.007393 -0.001661 -0.138697 -0.214631 0.000105 0.000132 -0.001076 -0.022396 -0.162601 -0.709211 -0.008571 -0.004489 -0.002151 -0.000419 -0.000281 -0.034694 -0.526175 -0.352380 -0.472239 0.042854 0.394858 0.019277
-0.002595 -0.014808 -0.114660 -0.187305 -0.014024 0.192928 -0.074105 0.044851 -0.128360 -0.165059 0.005531 -0.020088 0.436135 0.175196 0.374125 0.238082 -0.083255 0.198178 -0.362076 -0.397570 0.653976 -0.204973 -0.035947 1.142738 0.013313 0.000103 -0.000000 -0.000000 -0.003016 0.104647 0.003981 0.000000 0.000000 0.000000 -0.019218 -0.018800 -0.366842 -0.117180 -0.162968 -0.172398 -0.000128 -0.000372 -0.007097 -0.003923 -0.000330 -0.276831 0.000137 -0.002612 -0.001825 0.000183 0.000152 0.000344 0.017037 -0.037236 -0.446944 0.115056 0.366086 0.001526
0.040797 0.035890 -0.052335 -0.188962 0.158949 0.139935 -0.113158 0.038740 -0.041132 -0.036180 0.049428 0.022649 0.405520 0.151032 0.402175 0.269601 0.013080 0.225668 -0.309307 -0.272512 0.836877 -0.895257 -0.099851 0.769631 0.067946 -0.000144 -0.000477 -0.014430 -0.008905 0.062844 0.001623 -0.002105 -0.001102 0.002744 0.019458 0.361198 -0.333241 -0.080273 -0.116884 -0.546187 -0.007053 -0.008580 -0.044511 -0.002355 -0.061903 -0.193920 -0.000663 -0.002544 -0.002353 -0.000642 -0.000238 0.000263 0.000634 0.027896 -0.234179 0.054780 0.271352 0.002258
0.030764 0.009547 0.001384 -0.203515 0.231070 0.083145 -0.047189 0.064724 -0.008494 0.064776 0.102454 0.086938 0.411102 0.118157 0.379365 0.352264 0.012355 0.522456 -0.020193 0.083747 1.456549 -1.242886 0.130574 0.169175 0.179065 0.038524 -0.012345 -0.011522 -0.012830 0.000732 0.000953 -0.003044 -0.001173 0.079627 0.037586 0.480413 0.010645 0.036880 -0.061065 -0.401265 -0.104682 -0.257824 -0.362972 -0.182578 -0.025312 -0.256504 -0.087813 -0.006834 -0.007712 -0.009554 -0.028033 -0.003444 -0.001158 0.000676 0.000965 0.000961 0.000795 0.000386
0.010446 0.001037 0.001669 0.029274 0.280911 -0.004341 0.019894 0.084045 0.031602 0.141637 0.119591 0.099743 0.434282 0.125479 0.477069 0.241117 0.005552 0.030885 0.012896 0.764693 2.504743 -1.177642 0.442517 0.013013 0.356051 0.100250 0.031206 0.035289 -0.004151 -0.000412 -0.002272 -0.003156 -0.001465 0.010159 0.302711 0.006318 0.003663 0.006947 -0.019541 -0.168581 0.011056 0.004579 -0.642141 -1.101684 -0.221828 -0.143489 -0.073362 -0.017903 -0.014157 -0.008536 -0.082730 -0.058640 -0.017712 -0.000943 -0.001066 -0.001011 -0.000816 -0.000390
0.000414 0.001474 0.006009 0.390697 0.443753 -0.091597 0.160533 0.173423 0.123069 0.359536 0.221023 0.194758 0.301199 0.105586 0.560082 0.294541 0.000788 0.001166 0.013450 0.012194 0.010034 0.036702 0.012220 0.017691 0.034937 0.025263 0.172350 0.012693 0.136541 -0.001029 -0.001871 -0.025585 -0.001237 0.000008 0.000098 0.000000 0.000000 0.000067 0.000074 -0.057747 0.041657 0.037798 -0.348133 -0.859760 -1.177413 -0.053134 0.000529 0.005371 -0.008578 -0.051545 -0.032100 -0.190703 -0.006210 -0.000785 -0.029761 -0.026123 -0.017277 -0.004231
0.000050 0.004615 0.054748 0.760086 0.649947 -0.119447 0.034756 0.336326 0.305795 0.032984 0.027942 0.017002 0.441815 0.071481 0.572268 0.310526 -0.000183 -0.000055 0.000135 0.000076 0.000214 0.005094 0.007847 0.004197 0.008342 0.008019 0.032336 0.052898 0.166064 -0.009917 -0.018215 -0.016765 -0.020628 -0.021035 -0.001104 -0.013198 -0.005350 -0.000464 -0.000141 0.000459 0.000032 0.000180 -0.000117 -0.841105 -0.948219 -0.008709 -0.000066 0.000000 -0.004621 -0.062579 -0.126360 -0.337628 -0.122361 -0.007503 -0.775466 -0.888966 -0.036770 -0.002097
-0.000367 0.018149 0.108583 0.229568 0.156206 0.001570 0.084281 0.090780 0.064039 0.059179 0.035170 0.018730 0.652094 0.016764 0.501426 0.276690 -0.000727 -0.011309 -0.000169 -0.000063 -0.000058 0.000000 0.000000 0.000000 0.000000 0.000320 0.026279 0.019844 0.313026 -0.116149 -0.159261 -0.163663 0.018230 0.022540 0.009602 -0.252352 -0.013123 -0.006953 -0.002845 -0.000682 -0.026220 -0.001904 -0.000681 -0.692460 -1.910244 -0.281213 -0.007189 -0.003663 0.002677 -0.008628 -0.311201 -0.101194 0.003108 -0.048719 -0.123367 -1.073732 -0.016876 -0.021206
-0.002242 0.038889 0.104398 0.164625 0.053782 0.004238 0.103024 0.112184 0.060259 0.065455 0.030438 0.015532 0.925894 0.234540 0.553443 0.292305 -0.011933 -0.010461 -0.056090 -0.009699 -0.012723 -0.006965 -0.010009 -0.021817 -0.019482 -0.000565 0.015665 0.011838 0.013130 -0.044633 -0.111162 -0.192216 0.037754 0.050345 0.029208 -0.200739 -0.592394 -0.096164 -0.013003 -0.008429 -0.057360 -0.194080 -0.439223 -1.131614 -1.893856 -0.220522 0.000741 -0.011257 0.035674 0.028925 0.141162 0.060787 0.173617 0.099694 0.032276 -0.645894 -0.348964 -0.241899
0.028188 0.048863 0.073964 0.077049 0.007545 0.090879 0.541248 0.574652 0.110147 0.294963 0.238627 0.315819 0.932709 0.031638 0.024368 0.019166 -0.031316 -0.015943 -0.218252 -0.156968 -0.028025 -0.019937 -0.036770 -0.050445 -0.026683 -0.000348 0.000010 0.000360 0.000360 0.000122 -0.086156 -0.083680 0.121507 0.122129 -0.017120 -0.063200 -0.062134 -0.046932 -0.012007 -0.007109 0.023601 -0.340796 -0.599679 -1.134374 -0.743752 0.001163 0.013311 0.002534 0.043676 0.012774 0.014245 0.192250 0.012633 0.003663 0.000187 -0.013693 -0.001215 -0.167687
-0.042826 0.000000 0.000000 0.000000 0.109014 0.182413 0.991548 0.691017 -0.184776 0.277689 0.029482 0.086298 0.017286 0.000006 0.000203 0.000006 -0.178006 -0.088745 -0.417684 -0.037564 -0.095421 -0.190080 -0.043864 -0.026263 -0.030472 -0.005447 -0.008693 -0.000360 -0.000360 -0.000093 -0.247458 -0.039550 0.000020 0.000785 -0.031920 0.109809 -0.019313 -0.028918 -0.059572 -0.030354 0.270434 -0.492521 -0.739472 -1.026570 -0.624811 0.000065 0.000000 0.003973 0.023190 0.000352 0.000158 0.012507 0.001407 0.000000 -0.000102 -0.003947 -0.002006 -0.070808
-0.093768 -0.114233 -0.068857 0.111170 0.128072 0.190276 1.372045 1.596112 -0.315705 0.100724 0.011998 0.000631 -0.007317 -0.024436 -0.000462 -0.006177 -0.249317 -0.107636 -0.181084 -0.001936 -0.004173 -0.016059 -0.008398 -0.009211 -0.035998 -0.042418 -0.018765 -0.007478 -0.015326 -0.117609 -1.506493 -0.126609 -0.007736 0.000224 0.001033 0.001541 0.001038 0.034018 -0.011398 0.149248 0.105479 -0.586019 -0.608935 -1.090242 -0.462302 -0.000633 -0.009857 -0.001167 0.000416 -0.000170 -0.000106 -0.000001 -0.000240 -0.008653 -0.018523 -0.323419 -0.023914 -0.029068
-0.043972 -0.205811 -0.456378 0.096141 0.163110 0.091754 0.326107 0.169051 0.000015 0.000395 0.000767 0.000291 -0.002655 -0.095386 0.017474 -0.130594 -0.358128 -0.151373 -0.204249 -0.004112 -0.002128 0.039063 -0.003226 -0.003955 -0.008824 -0.196873 -0.197400 -0.208359 -1.508778 0.294349 -0.547886 0.309049 -0.045975 -0.000643 -0.000763 -0.000551 0.000789 0.009746 0.020224 0.010479 0.042068 -0.746932 -0.681436 -1.086456 -0.441633 -0.052509 -0.044804 -0.000637 0.000123 -0.000739 -0.007624 -0.007296 -0.011735 -0.249487 -0.168360 0.243382 -0.156113 -0.163639
0.048954 -0.004893 0.286368 0.133999 0.125153 0.081008 0.070944 0.043245 -0.216707 -0.000602 -0.000836 -0.000614 -0.000969 0.043528 0.044083 -0.071689 -0.299639 -0.210109 -0.254693 -0.016955 -0.013342 0.048570 -0.002603 -0.011152 -0.107862 -0.202302 -0.220207 -0.233387 -0.885439 0.057156 -0.207964 0.194014 -0.013469 -0.012752 -0.024141 -0.001364 -0.000933 0.000414 0.008775 0.000211 -0.000056 -0.745701 -0.658977 -1.028191 -0.418161 -0.550354 -0.003976 0.000020 0.000136 -0.000607 -0.021307 -0.027843 -0.050146 0.555807 0.244103 0.401989 0.059445 0.221653
0.173479 0.170270 0.697884 0.230169 0.160872 0.125880 0.131073 0.072838 -0.204014 -0.152186 -0.089617 -0.179846 -0.000765 0.133278 0.076667 -0.653010 -0.264637 -0.264264 -0.313081 -0.026304 -0.103791 0.042328 -0.114484 -0.232980 -0.133028 -0.157340 -0.162956 -0.183133 -0.162550 0.104373 0.102889 -0.088775 -0.020904 -0.021735 -0.039249 -0.027882 -0.001273 -0.000591 -0.000022 -0.000102 0.000063 -0.646291 -0.603694 -0.973047 -1.077032 -0.462198 0.000073 0.000000 -0.000070 -0.009472 -0.410487 -1.063573 0.935784 0.674378 0.284085 0.597863 0.139569 0.446040
0.124294 0.069879 0.175327 0.124044 0.074548 0.031040 0.041802 0.019088 -0.110192 -0.267233 -0.673436 -0.444106 0.054513 0.108647 0.056028 -0.206776 -0.339988 -0.361052 -0.453102 -0.050460 -0.034249 0.269199 -0.008494 -0.160066 -0.132260 -0.176411 -0.068603 -0.061423 -0.103961 0.000000 0.000000 -0.016839 -0.085381 -0.075830 -0.493302 -0.057625 -0.008196 -0.005268 -0.010351 -0.000685 -0.000097 -0.656877 -0.688299 -1.132489 -0.706254 -0.560080 -0.000152 -0.004212 -0.008252 -0.680930 0.809598 -0.236948 1.044966 0.000000 0.377181 0.628053 0.263746 0.496554
0.007274 0.001225 0.062918 0.053196 0.028105 0.005772 0.020251 0.008140 0.005830 -0.107215 -0.438480 -0.203608 0.010019 0.009899 -0.021529 -0.064921 -0.349664 -0.527265 -0.703050 -0.078863 -0.053772 0.121397 0.056588 -0.105646 -0.168358 -0.064598 -0.045339 -0.252899 -0.204916 -0.001325 -0.006410 -0.031515 -0.065187 -0.739847 -0.540553 0.080242 -0.001608 -0.026054 -0.031230 -0.002235 -0.000936 -0.265659 -0.401802 -0.752183 -0.816372 -0.744302 -0.019116 -0.007710 -0.017587 -0.027488 1.021069 -0.048226 1.010448 -0.012089 0.000732 0.050504 0.018755 0.013907
-0.012638 -0.003968 0.096698 0.079845 0.038913 0.004184 0.057396 0.031574 0.012911 0.029698 0.472423 0.277493 -0.039372 -0.082199 -0.090452 -0.027271 -0.325468 -0.609895 -0.833507 -0.554392 -0.041536 0.000439 0.169576 0.084612 -0.057281 -0.040056 -0.058899 -0.834172 -0.156355 -0.000840 -0.019558 -0.571396 0.087773 -0.721596 0.007004 0.007944 0.007004 -0.002134 -0.070129 -0.024862 0.242683 -0.101602 -0.289319 -0.687647 -0.666784 -1.791424 -0.074777 -0.007951 -0.025582 0.139107 1.073512 0.206986 1.069649 -0.464727 0.000097 0.001269 0.010226 0.005097
-0.004239 0.055078 0.098707 0.084017 0.041600 0.195438 0.138052 0.116857 0.046906 0.118952 0.162854 0.126133 0.316541 -0.076582 -0.191130 -0.128688 -0.226303 -0.662608 -0.912944 -0.661979 -0.016583 -0.000025 0.000000 0.000066 -0.014850 -0.005197 0.002087 -0.385343 -0.828034 -0.012736 -0.006443 0.000513 0.000388 -0.457395 0.000000 0.000000 0.000065 0.000001 -0.457270 -0.117842 0.332860 0.001623 0.000656 -0.560298 -0.433099 -1.764964 -0.560908 -0.400367 -0.525830 0.165385 1.100002 0.591278 1.575304 -0.227005 -0.009810 0.000255 0.000360 0.001154
0.026752 0.051083 0.174456 0.071389 0.039963 0.065420 0.031851 0.021887 0.008215 0.034677 0.068704 0.033256 0.045662 -0.041852 0.024410 -0.084020 -0.206713 -0.721756 -1.423534 -1.232508 -0.323629 -0.030204 -0.005367 -0.000518 0.020569 0.151530 0.153987 0.019705 -0.770975 -0.423048 -0.003065 -0.001492 -0.000476 -0.421841 -0.005342 -0.005378 -0.000547 -0.000038 -0.256617 0.130283 0.216562 0.000703 -0.000157 -0.292991 -0.304145 -1.194352 -0.517892 -1.486897 -0.070704 0.170646 1.089396 0.728161 1.737607 -0.184470 -0.002271 0.000064 0.000031 0.000337
0.004439 0.042620 0.141905 0.065364 0.002578 0.002747 0.002230 0.001016 0.000248 0.000321 0.105313 0.000767 0.009183 0.037733 0.195484 0.000747 -0.019391 -1.103094 -1.235981 -1.125998 -0.299242 -0.132405 0.093155 0.002650 0.008187 0.021667 0.014828 0.026781 -0.499166 -0.302522 -0.392631 -0.001175 -0.041323 -0.948715 -0.021363 -0.013949 -0.004640 0.000182 0.038412 0.294949 0.042743 -0.001255 -0.011689 -0.169428 -0.575867 -0.772691 -0.387075 -0.722015 0.171486 0.467498 1.191041 0.906511 1.528952 -0.065237 0.008043 -0.000219 -0.000167 -0.000195
-0.001604 0.052128 0.002433 0.003637 0.003179 0.001038 0.000262 0.000052 -0.000149 0.000130 0.092619 0.001169 0.001297 0.023745 0.139895 0.001905 -0.006905 -1.152742 -1.483379 -1.354796 -0.317901 -0.183254 0.107653 0.005644 0.000626 0.008624 0.006411 0.016593 -0.180561 -0.041487 -0.319302 -0.205523 -0.798076 -0.961513 -0.276386 -0.020922 -0.014253 0.000554 0.008361 0.017927 0.001331 -0.013624 -0.022191 -0.152024 -1.049225 -1.217873 -0.180451 0.055400 0.599038 0.523682 0.394241 0.530079 0.926741 -0.001415 -0.000095 -0.001248 -0.007911 -0.000380
