use_cases/Flooding_chicago/flooding_data/output/hUy_2040.asc
ncols 337
nrows 393
xllcorner 428428.000000
yllcorner 4602440.000000
cellsize 26.757400
NODATA_value -9999.000000
[rows 156 to 181 of 393, columns 232 to 289 of 337]
0.089461 0.000536 0.005633 -0.000413 -0.019781 -0.015646 -0.012611 -0.004792 0.000222 0.000176 -0.329630 -0.303640 -0.013283 0.099228 0.090774 0.000000 0.255004 0.413324 0.206034 0.156548 0.182323 1.216497 1.583562 1.924546 1.254744 0.829880 0.948593 0.098716 0.162688 -0.000854 -0.002772 0.007909 0.078467 0.017268 0.007864 0.006598 0.009638 0.000386 -0.001424 -0.402778 0.125439 0.009085 0.001210 0.000305 -0.000189 -9999.000000 -9999.000000 -9999.000000 -9999.000000 -9999.000000 -9999.000000 -9999.000000 -9999.000000 -9999.000000 -9999.000000 -9999.000000 -9999.000000 -9999.000000
0.340577 0.007748 0.000000 -0.005342 -0.009446 -0.071033 -0.053554 -0.001970 -0.000222 0.000111 -0.135841 -0.259510 -0.032601 0.210110 0.095778 0.149052 0.216300 0.378985 0.003831 0.004698 0.003994 0.360652 1.349944 2.012855 1.712242 1.238847 0.881035 0.106112 0.000490 0.000221 -0.001923 0.000604 0.000820 0.000847 0.000329 0.000000 0.000000 -0.007352 0.145740 -0.642031 -0.047339 0.011147 0.002307 0.001656 0.001459 -9999.000000 -9999.000000 -9999.000000 -9999.000000 -9999.000000 -9999.000000 -9999.000000 -9999.000000 -9999.000000 -9999.000000 -9999.000000 -9999.000000 -9999.000000
0.127466 0.006400 -0.001240 -0.003435 -0.018877 -0.134602 -0.293204 -0.005826 -0.001358 0.000247 0.028393 0.060620 0.067865 0.170136 0.135942 0.178166 0.002398 0.004245 0.006225 0.004686 0.002581 0.384229 1.049517 1.905891 1.517255 1.208712 0.899584 0.227984 -0.000037 -0.000016 -0.000873 -0.000334 -0.000915 -0.001002 -0.000955 -0.030891 -0.025752 -0.142848 0.387984 -0.649936 -0.220109 0.002345 0.006204 0.000681 0.000681 -9999.000000 -9999.000000 -9999.000000 -9999.000000 -9999.000000 -9999.000000 -9999.000000 -9999.000000 -9999.000000 -9999.000000 -9999.000000 -9999.000000 -9999.000000
0.040929 -0.000030 -0.001053 -0.011369 -0.228203 -0.053357 -0.280857 0.018735 -0.001116 -0.001049 0.000209 0.002943 -0.000223 0.185845 0.178292 0.000798 0.002724 0.186923 0.167942 0.072609 0.015841 0.324241 1.459273 1.714392 1.535547 1.490017 0.915661 0.354060 -0.000385 -0.000240 -0.000828 -0.000655 -0.016695 -0.010376 -0.092268 -0.290469 -0.231357 -0.220381 0.385488 -0.512360 0.032799 0.000871 0.000872 -0.000000 -0.000000 -9999.000000 -9999.000000 -9999.000000 -9999.000000 -9999.000000 -9999.000000 -9999.000000 -9999.000000 -9999.000000 -9999.000000 -9999.000000 -9999.000000 -9999.000000
-0.000398 -0.009830 -0.008702 -0.223391 -0.118848 -0.173410 -0.291032 0.242201 -0.075715 -0.001248 -0.000517 0.004513 0.047263 0.119747 0.276425 0.000986 0.302624 0.705718 0.709397 0.479410 0.301364 0.511553 0.883682 1.296919 1.142162 1.156220 1.146932 0.669196 -0.036691 -0.000491 -0.001441 -0.006351 -0.119525 -0.138399 -0.059993 -0.191647 -0.172421 -0.229608 0.182321 -0.326265 0.023254 0.001278 0.000736 -0.000681 -0.000681 -0.000071 -9999.000000 -9999.000000 -9999.000000 -9999.000000 -9999.000000 -9999.000000 -9999.000000 -9999.000000 -9999.000000 -9999.000000 -9999.000000 -9999.000000
-0.119972 -0.257792 -0.837710 -0.049328 -0.044622 -0.199559 -0.263669 0.430379 0.389625 -0.088092 -0.074886 0.004526 0.098056 0.079323 0.299695 0.304870 0.652807 1.122908 1.049199 0.576339 0.368896 0.366312 0.182807 0.963507 0.631731 0.637229 0.946065 0.766598 -0.018847 -0.002851 -0.011473 -0.081980 0.074877 -0.063987 -0.044041 -0.191778 -0.216733 -0.343090 -0.006190 0.000383 0.000278 -0.000136 -0.002656 -0.009340 -0.006617 -0.003097 -9999.000000 -9999.000000 -9999.000000 -9999.000000 -9999.000000 -9999.000000 -9999.000000 -9999.000000 -9999.000000 -9999.000000 -9999.000000 -9999.000000
-0.059616 -0.259813 -0.541122 0.067846 0.028709 -0.180501 -0.226302 0.473657 0.621915 -0.032524 -0.286553 -0.009164 0.495446 0.104964 0.447284 0.824795 1.083882 1.353598 0.969211 0.599395 0.241016 -0.049533 0.072732 0.195076 0.581731 0.556392 0.871517 0.770720 0.004247 0.002600 0.009125 0.049211 0.007513 0.000619 0.084275 -0.192742 -0.263983 -0.487425 -0.002648 -0.000078 -0.000581 -0.001857 -0.002387 -0.052615 -0.007662 -0.003189 -9999.000000 -9999.000000 -9999.000000 -9999.000000 -9999.000000 -9999.000000 -9999.000000 -9999.000000 -9999.000000 -9999.000000 -9999.000000 -9999.000000
0.012797 -0.363674 -0.280112 0.255777 0.197109 -0.123210 -0.134329 0.524170 0.529424 -0.081386 -0.670799 -0.344875 0.613329 0.117548 0.471726 1.064594 0.973762 0.991673 0.903818 0.232951 0.286691 0.059694 0.157920 0.158680 0.582812 0.529398 0.684406 0.370190 0.000001 0.000066 0.001755 0.016031 0.001168 0.000442 0.000303 0.034199 -0.291658 -0.695930 -0.024488 -0.002054 -0.021479 -0.007224 -0.001090 -0.017778 -0.004220 -0.004513 -9999.000000 -9999.000000 -9999.000000 -9999.000000 -9999.000000 -9999.000000 -9999.000000 -9999.000000 -9999.000000 -9999.000000 -9999.000000 -9999.000000
0.074929 -0.273415 0.056313 0.487316 0.406483 -0.028175 0.011759 0.971587 0.472882 0.124624 -0.522827 -0.259229 0.508965 0.389512 0.599022 0.813141 0.692007 0.524575 0.479988 0.239871 0.320403 0.266601 0.347844 0.065419 0.450585 0.307210 0.376698 0.115245 -0.000273 0.001041 0.000626 0.000717 0.000661 -0.000448 -0.000658 0.000040 -0.038247 -0.631531 -0.698794 -0.235976 0.510972 -0.003259 0.000155 -0.007681 0.000903 0.003371 -9999.000000 -9999.000000 -9999.000000 -9999.000000 -9999.000000 -9999.000000 -9999.000000 -9999.000000 -9999.000000 -9999.000000 -9999.000000 -9999.000000
0.177880 -0.161503 0.299230 0.775945 0.587695 0.056493 0.266870 1.119482 0.364639 0.336653 -0.062510 -0.052039 0.329667 0.356388 0.796640 0.339691 0.085699 0.315218 0.175033 0.233921 0.364417 0.786078 0.522640 0.086773 0.382744 0.119362 0.197165 -0.071265 0.054587 0.019876 0.000622 0.000174 -0.000911 -0.000799 -0.020669 -0.000498 -0.013061 -0.436225 -0.922328 -0.974921 0.066581 0.000556 0.003025 -0.000380 0.003580 0.002794 0.026052 -9999.000000 -9999.000000 -9999.000000 -9999.000000 -9999.000000 -9999.000000 -9999.000000 -9999.000000 -9999.000000 -9999.000000 -9999.000000
0.280112 -0.218663 0.518489 0.996906 0.685164 0.128017 0.410283 1.006322 0.320038 0.580673 0.468851 0.186298 0.181445 0.369913 0.492135 0.089185 -0.128636 0.130880 0.329111 0.360083 0.658864 0.253615 0.517684 0.314713 0.392780 -0.024426 0.062215 -0.048872 0.010454 0.006769 0.000221 -0.000919 -0.000916 -0.000620 -0.017857 -0.020308 0.000000 -0.024725 -0.429594 -0.953577 0.000143 0.000392 0.000796 0.000630 0.003139 0.002663 0.020020 -9999.000000 -9999.000000 -9999.000000 -9999.000000 -9999.000000 -9999.000000 -9999.000000 -9999.000000 -9999.000000 -9999.000000 -9999.000000
0.546577 -0.164901 0.887819 1.288991 0.902476 0.233530 0.665296 1.079553 0.619624 0.825670 0.679647 0.418992 0.314150 0.442693 0.480896 0.101974 -0.206165 0.111074 0.335611 0.252552 0.248481 0.000405 0.000586 0.036380 0.007207 0.067292 0.062270 0.006696 0.000068 -0.000009 -0.000462 -0.022330 -0.015100 -0.001830 -0.103717 -0.013043 -0.006566 -0.016031 -0.011508 -1.184600 -0.000141 -0.000366 -0.000717 -0.000437 -0.000016 0.000148 0.000405 -9999.000000 -9999.000000 -9999.000000 -9999.000000 -9999.000000 -9999.000000 -9999.000000 -9999.000000 -9999.000000 -9999.000000 -9999.000000
1.407853 0.510145 1.539259 1.746086 1.350783 0.427727 0.709251 0.907299 0.848190 1.030756 0.813131 0.077252 0.072412 0.043353 0.014404 0.165659 -0.196898 0.140335 0.403944 0.179032 0.224616 -0.000323 -0.000418 0.000121 0.005382 0.005819 0.138580 0.001002 -0.000520 -0.005785 -0.026429 -0.047487 -0.034759 -0.001043 -0.099894 -0.065929 -0.005310 -0.009873 -0.005199 -1.045074 -0.009071 -0.020294 -0.027521 -0.027192 -0.006791 -0.000371 -0.000544 -9999.000000 -9999.000000 -9999.000000 -9999.000000 -9999.000000 -9999.000000 -9999.000000 -9999.000000 -9999.000000 -9999.000000 -9999.000000
0.011647 0.280139 0.780103 0.828041 0.566898 0.646285 0.851638 1.054747 0.856895 0.946031 0.114383 0.005432 0.016955 0.016304 0.003141 0.001602 -0.114553 0.201702 0.470495 0.083988 0.209374 0.000405 -0.003693 -0.000391 0.002990 0.007995 0.002161 0.000324 -0.011058 -0.249036 -0.420733 -0.266251 -0.008534 -0.009865 -0.068845 -0.054987 -0.002550 -0.004133 -0.032469 -1.045417 -0.713496 -0.035423 -0.055503 -0.071012 -0.018539 -0.009629 -0.008539 -0.000872 -9999.000000 -9999.000000 -9999.000000 -9999.000000 -9999.000000 -9999.000000 -9999.000000 -9999.000000 -9999.000000 -9999.000000
0.000208 0.000106 1.091624 1.081352 0.727383 0.696332 0.827048 1.614357 0.853912 0.840906 0.130392 0.021314 0.001687 0.001265 0.003874 0.001689 -0.094509 0.238207 0.506733 -0.082196 0.292631 -0.000456 0.085037 -0.032535 0.000829 0.007972 -0.002602 -0.002152 -0.055050 -0.106800 -0.138613 -0.129245 -0.012264 -0.017137 -0.198192 -0.349275 -0.283218 -0.268526 -0.913642 -1.715874 -0.820956 0.239335 -0.548124 0.105042 -0.345521 -0.037379 -0.010195 0.093382 -9999.000000 -9999.000000 -9999.000000 -9999.000000 -9999.000000 -9999.000000 -9999.000000 -9999.000000 -9999.000000 -9999.000000
-0.000326 -0.000120 2.750477 1.258256 0.820254 0.824773 1.336823 1.454775 0.423201 0.030723 0.085583 0.014300 0.003724 0.001813 0.024492 0.005036 -0.092094 0.304874 0.544844 -0.237163 0.297767 0.021817 0.351677 -0.034846 0.000000 0.014381 -0.002175 0.047468 0.026355 -0.000127 -0.152108 -0.133601 -0.168873 -0.102970 -0.329810 -0.218414 0.050366 -0.048311 -0.580637 -1.792703 -0.858835 0.556750 0.231354 0.533779 0.044020 -0.107841 -0.164927 0.141727 0.143723 -9999.000000 -9999.000000 -9999.000000 -9999.000000 -9999.000000 -9999.000000 -9999.000000 -9999.000000 -9999.000000
-0.005969 0.219277 3.260944 1.484729 0.856972 1.407358 1.672081 0.274910 0.007831 0.006542 0.058202 0.004789 0.006686 0.001796 0.012196 0.008456 0.461292 0.545589 1.098113 -0.408408 0.387872 0.087917 0.651787 0.459637 0.067225 0.026306 0.145947 0.064400 0.025533 0.096853 -0.113752 -0.144906 0.000000 -0.037696 -0.451391 -0.110522 0.246828 0.011531 -0.790087 -1.772201 -1.097578 0.726052 0.583270 0.676128 0.134929 0.033676 -0.035489 0.079631 0.062193 0.030514 -9999.000000 -9999.000000 -9999.000000 -9999.000000 -9999.000000 -9999.000000 -9999.000000 -9999.000000
-0.141212 1.486049 2.483273 1.866015 1.022406 0.629664 0.573604 0.005261 0.000000 0.000027 0.001885 0.005647 0.005408 0.000222 0.000005 0.047944 0.110335 1.074409 1.027608 -0.305232 0.021141 0.310390 0.152182 0.214300 0.059229 0.022145 0.051084 0.000003 0.000208 0.000005 -0.115912 -0.125451 -0.104364 -0.032574 0.104088 0.047182 0.312504 0.071172 -0.765812 -1.905578 -0.956670 0.775287 0.800694 0.622741 0.088007 0.047032 -0.116498 0.000360 0.000326 0.007574 -9999.000000 -9999.000000 -9999.000000 -9999.000000 -9999.000000 -9999.000000 -9999.000000 -9999.000000
0.883727 1.583894 2.856348 1.243358 0.417190 0.020535 0.018517 -0.000706 -0.020632 -0.000402 -0.000961 -0.003779 -0.002313 -0.000222 0.000173 0.144045 0.107282 0.075962 0.048611 0.023392 0.018302 0.035067 0.063502 0.151441 0.153107 0.047966 0.055080 -0.068514 -0.000326 0.003623 0.285293 -0.220683 -0.070484 1.274542 0.729627 0.268451 0.057690 -0.256668 -0.708186 -1.823983 -0.996736 0.382202 0.508258 0.332855 -0.030256 -0.183077 -0.618929 -0.000276 -0.000208 -0.000003 -0.000000 0.164979 -9999.000000 -9999.000000 -9999.000000 -9999.000000 -9999.000000 -9999.000000
1.262582 1.666798 1.537572 1.722994 0.001029 0.010866 0.001061 -0.040077 -0.229262 0.112727 -0.056146 -0.005476 -0.004487 0.000097 -0.000050 0.250277 0.135141 0.001975 0.001477 0.033250 0.022356 0.000686 0.000866 0.260482 0.250832 0.063634 0.010424 -0.217507 -0.004012 0.014293 0.543597 0.572416 0.440350 0.956666 0.657646 0.220489 -0.292704 -0.530068 -0.660306 -1.725131 -0.842010 0.231105 0.480644 0.299856 -0.059224 -0.531046 -1.332968 -0.856506 -0.029526 -0.012549 -0.019239 0.410807 -9999.000000 -9999.000000 -9999.000000 -9999.000000 -9999.000000 -9999.000000
0.446618 0.276254 1.552756 1.800203 0.000126 0.000000 -0.000199 -0.049662 -0.255320 0.123363 0.011407 0.118432 -0.000226 0.000751 -0.000084 0.320162 0.001607 0.002950 0.002029 0.029175 0.001077 -0.000380 0.000766 0.308390 0.310587 0.000476 0.005727 -0.102588 -0.120464 0.009362 0.739417 0.733411 0.672240 1.083339 0.008178 0.145906 0.094559 -0.403451 -0.705504 -1.399993 -0.378498 0.493434 0.642237 0.439793 0.069691 -0.129171 -1.634362 -0.791473 -0.960347 -0.893258 0.873175 2.304707 1.382181 -9999.000000 -9999.000000 -9999.000000 -9999.000000 -9999.000000
0.526679 0.327134 1.741452 2.249497 0.003663 -0.457010 -0.065795 -0.003086 -0.242006 0.175206 0.002507 0.143553 0.001102 0.001125 0.000978 0.298725 0.001706 -0.000477 0.000360 0.000360 0.000205 0.131259 0.073665 0.394991 0.212467 0.000536 0.025905 -0.031994 -0.065368 -0.001034 0.806557 0.731336 1.314206 0.806062 0.022184 0.014487 0.009265 0.036386 -0.214016 -1.246209 0.261344 1.190695 1.159045 1.002616 0.565535 0.230581 -1.254640 -1.887504 -0.840107 0.385229 1.978715 2.242305 1.303214 0.593479 -9999.000000 -9999.000000 -9999.000000 -9999.000000
0.702498 0.218908 1.120020 1.850584 -0.164347 -0.958685 -0.469550 0.100176 0.017529 0.144010 0.037395 0.002032 0.001504 0.001056 0.000088 0.209376 0.077904 -0.000925 -0.000360 -0.000360 -0.040454 0.515786 0.350597 0.299140 0.176405 0.008844 0.020505 -0.022912 0.053756 0.086776 0.673516 0.875188 1.361062 0.548075 0.026843 0.023360 0.019895 0.003731 0.133011 -0.587046 1.236971 2.424806 2.131840 1.725417 1.220992 0.729821 -0.353412 -1.112174 -0.167309 1.719969 2.170372 1.586694 0.646344 0.669631 0.983376 -9999.000000 -9999.000000 -9999.000000
0.555467 -0.359320 0.558426 0.918268 -0.675441 -1.205085 -0.777481 0.124464 0.105263 0.167232 0.121010 0.002472 0.002478 0.001431 -0.121827 0.056308 0.256807 0.090856 -0.020396 -0.020806 0.121629 0.678341 0.419451 0.326154 0.048598 0.007211 -0.018797 -0.078629 0.056871 0.163147 1.084807 1.041886 1.220266 0.473975 0.010188 0.053679 -0.007689 -0.000488 0.314766 0.259730 2.655679 3.052727 3.057777 2.316253 2.672668 1.696888 0.770944 0.306300 1.074056 3.063211 2.064121 1.085682 0.628761 0.200468 0.464809 -9999.000000 -9999.000000 -9999.000000
0.763384 0.390034 -0.297972 0.093263 -1.300690 -1.745230 -1.132472 0.001745 0.021565 0.006511 0.005197 0.000916 0.003439 0.001883 0.109800 -0.175715 0.345173 0.138380 -0.053102 -0.121943 0.259146 0.675979 0.425640 0.328761 0.061182 0.000731 -0.024608 0.053768 0.139406 0.307705 1.068452 0.712666 0.593174 0.449668 0.109659 0.111272 -0.065878 0.200777 0.293414 0.647333 3.226830 3.699776 1.677752 1.766872 1.581204 1.164058 0.535141 1.280941 1.981918 1.613993 0.432097 0.216578 0.064754 -0.176877 0.053094 0.000738 -9999.000000 -9999.000000
0.544735 0.893896 -0.676194 -0.203057 -1.628858 -3.116472 -1.608348 -0.000172 0.000000 -0.002871 -0.001407 0.000010 0.000569 0.000393 0.013380 -0.251943 0.399798 0.354362 0.028452 -0.052027 0.405565 0.620272 0.454786 0.312247 -0.033674 0.000039 -0.006820 0.155562 0.200480 0.704112 1.022981 0.741585 0.684475 0.651789 0.270350 0.102091 -0.077319 0.058763 0.000597 1.444154 3.976176 3.027133 1.985369 2.062772 2.758964 1.412670 1.438761 2.043070 1.637203 0.735367 0.371385 0.140874 -0.033878 -0.063399 -0.060965 -9999.000000 -9999.000000 -9999.000000
