use_cases/Flooding_chicago/flooding_data/output/hUy_1740.asc
ncols 337
nrows 393
xllcorner 428428.000000
yllcorner 4602440.000000
cellsize 26.757400
NODATA_value -9999.000000
[rows 52 to 77 of 393, columns 232 to 289 of 337]
0.013658 0.010790 0.036557 0.001263 0.000131 0.000330 0.000401 0.000013 0.000000 0.000000 -9999.000000 -9999.000000 -9999.000000 -9999.000000 -9999.000000 -9999.000000 -9999.000000 -9999.000000 -9999.000000 -9999.000000 -9999.000000 -9999.000000 -9999.000000 -9999.000000 -9999.000000 -9999.000000 -9999.000000 -9999.000000 -9999.000000 -9999.000000 -9999.000000 -9999.000000 -9999.000000 -9999.000000 -9999.000000 -9999.000000 -9999.000000 -9999.000000 -9999.000000 -9999.000000 -9999.000000 -9999.000000 -9999.000000 -9999.000000 -9999.000000 0.004488 -0.000596 -0.014493 -0.627005 -0.502564 -0.512832 -0.024344 -0.050588 -0.077125 0.000512 0.001221 0.003137 -0.007973
0.000634 0.000353 0.000142 -0.002702 -0.000136 -0.000396 -0.000555 -0.010184 -0.004809 0.000046 -9999.000000 -9999.000000 -9999.000000 -9999.000000 -9999.000000 -9999.000000 -9999.000000 -9999.000000 -9999.000000 -9999.000000 -9999.000000 -9999.000000 -9999.000000 -9999.000000 -9999.000000 -9999.000000 -9999.000000 -9999.000000 -9999.000000 -9999.000000 -9999.000000 -9999.000000 -9999.000000 -9999.000000 -9999.000000 -9999.000000 -9999.000000 -9999.000000 -9999.000000 -9999.000000 -9999.000000 -9999.000000 -9999.000000 -9999.000000 0.000360 0.000360 -0.000340 -0.001043 -0.206194 0.085543 0.253568 -0.599134 -0.626406 -0.060381 -0.000215 0.000976 0.000927 -0.004234
-0.000907 -0.000414 -0.000147 -0.155744 -0.009115 -0.008169 -0.008258 -0.026971 -0.008662 0.002044 -9999.000000 -9999.000000 -9999.000000 -9999.000000 -9999.000000 -9999.000000 -9999.000000 -9999.000000 -9999.000000 -9999.000000 -9999.000000 -9999.000000 -9999.000000 -9999.000000 -9999.000000 -9999.000000 -9999.000000 -9999.000000 -9999.000000 -9999.000000 -9999.000000 -9999.000000 -9999.000000 -9999.000000 -9999.000000 -9999.000000 -9999.000000 -9999.000000 -9999.000000 -9999.000000 -9999.000000 -9999.000000 -9999.000000 -9999.000000 -0.000360 -0.000360 -0.000511 -0.000228 -0.025903 0.200925 0.400092 -0.075773 -0.187300 -0.363817 -0.000725 -0.000325 0.000913 -0.001453
-0.009349 -0.007506 -0.000732 -0.205772 -0.159299 -0.014281 -0.014462 -0.042220 -0.003557 0.014018 -9999.000000 -9999.000000 -9999.000000 -9999.000000 -9999.000000 -9999.000000 -9999.000000 -9999.000000 -9999.000000 -9999.000000 -9999.000000 -9999.000000 -9999.000000 -9999.000000 -9999.000000 -9999.000000 -9999.000000 -9999.000000 -9999.000000 -9999.000000 -9999.000000 -9999.000000 -9999.000000 -9999.000000 -9999.000000 -9999.000000 -9999.000000 -9999.000000 -9999.000000 -9999.000000 -9999.000000 -9999.000000 -9999.000000 -9999.000000 -0.001709 -0.003480 -0.001435 0.001043 0.123388 0.156265 0.391088 0.164605 -0.043218 -0.164584 -0.000714 -0.000522 0.000877 -0.001297
-0.027224 -0.040172 -0.001560 0.081678 -0.083470 -0.087465 -0.059235 -0.123778 -0.006005 0.006080 0.000695 0.001378 0.000095 -9999.000000 -9999.000000 -9999.000000 -9999.000000 -9999.000000 -9999.000000 -9999.000000 -9999.000000 -9999.000000 -9999.000000 -9999.000000 -9999.000000 -9999.000000 -9999.000000 -9999.000000 -9999.000000 -9999.000000 -9999.000000 -9999.000000 -9999.000000 -9999.000000 -9999.000000 -9999.000000 -9999.000000 -9999.000000 -9999.000000 -9999.000000 -9999.000000 -9999.000000 -9999.000000 -9999.000000 -0.000606 -0.002303 -0.017072 0.159623 0.623904 0.444218 0.582096 0.298459 -0.045107 -0.462882 -0.000277 -0.000251 0.000000 -0.001627
-0.023083 0.000360 0.000360 0.000410 -0.046833 -0.036990 -0.170621 0.001282 0.016349 -0.005287 -0.062116 -0.007747 -0.021149 -9999.000000 -9999.000000 -9999.000000 -9999.000000 -9999.000000 -9999.000000 -9999.000000 -9999.000000 -9999.000000 -9999.000000 -9999.000000 -9999.000000 -9999.000000 -9999.000000 -9999.000000 -9999.000000 -9999.000000 -9999.000000 -9999.000000 -9999.000000 -9999.000000 -9999.000000 -9999.000000 -9999.000000 -9999.000000 -9999.000000 -9999.000000 -9999.000000 -9999.000000 -9999.000000 0.000000 0.000141 -0.008595 -0.349214 0.527226 1.084871 0.693696 0.614343 0.398924 -0.073729 -0.702785 -0.010775 -0.011239 -0.002935 -0.002916
-0.002167 -0.000360 -0.000360 0.000404 -0.015585 -0.021475 -0.080601 0.076801 0.086999 0.000379 -0.110573 -0.070168 -0.142548 -0.020103 -0.002668 -9999.000000 -9999.000000 -9999.000000 -9999.000000 -9999.000000 -9999.000000 -9999.000000 -9999.000000 -9999.000000 -9999.000000 -9999.000000 -9999.000000 -9999.000000 -9999.000000 -9999.000000 -9999.000000 -9999.000000 -9999.000000 -9999.000000 -9999.000000 -9999.000000 -9999.000000 -9999.000000 -9999.000000 -9999.000000 -9999.000000 -9999.000000 -9999.000000 0.000519 0.000077 -0.103134 -0.605791 0.499853 1.021287 0.696012 0.678545 0.363637 -0.085139 -0.546739 0.123851 -0.068021 -0.002347 -0.194237
-0.013705 -0.013056 -0.006012 -0.000176 -0.000004 -0.004903 -0.032987 0.178074 0.008647 0.057491 0.006227 -0.047095 -0.083699 -0.024890 -0.324168 0.000205 0.000000 0.000000 0.000000 -9999.000000 -9999.000000 -9999.000000 -9999.000000 -9999.000000 -9999.000000 -9999.000000 -9999.000000 -9999.000000 -9999.000000 -9999.000000 -9999.000000 -9999.000000 -9999.000000 -9999.000000 -9999.000000 -9999.000000 -9999.000000 -9999.000000 -9999.000000 -9999.000000 -9999.000000 -9999.000000 -9999.000000 0.000467 0.000149 -0.045977 -0.841084 0.454050 1.141706 0.843335 0.539147 0.414067 -0.047952 -0.546917 0.082799 0.258588 0.364121 -0.310438
-0.024010 -0.025833 -0.020338 -0.004096 -0.007867 -0.065115 0.094707 0.014727 0.006917 0.009454 -0.000320 -0.009665 -0.030808 -0.507378 -0.236382 -0.229230 0.042289 -0.001288 0.000228 0.000000 0.000000 -9999.000000 -9999.000000 -9999.000000 -9999.000000 -9999.000000 -9999.000000 -9999.000000 -9999.000000 -9999.000000 -9999.000000 -9999.000000 -9999.000000 -9999.000000 -9999.000000 -9999.000000 -9999.000000 -9999.000000 -9999.000000 -9999.000000 -9999.000000 -9999.000000 0.000000 -0.000023 -0.000000 0.000737 -0.741997 0.347787 0.979166 0.410238 0.124832 0.191675 0.140790 -0.211018 -0.155327 0.036593 0.507776 0.091191
0.115647 -0.969718 -0.039296 -0.030443 -0.081509 -0.048576 0.025910 0.007737 0.003946 0.000224 -0.000627 -0.436600 -0.968379 0.053425 -0.153047 -0.029245 0.089819 -0.057302 -0.002475 -0.029014 -0.011539 0.000000 -9999.000000 -9999.000000 -9999.000000 -9999.000000 -9999.000000 -9999.000000 -9999.000000 -9999.000000 -9999.000000 -9999.000000 -9999.000000 -9999.000000 -9999.000000 -9999.000000 -9999.000000 -9999.000000 -9999.000000 -9999.000000 -9999.000000 0.001010 -0.000326 -0.000561 -0.000176 0.000765 -0.094917 0.368707 0.455209 0.092527 -0.286213 -0.044618 0.310766 0.566204 -0.068415 -0.023103 0.000945 0.034152
0.395993 -0.485039 0.063811 -0.789074 -0.099342 -0.006663 0.020475 0.000345 0.000222 0.000164 -0.000127 -0.394797 -0.870434 0.277328 0.073809 0.302351 0.363137 -0.197341 -0.224051 -1.141182 -0.083592 0.183676 0.000000 0.017213 0.000009 0.000411 -9999.000000 -9999.000000 -9999.000000 -9999.000000 -9999.000000 -9999.000000 -9999.000000 -9999.000000 -9999.000000 -9999.000000 -9999.000000 -9999.000000 -9999.000000 -9999.000000 -9999.000000 0.001196 0.000659 0.000201 0.000334 0.000330 0.141778 0.578058 0.465293 0.011683 -0.437952 -0.217282 0.233033 1.305906 -0.058781 -0.005150 0.000093 0.000222
0.211240 -0.287755 0.089149 0.078254 -0.245730 0.013492 0.006644 0.000200 -0.000222 -0.000003 -0.000000 0.039157 0.093049 0.973798 0.596974 0.884745 0.772289 -0.422546 -0.343230 -0.629832 -0.183584 0.257869 0.002053 0.026108 -0.000798 -0.000013 0.000326 0.000276 0.000696 0.000719 -9999.000000 -9999.000000 -9999.000000 -9999.000000 -9999.000000 -9999.000000 -9999.000000 -9999.000000 -9999.000000 -9999.000000 -9999.000000 0.001319 0.001777 0.000883 0.002349 -0.000081 0.433660 1.081589 0.881653 0.045537 -0.543978 -0.329961 0.104353 1.136859 -0.035686 -0.000916 -0.000260 -0.000222
0.258362 -0.172607 0.473543 0.913346 0.033951 0.011839 0.000452 -0.001332 -0.007173 -0.004890 -0.005134 0.115327 0.106344 0.112410 0.128992 0.123079 0.090552 -0.208791 -0.069885 -0.662010 -0.537821 0.071131 0.003309 0.016885 -0.007225 -0.007010 -0.000208 -0.000003 -0.000577 -0.000623 -0.000034 -0.000001 -0.000000 -0.000000 -0.000000 0.167365 4.188450 0.535075 0.000304 0.000186 0.000428 0.000384 0.001137 0.000066 0.016838 0.000013 0.787568 1.449289 1.029217 0.132285 -0.416687 -0.311483 0.163512 0.749568 0.061573 0.003511 0.005627 0.013048
0.261701 -0.124364 0.024611 0.019446 0.026281 0.007511 -0.000334 -0.001373 -0.011023 -0.015667 0.109346 0.215386 0.069739 0.135784 0.190112 0.236752 0.081590 0.000717 0.342859 -0.174512 -0.812230 -0.236197 0.000360 0.000360 -0.005511 -0.128094 -0.010392 -0.009855 -0.001112 -0.010011 0.146025 0.263304 0.066329 0.093028 0.107174 1.538249 4.502381 0.341133 0.000221 0.000039 0.000246 0.000272 -0.000100 -0.000288 0.055509 1.933050 1.219296 1.147299 1.017941 0.465480 -0.078552 0.003727 0.615995 0.595955 0.068243 0.003789 0.019662 0.052710
0.257915 -0.130900 0.000526 0.001899 0.019098 -0.000018 -0.000738 -0.009689 -0.000735 -0.124207 -0.045414 0.173439 -0.028874 0.116415 0.230754 0.246524 0.061985 0.000959 0.001043 0.020673 -0.386053 -0.422931 -0.000360 -0.000360 -0.003950 0.123679 -0.828475 -0.811816 -0.109435 -0.037141 0.454006 0.252269 0.060760 0.060798 0.165851 1.723441 2.574736 0.427575 0.000544 -0.000182 -0.000282 -0.000000 -0.000194 -0.000088 0.197515 0.638220 0.595824 0.844727 0.336358 0.141427 0.455199 0.062559 0.007513 0.098714 0.046083 0.000097 0.000777 0.013764
0.447351 -0.365323 0.000488 0.000305 0.000248 -0.002465 -0.001416 -0.045310 -0.004368 0.007736 -0.107613 0.152642 0.059724 0.158717 0.276905 0.155045 0.054534 0.000335 0.000041 0.000002 -0.311439 -0.450148 -0.004488 -0.027816 -0.005505 0.439374 0.141360 0.168859 0.053736 0.010803 0.277906 0.268353 0.024999 0.050233 0.754191 1.646282 3.461029 1.174821 0.154500 -0.011040 -0.000410 -0.000272 -0.000469 0.000335 0.410077 0.459382 0.417128 1.143650 0.011476 0.035652 0.028393 0.042430 0.004698 0.015968 0.024649 0.000018 0.000211 0.000391
0.590198 0.108198 0.000453 -0.000193 -0.000687 -0.002998 0.000011 -0.006442 -0.001148 0.040978 0.217382 0.240707 0.084991 0.108468 0.130918 0.138049 0.044210 -0.000010 -0.001012 -0.003973 -0.000251 -0.695230 -0.041524 -0.085847 -0.182819 0.577031 0.316128 0.299927 0.000588 -0.029058 0.495538 0.235068 0.298301 0.421117 0.845455 1.452224 1.624685 0.346170 0.288530 -0.251371 -0.000556 -0.000384 -0.000449 0.125709 0.381029 1.030674 1.229391 0.437571 0.001982 0.014394 0.004913 0.005660 0.007192 0.000569 0.000393 -0.033713 -0.000495 -0.000063
0.363240 0.396220 -0.000095 -0.002225 -0.017406 -0.000765 0.000012 0.000553 0.000960 0.032324 0.031293 0.340635 0.094283 -0.000203 0.000051 0.001131 0.001635 -0.000350 -0.018608 -0.003465 -0.029872 -0.105199 0.044259 0.000109 -0.108816 0.464762 0.109143 0.040033 0.000379 0.000884 0.421486 0.484743 0.550993 0.499629 0.875897 1.331031 1.209099 0.482713 0.176866 0.068956 -0.000558 -0.004044 -0.021636 0.343205 0.265334 1.230129 1.363787 0.430505 0.001334 0.000000 0.000918 0.002435 0.001808 -0.000247 -0.000331 -0.067371 -0.009039 -0.000104
0.296344 0.442717 -0.011724 -0.015352 -0.046883 -0.005852 -0.010322 0.000682 0.015157 0.025639 0.026921 0.010755 0.114651 -0.007947 0.028372 0.000099 -0.000101 -0.000764 -0.056667 -0.044392 0.569420 0.311713 0.097004 -0.006583 0.343399 0.544788 -0.067208 -0.375515 -0.109200 0.157885 0.604068 0.495499 0.422635 0.720384 0.869063 1.229380 0.868108 0.405435 -0.060911 -0.017633 -0.141067 -0.069047 -0.083357 0.441241 0.029507 1.024434 1.405303 0.426721 0.003459 -0.019758 -0.004768 -0.005134 -0.005346 -0.000554 -0.043027 -0.068459 -0.012357 -0.004382
0.306280 0.436391 -0.063063 -0.094758 -0.084383 -0.011411 -0.023276 0.000847 0.008672 0.010827 0.008968 0.000538 0.000379 -0.014492 0.002590 -0.000583 -0.001312 -0.011351 -0.007678 0.380935 0.966539 0.454009 0.150347 0.015193 0.106232 0.486710 -0.110741 -0.211240 0.058307 0.466869 1.088196 0.658725 0.486306 0.729820 0.871013 1.602941 0.913574 0.297382 -0.382497 0.042330 -0.450583 -0.057515 0.128608 0.665411 0.122352 1.362205 1.747186 0.817257 0.029342 -0.574157 0.221414 -0.004246 -0.006811 -0.016440 -0.025002 -0.484100 -0.005402 -0.020688
0.454164 0.619781 0.795513 0.285179 0.090804 -0.030760 -0.011166 0.000149 0.000222 0.000139 0.000096 -0.000037 0.000345 -0.022688 -0.057227 -0.000992 -0.001044 -0.029696 -0.089890 0.462046 1.166461 0.435727 0.007335 0.006721 0.002791 0.022263 -0.154399 -0.126690 0.188939 0.626787 1.412149 1.581619 0.006986 0.027601 0.941970 1.835366 0.846024 0.112444 -0.560854 -0.005120 0.066200 0.116455 0.020504 0.833404 -0.043760 1.238757 2.329057 1.060504 0.249943 -0.489231 0.206816 0.281580 -0.003613 -0.019155 -0.331462 -0.118781 0.546186 -0.001363
0.144442 0.047879 1.117830 1.035073 1.086626 0.037931 0.023702 0.000314 -0.000222 0.000011 -0.000072 -0.000254 0.000907 -0.020636 -0.123164 -0.000722 -0.009932 0.080189 0.058383 0.464471 1.143630 0.240039 0.003078 0.000554 0.004194 0.000682 -0.079764 -0.025327 0.360120 0.635644 1.321242 0.567305 0.000326 0.007203 1.385008 2.111378 0.667941 0.300896 -0.498244 0.475721 0.008244 0.011895 0.003929 0.007457 -0.114740 1.262688 2.622542 0.967545 0.256366 -0.458789 0.444595 0.428134 0.928680 0.667927 -0.037448 0.684081 0.020769 0.018034
0.101211 0.027861 0.021828 0.015012 0.030568 0.051003 0.012718 0.000402 -0.004495 -0.000321 -0.000518 0.007873 0.000806 0.044286 -0.095574 -0.011873 0.014545 0.106927 0.176538 0.753461 1.074443 0.002036 0.000865 0.000247 0.000331 -0.000183 -0.000174 0.364644 0.625579 1.177984 0.842052 0.485782 -0.000208 -0.000003 0.784276 1.316812 0.694521 0.845468 0.279030 0.005146 0.000120 0.000000 0.000000 0.000000 0.001385 1.202826 2.460509 1.063270 0.303498 -0.615261 0.455215 0.031165 0.014979 0.017850 0.102911 0.018364 0.006435 0.008750
0.029585 0.024535 0.000063 0.000253 0.003929 0.017206 0.001046 0.000044 -0.016429 -0.004713 -0.000535 0.042222 0.228183 0.123179 -0.038268 -0.012203 0.002325 0.081036 0.199091 0.220099 1.148321 -0.110552 0.000235 -0.000569 -0.000393 -0.020560 0.219179 0.122777 0.433568 0.582706 0.844347 0.384869 -0.016969 -0.011503 1.881454 0.903496 0.001639 0.000000 0.031088 -0.000014 -0.000435 -0.002350 -0.007509 -0.010241 0.273589 1.501652 1.930207 0.988740 0.430982 -0.266342 0.022396 0.013873 0.007560 0.011070 0.011767 0.001351 0.000000 0.000000
0.001026 0.000446 -0.000063 -0.000143 0.000000 0.000000 -0.000159 -0.004018 -0.019563 -0.018232 0.002636 0.141708 0.149481 0.024036 0.059375 -0.009634 -0.010767 0.054315 0.202094 0.643029 0.252155 0.000574 -0.000453 -0.007789 -0.021160 0.032238 0.182514 0.040673 0.377625 0.538484 1.003500 0.435991 -0.208824 0.113224 1.919280 1.562060 -0.005475 -0.054857 0.064561 -0.054408 -0.000791 -0.001477 -0.017014 -0.051729 0.872118 1.551709 0.976512 0.190745 0.456008 -0.009666 0.008544 0.000334 0.000339 0.000001 0.000000 -0.001309 -0.011411 -0.009979
-0.001645 -0.002632 -0.018231 -0.008407 -0.008066 -0.008066 -0.017710 -0.012399 -0.022582 -0.146289 0.002612 0.251809 0.018986 0.041135 0.246054 0.098165 0.163248 0.082093 0.239666 0.435281 0.001138 0.001226 0.005921 0.125212 -0.940312 0.163634 0.127696 -0.147936 0.226839 0.401217 0.640519 0.224745 -0.284215 0.307685 1.520644 1.859354 1.122984 0.352457 0.549549 0.406626 -0.000483 -0.000660 -0.002007 0.708742 1.048751 1.586515 0.862557 0.053655 0.482799 0.252935 0.000367 0.000010 -0.000240 -0.000544 -0.000108 -0.004864 -0.061903 -0.048498
