use_cases/Flooding_chicago/flooding_data/output/hUy_3480.asc
ncols 337
nrows 393
xllcorner 428428.000000
yllcorner 4602440.000000
cellsize 26.757400
NODATA_value -9999.000000
[rows 156 to 181 of 393, columns 177 to 235 of 337]
0.675618 1.586512 0.834109 0.120848 -0.096034 0.538047 0.800332 0.804942 -0.252839 1.267068 0.264679 0.007127 0.000019 0.003527 0.005642 0.000777 0.000002 0.000001 0.000000 0.777551 3.141434 3.990298 1.013858 0.000744 0.001779 0.002399 0.000423 0.000016 0.000020 0.000516 0.000108 0.000108 0.000000 0.000000 0.057410 0.283759 0.193516 0.315713 1.375149 0.889753 0.202120 -0.217350 1.152750 0.513263 -0.000381 0.000043 0.000814 0.000946 0.000112 0.000121 0.003149 0.026732 0.019357 0.498921 0.137045 1.430706 -0.001301 0.000105 -0.000002
0.515733 0.669831 0.892188 0.224312 -0.290206 0.394651 1.073018 0.837276 -0.633062 1.017942 -0.154448 0.002413 0.000009 0.000284 0.002572 0.000294 0.000003 -0.000001 -0.000000 1.294567 3.945436 4.355095 0.000477 0.000212 0.000451 0.000526 0.000020 -0.000005 -0.000001 0.000000 0.000000 0.000000 -0.000000 -0.000000 0.120339 0.147791 0.085352 0.074168 2.819269 0.959934 0.092889 -0.507302 1.928177 0.674952 0.008977 0.000009 0.000061 0.000102 0.001088 0.003250 0.001757 0.001340 0.000713 0.927008 0.214014 2.054485 0.004372 0.000000 -0.000226
0.480452 2.022254 0.934577 0.330463 -0.254868 0.582202 1.357576 0.619943 -0.942417 1.260040 0.686636 0.021766 0.005218 0.001345 0.000077 0.000003 -0.000024 -0.000018 0.000001 1.423041 3.721004 3.629069 0.000004 0.000000 0.000000 0.000000 -0.000001 -0.000563 -0.000547 -0.000003 -0.000168 -0.000171 -0.000206 0.047260 0.539614 0.186106 0.141036 0.133313 1.976352 1.036658 0.379284 -0.431163 2.314425 0.898520 0.048059 0.000015 0.000728 0.001167 0.001024 0.001535 0.000049 0.000000 0.000022 0.453573 0.715449 1.814516 0.000231 -0.000016 -0.000111
0.482721 0.340913 0.150378 0.929768 1.324023 1.366447 0.000182 0.001083 0.560269 2.412076 0.085178 0.049321 0.045452 0.002155 0.002659 -0.000008 -0.000033 -0.000018 -0.000020 1.666759 3.941703 2.481165 -0.000315 -0.000193 -0.000091 -0.000003 -0.000001 -0.000495 -0.001934 -0.000019 -0.000535 -0.000364 -0.000517 0.145251 0.504235 0.310784 0.174160 0.090502 0.224857 0.083588 0.040651 -0.201466 2.471981 0.893981 -0.039840 0.000660 0.000268 0.000432 0.000554 0.000554 0.000006 -0.002275 0.000225 0.530091 0.594097 0.278074 -0.000000 -0.000014 -0.001896
0.007950 0.004287 0.058158 0.047041 0.018006 0.002872 0.000146 0.000772 0.147554 0.257429 0.075220 0.061192 0.047123 0.001978 0.001635 0.039729 0.001602 -0.008659 -0.000501 1.585952 3.729002 2.855518 -0.292638 -0.000535 -0.000394 -0.000128 -0.000330 -0.000717 -0.013284 -0.005595 -0.003369 -0.001270 -0.001741 0.360869 0.593215 0.267405 0.531892 0.107829 0.025056 0.005120 0.066657 -0.058604 2.946902 0.805961 0.366221 0.000151 0.000000 0.000003 0.000005 0.000241 0.000001 0.000682 0.118657 0.564636 0.708724 -0.000007 -0.000770 -0.001542 -0.271664
0.003915 0.008732 0.047413 0.027412 0.025037 0.002504 0.000078 0.000524 0.036052 0.305651 0.094683 0.066300 0.036887 0.002706 0.002422 0.002714 0.004904 0.669762 0.269223 1.960603 4.718098 3.266623 0.089317 -1.599706 -0.194181 -0.000753 -0.001730 -0.000748 -0.020688 -0.010375 -0.004151 -0.002834 -0.043516 2.137354 0.851129 0.340341 0.277233 0.202292 0.021649 0.000446 0.224797 0.284155 2.474226 0.688703 0.000231 -0.000000 -0.000000 -0.000002 -0.000004 -0.000000 -0.000000 0.885062 0.257948 0.533603 0.474221 0.000452 -0.443179 -0.005205 0.059666
0.003323 0.012216 0.015732 0.034321 0.029929 0.004006 0.000008 0.000166 0.041329 0.098651 0.094878 0.036833 0.012254 0.003088 0.002084 0.001410 0.002525 0.001596 0.005033 2.339064 4.698530 2.780552 -0.586954 -1.116278 0.092793 -0.222711 -0.179206 0.031657 -0.092728 -0.075246 -0.041785 -0.096721 0.615479 1.048116 0.005083 0.003081 0.001862 0.000099 -0.001581 0.027886 0.557677 0.776003 2.482062 0.026469 -0.000001 -0.000295 -0.000924 -0.000206 -0.000328 -0.000185 -0.000162 1.287896 0.083965 0.246630 0.268069 -0.035325 -0.374952 0.089738 0.297765
0.000389 0.011969 0.009283 0.030623 0.023136 0.005718 0.000028 0.000000 0.000000 0.307829 0.286308 0.000000 0.000001 0.000000 0.000002 0.000508 0.000267 0.000393 0.001103 1.082724 4.345693 2.844285 0.005811 -0.673686 0.266066 0.124947 -0.163489 0.027375 -0.023166 -0.007520 -0.000520 0.291255 0.732988 1.117949 0.000936 0.001313 0.000206 0.000005 0.000000 0.139610 1.057475 1.279755 0.522631 0.007589 0.002503 -0.013912 -0.014482 -0.000596 -0.000877 -0.000508 -0.002656 1.539476 0.224061 0.107868 0.234564 -0.087866 -0.524875 0.244354 0.535790
0.000212 0.009678 0.012505 0.010530 0.016893 0.006299 0.000085 0.000017 0.003929 0.342195 0.281663 0.017129 -0.000004 -0.102434 -0.000003 0.000000 0.000004 0.000003 0.000001 0.732883 4.139118 3.162634 0.320437 -0.357539 0.393682 0.286837 -0.117609 0.039068 -0.009388 0.016552 0.013660 0.575509 0.412826 0.316732 0.000012 0.000163 0.000002 0.000000 -0.000000 0.379719 1.537480 0.588317 0.075962 0.032383 0.003278 0.022094 0.407983 -1.134385 -0.017192 -0.008240 0.214946 2.287922 0.299750 0.053084 0.069527 -0.098377 -0.494786 0.400635 0.821206
0.000902 0.004493 0.007283 0.004701 0.010858 0.000414 0.000145 0.000041 0.004336 0.087789 0.193504 0.173513 0.130384 -0.080193 0.056604 -0.041527 0.000000 0.000010 -0.000001 0.355888 3.307397 2.784626 0.291953 0.084281 0.599522 0.492039 -0.029161 0.015322 -0.002023 0.081983 0.059694 0.028563 0.654740 0.335671 0.000084 -0.000000 -0.000001 -0.000000 0.331479 0.750689 0.849880 0.411859 0.208262 0.000599 0.008994 0.098320 0.496435 -1.317586 -0.066581 0.069944 0.295160 2.411449 0.292419 -0.116748 -0.052414 -0.141827 -0.523591 0.603270 1.175857
0.005311 0.000543 0.000536 0.018999 0.001327 0.001464 0.000238 0.000039 0.000155 -0.011911 0.090761 0.380489 0.300458 -0.071975 0.126768 -0.041614 -0.000004 0.000038 -0.000007 -0.093871 3.662205 2.183897 0.175337 0.305666 0.313304 0.690183 -0.050342 -0.003689 0.001734 0.000701 0.000626 0.000857 0.292751 0.675393 0.000447 -0.000141 -0.000132 -0.000178 0.447630 1.293434 0.984656 0.005088 0.003196 0.000453 0.004903 0.004446 0.417037 -0.351969 0.016254 0.146762 0.404697 2.562668 0.278064 -0.063250 -0.093585 -0.116666 -0.502810 0.705210 1.409964
0.001707 0.000345 0.000562 0.005885 0.008971 0.007656 0.000487 0.000041 0.004076 0.133551 0.229713 0.000525 0.000472 0.000981 0.317658 -0.041064 -0.000003 0.000251 -0.000009 -0.453341 4.123317 2.389005 0.280061 0.720437 0.157427 0.911538 0.022373 0.057347 0.017460 0.000359 0.000432 0.000438 0.003160 0.725919 0.363045 -0.002272 0.144885 0.054630 0.570058 1.236657 0.886822 0.000076 0.000000 0.001775 0.002989 0.000890 0.000660 -0.210448 0.020405 0.194863 0.685368 2.741168 0.395177 0.117941 -0.078965 -0.030928 -0.458397 0.932417 1.636100
0.001393 0.000205 0.000576 0.008462 0.003863 0.001213 0.003122 0.001666 0.005933 0.005476 0.001061 0.000314 0.000245 0.000543 0.001671 0.000671 0.000167 0.005322 0.695736 0.129826 4.927642 3.087404 0.127586 0.000711 0.127232 0.009933 0.043161 0.055034 0.019707 0.000812 0.000000 0.000000 0.023787 0.662940 0.943179 0.867717 0.240261 0.176617 0.245163 0.311324 0.252416 0.000428 0.000581 0.002486 0.000023 0.000017 0.000004 0.003039 0.124315 0.373174 0.808549 1.339638 0.039912 0.024229 0.272462 0.547967 -0.003568 1.413796 2.031557
0.001198 0.000215 0.000437 0.007693 0.000300 0.000198 0.000482 0.000246 0.001236 0.001078 0.000536 0.000018 0.000006 0.000002 0.000003 0.000308 0.000007 0.000168 0.469228 0.805279 3.977093 1.027037 0.005360 0.001068 0.010647 0.002649 0.010403 0.048461 0.033643 0.003500 -0.008664 0.224325 2.244179 2.233063 1.169402 0.576450 0.005105 0.002677 0.549498 0.345161 0.196770 0.000173 0.000662 0.001919 0.000064 0.000028 0.000002 0.000005 0.027126 0.054253 0.083891 1.541043 0.090483 0.000002 0.000731 0.000508 -0.001898 0.986284 1.232404
0.000396 0.000007 0.000282 0.002394 0.000002 0.000000 0.000000 0.000001 0.000001 0.000000 0.000000 -0.000001 -0.000003 -0.000000 -0.000000 -0.000000 0.000000 0.000000 0.618969 1.023737 2.087965 1.406131 0.002004 0.001331 0.005029 0.000532 0.000421 0.042159 0.089565 0.275403 0.114040 0.268461 0.736944 1.009363 0.944896 0.040314 0.001644 0.000025 0.304716 0.694082 0.125378 0.000194 0.000121 0.000202 0.000066 0.000003 -0.000005 0.000003 -0.000001 0.000005 0.110579 1.309007 0.590009 -0.000000 0.000000 0.000001 0.000224 1.321424 1.474594
0.000000 0.000006 0.000005 0.000065 0.000013 -0.001187 -0.000307 -0.000001 -0.000001 -0.000178 -0.000506 -0.002893 -0.000169 -0.000003 -0.000003 -0.003454 -0.005231 -0.001974 0.966415 1.173830 1.163861 1.122224 0.002889 0.000018 0.000409 0.000448 0.000266 0.052879 0.275703 0.473032 1.388087 0.503707 0.441752 0.234826 0.080180 0.024243 0.007148 0.009742 0.104385 0.555618 0.147747 0.001104 0.000391 0.000435 -0.000032 -0.000020 -0.001132 -0.039810 -0.000036 -0.000013 0.123818 1.022361 0.580350 0.153381 -0.008974 -0.000002 0.001863 3.053085 1.638314
-0.000280 -0.000009 -0.000005 -0.000021 -0.000012 -0.002397 -0.000914 -0.000932 -0.000791 -0.004088 -0.149216 -0.002956 -0.000197 -0.000010 -0.001471 0.159394 0.174661 0.968581 1.736869 1.916638 1.963558 0.813397 0.001655 0.000001 0.000000 0.000000 0.000000 0.179608 0.609034 0.926562 1.127424 0.000775 0.000702 0.000448 0.000009 0.000025 0.016809 0.033624 0.239370 0.532965 0.193986 0.012296 0.002794 0.002603 -0.003204 -0.001206 -0.262296 -0.089773 0.179088 -0.000009 0.127282 0.888537 0.659627 0.633158 0.685693 -0.000487 0.454644 3.649543 1.863044
-0.000916 -0.000192 -0.000005 -0.000007 -0.000250 -0.002815 -0.002412 -0.008127 -0.120156 0.826139 -0.200963 -0.580361 -0.000331 -0.000036 0.200439 0.193949 0.257664 1.436762 1.953099 1.780986 0.853582 0.447309 0.000838 0.000003 -0.000004 -0.006275 -0.003286 0.471967 0.793834 0.613674 0.000719 0.000516 0.000029 0.000000 -0.000000 0.000107 0.079255 0.133585 0.524237 0.517896 0.420391 0.017185 0.004526 0.002050 -0.017111 -0.010182 -0.079969 0.097771 0.256517 0.052775 0.136950 0.289341 0.303895 0.323341 1.040868 0.077159 1.764873 2.845169 2.277104
-0.001141 -0.000477 -0.000094 -0.000777 -0.000714 -0.002496 -0.013710 1.065286 1.045555 1.305140 -0.325778 -0.492524 -0.263254 -0.211408 0.050866 0.694014 0.947267 1.783871 1.523262 1.135821 0.079003 0.000638 0.000688 -0.000003 0.322349 0.075718 0.307540 0.594687 0.552292 0.010131 0.000413 0.000325 0.000347 0.001009 0.002612 0.000235 0.251372 0.175956 0.111742 0.050574 0.008280 0.021714 0.005289 0.000992 0.017152 0.386611 0.517989 0.569019 0.491943 0.238856 0.000548 0.000474 0.000956 0.000812 1.581385 1.176720 1.862592 3.236948 1.546412
-0.000091 -0.001095 -0.000536 -0.001918 -0.002659 -0.055981 0.749294 1.512650 0.732295 1.510757 -0.416887 -0.377578 -0.228554 -0.688387 -0.182386 0.904767 1.052223 1.552785 0.007533 0.003732 0.000365 0.001362 0.000630 0.108169 0.611248 0.355808 0.358731 0.650158 0.379161 0.000812 0.000461 0.000073 0.000154 0.000224 0.020322 0.433903 0.529573 0.023025 0.006763 0.005736 0.001347 0.011507 0.003408 0.007061 0.006731 0.009914 0.000568 0.000743 0.000944 0.000766 0.000032 0.000022 0.000006 0.003205 2.188135 1.589337 2.001401 1.824302 2.024965
-0.009786 -0.004792 -0.003574 -1.568202 0.547892 0.697388 1.801257 0.915345 0.000053 0.000173 0.043054 -0.000457 0.126759 0.153399 -0.134561 0.831298 0.797601 0.913546 0.000000 0.000000 -0.000022 0.139880 0.030703 0.400150 0.918962 0.456785 0.332114 0.217256 0.002257 0.000511 0.000175 0.000000 0.000000 0.000099 0.036228 0.269550 0.091225 0.039035 0.000546 0.000060 0.004970 0.002530 0.006228 0.000498 0.001385 0.001378 0.000222 0.000007 0.000001 0.000000 -0.000002 -0.000010 -0.000004 0.580674 2.675027 0.618157 0.418089 1.805728 2.046453
-0.010701 -0.012947 -0.087936 -1.020250 0.693960 0.986802 1.559382 0.015651 0.000000 0.000000 0.000000 0.868720 0.574289 0.563273 0.713475 0.736616 0.485397 0.127794 -0.002474 -0.005594 -0.145227 0.424869 0.136401 0.381136 0.927050 0.311942 0.223837 0.104530 0.000172 0.000283 -0.000001 -0.000110 -0.000000 -0.000000 0.000001 0.311356 0.000015 0.000392 0.000359 0.000709 0.016271 0.002749 0.000002 0.000549 0.000137 0.000005 0.000000 -0.000000 -0.000000 -0.000000 -0.043829 -0.059392 -0.042926 1.985916 2.291795 0.674420 0.452466 2.010875 2.417733
0.008999 -0.030779 -0.501034 -0.828387 0.566807 1.156196 1.746405 0.126835 -0.097224 -0.084876 -0.033954 1.243472 0.849923 0.033901 0.000358 0.000287 0.000008 0.000202 -0.105303 -0.002657 -0.123479 0.617231 0.155473 0.297348 0.583646 0.140157 -0.039958 0.001975 0.000000 -0.000004 -0.000332 -0.000329 -0.000255 -0.000318 -0.000001 0.381413 -0.000000 0.000007 0.000021 0.000302 0.000472 0.018917 0.000004 0.000003 0.000003 -0.000000 -0.000000 -0.000370 -0.000327 -0.000320 0.307761 1.294863 1.289081 1.971883 2.501661 0.857849 0.304161 1.286863 1.917560
0.001298 0.024636 -0.599762 -0.397039 0.559921 1.094374 1.769117 0.136416 0.004872 0.095066 0.555659 0.665083 0.039866 0.014662 0.000170 0.000004 -0.000000 0.000227 -0.124910 0.053412 -0.144114 0.706275 0.216534 0.190022 0.452656 -0.013883 0.042946 0.000009 -0.000000 -0.000004 -0.000718 -0.000355 -0.000542 -0.003760 0.136218 0.475916 -0.113941 -0.000002 0.000006 0.000001 0.000236 0.001905 0.000002 -0.000003 -0.000003 -0.000221 -0.000214 -0.001180 -0.002779 -0.009623 0.856502 2.407881 1.922114 2.116749 2.468147 0.575465 -0.381557 0.669982 0.882607
0.000096 0.001425 -0.433187 -0.347238 0.519059 1.095851 1.486576 0.055407 -0.116519 0.091823 0.685833 0.000000 0.000002 0.000004 0.000000 -0.000000 -0.005283 0.001548 -0.169535 0.132448 -0.192363 0.771975 0.201634 0.141291 0.335785 -0.115599 0.247155 0.000021 -0.000027 -0.000132 -0.001053 -0.001635 -0.008534 0.001607 0.109285 0.218119 0.005517 0.000016 -0.000002 -0.000001 0.000000 0.000000 -0.000010 -0.000550 -0.000324 -0.000830 -0.000877 0.000003 0.001067 0.015328 1.600067 2.608592 3.457672 4.783832 3.019001 0.660214 0.265007 -0.225343 -0.046392
0.000013 0.000025 0.000068 -0.018945 0.268083 1.106501 1.450589 0.017518 -0.230058 0.022120 1.318090 -0.000001 -0.000003 -0.000005 -0.000394 -0.000225 -0.296585 0.049675 -0.422884 0.367170 -0.169842 1.087892 0.289324 0.230746 0.426147 -0.134471 0.003313 0.000011 -0.000076 -0.000118 -0.000116 -0.000037 -0.000334 0.096103 -0.046994 0.038543 0.211864 0.000458 -0.000405 -0.000134 -0.000003 -0.000001 -0.000028 -0.003737 -0.001370 -0.001533 -0.000011 0.000881 0.000509 0.034478 1.606346 3.443551 3.362110 4.082467 2.278987 0.149587 0.712266 -0.595709 -0.481512
