use_cases/Flooding_chicago/flooding_data/output/hUy_900.asc
ncols 337
nrows 393
xllcorner 428428.000000
yllcorner 4602440.000000
cellsize 26.757400
NODATA_value -9999.000000
[rows 156 to 181 of 393, columns 58 to 115 of 337]
0.398866 -0.072891 0.384250 -0.112596 -0.090683 -0.085890 -0.567676 -0.034468 -0.014386 -0.070446 -0.094972 -0.094192 -0.114274 -0.472396 0.057359 -0.006229 -0.029892 -0.009599 -0.005455 -0.215863 -0.553169 -0.801185 -0.139887 -0.007362 -0.002370 0.008406 0.005798 0.001391 0.002034 0.002268 0.221241 0.230509 -0.014091 0.001571 -0.000435 -0.001796 0.000584 0.001276 0.011303 -0.065438 -0.030256 -0.000666 -0.000222 -0.000232 -0.000691 -0.001748 -0.006367 -0.011929 0.001173 0.005231 0.006917 -0.013398 -0.001147 0.036520 0.011524 -0.003587 0.158145 0.003285
0.112559 0.040553 0.732667 0.065815 -0.071461 -0.486469 -0.385626 -0.042146 -0.004429 -0.064187 -0.098135 -0.076775 0.001062 0.002361 0.001959 0.225124 -0.484317 -0.004470 -0.002840 -0.211052 -0.442395 -0.631771 -0.182699 -0.006190 -0.001742 0.008659 0.017436 0.003488 0.004625 0.005684 0.340432 0.234115 0.091816 -0.000539 -0.002063 0.000185 0.000350 0.000606 0.000352 -0.088783 -0.038007 -0.000474 -0.003946 -0.005356 -0.001506 -0.001637 -0.008785 -0.016890 -0.001835 0.007814 0.001640 -0.016580 -0.043809 0.036839 0.000326 0.000121 0.000891 0.002551
0.021663 0.016804 0.266414 0.006858 -0.052826 -0.099741 -0.323818 0.004640 0.000360 0.000360 -0.069135 -0.017751 0.000590 0.002247 0.001863 0.250881 -0.094830 -0.022424 -0.087364 -0.140145 -0.621089 -0.472222 -0.211978 -0.008293 -0.004147 0.016504 0.071544 0.007972 0.010443 0.013852 0.066376 0.049944 0.256816 0.005506 -0.001448 -0.000054 -0.001144 -0.001351 -0.000478 -0.067693 -0.038915 -0.001390 -0.013994 -0.003548 -0.027023 -0.003136 -0.014733 -0.021134 0.000000 0.000198 -0.000943 -0.000076 -0.050821 -0.000003 -0.000208 -0.000106 -0.000382 -0.002854
0.019257 0.029506 0.023718 0.008351 -0.157626 -0.060812 -0.224314 0.034271 -0.000360 -0.000360 -0.042867 0.013459 -0.022895 0.020638 0.001121 0.238971 -0.010227 0.160190 -0.150597 -0.178857 -0.514889 -0.330237 0.031277 0.005686 -0.001889 0.001387 0.012032 0.008976 0.016435 0.106282 0.009622 0.026049 0.063450 0.055294 -0.002383 -0.017758 -0.001046 -0.001239 -0.103550 -0.215703 -0.109187 -0.000551 -0.002783 -0.013804 -0.030067 -0.171967 -0.025909 -0.012014 -0.003040 -0.000397 -0.000856 -0.005883 -0.098461 -0.066473 -0.041447 -0.031097 -0.003554 -0.072433
0.012447 -0.001750 -0.008343 -0.004709 -0.137304 -0.017736 -0.091267 0.020991 -0.045602 -0.141175 -0.026994 -0.014906 0.286547 0.269462 0.115772 0.197857 0.063426 0.273257 -0.204237 -0.129498 -0.352083 0.165889 0.039371 0.040192 0.001268 0.000880 0.000477 0.004519 0.071209 0.172063 0.005939 0.006825 0.006051 0.014212 -0.001066 -0.331635 -0.007362 -0.001659 -0.134348 -0.204139 0.000105 0.000132 -0.001076 -0.022396 -0.162623 -0.702058 -0.016944 -0.004489 -0.002151 -0.000419 -0.000281 -0.034416 -0.484577 -0.358974 -0.536939 0.062969 0.400023 0.022602
-0.001973 -0.010474 -0.066064 -0.081062 -0.045170 0.031914 -0.071604 0.004702 -0.085335 -0.260015 0.008119 -0.042746 0.327173 0.455402 0.356145 0.147870 0.173891 0.362050 -0.296343 -0.074120 -0.211162 0.008538 0.029379 0.606475 0.010604 0.000103 0.000000 0.000000 -0.002712 0.101193 0.003721 0.000000 0.000000 0.000000 -0.031343 -0.020967 -0.349045 -0.097565 -0.153781 -0.155149 -0.000128 -0.000372 -0.007097 -0.003923 -0.000330 -0.275115 0.000137 -0.002612 -0.001825 0.000183 0.000152 0.000343 0.016344 -0.059251 -0.516530 0.120489 0.363909 0.001526
0.038077 0.033365 -0.026565 -0.063021 0.116120 0.059950 -0.120187 -0.002953 0.022909 -0.119927 0.139761 0.107178 0.317234 0.555060 0.472265 0.157139 0.429065 0.531561 -0.340651 0.067566 -0.015397 -0.108110 0.020731 0.254695 0.056604 -0.000144 -0.000477 -0.013803 -0.008235 0.061094 0.001622 -0.002105 -0.001102 0.006950 0.010372 0.331004 -0.340216 -0.064374 -0.105555 -0.478232 -0.007053 -0.008580 -0.044511 -0.002355 -0.061454 -0.192628 -0.000663 -0.002543 -0.002353 -0.000642 -0.000238 0.000261 0.000633 0.028149 -0.247953 0.054452 0.266783 0.002258
0.030743 0.009527 0.001086 -0.226988 0.217941 0.089823 0.001272 0.025706 0.121716 -0.097935 0.167676 0.248896 0.378386 0.383504 0.478235 0.217172 0.008450 0.037212 -0.223588 0.223544 0.058984 0.585895 0.667989 0.133576 0.157164 0.032443 -0.012054 -0.011012 -0.012126 0.000732 0.000953 -0.003044 -0.001173 0.082113 0.030178 0.430840 0.010735 0.053890 -0.051977 -0.344240 -0.091038 -0.239252 -0.321138 -0.155054 -0.025127 -0.254715 -0.087206 -0.006834 -0.007757 -0.009528 -0.027943 -0.003434 -0.001158 0.000677 0.000965 0.000961 0.000795 0.000386
0.010446 0.001026 0.001345 -0.066451 0.342736 0.109631 0.184056 0.077657 0.244238 -0.162784 0.355959 0.479510 0.522753 0.492912 0.668049 0.002755 0.005501 0.026815 0.011778 0.048556 0.573608 1.866793 0.062213 0.013036 0.326321 0.090677 0.002501 0.026813 -0.003918 -0.000412 -0.002272 -0.003156 -0.001465 0.010159 0.281006 0.006319 0.003663 0.006947 -0.015077 -0.135990 0.018628 0.012044 -0.546611 -0.898807 -0.199767 -0.142377 -0.072845 -0.017703 -0.014085 -0.008493 -0.082407 -0.058415 -0.017635 -0.000942 -0.001066 -0.001011 -0.000816 -0.000390
0.000414 0.001411 0.005453 0.193961 0.791249 0.321623 0.049386 0.353158 0.734927 -0.101179 0.057137 0.064780 0.130420 0.482887 0.755246 0.005521 0.000788 0.001166 0.012703 0.012194 0.010035 0.036702 0.012220 0.017691 0.034938 0.025263 0.170247 0.011010 0.103248 -0.001029 -0.001870 -0.025585 -0.001237 0.000008 0.000098 0.000000 0.000000 0.000067 0.000074 -0.043128 0.040141 0.032862 -0.324820 -0.731182 -0.922366 -0.052576 0.000529 0.005372 -0.008505 -0.051295 -0.031919 -0.189922 -0.006177 -0.000784 -0.029760 -0.026062 -0.017261 -0.004230
0.000050 0.004300 0.052461 0.297141 0.243701 0.089616 0.021165 0.165563 0.156974 0.016804 0.012653 0.004967 0.282238 0.436825 0.658584 0.008398 -0.000183 -0.000055 0.000135 0.000076 0.000214 0.005094 0.007847 0.004197 0.008342 0.008019 0.032336 0.057984 0.124661 -0.009917 -0.018215 -0.016766 -0.020628 -0.021034 -0.001104 -0.013198 -0.005350 -0.000464 -0.000141 0.000313 0.000021 0.000163 0.000377 -0.751908 -0.744976 -0.008582 -0.000066 0.000000 -0.004578 -0.062302 -0.119964 -0.315410 -0.113421 -0.007323 -0.754148 -0.896019 -0.035981 -0.002097
-0.000367 0.016738 0.104008 0.220199 0.149702 0.001490 0.060438 0.058796 0.039148 0.039010 0.021244 0.008318 0.490846 0.447001 0.445047 0.014522 -0.000727 -0.011308 -0.000169 -0.000063 -0.000058 0.000000 0.000000 0.000000 0.000000 0.000320 0.026280 0.019844 0.259246 -0.093163 -0.124664 -0.128431 -0.000615 0.004394 0.006621 -0.161032 -0.013031 -0.006939 -0.004882 -0.000882 -0.023869 -0.001702 -0.000202 -0.518208 -1.772058 -0.039505 -0.007194 -0.003663 0.002685 -0.008307 -0.465746 -0.076339 -0.035134 -0.089850 -0.025841 -1.079311 -0.014894 -0.018641
-0.002241 0.035999 0.099228 0.157348 0.051173 0.003952 0.081432 0.089191 0.045473 0.048299 0.018635 0.007519 0.790218 0.507955 0.337436 0.056504 -0.011960 -0.010464 -0.055239 -0.009699 -0.012723 -0.006965 -0.010009 -0.021817 -0.019482 -0.000565 0.015664 0.011838 0.013130 -0.031458 -0.072101 -0.139272 0.015165 0.026416 0.022495 -0.139325 -0.642557 -0.064749 -0.008366 -0.004649 -0.043725 -0.110872 -0.316838 -0.852917 -2.094300 -0.026176 0.000637 -0.011257 0.035660 0.028925 0.127389 0.065785 0.157834 0.087173 0.028084 -0.633318 -0.335969 -0.236063
0.022894 0.045003 0.070765 0.073742 0.007014 0.080209 0.552129 0.532502 0.082563 0.273353 0.217427 0.368741 0.891031 0.007233 0.011697 0.012062 -0.028625 -0.015640 -0.111792 -0.059059 -0.024272 -0.019937 -0.036770 -0.050445 -0.026683 -0.000348 0.000010 0.000360 0.000360 0.000122 -0.044163 -0.045441 0.087864 0.090823 -0.000749 -0.041384 -0.047781 -0.027798 -0.006085 -0.003426 -0.228408 -0.234064 -0.437371 -0.820123 -0.556728 0.001130 0.013280 0.002534 0.043676 0.012774 0.014246 0.179739 0.012662 0.003663 0.000187 -0.013643 -0.001206 -0.159943
-0.042136 0.000000 0.000000 0.000000 0.099516 0.167686 1.057827 0.633849 -0.234087 0.266045 0.025693 0.068845 0.010272 0.000006 0.000203 0.000006 -0.041931 0.160419 -1.268576 -0.186300 0.063425 -0.072429 -0.043874 -0.026263 -0.030472 -0.005447 -0.008693 -0.000360 -0.000360 -0.000093 -0.123062 -0.017269 0.000020 0.000785 -0.009170 0.086917 -0.020071 -0.015782 -0.034303 -0.017705 -0.107154 -0.374238 -0.504331 -0.639415 -0.313391 0.000063 0.000000 0.003973 0.023190 0.000352 0.000158 0.012506 0.001407 0.000000 -0.000102 -0.003933 -0.001998 -0.066205
-0.089387 -0.109059 -0.064609 0.105565 0.120587 0.176562 1.384049 1.560790 -0.338261 0.085493 0.011240 0.000632 -0.004271 -0.021669 -0.000462 -0.006177 -0.202722 0.129087 -0.368403 -0.117157 0.096945 -0.092323 -0.008397 -0.009211 -0.035998 -0.042418 -0.018765 -0.007478 -0.015326 -0.031983 -0.898903 -0.053724 -0.007736 0.000224 0.001033 0.001541 0.001038 0.029651 -0.000788 0.032648 -0.241032 -0.482160 -0.391806 -0.617381 -0.086526 -0.000617 -0.009857 -0.001167 0.000416 -0.000170 -0.000106 -0.000001 -0.000240 -0.008653 -0.013876 -0.071709 -0.014630 -0.023789
-0.042221 -0.191874 -0.449860 0.089503 0.154544 0.086041 0.318928 0.166438 0.000015 0.000395 0.000767 0.000291 -0.001758 -0.077143 0.001833 -0.069089 -0.280771 0.078439 -0.307427 -0.001259 0.003459 0.009223 -0.003224 -0.003955 -0.008824 -0.091318 -0.057661 -0.047742 -1.081034 -0.023050 -0.176327 -0.200728 -0.018472 -0.000643 -0.000763 -0.000551 0.000789 0.009746 0.020281 0.008481 -0.128427 -0.603319 -0.466139 -0.613286 -0.057384 -0.044220 -0.038490 -0.000637 0.000123 -0.000739 -0.007624 -0.007296 -0.011603 -0.015804 -0.458733 0.030063 -0.635088 -0.041370
0.045078 -0.003405 0.279664 0.124533 0.118621 0.076656 0.061906 0.046765 -0.193385 -0.000602 -0.000836 -0.000614 -0.000778 0.034810 0.025798 -0.021948 -0.236084 -0.005815 -0.284009 0.000145 0.001219 -0.002538 -0.002635 -0.011810 -0.025829 -0.031789 -0.354600 -0.378723 -0.639904 0.392100 0.133506 -0.005006 -0.002775 -0.012752 -0.024140 -0.001364 -0.000933 0.000414 0.008775 0.000212 -0.000788 -0.551002 -0.445756 -0.598408 -0.108138 -0.322111 -0.004013 0.000020 0.000136 -0.000607 -0.021306 -0.025920 -0.027639 -0.023204 0.837648 0.320696 -0.215853 -1.617052
0.164938 0.166057 0.680496 0.208627 0.157613 0.123553 0.127384 0.084949 -0.179085 -0.139061 -0.081212 -0.160894 -0.000843 0.114291 0.060338 -0.557936 -0.204111 -0.082983 -0.281880 0.000332 0.021087 -0.004144 -0.018983 -0.024634 -0.260035 0.081352 -0.075314 -0.238956 0.001102 0.011629 0.009589 0.037717 -0.002620 -0.021735 -0.039251 -0.027882 -0.001273 -0.000591 -0.000022 -0.000102 -0.000018 -0.429503 -0.389057 -0.564645 -0.519948 -0.262452 0.000073 0.000000 -0.000070 -0.009472 -0.031719 -0.346387 -0.112238 -0.016205 0.564245 0.460706 0.052552 -1.212279
0.120162 0.066294 0.167154 0.113398 0.070005 0.029309 0.040279 0.018495 -0.093525 -0.235319 -0.636241 -0.412588 0.059998 0.100657 0.051128 -0.135882 -0.271560 -0.209383 -0.382785 -0.003471 0.000742 0.417729 -0.437754 0.049981 -0.120182 0.049829 -0.000935 -0.000036 -0.000350 0.000000 0.000000 -0.000070 -0.028317 -0.038426 -0.456587 -0.052378 -0.008196 -0.005268 -0.010351 -0.000685 -0.000110 -0.424868 -0.441455 -0.665767 -0.357729 -0.253692 -0.000144 -0.004212 -0.008252 -0.030285 -0.067542 0.053157 0.018275 0.000000 0.012200 0.039290 0.664689 0.815411
0.006792 0.001146 0.060800 0.050918 0.026830 0.005483 0.019422 0.007764 0.005576 -0.095400 -0.402498 -0.177524 0.011337 0.010979 -0.014213 0.013214 -0.274668 -0.382598 -0.601904 -0.004392 0.003541 0.010591 0.028229 0.259921 -0.042668 0.000733 -0.000872 -0.050206 -0.014193 -0.001325 -0.006410 -0.011893 0.052019 -0.585917 -0.528692 0.076547 -0.001608 -0.026055 -0.031228 -0.002235 -0.000955 -0.152076 -0.238649 -0.407615 -0.416483 -0.315461 -0.008684 -0.007710 -0.013486 0.087655 0.084824 0.058721 0.062145 -0.007117 0.000731 0.032627 0.016354 0.012372
-0.011823 -0.003661 0.093837 0.076727 0.037244 0.003937 0.055583 0.030308 0.012323 0.028850 0.460618 0.280693 -0.033650 -0.069790 -0.051212 -0.008705 -0.233655 -0.443157 -0.679573 -0.372260 0.000572 0.000453 0.033727 0.021563 0.002367 -0.000348 0.005158 -0.227138 -0.008114 -0.000840 -0.019607 -0.338431 0.119350 -0.602941 0.007004 0.007944 0.007004 -0.002134 -0.066442 -0.021613 0.145114 -0.048336 -0.161886 -0.359599 -0.320952 -0.746216 -0.039489 -0.007951 -0.025541 0.092770 0.126841 0.157839 0.163857 -0.022729 0.000096 0.001257 0.010162 0.005097
-0.003935 0.053498 0.096048 0.080660 0.039912 0.197165 0.136045 0.114401 0.045725 0.117305 0.160569 0.123359 0.306229 -0.047685 -0.233367 -0.096981 -0.121730 -0.465964 -0.715547 -0.464164 -0.000195 -0.000024 0.000000 0.000065 0.000716 0.014527 0.019923 -0.091331 -0.290094 -0.011510 -0.006452 0.000510 0.000387 -0.352031 0.000000 0.000000 0.000065 0.000001 -0.288291 -0.362333 0.206528 0.001746 0.000697 -0.278767 -0.188998 -0.822922 -0.297959 -0.207376 -0.128093 0.012099 0.134574 0.332389 0.552056 -0.102062 -0.007316 0.000252 0.000360 0.001154
0.025102 0.049714 0.172492 0.068078 0.038367 0.064047 0.031032 0.021459 0.008112 0.034567 0.068648 0.033230 0.046012 -0.022968 -0.021361 -0.060351 -0.094208 -0.530147 -1.240535 -0.999752 0.011595 -0.014173 -0.005372 -0.000540 0.013730 0.080522 0.073585 0.009697 -0.281476 -0.212740 -0.003075 -0.001498 -0.000477 -0.316987 -0.005342 -0.005378 -0.000547 -0.000004 -0.148156 0.142771 0.094538 0.000485 -0.000156 -0.124705 -0.129293 -0.533265 -0.226222 -0.586652 -0.292381 0.037250 0.042714 0.334077 0.783348 0.053677 0.000030 0.000067 0.000031 0.000337
0.004252 0.041396 0.140915 0.061401 0.002578 0.002747 0.002230 0.001016 0.000248 0.000321 0.105274 0.000767 0.009183 0.026067 0.280756 0.000751 0.001644 -0.991296 -1.049886 -0.914927 0.148570 -0.220445 0.161683 0.002647 0.008187 0.021667 0.014828 0.023195 -0.152922 -0.144938 -0.237385 -0.001177 -0.038143 -0.735887 -0.020327 -0.013948 -0.004640 0.000228 0.026752 0.491876 -0.059020 -0.001392 -0.012205 -0.073050 -0.301674 -0.315988 -0.148748 -0.385029 -0.221436 -0.014124 -0.044378 0.430409 1.096717 0.009688 0.007354 -0.000214 -0.000167 -0.000195
-0.001498 0.050471 0.002433 0.003637 0.003179 0.001038 0.000262 0.000052 -0.000149 0.000130 0.092602 0.001169 0.001298 0.023745 0.087769 0.001921 0.002021 -1.007677 -1.176059 -1.044195 0.043446 -0.212055 0.249769 0.005609 0.000626 0.008624 0.006411 0.016594 0.347097 0.027474 -0.194526 -0.110945 -0.773419 -0.677799 -0.371439 -0.020923 -0.014253 0.000554 0.008439 0.016069 0.001150 -0.013418 -0.022481 -0.067091 -0.390340 -0.458000 -0.048600 -0.262835 -0.312691 0.017955 -0.036853 0.375578 1.181544 0.000109 -0.000095 -0.001247 -0.007910 -0.000380
