use_cases/Flooding_chicago/flooding_data/output/hUy_2520.asc
ncols 337
nrows 393
xllcorner 428428.000000
yllcorner 4602440.000000
cellsize 26.757400
NODATA_value -9999.000000
[rows 208 to 233 of 393, columns 58 to 115 of 337]
-0.236870 0.002798 -0.083028 -0.068918 -0.070183 -0.101937 -0.009788 -0.029120 -0.095223 0.091351 -0.028920 0.086253 0.379393 -0.973105 -1.494337 -0.878071 -0.405673 -0.461841 -0.005763 0.014424 -0.269789 -0.324617 -0.035487 0.110356 -0.002752 -0.009250 -0.025668 0.115415 0.031824 0.273377 0.020125 0.241513 0.275180 0.163549 -0.217741 0.387505 0.185856 0.146988 0.284010 0.975170 0.964825 1.128347 2.116152 3.377271 2.722567 1.817279 0.900632 0.267161 0.150416 0.218558 0.246123 0.025279 0.007362 0.038555 0.006473 -0.000356 -0.000367 -0.000718
-0.230920 -0.010860 -0.134551 -0.075532 -0.114571 -0.115179 -0.067356 0.001422 -0.003666 0.187807 0.109151 0.219426 0.624167 -0.142343 -0.861325 -0.639021 -0.035008 -0.062438 0.223712 0.094039 -0.148114 -0.304873 -0.216734 0.069050 -0.008726 -0.071251 0.058340 0.171352 0.031967 0.226875 0.020735 0.271340 0.272297 0.187100 -0.081532 0.474153 0.241381 0.222533 0.303970 0.686241 0.785443 1.135167 1.747387 2.940548 2.906410 1.990516 1.107529 0.301392 0.048166 0.110733 0.082668 0.000360 0.000360 0.012618 0.018950 -0.074876 -0.073254 -0.012140
-0.234501 -0.065664 -0.154946 -0.089545 -0.144168 -0.201261 -0.129352 -0.003626 0.060813 0.177756 0.069551 0.106158 0.439520 0.049352 -0.546399 -0.417695 0.111829 0.146570 0.211736 0.100594 -0.047198 -0.291777 -0.243132 0.115871 -0.034635 -0.059116 0.095892 0.151974 0.023045 0.186225 0.011513 0.129261 0.227064 0.199087 0.056330 0.482841 0.207355 0.170371 0.356061 0.702547 0.778529 1.137701 1.775700 3.013760 3.069453 2.250890 1.067127 0.265151 -0.012094 0.104061 0.100279 -0.000360 -0.000360 -0.007531 -0.012865 -0.306280 -0.214445 -0.302889
-0.183802 -0.083533 -0.142966 -0.086942 -0.151742 -0.229138 -0.183236 -0.018542 0.068255 0.127151 -0.017150 0.047356 0.364208 0.025748 -0.364577 -0.298738 0.210685 0.325003 0.059813 0.010563 -0.027316 -0.077186 -0.187409 0.134339 -0.092848 -0.089480 0.051108 0.145092 0.016149 0.108135 0.010952 0.103578 0.160359 0.221115 0.216333 0.466858 0.257790 0.177875 0.237259 0.607608 0.708143 1.250836 2.507748 3.576400 3.773808 2.427510 1.659232 0.118540 -0.045661 0.060761 0.124333 -0.007358 -0.099730 -0.569709 -0.412279 -0.392332 -0.690373 -1.138327
-0.138678 -0.066836 -0.113946 -0.074980 -0.153522 -0.240869 -0.162043 -0.018935 0.044786 0.100107 -0.080772 -0.046650 0.299787 0.054221 0.011802 -0.216624 0.168959 0.443296 0.000468 0.020854 0.010696 0.022290 0.006541 0.287920 -0.062588 -0.116933 0.030592 0.104635 0.013723 0.017714 -0.009131 0.074869 0.040148 0.092200 0.370170 0.458997 0.321514 0.169299 0.224717 0.417718 0.665408 1.050796 2.349282 3.836922 3.780708 2.865736 1.374572 0.171424 -0.055681 0.005420 0.041056 -0.005522 -0.479595 -0.715553 -0.554371 -0.447172 0.048337 0.038939
-0.107222 -0.042905 -0.049625 -0.020581 -0.100927 -0.159222 -0.132500 0.010082 0.071444 0.118787 -0.143150 -0.155375 0.304490 0.004884 0.018508 0.083859 0.203554 0.014973 0.000681 0.029395 0.012927 0.057555 0.030213 0.028871 0.000376 -0.128562 0.013962 0.067013 0.000505 0.008058 -0.039833 0.023370 0.018571 0.018499 0.365205 0.509457 0.456576 0.153921 0.182146 0.277743 0.505753 0.961765 2.390610 3.572525 4.251540 2.645727 1.800408 0.270417 0.002472 0.002368 0.000000 0.000000 -0.055452 -0.828334 -0.698869 -0.014790 0.001502 0.013938
-0.082839 -0.019803 -0.005676 0.024918 -0.049992 -0.110459 -0.076170 0.033271 0.145775 0.117512 -0.181078 -0.249990 0.438087 0.000000 0.000000 0.002120 0.004549 0.000433 0.000710 0.030823 0.001798 0.010726 0.000804 0.000035 -0.000142 -0.000020 -0.000057 -0.000031 -0.000148 -0.000005 -0.019667 -0.013256 -0.015746 -0.012693 0.341880 0.450020 0.391053 0.132871 0.000528 0.047688 0.213693 0.706016 1.971549 3.547787 4.687959 3.750451 2.352574 0.338141 0.206048 0.045508 -0.006902 -0.007500 -0.698042 -0.714511 -0.620116 -0.002097 0.000866 0.000222
-0.066343 -0.013120 0.020927 0.053272 -0.018443 -0.057969 -0.047752 0.051924 0.204599 0.138892 -0.210092 -0.125198 0.009025 -0.000576 -0.011504 -0.000996 -0.009753 -0.000329 -0.000527 0.000582 0.000392 0.000000 -0.000166 -0.004343 -0.053240 0.021850 0.015808 0.004857 0.006359 0.028979 0.089259 -0.020156 0.004456 0.011018 0.428372 0.494469 0.466325 0.115183 -0.135022 -0.209624 0.013063 0.374731 1.900671 3.260520 5.052966 3.612143 3.270738 1.252282 0.548356 0.292471 -0.523372 -0.233076 -0.661948 -0.539795 -0.496273 0.000720 0.000174 -0.000222
-0.066334 -0.012810 0.030066 0.059347 -0.027148 -0.043535 -0.028659 -0.035588 -0.001179 0.032783 0.011667 -0.000006 -0.000012 -0.000570 -0.004600 -0.094777 -0.222304 -0.021287 -0.007781 -0.001026 -0.001919 -0.006437 -0.000797 -0.008327 -0.047039 0.019408 0.017314 0.005683 0.009241 0.035553 0.188311 0.000389 0.062796 0.089739 0.023938 0.028190 0.039555 0.005863 -0.047532 -0.284761 -0.076617 0.063414 2.129447 3.676807 5.101636 4.260722 3.378036 1.748748 0.907788 0.821914 -0.588792 -0.163266 -0.619644 0.032436 0.002353 0.002411 -0.001836 -0.025122
-0.059502 -0.019500 0.034376 0.076283 -0.013987 -0.007224 -0.010284 -0.070185 -0.024750 0.018755 0.156656 0.000493 -0.023065 -0.025063 -0.125161 -0.036996 -0.077793 0.062286 -0.003006 -0.000812 -0.039830 -0.037856 -0.001533 0.084149 -0.027629 0.000885 0.001292 0.015716 0.021110 0.061605 0.020107 0.039597 0.115075 0.034423 0.014212 0.010098 0.016436 0.000645 0.001386 -0.090380 -0.011876 0.092665 2.329620 3.330582 2.693908 3.106523 3.311762 1.729061 1.235081 1.386185 0.084035 0.051699 0.000231 0.000165 0.001372 -0.003848 -0.036044 -0.097577
-0.065943 -0.029796 0.042406 0.090329 0.001154 0.015905 -0.004209 -0.081264 -0.012165 0.043855 0.128965 -0.081557 -0.098066 -0.118042 -0.089454 0.020014 0.021627 0.135231 -0.002582 0.004017 -0.208879 -0.004112 0.000831 0.000447 0.058576 0.000877 0.002710 0.032077 0.065538 0.018210 0.000471 0.043634 0.031920 0.032642 0.000381 0.000780 0.000847 0.000314 0.005454 0.017374 0.064070 0.232236 2.523029 2.583115 2.980734 3.486789 2.172593 1.721318 1.539718 1.867900 0.412408 0.137317 -0.000543 -0.001105 -0.034579 -0.101776 -0.151465 -0.606506
-0.104858 -0.035382 0.047243 0.129258 0.020233 0.061759 -0.000941 -0.109312 -0.014154 0.061165 0.081211 0.007097 -0.006110 -0.034337 -0.037680 0.136874 0.135957 0.001122 -0.001277 0.021969 -0.113543 -0.000013 -0.000308 -0.000295 0.000384 -0.002260 0.002824 0.005554 0.036685 0.009485 0.000691 0.067185 0.000026 0.000537 -0.000387 -0.000804 -0.000853 -0.000610 0.015157 0.038827 0.055012 0.202506 1.474449 3.276599 3.268401 3.832672 2.214984 0.545446 0.659531 1.027229 0.668871 0.230658 0.114216 0.051312 -0.036699 -0.058799 -0.174382 -0.590411
-0.099073 -0.034529 0.047515 0.162582 0.044063 0.082797 0.008681 -0.150290 -0.029123 0.110078 0.052700 0.037661 0.029883 -0.023438 -0.020400 0.246612 0.283323 0.001529 0.000361 0.037790 -0.120545 -0.013674 -0.000771 -0.004893 -0.000995 -0.009990 -0.001648 0.002221 0.009003 0.000989 0.000652 0.052156 -0.018685 -0.001062 -0.011604 -0.010380 -0.041391 -0.031186 0.002039 0.002824 0.001770 0.409619 2.038935 2.425601 3.794625 4.510310 0.894156 0.636406 0.744739 1.251197 0.249859 0.329647 0.177596 0.091078 -0.024033 0.049647 -0.255188 0.006958
-0.069137 -0.005347 0.076456 0.186881 0.084568 0.108048 0.062298 -0.540686 -0.035610 0.013866 0.002071 0.044535 0.058600 0.000176 0.000343 0.194986 0.269404 0.000287 0.000000 0.000234 0.028758 -0.393170 -0.452766 -0.003136 0.081052 0.042180 -0.161511 -0.000000 -0.000003 -0.000071 -0.000351 0.010835 -0.001113 -0.000898 -0.031198 -0.027648 -0.101193 -0.020539 0.383376 0.391219 0.509644 1.130500 2.144967 4.156651 2.624592 2.572701 0.370200 0.170566 0.305936 1.453670 0.360744 0.809783 0.206761 0.103935 0.051043 0.099613 -0.151862 0.001427
-0.057296 -0.029375 0.046597 0.129384 0.034817 0.140163 0.100639 -0.135836 0.000277 0.000222 0.000984 0.058918 0.041868 -0.000349 -0.013328 0.157096 0.289494 -0.024418 -0.009426 -0.000531 0.101058 -0.419732 -0.412835 0.475244 0.320860 0.397054 0.166105 0.024750 0.005306 -0.001015 -0.000838 -0.044298 0.016206 -0.000516 -0.005181 -0.100610 0.081333 0.153902 0.984654 0.893858 1.028320 1.556023 2.552656 3.361804 2.428620 0.623100 0.540994 0.000000 0.484410 0.476588 0.792137 0.702463 0.398634 0.057347 0.053598 0.162782 0.030901 0.008302
-0.064694 -0.045036 0.010465 0.097205 -0.000378 0.185347 0.190200 0.077509 0.000040 -0.000222 -0.000321 -0.186785 -0.227245 -0.221872 0.118012 0.293056 0.489006 0.042621 0.049936 0.037341 0.220436 -0.318304 -0.345839 0.417178 0.089295 0.084991 0.129217 0.067289 0.015664 -0.003079 -0.010370 -0.044356 0.000000 0.007036 -0.100216 -0.032061 0.185839 0.281567 1.633966 1.082430 1.176690 1.910794 2.532732 3.188722 1.801408 0.508256 0.444288 0.158843 0.422428 0.462942 0.643411 0.651428 0.404918 0.064553 0.001426 0.009826 0.134643 0.032910
-0.044308 -0.016009 -0.015410 0.063486 -0.019321 0.142920 0.234211 0.304785 -0.054985 -0.101620 -0.152933 -0.353857 -0.327875 -0.183910 0.116873 0.053265 0.359213 -0.052716 0.167051 -0.031560 0.336374 0.054334 0.358245 0.093553 0.000222 0.090343 0.004134 0.012165 0.071491 -0.003630 -0.006822 -0.026394 0.001690 0.008545 -0.113092 -0.069812 0.738496 1.029281 1.907618 1.363663 1.447913 2.211454 2.342651 2.549174 1.390170 0.659597 0.495749 0.149263 0.332065 0.394499 0.679901 0.729090 0.588906 0.243271 0.000107 0.000515 0.001014 0.047188
-0.047791 -0.055230 -0.041323 0.008790 0.010078 0.119959 0.224603 0.194574 0.038953 -0.254038 -0.197507 -0.417338 -0.323633 0.032102 0.385604 0.029519 0.352861 -0.178903 0.284746 0.023690 0.461891 0.388363 0.805728 0.207117 -0.000222 0.049207 0.001117 0.010425 0.073376 0.011599 0.000408 -0.010508 0.003954 -0.008935 -0.139626 -0.084670 0.836861 1.357563 1.723689 1.665986 1.786035 2.172044 2.189116 1.956352 1.222331 0.603452 0.385782 0.127370 0.257625 0.343066 0.338594 0.421451 0.442745 0.453133 -0.000362 -0.000234 0.000103 0.003505
-0.054594 -0.075371 -0.070095 -0.074502 0.024731 0.088217 0.211162 0.103788 0.103102 -0.184473 -0.035480 -0.162194 -0.206201 0.037718 0.008396 0.006941 0.021661 -0.158719 0.597058 0.013006 0.025840 0.010807 1.219174 0.383149 0.077062 0.019055 -0.000914 0.000326 0.020091 0.034077 -0.000099 0.000649 0.001452 -0.006964 -0.065212 -0.149578 1.002582 1.565897 1.880377 1.882821 2.026634 2.301902 1.376147 1.107286 1.026561 0.312085 0.257491 0.118394 0.176526 0.721771 0.302517 0.416568 0.451059 0.421047 0.140912 -0.052144 0.066297 0.002320
-0.024688 -0.099394 -0.092668 -0.108631 0.012639 0.076892 0.237325 0.039600 0.276032 0.033788 0.011720 -0.088816 0.022402 0.021177 0.000222 0.000103 0.000323 0.001008 0.050910 0.001909 0.010273 0.000737 0.408432 1.231799 0.078211 0.001066 -0.000003 -0.000208 -0.012267 0.020008 0.009723 -0.000408 0.001597 0.001420 0.018019 0.003470 1.213372 1.746139 2.445845 2.016177 2.171249 2.250940 1.384115 0.998711 0.858984 0.248781 0.005764 0.004867 0.137189 0.383245 0.267465 0.399109 0.422156 0.353868 0.166934 0.234943 0.145645 -0.003924
-0.016147 -0.101884 -0.091229 -0.124598 0.029140 0.136395 0.322536 0.000597 0.581929 0.148880 0.203799 0.154613 0.005429 0.008531 -0.000222 -0.000103 -0.000279 -0.000987 0.001153 0.000540 0.000000 -0.000089 0.434369 1.074467 0.000024 -0.000833 -0.040076 -0.058593 -0.029277 0.009254 0.011296 0.005067 0.001212 0.001061 0.000054 0.006933 1.072348 2.269745 2.677770 2.890388 2.673563 2.210541 1.791349 0.883610 0.413879 0.199257 0.007725 0.007125 0.000360 0.058236 0.270914 0.355784 0.384485 0.294169 0.164931 0.152788 0.221808 0.443572
-0.031937 -0.104391 -0.091183 -0.252093 0.065566 0.176942 0.426282 0.001933 0.025519 0.043688 0.115114 0.077264 0.000000 0.000000 -0.000375 0.000043 0.168742 -0.414460 -0.000818 -0.002082 0.081594 0.128459 0.733219 0.912840 -0.000934 -0.034094 -0.285719 -0.499847 -0.017365 0.000392 0.000813 0.001000 0.000805 -0.000299 -0.020554 0.337503 1.226966 2.117995 2.723062 2.847164 2.497718 2.247737 1.679848 0.341100 0.017642 0.015675 0.011072 0.000658 -0.000156 0.118460 0.066239 0.269693 0.335533 0.251728 0.000001 0.000042 0.001366 0.460247
-0.035702 -0.096771 -0.081150 -0.197196 0.103931 0.248663 0.612696 0.021302 0.000196 0.003410 0.034579 0.036050 -0.074673 -0.006984 -0.001958 0.000348 0.158590 -0.140647 -0.000977 -0.010895 0.026740 0.062067 0.738353 0.695515 0.217454 0.362563 0.124751 0.231525 -0.005503 -0.000397 -0.000842 -0.001145 -0.002144 -0.000861 0.120788 1.078668 1.951945 2.062001 2.782537 2.931977 2.801436 2.281857 1.196368 0.002454 0.016224 0.016995 0.000543 0.000075 0.121612 0.161234 0.094945 0.238718 0.398760 0.212781 -0.039745 0.001188 0.002599 0.003780
-0.004640 -0.063974 -0.048236 -0.185829 0.203885 0.292233 0.669615 0.088466 0.014194 0.000078 0.000543 0.130000 -0.040923 -0.087991 -0.001537 -0.000635 -0.000024 -0.051928 -0.000933 0.002105 0.025115 0.106304 0.425960 0.257654 0.249725 0.598672 0.442848 0.582952 0.256881 -0.009166 -0.012908 -0.013930 -0.001819 -0.001276 0.342548 1.229188 2.174337 1.328651 2.107764 2.227438 2.314938 2.129105 1.453814 0.010642 0.023218 0.011755 -0.000305 -0.000611 0.184969 0.200459 0.078106 0.413055 0.384609 0.241398 0.078381 0.003014 0.003621 0.005106
0.070585 0.025683 0.021195 -0.153045 0.468931 0.489963 0.046206 0.094430 0.053451 0.000223 0.001020 0.105568 -0.035613 -0.029508 -0.015836 -0.011522 -0.003205 -0.065675 -0.047172 0.001301 0.000273 0.024265 0.021442 0.003613 0.001185 0.419704 0.449826 0.531991 0.287610 -0.007677 -0.014476 -0.012825 -0.054140 -0.000808 0.580192 1.505798 1.717989 1.325898 2.167103 2.277022 2.252455 1.936220 1.261281 0.018385 0.055758 0.006961 -0.000573 0.035572 0.240264 0.269858 0.076336 0.077947 0.603595 0.024105 0.047036 0.002919 0.003579 0.001754
0.316133 0.297693 0.268625 0.050718 0.014432 0.006742 0.001531 0.132090 0.079651 0.000421 0.001557 0.010377 0.009720 0.000945 -0.012663 -0.015444 -0.002592 -0.101553 -0.052500 -0.000551 -0.001962 0.000000 0.000000 -0.000003 -0.000026 0.500789 0.518959 0.538571 0.000918 -0.004512 -0.008056 -0.225223 -0.146254 0.320859 0.676522 1.710609 1.731474 1.792354 2.118928 3.128021 2.851277 1.696427 0.722179 0.001459 0.006265 0.001447 -0.093458 0.192612 0.272023 0.328138 0.000178 0.000224 0.040571 0.001940 0.002980 0.003111 0.000000 -0.001150
