use_cases/Flooding_chicago/flooding_data/output/hUy_300.asc
ncols 337
nrows 393
xllcorner 428428.000000
yllcorner 4602440.000000
cellsize 26.757400
NODATA_value -9999.000000
[rows 156 to 181 of 393, columns 116 to 173 of 337]
0.001449 0.002001 0.000000 -0.000082 0.003865 0.146293 0.254661 0.039000 0.000657 -0.001525 -0.001273 0.034628 0.218001 0.132576 0.000000 0.004073 -0.033127 -0.072322 -0.006248 -0.012474 -0.051699 -0.124898 -0.018103 -0.004125 0.004366 0.007943 -0.000041 -0.001079 -0.000995 -0.000580 -0.006678 -0.000206 -0.021418 -0.168882 -0.266431 -0.193483 -0.005091 -0.008542 0.000000 0.000000 0.000413 0.000538 -0.002513 0.010953 -0.095875 -0.107135 0.131265 0.002815 -0.000162 -0.000012 -0.125143 -0.104392 -0.000470 -0.000593 -0.000857 0.000000 0.000000 0.000000
-0.001243 -0.002153 -0.001413 -0.000681 0.009497 0.074242 0.059232 0.008553 0.002440 -0.001216 0.177574 0.132693 0.099271 0.126795 0.152185 0.020542 -0.088319 -0.069044 -0.002368 -0.026631 -0.108371 -0.150963 -0.049070 -0.000877 -0.000011 -0.000407 -0.009917 -0.012454 -0.008480 -0.010198 -0.022615 -0.008448 -0.037954 -0.229502 -1.311134 0.151307 -0.014720 -0.022784 -0.010410 -0.003354 0.000222 -0.000142 0.019073 0.019278 0.022031 0.025964 0.019865 0.005668 0.000323 0.004585 0.028240 -0.111718 -0.274151 -0.015683 -0.018340 -0.009266 -0.014282 -0.012590
-0.045885 -0.002286 -0.001397 -0.003472 0.003823 0.003317 0.000067 0.000000 0.000000 -0.000231 0.292555 0.017264 0.019443 0.021332 0.012497 0.000342 -0.128291 0.000000 -0.007468 -0.013283 -0.192111 -0.189934 -0.045197 -0.006300 -0.006815 -0.004331 -0.017063 -0.040846 -0.032768 -0.021045 -0.029763 -0.013847 -0.088023 -0.222449 -0.481597 0.578478 0.016254 -0.017088 -0.011085 -0.001422 -0.000222 -0.000286 0.723210 0.050568 0.057097 0.053277 0.000000 0.010115 0.007091 0.016853 0.288706 0.035299 0.437494 -0.364259 0.276965 -0.213256 0.102705 0.231743
-0.000035 -0.001207 -0.015042 0.008261 0.004174 0.009979 -0.000464 -0.005350 -0.007132 0.134220 0.141029 0.011366 0.014961 0.002439 0.000669 0.000211 -0.069393 -0.044807 -0.007413 -0.057655 -0.674701 -0.324420 0.003389 -0.009051 -0.022173 -0.012139 -0.018675 -0.111172 -0.099806 -0.060326 -0.038722 0.043800 0.398197 0.336811 -0.064765 0.726011 0.094981 -0.001589 -0.001616 -0.001345 -0.053315 -0.000748 0.080441 0.021718 0.020248 0.119853 0.152801 0.054446 0.058635 0.093514 0.269555 0.543042 0.749021 -0.131403 1.279418 0.308191 0.355757 0.357666
0.003102 -0.004548 -0.293968 -0.006088 0.018665 0.029020 0.004886 -0.207926 -0.240877 0.155893 0.000064 0.001541 0.001749 0.001413 0.000119 -0.000078 -0.048115 -0.148606 -0.010057 -0.333572 -0.317215 1.112767 0.197202 -0.084923 -0.165051 -0.038428 -0.047873 -0.034288 -0.017435 0.008651 0.021373 0.157582 0.169971 1.298632 0.748191 1.116921 0.315412 -0.000977 -0.001636 0.093270 0.194305 0.217348 0.041951 0.022239 0.019058 0.055554 0.044841 0.024959 0.054361 0.194560 0.382459 0.181959 0.282451 0.046162 0.068630 0.094879 0.396338 0.545322
0.001837 -0.005047 0.010378 -0.010427 0.006855 0.006778 0.007156 0.004061 0.003194 0.120997 -0.000408 0.001438 0.002164 0.000604 -0.000244 -0.000437 -0.017639 -0.031089 -0.065982 0.251336 -0.153753 1.386569 0.451991 0.891762 0.181879 0.118254 0.037561 0.025003 0.036068 0.049019 0.030126 0.146053 0.099523 0.047880 0.030690 0.867391 0.621860 0.759015 0.209535 0.465715 0.721386 0.121805 0.046889 0.024646 0.013329 0.032239 0.033451 0.020369 0.062662 0.147178 0.553578 0.104892 0.088985 0.039556 0.027763 0.029028 0.234132 0.773504
0.002489 0.000664 0.006113 0.006790 0.000555 0.000396 0.000288 0.002100 0.003798 0.083791 -0.000108 0.000222 -0.000741 -0.000394 -0.000334 0.000042 0.187497 0.085278 0.088477 0.350687 0.042974 0.030803 0.051554 0.034903 0.040073 0.086352 0.090958 0.110041 0.115036 0.119715 0.088442 0.096885 0.057011 0.029073 0.036025 0.824060 0.335412 0.245173 0.057883 0.083685 0.125447 0.187543 0.038769 0.017263 0.011499 0.007353 0.019889 0.005938 0.077097 0.170277 0.399081 0.159508 0.042393 0.050436 0.013090 0.022914 0.031647 0.933525
-0.000696 -0.000382 -0.011579 -0.000013 -0.000401 -0.000330 0.000062 0.001952 0.002921 0.056639 -0.000005 -0.000222 -0.000664 -0.006715 -0.001762 -0.000120 0.309158 0.139055 0.008653 0.019063 0.024813 0.022457 0.027283 0.017678 0.029748 0.081605 0.063121 0.067512 0.048857 0.081073 0.064960 0.065749 0.020619 0.051076 0.027832 1.241134 0.498947 0.037267 0.032342 0.043341 0.068135 0.225493 0.078987 0.007201 0.000193 0.003662 0.006318 0.000744 0.084695 0.235208 0.336734 0.036893 0.036932 0.045800 0.016124 0.011428 0.025513 0.634655
-0.000760 -0.028603 -0.016752 -0.007339 -0.011977 -0.011951 -0.001358 0.000205 0.000284 0.000826 -0.014926 -0.015900 -0.009451 -0.026790 -0.001121 -0.000456 0.264346 0.228027 0.000167 0.003861 0.006052 0.010697 0.005878 0.005878 0.043896 0.049091 0.043097 0.058566 0.051262 0.047830 0.042825 0.041414 0.026275 0.053755 0.020628 1.185761 0.430187 0.029618 0.009883 0.009943 0.004308 0.178069 0.109044 0.001445 -0.000074 0.000000 0.000000 0.002849 0.148238 0.279027 0.141554 0.028140 0.026801 0.032250 0.010888 0.001783 0.006951 0.423449
-0.011365 -0.072909 -0.046501 -0.041185 -0.041583 -0.043245 -0.009545 -0.000754 -0.000449 -0.000408 -0.020926 -0.040084 -0.024325 -0.025616 -0.020830 -0.016655 0.226021 1.685029 0.086141 0.000000 0.000000 0.000000 0.000000 0.000000 0.041021 0.018562 0.013941 0.036742 0.043791 0.022483 0.021711 0.021176 0.021304 0.042429 0.022787 0.842915 0.682796 0.045322 0.000000 0.000003 0.000208 0.044009 0.148869 0.009125 0.001123 0.004138 0.005565 0.029931 0.208745 0.190605 0.068259 0.023838 0.007016 0.020218 0.001169 0.001786 0.000190 0.598146
-0.015000 -0.063142 -0.074020 -0.107609 -0.084424 -0.049824 -0.017351 -0.015803 -0.004584 -0.013075 -0.023600 -0.022555 -0.205552 -0.076866 -0.135965 0.186872 0.084299 0.176627 0.086307 0.103123 0.048899 0.006158 0.022540 0.092283 0.001294 0.012660 0.006698 0.006698 0.023215 0.003234 0.002789 0.001105 0.010320 0.018043 0.020383 0.678037 0.544333 0.214804 -0.010549 -0.007090 -0.000326 0.034882 0.067248 0.061731 0.010494 0.018508 0.023036 0.032250 0.167280 0.088265 0.097436 0.005173 0.002067 0.009889 0.001796 0.004442 0.670611 0.407993
-0.003560 -0.014029 -0.032412 -0.213615 -0.173447 -0.164219 -0.084769 -0.028261 -0.012814 -0.018733 -0.042578 -0.009417 -0.000441 -0.030588 -0.002564 0.170707 -0.080271 0.017350 0.013690 0.018462 0.026701 0.000344 0.002574 0.025091 0.003171 0.000229 0.000360 0.000360 0.000122 -0.000410 -0.000482 0.000296 0.000745 0.000915 0.012310 0.244237 0.399064 0.418264 0.181407 -0.049018 -0.000473 0.009153 0.020077 0.030368 0.052547 0.011070 0.026389 0.018989 0.071231 0.074239 0.099916 0.033665 0.007175 0.002536 0.017052 0.031947 0.958369 0.170218
-0.028310 -0.046812 -0.011365 -0.000746 -0.049224 -0.225107 -0.206619 -0.022430 -0.035172 -0.025656 -0.013269 -0.006175 -0.001298 -0.015918 -0.002996 0.084354 0.014754 0.001087 0.000048 0.001575 0.016658 -0.000112 0.000042 0.000454 0.000672 -0.000094 -0.000360 -0.000360 -0.000093 -0.005091 0.190986 -0.000093 0.000137 0.000990 0.001204 0.005307 0.447527 0.437724 0.285285 -0.032633 0.002614 0.001664 0.002386 0.003869 0.018115 0.000899 0.008465 0.022424 0.039922 0.023288 0.080684 0.050540 0.027545 0.005050 0.012775 0.005668 0.530459 0.399515
-0.021733 -0.081567 -0.025462 -0.056528 -0.021356 -0.126824 -0.111985 -0.096297 -0.086440 -0.026035 -0.017706 -0.019366 -0.035004 0.090126 -0.112668 0.044137 0.010220 0.005934 0.005309 -0.000188 0.001130 0.054154 -0.000525 -0.000602 -0.000840 -0.000778 -0.010926 -0.004488 0.020853 0.009327 0.270697 -0.000252 -0.000595 0.001492 0.003913 0.019079 0.442428 0.502141 0.479811 0.057348 0.012220 0.004557 0.003020 0.002390 0.001255 0.000616 0.000207 0.004031 0.035718 0.019534 0.060385 0.024162 0.020931 0.016466 0.000995 0.001182 0.361751 0.315772
-0.002374 -0.024751 -0.014166 -0.476743 0.170293 -0.111136 0.458722 0.111907 -0.519267 -0.054607 -0.077017 0.003432 0.566679 0.426134 -0.117493 0.045262 0.074392 0.054228 0.048354 0.024410 0.003911 0.104733 0.197061 -0.007209 -0.000785 -0.000498 0.064662 -0.033108 0.047719 0.118373 0.528355 0.073144 0.030015 0.007982 0.027114 0.083385 0.175287 0.214642 0.367710 0.235550 0.037501 0.010885 0.007277 0.007157 0.005299 0.001806 -0.000070 0.000356 0.017205 0.010220 0.033832 0.004014 0.011426 0.005155 0.000101 0.006877 0.167279 0.256429
-0.001343 -0.006123 -0.003022 -0.076553 0.676265 0.490883 1.253369 0.557190 -0.282931 0.020847 0.058374 0.050955 0.184248 0.120796 0.011996 0.016639 0.019074 0.020302 0.031813 0.023373 0.018972 0.009071 0.403924 -0.043700 0.022703 0.001972 0.013940 -0.002616 0.105112 0.100659 0.154011 0.021176 0.015757 0.011649 0.042033 0.009103 0.092425 0.123861 0.132958 0.161455 0.165101 0.055933 0.041542 0.043823 0.036190 0.008763 0.000476 -0.000166 0.000000 0.000000 0.000000 0.000000 0.000187 0.000003 -0.000336 0.020901 0.046900 0.306271
-0.015607 -0.003887 0.038926 0.708512 0.027518 0.025252 0.010012 0.018660 0.153420 0.102863 0.032568 0.033985 0.092386 0.076651 0.001589 0.004339 0.000273 0.007594 0.012945 0.015381 0.010570 0.000448 0.518770 0.006031 0.010725 0.002861 0.015015 0.003703 0.221776 0.175890 0.027569 0.025474 0.009573 0.011235 0.039013 0.003167 0.201675 0.221948 0.006512 0.071961 0.047199 0.069453 0.045174 0.066184 0.063099 0.058374 0.001521 0.000753 -0.008329 -0.014306 -0.004323 -0.003246 -0.000543 0.000595 0.196180 0.111021 0.200277 0.080116
-0.045101 -0.016500 0.119502 0.043274 0.021233 0.011827 0.005457 0.006502 0.113620 0.080773 0.022799 0.010924 0.022936 0.207583 0.015987 0.000130 -0.000082 0.000013 0.000356 0.000356 0.000013 0.015580 0.682657 0.053772 0.001335 0.002415 0.003395 0.015196 0.150501 0.135225 0.015618 0.012775 0.002843 0.003999 0.028705 0.031888 0.182768 0.155929 0.017676 0.031980 0.034463 0.057249 0.044385 0.037680 0.015396 0.030159 0.003275 0.003607 -0.052899 -0.065938 -0.003210 -0.002744 -0.001648 0.002781 0.100572 0.077571 0.039554 0.156419
0.041661 0.213457 0.059135 0.030447 0.006923 0.000000 0.000000 0.000000 0.055102 0.007544 0.012894 0.009191 0.015411 0.081470 0.017581 0.000166 -0.000824 -0.008393 -0.000598 -0.000598 0.000076 0.759483 0.192708 0.046090 0.016995 0.003515 0.018377 0.015676 0.090496 0.096796 0.012701 0.000970 0.004296 0.008771 0.016696 0.027382 0.106630 0.111987 0.026557 0.023436 0.027075 0.029559 0.011835 0.023786 0.000651 0.000547 -0.000054 0.002730 -0.022338 -0.031628 -0.001819 -0.001691 -0.000139 0.008667 0.059797 0.039155 0.015292 0.025238
0.656275 0.127996 0.065021 0.034089 0.001666 0.000308 0.000347 0.009420 0.639857 0.000146 0.000000 0.000741 0.000382 0.000016 0.000933 0.000002 -0.001026 -0.020920 -0.008333 -0.013410 0.004382 0.279287 0.102508 0.022037 0.010109 0.011713 0.009634 0.007617 0.019414 0.059578 0.049429 -0.000333 0.000611 0.008082 0.004715 0.009898 0.055357 0.045145 0.016336 0.010496 0.004972 0.000356 0.000660 0.000350 -0.000757 -0.001941 -0.004467 0.000000 -0.021198 -0.023477 -0.001181 -0.001154 -0.001080 0.004582 0.001130 0.008492 0.001390 0.010657
0.027591 0.147883 0.107136 0.013043 0.002469 0.002236 0.002332 0.020696 0.110754 -0.000503 -0.009231 -0.001088 -0.000648 -0.028910 -0.001921 -0.000872 -0.011413 -0.032924 -0.023700 -0.014297 0.006252 0.038866 0.158069 0.003152 0.002866 0.012688 0.000502 0.004064 0.009408 0.000388 0.044070 -0.008898 -0.002150 0.000988 0.008886 0.022642 0.008707 0.000252 0.000332 0.000222 0.000216 -0.000406 -0.000862 -0.000794 -0.030851 -0.030702 -0.036720 -0.008037 -0.009599 -0.060596 -0.050184 -0.012113 -0.003797 0.000153 0.000548 0.000000 0.000722 0.000711
0.016694 0.073101 0.050395 0.002555 0.000672 0.001640 0.001805 0.002288 0.008180 -0.000671 -0.030818 -0.015608 -0.014153 -0.328944 -0.099522 0.000870 -0.034852 -0.066178 -0.013066 -0.000886 0.000333 0.002031 0.168523 0.007668 0.002430 0.000007 0.000377 0.000415 0.000401 0.000308 0.020376 -0.016397 -0.012196 -0.001800 0.011493 0.028312 0.016277 0.000474 0.000060 -0.000222 -0.005358 -0.019047 -0.017101 -0.009382 -0.061586 -0.051426 -0.039516 -0.054671 -0.013035 -0.066511 -0.169483 -0.030080 -0.011590 -0.001085 0.001096 0.001922 0.001912 0.002188
0.006032 0.008431 0.007622 0.006741 0.000618 0.003369 0.004100 0.018668 0.014663 -0.005739 -0.007846 -0.052748 -0.042975 -1.171233 -0.216419 0.033229 0.025057 0.004590 -0.000323 -0.000003 0.000103 0.004269 0.045773 0.023413 0.010014 0.038365 0.000498 0.000422 0.000452 -0.000044 -0.000001 -0.014226 -0.166910 0.000781 0.035359 0.067096 0.057728 0.001474 -0.000354 -0.006551 -0.028828 -0.039665 -0.024766 -0.059319 -0.063350 0.281690 0.082845 -0.124094 -0.155415 -0.116944 -0.692997 -0.044239 -0.029119 -0.000578 0.000312 0.000959 0.001289 0.013019
0.000375 0.000289 -0.000788 -0.002102 0.000627 0.013616 0.016150 0.018454 0.056428 -0.003623 -0.007243 -0.088075 -0.188404 -0.666496 0.432684 0.163151 0.138887 0.032440 -0.000026 -0.000616 -0.013380 -0.000490 0.000057 0.000808 0.004405 0.022791 0.001150 -0.000236 -0.000007 -0.000337 -0.079037 -0.187654 -0.056734 0.028464 0.009393 0.013802 0.019516 0.003283 0.000039 -0.014687 -0.061364 -0.097165 0.213302 0.022718 -0.008886 0.285295 0.010716 -0.068560 -0.078044 -0.511658 -0.345661 -0.471413 -0.028337 0.000573 0.000881 0.001954 0.002284 0.010299
0.000219 0.000199 -0.006317 -0.006889 -0.000107 0.006318 0.003662 0.008397 0.025851 0.013938 0.021116 -0.241667 0.209640 -0.149513 0.145150 0.152323 0.235545 0.146749 0.060455 -0.004330 -0.049472 -0.008449 -0.007298 -0.000530 0.000288 0.006324 0.000276 -0.000519 -0.007580 -0.000418 -0.284796 -0.065343 -0.018269 0.006928 0.000370 0.000473 0.000965 0.004827 -0.000255 -0.001621 0.021222 0.288290 0.433602 0.318456 0.053577 0.008908 0.009473 -0.013031 -0.012629 -0.440555 -0.154156 0.386602 0.055355 0.019311 0.001762 0.003081 0.003773 0.001519
-0.000219 -0.000047 -0.070423 -0.026550 -0.000233 0.000000 0.000000 0.000072 0.008568 0.005506 0.007062 0.050855 0.896325 0.043910 0.057920 0.051694 0.142203 0.288885 0.046000 0.015704 -0.050859 -0.014583 -0.017595 -0.005062 -0.000170 0.000222 -0.000621 -0.008321 -0.020468 -0.001777 -0.050394 -0.050181 0.000438 0.000169 0.000307 -0.000270 0.000000 0.000270 -0.001046 0.039763 0.120883 0.121883 0.102144 0.132269 0.014712 0.002514 0.001690 0.053919 0.020983 -0.099019 0.142792 0.014161 0.015457 0.010065 0.001729 0.003980 0.003021 0.001265
