use_cases/Flooding_chicago/flooding_data/output/hUy_2460.asc
ncols 337
nrows 393
xllcorner 428428.000000
yllcorner 4602440.000000
cellsize 26.757400
NODATA_value -9999.000000
[rows 130 to 155 of 393, columns 116 to 173 of 337]
-0.032234 -0.178481 0.002793 0.001761 -0.011820 0.691464 0.167126 0.280557 0.101524 -0.224691 -0.175347 -0.092696 -0.053718 -0.323514 -0.601697 -0.304242 -0.334912 -0.532213 -0.611968 -0.422408 -0.328874 -0.336842 -0.287329 -0.227705 -0.148130 -0.193398 -0.252729 -0.177081 0.060590 0.055054 0.050444 0.000222 -0.026515 -0.086435 -0.062651 -0.026004 -0.016392 -0.013556 -0.000240 -0.000150 0.000000 0.000000 -0.000069 -0.000066 0.000047 0.000146 0.003159 0.229220 0.198514 0.043616 0.016924 0.027931 0.036739 0.025824 0.030515 0.026455 0.025517 0.033730
-0.052210 -0.211364 0.004103 0.002581 0.018498 1.271780 0.340629 0.335071 0.057020 -0.221398 -0.158974 -0.055210 0.040963 -0.247038 -0.397495 -0.295307 -0.298154 -0.456127 -0.755895 -0.541269 -0.488407 -0.380194 -0.307280 -0.188117 -0.144478 -0.058935 -0.251860 -0.166462 0.008591 0.058316 0.038084 -0.000222 -0.008796 0.114255 -0.239462 -0.962213 -0.058007 -0.014739 -0.014085 -0.001443 -0.010881 -0.009050 -0.015672 -0.006182 -0.000443 0.000124 0.007547 0.112572 0.107972 0.037145 0.016290 0.018831 0.031351 0.017935 0.029764 0.012587 0.013969 0.001976
-0.122182 -0.235137 0.001618 0.001363 0.000553 1.099155 0.357754 0.382348 0.133435 -0.108324 -0.019933 0.054665 0.173027 -0.100731 -0.271799 -0.164253 -0.131562 -0.243788 -0.596413 -0.571095 -0.711714 -0.567439 -0.501804 -0.406212 -0.305927 0.003785 -0.305866 -0.296768 -0.106957 0.035211 0.054804 -0.017696 -0.004776 0.535168 -0.042258 -0.577883 -0.425742 -0.033410 -0.026770 -0.009448 -0.017085 -0.020062 -0.036573 -0.023542 -0.041511 0.000000 0.002822 0.030260 0.065357 0.033061 0.000604 0.007410 0.014215 0.009476 0.016527 0.000347 0.000008 -0.000173
-0.314940 -0.341140 -0.004011 -0.002379 -0.000644 0.469192 0.298815 0.484166 0.254598 0.077513 0.108012 0.192815 0.390128 0.110147 -0.158981 -0.066383 0.031507 -0.058133 -0.346291 -0.419313 -0.706589 -0.535081 -0.384679 -0.340329 -0.337575 0.026175 -0.312210 -0.411551 -0.196457 -0.019717 0.024112 -0.082285 -0.116406 0.096165 0.019873 -0.350494 -0.165537 -0.578716 -0.029892 -0.015948 -0.018227 -0.026822 -0.037910 -0.041595 -0.097745 -0.027475 -0.000329 0.002676 0.024995 0.011018 0.000294 0.000093 0.000091 0.000000 0.000000 -0.000178 -0.005152 -0.021789
-0.483659 -0.464999 -0.004711 -0.002534 -0.017674 0.472523 0.384092 0.423186 0.318855 0.156447 0.189703 0.301341 0.552510 0.332681 -0.071840 -0.030775 0.164431 0.112820 -0.036016 -0.255222 -0.741349 -0.675040 -0.356904 -0.274603 -0.345564 -0.095495 -0.285119 -0.364320 -0.304720 -0.104290 -0.076594 -0.027771 -0.167259 -0.035821 -0.002251 -0.171881 -0.158874 -0.495842 -0.056489 -0.017867 -0.019124 -0.048480 -0.010731 -0.049595 -0.135564 -0.099359 -0.010401 -0.000201 0.000102 0.000098 -0.000002 -0.000144 -0.000852 -0.011184 -0.008591 -0.010178 -0.016174 -0.044500
-0.261204 -0.427590 -0.167572 -0.131231 -0.031095 0.508033 0.464657 0.457301 0.461746 0.248424 0.299301 0.476569 0.679683 0.533379 0.169996 0.031510 0.216798 0.323508 0.098748 -0.177119 -0.656260 -0.663303 -0.392657 -0.346484 -0.321353 -0.205522 -0.329479 -0.304337 -0.417563 -0.233818 -0.241772 0.000074 -0.121437 -0.013970 -0.142624 -0.446915 -0.210176 -0.585459 -0.483947 -0.098503 -0.098364 -0.148644 -0.103093 -0.140856 -0.574383 -0.482598 -0.033144 -0.000688 -0.000224 -0.001323 -0.013548 -0.009762 -0.008292 -0.023370 -0.016079 -0.022101 -0.026320 -0.027811
-0.001211 -0.270794 -0.157697 -0.550764 0.302952 0.750166 0.503709 0.626663 0.472495 0.298760 0.378266 0.622789 0.966443 0.740619 0.369684 0.165271 0.199880 0.414143 0.106387 -0.105526 -0.635021 -0.754141 -0.437899 -0.413463 -0.639702 -0.512626 -0.371494 -0.479968 -0.402505 -0.324916 -0.196219 -0.101938 0.149128 0.156772 0.461080 -0.068328 0.263027 -0.390601 -0.484538 -0.137342 -0.131337 -0.111346 -0.203396 -0.107555 -0.797942 -0.321123 0.086295 -0.000737 -0.009146 -0.006060 -0.071885 -0.018567 -0.025213 -0.015884 -0.020873 -0.024677 -0.021257 -0.028968
-0.115334 -0.123195 -0.082118 0.256844 0.302473 0.446660 0.532688 0.660388 0.471329 0.376897 0.392554 0.621396 0.886634 0.762780 0.575752 0.307422 0.316423 0.401157 0.145844 -0.006376 -0.404094 -0.611818 -0.470471 -0.390071 -0.754020 -0.716390 -0.494424 -0.493252 -0.510290 -0.211429 -0.082376 -0.028270 0.456933 0.338763 0.673734 -0.036531 0.215954 -0.535792 -0.824654 -0.244942 -0.198666 -0.115651 -0.139788 0.036366 -1.320324 -0.459219 0.204923 -0.025184 -0.019630 -0.008884 -0.112771 -0.029950 -0.020593 -0.036064 -0.026385 -0.031747 -0.032941 -1.260057
-0.295499 -0.228973 0.030052 0.469367 0.220451 0.508915 0.545448 0.704155 0.456082 0.441069 0.416281 0.720143 0.988010 0.876225 0.679711 0.461604 0.348322 0.495092 0.139569 0.065242 -0.126835 -0.529301 -0.437387 -0.247575 -0.565037 -0.869890 -0.630837 -0.442761 -0.457015 -0.209651 0.254613 0.511735 0.558747 0.657543 0.620313 -0.186002 0.108561 -0.873765 -1.322348 -0.325375 -0.512217 -0.368413 -0.167071 0.087964 -1.396279 -0.399829 0.544066 -0.131219 -0.709743 -0.027121 -0.095967 -0.061726 -0.015655 -0.059729 -0.054439 -0.020095 -0.038227 -1.126344
-0.203911 -0.171543 0.080341 0.248814 0.179592 0.477517 0.536953 0.780279 0.445471 0.403460 0.382622 0.958376 1.250729 0.953228 0.639268 0.454487 0.519090 0.458588 0.201101 0.158438 0.021330 -0.318511 -0.248483 -0.149359 -0.108168 -0.552945 -0.530820 -0.444951 -0.362042 0.254992 0.688976 0.495886 0.569356 1.326540 0.759955 -0.390411 -0.105591 -0.666466 -1.275652 -1.214359 -1.397439 -1.291651 -0.712380 -0.272169 -1.177054 -0.486078 0.308475 -0.265748 -0.644680 -0.416873 -0.337564 -0.436602 -0.898861 -1.010229 -1.658046 -0.063079 0.218255 -0.105036
0.000002 -0.070845 0.161996 0.183062 0.232596 0.565321 0.612587 0.759885 0.494172 0.432818 0.433985 1.025213 1.267183 1.011595 0.766981 0.585920 0.747147 0.344050 0.297834 0.291671 0.128783 -0.077499 -0.047410 0.012909 0.018657 -0.135353 -0.263053 -0.157188 0.093701 0.509558 0.576246 0.526945 0.646760 0.908718 0.947567 -0.249047 0.012803 -0.373030 -0.806266 -2.071529 -1.320388 -1.534834 -0.641953 -1.352063 -1.049142 -0.408998 0.007271 -0.784213 -0.897703 -0.231783 0.165859 0.615776 1.571241 0.805351 -0.855997 -1.299280 -0.114376 0.765124
-0.014746 -0.390665 0.445304 0.253707 0.280094 0.507758 0.528676 0.574368 0.474281 0.487435 0.601019 1.149377 1.420265 1.160418 0.896174 0.923311 1.049381 0.374423 0.478262 0.415440 0.213747 0.049968 0.187937 0.155869 0.106978 0.156854 0.383375 0.317804 0.355487 0.836286 0.449921 0.560270 0.689621 0.693071 0.013493 0.501776 1.674243 0.016750 0.169226 0.075345 -0.931687 -0.844152 -0.847408 -0.821189 -0.204977 0.428618 -0.114793 -0.358768 -0.964877 0.362743 1.259325 1.100152 0.863790 0.483062 -2.379055 -2.812119 -0.318471 0.995298
0.025921 -0.013672 0.549983 0.257527 0.449009 0.563660 0.589900 0.633266 0.643422 0.599602 0.708661 1.337917 1.485382 1.090306 1.041302 1.105014 1.235136 0.653081 0.404912 0.378798 0.351399 0.159785 0.201271 0.262740 0.151390 0.196228 0.250427 0.410162 0.406365 0.432454 0.341692 0.095166 0.093697 0.025606 0.013223 0.006653 0.052250 0.012288 0.009545 0.012849 0.045970 0.111441 -0.635318 -0.584030 -0.185537 0.205623 -0.203821 -0.121074 -0.643395 0.773057 0.746223 0.177191 0.033957 -0.005497 -1.426623 -2.954098 -0.340148 0.288737
0.180838 0.396014 0.301789 0.238938 0.199812 0.559432 0.607310 0.663980 0.582673 0.735702 0.871980 1.308509 1.342374 1.260101 1.207354 1.402498 1.612140 0.672697 0.445369 0.413384 0.420417 0.217192 0.156194 0.402208 0.272356 0.338173 0.417158 0.646483 0.521247 0.389754 0.006225 0.044936 0.056488 0.010511 0.000600 0.001970 0.003101 0.001737 0.000080 0.000545 0.004740 0.033938 0.017544 0.317742 0.156814 0.080539 -0.100410 0.173705 -0.463821 0.357415 0.158808 0.001582 -0.003935 -0.005392 -0.377986 -2.014813 -0.296901 0.254020
0.202201 0.055996 0.277653 0.052695 -0.011195 0.532466 0.773972 0.879755 0.581489 0.505728 0.494596 1.433411 1.838771 1.407203 1.362547 1.768419 1.619464 0.658716 0.511724 0.571934 0.470078 0.476828 0.283470 0.028725 0.039174 0.032373 0.077754 0.123463 0.086990 0.053304 0.021628 0.020169 0.025358 0.001129 -0.000285 0.000108 0.003489 0.001574 -0.000510 0.000287 0.000408 0.019304 0.002065 0.000833 0.000984 0.024426 -0.070615 0.325901 -0.153879 0.000810 0.000554 0.000761 0.000948 0.021278 0.085411 -1.551426 -0.120756 0.306220
0.010203 0.000316 0.021430 0.091803 -0.144509 0.493070 0.681676 0.973305 0.701532 0.612956 0.653053 1.674782 2.097502 1.790850 1.733617 1.618583 1.604599 0.779879 0.652386 0.624093 0.361255 0.001825 0.000971 0.000326 0.013007 0.003111 0.021165 0.021716 0.163199 0.127922 0.010329 0.001727 0.001612 -0.000144 -0.008462 -0.001233 0.002925 0.001751 -0.000898 -0.000293 -0.000470 -0.000040 -0.000285 0.000458 0.003350 0.030588 -0.122335 0.418449 -0.009872 0.001709 0.000247 0.000331 0.005367 0.010319 0.093621 -1.006827 -0.001268 0.322268
0.000000 -0.000014 0.075161 0.093099 -0.188180 0.443532 0.765568 0.866025 0.692317 0.589499 0.780994 1.504636 1.987764 1.936901 1.880581 1.660717 1.131738 0.449147 0.389487 0.346981 0.405542 -0.009359 0.002447 -0.000208 -0.000003 0.001046 0.000690 0.009849 0.079026 0.083500 0.000681 0.000848 -0.001759 -0.003974 -0.007571 -0.021914 0.000360 0.000360 -0.001104 -0.000410 -0.018146 -0.011929 -0.035453 -0.005007 0.009582 0.014716 -0.047120 0.555956 0.091954 0.006263 -0.000569 -0.000394 0.021128 0.006948 0.135581 -0.180855 0.155481 0.374125
-0.008618 -0.000274 0.139024 0.116225 -0.019881 0.451974 0.746698 0.815999 0.587349 0.485752 0.751525 1.491205 2.083539 1.914545 1.953528 2.052325 1.203130 0.495821 0.434231 0.356112 0.536377 0.016644 0.181563 -0.015710 -0.023415 -0.001043 0.000657 0.001995 0.055356 0.038460 -0.000401 -0.002154 -0.002238 -0.017424 -0.044243 -0.076779 -0.000360 -0.000360 -0.000467 -0.000419 -0.044189 -0.041114 -0.219503 -0.003691 0.002062 0.048304 0.044189 0.039788 0.022617 0.015741 -0.007708 -0.057856 0.036548 0.010499 0.313089 0.130175 0.151460 0.145686
0.320163 -0.131750 0.143661 0.094345 0.241556 0.541244 0.874806 0.781133 0.533377 0.476339 0.738542 1.314106 1.987843 1.680106 1.933311 2.191025 1.989983 1.095722 0.815957 0.639637 0.584170 0.069002 0.277658 -0.788406 -1.080494 -0.010384 -0.000263 0.002530 0.017229 0.002901 -0.000973 -0.001694 -0.001876 -0.028812 -0.095252 -0.113149 -0.012422 -0.015532 -0.009161 -0.000867 -0.051139 0.004907 -0.178249 -0.002023 0.002786 0.014576 0.007329 0.005766 0.030552 0.013187 -0.001766 0.661919 0.660238 0.296380 0.301249 0.092465 0.101874 0.115059
0.447088 -0.136447 0.081317 0.012306 1.061425 0.808888 0.964009 0.692120 0.433285 0.259022 0.625991 1.141948 1.554996 1.855274 1.598144 2.318418 1.573813 0.691632 0.957774 0.790993 0.521718 0.228403 0.442755 -0.333156 -0.670009 -0.044336 -0.006685 0.000487 0.000774 -0.001034 -0.016620 -0.014093 -0.002625 -0.021491 -0.095691 -0.160185 -0.089911 -0.027376 -0.022113 -0.012003 -0.000465 0.133016 -0.312393 0.099304 0.000620 0.000222 0.009586 0.009621 0.008341 0.000222 0.000104 1.065068 1.277980 0.828701 0.229314 -0.094915 -0.067665 -0.040978
0.533440 0.002020 -0.004617 -0.349885 1.521530 0.847704 1.270318 0.635012 0.049283 0.065545 0.450459 0.768215 1.684251 1.613901 1.922010 1.752065 1.850256 0.820283 0.779365 0.657697 0.630172 0.028518 0.309621 0.028778 -0.102181 -0.461619 -0.018913 0.000048 0.001263 -0.000930 -0.038430 -0.043624 -0.025055 -0.005511 -0.023813 -0.482325 -0.422094 -0.200867 -0.023127 -0.024506 -0.001409 0.031775 -0.613866 0.030774 0.000337 -0.000222 0.002794 0.004274 0.003328 -0.000222 -0.000137 1.620700 1.732639 0.820677 0.478110 -0.075228 -0.376047 -0.982446
0.068309 0.000000 0.000000 0.670323 0.951311 0.734875 0.909048 0.586576 -0.052424 -0.015189 0.542718 0.866295 1.327924 1.840497 1.611958 1.833251 1.928700 1.737381 1.309570 1.012599 0.618898 0.232637 0.025782 0.088703 -0.022122 -0.001158 -0.000224 0.000182 0.000340 0.035921 -0.021101 -0.643656 -0.603888 -0.015345 -0.014975 0.107888 -0.123568 -0.223429 -0.402835 -0.136555 -0.027994 0.030873 -0.307256 -0.103283 -0.000896 -0.003681 -0.004443 -0.002945 -0.004924 -0.017379 0.146080 1.861521 2.027052 0.136714 0.005094 -0.172182 -0.398622 -1.039774
0.000000 -0.006408 0.275682 0.907182 0.681296 0.661228 1.046178 0.671103 -0.045417 0.090571 0.418591 0.549844 1.277525 1.340212 1.898105 2.289594 2.434161 1.899803 1.898251 1.118848 0.539824 0.249259 0.141403 0.078559 -0.004627 0.001385 0.000630 0.000245 0.000000 0.006487 -0.000747 -0.368193 0.063005 0.173121 0.455121 0.308073 0.100754 -0.259976 -0.432914 -0.069633 -0.028409 0.006179 -0.476869 -0.240507 -0.002354 -0.005208 -0.007286 -0.004610 -0.004361 -0.182905 0.591221 2.466331 1.792040 0.000232 0.000000 0.000090 -0.337729 -0.619254
-0.065250 0.029789 0.503509 1.274950 0.067417 0.094497 0.084312 0.873279 0.011771 0.141551 0.484312 0.535567 1.049559 1.484700 1.571389 2.448504 2.741817 2.049793 2.054527 1.109613 0.807887 0.295287 0.168440 0.001137 -0.003313 0.000612 0.002144 0.000111 -0.000340 0.000332 0.014639 -0.281300 0.347176 0.428651 0.470138 0.262546 0.429858 -0.231278 -0.972275 -0.097684 -0.075105 -0.054097 -0.430261 -0.723018 -0.401641 -0.390857 -0.218162 -0.005259 -0.004509 -0.247776 0.642051 2.731076 2.020024 0.190038 -0.006171 -0.000212 0.158254 0.174230
0.043090 0.079923 0.310592 0.568099 0.094572 0.130025 0.122217 0.112588 0.000360 0.000360 0.440208 0.487883 0.854199 1.182650 1.513412 2.485433 2.376147 2.016731 2.075725 1.252160 0.791913 0.343974 0.224544 -0.007011 0.001667 0.001738 0.021142 -0.000202 -0.001265 0.000365 0.009792 -0.388992 0.437924 0.472684 0.458240 0.374146 0.776250 0.098815 -0.694852 -0.611556 -0.143899 -0.536796 -0.420774 -0.105435 -0.234999 -0.213250 -0.255684 -0.118765 0.456511 -0.512369 0.440242 2.074208 1.888429 0.320406 -0.158436 1.705785 0.958065 2.011135
0.301747 0.004728 0.014745 0.001122 0.074935 0.431191 0.184797 0.066518 -0.000360 -0.000360 0.307053 0.402593 0.679454 0.997148 1.577636 2.161711 2.606950 2.309448 2.381386 1.326659 0.828396 0.623537 0.280295 -0.112434 0.030275 0.015860 0.008289 -0.000607 -0.001145 -0.000362 -0.000008 -0.134297 0.562957 0.484820 0.548005 1.094256 0.886170 0.211120 -0.403869 -0.477707 -0.443240 -0.194683 -0.289806 0.117959 0.076800 -0.272241 -0.409032 -0.689565 0.207584 0.006219 0.460602 1.497570 1.347745 0.253813 0.966071 0.657584 0.507226 0.764151
