use_cases/Flooding_chicago/flooding_data/output/hUy_840.asc
ncols 337
nrows 393
xllcorner 428428.000000
yllcorner 4602440.000000
cellsize 26.757400
NODATA_value -9999.000000
[rows 182 to 207 of 393, columns 232 to 289 of 337]
0.013485 0.190719 1.318602 0.190062 -0.551893 -0.547321 -0.926981 -0.011305 -0.010874 -0.005187 -0.001581 -0.000275 -0.000247 -0.000331 -0.000007 -0.000000 0.017359 -0.419743 -0.221715 -0.016954 0.239094 0.046926 0.590622 0.001537 -0.000273 -0.000340 -0.000286 0.052267 0.007214 0.033526 0.048479 -0.019275 -0.097527 -0.045393 -0.064769 0.099745 0.093051 -0.000225 -0.004158 0.000436 0.096360 0.595230 0.355660 0.081233 0.012481 0.038135 0.063273 0.867579 0.141466 0.049151 0.008020 0.000980 -0.053886 -0.248794 0.463180 0.008582 -9999.000000 -9999.000000
0.006751 0.028435 0.044645 0.056954 0.027739 0.124493 -2.347748 -0.099827 -0.027346 -0.034977 -0.028980 -0.007908 -0.000554 -0.006855 -0.005922 -0.005629 0.523342 -0.321427 -0.211753 -0.013752 0.386392 0.007083 0.025327 0.006508 -0.001109 -0.005993 0.034590 0.077839 0.011647 0.024531 0.069710 -0.008209 -0.120990 -0.061559 -0.073862 0.000019 0.000538 0.000971 -0.002468 -0.000470 0.047298 0.517922 0.463057 0.244493 0.013555 0.074863 0.125096 0.169596 0.111209 0.088907 0.049466 0.008194 -0.025045 -0.349644 0.645542 0.017650 -9999.000000 -9999.000000
0.001206 0.024959 0.017802 0.047345 0.016809 0.028557 -0.956251 -0.755684 -0.564511 -0.038679 -0.049394 -0.039839 -0.009010 -0.014043 -0.032928 0.035403 0.471754 -0.227808 0.002315 0.027257 0.032983 0.010497 0.001142 0.000519 -0.009685 -0.009952 0.075057 0.080662 0.015999 0.020539 0.100647 0.004366 -0.057788 -0.055440 -0.054867 -0.052487 -0.000477 -0.000094 0.000264 0.002225 0.038567 0.548269 0.664038 0.252367 -0.024032 0.096974 0.006107 0.012417 0.056332 0.057226 0.013404 0.013404 0.085641 -0.335751 1.027771 0.049392 0.005106 -9999.000000
0.000891 0.005482 0.008680 0.019567 0.004386 0.016104 0.011274 -0.590324 -0.520812 -0.342316 -0.201873 -0.621493 -0.097887 -0.051935 -0.215314 0.161304 0.420765 -0.100175 -0.000348 0.000454 0.001191 0.000972 0.000183 -0.000237 -0.065974 0.153491 0.175713 0.474295 0.020110 0.037133 0.124134 0.101055 -0.022645 -0.179123 -0.167749 -0.396551 0.025298 -0.000995 -0.000478 0.014539 0.041828 0.620326 0.841938 0.350103 -0.042307 0.002331 0.000172 0.005927 0.027045 0.027709 0.007141 0.007141 0.057487 0.028442 0.031797 0.020298 0.005306 -9999.000000
0.000004 0.000222 0.000103 0.000473 0.003048 0.001666 0.000359 0.000505 0.001630 -0.299926 -0.165595 -0.421183 -0.486676 -0.401369 0.079970 0.183250 0.345397 -0.251959 -0.387986 -0.000369 -0.000909 -0.000958 -0.001069 -0.009766 0.128908 0.387614 0.007724 0.254300 0.110327 0.140078 0.008930 0.004614 0.029764 -0.196096 -0.065530 -0.178121 0.583756 -0.234201 -0.182340 0.024837 0.018964 0.280690 0.923495 0.287178 0.000736 0.007015 -0.005709 0.000000 0.000000 0.000000 0.000000 0.000000 0.031471 0.000610 0.008881 0.001251 0.001213 0.000734
-0.004871 -0.000222 -0.000103 0.000877 0.004668 -0.000074 -0.000224 -0.000452 -0.000619 0.000054 0.000414 0.054278 0.045784 -0.204713 0.521160 0.351814 0.115831 -0.484582 -0.486022 -0.012071 -0.001031 -0.013612 -0.193956 -0.299464 0.075959 0.010132 0.005568 0.027378 0.018419 0.053870 0.022378 0.006790 0.012654 -0.205376 -0.025853 -0.120770 0.968499 0.068888 0.782095 0.060558 0.027030 0.240209 0.868940 0.306935 0.129135 0.004801 0.024968 0.095147 -0.009359 -0.016642 -0.006886 -0.010661 -0.000004 -0.000083 0.000000 -0.000872 -0.000032 0.000800
0.060487 -0.008865 -0.002534 0.001492 0.030175 0.028709 0.003439 -0.166966 -0.105541 -0.001105 -0.000611 -0.000022 0.098439 0.125154 0.060830 0.024892 0.451882 -0.251842 -0.433805 -0.157559 -0.471137 0.121327 0.331552 -0.249937 0.000442 0.000007 0.000326 0.007209 0.006307 0.008455 0.017169 0.000000 0.000000 0.015306 0.247640 0.121050 1.240497 0.245277 0.717973 0.074183 0.027996 0.211476 0.826943 1.052315 0.316244 -0.003606 0.004162 0.161454 -0.099443 -0.064448 -0.030712 -0.304901 -0.005512 -0.010285 -0.003663 -0.028281 -0.001221 0.000977
0.041275 0.000913 0.000995 0.003185 0.015640 0.024109 0.032258 -0.148813 -0.012352 0.266349 -0.179717 -0.027984 0.066661 0.169024 0.000000 0.000000 0.018687 -0.002534 -0.320538 -0.107698 -0.308552 0.403449 0.265014 -0.065844 0.000655 -0.000317 -0.000208 -0.000003 0.000149 0.000160 0.000004 -0.010827 -0.009243 -0.000334 0.284227 1.084970 1.562046 0.362672 0.417223 0.105667 0.030509 0.020464 0.358733 0.555861 0.586545 0.000156 0.000554 0.006854 -0.008738 0.020041 0.057448 -0.308763 -0.002144 -0.044438 -0.061857 -0.065099 -0.000287 0.001370
0.013369 0.011288 0.003152 0.004088 0.001546 0.013956 0.016412 -0.021154 0.069152 0.352196 -0.057173 -0.032252 -0.023635 0.327707 -0.101759 -0.142564 0.000000 0.014279 -0.040885 -0.241748 -0.214287 0.532336 0.048414 0.049707 0.002456 -0.000486 -0.007017 -0.009385 -0.000696 -0.000044 -0.000635 -0.005518 -0.057567 0.155476 0.756069 0.345579 0.404262 0.454175 0.570248 0.001464 0.000890 0.040897 0.024350 0.560950 1.079949 -0.000095 0.000247 0.000331 0.000131 -0.044757 0.049742 -0.067337 0.000086 -0.123047 -0.020672 -0.011233 0.000596 0.001638
0.000287 0.000105 0.000222 0.000103 0.000108 0.000377 0.000198 0.002104 0.447468 0.600455 -0.001890 -0.056689 -0.585682 0.716261 -0.066872 -0.072225 0.245136 0.008796 0.418276 -0.222792 -0.009884 0.642815 -0.056980 0.182526 0.015895 -0.001384 -0.032009 -0.034989 -0.000714 -0.000329 -0.000535 0.180803 0.085572 0.250446 0.661843 0.380601 0.435015 0.588811 1.121765 0.003392 0.000624 0.064839 0.016799 0.501853 0.964940 -0.013406 -0.000569 -0.000393 -0.000136 -0.125894 0.130775 -0.071923 -0.012802 -0.029682 -0.005366 0.000125 -0.000038 -0.000631
0.000147 -0.000135 -0.000222 -0.000103 -0.000559 -0.000648 -0.000232 0.009556 0.278684 0.375784 0.020425 -0.072544 -0.837652 1.019739 0.027697 0.189013 0.022970 0.007227 0.038059 0.029716 0.028902 0.025817 0.004128 0.093575 0.066933 0.000083 -0.009481 -0.010008 -0.019356 -0.008962 0.170386 0.277448 0.166874 0.341298 0.258162 0.289014 0.242208 0.445821 1.093437 0.006972 -0.000026 0.111975 0.011568 0.536255 0.954768 -0.061254 -0.007720 -0.007588 -0.095950 -0.207039 0.221780 -0.085007 -0.018622 0.046254 -0.001739 -0.001361 -0.017678 -0.002028
-0.002313 -0.015902 -0.003946 -0.008729 -0.006435 -0.000476 0.001521 0.048588 0.421770 0.073674 0.076679 0.226638 -0.471936 1.580073 0.338760 0.024041 0.013702 0.004488 0.007735 0.003870 0.000326 0.007217 0.003828 0.032116 0.021824 -0.002488 0.000000 -0.004700 -0.035146 -0.320982 0.515246 0.566694 0.211175 0.097447 0.215218 0.089415 0.233004 0.446321 1.227231 0.273395 0.166260 0.134155 0.389006 0.425717 0.891900 0.034107 -0.117883 -0.196380 -0.087104 -0.220312 0.394223 -0.064872 -0.083683 0.297459 0.094925 0.096632 -0.417039 -0.027314
-0.031140 -0.047751 -0.040926 -0.034061 -0.035060 0.005948 0.031546 0.055193 0.152136 0.157449 0.187496 0.041282 0.064504 0.041792 0.050014 0.027020 0.000360 0.000360 0.000130 -0.001036 -0.000208 -0.000003 0.000835 0.000415 0.000017 -0.003989 -0.008979 -0.002088 0.161776 0.136247 0.842175 0.676083 0.380127 0.061687 0.028332 0.059133 0.261651 0.495547 1.371997 0.764388 0.224623 0.150053 0.808341 0.357799 0.318353 0.042243 -0.349586 -0.256646 0.023014 0.016178 0.010137 -0.042178 -0.093125 0.341361 0.132041 0.134019 -0.303354 -0.183474
-0.427811 -0.310269 0.143034 0.023065 0.026332 0.032555 0.023456 0.030998 0.021082 0.294213 0.148731 0.059942 0.060506 0.010796 0.018419 0.020121 -0.000360 -0.000360 -0.000130 -0.003285 -0.022974 -0.014199 -0.001417 -0.000655 -0.013166 -0.052895 -0.124667 0.369870 0.371249 0.347941 0.943123 0.446615 0.062521 -0.023901 -0.013732 0.003060 0.002843 0.411863 1.611263 0.913081 0.326579 0.176897 0.266140 0.006207 0.001248 0.109168 -0.068504 0.108769 0.005734 0.009909 0.003984 0.000213 -0.003371 0.204756 0.173900 0.168783 0.071069 -0.060609
0.120468 0.093071 0.350213 0.310554 0.015220 0.005625 0.011539 0.010427 0.012505 0.112816 0.125140 0.174316 0.015887 0.000000 0.000000 0.000195 -0.001183 -0.013819 -0.001983 -0.007050 -0.058530 -0.189397 -0.193757 0.272887 0.438273 0.665637 0.592738 0.421144 0.434586 0.516650 0.611024 0.002075 0.000676 -0.065539 -0.040779 -0.009771 -0.004194 1.084969 1.682567 0.612157 0.385021 0.003166 0.005176 0.000554 0.000609 0.048566 0.259712 0.032135 0.000594 0.000208 0.000003 -0.000106 0.005591 0.251592 0.201862 0.189665 0.142842 0.021769
0.198554 0.197706 0.022877 0.008725 0.008946 0.000391 0.000175 0.000068 0.000088 0.025669 0.039796 0.148489 0.009831 -0.002654 -0.003212 -0.000435 -0.001028 -0.027708 -0.004215 -0.004377 0.204320 1.102621 0.734704 0.469011 0.704069 0.591725 0.394383 0.068956 0.035043 0.002994 0.000455 0.000285 -0.000198 -0.352661 0.097340 -0.136068 -0.012084 1.015685 1.471783 0.656943 0.001621 0.003194 0.004927 0.000247 0.000331 0.007426 0.119390 0.007585 0.002203 -0.000326 -0.005981 -0.019715 0.000308 0.289616 0.414204 0.340878 0.279625 -0.042661
0.112569 0.006429 0.000250 0.000323 0.000418 -0.000121 -0.000142 -0.000065 -0.000086 0.060463 0.076222 0.043707 0.016910 -0.001106 -0.002482 -0.011882 -0.019906 -0.008297 -0.021073 0.665941 0.419387 0.321261 0.929659 0.353015 0.846735 1.062451 0.094016 0.000670 0.000016 -0.001219 -0.000504 -0.000623 0.249507 0.049898 0.171356 0.368303 0.394004 0.896503 1.352273 0.600939 -0.001498 -0.001785 0.001031 -0.000569 -0.000393 0.010297 0.007408 0.000904 0.005793 -0.001193 -0.038589 -0.029980 -0.000316 0.329557 0.451250 0.529640 0.285535 -0.079634
0.073981 -0.000000 -0.000010 -0.000405 -0.000586 -0.008838 -0.005341 -0.009861 -0.039399 0.243563 0.120346 0.045181 0.012130 -0.018385 -0.035551 -0.039594 -0.075535 0.004944 0.232563 0.683413 0.114872 0.108086 0.063272 0.025795 0.202266 0.276890 0.187473 0.001142 0.001487 0.007175 0.008354 0.004420 0.609162 0.244593 0.671883 0.705519 0.710444 0.861822 0.811575 0.533849 0.382258 -0.002367 -0.001163 0.000314 -0.012180 0.000143 0.000347 0.000743 0.000347 -0.000710 -0.038576 0.079120 0.079824 0.319563 0.234467 0.290418 0.363448 0.003750
0.359005 0.055930 -0.000594 -0.007010 -0.008057 -0.014782 -0.158496 -0.180043 0.194226 0.347653 0.058432 0.039603 0.000000 -0.008940 -0.080888 -0.010687 0.035422 0.070689 0.314414 0.108851 0.260383 0.190000 0.000360 0.000360 0.041760 0.386723 0.007749 0.002154 0.018234 0.056037 0.051425 0.066067 0.695606 0.830349 1.033155 0.853959 0.567269 0.035046 0.013534 0.319988 0.300374 0.417464 0.328130 0.110246 0.632083 -0.000183 -0.000439 -0.001073 -0.000439 -0.000467 0.127674 0.305895 0.158844 0.367005 0.009959 0.014532 0.514877 0.016597
0.063842 0.069611 0.108988 -0.086214 -0.014845 -0.003334 0.178539 0.030780 0.218678 0.207156 0.047509 0.091130 0.007396 0.002533 -0.012101 0.000546 0.056741 0.105159 0.000636 0.301029 0.131118 0.104330 -0.000360 -0.000360 0.098940 0.189789 0.000506 0.001187 0.008425 0.016719 0.011986 0.009791 1.128553 1.215586 1.321697 0.963088 0.029720 0.015838 0.004347 0.285975 0.365425 0.027811 0.058770 0.039367 0.634169 -0.036567 -0.008059 -0.011992 -0.008059 0.059466 0.249174 0.435159 0.016354 0.052407 0.018530 0.004037 0.093998 0.021341
0.018576 0.018230 0.025379 0.052300 -0.076224 -0.003712 0.318961 0.069153 0.227432 0.221133 0.013073 0.007052 -0.006367 -0.000387 0.000896 0.000452 0.016360 0.007611 0.000381 0.447799 0.000000 0.136426 0.071519 0.052788 0.028915 0.202951 -0.000222 0.000866 0.000771 0.000846 0.000042 0.000001 0.887931 0.868538 0.497050 0.016330 0.004436 0.008485 0.010392 0.126959 0.142155 0.012254 0.016658 0.078316 0.558342 0.341360 0.590441 -0.050087 -0.070017 0.112254 0.118201 0.104450 0.001921 0.016144 0.009325 0.011252 0.019701 0.004635
0.001130 0.007625 0.012741 0.005766 -0.017131 0.013693 0.335004 0.127050 0.013407 0.023782 0.006420 0.000764 -0.013711 -0.025091 -0.002397 -0.000490 0.034586 0.017440 1.018563 0.505172 0.095573 0.067357 0.040874 0.053372 0.026067 0.105971 -0.086095 -0.000540 0.000314 -0.000264 -0.009034 0.378906 1.219423 1.077096 0.141730 0.005695 0.008847 0.000710 0.049113 0.061099 0.076996 0.005317 0.008903 0.011747 0.038468 0.510379 0.210566 0.116735 0.090308 0.135912 0.138114 0.132620 0.001478 0.000000 0.009971 0.012382 0.000904 0.006568
-0.000994 0.000000 0.000065 0.000065 -0.000634 0.026533 0.074289 0.001085 0.000990 0.000991 0.000000 0.000025 -0.002304 -0.158455 -0.006815 -0.099570 0.045397 0.435630 0.946015 0.025204 -0.070151 -0.045872 -0.019520 0.021557 0.000222 0.038479 -0.097667 -0.000828 -0.000591 0.007920 0.178288 0.498378 0.974744 0.363603 0.202327 0.012688 0.008288 0.001479 0.032535 0.022407 0.049872 0.010029 0.000765 0.000381 0.000604 0.171537 0.317737 0.182864 0.152616 0.141196 0.120850 0.189242 0.004503 -0.002363 -0.000071 0.000347 0.000743 0.000347
-0.009921 -0.005378 -0.000556 -0.000124 0.004715 0.011665 0.000234 -0.000186 -0.001032 -0.001271 -0.011136 -0.000950 0.000415 0.000201 0.102882 0.139575 0.380099 0.425765 0.532385 0.000000 0.002136 -0.049940 -0.051780 -0.050954 -0.000222 0.007120 -0.075414 -0.000894 -0.000847 0.013947 0.303963 0.561192 1.343467 0.040034 0.046249 0.020232 0.000323 0.001106 0.009010 0.001516 0.020700 0.001938 0.000440 0.000022 0.001186 0.002024 0.436730 0.212752 0.186147 0.147011 0.113336 0.015489 0.004870 -0.005570 -0.008758 -0.000439 -0.001073 -0.000439
-0.012887 -0.014703 -0.004645 -0.000678 0.003599 -0.028660 -0.000524 -0.001162 -0.021203 -0.017783 -0.028099 -0.010268 -0.000673 -0.000003 0.295251 0.292239 0.535448 0.049321 0.253575 -0.045947 0.006427 0.004244 -0.052782 -0.063351 -0.024975 0.003761 -0.028562 -0.007046 -0.007895 0.014326 0.069659 0.061407 1.451614 0.091204 0.071877 0.037081 -0.000011 0.000083 0.000222 0.000374 0.000020 -0.000917 -0.000658 -0.000374 -0.000065 0.001613 0.587610 0.226035 0.206827 0.141902 0.000695 0.000794 0.000391 -0.008857 -0.009443 -0.024454 -0.025054 -0.006209
-0.001351 -0.003812 -0.021141 -0.002233 -0.000127 -0.038663 -0.012833 -0.004609 -0.077831 -0.054761 -0.055431 -0.031530 -0.002324 -0.000469 0.460611 0.403736 0.251848 0.046071 0.361099 -0.111017 0.006734 0.005528 0.002805 0.001740 -0.013142 0.076167 0.029569 0.003986 -0.013153 -0.007265 0.075529 0.068577 1.165848 0.592180 0.075034 0.060127 -0.000151 -0.000284 -0.000222 -0.000423 -0.005897 -0.008119 -0.013892 0.267530 -0.057837 0.062093 0.588980 0.019992 0.219052 0.023799 0.000035 -0.000721 -0.000367 -0.003192 0.195837 -0.535139 -0.462702 -0.003811
