use_cases/Flooding_chicago/flooding_data/output/hUy_1380.asc
ncols 337
nrows 393
xllcorner 428428.000000
yllcorner 4602440.000000
cellsize 26.757400
NODATA_value -9999.000000
[rows 286 to 311 of 393, columns 58 to 115 of 337]
0.000510 -0.395195 -0.921927 -0.904516 -0.388645 -0.414953 -0.355106 -0.453879 0.457733 -0.004037 -0.036557 -0.073945 -0.136495 -0.204285 -0.000228 -0.000632 -0.000840 -0.000877 -0.000571 -0.001976 -0.087665 -0.080673 -0.008952 -0.000208 -0.000003 -0.000017 -0.000000 -0.052275 -0.024992 -0.045320 -0.014017 0.019479 0.036453 0.000360 0.000360 -0.000015 0.194604 0.286902 0.333643 0.272362 0.233553 0.247664 0.375435 0.496808 0.134285 -0.060298 0.215990 0.238784 0.217405 0.370419 0.266470 0.251129 0.018172 -0.014828 0.081296 0.116407 0.230608 -0.188104
-0.000244 -0.471706 -1.027863 -0.922423 -0.406635 -0.388064 -0.287718 -0.349473 0.296127 0.005242 -0.103514 -0.524599 -0.104092 -0.096039 -0.001664 -0.017673 -0.017422 -0.015783 -0.010134 -0.010359 -0.306450 -0.778889 -0.017037 -0.010360 -0.003984 -0.000397 -0.008376 -0.089187 -0.050437 -0.031664 -0.050189 -0.014171 -0.020233 -0.000360 -0.000360 -0.000516 0.291299 0.300924 0.343217 0.286092 0.281215 0.245273 0.249136 0.288515 0.136316 -0.036137 0.126139 0.221508 0.209849 0.330379 0.397973 0.379809 0.088269 -0.002872 0.032657 0.233394 0.298189 -0.130342
-0.014986 -0.501963 -1.185339 -1.323623 -0.554769 -0.516180 -0.231228 -0.241715 0.158328 0.103597 -0.109237 -0.170802 -0.023440 -0.031960 -0.011693 -0.032887 -0.032527 -0.022559 -0.023728 -0.281770 -0.055482 -0.636935 -0.423608 -0.020560 -0.007563 -0.011427 -0.021784 -0.266555 -0.024921 -0.014183 -0.017204 -0.033864 -0.037225 -0.043995 0.138110 0.193638 0.265625 0.248110 0.305028 0.440900 0.283874 0.206897 0.233369 0.263071 0.000364 0.000702 0.080452 0.216752 0.273418 0.427957 0.397560 0.419375 0.045086 0.020563 0.033426 0.085592 0.255294 -0.088360
-0.266774 -1.300980 -2.148854 -1.383221 -0.509933 -0.349765 -0.013365 -0.204414 0.048235 0.160420 -0.162570 -0.074900 -0.109697 -0.059969 -0.020917 -0.038217 -0.030262 -0.027138 0.148529 0.142380 0.001207 -0.593772 -0.324508 -0.132477 -0.244265 -0.148552 -0.461995 -0.246582 -0.009045 0.048801 0.018723 -0.022283 0.229858 0.279068 0.165620 0.270481 0.210819 0.182763 0.247472 0.466810 0.671631 0.152003 0.208799 0.215943 -0.000376 -0.000723 0.130373 0.280682 0.249672 0.393174 0.461283 0.546215 0.066387 0.045811 0.000038 0.038287 0.030518 -0.012318
-0.249140 -1.888659 -1.572211 -1.127399 -0.083200 -0.141921 -0.000154 0.001486 -0.045968 0.267612 -0.096959 -0.086481 0.341767 -0.336997 -0.042011 -0.054899 -0.034916 -0.009523 0.236270 0.268013 0.127779 -0.198065 -0.372160 -0.124263 -0.110118 -0.051393 -0.002222 -0.581701 -0.083235 0.004632 0.009747 -0.004984 0.201344 0.427144 0.001375 0.047777 0.000767 0.000452 0.358251 0.513299 0.451676 0.156673 0.228476 0.222195 0.443112 0.016595 0.142163 0.074204 0.253471 0.218604 0.302052 0.613277 0.150534 0.133959 0.047230 -0.013091 -0.062968 0.037471
-0.306115 -1.873431 -1.640728 -0.563257 -0.001515 -0.002323 -0.001266 0.001148 0.024763 0.506446 0.078201 0.084398 0.488119 -0.216390 -0.438881 -0.399432 -0.008771 -0.005459 0.294912 0.543211 -0.000202 -0.000313 -0.193845 -0.136709 -0.192001 0.256804 0.088792 -0.565148 -0.613318 -0.106565 -0.044076 -0.005747 0.040117 0.001033 0.002313 0.001183 -0.000195 -0.000281 0.244168 0.225633 0.147213 0.036330 0.292493 0.257952 0.186082 0.047912 0.037990 0.051769 0.065961 0.193620 0.312310 0.593955 0.140038 0.129343 0.065045 -0.008120 -0.056063 0.050142
-0.873964 -2.024909 -1.591680 -0.489000 -0.160240 -0.067656 -0.260049 0.001599 0.020892 0.014596 0.047060 0.041856 0.010506 0.003841 0.001914 -0.257123 -0.027572 0.003683 0.283491 0.223164 -0.000724 0.000417 0.001462 -0.069019 -0.030612 0.269448 0.000340 -0.246047 -0.315663 -0.173529 -0.086863 -0.025349 -0.130966 0.000446 0.000497 -0.000344 0.198562 0.182705 0.306600 0.266271 0.176509 0.030873 0.406375 0.286712 0.185282 0.084092 -0.003556 0.029419 0.030904 0.176439 0.319327 0.636520 0.152164 0.172836 0.121148 0.001340 0.039040 0.068809
-0.933139 -1.304171 -1.413916 -1.070407 -0.163106 -0.093011 -0.395925 0.000216 0.001119 0.002630 0.003154 0.002630 0.001119 0.002937 0.002154 -0.118191 -0.000176 -0.001949 0.189514 0.000366 -0.042525 0.000716 0.002722 0.048262 0.123121 0.098590 -0.000000 -0.189867 -0.228669 -0.152161 -0.088388 0.017768 -0.501164 -0.000745 -0.001804 -0.000990 0.288426 0.263963 0.969965 0.278974 0.221115 0.993789 0.661876 0.440572 0.294934 0.162458 -0.004850 0.013778 0.038267 0.149608 0.325619 0.466960 0.187005 0.134780 0.181563 0.000608 0.003928 0.171586
-0.639916 -1.166830 -1.188183 -1.199061 -0.232097 -0.169955 -0.669627 -0.000228 0.000244 0.001415 0.002183 0.001415 0.000244 -0.000724 0.089015 -0.046275 0.000095 -0.044380 0.041688 -0.000273 -0.059436 0.002182 0.003700 0.009635 0.019293 0.105981 -0.000340 -0.101898 -0.439050 -0.458161 -0.063153 0.061955 -0.671138 -0.001063 -0.001799 0.139385 0.348630 0.642796 0.340928 0.290308 0.299870 0.192979 0.199698 0.082880 0.048656 0.022407 0.001008 0.014876 0.042886 0.129064 0.332847 0.491676 0.120204 0.151971 0.211793 -0.010138 -0.000427 -0.009230
-0.361701 -1.199663 -1.192817 -1.672779 -0.311187 -1.119033 -0.766217 -0.000542 -0.000956 -0.002221 -0.002610 -0.002220 -0.000956 -0.149478 0.386133 -0.055436 -0.053454 -0.101353 -0.069725 -0.076484 -0.065240 0.001245 0.000628 0.000400 0.000546 0.007370 0.000315 -0.490659 -0.374456 -0.388803 -0.032639 -0.002040 -0.416305 -0.216615 -0.001054 0.195624 0.767173 0.559744 0.525222 0.249563 0.324905 0.006587 0.016955 0.007228 0.004049 0.000978 0.002258 0.003261 0.001581 0.090883 0.379157 0.555874 0.124589 0.217380 0.428332 0.061674 -0.182813 0.023352
-0.406705 -0.457977 -0.466276 -1.731241 -1.465182 -1.220593 -1.157310 -0.036394 -0.011389 -0.002147 -0.002937 -0.002147 -0.001526 -0.036789 0.475396 -0.058285 -0.090018 -0.165086 -0.147712 -0.102451 -0.049317 0.000906 -0.000013 -0.000322 -0.000323 -0.000018 0.000432 -0.503920 -0.424853 -0.014634 -0.011892 -0.057769 -0.262508 -0.167704 0.003126 0.200648 0.837105 0.602915 0.464378 0.213388 0.032192 0.012059 0.001250 0.010199 0.003196 -0.000044 -0.001531 0.002264 -0.000719 -0.000338 0.218624 0.539361 0.193952 0.190730 0.584122 0.048781 -0.116254 0.084930
-0.283875 -1.053685 -1.346138 -1.366044 -1.628991 -1.083852 -1.314473 0.134305 -0.116121 0.030155 -0.002085 0.002474 0.004460 0.207834 0.589272 0.028152 -0.034218 -0.226342 -0.219330 -0.121384 0.000599 0.000158 -0.000636 -0.018174 -0.002179 -0.001299 0.014060 -0.487175 -0.312822 -0.342326 -0.272051 -0.153003 -0.135085 -0.119596 -0.001337 0.349917 0.815170 0.277983 0.227651 0.002846 0.001717 0.003392 0.002893 0.008624 0.000225 -0.003987 0.072271 -0.001230 0.203225 0.128979 0.196440 0.499211 0.166739 0.130026 0.494849 0.078606 0.161912 0.042669
-0.157259 -0.262860 -1.107047 -1.893703 -1.763908 -1.406254 -0.831907 0.178114 -0.111434 0.122149 0.003016 0.008676 0.011908 0.057313 0.024147 0.001099 -0.000716 -0.257554 -0.264283 0.000011 0.000202 -0.000359 -0.008411 -0.021805 -0.054081 -0.002284 0.011101 0.007836 0.023290 -0.345538 -0.279817 -0.290487 -0.098531 -0.128555 0.055339 0.267833 0.583762 0.163779 0.192731 0.003393 0.002193 0.003969 0.003336 0.001120 -0.000658 -0.001843 0.137171 0.049239 0.180905 0.001958 0.003489 0.281886 0.151681 0.075125 0.557786 0.156157 0.019673 0.044515
-0.068334 -0.232716 -1.073259 -1.927101 -1.975107 -1.666469 -0.942854 0.043092 0.059589 0.031271 0.002905 0.003697 0.003515 0.012137 0.001034 0.000130 0.006171 -0.277719 -0.288150 -0.050529 -0.000851 -0.001003 -0.020116 -0.091753 -0.068792 -0.060292 0.000681 0.000681 0.000530 0.002113 -0.293931 -0.400507 0.000557 -0.073455 0.147238 0.274948 0.453532 0.062327 0.166230 0.000336 0.000035 0.000343 0.000222 0.000161 -0.000253 -0.000655 0.225104 -0.025679 0.120066 -0.000261 0.005029 0.007785 0.004691 0.081082 0.682018 0.322195 -0.005066 0.029826
-0.073680 -0.104808 -0.800219 -1.420080 -1.524385 -1.376864 -0.738718 0.059052 0.001364 0.015388 0.003411 0.002566 0.000772 0.000000 0.000008 -0.000342 0.000311 -0.315034 -0.326583 -0.045314 0.000732 -0.000133 0.000182 -0.021800 -0.105564 -0.091427 -0.000000 0.000000 0.000281 0.009912 -0.316379 -0.502833 -0.000016 0.066259 0.231420 0.226918 0.386759 -0.004670 0.003694 -0.000692 -0.002422 -0.003975 -0.000222 -0.000292 -0.000032 -0.123516 0.305650 -0.005758 0.213276 0.695172 0.006493 0.007032 0.002793 0.001654 0.386919 0.420121 -0.013677 0.000222
-0.063131 -0.087348 -0.106301 -1.551823 -1.615102 -1.477755 -0.062284 0.000078 -0.000022 0.000000 -0.002421 -0.003278 -0.003281 -0.013346 -0.001100 -0.003222 -0.001112 -0.330835 -0.374808 0.000443 0.000647 0.000534 0.005096 0.001175 -0.154962 -0.119825 -0.000681 -0.000681 -0.000206 0.045482 0.061794 -0.542851 -0.199083 0.177199 0.193683 0.033651 0.181704 -0.066831 0.004733 -0.012138 -0.018666 -0.003037 -0.011506 -0.001349 0.000142 0.092604 0.384526 0.337429 0.026345 0.034146 0.010125 0.007095 0.003357 0.000332 0.340636 0.445382 -0.004692 -0.000222
-0.042665 -0.067370 -0.050441 -2.631881 -2.962233 -2.145564 -0.069784 -0.000196 -0.001184 -0.012148 -0.003717 -0.002925 -0.033227 -0.038386 -0.014950 -0.003130 -0.160832 -0.968139 -0.337742 -0.000509 -0.001776 -0.000809 0.000235 -0.000297 -0.060980 -0.400261 -0.008918 -0.013084 -0.000537 0.130994 0.096498 -0.106698 -0.026672 0.283960 0.024353 -0.155665 -0.081549 -0.175569 -0.005600 -0.013316 -0.014382 -0.022791 -0.036135 -0.005469 0.000852 0.070683 0.060881 0.018873 0.000497 0.003385 0.000935 0.000046 0.000002 -0.000716 0.240233 0.360699 0.117755 -0.015188
0.000000 -0.031797 -0.080515 -2.964133 -2.063317 -1.615570 -0.460303 -0.034948 -0.013803 -0.020304 -0.016216 -0.010970 -0.260066 -0.265218 -0.103660 0.006352 -0.128680 -0.458587 -0.517923 -0.082741 -0.001742 -0.001895 -0.000583 -0.000479 0.104862 -0.369789 -0.341395 -0.339633 0.037171 0.353193 0.118779 0.080013 0.336273 0.451925 -0.095708 -0.561667 -0.322299 -0.283091 -0.008972 -0.008305 -0.015247 -0.131206 -0.185039 -0.001404 0.000034 0.000821 0.010298 0.011223 0.000378 0.001980 -0.000413 -0.033659 -0.016978 0.197943 0.154691 0.394007 0.321328 0.001207
-0.063611 -0.017562 -0.337714 -2.446939 -1.770876 -1.340811 -0.492273 -0.107937 -0.151277 -0.060274 -0.088278 -0.114143 -0.311448 -0.536786 -0.019820 0.011118 -0.048017 -0.268079 -0.471181 -0.081658 -0.070016 -0.035147 -0.149844 -0.086120 0.132812 -0.256097 -0.322143 -0.247520 0.244448 0.471152 0.262823 0.082844 0.846625 0.784833 0.017635 -0.503060 -0.341682 -0.367106 -0.005605 -0.003460 0.012149 -0.078674 -0.144652 -0.077152 -0.004586 -0.000152 0.000000 0.000000 -0.003973 -0.000403 0.647570 -0.031515 -0.064016 0.268081 0.007773 0.049113 0.080209 0.034666
-0.154721 -0.180161 -0.360535 -2.234730 -1.613293 -1.236803 -0.679989 -0.194986 -0.640405 -0.199572 -0.039436 -0.065456 -0.273859 0.025212 0.000153 0.000000 0.000741 0.000379 -0.125912 -0.226037 -0.216514 -0.456602 -0.122312 0.119605 0.183218 -0.152933 -0.307535 -0.188480 0.249974 0.268050 0.294277 0.105640 0.007502 0.007544 0.021418 -0.171283 -0.412396 -0.442658 -0.001807 0.001727 0.093556 -0.065541 -0.164567 -0.077637 -0.312902 -0.008480 -0.005878 -0.005878 -0.006146 -0.000662 0.026047 0.072409 0.014629 0.025042 0.006956 0.000020 0.000778 0.046908
-0.073947 -0.458321 -0.387208 -2.016409 -1.473012 -1.231864 -0.979811 -0.267972 -0.023419 -0.002980 -0.029420 -0.059540 -0.090214 -0.000031 -0.000746 -0.011134 -0.001095 -0.000416 -0.044636 -0.182293 -0.178244 -0.962765 -0.157905 0.140784 0.151657 0.077851 -0.184382 -0.158393 0.133705 0.101852 0.075824 0.061138 0.000681 0.000681 0.000180 -0.000360 -0.470728 -0.493422 0.000062 0.004591 0.013436 0.001719 -0.146784 -0.044046 -0.676849 -0.149714 -0.138056 -0.015108 -0.006734 -0.002562 0.001104 0.015284 0.000326 0.000121 -0.000674 -0.017051 0.000147 0.000664
-0.238949 -0.327143 -0.496710 -1.696256 -1.236050 -1.201530 -1.301304 -0.063655 -0.030791 -0.001906 -0.142561 -0.167998 -0.037895 -0.024831 -0.019338 -0.020968 -0.030112 -0.010860 -0.016155 -0.176726 -0.195996 -0.226879 -0.120033 0.120699 0.001309 0.000525 -0.028437 -0.061858 0.071937 0.056156 -0.012705 0.024120 -0.000000 0.000000 -0.000169 -0.159744 -0.414386 -0.451569 -0.000676 0.003890 0.000488 0.000642 -0.067708 -0.013643 -0.136961 -0.094347 -0.085179 -0.003525 -0.004641 -0.003718 -0.001901 -0.000003 -0.000208 -0.000106 -0.002947 -0.016175 -0.000705 -0.001004
-0.192513 -0.197454 -0.317483 -1.240942 -0.863592 -1.004685 -2.294620 -0.815600 -0.031757 -0.025024 -0.686888 -0.743509 -0.020480 -0.051293 -0.031413 -0.079162 -0.020029 -0.050931 -0.004628 -0.182229 -0.199014 -0.210890 -0.143753 0.001060 0.001304 -0.000195 -0.007584 -0.026503 0.029513 0.030137 -0.072446 0.008316 -0.000681 -0.000681 -0.000672 -0.139291 -0.298640 -0.314023 -0.000560 -0.000005 -0.000172 -0.000004 -0.000000 -0.000000 -0.071170 -9999.000000 -9999.000000 -9999.000000 -9999.000000 -9999.000000 -9999.000000 -9999.000000 -9999.000000 -9999.000000 -9999.000000 -9999.000000 -9999.000000 -9999.000000
0.086025 -0.128926 -0.240285 -0.992474 -0.653290 -0.827974 -1.907822 -1.430482 -0.484390 -0.544592 -0.226739 -0.331449 -0.006145 -0.270366 -0.101551 0.021326 -0.008747 -0.018942 -0.001291 -0.173201 -0.182128 -0.190529 -0.144192 0.001296 0.000658 -0.091692 -0.023764 -0.034556 0.046738 -0.003364 -0.081885 0.000000 -0.013108 -0.008293 -9999.000000 -9999.000000 -9999.000000 -9999.000000 -9999.000000 -9999.000000 -9999.000000 -9999.000000 -9999.000000 -9999.000000 -9999.000000 -9999.000000 -9999.000000 -9999.000000 -9999.000000 -9999.000000 -9999.000000 -9999.000000 -9999.000000 -9999.000000 -9999.000000 -9999.000000 -9999.000000 -9999.000000
0.000000 -0.060170 -0.064295 -0.128428 0.029396 -0.787659 -2.429436 -2.028599 -0.731077 -0.682274 -0.153492 -0.300792 -0.001612 -0.180053 -0.038068 0.199505 0.081593 -0.233067 -0.042512 -0.477255 -0.307727 -0.131914 -0.098592 0.002008 0.001840 0.200904 -0.187551 -0.037579 0.127180 0.000975 -0.136274 -0.003663 -0.038017 -0.016292 -9999.000000 -9999.000000 -9999.000000 -9999.000000 -9999.000000 -9999.000000 -9999.000000 -9999.000000 -9999.000000 -9999.000000 -9999.000000 -9999.000000 -9999.000000 -9999.000000 -9999.000000 -9999.000000 -9999.000000 -9999.000000 -9999.000000 -9999.000000 -9999.000000 -9999.000000 -9999.000000 -9999.000000
-0.046377 -0.045434 -0.050715 -0.087750 0.000222 0.000547 -1.899941 -1.693397 -0.686167 -0.664150 -0.237508 -0.422374 -0.126739 -0.175547 -0.064359 0.090671 0.072909 -0.035945 -0.429744 -0.325163 -0.101636 0.492140 0.040326 0.004307 0.004345 0.291731 -0.275890 -0.031166 0.005350 0.000464 -0.122704 -0.085434 -0.017461 -9999.000000 -9999.000000 -9999.000000 -9999.000000 -9999.000000 -9999.000000 -9999.000000 -9999.000000 -9999.000000 -9999.000000 -9999.000000 -9999.000000 -9999.000000 -9999.000000 -9999.000000 -9999.000000 -9999.000000 -9999.000000 -9999.000000 -9999.000000 -9999.000000 -9999.000000 -9999.000000 -9999.000000 -9999.000000
