use_cases/Flooding_chicago/flooding_data/output/hUy_1200.asc
ncols 337
nrows 393
xllcorner 428428.000000
yllcorner 4602440.000000
cellsize 26.757400
NODATA_value -9999.000000
[rows 260 to 285 of 393, columns 0 to 57 of 337]
-9999.000000 -9999.000000 -9999.000000 -9999.000000 -9999.000000 -9999.000000 -9999.000000 -9999.000000 -9999.000000 -9999.000000 -9999.000000 -9999.000000 -9999.000000 -9999.000000 -9999.000000 -9999.000000 -9999.000000 -9999.000000 -9999.000000 -9999.000000 -9999.000000 -9999.000000 -9999.000000 -9999.000000 -9999.000000 -9999.000000 -9999.000000 -9999.000000 -9999.000000 0.005800 0.020560 0.097888 0.363393 0.408291 0.063061 0.109033 0.206608 0.482956 0.200546 0.234747 0.037809 0.366797 -0.126409 -0.085398 -0.081682 0.165877 0.184089 -0.238302 0.555737 0.656916 0.239392 0.159074 -0.242547 0.250150 0.620441 -0.201812 -0.141214 0.773032
-9999.000000 -9999.000000 -9999.000000 -9999.000000 -9999.000000 -9999.000000 -9999.000000 -9999.000000 -9999.000000 -9999.000000 -9999.000000 -9999.000000 -9999.000000 -9999.000000 -9999.000000 -9999.000000 -9999.000000 -9999.000000 -9999.000000 -9999.000000 -9999.000000 -9999.000000 -9999.000000 -9999.000000 -9999.000000 -9999.000000 -9999.000000 -9999.000000 -9999.000000 0.003663 0.009554 0.008679 0.514422 0.585678 0.243301 0.000102 0.210256 0.494680 0.239266 0.311677 0.083326 0.451451 0.045797 0.084368 0.037253 0.197124 0.178059 -0.064328 0.596366 0.625681 0.236226 0.121391 -0.148245 0.338032 0.785948 -0.150546 0.288254 0.189828
-9999.000000 -9999.000000 -9999.000000 -9999.000000 -9999.000000 -9999.000000 -9999.000000 -9999.000000 -9999.000000 -9999.000000 -9999.000000 -9999.000000 -9999.000000 -9999.000000 -9999.000000 -9999.000000 -9999.000000 -9999.000000 -9999.000000 -9999.000000 -9999.000000 -9999.000000 -9999.000000 -9999.000000 -9999.000000 -9999.000000 -9999.000000 -9999.000000 -9999.000000 0.000000 0.000395 0.001311 0.026029 0.738845 0.541647 0.245957 0.225792 0.598856 0.438041 0.330771 0.175312 0.493689 0.211727 0.194898 0.101290 0.151127 0.211241 0.071146 0.466073 0.766590 0.129463 0.066498 -0.226934 0.040373 0.093206 0.021898 0.081438 0.154873
-9999.000000 -9999.000000 -9999.000000 -9999.000000 -9999.000000 -9999.000000 -9999.000000 -9999.000000 -9999.000000 -9999.000000 -9999.000000 -9999.000000 -9999.000000 -9999.000000 -9999.000000 -9999.000000 -9999.000000 -9999.000000 -9999.000000 -9999.000000 -9999.000000 -9999.000000 -9999.000000 -9999.000000 -9999.000000 -9999.000000 -9999.000000 -9999.000000 -9999.000000 -0.000545 0.000492 0.005000 0.009756 0.059139 0.027485 0.228548 0.279940 0.500759 0.496220 0.431008 0.302784 0.655271 0.371498 0.293249 0.341125 0.255341 0.187865 0.148550 0.432103 0.613981 0.060267 0.037371 -0.297016 0.064224 0.013469 0.028981 0.013763 0.051940
-9999.000000 -9999.000000 -9999.000000 -9999.000000 -9999.000000 -9999.000000 -9999.000000 -9999.000000 -9999.000000 -9999.000000 -9999.000000 -9999.000000 -9999.000000 -9999.000000 -9999.000000 -9999.000000 -9999.000000 -9999.000000 -9999.000000 -9999.000000 -9999.000000 -9999.000000 -9999.000000 -9999.000000 -9999.000000 -9999.000000 -9999.000000 0.002011 0.000842 -0.000548 0.001131 0.005466 0.013313 0.008601 0.003578 0.224372 0.281967 0.657283 0.309550 0.504878 0.393374 0.735535 0.933888 0.683735 0.362238 0.233795 0.122428 0.275293 0.526299 0.720177 -0.043953 0.149759 -0.138175 0.120757 0.020554 0.027406 0.022662 0.111251
-9999.000000 -9999.000000 -9999.000000 -9999.000000 -9999.000000 -9999.000000 -9999.000000 -9999.000000 -9999.000000 -9999.000000 -9999.000000 -9999.000000 -9999.000000 -9999.000000 -9999.000000 -9999.000000 -9999.000000 -9999.000000 -9999.000000 -9999.000000 -9999.000000 -9999.000000 -9999.000000 0.000627 0.001204 0.000057 0.048344 0.000981 0.000807 -0.005983 0.000114 0.002083 0.011059 0.007647 0.004193 0.083067 0.366687 0.785794 0.345856 0.209312 0.138129 0.728485 1.023939 0.743475 0.431808 0.356476 0.019567 0.035162 0.042066 0.895007 0.166231 0.397377 0.053064 0.231518 0.028730 0.031296 0.044946 0.067453
-9999.000000 -9999.000000 -9999.000000 -9999.000000 -9999.000000 -9999.000000 -9999.000000 -9999.000000 -9999.000000 -9999.000000 -9999.000000 -9999.000000 -9999.000000 -9999.000000 -9999.000000 -9999.000000 -9999.000000 -9999.000000 -9999.000000 -9999.000000 -9999.000000 -9999.000000 0.001230 0.000471 -0.000048 -0.005708 0.050509 0.001117 0.000334 -0.008229 -0.004182 0.001667 0.001541 0.005155 0.006348 0.196524 0.567193 0.965794 0.446107 0.314222 0.208235 0.864227 1.399134 1.038158 0.428695 0.014107 0.001203 0.013679 0.013972 0.029022 0.138599 0.032124 0.032871 0.384880 0.059853 0.092510 0.047042 0.053910
-9999.000000 -9999.000000 -9999.000000 -9999.000000 -9999.000000 -9999.000000 -9999.000000 -9999.000000 -9999.000000 -9999.000000 -9999.000000 -9999.000000 -9999.000000 -9999.000000 -9999.000000 -9999.000000 -9999.000000 -9999.000000 -9999.000000 -9999.000000 -9999.000000 0.002180 0.000578 -0.000433 -0.000343 -0.013063 0.032866 0.001544 -0.000309 -0.002790 -0.041658 0.003865 0.002462 0.005635 0.016046 0.379608 0.936245 1.382475 0.026503 0.042899 0.026081 0.816519 1.158007 1.017234 0.760268 0.000083 0.001141 0.007401 0.007898 0.030986 0.050720 0.035878 0.039542 0.234022 0.133992 0.067927 0.060545 0.053392
-9999.000000 -9999.000000 -9999.000000 -9999.000000 -9999.000000 -9999.000000 -9999.000000 -9999.000000 -9999.000000 -9999.000000 -9999.000000 -9999.000000 -9999.000000 -9999.000000 -9999.000000 -9999.000000 -9999.000000 -9999.000000 -9999.000000 -9999.000000 0.007271 0.003101 -0.000721 -0.010160 -0.090424 -0.005183 0.000376 0.001905 -0.000670 -0.097253 -0.004112 0.447618 0.270180 0.128624 0.621239 0.536175 0.624455 0.666019 0.012184 0.018016 0.009200 0.278607 1.391220 0.460215 0.478043 -0.000146 0.000000 0.000010 0.000472 0.022325 0.016137 0.009635 0.045070 0.118304 0.117445 0.058037 0.082250 0.047691
-9999.000000 -9999.000000 -9999.000000 -9999.000000 -9999.000000 -9999.000000 -9999.000000 -9999.000000 -9999.000000 -9999.000000 -9999.000000 -9999.000000 -9999.000000 -9999.000000 -9999.000000 -9999.000000 -9999.000000 -9999.000000 -9999.000000 0.000530 0.028945 0.003500 -0.003384 -0.996021 -0.224673 0.176871 -0.000126 0.000000 -0.000604 -0.017852 0.615807 1.183877 0.565420 -0.306502 1.165127 0.098654 0.075846 0.078928 0.025253 0.037748 0.022382 0.341924 0.497688 0.674573 0.655653 0.313156 -0.006020 -0.008443 -0.000221 0.000513 0.001075 0.001285 0.038832 0.050659 0.041085 0.062298 0.107824 0.032728
-9999.000000 -9999.000000 -9999.000000 -9999.000000 -9999.000000 -9999.000000 -9999.000000 -9999.000000 -9999.000000 -9999.000000 -9999.000000 -9999.000000 -9999.000000 -9999.000000 -9999.000000 -9999.000000 -9999.000000 -9999.000000 0.000000 0.000000 0.010490 0.000994 -0.001357 -1.174069 0.094176 0.816724 -0.161372 -0.155044 -0.001466 0.161558 1.253240 1.753696 0.537860 -0.966679 0.086312 0.007683 0.025367 0.017190 0.027653 0.083245 0.060342 0.028698 0.565255 0.737912 0.697465 0.389848 0.036255 -0.016739 -0.009756 -0.000587 -0.000607 -0.000023 0.000625 0.003591 0.016081 0.068979 0.072000 0.013510
-9999.000000 -9999.000000 -9999.000000 -9999.000000 -9999.000000 -9999.000000 -9999.000000 -9999.000000 -9999.000000 -9999.000000 -9999.000000 -9999.000000 -9999.000000 -9999.000000 -9999.000000 -9999.000000 -9999.000000 -9999.000000 -0.009284 -0.005237 0.000000 0.000088 0.012058 -1.125672 0.169364 0.823719 0.250253 0.119071 0.027302 0.196398 1.459655 1.595311 0.521129 -1.752220 0.116745 0.011940 0.056356 0.002306 0.006217 0.043803 0.029908 0.014243 0.067157 0.638822 0.618721 0.380370 0.193681 0.050992 0.015983 -0.057552 0.030023 0.029236 -0.000491 -0.000728 0.002806 0.030492 0.032041 0.001379
-9999.000000 -9999.000000 -9999.000000 -9999.000000 -9999.000000 -9999.000000 -9999.000000 -9999.000000 -9999.000000 -9999.000000 -9999.000000 -9999.000000 -9999.000000 -9999.000000 -9999.000000 -9999.000000 -9999.000000 -0.002144 -0.036670 -0.013347 -0.001155 -0.000613 0.006756 -0.159840 0.584351 0.966957 0.283393 0.282231 0.013990 0.142709 1.696900 1.688332 0.295592 -0.710040 0.186862 0.011621 0.100624 0.002860 0.015871 0.015009 0.006909 0.032013 0.015092 0.676573 0.771798 0.449009 0.228618 0.195327 0.146000 0.058572 0.082283 0.046324 -0.032283 0.003279 0.000622 0.000222 0.038947 0.000378
-9999.000000 -9999.000000 -9999.000000 -9999.000000 -9999.000000 -9999.000000 -9999.000000 -9999.000000 -9999.000000 -9999.000000 -9999.000000 -9999.000000 -9999.000000 -9999.000000 -9999.000000 -9999.000000 -9999.000000 -0.005326 -0.052787 -0.001391 -0.001019 -0.000876 -0.000025 0.017157 0.022678 0.023068 0.242724 0.684022 0.037855 0.048581 0.039339 0.047523 0.166887 1.518522 0.337256 0.546196 0.194446 0.001750 0.027400 0.029705 0.025245 0.078709 0.050310 0.033932 0.439709 0.306417 0.170387 0.087089 0.127306 0.145399 0.147067 0.044803 -0.012141 0.003063 0.002369 -0.000222 0.027555 0.000832
-9999.000000 -9999.000000 -9999.000000 -9999.000000 -9999.000000 -9999.000000 -9999.000000 -9999.000000 -9999.000000 -9999.000000 -9999.000000 -9999.000000 -9999.000000 -9999.000000 -9999.000000 -9999.000000 -9999.000000 -9999.000000 -0.028248 -0.006231 -0.009369 -0.004856 -0.000025 0.726776 0.284090 0.040285 0.485222 0.174105 0.066648 0.069753 0.036529 0.025556 0.019564 0.053396 0.241601 0.330934 0.337116 0.139454 0.049909 0.045156 0.009309 0.018121 0.025029 0.016737 0.141359 0.343808 0.318707 0.174398 0.182489 0.184061 0.174429 0.011225 0.010054 0.026147 0.005350 0.004470 0.002561 0.002540
-9999.000000 -9999.000000 -9999.000000 -9999.000000 -9999.000000 -9999.000000 -9999.000000 -9999.000000 -9999.000000 -9999.000000 -9999.000000 -9999.000000 -9999.000000 -9999.000000 -9999.000000 -9999.000000 -9999.000000 -9999.000000 -9999.000000 -0.015262 -0.013992 -0.013603 0.002637 0.018626 0.119212 0.124745 0.067887 0.120695 0.074199 0.076645 0.033325 0.004315 0.020532 0.060384 0.080347 0.033117 0.575996 0.252590 0.102245 0.038671 0.000214 0.001201 0.009904 0.007326 0.009143 0.151147 0.191773 0.274215 0.181553 0.257467 0.406974 -0.000645 0.002753 0.015897 0.005150 0.001843 0.003201 0.000197
-9999.000000 -9999.000000 -9999.000000 -9999.000000 -9999.000000 -9999.000000 -9999.000000 -9999.000000 -9999.000000 -9999.000000 -9999.000000 -9999.000000 -9999.000000 -9999.000000 -9999.000000 -9999.000000 -9999.000000 -9999.000000 -9999.000000 -9999.000000 -9999.000000 -0.001246 0.000141 0.005208 0.015713 0.036774 0.036137 0.020993 0.228333 0.077381 0.040751 0.000778 0.011608 0.036385 0.061789 0.021397 0.024877 0.228200 0.288478 0.159461 -0.000090 0.000069 0.000360 0.000360 0.000308 0.058785 0.064555 0.322655 0.648603 0.195069 0.561739 0.120795 0.003097 0.000003 0.000069 0.001121 0.000000 -0.002341
-9999.000000 -9999.000000 -9999.000000 -9999.000000 -9999.000000 -9999.000000 -9999.000000 -9999.000000 -9999.000000 -9999.000000 -9999.000000 -9999.000000 -9999.000000 -9999.000000 -9999.000000 -9999.000000 -9999.000000 -9999.000000 -9999.000000 -9999.000000 -9999.000000 -9999.000000 -9999.000000 0.000740 0.002394 0.002012 0.014261 0.011220 0.089653 0.054562 0.109618 0.000698 0.002524 0.002889 0.037272 0.003663 0.006319 0.005350 0.233224 1.628489 0.168658 -0.000315 -0.000360 -0.000360 0.000180 0.129697 0.138835 0.384012 0.231163 0.145184 0.391183 0.101599 0.002766 -0.023144 0.000117 -0.000271 -0.002757 -0.002736
-9999.000000 -9999.000000 -9999.000000 -9999.000000 -9999.000000 -9999.000000 -9999.000000 -9999.000000 -9999.000000 -9999.000000 -9999.000000 -9999.000000 -9999.000000 -9999.000000 -9999.000000 -9999.000000 -9999.000000 -9999.000000 -9999.000000 -9999.000000 -9999.000000 -9999.000000 -9999.000000 -0.000261 -0.000254 0.000042 0.000005 0.000326 0.007224 0.000279 0.133457 -0.000385 0.001456 0.004437 0.003611 0.000000 0.000000 0.000000 0.053601 0.304212 0.072805 0.037382 0.007675 -0.000919 -0.000633 0.185030 0.216082 0.222593 0.000686 0.002229 0.006473 0.011888 0.009495 -0.026439 0.000189 -0.001441 -0.003495 -0.001819
-9999.000000 -9999.000000 -9999.000000 -9999.000000 -9999.000000 -9999.000000 -9999.000000 -9999.000000 -9999.000000 -9999.000000 -9999.000000 -9999.000000 -9999.000000 -9999.000000 -9999.000000 -9999.000000 -9999.000000 -9999.000000 -9999.000000 -9999.000000 -9999.000000 -9999.000000 -9999.000000 -9999.000000 -0.002058 -0.001798 -0.002483 -0.000208 -0.000003 0.000239 0.172951 0.062204 0.000345 0.000507 0.001256 -0.009617 -0.008647 0.041603 0.052852 0.035588 0.023848 0.018127 0.011984 0.003084 0.022019 0.158471 0.222822 0.271795 -0.000429 -0.000640 0.002162 0.012768 0.050650 -0.002735 -0.000637 -0.002215 -0.002306 -0.010636
-9999.000000 -9999.000000 -9999.000000 -9999.000000 -9999.000000 -9999.000000 -9999.000000 -9999.000000 -9999.000000 -9999.000000 -9999.000000 -9999.000000 -9999.000000 -9999.000000 -9999.000000 -9999.000000 -9999.000000 -9999.000000 -9999.000000 -9999.000000 -9999.000000 -9999.000000 -9999.000000 -9999.000000 -9999.000000 -9999.000000 -9999.000000 -0.001505 -0.000908 -0.000027 0.006744 0.065193 0.001146 0.000853 0.001109 -0.022504 0.017018 0.053450 0.059633 0.031558 0.018651 0.014531 0.007256 0.006181 0.026640 0.121556 0.183423 0.238870 0.184800 -0.099561 -0.003462 0.005586 0.012108 -0.002535 -0.009142 -0.009548 -0.012733 -0.032499
-9999.000000 -9999.000000 -9999.000000 -9999.000000 -9999.000000 -9999.000000 -9999.000000 -9999.000000 -9999.000000 -9999.000000 -9999.000000 -9999.000000 -9999.000000 -9999.000000 -9999.000000 -9999.000000 -9999.000000 -9999.000000 -9999.000000 -9999.000000 -9999.000000 -9999.000000 -9999.000000 -9999.000000 -9999.000000 -9999.000000 -9999.000000 -9999.000000 -9999.000000 -9999.000000 0.000000 0.000396 0.000898 0.000935 0.006404 0.054721 0.048274 0.120864 0.115626 0.023204 0.000001 -0.000294 -0.005980 -0.001822 0.000222 0.000234 0.134323 0.213938 0.140919 -0.036164 -0.001073 0.000139 0.000222 -0.004193 -0.023826 -0.039020 -0.039247 -0.010895
-9999.000000 -9999.000000 -9999.000000 -9999.000000 -9999.000000 -9999.000000 -9999.000000 -9999.000000 -9999.000000 -9999.000000 -9999.000000 -9999.000000 -9999.000000 -9999.000000 -9999.000000 -9999.000000 -9999.000000 -9999.000000 -9999.000000 -9999.000000 -9999.000000 -9999.000000 -9999.000000 -9999.000000 -9999.000000 -9999.000000 -9999.000000 -9999.000000 -9999.000000 -9999.000000 -9999.000000 -0.000896 -0.000957 0.000813 0.038148 0.039445 0.020593 0.026010 0.035899 0.003611 -0.010148 -0.008507 -0.012065 -0.011438 -0.000222 -0.000134 0.023169 0.025253 0.138147 0.091778 -0.000309 -0.000134 -0.000222 -0.001640 -0.025575 -0.309808 -0.341881 0.024428
-9999.000000 -9999.000000 -9999.000000 -9999.000000 -9999.000000 -9999.000000 -9999.000000 -9999.000000 -9999.000000 -9999.000000 -9999.000000 -9999.000000 -9999.000000 -9999.000000 -9999.000000 -9999.000000 -9999.000000 -9999.000000 -9999.000000 -9999.000000 -9999.000000 -9999.000000 -9999.000000 -9999.000000 -9999.000000 -9999.000000 -9999.000000 -9999.000000 -9999.000000 -9999.000000 -9999.000000 -9999.000000 -9999.000000 0.001188 0.011752 0.013837 0.009972 0.012730 0.007408 0.001216 -0.004702 -0.005404 0.014377 -0.005171 0.008658 -0.015067 -0.005419 0.001501 0.057062 0.119186 -0.093132 -0.015481 -0.007192 -0.001808 -0.148415 -0.270793 -0.190905 0.052091
-9999.000000 -9999.000000 -9999.000000 -9999.000000 -9999.000000 -9999.000000 -9999.000000 -9999.000000 -9999.000000 -9999.000000 -9999.000000 -9999.000000 -9999.000000 -9999.000000 -9999.000000 -9999.000000 -9999.000000 -9999.000000 -9999.000000 -9999.000000 -9999.000000 -9999.000000 -9999.000000 -9999.000000 -9999.000000 -9999.000000 -9999.000000 -9999.000000 -9999.000000 -9999.000000 -9999.000000 -9999.000000 -9999.000000 0.001066 0.000000 0.000004 0.000172 0.000005 0.000266 0.000295 -0.000381 0.000246 0.163320 0.124580 0.106876 0.050394 0.058607 -0.006840 -0.059470 -0.043569 -0.110283 -0.182546 -0.015091 -0.002563 -0.033141 -0.203197 -0.076381 0.080662
-9999.000000 -9999.000000 -9999.000000 -9999.000000 -9999.000000 -9999.000000 -9999.000000 -9999.000000 -9999.000000 -9999.000000 -9999.000000 -9999.000000 -9999.000000 -9999.000000 -9999.000000 -9999.000000 -9999.000000 -9999.000000 -9999.000000 -9999.000000 -9999.000000 -9999.000000 -9999.000000 -9999.000000 -9999.000000 -9999.000000 -9999.000000 -9999.000000 -9999.000000 -9999.000000 -9999.000000 -9999.000000 -9999.000000 0.000000 -0.009040 -0.009390 -0.000488 -0.009308 -0.000200 0.000351 0.000304 0.003851 0.057490 0.045402 0.034103 0.018331 0.052991 0.092524 -0.027154 -0.095212 -0.131102 -0.182639 -0.182615 -0.001165 -0.000514 -0.020678 -0.000611 0.071787
