use_cases/Flooding_chicago/flooding_data/output/hUy_3480.asc
ncols 337
nrows 393
xllcorner 428428.000000
yllcorner 4602440.000000
cellsize 26.757400
NODATA_value -9999.000000
[rows 208 to 233 of 393, columns 177 to 235 of 337]
-0.000155 0.000004 0.000177 0.001016 0.000026 -0.066716 -0.002617 -0.000004 -0.000221 -0.000178 -0.000220 0.000188 0.010630 0.006343 0.014129 0.088851 0.012075 -0.000025 0.003780 -0.291556 -0.209658 0.396957 0.609279 0.620568 0.737562 0.633426 0.000214 0.000000 0.000000 0.234200 0.226552 0.188856 0.228896 0.509740 0.800923 1.182867 0.371915 0.025713 -0.000656 0.060960 0.953213 0.656201 0.063369 -0.023693 -0.031410 -0.260024 -0.262459 -0.450300 -0.000058 -0.030089 -0.067393 -0.239887 -0.209860 -0.290742 0.243840 0.000662 -0.000042 -0.000207 -0.000051
-9999.000000 -0.000000 0.000000 0.000001 -0.000000 -0.023820 -0.027336 -0.009242 -0.035435 -0.062250 -0.145955 -0.001092 0.030348 0.017837 0.034811 0.038335 -0.003567 -0.008987 -0.004239 -0.267713 0.600405 1.236792 1.340063 1.237774 0.710352 0.357692 0.133060 -0.011413 -0.008475 0.242189 0.220013 0.138283 -0.008339 0.289274 0.713273 1.429695 0.567881 0.278032 -0.001242 0.001320 0.906414 0.752237 0.000029 0.000008 0.001078 -0.239723 -0.256671 -0.472766 -0.248200 -0.043515 -0.017036 -0.359054 -0.222279 -0.311192 0.006624 0.000368 -0.000047 -0.000095 -0.002042
-9999.000000 -0.000004 -0.000768 -0.000001 -0.000001 -0.008537 -0.019931 -0.009026 -0.010241 -0.021315 -0.004958 -0.002831 0.028325 0.022370 0.011028 0.002285 -0.003680 0.000302 -0.007976 0.018845 0.216707 0.258871 0.249372 0.208630 0.114699 0.473492 0.182832 0.061949 0.276446 0.362765 0.318680 0.129928 -0.132058 0.026584 0.267006 1.219488 0.601438 0.319357 0.193019 0.002819 0.973384 0.852269 0.000022 0.000015 0.000048 0.008960 0.000527 -0.419597 -0.264082 -0.095693 -0.023507 -0.326651 -0.339534 -0.424575 -0.342495 -0.000992 -0.000024 -0.000032 -0.466475
-9999.000000 -9999.000000 -0.000784 -0.000160 -0.000011 -0.012291 0.000011 0.000018 -0.003432 -0.009533 -0.004660 0.009391 0.024044 0.015611 0.006993 0.000264 -0.001843 -0.000844 -0.002542 0.081599 0.089672 0.079248 0.098972 0.100908 0.050857 0.805291 0.427411 0.332499 0.031477 0.043419 0.029035 0.005563 -0.259852 -0.046143 0.169083 0.950123 0.544977 0.408267 0.207300 0.476860 0.564736 0.936760 0.000085 -0.000003 0.000118 0.000096 0.000287 0.000014 -0.171464 -0.346887 -0.144517 -0.021729 -0.279135 -0.643587 -0.509383 -0.263609 -0.081797 -0.014805 0.234886
-9999.000000 -9999.000000 -9999.000000 -0.016518 -0.000709 -0.003468 0.000002 0.000017 0.000010 0.010824 0.114551 0.032865 0.028711 0.009337 0.001668 -0.007182 -0.000847 -0.000126 0.162207 0.106077 0.095976 0.079800 0.142011 0.170697 0.103504 0.306773 0.167661 0.144752 0.026116 0.022326 0.008103 0.008352 -0.296331 -0.201951 0.104429 0.977709 0.491568 0.291786 0.217850 0.602833 0.565702 0.600360 0.057753 0.009373 0.000907 0.001021 0.000035 -0.000006 -0.788619 0.796389 0.023105 -0.001647 0.001267 -0.405215 -0.302927 -0.218990 -0.042120 -0.031803 0.511254
-9999.000000 -9999.000000 -9999.000000 -0.002898 -0.000433 -0.000491 -0.000010 -0.000023 0.000005 0.000596 0.000426 0.098338 0.086458 0.006068 0.000060 -0.004972 0.003898 0.002035 0.046289 0.138614 0.133487 0.055247 0.644901 0.723498 0.588887 0.162859 0.071126 0.057830 0.088852 0.067108 0.030475 0.042059 -0.251199 -0.225870 0.222456 1.115372 0.534846 0.414258 0.363146 0.858424 0.631319 0.000225 0.000010 0.000317 0.000359 0.000205 0.000003 0.033873 -0.274401 1.033509 0.247867 0.063506 0.004675 -0.096082 0.333763 0.101345 0.034608 -0.082449 0.244610
-9999.000000 -9999.000000 -9999.000000 -9999.000000 0.000000 0.000000 -0.001476 -0.000123 -0.000001 0.000053 0.000182 0.000245 0.002984 0.000138 0.000042 0.007009 0.043926 0.000232 0.004139 0.002158 0.001080 0.000098 0.096764 0.639553 0.072236 0.019584 0.010698 0.013964 0.121526 0.077321 0.037059 0.011990 0.000201 0.000556 0.946319 1.089644 0.061177 0.096511 0.063636 1.318275 0.989637 -0.000000 -0.000005 0.000000 0.000001 0.000000 0.000000 0.028379 0.024280 0.009014 0.086407 0.158686 0.445133 1.040387 0.785670 0.402592 0.331336 0.091309 0.102281
-9999.000000 -9999.000000 -9999.000000 -9999.000000 -9999.000000 -0.000070 -0.000974 -0.000120 -0.000001 0.000000 0.000000 0.000000 0.000027 0.000459 0.000185 0.005423 0.003469 0.000624 0.000205 0.000064 0.000001 0.000085 0.095120 0.518387 0.167892 0.008469 0.009574 0.017633 0.093335 0.059554 0.024672 0.000194 0.000205 0.000296 0.363918 0.034835 0.080383 0.105069 0.081988 0.692761 0.618364 0.513795 0.383129 -0.001660 -0.000003 -0.007996 -0.000014 0.011836 0.007672 0.000070 0.000820 0.340630 0.758837 2.043428 0.852871 0.800044 0.783409 0.422160 0.284561
-9999.000000 -9999.000000 -9999.000000 -9999.000000 -9999.000000 -9999.000000 -0.001190 -0.000199 -0.000208 -0.000235 -0.000053 -0.000130 0.000024 0.000459 0.000413 0.006364 0.000248 0.000020 0.000034 -0.000017 0.002619 0.000160 0.455645 0.461382 0.071052 0.022089 0.027101 0.504128 0.038842 0.019624 0.000000 0.000001 0.000000 0.000000 0.176218 0.030885 0.069831 0.096554 0.097787 0.076812 0.044289 0.675437 0.328738 0.055125 -0.005688 0.222653 0.001975 0.034673 0.010182 0.000352 0.000068 0.544550 0.839684 0.801480 0.000549 0.001220 0.003824 0.043874 0.019366
-9999.000000 -9999.000000 -9999.000000 -9999.000000 -9999.000000 -9999.000000 -0.000717 -0.000895 -0.000157 -0.000422 -0.000217 -0.010214 0.000001 0.000393 0.000788 0.001524 0.000054 0.000006 0.000041 0.002458 0.004070 0.051460 0.667753 0.235805 0.044468 0.023664 0.047144 0.059202 0.052931 0.046267 -0.000000 -0.000001 -0.000000 -0.000000 0.235701 0.011801 0.035966 0.058021 0.055270 0.047204 0.035665 0.109936 0.476516 0.845923 -0.121091 0.347440 0.006879 0.008436 0.003314 0.000608 0.000015 0.708753 0.712936 0.268201 0.000116 0.000002 0.001242 0.010837 0.049351
-9999.000000 -9999.000000 -9999.000000 -9999.000000 -9999.000000 -9999.000000 -9999.000000 -0.000594 0.000045 -0.057560 -0.070723 -0.000774 -0.000011 0.000168 0.000871 0.000003 0.000003 0.000005 0.000318 0.023799 0.020215 0.146408 0.137872 0.072684 0.017858 0.039059 0.059898 0.062818 0.096766 0.060255 0.072986 0.000006 0.000007 0.004736 0.286153 0.019059 0.056273 0.295475 0.297097 0.160086 0.056938 0.052039 0.142361 0.105489 -0.021078 0.634432 0.008270 0.001447 0.008082 0.000366 0.439405 0.801344 0.888539 0.003141 -0.000000 -0.000001 0.007684 0.004153 0.027143
-9999.000000 -9999.000000 -9999.000000 -9999.000000 -9999.000000 -9999.000000 -9999.000000 -9999.000000 0.000000 -0.014245 -0.044734 -0.000163 -0.000134 -0.000317 0.000444 0.000005 0.000006 0.000003 0.008139 0.015511 0.005744 0.118496 0.018095 0.045438 0.025783 0.042234 0.069827 0.190973 0.092628 0.033789 0.164660 0.000166 0.001012 0.043871 0.133908 0.022419 0.073755 0.252708 0.305425 0.150484 -0.058490 0.353447 0.043201 0.037826 0.011450 0.167629 0.014631 0.006699 0.025672 1.122786 0.674933 0.715812 0.822041 0.009840 0.081457 0.042932 0.040257 0.041578 0.013388
-9999.000000 -9999.000000 -9999.000000 -9999.000000 -9999.000000 -9999.000000 -9999.000000 -9999.000000 -9999.000000 -0.009089 -0.055549 0.035952 -0.000155 -0.000537 0.000005 0.000002 0.000003 0.000004 0.004513 0.006771 0.004007 0.064461 0.006272 0.009466 0.010062 0.034961 0.494549 0.269391 0.098522 0.013077 0.000234 0.000061 0.000234 0.000763 0.036995 0.028188 0.750786 0.325298 0.393924 0.117623 0.116015 0.455160 0.042699 0.001182 0.020439 0.040382 0.041480 0.012936 0.013122 0.190773 0.153531 0.732949 0.973477 2.123539 0.152750 0.095365 0.000097 0.000740 0.000017
-9999.000000 -9999.000000 -9999.000000 -9999.000000 -9999.000000 -9999.000000 -9999.000000 -9999.000000 -9999.000000 -9999.000000 0.000000 0.012546 0.016579 -0.000025 -0.000004 -0.000005 -0.000053 -0.000001 0.000741 0.000290 0.010354 0.009151 0.014638 0.018412 0.027295 0.020795 0.137056 0.432385 0.090765 0.000159 0.000000 0.000000 0.000000 0.000316 0.000006 0.000005 0.152054 0.179145 0.067155 0.201741 0.125858 0.395972 0.034782 0.005876 0.008598 0.061063 0.058918 0.007582 0.002258 0.137710 0.196154 0.198651 0.216874 0.432569 0.309927 0.000566 0.000015 0.000005 -0.000000
-9999.000000 -9999.000000 -9999.000000 -9999.000000 -9999.000000 -9999.000000 -9999.000000 -9999.000000 -9999.000000 -9999.000000 -9999.000000 0.000000 0.001656 0.000181 -0.000004 -0.000541 -0.000048 -0.000604 0.000923 0.000561 0.025950 0.024777 0.035388 0.022387 0.042419 0.042158 0.049287 0.066644 0.006796 0.000000 -0.000004 -0.000262 -0.000004 0.000004 0.000015 0.000007 0.198618 0.217264 0.065251 0.145841 0.144616 0.256156 0.035432 0.016209 0.024445 0.024446 0.021779 0.023971 0.004103 0.005756 0.284478 0.277706 0.413397 0.237170 0.119619 0.000327 0.000050 0.000007 -0.000534
-9999.000000 -9999.000000 -9999.000000 -9999.000000 -9999.000000 -9999.000000 -9999.000000 -9999.000000 -9999.000000 -9999.000000 -9999.000000 -9999.000000 0.000000 0.000000 -0.000001 -0.002125 -0.000418 -0.000620 0.000622 0.000560 0.003184 0.000110 0.000605 0.047571 0.082625 0.045016 0.060974 0.018975 0.037651 -0.000011 -0.000496 -0.001335 -0.000110 0.000029 0.000017 0.000001 0.230761 0.242536 0.000814 0.002562 0.145970 0.154226 0.016557 0.031209 0.037449 0.040127 0.031914 0.037577 0.000027 0.000028 0.199274 0.368088 1.237948 0.269056 0.000004 0.000010 0.000012 0.000003 -0.032472
-9999.000000 -9999.000000 -9999.000000 -9999.000000 -9999.000000 -9999.000000 -9999.000000 -9999.000000 -9999.000000 -9999.000000 -9999.000000 -9999.000000 -9999.000000 -9999.000000 -9999.000000 -9999.000000 -9999.000000 0.000000 0.000000 0.000000 0.000005 0.000013 0.000346 0.004972 0.013753 0.014070 0.020199 0.028914 0.051080 0.009716 -0.099106 -0.072862 -0.000009 0.000002 0.000001 0.000008 0.219856 0.225143 0.001208 0.006622 0.012628 0.019230 0.029041 0.041379 0.046210 0.048406 0.025851 0.041243 0.000079 0.000086 0.108764 0.218433 1.295656 0.177369 -0.000002 0.000018 0.000010 0.000002 0.033121
-9999.000000 -9999.000000 -9999.000000 -9999.000000 -9999.000000 -9999.000000 -9999.000000 -9999.000000 -9999.000000 -9999.000000 -9999.000000 -9999.000000 -9999.000000 -9999.000000 -9999.000000 -9999.000000 -9999.000000 -9999.000000 -9999.000000 -9999.000000 -0.000002 0.000009 0.000003 0.000025 0.000013 0.013572 0.024143 0.027783 0.096561 0.019899 0.022542 0.010288 -0.000000 0.000004 0.000002 0.000036 0.614760 0.210553 0.000156 0.005452 0.015009 0.021397 0.023063 0.070838 0.170841 0.057786 0.013231 0.077954 0.000190 0.000238 0.000065 0.063618 1.371839 0.113719 0.000019 0.000031 0.000018 0.000006 0.000437
-9999.000000 -9999.000000 -9999.000000 -9999.000000 -9999.000000 -9999.000000 -9999.000000 -9999.000000 -9999.000000 -9999.000000 -9999.000000 -9999.000000 -9999.000000 -9999.000000 -9999.000000 -9999.000000 -9999.000000 -9999.000000 -9999.000000 -9999.000000 -9999.000000 -0.000015 -0.000005 -0.000026 0.000003 0.001861 0.051745 0.000313 0.003657 0.006530 0.129570 0.091383 0.000002 0.000009 0.000006 0.002090 0.182727 0.202846 0.131550 0.003459 0.011418 0.015707 0.015394 0.051958 0.196984 0.578942 0.012470 0.001860 0.000345 0.000136 0.000153 0.139785 1.299967 0.136625 0.001645 0.000376 0.000032 0.000014 0.000002
-9999.000000 -9999.000000 -9999.000000 -9999.000000 -9999.000000 -9999.000000 -9999.000000 -9999.000000 -9999.000000 -9999.000000 -9999.000000 -9999.000000 -9999.000000 -9999.000000 -9999.000000 -9999.000000 -9999.000000 -9999.000000 -9999.000000 -9999.000000 -9999.000000 -0.000006 -0.000192 -0.008821 -0.000010 0.000063 0.001172 0.002180 0.000014 0.021493 0.013460 0.005833 0.000009 0.000017 0.000009 0.004378 0.001598 0.267172 0.010072 0.001918 0.002823 0.002723 0.002027 0.000960 0.122493 0.132609 0.039719 0.000713 0.001708 0.000495 0.005358 0.256688 1.561705 0.000401 0.000302 0.000067 0.000003 0.000000 -0.000001
-9999.000000 -9999.000000 -9999.000000 -9999.000000 -9999.000000 -9999.000000 -9999.000000 -9999.000000 -9999.000000 -9999.000000 -9999.000000 -9999.000000 -9999.000000 -9999.000000 -9999.000000 -9999.000000 -9999.000000 -9999.000000 -9999.000000 -9999.000000 -9999.000000 -9999.000000 0.002901 0.014578 0.005869 0.000010 0.000037 0.000605 0.000046 0.034535 -0.000000 -0.000000 -0.000004 -0.000011 0.000002 0.004030 0.004944 0.157301 0.007181 0.005384 0.005764 0.005155 0.003795 0.002015 0.000274 0.157443 0.000988 0.002279 0.004559 0.001217 0.003557 0.400479 1.050491 0.000000 0.000000 0.000001 0.000000 -0.000001 -0.000002
-9999.000000 -9999.000000 -9999.000000 -9999.000000 -9999.000000 -9999.000000 -9999.000000 -9999.000000 -9999.000000 -9999.000000 -9999.000000 -9999.000000 -9999.000000 -9999.000000 -9999.000000 -9999.000000 -9999.000000 -9999.000000 -9999.000000 -9999.000000 -9999.000000 -9999.000000 0.000045 0.110121 0.045373 0.000009 0.000008 0.000081 0.000470 0.063835 0.008892 0.034349 -0.021492 -0.000015 -0.000006 0.002248 0.005299 0.122047 0.000670 0.018386 0.017370 0.015635 0.012573 0.008222 0.000470 0.139785 0.003530 0.006094 0.010737 0.001534 0.000107 0.000227 1.391362 -0.000000 -0.000000 -0.000002 -0.000116 -0.000001 -0.000003
-9999.000000 -9999.000000 -9999.000000 -9999.000000 -9999.000000 -9999.000000 -9999.000000 -9999.000000 -9999.000000 -9999.000000 -9999.000000 -9999.000000 -9999.000000 -9999.000000 -9999.000000 -9999.000000 -9999.000000 -9999.000000 -9999.000000 -9999.000000 -9999.000000 -9999.000000 0.000000 0.000131 0.004807 0.000012 0.000002 0.000003 0.000184 0.000706 0.054497 0.087573 -0.018887 -0.012449 -0.003413 0.008578 0.024465 0.069486 0.000460 0.009406 0.004380 0.003443 0.002320 0.000958 0.002124 0.187772 0.010070 0.015331 0.020896 0.000001 0.000005 0.000509 0.961709 0.155487 -0.000001 0.000005 -0.000636 -0.000003 -0.005297
-9999.000000 -9999.000000 -9999.000000 -9999.000000 -9999.000000 -9999.000000 -9999.000000 -9999.000000 -9999.000000 -9999.000000 -9999.000000 -9999.000000 -9999.000000 -9999.000000 -9999.000000 -9999.000000 -9999.000000 -9999.000000 -9999.000000 -9999.000000 -9999.000000 -9999.000000 -9999.000000 0.000000 0.000162 0.000032 0.000001 0.000003 0.000000 0.000176 0.007413 0.003699 0.000117 -0.016254 -0.005241 0.050409 0.006892 0.013404 0.001433 0.004441 0.000900 0.000493 0.000274 0.000062 0.000736 0.026874 0.021974 0.037058 0.030921 -0.000001 0.000128 0.001858 1.096779 0.003587 0.000002 0.000009 -0.000004 0.000022 -0.005619
-9999.000000 -9999.000000 -9999.000000 -9999.000000 -9999.000000 -9999.000000 -9999.000000 -9999.000000 -9999.000000 -9999.000000 -9999.000000 -9999.000000 -9999.000000 -9999.000000 -9999.000000 -9999.000000 -9999.000000 -9999.000000 -9999.000000 -9999.000000 -9999.000000 -9999.000000 -9999.000000 -0.000002 -0.000126 -0.000013 0.000001 -0.000004 0.000351 0.001020 0.003585 0.001180 0.000020 -0.002549 -0.027744 0.043698 0.006114 0.000010 0.000050 0.000058 0.004846 0.000759 0.000298 0.000001 0.000001 0.000009 0.000004 0.075617 0.040437 -0.027065 -0.001909 0.006075 1.050563 0.007526 -0.000000 0.000000 0.000003 0.001472 0.000018
-9999.000000 -9999.000000 -9999.000000 -9999.000000 -9999.000000 -9999.000000 -9999.000000 -9999.000000 -9999.000000 -9999.000000 -9999.000000 -9999.000000 -9999.000000 -9999.000000 -9999.000000 -9999.000000 -9999.000000 -9999.000000 -9999.000000 -9999.000000 -9999.000000 -9999.000000 -9999.000000 -9999.000000 -0.000090 -0.000009 0.000000 -0.000002 0.000418 -0.000602 0.000003 0.000003 -0.000003 0.000709 -0.030713 -0.002731 0.010025 -0.000003 0.000017 0.000137 0.000392 0.000573 0.000250 -0.041632 -0.000026 -0.000020 -0.000005 0.122745 0.057947 -0.012615 0.031341 0.343144 0.979267 0.401126 0.014714 0.000041 0.000040 0.001570 0.000008
