use_cases/Flooding_chicago/flooding_data/output/hUy_3060.asc
ncols 337
nrows 393
xllcorner 428428.000000
yllcorner 4602440.000000
cellsize 26.757400
NODATA_value -9999.000000
[rows 208 to 233 of 393, columns 174 to 231 of 337]
-9999.000000 -9999.000000 -9999.000000 -0.006351 0.000545 0.005419 0.016614 0.001559 -0.176314 -0.050435 -0.000617 -0.009021 -0.008519 -0.008678 0.000375 0.034115 0.019393 0.044971 0.124338 0.020045 -0.001222 0.009902 -0.372206 0.027101 0.472529 1.036647 0.887600 0.902847 0.933641 0.074821 0.000000 0.000000 0.333365 0.333444 0.297769 0.368376 0.560827 1.065289 1.418937 0.508163 0.148626 0.029676 0.107476 1.344092 0.931222 0.225298 -0.011999 0.064344 -0.307038 -0.331578 -0.596455 -0.004502 -0.022492 -0.086091 -0.074352 0.004958 -0.615073 0.143769
-9999.000000 -9999.000000 -9999.000000 -9999.000000 0.000000 0.000035 0.000222 0.000149 -0.091757 -0.119324 0.003024 -0.075469 -0.164074 -0.288819 -0.006361 0.078397 0.055347 0.101891 0.089345 -0.007750 -0.033182 -0.015564 -0.300551 1.071383 1.526678 1.927796 1.661159 0.866719 0.587971 0.224879 -0.087542 -0.097213 0.376521 0.344390 0.262477 0.081374 0.414442 1.070906 1.643219 0.723135 0.258537 0.039161 0.053535 1.360396 1.003832 0.001963 0.000711 0.017583 -0.177170 -0.303426 -0.619999 -0.311440 -0.050581 -0.026946 -0.262780 -0.081575 -0.582691 -0.125346
-9999.000000 -9999.000000 -9999.000000 -9999.000000 -0.000545 -0.020387 -0.000222 -0.000246 -0.039323 -0.083326 0.005349 -0.028145 -0.067666 -0.025540 -0.013876 0.073726 0.068964 0.039154 0.010268 -0.006734 0.001706 -0.028967 0.072446 0.444133 0.516909 0.519484 0.451430 0.329006 0.782407 0.297015 0.251291 0.240091 0.502512 0.422144 0.262785 -0.047867 0.051314 0.599361 1.498257 0.704141 0.335282 0.261795 0.113481 1.487588 1.051352 0.001643 0.000700 0.002492 0.046417 0.007895 -0.546490 -0.355142 -0.129798 -0.016314 -0.239123 -0.271450 -0.597743 -0.508772
-9999.000000 -9999.000000 -9999.000000 -9999.000000 -9999.000000 -0.019791 -0.008109 -0.001002 -0.045534 0.000820 0.001231 -0.015739 -0.040405 -0.022535 0.029651 0.068626 0.056622 0.028502 0.002600 -0.001040 -0.002750 -0.012259 0.219591 0.248271 0.244019 0.310742 0.299681 0.157936 1.209242 0.496132 0.427095 0.176155 0.167592 0.128899 0.052705 -0.177605 -0.051549 0.567132 1.136539 0.582080 0.461741 0.278566 0.978224 0.933329 1.080748 -0.001574 -0.000129 0.005171 0.004602 0.008136 0.000983 -0.270712 -0.369723 -0.115134 0.041990 -0.270047 -0.767012 -0.649925
-9999.000000 -9999.000000 -9999.000000 -9999.000000 -9999.000000 -9999.000000 -0.068696 -0.007374 -0.022624 0.000108 0.000684 0.000832 0.028191 0.110412 0.080272 0.073401 0.047613 0.014630 -0.025860 0.002259 0.004378 0.239969 0.212162 0.208417 0.214893 0.399243 0.454172 0.276224 0.650643 0.435358 0.395061 0.081497 0.072851 0.031540 0.062692 -0.201811 -0.205700 0.745490 1.095642 0.456592 0.345449 0.297996 1.175347 0.909687 0.542732 0.100718 0.085656 0.017347 0.019102 0.002043 -0.000253 -0.377348 0.694462 0.065812 0.107666 -0.090208 -0.432481 -0.317410
-9999.000000 -9999.000000 -9999.000000 -9999.000000 -9999.000000 -9999.000000 -0.018598 -0.003423 -0.005137 -0.000754 -0.001316 0.000644 0.016669 0.014660 0.243333 0.163472 0.048749 0.001809 -0.018476 0.043846 0.025529 0.172293 0.203133 0.187623 0.170786 1.317352 1.388335 1.071923 0.349289 0.172476 0.142993 0.215875 0.169686 0.087474 0.162102 -0.170845 -0.221879 1.061106 1.224149 0.331157 0.400720 0.417481 1.572868 0.982101 0.009312 0.000996 0.010205 0.011446 0.007605 0.000893 0.184731 0.271889 1.040422 0.218466 0.182164 0.008186 0.093655 0.462562
-9999.000000 -9999.000000 -9999.000000 -9999.000000 -9999.000000 -9999.000000 -9999.000000 0.000000 0.000000 -0.020526 -0.005495 0.000045 0.003929 0.009630 0.010691 0.035152 0.003098 0.002306 0.036825 0.168591 0.004692 0.038377 0.023532 0.014566 0.002056 0.434253 1.284517 0.253170 0.062464 0.032178 0.038757 0.277817 0.193601 0.109291 0.055687 0.009939 0.018099 1.645879 1.289596 0.165748 0.231177 0.160358 2.214726 1.504720 -0.000013 -0.000298 0.000005 0.000172 0.000004 0.000000 0.136582 0.125010 0.056170 0.248231 0.335003 0.771041 1.654947 1.034558
-9999.000000 -9999.000000 -9999.000000 -9999.000000 -9999.000000 -9999.000000 -9999.000000 -9999.000000 -0.002314 -0.015465 -0.004580 -0.000237 0.000000 0.000000 0.000000 0.001035 0.006433 0.003384 0.053119 0.031921 0.010967 0.004091 0.001526 0.000081 0.001690 0.454950 1.144386 0.330023 0.036978 0.031787 0.049635 0.203717 0.146979 0.071492 0.009217 0.008090 0.008597 0.985220 0.086376 0.179624 0.223550 0.172850 1.135616 0.922845 0.901188 0.666118 -0.028321 -0.000488 -0.055075 -0.002293 0.076484 0.059818 0.002692 0.019131 0.616785 1.281489 2.942873 1.097120
-9999.000000 -9999.000000 -9999.000000 -9999.000000 -9999.000000 -9999.000000 -9999.000000 -9999.000000 -9999.000000 -0.018321 -0.008093 -0.007369 -0.010590 -0.003929 -0.006459 0.000086 0.004091 0.005513 0.054541 0.004959 0.001068 0.001429 -0.000341 0.020654 0.002143 1.134581 1.080442 0.186661 0.082989 0.077816 0.725778 0.099536 0.072913 0.000103 0.000222 0.000103 0.000082 0.617190 0.074052 0.154128 0.204521 0.198070 0.159224 0.098217 1.218746 0.664885 0.345754 -0.015525 0.491587 0.016153 0.144778 0.071312 0.009140 0.009078 0.901362 1.273699 1.230190 0.015217
-9999.000000 -9999.000000 -9999.000000 -9999.000000 -9999.000000 -9999.000000 -9999.000000 -9999.000000 -9999.000000 -0.010731 -0.012174 -0.010480 -0.017898 -0.010954 -0.073128 -0.000739 0.002872 0.009103 0.014409 0.002841 0.000573 0.001487 0.031318 0.031317 0.226901 1.568450 0.612075 0.108617 0.074097 0.128849 0.145104 0.125758 0.131584 -0.000103 -0.000222 -0.000103 -0.000082 0.648089 0.036707 0.100262 0.149393 0.128304 0.111102 0.088149 0.248386 0.994371 0.839987 -0.303598 0.685741 0.034438 0.038154 0.023187 0.017195 0.025776 1.077019 1.082585 0.445838 0.005982
-9999.000000 -9999.000000 -9999.000000 -9999.000000 -9999.000000 -9999.000000 -9999.000000 -9999.000000 -9999.000000 -9999.000000 -0.008642 0.003663 -0.214863 -0.250213 -0.019095 -0.000258 0.002076 0.009381 0.000441 0.000483 0.000863 0.007956 0.118712 0.092543 0.430270 0.465178 0.180697 0.059148 0.118861 0.163543 0.154614 0.201495 0.137129 0.158173 0.001042 0.001758 0.038379 0.760646 0.056613 0.151407 0.585904 0.520333 0.306613 0.220906 0.130478 0.285440 0.276889 0.012564 1.235233 0.046815 0.007135 0.037270 0.025110 0.718886 1.166582 1.284196 0.087947 -0.000003
-9999.000000 -9999.000000 -9999.000000 -9999.000000 -9999.000000 -9999.000000 -9999.000000 -9999.000000 -9999.000000 -9999.000000 -9999.000000 0.000000 -0.120633 -0.111446 -0.005533 -0.001671 -0.001629 0.006770 0.000549 0.000574 0.000368 0.058935 0.104452 0.035791 0.400440 0.055906 0.113622 0.086266 0.139251 0.194350 0.392155 0.181897 0.097628 0.323701 0.008556 0.024551 0.158112 0.323237 0.067905 0.201164 0.542563 0.526033 0.280071 0.211807 0.600546 0.136283 0.091111 0.040230 0.351213 0.049961 0.025033 0.076631 1.691773 1.084108 1.000296 1.144466 0.192734 0.211612
-9999.000000 -9999.000000 -9999.000000 -9999.000000 -9999.000000 -9999.000000 -9999.000000 -9999.000000 -9999.000000 -9999.000000 -9999.000000 -9999.000000 -0.069531 -0.051200 0.150745 -0.002373 -0.004260 0.000544 0.000103 0.000216 0.000425 0.036823 0.045566 0.029182 0.209920 0.030081 0.041755 0.041422 0.152366 0.992999 0.554692 0.210486 0.055985 0.010791 0.005094 0.010791 0.020961 0.095434 0.081687 1.285947 0.734345 0.639481 0.212696 0.240549 0.742132 0.159817 0.006090 0.065942 0.119438 0.120004 0.045598 0.037539 0.359936 0.270700 1.045331 1.298936 2.658328 0.333766
-9999.000000 -9999.000000 -9999.000000 -9999.000000 -9999.000000 -9999.000000 -9999.000000 -9999.000000 -9999.000000 -9999.000000 -9999.000000 -9999.000000 -9999.000000 0.000000 0.084490 0.103574 0.000178 -0.000304 -0.000604 -0.001790 -0.000105 0.009087 0.004637 0.059469 0.047365 0.059111 0.072638 0.093583 0.075863 0.318603 0.831503 0.178483 0.005621 0.000085 0.000000 0.000085 0.008100 0.000628 0.000459 0.431898 0.447206 0.167489 0.318530 0.359812 0.674183 0.128482 0.022168 0.031234 0.169276 0.161757 0.027996 0.010333 0.257296 0.351497 0.368505 0.409454 0.726475 0.511952
-9999.000000 -9999.000000 -9999.000000 -9999.000000 -9999.000000 -9999.000000 -9999.000000 -9999.000000 -9999.000000 -9999.000000 -9999.000000 -9999.000000 -9999.000000 -9999.000000 0.000000 0.022332 0.004391 -0.000573 -0.014195 -0.002399 -0.006143 0.009427 0.007797 0.105190 0.088376 0.102111 0.088643 0.129231 0.138149 0.151774 0.158699 0.025736 0.000071 -0.000634 -0.009444 -0.000634 0.000533 0.001058 0.000558 0.503102 0.552024 0.175224 0.182972 0.589975 0.727969 0.127080 0.051205 0.075163 0.075810 0.066050 0.072282 0.017675 0.022428 0.473385 0.496391 0.725273 0.455449 0.221229
-9999.000000 -9999.000000 -9999.000000 -9999.000000 -9999.000000 -9999.000000 -9999.000000 -9999.000000 -9999.000000 -9999.000000 -9999.000000 -9999.000000 -9999.000000 -9999.000000 -9999.000000 0.000000 0.000000 -0.000317 -0.027690 -0.010099 -0.005358 0.007658 0.009057 0.029513 0.004935 0.019436 0.144682 0.193473 0.154000 0.186932 0.064460 0.099314 -0.000974 -0.012246 -0.029528 -0.004103 0.001456 0.001547 0.000210 0.545179 0.628347 0.005154 0.012711 0.225471 0.258485 0.052587 0.088141 0.107971 0.114149 0.088202 0.100339 0.001212 0.001218 0.333076 0.738044 1.838969 0.488173 0.000439
-9999.000000 -9999.000000 -9999.000000 -9999.000000 -9999.000000 -9999.000000 -9999.000000 -9999.000000 -9999.000000 -9999.000000 -9999.000000 -9999.000000 -9999.000000 -9999.000000 -9999.000000 -9999.000000 -9999.000000 -9999.000000 -9999.000000 -9999.000000 0.000000 0.000002 0.000066 0.000486 0.001066 0.009626 0.033309 0.053800 0.060746 0.077107 0.090483 0.108951 0.021563 -0.022135 -0.053553 -0.000869 0.000417 0.000245 0.000153 0.513282 0.602702 0.007764 0.027586 0.046302 0.063062 0.084142 0.109156 0.132960 0.136010 0.074153 0.100904 0.001900 0.001918 0.193036 0.591974 1.926060 0.344176 -0.000259
-9999.000000 -9999.000000 -9999.000000 -9999.000000 -9999.000000 -9999.000000 -9999.000000 -9999.000000 -9999.000000 -9999.000000 -9999.000000 -9999.000000 -9999.000000 -9999.000000 -9999.000000 -9999.000000 -9999.000000 -9999.000000 -9999.000000 -9999.000000 -9999.000000 -9999.000000 -9999.000000 -0.000248 0.000454 0.000321 0.001131 0.000808 0.060308 0.087285 0.082542 0.155604 0.053741 0.081339 0.070245 0.000093 0.000443 0.000293 0.002270 1.041608 0.595398 0.002211 0.024780 0.055322 0.070759 0.070259 0.166294 0.428031 0.162041 0.050992 0.153219 0.003042 0.003180 0.001867 0.290704 2.070474 0.247133 0.002954
-9999.000000 -9999.000000 -9999.000000 -9999.000000 -9999.000000 -9999.000000 -9999.000000 -9999.000000 -9999.000000 -9999.000000 -9999.000000 -9999.000000 -9999.000000 -9999.000000 -9999.000000 -9999.000000 -9999.000000 -9999.000000 -9999.000000 -9999.000000 -9999.000000 -9999.000000 -9999.000000 -9999.000000 -0.001032 -0.000457 -0.001177 -0.000026 0.027959 0.136259 0.008171 0.020996 0.035033 0.172951 0.168700 0.000575 0.000703 0.000574 0.028445 0.487237 0.611285 0.708291 0.024100 0.054727 0.066130 0.060638 0.123736 0.546283 0.974341 0.056908 0.013618 0.003195 0.002671 0.003358 0.354957 2.037348 0.280602 0.029878
-9999.000000 -9999.000000 -9999.000000 -9999.000000 -9999.000000 -9999.000000 -9999.000000 -9999.000000 -9999.000000 -9999.000000 -9999.000000 -9999.000000 -9999.000000 -9999.000000 -9999.000000 -9999.000000 -9999.000000 -9999.000000 -9999.000000 -9999.000000 -9999.000000 -9999.000000 -9999.000000 -9999.000000 -0.000716 -0.007131 -0.044693 -0.000668 0.002467 0.018848 0.031042 0.001272 0.090913 0.048760 0.032507 0.000710 0.001012 0.001117 0.033062 0.017826 0.825760 0.101955 0.018691 0.024301 0.023333 0.018828 0.010867 0.227266 0.363988 0.123321 0.004386 0.009642 0.003645 0.034008 0.473770 2.462151 0.009371 0.009556
-9999.000000 -9999.000000 -9999.000000 -9999.000000 -9999.000000 -9999.000000 -9999.000000 -9999.000000 -9999.000000 -9999.000000 -9999.000000 -9999.000000 -9999.000000 -9999.000000 -9999.000000 -9999.000000 -9999.000000 -9999.000000 -9999.000000 -9999.000000 -9999.000000 -9999.000000 -9999.000000 -9999.000000 -9999.000000 0.015785 0.058202 0.046347 0.000914 0.002118 0.018336 0.003291 0.126209 -0.000000 -0.000015 -0.000355 -0.000540 0.000229 0.020026 0.036083 0.503753 0.042381 0.043767 0.042737 0.038659 0.031332 0.020979 0.007410 0.412991 0.011226 0.009424 0.018072 0.006579 0.017865 0.661711 1.795095 0.000062 0.000143
-9999.000000 -9999.000000 -9999.000000 -9999.000000 -9999.000000 -9999.000000 -9999.000000 -9999.000000 -9999.000000 -9999.000000 -9999.000000 -9999.000000 -9999.000000 -9999.000000 -9999.000000 -9999.000000 -9999.000000 -9999.000000 -9999.000000 -9999.000000 -9999.000000 -9999.000000 -9999.000000 -9999.000000 -9999.000000 0.003663 0.335130 0.141256 0.000809 0.001460 0.004691 0.012931 0.169193 0.030257 0.062330 -0.053097 -0.001164 -0.000511 0.014193 0.031253 0.378350 0.007718 0.096559 0.085418 0.077545 0.066077 0.049582 0.015941 0.327993 0.025633 0.019371 0.033494 0.007729 0.001524 0.004700 2.283314 -0.000064 -0.000160
-9999.000000 -9999.000000 -9999.000000 -9999.000000 -9999.000000 -9999.000000 -9999.000000 -9999.000000 -9999.000000 -9999.000000 -9999.000000 -9999.000000 -9999.000000 -9999.000000 -9999.000000 -9999.000000 -9999.000000 -9999.000000 -9999.000000 -9999.000000 -9999.000000 -9999.000000 -9999.000000 -9999.000000 -9999.000000 0.000000 0.008164 0.056015 0.000829 0.000360 0.000518 0.007464 0.007719 0.122088 0.150502 -0.030941 -0.039736 -0.015637 0.032412 0.092807 0.222928 0.005318 0.069057 0.035950 0.030303 0.023384 0.012397 0.044034 0.360598 0.046334 0.040235 0.055321 0.000222 0.000326 0.012884 1.525241 0.392551 -0.000146
-9999.000000 -9999.000000 -9999.000000 -9999.000000 -9999.000000 -9999.000000 -9999.000000 -9999.000000 -9999.000000 -9999.000000 -9999.000000 -9999.000000 -9999.000000 -9999.000000 -9999.000000 -9999.000000 -9999.000000 -9999.000000 -9999.000000 -9999.000000 -9999.000000 -9999.000000 -9999.000000 -9999.000000 -9999.000000 -9999.000000 0.000000 0.003622 0.001749 0.000219 0.000236 0.000007 0.003881 0.060619 0.038912 0.003064 -0.053470 -0.018686 0.146473 0.035450 0.050138 0.013014 0.031530 0.014559 0.008132 0.004978 0.001842 0.013114 0.101745 0.070070 0.083583 0.075745 -0.000222 0.000790 0.046692 1.636747 0.076064 0.000442
-9999.000000 -9999.000000 -9999.000000 -9999.000000 -9999.000000 -9999.000000 -9999.000000 -9999.000000 -9999.000000 -9999.000000 -9999.000000 -9999.000000 -9999.000000 -9999.000000 -9999.000000 -9999.000000 -9999.000000 -9999.000000 -9999.000000 -9999.000000 -9999.000000 -9999.000000 -9999.000000 -9999.000000 -9999.000000 -9999.000000 -0.000530 -0.002808 -0.000493 0.000076 -0.000422 0.001989 0.009423 0.027705 0.013520 0.001402 -0.015728 -0.050938 0.119554 0.037572 0.000590 0.001874 0.002231 0.041471 0.010773 0.004551 -0.000358 0.002369 0.001874 0.000553 0.152431 0.095161 -0.064956 -0.007997 0.118709 1.473384 0.144920 -0.000089
-9999.000000 -9999.000000 -9999.000000 -9999.000000 -9999.000000 -9999.000000 -9999.000000 -9999.000000 -9999.000000 -9999.000000 -9999.000000 -9999.000000 -9999.000000 -9999.000000 -9999.000000 -9999.000000 -9999.000000 -9999.000000 -9999.000000 -9999.000000 -9999.000000 -9999.000000 -9999.000000 -9999.000000 -9999.000000 -9999.000000 -9999.000000 -0.005074 -0.000351 -0.000043 -0.000415 0.003300 -0.004115 0.000360 0.000360 -0.000047 -0.019312 -0.056753 -0.005283 0.035269 -0.000256 0.000324 0.003460 0.008432 0.009477 0.001594 -0.079303 0.003080 0.001171 -0.000269 0.236514 0.130455 -0.004472 0.073874 0.540606 1.305899 0.769279 0.035784
