use_cases/Flooding_chicago/flooding_data/output/hUy_2940.asc
ncols 337
nrows 393
xllcorner 428428.000000
yllcorner 4602440.000000
cellsize 26.757400
NODATA_value -9999.000000
[rows 78 to 103 of 393, columns 174 to 231 of 337]
0.141420 0.470605 0.405821 0.328491 0.040970 -0.000066 0.000000 0.000472 0.060327 0.080875 0.044165 0.008741 0.027706 0.032513 0.016702 0.033467 0.005110 0.000398 -0.000270 -0.001983 -0.074510 0.083169 -0.035897 0.306440 -0.044348 -0.165068 0.497946 -0.123377 -0.223278 -0.150642 -0.137355 -0.119298 0.232908 0.430220 0.479340 2.172619 3.594064 2.483048 -0.122291 -1.247295 -0.053249 -0.051044 -0.494395 -1.935237 -2.804332 -0.885093 -0.847536 -0.021301 -0.035244 -0.035732 -0.469285 0.659525 -0.309366 -0.100607 -0.139458 -0.146293 -0.785136 -0.469868
1.265538 0.623758 0.238631 0.368854 0.123214 0.184430 -0.008092 0.003228 0.034793 0.020739 0.035308 0.031841 0.027261 0.015174 0.003246 0.021288 0.036325 0.031969 0.134282 -0.437144 0.956913 0.223657 0.017137 0.445223 0.122287 -0.189022 0.788589 -0.108276 -0.045656 0.040221 0.006500 0.373028 0.474634 0.651980 0.674000 1.497246 2.083228 1.570876 0.158534 -1.227289 -0.278882 0.278394 0.437780 0.550925 -1.123683 -0.727019 -0.758644 -0.665033 -0.404580 -0.495154 -0.480018 0.465637 -0.190260 -0.130386 -0.084618 0.020973 -0.395999 -0.552568
0.243332 1.145725 0.221323 0.187105 0.174887 0.190276 -0.301118 0.216220 0.000218 0.006872 0.014274 0.008961 0.029243 0.003213 0.002719 0.008774 0.032848 0.034688 0.063936 -0.113688 2.050342 0.021733 0.025303 0.144128 0.199430 0.142925 0.024330 0.115005 0.105091 0.726429 0.921348 1.136041 0.863381 0.764923 1.200652 1.609682 1.999092 0.677397 0.595469 0.089356 1.014493 1.020607 0.676542 0.784015 -0.349231 -0.145858 -0.295167 -0.387962 -0.236689 -0.351818 -0.642893 0.161050 -0.653758 -0.324022 -0.219336 0.169948 -0.256618 -0.814521
0.042884 0.091474 0.050050 0.041904 0.024312 0.235388 -0.051210 0.575287 0.059604 0.000472 0.000911 0.006378 0.009024 0.002267 0.000791 0.000294 0.007720 0.029069 0.085717 0.115079 0.019673 0.014203 0.034383 0.078143 0.128527 0.016572 0.046163 0.028986 0.021445 0.045022 0.384890 1.939404 2.079894 1.343855 1.204310 1.892491 1.480379 0.585707 0.449921 0.348236 1.437534 1.064994 1.159183 0.679917 -0.102729 0.068636 0.099331 -0.058908 0.123942 0.230044 -0.652930 -0.050700 -0.896992 -0.396289 0.214701 0.151555 -0.094877 -0.731400
0.042285 0.021130 0.052752 0.024622 0.002558 0.003327 -0.154202 0.624351 0.121454 0.000931 0.000275 0.000000 0.000000 0.000058 -0.000131 -0.000144 0.000096 0.016363 0.101054 0.014458 0.005483 0.012954 0.039171 0.033436 0.080426 0.064745 0.036225 0.008320 0.012640 0.030275 0.431986 1.581126 2.294040 2.619393 1.415658 1.626292 1.100721 0.483620 0.477307 0.562087 1.299939 1.478200 1.827313 0.510140 0.162492 0.327448 0.082121 -0.075661 0.525392 0.785287 -0.714350 -0.044032 -1.093029 -0.524843 0.086529 0.237696 -0.149335 -0.721057
0.017341 0.009371 0.019363 0.001753 0.001530 0.021614 -0.094884 0.606202 0.352073 0.013122 0.001624 -0.006456 -0.014017 -0.000915 -0.000381 -0.014562 -0.001669 0.005745 0.018065 0.000269 0.000222 0.000786 0.028755 0.017665 0.021093 0.030279 0.029061 0.000000 0.035331 0.018895 0.724895 2.387861 2.241967 2.278823 2.134928 1.026740 0.411027 0.390145 0.486235 0.807609 0.695657 0.445815 0.205667 0.860668 0.831880 0.900657 0.268193 0.046270 1.303539 1.253611 -0.697156 0.225029 -1.291089 -0.484406 0.100121 0.392563 -0.135967 -0.833119
0.000643 0.000354 0.000460 0.000178 0.002592 0.074906 0.447604 0.692097 0.016913 0.009094 0.003651 -0.022353 -0.049097 -0.037629 -0.027307 -0.052447 -0.050142 -0.001024 0.000101 -0.000022 -0.000222 0.001340 0.001399 0.000504 0.000175 0.000005 0.000908 -0.042106 0.049137 0.827699 2.771949 3.306864 2.126383 1.139421 2.414913 0.556042 0.383663 0.248476 0.615288 0.881984 0.027282 0.006273 0.012979 0.008266 0.361218 1.240307 0.814017 0.023635 1.183952 1.646038 -0.175695 1.256953 -0.754278 -0.149996 0.456401 0.003579 -0.023155 -0.595650
-0.000898 -0.000413 0.000107 0.000042 0.002068 0.064666 0.095335 0.050701 0.006073 0.001716 0.004783 0.021473 0.080575 0.005214 -0.149669 -0.034208 -0.186423 -0.001038 -0.000201 -0.001187 -0.011539 -0.002605 -0.001032 -0.000415 -0.000167 -0.006112 0.539041 0.752986 1.137949 1.850664 3.331530 3.191095 0.981226 0.242553 0.694352 0.950829 0.553780 0.762526 0.643543 1.121536 0.010246 0.000588 0.000013 0.000000 0.463812 0.374158 0.013587 0.031307 0.015250 0.020493 0.059523 0.040756 0.038128 0.577958 0.026730 0.004769 -0.001130 -0.332211
-0.003436 -0.012789 -0.001109 -0.000137 0.004546 0.022776 0.031827 0.006354 0.000222 0.002091 0.009018 0.024110 0.024318 0.016925 -0.115102 -0.087586 -0.109074 -0.068596 -0.051373 -0.014456 -0.035486 -0.002034 -0.001617 -0.001392 -0.000616 0.041383 1.002732 1.490717 1.675569 2.556952 3.360385 3.152143 0.936575 0.499491 0.486280 1.524231 0.029954 0.071239 0.062186 0.026088 0.004234 0.000027 -0.007149 0.255586 0.403786 0.000273 0.000560 0.007732 0.014262 0.008194 0.016947 0.010859 0.015829 0.098614 0.021862 0.002778 -0.109753 -0.505336
0.000000 -0.035625 -0.017608 -0.001920 0.000169 0.013377 0.000138 -0.000005 -0.000222 0.004553 0.008680 0.000725 0.000412 0.004472 -0.024904 -0.048640 -0.150564 -0.220175 -0.121771 -0.057384 -0.063441 -0.009105 -0.012114 -0.002290 -0.000878 0.008509 0.922233 1.696279 1.802126 2.405078 2.763037 2.764445 0.762660 0.027125 0.082707 0.079390 0.024060 0.041096 0.034880 0.009826 0.005996 0.000868 0.439589 0.269632 0.387706 -0.000115 -0.000006 0.000103 0.000222 0.000140 0.000063 0.000251 0.000385 0.021797 0.018313 0.003039 -0.078090 -0.463574
-0.005637 -0.071032 -0.051719 -0.012248 -0.000510 -0.000099 -0.001740 -0.024821 -0.014511 -0.001792 0.007712 0.000441 -0.000304 -0.000006 -0.003716 -0.055299 -0.089885 -0.499131 -0.376986 -0.306779 -0.268270 -0.030926 -0.018517 -0.012795 -0.029888 0.029898 1.502090 2.245533 2.174085 2.837351 2.771316 2.190481 0.206926 0.007220 0.034964 0.045111 0.014896 0.022720 0.033528 0.044558 0.008824 0.004147 0.019087 0.314770 0.296543 0.114036 -0.000160 -0.000103 -0.000222 -0.000140 -0.000063 0.000327 0.000448 0.000343 0.000029 0.000249 0.001302 -0.159002
-0.009996 -0.084584 -0.099406 -0.024662 -0.008880 -0.015311 -0.023931 -0.059801 -0.026185 -0.001714 0.000304 -0.000441 -0.000711 -0.000550 0.000267 0.000185 -0.027548 -0.412805 -0.327380 -0.170122 0.417578 0.020569 -1.372718 -0.889025 0.129577 0.518868 2.092437 2.771847 2.766618 3.362125 2.277686 1.666146 0.125179 0.015418 0.001197 0.022183 0.006413 0.017529 0.026823 0.023581 0.027593 0.003747 0.000967 0.039892 0.345590 0.169375 -0.008587 -0.008964 -0.004525 -0.009488 -0.002646 -0.000892 -0.000518 -0.000375 -0.017435 -0.001835 0.004333 0.002045
-0.001727 -0.020649 -0.139134 -0.087659 -0.024315 -0.052142 -0.080453 -0.045915 -0.028318 -0.000821 -0.000412 -0.000725 -0.000566 -0.000495 -0.000253 -0.000189 0.050195 -0.000177 -0.309180 -0.002582 0.619053 0.290265 -0.752224 -0.389957 0.292748 0.764357 1.997684 3.267469 2.804984 2.110699 1.241672 0.558225 0.068193 0.009189 0.012138 0.007635 0.000507 0.005684 0.010622 0.009632 0.019240 0.001298 0.000212 0.018231 0.090373 0.250351 -0.054788 -0.018034 -0.007892 -0.031666 -0.004230 -0.002217 -0.001124 -0.012975 -0.041128 -0.010124 0.004086 0.251823
-0.010762 -0.022866 -0.692037 -1.269312 -2.200798 -0.189058 -0.563257 -0.025509 -0.027614 -0.014942 -0.009355 -0.009567 -0.014514 -0.014763 -0.000540 -0.044391 0.550678 0.250325 -0.289895 0.163052 0.804456 0.530486 -0.469893 -0.156424 0.356180 0.767140 2.065790 3.182864 2.249445 2.199969 0.809718 0.053835 0.000622 0.000262 0.006213 0.000086 -0.000068 0.000000 0.000000 0.000000 0.006203 0.000886 -0.000318 0.076703 0.057473 0.058309 -0.055490 -0.049448 -0.012440 -0.026261 -0.042708 -0.028178 -0.012326 -0.051443 -0.014134 -0.005719 0.005716 0.287017
-0.020536 -0.953845 0.046419 -0.756446 -1.308707 0.720967 0.277386 -0.035510 -0.026339 -0.029297 -0.011820 -0.025764 -0.024077 -0.027936 -0.012948 0.003309 0.538243 0.362529 -0.138232 0.250416 1.076241 0.802977 -0.273210 -0.042071 0.471376 0.985881 2.071333 2.225861 2.170412 1.768164 0.093147 0.000877 0.000706 -0.000125 -0.000006 -0.000236 -0.009337 -0.005878 -0.005878 -0.000290 0.000340 0.001178 0.107379 0.117201 0.001890 0.001033 -0.062101 -0.018863 -0.031984 -0.030077 -0.106072 -0.052690 -0.021212 -0.287102 -0.132828 -0.016400 0.006978 0.147366
-2.081333 -0.680026 0.396478 -0.176788 -0.846103 0.852891 0.310475 0.000000 -0.046712 -0.057185 -0.466372 -0.346699 -0.244942 0.271221 0.011410 0.239555 0.797832 0.526253 -0.036658 0.221630 1.117063 0.763431 -0.141350 -0.117020 0.417316 1.076136 2.306975 2.223580 1.750161 0.697991 0.089945 -0.000856 -0.001510 -0.008275 -0.008777 -0.007118 -0.025848 -0.012822 -0.012822 -0.000399 0.000713 0.000548 0.043613 0.003697 0.000410 -0.000066 -0.006341 -0.044103 -0.053017 -0.068848 0.347604 -0.183580 0.026899 -0.244267 -0.325196 -0.017665 0.002781 0.130716
-1.143101 -0.488793 0.661033 0.277710 -0.615256 0.684800 0.094325 -0.012376 -0.251057 1.050061 0.730492 0.314590 0.345851 0.392022 -0.031837 1.965059 1.308760 0.346663 -0.109409 0.197099 0.752431 0.707540 -0.013130 -0.320718 0.264245 1.004584 2.169598 1.768450 1.438538 0.776179 0.054125 0.016623 -0.005750 -0.049972 -0.030580 -0.033087 -0.070278 -0.031127 -0.051352 -0.003239 0.000156 0.000722 0.014657 0.021467 -0.000149 -0.003564 -0.007484 -0.043435 -0.078947 -0.154416 0.679899 -0.091691 -0.034387 -0.191121 -0.458973 -0.049013 -0.014688 0.008507
-0.609247 -0.106625 0.351220 0.143516 -0.341430 0.134205 -0.019476 0.324398 0.987621 1.720486 1.031160 0.316939 0.198647 0.376352 -0.048108 0.420453 1.047800 -0.073185 -0.229188 0.283782 0.662303 0.641812 0.090162 -0.086255 0.162691 0.756109 1.193300 1.188990 0.849470 0.248257 -0.010378 0.032429 0.123908 -0.306566 -0.053804 -0.023456 -0.015718 -0.004304 0.035655 0.002864 -0.001073 -0.000562 0.000304 0.010536 0.000174 -0.001154 -0.002181 -0.006981 -0.049284 -0.016959 0.885700 0.034609 -0.082366 -0.178076 -0.707886 -0.067348 -0.024482 0.235396
-0.262415 0.074797 0.189137 0.084865 -0.068326 0.057887 0.459950 1.048089 1.220191 1.733293 0.455851 0.261918 -0.180638 -0.049343 -0.003853 -0.000321 1.110216 -0.643267 -0.215431 0.475432 0.903633 0.546200 0.255542 0.017123 0.170418 0.557692 0.910498 0.723278 0.661805 0.167216 -0.012483 0.000633 0.112034 -0.157289 -0.038762 -0.002915 -0.004165 0.000321 0.005027 0.000121 -0.001060 -0.001789 -0.001292 0.000135 0.000587 0.000291 0.000365 -0.000793 -0.042917 0.089144 1.076567 0.199945 0.099349 -0.034504 -0.596868 0.095946 -0.486452 0.469165
0.053589 0.026904 0.185989 0.229334 0.120627 0.227441 0.841182 1.310460 1.123947 1.243804 0.214430 0.032349 -0.625826 -0.735115 -0.039200 -0.010796 0.330687 -0.773736 -0.250995 0.602779 1.085643 0.623370 0.125887 0.065995 0.288551 0.454677 0.629835 0.765286 0.657278 0.154778 0.032754 0.000655 0.000401 -0.161854 -0.005784 -0.000995 -0.000975 -0.000043 0.000000 -0.004364 -0.006762 -0.029875 -0.030428 -0.002463 0.000440 0.000073 0.000033 0.002809 0.099210 0.435724 1.102014 0.372028 0.446052 0.284665 0.387502 0.363434 -0.224958 0.191334
0.086514 0.079852 0.331182 0.411726 0.289483 0.378278 0.885440 1.254558 0.418581 0.810639 0.005003 0.037657 -0.525630 -0.718697 -0.026502 -0.008796 0.239122 -0.363693 -0.144591 0.598001 0.758889 0.407327 0.024862 0.075003 0.055958 0.222190 0.492387 0.660697 0.534771 -0.040465 0.064477 -0.000657 -0.000349 -0.263635 -0.044970 -0.004794 -0.000506 -0.000721 -0.008182 -0.013004 -0.011687 -0.073767 -0.059334 -0.015957 -0.001345 -0.000309 -0.000359 0.015580 0.733051 0.630821 1.382094 0.744276 0.285228 0.309871 0.258195 0.515260 0.378508 0.177957
0.050096 0.127997 0.338401 0.464162 0.253690 0.283107 0.490751 0.742374 0.468916 0.045408 0.024755 0.022668 -0.243777 -0.292836 0.138460 0.079083 0.198692 0.311072 0.139935 0.556508 0.541787 0.161957 -0.209112 -0.019085 -0.143317 0.167013 0.393598 0.529877 0.276496 -0.192257 0.055259 -0.033920 -0.067283 -0.611319 0.453091 -0.013399 -0.011289 -0.009436 -0.016235 -0.024829 -0.001200 -0.074475 -0.081257 -0.071684 -0.005631 -0.012337 0.127513 0.794695 1.421455 1.029980 1.483676 0.694832 0.232451 0.316074 0.009022 0.085888 0.064979 0.913492
0.157766 -0.005020 0.386934 0.229270 0.116816 0.150538 0.146402 0.616888 0.045616 0.018801 0.016868 0.013456 0.043592 0.369590 0.163669 0.025645 0.043612 0.384330 -0.034348 0.630031 0.528853 0.193601 -0.288331 -0.110322 -0.178205 0.193741 0.292979 0.448509 0.314464 -0.194952 0.131797 -0.014849 -0.064859 -0.729225 0.377409 -0.002714 -0.012434 -0.033365 -0.033414 -0.032583 -0.012314 -0.032323 -0.033815 -0.375328 -0.004700 -0.044921 1.668691 3.080429 0.745359 0.893633 1.110825 0.021325 0.022145 0.014550 0.006346 0.050467 0.025389 0.015842
-0.001318 0.024839 0.430593 0.194736 0.115445 0.159568 0.062782 0.012492 0.006493 0.011087 0.006034 0.006364 0.010033 0.142725 0.010308 0.000556 0.009434 0.006028 -0.136491 0.824063 0.781285 0.231924 -0.190958 -0.091960 -0.115156 0.330832 0.378436 0.374249 0.239758 -0.142546 0.249848 0.038598 0.028673 -0.398606 0.182544 -0.101246 -0.157962 -0.109255 0.202848 -0.796512 -0.912862 -0.036134 -0.188772 -0.009173 -0.016720 0.075148 2.051917 1.173888 0.000393 0.020200 0.023276 0.005460 0.015733 0.001708 0.010708 0.009125 0.000360 0.000360
-0.001582 0.085704 0.237944 0.231790 0.100072 0.148264 -0.019469 0.000104 0.000101 0.000000 0.000003 0.000208 0.000005 0.062714 0.002050 -0.000055 -0.000002 0.000117 0.043603 0.732182 0.518612 0.260327 -0.158984 -0.105394 -0.125589 0.327881 0.164964 0.096219 0.029762 -0.086515 0.488521 0.389524 0.119902 -0.217177 0.187395 0.132710 0.039131 0.211440 0.370504 -0.351104 -1.069158 -0.105178 -0.162366 -0.082000 -0.092315 -0.004211 1.060754 1.301218 -0.000014 0.000000 0.000000 0.000000 0.000000 0.000092 0.000218 -0.000495 -0.000360 -0.000360
0.010764 0.056831 0.617504 0.232518 0.014757 0.026167 -0.080407 -0.000205 -0.001336 -0.014952 -0.007298 -0.000326 -0.000177 0.021589 0.002721 -0.029531 -0.015470 -0.001050 0.001228 0.974053 1.092116 0.312703 -0.244593 -0.184818 -0.214434 0.192630 0.084446 0.009522 0.026800 -0.003604 0.655808 0.531522 0.304751 -0.082936 0.426745 0.242631 0.130719 0.447054 0.374377 -0.030621 -1.022345 -0.865675 -0.258191 -0.133900 -0.109119 -0.038011 0.879474 1.456746 0.165465 -0.009477 -0.003929 -0.026389 -0.012149 -0.001694 -0.000749 -0.008883 -0.014654 -0.016888
