use_cases/Flooding_chicago/flooding_data/output/hUy_1800.asc
ncols 337
nrows 393
xllcorner 428428.000000
yllcorner 4602440.000000
cellsize 26.757400
NODATA_value -9999.000000
[rows 52 to 77 of 393, columns 232 to 289 of 337]
0.013658 0.010790 0.036558 0.001263 0.000131 0.000330 0.000401 0.000013 0.000000 0.000000 -9999.000000 -9999.000000 -9999.000000 -9999.000000 -9999.000000 -9999.000000 -9999.000000 -9999.000000 -9999.000000 -9999.000000 -9999.000000 -9999.000000 -9999.000000 -9999.000000 -9999.000000 -9999.000000 -9999.000000 -9999.000000 -9999.000000 -9999.000000 -9999.000000 -9999.000000 -9999.000000 -9999.000000 -9999.000000 -9999.000000 -9999.000000 -9999.000000 -9999.000000 -9999.000000 -9999.000000 -9999.000000 -9999.000000 -9999.000000 -9999.000000 0.004488 -0.000603 -0.015008 -0.944501 -0.691147 -0.707232 -0.024377 -0.050681 -0.077291 0.000512 0.001221 0.003384 -0.008097
0.000634 0.000353 0.000142 -0.002702 -0.000136 -0.000396 -0.000555 -0.010184 -0.004809 0.000046 -9999.000000 -9999.000000 -9999.000000 -9999.000000 -9999.000000 -9999.000000 -9999.000000 -9999.000000 -9999.000000 -9999.000000 -9999.000000 -9999.000000 -9999.000000 -9999.000000 -9999.000000 -9999.000000 -9999.000000 -9999.000000 -9999.000000 -9999.000000 -9999.000000 -9999.000000 -9999.000000 -9999.000000 -9999.000000 -9999.000000 -9999.000000 -9999.000000 -9999.000000 -9999.000000 -9999.000000 -9999.000000 -9999.000000 -9999.000000 0.000360 0.000360 -0.000344 -0.000888 -0.107482 0.171071 0.252576 -0.751493 -0.912180 -0.095496 -0.000215 0.000976 0.000927 -0.004465
-0.000907 -0.000414 -0.000147 -0.155744 -0.009115 -0.008169 -0.008258 -0.026972 -0.008662 0.002044 -9999.000000 -9999.000000 -9999.000000 -9999.000000 -9999.000000 -9999.000000 -9999.000000 -9999.000000 -9999.000000 -9999.000000 -9999.000000 -9999.000000 -9999.000000 -9999.000000 -9999.000000 -9999.000000 -9999.000000 -9999.000000 -9999.000000 -9999.000000 -9999.000000 -9999.000000 -9999.000000 -9999.000000 -9999.000000 -9999.000000 -9999.000000 -9999.000000 -9999.000000 -9999.000000 -9999.000000 -9999.000000 -9999.000000 -9999.000000 -0.000360 -0.000360 -0.000500 0.000330 0.072913 0.323163 0.430238 -0.120753 -0.331593 -0.364792 -0.000725 -0.000325 0.000913 -0.001671
-0.009349 -0.007506 -0.000732 -0.205771 -0.159299 -0.014281 -0.014461 -0.042219 -0.003556 0.014019 -9999.000000 -9999.000000 -9999.000000 -9999.000000 -9999.000000 -9999.000000 -9999.000000 -9999.000000 -9999.000000 -9999.000000 -9999.000000 -9999.000000 -9999.000000 -9999.000000 -9999.000000 -9999.000000 -9999.000000 -9999.000000 -9999.000000 -9999.000000 -9999.000000 -9999.000000 -9999.000000 -9999.000000 -9999.000000 -9999.000000 -9999.000000 -9999.000000 -9999.000000 -9999.000000 -9999.000000 -9999.000000 -9999.000000 -9999.000000 -0.001706 -0.003479 -0.001419 0.002499 0.216025 0.211981 0.434671 0.130813 -0.101022 -0.091200 -0.000714 -0.000522 0.000877 -0.001383
-0.027224 -0.040173 -0.001560 0.081678 -0.083469 -0.087465 -0.059235 -0.123778 -0.006006 0.006080 0.000695 0.001378 0.000095 -9999.000000 -9999.000000 -9999.000000 -9999.000000 -9999.000000 -9999.000000 -9999.000000 -9999.000000 -9999.000000 -9999.000000 -9999.000000 -9999.000000 -9999.000000 -9999.000000 -9999.000000 -9999.000000 -9999.000000 -9999.000000 -9999.000000 -9999.000000 -9999.000000 -9999.000000 -9999.000000 -9999.000000 -9999.000000 -9999.000000 -9999.000000 -9999.000000 -9999.000000 -9999.000000 -9999.000000 -0.000578 -0.002302 -0.018740 0.196262 0.771774 0.499399 0.633021 0.267221 -0.072879 -0.468406 -0.000277 -0.000251 0.000000 -0.001670
-0.023083 0.000360 0.000360 0.000410 -0.046832 -0.036990 -0.170622 0.001281 0.016350 -0.005287 -0.062116 -0.007747 -0.021149 -9999.000000 -9999.000000 -9999.000000 -9999.000000 -9999.000000 -9999.000000 -9999.000000 -9999.000000 -9999.000000 -9999.000000 -9999.000000 -9999.000000 -9999.000000 -9999.000000 -9999.000000 -9999.000000 -9999.000000 -9999.000000 -9999.000000 -9999.000000 -9999.000000 -9999.000000 -9999.000000 -9999.000000 -9999.000000 -9999.000000 -9999.000000 -9999.000000 -9999.000000 -9999.000000 0.000000 0.000227 -0.012590 -0.311236 0.755109 1.259179 0.665213 0.667356 0.356354 -0.085668 -0.800058 -0.010781 -0.011247 -0.002940 -0.002960
-0.002167 -0.000360 -0.000360 0.000404 -0.015586 -0.021475 -0.080601 0.076802 0.087000 0.000379 -0.110575 -0.070168 -0.142588 -0.019277 -0.002465 -9999.000000 -9999.000000 -9999.000000 -9999.000000 -9999.000000 -9999.000000 -9999.000000 -9999.000000 -9999.000000 -9999.000000 -9999.000000 -9999.000000 -9999.000000 -9999.000000 -9999.000000 -9999.000000 -9999.000000 -9999.000000 -9999.000000 -9999.000000 -9999.000000 -9999.000000 -9999.000000 -9999.000000 -9999.000000 -9999.000000 -9999.000000 -9999.000000 0.000519 0.000089 -0.144860 -0.379757 0.731976 1.148870 0.574021 0.668248 0.270490 -0.104249 -0.574992 0.131088 -0.071390 -0.002371 -0.203669
-0.013705 -0.013056 -0.006012 -0.000176 -0.000004 -0.004903 -0.032988 0.178074 0.008647 0.057491 0.006227 -0.047094 -0.083949 -0.024382 -0.315631 0.000216 0.000000 0.000000 0.000000 -9999.000000 -9999.000000 -9999.000000 -9999.000000 -9999.000000 -9999.000000 -9999.000000 -9999.000000 -9999.000000 -9999.000000 -9999.000000 -9999.000000 -9999.000000 -9999.000000 -9999.000000 -9999.000000 -9999.000000 -9999.000000 -9999.000000 -9999.000000 -9999.000000 -9999.000000 -9999.000000 -9999.000000 0.000467 0.000098 -0.077318 -0.567724 0.729143 1.196516 0.586636 0.453086 0.199157 -0.052632 -0.438602 0.082926 0.257282 0.360817 -0.327983
-0.024009 -0.025833 -0.020329 -0.004096 -0.007867 -0.065116 0.094709 0.014727 0.006917 0.009454 -0.000320 -0.009665 -0.030835 -0.497417 -0.226284 -0.195836 0.056461 -0.096434 0.000177 0.000000 0.000000 -9999.000000 -9999.000000 -9999.000000 -9999.000000 -9999.000000 -9999.000000 -9999.000000 -9999.000000 -9999.000000 -9999.000000 -9999.000000 -9999.000000 -9999.000000 -9999.000000 -9999.000000 -9999.000000 -9999.000000 -9999.000000 -9999.000000 -9999.000000 -9999.000000 0.000000 -0.000023 -0.000000 0.000771 -0.533421 0.623948 1.074565 0.218122 0.056280 0.027303 0.213530 -0.039426 -0.161337 0.036893 0.507352 0.080617
0.151166 -0.968509 -0.040843 -0.030443 -0.081510 -0.048576 0.025910 0.007737 0.003946 0.000224 -0.000560 -0.314926 -0.977044 0.065630 -0.127552 0.041699 0.120381 -0.282995 -0.002965 -0.030239 -0.011217 0.000000 -9999.000000 -9999.000000 -9999.000000 -9999.000000 -9999.000000 -9999.000000 -9999.000000 -9999.000000 -9999.000000 -9999.000000 -9999.000000 -9999.000000 -9999.000000 -9999.000000 -9999.000000 -9999.000000 -9999.000000 -9999.000000 -9999.000000 0.001010 -0.000326 -0.000561 -0.000150 0.000804 -0.096444 0.521714 0.565873 -0.031653 -0.281524 -0.133131 0.404594 0.686162 -0.074539 -0.024812 0.000943 0.030901
0.411233 -0.487798 0.018971 -0.759805 -0.098499 -0.006663 0.020474 0.000345 0.000222 0.000164 -0.000081 -0.273398 -0.833572 0.286103 0.105467 0.331182 0.373139 -0.349641 -0.253121 -0.912205 -0.184228 0.138965 0.000000 0.017808 0.000009 0.000411 -9999.000000 -9999.000000 -9999.000000 -9999.000000 -9999.000000 -9999.000000 -9999.000000 -9999.000000 -9999.000000 -9999.000000 -9999.000000 -9999.000000 -9999.000000 -9999.000000 -9999.000000 0.001196 0.000659 0.000193 0.000502 0.000423 0.215640 0.697015 0.571481 -0.119090 -0.447224 -0.302729 0.313078 1.417346 -0.073521 -0.005580 0.000093 0.000222
0.213171 -0.291942 0.074216 0.130465 -0.246990 0.013492 0.006644 0.000200 -0.000222 -0.000003 -0.000000 0.044071 0.179749 1.033053 0.650745 0.956527 0.834797 -0.566752 -0.328438 -0.452768 -0.283494 0.166594 0.002020 0.026933 -0.000807 -0.000013 0.000326 0.000276 0.000696 0.000718 -9999.000000 -9999.000000 -9999.000000 -9999.000000 -9999.000000 -9999.000000 -9999.000000 -9999.000000 -9999.000000 -9999.000000 -9999.000000 0.001319 0.001777 0.000873 0.003329 0.000100 0.594082 1.162320 0.960895 -0.175268 -0.612983 -0.405418 0.181747 1.337468 -0.055537 -0.000979 -0.000258 -0.000222
0.257289 -0.174186 0.450137 0.928115 0.034783 0.011839 0.000452 -0.001332 -0.007173 -0.004890 -0.005134 0.125058 0.098510 0.117563 0.134916 0.129372 0.097823 -0.279025 -0.109895 -0.485937 -0.626171 -0.011061 0.003267 0.017326 -0.007430 -0.007010 -0.000208 -0.000003 -0.000577 -0.000623 -0.000034 -0.000001 -0.000000 -0.000000 -0.000000 0.285052 4.660531 0.845122 0.000358 0.000186 0.000428 0.000384 0.001136 0.000066 0.022654 0.000433 1.014423 1.502195 1.079202 -0.044639 -0.499022 -0.372507 0.254036 0.921109 0.182993 0.003497 0.005633 0.013042
0.262852 -0.135265 0.025460 0.019446 0.026282 0.007511 -0.000334 -0.001373 -0.011023 -0.015743 0.101480 0.228389 0.055473 0.141675 0.196211 0.244665 0.089610 0.000717 0.251443 -0.106682 -0.905622 -0.341702 0.000360 0.000360 -0.005694 -0.134401 -0.010392 -0.009855 -0.001112 -0.010138 0.206021 0.325403 0.092261 0.080242 0.137302 1.737548 4.976953 0.569110 0.000363 0.000039 0.000247 0.000272 -0.000100 -0.000286 0.072731 2.445266 1.528271 1.482572 1.183559 0.401579 -0.156732 0.014908 0.790510 0.686533 0.111964 0.003792 0.019688 0.052786
0.259580 -0.149205 0.000526 0.001900 0.019098 -0.000018 -0.000738 -0.009689 -0.000734 -0.127920 -0.047589 0.187497 -0.044050 0.126342 0.238799 0.254752 0.068332 0.000959 0.001043 0.020510 -0.446074 -0.504098 -0.000360 -0.000360 -0.004021 0.150462 -0.857357 -0.855015 -0.128345 -0.030972 0.409649 0.313289 0.095682 0.064363 0.218563 1.911186 2.918164 0.663019 0.000709 -0.000182 -0.000282 -0.000000 -0.000195 -0.000077 0.239887 0.737348 0.673845 0.976972 0.385094 0.164384 0.379519 0.080276 0.008055 0.100759 0.046004 0.000095 0.000777 0.013765
0.444494 -0.389360 0.000488 0.000305 0.000248 -0.002465 -0.001416 -0.045310 -0.004368 0.007742 -0.102930 0.163568 0.035909 0.164328 0.277265 0.158684 0.058882 0.000335 0.000041 0.000002 -0.365315 -0.582456 -0.004488 -0.027655 -0.005510 0.491181 0.187239 0.208450 0.056619 0.012562 0.271399 0.344682 0.053696 0.081343 0.848489 1.823496 3.773037 1.473656 0.177994 -0.011903 -0.000410 -0.000272 -0.000469 0.000393 0.469462 0.527631 0.483210 1.303894 0.012692 0.036847 0.028947 0.043574 0.004819 0.016008 0.024664 0.000018 0.000211 0.000391
0.581199 0.102490 0.000453 -0.000193 -0.000687 -0.002998 0.000011 -0.006442 -0.001148 0.040973 0.226222 0.249560 0.056339 0.113779 0.128721 0.137153 0.047310 -0.000010 -0.001012 -0.003973 -0.000251 -0.872347 -0.078221 -0.085357 -0.170577 0.643135 0.363467 0.350454 0.000615 -0.036182 0.570847 0.294736 0.311436 0.464205 0.954258 1.605297 1.830568 0.462174 0.294948 -0.167952 -0.000593 -0.000384 -0.000448 0.147111 0.427912 1.140809 1.361596 0.510035 0.002672 0.015346 0.005063 0.005873 0.007568 0.000569 0.000393 -0.033744 -0.000495 -0.000063
0.359423 0.395582 -0.000095 -0.002225 -0.017406 -0.000765 0.000012 0.000553 0.000960 0.032324 0.031291 0.349491 0.089520 -0.000197 0.000051 0.001131 0.001635 -0.000350 -0.018608 -0.003465 -0.031521 -0.230419 0.013003 -0.004783 -0.100331 0.517160 0.152256 0.106192 0.000478 0.000953 0.482256 0.610405 0.570388 0.538633 0.992754 1.456750 1.361220 0.593857 0.182858 0.188958 -0.000595 -0.004044 -0.021883 0.371201 0.315416 1.362636 1.509924 0.498543 0.001260 0.000000 0.001034 0.002786 0.002574 -0.000247 -0.000331 -0.067408 -0.009066 -0.000104
0.292731 0.438108 -0.011724 -0.015352 -0.046883 -0.005852 -0.010322 0.000682 0.015157 0.025639 0.026921 0.010758 0.112190 -0.009753 0.025404 0.000099 -0.000101 -0.000764 -0.070478 -0.059221 0.613345 0.222505 0.069225 -0.011399 0.361139 0.614966 -0.037000 -0.299641 -0.074445 0.186178 0.673203 0.569744 0.481346 0.734629 0.976960 1.310769 0.960271 0.470468 -0.056673 0.042568 -0.151883 -0.055683 -0.077786 0.462965 0.055684 1.144503 1.562217 0.483435 0.003369 -0.020418 -0.004836 -0.004966 -0.004288 -0.000554 -0.044074 -0.068929 -0.012465 -0.004382
0.299283 0.430529 -0.074789 -0.100689 -0.085469 -0.011411 -0.023276 0.000847 0.008672 0.010827 0.008968 0.000538 0.000379 -0.016449 -0.000312 -0.000583 -0.001312 -0.011189 -0.007206 0.368715 0.964252 0.391187 0.126137 0.009131 0.116559 0.409109 -0.045979 -0.127537 0.120148 0.518300 1.169518 0.739161 0.593894 0.719873 0.990380 1.639864 0.997690 0.342523 -0.409694 0.245372 -0.633500 -0.065397 0.141408 0.698073 0.140181 1.505242 1.930138 0.901449 0.026026 -0.565498 0.232664 -0.004341 -0.006443 0.001219 -0.027877 -0.500039 -0.005460 -0.020686
0.429171 0.573139 0.825221 0.440394 0.037538 -0.031054 -0.011166 0.000149 0.000222 0.000139 0.000096 -0.000037 0.000345 -0.025098 -0.059497 -0.000992 -0.001044 -0.030838 -0.094217 0.455170 1.155901 0.393026 0.013578 0.006722 0.002791 0.023235 -0.088699 -0.044029 0.271206 0.685657 1.488632 1.703948 0.007153 0.027830 1.099394 1.867598 0.955784 0.242197 -0.593930 0.093179 -0.078204 0.118979 0.021490 0.883893 -0.033480 1.369864 2.558083 1.158796 0.258470 -0.476706 0.214884 0.278741 -0.004316 0.015740 -0.332620 -0.122210 0.602084 -0.001385
0.145572 0.048401 1.131910 1.060952 1.095263 0.037931 0.023702 0.000314 -0.000222 0.000011 -0.000072 -0.000254 0.000907 -0.023207 -0.125051 -0.000722 -0.010366 0.084693 0.048755 0.463456 1.135414 0.218734 0.004387 0.000554 0.004194 0.000682 -0.029217 0.081038 0.487629 0.717329 1.394868 0.613147 0.000326 0.007200 1.615538 1.992678 0.712643 0.404934 -0.528532 0.611094 0.008330 0.011898 0.003929 0.007554 -0.110797 1.406839 2.883685 1.060967 0.273004 -0.451863 0.427031 0.423491 0.906909 0.678236 -0.039576 0.692616 0.020876 0.018034
0.101253 0.027861 0.021828 0.015013 0.030567 0.051002 0.012718 0.000402 -0.004495 -0.000321 -0.000518 0.007875 0.000806 0.042498 -0.096997 -0.012223 0.006284 0.109816 0.179880 0.774400 1.055986 -0.006087 0.001251 0.000247 0.000331 -0.000183 -0.000042 0.473297 0.793872 1.350777 0.910868 0.511762 -0.000208 -0.000003 0.913599 1.553974 0.730808 0.946148 0.249246 0.005734 0.000120 0.000000 0.000000 0.000000 0.002017 1.355078 2.688380 1.166507 0.326750 -0.602304 0.461380 0.031817 0.014979 0.017861 0.103058 0.018409 0.006435 0.008750
0.029585 0.024535 0.000063 0.000253 0.003929 0.017207 0.001046 0.000044 -0.016428 -0.004713 -0.000535 0.042227 0.229442 0.122817 -0.039178 -0.012429 0.002308 0.082669 0.197981 0.226145 1.117640 -0.113895 0.000235 -0.000569 -0.000393 -0.020797 0.223598 0.172490 0.547081 0.685150 0.912628 0.414893 -0.021895 -0.018095 2.068071 1.021192 0.009224 0.000000 0.064093 -0.000014 -0.000435 -0.002350 -0.007509 -0.010290 0.311759 1.690008 2.116076 1.082664 0.457968 -0.260865 0.022549 0.013897 0.007560 0.011070 0.011766 0.001351 0.000000 0.000000
0.001026 0.000446 -0.000063 -0.000143 0.000000 0.000000 -0.000159 -0.004018 -0.019564 -0.018233 0.002636 0.141712 0.149528 0.024043 0.057924 -0.009602 -0.010816 0.055750 0.201577 0.631832 0.253383 0.000574 -0.000453 -0.007789 -0.021910 0.120219 0.173380 0.074207 0.456408 0.617049 1.025643 0.534148 -0.027249 0.203279 2.061065 1.739177 0.008498 -0.051133 0.110894 -0.056168 -0.000790 -0.001477 -0.017068 -0.051892 0.986653 1.744711 1.066109 0.222252 0.470469 0.025968 0.008562 0.000334 0.000339 0.000001 0.000000 -0.001309 -0.011411 -0.009979
-0.001645 -0.002632 -0.018229 -0.008407 -0.008067 -0.008066 -0.017710 -0.012399 -0.022581 -0.146288 0.002611 0.251805 0.018987 0.041136 0.247011 0.098762 0.164334 0.077681 0.238733 0.430171 0.001207 0.001226 0.005270 0.056833 -0.692413 0.168557 0.061963 -0.129087 0.264698 0.443892 0.600558 0.323245 -0.199168 0.346081 1.624086 2.092490 1.235363 0.425910 0.643759 0.467423 -0.000468 -0.000660 -0.001764 0.786234 1.198661 1.788812 0.924332 0.074577 0.468969 0.312808 0.000367 0.000010 -0.000240 -0.000544 -0.000108 -0.004854 -0.062020 -0.048530
