use_cases/Flooding_chicago/flooding_data/output/hUy_2520.asc
ncols 337
nrows 393
xllcorner 428428.000000
yllcorner 4602440.000000
cellsize 26.757400
NODATA_value -9999.000000
[rows 234 to 259 of 393, columns 58 to 115 of 337]
0.047943 0.040745 0.022308 0.053213 0.000621 0.000399 0.001425 0.116702 0.075787 0.000300 0.000414 0.000000 0.000000 -0.000309 -0.000013 -0.017955 -0.004048 -0.016575 -0.121375 -0.255840 -0.175122 0.007246 -0.011598 -0.002136 -0.001241 0.521439 0.540187 0.509243 0.000647 -0.003023 0.177649 0.192225 0.196600 0.662371 1.192135 2.802161 2.583719 1.742814 1.987370 2.338724 1.962155 1.538254 0.550424 0.000922 0.000554 0.000735 -0.070371 0.164320 0.252848 0.323930 -0.000347 -0.048256 0.000462 0.000867 0.001006 -0.000496 -0.017733 -0.135291
0.061451 0.042304 0.014641 0.000565 -0.000042 -0.000323 0.004842 0.112906 0.002088 0.000069 0.000000 -0.014685 -0.008910 -0.044362 -0.041950 -0.014613 -0.140171 0.154406 -0.033638 -0.163087 -0.042423 -0.003433 -0.137052 -0.089604 0.057079 0.468992 1.007311 0.427889 0.033183 -0.039152 0.506902 0.337479 0.352672 0.807179 1.278904 2.020636 2.020056 1.181703 2.029507 2.453546 2.121154 1.277158 0.605377 0.000131 0.000247 0.000331 0.002086 0.003840 0.209950 0.482046 0.244548 0.021972 -0.072799 -0.209885 -0.075963 -0.159994 -0.571664 -0.134484
0.272969 0.024175 0.013429 0.001343 -0.000527 0.001363 0.105971 0.010237 0.009220 -0.000564 -0.006105 -0.041009 -0.021773 -0.570415 -0.341968 -0.339865 0.141861 0.181806 0.033103 -0.105058 0.047861 0.011580 -0.037557 0.075026 0.069603 0.373888 0.396985 0.319335 0.125959 0.128625 0.467807 0.444516 0.552295 1.322792 1.951458 2.095620 0.998204 1.436887 2.123206 3.461118 1.592818 0.547719 0.451963 -0.000159 -0.000569 -0.000393 -0.001806 0.001545 0.004566 0.379865 0.264096 0.123595 0.028849 -0.235094 0.029350 0.014405 -0.323454 -0.037065
0.335658 0.008903 0.004601 0.003671 -0.000436 0.002198 0.002318 0.062546 0.000033 -0.007406 -0.043189 -0.191972 -0.298904 -0.453049 -0.205047 -0.134445 0.307992 0.299463 0.097866 -0.109417 0.215076 0.063809 0.022866 0.240670 0.073658 0.278658 0.303436 0.227195 0.036976 0.064051 0.275959 0.534048 0.752882 1.548487 2.283524 2.682320 1.660883 0.952746 2.077087 2.486435 1.975398 0.481619 0.436629 -0.022190 -0.006861 -0.006778 -0.045114 0.000044 0.003483 0.197944 0.324134 0.201828 0.164468 -0.069778 0.061877 0.192102 -0.128861 -0.005343
0.257385 0.007076 0.007558 0.000000 -0.009544 -0.006767 -0.004884 -0.002822 -0.005430 -0.006188 -0.280647 -0.080257 -0.218714 -0.474850 -0.203032 -0.089741 0.313045 0.341269 0.073608 -0.108878 0.301877 0.083184 0.050963 0.434325 0.115623 0.271260 0.375931 0.150729 0.062959 0.067938 0.037976 0.328043 0.694881 1.484019 2.182167 3.070377 2.093345 1.511883 2.040047 2.744362 1.596729 0.473230 0.452560 -0.198885 0.782007 0.603895 0.047783 0.000716 -0.000507 0.002657 -0.000236 -0.001439 -0.000759 -0.008941 -0.068068 0.027952 -0.074688 0.006804
0.045501 0.011734 0.004308 -0.037726 -0.009829 -0.013188 -0.009838 -0.007200 -0.005580 -0.105685 -0.171497 -0.058802 -0.225272 -0.463063 -0.160787 -0.090428 0.206453 0.297547 0.014150 -0.126534 0.225923 0.016586 0.030417 0.403087 0.153366 0.333780 0.614013 0.243551 0.110951 0.106590 -0.087398 0.376013 0.733762 1.580026 2.261428 3.075439 1.830325 1.936458 2.450164 2.318544 1.604612 0.216221 0.293106 -0.144798 0.021826 0.018742 0.006551 0.000356 -0.000452 -0.076910 -0.137235 -0.326398 -0.233898 0.049603 -0.060471 0.010937 0.001365 -0.037760
0.002282 0.000830 -0.000291 -0.366988 -0.134602 -0.009388 -0.010336 -0.008625 -0.005576 -0.049241 -0.220936 -0.068877 -0.241996 -0.375172 -0.184832 -0.112642 0.107196 0.137714 -0.091643 -0.172009 0.163464 -0.090654 -0.060055 0.335649 0.068229 0.328434 0.707357 0.338762 0.222090 0.194003 -0.117147 0.322503 0.825069 1.697583 2.359899 3.257412 3.489633 2.139807 2.374572 2.312243 1.139829 0.097450 0.307101 0.000316 0.000167 0.000000 0.000000 -0.000167 0.038546 0.020244 -0.114037 -0.264060 -0.159927 0.054809 -0.026096 0.136680 0.000443 -0.072006
0.000641 -0.000120 -0.000070 0.120117 0.110480 -0.417438 -0.269147 -0.006034 -0.039919 0.002991 -0.213126 -0.083368 -0.251840 -0.360558 -0.203709 -0.079795 0.019789 -0.013895 -0.232858 -0.238208 0.163190 -0.171152 -0.171546 0.233399 -0.049484 0.363062 0.705379 0.350733 0.351724 0.350451 -0.108301 0.311076 1.011460 2.083815 2.970083 4.148371 4.008634 2.903248 1.777639 2.140825 0.652420 0.167152 0.007889 0.000042 -0.000356 -0.013380 -0.505496 -0.411402 -0.013255 -0.002442 -0.042495 -0.195522 -0.210969 0.000117 -0.062908 0.311779 -0.139460 -0.335712
-0.001992 -0.021483 0.013754 0.225247 0.146424 -0.442622 -0.147741 -0.002439 -0.034521 0.004588 -0.131111 -0.088289 -0.248085 -0.359013 -0.201548 -0.094843 -0.008321 -0.099398 -0.245222 -0.250383 0.185262 -0.232336 -0.202193 0.213120 -0.082266 0.237626 0.678512 0.457350 0.602248 0.585694 -0.000511 0.526728 1.308347 2.461859 3.116424 4.267762 4.852473 3.011765 1.838645 1.355391 0.612226 0.006660 0.000493 -0.001300 -0.074020 -0.424237 -0.364088 -0.264570 -0.256567 0.009389 0.040757 -0.162897 -0.214920 -0.010453 0.128336 0.545990 -0.191349 -0.418517
-0.045024 -0.372229 0.178781 0.244046 0.144434 -0.343692 -0.064162 0.002829 0.001069 0.001194 -0.107489 -0.184778 -0.244046 -0.248516 -0.173339 -0.110342 -0.065590 -0.177722 -0.319982 -0.250034 0.138053 -0.236497 -0.224745 0.174080 -0.067109 0.111617 0.575349 0.700969 0.652920 0.706127 0.085623 0.441937 1.252681 2.229996 1.882862 2.574869 4.929883 4.133715 1.409994 2.489544 0.754721 0.018175 -0.000192 -0.018121 -0.315207 -0.325447 -0.303898 -0.255105 -0.172628 0.124374 0.040013 -0.169084 -0.225385 -0.038790 0.193725 0.369372 -0.227688 -0.483510
-0.455433 -0.298160 0.155840 0.225671 0.163241 -0.271879 0.026211 0.215877 -0.021418 -0.018795 -0.191488 -0.231752 -0.258207 -0.217965 -0.175755 -0.107740 -0.141362 -0.455382 -0.434947 -0.267952 0.107630 -0.193598 -0.223381 0.161653 -0.096831 0.076414 0.405916 0.547845 0.876962 1.025490 -0.020375 0.346631 1.142144 2.376541 2.670693 3.749391 6.686443 3.694603 1.267810 1.573976 0.747015 0.054910 -0.000688 -0.000272 -0.207671 -0.307403 -0.322510 -0.291011 -0.149922 0.002118 0.102770 -0.244540 -0.246463 -0.062383 -0.009668 0.258284 -0.161404 -0.468813
-0.360219 -0.301015 0.094508 0.172598 0.155915 -0.205585 0.090253 0.402617 0.091496 0.102749 -0.273753 -0.216741 -0.182708 -0.180753 -0.170809 -0.155548 -0.233651 -0.614554 -0.445193 -0.245441 0.138959 -0.166904 -0.223506 0.202522 -0.097276 0.032814 0.369380 0.494654 0.869180 1.345602 -0.149682 0.265337 1.134785 2.704559 2.980281 4.254728 6.363084 3.694202 1.185642 0.698459 0.921152 1.028873 0.006844 -0.055410 -0.191934 -0.169576 -0.277909 -0.246470 -0.038223 -0.002242 0.001208 -0.245245 -0.332498 -0.133620 -0.081224 0.021340 -0.098229 -0.455220
-0.341148 -0.402622 -0.011438 0.096929 0.101399 -0.215338 0.062573 0.291278 0.127707 0.164078 -0.233022 -0.100637 -0.091903 -0.145480 -0.167328 -0.174011 -0.349087 -0.619881 -0.405670 -0.233902 0.202415 -0.154872 -0.107902 0.148088 -0.076634 -0.021028 0.363130 0.439485 0.909770 1.588211 -0.150532 0.406788 1.229698 2.791599 3.156416 3.848458 5.174567 2.928782 1.147210 0.708851 0.900070 1.232089 0.639782 -0.017936 -0.100526 -0.111045 -0.230706 -0.062872 0.017670 -0.002526 -0.002198 -0.092072 -0.309995 -0.156810 -0.289719 -0.010212 -0.089913 -0.491968
-0.156919 -0.396659 -0.024401 0.086455 0.101136 -0.179598 0.165316 0.101293 0.139498 0.129673 -0.145765 -0.037540 -0.110998 -0.104188 -0.247543 -0.234089 -0.315869 -0.593601 -0.349999 -0.215058 0.288337 -0.079975 0.010256 0.214715 -0.093093 -0.064259 0.238704 0.450336 0.945968 1.840192 -0.181599 0.720968 0.771621 1.654761 1.853346 4.109765 5.243646 3.334113 0.230138 0.215219 0.251724 1.199376 1.341190 0.262603 -0.063341 -0.079683 -0.159156 -0.017667 0.039760 -0.190953 -0.204783 -0.175905 -0.486094 -0.066252 -0.255244 -0.045812 -0.121057 -0.406177
-0.099207 -0.334631 -0.038341 0.040635 0.043047 -0.115898 0.025328 0.069783 0.111150 0.179158 -0.117028 -0.027581 -0.108552 -0.129531 -0.298668 -0.200099 -0.291793 -0.497775 -0.252430 -0.155310 0.254747 -0.020117 0.093498 0.316529 -0.086446 -0.048052 0.411821 0.043138 0.563798 2.316240 -0.222729 0.893855 0.882611 1.871469 2.002175 4.049013 5.634030 3.563838 1.023414 0.232067 0.247627 0.819057 1.136907 0.501639 0.130192 -0.223384 0.000345 0.015332 0.043007 -0.220195 -0.164363 -0.284085 -0.499449 -0.011874 -0.062498 0.211135 0.083268 -0.396443
0.005138 -0.318916 -0.082860 0.001517 -0.005447 -0.100514 -0.001334 0.049900 0.096127 0.238865 -0.152862 -0.027729 -0.124635 -0.086947 -0.327828 -0.158680 -0.263734 -0.474592 -0.182852 -0.088950 0.314889 0.038767 0.162059 0.653754 -0.070802 0.074779 0.061062 0.092979 0.087707 2.599513 0.338058 0.146332 0.210205 1.881678 2.984735 4.926208 4.012138 3.281972 1.644113 0.493709 0.519894 0.587095 0.838564 0.545534 0.227383 0.478475 0.234404 0.130292 -0.024324 -0.189152 -0.142190 -0.270307 -0.517007 0.039360 0.126271 0.287070 0.288701 -0.336473
0.004144 -0.233575 -0.125088 -0.069231 -0.032688 -0.150103 -0.024487 0.046854 0.110544 0.309409 -0.087226 -0.044715 -0.122326 -0.062582 -0.313228 -0.129249 -0.252198 -0.459069 -0.131857 -0.090180 0.384646 0.089145 0.152657 0.638156 0.097146 0.023583 0.000776 0.136197 0.149039 1.206676 0.127662 0.162490 0.232330 1.636616 2.671530 4.442389 3.436851 2.843554 1.668402 0.662139 0.522236 0.530081 0.315644 0.454595 0.152046 0.321388 0.465673 0.376646 0.071629 -0.009943 0.041413 -0.073569 -0.443072 0.412869 0.021076 0.244034 0.390584 -0.210988
0.000427 0.055880 -0.150439 -0.140270 -0.075452 -0.192045 -0.033183 0.002971 0.003286 0.314163 0.072006 -0.054222 -0.148720 -0.021294 -0.268957 -0.044067 -0.153093 -0.444054 -0.035999 0.012863 0.623624 0.255394 0.232525 0.958285 0.048239 0.002965 0.000921 0.120756 0.215455 1.302376 0.210721 0.257436 0.531014 1.540682 2.683670 4.381233 4.476229 2.637380 1.890257 0.735618 0.658329 0.594778 0.304587 0.483628 0.054933 0.103624 0.286616 0.334202 0.156611 0.132903 0.249024 0.091150 -0.070829 0.000103 0.000222 0.372843 0.621241 0.308206
-0.001732 -0.002363 -0.100307 -0.130294 -0.092408 -0.202705 0.002064 0.004042 0.004081 0.021945 -0.000292 0.042189 -0.106927 0.036178 -0.222985 0.019898 -0.098703 -0.315502 0.089883 -0.003015 0.505426 0.221980 0.284680 0.011511 0.008103 0.004261 -0.000070 0.085128 0.081312 1.073265 0.168934 0.201818 0.505112 1.564874 2.676972 4.281877 2.941612 2.438811 2.428972 1.492077 1.059032 0.655726 0.132990 0.140373 0.000491 0.001069 0.053292 0.318067 0.086415 0.144704 0.307219 0.209070 0.126485 -0.000103 -0.000222 0.001070 0.000222 0.001127
-0.002811 -0.003058 -0.096705 -0.083708 -0.069617 -0.198501 0.000368 0.000289 -0.001991 0.000000 -0.000491 0.357210 -0.116868 0.076168 -0.280053 0.063791 -0.087855 -0.377900 0.160548 -0.002237 0.528134 0.355517 0.030997 0.003946 0.000702 0.001778 0.011687 0.131822 -0.010611 0.586724 0.206811 0.230497 0.589577 2.303588 3.293785 4.032846 3.482194 2.232881 2.182141 1.476469 1.020025 1.169298 0.172780 0.155905 -0.000433 -0.000997 0.007856 0.325977 0.033189 0.120618 0.284877 0.365243 0.226909 -0.036814 -0.026260 -0.000389 -0.000222 -0.001724
-0.178128 -0.138071 -0.074383 -0.018222 -0.009814 -0.164752 -0.012583 -0.096820 -0.243338 -0.007775 -0.109787 0.744208 -0.115019 0.105465 -0.274316 0.300266 -0.007236 -0.365862 0.281460 0.114783 0.566190 0.908923 0.012380 0.000222 0.001020 0.017403 0.079013 0.192397 -0.040873 0.296014 0.298650 0.141263 0.173987 2.145244 2.994467 3.682058 3.087100 2.575141 2.142638 1.631735 1.088973 0.812759 0.180056 0.118609 -0.207654 -0.058403 0.009176 0.252020 0.056183 0.149761 0.291210 0.407724 0.617690 -0.145786 -0.176662 -0.001027 -0.006814 -0.023642
0.060549 -0.092529 0.056503 0.070820 0.063729 -0.243407 0.151582 0.007482 -0.246397 -0.178012 0.094343 0.586325 -0.066432 0.211319 -0.203209 0.380746 0.266231 -0.135937 0.060063 0.043084 0.052190 0.071638 0.005389 -0.000222 0.002126 0.012152 0.008509 0.321131 0.007729 0.006698 0.006698 0.000696 0.160771 2.180577 2.904770 3.381024 2.899080 2.252584 2.073494 1.713467 1.148983 0.770578 0.392676 0.092674 -0.179253 -0.060176 0.027654 0.253704 0.147642 0.251320 0.378836 0.497772 0.654361 0.111602 -0.097621 -0.004194 -0.024685 -0.073371
0.204013 -0.121489 0.084793 0.234544 0.199895 -0.387046 0.240551 0.013519 -0.451527 -0.199878 0.238071 0.763503 0.001472 0.387427 -0.194745 0.556786 0.031246 0.039693 0.022506 0.038393 0.017858 0.045843 0.034921 0.011644 0.005865 0.001299 0.000799 0.048268 0.000010 0.000360 0.000360 0.000414 0.243049 2.167516 3.266466 3.017951 2.640405 2.004172 2.188873 2.162441 1.658732 0.827184 0.360602 0.109330 -0.141879 -0.092205 0.051452 0.291456 0.218510 0.287582 0.347953 0.599286 0.809251 0.312640 0.000000 -0.001112 0.103195 0.041624
0.305234 0.028523 0.047420 0.370156 0.338962 -0.427332 0.262087 0.006823 -0.562313 -0.239169 0.486129 1.217104 0.035900 0.598016 0.075701 0.168192 0.000824 0.000935 0.013264 0.017486 0.007317 0.018923 0.020785 0.037008 0.002610 -0.000367 -0.000008 0.000149 -0.054402 -0.000360 -0.000360 0.000370 0.773624 2.153355 3.209101 2.659417 2.361048 2.013686 2.030143 1.907626 1.600539 1.000946 0.426539 0.223338 -0.025295 -0.091659 0.082347 0.519381 0.304249 0.374860 0.406825 0.472191 0.904751 0.516667 -0.374447 -0.001156 0.130936 -0.037300
0.371564 0.101059 0.113185 0.376520 0.516192 -0.469432 0.456972 0.092763 -0.550380 -0.101269 0.752639 1.428491 0.107036 1.317809 0.744040 0.241230 0.008253 0.007665 0.004515 0.000007 0.000352 0.006416 0.010469 0.007603 -0.000686 -0.021045 -0.003208 -0.000459 -0.227326 -0.013721 -0.005137 0.001073 0.906091 2.321063 3.330531 2.692083 2.413096 1.863443 1.737311 1.965230 1.844496 1.475418 0.583305 0.494184 0.247904 -0.039653 0.000958 0.013159 0.132015 0.305072 0.491679 0.695855 0.917203 0.779132 0.104894 -0.035913 0.206613 -0.071883
0.560744 0.183241 0.215700 0.020115 0.889735 -0.118306 0.812332 0.475029 -0.179008 0.303646 1.250498 0.021878 0.021792 0.414829 0.712136 0.410594 0.013820 0.006129 -0.000108 -0.007635 -0.000352 -0.000007 0.000068 0.000120 0.014722 -0.059350 -0.016235 -0.011975 -0.060599 -0.230572 -0.013902 0.126826 1.741962 2.460575 2.387478 2.009063 1.842722 1.679219 1.948822 1.435203 1.397306 1.105836 0.803821 0.552553 0.530070 0.147416 0.000342 0.000000 0.105404 0.192241 0.183222 0.490032 0.682599 0.692794 0.187123 0.113768 0.308799 0.110489
