use_cases/Flooding_chicago/flooding_data/output/hUy_1740.asc
ncols 337
nrows 393
xllcorner 428428.000000
yllcorner 4602440.000000
cellsize 26.757400
NODATA_value -9999.000000
[rows 104 to 129 of 393, columns 174 to 231 of 337]
0.004013 -0.001504 0.249087 0.091371 0.007563 -0.043041 -0.011674 -0.015781 -0.012574 -0.037372 -0.016717 -0.004012 -0.002105 0.000077 -0.000343 -0.046844 -0.026962 -0.037493 -0.697599 0.465089 0.091561 0.078645 0.273593 0.219616 0.062935 0.293428 0.415833 -0.190561 -0.080940 -0.491233 -0.334836 0.112416 -0.016948 -0.028026 0.048843 -0.023804 -0.023892 0.157760 0.012138 0.017976 0.103469 -0.146028 -0.034950 -0.015168 -0.013929 0.235758 0.930527 0.838693 0.098655 -0.058913 -0.022656 -0.427573 0.244318 -0.013756 -0.055398 -0.003894 -0.026021 -0.046279
0.000988 0.002515 0.013715 0.013190 0.155394 0.156945 -0.011794 -0.080567 -0.072515 -0.072900 -0.016646 -0.020739 -0.001998 -0.000695 -0.000442 -0.017437 1.831225 1.305969 -0.101967 0.323555 0.069146 -0.083958 0.151906 0.039328 -0.150656 0.119559 0.278049 -0.050175 -0.087135 -0.756442 -0.340919 0.526628 0.035303 0.206982 0.362340 0.982524 0.057525 0.023907 0.008925 0.000858 0.000109 -0.029524 -0.039169 -0.014929 -0.010230 0.419041 0.945101 0.385961 0.000360 0.000360 -0.002738 -0.245452 0.366791 0.103823 -0.004117 -0.070391 -0.128101 -0.023904
-0.000113 0.000758 0.000165 0.000403 0.009357 0.011035 -0.003697 -0.018583 -0.012272 -0.528144 -1.039231 -0.045724 -0.016736 -0.004869 -0.008596 -0.002244 2.434608 1.478332 0.147321 0.414213 0.282541 0.118021 0.261957 -0.054446 -0.289502 0.075389 0.285684 0.032829 0.001286 -0.741129 -0.170468 0.055748 0.027896 0.024891 0.106999 0.040114 0.034607 0.011678 0.000427 0.000056 -0.000045 -0.008920 -0.022939 -0.077646 -0.013100 0.570597 0.583428 0.001942 -0.000360 -0.000360 0.079257 0.170628 0.331759 0.000982 0.000042 -0.074640 -0.053252 -0.022030
0.016800 0.001217 -0.000104 -0.000103 0.000671 0.005824 0.079206 0.246681 0.304695 -0.025750 -0.511885 -0.038942 -0.370876 -0.169519 -0.009583 0.625650 0.750916 0.467214 0.167150 1.006136 1.126977 1.186442 0.852988 0.118894 -0.343784 0.225132 0.589308 0.275910 0.321685 -0.296649 0.078664 0.038747 0.034171 0.022498 0.031234 0.035552 0.029777 0.002061 -0.000032 -0.000154 -0.005098 -0.015756 -0.076159 -0.168857 -0.049114 1.063271 0.766251 0.098965 0.247475 0.125647 0.040418 0.436376 0.230039 0.084946 -0.079073 -0.145981 -0.107929 -0.139151
-0.043852 0.001315 -0.000174 -0.007806 -0.000131 0.000000 0.018079 0.293655 0.437645 0.015876 0.189015 0.414852 0.013586 0.192851 0.311070 0.343331 0.033149 0.019954 0.025517 0.009003 0.016584 0.026632 0.015826 0.031350 0.127200 0.742522 1.003701 0.925219 1.044002 0.074812 0.041189 0.029080 0.010603 0.013866 0.006887 0.007573 0.017616 0.007970 0.000100 0.000237 -0.025167 -0.096032 -0.296737 -0.293245 0.185397 1.561337 0.736952 0.340477 0.509356 0.208402 0.912429 0.836854 0.507892 0.206760 -0.275468 -0.252637 -0.230422 -0.283723
-0.006245 -0.000605 0.002949 -0.058097 -0.014551 -0.004217 0.062269 0.614398 0.033389 0.039910 0.018982 0.078259 0.004277 0.024332 0.016214 0.014707 0.022286 0.007858 0.000646 0.000803 0.000393 0.000143 0.000293 0.000916 0.021188 0.282052 0.056643 0.061028 0.042560 0.056974 0.019141 0.010909 0.008640 0.000000 0.000015 0.000468 0.000528 0.005373 0.000138 0.000057 0.000148 0.001238 0.058769 0.043093 0.742168 1.868348 0.683885 0.483943 0.674716 0.671278 0.465513 0.259534 0.118658 0.029948 -0.238772 -0.154584 -0.131023 -0.335783
0.017030 0.000000 0.004092 -0.002351 -0.001016 -0.007906 0.163708 0.241330 0.095221 0.082689 0.016885 0.008464 0.002841 0.000068 0.000174 0.000313 0.000397 -0.000013 -0.000454 -0.000712 -0.000365 -0.000141 0.000560 0.002954 0.092141 0.391778 0.032350 0.037611 0.040630 0.068381 0.006487 0.001244 0.003212 -0.012205 -0.004944 -0.000569 -0.000457 -0.000016 -0.000000 -0.000094 -0.000162 0.004618 0.298598 0.338296 1.321750 1.469001 0.527368 0.033529 0.026914 0.010876 0.067617 0.015449 0.017075 0.001072 -0.082018 -0.050675 0.006792 -0.203064
0.000375 -0.025087 0.000000 -0.000498 0.152441 -0.201700 0.053050 0.173584 0.007599 0.038437 0.001068 0.007225 0.001525 -0.000069 -0.000184 -0.000416 -0.000625 -0.021101 -0.016400 -0.014023 -0.008507 -0.011004 0.001998 0.025743 0.174554 0.014203 0.014869 0.015043 0.029660 0.040103 0.038853 0.007397 -0.007605 -0.058371 -0.003497 -0.012344 -0.012164 -0.007390 -0.006608 -0.000165 -0.007605 0.983059 0.689144 0.372443 1.219756 1.099167 0.002016 0.007955 0.020172 0.007749 0.036469 0.007550 0.018627 0.000596 -0.020132 -0.061967 0.020718 -0.204189
0.009829 -0.020343 -0.006890 -0.042450 0.387033 0.300188 0.000566 0.009531 0.004043 0.009754 0.000682 -0.002289 -0.005487 -0.005122 -0.033440 -0.012787 -0.010733 -0.023278 -0.066844 -0.066331 -0.067606 -0.081266 0.026920 0.018394 0.107649 0.000170 0.000121 0.000787 0.011007 0.014281 0.014628 0.007685 -0.002952 -0.088101 -0.035070 -0.039645 -0.030980 -0.017413 -0.021693 -0.007052 -0.232468 2.019897 0.645325 -0.097985 0.368163 0.760531 0.002565 0.000475 0.007598 0.000449 0.000569 0.000393 0.015268 0.002934 0.031531 -0.012075 -0.002418 -0.206237
0.060874 0.043836 -0.080237 -0.082503 0.296700 0.727579 0.000724 0.000421 0.000378 0.000334 0.000094 -0.000772 0.026645 -0.010814 -0.083857 -0.486177 -0.038969 -0.028296 -0.027197 -0.030456 -0.018306 0.000548 0.005378 0.000251 0.035241 0.000085 -0.000080 -0.000092 0.000018 0.000432 0.000990 0.000222 -0.000701 -0.050988 -0.077073 -0.058283 -0.066147 -0.032903 -0.030161 -0.054247 1.288683 2.272737 0.385068 -0.574778 -0.060610 0.169121 0.022609 0.001684 0.000004 0.000211 -0.000247 -0.000331 0.006107 0.002513 0.011828 0.010450 0.391599 0.053827
0.155204 0.073874 0.004581 -0.242122 0.147235 0.896207 0.000720 0.000527 0.000238 -0.000015 -0.000065 0.000109 -0.015471 -0.066126 -0.130206 -0.252653 -0.006535 -0.005626 -0.091253 -0.007389 -0.000001 -0.000065 0.000000 -0.000086 0.020343 -0.000506 -0.007264 -0.005027 -0.009065 -0.000636 -0.001016 -0.000222 -0.000531 -0.006273 -0.042005 -0.045182 -0.159804 -0.125229 -0.030545 1.038591 1.734303 3.642570 0.295158 -0.817116 -0.252937 0.603319 0.029630 0.021867 0.023055 -0.000023 -0.000554 -0.009978 -0.000166 -0.000004 0.000144 0.000612 0.007309 0.000529
0.095109 0.119658 0.186339 -0.157316 0.200026 0.975946 0.000071 0.000173 -0.000341 -0.000331 -0.016178 -0.001678 -0.081674 -0.122150 -0.187877 -0.000116 -0.005898 -0.004514 -0.224133 -0.010801 -0.008307 -0.004918 -0.008298 -0.051516 -0.077786 -0.049140 -0.024343 -0.020815 -0.021676 -0.011025 -0.013062 -0.003946 -0.000067 -0.001431 -0.005141 -0.005041 -0.000115 -0.042534 0.221127 0.655428 1.531987 3.366468 0.883413 0.251674 0.591883 0.056198 0.013556 0.012562 0.016004 0.000888 -0.001290 -0.030321 -0.005729 -0.001054 -0.000075 0.000193 0.000017 0.000128
-0.091907 0.052056 0.113550 -0.073398 0.215556 0.731009 -0.000084 -0.000350 -0.007979 -0.005098 -0.044542 -0.016490 -0.078317 -0.139500 -0.226125 -0.000861 -0.003729 -0.002525 -0.125957 -0.278557 -0.049542 -0.074202 -0.075498 -0.168524 -0.070464 -0.001473 -0.049224 -0.037479 -0.021816 -0.026290 -0.013548 -0.020817 -0.004352 -0.001043 -0.000078 0.000338 -0.002735 -0.000244 0.417520 0.622078 0.152551 0.047762 0.254973 0.469378 0.122333 0.047025 0.000203 0.000702 0.002568 0.000375 -0.000296 -0.031319 -0.023118 -0.001503 -0.016859 -0.001241 -0.000056 -0.000575
-0.129137 -0.013961 0.049246 -0.020393 0.158481 0.312776 -0.011462 -0.005590 -0.021865 -0.020154 -0.311354 0.089179 -0.134624 -0.546908 -0.239797 -0.133092 -0.132157 -0.001554 0.000240 -0.267088 -1.316589 -0.056647 -0.209413 -0.028748 -0.065608 -0.013097 -0.017174 -0.008102 -0.007640 -0.024083 -0.008576 -0.201914 -0.153211 -0.005950 -0.039507 -0.003444 -0.001760 0.770671 0.560763 0.520336 0.011591 0.015583 0.009258 0.219609 0.078159 0.074858 -0.000165 -0.000248 0.000867 0.000219 -0.000283 -0.014571 -0.044459 -0.012063 -0.045002 -0.009416 -0.002222 -0.090869
-0.065855 -0.031889 0.110424 -0.024193 0.101076 0.129139 -0.062580 -0.202682 -0.018972 -0.127166 0.242645 0.125363 -0.010513 -0.243510 -0.250554 -0.175005 -0.187521 -0.001001 -0.000451 -0.258712 -0.268629 -0.023635 -0.001958 -0.018117 -0.023580 -0.054883 -0.010624 -0.004361 0.013551 -0.003074 -0.022743 -0.014956 0.004917 0.004496 -0.069906 -0.013864 0.027342 0.696581 0.013701 0.010892 0.001507 0.000907 0.000645 0.066655 0.132995 0.121952 0.021958 -0.000530 -0.000455 -0.000219 -0.006694 -0.000833 -0.043858 -0.034240 -0.066865 -0.018021 -0.005975 -0.000776
0.062858 0.202792 0.153803 -0.077317 0.001970 0.093402 0.001605 -0.006654 0.077453 -0.054983 0.083426 -0.082542 -0.000456 -0.245535 -0.241198 -0.192135 -0.183146 -0.054642 -0.041800 -0.759644 -0.152573 -0.095698 -0.010247 -0.017261 -0.023886 -0.075028 -0.001983 -0.001238 0.000105 0.002745 0.019512 0.140826 0.122263 0.022677 0.112803 0.036875 0.249388 0.652424 0.001067 0.001291 0.001661 0.000282 0.001077 0.063086 0.127361 0.112667 0.040448 -0.000381 -0.000605 -0.000375 -0.015594 -0.008800 -0.032417 -0.175567 0.002587 0.440884 0.314607 0.118232
0.231501 0.387603 0.284103 -0.053282 0.124882 0.069089 0.002443 0.006915 0.064337 0.016708 0.019559 -0.085615 -0.137306 -0.180646 -0.176647 -0.141837 -0.116406 -0.039216 -0.142540 -1.112450 -0.275490 -0.049057 -0.007331 -0.012918 -0.025211 -0.079122 0.002157 0.000396 0.002167 0.013665 0.011626 0.083590 0.013138 0.008203 0.090555 0.147738 0.124224 0.138212 0.001996 0.001796 -0.001051 -0.000711 0.000913 0.000592 0.094908 0.148402 0.063806 -0.000493 -0.001038 -0.007508 -0.020734 -0.030238 -0.137961 1.436318 0.757927 0.637679 0.563869 1.078506
0.418700 0.550921 0.318559 0.037350 0.016419 0.001358 -0.000588 0.000000 0.155752 0.124488 0.158048 0.055761 -0.186974 -0.371635 -0.582991 -0.721056 -0.108437 -0.091816 -0.030085 -0.758979 -0.288501 -0.053886 -0.010505 -0.038219 -0.019362 -0.093232 0.010961 0.002596 0.018847 0.020033 0.008254 0.023065 0.033517 0.021246 0.109595 0.032124 0.010717 0.058764 0.003395 0.001625 -0.001356 -0.004571 -0.002438 -0.000700 0.095853 0.111127 0.147832 -0.098017 -0.106523 -0.101818 -0.056718 -0.166320 0.496052 2.361513 0.952412 0.192970 0.080814 0.166550
0.371890 0.634193 0.589346 0.167169 0.000000 -0.000932 -0.001891 0.039912 0.186715 0.206881 0.136085 0.091626 -0.079729 -0.268188 -0.581082 -0.667636 -0.825042 -0.639518 0.106175 -0.687920 -0.418224 -0.058773 -0.034438 -0.031928 -0.053886 -0.018854 0.083765 0.028910 0.016816 0.011151 0.005162 0.027986 0.054683 0.057455 0.063793 0.000484 0.000142 0.001502 0.004029 0.000212 -0.001664 -0.004144 -0.043185 -0.110655 0.518009 0.248706 0.123212 0.113481 0.003898 -0.018352 -0.000294 -0.753723 0.370774 1.770231 0.429934 0.075390 0.039461 0.150861
0.333148 0.667574 0.759607 0.283173 -0.020469 -0.001670 -0.035827 0.247769 0.390627 0.371054 0.152032 0.003959 0.008608 0.000541 -0.571734 -0.548347 -0.393825 -0.199028 -0.051798 -0.718347 -0.613679 -0.279548 -0.027411 -0.020685 -0.025016 -0.002773 0.011074 0.013625 0.006574 0.000555 0.000396 0.006661 0.105317 0.014672 0.019468 0.000575 -0.000084 0.001095 -0.001254 -0.001316 -0.000076 -0.001156 -0.001423 0.200015 1.106743 0.407660 0.312620 0.342550 0.124254 0.081965 0.082658 0.071042 0.038727 0.140864 0.082749 0.084443 0.132333 0.157548
0.269700 0.660693 0.704060 0.612200 0.131206 0.001476 -0.049937 0.274289 0.367942 0.366435 0.000000 0.000000 0.000073 0.001470 -0.671973 -0.532036 0.240211 0.181565 -0.041050 -1.111873 -1.333275 -0.669158 -0.064252 -0.015144 0.000307 0.000161 0.000002 0.000159 -0.000013 -0.000401 -0.000330 0.229278 0.024334 0.007424 0.008433 0.000882 -0.002816 -0.002131 -0.003128 -0.033537 -0.026879 0.003540 0.195203 0.303577 1.177853 0.424946 0.184153 0.146975 0.025871 0.019046 0.037159 0.019771 0.020795 0.030057 0.008654 0.147140 0.258314 0.127463
0.008237 0.052565 0.053962 0.455029 0.037193 0.004245 -0.027806 0.264498 0.261690 0.364960 0.365422 -0.003663 -0.000192 0.009258 -0.513934 -0.299578 0.541918 0.443610 0.247714 -1.259613 -1.538430 -0.951913 0.000314 0.000909 0.000426 -0.000343 -0.009354 -0.000464 -0.008407 -0.011571 -0.009050 0.004252 0.000103 0.000222 0.000103 0.000236 -0.000902 -0.010696 -0.008402 -0.117544 -0.324665 0.112472 0.354899 0.577231 1.298898 0.043431 0.005984 0.144034 0.085674 0.007872 0.001228 0.005582 0.001010 0.009247 0.000898 0.109775 0.873594 0.217964
0.000109 0.013282 0.023365 0.076986 0.025181 0.002589 0.101134 0.484614 0.270846 0.327008 0.315455 -0.025069 -0.019935 0.018469 -0.062181 0.159206 0.804143 0.705068 0.009622 -0.986090 -1.486559 -0.850589 -0.000241 -0.000086 -0.001215 -0.005040 -0.025674 -0.010284 -0.018641 -0.019094 -0.019135 -0.010366 -0.000103 -0.000222 -0.000103 0.000161 0.000266 -0.004830 -0.001825 0.007108 -0.196822 0.950625 0.716527 0.834209 0.014892 0.005568 0.029622 0.069324 0.088979 0.043450 0.001020 0.000000 0.002287 0.001415 0.001815 0.188958 0.955297 0.007747
-0.000901 0.062751 0.021135 0.047594 0.003497 -0.000793 0.269545 0.223845 0.127865 0.121116 0.017618 0.007401 0.034347 0.099407 0.055817 0.068840 0.062156 0.055711 0.004309 -0.926924 -1.560338 -0.830688 0.088210 -0.000889 -0.002761 -0.007917 -0.054014 -0.022829 -0.016889 -0.003933 -0.044453 -0.015864 -0.029353 -0.008396 -0.006941 -0.000719 0.000329 0.002484 0.011833 0.135789 -0.065583 0.693701 0.656398 0.052401 0.001650 0.000326 0.005982 0.036519 0.057613 0.037031 0.005957 0.011034 0.007201 0.005408 0.000719 0.104184 0.490918 0.000000
0.450378 0.121066 0.025809 0.005941 0.001787 -0.000713 0.235468 0.227940 0.002623 0.002742 0.009491 0.030928 0.022242 0.030914 0.083952 0.131872 0.125241 0.003554 -0.001237 -0.853309 -1.577020 -0.815997 0.082241 -0.004066 -0.039872 -0.069349 -0.051542 -0.017066 -0.001892 -0.001134 -0.008003 -0.162895 -0.069349 -0.120023 -0.069033 -0.001127 0.000847 0.001513 0.052979 0.079900 0.022731 0.564309 0.038677 0.032531 0.009269 -0.000208 -0.000003 0.014013 0.019924 0.012564 0.021387 0.047051 0.010550 0.001407 0.000319 0.002211 0.439994 -0.016089
0.247454 0.009212 0.003623 0.002440 0.001251 0.015030 0.183558 0.234408 0.005751 0.004059 0.002844 0.041772 0.027079 0.044347 0.026942 0.075542 0.064543 0.019350 0.006964 -1.157804 -1.666837 -1.188798 0.067781 -0.022120 -0.091204 -0.145630 -0.007925 -0.001204 -0.001664 -0.004514 -0.028328 -0.304288 -0.325605 -0.028030 0.114516 0.190275 0.001883 0.008206 0.024706 0.020558 0.009382 0.193355 0.013820 0.018161 0.041745 -0.011128 -0.023077 0.025390 0.000096 0.002348 0.015503 0.009812 0.000869 -0.000495 0.000204 0.015676 0.758788 0.174832
