use_cases/Flooding_chicago/flooding_data/output/hUy_720.asc
ncols 337
nrows 393
xllcorner 428428.000000
yllcorner 4602440.000000
cellsize 26.757400
NODATA_value -9999.000000
[rows 208 to 233 of 393, columns 232 to 289 of 337]
-0.001044 -0.002049 -0.006564 -0.002177 -0.035166 -0.022738 -0.012911 -0.004868 -0.035846 -0.018976 -0.121436 -0.024356 0.202114 0.279305 0.361943 0.294787 0.159628 0.172887 0.320680 -0.475131 -0.328123 -0.002965 -0.001229 -0.000505 0.000082 0.166496 0.050259 -0.005873 -0.025119 -0.014835 0.058290 0.258231 0.707738 0.494945 0.007527 0.027100 0.001604 -0.000166 -0.003946 -0.010094 -0.017262 -0.018853 0.104324 0.398334 -0.178483 -0.054067 0.200764 0.005649 0.007647 0.007212 -0.000194 -0.000038 0.430224 -0.070452 0.199603 -0.466378 0.126269 0.153739
-0.001179 -0.001756 -0.003462 -0.014765 -0.191436 -0.048072 -0.005957 -0.002934 -0.012369 -0.027677 0.074615 -0.394575 0.486821 0.281855 0.572380 0.272803 0.125981 0.271109 0.634216 -0.504554 -0.507359 -0.087207 -0.096156 -0.113869 -0.000432 0.319167 0.103166 0.001778 -0.022127 -0.036004 0.067399 0.326634 0.584182 0.484450 0.005883 0.022007 0.002461 0.003483 -0.015774 -0.024135 -0.058131 -0.005273 0.144138 0.481223 -0.240058 0.022149 0.137351 0.008049 0.013108 0.005847 0.000652 0.002323 0.022102 -0.078511 0.292915 0.089346 0.590598 0.012924
-0.000888 -0.001241 -0.001619 -0.117011 0.008925 -0.016120 -0.065444 -0.032242 0.138268 0.134860 0.247825 0.284597 0.553668 0.203626 0.321037 0.153098 0.000440 0.186643 0.072891 -0.219336 -0.217672 -0.085910 -0.063109 0.022962 0.057915 0.250762 0.130328 -0.010197 -0.024194 -0.001341 0.070171 0.116636 0.121886 0.467694 0.030895 0.041510 0.004226 0.004529 -0.001556 -0.001783 -0.006697 -0.002958 0.163473 0.594491 0.011981 0.014585 0.019462 0.021494 0.028480 0.008343 0.000003 0.000208 0.000977 0.000629 0.058264 0.023991 0.050140 0.000790
-0.091521 -0.090363 -0.078799 0.305885 0.230234 0.457775 -0.051740 -0.125742 0.074662 0.353650 0.312643 0.452483 0.441300 0.299072 0.400695 0.017295 -0.042563 0.192499 0.000895 0.000821 0.000396 0.000287 -0.012740 0.205159 0.008764 0.007186 0.000610 -0.038235 -0.025960 0.053110 0.077065 0.104119 0.114980 0.469747 0.036553 0.001236 0.004807 0.000965 0.000473 0.000014 0.001060 0.000676 0.052815 0.040856 0.033747 0.040059 0.041926 0.030626 0.169627 0.016401 -0.000439 -0.000326 -0.001091 -0.000453 -0.000019 0.017162 0.000545 -0.000115
0.278589 0.115191 0.115906 0.447290 0.352092 0.482728 0.035514 0.024056 0.015246 0.116940 0.082749 0.106334 0.082276 0.636401 0.498377 0.328523 -0.057349 0.080738 0.000991 -0.000700 -0.000364 -0.000276 0.009189 0.245479 0.000363 0.000007 0.000149 -0.007890 -0.003314 0.094422 0.076731 0.085298 0.104313 0.133410 0.052947 0.000308 0.000270 -0.000000 -0.000270 -0.001250 0.003081 0.001483 0.000557 0.000027 0.060885 0.257181 0.183464 0.065133 0.155227 0.149313 -0.000898 -0.000197 0.123364 -0.019040 -0.098737 0.000405 -0.000687 -0.000859
0.254072 0.228382 0.232817 0.280116 0.248385 0.354356 0.043147 0.038681 0.032461 0.024983 0.107061 0.156466 0.146313 0.093595 0.063497 0.419718 -0.007347 0.073927 0.003064 0.049043 -0.013355 -0.205701 0.116095 0.349266 -0.000206 -0.000067 -0.000166 0.034679 0.018736 0.130278 0.067031 0.058398 0.074981 0.073949 0.000120 -0.001279 -0.000473 -0.000965 -0.007880 0.004136 -0.001615 -0.001211 -0.000707 0.157496 0.085976 0.275459 0.197454 0.087356 0.144791 0.142594 0.000095 0.002229 0.190007 -0.026532 -0.100666 -0.000482 -0.001850 -0.006146
0.421661 0.228466 0.191678 0.171159 0.133035 0.249181 0.048224 0.041726 0.040982 0.053003 0.041074 0.189834 0.187913 0.018278 0.019350 0.020252 0.010037 0.102993 0.012284 0.128308 -0.016492 -0.284226 0.187874 1.163909 -0.000372 0.002008 0.001698 0.067070 -0.005874 0.186786 0.057662 0.042199 0.051857 -0.011780 -0.000696 -0.001920 -0.029519 -0.004873 -0.022320 0.274613 0.449824 -0.148387 0.125663 0.131909 0.020366 0.354095 0.237176 0.089975 0.143069 0.135008 0.000082 0.003318 0.016368 0.000905 0.000038 -0.000812 -9999.000000 -9999.000000
0.156105 0.158449 0.191170 0.058757 -0.004198 0.272052 0.077749 0.049970 0.039991 0.074494 0.081021 0.079025 0.073448 0.035845 0.001078 0.009981 0.000939 0.028660 0.031499 0.084186 0.022959 -0.253541 0.617141 0.867480 0.027470 0.006259 0.008104 0.146556 -0.053244 0.886548 0.025169 0.001147 0.133313 -0.045277 0.004827 0.020424 0.000053 -0.090400 -0.015836 1.060519 0.491015 -0.219294 0.195426 0.001698 -0.044805 0.541369 0.554240 0.058420 0.146930 0.040962 -0.000367 0.000000 0.000000 -9999.000000 -9999.000000 -9999.000000 -9999.000000 -9999.000000
0.014038 0.014908 0.071314 0.035171 0.039463 0.210030 0.182334 0.102167 0.037135 0.094897 0.098725 0.111579 0.104637 0.019031 0.000297 0.000000 0.000052 0.054868 0.076105 0.046414 0.016651 0.011812 0.182500 0.212227 0.032636 0.003761 0.005287 0.018302 -0.055319 0.465010 0.001204 0.002340 0.008807 -0.023845 0.009075 0.036572 0.048791 -0.015098 0.273859 0.685229 0.674463 0.024725 0.037156 0.002646 -0.019393 0.804909 0.453753 0.081097 0.113358 0.001093 -0.001227 -0.001321 -9999.000000 -9999.000000 -9999.000000 -9999.000000 -9999.000000 -9999.000000
0.000326 0.002726 0.022256 0.085524 0.089841 0.071982 0.048772 0.027422 0.006632 0.106570 0.098339 0.119320 0.105097 -0.000036 -0.000713 -0.002534 -0.000692 0.087102 0.112821 0.000360 0.000360 0.000130 0.176317 0.081261 0.009345 0.001189 0.006462 0.008714 0.002840 0.048462 0.000016 0.000419 0.000791 0.000582 0.013027 0.056109 0.081395 0.003349 0.047026 0.022526 0.831055 0.325852 0.109972 0.133258 1.744246 1.395193 1.014375 0.067119 0.008019 0.001363 -9999.000000 -9999.000000 -9999.000000 -9999.000000 -9999.000000 -9999.000000 -9999.000000 -9999.000000
-0.000208 0.011336 0.009994 0.055048 0.154475 0.006594 0.008560 0.004710 0.012498 0.158789 0.089877 0.119111 0.084595 0.020928 -0.001401 -0.001843 -0.102370 0.077337 0.339926 -0.000360 -0.000360 -0.000130 0.310791 0.000000 0.000344 0.013030 0.007367 0.002802 -0.000284 -0.000020 -0.037065 -0.000582 -0.000791 -0.000419 -0.000016 0.009168 0.016846 0.006974 0.021152 0.011536 0.125712 0.283316 0.300850 0.192425 0.351469 0.361693 0.314790 0.028988 0.000208 0.000003 -9999.000000 -9999.000000 -9999.000000 -9999.000000 -9999.000000 -9999.000000 -9999.000000 -9999.000000
0.053567 0.050607 0.070846 0.028717 0.039755 0.011402 0.014754 0.010126 0.029577 0.044756 0.014028 0.179169 0.079899 0.043350 0.240191 0.031752 0.101796 -0.034085 0.537355 0.050728 0.016113 0.118537 0.253051 0.230320 0.001115 0.009267 0.001706 0.001820 0.329414 0.249639 0.060644 0.106708 -0.072423 -0.070278 -0.042972 -0.323456 -0.018029 0.000376 0.000723 0.000376 0.000180 0.434617 0.474449 0.000637 0.173210 0.183447 0.150116 0.060108 -0.000326 -9999.000000 -9999.000000 -9999.000000 -9999.000000 -9999.000000 -9999.000000 -9999.000000 -9999.000000 -9999.000000
0.117645 0.004458 0.016055 0.001161 0.000378 0.004170 0.012645 0.012718 0.011041 0.007911 0.023086 0.027604 0.159227 0.141686 0.005018 0.113257 0.108204 0.018886 0.410749 0.093758 0.023621 0.044311 0.196239 0.014746 0.001502 0.000473 0.007610 0.029046 0.587501 0.353731 0.011277 0.017707 -0.132334 -0.074253 -0.040560 -0.343239 -0.798834 -0.000376 -0.000723 -0.000376 -0.000141 0.985312 0.370407 0.001145 0.262708 0.273202 0.227092 0.052111 -9999.000000 -9999.000000 -9999.000000 -9999.000000 -9999.000000 -9999.000000 -9999.000000 -9999.000000 -9999.000000 -9999.000000
0.017730 0.001010 0.000547 -0.000051 -0.000153 0.000107 0.000434 0.008633 0.012351 0.012721 0.010056 0.007158 0.025864 0.020152 0.001894 0.009913 0.106008 0.032867 0.536592 0.149872 0.000000 0.102449 0.067777 0.005880 -0.000074 -0.000358 0.011719 0.018354 0.135982 0.179186 0.001687 0.008621 0.019439 0.017327 0.005611 0.003117 -0.826341 -0.391832 0.114856 0.050362 0.624219 0.919093 0.385372 -0.361162 0.209653 0.277866 0.277917 0.000000 -9999.000000 -9999.000000 -9999.000000 -9999.000000 -9999.000000 -9999.000000 -9999.000000 -9999.000000 -9999.000000 -9999.000000
0.008901 0.002004 0.000544 -0.009579 -0.068903 -0.001072 -0.000494 0.001029 0.005439 0.010134 0.011383 0.007812 0.000208 0.000003 0.002907 0.002154 0.012096 0.093234 0.915188 0.218425 0.152642 0.182105 0.001638 0.001270 0.043967 0.002322 0.019245 0.011274 0.026867 0.259743 0.001112 0.001167 0.000511 0.000756 0.006151 0.002832 0.048992 -0.087126 0.419909 0.126799 0.533031 0.675918 0.379440 -0.437286 0.287748 0.202384 0.006585 -9999.000000 -9999.000000 -9999.000000 -9999.000000 -9999.000000 -9999.000000 -9999.000000 -9999.000000 -9999.000000 -9999.000000 -9999.000000
0.000925 0.001103 0.000206 -0.033158 -0.340746 0.042760 -0.000627 -0.010244 -0.007213 0.000003 0.000208 -0.007135 -0.000326 -0.023833 -0.001577 0.001865 0.001183 0.115198 0.361851 0.307483 0.241329 0.014598 0.003509 0.001858 0.122374 0.007670 0.012156 0.017133 0.054758 0.088826 0.001549 0.000594 -0.000228 0.002041 0.014458 0.000618 0.112103 0.241791 0.834437 0.037760 0.031550 0.017272 0.520926 -0.358326 0.255218 0.074366 0.000000 -9999.000000 -9999.000000 -9999.000000 -9999.000000 -9999.000000 -9999.000000 -9999.000000 -9999.000000 -9999.000000 -9999.000000 -9999.000000
0.001268 0.001243 0.000145 0.030599 -0.132470 -0.039061 -0.021295 -0.011342 -0.011427 -0.034694 -0.000326 -0.003661 0.106199 -0.193237 -0.002378 -0.000415 0.001094 0.265895 0.222774 0.106808 0.080984 0.005540 0.005902 0.002180 0.048871 0.004881 0.012056 0.024370 0.017096 0.007234 0.000518 -0.000773 0.003233 0.003825 0.038606 0.045571 0.369004 0.168180 0.206836 0.115462 0.007871 0.005375 0.036088 0.286211 0.421436 -0.042125 -0.001348 -9999.000000 -9999.000000 -9999.000000 -9999.000000 -9999.000000 -9999.000000 -9999.000000 -9999.000000 -9999.000000 -9999.000000 -9999.000000
0.002269 0.001208 0.000563 0.005422 0.075025 -0.096206 -0.095129 -0.107357 -0.135276 -0.535309 0.121919 0.020321 0.081012 -0.091510 -0.071318 -0.034006 0.059295 0.290712 0.272791 0.006685 0.010111 0.010565 0.006221 0.002270 0.016177 0.003316 0.000830 0.030239 0.019034 0.006840 0.021882 -0.015598 -0.007059 -0.002199 0.096109 0.130424 0.359155 0.259278 0.020810 0.038995 0.031823 0.010993 0.017582 0.020308 0.569785 -0.109872 -0.000975 -9999.000000 -9999.000000 -9999.000000 -9999.000000 -9999.000000 -9999.000000 -9999.000000 -9999.000000 -9999.000000 -9999.000000 -9999.000000
0.010441 0.001663 0.001578 0.000337 0.367355 -0.110122 0.089269 0.338042 0.115410 -0.230898 0.419778 0.014604 0.036743 -0.075497 0.052522 0.082630 0.182179 0.287529 0.013124 0.011353 0.015417 0.011033 0.003825 -0.000143 -0.000010 0.000634 -0.000925 0.041208 0.015478 0.005362 0.096953 -0.018108 -0.015056 -0.005658 0.185207 0.184415 0.082408 0.057769 0.011093 0.017903 0.015872 0.006321 0.002666 0.002795 0.058963 0.001044 -9999.000000 -9999.000000 -9999.000000 -9999.000000 -9999.000000 -9999.000000 -9999.000000 -9999.000000 -9999.000000 -9999.000000 -9999.000000 -9999.000000
0.004308 0.000724 0.000129 0.000040 0.111468 0.004346 0.052454 0.619084 0.261052 0.375772 0.544890 0.014105 0.019921 -0.086355 0.111069 0.105794 0.172690 0.025988 0.034534 0.009399 0.018484 0.009848 -0.000212 -0.002154 -0.001795 0.000376 0.000797 0.005336 0.000447 0.000831 0.008162 -0.007600 -0.057416 -0.005815 0.194420 0.237654 0.000729 0.002587 0.000848 0.001603 0.000944 0.008934 0.003607 0.005246 0.001893 0.000679 -9999.000000 -9999.000000 -9999.000000 -9999.000000 -9999.000000 -9999.000000 -9999.000000 -9999.000000 -9999.000000 -9999.000000 -9999.000000 -9999.000000
0.000208 0.000003 -0.000061 -0.000139 0.029864 0.009835 0.015852 0.066217 0.622681 0.019646 0.022940 0.028846 0.019555 -0.049273 0.200348 0.207246 0.229087 0.008506 0.010157 0.001136 0.021313 0.007833 -0.001940 -0.013576 -0.004076 -0.001599 0.000418 -0.054597 -0.000295 -0.000308 -0.000013 -0.005024 0.000535 0.018314 0.289901 0.319184 -0.000346 -0.000369 0.000030 0.000204 0.000407 0.007342 0.003089 -0.003445 -0.001596 -0.000821 -9999.000000 -9999.000000 -9999.000000 -9999.000000 -9999.000000 -9999.000000 -9999.000000 -9999.000000 -9999.000000 -9999.000000 -9999.000000 -9999.000000
-0.000326 -0.005981 -0.000291 -0.000385 -0.000001 0.000197 0.000009 0.050896 0.255782 0.011634 0.000684 0.193408 0.044159 0.039509 0.026884 0.020855 0.018209 0.000360 0.000360 0.000201 0.009578 0.000402 -0.000892 -0.003845 -0.035838 -0.008748 -0.001616 -0.043912 -0.048982 -0.000771 -0.006598 -0.002248 -0.000966 0.017399 0.181433 0.245173 0.074021 -0.000914 -0.000826 -0.001578 -0.001081 0.000249 0.000291 -0.005351 -9999.000000 -9999.000000 -9999.000000 -9999.000000 -9999.000000 -9999.000000 -9999.000000 -9999.000000 -9999.000000 -9999.000000 -9999.000000 -9999.000000 -9999.000000 -9999.000000
-0.000117 -0.014695 -0.001014 -0.047904 -0.001277 -0.000816 0.113908 0.108657 0.063333 0.024717 -0.081722 0.162256 0.185298 0.062788 0.037675 0.026356 0.019984 -0.000360 -0.000360 -0.000182 -0.014076 -0.000027 0.000000 -0.001247 -0.032895 0.168308 0.220368 0.098273 -0.029403 0.011365 -0.015448 -0.131396 -0.134631 0.011428 0.104085 0.169693 0.077172 -0.093038 -0.005103 -0.029552 -0.009190 -0.000724 -0.000441 -9999.000000 -9999.000000 -9999.000000 -9999.000000 -9999.000000 -9999.000000 -9999.000000 -9999.000000 -9999.000000 -9999.000000 -9999.000000 -9999.000000 -9999.000000 -9999.000000 -9999.000000
0.000866 -0.001016 0.001413 -0.044498 -0.046676 0.090520 0.108777 0.092270 0.056872 0.014892 -0.353148 0.148142 0.248757 0.467210 0.071743 0.026081 0.017127 -0.001991 -0.012829 -0.001265 -0.025100 -0.021434 -0.003663 -0.000435 0.012039 0.404651 0.484654 0.341511 0.165517 0.108831 0.019356 -0.365528 -0.386891 0.035964 0.068871 0.031022 0.042166 -0.065453 -0.091569 -0.187522 -0.007237 -9999.000000 -9999.000000 -9999.000000 -9999.000000 -9999.000000 -9999.000000 -9999.000000 -9999.000000 -9999.000000 -9999.000000 -9999.000000 -9999.000000 -9999.000000 -9999.000000 -9999.000000 -9999.000000 -9999.000000
0.000000 0.000474 0.020291 0.001530 0.017703 0.179607 0.096209 0.062457 0.024223 -0.003220 -0.405181 0.175114 0.382300 0.685580 0.106819 0.065813 0.000699 -0.001358 -0.037124 -0.012254 -0.262055 -0.011873 -0.012946 0.037338 0.043367 0.288080 0.324729 0.253667 0.178815 0.059370 0.007817 0.042470 -0.266831 0.006165 0.045612 0.006804 0.069935 -0.015623 -0.021403 -9999.000000 -9999.000000 -9999.000000 -9999.000000 -9999.000000 -9999.000000 -9999.000000 -9999.000000 -9999.000000 -9999.000000 -9999.000000 -9999.000000 -9999.000000 -9999.000000 -9999.000000 -9999.000000 -9999.000000 -9999.000000 -9999.000000
0.002558 0.002799 0.029995 0.000975 0.119001 0.306317 0.109273 0.055390 0.015086 0.028143 -0.163649 0.138386 0.190633 0.431001 0.206894 0.005812 0.000271 -0.001790 -0.288265 -0.315611 0.106604 0.131793 -0.002888 0.016811 0.001949 0.191109 0.267761 0.222928 0.084261 0.029350 0.011998 0.000892 -0.080206 0.000025 0.000367 0.168243 0.141924 0.021912 -0.002148 -9999.000000 -9999.000000 -9999.000000 -9999.000000 -9999.000000 -9999.000000 -9999.000000 -9999.000000 -9999.000000 -9999.000000 -9999.000000 -9999.000000 -9999.000000 -9999.000000 -9999.000000 -9999.000000 -9999.000000 -9999.000000 -9999.000000
