use_cases/Flooding_chicago/flooding_data/output/hUy_780.asc
ncols 337
nrows 393
xllcorner 428428.000000
yllcorner 4602440.000000
cellsize 26.757400
NODATA_value -9999.000000
[rows 156 to 181 of 393, columns 174 to 231 of 337]
0.000538 0.004535 0.004404 0.011909 0.042436 0.231813 0.432532 0.464234 0.012838 0.002481 0.840706 0.144881 -0.327618 0.101479 0.011748 0.000871 0.039649 0.068229 0.020619 0.000372 0.000222 0.000103 -0.006140 0.140168 0.097118 0.019748 0.020149 0.037251 0.045266 0.010605 0.001028 0.001447 0.014818 0.005878 0.005878 0.000199 0.000063 0.039420 0.189316 0.120215 0.109556 0.008596 0.968960 1.009449 1.076843 0.055294 -0.000126 0.000051 0.001960 0.015203 0.016841 0.004840 0.007960 0.038299 0.068492 0.036685 0.042949 0.078293
-0.000970 0.005838 0.011274 0.029212 0.062972 0.202729 0.233780 0.477369 0.020220 0.012181 1.019135 0.251079 -0.481695 0.101012 0.010358 0.000530 0.007113 0.030247 0.006665 0.000296 -0.000222 -0.000103 0.004356 0.766510 -0.211250 0.004814 0.009283 0.015794 0.016200 0.001347 -0.000293 -0.000214 0.000000 0.000000 0.000000 -0.000070 -0.000064 0.067288 0.090663 0.052951 0.043458 0.690609 1.124537 1.060493 2.653548 2.174802 0.769116 0.000552 0.001073 0.003329 0.004978 0.019428 0.042211 0.023610 0.017920 0.008656 0.035062 0.160689
1.290909 0.002718 0.024811 0.056359 1.272392 0.162949 0.210249 0.708232 0.075569 0.010163 1.597503 0.865704 0.546447 0.120768 0.052267 0.018247 0.015284 0.004823 0.000236 -0.001021 -0.001488 -0.000807 0.090194 0.579742 -0.256978 0.000000 0.000000 0.000000 0.000067 -0.000082 -0.018995 -0.017889 -0.000912 -0.007126 -0.007164 -0.006508 0.012635 0.347469 0.116903 0.094757 0.083304 0.383575 0.119317 0.081688 0.043129 2.796234 1.471412 0.002614 0.002125 0.014818 0.021716 0.023318 0.031190 0.002722 0.000112 0.000190 0.014516 0.059738
0.533334 0.015782 0.094971 0.089784 0.092389 0.179589 0.229972 0.280219 0.038630 0.010865 0.029435 0.415865 0.250319 0.098773 0.096226 0.102280 0.027128 0.031434 -0.000554 -0.001791 -0.001276 -0.000555 0.077311 0.377554 0.156454 -0.004123 -0.009243 -0.005350 -0.000464 -0.000305 -0.014467 -0.025448 -0.001630 -0.018886 -0.014489 -0.016955 0.049611 0.310617 0.215880 0.131356 0.061302 0.170848 0.054469 0.016488 0.030417 2.408692 0.516129 0.024095 0.012705 0.008546 0.011871 0.013661 0.017314 0.001374 -0.015334 -0.001852 0.000874 0.003139
0.638059 0.039678 0.059259 0.068655 0.040064 0.298743 0.245458 0.112156 0.040072 0.008786 0.026281 0.188551 0.315493 0.102055 0.095597 0.096846 0.018578 0.020210 0.149771 0.012009 -0.038176 -0.004013 0.056974 0.279446 0.642735 -0.016085 -0.022402 -0.017251 -0.006827 -0.009953 -0.021188 -0.084877 -0.042761 -0.037632 -0.021670 -0.026278 0.152069 0.342460 0.184374 0.552653 0.079484 0.016049 0.003078 0.032649 0.122352 3.077686 0.112507 0.015310 0.005266 0.000172 0.000396 0.000555 0.008192 0.000291 -0.043452 -0.025761 -0.003598 -0.001165
0.636270 0.042521 0.048434 0.035973 0.069887 0.251661 0.161624 0.162750 0.034163 0.004268 0.017790 0.061427 0.367912 0.116349 0.094218 0.072191 0.015528 0.020116 0.032588 0.025912 0.285866 0.171325 -0.187294 0.420191 1.002766 -0.304367 -0.039258 -0.031396 -0.018024 -0.026817 -0.011961 -0.131949 -0.075266 -0.040989 -0.034381 -0.197567 1.272929 0.457010 0.219310 0.266248 0.153692 0.013476 -0.000182 0.131173 0.440937 2.242063 0.057317 0.007330 -0.000002 -0.000132 -0.000330 -0.000401 -0.000013 -0.000105 -0.034373 -0.123534 -0.018521 -0.003077
0.611513 0.040985 0.040198 0.029671 0.093362 0.104661 0.191070 0.179117 0.041216 0.000726 0.006453 0.053635 0.113164 0.115249 0.048334 0.023394 0.010550 0.013536 0.017807 0.034450 0.028061 0.029401 -0.712258 0.573825 1.030243 -0.173676 -0.300196 -0.551457 -0.032877 -0.057877 -0.027352 -0.117914 -0.090476 -0.048172 -0.092865 0.207684 0.542463 0.037645 0.041811 0.033657 0.005908 -0.000407 0.022829 0.384101 0.693162 1.429431 0.009784 -0.000307 -0.008844 -0.023905 -0.007649 -0.010911 -0.007095 -0.005456 -0.040290 -0.605271 -0.036500 -0.001303
0.790936 0.010119 0.037760 0.007246 0.098439 0.073954 0.174434 0.149543 0.049877 0.001264 0.000046 0.000001 0.341332 0.347443 0.000005 0.000160 0.000004 0.000347 0.014135 0.008327 0.009652 0.009089 -0.090906 0.768618 1.220922 -0.121815 -0.226254 -0.232811 -0.410194 -0.425674 -0.016727 -0.053065 -0.036782 -0.013421 0.103252 0.263405 0.541267 0.014238 0.026820 0.009723 0.000668 0.000113 0.118174 0.819969 1.173095 0.315793 0.012423 -0.000715 -0.036340 -0.067037 -0.018348 -0.024269 -0.015830 -0.018718 0.014103 -0.100565 -0.439602 -0.142921
0.502431 0.004500 0.022562 0.006153 0.082853 0.093889 0.077417 0.116095 0.047247 0.002570 0.000575 0.004290 0.363012 0.361234 0.058568 -0.000496 -0.105564 -0.000369 0.000000 0.000374 0.000382 0.000155 0.030498 0.948835 1.516886 -0.156022 -0.205992 0.017024 -0.204125 -0.141860 -0.011240 -0.024229 -0.008558 0.003934 0.300366 0.140278 0.090489 0.000256 0.007213 0.000326 0.000114 -0.000053 0.328429 1.278173 0.589057 0.074168 0.043301 0.008384 -0.121222 -0.160279 -0.349684 -0.021420 -0.017746 -0.063631 1.945418 0.173475 -0.492928 -0.519986
0.653973 0.038064 0.007134 0.020878 0.048602 0.063850 0.064244 0.077478 0.008754 0.003490 0.001914 0.009881 0.105804 0.293321 0.217274 0.148419 -0.079957 0.070139 -0.006504 -0.000060 0.000522 -0.000079 0.129102 0.554493 1.456899 0.004320 -0.023899 0.298281 -0.137457 0.007735 0.003592 -0.003535 0.048830 0.040100 0.033748 0.277115 0.051942 0.000023 -0.000003 -0.000208 -0.000181 0.324800 0.685051 0.678055 0.396390 0.198437 0.007344 0.032594 0.046228 0.050701 -0.669525 -0.137280 -0.084914 0.010317 2.292227 0.213258 -0.764572 -0.583551
0.324631 0.019788 0.025215 0.061444 0.016732 0.015885 0.144626 0.025170 0.024197 0.006319 0.002153 0.007427 0.032992 0.218374 0.434459 0.326356 -0.079095 0.144142 -0.002262 -0.000283 0.001408 -0.000535 0.184354 0.716844 0.494548 0.003386 0.028060 0.573394 0.019078 0.016148 0.002025 0.002688 0.007297 0.013220 0.021696 0.111669 0.168889 -0.000535 -0.007107 -0.006560 -0.006644 0.456319 1.227255 0.761940 0.027490 0.022394 0.006196 0.041906 0.014933 0.243793 -0.117890 -0.050868 -0.004639 0.070869 2.541328 1.029600 0.507096 -0.392103
0.002012 0.002421 0.016458 0.035795 0.013253 0.018731 0.078391 0.086200 0.066759 0.011987 0.003358 0.046470 0.239385 0.325222 0.015413 0.014686 0.024037 0.340692 0.017610 -0.000386 0.006627 -0.000230 0.269796 0.828993 0.416937 0.018308 0.043091 0.121252 0.091541 0.100553 0.021893 0.018642 0.001028 0.006516 0.010711 0.000268 0.194238 0.075551 -0.013108 -0.009480 -0.017140 0.656558 1.241922 0.721677 0.001839 0.000000 0.017485 0.024367 0.011324 0.011133 0.039711 -0.007797 0.046250 0.193388 0.865458 0.010652 0.013836 0.037319
0.007160 0.020203 0.020818 0.032760 0.009692 0.016882 0.102635 0.049938 0.022403 0.038177 0.021118 0.078515 0.079108 0.024605 0.008879 0.007729 0.012040 0.023827 0.013581 0.006149 0.037614 0.148623 0.520747 1.150897 0.606757 0.021053 0.012539 0.129064 0.028094 0.053750 0.041434 0.006780 0.000176 0.000000 0.000000 -0.000116 0.175540 0.253768 0.415736 0.128221 0.108798 0.380948 0.431944 0.310862 0.004902 0.006073 0.020757 0.001200 0.000980 0.000522 0.008992 0.081186 0.145707 0.158794 0.369449 0.000683 0.005905 0.024084
0.014624 0.011594 0.017907 0.026556 0.007652 0.015536 0.097113 0.010667 0.008727 0.016963 0.008740 0.027622 0.024392 0.013006 0.001269 0.000581 0.000369 0.000369 0.012613 0.000664 0.006518 0.077493 0.155599 1.152071 0.084257 0.015864 0.010461 0.094778 0.019047 0.026110 0.030899 0.002560 -0.001027 -0.007312 0.024522 0.255998 0.901900 0.319377 0.470519 0.006049 0.007846 0.856861 0.502552 0.292793 0.004226 0.008493 0.018605 0.001948 0.000935 0.000138 0.000447 0.021589 0.022806 0.009321 0.533303 -0.000047 0.000435 0.015402
0.036427 0.000560 0.006400 0.010089 0.000791 0.008770 0.040187 0.000289 0.000000 0.000000 0.000144 0.000145 0.000010 0.000000 -0.000189 -0.000271 -0.000030 -0.000006 -0.000001 -0.000031 -0.000001 0.075388 0.166370 0.722744 0.104837 0.001378 0.007845 0.056163 0.016903 0.014873 0.014238 0.001014 0.011399 -0.227023 0.059711 0.194601 0.431225 0.395190 0.031246 0.003977 0.000138 0.546241 0.959954 0.218232 0.006767 0.002846 0.004367 0.001065 -0.000126 -0.000477 0.000176 0.000030 0.000416 0.017104 0.467089 0.181052 -0.000025 0.000003
0.010524 0.000294 0.000100 0.000015 0.000365 0.000514 0.002417 0.000426 -0.024035 -0.008488 -0.000455 -0.000138 -0.005514 -0.014544 -0.042810 -0.006047 -0.000575 -0.000373 -0.018059 -0.019078 -0.009281 0.149412 0.233305 0.282239 0.110186 0.000677 0.001364 0.011613 0.011892 0.008449 0.000607 0.002911 0.043080 0.222423 0.195028 0.127313 0.061279 0.029357 0.022353 0.014061 0.022840 0.310055 0.772961 0.249253 0.021912 0.006508 0.006978 -0.001100 -0.000924 -0.018665 -0.101714 -0.001507 -0.000515 0.039146 0.379518 0.213586 -0.042338 -0.005981
0.040156 0.001030 -0.000202 -0.008620 -0.000832 -0.000372 -0.000644 -0.000695 -0.042915 -0.017376 -0.019042 -0.018343 -0.030729 -0.130771 -0.047759 -0.008978 -0.001781 -0.007096 -0.053693 -0.060863 0.176030 0.291317 0.522667 0.986747 0.094065 0.000254 0.000293 0.000059 0.000000 0.000000 0.000130 0.023416 0.184935 0.303947 0.024664 0.018279 0.011705 0.000822 0.000715 0.035274 0.067958 0.487366 0.740585 0.317615 0.082092 0.023760 0.021940 -0.028560 -0.015102 -0.465743 0.036215 0.234536 -0.000789 0.095359 0.504877 0.394054 0.100852 -0.025331
0.101352 0.013289 -0.011509 -0.023651 -0.007252 -0.000594 -0.000839 -0.005702 -0.046294 -0.040064 -0.044587 -0.035601 -1.433565 -0.038047 -0.109710 -0.013084 -0.002004 -0.067090 -0.019764 -0.017283 0.278090 0.275305 0.499147 0.424584 0.058003 0.000746 0.000161 -0.000563 -0.015434 -0.008144 -0.000330 0.031735 0.063260 0.023880 0.019646 0.002332 0.000086 -0.000048 0.001083 0.141029 0.216832 0.710549 0.690201 0.603395 0.101873 0.034981 0.017302 -0.075957 -0.086025 -0.091204 0.246341 0.336519 0.091039 0.156663 0.211864 0.135254 0.059118 -0.001104
0.065053 0.006789 -0.157398 -0.025033 -0.017111 -0.005812 -0.017237 -0.016188 -0.046120 -0.026223 -0.260671 -0.182366 -0.538082 0.029429 -0.016375 -0.123894 -0.117334 -0.034746 -0.088247 0.001083 0.372135 0.600614 0.466590 0.010562 0.000630 0.000250 -0.000357 -0.017525 -0.023203 -0.074990 -0.000514 0.003540 0.026004 0.017078 0.014908 0.009977 0.018447 0.007926 0.000836 0.390135 0.278322 0.210396 0.151428 0.055111 0.124448 0.035761 0.012816 0.103935 0.730489 0.738047 0.783207 0.649611 0.324062 0.011540 0.009501 0.010918 0.000849 0.004263
0.017284 0.001968 -0.086767 -0.005459 -0.026339 -0.016095 -0.035605 -0.028861 -0.038597 -0.054013 -0.025259 0.334633 0.649085 0.011815 -0.022244 -0.062618 -0.538105 -0.285897 0.202276 0.379332 0.420124 0.006610 0.009533 0.000817 -0.000477 -0.000851 -0.012326 -0.079704 -0.094619 -0.030800 0.000533 0.013476 0.019972 0.016628 0.005486 0.006024 0.006719 0.042570 0.550308 0.736639 0.059879 0.039357 0.045063 0.018810 0.076193 0.035338 0.048726 0.060478 0.102692 0.017499 0.019933 0.022886 0.018454 0.001738 0.001264 0.000493 -0.000071 0.025006
0.000235 -0.000108 -0.050104 -0.056569 -0.050083 -0.042427 -0.067362 -1.918536 -0.613364 0.306060 0.007565 0.003929 0.009935 0.024286 0.001536 -0.015809 -0.110944 0.137448 0.322814 0.478358 0.389108 0.000000 0.000000 -0.000181 -0.006397 -0.049352 -0.779829 0.272894 0.084017 -0.240953 0.025466 0.014833 0.012784 0.006075 0.000000 0.000090 0.003794 0.054478 0.361697 0.133663 0.081047 0.016013 0.003521 0.054577 0.039724 0.058387 0.016445 0.033949 0.033472 0.007671 0.000662 0.000192 0.000098 -0.000194 -0.000501 -0.000334 -0.008673 0.067200
-0.000069 -0.009311 -0.005597 -0.048463 -0.076116 -0.131479 -0.823430 -0.544514 0.317000 0.570921 0.000000 0.000000 0.000000 0.000000 0.029388 0.038458 0.145974 0.084174 0.053201 0.036128 0.030309 -0.005878 -0.005878 -0.067785 -0.896870 0.390728 -0.044742 0.379286 0.221770 -0.062835 0.018565 0.004239 0.007565 -0.000170 -0.005912 -0.000274 -0.000006 0.000145 0.411253 0.001142 0.010777 0.009639 0.015468 0.105561 0.069018 0.000568 0.015915 0.006387 0.000592 0.000164 -0.000036 -0.000094 -0.000069 -0.018825 -0.021494 -0.010825 -0.077775 0.070527
0.029827 -0.034772 0.033385 0.040297 -0.061838 -0.348492 -0.943595 -0.332289 0.473269 1.048690 0.007366 -0.009313 -0.013085 -0.006823 0.102844 0.123405 0.028719 0.014508 0.010038 0.000869 0.000303 -0.008995 -0.068205 -0.083236 -0.413622 0.753702 0.198243 0.147416 0.067949 0.033297 0.008553 0.000091 -0.000330 -0.010632 -0.013850 -0.008869 -0.008589 -0.000302 0.495107 -0.000045 0.000608 0.001497 0.008820 0.016122 0.136389 0.000852 0.000360 0.000360 -0.000058 -0.000101 -0.008177 -0.007254 -0.007955 -0.028134 0.029258 0.057037 0.026091 0.197500
0.008418 0.003565 0.047795 0.015015 0.021842 -0.014791 -0.615474 -0.239962 0.382764 1.095683 -0.024359 -0.996028 -0.870231 0.436511 0.012267 0.013430 0.020190 0.006981 0.000577 -0.000061 -0.000015 -0.000563 0.165492 -0.100982 -0.138710 0.921273 0.242143 -0.058037 -0.003442 0.003231 0.000657 -0.000145 -0.000483 -0.022395 -0.010919 -0.014893 -0.018398 0.144609 0.643370 -0.151589 -0.000189 0.000446 0.000222 0.008416 0.036908 0.000322 -0.000360 -0.000360 -0.007280 -0.006327 -0.027484 -0.018835 -0.023982 0.004097 0.159693 0.158025 0.052570 0.348446
0.000671 0.028120 0.034140 0.003875 0.012915 0.020778 -0.279195 -0.158968 0.418915 0.969148 0.001711 -0.730810 -0.248751 0.511160 0.000131 0.000330 0.000401 0.000013 -0.000072 -0.012199 -0.001488 -0.000813 0.254802 -0.093468 0.181298 1.295460 0.365556 -0.220704 0.000759 0.029163 0.001452 -0.001868 -0.004128 -0.019082 -0.022912 -0.053132 -0.006521 0.131460 0.339578 -0.009796 0.000093 -0.000439 -0.000222 0.000067 0.000128 -0.000424 -0.014314 -0.009512 -0.021977 -0.013742 -0.004378 -0.001070 0.002825 0.015064 0.145454 0.311190 1.561371 0.736747
0.001379 0.018213 0.003863 0.000839 0.000889 0.001989 0.002723 0.139693 0.532567 1.109422 0.036813 -0.503147 0.092695 0.835759 -0.000136 -0.000396 -0.000555 -0.010371 -0.006348 -0.031473 -0.026440 0.585409 0.413810 -0.007643 0.783325 1.667573 0.749388 0.095845 0.019259 0.038219 0.000831 -0.002622 -0.003894 -0.004978 -0.003351 -0.006778 0.023435 -0.003264 0.147481 0.197486 0.003780 -0.008432 -0.006633 -0.000539 -0.000303 -0.002920 -0.051197 -0.023520 -0.029625 -0.002144 0.009224 -0.000320 -0.000036 -0.000002 0.310894 0.256361 0.648452 0.269699
