use_cases/Flooding_chicago/flooding_data/output/hUy_1860.asc
ncols 337
nrows 393
xllcorner 428428.000000
yllcorner 4602440.000000
cellsize 26.757400
NODATA_value -9999.000000
[rows 182 to 207 of 393, columns 232 to 289 of 337]
0.014669 1.545266 -0.305411 0.728077 -0.900279 -2.073950 -3.347891 -0.047072 -0.010367 -0.005154 -0.001578 -0.000275 -0.000247 -0.000331 -0.000006 -0.028363 0.588891 0.434263 -0.100049 -0.132780 0.469646 0.303993 0.103387 0.114402 -0.086846 -0.000340 -0.000749 1.044156 0.677008 0.724406 0.876370 0.990433 0.726993 0.309836 0.216072 0.126612 -0.027389 -0.103368 -0.186890 0.742251 2.379821 3.570713 3.468660 3.032972 2.487372 2.292081 1.321192 1.827131 1.119685 0.181975 0.310613 0.053071 0.057190 0.000984 -0.105070 0.141977 -9999.000000 -9999.000000
0.007052 0.028615 0.066270 0.071412 0.052809 -1.117735 -5.047548 -1.325502 -0.109391 -0.054747 -0.035812 -0.007908 -0.000554 -0.006855 -0.007641 0.787620 1.197867 0.454948 -0.100581 -0.187434 0.316900 0.124882 -0.025809 -0.018020 -0.093670 -0.067911 1.029945 1.186960 0.729045 0.597607 0.775862 0.847501 0.401982 0.084192 0.014282 -0.001843 -0.001757 0.001568 -0.248558 0.898943 2.177108 3.136008 3.502518 4.089252 2.841131 2.715719 1.484239 1.213678 0.538347 -0.042365 0.197291 0.052084 0.281361 -0.086238 -0.328492 0.191816 -9999.000000 -9999.000000
0.001149 0.024882 0.017788 0.047339 0.016830 0.059989 -2.616337 -2.494099 -1.763847 -0.680823 -0.593404 -0.704757 -0.013719 -0.029282 -0.369669 1.546760 1.297553 0.337083 -0.004874 -0.130309 -0.001518 0.045305 -0.054542 -0.068824 -0.021961 0.568187 1.317261 1.267874 0.707823 0.455786 0.955398 0.744497 -0.019100 -0.205292 -0.287419 -0.530084 -0.001854 0.001690 0.002056 1.192805 2.257887 3.187669 4.118328 4.209459 3.130138 3.259162 0.092431 0.045637 0.554868 0.348116 0.015525 0.015624 0.603854 -0.028739 -0.206520 0.327210 0.010347 -9999.000000
0.000826 0.005483 0.008680 0.019567 0.004386 0.016104 -0.023082 -1.988826 -1.482023 -0.929537 -0.496606 -0.890745 -0.320020 -0.317070 0.349500 1.278257 1.076309 0.198708 -0.154926 -0.071099 -0.056940 -0.054978 -0.043525 0.039881 1.888608 2.541679 1.777715 2.046939 0.429152 0.215672 0.347240 0.281697 -0.128828 -1.164372 -0.999789 -1.053992 -0.170556 0.001889 0.004227 1.631476 2.827029 3.634872 4.711671 4.849261 3.490477 1.863535 0.000753 0.006122 0.034611 0.037261 0.007177 0.007177 0.064049 0.039637 0.051865 0.032213 0.005306 -9999.000000
0.000003 0.000222 0.000103 0.000473 0.003048 0.001666 0.000359 -0.380533 -0.426886 -0.523165 -0.231437 -0.551772 -0.285863 -0.277691 0.967455 1.040368 0.690145 -0.342771 -1.106337 -0.144318 -0.102471 -0.048158 0.002026 0.653094 4.215702 3.708630 0.686488 1.349747 0.026749 0.140409 0.015561 0.010540 -0.144596 -1.135558 -0.730296 -0.720371 0.019255 0.405902 0.800095 1.590627 1.902569 2.859365 4.849411 3.767890 2.215197 1.678999 0.066381 0.000000 0.001259 0.001943 0.000000 0.000000 0.033335 0.000610 0.008881 0.001251 0.001213 0.000734
-0.004867 -0.000222 -0.000103 0.000877 0.004668 -0.000074 -0.000224 -0.043403 -0.162305 0.147631 0.165841 0.291861 0.094330 0.145106 0.772681 0.970966 0.236417 -0.754967 -1.574740 -0.929306 -0.132908 -0.070301 0.619370 2.220098 3.805120 0.986774 0.014470 0.030645 0.018854 0.071713 0.026828 0.011663 0.042431 -0.891388 -0.374098 -0.222075 0.593795 1.052290 1.557856 1.278851 1.527275 2.556540 4.387099 3.358674 2.701248 1.296245 0.261828 0.221091 -0.037282 0.036618 -0.011818 -0.018266 0.000004 -0.000083 0.000000 -0.000872 -0.000032 0.000800
0.367279 -0.008865 -0.002534 0.001492 0.030175 0.028709 0.004571 0.248575 -0.085395 0.325576 0.343619 0.183332 0.509810 0.737798 1.014292 1.007388 0.482974 -0.692668 -1.686446 -1.686578 -0.829958 0.847494 1.687947 2.815171 1.507351 0.000009 0.000326 0.007209 0.006313 0.008378 0.018703 0.000000 0.000000 -0.347822 0.357050 0.436258 1.193248 1.255417 1.217543 1.109203 1.240560 2.617094 4.291217 4.255883 2.376508 1.140408 0.152501 0.192899 0.013021 0.189244 -0.023045 -0.048811 0.135239 -0.009021 -0.003663 -0.038826 -0.001221 0.000977
0.249851 0.000939 0.000995 0.003185 0.015639 0.024110 0.043702 0.174209 -0.069658 1.468016 1.211200 0.279172 0.626725 0.781873 0.411727 0.391440 1.194207 -0.237384 -1.442275 -1.249269 -0.319892 0.850432 1.249412 1.288159 1.032875 0.003273 -0.000208 -0.000003 0.000149 0.000160 0.000004 -0.044355 -0.066947 0.229325 0.946884 1.597415 1.638608 1.086426 1.400691 1.272820 1.256023 1.710201 3.686563 2.970636 2.388383 0.514480 0.003830 0.103617 0.008869 0.236686 0.148585 0.186222 0.165128 -0.522936 -0.014800 -0.048031 0.000076 0.001370
0.012972 0.011287 0.003152 0.004088 0.001546 0.013956 0.016413 -0.025595 0.303420 1.770128 0.902848 0.077913 0.343059 0.633403 0.860731 0.701216 0.438291 0.425421 -0.992612 -1.133237 0.374410 0.694727 0.617961 0.823356 0.584275 -0.007380 -0.007017 -0.009384 -0.000696 -0.000045 0.011786 0.593269 0.410706 1.046334 1.558833 0.973961 0.991373 1.173362 1.661093 0.713067 0.633306 1.560922 1.945262 2.793398 2.750469 0.501797 0.002658 0.002254 0.031731 0.428809 0.287153 0.196257 0.078072 -0.389335 -0.055796 0.021454 0.001143 0.001638
0.000434 0.000104 0.000222 0.000103 0.000108 0.000377 0.000198 0.144985 1.124071 2.092604 1.342534 -0.251072 0.035868 0.573665 1.436548 0.678624 1.202851 0.491888 -0.697928 -0.825265 0.130653 0.294610 0.253345 0.442023 0.163571 -0.026621 -0.113689 -0.117274 -0.000714 -0.000329 0.053588 0.896581 0.569718 1.262247 1.487577 1.093644 1.120686 1.212738 1.845696 0.665551 0.612010 1.539435 1.734473 2.455695 2.223972 0.737004 0.000288 -0.001199 0.057346 0.381311 0.495000 0.164265 -0.067491 -0.261605 0.002423 0.000432 -0.000038 -0.000631
0.001201 -0.000135 -0.000222 -0.000103 -0.000559 -0.000648 -0.000232 0.638410 1.558004 1.790760 0.951574 -0.412953 -0.280446 0.751971 1.560895 0.575815 0.834183 0.010954 0.301935 0.050681 0.237813 0.249298 -0.038982 0.079597 -0.034434 -0.039433 -0.051135 -0.047903 -0.049219 -0.023895 0.922542 1.206569 0.831143 1.643878 1.151387 1.112986 0.935542 1.036914 1.476427 0.700907 0.661026 1.685054 1.597904 2.215337 1.891690 0.576523 -0.045323 -0.109943 0.306157 0.404172 0.453196 0.094393 -0.241321 -0.267196 0.032708 -0.002513 -0.028891 -0.002028
-0.001072 -0.039045 -0.006528 -0.018894 -0.003294 0.481886 0.548833 1.099301 2.059344 0.780242 1.046252 0.375850 0.230718 0.661775 1.620747 0.052866 0.013492 0.004488 0.007736 0.004121 0.000326 0.006711 -0.019255 0.120912 0.119751 -0.026296 0.000000 -0.026194 -0.156941 0.427318 1.675704 1.804096 0.948322 0.995376 1.417667 0.943526 1.195520 1.179113 1.410567 1.443946 1.363208 1.644609 2.380203 1.879066 1.739455 0.225898 0.046654 -0.073481 0.259477 0.511038 0.332670 0.039336 -0.407197 -0.445033 -0.041923 0.002424 -0.506595 -0.402630
0.603789 0.248242 0.442080 0.534494 0.474455 0.514905 0.841480 1.015923 1.235762 0.737109 1.350246 0.087050 0.116842 0.061094 0.055033 0.027217 0.000360 0.000360 0.000130 -0.000843 -0.000208 -0.000003 0.005028 0.001339 0.000066 0.022433 -0.048967 0.008657 0.850645 1.033616 2.358974 2.026218 1.295754 0.856999 0.976259 1.275784 1.478750 1.324226 1.678674 1.971221 1.423653 1.574693 2.981099 1.850797 1.425917 0.115348 0.073808 -0.241765 0.109880 0.461671 0.493270 0.133726 -0.306926 -0.351663 0.104853 0.154528 -0.623591 -0.288104
1.242735 1.141695 0.927999 1.018187 0.815729 0.555358 0.562343 0.549299 0.298986 0.762683 0.451242 0.112487 0.088049 0.010716 0.018476 0.020456 -0.000360 -0.000360 -0.000130 -0.003661 -0.033930 -0.039077 0.003198 -0.000214 -0.023420 0.474723 0.317643 1.058108 1.623274 1.342530 2.911103 1.500423 0.630036 0.777725 0.960740 0.974156 0.778470 1.417053 2.282147 2.090123 1.719926 1.865641 2.721726 0.575548 0.217415 0.312766 0.155758 -0.428134 -0.019961 0.009122 0.003984 0.352068 0.079467 0.030035 0.341059 0.404210 0.338354 0.250108
2.347066 1.557833 0.963133 1.083166 0.515685 0.005625 0.010971 0.010157 0.012372 0.171849 0.188618 0.281637 0.022359 0.000000 0.000000 0.000270 -0.001198 -0.014131 -0.001999 0.030178 -0.249469 0.602155 0.185770 0.852315 1.072099 2.092669 1.670596 1.396924 1.379860 1.148641 1.585573 0.139121 0.065534 0.926344 1.029524 0.940207 0.767703 2.424357 2.562599 1.695514 1.901206 1.110067 1.050029 0.008429 0.149177 0.439304 0.277093 -0.431543 0.000328 0.000208 0.000003 0.579737 0.524872 0.320316 0.534711 0.569527 0.639674 0.676453
2.258706 1.017568 0.557870 0.018930 0.008923 0.000391 0.000175 0.000068 0.000088 0.050780 0.068437 0.222636 0.017717 -0.001498 -0.003708 -0.000452 -0.001088 -0.030654 -0.004618 0.113644 1.118413 1.882493 0.675468 1.513273 1.262379 1.858835 1.280826 0.421212 0.276035 0.079291 0.022984 -0.024835 0.047591 2.107631 1.757547 1.388036 1.067100 2.203169 2.204221 1.547089 0.849108 0.950514 0.865212 0.019708 0.018536 0.133049 0.321062 -0.174691 0.002925 -0.000326 -0.005982 1.453977 0.453026 0.637875 0.959697 0.751453 0.862022 0.585307
1.912750 0.476857 0.000414 0.000323 0.000418 -0.000121 -0.000142 -0.000065 -0.000086 0.105424 0.123602 0.075746 0.031189 0.000355 -0.003016 -0.014875 -0.038896 -0.011494 -0.030814 1.730691 1.680250 2.110209 1.670885 1.657961 1.071483 1.994742 0.665403 0.009564 0.000646 -0.024155 -0.014883 -0.049035 0.944491 2.812123 1.703785 1.505595 1.074927 1.822550 1.838851 1.105373 0.633409 0.788805 0.730718 0.037689 0.044770 0.144067 0.014174 0.000904 0.008731 -0.004880 -0.309238 1.536039 0.436908 1.042414 1.165208 0.780810 0.699627 0.308365
0.829577 0.160909 0.000078 -0.000405 -0.000586 -0.008838 -0.005341 -0.009827 -0.027570 0.338408 0.197139 0.077962 0.023584 -0.025982 -0.050499 -0.068893 0.171730 0.298868 0.707807 1.808881 0.956509 1.027136 0.485393 0.216455 1.190312 1.371322 0.821824 0.009409 0.006331 -0.017553 -0.010380 0.003678 1.607106 3.475902 2.963100 1.977400 1.117501 1.465020 1.022167 0.698449 0.605255 0.583577 0.537668 0.388352 0.647332 0.012786 0.000347 0.000742 0.000347 -0.001328 0.658349 1.824142 0.944556 1.174980 0.798093 0.530887 0.296232 -0.003057
0.543422 0.259451 -0.000819 -0.007010 -0.008057 -0.014782 -0.198378 -0.185864 0.250098 0.458015 0.098673 0.062040 0.000000 -0.014826 -0.108217 -0.021329 0.445793 0.548491 1.077131 0.657469 1.172576 1.299671 0.000360 0.000360 0.429375 1.882584 0.091127 0.017009 0.040182 0.097507 0.098971 0.285923 1.969728 4.805028 3.501687 1.989045 0.267214 0.379413 0.432846 0.360433 0.396656 0.753457 0.762830 0.548994 1.226213 0.030923 -0.000439 -0.001073 -0.000439 0.005213 1.282967 2.274947 1.021663 1.131296 0.238155 0.153956 0.137424 -0.039051
0.506407 0.291254 0.256575 -0.147404 -0.014845 -0.003334 0.234040 0.060521 0.276091 0.274651 0.078163 0.102854 0.007310 0.004132 -0.019032 -0.001553 0.657716 0.837025 0.133494 1.211071 0.555200 0.774657 -0.000360 -0.000360 0.628373 1.086954 0.008993 0.006698 0.017089 0.025810 0.016263 0.098181 3.312650 4.861966 3.422621 2.199364 0.048072 0.062273 0.016394 0.116745 0.357722 0.361905 0.460218 0.555107 1.510524 0.789716 0.041709 -0.000041 -0.014814 1.043577 2.126145 2.797814 0.543544 0.680875 0.224604 0.005965 0.446520 -0.087762
0.018576 0.018231 0.025379 0.011987 -0.102215 -0.016744 0.406475 0.079679 0.291247 0.294555 0.013074 0.007052 -0.011673 -0.000833 0.001420 0.002177 0.379539 0.370647 0.360957 1.503093 0.020497 0.873802 0.566094 0.519617 0.285162 0.845920 0.015950 0.009902 0.003502 0.002258 0.000140 0.082871 3.117937 3.422472 2.967686 0.483601 0.057749 0.022204 0.017394 0.040165 0.248136 0.057485 0.127572 0.575522 1.414307 1.271767 1.592378 0.770705 0.740613 1.143428 1.417107 1.490357 0.044497 0.036059 0.016871 0.015257 0.022069 0.004811
0.001130 0.007625 0.012741 0.005766 -0.035628 0.005174 0.428869 0.131859 0.013282 0.023474 0.006420 0.000764 -0.021760 -0.040496 -0.004276 0.003997 0.574122 0.538994 2.208950 1.603477 0.645302 0.691112 0.582464 0.650990 0.291382 0.415874 -0.391456 -0.010282 -0.001054 -0.000653 0.029155 1.510286 3.629394 3.972962 1.535360 0.309321 0.121725 0.000709 0.062386 0.082664 0.094030 0.005287 0.008460 0.052079 1.057192 1.412358 1.346812 1.031917 0.983593 1.182341 1.184374 1.089474 0.043388 0.000000 0.023707 0.017091 0.000904 0.006578
-0.000994 0.000000 0.000065 0.000065 -0.008094 0.022020 0.082736 0.001085 0.000990 0.000991 0.000000 0.000025 -0.004513 -0.545529 0.066569 0.297289 0.640966 1.498963 2.128713 0.305719 0.477678 0.447503 0.510482 0.673019 0.000822 0.159035 -0.517044 -0.013477 -0.004336 0.174113 0.796546 1.655602 2.840402 2.115147 1.745679 0.543782 0.122699 0.001473 0.032437 0.022221 0.049766 0.010015 0.000765 0.000546 0.263182 1.549626 1.789975 1.392577 1.310603 1.265695 1.001048 0.839323 0.028496 -0.011903 0.005969 0.000347 0.000742 0.000347
-0.009921 -0.005378 -0.000556 -0.000124 0.001962 0.006623 0.000234 -0.000186 -0.001032 -0.001271 -0.011136 -0.000950 0.000373 0.008453 0.382138 1.082770 1.283155 1.410472 1.521062 0.001091 0.271310 0.503919 0.406641 0.374902 0.001233 -0.017420 -0.381381 -0.007065 -0.002812 0.109236 1.048839 1.937503 3.199587 0.939349 0.910148 0.938081 0.000573 0.001093 0.009010 0.001516 0.020700 0.001937 0.000440 0.000757 0.465920 0.506037 2.135649 1.598433 1.534676 1.389303 0.947911 0.104589 0.013142 -0.024492 -0.022389 -0.000439 -0.001073 -0.000439
-0.015586 -0.014529 -0.004645 -0.000679 0.002584 -0.034786 -0.000524 -0.001162 -0.021203 -0.017783 -0.028091 -0.010268 -0.000637 0.046324 0.860723 1.009506 1.487852 0.566649 0.995556 0.301474 0.386228 0.284032 0.533251 0.405554 0.146947 -0.032326 -0.205404 -0.137314 -0.104047 0.062692 0.457263 0.826529 3.028618 1.088562 1.054164 1.049658 0.000082 0.000079 0.000222 0.000374 0.000020 -0.000917 -0.000658 0.000608 0.594341 0.655885 2.445356 1.831704 1.714992 1.639290 0.001142 0.000916 0.000415 -0.025085 -0.021259 -0.033751 -0.030095 -0.006816
0.001059 -0.003757 -0.021123 -0.002232 -0.000127 -0.043411 -0.013657 -0.004670 -0.079947 -0.056133 -0.056345 -0.031735 -0.002265 0.154959 1.252426 1.247934 0.949802 0.462618 1.229462 0.371502 0.333649 0.311581 0.311955 0.298824 0.229418 0.185126 -0.077187 -0.139206 -0.151205 -0.074463 0.327204 0.646074 2.496059 1.827907 0.987108 1.021166 -0.000194 -0.000278 -0.000222 -0.000423 -0.005965 -0.013969 0.311884 0.111356 1.097791 1.417025 2.339146 0.825362 2.005891 0.778919 0.000038 -0.000612 -0.000350 -0.008364 0.152434 -0.373699 -0.338103 -0.004116
