use_cases/Flooding_chicago/flooding_data/output/hUy_2160.asc
ncols 337
nrows 393
xllcorner 428428.000000
yllcorner 4602440.000000
cellsize 26.757400
NODATA_value -9999.000000
[rows 260 to 285 of 393, columns 58 to 115 of 337]
0.471242 0.467554 0.512957 0.006754 0.018840 0.043285 0.259382 0.083921 0.371964 1.756969 0.028208 0.018084 0.010626 0.010035 0.763591 0.499890 0.007516 0.000135 -0.000484 -0.050651 -0.008872 -0.005770 -0.000519 0.000004 0.005272 0.028895 -0.004132 -0.006985 -0.015888 -0.052917 0.429359 0.209650 1.597716 2.991519 2.857579 1.484947 1.400192 1.033295 1.126965 1.073496 1.096204 1.023524 0.817884 0.872128 0.556302 0.572595 -0.038101 -0.003918 0.041190 -0.078255 0.003168 0.000222 0.094542 0.283732 0.064865 0.077817 0.121403 0.142717
0.098136 0.035020 0.027077 0.013638 0.015062 0.028323 0.262335 0.051155 0.076703 0.079433 0.016499 0.005982 0.000326 0.000229 0.399550 0.437549 0.000051 -0.001455 -0.021373 -0.019841 -0.036352 -0.021654 -0.011860 -0.000689 0.000080 0.006971 -0.002737 -0.002808 0.105697 0.050007 0.170868 0.437804 1.772064 2.956018 1.882535 1.377089 1.326699 0.563381 0.536809 0.551052 0.521389 0.987329 0.815444 0.882373 0.978007 0.584324 0.357450 -0.344698 0.132639 -0.082091 0.043616 -0.000222 0.056174 0.195142 0.005813 0.021848 0.046541 0.028929
0.161153 0.072627 0.052055 0.052123 0.034755 0.067982 0.111089 0.035152 0.019502 0.033035 0.005294 -0.000003 -0.000208 -0.000107 0.459754 0.544119 -0.001233 -0.016048 -0.050044 -0.005944 -0.055917 -0.029121 -0.054937 -0.005691 -0.000381 0.000121 -0.000857 0.057209 0.321762 0.080171 0.172902 0.903416 2.605424 2.933235 1.818750 1.055418 1.016574 0.176191 0.483585 0.523986 0.438137 0.815169 0.752841 0.851295 1.087168 0.615366 0.385127 -0.052785 0.207986 0.050607 0.069025 -0.052208 0.054056 0.145202 0.006402 -0.021937 0.041961 -0.013236
0.092926 0.134954 0.113231 0.031798 0.088337 0.133039 0.085782 0.017914 0.035831 0.008639 0.014434 0.014709 0.002464 -0.033001 0.478953 0.885802 0.091511 -0.082227 -0.096688 0.016625 -0.062822 -0.054999 -0.101131 -0.103435 -0.038841 -0.002988 -0.015162 0.731781 0.424442 0.206059 1.069969 1.482472 2.676339 2.929929 1.971719 0.177198 0.199654 0.000371 0.176966 0.541400 0.358319 0.711057 0.758284 0.889077 1.181375 0.939398 0.554395 0.099017 0.359310 0.359656 0.166055 -0.000890 0.248566 0.158209 -0.026254 -0.046008 0.068443 0.066111
0.176854 0.255236 0.009203 0.007457 0.009316 0.020701 0.197355 0.035665 0.048208 0.029958 0.013985 0.029510 0.010682 0.047930 0.342742 0.896220 0.256645 -0.022810 0.073538 0.074629 0.074279 0.102072 -0.011850 -0.186418 -0.107302 -0.022374 -0.192990 1.509823 0.621810 0.471434 1.290859 1.605720 2.478305 2.694632 1.346966 0.144079 0.223151 -0.000134 0.001033 0.313910 0.327637 0.573388 0.487864 0.536013 1.056637 1.177855 0.528495 0.291141 0.490347 0.536795 0.223670 0.078765 0.131982 0.222614 -0.001207 -0.038209 0.047484 0.040564
0.110153 0.328789 0.000111 0.000219 0.000977 0.009271 0.091717 0.065496 0.094132 0.007823 0.005030 0.076110 0.039513 0.277181 0.404238 0.851981 0.071707 0.004559 0.008197 0.004669 0.011896 0.012154 -0.008032 -0.091234 -0.119286 -0.211770 0.334117 2.058318 0.910589 0.486565 1.563226 1.344973 1.414612 1.512821 0.249270 0.144350 0.246030 0.289790 0.001216 0.010566 0.006789 0.189276 0.562676 0.542208 0.954505 1.206981 1.007129 0.363812 0.439611 0.504748 0.409825 0.180089 0.177332 0.134612 0.059768 0.000890 0.001602 0.002141
0.010913 0.435203 -0.000089 -0.000031 0.001899 0.003137 0.020898 0.141076 0.034735 0.001110 0.010022 0.016002 0.104865 0.113556 0.226549 0.162158 0.026478 0.012586 0.000190 0.000077 0.000000 0.004467 0.000156 0.048501 0.160147 0.642233 0.485087 0.853160 0.828756 0.444581 1.922733 1.885076 1.322405 1.440696 0.000727 0.000949 0.232270 0.411802 -0.000057 0.000000 0.000000 0.232864 0.245040 0.181018 0.766699 1.110084 1.208243 0.473343 0.471367 0.514243 0.501200 0.526620 0.448073 0.449104 0.118201 0.000375 -0.000007 0.001143
0.010005 0.394381 0.198878 0.000578 0.002275 0.006603 0.010865 0.037421 0.030232 0.001837 0.004422 0.003426 0.038567 0.003425 0.297714 0.026548 0.053113 0.029186 -0.000036 -0.000542 -0.007444 -0.000259 -0.000108 0.248779 0.264361 0.583766 0.013074 0.511397 0.575511 0.289742 2.017215 1.706636 1.674049 1.987070 0.068476 0.000112 0.000283 0.509650 -0.001119 -0.002760 -0.012402 0.278552 0.243274 0.151053 0.170615 0.697003 0.656080 0.512628 0.456135 0.592905 0.558264 0.766232 0.660048 0.867782 0.339421 -0.016733 -0.051886 -0.011660
0.010386 0.078259 0.189708 0.003484 0.001642 0.006848 0.001323 0.000992 0.000460 0.000018 0.003794 0.004919 0.012744 0.002478 0.282865 0.048619 0.067545 0.051169 -0.000442 -0.005361 -0.016928 -0.008579 0.135478 0.469279 0.425195 0.016598 0.018565 0.048012 0.378208 0.195704 1.803487 1.757770 1.630353 1.916187 0.371490 -0.000970 -0.000449 0.482846 0.035002 -0.001541 0.136404 0.298257 0.229260 0.005720 0.140211 0.153840 0.520343 0.618125 0.224768 0.415541 0.371389 0.942708 0.646905 1.007306 0.314260 0.123181 0.030626 0.193512
0.047557 0.006265 0.149473 0.002944 0.000421 0.000803 0.000851 -0.000651 -0.000562 -0.026273 -0.003797 0.000360 0.000360 0.001138 0.076768 0.059686 0.142265 0.160850 -0.093671 -0.008368 -0.026481 -0.031612 0.339806 0.417948 0.199429 0.012493 0.017299 0.034036 0.028045 -0.073844 1.719627 1.761809 1.102874 1.931400 0.620765 0.089712 0.278066 0.517545 0.125423 0.010667 0.175506 0.314412 0.013466 0.018461 0.010252 0.099636 0.394562 0.583281 0.141290 0.360612 0.287002 0.980296 0.961479 1.097638 0.311689 0.170426 0.044506 0.251517
0.045602 0.016346 0.057360 0.009426 0.001655 0.000464 -0.000581 -0.007000 -0.015283 -0.258175 -0.001680 -0.000360 -0.000360 0.002904 0.002295 0.037118 0.143450 0.167529 0.010586 -0.110326 0.000222 0.006964 0.425270 0.221035 0.012385 0.005903 0.012681 0.020020 0.019647 -0.031260 1.555199 1.685243 0.983428 1.729159 1.239269 0.120397 0.389336 0.658350 0.267963 -0.000629 0.210012 0.021837 0.031353 0.032279 0.024344 0.083087 0.150018 0.487076 0.028918 0.305425 0.138951 0.978816 1.181775 1.536260 0.338743 0.245006 0.047671 0.399838
0.014164 0.005203 0.004683 0.004307 0.003446 -0.000153 -0.000498 -0.002546 -0.031784 -0.253973 -0.007675 -0.001922 -0.004447 -0.001975 0.000386 0.020598 0.118882 0.119030 0.007563 -0.040114 -0.000222 0.000136 0.408519 0.007515 0.000510 0.001524 0.000816 0.007045 0.022532 0.063528 1.039400 1.569656 1.235856 1.531474 1.622099 0.298525 0.559576 0.840009 0.410367 -0.016986 0.011891 0.000000 0.043872 0.043879 0.041197 0.036319 0.032543 0.020976 0.025846 0.422299 0.091032 1.295833 1.482358 1.475681 0.488675 0.440060 0.020676 0.525611
0.000222 0.003258 0.000467 -0.001069 -0.004178 -0.000740 -0.000829 -0.000889 -0.056551 -0.227325 -0.007266 -0.001561 -0.004579 -0.003983 -0.002907 0.059065 0.120007 0.089220 0.006816 -0.026220 -0.002799 0.032803 0.403204 0.023769 -0.000275 0.000471 0.000035 0.000190 0.011330 0.008067 0.054954 1.022243 1.171695 1.586465 1.791508 1.749952 1.348824 2.318974 0.644900 0.002345 0.000340 0.000396 0.040118 0.046459 0.043959 0.047585 0.048566 0.000745 0.000981 0.019763 0.010358 0.631012 0.720407 1.977341 0.426459 0.564355 0.003821 0.015658
-0.000222 -0.004600 -0.004708 -0.005292 -0.006748 -0.000882 -0.000900 -0.000623 -0.111948 -0.260658 -0.007735 -0.000563 -0.001563 -0.006549 -0.007673 0.137345 0.085306 0.117330 0.107783 -0.003960 0.007943 0.273395 0.352383 0.074601 0.123680 -0.000455 -0.000778 -0.000210 0.000280 0.000519 0.010147 0.027703 0.591723 1.322779 0.983278 1.313048 1.563577 2.819177 1.043943 0.010484 -0.000000 0.013539 0.147519 0.188251 0.034998 0.038946 0.037911 -0.000000 0.000000 0.000000 0.026520 0.754831 0.815717 1.208022 0.545328 0.012506 0.005172 0.000000
-0.003516 -0.003766 -0.036327 -0.030911 -0.030735 -0.028748 -0.007900 -0.001273 -0.160662 -0.292066 -0.007108 0.000395 0.001663 0.002859 0.001651 0.075912 0.087258 0.000614 0.000473 0.000016 0.034220 0.327655 0.034703 0.006646 0.009707 0.000244 -0.000929 -0.002706 -0.000433 0.000198 0.000005 0.020745 0.064469 0.960251 0.587543 0.698432 0.923343 3.075084 2.526604 0.665698 -0.000340 0.031027 0.019739 0.020611 0.026806 0.031075 0.027294 -0.000745 -0.000981 -0.028651 0.701027 1.251610 0.800216 1.273608 0.006353 0.000878 0.001200 0.005099
-0.002825 -0.017661 -0.023690 -0.161925 -0.179750 -0.073699 -0.084894 -0.038783 -0.235858 -0.340127 -0.004161 0.000480 -0.000342 0.001284 0.000213 0.000013 -0.000006 -0.000453 -0.000517 -0.114366 0.061342 0.056168 0.000000 0.000000 0.000000 -0.000183 -0.000376 -0.001183 -0.010007 -0.000921 0.009158 0.062593 0.072525 0.328868 0.008231 0.046508 0.967023 2.669870 2.997725 1.688119 -0.075291 0.034576 0.015154 0.019049 0.002886 0.004267 0.001835 0.013990 0.015708 0.677982 0.829439 1.102638 0.481788 1.247165 0.017005 0.000371 0.000585 0.000339
-0.001850 -0.042543 -0.008594 -0.126392 -0.136531 -0.187814 -0.089783 -0.044325 -0.105593 -0.114488 0.000210 -0.001203 -0.003366 -0.002659 -0.001532 -0.057635 -0.015977 -0.003030 0.062579 -0.030376 0.035322 0.051638 -0.023968 -0.006465 -0.008877 -0.001167 0.003102 -0.014301 -0.025109 0.000213 0.006418 0.078621 0.203387 0.087772 0.005117 0.010391 0.062524 2.776874 3.637094 2.033275 0.126046 0.040086 0.000319 0.001427 0.004144 0.006856 0.002144 0.017764 0.021175 0.762207 0.918378 0.080730 0.076033 1.271706 0.039228 -0.000783 -0.001290 -0.000472
-0.019468 -0.004772 -0.102009 -0.115821 -0.119185 -0.101853 -0.027551 -0.026351 -0.070693 -0.075837 -0.000673 -0.002419 -0.003310 -0.002352 -0.176987 -0.045647 -0.012157 -0.000583 0.085986 0.001485 0.014942 0.027179 -0.015099 -0.101391 -0.088869 -0.007670 0.001326 -0.018164 0.003353 0.012521 0.006894 0.048635 0.150658 0.143924 0.000360 0.000360 0.000113 2.290160 3.147668 1.882913 0.257410 0.243631 0.004447 0.000089 0.000717 0.006299 0.000346 0.017886 0.017030 0.783170 0.841257 0.359203 0.394614 1.081576 0.067987 -0.000734 -0.006923 -0.001339
-0.037357 -0.022824 -0.672325 -0.285328 -0.251595 -0.064261 -0.038336 -0.038408 -0.023497 -0.152456 -0.009967 -0.018229 -0.007075 -0.012583 -0.229758 -0.019722 0.000684 0.002030 0.109704 0.023775 0.009256 0.001491 0.000597 -0.045821 -0.032387 -0.002503 -0.001767 -0.008169 0.005274 0.002961 0.003424 0.001954 0.001930 0.015622 -0.000360 -0.000360 -0.000167 1.818253 2.920841 2.194174 0.434892 0.284150 0.038498 -0.001351 -0.003474 0.000180 -0.000180 0.000092 0.022075 0.680656 1.031358 0.495242 0.461574 1.230864 0.154277 -0.143338 -0.005813 -0.004283
-0.035459 -0.396466 -0.547351 -0.220552 -0.163126 -0.034703 -0.037020 -0.095126 -0.117988 -0.220850 -0.092264 -0.030710 -0.003228 -0.193888 -0.233155 -0.005122 -0.000053 0.002685 0.005575 0.005106 0.003401 0.000807 -0.000176 -0.039867 -0.036798 0.000000 -0.002116 0.042982 0.001148 -0.001535 -0.002724 -0.001738 -0.001564 0.000000 -0.009489 -0.005635 -0.037390 1.818795 2.126178 1.919367 0.582397 0.411977 0.057248 -0.066480 -0.001157 -0.000346 -0.012346 -0.000915 0.058951 0.548073 0.816363 0.422803 0.432159 1.220582 0.213011 -0.080893 -0.044541 0.021438
-0.013375 -0.331777 -0.703220 -0.219184 -0.001200 -0.019646 -0.026751 -0.032714 -0.451802 -0.088917 0.016640 0.021718 -0.001029 -0.216192 -0.198230 -0.002369 0.003136 0.001744 0.007768 0.005759 0.001685 -0.000875 -0.017775 -0.039324 -0.038207 -0.011470 -0.001045 0.001907 -0.003103 -0.003750 -0.018981 -0.078710 -0.077643 -0.003663 -0.021043 -0.158379 0.135963 2.321637 2.191599 2.315901 1.005700 0.696436 0.497926 0.311858 -0.077264 -0.004289 -0.142813 0.027580 0.072645 0.479970 0.766727 0.330644 0.463097 1.267859 0.227272 -0.033537 -0.024758 0.047029
-0.006797 -0.360177 -0.928364 -0.000114 -0.002162 -0.010341 -0.011417 -0.352433 -0.401045 -0.187782 0.017292 0.023744 -0.066771 -0.207055 -0.489982 0.109924 0.033899 0.002389 0.182873 0.027715 -0.000249 -0.002808 -0.026319 -0.037446 -0.031356 -0.011968 -0.007226 0.000965 0.002107 -0.000426 -0.009235 -0.151719 -0.336932 -0.215525 -0.231821 0.100137 0.155363 1.445414 1.349642 1.451493 1.024513 0.793177 0.705822 0.671660 0.244841 -0.244319 -0.033144 0.038513 0.193315 0.655741 0.721061 0.336894 0.349753 0.961697 0.250563 0.013500 0.137626 0.052077
-0.003101 -0.000138 -0.755916 -0.272198 -0.188668 -0.100289 -0.139645 -0.335745 -0.356021 0.002528 0.011516 0.004652 -0.067671 -0.171642 -0.032084 0.006087 0.009303 0.000934 0.031849 -0.003879 -0.002120 -0.000130 -0.032489 -0.028877 -0.020961 -0.007793 -0.005608 0.000008 0.000550 0.002212 -0.001281 -0.040467 -0.368986 -0.138516 -0.062792 0.116921 0.162944 1.282654 1.268601 0.689875 0.922386 0.823099 0.878524 1.073069 0.536002 -0.066650 0.107357 0.164989 0.298847 0.586581 0.672497 0.360498 0.284503 0.952828 0.282524 0.130106 0.043373 0.055725
-0.001136 -0.011955 -0.945610 -1.133509 -0.622768 -0.066946 -0.080819 -1.119059 -0.153269 -0.002038 0.000393 0.000569 -0.107883 -0.151781 0.000259 0.000640 0.000787 0.001006 0.000044 -0.004512 -0.002496 -0.026072 -0.017185 0.144232 0.000554 -0.165356 -0.003102 -0.001321 -0.001705 0.001627 0.001888 0.000563 -0.249695 -0.065883 0.051903 0.117373 0.172104 1.412570 1.117678 0.616499 0.093789 0.448201 0.780303 1.143154 0.723170 0.035126 0.214549 0.265248 0.401051 0.579482 0.645603 0.271837 0.045129 0.592306 0.387753 0.429141 0.032796 0.026905
0.001427 -0.440531 -0.608870 -1.082423 -0.296103 -0.545211 -0.521766 -0.961815 0.069863 -0.000009 -0.000331 -0.000247 -0.132011 -0.098764 0.000185 0.000378 0.000355 -0.000318 -0.000814 -0.009855 -0.039285 -0.073869 -0.006293 0.008149 0.027609 -0.138624 -0.109644 -0.019412 -0.018680 -0.002623 0.004927 0.012199 -0.196876 0.013585 0.111126 0.067408 0.087252 1.221838 0.935761 0.853898 0.109013 0.450291 0.417377 0.845232 0.706149 0.065694 0.230337 0.338270 0.396296 0.555568 0.606833 0.275896 0.084915 0.452174 0.302040 0.425271 0.024218 -0.014467
0.011007 -0.581768 -0.940059 -0.904078 -0.456177 -0.538814 -0.475363 -0.637605 0.240411 -0.004856 -0.010108 -0.000554 -0.063071 -0.293610 -0.000083 -0.000419 -0.000569 -0.000760 -0.000890 -0.018343 -0.179152 -0.011278 -0.000918 0.000326 0.007213 0.000257 -0.247558 -0.110197 -0.033886 -0.043600 -0.007795 0.035419 0.037137 0.236240 0.220721 -0.039462 0.149521 1.035035 0.951043 0.925539 0.478344 0.462060 0.588603 0.802127 0.478917 0.074980 0.249531 0.324566 0.413148 0.526413 0.566803 0.261695 0.086392 0.399089 0.297753 0.441183 0.271253 -0.165475
