use_cases/Flooding_chicago/flooding_data/output/hUy_2160.asc
ncols 337
nrows 393
xllcorner 428428.000000
yllcorner 4602440.000000
cellsize 26.757400
NODATA_value -9999.000000
[rows 156 to 181 of 393, columns 174 to 231 of 337]
1.157721 0.679106 0.281815 0.169962 0.318906 0.827813 0.396890 0.352226 0.123472 0.110168 0.590481 0.788582 0.504461 -0.020556 0.015196 0.000886 0.040215 0.068977 0.020620 0.000372 0.000222 0.000103 0.884135 3.487865 4.333650 1.160509 0.020149 0.037250 0.045265 0.010604 0.001028 0.001447 0.014818 0.005878 0.005878 0.000199 0.000063 0.085210 0.328414 0.214041 0.199824 0.088758 0.762699 1.796697 1.860651 1.044242 0.015755 0.000051 0.001960 0.015203 0.016840 0.004841 0.007961 0.038299 0.068511 0.036680 0.114923 0.322368
1.497367 0.726509 0.249656 0.129576 0.190914 1.067354 0.629422 0.313325 -0.107616 0.111684 0.640164 0.841217 -0.084769 0.568787 0.017128 0.000558 0.007407 0.030773 0.006665 0.000296 -0.000222 -0.000103 1.402964 4.347152 4.789464 0.007785 0.009283 0.015794 0.016200 0.001347 -0.000293 -0.000214 0.000000 0.000000 0.000000 -0.000070 -0.000064 0.167662 0.197510 0.116648 0.105633 1.893378 0.901669 1.960901 2.465111 2.886239 1.454067 0.001546 0.001073 0.003328 0.004978 0.019428 0.042212 0.023609 0.017920 0.008652 0.081937 0.583549
2.456004 0.093056 0.073211 0.094267 1.147350 0.421935 0.882926 0.627129 -0.056854 0.035034 0.862988 1.410087 -0.077908 0.191960 0.076897 0.031540 0.016026 0.005229 0.000236 -0.001021 -0.001488 -0.001177 1.556413 4.078599 4.048006 0.000000 0.000000 0.000000 0.000067 -0.000082 -0.018995 -0.017889 -0.000912 -0.007126 -0.007164 -0.006508 0.075189 0.649386 0.245413 0.187190 0.182377 0.616398 0.211143 0.199904 0.682078 3.145698 2.233251 0.010246 0.002125 0.014819 0.021715 0.023317 0.031189 0.002722 0.000112 0.000188 0.088778 0.255139
1.290606 0.109151 0.232719 0.159246 0.115382 0.184227 0.234155 1.068299 0.047360 0.010865 0.030786 2.775894 0.767954 0.160122 0.142584 0.141472 0.029306 0.033122 -0.000554 -0.001791 -0.001276 -0.001150 1.866677 4.272564 2.815929 -0.007357 -0.009243 -0.005350 -0.000464 -0.000305 -0.014467 -0.025448 -0.001630 -0.018883 -0.014489 -0.016955 0.215261 0.617071 0.404319 0.227842 0.121550 0.275787 0.099880 0.058991 0.096986 2.824625 1.631263 0.057726 0.012705 0.008546 0.011871 0.013661 0.017313 0.001373 -0.015287 -0.001842 0.113284 0.115225
0.687628 0.039679 0.059261 0.068655 0.040065 0.298741 0.245458 0.112156 0.040072 0.008787 0.026281 0.293819 0.537745 0.172126 0.150623 0.140985 0.021151 0.022376 0.175176 0.010330 -0.053816 -0.008350 1.799225 4.040710 3.208860 -0.206835 -0.021550 -0.017251 -0.006827 -0.009953 -0.021188 -0.084877 -0.042761 -0.037631 -0.021670 -0.030887 0.495060 0.733105 0.352101 0.641712 0.142015 0.036181 0.008548 0.129985 0.279206 3.987854 1.838248 0.027313 0.005266 0.000172 0.000396 0.000555 0.008192 0.000291 -0.209551 -0.066156 0.131566 0.146909
0.636272 0.042521 0.048436 0.035974 0.069889 0.251660 0.161623 0.162751 0.034163 0.004268 0.017790 0.097444 0.623836 0.207089 0.152722 0.110172 0.019337 0.023185 0.034783 0.031560 0.644815 0.497254 2.330650 5.055318 3.615233 0.132963 -1.708754 -0.391989 -0.018024 -0.026817 -0.011961 -0.131949 -0.075264 -0.040989 -0.034243 -0.043224 2.449020 1.025186 0.445943 0.364353 0.253062 0.030906 0.001128 0.389443 0.805182 3.312456 0.173958 0.007330 -0.000002 -0.000132 -0.000330 -0.000401 -0.000013 -0.000105 0.968271 0.111848 -0.212920 0.032466
0.611523 0.040984 0.040198 0.029671 0.093362 0.104661 0.191069 0.179116 0.041216 0.000726 0.006453 0.095733 0.225320 0.229149 0.080786 0.036293 0.015355 0.016371 0.019079 0.036347 0.029361 0.056184 3.004705 5.055376 3.075287 -0.682122 -1.230012 -0.004767 -0.408213 -0.321283 0.035270 -0.186554 -0.141887 -0.083508 -0.210448 0.776264 1.314533 0.044727 0.043664 0.034259 0.005907 -0.001818 0.067703 0.875544 1.112478 2.123287 0.012243 -0.000307 -0.008845 -0.023905 -0.007649 -0.010911 -0.007095 -0.005456 1.800658 -0.332016 -0.972101 -0.028031
0.790960 0.010119 0.037759 0.007246 0.098439 0.073954 0.174434 0.149544 0.049877 0.001264 0.000046 0.000001 0.565031 0.613332 0.000009 0.000257 0.000450 0.000310 0.014646 0.008770 0.010130 0.014047 1.464996 4.699597 3.260123 0.012304 -0.760943 0.258364 0.002306 -0.211964 0.040440 -0.068649 -0.036118 -0.010188 0.407877 0.965159 1.404213 0.014583 0.026940 0.009723 0.000668 0.000112 0.263733 1.539502 1.726470 0.544482 0.019401 0.000949 -0.040349 -0.074011 -0.018349 -0.024269 -0.015830 -0.031277 2.313051 0.041747 -0.886944 -0.331976
0.502449 0.004500 0.022563 0.006153 0.082853 0.093888 0.077417 0.116096 0.047248 0.002570 0.000575 -0.003421 0.484689 0.584413 0.252928 -0.000616 -0.064202 -0.000421 0.000012 0.000843 0.000528 0.000189 1.066909 4.496247 3.729083 0.355453 -0.432565 0.437464 0.243392 -0.109815 0.041189 -0.028334 0.009241 0.022572 0.682178 0.538917 0.389040 0.000393 0.007261 0.000326 0.000114 -0.000053 0.617502 2.183925 0.888907 0.140438 0.062582 0.010513 -0.142169 0.032086 -0.653248 -0.024950 -0.029253 -0.092530 3.624673 0.010387 -0.892292 -0.366768
0.653977 0.038064 0.007134 0.020878 0.048602 0.063849 0.064245 0.077477 0.008754 0.003490 0.001914 0.003491 0.066897 0.441679 0.479064 0.167394 0.000630 0.055433 -0.114293 0.000044 0.000647 -0.000079 0.619640 3.684926 3.433629 0.429592 0.040824 0.725572 0.476193 0.038359 -0.000355 -0.005124 0.103123 0.100385 0.079748 0.805816 0.392153 0.001063 -0.000003 -0.000208 -0.000181 0.598032 1.109448 1.237284 0.620867 0.330161 0.007377 0.034336 -0.007081 0.288960 -0.948522 -0.078581 -0.009614 0.113637 3.732093 0.191273 -0.883160 -0.387257
0.324629 0.019787 0.025215 0.061444 0.016732 0.015885 0.144626 0.025172 0.024197 0.006319 0.002153 0.007428 0.024115 0.291053 0.680911 0.407795 0.123861 0.206231 -0.121157 -0.000854 0.001362 -0.000653 0.096134 4.092092 2.796080 0.304936 0.237934 0.453081 0.648645 0.065156 -0.009189 0.006192 0.007943 0.013585 0.021809 0.345028 0.763421 0.002135 -0.007137 -0.006566 -0.006645 0.777593 1.814764 1.422734 0.035129 0.024637 0.006264 0.042060 0.014969 0.438643 -0.201260 0.032793 0.085535 0.349966 3.747255 -0.007734 -0.543373 -0.359517
0.002012 0.002421 0.016458 0.035794 0.013253 0.018732 0.078390 0.086199 0.066760 0.011987 0.003358 0.046466 0.321603 0.462802 0.015413 0.014686 0.032817 0.542217 -0.093510 -0.000690 0.006677 -0.000293 -0.302539 4.598248 3.113624 0.465574 0.555523 0.318012 0.800183 0.218364 0.099046 0.034834 0.001815 0.006766 0.010696 0.008592 0.820722 0.325824 -0.018964 0.187740 0.083060 0.972839 1.841855 1.368368 0.002253 0.000000 0.017718 0.024471 0.011354 0.011141 -0.029158 0.099187 0.173677 1.096030 3.744504 0.127586 0.238696 -0.144456
0.007159 0.020203 0.020819 0.032761 0.009692 0.016881 0.102636 0.049939 0.022401 0.038177 0.021118 0.078515 0.079108 0.024605 0.008879 0.007729 0.012143 0.024138 0.013643 0.005958 0.038100 1.004122 0.506871 5.443078 4.048728 0.276367 0.013322 0.321356 0.037552 0.096849 0.096926 0.029469 0.001917 0.000000 0.000000 0.052147 0.773053 1.027301 0.955963 0.291355 0.201770 0.459249 0.630525 0.553246 0.005143 0.006184 0.021073 0.001200 0.000980 0.000523 0.016972 0.184601 0.290824 0.546681 1.317837 0.032397 0.018125 0.238069
0.014624 0.011594 0.017908 0.026556 0.007652 0.015531 0.097114 0.010667 0.008727 0.016963 0.008740 0.027622 0.024392 0.013006 0.001269 0.000581 0.000369 0.000369 0.012638 0.000664 0.006518 0.617657 1.070185 4.636047 1.415865 0.029703 0.011940 0.100069 0.020742 0.034543 0.080371 0.045534 0.005078 -0.019073 0.262200 2.339006 2.402354 1.286726 0.615717 0.018656 0.012941 0.916628 0.684162 0.494245 0.005458 0.008619 0.018822 0.001948 0.000935 0.000138 0.000445 0.032004 0.041829 0.054995 1.605573 0.077717 0.000435 0.014707
0.036427 0.000559 0.006399 0.010089 0.000791 0.008770 0.040187 0.000289 0.000000 0.000000 0.000144 0.000145 0.000010 0.000000 -0.000189 -0.000271 -0.000030 -0.000006 -0.000001 -0.000031 -0.000001 0.795553 1.401062 2.625216 1.878134 0.010645 0.010087 0.059185 0.016904 0.014873 0.061187 0.112086 0.313592 0.189996 0.308746 0.840101 1.166267 1.092032 0.091837 0.007633 0.000331 0.555870 1.187351 0.438225 0.009044 0.002847 0.004366 0.001065 -0.000126 -0.000477 0.000165 0.000029 0.000412 0.099705 1.386034 0.611739 -0.000025 0.000003
0.010524 0.000294 0.000100 0.000015 0.000365 0.000514 0.002417 0.000426 -0.024035 -0.008489 -0.000455 -0.000138 -0.005514 -0.014544 -0.042810 -0.006047 -0.000575 -0.000373 -0.039950 -0.050124 -0.019429 1.192272 1.495986 1.521188 1.445822 0.017921 0.001354 0.011609 0.011892 0.008448 0.067867 0.325078 0.539481 1.480156 0.544360 0.503716 0.293132 0.116803 0.047232 0.026932 0.040444 0.308694 0.930592 0.444175 0.026224 0.006508 0.006978 -0.001100 -0.000924 -0.017624 -0.119182 -0.001508 -0.000533 0.136532 1.114915 0.630669 0.069173 -0.016344
0.040156 0.001030 -0.000202 -0.008620 -0.000832 -0.000372 -0.000644 -0.000695 -0.042915 -0.017376 -0.019042 -0.018343 -0.042434 -0.428170 -0.047757 -0.008979 -0.001770 -0.012966 0.135522 0.118348 1.105834 2.026124 2.279670 2.336776 1.045905 0.010673 0.000291 0.000059 0.000000 0.000000 0.213180 0.690448 1.027897 1.271497 0.024664 0.018277 0.011700 0.000821 0.000804 0.064935 0.106601 0.559341 0.856652 0.458036 0.090169 0.023760 0.021940 -0.028529 -0.015031 -0.587210 0.041187 0.314018 -0.000783 0.180312 1.158703 0.761240 0.576768 0.576258
0.101352 0.013290 -0.011509 -0.023651 -0.007252 -0.000594 -0.000839 -0.005703 -0.046293 -0.040061 -0.104890 -0.390405 0.615044 -0.283652 -0.706439 -0.013084 -0.001995 0.236255 0.309441 0.379597 1.697104 2.278552 2.027189 1.072363 0.597329 0.007164 0.000211 -0.000564 -0.028115 -0.016296 0.532022 0.897803 0.710272 0.023880 0.019648 0.002332 0.000086 -0.000048 0.001384 0.222696 0.294497 0.867989 0.855497 0.786213 0.101874 0.034981 0.017302 -0.081033 -0.111200 -0.193427 0.279938 0.414817 0.111908 0.165364 0.351030 0.367949 0.309267 0.960599
0.065053 0.006789 -0.157398 -0.025033 -0.017111 -0.005812 -0.017237 -0.016187 -0.045519 -0.048993 1.225089 0.944314 1.346019 -0.311745 -0.573145 -0.326544 -0.258248 0.116191 0.889302 1.174809 2.138848 1.723280 1.392153 0.206290 0.003408 0.003323 -0.000122 0.404825 0.116372 0.239539 0.649465 0.635476 0.062162 0.017079 0.014906 0.009977 0.018448 0.012634 0.001639 0.544646 0.355558 0.255064 0.173629 0.055112 0.124451 0.035770 0.012817 0.115737 0.688353 0.827955 0.927430 0.770008 0.379160 0.011608 0.009684 0.011821 0.003313 1.493810
0.017284 0.001968 -0.086767 -0.005459 -0.026339 -0.016095 -0.036150 -0.035841 -0.158314 1.102575 2.069194 0.941522 1.591089 -0.323065 -0.412905 -0.291469 -0.643111 -0.117906 1.111492 1.238126 1.874054 0.029089 0.019441 0.002935 0.006154 0.002439 0.288409 0.757515 0.392662 0.364540 0.693262 0.474306 0.021884 0.016629 0.005486 0.006024 0.006720 0.057700 0.860465 0.954367 0.071477 0.041747 0.045762 0.018811 0.076206 0.035340 0.048726 0.060478 0.102694 0.017499 0.019933 0.022886 0.018455 0.001738 0.001264 0.000493 0.006948 2.093344
0.000235 -0.000108 -0.050105 -0.056569 -0.050083 -0.042427 -1.941155 0.514697 0.975120 2.275765 1.404978 0.003929 0.010092 0.146684 0.023112 0.157823 0.179852 -0.119973 1.027692 0.885485 1.107241 0.000000 0.000000 0.000349 0.212490 0.061825 0.601899 1.145549 0.461094 0.333452 0.239956 0.023675 0.012763 0.006075 0.000000 0.000090 0.003794 0.084423 0.517123 0.174455 0.099687 0.016031 0.003525 0.054586 0.039726 0.058387 0.016445 0.033949 0.033472 0.007670 0.000662 0.000192 0.000098 -0.000194 -0.000501 -0.000334 0.462308 2.569517
-0.000069 -0.009312 -0.005597 -0.048461 -0.076114 -0.391613 -1.303034 0.803329 1.335963 2.003263 0.130268 0.000000 0.000000 0.000000 1.260265 0.739545 0.641474 0.859551 1.008018 0.531847 0.282439 -0.012074 -0.022492 -0.027113 0.486513 0.217200 0.593149 1.177454 0.268159 0.209953 0.139081 0.004223 0.007568 -0.000171 -0.005912 -0.000274 -0.000006 0.000146 0.601882 0.001170 0.010831 0.009657 0.015477 0.105573 0.069021 0.000568 0.015915 0.006387 0.000592 0.000164 -0.000036 -0.000094 -0.000069 -0.063813 -0.077211 -0.053825 1.937212 2.202045
0.029828 -0.034773 0.033386 0.040297 -0.080386 -0.640718 -1.083215 0.632774 1.443293 2.191246 0.408819 -0.263753 -0.240920 -0.009525 1.805588 0.932186 0.103153 0.014781 0.010772 0.000885 0.001540 -0.157252 0.121958 -0.059254 0.699909 0.267778 0.528282 0.784716 0.057376 -0.031806 0.014031 0.000091 -0.000330 -0.010631 -0.013850 -0.008869 -0.008589 -0.000302 0.698385 -0.000046 0.000607 0.001496 0.008821 0.016122 0.136387 0.000852 0.000360 0.000360 -0.000058 -0.000101 -0.008177 -0.007254 -0.007955 0.262393 1.043942 1.039634 1.842248 2.392197
0.008418 0.003565 0.047795 0.015015 0.043080 -0.579648 -0.600089 0.604961 1.296420 2.190021 0.407048 0.010630 0.147120 0.633852 0.893938 0.089871 0.049149 0.006975 0.000577 -0.000065 0.001125 -0.160314 0.192656 -0.018558 0.795841 0.310242 0.405739 0.637796 -0.115112 0.098716 0.000665 -0.000145 -0.000483 -0.022395 -0.010919 -0.014880 -0.019324 0.146064 0.913381 -0.190650 -0.000189 0.000444 0.000222 0.008416 0.036908 0.000322 -0.000360 -0.000360 -0.007280 -0.006327 -0.027461 -0.019315 -0.021926 0.841171 2.382699 1.850838 2.023653 2.404099
0.000671 0.028119 0.034140 0.003875 0.013481 -0.373893 -0.510969 0.537942 1.299867 1.884543 0.512466 -0.067225 0.162457 0.734331 0.000134 0.000330 0.000401 0.000013 -0.000072 -0.025938 0.002463 -0.165582 0.301320 -0.053936 0.877865 0.315951 0.392669 0.527746 -0.233652 0.383313 0.001447 -0.001868 -0.004128 -0.019082 -0.022900 -0.054384 -0.006260 0.138843 0.554803 -0.090792 0.000008 -0.000439 -0.000222 0.000066 0.000128 -0.000424 -0.014314 -0.009512 -0.021976 -0.013748 -0.003994 0.001734 0.053112 1.572896 2.606563 3.395829 4.689466 3.004082
0.001379 0.018213 0.003863 0.000840 0.000889 0.001986 -0.084620 0.416225 1.389716 1.934515 0.592131 -0.186442 0.064310 1.236861 -0.000228 -0.000396 -0.000555 -0.010357 -0.006481 -0.358759 0.013898 -0.297187 0.572902 0.007984 1.214384 0.465233 0.551162 0.738933 -0.150966 0.047271 0.000831 -0.002622 -0.003894 -0.004978 -0.003347 -0.007153 -0.096259 0.042899 0.336598 0.054458 0.002941 -0.008589 -0.006627 -0.000539 -0.000303 -0.002919 -0.051286 -0.023545 -0.029631 -0.002145 0.010337 0.002420 0.059597 1.604685 3.445133 3.351016 4.035716 2.310792
