use_cases/Flooding_chicago/flooding_data/output/hUy_1980.asc
ncols 337
nrows 393
xllcorner 428428.000000
yllcorner 4602440.000000
cellsize 26.757400
NODATA_value -9999.000000
[rows 104 to 129 of 393, columns 116 to 173 of 337]
-9999.000000 -9999.000000 -9999.000000 -9999.000000 -9999.000000 -9999.000000 -9999.000000 -9999.000000 -9999.000000 -9999.000000 -9999.000000 -9999.000000 -9999.000000 -9999.000000 0.000000 0.000000 0.007987 0.004335 0.015074 0.001404 0.002568 0.268362 0.393343 0.028380 0.034831 0.007438 0.002699 0.014424 0.002350 0.021438 0.053002 -0.091358 0.047045 0.334992 0.051392 -0.480154 0.000320 0.000003 0.000208 0.000424 0.000268 0.000025 0.000001 0.000000 0.000000 0.000000 0.008731 0.189952 0.470497 0.463842 0.442688 -0.018942 -0.108436 0.092845 0.016093 0.010172 0.108453 0.286735
-9999.000000 -9999.000000 -9999.000000 -9999.000000 -9999.000000 -9999.000000 -9999.000000 -9999.000000 -9999.000000 -9999.000000 -9999.000000 -9999.000000 -9999.000000 -9999.000000 -9999.000000 -0.008006 0.000000 0.000000 0.000000 -0.000111 0.005185 0.026348 0.092738 0.026421 0.001875 0.006894 0.001071 0.000609 0.000478 0.068618 -0.057086 0.035517 0.031874 0.062700 -0.037201 -0.034304 -0.000138 -0.008851 -0.000326 -0.000007 -0.000305 -0.002781 -0.018529 -0.015312 -0.005934 0.040391 0.069622 0.479901 0.558263 0.535582 0.387907 0.093947 0.214598 0.005142 0.002473 0.001549 0.118710 0.231040
-9999.000000 -9999.000000 -9999.000000 -9999.000000 -9999.000000 -9999.000000 -9999.000000 -9999.000000 -9999.000000 -9999.000000 -9999.000000 -9999.000000 -9999.000000 -9999.000000 -0.001339 -0.013673 -0.007894 -0.013541 -0.004290 -0.001561 0.000836 0.001951 0.002017 0.000965 0.002273 0.000135 -0.002617 -0.000825 0.000089 0.010405 -0.021168 0.070456 0.120232 -0.046928 -0.081252 -0.038895 -0.005541 -0.022523 -0.004608 -0.000902 -0.000173 -0.001188 -0.024833 -0.067754 -0.063250 0.067247 0.077662 0.058991 0.076353 0.120005 0.498559 0.475446 0.666238 0.028505 0.006786 0.002532 0.057379 0.269124
-9999.000000 -9999.000000 -9999.000000 -9999.000000 -9999.000000 -9999.000000 -9999.000000 -9999.000000 -9999.000000 -9999.000000 -9999.000000 -9999.000000 -9999.000000 -0.000070 -0.000689 -0.024491 -0.019055 -0.067494 -0.040044 -0.005527 -0.003210 -0.001968 -0.000546 -0.000111 -0.000400 -0.000466 -0.044363 -0.000932 -0.000453 0.000066 0.108119 0.143935 0.000438 -0.067561 -0.070279 -0.045184 -0.070684 -0.025670 -0.011498 -0.001555 -0.000491 -0.001794 -0.001278 -0.008194 -0.015597 0.035376 0.027946 0.009634 0.012858 0.131586 0.105243 0.112959 0.206495 0.034408 0.025680 0.004228 -0.091617 0.505517
-9999.000000 -9999.000000 -9999.000000 -9999.000000 -9999.000000 -9999.000000 -9999.000000 -9999.000000 -9999.000000 -9999.000000 -9999.000000 -9999.000000 0.000326 -0.022480 -0.001964 -0.006497 -0.061269 -0.027504 -0.016150 -0.005555 -0.045219 -0.002465 -0.002304 -0.001053 -0.000765 -0.000378 -0.112867 -0.007473 -0.001291 -0.000233 -0.000011 0.000015 -0.000097 -0.025157 -0.165705 -0.016451 -0.106189 -0.079175 -0.011608 -0.010993 -0.026786 -0.004726 -0.000124 0.000485 -0.021310 0.000000 0.000205 0.000107 0.002423 0.057258 0.196230 0.241609 0.023003 0.035911 0.022141 0.006674 -0.133204 0.642526
-9999.000000 -9999.000000 -9999.000000 -9999.000000 -9999.000000 -9999.000000 -9999.000000 -9999.000000 -9999.000000 0.000421 0.001034 -0.000003 -0.000208 -0.021257 -0.001455 -0.002394 -0.024480 -0.016399 -0.010457 -0.003846 -0.020889 -0.075755 -0.006647 -0.022476 -0.014354 -0.036064 -0.045865 -0.037398 -0.017406 -0.052073 -0.049961 -0.000706 -0.007079 -0.039559 -0.367011 -0.031647 -0.048045 -0.035452 -0.029501 -0.065597 -0.064279 -0.002770 -0.000844 0.000858 -0.013917 -0.026077 -0.001980 -0.000202 0.013914 0.081374 0.127196 0.094549 0.015585 0.030743 0.018616 0.037370 0.024900 1.349582
-9999.000000 -9999.000000 -9999.000000 -9999.000000 -9999.000000 -9999.000000 -9999.000000 -9999.000000 0.001049 -0.000424 -0.001201 -0.008204 -0.012744 -0.103158 -0.013160 -0.005777 -0.060338 -0.036023 -0.056335 -0.032453 -0.070451 -0.115894 -0.045829 -0.040837 -0.023137 -0.044642 -0.090293 -0.069531 -0.048785 -1.135913 -0.078337 0.542759 0.014677 0.034954 -0.295313 -0.261457 -0.019124 -0.019825 -0.008575 -0.065654 -0.137722 -0.015927 -0.008337 0.011954 0.717786 0.396271 0.158539 0.155770 0.058299 0.287174 0.010723 0.006779 0.004571 0.016509 0.010245 0.027593 0.023191 0.047992
-9999.000000 -9999.000000 -9999.000000 -9999.000000 0.000378 0.000352 0.000004 0.000119 -0.000576 -0.005358 -0.001070 -0.017281 -0.020274 -0.180818 -0.027812 -0.020989 -0.066161 -0.040971 -0.065945 -0.088307 -0.068344 -0.143657 -0.111689 -0.036093 -0.023449 0.008653 -0.230476 -0.108962 -0.288204 -0.991642 0.005881 0.840849 0.003946 0.007246 -0.214425 -0.182470 -0.155205 -0.006215 -0.017070 -0.088315 -0.220027 -0.093754 -0.009997 0.005906 0.009188 0.012943 0.004345 0.006675 0.015318 0.022308 0.001372 0.003021 0.000852 0.000129 0.000606 0.007904 0.016047 0.010946
-9999.000000 -9999.000000 0.001830 0.000600 -0.000246 -0.000160 -0.000246 -0.000303 -0.001380 -0.003355 -0.017258 -0.018650 -0.026453 -0.275876 -0.034084 -0.032078 -0.036085 -0.045776 -0.047611 -0.131495 -0.100070 -0.173150 -0.153987 -0.034259 -0.002838 0.000000 0.000000 -0.023044 -0.762414 -0.881453 -0.104867 0.678846 0.000222 0.000103 -0.075418 -0.268891 -0.398110 -0.008299 -0.020551 0.024793 -1.394122 -0.089569 -0.000419 0.000000 0.000000 0.000000 0.000000 0.000000 0.000000 0.000067 -0.000077 -0.002912 -0.001718 -0.000065 -0.000064 0.000000 0.000000 0.000000
0.000948 0.002218 0.005450 -0.003571 -0.022668 -0.010128 -0.000197 -0.008262 -0.011091 -0.016281 -0.043123 -0.032968 -0.020991 -0.123229 -0.155904 -0.035488 -0.021836 -0.045218 -0.063353 -0.145364 -0.096302 -0.371818 -0.312064 -0.034118 -0.010277 -0.004212 -0.007696 -0.048618 -0.105917 -0.533945 -0.177022 0.201225 -0.000222 -0.000103 -0.051517 -0.402270 -0.471875 -0.017131 -0.005332 0.011100 -0.306018 -0.220509 -0.004725 -0.007161 -0.005094 -0.003990 -0.018961 -0.028111 -0.005350 -0.000464 -0.009834 -0.033694 -0.046037 -0.009048 -0.021586 -0.008066 -0.008066 -0.012367
0.000000 -0.000385 -0.001879 -0.054248 -0.121067 -0.025750 -0.009001 -0.015780 -0.016051 -0.025811 -0.063971 -0.075237 -0.003991 -0.100714 -0.311203 -0.026405 -0.023010 -0.039814 -0.156135 -0.173429 -0.297541 -0.448016 -0.229529 -0.059214 -0.013937 -0.007710 -0.067647 -0.044780 -0.087550 -0.112925 -0.068683 -0.053371 -0.003946 -0.007246 -0.083053 -0.943689 -1.046214 -0.040593 -0.002259 0.000408 0.019980 -0.383265 -0.376746 -0.017396 -0.026476 -0.008280 -0.031216 -0.082853 -0.008845 -0.011104 -0.019157 -0.220761 -0.262360 -0.258683 -0.193597 -0.014853 -0.016779 -1.489746
-0.002260 -0.002689 -0.001834 -0.060458 -0.068249 -0.099569 -0.014994 -0.030849 -0.012645 -0.034553 -0.047621 -0.143365 -0.008345 -0.085345 -0.309177 -0.122598 -0.119034 -0.169101 -0.222154 -0.079603 -0.359313 -0.314169 -0.093288 -0.007271 -0.023501 -0.006645 -0.138041 -0.095736 -0.041593 -0.060271 -0.037753 -0.117572 -0.057560 -0.030855 -0.043612 -0.599806 -0.773964 -0.355421 -0.001206 -0.000538 -0.000019 -0.000000 -0.224444 -0.510674 -0.837040 -0.009305 -0.034582 -0.423854 -0.016668 -0.016596 -0.025541 0.464429 0.297868 0.284396 -0.006127 -1.000423 -0.433828 -1.195634
-0.001427 -0.042434 -0.001042 -0.055326 -0.055573 -0.044201 -0.386058 -0.029962 -0.015935 -0.027924 -0.121464 -0.156730 -0.102130 -0.084196 -0.363828 -0.260630 -0.260233 -0.072272 -0.123105 -0.048498 -0.345182 -0.334896 0.104686 0.000489 -0.005053 -0.047242 -0.061406 -0.049728 -0.122805 -0.104680 -0.057373 -0.198689 -0.122125 -0.057712 0.094765 -0.466521 -0.513361 -0.356727 -0.005847 -0.011837 -0.014624 -0.026659 -0.086566 -0.341826 -0.000325 -0.011232 -1.631034 0.289057 -0.078743 -0.335252 -0.262869 1.180754 0.800379 0.416435 0.074743 -1.027721 -0.325443 -0.864060
0.000340 -0.034938 -0.037733 -0.046000 -0.041871 -0.022633 -0.149509 -0.087430 -0.312044 -0.168131 -0.051247 -0.080160 -0.039587 -0.236359 -0.242403 -0.188924 -0.196384 -0.220499 -0.221327 -0.098757 -0.087494 -0.100324 -0.000076 -0.001352 0.000222 -0.009832 -0.043800 -0.108515 -0.217132 -0.146482 -0.069786 -0.466429 -0.207928 -0.017708 0.004052 -0.296906 -0.469904 -0.520991 -0.004066 -0.018302 -0.040651 -0.357325 -0.426178 -0.277605 -0.092937 -0.532721 -0.995771 0.525890 0.473254 0.195130 0.431248 1.962075 0.954359 0.219725 0.105226 -0.891016 -0.468203 -0.903868
0.000222 0.000103 -0.028981 -0.043960 -0.035456 -0.013266 -0.070520 -0.016534 -0.182804 -0.147469 0.000222 -0.037407 -0.103072 -0.178158 -0.195567 -0.158902 -0.119072 -0.493022 -0.432554 -0.072573 -0.113995 -0.045563 -0.028336 -0.000641 -0.000222 -0.002365 -0.056342 -0.316914 -0.366721 -0.318068 -0.323467 -0.470305 -0.063466 -0.002532 0.009215 -0.143294 0.091576 -0.465071 -0.181400 -0.106003 0.239324 -0.635855 -0.506991 -0.950532 -0.476153 -0.030776 -0.505207 0.626285 0.784832 0.389266 0.810127 1.261127 0.000321 0.000000 0.000021 -0.068661 -0.104282 -0.712105
-0.000222 -0.000103 -0.018301 -0.042336 -0.295533 -0.013139 -0.000846 -0.000060 -0.180307 -0.163800 -0.000222 -0.008885 -0.070897 -0.129743 -0.127781 -0.086975 -0.325658 -0.387711 -0.347693 -0.033183 -0.172250 -0.037093 -0.038136 -0.009146 -0.012161 -0.011091 -0.275947 -0.374330 -0.528224 -0.727346 -0.338528 -0.167172 0.037736 0.009278 0.017583 0.040399 0.021945 -0.399117 -0.174004 -0.049120 0.038925 -0.813001 -0.503947 -0.710099 -0.269473 -0.091274 -0.453977 0.642174 0.830255 0.439001 0.674005 0.408133 -0.000766 -0.012390 -0.142454 0.213549 0.249388 -0.380319
-0.012187 -0.028881 -0.016902 -0.028974 -0.027377 -0.014067 -0.003241 -0.046832 -0.083599 -0.228401 -0.102821 -0.033161 -0.179750 -0.202521 -0.143574 -0.287958 -0.763004 -0.543654 -0.522381 -0.044983 -0.173765 -0.016940 -0.050533 -0.032634 -0.012295 -0.181660 -0.288028 -0.340895 -0.500440 -0.733564 0.093859 0.336539 0.179199 0.020642 0.021104 0.004235 0.002410 0.002633 -0.255138 -0.051237 -0.004503 -0.816932 -0.633773 -0.213384 -0.049802 -0.095667 -0.245809 0.396505 0.769646 0.415278 0.578519 0.249069 0.016379 -0.205972 -0.199644 0.092683 0.495102 -0.198352
-0.029502 -0.146844 -0.090564 -0.073108 -0.013309 -0.008650 -0.004394 -0.076977 -0.080631 -0.210834 -0.768303 -0.282051 -0.500691 -0.433006 -0.332628 -0.675219 -1.085669 -1.239640 -1.283833 -0.028104 -0.091323 -0.078673 -0.184496 -0.202497 -0.065473 -0.432395 -0.260518 -0.256218 -0.403948 -0.748566 0.003812 0.041778 0.077844 0.034516 0.010258 0.009536 0.004460 0.007416 0.001547 -0.014915 -0.001457 -0.909523 -0.673265 0.026699 0.027914 -0.211988 -0.417411 0.384509 0.601626 0.410130 0.565945 0.032784 0.008449 -0.516621 -0.247816 0.029148 0.588671 -0.061863
-0.086156 -0.080606 -0.085661 -0.000332 -0.006003 -0.003678 -0.002303 -0.012416 -0.126711 -0.112830 -0.013838 -0.139013 -0.480368 -0.665580 -0.511432 -0.321966 -0.582636 -0.692171 -0.609586 -0.056151 -0.052909 -0.069676 -0.105569 -0.001868 -0.035847 -0.593154 -0.223125 -0.110159 -0.101993 -0.621626 0.001091 0.012602 0.023964 0.020324 0.023331 0.011832 0.006722 0.035916 0.005168 0.000995 0.010425 -0.781273 -0.814754 0.529796 0.225257 -0.156289 -0.611384 0.322973 0.704260 0.326218 0.430071 0.026180 -0.004424 -0.096111 -0.529929 -0.093149 0.812504 0.023646
-0.030606 -0.348480 -0.039723 -0.012353 -0.002154 -0.002126 -0.001168 -0.018871 -0.061347 -0.063001 -0.013777 -0.001291 -0.211738 -0.809030 -0.481134 -0.424309 -0.526872 -0.689250 -0.438267 -0.027405 -0.099726 -0.051327 -0.078009 -0.012105 -0.059043 -1.036675 -0.200476 -0.012109 -0.032865 -0.187331 0.000172 0.000933 0.001099 0.032611 0.053938 0.012274 0.008118 0.015926 0.035419 0.033944 0.085969 -0.499350 -0.640918 0.890468 0.225030 -0.034441 -0.660328 0.240754 0.681716 0.175597 0.012299 -0.246906 -0.040735 0.171345 -0.793318 -0.245468 0.926338 0.111718
-0.055228 -0.320553 -0.265486 -0.008795 -0.005024 -0.002505 -0.001016 -0.007116 -0.105923 -0.220130 -0.107746 -0.001340 -0.064414 -0.817993 -0.859910 -0.560842 -0.497040 -0.749516 -0.390257 -0.017208 -0.056149 -0.030524 -0.059831 -0.009470 -0.026934 -1.397820 -0.044901 0.000840 0.153351 0.109437 0.000949 0.000808 0.001577 0.033552 0.006519 0.002085 0.001122 0.000456 0.020798 0.068238 0.064971 0.093614 0.354742 1.571283 0.320183 0.330528 -0.199033 0.484404 0.738907 0.025834 -0.185831 -0.192477 -0.085657 0.160487 -0.550536 0.095783 0.849647 0.222350
-0.033308 -0.342761 -0.304512 -0.003810 -0.003518 -0.001507 -0.001505 -0.001680 -0.025995 -0.485389 -0.088337 -0.153860 -0.069076 -0.644806 -0.965601 -0.699409 -0.502203 -0.820824 -0.099692 -0.000232 -0.003058 -0.026257 -0.062125 -0.188339 -0.368302 -1.054077 -0.016554 0.000617 0.002366 0.000907 0.000134 -0.000297 0.000134 0.001065 0.000000 0.000046 -0.000560 -0.000348 0.010046 0.065725 0.050287 0.056381 0.062037 0.089881 0.076212 0.031712 0.001239 0.413695 0.466748 0.123832 0.106805 0.332517 0.188673 0.113326 0.093829 1.450387 1.213959 0.016689
0.000253 -0.439724 -0.461335 -0.188114 -0.004197 -0.001606 -0.001318 -0.055496 0.192155 -0.385140 -0.280788 -0.207614 -0.374846 -0.669570 -0.697759 -0.701326 -0.140262 -0.798054 -0.071698 -0.134479 -0.004109 -0.015468 -0.382391 -0.731849 -0.547650 -0.542325 -0.005633 -0.000703 -0.000925 -0.000267 -0.000234 -0.000973 -0.001781 -0.001438 -0.010397 -0.001835 -0.005309 -0.006676 0.023246 0.023169 0.023892 0.014005 0.047960 0.044992 0.030310 0.005005 0.001927 0.462726 0.450999 0.001121 0.004001 0.032876 0.030124 0.041765 0.045223 0.026030 0.060323 0.000000
-0.039923 -0.321655 -0.401395 -0.295680 -0.004895 -0.001790 -0.012908 0.421080 0.381880 -0.277865 -0.254854 -0.246602 -0.373727 -1.004579 -1.152254 -0.563331 -0.486382 -1.279315 -0.319625 -0.009998 0.098557 -0.522645 -1.231854 -1.148332 -0.285903 -0.303807 -0.004619 -0.026394 -0.002524 -0.003081 -0.017821 -0.005240 -0.048480 -0.016477 -0.030576 -0.001032 -0.002163 -0.012728 0.017392 0.025328 0.040121 0.044539 0.030683 0.033106 0.001392 0.001621 0.001580 0.566893 0.529084 0.000881 0.003416 0.002059 0.025219 0.021000 0.011531 0.022553 0.052928 -0.012647
0.035378 -0.107972 -0.183602 -0.328653 -0.177461 -0.091527 -0.210982 0.490836 0.401215 -0.214310 -0.244596 -0.178839 -0.297455 -0.958652 -1.171576 -1.011353 -0.500660 -1.231765 -0.384503 0.055342 0.113502 -0.528021 -0.938659 -0.267568 0.000000 0.000000 -0.028748 -0.049095 -0.020857 -0.024397 -0.048810 -0.023188 -0.077716 -0.026932 -0.004695 -0.000645 0.000158 -0.024030 0.012571 0.019374 0.083793 0.013318 0.007955 0.008527 0.001930 0.001011 0.001073 0.306577 0.289501 -0.000004 0.003305 0.004543 0.002589 0.003289 0.002391 0.018193 0.033787 0.018195
0.002200 -0.096086 -0.000488 -0.264532 -0.190221 -0.234982 -0.119049 0.511015 0.351263 -0.156667 -0.215137 -0.160455 -0.329087 -0.969839 -1.252441 -0.924986 -0.494783 -1.054957 -0.432711 0.065579 0.067661 -0.420077 -0.669798 0.092441 0.013848 -0.003663 -0.163215 -0.172769 -0.100936 -0.117388 -0.148803 -0.071145 -0.077950 -0.031665 -0.008891 -0.008100 -0.000359 -0.031965 0.000729 0.001802 0.015071 0.006355 0.000588 0.000125 0.000316 0.000044 0.000992 0.229706 0.239959 0.347421 0.025741 0.049862 0.023485 0.023966 0.008300 0.006611 0.034455 0.039912
