use_cases/Flooding_chicago/flooding_data/output/hUy_2220.asc
ncols 337
nrows 393
xllcorner 428428.000000
yllcorner 4602440.000000
cellsize 26.757400
NODATA_value -9999.000000
[rows 130 to 155 of 393, columns 116 to 173 of 337]
-0.032180 -0.178314 0.002793 0.001761 -0.012402 0.348811 -0.024849 0.402208 0.253649 -0.075129 -0.152925 -0.125173 -0.109149 -0.472678 -0.816554 -0.556784 -0.334452 -0.695631 -0.565778 -0.211720 -0.136838 -0.222468 -0.261524 -0.126758 -0.049580 -0.052246 -0.232941 -0.269806 0.081698 0.057396 0.015838 0.000222 -0.021277 -0.175221 -0.033257 -0.024551 -0.016392 -0.013556 -0.000240 -0.000150 0.000000 0.000000 -0.000069 -0.000066 0.000047 0.000146 0.003159 0.220733 0.195584 0.043778 0.016924 0.027931 0.036739 0.025822 0.030516 0.026455 0.025516 0.033730
-0.052028 -0.211106 0.004102 0.002581 0.018601 0.816685 0.126224 0.456008 0.183982 -0.089632 -0.140858 -0.090496 -0.039482 -0.421885 -0.593764 -0.543833 -0.320817 -0.620950 -0.712395 -0.318168 -0.255257 -0.240823 -0.246423 -0.087366 -0.040394 0.047070 -0.151266 -0.175474 0.063741 0.065811 0.031023 -0.000222 -0.005004 0.001296 -0.273315 -0.463674 -0.049312 -0.014739 -0.014086 -0.001442 -0.010881 -0.009050 -0.015672 -0.006182 -0.000443 0.000124 0.007547 0.112571 0.107972 0.037144 0.016290 0.018831 0.031350 0.017934 0.029764 0.012587 0.013969 0.001976
-0.122042 -0.234837 0.001617 0.001363 0.000553 0.691887 0.191709 0.489069 0.243120 -0.001345 -0.017329 -0.002119 0.056635 -0.308747 -0.489572 -0.385526 -0.179886 -0.390922 -0.587931 -0.346907 -0.424994 -0.362339 -0.383975 -0.230289 -0.122592 0.141944 -0.150822 -0.232213 -0.001057 0.061357 0.037331 -0.011243 -0.002988 0.230883 -0.139328 -0.246401 -0.335516 -0.031331 -0.026770 -0.009448 -0.017085 -0.020063 -0.036573 -0.023541 -0.041511 0.000000 0.002823 0.030260 0.065356 0.033060 0.000605 0.007410 0.014215 0.009476 0.016527 0.000347 0.000008 -0.000173
-0.314842 -0.340767 -0.004010 -0.002379 -0.000644 0.239698 0.218536 0.562212 0.289239 0.129663 0.090017 0.116906 0.216207 -0.183071 -0.427998 -0.293020 -0.056262 -0.228222 -0.403545 -0.246273 -0.432282 -0.330191 -0.267823 -0.190167 -0.146776 0.207071 -0.153463 -0.291491 -0.084251 0.014543 0.001027 -0.034104 -0.045420 0.025180 -0.086746 -0.128421 -0.194472 -0.384654 -0.029892 -0.015948 -0.018227 -0.026821 -0.037910 -0.041594 -0.097746 -0.027475 -0.000329 0.002676 0.024995 0.011018 0.000294 0.000093 0.000091 0.000000 0.000000 -0.000178 -0.005152 -0.021789
-0.483476 -0.464471 -0.004708 -0.002533 -0.014196 0.246188 0.325886 0.463168 0.346692 0.193337 0.167264 0.208294 0.361251 -0.000636 -0.349435 -0.321083 0.026109 -0.077109 -0.136075 -0.131325 -0.468431 -0.438234 -0.237134 -0.144448 -0.168257 0.061086 -0.161775 -0.270106 -0.177353 -0.039324 -0.062334 -0.013456 -0.063922 -0.018836 0.014194 -0.041878 -0.107207 -0.357116 -0.032649 -0.017867 -0.019124 -0.048479 -0.010731 -0.049597 -0.135564 -0.099359 -0.010402 -0.000201 0.000102 0.000098 -0.000002 -0.000144 -0.000852 -0.011185 -0.008591 -0.010178 -0.016174 -0.044499
-0.260919 -0.427052 -0.167367 -0.117416 -0.347885 0.283401 0.411612 0.491554 0.494757 0.290704 0.283621 0.360677 0.474063 0.203083 -0.164642 -0.266148 0.022199 0.085489 -0.025750 -0.091623 -0.429878 -0.448129 -0.260341 -0.206961 -0.172918 -0.079384 -0.205715 -0.221226 -0.267028 -0.103703 -0.143203 -0.000038 -0.040286 -0.001881 0.121334 -0.142560 0.003049 -0.452962 -0.287004 -0.132396 -0.131722 -0.110756 -0.045756 -0.071445 -0.225502 -0.212419 -0.033143 -0.000688 -0.000224 -0.001323 -0.013548 -0.009762 -0.008292 -0.023370 -0.016078 -0.022101 -0.026321 -0.027811
-0.001210 -0.270086 -0.154782 -0.551427 -0.089750 0.483245 0.446995 0.655155 0.489409 0.345646 0.372094 0.491949 0.702388 0.367451 0.060253 -0.083708 0.052901 0.177035 -0.003823 -0.049525 -0.422531 -0.524219 -0.290332 -0.263328 -0.404307 -0.310499 -0.248123 -0.347311 -0.272217 -0.153032 -0.087394 -0.042033 0.125445 0.102381 0.537998 0.059082 0.231062 -0.392188 -0.406036 -0.084685 -0.073609 -0.049441 -0.101722 -0.064268 -0.648285 -0.084795 -0.039008 -0.000737 -0.009146 -0.006059 -0.071886 -0.018567 -0.025213 -0.015884 -0.020873 -0.024678 -0.021256 -0.028968
-0.115171 -0.122786 -0.076002 -0.207051 0.015695 0.281910 0.482256 0.668576 0.500059 0.402242 0.404708 0.498965 0.648220 0.430158 0.234319 0.040383 0.146884 0.199675 0.046177 0.023292 -0.251946 -0.420841 -0.306015 -0.241399 -0.498298 -0.488172 -0.358315 -0.362996 -0.375525 -0.102702 -0.032633 -0.013893 0.307400 0.224220 0.760597 0.035525 0.170360 -0.514519 -0.688716 -0.115974 -0.072080 -0.034543 -0.041086 0.024637 -0.944761 0.042906 0.020843 -0.020559 -0.019630 -0.008884 -0.112770 -0.029952 -0.020593 -0.036065 -0.026386 -0.031747 -0.032930 -0.697803
-0.284309 -0.188241 -0.181712 -0.050831 -0.010261 0.397734 0.499472 0.720819 0.492658 0.471044 0.435162 0.578566 0.723978 0.525589 0.306480 0.139238 0.178655 0.241843 0.052675 0.051439 -0.040908 -0.363777 -0.286370 -0.138516 -0.348063 -0.615410 -0.474238 -0.342791 -0.362214 -0.173599 0.208854 0.326263 0.369245 0.421428 0.770846 -0.118198 0.081666 -0.778002 -1.073129 -0.131997 -0.245382 -0.178076 -0.044346 0.087216 -0.840890 0.044831 0.290776 -0.923661 -0.187247 -0.027110 -0.095980 -0.061725 -0.015656 -0.059727 -0.054439 -0.020094 -0.032690 -0.460512
-0.187163 -0.136946 -0.139848 0.003134 0.048681 0.404092 0.472115 0.801208 0.455881 0.407391 0.359285 0.761247 0.910016 0.577630 0.309398 0.173398 0.296193 0.198665 0.098864 0.115173 0.049451 -0.212069 -0.147575 -0.068694 -0.013811 -0.368130 -0.404969 -0.421216 -0.455944 0.115215 0.513115 0.305212 0.394370 0.910292 1.052833 -0.300654 -0.075682 -0.542886 -1.006038 -0.679070 -0.811344 -0.799634 -0.323126 -0.098311 -0.395972 -0.025672 0.113717 -0.813338 -0.484238 -0.178486 -0.125181 -0.180209 -0.892739 -0.905813 -1.270128 -0.013313 0.085615 0.255163
0.000002 -0.051328 -0.056967 -0.016216 0.221292 0.507619 0.518401 0.759238 0.472324 0.413518 0.386307 0.804704 0.920173 0.628934 0.411165 0.264683 0.468762 0.138006 0.178721 0.218461 0.127048 -0.032368 0.003761 0.049788 0.092575 -0.021484 -0.196045 -0.228028 -0.142108 0.278870 0.449694 0.350676 0.515053 0.639789 1.453264 -0.205141 0.132066 -0.304550 -0.636728 -1.706731 -0.933251 -0.960195 -0.307320 -0.957206 -0.126935 -0.096536 -0.265906 -1.221268 -0.909366 -0.307571 -0.058753 0.406750 1.257523 0.645361 -0.642644 -1.056406 -0.073617 1.602523
-0.007239 0.023908 0.143758 0.011627 0.306150 0.426799 0.405293 0.486383 0.423081 0.446427 0.524583 0.897941 1.042553 0.746279 0.520744 0.503994 0.697887 0.171503 0.300064 0.317174 0.187331 0.060092 0.205064 0.154210 0.181183 0.221300 0.376432 0.178064 0.045182 0.430231 0.397918 0.468531 0.708604 0.488620 0.013402 0.169858 1.652165 0.016858 0.073552 0.098056 -0.717716 -0.529286 -0.508560 -1.053933 0.273394 0.501583 -0.027147 -0.621932 -0.712848 0.483796 1.248361 0.864182 0.651330 0.427745 -1.665800 -2.167246 -0.164851 0.737397
0.065813 0.092696 0.320527 0.084138 0.549461 0.459036 0.431145 0.513113 0.582193 0.536157 0.605365 1.041451 1.091707 0.712026 0.643190 0.674730 0.851707 0.353827 0.238128 0.281411 0.307633 0.147452 0.189908 0.237682 0.287429 0.333599 0.333122 0.286168 0.055647 0.169582 0.470267 0.051199 0.075422 0.022981 0.013223 0.006653 0.052250 0.012289 0.009545 0.012849 0.022416 0.063396 -0.439051 -0.349764 0.244579 0.403787 -0.007734 -0.230779 -0.449483 0.731617 0.619380 0.055575 0.006077 0.001827 -1.121294 -2.240444 -0.148377 0.270257
0.167818 0.196593 0.169121 0.137452 0.310620 0.447086 0.421454 0.519582 0.499056 0.675728 0.744690 1.002180 0.972147 0.861763 0.784336 0.936591 1.188918 0.371127 0.244286 0.299246 0.349574 0.185893 0.124247 0.356813 0.461725 0.501094 0.508320 0.513084 0.058241 0.020039 0.006224 0.044936 0.056488 0.010510 0.000600 0.001970 0.003101 0.001737 0.000080 0.000545 0.004741 0.033181 0.015870 0.084450 0.253861 0.201119 0.185571 0.138450 -0.244350 0.257082 0.074800 0.001241 0.000759 0.001265 -0.364554 -1.478850 -0.119682 0.245211
0.201233 0.048386 0.159518 0.040358 0.084699 0.410134 0.520462 0.703804 0.479881 0.428166 0.372478 1.105071 1.392800 0.998607 0.921528 1.250753 1.183908 0.371303 0.287002 0.414932 0.378925 0.352022 0.174904 0.024816 0.031837 0.023648 0.052852 0.072628 0.061635 0.038422 0.021628 0.020169 0.025359 0.001129 -0.000285 0.000108 0.003489 0.001574 -0.000511 0.000287 0.000408 0.019304 0.002065 0.000828 0.000929 0.024797 0.044629 0.275024 -0.015551 0.000716 0.000554 0.000810 0.001124 0.016740 -0.007405 -1.147909 -0.021449 0.250579
0.010199 0.000316 0.012216 0.070595 0.024185 0.374678 0.442173 0.803404 0.608721 0.547190 0.509683 1.326707 1.621535 1.338662 1.217869 1.161886 1.175004 0.489592 0.415762 0.453047 0.210000 0.001336 -0.001305 0.000326 0.013007 0.003111 0.021515 0.021873 0.130048 0.102903 0.010329 0.001728 0.001612 -0.000144 -0.008462 -0.001233 0.002926 0.001751 -0.000898 -0.000293 -0.000470 -0.000040 -0.000285 0.000433 0.003204 0.027964 0.052012 0.319574 0.005228 0.001351 0.000247 0.000331 0.002519 0.008128 0.069818 -0.747835 0.033767 0.227804
0.000000 -0.000014 0.049394 0.051362 0.009808 0.324976 0.478117 0.736588 0.628021 0.555896 0.628996 1.196895 1.553087 1.487608 1.330810 1.210617 0.775377 0.221132 0.194477 0.195508 0.231075 -0.016399 -0.001015 -0.000208 -0.000003 0.001046 0.000690 0.009855 0.079025 0.083501 0.000681 0.000848 -0.001759 -0.003974 -0.007571 -0.021914 0.000360 0.000360 -0.001104 -0.000410 -0.018145 -0.011880 -0.034782 -0.004913 0.009883 0.013575 0.137803 0.268595 0.026551 0.004584 -0.000569 -0.000393 0.008790 0.003613 0.094154 -0.113153 0.135715 0.237285
-0.008618 -0.000274 0.104576 0.070476 0.067792 0.307236 0.448613 0.732222 0.557838 0.487279 0.618571 1.204631 1.673196 1.501850 1.409766 1.554173 0.842336 0.251467 0.219692 0.197645 0.317563 0.033618 0.169628 -0.014467 -0.021278 -0.001043 0.000657 0.001995 0.055357 0.038460 -0.000401 -0.002154 -0.002238 -0.017424 -0.044243 -0.076777 -0.000360 -0.000360 -0.000467 -0.000419 -0.044150 -0.039282 -0.190104 -0.003727 0.002094 0.044709 0.033471 0.034622 0.019676 0.013437 -0.009382 -0.048722 0.008463 0.004451 0.229168 0.087165 0.095711 0.070398
0.289763 -0.127805 0.116744 0.054526 0.114727 0.337339 0.531182 0.752479 0.546236 0.506912 0.618950 1.081367 1.650797 1.349468 1.433042 1.693838 1.537218 0.719125 0.486017 0.399703 0.344884 0.047068 0.244934 -0.803387 -0.558870 -0.010390 -0.000263 0.002530 0.017229 0.002901 -0.000973 -0.001694 -0.001876 -0.028813 -0.095250 -0.113148 -0.012422 -0.015495 -0.009159 -0.000867 -0.051582 -0.099569 -0.129915 -0.001507 0.002894 0.014341 0.006723 0.005236 0.026853 0.010237 -0.003766 0.338806 0.257340 0.178055 0.213892 0.060006 0.073648 0.063311
0.408497 -0.122701 0.036485 -0.011528 0.470376 0.525248 0.620924 0.748135 0.535807 0.429125 0.627454 1.005687 1.329165 1.557765 1.194634 1.858171 1.172295 0.384932 0.588209 0.504423 0.307873 0.070416 0.379495 -0.662448 -0.106951 -0.037133 -0.006685 0.000487 0.000774 -0.001034 -0.016620 -0.014093 -0.002625 -0.021492 -0.089143 -0.149498 -0.078047 -0.024679 -0.021713 -0.011935 -0.000460 -0.006947 -0.155795 -0.096966 0.000182 0.000222 0.008491 0.008416 0.007482 0.000222 0.000103 0.805790 1.045028 0.625737 0.164703 -0.084382 -0.040777 -0.035311
0.483919 0.052447 0.017499 -0.146807 0.966877 0.627483 0.849197 0.716051 0.180992 0.183922 0.399065 0.619378 1.512265 1.371459 1.492156 1.324704 1.404661 0.472397 0.456780 0.399586 0.392672 -0.000100 0.156038 -0.043163 0.083336 -0.208403 -0.014298 0.000048 0.001263 -0.000930 -0.038429 -0.043622 -0.024983 -0.005509 -0.023376 -0.317570 -0.651623 -0.306302 -0.022885 -0.024401 -0.001402 0.007549 -0.480006 -0.025497 -0.000119 -0.000222 0.001692 0.002558 0.002385 -0.000222 -0.000103 1.266760 1.266908 0.581606 0.382746 -0.063262 -0.375145 -1.034903
0.068146 0.000000 0.000000 0.782057 0.647970 0.525837 0.549121 0.526677 0.083284 0.102780 0.472748 0.710729 1.166943 1.586236 1.208940 1.393210 1.447753 1.184052 0.887571 0.707327 0.385127 0.132261 0.000068 0.062932 0.094811 0.001108 0.000323 0.000182 0.000340 0.035919 -0.021066 -0.398736 -0.448204 -0.010938 0.031503 0.138218 -0.175595 -0.181940 -0.317171 -0.148287 -0.018597 0.009116 -0.279729 -0.009882 -0.000300 -0.003291 -0.004702 -0.004838 -0.005305 -0.015850 -0.037130 1.437072 1.490235 0.025484 0.005094 -0.131334 -0.384024 -1.041038
0.000000 -0.005237 0.326976 0.995851 0.379837 0.401015 0.654891 0.483306 0.082132 0.162434 0.314674 0.393123 1.141268 1.099755 1.433106 1.787446 1.868429 1.314715 1.357253 0.802204 0.330992 0.154988 0.082336 0.094472 0.003816 0.001762 0.000630 0.000245 0.000000 0.006488 -0.000997 -0.312907 0.052193 0.154571 0.348871 0.269506 0.017978 -0.245707 -0.459046 -0.065463 -0.017426 0.000106 -0.327260 -0.081280 -0.001338 -0.004219 -0.006369 -0.006904 -0.004567 -0.214809 0.379499 1.917412 1.345141 0.000000 0.000000 0.000073 -0.242863 -0.620439
-0.065199 0.018563 1.141430 1.173563 0.035889 0.072041 0.062827 0.512195 0.052575 0.124275 0.368648 0.393352 0.966051 1.267610 1.130849 1.918929 2.125107 1.416951 1.485238 0.790926 0.555127 0.186748 0.100778 0.001802 0.002840 0.000612 0.002144 0.000111 -0.000340 0.000332 0.012394 -0.201606 0.333649 0.306244 0.318876 0.166629 0.273886 -0.262295 -1.008141 -0.081239 -0.044183 -0.022000 -0.305530 -0.331309 -0.218467 -0.247130 -0.119476 -0.006245 -0.003834 -0.293727 0.432239 2.105570 1.604159 0.186104 -0.004058 -0.000144 0.171479 0.075228
0.049634 0.082995 0.577145 0.458113 0.064883 0.108385 0.104675 0.103489 0.000360 0.000360 0.377593 0.385117 0.835177 1.034196 1.045081 1.945648 1.773483 1.390813 1.506982 0.894622 0.546746 0.216183 0.130949 -0.000583 0.002508 0.001741 0.021142 -0.000202 -0.001265 0.000365 0.007824 -0.213749 0.434222 0.297987 0.256793 0.233059 0.565985 0.000995 -0.678808 -0.631545 -0.061640 -0.232735 -0.571915 0.075517 -0.044129 -0.014042 -0.024362 -0.017204 0.438656 -0.511997 0.316495 1.562183 1.453890 0.252281 -0.174755 1.155608 0.761780 1.622290
0.307229 0.004658 0.011869 0.000975 0.071935 0.410157 0.171912 0.067155 -0.000360 -0.000360 0.355750 0.356080 0.730934 0.910854 1.042094 1.659645 1.936606 1.610377 1.756996 0.942378 0.581132 0.461996 0.176580 -0.109271 0.019473 0.015889 0.008289 -0.000607 -0.001145 -0.000362 -0.000008 -0.054295 0.544419 0.287755 0.250054 0.894896 0.659908 0.101676 -0.494406 -0.532674 -0.406180 -0.320023 -0.538942 0.117529 0.095074 -0.044728 -0.130406 -0.493673 0.241924 -0.046824 0.387603 1.089538 0.979393 0.213363 0.829328 0.518172 0.421115 0.648202
