use_cases/Flooding_chicago/flooding_data/output/hUy_180.asc
ncols 337
nrows 393
xllcorner 428428.000000
yllcorner 4602440.000000
cellsize 26.757400
NODATA_value -9999.000000
[rows 156 to 181 of 393, columns 232 to 289 of 337]
0.024893 0.000531 0.005598 -0.000415 -0.017893 -0.014076 -0.011241 -0.004361 0.000220 0.000164 -0.015778 -0.073093 -0.060230 -0.007798 -0.019598 0.000000 -0.006146 0.008695 0.022649 0.018384 0.009375 0.009950 -0.020429 -0.037530 -0.002723 -0.021329 -0.004869 0.003369 0.023654 0.001441 0.000910 0.005841 0.033762 0.010448 0.006016 0.006651 0.009764 0.000395 -0.000821 -0.033788 -0.265980 0.000405 0.001254 0.000285 -0.000165 -9999.000000 -9999.000000 -9999.000000 -9999.000000 -9999.000000 -9999.000000 -9999.000000 -9999.000000 -9999.000000 -9999.000000 -9999.000000 -9999.000000 -9999.000000
0.111750 0.007698 0.000000 -0.004711 -0.008267 -0.061683 -0.046402 -0.001657 -0.000220 0.000120 0.014016 0.075365 0.087055 -0.001619 -0.019180 -0.001557 -0.001918 0.008685 0.000636 0.000803 0.000394 0.000270 -0.050789 -0.134466 -0.072901 -0.061929 -0.001395 0.000292 0.000357 0.000256 0.000107 0.000604 0.000822 0.000851 0.000332 0.000000 0.000000 -0.005301 -0.003649 -0.026905 -0.037787 0.001241 0.002176 0.001662 0.001477 -9999.000000 -9999.000000 -9999.000000 -9999.000000 -9999.000000 -9999.000000 -9999.000000 -9999.000000 -9999.000000 -9999.000000 -9999.000000 -9999.000000 -9999.000000
0.056228 0.006296 -0.001185 -0.003071 -0.017526 -0.077334 -0.119680 -0.015062 -0.001356 0.000324 0.009563 0.018894 0.017678 0.002669 -0.000289 -0.000378 0.000319 -0.000017 -0.000439 -0.000721 -0.000367 -0.000060 0.030739 -0.029525 0.091429 0.003352 -0.000687 -0.000165 0.000037 0.000060 -0.000259 -0.000336 -0.000919 -0.001007 -0.000957 -0.018950 -0.010286 -0.013016 0.022646 0.106093 0.048305 0.001872 0.005874 0.000686 0.000686 -9999.000000 -9999.000000 -9999.000000 -9999.000000 -9999.000000 -9999.000000 -9999.000000 -9999.000000 -9999.000000 -9999.000000 -9999.000000 -9999.000000 -9999.000000
0.016094 -0.000028 -0.001013 -0.011481 -0.051796 -0.023860 -0.205193 -0.005253 -0.001118 -0.001040 0.000208 0.000993 0.000050 0.001293 0.000122 0.000169 -0.000397 -0.022800 -0.020278 -0.015979 -0.012429 -0.001223 0.027185 0.118975 0.141989 0.076875 -0.000625 -0.000457 -0.000348 -0.000193 -0.000647 -0.000656 -0.016766 -0.010423 -0.010073 -0.076511 -0.057794 -0.059027 0.187044 0.031325 0.031751 0.000643 0.000863 0.000000 0.000000 -9999.000000 -9999.000000 -9999.000000 -9999.000000 -9999.000000 -9999.000000 -9999.000000 -9999.000000 -9999.000000 -9999.000000 -9999.000000 -9999.000000 -9999.000000
-0.000431 -0.010355 -0.007789 -0.028420 -0.041352 -0.030255 -0.258710 -0.020525 -0.008730 -0.001251 -0.000518 -0.000127 -0.001483 -0.001336 -0.047807 -0.000352 -0.007940 -0.052981 -0.056342 -0.043444 -0.049148 0.005567 0.018628 0.063966 0.039138 0.049178 0.011369 -0.010977 -0.000366 -0.000465 -0.001364 -0.006341 -0.058946 -0.033369 -0.089268 -0.012813 0.001561 0.009191 0.052604 0.012120 0.010004 0.001244 0.000672 -0.000686 -0.000686 -0.000072 -9999.000000 -9999.000000 -9999.000000 -9999.000000 -9999.000000 -9999.000000 -9999.000000 -9999.000000 -9999.000000 -9999.000000 -9999.000000 -9999.000000
-0.013468 -0.018284 -0.026264 -0.022823 -0.026356 -0.161755 -0.236016 -0.117754 -0.020685 -0.010129 -0.013650 -0.001419 -0.001486 -0.007977 -0.113360 -0.009098 -0.014575 -0.114131 -0.095507 -0.012835 -0.013700 0.010015 0.000501 0.016432 0.001499 0.000435 0.007618 -0.080865 0.000491 -0.000358 -0.001528 -0.048607 0.050905 -0.002903 0.088812 0.016291 0.015059 0.009184 0.000187 0.000410 0.000272 -0.000153 -0.002663 -0.009289 -0.006636 -0.002796 -9999.000000 -9999.000000 -9999.000000 -9999.000000 -9999.000000 -9999.000000 -9999.000000 -9999.000000 -9999.000000 -9999.000000 -9999.000000 -9999.000000
-0.033913 -0.021931 -0.037929 -0.082934 -0.087070 -0.074905 -0.120036 -0.056758 -0.121071 -0.019095 -0.032736 -0.000931 -0.000969 -0.017694 -0.221262 -0.106372 -0.105079 -0.068473 -0.011347 -0.001887 0.000778 -0.000003 -0.000151 -0.000005 -0.000836 -0.000412 -0.030471 -0.013161 0.000535 0.002231 0.008695 0.041636 0.007529 0.000620 0.008640 0.061814 0.008218 0.004344 0.000015 -0.000129 -0.000570 -0.001823 -0.002357 -0.045523 -0.007176 -0.002697 -9999.000000 -9999.000000 -9999.000000 -9999.000000 -9999.000000 -9999.000000 -9999.000000 -9999.000000 -9999.000000 -9999.000000 -9999.000000 -9999.000000
-0.028788 -0.022950 -0.329825 -0.024651 -0.027968 -0.042916 -0.064287 -0.040823 -0.036294 -0.030024 -0.054916 -0.004411 0.001324 0.000424 0.037460 -0.510597 -0.032600 0.019687 0.049548 0.000750 0.000555 -0.000394 -0.007434 -0.071082 -0.017554 -0.038221 -0.025579 0.000720 0.000001 0.000067 0.001768 0.016097 0.001175 0.000447 0.000312 0.004829 0.001949 -0.005806 -0.000424 -0.001916 -0.019062 -0.007185 -0.001072 -0.015274 -0.003883 -0.003938 -9999.000000 -9999.000000 -9999.000000 -9999.000000 -9999.000000 -9999.000000 -9999.000000 -9999.000000 -9999.000000 -9999.000000 -9999.000000 -9999.000000
-0.005585 -0.030683 -0.031062 0.005169 0.014638 -0.018042 0.001814 0.670694 0.049282 -0.004182 -0.001513 -0.048017 0.007998 0.007062 0.540392 0.116340 0.002289 0.002257 0.015299 0.000242 -0.000360 0.001212 0.001681 0.111648 -0.054543 -0.058257 0.006535 0.000034 0.000618 0.001050 0.000633 0.000722 0.000668 -0.000447 -0.000754 0.000032 0.000473 -0.008913 -0.049250 -0.059157 -0.004464 -0.003602 0.000031 -0.006599 0.000654 0.002221 -9999.000000 -9999.000000 -9999.000000 -9999.000000 -9999.000000 -9999.000000 -9999.000000 -9999.000000 -9999.000000 -9999.000000 -9999.000000 -9999.000000
0.026413 0.209951 0.099953 0.047604 0.077765 0.007764 0.089678 0.123360 0.010590 0.002857 0.021278 0.007548 0.016078 0.018118 0.128383 0.084425 0.022864 0.002284 -0.000031 -0.000834 -0.000779 0.017772 0.019306 0.184485 0.209505 0.131609 0.037115 0.010978 0.016493 0.019791 0.000626 0.000174 -0.000917 -0.000805 -0.017465 -0.000504 0.000404 -0.001476 -0.042333 -0.300102 0.015034 0.000431 0.003055 0.000532 0.003784 0.002294 0.021529 -9999.000000 -9999.000000 -9999.000000 -9999.000000 -9999.000000 -9999.000000 -9999.000000 -9999.000000 -9999.000000 -9999.000000 -9999.000000
0.076655 0.127464 0.031187 0.050566 0.057963 0.038276 0.063447 0.081699 0.003929 0.008636 0.009334 0.011506 0.009556 0.058236 0.052819 0.014279 0.115231 0.007446 0.001144 -0.008590 0.003583 0.006782 0.009540 0.044267 0.030388 0.054598 0.038418 0.007044 0.005974 0.006777 0.000218 -0.000925 -0.000922 -0.000626 -0.014622 -0.014880 0.000000 0.000582 0.025742 0.004089 0.000144 0.000394 0.000803 0.000634 0.003876 0.002414 0.017380 -9999.000000 -9999.000000 -9999.000000 -9999.000000 -9999.000000 -9999.000000 -9999.000000 -9999.000000 -9999.000000 -9999.000000 -9999.000000
0.078916 0.082057 0.030384 0.041422 0.043027 0.026727 0.035401 0.049543 0.009357 0.014332 0.016406 0.036506 0.036566 0.045614 0.023265 0.050098 0.033734 0.010597 0.002915 -0.002926 0.000269 0.000407 0.000590 0.015086 0.003461 0.015052 0.092913 0.012474 0.000068 -0.000010 -0.000464 -0.022503 -0.015217 -0.001848 -0.066529 -0.009282 -0.003466 0.000858 0.000401 0.000400 -0.000142 -0.000368 -0.000721 -0.000438 -0.000017 0.000146 0.000406 -9999.000000 -9999.000000 -9999.000000 -9999.000000 -9999.000000 -9999.000000 -9999.000000 -9999.000000 -9999.000000 -9999.000000 -9999.000000
0.047039 0.046197 0.025575 0.024935 0.021748 0.006505 0.004628 0.005001 0.016292 0.019478 0.020094 0.012053 0.031971 0.031815 0.012644 0.022695 0.001718 0.003463 0.000782 0.004869 -0.000022 -0.000324 -0.000419 0.000119 0.004783 0.003205 0.038062 0.000489 -0.000521 -0.005791 -0.026510 -0.047739 -0.034879 -0.001049 -0.056867 -0.031542 -0.002858 -0.001942 -0.000552 -0.009883 -0.009196 -0.020583 -0.027962 -0.027633 -0.006809 -0.000371 -0.000548 -9999.000000 -9999.000000 -9999.000000 -9999.000000 -9999.000000 -9999.000000 -9999.000000 -9999.000000 -9999.000000 -9999.000000 -9999.000000
0.012421 0.023417 0.002494 0.002705 0.001518 0.006605 0.000165 0.001177 0.017577 0.024989 0.005505 0.005000 0.016601 0.015985 0.003038 0.000947 -0.000058 -0.002140 -0.005982 0.014073 -0.001441 -0.016223 -0.005898 -0.000392 0.001806 0.003460 0.002324 0.000136 -0.008852 -0.014934 -0.111566 -0.037272 -0.008541 -0.009782 -0.032679 -0.023567 -0.001515 -0.001638 -0.013753 -0.040442 -0.071060 -0.028778 -0.047516 -0.056861 -0.018767 -0.009818 -0.008631 -0.000889 -9999.000000 -9999.000000 -9999.000000 -9999.000000 -9999.000000 -9999.000000 -9999.000000 -9999.000000 -9999.000000 -9999.000000
0.000207 0.000106 -0.000330 0.001188 0.001812 0.002336 -0.002716 0.085211 0.049135 0.094749 0.031066 0.019866 0.001475 0.001154 0.003692 0.000672 0.002473 -0.006533 -0.013878 0.006021 0.013202 -0.059772 -0.002415 -0.010894 -0.000243 0.000277 -0.000754 -0.001329 -0.024457 -0.019901 -0.219524 -0.051342 -0.012095 -0.016830 -0.065272 -0.062244 -0.028553 -0.015062 -0.043068 -0.043348 -0.107352 -0.078724 -0.053129 -0.076549 -0.023462 -0.021541 -0.010324 0.005967 -9999.000000 -9999.000000 -9999.000000 -9999.000000 -9999.000000 -9999.000000 -9999.000000 -9999.000000 -9999.000000 -9999.000000
-0.000325 -0.000121 0.021799 0.001875 0.004194 0.005603 0.093017 0.320029 0.022875 0.027415 0.075521 0.012728 0.003122 0.001604 0.023832 0.001679 0.035262 0.018457 -0.009215 0.010919 0.090936 0.054223 0.017046 -0.021019 0.000000 -0.001409 -0.001891 0.008334 0.003917 0.065724 -0.057467 -0.007763 -0.024214 -0.017007 -0.065185 -0.089835 -0.067573 -0.039191 -0.034321 -0.037764 -0.174459 -0.138226 -0.107077 -0.061741 -0.026555 -0.028044 -0.007551 0.030371 0.018762 -9999.000000 -9999.000000 -9999.000000 -9999.000000 -9999.000000 -9999.000000 -9999.000000 -9999.000000 -9999.000000
-0.004562 -0.007582 0.040952 0.007513 0.011678 0.038626 0.253763 0.014798 0.007811 0.006532 0.050423 0.003685 0.005442 0.001592 0.011730 0.000795 0.036861 0.320150 0.890068 0.044032 0.012123 0.156060 0.100985 0.033115 0.002763 0.000516 0.018898 0.011323 0.007529 0.027336 0.002649 0.001524 0.000000 -0.001758 -0.036800 -0.095087 -0.471934 -0.365342 -0.129357 -0.090927 0.239716 0.552561 -0.031468 -0.012220 -0.021221 -0.006943 -0.026682 0.007061 0.008551 0.012068 -9999.000000 -9999.000000 -9999.000000 -9999.000000 -9999.000000 -9999.000000 -9999.000000 -9999.000000
-0.016964 -0.063501 0.021804 0.012083 0.040217 0.042006 0.037972 0.004550 0.000000 0.000027 0.000638 0.003894 0.004173 0.000220 0.000005 0.002805 0.024242 0.088442 0.071125 0.042543 0.013143 0.062582 0.027078 0.025068 0.002608 0.001787 0.010531 0.000003 0.000207 0.000005 -0.000383 -0.001110 -0.010473 -0.001622 -0.002055 0.140214 0.026557 0.014411 0.031787 -0.010048 0.367771 0.382798 0.014807 0.011617 -0.002405 -0.012193 -0.002722 0.000121 0.000325 0.007573 -9999.000000 -9999.000000 -9999.000000 -9999.000000 -9999.000000 -9999.000000 -9999.000000 -9999.000000
-0.067931 0.015703 0.029973 0.002621 0.017882 0.018382 0.014935 -0.000545 -0.014006 -0.000398 -0.001978 -0.003085 -0.001695 -0.000220 0.000085 0.008201 0.021381 0.025991 0.020610 0.014112 0.010747 0.016930 0.017373 0.004339 0.004516 0.003182 0.010058 -0.027497 -0.000325 -0.000145 -0.003331 -0.033079 -0.020817 -0.002302 0.019772 0.113129 0.093048 0.005556 0.017494 0.027769 0.110992 0.062276 0.008429 -0.000023 -0.006520 -0.051648 -0.010063 -0.000106 -0.000207 -0.000003 -0.000000 0.000183 -9999.000000 -9999.000000 -9999.000000 -9999.000000 -9999.000000 -9999.000000
-0.008526 0.029140 0.001518 0.001100 0.000638 0.009582 0.000638 -0.007390 -0.049280 -0.023565 -0.015403 -0.003184 -0.002802 0.000282 -0.000118 0.011001 0.026655 0.001768 0.001432 0.024119 0.014626 0.000617 0.000415 0.001370 0.001827 0.003288 0.000853 -0.085790 -0.004003 0.000070 -0.001095 -0.138624 -0.005168 0.001881 0.017418 0.026035 0.039503 0.028273 0.006971 0.018997 0.035642 0.016343 0.030281 -0.000844 -0.003840 -0.149931 -0.014850 -0.000737 -0.006377 -0.006046 -0.007354 -0.000462 -9999.000000 -9999.000000 -9999.000000 -9999.000000 -9999.000000 -9999.000000
0.000360 0.000360 -0.000417 -0.000731 -0.000087 0.000000 -0.000087 -0.011769 -0.147058 0.007058 -0.021868 -0.000642 0.000198 0.000742 -0.000393 0.003562 0.000633 0.002329 0.001986 0.022068 0.000686 -0.000410 -0.000316 -0.004238 -0.003918 0.000220 0.000094 -0.025271 -0.048287 -0.004489 -0.000441 -0.076569 -0.001877 0.001153 0.000631 0.019439 0.009925 0.025128 0.024367 0.003250 0.000882 0.009993 0.040124 -0.000992 -0.001647 -0.075227 -0.002139 -0.001679 -0.019227 -0.014183 -0.020162 -0.027188 0.000000 -9999.000000 -9999.000000 -9999.000000 -9999.000000 -9999.000000
-0.000360 -0.000360 -0.016556 -0.029397 -0.011920 -0.007858 -0.006725 -0.001056 -0.074008 0.173625 0.004978 0.001045 0.001088 0.001110 -0.000191 -0.011522 -0.000385 -0.000751 0.000360 0.000360 -0.000057 -0.004852 -0.040040 -0.029673 -0.001408 -0.000220 0.000065 -0.009745 -0.016407 -0.003401 -0.000507 -0.025623 -0.119896 -0.000453 0.000318 0.000813 0.000620 0.011504 0.005900 0.000469 0.000043 0.004332 0.042029 0.015852 0.010722 -0.044465 -0.001254 -0.014006 -0.020330 -0.069661 -0.094261 -0.057587 0.001790 0.000000 -9999.000000 -9999.000000 -9999.000000 -9999.000000
-0.024727 -0.004493 -0.005619 -0.076657 -0.144733 -0.047847 -0.037531 0.000778 0.003638 0.111283 0.056024 0.000974 0.001490 0.001048 -0.000360 -0.012047 -0.039244 -0.000705 -0.000360 -0.000360 -0.012181 -0.016564 -0.184357 -0.024140 -0.000158 0.001195 0.000326 -0.003387 -0.013123 -0.013365 -0.002783 -0.007164 -0.015739 -0.000448 -0.000594 -0.000792 -0.000444 0.000100 0.000286 0.000201 -0.000357 0.000686 0.087928 0.082214 0.092821 0.090304 0.007761 -0.102596 -0.047556 0.016057 -0.100527 0.043074 0.020133 0.006178 0.003227 -9999.000000 -9999.000000 -9999.000000
0.000974 -0.101142 -0.053479 -0.037334 -0.060181 -0.011915 -0.002262 0.002559 0.019855 0.036995 0.030842 0.001480 0.002471 0.001433 -0.011240 -0.047991 -0.104397 -0.001480 -0.006731 -0.006731 -0.021580 -0.291523 -0.143309 -0.003383 0.000891 0.002351 0.000065 -0.004168 -0.010610 -0.010454 0.010803 0.009098 0.115084 0.003608 -0.007207 -0.009885 -0.015605 -0.000411 0.000230 0.000357 0.016684 0.001712 0.014574 0.005210 0.018143 0.018111 0.004108 0.000224 0.043227 0.069741 0.040941 0.010039 0.008218 0.003259 0.002399 -9999.000000 -9999.000000 -9999.000000
0.075662 0.010341 -0.006415 0.052056 -0.004767 -0.002418 0.000156 0.000737 0.011344 0.005180 0.003861 0.000924 0.003437 0.001887 -0.001306 -0.043503 -0.234170 -0.002256 -0.017167 -0.012857 -0.050032 -0.707388 0.076148 -0.000077 0.000178 0.000338 -0.000086 0.000242 -0.004591 -0.005471 0.025524 0.000360 0.000360 0.010784 0.004233 0.384596 -0.040055 -0.000144 0.000744 0.000030 0.126461 0.000576 0.000318 0.000415 0.000016 0.000135 0.000004 -0.000108 0.100833 0.001727 0.000478 0.001376 0.000478 0.000999 0.000268 0.000000 -9999.000000 -9999.000000
0.019945 0.420705 0.322608 0.325700 0.077568 0.066337 -0.000108 -0.000095 0.000000 0.000380 -0.000060 0.000012 0.000571 0.000395 0.005517 0.005687 -0.168855 -0.011236 -0.003843 -0.002828 0.009084 0.116989 0.120954 0.001155 0.000058 0.000000 -0.000202 -0.000247 -0.000018 -0.001289 0.009704 -0.000360 -0.000360 0.011488 0.013767 0.094409 0.046982 0.001087 0.000000 0.001048 0.052333 -0.000011 -0.000413 -0.000611 -0.014874 -0.000512 0.000977 0.126624 0.092816 0.007298 -0.000293 0.000391 -0.000293 -0.002978 -0.002319 -9999.000000 -9999.000000 -9999.000000
