use_cases/Flooding_chicago/flooding_data/output/hUy_2820.asc
ncols 337
nrows 393
xllcorner 428428.000000
yllcorner 4602440.000000
cellsize 26.757400
NODATA_value -9999.000000
[rows 286 to 311 of 393, columns 58 to 115 of 337]
0.000510 -0.193443 -0.839850 -0.868348 -0.443945 -0.474614 -0.382336 -0.494434 0.149945 -0.068223 -0.036957 -0.075030 -0.139078 -0.210051 -0.000228 -0.000633 -0.000840 -0.000877 -0.000571 -0.001976 -0.089481 -0.087439 -0.008971 -0.000208 -0.000003 -0.000017 -0.000000 -0.053020 -0.025356 -0.045720 -0.014217 0.039860 0.059022 0.000360 0.000360 0.026124 0.325526 0.659160 0.835392 0.932885 0.722758 0.632872 0.761608 1.015688 0.482749 0.078460 0.473090 0.444874 0.599365 0.876972 0.682882 0.538819 0.213965 0.558812 0.465206 0.325435 0.321045 0.072586
-0.000244 -0.325594 -0.947873 -0.890552 -0.444229 -0.455898 -0.339661 -0.409953 0.053073 -0.113543 -0.145826 -0.009642 -0.101207 -0.099391 -0.001664 -0.017673 -0.017422 -0.015783 -0.010135 -0.010359 -0.306456 -0.909937 -0.029371 -0.010360 -0.003984 -0.000397 -0.008376 -0.095785 -0.053530 -0.032456 -0.041119 0.003785 -0.005912 -0.000360 -0.000360 0.016031 0.406205 0.616261 0.783093 0.937494 0.836496 0.620021 0.562404 0.705658 0.488264 0.107055 0.367031 0.432954 0.579089 0.789122 0.890059 0.649099 0.382962 0.558405 0.220385 0.408770 0.302631 0.090626
-0.022574 -0.475106 -1.096445 -1.243747 -0.554644 -0.591995 -0.290933 -0.326182 -0.017383 -0.200061 -0.153156 0.162512 -0.023435 -0.033319 -0.011693 -0.032887 -0.032527 -0.022559 -0.037699 -0.229866 -0.028517 -0.711131 -0.514833 -0.021316 -0.007563 -0.011343 -0.021745 -0.327115 -0.026786 -0.014926 0.009096 -0.020787 -0.041480 -0.070028 0.323326 0.271788 0.367790 0.476793 0.644243 1.224129 0.875054 0.552797 0.523362 0.638032 0.165374 0.062824 0.252303 0.450398 0.700647 0.942849 0.829574 0.635484 0.236688 0.351035 0.197707 0.181957 0.203889 0.072439
-0.377528 -1.289879 -1.880599 -1.288535 -0.447085 -0.426805 -0.199127 -0.273973 -0.060743 -0.151833 -0.274794 0.207134 -0.253938 -0.065715 -0.020917 -0.038217 -0.030261 -0.028250 0.117722 0.304496 -0.000744 -0.659066 -0.412207 -0.124922 -0.284466 -0.190754 -0.469173 -0.275243 -0.010874 0.067425 0.052927 -0.021772 0.482206 0.395240 0.323372 0.394360 0.300257 0.354077 0.461536 1.224978 1.445970 0.453242 0.474380 0.566836 0.156291 0.061643 0.315078 0.500592 0.585866 0.797798 0.810473 0.715151 0.252843 0.338193 0.092155 0.192354 0.143078 0.043559
-0.329050 -1.758142 -1.436905 -1.104420 -0.160866 -0.249780 -0.005162 -0.007120 -0.002204 -0.136085 -0.239860 0.228587 -0.093213 -0.463877 -0.043706 -0.054980 -0.036127 -0.010508 0.296979 0.492912 0.191670 -0.227670 -0.480021 -0.155583 -0.137686 -0.089772 -0.005100 -0.639708 -0.152438 0.000328 0.026650 0.083176 0.521923 0.583291 0.022426 0.127754 0.001965 0.001106 0.711172 1.406724 1.323863 0.532492 0.508848 0.573568 0.588426 0.138261 0.424451 0.269073 0.561519 0.514603 0.549384 0.747101 0.359664 0.443680 0.173472 0.193525 0.187577 0.000292
-0.386549 -1.757591 -1.508786 -0.680344 -0.004714 -0.003918 -0.004296 -0.003456 0.136132 0.027122 -0.133892 0.271174 0.019971 -0.271008 -0.492127 -0.716961 -0.009179 -0.006102 0.435606 0.914004 -0.000058 -0.000285 -0.299114 -0.187392 -0.258876 0.297615 0.108432 -0.620515 -0.695186 -0.129166 -0.051740 0.005691 0.421354 0.039873 0.021811 0.008182 0.000862 0.000857 0.729842 0.668961 0.558513 0.349977 0.624940 0.568475 0.335024 0.178094 0.264635 0.222689 0.258630 0.467479 0.503079 0.688665 0.304429 0.346465 0.144654 0.173259 0.177266 0.013940
-0.840583 -1.880788 -1.468755 -0.611730 -0.177121 -0.049074 -0.360783 0.002651 0.026159 0.028918 -0.058048 0.127654 0.026562 0.003172 0.001989 -0.561130 -0.097784 0.011545 0.434211 0.376044 -0.000678 0.000358 -0.000468 -0.102565 -0.057046 0.322923 0.002126 -0.296649 -0.394773 -0.213835 -0.110179 -0.059283 0.281164 0.022831 0.011533 0.002821 0.424146 0.428143 0.757761 0.697449 0.583762 0.289322 0.748805 0.507201 0.285237 0.155272 0.173154 0.158530 0.172255 0.435073 0.443509 0.669347 0.273799 0.322571 0.120949 0.046779 0.091507 0.149617
-0.955607 -1.283322 -1.337037 -1.057085 -0.197915 -0.108921 -0.439972 0.001792 0.001119 0.002630 0.003154 0.002630 0.001119 0.001287 0.002034 -0.294860 -0.034040 0.006507 0.299271 0.000428 -0.047040 0.000546 0.002363 0.041587 0.118487 0.117236 -0.000488 -0.243746 -0.320090 -0.199277 -0.121989 -0.060850 0.103560 0.004114 0.000668 -0.002910 0.601087 0.594315 1.697424 0.694825 0.621985 1.078027 0.942951 0.510566 0.263717 0.133980 0.058422 0.090853 0.170312 0.371452 0.382411 0.474798 0.260124 0.203367 0.100322 0.030789 0.028585 0.154862
-0.742041 -1.195243 -1.187125 -1.146114 -0.328234 -0.279330 -0.568181 0.001000 0.000244 0.001415 0.002183 0.001415 0.000244 -0.001026 0.096930 -0.144899 -0.019892 -0.057423 0.073302 -0.000254 -0.065797 0.002184 0.003642 0.009763 0.019289 0.106052 -0.000973 -0.171487 -0.472994 -0.401446 -0.112639 0.032253 -0.085140 -0.008048 -0.000864 0.271823 0.729109 1.258666 0.846504 0.709695 0.729460 0.406970 0.620910 0.265161 0.154527 0.093002 0.037589 0.075826 0.177280 0.338101 0.346352 0.460205 0.157056 0.186458 0.098904 0.075438 0.019697 0.014045
-0.526475 -1.263356 -1.251876 -1.496314 -0.474417 -1.077782 -0.576728 0.000913 -0.000956 -0.002221 -0.002610 -0.002220 -0.000956 -0.163650 0.377621 -0.136755 -0.044609 -0.133876 -0.087481 -0.092336 -0.071212 0.001291 0.000628 0.000400 0.000548 0.007368 0.008221 -0.366910 -0.342000 -0.360268 -0.089211 0.025841 -0.076479 -0.146691 0.000709 0.446331 1.310889 1.149250 1.259653 0.635136 0.822670 0.010034 0.020605 0.010027 0.005767 0.000815 0.028229 0.047636 0.081979 0.341731 0.361094 0.489730 0.157132 0.241472 0.149845 0.091478 -0.015855 0.015047
-0.588349 -0.664116 -0.699032 -1.564137 -1.322294 -1.290805 -0.734723 0.067329 -0.018225 -0.002147 -0.002937 -0.002147 0.000011 0.024723 0.432482 -0.107294 -0.084912 -0.223026 -0.201479 -0.126627 -0.053792 0.000943 -0.000013 -0.000322 -0.000316 -0.000018 0.010678 -0.336895 -0.336248 -0.106285 -0.057677 0.247084 0.038141 -0.088724 0.083625 0.510395 1.405841 1.261221 1.189049 0.569455 0.046426 0.015661 0.001250 0.011270 0.003745 -0.000535 0.016281 0.038503 0.081333 0.107790 0.232521 0.479184 0.207862 0.262444 0.184334 0.061076 -0.026877 0.056579
-0.437192 -1.134654 -1.277395 -1.284731 -1.386158 -1.184243 -0.981739 0.310078 -0.410913 0.041677 -0.001835 0.003773 0.007980 0.331465 0.557818 0.019345 -0.040323 -0.323259 -0.310717 -0.154999 0.000601 0.000158 -0.000636 -0.018469 -0.002198 0.001997 0.055481 -0.317028 -0.310219 -0.293859 0.152500 0.348314 0.075088 -0.045309 0.084634 0.752966 1.352818 0.746487 0.673829 0.014442 0.001716 0.003392 0.002893 0.009677 -0.000453 -0.141580 0.012287 0.081256 0.195332 0.288524 0.235729 0.465616 0.202988 0.224797 0.148896 0.068047 0.103351 0.080601
-0.373834 -0.728472 -1.114185 -1.644813 -1.398979 -1.373966 -0.718438 0.401219 -0.349764 0.121067 0.005541 0.011111 0.014582 0.071046 0.028817 0.001082 -0.000752 -0.370664 -0.378872 0.000012 0.000216 -0.000359 -0.008193 -0.053217 -0.023768 0.008066 0.022637 0.010809 0.042638 -0.233093 0.315789 0.203394 0.068720 -0.074175 0.222400 0.619343 1.005926 0.599003 0.487172 0.010843 0.002193 0.003968 0.003336 0.001113 -0.001412 -0.072710 0.014628 0.064797 0.131108 0.096721 0.089012 0.340724 0.195540 0.134694 0.153574 0.127128 0.019527 0.071994
-0.343921 -0.653061 -1.082055 -1.651598 -1.516091 -1.543343 -0.892718 0.137870 -0.186746 0.038633 0.002901 0.003694 0.003510 0.012042 0.001028 0.000094 0.009731 -0.390970 -0.408581 -0.059147 -0.000809 -0.000989 -0.045304 -0.062538 -0.037580 0.058789 0.000681 0.000681 0.000492 0.045444 0.496922 0.059639 0.018286 0.029755 0.325752 0.649677 0.775381 0.700530 0.378252 0.000336 0.000035 0.000342 0.000222 0.000155 -0.000192 0.066400 0.044111 0.003904 0.020285 0.074242 0.049951 0.073549 0.040025 0.133942 0.138922 0.204918 -0.017117 0.063601
-0.263841 -0.435366 -0.947066 -1.282957 -1.199502 -1.280564 -0.928459 0.062327 0.001359 0.015309 0.003405 0.002564 0.000776 0.000000 0.000008 -0.000089 0.000743 -0.430900 -0.455731 -0.053046 0.000861 -0.000086 -0.002459 -0.044308 -0.094362 0.029297 0.000000 0.000000 0.000370 0.177380 0.851012 -0.214837 0.001576 0.302153 0.458113 0.568784 0.632833 0.551995 0.020958 -0.000692 -0.002423 -0.003976 -0.000222 -0.000289 0.000218 0.282651 0.042563 -0.051224 -0.045299 0.169908 0.023683 0.039267 0.017939 0.039357 0.052459 0.216995 -0.032906 0.000941
-0.214012 -0.439684 -0.503083 -1.417133 -1.300316 -1.475577 -0.475050 0.000329 -0.000022 0.000000 -0.002416 -0.003275 -0.003275 -0.013317 -0.001098 -0.002731 -0.001231 -0.445386 -0.522119 0.000765 0.000872 0.000598 0.007023 0.007475 -0.159009 0.016008 -0.000681 -0.000681 0.000140 0.417752 1.417354 -0.241786 -0.120679 0.648736 0.481496 0.313280 0.407372 0.133590 0.016148 -0.020378 -0.037157 -0.003033 -0.011428 -0.001335 -0.000054 0.267504 0.102670 0.013106 -0.033465 0.131352 0.017430 0.028765 0.013266 0.028634 0.011205 0.206645 0.001738 -0.000721
-0.170547 -0.434222 -0.472347 -2.236100 -1.800929 -1.926604 -0.975795 -0.000250 -0.001183 -0.012159 -0.003715 -0.002924 -0.034356 -0.041302 -0.021448 -0.004875 -0.168294 -1.065250 -0.484707 -0.000559 -0.001931 -0.000805 0.000231 0.009940 -0.188432 0.037629 -0.037085 -0.025236 0.000229 0.711885 0.625695 0.345537 0.104455 0.735408 0.218878 0.069315 -0.000221 -0.189552 -0.013543 -0.025629 -0.029629 -0.034686 -0.043067 -0.006003 -0.000375 0.364146 0.493361 0.022942 0.000500 0.003162 0.000940 0.000712 0.000290 0.024770 -0.055277 0.179502 0.038320 -0.002003
-0.000177 -0.372554 -1.051353 -1.596848 -1.313883 -1.542712 -0.967598 -0.374004 -0.025670 -0.034208 -0.026492 -0.017605 -0.518201 -0.488797 0.019912 0.045971 -0.121602 -0.542844 -0.675082 -0.185772 -0.001874 -0.001944 -0.000594 0.036014 0.293339 0.067617 -0.177059 -0.345220 0.280759 1.139201 0.663174 0.963138 0.762155 0.875542 -0.109551 -0.454836 -0.519356 -0.597284 -0.036809 -0.023180 -0.098297 -0.095138 -0.179285 -0.001594 0.000034 0.000823 0.010334 0.011361 0.000388 0.000588 -0.000868 -0.049361 -0.095540 0.001547 -0.149022 0.155959 0.054019 -0.000241
-0.207230 -0.288046 -0.575966 -1.283698 -1.197028 -1.397857 -0.920594 -0.427447 -0.176575 -0.586545 -0.113256 -0.038103 -0.159225 -0.724730 0.043299 0.057300 -0.048613 -0.192293 -0.629620 -0.200490 -0.129079 -0.105374 0.520226 0.588333 0.778643 0.256873 -0.160524 -0.133163 0.682410 0.906334 0.823430 0.656042 1.166781 1.139236 -0.192236 -0.688944 -0.741835 -0.941829 -0.034845 -0.014944 -0.065976 -0.070211 -0.174257 -0.130047 -0.004564 -0.000152 0.000000 0.000000 -0.003851 0.000337 -0.185176 0.046131 -0.162047 -0.025804 -0.182992 0.084952 0.072624 0.025496
-0.394908 -0.722333 -0.355922 -1.160548 -1.143981 -1.346509 -0.988830 -0.463751 -0.416380 -0.878408 -0.093352 -0.026005 -0.118746 -0.189060 0.000229 0.000000 0.000865 -0.001314 -0.266368 0.014372 0.111733 0.205808 1.234648 1.242525 1.019590 0.489561 -0.541230 -0.143566 0.399817 0.167896 0.372567 0.683452 0.023345 0.011656 0.035901 -0.516987 -0.984104 -1.179521 -0.021247 -0.006672 -0.026305 -0.053181 -0.194226 -0.124573 -0.377811 -0.008481 -0.005878 -0.005878 -0.006864 -0.000395 -0.007068 0.195248 -0.051278 0.004248 -0.297152 -0.000051 0.000670 0.051582
-0.179487 -0.679922 -0.332175 -1.044538 -1.056410 -1.334540 -1.098347 -0.586687 -0.369243 -0.321179 -0.173577 -0.083041 -0.178573 -0.002248 -0.000839 -0.011038 -0.001249 -0.001105 -0.092581 0.449780 0.433708 0.602140 1.574080 1.436478 0.728770 0.525058 -0.240705 -0.179019 -0.051345 -0.104158 -0.238751 0.351937 0.000681 0.000681 0.000179 -0.004358 -1.133831 -1.290470 -0.009704 0.001166 0.016260 0.001898 -0.185946 -0.086982 -0.776225 -0.168760 -0.158002 -0.016201 -0.007893 -0.005087 -0.001625 0.029453 0.000326 -0.000100 -0.288938 -0.147563 -0.000234 0.000687
-0.179342 -0.562915 -0.409780 -0.926811 -0.931061 -1.307375 -1.204325 -0.476062 -0.464662 -0.250355 -0.552509 -0.223650 -0.168038 -0.059712 0.002329 -0.454929 0.063446 0.048162 0.025683 0.704837 0.716626 0.948247 1.306024 1.063578 0.068167 0.020186 -0.085691 -0.101742 -0.181401 -0.186995 -0.454254 0.159485 0.000000 0.000000 -0.000162 -0.436434 -1.015446 -1.177151 -0.003607 0.002915 0.000488 0.000631 -0.093898 -0.036820 -0.170730 -0.113032 -0.102821 -0.003846 -0.005421 -0.005247 -0.004439 -0.000003 -0.000208 -0.000247 -0.167779 -0.134549 -0.000812 -0.001021
-0.149929 -0.526515 -0.353079 -0.786740 -0.786379 -1.225785 -1.506215 -0.760346 -0.445980 -0.419920 -0.336929 -0.067955 -0.121922 -0.088283 0.012622 -0.363520 0.019165 -0.022570 0.030112 0.706754 0.826193 1.049244 1.332634 0.144181 0.052186 0.003261 -0.074851 -0.067366 -0.115632 -0.241822 -0.650202 0.087264 -0.000681 -0.000681 -0.000669 -0.420306 -0.773317 -0.891992 -0.001170 -0.000005 -0.000172 -0.000004 -0.000000 -0.000000 -0.091187 -9999.000000 -9999.000000 -9999.000000 -9999.000000 -9999.000000 -9999.000000 -9999.000000 -9999.000000 -9999.000000 -9999.000000 -9999.000000 -9999.000000 -9999.000000
-0.124887 -0.531614 -0.346256 -0.761877 -0.778552 -1.150496 -1.270365 -0.871657 -0.517236 -0.321457 -0.240158 -0.147932 -0.075672 -0.145096 -0.015569 -0.380749 -0.072770 -0.153926 0.018997 0.702253 0.852953 1.044444 1.167496 0.137494 0.045504 -0.304760 -0.174366 -0.060851 -0.079772 -0.144379 -0.563533 0.000000 -0.013108 -0.008293 -9999.000000 -9999.000000 -9999.000000 -9999.000000 -9999.000000 -9999.000000 -9999.000000 -9999.000000 -9999.000000 -9999.000000 -9999.000000 -9999.000000 -9999.000000 -9999.000000 -9999.000000 -9999.000000 -9999.000000 -9999.000000 -9999.000000 -9999.000000 -9999.000000 -9999.000000 -9999.000000 -9999.000000
-0.066930 -0.310422 -0.176779 -0.388498 -0.462272 -1.089268 -1.342842 -0.994214 -0.614304 -0.430179 -0.249099 -0.316790 -0.043750 0.070649 0.007916 -0.433734 -0.387382 -0.521909 0.001399 0.906732 0.958829 0.952595 0.920740 0.116951 0.044084 0.003021 -0.488244 -0.020739 0.019091 -0.107979 -0.787004 -0.003663 -0.054343 -0.022541 -9999.000000 -9999.000000 -9999.000000 -9999.000000 -9999.000000 -9999.000000 -9999.000000 -9999.000000 -9999.000000 -9999.000000 -9999.000000 -9999.000000 -9999.000000 -9999.000000 -9999.000000 -9999.000000 -9999.000000 -9999.000000 -9999.000000 -9999.000000 -9999.000000 -9999.000000 -9999.000000 -9999.000000
-0.131903 -0.233302 -0.147327 -0.341081 -0.161760 -0.440719 -0.595598 -0.674145 -0.475736 -0.432223 -0.297895 -0.444067 0.050872 0.192426 0.055600 -0.158257 -0.429699 -0.786430 0.041400 0.691043 0.715229 1.204557 0.682990 0.073088 0.034587 0.087847 -0.746937 0.016704 0.014770 0.000940 -0.715413 -0.261450 -0.057945 -9999.000000 -9999.000000 -9999.000000 -9999.000000 -9999.000000 -9999.000000 -9999.000000 -9999.000000 -9999.000000 -9999.000000 -9999.000000 -9999.000000 -9999.000000 -9999.000000 -9999.000000 -9999.000000 -9999.000000 -9999.000000 -9999.000000 -9999.000000 -9999.000000 -9999.000000 -9999.000000 -9999.000000 -9999.000000
