use_cases/Flooding_chicago/flooding_data/output/hUy_1440.asc
ncols 337
nrows 393
xllcorner 428428.000000
yllcorner 4602440.000000
cellsize 26.757400
NODATA_value -9999.000000
[rows 130 to 155 of 393, columns 58 to 115 of 337]
-9999.000000 -9999.000000 -9999.000000 -9999.000000 -9999.000000 -9999.000000 -9999.000000 -9999.000000 -9999.000000 -9999.000000 -9999.000000 -9999.000000 -9999.000000 -9999.000000 -9999.000000 -9999.000000 -9999.000000 -9999.000000 -9999.000000 -9999.000000 -9999.000000 -9999.000000 0.145810 0.282515 0.541590 0.291329 0.147826 0.540213 0.000000 0.000000 0.000000 0.000000 -9999.000000 -9999.000000 -9999.000000 -9999.000000 -9999.000000 -9999.000000 -9999.000000 -9999.000000 -9999.000000 -9999.000000 -9999.000000 -9999.000000 0.019245 0.009098 0.041062 0.013951 0.013255 0.002508 0.035823 0.074368 0.076902 -0.116808 -0.627239 -0.174562 -0.097758 -0.029668
-9999.000000 -9999.000000 -9999.000000 -9999.000000 -9999.000000 -9999.000000 -9999.000000 -9999.000000 -9999.000000 -9999.000000 -9999.000000 -9999.000000 -9999.000000 -9999.000000 -9999.000000 -9999.000000 -9999.000000 -9999.000000 -9999.000000 -9999.000000 -9999.000000 0.227833 0.112616 0.179644 0.527338 0.531145 0.000791 0.634436 0.204177 0.228778 -0.014761 -0.005284 -0.000082 -0.000002 0.001423 0.000534 0.236240 0.233276 0.002961 0.004935 0.058577 0.009836 0.000494 0.000648 0.035842 0.004433 0.017905 0.000346 0.000248 0.002911 0.059672 0.004193 0.001192 0.002823 -0.317257 -0.049108 -0.297895 -0.183054
-9999.000000 -9999.000000 -9999.000000 -9999.000000 -9999.000000 -9999.000000 -9999.000000 -9999.000000 -9999.000000 -9999.000000 -9999.000000 -9999.000000 -9999.000000 -9999.000000 -9999.000000 -9999.000000 -9999.000000 -9999.000000 -9999.000000 0.000000 0.451559 0.440785 0.000757 0.000018 0.633947 0.549058 0.226017 0.478008 0.293023 0.277130 -0.096279 -0.018037 -0.027610 -0.002994 -0.000791 -0.000361 0.318578 0.280990 0.005123 0.008900 0.024548 0.009223 0.000670 0.000684 0.005653 0.005189 0.000180 -0.000180 -0.000037 0.012589 0.013372 0.006364 0.000343 0.006954 -0.204900 0.090670 -0.268851 -0.315637
-9999.000000 -9999.000000 -9999.000000 -9999.000000 -9999.000000 -9999.000000 -9999.000000 -9999.000000 -9999.000000 -9999.000000 -9999.000000 -9999.000000 -9999.000000 -9999.000000 -9999.000000 -9999.000000 -9999.000000 -9999.000000 0.154561 0.326810 0.543663 0.510951 0.000166 -0.071049 0.610213 0.609066 0.352671 0.795770 0.412910 0.315196 -0.018727 -0.002227 -0.083214 -0.001154 0.081292 0.122418 0.301169 0.237978 0.003763 0.002818 0.002606 0.000259 -0.000053 -0.000320 -0.001738 -0.004661 -0.000346 -0.014750 -0.001295 0.027623 0.016230 0.004771 0.000353 0.015978 0.028225 0.266785 -0.293189 -0.513501
-9999.000000 -9999.000000 -9999.000000 -9999.000000 -9999.000000 -9999.000000 -9999.000000 -9999.000000 -9999.000000 -9999.000000 -9999.000000 -9999.000000 -9999.000000 -9999.000000 -9999.000000 -9999.000000 -9999.000000 0.003532 0.019707 0.366037 0.819750 0.815415 -0.069968 -0.036250 0.337904 0.359856 0.272933 0.695127 1.025707 0.411193 0.002215 -0.001353 0.004180 0.002846 0.095952 0.161492 0.252920 0.000130 0.000360 0.000360 0.003968 -0.000156 -0.000703 -0.000758 -0.005401 -0.004683 -0.002223 -0.156268 -0.032051 0.103916 0.013199 0.004392 0.007867 0.087256 0.122906 0.566406 -0.330027 -0.614257
-9999.000000 -9999.000000 -9999.000000 -9999.000000 -9999.000000 -9999.000000 -9999.000000 -9999.000000 -9999.000000 -9999.000000 -9999.000000 -9999.000000 -9999.000000 -9999.000000 -9999.000000 -9999.000000 0.008617 0.009807 0.008592 0.066458 0.758769 0.628269 -0.007015 0.053681 0.126059 0.292192 0.295586 0.753206 1.120547 0.979749 0.101337 -0.002793 0.012893 0.009132 0.147858 0.228287 0.220924 -0.000130 -0.000360 -0.000360 -0.011693 -0.001253 -0.012511 -0.009140 -0.039309 -0.029083 -0.002421 -0.236616 -0.053700 0.044746 0.006989 0.002499 0.016421 0.041218 0.020260 0.046719 -0.147913 -0.400231
-9999.000000 -9999.000000 -9999.000000 -9999.000000 -9999.000000 -9999.000000 -9999.000000 -9999.000000 -9999.000000 -9999.000000 -9999.000000 -9999.000000 -9999.000000 -9999.000000 -9999.000000 0.001804 0.014916 0.011655 0.031707 0.024448 0.028798 0.695150 0.222229 0.143829 -0.026282 0.119794 0.173167 0.449740 1.231112 1.350392 0.317558 -0.231007 0.039798 0.031872 0.026506 0.269619 0.056139 0.041779 -0.010045 -0.021461 -0.011462 -0.022677 -0.043286 -0.063542 -0.034715 -0.029541 -0.000800 0.087823 -0.037314 -0.007233 0.002620 -0.003610 -0.000600 -0.000044 0.000880 0.022159 0.000079 -0.438756
-9999.000000 -9999.000000 -9999.000000 -9999.000000 -9999.000000 -9999.000000 -9999.000000 -9999.000000 -9999.000000 -9999.000000 -9999.000000 -9999.000000 -9999.000000 -9999.000000 0.001980 0.003723 0.002602 0.001856 0.010973 0.008504 0.001078 0.638586 0.590855 0.499048 -0.060405 0.070453 0.149694 0.481598 1.941460 1.331914 0.395920 -0.300717 0.008060 0.010047 0.009508 0.026044 0.269113 0.053397 -0.132725 -0.172394 0.082009 -0.227955 -0.221571 -0.243362 -0.019054 -0.024213 0.000993 0.000881 -0.020102 -0.020708 0.000340 -0.003085 0.044885 -0.131412 0.000981 0.007562 0.227491 -0.288796
0.001103 -9999.000000 -9999.000000 -9999.000000 -9999.000000 -9999.000000 -9999.000000 -9999.000000 -9999.000000 -9999.000000 -9999.000000 -9999.000000 0.003408 0.006547 0.003155 0.002631 -0.000361 -0.001061 0.000003 0.000208 0.000962 0.009280 0.506761 0.513872 -0.020736 0.057671 0.159072 0.539224 1.283512 1.503728 0.493792 -0.276840 0.000232 0.000340 0.000319 0.009086 0.229380 0.029733 -0.045688 -0.098257 0.086173 -0.219061 -0.196336 -0.462321 -0.010053 -0.006435 0.001195 0.000667 -0.031741 -0.032579 -0.000000 -0.000944 -0.031638 -0.113565 0.000106 0.000340 0.015625 -0.268227
0.000402 -9999.000000 -9999.000000 -9999.000000 -9999.000000 -9999.000000 -9999.000000 -9999.000000 -9999.000000 -9999.000000 -9999.000000 -9999.000000 0.004949 0.002922 0.004006 0.000260 -0.001836 -0.058713 -0.007076 -0.000326 0.000061 0.000001 0.063014 0.068686 0.000000 0.011363 0.006169 0.576082 1.273791 1.153919 0.476404 0.000126 -0.000000 -0.000000 0.000042 0.000176 0.162364 -0.022603 -0.102291 -0.074217 0.017762 -0.236771 -0.133803 0.032367 0.000288 0.000289 -0.000152 -0.000375 -0.026823 -0.026884 -0.000340 -0.000589 -0.054742 -0.154695 -0.000217 -0.000000 0.007112 0.006964
-0.000027 0.000000 -9999.000000 -9999.000000 -9999.000000 -9999.000000 -9999.000000 -9999.000000 -9999.000000 -9999.000000 -9999.000000 0.002280 0.001633 0.003705 0.003201 0.001353 -0.000041 -0.232217 -0.042904 -0.006849 -0.000637 -0.074007 0.068146 0.050775 0.011428 0.003467 0.000618 0.586367 1.212321 1.138567 0.499425 -0.000172 -0.000232 -0.000340 -0.000320 -0.000056 0.102743 -0.093291 -0.088087 -0.050528 -0.023213 -0.149872 -0.079291 0.000285 -0.000662 -0.000505 -0.001470 -0.000901 -0.122805 -0.121102 -0.009671 -0.001704 0.000684 -0.220072 -0.000289 -0.000340 0.000059 0.000066
-0.007906 0.000277 -9999.000000 -9999.000000 -9999.000000 -9999.000000 -9999.000000 -9999.000000 -9999.000000 0.000000 0.096433 0.001370 0.001192 0.001074 0.000695 0.002518 0.000878 -0.137103 -0.280278 -0.013695 -0.007018 0.219321 0.052181 0.048602 0.014709 0.381949 0.404191 0.613925 1.180407 1.077842 0.558116 0.348553 -0.009251 -0.022178 -0.013437 -0.001394 0.049176 -0.135220 -0.064949 -0.014623 -0.034989 -0.135181 -0.094564 0.000242 0.037450 -0.109275 -0.012973 -0.011570 -0.060066 -0.073954 -0.251236 -0.001673 -0.000114 -0.198589 -0.085424 -0.006482 -0.000633 -0.000132
-0.014426 0.000025 0.000360 0.000360 0.003880 0.002409 0.006071 0.008670 0.006952 0.216623 0.064887 0.001664 0.000378 -0.003012 -0.004299 0.000000 -0.000081 0.000310 -0.145619 -0.235454 -0.109038 0.206944 0.001500 0.035144 0.022082 0.638274 0.014275 0.032259 0.721072 1.032240 0.744191 0.242678 0.054191 0.069791 0.180557 0.143657 0.072808 -0.193232 0.003692 0.068911 -0.003832 -0.056089 -0.060149 0.001137 0.089513 -0.103329 -0.011314 -0.072815 -0.009411 -0.039727 -0.302931 -0.001200 -0.000778 -0.141594 -0.077424 -0.084576 -0.019996 -0.017293
0.000193 -0.000252 -0.000360 -0.000360 0.001879 0.001743 0.000558 0.009029 0.013536 0.016057 0.103803 0.002002 -0.000911 -0.004243 -0.004759 -0.011618 -0.001331 0.000322 -0.000103 0.251595 0.004012 0.234989 -0.048903 0.164516 0.026679 0.174268 0.000222 0.000443 0.012588 0.627177 0.614800 0.310947 0.245137 0.366292 0.478073 0.380166 0.286786 -0.111340 0.174038 0.228597 0.075021 0.332226 0.089953 0.002123 0.019334 -0.084437 0.143056 -0.005407 -0.000761 -0.031208 -0.477371 -0.000991 -0.000906 -0.078765 -0.041450 0.146585 0.076857 0.187961
0.002295 -0.009972 -0.017828 -0.004488 -0.004415 -0.002341 -0.000633 -0.005430 0.013939 0.001496 0.011488 0.002539 -0.001297 -0.015919 -0.026112 -0.083201 -0.000889 -0.000142 0.049931 0.000121 0.000326 0.005982 0.005345 0.146445 0.000804 0.012544 -0.000222 -0.000246 -0.000013 0.017787 0.064625 0.047743 0.074346 0.257058 0.244492 0.250350 0.468621 0.307036 0.223301 0.329728 0.122386 0.141251 0.166629 0.000713 0.010412 0.006762 0.031311 0.010135 0.002979 0.000168 -0.380888 -0.106228 0.021883 -0.038480 0.017078 0.167867 0.121140 0.238973
0.004077 -0.032102 -0.044126 -0.029965 -0.003238 -0.002349 -0.032803 -0.010687 0.000000 0.000004 0.000000 -0.001237 -0.001040 -0.010204 -0.029044 -0.035585 -0.029671 -0.003724 -0.000029 -0.000106 -0.000208 -0.000003 0.053524 0.090637 -0.000100 0.000000 -0.014453 -0.001775 -0.069488 0.015607 0.025512 0.003199 0.005143 0.113087 0.175502 0.185926 0.092873 0.077737 0.149454 0.061435 0.023211 0.227090 0.228082 -0.000089 0.000000 0.000000 0.000082 0.016148 0.001510 0.355628 -0.071430 -0.080295 0.121455 0.027503 0.052169 -0.100577 0.005987 0.006503
0.004376 -0.009285 -0.103799 -0.098817 -0.003365 -0.009681 -0.117920 -0.012874 -0.008246 -0.001511 -0.012033 -0.002844 -0.001657 -0.000076 -0.011951 -0.060765 -0.138733 -0.074410 -0.037110 -0.010934 -0.009382 -0.002529 0.000104 0.000261 -0.034768 -0.003663 -0.033834 0.303261 -0.397392 0.052738 0.012542 0.004714 0.012540 0.005874 0.246278 0.290488 0.001782 0.000057 0.249903 0.003257 0.003391 0.027669 0.298647 0.046476 -0.007028 -0.008764 -0.000633 0.045874 0.224223 0.355001 0.000845 -0.075221 0.179610 0.002932 0.001004 -0.426185 0.000000 0.000000
-0.000000 -0.001980 -0.042586 -0.058363 -0.001383 -0.242018 -1.182555 -0.009575 -0.048808 -0.016666 -0.021765 -0.020242 -0.018896 -0.010127 -0.062762 -0.057209 0.061441 -0.059746 -0.042651 -0.090014 -0.020347 -0.001741 -0.000601 -0.000094 -0.560821 -0.258798 -0.205543 0.540293 -0.186204 0.018610 0.000569 0.000012 0.018445 0.011619 0.215550 0.295155 0.212078 0.130653 0.217340 0.008170 0.006122 0.015680 0.088824 0.096207 -0.258649 -0.094205 0.089695 0.099550 0.247382 0.002445 0.001326 -0.039568 -0.001755 0.000990 -0.000066 -0.440470 -0.005878 -0.005878
-0.007687 -0.009450 -0.210994 -0.032151 -0.006032 -0.210555 -0.004851 -0.001368 -0.014962 -0.010304 -0.067502 -0.033334 -0.064327 -0.080854 -0.047566 -0.039569 0.004326 -0.034556 -0.054666 -0.567483 -0.054169 -0.009482 -0.012614 -0.001234 -0.175529 0.020333 -0.122870 0.638188 0.021564 0.009341 0.000745 0.005214 0.017517 0.013901 0.006584 0.228326 0.532207 0.134845 0.006438 0.013004 0.001998 0.003303 0.001552 0.126997 -0.039127 0.022049 0.097557 0.116124 0.000466 0.002592 0.000287 -0.024291 -0.006807 -0.002582 -0.052660 -0.243481 -0.143949 -0.200179
-0.111543 -0.207551 -0.137146 -0.011469 -0.005269 -0.236049 -0.001316 0.000351 -0.003506 -0.003706 -0.097466 -0.338264 0.119051 -0.480868 -0.273247 0.000604 0.000812 -0.010663 0.090215 -0.032205 -0.218104 -0.984192 -0.048178 -0.015768 0.016670 0.039075 0.028797 0.027362 0.000724 0.000402 0.001053 0.007792 0.012936 0.009745 0.002316 0.154192 0.677329 0.000981 0.003811 0.011907 0.003573 0.004800 0.001804 0.135619 0.033026 0.043749 0.157143 0.079970 0.000664 -0.001458 -0.000935 -0.017640 -0.007111 -0.021449 -0.034797 -0.186889 -0.142799 0.131362
-0.054248 0.025857 0.042537 -0.003883 -0.003333 -0.182216 -0.156045 -0.000172 0.000359 -0.000650 -0.115477 0.063279 0.222684 -0.102499 -0.292742 0.000822 0.001303 0.000422 0.051420 0.124594 -0.027812 -0.679395 -0.384007 -0.115961 0.114115 0.327406 0.066121 0.000080 0.001018 -0.000085 0.000000 0.000328 0.000640 0.000354 -0.001941 0.000504 0.469900 -0.000901 -0.001219 0.001446 0.004297 0.004812 0.001293 0.137064 0.051498 0.058840 0.006470 0.001098 0.000232 -0.000888 -0.000236 -0.008507 -0.028534 -0.023597 -0.017543 -0.098930 0.007874 0.158209
-0.105392 0.127985 0.262838 -0.055809 -0.189935 -0.121678 -0.046234 -0.000507 -0.000359 0.000172 0.000229 0.101698 0.281627 -0.051072 -0.274733 0.000070 0.000222 -0.000057 0.052294 0.134419 0.029486 -0.456485 -0.456165 0.105837 0.142267 0.678294 0.116526 0.169199 0.003048 -0.018673 -0.008073 -0.000876 -0.000888 -0.000412 -0.001408 -0.000842 0.382553 0.038336 0.000500 0.000437 0.000486 0.001031 0.000652 0.190888 0.145422 0.002609 0.000222 -0.000608 -0.000610 0.011442 0.002623 -0.028111 -0.024165 -0.015684 -0.129127 0.000000 0.047415 0.059829
-0.199633 0.066023 0.360581 0.246113 -0.199252 -0.063658 0.132897 -0.004525 -0.028317 -0.000351 -0.000259 0.088265 0.191393 -0.042644 -0.177466 -0.000070 -0.000222 -0.005496 0.330359 0.138146 -0.003896 -0.493865 -0.597914 0.157795 0.188938 0.059717 0.127532 0.212060 0.243075 -0.454169 -0.025248 -0.013768 -0.006473 0.000051 0.000643 -0.016918 0.402419 0.079708 0.005655 0.000194 -0.000256 0.000180 0.000856 0.055423 0.048348 0.009099 -0.000222 -0.001119 0.002291 0.015687 -0.000253 -0.016421 -0.028606 0.001369 -0.346206 -0.068629 -0.004566 0.027274
-0.248838 -0.074459 0.289747 0.303132 -0.243380 0.063618 0.015486 -0.003292 -0.230789 0.042038 0.043143 0.049696 0.116692 0.071651 0.000357 -0.011059 -0.004531 -0.024807 0.379864 0.020381 -0.105441 -0.582329 -0.493442 0.010831 0.016849 0.021739 0.105590 0.222736 0.734178 0.002717 -0.389748 0.145307 -0.002151 0.000416 0.000914 0.001106 0.059292 0.057916 0.019662 -0.000998 -0.005799 -0.000948 0.001031 0.026392 0.017571 0.002705 0.000735 0.001394 -0.001718 0.000666 -0.003492 -0.003691 0.027339 0.041720 -0.025419 -0.086840 -0.056855 -0.034865
-0.290819 -0.272403 0.199746 0.269059 -0.249983 -0.000266 0.000000 -0.067465 -0.123790 0.047365 0.037185 0.054208 0.034072 0.152985 0.268210 -0.027797 -0.008113 -0.003951 0.321107 -0.061553 -0.158081 -0.435471 -0.085853 -0.003488 0.004327 -0.020708 0.000504 0.253955 0.537274 0.419413 0.171488 0.275524 -0.018353 -0.000353 -0.000627 0.000015 0.000737 0.082672 -0.000124 -0.002260 -0.005785 -0.007318 0.001194 0.000944 0.000040 0.001991 0.000646 0.000263 -0.004077 -0.001845 -0.005053 -0.000344 0.038638 0.032130 0.012099 -0.077378 -0.078003 -0.254284
-0.134677 -0.505123 0.112730 0.170623 -0.355048 -0.002019 0.018060 -0.045444 -0.069712 0.058615 0.068452 0.099692 0.043390 0.108543 0.478314 -0.095901 -0.012826 0.038105 0.286821 -0.097251 -0.158616 -0.393401 -0.018700 -0.007928 0.009553 0.007803 0.000043 0.002405 0.015333 0.011295 0.218640 0.364962 -0.113822 0.000767 -0.000563 -0.001091 0.000658 0.064388 0.005685 -0.043432 -0.021836 -0.002716 0.000222 -0.000016 -0.001299 -0.001363 -0.000511 -0.000204 0.000409 -0.000201 -0.003922 -0.008589 0.032003 0.040763 0.015636 -0.024309 0.093018 0.096962
