use_cases/Flooding_chicago/flooding_data/output/hUy_420.asc
ncols 337
nrows 393
xllcorner 428428.000000
yllcorner 4602440.000000
cellsize 26.757400
NODATA_value -9999.000000
[rows 156 to 181 of 393, columns 232 to 289 of 337]
0.028323 0.000536 0.005633 -0.000413 -0.019764 -0.015632 -0.012600 -0.004787 0.000222 0.000164 -0.058426 -0.159203 -0.088540 -0.041567 -0.049023 0.000000 0.004275 0.017456 0.028715 0.020885 0.010012 0.010154 -0.031258 -0.049173 -0.002984 -0.024091 -0.005781 0.004388 0.030494 0.001247 -0.002253 0.005823 0.069162 0.015166 0.007312 0.006604 0.009680 0.000388 -0.000815 -0.323957 -0.272177 0.000438 0.001304 0.000307 -0.000190 -9999.000000 -9999.000000 -9999.000000 -9999.000000 -9999.000000 -9999.000000 -9999.000000 -9999.000000 -9999.000000 -9999.000000 -9999.000000 -9999.000000 -9999.000000
0.119381 0.007749 0.000000 -0.005337 -0.009437 -0.071422 -0.054040 -0.001968 -0.000222 0.000118 0.032455 -0.141587 -0.091354 -0.149102 -0.193021 -0.018202 0.006676 0.018205 0.000631 0.000797 0.000392 0.000267 -0.227971 -0.467848 0.353258 -0.100857 -0.001886 0.000193 0.000365 0.000229 -0.001368 0.000604 0.000820 0.000846 0.000329 0.000000 0.000000 -0.005231 -0.007091 -0.144877 -0.036778 0.001302 0.002265 0.001657 0.001458 -9999.000000 -9999.000000 -9999.000000 -9999.000000 -9999.000000 -9999.000000 -9999.000000 -9999.000000 -9999.000000 -9999.000000 -9999.000000 -9999.000000 -9999.000000
0.058007 0.006400 -0.001240 -0.003432 -0.019402 -0.093109 -0.142168 -0.019488 -0.001357 0.000325 0.009511 0.068503 0.102319 -0.048488 -0.211236 -0.010065 0.000320 -0.000017 -0.000438 -0.000716 -0.000366 -0.000060 0.003241 -0.105811 0.793781 -0.066830 -0.000846 -0.000217 0.000014 0.000006 -0.000689 -0.000334 -0.000915 -0.001002 -0.000955 -0.018867 -0.010252 -0.021774 0.016604 -0.105014 0.501270 0.001922 0.006032 0.000681 0.000681 -9999.000000 -9999.000000 -9999.000000 -9999.000000 -9999.000000 -9999.000000 -9999.000000 -9999.000000 -9999.000000 -9999.000000 -9999.000000 -9999.000000 -9999.000000
0.016422 -0.000029 -0.001052 -0.011992 -0.058168 -0.030924 -0.253117 -0.007148 -0.001113 -0.001023 0.000210 0.000985 0.000049 -0.043652 -0.043400 0.000171 -0.000395 -0.022310 -0.019797 -0.015694 -0.012277 -0.001206 0.057829 0.471453 0.699284 0.187785 -0.000673 -0.000473 -0.000363 -0.000222 -0.000764 -0.000655 -0.016700 -0.010376 -0.010021 -0.144200 -0.152297 -0.137444 0.109686 0.395596 0.032314 0.000655 0.000874 0.000000 0.000000 -9999.000000 -9999.000000 -9999.000000 -9999.000000 -9999.000000 -9999.000000 -9999.000000 -9999.000000 -9999.000000 -9999.000000 -9999.000000 -9999.000000 -9999.000000
-0.000426 -0.010298 -0.007786 -0.028763 -0.046669 -0.037094 -0.343886 -0.022991 -0.008700 -0.001242 -0.000516 -0.000129 -0.001895 -0.018031 -0.113599 -0.000352 -0.007905 -0.054031 -0.060839 -0.050971 -0.060259 0.011366 0.024727 0.107503 0.082499 0.105985 0.054739 -0.011619 0.000055 -0.000475 -0.001403 -0.006337 -0.064985 -0.038489 -0.090746 0.002016 0.006517 0.044663 0.068811 0.014784 0.010134 0.001277 0.000729 -0.000681 -0.000681 -0.000071 -9999.000000 -9999.000000 -9999.000000 -9999.000000 -9999.000000 -9999.000000 -9999.000000 -9999.000000 -9999.000000 -9999.000000 -9999.000000 -9999.000000
-0.013460 -0.018171 -0.026044 -0.022725 -0.032684 -0.525215 -0.429572 -0.244126 -0.020522 -0.010043 -0.013530 -0.001404 -0.001755 -0.012894 -0.226398 -0.008719 -0.014352 -0.133291 -0.111823 -0.016053 -0.017403 0.015240 0.000500 0.015760 0.001449 0.000434 0.039399 -0.107841 0.000901 -0.000239 -0.001746 -0.054845 0.057117 -0.003681 0.105958 0.041370 0.039129 0.060436 0.000193 0.000427 0.000278 -0.000137 -0.002660 -0.009341 -0.006620 -0.003089 -9999.000000 -9999.000000 -9999.000000 -9999.000000 -9999.000000 -9999.000000 -9999.000000 -9999.000000 -9999.000000 -9999.000000 -9999.000000 -9999.000000
-0.033875 -0.021748 -0.041227 -0.472135 -0.047820 -0.223692 -0.203094 0.146613 -0.447614 -0.018885 -0.032385 -0.000920 -0.000528 -0.016853 -0.253335 -0.892524 -0.016671 -0.159139 -0.014256 -0.003355 0.000772 -0.000003 -0.000154 -0.000005 -0.000798 -0.000399 -0.066660 -0.023849 0.000732 0.002755 0.009876 0.044761 0.007513 0.000619 0.008586 0.116627 0.013933 0.042632 0.000023 -0.000109 -0.000581 -0.001857 -0.002388 -0.052424 -0.007653 -0.003175 -9999.000000 -9999.000000 -9999.000000 -9999.000000 -9999.000000 -9999.000000 -9999.000000 -9999.000000 -9999.000000 -9999.000000 -9999.000000 -9999.000000
-0.029130 -0.022445 -0.313215 -0.168263 0.032579 -0.094237 -0.077116 0.255832 -0.151094 -0.043815 -0.074276 -0.004405 0.004811 0.109750 0.469410 -0.686219 0.001836 0.042248 0.062848 0.000744 0.000547 0.000455 -0.059947 0.196770 -0.137340 -0.159697 -0.083544 0.000701 0.000001 0.000066 0.001755 0.016031 0.001168 0.000442 0.000309 0.004798 0.000035 0.020661 -0.000447 -0.002130 -0.021452 -0.007239 -0.001090 -0.017721 -0.004216 -0.004502 -9999.000000 -9999.000000 -9999.000000 -9999.000000 -9999.000000 -9999.000000 -9999.000000 -9999.000000 -9999.000000 -9999.000000 -9999.000000 -9999.000000
-0.007843 -0.540260 -0.160708 -0.049035 0.051905 -0.043511 -0.034439 0.896468 0.010685 -0.002804 0.013338 -0.069721 0.015232 0.151380 0.715964 -0.419022 0.087791 0.016203 0.018838 0.000242 -0.000356 0.001866 0.077353 0.311352 -0.206859 -0.343401 0.006366 0.000030 0.000602 0.001034 0.000626 0.000718 0.000661 -0.000448 -0.000749 0.000034 0.000427 -0.011287 -0.125325 -0.142017 -0.005479 -0.003278 0.000142 -0.007669 0.000886 0.003328 -9999.000000 -9999.000000 -9999.000000 -9999.000000 -9999.000000 -9999.000000 -9999.000000 -9999.000000 -9999.000000 -9999.000000 -9999.000000 -9999.000000
-0.050925 -0.317912 0.009808 0.101436 0.164256 0.015908 0.063919 0.674070 0.024885 0.005887 0.045430 0.012620 0.026185 0.024391 0.777683 0.337591 0.147287 0.046977 -0.000030 -0.000828 -0.000772 0.020056 0.150943 0.897533 -0.004369 -0.180563 0.076145 0.019233 0.016279 0.019648 0.000622 0.000174 -0.000911 -0.000799 -0.020738 -0.000501 0.000353 -0.008998 -0.039917 -0.385662 0.018141 0.000549 0.003018 -0.000377 0.003571 0.002775 0.025899 -9999.000000 -9999.000000 -9999.000000 -9999.000000 -9999.000000 -9999.000000 -9999.000000 -9999.000000 -9999.000000 -9999.000000 -9999.000000
0.083791 0.432030 0.044055 0.074028 0.090992 0.069624 0.126962 0.167443 0.010955 0.018644 0.016278 0.016211 0.011730 0.070259 0.066545 0.032514 0.337006 0.107138 0.115226 0.061438 0.011567 0.006748 0.009487 0.053048 0.048488 0.068391 0.048649 0.009491 0.005947 0.006769 0.000220 -0.000919 -0.000916 -0.000620 -0.017785 -0.019979 0.000000 0.000668 0.102213 -0.150294 0.000143 0.000392 0.000796 0.000630 0.003151 0.002652 0.019926 -9999.000000 -9999.000000 -9999.000000 -9999.000000 -9999.000000 -9999.000000 -9999.000000 -9999.000000 -9999.000000 -9999.000000 -9999.000000
0.079812 0.088441 0.039383 0.057862 0.070435 0.060151 0.086145 0.115692 0.028582 0.031437 0.026815 0.046007 0.041463 0.048588 0.024169 0.099452 0.103554 0.164758 0.163735 0.107798 0.000268 0.000405 0.000586 0.015374 0.003898 0.016289 0.108592 0.016877 0.000068 -0.000009 -0.000462 -0.022330 -0.015100 -0.001830 -0.099914 -0.012260 -0.004200 0.000795 0.000403 -0.141564 -0.000141 -0.000366 -0.000717 -0.000437 -0.000016 0.000148 0.000405 -9999.000000 -9999.000000 -9999.000000 -9999.000000 -9999.000000 -9999.000000 -9999.000000 -9999.000000 -9999.000000 -9999.000000 -9999.000000
0.047625 0.052276 0.037225 0.039852 0.037830 0.032517 0.034206 0.043936 0.054893 0.043947 0.030963 0.012497 0.032748 0.032363 0.012831 0.023119 0.001768 0.186796 0.210553 0.175087 -0.000018 -0.000323 -0.000418 0.000121 0.005662 0.003771 0.042488 0.000564 -0.000521 -0.005786 -0.026429 -0.047487 -0.034763 -0.001043 -0.094661 -0.060691 -0.003459 -0.002239 -0.000617 -0.110811 -0.009057 -0.020208 -0.027458 -0.027253 -0.006791 -0.000371 -0.000544 -9999.000000 -9999.000000 -9999.000000 -9999.000000 -9999.000000 -9999.000000 -9999.000000 -9999.000000 -9999.000000 -9999.000000 -9999.000000
0.012250 0.027066 0.012200 0.012888 0.005148 0.050558 0.048584 0.062944 0.068478 0.055560 0.006468 0.005484 0.017204 0.016401 0.003174 0.000999 -0.000058 0.166425 0.233501 0.189600 -0.001452 -0.016467 -0.005956 -0.000391 0.002410 0.004071 0.002657 0.000299 -0.009252 -0.027694 -0.652661 -0.046875 -0.008534 -0.009868 -0.064239 -0.050432 -0.001736 -0.001801 -0.014295 -0.141634 -0.126816 -0.028174 -0.046507 -0.055906 -0.018602 -0.009755 -0.008559 -0.000874 -9999.000000 -9999.000000 -9999.000000 -9999.000000 -9999.000000 -9999.000000 -9999.000000 -9999.000000 -9999.000000 -9999.000000
0.000208 0.000106 0.018028 0.020763 0.009387 0.040756 0.036877 0.206357 0.122043 0.152713 0.034775 0.021430 0.001667 0.001260 0.003974 0.000753 -0.006706 0.138295 0.245048 0.141594 0.032805 0.049921 -0.002552 -0.011841 -0.000092 0.000258 -0.000854 -0.001423 -0.034742 0.206413 -0.145413 -0.333334 -0.012267 -0.017137 -0.119398 -0.119167 -0.046766 -0.020106 -0.058891 -0.109541 -0.176940 -0.092532 -0.051504 -0.074560 -0.023121 -0.021327 -0.010207 0.006057 -9999.000000 -9999.000000 -9999.000000 -9999.000000 -9999.000000 -9999.000000 -9999.000000 -9999.000000 -9999.000000 -9999.000000
-0.000326 -0.000121 0.112002 0.022090 0.014411 0.036767 0.123695 0.296698 0.023754 0.029326 0.082897 0.014046 0.003620 0.001796 0.024904 0.001913 0.078718 0.101725 0.259241 0.082550 0.053902 0.086781 0.023696 -0.022871 0.000000 -0.001745 -0.002190 0.014552 0.014438 0.395388 -0.090181 -0.261363 -0.049432 -0.023269 -0.115665 -0.163917 -0.109852 -0.053408 -0.044490 -0.074798 -1.433668 -1.227075 -0.936106 -0.092487 -0.025967 -0.027549 -0.007465 0.030404 0.018785 -9999.000000 -9999.000000 -9999.000000 -9999.000000 -9999.000000 -9999.000000 -9999.000000 -9999.000000 -9999.000000
-0.004560 -0.007526 0.138203 0.028812 0.029488 0.114103 0.259639 0.040026 0.007831 0.006542 0.055446 0.004331 0.006328 0.001771 0.012364 0.001109 0.060382 0.343547 1.465061 0.132573 0.014996 0.141407 0.087053 0.036479 0.003234 0.000382 0.026995 0.017406 0.009499 0.058683 0.006541 0.001508 0.000000 -0.002921 -0.064421 -0.199419 -0.732732 -0.675499 -0.274449 -0.356727 -0.541247 0.212403 0.376471 -0.088279 -0.022787 -0.006749 -0.026264 0.007016 0.008521 0.011975 -9999.000000 -9999.000000 -9999.000000 -9999.000000 -9999.000000 -9999.000000 -9999.000000 -9999.000000
-0.017226 -0.079447 0.076359 0.032512 0.076914 0.068371 0.054338 0.004560 0.000000 0.000027 0.000777 0.004552 0.004768 0.000222 0.000005 0.004626 0.035638 0.145359 0.112289 0.062624 0.017386 0.075692 0.029481 0.027332 0.002934 0.002008 0.012508 0.000003 0.000208 0.000005 -0.000916 -0.001987 -0.011316 -0.002031 -0.008218 -0.009395 0.066963 0.057587 -0.060117 -0.984798 -0.229950 0.071820 0.475355 0.033832 -0.002613 -0.011931 -0.002647 0.000121 0.000326 0.007574 -9999.000000 -9999.000000 -9999.000000 -9999.000000 -9999.000000 -9999.000000 -9999.000000 -9999.000000
-0.108438 0.056280 0.086926 0.002605 0.017653 0.018170 0.014727 -0.000547 -0.014039 -0.000402 -0.002200 -0.003641 -0.002217 -0.000222 0.000135 0.013414 0.033175 0.034677 0.026796 0.020040 0.015520 0.020221 0.019164 0.004833 0.005073 0.003570 0.011729 -0.030983 -0.000326 -0.000050 -0.004026 -0.036456 -0.022585 -0.002786 0.021360 0.189530 0.161930 0.005443 0.017007 0.088467 0.238352 0.447125 0.119510 0.000003 -0.006557 -0.051399 -0.009950 -0.000106 -0.000208 -0.000003 -0.000000 0.000180 -9999.000000 -9999.000000 -9999.000000 -9999.000000 -9999.000000 -9999.000000
-0.017983 0.075261 0.001526 0.001118 0.000639 0.009547 0.000639 -0.007325 -0.317196 -0.058140 -0.017175 -0.003761 -0.003631 0.000190 -0.000131 0.016927 0.040701 0.001773 0.001435 0.031828 0.020717 0.000610 0.000412 0.001483 0.001954 0.003624 0.000878 -0.100238 -0.004012 0.000347 -0.001074 -0.159844 -0.005696 0.001921 0.017720 0.025988 0.039101 0.027823 0.006768 0.018917 0.133230 0.132362 0.196035 -0.000885 -0.003952 -0.130742 -0.014852 -0.000727 -0.006364 -0.006034 -0.007319 -0.000458 -9999.000000 -9999.000000 -9999.000000 -9999.000000 -9999.000000 -9999.000000
0.000360 0.000360 -0.000418 -0.000728 -0.000086 0.000000 -0.000086 -0.106405 -0.214281 0.190343 -0.075201 -0.000858 0.000055 0.000751 -0.000461 0.004552 0.000634 0.002329 0.001986 0.028230 0.000677 -0.000412 -0.000317 -0.004689 -0.004433 0.000222 0.000070 -0.033351 -0.057762 -0.005710 -0.000058 -0.102524 -0.002093 0.001265 0.000628 0.019243 0.009820 0.024767 0.023878 0.003150 0.001337 0.150977 0.216894 -0.001050 -0.001727 -0.127941 -0.002153 -0.001647 -0.019001 -0.014051 -0.019911 -0.029035 0.000000 -9999.000000 -9999.000000 -9999.000000 -9999.000000 -9999.000000
-0.000360 -0.000360 -0.029034 -0.054721 -0.012023 -0.007879 -0.006720 -0.072555 -0.154893 0.244104 0.001592 0.000901 0.001102 0.001125 -0.000213 -0.017751 -0.000388 -0.000763 0.000360 0.000360 -0.000056 -0.004797 -0.041727 -0.031523 -0.001607 -0.000222 0.000057 -0.013947 -0.021748 -0.004790 -0.000088 -0.061744 -0.118484 -0.000544 0.000313 0.000806 0.000616 0.011403 0.005845 0.000467 0.001549 0.125058 0.181388 0.016838 0.001045 -0.109045 -0.001616 -0.018204 -0.026963 -0.611114 -0.580536 0.133735 0.004067 0.000000 -9999.000000 -9999.000000 -9999.000000 -9999.000000
-0.192698 -0.004509 -0.013461 0.031168 -0.089344 -0.074367 -0.063436 -0.041117 0.003975 0.284538 0.098620 0.000987 0.001503 0.001056 -0.000370 -0.018119 -0.048117 -0.000706 -0.000360 -0.000360 -0.012393 -0.021258 -0.588789 -0.025968 -0.000291 0.001201 0.000311 -0.004877 -0.021065 -0.021119 -0.004617 0.031610 -0.040362 -0.000536 -0.000592 -0.000786 -0.000442 0.000102 0.000287 0.000255 0.006778 0.082161 0.199242 0.060194 0.042999 -0.035205 0.007893 -0.352476 0.027704 -0.137895 -0.390683 0.195962 0.032214 0.006974 0.003528 -9999.000000 -9999.000000 -9999.000000
-0.080713 -0.080125 -0.166689 0.134842 -0.032204 -0.022290 -0.010319 -0.006474 0.021121 0.039028 0.032226 0.001492 0.002478 0.001431 -0.011338 -0.058386 -0.123326 -0.001468 -0.006698 -0.006698 -0.029888 -0.056087 -0.205522 -0.004004 0.000882 0.002365 0.000043 -0.009133 -0.019377 -0.020725 0.239068 0.088976 0.027714 -0.067879 -0.088033 -0.009801 -0.015484 -0.000410 0.000237 0.000406 0.136246 0.005170 0.039403 0.005186 0.017915 0.017913 0.004110 0.000442 0.127931 0.156539 -0.100709 0.018199 0.008350 0.003423 0.002540 -9999.000000 -9999.000000 -9999.000000
0.118168 0.051533 -0.049723 -0.140478 -0.034609 -0.005777 0.000159 0.000782 0.011967 0.005684 0.004158 0.000916 0.003439 0.001881 -0.001359 -0.111143 -0.303662 -0.002227 -0.016987 -0.012734 -0.131439 0.186281 0.014211 -0.000691 0.000170 0.000340 -0.000092 0.000239 -0.011386 -0.012836 0.265095 0.000355 0.000085 -0.093010 -0.088397 0.588135 -0.126849 -0.000106 0.000780 0.000032 0.295838 -0.001474 0.000318 0.000414 0.000016 0.000139 0.000005 -0.000189 0.159913 0.005256 0.000477 0.001369 0.000477 0.001042 0.000284 0.000000 -9999.000000 -9999.000000
0.036895 0.163023 0.249078 -0.211689 0.209104 1.078283 -0.000108 -0.000100 0.000000 0.000388 -0.000073 0.000010 0.000569 0.000394 0.005481 0.005621 -0.282389 -0.011125 -0.003782 -0.002786 0.013394 0.481404 0.465509 0.000851 0.000053 -0.000000 -0.000203 -0.000245 -0.000018 0.001444 0.222219 -0.000362 -0.000427 -0.079601 -0.073540 0.354371 0.065032 0.001098 0.000000 0.001078 0.112162 -0.000011 -0.000411 -0.000606 -0.018544 -0.000511 0.001495 0.248920 0.065537 0.010821 -0.000294 0.000367 -0.000294 -0.003144 -0.002458 -9999.000000 -9999.000000 -9999.000000
