use_cases/Flooding_chicago/flooding_data/output/hUy_840.asc
ncols 337
nrows 393
xllcorner 428428.000000
yllcorner 4602440.000000
cellsize 26.757400
NODATA_value -9999.000000
[rows 104 to 129 of 393, columns 174 to 231 of 337]
0.002646 0.006730 0.026454 0.369289 0.404504 0.067364 -0.000334 -0.016667 -0.012574 -0.037372 -0.016716 -0.004012 -0.002105 0.000077 -0.000343 -0.046845 -0.026999 -0.024072 -0.037200 0.438823 0.042023 -0.074135 0.106905 0.445015 0.405865 0.803703 -0.006299 -0.419958 -0.450458 -0.460883 -0.491747 -0.047698 0.062010 0.135218 0.009822 -0.023168 -0.025487 0.154093 0.012139 0.017967 0.101659 -0.141565 -0.033850 -0.014581 -0.013263 -0.019751 0.068103 0.121547 0.029164 -0.021392 -0.012608 -0.484379 -0.052667 -0.006381 -0.039283 -0.003887 -0.026004 -0.030333
0.000986 0.002518 0.013877 0.010537 0.036226 0.037895 -0.002574 -0.056141 -0.064106 -0.071175 -0.016532 -0.020739 -0.001998 -0.000695 -0.000442 -0.016948 -0.047319 1.968215 0.944789 0.453545 -0.045138 -0.346789 0.005854 0.236227 0.203983 0.725882 -0.084762 -0.405852 -0.617797 -0.066055 -0.318696 0.054331 0.018141 0.516786 0.248857 0.835579 0.051064 0.023907 0.008925 0.000858 0.000109 -0.028236 -0.037655 -0.014258 -0.009663 0.011191 -0.012868 0.126058 0.000360 0.000360 -0.001093 -0.165261 0.055232 -0.187778 -0.052470 -0.025330 -0.066937 -0.007432
-0.000114 0.000749 0.000165 0.000403 0.009350 0.011469 -0.000232 -0.022808 -0.067502 -0.402315 -0.902570 -0.043710 -0.016703 -0.004869 -0.008596 -0.001821 0.465700 2.209204 1.463580 0.364674 -0.084486 -0.363968 0.031008 0.156619 0.054887 0.726813 -0.180558 -0.302001 -0.531464 0.775551 0.117418 0.039981 0.027816 0.024875 0.095955 0.040113 0.034607 0.011678 0.000427 0.000056 -0.000045 -0.008485 -0.021993 -0.073744 -0.012291 0.008154 -0.043054 -0.000010 -0.000360 -0.000360 0.001033 -0.007081 0.020302 0.000000 0.000000 -0.013660 -0.011599 -0.003138
0.004639 0.001204 -0.000104 -0.000103 0.000673 0.005829 0.040735 0.146417 0.182429 0.007517 -0.711545 0.270696 -0.450195 -0.139683 -0.028258 0.360676 0.597748 0.327565 0.103610 0.070865 0.050001 0.058009 0.026993 0.318995 0.153794 1.301512 -0.046552 0.302252 -0.268692 1.931109 0.052831 0.038747 0.034172 0.022498 0.031234 0.035552 0.029778 0.002061 -0.000032 -0.000154 -0.005098 -0.015440 -0.051850 -0.118284 -0.029897 -0.156541 0.085426 -0.063426 -0.032031 0.015106 0.001246 0.068866 0.012633 0.008617 -0.052974 -0.055511 -0.024467 -0.031901
-0.039199 0.001387 -0.000050 -0.007486 -0.000131 0.000000 0.003272 0.133565 0.303518 0.014269 0.050476 0.640854 0.015322 0.234126 0.280591 0.247963 0.033166 0.019992 0.025672 0.009003 0.016584 0.027344 0.015998 0.023341 0.046199 0.518399 0.073693 0.099152 0.131077 0.060738 0.041131 0.029080 0.010604 0.013867 0.006887 0.007573 0.017616 0.007970 0.000099 0.000237 -0.025167 -0.123562 -0.179981 -0.208260 0.226931 0.067128 0.130194 0.189844 0.390108 0.058801 0.190679 0.172781 0.130657 0.090142 -0.096159 -0.066008 -0.055481 -0.415042
0.009442 -0.000548 0.002816 -0.111187 -0.013035 -0.004217 0.011350 0.284058 0.022589 0.036276 0.013647 0.073212 0.004255 0.024320 0.016214 0.014707 0.022287 0.007857 0.000646 0.000803 0.000393 0.000143 0.000293 0.000916 0.021097 0.221206 0.056643 0.061026 0.042559 0.056973 0.019141 0.010909 0.008640 0.000000 0.000015 0.000468 0.000528 0.005374 0.000138 0.000057 0.000148 0.000974 -0.032472 -0.072039 0.444026 0.149924 0.010445 0.258708 0.296318 0.174331 0.102784 0.042922 0.030623 0.010673 -0.042029 -0.016470 -0.014957 0.076354
0.017030 0.000000 0.004143 -0.003055 -0.068474 -0.007860 0.052202 0.078159 0.066544 0.076956 0.014528 0.008321 0.002797 0.000068 0.000174 0.000313 0.000397 -0.000013 -0.000454 -0.000712 -0.000365 -0.000141 0.000560 0.002954 0.091832 0.349078 0.032350 0.037611 0.040630 0.068382 0.006487 0.001244 0.003212 -0.012205 -0.004944 -0.000569 -0.000456 -0.000016 -0.000000 -0.000094 -0.000162 0.003940 0.133013 0.031351 0.830212 -0.055613 0.083225 0.022445 0.025932 0.010876 0.067617 0.015449 0.017075 0.001072 -0.009104 -0.004067 -0.006161 0.121566
0.000375 -0.017536 0.000000 -0.000716 -0.017917 -0.049448 0.021537 0.035355 0.007600 0.038438 0.001068 0.006930 0.001456 -0.000069 -0.000184 -0.000416 -0.000625 -0.021101 -0.016400 -0.014023 -0.008507 -0.011004 0.001998 0.025743 0.174142 0.014204 0.014868 0.015043 0.029660 0.040103 0.038852 0.007397 -0.007605 -0.058372 -0.003497 -0.012345 -0.012164 -0.007390 -0.006608 -0.000165 -0.005782 0.839015 0.704751 -0.210693 0.462889 -0.147910 0.000744 0.008005 0.020172 0.007749 0.036469 0.007550 0.018627 0.000596 -0.001258 0.145821 -0.090050 0.047092
-0.003610 -0.084286 -0.003663 -0.009582 -0.058127 -0.106888 0.000412 0.009440 0.004043 0.009754 0.000682 -0.002513 -0.005529 -0.005122 -0.026508 -0.012786 -0.010733 -0.023278 -0.066843 -0.066324 -0.067606 -0.081266 0.026921 0.018394 0.107295 0.000169 0.000121 0.000787 0.011007 0.014281 0.014628 0.007685 -0.002952 -0.088101 -0.035069 -0.039644 -0.030980 -0.017412 -0.021693 -0.007052 -0.257373 1.933585 0.808455 -0.656480 -0.109162 -0.545295 0.001727 0.000475 0.007598 0.000449 0.000569 0.000393 0.015268 0.002934 0.022112 0.418399 0.046303 0.181890
-0.004234 -0.037357 -0.031886 -0.046729 -0.428423 -0.233262 0.000437 0.000421 0.000378 0.000334 0.000094 -0.000883 0.008440 -0.114251 -0.151123 -0.365012 -0.036389 -0.028296 -0.027197 -0.030452 -0.018305 0.000548 0.005378 0.000251 0.035126 0.000085 -0.000080 -0.000092 0.000018 0.000432 0.000990 0.000222 -0.000701 -0.050988 -0.077074 -0.058283 -0.066146 -0.032902 -0.030161 -0.025941 -0.200580 1.781565 1.101944 -0.852261 -0.206294 -0.342741 0.016924 0.001684 0.000004 0.000211 -0.000247 -0.000331 0.006107 0.002513 0.011828 0.010450 0.043092 0.085299
-0.009940 -0.023171 -0.009723 -0.148002 -0.242944 -0.056988 0.000511 0.000527 0.000238 -0.000015 -0.000065 0.000109 0.002427 -0.106520 -0.129023 -0.157679 -0.005345 -0.005626 -0.091251 -0.007389 -0.000001 -0.000065 0.000000 -0.000086 0.020260 -0.000506 -0.007264 -0.005027 -0.009065 -0.000636 -0.001016 -0.000222 -0.000531 -0.006273 -0.042005 -0.045183 -0.159805 -0.125233 -0.031142 0.382396 0.127424 2.807560 1.459355 -1.363089 -0.119748 0.364915 0.029630 0.021867 0.023054 -0.000024 -0.000554 -0.009978 -0.000166 -0.000004 0.000144 0.000612 0.007309 0.001080
-0.005545 -0.008921 -0.006937 -0.032563 -0.199151 -0.077383 0.000071 0.000173 -0.000341 -0.000331 -0.016190 -0.001679 -0.037943 -0.143038 -0.165725 0.000011 -0.004277 -0.004398 -0.223451 -0.010801 -0.008307 -0.004918 -0.008299 -0.051413 -0.077537 -0.049023 -0.024345 -0.020815 -0.021677 -0.011026 -0.013062 -0.003946 -0.000067 -0.001431 -0.005141 -0.005042 -0.000116 -0.042532 0.219654 0.623660 0.572247 2.590187 2.382120 -0.857498 0.218456 0.030813 0.013556 0.012562 0.016004 0.000888 -0.001290 -0.030320 -0.005729 -0.001054 -0.000075 0.000193 0.000017 0.000672
-0.030314 -0.029292 -0.007392 0.017978 -0.279309 -0.193063 -0.000084 -0.000350 -0.007979 -0.005098 -0.043638 -0.014282 -0.055662 -0.151005 -0.178155 -0.000766 -0.003151 -0.002418 -0.125303 -0.279644 -0.049345 -0.073964 -0.075314 -0.168162 -0.070200 -0.001427 -0.049159 -0.037480 -0.021815 -0.026289 -0.013548 -0.020817 -0.004352 -0.001043 -0.000078 0.000337 -0.002735 -0.000244 0.415194 0.617543 0.151426 0.047487 0.126523 0.209847 0.039267 0.013299 0.000203 0.000702 0.002568 0.000375 -0.000296 -0.031320 -0.023118 -0.001503 -0.016859 -0.001241 -0.000444 -0.000526
-0.066046 -0.435937 -0.002673 -0.036938 -0.207407 -0.058430 -0.007205 -0.005590 -0.021877 -0.020107 -0.266239 -0.030026 -0.081049 -0.584798 -0.170820 -0.077768 -0.072995 -0.001499 0.000244 -0.261664 -1.311728 -0.056481 -0.209347 -0.028647 -0.065336 -0.012931 -0.017126 -0.008102 -0.007640 -0.024083 -0.008576 -0.201670 -0.153027 -0.005962 -0.039450 -0.003436 -0.001758 0.765515 0.557968 0.516175 0.011591 0.015583 0.009251 0.073977 0.009963 0.008110 -0.000165 -0.000248 0.000866 0.000219 -0.000283 -0.014571 -0.044460 -0.012063 -0.045005 -0.010808 -0.003504 0.000364
0.036727 -0.205597 0.088425 -0.150987 -0.745438 0.000606 -0.023512 -0.024049 0.129746 -0.112375 -0.039778 -0.045269 0.089812 -0.157445 -0.155237 -0.097251 -0.100213 -0.000986 -0.000449 -0.228211 -0.247150 -0.023502 -0.001946 -0.018041 -0.023489 -0.054520 -0.010582 -0.004362 0.013551 -0.003074 -0.022743 -0.014901 0.005104 0.004487 -0.069996 -0.013855 0.027619 0.692378 0.013690 0.010892 0.001507 0.000907 0.000640 0.005876 0.010001 0.010919 -0.003879 -0.000529 -0.000455 -0.000219 -0.006694 -0.000833 -0.043860 -0.033423 -0.056426 -0.014225 -0.004992 0.023224
0.028601 -0.164053 0.038674 0.077493 -0.105852 0.019988 0.000934 0.015375 0.150510 -0.015322 -0.051158 -0.069558 0.000000 -0.145633 -0.136795 -0.102422 -0.094217 -0.026861 -0.027398 -0.511104 -0.135286 -0.083410 -0.010171 -0.017170 -0.023769 -0.074587 -0.001969 -0.001239 0.000105 0.002745 0.019511 0.140747 0.122193 0.022648 0.112896 0.036875 0.249005 0.649176 0.001067 0.001291 0.001661 0.000282 0.001056 0.004844 -0.008298 -0.004052 -0.006471 -0.000376 -0.000605 -0.000375 -0.015603 -0.008810 -0.032428 -0.092073 -0.025659 0.197920 0.153169 0.037686
0.038060 -0.162186 -0.015706 0.395905 0.065176 0.011980 0.001915 0.006203 0.025428 0.036806 -0.013951 -0.041236 -0.101464 -0.101332 -0.091608 -0.070505 -0.056008 -0.018796 -0.086819 -1.186619 -0.256095 -0.100615 -0.007270 -0.012837 -0.025071 -0.078674 0.002153 0.000395 0.002167 0.013665 0.011626 0.083567 0.013125 0.008195 0.090497 0.147519 0.124015 0.138093 0.001996 0.001796 -0.001051 -0.000711 0.000813 0.000571 -0.097020 -0.191950 -0.002943 -0.000500 -0.001038 -0.007912 -0.021139 -0.030882 -0.028362 0.444334 0.361747 0.260788 0.373749 0.565218
0.150458 -0.055935 0.000007 0.000474 0.007167 0.001981 0.000118 0.000000 0.078056 0.059394 0.052128 0.074509 -0.132955 -0.223655 -0.292178 -0.341907 -0.054540 -0.031015 -0.033638 -0.870403 -0.305676 -0.039518 -0.010425 -0.037992 -0.019249 -0.092717 0.010934 0.002596 0.018847 0.020033 0.008255 0.023074 0.033487 0.021232 0.109549 0.032109 0.010714 0.058763 0.003395 0.001625 -0.001356 -0.005075 -0.002500 -0.000706 -0.049687 0.091656 -0.164881 -0.044780 -0.033302 -0.025676 -0.023065 -0.100249 0.316912 0.970421 0.603470 0.102739 0.050920 0.140385
0.054029 0.046690 0.106940 -0.000039 0.000000 -0.000286 -0.001609 -0.086315 0.104151 0.115621 0.057215 0.046066 0.008959 -0.139527 -0.282068 -0.303261 -0.252354 -0.470470 -0.434214 -0.781582 -0.427858 -0.018637 -0.032420 -0.031727 -0.053602 -0.018733 0.083644 0.028910 0.016816 0.011151 0.005162 0.028028 0.054614 0.057437 0.063775 0.000484 0.000142 0.001502 0.004029 0.000212 -0.001641 -0.005059 -0.020231 -0.040166 0.081081 0.206999 0.039103 0.216585 0.161913 0.071814 0.036576 2.108547 0.957660 1.182337 0.133403 0.075069 0.039298 0.150365
0.057388 0.203345 0.861012 -0.000429 -0.006487 -0.001508 -0.122458 0.083769 0.264714 0.295141 0.063417 0.004059 0.008617 0.000353 -0.204541 -0.214484 -0.657209 -0.188180 -0.381067 -0.676429 -0.547838 -0.484764 -0.021098 -0.020538 -0.024844 -0.002746 0.011074 0.013625 0.006574 0.000555 0.000396 0.006708 0.105187 0.014673 0.019470 0.000575 -0.000084 0.001095 -0.001254 -0.001316 -0.000076 -0.003111 -0.006803 -0.308652 0.459964 0.444158 0.294883 0.164306 0.058079 0.033909 0.052161 0.056075 0.032221 0.139266 0.082504 0.084049 0.131913 0.157030
0.416912 0.482896 0.463257 0.104828 0.007700 0.001519 -0.193300 0.121874 0.268167 0.353072 0.000000 0.000000 0.000074 0.000626 -0.195143 -0.075442 0.057669 0.100126 -0.288988 -1.107646 -1.945638 -0.445058 -0.014631 -0.014792 0.000307 0.000161 0.000002 0.000159 -0.000013 -0.000401 -0.000330 0.224864 0.024182 0.007423 0.008433 0.000882 -0.002816 -0.002131 -0.003128 -0.030951 -0.019938 -0.003180 -0.123801 0.152682 0.761645 0.848907 0.048680 0.145524 0.025871 0.019046 0.037159 0.019771 0.020795 0.030058 0.008654 0.146452 0.257682 0.127015
0.008236 0.044986 0.046497 0.141983 0.034040 0.004342 -0.031984 0.162145 0.184282 0.379453 0.366130 -0.003663 -0.000193 0.004711 0.039603 0.284004 0.475912 0.436181 -0.070964 -1.215469 -2.381476 -0.591216 0.000241 0.000901 0.000426 -0.000343 -0.009354 -0.000464 -0.008407 -0.011571 -0.009050 0.004208 0.000103 0.000222 0.000103 0.000235 -0.000902 -0.010697 -0.008402 -0.114589 -0.141576 0.171084 0.024529 0.647227 1.952893 0.027017 0.005984 0.144031 0.085673 0.007873 0.001228 0.005582 0.001010 0.009247 0.000898 0.108012 0.873133 0.217425
0.000109 0.013281 0.023362 0.076986 0.025141 0.002591 0.064520 0.408968 0.158866 0.259511 0.245185 -0.051593 -0.014907 0.012217 0.064825 0.209169 0.258943 0.061901 0.001477 -0.614254 -2.166347 -0.498296 -0.000169 -0.000083 -0.001215 -0.005040 -0.025673 -0.010284 -0.018641 -0.019093 -0.019134 -0.010509 -0.000103 -0.000222 -0.000103 0.000161 0.000266 -0.004829 -0.001824 -0.004776 -0.223997 1.908824 0.031587 0.477420 0.013695 0.005568 0.029622 0.069325 0.088977 0.043450 0.001020 0.000000 0.002287 0.001415 0.001815 0.187064 0.954285 0.007747
-0.000901 0.062750 0.021134 0.047594 0.003498 -0.000768 0.195976 0.183875 0.167312 0.177632 0.017616 0.007401 0.034729 0.078683 0.040976 0.053203 0.045880 0.034765 0.002834 -0.519497 -2.404160 -0.352260 -0.001206 -0.000881 -0.002761 -0.007917 -0.054013 -0.022829 -0.016889 -0.003933 -0.044570 -0.015988 -0.029508 -0.008396 -0.006941 -0.000719 0.000329 0.002484 0.011835 0.107069 -0.027235 1.152135 0.248070 0.040138 0.001650 0.000326 0.005981 0.036519 0.057613 0.037032 0.005957 0.011034 0.007201 0.005408 0.000719 0.104369 0.489811 0.000000
0.450382 0.121067 0.025808 0.005941 0.001787 0.007578 0.194272 0.196744 0.002004 0.002751 0.009497 0.030928 0.022241 0.030914 0.073729 0.113935 0.106054 0.003554 -0.000199 -0.305168 -2.406817 -0.163696 -0.001736 -0.004056 -0.039807 -0.069243 -0.051484 -0.017044 -0.001892 -0.001134 -0.008038 -0.153323 -0.065231 -0.111468 -0.069352 -0.001127 0.000847 0.001513 0.052979 0.079901 0.022722 0.474432 0.039221 0.032304 0.009269 -0.000208 -0.000003 0.014014 0.019923 0.012563 0.021387 0.047051 0.010550 0.001407 0.000319 0.002209 0.439150 -0.016055
0.247452 0.009212 0.003622 0.002440 0.001251 0.026961 0.150230 0.187741 0.005388 0.004068 0.002844 0.041772 0.027081 0.044347 0.026942 0.075541 0.064545 0.019350 0.000232 -0.221038 -3.361533 -0.171676 -0.002636 -0.022446 -0.091184 -0.145234 -0.007927 -0.001234 -0.001664 -0.004514 -0.028858 -0.295398 -0.309895 -0.023142 0.108387 0.181826 0.001884 0.008206 0.024715 0.020566 0.009369 0.187546 0.013818 0.018161 0.041745 -0.011128 -0.023077 0.025389 0.000096 0.002348 0.015502 0.009812 0.000869 -0.000494 0.000204 0.015667 0.758239 0.172633
