use_cases/Flooding_chicago/flooding_data/output/hUy_2580.asc
ncols 337
nrows 393
xllcorner 428428.000000
yllcorner 4602440.000000
cellsize 26.757400
NODATA_value -9999.000000
[rows 78 to 103 of 393, columns 232 to 289 of 337]
-0.020124 -0.031541 -0.055671 -0.015773 -0.016286 -0.034296 -0.038218 -0.033531 0.000684 0.008069 0.091092 0.099158 0.029922 0.060146 0.043523 0.033534 0.026728 -0.117987 0.184298 0.313932 0.003130 0.006813 0.019097 -0.257284 0.413500 1.358809 1.611683 0.401985 0.202154 0.447364 0.665409 0.397646 -0.786948 0.169632 2.215672 4.546166 3.275971 2.173211 2.338974 1.971279 0.078211 -0.000461 0.143723 3.233845 4.788798 3.144973 0.791670 0.347560 0.138122 0.315632 0.001404 -0.000337 -0.000379 -0.000491 0.000113 0.000754 0.266746 -0.143644
-0.228180 -0.531095 -0.586673 -1.852392 -1.357357 -1.185534 -1.440519 -0.168742 0.000651 0.001800 0.028244 0.050622 0.053290 0.055923 0.028863 0.016707 0.023940 0.238236 0.324784 0.383601 0.007948 0.009710 0.030415 0.266892 1.015895 2.380001 2.024337 0.641813 0.090263 0.453740 0.250394 0.299723 -0.369654 0.057445 0.866360 2.136832 4.249638 3.710655 3.126638 2.880811 0.172734 0.138536 1.549292 4.211682 3.853244 2.070139 0.354319 0.331733 0.312354 0.030995 0.006757 -0.003568 -0.001596 -0.001934 -0.000099 0.029094 0.841142 0.953772
-0.503997 -0.780038 -0.228210 -1.060837 -0.493118 -0.540339 -0.908074 -0.642210 -0.000339 0.000956 0.000810 0.038498 0.039844 0.049304 0.007211 0.006951 0.023466 0.025773 0.080257 0.704224 0.056474 0.009854 0.015946 0.033264 1.303755 2.008180 0.764427 0.143559 0.579865 0.817842 0.588194 0.582969 0.827400 0.009209 0.038607 0.964746 3.857967 3.380360 3.576796 3.243645 1.089483 0.978398 2.531625 6.248529 2.193371 0.172003 0.067070 0.042471 0.078948 0.006123 0.008794 -0.003214 -0.001270 -0.001568 -0.010814 0.095175 1.454321 1.438984
-0.878548 -1.161083 -0.329509 -0.754669 -0.738284 -0.893035 -0.947654 -0.839318 -0.007087 -0.000468 0.000893 0.014443 0.018240 0.022719 0.000968 0.000473 0.014675 0.007634 0.067678 0.064248 0.058406 0.007533 0.006275 0.016171 0.922598 1.101944 1.152547 0.006222 0.007005 0.024376 0.020041 0.040785 0.024938 0.004611 0.010882 0.058658 1.680796 3.555446 3.534281 3.081631 2.058403 2.125140 3.645930 5.210557 2.957738 0.271307 0.000085 0.001695 0.023052 0.007995 0.011331 -0.000973 -0.006154 -0.017350 -0.213046 1.154084 1.712408 1.786239
-1.088937 -1.167660 -0.463739 -0.833293 -0.842955 -0.993477 -1.086515 -0.843408 -0.082560 -0.000988 -0.000177 0.000000 0.000000 0.000001 0.000026 -0.000269 0.001066 0.000909 0.021033 0.022929 0.019560 0.000411 0.000008 0.000000 0.798203 0.932526 0.874005 0.000006 0.000220 0.000004 0.000000 0.025197 0.000352 0.000007 0.000215 0.061313 1.266703 1.867779 3.065331 3.391382 2.370840 2.134739 3.795749 6.157871 3.599845 1.188975 0.079313 -0.000244 0.000017 0.000721 0.011329 0.002754 -0.005182 -0.143316 0.531017 1.855847 2.294427 1.640982
-1.452474 -1.473974 -0.576342 -0.695366 -0.712905 -0.814557 -0.932580 -1.050305 -0.027310 -0.000602 -0.010816 -0.008136 -0.015921 -0.021588 -0.000774 -0.000700 0.000406 0.000877 0.000071 0.000004 0.000000 -0.000293 -0.009609 -0.010527 1.673522 1.879933 1.460593 0.174872 -0.072307 -0.182744 -0.241393 -0.000007 -0.000352 -0.003376 -0.000450 0.068725 1.044259 2.638018 3.160321 3.277925 2.110924 2.276821 3.737291 6.164167 4.410746 1.587660 0.384580 0.134734 -0.008505 0.000134 0.000723 0.000368 -0.001999 0.004683 0.978771 2.074599 2.125926 1.170157
-1.336037 -1.306381 -0.426239 -0.515904 -0.814551 -0.803840 -1.825006 -2.199606 -1.061296 -0.074253 0.165863 -0.020198 -0.024412 -0.042149 -0.000582 0.000161 -0.000927 -0.000747 -0.004363 -0.038237 -0.015808 -0.050811 -0.040402 0.512311 1.923723 2.231865 1.154857 0.137341 -0.813922 -1.464325 -0.211668 -0.100978 -0.048807 -0.005972 -0.007808 0.000434 0.172850 1.346872 2.622112 3.740292 1.885790 2.128300 3.655934 5.516120 4.187944 1.688783 0.424944 0.185736 -0.019868 -0.000651 -0.000788 -0.000389 -0.000657 0.134731 1.117448 1.829233 1.647636 1.332110
-0.843034 -1.048595 -0.094477 -0.093247 -0.600186 -1.161948 -1.289302 -1.945473 -1.145080 -0.133489 0.189983 -0.073848 -0.032371 -0.054557 -0.006735 -0.000357 -0.000622 -0.000388 -0.002215 -0.064616 0.308658 0.072660 -0.161079 0.910885 2.061641 2.501948 1.215490 0.150386 -0.225502 -1.453893 -0.140486 -0.321270 -0.168491 -0.046752 -0.009003 -0.000869 0.204208 2.114878 3.018693 3.645680 2.041427 2.459047 3.831171 5.746701 4.639347 2.173274 0.448341 0.187996 0.007960 0.022298 0.027245 0.112438 0.083307 1.072682 1.263058 1.957478 1.570189 1.050174
-0.773124 -1.001755 -0.625348 -0.051344 -0.049409 -0.748565 -1.001403 -1.936978 -1.293854 -0.338876 0.068386 0.009444 -0.798748 -1.203187 -0.019204 -0.010460 -0.012107 -0.001404 -0.001263 -0.115957 0.336710 0.351509 0.140582 1.108662 2.130928 2.393440 0.976407 0.001673 0.023423 -1.245010 -0.561267 -0.330835 -0.128149 -0.256755 -0.210585 -0.147821 1.003159 2.537915 2.770918 3.214431 2.149618 2.049702 2.782831 5.234269 4.082120 2.004765 0.566531 0.197583 0.024096 0.112805 0.113936 0.354528 0.347658 1.233395 1.832042 1.567720 1.207006 0.808568
-0.627443 -1.143483 -0.540654 -0.237444 0.212511 -0.527854 -0.602141 -1.469942 -1.272123 -0.470676 -0.072034 0.176317 -0.273088 -1.105152 -1.619389 -0.069815 -0.048615 -0.035991 0.395170 0.398193 0.419746 0.437298 0.353320 0.958318 1.815056 2.324993 0.003441 0.001518 0.116174 -0.584306 -0.214533 0.087978 0.203991 0.009479 0.175520 0.213469 1.179739 2.240187 2.827986 2.999170 1.836481 1.557338 2.442024 4.339936 4.155468 2.299069 0.652014 0.464525 0.053302 0.213667 0.206113 0.617957 0.604726 1.392229 1.344863 1.499866 0.875489 0.127442
-0.473757 -0.814070 -0.337315 -0.073492 0.244943 -0.256059 -0.462580 -0.638330 -0.801885 -0.487186 -0.130643 0.178072 -0.073893 -1.125243 -1.338067 -0.322171 -0.008499 -0.060910 0.587149 0.450906 0.365532 0.519915 0.524731 1.013812 1.473720 1.879529 0.242122 0.117469 0.099568 -0.195463 0.085283 0.192825 0.127591 0.581771 1.390199 0.629094 1.290008 1.993498 1.566420 1.330953 1.279566 1.435015 1.679565 3.306714 3.488334 2.511501 1.169192 0.704811 -0.008195 0.235804 0.245524 0.874827 0.989019 1.680645 1.590466 1.275738 0.210007 0.111448
-0.282448 -0.693317 -0.111041 0.072634 0.190610 -0.276107 -0.351924 -0.558965 -0.398259 -0.350537 -0.173474 0.271449 0.086724 -0.736135 -1.000849 -0.235077 0.061894 -0.101553 0.597365 0.449458 0.658921 0.553226 0.885421 1.123691 1.521593 1.930923 0.672795 0.428415 0.351076 0.020087 0.009367 0.269369 0.285402 1.310211 2.733155 1.069911 0.876367 1.477737 1.045563 0.907595 1.004625 0.844025 1.449229 3.259881 4.580449 3.074878 1.028600 0.710206 -0.054191 0.202879 0.253230 1.078889 1.263669 2.002920 1.336883 0.970783 0.167543 0.001426
-0.102793 -0.743445 0.054950 0.245208 0.332536 -0.356401 -0.513311 -0.475986 0.067933 -0.103523 -0.040348 0.348850 0.209423 -0.628717 -0.805834 -0.152780 0.087824 -0.130258 0.469776 0.506487 0.702316 0.966540 1.357877 1.619913 2.450696 1.532577 1.067503 1.099037 0.625347 0.293966 -0.371231 -0.086661 0.237321 0.712406 0.796192 0.835987 0.669844 1.257438 0.473812 0.384432 0.566622 0.410176 1.378171 3.827690 5.035869 2.066023 0.509462 0.381333 0.083607 0.303124 0.393687 1.360903 1.411428 1.894898 1.433474 0.645685 0.089068 0.002132
0.112476 -0.607366 0.229107 0.383195 0.527142 -0.257009 -0.529141 -0.391151 0.038236 0.132248 0.195463 0.428997 0.285677 -0.432042 -0.582157 -0.118880 -0.000034 -0.018853 0.450299 0.581948 1.211824 1.323798 1.770039 1.657234 1.987718 1.223799 1.322144 0.569676 0.539392 0.359199 0.556113 0.600799 0.551557 0.263894 0.122865 0.055141 0.537842 1.232755 0.096118 0.075552 0.051778 0.049055 0.724493 4.034355 6.489200 3.786788 0.675722 1.241472 0.498197 0.601604 0.485921 1.620348 1.296330 1.657975 0.901482 0.346546 -0.122935 -0.000350
0.663977 -0.628361 0.379631 0.419025 0.826289 -0.046479 -0.723637 -0.476669 0.076475 0.291809 0.360061 0.392356 0.273986 -0.118104 -0.293306 -0.154573 0.032773 0.174007 0.586358 0.866970 1.676326 1.287928 1.433576 1.640765 1.298592 0.785470 1.448345 0.059608 0.067317 0.101884 0.020985 0.015958 0.051987 0.034446 0.019642 0.027014 0.527650 1.692133 0.193143 0.157043 0.057708 -0.041720 0.434210 2.882093 6.776006 4.066444 2.627305 1.910103 1.005076 0.697468 0.441583 1.492686 1.063935 1.095237 0.325600 -0.001951 -0.148915 -0.656795
0.203496 -0.081276 0.763356 0.521000 0.834815 0.297230 -0.552908 -0.571081 0.082654 0.325402 0.321032 0.292972 0.440800 0.124388 -0.112620 -0.140849 0.173870 0.424941 0.921627 0.880183 1.219424 1.185297 1.249852 1.116661 1.068846 0.318418 1.192856 0.028712 0.032367 0.095669 0.010231 0.004823 0.022725 0.015551 0.009540 0.015157 0.016861 0.036472 0.028289 0.404316 0.225632 0.063987 0.354286 3.236707 5.340002 4.697878 3.028725 2.009966 1.581692 0.649022 0.374916 1.516860 0.827184 0.976163 -0.020458 -0.161029 -0.126820 -0.948220
0.321844 0.424976 1.208949 0.766300 0.967448 0.217367 -0.293467 -0.514981 0.052517 0.256209 0.283243 0.337308 0.685968 0.420569 0.008617 -0.040623 0.263214 0.653827 0.972524 0.982197 1.226250 1.172650 1.155550 0.875883 0.779221 0.077411 0.017883 0.011312 0.008896 0.075989 0.051847 0.000917 0.000441 0.000552 0.000031 0.000000 0.000122 0.004010 0.005888 0.035505 0.454495 0.340581 0.091070 3.917648 5.824674 5.315346 3.852533 2.337521 1.737503 0.677458 0.309180 1.409642 0.656486 1.115027 -0.244363 -0.518657 -0.248640 -1.352585
0.416826 0.382362 0.324398 0.262195 0.180294 0.358426 -0.150702 -0.262514 0.059633 0.318481 0.404663 0.524562 0.783527 0.587684 0.081047 0.026311 0.396872 0.968716 1.232513 1.102348 1.243074 0.805081 0.790267 0.781881 0.683356 0.154261 0.000125 0.000584 0.006260 0.045076 0.025395 0.001053 -0.000263 -0.000283 -0.025461 -0.005752 -0.000660 -0.000024 0.000259 0.020347 0.013982 0.025039 0.133812 3.099562 6.361382 5.895916 4.540765 2.652857 2.185301 0.946559 0.297370 1.573463 0.683082 1.504288 -0.164994 -0.252088 0.225699 -1.406078
0.188641 0.301373 0.254708 0.223638 0.162249 0.130184 -0.098719 0.022286 0.057579 0.401159 0.377892 0.499772 0.967082 0.686278 0.147121 0.084141 0.476742 1.065136 1.312116 1.360659 0.859156 0.754285 0.384241 0.471783 0.496624 0.019870 -0.000066 -0.000069 0.000000 0.015452 0.001079 0.000000 -0.005016 -0.011552 -0.065698 -0.055317 -0.013929 -0.007178 0.000079 0.003663 0.004845 0.005750 0.246288 4.779203 8.322537 6.127715 4.954346 3.125358 1.087641 0.065415 0.013729 0.037921 0.016305 0.027728 0.389160 0.391757 0.017683 0.011006
-0.204313 -0.040301 0.068730 0.098240 0.061576 0.067456 0.063839 0.260661 0.084775 0.540683 0.441042 0.693291 1.133121 0.815632 0.192475 0.137888 0.561485 0.970184 1.445977 1.002008 0.839943 0.322393 0.387147 0.023471 0.033551 -0.000411 -0.008178 -0.006206 -0.007879 0.000000 -0.000305 -0.006851 -0.017624 -0.012602 0.434845 -1.392424 -0.062592 -0.020526 -0.000602 0.000000 0.000000 0.000000 0.391136 5.703243 9.324618 8.100919 5.065604 1.079207 0.000000 0.000000 0.000000 0.028838 0.005462 0.012943 0.033746 0.042193 0.009839 0.009952
-0.421462 -0.246630 -0.052783 0.017801 -0.045793 0.002452 0.034124 0.353135 0.037568 0.550336 0.471498 0.639373 1.585235 0.686652 0.258839 0.143312 0.587701 1.102394 1.354154 0.665626 1.093529 0.540969 0.025794 0.024261 0.057592 0.012616 -0.019045 -0.024777 -0.014790 -0.006795 -0.013423 -0.017952 -0.033539 -0.021155 0.584465 -0.982923 -0.108789 -0.048466 -0.000362 -0.004212 -0.006134 -0.004934 1.182215 6.670276 10.402798 6.607480 3.650055 1.452226 0.013092 -0.000306 -0.000113 0.000085 0.000129 0.000556 0.005378 0.006953 0.000569 0.000409
-0.509463 -0.296524 -0.000158 0.001670 -0.099225 0.056745 0.099674 0.296157 0.022814 0.658289 0.403919 0.801110 0.951191 0.595291 0.198765 0.091716 0.604269 1.226149 1.565151 0.643909 0.611574 0.237120 0.033310 0.000000 0.045082 0.030261 -0.022532 -0.034018 -0.016374 -0.013687 -0.029094 -0.020834 -0.091185 -0.002713 0.576417 -0.596127 -0.092566 -0.159951 -0.000582 -0.007710 -0.015619 0.003557 1.822418 7.797752 11.626679 4.605961 2.017201 1.792106 0.063441 -0.000402 -0.000177 -0.000069 -0.000085 -0.000065 0.000000 0.000000 -0.000292 -0.000494
-0.133285 -0.419340 -0.000672 0.001597 0.002189 0.011657 0.010580 0.010071 0.004285 0.491084 0.529550 0.995267 1.093722 0.433636 0.164177 0.049546 0.637541 1.376043 1.754222 0.625444 0.464442 0.296636 0.095888 0.034430 0.041711 0.146094 -0.212041 -0.183346 -0.009573 -0.018599 -0.048611 -0.898592 -0.010430 0.008544 0.531492 -0.387481 -0.044317 -0.157435 -0.000817 -0.017478 -0.016728 0.161273 1.745993 6.160984 7.538465 4.624709 2.016890 1.920591 0.196697 -0.000879 -0.002453 -0.019116 -0.010439 -0.007592 -0.012089 -0.006604 -0.031634 -0.015531
-0.000770 -0.439271 -0.207719 -0.000777 -0.000004 0.000000 0.000000 0.000067 0.010017 0.569468 0.912628 1.434654 1.433821 0.229306 0.136297 0.166959 0.762251 1.776586 2.006016 0.660602 0.441692 0.035210 0.006127 0.100084 0.048397 0.209670 -0.076102 -0.232886 -0.066172 -0.090306 -0.017906 -0.507880 0.063171 0.066354 0.715482 -0.251955 -0.080832 -0.232651 -0.006583 -0.031201 -0.145301 1.507099 1.992755 5.956267 6.947978 4.247464 1.837192 1.788750 1.026612 0.077515 -0.018371 -0.048802 -0.018564 -0.018211 -0.017597 -0.215503 -0.121963 -0.194686
-0.000458 -0.353307 -0.246120 -0.001525 -0.002367 -0.018620 -0.005350 -0.000464 0.030298 0.880726 1.064626 1.509478 1.128220 0.000323 0.000081 0.014619 0.939598 1.104820 2.242136 0.587868 0.022176 0.007152 0.003663 0.008348 0.119972 0.274551 -0.014782 0.082552 -0.002457 0.076806 0.437429 -0.263725 0.050582 0.015913 0.606828 -0.228505 -0.057430 -0.249916 -0.489680 0.157123 1.896621 2.357898 2.928541 5.796045 6.503743 3.893429 2.258952 2.199545 1.373159 0.210653 0.027780 -0.038882 -0.076874 -0.070596 -0.286705 0.264124 0.120596 0.056462
-0.155199 -0.249834 -0.219543 -0.142391 0.280088 -0.795347 -0.243499 -0.088602 0.402139 0.881409 1.069301 1.464472 0.898137 -0.000393 -0.000604 0.040650 0.561490 1.224259 2.376023 0.477358 0.000624 0.000153 0.000000 0.000584 0.005102 0.192422 0.061833 0.000015 0.000658 0.011619 0.290972 0.173336 0.158553 0.015634 0.782864 -0.119594 0.041050 0.033502 1.224521 1.561096 3.032356 2.479644 2.945284 3.846902 3.988709 1.989212 1.826067 2.227813 1.387737 0.117593 0.268767 0.287156 0.076948 0.018954 0.028005 0.612577 0.166121 0.136289
