use_cases/Flooding_chicago/flooding_data/output/hUy_1020.asc
ncols 337
nrows 393
xllcorner 428428.000000
yllcorner 4602440.000000
cellsize 26.757400
NODATA_value -9999.000000
[rows 130 to 155 of 393, columns 232 to 289 of 337]
0.001506 0.000105 -0.000515 -0.001495 0.000000 -0.000072 0.009230 0.031494 0.018271 0.016881 0.027856 0.069029 0.220445 0.505154 0.131549 0.137959 0.063532 0.042563 0.055142 0.065548 0.076342 0.074116 0.099120 0.077336 0.030848 0.052818 0.014098 0.023247 0.001306 0.001306 0.638024 0.238471 0.178188 -0.000488 -0.000619 -0.022059 -0.004955 0.003929 0.001662 0.013030 0.099031 1.164717 2.551409 -0.001410 -0.004353 -0.042778 0.081197 0.102098 0.037645 0.000971 0.006566 0.001070 -9999.000000 -9999.000000 -9999.000000 -9999.000000 -9999.000000 -9999.000000
0.006248 -0.001386 -0.018099 -0.026863 -0.006416 -0.000796 0.000583 0.000716 0.000375 0.000320 0.007896 0.225961 0.187469 0.201409 0.153994 0.092229 0.023067 0.111745 0.108648 0.131843 0.151890 0.059504 0.051008 0.081998 0.009346 0.008256 0.006778 0.014554 0.001852 0.001852 0.053862 0.041578 0.047291 0.001002 -0.007231 -0.112158 -0.003111 0.005302 0.000346 0.006071 0.003488 0.825631 3.316513 -0.015566 -0.016750 0.000202 0.000736 0.032579 0.009299 0.000360 0.000360 0.000297 -9999.000000 -9999.000000 -9999.000000 -9999.000000 -9999.000000 -9999.000000
-0.003577 -0.008942 -0.050686 -0.056869 -0.014778 -0.011377 -0.001517 -0.000935 -0.000415 0.000402 0.000566 0.252503 0.050273 0.042082 0.050817 0.085382 0.091179 0.021899 0.076855 0.095691 0.066218 0.080428 0.035013 0.080902 0.065108 0.000551 0.000134 0.000130 0.000360 0.000360 0.018595 0.018941 0.028356 0.001537 -0.011613 -0.145780 -0.000956 0.000180 -0.000180 0.000094 0.000096 0.572264 2.362193 0.339434 -0.025617 -0.000103 0.000066 0.000860 0.001064 -0.000360 -0.000360 -0.000911 -9999.000000 -9999.000000 -9999.000000 -9999.000000 -9999.000000 -9999.000000
-0.006661 -0.005823 -0.052167 -0.120581 -0.025992 -0.032969 -0.005428 -0.002538 -0.007228 -0.001163 0.003218 0.158826 0.092399 0.013654 0.001368 0.052063 0.084015 0.028667 0.032341 0.049509 0.050576 0.094442 0.023108 0.034857 0.080804 0.002216 -0.000137 -0.000130 -0.000360 -0.000360 0.000819 0.008544 0.010896 0.015369 -0.003958 -0.218339 -0.000511 -0.000346 -0.012309 -0.000869 -0.000180 0.460378 1.533289 0.997544 -0.026244 -0.012015 -0.000367 0.000443 0.001531 -0.001612 -0.007501 -0.005195 0.001234 -9999.000000 -9999.000000 -9999.000000 -9999.000000 -9999.000000
-0.023637 -0.010593 -0.124180 -0.431648 -0.032617 -0.008938 -0.001709 -0.000121 -0.004749 -0.001902 0.003645 0.189434 0.021386 0.045156 0.005085 0.109382 0.035346 0.022224 0.017878 0.013868 0.039915 0.083722 0.013159 0.005277 0.035651 0.002333 -0.001035 -0.002306 -0.012633 -0.013707 -0.000197 0.000222 0.000136 0.007506 0.006395 -0.199233 -0.125236 -0.104072 -0.127484 0.718803 0.402401 0.705165 0.719975 0.641910 0.036386 0.000690 0.000426 0.000726 0.000335 -0.000514 -0.091090 -0.014196 -0.001689 -9999.000000 -9999.000000 -9999.000000 -9999.000000 -9999.000000
-0.044584 -0.189311 -0.072723 -0.938131 -0.002344 -0.000872 0.000555 0.000396 -0.002799 -0.000595 0.005984 0.034688 0.032478 0.095321 0.023940 0.042730 0.031135 0.017623 0.011933 0.011324 0.030987 0.027103 0.004208 0.000232 0.000003 -0.004345 -0.007234 -0.004146 -0.045931 -0.029854 -0.000260 -0.000222 -0.000105 0.000086 0.000255 0.000219 -0.113487 0.420385 0.322749 1.149090 0.446643 0.778769 0.074886 0.019390 0.016833 0.027075 0.000321 0.000166 0.000158 0.000222 0.000005 -0.004862 -0.002580 0.000296 -9999.000000 -9999.000000 -9999.000000 -9999.000000
-0.329954 -0.206438 -0.158883 -0.237673 -0.000000 -0.000013 -0.000401 -0.000330 -0.003001 -0.000163 0.000150 0.024280 0.005027 0.034637 0.012715 0.015238 0.020162 0.007156 0.000765 0.010488 0.001106 0.000448 0.000018 -0.000100 -0.006440 -0.070549 -0.113281 -0.050051 -0.144865 -0.008971 -0.009164 -0.008447 -0.013522 -0.000867 -0.000064 0.000033 -0.010653 0.977117 0.751106 0.694779 0.040797 0.036199 0.000740 0.000263 0.000767 0.009987 0.000218 -0.000025 -0.000300 -0.000222 -0.000446 -0.006481 -0.038230 -0.003404 -9999.000000 -9999.000000 -9999.000000 -9999.000000
0.000037 -0.186452 -0.170750 -0.193216 -0.008528 -0.016495 -0.005041 -0.012398 -0.024618 -0.022541 -0.001601 -0.009773 0.002829 0.010929 0.000499 0.000347 0.000107 -0.000001 -0.000090 0.000000 -0.000791 -0.000591 -0.007385 -0.006261 -0.029012 -0.523909 -0.658291 -0.063301 -0.000162 -0.005735 -0.007230 -0.029763 -0.035854 -0.000795 -0.000503 -0.000184 0.049763 1.261376 0.089751 0.092813 0.001024 0.000462 0.000326 -0.000090 -0.000307 -0.000044 -0.000558 -0.000367 -0.001309 -0.013401 -0.001308 -0.003242 -0.069594 -0.019295 -9999.000000 -9999.000000 -9999.000000 -9999.000000
-0.013445 -0.347631 -0.381506 -0.366919 -0.019261 -0.020089 -0.012942 -0.058617 -0.071013 -0.081062 -0.061783 -0.010208 0.002629 0.003349 -0.000456 -0.000315 -0.000243 -0.009583 -0.007952 -0.014340 -0.013360 -0.008653 -0.018586 -0.029276 -0.266343 -0.098784 -0.235771 -0.011404 -0.000821 -0.002884 -0.015917 -0.125346 -0.029844 -0.017507 -0.013192 -0.001325 0.118014 1.192142 0.094027 0.000267 -0.000309 -0.001478 -0.137541 -0.000262 -0.000548 -0.011663 -0.002072 -0.013929 -0.015658 -0.030968 -0.011684 -0.015489 -0.072652 -0.045546 -0.004722 -9999.000000 -9999.000000 -9999.000000
-0.143252 -0.680463 -1.000482 -0.781832 -0.157410 -0.820024 -0.691272 -0.037238 0.517436 -0.029955 0.088079 0.015698 0.006668 0.003531 0.022628 0.179677 0.038572 -0.020440 -0.017554 -0.030863 -0.025121 -0.019061 -0.038666 -0.141458 0.141877 -0.082837 -0.176366 0.109578 0.024644 0.031239 -0.103577 -0.038964 -0.066350 -0.349751 -0.319324 -0.055201 0.468802 1.020133 0.113794 -0.000549 -0.001689 -0.018849 0.005932 -0.457459 -0.015758 -0.030474 -0.014801 -0.034986 -0.014477 -0.048423 -0.031402 -0.024050 -0.074564 -0.038822 0.107862 -9999.000000 -9999.000000 -9999.000000
0.279575 0.016385 -0.348730 -0.118069 -0.034843 -0.361466 -0.464068 0.087238 1.573248 0.151364 0.377502 0.084490 0.012083 0.041729 0.040950 0.008069 0.050593 -0.104684 -0.029673 -0.006775 -0.006057 -0.035834 -0.004628 0.092412 0.164731 -0.122749 -0.303033 0.224518 0.089617 0.097581 0.079761 0.080359 -0.014636 -0.189034 -0.135130 0.001137 0.338158 1.095735 0.710540 0.248588 0.258934 0.208095 0.076923 -0.602991 0.060243 -0.020084 -0.124544 -0.010119 -0.023255 -0.077898 -0.058171 -0.030242 0.044672 0.073859 0.191417 -9999.000000 -9999.000000 -9999.000000
0.576970 0.216048 -0.031897 0.264416 -0.017516 0.535918 0.029484 0.038118 0.066998 0.137334 0.126965 0.106463 0.061337 0.032353 0.027845 0.011847 0.001304 0.090061 -0.130171 -0.013806 -0.013725 -0.066333 -0.006900 0.233500 0.189712 -0.271197 -0.178550 0.030981 0.007148 0.009860 0.009874 0.007223 -0.005040 -0.055929 0.116634 0.042531 0.124341 0.891191 0.364999 0.015890 0.035260 0.472000 0.566839 -0.340480 0.055905 -0.003169 0.000200 0.000222 -0.019114 -0.288781 -0.007633 -0.321653 0.128448 0.113704 0.172883 -9999.000000 -9999.000000 -9999.000000
0.539692 0.318526 -0.003060 0.476994 0.098659 0.022871 0.012442 0.006295 0.022089 0.102388 0.125432 0.038763 0.070768 0.028556 0.025681 0.005206 0.000779 0.009251 -0.050772 -0.108233 -0.045856 -0.272380 0.076982 0.258724 0.194567 -0.226388 -0.034903 0.007986 0.000000 0.000000 0.000000 0.000000 0.000000 0.152138 0.403501 0.056525 0.394805 0.019939 0.014832 0.005579 0.014400 0.015998 0.102900 0.025988 0.022684 -0.000023 -0.000523 -0.000222 -0.001705 0.683291 0.352158 0.097985 0.127402 0.001405 0.014111 -9999.000000 -9999.000000 -9999.000000
0.239854 0.067138 -0.159989 0.349940 0.020343 0.023444 0.000014 0.000624 0.007540 0.087663 0.068283 0.028584 0.041035 0.024317 0.021230 0.001052 0.000028 0.000265 -0.011083 -0.291360 -0.375917 -0.088064 0.121208 0.273737 0.223916 -0.377098 0.074378 0.027287 0.039727 0.034370 0.006194 0.034003 0.159731 0.141816 0.570780 0.019498 0.038720 0.002023 0.000439 0.001073 0.000439 0.017075 0.000707 0.016772 0.001955 -0.052339 0.005681 -0.003946 0.626795 0.701758 0.722306 0.437894 0.042858 0.002088 0.001621 -9999.000000 -9999.000000 -9999.000000
-0.091084 -0.252823 -0.404654 0.635778 0.023847 0.012532 0.000178 0.000940 0.021136 0.040541 0.010336 0.016723 0.011134 0.015741 0.015898 0.001169 -0.010927 -0.000294 -0.000011 0.001666 -0.105008 0.004505 0.147536 0.378563 0.283509 -0.512738 0.203649 0.068482 0.113755 0.059662 0.020162 0.011706 0.067263 0.039640 0.464891 0.038004 0.039187 0.007296 -0.000347 -0.000743 -0.000347 0.022430 0.001104 0.000375 0.000841 0.043516 0.086791 0.064791 0.231068 0.144648 0.008618 0.027392 0.066507 0.004321 0.002557 -9999.000000 -9999.000000 -9999.000000
-0.334825 -0.545601 -0.167542 0.050647 0.017756 0.002291 0.001220 0.000674 0.001228 0.000546 0.000172 0.000066 0.000160 0.000340 0.007457 0.000425 -0.043436 -0.004741 0.003613 0.276149 0.005653 0.027517 0.125737 0.261084 0.212942 -0.648567 0.019293 0.012250 0.027787 0.037733 0.044868 0.000222 0.038968 0.023049 0.190281 0.025184 0.031808 0.038905 0.000529 -0.000904 -0.089282 -0.021324 0.139999 -0.000336 0.001286 0.031202 0.033330 0.047095 0.053039 0.018420 0.004586 0.012559 0.006551 0.003118 0.000397 -9999.000000 -9999.000000 -9999.000000
-0.419149 -0.353016 0.037148 0.036221 0.004356 0.006039 0.004727 -0.000828 -0.001052 -0.000422 0.000004 -0.000064 -0.000137 -0.000000 0.000197 0.000235 -0.031073 -0.028998 0.007371 0.462745 0.040632 0.017802 0.087550 0.181731 0.134192 -0.337650 0.000445 0.000495 0.001191 0.055125 0.056897 -0.000222 0.069412 0.044143 0.092913 0.017292 0.013011 0.012026 0.027457 0.002022 -0.332898 -0.109714 0.616603 -0.023913 0.000463 0.008191 0.014496 0.020402 0.031879 0.009570 0.023759 0.001714 0.000259 0.000127 -0.000830 -9999.000000 -9999.000000 -9999.000000
-0.360168 0.055500 0.004113 0.007041 0.022754 0.008518 0.016503 -0.000947 -0.039648 -0.043896 -0.001666 -0.013236 -0.007584 -0.000340 -0.000061 0.000128 -0.001898 -0.122397 -0.003908 0.596166 0.204186 0.097732 0.022528 0.198811 0.159510 -0.012941 0.001073 -0.000176 0.002168 0.092705 0.099071 0.037908 0.517905 0.271444 0.011597 0.008530 0.000743 0.005450 0.006327 0.000793 -0.514547 -0.312748 0.743421 0.403619 -0.000247 0.000023 0.000478 0.000729 0.008918 0.007433 0.009243 0.000086 -0.000121 -0.000146 -9999.000000 -9999.000000 -9999.000000 -9999.000000
-0.013287 0.001369 0.003289 0.014504 0.080519 0.019246 0.014869 -0.025847 0.040820 0.046102 -0.000612 -0.014969 -0.019094 -0.006948 -0.000846 0.000032 0.002463 0.011107 0.023421 0.080067 0.054764 0.025197 0.049126 0.212367 0.205728 0.106302 0.001736 0.018586 0.001907 0.004722 0.007613 0.095573 0.136993 0.060169 0.000778 -0.000010 -0.000250 0.000000 0.000059 0.000066 -0.673953 -0.394175 0.830939 1.173899 0.027728 -0.005038 -0.000129 -0.000080 0.000000 0.000000 0.000000 -0.000412 -0.000910 -9999.000000 -9999.000000 -9999.000000 -9999.000000 -9999.000000
0.044081 -0.001412 0.001630 0.039258 0.083009 0.062364 0.059936 -0.043293 0.017162 0.038288 0.002308 -0.000649 -0.003215 -0.014759 -0.002045 -0.000213 0.003193 0.040057 0.008175 0.001921 0.000587 0.000029 -0.006281 0.275530 0.200716 0.213926 0.000710 0.011931 0.004050 0.000657 0.000887 0.019789 0.009544 0.006514 -0.000638 -0.007478 -0.012077 -0.013133 -0.000743 -0.000104 -0.429983 -0.193941 0.985442 0.697861 0.053303 0.022163 0.001327 -0.008305 -0.005878 -0.005878 -0.001821 -9999.000000 -9999.000000 -9999.000000 -9999.000000 -9999.000000 -9999.000000 -9999.000000
0.120466 -0.003336 0.000176 0.024484 0.032321 0.010520 0.008520 0.000488 0.000019 0.000389 -0.000007 -0.000196 -0.003518 -0.032090 -0.001038 -0.000463 0.028116 0.016895 0.001955 -0.001044 -0.000758 -0.019980 -0.210868 0.195625 0.186133 0.555485 0.000113 -0.000000 -0.000012 -0.000305 -0.000284 -0.000012 0.013619 0.005682 -0.002052 -0.314127 0.026645 -0.243612 -0.028497 1.343687 -0.013965 0.197771 1.053024 0.142609 0.101594 0.039744 -0.004263 -0.103229 -0.007948 -0.007948 -9999.000000 -9999.000000 -9999.000000 -9999.000000 -9999.000000 -9999.000000 -9999.000000 -9999.000000
1.355131 0.002124 0.002032 0.011126 0.018141 0.007008 0.000570 -0.000058 -0.024037 -0.001291 -0.014667 -0.019995 -0.026286 -0.055723 -0.007664 -0.001136 0.014028 0.000673 -0.001565 -0.001515 0.237829 -0.343495 -0.102249 0.289160 0.079877 1.409129 -0.000619 -0.011507 -0.021632 -0.009453 -0.000814 -0.003526 0.012485 0.005171 0.176360 0.012789 0.138635 -0.037462 0.000927 0.105607 0.248408 0.119274 0.012948 0.041088 0.021856 0.013234 0.000321 0.000008 -9999.000000 -9999.000000 -9999.000000 -9999.000000 -9999.000000 -9999.000000 -9999.000000 -9999.000000 -9999.000000 -9999.000000
0.225113 0.019815 0.018749 0.018336 0.006923 0.000536 0.000299 -0.000319 -0.056312 -0.066111 -0.023227 -0.039976 -0.058518 -0.056930 -0.014692 -0.008824 -0.000300 -0.006825 -0.000597 -0.000819 0.444063 -0.194085 0.044551 0.410861 0.029099 0.941039 0.104051 -0.011897 -0.086282 -0.043350 0.000347 0.002377 0.018004 0.006550 0.016846 0.040385 0.156448 0.001015 0.001366 0.000494 0.093613 0.001724 0.002394 0.024225 0.002773 0.007631 -9999.000000 -9999.000000 -9999.000000 -9999.000000 -9999.000000 -9999.000000 -9999.000000 -9999.000000 -9999.000000 -9999.000000 -9999.000000 -9999.000000
0.024583 0.023164 0.027476 0.006815 -0.000015 -0.000442 -0.000548 0.000179 -0.006729 -0.202961 -0.028991 -0.057181 -0.091458 -0.015285 -0.029456 -0.018134 -0.009199 -0.020112 0.006708 0.230643 0.375003 -0.113297 0.063208 0.687625 0.227937 0.161506 0.123743 0.197188 -0.046370 -0.036299 0.002181 0.009319 0.023218 0.000393 0.000569 0.001056 0.112756 0.000903 -0.000329 -0.000312 0.001725 0.001296 0.000449 0.001320 0.004048 0.000346 -9999.000000 -9999.000000 -9999.000000 -9999.000000 -9999.000000 -9999.000000 -9999.000000 -9999.000000 -9999.000000 -9999.000000 -9999.000000 -9999.000000
0.112182 0.012737 0.027267 -0.000168 -0.010099 -0.011788 -0.007988 0.000318 0.015181 -0.220835 -0.197030 -0.056449 -0.109768 -0.018128 -0.037810 -0.022198 -0.018595 0.010303 0.040758 0.477691 0.339562 0.000485 0.217089 0.032859 0.030015 0.000360 0.000360 0.214414 0.044853 -0.003810 0.002597 0.011379 0.029008 -0.000331 -0.000247 0.003861 0.104766 0.001317 -0.001159 -0.024959 -0.140640 -0.000105 0.000117 0.000277 0.000180 -0.000180 -9999.000000 -9999.000000 -9999.000000 -9999.000000 -9999.000000 -9999.000000 -9999.000000 -9999.000000 -9999.000000 -9999.000000 -9999.000000 -9999.000000
0.095389 0.006797 0.013971 -0.000421 -0.046016 -0.041059 -0.034158 0.000216 0.011287 -0.127615 -0.234030 -0.228912 -0.095451 -0.081229 -0.090827 -0.118119 -0.003598 0.066524 0.154438 0.224673 0.381425 0.404905 0.050108 0.047018 0.040059 -0.000360 -0.000360 0.155399 0.069919 -0.000152 0.000334 0.008286 0.241797 0.009255 -0.000554 0.027157 0.031709 0.002277 -0.000954 -0.569856 0.075115 0.000188 0.000401 -0.000063 -0.000346 -9999.000000 -9999.000000 -9999.000000 -9999.000000 -9999.000000 -9999.000000 -9999.000000 -9999.000000 -9999.000000 -9999.000000 -9999.000000 -9999.000000 -9999.000000
