use_cases/Flooding_chicago/flooding_data/output/hUy_1620.asc
ncols 337
nrows 393
xllcorner 428428.000000
yllcorner 4602440.000000
cellsize 26.757400
NODATA_value -9999.000000
[rows 156 to 181 of 393, columns 58 to 115 of 337]
0.418542 -0.356319 0.182414 0.241877 -0.192848 -0.026614 0.068141 0.071695 -0.007719 0.038817 0.105332 0.136686 0.084108 0.176209 0.259309 0.034707 -0.073345 0.049137 0.196684 -0.048484 0.124974 -0.565169 -0.054249 0.149193 0.000571 0.013499 0.009652 0.001519 0.002159 0.002413 0.246745 0.244330 -0.022493 0.001532 -0.000434 -0.001794 0.000584 0.001276 0.011309 -0.065474 -0.030284 -0.000666 -0.000222 -0.000233 -0.000691 -0.001748 -0.006366 -0.011929 0.001173 0.005231 0.006920 -0.013398 -0.001146 0.036524 0.011524 -0.004234 0.160792 0.003283
0.164924 -0.030241 0.267818 0.180876 -0.208431 0.072807 0.124527 0.096071 0.007194 0.044526 0.101680 0.089795 0.045495 0.099610 0.129675 0.103413 -0.080545 0.030962 0.128636 -0.078218 0.195374 -0.543515 -0.080401 0.223353 -0.013096 0.011546 0.024879 0.003809 0.004953 0.006088 0.369870 0.247515 0.091261 -0.000557 -0.002062 0.000183 0.000350 0.000606 0.000352 -0.088845 -0.038047 -0.000474 -0.003946 -0.005356 -0.001506 -0.001637 -0.008785 -0.016890 -0.001834 0.007815 0.001640 -0.016579 -0.043811 0.036847 0.000326 0.000121 0.000891 0.002551
0.029207 0.024165 0.475067 0.039106 -0.214736 0.193473 0.083292 0.099764 -0.002503 0.002629 0.092984 0.046051 0.039635 0.095952 0.128509 0.121018 -0.145600 0.047504 0.112229 -0.074476 0.446499 -0.565528 -0.126653 0.289555 -0.031547 0.018831 0.090609 0.008647 0.011147 0.014766 0.069341 0.052259 0.268464 0.005569 -0.001447 -0.000054 -0.001144 -0.001352 -0.000478 -0.067744 -0.038953 -0.001390 -0.013994 -0.003548 -0.027023 -0.003136 -0.014734 -0.021135 0.000000 0.000198 -0.000943 -0.000076 -0.050828 -0.000003 -0.000208 -0.000106 -0.000381 -0.002851
0.025907 0.039900 0.020941 0.016357 0.020031 0.138311 0.026911 0.020501 0.000624 0.009427 0.085324 0.053506 0.062680 0.169886 0.138992 0.141072 -0.065739 0.058544 0.090432 -0.091220 0.556882 -0.620334 -0.167608 0.295044 -0.014873 0.001381 0.012456 0.009541 0.017483 0.111081 0.010246 0.026976 0.064320 0.055581 -0.002385 -0.017782 -0.001046 -0.001239 -0.109029 -0.221674 -0.116900 -0.000551 -0.002783 -0.013804 -0.030067 -0.171899 -0.022305 -0.012014 -0.003042 -0.000397 -0.000856 -0.005883 -0.098879 -0.067675 -0.042906 -0.031291 -0.003569 -0.078594
0.017136 -0.005393 -0.039929 -0.035757 0.298229 0.090574 -0.055861 -0.060893 -0.092422 0.001947 0.076445 0.059336 0.074713 0.211239 0.206767 0.152611 -0.064610 0.044032 0.028193 -0.049346 0.624932 -0.576612 -0.153290 0.290281 0.000265 0.000843 0.000477 0.004884 0.074031 0.177660 0.006388 0.006814 0.006046 0.014212 -0.001067 -0.362601 -0.007393 -0.001661 -0.138895 -0.214979 0.000105 0.000133 -0.001076 -0.022396 -0.162604 -0.709299 -0.008465 -0.004489 -0.002151 -0.000419 -0.000281 -0.034725 -0.531014 -0.350695 -0.458525 0.036768 0.392255 0.018626
-0.002620 -0.015937 -0.086045 -0.181954 0.423417 0.054614 -0.112460 -0.068430 -0.130520 -0.005234 0.057596 0.024428 0.052465 0.236645 0.225639 0.153551 -0.057448 0.005893 -0.050606 0.065074 0.763526 -0.481837 -0.193366 0.698015 0.021775 0.000103 0.000000 0.000000 -0.003014 0.104655 0.003981 0.000000 0.000000 0.000000 -0.018789 -0.018736 -0.367332 -0.117763 -0.163312 -0.172983 -0.000128 -0.000372 -0.007097 -0.003923 -0.000330 -0.276849 0.000137 -0.002612 -0.001825 0.000183 0.000152 0.000344 0.017157 -0.033398 -0.431983 0.112946 0.364975 0.001526
0.040925 0.041528 -0.008676 -0.154832 0.498751 0.015298 -0.133323 -0.041514 -0.053491 0.066576 0.120643 0.052028 0.033235 0.244065 0.224695 0.180930 -0.020774 -0.001517 -0.033425 0.210439 0.909693 -1.208821 -0.254410 0.658508 0.088113 -0.000144 -0.000477 -0.014435 -0.008907 0.062851 0.001622 -0.002105 -0.001102 0.002579 0.019752 0.362020 -0.332847 -0.080773 -0.117275 -0.548455 -0.007053 -0.008580 -0.044511 -0.002355 -0.061906 -0.193929 -0.000663 -0.002543 -0.002353 -0.000642 -0.000238 0.000263 0.000635 0.027877 -0.229739 0.054253 0.270729 0.002258
0.030775 0.009547 0.001633 -0.157180 0.407464 -0.007425 -0.069232 0.010229 -0.027655 0.142412 0.161667 0.097365 0.053076 0.224199 0.197843 0.238442 0.119948 0.055781 0.202093 0.530278 1.390019 -1.594069 0.108099 0.222408 0.191307 0.039266 -0.012352 -0.011525 -0.012831 0.000732 0.000953 -0.003044 -0.001173 0.079496 0.037806 0.481963 0.010636 0.036282 -0.061385 -0.403172 -0.105139 -0.258983 -0.367102 -0.186018 -0.025314 -0.256526 -0.087823 -0.006834 -0.007714 -0.009553 -0.028033 -0.003444 -0.001158 0.000676 0.000965 0.000961 0.000795 0.000386
0.010446 0.001037 0.001471 -0.037839 0.337480 -0.010735 -0.029069 0.057083 0.008628 0.191998 0.191551 0.126847 0.066212 0.269332 0.234918 0.182311 0.005294 0.089446 0.035907 1.325166 2.614899 -1.398102 1.083722 0.012982 0.369700 0.101386 0.034571 0.036164 -0.004153 -0.000411 -0.002272 -0.003156 -0.001465 0.010159 0.303367 0.006318 0.003663 0.006947 -0.019698 -0.169699 0.010772 0.004100 -0.677360 -1.041653 -0.236256 -0.143497 -0.073368 -0.017907 -0.014159 -0.008537 -0.082732 -0.058649 -0.017714 -0.000943 -0.001066 -0.001011 -0.000816 -0.000390
0.000414 0.001479 0.008341 0.127725 0.500491 -0.038893 0.047892 0.177214 0.070107 0.209807 0.204977 0.157070 0.085105 0.304791 0.265171 0.213667 0.000788 0.001166 0.020959 0.012194 0.010035 0.075137 0.012220 0.017690 0.034938 0.025263 0.172212 0.012613 0.139069 -0.001029 -0.001871 -0.025585 -0.001237 0.000008 0.000098 0.000000 0.000000 0.000067 0.000074 -0.058269 0.041687 0.037969 -0.370660 -0.843044 -1.209077 -0.053139 0.000529 0.005371 -0.008579 -0.051551 -0.032106 -0.190729 -0.006211 -0.000785 -0.029763 -0.026161 -0.017281 -0.004231
0.000050 0.004640 0.065447 0.379565 0.345810 -0.062393 0.067830 0.533400 0.383373 0.056566 0.048029 0.035852 0.186541 0.342321 0.248617 0.189563 -0.000183 -0.000055 0.000135 0.000076 0.000214 0.005093 0.007847 0.004197 0.008342 0.008019 0.032334 0.051893 0.168466 -0.009917 -0.018215 -0.016766 -0.020628 -0.021034 -0.001104 -0.013198 -0.005350 -0.000464 -0.000141 0.000467 0.000033 0.000181 -0.002844 -0.822705 -0.994887 -0.008710 -0.000066 0.000000 -0.004622 -0.062581 -0.127314 -0.341701 -0.123681 -0.007532 -0.785942 -0.880420 -0.037005 -0.002097
-0.000367 0.018255 0.108928 0.261433 0.192804 0.001573 0.111761 0.109575 0.071800 0.084367 0.060963 0.045947 0.374043 0.380787 0.159572 0.095576 -0.000727 -0.011305 -0.000169 -0.000063 -0.000058 0.000000 0.000000 0.000000 0.000000 0.000320 0.026279 0.019844 0.316821 -0.116562 -0.160856 -0.165620 0.018730 0.023098 0.010084 -0.255976 -0.013123 -0.006953 -0.002742 -0.000671 -0.026352 -0.001917 -0.002253 -0.719789 -1.967847 -0.299560 -0.009776 -0.003663 0.002677 -0.008718 -0.290061 -0.110750 0.018614 -0.040779 -0.178444 -1.039553 -0.017733 -0.026915
-0.002242 0.039097 0.104775 0.165111 0.053861 0.004247 0.126490 0.133812 0.071298 0.088874 0.059160 0.049823 0.655695 0.611076 0.120575 0.041453 -0.011821 -0.010450 -0.055576 -0.009699 -0.012723 -0.006965 -0.010009 -0.021817 -0.019482 -0.000565 0.015664 0.011838 0.013130 -0.045238 -0.113029 -0.194856 0.038259 0.051006 0.030261 -0.204437 -0.591272 -0.097323 -0.013208 -0.008625 -0.058017 -0.196122 -0.522674 -1.212727 -1.842177 -0.238757 0.000067 -0.011257 0.035676 0.028925 0.144158 0.057320 0.177444 0.103218 0.033428 -0.617986 -0.355953 -0.308650
0.028555 0.049140 0.074196 0.077292 0.007586 0.098277 0.518579 0.589092 0.102559 0.279340 0.236958 0.247835 0.684447 0.117275 0.084497 0.057441 -0.052869 -0.018979 -0.269303 -0.202361 -0.028236 -0.019937 -0.036770 -0.050445 -0.026683 -0.000348 0.000010 0.000360 0.000360 0.000122 -0.088248 -0.085284 0.122417 0.122887 -0.017539 -0.065294 -0.062654 -0.047686 -0.012283 -0.007301 0.126729 -0.334864 -0.684604 -1.220138 -0.745620 0.001333 0.014047 0.002534 0.043676 0.012773 0.014246 0.195114 0.012629 0.003663 0.000187 -0.014119 -0.000862 -0.240660
-0.042891 0.000000 0.000000 0.000000 0.109897 0.191493 0.893800 0.706415 -0.183009 0.244800 0.021446 0.112284 0.009380 0.000006 0.000203 0.000006 -0.256298 -0.091711 -0.444113 -0.047827 -0.083105 -0.248177 -0.043865 -0.026263 -0.030472 -0.005447 -0.008693 -0.000360 -0.000360 -0.000093 -0.253166 -0.040602 0.000020 0.000785 -0.032895 0.109912 -0.019236 -0.029453 -0.060603 -0.030752 0.382875 -0.513712 -0.839238 -1.122997 -0.652940 0.000005 0.000000 0.003973 0.023190 0.000352 0.000158 0.012507 0.001407 0.000000 -0.000102 -0.003636 -0.002236 -0.106160
-0.094091 -0.114607 -0.069169 0.111702 0.128720 0.197899 1.292938 1.509595 -0.301887 0.112984 0.003152 0.000632 -0.025460 -0.034351 -0.000462 -0.006177 -0.313943 -0.108761 -0.188743 -0.004569 0.007754 -0.050262 -0.008398 -0.009211 -0.035998 -0.042418 -0.018765 -0.007478 -0.015326 -0.135447 -1.541593 -0.138318 -0.007736 0.000224 0.001033 0.001541 0.001038 0.034037 -0.012094 0.192245 0.221178 -0.604146 -0.677038 -1.201281 -0.523769 -0.000659 -0.009857 -0.001167 0.000416 -0.000170 -0.000106 -0.000001 -0.000240 -0.008653 -0.222220 -0.113691 -0.004490 -0.015431
-0.044114 -0.206901 -0.456849 0.096796 0.163853 0.092235 0.337020 0.156722 0.000015 0.000395 0.000767 0.000291 -0.007987 -0.104305 0.016667 -0.142333 -0.402236 -0.158288 -0.215207 -0.009702 -0.004525 0.022906 -0.003226 -0.003955 -0.008824 -0.225518 -0.230460 -0.246727 -1.521783 0.307594 -0.574724 0.302708 -0.053280 -0.000643 -0.000763 -0.000551 0.000789 0.009746 0.020195 0.011407 0.124870 -0.762416 -0.730880 -1.185659 -0.523648 -0.053083 -0.045069 -0.000637 0.000123 -0.000739 -0.007624 -0.007296 -0.014184 0.681147 0.683345 0.109976 -0.160426 -0.002919
0.049209 -0.005061 0.286790 0.134892 0.125737 0.081376 0.073133 0.035099 -0.226788 -0.000602 -0.000836 -0.000614 -0.002033 0.038892 0.043601 -0.088088 -0.341680 -0.227512 -0.276266 -0.030477 -0.024849 0.031804 -0.002601 -0.011109 -0.118994 -0.203665 -0.233429 -0.258754 -0.895399 0.066609 -0.224588 0.179793 -0.017151 -0.012752 -0.024141 -0.001364 -0.000932 0.000414 0.008775 0.000212 0.000083 -0.762457 -0.693520 -1.112661 -0.490138 -0.587965 -0.003981 0.000020 0.000135 -0.000607 -0.021306 -0.040669 0.184534 1.666112 0.989003 0.013570 -0.379957 -0.019105
0.174047 0.170490 0.699149 0.232164 0.161205 0.126074 0.131244 0.064395 -0.214486 -0.157184 -0.092428 -0.187087 -0.001167 0.133806 0.076120 -0.639579 -0.307508 -0.289704 -0.345998 -0.045425 -0.161173 0.035579 -0.122528 -0.279735 -0.130219 -0.151935 -0.185053 -0.206107 -0.186278 0.110017 0.108072 -0.109127 -0.028993 -0.021735 -0.039250 -0.027882 -0.001273 -0.000591 -0.000022 -0.000102 0.000086 -0.672212 -0.636758 -1.052487 -1.196718 -0.500358 0.000073 0.000000 -0.000070 -0.009728 0.652290 1.240836 2.181253 1.700637 1.001866 -0.043079 -0.425303 -0.161075
0.124554 0.070113 0.175932 0.124680 0.074893 0.031180 0.041949 0.019147 -0.116764 -0.281224 -0.689750 -0.453793 0.052280 0.108224 0.053292 -0.216347 -0.386870 -0.389708 -0.488012 -0.072665 -0.056588 0.279487 -0.011729 -0.203859 -0.134254 -0.178913 -0.085676 -0.078146 -0.126463 0.000000 0.000000 -0.022977 -0.109676 -0.096204 -0.502076 -0.063804 -0.008197 -0.005268 -0.010351 -0.000685 -0.000091 -0.683189 -0.722988 -1.219382 -0.780445 -0.625855 -0.000152 -0.004212 -0.008369 -0.756381 2.079508 1.563957 1.932860 0.001437 0.409064 -0.149358 -0.158196 -0.083018
0.007306 0.001230 0.063126 0.053419 0.028232 0.005802 0.020338 0.008180 0.005858 -0.112130 -0.453317 -0.212238 0.009980 0.006486 -0.026929 -0.087671 -0.384928 -0.556937 -0.738757 -0.109504 -0.080007 0.141690 0.051581 -0.140693 -0.184267 -0.081340 -0.059472 -0.303504 -0.272808 -0.001325 -0.006410 -0.038406 -0.171505 -0.822499 -0.528063 0.084267 -0.001608 -0.026054 -0.031229 -0.002235 -0.000929 -0.275473 -0.424607 -0.817957 -0.898939 -0.838962 -0.019758 -0.007710 -0.021766 1.362842 2.135792 1.092277 1.489993 0.085498 0.004051 0.009834 0.020826 0.016578
-0.012691 -0.003989 0.096983 0.080154 0.039079 0.004209 0.057583 0.031710 0.012975 0.029840 0.476711 0.275698 -0.040721 -0.089865 -0.100672 -0.035083 -0.361212 -0.646293 -0.878596 -0.623720 -0.069894 0.000434 0.202654 0.084228 -0.073178 -0.053017 -0.100178 -1.031467 -0.256084 -0.000840 -0.024483 -0.727545 0.052505 -0.798397 0.007004 0.007944 0.007004 -0.002134 -0.070679 -0.025556 0.284159 -0.094692 -0.303471 -0.750179 -0.739209 -2.078544 -0.079641 -0.007951 0.220734 1.353075 2.006877 1.024953 1.334525 0.336010 0.004530 0.001697 0.010285 0.005097
-0.004259 0.055245 0.098969 0.084350 0.041770 0.195243 0.138250 0.117108 0.047031 0.119263 0.163324 0.126787 0.321886 -0.092127 -0.153123 -0.136714 -0.266350 -0.712165 -0.976764 -0.736645 -0.032920 -0.000025 0.000000 0.000066 -0.021830 -0.012577 -0.005979 -0.476914 -0.984162 -0.070616 -0.012760 0.000210 0.000462 -0.569611 0.000000 0.000000 0.000065 0.000001 -0.476221 -0.069229 0.377493 0.001661 0.000661 -0.616527 -0.486727 -2.490253 -0.650996 -1.386129 1.045278 1.229631 1.986294 1.081509 1.442101 0.494722 0.044843 0.000588 0.000360 0.001154
0.026902 0.051227 0.174654 0.071721 0.040125 0.065555 0.031930 0.021933 0.008225 0.034687 0.068708 0.033257 0.045483 -0.051645 0.051749 -0.093034 -0.259633 -0.782353 -1.527896 -1.338449 -0.311028 -0.057277 -0.005367 -0.000513 0.022222 0.202678 0.224072 0.006951 -0.890939 -0.589212 -0.012218 -0.002738 -0.000681 -0.551494 -0.005342 -0.005378 -0.000547 -0.000040 -0.276778 0.094150 0.256483 0.000882 -0.000144 -0.328330 -0.358269 -1.560299 -0.519644 -0.938352 1.279277 1.399068 2.062038 0.869965 1.240070 0.362006 0.136681 0.000462 0.000031 0.000337
0.004455 0.042754 0.142004 0.065759 0.002578 0.002747 0.002230 0.001016 0.000248 0.000321 0.105313 0.000767 0.009185 0.048460 0.210932 0.000744 -0.040073 -1.172910 -1.341848 -1.226264 -0.310450 -0.147231 0.088820 0.003451 0.008187 0.021667 0.014829 0.042374 -0.593888 -0.429245 -0.532633 -0.003787 -0.062542 -1.282599 -0.049116 -0.013921 -0.004640 0.000179 0.037645 0.211996 0.083712 -0.001258 -0.011556 -0.222153 -0.571687 -0.858904 -0.347416 -0.175150 1.345352 1.763109 2.117087 0.793243 0.819658 0.071864 0.148473 0.001119 -0.000167 -0.000195
-0.001612 0.052297 0.002433 0.003638 0.003179 0.001038 0.000262 0.000052 -0.000149 0.000130 0.092619 0.001169 0.001298 0.023744 0.189188 0.001891 -0.019799 -1.245082 -1.605487 -1.472086 -0.341995 -0.196964 0.106250 0.006881 0.000626 0.008624 0.006411 0.016593 -0.284711 -0.160226 -0.450097 -0.315530 -0.823928 -1.342785 0.159710 -0.023283 -0.014356 0.000554 0.008372 0.018800 0.001423 -0.014004 -0.033147 -0.463421 0.469568 -0.462214 -0.052108 0.892089 2.030275 1.479873 0.932712 0.320447 0.041159 -0.193229 -0.007354 -0.000771 -0.008864 -0.000380
