use_cases/Flooding_chicago/flooding_data/output/hUy_3180.asc
ncols 337
nrows 393
xllcorner 428428.000000
yllcorner 4602440.000000
cellsize 26.757400
NODATA_value -9999.000000
[rows 130 to 155 of 393, columns 232 to 289 of 337]
1.633974 0.254547 0.005563 0.010873 0.000000 -0.000061 0.060060 0.129729 0.065146 0.191125 1.061058 8.613902 10.200109 12.217988 6.406147 5.170136 2.247586 0.704984 0.429342 0.364851 0.462975 0.506680 0.744844 0.797931 0.471018 0.251545 0.017809 0.023337 0.001306 0.001306 0.658989 0.243147 0.182163 -0.000311 -0.000619 -0.032640 -0.005450 0.004250 0.001850 0.027515 1.644690 7.709292 8.146527 -0.001411 -0.004354 -0.042761 0.081195 0.102083 0.037648 0.000971 0.006566 0.001070 -9999.000000 -9999.000000 -9999.000000 -9999.000000 -9999.000000 -9999.000000
2.242697 0.416425 0.241546 0.258581 -0.006689 -0.000554 0.088700 0.042252 0.011088 0.247092 1.637327 11.183464 10.951762 9.116016 6.260921 4.059966 2.301332 1.104072 0.518453 0.422890 0.578473 0.373210 0.580003 0.929440 0.712661 0.210949 0.013823 0.014648 0.001852 0.001852 0.053830 0.041640 0.047537 0.002094 0.088517 -0.262526 -0.002493 0.005869 0.000346 0.008020 0.721154 6.710712 9.519710 0.178395 -0.016510 0.000202 0.000736 0.032580 0.009299 0.000360 0.000360 0.000297 -9999.000000 -9999.000000 -9999.000000 -9999.000000 -9999.000000 -9999.000000
2.213605 1.150185 0.895136 1.029841 -0.181497 0.028441 0.084106 0.025576 0.004124 0.614284 3.003594 13.422577 10.382497 8.468698 3.907004 3.599795 3.767554 0.100757 0.131051 0.164585 0.169905 0.299654 0.412411 0.931032 1.348387 0.411506 0.012316 0.000130 0.000360 0.000360 0.018595 0.018941 0.028083 0.002747 0.083227 -0.227934 -0.000474 0.000180 -0.000180 0.002921 0.760210 5.490583 8.121957 2.995252 -0.028267 -0.000103 0.000066 0.000860 0.001064 -0.000360 -0.000360 -0.000911 -9999.000000 -9999.000000 -9999.000000 -9999.000000 -9999.000000 -9999.000000
1.994254 1.203921 1.509844 2.074304 0.752430 0.617795 0.368355 0.211176 0.441148 0.764722 4.849533 11.814351 11.808599 7.726789 1.996117 2.522386 2.223339 0.029355 0.035392 0.064873 0.087513 0.215283 0.224869 0.561853 1.602372 0.937405 0.058449 -0.000130 -0.000360 -0.000360 0.000819 0.008544 0.010902 0.022078 0.134497 -0.253238 -0.000949 -0.000346 -0.044375 0.009212 1.385840 3.559078 6.634647 3.437850 0.150686 -0.012015 -0.000367 0.000443 0.001531 -0.001612 -0.007501 -0.005196 0.001234 -9999.000000 -9999.000000 -9999.000000 -9999.000000 -9999.000000
2.441036 2.184876 2.414366 2.416633 1.229028 0.835975 0.500483 0.318226 0.946318 2.443242 6.244361 13.118374 8.989371 7.191172 1.946936 2.898093 0.391769 0.022233 0.017878 0.013868 0.039915 0.098777 0.027076 0.032995 1.227961 3.152212 1.069767 0.077924 -0.012119 -0.013572 -0.000197 0.000222 0.000136 0.007430 0.009962 -0.226902 -0.112481 -0.055989 1.072197 2.458570 2.878434 3.846267 3.899191 3.019737 0.279113 0.000690 0.000426 0.000726 0.000335 -0.000514 -0.091089 -0.014196 -0.001689 -9999.000000 -9999.000000 -9999.000000 -9999.000000 -9999.000000
2.493196 2.295379 2.410809 2.723664 1.269967 1.010172 0.246450 0.134675 2.107491 4.040553 8.122227 11.218773 9.369377 7.050114 1.697939 1.083485 0.069964 0.017623 0.011933 0.011324 0.030987 0.027103 0.004207 0.000252 0.122112 1.630839 1.163585 0.137061 -0.300707 -0.102807 -0.000260 -0.000222 -0.000105 0.000085 0.000250 0.000371 0.133607 1.869959 3.964067 3.937384 2.976492 3.913031 2.128213 0.092777 0.036964 0.027075 0.000321 0.000166 0.000158 0.000222 0.000005 -0.004862 -0.002580 0.000296 -9999.000000 -9999.000000 -9999.000000 -9999.000000
2.627560 2.369740 2.558807 2.451936 0.902866 0.376862 0.218332 0.125435 3.082418 3.969493 7.103602 12.205256 7.756168 4.151230 0.772959 0.075460 0.031850 0.007155 0.000765 0.010488 0.001106 0.000448 0.000018 -0.000091 0.760295 1.923758 1.444697 0.297392 -0.431332 -0.061460 -0.095770 -0.007981 -0.012975 -0.000830 -0.000072 0.000722 0.746530 2.666625 3.825563 3.453522 2.502655 2.589125 0.704902 0.000414 0.000768 0.009987 0.000218 -0.000024 -0.000300 -0.000222 -0.000446 -0.006481 -0.038230 -0.003404 -9999.000000 -9999.000000 -9999.000000 -9999.000000
2.156679 2.595076 2.687417 2.392461 1.291745 0.881794 0.491227 0.937790 4.589414 5.557563 7.082385 11.541491 8.215044 0.678844 0.049252 0.096416 0.000107 -0.000001 -0.000090 0.000000 -0.000791 -0.000591 -0.007386 0.009926 1.112880 1.837612 1.266176 0.126973 -0.133129 -0.096998 -0.095091 -0.128813 -0.082392 -0.000782 -0.000491 0.002325 1.169292 3.551545 2.843337 3.065156 1.124559 1.274013 0.889128 0.000203 -0.000307 -0.000044 -0.000558 -0.000367 -0.001309 -0.013401 -0.001308 -0.003242 -0.069594 -0.019295 -9999.000000 -9999.000000 -9999.000000 -9999.000000
2.925921 3.543336 3.419348 2.779908 2.003361 0.724411 1.061139 2.587365 4.653532 5.254558 7.095728 9.429458 4.644011 0.470320 0.074392 0.245988 -0.000243 -0.009582 -0.007952 -0.014340 -0.013360 -0.008653 -0.299295 0.765944 1.404320 1.812582 0.971312 -0.179003 -0.114370 -0.079571 -0.004248 -0.220160 -0.446057 -0.308503 -0.138314 -0.019300 1.347596 3.808226 2.931836 1.134680 1.218093 1.353705 1.309637 -0.000233 -0.000549 -0.011663 -0.002071 -0.013930 -0.015658 -0.030967 -0.011684 -0.015489 -0.072651 -0.045547 -0.004722 -9999.000000 -9999.000000 -9999.000000
3.827895 4.445187 4.077088 3.272497 2.067306 2.907197 1.673122 2.517438 3.649306 3.748206 5.369838 6.218457 3.242031 0.245887 0.378774 1.573782 1.940605 0.817269 -0.147287 -0.214647 -0.087980 -0.259411 0.876942 1.417451 2.108510 1.879110 0.863394 -0.159527 -0.094571 -0.096592 0.111664 0.025442 -0.381961 -0.801728 -0.979483 -0.740547 1.541777 3.132057 2.342303 0.935296 1.082754 2.222448 1.518578 -0.390457 -0.334397 -0.062244 -0.014801 -0.034985 -0.014477 -0.048415 -0.031396 -0.024050 -0.074564 -0.038822 0.124695 -9999.000000 -9999.000000 -9999.000000
5.157369 5.835518 4.790626 3.965465 4.047527 4.577062 1.042145 1.440146 1.872232 1.970145 3.331110 3.586283 1.888551 -0.384625 -0.027365 0.593395 2.164298 2.766656 0.760754 0.020889 0.070391 0.297670 1.183180 2.083583 2.509303 2.400843 1.262546 0.227887 0.160822 0.057569 0.194512 0.170404 -0.472051 -0.095481 -0.377274 -0.729837 1.186036 2.333661 2.005721 0.999919 1.560102 2.906513 1.098815 -1.188070 -0.780152 -0.044562 -0.167448 -0.010119 -0.023256 -0.080661 -0.059393 -0.030838 0.083076 0.095655 0.209963 -9999.000000 -9999.000000 -9999.000000
5.605868 5.511807 4.947466 5.416377 5.932632 5.411188 1.234067 0.657509 0.206135 0.633044 1.516987 1.683640 1.254912 0.182282 0.029261 0.015388 0.009823 2.765352 2.052816 0.561490 0.491039 0.743644 1.480500 2.641994 3.086547 3.434008 1.405067 0.707128 0.635261 0.249645 0.133249 0.094854 -0.602859 0.368249 0.149919 -0.745201 0.721292 1.645976 0.925136 0.297470 1.113047 2.804051 1.263029 -0.568838 0.021883 -0.013726 0.000198 0.000222 -0.019184 -0.248312 0.012075 -0.294111 0.159168 0.125144 0.187579 -9999.000000 -9999.000000 -9999.000000
5.214416 5.661515 5.454393 5.702134 4.477999 1.716110 0.040849 0.007495 0.130654 0.452975 1.710592 0.209452 0.293117 0.029073 0.025650 0.005171 0.017900 1.150869 1.889497 1.065449 0.864161 1.077253 2.052902 2.912966 3.404115 2.866902 1.453081 0.278508 0.096597 0.000000 0.000000 -0.000029 -0.000000 1.000843 0.573611 -0.567094 0.533209 0.971809 0.026030 0.005679 0.015787 0.925175 1.192747 0.076329 0.056071 -0.000022 -0.000504 -0.000222 -0.001709 0.852533 0.399438 0.109822 0.145291 0.001446 0.014256 -9999.000000 -9999.000000 -9999.000000
4.599822 4.607146 5.172896 5.093197 3.245207 0.618046 0.000014 0.000624 0.007564 0.092730 0.070019 0.028584 0.041035 0.024317 0.021230 0.001052 0.000028 0.059572 1.741882 1.444408 1.181214 1.129056 2.020469 2.994637 3.508891 3.283950 1.256751 0.192810 0.131539 -0.082886 0.026924 0.156150 0.951846 0.911202 0.693560 -0.179222 0.061698 0.003309 0.000462 0.001172 0.000789 1.090543 0.007826 0.049764 0.010182 -0.022255 -0.057910 -0.003946 0.815574 0.817346 0.803547 0.430950 0.044789 0.002074 0.001621 -9999.000000 -9999.000000 -9999.000000
4.697052 4.296202 4.359975 3.857457 2.157061 0.024387 0.000178 0.000940 0.021195 0.040723 0.010336 0.016722 0.011133 0.015740 0.015898 0.001168 -0.010010 0.096985 0.932038 1.425734 1.421053 1.272183 2.153502 3.367369 3.891978 3.346884 1.192405 0.195815 0.123291 -0.101091 0.062407 0.058849 0.134817 0.070328 0.833046 0.055159 0.049557 0.012884 -0.000339 -0.000749 0.000071 1.191322 0.028433 0.020075 0.014107 0.020978 -0.019795 0.026949 0.284523 0.207385 0.008894 0.027580 0.067905 0.004319 0.002557 -9999.000000 -9999.000000 -9999.000000
4.230164 3.504555 3.784123 2.548044 1.359452 0.002657 0.001221 0.000674 0.001228 0.000546 0.000172 0.000066 0.000160 0.000340 0.007457 0.000425 -0.255445 0.141869 1.176916 1.491402 1.478441 1.376995 2.302920 3.051618 3.706526 3.316337 1.017003 0.157122 0.142803 -0.021490 0.087590 0.000222 0.049251 0.030380 0.252985 0.028793 0.041302 0.055111 0.023407 -0.000971 -0.125568 1.451988 0.380649 0.041473 0.018238 0.059174 0.041476 0.049730 0.053811 0.018421 0.004586 0.012559 0.006551 0.003118 0.000396 -9999.000000 -9999.000000 -9999.000000
3.324406 2.400254 2.573999 1.805382 0.894339 0.006197 0.004731 -0.000828 -0.001053 -0.000422 0.000004 -0.000064 -0.000137 -0.000000 0.000197 0.000235 -0.316827 0.278107 1.003869 1.492556 1.257608 1.438816 2.411991 3.112492 3.902066 2.632471 0.536241 0.001106 0.001418 0.013658 0.065806 -0.000222 0.087571 0.059556 0.105152 0.017238 0.012886 0.011988 0.070211 -0.479661 -0.112581 1.455091 0.686551 0.210606 0.018040 0.008191 0.014495 0.020403 0.031879 0.009570 0.023759 0.001714 0.000259 0.000127 -0.000831 -9999.000000 -9999.000000 -9999.000000
2.682823 1.481609 1.672210 1.020223 0.766727 0.008983 0.016508 -0.000947 -0.039649 -0.043896 -0.001667 -0.013236 -0.007584 -0.000340 -0.000061 0.000128 -0.228298 0.361356 0.922962 1.550404 1.337560 1.561105 2.931716 3.740879 3.909470 2.654625 0.480368 -0.000852 0.002575 0.118175 0.134782 0.028702 0.557604 0.313533 0.011814 0.008524 0.000743 0.005450 0.006127 -0.477115 -0.101900 1.129866 0.557505 0.120291 0.011337 0.000023 0.000478 0.000729 0.008918 0.007433 0.009243 0.000086 -0.000121 -0.000146 -9999.000000 -9999.000000 -9999.000000 -9999.000000
1.633052 0.745056 1.416666 0.760960 0.473993 0.021563 0.014866 -0.025851 0.040820 0.046104 -0.000612 -0.014969 -0.019094 -0.006948 -0.000846 0.000032 -0.135392 0.258398 1.072103 1.525474 1.361047 1.542702 2.859957 3.636950 3.935971 2.660114 0.390573 0.136893 0.002449 0.004722 0.007613 0.101668 0.159139 0.069680 0.000831 -0.000010 -0.000250 0.000000 0.000059 0.001436 -0.100509 0.798212 0.293175 -0.119295 0.503504 -0.005153 -0.000129 -0.000080 0.000000 0.000000 0.000000 -0.000412 -0.000910 -9999.000000 -9999.000000 -9999.000000 -9999.000000 -9999.000000
1.334770 0.339636 1.263130 0.682885 0.387605 0.068056 0.059933 -0.043294 0.017162 0.038288 0.002308 -0.000649 -0.003215 -0.014759 -0.002045 -0.000213 0.014015 0.318377 0.866869 0.911425 0.806323 0.922312 2.940033 4.317240 3.926636 2.626076 0.369061 0.020992 0.005670 0.000657 0.000887 0.020174 0.010253 0.007519 -0.000451 -0.007478 -0.012077 -0.013115 -0.000726 -0.003025 -0.130178 0.778881 0.270314 -0.067292 0.462481 0.430983 0.005104 -0.008305 -0.005877 -0.005878 -0.001821 -9999.000000 -9999.000000 -9999.000000 -9999.000000 -9999.000000 -9999.000000 -9999.000000
1.099036 -0.094053 1.112975 0.532513 0.034498 0.010521 0.008520 0.000488 0.000019 0.000389 -0.000007 -0.000196 -0.003518 -0.032090 -0.001038 -0.000463 0.148884 0.174868 0.862599 0.926040 0.786508 1.301031 3.299815 4.493346 4.214406 2.360323 0.134871 -0.000000 -0.000012 -0.000305 -0.000284 -0.000012 0.014821 0.007942 -0.001895 -0.391655 0.181550 -0.339246 -0.018772 0.280771 0.097279 0.759938 0.191997 0.025657 0.338793 0.161590 -0.000215 -0.157706 -0.007948 -0.007948 -9999.000000 -9999.000000 -9999.000000 -9999.000000 -9999.000000 -9999.000000 -9999.000000 -9999.000000
0.910103 -0.573393 1.014653 0.013502 0.018105 0.007008 0.000570 -0.000058 -0.024037 -0.001291 -0.014667 -0.019995 -0.026286 -0.055723 -0.007664 -0.001136 0.014028 0.000673 0.843478 1.328383 1.312994 1.460491 3.208764 4.344671 4.016195 2.659784 0.223906 -0.013285 -0.029249 -0.009449 -0.000814 -0.004380 0.013278 0.006338 0.225499 -0.181090 0.186897 -0.082431 0.004490 0.095774 0.190233 0.223413 0.096839 0.161556 0.079433 0.013167 0.000317 0.000008 -9999.000000 -9999.000000 -9999.000000 -9999.000000 -9999.000000 -9999.000000 -9999.000000 -9999.000000 -9999.000000 -9999.000000
0.403780 -1.118732 0.905567 0.018334 0.006923 0.000536 0.000299 -0.000320 -0.056861 -0.067303 -0.023226 -0.039975 -0.058516 -0.056931 -0.014692 -0.008824 -0.000300 0.077954 0.833918 1.266036 1.338692 1.941837 3.195480 3.745767 3.409206 2.125953 0.871745 -0.428261 -0.179657 -0.043871 0.000198 0.001510 0.017847 0.005951 0.020833 0.068705 0.178590 0.001033 0.001374 0.000495 0.390572 0.010133 0.002345 0.023635 0.002773 0.007625 -9999.000000 -9999.000000 -9999.000000 -9999.000000 -9999.000000 -9999.000000 -9999.000000 -9999.000000 -9999.000000 -9999.000000 -9999.000000 -9999.000000
0.030234 -1.560187 0.716369 0.006814 -0.000015 -0.000442 -0.000548 0.000177 -0.006587 -0.567799 -0.031610 -0.057957 -0.091703 -0.015281 -0.029409 -0.018121 -0.012919 0.598696 1.262679 1.744751 1.575200 2.131139 3.302729 3.727179 3.081596 1.939405 0.987007 0.317151 0.261412 -0.050890 0.002038 0.008775 0.022871 0.000394 0.000569 0.001461 0.114128 0.000974 -0.000315 -0.000311 0.054042 0.012598 0.000450 0.001321 0.004048 0.000346 -9999.000000 -9999.000000 -9999.000000 -9999.000000 -9999.000000 -9999.000000 -9999.000000 -9999.000000 -9999.000000 -9999.000000 -9999.000000 -9999.000000
0.042751 -1.839876 0.954032 -0.000168 -0.010099 -0.011789 -0.007988 0.000320 0.017037 -0.034774 -0.282066 -0.523089 -0.637901 -0.026071 -0.050301 -0.027363 0.108114 0.683411 1.194289 1.848595 1.762561 2.096930 2.829806 2.102804 2.184200 1.126845 0.893014 0.506663 0.370436 0.059783 0.002486 0.011065 0.028850 -0.000331 -0.000247 0.004574 0.142138 0.001523 -0.001152 -0.137223 0.046249 0.000373 0.000109 0.000277 0.000180 -0.000180 -9999.000000 -9999.000000 -9999.000000 -9999.000000 -9999.000000 -9999.000000 -9999.000000 -9999.000000 -9999.000000 -9999.000000 -9999.000000 -9999.000000
0.535436 -1.335469 0.013657 -0.000421 -0.046016 -0.041057 -0.034158 0.000223 0.011287 0.142486 -0.177465 -0.137886 -0.347168 -0.051364 0.024590 -0.480371 0.080541 0.952025 1.403340 1.574838 1.638212 2.519085 2.034258 2.148577 2.223621 1.161562 1.037164 0.733853 0.382290 0.121156 0.000254 0.008113 0.240939 0.009278 -0.000554 0.031367 0.037121 0.002800 -0.016232 -0.233426 0.017436 0.004436 0.000356 -0.000063 -0.000346 -9999.000000 -9999.000000 -9999.000000 -9999.000000 -9999.000000 -9999.000000 -9999.000000 -9999.000000 -9999.000000 -9999.000000 -9999.000000 -9999.000000 -9999.000000
