use_cases/Flooding_chicago/flooding_data/output/hUy_300.asc
ncols 337
nrows 393
xllcorner 428428.000000
yllcorner 4602440.000000
cellsize 26.757400
NODATA_value -9999.000000
[rows 130 to 155 of 393, columns 232 to 289 of 337]
0.001478 0.000105 -0.000515 -0.001495 0.000000 -0.000072 0.009234 0.031498 0.018270 0.016862 0.027832 0.061131 0.204558 0.469979 0.126327 0.136008 0.062595 0.041548 0.053592 0.062930 0.071608 0.065662 0.084623 0.063941 0.026780 0.050804 0.014108 0.023255 0.001306 0.001306 0.265977 0.164289 0.126820 0.000198 -0.000619 -0.021951 -0.004970 0.003879 0.001647 0.012996 0.026554 0.097344 0.540752 -0.000132 -0.000436 -0.013034 0.005062 0.058373 0.019348 0.000971 0.006566 0.001070 -9999.000000 -9999.000000 -9999.000000 -9999.000000 -9999.000000 -9999.000000
0.006122 -0.001388 -0.018098 -0.026860 -0.006416 -0.000796 0.000584 0.000716 0.000375 0.000317 0.007848 0.208424 0.175430 0.189045 0.147085 0.092059 0.023058 0.109932 0.106599 0.128149 0.145518 0.053986 0.041419 0.064005 0.005192 0.007457 0.006786 0.014555 0.001852 0.001852 0.045159 0.031975 0.039646 0.002297 0.044366 -0.176823 -0.003208 0.005238 0.000346 0.006072 0.003270 0.235027 0.761130 -0.007023 -0.006485 0.000202 0.000737 0.032610 0.009300 0.000360 0.000360 0.000297 -9999.000000 -9999.000000 -9999.000000 -9999.000000 -9999.000000 -9999.000000
-0.003549 -0.008831 -0.050353 -0.056730 -0.014781 -0.011380 -0.001518 -0.000935 -0.000416 0.000393 0.000548 0.234424 0.045923 0.039900 0.049968 0.085230 0.091159 0.021913 0.076561 0.094907 0.064867 0.077205 0.029282 0.062121 0.043939 0.000084 0.000138 0.000130 0.000360 0.000360 0.018603 0.018953 0.028427 0.001622 0.051676 -0.135486 -0.000920 0.000180 -0.000180 0.000094 0.000109 0.018188 0.726856 -0.040972 -0.017471 -0.000103 0.000066 0.000861 0.001065 -0.000360 -0.000360 -0.000912 -9999.000000 -9999.000000 -9999.000000 -9999.000000 -9999.000000 -9999.000000
-0.006547 -0.005727 -0.051671 -0.120174 -0.025901 -0.032794 -0.005422 -0.002538 -0.007153 -0.001153 0.003085 0.146360 0.084324 0.012679 0.001371 0.052177 0.084122 0.028677 0.032334 0.049400 0.050290 0.093129 0.020729 0.026285 0.049419 -0.000084 -0.000138 -0.000130 -0.000360 -0.000360 0.000819 0.008545 0.010897 0.015231 0.138771 -0.149339 -0.000447 -0.000346 -0.012310 -0.000869 -0.000176 0.017339 0.389563 0.123406 -0.023908 -0.012029 -0.000367 0.000443 0.001532 -0.001613 -0.007502 -0.005192 0.001199 -9999.000000 -9999.000000 -9999.000000 -9999.000000 -9999.000000
-0.023252 -0.010424 -0.119681 -0.361548 -0.032393 -0.008867 -0.001709 -0.000119 -0.004674 -0.001867 0.003417 0.174550 0.019858 0.042768 0.005093 0.109528 0.035356 0.022236 0.017878 0.013873 0.039922 0.083798 0.013196 0.005281 0.022851 0.009248 -0.000778 -0.002340 -0.012634 -0.013712 -0.000197 0.000222 0.000136 0.007506 0.006397 -0.098000 -0.078981 -0.048338 -0.053040 -0.059390 0.031527 0.057109 0.160451 0.120518 0.036458 0.000691 0.000427 0.000727 0.000336 -0.000514 -0.090087 -0.013973 -0.001654 -9999.000000 -9999.000000 -9999.000000 -9999.000000 -9999.000000
-0.042035 -0.167580 -0.061620 -0.848197 -0.002313 -0.000854 0.000555 0.000396 -0.002749 -0.000581 0.005563 0.030999 0.030341 0.091766 0.023961 0.042760 0.031149 0.017629 0.011939 0.011325 0.030997 0.027115 0.004208 0.000232 0.000003 -0.000055 -0.004091 -0.004178 -0.045975 -0.029863 -0.000260 -0.000222 -0.000105 0.000086 0.000255 0.000219 -0.064571 -0.149548 -0.299953 0.416229 0.132845 0.110161 0.018589 0.019431 0.016860 0.027102 0.000321 0.000166 0.000158 0.000222 0.000005 -0.004747 -0.002518 0.000298 -9999.000000 -9999.000000 -9999.000000 -9999.000000
-0.182299 -0.142141 -0.115836 -0.170826 -0.000000 -0.000013 -0.000401 -0.000330 -0.002962 -0.000160 0.000149 0.020801 0.004670 0.033614 0.012723 0.015242 0.020166 0.007155 0.000765 0.010492 0.001106 0.000448 0.000018 -0.000100 -0.006481 -0.049176 -0.086661 -0.050026 -0.144809 -0.008975 -0.009165 -0.008451 -0.013529 -0.000867 -0.000064 0.000033 -0.011635 -0.035737 0.087949 0.238639 0.015774 0.020508 0.000333 0.000263 0.000769 0.009998 0.000219 -0.000024 -0.000300 -0.000222 -0.000446 -0.006336 -0.037725 -0.003335 -9999.000000 -9999.000000 -9999.000000 -9999.000000
0.000036 -0.129182 -0.118715 -0.125188 -0.008534 -0.016495 -0.005041 -0.012449 -0.024293 -0.022440 -0.001592 -0.009366 0.002444 0.010273 0.000500 0.000347 0.000107 -0.000001 -0.000090 0.000000 -0.000791 -0.000591 -0.007389 -0.006261 -0.022886 -0.121660 -0.163394 -0.040410 -0.000162 -0.005736 -0.007229 -0.029764 -0.035869 -0.000795 -0.000504 -0.000184 -0.002759 -0.024597 0.001706 0.019592 0.000808 0.000061 -0.000307 -0.000091 -0.000307 -0.000044 -0.000558 -0.000367 -0.001309 -0.013401 -0.001308 -0.003179 -0.068678 -0.019004 -9999.000000 -9999.000000 -9999.000000 -9999.000000
-0.013570 -0.197486 -0.228527 -0.182612 -0.019233 -0.020093 -0.012942 -0.044858 -0.051804 -0.072993 -0.054936 -0.009212 0.002174 0.002749 -0.000456 -0.000315 -0.000243 -0.009583 -0.007956 -0.014340 -0.013359 -0.008655 -0.018586 -0.022801 -0.026829 -0.252273 -0.170412 -0.005053 -0.000821 -0.002883 -0.015909 -0.116222 -0.029865 -0.017521 -0.013203 -0.001327 -0.001258 -0.050831 0.000046 0.000230 -0.000562 -0.001407 -0.053389 -0.000263 -0.000549 -0.011678 -0.002075 -0.013939 -0.015670 -0.030975 -0.011686 -0.015383 -0.071650 -0.044887 -0.004628 -9999.000000 -9999.000000 -9999.000000
-0.032031 -0.260848 -0.322268 -0.208012 -0.014806 -0.273889 -0.331094 -0.171993 -0.291236 -0.056359 0.030114 0.014366 0.005866 0.003166 0.021960 0.172509 0.031919 -0.020446 -0.017555 -0.030878 -0.025131 -0.019062 -0.025846 -0.044351 -0.272911 -0.139948 -0.061603 0.001472 0.005732 0.012386 -0.087564 -0.036114 -0.057880 -0.113011 -0.052080 -0.014818 0.004929 -0.002994 -0.000306 -0.000507 -0.001152 -0.008817 -0.189445 -0.018855 -0.010881 -0.029914 -0.014821 -0.035031 -0.014488 -0.048481 -0.031442 -0.023968 -0.073614 -0.038237 0.005884 -9999.000000 -9999.000000 -9999.000000
-0.034634 -0.398447 -0.200086 -0.076242 0.315392 -1.234438 0.719139 0.463820 0.160314 0.165612 0.324306 0.080705 0.011376 0.039551 0.039489 0.008071 0.043501 -0.098732 -0.029687 -0.006781 -0.006061 -0.036326 -0.002613 -0.003058 -0.298042 -0.085942 -0.019134 0.043420 0.038544 0.068987 0.071040 0.070910 -0.012731 -0.030214 -0.050529 -0.089018 -0.039658 0.384219 0.101433 0.029134 0.031711 0.013357 0.161589 -0.084119 0.004242 -0.019859 -0.124216 -0.010140 -0.023282 -0.071740 -0.047329 -0.027504 -0.059629 -0.007263 0.056802 -9999.000000 -9999.000000 -9999.000000
-0.331524 -0.200502 -0.068544 -0.083479 0.032755 0.071618 0.020955 0.030635 0.064957 0.136251 0.125776 0.104405 0.059984 0.032379 0.027858 0.011851 0.001306 0.089651 -0.117694 -0.013914 -0.013834 -0.055562 -0.004180 0.005564 -0.346350 -0.444137 0.001544 0.016035 0.007173 0.009867 0.009878 0.007223 -0.003298 -0.002560 0.127688 0.063969 0.618661 0.906410 0.022773 0.011116 0.017347 0.020982 1.057370 0.071926 0.043727 -0.003119 0.000200 0.000222 -0.019595 -0.127987 0.007351 -0.156422 -0.018537 0.021623 0.036253 -9999.000000 -9999.000000 -9999.000000
-0.036803 -0.260527 -0.018666 -0.059601 0.012941 0.022415 0.012435 0.006296 0.022077 0.102305 0.125382 0.038780 0.070801 0.028565 0.025688 0.005206 0.000780 0.009255 -0.042593 -0.086967 -0.037929 -0.091692 -0.008472 0.011039 -0.304624 0.000130 0.004644 0.004341 0.000000 0.000000 0.000000 0.000000 0.000000 0.039137 0.235414 0.095277 0.033879 0.016830 0.014907 0.005578 0.014587 0.008786 0.063498 0.025747 0.022760 -0.000023 -0.000524 -0.000222 -0.001769 0.872151 0.107038 0.195888 0.015806 0.001001 0.012347 -9999.000000 -9999.000000 -9999.000000
0.003316 0.033040 0.120114 0.095708 0.014483 0.022429 0.000014 0.000624 0.007538 0.087628 0.068269 0.028596 0.041049 0.024321 0.021239 0.001052 0.000028 0.000265 -0.008378 -0.122602 -0.230151 -0.023059 0.004339 0.017599 -0.261723 0.147859 0.008761 0.017910 0.029525 0.018016 0.003225 0.028082 0.088245 0.074824 0.303456 0.105914 0.038564 0.002004 0.000440 0.001073 0.000440 0.002724 0.000352 0.016225 0.001908 -0.033869 0.025470 -0.003946 0.304008 0.266587 0.146759 0.118451 0.046472 0.002238 0.001612 -9999.000000 -9999.000000 -9999.000000
0.052410 0.057346 0.070514 0.047215 0.021481 0.011588 0.000086 0.000941 0.021133 0.040539 0.010336 0.016727 0.011133 0.015743 0.015908 0.001169 -0.010931 -0.000294 -0.000011 -0.025832 -0.081638 0.006580 0.008359 0.018503 -0.188072 0.157872 0.041237 0.050457 0.091253 0.032670 0.010519 0.009216 0.022097 0.012511 0.141905 0.037889 0.039012 0.007216 -0.000347 -0.000743 -0.000347 -0.002498 -0.000169 0.000422 0.000838 0.068664 0.118268 0.070966 0.185069 0.105730 0.008679 0.021100 0.091190 0.004355 0.002564 -9999.000000 -9999.000000 -9999.000000
0.206586 0.084299 0.056238 0.039116 0.015166 0.001693 0.000821 0.000674 0.001229 0.000546 0.000172 0.000066 0.000160 0.000340 0.007458 0.000425 -0.043450 -0.004746 0.000749 0.024501 -0.003045 0.001528 -0.003017 0.000697 0.039647 0.034914 0.008166 0.010097 0.020437 0.019437 0.021861 0.000222 0.003724 0.002333 0.088271 0.025129 0.031668 0.038648 0.000310 -0.000904 -0.011505 -0.023905 -0.035466 -0.000269 0.001333 0.031284 0.033377 0.047166 0.053126 0.018430 0.004590 0.012570 0.006558 0.003127 0.000408 -9999.000000 -9999.000000 -9999.000000
0.083268 0.076942 0.022715 0.029183 0.002865 0.004223 0.003247 -0.000829 -0.001054 -0.000422 0.000004 -0.000064 -0.000137 0.000000 0.000197 0.000235 -0.031099 -0.029033 0.005788 0.082959 0.042040 0.005612 -0.012241 -0.003803 0.018601 0.000583 0.000407 0.000495 0.001191 0.028143 0.024524 -0.000222 0.015035 0.010667 0.037993 0.017293 0.013013 0.012026 0.027065 0.000682 -0.045563 -0.206859 -0.451354 -0.006430 0.000493 0.008196 0.014502 0.020416 0.031891 0.009570 0.023772 0.001715 0.000259 0.000127 -0.000827 -9999.000000 -9999.000000 -9999.000000
0.029455 0.026993 0.002708 0.004614 0.015947 0.005784 0.012343 -0.000948 -0.019111 -0.036115 -0.001668 -0.013239 -0.007585 -0.000340 -0.000061 0.000128 -0.001900 -0.119295 -0.003802 0.161534 0.131170 0.074344 -0.064063 -0.073357 -0.010984 0.001125 0.001043 -0.000176 0.002168 0.055825 0.053206 0.019297 1.133805 0.936443 0.010006 0.008528 0.000743 0.005450 0.006472 -0.000010 -0.002073 0.118402 0.011169 -0.011686 -0.000264 0.000023 0.000478 0.000730 0.008918 0.007433 0.009243 0.000086 -0.000121 -0.000147 -9999.000000 -9999.000000 -9999.000000 -9999.000000
0.001299 0.000960 0.002245 0.010477 0.065827 0.014241 0.013728 -0.011174 0.071942 0.062943 -0.000609 -0.014980 -0.019100 -0.006948 -0.000846 0.000032 0.002468 0.011127 0.020111 0.055125 0.031415 0.012871 -0.091416 -0.078402 -0.027167 0.000443 0.001687 0.018586 0.001908 0.004722 0.007613 0.051240 0.068183 0.032057 0.000659 -0.000010 -0.000250 0.000000 0.000059 0.000045 0.007369 -0.025512 0.266682 0.030923 0.005370 -0.005038 -0.000129 -0.000080 0.000000 0.000000 0.000000 -0.000412 -0.000910 -9999.000000 -9999.000000 -9999.000000 -9999.000000 -9999.000000
0.001073 -0.000932 0.001509 0.033409 0.070263 0.051996 0.053752 -0.030893 0.017211 0.038375 0.002318 -0.000649 -0.003216 -0.014763 -0.002045 -0.000213 0.003198 0.040101 0.008187 0.001921 0.000586 0.000029 -0.047395 -0.417787 -0.011241 -0.001022 0.000627 0.011930 0.004050 0.000657 0.000888 0.018342 0.006550 0.004769 -0.000968 -0.007478 -0.012077 -0.013133 -0.000744 -0.000079 0.047590 0.307778 0.591565 0.112911 0.022096 0.013996 0.001276 -0.008308 -0.005878 -0.005878 -0.001821 -9999.000000 -9999.000000 -9999.000000 -9999.000000 -9999.000000 -9999.000000 -9999.000000
-0.001928 -0.000782 0.000744 0.024518 0.032390 0.010521 0.008521 0.000488 0.000019 0.000389 -0.000007 -0.000196 -0.003521 -0.032106 -0.001038 -0.000463 0.028140 0.016910 0.001963 -0.001043 -0.000757 -0.010387 0.041855 -0.171134 0.020141 -0.000645 0.000113 -0.000000 -0.000012 -0.000305 -0.000284 -0.000012 0.007387 0.003240 -0.002172 -0.183872 -0.085716 -0.132263 -0.007082 0.077551 0.201069 0.233179 0.038181 0.058295 0.070010 0.039278 -0.004210 -0.102128 -0.007948 -0.007948 -9999.000000 -9999.000000 -9999.000000 -9999.000000 -9999.000000 -9999.000000 -9999.000000 -9999.000000
1.453039 0.002113 0.002156 0.011128 0.018141 0.007012 0.000570 -0.000058 -0.024047 -0.001292 -0.014684 -0.020020 -0.026324 -0.055772 -0.007665 -0.001137 0.014034 0.000673 -0.001568 -0.001382 -0.024062 -0.034966 0.013373 0.015415 0.128715 0.083473 -0.000621 -0.011537 -0.021728 -0.009530 -0.000814 -0.006260 0.004153 0.002760 0.147891 0.064990 0.030244 -0.024789 0.002146 0.031878 0.182365 0.012946 0.011801 0.040612 0.021794 0.013234 0.000321 0.000008 -9999.000000 -9999.000000 -9999.000000 -9999.000000 -9999.000000 -9999.000000 -9999.000000 -9999.000000 -9999.000000 -9999.000000
0.190589 0.019719 0.018668 0.018340 0.006927 0.000536 0.000299 -0.000321 -0.056290 -0.066083 -0.023257 -0.040043 -0.058609 -0.057012 -0.014703 -0.008829 -0.000301 -0.006828 -0.000599 -0.000671 -0.036693 0.111459 0.016936 0.553971 0.120391 0.113548 0.032615 -0.011909 -0.076107 -0.033774 -0.001484 -0.004329 0.006420 0.004227 0.013776 0.131934 0.071431 0.001015 0.001366 0.000494 0.054354 0.001364 0.002394 0.024215 0.002775 0.007631 -9999.000000 -9999.000000 -9999.000000 -9999.000000 -9999.000000 -9999.000000 -9999.000000 -9999.000000 -9999.000000 -9999.000000 -9999.000000 -9999.000000
0.024360 0.023173 0.027479 0.006814 -0.000015 -0.000442 -0.000549 0.000171 -0.006733 -0.202736 -0.029042 -0.057298 -0.091642 -0.015318 -0.029483 -0.018150 -0.009203 -0.016450 -0.000398 0.002905 0.021899 0.181772 0.102131 0.026146 0.058939 0.067915 0.037972 0.022545 -0.086303 -0.025457 -0.000323 0.001220 0.010824 0.000394 0.000569 0.001057 0.068853 0.000903 -0.000328 -0.000312 0.000074 0.000868 0.000450 0.001321 0.004049 0.000346 -9999.000000 -9999.000000 -9999.000000 -9999.000000 -9999.000000 -9999.000000 -9999.000000 -9999.000000 -9999.000000 -9999.000000 -9999.000000 -9999.000000
0.111583 0.012730 0.027265 -0.000168 -0.010099 -0.011788 -0.007989 0.000300 0.015117 -0.211776 -0.207312 -0.056590 -0.110029 -0.018166 -0.037852 -0.022217 -0.019226 -0.001117 0.006360 0.036941 0.112198 0.064773 0.008133 0.000895 0.002222 0.000360 0.000360 0.096488 0.027504 -0.002340 0.000749 0.005746 0.019326 -0.000331 -0.000247 0.003863 0.136654 0.001318 -0.001159 -0.010636 -0.088608 -0.000079 0.000118 0.000277 0.000180 -0.000180 -9999.000000 -9999.000000 -9999.000000 -9999.000000 -9999.000000 -9999.000000 -9999.000000 -9999.000000 -9999.000000 -9999.000000 -9999.000000 -9999.000000
0.095012 0.006796 0.013972 -0.000421 -0.045773 -0.040829 -0.033939 0.000180 0.011212 -0.104031 -0.111012 -0.235621 -0.112011 -0.034013 -0.069115 -0.115482 -0.003739 0.003769 0.052040 0.059195 0.031048 0.092924 -0.000017 -0.000354 -0.000559 -0.000360 -0.000360 0.063783 0.119811 0.000079 0.000734 0.009018 0.501020 0.006086 -0.000554 0.027167 0.031723 0.002278 -0.001499 -0.026801 -0.236527 0.000045 0.000407 -0.000063 -0.000346 -9999.000000 -9999.000000 -9999.000000 -9999.000000 -9999.000000 -9999.000000 -9999.000000 -9999.000000 -9999.000000 -9999.000000 -9999.000000 -9999.000000 -9999.000000
