use_cases/Flooding_chicago/flooding_data/output/hUy_1260.asc
ncols 337
nrows 393
xllcorner 428428.000000
yllcorner 4602440.000000
cellsize 26.757400
NODATA_value -9999.000000
[rows 156 to 181 of 393, columns 58 to 115 of 337]
0.612847 -0.465165 0.096221 -0.087440 -0.330816 -0.162024 0.045027 0.079327 0.092414 0.136511 0.118684 0.146368 0.068741 0.068648 0.234279 0.001445 -0.486613 0.054556 0.096642 -0.162796 -0.128349 -0.310262 -0.006154 -0.043379 -0.002211 0.008437 0.006420 0.001517 0.002157 0.002411 0.244807 0.242777 -0.020898 0.001539 -0.000434 -0.001794 0.000584 0.001276 0.011318 -0.065475 -0.030283 -0.000666 -0.000222 -0.000232 -0.000691 -0.001748 -0.006367 -0.011929 0.001173 0.005231 0.006920 -0.013398 -0.001146 0.036524 0.011524 -0.004055 0.160109 0.003284
0.141065 -0.080335 0.304192 0.058719 -0.308562 -0.147804 -0.070465 0.030083 0.080365 0.129419 0.066673 0.054325 0.033573 0.020061 0.065300 0.118317 -0.327280 0.065759 0.065440 -0.190419 0.002232 -0.234031 0.055911 -0.047617 -0.002638 0.008972 0.018686 0.003806 0.004949 0.006084 0.367080 0.246123 0.091742 -0.000551 -0.002062 0.000184 0.000350 0.000606 0.000352 -0.088840 -0.038045 -0.000474 -0.003946 -0.005356 -0.001506 -0.001637 -0.008785 -0.016890 -0.001834 0.007814 0.001640 -0.016579 -0.043811 0.036847 0.000326 0.000121 0.000891 0.002551
0.028640 0.020261 0.566966 0.015292 -0.363539 0.502096 -0.199301 -0.015585 0.000960 0.000538 0.027494 -0.019495 0.054060 0.021359 0.084646 0.143374 -0.322236 0.158047 0.023017 -0.204951 0.245231 -0.205594 0.050887 -0.071187 -0.006251 0.017321 0.074562 0.008640 0.011138 0.014754 0.069304 0.052217 0.267243 0.005569 -0.001447 -0.000054 -0.001144 -0.001352 -0.000478 -0.067742 -0.038952 -0.001390 -0.013995 -0.003548 -0.027023 -0.003136 -0.014734 -0.021135 0.000000 0.000198 -0.000943 -0.000076 -0.050828 -0.000003 -0.000208 -0.000106 -0.000380 -0.002852
0.025390 0.034582 0.023013 0.011408 -0.477704 0.433844 -0.118519 0.010061 -0.000281 -0.000073 0.028462 0.020973 0.189981 0.058419 0.116373 0.186908 -0.174504 0.180677 -0.099355 -0.449629 0.373535 -0.200934 0.053923 0.040459 -0.002692 0.001424 0.012450 0.009534 0.017466 0.111043 0.010240 0.026964 0.064289 0.055570 -0.002385 -0.017782 -0.001046 -0.001239 -0.108652 -0.221356 -0.116441 -0.000551 -0.002783 -0.013804 -0.030067 -0.171892 -0.022388 -0.012014 -0.003041 -0.000397 -0.000856 -0.005883 -0.098775 -0.067413 -0.042594 -0.031301 -0.003571 -0.077507
0.016772 -0.004846 -0.019555 -0.012040 -0.328393 0.339162 -0.044164 0.062601 -0.136623 -0.202673 0.018302 0.023905 0.459146 0.075515 0.293636 0.216325 -0.091703 0.206740 -0.215307 -0.508136 0.471631 -0.170232 0.025734 0.204388 0.001518 0.000873 0.000477 0.004880 0.073785 0.177618 0.006383 0.006814 0.006047 0.014212 -0.001067 -0.361047 -0.007393 -0.001661 -0.138566 -0.214387 0.000105 0.000133 -0.001076 -0.022396 -0.162607 -0.709137 -0.008665 -0.004489 -0.002151 -0.000419 -0.000281 -0.034680 -0.523953 -0.353052 -0.478121 0.045534 0.395823 0.019541
-0.002580 -0.014534 -0.108683 -0.174518 -0.177082 0.278638 -0.047240 0.060382 -0.053577 -0.186085 0.002971 -0.018017 0.477681 0.164769 0.399118 0.216530 -0.044427 0.187566 -0.350957 -0.441157 0.624833 -0.136932 0.017330 1.000602 0.012639 0.000103 0.000000 0.000000 -0.003016 0.104638 0.003979 0.000000 0.000000 0.000000 -0.019510 -0.018839 -0.366492 -0.116769 -0.162735 -0.172000 -0.000128 -0.000372 -0.007097 -0.003923 -0.000330 -0.276815 0.000137 -0.002612 -0.001825 0.000183 0.000152 0.000344 0.016986 -0.038839 -0.453306 0.115971 0.366431 0.001526
0.040720 0.035175 -0.049064 -0.192452 0.003655 0.225469 -0.093458 0.064500 0.015383 -0.079692 0.022933 0.024184 0.466913 0.140578 0.441592 0.244051 0.026396 0.196741 -0.346450 -0.327740 0.828012 -0.733459 -0.030570 0.635817 0.065083 -0.000144 -0.000477 -0.014426 -0.008902 0.062836 0.001622 -0.002105 -0.001102 0.002860 0.019245 0.360627 -0.333500 -0.079930 -0.116611 -0.544616 -0.007053 -0.008580 -0.044511 -0.002355 -0.061895 -0.193901 -0.000663 -0.002543 -0.002353 -0.000642 -0.000238 0.000263 0.000634 0.027904 -0.235980 0.055022 0.271504 0.002258
0.030764 0.009545 0.001373 -0.339062 0.135630 0.205560 -0.032004 0.113382 0.091373 -0.012893 0.078716 0.097045 0.497753 0.094020 0.420115 0.328092 0.009855 0.448049 -0.203450 -0.052026 1.414934 -0.966039 0.145227 0.146779 0.175371 0.038127 -0.012345 -0.011520 -0.012825 0.000732 0.000953 -0.003044 -0.001173 0.079717 0.037402 0.479330 0.010646 0.037287 -0.060846 -0.399952 -0.104369 -0.257302 -0.361338 -0.181307 -0.025311 -0.256485 -0.087804 -0.006834 -0.007713 -0.009552 -0.028033 -0.003444 -0.001158 0.000676 0.000965 0.000961 0.000795 0.000386
0.010446 0.001037 0.001547 -0.125915 0.229870 0.128685 0.041494 0.155561 0.154508 0.000286 0.067053 0.079601 0.558742 0.087024 0.537841 0.227078 0.005535 0.026633 0.012200 0.561721 2.394953 -0.543996 0.314205 0.013025 0.352873 0.099644 0.029398 0.034805 -0.004151 -0.000412 -0.002272 -0.003156 -0.001465 0.010158 0.302257 0.006318 0.003663 0.006947 -0.019433 -0.167814 0.011250 0.004810 -0.632320 -1.117835 -0.217883 -0.143472 -0.073356 -0.017902 -0.014157 -0.008535 -0.082721 -0.058637 -0.017710 -0.000943 -0.001066 -0.001011 -0.000816 -0.000390
0.000414 0.001472 0.005892 0.218114 0.418411 0.067820 0.120737 0.281609 0.315820 0.092525 0.091747 0.095422 0.324447 0.031070 0.639425 0.282062 0.000788 0.001166 0.012643 0.012195 0.010035 0.036702 0.012220 0.017691 0.034938 0.025263 0.172392 0.012709 0.135067 -0.001029 -0.001871 -0.025585 -0.001236 0.000008 0.000098 0.000000 0.000000 0.000067 0.000074 -0.057390 0.041635 0.037682 -0.343507 -0.868281 -1.153156 -0.053126 0.000529 0.005371 -0.008577 -0.051545 -0.032100 -0.190702 -0.006210 -0.000785 -0.029761 -0.026122 -0.017278 -0.004231
0.000050 0.004601 0.054527 0.636230 0.605018 -0.038040 0.031145 0.267839 0.235688 0.027790 0.023829 0.014405 0.455395 -0.028128 0.655108 0.299937 -0.000183 -0.000055 0.000135 0.000076 0.000214 0.005094 0.007847 0.004197 0.008342 0.008019 0.032335 0.053399 0.164577 -0.009917 -0.018215 -0.016765 -0.020628 -0.021034 -0.001104 -0.013198 -0.005350 -0.000464 -0.000141 0.000454 0.000032 0.000179 0.000244 -0.852318 -0.929052 -0.008708 -0.000066 0.000000 -0.004621 -0.062579 -0.126093 -0.336643 -0.121977 -0.007495 -0.774421 -0.889360 -0.036729 -0.002097
-0.000367 0.018089 0.108386 0.229155 0.155907 0.001566 0.079076 0.084711 0.060514 0.055485 0.033837 0.018401 0.649700 -0.067143 0.572857 0.269794 -0.000727 -0.011308 -0.000169 -0.000063 -0.000058 0.000000 0.000000 0.000000 0.000000 0.000320 0.026279 0.019844 0.310814 -0.115785 -0.158306 -0.162421 0.017862 0.022144 0.009291 -0.250069 -0.013123 -0.006953 -0.002909 -0.000689 -0.026135 -0.001897 -0.000443 -0.681137 -1.905596 -0.246650 -0.007189 -0.003663 0.002677 -0.008612 -0.315525 -0.099968 0.001259 -0.050546 -0.118621 -1.074075 -0.016785 -0.021075
-0.002242 0.038769 0.104181 0.164309 0.053666 0.004224 0.100608 0.110645 0.060757 0.064481 0.030275 0.015704 0.913066 0.065259 0.567654 0.273204 -0.011943 -0.010462 -0.056286 -0.009699 -0.012723 -0.006965 -0.010009 -0.021817 -0.019482 -0.000565 0.015664 0.011838 0.013131 -0.044254 -0.110031 -0.190544 0.037372 0.049876 0.028496 -0.198403 -0.593196 -0.095424 -0.012874 -0.008305 -0.056944 -0.186796 -0.417082 -1.096681 -1.962854 -0.189465 0.000729 -0.011257 0.035672 0.028926 0.140535 0.061168 0.172827 0.099056 0.032057 -0.645325 -0.348331 -0.241616
0.027982 0.048704 0.073834 0.076908 0.007522 0.089883 0.544220 0.574489 0.112579 0.297966 0.242359 0.337261 0.934987 0.018183 0.019352 0.017345 -0.030492 -0.015833 -0.203274 -0.143645 -0.027920 -0.019938 -0.036770 -0.050445 -0.026684 -0.000348 0.000010 0.000360 0.000360 0.000122 -0.084862 -0.082667 0.120905 0.121624 -0.016834 -0.061944 -0.061821 -0.046456 -0.011834 -0.006987 -0.009737 -0.329665 -0.578314 -1.098874 -0.754526 0.001160 0.013306 0.002534 0.043677 0.012774 0.014246 0.191542 0.012635 0.003663 0.000187 -0.013695 -0.001215 -0.166932
-0.042789 0.000000 0.000000 0.000000 0.108547 0.181097 1.001927 0.688721 -0.183365 0.281235 0.029901 0.083937 0.015980 0.000006 0.000203 0.000006 -0.160119 -0.081919 -0.412164 -0.036755 -0.102451 -0.173218 -0.043864 -0.026262 -0.030472 -0.005447 -0.008693 -0.000360 -0.000360 -0.000093 -0.243925 -0.038891 0.000020 0.000785 -0.031249 0.109697 -0.019390 -0.028581 -0.058910 -0.030053 0.230478 -0.478372 -0.713916 -0.991520 -0.617875 0.000064 0.000000 0.003973 0.023190 0.000352 0.000158 0.012506 0.001407 0.000000 -0.000102 -0.003948 -0.002006 -0.069997
-0.093584 -0.114019 -0.068679 0.110884 0.127717 0.189128 1.378259 1.602779 -0.315683 0.099129 0.012505 0.000631 -0.006743 -0.024020 -0.000462 -0.006177 -0.233942 -0.101026 -0.178939 -0.004049 -0.012628 -0.016294 -0.008398 -0.009210 -0.035998 -0.042418 -0.018766 -0.007478 -0.015326 -0.107963 -1.484573 -0.119964 -0.007736 0.000224 0.001033 0.001541 0.001038 0.033998 -0.011000 0.137935 0.065225 -0.578101 -0.589873 -1.049610 -0.441254 -0.000631 -0.009857 -0.001167 0.000416 -0.000170 -0.000106 -0.000001 -0.000240 -0.008653 -0.018215 -0.157192 -0.024557 -0.027505
-0.043890 -0.205202 -0.456098 0.095785 0.162700 0.091486 0.324294 0.169635 0.000015 0.000395 0.000767 0.000291 -0.002492 -0.093960 0.015811 -0.125293 -0.344289 -0.143386 -0.201109 -0.004368 -0.003831 0.033166 -0.003226 -0.003955 -0.008824 -0.184387 -0.182418 -0.191039 -1.498312 0.297359 -0.527647 0.311775 -0.042032 -0.000643 -0.000763 -0.000551 0.000789 0.009745 0.020231 0.010251 0.015119 -0.740700 -0.668030 -1.049583 -0.412288 -0.052352 -0.044722 -0.000637 0.000124 -0.000739 -0.007624 -0.007296 -0.011604 -0.078657 -0.229862 0.196822 -0.025499 0.033522
0.048815 -0.004801 0.286167 0.133510 0.124833 0.080805 0.070426 0.043647 -0.215089 -0.000602 -0.000836 -0.000614 -0.000935 0.042573 0.042433 -0.066624 -0.286436 -0.200218 -0.248902 -0.015910 -0.013984 0.039700 -0.002605 -0.011176 -0.100784 -0.190174 -0.203951 -0.219489 -0.876505 0.050068 -0.193160 0.199511 -0.011692 -0.012752 -0.024141 -0.001364 -0.000933 0.000414 0.008775 0.000212 -0.000114 -0.738353 -0.649536 -0.996545 -0.392175 -0.535750 -0.003983 0.000020 0.000136 -0.000607 -0.021307 -0.027403 -0.028942 0.580655 -0.054182 0.330554 0.038991 0.588186
0.173154 0.170142 0.697184 0.229067 0.160689 0.125778 0.130916 0.073731 -0.202267 -0.151175 -0.089014 -0.178250 -0.000746 0.131408 0.075374 -0.657898 -0.250865 -0.252189 -0.303166 -0.023419 -0.111933 0.036292 -0.108857 -0.213193 -0.128117 -0.146049 -0.147502 -0.172761 -0.149736 0.099583 0.098895 -0.080425 -0.017035 -0.021735 -0.039250 -0.027882 -0.001273 -0.000591 -0.000022 -0.000102 0.000054 -0.635985 -0.594024 -0.943284 -1.032408 -0.447151 0.000073 0.000000 -0.000070 -0.009472 -0.223377 -1.367787 1.142997 0.698965 0.010234 0.527497 -0.143638 0.916442
0.124141 0.069745 0.174999 0.123697 0.074362 0.030964 0.041725 0.019058 -0.109032 -0.264287 -0.669648 -0.442383 0.054566 0.107898 0.055922 -0.203040 -0.324401 -0.347934 -0.441372 -0.044331 -0.031559 0.252305 -0.009928 -0.142887 -0.126491 -0.161422 -0.060080 -0.054121 -0.092984 0.000000 0.000000 -0.013949 -0.073154 -0.066965 -0.484868 -0.055243 -0.008196 -0.005268 -0.010351 -0.000685 -0.000100 -0.646606 -0.677435 -1.099756 -0.678538 -0.534830 -0.000151 -0.004212 -0.008252 -0.403272 0.603881 -0.414793 1.095757 0.000000 0.069934 0.993850 0.132729 1.411235
0.007255 0.001222 0.062810 0.053079 0.028038 0.005757 0.020206 0.008119 0.005816 -0.106280 -0.435269 -0.202070 0.009655 0.010307 -0.020427 -0.056307 -0.336783 -0.513534 -0.690522 -0.068754 -0.047350 0.112960 0.051835 -0.093096 -0.157658 -0.056448 -0.039013 -0.231571 -0.177391 -0.001325 -0.006410 -0.028091 -0.031519 -0.701266 -0.538886 0.078615 -0.001608 -0.026054 -0.031228 -0.002235 -0.000940 -0.262145 -0.394004 -0.727478 -0.785310 -0.708692 -0.018886 -0.007710 -0.017935 -0.131486 0.731102 -0.092418 1.105698 -0.009769 0.000731 0.044550 0.018675 0.013172
-0.012608 -0.003956 0.096549 0.079682 0.038825 0.004171 0.057300 0.031506 0.012878 0.029641 0.471162 0.277487 -0.039354 -0.080546 -0.087325 -0.024832 -0.311338 -0.593869 -0.817521 -0.530975 -0.034146 0.000441 0.153944 0.081487 -0.050214 -0.034278 -0.048408 -0.753388 -0.122303 -0.000840 -0.019574 -0.512041 0.097189 -0.689504 0.007004 0.007944 0.007004 -0.002134 -0.069892 -0.024548 0.225949 -0.104663 -0.284568 -0.664070 -0.639501 -1.706593 -0.072916 -0.007951 -0.025543 -0.024973 0.742251 0.174543 1.147816 -0.369276 0.000097 0.001266 0.010213 0.005097
-0.004227 0.054992 0.098569 0.083841 0.041512 0.195536 0.137950 0.116723 0.046842 0.118838 0.162691 0.125925 0.315004 -0.072849 -0.203584 -0.124766 -0.210837 -0.643175 -0.891547 -0.638512 -0.012852 -0.000025 0.000000 0.000066 -0.012032 -0.001843 0.002870 -0.340658 -0.741979 -0.011179 -0.006426 0.000516 0.000388 -0.424970 0.000000 0.000000 0.000065 0.000001 -0.448756 -0.140883 0.315522 0.001647 0.000664 -0.538983 -0.412970 -1.687014 -0.533917 -0.317735 -0.559573 -0.004409 0.693299 0.568823 1.679547 -0.111305 -0.008700 0.000252 0.000360 0.001154
0.026670 0.051008 0.174351 0.071215 0.039880 0.065348 0.031807 0.021865 0.008210 0.034669 0.068701 0.033256 0.045724 -0.039616 0.016131 -0.079981 -0.188386 -0.701450 -1.393421 -1.205736 -0.313812 -0.024295 -0.005367 -0.000520 0.019655 0.135519 0.131502 0.017451 -0.695061 -0.376694 -0.003058 -0.001493 -0.000476 -0.388316 -0.005342 -0.005378 -0.000547 -0.000037 -0.247182 0.144969 0.199343 0.000683 -0.000156 -0.279502 -0.288924 -1.137044 -0.489169 -1.233146 -0.309402 -0.073239 0.559554 0.743303 1.941342 -0.065127 -0.001186 0.000063 0.000031 0.000337
0.004431 0.042552 0.141855 0.065156 0.002578 0.002747 0.002230 0.001016 0.000248 0.000322 0.105312 0.000767 0.009183 0.034442 0.192022 0.000748 -0.014783 -1.106942 -1.204230 -1.100713 -0.268581 -0.171888 0.142600 0.002641 0.008187 0.021667 0.014829 0.024480 -0.433416 -0.268862 -0.346581 -0.001176 -0.040226 -0.879901 -0.020897 -0.013949 -0.004640 0.000183 0.038747 0.329349 0.022711 -0.001278 -0.011756 -0.161463 -0.546422 -0.730117 -0.362890 -0.637843 -0.069044 0.100662 0.510240 0.912038 1.812530 -0.002542 0.007354 -0.000215 -0.000167 -0.000195
-0.001599 0.052040 0.002433 0.003637 0.003179 0.001038 0.000262 0.000052 -0.000149 0.000130 0.092620 0.001169 0.001298 0.023745 0.126852 0.001910 -0.004799 -1.153275 -1.441140 -1.320007 -0.284131 -0.210907 0.205228 0.005603 0.000626 0.008624 0.006411 0.016594 -0.077636 -0.027957 -0.281694 -0.175043 -0.808627 -0.849757 -0.327487 -0.020923 -0.014253 0.000554 0.008357 0.017636 0.001302 -0.013591 -0.022214 -0.144855 -0.799263 -1.082738 -0.154116 -0.131439 0.271782 0.254031 0.082928 0.624024 1.263121 0.000239 -0.000095 -0.001247 -0.007911 -0.000380
