use_cases/Flooding_chicago/flooding_data/output/hUy_1440.asc
ncols 337
nrows 393
xllcorner 428428.000000
yllcorner 4602440.000000
cellsize 26.757400
NODATA_value -9999.000000
[rows 156 to 181 of 393, columns 116 to 173 of 337]
0.003810 0.002605 0.000000 -0.000097 0.078560 0.481810 0.208445 0.036803 0.000863 -0.005683 -0.001848 0.177784 1.149714 0.522035 0.000000 -0.197479 -0.479370 -0.324525 -0.265568 -0.186060 -0.146994 -0.647426 -0.033253 -0.004111 0.004366 0.007943 -0.000041 -0.001079 -0.000995 -0.000580 -0.006670 0.000330 -0.019036 0.123144 -0.030735 0.199741 -0.044213 -0.254388 0.000460 0.000022 -0.156395 0.043135 -0.264992 0.077016 0.603055 0.224575 -0.091228 -0.324687 0.160489 -0.062981 0.329201 0.054105 0.184295 0.354593 0.605791 0.000000 0.000000 0.001624
0.001686 -0.001455 -0.001495 0.132767 0.199477 0.605830 0.163840 0.107591 0.016355 -0.009666 0.716018 0.332466 0.316296 0.227568 0.407235 -0.088036 -0.369234 -0.284147 -0.231724 -0.301732 -0.125887 -0.261990 0.120325 -0.000893 -0.000011 -0.000407 -0.009917 -0.012451 -0.008480 -0.010192 -0.028381 0.599144 0.476248 0.151338 -0.273231 0.201616 -0.535343 -0.513702 0.053586 -0.144372 0.000851 0.168338 0.170630 0.231673 0.230762 0.082815 0.048705 -0.102931 0.039804 -0.225615 0.334201 -0.594900 -0.315912 0.540826 1.423510 0.105457 0.131739 0.508873
-0.092080 -0.004027 -0.001753 0.184338 0.196218 0.132686 0.000067 0.000000 0.000000 -0.004795 1.080469 0.017264 0.019431 0.036135 0.027106 -0.166418 -0.424037 -0.202610 -0.543488 -0.301748 -0.481785 0.023306 0.950573 -0.012148 -0.006815 -0.004331 -0.017060 -0.040836 -0.032754 -0.021045 -0.334132 0.933165 0.440520 0.042374 -0.258961 0.404066 -0.693357 -0.600700 0.361607 -0.125420 0.001527 0.338909 1.515143 0.379392 0.262943 -0.112122 -0.002213 -0.050096 -0.040401 -0.357131 -0.037172 -1.123346 -1.165446 0.735379 2.478670 0.574085 0.885261 1.757608
-0.003236 -0.002771 -0.103060 0.455422 0.132797 0.074602 -0.000464 -0.005350 -0.011534 0.558675 0.485969 0.011372 0.014963 0.002438 0.000662 0.000283 -0.449275 -0.524872 -0.575690 -0.820899 -0.838774 0.304759 1.775357 0.733187 -0.027920 -0.012139 -0.018664 -0.638643 -0.430075 -0.298502 -0.261259 0.728379 0.298963 -0.045829 -0.106038 0.801898 -0.766509 -0.495709 0.594865 0.023732 0.361981 0.493230 1.399292 0.023552 0.025678 -0.279572 0.415255 0.161767 0.256835 -0.533614 -0.228693 -1.453901 -1.480768 1.059223 3.364106 1.039778 1.056712 1.788038
0.010005 -0.111032 -0.196334 0.255581 0.119036 0.087957 0.000107 0.045661 -0.297917 0.412954 0.000064 0.001541 0.001749 0.001413 0.000096 -0.000113 -0.700951 -0.783162 -1.054032 -1.175498 -1.162245 0.528275 2.059153 1.123823 0.096677 -0.843287 -0.348311 -0.277388 -0.092396 0.010306 -0.236795 0.725742 0.188769 -0.073134 -0.107940 1.374737 -0.793577 -0.435133 0.870501 0.303490 0.705136 1.543249 0.058948 0.022264 0.019068 0.055562 0.044846 0.024960 1.078034 -0.075182 0.398221 -0.650783 -0.797401 2.309225 4.035304 1.531274 1.465654 0.682332
0.001839 -0.174709 -0.141437 0.152111 0.006855 0.006777 -0.025444 -0.000839 0.002945 0.214599 -0.000530 0.001438 0.002164 0.000604 -0.000253 0.054523 -0.512986 -0.561340 -1.059745 -0.953757 -1.010472 0.996559 2.708656 1.175340 0.462670 0.171560 -0.028141 -0.023382 0.089589 0.214955 0.030583 0.967712 0.271378 0.145692 0.019510 1.744980 -0.790290 -0.649750 1.868602 0.708151 0.722063 1.387567 0.047457 0.024683 0.013329 0.032246 0.033451 0.020369 0.062547 0.200745 1.211761 0.135978 0.127300 0.039626 0.027828 0.029197 0.275999 0.917644
0.002491 0.000665 -0.214821 0.007597 0.000555 0.000396 0.000288 -0.000315 0.003059 0.134279 -0.000187 0.000222 -0.000742 -0.000394 -0.000307 0.170624 -0.121745 -0.427636 -0.880966 -0.634966 -0.470289 2.004410 2.973725 0.854016 0.105477 0.288137 0.439417 0.427616 0.513538 0.700830 0.543997 1.196939 0.888855 0.067043 0.531423 2.275239 -0.373415 -0.494892 2.416301 0.178291 0.140361 0.193410 0.039469 0.017305 0.011499 0.007360 0.019901 0.005938 0.076939 0.169739 0.397968 0.159175 0.042418 0.050506 0.013126 0.023111 0.032032 1.089592
-0.000697 -0.000382 -0.226437 -0.000013 -0.000401 -0.000330 0.000062 0.001328 0.002473 0.093869 -0.000005 -0.000222 -0.000664 -0.006715 -0.001594 0.315639 0.171444 -0.305477 -0.786955 0.535223 0.031833 0.022522 0.027285 0.017665 0.029719 0.091203 0.093930 0.175844 0.208376 0.449681 0.371220 0.266523 0.045966 0.077684 0.054348 3.554554 0.059681 0.475914 0.032631 0.044226 0.070042 0.232082 0.080355 0.007236 0.000193 0.003663 0.006318 0.000744 0.084482 0.234562 0.335834 0.036885 0.036935 0.045843 0.016179 0.011589 0.025966 0.733507
-0.000761 -0.084499 -0.157018 -0.007334 -0.011973 -0.011945 -0.001357 0.000205 0.000284 0.000826 -0.014922 -0.015900 -0.009446 -0.026796 -0.000935 0.310620 -0.038047 -0.306463 -0.241267 0.004043 0.006020 0.010697 0.005878 0.005878 0.043867 0.053643 0.061843 0.172102 0.281171 0.385093 0.361309 0.197665 0.072488 0.079823 0.025599 1.487582 0.545181 0.039728 0.009802 0.009943 0.004308 0.183426 0.111006 0.001472 -0.000074 0.000000 0.000000 0.002848 0.147922 0.278346 0.141182 0.028104 0.026789 0.032246 0.010887 0.001853 0.007114 0.482590
-0.011413 -0.174797 -0.165160 -0.096382 -0.072166 -0.051783 -0.009541 -0.000753 -0.000449 -0.000408 -0.020898 -0.066412 -0.051872 -0.285722 0.152495 0.382429 -0.201941 -0.363002 0.264715 0.000000 0.000000 0.000000 0.000000 0.000000 0.040990 0.018560 0.013935 0.109397 0.287522 0.341512 0.352089 0.118972 0.055435 0.057563 0.025187 1.044523 0.826952 0.065643 0.000000 0.000003 0.000208 0.045678 0.151534 0.009306 0.001171 0.004143 0.005564 0.029924 0.208322 0.190166 0.068067 0.023796 0.007009 0.020194 0.001167 0.001966 0.000215 0.668089
-0.015382 -0.148127 -0.198636 -0.420243 0.136124 -1.133127 -0.027353 -0.014580 -0.004584 -0.013139 -0.029262 0.187919 -0.471466 0.169060 0.486374 0.148678 -0.309913 -0.095795 0.570360 0.196048 0.106898 0.015376 0.022545 0.092330 0.001293 0.012660 0.006698 0.006698 0.174186 0.351500 0.386568 0.001560 0.010322 0.017895 0.020394 0.824077 0.646728 0.272543 -0.013419 -0.007076 -0.000326 0.036259 0.068201 0.062473 0.010698 0.018518 0.023036 0.032241 0.166988 0.088064 0.097221 0.005157 0.002064 0.009877 0.001793 0.005098 0.705860 0.441287
-0.004199 -0.051852 -0.215044 -0.199748 0.439110 -0.467244 0.382994 -1.250039 -0.032542 -0.022150 0.041199 0.353662 0.063042 0.360282 0.344461 -0.151084 -0.556709 0.198565 0.046911 0.083913 0.137624 0.015905 0.002517 0.025043 0.003167 0.000229 0.000360 0.000360 0.000239 0.458116 0.508323 0.000623 0.000746 0.000919 0.012396 0.298303 0.486363 0.495609 0.171845 -0.050760 -0.000481 0.009632 0.020532 0.030881 0.053153 0.011098 0.026392 0.018985 0.071142 0.074118 0.099743 0.033602 0.007163 0.002532 0.017034 0.034656 1.009713 0.180081
-0.171104 -0.378220 -0.021171 -0.071703 0.421441 -0.128641 0.894036 -0.782332 -0.253009 -0.489096 0.156402 0.334778 0.208480 0.488485 0.196677 -0.441487 -0.136716 0.008169 0.002368 0.025764 0.127591 0.055039 0.000039 0.000454 0.000672 -0.000093 -0.000360 -0.000360 -0.000179 0.544059 0.908523 -0.000161 0.000140 0.001003 0.001248 0.006933 0.507964 0.504144 0.301677 -0.033458 0.002787 0.001771 0.002528 0.004020 0.018432 0.000912 0.008464 0.022412 0.039907 0.023279 0.080591 0.050482 0.027519 0.005044 0.012765 0.005678 0.543929 0.410694
-0.301061 -0.128295 -0.251180 -0.184478 0.358590 -0.020843 1.109107 -0.580943 0.506073 -0.433294 0.240535 0.390912 0.469953 0.606990 -0.115028 -0.131002 0.052853 0.038055 0.041410 0.005693 0.046187 0.470718 -0.000495 -0.000602 -0.000837 -0.000778 -0.014820 -0.004488 -0.018812 0.328514 0.784632 -0.000465 -0.000594 0.001522 0.004090 0.022961 0.504904 0.584175 0.529921 0.060972 0.012955 0.004858 0.003239 0.002565 0.001342 0.000653 0.000207 0.004033 0.035703 0.019526 0.060334 0.024141 0.020927 0.016456 0.000994 0.001198 0.369146 0.322932
0.162495 -0.002576 -0.419669 -0.593971 0.418357 -0.119591 1.853935 -0.709489 1.268152 -0.694130 0.298755 0.363466 0.486261 0.497375 -0.382815 0.560736 0.201165 0.166450 0.168603 0.115806 0.054958 0.436282 0.496873 -0.006887 -0.000785 -0.000498 0.077294 -0.066644 0.078444 0.323564 0.877396 0.345884 0.030514 0.008076 0.027858 0.091705 0.190918 0.230518 0.387519 0.245057 0.039202 0.011474 0.007765 0.007674 0.005694 0.001949 -0.000070 0.000356 0.017205 0.010214 0.033808 0.004014 0.011426 0.005155 0.000101 0.006993 0.170288 0.261706
0.327885 -0.021380 -1.112224 -0.762041 0.354878 -0.016003 2.475210 -0.477243 1.972068 -0.671909 0.453320 0.567290 0.778134 0.879660 -0.499537 0.021507 0.023288 0.029929 0.064821 0.086563 0.110698 0.128898 0.695044 -0.176787 0.022680 0.001967 0.013923 -0.012449 0.282975 0.212146 0.698389 0.044022 0.016132 0.011911 0.043243 0.009377 0.097110 0.128706 0.137855 0.166493 0.169570 0.057533 0.043073 0.045696 0.037867 0.009404 0.000559 -0.000166 0.000000 0.000000 0.000000 0.000000 0.000187 0.000003 -0.000335 0.021222 0.047682 0.311644
0.429278 0.003981 -0.827291 -0.376155 0.602890 0.274678 3.091705 0.075610 2.652137 -0.495297 0.749986 0.830698 1.016832 1.285364 0.038904 0.004775 0.000271 0.007575 0.012858 0.015077 0.010481 0.000443 0.608248 0.416173 0.010711 0.002856 0.015000 0.003700 0.558551 0.399003 0.057002 0.026243 0.009867 0.011588 0.040209 0.003332 0.207814 0.227571 0.006563 0.072528 0.047858 0.070658 0.046437 0.068673 0.065999 0.060700 0.001654 0.000923 -0.008334 -0.014318 -0.004329 -0.003252 -0.000544 0.000605 0.197741 0.111972 0.202170 0.081098
0.557209 0.030121 -0.665593 -0.547718 0.811985 0.040029 0.005488 0.018572 3.104756 -0.138298 1.122198 0.160241 1.208597 2.701095 0.719454 0.000488 -0.000082 0.000013 0.000356 0.000356 0.000013 0.085925 0.397360 0.313829 0.001333 0.002412 0.003394 0.015189 0.274828 0.272539 0.040560 0.013221 0.003009 0.004224 0.029606 0.032809 0.186505 0.158712 0.017735 0.032111 0.034671 0.057808 0.045090 0.038614 0.016015 0.031449 0.003493 0.004040 -0.054456 -0.067421 -0.003215 -0.002748 -0.001649 0.002815 0.101170 0.078115 0.039808 0.157596
0.539456 -0.132554 -0.998928 -0.304787 0.009405 0.000000 0.000000 0.004907 2.016418 0.026559 0.036391 0.082961 0.222529 1.099710 1.199410 0.004341 -0.000819 -0.008389 -0.000598 -0.000598 0.000080 0.718092 0.360552 0.045019 0.016981 0.003511 0.018368 0.015667 0.169650 0.224264 0.069060 0.001030 0.004555 0.009215 0.017194 0.028065 0.108619 0.113487 0.026601 0.023504 0.027188 0.029751 0.011976 0.024197 0.000658 0.000552 -0.000060 0.002970 -0.023310 -0.032723 -0.001822 -0.001694 -0.000129 0.008766 0.060157 0.039374 0.015365 0.025336
0.511074 0.036098 -0.913151 0.048186 0.001670 0.000307 0.000346 -0.005549 4.389803 0.021685 0.000000 0.113660 0.082332 0.078348 1.489007 0.030173 -0.001025 -0.020954 -0.008364 -0.013484 0.004410 0.411895 0.102058 0.022013 0.010102 0.011703 0.009631 0.007618 0.019413 0.155763 0.191089 -0.000344 0.000642 0.008389 0.004831 0.010104 0.056126 0.045612 0.016347 0.010517 0.004987 0.000356 0.000656 0.000331 -0.000790 -0.002049 -0.004723 0.000000 -0.022407 -0.024621 -0.001182 -0.001156 -0.001068 0.004619 0.001135 0.008504 0.001397 0.010698
0.053882 1.212276 0.091847 0.013452 0.002474 0.002236 0.002331 -0.005453 2.658373 0.052357 0.031071 0.178281 0.113201 0.587791 1.361867 0.089080 -0.011497 -0.033162 -0.023873 -0.014382 0.006271 0.038848 0.157903 0.003144 0.002861 0.012680 0.000502 0.004064 0.009408 0.000388 0.171218 0.154220 -0.002281 0.000954 0.009061 0.023004 0.008839 0.000251 0.000332 0.000222 0.000215 -0.000408 -0.000869 -0.000809 -0.031570 -0.031646 -0.037965 -0.008279 -0.010217 -0.063293 -0.051975 -0.012169 -0.003820 0.000156 0.000555 0.000000 0.000731 0.000720
0.016598 0.073409 0.050851 0.002598 0.000672 0.001640 0.001804 0.073891 1.515939 0.071056 0.371896 0.472877 0.163899 0.690572 1.639782 0.454025 -0.159167 -0.191086 -0.013169 -0.000897 0.000333 0.002030 0.168300 0.007648 0.002424 0.000007 0.000377 0.000415 0.000401 0.000309 0.056447 0.149039 -0.016348 -0.001921 0.011647 0.028612 0.016431 0.000474 0.000060 -0.000222 -0.005377 -0.019082 -0.017134 -0.009403 -0.062807 -0.052809 -0.040754 -0.241733 -0.014535 -0.180112 -1.259393 -0.038261 -0.011665 -0.001093 0.001116 0.001964 0.001941 0.002218
0.006028 0.008429 0.007746 0.006851 0.000619 0.003368 0.004100 0.159968 1.127698 0.257555 0.513464 0.652393 0.120011 0.489942 1.294271 0.440893 -0.144099 -0.020946 -0.000330 -0.000004 0.000102 0.004260 0.045701 0.023369 0.009998 0.038331 0.000497 0.000422 0.000452 -0.000044 -0.000001 0.133289 -0.193412 0.000389 0.035672 0.067545 0.058007 0.001474 -0.000353 -0.006549 -0.028889 -0.039737 -0.024807 -0.292214 -0.369027 0.432213 0.559416 0.046038 -0.883317 -0.212419 -0.563940 -0.297359 0.008114 -0.000584 0.000323 0.000971 0.001310 0.013117
0.000375 0.000289 -0.000804 -0.002137 0.000628 0.013617 0.016146 0.018447 0.759747 0.232653 1.199186 1.010320 0.136071 0.345005 1.216466 0.627568 0.222026 0.040366 -0.000026 -0.000619 -0.013394 -0.000489 0.000057 0.000808 0.004401 0.022779 0.001149 -0.000236 -0.000007 -0.000338 0.072077 0.045781 -0.175542 0.032539 0.009392 0.013802 0.019516 0.003283 0.000039 -0.014652 -0.109929 -0.402162 0.188630 0.221540 0.167935 0.433919 0.337480 0.078868 -0.796379 -0.279329 -0.546054 -0.169718 0.025036 0.000266 0.000904 0.001986 0.002320 0.010393
0.000219 0.000199 -0.006430 -0.007005 -0.000107 0.006318 0.003663 0.008402 0.175253 0.211766 1.618729 1.427990 0.123837 0.260654 0.809630 0.505189 0.404366 0.170667 0.077311 -0.004344 -0.049543 -0.008442 -0.007290 -0.000529 0.000287 0.006324 0.000276 -0.000518 -0.007581 -0.000418 0.027496 -0.138620 -0.142775 0.006931 0.000370 0.000473 0.000965 0.004825 -0.000255 -0.001609 0.057340 -0.321863 0.172467 0.383825 0.416143 0.008810 0.008990 0.135828 -0.662334 -0.463664 -0.593990 -0.155840 0.171786 0.020085 0.001802 0.003141 0.003840 0.001545
-0.000219 -0.000047 -0.203523 0.046923 -0.000233 0.000000 0.000000 0.000072 0.007537 0.037304 2.054147 2.033355 0.396844 0.367843 0.554014 0.059237 0.163178 0.324470 0.054292 0.023354 -0.041897 -0.014575 -0.017578 -0.005058 -0.000169 0.000222 -0.000621 -0.008318 -0.020465 -0.002190 -0.158959 -0.142486 0.000478 0.000169 0.000308 -0.000270 -0.000000 0.000270 -0.001046 0.065304 0.195764 0.055843 0.138398 0.436821 0.014057 0.002517 0.001691 0.247406 -0.732215 -0.377569 -0.528543 -0.136716 0.113461 0.010175 0.001758 0.004055 0.003077 0.001289
