use_cases/Flooding_chicago/flooding_data/output/hUy_1560.asc
ncols 337
nrows 393
xllcorner 428428.000000
yllcorner 4602440.000000
cellsize 26.757400
NODATA_value -9999.000000
[rows 130 to 155 of 393, columns 116 to 173 of 337]
-0.032063 -0.175574 0.002787 0.001758 -0.016555 -0.622438 -0.254627 0.330496 0.299172 -0.183782 -0.146776 -0.249740 -0.086264 -1.128179 -2.219975 -1.305961 -0.147326 -1.652936 -0.256010 0.137712 0.059524 -0.246559 -0.246766 0.000856 -0.000310 0.126771 -0.604454 -0.145580 -0.025668 -0.046396 -0.068504 0.000222 -0.021275 -0.140815 -0.027037 -0.024564 -0.016392 -0.013556 -0.000240 -0.000150 0.000000 0.000000 -0.000069 -0.000066 0.000047 0.000146 0.003159 0.212881 0.222381 0.033633 0.016924 0.027931 0.036739 0.025822 0.030516 0.026455 0.025516 0.033730
-0.049915 -0.206329 0.004094 0.002577 0.012356 -0.529306 -0.239599 0.370926 0.184849 -0.157721 -0.138380 -0.168382 -0.104246 -1.055661 -1.609556 -1.205456 -0.177384 -1.481650 -0.414319 0.067917 -0.008460 -0.189324 -0.144648 -0.000651 -0.000450 0.142131 -0.407510 0.009972 -0.215107 -0.023313 -0.037486 -0.000222 -0.005101 -0.035787 -0.472828 -0.058716 -0.049524 -0.014739 -0.014085 -0.001442 -0.010881 -0.009050 -0.015672 -0.006182 -0.000443 0.000124 0.007547 0.112571 0.107971 0.037147 0.016290 0.018832 0.031351 0.017934 0.029764 0.012587 0.013969 0.001976
-0.119819 -0.228893 0.001614 0.001359 0.000552 -0.519006 -0.225520 0.371903 0.275839 -0.143236 -0.079682 -0.132651 -0.110375 -0.974172 -1.472451 -0.925843 -0.155768 -1.018209 -0.394254 0.019889 -0.108772 -0.286423 -0.169403 -0.077015 -0.099020 0.208369 -0.320849 0.055395 -0.104991 0.021140 -0.116044 -0.006412 -0.002955 -0.220059 -0.209541 -0.290440 -0.060905 -0.032890 -0.026769 -0.009448 -0.017085 -0.020062 -0.036573 -0.023542 -0.041512 0.000000 0.002823 0.030260 0.065357 0.033063 0.000605 0.007410 0.014215 0.009476 0.016527 0.000347 0.000008 -0.000173
-0.311999 -0.332611 -0.003995 -0.002378 -0.000643 -0.289409 -0.089339 0.388464 0.158398 -0.072467 -0.051071 -0.047387 -0.085028 -1.021459 -1.666960 -0.806458 -0.125820 -0.841418 -0.330921 0.027693 -0.131469 -0.246631 -0.124629 -0.066409 -0.079972 0.213636 -0.276932 0.028264 -0.109758 0.026029 -0.072411 -0.033924 -0.004883 0.001621 -0.195120 -0.176905 -0.442811 -0.071714 -0.029890 -0.015948 -0.018227 -0.026822 -0.037910 -0.041595 -0.097745 -0.027475 -0.000329 0.002676 0.024995 0.011018 0.000294 0.000093 0.000091 0.000000 0.000000 -0.000178 -0.005152 -0.021789
-0.477995 -0.452448 -0.004670 -0.002528 -0.010372 -0.159339 -0.008610 0.172870 0.123796 -0.054747 -0.033510 -0.004488 -0.007441 -0.883043 -1.475220 -0.965221 -0.129226 -0.671082 -0.164446 0.063631 -0.161428 -0.305512 -0.114865 -0.050813 -0.083581 0.080646 -0.206184 -0.010094 -0.135035 0.012822 -0.014234 -0.009533 -0.004257 -0.000000 0.001359 0.000436 -0.328231 -0.618352 -0.032650 -0.017867 -0.019124 -0.048479 -0.010731 -0.049598 -0.135564 -0.099359 -0.010401 -0.000201 0.000102 0.000098 -0.000002 -0.000144 -0.000852 -0.011185 -0.008591 -0.010178 -0.016174 -0.044499
-0.254168 -0.414855 -0.163215 -0.109868 -0.079594 0.062483 0.132908 0.128308 0.112015 -0.152831 -0.093280 -0.006709 0.026346 -0.624606 -1.323766 -0.919317 -0.318701 -0.648994 -0.118541 0.005225 -0.183810 -0.295299 -0.149559 -0.099369 -0.058918 -0.017650 -0.206407 -0.032262 -0.136374 0.018288 0.017926 0.000000 -0.004538 -0.001809 0.050665 -0.006775 -0.284714 -0.469998 -0.074964 -0.031699 -0.037330 -0.045133 -0.021408 -0.053943 -0.179916 -0.155679 -0.033143 -0.000688 -0.000224 -0.001324 -0.013548 -0.009763 -0.008292 -0.023369 -0.016079 -0.022101 -0.026321 -0.027809
-0.001194 -0.260973 -0.150005 -0.242860 -0.039771 0.368763 0.178526 0.193606 0.064252 -0.177440 -0.102384 0.024453 0.045748 -0.583386 -0.833108 -0.621167 -0.291639 -0.574542 -0.123892 -0.031215 -0.207871 -0.362229 -0.191408 -0.133882 -0.189503 -0.150075 -0.192470 -0.075958 -0.083536 0.065649 0.001031 -0.006004 -0.077976 -0.051788 0.294583 0.124744 -0.290909 -0.322186 -0.096096 -0.010635 -0.014080 -0.014167 -0.040214 -0.028310 -0.589788 -0.571430 -0.018242 -0.000737 -0.009146 -0.006060 -0.071885 -0.018567 -0.025213 -0.015883 -0.020873 -0.024678 -0.021256 -0.028967
-0.112210 -0.117995 -0.068344 -0.349232 0.094314 0.123669 0.182529 0.232337 0.006069 -0.144928 -0.094668 0.040954 0.047233 -0.414341 -0.767798 -0.560727 -0.331233 -0.441010 -0.102582 -0.040834 -0.111530 -0.290703 -0.221633 -0.114242 -0.210942 -0.245424 -0.224233 -0.101731 -0.105279 0.000362 0.000912 -0.472225 0.109268 0.097888 0.504798 0.109580 -0.269050 -0.290068 -0.157723 -0.007388 -0.007739 -0.005319 -0.008722 -0.001304 -0.519296 -0.376662 -0.002237 -0.018680 -0.019630 -0.008884 -0.112770 -0.029950 -0.020593 -0.036064 -0.026386 -0.031747 -0.032916 -0.065243
-0.271072 -0.158726 -0.134524 -0.126521 -0.012693 0.125845 0.174037 0.268648 -0.061184 -0.161938 -0.128334 0.049445 0.050836 -0.380534 -0.615850 -0.590033 -0.304310 -0.575075 -0.056974 -0.033334 -0.091024 -0.287338 -0.183983 -0.037399 -0.158275 -0.307358 -0.263298 -0.106035 -0.096235 -0.015225 0.094136 -0.171354 0.128352 0.134999 0.546020 0.047934 -0.278096 -0.305907 -0.242599 -0.003447 -0.030766 -0.025022 -0.005612 0.008186 -0.320718 -0.233517 -0.272108 -0.549226 -0.037201 -0.027359 -0.096063 -0.061748 -0.015655 -0.059728 -0.054440 -0.020093 -0.030663 -0.281979
-0.174009 -0.114778 -0.119275 -0.019880 -0.008799 0.119782 0.130536 0.325925 -0.146650 -0.163255 -0.146193 0.060384 0.057163 -0.360947 -0.412249 -0.364282 -0.329648 -0.571184 -0.046433 -0.029318 -0.049526 -0.207230 -0.085353 -0.002194 -0.017546 -0.221725 -0.228345 -0.239336 -0.185939 0.179151 0.262356 0.002984 0.165361 0.287311 0.808740 -0.012417 -0.298579 -0.082576 -0.212341 -0.134038 -0.060341 -0.369475 -0.082014 -0.018833 -0.154674 -0.325558 -0.190096 -0.345406 -0.551389 -0.031590 -0.063419 -0.089100 -0.704049 -0.724972 -0.747303 -0.013500 -0.010801 0.023530
0.000002 -0.038726 -0.077619 -0.032458 0.164733 0.207089 0.160402 0.360689 -0.206087 -0.185882 -0.155702 0.072622 0.064809 -0.332229 -0.375425 -0.369823 -0.335368 -0.391751 -0.015498 -0.003597 -0.031520 -0.080617 -0.038561 0.051692 0.003073 -0.162242 -0.136028 -0.208323 -0.072218 0.235315 0.289174 0.222872 0.323555 0.340298 0.863911 0.046318 -0.120862 0.278804 -0.008670 -0.260528 -0.042989 -0.068589 -0.031003 -0.203696 0.033966 -0.258775 -0.200355 -0.354957 -0.471510 -0.378000 -0.329192 0.261600 1.068103 0.507509 -0.431539 -0.626746 -0.004905 2.009197
-0.007320 -0.036743 -0.136172 -0.002972 0.215320 0.141552 0.085407 0.096005 -0.121285 -0.189613 -0.193049 0.079150 0.105198 -0.352512 -0.336751 -0.422609 -0.453155 -0.298298 -0.006619 -0.005504 -0.007160 -0.042525 0.033510 0.116277 0.032066 -0.016787 0.152684 -0.015917 0.097037 0.416476 0.391193 0.601333 0.607470 0.561277 0.013354 0.021523 0.658190 0.012505 0.021731 0.026776 0.236584 0.358141 -0.021871 -0.535618 0.415754 -0.081618 -0.229536 -0.112366 -0.480414 0.188895 0.556096 0.455764 0.367840 0.297413 -0.865879 -1.027986 -0.003020 0.410475
0.036319 0.063749 0.571884 0.104596 0.407916 0.041010 0.005631 0.042877 -0.016095 -0.178456 -0.173766 0.032488 -0.006123 -0.272304 -0.309742 -0.297573 -0.414846 -0.274786 -0.007433 -0.043562 0.028542 -0.023750 0.030391 0.218564 0.140438 0.097124 0.574508 0.335320 0.716893 0.598214 0.063871 0.046733 0.070552 0.022981 0.013223 0.006653 0.052250 0.012288 0.009545 0.012849 0.022598 0.038625 0.024623 -0.031946 0.503568 0.045007 -0.075272 0.295826 -0.154944 0.370707 0.505049 0.006947 0.001588 0.001272 -0.627319 -1.132848 0.022148 0.183330
0.175853 0.191664 0.628825 0.226635 0.295881 -0.073282 -0.071748 0.019796 0.063424 -0.040857 -0.113682 -0.059428 -0.065215 -0.284964 -0.290629 -0.225954 -0.306113 -0.226768 -0.018676 -0.004107 0.056382 -0.010986 0.007650 0.510401 0.060321 0.063327 0.088002 0.150501 0.135438 0.134434 0.006225 0.044937 0.056487 0.010511 0.000600 0.001970 0.003101 0.001737 0.000080 0.000545 0.004741 0.032629 0.012752 0.031524 0.499740 0.098515 0.125910 0.317689 0.065775 0.100571 0.011144 0.001247 0.001030 0.001267 -0.197382 -0.728054 0.025385 0.184619
0.198203 0.041498 0.074662 0.034595 0.024173 -0.195503 -0.176231 0.109617 0.070680 0.018624 -0.007538 -0.042127 -0.129540 -0.289674 -0.262775 -0.216715 -0.274105 -0.094221 0.001526 0.017442 0.119851 -0.003941 0.002063 0.012394 0.029131 0.024031 0.053046 0.072231 0.059201 0.036749 0.021628 0.020169 0.025358 0.001129 -0.000285 0.000108 0.003489 0.001574 -0.000510 0.000287 0.000408 0.019304 0.002065 0.000769 0.000780 0.011667 0.021217 0.363001 0.001454 0.000715 0.000554 0.000815 0.000918 0.015311 -0.045869 -0.578818 0.042375 0.160881
0.010190 0.000316 0.007136 0.029106 0.015753 -0.228089 -0.147728 0.307469 0.210670 0.091901 0.024958 0.119701 -0.162666 -0.470412 -0.376867 -0.175732 -0.255574 0.063345 0.101656 0.064136 0.000342 0.000021 0.000489 0.000326 0.013007 0.003111 0.021507 0.021873 0.130020 0.102897 0.010329 0.001728 0.001612 -0.000144 -0.008462 -0.001233 0.002925 0.001751 -0.000898 -0.000293 -0.000470 -0.000040 -0.000285 0.000272 0.002820 0.015410 0.039819 0.437873 0.006661 0.001208 0.000247 0.000331 0.001596 0.006838 0.029836 -0.381250 0.047676 0.127046
0.000000 -0.000015 0.036238 0.025123 0.013459 -0.146824 -0.066340 0.391966 0.323479 0.137061 0.054783 0.178401 -0.189123 -0.571155 -0.487218 -0.236576 -0.196775 -0.002199 -0.001520 -0.002475 -0.003667 -0.019334 -0.000201 -0.000208 -0.000003 0.001046 0.000690 0.009855 0.079026 0.083501 0.000681 0.000848 -0.001759 -0.003973 -0.007571 -0.021914 0.000360 0.000360 -0.001104 -0.000410 -0.018138 -0.011758 -0.027694 -0.003889 0.009052 0.012725 0.098512 0.146665 0.021121 0.003994 -0.000569 -0.000393 0.005030 0.002349 0.044444 -0.037930 0.085930 0.114426
-0.008618 -0.000274 0.084529 0.042245 0.021652 0.029642 0.131447 0.516472 0.343620 0.134376 0.212558 0.219131 -0.213276 -0.656487 -0.548545 -0.526613 -0.256470 -0.003663 -0.003122 -0.002623 -0.187953 -0.150892 0.197343 -0.014043 -0.021229 -0.001043 0.000657 0.001995 0.055356 0.038460 -0.000401 -0.002154 -0.002238 -0.017424 -0.044242 -0.076778 -0.000360 -0.000360 -0.000467 -0.000419 -0.044056 -0.034711 -0.129543 -0.003017 0.001572 0.042479 0.032085 0.033262 0.018398 0.012683 -0.007320 -0.040617 0.002174 0.002688 0.120872 0.037472 0.044761 0.020343
0.274340 -0.129585 0.098561 0.033630 0.008047 0.203134 0.305859 0.616978 0.335860 0.091213 0.048934 0.043356 -0.404054 -0.712616 -0.676150 -0.675284 -0.538354 0.021647 0.038300 -0.058163 -0.164088 -0.010922 0.300402 -0.034127 -0.045037 -0.010445 -0.000263 0.002530 0.017229 0.002901 -0.000973 -0.001694 -0.001876 -0.028813 -0.095251 -0.113147 -0.012421 -0.015495 -0.009159 -0.000867 -0.039355 -0.114973 -0.137448 -0.001368 0.001222 0.013608 0.006257 0.004913 0.025244 0.009703 -0.002329 0.101099 0.059407 0.101530 0.115800 0.025457 0.033796 0.014129
0.391625 -0.118973 -0.002784 -0.013780 -0.103068 0.654996 0.406301 0.732781 0.302082 -0.011331 -0.064250 -0.084062 -0.487707 -1.001712 -0.660037 -0.647236 -0.256872 0.000060 0.061370 -0.038732 0.002466 0.008713 0.452023 -0.490586 -0.522580 -0.027929 -0.006685 0.000488 0.000774 -0.001034 -0.016620 -0.014093 -0.002625 -0.021491 -0.089275 -0.149085 -0.074950 -0.024680 -0.021713 -0.011935 -0.000460 -0.080634 -0.156398 -0.169418 0.000044 0.000222 0.007444 0.007624 0.006851 0.000222 0.000103 0.412204 0.631244 0.487120 0.100929 -0.060079 -0.024610 -0.012651
0.457827 0.069331 0.018926 -0.027535 0.715674 1.039286 0.564775 0.792770 0.033247 -0.042703 -0.069346 -0.094698 -0.649730 -0.887601 -0.833246 -0.399361 -0.371041 -0.000373 0.000011 0.000228 0.003461 0.000000 0.058599 0.039986 0.009280 -0.058081 -0.014300 0.000048 0.001263 -0.000930 -0.038429 -0.043622 -0.024983 -0.005510 -0.023841 -0.137829 -0.807961 -0.743216 -0.022887 -0.024401 -0.001402 0.000665 -0.639010 -0.131045 0.000309 -0.000222 -0.000472 0.001258 0.001343 -0.000222 -0.000103 0.722486 0.568866 0.414820 0.263861 -0.033470 -0.225433 -0.203620
0.067750 0.000000 0.000000 0.313045 0.769188 0.969480 0.192845 0.664059 0.041239 -0.032728 -0.062765 -0.088290 -0.380622 -1.071232 -0.443175 -0.388192 -0.331430 -0.317724 -0.065627 -0.062314 0.000974 0.003270 0.000000 0.033705 0.016722 0.001037 0.000322 0.000182 0.000340 0.035847 -0.020678 -0.118140 -0.099250 -0.007836 -0.049868 -0.107030 -0.277299 -0.442057 -0.031672 -0.036165 -0.004585 0.000396 -0.271819 -0.140558 -0.000079 -0.003561 -0.007069 -0.005737 -0.005411 -0.011541 -0.028516 0.814646 0.695364 0.010390 0.005094 -0.043579 -0.156809 -0.695749
0.000000 -0.005237 0.089571 1.207643 0.152915 0.098729 0.084183 0.824786 0.182219 0.105303 0.004412 0.001964 -0.360307 -0.374885 -0.558332 -1.222222 -1.230629 -0.332634 0.119297 -0.109546 -0.001823 -0.003302 -0.009737 0.010243 0.003642 0.001880 0.000630 0.000245 0.000000 0.006522 -0.001042 -0.372645 -0.561048 -0.096463 -0.028652 0.091253 -0.044490 -0.318806 -0.593677 -0.017473 -0.006130 -0.001637 -0.268912 -0.187797 -0.001225 -0.004118 -0.006808 -0.006846 -0.004512 -0.198165 -0.203345 1.165049 0.711361 0.000000 0.000000 0.000072 -0.029427 -0.333800
-0.065033 0.022044 1.372412 1.693146 0.027382 0.056130 0.048776 0.180955 0.079158 0.047775 0.008486 0.002084 -0.219200 -0.230628 -0.209050 -0.866625 -1.265049 -0.259476 0.043257 -0.095190 -0.013730 -0.008749 -0.015054 0.001625 0.002399 0.000614 0.002144 0.000111 -0.000340 0.000332 0.010591 -0.154494 -0.342430 0.112951 0.121993 0.000938 0.075465 -0.259912 -0.904348 -0.008195 -0.006481 -0.002180 -0.202205 -0.899956 -0.152119 -0.158336 -0.056598 -0.003571 -0.002357 -0.354091 -0.057142 1.269791 1.054654 0.170659 -0.004136 -0.000142 0.132747 0.108450
0.051944 0.088286 0.468676 0.405901 0.059465 0.101428 0.095938 0.085027 0.000360 0.000360 0.004345 0.000207 -0.105696 0.192534 -0.127132 -0.730056 -0.606023 -0.271083 -0.156559 -0.133931 -0.010716 -0.006598 -0.013925 -0.000739 0.001269 0.001748 0.021142 -0.000202 -0.001265 0.000365 0.007824 -0.070689 -0.274726 0.039496 0.072448 0.000867 0.154085 -0.060390 -0.443743 -0.356358 -0.002555 -0.032272 -0.907002 -0.356141 -0.052417 0.091001 0.095547 -0.047027 0.246177 -0.572074 -0.016148 0.892571 0.942970 0.337190 -0.023402 0.484605 0.405854 0.938224
0.308569 0.004673 0.011879 0.000973 0.066409 0.405210 0.173972 0.077576 -0.000360 -0.000360 0.004630 -0.000913 -0.016481 0.553945 -0.039913 -0.480383 -0.554410 -0.297941 -0.243024 -0.184154 -0.017986 -0.088547 -0.009150 -0.005223 0.014914 0.015939 0.008289 -0.000607 -0.001145 -0.000362 -0.000008 0.000261 -0.254226 -0.000684 0.015697 0.102590 0.171585 -0.001048 -0.421956 -0.342252 -0.211241 -0.269393 -0.757543 -0.200223 -0.018458 0.155034 0.095150 -0.272084 0.174927 -0.219853 0.122889 0.547104 0.604952 0.344678 0.546757 0.277064 0.262802 0.437501
