use_cases/Flooding_chicago/flooding_data/output/hUy_480.asc
ncols 337
nrows 393
xllcorner 428428.000000
yllcorner 4602440.000000
cellsize 26.757400
NODATA_value -9999.000000
[rows 104 to 129 of 393, columns 174 to 231 of 337]
0.002606 0.006629 0.026170 0.307973 0.356549 0.103322 -0.000388 -0.016745 -0.012574 -0.037372 -0.016716 -0.004012 -0.002105 0.000077 -0.000343 -0.046846 -0.026989 -0.022454 -0.024201 0.041220 -0.200896 -0.432681 0.131037 0.279868 0.300746 0.317838 0.199762 -0.104635 -0.229055 -0.351549 -0.360066 -0.014025 0.077036 0.106455 -0.003484 -0.014732 -0.013893 0.120012 0.012138 0.014086 0.017451 -0.003406 -0.009829 -0.004113 -0.003813 -0.007530 -0.042679 0.003141 0.000711 -0.021392 -0.012607 -0.575374 -0.050298 -0.006381 -0.032608 -0.003887 -0.025995 -0.028620
0.000957 0.002418 0.013830 0.010519 0.035693 0.036494 -0.001681 -0.045207 -0.057407 -0.065963 -0.015914 -0.020736 -0.001998 -0.000695 -0.000442 -0.016949 -0.046440 0.334966 0.325697 0.125782 -0.065329 -0.382162 0.215711 0.197685 0.276596 0.323267 0.269481 0.129407 -0.786498 -1.352731 -0.191139 0.053049 0.018141 0.441942 0.189396 0.748135 0.042584 0.023908 0.008925 0.000858 0.000109 0.000351 -0.004246 -0.002189 -0.001696 -0.007980 -0.069873 0.069679 0.000360 0.000360 -0.001093 -0.196437 0.043838 -0.183691 -0.044455 -0.018967 -0.056746 -0.005829
-0.000134 0.000570 0.000166 0.000404 0.009357 0.011494 -0.000125 0.066581 -0.139032 -0.438104 -0.384655 -0.037439 -0.016817 -0.004869 -0.008596 -0.001822 0.166493 0.652362 0.672355 0.098938 -0.060486 -0.261499 0.446404 0.174385 0.268349 0.318366 0.295542 0.439532 -0.343352 -0.407198 0.078647 0.039981 0.027816 0.024875 0.095955 0.040114 0.034607 0.011679 0.000427 0.000056 -0.000045 -0.000317 -0.002940 -0.029910 -0.003386 -0.015666 -0.017755 -0.000010 -0.000360 -0.000360 -0.001159 -0.034176 0.003578 0.000000 0.000000 -0.009213 -0.008428 -0.002219
-0.003741 0.000720 -0.000104 -0.000102 0.000683 0.005830 0.003974 0.094861 0.100752 -0.095358 -0.349708 0.177710 -0.432540 -0.123334 -0.061779 0.174784 0.278953 0.116017 0.045705 0.039540 0.033486 0.042955 0.021604 0.030903 0.474053 0.470768 0.568642 0.767548 -0.042569 0.768164 0.052833 0.038736 0.034171 0.022499 0.031234 0.035553 0.029779 0.002061 -0.000032 -0.000154 -0.005100 -0.009043 -0.025163 -0.058332 -0.014862 -0.183783 -0.108643 -0.008153 -0.013927 -0.001815 -0.001691 0.029965 -0.006641 0.002274 -0.044028 -0.043068 -0.018958 -0.021347
-0.027322 0.000572 -0.000834 -0.005519 -0.000131 0.000000 0.001818 0.075621 0.083095 0.008353 0.031851 0.453513 0.007739 0.189836 0.154814 0.103909 0.033184 0.020056 0.025866 0.009003 0.016584 0.027294 0.015988 0.023750 0.027624 0.346585 0.061312 0.086290 0.122255 0.060738 0.041128 0.029071 0.010600 0.013866 0.006887 0.007573 0.017617 0.007970 0.000099 0.000237 -0.025167 -0.078446 -0.125175 -0.083417 -0.198055 -0.309464 0.308890 0.012417 0.030649 0.006400 0.243804 0.150818 0.112271 0.072460 -0.078222 -0.048898 -0.042951 -0.245282
0.018922 -0.000601 0.001747 -0.494908 -0.009407 -0.004217 0.008541 0.147871 0.014786 0.025981 0.017870 0.051776 0.004255 0.024320 0.016214 0.014707 0.022290 0.007858 0.000646 0.000803 0.000393 0.000143 0.000293 0.000915 0.015335 0.194912 0.056644 0.061031 0.042562 0.056975 0.019141 0.010909 0.008640 0.000000 0.000015 0.000468 0.000528 0.005374 0.000138 0.000057 0.000148 0.000191 -0.049925 -0.032219 -0.136479 -0.369646 0.320115 0.284544 0.025653 0.034843 0.065751 0.033903 0.028868 0.010493 -0.027134 -0.009950 -0.008959 -0.132744
0.017030 0.000000 0.002838 0.000402 -0.051942 -0.007870 0.045508 0.064825 0.050604 0.062817 0.018054 0.008320 0.002797 0.000068 0.000174 0.000313 0.000397 -0.000013 -0.000454 -0.000712 -0.000365 -0.000141 0.000559 0.002949 0.070995 0.316103 0.032351 0.037610 0.040632 0.068380 0.006487 0.001244 0.003211 -0.012205 -0.004944 -0.000569 -0.000457 -0.000016 -0.000000 -0.000094 -0.000162 -0.000178 -0.010143 -0.062903 -0.762267 -0.081050 0.009746 0.018529 0.025794 0.010877 0.067617 0.015449 0.017075 0.001072 -0.005603 -0.002530 -0.003087 -0.125700
0.000375 -0.017536 0.000000 -0.000151 -0.011617 -0.043580 0.020557 0.034800 0.007600 0.038445 0.001069 0.006930 0.001456 -0.000069 -0.000184 -0.000416 -0.000625 -0.021102 -0.016400 -0.014024 -0.008507 -0.011005 0.001994 0.025721 0.143400 0.014204 0.014871 0.015043 0.029660 0.040103 0.038855 0.007397 -0.007605 -0.058373 -0.003498 -0.012345 -0.012164 -0.007391 -0.006608 -0.000165 -0.005783 -0.026003 0.300784 -0.614831 -0.456963 -0.016593 0.000550 0.008002 0.020172 0.007749 0.036470 0.007550 0.018627 0.000596 -0.000585 0.032562 0.057384 -0.146727
-0.003605 -0.084240 -0.003663 -0.008457 -0.050274 -0.096047 0.000412 0.009440 0.004043 0.009755 0.000682 -0.002512 -0.005528 -0.005122 -0.026509 -0.012788 -0.010735 -0.023278 -0.066772 -0.066250 -0.067530 -0.081174 0.026894 0.018375 0.078971 0.000170 0.000121 0.000787 0.011008 0.014281 0.014628 0.007685 -0.002952 -0.088095 -0.035070 -0.039644 -0.030974 -0.017410 -0.021693 -0.007052 -0.020939 0.401408 0.829661 -0.527625 -0.161206 0.291934 0.001504 0.000475 0.007598 0.000449 0.000569 0.000394 0.015269 0.002934 0.021757 0.178472 0.184939 -0.118390
-0.004230 -0.037324 -0.031856 -0.045894 -0.167883 -0.145329 0.000437 0.000421 0.000378 0.000334 0.000094 -0.000883 -0.020085 -0.148431 -0.162501 -0.231724 -0.036358 -0.028261 -0.027155 -0.030403 -0.018282 0.000548 0.005377 0.000250 0.023884 0.000085 -0.000080 -0.000092 0.000018 0.000432 0.000990 0.000222 -0.000701 -0.050988 -0.077073 -0.058283 -0.066142 -0.032902 -0.030157 -0.020051 -0.269401 0.521026 0.875625 -0.417947 0.022571 0.063604 0.016551 0.001684 0.000004 0.000211 -0.000247 -0.000331 0.006107 0.002513 0.011828 0.010450 0.038557 0.108564
-0.009929 -0.023144 -0.009710 -0.103957 -0.185508 -0.051010 0.000511 0.000527 0.000238 -0.000015 -0.000065 0.000109 -0.030925 -0.112127 -0.110851 -0.082867 -0.005335 -0.005617 -0.091086 -0.007369 -0.000001 -0.000065 0.000000 -0.000086 0.011469 -0.000506 -0.007264 -0.005027 -0.009065 -0.000636 -0.001016 -0.000222 -0.000531 -0.006273 -0.042002 -0.045178 -0.159870 -0.125174 -0.042334 0.261858 0.350388 1.674523 1.325846 -0.310189 0.085742 0.062572 0.029631 0.021867 0.023054 -0.000024 -0.000554 -0.009978 -0.000166 -0.000004 0.000144 0.000612 0.007309 0.001079
-0.005538 -0.008908 -0.007081 -0.020899 -0.164906 -0.005614 0.000071 0.000173 -0.000341 -0.000331 -0.016190 -0.001679 -0.071004 -0.127823 -0.126613 0.000011 -0.004270 -0.004391 -0.222922 -0.010786 -0.008307 -0.004918 -0.008805 -0.039808 -0.036876 -0.034510 -0.024629 -0.020815 -0.021676 -0.011025 -0.013062 -0.003946 -0.000067 -0.001431 -0.005141 -0.005095 -0.000152 -0.042517 0.189951 0.537046 0.330851 0.236465 1.589795 0.747262 0.044857 0.029237 0.013556 0.012562 0.016004 0.000888 -0.001290 -0.030322 -0.005729 -0.001054 -0.000075 0.000193 0.000017 0.000670
-0.030307 -0.029053 -0.006744 -0.014231 -0.192971 -0.017137 -0.000084 -0.000350 -0.007979 -0.005098 -0.043638 -0.014282 -0.086715 -0.113428 -0.108259 -0.000765 -0.003146 -0.002413 -0.124806 -0.265531 -0.032056 -0.047421 -0.050424 -0.302017 -0.019133 -0.053282 -0.039325 -0.037606 -0.021814 -0.026290 -0.013548 -0.020817 -0.004352 -0.001043 -0.000078 0.000299 -0.002753 -0.000245 0.366149 0.527471 0.129962 0.042586 0.088516 0.131228 0.034848 0.011490 0.000204 0.000702 0.002568 0.000375 -0.000296 -0.031327 -0.023120 -0.001503 -0.016859 -0.001241 -0.000445 -0.000526
-0.102847 -0.125537 -0.002367 -0.022103 -0.040266 0.050527 -0.007205 -0.005589 -0.021908 -0.019705 -0.075175 -0.298982 -0.294156 -0.539056 -0.069704 -0.018836 -0.021683 -0.001497 0.000244 -0.202553 -1.094553 -0.033425 -0.168607 -0.020912 0.001982 -0.039045 -0.012287 -0.008070 -0.007646 -0.024083 -0.008575 -0.184572 -0.141921 -0.006421 -0.036665 -0.003096 -0.001709 0.650330 0.497252 0.432381 0.011591 0.015576 0.009251 0.066570 0.007772 0.004883 -0.000165 -0.000248 0.000866 0.000219 -0.000283 -0.014571 -0.044460 -0.012063 -0.045012 -0.010811 -0.003509 -0.004279
-0.044214 -0.460566 0.092944 -0.248864 -0.091224 0.001028 -0.023512 -0.024045 -0.103385 -0.109170 0.061817 -0.292157 0.040027 -0.015087 -0.039713 -0.022756 -0.025345 -0.000985 -0.000448 -0.151246 -0.171902 -0.009824 -0.000971 -0.011160 -0.010609 -0.039264 -0.006323 -0.004369 0.013551 -0.003074 -0.022743 -0.015916 -0.000906 0.002880 -0.078315 -0.014893 0.027495 0.598422 0.013295 0.010896 0.001507 0.000907 0.000640 0.004461 0.006911 0.002068 -0.004053 -0.000528 -0.000455 -0.000219 -0.006694 -0.000833 -0.043860 -0.033423 -0.056123 -0.014171 -0.004985 0.006222
-0.018023 -0.327203 0.072822 0.224504 0.002850 0.020573 0.000933 0.015371 -0.090580 -0.051221 -0.029827 -0.002288 0.000000 -0.014774 -0.027187 -0.022616 -0.022580 -0.008038 -0.014279 -0.310148 -0.083344 -0.049685 -0.003835 -0.008749 -0.010580 -0.039424 -0.000855 -0.001317 0.000105 0.002745 0.019512 0.126253 0.114880 0.019249 0.109561 0.034058 0.229522 0.574054 0.001067 0.001291 0.001660 0.000282 0.001056 0.003776 -0.005744 -0.010164 -0.005592 -0.000372 -0.000605 -0.000375 -0.015603 -0.008806 -0.032427 -0.086088 -0.024335 0.060599 0.056352 0.009868
-0.005956 -0.272486 0.042441 0.030244 0.026348 0.011967 0.001913 0.006203 0.000876 -0.053771 -0.005552 0.005428 -0.020857 -0.011310 -0.015527 -0.014435 -0.012879 -0.005627 -0.024020 -0.488264 -0.242192 -0.044461 -0.002354 -0.005621 -0.010731 -0.030428 0.001500 0.000364 0.002167 0.013665 0.011628 0.071688 0.010168 0.006550 0.079603 0.134467 0.114765 0.132875 0.001996 0.001796 -0.001051 -0.000711 0.000813 0.000571 -0.053723 -0.087908 -0.001781 -0.000505 -0.001037 -0.007858 -0.021095 -0.030824 -0.029460 0.060971 0.100250 0.140589 0.230142 0.406844
-0.070378 -0.201010 0.000007 0.000473 0.007161 0.001972 0.000115 0.000000 0.001237 0.000819 0.004959 0.025564 -0.031155 -0.029272 -0.070591 -0.090957 -0.021199 -0.014386 -0.004124 -0.398569 -0.257093 -0.008840 -0.003761 -0.016886 -0.008293 -0.027012 0.007266 0.002592 0.018846 0.020032 0.008259 0.018978 0.026474 0.017552 0.097284 0.029116 0.010170 0.058260 0.003395 0.001625 -0.001356 -0.005050 -0.002497 -0.000705 -0.026750 -0.597784 -0.025445 -0.009265 -0.010671 -0.015941 -0.020261 -0.076654 0.275506 0.515388 0.226285 0.060143 0.035752 0.110641
-0.136711 -0.074807 -0.012315 -0.000039 0.000000 -0.000300 -0.001609 -0.021346 -0.001518 -0.000730 0.002066 0.012681 0.022651 -0.009733 -0.071700 -0.078516 -0.087633 -0.320987 -0.182608 -0.327305 -0.252381 -0.002462 -0.011220 -0.013475 -0.023875 -0.001674 0.065143 0.028930 0.016816 0.011151 0.005162 0.023434 0.044215 0.050532 0.057696 0.000484 0.000142 0.001502 0.004029 0.000213 -0.001641 -0.005018 -0.018501 -0.027194 -0.555518 0.008609 0.206982 0.095563 0.046055 0.016214 0.009293 3.490252 1.341553 1.372050 0.095432 0.058321 0.030661 0.123376
-0.060466 0.225419 0.603663 -0.000428 -0.006473 -0.001523 -0.013327 -0.402522 -0.134270 0.081100 0.000712 0.004190 0.008663 0.000318 -0.040487 -0.042129 -0.384050 -0.156746 -0.202735 -0.245753 -0.224577 -0.128133 -0.007247 -0.008072 -0.008745 0.000408 0.011074 0.013625 0.006574 0.000555 0.000396 0.005627 0.090310 0.014674 0.019470 0.000576 -0.000084 0.001095 -0.001254 -0.001315 -0.000076 -0.003141 -0.005108 0.330415 -0.246970 0.274642 0.550121 0.098303 0.038120 0.027313 0.048744 0.054668 0.031959 0.121818 0.069432 0.063715 0.108382 0.129106
0.065663 0.147890 0.227649 0.102215 0.007396 0.001456 -0.193967 -0.058474 0.006592 0.241258 0.000000 0.000000 0.000074 0.000381 -0.010396 0.199455 -0.112388 0.000168 -0.133783 -0.429497 -1.199855 -0.022128 -0.003716 -0.004510 0.000307 0.000161 0.000002 0.000159 -0.000013 -0.000401 -0.000330 0.138493 0.019909 0.007423 0.008433 0.000882 -0.002816 -0.002131 -0.003127 -0.031040 -0.020210 -0.003244 -0.026363 0.557422 0.056244 0.804451 0.029720 0.143147 0.025860 0.019039 0.037151 0.019770 0.020795 0.030057 0.008650 0.111308 0.221044 0.102828
0.008243 0.044548 0.045875 0.139283 0.033462 0.004219 0.017019 0.068929 0.260319 0.326980 0.254151 -0.003663 -0.000193 0.002627 0.077945 0.405588 0.151359 0.295263 0.095564 -0.412933 -1.453086 0.041125 0.000241 0.000901 0.000426 -0.000343 -0.009354 -0.000464 -0.008407 -0.011571 -0.009050 0.002711 0.000103 0.000222 0.000103 0.000236 -0.000902 -0.010695 -0.008420 -0.106684 -0.090065 -0.071604 -0.245774 0.744016 0.824646 0.021266 0.005982 0.144003 0.085646 0.007869 0.001228 0.005582 0.001010 0.009242 0.000898 0.023009 0.836417 0.187319
0.000109 0.013071 0.023048 0.075803 0.024677 0.002505 0.051482 0.194435 0.561844 0.554158 0.024164 -0.024086 -0.000353 0.010303 0.041541 0.212900 0.213444 0.037886 0.001451 -0.071616 -1.132143 -0.024807 -0.000169 -0.000084 -0.001215 -0.005040 -0.025673 -0.010284 -0.018641 -0.019094 -0.019134 -0.010431 -0.000103 -0.000222 -0.000103 0.000161 0.000266 -0.004839 -0.001885 -0.014145 -0.044249 0.364858 1.025188 0.529602 0.012915 0.005568 0.029613 0.069306 0.088968 0.043440 0.001019 0.000000 0.002286 0.001414 0.001814 0.102024 0.891125 0.007747
-0.000902 0.062140 0.020811 0.046896 0.003403 -0.000752 0.151157 0.165037 0.098040 0.070906 0.017671 0.007404 0.030676 0.068833 0.038740 0.051840 0.045024 0.033792 0.002742 -0.030755 -1.201879 -0.009224 -0.001175 -0.000883 -0.002761 -0.007916 -0.054014 -0.022829 -0.016888 -0.003933 -0.043221 -0.015200 -0.028465 -0.008396 -0.006941 -0.000719 0.000329 0.002466 0.011710 0.078376 0.118387 0.392754 0.697262 0.038570 0.001649 0.000326 0.005980 0.036511 0.057609 0.037023 0.005955 0.011033 0.007198 0.005406 0.000719 0.112334 0.429743 0.000000
0.447725 0.120326 0.025495 0.005827 0.001739 0.006781 0.178940 0.201091 0.002005 0.002751 0.009498 0.030929 0.022241 0.030914 0.072731 0.112546 0.105067 0.003554 -0.000193 -0.008180 -1.049210 -0.003226 -0.001785 -0.004027 -0.039521 -0.068676 -0.051141 -0.016921 -0.001892 -0.001134 -0.007618 -0.131629 -0.053394 -0.089104 -0.067432 -0.001127 0.000847 0.001505 0.052745 0.079332 0.022397 0.423337 0.029134 0.032269 0.009263 -0.000208 -0.000003 0.014013 0.019922 0.012563 0.021386 0.047042 0.010547 0.001407 0.000319 0.002109 0.393109 -0.013876
0.246571 0.009211 0.003603 0.002401 0.001231 0.024552 0.149524 0.220949 0.005388 0.004068 0.002844 0.041773 0.027079 0.044350 0.026943 0.075542 0.064547 0.019350 0.000235 -0.022068 -1.470327 -0.026697 -0.002693 -0.022211 -0.089832 -0.142589 -0.007945 -0.001408 -0.001664 -0.004514 -0.013987 -0.139062 -0.161686 -0.010871 0.093202 0.163342 0.001884 0.008169 0.024619 0.020433 0.009105 0.181382 0.013683 0.018148 0.041723 -0.011126 -0.023069 0.025389 0.000096 0.002347 0.015497 0.009812 0.000869 -0.000494 0.000205 0.015295 0.730715 0.047760
