use_cases/Flooding_chicago/flooding_data/output/hUy_3420.asc
ncols 337
nrows 393
xllcorner 428428.000000
yllcorner 4602440.000000
cellsize 26.757400
NODATA_value -9999.000000
[rows 104 to 129 of 393, columns 174 to 231 of 337]
-0.006562 0.012108 0.499344 0.164492 0.020503 0.027298 0.036333 -0.003344 -0.000968 -0.002776 -0.000657 -0.000092 -0.000068 0.000002 -0.000011 -0.004866 -0.362693 0.337094 0.872505 2.184983 1.436372 0.204921 -0.445740 -0.266955 -0.235123 -0.069319 -0.115365 -0.251195 -0.168331 0.006530 0.740394 0.454568 0.310469 -0.074636 0.359370 0.324607 0.306827 0.729581 0.000397 0.001127 -0.164171 -1.312981 -0.406613 -0.229128 -0.174347 -0.194574 0.706799 1.152883 0.139844 -0.120041 -0.050150 -0.387397 0.278188 -0.004742 -0.026010 -0.000280 -0.003032 0.357173
0.000994 0.004057 0.003304 0.001608 0.284923 0.328517 0.140413 0.054172 -0.670746 -0.961461 -0.006808 -0.001090 -0.000065 -0.000020 -0.000007 -0.007068 -0.050725 1.350031 2.147004 2.609176 1.500176 0.018307 -0.741268 -0.424513 -0.392333 -0.170382 -0.242932 -0.374459 -0.306765 -0.264535 0.697673 0.312663 0.249650 -0.070631 0.595965 0.533497 0.278142 0.002139 0.000343 0.000019 0.000001 -0.466898 -0.413989 -0.208861 -0.173358 -0.020161 0.571853 0.494671 0.000005 0.000005 -0.009002 -0.257284 0.435835 0.211391 0.041877 -0.070992 -0.141180 0.386069
0.001000 0.010445 0.000001 0.000005 0.000482 0.000636 0.270198 1.361715 0.091097 -1.232162 -0.673762 -1.172055 -0.015308 -0.000192 -0.000514 0.189208 0.563244 1.693146 2.582286 2.942001 2.082450 -0.079639 -1.111803 -0.473274 -0.447596 -0.165881 -0.196398 -0.331011 -0.293661 -0.410628 0.828479 0.394449 0.337179 0.284574 1.715285 0.173658 0.002514 0.000650 0.000006 0.000000 -0.000000 -0.208297 -0.251596 -0.354006 -0.145481 0.057844 0.223459 0.008045 -0.000005 -0.000005 0.113606 0.224025 0.427669 0.008129 0.000900 -0.097867 -0.087677 0.417459
-0.004317 0.034023 -0.000000 -0.000001 0.000010 0.000192 1.146879 1.899471 0.447028 -0.469713 -0.817098 -0.112958 0.374155 -0.045188 -0.009687 2.126931 1.784045 2.453745 2.882986 3.405916 3.326797 1.243737 -0.710281 -0.242513 -0.350631 0.077904 0.086358 -0.121857 -0.132445 -0.267444 1.419495 0.005794 0.004059 0.001391 0.002279 0.002713 0.002038 0.000057 0.000000 -0.000001 -0.000286 -0.098906 -0.320320 -0.584721 -0.240692 0.056315 -0.026415 -0.063042 0.235044 0.141115 0.061032 0.546059 0.324444 0.121117 -0.112559 -0.223074 -0.201418 0.430738
-0.102072 0.045702 0.078732 -0.001422 -0.000001 0.000000 0.617974 1.972538 0.483567 -0.067117 -0.183810 0.129942 0.070439 -0.149263 -0.031171 1.244995 0.061573 0.001100 0.001477 0.000349 0.000744 0.002761 0.003246 -0.035566 -0.242515 0.425082 0.376136 0.049714 0.339967 0.468251 0.005202 0.003569 0.001312 0.000677 0.000283 0.000335 0.001156 0.000507 -0.000002 0.000007 -0.004075 -0.396712 -0.878553 -1.071678 -0.758665 0.977825 0.413650 0.414274 0.465516 0.223440 0.945705 1.035475 0.677787 0.279864 -0.365036 -0.829389 -0.040718 0.337158
-0.180733 0.011049 0.054912 0.497801 0.025696 -0.000082 0.775661 2.591358 0.267091 -0.008975 -0.073198 0.450657 0.034268 0.014354 0.001018 0.000852 0.001456 0.000394 0.000014 0.000021 0.000007 0.000001 0.000006 0.000022 -0.018037 0.187172 0.527819 0.008807 0.005438 0.007330 0.002236 0.001137 0.000853 0.000000 0.000000 0.000010 0.000009 0.000227 -0.000003 0.000001 0.000002 0.007240 -0.234653 -0.433692 0.252554 1.423501 0.728214 0.608187 0.610052 0.719835 0.517001 0.377137 0.181316 0.040658 -0.327657 -0.183976 0.113123 0.218425
0.001332 0.000000 0.070749 0.146050 0.497794 -0.133494 1.116094 1.950359 0.473879 0.031029 -0.039887 0.077754 0.095568 0.000000 0.000001 0.000004 0.000008 -0.000000 -0.000010 -0.000018 -0.000006 -0.000001 0.000026 0.000145 0.107660 0.227438 0.003152 0.004077 0.004676 0.008983 0.000192 0.000021 0.000701 -0.000998 -0.000243 -0.000011 -0.000009 -0.000000 -0.000000 -0.000002 -0.000003 0.030794 0.040147 -0.224412 0.816513 1.232501 0.410322 0.071080 0.001747 0.000403 0.005999 0.000651 0.000861 0.000010 -0.162334 -0.111305 0.063065 0.179817
0.000002 -0.042907 0.000000 0.190937 0.796171 1.087821 0.816091 0.984437 0.000187 0.007378 0.000030 0.106855 0.184206 -0.000000 -0.000001 -0.000007 -0.000012 -0.001803 -0.001302 -0.001000 -0.000491 -0.000711 0.000157 0.004371 0.180176 0.001478 0.001133 0.001218 0.002994 0.004546 0.004676 0.000368 -0.000982 -0.007980 -0.000152 -0.000841 -0.000741 -0.000363 -0.000354 -0.000001 -0.001163 0.901137 0.246631 -0.265341 0.699730 0.970993 0.004778 0.000604 0.001277 0.000351 0.002359 0.000216 0.000924 0.000005 -0.276154 -0.349888 0.028211 0.148705
-0.113768 -0.058681 -0.007803 0.430370 1.428778 1.690414 0.088101 0.000418 0.000095 0.000565 0.000007 0.071674 0.253134 -0.000205 -0.002401 -0.001023 -0.000581 -0.001694 -0.014285 -0.016514 -0.018997 -0.017961 0.005473 0.002679 0.158480 0.000002 0.000001 0.000016 0.000687 0.001016 0.001028 0.000414 -0.000163 -0.013131 -0.005078 -0.004388 -0.002690 -0.001178 -0.001568 -0.000492 0.164227 1.704203 0.077370 -0.743144 0.053871 0.682768 0.002680 0.000010 0.000585 0.000006 0.000009 0.000006 0.000885 0.000224 0.034538 -0.310566 0.015164 0.120238
-0.204846 -0.043538 -0.010053 0.368280 1.321221 2.082910 0.024187 0.000003 0.000004 0.000003 0.000001 0.047554 0.592680 0.154360 0.094571 -0.091170 -0.399396 -0.004942 -0.003712 -0.005288 -0.003772 0.000008 0.000156 0.000001 0.099340 0.000001 -0.000001 -0.000001 0.000000 0.000010 0.000032 0.000002 -0.000022 -0.007720 -0.012927 -0.008574 -0.009102 -0.003746 -0.002954 -0.082164 1.767763 1.929032 -0.214735 -1.076609 -0.390114 0.106599 0.028584 0.000056 0.000000 0.000004 -0.000006 -0.000004 0.000374 0.000147 0.000797 0.098336 0.067745 0.079956
-0.165917 0.031406 0.074009 0.212912 1.140359 1.923401 0.005505 0.000004 0.000004 -0.000000 -0.000000 0.000005 0.485719 0.169270 0.102266 -0.088950 -0.190423 -0.000519 -0.082104 -0.000741 -0.000000 -0.000000 0.000000 -0.000000 0.129874 -0.000005 -0.000443 -0.000267 -0.000538 -0.000015 -0.000033 -0.000002 -0.000015 -0.000343 -0.007344 -0.010013 -0.065183 -0.042502 -0.022615 0.863749 2.093889 2.927910 -0.363826 -1.279122 -0.462597 0.534486 0.003598 0.002760 0.002778 -0.000001 -0.000008 -0.000560 -0.000001 -0.000000 0.000003 0.000017 0.001909 0.128633
-0.140586 0.096625 0.265788 0.282758 1.081905 1.846614 0.000003 0.000001 -0.000004 -0.000003 -0.001135 0.000216 0.445708 0.212065 0.108804 -0.026726 -0.124459 -0.026224 -0.115431 0.004717 -0.000430 -0.000160 -0.000245 -0.012553 0.149381 -0.019497 -0.001813 -0.001425 -0.001613 -0.000770 -0.000912 -0.000087 -0.000000 -0.000069 -0.000329 -0.000388 0.000047 -0.007115 0.109062 0.366844 1.939026 2.900191 0.060108 -0.388107 0.608317 0.016951 0.001024 0.001087 0.001446 0.000013 -0.000035 -0.002421 -0.000381 -0.000017 -0.000000 0.000013 0.000000 0.259610
-0.390734 0.010770 0.210430 0.320019 1.049719 1.592394 -0.000002 -0.000004 -0.000355 -0.000265 -0.382649 0.154704 0.470933 0.253231 0.085174 -0.016039 -0.067690 -0.017270 -0.079426 0.202932 -0.240073 0.017574 -0.385546 0.269670 0.082295 0.223771 -0.081982 -0.005843 -0.001827 -0.002118 -0.000763 -0.001127 -0.000194 -0.000029 -0.000001 0.000031 -0.000233 -0.000010 0.224718 0.309872 0.066302 0.014571 0.126434 0.234622 0.052587 0.016018 0.000002 0.000024 0.000122 0.000004 -0.000004 -0.002284 -0.002216 -0.000029 -0.002106 -0.000034 0.007040 0.476051
-0.545281 -0.133641 0.161507 0.391567 0.789971 0.832942 -0.160782 -0.000256 -0.001416 -0.390204 0.225012 0.774526 0.732001 0.264934 0.022806 -0.093699 -0.221539 -0.022682 0.031531 0.230719 -0.279081 0.023345 -0.534201 0.056136 0.124163 0.209056 -0.028988 -0.000640 -0.000165 -0.002695 -0.000398 -0.068799 -0.063502 0.000233 -0.013188 -0.000614 -0.000114 0.364702 0.312748 0.241925 0.000677 0.000990 0.000631 0.101884 0.029224 0.023170 -0.000002 -0.000008 0.000051 0.000004 -0.000003 -0.001126 -0.004868 -0.001195 -0.005256 0.063913 0.022963 1.207081
-0.467430 -0.303171 0.379556 0.602791 0.786192 0.430766 -0.671942 -0.540298 -0.550201 -0.156808 0.906411 0.743779 0.431650 -0.020255 -0.071585 -0.158389 -0.312506 -0.046117 -0.000428 0.258775 -0.174262 0.034273 -0.103488 0.046891 0.088428 0.181998 -0.023874 -0.000296 0.001479 -0.000235 -0.002753 -0.003124 0.019814 0.001038 -0.083384 -0.012728 0.006721 0.331637 0.001748 0.000828 0.000054 0.000028 0.000015 0.015931 0.053856 0.046592 0.005593 -0.000011 -0.000011 -0.000004 -0.000347 -0.000013 -0.004346 -0.005570 0.285304 0.104799 0.016477 1.856897
-0.260688 0.091311 0.476855 0.763541 0.427906 0.379002 0.034265 -0.151094 -0.225523 -0.168622 0.234935 0.197486 0.038430 -0.058093 -0.124109 -0.200435 -0.338599 -0.123195 -0.078864 0.268813 -0.162381 -0.008314 -0.155449 0.028545 0.072937 0.135506 0.011628 -0.000066 0.000001 0.000067 0.002158 0.051381 0.060759 0.005193 0.081193 0.012367 0.092549 0.271787 0.000028 0.000056 0.000095 0.000015 0.000047 0.013708 0.049687 0.033229 0.009909 -0.000009 -0.000011 -0.000004 -0.001031 -0.000760 -0.003082 0.039484 0.392095 1.444453 1.281683 2.420582
0.032048 0.331437 0.575470 0.626354 0.351894 0.025007 0.008782 0.077073 0.267266 -0.110588 -0.030730 0.053413 -0.192609 -0.078798 -0.157624 -0.222920 -0.298622 -0.134742 -0.122911 0.244832 -0.297518 -0.144463 -0.173595 0.009247 0.056656 0.075920 0.052710 0.000006 0.000034 0.000830 0.000557 0.021594 0.001950 0.001135 0.019328 0.050844 0.038313 0.029186 0.000057 0.000118 -0.000046 -0.000021 0.000243 0.000047 0.055930 -0.054697 0.014786 -0.000008 -0.000030 -0.000322 -0.001196 -0.002256 -0.327959 1.832916 1.608625 2.111849 1.743562 4.257603
0.229954 0.412091 0.392945 0.188703 0.054313 -0.092624 -0.088392 0.000000 0.352660 0.281083 0.196874 0.261837 -0.263414 -0.092918 -0.316501 -0.515271 -0.495061 -0.304042 0.085895 0.182768 -0.323666 -0.253905 -0.185218 -0.106914 0.036595 0.013047 0.124978 0.000048 0.002015 0.001056 0.000216 0.004214 0.005873 0.003573 0.023949 0.005589 0.001171 0.009779 0.000244 0.000150 -0.000056 -0.000242 -0.000144 -0.000033 0.078710 -0.186615 -0.005468 -0.076909 -0.051867 -0.028985 -0.013379 -0.372536 0.292281 2.614635 2.235550 1.471987 0.837160 2.573922
0.172152 0.324639 0.433950 0.086377 0.000002 -0.064512 -0.103113 0.043830 0.335237 0.373391 0.313528 0.476616 0.114277 0.014938 -0.246056 -0.444789 -0.375651 -0.288849 0.129538 0.141182 -0.364787 -0.326442 -0.264143 -0.108699 -0.006908 -0.054680 0.299540 0.002939 0.000904 0.000684 0.000172 0.005445 0.009979 0.014518 0.010853 0.000007 0.000001 0.000060 0.000414 0.000033 -0.000079 -0.000443 -0.012402 -0.075361 0.412573 0.004022 -0.090223 -0.054627 -0.055952 -0.032787 -0.015979 -0.744056 0.200476 2.745600 1.527484 1.747295 1.097806 1.509024
0.093555 0.275294 0.398950 -0.019521 0.062337 0.008354 -0.337165 0.094628 0.576072 0.542936 0.309664 0.001928 -0.002597 0.062980 -0.186301 -0.340336 -0.238779 -0.135960 0.139316 0.100183 -0.379396 -0.460115 -0.265796 -0.116311 -0.021865 -0.048472 0.000628 0.000856 0.000322 0.000009 0.000006 0.000533 0.027161 0.000656 0.000992 0.000013 -0.000000 0.000056 -0.000134 -0.000087 -0.000002 -0.000021 -0.002013 -0.205743 1.071366 0.116207 0.122715 0.124090 0.046203 0.025756 0.020494 0.026258 0.008533 0.529101 0.824912 2.272694 2.133850 1.738116
0.045342 0.274876 0.306411 -0.233462 0.257201 -0.007690 -0.404045 -0.028384 0.525573 0.398432 0.000000 0.000000 0.004537 0.090281 -0.170431 -0.340382 -0.114679 -0.070565 0.124227 0.054727 -0.483031 -0.477512 -0.392693 -0.250742 0.000016 0.000002 0.000000 0.000001 -0.000000 -0.000007 -0.000004 0.172819 0.003440 0.000323 0.000392 0.000008 -0.000111 -0.000179 -0.000286 -0.005387 -0.004592 0.001371 0.021440 -0.296995 1.284529 0.119471 0.078320 0.029366 0.002887 0.002884 0.004573 0.001617 0.001831 0.003618 0.049004 3.554402 3.039669 1.772375
0.000388 0.013928 0.427766 -0.224295 0.303174 -0.005325 -0.098280 -0.139546 0.260198 0.305236 0.180280 -0.000988 0.086045 0.118912 -0.137639 -0.247167 0.039556 0.044909 0.139379 0.000549 -0.464873 -0.461874 -0.271206 -0.138494 0.000027 -0.000003 -0.000693 -0.000003 -0.000436 -0.000650 -0.000485 0.000528 0.000000 0.000002 0.000000 0.000003 -0.000044 -0.000693 -0.000848 -0.073217 -0.092978 0.188573 0.012321 -0.015305 1.646717 0.008382 0.000379 0.028860 0.015659 0.000382 0.000042 0.000202 0.000037 0.001373 0.000175 6.051569 5.336995 2.127066
0.000001 0.002199 0.006214 0.022037 0.006537 -0.021735 0.053299 -0.018766 0.111410 0.119136 0.335991 0.164728 0.445651 0.162616 -0.098971 -0.227607 -0.118004 -0.163430 -0.040261 0.005486 -0.437805 -0.463086 -0.303521 -0.180259 -0.000034 -0.000124 -0.001962 -0.000667 -0.001156 -0.001483 -0.001199 -0.000668 -0.000000 -0.000002 -0.000000 0.000003 0.000005 -0.000359 -0.000328 -0.006158 -0.092803 0.651479 0.366046 0.196693 0.001562 0.000125 0.003894 0.011636 0.015132 0.006726 0.000024 0.000000 0.000144 0.000093 0.000412 6.543097 5.936368 0.321190
-0.000027 0.016586 0.003892 0.013898 0.000395 -0.005474 0.227745 -0.003934 0.092278 -0.003343 0.001345 0.000361 0.451907 0.150683 -0.028306 -0.078187 -0.104342 -0.233153 -0.071145 0.043561 -0.439112 -0.521007 -0.424800 -0.226980 -0.000322 -0.000534 -0.005647 -0.001980 -0.001391 -0.000134 -0.006652 -0.001777 -0.004090 -0.000275 -0.000261 -0.000007 0.000009 0.000101 0.001409 0.056141 -0.059720 0.302885 0.303944 0.014238 0.000125 0.000003 0.000197 0.006113 0.009574 0.004787 0.000372 0.001287 0.000798 0.000380 0.000211 5.139864 5.143706 0.425018
0.250478 0.044490 0.005107 0.000821 0.000110 -0.066975 0.196185 0.010502 0.000142 0.000116 0.000677 0.002985 0.280597 0.118063 0.046620 0.035276 0.018870 -0.108794 -0.022636 0.075317 -0.372484 -0.466566 -0.377203 -0.174991 0.046995 0.122401 -0.357373 -0.004626 -0.000030 -0.000027 -0.000343 -0.057226 -0.013557 -0.034294 -0.039005 -0.000031 0.000018 0.000051 0.010826 0.014111 0.003851 0.180983 0.012281 0.009033 0.001025 -0.000002 -0.000000 0.001667 0.002945 0.001391 0.002326 0.010143 0.001116 0.000046 0.000609 2.499324 5.612195 2.100695
0.063847 0.000488 -0.000573 0.000156 0.000044 -0.073814 0.154477 0.052086 0.000253 0.000079 0.000088 0.003605 0.002136 0.004743 0.268217 0.179947 0.137416 -0.096069 0.031699 0.119507 -0.357230 -0.497807 -0.359442 -0.193614 0.044360 0.185018 -0.368588 -0.000110 -0.000024 -0.000157 -0.003498 -0.135716 -0.147585 -0.004563 0.046038 0.073182 0.000062 0.000668 0.003163 0.002880 0.001330 0.060540 0.001549 0.002040 0.007425 -0.001291 -0.004333 0.003603 0.000002 0.000119 0.001234 0.000632 0.000012 -0.000037 -0.000165 1.866175 7.397821 3.542583
