use_cases/Flooding_chicago/flooding_data/output/hUy_2160.asc
ncols 337
nrows 393
xllcorner 428428.000000
yllcorner 4602440.000000
cellsize 26.757400
NODATA_value -9999.000000
[rows 208 to 233 of 393, columns 58 to 115 of 337]
-0.210024 0.153879 0.203935 0.078228 -0.045796 0.049258 0.068600 -0.021638 -0.027344 -0.010868 -0.278411 0.124635 0.281958 -1.184331 -1.670747 -0.183491 -0.144417 -0.208433 -0.230970 -0.243346 -0.156573 -0.228007 -0.043284 -0.014256 -0.002623 -0.006325 -0.017647 0.283418 0.011981 -0.069662 0.092026 0.381555 0.137498 0.072226 0.035255 0.376320 0.216839 -0.056271 0.022402 0.824263 0.729492 0.719626 1.368657 2.382708 1.769321 0.978362 0.457708 -0.139287 0.119321 -0.012559 0.310560 0.021736 0.006689 0.027148 0.004334 -0.000358 -0.000367 -0.000718
-0.200636 0.122674 0.123719 0.068677 -0.083407 0.015363 0.034807 -0.009891 -0.047902 0.071954 -0.006175 0.236757 0.433754 -0.261128 -0.942748 0.186177 -0.146265 -0.118778 -0.273133 -0.171850 -0.075115 -0.136422 -0.020486 -0.001953 -0.090785 -0.084841 -0.335232 0.554313 -0.015564 -0.042276 0.110594 0.456080 0.159148 0.140118 0.107997 0.414222 0.257401 0.028240 0.162580 0.576432 0.580303 0.722676 1.087601 2.012369 1.884244 1.133379 0.629770 -0.122401 0.137483 0.068435 0.014687 0.000360 0.000360 0.004781 0.012255 -0.065991 -0.063289 -0.011699
-0.207826 0.032421 0.065050 0.042825 -0.118694 -0.094420 -0.037971 -0.034862 -0.084550 0.128378 -0.008723 0.011924 0.131832 0.045139 -0.534562 0.207440 -0.270877 -0.083988 -0.279235 0.123364 0.011145 -0.091733 -0.014904 0.021366 -0.046311 -0.025739 -0.212219 0.473735 -0.065291 -0.001090 0.064023 0.326419 0.167313 0.211322 0.280224 0.395623 0.172765 0.097602 0.249632 0.621572 0.594020 0.715017 1.093199 2.044729 1.973533 1.296212 0.597090 -0.196117 0.257768 0.357608 0.043602 -0.000360 -0.000360 -0.012651 -0.015517 -0.317018 -0.206049 -0.291032
-0.159706 -0.031218 0.070618 0.028086 -0.133194 -0.162777 -0.101118 -0.086952 -0.088937 0.138798 0.007754 -0.007349 -0.047849 0.171187 -0.218979 0.142324 -0.578196 -0.087619 -0.166396 0.008258 0.030017 0.028242 -0.005362 0.025501 -0.032477 -0.010969 -0.121873 0.499312 -0.106299 0.077528 0.068294 0.407939 0.173548 0.320726 0.412993 0.368735 0.160339 0.126824 0.192119 0.575245 0.549346 0.787938 1.618609 2.465457 2.458270 1.404185 1.022444 -0.219216 0.008617 0.076387 0.109363 -0.005135 -0.087364 -0.581361 -0.426987 -0.397639 -0.671683 -1.110325
-0.118100 -0.040013 0.083319 0.028412 -0.140861 -0.188878 -0.103834 -0.064951 -0.042982 0.182514 0.004335 -0.168582 -0.123787 0.608151 0.498723 0.086323 -0.415801 0.145381 0.000468 0.020050 0.008752 0.107150 0.021215 0.036988 0.079092 0.004069 0.159158 0.505903 -0.137950 0.002386 0.072632 0.503187 0.113940 0.237875 0.491529 0.341029 0.152955 0.140134 0.218079 0.461963 0.569883 0.632474 1.512593 2.632478 2.394947 1.652525 0.750790 -0.228615 -0.000648 0.003034 0.034593 -0.003285 -0.445360 -0.731457 -0.583687 -0.448800 0.049043 0.037992
-0.105864 -0.044887 0.040045 0.035570 -0.114101 -0.147148 -0.108322 -0.047780 0.006008 0.335794 -0.018094 -0.102812 -0.105792 0.003663 0.007909 0.113664 0.113976 0.008776 0.000681 0.029292 0.012429 0.047384 0.019207 0.017316 0.000376 0.002947 0.045218 0.036025 0.000503 0.003733 0.001588 0.638284 0.150239 0.267561 0.467427 0.370806 0.209227 0.154832 0.300984 0.466195 0.511267 0.554582 1.512896 2.358660 2.682657 1.475230 1.065096 0.002738 -0.000052 -0.001123 0.000000 0.000000 -0.040798 -0.851526 -0.743284 -0.009154 0.001518 0.013942
-0.126288 -0.061018 0.019665 0.045418 -0.081401 -0.148584 -0.080202 -0.007384 0.054245 0.397076 -0.033945 -0.064066 0.126329 0.000000 0.000000 0.001136 0.003834 0.000433 0.000711 0.030815 0.001800 0.010757 0.000806 0.000035 -0.000142 -0.000020 -0.000001 -0.000004 -0.000149 -0.000005 0.001322 0.706636 0.016586 0.015351 0.525329 0.449146 0.346398 0.220427 0.225573 0.339127 0.318988 0.375341 1.241174 2.317180 3.021859 2.321094 1.542907 0.008378 -0.038935 -0.039730 -0.006706 -0.007172 -0.699001 -0.730977 -0.648421 -0.001022 0.000877 0.000222
-0.103531 -0.068792 0.040441 0.063552 -0.023000 -0.086427 -0.030771 0.054071 0.184443 0.479491 -0.036593 0.037103 0.009416 -0.000576 -0.006611 -0.002455 -0.003453 -0.000329 -0.000527 0.000582 0.000391 0.000000 -0.000167 -0.004342 -0.065396 0.009490 0.010148 0.001383 0.013576 0.033502 0.045539 0.532399 0.038384 0.034013 0.060830 0.049580 0.038865 0.337991 0.224618 0.133140 0.236048 0.162942 1.189580 2.068704 3.358020 2.247980 2.389923 0.798867 0.177886 -0.307559 -0.391177 -0.284314 -0.658633 -0.507671 -0.508489 0.000559 0.000175 -0.000222
-0.089964 -0.047750 0.049987 0.076480 -0.000891 -0.060203 0.017757 0.016230 0.028370 0.239400 0.018958 0.000086 -0.000012 -0.000570 -0.002429 -0.045460 -0.132857 -0.014386 -0.006855 -0.001026 -0.001919 -0.006437 -0.000798 -0.037498 0.048820 0.016946 0.012451 -0.001626 0.025646 0.079239 0.117732 0.387502 0.066800 0.076810 0.024231 0.029238 0.040322 0.005863 0.019297 0.209691 0.390893 -0.018225 1.317998 2.311393 3.469083 2.647491 2.539244 1.570259 0.605872 0.034004 -0.749053 -0.253791 -0.607292 0.028186 0.001287 0.000999 -0.001839 -0.025152
-0.062557 -0.042338 0.060095 0.117519 0.014212 -0.011524 0.059893 0.023938 0.122664 0.267502 0.076523 -0.000745 -0.009931 -0.011382 -0.127976 -0.105110 -0.129668 0.035012 -0.002692 -0.000812 -0.038852 -0.037428 -0.001484 0.049145 0.066938 0.000778 0.001029 0.015226 0.056568 0.184431 0.019229 0.038278 0.134317 0.034300 0.014220 0.010098 0.016436 0.000645 0.000831 0.015856 0.032928 0.110563 1.473300 2.136575 1.535338 1.710097 2.400147 1.426664 1.013738 0.562827 -0.148266 0.026191 0.000248 0.000079 -0.000913 -0.004685 -0.030200 -0.091030
-0.058745 -0.063201 0.075312 0.154234 0.054466 0.038885 0.018769 0.021563 0.136787 0.087651 0.070809 -0.080814 -0.077383 -0.064012 -0.098076 -0.061120 -0.038108 0.104069 -0.001752 -0.005561 -0.208381 -0.004026 0.000831 0.000447 0.123589 0.000183 0.001421 0.040961 0.155539 0.018165 0.000471 0.043186 0.031822 0.032606 0.000381 0.000780 0.000847 0.000314 0.002388 0.061496 0.075631 0.048767 1.523618 1.388073 1.804174 1.985444 1.374713 1.336647 1.403696 1.189518 0.191545 0.083040 -0.000500 -0.000951 -0.025809 -0.076903 -0.112029 -0.581329
-0.099015 -0.076289 0.065338 0.224106 0.119728 0.230450 0.003657 0.002466 0.028041 0.074538 0.046873 0.002833 -0.019079 -0.017551 -0.045398 0.027142 0.050095 0.001134 0.000370 0.005704 -0.145695 -0.000013 -0.000308 -0.000295 0.000193 -0.085706 0.001102 0.004926 0.035781 0.009485 0.000691 0.066282 0.000026 0.000538 -0.000387 -0.000804 -0.000853 -0.000610 0.006108 0.020057 0.016916 0.024070 0.832216 1.811313 2.032833 2.257853 1.545852 0.212877 0.360882 0.635368 0.360646 0.139969 0.047788 0.008862 -0.105322 -0.114922 -0.162745 -0.598623
-0.094181 -0.078264 0.041928 0.267695 0.145966 0.289010 -0.014698 -0.028433 -0.001930 0.122330 0.023085 0.021274 -0.014968 -0.010868 -0.022677 0.098235 0.156979 0.001472 0.000819 0.016938 -0.192973 -0.013230 -0.000771 -0.004452 -0.000710 -0.092899 -0.000318 0.002040 0.009007 0.000989 0.000652 0.050953 -0.019143 -0.001063 -0.011612 -0.010418 -0.021098 -0.013692 -0.000698 -0.000024 -0.000001 0.067698 1.204051 1.334573 2.392752 2.745506 0.207772 0.249588 0.387645 0.821642 0.147018 0.191066 0.075629 0.026401 -0.105308 0.021652 -0.234646 0.006303
-0.062364 -0.050661 0.052954 0.255453 0.118339 0.296343 -0.036210 -0.289296 -0.024080 0.005801 0.000808 0.005054 -0.009647 0.000184 0.000030 0.073472 0.160291 0.000242 0.000000 0.000210 -0.072945 -0.465353 -0.521527 -0.003037 -0.056566 -0.067850 -0.062976 -0.000000 -0.000003 -0.000071 -0.000351 0.004964 -0.001815 -0.000898 -0.028431 -0.024021 -0.139765 -0.118440 0.365609 0.317123 0.356981 0.512318 1.262529 2.845221 1.546581 1.160354 0.054265 0.051651 0.125352 0.957738 0.217851 0.477835 0.069297 0.021704 0.008165 0.056252 -0.127672 0.001487
-0.046353 -0.012388 0.077802 0.219099 0.073252 0.268696 -0.018039 -0.017341 0.000124 0.000222 0.000093 -0.016403 -0.029998 -0.000343 -0.095484 0.032627 0.175146 -0.023800 -0.009314 -0.000719 0.017210 -0.602460 -0.564535 0.438718 0.150047 0.277756 0.210490 0.021859 0.005049 -0.001015 -0.000838 -0.046351 0.015150 -0.000516 -0.003964 -0.113374 -0.025700 0.007625 0.669241 0.574426 0.668714 0.825310 1.569314 2.277459 1.524306 0.133303 0.116175 0.000000 0.226430 0.203038 0.528497 0.406748 0.153309 -0.025637 0.019002 0.127652 0.037818 0.008296
-0.031911 0.000195 0.067315 0.271313 0.066337 0.280198 -0.002475 0.007840 -0.000124 -0.000222 -0.000207 -0.542264 -0.369266 -0.369878 -0.167575 0.192121 0.420442 0.074359 0.063806 0.030403 0.148202 -0.503396 -0.585916 0.230447 0.065253 0.057309 0.118318 0.061393 0.015341 -0.003354 -0.012037 -0.048263 0.000000 0.002173 0.000187 -0.017667 0.016494 0.061076 1.067465 0.665458 0.723451 1.048697 1.531584 2.210576 1.171602 0.097746 0.093871 0.075141 0.187487 0.207163 0.433808 0.402577 0.213157 -0.027259 0.001172 0.009221 0.132605 0.032861
-0.012427 0.005000 0.079782 0.312269 0.065669 0.182256 0.033298 0.094753 -0.123406 -0.146395 -0.173130 -0.711188 -0.420551 -0.370770 0.073533 0.038532 0.341656 -0.002028 0.185053 -0.031751 0.307179 -0.101312 -0.250243 0.020049 0.000222 0.051145 0.004082 0.012029 0.072720 -0.003008 -0.008516 -0.030880 -0.001257 0.003603 0.003808 0.016511 0.267742 0.471570 1.202750 0.807976 0.851963 1.218049 1.355767 1.781146 0.850271 0.076780 0.273068 0.080361 0.179035 0.200216 0.466278 0.502174 0.409840 0.143353 0.000158 0.000514 0.001011 0.047104
-0.025914 0.000961 0.065884 0.272703 0.111677 0.120205 0.023464 0.002195 -0.367937 -0.599641 -0.507043 -0.703216 -0.329126 -0.263540 0.343273 0.022492 0.331786 -0.110119 0.305520 0.028828 0.491160 0.162127 0.288637 0.057439 -0.000222 0.003453 0.001123 0.010344 0.074809 0.012254 0.000408 -0.013491 0.001695 -0.000981 -0.001162 0.017341 0.326037 0.686464 1.051288 0.979597 1.036375 1.196681 1.213955 1.332918 0.665414 0.059833 0.419328 0.085586 0.184465 0.208871 0.237202 0.315205 0.349013 0.349919 -0.000304 -0.000235 0.000100 0.003471
-0.029484 -0.028869 0.019577 0.060999 0.071616 0.031057 -0.043309 -0.103252 -0.341852 -0.435061 -0.035688 -0.158085 -0.219967 0.024656 0.008396 0.006941 0.019827 -0.100707 0.582199 0.012799 0.025852 0.011296 0.545394 0.131324 -0.007291 -0.013346 -0.000884 0.000326 0.020113 0.034175 -0.000098 0.000648 0.001452 -0.000886 0.060619 0.003994 0.405580 0.830609 1.159403 1.115477 1.178845 1.292878 0.647493 0.619816 0.538855 0.023333 0.164062 0.087804 0.196889 0.624187 0.266715 0.341530 0.365736 0.336297 0.130961 -0.055540 0.060073 0.002262
-0.009990 -0.067947 -0.031350 0.007996 0.024105 -0.016272 -0.065609 -0.161490 -0.120926 0.061214 0.010311 -0.086365 0.014712 0.021048 0.000222 0.000103 0.000316 0.000925 0.046475 0.001705 0.010159 0.000711 0.116489 0.474263 -0.002638 0.000348 -0.000003 -0.000208 -0.012405 0.019924 0.009692 -0.000408 0.001597 0.001420 0.009335 0.056960 0.505507 0.960497 1.572673 1.206802 1.267696 1.274954 0.638095 0.541658 0.466059 0.001650 0.002721 0.003704 0.197158 0.207623 0.271481 0.339933 0.338130 0.271288 0.148476 0.224048 0.137352 -0.003847
-0.008013 -0.082560 -0.056242 -0.015087 0.015863 -0.026479 -0.020775 -0.170219 0.219977 0.146889 0.149646 0.091106 0.005337 0.008537 -0.000222 -0.000103 -0.000277 -0.000527 0.000715 -0.000037 0.000000 -0.000088 0.116263 0.361248 -0.000112 -0.002741 -0.034368 -0.054477 -0.028880 0.009098 0.011254 0.005042 0.001212 0.001061 0.000054 0.000002 0.507775 1.263675 1.723020 1.799222 1.595215 1.256243 0.829356 0.487168 0.176824 0.030832 0.005567 0.005937 0.000360 0.030387 0.268751 0.317806 0.306253 0.209794 0.134082 0.147854 0.213427 0.429307
-0.008113 -0.083004 -0.067431 -0.085990 0.036030 0.020275 0.082892 0.006211 0.012215 0.025408 0.082088 0.056374 0.000000 0.000000 -0.000377 0.000041 0.066544 -0.442400 -0.001075 -0.001631 -0.113323 -0.077431 0.341565 0.291360 -0.000587 -0.101972 -0.296345 -0.296523 -0.016165 0.000392 0.000813 0.001000 0.000805 -0.000299 -0.010756 0.037419 0.664450 1.110356 1.747124 1.807095 1.491417 1.289037 0.733473 0.150668 0.003709 0.006787 0.006798 0.000658 -0.000156 0.072912 0.038582 0.260703 0.275492 0.172432 0.000001 0.000037 0.001245 0.445967
-0.011069 -0.075249 -0.070584 -0.075870 0.039210 0.089697 0.261095 0.054495 0.000196 0.003406 0.034544 0.035475 -0.074325 -0.006984 -0.001962 0.000348 0.080336 -0.139613 -0.000743 -0.003040 -0.094166 -0.109076 0.427626 0.288053 0.045424 -0.096534 -0.115146 0.040596 -0.005035 -0.000397 -0.000842 -0.001145 -0.002144 -0.000861 -0.074796 0.621599 1.193448 1.135899 1.831131 1.953662 1.745350 1.339119 0.453860 0.000309 0.004618 0.007807 0.000543 0.000075 0.069141 0.099232 0.056506 0.222912 0.353276 0.128597 -0.039739 0.000856 0.002229 0.003010
0.016224 -0.060116 -0.087809 -0.065691 0.059613 0.129670 0.282224 0.103397 0.013340 0.000078 0.000543 0.127893 -0.040849 -0.087349 -0.001538 -0.000635 -0.000024 -0.085848 -0.000551 0.000822 0.070289 -0.127625 0.299625 0.163742 0.047837 -0.031059 -0.070811 0.117302 0.003627 -0.003193 -0.008882 -0.012741 -0.001819 -0.001276 0.090529 0.730080 1.359280 0.672492 1.362561 1.482150 1.464262 1.286312 0.521643 0.007621 0.005576 0.005279 -0.000305 -0.000611 0.109322 0.125026 0.046956 0.337255 0.347039 0.158025 0.010011 0.002298 0.002905 0.002893
0.072173 0.016507 -0.015394 -0.012475 0.158124 0.149943 0.045003 0.091163 0.051408 0.000222 0.001019 0.103925 -0.035439 -0.029387 -0.016190 -0.012563 -0.004773 -0.076759 -0.053757 0.000207 0.001250 0.011792 0.015319 0.002340 0.000980 -0.014259 -0.012653 0.051601 0.012091 -0.002996 -0.009307 -0.011992 -0.037214 -0.000808 0.209935 0.917616 1.027246 0.683102 1.437041 1.572162 1.465664 1.183692 0.388931 0.016218 0.024232 0.004630 -0.000573 -0.088844 0.147554 0.174946 0.046244 0.058684 0.557930 0.018343 0.032855 0.002254 0.002971 -0.002490
0.078921 0.044465 0.010801 0.042851 0.009320 0.006724 0.001464 0.127004 0.076611 0.000422 0.001557 0.010377 0.009720 0.000945 -0.013101 -0.017300 -0.007156 -0.072474 -0.060785 -0.000704 -0.000801 0.000000 0.000000 -0.000272 -0.000066 -0.002387 -0.005662 0.056782 0.000085 -0.002998 -0.004856 0.122818 -0.239328 0.100024 0.262496 1.073323 1.051723 1.005097 1.435872 2.340900 1.981674 1.035199 0.109220 0.001037 0.006265 0.001444 -0.045262 0.072897 0.163894 0.214371 0.000197 0.000163 0.032209 0.001305 0.001049 0.001705 0.000000 -0.001625
