use_cases/Flooding_chicago/flooding_data/output/hUy_2220.asc
ncols 337
nrows 393
xllcorner 428428.000000
yllcorner 4602440.000000
cellsize 26.757400
NODATA_value -9999.000000
[rows 286 to 311 of 393, columns 58 to 115 of 337]
0.000510 -0.342588 -0.924645 -0.926547 -0.438625 -0.466483 -0.371044 -0.476607 0.340246 -0.030587 -0.036889 -0.074905 -0.138776 -0.209391 -0.000228 -0.000633 -0.000840 -0.000877 -0.000571 -0.001976 -0.089209 -0.086465 -0.008971 -0.000208 -0.000003 -0.000017 -0.000000 -0.052928 -0.025310 -0.045690 -0.014195 0.026812 0.043051 0.000360 0.000360 -0.031260 0.262027 0.548536 0.660196 0.742394 0.548070 0.475019 0.619350 0.851301 0.391692 0.072084 0.357320 0.346818 0.449550 0.689530 0.539169 0.431591 0.120806 0.372639 0.308316 0.259786 0.236721 -0.011112
-0.000244 -0.455138 -1.046789 -0.958210 -0.457939 -0.444678 -0.314230 -0.380667 0.202753 -0.052310 -0.148786 -0.283747 -0.102586 -0.099002 -0.001664 -0.017673 -0.017422 -0.015783 -0.010135 -0.010359 -0.307953 -0.874966 -0.024760 -0.010360 -0.003984 -0.000397 -0.008376 -0.094263 -0.052804 -0.032302 -0.045232 -0.007920 -0.018821 -0.000360 -0.000360 -0.011793 0.358442 0.512466 0.609787 0.748300 0.648668 0.453069 0.442538 0.559947 0.373705 0.083829 0.280444 0.332732 0.440079 0.628400 0.722472 0.549932 0.244861 0.367573 0.135231 0.337251 0.190341 0.046753
-0.017854 -0.558837 -1.223208 -1.375481 -0.610568 -0.591209 -0.263085 -0.283258 0.090933 -0.041098 -0.133141 0.009339 -0.023379 -0.033154 -0.011693 -0.032887 -0.032527 -0.022559 -0.036148 -0.252836 -0.032968 -0.700310 -0.489496 -0.021085 -0.007563 -0.011364 -0.021782 -0.310998 -0.026356 -0.014754 -0.001776 -0.028965 -0.039937 -0.051015 0.241663 0.335209 0.337652 0.383949 0.475875 1.005269 0.680788 0.381360 0.405730 0.494707 0.086808 0.037240 0.179048 0.342769 0.546050 0.769756 0.682938 0.555832 0.151587 0.230277 0.122135 0.146535 0.124555 0.073273
-0.351835 -1.460647 -2.169804 -1.445005 -0.546714 -0.404746 -0.031299 -0.238201 0.012373 0.019061 -0.211031 0.088578 -0.181385 -0.063309 -0.020917 -0.038217 -0.030260 -0.028200 0.111103 0.245183 0.008135 -0.651141 -0.388070 -0.127460 -0.274193 -0.179212 -0.459041 -0.270050 -0.010775 0.059966 0.038739 -0.023443 0.354552 0.340645 0.240937 0.369932 0.266134 0.271283 0.315434 1.026408 1.230159 0.284063 0.371024 0.442608 0.082392 0.035942 0.224902 0.390244 0.455069 0.655299 0.680997 0.648622 0.169962 0.234833 0.048403 0.132218 0.060090 0.087525
-0.324746 -2.030520 -1.636439 -1.212271 -0.093666 -0.173760 -0.000171 0.001719 -0.016503 0.076242 -0.162316 0.117235 0.087711 -0.404282 -0.042703 -0.055003 -0.036283 -0.010552 0.273753 0.413762 0.172630 -0.222222 -0.450900 -0.146592 -0.130155 -0.070796 -0.000993 -0.634739 -0.134327 -0.001244 0.017312 0.036586 0.352518 0.525899 0.006978 0.110339 0.001048 0.000523 0.522272 1.229216 1.131746 0.346573 0.418570 0.465062 0.451766 0.098025 0.319755 0.195186 0.432440 0.414940 0.458655 0.692772 0.255491 0.342044 0.120428 0.104454 0.053273 0.105461
-0.391628 -2.012455 -1.718293 -0.688923 -0.001551 -0.002434 -0.001280 0.002066 0.085530 0.296290 -0.028804 0.220559 0.245508 -0.231909 -0.473529 -0.578287 -0.009250 -0.006231 0.387890 0.782533 -0.000112 -0.000380 -0.286793 -0.176062 -0.237296 0.298102 0.106970 -0.616256 -0.688026 -0.128022 -0.054777 -0.003615 0.205568 0.010711 0.005752 0.002137 0.000044 -0.000230 0.503520 0.451423 0.358623 0.214355 0.520777 0.469190 0.250250 0.136925 0.202108 0.160837 0.186983 0.377498 0.431230 0.653733 0.219274 0.281554 0.118044 0.087606 0.039670 0.114901
-0.961374 -2.158441 -1.672975 -0.614067 -0.199435 -0.065482 -0.336299 0.003636 0.021666 0.015770 -0.003564 0.105924 0.011497 0.003907 0.001925 -0.421302 -0.058796 0.010825 0.382146 0.322519 -0.000699 0.000359 0.001482 -0.094468 -0.045421 0.320787 0.001148 -0.285427 -0.376545 -0.208849 -0.108388 -0.040265 0.037405 0.001581 0.000125 -0.000496 0.330158 0.309669 0.533594 0.478196 0.381026 0.181862 0.623238 0.419436 0.222778 0.127709 0.136680 0.112928 0.123955 0.349209 0.395144 0.661274 0.206624 0.293192 0.131240 0.017941 0.020532 0.140125
-1.042356 -1.427544 -1.505285 -1.161387 -0.211378 -0.116584 -0.447826 0.001427 0.001119 0.002630 0.003154 0.002630 0.001119 0.002990 0.002155 -0.210063 -0.012582 0.003824 0.260393 0.000411 -0.047720 0.000655 0.002669 0.043764 0.123242 0.119794 -0.000603 -0.229135 -0.294418 -0.192865 -0.114934 -0.038274 -0.286782 -0.007286 -0.004939 -0.001958 0.468670 0.435034 1.350953 0.479202 0.419049 1.185797 0.825373 0.440291 0.226031 0.133142 0.051021 0.064085 0.121935 0.299347 0.357840 0.486035 0.215175 0.208774 0.150509 0.016200 0.024022 0.216442
-0.761650 -1.299901 -1.301517 -1.270562 -0.325982 -0.269623 -0.655432 -0.000850 0.000244 0.001415 0.002183 0.001415 0.000244 -0.000678 0.100636 -0.095400 -0.006286 -0.054174 0.060588 -0.000259 -0.067164 0.002192 0.003691 0.009662 0.019153 0.115854 -0.000629 -0.148428 -0.493761 -0.479284 -0.096402 0.021409 -0.508662 -0.010471 -0.005413 0.234090 0.565463 0.973164 0.589585 0.488174 0.509999 0.275723 0.403765 0.218169 0.163922 0.139817 0.041725 0.057752 0.123148 0.276457 0.337396 0.488927 0.141931 0.205264 0.167410 0.054369 0.011889 0.000203
-0.490265 -1.359355 -1.344538 -1.712310 -0.455614 -1.249410 -0.703057 -0.001783 -0.000956 -0.002221 -0.002610 -0.002221 -0.000956 -0.161464 0.384853 -0.096572 -0.043295 -0.127616 -0.086038 -0.089431 -0.073729 0.001268 0.000628 0.000400 0.000547 0.007355 0.001366 -0.460960 -0.377155 -0.417416 -0.065275 -0.005350 -0.363371 -0.267069 -0.002798 0.334835 1.106206 0.878537 0.900727 0.427228 0.585457 0.007789 0.017277 0.007228 0.004028 0.000975 0.029062 0.039911 0.052014 0.288271 0.359044 0.533208 0.145044 0.282174 0.261003 0.048144 -0.123213 0.061950
-0.559506 -0.627436 -0.651345 -1.793559 -1.546681 -1.464144 -0.953381 0.138980 -0.015255 -0.002147 -0.002937 -0.002147 -0.001138 -0.014125 0.454035 -0.082481 -0.083272 -0.212224 -0.190780 -0.121212 -0.056429 0.000923 -0.000013 -0.000322 -0.000319 -0.000018 0.001190 -0.441641 -0.400465 -0.060159 -0.033165 -0.036110 -0.201969 -0.197624 0.033715 0.356168 1.194224 0.966491 0.832776 0.374565 0.042139 0.014429 0.001250 0.010157 0.003126 -0.000050 0.023476 0.036225 0.053715 0.064186 0.227354 0.532186 0.204596 0.312745 0.322005 0.020991 -0.149698 0.114497
-0.421301 -1.211496 -1.429650 -1.449375 -1.691334 -1.335874 -1.197020 0.318092 -0.280420 0.018658 -0.003743 0.002520 0.005279 0.254695 0.582018 0.025391 -0.036475 -0.304376 -0.291383 -0.146624 0.000601 0.000158 -0.000636 -0.018366 -0.002191 -0.001257 0.026660 -0.429006 -0.375863 -0.387229 -0.186985 0.014645 -0.085442 -0.129686 0.037900 0.574524 1.152574 0.507150 0.445334 0.003288 0.001716 0.003392 0.002893 0.008586 0.000082 -0.036678 0.053503 0.073333 0.142158 0.215109 0.223941 0.519919 0.196013 0.284240 0.273368 0.041852 0.104448 0.081638
-0.353504 -0.580056 -1.199229 -1.915825 -1.759949 -1.591140 -0.812996 0.375181 -0.255061 0.078497 0.002367 0.009546 0.012504 0.060547 0.025532 0.001036 -0.000717 -0.351287 -0.355455 0.000012 0.000221 -0.000359 -0.008354 -0.027538 -0.048146 -0.002226 0.011071 0.007829 0.036888 -0.351845 -0.142422 -0.105191 -0.058459 -0.137834 0.149208 0.459336 0.833936 0.338817 0.348857 0.003853 0.002193 0.003969 0.003336 0.001120 -0.000650 -0.007941 0.048277 0.061972 0.106652 0.055698 0.051342 0.313151 0.170235 0.168418 0.292439 0.153602 0.007938 0.065423
-0.293216 -0.520025 -1.153021 -1.935008 -1.926876 -1.798081 -0.965972 0.087577 -0.113229 0.034728 0.002905 0.003698 0.003514 0.012114 0.001033 0.000112 0.007413 -0.374726 -0.384039 -0.061593 -0.000804 -0.000988 -0.036793 -0.132622 -0.060482 0.033547 0.000681 0.000681 0.000506 0.013033 -0.087379 -0.229849 0.002796 -0.042127 0.264318 0.487702 0.646615 0.267159 0.284739 0.000336 0.000035 0.000342 0.000222 0.000161 -0.000216 0.042207 0.047190 0.023205 0.053680 0.052147 0.021893 0.042309 0.023511 0.170557 0.324285 0.297921 -0.032960 0.051186
-0.221992 -0.305771 -0.956935 -1.495483 -1.517533 -1.482350 -0.908530 -0.017240 0.001375 0.015381 0.003410 0.002566 0.000774 0.000000 0.000008 -0.000279 0.000425 -0.419285 -0.428614 -0.055147 0.000868 -0.000083 -0.003886 -0.060690 -0.116558 0.006295 0.000000 0.000000 0.000308 0.057015 0.084063 -0.456934 -0.001272 0.184814 0.382490 0.425404 0.545016 0.156293 0.004324 -0.000692 -0.002422 -0.003976 -0.000222 -0.000293 -0.000023 0.083743 0.043358 0.019894 0.048747 0.252913 0.003817 0.017633 0.008214 0.039320 0.206903 0.341511 -0.039694 0.000224
-0.183675 -0.291267 -0.348927 -1.703758 -1.692626 -1.753413 -0.275254 -0.000001 -0.000022 0.000000 -0.002421 -0.003278 -0.003279 -0.013347 -0.001100 -0.003156 -0.001509 -0.440547 -0.487984 0.000780 0.000885 0.000601 0.001665 0.001674 -0.190289 -0.000013 -0.000681 -0.000681 -0.000077 0.183072 0.677412 -0.528943 -0.324601 0.422999 0.371415 0.177035 0.309807 -0.018831 0.006182 -0.012587 -0.019393 -0.003036 -0.011503 -0.001349 0.000148 0.090667 0.079567 0.100308 0.131416 0.150887 0.000366 0.009033 0.004896 0.036393 0.167842 0.332845 0.015657 -0.000224
-0.140729 -0.273169 -0.298304 -2.900533 -2.419920 -2.349224 -1.067435 -0.000375 -0.001195 -0.012155 -0.003717 -0.002925 -0.033141 -0.038566 -0.015511 -0.003588 -0.150388 -1.149247 -0.455605 -0.000568 -0.001940 -0.000804 0.000231 0.000894 -0.089344 -0.207832 -0.009323 -0.013531 0.000556 0.373118 0.302574 0.015915 0.004913 0.537301 0.155177 -0.065042 -0.055366 -0.209096 -0.005794 -0.013985 -0.015073 -0.023460 -0.036484 -0.005490 0.000856 0.256912 0.285183 0.022074 0.000500 0.003388 0.000936 0.000046 0.000002 0.045469 0.088136 0.285182 0.074228 -0.025502
0.000000 -0.206836 -1.031838 -2.195755 -1.669408 -1.776315 -0.940449 -0.127392 -0.088058 -0.020290 -0.016216 -0.010970 -0.319690 -0.316371 -0.084140 0.000794 -0.302709 -0.497780 -0.657045 -0.116899 -0.001881 -0.001947 -0.000595 0.002107 0.350696 -0.193768 -0.463210 -0.589182 0.206825 0.749352 0.347681 0.441710 0.497061 0.698851 -0.073272 -0.585566 -0.468096 -0.452660 -0.011032 -0.009166 -0.023737 -0.126301 -0.184931 -0.001412 0.000034 0.000822 0.010323 0.011327 0.000385 0.001982 -0.000413 -0.136382 -0.117508 0.123908 0.005808 0.262059 0.097872 -0.015491
-0.190055 -0.157892 -0.360777 -1.801980 -1.536759 -1.607947 -0.876064 -0.298960 -0.239366 -0.214748 -0.130481 -0.135258 -0.348622 -0.579653 -0.007522 0.008722 -0.129079 -0.253643 -0.570963 -0.114970 -0.113142 -0.062175 0.249212 0.201996 0.533036 0.020409 -0.419316 -0.442056 0.487162 0.734303 0.544539 0.320251 1.067799 1.043185 -0.000737 -0.665073 -0.576155 -0.650440 -0.006797 -0.004072 0.003498 -0.076001 -0.147138 -0.083713 -0.004579 -0.000152 0.000000 0.000000 -0.003981 -0.000405 0.070441 -0.061663 -0.031053 0.114175 -0.070366 0.173230 0.132027 0.024139
-0.516801 -0.795988 -0.103131 -1.701823 -1.456506 -1.546894 -0.976085 -0.368434 -0.576514 -0.590478 -0.073282 -0.084034 -0.312550 0.011760 0.000152 0.000000 0.000778 0.000190 -0.197635 0.076458 -0.258423 -0.392898 0.717101 0.769964 0.653475 0.201004 -0.731175 -0.431458 0.302195 0.225460 0.333279 0.380367 0.018435 0.010151 0.022720 -0.321437 -0.716343 -0.802269 -0.002356 0.001421 0.081268 -0.061556 -0.167716 -0.082837 -0.322451 -0.008480 -0.005878 -0.005878 -0.006152 -0.000664 0.103747 -0.030184 0.096888 0.126567 -0.115236 0.000020 0.000778 0.056747
-0.080222 -0.710823 -0.118387 -1.560645 -1.307108 -1.510084 -1.116319 -0.513859 -0.407371 -0.075279 -0.087157 -0.100469 -0.139946 -0.000030 -0.000730 -0.010898 -0.001139 -0.000618 -0.101369 0.403851 0.134206 0.353097 0.986930 0.868544 0.290438 0.163425 -0.385105 -0.452137 -0.050555 -0.026342 -0.123676 0.197844 0.000681 0.000681 0.000180 -0.000605 -0.819519 -0.885765 -0.000125 0.004549 0.013533 0.001724 -0.151856 -0.048073 -0.692889 -0.153206 -0.141856 -0.015108 -0.006736 -0.002563 0.001103 0.015284 0.000326 0.000121 -0.102011 -0.066967 0.000147 0.000664
-0.017321 -0.593100 -0.223106 -1.416759 -1.131860 -1.461340 -1.256040 -0.432425 -0.459767 -0.058654 -0.524227 -0.472425 -0.084000 -0.059896 -0.050101 -0.081458 0.014696 -0.047085 -0.045339 0.556869 0.336224 0.539605 0.742123 0.487992 0.002201 0.001101 -0.147980 -0.278648 -0.192694 -0.114819 -0.299378 0.077027 0.000000 0.000000 -0.000167 -0.298449 -0.722636 -0.806207 -0.000738 0.003876 0.000488 0.000641 -0.071331 -0.015789 -0.142438 -0.097732 -0.088543 -0.003525 -0.004643 -0.003718 -0.001901 -0.000003 -0.000208 -0.000106 -0.049610 -0.060520 -0.000705 -0.001004
0.006692 -0.560483 -0.231340 -1.221070 -0.919167 -1.341360 -1.683112 -0.871754 -0.431096 -0.177626 -0.221606 -0.148035 -0.081426 -0.078642 -0.037474 -0.101275 -0.005001 -0.124487 -0.016883 0.529285 0.440989 0.628414 0.772378 0.002787 0.001439 -0.000659 -0.154515 -0.146524 -0.106913 -0.166843 -0.420952 0.038117 -0.000681 -0.000681 -0.000672 -0.277141 -0.534248 -0.595373 -0.000572 -0.000005 -0.000172 -0.000004 -0.000000 -0.000000 -0.074588 -9999.000000 -9999.000000 -9999.000000 -9999.000000 -9999.000000 -9999.000000 -9999.000000 -9999.000000 -9999.000000 -9999.000000 -9999.000000 -9999.000000 -9999.000000
-0.014215 -0.620924 -0.284795 -1.227654 -0.876030 -1.239283 -1.456966 -1.036803 -0.597616 -0.192491 -0.160528 -0.204427 -0.058298 -0.116767 -0.049095 -0.155545 -0.052400 -0.163885 -0.004756 0.503911 0.482153 0.643263 0.695182 0.005006 0.001286 -0.039888 -0.195219 -0.142449 -0.078836 -0.104084 -0.304060 0.000000 -0.013108 -0.008293 -9999.000000 -9999.000000 -9999.000000 -9999.000000 -9999.000000 -9999.000000 -9999.000000 -9999.000000 -9999.000000 -9999.000000 -9999.000000 -9999.000000 -9999.000000 -9999.000000 -9999.000000 -9999.000000 -9999.000000 -9999.000000 -9999.000000 -9999.000000 -9999.000000 -9999.000000 -9999.000000 -9999.000000
-0.027298 -0.412397 -0.205219 -0.636399 -0.454364 -1.215388 -1.640983 -1.280619 -0.742559 -0.348900 -0.182637 -0.320906 -0.049156 0.022579 -0.016958 -0.184536 -0.257000 -0.468297 0.006964 0.684794 0.571951 0.586039 0.552235 0.008650 0.003226 0.147406 -0.472451 -0.113070 0.000125 -0.080318 -0.399563 -0.003663 -0.045017 -0.018718 -9999.000000 -9999.000000 -9999.000000 -9999.000000 -9999.000000 -9999.000000 -9999.000000 -9999.000000 -9999.000000 -9999.000000 -9999.000000 -9999.000000 -9999.000000 -9999.000000 -9999.000000 -9999.000000 -9999.000000 -9999.000000 -9999.000000 -9999.000000 -9999.000000 -9999.000000 -9999.000000 -9999.000000
-0.180997 -0.327569 -0.185718 -0.572061 -0.076116 -0.501935 -1.029167 -1.034345 -0.625692 -0.378144 -0.232435 -0.432544 -0.013831 0.102383 0.026646 -0.010383 -0.273602 -0.678466 0.081040 0.555466 0.424209 0.844621 0.492937 0.008929 0.005462 0.268992 -0.581521 -0.085970 0.013235 0.000844 -0.346170 -0.152592 -0.030911 -9999.000000 -9999.000000 -9999.000000 -9999.000000 -9999.000000 -9999.000000 -9999.000000 -9999.000000 -9999.000000 -9999.000000 -9999.000000 -9999.000000 -9999.000000 -9999.000000 -9999.000000 -9999.000000 -9999.000000 -9999.000000 -9999.000000 -9999.000000 -9999.000000 -9999.000000 -9999.000000 -9999.000000 -9999.000000
