use_cases/Flooding_chicago/flooding_data/output/hUy_1080.asc
ncols 337
nrows 393
xllcorner 428428.000000
yllcorner 4602440.000000
cellsize 26.757400
NODATA_value -9999.000000
[rows 52 to 77 of 393, columns 232 to 289 of 337]
0.013658 0.010790 0.036556 0.001263 0.000131 0.000330 0.000401 0.000013 0.000000 0.000000 -9999.000000 -9999.000000 -9999.000000 -9999.000000 -9999.000000 -9999.000000 -9999.000000 -9999.000000 -9999.000000 -9999.000000 -9999.000000 -9999.000000 -9999.000000 -9999.000000 -9999.000000 -9999.000000 -9999.000000 -9999.000000 -9999.000000 -9999.000000 -9999.000000 -9999.000000 -9999.000000 -9999.000000 -9999.000000 -9999.000000 -9999.000000 -9999.000000 -9999.000000 -9999.000000 -9999.000000 -9999.000000 -9999.000000 -9999.000000 -9999.000000 0.004488 -0.000598 -0.014363 -0.086810 -0.061529 -0.072473 -0.024227 -0.050227 -0.076447 0.000512 0.001221 0.001296 -0.007158
0.000634 0.000354 0.000142 -0.002702 -0.000136 -0.000396 -0.000555 -0.010184 -0.004809 0.000046 -9999.000000 -9999.000000 -9999.000000 -9999.000000 -9999.000000 -9999.000000 -9999.000000 -9999.000000 -9999.000000 -9999.000000 -9999.000000 -9999.000000 -9999.000000 -9999.000000 -9999.000000 -9999.000000 -9999.000000 -9999.000000 -9999.000000 -9999.000000 -9999.000000 -9999.000000 -9999.000000 -9999.000000 -9999.000000 -9999.000000 -9999.000000 -9999.000000 -9999.000000 -9999.000000 -9999.000000 -9999.000000 -9999.000000 -9999.000000 0.000360 0.000360 -0.000339 -0.001064 -0.688817 -0.456106 -0.431984 -0.037109 -0.075130 -0.059975 -0.000215 0.000976 0.000927 -0.003474
-0.000907 -0.000414 -0.000147 -0.155744 -0.009115 -0.008169 -0.008258 -0.026973 -0.008662 0.002044 -9999.000000 -9999.000000 -9999.000000 -9999.000000 -9999.000000 -9999.000000 -9999.000000 -9999.000000 -9999.000000 -9999.000000 -9999.000000 -9999.000000 -9999.000000 -9999.000000 -9999.000000 -9999.000000 -9999.000000 -9999.000000 -9999.000000 -9999.000000 -9999.000000 -9999.000000 -9999.000000 -9999.000000 -9999.000000 -9999.000000 -9999.000000 -9999.000000 -9999.000000 -9999.000000 -9999.000000 -9999.000000 -9999.000000 -9999.000000 -0.000360 -0.000360 -0.000513 -0.000386 0.012621 -0.218920 -0.198834 -0.486395 -0.385729 -0.056297 -0.000725 -0.000325 0.000913 -0.000805
-0.009349 -0.007506 -0.000732 -0.205773 -0.159300 -0.014281 -0.014461 -0.042220 -0.003556 0.014018 -9999.000000 -9999.000000 -9999.000000 -9999.000000 -9999.000000 -9999.000000 -9999.000000 -9999.000000 -9999.000000 -9999.000000 -9999.000000 -9999.000000 -9999.000000 -9999.000000 -9999.000000 -9999.000000 -9999.000000 -9999.000000 -9999.000000 -9999.000000 -9999.000000 -9999.000000 -9999.000000 -9999.000000 -9999.000000 -9999.000000 -9999.000000 -9999.000000 -9999.000000 -9999.000000 -9999.000000 -9999.000000 -9999.000000 -9999.000000 -0.001711 -0.003480 -0.001443 -0.000576 -0.000029 -0.000002 -0.000000 -0.267686 -0.215602 -0.053657 -0.000713 -0.000522 0.000877 -0.000464
-0.027224 -0.040173 -0.001560 0.081677 -0.083469 -0.087459 -0.059235 -0.123779 -0.006003 0.006080 0.000695 0.001377 0.000095 -9999.000000 -9999.000000 -9999.000000 -9999.000000 -9999.000000 -9999.000000 -9999.000000 -9999.000000 -9999.000000 -9999.000000 -9999.000000 -9999.000000 -9999.000000 -9999.000000 -9999.000000 -9999.000000 -9999.000000 -9999.000000 -9999.000000 -9999.000000 -9999.000000 -9999.000000 -9999.000000 -9999.000000 -9999.000000 -9999.000000 -9999.000000 -9999.000000 -9999.000000 -9999.000000 -9999.000000 -0.000613 -0.002304 -0.012525 -0.006619 -0.329637 -0.366108 0.012852 -0.130918 -0.358652 -0.029949 -0.000277 -0.000251 0.000000 -0.000465
-0.023083 0.000360 0.000360 0.000410 -0.046832 -0.036989 -0.170630 0.001279 0.016350 -0.005287 -0.062118 -0.007746 -0.021149 -9999.000000 -9999.000000 -9999.000000 -9999.000000 -9999.000000 -9999.000000 -9999.000000 -9999.000000 -9999.000000 -9999.000000 -9999.000000 -9999.000000 -9999.000000 -9999.000000 -9999.000000 -9999.000000 -9999.000000 -9999.000000 -9999.000000 -9999.000000 -9999.000000 -9999.000000 -9999.000000 -9999.000000 -9999.000000 -9999.000000 -9999.000000 -9999.000000 -9999.000000 -9999.000000 0.000000 0.000151 -0.006298 -0.061656 0.622968 0.182219 -0.259425 0.039084 -0.051251 -0.450503 0.105484 -0.010512 -0.010551 -0.002441 -0.001016
-0.002167 -0.000360 -0.000360 0.000404 -0.015585 -0.021474 -0.080601 0.076797 0.087002 0.000380 -0.110585 -0.070164 -0.141490 -0.025084 -0.003272 -9999.000000 -9999.000000 -9999.000000 -9999.000000 -9999.000000 -9999.000000 -9999.000000 -9999.000000 -9999.000000 -9999.000000 -9999.000000 -9999.000000 -9999.000000 -9999.000000 -9999.000000 -9999.000000 -9999.000000 -9999.000000 -9999.000000 -9999.000000 -9999.000000 -9999.000000 -9999.000000 -9999.000000 -9999.000000 -9999.000000 -9999.000000 -9999.000000 0.000519 0.000121 -0.014213 0.652470 0.799803 0.213415 -0.290997 -0.066165 -0.073133 -0.637912 0.041050 0.030514 -0.028782 -0.001415 -0.085216
-0.013706 -0.013056 -0.006012 -0.000176 -0.000004 -0.004903 -0.032986 0.178068 0.008647 0.057489 0.006227 -0.047089 -0.081773 -0.027496 -0.191013 0.000137 0.000000 0.000000 0.000000 -9999.000000 -9999.000000 -9999.000000 -9999.000000 -9999.000000 -9999.000000 -9999.000000 -9999.000000 -9999.000000 -9999.000000 -9999.000000 -9999.000000 -9999.000000 -9999.000000 -9999.000000 -9999.000000 -9999.000000 -9999.000000 -9999.000000 -9999.000000 -9999.000000 -9999.000000 -9999.000000 -9999.000000 0.000467 0.000178 -0.000267 0.348936 0.399790 0.134718 -0.285368 -0.431239 -0.260635 -0.097467 0.005957 0.026451 0.129845 0.365269 -0.019157
-0.024030 -0.025833 -0.020338 -0.004096 -0.007867 -0.065111 0.094704 0.014727 0.006917 0.009454 -0.000320 -0.009673 -0.023876 -0.349721 -1.101804 0.086238 -0.236383 -0.006160 -0.000272 0.000000 0.000000 -9999.000000 -9999.000000 -9999.000000 -9999.000000 -9999.000000 -9999.000000 -9999.000000 -9999.000000 -9999.000000 -9999.000000 -9999.000000 -9999.000000 -9999.000000 -9999.000000 -9999.000000 -9999.000000 -9999.000000 -9999.000000 -9999.000000 -9999.000000 -9999.000000 0.000000 -0.000023 -0.000000 0.000698 0.009502 -0.042172 -0.096793 -0.300247 -0.695448 0.016237 1.008080 -0.046231 -0.088865 0.008365 0.433599 0.080392
-0.364071 -0.699578 -0.038873 -0.030443 -0.081498 -0.048573 0.025910 0.007737 0.003946 0.000224 -0.000355 -0.048007 -0.022263 -0.105423 -0.738933 0.197145 0.222762 0.052214 -0.001881 -0.017315 -0.008164 0.000000 -9999.000000 -9999.000000 -9999.000000 -9999.000000 -9999.000000 -9999.000000 -9999.000000 -9999.000000 -9999.000000 -9999.000000 -9999.000000 -9999.000000 -9999.000000 -9999.000000 -9999.000000 -9999.000000 -9999.000000 -9999.000000 -9999.000000 0.001010 -0.000326 -0.000574 -0.000244 0.000641 0.001083 -0.227368 -0.237485 -0.105687 -0.810463 -0.015648 1.097197 -0.017858 -0.023159 -0.001144 0.000805 0.065818
0.026052 -0.222376 -0.366909 -0.764870 -0.070382 -0.006662 0.020475 0.000345 0.000222 0.000164 0.000048 -0.031056 0.105562 -0.001053 -0.208545 0.179970 0.234026 0.013732 -0.009288 -0.595314 0.016765 -0.004720 0.000000 0.004542 0.000009 0.000410 -9999.000000 -9999.000000 -9999.000000 -9999.000000 -9999.000000 -9999.000000 -9999.000000 -9999.000000 -9999.000000 -9999.000000 -9999.000000 -9999.000000 -9999.000000 -9999.000000 -9999.000000 0.001196 0.000659 0.000162 -0.000081 -0.000004 0.001640 -0.104744 -0.254117 0.228631 -0.426226 -0.073464 0.826594 -0.218666 -0.021444 -0.000319 0.000149 0.000222
0.121874 -0.052013 -0.020788 -0.393872 -0.036080 0.013491 0.006644 0.000200 -0.000222 -0.000003 -0.000000 0.002945 0.031483 0.437845 0.025300 0.411701 0.382451 -0.035973 -0.138682 -0.331195 0.324415 -0.059101 0.000577 0.005987 -0.000422 -0.000013 0.000326 0.000276 0.000700 0.000720 -9999.000000 -9999.000000 -9999.000000 -9999.000000 -9999.000000 -9999.000000 -9999.000000 -9999.000000 -9999.000000 -9999.000000 -9999.000000 0.001319 0.001778 0.000849 -0.000029 -0.000558 0.005692 0.063634 -0.279323 1.082962 -0.184981 -0.073726 0.527482 -0.572181 -0.017373 -0.000198 -0.000247 -0.000222
0.167716 -0.068564 0.579160 0.561750 0.017910 0.011839 0.000452 -0.001332 -0.007173 -0.004890 -0.005134 0.013433 0.027764 0.021074 0.023739 0.024673 0.010528 0.016460 -0.040671 -0.169286 0.227725 0.038611 0.001123 0.003246 -0.002787 -0.007010 -0.000208 -0.000003 -0.000554 -0.000621 -0.000034 -0.000001 -0.000000 -0.000000 -0.000000 -0.000000 0.247108 0.000944 0.000278 0.000186 0.000428 0.000384 0.001139 0.000066 0.000122 -0.000622 0.031119 0.123725 0.334882 1.777345 0.316510 0.374478 0.321173 -0.388952 0.055899 0.003781 0.005639 0.013108
0.217642 -0.077922 0.022271 0.018268 0.026282 0.007511 -0.000334 -0.001373 -0.011023 -0.015394 0.172717 0.094554 0.053625 -0.010149 0.046814 0.079309 0.009135 0.000717 0.021313 0.351891 0.043906 0.063942 0.000360 0.000360 -0.002013 -0.047108 -0.010392 -0.009855 -0.001119 -0.006345 -0.027777 -0.003635 -0.012335 -0.005291 -0.003074 0.036942 0.282572 0.000125 0.000022 0.000039 0.000247 0.000272 -0.000101 -0.000331 0.000116 0.132850 0.129456 0.088686 0.067276 0.099711 0.139161 0.103668 0.040464 0.125438 0.068037 0.003777 0.019587 0.052377
0.232879 0.033055 0.000526 0.001900 0.019098 -0.000018 -0.000738 -0.009689 -0.000734 -0.063801 0.045334 0.094148 0.032756 -0.102134 0.052960 0.083328 0.005976 0.000959 0.001043 0.007571 0.003571 0.002991 -0.000360 -0.000360 -0.001661 -0.072054 -0.159303 -0.130764 -0.002977 -0.115510 -0.237383 -0.023739 -0.022001 -0.018576 -0.004069 0.067388 0.061648 -0.000193 -0.000273 -0.000182 -0.000282 0.000000 -0.000201 -0.000299 0.000130 0.031575 0.035831 0.021628 0.040735 0.033113 0.107149 0.045389 0.007435 0.097920 0.046041 0.000105 0.000777 0.013764
0.474535 0.024661 0.000488 0.000305 0.000248 -0.002465 -0.001416 -0.045310 -0.004368 0.007618 0.095746 0.168359 0.284612 -0.057276 0.132805 0.059003 0.007543 0.000334 0.000041 0.000002 0.007077 -0.002779 -0.004488 -0.014597 -0.002229 0.009158 -0.127012 0.014616 0.006287 0.001148 0.001883 -0.043297 -0.015342 -0.014860 -0.031651 0.034617 0.280626 -0.002441 -0.007771 -0.011224 -0.000410 -0.000272 -0.000469 -0.000278 -0.000225 0.000346 0.000962 0.031130 0.011560 0.035264 0.027962 0.041522 0.004522 0.015918 0.024632 0.000018 0.000211 0.000391
0.665218 0.037774 0.000453 -0.000193 -0.000687 -0.002998 0.000011 -0.006442 -0.001148 0.040849 0.086351 0.327540 0.512055 -0.048566 0.063328 0.068171 0.010354 -0.000011 -0.001012 -0.003973 -0.000251 0.252178 0.167149 0.102765 -0.155570 0.084282 -0.171809 -0.074689 0.000496 -0.000167 0.004681 -0.008870 -0.056963 -0.037440 -0.030405 -0.010921 -0.003664 0.000000 -0.094793 -0.028255 -0.000556 -0.000384 -0.000444 -0.023708 -0.003439 -0.186582 0.091948 0.000883 0.001275 0.013941 0.004667 0.005330 0.006602 0.000569 0.000393 -0.033608 -0.000495 -0.000063
0.446928 0.261455 -0.000095 -0.002225 -0.017406 -0.000765 0.000012 0.000553 0.000960 0.032316 0.031543 0.195519 0.126580 -0.000536 0.000052 0.001134 0.001635 -0.000351 -0.018602 -0.003465 -0.025425 0.406217 0.231721 0.136213 0.039521 0.195018 -0.670560 -0.668881 0.000092 0.000002 0.009061 0.002588 -0.020741 -0.023670 -0.046441 -0.041287 -0.039749 -0.114305 -0.046724 -0.122926 -0.000558 -0.004044 -0.008629 -0.059050 -0.229499 -0.346609 0.220583 0.000729 0.000001 0.000000 0.000502 0.001809 0.000477 -0.000247 -0.000331 -0.067334 -0.008917 -0.000104
0.477899 0.343567 -0.011724 -0.015352 -0.046884 -0.005852 -0.010322 0.000682 0.015157 0.025639 0.026917 0.010832 0.130104 0.013739 0.056891 0.000098 -0.000100 -0.000764 -0.042952 -0.025044 0.248132 0.527898 0.266628 0.133067 0.718982 0.876452 -0.832993 -1.339789 -0.147794 -0.068326 0.028410 0.015918 0.016566 0.077387 -0.057102 -0.062437 -0.047238 -0.214769 -0.282090 -0.220679 -0.011389 -0.022138 0.144364 0.379818 -0.040168 -0.461777 0.247067 0.001121 -0.001284 -0.014079 -0.004426 -0.005248 -0.006654 -0.000554 -0.040970 -0.068249 -0.012062 -0.004382
0.616104 0.221509 -0.042780 -0.079384 -0.076007 -0.011411 -0.023276 0.000847 0.008672 0.010828 0.008968 0.000538 0.000379 0.009015 0.032672 -0.000583 -0.001311 -0.011626 -0.004875 0.295990 1.001859 0.590910 0.259097 0.121852 0.162672 0.335526 -0.875633 -0.891580 -0.325865 -0.173509 -0.027165 0.026594 0.065881 0.045272 -0.048435 -0.572674 -0.677007 0.162694 0.248876 -0.207346 -0.044906 0.003246 0.282240 0.399251 0.060513 -0.415538 0.367995 0.056730 -0.041544 -0.101599 -0.002685 -0.003804 -0.005027 -0.078811 -0.019265 -0.448100 -0.005270 -0.020698
0.711293 0.344582 0.341204 -0.027894 -0.147315 -0.030262 -0.011166 0.000149 0.000222 0.000139 0.000096 -0.000037 0.000344 0.004813 -0.031209 -0.000991 -0.001044 -0.027856 -0.035763 0.488208 1.223316 0.538950 0.001366 0.006718 0.002788 0.013567 -0.283720 -0.636871 -0.411117 -0.338880 -0.247195 0.012508 0.006271 0.018599 -0.013437 -0.361479 -0.616428 0.141535 0.411130 0.848525 0.036268 0.029417 0.007529 0.034726 0.245724 -0.314398 0.514209 0.292953 -0.180287 -0.143136 0.017979 0.160544 -0.001696 -0.153683 -0.315194 -0.146780 0.337841 -0.001298
0.122434 0.043794 0.762385 0.745106 0.652029 0.037932 0.023702 0.000314 -0.000222 0.000011 -0.000072 -0.000254 0.000905 0.008683 -0.100192 -0.000722 -0.008547 0.073146 0.105801 0.452164 1.168848 0.344425 0.000951 0.000554 0.004189 0.000670 0.053590 -0.530073 -0.505647 -0.401515 -0.375197 -0.013687 0.000326 0.007312 0.001058 0.060680 -0.003661 0.301355 0.448153 0.028076 0.008244 0.011895 0.003929 0.006519 0.011336 -0.476652 0.431194 0.284007 -0.075922 0.042677 0.614095 0.291994 0.755524 0.581158 -0.016319 0.616511 0.021115 0.018034
0.100533 0.027861 0.021828 0.015012 0.030568 0.051002 0.012718 0.000402 -0.004495 -0.000321 -0.000518 0.007851 0.000802 0.064731 -0.077788 -0.006801 0.038096 0.104338 0.152256 0.637810 1.109336 0.097456 0.000951 0.000247 0.000331 -0.000183 -0.000003 -0.265621 -0.498139 -0.529670 -0.359433 -0.011265 -0.000208 -0.000003 0.010584 0.044699 0.057183 0.059721 0.039101 0.005146 0.000120 0.000000 0.000000 0.000000 0.000000 -0.292752 0.173144 0.332011 -0.111986 -0.060136 0.027590 0.031438 0.014979 0.017825 0.101785 0.018224 0.006435 0.008750
0.029585 0.024535 0.000063 0.000253 0.003929 0.017207 0.001046 0.000044 -0.016429 -0.004713 -0.000535 0.042164 0.213135 0.126566 -0.026252 -0.007776 0.002955 0.078971 0.194222 0.204942 1.198509 -0.047737 0.000235 -0.000569 -0.000393 -0.008416 0.003050 -0.048320 -0.362436 -0.358474 -0.408614 -0.002362 -0.007437 -0.007079 0.097489 0.007328 0.000109 0.000000 0.000499 -0.000014 -0.000435 -0.002350 -0.007509 -0.009718 -0.011869 -0.123126 -0.008580 0.276263 0.076759 0.001754 0.022662 0.013894 0.007560 0.011070 0.011767 0.001351 0.000000 0.000000
0.001026 0.000446 -0.000063 -0.000143 0.000000 0.000000 -0.000159 -0.004018 -0.019563 -0.018233 0.002636 0.141628 0.148832 0.023952 0.085485 -0.006526 -0.009591 0.051824 0.198535 0.657943 0.246935 0.000574 -0.000453 -0.007789 -0.014518 0.025973 0.014385 -0.020000 -0.289492 -0.307751 -0.488388 -0.010230 -0.106561 -0.102635 0.177967 0.058475 -0.000971 -0.013958 -0.003260 -0.017983 -0.000791 -0.001477 -0.017226 -0.021855 -0.262978 -0.032956 0.018656 0.010086 0.233960 0.003926 0.008380 0.000334 0.000339 0.000001 0.000000 -0.001309 -0.011411 -0.009979
-0.001645 -0.002632 -0.018235 -0.008407 -0.008066 -0.008066 -0.017709 -0.012399 -0.022581 -0.146288 0.002612 0.251777 0.018987 0.041121 0.237404 0.095902 0.166789 0.090977 0.243826 0.442885 0.000993 0.001225 0.001035 -0.024307 -0.672234 0.045687 0.063609 0.044789 -0.186650 -0.224807 -0.322624 -0.006788 -0.050788 0.049701 0.174738 0.050012 0.046934 -0.119292 -0.017714 -0.059617 -0.000482 -0.000660 -0.002045 -0.023382 -0.144045 0.083171 0.210150 0.025068 0.423581 0.030829 0.000367 0.000010 -0.000240 -0.000544 -0.000108 -0.004894 -0.061978 -0.048848
