use_cases/Flooding_chicago/flooding_data/output/hUy_3360.asc
ncols 337
nrows 393
xllcorner 428428.000000
yllcorner 4602440.000000
cellsize 26.757400
NODATA_value -9999.000000
[rows 104 to 129 of 393, columns 232 to 289 of 337]
0.751559 0.974988 0.637920 0.403455 0.477322 0.176527 -0.077125 0.409152 1.291195 2.369037 2.546698 3.296185 2.849057 0.406356 0.597365 2.013512 3.102536 4.045375 4.483745 2.175622 0.023679 -0.000013 -0.000254 0.000139 0.000031 0.981203 1.768319 0.802278 0.043534 0.027316 0.097678 2.313039 0.269995 -0.111050 0.064657 0.488133 0.385228 0.641919 3.866931 4.219694 5.588031 5.356011 5.108366 7.263534 6.094217 5.143529 5.593764 4.262678 2.564144 -0.125067 -0.069420 0.005612 0.000847 0.004960 0.188713 1.366035 0.712646 0.328106
0.827563 1.175437 0.671017 0.458439 0.946679 0.622948 -0.103266 0.789687 1.683199 2.383072 1.684643 3.085386 2.553930 0.671405 1.051811 2.615110 3.388326 4.138448 4.136947 1.703101 0.038908 -0.000449 -0.000244 -0.000238 -0.000042 0.073844 1.284826 0.863736 0.076824 0.060904 0.048317 1.472216 0.016548 0.038977 0.703954 1.102054 1.298114 3.044893 5.654091 5.389745 6.679450 4.536100 5.720523 7.058957 5.501422 4.597110 4.100657 3.161705 1.893845 -0.686334 -0.165758 0.001813 0.000897 0.005540 0.050017 0.007260 0.008175 0.002406
1.143765 1.227918 0.691534 0.547060 1.037201 0.898514 0.091171 1.091609 1.520732 1.521467 1.599603 1.770483 0.889717 1.081108 1.402094 3.296705 3.156513 4.001009 3.307477 0.984249 0.027611 0.000001 -0.000151 -0.000155 -0.001449 0.950409 1.075971 0.844456 0.397078 0.281414 0.349891 1.191741 0.053933 0.011395 1.612415 2.468068 1.771423 3.751129 6.143037 3.933697 3.558636 4.591984 6.523980 6.385136 5.632601 3.763050 3.663541 2.566155 1.446863 -0.903171 0.000683 0.000721 0.000814 0.006815 0.028805 0.008550 0.002722 0.003185
1.274376 1.027696 0.304225 0.248497 0.831549 1.199238 0.447694 1.151826 1.386719 1.675018 1.409222 1.507155 1.292123 1.363273 2.500285 3.700334 3.842221 3.317277 2.271199 0.111133 0.081628 -0.000006 -0.000051 -0.001264 -0.115786 1.350000 1.276414 0.745966 0.417975 0.304385 0.620921 1.272758 0.526774 0.345644 2.165632 2.177205 2.568815 4.588333 5.983585 4.125594 3.512185 5.084744 6.722093 7.447388 4.564160 3.139299 0.811266 1.518773 1.531924 -1.021759 0.015089 0.000013 0.000013 0.005539 0.005848 0.006582 0.003021 0.001064
1.085716 0.432395 0.174306 0.149368 1.270416 1.627217 0.649547 1.001725 1.466177 1.321340 1.522724 1.658674 1.477743 1.962298 2.840047 4.468914 3.729905 2.810439 1.438699 0.115319 0.107728 0.057601 -0.000278 -0.146148 0.411772 1.735135 1.168949 0.769182 0.550087 0.466296 1.362478 1.449278 1.002983 1.710974 2.916929 1.959544 3.421550 5.552221 6.249356 4.468363 3.792493 3.296575 2.941921 6.179918 4.772573 1.408359 0.702125 1.618357 1.509895 -0.657825 0.021621 -0.000013 -0.000013 0.000225 0.000157 0.000067 0.001756 0.000419
0.872940 0.047492 0.053574 0.072101 1.667322 1.693807 0.720948 0.991141 1.207085 1.142456 1.194713 1.318966 1.547998 2.328424 3.902192 3.905262 2.043515 2.295439 0.125651 0.135598 0.114611 0.084204 -0.081535 0.315573 1.038013 1.835379 0.822825 0.891768 0.739865 1.203168 2.487499 2.181069 2.187267 2.351041 2.631378 2.646661 3.475664 4.079696 4.629961 4.683533 2.355386 3.324952 2.852868 5.636191 3.709762 1.620491 0.691010 1.016142 1.038826 0.179188 0.043846 -0.000820 -0.001649 -0.000163 -0.000031 -0.000003 -0.000000 -0.000000
0.838948 0.083617 0.036165 0.083832 1.743330 1.720479 0.789268 1.073850 1.281747 1.152878 0.979041 1.090980 1.361123 2.241923 3.927929 3.819925 2.251189 1.341851 0.149478 0.420065 0.122388 0.111710 0.061220 0.556406 1.169408 1.680177 1.468992 1.553631 2.199167 3.054063 3.808863 2.796799 2.904443 2.715342 3.141229 2.781932 3.190809 3.744003 4.667583 2.697588 2.484259 2.221419 3.149209 4.497756 1.819667 1.778931 0.254235 0.246828 0.380124 0.487993 0.172683 -0.003159 -0.007755 -0.002484 -0.004476 -0.001177 -0.002257 -0.000902
0.986349 0.211632 0.101923 0.178426 1.845673 1.656620 0.913460 1.288352 1.244198 1.089127 0.931881 1.070820 1.480704 2.899138 4.080976 3.762992 1.389887 1.340187 0.500359 0.613072 0.407468 0.359943 0.394630 0.714425 1.634143 2.178799 2.369057 2.449695 2.679258 3.654134 4.338603 3.209949 2.864569 3.060958 3.548734 2.347322 1.956303 2.277810 3.092700 2.727901 3.962770 3.014800 1.732592 1.914593 3.026226 1.542419 0.333025 0.045272 0.185869 0.624544 0.436430 -0.013007 -0.019058 -0.005298 -0.011723 -0.008939 -0.003868 -0.002459
0.966632 0.382336 0.273743 0.250559 2.291345 1.649311 1.214016 1.356120 1.154491 0.871596 0.551568 0.676518 1.096872 2.775438 5.441117 4.133768 1.860347 1.900293 0.935773 0.795547 0.477851 0.463096 0.463834 1.325764 2.598369 3.106914 3.008527 2.756759 3.096733 3.730090 3.995920 2.921644 2.895366 3.474675 2.652413 1.095911 1.663922 2.116827 3.411482 4.435966 4.682781 2.130141 1.665510 1.943151 1.268362 1.250879 0.282006 0.043523 0.207080 0.361118 0.711998 0.648950 -0.154005 -1.042093 -0.816780 -0.017637 -0.019844 -0.025867
0.799319 0.493319 0.316483 0.406701 2.711432 1.981871 1.272843 1.456691 1.154588 0.749080 0.564094 0.698813 1.129264 2.691313 4.374809 3.419451 1.954679 1.876354 1.036425 0.902402 0.505763 0.644133 1.253350 1.801018 2.807810 3.344503 2.894073 2.827286 2.602594 3.017298 3.734488 2.903977 2.006182 2.363912 1.311642 1.200299 1.663023 2.023612 5.692097 6.111041 4.138868 1.777475 0.719586 1.110592 0.422793 0.332138 0.030708 0.032099 0.007245 0.000376 1.565163 0.652105 0.212698 -0.546018 -0.249256 -0.073598 -0.043131 -0.001343
0.920237 0.913361 0.539167 0.740859 2.511624 2.301524 1.217721 1.448224 0.932928 0.782113 0.509885 0.544308 1.057486 2.683845 3.313075 3.518700 1.597002 2.165703 1.205518 1.267322 1.083961 1.040806 1.810905 2.191592 2.829573 3.195513 3.261916 3.221792 2.892899 3.102972 3.386672 2.876300 2.228769 1.982331 1.940844 1.253931 1.933695 3.065064 6.291075 7.049449 4.452770 0.207125 0.207077 0.510368 0.004401 0.003095 0.006628 0.020143 0.007756 0.000243 0.668459 0.583737 0.113732 -0.257676 0.005756 0.763715 -0.007359 -0.000413
1.074369 1.071194 0.668155 1.029992 2.552079 1.823845 1.198993 1.145316 0.647812 0.463734 0.352348 0.414733 0.759684 2.177274 3.499899 3.624626 2.796220 2.355984 1.524464 1.742969 1.592382 1.391475 2.033045 2.495533 2.613679 3.326922 3.153326 2.652112 2.601140 2.584973 2.917248 2.422800 1.994716 2.408507 1.884493 1.768695 1.220087 4.305084 8.311595 6.836453 2.878649 -0.171598 0.188197 0.022233 0.001780 0.000527 0.000467 0.019621 0.000137 0.000005 0.003284 0.522019 -0.003540 -0.185138 0.025115 0.897667 -0.003307 0.002221
1.257224 1.298897 0.812284 1.044354 2.462394 1.322125 0.967023 1.157009 0.659148 0.222843 0.130710 0.231787 0.503919 2.256815 4.694816 4.736215 3.685934 3.083906 2.198564 1.990859 1.926820 2.219834 2.195595 2.514858 2.863927 3.245469 3.239156 2.643461 2.424214 2.204257 2.302182 1.776158 2.008926 2.167382 1.717483 1.737033 1.636941 2.342944 7.349622 3.268945 2.180634 0.048821 0.008844 0.029930 0.000053 0.001475 0.000898 0.005294 0.000948 -0.000005 0.000910 0.011049 0.076956 -0.217308 -0.080524 1.346979 -0.199565 0.000000
1.865474 1.743396 0.991648 1.083335 2.424680 1.164028 0.915190 1.117171 0.290856 0.005044 0.000023 0.000008 0.016288 2.598615 6.147698 6.090909 4.936849 3.816620 2.717830 2.305559 2.009829 2.311512 2.562925 3.081331 3.130027 3.251921 3.570091 2.735834 2.254605 1.646248 1.405693 1.518024 1.557945 1.430356 1.076886 1.223827 0.767847 2.094857 6.081356 4.150116 2.124119 0.029619 0.001907 0.028361 0.001913 0.002468 0.000012 0.000018 0.000000 -0.001055 -0.000020 0.008090 0.003293 0.054844 -0.021484 0.828649 0.000002 -0.000678
2.131105 1.857908 0.973931 1.135191 2.116228 1.027988 0.818176 0.628722 0.075432 0.022101 0.000070 -0.000000 -0.014494 2.830693 6.569717 6.084172 4.930097 3.524551 2.783764 1.707737 2.402674 3.323350 3.362674 3.470026 2.928681 3.109060 3.442230 2.425573 1.461159 1.242040 0.717164 1.613536 1.309166 0.884509 0.820001 1.244705 0.192935 2.987915 4.285322 5.813156 1.925229 0.013824 -0.000115 0.000106 0.002279 0.012588 -0.000016 -0.000024 0.006275 -0.117574 0.124767 0.023068 0.007773 0.213834 0.005549 0.013353 0.000061 -0.001021
2.428633 2.020277 1.012982 0.541469 0.860702 0.539892 0.466316 0.461537 -0.342945 -0.212730 -0.000001 -0.000008 0.000376 3.127646 6.955971 7.431524 5.906069 4.820982 3.294121 2.218391 2.780011 3.580595 3.753948 3.518753 2.314843 2.689832 3.566651 1.721503 1.158559 0.887240 0.432177 1.305895 0.882702 0.956731 1.076803 0.582190 0.517857 1.356350 3.341984 6.915502 2.346750 0.441787 0.065423 0.045702 0.001377 0.017762 -0.061955 -0.062883 0.017204 0.016581 0.015919 0.022522 0.020753 0.165368 0.020681 0.000130 0.000000 -9999.000000
3.325800 2.036556 0.745220 -0.029117 0.156791 0.239974 0.235258 0.506543 -0.454632 -0.260801 -0.000310 -0.002353 0.311230 4.081421 8.147043 7.223339 5.626954 4.230748 3.631514 2.652404 3.009515 3.823954 3.656021 3.008600 2.201017 2.978317 3.527847 1.545083 0.726120 0.348169 0.207378 0.006983 0.003480 0.006272 0.089951 0.176461 0.238577 0.643172 3.987927 7.072043 2.682455 0.845465 0.205631 0.119324 0.120913 0.035360 0.022711 0.087067 0.015862 0.021815 0.000533 0.005191 0.016407 0.021489 0.011521 0.001325 -9999.000000 -9999.000000
2.398299 1.945585 0.452233 -0.102988 0.214139 0.195437 0.222911 0.742639 -0.510202 0.001928 -0.000054 0.210439 1.951372 7.100297 8.518445 7.416318 5.729070 4.180638 2.948479 3.529354 3.135272 3.881075 3.254831 2.474391 1.387120 2.251654 2.157130 0.634042 0.000459 0.000202 0.001328 0.001265 0.003486 0.003082 0.009443 0.020119 0.005021 0.707340 3.966599 7.533980 3.222919 0.440270 0.138273 0.031771 0.067447 0.059092 -0.004131 0.101057 0.011701 0.000219 0.000460 0.004679 0.003883 0.006024 0.001140 0.001130 -9999.000000 -9999.000000
2.377749 2.190608 0.574401 0.070414 0.000921 0.002334 0.002209 0.010435 0.001134 0.001058 0.000028 0.506040 2.447807 7.166314 8.729156 7.438853 5.590846 4.691836 3.104785 2.687937 2.713810 3.208997 2.412068 1.595241 0.976262 1.988526 1.999277 -0.139264 0.000096 0.000861 0.013088 0.003599 0.015813 0.000490 0.006640 0.004308 0.001640 0.601297 4.113389 8.284033 3.237710 0.619309 0.133115 0.010622 0.109343 0.071580 0.007341 0.153668 0.077206 0.004535 0.000112 0.001501 0.027289 0.023380 0.001847 0.000080 -9999.000000 -9999.000000
1.340265 2.139982 0.692024 0.023152 0.000001 0.000158 0.001240 0.000187 0.000043 0.000005 0.000002 1.406300 3.886177 8.238754 9.302787 7.556850 5.416661 4.506058 2.849080 2.626580 2.867070 2.707470 1.580981 1.174248 0.443012 1.688538 2.176602 -0.465968 0.006175 0.013233 0.008234 0.013849 0.006126 0.001238 0.000874 0.001145 0.000066 0.172758 2.047951 7.170689 4.899571 1.010776 0.181450 0.041173 0.173878 0.123875 0.010879 0.010694 0.004315 0.004274 0.001377 0.016083 0.009724 0.003059 0.000066 -9999.000000 -9999.000000 -9999.000000
0.895998 0.517853 0.285707 0.113123 0.001223 0.000126 0.000015 0.000002 -0.000016 -0.000004 -0.000010 2.088487 4.461166 9.479698 9.945768 9.071259 5.936880 4.245880 2.766220 2.202925 2.660302 2.202109 1.159702 0.760937 -0.095648 1.126539 2.349699 -0.496177 0.001960 0.005045 0.003532 0.002825 0.002776 0.000016 0.000044 0.000016 0.000001 0.147582 0.990588 5.493634 6.801779 1.727210 0.432855 0.069882 0.103871 0.017525 0.007883 0.001250 0.003040 0.000365 0.002541 0.012868 0.000615 0.000009 -9999.000000 -9999.000000 -9999.000000 -9999.000000
0.023915 0.010725 0.032515 0.029840 0.019664 0.003180 0.000037 -0.000025 -0.000723 -0.000978 -0.000023 3.373907 5.543947 12.502810 13.640872 8.628436 5.136573 3.632833 2.242846 2.371395 2.548972 1.958777 0.837437 0.539497 -0.505945 1.112532 2.240985 0.037870 0.001643 0.001279 0.000648 0.000091 0.004235 -0.000016 -0.000044 -0.000016 -0.000007 0.179042 0.303468 2.630293 8.731882 5.866684 0.825224 0.003608 0.041261 0.026653 0.001103 0.000005 0.000207 0.000107 0.003432 0.003109 0.000086 -9999.000000 -9999.000000 -9999.000000 -9999.000000 -9999.000000
0.003466 0.001460 0.021938 0.012289 0.002444 0.004394 0.000094 -0.000984 -0.003433 -0.305137 0.310038 4.769122 7.520284 14.209422 14.263632 8.372885 4.703548 3.360338 1.264379 1.908098 1.954820 1.544821 0.668094 0.803862 -0.381590 0.008828 0.002728 0.001896 0.000557 0.000008 0.000003 0.000003 0.000000 0.265896 0.199138 0.163744 0.189583 0.230496 0.071396 0.173876 6.710125 6.546595 3.123433 0.002428 0.028503 0.023983 0.006153 0.000641 0.000022 0.000312 0.002702 0.000066 -9999.000000 -9999.000000 -9999.000000 -9999.000000 -9999.000000 -9999.000000
0.003536 0.000217 0.019140 0.001768 0.001405 0.004116 0.001193 -0.009091 -0.829088 -0.010309 1.639714 4.464825 7.658005 14.391644 13.913797 8.080128 3.483663 1.956491 0.707406 1.820789 1.762833 1.466127 0.817773 1.489114 0.223935 0.005576 0.001149 0.000059 0.000012 -0.000000 -0.000002 -0.000007 0.237389 0.271546 0.000841 0.001383 0.000814 0.003774 0.000223 0.001490 3.488816 7.179328 3.521728 0.014261 0.016042 0.005495 0.009945 0.001598 -0.000012 0.000190 0.000427 -9999.000000 -9999.000000 -9999.000000 -9999.000000 -9999.000000 -9999.000000 -9999.000000
0.723953 0.000259 0.008006 0.000920 0.000370 0.002258 0.006035 0.118405 -0.751087 0.355877 2.776742 5.418042 8.829994 16.766848 16.614017 8.922611 3.214216 0.476349 0.112839 0.780743 0.789496 0.795936 0.745998 2.265918 0.153955 0.060433 0.000086 0.000270 0.000027 -0.000008 -0.000046 0.058260 0.194778 0.000109 0.000030 0.000050 0.000017 0.000048 0.000039 0.000918 2.851693 6.750675 5.770370 0.007831 0.002143 0.008138 0.010706 0.002594 -0.000023 0.000257 0.001263 0.000258 -9999.000000 -9999.000000 -9999.000000 -9999.000000 -9999.000000 -9999.000000
1.863247 0.737571 0.001342 0.003416 0.000562 0.000059 0.053927 0.243143 0.139103 0.275868 1.519848 6.065457 10.174974 13.742400 12.349724 9.078249 4.529459 0.436340 0.308159 0.899851 0.982006 0.405173 0.678948 0.857712 0.309841 0.161211 0.000354 0.005985 0.000217 0.000154 -0.000083 0.060286 0.102702 0.000078 -0.000019 -0.000046 -0.000015 0.000121 0.000094 0.001175 2.034863 7.726007 5.790662 0.000216 0.000354 -0.015977 0.194166 0.024143 0.000319 0.000063 0.005777 0.000404 -9999.000000 -9999.000000 -9999.000000 -9999.000000 -9999.000000 -9999.000000
