use_cases/Flooding_chicago/flooding_data/output/hUy_600.asc
ncols 337
nrows 393
xllcorner 428428.000000
yllcorner 4602440.000000
cellsize 26.757400
NODATA_value -9999.000000
[rows 104 to 129 of 393, columns 232 to 289 of 337]
-0.356930 -0.029724 -0.039209 -0.032823 -0.050735 -0.091437 -0.065929 -0.014545 -0.002121 0.007514 0.019693 0.596419 -0.056575 -0.006698 -0.006698 -0.013344 -0.007431 -0.127537 0.281152 0.001608 0.001194 -0.000380 -0.002415 0.000912 0.000421 0.017568 0.030654 0.000702 0.000118 0.000531 0.006948 0.031289 0.026961 0.023963 0.068999 -0.019724 -0.000003 -0.000208 0.105564 0.048578 0.002135 0.284668 0.307503 0.381341 0.121931 0.056945 0.722622 0.434255 -0.252667 -1.010834 0.018286 0.026492 0.013384 0.029863 0.163184 0.709951 1.846752 0.076734
0.030881 0.013461 -0.024682 -0.020960 -0.031837 -0.236157 -0.396619 -0.030586 -0.006777 0.006992 0.000947 0.041607 0.048266 -0.014260 -0.012765 -0.032795 -0.005256 -0.273994 0.494592 0.023747 0.000296 -0.000238 -0.002161 -0.001884 -0.000547 -0.000018 0.000222 -0.000357 -0.000600 -0.000449 -0.000015 0.002046 0.000326 0.008977 0.000294 -0.006729 -0.001745 0.143085 0.229477 0.096269 0.136998 0.206646 0.233777 0.499436 0.015999 0.119538 0.507592 0.544193 0.066149 0.008221 0.007277 0.018869 0.012725 0.029971 0.180184 0.039688 0.045631 0.022581
0.129314 0.081235 0.010156 0.007359 0.007940 -0.209076 -0.241068 -0.040038 -0.002916 0.000018 0.000389 0.000905 0.000000 -0.004351 -0.002900 -0.156818 0.002038 -0.135498 0.540293 0.010054 -0.000328 0.000041 -0.001588 -0.001685 -0.011165 -0.034045 -0.001820 -0.004862 -0.006392 -0.006875 -0.021884 -0.002684 -0.000208 -0.000003 0.000122 -0.000616 -0.001223 0.183733 0.291719 0.003798 0.003502 0.375388 0.190879 0.726183 -0.005674 0.037768 0.043348 0.088392 0.139455 0.030165 0.000723 0.009311 0.009923 0.036412 0.113727 0.046692 0.021279 0.026346
0.159345 0.028044 0.000399 0.000621 0.000017 -0.065032 -0.090913 -0.285410 -0.002706 -0.004752 -0.000987 -0.001296 -0.011704 -0.002873 -0.002349 -0.039223 -0.091201 0.385158 0.668082 0.001153 0.000763 -0.000243 -0.000868 -0.012336 -0.020964 -0.199933 -0.002076 -0.003977 -0.006230 -0.005228 -0.071136 -0.039740 -0.007371 -0.006221 -0.001605 -0.000005 0.004049 0.201710 0.276587 0.013483 0.011561 0.057571 0.229613 1.210065 0.005605 0.018167 0.002475 0.010319 0.194765 0.095204 0.008232 0.000360 0.000360 0.027649 0.028102 0.034907 0.024990 0.013167
0.159961 -0.115726 -0.000323 -0.000042 -0.008742 -0.012215 0.119095 -0.131796 -0.003502 -0.004512 -0.006202 -0.007504 -0.036960 -0.016156 -0.002960 0.075202 -0.013107 0.027400 0.024002 -0.000264 -0.001414 -0.008147 -0.004363 -0.026132 -0.021158 -0.166917 -0.000613 -0.002495 -0.005031 -0.002709 -0.076424 -0.092012 -0.009691 -0.077770 -0.003591 -0.000502 0.026266 0.230806 0.298367 0.041941 0.026760 0.051338 0.050199 0.951058 0.048872 0.006899 0.008455 0.054992 0.261458 0.009753 0.005441 -0.000360 -0.000360 0.001727 0.001446 0.001213 0.013774 0.005981
0.092133 -0.160896 -0.000698 -0.000527 -0.019945 -0.139800 0.273625 0.118554 -0.001573 -0.002739 -0.005828 -0.005155 -0.092385 -0.084813 -0.004603 0.000708 0.001931 0.020574 -0.000056 -0.001985 -0.005063 -0.008012 -0.014537 -0.023692 -0.145842 -0.170071 -0.000084 -0.001931 -0.002667 -0.013289 -0.011417 -0.222180 -0.045298 -0.031126 0.004292 0.045850 0.070129 0.094115 0.141656 0.088612 0.030962 0.100754 0.141452 0.671164 0.063250 0.019280 0.015988 0.092144 0.116096 0.005034 0.000060 -0.007953 -0.012593 -0.001452 -0.000545 -0.000093 -0.000000 -0.000003
-0.063514 -0.054560 -0.000581 -0.000436 -0.001183 -0.167352 0.389444 0.257209 0.005588 -0.023825 -0.002953 -0.002354 -0.047781 -0.044078 -0.007924 0.000342 0.000243 0.000109 -0.000561 -0.045685 -0.003346 -0.004845 -0.003371 -0.003479 -0.076784 -0.130416 -0.006873 -0.008774 -0.012696 -0.126121 -0.136312 -0.144969 -0.135406 -0.014566 0.017482 0.106303 0.092728 0.146799 0.246151 0.070169 0.099971 0.085706 0.250064 0.335678 0.075176 0.034229 0.008702 0.043210 0.066964 0.040625 -0.000623 -0.021103 -0.043507 -0.014532 -0.024269 -0.010272 -0.019328 -0.011000
-0.188797 -0.075249 -0.001813 -0.007475 0.002616 0.001459 0.630759 0.498459 0.233848 -0.223046 -0.062700 -0.007295 -0.334993 -0.212325 -0.003298 0.000844 -0.000027 -0.000722 -0.006397 -0.082880 -0.041329 -0.016137 -0.005919 -0.002707 -0.031439 -0.167226 -0.126944 -0.051603 -0.030120 -0.430155 -0.446173 -0.068590 0.059775 -0.001938 0.062424 0.024587 0.061078 0.093778 0.212420 0.131485 0.393623 0.413507 0.108303 0.145264 0.701436 0.041325 0.012463 0.008889 0.017856 0.045779 -0.001901 -0.038677 -0.063990 -0.028151 -0.054719 -0.044336 -0.028105 -0.023097
-0.113809 -0.125500 -0.046932 -0.161059 0.349018 0.380737 1.368119 0.569596 0.302037 -0.014340 -0.244578 -0.079060 -0.142413 0.161008 0.124071 0.001588 0.000781 -0.002081 -0.121478 -0.096337 -0.104623 -0.025293 -0.002482 -0.012742 -0.011288 -0.028150 -0.829457 -0.297609 -0.296414 -0.273299 -0.356232 0.001867 0.025024 0.000926 0.006177 0.000477 0.091382 0.133899 0.370959 0.452936 0.460593 0.318571 0.187484 0.451352 0.286102 0.140852 0.051852 0.023043 0.050704 0.013845 0.006538 -0.001897 -0.071454 -0.088381 -0.093145 -0.044000 -0.057975 -0.048504
0.000443 0.000043 0.000002 -0.095492 1.437216 1.040019 1.151506 0.590329 0.481206 0.434451 -0.189586 -0.133995 0.019090 0.579882 0.010377 0.001572 0.002016 -0.000160 -0.286382 -0.039865 -0.198907 -0.100137 -0.011233 -0.018658 -0.006024 0.009313 -0.599191 -0.247601 0.000000 0.000000 -0.356395 -0.000194 0.000015 0.000344 0.000000 -0.000000 0.057893 0.116977 1.513590 0.730844 0.324028 0.186223 0.072860 0.397221 0.030740 0.061082 0.057187 0.066164 0.034969 0.008113 0.678056 0.110443 0.085935 -0.074013 -0.383214 -0.088427 -0.066773 -0.006576
0.000311 -0.001805 -0.019396 0.095563 1.581993 1.108688 0.987639 0.034503 0.005660 0.018558 0.480802 0.697871 0.023355 0.012684 0.000654 0.000264 0.000000 -0.001123 0.000216 -0.013512 -0.139731 -0.706253 -0.294582 -0.020641 -0.004465 -0.132466 -0.620221 -0.749242 -0.163580 -0.154175 -0.266194 0.040859 -0.012887 -0.001084 -0.012038 -0.000477 0.020433 -0.053315 1.834866 0.981261 0.367621 -0.025573 0.117755 0.267202 0.023703 0.015455 0.028709 0.078773 0.031568 0.004531 0.038682 0.161418 0.098755 -0.017213 -0.199236 0.277390 -0.013399 -0.000906
0.000031 -0.001202 -0.029454 0.846939 1.842077 0.186342 0.137853 0.007114 0.001744 0.018597 0.037433 0.040043 0.018854 0.001026 -0.000806 -0.002118 -0.012914 -0.002426 -0.000664 -0.003558 -0.031989 0.109294 0.033328 -0.106160 -0.001628 -0.214879 -0.313875 -0.298490 -0.205335 -0.176311 -0.191467 0.078184 0.149694 0.153872 -0.018363 0.005916 0.008265 -0.161123 2.704366 1.050988 0.460182 0.201749 0.052767 0.052177 0.009142 0.002424 0.003237 0.078920 0.001858 0.000222 0.021931 0.036390 0.099424 -0.004502 -0.288940 0.679674 -0.004960 0.003858
-0.000342 -0.000683 0.111483 0.927507 1.512206 0.020709 0.042263 0.017590 0.000930 0.013208 0.007980 0.008763 0.012039 0.000149 -0.018762 -0.023371 -0.034999 -0.017540 -0.013844 -0.002667 -0.000056 0.195685 0.192551 0.005971 -0.113153 -0.179194 -0.289559 -0.293605 -0.228511 -0.172131 -0.214014 0.001764 0.220522 0.254070 0.007295 0.016532 0.040580 0.081855 1.813984 0.515743 0.347220 0.032810 0.021344 0.060325 0.000195 0.003339 0.005337 0.024172 0.006075 -0.000222 0.009333 0.016518 0.021978 0.480340 -0.446444 1.753330 -0.004758 0.000005
-0.000826 0.136015 0.337164 1.120952 1.533989 0.038726 0.067901 0.029096 0.000107 0.000101 0.000380 0.000340 0.000252 -0.000186 -0.069221 -0.129489 -0.103711 -0.232201 -0.308905 -0.058841 -0.000478 0.121254 0.199078 -0.013154 0.069399 -0.068860 -0.447813 -0.436473 -0.072500 -0.013776 -0.110889 0.003396 0.036402 0.161905 0.018706 0.012796 0.039332 0.143395 1.390250 0.894437 0.219765 0.014895 0.004374 0.047295 0.003406 0.003523 0.000330 0.000401 0.000013 -0.011048 -0.000478 0.012759 0.004960 0.180457 -0.204611 0.561867 0.000035 -0.007487
0.004149 0.340015 0.515993 1.073591 1.239714 0.088272 0.130541 0.028905 -0.000091 -0.000065 0.000137 0.000000 0.000297 0.000267 -0.004746 -0.032622 0.019816 -0.132527 -0.075164 0.109499 0.009292 0.490926 0.036249 -0.133653 0.168849 0.418422 -0.310899 -0.337294 0.422486 0.327094 0.075590 0.073075 0.074827 0.102822 0.107436 0.047475 0.003158 0.333544 0.545386 1.610277 0.039047 -0.000007 -0.000416 0.000176 0.002931 0.013688 -0.000396 -0.000555 0.007960 -0.131626 0.134532 0.031053 0.014631 0.297671 0.006535 0.025064 0.001002 -0.009687
0.002866 0.728504 1.446350 1.300798 0.526190 0.052858 0.118102 0.089048 0.011222 0.004264 -0.000141 -0.000340 -0.000008 0.000099 0.001955 -0.006207 0.031254 -0.104250 -0.034770 0.160059 0.134361 0.638864 -0.033112 -0.208947 0.348235 0.752638 -0.170389 0.046292 0.056472 0.024148 0.097351 0.040760 0.029314 0.065959 0.120458 0.084566 0.017794 0.031693 0.051415 2.083067 0.086483 0.037026 0.019282 0.038085 0.000704 0.014925 -0.068185 -0.070986 0.020485 0.024722 0.030178 0.040209 0.039746 0.255118 0.022075 0.001221 0.000000 -9999.000000
0.431448 1.211859 0.718719 0.060445 0.038466 0.025756 0.022040 0.170046 0.014275 0.042116 -0.000008 -0.006670 -0.007559 -0.000273 0.008484 0.011373 0.006523 0.001920 0.098008 0.172730 0.196411 1.294671 0.026709 -0.185333 0.007012 0.433921 0.168107 0.050962 0.024449 0.024232 0.038263 0.026401 0.014059 0.027722 0.089291 0.102136 0.017443 0.007966 0.065939 2.067664 0.101675 0.131229 0.098938 0.109438 0.095765 0.032395 0.091211 0.058658 0.016192 0.034523 0.008647 0.028237 0.052931 0.061900 0.035862 0.005997 -9999.000000 -9999.000000
0.125032 0.850475 0.062365 0.041606 0.018012 0.028986 0.020956 0.078421 0.050141 0.015976 0.000941 -0.024576 -0.011736 0.005055 0.014762 0.008197 0.002661 -0.000127 0.000009 0.332712 0.406820 1.636313 0.201872 0.031055 0.000668 0.261536 0.001933 0.026166 0.001322 0.001780 0.008845 0.006668 0.016083 0.013276 0.047529 0.078030 0.011982 0.021162 0.026197 2.058380 0.145878 0.025158 0.049350 0.029006 0.058370 0.051696 0.069544 0.084792 0.011637 0.003743 0.005540 0.021308 0.024375 0.025686 0.006089 0.005462 -9999.000000 -9999.000000
0.162692 0.565331 0.220444 0.023728 0.008085 0.017390 0.017743 0.045018 0.010758 0.009170 0.000655 -0.143900 -0.092560 0.004274 0.001626 -0.004188 -0.003739 0.186685 0.088922 0.054500 0.299266 1.327094 0.123560 0.003630 0.001632 0.312332 -0.000277 0.001745 0.002034 0.007117 0.043079 0.016588 0.050894 0.003786 0.037123 0.028484 0.013049 0.081581 0.076408 2.537861 0.222596 0.008457 0.014981 0.002417 0.094489 0.066017 0.131910 0.227237 0.086020 0.025412 0.001802 0.013964 0.087616 0.072560 0.009040 0.000633 -9999.000000 -9999.000000
0.175874 0.340470 0.225589 0.020702 0.000066 0.001897 0.010305 0.002028 0.000622 0.000184 0.000008 -0.022184 0.000733 -0.014378 -0.015328 -0.010217 -0.004544 0.322247 0.443001 -0.028162 0.308927 1.313361 0.042046 0.009850 0.005615 0.278277 0.125489 0.003306 0.016787 0.050646 0.037186 0.046499 0.024743 0.008244 0.008426 0.010401 0.001099 0.130772 0.102468 1.553058 0.593358 0.000502 0.002527 0.008668 0.158427 0.124290 0.042692 0.049840 0.026761 0.026988 0.010621 0.066009 0.044829 0.018443 0.000803 -9999.000000 -9999.000000 -9999.000000
0.114158 0.139705 0.182094 0.106993 0.009748 0.002347 0.000445 0.000175 -0.000263 -0.000153 -0.000074 0.012028 0.009404 -0.026839 -0.017320 0.418120 0.237089 0.400919 0.760284 -0.108599 0.202879 1.363447 0.281776 0.024079 0.026790 0.033561 0.354799 0.026445 0.013964 0.032225 0.020821 0.013491 0.014045 0.000376 0.000723 0.000376 0.000070 0.159889 0.102098 0.933600 1.121382 -0.000039 0.002294 0.019953 0.107649 0.041688 0.026951 0.009379 0.019048 0.004711 0.018767 0.068646 0.006621 0.000212 -9999.000000 -9999.000000 -9999.000000 -9999.000000
0.009416 0.016418 0.092168 0.095147 0.069714 0.019393 0.000581 -0.000535 -0.005275 -0.006907 -0.000468 0.065401 0.018195 -0.076463 0.325135 0.526895 0.282961 0.480947 0.638161 -0.026734 0.347940 1.483575 0.742804 0.055153 0.048154 0.040957 0.048213 0.024154 0.015237 0.014290 0.007168 0.001332 0.018820 -0.000376 -0.000723 -0.000376 -0.000259 0.214888 0.094745 0.245442 1.595638 0.713217 -0.000085 0.008422 0.078384 0.054111 0.003388 0.000096 0.001896 0.001405 0.023628 0.020602 0.001230 -9999.000000 -9999.000000 -9999.000000 -9999.000000 -9999.000000
0.007171 0.006994 0.072709 0.047976 0.016670 0.028315 0.001037 -0.007499 -0.020500 -0.049068 -0.018847 0.048589 0.017475 0.071824 0.433474 0.696363 0.436133 0.747537 0.067590 0.128624 0.092964 0.350282 0.415832 0.196669 0.047156 0.016495 0.014428 0.012696 0.005869 0.000340 0.000156 0.000097 0.000007 0.272657 0.191426 0.167472 0.188516 0.279909 0.085332 0.040275 0.584043 1.034698 0.006416 0.005890 0.052417 0.042708 0.010884 0.000691 0.000385 0.003123 0.015745 0.000759 -9999.000000 -9999.000000 -9999.000000 -9999.000000 -9999.000000 -9999.000000
0.000021 0.000809 0.057949 0.007978 0.008172 0.023318 0.001756 -0.013995 0.430924 -0.379036 -0.289896 -0.021773 0.020489 0.170815 0.386576 0.719495 0.103535 0.048815 0.044856 0.117071 0.093725 0.232119 0.213790 0.293076 0.059707 0.003138 0.005343 0.000858 0.000338 0.000000 -0.000100 -0.000216 0.239795 0.280282 0.008075 0.011727 0.007941 0.022314 0.002089 0.000869 0.007762 1.280100 0.034066 0.023407 0.027686 0.010055 0.015671 0.002893 -0.000145 0.001876 0.003698 -9999.000000 -9999.000000 -9999.000000 -9999.000000 -9999.000000 -9999.000000 -9999.000000
-0.008941 0.000950 0.019604 0.001489 0.001879 0.011143 0.001394 0.036818 0.788348 -0.328031 -0.392095 0.007841 0.041024 0.415626 0.679226 0.768783 0.066440 0.021389 0.006615 0.109267 0.103739 0.121548 0.090710 0.315929 0.042526 0.035110 0.000765 0.003298 0.000528 -0.000340 -0.001105 0.089214 0.197816 0.001214 0.000600 0.000779 0.000388 0.000665 0.000367 0.000660 0.010280 1.012542 0.682617 0.014408 0.004153 0.014857 0.017880 0.006328 -0.000302 0.002687 0.009197 0.002482 -9999.000000 -9999.000000 -9999.000000 -9999.000000 -9999.000000 -9999.000000
-0.021738 0.000222 0.000363 0.000767 0.002577 0.000675 0.013331 0.059606 0.035818 0.037501 0.055459 0.025951 0.136463 0.565895 0.271157 0.255266 0.073774 0.016308 0.025299 0.154166 0.163820 0.065513 0.108835 0.138431 0.045367 0.076720 0.001983 0.027779 0.002382 0.001575 -0.001182 0.109536 0.105500 0.000587 -0.000292 -0.000726 -0.000369 0.000895 0.000759 0.000998 0.011142 0.891503 0.780422 0.000489 0.000406 -0.017800 0.213127 0.074372 0.000597 0.001152 0.028106 0.003825 -9999.000000 -9999.000000 -9999.000000 -9999.000000 -9999.000000 -9999.000000
