use_cases/Flooding_chicago/flooding_data/output/hUy_2700.asc
ncols 337
nrows 393
xllcorner 428428.000000
yllcorner 4602440.000000
cellsize 26.757400
NODATA_value -9999.000000
[rows 208 to 233 of 393, columns 232 to 289 of 337]
0.011072 -0.001993 -0.006539 -0.002173 -0.044796 -0.031919 -0.016024 -0.005304 -0.039081 -0.021177 0.121563 -0.332241 0.848295 1.328733 1.482636 1.378476 0.973389 1.064325 1.154821 0.022239 0.119637 0.167009 0.323403 0.431659 0.197099 0.664676 0.119356 -0.137448 -0.227187 -0.213140 0.377283 0.922121 1.929417 1.573311 1.345694 0.952133 0.207597 0.000551 -0.003946 -0.010188 -0.021469 0.054080 0.595065 0.332278 1.423820 2.020302 1.930792 1.031460 1.155741 1.085757 -0.000836 0.001118 0.975880 -0.026889 0.182562 -0.198327 -0.443578 0.102334
0.003010 -0.001737 -0.003451 -0.025649 -0.374397 -0.137630 -0.008082 -0.003055 -0.014195 0.019311 0.669456 0.488190 1.713668 1.285594 1.780308 1.214692 0.843720 1.538590 1.381994 -0.207483 -0.539835 -0.136057 0.287658 0.510319 0.116426 1.239543 0.380668 -0.063365 -0.206029 -0.391539 0.354162 0.980360 1.590953 1.300236 1.129648 0.689080 0.021347 0.005295 -0.034296 -0.061090 -0.032389 0.154547 0.636482 0.553339 1.525547 1.678589 1.985503 1.069838 1.159692 1.121343 0.000521 0.005486 0.050281 -0.021833 0.506857 0.389820 0.097717 0.030741
-0.021102 -0.001236 -0.001616 -0.475001 0.325404 0.046279 0.016739 -0.010470 0.559836 0.969766 1.099556 1.109603 1.830230 1.077699 1.018343 0.761637 0.116797 1.350454 0.807658 0.280469 0.034055 -0.142440 0.384181 0.741332 0.754667 0.902231 0.461830 -0.077248 -0.233800 -0.123761 0.288216 0.576158 0.696126 1.038210 0.616638 0.551797 0.017605 0.005913 -0.004872 -0.008834 0.092892 0.133894 0.881162 0.669539 1.628436 0.959876 1.184323 1.139276 1.186887 1.165123 0.000003 0.000208 0.010828 0.007719 0.124667 0.074147 0.101141 0.000790
-0.504123 -0.129756 -0.008089 0.296288 0.914393 0.719743 0.405911 0.224433 0.607178 1.414088 1.353967 1.647152 1.726238 1.140402 0.848960 0.235429 0.128995 1.260687 0.130849 0.027792 -0.008482 0.041439 0.753145 1.338311 0.250840 0.156716 0.032308 -0.277467 -0.306450 0.110194 0.301802 0.429693 0.460035 0.894517 0.518666 0.027399 0.017791 0.000965 0.000473 0.000013 0.098814 0.259820 0.849776 0.744751 0.893045 1.030917 1.146489 1.092239 1.817675 1.104290 0.012257 -0.000326 0.015404 0.013713 0.010313 0.068579 0.001897 -0.000115
-0.291004 -0.040177 -0.004306 0.618823 0.798116 0.599031 0.283273 0.262976 0.272818 0.698241 0.692920 0.749806 0.773573 1.341220 0.536973 0.309369 0.026852 0.784197 0.086870 -0.000250 -0.019695 0.135150 0.867196 1.425953 0.000792 0.000020 -0.003851 -0.128290 -0.313322 0.262457 0.374313 0.357897 0.283593 0.372378 0.407009 0.001652 0.000270 -0.000000 -0.000270 0.142556 0.216730 0.211456 0.157648 0.060930 0.913640 1.467330 1.529271 1.405555 1.439008 1.370020 0.025337 0.001646 0.075070 0.006799 -0.020278 0.003619 0.000636 -0.000859
0.122994 0.072987 -0.044196 0.330849 0.360220 0.100223 0.203827 0.198510 0.248481 0.256993 0.649854 0.819235 0.986330 0.486414 0.523415 0.317294 -0.023866 0.592794 0.111467 0.347178 -0.182372 0.104888 0.871089 1.210496 0.000628 0.030567 0.001004 -0.289142 0.002573 0.431979 0.505921 0.323004 0.122991 0.071509 0.000059 -0.018360 -0.000473 -0.000965 -0.009718 0.211562 0.237832 0.268241 0.189393 0.604528 0.734742 1.238784 1.207463 1.420942 1.122828 0.973628 0.011760 0.000034 0.085135 -0.007723 -0.039792 -0.003744 -0.003741 -0.007547
0.460794 0.350521 0.088746 0.198051 0.030452 -0.183314 -0.052659 0.075411 0.148742 0.234574 0.247305 0.897540 1.134291 0.149008 0.055537 0.038322 0.078688 0.749647 0.234557 0.754578 -0.302505 0.012882 0.652549 1.505464 -0.000599 0.089424 0.162098 -0.033118 0.044378 0.531032 0.624444 0.346386 -0.057009 -0.345549 -0.019613 -0.018159 -0.069674 -0.010863 0.169561 0.745644 0.846625 0.737032 0.699333 0.622547 0.426388 1.193490 1.055018 1.322075 0.891598 0.754211 -0.006028 -0.001212 0.059732 -0.005843 -0.012762 -0.005444 -9999.000000 -9999.000000
0.930326 0.902154 0.424163 0.586930 0.239208 -0.103845 -0.118486 0.041543 0.086035 0.188039 0.307102 0.363741 0.352511 0.267407 0.001108 0.009868 0.001084 0.376131 0.327162 0.421575 -0.207087 0.238106 0.944407 1.072811 0.210669 0.109590 0.219790 0.460809 -0.042784 1.014847 0.539928 0.045015 0.010703 -0.495434 -0.207704 0.061225 0.088997 0.008801 0.068259 1.198976 0.794523 0.752733 0.751502 0.097151 0.345167 1.250810 1.389904 0.994248 0.783453 0.305209 -0.019305 0.000000 0.000000 -9999.000000 -9999.000000 -9999.000000 -9999.000000 -9999.000000
0.016299 0.021140 0.136097 0.067267 0.074805 0.575472 0.495683 0.235256 0.104198 0.165789 0.281268 0.415047 0.402389 0.225429 0.000367 0.000000 0.000220 0.547004 0.584388 0.196509 0.065486 0.084046 1.119732 1.116903 0.355186 0.061379 0.049804 0.096167 -0.099675 0.883665 0.429422 0.035193 0.065460 -0.422366 -0.174341 0.168402 0.394243 0.122009 0.305221 0.613191 0.738329 0.504677 0.307172 0.042484 0.631360 1.399771 0.913832 1.102875 0.389584 -0.002071 -0.016650 -0.005252 -9999.000000 -9999.000000 -9999.000000 -9999.000000 -9999.000000 -9999.000000
0.000326 0.007076 0.033714 0.131667 0.143472 0.113073 0.084904 0.059343 0.021084 0.178144 0.251559 0.413514 0.385827 -0.000031 -0.000576 -0.002816 -0.000600 0.580520 0.750437 0.000360 0.000360 0.021649 1.174253 0.441451 0.112538 0.007763 0.031531 0.035647 0.024391 0.235609 0.003113 0.002394 0.001366 0.000732 -0.154716 0.337317 0.657574 0.029830 0.513863 0.450583 0.497556 0.726496 0.504458 0.333462 1.608315 1.706026 1.023186 1.065349 0.049855 -0.006383 -9999.000000 -9999.000000 -9999.000000 -9999.000000 -9999.000000 -9999.000000 -9999.000000 -9999.000000
-0.000208 0.028721 0.020882 0.085974 0.217076 0.009844 0.014025 0.010998 0.041632 0.288603 0.245757 0.396549 0.304489 0.175938 -0.001524 -0.002806 -0.145729 0.656710 1.344329 -0.000360 -0.000360 0.069895 1.572733 0.095341 0.062878 0.052860 0.040173 0.004266 0.010854 0.020238 -0.035456 -0.000535 -0.000572 -0.000348 -0.000015 0.157633 0.213374 0.068121 0.068828 0.029851 0.209959 0.753701 0.793931 0.563993 1.414355 1.612389 1.150307 0.245947 0.000208 0.000003 -9999.000000 -9999.000000 -9999.000000 -9999.000000 -9999.000000 -9999.000000 -9999.000000 -9999.000000
0.108033 0.088244 0.106028 0.046842 0.055095 0.016940 0.024707 0.029287 0.080118 0.095980 0.038425 0.454538 0.219548 0.167338 0.349184 0.206088 -0.170798 0.361496 1.659240 0.504704 0.185219 0.862062 1.314409 0.848319 0.035540 0.048675 0.006500 -0.009607 0.468648 0.421783 0.115133 0.187030 -0.083366 -0.081238 -0.053489 0.064411 0.108655 0.001224 0.000489 0.000315 0.000193 0.960168 1.096191 0.002281 0.520417 0.628658 0.545320 0.235251 -0.000326 -9999.000000 -9999.000000 -9999.000000 -9999.000000 -9999.000000 -9999.000000 -9999.000000 -9999.000000 -9999.000000
0.190213 0.004454 0.016055 0.001161 0.000378 0.006142 0.023372 0.055376 0.047116 0.025159 0.063562 0.072109 0.288593 0.232307 0.022226 0.371533 0.003425 0.717629 1.399738 0.691226 0.214618 0.381510 1.469342 0.110411 0.000297 0.000250 0.014301 0.042663 0.923700 0.611974 0.028411 0.024935 -0.062143 0.036683 -0.007185 -0.030156 -0.664544 -0.001573 -0.001225 -0.000490 -0.000236 1.836606 0.856680 0.006240 0.627651 0.740817 0.636821 0.175564 -9999.000000 -9999.000000 -9999.000000 -9999.000000 -9999.000000 -9999.000000 -9999.000000 -9999.000000 -9999.000000 -9999.000000
0.020408 0.001010 0.000546 -0.000051 -0.000153 0.000107 0.000434 0.071379 0.075384 0.041947 0.032257 0.037644 0.072984 0.063160 0.015950 0.075842 0.372710 0.655236 1.550151 0.867943 0.000291 0.615011 0.363389 0.005817 -0.006404 -0.001703 0.020650 0.030617 0.233694 0.342362 0.001907 0.008812 0.055491 0.052025 0.046924 0.018783 -0.582601 -0.143043 0.523092 0.383322 1.093455 1.578266 0.759487 -0.333646 0.484703 0.730527 0.691489 0.000000 -9999.000000 -9999.000000 -9999.000000 -9999.000000 -9999.000000 -9999.000000 -9999.000000 -9999.000000 -9999.000000 -9999.000000
0.008877 0.002004 0.000544 -0.009579 -0.127740 -0.001072 -0.000494 0.080594 0.097614 0.038662 0.036982 0.071738 0.000208 0.000003 0.047324 0.033777 0.088792 0.684655 1.858440 0.896389 0.707427 0.759631 0.002097 0.001528 0.046803 0.001790 0.035250 0.033492 0.068362 0.378620 0.001557 0.001395 0.000555 0.001113 0.097512 0.030435 0.275624 0.352853 0.878413 0.585537 0.859440 1.027570 0.544290 -0.501271 0.438142 0.538916 0.009236 -9999.000000 -9999.000000 -9999.000000 -9999.000000 -9999.000000 -9999.000000 -9999.000000 -9999.000000 -9999.000000 -9999.000000 -9999.000000
0.000925 0.001103 0.000206 -0.072290 -0.123850 -0.089553 -0.000627 0.075772 0.114076 0.000003 0.000208 0.071055 -0.000326 -0.087524 0.058582 0.063217 0.037542 0.651625 1.393275 1.186758 1.046448 0.043971 0.005132 0.002603 0.142409 0.009105 0.031882 0.070343 0.133358 0.149842 0.002994 0.001167 -0.000182 0.003703 0.209824 0.033450 0.537652 1.089118 1.366727 0.360665 0.196143 0.139042 0.485791 -0.460000 0.270229 0.254093 0.000000 -9999.000000 -9999.000000 -9999.000000 -9999.000000 -9999.000000 -9999.000000 -9999.000000 -9999.000000 -9999.000000 -9999.000000 -9999.000000
0.001268 0.001243 0.000146 0.071249 -0.085138 -0.109489 -0.126070 0.034531 0.109409 -0.134612 -0.000326 0.066299 0.166080 -0.069599 0.051715 0.073157 0.069730 1.009633 1.040951 0.452842 0.360815 0.010492 0.009895 0.003662 0.057690 0.006030 0.032793 0.130898 0.063694 0.023768 0.002709 -0.000489 0.010401 0.007834 0.399505 0.563580 1.155610 0.682889 0.663378 0.433083 0.008249 0.005468 0.041526 0.108698 0.323043 0.051420 -0.001246 -9999.000000 -9999.000000 -9999.000000 -9999.000000 -9999.000000 -9999.000000 -9999.000000 -9999.000000 -9999.000000 -9999.000000 -9999.000000
0.002270 0.001208 0.000563 0.005872 0.008273 -0.109547 -0.015455 -0.077409 0.287401 -0.003488 0.044513 0.173642 0.177012 -0.048972 0.129015 0.316424 0.563783 1.063132 1.115674 0.019174 0.026976 0.022213 0.012271 0.004326 0.020353 0.004492 0.001046 0.202370 0.081888 0.026126 0.023742 -0.022225 -0.007686 -0.001840 0.665107 0.942538 1.402459 0.878681 0.047102 0.045820 0.033118 0.011120 0.017678 0.043795 0.560901 -0.051975 -0.000997 -9999.000000 -9999.000000 -9999.000000 -9999.000000 -9999.000000 -9999.000000 -9999.000000 -9999.000000 -9999.000000 -9999.000000 -9999.000000
0.010441 0.001663 0.001578 0.000337 0.157981 -0.089512 0.069589 -0.225809 0.495623 0.019150 0.046083 0.176925 0.203696 -0.026579 0.291990 0.547502 0.903129 0.979902 0.055929 0.031474 0.044555 0.025698 0.009697 0.001007 0.000077 0.001344 -0.000984 0.310619 0.087099 0.023543 0.104713 -0.027033 -0.023305 -0.010295 0.939178 1.002351 0.353001 0.248594 0.010865 0.017718 0.015823 0.006318 0.002666 0.002795 0.072409 0.001044 -9999.000000 -9999.000000 -9999.000000 -9999.000000 -9999.000000 -9999.000000 -9999.000000 -9999.000000 -9999.000000 -9999.000000 -9999.000000 -9999.000000
0.004308 0.000724 0.000129 0.000040 0.264315 0.004261 0.259047 -0.101412 0.502752 0.083107 0.039509 0.258655 0.279614 -0.032203 0.465143 0.634139 0.905991 0.165097 0.087836 0.021720 0.061724 0.025604 0.003032 -0.002611 -0.002705 0.000646 0.005701 0.360678 0.000765 0.000903 0.008116 -0.015221 -0.104985 0.064450 0.952651 1.207781 0.010788 0.011587 0.000848 0.001604 0.000944 0.008935 0.003606 0.005246 0.001893 0.000679 -9999.000000 -9999.000000 -9999.000000 -9999.000000 -9999.000000 -9999.000000 -9999.000000 -9999.000000 -9999.000000 -9999.000000 -9999.000000 -9999.000000
0.000208 0.000003 -0.000061 -0.000139 0.029454 0.009634 0.015214 0.105735 1.094725 0.143139 0.146969 0.210094 0.196344 0.147512 0.779255 0.888848 0.984933 0.008008 0.010023 0.001129 0.093638 0.026130 -0.001596 -0.020233 -0.006104 -0.002259 0.000449 0.302299 0.000094 -0.000280 -0.000012 -0.001452 0.016957 0.051508 1.209872 1.611870 0.018932 0.011494 0.000030 0.000205 0.000407 0.007343 0.003090 -0.003444 -0.001596 -0.000821 -9999.000000 -9999.000000 -9999.000000 -9999.000000 -9999.000000 -9999.000000 -9999.000000 -9999.000000 -9999.000000 -9999.000000 -9999.000000 -9999.000000
-0.000326 -0.005982 -0.000291 -0.000385 -0.000001 0.000197 0.000009 0.058836 0.311023 0.014595 0.000804 0.543319 0.224507 0.245317 0.216136 0.204556 0.205972 0.000360 0.000360 0.000200 0.112375 0.000402 -0.002657 -0.006833 -0.045263 -0.011767 -0.002181 0.270427 -0.068489 -0.000826 -0.006697 0.006246 0.010861 0.107120 0.930188 1.258045 -0.069678 -0.004245 -0.000826 -0.001578 -0.001081 0.000249 0.000291 -0.005350 -9999.000000 -9999.000000 -9999.000000 -9999.000000 -9999.000000 -9999.000000 -9999.000000 -9999.000000 -9999.000000 -9999.000000 -9999.000000 -9999.000000 -9999.000000 -9999.000000
-0.000118 -0.014689 -0.001014 -0.050626 -0.001276 -0.000816 0.124655 0.120749 0.076554 0.030142 -0.049248 0.447694 0.328545 0.210589 0.211940 0.178208 0.161693 -0.000360 -0.000360 -0.000186 0.103387 -0.000027 0.000000 -0.002053 -0.025978 0.893871 0.918002 0.876262 0.002846 0.117175 -0.015504 -0.202899 -0.268468 0.290225 0.627187 0.744063 -0.110359 -0.632505 -0.048513 -0.107145 -0.009190 -0.000724 -0.000441 -9999.000000 -9999.000000 -9999.000000 -9999.000000 -9999.000000 -9999.000000 -9999.000000 -9999.000000 -9999.000000 -9999.000000 -9999.000000 -9999.000000 -9999.000000 -9999.000000 -9999.000000
0.000865 -0.001016 0.001413 -0.047811 -0.016410 0.099192 0.117300 0.101283 0.066178 0.017296 -0.222571 0.350036 0.254159 0.386772 0.503505 0.142256 0.124671 -0.001928 -0.012076 -0.001224 0.080536 -0.028770 -0.003663 -0.000573 0.187995 1.658088 1.693662 1.618668 0.925783 0.618047 0.171239 -0.959162 -0.872997 0.379409 0.334037 0.078161 -0.167414 -0.554657 -0.302917 -0.712696 -0.007237 -9999.000000 -9999.000000 -9999.000000 -9999.000000 -9999.000000 -9999.000000 -9999.000000 -9999.000000 -9999.000000 -9999.000000 -9999.000000 -9999.000000 -9999.000000 -9999.000000 -9999.000000 -9999.000000 -9999.000000
0.000000 0.000474 0.020288 0.001532 0.007641 0.191891 0.103022 0.069090 0.034398 -0.002356 -0.199208 0.249619 0.259004 0.456303 0.563222 0.147056 0.000680 -0.001330 -0.324546 -0.088642 0.215854 0.011682 -0.072985 0.158406 0.346391 1.331224 1.416370 1.197143 0.815277 0.363310 0.110778 -0.394378 -0.625851 0.120596 0.146155 -0.158578 -0.044467 -0.318869 -0.180138 -9999.000000 -9999.000000 -9999.000000 -9999.000000 -9999.000000 -9999.000000 -9999.000000 -9999.000000 -9999.000000 -9999.000000 -9999.000000 -9999.000000 -9999.000000 -9999.000000 -9999.000000 -9999.000000 -9999.000000 -9999.000000 -9999.000000
0.002558 0.002799 0.029994 0.000978 0.132630 0.327946 0.118147 0.062082 0.024609 0.126490 0.011665 0.207730 0.154351 0.362924 0.516896 0.005790 0.000194 0.117900 0.020684 0.048877 0.250052 -0.072201 -0.025365 0.085658 0.028633 1.003503 1.144875 1.079569 0.375677 0.147547 0.077539 0.026247 -0.352219 0.006056 0.007859 0.217651 0.254297 -0.124657 -0.110800 -9999.000000 -9999.000000 -9999.000000 -9999.000000 -9999.000000 -9999.000000 -9999.000000 -9999.000000 -9999.000000 -9999.000000 -9999.000000 -9999.000000 -9999.000000 -9999.000000 -9999.000000 -9999.000000 -9999.000000 -9999.000000 -9999.000000
