use_cases/Flooding_chicago/flooding_data/output/hUy_1080.asc
ncols 337
nrows 393
xllcorner 428428.000000
yllcorner 4602440.000000
cellsize 26.757400
NODATA_value -9999.000000
[rows 260 to 285 of 393, columns 0 to 57 of 337]
-9999.000000 -9999.000000 -9999.000000 -9999.000000 -9999.000000 -9999.000000 -9999.000000 -9999.000000 -9999.000000 -9999.000000 -9999.000000 -9999.000000 -9999.000000 -9999.000000 -9999.000000 -9999.000000 -9999.000000 -9999.000000 -9999.000000 -9999.000000 -9999.000000 -9999.000000 -9999.000000 -9999.000000 -9999.000000 -9999.000000 -9999.000000 -9999.000000 -9999.000000 0.005800 0.019435 0.121307 0.240069 0.224805 0.131605 0.063617 0.136305 0.193371 0.135352 0.101003 -0.026089 0.424367 -0.213468 -0.008227 -0.038425 0.077894 0.192672 -0.209904 0.512219 0.521171 0.286772 0.173889 -0.071993 0.097551 0.609742 -0.180444 0.011746 0.274261
-9999.000000 -9999.000000 -9999.000000 -9999.000000 -9999.000000 -9999.000000 -9999.000000 -9999.000000 -9999.000000 -9999.000000 -9999.000000 -9999.000000 -9999.000000 -9999.000000 -9999.000000 -9999.000000 -9999.000000 -9999.000000 -9999.000000 -9999.000000 -9999.000000 -9999.000000 -9999.000000 -9999.000000 -9999.000000 -9999.000000 -9999.000000 -9999.000000 -9999.000000 0.003663 0.009575 0.006858 0.367712 0.378507 0.307611 -0.000006 0.163868 0.239894 0.150760 0.164787 0.003652 0.500479 -0.046548 0.091549 0.047810 0.107839 0.179357 -0.031345 0.543835 0.484176 0.308323 0.174781 -0.033952 0.149238 0.712418 -0.129154 0.293826 0.179551
-9999.000000 -9999.000000 -9999.000000 -9999.000000 -9999.000000 -9999.000000 -9999.000000 -9999.000000 -9999.000000 -9999.000000 -9999.000000 -9999.000000 -9999.000000 -9999.000000 -9999.000000 -9999.000000 -9999.000000 -9999.000000 -9999.000000 -9999.000000 -9999.000000 -9999.000000 -9999.000000 -9999.000000 -9999.000000 -9999.000000 -9999.000000 -9999.000000 -9999.000000 0.000000 0.000392 0.001259 0.016268 0.546845 0.485187 0.174845 0.197845 0.341311 0.283004 0.190545 0.059512 0.494612 0.136239 0.172381 0.101879 0.102533 0.218479 0.093476 0.407209 0.595959 0.192003 0.090818 -0.062635 0.028002 0.085212 0.021864 0.081229 0.154383
-9999.000000 -9999.000000 -9999.000000 -9999.000000 -9999.000000 -9999.000000 -9999.000000 -9999.000000 -9999.000000 -9999.000000 -9999.000000 -9999.000000 -9999.000000 -9999.000000 -9999.000000 -9999.000000 -9999.000000 -9999.000000 -9999.000000 -9999.000000 -9999.000000 -9999.000000 -9999.000000 -9999.000000 -9999.000000 -9999.000000 -9999.000000 -9999.000000 -9999.000000 -0.000545 0.000478 0.004697 0.009024 0.056272 0.025800 0.164400 0.255060 0.304196 0.360166 0.261406 0.137009 0.616745 0.283449 0.255955 0.423295 0.212190 0.202768 0.153850 0.356617 0.445349 0.140726 0.098500 -0.114350 0.045557 0.013468 0.028983 0.013763 0.051940
-9999.000000 -9999.000000 -9999.000000 -9999.000000 -9999.000000 -9999.000000 -9999.000000 -9999.000000 -9999.000000 -9999.000000 -9999.000000 -9999.000000 -9999.000000 -9999.000000 -9999.000000 -9999.000000 -9999.000000 -9999.000000 -9999.000000 -9999.000000 -9999.000000 -9999.000000 -9999.000000 -9999.000000 -9999.000000 -9999.000000 -9999.000000 0.002011 0.000842 -0.000548 0.001070 0.004890 0.011581 0.007215 0.003009 0.149459 0.284894 0.422092 0.192751 0.334204 0.220675 0.688813 0.866716 0.701647 0.440141 0.196830 0.150646 0.243727 0.386779 0.494501 0.037333 0.409325 -0.013286 0.099007 0.020555 0.027409 0.022661 0.111251
-9999.000000 -9999.000000 -9999.000000 -9999.000000 -9999.000000 -9999.000000 -9999.000000 -9999.000000 -9999.000000 -9999.000000 -9999.000000 -9999.000000 -9999.000000 -9999.000000 -9999.000000 -9999.000000 -9999.000000 -9999.000000 -9999.000000 -9999.000000 -9999.000000 -9999.000000 -9999.000000 0.000627 0.001204 0.000057 0.046663 0.000981 0.000807 -0.005938 -0.000015 0.001242 0.008457 0.004694 0.002655 0.040280 0.351166 0.530749 0.221123 0.120276 0.060498 0.706411 0.974917 0.771869 0.511155 0.296367 0.039802 0.026744 0.018451 0.572838 0.201129 0.448586 0.161654 0.207141 0.028730 0.031296 0.044946 0.067451
-9999.000000 -9999.000000 -9999.000000 -9999.000000 -9999.000000 -9999.000000 -9999.000000 -9999.000000 -9999.000000 -9999.000000 -9999.000000 -9999.000000 -9999.000000 -9999.000000 -9999.000000 -9999.000000 -9999.000000 -9999.000000 -9999.000000 -9999.000000 -9999.000000 -9999.000000 0.001230 0.000471 -0.000048 -0.005301 0.048938 0.001117 0.000334 -0.008059 -0.003921 -0.000526 0.000452 -0.000135 0.002294 0.110889 0.469818 0.668061 0.297417 0.209809 0.126118 0.936507 1.411573 1.152076 0.409893 0.012691 0.001204 0.013679 0.013973 0.028463 0.134765 0.032132 0.032871 0.378443 0.059854 0.092510 0.047042 0.053909
-9999.000000 -9999.000000 -9999.000000 -9999.000000 -9999.000000 -9999.000000 -9999.000000 -9999.000000 -9999.000000 -9999.000000 -9999.000000 -9999.000000 -9999.000000 -9999.000000 -9999.000000 -9999.000000 -9999.000000 -9999.000000 -9999.000000 -9999.000000 -9999.000000 0.002181 0.000578 -0.000433 -0.000343 -0.012212 0.031861 0.001544 -0.000309 -0.002719 -0.030139 0.001240 0.001041 -0.001937 0.005905 0.243714 0.702939 0.947993 0.025841 0.041928 0.025630 0.634156 1.067717 0.793811 0.690932 0.000083 0.001141 0.007401 0.007897 0.030986 0.050736 0.035890 0.039545 0.234020 0.133991 0.067926 0.060544 0.053393
-9999.000000 -9999.000000 -9999.000000 -9999.000000 -9999.000000 -9999.000000 -9999.000000 -9999.000000 -9999.000000 -9999.000000 -9999.000000 -9999.000000 -9999.000000 -9999.000000 -9999.000000 -9999.000000 -9999.000000 -9999.000000 -9999.000000 -9999.000000 0.007271 0.003101 -0.000721 -0.010107 -0.080272 -0.004534 0.000376 0.001905 -0.000670 -0.068248 -0.025811 0.441650 0.272915 -0.076846 0.363530 0.322047 0.477665 0.491460 0.011702 0.017759 0.009123 0.261152 1.265194 0.438225 0.457569 -0.000146 0.000000 0.000010 0.000472 0.022325 0.016137 0.009635 0.045069 0.118306 0.117445 0.058036 0.082251 0.047691
-9999.000000 -9999.000000 -9999.000000 -9999.000000 -9999.000000 -9999.000000 -9999.000000 -9999.000000 -9999.000000 -9999.000000 -9999.000000 -9999.000000 -9999.000000 -9999.000000 -9999.000000 -9999.000000 -9999.000000 -9999.000000 -9999.000000 0.000530 0.028945 0.003500 -0.002516 -0.890451 -0.220062 0.160490 -0.000126 0.000000 -0.000590 0.135303 0.277986 1.168407 0.549458 -0.604814 0.985986 0.045164 0.051600 0.066378 0.024545 0.037389 0.022263 0.335522 0.477320 0.654412 0.633451 0.304298 -0.006020 -0.008443 -0.000221 0.000513 0.001075 0.001285 0.038832 0.050659 0.041085 0.062297 0.107824 0.032729
-9999.000000 -9999.000000 -9999.000000 -9999.000000 -9999.000000 -9999.000000 -9999.000000 -9999.000000 -9999.000000 -9999.000000 -9999.000000 -9999.000000 -9999.000000 -9999.000000 -9999.000000 -9999.000000 -9999.000000 -9999.000000 0.000000 0.000000 0.010490 0.000994 -0.000846 -1.006478 0.055295 0.799877 -0.287425 -0.333207 -0.001022 0.321062 1.064816 1.810498 0.541771 -1.329200 0.072170 0.007675 0.025348 0.017247 0.027720 0.082916 0.060174 0.028651 0.541790 0.718931 0.673963 0.379902 0.032873 -0.016739 -0.009756 -0.000587 -0.000607 -0.000023 0.000625 0.003591 0.016082 0.068980 0.072000 0.013510
-9999.000000 -9999.000000 -9999.000000 -9999.000000 -9999.000000 -9999.000000 -9999.000000 -9999.000000 -9999.000000 -9999.000000 -9999.000000 -9999.000000 -9999.000000 -9999.000000 -9999.000000 -9999.000000 -9999.000000 -9999.000000 -0.009284 -0.005237 0.000000 0.000088 0.011996 -0.950931 0.127518 0.797887 0.221755 0.065812 0.019366 0.343493 1.231732 1.770111 0.523138 -1.985140 0.115032 0.011927 0.056304 0.002305 0.006216 0.043792 0.029908 0.014243 0.065628 0.626647 0.595342 0.368328 0.187889 0.046726 0.012975 -0.056267 0.028732 0.027901 -0.000491 -0.000728 0.002806 0.030492 0.032042 0.001380
-9999.000000 -9999.000000 -9999.000000 -9999.000000 -9999.000000 -9999.000000 -9999.000000 -9999.000000 -9999.000000 -9999.000000 -9999.000000 -9999.000000 -9999.000000 -9999.000000 -9999.000000 -9999.000000 -9999.000000 -0.002144 -0.036670 -0.013347 -0.001155 -0.000613 0.006726 -0.187432 0.454087 0.870841 0.300546 0.241864 0.013934 0.089066 1.499982 2.027303 0.263398 -0.745054 0.189164 0.011607 0.100527 0.002860 0.015870 0.015008 0.006908 0.032012 0.015091 0.673350 0.740859 0.433741 0.222510 0.189570 0.143989 0.067895 0.079504 0.044204 -0.031637 0.003228 0.000622 0.000222 0.038947 0.000379
-9999.000000 -9999.000000 -9999.000000 -9999.000000 -9999.000000 -9999.000000 -9999.000000 -9999.000000 -9999.000000 -9999.000000 -9999.000000 -9999.000000 -9999.000000 -9999.000000 -9999.000000 -9999.000000 -9999.000000 -0.005326 -0.052787 -0.001391 -0.001019 -0.000876 -0.000025 0.027938 0.021256 0.020995 0.241545 0.627638 0.037734 0.048561 0.039336 0.048548 0.072460 1.388670 0.337523 0.543914 0.194318 0.001750 0.027396 0.029701 0.025245 0.078702 0.050310 0.033932 0.427018 0.296815 0.163848 0.083264 0.123398 0.140945 0.142301 0.042079 -0.011899 0.003063 0.002369 -0.000222 0.027555 0.000833
-9999.000000 -9999.000000 -9999.000000 -9999.000000 -9999.000000 -9999.000000 -9999.000000 -9999.000000 -9999.000000 -9999.000000 -9999.000000 -9999.000000 -9999.000000 -9999.000000 -9999.000000 -9999.000000 -9999.000000 -9999.000000 -0.028248 -0.006230 -0.009369 -0.004856 -0.000025 0.770144 0.305340 0.037209 0.547543 0.174363 0.066650 0.069728 0.036516 0.025551 0.019564 0.053395 0.241538 0.330846 0.337060 0.139442 0.049900 0.045152 0.009310 0.018121 0.025029 0.016736 0.137376 0.333071 0.309936 0.167234 0.177917 0.178987 0.168935 0.008200 0.009883 0.026147 0.005350 0.004470 0.002561 0.002540
-9999.000000 -9999.000000 -9999.000000 -9999.000000 -9999.000000 -9999.000000 -9999.000000 -9999.000000 -9999.000000 -9999.000000 -9999.000000 -9999.000000 -9999.000000 -9999.000000 -9999.000000 -9999.000000 -9999.000000 -9999.000000 -9999.000000 -0.015262 -0.013989 -0.013603 0.002633 0.018574 0.103120 0.113563 0.067880 0.120663 0.074162 0.076611 0.033303 0.004315 0.020532 0.060383 0.080345 0.033116 0.575907 0.252585 0.102229 0.038661 0.000214 0.001201 0.009904 0.007326 0.009143 0.145266 0.185538 0.262956 0.178633 0.252081 0.397089 -0.003956 0.002730 0.015897 0.005150 0.001843 0.003201 0.000197
-9999.000000 -9999.000000 -9999.000000 -9999.000000 -9999.000000 -9999.000000 -9999.000000 -9999.000000 -9999.000000 -9999.000000 -9999.000000 -9999.000000 -9999.000000 -9999.000000 -9999.000000 -9999.000000 -9999.000000 -9999.000000 -9999.000000 -9999.000000 -9999.000000 -0.001245 0.000141 0.005208 0.015713 0.036774 0.036136 0.020993 0.228261 0.077357 0.040725 0.000778 0.011602 0.036381 0.061789 0.021397 0.024877 0.228198 0.288440 0.159434 -0.000090 0.000069 0.000360 0.000360 0.000308 0.054845 0.060878 0.309110 0.634794 0.191123 0.550226 0.118525 0.003069 0.000003 0.000069 0.001121 0.000000 -0.002341
-9999.000000 -9999.000000 -9999.000000 -9999.000000 -9999.000000 -9999.000000 -9999.000000 -9999.000000 -9999.000000 -9999.000000 -9999.000000 -9999.000000 -9999.000000 -9999.000000 -9999.000000 -9999.000000 -9999.000000 -9999.000000 -9999.000000 -9999.000000 -9999.000000 -9999.000000 -9999.000000 0.000740 0.002394 0.002012 0.014261 0.011220 0.089626 0.054544 0.109564 0.000697 0.002523 0.002889 0.037264 0.003663 0.006318 0.005349 0.233195 1.628352 0.168643 -0.000315 -0.000360 -0.000360 0.000180 0.122778 0.131749 0.368105 0.225313 0.146242 0.383720 0.102727 0.002766 -0.023144 0.000117 -0.000271 -0.002757 -0.002736
-9999.000000 -9999.000000 -9999.000000 -9999.000000 -9999.000000 -9999.000000 -9999.000000 -9999.000000 -9999.000000 -9999.000000 -9999.000000 -9999.000000 -9999.000000 -9999.000000 -9999.000000 -9999.000000 -9999.000000 -9999.000000 -9999.000000 -9999.000000 -9999.000000 -9999.000000 -9999.000000 -0.000261 -0.000254 0.000042 0.000005 0.000326 0.007224 0.000279 0.133390 -0.000385 0.001454 0.004436 0.003611 0.000000 0.000000 0.000000 0.053599 0.304190 0.072798 0.037367 0.007672 -0.000919 -0.000633 0.177288 0.205526 0.212229 0.000686 0.002228 0.006460 0.011887 0.009494 -0.026439 0.000189 -0.001441 -0.003496 -0.001819
-9999.000000 -9999.000000 -9999.000000 -9999.000000 -9999.000000 -9999.000000 -9999.000000 -9999.000000 -9999.000000 -9999.000000 -9999.000000 -9999.000000 -9999.000000 -9999.000000 -9999.000000 -9999.000000 -9999.000000 -9999.000000 -9999.000000 -9999.000000 -9999.000000 -9999.000000 -9999.000000 -9999.000000 -0.002058 -0.001798 -0.002483 -0.000208 -0.000003 0.000239 0.172906 0.062190 0.000344 0.000507 0.001256 -0.009617 -0.008647 0.041602 0.052846 0.035586 0.023842 0.018121 0.011979 0.003082 0.021445 0.152389 0.211502 0.259949 -0.000429 -0.000643 0.002078 0.012756 0.050651 -0.002735 -0.000637 -0.002215 -0.002306 -0.010636
-9999.000000 -9999.000000 -9999.000000 -9999.000000 -9999.000000 -9999.000000 -9999.000000 -9999.000000 -9999.000000 -9999.000000 -9999.000000 -9999.000000 -9999.000000 -9999.000000 -9999.000000 -9999.000000 -9999.000000 -9999.000000 -9999.000000 -9999.000000 -9999.000000 -9999.000000 -9999.000000 -9999.000000 -9999.000000 -9999.000000 -9999.000000 -0.001505 -0.000908 -0.000027 0.006736 0.065182 0.001146 0.000853 0.001109 -0.022504 0.017017 0.053446 0.059628 0.031553 0.018643 0.014520 0.007251 0.006177 0.026084 0.116725 0.171950 0.227845 0.175136 -0.091902 -0.003430 0.005569 0.012108 -0.002535 -0.009142 -0.009548 -0.012732 -0.032485
-9999.000000 -9999.000000 -9999.000000 -9999.000000 -9999.000000 -9999.000000 -9999.000000 -9999.000000 -9999.000000 -9999.000000 -9999.000000 -9999.000000 -9999.000000 -9999.000000 -9999.000000 -9999.000000 -9999.000000 -9999.000000 -9999.000000 -9999.000000 -9999.000000 -9999.000000 -9999.000000 -9999.000000 -9999.000000 -9999.000000 -9999.000000 -9999.000000 -9999.000000 -9999.000000 0.000000 0.000396 0.000898 0.000935 0.006404 0.054721 0.048274 0.120867 0.115622 0.023200 -0.000006 -0.000310 -0.005983 -0.001823 0.000222 0.000234 0.124742 0.202027 0.132802 -0.030474 -0.001033 0.000139 0.000222 -0.004192 -0.023825 -0.039032 -0.039248 -0.010887
-9999.000000 -9999.000000 -9999.000000 -9999.000000 -9999.000000 -9999.000000 -9999.000000 -9999.000000 -9999.000000 -9999.000000 -9999.000000 -9999.000000 -9999.000000 -9999.000000 -9999.000000 -9999.000000 -9999.000000 -9999.000000 -9999.000000 -9999.000000 -9999.000000 -9999.000000 -9999.000000 -9999.000000 -9999.000000 -9999.000000 -9999.000000 -9999.000000 -9999.000000 -9999.000000 -9999.000000 -0.000896 -0.000957 0.000813 0.038148 0.039444 0.020593 0.026011 0.035898 0.003611 -0.010153 -0.008530 -0.012066 -0.011433 -0.000222 -0.000133 0.017334 0.018426 0.132609 0.091434 -0.000306 -0.000134 -0.000222 -0.001640 -0.025575 -0.305388 -0.338073 0.022905
-9999.000000 -9999.000000 -9999.000000 -9999.000000 -9999.000000 -9999.000000 -9999.000000 -9999.000000 -9999.000000 -9999.000000 -9999.000000 -9999.000000 -9999.000000 -9999.000000 -9999.000000 -9999.000000 -9999.000000 -9999.000000 -9999.000000 -9999.000000 -9999.000000 -9999.000000 -9999.000000 -9999.000000 -9999.000000 -9999.000000 -9999.000000 -9999.000000 -9999.000000 -9999.000000 -9999.000000 -9999.000000 -9999.000000 0.001188 0.011753 0.013837 0.009972 0.012729 0.007408 0.001216 -0.004705 -0.005446 0.005755 -0.004986 0.010587 -0.012561 -0.006874 -0.002482 0.055403 0.117986 -0.092860 -0.013554 -0.007192 -0.001808 -0.148167 -0.268408 -0.187685 0.051027
-9999.000000 -9999.000000 -9999.000000 -9999.000000 -9999.000000 -9999.000000 -9999.000000 -9999.000000 -9999.000000 -9999.000000 -9999.000000 -9999.000000 -9999.000000 -9999.000000 -9999.000000 -9999.000000 -9999.000000 -9999.000000 -9999.000000 -9999.000000 -9999.000000 -9999.000000 -9999.000000 -9999.000000 -9999.000000 -9999.000000 -9999.000000 -9999.000000 -9999.000000 -9999.000000 -9999.000000 -9999.000000 -9999.000000 0.001066 0.000000 0.000004 0.000172 0.000005 0.000266 0.000295 -0.000385 0.000129 0.145382 0.122333 0.106842 0.051868 0.059560 -0.011155 -0.059369 -0.040338 -0.110347 -0.165410 -0.015091 -0.002563 -0.032821 -0.202663 -0.074600 0.084000
-9999.000000 -9999.000000 -9999.000000 -9999.000000 -9999.000000 -9999.000000 -9999.000000 -9999.000000 -9999.000000 -9999.000000 -9999.000000 -9999.000000 -9999.000000 -9999.000000 -9999.000000 -9999.000000 -9999.000000 -9999.000000 -9999.000000 -9999.000000 -9999.000000 -9999.000000 -9999.000000 -9999.000000 -9999.000000 -9999.000000 -9999.000000 -9999.000000 -9999.000000 -9999.000000 -9999.000000 -9999.000000 -9999.000000 0.000000 -0.009040 -0.009390 -0.000488 -0.009308 -0.000200 0.000351 0.000304 0.003803 0.056293 0.044676 0.033685 0.018146 0.054043 0.078250 -0.028236 -0.092221 -0.128833 -0.171349 -0.185532 -0.001165 -0.000236 -0.022066 0.000522 0.073647
