use_cases/Flooding_chicago/flooding_data/output/hUy_3360.asc
ncols 337
nrows 393
xllcorner 428428.000000
yllcorner 4602440.000000
cellsize 26.757400
NODATA_value -9999.000000
[rows 156 to 181 of 393, columns 174 to 231 of 337]
2.137677 1.719737 0.978394 0.710707 1.663782 0.922895 0.226214 -0.014915 0.517890 0.792025 0.857176 -0.114909 1.308057 0.255981 0.011993 0.000079 0.010303 0.016543 0.002569 0.000013 0.000005 0.000001 0.951826 3.520980 4.379733 1.174616 0.002415 0.005735 0.007528 0.001439 0.000078 0.000102 0.001815 0.000387 0.000387 0.000002 0.000001 0.087536 0.378866 0.260106 0.382850 1.520339 1.179181 0.479959 0.050826 1.395813 0.705097 0.000892 0.000197 0.002571 0.003013 0.000527 0.000763 0.009712 0.024141 0.019118 0.716798 0.411189
2.595315 1.703208 0.759184 0.544901 0.703914 1.001754 0.356530 -0.214188 0.342272 1.053962 0.885719 -0.481735 1.048155 -0.163626 0.005426 0.000056 0.001130 0.007212 0.000948 0.000017 -0.000005 -0.000001 1.514488 4.369902 4.808978 0.001024 0.000729 0.001546 0.001836 0.000104 -0.000023 -0.000009 0.000000 0.000000 0.000000 -0.000001 -0.000001 0.182527 0.216876 0.128032 0.116636 3.099157 1.213039 0.402929 -0.213641 2.259573 1.153898 0.201777 0.000061 0.000300 0.000498 0.003461 0.009714 0.005454 0.003940 0.002062 1.066971 0.554119
3.235524 0.497821 0.301250 0.495476 2.105024 1.035109 0.465220 -0.166536 0.503995 1.331702 0.676532 -0.753737 1.320647 0.667349 0.036360 0.010724 0.003621 0.000407 0.000011 -0.000106 -0.000092 0.000041 1.648781 4.104441 4.050658 0.000005 0.000000 0.000000 0.000001 -0.000005 -0.003008 -0.002895 -0.000021 -0.000574 -0.000584 -0.000696 0.089243 0.698864 0.267111 0.200309 0.197541 1.924685 1.163099 0.762102 -0.309004 2.648250 1.383358 0.266726 0.000108 0.002331 0.003736 0.003380 0.005042 0.000243 0.000003 0.000118 0.530463 0.920826
1.561126 0.354725 0.426701 0.500048 0.361880 0.197918 0.970797 1.399616 1.317894 0.000614 0.003992 0.891931 2.466280 0.106570 0.075538 0.070808 0.005332 0.007006 -0.000036 -0.000155 -0.000087 0.000120 1.925205 4.309626 2.832461 -0.001166 -0.000692 -0.000322 -0.000015 -0.000009 -0.002421 -0.006702 -0.000101 -0.001877 -0.001277 -0.001794 0.238585 0.655530 0.441742 0.235737 0.128502 0.287942 0.116435 0.077390 -0.060112 2.745958 1.326983 0.219947 0.002106 0.000916 0.001460 0.001821 0.001884 0.000045 -0.006358 0.000500 0.623227 0.694141
1.255535 0.009561 0.015132 0.019262 0.011064 0.128930 0.105602 0.042603 0.007637 0.000484 0.002478 0.204750 0.373946 0.111784 0.090285 0.072175 0.003934 0.003632 0.092546 0.003055 -0.034603 -0.003309 1.830785 4.062784 3.242751 -0.105659 -0.002085 -0.001409 -0.000435 -0.001121 -0.003485 -0.032818 -0.014218 -0.008993 -0.003620 -0.007313 0.529763 0.784079 0.385289 0.617562 0.145447 0.038401 0.009074 0.127630 0.315849 3.233285 1.142961 0.483684 0.000525 0.000004 0.000016 0.000024 0.000812 0.000006 0.087123 0.133013 0.663539 0.825223
0.397614 0.010693 0.011725 0.009366 0.021603 0.106341 0.067653 0.062399 0.006838 0.000251 0.001703 0.055442 0.440197 0.141939 0.097528 0.056890 0.004867 0.004745 0.006462 0.013555 0.778497 0.334703 2.218417 5.070933 3.702533 0.243364 -1.619963 -0.367261 -0.002107 -0.004741 -0.002589 -0.050101 -0.025750 -0.010930 -0.007543 0.065734 2.631453 1.130947 0.498641 0.331117 0.256794 0.032698 0.001490 0.378344 0.934770 2.832278 0.795962 0.000741 -0.000000 -0.000002 -0.000012 -0.000018 -0.000000 -0.000003 0.795537 0.334509 0.698591 0.569092
0.378679 0.010063 0.009892 0.008162 0.030501 0.038761 0.080762 0.070943 0.010251 0.000035 0.000545 0.063430 0.153260 0.153219 0.054165 0.019046 0.005284 0.003950 0.003449 0.007049 0.004940 0.013432 2.596273 5.038728 3.220730 -0.513309 -1.141780 -0.021828 -0.371386 -0.302881 0.058761 -0.129399 -0.109613 -0.067552 -0.177148 0.871514 1.408499 0.016532 0.010602 0.006583 0.000329 -0.002598 0.053525 0.833372 1.129002 2.846305 0.040382 -0.000007 -0.001009 -0.003181 -0.000723 -0.001162 -0.000643 -0.000551 1.144723 0.234935 0.470190 0.324661
0.499538 0.002148 0.008675 0.001168 0.030765 0.024381 0.073306 0.057357 0.014374 0.000116 0.000002 0.000000 0.408853 0.446609 0.000000 0.000003 0.000022 0.000010 0.001807 0.000961 0.001319 0.002780 1.273304 4.682855 3.336677 0.123932 -0.708543 0.204889 -0.053994 -0.138132 0.055149 -0.027268 -0.014069 -0.001943 0.511250 1.055785 1.487896 0.003066 0.004069 0.000723 0.000027 0.000002 0.223215 1.455080 1.616266 0.575269 0.013523 0.005262 -0.026157 -0.027784 -0.002047 -0.003054 -0.001745 -0.007162 1.425094 0.353805 0.238072 0.277631
0.285307 0.000335 0.005693 0.000919 0.024872 0.032166 0.028345 0.042891 0.015813 0.000332 0.000089 -0.000135 0.364911 0.425610 0.131874 -0.000023 -0.035076 -0.000019 0.000001 0.000046 0.000027 0.000009 0.913330 4.471564 3.783519 0.460880 -0.400387 0.364833 0.160654 -0.029763 0.067199 -0.007724 0.017075 0.022489 0.726155 0.579231 0.420840 0.000136 0.000572 0.000008 0.000002 -0.000001 0.543711 2.041472 0.763593 0.117585 0.048990 0.007087 0.059866 0.329001 -1.220932 -0.027469 -0.015021 0.270670 2.255502 0.449896 0.200436 0.078451
0.388681 0.007488 0.001057 0.003631 0.012207 0.019454 0.017328 0.028272 0.001644 0.000572 0.000215 0.000972 0.045462 0.299137 0.324524 0.156458 -0.058967 0.067137 -0.090390 0.000009 0.000059 -0.000003 0.519307 3.613396 3.418849 0.498025 0.048647 0.639018 0.371413 0.094052 0.020910 0.000530 0.099596 0.092229 0.058464 0.862694 0.438592 0.001037 -0.000000 -0.000006 -0.000003 0.507582 0.991650 1.142367 0.548877 0.290624 0.001469 0.018097 0.177333 0.431270 -1.301946 -0.095943 0.087039 0.394782 2.447419 0.444244 -0.002833 -0.080014
0.182170 0.004436 0.005709 0.014848 0.001826 0.001853 0.050584 0.005115 0.005303 0.000996 0.000212 0.000875 -0.012698 0.161428 0.522671 0.361122 -0.009359 0.181527 -0.105797 -0.000052 0.000197 -0.000043 0.041014 3.971691 2.724229 0.307447 0.213166 0.371916 0.522119 0.119364 -0.007797 0.003071 0.001307 0.001428 0.002553 0.374675 0.832492 0.003622 -0.000491 -0.000477 -0.000638 0.658072 1.616844 1.319164 0.015951 0.009395 0.001436 0.011743 0.006924 0.320633 -0.354138 0.006209 0.191101 0.545966 2.695284 0.456671 0.021733 -0.159387
0.000298 0.000152 0.002564 0.005548 0.001192 0.001987 0.018892 0.024337 0.019714 0.001824 0.000253 0.011698 0.197170 0.321376 0.001733 0.001557 0.004256 0.431742 -0.098667 -0.000027 0.001209 -0.000037 -0.339323 4.437028 2.975064 0.437593 0.473448 0.223075 0.672886 0.222960 0.094915 0.024932 0.000634 0.000822 0.001218 0.010015 0.896168 0.466633 -0.021305 0.201652 0.087314 0.814317 1.594577 1.231131 0.000403 0.000000 0.005199 0.006962 0.002220 0.001803 -0.193443 0.014160 0.261207 0.898120 2.948328 0.605008 0.202064 -0.168077
0.001236 0.003941 0.002784 0.004520 0.000698 0.001932 0.025172 0.010946 0.003401 0.008011 0.004540 0.017699 0.017070 0.003498 0.001041 0.000809 0.001729 0.005098 0.002656 0.001040 0.013411 0.890254 0.425772 5.272131 3.852305 0.250092 0.001560 0.253118 0.013777 0.055991 0.075552 0.029939 0.001583 0.000000 0.000000 0.057046 0.828455 0.958698 0.989399 0.302181 0.204685 0.360087 0.481809 0.424989 0.001360 0.001769 0.006885 0.000096 0.000072 0.000026 0.006110 0.182122 0.518229 1.043872 1.496992 0.080456 0.039083 0.171505
0.003391 0.001801 0.002411 0.003612 0.000721 0.001510 0.023148 0.000979 0.000649 0.001617 0.000851 0.004150 0.003676 0.001795 0.000090 0.000032 0.000014 0.000019 0.001746 0.000034 0.000563 0.568560 0.994207 4.451947 1.323672 0.012211 0.002300 0.024092 0.004557 0.014901 0.066655 0.053349 0.006407 -0.013906 0.288877 2.391666 2.478833 1.325365 0.538371 0.016916 0.008245 0.730142 0.516381 0.358307 0.000955 0.002067 0.005498 0.000248 0.000112 0.000009 0.000031 0.054002 0.097091 0.175445 1.714690 0.167695 0.000013 0.002964
0.008299 0.000023 0.000809 0.001218 0.000036 0.000939 0.007868 0.000011 0.000000 0.000000 0.000005 0.000005 0.000000 0.000000 -0.000007 -0.000016 -0.000001 -0.000000 -0.000000 0.000003 0.000000 0.752792 1.303852 2.495795 1.781974 0.006074 0.002980 0.012868 0.001823 0.001440 0.060303 0.137719 0.350467 0.284117 0.332349 0.859793 1.180610 1.142180 0.064745 0.003381 0.000075 0.416867 0.924490 0.292120 0.001371 0.000421 0.000700 0.000222 0.000006 -0.000026 0.000020 -0.000006 0.000024 0.224687 1.462319 0.773054 -0.000000 0.000000
0.001573 0.000016 0.000002 0.000001 0.000030 0.000024 0.000289 0.000060 -0.003656 -0.000973 -0.000011 -0.000004 -0.000627 -0.001756 -0.009091 -0.000555 -0.000018 -0.000019 -0.018368 -0.024066 -0.007022 1.142419 1.409896 1.449889 1.376707 0.011807 0.000093 0.001385 0.001462 0.000870 0.082139 0.382164 0.582464 1.445503 0.536439 0.502889 0.289966 0.107905 0.034946 0.014106 0.019409 0.184615 0.717746 0.304881 0.005671 0.001261 0.001384 -0.000114 -0.000081 -0.003132 -0.063408 -0.000155 -0.000060 0.210289 1.148798 0.737389 0.230929 -0.010093
0.007405 0.000062 -0.000004 -0.000933 -0.000045 -0.000027 -0.000091 -0.000056 -0.007075 -0.002619 -0.002820 -0.002550 -0.009049 -0.282988 -0.009730 -0.000628 -0.000067 -0.004762 0.183214 0.176815 1.099203 1.980183 2.167622 2.285704 0.987560 0.009019 0.000009 0.000001 0.000000 0.000000 0.253657 0.784767 1.083352 1.316192 0.002556 0.002367 0.001485 0.000048 0.000087 0.034607 0.058284 0.367865 0.655944 0.333038 0.033348 0.006712 0.006117 -0.007692 -0.003052 -0.396786 -0.060624 0.254307 -0.000049 0.172563 1.019153 0.820940 0.728499 0.806558
0.032890 0.002440 -0.001410 -0.003022 -0.000665 -0.000023 -0.000045 -0.000811 -0.008416 -0.007060 -0.048317 -0.269137 0.777786 -0.211103 -0.642797 -0.001092 -0.000165 0.254289 0.291054 0.358204 1.642133 2.220777 1.916891 1.061924 0.555829 0.005960 0.000030 -0.000021 -0.025124 -0.014135 0.606025 1.035186 0.759507 0.002534 0.001696 0.000151 0.000001 -0.000001 0.000304 0.137561 0.192794 0.680081 0.658341 0.605622 0.041721 0.011418 0.005092 -0.039688 -0.028582 -0.128355 0.172881 0.344504 0.076847 0.115554 0.387193 0.433378 0.386455 1.210956
0.014675 0.000893 -0.061122 -0.003748 -0.001666 -0.000311 -0.002367 -0.002265 -0.007999 -0.022277 1.234831 1.049558 1.305164 -0.305134 -0.536063 -0.296187 -0.236875 0.103072 0.843594 1.119091 2.055467 1.662724 1.292795 0.191232 0.005235 0.004802 0.000076 0.364982 0.248130 0.422105 0.728208 0.747724 0.019517 0.001490 0.001067 0.001176 0.003332 0.005393 0.000600 0.376619 0.243704 0.158597 0.085101 0.021112 0.052998 0.013484 0.003324 0.041292 0.713449 0.700088 0.775679 0.657280 0.317447 0.001765 0.001349 0.002107 0.001464 1.789037
0.003429 0.000205 -0.028984 -0.000466 -0.003591 -0.001711 -0.005750 -0.006831 -0.109958 1.023232 1.881460 0.880620 1.554926 -0.350107 -0.399903 -0.262941 -0.647023 -0.132409 1.054923 1.194346 1.800685 0.013107 0.009826 0.005064 0.013105 0.005923 0.219050 0.687326 0.472556 0.441844 0.778142 0.547407 0.002850 0.001515 0.000240 0.000526 0.000741 0.032686 0.641346 0.722858 0.034024 0.012478 0.014002 0.005175 0.030387 0.011389 0.017240 0.016725 0.024765 0.001891 0.002443 0.003080 0.002518 0.000153 0.000108 0.000029 0.005400 2.429253
0.000018 -0.000007 -0.012284 -0.023453 -0.013489 -0.009536 -1.773980 0.602663 0.872000 2.129738 1.206928 0.000182 0.000663 0.099131 0.001235 0.150822 0.148352 -0.136782 0.965757 0.876429 1.083462 0.000000 0.000000 0.002310 0.230441 0.153367 0.423352 1.037379 0.604234 0.456493 0.275293 0.012849 0.001547 0.000559 0.000000 0.000002 0.000347 0.057450 0.391198 0.124912 0.055639 0.001814 0.000291 0.017081 0.009799 0.019591 0.001618 0.004633 0.004611 0.000750 0.000035 0.000005 0.000002 -0.000010 -0.000043 -0.000018 0.686766 2.938983
-0.000007 -0.001892 -0.000879 -0.023523 -0.031198 -0.235049 -1.174777 0.789684 1.202096 1.863816 0.073221 0.000000 0.000000 0.000000 1.103700 0.681520 0.586113 0.796019 0.910067 0.539442 0.281408 -0.017100 -0.033419 -0.085119 0.504618 0.208028 0.369270 1.045925 0.443166 0.346290 0.079792 0.000499 0.000876 -0.000005 -0.000376 -0.000003 -0.000000 0.000005 0.464306 0.000082 0.001289 0.001162 0.002286 0.041432 0.013705 0.000017 0.001789 0.000482 0.000025 0.000003 -0.000001 -0.000003 -0.000002 -0.087181 -0.012424 -0.027788 2.270226 2.531816
0.008388 -0.014552 0.013632 0.019187 -0.060533 -0.532221 -0.985647 0.633663 1.341240 2.067983 0.305265 -0.203542 -0.178140 -0.026736 1.574212 0.911861 0.046715 0.001306 0.001059 0.000041 0.002156 -0.097536 0.118449 -0.205986 0.720708 0.205135 0.251664 0.689942 0.264888 0.013315 0.013303 0.000002 -0.000021 -0.001116 -0.001140 -0.000902 -0.001069 -0.000008 0.549583 -0.000002 0.000037 0.000104 0.000990 0.001663 0.047600 0.000029 0.000013 0.000013 -0.000001 -0.000002 -0.001131 -0.001043 -0.001160 0.298600 1.456336 1.507085 2.207109 2.719851
0.001449 0.000418 0.012672 0.003615 0.042164 -0.545433 -0.513768 0.607652 1.229894 2.083474 0.315333 0.007237 0.110885 0.581204 0.810062 0.053374 0.021557 0.000571 0.000023 -0.000002 0.001972 -0.149747 0.159302 -0.140651 0.829361 0.263258 0.117125 0.555190 0.069601 0.050071 0.000182 -0.000003 -0.000018 -0.002445 -0.001193 -0.001915 -0.006895 0.156660 0.709791 -0.142573 -0.000008 0.000030 0.000005 0.000812 0.006609 0.000012 -0.000013 -0.000013 -0.000754 -0.000744 -0.003880 -0.006455 -0.014587 0.971180 2.699926 2.215327 2.365926 2.663488
0.000056 0.008008 0.009731 0.000477 0.003697 -0.375003 -0.440430 0.544783 1.232540 1.783874 0.368522 -0.081215 0.116026 0.682532 0.000003 0.000012 0.000018 0.000000 -0.000001 -0.019408 0.007589 -0.198729 0.225972 -0.197872 0.892948 0.218465 0.033639 0.444641 -0.008104 0.259614 0.000447 -0.000145 -0.000566 -0.003264 -0.004836 -0.018221 0.002282 0.133029 0.393030 -0.033187 0.000050 -0.000016 -0.000005 0.000001 0.000003 -0.000036 -0.001873 -0.001084 -0.002695 -0.002615 -0.000084 0.001680 0.031905 1.837725 2.965879 3.870187 5.143335 3.203417
0.000149 0.004937 0.000657 0.000077 0.000113 0.000334 -0.058730 0.367638 1.291956 1.807725 0.411134 -0.196404 0.025209 1.222584 -0.000006 -0.000016 -0.000024 -0.001234 -0.000738 -0.325746 0.070132 -0.397186 0.437970 -0.205305 1.183915 0.169481 0.022128 0.598319 -0.033030 0.023354 0.000048 -0.000334 -0.000514 -0.000538 -0.000248 -0.001201 0.036505 0.004633 0.180233 0.147904 0.000970 -0.001460 -0.000475 -0.000019 -0.000009 -0.000185 -0.010983 -0.004044 -0.004621 -0.000092 0.002424 0.000931 0.053591 1.818408 3.848514 3.765074 4.401641 2.383256
