use_cases/Flooding_chicago/flooding_data/output/hUy_420.asc
ncols 337
nrows 393
xllcorner 428428.000000
yllcorner 4602440.000000
cellsize 26.757400
NODATA_value -9999.000000
[rows 78 to 103 of 393, columns 174 to 231 of 337]
-0.000752 0.187469 0.087897 0.052734 0.001599 -0.000065 0.000000 0.000070 0.054100 0.076287 0.044165 0.008741 0.027706 0.032512 0.016701 0.033470 0.005110 0.000510 0.000072 0.000006 0.094138 0.089131 0.014050 0.049330 0.234297 0.127560 0.242646 0.000158 0.073365 -0.088839 -0.119647 -0.060385 -0.348881 -0.030369 -0.003727 0.000492 -0.039240 -0.065492 0.003154 -0.027314 -0.017578 -0.031755 -0.056054 -0.088554 -0.080412 -0.028313 -0.042716 -0.018232 -0.027068 -0.018742 -0.024467 -0.022144 -0.140378 -0.019440 -0.034790 -0.040263 -0.022234 -0.033259
2.132654 0.784241 0.054189 0.064454 0.011434 -0.000162 -0.005994 -0.000485 0.029447 0.020737 0.035300 0.031841 0.027261 0.015175 0.003247 0.021288 0.036326 0.031908 0.091009 -0.157106 0.889309 0.177082 0.074161 0.169630 0.216109 0.213514 0.017002 0.331800 0.183908 0.072326 0.054611 0.147813 -0.033557 -0.430064 -0.002939 -0.006089 0.000910 0.046141 0.029855 -0.051729 -0.051797 -0.088178 -0.058567 0.380849 -0.345265 -1.250147 -0.655075 -1.287499 -0.028398 -0.039980 -0.044969 -0.066288 -0.058870 -0.021734 -0.028805 -0.067292 -0.052649 -0.069844
0.036620 1.691594 0.060419 0.041195 0.038432 0.010252 -0.082607 -0.030153 0.000218 0.006872 0.014271 0.008961 0.029243 0.003213 0.002719 0.008774 0.032848 0.034677 0.063920 0.434881 1.668479 0.021823 0.025316 0.111562 0.131246 0.066738 0.021941 0.047869 0.023541 0.028321 0.517327 0.236182 0.101230 -0.251013 0.132664 -0.002820 0.003155 0.002684 0.039562 0.001993 0.010169 -0.091869 -0.277035 0.491131 0.046267 0.069749 -0.246734 -0.725980 -0.495649 -0.326448 -0.544236 -0.463471 -0.176490 -0.013268 -0.075872 -0.097631 0.300052 -0.732081
0.042885 0.086351 0.048606 0.036226 0.011678 0.010509 -0.338177 0.473440 0.006466 0.000471 0.000911 0.006373 0.009024 0.002267 0.000791 0.000294 0.007720 0.029057 0.085692 0.115052 0.019671 0.014203 0.034377 0.077660 0.126592 0.015639 0.041550 0.023834 0.012241 0.022485 0.030604 0.024199 0.502844 -0.024315 0.134458 0.097317 0.007873 0.009503 0.011717 0.006094 0.069672 0.071445 -0.106550 0.387860 0.106231 0.166503 0.111888 0.036257 0.008895 -0.098275 -0.422869 -0.348372 -0.101542 0.007088 0.062023 -0.020213 0.400019 -0.318971
0.042298 0.021130 0.052752 0.024634 0.002561 0.002637 -0.292438 0.545664 0.018351 0.000930 0.000275 0.000000 0.000000 0.000058 -0.000131 -0.000144 0.000096 0.016354 0.101031 0.014458 0.005483 0.012954 0.039169 0.033427 0.078977 0.061813 0.030927 0.005659 0.001347 0.009412 0.004927 0.006862 0.026305 0.447063 0.160697 0.149574 0.022100 0.024717 0.025013 0.013394 0.063024 0.063473 0.053029 0.027071 0.205224 0.280211 0.196070 0.082075 0.012096 -0.028681 -0.437673 -0.145960 0.053248 0.035541 0.037723 0.085776 0.316776 -0.087094
0.017341 0.009371 0.019363 0.001753 0.001531 0.019525 0.154922 0.441012 0.099348 0.013116 0.001622 -0.006453 -0.014017 -0.000915 -0.000381 -0.014562 -0.001669 0.005739 0.018060 0.000269 0.000222 0.000786 0.028754 0.017658 0.021094 0.028862 0.024495 0.000000 0.000350 0.000018 0.000001 0.000398 0.021004 0.028153 0.209921 0.063015 0.032993 0.052179 0.038898 0.023226 0.050912 0.029124 0.023369 0.024417 0.136986 0.482941 0.344863 0.013030 0.645051 0.358015 -0.076240 0.223116 0.315396 0.068597 0.036843 0.015328 0.029371 0.038342
0.000643 0.000354 0.000460 0.000178 0.002590 0.074842 0.198069 0.205542 0.016902 0.009087 0.003647 -0.022340 -0.049072 -0.037589 -0.027278 -0.052398 -0.050095 -0.001023 0.000101 -0.000022 -0.000222 0.001339 0.001399 0.000503 0.000176 0.000005 0.000000 -0.009656 -0.001579 -0.008793 -0.019303 -0.001715 0.012323 0.014665 0.137054 0.042739 0.063208 0.075382 0.094045 0.025200 0.020098 0.006273 0.013636 0.008033 0.269847 0.429522 0.139477 0.020801 0.026303 0.030811 0.137118 0.059387 0.086713 0.097710 0.032513 0.001982 0.009557 0.004821
-0.000898 -0.000413 0.000107 0.000042 0.002065 0.064606 0.095247 0.050653 0.006073 0.001715 0.004777 0.021457 0.080513 0.005209 -0.149521 -0.034154 -0.186108 -0.001037 -0.000201 -0.001187 -0.011539 -0.002605 -0.001032 -0.000415 -0.000167 -0.005899 -0.013136 -0.020422 -0.035637 -0.048849 -0.051770 -0.000892 0.000722 0.000017 0.046061 0.082724 0.112680 1.103179 0.213326 0.104013 0.010245 0.000588 0.000013 0.000000 0.369113 0.300620 0.013587 0.031307 0.015250 0.020494 0.046110 0.035178 0.027431 0.145997 0.024257 0.004613 0.000256 0.000008
-0.003436 -0.012789 -0.001109 -0.000137 0.004540 0.022746 0.031804 0.006354 0.000222 0.002089 0.009009 0.024090 0.024299 0.016917 -0.114923 -0.087382 -0.108807 -0.068455 -0.051287 -0.014456 -0.035472 -0.002034 -0.001617 -0.001392 -0.000616 -0.023481 -0.023363 -0.296659 -0.695928 -0.090343 -0.159672 -0.007521 0.001266 0.021883 0.058905 0.198495 0.029522 0.068968 0.064257 0.026087 0.004233 0.000027 -0.007151 0.195181 0.328929 0.000222 0.000559 0.007732 0.014262 0.008194 0.016948 0.010859 0.015670 0.096381 0.021862 0.002779 0.000808 0.001100
0.000000 -0.035623 -0.017601 -0.001919 0.000169 0.013356 0.000138 -0.000005 -0.000222 0.004548 0.008674 0.000725 0.000412 0.004472 -0.024839 -0.048506 -0.150270 -0.216929 -0.120141 -0.056957 -0.063392 -0.009102 -0.012111 -0.002290 -0.000878 0.000062 -0.001675 0.070519 -0.782990 -0.098332 0.218472 -0.021361 0.001200 0.007293 0.057547 0.071046 0.024062 0.041096 0.034880 0.009826 0.005994 0.000839 0.201174 0.207677 0.327433 -0.000107 -0.000006 0.000103 0.000222 0.000140 0.000063 0.000251 0.000385 0.021797 0.018313 0.003040 0.001702 0.002485
-0.005637 -0.071023 -0.051715 -0.012248 -0.000510 -0.000099 -0.001739 -0.024810 -0.014506 -0.001790 0.007706 0.000441 -0.000304 -0.000006 -0.003701 -0.054017 -0.090886 -0.383913 -0.211825 -0.117088 -0.096907 -0.025203 -0.018071 -0.012733 -0.020176 -0.000509 0.000071 0.205473 -0.145275 -0.130642 0.354142 0.030903 0.001574 0.004316 0.026873 0.042737 0.014896 0.022720 0.033525 0.044557 0.008823 0.004079 0.015631 0.233433 0.258542 0.083383 -0.000160 -0.000103 -0.000222 -0.000140 -0.000063 0.000327 0.000448 0.000343 0.000029 0.000249 0.000736 0.000191
-0.009996 -0.084569 -0.099405 -0.024651 -0.008875 -0.015302 -0.023920 -0.059768 -0.026171 -0.001712 0.000304 -0.000441 -0.000711 -0.000550 0.000267 0.000185 -0.028316 -0.408898 -0.266426 -0.121996 -0.207300 -0.030840 -0.020350 -0.016560 -0.044544 -0.013612 0.002434 0.174077 0.051195 -0.005981 0.057453 0.041257 0.011330 0.014275 0.001197 0.022189 0.006413 0.017529 0.026823 0.023582 0.027593 0.003747 0.000967 0.031760 0.282713 0.132170 -0.008634 -0.008964 -0.004526 -0.009488 -0.002646 -0.000893 -0.000519 -0.000375 -0.017440 -0.001836 0.001183 -0.000077
-0.001726 -0.020643 -0.139151 -0.087752 -0.024303 -0.052115 -0.080410 -0.045896 -0.028304 -0.000820 -0.000412 -0.000725 -0.000567 -0.000495 -0.000253 -0.000189 -0.041074 -0.366919 -0.418784 -0.063509 -0.132506 -0.096993 -0.114686 -0.016782 -0.011717 -0.098261 -0.009369 0.210398 0.020933 0.005912 0.033636 0.031603 0.015360 0.009189 0.012137 0.007635 0.000507 0.005684 0.010622 0.009632 0.019241 0.001298 0.000212 0.018169 0.088246 0.204392 -0.026265 -0.018033 -0.007892 -0.031666 -0.004230 -0.002217 -0.001124 -0.012975 -0.041137 -0.010126 -0.000950 -0.000711
-0.010758 -0.018584 -0.126423 -0.119315 -0.113102 -0.116520 -0.080983 -0.025491 -0.027604 -0.014932 -0.009359 -0.009566 -0.014514 -0.014763 -0.000540 -0.007052 -0.044689 -0.390934 -0.828061 -0.459387 -0.063482 -0.046558 -0.055009 -0.003828 -0.004463 -0.000221 -0.001729 0.066959 0.006576 0.037682 0.013150 0.010604 0.000622 0.000262 0.006213 0.000086 -0.000068 0.000000 0.000000 0.000000 0.006203 0.000886 -0.000318 0.076526 0.057318 0.042861 -0.073460 -0.037331 -0.012567 -0.026294 -0.042698 -0.028078 -0.012311 -0.051436 -0.014136 -0.005720 -0.001480 0.001855
-0.020537 -0.046172 -0.101399 -0.275795 -0.282284 -0.119011 -0.057893 -0.027089 -0.026447 -0.029284 -0.011820 -0.025766 -0.024076 -0.028086 -0.008293 -0.015759 0.000273 -0.139940 -0.745199 -0.516902 -0.145743 -0.258311 -0.023175 -0.022467 -0.020343 -0.015491 -0.002695 0.000234 0.002020 0.010212 0.001200 0.000866 0.000682 -0.000125 -0.000006 -0.000236 -0.009339 -0.005878 -0.005878 -0.000290 0.000339 0.001178 0.107279 0.116982 0.001888 0.001032 -0.010627 -0.009506 -0.019221 -0.025286 -0.075033 -0.040306 -0.043498 -0.071845 -0.036783 -0.011051 -0.002548 0.002395
-0.029491 -1.548357 -0.767272 -0.131118 -0.219846 -0.061785 -0.010543 0.000000 -0.040504 -0.033416 -0.037751 -0.026697 -0.090691 -0.065725 -0.026425 -0.004401 0.029478 0.038871 -0.437793 -0.534078 -0.630194 -0.215496 -0.144683 -0.342250 -0.220852 -0.136017 -0.095258 0.001635 0.001568 0.000037 0.001271 -0.000862 -0.001542 -0.008275 -0.008777 -0.007120 -0.025848 -0.012825 -0.012825 -0.000399 0.000712 0.000548 0.043585 0.003691 0.000409 -0.000067 -0.000003 -0.019833 -0.029020 -0.035654 -0.401634 -0.318227 -0.010408 -0.166231 -0.155629 -0.006227 -0.002053 0.004864
-0.109452 -0.620172 -0.184439 0.162458 0.144314 0.035841 -0.002050 -0.003663 -0.035360 -0.074689 -0.086545 -0.060130 -0.032792 -0.020344 -0.007688 0.082653 0.118389 0.068824 0.007878 -0.265457 -0.277160 -0.160616 -0.099585 -0.574685 -0.551811 -0.980745 -1.620776 0.024202 0.001870 0.001273 -0.000716 -0.009441 -0.005072 -0.042389 -0.030572 -0.033076 -0.070249 -0.031112 -0.051326 -0.003237 0.000155 0.000721 0.014648 0.021445 -0.000152 -0.003564 -0.001785 -0.030969 -0.086552 -0.085598 -0.074263 -0.011532 -0.002734 -0.100591 -0.100414 -0.002855 -0.002036 -0.000105
-0.039132 -0.258136 0.124905 0.149007 0.008762 0.015956 -0.001762 -0.011060 -0.099955 -0.262472 -0.231172 -0.013551 -0.008885 0.004875 -0.010600 0.039850 0.079940 0.006107 0.000097 -0.158447 -0.179880 -0.102407 -0.009452 -0.025503 -0.032351 -0.732801 0.032209 0.006746 0.000225 -0.000036 -0.002996 -0.006383 0.020155 -0.488992 -0.053792 -0.023448 -0.015709 -0.004302 0.035639 0.002863 -0.001072 -0.000562 0.000304 0.010525 0.000167 -0.001167 0.000368 -0.004511 -0.029489 -0.031118 -0.097969 0.000291 -0.001075 -0.098268 -0.110039 -0.001532 -0.001628 -0.028121
-0.024322 0.079274 0.036669 0.074842 0.000360 0.000360 -0.167182 -0.132721 0.007200 0.012830 0.057847 0.005658 0.008241 0.021771 0.000360 0.000360 0.014014 0.000719 -0.000335 -0.061563 -0.204791 0.000822 0.007602 0.014118 0.337278 -0.326481 0.008899 -0.000021 -0.000279 -0.000394 -0.001460 0.000554 0.019296 -0.252707 -0.035165 -0.002912 -0.004162 0.000321 0.005027 0.000121 -0.001059 -0.001786 -0.001290 0.000135 0.000579 0.000288 0.000361 -0.001647 -0.023902 -0.022771 -0.186689 -0.000277 -0.003247 -0.073739 -0.067404 0.104282 0.078108 -0.124006
-0.006282 0.008651 0.000000 0.123221 -0.000360 -0.000360 -0.176706 -0.113813 0.024701 0.080217 0.010274 0.003881 0.008327 0.017616 -0.000360 -0.000360 0.002539 0.001394 0.007532 0.019003 -0.181057 0.000441 0.000222 0.000514 0.017321 0.025056 -0.001241 -0.023079 -0.022278 -0.009254 -0.000669 0.000247 0.000331 -0.262484 -0.004968 -0.000995 -0.000974 -0.000043 0.000000 -0.004364 -0.006761 -0.029858 -0.030402 -0.002461 0.000412 0.000068 0.000031 0.000184 -0.007921 -0.211619 -0.183209 -0.000386 0.009229 -0.030156 -0.218982 0.233696 0.216807 0.120694
0.111102 0.008114 0.039107 0.069977 0.081975 0.087033 -0.020319 0.046193 0.005503 0.042270 0.003859 0.016916 0.012823 0.009084 0.035387 0.011603 0.007963 0.003476 0.020237 -0.000377 -0.023199 0.000450 -0.000222 0.000236 0.000014 0.000001 -0.000948 -0.039390 -0.404496 -0.018507 -0.000544 -0.000569 -0.000394 -0.314179 -0.015388 -0.004791 -0.000506 -0.000721 -0.008182 -0.013004 -0.011687 -0.073729 -0.059316 -0.015975 -0.001402 -0.000308 -0.000355 -0.000295 0.285163 0.076646 -0.328828 0.078373 0.012938 0.014011 0.022571 0.100607 0.048383 0.523995
0.299621 0.125329 0.117410 0.060001 0.013188 0.031974 0.052590 0.094456 0.019455 0.023258 0.020668 0.021113 0.067482 0.080245 0.058902 0.056886 0.030617 0.003582 0.100698 0.061646 0.130520 0.002087 -0.001843 -0.001378 -0.041520 -0.002908 -0.037987 -0.550255 0.290823 0.021335 -0.000434 -0.001893 -0.001900 -0.596316 -0.079164 -0.012083 -0.011283 -0.009436 -0.016235 -0.024827 -0.001200 -0.073697 -0.079778 -0.067650 -0.005341 -0.011847 -0.011038 -0.019019 0.568899 0.360873 -0.128918 0.346283 0.039620 0.044225 0.009472 0.075486 0.036161 0.050898
0.008679 0.008115 0.257263 0.070163 0.000737 0.002336 0.005363 0.039908 0.022270 0.018827 0.016879 0.013475 0.024168 0.125164 0.116360 0.006471 0.015614 0.012055 0.032601 0.359290 0.020081 0.003043 0.000165 -0.000903 0.054491 0.018461 -0.145497 -0.683104 0.648349 0.029283 -0.000615 -0.001525 -0.001358 -0.579359 -0.052151 -0.002012 -0.012435 -0.033478 -0.033239 -0.031685 -0.011474 -0.031646 -0.032859 -0.472953 -0.004959 -0.031442 -0.009371 0.071263 0.081418 0.148266 0.102714 0.020705 0.022143 0.014542 0.006339 0.049995 0.024856 0.014995
0.000222 0.000764 0.089599 0.175486 -0.000297 -0.000228 0.001348 0.009215 0.006529 0.011094 0.006034 0.006364 0.010033 0.108130 0.008107 0.000556 0.009374 0.005067 0.019419 0.071763 0.007283 0.000326 0.000121 0.002107 0.087314 0.308536 0.019710 0.019084 0.015495 0.015952 -0.000485 -0.000844 -0.086908 -0.234415 -0.098884 -0.010894 -0.019863 -0.029243 -0.123179 -0.106462 -0.097480 -0.051051 -0.060015 -0.009931 -0.016228 -0.002458 0.088197 0.003009 0.000393 0.020200 0.023276 0.005460 0.015725 0.001704 0.010692 0.009111 0.000360 0.000360
-0.000222 0.002172 0.000125 0.209626 -0.006524 -0.043388 -0.000514 0.000104 0.000101 0.000000 0.000003 0.000208 0.000005 0.062715 0.002050 -0.000055 -0.000002 0.000117 0.005252 0.000358 -0.000003 -0.000208 -0.000106 0.014167 0.101085 0.347717 0.000061 0.000140 0.000222 0.000103 -0.046662 -0.084500 -0.054103 -0.128826 -0.072713 -0.071149 -0.078065 -0.087629 0.006317 0.025939 -0.551275 -0.025580 -0.038044 -0.010531 -0.040113 -0.001497 0.003831 0.007876 -0.000014 0.000000 0.000000 0.000000 0.000000 0.000087 0.000215 -0.000502 -0.000360 -0.000360
0.000942 0.003597 0.209766 0.165537 0.316695 -0.010303 -0.000107 -0.000205 -0.001337 -0.014959 -0.007297 -0.000326 -0.000177 0.021589 0.002721 -0.029551 -0.015475 -0.001051 -0.000035 -0.000575 -0.059883 -0.004308 -0.008572 0.059195 0.250993 0.479243 -0.000061 -0.000140 -0.000222 -0.000103 -0.406570 -0.207795 -0.041590 -0.097332 -0.103460 -0.027228 -0.029816 0.006447 0.129883 0.432148 -0.234940 -0.005445 -0.020410 -0.006501 -0.008497 -0.000839 0.001658 -0.000991 0.000815 -0.006738 -0.003929 -0.022113 -0.011538 -0.001663 -0.000749 -0.008873 -0.014626 -0.016877
