use_cases/Flooding_chicago/flooding_data/output/hUy_480.asc
ncols 337
nrows 393
xllcorner 428428.000000
yllcorner 4602440.000000
cellsize 26.757400
NODATA_value -9999.000000
[rows 208 to 233 of 393, columns 232 to 289 of 337]
-0.001041 -0.002049 -0.006563 -0.002177 -0.035147 -0.022482 -0.012762 -0.004813 -0.035648 -0.018873 -0.175476 -0.019739 -0.051721 0.124794 0.104963 0.059783 0.017798 0.027850 -0.064074 -0.064180 -0.090633 -0.001171 -0.000965 -0.000479 0.000098 0.047167 -0.035620 -0.033911 -0.024466 -0.009179 0.019684 0.283847 0.482162 0.386700 -0.164357 0.002641 0.000996 -0.000166 -0.003946 -0.010094 -0.017285 -0.017276 -0.027718 0.193637 -0.103684 0.014269 0.103500 0.001861 0.003395 0.004909 -0.000194 0.000451 0.213822 -0.031622 0.113846 -0.576363 0.205847 0.080088
-0.001224 -0.001755 -0.003461 -0.014718 -0.106312 -0.040756 -0.005887 -0.002900 -0.012351 -0.018276 -0.004596 -0.348665 0.263738 0.132255 0.246669 0.060993 0.015269 0.052498 -0.053214 -0.019753 0.090035 -0.038974 0.032391 0.071647 -0.000415 0.145043 -0.014348 -0.030313 -0.020227 -0.007235 0.040278 0.335097 0.381069 0.412708 -0.170862 0.003196 0.002461 0.003483 -0.015767 -0.024134 -0.053180 -0.004304 0.070818 0.284951 -0.126678 0.054202 0.074769 0.000883 0.000167 0.000062 0.000652 0.003623 0.018971 -0.033207 0.117354 -0.062141 0.538055 0.009179
-0.000946 -0.001241 -0.001619 -0.025544 -0.510848 -0.018619 -0.020899 -0.011977 0.007940 0.017831 0.088349 0.176272 0.316779 0.087524 0.163382 0.051894 0.000000 0.042613 0.019914 0.112936 0.107503 -0.035247 0.076855 0.138494 0.152081 0.086525 0.019886 -0.025462 -0.014539 0.028814 0.064304 0.060490 0.039372 0.425745 0.009105 0.009192 0.004226 0.004529 -0.001555 -0.001782 -0.005620 -0.000784 0.149115 0.406527 0.045761 0.000922 0.000567 -0.001777 -0.003621 -0.004841 0.000003 0.000208 0.000977 0.000629 0.033175 0.017156 0.034525 0.000790
-0.021686 -0.016868 -0.010728 -0.446187 -0.015554 0.154130 -0.078423 -0.171841 -0.017660 0.114915 0.135191 0.197656 0.214190 0.157914 0.310943 0.031260 0.007614 0.057591 0.000776 0.000806 0.000393 0.000143 0.130333 0.207856 0.006605 0.006809 0.000596 -0.016176 -0.009947 0.074781 0.077447 0.078719 0.067461 0.413398 0.014644 0.001236 0.004807 0.000965 0.000473 0.000014 0.000585 0.000108 0.038262 0.024930 0.003131 -0.000217 -0.001292 -0.002312 -0.047054 -0.000921 -0.000457 -0.000326 -0.001092 -0.000453 -0.000019 0.012162 0.000545 -0.000115
-0.127153 -0.461529 -0.456451 -0.088146 0.168190 0.214736 0.002310 0.006408 0.007751 0.065248 0.059168 0.077364 0.058653 0.347604 0.283602 0.354949 0.020461 0.040608 0.000390 -0.000716 -0.000366 -0.000141 0.148485 0.221786 0.000363 0.000007 0.000135 -0.002850 0.030319 0.096291 0.074822 0.073482 0.084816 0.089794 0.020968 0.000308 0.000270 0.000000 -0.000270 -0.006052 0.000733 0.000858 0.000426 0.000019 0.001828 0.003756 -0.013008 -0.053521 -0.031111 0.026508 -0.000948 -0.000288 0.060104 -0.013450 -0.047519 0.000403 -0.000687 -0.000859
0.089284 0.116668 0.154965 -0.020899 0.086009 0.198242 0.000513 0.010377 0.018587 0.017926 0.086083 0.134352 0.123869 0.080405 0.055330 0.166442 0.099611 0.045367 0.001023 0.021379 0.000025 -0.058667 0.215800 0.252916 -0.000206 -0.000357 -0.000178 0.033646 0.044846 0.116986 0.061985 0.054129 0.072120 0.072050 0.000120 -0.001279 -0.000473 -0.000965 -0.007881 -0.003109 -0.002658 -0.001319 -0.000724 0.014725 0.005094 -0.027887 0.000691 -0.044382 0.014459 0.041838 0.000045 0.002097 0.114712 -0.015606 -0.047495 -0.000488 -0.001849 -0.006146
0.188209 0.517106 0.562357 -0.048045 -0.008047 0.181546 0.105838 0.015900 0.027325 0.041870 0.034001 0.164513 0.161854 0.016039 0.018627 0.019905 0.009961 0.037177 0.003514 0.072211 0.003805 -0.080787 0.146654 1.062964 -0.000372 0.000261 0.000506 0.064203 0.017316 0.157634 0.047974 0.038057 0.057524 0.013518 -0.000696 -0.001920 -0.028509 -0.004873 -0.018880 -0.004837 0.126824 -0.104778 -0.003160 0.010768 -0.000033 -0.078085 0.031099 -0.011163 0.078494 0.069901 0.000111 0.003182 0.015925 0.000862 0.000033 -0.000814 -9999.000000 -9999.000000
0.030564 0.031889 0.045923 0.028449 0.035532 0.299784 0.234927 0.032124 0.033015 0.063176 0.069978 0.068126 0.063580 0.031253 0.001078 0.009967 0.000938 0.005730 0.005684 0.043906 0.013653 0.016757 0.163838 0.534402 0.011049 0.003294 0.005251 0.154466 -0.027795 0.826694 0.021720 0.001147 0.127612 -0.013988 0.005489 0.006417 -0.009744 -0.077056 -0.011817 0.713366 0.135802 -0.140485 0.002598 0.000384 -0.002619 0.019405 0.070063 -0.010428 0.130527 0.006469 -0.000358 0.000000 0.000000 -9999.000000 -9999.000000 -9999.000000 -9999.000000 -9999.000000
0.013656 0.012802 0.061984 0.029017 0.033311 0.147554 0.115934 0.080892 0.033580 0.083930 0.086991 0.096770 0.090411 0.015388 0.000297 0.000000 0.000052 0.004878 0.007552 0.023255 0.010499 0.009888 0.102880 0.144182 0.022242 0.003878 0.004738 0.016886 -0.032534 0.387969 0.015812 0.002340 0.008807 -0.000849 0.008869 0.014981 0.020596 -0.016406 0.157742 0.341447 0.171488 -0.032597 0.002713 -0.000076 -0.000806 0.150449 -0.006134 -0.016590 0.019697 0.001099 -0.001242 -0.001321 -9999.000000 -9999.000000 -9999.000000 -9999.000000 -9999.000000 -9999.000000
0.000326 0.001172 0.017075 0.072623 0.076661 0.066026 0.045846 0.026175 0.006227 0.095700 0.087266 0.102288 0.087795 -0.000036 -0.000713 -0.002533 -0.000691 0.007460 -0.001661 0.000360 0.000360 0.000130 0.104136 0.064244 0.007140 0.001701 0.006455 0.008470 0.002731 0.046974 0.000016 0.000419 0.000791 0.000582 0.011543 0.022095 0.037638 0.002159 0.038578 0.020352 0.269523 0.037922 0.012207 0.008809 0.214776 0.188782 0.051068 0.011235 0.008243 0.001368 -9999.000000 -9999.000000 -9999.000000 -9999.000000 -9999.000000 -9999.000000 -9999.000000 -9999.000000
-0.000208 0.004055 0.005756 0.041326 0.136478 0.006233 0.008180 0.004370 0.011504 0.146722 0.080595 0.101766 0.067147 0.004046 -0.001401 -0.001843 -0.018692 0.027365 -0.227887 -0.000360 -0.000360 -0.000130 0.190800 0.000000 0.000438 0.012561 0.007265 0.002905 -0.000238 -0.000017 -0.024029 -0.000582 -0.000791 -0.000419 -0.000016 -0.000300 0.002731 0.004363 0.017716 0.010614 0.037433 0.052770 0.048172 0.023178 0.055895 0.047553 0.035282 0.001699 0.000208 0.000003 -9999.000000 -9999.000000 -9999.000000 -9999.000000 -9999.000000 -9999.000000 -9999.000000 -9999.000000
0.020849 0.027170 0.051128 0.021318 0.035320 0.010816 0.014132 0.009091 0.027213 0.042890 0.013238 0.162373 0.068862 0.034877 0.171786 0.013632 -0.179350 0.363497 -0.251174 0.007525 0.004057 0.061764 0.166829 0.234315 0.001108 0.009264 0.001668 0.001790 0.295500 0.241030 0.065762 0.105225 -0.056637 -0.051304 -0.034212 -0.368749 -0.001698 0.000376 0.000723 0.000376 0.000140 0.109220 0.092560 0.000222 0.023072 0.016927 0.014462 0.004746 -0.000326 -9999.000000 -9999.000000 -9999.000000 -9999.000000 -9999.000000 -9999.000000 -9999.000000 -9999.000000 -9999.000000
0.058990 0.004459 0.016055 0.001161 0.000379 0.004128 0.012086 0.010354 0.009192 0.007156 0.021701 0.026469 0.148163 0.136453 0.004911 0.034486 -0.005625 0.392447 -0.117617 0.013714 0.006071 0.016898 0.189441 0.014177 0.001498 0.000473 0.007411 0.028185 0.541029 0.345343 0.011143 0.017544 -0.063523 -0.000135 -0.022337 -0.361442 -0.672067 -0.000376 -0.000723 -0.000376 -0.000140 0.396537 0.082872 -0.000222 0.048328 0.031540 0.029549 0.003073 -9999.000000 -9999.000000 -9999.000000 -9999.000000 -9999.000000 -9999.000000 -9999.000000 -9999.000000 -9999.000000 -9999.000000
0.017731 0.001011 0.000547 -0.000051 -0.000153 0.000107 0.000434 0.004756 0.008835 0.011454 0.009306 0.006574 0.025199 0.019754 0.001665 0.009340 0.129900 0.525847 0.052624 0.018549 0.000000 0.040194 0.040549 0.005873 -0.000065 -0.000357 0.011402 0.017995 0.132415 0.173259 0.001677 0.008600 0.019264 0.016827 0.004088 0.002391 -0.689841 -0.307725 -0.015173 0.002131 0.772380 0.480232 0.089309 -0.318855 0.037533 0.029552 0.072718 0.000000 -9999.000000 -9999.000000 -9999.000000 -9999.000000 -9999.000000 -9999.000000 -9999.000000 -9999.000000 -9999.000000 -9999.000000
0.008901 0.002004 0.000544 -0.009579 -0.040798 -0.001072 -0.000494 -0.004230 -0.000489 0.009222 0.010638 0.006950 0.000208 0.000003 0.002008 0.001408 0.011536 0.015966 0.415479 0.057821 0.046484 0.085875 0.001621 0.001261 0.043396 0.002257 0.018826 0.010980 0.026013 0.254145 0.001099 0.001159 0.000509 0.000735 0.002523 0.001522 0.013553 -0.101769 0.178627 0.051707 0.371790 0.342742 0.070875 -0.321463 0.060767 0.016795 0.003663 -9999.000000 -9999.000000 -9999.000000 -9999.000000 -9999.000000 -9999.000000 -9999.000000 -9999.000000 -9999.000000 -9999.000000 -9999.000000
0.000925 0.001103 0.000206 -0.023818 -0.138179 -0.017152 -0.000627 -0.012787 -0.011191 0.000003 0.000208 -0.007112 -0.000326 -0.015357 -0.002147 -0.000034 0.000270 0.013225 0.106143 0.132132 0.101055 0.014437 0.003448 0.001831 0.121224 0.007610 0.011990 0.016762 0.053361 0.086964 0.001516 0.000576 -0.000229 0.001958 0.002777 -0.000778 0.036088 0.096840 0.427752 0.022072 0.026756 0.016043 0.228955 -0.224412 0.028438 0.003282 0.000000 -9999.000000 -9999.000000 -9999.000000 -9999.000000 -9999.000000 -9999.000000 -9999.000000 -9999.000000 -9999.000000 -9999.000000 -9999.000000
0.001268 0.001243 0.000145 0.024343 -0.113994 -0.029748 -0.013587 -0.011091 -0.011014 -0.022409 -0.000326 -0.003048 0.057885 -0.158644 -0.002088 -0.001808 -0.000585 0.046482 0.031702 0.037498 0.042739 0.005339 0.005747 0.002125 0.048531 0.004837 0.011986 0.023929 0.016705 0.007049 0.000491 -0.000778 0.003030 0.003665 0.003329 0.001349 0.150782 0.069208 0.118840 0.073769 0.007868 0.005372 0.036978 0.182525 0.077408 0.003404 -0.000641 -9999.000000 -9999.000000 -9999.000000 -9999.000000 -9999.000000 -9999.000000 -9999.000000 -9999.000000 -9999.000000 -9999.000000 -9999.000000
0.002270 0.001208 0.000563 0.005422 -0.007400 -0.047066 -0.073790 -0.038456 -0.003890 -0.444866 0.025069 -0.001669 0.045439 -0.061501 -0.130298 -0.122172 -0.091517 0.062790 0.043876 0.005941 0.009305 0.010026 0.005955 0.002189 0.016022 0.003270 0.000821 0.029717 0.018645 0.006681 0.021795 -0.015189 -0.006904 -0.002149 0.003854 0.008949 0.134970 0.138539 0.020808 0.038985 0.031814 0.010989 0.017566 0.019810 0.227388 0.030642 -0.000492 -9999.000000 -9999.000000 -9999.000000 -9999.000000 -9999.000000 -9999.000000 -9999.000000 -9999.000000 -9999.000000 -9999.000000 -9999.000000
0.010441 0.001663 0.001578 0.000337 0.158010 -0.063729 0.007892 0.169928 0.173825 -0.147471 0.307231 -0.003715 0.003583 -0.053519 -0.162566 -0.032440 0.158824 0.124489 0.009061 0.010069 0.013765 0.010212 0.003488 -0.000204 -0.000013 0.000598 -0.000922 0.040481 0.015173 0.005258 0.096182 -0.017602 -0.014616 -0.005466 0.007122 0.014232 0.027973 0.030982 0.011093 0.017904 0.015872 0.006319 0.002665 0.002794 0.059948 0.001044 -9999.000000 -9999.000000 -9999.000000 -9999.000000 -9999.000000 -9999.000000 -9999.000000 -9999.000000 -9999.000000 -9999.000000 -9999.000000 -9999.000000
0.004308 0.000724 0.000129 0.000040 0.101037 0.004357 0.029555 0.465445 0.203019 0.374836 0.384641 0.009255 -0.013033 -0.068585 -0.121267 -0.009515 0.164204 0.024512 0.032195 0.009142 0.015617 0.008745 -0.000498 -0.002154 -0.001767 0.000361 0.000754 0.005116 0.000447 0.000832 0.008174 -0.007394 -0.022427 -0.038778 -0.008579 0.005820 0.000735 0.002620 0.000848 0.001603 0.000944 0.008933 0.003606 0.005245 0.001892 0.000679 -9999.000000 -9999.000000 -9999.000000 -9999.000000 -9999.000000 -9999.000000 -9999.000000 -9999.000000 -9999.000000 -9999.000000 -9999.000000 -9999.000000
0.000208 0.000003 -0.000061 -0.000139 0.029938 0.009863 0.015932 0.047105 0.363820 0.014495 0.012837 0.000628 0.000656 -0.064975 0.103111 0.115547 0.122750 0.008514 0.010157 0.001136 0.016026 0.006620 -0.002013 -0.013257 -0.003993 -0.001577 0.000415 -0.053792 -0.000295 -0.000308 -0.000013 -0.005684 0.000082 -0.028850 0.148597 -0.171785 -0.000341 -0.000312 0.000030 0.000205 0.000407 0.007342 0.003089 -0.003444 -0.001596 -0.000821 -9999.000000 -9999.000000 -9999.000000 -9999.000000 -9999.000000 -9999.000000 -9999.000000 -9999.000000 -9999.000000 -9999.000000 -9999.000000 -9999.000000
-0.000326 -0.005980 -0.000291 -0.000385 -0.000001 0.000197 0.000009 0.038206 0.172520 0.008474 0.000452 0.065710 0.000368 0.000649 0.001771 0.004808 0.007639 0.000360 0.000360 0.000201 0.003490 0.000402 -0.000794 -0.003697 -0.035337 -0.008600 -0.001590 -0.042115 -0.038705 -0.000771 -0.006598 -0.002252 -0.000850 -0.011112 0.177054 -0.161262 0.000512 -0.000929 -0.000826 -0.001578 -0.001081 0.000249 0.000291 -0.005350 -9999.000000 -9999.000000 -9999.000000 -9999.000000 -9999.000000 -9999.000000 -9999.000000 -9999.000000 -9999.000000 -9999.000000 -9999.000000 -9999.000000 -9999.000000 -9999.000000
-0.000112 -0.014694 -0.001014 -0.042431 -0.001277 -0.000816 0.090906 0.086131 0.048552 0.017961 -0.027079 0.072331 0.026724 -0.000619 -0.000376 0.003719 0.009065 -0.000360 -0.000360 -0.000181 -0.020035 -0.000027 0.000000 -0.001207 -0.028938 -0.004803 0.009436 -0.044767 -0.089558 -0.005181 -0.070328 -0.133359 -0.120915 -0.120505 0.171398 -0.059469 0.007050 -0.008107 -0.005103 -0.029552 -0.009189 -0.000724 -0.000441 -9999.000000 -9999.000000 -9999.000000 -9999.000000 -9999.000000 -9999.000000 -9999.000000 -9999.000000 -9999.000000 -9999.000000 -9999.000000 -9999.000000 -9999.000000 -9999.000000 -9999.000000
0.000868 -0.001017 0.001413 -0.037839 -0.100381 0.071919 0.090129 0.075551 0.045026 0.010964 -0.076636 0.074752 0.205308 0.062224 -0.065372 0.002582 0.005980 -0.001992 -0.012853 -0.001266 -0.022115 -0.012405 -0.003663 -0.000429 -0.000236 0.083806 0.067091 0.039636 0.056218 0.088166 0.014034 -0.320505 -0.392351 -0.148475 0.145288 0.009614 0.014185 -0.001370 -0.022007 -0.069964 -0.007237 -9999.000000 -9999.000000 -9999.000000 -9999.000000 -9999.000000 -9999.000000 -9999.000000 -9999.000000 -9999.000000 -9999.000000 -9999.000000 -9999.000000 -9999.000000 -9999.000000 -9999.000000 -9999.000000 -9999.000000
0.000000 0.000473 0.020291 0.001524 -0.018459 0.155393 0.084121 0.054195 0.020530 -0.002431 -0.013390 0.050060 0.321688 0.130918 0.014813 0.018628 0.000706 -0.001360 -0.034517 -0.010973 -0.080428 -0.006774 -0.010501 0.032542 0.009218 0.043480 0.029285 0.022638 0.031879 0.017893 0.002738 0.109457 -0.198085 -0.088744 0.043207 0.048027 0.030456 0.008408 -0.001502 -9999.000000 -9999.000000 -9999.000000 -9999.000000 -9999.000000 -9999.000000 -9999.000000 -9999.000000 -9999.000000 -9999.000000 -9999.000000 -9999.000000 -9999.000000 -9999.000000 -9999.000000 -9999.000000 -9999.000000 -9999.000000 -9999.000000
0.002558 0.002800 0.030008 0.000965 0.058944 0.258131 0.094293 0.048383 0.013492 0.096376 0.059806 0.061431 0.507484 0.411981 0.025369 0.005818 0.000308 -0.000888 -0.141201 -0.407614 0.027610 0.060952 -0.002005 0.013102 0.000611 0.001988 0.001464 0.003704 0.014404 0.008920 0.006596 0.000453 0.049063 0.000000 0.000000 0.084716 0.052061 0.011746 0.002040 -9999.000000 -9999.000000 -9999.000000 -9999.000000 -9999.000000 -9999.000000 -9999.000000 -9999.000000 -9999.000000 -9999.000000 -9999.000000 -9999.000000 -9999.000000 -9999.000000 -9999.000000 -9999.000000 -9999.000000 -9999.000000 -9999.000000
