use_cases/Flooding_chicago/flooding_data/output/hUy_3060.asc
ncols 337
nrows 393
xllcorner 428428.000000
yllcorner 4602440.000000
cellsize 26.757400
NODATA_value -9999.000000
[rows 104 to 129 of 393, columns 116 to 173 of 337]
-9999.000000 -9999.000000 -9999.000000 -9999.000000 -9999.000000 -9999.000000 -9999.000000 -9999.000000 -9999.000000 -9999.000000 -9999.000000 -9999.000000 -9999.000000 -9999.000000 0.000000 0.000000 0.007987 0.004335 0.015074 0.001404 0.002569 0.268361 0.393343 0.028380 0.034832 0.007438 0.002699 0.014424 0.002350 0.021519 0.053851 -0.092003 0.046625 0.334648 0.052095 -0.479576 0.000321 0.000003 0.000208 0.000424 0.000269 0.000025 0.000001 0.000000 0.000000 0.000000 0.008731 0.671315 0.271799 0.465828 0.328083 -0.091465 -0.252028 0.320393 0.023679 0.013906 0.535810 0.732413
-9999.000000 -9999.000000 -9999.000000 -9999.000000 -9999.000000 -9999.000000 -9999.000000 -9999.000000 -9999.000000 -9999.000000 -9999.000000 -9999.000000 -9999.000000 -9999.000000 -9999.000000 -0.008006 0.000000 0.000000 0.000000 -0.000111 0.005185 0.026348 0.092737 0.026421 0.001875 0.006894 0.001071 0.000609 0.000478 0.068761 -0.055911 0.034804 0.031563 0.062526 -0.037020 -0.034489 -0.000138 -0.008851 -0.000326 -0.000007 -0.000305 -0.002781 -0.018529 -0.015312 -0.005934 0.040391 0.069622 1.140304 0.399445 0.575566 0.275050 0.111451 0.125015 0.013394 0.002521 0.001643 0.420889 0.618960
-9999.000000 -9999.000000 -9999.000000 -9999.000000 -9999.000000 -9999.000000 -9999.000000 -9999.000000 -9999.000000 -9999.000000 -9999.000000 -9999.000000 -9999.000000 -9999.000000 -0.001339 -0.013672 -0.007894 -0.013541 -0.004289 -0.001560 0.000836 0.001951 0.002017 0.000965 0.002272 0.000135 -0.002617 -0.000825 0.000089 0.010406 -0.020439 0.070129 0.120172 -0.047156 -0.081498 -0.039114 -0.005541 -0.022523 -0.004608 -0.000902 -0.000173 -0.001188 -0.024833 -0.067753 -0.063250 0.067246 0.077663 0.058990 0.083614 0.125534 0.278943 0.174873 0.777932 0.055384 0.006922 0.002879 0.320442 0.669031
-9999.000000 -9999.000000 -9999.000000 -9999.000000 -9999.000000 -9999.000000 -9999.000000 -9999.000000 -9999.000000 -9999.000000 -9999.000000 -9999.000000 -9999.000000 -0.000070 -0.000689 -0.024491 -0.019055 -0.067493 -0.040044 -0.005527 -0.003210 -0.001968 -0.000546 -0.000111 -0.000400 -0.000466 -0.044363 -0.000932 -0.000453 0.000066 0.108290 0.143890 0.000438 -0.067818 -0.070531 -0.045382 -0.070836 -0.025670 -0.011499 -0.001555 -0.000491 -0.001794 -0.001278 -0.008194 -0.015597 0.035376 0.027946 0.009634 0.012858 0.131585 0.105242 0.112959 0.223053 0.034566 0.026049 0.005172 0.106241 1.027179
-9999.000000 -9999.000000 -9999.000000 -9999.000000 -9999.000000 -9999.000000 -9999.000000 -9999.000000 -9999.000000 -9999.000000 -9999.000000 -9999.000000 0.000326 -0.022480 -0.001964 -0.006497 -0.061268 -0.027504 -0.016151 -0.005556 -0.045220 -0.002465 -0.002304 -0.001053 -0.000765 -0.000379 -0.112868 -0.007473 -0.001291 -0.000233 -0.000011 0.000015 -0.000097 -0.025277 -0.166205 -0.016528 -0.106385 -0.079280 -0.011608 -0.010994 -0.026786 -0.004726 -0.000124 0.000485 -0.021310 0.000000 0.000205 0.000107 0.002423 0.057258 0.196230 0.241608 0.023002 0.035909 0.022142 0.007811 0.091526 1.113484
-9999.000000 -9999.000000 -9999.000000 -9999.000000 -9999.000000 -9999.000000 -9999.000000 -9999.000000 -9999.000000 0.000421 0.001034 -0.000003 -0.000208 -0.021257 -0.001455 -0.002394 -0.024480 -0.016400 -0.010458 -0.003845 -0.020890 -0.075755 -0.006647 -0.022476 -0.014354 -0.036064 -0.045864 -0.037398 -0.017406 -0.052073 -0.049961 -0.000706 -0.007078 -0.040460 -0.367574 -0.031725 -0.048158 -0.035513 -0.029530 -0.065648 -0.064292 -0.002770 -0.000844 0.000858 -0.013917 -0.026077 -0.001980 -0.000202 0.013914 0.081374 0.127197 0.094549 0.015584 0.030742 0.018617 0.040365 0.080060 0.666248
-9999.000000 -9999.000000 -9999.000000 -9999.000000 -9999.000000 -9999.000000 -9999.000000 -9999.000000 0.001049 -0.000424 -0.001201 -0.008203 -0.012743 -0.103157 -0.013160 -0.005777 -0.060339 -0.036023 -0.056335 -0.032452 -0.070451 -0.115893 -0.045829 -0.040838 -0.023137 -0.044642 -0.090293 -0.069531 -0.048785 -1.135918 -0.078339 0.542750 0.014677 0.033605 -0.295955 -0.262017 -0.019177 -0.019864 -0.008591 -0.065701 -0.137781 -0.015927 -0.008337 0.011954 0.717784 0.396271 0.158539 0.155770 0.058299 0.287175 0.010723 0.006779 0.004571 0.016509 0.010245 0.027593 0.023190 0.051301
-9999.000000 -9999.000000 -9999.000000 -9999.000000 0.000378 0.000352 0.000004 0.000119 -0.000576 -0.005358 -0.001070 -0.017280 -0.020274 -0.180818 -0.027812 -0.020989 -0.066160 -0.040971 -0.065946 -0.088309 -0.068345 -0.143656 -0.111689 -0.036092 -0.023449 0.008653 -0.230477 -0.108960 -0.288209 -0.991637 0.005864 0.840844 0.003946 0.007246 -0.215124 -0.183071 -0.155597 -0.006229 -0.017087 -0.088369 -0.220121 -0.093795 -0.009997 0.005906 0.009188 0.012943 0.004345 0.006675 0.015318 0.022308 0.001372 0.003021 0.000852 0.000129 0.000606 0.007903 0.016047 0.010929
-9999.000000 -9999.000000 0.001831 0.000600 -0.000246 -0.000160 -0.000246 -0.000302 -0.001380 -0.003355 -0.017259 -0.018650 -0.026453 -0.275874 -0.034084 -0.032078 -0.036084 -0.045776 -0.047611 -0.131495 -0.100072 -0.173150 -0.153988 -0.034259 -0.002838 0.000000 0.000000 -0.023046 -0.762415 -0.881433 -0.104877 0.678810 0.000222 0.000103 -0.075755 -0.269672 -0.399127 -0.008306 -0.020568 0.024794 -1.394301 -0.089603 -0.000419 0.000000 0.000000 0.000000 0.000000 0.000000 0.000000 0.000067 -0.000077 -0.002912 -0.001718 -0.000065 -0.000064 0.000000 0.000000 0.000000
0.000948 0.002218 0.005505 -0.003571 -0.022668 -0.010128 -0.000197 -0.008262 -0.011092 -0.016282 -0.043122 -0.032970 -0.020991 -0.123230 -0.155904 -0.035487 -0.021836 -0.045218 -0.063353 -0.145365 -0.096300 -0.371816 -0.312065 -0.034118 -0.010277 -0.004212 -0.007697 -0.048620 -0.105920 -0.533944 -0.177020 0.201211 -0.000222 -0.000103 -0.051692 -0.403352 -0.473109 -0.017132 -0.005338 0.011099 -0.306470 -0.220661 -0.004725 -0.007161 -0.005094 -0.003990 -0.018961 -0.028111 -0.005350 -0.000464 -0.009828 -0.033694 -0.046038 -0.009047 -0.021587 -0.008066 -0.008066 -0.012367
0.000000 -0.000385 -0.001878 -0.054248 -0.121064 -0.025752 -0.009001 -0.015780 -0.016051 -0.025811 -0.063972 -0.075238 -0.003991 -0.100715 -0.311203 -0.026405 -0.023011 -0.039814 -0.156134 -0.173430 -0.297538 -0.448015 -0.229530 -0.059215 -0.013937 -0.007710 -0.067647 -0.044785 -0.087553 -0.112926 -0.068684 -0.053372 -0.003946 -0.007246 -0.083151 -0.945977 -1.049267 -0.040623 -0.002260 0.000408 0.019989 -0.383493 -0.377027 -0.017395 -0.026476 -0.008280 -0.031217 -0.082767 -0.008819 -0.011110 -0.019109 -0.295851 -0.305538 -0.639840 -0.736503 -0.015419 -0.017507 -1.562210
-0.002259 -0.002689 -0.001834 -0.060456 -0.068249 -0.099569 -0.014994 -0.030848 -0.012645 -0.034553 -0.047621 -0.143365 -0.008345 -0.085345 -0.309178 -0.122598 -0.119034 -0.169101 -0.222153 -0.079602 -0.359318 -0.314168 -0.093285 -0.007271 -0.023501 -0.006645 -0.138057 -0.095746 -0.041599 -0.060271 -0.037754 -0.117577 -0.057560 -0.030855 -0.045266 -0.600736 -0.776128 -0.356787 -0.001206 -0.000538 -0.000019 -0.000000 -0.224637 -0.510956 -0.837372 -0.009306 -0.034581 -0.887915 -0.021970 -0.017482 -0.033084 0.553317 0.308044 0.072638 -0.352137 -0.535559 -0.330987 -1.253678
-0.001427 -0.042435 -0.001042 -0.055326 -0.055573 -0.044200 -0.386057 -0.029961 -0.015935 -0.027923 -0.121465 -0.156731 -0.102130 -0.084196 -0.374266 -0.267061 -0.266634 -0.072272 -0.123106 -0.048498 -0.345183 -0.334900 0.104686 0.000490 -0.005052 -0.047249 -0.061407 -0.049729 -0.122804 -0.104681 -0.057373 -0.198686 -0.122099 -0.057650 0.093607 -0.467410 -0.516088 -0.358577 -0.005858 -0.011852 -0.014633 -0.026678 -0.086649 -0.342082 -0.000327 -0.011281 -1.117634 -0.062185 0.351713 -0.815026 -0.392209 1.259490 0.659906 0.276385 -0.147650 -0.876354 -0.260205 -1.010545
0.000339 -0.034937 -0.037733 -0.046001 -0.041871 -0.022633 -0.149512 -0.087425 -0.312041 -0.168132 -0.051247 -0.080161 -0.039587 -0.242522 -0.251407 -0.198008 -0.213253 -0.272765 -0.276402 -0.098762 -0.087495 -0.100324 -0.000076 -0.001352 0.000222 -0.009833 -0.043807 -0.108521 -0.217136 -0.146483 -0.069788 -0.477148 -0.208540 -0.017679 0.004052 -0.297737 -0.474419 -0.524331 -0.004077 -0.018314 -0.038959 -0.827620 -0.422816 -0.285076 -0.121302 -1.218577 -0.476707 0.270072 0.666113 -0.213546 0.347688 1.800231 0.752544 0.415878 0.091764 -0.551174 -0.329576 -1.051141
0.000222 0.000103 -0.028981 -0.043960 -0.035455 -0.013266 -0.070524 -0.016532 -0.182804 -0.147469 0.000222 -0.037406 -0.115204 -0.184842 -0.208572 -0.176945 -0.150497 -0.961519 -0.634043 -0.077786 -0.114950 -0.045564 -0.028336 -0.000641 -0.000222 -0.002366 -0.056343 -0.327244 -0.378858 -0.330068 -0.332354 -0.466665 -0.062826 -0.002514 0.009218 -0.143723 0.086296 -0.468930 -0.183087 -0.108713 -1.126297 -1.187440 0.106690 -0.986225 -0.620486 -0.450998 0.034463 0.478761 1.015793 0.080921 0.757108 1.327254 0.000365 0.000000 0.000091 0.083391 0.141517 -0.799690
-0.000222 -0.000103 -0.018301 -0.042335 -0.295532 -0.013139 -0.000846 -0.000060 -0.180306 -0.163791 -0.000222 -0.008885 -0.100253 -0.171054 -0.169714 -0.115419 -0.805147 -0.658764 -0.339264 -0.036418 -0.183268 -0.037981 -0.038136 -0.009146 -0.012161 -0.011091 -0.290183 -0.368593 -0.524338 -0.728967 -0.343556 -0.158713 0.038802 0.009282 0.017586 0.040441 0.022016 -0.402601 -0.175703 -0.051985 -0.158515 -1.164481 -0.036684 -0.613027 -0.364328 -0.463030 -0.134383 0.434047 1.014692 0.077513 0.560555 0.413746 -0.000658 -0.013366 -0.132323 0.478851 0.453797 -0.354529
-0.012187 -0.028881 -0.016902 -0.028974 -0.027377 -0.014067 -0.003241 -0.046832 -0.083598 -0.268002 -0.140502 -0.051033 -0.438426 -0.556309 -0.559601 -0.774101 -0.744585 -1.118350 -0.547252 0.064379 -0.430550 -0.017675 -0.055058 -0.038753 -0.012298 -0.197100 -0.293502 -0.323426 -0.488262 -0.730967 0.088816 0.347010 0.180476 0.020642 0.021107 0.004235 0.002410 0.002633 -0.258337 -0.051993 -0.004097 -0.902197 -0.179705 -0.281127 -0.112813 -0.276354 -0.174024 0.303865 0.869028 0.049409 0.335824 0.185116 0.070287 -0.540858 -0.195971 0.660935 0.685307 -0.130834
-0.029501 -0.146844 -0.090565 -0.073108 -0.013309 -0.008650 -0.004397 -0.100352 -0.144898 -0.573178 -1.795101 -0.325589 -0.095032 -0.256147 -0.276198 -0.282254 -0.503937 -0.886979 -0.313322 0.073663 -0.199457 -0.072384 -0.310766 -0.535307 -0.069682 -0.421532 -0.259425 -0.241164 -0.388067 -0.744312 0.003826 0.041786 0.077851 0.034517 0.010257 0.009536 0.004460 0.007416 0.001547 -0.015161 -0.004357 -1.029819 -0.184101 -0.054971 -0.008367 -0.370753 -0.317838 0.301182 0.670360 0.136002 0.268999 0.055378 0.074714 -0.433165 -0.267602 0.600484 0.686364 0.007225
-0.086158 -0.080607 -0.085660 -0.000332 -0.006003 -0.003678 -0.002294 -0.021039 -0.504215 -0.257465 -0.472366 -0.121435 -0.010847 -0.174345 -0.206221 -0.155194 -0.380182 -0.732850 -0.291227 0.079396 -0.157367 -0.074360 -0.192750 -0.001139 -0.036570 -0.566491 -0.223310 -0.097617 -0.090750 -0.618433 0.001098 0.012602 0.023964 0.020325 0.023331 0.011832 0.006722 0.035916 0.005167 0.000949 0.009041 -0.964587 -0.162268 0.307950 0.181001 -0.258856 -0.504647 0.220268 0.732738 0.095839 0.092151 0.080090 0.062633 -0.166469 -0.341373 0.591833 0.721089 0.012021
-0.030605 -0.348702 -0.039723 -0.012355 -0.002154 -0.002099 -0.001666 -0.206059 -0.242052 -0.194357 -0.368042 -0.054107 -0.016922 -0.184367 -0.171314 -0.114835 -0.343417 -0.692670 -0.339050 0.041414 -0.216498 -0.100360 -0.178426 -0.012636 -0.063003 -0.988911 -0.203841 -0.004495 -0.027797 -0.197300 0.000167 0.000933 0.001099 0.032611 0.053938 0.012275 0.008118 0.015926 0.035419 0.033959 0.087337 -0.704380 0.092861 0.526818 0.212554 -0.076928 -0.567362 0.108258 0.654175 -0.055990 -0.308393 -0.073369 0.016367 0.011664 -0.446149 0.540040 0.665361 0.008931
-0.054621 -0.320416 -0.265407 -0.008794 -0.005024 -0.002467 -0.001140 -0.072214 -0.200421 -0.340547 -0.517752 -0.076666 -0.023262 -0.178837 -0.199270 -0.092867 -0.309901 -0.653491 -0.408320 -0.004106 -0.193826 -0.113794 -0.171026 -0.013779 -0.041574 -1.360790 -0.051319 0.000851 0.153779 0.111854 0.000946 0.000808 0.001577 0.033552 0.006519 0.002085 0.001122 0.000456 0.020799 0.068238 0.064971 0.093614 0.963951 1.092802 0.514609 0.455933 -0.137951 0.273735 0.642224 -0.139863 -0.406300 0.017371 0.166261 0.005170 -0.144957 1.008905 0.659358 0.124513
-0.032704 -0.342572 -0.303758 -0.003810 -0.003536 -0.001500 0.000189 0.167210 -0.060814 -0.385512 -0.441132 -0.225108 -0.061605 -0.155719 -0.209671 -0.092635 -0.310163 -0.625060 -0.350873 -0.049147 -0.099968 -0.103563 -0.148417 -0.359537 -0.649058 -1.162695 -0.019400 0.000620 0.002366 0.000907 0.000134 -0.000297 0.000134 0.001065 0.000000 0.000046 -0.000560 -0.000348 0.010046 0.065725 0.050288 0.056380 0.061782 0.092594 0.078842 0.035041 0.004747 0.411725 0.466684 0.093196 -0.111744 0.708917 0.472258 -0.049892 0.732917 2.337924 1.591350 0.017354
0.000240 -0.440211 -0.458407 -0.185670 -0.004169 -0.001605 0.000673 0.597234 0.048857 -0.465994 -0.641178 -0.284788 -0.178644 -0.154130 -0.171224 -0.086118 -0.191612 -0.575309 -0.376992 -0.156259 -0.096722 -0.095387 -0.268238 -0.486738 -0.794334 -0.727969 -0.005991 -0.000702 -0.000924 -0.000267 -0.000234 -0.000973 -0.001781 -0.001438 -0.010397 -0.001835 -0.005309 -0.006677 0.023246 0.023169 0.023893 0.014005 0.047960 0.044992 0.030273 0.004998 0.003991 0.524847 0.454178 0.000790 0.004192 0.035756 0.030123 0.041765 0.045222 0.026031 0.060323 0.000000
-0.043239 -0.324688 -0.398255 -0.291518 -0.004818 -0.001782 0.019423 0.746216 0.123424 -0.376102 -0.593833 -0.301033 -0.178441 -0.185828 -0.207505 -0.050227 -0.215376 -0.666345 -0.793010 -0.343694 -0.512802 -0.362715 -0.378993 -0.625251 -0.670096 -0.488409 -0.003665 -0.032718 -0.002523 -0.003081 -0.017821 -0.005240 -0.048570 -0.016477 -0.030576 -0.001032 -0.002163 -0.012728 0.017392 0.025328 0.040121 0.044539 0.030683 0.033106 0.001392 0.001619 0.001957 0.632976 0.483697 0.000157 0.003414 0.002059 0.025219 0.021000 0.011532 0.022553 0.052928 -0.012647
0.029444 -0.112596 -0.183324 -0.329527 -0.214491 -0.168050 0.488305 0.634035 0.149422 -0.341453 -0.585454 -0.260416 -0.157766 -0.126741 -0.198481 0.003069 -0.170076 -0.559894 -0.888648 -0.428517 -0.464537 -0.410471 -0.498427 -0.461061 -0.290389 -0.000096 -0.013206 -0.580032 0.131822 0.152348 -0.460889 -0.026216 -0.080045 -0.026825 -0.004694 -0.000645 0.000158 -0.024030 0.012571 0.019373 0.083793 0.013317 0.007955 0.008527 0.001930 0.001011 0.001073 0.374080 0.307899 -0.000458 0.003299 0.004543 0.002589 0.003289 0.002391 0.018193 0.033788 0.018195
0.000985 -0.100648 -0.000460 -0.275860 -0.244147 -1.046939 0.637043 0.689375 0.149382 -0.348845 -0.522108 -0.232038 -0.194540 -0.031991 -0.160205 0.052418 -0.146140 -0.437588 -0.812222 -0.453511 -0.500313 -0.406191 -0.459437 -0.529757 -0.512321 -0.163748 0.129988 -0.343918 0.189975 0.275173 -0.234718 -0.291874 -0.410560 -0.048422 -0.008880 -0.008100 -0.000359 -0.031965 0.000729 0.001802 0.015071 0.006355 0.000588 0.000125 0.000316 0.000044 0.000992 0.259320 0.257632 0.702081 0.025744 0.049861 0.023485 0.023965 0.008300 0.006611 0.034455 0.039912
