use_cases/Flooding_chicago/flooding_data/output/hUy_2400.asc
ncols 337
nrows 393
xllcorner 428428.000000
yllcorner 4602440.000000
cellsize 26.757400
NODATA_value -9999.000000
[rows 208 to 233 of 393, columns 232 to 289 of 337]
0.008346 -0.002006 -0.006545 -0.002175 -0.043534 -0.030400 -0.015449 -0.005134 -0.038508 -0.020707 0.136955 -0.335501 0.833521 1.297813 1.454311 1.354354 0.958383 1.050334 1.135228 0.008985 0.106345 0.161539 0.316351 0.422121 0.191172 0.654638 0.117284 -0.133568 -0.222011 -0.207318 0.371905 0.907904 1.913010 1.559013 1.330820 0.930018 0.184712 0.000492 -0.003946 -0.010188 -0.021316 0.079602 0.604305 0.319259 1.403741 2.015225 1.934076 1.005290 1.120746 1.051605 -0.000820 0.000191 0.904323 -0.053204 0.215058 -0.180796 -0.368275 0.051148
0.002581 -0.001741 -0.003454 -0.025783 -0.401568 -0.117999 -0.007784 -0.002953 -0.013914 0.011887 0.657052 0.470734 1.687466 1.259140 1.747020 1.193140 0.828804 1.521916 1.357722 -0.222177 -0.550740 -0.138290 0.284383 0.503349 0.112718 1.223445 0.375918 -0.060924 -0.201309 -0.385886 0.346274 0.966043 1.578121 1.291522 1.121626 0.675669 0.018505 0.004891 -0.031126 -0.057231 -0.029820 0.178345 0.633480 0.519381 1.520869 1.680021 1.988200 1.050059 1.137198 1.097846 0.000525 0.003207 0.034692 -0.053353 0.545896 0.471017 0.194715 0.018172
-0.015310 -0.001237 -0.001617 -0.487633 0.303635 0.056616 0.019650 -0.010181 0.551143 0.953956 1.079667 1.084624 1.799406 1.056630 0.993866 0.746410 0.104923 1.335875 0.783151 0.250420 0.012838 -0.144531 0.381117 0.734539 0.750456 0.894041 0.457348 -0.074916 -0.228375 -0.124035 0.282089 0.566919 0.687265 1.033534 0.612130 0.543844 0.014714 0.005362 -0.004345 -0.008000 0.091365 0.153852 0.868813 0.633502 1.651672 0.953718 1.170846 1.125966 1.171929 1.148290 0.000003 0.000208 0.010071 0.007145 0.112168 0.069076 0.089349 0.000790
-0.454521 -0.114162 -0.004801 0.288513 0.891166 0.717418 0.401095 0.215357 0.593362 1.395372 1.330903 1.620094 1.695216 1.118388 0.821205 0.228363 0.124249 1.252030 0.123948 0.025426 -0.008651 0.040150 0.747153 1.327303 0.249273 0.154301 0.031452 -0.271640 -0.297745 0.107693 0.297178 0.423384 0.455341 0.893521 0.517686 0.024121 0.015552 0.000965 0.000473 0.000013 0.094479 0.269012 0.816031 0.699919 0.891844 1.027727 1.137050 1.082114 1.815998 1.095101 0.009994 -0.000326 0.014028 0.012503 0.009401 0.062133 0.001762 -0.000115
-0.236801 -0.024091 0.002598 0.615884 0.780734 0.595961 0.278920 0.257705 0.264583 0.675346 0.674484 0.728667 0.746619 1.319280 0.517911 0.302056 0.026784 0.786082 0.083948 -0.000304 -0.018679 0.130630 0.860061 1.416251 0.000786 0.000020 -0.003631 -0.123828 -0.296559 0.258273 0.369027 0.352295 0.281926 0.372309 0.408714 0.001615 0.000270 0.000000 -0.000270 0.136080 0.209525 0.203604 0.149669 0.053852 0.912253 1.469850 1.527161 1.400843 1.437353 1.372540 0.021888 0.000896 0.068856 0.005329 -0.019442 0.003471 0.000498 -0.000859
0.143899 0.084983 -0.032986 0.334084 0.351923 0.104540 0.201613 0.195045 0.242639 0.249806 0.634437 0.798599 0.954138 0.463474 0.506912 0.310267 -0.021030 0.598415 0.109504 0.348251 -0.176315 0.100119 0.869720 1.209415 0.000609 0.029593 0.000959 -0.286744 0.012692 0.426130 0.499352 0.317116 0.123884 0.075513 0.001334 -0.015629 -0.000473 -0.000965 -0.009286 0.203711 0.230790 0.259886 0.180997 0.597322 0.730281 1.237182 1.204762 1.417777 1.119681 0.977138 0.009655 -0.000367 0.076737 -0.007872 -0.037088 -0.003471 -0.003577 -0.007457
0.476277 0.361410 0.102783 0.205886 0.029879 -0.173007 -0.046609 0.074711 0.145564 0.230703 0.242190 0.876602 1.098079 0.141583 0.053427 0.037312 0.078641 0.753055 0.230383 0.748111 -0.295634 0.009984 0.657290 1.520415 -0.000597 0.087328 0.158307 -0.027012 0.045367 0.522179 0.616375 0.339390 -0.053874 -0.337452 -0.016596 -0.015023 -0.069641 -0.008661 0.169927 0.739170 0.839559 0.724705 0.691371 0.615544 0.419784 1.187748 1.051567 1.319567 0.887297 0.759856 -0.006636 -0.001305 0.055881 -0.005799 -0.011665 -0.005042 -9999.000000 -9999.000000
0.929137 0.899487 0.443496 0.586653 0.240622 -0.086187 -0.102920 0.042104 0.083983 0.187510 0.303491 0.357061 0.343754 0.256379 0.001109 0.009875 0.001076 0.374702 0.325779 0.419586 -0.197993 0.236366 0.951864 1.083149 0.210319 0.108083 0.216347 0.462707 -0.048635 1.006286 0.537477 0.041331 0.014458 -0.485866 -0.194875 0.071592 0.088892 0.013389 0.066768 1.198301 0.790793 0.744558 0.747758 0.093432 0.337769 1.242451 1.388059 0.991904 0.779803 0.309544 -0.016490 0.000000 0.000000 -9999.000000 -9999.000000 -9999.000000 -9999.000000 -9999.000000
0.016256 0.021107 0.134675 0.067108 0.074595 0.587085 0.510589 0.232900 0.100953 0.169154 0.281011 0.409957 0.395351 0.216865 0.000367 0.000000 0.000219 0.545024 0.582260 0.195895 0.065283 0.083765 1.112419 1.110276 0.352128 0.061156 0.049369 0.094977 -0.104987 0.868012 0.432231 0.033673 0.059710 -0.413927 -0.163553 0.174832 0.391595 0.120006 0.298916 0.610248 0.739233 0.507745 0.305893 0.047902 0.627266 1.389796 0.911373 1.105781 0.386869 -0.000824 -0.014023 -0.004481 -9999.000000 -9999.000000 -9999.000000 -9999.000000 -9999.000000 -9999.000000
0.000326 0.007076 0.033719 0.131412 0.143160 0.112329 0.083986 0.058709 0.020700 0.182037 0.252070 0.410122 0.381806 -0.000031 -0.000576 -0.002813 -0.000590 0.578289 0.747950 0.000360 0.000360 0.021444 1.171593 0.439811 0.111786 0.008583 0.031739 0.035416 0.024025 0.238043 0.003015 0.002346 0.001348 0.000728 -0.144466 0.340578 0.651285 0.027866 0.502074 0.441652 0.501222 0.735547 0.502666 0.329469 1.602747 1.692496 1.023362 1.079054 0.043127 -0.005038 -9999.000000 -9999.000000 -9999.000000 -9999.000000 -9999.000000 -9999.000000 -9999.000000 -9999.000000
-0.000208 0.028721 0.020882 0.085972 0.216891 0.009828 0.013995 0.010960 0.041047 0.285063 0.245289 0.394027 0.303718 0.177194 -0.001523 -0.002805 -0.145695 0.653540 1.341687 -0.000360 -0.000360 0.069345 1.570102 0.094399 0.062134 0.052687 0.040035 0.004383 0.010632 0.019863 -0.035958 -0.000537 -0.000576 -0.000350 -0.000015 0.154455 0.209797 0.066220 0.067256 0.029084 0.221012 0.751614 0.789900 0.558116 1.388757 1.582780 1.134579 0.243923 0.000208 0.000003 -9999.000000 -9999.000000 -9999.000000 -9999.000000 -9999.000000 -9999.000000 -9999.000000 -9999.000000
0.108032 0.088243 0.106025 0.046841 0.055068 0.016915 0.024651 0.029179 0.079597 0.095021 0.038136 0.450019 0.219052 0.167396 0.344857 0.206363 -0.171561 0.357728 1.657042 0.503940 0.184844 0.860449 1.312339 0.845793 0.035227 0.048393 0.006452 -0.009345 0.468736 0.420894 0.115414 0.186317 -0.083259 -0.081064 -0.053254 0.064984 0.108382 0.001163 0.000493 0.000317 0.000192 0.958823 1.092937 0.002206 0.517664 0.624732 0.542242 0.234133 -0.000326 -9999.000000 -9999.000000 -9999.000000 -9999.000000 -9999.000000 -9999.000000 -9999.000000 -9999.000000 -9999.000000
0.190206 0.004454 0.016056 0.001161 0.000379 0.006127 0.023311 0.055147 0.046914 0.025056 0.063265 0.071739 0.283976 0.227644 0.022211 0.371253 0.002146 0.716168 1.400056 0.690089 0.214198 0.380256 1.467327 0.109354 0.000185 0.000241 0.014261 0.042613 0.922240 0.610715 0.027995 0.024736 -0.062006 0.036639 -0.006994 -0.028805 -0.661593 -0.001509 -0.001197 -0.000483 -0.000234 1.835395 0.855368 0.006019 0.625129 0.737397 0.633844 0.174994 -9999.000000 -9999.000000 -9999.000000 -9999.000000 -9999.000000 -9999.000000 -9999.000000 -9999.000000 -9999.000000 -9999.000000
0.020408 0.001010 0.000546 -0.000051 -0.000153 0.000107 0.000434 0.071064 0.075066 0.041782 0.032129 0.037467 0.072126 0.062287 0.015873 0.075527 0.370553 0.653272 1.550163 0.866398 0.000291 0.613299 0.362560 0.005817 -0.006359 -0.001689 0.020622 0.030583 0.233227 0.341703 0.001907 0.008818 0.055471 0.051993 0.046846 0.018751 -0.578870 -0.142367 0.523934 0.383186 1.093015 1.577140 0.759489 -0.334722 0.482765 0.727167 0.688269 0.000000 -9999.000000 -9999.000000 -9999.000000 -9999.000000 -9999.000000 -9999.000000 -9999.000000 -9999.000000 -9999.000000 -9999.000000
0.008877 0.002003 0.000544 -0.009579 -0.127689 -0.001072 -0.000494 0.080220 0.097203 0.038504 0.036838 0.071413 0.000208 0.000003 0.047108 0.033611 0.088450 0.682263 1.857715 0.894796 0.705787 0.757683 0.002096 0.001527 0.046850 0.001825 0.035227 0.033455 0.068283 0.378425 0.001556 0.001394 0.000555 0.001112 0.097364 0.030377 0.276216 0.352419 0.879113 0.584978 0.858966 1.027132 0.545424 -0.502323 0.437137 0.535984 0.009238 -9999.000000 -9999.000000 -9999.000000 -9999.000000 -9999.000000 -9999.000000 -9999.000000 -9999.000000 -9999.000000 -9999.000000 -9999.000000
0.000925 0.001103 0.000206 -0.072213 -0.123753 -0.089422 -0.000627 0.075376 0.113610 0.000003 0.000208 0.070699 -0.000326 -0.087564 0.058336 0.062938 0.037355 0.650626 1.391319 1.184388 1.043975 0.043931 0.005127 0.002601 0.142359 0.009116 0.031878 0.070271 0.133233 0.149734 0.002992 0.001166 -0.000182 0.003699 0.209578 0.033391 0.537330 1.087758 1.368546 0.359410 0.195409 0.138411 0.488096 -0.460839 0.270935 0.251911 0.000000 -9999.000000 -9999.000000 -9999.000000 -9999.000000 -9999.000000 -9999.000000 -9999.000000 -9999.000000 -9999.000000 -9999.000000 -9999.000000
0.001268 0.001243 0.000146 0.071184 -0.085050 -0.109333 -0.126190 0.034270 0.109057 -0.134589 -0.000326 0.065957 0.165843 -0.070029 0.051482 0.072857 0.069427 1.008615 1.039629 0.452199 0.360356 0.010480 0.009883 0.003658 0.057657 0.006026 0.032787 0.130779 0.063632 0.023745 0.002705 -0.000490 0.010388 0.007824 0.399150 0.562927 1.154937 0.681911 0.662485 0.431432 0.008249 0.005467 0.041408 0.112792 0.325730 0.049302 -0.001249 -9999.000000 -9999.000000 -9999.000000 -9999.000000 -9999.000000 -9999.000000 -9999.000000 -9999.000000 -9999.000000 -9999.000000 -9999.000000
0.002270 0.001208 0.000564 0.005872 0.008320 -0.109395 -0.015786 -0.077802 0.287247 -0.003465 0.044548 0.173281 0.176781 -0.049295 0.128676 0.315971 0.563149 1.062191 1.114405 0.019135 0.026937 0.022187 0.012257 0.004321 0.020343 0.004488 0.001045 0.202191 0.081816 0.026102 0.023744 -0.022212 -0.007685 -0.001846 0.664684 0.941728 1.401114 0.877459 0.047101 0.045819 0.033118 0.011120 0.017678 0.043767 0.563849 -0.054486 -0.000998 -9999.000000 -9999.000000 -9999.000000 -9999.000000 -9999.000000 -9999.000000 -9999.000000 -9999.000000 -9999.000000 -9999.000000 -9999.000000
0.010441 0.001663 0.001578 0.000337 0.157932 -0.089382 0.069114 -0.226251 0.495637 0.019241 0.046223 0.176667 0.203479 -0.026910 0.291657 0.547026 0.902464 0.979651 0.055803 0.031412 0.044509 0.025673 0.009687 0.001005 0.000076 0.001343 -0.000984 0.310360 0.087023 0.023520 0.104717 -0.027013 -0.023287 -0.010286 0.938726 1.001772 0.352721 0.248331 0.010865 0.017718 0.015824 0.006318 0.002666 0.002795 0.072195 0.001044 -9999.000000 -9999.000000 -9999.000000 -9999.000000 -9999.000000 -9999.000000 -9999.000000 -9999.000000 -9999.000000 -9999.000000 -9999.000000 -9999.000000
0.004308 0.000724 0.000129 0.000040 0.263822 0.004261 0.258359 -0.101685 0.502793 0.083104 0.039579 0.258346 0.279327 -0.032585 0.464656 0.633651 0.905439 0.164681 0.087644 0.021689 0.061688 0.025591 0.003033 -0.002609 -0.002703 0.000645 0.005698 0.360374 0.000765 0.000903 0.008116 -0.015212 -0.105142 0.064459 0.952260 1.207207 0.010740 0.011541 0.000848 0.001603 0.000944 0.008935 0.003606 0.005246 0.001893 0.000679 -9999.000000 -9999.000000 -9999.000000 -9999.000000 -9999.000000 -9999.000000 -9999.000000 -9999.000000 -9999.000000 -9999.000000 -9999.000000 -9999.000000
0.000208 0.000003 -0.000061 -0.000139 0.029454 0.009634 0.015214 0.105627 1.095430 0.142922 0.146852 0.209775 0.196032 0.146975 0.778785 0.888440 0.984516 0.008008 0.010024 0.001129 0.093603 0.026120 -0.001591 -0.020217 -0.006098 -0.002257 0.000449 0.302033 0.000094 -0.000280 -0.000012 -0.001479 0.016904 0.051608 1.209434 1.611211 0.018845 0.011438 0.000030 0.000204 0.000407 0.007343 0.003090 -0.003444 -0.001596 -0.000821 -9999.000000 -9999.000000 -9999.000000 -9999.000000 -9999.000000 -9999.000000 -9999.000000 -9999.000000 -9999.000000 -9999.000000 -9999.000000 -9999.000000
-0.000326 -0.005982 -0.000291 -0.000385 -0.000001 0.000197 0.000009 0.058812 0.310869 0.014575 0.000804 0.542992 0.224240 0.245044 0.215834 0.204255 0.205638 0.000360 0.000360 0.000200 0.112325 0.000402 -0.002653 -0.006826 -0.045245 -0.011759 -0.002180 0.270196 -0.068463 -0.000826 -0.006698 0.006211 0.010812 0.107216 0.929879 1.257562 -0.069734 -0.004238 -0.000826 -0.001578 -0.001081 0.000249 0.000291 -0.005350 -9999.000000 -9999.000000 -9999.000000 -9999.000000 -9999.000000 -9999.000000 -9999.000000 -9999.000000 -9999.000000 -9999.000000 -9999.000000 -9999.000000 -9999.000000 -9999.000000
-0.000118 -0.014689 -0.001014 -0.050625 -0.001276 -0.000816 0.124647 0.120727 0.076506 0.030121 -0.049121 0.447600 0.328223 0.210429 0.211678 0.177973 0.161430 -0.000360 -0.000360 -0.000186 0.103346 -0.000027 0.000000 -0.002051 -0.026031 0.893710 0.917864 0.876022 0.002869 0.117096 -0.015539 -0.202968 -0.268535 0.290177 0.626994 0.743837 -0.110325 -0.632356 -0.048395 -0.106943 -0.009190 -0.000724 -0.000441 -9999.000000 -9999.000000 -9999.000000 -9999.000000 -9999.000000 -9999.000000 -9999.000000 -9999.000000 -9999.000000 -9999.000000 -9999.000000 -9999.000000 -9999.000000 -9999.000000 -9999.000000
0.000865 -0.001016 0.001413 -0.047807 -0.016430 0.099184 0.117295 0.101276 0.066170 0.017301 -0.223876 0.350192 0.253892 0.387124 0.503246 0.142087 0.124454 -0.001928 -0.012075 -0.001224 0.080499 -0.028768 -0.003663 -0.000573 0.187948 1.657896 1.693509 1.618425 0.925749 0.617801 0.171124 -0.959243 -0.873035 0.379406 0.333955 0.078164 -0.167316 -0.554473 -0.302637 -0.711930 -0.007237 -9999.000000 -9999.000000 -9999.000000 -9999.000000 -9999.000000 -9999.000000 -9999.000000 -9999.000000 -9999.000000 -9999.000000 -9999.000000 -9999.000000 -9999.000000 -9999.000000 -9999.000000 -9999.000000 -9999.000000
0.000000 0.000474 0.020288 0.001532 0.007645 0.191885 0.103017 0.069084 0.034384 -0.002354 -0.199842 0.249759 0.258980 0.456922 0.562968 0.147452 0.000680 -0.001330 -0.324463 -0.088718 0.215816 0.011677 -0.072972 0.158392 0.346349 1.330729 1.415858 1.196625 0.814975 0.363139 0.110688 -0.394473 -0.625830 0.120788 0.146105 -0.158476 -0.044369 -0.318741 -0.180008 -9999.000000 -9999.000000 -9999.000000 -9999.000000 -9999.000000 -9999.000000 -9999.000000 -9999.000000 -9999.000000 -9999.000000 -9999.000000 -9999.000000 -9999.000000 -9999.000000 -9999.000000 -9999.000000 -9999.000000 -9999.000000 -9999.000000
0.002558 0.002799 0.029993 0.000978 0.132633 0.327938 0.118143 0.062078 0.024592 0.126419 0.011568 0.207758 0.154157 0.363153 0.516528 0.005790 0.000194 0.117814 0.020575 0.048737 0.250046 -0.072116 -0.025353 0.085650 0.028604 1.003148 1.144547 1.079145 0.375521 0.147473 0.077475 0.026210 -0.352169 0.006056 0.007840 0.217633 0.254338 -0.124590 -0.110720 -9999.000000 -9999.000000 -9999.000000 -9999.000000 -9999.000000 -9999.000000 -9999.000000 -9999.000000 -9999.000000 -9999.000000 -9999.000000 -9999.000000 -9999.000000 -9999.000000 -9999.000000 -9999.000000 -9999.000000 -9999.000000 -9999.000000
