use_cases/Flooding_chicago/flooding_data/output/hUy_180.asc
ncols 337
nrows 393
xllcorner 428428.000000
yllcorner 4602440.000000
cellsize 26.757400
NODATA_value -9999.000000
[rows 156 to 181 of 393, columns 116 to 173 of 337]
0.001418 0.001921 0.000000 -0.000082 0.002479 0.142337 0.141417 0.020309 0.000624 -0.001529 -0.001235 0.011230 0.153378 0.071906 0.000000 0.001111 -0.001868 -0.030131 -0.003769 -0.007654 -0.038289 -0.098920 -0.015384 -0.003765 0.004387 0.007966 -0.000042 -0.001088 -0.001001 -0.000587 -0.006723 -0.000209 -0.007977 -0.083521 -0.130577 -0.095628 -0.004985 -0.008524 0.000000 0.000000 0.001120 0.000622 -0.015524 0.003944 0.106258 0.096347 0.084965 0.001874 -0.000449 -0.000034 -0.058557 -0.040701 -0.000494 -0.000626 -0.000869 0.000000 0.000000 0.000000
-0.001169 -0.002065 -0.001353 -0.000679 0.006885 0.044498 0.030930 0.008493 0.002406 -0.001216 0.059341 0.075259 0.052531 0.096211 0.087240 0.009149 -0.011481 -0.029160 -0.001568 -0.017034 -0.081232 -0.118959 -0.041503 -0.000805 -0.000011 -0.000410 -0.009943 -0.012500 -0.008510 -0.010260 -0.022770 -0.008502 -0.026120 -0.077267 -0.256804 -0.149445 -0.013497 -0.022859 -0.010409 -0.003349 0.000220 -0.000079 0.000061 0.008672 0.016568 0.022832 0.017292 0.005092 0.000268 0.002592 0.000614 -0.155221 -0.015323 -0.011902 -0.018465 -0.009239 -0.014121 -0.012184
-0.019626 -0.002198 -0.001342 -0.003271 0.003511 0.003020 0.000068 0.000000 0.000000 -0.000230 0.141385 0.017320 0.019518 0.021440 0.012563 0.001536 -0.019966 0.000000 -0.005422 -0.008518 -0.134347 -0.133875 -0.039385 -0.006150 -0.006828 -0.004331 -0.017125 -0.041199 -0.033120 -0.021259 -0.030057 -0.013977 -0.067514 0.106573 -0.309116 -0.011681 -0.000583 -0.017200 -0.011054 -0.001421 -0.000220 -0.000265 0.324045 0.026439 0.047637 0.050250 0.000000 0.009685 0.006044 0.010283 0.118455 0.025343 0.329221 0.405753 -0.228319 -0.185078 -0.217224 0.029309
-0.000033 -0.001168 -0.008492 -0.013448 0.003966 0.009385 -0.000459 -0.005324 -0.007134 0.025896 0.059061 0.011373 0.014983 0.002441 0.000672 0.000212 -0.012185 -0.022335 -0.004155 -0.015898 -0.251037 -0.264954 -0.024167 -0.009078 -0.022292 -0.012195 -0.018804 -0.093371 -0.080662 -0.047417 -0.032860 0.027006 0.064978 0.392762 0.303218 0.069041 0.007571 -0.001633 -0.001695 -0.001345 -0.026214 -0.000740 0.072376 0.022156 0.020673 0.117214 0.149876 0.053248 0.053703 0.069329 0.195906 0.153812 0.287233 1.193981 0.335773 0.139642 0.122172 0.077166
0.000389 0.001346 -0.219360 -0.007803 0.017972 0.027922 0.004627 -0.181858 -0.178129 0.050950 0.000063 0.001533 0.001747 0.001411 0.000118 -0.000078 -0.019323 -0.109085 -0.007164 -0.042919 -0.276208 -0.252088 0.062841 -0.065983 -0.138398 -0.031306 -0.037378 -0.026972 -0.013092 0.007305 0.013206 0.127802 0.096943 0.197716 0.220691 0.225731 0.050092 -0.000967 -0.001503 0.054555 -0.034231 0.066242 0.038295 0.022465 0.019321 0.056433 0.045703 0.025427 0.050163 0.161533 0.314788 0.147413 0.223601 0.037065 0.054111 0.051558 0.154776 0.153583
0.001816 0.004844 0.009082 0.108206 0.006892 0.006813 0.006926 0.003865 0.002975 0.043510 -0.000406 0.001430 0.002167 0.000605 -0.000245 -0.000439 -0.052742 -0.047137 -0.051890 0.092149 0.658219 0.243746 0.230927 0.580980 0.154136 0.099353 0.036255 0.023826 0.031136 0.040564 0.024745 0.129261 0.093142 0.047566 0.031569 0.206253 0.150152 0.274460 0.067971 0.158062 0.229876 0.085651 0.041350 0.024636 0.013433 0.032481 0.033794 0.020588 0.058008 0.129529 0.476168 0.092321 0.084854 0.039294 0.027741 0.028848 0.099933 0.237424
0.002464 0.000657 0.005373 0.006814 0.000558 0.000398 0.000292 0.002050 0.003615 0.033830 -0.000107 0.000220 -0.000735 -0.000392 -0.000335 0.000045 0.000651 -0.024331 0.078684 0.096052 0.034398 0.030839 0.051287 0.034514 0.039666 0.085103 0.085690 0.096892 0.098100 0.104762 0.079540 0.092568 0.056724 0.030116 0.037656 0.143480 0.073260 0.103114 0.046876 0.062199 0.090007 0.135345 0.031736 0.016978 0.011553 0.007312 0.019951 0.005928 0.072065 0.153242 0.356533 0.143795 0.041724 0.049700 0.012993 0.022579 0.031053 0.297371
-0.000680 -0.000377 -0.008847 -0.000013 -0.000402 -0.000331 0.000064 0.001933 0.002841 0.022531 -0.000005 -0.000220 -0.000662 -0.006725 -0.001776 -0.000120 0.019481 -0.023282 0.008939 0.019415 0.024996 0.022536 0.027261 0.017658 0.029942 0.082469 0.063816 0.068105 0.049019 0.080190 0.064031 0.065131 0.020660 0.052257 0.028808 0.330967 0.145023 0.022660 0.029307 0.035017 0.049820 0.164338 0.065798 0.006838 0.000192 0.003630 0.006286 0.000721 0.079380 0.218302 0.308712 0.035460 0.036092 0.044812 0.015863 0.011057 0.024618 0.192847
-0.000751 -0.026281 -0.013855 -0.007391 -0.012090 -0.012069 -0.001376 0.000197 0.000282 0.000838 -0.015100 -0.016053 -0.009505 -0.026984 -0.001136 -0.000464 0.051732 -0.015463 0.000170 0.003886 0.006071 0.010725 0.005880 0.005880 0.044431 0.049821 0.043653 0.059092 0.051396 0.047470 0.042375 0.041198 0.026274 0.054397 0.021094 0.286089 0.083120 0.008234 0.010167 0.009957 0.004303 0.130017 0.091697 0.001238 -0.000074 0.000000 0.000000 0.002775 0.142778 0.266091 0.133134 0.026790 0.026048 0.031312 0.010600 0.001519 0.006546 0.123058
-0.011303 -0.067329 -0.041453 -0.038770 -0.041260 -0.043501 -0.009630 -0.000762 -0.000451 -0.000417 -0.021214 -0.040787 -0.024739 -0.026035 -0.021131 -0.016866 0.087666 1.091940 0.048912 0.000000 0.000000 0.000000 0.000000 0.000000 0.041623 0.018914 0.014111 0.037112 0.044008 0.022443 0.021634 0.021159 0.021328 0.042791 0.022997 0.191936 0.153629 0.003380 0.000000 0.000003 0.000207 0.031344 0.126942 0.007976 0.001025 0.004138 0.005621 0.029573 0.204600 0.185803 0.067055 0.022751 0.006868 0.019516 0.001103 0.001058 0.000108 0.256735
-0.014862 -0.057829 -0.067140 -0.100746 -0.082012 -0.050280 -0.017533 -0.015862 -0.004583 -0.013236 -0.024024 -0.022965 -0.194739 -0.072202 -0.085028 -0.110971 0.051375 0.105793 0.070188 0.086891 0.042711 0.004687 0.019425 0.085440 0.001315 0.012824 0.006731 0.006731 0.023331 0.003246 0.002787 0.001114 0.010351 0.018121 0.020385 0.165247 0.129332 0.035818 -0.007570 -0.007213 -0.000325 0.025939 0.060945 0.057133 0.009831 0.018417 0.023099 0.032432 0.167670 0.088420 0.098058 0.005182 0.002048 0.009630 0.001743 0.001739 0.260088 0.176732
-0.003504 -0.012198 -0.028391 -0.190437 -0.151316 -0.135462 -0.069022 -0.028472 -0.012929 -0.019023 -0.042649 -0.009607 -0.000486 -0.027310 -0.002100 0.020050 0.068233 0.017346 0.013423 0.018064 0.026146 0.000339 0.002571 0.025187 0.003209 0.000232 0.000360 0.000360 0.000123 -0.000411 -0.000465 0.000297 0.000744 0.000911 0.012203 0.057011 0.093413 0.127706 -0.032068 -0.037166 -0.000088 0.007527 0.018189 0.028366 0.050275 0.011209 0.026847 0.019290 0.072704 0.075353 0.102265 0.033999 0.007244 0.002566 0.016867 0.018531 0.414120 0.056413
-0.016732 -0.038565 -0.009217 -0.000534 -0.037710 -0.170929 -0.148242 -0.022990 -0.035189 -0.025662 -0.013198 -0.006102 -0.001255 -0.013030 -0.002230 0.084713 0.014627 0.001086 0.000046 0.001537 0.016398 -0.000110 0.000043 0.000457 0.000679 -0.000095 -0.000360 -0.000360 -0.000094 0.074721 0.032922 -0.000095 0.000134 0.000971 0.001147 0.002434 0.142992 0.189986 0.118443 -0.026141 0.002085 0.001301 0.001974 0.003493 0.017483 0.000880 0.008567 0.022820 0.041010 0.023987 0.083693 0.051974 0.027944 0.005189 0.012905 0.005533 0.317006 0.218068
-0.015877 -0.067440 -0.019033 -0.044390 -0.014735 -0.083092 -0.067861 -0.067895 -0.071885 -0.025738 -0.017312 -0.014258 -0.017778 -0.142962 0.015685 0.043877 0.010217 0.005973 0.005393 -0.000181 0.001143 0.001600 -0.000522 -0.000610 -0.000861 -0.000787 -0.001177 -0.004493 0.006806 0.110393 0.104144 -0.000252 -0.000599 0.001435 0.003611 0.010452 0.224267 0.280188 0.274394 0.039119 0.009427 0.003663 0.002453 0.001958 0.001043 0.000516 0.000208 0.004024 0.036440 0.019949 0.062384 0.024840 0.021361 0.016766 0.001030 0.000971 0.230594 0.186561
-0.001501 -0.018104 -0.009911 -0.168904 -0.061056 -0.050647 0.049142 0.068618 -0.348037 -0.040573 -0.062286 0.002128 0.107648 -0.933323 0.061634 0.045311 0.074489 0.054459 0.048687 0.024590 0.003972 0.081908 -0.055426 -0.007250 -0.000796 -0.000502 0.052757 -0.024710 0.028215 0.132465 0.247884 0.040729 0.029276 0.007778 0.025623 0.058185 0.112481 0.139060 0.264108 0.186910 0.030944 0.009343 0.006079 0.005868 0.004231 0.001382 -0.000070 0.000356 0.017495 0.010386 0.034817 0.004007 0.011495 0.005219 0.000103 0.005387 0.114589 0.163868
-0.001047 -0.004181 -0.001389 0.085061 0.387087 0.135576 0.377625 0.408352 0.226159 0.013354 0.048861 0.035858 0.135399 0.087384 0.012214 0.016918 0.019347 0.020611 0.032334 0.023684 0.019196 0.009134 -0.069383 -0.042806 0.022558 0.001989 0.014006 -0.000449 0.078472 0.069686 0.104944 0.020076 0.014897 0.010933 0.038508 0.008321 0.066155 0.095626 0.104313 0.141486 0.147664 0.051652 0.037650 0.038914 0.031296 0.006691 0.000122 -0.000165 0.000000 0.000000 0.000000 0.000000 0.000183 0.000003 -0.000349 0.016785 0.035835 0.213829
-0.014490 -0.002972 0.028621 0.187636 0.024035 0.025319 0.009990 0.018745 0.086483 0.073082 0.031454 0.032487 0.090223 0.075521 0.001613 0.004388 0.000277 0.007667 0.013100 0.015571 0.010684 0.000457 0.268787 0.002185 0.010768 0.002922 0.015187 0.003783 0.178302 0.133221 0.023000 0.023545 0.008680 0.010031 0.034509 0.002410 0.164332 0.187626 0.006257 0.069632 0.045455 0.066934 0.042421 0.059435 0.053722 0.050140 0.000968 -0.000013 -0.008302 -0.014187 -0.004262 -0.003183 -0.000539 0.000489 0.176830 0.098715 0.173321 0.066999
-0.027337 -0.010679 0.098208 0.042446 0.021051 0.011812 0.005441 0.006508 0.037238 0.045890 0.022938 0.010982 0.023190 0.206805 0.016101 0.000134 -0.000083 0.000013 0.000356 0.000356 0.000013 -0.010610 0.165867 0.053489 0.001369 0.002505 0.003503 0.015455 0.126282 0.105809 0.010707 0.011420 0.002168 0.002900 0.024263 0.026498 0.155952 0.136196 0.017383 0.031329 0.033788 0.056220 0.043045 0.035147 0.013201 0.025002 0.002291 0.001433 -0.044747 -0.057986 -0.003151 -0.002682 -0.001616 0.002420 0.093565 0.071475 0.036798 0.141300
-0.286667 0.049075 0.053457 0.029606 0.006807 0.000000 0.000000 0.000000 0.000347 0.007561 0.012919 0.009220 0.015502 0.081457 0.017611 0.000172 -0.000837 -0.008440 -0.000601 -0.000601 -0.000075 0.620362 0.080565 0.045488 0.017224 0.003599 0.018750 0.015882 0.074295 0.069926 0.004282 0.000709 0.002977 0.006022 0.013390 0.021539 0.087933 0.098922 0.026354 0.022939 0.026466 0.029134 0.011566 0.022785 0.000658 0.000575 -0.000008 0.001458 -0.017576 -0.025952 -0.001772 -0.001640 -0.000207 0.007663 0.055703 0.036711 0.014622 0.024670
0.263505 0.112495 0.057951 0.032887 0.001625 0.000310 0.000345 0.006054 0.448460 0.000146 0.000000 0.000756 0.000387 0.000016 0.000883 -0.000009 -0.001042 -0.020972 -0.008186 -0.012784 0.003246 0.164783 0.082928 0.021094 0.010199 0.011870 0.009742 0.007609 0.019640 0.041577 0.019026 -0.000361 -0.000064 0.005205 0.003299 0.007309 0.046573 0.040511 0.016260 0.010279 0.004781 0.000359 0.000678 0.000419 -0.000633 -0.001499 -0.003326 0.000000 -0.015164 -0.017646 -0.001148 -0.001120 -0.001107 0.004293 0.001095 0.008430 0.001349 0.010496
0.027813 0.134273 0.096084 0.012367 0.002439 0.002238 0.002328 0.015964 0.075740 -0.000498 -0.009238 -0.001085 -0.000648 -0.027774 -0.001891 -0.000864 -0.011102 -0.031293 -0.021796 -0.012992 0.004368 0.031142 0.132387 0.002776 0.002870 0.012785 0.000513 0.004059 0.009493 0.000397 0.012785 -0.018960 -0.001760 0.000386 0.006659 0.017960 0.007092 0.000254 0.000335 0.000220 0.000215 -0.000404 -0.000851 -0.000759 -0.029222 -0.028024 -0.032415 -0.006810 -0.006530 -0.046259 -0.040744 -0.011510 -0.003510 0.000175 0.000505 0.000000 0.000665 0.000668
0.016812 0.066482 0.044357 0.002080 0.000683 0.001658 0.001822 0.002325 0.007461 -0.000673 -0.029492 -0.015165 -0.014013 -0.156408 -0.065315 -0.004149 -0.031918 -0.059799 -0.012149 -0.000744 0.000255 0.001652 0.146987 0.006829 0.002477 0.000008 0.000392 0.000415 0.000406 0.000316 0.006341 -0.027109 -0.009456 -0.001160 0.009493 0.024341 0.014300 0.000474 0.000056 -0.000220 -0.005163 -0.018835 -0.017055 -0.009372 -0.059307 -0.048183 -0.035914 -0.047641 -0.010224 -0.049603 -0.139621 -0.028306 -0.010968 -0.000991 0.000995 0.001650 0.001755 0.002033
0.006057 0.008505 0.006260 0.005521 0.000632 0.003405 0.004142 0.018842 0.013812 -0.004708 -0.007292 -0.047686 -0.026891 -0.311412 -0.081756 0.008402 0.004145 -0.002409 -0.000283 -0.000003 0.000063 0.003600 0.041575 0.021469 0.010199 0.039014 0.000515 0.000423 0.000457 -0.000045 -0.000001 -0.032210 -0.075476 0.001772 0.031189 0.061063 0.054075 0.001461 -0.000416 -0.006557 -0.028251 -0.039153 -0.024660 -0.036403 -0.047165 -0.102261 -0.041608 -0.081133 -0.045560 -0.052275 -0.243556 -0.038082 -0.027693 -0.000536 0.000258 0.000886 0.001162 0.012498
0.000374 0.000293 -0.000573 -0.001672 0.000634 0.013677 0.016238 0.018591 0.054255 -0.002448 -0.005653 -0.063231 -0.124718 0.106070 0.074982 0.080835 0.061912 0.010313 -0.000019 -0.000495 -0.011856 -0.000394 0.000060 0.000833 0.004522 0.023264 0.001180 -0.000238 -0.000007 -0.000348 -0.014756 -0.098807 -0.011328 0.026524 0.009397 0.013802 0.019489 0.003272 -0.000017 -0.014728 -0.051490 -0.063890 -0.047704 -0.068044 -0.053505 0.110707 0.010658 -0.019000 -0.025909 -0.089250 -0.372031 -0.726747 -0.022403 0.000456 0.000737 0.001739 0.002050 0.009710
0.000220 0.000203 -0.005048 -0.005585 -0.000116 0.006286 0.003630 0.008405 0.026246 0.013435 0.020309 -0.008928 0.448071 0.082760 0.068574 0.066285 0.117117 0.068976 0.019619 -0.003838 -0.045376 -0.007954 -0.007163 -0.000520 0.000294 0.006398 0.000281 -0.000519 -0.007605 -0.000426 -0.089632 0.010261 -0.001047 0.006908 0.000368 0.000476 0.000972 0.004817 -0.000263 -0.001636 0.006150 0.006296 0.145972 0.169022 0.026059 0.008802 0.009379 0.001584 -0.001550 -0.387627 0.195639 0.058573 0.049787 0.018042 0.001510 0.002695 0.003334 0.001354
-0.000220 -0.000049 -0.043775 -0.018958 -0.000236 0.000000 0.000000 0.000072 0.008615 0.005573 0.007156 0.022476 0.182257 0.024709 0.041730 0.029948 0.077035 0.167304 0.023565 0.005118 -0.052510 -0.014134 -0.017452 -0.005067 -0.000174 0.000220 -0.000634 -0.008390 -0.020665 -0.001831 0.010860 0.015291 0.000421 0.000166 0.000299 -0.000270 0.000000 0.000270 -0.001042 0.012983 0.076648 0.059080 0.050113 0.084048 0.014300 0.002463 0.001663 0.040805 0.015036 0.061920 0.107167 0.011421 0.014539 0.009375 0.001536 0.003484 0.002654 0.001110
