use_cases/Flooding_chicago/flooding_data/output/hUy_3120.asc
ncols 337
nrows 393
xllcorner 428428.000000
yllcorner 4602440.000000
cellsize 26.757400
NODATA_value -9999.000000
[rows 208 to 233 of 393, columns 58 to 115 of 337]
-0.227020 -0.066448 -0.128243 -0.103819 -0.088392 -0.180789 -0.067961 -0.042831 0.044920 0.154081 0.311289 0.297147 0.336826 0.161482 -0.085124 -1.667438 0.068613 0.016043 -0.136283 -0.067729 -0.063029 0.028613 -0.054259 0.109502 0.021828 -0.115072 0.091170 -0.115017 0.057158 -0.207730 0.034370 0.182076 0.348686 0.419575 0.282179 0.406612 0.238384 0.254402 0.394573 1.376496 1.766458 2.043307 3.356553 5.188277 4.188703 3.174914 2.009078 0.792219 0.199892 0.526421 0.404767 0.150089 0.000297 0.099459 0.062110 -0.000335 -0.000367 -0.000718
-0.197257 -0.048942 -0.144785 -0.102048 -0.111060 -0.182002 -0.086209 -0.033017 0.051453 0.199552 0.180342 0.313526 0.363418 0.343746 0.000633 -1.370070 0.249234 0.075882 -0.164743 -0.002137 -0.020662 0.141419 0.046478 0.119162 0.038369 -0.009146 0.103370 -0.115391 0.055246 -0.123110 0.096016 0.236315 0.384416 0.433572 0.328931 0.463232 0.298972 0.349005 0.393400 0.962397 1.428901 2.002285 2.811591 4.585818 4.383943 3.345338 2.293172 0.840041 0.053785 0.367382 0.230649 0.000360 0.000360 0.093826 0.126206 -0.102673 -0.144961 -0.014861
-0.216677 -0.104307 -0.152720 -0.117812 -0.129829 -0.249606 -0.115568 -0.072606 0.019822 0.195989 0.193028 0.145592 0.212934 0.267813 -0.018768 -0.986880 0.327208 0.069765 -0.136963 -0.001982 0.005507 0.157954 0.073681 0.118113 0.043836 0.024609 0.079846 -0.094949 0.046171 -0.025477 0.092369 0.194754 0.376997 0.462786 0.450587 0.444916 0.251079 0.264000 0.419589 0.916345 1.355804 1.963971 2.796348 4.659958 4.572632 3.683347 2.190537 0.814043 -0.028568 0.440769 0.248713 -0.000360 -0.000360 0.086760 0.074914 -0.163837 -0.192214 -0.414480
-0.190214 -0.124066 -0.158023 -0.132681 -0.150680 -0.276408 -0.163314 -0.148955 -0.025269 0.153379 0.138151 0.090391 0.124983 0.143966 -0.048899 -0.741076 0.520916 0.073486 -0.093208 -0.002038 0.002793 0.098494 0.051748 0.069583 0.104749 0.046410 0.013415 -0.077979 -0.002981 0.014611 0.110191 0.207877 0.329644 0.539451 0.521624 0.397910 0.262240 0.241958 0.256115 0.727995 1.204396 2.099513 3.632458 5.378776 5.440599 3.901330 3.189163 0.648816 -0.066372 0.537253 0.436598 -0.015704 -0.091846 -0.251254 -0.175839 -0.286692 -0.549509 -1.099101
-0.153442 -0.109331 -0.151221 -0.136939 -0.163378 -0.304012 -0.150809 -0.132930 -0.037664 0.130978 0.106042 0.064879 0.075595 0.104286 -0.034053 -0.644329 0.472931 0.047290 0.000517 -0.000502 -0.022246 0.142842 0.034599 0.054723 0.057608 0.067774 -0.029266 -0.043986 -0.018364 0.037736 0.107190 0.213092 0.186860 0.356414 0.581676 0.344582 0.277337 0.199837 0.177733 0.409027 1.101484 1.841285 3.282012 5.709750 5.429188 4.442640 2.743207 0.885130 0.073847 0.134005 0.149180 -0.010343 -0.275163 -0.329442 -0.246601 -0.407440 -0.011579 0.041245
-0.127719 -0.094627 -0.121398 -0.104463 -0.137919 -0.250703 -0.141606 -0.133187 -0.039418 0.149712 0.113891 0.029664 0.068907 0.004830 0.080691 -0.217146 0.285562 0.096693 0.000575 0.014083 -0.016470 0.195366 0.095468 0.097090 0.000376 0.088811 0.005121 0.007825 0.022041 0.054258 0.051962 0.203731 0.171755 0.265274 0.483797 0.342968 0.362736 0.167968 0.033929 0.125359 0.834471 1.728577 3.256736 5.343849 5.941669 4.079612 3.239740 0.989346 0.226981 0.183296 0.000000 0.000000 -0.119103 -0.346465 -0.292219 -0.100308 0.001432 0.013915
-0.124421 -0.095220 -0.077542 -0.057945 -0.103335 -0.246147 -0.098581 -0.101041 -0.021699 0.149917 0.112518 0.019048 0.042265 0.000000 0.000000 0.004444 0.007673 0.000431 0.000670 0.027628 0.001780 0.010307 0.000719 0.000031 -0.000143 0.034177 0.013181 0.006199 0.030425 0.018591 0.030507 0.187180 0.070461 0.109367 0.287754 0.215938 0.219733 0.139477 -0.187577 -0.174979 0.457076 1.418915 2.651680 5.343122 6.354578 5.224741 3.760253 1.122004 0.800019 0.705569 -0.113516 -0.090309 -0.349276 -0.323592 -0.256174 -0.044785 0.000799 0.000222
-0.110713 -0.084633 -0.054274 -0.026363 -0.061129 -0.182875 -0.045902 -0.061878 0.029146 0.157831 0.110879 -0.016048 0.074701 -0.000576 -0.022071 0.038088 -0.007690 -0.000331 -0.000545 0.000583 0.000402 0.000000 -0.000161 -0.047985 0.088346 0.057069 0.027190 -0.021478 0.074204 0.058373 0.025120 0.169746 0.032698 0.086353 0.181235 0.134393 0.133707 0.177061 -0.329969 -0.463126 0.179704 1.056905 2.440081 5.094575 6.669706 4.968113 4.783873 2.115983 1.224948 1.126105 -0.045620 0.033653 -0.341231 -0.283157 -0.199476 0.000955 0.000173 -0.000222
-0.105816 -0.063882 -0.024379 -0.004260 -0.074548 -0.172584 -0.007327 -0.027523 0.024785 0.117012 0.088379 0.007217 -0.000012 -0.000570 -0.005772 0.159731 -0.049961 -0.136840 0.000166 -0.001026 -0.001916 -0.006437 0.017915 0.055680 0.160784 0.072557 0.041328 -0.023174 0.091812 0.079275 0.084445 0.186324 0.028721 0.110458 0.224639 0.180626 0.177947 0.007209 -0.255658 -0.523548 0.026102 0.738196 2.634115 5.739836 6.667976 5.718656 4.997724 2.410857 1.639304 1.631538 -0.038935 0.141098 -0.337301 -0.002317 0.003279 0.004179 -0.001823 -0.024980
-0.094671 -0.074001 -0.012848 0.004646 -0.049939 -0.120358 0.029953 -0.019109 0.058245 0.146359 0.115504 0.033840 -0.107555 -0.107641 0.006104 0.275615 -0.136621 -0.187677 0.028399 -0.000812 -0.087224 -0.138368 0.027671 0.046114 0.230081 0.088395 0.065274 0.000902 0.147541 0.149011 0.240414 0.164910 0.055025 0.185148 0.012846 0.010098 0.016436 0.000645 -0.014825 -0.269053 0.064376 1.035569 2.806319 5.122041 3.984223 4.344641 4.952972 2.439301 2.097498 2.132949 0.647846 0.292801 0.000219 0.000233 0.002699 -0.002541 -0.045781 -0.118734
-0.104892 -0.119705 -0.018030 0.028253 -0.071436 -0.099618 0.022286 -0.031577 0.046605 0.100483 0.102433 0.066986 -0.043795 -0.043354 0.015489 0.282737 -0.002386 -0.138401 0.038794 -0.032661 0.163682 -0.045582 0.000922 0.000458 0.456614 0.150001 0.105257 0.052219 0.243563 0.225790 0.000471 0.046272 0.032725 0.033112 0.000381 0.000780 0.000847 0.000314 0.061116 0.170511 0.393264 1.363962 2.907799 4.034002 4.161721 4.601571 3.617895 2.420853 2.266241 2.513283 1.062077 0.501151 -0.000595 -0.001268 -0.004044 -0.128159 -0.299188 -0.549925
-0.160201 -0.137372 -0.033753 0.066166 -0.089509 -0.036533 -0.001816 -0.072625 -0.018076 0.077326 0.061303 0.104198 -0.019743 -0.018189 0.040668 0.305929 0.160032 0.010899 0.019035 -0.020856 0.227404 0.000003 0.000066 -0.000279 0.117278 0.438264 0.117711 0.058156 0.272950 0.008990 0.000691 0.071727 0.000026 0.000535 -0.000387 -0.000804 -0.000853 -0.000610 0.129098 0.204513 0.229679 0.636443 2.461057 4.821795 4.361094 4.773309 3.809666 1.154075 1.290834 1.632560 1.476048 0.608528 0.306388 0.201729 0.086574 0.031657 -0.232752 -0.408667
-0.158884 -0.143856 -0.030908 0.094474 -0.033149 0.062882 -0.016851 -0.109725 -0.063906 0.082707 0.043023 0.138216 0.005794 0.006932 0.084367 0.421346 0.386700 0.003419 0.011190 -0.006747 0.315475 -0.055947 -0.000629 0.073084 0.098557 0.545162 0.096383 0.046314 0.008458 0.000989 0.000652 0.056933 -0.017710 -0.001056 -0.011489 -0.009937 -0.094477 -0.080785 0.053656 0.068734 0.053143 0.959992 3.114885 3.649590 5.105540 5.478498 2.812642 1.379672 1.504717 1.855324 0.746198 0.728789 0.431940 0.296358 0.118731 0.110113 -0.287327 0.008382
-0.137228 -0.125777 -0.011610 0.109238 0.006597 0.135876 0.006053 -0.203476 -0.097275 0.106808 0.007545 0.129657 0.027340 0.022717 0.062548 0.327290 0.422233 0.027781 0.000000 -0.014079 0.294609 0.112542 -0.002284 0.113932 0.114105 0.576553 0.150977 -0.000000 -0.000003 -0.000071 -0.000351 0.029401 0.000606 -0.000894 -0.083381 -0.148865 0.217817 0.232061 0.830341 0.846280 0.939103 1.888108 3.089450 5.344976 3.671880 3.759005 1.167805 0.526098 0.843011 2.195781 0.794810 1.427153 0.537662 0.385267 0.135780 0.201223 -0.191355 0.001306
-0.120820 -0.095575 0.011948 0.121920 0.021668 0.175546 0.056376 -0.074205 -0.013314 0.000222 0.017675 0.117431 0.006406 -0.001309 0.047432 0.270198 0.438119 0.245390 -0.088346 -0.013582 0.127673 -0.012895 0.209572 0.979518 0.127185 0.630323 0.202721 0.081884 0.009098 -0.001015 -0.000838 -0.039946 0.018981 -0.000516 -0.009687 0.065804 0.293821 0.345904 1.241823 1.211993 1.451357 2.332089 3.520386 4.378904 3.264131 1.301328 1.188094 0.003584 0.894215 1.025110 1.298188 1.245136 0.914274 0.394507 0.128728 0.244969 0.020549 0.008325
-0.086136 -0.076383 0.035267 0.147528 0.034404 0.238210 0.127174 -0.024913 0.009290 -0.000222 0.010522 -0.197487 -0.256605 -0.367192 -0.057749 0.373658 0.623059 0.333118 0.299534 -0.036005 0.188536 0.052451 0.463733 1.103519 0.159190 0.349975 0.191861 0.141203 0.026294 0.004515 -0.007341 -0.037827 0.000000 0.013663 0.071061 0.137700 0.401001 0.531368 2.260279 1.571911 1.701812 2.774841 3.506066 4.143150 2.428498 1.045371 0.908007 0.379250 0.696765 0.870650 1.046808 1.111879 0.831538 0.415516 0.001979 0.009978 0.146962 0.032911
-0.002503 -0.003638 0.007678 0.117380 0.046480 0.189198 0.155635 0.051363 -0.032221 -0.130499 -0.145935 -0.438349 -0.383031 -0.339365 -0.011970 0.120290 0.424986 0.210056 0.490635 -0.104565 0.309236 0.382403 1.544669 0.601845 0.000273 0.435852 0.006484 0.016820 0.128943 0.009965 -0.003806 -0.019375 0.006979 0.018076 0.091473 0.312751 1.088458 1.456116 2.641681 1.952721 2.075724 3.160004 3.301821 3.349790 1.912236 1.311534 0.987032 0.306921 0.474137 0.697513 1.082083 1.157543 0.988933 0.542798 0.000589 0.000515 0.001014 0.047240
0.031944 -0.020423 -0.052864 0.006181 0.079342 0.119163 0.117811 0.022876 -0.139300 -0.265728 -0.193061 -0.526264 -0.423020 -0.232015 0.038171 0.075692 0.262689 0.120377 0.730732 -0.127200 0.321616 0.699978 1.839833 0.884131 -0.000216 0.398216 0.004764 0.014827 0.147454 0.033899 0.000408 -0.006318 0.008362 -0.002853 0.113216 0.343140 1.188936 1.841015 2.415054 2.353622 2.539995 3.108394 3.146401 2.673175 1.788133 1.221344 0.744312 0.252525 0.287018 0.600704 0.565094 0.668431 0.683917 0.679117 0.000237 -0.000234 0.000104 0.003514
0.073175 -0.036364 -0.094050 -0.112177 0.062579 0.053297 0.087412 -0.040914 -0.146189 -0.174840 -0.043366 -0.272606 -0.415084 0.168358 0.011121 0.007311 0.131383 0.078264 1.104754 0.165594 0.338966 0.237801 2.501714 1.185956 0.471293 0.369359 0.000650 0.000326 0.070914 0.069418 -0.000099 0.000649 0.001452 -0.006950 0.116869 0.420576 1.414378 2.159936 2.672036 2.680550 2.902995 3.304619 2.202967 1.758389 1.603977 0.765473 0.569401 0.260359 0.092781 1.044658 0.392558 0.569907 0.647469 0.611279 0.189825 -0.028616 0.080744 0.002336
0.131875 -0.042836 -0.123926 -0.161228 0.032300 0.023375 0.107916 -0.059452 -0.014950 0.055039 0.053525 -0.129128 0.123339 0.019588 0.000222 0.000103 0.058087 0.090164 0.422059 0.043459 0.030540 0.020247 1.355453 2.530901 0.534716 0.057090 -0.000003 -0.000208 0.058152 0.053622 0.015698 -0.000408 0.001597 0.001420 0.063626 0.453764 1.729787 2.506943 3.507747 2.925967 3.154794 3.277266 2.258826 1.667471 1.409657 0.620412 0.031076 0.015988 -0.015773 0.745228 0.282179 0.502361 0.608434 0.533201 0.237561 0.444563 0.159965 -0.003946
0.167511 -0.034309 -0.140762 -0.203376 0.017455 0.002987 0.150583 -0.047773 0.027347 0.090526 0.199040 0.038233 0.005155 0.008522 -0.000222 -0.000103 0.110218 0.172125 0.124239 0.086614 0.000000 0.032997 1.256145 2.266589 0.068224 0.106674 -0.083861 -0.089451 0.038408 0.036839 0.017640 0.006965 0.001211 0.001061 0.000054 0.105326 1.520892 3.317192 3.883916 4.110619 3.842898 3.238377 2.883627 1.571445 0.924112 0.482103 0.033131 0.020030 0.000367 0.129428 0.329725 0.405840 0.557965 0.460832 0.251796 0.161420 0.228598 0.448077
0.192870 -0.022566 -0.155362 -0.367989 0.010688 0.015043 0.218686 0.018436 0.103495 0.117922 0.274782 0.161794 0.000000 0.000000 -0.000322 0.000179 0.181821 0.855847 0.130815 0.066582 0.197867 0.272102 1.586924 1.943481 0.076753 0.241642 0.122119 0.146135 0.026944 0.000392 0.000813 0.001000 0.000805 -0.000299 -0.044161 0.733579 1.764634 3.103679 3.955085 4.038956 3.621960 3.295717 2.777886 1.034779 0.097453 0.085212 0.038233 0.000901 -0.000142 0.236367 0.145126 0.281834 0.476617 0.370595 0.011234 0.000043 0.001376 0.464071
0.156257 -0.006134 -0.165993 -0.298489 0.007257 0.046979 0.357209 0.096957 0.000398 0.006028 0.057569 0.092485 -0.079978 -0.006943 -0.001826 0.000358 0.129006 0.533325 0.138840 0.533084 0.242996 0.171335 1.653138 1.515963 0.425730 0.383992 0.166502 0.293865 0.065532 -0.000397 -0.000842 -0.001145 -0.002144 -0.000860 0.499163 1.394577 2.736761 3.021727 4.002069 4.105492 4.012811 3.343164 2.022821 0.111590 0.100377 0.088505 0.000656 0.001131 0.251380 0.317426 0.193692 0.305464 0.549569 0.251632 -0.082208 -0.000663 0.002630 0.003829
0.298482 0.009926 -0.213863 -0.349361 -0.053474 0.078327 0.354139 0.341037 0.139501 -0.000181 0.000543 0.297221 -0.025352 -0.081602 -0.001497 -0.000628 -0.000023 0.651002 0.161763 0.154526 0.524045 0.409158 1.259750 0.935235 0.506921 0.798168 0.733436 0.863365 0.601950 0.025197 0.039294 0.076012 -0.001819 -0.001276 0.690942 1.635742 3.018827 2.099981 3.128343 3.196325 3.363143 3.134484 2.292876 0.174785 0.095972 0.060997 -0.000238 0.001667 0.359829 0.386465 0.160744 0.660047 0.435654 0.188903 -0.081349 0.001880 0.003679 0.005202
0.297116 0.072573 -0.146004 -0.340883 -0.073818 0.146307 0.170610 0.335223 0.277874 0.000156 0.001020 0.231827 -0.032807 0.017381 0.038360 0.044143 0.051033 0.657080 0.413555 0.162628 0.155631 0.159095 0.173231 0.171288 0.156809 0.614159 0.680861 0.827693 0.663295 0.043858 0.058579 0.093988 0.053122 -0.000808 1.033362 2.021061 2.459376 2.094793 3.180910 3.221230 3.267632 2.879297 2.084177 0.129545 0.151188 0.036450 -0.000654 0.127025 0.459111 0.501272 0.149755 0.129329 0.286852 0.066361 0.074897 0.003064 0.003636 0.001796
0.628475 0.411102 0.158172 -0.098275 0.052344 0.011832 0.013149 0.430361 0.318010 0.000394 0.001557 0.010377 0.009720 0.000945 0.043570 0.058810 0.067371 0.610942 0.390553 0.153275 0.169947 0.000000 0.000000 0.184439 0.170291 0.690027 0.745168 0.826485 0.185906 0.078585 0.103133 0.580666 0.306608 0.378882 1.092389 2.261312 2.424996 2.678218 3.075525 4.196794 4.009376 2.596590 1.341799 -0.016471 0.007773 0.001843 -0.134916 0.344500 0.521479 0.606267 0.000178 0.000254 0.056077 0.002270 0.003360 0.003423 0.000000 -0.000967
