use_cases/Flooding_chicago/flooding_data/output/hUy_3360.asc
ncols 337
nrows 393
xllcorner 428428.000000
yllcorner 4602440.000000
cellsize 26.757400
NODATA_value -9999.000000
[rows 182 to 207 of 393, columns 116 to 173 of 337]
-0.000011 0.000168 1.898527 1.997523 1.341730 -0.000817 -0.000452 -0.000016 -0.000000 0.056070 1.315087 2.666448 1.202238 0.567151 0.509274 0.012912 0.037933 0.107044 0.046911 0.053959 0.057984 0.004541 -0.020864 -0.001989 -0.001211 -0.000028 -0.000076 -0.002637 -0.002934 -0.000045 -0.213592 -0.076595 0.000078 -0.000009 -0.000070 -0.000730 -0.000055 -0.000023 -0.000073 0.044048 0.009406 0.014213 0.011725 0.021846 0.000625 0.000478 0.000193 0.005894 -0.261245 -0.442413 -1.279741 -0.089365 0.000025 0.000090 0.000247 0.000662 0.000184 0.000036
-0.008764 0.000133 1.736449 2.312888 1.190488 -0.005995 -0.000969 -0.000550 -0.059397 0.769810 1.459995 1.380412 0.084588 0.019848 0.000175 0.000548 0.002536 0.005237 0.097948 0.163989 0.184151 0.033236 0.008014 -0.005903 -0.002406 -0.001073 -0.000389 -0.005841 -0.004126 -0.097221 -0.185889 0.000059 0.000007 -0.000089 -0.000175 -0.000551 -0.001389 -0.000856 -0.000239 0.026894 0.000092 0.038628 0.013325 0.000839 0.001054 0.000044 0.000038 0.000004 0.000009 -0.419102 -1.872107 -0.054692 -0.000011 0.000065 0.000116 0.000411 -0.000534 -0.000190
-0.403629 -0.132022 1.787228 1.900271 1.391243 0.008262 -0.099171 -0.108625 -0.030324 1.149253 1.867119 0.958298 0.415448 0.019156 0.000386 0.001070 0.012476 0.002774 0.006907 0.009970 0.022299 0.010310 0.013054 0.003666 -0.002329 -0.001924 -0.000546 -0.009300 -0.004838 -0.245962 -0.073798 -0.000156 -0.000146 -0.000059 -0.003449 -0.002489 -0.004243 -0.000492 -0.004048 0.000010 0.000231 0.004514 0.002413 0.000633 0.000024 0.000042 0.000008 -0.000003 -0.000001 -0.087869 -1.387805 -0.702574 -0.003342 0.000000 0.000000 0.000000 -0.000752 -0.000221
-0.316945 0.020407 1.338418 1.462024 1.031008 0.093782 -0.030095 -0.044980 0.005543 1.195659 1.547521 0.876287 0.674171 -0.079118 0.000252 0.000281 0.004061 0.000528 0.002360 0.000419 0.000008 0.015891 0.014665 0.007558 -0.000065 -0.002590 -0.000568 -0.040788 -0.076353 -0.128277 -0.099159 -0.029705 -0.002466 -0.001828 -0.008042 -0.005368 -0.012622 -0.016708 -0.003720 -0.000005 0.000003 0.000000 0.000202 0.000449 0.000023 -0.000019 -0.000035 -0.001273 -0.000013 -0.028526 -1.252727 -0.753315 -0.061043 -0.000768 -0.002468 -0.003129 -0.000256 -0.004947
-0.187614 0.201457 1.116751 0.978955 0.761872 0.182834 -0.008619 -0.026040 0.188922 1.009327 1.771718 0.801666 0.920790 -0.072482 0.000169 0.000450 0.000475 0.000520 0.000002 -0.000000 -0.000006 0.004312 -0.090091 0.046441 0.010987 -0.000333 -0.001386 -0.066456 -0.111810 -0.123772 -0.140351 -0.057436 -0.041302 -0.004688 -0.009196 -0.002710 -0.038795 -0.020750 -0.002237 -0.007185 -0.000335 -0.007395 -0.000895 0.000004 0.000010 -0.000049 -0.001193 -0.003764 -0.094381 -0.533212 -1.011628 -0.713449 -0.543049 -0.002209 -0.007398 -0.003577 -0.003007 -0.004831
-0.238252 0.370887 1.105810 0.581165 0.615127 0.437538 0.076155 0.064114 0.818329 1.689408 1.797499 0.359488 1.253783 0.151205 0.000351 0.001113 0.000825 0.002592 -0.000025 -0.000791 -0.000556 -0.087055 -0.321320 0.056361 0.024036 -0.081429 -0.001261 -0.393145 -0.279307 -0.374503 -0.439807 -0.020171 -0.331511 -0.008035 -0.009891 -0.018144 -0.048024 -0.020030 -0.006574 -0.018971 -0.002767 -0.009623 -0.000158 -0.000003 -0.000018 -0.000039 -0.011949 -0.535393 -0.414081 -0.622333 -0.899031 -0.568845 -0.347704 -0.016714 -0.024724 -0.003959 -0.007456 -0.009057
-0.280033 0.553476 0.787103 0.319369 0.401624 0.409639 0.003078 0.001418 0.345616 0.770224 0.748424 0.699173 0.695015 0.068341 0.000238 0.002460 0.000240 -0.000280 -0.008649 -0.050106 -0.364007 -0.277644 -0.250242 0.408171 0.046584 0.004334 0.037956 -0.677970 -0.163055 -0.000015 -0.000446 -0.007989 -0.011660 -0.025054 -0.032892 -0.054509 -0.063472 -0.037653 -0.053510 -0.008993 -0.008685 -0.010561 -0.001949 -0.001761 -0.000569 -0.000600 -0.837034 -0.568363 -0.208534 -0.131017 -0.606504 -0.216851 -0.394865 0.062736 0.070388 -1.467929 -0.021273 -0.035604
-0.455579 1.017088 0.405907 0.105641 0.384030 0.000588 0.000456 0.000418 0.004291 0.557993 0.543166 0.633367 0.487740 0.080907 -0.000111 -0.000046 -0.001057 -0.004105 -0.007157 -0.020417 -0.441157 -0.366291 -0.305631 0.215491 0.057705 0.043341 0.261325 -0.207147 -0.523028 0.138283 -0.084520 -0.093081 -0.003508 -0.179766 -0.891585 -0.048257 -0.042434 -0.005996 -0.000152 -0.003111 -0.018794 -0.007373 -0.005396 -0.002246 -0.001399 -0.002198 -1.900906 -0.482070 -0.000429 0.017824 0.037045 -0.111982 -0.436011 0.202950 0.234464 -1.228316 -0.116557 -0.073998
-0.122256 0.134343 0.000087 0.000185 0.022311 0.000001 0.000006 0.000000 0.009091 0.563623 0.598286 0.892728 0.551129 0.129679 -0.000054 -0.000156 -0.000708 -0.630203 -0.236076 -0.096643 -0.402763 -0.233278 -0.106511 -0.001444 0.001145 0.047198 0.305579 -0.112567 -0.390452 0.073921 -0.179182 -0.172442 -0.151050 -0.086906 -0.222911 0.003157 0.001587 0.020951 -0.000229 -0.001103 -0.312102 -0.388148 -0.308019 -0.125551 -0.248998 -0.871337 -1.347487 -0.242542 -0.000106 0.000001 0.000005 0.000001 -0.647993 0.072969 0.148548 -0.863476 -0.065986 -0.059594
1.081611 0.225641 0.000026 0.000111 0.000000 -0.000002 -0.000008 -0.006463 0.008591 0.021208 0.010510 1.121600 1.075175 0.209247 0.207106 0.390217 -0.152772 -2.072221 -0.269083 -0.010685 -0.266658 0.067457 0.270497 -0.031836 -0.024505 0.080231 0.344010 -0.010052 -0.233040 -0.046457 -0.299703 -0.321888 -0.247007 0.091326 0.318305 0.017834 0.001756 0.014821 0.015087 0.116628 0.048643 -0.150052 -0.278018 -0.481440 -0.129994 -0.789804 -0.244866 -0.147918 -0.055590 -0.000002 -0.000005 -0.000001 -1.136894 -0.059500 -0.017337 -0.301588 -0.041723 0.021359
0.217391 0.653850 -0.161175 -0.098590 0.013416 -0.003860 -0.008987 -0.004679 0.031668 0.002425 0.003135 0.003655 1.599270 0.100415 0.104506 0.404268 -0.227986 -1.140418 -0.300525 0.032130 -0.255772 0.156041 0.356263 -0.027621 0.111477 0.137618 0.210637 0.006198 -0.200272 -0.339947 -0.528909 -0.427022 -0.211939 0.196651 0.456345 0.729807 -0.006650 -0.018085 -0.010719 -0.036954 -0.088928 -0.077748 -0.152734 -0.153774 -0.127579 0.013167 -0.419181 -0.314155 -0.640355 -0.002433 -0.000432 -0.000558 -0.966040 -0.000948 -0.003376 -0.013305 -0.004984 0.000005
0.148445 0.849812 -0.196807 -0.113599 0.052279 -0.041038 -0.327676 -0.001130 0.003767 0.012439 0.005650 0.000895 0.525556 0.038238 -0.041745 0.087205 -0.014426 -0.142506 0.000727 0.000201 0.106398 0.325741 0.374924 0.029779 0.000424 0.000423 0.141813 -0.060921 -0.289258 -0.514331 -0.705495 -0.587253 -0.101411 0.140059 0.162634 0.933586 -0.017519 -0.084208 -0.049132 -0.229367 -0.165247 -0.003431 -0.001052 0.002670 0.002348 0.001052 -0.275830 -0.122700 -0.523910 -0.268841 -0.033740 -0.123992 -0.556724 -9999.000000 -9999.000000 -9999.000000 -9999.000000 -0.000005
0.114399 0.895858 -0.174687 -0.117887 -0.037569 -0.019119 -0.110911 -0.000191 0.000084 0.002968 0.002166 0.003220 0.007180 0.009332 0.016711 0.000196 0.000154 0.000015 0.000001 0.000005 0.001517 0.025754 0.014881 0.000000 0.000000 0.000000 0.000422 0.037560 -0.225076 -0.540619 -0.940130 -0.804550 -0.165244 0.000007 0.000361 0.216719 0.022013 -0.009275 -0.052217 -0.020960 0.320311 0.258587 0.007860 0.004149 0.000471 0.000272 -0.139890 -0.022021 -0.382661 -0.204408 -9999.000000 -9999.000000 -9999.000000 -9999.000000 -9999.000000 -9999.000000 -9999.000000 -9999.000000
0.000002 0.988604 -0.116569 -0.085314 -0.085254 -0.012518 -0.041549 0.000002 -0.000004 0.000000 0.002033 0.003661 0.000117 0.000269 0.002320 0.000120 -0.000162 -0.000013 -0.000001 -0.000005 0.011162 0.085319 -0.099536 -0.101435 0.006591 -0.000352 0.000000 0.000000 -0.024237 -0.695987 -0.789968 -0.715623 -0.205279 0.017441 0.000121 0.001043 0.001105 -0.006034 -0.030362 0.000355 0.004550 0.001104 0.005737 0.002068 0.003579 0.002142 0.012638 0.000370 0.000012 -9999.000000 -9999.000000 -9999.000000 -9999.000000 -9999.000000 -9999.000000 -9999.000000 -9999.000000 -9999.000000
-0.000050 0.312709 0.062357 0.138965 0.000005 0.000000 0.000103 -0.000013 -0.000014 -0.004210 -0.001219 0.001768 0.000095 0.000003 0.000000 -0.000031 0.003242 -0.048681 -0.008837 -0.000183 0.270164 0.158980 -0.269854 -0.343832 0.005634 -0.078838 -0.011775 -0.016769 -0.274945 -1.162314 -1.579337 -0.727557 -0.023183 0.032393 -0.103706 -0.001054 0.001379 -0.001699 -0.004963 0.000006 0.000028 0.000036 0.002171 0.000191 0.001192 0.000709 0.000033 -9999.000000 -9999.000000 -9999.000000 -9999.000000 -9999.000000 -9999.000000 -9999.000000 -9999.000000 -9999.000000 -9999.000000 -9999.000000
0.297172 0.000010 0.000025 0.267240 -0.000005 -0.000816 -0.079366 -0.001595 -0.003450 -0.028982 -0.000366 0.000019 -0.000151 -0.000270 -0.001247 -0.000097 -0.003038 -0.069504 -0.019476 -0.017791 0.095601 0.074357 -0.169317 0.000013 0.000013 -0.038401 0.000005 -0.010494 -0.411672 -1.189549 -0.806286 -0.640585 -0.027475 -0.010035 -0.002334 -0.008171 0.002626 0.000307 -0.007877 -0.000020 0.000047 0.000069 0.000006 0.000207 0.000024 0.000016 -9999.000000 -9999.000000 -9999.000000 -9999.000000 -9999.000000 -9999.000000 -9999.000000 -9999.000000 -9999.000000 -9999.000000 -9999.000000 -9999.000000
0.510578 -0.000007 -0.000027 0.302681 -0.100751 -0.005368 -0.032798 -0.000804 -0.000487 0.000003 0.000000 -0.000052 -0.000130 -0.019755 -0.037370 -0.010551 -0.022797 -0.042949 -0.018646 -0.002253 0.000192 0.075023 -0.039297 -0.000013 -0.000013 -0.043206 -0.000005 -0.005954 -0.637508 -0.850427 -0.834858 -0.634175 -0.190073 -0.029441 0.022758 -0.001986 0.004791 0.004044 -0.031786 -0.000103 0.000016 0.000006 -0.000021 -0.000016 -0.000016 -0.000012 -9999.000000 -9999.000000 -9999.000000 -9999.000000 -9999.000000 -9999.000000 -9999.000000 -9999.000000 -9999.000000 -9999.000000 -9999.000000 -9999.000000
0.327767 -0.001284 -0.070088 0.128170 -0.169825 0.040566 0.216105 -0.000259 -0.000065 -0.000004 -0.000015 -0.002073 -0.001192 -0.112149 -0.012370 -0.015081 -0.028149 -0.039689 -0.011328 -0.000276 0.000005 0.000002 -0.016156 -0.018142 -0.190517 -0.473517 -0.202813 -0.334719 -0.673895 -0.867671 -0.805172 -0.605242 -0.131435 -0.019901 0.029627 0.000396 0.005342 0.004724 -0.002923 -0.000003 -0.000049 -0.000039 -0.000024 -0.000032 -0.000020 -9999.000000 -9999.000000 -9999.000000 -9999.000000 -9999.000000 -9999.000000 -9999.000000 -9999.000000 -9999.000000 -9999.000000 -9999.000000 -9999.000000 -9999.000000
0.764659 0.149231 -0.069317 -0.024621 -0.154784 0.013138 0.484780 0.417155 -0.002027 -0.000776 -0.000519 -0.159079 -0.104457 -0.037815 -0.006683 -0.013366 -0.016909 -0.346604 -0.135163 -0.005663 -0.000005 -0.000001 -0.002600 -0.480990 -0.345686 -0.310003 -0.107498 -0.180334 -1.122993 -1.748116 -0.731623 -0.570285 -0.077726 0.197952 0.097405 -0.000559 0.000000 0.000000 0.000011 0.000006 -0.000041 -0.000027 -0.000031 -0.000101 -0.000502 -9999.000000 -9999.000000 -9999.000000 -9999.000000 -9999.000000 -9999.000000 -9999.000000 -9999.000000 -9999.000000 -9999.000000 -9999.000000 -9999.000000 -9999.000000
0.820901 0.242675 -0.024003 -0.134624 -0.190046 -0.021339 0.860176 0.703986 -0.090562 -0.048105 -0.080502 -0.082765 -0.035813 -0.000101 -0.003089 -0.263692 -0.434182 -0.177529 0.136755 0.094332 -0.003853 -0.010772 -0.529500 -0.615447 -0.336216 -0.202006 -0.040403 -0.088233 -0.965863 -1.720156 -0.696326 -0.614773 -0.069978 0.278636 0.234026 0.218915 -0.005894 -0.005419 -0.000027 -0.000259 -0.005868 -0.001818 -0.003330 -0.001103 -0.001190 -9999.000000 -9999.000000 -9999.000000 -9999.000000 -9999.000000 -9999.000000 -9999.000000 -9999.000000 -9999.000000 -9999.000000 -9999.000000 -9999.000000 -9999.000000
0.489882 0.204465 -0.069493 -0.313072 -0.275873 -0.056560 1.264686 1.142613 1.627859 -0.172353 -0.033202 -0.048273 0.011473 -0.000393 -0.270836 -0.374457 -0.370312 -0.063396 0.292838 0.342304 -1.104723 -0.437216 -0.531638 -0.276829 -0.135987 -0.099380 0.079440 -0.017532 -0.792022 -1.513705 -1.317358 -0.603621 0.005166 0.000031 0.270909 0.194375 0.004068 0.216334 -0.004910 -0.002591 -0.012393 -0.011372 -0.003619 -0.005858 -0.000886 -9999.000000 -9999.000000 -9999.000000 -9999.000000 -9999.000000 -9999.000000 -9999.000000 -9999.000000 -9999.000000 -9999.000000 -9999.000000 -9999.000000 -9999.000000
0.747071 0.443307 0.084722 -0.328500 -0.200514 -0.109206 0.645045 0.293831 2.025446 1.363368 0.135872 -0.035903 -0.038488 -0.098937 -0.256616 -0.411939 -0.385357 0.005210 0.371706 0.517712 -1.098823 -1.105007 -0.420977 -0.000793 -0.000196 0.099586 0.253825 0.101741 -0.500750 -1.614830 -1.229006 -1.039297 0.000000 0.000018 0.000610 0.181815 0.095351 0.266841 0.031845 -0.013355 -0.005560 -0.000917 -0.000369 -0.010358 -0.004690 0.000000 -9999.000000 -9999.000000 -9999.000000 -9999.000000 -9999.000000 -9999.000000 -9999.000000 -9999.000000 -9999.000000 -9999.000000 -9999.000000 -9999.000000
1.061295 0.990886 0.276997 -0.107448 -0.000239 0.005901 0.002084 0.000261 0.762580 1.600330 1.112408 0.426220 -0.075492 -0.124126 -0.261871 -0.604989 -0.344069 -0.016218 0.326236 0.543811 -0.699902 -0.287731 -0.498759 -0.000292 0.000135 0.007156 0.011465 0.003234 -0.129240 -1.199345 -1.366625 -1.739271 0.006331 0.008768 0.002000 0.004856 0.007121 0.237340 0.091012 0.024107 -0.001241 -0.007532 -0.000655 -0.019050 -0.017111 -0.000151 -9999.000000 -9999.000000 -9999.000000 -9999.000000 -9999.000000 -9999.000000 -9999.000000 -9999.000000 -9999.000000 -9999.000000 -9999.000000 -9999.000000
1.501554 1.373041 1.195318 0.092735 -0.000050 0.000005 0.001147 0.000037 0.000708 0.812923 0.690447 0.676127 0.213982 -0.122167 -0.260914 -0.371744 -0.152750 -0.055506 0.207847 0.633415 -0.378806 -0.049765 -0.308275 -0.000079 -0.000073 0.000099 0.000561 0.003967 -0.004676 -1.230894 -1.464228 -1.265345 0.002865 0.010724 0.003027 0.006840 0.012397 0.017676 0.023379 0.047935 0.026230 -0.105122 -0.115100 -0.004191 -0.004550 -0.008698 0.000000 -9999.000000 -9999.000000 -9999.000000 -9999.000000 -9999.000000 -9999.000000 -9999.000000 -9999.000000 -9999.000000 -9999.000000 -9999.000000
0.520736 1.276547 1.131852 0.951526 1.233117 -0.000003 0.000001 0.000032 0.000028 0.000993 0.018859 0.735021 0.389523 -0.203827 -0.419273 -0.244923 -0.000067 -0.117715 -0.004860 0.519914 -0.217418 0.036794 -0.176602 0.000004 -0.000024 0.000029 0.000010 0.000010 -0.000802 -1.300846 -1.573622 -1.180005 -0.001733 0.000905 0.001665 0.002548 0.009006 0.017860 0.022045 0.099423 0.110996 0.086784 0.005700 0.026519 -0.075110 -0.000594 -0.000151 -9999.000000 -9999.000000 -9999.000000 -9999.000000 -9999.000000 -9999.000000 -9999.000000 -9999.000000 -9999.000000 -9999.000000 -9999.000000
0.000033 0.352906 1.108740 1.044501 1.626349 0.018604 -0.000911 -0.000046 -0.000033 -0.000001 0.000352 0.000750 0.154988 -0.119600 -0.253214 -0.096259 -0.000020 -0.293953 -0.036780 0.191073 0.032631 0.067159 -0.047382 0.000238 -0.000016 0.000015 0.000010 0.000001 -0.000225 -1.520853 -1.851140 -1.315663 0.000057 -0.000186 -0.001702 -0.000307 0.000000 0.014265 0.007928 0.000559 0.000946 0.000631 0.117570 0.028296 -0.093242 -0.000325 -0.000658 -9999.000000 -9999.000000 -9999.000000 -9999.000000 -9999.000000 -9999.000000 -9999.000000 -9999.000000 -9999.000000 -9999.000000 -9999.000000
