use_cases/Flooding_chicago/flooding_data/output/hUy_2880.asc
ncols 337
nrows 393
xllcorner 428428.000000
yllcorner 4602440.000000
cellsize 26.757400
NODATA_value -9999.000000
[rows 208 to 233 of 393, columns 232 to 289 of 337]
0.012245 -0.001989 -0.006537 -0.002173 -0.045426 -0.032763 -0.016341 -0.005399 -0.039359 -0.021390 0.115471 -0.330806 0.853921 1.340365 1.493364 1.387741 0.980661 1.069651 1.161607 0.027033 0.124515 0.169031 0.326028 0.435237 0.199348 0.668491 0.120152 -0.138944 -0.229178 -0.215363 0.379293 0.927251 1.935120 1.578443 1.351189 0.960596 0.216648 0.000558 -0.003946 -0.010188 -0.021625 0.038121 0.588012 0.340102 1.433623 2.021316 1.928313 1.043327 1.171816 1.101903 -0.000843 0.002158 0.790650 -0.003457 0.149508 -0.164214 -0.431014 0.169401
0.003142 -0.001735 -0.003450 -0.025588 -0.362944 -0.146950 -0.008245 -0.003113 -0.014335 0.022220 0.673968 0.494944 1.723489 1.295440 1.792602 1.222642 0.850702 1.544733 1.389963 -0.202342 -0.536143 -0.135492 0.288636 0.512718 0.117805 1.245656 0.382479 -0.064309 -0.207840 -0.393698 0.357168 0.985520 1.595370 1.303226 1.132457 0.694159 0.022523 0.005441 -0.035556 -0.062668 -0.033735 0.140119 0.636589 0.572619 1.527465 1.676437 1.982337 1.078366 1.170059 1.132325 0.000519 0.007888 0.064566 0.011514 0.458286 0.331213 0.039606 0.041229
-0.023528 -0.001235 -0.001615 -0.469859 0.334203 0.041410 0.015124 -0.010816 0.563067 0.975727 1.106981 1.119307 1.841879 1.085550 1.027344 0.766924 0.119911 1.355974 0.816514 0.291229 0.041573 -0.141961 0.385160 0.743714 0.756195 0.905317 0.463531 -0.078149 -0.235882 -0.123691 0.290466 0.579485 0.699281 1.039702 0.618185 0.554716 0.018857 0.006149 -0.005083 -0.009184 0.093798 0.122249 0.886491 0.689684 1.615454 0.961207 1.189179 1.144367 1.193548 1.172870 0.000003 0.000208 0.011259 0.008024 0.134658 0.077422 0.110086 0.000790
-0.521347 -0.135461 -0.009438 0.299153 0.923304 0.719866 0.407470 0.227888 0.612401 1.421146 1.362667 1.657186 1.737984 1.148814 0.859221 0.237899 0.131237 1.264219 0.133450 0.028674 -0.008423 0.041877 0.755309 1.342315 0.251377 0.157613 0.032630 -0.279716 -0.309790 0.111041 0.303406 0.431834 0.461585 0.894624 0.518905 0.028750 0.018742 0.000965 0.000473 0.000013 0.101060 0.254147 0.866715 0.768753 0.891942 1.030497 1.149193 1.095655 1.817429 1.108548 0.013477 -0.000326 0.016213 0.014339 0.010754 0.073111 0.001970 -0.000115
-0.310281 -0.046201 -0.007112 0.619719 0.804664 0.599716 0.284759 0.264893 0.275905 0.706911 0.699887 0.757798 0.783881 1.349721 0.544071 0.311913 0.027208 0.783578 0.087947 -0.000239 -0.020086 0.136833 0.869791 1.429419 0.000795 0.000020 -0.003938 -0.130014 -0.319967 0.263903 0.376105 0.359655 0.283916 0.372259 0.406259 0.001856 0.000270 -0.000000 -0.000270 0.145892 0.220411 0.215466 0.161818 0.064774 0.912708 1.462969 1.526939 1.405164 1.439291 1.369437 0.027097 0.002070 0.080814 0.007366 -0.022737 0.003649 0.000697 -0.000859
0.115490 0.068363 -0.048761 0.329466 0.363407 0.098379 0.204583 0.199773 0.250668 0.259702 0.655658 0.827033 0.998655 0.495234 0.529636 0.319872 -0.024678 0.590587 0.112141 0.346679 -0.184697 0.106639 0.871491 1.210675 0.000636 0.030936 0.001021 -0.290358 -0.001710 0.434044 0.508142 0.324742 0.122263 0.069931 -0.000427 -0.019268 -0.000473 -0.000965 -0.009967 0.215507 0.241351 0.272401 0.193779 0.608699 0.735824 1.237094 1.205574 1.419012 1.124421 0.973128 0.012879 0.000294 0.093095 -0.007992 -0.043313 -0.003928 -0.003835 -0.007595
0.455099 0.346249 0.083179 0.194978 0.030828 -0.187227 -0.054995 0.075650 0.149934 0.236016 0.249206 0.905401 1.148161 0.151879 0.056351 0.038712 0.078596 0.748161 0.236055 0.756894 -0.305115 0.013915 0.650651 1.499457 -0.000600 0.090211 0.163630 -0.036090 0.043518 0.534274 0.627211 0.348378 -0.058738 -0.348526 -0.021009 -0.020827 -0.071981 -0.012000 0.169091 0.748412 0.849782 0.742778 0.703809 0.626729 0.429033 1.194608 1.053251 1.319238 0.894040 0.752834 -0.005675 -0.001114 0.061752 -0.005842 -0.013379 -0.005660 -9999.000000 -9999.000000
0.930367 0.902751 0.416337 0.587034 0.238826 -0.110552 -0.124495 0.041276 0.086791 0.188201 0.308387 0.366177 0.355847 0.271677 0.001108 0.009863 0.001086 0.376591 0.327603 0.422246 -0.210577 0.238650 0.941417 1.068626 0.210727 0.110137 0.221174 0.457745 -0.041192 1.018201 0.540620 0.046268 0.008374 -0.498893 -0.213114 0.058926 0.087730 0.005924 0.068894 1.198396 0.795985 0.756382 0.754279 0.099734 0.349443 1.254329 1.384773 0.991342 0.785363 0.303661 -0.020862 0.000000 0.000000 -9999.000000 -9999.000000 -9999.000000 -9999.000000 -9999.000000
0.016313 0.021154 0.136668 0.067326 0.074887 0.570743 0.489606 0.235981 0.105382 0.164436 0.281224 0.416800 0.405060 0.228743 0.000367 0.000000 0.000220 0.547636 0.585067 0.196707 0.065553 0.084132 1.122404 1.119217 0.356266 0.061434 0.049951 0.096573 -0.097972 0.890082 0.428236 0.035823 0.067572 -0.425602 -0.178759 0.167247 0.394548 0.122360 0.308064 0.614431 0.737591 0.503323 0.308364 0.041338 0.636105 1.404643 0.909781 1.095732 0.390496 -0.002791 -0.018111 -0.005691 -9999.000000 -9999.000000 -9999.000000 -9999.000000 -9999.000000 -9999.000000
0.000326 0.007076 0.033715 0.131770 0.143584 0.113361 0.085258 0.059583 0.021221 0.176538 0.251217 0.414552 0.387357 -0.000031 -0.000576 -0.002817 -0.000602 0.581231 0.751232 0.000360 0.000360 0.021715 1.175146 0.442001 0.112789 0.007425 0.031428 0.035719 0.024513 0.234199 0.003145 0.002411 0.001371 0.000734 -0.158939 0.336689 0.659342 0.030595 0.519434 0.454861 0.495804 0.722394 0.505495 0.330001 1.614830 1.713237 1.017720 1.054760 0.053310 -0.007153 -9999.000000 -9999.000000 -9999.000000 -9999.000000 -9999.000000 -9999.000000 -9999.000000 -9999.000000
-0.000208 0.028721 0.020882 0.085974 0.217145 0.009848 0.014031 0.011008 0.041829 0.289831 0.245780 0.397180 0.304821 0.175378 -0.001524 -0.002806 -0.145717 0.657754 1.345132 -0.000360 -0.000360 0.070066 1.573559 0.095650 0.063125 0.052905 0.040203 0.004214 0.010917 0.020357 -0.035292 -0.000534 -0.000571 -0.000348 -0.000015 0.158730 0.214650 0.068825 0.069425 0.030145 0.203540 0.754488 0.795553 0.563474 1.428143 1.628148 1.157646 0.246690 0.000208 0.000003 -9999.000000 -9999.000000 -9999.000000 -9999.000000 -9999.000000 -9999.000000 -9999.000000 -9999.000000
0.108031 0.088243 0.106030 0.046842 0.055098 0.016947 0.024720 0.029313 0.080272 0.096308 0.038503 0.455476 0.219756 0.167229 0.350860 0.205858 -0.170469 0.362803 1.659874 0.504857 0.185308 0.862501 1.315054 0.849124 0.035642 0.048769 0.006514 -0.009706 0.468565 0.422029 0.115017 0.187252 -0.083407 -0.081303 -0.053582 0.064092 0.108695 0.001244 0.000488 0.000314 0.000193 0.960411 1.097286 0.002310 0.521537 0.630299 0.546489 0.235617 -0.000326 -9999.000000 -9999.000000 -9999.000000 -9999.000000 -9999.000000 -9999.000000 -9999.000000 -9999.000000 -9999.000000
0.190213 0.004454 0.016055 0.001161 0.000379 0.006145 0.023386 0.055428 0.047160 0.025182 0.063625 0.072173 0.290330 0.234011 0.022219 0.371449 0.003896 0.718022 1.399348 0.691485 0.214719 0.381886 1.469941 0.110771 0.000334 0.000253 0.014312 0.042678 0.924134 0.612338 0.028548 0.025000 -0.062195 0.036684 -0.007266 -0.030751 -0.665698 -0.001595 -0.001235 -0.000493 -0.000236 1.836398 0.856861 0.006323 0.628615 0.742131 0.637961 0.175707 -9999.000000 -9999.000000 -9999.000000 -9999.000000 -9999.000000 -9999.000000 -9999.000000 -9999.000000 -9999.000000 -9999.000000
0.020408 0.001010 0.000546 -0.000051 -0.000153 0.000107 0.000434 0.071449 0.075457 0.041985 0.032286 0.037682 0.073298 0.063484 0.015968 0.075925 0.373337 0.655783 1.549854 0.868326 0.000291 0.615527 0.363641 0.005815 -0.006418 -0.001708 0.020658 0.030626 0.233837 0.342552 0.001907 0.008812 0.055491 0.052031 0.046938 0.018790 -0.584040 -0.143350 0.522728 0.383320 1.093426 1.578229 0.759076 -0.333321 0.485422 0.731789 0.692760 0.000000 -9999.000000 -9999.000000 -9999.000000 -9999.000000 -9999.000000 -9999.000000 -9999.000000 -9999.000000 -9999.000000 -9999.000000
0.008877 0.002003 0.000544 -0.009579 -0.127754 -0.001072 -0.000494 0.080676 0.097710 0.038700 0.037014 0.071812 0.000208 0.000003 0.047372 0.033815 0.088874 0.685367 1.858385 0.896805 0.707883 0.760205 0.002098 0.001529 0.046783 0.001779 0.035255 0.033504 0.068377 0.378662 0.001557 0.001395 0.000555 0.001114 0.097546 0.030451 0.275356 0.352922 0.878074 0.585658 0.859521 1.027559 0.543555 -0.500888 0.438438 0.539991 0.009236 -9999.000000 -9999.000000 -9999.000000 -9999.000000 -9999.000000 -9999.000000 -9999.000000 -9999.000000 -9999.000000 -9999.000000 -9999.000000
0.000925 0.001103 0.000206 -0.072306 -0.123879 -0.089585 -0.000627 0.075861 0.114178 0.000003 0.000208 0.071135 -0.000326 -0.087511 0.058637 0.063281 0.037584 0.651875 1.393788 1.187434 1.047155 0.043983 0.005133 0.002603 0.142430 0.009100 0.031883 0.070359 0.133391 0.149871 0.002995 0.001167 -0.000182 0.003705 0.209879 0.033467 0.537701 1.089478 1.365933 0.361065 0.196389 0.139254 0.484777 -0.459706 0.269877 0.254880 0.000000 -9999.000000 -9999.000000 -9999.000000 -9999.000000 -9999.000000 -9999.000000 -9999.000000 -9999.000000 -9999.000000 -9999.000000 -9999.000000
0.001268 0.001243 0.000146 0.071263 -0.085159 -0.109525 -0.126038 0.034589 0.109487 -0.134616 -0.000326 0.066377 0.166141 -0.069498 0.051768 0.073227 0.069798 1.009877 1.041273 0.452996 0.360923 0.010495 0.009897 0.003663 0.057693 0.006031 0.032792 0.130926 0.063710 0.023774 0.002710 -0.000489 0.010403 0.007836 0.399570 0.563732 1.155733 0.683171 0.663666 0.433610 0.008249 0.005467 0.041573 0.107029 0.321911 0.052203 -0.001245 -9999.000000 -9999.000000 -9999.000000 -9999.000000 -9999.000000 -9999.000000 -9999.000000 -9999.000000 -9999.000000 -9999.000000 -9999.000000
0.002270 0.001208 0.000563 0.005872 0.008264 -0.109583 -0.015391 -0.077326 0.287432 -0.003491 0.044497 0.173720 0.177066 -0.048894 0.129094 0.316524 0.563918 1.063338 1.115961 0.019183 0.026985 0.022219 0.012275 0.004328 0.020358 0.004493 0.001046 0.202406 0.081901 0.026133 0.023741 -0.022230 -0.007688 -0.001839 0.665198 0.942743 1.402804 0.879020 0.047104 0.045820 0.033117 0.011120 0.017678 0.043806 0.559693 -0.051034 -0.000996 -9999.000000 -9999.000000 -9999.000000 -9999.000000 -9999.000000 -9999.000000 -9999.000000 -9999.000000 -9999.000000 -9999.000000 -9999.000000
0.010441 0.001663 0.001578 0.000337 0.157993 -0.089545 0.069692 -0.225707 0.495642 0.019121 0.046051 0.176974 0.203743 -0.026506 0.292047 0.547610 0.903262 0.979939 0.055958 0.031489 0.044567 0.025703 0.009699 0.001007 0.000077 0.001344 -0.000984 0.310672 0.087116 0.023546 0.104715 -0.027038 -0.023309 -0.010296 0.939283 1.002480 0.353074 0.248652 0.010865 0.017718 0.015823 0.006318 0.002666 0.002795 0.072493 0.001044 -9999.000000 -9999.000000 -9999.000000 -9999.000000 -9999.000000 -9999.000000 -9999.000000 -9999.000000 -9999.000000 -9999.000000 -9999.000000 -9999.000000
0.004308 0.000724 0.000129 0.000040 0.264422 0.004261 0.259205 -0.101340 0.502732 0.083097 0.039497 0.258712 0.279674 -0.032124 0.465244 0.634248 0.906114 0.165190 0.087874 0.021727 0.061734 0.025606 0.003032 -0.002612 -0.002707 0.000645 0.005703 0.360739 0.000765 0.000903 0.008116 -0.015223 -0.104956 0.064444 0.952727 1.207900 0.010799 0.011594 0.000848 0.001603 0.000944 0.008935 0.003606 0.005246 0.001893 0.000679 -9999.000000 -9999.000000 -9999.000000 -9999.000000 -9999.000000 -9999.000000 -9999.000000 -9999.000000 -9999.000000 -9999.000000 -9999.000000 -9999.000000
0.000208 0.000003 -0.000061 -0.000139 0.029454 0.009634 0.015214 0.105759 1.094569 0.143183 0.146992 0.210164 0.196411 0.147626 0.779355 0.888928 0.985018 0.008008 0.010023 0.001129 0.093647 0.026129 -0.001597 -0.020235 -0.006105 -0.002260 0.000449 0.302361 0.000094 -0.000280 -0.000012 -0.001447 0.016969 0.051483 1.209971 1.612018 0.018950 0.011506 0.000030 0.000205 0.000407 0.007343 0.003090 -0.003444 -0.001596 -0.000821 -9999.000000 -9999.000000 -9999.000000 -9999.000000 -9999.000000 -9999.000000 -9999.000000 -9999.000000 -9999.000000 -9999.000000 -9999.000000 -9999.000000
-0.000326 -0.005982 -0.000291 -0.000385 -0.000001 0.000197 0.000009 0.058845 0.311062 0.014597 0.000805 0.543377 0.224563 0.245373 0.216206 0.204621 0.206041 0.000360 0.000360 0.000200 0.112384 0.000402 -0.002657 -0.006834 -0.045273 -0.011768 -0.002182 0.270477 -0.068493 -0.000826 -0.006697 0.006253 0.010871 0.107089 0.930250 1.258150 -0.069661 -0.004245 -0.000826 -0.001578 -0.001081 0.000249 0.000291 -0.005350 -9999.000000 -9999.000000 -9999.000000 -9999.000000 -9999.000000 -9999.000000 -9999.000000 -9999.000000 -9999.000000 -9999.000000 -9999.000000 -9999.000000 -9999.000000 -9999.000000
-0.000118 -0.014689 -0.001014 -0.050631 -0.001276 -0.000816 0.124656 0.120750 0.076565 0.030147 -0.049273 0.447713 0.328621 0.210625 0.211999 0.178255 0.161748 -0.000360 -0.000360 -0.000186 0.103393 -0.000027 0.000000 -0.002053 -0.025970 0.893895 0.918038 0.876324 0.002846 0.117186 -0.015491 -0.202884 -0.268451 0.290241 0.627211 0.744110 -0.110367 -0.632537 -0.048533 -0.107191 -0.009190 -0.000724 -0.000441 -9999.000000 -9999.000000 -9999.000000 -9999.000000 -9999.000000 -9999.000000 -9999.000000 -9999.000000 -9999.000000 -9999.000000 -9999.000000 -9999.000000 -9999.000000 -9999.000000 -9999.000000
0.000865 -0.001016 0.001413 -0.047813 -0.016419 0.099181 0.117296 0.101284 0.066180 0.017295 -0.222247 0.350001 0.254225 0.386699 0.503576 0.142293 0.124717 -0.001928 -0.012076 -0.001224 0.080542 -0.028771 -0.003663 -0.000573 0.188004 1.658113 1.693669 1.618716 0.925782 0.618091 0.171269 -0.959118 -0.872979 0.379398 0.334049 0.078153 -0.167438 -0.554703 -0.302982 -0.712852 -0.007237 -9999.000000 -9999.000000 -9999.000000 -9999.000000 -9999.000000 -9999.000000 -9999.000000 -9999.000000 -9999.000000 -9999.000000 -9999.000000 -9999.000000 -9999.000000 -9999.000000 -9999.000000 -9999.000000 -9999.000000
0.000000 0.000474 0.020288 0.001532 0.007627 0.191887 0.103021 0.069092 0.034402 -0.002356 -0.199078 0.249585 0.259021 0.456139 0.563274 0.146970 0.000680 -0.001330 -0.324566 -0.088627 0.215863 0.011684 -0.072982 0.158406 0.346388 1.331334 1.416484 1.197229 0.815365 0.363349 0.110795 -0.394357 -0.625851 0.120605 0.146158 -0.158606 -0.044489 -0.318906 -0.180173 -9999.000000 -9999.000000 -9999.000000 -9999.000000 -9999.000000 -9999.000000 -9999.000000 -9999.000000 -9999.000000 -9999.000000 -9999.000000 -9999.000000 -9999.000000 -9999.000000 -9999.000000 -9999.000000 -9999.000000 -9999.000000 -9999.000000
0.002558 0.002798 0.029994 0.000978 0.132621 0.327946 0.118143 0.062088 0.024609 0.126504 0.011668 0.207722 0.154403 0.362879 0.516984 0.005790 0.000194 0.117919 0.020706 0.048902 0.250061 -0.072214 -0.025366 0.085664 0.028640 1.003576 1.144926 1.079655 0.375714 0.147565 0.077550 0.026256 -0.352223 0.006056 0.007864 0.217652 0.254289 -0.124678 -0.110818 -9999.000000 -9999.000000 -9999.000000 -9999.000000 -9999.000000 -9999.000000 -9999.000000 -9999.000000 -9999.000000 -9999.000000 -9999.000000 -9999.000000 -9999.000000 -9999.000000 -9999.000000 -9999.000000 -9999.000000 -9999.000000 -9999.000000
