use_cases/Flooding_chicago/flooding_data/output/hUy_420.asc
ncols 337
nrows 393
xllcorner 428428.000000
yllcorner 4602440.000000
cellsize 26.757400
NODATA_value -9999.000000
[rows 182 to 207 of 393, columns 116 to 173 of 337]
-0.000375 -0.000257 -0.059544 -0.038773 -0.001151 -0.008825 -0.006319 -0.000497 -0.000015 -0.000000 0.022562 0.038699 0.156221 0.017357 0.034128 0.027464 0.066952 0.163522 0.070246 0.069200 0.070007 0.000403 -0.041422 -0.013505 -0.008873 -0.000518 -0.001196 -0.022567 -0.022187 -0.001169 -0.190023 -0.055335 0.000732 -0.000212 -0.000929 -0.005552 -0.000965 -0.000473 -0.000573 0.058881 0.016218 0.029056 0.025482 0.048007 0.004528 0.004188 0.002397 0.017805 0.014277 0.058288 -0.009151 0.000093 0.000340 0.001109 0.001733 0.003436 0.000910 0.000214
-0.005959 -0.000931 -0.049908 -0.068408 -0.001025 -0.019796 -0.012925 -0.006812 -0.008063 -0.046104 0.084661 0.053507 0.000051 0.000670 0.001418 0.003137 0.012580 0.024334 0.138073 0.224096 0.240283 0.035682 -0.000630 -0.014909 -0.020121 -0.011580 -0.005020 -0.035147 -0.027370 -0.103822 -0.172857 0.000456 -0.000117 -0.001414 -0.001645 -0.004516 -0.010008 -0.006590 -0.001428 0.043650 0.001090 0.076447 0.035850 0.004752 0.006863 0.000809 0.000717 0.000181 0.000240 0.007341 0.055142 -0.000070 -0.000123 0.001015 0.001353 0.002911 -0.001952 -0.001045
-0.017966 -0.004932 -0.159275 -0.005666 -0.003274 -0.021557 -0.014239 -0.013704 0.036254 0.088756 0.349708 0.049455 -0.044770 -0.000152 0.002310 0.005028 0.041934 0.013605 0.033161 0.028046 0.029331 0.002440 0.000973 -0.003458 -0.015649 -0.018726 -0.007531 -0.051389 -0.029720 -0.255064 -0.070047 -0.001105 -0.001492 -0.000921 -0.017206 -0.013922 -0.025847 -0.004045 -0.020789 0.000251 0.001794 0.018487 0.010092 0.004806 0.000609 0.000543 0.000079 -0.000124 -0.000002 0.000107 0.006956 -0.002914 -0.008516 0.000000 0.000000 0.000000 -0.004050 -0.001572
-0.003356 -0.018321 -0.085840 0.013887 -0.000987 -0.002867 -0.002430 -0.002251 0.071967 0.092049 0.323773 -0.052842 0.379347 0.003056 0.001494 0.001858 0.015806 0.002925 0.015312 0.005980 0.000326 -0.000709 -0.003001 -0.002628 -0.001513 -0.017958 -0.009148 -0.089485 -0.109054 -0.135121 -0.111321 -0.045821 -0.011604 -0.009095 -0.037430 -0.026229 -0.051771 -0.047779 -0.018025 -0.000111 -0.000030 0.000000 0.001370 0.004080 0.000693 -0.000130 -0.000655 -0.010203 -0.000407 -0.000134 -0.005553 -0.010894 -0.022611 -0.007591 -0.017998 -0.018644 -0.002180 -0.023359
0.000006 -0.000586 0.035366 -0.039389 0.002340 -0.001058 0.002692 0.002705 0.183411 0.095245 0.501309 -0.076553 0.602728 0.067727 0.000818 0.001874 0.001269 0.001289 0.000082 -0.000003 -0.000208 -0.001194 -0.044561 -0.044381 -0.002342 -0.004071 -0.014386 -0.121713 -0.146551 -0.131605 -0.170891 -0.089888 -0.085278 -0.023618 -0.043365 -0.017228 -0.117750 -0.063804 -0.010271 -0.028226 -0.002352 -0.026543 -0.005413 0.000168 0.000294 -0.000636 -0.011436 -0.015803 -0.036368 -0.045285 -0.014684 -0.015819 -0.048644 -0.017130 -0.045448 -0.023523 -0.018375 -0.026675
-0.019624 0.002479 0.145631 -0.287062 0.249130 0.000742 0.014730 0.014660 0.301282 0.212928 0.415206 0.061273 0.426413 0.058855 0.001525 0.003222 0.000474 0.000269 -0.000643 -0.008831 -0.006900 -0.093059 -0.064580 -0.066827 -0.003009 -0.019352 -0.011798 -0.365949 -0.263334 -0.276380 -0.354425 -0.036037 -0.456397 -0.036894 -0.042611 -0.060663 -0.140596 -0.065242 -0.024781 -0.071618 -0.012556 -0.038379 -0.001259 -0.000142 -0.000418 -0.000770 -0.024331 -0.016702 -0.107763 -0.286921 0.046287 -0.206150 -0.013533 -0.027420 -0.063087 -0.024153 -0.036998 -0.039912
-0.054662 0.016419 0.017617 -0.279698 1.427107 0.016645 0.011143 0.010962 0.080690 0.161143 0.226824 0.171805 0.236136 0.040240 0.001096 0.005628 -0.000546 -0.003714 -0.005295 -0.016600 -0.070700 -0.216868 -0.030368 0.023119 -0.009851 -0.078204 -0.176645 -0.308906 -0.113291 -0.000064 -0.001240 -0.016522 -0.028893 -0.073359 -0.094705 -0.147617 -0.173540 -0.094694 -0.121660 -0.035875 -0.037526 -0.044131 -0.008971 -0.013071 -0.006846 -0.007019 -0.063200 -0.006363 0.033882 0.039794 0.381376 -0.159761 -0.254298 -0.034274 -0.076292 -0.079855 -0.040442 -0.073926
0.026338 0.007843 0.006376 0.020455 0.095672 0.006365 0.006364 0.006034 0.001998 0.099622 0.141194 0.153987 0.112528 0.020219 -0.000306 0.000104 -0.002040 -0.004007 -0.004343 -0.003891 -0.006292 -0.074811 0.042684 0.014756 0.001514 -0.026566 -0.556407 -0.131797 -0.139905 -0.031878 -0.018328 -0.047998 -0.008967 -0.064595 -0.422996 -0.082598 -0.105408 -0.024955 -0.001234 -0.016539 -0.071550 -0.034895 -0.030370 -0.018905 -0.014095 -0.018773 -0.152795 -0.002185 0.000868 0.012439 0.009903 0.014366 -1.007200 0.252738 -0.110657 -0.183060 -0.051280 -0.036509
0.028508 0.000148 0.000468 0.000816 0.019606 0.000076 0.000208 0.000003 0.007838 0.181696 0.210533 0.222202 0.042641 0.008950 -0.000439 -0.000638 -0.001790 -0.033066 -0.011148 -0.001822 -0.005653 -0.042226 0.000000 0.000000 0.008600 -0.004638 -0.188595 -0.145630 -0.524503 -0.013597 -0.011314 -0.047109 -0.029792 -0.084033 -0.899348 -0.017499 -0.019591 -0.013318 -0.001603 -0.006550 -0.100962 -0.071672 -0.051228 -0.018102 -0.015735 -0.201954 -0.040948 -0.000667 -0.000049 0.000105 0.000222 0.000103 -0.607814 0.214693 0.095715 -0.026875 0.054621 0.016327
0.019779 -0.000132 -0.000271 -0.000188 -0.000005 -0.000113 -0.000326 -0.011036 0.026307 0.035824 0.022906 0.282105 0.150340 0.025940 0.024985 0.075379 -0.005405 -0.163508 -0.004288 0.018008 0.003761 0.001693 -0.039352 0.004129 0.033298 0.023881 0.054705 -0.038278 -0.243691 -0.003222 -0.068492 -0.296259 -0.219414 0.175083 -0.001851 -0.005331 -0.004340 -0.005035 -0.001688 0.044944 -0.606764 -0.140833 -0.011137 -0.044307 -0.002508 0.026038 -0.000161 -0.002872 -0.015205 -0.000136 -0.000222 -0.000103 0.007057 0.124030 0.008013 0.013289 0.019186 0.009167
0.000607 -0.060050 -0.061464 -0.013688 -0.006297 -0.014239 -0.022800 -0.007517 0.060510 0.010415 0.012197 0.013049 0.274464 0.031246 0.038925 0.135325 0.024583 0.010582 0.015891 0.007892 0.096617 0.093955 0.047662 0.016245 0.013406 0.013406 0.052109 0.053706 -0.148604 -0.040798 -0.077311 -0.205384 -0.049949 0.132952 0.254926 0.143436 -0.001059 -0.001783 -0.000252 0.017290 -0.445153 0.133078 0.160678 0.020304 0.042908 0.010928 0.004043 -0.065796 -0.096576 -0.008110 -0.006078 -0.006983 -0.001397 0.000000 0.000000 0.000001 0.000031 0.000222
0.000799 -0.128792 -0.221125 -0.308207 -0.026596 -0.023608 -0.048097 -0.002339 0.015008 0.037831 0.020590 0.004462 0.108941 0.091815 0.108376 0.011904 0.021819 0.018556 0.007456 0.004526 0.021249 0.020186 0.016017 0.007695 0.007142 0.007142 0.024860 0.023015 0.002591 -0.029898 0.069694 -0.125859 0.197038 0.006947 0.007671 0.225363 0.001413 -0.000369 0.001412 0.041271 -0.159293 0.430455 0.418047 0.016404 0.013621 0.007192 0.015737 -0.206055 -0.090583 -0.044748 -0.008933 -0.012524 -0.002015 -9999.000000 -9999.000000 -9999.000000 -9999.000000 -0.000222
0.000738 0.023065 0.044137 -0.024060 0.032912 0.027067 -0.003884 -0.000707 0.000877 0.013493 0.008893 0.012591 0.024459 0.021731 0.045069 0.001906 0.001270 0.000350 0.000103 0.000222 0.000469 0.000024 0.000000 0.000000 0.000000 0.000000 0.008493 0.005589 0.023833 0.009182 0.153550 -0.048051 0.009295 0.000024 0.000881 0.064576 0.008572 0.000693 0.002864 0.024021 0.067520 0.046298 0.032263 0.026401 0.004814 0.003158 0.075079 0.065211 -0.066998 -0.013289 -9999.000000 -9999.000000 -9999.000000 -9999.000000 -9999.000000 -9999.000000 -9999.000000 -9999.000000
0.000067 0.098874 0.470104 0.007850 0.019558 0.024500 0.001660 -0.000016 -0.000108 0.000000 0.007330 0.013256 0.001264 0.002453 0.014724 0.001163 -0.001208 -0.000327 -0.000103 -0.000222 -0.000237 -0.028902 -0.156539 -0.014943 -0.000796 -0.005558 0.000000 0.000000 0.000000 0.015198 0.027566 0.024624 0.015063 0.010473 0.000073 0.002237 0.003755 0.000068 0.000386 0.003055 0.022695 0.006993 0.033471 0.012902 0.021083 0.014130 0.019031 0.001080 0.000044 -9999.000000 -9999.000000 -9999.000000 -9999.000000 -9999.000000 -9999.000000 -9999.000000 -9999.000000 -9999.000000
-0.000464 0.037805 0.025645 0.000347 0.000065 0.000000 -0.000026 -0.000252 -0.001353 -0.015165 -0.002946 0.007948 0.000865 0.000064 0.000000 -0.000508 -0.001175 -0.053477 -0.003981 -0.003946 0.243073 0.411762 -0.261789 -0.235391 -0.002415 -0.039383 0.000482 -0.002073 -0.006212 0.039819 0.206028 0.034091 0.007453 0.032082 -0.074791 -0.000004 0.007807 -0.000294 -0.000392 0.000088 0.000353 0.000639 0.013122 0.002143 0.010554 0.007510 0.000760 -9999.000000 -9999.000000 -9999.000000 -9999.000000 -9999.000000 -9999.000000 -9999.000000 -9999.000000 -9999.000000 -9999.000000 -9999.000000
-0.008173 0.000222 0.000103 -0.000080 -0.000552 -0.005378 -0.099753 -0.006533 -0.013031 -0.077127 -0.001550 0.000396 -0.001174 -0.002393 -0.010056 -0.001332 -0.003373 -0.063903 -0.007262 -0.010063 0.012574 0.303473 0.063292 0.000360 0.000360 -0.017868 0.000222 -0.001113 -0.001504 0.024466 0.037630 0.048336 0.000253 0.033195 0.046938 -0.002558 0.012996 0.009611 -0.012777 -0.000263 0.000486 0.000766 0.000100 0.001735 0.000569 0.000394 -9999.000000 -9999.000000 -9999.000000 -9999.000000 -9999.000000 -9999.000000 -9999.000000 -9999.000000 -9999.000000 -9999.000000 -9999.000000 -9999.000000
-0.025379 -0.000222 -0.000103 -0.004592 -0.038768 -0.079519 -0.152168 -0.002988 -0.002838 0.000140 0.000095 -0.000693 -0.001517 -0.030663 -0.039103 -0.010334 -0.013360 -0.025524 -0.007316 -0.000555 0.004524 0.021158 0.002799 -0.000360 -0.000360 -0.016717 -0.000222 -0.000554 -0.003611 -0.009452 0.011172 0.024079 -0.021678 -0.020367 0.067422 0.007184 0.015476 0.012928 -0.054040 -0.001033 0.000194 0.000051 -0.000346 -0.000242 -0.000247 -0.000331 -9999.000000 -9999.000000 -9999.000000 -9999.000000 -9999.000000 -9999.000000 -9999.000000 -9999.000000 -9999.000000 -9999.000000 -9999.000000 -9999.000000
-0.000095 -0.003946 -0.008648 -0.001585 -0.104354 -0.323834 -0.042351 -0.001114 -0.000561 -0.000172 -0.000410 -0.015482 -0.009548 -0.124164 -0.012347 -0.011207 -0.014043 -0.017485 -0.004710 -0.000360 0.000222 0.000135 -0.000392 -0.014234 -0.028664 -0.038668 -0.030271 -0.024227 -0.011760 -0.017749 -0.007059 0.014529 0.024033 -0.015094 0.017039 0.001641 0.014316 0.013286 -0.005086 0.000194 -0.000494 -0.000445 -0.000304 -0.000591 -0.000554 -9999.000000 -9999.000000 -9999.000000 -9999.000000 -9999.000000 -9999.000000 -9999.000000 -9999.000000 -9999.000000 -9999.000000 -9999.000000 -9999.000000 -9999.000000
-0.077101 -0.162041 -0.172382 -0.086297 0.009514 -0.165358 0.075983 0.015159 -0.012337 -0.008681 -0.006531 -0.150907 -0.109151 -0.042716 -0.005457 -0.007198 -0.006748 -0.073331 -0.044761 -0.007403 -0.000222 -0.000104 -0.000364 -0.023810 -0.029397 0.134940 -0.981030 0.080705 -0.084681 -0.136287 -0.016039 -0.000450 0.050548 0.034262 0.052467 -0.001925 0.000001 0.000016 0.000192 0.000071 -0.000517 -0.000386 -0.000530 -0.001308 -0.006225 -9999.000000 -9999.000000 -9999.000000 -9999.000000 -9999.000000 -9999.000000 -9999.000000 -9999.000000 -9999.000000 -9999.000000 -9999.000000 -9999.000000 -9999.000000
0.047921 0.402534 -0.081514 -0.032705 0.097149 -0.027317 0.172733 0.074105 -0.075384 -0.044070 -0.066517 -0.084154 -0.064077 0.000056 -0.002227 -0.014773 -0.031038 -0.101850 -0.074723 -0.039767 -0.009563 -0.008709 -0.001428 -0.004095 0.106545 0.270952 -0.255053 0.207045 -0.099773 -0.567773 -0.018150 -0.016467 0.114237 0.081508 0.159250 0.150828 -0.012093 -0.015171 -0.000521 -0.002208 -0.026797 -0.011463 -0.019740 -0.010871 -0.012123 -9999.000000 -9999.000000 -9999.000000 -9999.000000 -9999.000000 -9999.000000 -9999.000000 -9999.000000 -9999.000000 -9999.000000 -9999.000000 -9999.000000 -9999.000000
0.101436 0.754133 -0.080132 -0.035129 0.198686 0.160136 0.369167 0.211434 0.400463 -0.116135 -0.025693 -0.055822 -0.050168 -0.000408 -0.001198 -0.015397 -0.064907 -0.177573 -0.414747 -0.332414 -0.024764 -0.018704 -0.002888 0.013526 0.009244 0.058984 0.141153 0.052379 0.156085 -0.169502 0.097327 -0.015288 0.007256 0.000549 0.188771 0.150332 0.098256 0.085528 -0.013709 -0.013326 -0.053317 -0.043929 -0.020187 -0.035622 -0.011155 -9999.000000 -9999.000000 -9999.000000 -9999.000000 -9999.000000 -9999.000000 -9999.000000 -9999.000000 -9999.000000 -9999.000000 -9999.000000 -9999.000000 -9999.000000
0.210291 0.301979 0.009096 0.017829 0.033325 0.047631 0.045364 0.006492 0.590416 0.221647 -0.080442 -0.027460 -0.035822 -0.001335 -0.001867 0.000932 0.130871 -0.074121 -0.239308 0.054077 -0.356214 -0.019843 -0.000761 0.000646 0.001829 0.044841 0.042593 0.014579 0.057063 -0.111295 0.144031 -0.040587 -0.000002 -0.000067 0.002017 0.138010 0.062350 0.192718 0.038966 -0.023568 -0.023436 -0.008437 -0.003728 -0.056172 -0.028832 0.000000 -9999.000000 -9999.000000 -9999.000000 -9999.000000 -9999.000000 -9999.000000 -9999.000000 -9999.000000 -9999.000000 -9999.000000 -9999.000000 -9999.000000
0.085615 0.112266 0.000040 0.000760 0.001445 0.013858 0.019076 0.004336 0.039764 0.580217 0.159143 0.029071 -0.011745 -0.001194 -0.001035 0.007338 0.035474 -0.043603 -0.127830 0.131611 -0.164868 -0.086619 -0.007718 -0.000091 0.002215 0.016946 0.024589 0.004004 0.017831 0.001078 0.154222 -0.691474 -0.000281 0.005213 0.004007 0.007926 0.008105 0.182004 0.084088 0.011644 -0.007418 -0.029914 -0.005891 -0.070417 -0.061170 -0.003663 -9999.000000 -9999.000000 -9999.000000 -9999.000000 -9999.000000 -9999.000000 -9999.000000 -9999.000000 -9999.000000 -9999.000000 -9999.000000 -9999.000000
0.180344 0.163375 0.120778 -0.000181 -0.000086 0.000232 0.009733 0.000798 0.007390 0.105076 0.189926 0.099802 0.049150 -0.001026 -0.001265 0.001474 0.013270 0.004573 0.063407 0.136432 -0.092591 0.005335 -0.024995 -0.000276 0.000069 0.001344 0.007045 0.006410 0.001133 0.005497 0.164782 -0.004453 -0.000933 0.010015 0.006019 0.011808 0.015208 0.020119 0.022237 0.034981 0.019222 -0.107703 -0.117443 -0.021800 -0.022585 -0.032837 0.000000 -9999.000000 -9999.000000 -9999.000000 -9999.000000 -9999.000000 -9999.000000 -9999.000000 -9999.000000 -9999.000000 -9999.000000 -9999.000000
0.009661 0.214415 0.141305 0.052777 0.007972 -0.000109 0.000016 0.000389 0.000550 0.009453 0.010600 0.172805 0.070604 0.006249 0.001253 0.000084 0.000222 0.008585 0.005997 0.117889 0.081512 0.036275 0.001319 -0.000163 -0.000148 0.000632 0.000372 0.000359 0.000053 0.007479 0.167117 0.001234 -0.000084 0.002996 0.005608 0.010228 0.012204 0.024931 0.026232 0.082207 0.094411 0.082001 -0.039843 -0.173796 0.100790 -0.005495 -0.003663 -9999.000000 -9999.000000 -9999.000000 -9999.000000 -9999.000000 -9999.000000 -9999.000000 -9999.000000 -9999.000000 -9999.000000 -9999.000000
0.000622 0.007606 0.131157 0.069414 0.045223 -0.008798 -0.008863 -0.000826 -0.000544 -0.000020 0.005527 0.007009 0.005729 0.004289 0.006305 0.000078 -0.000222 0.007475 0.009395 0.009753 0.008554 0.007878 0.003101 -0.000250 -0.000218 0.000457 0.000206 0.000030 -0.000091 0.023534 0.440406 0.003806 0.000440 0.000535 0.000011 0.009811 0.000000 0.022660 0.022578 0.006749 0.009794 0.007269 0.066984 -0.171220 0.091374 -0.002731 -0.006945 -9999.000000 -9999.000000 -9999.000000 -9999.000000 -9999.000000 -9999.000000 -9999.000000 -9999.000000 -9999.000000 -9999.000000 -9999.000000
