use_cases/Flooding_chicago/flooding_data/output/hUy_1320.asc
ncols 337
nrows 393
xllcorner 428428.000000
yllcorner 4602440.000000
cellsize 26.757400
NODATA_value -9999.000000
[rows 104 to 129 of 393, columns 116 to 173 of 337]
-9999.000000 -9999.000000 -9999.000000 -9999.000000 -9999.000000 -9999.000000 -9999.000000 -9999.000000 -9999.000000 -9999.000000 -9999.000000 -9999.000000 -9999.000000 -9999.000000 0.000000 0.000000 0.007987 0.004335 0.015074 0.001404 0.002569 0.268358 0.393343 0.028380 0.034831 0.007439 0.002699 0.014424 0.002353 0.016679 0.011857 -0.061049 0.063305 0.347353 0.024356 -0.507178 0.000308 0.000003 0.000208 0.000424 0.000269 0.000025 0.000001 0.000000 0.000000 0.000000 0.008731 0.034209 0.637486 0.199962 1.364256 -0.287555 -0.130237 0.025402 0.008785 0.009332 0.447178 0.293638
-9999.000000 -9999.000000 -9999.000000 -9999.000000 -9999.000000 -9999.000000 -9999.000000 -9999.000000 -9999.000000 -9999.000000 -9999.000000 -9999.000000 -9999.000000 -9999.000000 -9999.000000 -0.008006 0.000000 0.000000 0.000000 -0.000111 0.005185 0.026348 0.092736 0.026421 0.001875 0.006894 0.001071 0.000609 0.000478 0.060381 -0.111153 0.064880 0.041479 0.067392 -0.038890 -0.023831 -0.000138 -0.008851 -0.000326 -0.000007 -0.000305 -0.002781 -0.018529 -0.015312 -0.005934 0.040391 0.069623 0.161241 0.176911 0.510635 1.981225 0.454993 0.473078 0.003839 0.002473 0.001549 0.146986 0.167621
-9999.000000 -9999.000000 -9999.000000 -9999.000000 -9999.000000 -9999.000000 -9999.000000 -9999.000000 -9999.000000 -9999.000000 -9999.000000 -9999.000000 -9999.000000 -9999.000000 -0.001339 -0.013672 -0.007894 -0.013541 -0.004290 -0.001560 0.000836 0.001951 0.002017 0.000965 0.002273 0.000135 -0.002617 -0.000825 0.000089 0.010296 -0.051154 0.082407 0.119483 -0.035001 -0.066478 -0.027140 -0.005570 -0.022534 -0.004608 -0.000902 -0.000173 -0.001187 -0.024836 -0.067753 -0.063249 0.067253 0.077663 0.058990 0.074743 0.111816 0.266628 0.255298 0.300239 0.026745 0.006786 0.002532 0.165929 0.228009
-9999.000000 -9999.000000 -9999.000000 -9999.000000 -9999.000000 -9999.000000 -9999.000000 -9999.000000 -9999.000000 -9999.000000 -9999.000000 -9999.000000 -9999.000000 -0.000070 -0.000689 -0.024490 -0.019055 -0.067493 -0.040043 -0.005527 -0.003210 -0.001968 -0.000546 -0.000111 -0.000400 -0.000466 -0.044363 -0.000932 -0.000453 0.000066 0.098603 0.142667 0.000438 -0.053132 -0.055771 -0.034320 -0.062529 -0.025673 -0.011498 -0.001555 -0.000491 -0.001794 -0.001278 -0.008194 -0.015597 0.035376 0.027946 0.009636 0.012858 0.131586 0.105242 0.112959 0.204682 0.034408 0.025680 0.004228 0.065835 0.467640
-9999.000000 -9999.000000 -9999.000000 -9999.000000 -9999.000000 -9999.000000 -9999.000000 -9999.000000 -9999.000000 -9999.000000 -9999.000000 -9999.000000 0.000326 -0.022481 -0.001964 -0.006497 -0.061269 -0.027505 -0.016151 -0.005556 -0.045220 -0.002465 -0.002304 -0.001053 -0.000765 -0.000378 -0.112868 -0.007473 -0.001291 -0.000233 -0.000011 0.000015 -0.000097 -0.018618 -0.136733 -0.012435 -0.095325 -0.073714 -0.011608 -0.010994 -0.026804 -0.004728 -0.000124 0.000485 -0.021310 0.000000 0.000205 0.000107 0.002423 0.057258 0.196236 0.241608 0.023003 0.035910 0.022141 0.006674 0.053378 0.574959
-9999.000000 -9999.000000 -9999.000000 -9999.000000 -9999.000000 -9999.000000 -9999.000000 -9999.000000 -9999.000000 0.000421 0.001034 -0.000003 -0.000208 -0.021257 -0.001455 -0.002394 -0.024480 -0.016400 -0.010458 -0.003845 -0.020889 -0.075754 -0.006647 -0.022476 -0.014354 -0.036064 -0.045864 -0.037397 -0.017406 -0.052108 -0.050026 -0.000707 -0.007078 0.005021 -0.332240 -0.027757 -0.041857 -0.032137 -0.027826 -0.063544 -0.063569 -0.002772 -0.000844 0.000858 -0.013918 -0.026076 -0.001980 -0.000202 0.013915 0.081375 0.127197 0.094549 0.015584 0.030742 0.018617 0.037371 0.024900 1.407125
-9999.000000 -9999.000000 -9999.000000 -9999.000000 -9999.000000 -9999.000000 -9999.000000 -9999.000000 0.001049 -0.000424 -0.001201 -0.008203 -0.012744 -0.103157 -0.013160 -0.005777 -0.060339 -0.036023 -0.056335 -0.032453 -0.070451 -0.115893 -0.045829 -0.040837 -0.023138 -0.044642 -0.090295 -0.069531 -0.048785 -1.140256 -0.076216 0.546015 0.014440 0.097870 -0.257122 -0.228324 -0.016570 -0.017817 -0.007891 -0.063158 -0.135271 -0.015928 -0.008337 0.011954 0.717782 0.396271 0.158540 0.155769 0.058298 0.287183 0.010723 0.006779 0.004571 0.016509 0.010245 0.027593 0.023191 0.047993
-9999.000000 -9999.000000 -9999.000000 -9999.000000 0.000378 0.000352 0.000004 0.000119 -0.000576 -0.005358 -0.001070 -0.017280 -0.020274 -0.180817 -0.027811 -0.020989 -0.066159 -0.040970 -0.065945 -0.088309 -0.068344 -0.143655 -0.111689 -0.036093 -0.023449 0.008653 -0.230477 -0.108954 -0.285684 -0.998848 0.007802 0.848111 0.003946 0.007246 -0.174834 -0.149101 -0.133789 -0.005592 -0.016113 -0.085705 -0.215655 -0.092356 -0.009997 0.005906 0.009188 0.012943 0.004345 0.006675 0.015318 0.022308 0.001372 0.003021 0.000852 0.000129 0.000606 0.007904 0.016047 0.010946
-9999.000000 -9999.000000 0.001827 0.000600 -0.000246 -0.000160 -0.000246 -0.000303 -0.001380 -0.003355 -0.017259 -0.018649 -0.026452 -0.275875 -0.034084 -0.032079 -0.036084 -0.045776 -0.047612 -0.131496 -0.100071 -0.173151 -0.153982 -0.034259 -0.002838 0.000000 0.000000 -0.023038 -0.757444 -0.887423 -0.103996 0.687434 0.000222 0.000103 -0.057215 -0.225788 -0.341937 -0.007916 -0.019725 0.024890 -1.386452 -0.087367 -0.000419 0.000000 0.000000 0.000000 0.000000 0.000000 0.000000 0.000067 -0.000077 -0.002912 -0.001718 -0.000065 -0.000064 0.000000 0.000000 0.000000
0.000948 0.002218 0.005063 -0.003571 -0.022668 -0.010128 -0.000197 -0.008262 -0.011092 -0.016281 -0.043123 -0.032968 -0.020991 -0.123230 -0.155902 -0.035488 -0.021837 -0.045218 -0.063353 -0.145365 -0.096300 -0.371624 -0.311900 -0.034118 -0.010277 -0.004212 -0.007707 -0.047593 -0.103556 -0.535217 -0.175887 0.205935 -0.000222 -0.000103 -0.041805 -0.342121 -0.403369 -0.016724 -0.005076 0.010961 -0.290428 -0.214560 -0.004725 -0.007161 -0.005094 -0.003990 -0.018961 -0.028111 -0.005350 -0.000464 -0.009834 -0.033694 -0.046037 -0.009048 -0.021586 -0.008066 -0.008066 -0.012367
0.000000 -0.000384 -0.001882 -0.054260 -0.121072 -0.025751 -0.009001 -0.015780 -0.016051 -0.025811 -0.063972 -0.075237 -0.003991 -0.100713 -0.311201 -0.026405 -0.023010 -0.039814 -0.156048 -0.173339 -0.297337 -0.447901 -0.229495 -0.059184 -0.013937 -0.007710 -0.066659 -0.043808 -0.085582 -0.111428 -0.067276 -0.052092 -0.003946 -0.007246 -0.070391 -0.855767 -0.920821 -0.039357 -0.002174 0.000414 0.019705 -0.375032 -0.367861 -0.017395 -0.026476 -0.008280 -0.031216 -0.083126 -0.008845 -0.011104 -0.019155 -0.092987 -0.107050 -0.077640 -0.071678 -0.014572 -0.015703 -0.049145
-0.002259 -0.002689 -0.001836 -0.060462 -0.068252 -0.099569 -0.014994 -0.030849 -0.012645 -0.034553 -0.047622 -0.143365 -0.008345 -0.085347 -0.309175 -0.122572 -0.118934 -0.168956 -0.222015 -0.079544 -0.358987 -0.314058 -0.093356 -0.007283 -0.023408 -0.006645 -0.135618 -0.093474 -0.040547 -0.059152 -0.036882 -0.115535 -0.056555 -0.030458 -0.001371 -0.554754 -0.653956 -0.316511 -0.001181 -0.000533 -0.000019 -0.000000 -0.218331 -0.503118 -0.827546 -0.009305 -0.034582 -0.162389 -0.016668 -0.016595 -0.025584 -0.118893 -0.149593 0.158760 -0.090479 -0.414104 -0.746654 -0.289133
-0.001427 -0.042434 -0.001042 -0.055329 -0.055576 -0.044202 -0.386058 -0.029962 -0.015936 -0.027923 -0.121469 -0.156731 -0.102129 -0.084187 -0.363725 -0.260519 -0.260096 -0.072183 -0.122994 -0.048429 -0.344775 -0.334700 0.104622 0.000498 -0.005001 -0.046581 -0.059925 -0.048441 -0.120482 -0.102749 -0.056231 -0.195480 -0.120616 -0.058001 0.113989 -0.434919 -0.405947 -0.310134 -0.005552 -0.011607 -0.014471 -0.026245 -0.083901 -0.335257 -0.000325 -0.011233 -1.315931 0.103953 -0.800963 -0.042930 -0.038465 1.019895 0.762658 0.543317 0.052563 -0.563594 -0.504001 -0.298938
0.000340 -0.034938 -0.037733 -0.046003 -0.041872 -0.022634 -0.149512 -0.087423 -0.312034 -0.168121 -0.051250 -0.080162 -0.039587 -0.236298 -0.242283 -0.188796 -0.196190 -0.220012 -0.221058 -0.098631 -0.087350 -0.100194 -0.000074 -0.001324 0.000222 -0.009598 -0.042809 -0.106404 -0.213127 -0.143674 -0.068417 -0.384317 -0.192159 -0.017820 0.004026 -0.270579 -0.328613 -0.438191 -0.003800 -0.017880 -0.029209 -0.191319 -0.316231 -0.259591 -0.083327 -0.108810 -0.292338 0.475930 -0.104882 0.083619 0.300907 1.609714 0.876461 0.026850 0.011664 -0.477009 -1.401348 -0.579285
0.000222 0.000103 -0.028982 -0.043961 -0.035457 -0.013267 -0.070525 -0.016534 -0.182796 -0.147460 0.000222 -0.037402 -0.103027 -0.178071 -0.195445 -0.158766 -0.118934 -0.490156 -0.432156 -0.072465 -0.113835 -0.045490 -0.028290 -0.000636 -0.000222 -0.002308 -0.055387 -0.265618 -0.306067 -0.253798 -0.264811 -0.449005 -0.056872 -0.002620 0.009122 -0.126712 0.222072 -0.370481 -0.140517 -0.095444 0.006932 -1.199106 -1.070705 -0.300960 -0.397867 0.054195 0.244555 0.470709 0.291604 0.260338 0.662753 1.049975 0.000192 0.000000 0.000000 0.000043 -1.034690 -0.368950
-0.000222 -0.000103 -0.018301 -0.042337 -0.295532 -0.013139 -0.000846 -0.000060 -0.180305 -0.163789 -0.000222 -0.008885 -0.070853 -0.129669 -0.127696 -0.086900 -0.318246 -0.383160 -0.335208 -0.033120 -0.172030 -0.037014 -0.038085 -0.009128 -0.012134 -0.011015 -0.205092 -0.334940 -0.485376 -0.681732 -0.314657 -0.192339 0.034880 0.009253 0.017498 0.039453 0.020373 -0.313768 -0.133346 -0.034168 0.031867 -0.966418 -0.555178 -0.220789 -0.198003 -0.041070 0.167702 0.552914 0.486469 0.337734 0.573261 0.291817 -0.000835 -0.007005 -0.017393 -0.118183 -0.430640 -0.047531
-0.012187 -0.028878 -0.016902 -0.028975 -0.027377 -0.014067 -0.003241 -0.046832 -0.083599 -0.228398 -0.102821 -0.033160 -0.178194 -0.198742 -0.140791 -0.272850 -0.630893 -0.510994 -0.501708 -0.043370 -0.168844 -0.016906 -0.050469 -0.032595 -0.012276 -0.118708 -0.181313 -0.300314 -0.482253 -0.713459 0.102656 0.262244 0.163307 0.020643 0.021101 0.004236 0.002410 0.002633 -0.183901 -0.034954 -0.001766 -0.514017 -0.559184 -0.080438 -0.025056 -0.062320 -0.030112 0.303870 0.516005 0.289699 0.453659 0.187771 -0.005217 -0.021502 -0.736737 -0.155775 0.012173 0.106493
-0.029501 -0.146844 -0.090566 -0.073109 -0.013309 -0.008650 -0.004394 -0.076976 -0.080630 -0.206982 -0.742851 -0.288410 -0.424902 -0.300091 -0.156384 -0.813704 -1.071085 -0.986703 -0.973645 -0.025982 -0.086618 -0.064112 -0.167193 -0.214597 -0.045981 -0.346052 -0.122011 -0.174366 -0.419672 -0.762222 0.003810 0.041990 0.077879 0.034521 0.010258 0.009536 0.004461 0.007416 0.001548 -0.009868 0.000666 -0.331594 -0.480232 -0.028477 -0.027976 -0.210685 -0.234179 0.283002 0.416965 0.257575 0.371812 0.003191 -0.003582 -0.059745 -0.648903 -0.318144 0.334158 0.452013
-0.086153 -0.080600 -0.085662 -0.000332 -0.006003 -0.003678 -0.002303 -0.012415 -0.126264 -0.110495 -0.013498 -0.141055 -0.624056 -1.156739 -0.597035 -0.500136 -0.641150 -0.613928 -0.456999 -0.041314 -0.045649 -0.055289 -0.090344 -0.000507 -0.021354 -0.508348 -0.093260 -0.046541 -0.143516 -0.648376 0.001041 0.012603 0.023964 0.020325 0.023332 0.011832 0.006722 0.035916 0.005173 0.001915 0.011312 -0.054830 -0.270917 0.143465 -0.080841 -0.194133 -0.550258 0.234284 0.513954 0.174250 0.173056 -0.001349 -0.001776 0.064764 -0.253714 -0.828228 0.348607 0.492794
-0.030604 -0.344395 -0.039723 -0.012353 -0.002154 -0.002127 -0.001169 -0.018826 -0.061022 -0.061902 -0.013543 -0.001267 -0.288071 -1.469891 -0.537240 -0.532749 -0.547962 -0.615403 -0.246578 -0.027030 -0.068947 -0.039108 -0.063705 -0.006318 -0.035890 -0.935633 -0.114956 0.009890 -0.017383 -0.158799 0.000182 0.000933 0.001099 0.032611 0.053937 0.012274 0.008118 0.015926 0.035449 0.033648 0.084627 0.387554 0.079907 0.324955 -0.049785 -0.124207 -0.681332 0.159218 0.584792 0.099371 -0.108832 -0.317104 -0.001816 0.163963 0.420421 -1.244521 0.123829 1.216329
-0.057608 -0.316316 -0.257997 -0.008792 -0.005033 -0.002512 -0.001020 -0.007097 -0.081718 -0.175921 -0.080367 -0.001330 0.000332 -1.430331 -1.287672 -0.671192 -0.488139 -0.702061 -0.175680 -0.013184 -0.035607 -0.022063 -0.046048 -0.005212 -0.015512 -1.270575 -0.021539 0.000876 0.139054 0.091878 0.000961 0.000808 0.001577 0.033552 0.006519 0.002085 0.001122 0.000456 0.020798 0.068237 0.064970 0.093616 0.125793 1.289874 0.072931 0.060467 -0.283476 0.620659 0.846409 0.245558 0.031173 -0.145571 0.041861 0.144452 1.525890 -0.548408 0.191843 1.860739
-0.035616 -0.335273 -0.295540 -0.003808 -0.003562 -0.001526 -0.001507 -0.001676 -0.026016 -0.461241 -0.038534 -0.025632 -0.002366 -0.874727 -1.478095 -0.854269 -0.432665 -0.860487 0.000531 -0.000131 -0.001941 -0.018605 -0.046491 -0.155691 -0.311517 -0.949389 -0.007135 0.000630 0.002364 0.000907 0.000134 -0.000297 0.000134 0.001065 0.000000 0.000046 -0.000560 -0.000348 0.010047 0.065724 0.050288 0.056380 0.062215 0.089535 0.075350 0.030084 0.003562 0.384550 0.457992 0.055077 0.046129 0.075517 0.035872 0.344966 0.033649 0.099304 0.097794 0.013542
0.000218 -0.434287 -0.450313 -0.175614 -0.004156 -0.001609 -0.001314 -0.014124 -0.042653 -0.666742 -0.174688 -0.329993 -0.297472 -0.788681 -0.843470 -0.878618 0.000000 -0.904799 -0.000386 -0.026434 -0.002844 -0.009733 -0.318004 -0.581298 -0.472790 -0.473297 -0.002679 -0.000698 -0.000923 -0.000266 -0.000234 -0.000973 -0.001781 -0.001438 -0.010397 -0.001835 -0.005309 -0.006676 0.023246 0.023169 0.023892 0.014005 0.047960 0.044991 0.030324 0.005007 0.002364 0.402769 0.438219 0.001121 0.004001 0.032875 0.030123 0.041766 0.045222 0.026031 0.060324 0.000000
-0.045850 -0.319759 -0.389769 -0.276117 -0.004783 -0.001773 -0.011753 -0.046702 0.326419 -0.328231 -0.053175 -0.205571 -0.610228 -1.811340 -2.009108 -0.540379 -0.159261 -2.059300 0.086941 -0.792969 0.249820 -0.372343 -0.831975 -0.575013 -0.234020 -0.252364 -0.003506 -0.025695 -0.002523 -0.003080 -0.017821 -0.005240 -0.048480 -0.016477 -0.030576 -0.001032 -0.002163 -0.012728 0.017392 0.025328 0.040121 0.044538 0.030683 0.033105 0.001392 0.001621 0.001651 0.515525 0.529360 0.000881 0.003416 0.002059 0.025219 0.021000 0.011531 0.022553 0.052929 -0.012647
0.021155 -0.108248 -0.174932 -0.306677 -0.168887 -0.086299 -0.110969 -0.002522 0.347893 -0.173976 0.083097 -0.036088 -0.255936 -1.537851 -1.809246 -1.531811 -0.046542 -1.823100 0.446501 -0.274477 0.550397 -0.942707 -1.440739 -0.282454 0.000000 0.000000 -0.027516 -0.047997 -0.020702 -0.024349 -0.048779 -0.023188 -0.077716 -0.026932 -0.004695 -0.000645 0.000158 -0.024030 0.012571 0.019372 0.083793 0.013318 0.007956 0.008528 0.001930 0.001011 0.001073 0.234024 0.225276 -0.000004 0.003305 0.004543 0.002589 0.003289 0.002391 0.018193 0.033786 0.018195
-0.001201 -0.095475 -0.000471 -0.242238 -0.177828 -0.203859 -0.276118 0.045122 0.281246 -0.094253 0.037002 -0.009150 -0.272766 -1.475385 -1.732253 -1.189599 -0.023274 -1.322099 0.229993 -0.107083 0.360763 -0.622285 -0.878901 -0.111209 -0.000620 -0.003663 -0.061118 -0.077105 -0.062388 -0.087864 -0.126461 -0.071157 -0.077965 -0.031665 -0.008891 -0.008100 -0.000359 -0.031965 0.000729 0.001802 0.015071 0.006355 0.000588 0.000125 0.000316 0.000044 0.000992 0.211571 0.207164 0.145373 0.025741 0.049862 0.023485 0.023965 0.008300 0.006611 0.034455 0.039912
