use_cases/Flooding_chicago/flooding_data/output/hUy_2280.asc
ncols 337
nrows 393
xllcorner 428428.000000
yllcorner 4602440.000000
cellsize 26.757400
NODATA_value -9999.000000
[rows 182 to 207 of 393, columns 232 to 289 of 337]
0.023133 1.470749 -0.187609 0.015749 -1.036269 -2.632186 -4.077074 -0.236103 -0.012111 -0.009172 -0.002988 -0.000275 -0.000247 -0.000331 -0.000006 0.021794 0.774245 0.783368 -0.024947 -0.135414 0.609035 0.544877 0.244537 0.064526 -0.232694 -0.001415 -0.002799 1.565263 1.184095 1.097731 1.044001 1.208489 0.939241 0.451562 0.325017 0.281926 0.064680 -0.083696 -0.317112 0.779250 2.543187 3.805300 4.018105 3.691802 3.222478 3.074971 1.908274 2.588772 1.367632 -0.069348 0.212943 0.026461 -0.141761 0.027050 -0.044806 0.281087 -9999.000000 -9999.000000
0.009722 0.030462 0.070434 0.084934 0.057607 -1.590114 -6.068190 -1.847370 -0.126521 -0.067466 -0.044345 -0.008533 -0.000554 -0.006855 -0.009202 1.057454 1.604658 0.842525 0.006189 -0.147618 0.434820 0.273860 -0.020790 -0.206384 -0.307838 -0.157618 1.367171 1.677732 1.202117 0.966232 0.983358 1.023879 0.488887 0.145089 0.052377 -0.004258 -0.004730 0.021592 -0.365628 0.845903 2.436566 3.511837 3.983238 4.794719 3.663390 3.637485 2.339506 2.115235 0.734870 -0.268234 -0.014281 0.048526 0.240391 -0.107316 -0.400703 0.372093 -9999.000000 -9999.000000
0.001068 0.024699 0.017746 0.047284 0.016792 0.038882 -3.340689 -3.197319 -2.255951 -0.844634 -0.655704 -1.195974 -0.012515 -0.024557 0.102081 1.880722 1.728687 0.724008 0.198347 -0.062354 0.032668 0.129757 -0.079055 -0.189565 -0.405430 0.774591 1.781910 1.705989 1.124691 0.769813 1.151106 0.801696 -0.082187 -0.270549 -0.388848 -0.598343 -0.051119 -0.003962 0.019489 1.244859 2.597411 3.653378 4.598148 4.896831 4.039526 4.371818 0.346024 0.252961 0.318716 -0.171267 0.127389 0.053354 0.360501 -0.211399 -0.479973 0.565178 0.012523 -9999.000000
0.000755 0.005483 0.008679 0.019567 0.004386 0.016104 -0.051214 -2.540218 -1.916389 -1.124684 -0.552681 -1.292289 -0.447440 -0.377678 0.670520 1.669339 1.445639 0.528221 0.060750 -0.062504 -0.076578 -0.093800 -0.074422 -0.028325 1.404354 3.262671 2.432227 2.466544 0.743036 0.439664 0.438242 0.182863 -0.298116 -1.339569 -1.257856 -1.440720 -0.653347 -0.013232 0.022754 1.915080 3.217118 4.138803 5.175614 5.514424 4.422475 2.801786 0.001944 0.006913 0.080975 0.081302 0.006729 0.006818 0.080685 0.050706 0.080148 0.037568 0.005306 -9999.000000
0.000003 0.000222 0.000103 0.000473 0.003048 0.001666 0.000359 -0.607474 -0.706485 -0.679071 -0.284661 -0.829735 -0.423651 -0.362788 1.260282 1.376621 1.070344 0.016748 -0.831679 -0.165575 -0.147901 -0.090874 0.009331 0.494430 4.463416 5.087664 1.320364 1.583002 0.406734 0.245893 0.016451 -0.026943 -0.285855 -1.146285 -0.961255 -1.100318 -0.666353 0.085244 0.765078 1.881656 2.323263 3.343406 5.298189 4.355230 2.947456 2.505022 0.028319 0.000000 0.000860 0.001478 0.000000 0.000000 0.040341 0.000610 0.008881 0.001251 0.001213 0.000734
-0.007989 -0.000222 -0.000103 0.000877 0.004667 -0.000074 -0.000224 -0.211315 -0.353628 0.119077 0.186185 0.170076 0.018194 0.082879 0.890831 1.232869 0.525378 -0.432561 -1.366561 -0.839033 -0.199489 -0.106938 0.845683 2.468880 4.459905 1.520656 0.060750 0.061855 0.026605 0.254713 0.023150 -0.020961 0.102621 -0.820111 -0.518970 -0.548502 0.007817 0.766867 1.400075 1.501139 1.896280 3.020112 4.833120 3.903455 3.379354 2.042706 0.232877 0.035630 -0.128749 -0.020975 -0.013090 -0.021591 0.000510 -0.000083 0.000000 -0.000872 -0.000032 0.000800
0.010442 -0.008866 -0.002533 0.001491 0.030174 0.028709 0.004565 0.018094 -0.273180 0.383525 0.447569 0.234811 0.505869 0.745566 1.070461 1.170935 0.740135 -0.439597 -1.470569 -1.660375 -0.786758 0.996935 1.929509 2.977643 1.840821 0.001066 0.000326 0.007204 0.006479 0.008191 0.028332 0.000000 0.000000 -0.261109 0.358726 0.197479 0.833527 0.993100 1.093683 1.291497 1.580702 3.085819 4.744050 4.763500 2.920806 1.878039 0.286296 0.027605 -0.092051 0.138676 0.031226 -0.241070 0.003935 -0.014069 -0.003663 -0.053573 -0.001221 0.000977
0.410044 0.000955 0.000992 0.003183 0.015639 0.024109 0.043596 -0.033122 -0.196032 1.554585 1.402025 0.410678 0.723399 0.813112 0.513242 0.587811 1.469263 -0.070722 -1.164609 -1.242141 -0.486963 1.001938 1.390162 1.328587 1.158448 -0.115370 -0.000208 -0.000003 0.000160 0.000165 0.000004 0.072296 0.068497 0.359227 0.902900 1.315034 1.094694 0.905495 1.285564 1.398974 1.563594 2.116411 4.135805 3.396941 2.792680 1.024662 0.012758 0.158374 -0.080821 0.188343 0.173677 -0.078100 -0.040474 -0.209079 -0.033929 -0.283022 -0.000937 0.001371
0.014521 0.011258 0.003149 0.004089 0.001546 0.013957 0.016410 -0.192429 0.174673 1.844484 1.085854 0.248130 0.527709 0.711141 0.855236 0.891540 0.696392 0.627493 -0.632961 -1.141880 0.202864 0.778105 0.615314 0.720859 0.656550 -0.224242 -0.013545 -0.011040 -0.000792 -0.000049 0.073754 0.736010 0.520294 1.225763 1.493083 0.909982 0.803245 1.009436 1.512068 0.859866 0.888324 1.885304 2.342634 3.162659 2.995684 0.912137 0.015354 0.006608 0.020212 0.305611 0.258360 -0.018281 -0.156608 -0.212816 -0.099486 -0.123840 0.000276 0.001638
0.001022 0.000104 0.000222 0.000103 0.000108 0.000377 0.000198 0.164173 1.021741 2.144949 1.564352 -0.005889 0.483833 0.746815 1.138998 0.823761 1.493039 0.688443 -0.179668 -0.867155 0.023081 0.354745 0.174190 0.216952 0.160930 -0.250994 -0.148847 -0.260242 -0.000755 -0.000340 0.183467 1.031116 0.667934 1.402001 1.498060 1.093689 0.995487 1.056805 1.573897 0.778887 0.818715 1.804637 2.062164 2.812196 2.423228 1.004150 0.013690 0.002822 0.148253 0.308052 0.368058 -0.072017 -0.258343 -0.224361 -0.171178 0.000462 -0.000038 -0.000631
0.005016 -0.000133 -0.000222 -0.000103 -0.000559 -0.000648 -0.000232 0.838489 1.558415 1.886319 1.201331 0.185484 0.482381 0.979664 1.022885 0.595635 1.172574 0.022943 0.641025 -0.116482 0.329166 0.495412 -0.060802 -0.104923 -0.081792 -0.220161 -0.127540 -0.180156 -0.141197 -0.025230 1.051119 1.331288 0.935415 1.776112 1.257706 1.188282 0.897800 0.921541 1.184811 0.794310 0.839406 1.892784 1.873792 2.569532 2.107152 0.707494 0.014923 -0.036881 0.541180 0.360966 0.238560 -0.177696 -0.453015 -0.333685 -0.264172 -0.003001 -0.028955 -0.002028
0.011946 -0.054467 -0.006902 -0.019296 0.043041 0.592126 0.651803 1.438878 2.140716 0.958464 1.283084 0.976816 0.953965 0.955325 0.788860 0.040010 0.014262 0.004488 0.007735 0.002446 0.000326 0.009282 -0.034738 0.045540 0.006645 -0.243649 0.000000 -0.169167 -0.387539 0.320301 1.797179 1.926573 1.080071 1.196308 1.572145 1.080484 1.215312 1.084270 1.070729 1.387410 1.408356 1.807442 2.569654 2.245029 1.970234 0.315891 0.092392 0.125709 0.547282 0.425053 0.050068 -0.292677 -0.626094 -0.612525 -0.453029 -0.212501 -0.742530 -0.487055
0.445124 0.288459 0.570185 0.662629 0.650196 0.630239 0.981302 1.171028 1.386626 0.890502 1.458184 0.207687 0.190210 0.090492 0.065540 0.027248 0.000360 0.000360 0.000130 -0.006760 -0.000208 -0.000003 0.006667 0.003795 -0.000237 -0.180499 -0.105336 -0.056559 0.712023 0.898451 2.472591 2.153886 1.444685 1.060987 1.201731 1.459417 1.555360 1.255950 1.307163 1.766433 1.418717 1.693782 3.097825 2.229999 1.585016 0.152896 0.152336 0.187025 0.481415 0.269687 0.066934 -0.166465 -0.390648 -0.584236 -0.221415 -0.033423 -0.934958 -0.626463
1.348813 1.421424 1.129839 1.173286 1.046999 0.617077 0.624900 0.623659 0.362442 0.825734 0.568287 0.125365 0.093897 0.010619 0.018401 0.020484 -0.000360 -0.000360 -0.000130 -0.006747 -0.037961 -0.041752 0.004883 0.004305 -0.036076 0.081606 0.122059 0.975354 1.717151 1.197910 2.577068 1.387296 0.696412 0.929962 1.157912 1.167441 0.919187 1.398437 1.892432 1.806204 1.654075 1.946148 2.865890 1.218447 0.363759 0.275484 0.224886 0.209179 0.262654 0.018520 0.003984 0.372223 0.128172 -0.165372 0.080962 0.249444 0.270516 0.158616
2.490118 1.960731 1.161798 1.228730 0.669516 0.017893 0.015315 0.011727 0.013146 0.196952 0.205350 0.307175 0.023789 0.000000 0.000000 0.000285 -0.001199 -0.014173 -0.002002 0.047738 -0.289142 0.608424 0.204163 0.775389 1.165812 2.055388 1.563948 1.414294 1.462423 1.361557 1.766573 0.198329 0.151319 1.047499 1.201664 1.113897 0.897452 2.324440 2.175412 1.479910 1.763999 1.250179 1.278754 0.141695 0.304425 0.328100 0.280678 0.298387 0.002970 0.000208 0.000003 0.770273 0.670116 0.238500 0.371750 0.465431 0.626649 0.734045
2.419019 1.446712 0.704779 0.019822 0.008916 0.000391 0.000175 0.000068 0.000088 0.059203 0.077154 0.240052 0.019788 -0.000959 -0.003742 -0.000452 -0.001097 -0.030991 -0.004665 0.153743 1.156760 1.931658 0.813885 1.587443 1.393385 1.851053 1.183833 0.477101 0.306793 0.095258 0.029052 -0.045075 0.149715 2.162599 1.912297 1.555668 1.189623 2.160011 1.857133 1.329768 0.840213 1.034352 1.023110 0.138835 0.117963 0.345750 0.229402 0.138438 0.006915 -0.000326 -0.005982 1.740878 0.655725 0.646702 0.824633 0.631192 0.842605 0.682721
2.034507 0.683639 0.000544 0.000323 0.000418 -0.000121 -0.000142 -0.000065 -0.000086 0.120302 0.138745 0.085504 0.035330 0.000933 -0.003064 -0.015416 -0.039947 -0.011763 -0.030284 1.830132 1.784939 2.256838 1.842701 1.767669 1.211660 1.921663 0.636641 0.020945 0.002168 -0.033126 -0.021075 -0.137216 1.189112 2.835864 1.881606 1.694861 1.197948 1.833794 1.496216 0.901022 0.607550 0.829706 0.805934 0.143538 0.175931 0.529924 0.029553 0.001258 0.012068 0.006971 0.278386 1.732970 0.645199 1.042503 1.002012 0.577965 0.655394 0.395989
0.911003 0.176155 0.000042 -0.000405 -0.000586 -0.008838 -0.005341 -0.009941 -0.020734 0.372705 0.227814 0.088879 0.027310 -0.026924 -0.053244 -0.073897 0.201834 0.338246 0.752487 1.918335 1.056531 1.126216 0.533618 0.244605 1.349716 1.402528 0.759745 0.020412 0.011202 -0.049768 -0.055709 -0.217016 1.707005 3.423581 3.208813 2.205647 1.305611 1.539431 0.821869 0.543222 0.448771 0.612861 0.593621 0.347268 0.656213 0.144098 0.001532 0.002367 0.000665 0.018121 0.853901 1.948747 1.124722 1.182988 0.730603 0.445135 0.173392 -0.030959
0.623387 0.021335 -0.000957 -0.007010 -0.008057 -0.014782 -0.206898 -0.154376 0.271965 0.492247 0.114620 0.068263 0.000000 -0.015831 -0.112045 -0.023312 0.493278 0.605904 1.123882 0.716598 1.284131 1.416636 0.000360 0.000360 0.476230 1.961652 0.133751 0.027981 0.058644 0.017483 -0.004412 -0.086983 2.036131 4.725331 3.769953 2.219565 0.459533 0.576454 0.313982 0.309298 0.229003 0.747449 0.783649 0.397727 0.991355 0.165607 0.002977 0.002324 -0.000057 0.060951 1.525047 2.342510 1.231625 1.183054 0.323404 0.228932 -0.031455 -0.168469
0.679204 0.207866 0.145174 -0.166205 -0.014845 -0.003334 0.270408 0.124202 0.301054 0.293242 0.086218 0.102641 0.006532 0.004560 -0.019866 -0.002058 0.721850 0.922262 0.155512 1.283615 0.595953 0.841008 -0.000360 -0.000360 0.684720 1.153655 0.015383 0.010311 0.022321 0.034410 0.022316 0.159114 3.337148 4.928676 3.669650 2.306480 0.212232 0.344776 0.015234 0.157469 0.200808 0.383022 0.477243 0.359156 1.135596 0.876943 0.170731 0.148689 0.157497 1.214227 2.405195 2.850977 0.991083 0.915241 0.334188 0.012499 0.359773 -0.198435
0.019014 0.018340 0.025435 -0.079696 -0.133706 -0.030713 0.455678 0.118382 0.310029 0.318051 0.013073 0.007052 -0.013337 -0.000979 0.001413 0.002274 0.420228 0.415846 0.409684 1.586637 0.037492 0.936074 0.602843 0.559939 0.313304 0.883826 0.028596 0.014619 0.004997 0.003010 0.000204 0.127944 3.294338 3.674796 3.415527 0.607215 0.074818 0.026426 0.022723 0.068262 0.187722 0.175445 0.349434 0.331726 1.076303 1.296769 1.330672 0.702029 0.694226 1.291823 1.610791 1.628642 0.159607 0.101775 0.044230 0.031025 0.035782 0.006070
0.001130 0.007625 0.012741 0.005766 -0.058418 -0.005163 0.475652 0.134997 0.013266 0.023429 0.006420 0.000764 -0.023599 -0.041777 -0.004469 0.004278 0.628990 0.596849 2.310575 1.695909 0.700114 0.744104 0.624622 0.703892 0.320612 0.442128 -0.384885 -0.013365 -0.001672 -0.000930 0.052242 1.582804 3.891231 4.290872 1.727711 0.371580 0.142070 0.000707 0.127411 0.262868 0.275570 0.005260 0.008281 0.102575 0.822013 1.428750 1.282836 1.051847 1.014813 1.311996 1.309379 1.181641 0.131086 0.000000 0.055598 0.032972 0.000904 0.006653
-0.000994 0.000000 0.000065 0.000065 -0.017969 0.016470 0.094883 0.001085 0.000990 0.000992 0.000000 0.000025 -0.005002 -0.584047 0.068940 0.325930 0.699816 1.598290 2.229513 0.330066 0.534313 0.491024 0.554636 0.736028 0.003486 0.173045 -0.522630 -0.019298 -0.006287 0.230729 0.860654 1.727164 3.002032 2.356570 1.936027 0.619355 0.139293 0.001464 0.032153 0.021662 0.049478 0.009982 0.000765 0.000743 0.357573 1.594535 1.753745 1.420044 1.354675 1.395098 1.090092 0.897952 0.058005 -0.023185 0.016529 0.000347 0.000742 0.000347
-0.009921 -0.005378 -0.000556 -0.000124 -0.001996 -0.000402 0.000234 -0.000186 -0.001032 -0.001271 -0.011136 -0.000950 0.000369 0.011789 0.402008 1.137151 1.369449 1.500999 1.602068 0.001159 0.302316 0.555416 0.448708 0.427360 0.003203 -0.016898 -0.378718 -0.011272 -0.004097 0.119275 1.118909 2.033515 3.349322 1.055359 1.032329 1.043168 0.001025 0.001072 0.008996 0.001516 0.020704 0.001938 0.000440 0.000901 0.571696 0.624063 2.149406 1.651027 1.605240 1.549865 1.035894 0.184257 0.035159 -0.055678 -0.054329 -0.000439 -0.001073 -0.000439
-0.018074 -0.014383 -0.004645 -0.000679 0.000969 -0.044484 -0.000524 -0.001162 -0.021203 -0.017783 -0.028092 -0.010261 -0.000630 0.061029 0.907879 1.075813 1.582293 0.618177 1.049324 0.334505 0.425612 0.314275 0.585685 0.464472 0.160978 -0.031414 -0.199941 -0.143779 -0.111486 0.068163 0.492046 0.904488 3.153028 1.194640 1.167957 1.153334 0.001175 0.000069 0.000222 0.000374 0.000020 -0.000917 -0.000658 0.000543 0.690229 0.766808 2.505285 1.935138 1.808594 1.840435 0.001189 0.000944 0.000423 -0.062068 -0.057274 -0.056930 -0.042556 -0.008859
0.005572 -0.003710 -0.021105 -0.002231 -0.000127 -0.051123 -0.015438 -0.005022 -0.081996 -0.057886 -0.059602 -0.032712 -0.002319 0.189992 1.329885 1.327922 1.020798 0.504715 1.293224 0.416433 0.368706 0.341163 0.339533 0.328949 0.242869 0.199344 -0.071031 -0.147963 -0.162126 -0.078573 0.346860 0.701667 2.598190 1.924144 1.078457 1.113498 0.004131 -0.000268 -0.000222 -0.000423 -0.005962 -0.013677 0.337939 0.112396 1.186025 1.516213 2.398304 0.952413 2.134054 0.920767 0.000040 -0.000599 -0.000348 -0.024763 0.100449 -0.273973 -0.278641 -0.006975
