use_cases/Flooding_chicago/flooding_data/output/hUy_1140.asc
ncols 337
nrows 393
xllcorner 428428.000000
yllcorner 4602440.000000
cellsize 26.757400
NODATA_value -9999.000000
[rows 156 to 181 of 393, columns 232 to 289 of 337]
0.028327 0.000536 0.005633 -0.000413 -0.019781 -0.015645 -0.012612 -0.004792 0.000222 0.000164 -0.170248 -0.231838 -0.114540 -0.089456 -0.094902 0.000000 0.098088 0.144124 0.088529 0.053960 0.023796 0.156581 0.484091 0.234161 0.100020 -0.109655 -0.051411 0.004930 0.033442 0.001333 -0.002736 0.007968 0.078360 0.017259 0.007861 0.006604 0.009680 0.000388 0.001634 -0.492459 0.234467 0.001051 0.001278 0.000307 -0.000189 -9999.000000 -9999.000000 -9999.000000 -9999.000000 -9999.000000 -9999.000000 -9999.000000 -9999.000000 -9999.000000 -9999.000000 -9999.000000 -9999.000000 -9999.000000
0.119398 0.007749 0.000000 -0.005342 -0.009446 -0.071495 -0.054103 -0.001970 -0.000222 0.000118 -0.008042 -0.179647 -0.160655 -0.399988 -0.398597 0.047878 0.087181 0.147689 0.000638 0.000799 0.000392 0.000591 0.658085 0.196239 0.115225 -0.105595 -0.026456 0.000155 0.000380 0.000221 -0.001910 0.000604 0.000820 0.000846 0.000329 0.000000 0.000000 -0.004906 0.223770 -0.678378 0.151731 0.002027 0.002256 0.001657 0.001459 -9999.000000 -9999.000000 -9999.000000 -9999.000000 -9999.000000 -9999.000000 -9999.000000 -9999.000000 -9999.000000 -9999.000000 -9999.000000 -9999.000000 -9999.000000
0.058018 0.006400 -0.001240 -0.003435 -0.019416 -0.093228 -0.142346 -0.019523 -0.001357 0.000325 0.010430 -0.028487 -0.021075 -0.221456 -0.496703 0.072437 0.000360 -0.000017 -0.000446 -0.000714 -0.000366 0.000003 0.714777 0.116440 0.076440 -0.055712 0.002110 -0.000248 0.000004 -0.000016 -0.000869 -0.000334 -0.000915 -0.001002 -0.000955 -0.018867 -0.010252 -0.196948 0.404958 -0.720852 0.003840 0.001924 0.006056 0.000681 0.000681 -9999.000000 -9999.000000 -9999.000000 -9999.000000 -9999.000000 -9999.000000 -9999.000000 -9999.000000 -9999.000000 -9999.000000 -9999.000000 -9999.000000 -9999.000000
0.016426 -0.000030 -0.001053 -0.011999 -0.058222 -0.030979 -0.284568 -0.007165 -0.001113 -0.001023 0.000210 0.001272 -0.000170 -0.267687 -0.282589 0.000163 -0.000553 -0.026928 -0.026975 -0.031325 -0.025188 -0.002634 0.839847 0.154597 0.262035 0.220799 0.048168 -0.000497 -0.000380 -0.000240 -0.000827 -0.000655 -0.016696 -0.010377 -0.027033 -0.238532 -0.256279 -0.070549 0.375829 -0.548827 0.209983 0.000655 0.000874 0.000000 0.000000 -9999.000000 -9999.000000 -9999.000000 -9999.000000 -9999.000000 -9999.000000 -9999.000000 -9999.000000 -9999.000000 -9999.000000 -9999.000000 -9999.000000 -9999.000000
-0.000426 -0.010300 -0.007786 -0.028610 -0.054678 -0.252837 -0.954973 -0.219574 -0.008953 -0.001242 -0.000516 -0.000254 -0.020145 -0.157468 -0.942433 -0.000356 -0.012478 -0.369187 -0.395089 0.062159 0.016487 0.220854 0.169546 0.171705 0.106858 0.069525 0.021211 -0.058463 0.000048 -0.000490 -0.001441 -0.006351 -0.065057 -0.038558 -0.140198 -0.074093 -0.126138 -0.111693 0.391467 -0.303196 0.010134 0.001278 0.000729 -0.000681 -0.000681 -0.000071 -9999.000000 -9999.000000 -9999.000000 -9999.000000 -9999.000000 -9999.000000 -9999.000000 -9999.000000 -9999.000000 -9999.000000 -9999.000000 -9999.000000
-0.013376 -0.018128 -0.026019 -0.719663 -0.103647 0.211356 -0.538564 0.489426 -0.697861 -0.009975 -0.013352 -0.001463 -0.010714 -0.183774 -0.674007 -0.350961 -0.501655 0.184208 0.056487 0.209661 0.113316 0.256025 0.000541 0.145125 0.006771 -0.011416 -0.021469 -0.014787 0.000911 -0.000266 -0.001779 -0.054948 0.057199 -0.003689 0.077969 -0.069560 -0.127819 -0.187329 0.000484 0.000419 0.000278 -0.000137 -0.002660 -0.009341 -0.006617 -0.003097 -9999.000000 -9999.000000 -9999.000000 -9999.000000 -9999.000000 -9999.000000 -9999.000000 -9999.000000 -9999.000000 -9999.000000 -9999.000000 -9999.000000
-0.046202 -0.049459 -1.343657 -0.067799 0.283459 0.286337 -0.250938 0.584209 -0.154440 -0.027387 -0.050323 -0.000931 0.164770 0.447657 -0.437650 -0.196662 -0.368524 0.300519 0.062255 0.229917 0.001237 0.000069 -0.000104 -0.000004 0.026932 0.007751 -0.016635 -0.057759 0.000735 0.002751 0.009884 0.044807 0.007513 0.000619 0.020816 0.003616 -0.146112 -0.272028 0.000447 -0.000103 -0.000581 -0.001857 -0.002388 -0.052614 -0.007662 -0.003190 -9999.000000 -9999.000000 -9999.000000 -9999.000000 -9999.000000 -9999.000000 -9999.000000 -9999.000000 -9999.000000 -9999.000000 -9999.000000 -9999.000000
-0.315235 -0.440885 -1.015827 0.105058 0.421684 0.363521 -0.073650 0.660710 0.019668 0.019805 0.118328 -0.011854 0.150370 0.418866 -0.205157 -0.148045 -0.268488 0.177072 0.023974 0.000762 -0.000389 0.033893 0.346000 0.045088 -0.052445 -0.091502 -0.096033 -0.037871 0.000001 0.000066 0.001755 0.016031 0.001168 0.000442 0.000308 0.009399 -0.150315 -0.411101 -0.001092 -0.002121 -0.021518 -0.007233 -0.001090 -0.017779 -0.004220 -0.004512 -9999.000000 -9999.000000 -9999.000000 -9999.000000 -9999.000000 -9999.000000 -9999.000000 -9999.000000 -9999.000000 -9999.000000 -9999.000000 -9999.000000
-0.252983 -0.385335 -0.713303 0.138499 0.422506 0.311489 -0.074170 0.799232 0.197043 0.110111 0.245496 0.023018 0.119675 0.414445 -0.004890 -0.014064 -0.186093 0.132953 0.060615 0.000370 -0.000630 0.057134 0.580552 0.016338 -0.172937 -0.214963 -0.173153 0.006754 0.000602 0.001034 0.000626 0.000717 0.000661 -0.000448 -0.000726 0.000036 0.000562 -0.433618 -0.291954 -0.101219 0.767342 -0.003265 0.000151 -0.007681 0.000903 0.003370 -9999.000000 -9999.000000 -9999.000000 -9999.000000 -9999.000000 -9999.000000 -9999.000000 -9999.000000 -9999.000000 -9999.000000 -9999.000000 -9999.000000
-0.440790 -0.458705 -0.608180 0.213243 0.442486 0.160555 -0.011692 0.571177 0.573725 0.033091 0.298614 0.096466 0.141188 0.224110 0.138419 0.136874 -0.009331 0.193675 -0.000588 -0.000888 -0.000833 0.154606 0.677258 0.116877 -0.097824 -0.100148 -0.167644 0.007367 0.016277 0.019647 0.000622 0.000174 -0.000911 -0.000799 -0.020722 -0.000500 0.000370 -0.328317 -0.545163 -0.643046 0.042454 0.000553 0.003022 -0.000382 0.003579 0.002794 0.026052 -9999.000000 -9999.000000 -9999.000000 -9999.000000 -9999.000000 -9999.000000 -9999.000000 -9999.000000 -9999.000000 -9999.000000 -9999.000000
-0.399388 -0.274807 -0.049887 0.427172 0.511456 0.229864 0.192445 0.541687 0.057067 0.083557 0.051028 0.032413 0.018288 0.378329 0.381010 0.136010 0.060637 0.223428 0.163893 0.062998 0.052858 0.006869 0.010516 0.351864 0.275832 0.329806 0.018464 -0.004765 0.005947 0.006769 0.000220 -0.000919 -0.000916 -0.000620 -0.017797 -0.020039 0.000000 0.000875 -0.213260 -0.546703 0.000143 0.000392 0.000796 0.000630 0.003138 0.002663 0.020021 -9999.000000 -9999.000000 -9999.000000 -9999.000000 -9999.000000 -9999.000000 -9999.000000 -9999.000000 -9999.000000 -9999.000000 -9999.000000
-0.034199 0.192868 0.648437 0.797615 0.781956 0.398366 0.458128 0.568254 0.124844 0.143530 0.082310 0.076091 0.056195 0.058428 0.026886 0.295362 0.135372 0.230851 0.216294 0.131974 0.000588 0.000405 0.000586 0.015382 0.003906 0.015950 0.148292 0.040566 0.000068 -0.000009 -0.000462 -0.022330 -0.015100 -0.001830 -0.100718 -0.012387 -0.004584 0.000789 -0.003014 -0.674587 -0.000141 -0.000366 -0.000717 -0.000437 -0.000016 0.000148 0.000405 -9999.000000 -9999.000000 -9999.000000 -9999.000000 -9999.000000 -9999.000000 -9999.000000 -9999.000000 -9999.000000 -9999.000000 -9999.000000
0.091019 0.146525 0.149510 0.168864 0.158525 0.212636 0.219266 0.255517 0.209180 0.212380 0.094335 0.012511 0.032778 0.032411 0.012895 0.035375 0.002507 0.189743 0.285927 0.230467 -0.000050 -0.000323 -0.000418 0.000121 0.005677 0.003781 0.042566 0.000565 -0.000520 -0.005785 -0.026428 -0.047487 -0.034759 -0.001043 -0.095754 -0.061757 -0.003709 -0.002823 -0.001913 -0.566038 -0.009057 -0.020208 -0.027458 -0.027253 -0.006791 -0.000371 -0.000544 -9999.000000 -9999.000000 -9999.000000 -9999.000000 -9999.000000 -9999.000000 -9999.000000 -9999.000000 -9999.000000 -9999.000000 -9999.000000
0.012091 0.059332 0.105883 0.098838 0.043635 0.260297 0.244084 0.303643 0.209729 0.256733 0.006489 0.005494 0.017221 0.016414 0.003180 0.001004 -0.000217 0.115003 0.326951 0.263225 -0.002937 -0.029244 -0.008342 -0.000391 0.002419 0.004082 0.002663 0.000302 -0.009260 -0.192509 -0.568423 -0.210872 -0.008534 -0.009865 -0.065244 -0.051400 -0.001843 -0.002029 -0.015862 -0.548162 -0.323552 -0.028174 -0.046501 -0.055907 -0.018602 -0.009756 -0.008559 -0.000874 -9999.000000 -9999.000000 -9999.000000 -9999.000000 -9999.000000 -9999.000000 -9999.000000 -9999.000000 -9999.000000 -9999.000000
0.000208 0.000106 0.193809 0.164726 0.079103 0.249690 0.201241 0.724912 0.211209 0.391490 0.034852 0.021462 0.001670 0.001262 0.003982 0.000752 -0.145738 0.055807 0.354040 0.224566 0.052400 0.075668 -0.003896 -0.011859 -0.000092 0.000258 -0.000856 -0.001425 -0.098542 -0.064851 -0.199752 -0.107184 -0.012264 -0.017137 -0.122643 -0.121594 -0.047311 -0.020145 -0.113703 -0.381283 -2.188400 -0.907301 -0.204498 -0.218628 -0.022826 -0.021327 -0.010202 0.006057 -9999.000000 -9999.000000 -9999.000000 -9999.000000 -9999.000000 -9999.000000 -9999.000000 -9999.000000 -9999.000000 -9999.000000
-0.000326 -0.000120 0.716549 0.186472 0.101002 0.230522 0.481386 0.770947 0.023778 0.029370 0.083038 0.014067 0.003630 0.001799 0.024935 0.001917 -0.011951 -0.122703 0.382171 0.181701 0.119128 0.245946 -0.104704 -0.045734 0.000000 -0.001751 -0.002195 0.008997 -0.008125 -0.008135 -0.184698 -0.124405 -0.166544 -0.087494 -0.180777 -0.261245 -0.325586 -0.280367 -0.266167 -1.032623 -1.619380 0.398501 0.508551 0.306615 -0.148425 -0.029435 -0.007465 0.030397 0.018785 -9999.000000 -9999.000000 -9999.000000 -9999.000000 -9999.000000 -9999.000000 -9999.000000 -9999.000000 -9999.000000
-0.004403 -0.015629 0.931931 0.238433 0.140922 0.283738 0.711601 0.058013 0.007832 0.006542 0.055534 0.004342 0.006344 0.001774 0.012375 0.001115 0.071821 0.193919 1.435228 0.361139 0.024507 0.433496 -0.075500 0.060487 0.003242 0.000379 0.044088 0.015498 -0.004834 0.116514 -0.095579 -0.126394 0.000000 -0.024222 -0.145647 -0.440807 0.304065 0.121071 -0.305612 -0.812738 -1.400745 0.764165 0.767551 0.507219 0.112258 -0.008967 -0.029253 0.007016 0.008521 0.011975 -9999.000000 -9999.000000 -9999.000000 -9999.000000 -9999.000000 -9999.000000 -9999.000000 -9999.000000
-0.075090 0.339042 0.615059 0.318451 0.219906 0.206219 0.142762 0.004585 0.000000 0.000027 0.000780 0.004563 0.004778 0.000222 0.000005 0.004658 0.036172 0.159152 0.133259 0.089238 0.017626 0.098888 0.029531 0.027375 0.002940 0.002011 0.012537 0.000003 0.000208 0.000005 -0.074256 -0.095405 -0.047467 -0.011525 0.021916 -0.309132 0.325230 0.171442 -0.257454 -0.778251 -0.943873 0.512822 0.642558 0.285937 0.073571 -0.062649 -0.003115 0.000120 0.000326 0.007574 -9999.000000 -9999.000000 -9999.000000 -9999.000000 -9999.000000 -9999.000000 -9999.000000 -9999.000000
-0.020410 0.454799 0.707671 0.121301 0.049250 0.018197 0.014787 -0.000596 -0.014964 -0.000402 -0.002204 -0.003650 -0.002229 -0.000222 0.000135 0.013498 0.033369 0.034827 0.026925 0.020171 0.015626 0.020296 0.019210 0.004841 0.005082 0.003576 0.011757 -0.031038 -0.000326 -0.000098 -0.099181 -0.175879 -0.090474 0.086302 0.121334 0.241854 0.406381 0.038028 -0.166762 -0.496202 -0.484338 0.432975 0.400707 0.117904 0.011453 -0.019390 -0.066736 -0.000106 -0.000208 -0.000003 -0.000000 0.000180 -9999.000000 -9999.000000 -9999.000000 -9999.000000 -9999.000000 -9999.000000
0.162095 0.480089 0.220486 0.275436 0.000639 0.009547 0.000639 -0.031698 -0.920045 0.319304 -0.032902 -0.003771 -0.003651 0.000188 -0.000132 0.017005 0.040928 0.001773 0.001435 0.031991 0.020848 0.000609 0.000412 0.001483 0.001954 0.003627 0.000881 -0.100455 -0.004012 0.000347 0.012404 -0.061662 0.038212 0.104548 0.102666 0.095669 0.219167 0.109698 -0.023008 -0.297552 -0.170697 0.307656 0.366680 0.054856 -0.047595 -0.056943 0.414814 -0.000824 -0.006364 -0.006034 -0.007320 -0.000458 -9999.000000 -9999.000000 -9999.000000 -9999.000000 -9999.000000 -9999.000000
0.000396 0.000580 0.345575 0.355245 -0.000086 0.000000 -0.000086 -0.285972 -0.612032 0.544525 -0.128497 -0.000744 0.000050 0.000751 -0.000462 0.004534 0.000634 0.002329 0.001986 0.028360 0.000673 -0.000412 -0.000317 -0.004697 -0.004442 0.000222 0.000076 -0.033464 -0.057827 -0.005609 0.107249 -0.003451 0.065646 0.139879 0.000628 0.019138 0.009785 0.024849 0.079480 -0.083536 0.236597 0.487095 0.342300 0.029230 -0.072972 -0.053583 0.345550 -0.001902 -0.021557 -0.019413 -0.151524 0.162563 0.011760 -9999.000000 -9999.000000 -9999.000000 -9999.000000 -9999.000000
-0.000329 -0.000263 0.619603 0.644450 -0.447254 -0.017714 -0.018569 -0.297770 -0.433953 0.466227 -0.023190 0.001196 0.001102 0.001125 -0.000214 -0.017872 -0.000388 -0.000763 0.000360 0.000360 -0.000056 -0.005954 -0.194330 -0.103714 -0.001610 -0.000222 0.000083 -0.014002 -0.021786 -0.004761 0.120589 0.001254 0.125297 0.087530 0.000313 0.000806 0.000616 0.011517 0.007850 -0.024199 0.675863 0.869865 0.432217 0.106096 -0.058565 -0.072206 0.131602 0.187316 -0.552840 0.294464 0.150499 0.140051 -0.311838 -0.006117 -9999.000000 -9999.000000 -9999.000000 -9999.000000
-0.062645 -0.114441 0.515278 0.690344 -0.447822 -0.377110 -0.172962 -0.306916 0.008766 0.588509 0.130214 0.000987 0.001504 0.001056 -0.000370 -0.018140 -0.047778 -0.000706 -0.000360 -0.000360 -0.076236 -0.795020 0.286388 0.020602 0.002104 0.001886 0.000478 -0.004904 -0.037558 -0.028017 0.089684 -0.027990 0.126270 0.065768 -0.000592 -0.000786 -0.000442 0.000102 0.003452 0.014189 1.135309 1.488228 0.715636 0.154624 -0.031612 -0.163241 0.088648 0.356929 0.208604 0.825639 0.238752 0.104731 -0.192354 -0.090871 0.043282 -9999.000000 -9999.000000 -9999.000000
0.026790 -0.440328 0.510762 0.458805 -0.518661 -0.421168 -0.149559 -0.207732 0.036118 0.054892 0.048771 0.001492 0.002478 0.001431 -0.011338 -0.117361 -0.281609 -0.001463 -0.006698 -0.006698 0.107926 -0.466945 0.422708 -0.000632 0.002407 0.003104 0.000088 -0.026366 -0.037575 -0.006991 0.243539 -0.002604 0.084245 0.043015 -0.133793 -0.114150 -0.135458 -0.000410 0.014644 0.026797 2.134665 1.390169 0.579177 0.164682 -0.002857 -0.134228 0.101248 0.543617 0.692545 1.271689 0.194189 0.066806 0.069781 0.020955 0.015701 -9999.000000 -9999.000000 -9999.000000
0.272459 -0.233339 0.363638 0.222066 -0.729559 -0.634022 -0.238741 0.000782 0.011967 0.005686 0.004159 0.000916 0.003439 0.001882 -0.004690 -0.332628 -0.133214 -0.002410 -0.019762 -0.022222 0.206015 -0.483012 0.369030 0.083284 0.000616 0.000340 -0.000134 0.000237 -0.044946 0.019855 0.234848 0.047455 0.024425 0.031667 -0.125142 0.021150 -0.096849 0.006850 0.017176 0.002506 2.540704 1.851003 0.038677 0.037229 0.017234 0.003152 0.000133 0.755083 1.025599 0.624892 0.000477 0.001369 0.000477 0.020220 0.028261 0.000000 -9999.000000 -9999.000000
0.625756 -0.069721 0.488891 0.159162 -0.942702 -1.297915 -0.256200 -0.000100 0.000000 0.000388 -0.000074 0.000010 0.000569 0.000393 0.005482 0.030680 -0.074055 -0.106299 -0.004596 -0.005211 0.217192 -0.189113 0.267680 0.200486 -0.000224 -0.000000 -0.000213 -0.000249 -0.000018 0.092252 0.198829 0.050492 0.025998 0.027348 -0.139078 0.009225 -0.082248 -0.006862 0.000000 0.173671 2.561657 1.194785 0.108481 0.091298 0.152579 0.001790 0.335745 1.611100 0.869588 0.330608 -0.000295 0.000367 -0.000295 0.010866 0.042820 -9999.000000 -9999.000000 -9999.000000
