use_cases/Flooding_chicago/flooding_data/output/hUy_360.asc
ncols 337
nrows 393
xllcorner 428428.000000
yllcorner 4602440.000000
cellsize 26.757400
NODATA_value -9999.000000
[rows 130 to 155 of 393, columns 116 to 173 of 337]
-0.007998 -0.012003 0.001022 0.001099 0.015931 -0.052885 -0.051338 -0.186148 -0.136010 -0.171772 -0.206886 -0.041742 -0.161848 -0.129108 -0.912750 -0.311412 -0.057819 -0.089580 -0.263423 -0.234779 0.000009 0.000132 0.000172 0.000219 -0.001621 -0.042883 -0.107544 -0.102817 -0.022428 -0.043830 -0.067083 0.000222 -0.021265 -0.137193 -0.026519 -0.023885 -0.015558 -0.011948 -0.000240 -0.000150 0.000000 0.000000 -0.000069 -0.000066 0.000047 0.000146 0.003162 0.238678 0.233660 0.031324 0.016929 0.027937 0.036745 0.025823 0.030516 0.026455 0.025526 0.033730
-0.034389 -0.002989 0.000662 0.001514 0.009761 -0.032052 -0.214969 -0.112268 -0.473012 -0.113488 -0.126726 -0.034411 -0.100839 -0.100955 -0.130214 -0.251222 -0.040777 -0.065359 -0.558997 -0.094953 -0.005525 -0.000132 -0.000150 -0.000467 -0.001037 -0.007637 -0.270994 -0.039292 -0.083066 -0.021831 -0.036412 -0.000222 -0.005105 -0.031780 -0.454688 -0.036081 -0.047091 -0.013767 -0.014122 -0.001443 -0.010881 -0.009050 -0.015672 -0.006182 -0.000443 0.000124 0.007555 0.112633 0.108008 0.037148 0.016290 0.018836 0.031351 0.017935 0.029769 0.012587 0.013969 0.001977
-0.011792 -0.000473 0.000066 0.000872 0.000420 -0.003657 -0.075286 0.593761 -0.268595 -0.049813 0.001064 -0.011987 -0.067222 -0.075523 -0.086106 -0.075645 0.000393 0.000569 -0.434497 -0.071338 0.103791 -0.013909 -0.013564 -0.004672 -0.004896 -0.042054 -0.391791 -0.115371 -0.251460 -0.028508 -0.018730 -0.006412 -0.002960 -0.150887 -0.216480 -0.211483 -0.052281 -0.031981 -0.026814 -0.009448 -0.017086 -0.020063 -0.036572 -0.023543 -0.041511 0.000000 0.002824 0.030272 0.065375 0.033071 0.000605 0.007410 0.014215 0.009480 0.016527 0.000347 0.000008 -0.000173
0.018670 -0.000471 -0.000821 -0.001600 -0.000486 0.000442 0.001143 0.086865 0.001443 0.001216 0.000994 0.000385 -0.026895 -0.159527 -0.253065 -0.025664 -0.000331 -0.000247 -0.397178 -0.049436 0.070898 -0.063666 -0.033627 -0.006551 -0.055080 -0.126497 -0.216077 -0.040571 -0.222344 -0.009286 -0.006201 -0.017031 -0.005089 0.001033 -0.179335 -0.141741 -0.298790 -0.039423 -0.029925 -0.015956 -0.018227 -0.026821 -0.037911 -0.041595 -0.097770 -0.027486 -0.000329 0.002677 0.025003 0.011019 0.000294 0.000093 0.000091 0.000000 0.000000 -0.000178 -0.005152 -0.021789
0.126964 -0.000167 -0.001029 -0.001482 -0.008358 -0.000347 0.003496 0.001984 0.000075 -0.000736 -0.001156 -0.000448 0.000167 -0.057358 -0.323587 0.096592 -0.006854 -0.000554 -0.012146 0.036482 0.081664 -0.421555 -0.005232 -0.003188 -0.009902 0.061973 -0.039542 -0.035588 -0.122565 0.005467 -0.002625 -0.003532 -0.004667 -0.000676 -0.000042 -0.000002 -0.218835 -0.182848 -0.032674 -0.017869 -0.019125 -0.048480 -0.010731 -0.049606 -0.135613 -0.099400 -0.010406 -0.000201 0.000102 0.000098 -0.000002 -0.000144 -0.000852 -0.011188 -0.008591 -0.010178 -0.016173 -0.044499
0.017566 -0.000723 -0.010161 -0.015455 -0.021594 -0.000957 0.006002 -0.000617 -0.001489 -0.071738 -0.053366 -0.030653 -0.002172 0.051485 -0.042634 0.129588 0.063472 0.012916 0.047817 0.104569 0.084311 0.025743 0.000454 -0.001189 0.000000 0.000000 -0.033278 -0.029734 0.078327 0.062690 -0.000933 0.000000 -0.003828 -0.001837 -0.022491 -0.009924 -0.330279 -0.247881 -0.032056 -0.021649 -0.035261 -0.044735 -0.021352 -0.053943 -0.179990 -0.155762 -0.033155 -0.000688 -0.000224 -0.001324 -0.013553 -0.009762 -0.008292 -0.023369 -0.016089 -0.022106 -0.026321 -0.027811
0.000000 -0.000674 -0.010329 -0.032918 -0.022572 -0.005070 0.003146 0.001122 0.006450 -0.063535 0.059112 -0.106565 -0.040483 0.049951 0.037427 0.025279 0.014719 0.018035 0.014801 0.015067 0.160584 0.052075 0.010566 -0.002130 -0.023241 -0.035089 -0.021710 -0.013729 0.001820 0.013270 0.000174 -0.006221 -0.022691 -0.011941 -0.060656 0.021099 -0.787577 -0.082475 -0.005177 -0.006099 -0.012933 -0.013951 -0.039962 -0.027877 -0.269257 -0.245414 -0.017429 -0.000738 -0.009146 -0.006060 -0.071893 -0.018567 -0.025213 -0.015883 -0.020873 -0.024678 -0.021263 -0.028968
-0.018311 -0.002002 -0.001418 -0.058882 -0.004297 -0.000456 0.008988 0.036188 0.019380 0.119475 0.204196 0.000437 0.001033 0.001759 0.091581 0.026959 0.005245 0.000300 0.008797 0.009067 0.062624 0.041989 0.053290 0.000222 -0.091210 -0.089083 -0.006445 0.000270 0.000197 -0.000009 -0.000431 -0.017789 -0.021961 0.090723 -0.206866 -0.024945 -0.398826 -0.019812 -0.002261 -0.003539 -0.006893 -0.005184 -0.008647 -0.003110 -0.326299 -0.327959 -0.001955 -0.018867 -0.019641 -0.008884 -0.112806 -0.029953 -0.020594 -0.036064 -0.026386 -0.031748 -0.032925 -0.039837
-0.082098 -0.014988 -0.004230 0.000992 -0.003369 -0.008720 0.022227 0.086396 0.034377 0.126984 0.161808 -0.000337 -0.000441 0.002605 0.008456 0.024160 0.001424 0.014406 0.000848 0.001313 0.010520 0.100542 0.008885 0.001679 -0.009226 0.024061 -0.001308 -0.000598 -0.001799 -0.006664 -0.036926 -0.039585 0.000227 0.083645 -0.041472 -0.085007 -0.216172 -0.002437 -0.000413 -0.001484 -0.028580 -0.024232 -0.005543 -0.001268 -0.197582 -0.207769 -0.128113 -0.025560 -0.037015 -0.027370 -0.096090 -0.061753 -0.015656 -0.059736 -0.054440 -0.020093 -0.030663 -0.069126
-0.021271 -0.011210 -0.010861 -0.000548 0.002355 0.019312 0.037920 0.167639 0.043454 0.014608 0.003277 -0.036946 0.056139 0.000844 0.000687 0.000407 0.001503 0.016916 0.000157 0.000926 0.001232 0.032240 0.001195 0.003646 0.003038 0.014572 -0.000365 -0.016514 -0.056615 0.121009 -0.090273 0.000790 0.021232 0.222105 0.240882 -0.006232 -0.050048 0.004000 0.004295 -0.010600 -0.111487 -0.202410 -0.025266 -0.004262 -0.086322 -0.306610 -0.592392 -0.029553 -0.049588 -0.031598 -0.063438 -0.062686 -0.072280 -0.083845 -0.079756 -0.012857 -0.023496 -0.000623
0.000002 -0.003398 -0.008293 -0.002943 0.034069 0.062228 0.054609 0.060936 0.030070 0.000296 -0.001399 -0.038739 0.079066 0.000982 0.000271 -0.000311 0.001972 0.000658 -0.000741 -0.001242 -0.000312 0.000273 -0.000112 0.003359 0.007341 0.020529 -0.000846 -0.008956 -0.221686 0.200825 0.129000 0.040463 0.066297 0.098971 0.013879 0.038862 0.344409 0.018527 0.019214 0.021997 0.006542 -0.005815 -0.006590 -0.047289 -0.064295 -0.463023 -0.205357 0.090607 -0.054707 -0.030710 -0.045555 -0.060908 -0.112820 -0.161241 -0.536910 -0.699108 -0.005079 0.201290
-0.007584 -0.009252 -0.017751 -0.000127 0.054111 0.030283 0.013587 0.004252 0.003016 -0.002126 0.069123 -0.034654 0.138679 0.001226 0.000331 0.000178 -0.058429 -0.002690 -0.019235 -0.010019 -0.001336 -0.001004 -0.046350 0.004014 0.015421 0.013467 0.223236 0.147658 0.085877 1.293048 0.063574 0.042401 0.071003 0.053765 0.013458 0.017387 0.093895 0.012494 0.021858 0.016568 0.146773 0.198093 0.011636 0.001447 0.191052 -0.467394 0.253102 0.278531 0.169632 -0.054618 -0.033921 0.062053 0.041863 0.022587 -0.623388 0.079747 0.000517 0.034474
-0.014288 -0.033164 0.458822 0.020662 0.237169 0.015741 0.002894 0.000717 0.003076 0.017937 0.148393 -0.033653 0.015011 0.000988 0.000530 0.000976 0.151187 0.075628 0.031868 -0.097521 0.021263 -0.090583 -0.039338 0.009599 0.042207 0.046989 0.060520 0.083309 0.515724 0.098373 0.029668 0.046612 0.070394 0.022964 0.013214 0.006652 0.052201 0.012288 0.009545 0.012842 0.022589 0.038925 0.023256 0.063707 0.339813 -0.292199 0.569051 0.126201 0.167890 0.068045 0.019799 0.006943 0.001554 0.000840 -0.171357 0.229244 0.003398 0.007819
0.060201 0.114717 0.359966 0.046830 0.106562 -0.002298 -0.009229 -0.004055 -0.000198 0.008504 0.019982 0.003401 -0.000004 -0.000078 -0.000401 0.003303 0.476174 0.330445 0.100256 0.020776 0.084984 0.062453 0.035230 0.033694 0.030933 0.047013 0.070916 0.104088 0.090018 0.086293 0.006205 0.044841 0.056387 0.010498 0.000600 0.001969 0.003099 0.001736 0.000080 0.000544 0.004738 0.032605 0.012739 0.021533 0.058887 0.062081 0.085438 0.176792 0.072537 0.034183 0.008308 0.001249 0.000928 0.001323 0.000033 0.082958 0.005236 0.012356
0.071629 0.011509 0.028197 0.007802 0.003502 -0.008875 -0.022951 -0.075763 -0.000917 -0.000014 -0.000000 -0.003300 -0.028398 -0.001019 -0.000850 0.009991 0.073340 0.023632 0.050051 0.045308 0.005342 0.095638 0.010380 0.012366 0.029025 0.023989 0.053006 0.072209 0.059086 0.036650 0.021577 0.020123 0.025307 0.001126 -0.000285 0.000107 0.003486 0.001573 -0.000510 0.000287 0.000408 0.019289 0.002063 0.000748 0.000754 0.009106 0.017330 0.279216 0.001161 0.000693 0.000554 0.000818 0.000683 0.014079 0.019960 0.064680 0.008873 0.015469
0.010658 0.000332 0.000522 0.003624 0.002182 -0.002436 -0.006725 -0.189568 -0.007597 -0.009913 -0.006777 0.219391 -0.091098 -0.018510 -0.031201 0.001671 0.023895 0.012070 0.022342 0.017105 0.000323 0.000021 0.000489 0.000326 0.013001 0.003109 0.021507 0.021872 0.129852 0.102741 0.010312 0.001724 0.001607 -0.000144 -0.008444 -0.001232 0.002922 0.001750 -0.000897 -0.000293 -0.000470 -0.000040 -0.000284 0.000218 0.002687 0.014827 0.037765 0.302137 0.005790 0.001075 0.000247 0.000331 0.000693 0.005479 0.008032 0.199402 0.018161 0.019651
0.000000 -0.000020 0.000609 0.001130 -0.000140 -0.001000 0.025249 -0.084032 -0.077982 -0.083269 0.190863 0.244618 0.073400 -0.019739 -0.147231 -0.000079 0.000143 0.000351 0.000622 0.000175 -0.001581 -0.015692 -0.000201 -0.000208 -0.000003 0.001046 0.000690 0.009855 0.078981 0.083422 0.000680 0.000847 -0.001754 -0.003962 -0.007553 -0.021890 0.000360 0.000360 -0.001102 -0.000409 -0.018123 -0.011722 -0.024118 -0.003429 0.008895 0.012492 0.093397 0.134924 0.019204 0.003423 -0.000569 -0.000393 0.000173 0.000341 0.001307 0.049126 0.027434 0.021279
-0.008618 -0.000275 -0.000962 -0.000578 -0.001021 -0.000556 0.072439 0.046026 0.040477 0.035080 0.506056 0.477311 0.360766 0.120691 0.324322 0.043590 -0.000188 -0.000415 -0.000901 -0.000911 -0.128322 -0.066067 0.163120 -0.014043 -0.021222 -0.001043 0.000657 0.001995 0.055323 0.038430 -0.000399 -0.002147 -0.002230 -0.017384 -0.044142 -0.076629 -0.000360 -0.000360 -0.000467 -0.000418 -0.044002 -0.033324 -0.151139 -0.002746 0.001562 0.041876 0.031465 0.032269 0.017488 0.011693 -0.003060 -0.020933 -0.002820 -0.000659 0.003471 0.000842 0.004053 0.001808
0.177442 -0.056744 -0.002388 -0.001997 -0.001250 -0.000436 0.136015 0.160936 0.118157 0.138597 0.208675 0.143532 0.089627 0.084398 0.140796 0.108062 0.001601 0.004416 0.016922 -0.059177 -0.103326 0.025596 0.261756 -0.034770 -0.042598 -0.010442 -0.000263 0.002529 0.017221 0.002900 -0.000971 -0.001690 -0.001870 -0.028755 -0.095023 -0.112891 -0.012421 -0.015493 -0.009157 -0.000866 -0.037070 -0.163224 -0.109172 -0.001283 0.001175 0.013484 0.006066 0.004775 0.024278 0.009334 -0.000086 -0.076824 -0.053668 -0.042648 0.000122 -0.000479 0.001149 -0.000089
0.364567 0.052787 0.505532 -0.001012 -0.012576 -0.006761 0.189520 0.248791 0.154863 0.019952 0.029177 0.025967 0.010249 0.092939 0.008476 0.015654 0.000497 0.000378 0.039577 -0.057726 0.002355 0.007078 0.360011 -0.154781 -0.013534 -0.027928 -0.006685 0.000488 0.000774 -0.001033 -0.016607 -0.014076 -0.002618 -0.021447 -0.089051 -0.148732 -0.074806 -0.024680 -0.021709 -0.011934 -0.000460 -0.073861 -0.122934 -0.099692 -0.000017 0.000222 0.007065 0.007342 0.006653 0.000222 0.000103 -0.016206 -0.634095 -0.145358 0.003291 -0.009011 -0.003339 -0.001398
0.107575 0.030311 0.013174 -0.009150 0.058223 0.078726 0.640962 0.292260 0.005816 0.010655 0.007444 0.004446 0.017622 0.022557 0.012925 0.000373 -0.000262 -0.000141 0.000010 0.000221 0.003411 0.000000 0.055826 0.039121 0.008999 -0.057788 -0.014300 0.000048 0.001263 -0.000930 -0.038399 -0.043571 -0.024946 -0.005495 -0.023806 -0.114793 -0.168222 -0.123830 -0.022882 -0.024400 -0.001402 0.000465 -0.585333 -0.065239 0.000097 -0.000222 -0.001084 0.000941 0.001216 -0.000222 -0.000103 -0.006728 -0.031845 0.085350 0.033491 -0.002140 -0.008798 -0.029623
0.036155 0.000000 0.000000 0.116504 0.146788 0.119387 0.093143 0.108630 0.014067 0.020914 0.010055 0.006511 0.002473 0.025179 -0.000028 -0.000729 -0.001621 -0.056762 -0.012193 -0.027287 0.000974 0.003259 0.000000 0.033428 0.016489 0.001037 0.000322 0.000182 0.000340 0.035840 -0.020666 -0.107910 -0.092313 -0.007823 -0.032147 -0.054782 -0.235265 -0.450005 -0.029023 -0.030192 -0.005062 0.000207 -0.174450 -0.085843 -0.000984 -0.004558 -0.006998 -0.005744 -0.005332 -0.011320 -0.010115 -0.006878 -0.013082 0.007322 0.005094 -0.000404 -0.003054 -0.062089
0.000000 -0.005237 -0.007266 0.277076 0.008370 0.008260 0.027881 0.055666 0.042097 0.051061 0.002450 0.001369 0.001517 0.000093 0.015917 -0.050515 -0.029772 -0.216147 0.183317 -0.059215 -0.001768 -0.003177 -0.009465 0.010363 0.003643 0.001880 0.000630 0.000245 -0.000000 0.006525 -0.001041 -0.078780 -0.170735 -0.065458 -0.057117 -0.020969 -0.013017 -0.168436 -0.058016 -0.008684 -0.005079 -0.001364 -0.133215 -0.084355 -0.001612 -0.004326 -0.006005 -0.006497 -0.004367 -0.026551 -0.075298 -0.045320 -0.002720 0.000000 0.000000 0.000073 -0.000467 -0.007660
-0.023199 -0.022202 0.251612 0.294343 0.000790 0.000910 0.000728 0.023323 0.015928 0.014995 0.004126 0.001404 -0.000090 0.025606 0.026010 0.015964 -0.498102 -0.135424 0.186579 -0.007474 -0.008357 -0.008540 -0.014704 0.001626 0.002400 0.000614 0.002144 0.000111 -0.000340 0.000332 0.010588 -0.012884 -0.263919 -0.235156 -0.012162 0.000222 -0.053323 0.016337 -0.842142 -0.003452 -0.004395 -0.001604 -0.052829 -0.131988 -0.105843 -0.070243 -0.015664 -0.003348 -0.002256 -0.029818 -0.260216 -0.177796 -0.006894 -0.007783 -0.004212 -0.000144 0.001768 0.018860
0.093099 0.039570 0.180363 0.086180 0.000281 -0.000788 -0.000496 0.000062 0.000360 0.000360 0.001546 -0.000071 -0.000493 0.070923 0.039335 0.095675 -0.007215 -0.005263 0.003245 -0.004643 -0.006191 -0.006453 -0.013629 -0.000740 0.001269 0.001748 0.021142 -0.000202 -0.001266 0.000365 0.007824 -0.001535 -0.193509 -0.196551 -0.002458 -0.000222 0.001695 0.028404 0.005659 -0.007511 -0.001879 -0.010917 -0.030163 -0.092554 -0.888983 -0.932913 -0.055397 -0.006417 -0.001505 -0.021899 -0.138434 -0.118197 -0.012066 -0.018092 -0.007710 0.032606 0.025582 0.117982
0.150520 0.002948 0.008986 0.000610 -0.000153 -0.088964 0.183285 0.006465 -0.000360 -0.000360 -0.002234 -0.001247 -0.000729 0.151657 0.049920 0.009134 -0.002500 -0.006320 -0.006272 -0.012696 -0.008761 -0.059740 -0.009001 -0.005211 0.014917 0.015943 0.008289 -0.000607 -0.001145 -0.000362 -0.000008 0.000097 -0.113411 -0.153666 -0.083451 -0.066264 -0.000563 0.000000 0.010429 -0.004519 -0.001546 -0.050028 -0.091745 -0.029292 -0.526211 -0.476881 0.120405 -0.021330 -0.001375 -0.001818 -0.141572 -0.134332 -0.000806 -0.002886 -0.010602 0.009843 0.009244 0.024843
