use_cases/Flooding_chicago/flooding_data/output/hUy_2760.asc
ncols 337
nrows 393
xllcorner 428428.000000
yllcorner 4602440.000000
cellsize 26.757400
NODATA_value -9999.000000
[rows 104 to 129 of 393, columns 116 to 173 of 337]
-9999.000000 -9999.000000 -9999.000000 -9999.000000 -9999.000000 -9999.000000 -9999.000000 -9999.000000 -9999.000000 -9999.000000 -9999.000000 -9999.000000 -9999.000000 -9999.000000 0.000000 0.000000 0.007987 0.004335 0.015074 0.001404 0.002569 0.268361 0.393343 0.028380 0.034832 0.007438 0.002699 0.014424 0.002350 0.021518 0.053842 -0.091999 0.046634 0.334656 0.052076 -0.479587 0.000321 0.000003 0.000208 0.000424 0.000268 0.000025 0.000001 0.000000 0.000000 0.000000 0.008731 0.550371 0.332024 0.492787 0.411758 -0.120905 -0.253184 0.298265 0.023347 0.013300 0.469946 0.664355
-9999.000000 -9999.000000 -9999.000000 -9999.000000 -9999.000000 -9999.000000 -9999.000000 -9999.000000 -9999.000000 -9999.000000 -9999.000000 -9999.000000 -9999.000000 -9999.000000 -9999.000000 -0.008006 0.000000 0.000000 0.000000 -0.000111 0.005185 0.026347 0.092738 0.026421 0.001875 0.006894 0.001071 0.000609 0.000478 0.068754 -0.055941 0.034805 0.031577 0.062545 -0.037051 -0.034489 -0.000138 -0.008851 -0.000326 -0.000007 -0.000305 -0.002781 -0.018529 -0.015312 -0.005934 0.040390 0.069622 1.045900 0.488888 0.584166 0.312060 -0.051220 0.108257 0.012869 0.002513 0.001629 0.375599 0.558464
-9999.000000 -9999.000000 -9999.000000 -9999.000000 -9999.000000 -9999.000000 -9999.000000 -9999.000000 -9999.000000 -9999.000000 -9999.000000 -9999.000000 -9999.000000 -9999.000000 -0.001339 -0.013672 -0.007894 -0.013541 -0.004290 -0.001560 0.000836 0.001951 0.002017 0.000965 0.002272 0.000135 -0.002617 -0.000825 0.000089 0.010406 -0.020469 0.070118 0.120177 -0.047150 -0.081495 -0.039114 -0.005541 -0.022522 -0.004608 -0.000902 -0.000173 -0.001188 -0.024833 -0.067754 -0.063250 0.067246 0.077663 0.058990 0.081006 0.123630 0.401390 0.347587 0.814099 0.053904 0.006901 0.002828 0.272361 0.609250
-9999.000000 -9999.000000 -9999.000000 -9999.000000 -9999.000000 -9999.000000 -9999.000000 -9999.000000 -9999.000000 -9999.000000 -9999.000000 -9999.000000 -9999.000000 -0.000070 -0.000689 -0.024490 -0.019055 -0.067493 -0.040043 -0.005527 -0.003210 -0.001968 -0.000546 -0.000111 -0.000400 -0.000466 -0.044363 -0.000932 -0.000453 0.000066 0.108291 0.143893 0.000438 -0.067816 -0.070525 -0.045382 -0.070835 -0.025671 -0.011498 -0.001555 -0.000491 -0.001794 -0.001278 -0.008193 -0.015597 0.035376 0.027946 0.009634 0.012858 0.131584 0.105242 0.112959 0.216546 0.034546 0.025991 0.005038 0.030823 0.923781
-9999.000000 -9999.000000 -9999.000000 -9999.000000 -9999.000000 -9999.000000 -9999.000000 -9999.000000 -9999.000000 -9999.000000 -9999.000000 -9999.000000 0.000326 -0.022480 -0.001964 -0.006497 -0.061269 -0.027505 -0.016151 -0.005555 -0.045220 -0.002465 -0.002304 -0.001053 -0.000765 -0.000378 -0.112867 -0.007473 -0.001291 -0.000233 -0.000011 0.000015 -0.000097 -0.025276 -0.166205 -0.016526 -0.106386 -0.079280 -0.011608 -0.010993 -0.026786 -0.004726 -0.000124 0.000485 -0.021309 0.000000 0.000205 0.000107 0.002422 0.057257 0.196230 0.241607 0.023003 0.035910 0.022142 0.007640 -0.040573 0.970157
-9999.000000 -9999.000000 -9999.000000 -9999.000000 -9999.000000 -9999.000000 -9999.000000 -9999.000000 -9999.000000 0.000421 0.001034 -0.000003 -0.000208 -0.021257 -0.001455 -0.002394 -0.024480 -0.016400 -0.010457 -0.003846 -0.020889 -0.075755 -0.006647 -0.022476 -0.014354 -0.036064 -0.045865 -0.037397 -0.017406 -0.052073 -0.049960 -0.000706 -0.007078 -0.040450 -0.367560 -0.031724 -0.048158 -0.035513 -0.029529 -0.065648 -0.064291 -0.002771 -0.000844 0.000858 -0.013917 -0.026076 -0.001980 -0.000202 0.013915 0.081373 0.127197 0.094549 0.015585 0.030743 0.018617 0.039992 0.056243 0.590505
-9999.000000 -9999.000000 -9999.000000 -9999.000000 -9999.000000 -9999.000000 -9999.000000 -9999.000000 0.001049 -0.000424 -0.001201 -0.008203 -0.012743 -0.103157 -0.013160 -0.005777 -0.060339 -0.036023 -0.056335 -0.032453 -0.070451 -0.115893 -0.045829 -0.040837 -0.023137 -0.044642 -0.090294 -0.069531 -0.048785 -1.135925 -0.078342 0.542753 0.014676 0.033613 -0.295953 -0.262020 -0.019173 -0.019863 -0.008590 -0.065700 -0.137780 -0.015927 -0.008337 0.011954 0.717784 0.396271 0.158540 0.155771 0.058299 0.287174 0.010723 0.006779 0.004571 0.016509 0.010245 0.027594 0.023190 0.051664
-9999.000000 -9999.000000 -9999.000000 -9999.000000 0.000378 0.000352 0.000004 0.000119 -0.000576 -0.005358 -0.001070 -0.017280 -0.020274 -0.180818 -0.027812 -0.020989 -0.066160 -0.040971 -0.065945 -0.088308 -0.068345 -0.143656 -0.111689 -0.036093 -0.023449 0.008653 -0.230476 -0.108961 -0.288207 -0.991643 0.005864 0.840840 0.003946 0.007246 -0.215113 -0.183069 -0.155594 -0.006229 -0.017087 -0.088369 -0.220121 -0.093795 -0.009997 0.005906 0.009188 0.012943 0.004345 0.006675 0.015318 0.022309 0.001372 0.003021 0.000852 0.000129 0.000606 0.007903 0.016047 0.010929
-9999.000000 -9999.000000 0.001831 0.000600 -0.000246 -0.000160 -0.000246 -0.000303 -0.001380 -0.003355 -0.017259 -0.018649 -0.026453 -0.275876 -0.034084 -0.032078 -0.036084 -0.045775 -0.047611 -0.131495 -0.100071 -0.173150 -0.153987 -0.034259 -0.002838 0.000000 0.000000 -0.023045 -0.762414 -0.881436 -0.104898 0.678814 0.000222 0.000103 -0.075753 -0.269673 -0.399108 -0.008306 -0.020568 0.024792 -1.394304 -0.089606 -0.000419 0.000000 0.000000 0.000000 0.000000 0.000000 0.000000 0.000067 -0.000077 -0.002912 -0.001718 -0.000065 -0.000064 0.000000 0.000000 0.000000
0.000948 0.002218 0.005501 -0.003571 -0.022668 -0.010128 -0.000197 -0.008262 -0.011092 -0.016281 -0.043122 -0.032970 -0.020991 -0.123229 -0.155903 -0.035487 -0.021837 -0.045218 -0.063353 -0.145364 -0.096301 -0.371818 -0.312063 -0.034118 -0.010277 -0.004212 -0.007697 -0.048620 -0.105917 -0.533939 -0.177023 0.201213 -0.000222 -0.000103 -0.051688 -0.403348 -0.473109 -0.017134 -0.005338 0.011099 -0.306468 -0.220661 -0.004725 -0.007161 -0.005094 -0.003990 -0.018961 -0.028111 -0.005350 -0.000464 -0.009829 -0.033694 -0.046037 -0.009047 -0.021587 -0.008066 -0.008066 -0.012367
0.000000 -0.000385 -0.001878 -0.054248 -0.121064 -0.025751 -0.009001 -0.015780 -0.016051 -0.025811 -0.063972 -0.075238 -0.003991 -0.100714 -0.311204 -0.026405 -0.023011 -0.039815 -0.156134 -0.173427 -0.297539 -0.448014 -0.229532 -0.059214 -0.013937 -0.007710 -0.067647 -0.044785 -0.087553 -0.112926 -0.068684 -0.053372 -0.003946 -0.007246 -0.083151 -0.945960 -1.049262 -0.040622 -0.002260 0.000408 0.019988 -0.383491 -0.377023 -0.017395 -0.026476 -0.008280 -0.031219 -0.082767 -0.008811 -0.011114 -0.019108 -0.324332 -0.329605 -0.608378 -0.671925 -0.015437 -0.017481 -1.611667
-0.002260 -0.002689 -0.001834 -0.060456 -0.068249 -0.099568 -0.014994 -0.030847 -0.012645 -0.034553 -0.047621 -0.143365 -0.008345 -0.085346 -0.309177 -0.122598 -0.119034 -0.169102 -0.222153 -0.079603 -0.359318 -0.314168 -0.093287 -0.007271 -0.023501 -0.006645 -0.138057 -0.095746 -0.041599 -0.060272 -0.037754 -0.117576 -0.057560 -0.030855 -0.045249 -0.600718 -0.776118 -0.356768 -0.001206 -0.000538 -0.000019 -0.000000 -0.224635 -0.510942 -0.837381 -0.009305 -0.034583 -0.837775 -0.022354 -0.017537 -0.032960 0.512411 0.278905 0.084005 -0.309530 -0.513736 -0.332895 -1.301164
-0.001427 -0.042435 -0.001042 -0.055326 -0.055573 -0.044201 -0.386057 -0.029961 -0.015935 -0.027923 -0.121465 -0.156731 -0.102130 -0.084195 -0.366181 -0.262151 -0.261172 -0.072272 -0.123106 -0.048498 -0.345185 -0.334897 0.104685 0.000490 -0.005052 -0.047249 -0.061407 -0.049729 -0.122805 -0.104681 -0.057373 -0.198673 -0.122100 -0.057650 0.093614 -0.467402 -0.516071 -0.358553 -0.005858 -0.011851 -0.014634 -0.026678 -0.086649 -0.342063 -0.000327 -0.011273 -1.234301 -0.026961 0.384408 -0.774783 -0.414670 1.223608 0.637255 0.286664 -0.123920 -0.864609 -0.262901 -1.038825
0.000340 -0.034937 -0.037733 -0.046001 -0.041871 -0.022633 -0.149511 -0.087426 -0.312041 -0.168129 -0.051246 -0.080161 -0.039587 -0.238683 -0.245477 -0.192113 -0.201397 -0.245532 -0.249105 -0.098763 -0.087495 -0.100325 -0.000076 -0.001352 0.000222 -0.009833 -0.043807 -0.108513 -0.217133 -0.146483 -0.069787 -0.470378 -0.208197 -0.017679 0.004052 -0.297733 -0.474385 -0.524300 -0.004077 -0.018314 -0.030497 -0.776761 -0.447656 -0.282670 -0.110441 -1.161419 -0.588647 0.290732 0.704604 -0.180642 0.321605 1.765316 0.732872 0.422473 0.093890 -0.559491 -0.336725 -1.077720
0.000222 0.000103 -0.028981 -0.043960 -0.035455 -0.013266 -0.070523 -0.016533 -0.182804 -0.147469 0.000222 -0.037406 -0.104591 -0.181185 -0.199720 -0.164722 -0.132795 -0.666267 -0.514291 -0.072658 -0.114011 -0.045563 -0.028336 -0.000641 -0.000222 -0.002366 -0.056342 -0.320155 -0.370545 -0.321980 -0.326556 -0.470034 -0.063316 -0.002513 0.009218 -0.143720 0.086340 -0.468893 -0.183071 -0.108183 -1.038472 -1.152376 0.027040 -0.960707 -0.558249 -0.428293 -0.065798 0.482816 1.044998 0.101278 0.719444 1.280940 0.000359 0.000000 0.000103 0.069325 0.118454 -0.824838
-0.000222 -0.000103 -0.018301 -0.042336 -0.295532 -0.013139 -0.000846 -0.000060 -0.180306 -0.163792 -0.000222 -0.008885 -0.072259 -0.132176 -0.130942 -0.090562 -0.464902 -0.550051 -0.425116 -0.033201 -0.172258 -0.037094 -0.038136 -0.009146 -0.012161 -0.011090 -0.280461 -0.373954 -0.528557 -0.728889 -0.340312 -0.164903 0.038063 0.009282 0.017586 0.040441 0.022012 -0.402575 -0.175687 -0.051489 -0.147371 -1.136281 -0.107575 -0.599605 -0.313707 -0.439448 -0.203826 0.466721 1.041071 0.096222 0.532582 0.394874 -0.000695 -0.013226 -0.128301 0.468131 0.425107 -0.381691
-0.012187 -0.028881 -0.016902 -0.028974 -0.027377 -0.014067 -0.003241 -0.046832 -0.083599 -0.230138 -0.110816 -0.034692 -0.192653 -0.253913 -0.235729 0.249127 -0.849090 -1.431564 -1.270174 -0.007609 -0.230427 -0.016942 -0.050552 -0.033033 -0.012298 -0.186286 -0.291838 -0.338074 -0.498941 -0.733547 0.092242 0.340281 0.179661 0.020642 0.021106 0.004235 0.002410 0.002633 -0.258313 -0.051988 -0.002873 -0.900448 -0.263961 -0.258530 -0.084475 -0.260043 -0.198092 0.318374 0.885972 0.069388 0.331257 0.178176 0.067696 -0.525188 -0.204548 0.640966 0.655139 -0.160425
-0.029501 -0.146843 -0.090564 -0.073108 -0.013309 -0.008650 -0.004394 -0.076976 -0.080630 -0.347021 -1.424497 -0.044668 -0.139241 -0.284770 -0.171603 0.512337 -0.566286 -1.212339 -1.079954 0.017816 -0.113108 -0.083822 -0.152725 -0.124207 -0.066779 -0.432892 -0.264060 -0.255147 -0.401026 -0.747163 0.003813 0.041770 0.077836 0.034517 0.010258 0.009536 0.004460 0.007416 0.001547 -0.015158 -0.003389 -1.057193 -0.280142 -0.018420 0.024177 -0.342225 -0.337591 0.315632 0.678996 0.153083 0.290000 0.053912 0.073097 -0.417269 -0.286232 0.581363 0.664620 -0.022919
-0.086156 -0.080607 -0.085661 -0.000332 -0.006003 -0.003678 -0.002303 -0.012416 -0.171748 -0.234708 -0.182845 -0.009558 -0.101518 -0.241256 -0.146021 0.439355 -0.439806 -0.993497 -0.894090 0.033279 -0.091673 -0.076674 -0.110308 -0.001939 -0.036664 -0.590693 -0.226871 -0.109240 -0.099313 -0.619769 0.001094 0.012602 0.023964 0.020325 0.023331 0.011832 0.006722 0.035916 0.005167 0.000950 0.009188 -1.012720 -0.311787 0.393246 0.249033 -0.220956 -0.512082 0.238027 0.742360 0.113271 0.134145 0.077989 0.061936 -0.154527 -0.360197 0.576569 0.704514 -0.004137
-0.030606 -0.348775 -0.039724 -0.012353 -0.002154 -0.002127 -0.001185 -0.099528 -0.098114 -0.175170 -0.130206 0.005358 -0.097737 -0.263687 -0.139500 0.345686 -0.403265 -0.922438 -0.805991 0.028060 -0.124953 -0.082231 -0.099113 -0.012556 -0.060586 -1.030720 -0.203780 -0.011250 -0.031108 -0.188664 0.000171 0.000933 0.001099 0.032611 0.053938 0.012274 0.008118 0.015926 0.035418 0.033958 0.087134 -0.749954 -0.095740 0.639504 0.263780 -0.042666 -0.568325 0.127844 0.661456 -0.040203 -0.272717 -0.078971 0.016775 0.025030 -0.468713 0.530274 0.656656 0.001305
-0.055010 -0.320837 -0.265962 -0.008795 -0.005025 -0.002506 -0.000917 -0.032877 -0.033400 -0.360114 -0.198277 -0.007553 -0.071423 -0.265650 -0.198584 0.243613 -0.377790 -0.863770 -0.792315 0.012356 -0.101974 -0.079244 -0.092253 -0.009823 -0.027826 -1.397513 -0.046738 0.000841 0.153778 0.110429 0.000948 0.000808 0.001577 0.033552 0.006519 0.002085 0.001122 0.000456 0.020799 0.068237 0.064970 0.093616 0.865515 1.216268 0.530021 0.470800 -0.139088 0.283218 0.642105 -0.134210 -0.387524 0.010350 0.172967 0.017736 -0.193560 0.977257 0.654852 0.120548
-0.033096 -0.343295 -0.305004 -0.003810 -0.003522 -0.001509 -0.001132 0.073239 0.034240 -0.382906 -0.165103 -0.054270 -0.089925 -0.232768 -0.224907 0.149345 -0.384586 -0.800405 -0.497495 -0.023868 -0.047123 -0.073630 -0.097906 -0.272507 -0.455725 -1.095254 -0.017454 0.000618 0.002366 0.000907 0.000134 -0.000297 0.000134 0.001065 0.000000 0.000046 -0.000560 -0.000348 0.010046 0.065725 0.050288 0.056380 0.061816 0.091274 0.077856 0.034450 0.004676 0.400686 0.459285 0.093419 -0.100502 0.680532 0.462929 -0.043019 0.656783 2.274130 1.573304 0.017357
0.000249 -0.440744 -0.461778 -0.188119 -0.004193 -0.001607 -0.001428 0.327892 0.100444 -0.451127 -0.265387 -0.104862 -0.187765 -0.225688 -0.184528 0.100339 -0.222297 -0.705917 -0.436251 -0.145960 -0.045738 -0.064800 -0.270401 -0.584643 -1.103764 -0.635884 -0.005955 -0.000703 -0.000925 -0.000267 -0.000234 -0.000973 -0.001781 -0.001438 -0.010397 -0.001835 -0.005309 -0.006676 0.023246 0.023169 0.023893 0.014005 0.047961 0.044991 0.030288 0.005000 0.003982 0.507447 0.446089 0.000848 0.004154 0.035204 0.030124 0.041765 0.045222 0.026031 0.060324 0.000000
-0.040961 -0.323210 -0.401811 -0.295554 -0.004883 -0.001790 -0.025005 0.372122 0.130404 -0.356786 -0.207574 -0.076609 -0.160261 -0.245876 -0.221671 0.081583 -0.269611 -0.837047 -0.857126 -0.300392 -0.316186 -0.266834 -0.314188 -0.575693 -0.645502 -0.406090 -0.004942 -0.026197 -0.002523 -0.003081 -0.017821 -0.005240 -0.048480 -0.016477 -0.030576 -0.001032 -0.002163 -0.012728 0.017391 0.025328 0.040120 0.044539 0.030683 0.033106 0.001392 0.001619 0.001954 0.617286 0.478172 0.000176 0.003416 0.002059 0.025219 0.021000 0.011532 0.022554 0.052929 -0.012647
0.033301 -0.109586 -0.184261 -0.328751 -0.181814 -0.112931 0.062156 0.306788 0.139882 -0.305017 -0.183176 -0.042483 -0.114275 -0.195945 -0.214792 0.113169 -0.231599 -0.746602 -0.930695 -0.365732 -0.259805 -0.328735 -0.426627 -0.408367 -0.071382 0.000000 -0.098200 -0.328234 -0.090052 -0.086233 -0.288882 -0.023188 -0.077716 -0.026932 -0.004695 -0.000645 0.000158 -0.024030 0.012571 0.019373 0.083793 0.013318 0.007955 0.008528 0.001930 0.001011 0.001073 0.363694 0.301241 -0.000451 0.003300 0.004543 0.002589 0.003289 0.002391 0.018193 0.033787 0.018195
0.001449 -0.097773 -0.000487 -0.267391 -0.198299 -0.554997 0.127327 0.384866 0.139741 -0.266232 -0.178724 -0.024492 -0.086530 -0.092058 -0.201956 0.105104 -0.226890 -0.597336 -0.833836 -0.391586 -0.310179 -0.308878 -0.400554 -0.438180 -0.261618 -0.159923 0.001408 -0.189972 0.061602 0.097829 -0.053630 -0.242263 -0.202302 -0.031665 -0.008891 -0.008100 -0.000359 -0.031965 0.000729 0.001802 0.015071 0.006355 0.000588 0.000125 0.000316 0.000044 0.000992 0.254004 0.252560 0.652167 0.025745 0.049862 0.023485 0.023966 0.008300 0.006611 0.034453 0.039912
