use_cases/Flooding_chicago/flooding_data/output/hUy_240.asc
ncols 337
nrows 393
xllcorner 428428.000000
yllcorner 4602440.000000
cellsize 26.757400
NODATA_value -9999.000000
[rows 182 to 207 of 393, columns 232 to 289 of 337]
0.013522 0.031116 0.105459 0.028976 0.055260 0.075628 -0.035533 -0.011656 -0.010730 -0.005061 -0.001548 -0.000276 -0.000247 -0.000331 -0.000007 -0.000000 -0.091277 -0.147174 -0.004021 -0.006109 0.036664 0.050562 0.072474 0.001211 -0.000274 -0.000340 -0.000285 0.002646 -0.003882 0.001103 0.037514 0.025019 0.001948 0.001204 0.002659 0.015160 0.017341 0.004824 0.000869 0.000722 0.000464 0.010420 0.028055 -0.015273 -0.014750 -0.000697 0.008623 0.400890 0.146217 0.035094 0.007343 0.000984 0.028843 0.005185 0.039831 0.001191 -9999.000000 -9999.000000
0.006765 0.028499 0.044623 0.057076 0.027789 0.034376 0.255599 -0.027627 -0.026911 -0.034424 -0.028636 -0.007912 -0.000554 -0.006854 -0.005943 -0.003163 -0.222356 -0.126118 0.000593 0.012704 0.078700 0.005743 0.022980 0.006574 -0.001114 -0.005995 0.002251 0.015991 0.000504 0.004231 0.054202 0.042242 0.005606 0.000460 0.000300 0.000019 0.000538 0.000972 0.000742 0.000103 0.000249 0.026916 0.069303 -0.149202 -0.006338 0.003935 0.031524 0.040093 0.068165 0.077873 0.047400 0.008204 0.086391 0.029596 0.229787 0.004150 -9999.000000 -9999.000000
0.001208 0.024995 0.017823 0.047369 0.016803 0.027323 0.097094 -0.113735 -0.114405 -0.037728 -0.048307 -0.037325 -0.009015 -0.014055 -0.018767 -0.143782 -0.183109 0.000172 0.001125 0.014134 0.021409 0.008592 0.001142 0.000519 -0.009697 -0.009964 0.019910 0.028666 0.008294 0.014622 0.146718 0.139284 0.002464 -0.001360 -0.002948 -0.019959 -0.000478 -0.000095 0.000264 -0.000085 0.000053 0.046140 0.119159 -0.066427 -0.001478 0.007113 0.006107 0.012413 0.056576 0.057480 0.013421 0.013421 0.047630 0.091389 0.107478 0.019505 0.005101 -9999.000000
0.000892 0.005479 0.008680 0.019559 0.004363 0.016025 0.010669 -0.021578 -0.024184 -0.115399 -0.080328 -0.380626 -0.014048 -0.015630 -0.140356 -0.257027 -0.049050 -0.000080 -0.000087 0.000454 0.001191 0.000972 0.000183 -0.000237 -0.106096 -0.026820 0.083848 0.566566 0.018858 0.033392 0.035140 0.023230 0.005662 -0.030701 -0.028080 -0.045233 -0.024543 -0.000996 -0.000479 -0.000141 0.000469 0.047331 0.134643 -0.041846 0.000073 0.001099 0.000171 0.005927 0.027129 0.027806 0.007144 0.007144 0.056468 0.024250 0.030133 0.020089 0.005300 -9999.000000
0.000004 0.000222 0.000103 0.000471 0.003014 0.001648 0.000355 0.000360 0.001003 -0.048411 -0.025206 -0.122048 -0.171516 -0.113849 0.074693 0.085970 0.713850 0.006917 -0.000909 -0.000369 -0.000910 -0.000958 -0.001069 -0.010094 0.068533 0.217036 0.007724 0.079955 0.054744 0.078352 0.008637 0.004420 0.019256 -0.056524 -0.096024 -0.070118 -0.060154 -0.011449 -0.017449 -0.001174 0.001062 0.000785 0.143430 0.000732 0.000170 0.002093 -0.005709 0.000000 0.000000 0.000000 0.000000 0.000000 0.031513 0.000609 0.008876 0.001249 0.001209 0.000730
-0.005240 -0.000222 -0.000103 0.000870 0.004617 -0.000078 -0.000222 -0.000300 -0.000582 0.000125 0.000441 0.014827 0.002684 -0.048483 0.073389 0.099056 0.115743 0.055108 0.000207 -0.009021 -0.001032 -0.008886 -0.027709 -0.041550 0.016803 0.010130 0.005568 0.027404 0.018444 0.053232 0.021835 0.006518 0.012319 0.027765 -0.116626 -0.084463 -0.007555 -0.396228 -0.667090 -0.000141 0.001709 0.001369 0.128163 -0.001065 -0.009072 0.000944 0.001179 0.016160 -0.009363 -0.016656 -0.006890 -0.010665 -0.000004 -0.000083 0.000000 -0.000871 -0.000036 0.000789
0.010613 -0.008826 -0.002522 0.001479 0.030010 0.028533 0.003413 -0.053145 -0.115854 -0.000966 -0.000578 -0.000021 0.001820 0.001513 0.013220 0.007409 0.043845 0.022068 0.004971 -0.025869 -0.014984 -0.059288 -0.302825 -0.037581 0.000396 0.000007 0.000326 0.007209 0.006312 0.008485 0.016778 0.000000 0.000000 0.008549 0.004516 0.004110 0.068445 -0.175366 0.016098 0.003035 0.003299 0.002341 0.166487 0.000086 -0.003097 -0.000464 0.004162 0.067169 -0.059044 -0.055709 -0.044695 -0.049157 -0.005523 -0.010313 -0.003659 -0.028218 -0.001219 0.000952
0.041033 0.000908 0.000989 0.003164 0.015569 0.024020 0.032124 -0.187345 -0.390933 0.493767 0.000420 -0.001143 -0.002754 -0.001695 0.000000 0.000000 0.014801 0.002897 0.001454 -0.006489 -0.374675 0.206789 0.238480 0.003802 0.000677 -0.000319 -0.000207 -0.000003 0.000149 0.000160 0.000004 -0.010843 -0.009258 -0.000349 -0.000005 0.014095 0.022948 0.000677 0.001181 0.004485 0.004536 0.003277 0.027556 0.005353 -0.001858 0.000156 0.000554 0.006854 -0.009666 -0.019831 -0.015368 -0.434958 0.050886 -0.043254 -0.060266 -0.064053 -0.000293 0.001338
0.013355 0.011248 0.003135 0.004069 0.001545 0.013934 0.016398 0.016053 0.205924 0.858921 0.002254 -0.001939 -0.002312 -0.036769 -0.006996 -0.011257 0.000000 0.011718 0.002575 0.009020 0.090280 0.553597 0.144353 0.018560 0.002361 -0.000501 -0.007021 -0.009392 -0.000697 -0.000044 -0.000638 -0.039246 -0.034853 -0.004146 -0.044464 -0.000001 -0.000023 -0.000514 -0.001125 0.000681 0.000681 0.004087 0.001470 0.005337 0.010923 -0.000095 0.000247 0.000331 0.000131 -0.069034 -0.006120 0.002120 0.043440 -0.071634 -0.019855 -0.010944 0.000579 0.001606
0.000288 0.000105 0.000222 0.000103 0.000109 0.000378 0.000198 0.001373 0.158794 0.435068 0.005669 -0.001461 -0.010697 -0.081178 0.012342 0.003185 0.040400 0.008796 0.036401 0.075214 0.161511 0.046562 0.064700 0.096671 0.015420 -0.001403 -0.031565 -0.034612 -0.000716 -0.000330 -0.000538 -0.008428 -0.010245 0.000863 -0.034305 -0.029041 -0.024713 -0.093643 -0.029321 0.000000 0.000000 0.000769 0.000128 0.007255 0.059825 -0.006275 -0.000569 -0.000394 -0.000136 -0.065432 0.029971 0.000721 -0.002217 -0.020950 -0.005049 0.000123 -0.000037 -0.000621
0.000148 -0.000135 -0.000222 -0.000103 -0.000559 -0.000648 -0.000232 0.007831 0.143423 0.171929 0.010453 0.082490 0.051851 0.160065 0.289980 0.015261 0.024563 0.007227 0.037687 0.028633 0.022280 0.024567 0.004069 0.092300 0.065806 0.000102 -0.009291 -0.009832 -0.019110 -0.009152 -0.028918 -0.009789 -0.006985 0.003904 0.004575 -0.022400 -0.010371 -0.326842 -0.005918 -0.000681 -0.000681 -0.002577 -0.001317 0.006482 0.144834 -0.028991 -0.008312 -0.008160 -0.000886 -0.031228 0.098594 -0.001275 -0.005222 -0.008425 -0.001633 -0.001341 -0.017477 -0.001995
-0.002318 -0.015919 -0.003946 -0.008728 -0.006438 -0.000484 0.001506 0.043702 0.259220 0.036318 0.040532 0.049043 0.086912 0.117954 0.057568 0.024069 0.013707 0.004488 0.007741 0.003829 0.000326 0.007220 0.003818 0.032012 0.021643 -0.002387 0.000000 -0.004561 -0.034881 -0.031264 -0.106332 -0.075133 -0.003183 0.001078 0.006583 0.005133 0.061451 0.182874 0.017638 -0.010774 -0.003280 -0.001513 0.028115 0.022923 0.259815 0.021936 -0.016463 -0.024438 0.003220 0.112452 0.016590 0.000136 -0.063599 0.040620 -0.004178 -0.007443 -0.049503 -0.017838
-0.029847 -0.040181 -0.028232 -0.031494 -0.034477 0.005966 0.031456 0.055172 0.113826 0.087109 0.110125 0.019815 0.046561 0.038271 0.049324 0.027007 0.000360 0.000360 0.000130 -0.001024 -0.000207 -0.000003 0.000830 0.000413 0.000017 -0.003911 -0.009182 -0.002051 -0.027962 -0.099332 -0.288345 -0.424157 0.065780 0.001837 0.001663 0.007489 0.014051 0.087334 0.035045 -0.091171 0.000428 0.004539 0.094211 0.069605 0.067403 0.065798 -0.096607 -0.065260 0.016039 0.016330 0.010698 0.001192 -0.056269 0.054554 -0.000823 -0.004306 -0.216036 -0.221598
-0.037702 -0.281881 -0.199466 -0.035989 0.026187 0.032390 0.023430 0.031060 0.021267 0.177243 0.066891 0.016199 0.040310 0.010824 0.018436 0.020056 -0.000360 -0.000360 -0.000130 -0.003245 -0.022820 -0.014117 -0.001412 -0.000655 -0.007495 -0.019182 -0.025254 -0.003030 0.017461 0.681416 0.198022 0.028980 0.009191 0.001161 0.000930 0.000746 0.000380 0.000012 0.036950 0.006334 0.005488 0.008075 0.030478 0.006211 0.001250 0.728013 0.023467 0.076013 0.005728 0.009912 0.003984 0.000213 0.001670 0.005688 -0.000157 -0.002020 0.000620 -0.093749
-0.157876 -0.303785 0.128454 0.041378 0.015231 0.005625 0.011555 0.010440 0.012548 0.048709 0.050328 0.056420 0.010448 0.000000 0.000000 0.000161 -0.001184 -0.013752 -0.001977 -0.006979 -0.058373 -0.051470 -0.020941 -0.021403 -0.072727 0.161658 0.001633 0.017846 0.021447 0.033005 0.028659 0.001723 0.000666 -0.001662 -0.001746 -0.000975 -0.000424 0.014346 0.032809 0.004748 0.007247 0.002442 0.004088 0.000554 0.000609 0.109007 0.124700 0.021731 0.000590 0.000207 0.000003 -0.000106 0.001401 0.003244 -0.002575 -0.003134 -0.001024 0.002669
-0.044954 0.138354 0.013126 0.008732 0.008951 0.000391 0.000175 0.000068 0.000088 0.000417 0.001022 0.039368 0.001599 -0.003088 -0.003073 -0.000442 -0.001012 -0.027421 -0.004179 -0.004418 -0.018256 0.016268 -0.098271 0.068988 0.535974 0.333658 0.016467 0.007819 0.011825 0.001208 0.000435 0.000499 -0.000168 -0.035450 -0.009283 -0.022893 -0.012020 -0.007115 0.039679 0.010441 0.000556 0.001766 0.002158 0.000247 0.000331 0.007374 0.080470 0.007440 0.002192 -0.000326 -0.005978 -0.001303 0.000222 0.006284 -0.000693 -0.101255 -0.078411 0.001798
0.014104 0.002917 0.000251 0.000323 0.000418 -0.000121 -0.000142 -0.000065 -0.000086 -0.000369 -0.000576 0.001730 0.001185 -0.003041 -0.002344 -0.010133 -0.018790 -0.008104 -0.017892 0.225235 0.094419 0.082865 0.099695 0.173977 0.171426 0.109266 0.010260 0.000670 0.000016 -0.000696 -0.000373 -0.000542 -0.007974 -0.106592 -0.003926 -0.103603 -0.123465 0.001077 0.127440 0.041600 -0.000634 -0.002344 -0.004046 -0.000569 -0.000394 0.010270 0.007414 0.000905 0.005775 -0.001187 -0.022160 -0.004117 -0.000222 0.029370 0.044134 0.194340 0.176167 0.001301
0.069837 -0.000000 -0.000015 -0.000405 -0.000586 -0.008845 -0.005349 -0.006590 -0.007357 -0.064471 -0.029177 0.000893 -0.000400 -0.010321 -0.018454 -0.027474 -0.070439 -0.003650 0.011737 0.227583 0.021931 0.017480 0.022792 0.011910 0.040221 0.046614 0.052194 0.001143 0.001490 0.007339 0.008353 0.007227 -0.063355 -0.200579 -0.059639 -0.119467 -0.620246 0.073699 0.086538 0.099449 0.079161 -0.002358 -0.003245 -0.001784 -0.004360 0.000144 0.000348 0.000743 0.000348 -0.000706 -0.097606 0.022452 0.049004 0.069505 0.044986 0.139407 0.208376 0.002465
0.203546 0.052557 -0.000597 -0.007016 -0.008064 -0.014804 -0.022524 -0.042394 0.102108 -0.355539 -0.003669 0.001059 0.000000 -0.003076 -0.053668 -0.006076 0.016065 0.041045 0.122182 0.008951 0.072386 0.030582 0.000360 0.000360 0.006184 0.065553 0.007750 0.002156 0.018246 0.055629 0.050808 0.055358 0.016979 0.053511 0.038635 0.337867 0.025404 0.018299 0.011467 0.125631 0.113911 0.249675 0.247849 -0.001919 -0.045674 -0.000195 -0.000440 -0.001074 -0.000440 -0.000465 0.010160 0.072629 0.124092 0.139423 0.007492 0.010082 0.174209 0.012795
0.061512 0.065710 0.103373 -0.082157 -0.014877 -0.003343 -0.025516 0.586563 0.166610 0.067334 0.052755 0.013581 -0.000358 0.000083 -0.006503 0.001282 0.029949 0.061321 0.000475 0.028964 0.027314 0.013917 -0.000360 -0.000360 0.019192 0.032614 0.000506 0.001188 0.008429 0.016751 0.012006 0.009804 0.058276 0.141998 0.147202 0.069877 0.013258 0.015736 0.004335 0.188032 0.195510 0.019055 0.025460 0.004204 0.076383 -0.009324 -0.008064 -0.012004 -0.008064 0.004543 0.047838 0.099837 0.012017 0.045813 0.016199 0.003684 0.079914 0.017337
0.018576 0.018229 0.025386 0.049980 -0.069741 -0.005486 0.182378 0.223232 0.024015 0.046385 0.013079 0.007058 -0.000236 -0.000012 0.000954 0.000448 0.002694 0.000805 -0.000044 0.042548 0.000000 0.019042 0.007183 0.005555 0.003343 0.038231 -0.000222 0.000868 0.000771 0.000865 0.000043 0.000001 0.062439 0.102045 0.070941 0.012848 0.003907 0.008322 0.010388 0.111092 0.123250 0.012131 0.016619 0.017250 0.159912 0.009937 -0.209872 -0.035280 -0.051782 0.021010 0.022654 0.020109 0.001763 0.015372 0.008420 0.010273 0.018972 0.004505
0.001130 0.007621 0.012743 0.005769 -0.015520 0.008566 0.162116 0.055870 0.014187 0.024989 0.006420 0.000764 -0.007667 -0.021804 -0.002021 -0.000456 -0.000044 -0.000585 0.032770 0.080960 0.006893 0.013128 0.012600 0.013738 0.003611 0.016946 -0.018439 -0.000541 0.000315 -0.000265 -0.004667 0.011135 0.101543 0.183684 0.009120 0.002851 0.007472 0.000712 0.049158 0.061163 0.077067 0.005324 0.008897 0.012081 0.006343 0.099325 0.013003 0.006969 -0.000230 0.022711 0.025138 0.028262 0.001272 0.000000 0.008923 0.011293 0.000905 0.006442
-0.000994 0.000000 0.000065 0.000065 -0.001871 0.018988 0.061121 0.001086 0.000991 0.000992 0.000000 0.000025 -0.001147 -0.104485 -0.037141 -0.042771 -0.005025 0.029182 0.026536 0.003659 0.006062 0.003749 0.015351 0.017129 0.000222 -0.001277 -0.019650 -0.000830 -0.000592 0.000155 -0.064526 0.035800 0.064882 0.055385 0.023349 0.003305 0.006856 0.001482 0.032597 0.022448 0.049953 0.010051 0.000767 0.000382 0.000430 0.034615 0.023094 0.017761 0.016998 0.020053 0.019930 0.084417 0.004043 -0.002208 -0.000271 0.000348 0.000743 0.000348
-0.009915 -0.005377 -0.000556 -0.000124 0.003056 0.009025 0.000234 -0.000186 -0.001032 -0.001271 -0.011140 -0.000950 0.000415 0.000201 -0.009619 -0.196702 -0.012518 0.020803 -0.030040 0.000000 0.000320 -0.000050 0.007229 0.002981 -0.000222 -0.006329 -0.019556 -0.000895 -0.000848 0.001386 -0.001734 0.038549 0.103394 0.001057 0.003616 0.001577 0.000324 0.001108 0.009022 0.001519 0.020747 0.001943 0.000441 0.000021 0.000245 0.000411 0.014404 0.018406 0.026264 0.018521 0.020015 0.014548 0.004553 -0.005169 -0.007976 -0.000440 -0.001074 -0.000440
-0.012944 -0.014683 -0.004648 -0.000680 0.002782 -0.020960 -0.000524 -0.001163 -0.021222 -0.017804 -0.028136 -0.010294 -0.000678 -0.000005 -0.002708 0.002024 0.032660 0.000596 -0.052719 -0.007786 0.000007 0.001072 0.003511 -0.003390 -0.003070 -0.010329 -0.014004 -0.006862 -0.004633 0.001552 0.005263 0.001284 0.113123 -0.000424 -0.000148 0.000847 -0.000011 0.000083 0.000222 0.000374 0.000020 -0.000920 -0.000659 -0.000375 -0.000823 -0.000789 -0.009323 0.015323 0.035112 0.016614 0.000695 0.000795 0.000391 -0.008076 -0.008406 -0.021991 -0.022779 -0.005892
-0.001294 -0.003807 -0.021089 -0.002233 -0.000127 -0.028864 -0.009605 -0.003684 -0.071921 -0.050830 -0.052936 -0.030695 -0.002273 -0.000467 -0.002734 -0.000651 0.000850 0.000012 -0.112493 -0.019800 -0.001076 -0.000171 0.000700 0.000598 -0.001178 -0.001337 -0.012198 -0.009829 -0.006864 -0.001974 0.001491 -0.000320 0.102209 0.055366 -0.002740 0.001344 -0.000152 -0.000284 -0.000222 -0.000424 -0.005906 -0.008147 -0.007662 -0.037845 -0.052743 -0.050628 -0.016381 0.001174 0.025904 0.001688 0.000034 -0.000722 -0.000368 -0.002529 0.008992 -0.150583 -0.133756 -0.003620
