use_cases/Flooding_chicago/flooding_data/output/hUy_2940.asc
ncols 337
nrows 393
xllcorner 428428.000000
yllcorner 4602440.000000
cellsize 26.757400
NODATA_value -9999.000000
[rows 260 to 285 of 393, columns 58 to 115 of 337]
0.806139 0.401992 0.405360 0.006763 0.018859 0.056460 0.401603 0.252574 1.183339 1.298616 0.031264 0.018027 0.010615 0.010035 0.772937 0.507887 0.007516 0.000135 -0.000484 -0.050651 -0.008872 -0.005770 -0.000519 0.000004 0.005272 0.028895 -0.004132 -0.011725 0.127422 -0.096396 0.340024 0.446916 1.987571 3.356179 3.114725 1.903189 1.831963 1.377365 1.512060 1.400358 1.370277 1.336824 1.098909 1.134352 0.805579 0.883023 0.145590 -0.011713 0.220109 0.320740 0.157764 0.004458 0.321271 0.510159 0.273276 0.064852 0.091338 0.093912
0.120185 0.037288 0.029127 0.013660 0.015085 0.028366 0.266472 0.051383 0.077442 0.081023 0.016537 0.005982 0.000326 0.000229 0.406054 0.444305 0.000051 -0.001455 -0.021373 -0.019841 -0.036351 -0.021654 -0.011861 -0.000689 0.000080 0.006974 -0.002730 0.000406 0.377158 0.091593 0.301725 0.657020 2.128233 3.242913 2.067787 1.745649 1.719390 0.802538 0.828207 0.807388 0.737514 1.272859 1.086031 1.130876 1.254529 0.848306 0.517446 -0.207218 0.380000 0.304879 0.230011 0.000888 0.275107 0.406996 0.174630 0.014883 0.028938 -0.006089
0.180148 0.070832 0.050523 0.052174 0.034796 0.068067 0.111237 0.035219 0.019553 0.033142 0.005331 -0.000003 -0.000208 -0.000107 0.466798 0.551110 -0.001233 -0.016048 -0.050042 -0.005944 -0.055918 -0.029122 -0.054937 -0.005691 -0.000381 0.000121 -0.000858 0.311262 0.730763 0.161995 0.325153 1.117163 2.896064 3.156822 1.903763 1.345898 1.314322 0.332500 0.757679 0.762433 0.622418 1.079659 1.025089 1.098223 1.363921 0.864332 0.553772 0.138473 0.487616 0.409617 0.253325 -0.035522 0.274608 0.363486 0.174867 0.006812 0.070005 -0.021518
0.094156 0.135450 0.117869 0.031826 0.088409 0.133159 0.085893 0.017939 0.035885 0.008680 0.014512 0.014826 0.002715 -0.031288 0.488845 0.891602 0.089772 -0.082696 -0.096961 0.016743 -0.062946 -0.055092 -0.101325 -0.103733 -0.038952 -0.003000 -0.020320 1.046862 0.782645 0.241973 1.120459 1.711055 2.975144 3.152446 1.949098 0.429575 0.473193 0.002057 0.384494 0.772818 0.526755 0.988003 1.069093 1.161569 1.480854 1.218747 0.768677 0.246555 0.603463 0.735784 0.397438 0.148341 0.639882 0.384885 0.110377 0.008474 0.097598 0.035634
0.178130 0.256733 0.009203 0.007457 0.009316 0.020702 0.197521 0.035686 0.048248 0.030057 0.014042 0.029684 0.011011 0.050280 0.351627 0.900097 0.256727 -0.023115 0.073871 0.074991 0.074620 0.102408 -0.011883 -0.186951 -0.107623 -0.022445 0.060490 1.713471 0.891644 0.477911 1.295802 1.837400 2.762105 2.911874 1.305957 0.341894 0.495530 -0.000163 0.005416 0.612689 0.594683 0.916421 0.823944 0.818743 1.385099 1.483428 0.753270 0.449805 0.728648 0.875631 0.430062 0.304680 0.387483 0.509994 0.160927 0.129997 0.176817 0.190220
0.110152 0.328787 0.000111 0.000219 0.000977 0.009271 0.091754 0.065516 0.094193 0.007823 0.005030 0.076443 0.040071 0.283664 0.411886 0.857223 0.072340 0.004579 0.008197 0.004669 0.011896 0.012154 -0.008074 -0.091462 -0.137107 -0.038939 0.620148 2.097131 1.117762 0.427064 1.541889 1.597348 1.754068 1.824162 0.419524 0.330239 0.514067 0.621825 0.001176 0.014706 0.015652 0.471852 0.977718 0.851710 1.304670 1.494699 1.295205 0.490591 0.613312 0.752930 0.635666 0.398138 0.474006 0.409640 0.225595 0.002245 0.002901 0.003413
0.010914 0.435205 -0.000089 -0.000031 0.001899 0.003137 0.020896 0.141113 0.034735 0.001110 0.010022 0.016002 0.105918 0.115046 0.229430 0.163575 0.026825 0.012801 0.000190 0.000077 0.000000 0.004467 0.000156 0.049544 -0.073519 0.625721 0.647630 0.952093 1.006484 0.376567 1.923392 2.185067 1.673913 1.764244 0.001738 0.003437 0.484844 0.831425 0.001840 0.000000 0.000000 0.512800 0.555117 0.395729 1.044042 1.326116 1.482873 0.581570 0.607270 0.728284 0.733418 0.793855 0.859849 0.897369 0.378639 0.001140 -0.001840 -0.001032
0.010005 0.394383 0.198877 0.000578 0.002275 0.006603 0.010865 0.037421 0.030232 0.001837 0.004422 0.003427 0.038566 0.003426 0.300716 0.026906 0.053772 0.029675 -0.000036 -0.000542 -0.007444 -0.000259 -0.000108 0.251959 0.267138 0.501171 0.024767 0.602559 0.733724 0.235854 2.068156 2.036345 2.058476 2.316327 0.162846 0.007698 0.011758 1.002010 0.009791 -0.003821 -0.015803 0.565509 0.512683 0.339012 0.390921 0.800449 0.894438 0.583476 0.514526 0.784078 0.798183 0.998980 1.166971 1.559835 0.772032 -0.082489 -0.146345 -0.087283
0.010386 0.078257 0.189712 0.003485 0.001642 0.006848 0.001323 0.000992 0.000460 0.000018 0.003794 0.004918 0.012744 0.002478 0.283622 0.049229 0.068360 0.051913 -0.000442 -0.005361 -0.016928 -0.008579 0.137964 0.473296 0.428233 0.016597 0.018565 0.049066 0.511662 0.090051 1.878970 2.096263 2.005485 2.235953 0.543292 0.009483 0.028306 0.926109 0.172388 -0.002069 0.239367 0.591761 0.488907 0.018887 0.352887 0.283088 0.778577 0.611814 0.200689 0.549245 0.572152 1.117522 1.106378 1.763817 0.716032 0.129474 0.001851 0.128269
0.047557 0.006265 0.149472 0.002944 0.000421 0.000803 0.000851 -0.000651 -0.000562 -0.026273 -0.003797 0.000360 0.000360 0.001138 0.077425 0.060422 0.143753 0.162367 -0.094001 -0.008368 -0.026481 -0.031609 0.344026 0.421009 0.200807 0.012494 0.017298 0.034390 0.033943 -0.268381 1.785323 2.146394 1.442044 2.245800 0.876637 0.211332 0.504220 0.937049 0.309907 0.059423 0.300717 0.652736 0.044143 0.060174 0.039402 0.230452 0.713025 0.523446 0.029140 0.445240 0.479839 1.104683 1.493115 1.820307 0.754261 0.201705 0.035638 0.184780
0.045603 0.016345 0.057360 0.009426 0.001655 0.000464 -0.000581 -0.007000 -0.015283 -0.258192 -0.001680 -0.000360 -0.000360 0.002905 0.002296 0.038744 0.144819 0.168654 0.010173 -0.111146 0.000222 0.006959 0.430090 0.223129 0.012385 0.005903 0.012681 0.020021 0.019587 -0.317191 1.601859 2.057805 1.280532 2.012461 1.432529 0.260378 0.655515 1.104063 0.540471 0.051661 0.355922 0.042195 0.099658 0.102598 0.073072 0.283483 0.621101 0.495179 -0.141805 0.333958 0.336070 1.066576 1.701132 2.340928 0.843345 0.288868 0.053868 0.267064
0.014164 0.005203 0.004683 0.004307 0.003446 -0.000153 -0.000498 -0.002546 -0.031779 -0.253983 -0.007673 -0.001921 -0.004446 -0.001975 0.000387 0.021679 0.119960 0.119609 0.006988 -0.040680 -0.000222 0.000134 0.412970 0.007839 0.000510 0.001524 0.000816 0.007045 0.022532 -0.195084 1.150475 1.860150 1.441100 1.751761 1.679824 0.561416 0.903417 1.312264 0.766067 0.071535 0.011737 0.000000 0.149430 0.143972 0.116926 0.102883 0.099576 0.052531 -0.158442 0.507298 0.427071 1.365415 1.941843 2.153781 1.128291 0.483369 0.127313 0.392465
0.000222 0.003258 0.000467 -0.001069 -0.004178 -0.000740 -0.000829 -0.000890 -0.056553 -0.227335 -0.007267 -0.001561 -0.004580 -0.003984 -0.002908 0.059736 0.120646 0.089599 0.006372 -0.026581 -0.002818 0.031679 0.407474 0.024623 -0.000275 0.000471 0.000035 0.000190 0.011329 0.008066 0.056472 1.310249 1.337325 1.800004 1.760294 1.698101 1.762630 2.766180 1.081820 0.056663 0.000340 0.087943 0.154908 0.160699 0.118385 0.118996 0.121431 0.000745 0.000981 0.052847 0.098057 0.937922 1.142493 2.674803 0.898324 0.485171 0.005610 0.036898
-0.000222 -0.004600 -0.004708 -0.005292 -0.006749 -0.000882 -0.000900 -0.000623 -0.111953 -0.260669 -0.007737 -0.000564 -0.001564 -0.006586 -0.007719 0.138208 0.085668 0.117726 0.108145 -0.004035 0.008062 0.269461 0.356777 0.076020 0.125129 -0.000455 -0.000778 -0.000210 0.000280 0.000519 0.010125 0.036032 0.826966 1.493634 0.971447 1.456524 2.016567 3.252687 1.543464 0.150119 0.000000 0.135201 0.655603 0.541456 0.090929 0.088333 0.090423 0.000000 0.000000 0.000000 0.214165 1.154732 1.199280 1.799896 1.050430 0.020378 0.005837 0.000000
-0.003516 -0.003767 -0.036327 -0.030911 -0.030735 -0.028747 -0.007900 -0.001273 -0.160680 -0.292074 -0.007108 0.000395 0.001663 0.002859 0.001651 0.076473 0.087573 0.000614 0.000473 0.000016 0.034618 0.331059 0.035624 0.006646 0.009706 0.000244 -0.000929 -0.002706 -0.000433 0.000198 0.000005 0.020780 0.088936 1.361507 0.634393 0.977953 1.424318 3.542423 3.060216 1.070846 -0.000340 0.204595 0.203918 0.126138 0.068908 0.063692 0.063337 -0.000745 -0.000981 0.189761 1.078135 1.733659 1.189523 1.747003 0.200871 0.000899 0.001207 0.009174
-0.002825 -0.017661 -0.023690 -0.161922 -0.179747 -0.073700 -0.084895 -0.038790 -0.235880 -0.340137 -0.004164 0.000480 -0.000342 0.001284 0.000213 0.000013 -0.000006 -0.000453 -0.000518 -0.114809 0.061792 0.056554 0.000000 0.000000 0.000000 -0.000183 -0.000376 -0.001183 -0.010007 -0.000921 0.009189 0.062696 0.072657 0.342853 0.008231 0.081283 1.605848 3.223490 3.543979 2.260804 0.188644 0.237895 0.227617 0.128771 0.003067 0.004377 0.001857 0.052254 0.074669 0.882576 1.157431 1.578356 0.900310 1.642025 0.252163 0.000455 0.000598 0.000341
-0.001850 -0.042542 -0.008595 -0.126400 -0.136536 -0.187816 -0.089793 -0.044332 -0.105603 -0.114493 0.000210 -0.001203 -0.003366 -0.002659 -0.001532 -0.058001 -0.016046 -0.002984 0.062919 -0.030904 0.035450 0.051842 -0.024252 -0.006465 -0.008877 -0.001168 0.003126 -0.014320 -0.025130 0.000226 0.006441 0.078761 0.203712 0.087954 0.005117 0.010830 0.240071 3.481008 4.281212 2.680811 0.444932 0.231523 0.218596 0.001840 0.004748 0.007109 0.002173 0.050377 0.094162 0.998071 1.243747 0.340349 0.326651 1.632622 0.302184 -0.000595 -0.001294 -0.000472
-0.019468 -0.004772 -0.102022 -0.115823 -0.119191 -0.101853 -0.027552 -0.026353 -0.070696 -0.075846 -0.000673 -0.002419 -0.003310 -0.002352 -0.177951 -0.045958 -0.012226 -0.000530 0.086418 0.001167 0.014996 0.027250 -0.015317 -0.101720 -0.089171 -0.007749 0.001325 -0.018188 0.003375 0.012572 0.006918 0.048725 0.150894 0.144101 0.000360 0.000360 0.000149 2.934612 3.713331 2.503068 0.624685 0.547539 0.198455 0.001348 0.001970 0.006636 0.000346 0.045171 0.109799 1.050317 1.160326 0.689634 0.724397 1.432703 0.291310 -0.000710 0.031731 0.019836
-0.037357 -0.022826 -0.672612 -0.285281 -0.251553 -0.064267 -0.038340 -0.038407 -0.023498 -0.152465 -0.009967 -0.018229 -0.007075 -0.012583 -0.230831 -0.019921 0.000684 0.002030 0.110226 0.023576 0.009313 0.001492 0.000597 -0.046097 -0.032595 -0.002554 -0.001782 -0.008185 0.005284 0.002968 0.003431 0.001957 0.001932 0.015630 -0.000360 -0.000360 -0.000191 2.138840 3.496746 2.993826 0.846772 0.592077 0.223668 0.000844 -0.002515 0.000180 -0.000180 0.000274 0.162245 0.929237 1.371213 0.856970 0.775772 1.600138 0.375733 -0.041896 0.028420 0.018023
-0.035456 -0.396532 -0.547583 -0.220483 -0.163067 -0.034711 -0.037044 -0.095257 -0.118277 -0.221031 -0.092240 -0.030726 -0.003228 -0.193639 -0.234515 -0.005194 -0.000053 0.002685 0.005575 0.005106 0.003401 0.000807 -0.000176 -0.040115 -0.037024 0.000000 -0.002133 0.043026 0.001139 -0.001541 -0.002730 -0.001741 -0.001565 0.000000 -0.009485 -0.005661 0.131015 1.969590 2.604493 2.673583 1.011621 0.727929 0.221422 0.097649 -0.001213 -0.000346 -0.021141 -0.001642 0.233174 0.772093 1.105003 0.735864 0.714306 1.563598 0.470370 0.031930 0.043264 0.037994
-0.013374 -0.331732 -0.703492 -0.219118 -0.001201 -0.019656 -0.026774 -0.032768 -0.454261 -0.088994 0.016812 0.021817 -0.001029 -0.216830 -0.199512 -0.002395 0.003132 0.001744 0.007768 0.005759 0.001685 -0.000875 -0.017855 -0.039535 -0.038403 -0.011517 -0.001050 0.001912 -0.003117 -0.003766 -0.019042 -0.078938 -0.078159 -0.003663 -0.020943 -0.326402 0.372573 2.491790 2.701528 3.042506 1.441533 1.025936 0.711672 0.475052 0.025873 -0.005895 -0.113861 0.041413 0.203277 0.710900 1.056097 0.583679 0.751887 1.618292 0.468732 0.073299 0.059292 0.061511
-0.006797 -0.360133 -0.928938 -0.000115 -0.002163 -0.010348 -0.011427 -0.354815 -0.403037 -0.188749 0.017365 0.023814 -0.067046 -0.207818 -0.492842 0.110133 0.033904 0.002389 0.182873 0.027707 -0.000249 -0.002811 -0.026409 -0.037603 -0.031489 -0.012012 -0.007252 0.000966 0.002110 -0.000429 -0.009266 -0.162475 -0.592957 -0.411572 -0.424727 0.146062 0.367873 1.665635 1.743502 1.954502 1.423829 1.119040 0.902097 0.829594 0.316968 -0.459422 0.008768 0.075338 0.380483 0.959630 1.003557 0.584469 0.586158 1.245139 0.484036 0.127188 0.171083 0.070749
-0.003101 -0.000138 -0.758410 -0.275033 -0.193057 -0.103421 -0.142721 -0.337521 -0.361072 0.002533 0.011559 0.004640 -0.067994 -0.172392 -0.033348 0.006087 0.009303 0.000934 0.031848 -0.003879 -0.002120 -0.000130 -0.032575 -0.028976 -0.021041 -0.007820 -0.005627 0.000006 0.000551 0.002215 -0.001288 -0.050391 -0.483699 -0.143615 -0.066411 0.190773 0.367541 1.519490 1.638441 1.021023 1.324060 1.137500 1.113885 1.295622 0.636659 -0.167511 0.209648 0.261137 0.524658 0.868598 0.946762 0.619806 0.481514 1.257332 0.481790 0.210335 0.098778 0.093372
-0.001136 -0.015087 -0.961794 -1.075160 -0.764627 -0.069063 -0.083270 -1.225319 -0.162004 -0.002055 0.000393 0.000569 -0.108346 -0.152516 0.000259 0.000640 0.000787 0.001006 0.000044 -0.004512 -0.002496 -0.026089 -0.017228 0.144161 0.000473 -0.165749 -0.003109 -0.001321 -0.001707 0.001631 0.001889 0.012386 -0.337158 -0.012423 0.113108 0.205084 0.396834 1.650450 1.440082 0.906749 0.262787 0.665788 1.006927 1.379735 0.848103 -0.030534 0.339572 0.385122 0.656614 0.848800 0.904819 0.450659 0.142098 0.868797 0.641069 0.465432 0.102248 0.079670
0.003209 -0.043016 -0.576110 -0.997637 -0.398027 -0.517640 -0.501034 -0.987684 -0.003678 -0.000009 -0.000331 -0.000247 -0.132531 -0.099318 0.000185 0.000378 0.000355 -0.000318 -0.000814 -0.009856 -0.039297 -0.073910 -0.006308 0.008154 0.027618 -0.139014 -0.109819 -0.019456 -0.018718 -0.002629 0.004940 0.015719 -0.274870 0.108325 0.214063 0.138207 0.254825 1.417200 1.212715 1.163339 0.275888 0.651066 0.584732 1.047203 0.836757 0.028628 0.343147 0.470895 0.623015 0.799720 0.837695 0.428752 0.222252 0.722501 0.531689 0.471708 0.210282 0.037258
0.012531 -0.123247 -0.862188 -0.863114 -0.545396 -0.527989 -0.470259 -0.675155 0.122641 -0.005601 -0.010200 -0.000554 -0.063367 -0.294747 -0.000083 -0.000419 -0.000569 -0.000760 -0.000890 -0.018342 -0.179339 -0.011286 -0.000920 0.000326 0.007213 0.000257 -0.247865 -0.110401 -0.033962 -0.043664 -0.007794 0.047916 0.049886 0.446759 0.424715 0.021206 0.303658 1.197027 1.223486 1.224013 0.705043 0.655671 0.772990 1.000401 0.599094 0.059364 0.357157 0.451535 0.626067 0.748130 0.773660 0.394194 0.203247 0.649357 0.522799 0.514585 0.329360 0.016990
