use_cases/Flooding_chicago/flooding_data/output/hUy_660.asc
ncols 337
nrows 393
xllcorner 428428.000000
yllcorner 4602440.000000
cellsize 26.757400
NODATA_value -9999.000000
[rows 130 to 155 of 393, columns 116 to 173 of 337]
-0.081725 -0.162360 0.001022 0.001099 0.015877 -0.133732 -0.151682 -0.689159 -0.225265 -0.271124 -0.472018 -0.172318 -0.489908 -0.803349 -1.880137 -0.411125 -0.003782 -0.287631 -0.530987 -0.224788 0.000009 0.000132 0.000172 0.000222 -0.001573 -0.042991 -0.107788 -0.103063 -0.022503 -0.043957 -0.067221 0.000222 -0.021274 -0.138575 -0.027014 -0.024540 -0.016360 -0.013492 -0.000240 -0.000150 0.000000 0.000000 -0.000069 -0.000066 0.000047 0.000146 0.003158 0.239585 0.234714 0.031314 0.016923 0.027931 0.036739 0.025824 0.030516 0.026455 0.025517 0.033729
0.068161 -0.125083 0.000662 0.001514 0.009761 0.158181 -0.272804 -0.346931 -0.066010 -0.084510 -0.265094 -0.171008 -0.454807 -0.621084 -0.818636 -0.364553 -0.021857 -0.195029 -0.648058 -0.150460 -0.040612 -0.000131 -0.000150 -0.000466 -0.001025 -0.007672 -0.451810 -0.039346 -0.082642 -0.021923 -0.036533 -0.000222 -0.005105 -0.032790 -0.494960 -0.042878 -0.049388 -0.014698 -0.014086 -0.001443 -0.010881 -0.009050 -0.015672 -0.006182 -0.000443 0.000124 0.007547 0.112571 0.107972 0.037146 0.016290 0.018830 0.031350 0.017935 0.029765 0.012587 0.013969 0.001976
0.100949 -0.079593 0.000066 0.000872 0.000420 0.241356 0.070698 -0.173654 -0.060809 -0.019717 0.001331 -0.172552 -0.406673 -0.558860 -0.698895 -0.287433 -0.028229 -0.052366 -0.502072 -0.068808 0.223552 -0.081980 -0.027151 0.017647 -0.004890 -0.069666 -0.351188 -0.109963 -0.519648 -0.061668 -0.018854 -0.006412 -0.002959 -0.186691 -0.243252 -0.268361 -0.060503 -0.033099 -0.026776 -0.009448 -0.017085 -0.020063 -0.036573 -0.023543 -0.041511 0.000000 0.002823 0.030259 0.065357 0.033063 0.000605 0.007410 0.014215 0.009476 0.016527 0.000347 0.000008 -0.000173
0.030294 -0.074951 -0.000821 -0.001600 -0.000486 0.000451 0.001539 0.153085 0.002125 0.001545 0.000894 0.000389 -0.304250 -0.570566 -1.018578 -0.274908 0.013400 0.014257 -0.360885 0.037178 0.224134 -0.297329 -0.122682 -0.005867 -0.095538 -0.080769 -0.243399 -0.021065 -0.428790 -0.011622 -0.006213 -0.017052 -0.005095 0.001036 -0.220418 -0.179756 -0.382533 -0.054376 -0.029897 -0.015948 -0.018227 -0.026822 -0.037910 -0.041596 -0.097745 -0.027475 -0.000329 0.002676 0.024996 0.011018 0.000294 0.000093 0.000091 0.000000 0.000000 -0.000178 -0.005152 -0.021789
-0.030631 -0.090356 -0.001029 -0.001482 -0.008336 -0.000302 0.004916 0.000216 0.000093 -0.000568 -0.001203 -0.000456 -0.011286 -0.356602 -0.726126 -0.309457 0.106477 0.065201 -0.043677 0.173865 0.268378 -0.236600 -0.064382 -0.017306 -0.020601 0.007590 -0.099415 -0.061399 -0.267287 0.057636 -0.002544 -0.003539 -0.004679 -0.000678 -0.000042 -0.000002 -0.312991 -0.263752 -0.032657 -0.017867 -0.019123 -0.048478 -0.010730 -0.049597 -0.135564 -0.099359 -0.010401 -0.000201 0.000102 0.000098 -0.000002 -0.000144 -0.000852 -0.011184 -0.008591 -0.010178 -0.016174 -0.044500
0.058227 -0.068981 -0.041361 -0.030806 -0.027942 -0.001341 0.009691 -0.002497 0.072678 -0.097227 -0.075700 -0.089785 0.051310 -0.049443 -0.522222 -0.253551 0.093407 0.246381 0.066417 0.160637 0.191261 -0.080161 -0.013005 -0.008376 0.000000 0.000000 -0.133467 -0.113883 -0.010638 0.173106 -0.000881 0.000000 -0.003840 -0.001843 -0.023316 -0.013550 -0.452789 -0.452201 -0.036866 -0.021653 -0.035261 -0.044726 -0.021352 -0.053927 -0.179915 -0.155679 -0.033143 -0.000687 -0.000224 -0.001323 -0.013548 -0.009762 -0.008292 -0.023369 -0.016084 -0.022101 -0.026320 -0.027808
0.000000 -0.031545 -0.029438 -0.064634 -0.030306 -0.007949 0.010106 0.041285 0.093553 0.225517 0.323684 0.311315 0.330976 0.091456 -0.098094 -0.094744 -0.008291 0.206682 0.218801 0.204654 0.202002 -0.064784 0.044171 0.003855 -0.068219 -0.101832 -0.119355 -0.098893 0.001820 0.013270 0.000174 -0.006228 -0.024717 -0.018444 -0.540766 -0.008561 -0.441094 -0.281015 -0.006466 -0.006100 -0.012935 -0.013949 -0.039969 -0.027903 -0.285432 -0.262024 -0.017423 -0.000737 -0.009146 -0.006060 -0.071886 -0.018566 -0.025212 -0.015884 -0.020873 -0.024677 -0.021256 -0.028967
-0.032638 -0.011720 -0.006258 -0.077529 -0.005830 -0.000584 0.029688 0.105554 0.109798 0.253227 0.348190 0.164233 0.141966 0.089603 -0.035515 -0.076144 0.020389 0.059294 0.008496 0.008798 0.190318 0.068889 0.120247 0.013715 0.092163 0.140586 -0.030318 0.000270 0.000198 -0.000009 -0.000431 -0.018897 0.042369 -0.147696 -0.391331 0.099065 -0.325572 -0.157049 -0.002644 -0.003540 -0.006894 -0.005184 -0.008652 -0.003057 -0.558082 -0.525662 -0.001954 -0.018858 -0.019630 -0.008884 -0.112770 -0.029950 -0.020593 -0.036064 -0.026384 -0.031748 -0.032917 -0.039827
-0.100750 -0.025415 -0.009575 -0.003303 0.000896 0.027280 0.061467 0.169363 0.118845 0.289980 0.405846 0.237369 0.189827 0.139844 0.134339 -0.063927 0.063230 0.235682 0.000848 0.001314 0.010326 0.120757 0.008906 0.001685 0.083619 0.230539 0.087053 -0.000598 -0.001876 -0.006739 -0.079249 -0.088470 0.040559 -0.031885 -0.241778 0.148776 -0.288427 -0.084798 -0.000471 -0.001484 -0.028566 -0.024179 -0.005543 -0.000957 -0.289796 -0.242066 -0.009104 -0.030384 -0.037490 -0.027359 -0.096063 -0.061747 -0.015655 -0.059725 -0.054441 -0.020094 -0.030663 -0.121040
-0.032910 -0.017403 -0.014953 -0.000871 0.022482 0.090097 0.098473 0.229704 0.110140 0.089756 0.180668 0.680349 0.341782 0.139370 0.000695 0.000408 0.118520 0.258205 0.000157 0.000928 0.001234 0.032306 0.001198 0.003654 0.003049 0.123893 0.123377 -0.008912 -0.135115 0.035528 -0.220883 -0.056056 0.000616 0.075145 -0.128883 0.342191 -0.202023 0.003992 0.004342 -0.010559 -0.114027 -0.222214 -0.029440 -0.004862 -0.233490 -0.315052 0.042913 -0.408499 -0.051464 -0.031590 -0.063420 -0.062668 -0.247541 -0.300549 -0.273456 -0.013206 -0.036364 -0.001571
0.000002 -0.004667 -0.010894 -0.003501 0.090029 0.177203 0.139716 0.105869 0.097238 -0.012019 0.172186 0.730832 0.238222 0.094378 0.000314 -0.000309 0.173031 0.144806 -0.000741 -0.001242 -0.000311 0.000271 -0.000113 0.003350 0.007359 0.100435 0.119774 0.124842 -0.267700 0.078642 0.151630 -0.002131 0.039948 0.478046 0.016565 0.648431 0.086374 0.018495 0.019162 0.023075 0.009564 -0.018183 -0.008849 -0.105375 -0.361625 -0.072086 0.054264 -0.069565 -0.503321 -0.060786 -0.057226 -0.029753 0.810161 0.197431 -0.041622 -0.823010 -0.017097 0.357524
-0.007572 -0.009942 0.170696 0.086684 0.129096 0.078712 0.041104 0.015274 0.012719 -0.028701 0.487607 0.873843 0.208993 0.074342 0.000459 0.001115 0.318778 0.126900 -0.052912 -0.012008 -0.001338 -0.001007 -0.054137 0.003978 0.015443 0.013499 0.428204 0.249978 -0.135311 0.362904 0.519889 0.042613 0.071191 0.053863 0.013469 0.017398 0.121972 0.012504 0.021858 0.016578 0.158940 0.215572 0.011247 -1.616275 0.024574 0.169943 0.043014 0.047006 0.022283 -0.019157 -0.046996 0.075437 0.162865 0.170287 0.086184 -0.608506 0.013537 0.160203
0.009713 0.033926 0.705044 0.100831 0.323648 0.040517 0.011768 0.003535 0.012309 0.062476 0.785490 1.264495 0.082150 0.001421 0.000858 -0.042874 0.209141 0.251148 0.460655 0.027841 0.024160 -0.098022 -0.047512 0.009516 0.042240 0.047061 0.060630 0.449988 0.018534 0.477128 0.029746 0.046721 0.070549 0.022981 0.013222 0.006653 0.052250 0.012289 0.009545 0.012849 0.022599 0.038894 0.024343 0.361049 0.456264 0.864405 0.639512 0.454885 0.641005 0.242612 0.035929 0.006941 0.001551 0.001007 0.001612 -0.459125 0.035689 0.048944
0.134067 0.151343 0.533282 0.159391 0.131060 -0.012863 -0.024064 -0.012825 -0.001508 0.015896 0.345857 0.919702 0.002400 0.001106 0.000370 -0.073143 0.080783 0.166503 0.401109 0.024781 0.097011 0.094942 0.037447 0.033445 0.030949 0.047067 0.071028 0.104313 0.090241 0.086504 0.006224 0.044937 0.056485 0.010511 0.000600 0.001970 0.003101 0.001737 0.000080 0.000545 0.004740 0.032629 0.012752 0.025310 0.116482 0.115798 0.138395 0.217794 0.104846 0.059219 0.008234 0.001249 0.000927 0.001234 -0.012671 -0.211644 0.029122 0.054519
0.143639 0.025798 0.050657 0.019457 0.008717 -0.030223 -0.108628 -0.218400 -0.002354 -0.000091 -0.000003 0.988819 0.394798 0.001349 0.001430 -0.050753 0.358684 0.027284 0.054154 0.049897 0.005501 0.110009 0.010380 0.012367 0.029044 0.024006 0.053053 0.072319 0.059209 0.036750 0.021628 0.020169 0.025358 0.001129 -0.000285 0.000108 0.003489 0.001574 -0.000510 0.000287 0.000408 0.019305 0.002065 0.000749 0.000758 0.009236 0.017642 0.293237 0.001199 0.000704 0.000554 0.000817 0.000686 0.014230 0.058677 -0.148196 0.020443 0.041850
0.010281 0.000319 0.004644 0.017724 0.010024 -0.008432 -0.041398 -0.696982 -0.046611 -0.029252 -0.016768 1.271279 0.661881 0.068420 0.003992 0.002314 0.023993 0.012281 0.022900 0.017771 0.000390 0.000021 0.000489 0.000326 0.013007 0.003111 0.021507 0.021873 0.130018 0.102898 0.010329 0.001728 0.001611 -0.000144 -0.008462 -0.001233 0.002924 0.001751 -0.000898 -0.000293 -0.000470 -0.000040 -0.000285 0.000218 0.002704 0.015027 0.038411 0.303709 0.005982 0.001108 0.000247 0.000331 0.000697 0.005489 0.009347 -0.109390 0.019397 0.033022
0.000000 -0.000016 0.024653 0.017542 0.008312 -0.001842 0.140945 -0.147253 0.132360 0.067059 0.101511 0.903894 0.512417 0.072582 -0.020239 -0.000170 0.000144 0.000346 0.000584 0.000078 -0.001882 -0.017790 -0.000201 -0.000208 -0.000003 0.001046 0.000690 0.009855 0.079025 0.083501 0.000681 0.000848 -0.001759 -0.003973 -0.007571 -0.021914 0.000360 0.000360 -0.001104 -0.000410 -0.018138 -0.011732 -0.024140 -0.003434 0.008948 0.012620 0.094502 0.136926 0.019796 0.003539 -0.000569 -0.000393 0.000189 0.000346 0.003108 0.077380 0.036455 0.031482
-0.008618 -0.000274 0.060866 0.029247 0.007418 -0.000457 0.225249 0.205371 0.274388 0.116828 0.231992 0.803152 0.487419 0.087116 0.058519 -0.148785 -0.000193 -0.000424 -0.000945 -0.001019 -0.195400 -0.121270 0.191294 -0.014043 -0.021228 -0.001043 0.000657 0.001995 0.055357 0.038460 -0.000401 -0.002154 -0.002238 -0.017423 -0.044243 -0.076775 -0.000360 -0.000360 -0.000467 -0.000419 -0.044022 -0.033342 -0.131580 -0.002750 0.001569 0.042180 0.031819 0.032725 0.017880 0.011980 -0.003067 -0.021200 -0.002845 -0.000660 0.010870 0.002435 0.007449 0.003057
0.229636 -0.119537 0.076187 0.022705 -0.000911 -0.001796 0.389506 0.559725 0.485126 0.291515 0.313069 0.540428 0.303592 0.067621 0.076985 -0.030138 0.016086 0.024116 0.059537 -0.079734 -0.162669 0.003979 0.302071 -0.035413 -0.046557 -0.010445 -0.000263 0.002529 0.017229 0.002901 -0.000973 -0.001694 -0.001876 -0.028812 -0.095238 -0.113146 -0.012422 -0.015495 -0.009159 -0.000867 -0.037087 -0.141210 -0.135376 -0.001284 0.001180 0.013562 0.006172 0.004866 0.024778 0.009563 -0.000084 -0.103623 -0.090147 -0.072109 0.004179 -0.000009 0.004394 0.000900
0.332457 -0.108751 -0.001138 -0.007676 -0.084538 -0.030911 0.645771 0.817588 0.608551 0.075449 0.051334 0.036725 0.014946 0.055719 0.011702 0.028627 0.000498 0.000379 0.104687 -0.066230 0.002460 0.008615 0.430081 -0.346615 -0.300426 -0.027929 -0.006685 0.000487 0.000774 -0.001034 -0.016620 -0.014093 -0.002625 -0.021491 -0.089311 -0.149109 -0.074961 -0.024679 -0.021714 -0.011935 -0.000460 -0.084265 -0.155997 -0.151133 -0.000012 0.000222 0.007195 0.007481 0.006775 0.000222 0.000103 -0.028560 -0.289049 0.121996 0.012627 -0.016721 -0.005331 -0.001971
0.385588 0.083659 0.037127 -0.041917 0.331433 0.629407 2.431250 0.987165 0.005816 0.010668 0.007462 0.004459 0.019239 0.026279 0.013564 0.000373 -0.000263 -0.000140 0.000011 0.000227 0.003461 0.000000 0.057807 0.039869 0.009262 -0.058054 -0.014300 0.000048 0.001263 -0.000930 -0.038428 -0.043622 -0.024982 -0.005510 -0.023921 -0.115150 -0.328697 -0.339580 -0.022885 -0.024401 -0.001402 0.000466 -0.685859 -0.115771 0.000103 -0.000222 -0.001102 0.000952 0.001230 -0.000222 -0.000103 -0.015865 -0.041368 0.126734 0.056135 -0.006992 -0.021060 -0.045190
0.061864 0.000000 0.000000 0.574048 0.459763 0.393849 0.303630 0.237410 0.014039 0.020919 0.010076 0.006527 0.002477 0.025323 -0.000028 -0.000730 -0.001623 -0.133788 -0.012382 -0.027743 0.000974 0.003269 0.000000 0.033722 0.016715 0.001037 0.000322 0.000182 0.000340 0.035846 -0.020678 -0.108007 -0.092393 -0.007835 -0.031765 -0.115697 -0.254470 -0.303372 -0.028997 -0.030201 -0.005066 0.000208 -0.243689 -0.138253 -0.000998 -0.004618 -0.007120 -0.005859 -0.005434 -0.011434 -0.010173 -0.015657 -0.026722 0.007151 0.005093 -0.002983 -0.007774 -0.111291
0.000000 -0.005237 0.021253 1.055559 0.015686 0.009310 0.026810 0.055147 0.042011 0.051055 0.002454 0.001370 0.001514 0.000093 0.078006 -0.113611 -0.164720 -0.010420 -0.061360 -0.170161 -0.001822 -0.003300 -0.009726 0.010273 0.003642 0.001880 0.000630 0.000245 -0.000000 0.006523 -0.001042 -0.082418 -0.194376 -0.119757 -0.123156 -0.036669 -0.150387 -0.154580 -0.311120 -0.008688 -0.005083 -0.001365 -0.200784 -0.135577 -0.001633 -0.004388 -0.006113 -0.006622 -0.004451 -0.026879 -0.167518 -0.103792 -0.006306 0.000000 0.000000 0.000073 -0.001613 -0.011882
-0.062072 0.011670 1.161276 1.359379 0.000926 0.000929 0.000733 0.023346 0.015936 0.014996 0.004150 0.001407 -0.000092 0.073301 0.067770 -0.112527 -0.424462 -0.032148 -0.102184 -0.057251 -0.008448 -0.008745 -0.015042 0.001625 0.002399 0.000614 0.002144 0.000111 -0.000340 0.000332 0.010591 -0.013949 -0.315845 -0.288058 -0.043667 0.000222 -0.186080 -0.074052 -0.652627 -0.003454 -0.004400 -0.001605 -0.090065 -0.240825 -0.205080 -0.139632 -0.015852 -0.003408 -0.002296 -0.053856 -0.321900 -0.571001 -0.021229 -0.007493 -0.004212 -0.000144 0.001590 0.093336
0.064929 0.084083 0.387694 0.334029 0.000873 -0.000800 -0.000494 0.000062 0.000360 0.000360 0.001654 -0.000059 -0.000493 0.136308 0.046728 -0.132717 -0.145282 -0.122300 -0.115407 -0.054007 -0.006257 -0.006594 -0.013916 -0.000739 0.001268 0.001748 0.021142 -0.000202 -0.001265 0.000365 0.007824 -0.001720 -0.259855 -0.255141 -0.010051 -0.000222 -0.137331 0.078471 -0.143157 -0.067311 -0.001881 -0.010597 -0.063049 -0.220089 -0.622068 -0.670240 -0.415337 -0.006471 -0.001509 0.051824 0.112014 -0.146044 -0.045625 -0.020601 -0.007710 0.032617 0.025807 0.333760
0.302618 0.004695 0.011865 0.000776 -0.000134 0.170627 -0.022990 0.022029 -0.000360 -0.000360 -0.001964 -0.001229 -0.000729 0.253312 0.066977 -0.080516 -0.135301 -0.139428 -0.131969 -0.085785 -0.008895 -0.060392 -0.009146 -0.005221 0.014914 0.015939 0.008289 -0.000607 -0.001145 -0.000362 -0.000008 0.000097 -0.174760 -0.225652 -0.166710 -0.193683 -0.074600 0.000000 -0.098782 -0.057746 -0.024408 -0.131851 -0.216899 0.059999 -0.138266 -0.371191 -0.235154 -0.257731 -0.002200 0.209908 0.217652 -0.076150 0.184205 -0.003101 -0.010576 0.009836 0.009244 0.024901
