use_cases/Flooding_chicago/flooding_data/output/hUy_960.asc
ncols 337
nrows 393
xllcorner 428428.000000
yllcorner 4602440.000000
cellsize 26.757400
NODATA_value -9999.000000
[rows 182 to 207 of 393, columns 232 to 289 of 337]
0.013484 0.334760 1.452569 0.378022 -0.615296 -0.670037 -1.039127 -0.011055 -0.010875 -0.005187 -0.001581 -0.000275 -0.000247 -0.000331 -0.000007 -0.000000 0.093876 -0.331618 -0.304024 -0.023587 0.371658 0.094015 0.432504 0.001767 -0.000286 -0.000340 -0.000286 0.087050 0.018002 0.044900 0.028609 0.016907 -0.106517 -0.051283 -0.077165 0.101575 0.094895 -0.001145 -0.007660 0.002468 0.344658 1.053430 0.750249 0.305749 0.085102 0.103115 0.114570 1.482467 0.559462 -0.044077 0.010399 0.000980 -0.123995 -0.192758 0.522904 0.014594 -9999.000000 -9999.000000
0.006751 0.028435 0.045656 0.057307 0.027824 0.140347 -2.507662 -0.185956 -0.027486 -0.035482 -0.029185 -0.007908 -0.000554 -0.006855 -0.005920 -0.005669 0.678839 -0.239714 -0.301494 -0.042769 0.524534 0.007876 0.029002 0.007419 -0.001106 -0.005989 0.064447 0.114879 0.022562 0.028979 0.040745 0.030257 -0.144740 -0.080199 -0.100938 0.000019 0.000538 0.000971 -0.005735 0.007280 0.221076 0.845577 0.961125 0.796715 0.118121 0.179990 0.151168 0.302789 0.197708 0.127901 0.057712 0.008194 -0.081078 -0.302522 0.664308 0.023282 -9999.000000 -9999.000000
0.001206 0.024959 0.017802 0.047346 0.016813 0.031297 -0.996780 -0.926838 -0.703137 -0.066649 -0.054705 -0.041204 -0.009010 -0.014044 -0.034021 0.114331 0.593521 -0.149139 -0.007122 0.030580 0.034622 0.010899 0.001142 0.000519 -0.009625 -0.018213 0.115465 0.129982 0.027578 0.018718 0.066212 0.038859 -0.084586 -0.099749 -0.101577 -0.103253 -0.000477 -0.000094 0.000264 0.052388 0.222625 0.806620 1.333337 0.890555 0.081803 0.222807 0.006107 0.012416 0.056332 0.057227 0.013404 0.013404 0.126509 -0.227307 1.023515 0.056132 0.005106 -9999.000000
0.000891 0.005483 0.008680 0.019567 0.004386 0.016104 0.013776 -0.682949 -0.639176 -0.452526 -0.259610 -0.648821 -0.280654 -0.170408 -0.117455 0.229593 0.517409 -0.093952 -0.002041 0.000454 0.001191 0.000972 0.000183 -0.000237 0.198595 0.220791 0.184802 0.564423 0.023265 0.026444 0.125070 0.106311 -0.035295 -0.429834 -0.447570 -0.742809 0.250869 -0.000995 -0.000478 0.136016 0.305110 0.869367 1.653810 1.188065 0.000996 0.003669 0.000172 0.005928 0.027045 0.027709 0.007141 0.007141 0.062557 0.039698 0.035991 0.021096 0.005306 -9999.000000
0.000004 0.000222 0.000103 0.000473 0.003048 0.001666 0.000359 0.000371 -0.000985 -0.397795 -0.221228 -0.499488 -0.440631 -0.322719 0.328649 0.310942 0.350172 -0.333873 -0.535945 -0.000369 -0.000909 -0.000958 -0.001069 -0.010678 0.352429 0.521864 0.007725 0.349756 0.105919 0.141583 0.008930 0.004614 0.052713 -0.099461 -0.345398 -0.491397 0.485797 -0.188261 -0.179175 0.144415 0.141182 0.446817 1.714737 0.811237 0.001852 0.012020 -0.005709 0.000000 0.000000 0.000000 0.000000 0.000000 0.031699 0.000610 0.008881 0.001251 0.001213 0.000734
-0.004866 -0.000222 -0.000103 0.000877 0.004668 -0.000074 -0.000224 0.000078 0.000414 0.000053 0.000358 0.098429 0.099131 -0.033540 0.448046 0.535803 -0.016143 -0.555247 -0.717940 -0.022425 -0.001031 -0.019528 -0.032067 -0.197180 0.139745 0.010132 0.005568 0.027378 0.018418 0.053870 0.022378 0.006790 0.012654 0.005051 -0.419416 -0.250524 0.726613 0.361879 0.467951 0.157400 0.134163 0.388467 1.457090 0.727636 0.351957 0.010291 0.048778 0.156372 -0.009358 -0.016642 -0.006885 -0.010661 -0.000004 -0.000083 0.000000 -0.000872 -0.000032 0.000800
0.069300 -0.008865 -0.002534 0.001492 0.030175 0.028708 0.004232 -0.172004 -0.250686 -0.001545 -0.000751 -0.000028 0.222859 0.295994 0.128038 0.054185 0.130690 -0.285018 -0.712609 -0.334866 -0.420310 0.183797 0.549239 0.052671 0.000550 0.000007 0.000326 0.007209 0.006307 0.008455 0.017169 0.000000 0.000000 -0.006824 -0.117721 0.108377 0.959066 0.498523 0.415440 0.124450 0.075913 0.335347 1.271101 1.409322 0.576765 -0.006090 0.004162 0.197394 0.035574 0.043616 0.099544 -0.394415 -0.007344 -0.010325 -0.003663 -0.028281 -0.001221 0.000977
0.041275 0.000913 0.000996 0.003185 0.015640 0.024109 0.037715 0.165795 -0.107501 0.184579 -0.164097 0.003828 0.183079 0.356004 0.000308 0.000072 0.023083 -0.000849 -0.552300 -0.235269 -0.328557 0.587374 0.391310 -0.075372 0.001083 -0.000331 -0.000208 -0.000003 0.000149 0.000160 0.000004 -0.010827 -0.009243 -0.000655 0.322545 0.831945 1.171651 0.418511 0.524620 0.174302 0.063342 0.047795 0.801149 0.800857 0.891176 0.000156 0.000554 0.007018 0.070483 0.058281 0.103086 -0.382280 -0.049546 -0.046147 -0.063496 -0.065797 -0.000287 0.001370
0.013369 0.011288 0.003152 0.004088 0.001546 0.013957 0.016412 0.344963 -0.035759 0.371062 -0.030655 0.020053 0.040967 0.546232 -0.010467 -0.079198 0.000000 0.016587 -0.202060 -0.350894 -0.232882 0.786899 0.066747 0.027234 0.005090 -0.000490 -0.007017 -0.009385 -0.000696 -0.000045 -0.000432 0.049079 -0.021799 0.235342 0.779517 0.297693 0.379546 0.463031 0.705984 0.001833 0.001058 0.086941 0.083289 0.818568 1.428595 -0.000095 0.000247 0.000331 0.000236 -0.001930 0.079522 -0.082306 0.030468 -0.076182 -0.022582 -0.011343 0.000596 0.001638
0.000287 0.000105 0.000222 0.000103 0.000108 0.000377 0.000198 0.002250 0.278366 0.614178 0.056841 -0.003390 -0.423338 0.826693 0.024286 -0.111930 0.296261 0.011763 0.259166 -0.280557 -0.002082 0.968520 -0.110230 0.248077 0.022253 -0.001371 -0.032008 -0.034990 -0.000714 -0.000329 0.000327 0.233304 0.106514 0.368170 0.653031 0.231982 0.335345 0.481322 1.146645 0.004450 0.000913 0.145912 0.095832 0.812666 1.176258 -0.024331 -0.000569 -0.000393 -0.000212 -0.089157 0.117073 -0.077694 0.015452 0.006348 -0.006615 0.000125 -0.000038 -0.000631
0.000147 -0.000135 -0.000222 -0.000103 -0.000559 -0.000648 -0.000232 0.010855 0.312882 0.543618 0.033968 0.125110 -0.742538 1.007610 0.190310 0.268765 0.024680 0.007242 0.038882 0.030772 0.032010 0.027681 0.004233 0.109894 0.075135 0.000084 -0.009480 -0.010007 -0.019363 -0.009059 0.192760 0.336613 0.198849 0.495993 0.283469 0.143126 0.164364 0.266746 1.105864 0.008940 0.000152 0.234750 0.110760 0.891513 1.050087 0.113260 -0.007603 -0.007521 -0.150016 -0.175813 0.213457 -0.072474 0.024708 0.085365 -0.002254 -0.001359 -0.017678 -0.002028
-0.002313 -0.015901 -0.003946 -0.008729 -0.006434 -0.000051 0.002078 0.053220 0.552823 0.104301 0.107541 0.379614 -0.477529 1.491431 0.626239 0.024115 0.013701 0.004488 0.007736 0.003870 0.000326 0.007187 0.003823 0.032051 0.021813 -0.002490 0.000000 -0.004699 -0.035136 -0.326308 0.603995 0.662551 0.252163 0.121573 0.255175 0.035919 0.185764 0.278660 1.203977 0.374006 0.245182 0.246859 0.778409 0.726458 0.946927 0.033621 -0.220328 -0.267442 -0.138856 -0.175066 0.447759 -0.030636 0.018112 0.356241 0.125076 0.126966 -0.488714 -0.026307
-0.038051 -0.059423 -0.048700 -0.054079 -0.045146 0.008366 0.035285 0.058693 0.188888 0.210011 0.242286 0.057663 0.080061 0.045584 0.051048 0.027142 0.000360 0.000360 0.000130 -0.001037 -0.000208 -0.000003 0.000835 0.000415 0.000017 -0.003986 -0.008965 -0.002086 0.265511 0.259968 0.981279 0.777409 0.407661 0.074047 0.037422 0.023768 0.332684 0.388010 1.359596 0.912386 0.323394 0.239471 1.383301 0.606208 0.392420 -0.050402 -0.237955 -0.332077 -0.017197 0.016983 0.014669 0.002255 0.010340 0.427553 0.174669 0.171287 -0.395881 -0.293802
-0.206658 0.068213 0.065925 0.000512 0.046335 0.042948 0.026497 0.032039 0.021221 0.366891 0.193514 0.088279 0.075642 0.010784 0.018460 0.020281 -0.000360 -0.000360 -0.000130 -0.003285 -0.022974 -0.014199 -0.001417 -0.000655 -0.013202 -0.023380 -0.189036 0.431329 0.478849 0.509578 1.111746 0.504083 0.036865 -0.037650 -0.015827 0.005560 0.003604 0.505980 1.685191 1.072151 0.467537 0.276015 0.430123 0.006207 0.001249 0.053371 -0.077753 0.042611 0.005735 0.009923 0.003984 0.000344 0.041312 0.285590 0.234118 0.218800 0.049356 -0.163061
0.253653 0.422095 0.262754 0.203259 0.015286 0.005625 0.011614 0.010445 0.012512 0.144659 0.158963 0.233709 0.019395 0.000000 0.000000 0.000233 -0.001188 -0.013953 -0.002000 -0.007067 -0.058607 -0.188589 -0.275054 0.275724 0.469266 0.970142 0.676154 0.546476 0.550750 0.593825 0.708363 0.002447 0.000862 -0.083883 -0.055409 -0.011221 -0.005553 1.291738 1.827742 0.790494 0.550531 0.006258 0.012140 0.000554 0.000609 0.028423 0.025752 0.097494 0.000593 0.000208 0.000003 -0.000209 0.046546 0.341957 0.276534 0.253184 0.149511 -0.008479
0.429813 0.426304 0.028775 0.008726 0.008947 0.000391 0.000175 0.000068 0.000088 0.038180 0.054744 0.190176 0.014009 -0.002154 -0.003466 -0.000441 -0.001056 -0.028193 -0.004284 -0.004393 0.366871 1.314773 0.574866 0.453698 0.721966 0.945067 0.425786 0.108936 0.062688 0.006414 0.000664 0.000620 -0.000188 -0.341108 0.164022 -0.095831 0.022767 1.208632 1.607026 0.832647 0.006092 0.011512 0.016576 0.000247 0.000331 0.007368 0.150457 0.007491 0.002202 -0.000326 -0.005981 -0.003603 0.000321 0.388628 0.544197 0.448653 0.263175 -0.088417
0.355126 0.007110 0.000250 0.000323 0.000418 -0.000121 -0.000142 -0.000065 -0.000086 0.083197 0.100766 0.060425 0.024371 -0.000387 -0.002759 -0.013463 -0.021185 -0.008582 -0.029364 0.843305 0.576779 0.457802 0.851051 0.405284 0.747281 1.224630 0.139226 0.000670 0.000016 -0.002071 -0.000785 -0.000801 0.160029 0.196356 0.280619 0.466664 0.400665 1.065790 1.425388 0.709619 0.005158 0.013640 0.023606 -0.000569 -0.000393 0.010197 0.007408 0.000904 0.005795 -0.001193 -0.038279 -0.002265 -0.000359 0.432961 0.562077 0.706773 0.209619 -0.124113
0.054476 -0.000000 -0.000011 -0.000405 -0.000586 -0.008838 -0.005341 -0.009785 -0.035294 0.289362 0.157769 0.061938 0.017945 -0.022916 -0.044153 -0.047939 -0.055625 0.030345 0.283346 0.869717 0.180031 0.180166 0.090910 0.033948 0.245573 0.386663 0.232874 0.001142 0.001487 0.006635 0.008045 0.005836 0.340701 0.582954 0.874675 0.827323 0.643293 1.028517 0.802819 0.571156 0.330297 0.014320 0.019477 0.024784 -0.019190 0.000143 0.000347 0.000743 0.000347 -0.000710 -0.018499 0.173802 0.119814 0.412409 0.318193 0.377415 0.314644 0.004040
0.085625 0.066277 -0.000594 -0.007010 -0.008057 -0.014782 -0.181493 -0.199796 0.219889 0.402928 0.078643 0.051787 0.000000 -0.012297 -0.096599 -0.013446 0.083349 0.128773 0.452879 0.164882 0.342225 0.292128 0.000360 0.000360 0.069294 0.536266 0.007749 0.002154 0.018234 0.056320 0.051846 0.072435 0.787158 1.272012 1.252117 0.949298 0.271242 0.051158 0.047011 0.333834 0.243167 0.180977 0.211985 0.153116 0.731949 -0.000174 -0.000439 -0.001073 -0.000439 -0.000467 0.187875 0.505864 0.218878 0.458079 0.010378 0.014965 0.573617 0.016487
0.063927 0.069613 0.108987 -0.086208 -0.014844 -0.003333 0.194905 0.015050 0.244371 0.242708 0.065290 0.099702 0.007846 0.003422 -0.016298 -0.000031 0.128820 0.196530 0.004221 0.431724 0.179534 0.167266 -0.000360 -0.000360 0.147479 0.282415 0.000506 0.001187 0.008425 0.016712 0.011980 0.009791 1.358434 1.695765 1.590124 1.122629 0.037057 0.015931 0.004359 0.343454 0.382886 0.071591 0.138207 0.097470 0.744276 -0.000854 -0.008059 -0.011991 -0.008059 0.136606 0.381793 0.701898 0.016340 0.052868 0.018775 0.004038 0.094447 0.021267
0.018576 0.018229 0.025379 0.052293 -0.076207 -0.003729 0.350682 0.055598 0.261857 0.259760 0.013073 0.007052 -0.009075 -0.000608 0.000889 0.000465 0.059147 0.040084 0.018107 0.625887 0.000000 0.219165 0.130552 0.098423 0.051252 0.290231 -0.000222 0.000866 0.000771 0.000842 0.000042 0.000001 1.069201 1.075747 0.657552 0.028526 0.004982 0.008635 0.010411 0.128336 0.144805 0.012023 0.016551 0.167171 0.646595 0.476221 1.005282 0.143282 0.125181 0.200773 0.203698 0.193581 0.001921 0.016137 0.009331 0.011254 0.019705 0.004636
0.001130 0.007625 0.012741 0.005766 -0.017133 0.013655 0.374303 0.129135 0.013319 0.023582 0.006420 0.000764 -0.017291 -0.027722 -0.002730 -0.000525 0.114158 0.081214 1.262379 0.706743 0.180731 0.144462 0.099244 0.108051 0.048770 0.155601 -0.120867 -0.000540 0.000315 -0.000264 -0.009419 0.494087 1.438016 1.322973 0.225984 0.009269 0.010292 0.000710 0.049131 0.061109 0.076998 0.005317 0.008898 0.011578 0.084275 0.582850 0.432475 0.269387 0.237876 0.242307 0.232841 0.220068 0.001480 0.000000 0.009985 0.012386 0.000904 0.006568
-0.000994 0.000000 0.000065 0.000065 -0.000637 0.026501 0.074077 0.001085 0.000990 0.000991 0.000000 0.000025 -0.003137 -0.215583 0.028624 -0.015499 0.141456 0.609045 1.195545 0.079094 -0.016910 0.020594 0.034020 0.072724 0.000222 0.071263 -0.135775 -0.000828 -0.000591 0.014701 0.241845 0.612819 1.144121 0.450777 0.285126 0.024424 0.009841 0.001479 0.032535 0.022407 0.049872 0.010029 0.000765 0.000381 0.001061 0.257010 0.618277 0.372949 0.328356 0.268978 0.213950 0.233786 0.004509 -0.002354 -0.000050 0.000347 0.000743 0.000347
-0.009921 -0.005378 -0.000556 -0.000124 0.004717 0.011687 0.000234 -0.000186 -0.001032 -0.001271 -0.011136 -0.000950 0.000415 0.000205 0.184690 0.535985 0.564427 0.594182 0.754593 0.000000 0.023637 0.032585 0.009535 -0.023879 -0.000222 0.037466 -0.090627 -0.000894 -0.000847 0.023607 0.396906 0.685021 1.526428 0.074521 0.083961 0.047259 0.000323 0.001106 0.009010 0.001516 0.020700 0.001938 0.000440 0.000022 0.005822 0.010877 0.841535 0.433973 0.387848 0.289639 0.201854 0.015496 0.004873 -0.005555 -0.008742 -0.000439 -0.001073 -0.000439
-0.013006 -0.014698 -0.004645 -0.000678 0.003600 -0.028623 -0.000524 -0.001162 -0.021203 -0.017783 -0.028099 -0.010268 -0.000673 0.000021 0.444518 0.443794 0.713582 0.124212 0.448416 -0.061159 0.051103 0.036957 0.044918 -0.022690 -0.023343 0.031380 -0.020555 -0.001785 -0.007060 0.023219 0.102669 0.106377 1.607487 0.154091 0.127726 0.083621 -0.000011 0.000083 0.000222 0.000374 0.000020 -0.000917 -0.000658 -0.000374 0.019332 0.033236 1.092762 0.466063 0.428047 0.301875 0.000695 0.000795 0.000391 -0.008871 -0.009483 -0.025011 -0.025574 -0.006263
-0.001267 -0.003811 -0.021141 -0.002233 -0.000127 -0.038630 -0.012824 -0.004607 -0.077811 -0.054748 -0.055430 -0.031541 -0.002326 -0.000484 0.640526 0.584630 0.389281 0.091155 0.557295 -0.005816 0.058302 0.051618 0.046789 0.033942 -0.005405 0.114616 0.059161 0.019561 -0.010496 -0.008467 0.107369 0.106831 1.293886 0.696692 0.134846 0.119480 -0.000151 -0.000284 -0.000222 -0.000423 -0.005897 -0.008116 -0.025005 0.236585 0.237780 0.411562 1.095026 0.067525 0.469217 0.083017 0.000035 -0.000721 -0.000367 -0.003206 0.202340 -0.502609 -0.440589 -0.003842
