use_cases/Flooding_chicago/flooding_data/output/hUy_360.asc
ncols 337
nrows 393
xllcorner 428428.000000
yllcorner 4602440.000000
cellsize 26.757400
NODATA_value -9999.000000
[rows 104 to 129 of 393, columns 174 to 231 of 337]
0.002603 0.006620 0.026159 0.247449 0.299033 0.105480 -0.000396 -0.016768 -0.012574 -0.037375 -0.016716 -0.004012 -0.002105 0.000077 -0.000343 -0.046844 -0.026999 -0.022440 -0.019201 -0.025704 -0.117208 -0.122021 -0.075044 0.049932 0.072974 0.108558 0.069928 -0.065539 -0.156833 -0.264591 -0.247743 -0.020318 0.086118 0.087296 0.037846 -0.009219 -0.005769 0.094998 0.012138 0.014119 0.015319 -0.002212 -0.005931 -0.002628 -0.002338 -0.003356 -0.019341 0.110686 0.000101 -0.021392 -0.012609 -0.632121 -0.038395 -0.006381 -0.028033 -0.003882 -0.025974 -0.026876
0.000955 0.002413 0.013829 0.010519 0.035617 0.036281 -0.001709 -0.045641 -0.060903 -0.069993 -0.015903 -0.020724 -0.001998 -0.000695 -0.000442 -0.016948 -0.044836 -0.878079 -1.717794 -0.035875 0.066668 0.144638 0.006539 0.060292 0.100972 0.170076 0.131330 0.148533 -0.415534 -1.074384 -0.111301 0.043234 0.018129 0.346254 0.219161 0.539784 0.038344 0.023908 0.008925 0.000858 0.000109 0.000281 -0.002066 -0.001408 -0.001091 -0.002738 -0.013047 0.030026 0.000360 0.000360 -0.001094 -0.164648 0.042636 -0.149818 -0.033035 -0.012086 -0.044393 -0.004247
-0.000134 0.000569 0.000166 0.000404 0.009360 0.011499 -0.000120 -0.185975 -0.029734 -0.289680 -0.128208 -0.035988 -0.016783 -0.004869 -0.008596 -0.001821 0.129609 0.352297 0.237563 0.668592 0.689589 0.745965 0.087872 0.108769 0.121949 0.223592 0.163198 0.361078 -0.121307 -0.481712 0.080066 0.039950 0.027801 0.024874 0.095956 0.040113 0.034608 0.011680 0.000427 0.000056 -0.000045 -0.000278 -0.002178 -0.027841 -0.002940 -0.005539 -0.000100 -0.000010 -0.000360 -0.000360 -0.001159 -0.007721 0.017866 0.000000 0.000000 -0.004921 -0.005329 -0.001422
-0.001637 0.000724 -0.000104 -0.000102 0.000682 0.005830 0.000702 -0.153159 0.165994 0.105915 0.247502 -0.007463 -0.223125 -0.074398 -0.048759 0.185866 0.210084 0.086180 0.039576 0.037988 0.033224 0.042462 0.021592 0.030876 0.221249 0.360210 0.325839 0.440048 0.212290 0.391126 0.052793 0.038708 0.034145 0.022498 0.031234 0.035556 0.029784 0.002061 -0.000032 -0.000154 -0.005101 -0.008955 -0.024279 -0.055937 -0.014235 -0.114161 -0.095998 -0.008152 -0.013928 -0.001814 -0.001691 0.047205 0.011324 0.006512 -0.032925 -0.030400 -0.013740 -0.016995
-0.004908 0.000621 -0.000865 -0.005687 -0.000131 0.000000 0.001809 0.058917 0.137825 0.008205 0.115229 0.225962 0.007731 0.144397 0.111538 0.077935 0.033185 0.020057 0.025854 0.009003 0.016584 0.027293 0.015977 0.023733 0.026211 0.315112 0.059645 0.079689 0.098690 0.060720 0.041110 0.029050 0.010591 0.013866 0.006887 0.007573 0.017618 0.007970 0.000100 0.000237 -0.025167 -0.078218 -0.124287 -0.082177 -0.136843 -0.189493 0.210794 -0.058989 0.021596 0.006402 0.220470 0.137875 0.101885 0.058256 -0.058714 -0.034311 -0.032379 -0.092224
0.020099 -0.000567 0.001746 -0.298703 -0.009704 -0.004217 0.008499 0.153155 0.014299 0.025903 0.017839 0.051859 0.004248 0.024311 0.016214 0.014707 0.022291 0.007857 0.000646 0.000803 0.000393 0.000143 0.000291 0.000907 0.012959 0.186923 0.056643 0.061035 0.042565 0.056979 0.019140 0.010901 0.008631 0.000000 0.000015 0.000468 0.000528 0.005374 0.000138 0.000057 0.000148 0.000191 -0.049440 -0.031701 -0.063100 -0.219522 0.230825 0.209581 0.025651 0.034844 0.065751 0.033904 0.028868 0.010497 -0.016068 -0.005552 -0.005485 -0.251356
0.017030 0.000000 0.002838 0.000402 -0.052049 -0.007869 0.045378 0.064682 0.050487 0.062714 0.017999 0.008296 0.002787 0.000068 0.000174 0.000313 0.000397 -0.000013 -0.000454 -0.000713 -0.000365 -0.000141 0.000553 0.002919 0.060352 0.304639 0.032352 0.037612 0.040633 0.068392 0.006488 0.001244 0.003205 -0.012211 -0.004944 -0.000569 -0.000457 -0.000016 -0.000000 -0.000094 -0.000162 -0.000178 -0.010180 -0.035352 -0.297968 -0.024186 0.009809 0.018529 0.025795 0.010881 0.067617 0.015451 0.017075 0.001072 -0.003272 -0.001525 -0.002002 -0.152155
0.000375 -0.017536 0.000000 -0.000151 -0.011624 -0.043382 0.020491 0.034743 0.007599 0.038446 0.001069 0.006918 0.001450 -0.000069 -0.000184 -0.000416 -0.000625 -0.021108 -0.016400 -0.014024 -0.008507 -0.011008 0.001964 0.025570 0.122881 0.014206 0.014875 0.015046 0.029660 0.040109 0.038857 0.007397 -0.007597 -0.058350 -0.003498 -0.012349 -0.012164 -0.007390 -0.006608 -0.000165 -0.005783 -0.016051 -0.071557 0.371058 -2.464417 -0.003609 0.000550 0.008002 0.020172 0.007749 0.036472 0.007550 0.018627 0.000596 -0.000121 0.004434 0.051064 -0.070930
-0.003575 -0.083876 -0.003663 -0.008457 -0.049485 -0.094780 0.000412 0.009440 0.004043 0.009757 0.000683 -0.002500 -0.005513 -0.005122 -0.026514 -0.012791 -0.010740 -0.023279 -0.066333 -0.065757 -0.067046 -0.080582 0.026733 0.018251 0.054755 0.000170 0.000121 0.000788 0.011012 0.014281 0.014628 0.007685 -0.002948 -0.088048 -0.035058 -0.039630 -0.030966 -0.017405 -0.021693 -0.007054 -0.019778 0.354832 0.305393 0.902658 -0.691335 0.081422 0.001505 0.000475 0.007598 0.000449 0.000569 0.000393 0.015270 0.002934 0.021481 0.062594 0.121776 0.254852
-0.004199 -0.037084 -0.031660 -0.046272 -0.109376 -0.077216 0.000437 0.000421 0.000378 0.000334 0.000094 -0.000878 -0.021040 -0.144136 -0.156719 -0.213340 -0.036124 -0.028044 -0.026885 -0.030076 -0.018121 0.000548 0.005374 0.000250 0.004224 0.000086 -0.000080 -0.000092 0.000018 0.000432 0.000990 0.000222 -0.000700 -0.050949 -0.077014 -0.058243 -0.066108 -0.032889 -0.030148 -0.020050 -0.043388 0.395817 0.298908 0.227841 -0.527089 0.052617 0.016553 0.001684 0.000004 0.000211 -0.000247 -0.000331 0.006107 0.002513 0.011830 0.010450 0.031483 0.106141
-0.009850 -0.022945 -0.009621 -0.067474 -0.399414 0.071670 0.000511 0.000527 0.000238 -0.000015 -0.000065 0.000109 -0.031407 -0.106361 -0.103651 -0.072783 -0.005272 -0.005557 -0.090029 -0.007239 -0.000001 -0.000065 0.000000 -0.000086 -0.001850 -0.000506 -0.007264 -0.005027 -0.009066 -0.000636 -0.001016 -0.000222 -0.000530 -0.006264 -0.041966 -0.045129 -0.159993 -0.124934 -0.056710 0.168700 0.217561 1.369887 0.492166 0.259292 0.067219 0.062575 0.029637 0.021866 0.023054 -0.000024 -0.000554 -0.009981 -0.000166 -0.000004 0.000144 0.000612 0.007313 0.001080
-0.005487 -0.008818 -0.007020 -0.009936 -0.218223 0.164032 0.000071 0.000173 -0.000341 -0.000331 -0.016190 -0.001679 -0.068423 -0.117123 -0.115457 0.000015 -0.004221 -0.004341 -0.219532 -0.010678 -0.008311 -0.004918 -0.009027 -0.011245 -0.045824 -0.014986 -0.024888 -0.020815 -0.021677 -0.011025 -0.013062 -0.003946 -0.000067 -0.001429 -0.005132 -0.005157 -0.000205 -0.042393 0.146277 0.412716 0.269933 0.170022 0.296976 0.212493 0.044796 0.029198 0.013556 0.012562 0.016004 0.000888 -0.001289 -0.030329 -0.005729 -0.001054 -0.000075 0.000193 0.000017 0.000670
-0.030124 -0.028928 -0.006692 -0.004744 -0.171158 0.241143 -0.000084 -0.000350 -0.007979 -0.005098 -0.043647 -0.014284 -0.066347 -0.086531 -0.092614 -0.000759 -0.003116 -0.002386 -0.121589 -0.255691 -0.024224 -0.028015 -0.011038 -0.656565 0.016119 -0.137764 -0.033602 -0.037629 -0.021819 -0.026290 -0.013549 -0.020818 -0.004352 -0.001042 -0.000078 0.000260 -0.002759 -0.000243 0.292177 0.396209 0.099548 0.035761 0.085026 0.129844 0.034720 0.011459 0.000204 0.000702 0.002568 0.000375 -0.000296 -0.031329 -0.023123 -0.001503 -0.016862 -0.001242 -0.000447 -0.000526
-0.095047 -0.110853 -0.002346 -0.006540 0.003525 0.028184 -0.007205 -0.005589 -0.021786 -0.015716 -0.076366 -0.323890 -0.013486 -0.342091 -0.049136 -0.014832 -0.019076 -0.001483 0.000245 -0.179833 -1.004987 -0.012616 -0.073611 0.000900 0.067017 0.025949 -0.009718 -0.008066 -0.007647 -0.024089 -0.008576 -0.166577 -0.129635 -0.006214 -0.033536 -0.002731 -0.001642 0.493445 0.406000 0.314723 0.011585 0.015572 0.009244 0.066251 0.007721 0.004855 -0.000165 -0.000248 0.000866 0.000219 -0.000283 -0.014571 -0.044461 -0.012063 -0.045014 -0.010814 -0.003513 -0.006098
-0.040193 -0.289773 -0.012631 -0.073211 0.014946 0.001015 -0.023507 -0.024044 -0.516870 -0.370562 -0.079654 -0.348864 0.024971 0.002009 -0.024347 -0.018299 -0.022092 -0.000981 -0.000448 -0.128374 -0.140290 -0.002707 0.000037 0.000853 0.000727 0.073665 -0.004624 -0.004373 0.013556 -0.003074 -0.022748 -0.013329 0.018521 0.002208 -0.081759 -0.014229 0.033539 0.468283 0.012874 0.010901 0.001506 0.000906 0.000638 0.004431 0.006861 0.002052 -0.004041 -0.000528 -0.000455 -0.000219 -0.006694 -0.000833 -0.043864 -0.033433 -0.055962 -0.014141 -0.004981 -0.001793
-0.013779 -0.210042 -0.008463 0.213001 0.002848 0.020532 0.000932 0.015369 -0.244759 -0.079693 0.109083 0.002040 0.000000 -0.004935 -0.018863 -0.018854 -0.019805 -0.007354 -0.013571 -0.257337 -0.065065 -0.034203 -0.000477 -0.000704 0.000176 0.066026 -0.000424 -0.001330 0.000105 0.002746 0.019518 0.116159 0.107498 0.016000 0.111733 0.033610 0.212368 0.471243 0.001065 0.001289 0.001659 0.000282 0.001050 0.003752 -0.005719 -0.010109 -0.005570 -0.000372 -0.000605 -0.000375 -0.015603 -0.008809 -0.032428 -0.082757 -0.023643 0.006147 0.012924 0.000264
-0.003406 -0.164030 0.015362 0.029863 0.025972 0.011944 0.001908 0.006203 0.000829 -0.023789 0.006868 0.007515 -0.017812 -0.007679 -0.011953 -0.012254 -0.011317 -0.005118 -0.021084 -0.426017 -0.187886 -0.030784 -0.000312 -0.000862 -0.000756 0.061264 0.001464 0.000360 0.002167 0.013665 0.011634 0.064143 0.007871 0.005611 0.075244 0.124282 0.106332 0.128736 0.001993 0.001794 -0.001051 -0.000710 0.000800 0.000567 -0.050912 -0.081087 -0.001773 -0.000505 -0.001037 -0.007861 -0.021095 -0.030777 -0.035051 -0.111076 0.030383 0.081057 0.115253 0.170774
-0.066616 -0.102411 0.000007 0.000472 0.007151 0.001945 0.000108 0.000000 0.000626 0.000783 0.009716 0.022991 -0.028820 -0.023879 -0.061870 -0.081642 -0.019648 -0.013538 -0.003477 -0.337843 -0.203397 -0.004995 -0.001053 -0.002201 -0.000669 0.058254 0.006246 0.002591 0.018850 0.020032 0.008260 0.013735 0.018866 0.014785 0.090908 0.028035 0.010028 0.058234 0.003392 0.001623 -0.001355 -0.005039 -0.002491 -0.000703 -0.021489 -0.235652 -0.012803 -0.009265 -0.010674 -0.015941 -0.020261 -0.040899 0.667831 0.109233 0.155298 0.015957 0.012514 0.034173
-0.083669 -0.013990 -0.006110 -0.000039 0.000000 -0.000355 -0.001611 -0.021545 -0.002670 -0.000787 0.002182 0.012722 0.022204 -0.006965 -0.063745 -0.070380 -0.080850 -0.168645 -0.141300 -0.260946 -0.181589 -0.001288 -0.004822 -0.001781 -0.001282 0.007038 0.058908 0.028929 0.016816 0.011151 0.005162 0.014449 0.028358 0.044150 0.053474 0.000484 0.000142 0.001501 0.004027 0.000213 -0.001638 -0.004994 -0.018417 -0.026920 0.020890 -0.354371 -0.050820 0.063474 0.041211 0.014894 0.008839 1.870372 1.506624 0.926715 0.030091 0.016734 0.007968 0.036712
-0.009952 0.130921 0.289543 -0.000426 -0.006427 -0.001602 -0.013499 -0.082186 0.027055 -0.026675 0.000774 0.004190 0.008663 0.000318 -0.035283 -0.037310 -0.182199 -0.499089 -0.551306 -0.130902 -0.117693 -0.074030 -0.003984 -0.002898 -0.000105 0.001570 0.011074 0.013627 0.006575 0.000555 0.000396 0.000161 0.061952 0.014674 0.019478 0.000576 -0.000084 0.001095 -0.001251 -0.001314 -0.000075 -0.003120 -0.004799 0.253324 0.098495 0.114964 0.151661 0.097695 0.037861 0.027149 0.048529 0.054505 0.031886 0.090845 0.034046 0.018824 0.040691 0.042752
0.043748 0.113577 0.194240 0.086853 0.005790 0.001101 -0.079032 0.342542 -0.031965 -0.195713 0.000000 0.000000 0.000074 0.000381 -0.006588 0.331170 0.003866 -0.044224 -0.146704 -0.305477 -0.694855 -0.356587 -0.001945 -0.002089 0.000307 0.000161 0.000002 0.000158 -0.000013 -0.000401 -0.000330 0.091070 0.010302 0.007424 0.008433 0.000882 -0.002816 -0.002130 -0.003125 -0.031019 -0.020191 -0.003231 -0.023493 0.731174 0.146861 0.068609 0.029566 0.142404 0.025685 0.018950 0.037021 0.019726 0.020752 0.029979 0.008626 0.037681 0.113642 0.037800
0.008264 0.040792 0.041167 0.121585 0.029868 0.003496 0.013642 0.856475 0.519263 0.151834 0.055868 -0.003663 -0.000193 0.002629 0.049221 0.744295 0.611245 0.040000 0.021063 -0.297412 -0.891170 -0.162366 0.000241 0.000902 0.000426 -0.000343 -0.009354 -0.000464 -0.008407 -0.011571 -0.009050 0.003853 0.000103 0.000222 0.000103 0.000236 -0.000902 -0.010702 -0.008509 -0.106494 -0.089273 -0.072801 -0.111045 0.853570 0.052227 0.021241 0.005964 0.143396 0.085248 0.007829 0.001225 0.005579 0.001005 0.009215 0.000892 -0.103676 0.724299 0.095032
0.000109 0.011086 0.020413 0.066791 0.021402 0.001956 0.044144 0.226113 0.306247 0.228037 0.024174 -0.024091 -0.000354 0.010308 0.041555 0.199598 0.217491 0.037895 0.001450 0.001062 -0.702164 0.001158 -0.000169 -0.000083 -0.001216 -0.005042 -0.025677 -0.010285 -0.018641 -0.019093 -0.019139 -0.003217 -0.000103 -0.000222 -0.000103 0.000161 0.000266 -0.004881 -0.002242 -0.015603 -0.041763 0.152200 2.035527 0.710087 0.012835 0.005568 0.029551 0.069101 0.088685 0.043307 0.001016 0.000000 0.002272 0.001404 0.001802 0.136136 0.785746 0.007748
-0.000905 0.055901 0.017914 0.041361 0.002733 -0.000661 0.136044 0.141434 0.088119 0.063687 0.017672 0.007405 0.030684 0.068855 0.038754 0.051860 0.045042 0.033802 0.002743 0.000124 -0.671531 -0.000264 -0.001195 -0.000884 -0.002762 -0.007919 -0.054026 -0.022830 -0.016889 -0.003933 -0.040303 -0.010450 -0.027138 -0.008396 -0.006941 -0.000719 0.000328 0.002394 0.010762 0.073999 0.110178 0.346405 0.334496 0.038214 0.001624 0.000326 0.005979 0.036421 0.057465 0.036940 0.005944 0.011016 0.007169 0.005372 0.000714 0.125120 0.353900 0.000000
0.426343 0.112477 0.022739 0.005015 0.001454 0.006349 0.166498 0.178455 0.002005 0.002751 0.009498 0.030937 0.022242 0.030915 0.072755 0.112575 0.105097 0.003556 -0.000193 -0.000677 -0.522458 -0.000902 -0.001774 -0.004028 -0.039515 -0.068639 -0.051111 -0.016905 -0.001893 -0.001135 -0.006861 -0.129914 -0.052036 -0.087805 -0.067100 -0.001127 0.000846 0.001458 0.050766 0.071366 0.017024 0.368352 0.028404 0.031982 0.009145 -0.000208 -0.000003 0.013975 0.019885 0.012548 0.021366 0.046950 0.010516 0.001402 0.000319 0.002043 0.355426 -0.005156
0.232520 0.009211 0.004050 0.002354 0.001152 0.022818 0.142209 0.210989 0.005390 0.004069 0.002844 0.041787 0.027082 0.044348 0.026949 0.075544 0.064564 0.019351 0.000235 -0.013101 -0.735848 -0.017129 -0.002657 -0.022204 -0.089722 -0.142275 -0.007965 -0.001456 -0.001665 -0.004514 -0.013604 -0.393636 -0.078985 -0.010430 0.092401 0.161954 0.001884 0.007919 0.023364 0.016693 0.004993 0.154149 0.012670 0.017941 0.041361 -0.011104 -0.023028 0.025345 0.000096 0.002346 0.015495 0.009812 0.000869 -0.000491 0.000206 0.015340 0.723253 -0.005298
