use_cases/Flooding_chicago/flooding_data/output/hUy_2460.asc
ncols 337
nrows 393
xllcorner 428428.000000
yllcorner 4602440.000000
cellsize 26.757400
NODATA_value -9999.000000
[rows 208 to 233 of 393, columns 58 to 115 of 337]
-0.236388 0.022486 -0.050239 -0.050940 -0.072962 -0.087166 -0.008763 -0.005772 -0.078619 0.073732 -0.116537 0.049215 0.321985 -1.036665 -1.611879 -0.751567 -0.383894 -0.442163 -0.004857 0.007576 -0.236749 -0.324269 -0.049860 0.076979 -0.002715 -0.006328 -0.103039 0.123766 0.023172 0.247305 0.053867 0.302779 0.278324 0.131226 -0.216019 0.369902 0.166899 0.122303 0.263970 0.940537 0.886668 1.039975 1.969367 3.165420 2.541959 1.658273 0.817824 0.205744 0.136152 0.244661 0.199308 0.022936 0.007201 0.035816 0.005922 -0.000357 -0.000367 -0.000718
-0.232291 0.005047 -0.102688 -0.056702 -0.117188 -0.100676 -0.062487 0.016792 -0.001932 0.176781 0.082642 0.192171 0.585647 -0.180159 -0.982527 -0.484429 -0.041681 -0.069623 0.228902 0.073335 -0.130694 -0.299651 -0.238106 0.043750 0.033460 -0.066106 0.063887 0.181862 0.025242 0.199093 0.054446 0.343254 0.278298 0.173969 -0.082129 0.439497 0.213324 0.202692 0.295589 0.667475 0.732299 1.053253 1.622816 2.746856 2.719648 1.828718 1.022229 0.237205 0.042468 0.125420 0.052702 0.000360 0.000360 0.010553 0.017185 -0.072875 -0.070921 -0.012074
-0.234865 -0.050470 -0.126312 -0.070950 -0.146720 -0.186167 -0.124127 0.010052 0.048148 0.176514 0.048939 0.094179 0.403235 0.024346 -0.646620 -0.295526 0.086801 0.131879 0.223767 0.056929 -0.041314 -0.276807 -0.258842 0.070069 -0.016146 -0.055345 0.108029 0.160538 0.015719 0.154647 0.028760 0.179137 0.239511 0.201126 0.049711 0.438029 0.180308 0.165625 0.354945 0.692090 0.736630 1.060040 1.653880 2.812028 2.873338 2.072176 0.983344 0.186864 -0.022917 0.129230 0.102510 -0.000360 -0.000360 -0.009210 -0.013924 -0.310789 -0.213785 -0.300473
-0.182344 -0.072000 -0.113881 -0.068198 -0.153793 -0.214872 -0.178053 -0.004541 0.051415 0.131211 -0.022851 0.045375 0.326941 0.007821 -0.445004 -0.199986 0.149622 0.296585 0.072216 0.009716 -0.025719 -0.048670 -0.205621 0.091830 -0.071160 -0.079532 0.070989 0.153585 0.008048 0.070558 0.024362 0.165679 0.182939 0.243416 0.202753 0.416409 0.230211 0.178961 0.239676 0.607802 0.677945 1.173266 2.363966 3.342855 3.546093 2.239551 1.549610 0.066519 -0.052015 0.130229 0.183319 -0.006859 -0.097098 -0.575911 -0.419197 -0.396214 -0.691371 -1.136612
-0.135374 -0.057111 -0.086293 -0.055265 -0.155297 -0.224828 -0.158307 -0.008700 0.031831 0.110304 -0.078386 -0.036644 0.260033 0.045167 -0.029132 -0.130948 0.111082 0.408267 0.000468 0.020097 0.009264 0.011290 -0.108989 0.159945 -0.039189 -0.107226 0.057945 0.106479 0.004364 0.002068 0.003059 0.155317 0.066587 0.124305 0.350453 0.403113 0.293714 0.176996 0.236231 0.432249 0.653078 0.988954 2.227642 3.583433 3.548369 2.655570 1.270317 0.088814 -0.051726 0.003693 0.038305 -0.005057 -0.474429 -0.724068 -0.566387 -0.450119 0.048490 0.038794
-0.105229 -0.035445 -0.034569 -0.005418 -0.103285 -0.146869 -0.130097 0.019197 0.060863 0.143219 -0.129785 -0.138667 0.269658 0.004863 0.017717 0.075158 0.129509 0.013942 0.000681 0.029209 0.012368 0.048472 0.021543 0.020220 0.000376 -0.120402 0.084200 0.126809 0.000503 -0.006910 -0.039101 0.133771 0.060648 0.065495 0.342400 0.442971 0.427061 0.166899 0.215419 0.315653 0.516118 0.906276 2.275460 3.324001 3.997902 2.448161 1.660778 0.200059 0.001686 -0.000975 0.000000 0.000000 -0.051808 -0.841571 -0.715369 -0.013230 0.001506 0.013942
-0.083552 -0.013534 0.004560 0.034363 -0.057597 -0.101472 -0.079783 0.038836 0.133359 0.148571 -0.157639 -0.213716 0.401643 0.000000 0.000000 0.002527 0.007059 0.000433 0.000710 0.030814 0.001800 0.010757 0.000806 0.000035 -0.000142 -0.000020 -0.000001 -0.000004 -0.000149 -0.000005 -0.005986 0.110347 0.013216 0.011176 0.315111 0.381362 0.360495 0.149507 0.044286 0.097701 0.237154 0.664855 1.879360 3.288226 4.425144 3.519955 2.193185 0.273969 0.189594 0.044912 -0.006822 -0.007403 -0.703442 -0.727485 -0.629739 -0.001773 0.000869 0.000222
-0.067425 -0.005079 0.032681 0.061517 -0.017060 -0.050327 -0.043455 0.063457 0.203903 0.167249 -0.182014 -0.108214 0.008880 -0.000576 -0.009549 0.001324 -0.005256 -0.000329 -0.000527 0.000582 0.000391 0.000000 -0.000167 -0.004342 -0.064445 0.016342 0.012859 0.001007 0.006878 0.037523 0.098514 0.075601 0.024132 0.039231 0.363655 0.397135 0.398562 0.135049 -0.093651 -0.160100 0.047841 0.348123 1.827142 2.989496 4.787161 3.391593 3.101610 1.173887 0.496316 0.196642 -0.510681 -0.245656 -0.666992 -0.549155 -0.499691 0.000663 0.000174 -0.000222
-0.062656 -0.004052 0.040852 0.068989 -0.019752 -0.034817 -0.022192 -0.026060 0.001929 0.049668 0.016649 0.000590 -0.000012 -0.000570 -0.003681 -0.078995 -0.191034 -0.016833 -0.006969 -0.001026 -0.001919 -0.006437 -0.000796 -0.023798 -0.003234 0.017973 0.014509 -0.000294 0.012060 0.060058 0.179385 0.064492 0.074162 0.159601 0.023945 0.028176 0.039418 0.005863 0.046534 -0.243601 -0.034261 0.044758 2.070781 3.350998 4.842485 4.006366 3.207665 1.671608 0.856396 0.697221 -0.640138 -0.186195 -0.623000 0.030621 0.002083 0.001908 -0.001837 -0.025137
-0.053733 -0.008834 0.045568 0.092072 -0.008016 -0.003249 -0.002682 -0.053154 -0.003764 0.034650 0.143767 0.000361 -0.020055 -0.023140 -0.128751 -0.056137 -0.066994 0.091779 -0.002636 -0.000812 -0.039530 -0.037710 -0.001514 0.068828 0.015280 0.000789 0.001043 0.013824 0.032762 0.131970 0.020015 0.038594 0.165602 0.034297 0.014212 0.010098 0.016436 0.000645 0.001353 -0.053130 0.018904 0.065811 2.278167 3.034566 2.503077 2.888343 3.133479 1.634863 1.175531 1.268616 0.044308 0.043948 0.000235 0.000140 0.000941 -0.004506 -0.034246 -0.095534
-0.059716 -0.020434 0.055063 0.111213 0.008786 0.020337 -0.002617 -0.060454 0.011174 0.044955 0.110952 -0.056226 -0.081679 -0.104121 -0.095546 -0.003973 0.019470 0.132761 -0.002308 0.001066 -0.207509 -0.004083 0.000831 0.000447 0.094163 0.000238 0.001527 0.035373 0.122013 0.018165 0.000471 0.043336 0.031846 0.032611 0.000381 0.000780 0.000847 0.000314 0.005113 0.091226 0.132871 0.221805 2.457674 2.360306 2.801116 3.270360 2.030694 1.621523 1.494811 1.797432 0.355453 0.120891 -0.000531 -0.001063 -0.039404 -0.092843 -0.138190 -0.599050
-0.096786 -0.028555 0.058768 0.154290 0.029171 0.076860 -0.005374 -0.088545 -0.004846 0.054975 0.069207 0.019472 -0.004295 -0.029233 -0.042540 0.110698 0.123769 0.001118 -0.001120 0.017413 -0.121163 -0.000013 -0.000308 -0.000295 0.000242 -0.073241 0.001418 0.004982 0.035806 0.009485 0.000691 0.066620 0.000026 0.000537 -0.000387 -0.000804 -0.000853 -0.000610 0.014264 0.036338 0.048288 0.165525 1.369805 3.028755 3.094492 3.628821 2.095588 0.463540 0.596815 0.947628 0.586456 0.205113 0.094996 0.037920 -0.058611 -0.074783 -0.170606 -0.593328
-0.091272 -0.026455 0.056140 0.190240 0.049935 0.102259 -0.001477 -0.129106 -0.022541 0.094223 0.044005 0.043755 0.024267 -0.018972 -0.022999 0.213773 0.259802 0.001518 0.000436 0.032547 -0.137781 -0.013433 -0.000771 -0.004541 -0.000721 -0.059160 -0.000333 0.002085 0.009007 0.000989 0.000652 0.051476 -0.018916 -0.001062 -0.011604 -0.010385 -0.040652 -0.030452 0.001909 0.002682 0.001680 0.344925 1.905733 2.253179 3.590205 4.285267 0.675353 0.507507 0.664460 1.169300 0.220724 0.292221 0.149320 0.071342 -0.048698 0.041305 -0.249141 0.006761
-0.061558 0.003767 0.084351 0.212750 0.088359 0.127657 0.046042 -0.513805 -0.031604 0.012892 0.001887 0.043277 0.048956 0.000178 0.000275 0.169334 0.244375 0.000289 0.000000 0.000229 0.008450 -0.426418 -0.495629 -0.002998 0.041427 -0.013172 -0.133549 -0.000000 -0.000003 -0.000071 -0.000351 0.007673 -0.001457 -0.000898 -0.031121 -0.027540 -0.099675 -0.028105 0.356655 0.363041 0.474387 1.028424 2.007121 3.962481 2.465775 2.390696 0.285972 0.134278 0.261322 1.357008 0.322237 0.727939 0.169599 0.078638 0.038399 0.087197 -0.144481 0.001446
-0.049469 -0.017455 0.059318 0.150531 0.035846 0.151137 0.083497 -0.117032 0.000255 0.000222 0.000898 0.051765 0.035617 -0.000347 -0.031002 0.132616 0.262095 -0.020418 -0.009403 -0.000562 0.088586 -0.463564 -0.462917 0.444857 0.275229 0.351313 0.177711 0.023670 0.005178 -0.001015 -0.000838 -0.045134 0.015662 -0.000516 -0.005154 -0.096466 0.070938 0.132383 0.938866 0.840927 0.968684 1.441049 2.403609 3.200007 2.299642 0.533405 0.460183 0.000000 0.439161 0.410854 0.732203 0.630219 0.335679 0.030320 0.043559 0.153628 0.033305 0.008303
-0.055775 -0.030210 0.020427 0.127176 0.000027 0.183862 0.162184 0.069626 0.000021 -0.000222 -0.000347 -0.239672 -0.239014 -0.236834 0.080419 0.269853 0.467803 0.050527 0.054365 0.039951 0.214597 -0.360874 -0.413964 0.346649 0.086001 0.075444 0.125913 0.065131 0.015516 -0.003131 -0.010979 -0.045832 0.000000 0.005902 -0.087607 -0.033426 0.164895 0.244496 1.534788 1.010927 1.102114 1.776515 2.382273 3.043318 1.709445 0.434922 0.384370 0.137452 0.392249 0.405916 0.596205 0.590611 0.355767 0.037267 0.001409 0.009824 0.134357 0.032908
-0.038296 -0.010752 -0.000021 0.104998 -0.019926 0.134063 0.201450 0.279859 -0.054361 -0.101481 -0.147691 -0.403838 -0.335022 -0.204349 0.113920 0.045415 0.348560 -0.043853 0.172849 -0.027002 0.340078 0.016124 0.203708 0.070978 0.000222 0.076956 0.004102 0.012083 0.072083 -0.003286 -0.007410 -0.028253 0.000451 0.007280 -0.104692 -0.079635 0.688118 0.941019 1.784322 1.270965 1.351927 2.056736 2.194041 2.435565 1.315511 0.549997 0.437444 0.137156 0.318800 0.351926 0.631089 0.674996 0.545600 0.217346 0.000105 0.000515 0.001013 0.047182
-0.045151 -0.046342 -0.022678 0.056077 0.011012 0.108139 0.191677 0.173321 0.017856 -0.279467 -0.231064 -0.459632 -0.319910 0.008501 0.396013 0.023546 0.343154 -0.168228 0.294523 0.031686 0.483526 0.335151 0.673205 0.166718 -0.000222 0.034415 0.001120 0.010372 0.074106 0.011921 0.000408 -0.011901 0.003000 -0.007590 -0.143419 -0.096741 0.782639 1.250612 1.606974 1.553767 1.666450 2.017118 2.040030 1.863005 1.138506 0.499511 0.354402 0.120675 0.256824 0.309921 0.315850 0.397932 0.422803 0.430229 -0.000356 -0.000234 0.000103 0.003502
-0.051701 -0.068331 -0.053566 -0.041134 0.028540 0.073046 0.177298 0.089394 0.081380 -0.212268 -0.042660 -0.166164 -0.195609 0.037735 0.008396 0.006941 0.021522 -0.147361 0.606715 0.012959 0.025831 0.010903 1.052234 0.322452 0.050797 0.007029 -0.000896 0.000326 0.020224 0.034191 -0.000099 0.000649 0.001452 -0.005677 -0.077529 -0.168111 0.937541 1.442193 1.748914 1.754219 1.888495 2.136963 1.255675 1.026742 0.943535 0.249068 0.238445 0.112257 0.190391 0.686960 0.297587 0.403633 0.435229 0.404507 0.140681 -0.053369 0.065109 0.002315
-0.021604 -0.094004 -0.079549 -0.069470 0.017639 0.059925 0.203485 0.035162 0.261705 0.023547 0.001991 -0.101514 0.022141 0.021198 0.000222 0.000103 0.000319 0.000947 0.049530 0.001905 0.010259 0.000730 0.335226 1.068857 0.049390 0.001025 -0.000003 -0.000208 -0.012156 0.020066 0.009735 -0.000408 0.001597 0.001420 0.017139 -0.016329 1.131251 1.600121 2.274906 1.875030 2.020351 2.087010 1.258400 0.920726 0.791436 0.194976 0.005286 0.004652 0.158760 0.337708 0.272070 0.391851 0.407658 0.338359 0.164677 0.233357 0.144301 -0.003918
-0.014258 -0.099868 -0.084574 -0.080159 0.032791 0.104752 0.283272 0.007168 0.553583 0.111702 0.163298 0.086729 0.005436 0.008529 -0.000222 -0.000103 -0.000278 -0.000536 0.001011 0.000544 0.000000 -0.000088 0.357834 0.920869 0.000023 -0.000913 -0.039399 -0.057493 -0.029080 0.009260 0.011302 0.005056 0.001212 0.001061 0.000054 0.006305 0.987531 2.072977 2.489090 2.704375 2.497508 2.048450 1.632227 0.814258 0.370955 0.158494 0.007122 0.006833 0.000360 0.053824 0.273069 0.354576 0.371903 0.278924 0.159103 0.152245 0.220950 0.442571
-0.029999 -0.103711 -0.088465 -0.175142 0.071053 0.143083 0.381057 0.020859 0.021684 0.037524 0.102813 0.070790 0.000000 0.000000 -0.000377 0.000041 0.191425 -0.456043 -0.000742 -0.002079 0.061209 0.092943 0.650515 0.783441 -0.000922 -0.039401 -0.275074 -0.506991 -0.016955 0.000392 0.000813 0.001000 0.000805 -0.000299 -0.019835 0.314214 1.130578 1.929928 2.529144 2.665841 2.330701 2.080614 1.520711 0.297730 0.016188 0.014614 0.010160 0.000658 -0.000156 0.110225 0.060926 0.275386 0.326798 0.237991 0.000001 0.000042 0.001361 0.459296
-0.035237 -0.097311 -0.082365 -0.141099 0.106012 0.210046 0.569934 0.050684 0.000197 0.003418 0.034662 0.035979 -0.074621 -0.006984 -0.001961 0.000348 0.177555 -0.151264 -0.000925 -0.010510 -0.005231 0.036030 0.670791 0.613106 0.199308 0.338312 0.104203 0.182345 -0.005316 -0.000397 -0.000842 -0.001145 -0.002144 -0.000860 0.099404 1.034138 1.821203 1.885527 2.588840 2.750877 2.620515 2.112145 1.070897 0.002214 0.015349 0.016155 0.000543 0.000075 0.112933 0.149948 0.087595 0.240699 0.391321 0.198663 -0.034041 0.001171 0.002587 0.003761
-0.012828 -0.070767 -0.057667 -0.123187 0.199596 0.258647 0.627013 0.116518 0.013882 0.000076 0.000543 0.129685 -0.040846 -0.087880 -0.001537 -0.000635 -0.000024 -0.039465 -0.000819 0.001820 0.014320 0.085748 0.395092 0.225669 0.227012 0.551696 0.382111 0.502484 0.220602 -0.009131 -0.012847 -0.013958 -0.001819 -0.001276 0.302974 1.166882 2.030796 1.203486 1.955425 2.086750 2.166326 1.972317 1.310926 0.010630 0.022099 0.011399 -0.000305 -0.000611 0.172748 0.186645 0.072429 0.400705 0.379998 0.231115 0.078553 0.002972 0.003600 0.005063
0.052902 0.008904 0.006626 -0.084618 0.448598 0.453438 0.045695 0.093520 0.052906 0.000223 0.001020 0.105319 -0.035509 -0.029456 -0.015805 -0.011441 -0.003064 -0.050747 -0.045702 0.000945 0.000027 0.023746 0.021038 0.003507 0.001167 0.368590 0.391188 0.459226 0.248457 -0.007625 -0.014366 -0.012960 -0.053602 -0.000808 0.518204 1.426049 1.597139 1.205459 2.018488 2.142476 2.115647 1.792888 1.129638 0.018346 0.053697 0.006973 -0.000573 0.010566 0.225656 0.252187 0.071059 0.074858 0.602201 0.023906 0.046610 0.002887 0.003557 0.001690
0.209018 0.192564 0.172771 0.040857 0.013336 0.006737 0.001521 0.130916 0.078868 0.000421 0.001557 0.010377 0.009720 0.000945 -0.012637 -0.015293 -0.002095 -0.088385 -0.051659 -0.000467 -0.001819 0.000000 0.000000 0.000048 -0.000038 0.442546 0.452919 0.466824 0.000915 -0.004461 -0.008004 -0.233295 -0.164076 0.297556 0.610353 1.619861 1.616750 1.650039 1.980047 2.974505 2.701343 1.564755 0.627670 0.001451 0.006265 0.001445 -0.086661 0.171607 0.256797 0.305638 0.000179 0.000221 0.039929 0.001917 0.002928 0.003058 0.000000 -0.001163
