use_cases/Flooding_chicago/flooding_data/output/hUy_2760.asc
ncols 337
nrows 393
xllcorner 428428.000000
yllcorner 4602440.000000
cellsize 26.757400
NODATA_value -9999.000000
[rows 78 to 103 of 393, columns 174 to 231 of 337]
0.141420 0.470602 0.405815 0.328496 0.040971 -0.000066 0.000000 0.000472 0.060327 0.080874 0.044165 0.008741 0.027706 0.032513 0.016701 0.033467 0.005110 0.000398 -0.000267 -0.001981 -0.069926 0.084478 -0.038199 0.327227 0.002862 -0.159905 0.494864 -0.031799 -0.164267 -0.113678 -0.207084 -0.222589 -0.028858 0.170058 0.359096 1.947477 3.325909 2.228165 -0.150525 -1.129394 -0.045534 -0.048041 -0.398575 -1.669972 -2.653023 -0.496973 -0.529907 -0.020745 -0.031662 -0.021991 -0.384495 0.708510 -0.284040 -0.220868 -0.304942 -0.150019 -0.528725 -0.386398
1.265532 0.623752 0.238630 0.368853 0.123213 0.184431 -0.008092 0.003228 0.034793 0.020739 0.035308 0.031840 0.027262 0.015174 0.003247 0.021287 0.036326 0.031970 0.132907 -0.418560 0.956216 0.225479 0.025941 0.550217 0.252894 -0.095595 0.849579 0.443126 0.132791 0.145353 -0.047605 0.304350 0.328914 0.456902 0.580718 1.359608 1.918055 1.402528 0.117779 -1.118781 -0.218722 0.247414 0.315945 0.485965 -1.257824 -0.610128 -0.600915 -0.606680 -0.459716 -0.313253 -0.363409 0.556438 -0.214373 -0.219457 -0.220487 -0.122711 -0.266545 -0.448869
0.243331 1.145720 0.221323 0.187104 0.174888 0.190277 -0.301121 0.216218 0.000218 0.006872 0.014274 0.008961 0.029243 0.003213 0.002719 0.008775 0.032848 0.034688 0.063936 -0.060617 2.034969 0.021716 0.025302 0.127108 0.163836 0.105694 0.022775 0.064878 0.051748 0.825657 0.766944 0.981382 0.692708 0.602868 1.097579 1.483389 1.859118 0.575346 0.522453 0.076327 1.074347 0.933199 0.527325 0.639407 -0.434789 -0.124176 -0.227557 -0.361144 -0.387033 -0.069750 -0.520564 0.307078 -0.704356 -0.441140 -0.376679 0.049375 -0.126915 -0.662156
0.042884 0.091474 0.050050 0.041904 0.024312 0.235390 -0.051209 0.575291 0.059604 0.000472 0.000911 0.006378 0.009024 0.002267 0.000791 0.000294 0.007720 0.029069 0.085716 0.115079 0.019673 0.014203 0.034383 0.077745 0.126909 0.015754 0.042394 0.025449 0.015024 0.032414 0.298660 1.703788 1.790053 1.131791 1.104779 1.765518 1.378178 0.503608 0.382955 0.289217 1.414463 0.941904 1.122689 0.475296 -0.174431 0.074723 0.140023 -0.032005 -0.063474 0.569934 -0.510683 0.131096 -0.966532 -0.498495 0.058252 0.028687 -0.002152 -0.555257
0.042285 0.021130 0.052752 0.024623 0.002558 0.003327 -0.154199 0.624356 0.121454 0.000931 0.000275 0.000000 0.000000 0.000058 -0.000131 -0.000144 0.000096 0.016363 0.101055 0.014458 0.005483 0.012954 0.039171 0.033437 0.079162 0.062115 0.031593 0.006484 0.004393 0.018996 0.321512 1.367181 2.005132 2.309290 1.287240 1.510997 1.022340 0.416651 0.407043 0.466637 1.135039 1.407781 1.892627 0.285627 0.116546 0.330267 0.148986 -0.018802 0.257580 1.155431 -0.466682 0.165164 -1.224413 -0.652288 -0.056551 0.124116 -0.060653 -0.567356
0.017341 0.009371 0.019363 0.001753 0.001530 0.021614 -0.094884 0.606200 0.352069 0.013122 0.001624 -0.006456 -0.014017 -0.000915 -0.000381 -0.014562 -0.001669 0.005745 0.018065 0.000270 0.000222 0.000786 0.028754 0.017665 0.021094 0.028867 0.024519 0.000000 0.010022 0.010669 0.561365 2.116227 1.965693 2.033137 1.937047 0.927044 0.352784 0.335571 0.413197 0.661096 0.584982 0.341841 0.126610 0.572190 0.783564 0.858732 0.311294 0.089111 0.728799 1.796394 -0.376502 0.486775 -1.551724 -0.636006 -0.033572 0.213318 -0.060100 -0.652944
0.000643 0.000354 0.000460 0.000178 0.002592 0.074906 0.447605 0.692099 0.016913 0.009094 0.003651 -0.022353 -0.049098 -0.037629 -0.027307 -0.052447 -0.050143 -0.001024 0.000101 -0.000022 -0.000222 0.001340 0.001399 0.000504 0.000176 0.000005 0.000000 -0.029077 0.012231 0.711413 2.499330 2.980048 1.828809 1.004399 2.166520 0.465921 0.322564 0.213502 0.524680 0.745695 0.020099 0.006273 0.013122 0.007893 0.359436 0.959876 0.591154 0.023206 0.708639 2.412929 0.305586 1.705400 -0.955911 -0.258912 0.334404 0.002224 0.002031 -0.449567
-0.000898 -0.000413 0.000107 0.000042 0.002068 0.064666 0.095335 0.050700 0.006073 0.001716 0.004783 0.021473 0.080576 0.005214 -0.149670 -0.034208 -0.186421 -0.001038 -0.000201 -0.001187 -0.011539 -0.002605 -0.001032 -0.000415 -0.000167 -0.006075 0.431156 0.691290 1.014222 1.594636 3.000312 2.847912 0.788762 0.185918 0.605588 0.805300 0.462185 0.725035 0.567482 1.002946 0.010246 0.000588 0.000013 0.000000 0.463629 0.373563 0.013587 0.031307 0.015250 0.020493 0.054386 0.039043 0.040248 0.460095 0.024552 0.004689 0.000264 -0.189874
-0.003436 -0.012789 -0.001109 -0.000137 0.004545 0.022776 0.031827 0.006354 0.000222 0.002091 0.009018 0.024110 0.024318 0.016925 -0.115102 -0.087586 -0.109075 -0.068607 -0.051394 -0.014456 -0.035486 -0.002034 -0.001617 -0.001392 -0.000616 -0.002729 0.969977 1.429396 1.523562 2.226826 2.976475 2.721462 0.737153 0.384445 0.421447 1.350364 0.030139 0.071556 0.062674 0.026089 0.004234 0.000027 -0.007149 0.255587 0.403786 0.000273 0.000559 0.007732 0.014262 0.008194 0.016948 0.010859 0.015869 0.096573 0.021862 0.002778 -0.006821 -0.297140
0.000000 -0.035625 -0.017608 -0.001920 0.000169 0.013377 0.000138 -0.000005 -0.000222 0.004553 0.008680 0.000725 0.000412 0.004472 -0.024905 -0.048641 -0.150565 -0.218539 -0.120933 -0.057127 -0.063385 -0.009105 -0.012114 -0.002291 -0.000878 0.001292 0.920202 1.636596 1.648649 2.098697 2.395135 2.271276 0.582080 0.016866 0.067350 0.073846 0.024060 0.041097 0.034880 0.009826 0.005996 0.000868 0.439590 0.269630 0.387708 -0.000115 -0.000006 0.000103 0.000222 0.000140 0.000063 0.000251 0.000385 0.021798 0.018313 0.003039 -0.002091 -0.250348
-0.005637 -0.071031 -0.051719 -0.012248 -0.000510 -0.000099 -0.001740 -0.024821 -0.014511 -0.001792 0.007712 0.000441 -0.000304 -0.000006 -0.003716 -0.054743 -0.090540 -0.437719 -0.278558 -0.199232 -0.177369 -0.031039 -0.018117 -0.012734 -0.031205 0.005430 1.574833 2.140319 1.979451 2.508155 2.371698 1.698344 0.086650 0.004284 0.026858 0.042737 0.014896 0.022720 0.033526 0.044558 0.008823 0.004147 0.019087 0.314770 0.296542 0.114038 -0.000160 -0.000103 -0.000222 -0.000140 -0.000063 0.000327 0.000448 0.000343 0.000029 0.000249 0.001210 -0.047759
-0.009996 -0.084584 -0.099406 -0.024663 -0.008880 -0.015310 -0.023931 -0.059801 -0.026186 -0.001714 0.000304 -0.000441 -0.000711 -0.000550 0.000267 0.000185 -0.029069 -0.657174 -0.323394 -0.103540 0.390478 0.048231 -1.322106 -1.034200 0.136094 0.447973 2.136035 2.597457 2.494263 2.991998 1.921395 1.158980 -0.023129 0.014162 0.001197 0.022184 0.006413 0.017528 0.026823 0.023581 0.027592 0.003747 0.000967 0.039892 0.345589 0.169374 -0.008587 -0.008964 -0.004526 -0.009488 -0.002646 -0.000892 -0.000518 -0.000375 -0.017435 -0.001835 0.003785 0.001271
-0.001726 -0.020648 -0.139134 -0.087663 -0.024315 -0.052143 -0.080454 -0.045914 -0.028318 -0.000821 -0.000412 -0.000725 -0.000566 -0.000495 -0.000253 -0.000189 0.300039 -0.140737 -0.385141 0.001358 0.544422 0.341719 -0.760629 -0.514898 0.248262 0.678982 1.940039 3.043471 2.553979 1.855885 1.013612 0.496906 0.040336 0.009189 0.012138 0.007635 0.000507 0.005684 0.010622 0.009632 0.019240 0.001298 0.000212 0.018231 0.090373 0.250350 -0.054788 -0.018034 -0.007892 -0.031666 -0.004230 -0.002217 -0.001124 -0.012975 -0.041128 -0.010124 0.002415 0.122528
-0.010763 -0.022525 -0.599020 -1.184728 -2.212105 -0.349044 -0.517308 -0.025509 -0.027614 -0.014942 -0.009355 -0.009566 -0.014514 -0.014763 -0.000540 -0.024598 0.777859 0.147647 -0.445288 0.105938 0.700080 0.514811 -0.494061 -0.249342 0.301660 0.686791 1.981585 2.951409 2.041988 1.950105 0.659073 0.021295 0.000624 0.000262 0.006213 0.000086 -0.000068 0.000000 0.000000 0.000000 0.006203 0.000886 -0.000318 0.076703 0.057473 0.058309 -0.055489 -0.049448 -0.012440 -0.026260 -0.042722 -0.028177 -0.012326 -0.051443 -0.014133 -0.005719 0.001746 0.152246
-0.020536 -1.099905 0.114021 -0.672716 -1.286362 0.630184 0.285968 -0.035283 -0.026344 -0.029296 -0.011820 -0.025765 -0.024077 -0.027937 -0.012810 0.116028 0.712292 0.274888 -0.297191 0.149197 0.930295 0.746261 -0.309232 -0.147046 0.401295 0.893427 1.969529 2.051060 1.979255 1.594213 0.027182 0.000876 0.000702 -0.000125 -0.000006 -0.000236 -0.009337 -0.005878 -0.005878 -0.000289 0.000340 0.001178 0.107380 0.117200 0.001890 0.001033 -0.062103 -0.018863 -0.031984 -0.030108 -0.103916 -0.052105 -0.044788 -0.247593 -0.120032 -0.015126 0.003506 0.084540
-2.148223 -0.793502 0.454733 -0.104849 -0.801302 0.798528 0.317418 0.000000 -0.045965 -0.056388 -0.443963 -0.313589 -0.261677 0.199870 -0.004447 0.304609 0.902234 0.404649 -0.212327 0.107962 0.972258 0.699679 -0.201276 -0.216547 0.360540 0.997043 2.214000 2.066144 1.605790 0.609068 0.029852 -0.000858 -0.001513 -0.008275 -0.008777 -0.007118 -0.025848 -0.012822 -0.012822 -0.000399 0.000713 0.000548 0.043613 0.003697 0.000410 -0.000067 -0.006342 -0.044103 -0.053017 -0.065474 0.275061 -0.174419 0.017425 -0.242670 -0.346851 -0.015483 0.002319 0.095784
-1.223921 -0.569575 0.714992 0.346693 -0.562313 0.669284 0.110993 -0.012307 -0.259199 1.002730 0.692201 0.300434 0.331290 0.368858 -0.031888 1.936737 1.297964 0.257520 -0.214377 0.118027 0.669979 0.661945 -0.060805 -0.392650 0.236437 0.955478 2.104880 1.655337 1.335003 0.735455 0.019796 0.000858 -0.005739 -0.049868 -0.030580 -0.033087 -0.070278 -0.031127 -0.051351 -0.003239 0.000156 0.000722 0.014657 0.021466 -0.000149 -0.003564 -0.007487 -0.043435 -0.081222 -0.148703 0.602638 -0.082335 -0.034454 -0.203329 -0.482969 -0.039862 -0.010781 0.006434
-0.658192 -0.182323 0.389787 0.199488 -0.296997 0.140207 -0.004919 0.316196 0.945063 1.658683 0.985705 0.300757 0.189553 0.360194 -0.054480 0.365231 0.994703 -0.123024 -0.299323 0.226404 0.600127 0.606586 0.049792 -0.150051 0.151002 0.717603 1.151662 1.091257 0.776749 0.244064 -0.015367 0.012017 0.062447 -0.281760 -0.053803 -0.023456 -0.015718 -0.004304 0.035655 0.002864 -0.001073 -0.000562 0.000304 0.010536 0.000174 -0.001154 -0.002182 -0.007112 -0.053960 -0.023875 0.805797 0.021295 -0.078314 -0.203191 -0.744128 -0.053286 -0.017732 0.243845
-0.306077 0.009554 0.208345 0.121279 -0.044762 0.060170 0.450669 1.020525 1.170058 1.667516 0.433154 0.251531 -0.177128 -0.050097 -0.003760 -0.000395 1.108483 -0.697554 -0.260207 0.440077 0.845761 0.514560 0.223718 -0.031946 0.166152 0.519781 0.864962 0.644603 0.606916 0.182710 -0.011925 0.000632 0.059381 -0.164679 -0.037345 -0.002915 -0.004165 0.000321 0.005027 0.000121 -0.001060 -0.001789 -0.001292 0.000135 0.000587 0.000291 0.000365 -0.001114 -0.053629 0.071773 0.988845 0.170638 0.082130 -0.065420 -0.643056 0.084847 -0.396277 0.440975
0.010562 -0.013712 0.187888 0.252801 0.132055 0.219683 0.805142 1.275970 1.071064 1.192878 0.205082 0.034670 -0.610088 -0.717518 -0.031611 -0.008486 0.278385 -0.787711 -0.288436 0.571225 1.007674 0.578146 0.096221 0.026461 0.258780 0.423717 0.582541 0.681710 0.626408 0.219961 0.012288 0.000647 0.000399 -0.196368 -0.005470 -0.000995 -0.000975 -0.000043 0.000000 -0.004364 -0.006762 -0.029875 -0.030428 -0.002464 0.000440 0.000073 0.000033 0.002367 0.080092 0.390389 1.011599 0.330687 0.401493 0.236854 0.199800 0.331859 -0.185984 0.137588
0.049049 0.046462 0.331554 0.427122 0.299622 0.361288 0.832073 1.228649 0.386958 0.779438 0.004725 0.042845 -0.517412 -0.696083 -0.006912 -0.002338 0.210940 -0.353174 -0.167737 0.564930 0.666834 0.349671 -0.008614 0.026264 0.033296 0.204700 0.444026 0.568646 0.530401 0.110983 0.046495 -0.000664 -0.000350 -0.271358 -0.042464 -0.004794 -0.000506 -0.000721 -0.008182 -0.013004 -0.011687 -0.073766 -0.059334 -0.015957 -0.001346 -0.000309 -0.000359 0.012902 0.634594 0.571003 1.281555 0.688032 0.253553 0.274274 0.232275 0.548063 0.471001 0.099073
0.018188 0.086855 0.339400 0.476224 0.249656 0.254379 0.420110 0.732483 0.439088 0.044782 0.024552 0.022597 -0.245439 -0.264124 0.139204 0.076944 0.172761 0.288811 0.133091 0.542705 0.451782 0.115655 -0.239829 -0.066110 -0.167744 0.161254 0.338288 0.423966 0.295416 -0.023912 0.049519 -0.024530 -0.045988 -0.632206 0.322886 -0.013284 -0.011289 -0.009436 -0.016235 -0.024829 -0.001200 -0.074414 -0.081200 -0.071630 -0.005627 -0.012332 0.072241 0.670465 1.299489 0.943844 1.389736 0.647941 0.209838 0.281667 0.009038 0.082907 0.059884 0.833251
0.139119 -0.026318 0.394560 0.236437 0.116721 0.140579 0.111567 0.628600 0.046015 0.018800 0.016869 0.013456 0.043354 0.382149 0.107955 0.024473 0.042993 0.344679 -0.004876 0.649362 0.455610 0.155225 -0.312709 -0.150390 -0.171193 0.192800 0.239019 0.373511 0.271972 -0.067111 0.117040 -0.012275 -0.046321 -0.767079 0.359636 -0.002704 -0.012434 -0.033505 -0.033263 -0.031814 -0.011722 -0.032202 -0.033760 -0.375235 -0.004694 -0.050194 1.520252 2.780119 0.685589 0.856374 1.039665 0.021417 0.022146 0.014550 0.006346 0.050396 0.025405 0.015798
-0.001385 0.016922 0.459011 0.207475 0.123166 0.156738 0.017880 0.012574 0.006492 0.011087 0.006034 0.006364 0.010033 0.137883 0.008108 0.000556 0.009448 0.006022 -0.083053 0.869039 0.709663 0.209018 -0.205049 -0.123084 -0.117928 0.332093 0.309434 0.287149 0.243874 -0.028428 0.226523 0.026934 0.024664 -0.411763 0.166219 -0.076333 -0.072895 -0.051941 0.076057 -0.705893 -0.786507 -0.024539 -0.156372 -0.009159 -0.016711 0.058583 1.894928 1.013842 0.000393 0.020200 0.023275 0.005460 0.015733 0.001708 0.010708 0.009125 0.000360 0.000360
-0.001615 0.072247 0.253411 0.240207 0.119806 0.151919 -0.060763 0.000104 0.000101 0.000000 0.000003 0.000208 0.000005 0.062714 0.002050 -0.000055 -0.000002 0.000117 0.040133 0.760309 0.472536 0.242840 -0.167756 -0.137655 -0.123953 0.342754 0.125156 0.068629 0.021818 -0.035715 0.442610 0.393537 0.099195 -0.228248 0.159736 0.069189 -0.058345 0.072739 0.293010 -0.332085 -0.914890 -0.070890 -0.123925 -0.060567 -0.096239 -0.007007 0.969726 1.155653 -0.000014 0.000000 0.000000 0.000000 0.000000 0.000092 0.000218 -0.000496 -0.000360 -0.000360
0.003325 0.040189 0.684702 0.231958 0.038153 0.032134 -0.089575 -0.000205 -0.001336 -0.014951 -0.007297 -0.000326 -0.000177 0.021589 0.002721 -0.029546 -0.015472 -0.001051 0.001213 0.990417 1.049260 0.309279 -0.251099 -0.217006 -0.207179 0.225717 0.043030 -0.010267 0.024104 0.005327 0.565521 0.559801 0.267184 -0.090903 0.385825 0.208369 0.041858 0.315193 0.382418 -0.011117 -0.851895 -0.731002 -0.198087 -0.098940 -0.086751 -0.029166 0.828929 1.344589 0.169744 -0.009413 -0.003929 -0.026464 -0.012163 -0.001695 -0.000749 -0.008883 -0.014646 -0.016888
