use_cases/Flooding_chicago/flooding_data/output/hUy_2100.asc
ncols 337
nrows 393
xllcorner 428428.000000
yllcorner 4602440.000000
cellsize 26.757400
NODATA_value -9999.000000
[rows 52 to 77 of 393, columns 232 to 289 of 337]
0.013658 0.010790 0.036557 0.001263 0.000131 0.000330 0.000401 0.000013 0.000000 0.000000 -9999.000000 -9999.000000 -9999.000000 -9999.000000 -9999.000000 -9999.000000 -9999.000000 -9999.000000 -9999.000000 -9999.000000 -9999.000000 -9999.000000 -9999.000000 -9999.000000 -9999.000000 -9999.000000 -9999.000000 -9999.000000 -9999.000000 -9999.000000 -9999.000000 -9999.000000 -9999.000000 -9999.000000 -9999.000000 -9999.000000 -9999.000000 -9999.000000 -9999.000000 -9999.000000 -9999.000000 -9999.000000 -9999.000000 -9999.000000 -9999.000000 0.004488 -0.000856 0.157699 -1.013057 -0.104064 0.032753 -0.031355 -0.061046 -0.080725 0.000512 0.001221 0.003708 -0.008319
0.000634 0.000353 0.000142 -0.002702 -0.000136 -0.000396 -0.000555 -0.010184 -0.004809 0.000046 -9999.000000 -9999.000000 -9999.000000 -9999.000000 -9999.000000 -9999.000000 -9999.000000 -9999.000000 -9999.000000 -9999.000000 -9999.000000 -9999.000000 -9999.000000 -9999.000000 -9999.000000 -9999.000000 -9999.000000 -9999.000000 -9999.000000 -9999.000000 -9999.000000 -9999.000000 -9999.000000 -9999.000000 -9999.000000 -9999.000000 -9999.000000 -9999.000000 -9999.000000 -9999.000000 -9999.000000 -9999.000000 -9999.000000 -9999.000000 0.000360 0.000360 0.000328 0.355551 -0.646869 0.237575 0.553644 0.114911 -0.187926 -0.632388 -0.000215 0.000976 0.000927 -0.004709
-0.000907 -0.000414 -0.000147 -0.155744 -0.009115 -0.008169 -0.008258 -0.026972 -0.008662 0.002044 -9999.000000 -9999.000000 -9999.000000 -9999.000000 -9999.000000 -9999.000000 -9999.000000 -9999.000000 -9999.000000 -9999.000000 -9999.000000 -9999.000000 -9999.000000 -9999.000000 -9999.000000 -9999.000000 -9999.000000 -9999.000000 -9999.000000 -9999.000000 -9999.000000 -9999.000000 -9999.000000 -9999.000000 -9999.000000 -9999.000000 -9999.000000 -9999.000000 -9999.000000 -9999.000000 -9999.000000 -9999.000000 -9999.000000 -9999.000000 -0.000360 -0.000360 0.001902 0.494577 -0.266964 0.330487 0.580751 0.427401 -0.039156 -0.653880 -0.000725 -0.000325 0.000913 -0.001873
-0.009349 -0.007506 -0.000732 -0.205772 -0.159300 -0.014281 -0.014461 -0.042219 -0.003557 0.014019 -9999.000000 -9999.000000 -9999.000000 -9999.000000 -9999.000000 -9999.000000 -9999.000000 -9999.000000 -9999.000000 -9999.000000 -9999.000000 -9999.000000 -9999.000000 -9999.000000 -9999.000000 -9999.000000 -9999.000000 -9999.000000 -9999.000000 -9999.000000 -9999.000000 -9999.000000 -9999.000000 -9999.000000 -9999.000000 -9999.000000 -9999.000000 -9999.000000 -9999.000000 -9999.000000 -9999.000000 -9999.000000 -9999.000000 -9999.000000 -0.001600 -0.004067 0.006916 0.563273 0.064960 0.344618 0.563771 0.501161 0.013916 -0.873772 -0.000714 -0.000522 0.000877 -0.001501
-0.027224 -0.040172 -0.001560 0.081678 -0.083469 -0.087465 -0.059235 -0.123779 -0.006006 0.006080 0.000695 0.001378 0.000095 -9999.000000 -9999.000000 -9999.000000 -9999.000000 -9999.000000 -9999.000000 -9999.000000 -9999.000000 -9999.000000 -9999.000000 -9999.000000 -9999.000000 -9999.000000 -9999.000000 -9999.000000 -9999.000000 -9999.000000 -9999.000000 -9999.000000 -9999.000000 -9999.000000 -9999.000000 -9999.000000 -9999.000000 -9999.000000 -9999.000000 -9999.000000 -9999.000000 -9999.000000 -9999.000000 -9999.000000 -0.000090 -0.003577 0.148027 0.900212 0.563992 0.645037 0.750502 0.580843 0.068387 -1.310770 -0.000277 -0.000251 0.000000 -0.001767
-0.023083 0.000360 0.000360 0.000410 -0.046832 -0.036989 -0.170623 0.001281 0.016350 -0.005287 -0.062117 -0.007747 -0.021149 -9999.000000 -9999.000000 -9999.000000 -9999.000000 -9999.000000 -9999.000000 -9999.000000 -9999.000000 -9999.000000 -9999.000000 -9999.000000 -9999.000000 -9999.000000 -9999.000000 -9999.000000 -9999.000000 -9999.000000 -9999.000000 -9999.000000 -9999.000000 -9999.000000 -9999.000000 -9999.000000 -9999.000000 -9999.000000 -9999.000000 -9999.000000 -9999.000000 -9999.000000 -9999.000000 0.000000 0.001165 -0.031116 0.727046 1.659960 1.086469 0.625995 0.699500 0.591812 -0.022700 -1.815679 -0.010787 -0.011265 -0.002942 -0.003084
-0.002167 -0.000360 -0.000360 0.000404 -0.015586 -0.021475 -0.080601 0.076802 0.087000 0.000379 -0.110575 -0.070169 -0.144781 -0.003041 0.021844 -9999.000000 -9999.000000 -9999.000000 -9999.000000 -9999.000000 -9999.000000 -9999.000000 -9999.000000 -9999.000000 -9999.000000 -9999.000000 -9999.000000 -9999.000000 -9999.000000 -9999.000000 -9999.000000 -9999.000000 -9999.000000 -9999.000000 -9999.000000 -9999.000000 -9999.000000 -9999.000000 -9999.000000 -9999.000000 -9999.000000 -9999.000000 -9999.000000 0.000519 0.000414 -0.157328 1.061504 1.612823 1.044665 0.298019 0.564314 0.367342 -0.134996 -1.419186 0.181018 -0.084284 -0.002460 -0.240476
-0.013730 -0.013055 -0.006012 -0.000176 -0.000004 -0.004903 -0.032988 0.178075 0.008647 0.057492 0.006227 -0.047092 -0.090294 -0.008437 0.018355 0.033753 0.000000 0.000000 0.000000 -9999.000000 -9999.000000 -9999.000000 -9999.000000 -9999.000000 -9999.000000 -9999.000000 -9999.000000 -9999.000000 -9999.000000 -9999.000000 -9999.000000 -9999.000000 -9999.000000 -9999.000000 -9999.000000 -9999.000000 -9999.000000 -9999.000000 -9999.000000 -9999.000000 -9999.000000 -9999.000000 -9999.000000 0.000467 -0.000293 -0.381198 0.669026 1.399867 0.808039 0.111344 0.088412 0.152577 -0.033615 -0.319474 0.093171 0.256991 0.353855 -0.396734
-0.024998 -0.025814 -0.020304 -0.004096 -0.007867 -0.065115 0.094708 0.014727 0.006917 0.009454 -0.000320 -0.009664 -0.033806 -0.234409 -0.042545 0.121871 0.060511 -0.272943 -0.000020 0.000000 0.000000 -9999.000000 -9999.000000 -9999.000000 -9999.000000 -9999.000000 -9999.000000 -9999.000000 -9999.000000 -9999.000000 -9999.000000 -9999.000000 -9999.000000 -9999.000000 -9999.000000 -9999.000000 -9999.000000 -9999.000000 -9999.000000 -9999.000000 -9999.000000 -9999.000000 0.000000 -0.000023 -0.000000 -0.173694 0.468250 1.202586 0.539295 -0.252852 -0.393024 -0.079781 0.127347 0.749256 -0.200510 0.037345 0.507190 0.028365
0.180287 -0.969372 -0.043414 -0.030442 -0.081508 -0.048577 0.025910 0.007737 0.003946 0.000225 -0.001059 -0.123014 -0.165643 0.060854 0.091122 0.196829 0.109472 -0.616926 -0.011204 -0.079942 -0.010656 0.000000 -9999.000000 -9999.000000 -9999.000000 -9999.000000 -9999.000000 -9999.000000 -9999.000000 -9999.000000 -9999.000000 -9999.000000 -9999.000000 -9999.000000 -9999.000000 -9999.000000 -9999.000000 -9999.000000 -9999.000000 -9999.000000 -9999.000000 0.001010 -0.000327 -0.000585 0.000140 0.054757 0.521842 1.217650 0.280707 -0.341420 -0.611444 -0.184985 0.077325 1.160401 -0.122939 -0.032074 0.000936 0.012650
0.427364 -0.510767 -0.144385 -0.619920 -0.095174 -0.006663 0.020474 0.000345 0.000222 0.000164 -0.000311 -0.104929 -0.112508 0.274854 0.240030 0.354804 0.209876 -0.694549 -0.264711 -0.007989 -0.400322 -0.289727 -0.000271 0.020563 0.000009 0.000411 -9999.000000 -9999.000000 -9999.000000 -9999.000000 -9999.000000 -9999.000000 -9999.000000 -9999.000000 -9999.000000 -9999.000000 -9999.000000 -9999.000000 -9999.000000 -9999.000000 -9999.000000 0.001196 0.000658 0.000133 0.002485 0.217862 0.747909 1.354836 0.294479 -0.372739 -0.641930 -0.307042 -0.107548 1.379021 -0.139998 -0.007512 0.000096 0.000222
0.226471 -0.321642 -0.043044 0.371533 -0.239556 0.013492 0.006644 0.000200 -0.000222 -0.000003 -0.000000 0.053951 0.543755 0.988906 0.655138 0.962664 0.713558 -0.802219 -0.150311 0.168713 -0.505777 -0.648204 -0.003482 0.030123 -0.000967 -0.000013 0.000326 0.000276 0.000686 0.000715 -9999.000000 -9999.000000 -9999.000000 -9999.000000 -9999.000000 -9999.000000 -9999.000000 -9999.000000 -9999.000000 -9999.000000 -9999.000000 0.001319 0.001775 0.000821 0.015415 0.402618 0.977799 1.830624 0.450433 -0.457619 -0.750431 -0.332048 -0.264468 0.994358 0.576433 -0.001312 -0.000253 -0.000222
0.266314 -0.189712 -0.086486 0.983324 0.038926 0.011839 0.000452 -0.001332 -0.007173 -0.004890 -0.005134 0.142625 0.117107 0.124606 0.141236 0.139658 0.110998 -0.398582 -0.049110 0.132523 -0.777528 -0.628796 -0.001468 0.017757 -0.008395 -0.007010 -0.000208 -0.000003 -0.000630 -0.000627 -0.000034 -0.000001 -0.000000 -0.000000 0.081226 1.027283 6.689056 3.264010 0.010881 0.000185 0.000428 0.000384 0.001131 0.000066 0.075930 0.621250 1.221309 2.055008 0.463868 -0.291079 -0.617540 -0.264486 -0.309982 0.572356 0.689815 0.004169 0.005516 0.013015
0.277591 -0.172932 0.033193 0.019396 0.026282 0.007512 -0.000334 -0.001373 -0.011023 -0.016017 0.075451 0.257153 0.067445 0.151983 0.199747 0.250620 0.106784 0.000776 0.062486 0.003734 -1.045938 -0.962063 0.000360 0.000360 -0.006426 -0.156178 -0.010392 -0.009855 -0.001095 -0.088114 0.114874 0.609520 0.326708 0.307375 0.529411 2.981482 7.133941 2.012312 0.038597 0.000039 0.000246 0.000272 -0.000104 -0.000259 0.194103 2.200086 1.693266 2.223976 0.520687 -0.027499 -0.367673 -0.032688 -0.053605 0.074317 0.643573 0.003785 0.019583 0.053069
0.283879 -0.196502 0.000526 0.001900 0.019098 -0.000018 -0.000738 -0.009689 -0.000734 -0.136409 -0.055933 0.216616 -0.035528 0.137207 0.233084 0.252551 0.083411 0.000954 0.000606 0.026176 -0.602871 -0.887825 -0.000360 -0.000360 0.002037 0.275484 -0.880805 -0.954563 -0.176739 0.052311 0.238957 0.620994 0.365123 0.290328 0.614308 3.041744 4.547271 1.793919 0.106652 -0.000182 -0.000282 0.000000 -0.000199 0.000080 0.463430 1.362975 1.460662 1.650661 0.818634 0.491924 0.048810 0.486667 0.020303 0.302054 0.048060 0.000080 0.000777 0.013765
0.475239 -0.445164 0.000488 0.000305 0.000248 -0.002465 -0.001416 -0.045310 -0.004368 0.007764 -0.092585 0.188754 0.020292 0.166392 0.259241 0.156628 0.068890 0.000205 -0.000695 -0.000034 -0.521230 -1.053369 -0.004488 -0.071839 0.007944 0.727270 0.428075 0.384397 0.094672 0.069984 0.476523 0.779233 0.239501 0.213820 1.366736 2.839625 5.345804 2.595429 0.417581 -0.040245 -0.000410 -0.000272 -0.000464 0.000846 0.755126 0.888425 0.853190 2.018931 0.049173 0.063370 0.051950 0.060564 0.006035 0.016397 0.024804 0.000018 0.000211 0.000391
0.608098 0.090363 0.000453 -0.000193 -0.000687 -0.002998 0.000011 -0.006442 -0.001148 0.040961 0.247877 0.272567 0.033848 0.120219 0.117461 0.127925 0.054068 -0.000120 -0.001212 -0.004097 -0.000260 -1.591002 -0.230244 0.068068 -0.011040 0.959439 0.602494 0.554480 0.030371 -0.042957 1.040267 0.730505 0.472617 0.573920 1.503365 2.519116 2.898607 1.077296 0.445989 0.410830 -0.000639 -0.000384 -0.000443 0.236238 0.671529 1.658167 1.916096 0.903983 0.006194 0.018697 0.006264 0.007855 0.011199 0.000569 0.000393 -0.034506 -0.000495 -0.000063
0.372919 0.389257 -0.000095 -0.002225 -0.017406 -0.000765 0.000012 0.000553 0.000960 0.032323 0.031289 0.375604 0.074983 -0.000188 0.000051 0.001130 0.001636 -0.000394 -0.018861 -0.003533 -0.000580 -0.765180 -0.129771 0.049072 0.022872 0.799637 0.427462 0.394968 0.045194 0.021771 0.857313 1.342723 0.714989 0.672650 1.605343 2.296490 2.237794 1.091009 0.343635 0.387500 -0.000835 -0.004044 -0.022685 0.495835 0.619946 2.002003 2.100708 0.790372 0.001222 0.000000 0.001900 0.005905 0.009553 -0.000247 -0.000331 -0.066638 -0.009340 -0.000104
0.302670 0.418460 -0.011724 -0.015352 -0.046883 -0.005852 -0.010322 0.000682 0.015157 0.025639 0.026920 0.010756 0.105450 -0.013052 0.013894 0.000099 -0.000103 -0.000774 -0.145264 -0.066874 0.671346 -0.180782 -0.058040 0.013925 0.480360 0.899592 0.192996 0.049948 0.272960 0.397173 1.013117 1.015975 0.764950 0.842230 1.574345 2.017598 1.605850 0.692807 0.177081 0.078904 -0.209957 -0.064017 -0.052573 0.568681 0.260316 1.747222 2.192929 0.722545 0.001982 -0.025358 -0.005244 -0.002171 0.008054 -0.000554 -0.061667 -0.068330 -0.012606 -0.004376
0.314646 0.426801 -0.112068 -0.137868 -0.107027 -0.011411 -0.023276 0.000847 0.008672 0.010828 0.008968 0.000538 0.000379 -0.020661 -0.011074 -0.000583 -0.001313 -0.010850 0.016603 0.475373 0.942541 0.130539 0.021373 0.021089 0.180326 0.269883 0.335934 0.267478 0.536509 0.781971 1.507427 1.084491 1.028930 0.658017 1.585982 2.296313 1.569237 0.169104 -0.184213 0.415902 -0.873427 -0.096276 0.187174 0.826205 0.296690 2.198799 2.636243 1.237016 -0.027896 -0.235931 0.204094 -0.004385 -0.000321 0.054422 -0.065373 -0.302466 -0.004682 -0.020324
0.359437 0.532545 0.675731 0.542837 0.691150 -0.032750 -0.011166 0.000149 0.000222 0.000139 0.000096 -0.000037 0.000345 -0.032472 -0.067649 -0.000992 -0.001045 -0.037033 0.235015 0.544171 0.994326 0.194408 0.002990 0.006837 0.003160 0.076965 0.165663 0.403022 0.698865 0.990066 1.869778 1.991487 0.034646 0.398910 1.786891 2.509183 1.441950 -0.151014 -0.250840 0.094252 -0.246280 0.156378 0.023128 1.041514 0.072363 1.978376 3.392322 1.563306 0.232944 -0.119886 0.180941 0.218764 -0.006481 0.115523 -0.439365 0.069238 0.080707 -0.001507
0.153755 0.056676 1.126755 1.084655 1.193596 0.037931 0.023702 0.000314 -0.000222 0.000011 -0.000072 -0.000254 0.000907 -0.032742 -0.131551 -0.000722 -0.012577 0.124285 0.324540 0.515814 0.954293 0.123358 -0.014660 0.000554 0.004944 0.000781 0.154162 0.677727 1.123236 1.124501 1.810376 0.773849 0.000619 0.012718 2.616003 2.780303 1.120973 -0.144396 0.113254 0.496737 0.015889 0.011654 0.003929 0.007905 -0.112725 2.035367 3.778325 1.465056 0.290790 -0.112196 0.257513 0.335858 0.550182 0.701565 -0.398426 0.800078 0.044029 0.018034
0.101473 0.027852 0.021828 0.015013 0.030568 0.051003 0.012718 0.000402 -0.004495 -0.000321 -0.000518 0.007884 0.000808 0.035491 -0.101648 -0.012849 -0.047328 0.136176 0.199905 0.697580 0.877670 0.020432 -0.003008 0.000247 0.000331 -0.000372 0.054116 1.052604 1.500820 2.036491 1.290200 0.644194 -0.000409 -0.000008 1.593872 2.655866 1.207816 0.325570 1.062809 0.009321 0.000120 0.000000 0.000000 0.000000 0.005053 1.954925 3.554106 1.633369 0.383046 -0.150811 0.271882 0.038980 0.015680 0.018029 0.118850 0.018502 0.006435 0.008750
0.029585 0.024535 0.000063 0.000253 0.003929 0.017207 0.001046 0.000044 -0.016429 -0.004713 -0.000535 0.042250 0.236089 0.121873 -0.041757 -0.012005 0.002621 0.100512 0.199881 0.245049 0.926360 -0.063689 0.000235 -0.000569 -0.000393 -0.079059 0.345865 0.479230 0.979023 1.081675 1.331140 0.588577 -0.106213 -0.036355 2.758153 1.505445 0.176722 0.001186 0.388025 0.000588 -0.000435 -0.002350 -0.007509 -0.010632 0.581426 2.420486 2.812177 1.514220 0.519553 0.031136 0.024589 0.013976 0.007560 0.011070 0.011767 0.001351 0.000000 0.000000
0.001024 0.000444 -0.000063 -0.000143 0.000000 0.000000 -0.000159 -0.004019 -0.019563 -0.018233 0.002636 0.141747 0.149788 0.024076 0.059620 -0.006906 -0.010644 0.075038 0.205480 0.541988 0.217152 0.000574 -0.000453 -0.007789 -0.258067 0.077163 0.285997 0.337642 0.758128 0.937002 1.450466 0.858891 0.016604 0.351207 2.614288 2.438346 0.224680 0.246270 0.400849 0.139534 -0.000975 -0.001477 -0.018920 -0.074116 1.681834 2.485235 1.376182 0.413321 0.439824 0.332014 0.008743 0.000334 0.000339 0.000001 0.000000 -0.001309 -0.011411 -0.009979
-0.001645 -0.002626 -0.018171 -0.008407 -0.008066 -0.008066 -0.017709 -0.012399 -0.022581 -0.146288 0.002613 0.251819 0.018986 0.041141 0.254292 0.104907 0.179320 0.041521 0.247866 0.391697 0.002216 0.001225 0.025836 -0.193724 -0.466005 0.072793 0.265194 0.163547 0.409501 0.625740 0.838001 0.588014 -0.223806 0.418392 2.065048 2.993317 1.770416 0.846628 1.080087 0.726494 -0.000605 -0.000660 0.000082 1.414002 2.058758 2.521250 1.079985 0.210802 0.295603 0.583810 0.000367 0.000010 -0.000240 -0.000544 -0.000108 -0.004841 -0.062263 -0.048929
