use_cases/Flooding_chicago/flooding_data/output/hUy_3600.asc
ncols 337
nrows 393
xllcorner 428428.000000
yllcorner 4602440.000000
cellsize 26.757400
NODATA_value -9999.000000
[rows 182 to 207 of 393, columns 177 to 235 of 337]
-0.000002 -0.000001 0.000102 -0.000270 0.184711 0.401577 0.767566 -0.104559 -0.269817 -0.040661 1.603902 0.023007 -0.000081 -0.000083 -0.000483 -0.000591 -0.212505 0.287779 -0.409595 0.615062 -0.021305 1.231415 0.020553 0.021599 0.847306 0.001884 0.001033 0.000005 -0.000018 -0.000923 -0.000011 -0.000006 -0.000008 0.321963 -0.095823 -0.077506 0.408273 0.000006 -0.000206 -0.000881 -0.000350 -0.000163 -0.000068 -0.003688 -0.001197 -0.001570 -0.000021 0.000031 0.000000 1.292060 4.271495 3.955504 3.580672 2.282433 0.005384 0.003320 1.425265 -0.446712 0.010680
-0.000006 -0.000008 0.000766 0.000248 0.230035 0.512213 0.943572 0.017054 -0.194470 -0.073458 1.640790 0.090425 0.011257 -0.014094 -0.013078 0.016697 -0.214091 0.539471 -0.212383 1.081982 0.002248 0.000890 0.000274 0.027031 0.058158 0.000193 0.000461 0.000001 -0.000326 -0.000595 -0.000117 -0.000026 -0.000009 0.030243 -0.036780 0.000690 0.000073 0.000002 -0.000013 -0.002264 -0.000251 -0.000149 -0.000050 -0.003562 -0.019698 -0.179747 0.392524 0.164413 0.468253 2.776893 5.030819 2.442564 2.261172 1.028386 0.003017 0.001708 0.001660 0.006782 0.006757
0.001182 0.009932 0.013713 0.001095 0.024551 0.561498 1.092673 -0.010174 0.005880 0.000415 0.000121 0.000134 0.000264 0.004902 -0.000344 0.075675 0.305388 1.085209 0.505873 0.001278 0.000706 0.000425 0.000306 0.000266 0.023940 0.000004 0.000006 -0.000000 -0.000032 -0.002118 -0.000058 -0.005155 -0.000226 -0.014445 0.000000 0.000001 0.000001 -0.000000 -0.000005 -0.002969 -0.002360 -0.007927 -0.009360 -0.078426 0.922078 1.134678 1.281965 0.313398 0.418750 1.722267 2.706222 1.425488 1.726862 1.504892 0.007269 0.000003 0.000437 0.000264 0.001477
0.000078 0.003834 0.003240 0.004271 0.000169 0.538768 1.349113 0.316240 0.000000 0.000000 0.000001 0.000052 0.000204 0.000381 0.006178 0.019464 0.018376 0.003073 0.004943 0.001621 0.000061 0.000098 0.000036 0.000000 0.039539 0.000001 0.000003 -0.000002 0.000016 0.016295 -0.008548 0.148994 -0.059500 -0.070105 -0.000404 -0.000001 -0.000001 -0.000002 -0.000002 -0.000059 -0.006808 -0.072350 0.891707 1.027796 1.193546 1.565884 1.410294 0.000235 0.000179 0.579716 0.782462 1.556433 3.336134 1.717072 0.025407 0.000000 0.000045 0.000124 0.000568
-0.000000 0.004226 0.003573 0.000670 0.000016 0.022280 0.732107 0.870091 0.189221 -0.000050 -0.000000 0.000000 0.000086 0.000343 0.002279 0.005600 0.009815 0.000583 0.004389 0.001400 0.000191 0.000221 0.000059 -0.000002 0.040673 -0.000003 0.000005 -0.000001 0.001917 0.001109 -0.028076 0.379043 -0.049829 -0.067829 -0.211466 -0.000101 -0.000162 -0.000012 -0.000002 -0.002362 0.586075 0.780642 1.067611 1.285054 1.250316 0.218108 0.000266 0.000112 0.000084 0.000001 0.037496 1.464733 2.895172 3.013642 0.097855 0.000000 0.000001 0.000000 0.000001
0.000012 0.003433 0.001547 0.000036 0.000002 0.000116 0.000410 0.515097 1.547654 -0.000841 -0.000161 -0.000075 0.000002 0.000216 0.000215 0.002772 0.005225 0.004026 0.001849 0.000187 0.000426 0.000324 0.000039 -0.000006 0.036745 -0.000998 0.000000 0.000004 0.000163 0.000236 0.004546 0.000812 0.002096 0.000707 -0.157144 -0.114819 -0.083589 -0.017603 -0.007474 0.200511 0.594019 0.770869 1.444282 1.322527 0.000002 0.000000 0.000000 0.000001 0.000000 0.000001 0.011531 1.128438 2.332170 3.555361 1.512560 -0.000185 -0.000001 -0.000000 0.000002
0.000048 0.000026 0.000005 -0.000001 -0.000000 0.000356 0.000776 0.502232 0.444961 0.381823 -0.000659 -0.000213 -0.000001 0.000007 0.000019 0.000328 0.001590 0.002958 0.000937 0.001726 0.002549 0.002093 0.000059 -0.000009 0.022907 -0.005173 -0.000000 0.000000 0.000001 0.000010 0.002404 0.001151 0.000547 0.000018 0.000005 -0.026171 -0.104662 -0.074937 -0.088989 0.260090 0.591988 0.976291 1.366551 1.420255 -0.000001 -0.000000 -0.000000 -0.000001 -0.000000 0.000000 0.002107 0.155141 2.210749 3.506623 2.304359 0.470093 -0.000196 -0.000020 0.000015
-0.000018 -0.000008 -0.000003 -0.000001 -0.000001 0.001239 0.001132 0.329164 0.347791 0.439228 0.035795 -0.000388 -0.000003 -0.000002 0.000030 0.000002 0.002754 0.000106 0.000121 0.000593 0.000895 0.000138 0.000001 -0.027845 0.004215 0.012616 -0.000000 -0.000000 -0.000001 0.000125 0.001674 0.000008 0.000004 0.000001 0.000011 0.000006 -0.075763 -0.038135 -0.215914 0.458798 0.397717 1.027650 1.170115 1.020787 0.167420 -0.000006 -0.000220 -0.000302 -0.000126 -0.000000 0.013888 0.359647 1.712029 3.136230 2.207524 0.306292 0.000003 0.000024 0.000037
-0.000046 -0.000023 -0.000510 -0.000188 0.000400 0.004877 0.002084 0.160851 0.392827 0.478860 0.102045 -0.002001 -0.000002 0.000000 0.000000 0.000002 0.001113 0.000000 0.000002 0.000059 0.000319 0.000158 0.000001 -0.013208 -0.062795 0.023155 0.004841 0.000001 0.000000 0.000013 0.000375 0.000179 0.000008 0.000002 0.000017 0.000010 -0.020307 -0.022184 -0.017839 0.471538 0.353185 1.068673 0.910735 0.752900 0.169161 -0.000789 -0.401091 -0.568927 0.820571 0.516670 0.372507 0.425852 2.104853 2.322688 1.554033 0.000643 0.000276 0.000036 0.000042
-0.000312 -0.001289 -0.001959 -0.002948 0.000162 0.005374 0.000916 0.089930 0.290200 0.446269 0.171898 0.003692 0.000087 0.000013 -0.000001 -0.000002 -0.000000 -0.000000 -0.000000 0.000000 0.000001 0.000000 0.000000 -0.005194 -0.085325 -0.000410 0.059640 0.000002 0.000001 0.000002 0.000088 0.000076 0.000581 0.000319 0.001122 0.000772 -0.004174 -0.024489 0.083411 0.670620 0.463105 1.363698 0.685881 0.662007 0.324383 0.236768 0.730222 0.939269 1.322409 0.618883 0.507623 1.193296 2.257650 0.937611 0.007052 0.000041 0.000000 0.000001 0.000000
-0.000095 -0.000010 0.000076 0.000794 -0.000368 0.136826 -0.126475 0.150596 0.250953 0.322054 0.001434 0.001936 0.000193 0.000110 -0.000012 -0.000023 -0.000172 -0.000208 -0.000001 -0.000095 -0.000001 -0.000000 -0.000000 -0.009149 -0.061487 0.071272 0.000322 0.000009 0.000001 0.000000 0.000000 0.000001 0.000106 0.000052 0.000120 0.000063 -0.000568 0.097349 0.212170 0.671862 0.247824 0.786892 0.671859 0.602391 0.434923 0.513615 1.138727 1.087454 1.208449 0.354015 0.334327 1.018353 1.062732 0.005237 0.000252 0.000400 -0.000000 -0.000001 -0.000000
-0.000183 0.001209 0.002060 0.000107 0.000470 0.780790 -0.096599 0.103406 0.057471 0.225524 0.000005 0.000300 0.001850 0.000860 0.000750 -0.000010 -0.006078 -0.000212 -0.000002 -0.000251 -0.000197 -0.000117 -0.000112 -0.010441 -0.047173 0.000000 0.000129 -0.000003 -0.000012 -0.000378 -0.000108 -0.000001 -0.000000 -0.000000 0.000000 0.000000 -0.000083 0.284551 0.224145 0.523521 0.220322 0.929066 0.446945 0.555535 0.466731 0.586677 0.855549 0.964817 1.228151 0.382788 0.454196 0.485691 0.490213 0.000273 0.000219 0.003155 -0.011909 -0.000370 -0.002254
-0.000391 0.000000 0.000047 0.000024 0.012927 0.853275 0.297670 -0.003259 -0.038375 0.290621 -0.000052 0.000088 0.000484 0.001512 0.001640 0.000053 -0.000846 -0.006594 -0.000191 -0.000239 -0.000249 -0.000375 -0.000156 -0.101715 -0.010012 -0.000000 0.000000 -0.000001 -0.001090 -0.002046 -0.000246 -0.000070 -0.000065 -0.000126 -0.000000 -0.000086 -0.000010 0.356694 0.093149 0.537299 0.438120 1.018764 0.174256 0.141841 0.355161 0.587643 0.973366 1.046053 1.215832 0.872069 1.206274 0.998364 0.499018 0.000712 0.000054 0.558454 0.368707 0.534571 0.642048
-0.000211 -0.000009 0.000595 0.000246 0.003391 0.001312 0.004399 -0.000522 -0.134331 0.462860 -0.000047 0.000015 0.000522 0.001988 0.001961 0.000006 0.000005 -0.012512 -0.024394 -0.012429 -0.004287 -0.008127 -0.002604 -0.175788 -0.001320 -0.000151 -0.000029 -0.000162 -0.002337 -0.002729 -0.001183 -0.000170 -0.000168 -0.000513 -0.000152 -0.000321 -0.000008 0.342619 0.088300 0.297485 0.483341 1.061732 0.000090 0.000211 0.000333 0.164653 0.621557 1.026556 1.348579 1.085357 1.333021 1.564844 0.903844 0.112783 0.080835 1.149190 1.112760 1.000912 1.008484
-0.000044 0.000003 0.003318 0.000640 0.001267 0.000379 0.000003 -0.000002 -0.152948 0.409937 -0.000016 -0.000011 0.000002 0.002096 0.001747 0.000012 0.000006 -0.006629 -0.007938 -0.002733 -0.014860 -0.000522 0.000033 -0.240281 -0.002516 -0.000359 -0.000133 -0.000225 -0.003468 -0.004825 -0.002813 -0.000140 -0.000753 -0.000596 -0.000874 -0.000003 -0.000006 0.335000 0.000005 0.309826 0.285549 1.039065 0.000113 0.000095 -0.000210 0.000131 0.237598 0.845608 0.841794 0.976103 1.418940 1.675297 1.410424 0.400714 0.310328 2.262317 1.550922 1.087392 0.968291
0.000000 0.000007 0.000391 0.003408 0.000013 0.000000 0.000003 0.000223 -0.010940 0.463309 0.000029 -0.000004 -0.000000 0.000002 0.000005 0.000003 -0.000002 0.000000 -0.002285 -0.001696 -0.001752 -0.000168 -0.000099 -0.129849 -0.130697 -0.000674 -0.000524 -0.000812 -0.000372 -0.010036 -0.000271 -0.000594 -0.001705 -0.000742 -0.001236 -0.000210 0.084654 0.259068 0.000020 0.288115 0.474069 1.224940 0.173134 0.016358 -0.163135 -0.003108 0.181241 0.259921 0.649685 0.957699 1.485372 2.094210 1.512962 0.819500 0.617319 2.152684 1.119865 0.501417 0.001326
-9999.000000 0.000013 0.000270 0.000226 0.000004 0.000000 0.000003 0.000894 0.019220 0.770970 0.003173 -0.000001 -0.000272 -0.000004 -0.000008 -0.000013 -0.000006 -0.000000 -0.000568 -0.000913 -0.000726 -0.000147 -0.000148 -0.080566 -0.072376 -0.000731 -0.001045 -0.000047 -0.000038 -0.013034 -0.003864 -0.000331 -0.001880 -0.000803 -0.001256 -0.002056 0.111758 0.167927 0.075896 0.529478 0.408736 1.102447 0.392879 0.129977 -0.263327 -0.099575 0.215449 0.356239 0.654452 1.054702 1.659140 1.960583 1.622478 0.886504 0.633405 1.782976 0.576034 0.000002 0.000001
-9999.000000 0.000011 0.000003 0.000077 0.000002 0.000001 -0.000000 0.005222 0.018187 0.016913 0.005922 -0.000002 -0.000633 -0.000152 -0.000267 -0.000198 -0.001164 -0.000917 -0.000359 -0.006605 -0.000739 -0.000139 -0.000066 -0.023168 -0.190380 -0.000752 -0.001453 -0.000261 -0.000057 -0.003170 -0.002303 -0.003333 -0.004026 -0.001753 -0.006164 0.000536 0.175882 0.251746 0.306103 0.668016 0.743774 1.408478 0.707491 0.239414 -0.077645 -0.153568 0.113919 0.280048 0.759995 1.153655 1.185238 1.978004 1.440980 0.780214 0.438308 0.741885 0.167768 0.000002 -0.000001
-9999.000000 -0.000000 -0.000001 0.000000 0.000000 0.000001 0.000001 0.008374 0.030606 0.000006 0.000079 -0.000001 -0.001988 -0.000340 -0.000595 -0.000380 -0.003142 -0.000558 -0.003705 -0.008213 -0.002225 -0.002945 -0.001459 -0.060667 -0.118459 -0.063509 -0.001479 -0.002140 -0.003232 -0.007578 -0.006493 -0.004468 -0.005850 -0.004475 -0.372822 0.091283 0.218292 0.326634 0.450611 0.769756 0.824583 1.551209 0.767887 0.382529 0.010057 0.039554 -0.041294 0.290750 0.757137 1.146318 1.119717 1.324598 1.000847 0.699229 0.293492 0.465070 0.150795 -0.000000 -0.000090
-9999.000000 -9999.000000 -0.000197 -0.000038 -0.000000 0.000001 0.000001 0.003816 0.007956 0.000001 0.000002 0.000000 -0.007186 -0.019463 -0.009818 -0.023653 -0.012646 -0.001157 -0.004348 -0.005036 -0.004062 -0.004683 -0.005747 -0.182969 -0.206672 -0.016364 -0.011832 -0.005574 -0.003401 -0.020736 -0.012048 -0.804058 -0.724725 0.278507 0.174274 0.324115 0.449529 0.782626 0.740466 0.788690 0.974343 1.521323 0.884289 0.424933 0.068666 0.072252 0.148562 0.267445 0.521224 0.834334 1.048155 1.235986 0.597358 0.253269 0.001119 0.498336 0.254491 0.241885 -0.147273
-9999.000000 0.000021 -0.000275 -0.000069 -0.000075 0.000002 0.000002 0.006878 0.019098 0.000001 0.000004 0.000000 0.000000 0.000262 -0.000419 -0.001825 -0.009426 -0.029567 -0.017248 -0.002007 -0.003525 -0.028232 -0.001162 -0.112875 -0.155870 -0.052740 -0.083079 -0.228664 -0.897020 -0.142198 0.114196 -0.272245 -0.220082 0.583495 0.413591 0.384256 0.469468 1.012791 1.025685 0.815997 1.189062 1.574878 0.807279 0.597490 0.090345 0.085706 0.143003 0.162254 0.222707 0.484092 0.987499 0.564056 0.001414 0.000005 0.000009 0.000425 0.000330 0.000514 -0.006730
-9999.000000 -0.000189 -0.007404 -0.000374 -0.000077 -0.000019 -0.000002 0.006378 0.012200 -0.000000 0.000000 -0.000000 -0.000000 0.002586 0.000001 0.000012 -0.000664 -0.046663 -0.090662 -0.255715 -0.117750 -0.012088 -0.003048 -0.091417 -0.101569 -0.033362 0.101738 0.236843 -0.246302 0.076904 0.274406 -0.012182 -0.018279 0.524998 0.392351 0.494571 0.688613 1.065383 0.878420 1.021816 1.039073 1.239539 0.670725 0.397258 0.079846 0.018455 0.042632 0.095964 0.163405 0.372816 0.474055 0.077079 0.000000 0.000001 0.000008 0.000007 0.000124 0.000286 0.000102
-9999.000000 0.000003 -0.000501 -0.012671 -0.000035 -0.000018 -0.000003 0.005331 -0.014491 0.006293 -0.000029 -0.000066 -0.015294 -0.000882 -0.000001 0.000086 -0.000076 0.085112 0.008841 -0.084689 -0.031231 -0.019830 -0.050202 -0.062369 0.160513 0.000120 0.384624 0.319682 0.449032 0.352625 0.357328 0.110151 0.081712 0.541257 0.489346 0.411822 0.675636 0.856688 0.770226 0.684593 1.008592 0.630063 0.301970 0.156960 0.156674 -0.004878 0.121611 0.014170 0.051333 0.137080 0.343422 0.000001 -0.000000 -0.000005 -0.000011 -0.000009 0.000000 0.000000 0.000000
0.000000 0.000002 0.000001 -0.004159 -0.000012 -0.000009 0.000154 0.031854 -0.020595 0.047219 -0.015989 -0.028803 -0.051753 -0.004473 -0.002069 -0.000108 0.007028 0.213724 0.001542 0.000003 0.000002 -0.016760 -0.021819 0.114027 0.259975 0.747649 0.526929 0.426534 0.441993 0.501427 0.363369 0.178898 0.147500 0.476193 0.489329 0.500631 0.445935 0.714640 0.420515 0.357661 0.729762 0.526002 0.188060 0.073970 0.033926 -0.113019 -0.033369 -0.029980 0.000208 0.000278 0.000004 -0.001633 -0.000225 -0.000570 -0.000703 -0.000170 -0.000053 -0.000002 -0.000000
-0.000126 -0.000004 -0.000002 -0.001983 -0.002034 -0.000597 0.000797 0.025441 0.049071 0.000029 -0.001572 -0.003235 -0.004387 -0.089333 -0.002315 -0.007969 0.016910 0.062085 0.000000 -0.000001 -0.000001 -0.003515 -0.123345 0.224451 0.664290 0.679420 0.630647 0.479885 0.534598 0.611493 0.430639 0.209350 0.226531 0.549292 0.575048 0.487428 0.431386 0.147696 0.162873 0.083214 0.802948 0.514164 0.126524 -0.020067 -0.044282 -0.152571 -0.146882 -0.000001 0.000001 0.000000 -0.000000 -0.000189 -0.761934 -1.049299 -0.088004 -0.001134 -0.000350 -0.000047 0.000000
-0.000722 -0.000002 0.000053 0.138710 -0.119138 -0.081995 0.003634 0.000000 0.000000 0.000000 0.000000 0.000000 -0.001198 -0.001628 -0.000391 -0.049434 0.001017 0.001795 0.000625 -0.005958 -0.068164 0.123624 0.255851 0.395879 0.640017 0.589633 0.285167 0.002822 0.000998 0.217076 0.170579 0.277602 0.239474 0.693706 0.729390 0.820673 0.186333 0.000451 0.000327 0.063890 0.672141 0.679325 0.106536 -0.022711 -0.042146 -0.175537 -0.184585 -0.237941 -0.000001 -0.000063 -0.000598 0.002421 -0.238666 -0.554981 0.205557 0.000041 -0.000026 -0.000707 -0.000016
