use_cases/Flooding_chicago/flooding_data/output/hUy_1440.asc
ncols 337
nrows 393
xllcorner 428428.000000
yllcorner 4602440.000000
cellsize 26.757400
NODATA_value -9999.000000
[rows 182 to 207 of 393, columns 58 to 115 of 337]
0.000222 0.000103 0.000365 0.000302 -0.001815 -0.002294 -0.002079 -0.000974 -0.011714 -0.000376 0.056608 0.001074 0.002202 0.012822 0.023179 0.002901 -0.006627 -1.019627 -1.206225 -1.064996 -0.249778 -0.207665 0.079433 0.004216 -0.000081 0.000000 0.000000 0.005734 0.053635 0.068663 0.004300 -0.215150 -1.489808 -1.753071 0.003405 -0.032505 -0.001216 0.000247 0.000331 0.000131 -0.000646 -0.029284 -0.064968 -0.399116 0.007433 -0.445922 -0.113207 1.923415 1.574271 1.104402 0.575369 0.135253 -0.171812 -0.019380 -0.081267 -0.086491 -0.109285 -0.005963
-0.000222 -0.000103 -0.000822 -0.003161 -0.002654 -0.035349 -0.025620 -0.013571 -0.035075 -0.003082 0.016984 0.000961 0.002795 0.001042 0.000589 -0.000110 -0.002595 -1.074789 -1.295881 -1.141755 -0.008294 0.013771 0.033094 0.012781 -0.000288 -0.011740 -0.005347 -0.000139 -0.000003 -0.000000 -0.000000 -0.000000 -0.748226 -1.625027 -0.000149 0.000095 -0.000659 -0.000569 -0.000394 -0.000136 -0.000371 -0.144958 0.034911 0.169859 0.503485 0.153500 0.762066 2.469966 1.672925 0.674672 0.151632 -0.085965 -0.397346 -0.073518 0.264949 -0.070129 0.038760 -0.013862
-0.011543 -0.009321 -0.024378 -0.015503 -0.029982 -0.057083 -0.043405 -0.023060 -0.006866 -0.073731 -0.005094 0.000871 0.002299 0.000107 -0.000124 -0.000210 -0.000734 -0.950792 -2.345165 -0.973145 -0.003805 0.000513 0.001212 0.011418 0.003893 -0.682035 -0.028939 -0.010437 -0.021735 -0.011860 -0.019346 -0.006418 -0.797726 -1.045339 -0.000264 -0.000275 -0.001553 -0.010255 -0.007440 -0.010601 -0.000478 0.000374 0.000029 0.389724 0.986397 0.994880 1.223354 1.832309 0.247490 0.001121 0.001305 -0.023590 -0.173335 -0.071996 0.353088 -0.104362 0.127288 0.021216
-0.037636 -0.027136 -0.067343 -0.036625 -0.093178 -0.102583 -0.063430 -0.030118 -0.060988 -0.088889 -0.000032 -0.000577 0.000000 -0.000305 -0.000292 -0.002416 -0.002103 -0.780904 -2.230914 -0.697108 -0.001386 -0.000217 0.000880 0.001182 0.003807 -0.015021 -0.066451 -0.041825 -0.058505 -0.025414 -0.078983 -1.107596 -1.737563 -0.641137 -0.232017 -0.008799 -0.011626 -0.055472 -0.048234 -0.052348 -0.000865 -0.000151 0.107738 1.199783 1.836955 1.104768 1.283648 1.446590 0.185091 0.001554 0.002308 -0.004421 -0.104315 -0.035320 0.377326 -0.108655 0.148217 0.059153
-0.006198 -0.059930 -0.031708 -0.011156 -0.022746 -0.210816 -0.193274 -0.154813 -0.067091 -0.077561 -0.036819 -0.001586 -0.000981 -0.012403 -0.007649 -0.001349 -0.078473 -0.495282 -2.183668 -1.562239 -0.023907 -0.009393 -0.000812 0.000284 0.000310 -0.003984 -0.009867 -0.137354 -0.163015 -0.609154 -0.030801 -0.042644 -1.246338 -1.963534 -1.263309 -0.220965 -0.791268 -0.144604 0.013330 -0.089121 -0.122337 -0.143806 0.418837 1.872854 1.839705 1.042312 1.006331 0.838272 0.142742 -0.000251 0.000676 0.000346 0.007397 -0.009799 0.475077 -0.002676 0.000006 0.000203
-0.001424 -0.016665 -0.021102 -0.009894 -0.000361 0.001924 -0.092618 -0.079850 -0.347486 -0.316215 -0.018467 -0.001232 -0.001112 -0.023128 -0.026335 -0.011497 -0.050864 -0.977863 -1.902531 -1.303683 -0.594347 -0.013658 -0.000999 -0.001377 -0.000495 -0.001432 -0.001824 1.423457 3.391033 0.236814 0.136531 0.339599 -0.944410 -0.960029 -0.686195 -0.227554 -0.492273 0.347419 0.139220 0.029019 -0.213546 -0.037348 0.342412 2.045870 1.958580 1.024851 0.865437 0.567548 0.059272 -0.038555 -0.000744 -0.000180 0.000180 0.006229 0.557856 0.046293 -0.041639 -0.000462
-0.002140 -0.006732 -0.112160 -0.006736 -0.001404 0.003866 0.002049 -0.037218 -0.243524 -0.452334 -0.250528 -0.001012 -0.000988 -0.002325 -0.091884 -0.011282 -0.026336 -0.814834 -1.646467 -1.179903 -0.571186 -0.003818 -0.020795 -0.006588 -0.021730 -0.014930 -0.018017 0.465141 0.522722 0.076923 -0.089224 0.432576 -0.253005 0.921152 -0.087709 -0.320777 0.022393 0.021334 -0.103396 -0.072086 -0.221042 -0.098462 0.201950 3.145644 2.132131 1.011325 0.772262 0.502089 0.026669 0.055665 0.057962 -0.000255 -0.000346 0.017455 1.110110 0.018573 -0.040771 -0.194479
-0.001117 -0.001868 -0.118960 -0.002596 -0.001505 -0.000419 0.001427 -0.009410 -0.126979 -0.524053 -0.362994 -0.007796 -0.014175 -0.001612 -0.055688 -0.131529 -0.270106 -0.676260 -1.948985 -2.122172 -1.369035 0.145880 -0.039494 -0.009178 -0.041541 -0.023641 -0.324848 0.305164 0.383476 0.000425 0.000659 0.059292 0.009371 0.000000 0.004867 -0.363103 -0.088846 -0.177444 -0.166549 -0.117102 -0.357549 -0.204759 0.239326 3.417508 2.991180 1.273072 0.654366 0.390936 0.038871 0.073435 0.074686 0.001486 0.021554 0.081879 1.043317 0.038167 -0.046672 -0.879475
-0.050923 -0.148799 -0.067293 -0.025097 -0.000878 -0.004870 -0.001473 0.000199 0.000364 -0.367039 -0.459089 -0.003259 -0.029753 -0.007131 0.054663 0.114963 -0.089735 -0.710181 -1.291612 -1.737800 -1.055216 0.009759 -0.139858 -0.684236 -0.472547 -0.372717 -0.046469 0.320244 0.320566 -0.000305 -0.000353 -0.000020 -0.000121 -0.005027 -0.000142 0.000037 -0.000164 -0.179792 -0.157208 -0.366180 -0.656202 -0.251085 0.335712 5.107171 3.384759 1.401731 0.591099 0.462693 0.159760 0.221505 0.000021 0.000664 0.006957 0.028489 0.020303 0.168841 0.149268 0.144961
-0.094710 -0.122213 -0.188335 -0.012835 -0.017273 -0.006131 -0.003257 -0.000833 -0.000039 -0.284295 -0.298631 -0.151397 -0.080376 0.105010 0.329603 0.211943 0.016421 -0.493998 -1.323579 -1.263131 -0.858305 -0.093388 0.403163 0.426560 -0.070295 -0.433673 -0.180946 0.385731 -0.353511 -0.155074 -0.126483 -0.353728 -0.243895 -0.510268 -0.007040 -0.000559 0.032601 -0.089297 -0.249717 -0.362533 -1.095603 -0.147327 0.594395 4.586790 3.108201 1.042393 0.434370 0.364166 0.336434 0.425159 0.091050 -0.000043 0.000746 0.010016 0.009447 0.049801 0.029431 0.033819
-0.021893 -0.295951 -0.435756 -0.023825 -0.038008 -0.002559 -0.032415 -0.006290 -0.001250 -0.126310 -0.314940 -0.412904 -0.563048 0.510942 0.540428 0.429702 0.181188 -0.087304 -0.807939 -0.652252 -0.563220 0.166089 0.637124 0.386971 0.055823 -0.255930 -0.278634 0.249827 -0.424043 -1.025840 -0.591428 -0.611070 -0.607771 -1.667305 -0.390170 -0.155328 0.002735 -0.077706 -0.232391 -0.244439 -0.989712 -0.042939 0.870655 5.023508 3.311856 1.106513 0.086866 0.175342 0.374001 0.695968 1.047118 -0.007193 -0.000084 0.000066 0.001415 0.016860 0.001506 0.001120
0.000010 -0.256475 -0.306436 -0.244637 -0.009466 -0.009879 -0.078542 -0.002792 -0.001854 -0.047251 -0.124886 -0.628477 -0.249896 0.417112 0.627737 0.440134 0.294063 0.077319 -0.434130 -0.440738 -0.437344 0.265955 0.601094 0.215398 0.267868 0.205149 0.255511 0.397020 0.006385 -0.716627 -0.102528 -0.398387 -0.992045 -0.987426 -0.825719 -0.681791 -0.266444 0.171265 -0.081689 -0.112340 -0.892236 -0.150084 0.752657 5.161376 3.484883 2.202226 0.035521 -0.112649 0.183819 0.461736 1.354039 0.635944 0.008600 -0.004361 -0.000178 0.000493 0.001622 0.001188
-0.006804 -0.107429 -0.357133 -0.302928 -0.122711 -0.093710 -0.118864 -0.008210 -0.002264 -0.015996 -0.036170 -0.088765 -0.121293 0.512415 0.554980 0.463956 0.217395 0.081803 -0.384328 -0.348905 -0.260941 0.259819 0.502913 0.283254 0.026578 0.034300 0.034280 0.020735 0.005915 0.001854 0.978975 0.153532 -1.444436 -0.562365 -0.441472 -0.471261 -0.328874 0.448736 0.281451 0.131495 -1.082150 -0.521359 0.644118 5.687075 4.199192 2.713980 0.203756 -0.208662 -0.007409 0.059210 0.598463 0.575338 0.063453 -0.000200 -0.010612 -0.000424 -0.000966 0.000919
-0.019106 -0.027726 -0.200493 -0.159008 -0.157167 -0.155542 -0.372700 -0.247964 -0.009701 -0.006845 -0.015094 0.154907 -0.073837 0.323479 0.355912 0.390235 0.126712 0.086022 -0.296894 -0.212654 -0.125313 0.247048 0.458293 0.375253 0.034407 0.078023 0.073001 0.056042 0.008814 0.000071 1.220793 0.415807 -1.348772 -0.253624 0.003997 -0.136272 0.003866 0.727800 0.743692 0.676720 -0.913198 -0.445784 1.268883 5.782114 3.813889 2.607807 0.317967 0.319272 0.493004 0.022389 0.014125 0.015693 0.010568 0.151009 -0.060166 -0.006323 -0.000486 0.000000
-0.002545 -0.010411 -0.254035 -0.225437 -0.069017 -0.089391 -0.822000 -1.032111 0.080522 -0.029041 -0.009553 0.210438 -0.100568 0.330596 0.295293 0.424135 0.090690 0.158462 -0.047770 0.000350 0.044082 0.280124 0.413496 0.060172 0.086944 0.030465 0.029142 0.029537 0.024198 0.183644 1.048926 0.132889 -0.940395 0.042055 0.033342 0.289366 0.022416 0.025144 0.012783 0.006818 0.010480 0.011079 0.867974 5.205015 2.637270 1.539409 0.014813 0.019338 0.010817 0.008975 0.005982 0.000326 0.000153 0.006132 0.036417 -0.018218 -0.010672 -0.005350
-0.013863 0.004994 -0.125288 -0.121119 -0.046101 -0.119550 -0.437898 -0.549820 -0.077391 -0.123213 -0.066594 0.155369 -0.124736 0.498173 0.212702 0.358727 0.039433 0.179611 0.085986 0.142402 0.169030 0.343042 0.020546 0.017486 0.017954 0.021345 0.016836 0.022540 0.019380 0.056278 0.054046 0.011275 0.019740 1.104172 0.150911 0.017251 0.011097 0.006337 0.006034 0.000175 0.000098 0.000438 0.818596 3.356126 3.235303 0.837612 0.000000 -0.000000 -0.000000 -0.000000 -0.000003 -0.000208 -0.000106 -0.000001 -0.000052 -0.481732 0.328804 -0.713954
-0.058332 0.002064 0.002890 0.001552 0.000868 -0.124674 -0.234485 -0.469016 -0.222926 -0.288390 -0.078903 0.100475 -0.200227 0.668035 0.091614 0.373697 -0.043421 0.218590 0.300161 0.433355 0.401258 0.019108 0.000381 0.008894 0.000326 0.000852 0.017020 0.006075 0.006421 0.025448 0.015671 0.001304 0.014315 0.077015 0.023767 0.006383 0.000000 0.000000 0.000000 -0.007829 -0.000205 0.291073 1.669669 4.213609 3.822098 1.451866 -0.042127 -0.031399 -0.006247 -0.011909 -0.007326 -0.007686 -0.013567 -0.007801 -0.346596 -1.020860 0.516357 0.894005
-0.017443 -0.001623 -0.005914 -0.002470 -0.000832 0.000107 0.022113 -0.098029 -0.315669 -0.253824 -0.193972 0.000070 -0.040143 0.904684 0.112982 0.634317 -0.015132 0.367730 0.071001 0.096044 0.112641 0.001934 0.000418 -0.000003 -0.000208 0.000724 0.001544 0.000000 0.000000 0.000178 0.000005 -0.000065 0.001935 0.009031 0.013133 0.000512 -0.009776 -0.007076 -0.007448 -0.025454 0.057228 0.861925 1.772171 4.133368 3.665720 1.432761 -0.090453 -0.286869 -0.019941 -0.027574 -0.013604 -0.013808 -0.036375 -0.668553 -0.760059 -1.117177 1.535569 1.776901
-0.000028 -0.001045 -0.001736 -0.030789 -0.037391 -0.000628 -0.000014 0.001387 -0.093488 -0.201497 -0.242303 -0.020809 0.213779 1.143094 0.010496 1.213579 0.692156 0.047555 0.027841 0.041250 0.075984 0.006066 0.000009 -0.008749 -0.014182 -0.002829 -0.002467 -0.012736 -0.006438 -0.000347 -0.006003 -0.042732 -0.000401 0.000000 0.000000 -0.000137 -0.023628 -0.043681 -0.024571 -0.105978 0.410602 1.065755 1.872625 3.474017 2.132665 1.287210 0.276480 0.231379 -0.249410 -0.278813 -0.369563 -0.412582 -0.732718 -0.868734 -0.731497 -0.418802 0.362066 0.829400
-0.001506 0.015711 0.002876 -0.107206 -0.187616 -0.087076 -0.009847 0.025165 0.035604 -0.028775 -0.318586 0.083363 0.598081 0.010698 0.005763 0.043779 0.053355 0.014475 0.012191 0.011482 0.020119 0.003920 -0.000626 -0.030843 -0.038249 -0.029792 -0.025327 -0.027948 -0.024457 -0.016213 -0.015534 -0.080265 -0.046301 -0.005460 -0.011833 -0.031118 -0.011280 -0.017170 -0.007227 -0.014021 0.412412 1.037823 1.686649 3.078357 1.654184 0.757237 0.380693 0.208328 -0.276821 -1.102302 -0.808301 -0.236576 -0.236922 -0.556399 -0.129737 0.027287 0.010399 0.796090
-0.000277 0.021344 0.008219 -0.047828 -0.139713 -0.102577 -0.168224 0.007051 0.007810 0.025483 -0.285708 -0.008189 0.220857 0.000730 0.001651 0.004787 0.001738 0.029971 0.014311 0.012944 0.000222 0.001333 -0.001861 -0.115080 -0.208138 -0.216790 0.097490 -0.006189 -0.024320 -0.056501 -0.033155 -0.104404 -0.195478 -0.170888 -0.170499 -0.129058 -0.006565 -0.010596 -0.004469 0.000369 0.501671 1.155590 1.671190 2.904989 1.327091 0.431901 0.269838 0.106909 -0.293429 -0.519556 -0.523255 0.116515 0.400645 0.410895 0.214196 0.000361 0.005069 0.400304
-0.001149 0.000642 0.000732 0.000378 -0.165451 -0.136954 -0.107268 0.000569 0.000394 0.000181 0.000066 -0.110295 0.172273 0.000845 0.002523 0.018174 0.002609 0.061724 0.003192 -0.001120 -0.000222 -0.002658 -0.001694 -0.054955 -0.232709 -0.105636 0.094966 -0.001590 -0.003394 -0.166305 -0.197854 -0.032327 -0.054889 -0.161787 -0.139660 -0.024474 -0.017025 -0.004392 -0.002400 0.000330 0.881840 1.349749 1.594706 2.466128 1.287390 0.285889 0.072624 0.088634 -0.307879 -0.249405 -0.208586 0.208792 0.581143 0.908053 0.256366 0.090148 0.100278 0.294574
-0.002748 -0.001379 -0.000906 -0.000408 -0.193014 -0.172308 -0.086682 -0.000247 -0.000331 -0.000177 -0.000102 -0.122579 0.238335 0.000380 0.001211 0.005450 0.000743 0.007089 -0.000055 -0.009269 -0.028512 -0.003812 -0.064532 -0.048733 -0.216622 -0.051641 0.000071 0.000000 -0.000711 -0.144986 -0.099982 -0.043739 -0.050753 -0.119320 -0.110974 -0.020946 -0.108856 -0.011673 -0.010774 0.079532 1.100413 0.971839 1.060457 1.496440 0.609156 0.265577 0.127992 0.157667 -0.051300 -0.064577 0.000053 0.001046 0.003663 0.512182 0.238984 0.198520 0.247205 0.653202
-0.004034 0.000666 -0.037552 -0.087362 -0.163710 -0.144955 -0.000013 -0.000554 -0.010191 -0.007959 -0.057832 0.001752 0.017116 0.000065 0.000065 0.000000 -0.000250 -0.000010 -0.000000 -0.002634 -0.063263 -0.020411 -0.228666 -0.154331 -0.050953 0.079053 -0.000494 -0.006244 -0.000602 -0.116709 -0.163761 -0.038123 -0.061490 -0.125186 -0.038450 -0.038227 -0.044582 -0.093277 -0.043611 0.462289 1.090681 0.993484 1.037276 1.389905 0.596570 0.005384 0.000920 0.000884 0.053200 -0.003761 0.077426 0.002908 0.000000 0.011317 0.008372 0.035099 0.082467 0.148448
0.020445 0.040271 -0.459562 -0.771770 -0.061928 -0.486047 -0.013281 -0.004162 -0.036572 -0.195625 -0.004700 -0.000127 -0.000003 -0.000124 -0.000556 -0.005378 -0.019972 -0.009265 -0.012940 -0.008104 -0.128390 -0.158605 -0.137577 -0.111500 -0.017269 0.000222 -0.004409 -0.019735 -0.089622 -0.114928 -0.158627 -0.026646 -0.035016 -0.039121 -0.028653 -0.029521 -0.084182 -0.131104 -0.087195 0.525203 1.003464 0.957861 0.970149 1.290245 0.623148 0.002856 -0.001257 0.000172 0.091793 -0.044652 0.002404 0.009856 0.003154 0.008672 0.003681 0.001384 0.012486 0.009779
0.072209 0.075900 -0.081364 -0.572960 -0.214439 -0.384913 -0.324342 -0.115004 -0.152166 -0.095048 0.091161 0.176756 0.187366 -0.014414 -0.010852 -0.020468 -0.023924 -0.035001 -0.024872 -0.360697 -0.634198 -0.453281 -0.451557 -0.037521 -0.004296 -0.000222 -0.001296 -0.055852 -0.007061 -0.079751 -0.117780 -0.008700 -0.254638 -0.032727 -0.014978 0.280294 0.560006 0.058527 0.059948 0.533825 0.850923 0.940188 0.820441 1.511059 0.953475 0.076741 -0.054738 0.009014 0.096703 -0.093829 0.004307 0.042960 0.004667 0.006358 -0.000457 0.000114 0.000391 0.000793
