use_cases/Flooding_chicago/flooding_data/output/hUy_1500.asc
ncols 337
nrows 393
xllcorner 428428.000000
yllcorner 4602440.000000
cellsize 26.757400
NODATA_value -9999.000000
[rows 104 to 129 of 393, columns 174 to 231 of 337]
0.002395 0.007062 0.028062 0.180636 0.334723 -0.037910 -0.000511 -0.016582 -0.012574 -0.037372 -0.016716 -0.004012 -0.002105 0.000077 -0.000343 -0.046843 -0.026962 -0.037269 -0.293189 0.371626 0.084195 0.021725 0.320228 0.777229 0.410525 0.453436 0.056320 -0.241032 -0.133064 -0.156442 -0.548829 0.004148 0.015163 0.116679 0.014272 -0.023787 -0.025149 0.156829 0.012138 0.017985 0.103376 -0.145770 -0.034900 -0.015144 -0.013881 0.235341 0.902602 0.794423 0.106803 -0.060124 -0.023052 -0.411048 0.231182 -0.013669 -0.053036 -0.003894 -0.026022 -0.044914
0.000988 0.002524 0.013910 0.010539 0.043389 0.050344 -0.002733 -0.058350 -0.064954 -0.071157 -0.016623 -0.020751 -0.001998 -0.000695 -0.000442 -0.016948 1.088649 1.237756 0.136142 0.265557 -0.013037 -0.202075 0.172715 0.601520 0.199172 0.275367 -0.032185 -0.316893 -0.317938 0.120245 -0.578059 0.328038 0.020596 0.520269 0.294939 0.891864 0.054637 0.023907 0.008925 0.000858 0.000109 -0.029459 -0.039109 -0.014904 -0.010204 0.416809 0.912344 0.356413 0.000360 0.000360 -0.002816 -0.230183 0.348892 0.092967 -0.005666 -0.066636 -0.125054 -0.023746
-0.000113 0.000756 0.000165 0.000403 0.009350 0.011358 -0.000374 -0.022756 -0.054883 -0.456437 -0.994031 -0.043780 -0.016736 -0.004869 -0.008596 -0.001821 1.490056 1.436790 0.244392 0.195691 -0.055927 -0.234889 0.197783 0.578941 0.018356 0.165282 -0.083752 -0.334522 -0.278251 0.388076 -0.327145 0.048798 0.027846 0.024884 0.103741 0.040113 0.034607 0.011678 0.000427 0.000056 -0.000045 -0.008902 -0.022907 -0.077562 -0.013079 0.563401 0.551705 0.001798 -0.000360 -0.000360 0.071659 0.166922 0.315342 0.000000 0.000000 -0.069544 -0.049781 -0.017586
0.005673 0.001217 -0.000104 -0.000103 0.000671 0.005824 0.049824 0.157488 0.210211 -0.015238 -0.523589 0.043479 -0.392261 -0.163143 -0.011243 0.583732 0.719330 0.437355 0.154206 0.397550 0.403671 0.452220 0.379888 0.771620 0.004091 0.312203 0.088278 -0.180638 -0.206012 1.107210 0.100833 0.038746 0.034172 0.022498 0.031234 0.035552 0.029777 0.002061 -0.000032 -0.000154 -0.005098 -0.015748 -0.075973 -0.168121 -0.048932 1.047362 0.727876 0.088413 0.241633 0.121888 0.035860 0.420771 0.218425 0.081317 -0.080929 -0.143665 -0.094208 -0.102338
-0.040157 0.001322 -0.000176 -0.007792 -0.000131 0.000000 0.003747 0.149777 0.338975 0.013925 0.169563 0.486399 0.013829 0.204960 0.308387 0.325975 0.033148 0.019956 0.025542 0.009003 0.016584 0.026803 0.015874 0.025830 0.179903 0.492418 0.475731 0.413370 0.405319 0.062388 0.041158 0.029079 0.010604 0.013866 0.006887 0.007573 0.017616 0.007970 0.000099 0.000237 -0.025167 -0.088590 -0.292012 -0.295280 0.177306 1.534623 0.688971 0.320194 0.512640 0.205414 0.911821 0.805336 0.482642 0.195737 -0.260455 -0.240938 -0.187618 -0.267829
0.008089 -0.000601 0.002929 -0.059954 -0.013698 -0.004217 0.013561 0.315839 0.022492 0.035699 0.017694 0.075518 0.004273 0.024332 0.016214 0.014707 0.022286 0.007858 0.000646 0.000802 0.000393 0.000143 0.000293 0.000916 0.021189 0.221683 0.056642 0.061027 0.042560 0.056975 0.019142 0.010909 0.008640 0.000000 0.000015 0.000468 0.000528 0.005373 0.000138 0.000057 0.000148 0.000907 0.053781 0.034685 0.726557 1.832161 0.633983 0.456544 0.672129 0.656910 0.445340 0.240649 0.109006 0.027766 -0.227979 -0.144875 -0.128400 -0.285436
0.017030 0.000000 0.004051 -0.002665 -0.087762 -0.007840 0.058947 0.084283 0.066463 0.075914 0.015746 0.008438 0.002833 0.000068 0.000174 0.000313 0.000397 -0.000013 -0.000454 -0.000712 -0.000365 -0.000141 0.000560 0.002954 0.092140 0.349641 0.032351 0.037612 0.040631 0.068382 0.006487 0.001244 0.003212 -0.012205 -0.004944 -0.000569 -0.000457 -0.000016 -0.000000 -0.000094 -0.000162 0.002840 0.292926 0.314965 1.293775 1.427146 0.475098 0.031807 0.026901 0.010876 0.067617 0.015449 0.017075 0.001072 -0.077422 -0.046921 -0.031836 -0.182260
0.000375 -0.017536 0.000000 -0.000666 -0.022191 -0.083762 0.027310 0.040007 0.007599 0.038437 0.001068 0.007170 0.001512 -0.000069 -0.000184 -0.000416 -0.000625 -0.021101 -0.016400 -0.014024 -0.008507 -0.011004 0.001998 0.025743 0.174555 0.014203 0.014869 0.015043 0.029660 0.040103 0.038853 0.007397 -0.007605 -0.058371 -0.003497 -0.012345 -0.012164 -0.007390 -0.006608 -0.000165 -0.007485 0.967398 0.701863 0.337212 1.186886 1.048601 0.001477 0.007973 0.020172 0.007749 0.036469 0.007550 0.018627 0.000596 -0.018293 -0.130289 -0.074868 -0.180887
-0.003519 -0.092050 -0.003663 -0.015190 -0.047976 -0.381189 0.000412 0.009440 0.004043 0.009754 0.000682 -0.002337 -0.005496 -0.005122 -0.031683 -0.012787 -0.010733 -0.023279 -0.066844 -0.066330 -0.067606 -0.081266 0.026920 0.018394 0.107649 0.000170 0.000121 0.000787 0.011006 0.014281 0.014628 0.007685 -0.002952 -0.088101 -0.035069 -0.039644 -0.030979 -0.017412 -0.021693 -0.007051 -0.270323 2.021703 0.682991 -0.136209 0.353736 0.682041 0.002405 0.000475 0.007598 0.000449 0.000569 0.000393 0.015268 0.002934 0.027999 -0.083906 -0.064063 -0.202933
-0.004340 -0.043793 -0.065584 -0.268483 0.258011 0.026294 0.000441 0.000421 0.000378 0.000334 0.000094 -0.000798 0.013885 -0.016945 -0.074691 -0.477201 -0.038958 -0.028296 -0.027197 -0.030455 -0.018306 0.000548 0.005378 0.000251 0.035240 0.000085 -0.000080 -0.000092 0.000018 0.000432 0.000990 0.000222 -0.000701 -0.050988 -0.077074 -0.058283 -0.066146 -0.032902 -0.030161 -0.052196 1.230041 2.286560 0.425406 -0.623844 -0.067160 0.129583 0.021565 0.001684 0.000004 0.000211 -0.000247 -0.000331 0.006107 0.002513 0.011828 0.010450 0.292545 -0.098496
-0.011743 -0.031155 -0.027820 0.031755 0.256428 0.102204 0.000517 0.000527 0.000238 -0.000015 -0.000065 0.000109 -0.030605 -0.072656 -0.128201 -0.246059 -0.006530 -0.005626 -0.091252 -0.007389 -0.000001 -0.000065 0.000000 -0.000086 0.020343 -0.000506 -0.007264 -0.005027 -0.009064 -0.000636 -0.001016 -0.000222 -0.000531 -0.006273 -0.042005 -0.045183 -0.159805 -0.125229 -0.030545 0.978158 1.659369 3.688170 0.341109 -0.896256 -0.253555 0.601799 0.029629 0.021866 0.023054 -0.000023 -0.000554 -0.009978 -0.000166 -0.000004 0.000144 0.000612 0.007309 0.001040
-0.009056 -0.018729 0.091529 0.118428 0.202169 0.121950 0.000071 0.000173 -0.000341 -0.000331 -0.016190 -0.001679 -0.099590 -0.132146 -0.186725 -0.000115 -0.005892 -0.004513 -0.224137 -0.010801 -0.008307 -0.004919 -0.008298 -0.051516 -0.077784 -0.049139 -0.024343 -0.020815 -0.021676 -0.011026 -0.013062 -0.003946 -0.000067 -0.001431 -0.005141 -0.005041 -0.000116 -0.042534 0.221127 0.650393 1.452683 3.391579 0.949091 0.150106 0.578078 0.053726 0.013556 0.012562 0.016004 0.000888 -0.001290 -0.030321 -0.005729 -0.001054 -0.000075 0.000193 0.000017 0.000750
-0.310029 -0.330339 0.039762 0.136128 0.192601 0.151329 -0.000084 -0.000350 -0.007979 -0.005098 -0.043638 -0.014282 -0.103399 -0.153645 -0.223276 -0.000861 -0.003727 -0.002524 -0.125955 -0.279810 -0.049533 -0.074199 -0.075496 -0.168524 -0.070466 -0.001475 -0.049224 -0.037480 -0.021815 -0.026290 -0.013548 -0.020817 -0.004352 -0.001043 -0.000078 0.000338 -0.002735 -0.000244 0.417521 0.622078 0.152551 0.047762 0.242385 0.445389 0.115209 0.043619 0.000203 0.000702 0.002568 0.000375 -0.000296 -0.031319 -0.023118 -0.001503 -0.016859 -0.001241 -0.000105 -0.000447
-0.308222 -0.349151 -0.005970 0.176731 0.099713 0.107181 -0.007205 -0.005590 -0.021862 -0.020365 -0.319569 0.088249 -0.210019 -0.585094 -0.234178 -0.125695 -0.123776 -0.001554 0.000240 -0.266404 -1.316262 -0.056647 -0.209413 -0.028748 -0.065610 -0.013099 -0.017174 -0.008102 -0.007640 -0.024083 -0.008576 -0.201914 -0.153211 -0.005949 -0.039508 -0.003444 -0.001760 0.770670 0.560758 0.520339 0.011591 0.015583 0.009261 0.206187 0.072428 0.068419 -0.000165 -0.000248 0.000867 0.000219 -0.000283 -0.014571 -0.044460 -0.012063 -0.045003 -0.009601 -0.002381 0.009835
-0.235623 -0.492063 -0.050298 0.231137 -0.013981 0.131640 -0.058113 -0.037342 0.148244 -0.091792 0.055738 0.079772 -0.049791 -0.239939 -0.239191 -0.164073 -0.175108 -0.001001 -0.000451 -0.247052 -0.259362 -0.023635 -0.001958 -0.018117 -0.023579 -0.054877 -0.010624 -0.004361 0.013551 -0.003074 -0.022743 -0.014959 0.004916 0.004497 -0.069907 -0.013865 0.027344 0.696582 0.013701 0.010892 0.001507 0.000907 0.000645 0.059598 0.124402 0.113005 0.018486 -0.000530 -0.000455 -0.000219 -0.006694 -0.000833 -0.043858 -0.034141 -0.068187 -0.018072 -0.005901 0.068115
-0.065381 -0.202737 -0.004565 0.223665 -0.155431 0.281269 0.000934 0.019361 0.190270 0.015414 0.037216 -0.072276 0.000037 -0.235092 -0.227710 -0.180063 -0.171129 -0.051143 -0.040317 -0.634181 -0.144364 -0.085650 -0.010247 -0.017261 -0.023886 -0.075022 -0.001982 -0.001238 0.000105 0.002745 0.019511 0.140827 0.122266 0.022677 0.112802 0.036877 0.249389 0.652423 0.001067 0.001291 0.001661 0.000282 0.001079 0.055966 0.119633 0.103707 0.034923 -0.000381 -0.000605 -0.000375 -0.015594 -0.008800 -0.032418 -0.175096 -0.002097 0.432315 0.305391 0.100359
0.153440 -0.004956 0.068582 0.248859 -0.211606 0.027301 0.001915 0.006203 0.061946 0.118728 0.047989 -0.057743 -0.127674 -0.171532 -0.165465 -0.132426 -0.108554 -0.036696 -0.156283 -1.714468 -0.090385 -0.105742 -0.007331 -0.012917 -0.025211 -0.079123 0.002157 0.000396 0.002167 0.013665 0.011626 0.083590 0.013137 0.008203 0.090554 0.147737 0.124224 0.138213 0.001996 0.001796 -0.001051 -0.000711 0.000921 0.000593 0.093557 0.130240 0.056194 -0.000493 -0.001038 -0.007528 -0.020757 -0.030269 -0.131477 1.402351 0.740827 0.621204 0.552579 0.756079
0.286746 0.085606 0.160496 0.000476 0.007167 0.001981 0.000118 0.000000 0.153943 0.123009 0.176313 0.083960 -0.170357 -0.339141 -0.521231 -0.646527 -0.096044 -0.061163 -0.067227 -1.126426 -0.175813 -0.046360 -0.010505 -0.038219 -0.019361 -0.093234 0.010960 0.002596 0.018847 0.020033 0.008253 0.023065 0.033518 0.021246 0.109594 0.032124 0.010717 0.058764 0.003395 0.001625 -0.001356 -0.004546 -0.002435 -0.000700 0.101941 0.091202 0.127409 -0.100312 -0.102849 -0.094519 -0.052797 -0.160492 0.483046 2.318083 0.929874 0.186832 0.078412 0.158810
0.235009 0.063882 0.447883 -0.000244 0.000000 -0.000286 -0.001609 0.037536 0.184564 0.204775 0.134465 0.090779 -0.047044 -0.236276 -0.518604 -0.596748 -0.559550 -0.516911 -0.094399 -0.964763 -0.485634 -0.028785 -0.033766 -0.031928 -0.053886 -0.018854 0.083763 0.028910 0.016817 0.011151 0.005162 0.027989 0.054681 0.057456 0.063793 0.000484 0.000142 0.001502 0.004029 0.000212 -0.001666 -0.004103 -0.041090 -0.114766 0.547566 0.225806 0.097958 0.111788 0.013185 -0.008725 0.005503 -0.669497 0.378303 1.748768 0.407886 0.075389 0.039461 0.150861
0.184463 -0.047894 0.566806 -0.000820 -0.006487 -0.001506 -0.041086 0.248941 0.385711 0.368027 0.150322 0.003959 0.008579 0.000427 -0.463564 -0.483924 -0.521922 -0.191078 -0.254027 -0.874734 -0.774986 -0.555315 -0.022017 -0.020685 -0.025016 -0.002773 0.011074 0.013625 0.006574 0.000555 0.000396 0.006661 0.105317 0.014674 0.019468 0.000575 -0.000084 0.001095 -0.001254 -0.001316 -0.000076 -0.001074 -0.002768 0.141793 1.144460 0.386245 0.284596 0.329912 0.118585 0.077407 0.079443 0.069460 0.038284 0.140756 0.082749 0.084443 0.132336 0.157547
0.295172 0.005510 0.644564 1.051514 0.008860 0.001525 -0.053004 0.279521 0.362776 0.363684 0.000000 0.000000 0.000073 0.001092 -0.397558 -0.415275 0.265129 0.156714 -0.212245 -1.349208 -1.974667 -1.073068 -0.019017 -0.014933 0.000307 0.000161 0.000002 0.000158 -0.000013 -0.000401 -0.000330 0.229261 0.024333 0.007424 0.008433 0.000882 -0.002816 -0.002131 -0.003128 -0.033634 -0.027104 0.003939 0.186430 0.229254 1.228518 0.415443 0.174392 0.146966 0.025871 0.019045 0.037160 0.019770 0.020795 0.030057 0.008654 0.147139 0.258312 0.127463
0.008237 0.044934 0.049997 0.168588 0.034043 0.004356 -0.027452 0.269871 0.260003 0.366630 0.368851 -0.003663 -0.000192 0.008152 0.241061 0.003863 0.575585 0.286202 -0.065407 -1.554650 -2.359650 -1.364710 0.000312 0.000909 0.000426 -0.000343 -0.009354 -0.000464 -0.008407 -0.011571 -0.009050 0.004252 0.000103 0.000222 0.000103 0.000236 -0.000902 -0.010697 -0.008402 -0.119481 -0.306179 0.124447 0.345567 0.517898 1.361832 0.044442 0.005984 0.144032 0.085673 0.007872 0.001228 0.005582 0.001010 0.009247 0.000898 0.109771 0.873601 0.217965
0.000109 0.013282 0.023365 0.076986 0.025142 0.002617 0.101177 0.482745 0.266085 0.321184 0.314627 -0.025726 -0.019866 0.016006 0.098409 0.120376 0.339103 0.348560 0.001553 -1.091407 -2.275718 -1.127151 -0.000243 -0.000086 -0.001215 -0.005040 -0.025673 -0.010284 -0.018641 -0.019093 -0.019134 -0.010367 -0.000103 -0.000222 -0.000103 0.000161 0.000266 -0.004829 -0.001824 0.005404 -0.197125 0.971395 0.723230 0.795838 0.014808 0.005568 0.029622 0.069326 0.088979 0.043450 0.001020 0.000000 0.002287 0.001415 0.001815 0.188953 0.955300 0.007747
-0.000901 0.062750 0.021135 0.047595 0.003497 -0.000772 0.267895 0.223381 0.130343 0.124238 0.017618 0.007401 0.034428 0.090390 0.044879 0.056926 0.048786 0.036441 0.003098 -1.024450 -2.383596 -1.092870 -0.001284 -0.000889 -0.002761 -0.007916 -0.054013 -0.022829 -0.016889 -0.003933 -0.044452 -0.015864 -0.029353 -0.008396 -0.006941 -0.000719 0.000329 0.002484 0.011834 0.134026 -0.071118 0.688045 0.658603 0.052660 0.001650 0.000326 0.005982 0.036519 0.057613 0.037033 0.005956 0.011034 0.007200 0.005408 0.000719 0.104192 0.490916 0.000000
0.450378 0.121068 0.025808 0.005941 0.001787 -0.000124 0.233567 0.228170 0.002598 0.002743 0.009491 0.030929 0.022242 0.030914 0.076745 0.118529 0.109916 0.003554 -0.000222 -0.984151 -2.445584 -0.983070 -0.000691 -0.004065 -0.039861 -0.069349 -0.051542 -0.017066 -0.001893 -0.001135 -0.008003 -0.162652 -0.069242 -0.119823 -0.069051 -0.001127 0.000847 0.001513 0.052979 0.079900 0.022731 0.552038 0.038666 0.032539 0.009269 -0.000208 -0.000003 0.014014 0.019924 0.012563 0.021387 0.047051 0.010550 0.001407 0.000319 0.002211 0.439994 -0.016090
0.247454 0.009212 0.003623 0.002440 0.001251 0.015978 0.181674 0.234064 0.005716 0.004059 0.002844 0.041772 0.027079 0.044347 0.026943 0.075540 0.064546 0.019350 -0.000601 -1.814873 -2.779997 -1.562430 -0.003168 -0.022229 -0.091281 -0.145636 -0.007924 -0.001205 -0.001664 -0.004514 -0.028330 -0.304067 -0.325283 -0.027912 0.114375 0.190077 0.001883 0.008206 0.024706 0.020558 0.009381 0.193325 0.013820 0.018160 0.041745 -0.011128 -0.023077 0.025389 0.000096 0.002348 0.015503 0.009812 0.000869 -0.000494 0.000204 0.015675 0.758791 0.174830
