use_cases/Flooding_chicago/flooding_data/output/hUy_1020.asc
ncols 337
nrows 393
xllcorner 428428.000000
yllcorner 4602440.000000
cellsize 26.757400
NODATA_value -9999.000000
[rows 234 to 259 of 393, columns 58 to 115 of 337]
0.035878 0.030784 0.017205 0.027069 0.000621 0.000399 0.001236 0.109898 0.072582 0.000300 0.000414 0.000000 0.000000 -0.000309 -0.000013 -0.016759 -0.006013 -0.055141 -0.170287 -0.115126 -0.012446 -0.016169 -0.007797 -0.002188 -0.001023 -0.088082 -0.086941 -0.084353 -0.000639 -0.001920 -0.022578 -0.112432 -0.219791 -0.013220 -0.001369 -0.066408 0.572977 -0.027780 -0.517924 -0.480218 -0.232781 0.016644 0.001341 0.000504 0.000554 0.000757 -0.001108 0.002240 -0.015668 -0.024869 -0.000326 -0.039678 -0.000020 -0.000495 -0.001200 -0.002134 -0.007613 -0.019190
0.058719 0.042637 0.015720 0.000547 -0.000042 -0.000323 0.003992 0.105683 0.001772 0.000069 0.000000 -0.014804 -0.008974 -0.021101 -0.015164 -0.007467 -0.024813 -0.019029 -0.394184 -0.417178 -0.029552 -0.039273 -0.027166 -0.037436 -0.019726 -0.068053 -0.466070 -0.064350 -0.040108 -0.016896 -0.154165 0.061743 -0.046325 -0.002739 0.000330 0.001722 0.012115 0.001640 -0.627206 -0.549107 -0.215136 0.027620 0.002462 0.000131 0.000247 0.000331 0.001371 0.001581 -0.011378 0.182928 0.054758 -0.308186 -0.115817 -0.465232 -0.016710 -0.358824 -0.011326 -0.811882
0.269882 0.026251 0.013041 0.001256 -0.000527 0.000481 0.087952 0.008609 0.007685 -0.000570 -0.006241 -0.035353 -0.018732 -0.052506 -0.044895 -0.032777 -0.046354 -0.010589 -0.000721 -0.292974 -0.238170 -0.011270 -0.053729 -0.100603 -0.015724 -0.042297 -0.046463 -0.033222 -0.210211 -0.139637 -0.129523 0.097068 0.026915 -0.059967 0.000597 0.001421 0.000000 0.000534 -0.645727 -1.376394 0.000021 0.000507 0.000330 -0.000159 -0.000569 -0.000393 -0.001346 0.000894 0.000954 0.298056 0.006376 -0.046864 -0.153214 -0.532581 -0.457947 -0.040250 -0.007330 0.000000
0.326854 0.008567 0.003387 0.003410 -0.000436 -0.001200 -0.000706 0.046798 -0.000989 -0.005466 -0.023665 -0.036342 -0.017974 -0.103918 -0.912886 -0.156163 -0.133590 -0.013458 -0.031648 -0.486015 -1.166403 -0.017385 -0.699695 -0.120521 -0.007873 -0.021099 -0.024089 -0.016994 -0.001028 0.000211 -0.154157 0.165312 0.031767 -0.000327 0.228055 0.198624 -0.007435 0.000000 -0.523943 -0.588123 -0.290249 -0.000473 -0.000789 -0.008703 -0.006861 -0.006778 -0.032322 -0.000137 0.001025 0.020686 -0.029360 0.366677 0.323918 -0.041621 -0.532446 -0.015104 -0.013147 -0.091699
0.243727 0.005996 0.004334 0.000000 -0.011048 -0.008790 -0.007332 -0.004242 -0.005667 -0.004443 -0.068300 -0.011356 -0.001065 0.027463 -0.538525 0.214202 -0.007277 -0.361030 -0.010734 -0.008326 -1.238313 -0.335111 -0.108339 -0.531418 -0.044979 -0.031353 -0.051134 -0.006672 -0.002103 -0.000633 -0.217104 0.069003 0.031375 0.030447 0.254592 0.528933 -0.256381 -0.011246 -0.370139 -0.869286 -0.244277 -0.036345 -0.034092 -0.070235 0.008945 0.016833 0.028306 0.000996 -0.000505 -0.000028 -0.000001 -0.000000 -0.000000 -0.000733 -0.512566 0.008520 -0.040674 -0.015803
0.043444 0.010157 -0.000979 -0.024734 -0.009916 -0.011011 -0.010295 -0.007493 -0.005363 -0.022281 -0.021595 -0.003675 0.000852 0.215129 -0.044343 0.394664 0.009396 -0.786824 0.282032 0.201754 -0.471534 -0.114784 0.074448 -0.041267 -0.203520 -0.747632 -0.795108 -0.022752 -0.010483 -0.013688 -0.280896 0.206172 0.065161 0.100664 0.303404 0.554185 0.002163 -0.208831 -0.368570 -0.703303 -0.613917 -0.019581 0.059119 -0.019299 0.010181 0.012242 0.006551 0.000356 -0.000412 -0.012975 -0.010829 -0.136658 -0.096591 -0.211301 -0.414096 -0.000100 0.000222 0.046730
0.002282 0.000830 -0.001412 -0.073852 -0.049913 -0.006052 -0.007501 -0.007009 -0.003209 -0.006403 -0.045348 -0.003041 -0.000119 0.003642 0.151915 0.346917 0.004557 -0.531178 0.374905 0.408536 -0.234185 0.065922 0.177674 0.273738 0.113046 -0.361641 0.106667 -1.090491 -0.428714 -0.125346 -0.178869 0.123013 0.079081 0.126017 0.299219 0.572735 0.749373 -0.169033 -0.382172 -0.662643 -0.173090 0.019944 0.021886 0.000268 0.000167 0.000000 0.000000 -0.000167 -0.009326 0.288909 0.116713 -0.478349 -0.360839 -0.090832 -0.670395 -0.033630 -0.000222 -0.000006
0.000641 -0.000120 -0.000656 -0.050081 -0.382890 -0.040041 -0.023294 -0.003135 -0.010871 0.001908 -0.046426 -0.005560 -0.002589 0.013954 0.507215 0.000376 0.000222 -0.397821 0.382425 0.684304 -0.267467 0.061039 0.155586 0.386444 0.219854 -0.104438 0.539291 -0.633641 -0.566919 -0.158471 -0.070648 0.026342 -0.047880 0.116875 0.309705 0.734146 1.647090 0.010730 -0.279935 -0.245078 -0.000394 0.007039 0.006020 -0.000091 -0.000356 -0.006551 -0.024153 -0.017021 -0.365451 0.364218 0.171606 -0.170942 -0.169501 0.028900 -0.562441 0.218101 -0.025770 -0.338306
-0.001992 -0.017441 -0.009365 -0.006022 0.016481 -0.472232 -0.042171 -0.001008 -0.006803 -0.000319 -0.016483 -0.006807 -0.000000 0.035634 0.124103 0.000738 -0.000222 0.000428 0.397642 0.784515 -0.266776 -0.016852 0.079576 0.333572 0.298614 -0.126503 0.322202 -0.336766 -0.463451 -0.133969 0.001046 0.016941 -0.100021 0.115941 0.149047 0.409310 2.263583 0.197963 -0.165514 -0.003384 0.000654 0.000266 0.000322 -0.001034 -0.006938 0.109411 -0.439726 -0.372603 -0.009354 0.383595 0.297909 -0.063987 -0.108402 0.027047 -0.463740 0.474605 -0.567725 -0.357107
-0.018050 -0.042526 -0.025254 0.033873 0.139121 -0.271708 -0.521526 -0.007676 0.000000 0.000000 -0.006741 -0.056976 -0.003203 0.005546 0.004363 0.000449 -0.010821 0.000305 0.578492 0.839945 -0.162936 -0.116231 -0.026718 0.293223 0.382875 -0.181890 0.466024 0.475193 0.051784 0.020288 0.001181 0.001842 0.075754 0.125170 -0.000175 0.000115 2.145895 0.334468 -0.084892 1.568002 0.001206 0.000029 -0.000127 -0.000291 -0.133642 0.076235 -0.118534 -0.020365 0.108878 0.004413 0.393398 -0.077824 -0.147626 -0.093836 -0.083327 0.190644 -0.532103 -0.362543
-0.076964 -0.066948 -0.382311 0.256906 0.180795 -0.236037 -0.272211 -0.051139 -0.006001 -0.006571 0.037955 -0.065444 -0.064739 0.001357 0.000339 -0.001530 -0.027246 0.255827 1.160988 1.068132 -0.059240 -0.218245 0.024573 0.483364 0.582703 -0.155904 0.121958 0.268774 0.154693 0.072404 0.000000 0.001214 0.077069 0.104544 0.079925 0.249756 3.869184 0.086617 -0.015774 0.016861 0.001681 -0.000268 -0.000427 -0.000008 0.000591 0.062440 0.067951 0.000925 0.120858 0.000554 0.013564 -0.102239 -0.237760 -0.129738 -0.036451 0.021381 -0.146732 -0.292209
-0.104367 -0.040124 0.086254 0.207627 0.191949 -0.134822 -0.212374 0.292550 -0.050467 -0.083203 0.064862 -0.077960 -0.074112 -0.006002 -0.003415 -0.004012 -0.068520 0.752058 1.379963 1.331570 -0.074480 -0.214486 0.185063 0.020184 0.047058 0.027659 0.063432 0.108147 0.132895 0.161377 0.001478 0.006825 0.164884 0.204223 0.270405 0.406387 3.259743 0.229843 0.049832 0.005117 0.007026 -0.009908 -0.010363 -0.003337 0.000813 0.000687 0.035203 0.075614 0.000603 0.000247 0.000331 0.051450 -0.261247 -0.135397 -0.005357 0.000264 -0.001548 -0.241159
-0.015615 -0.068190 0.095606 0.115494 0.100628 -0.078974 -0.190668 0.047112 -0.001200 -0.255042 0.017871 -0.062028 -0.014897 -0.009004 -0.003213 -0.002636 0.598577 1.216582 1.406988 1.371464 -0.219451 -0.158419 0.028713 0.001607 0.003671 0.085134 0.012081 0.016943 0.178982 0.209814 0.002821 0.014860 0.042665 0.060411 0.109364 0.371023 1.717286 0.383206 0.015589 0.006657 0.006306 -0.010224 -0.069784 -0.002370 -0.002086 -0.000380 0.029588 0.000564 -0.000117 -0.000569 -0.000393 -0.000011 -0.083282 -0.238374 0.278398 -0.000396 -0.000820 -0.270529
0.003538 -0.032043 0.027810 0.076458 0.174547 0.181474 -0.067262 0.001114 0.014517 -0.009477 -0.010767 -0.012373 -0.115943 -0.003899 -0.023813 0.407633 0.432021 1.240204 1.262928 1.290949 -0.174518 0.048135 0.006057 0.001335 0.007089 0.030381 0.005903 0.009513 0.211804 0.259948 0.005132 0.038330 0.002689 0.003471 0.001117 0.647453 1.621726 0.570133 0.000013 0.000401 0.000330 -0.003950 -0.142989 -0.052271 -0.001678 -0.000966 0.021526 -0.000195 -0.001919 -0.126343 -0.123695 -0.189909 -0.260515 -0.501873 0.327265 0.293977 -0.184082 -0.242072
-0.000006 0.001321 0.067111 0.015596 0.021814 0.043015 0.003274 0.002534 0.023980 -0.004338 -0.008453 -0.077554 -0.751430 0.372515 0.039385 0.421742 0.578302 0.621627 0.650340 0.338540 0.003346 0.166279 0.021842 -0.000365 0.004599 0.005176 0.025138 0.001467 0.008329 0.371170 0.016662 0.009938 0.004067 0.005178 0.000085 0.780099 1.782968 0.687317 -0.015969 -0.000555 -0.000396 -0.002590 0.073537 -0.126249 0.120216 -0.027250 -0.000039 -0.001014 -0.001204 0.077550 -0.018550 -0.355943 -0.284797 -0.430303 1.110501 0.487362 -0.176591 -0.782042
0.000940 0.006055 0.231992 -0.081021 0.000840 0.003426 0.006414 0.004388 0.069357 0.012703 0.118275 -0.063578 -0.654340 0.598600 0.662546 0.386349 0.506034 0.558066 0.723861 0.004423 0.006130 0.052409 0.050736 0.129547 0.005283 0.018377 0.007984 0.002948 0.000733 0.206124 0.006790 0.000555 0.000396 0.005867 0.318183 1.418971 0.841217 0.723281 0.152212 -0.011926 -0.003968 -0.004007 0.073071 -0.115940 0.214155 0.662770 -0.048141 -0.088165 0.251300 0.157416 0.052612 -0.214893 -0.197539 -0.185999 1.630709 0.660326 -0.315167 -1.016665
0.000884 0.040338 0.559187 0.010002 -0.000152 0.002333 0.007467 0.005840 0.012931 0.053835 0.034912 0.121653 -0.615960 0.730630 0.918660 0.357307 0.425305 0.357068 1.071314 0.348320 -0.001035 0.000375 0.006328 0.047867 0.050857 0.009018 0.000778 0.001050 -0.000233 0.121916 -0.000013 -0.000401 -0.000330 0.017879 0.452390 1.279459 0.730578 0.639232 0.301129 -0.482440 -0.002741 -0.000574 0.156596 0.117135 0.060028 0.148884 0.230444 0.032434 0.303899 0.270800 0.194227 -0.071434 0.072899 0.016517 0.005605 0.929891 0.099408 0.099588
0.000455 0.011308 0.021721 0.359278 0.008176 0.000013 0.006288 0.001462 0.001687 0.034899 0.011110 0.009754 -0.294737 0.905621 1.081376 0.077195 0.045627 0.225805 1.050383 1.161891 0.062133 0.002255 0.016552 0.017244 0.025300 0.002988 0.000927 -0.000447 0.028552 0.296026 -0.048419 -0.014056 -0.015516 0.007028 0.588992 1.333350 1.392436 0.589046 0.405980 -0.000083 -0.001578 0.000687 0.029304 0.039832 0.007791 0.007645 0.139097 0.012407 0.346662 0.341695 0.323952 -0.011899 0.000245 0.000103 0.000222 0.039361 0.048403 0.044302
-0.001028 0.000209 0.000898 0.098662 0.013857 0.000203 0.000348 0.000657 0.001266 0.012359 0.000794 0.000026 0.000000 0.467340 0.331555 0.142224 0.044132 0.010781 0.786601 0.861329 0.017427 0.002588 0.028726 0.011511 0.008103 0.004330 -0.000064 -0.000603 0.078564 0.311305 0.310200 0.015689 -0.014042 -0.020430 0.635263 1.337760 0.566664 0.510503 0.554973 0.216609 0.249984 -0.000790 0.000936 0.001994 0.000360 0.000360 0.000130 0.042923 0.286810 0.318700 0.388373 0.076959 0.000025 -0.000103 -0.000222 0.001071 0.000222 0.001127
-0.001249 -0.000518 0.000348 0.002265 0.001900 -0.001109 -0.000521 -0.001526 -0.001765 0.000000 -0.000100 -0.002864 1.077765 0.653910 0.359004 0.092242 -0.158821 0.241710 0.887323 0.085715 0.085866 0.023735 0.019812 0.003946 0.000702 0.001809 0.001005 0.071015 0.130157 0.303544 0.289455 0.122954 -0.003180 -0.033413 0.970165 1.198052 0.787106 0.446343 0.469650 0.263157 0.256509 0.008240 -0.000211 -0.001026 -0.000360 -0.000360 -0.000149 0.126587 0.199535 0.255536 0.386325 0.552723 -0.000845 -0.011146 -0.012789 -0.000389 -0.000222 -0.001724
-0.078779 -0.009510 -0.002824 -0.001884 -0.002285 -0.004130 -0.019410 -0.023145 -0.026970 -0.003663 -0.092487 1.292794 1.189411 0.197904 0.066135 0.521323 0.469075 0.326821 0.101094 0.046034 0.091729 0.051615 0.010996 0.000222 0.001020 0.017511 0.019801 0.186674 0.200316 0.013792 0.020112 0.013861 0.001296 -0.023271 0.895547 1.066610 0.694211 0.664209 0.506640 0.354170 0.317165 0.000430 -0.001069 -0.001963 -0.049920 -0.022142 -0.001969 0.067609 0.121410 0.197343 0.347429 0.536580 0.467415 -0.067518 -0.024954 -0.001030 -0.006910 -0.011120
0.030892 -0.403177 0.085864 -0.002113 -0.002259 -0.020713 -0.357983 -0.350829 -0.350993 -0.392502 0.716767 0.633383 0.336617 0.291610 0.015359 0.136550 1.030359 0.086375 0.038238 0.037484 0.049014 0.071098 0.005389 -0.000222 0.002126 0.012152 0.008509 0.125232 0.007729 0.006698 0.006698 0.000657 0.000068 0.034513 1.005752 1.013046 0.713650 0.603806 0.524667 0.409078 0.372257 0.001521 -0.048799 -0.053357 -0.048693 -0.024888 0.014233 0.097678 0.101484 0.201539 0.390972 0.580437 0.612852 0.021605 -0.002445 -0.001877 -0.015308 0.025846
0.043133 -0.169000 0.102092 -0.061640 -0.056031 0.178225 -0.168626 0.023184 -0.098847 -0.321540 0.696366 0.402765 0.368071 0.318717 0.054581 0.123222 0.017644 0.030447 0.022506 0.038394 0.017858 0.045843 0.034921 0.011644 0.005865 0.001299 0.000799 0.049580 0.000010 0.000360 0.000360 0.000076 -0.000138 0.358638 1.424403 0.841660 0.619188 0.526570 0.577299 0.573730 0.707806 0.085481 0.070290 -0.448619 -0.030069 -0.009235 0.120115 0.257935 0.065437 0.106836 0.209650 0.701921 0.897380 0.100969 0.000000 -0.000459 -0.014129 0.030679
0.073708 0.001944 0.124211 0.036276 0.052854 0.179674 -0.053849 0.221838 0.053013 -0.311395 0.720453 0.403521 0.386753 0.346709 0.122575 0.111027 0.000824 0.000935 0.013264 0.017486 0.007317 0.018923 0.020785 0.037007 0.002609 -0.000367 -0.000008 0.000149 -0.027450 -0.000360 -0.000360 -0.000207 -0.000783 0.684536 1.470192 0.645749 0.484816 0.491709 0.460690 0.465188 0.749731 0.610393 0.247182 -0.270215 -0.011387 0.001219 0.010159 0.014186 0.085432 0.112460 0.257965 0.275702 0.990864 0.182393 -0.016007 -0.000918 -0.002618 0.000391
0.035778 0.090440 0.405503 0.010820 0.170522 0.298762 0.059729 0.442394 0.330904 -0.209603 0.726594 0.029718 0.580636 0.553985 0.365138 0.158592 0.008253 0.007665 0.004515 0.000007 0.000352 0.006416 0.010469 0.007603 -0.000686 -0.021045 -0.003209 -0.000459 -0.149238 -0.007325 -0.005117 -0.000454 -0.000682 0.890136 1.549064 0.731173 0.573227 0.485404 0.404318 0.573291 0.894801 1.185462 0.392303 -0.180846 -0.000149 0.000064 0.000585 0.006344 0.000429 0.059599 0.567769 0.674457 0.853576 0.500025 0.116217 0.128645 -0.072101 -0.023782
0.049522 0.296634 0.643205 0.009784 0.034940 0.430860 0.159592 0.076725 0.527034 0.095246 0.038010 0.021506 0.019186 0.291319 0.511818 0.269621 0.013821 0.006129 -0.000108 -0.007635 -0.000352 -0.000007 0.000068 0.000120 0.014722 -0.059346 -0.016236 -0.006875 -0.065224 -0.166690 -0.008231 -0.008036 0.233194 1.023639 0.917484 0.534549 0.433527 0.527060 0.530434 0.392420 0.691243 0.791278 0.636800 0.014383 0.011988 -0.000162 -0.000069 0.000000 -0.000060 0.013247 0.119480 0.148109 0.169127 0.360090 0.163338 0.220476 0.178366 0.295245
