use_cases/Flooding_chicago/flooding_data/output/hUy_2460.asc
ncols 337
nrows 393
xllcorner 428428.000000
yllcorner 4602440.000000
cellsize 26.757400
NODATA_value -9999.000000
[rows 182 to 207 of 393, columns 232 to 289 of 337]
0.027565 1.406581 -0.155580 -0.050850 -1.063051 -2.755126 -4.224307 -0.292760 -0.012185 -0.009350 -0.003059 -0.000275 -0.000247 -0.000331 -0.000006 0.043272 0.836273 0.846137 0.008127 -0.126207 0.645758 0.579483 0.271210 0.068921 -0.259982 -0.001531 -0.003338 1.653023 1.285600 1.183622 1.107092 1.292661 1.029395 0.517729 0.392107 0.339232 0.090266 -0.066507 -0.343223 0.803198 2.576359 3.930678 4.174731 3.866574 3.429009 3.289017 2.044494 2.709707 1.428179 -0.080439 0.241435 0.053408 -0.139770 0.039870 -0.025759 0.325208 -9999.000000 -9999.000000
0.010717 0.031181 0.071541 0.087413 0.058722 -1.703120 -6.231927 -1.961312 -0.137629 -0.072516 -0.047167 -0.008587 -0.000554 -0.006855 -0.009328 1.087246 1.700969 0.928415 0.052974 -0.129876 0.470581 0.305037 -0.018190 -0.231112 -0.354105 -0.168016 1.401673 1.757809 1.299592 1.058888 1.056805 1.099929 0.560299 0.199737 0.115551 0.011459 0.001444 0.030996 -0.357039 0.826622 2.518119 3.669628 4.115917 4.969352 3.892786 3.879025 2.465873 2.184410 0.772812 -0.274371 0.000100 0.103547 0.326169 -0.106499 -0.400076 0.433229 -9999.000000 -9999.000000
0.001058 0.024672 0.017738 0.047282 0.016777 0.013683 -3.585029 -3.380382 -2.374561 -0.869818 -0.626291 -1.257331 -0.012463 -0.024354 0.124830 1.925606 1.838378 0.826325 0.268007 -0.022535 0.058463 0.153974 -0.078194 -0.207517 -0.476870 0.721129 1.835239 1.772977 1.212082 0.857994 1.228233 0.859085 -0.050823 -0.239106 -0.351603 -0.570539 -0.056540 0.000188 0.040358 1.264619 2.708825 3.818206 4.709684 5.053194 4.288925 4.645016 0.430178 0.359344 0.361086 -0.170325 0.188179 0.089377 0.287498 -0.254406 -0.468292 0.616119 0.014496 -9999.000000
0.000747 0.005483 0.008677 0.019566 0.004386 0.016104 -0.067170 -2.657557 -2.012038 -1.170552 -0.559613 -1.350597 -0.465610 -0.390224 0.719262 1.727433 1.542022 0.622413 0.133215 -0.045128 -0.067599 -0.092810 -0.073245 -0.030082 1.381337 3.338200 2.538219 2.512730 0.809866 0.516041 0.490720 0.201439 -0.292606 -1.296504 -1.196372 -1.433982 -0.635418 -0.014519 0.043391 2.023012 3.334960 4.286491 5.259118 5.651003 4.665195 3.053451 0.013411 0.010500 0.143660 0.113937 0.006669 0.006678 0.109350 0.083889 0.129283 0.053285 0.005306 -9999.000000
0.000003 0.000222 0.000103 0.000473 0.003048 0.001666 0.000400 -0.655579 -0.770183 -0.715659 -0.295107 -0.870354 -0.430026 -0.374746 1.306565 1.423596 1.155294 0.108710 -0.756093 -0.154418 -0.144871 -0.091644 0.016666 0.507302 4.560078 5.248928 1.457629 1.606547 0.489431 0.326472 0.024996 -0.036093 -0.289004 -1.080608 -0.968433 -1.159667 -0.785453 0.070945 0.827756 2.006617 2.440071 3.463804 5.365260 4.481152 3.132027 2.740616 0.162516 0.000000 0.009399 0.012604 0.000000 0.000000 0.051382 0.000610 0.008881 0.001251 0.001213 0.000734
-0.008233 -0.000222 -0.000103 0.000877 0.004667 -0.000074 -0.000223 -0.236850 -0.397919 0.110709 0.189895 0.161305 0.028108 0.079592 0.907798 1.271080 0.584726 -0.356022 -1.315642 -0.814490 -0.203844 -0.104148 0.892020 2.536937 4.609446 1.624007 0.065616 0.065250 0.027479 0.324274 0.024261 -0.035122 0.105758 -0.742907 -0.476309 -0.569111 -0.070479 0.735573 1.412949 1.587644 1.998683 3.127805 4.898226 4.021025 3.539068 2.248150 0.302409 0.042271 -0.005835 0.122546 -0.049173 -0.044793 0.003981 -0.000083 0.000000 -0.000872 -0.000032 0.000800
0.083790 -0.008865 -0.002533 0.001492 0.030174 0.028709 0.004815 -0.023913 -0.313919 0.396759 0.468117 0.253354 0.543263 0.754601 1.075385 1.200909 0.794518 -0.382491 -1.428338 -1.642488 -0.762180 1.018514 1.956540 3.021761 1.928930 0.001158 0.000326 0.007204 0.006476 0.008172 0.034878 0.000761 0.001015 -0.195145 0.410193 0.193526 0.788754 0.963643 1.100034 1.358414 1.673478 3.186953 4.806660 4.866769 3.052765 2.073066 0.307818 0.045787 -0.037787 0.199779 0.184678 -0.040638 -0.054966 -0.036758 -0.003663 -0.060537 -0.001221 0.000977
0.468815 0.000972 0.000992 0.003183 0.015639 0.024110 0.046195 -0.188718 -0.207732 1.638009 1.466498 0.471614 0.798320 0.820522 0.525925 0.627735 1.531381 -0.033954 -1.122133 -1.231292 -0.531647 1.014994 1.393312 1.344464 1.204286 -0.135961 -0.000208 -0.000003 0.000165 0.000166 0.000004 0.165584 0.130178 0.418452 0.937716 1.303308 1.027994 0.885348 1.282238 1.446711 1.645828 2.209480 4.206965 3.499294 2.899123 1.165817 0.035985 0.223816 -0.048096 0.205317 0.243110 -0.053024 -0.213304 -0.028198 -0.057090 -0.071113 -0.000200 0.001371
0.027539 0.011258 0.003149 0.004089 0.001546 0.013956 0.016409 -0.384201 0.175401 1.904093 1.139615 0.328911 0.636481 0.704133 0.831071 0.929139 0.753316 0.676887 -0.584541 -1.125334 0.174485 0.774214 0.594998 0.714309 0.676082 -0.260751 -0.017157 -0.012039 -0.000847 -0.000052 0.110974 0.736796 0.553657 1.281797 1.526770 0.926382 0.788496 0.992215 1.498308 0.900810 0.953955 1.959978 2.425626 3.264282 3.082055 1.007762 0.044391 0.025306 0.024677 0.289092 0.306270 -0.032723 -0.296562 -0.094955 -0.094488 -0.051928 0.001145 0.001643
0.001041 0.000104 0.000222 0.000103 0.000108 0.000377 0.000198 0.137347 1.004542 2.183349 1.615733 0.094754 0.681312 0.691209 1.026461 0.855550 1.543508 0.702452 -0.107520 -0.846657 -0.016657 0.336061 0.133756 0.185947 0.159044 -0.292579 -0.183524 -0.274095 -0.000773 -0.000344 0.239564 1.062714 0.700918 1.448303 1.540483 1.122925 0.993070 1.041171 1.536361 0.809714 0.869578 1.862167 2.131691 2.920921 2.502215 1.073499 0.038606 0.022848 0.170696 0.306439 0.400158 -0.099157 -0.354408 -0.150844 -0.180090 -0.006446 -0.000037 -0.000613
0.005133 -0.000133 -0.000222 -0.000103 -0.000559 -0.000648 -0.000232 0.867577 1.552547 1.931459 1.250695 0.387035 0.768179 1.010681 0.840670 0.585483 1.219984 0.023519 0.722373 -0.059930 0.303320 0.507445 -0.091515 -0.123639 -0.090732 -0.259867 -0.154932 -0.211471 -0.161944 -0.011022 1.103424 1.371467 0.968228 1.820710 1.304870 1.227329 0.907793 0.911446 1.139274 0.817065 0.877999 1.927960 1.927377 2.674986 2.186024 0.765966 0.107673 0.103279 0.643267 0.381886 0.238712 -0.222505 -0.539096 -0.314096 -0.345139 -0.013282 -0.044029 -0.002040
0.012148 -0.055174 -0.006951 -0.019273 0.059105 0.618973 0.675421 1.525915 2.151056 1.007969 1.321606 1.178062 1.242596 1.021877 0.488295 0.037503 0.014360 0.004488 0.007882 -0.000311 0.000326 0.009799 -0.065647 0.073641 0.008578 -0.299840 0.000000 -0.209384 -0.457698 0.316657 1.843045 1.972362 1.121896 1.253014 1.625703 1.124612 1.234456 1.078314 1.013889 1.374132 1.408417 1.826200 2.588720 2.352166 2.059040 0.369972 0.093255 0.197438 0.646340 0.435589 0.026539 -0.356664 -0.718431 -0.614638 -0.577322 -0.314839 -0.927683 -0.382918
0.458899 0.311013 0.596034 0.687313 0.689401 0.655543 1.011762 1.204373 1.408725 0.934946 1.423844 0.246256 0.227583 0.110774 0.075630 0.027246 0.000360 0.000360 0.000130 -0.011924 -0.000208 -0.000003 0.007591 0.003814 -0.000308 -0.239231 -0.119559 -0.076192 0.684189 0.873509 2.513080 2.208272 1.495723 1.118078 1.264502 1.509886 1.579262 1.252977 1.240793 1.716548 1.404929 1.698232 3.097881 2.361262 1.677811 0.206231 0.203708 0.332849 0.567382 0.210270 0.049861 -0.225017 -0.445419 -0.591527 -0.303783 -0.107521 -1.058624 -0.854122
1.371767 1.482384 1.175465 1.207026 1.102444 0.630206 0.636381 0.637515 0.378376 0.912283 0.604986 0.130204 0.096149 0.010557 0.018328 0.020489 -0.000360 -0.000360 -0.000130 -0.009702 -0.041835 -0.044097 0.005494 0.005910 -0.038535 0.003643 0.097047 0.960136 1.752517 1.166848 2.597304 1.424980 0.735999 0.976264 1.215273 1.216954 0.955553 1.402737 1.818372 1.735851 1.622871 1.931853 2.858630 1.396203 0.437386 0.351139 0.258639 0.369461 0.234083 0.052184 0.005254 0.370879 0.130682 -0.171022 0.034905 0.209964 0.249895 0.138906
2.529915 2.050688 1.212823 1.264286 0.698419 0.018334 0.015512 0.011803 0.013188 0.206109 0.211475 0.316436 0.024325 0.000000 0.000000 0.000291 -0.001200 -0.014194 -0.002004 0.050568 -0.303649 0.599719 0.206254 0.746918 1.179819 2.051494 1.546605 1.422107 1.487844 1.444988 1.829915 0.218861 0.179434 1.081050 1.253200 1.155833 0.930489 2.313102 2.099456 1.422501 1.713658 1.257398 1.315281 0.202125 0.401730 0.420285 0.306186 0.412549 0.009266 0.000208 0.000003 0.811282 0.700193 0.254342 0.355888 0.446563 0.625103 0.797509
2.462326 1.544366 0.746175 0.020097 0.008916 0.000391 0.000175 0.000068 0.000088 0.062034 0.080056 0.246021 0.020534 -0.000775 -0.003760 -0.000452 -0.001101 -0.031100 -0.004682 0.165790 1.160940 1.945809 0.869760 1.593045 1.415089 1.858664 1.166751 0.497826 0.328392 0.102788 0.031559 -0.043433 0.176405 2.171180 1.963024 1.587655 1.220968 2.163874 1.790494 1.271690 0.827601 1.032268 1.049560 0.185056 0.183726 0.428533 0.251229 0.211954 0.010758 -0.000326 -0.011132 1.780705 0.709651 0.671563 0.813110 0.601399 0.823377 0.786930
2.076543 0.723572 0.000606 0.000323 0.000418 -0.000121 -0.000142 -0.000065 -0.000086 0.125077 0.143599 0.088773 0.036777 0.001132 -0.003088 -0.015631 -0.040260 -0.011846 -0.029841 1.856210 1.810899 2.298282 1.905614 1.751727 1.226766 1.907576 0.628738 0.025149 0.002948 -0.035564 -0.023007 -0.154777 1.206183 2.844733 1.945641 1.718882 1.236266 1.856229 1.436203 0.846376 0.597657 0.818172 0.817725 0.175158 0.223798 0.647087 0.084375 0.001722 0.006775 0.011349 0.275683 1.767693 0.712415 1.058722 0.974105 0.516226 0.604042 0.515714
0.949961 0.167828 0.000007 -0.000405 -0.000586 -0.008838 -0.005341 -0.009969 -0.018418 0.382915 0.236827 0.092452 0.028586 -0.027290 -0.054238 -0.075024 0.208465 0.349341 0.774179 1.950977 1.084499 1.153447 0.550108 0.267848 1.364054 1.409214 0.735310 0.023627 0.013532 -0.049288 -0.055733 -0.224899 1.716465 3.439157 3.300455 2.221057 1.364085 1.580769 0.790671 0.497825 0.417918 0.595499 0.610597 0.324475 0.624345 0.218509 0.002123 0.003996 0.001720 0.032149 0.838113 1.958796 1.209934 1.198060 0.736384 0.443639 0.088179 -0.008001
0.677320 -0.062106 -0.001025 -0.007010 -0.008057 -0.014782 -0.209287 -0.147571 0.278343 0.502816 0.119151 0.070138 0.000000 -0.016208 -0.113364 -0.023691 0.505140 0.622378 1.137313 0.731798 1.314754 1.448417 0.000360 0.000360 0.490473 1.981573 0.147881 0.031890 0.068218 0.050761 0.049532 -0.076490 2.030420 4.709156 3.870379 2.207712 0.523863 0.643181 0.306288 0.288624 0.195186 0.711970 0.809057 0.344480 0.858492 0.224835 0.004035 0.005160 0.002438 0.096566 1.563534 2.320808 1.331054 1.191125 0.359267 0.287974 -0.156603 -0.201123
0.749114 0.156751 0.218230 -0.150456 -0.014845 -0.003334 0.279495 0.137553 0.307933 0.299299 0.088576 0.102301 0.006178 0.004683 -0.020166 -0.002127 0.739097 0.946854 0.161415 1.300494 0.606088 0.858132 -0.000360 -0.000360 0.700940 1.172085 0.017361 0.011440 0.023879 0.041988 0.030620 0.182688 3.315735 4.925701 3.756435 2.177686 0.284259 0.439049 0.012936 0.161986 0.179659 0.367260 0.510064 0.301180 0.978629 0.897677 0.193470 0.129264 0.133032 1.265048 2.459182 2.813580 1.164893 0.926139 0.381133 0.019621 0.154760 -0.203123
0.019977 0.018633 0.026313 -0.098288 -0.140004 -0.033452 0.468422 0.127151 0.315340 0.325045 0.013073 0.007052 -0.013927 -0.001033 0.001412 0.002302 0.430796 0.427789 0.422595 1.605078 0.042165 0.952086 0.612365 0.570302 0.320842 0.893640 0.032373 0.016101 0.005469 0.003243 0.000225 0.146540 3.333652 3.718293 3.529243 0.669850 0.084350 0.029262 0.011119 0.095875 0.196793 0.167831 0.422994 0.262118 0.915130 1.296087 1.416811 0.752898 0.754119 1.334034 1.653959 1.641338 0.208260 0.132645 0.065411 0.042292 0.047293 0.007348
0.001130 0.007620 0.012770 0.005770 -0.063095 -0.007051 0.487959 0.135701 0.013266 0.023415 0.006420 0.000764 -0.024278 -0.042279 -0.004544 0.004348 0.643049 0.611994 2.336890 1.713693 0.712578 0.757343 0.635308 0.717284 0.328457 0.449188 -0.382372 -0.014190 -0.001852 -0.001018 0.060683 1.595420 3.966239 4.346855 1.760662 0.401541 0.153668 0.000706 0.119948 0.329971 0.343313 0.005259 0.008275 0.081303 0.673706 1.406763 1.281286 1.054245 1.022600 1.338348 1.332497 1.185063 0.160771 0.000000 0.073404 0.042894 0.000904 0.006660
-0.000994 0.000000 0.000065 0.000065 -0.020022 0.015640 0.098079 0.001085 0.000990 0.000992 0.000000 0.000025 -0.005187 -0.594551 0.068778 0.332727 0.714622 1.623719 2.255522 0.336415 0.548424 0.501915 0.565660 0.751629 0.004465 0.177252 -0.523544 -0.021114 -0.006892 0.238323 0.871343 1.740420 3.040784 2.415390 1.978093 0.652976 0.149671 0.001462 0.032133 0.021644 0.049463 0.009979 0.000765 0.000874 0.379222 1.570711 1.734623 1.414260 1.356309 1.421483 1.105080 0.894042 0.065439 -0.029773 0.023585 0.000347 0.000742 0.000347
-0.009921 -0.005378 -0.000556 -0.000124 -0.002822 -0.001849 0.000234 -0.000186 -0.001032 -0.001271 -0.011136 -0.000950 0.000369 0.012790 0.406688 1.150264 1.390202 1.523967 1.622911 0.001175 0.310494 0.568552 0.459246 0.440299 0.003849 -0.015854 -0.377918 -0.012622 -0.004513 0.121913 1.130026 2.054651 3.384358 1.086559 1.071936 1.071101 0.001163 0.001068 0.008996 0.001516 0.020707 0.001938 0.000440 0.000984 0.601831 0.656589 2.131580 1.648563 1.610985 1.586044 1.051559 0.202082 0.042432 -0.071169 -0.070237 -0.000439 -0.001073 -0.000439
-0.019320 -0.014310 -0.004645 -0.000679 0.000597 -0.047076 -0.000524 -0.001162 -0.021203 -0.017783 -0.028092 -0.010252 -0.000626 0.065194 0.919834 1.092560 1.604453 0.631332 1.063098 0.343128 0.435957 0.322234 0.599039 0.479319 0.165482 -0.030513 -0.198750 -0.146173 -0.114020 0.069357 0.499399 0.922421 3.178558 1.219720 1.193709 1.177681 0.001550 0.000067 0.000222 0.000374 0.000020 -0.000917 -0.000658 0.000465 0.719220 0.796267 2.497604 1.944909 1.818402 1.885649 0.001198 0.000950 0.000424 -0.083146 -0.078299 -0.072204 -0.052424 -0.010678
0.007832 -0.003686 -0.021096 -0.002230 -0.000127 -0.053391 -0.016013 -0.005160 -0.082743 -0.058724 -0.062016 -0.033440 -0.002364 0.199482 1.349942 1.348210 1.036931 0.515328 1.309665 0.428052 0.377956 0.348904 0.346685 0.336718 0.247649 0.203072 -0.069874 -0.150853 -0.165504 -0.079950 0.349956 0.713073 2.617977 1.942931 1.097346 1.134925 0.005756 -0.000266 -0.000222 -0.000423 -0.005961 -0.013569 0.339319 0.105149 1.209375 1.533858 2.392878 0.984291 2.150595 0.960081 0.000040 -0.000594 -0.000348 -0.039596 0.057005 -0.256533 -0.252953 -0.008973
