use_cases/Flooding_chicago/flooding_data/output/hUy_1380.asc
ncols 337
nrows 393
xllcorner 428428.000000
yllcorner 4602440.000000
cellsize 26.757400
NODATA_value -9999.000000
[rows 156 to 181 of 393, columns 174 to 231 of 337]
0.628374 0.271169 0.086660 0.054671 0.092441 0.849623 0.523967 0.103817 0.303237 0.013303 0.987298 0.609086 -0.160359 0.383247 0.014929 0.000885 0.040174 0.068920 0.020619 0.000372 0.000222 0.000103 0.184365 1.481885 2.009816 0.249813 0.020149 0.037250 0.045266 0.010604 0.001028 0.001447 0.014818 0.005878 0.005878 0.000199 0.000063 0.041447 0.197807 0.126404 0.116122 0.009458 1.173881 1.257255 1.333493 0.169080 -0.000126 0.000051 0.001960 0.015203 0.016841 0.004840 0.007960 0.038299 0.068491 0.036686 0.043077 0.078844
0.931763 0.329668 0.083318 0.050824 0.089997 0.333434 0.844076 0.005059 0.353762 0.036993 1.091591 0.657694 -0.519132 0.142562 0.016582 0.000556 0.007386 0.030736 0.006665 0.000296 -0.000222 -0.000103 0.665385 2.153345 2.054712 0.006432 0.009283 0.015794 0.016200 0.001347 -0.000293 -0.000214 0.000000 0.000000 0.000000 -0.000070 -0.000064 0.071482 0.095624 0.056305 0.047090 0.808402 1.229823 1.227190 3.062663 2.616838 1.040014 0.000398 0.001073 0.003328 0.004978 0.019428 0.042211 0.023610 0.017920 0.008661 0.035273 0.161616
2.375081 0.007590 0.024842 0.064943 1.217004 0.210566 0.306278 0.508101 0.429197 0.010163 1.324122 0.984516 0.218583 0.171203 0.075008 0.030478 0.015975 0.005203 0.000236 -0.001021 -0.001488 -0.000803 0.672590 2.150104 1.611863 0.000000 0.000000 0.000000 0.000067 -0.000082 -0.018995 -0.017889 -0.000912 -0.007126 -0.007164 -0.006508 0.014135 0.360892 0.121992 0.099485 0.089125 0.401008 0.126102 0.094350 0.103084 3.186441 1.973354 0.002236 0.002125 0.014818 0.021716 0.023318 0.031190 0.002722 0.000112 0.000191 0.014798 0.060558
1.354035 0.029316 0.126741 0.101759 0.095801 0.180291 0.230227 0.337371 0.038629 0.010865 0.029435 1.395760 0.485988 0.155473 0.139163 0.138612 0.029162 0.033012 -0.000554 -0.001791 -0.001276 -0.000538 0.611642 2.279682 1.222865 -0.004123 -0.009243 -0.005350 -0.000464 -0.000305 -0.014468 -0.025448 -0.001630 -0.018884 -0.014489 -0.016954 0.054354 0.323911 0.217361 0.136216 0.064649 0.178452 0.057662 0.025881 0.047736 2.635045 0.970871 0.022376 0.012705 0.008546 0.011871 0.013661 0.017315 0.001374 -0.015443 -0.001866 0.001205 0.003399
0.642101 0.039679 0.059260 0.068656 0.040063 0.298743 0.245458 0.112156 0.040072 0.008787 0.026281 0.285749 0.520966 0.166820 0.146551 0.137773 0.020991 0.022245 0.155103 0.013037 -0.039817 -0.004154 0.413268 2.167027 1.793356 -0.358589 -0.020962 -0.017251 -0.006827 -0.009953 -0.021188 -0.084877 -0.042760 -0.037631 -0.021670 -0.026300 0.163084 0.357747 0.183715 0.557286 0.083167 0.017123 0.003358 0.061542 0.176487 3.349561 0.959202 0.015310 0.005265 0.000172 0.000396 0.000555 0.008192 0.000291 -0.048913 -0.036461 -0.004706 -0.001366
0.636276 0.042521 0.048434 0.035973 0.069887 0.251660 0.161625 0.162749 0.034162 0.004268 0.017790 0.094571 0.604473 0.200094 0.148455 0.107401 0.019103 0.023003 0.034914 0.026995 0.733753 0.307401 0.601143 2.979578 1.825669 -0.460095 -0.846873 -0.041716 -0.018023 -0.026818 -0.011961 -0.131950 -0.075265 -0.040989 -0.034366 -0.199061 1.315251 0.475795 0.219341 0.272712 0.159550 0.014303 -0.000165 0.219901 0.575712 2.647077 0.096735 0.007330 -0.000002 -0.000132 -0.000330 -0.000401 -0.000013 -0.000105 -0.182863 -0.168089 -0.068358 -0.003311
0.611519 0.040984 0.040198 0.029670 0.093362 0.104662 0.191070 0.179119 0.041215 0.000726 0.006453 0.092395 0.216362 0.220039 0.078327 0.035371 0.015061 0.016214 0.019008 0.036276 0.029322 0.030281 1.356407 3.133930 1.186552 -0.927235 -0.499697 0.045459 -0.052911 -0.067685 -0.028276 -0.119428 -0.091285 -0.048559 -0.095558 0.214065 0.563401 0.037874 0.041875 0.033687 0.005907 -0.000476 0.037521 0.568456 0.846762 1.703041 0.010774 -0.000307 -0.008844 -0.023905 -0.007649 -0.010911 -0.007095 -0.005456 0.366027 -0.052842 -0.255112 -0.001350
0.790958 0.010119 0.037759 0.007246 0.098439 0.073953 0.174434 0.149543 0.049877 0.001264 0.000046 0.000001 0.548082 0.592909 0.000009 0.000260 0.000452 0.000309 0.014646 0.008770 0.010126 0.009423 0.827410 3.125739 1.401955 -0.463071 -0.246434 0.205689 -0.118905 -0.599486 -0.017364 -0.053066 -0.036501 -0.013295 0.107120 0.271873 0.564651 0.014231 0.026820 0.009723 0.000668 0.000113 0.168049 1.096098 1.375857 0.404169 0.015130 -0.000195 -0.037628 -0.067913 -0.018348 -0.024270 -0.015830 -0.018719 0.353111 -0.233024 -0.696183 0.240524
0.502447 0.004500 0.022563 0.006153 0.082854 0.093888 0.077417 0.116096 0.047248 0.002570 0.000575 -0.002309 0.474751 0.565153 0.241412 -0.000618 -0.062367 -0.000421 0.000012 0.000841 0.000527 0.000189 0.939355 3.110001 1.517929 -0.342711 -0.057686 0.288541 0.012839 -0.482843 -0.010420 -0.029043 -0.007700 0.004041 0.310176 0.145528 0.094088 0.000258 0.007213 0.000326 0.000114 -0.000053 0.433151 1.616835 0.683794 0.098550 0.050772 0.009093 -0.125669 -0.155539 -0.369785 -0.021421 -0.017746 -0.167059 -0.248159 0.188034 -0.178090 0.363681
0.653977 0.038064 0.007134 0.020877 0.048601 0.063850 0.064245 0.077477 0.008754 0.003490 0.001914 0.004481 0.068792 0.427195 0.463812 0.168553 -0.008062 0.063396 -0.109579 0.000060 0.000648 -0.000079 0.662918 2.441923 1.304977 -0.107591 0.197255 0.455750 0.103169 -0.220210 0.007572 -0.009893 0.050602 0.040946 0.034100 0.284587 0.055154 0.000042 -0.000003 -0.000208 -0.000181 0.462861 0.837818 0.849461 0.474092 0.247655 0.007364 0.033183 0.045106 0.060821 -0.691489 -0.138857 -0.086041 0.107983 -0.154101 0.332356 0.001864 0.391193
0.324628 0.019787 0.025215 0.061445 0.016732 0.015886 0.144626 0.025171 0.024197 0.006319 0.002153 0.007427 0.024883 0.283712 0.664022 0.405658 0.101700 0.212821 -0.117785 -0.000847 0.001362 -0.000652 0.317807 2.851265 0.900704 -0.049524 0.378112 0.451132 0.262799 -0.063713 0.002044 0.002708 0.007298 0.013221 0.021696 0.115110 0.176671 -0.000589 -0.007113 -0.006560 -0.006644 0.618109 1.414955 0.951637 0.027716 0.022457 0.006232 0.041995 0.014952 0.257713 -0.125784 -0.042545 0.012052 0.194778 0.796340 0.348515 0.070938 0.455802
0.002012 0.002421 0.016458 0.035795 0.013253 0.018731 0.078391 0.086199 0.066759 0.011986 0.003358 0.046466 0.315774 0.453126 0.015413 0.014685 0.028027 0.536913 -0.091375 -0.000690 0.006672 -0.000293 0.008630 3.336852 1.022626 0.052039 0.605651 0.596981 0.607883 0.360869 0.022053 0.018756 0.001031 0.006516 0.010711 0.000268 0.202833 0.090641 -0.013245 -0.007497 -0.016413 0.853764 1.459397 0.928844 0.001905 0.000000 0.017605 0.024424 0.011340 0.011140 0.035562 0.007077 0.079987 0.325779 1.429758 0.286520 0.353102 0.670484
0.007160 0.020203 0.020818 0.032761 0.009692 0.016881 0.102635 0.049939 0.022403 0.038177 0.021117 0.078516 0.079108 0.024605 0.008878 0.007729 0.012159 0.024109 0.013635 0.005954 0.038088 0.525621 0.285374 4.091191 1.399582 0.036445 0.012599 0.129337 0.028140 0.053987 0.041914 0.006972 0.000185 0.000000 0.000000 -0.000116 0.182540 0.269239 0.438822 0.131625 0.111270 0.476244 0.560373 0.430748 0.005229 0.006178 0.020922 0.001200 0.000980 0.000522 0.008993 0.104064 0.194055 0.266058 0.718032 0.001221 0.006067 0.024247
0.014625 0.011594 0.017908 0.026556 0.007652 0.015532 0.097113 0.010667 0.008727 0.016963 0.008740 0.027622 0.024392 0.013006 0.001269 0.000581 0.000369 0.000369 0.012632 0.000664 0.006518 0.324307 0.558173 2.961807 0.621779 0.017744 0.010610 0.095110 0.019060 0.026189 0.031583 0.003002 -0.000969 -0.007378 0.027645 0.265542 0.917928 0.335151 0.484633 0.007381 0.008767 0.972897 0.642360 0.439637 0.005102 0.008605 0.018731 0.001948 0.000935 0.000138 0.000444 0.022144 0.024657 0.016349 0.941165 0.000397 0.000435 0.015311
0.036427 0.000560 0.006400 0.010089 0.000791 0.008770 0.040187 0.000289 0.000000 0.000000 0.000144 0.000145 0.000010 0.000000 -0.000189 -0.000271 -0.000029 -0.000006 -0.000001 -0.000031 -0.000001 0.417845 0.674290 1.621118 0.778286 0.002957 0.008139 0.056439 0.016903 0.014873 0.015046 0.002028 0.021859 -0.237250 0.063416 0.209634 0.446620 0.407357 0.035590 0.006443 0.000263 0.612116 1.154961 0.378954 0.008206 0.002847 0.004367 0.001065 -0.000126 -0.000477 0.000160 0.000028 0.000412 0.034494 0.803987 0.284699 -0.000025 0.000003
0.010524 0.000294 0.000100 0.000015 0.000365 0.000514 0.002417 0.000426 -0.024035 -0.008489 -0.000455 -0.000138 -0.005514 -0.014544 -0.042810 -0.006047 -0.000575 -0.000373 -0.018059 -0.019078 -0.009281 0.696224 0.819741 0.846760 0.684342 0.002752 0.001358 0.011610 0.011892 0.008449 0.001329 0.009708 0.065727 0.284742 0.210239 0.138359 0.065164 0.030923 0.024861 0.023815 0.038744 0.360454 0.908882 0.390773 0.024635 0.006508 0.006978 -0.001100 -0.000924 -0.017672 -0.118663 -0.001508 -0.000533 0.070548 0.662280 0.341206 -0.113499 -0.005982
0.040156 0.001030 -0.000201 -0.008620 -0.000832 -0.000372 -0.000644 -0.000695 -0.042917 -0.017375 -0.019042 -0.018343 -0.043575 -0.183225 -0.047758 -0.008978 -0.001782 -0.007096 -0.045605 -0.046510 0.769829 1.375054 1.483496 1.644718 0.558850 0.002075 0.000290 0.000059 0.000000 0.000000 0.003580 0.055043 0.239227 0.350453 0.024664 0.018277 0.011701 0.000822 0.000798 0.062655 0.103234 0.589571 0.837564 0.421390 0.087251 0.023760 0.021940 -0.028530 -0.015034 -0.579554 0.037657 0.307845 -0.000784 0.138530 0.891861 0.622111 0.151588 -0.030137
0.101352 0.013290 -0.011508 -0.023651 -0.007252 -0.000594 -0.000839 -0.005703 -0.046293 -0.040064 -0.044503 -0.095203 0.658328 -0.257589 -0.579500 -0.013084 -0.002004 0.022911 0.068588 0.117790 1.184445 1.516190 1.400297 0.783319 0.337642 0.003941 0.000161 -0.000564 -0.014724 -0.007977 0.024771 0.089749 0.104570 0.023880 0.019645 0.002332 0.000086 -0.000048 0.001361 0.217097 0.287617 0.826761 0.792186 0.728723 0.101874 0.034981 0.017302 -0.080635 -0.108774 -0.186937 0.273332 0.407307 0.112895 0.169240 0.276752 0.211676 0.119417 0.138015
0.065053 0.006789 -0.157399 -0.025034 -0.017110 -0.005813 -0.017237 -0.016187 -0.045741 -0.042398 0.885688 0.987478 1.393947 -0.337558 -0.483171 -0.264594 -0.208077 -0.023753 0.452149 0.727877 1.497092 1.324572 1.033636 0.072198 0.000741 0.000847 -0.000357 -0.077190 -0.249641 0.124273 0.048436 0.037481 0.026004 0.017078 0.014907 0.009978 0.018447 0.012273 0.001576 0.534525 0.350537 0.252174 0.172136 0.055112 0.124452 0.035770 0.012817 0.114647 0.693089 0.818537 0.910607 0.755230 0.376031 0.011540 0.009500 0.010918 0.000849 0.281478
0.017283 0.001968 -0.086766 -0.005459 -0.026339 -0.016095 -0.036160 -0.035835 -0.081989 0.642531 1.453056 0.728543 1.533050 -0.429126 -0.368165 -0.223235 -0.779304 -0.337857 0.672299 0.873762 1.345986 0.006977 0.009906 0.001574 -0.000528 -0.000222 -0.202161 0.377401 0.012020 0.110207 -0.179238 0.073007 0.019973 0.016628 0.005486 0.006024 0.006719 0.056602 0.839445 0.940503 0.070775 0.041601 0.045715 0.018811 0.076206 0.035340 0.048725 0.060479 0.102694 0.017499 0.019934 0.022886 0.018454 0.001738 0.001264 0.000493 -0.000071 0.528089
0.000235 -0.000108 -0.050103 -0.056570 -0.050082 -0.042426 -1.638523 0.404192 0.721763 1.803730 0.917241 0.003929 0.009926 0.033906 0.002253 0.121342 0.259771 -0.134256 0.613311 0.651772 0.816610 0.000000 0.000000 0.000244 -0.036932 -0.042647 0.167356 0.680185 -0.117065 -0.096453 -0.193349 0.014835 0.012783 0.006075 0.000000 0.000090 0.003794 0.082273 0.506923 0.171899 0.098553 0.016031 0.003525 0.054586 0.039725 0.058387 0.016446 0.033949 0.033472 0.007670 0.000662 0.000192 0.000098 -0.000194 -0.000501 -0.000334 -0.025133 0.800140
-0.000069 -0.009312 -0.005597 -0.048461 -0.076114 -0.176395 -1.021734 0.670315 1.020662 1.563622 0.020320 0.000000 0.000000 0.000000 0.796599 0.547455 0.607061 0.600369 0.524550 0.340737 0.155979 -0.006295 -0.008006 0.062631 0.219506 0.148781 0.303579 0.659402 -0.276407 -0.351711 0.153174 0.004239 0.007565 -0.000171 -0.005912 -0.000274 -0.000006 0.000146 0.589380 0.001170 0.010835 0.009657 0.015477 0.105573 0.069023 0.000568 0.015915 0.006387 0.000592 0.000164 -0.000035 -0.000094 -0.000069 -0.018824 -0.021494 -0.010825 0.313602 0.652294
0.029828 -0.034773 0.033386 0.040297 -0.074060 -0.670111 -0.755408 0.520533 1.133241 1.712497 0.118749 -0.107157 -0.090380 -0.033749 1.149709 0.838910 0.093606 0.014508 0.010038 0.000869 0.000295 -0.082838 -0.116239 0.280258 0.273901 0.189886 0.402013 0.489452 -0.483419 -0.385576 0.008797 0.000091 -0.000330 -0.010632 -0.013850 -0.008869 -0.008589 -0.000302 0.685066 -0.000046 0.000607 0.001496 0.008820 0.016121 0.136386 0.000852 0.000360 0.000360 -0.000058 -0.000101 -0.008177 -0.007255 -0.007955 -0.028042 0.359491 0.228201 0.425117 0.790860
0.008418 0.003565 0.047795 0.015015 0.026815 -0.516244 -0.364671 0.511957 1.058817 1.722744 0.133058 0.068300 0.216256 0.537719 0.624571 0.074398 0.042004 0.006981 0.000578 -0.000061 -0.000006 0.016114 0.015542 0.363248 0.285811 0.190574 0.394468 0.375017 -0.575329 -0.011306 0.000657 -0.000145 -0.000483 -0.022395 -0.010919 -0.014880 -0.019339 0.147705 0.895082 -0.189347 -0.000189 0.000444 0.000222 0.008416 0.036908 0.000322 -0.000360 -0.000360 -0.007280 -0.006327 -0.027485 -0.018834 -0.023984 0.066976 0.665537 0.367981 0.523080 0.891756
0.000671 0.028120 0.034140 0.003875 0.013269 -0.379465 -0.292917 0.353784 1.096326 1.524412 0.176811 -0.004571 0.239542 0.664823 0.000134 0.000330 0.000401 0.000013 -0.000072 -0.012195 -0.001474 0.061432 0.120098 0.456170 0.449134 0.313684 0.523017 0.293978 -0.833637 0.092634 0.001453 -0.001868 -0.004128 -0.019082 -0.022900 -0.054594 -0.005959 0.139546 0.539160 -0.085900 0.000019 -0.000439 -0.000222 0.000066 0.000128 -0.000424 -0.014314 -0.009512 -0.021977 -0.013741 -0.004377 -0.001069 0.002827 0.203604 0.596634 0.839307 2.103496 1.346228
0.001379 0.018213 0.003863 0.000840 0.000889 0.001988 -0.012191 0.228292 1.230282 1.600523 0.230696 -0.105930 0.161486 1.229420 -0.000223 -0.000396 -0.000555 -0.010371 -0.006342 -0.114846 -0.110786 0.018213 0.202993 0.642064 0.489818 0.393523 0.603191 0.343502 -0.791889 0.037253 0.000831 -0.002622 -0.003894 -0.004978 -0.003346 -0.007192 -0.090179 0.038155 0.322364 0.065778 0.003034 -0.008603 -0.006627 -0.000539 -0.000303 -0.002918 -0.051289 -0.023546 -0.029638 -0.002145 0.009228 -0.000320 -0.000036 0.218749 1.000648 0.850647 1.705126 1.121020
