use_cases/Flooding_chicago/flooding_data/output/hUy_1320.asc
ncols 337
nrows 393
xllcorner 428428.000000
yllcorner 4602440.000000
cellsize 26.757400
NODATA_value -9999.000000
[rows 208 to 233 of 393, columns 232 to 289 of 337]
-0.001157 -0.002039 -0.006559 -0.002176 -0.036814 -0.023161 -0.012755 -0.004875 -0.036166 -0.019145 0.090120 -0.298505 0.690700 0.962605 1.120466 1.048941 0.693802 0.826646 0.876689 -0.167115 -0.071946 0.084975 0.204319 0.267243 0.104128 0.499259 0.113871 -0.060927 -0.135928 -0.110128 0.193372 0.446762 1.350518 1.086050 0.809280 0.464517 0.033667 -0.001069 -0.003946 -0.010101 -0.017827 0.124486 0.341487 0.178385 1.000613 1.438488 1.423306 0.534863 0.577091 0.522591 -0.000194 0.000209 0.662099 -0.062315 0.221452 -0.165160 -0.007653 0.135522
-0.001225 -0.001752 -0.003459 -0.026681 -0.545192 -0.002668 -0.006238 -0.003143 -0.012498 -0.034787 0.450570 0.292400 1.392408 0.974976 1.378645 0.935618 0.580390 1.259047 1.098340 -0.404411 -0.683725 -0.168501 0.204253 0.330296 0.053054 0.961527 0.319697 -0.008906 -0.119590 -0.293990 0.131488 0.516316 1.093710 0.946190 0.701002 0.354946 0.004436 0.000929 -0.018007 -0.028255 -0.010810 0.202533 0.348521 0.230317 1.181938 1.251975 1.461798 0.610156 0.678579 0.595284 0.000652 0.002926 0.027401 -0.075015 0.417813 0.301629 0.484298 0.013814
-0.001057 -0.001240 -0.001618 -0.544895 0.127601 0.102367 0.023122 -0.013691 0.445538 0.740789 0.806774 0.795027 1.450198 0.835930 0.736641 0.573617 0.034713 1.086273 0.467461 -0.147350 -0.258254 -0.183790 0.289599 0.545730 0.635256 0.752153 0.387676 -0.032556 -0.139914 -0.159568 0.080942 0.288396 0.386479 0.778955 0.310527 0.290140 0.005021 0.003640 -0.002168 -0.002367 0.035229 0.207134 0.585508 0.451893 1.495619 0.615690 0.740426 0.708680 0.757590 0.657998 0.000003 0.000208 0.006176 0.004210 0.088347 0.048661 0.067983 0.000790
-0.102642 0.003271 0.029944 0.214746 0.684961 0.668246 0.323443 0.085325 0.427031 1.151068 1.024847 1.296198 1.345105 0.898317 0.549614 0.140068 0.027338 1.048341 0.035494 0.004974 -0.004136 -0.019706 0.604502 1.048746 0.200328 0.109044 0.017797 -0.187106 -0.167889 -0.003799 0.100038 0.203203 0.243310 0.688258 0.272815 0.004074 0.006565 0.000965 0.000473 0.000013 0.025271 0.240740 0.276146 0.299878 0.664855 0.706598 0.755023 0.692807 1.345733 0.668044 -0.000250 -0.000326 0.006754 0.006002 0.004407 0.040987 0.001104 -0.000115
0.200057 0.102353 0.071596 0.555909 0.631935 0.567146 0.229253 0.193644 0.161427 0.395600 0.441691 0.472603 0.445757 1.092312 0.390753 0.219198 -0.008907 0.702577 0.034963 0.000225 -0.004594 0.001875 0.711018 1.154251 0.000684 0.000016 -0.001484 -0.066388 -0.139955 0.129231 0.159139 0.160413 0.129422 0.237501 0.234864 -0.000047 0.000270 -0.000000 -0.000270 0.037754 0.082570 0.072860 0.039759 0.005460 0.693956 1.120279 1.140289 0.963190 1.083966 0.892376 -0.000349 -0.001537 0.047116 -0.002466 -0.028119 0.002659 -0.000390 -0.000859
0.309563 0.179829 0.076359 0.322884 0.299362 0.167833 0.177845 0.148738 0.170416 0.159153 0.428780 0.539455 0.603130 0.307944 0.304578 0.234380 -0.020156 0.551879 0.061098 0.264431 -0.104252 -0.123822 0.847723 1.089206 0.000191 0.013879 0.000171 -0.113004 0.035901 0.261247 0.248191 0.137150 0.012279 0.032578 -0.000072 -0.003867 -0.000473 -0.000965 -0.007879 0.067538 0.096912 0.106143 0.055633 0.465401 0.541684 0.949821 0.911276 0.986506 0.888886 0.554133 -0.000510 -0.000905 0.050143 -0.008722 -0.036175 -0.002286 -0.002824 -0.006975
0.594182 0.427051 0.221275 0.214880 0.048911 -0.048023 0.010100 0.048618 0.098558 0.164997 0.163613 0.600495 0.705045 0.076047 0.035265 0.028850 0.044038 0.647568 0.145724 0.508356 -0.178522 -0.176610 0.732693 1.566286 -0.000576 0.049828 0.074520 0.066154 0.020097 0.355991 0.338769 0.148540 -0.121020 -0.238566 -0.000845 -0.002728 -0.019358 -0.006385 -0.027491 0.447858 0.645715 0.447102 0.498077 0.453144 0.302365 0.901647 0.789010 0.898526 0.748605 0.308967 -0.000928 -0.000083 0.029992 -0.004987 -0.005986 -0.003038 -9999.000000 -9999.000000
0.815926 0.794399 0.540264 0.462806 0.243035 0.089954 0.016833 0.004146 0.046324 0.143457 0.219899 0.245712 0.231501 0.148451 0.001112 0.009951 0.001030 0.287482 0.254681 0.338089 -0.072762 -0.103883 1.038815 1.077806 0.158519 0.068888 0.119349 0.382108 -0.095046 0.906412 0.313413 0.001861 -0.161119 -0.324953 -0.093556 0.059019 0.062060 0.000973 0.017228 0.847416 0.667513 0.520423 0.597671 0.035102 0.197498 0.915628 1.076764 0.624818 0.732520 0.083719 -0.000594 0.000000 0.000000 -9999.000000 -9999.000000 -9999.000000 -9999.000000 -9999.000000
0.015792 0.020562 0.118372 0.064310 0.068691 0.621078 0.553044 0.080342 0.044240 0.142401 0.213553 0.293746 0.284343 0.126750 0.000366 0.000000 0.000211 0.432315 0.470734 0.165563 0.055604 0.053083 0.947182 0.904926 0.252511 0.039894 0.031049 0.066510 -0.128743 0.715418 0.265932 0.002705 0.014724 -0.266775 -0.077773 0.114072 0.220143 0.056107 0.179059 0.431731 0.715994 0.459256 0.217838 0.031995 0.400574 1.027030 0.725239 0.707909 0.613833 0.003730 -0.001086 -0.001488 -9999.000000 -9999.000000 -9999.000000 -9999.000000 -9999.000000 -9999.000000
0.000326 0.006886 0.033298 0.124944 0.133382 0.099802 0.068252 0.041217 0.011185 0.154814 0.193685 0.298204 0.287021 -0.000031 -0.000575 -0.002796 -0.000537 0.464208 0.613183 0.000360 0.000360 0.011072 1.038974 0.363225 0.079413 0.007538 0.021167 0.022245 0.008374 0.114363 0.000016 0.000419 0.000791 0.000582 -0.065569 0.208417 0.357972 0.012516 0.278049 0.247417 0.612422 0.749600 0.369309 0.294162 1.290422 1.289434 0.871377 0.709530 0.019855 -0.001264 -9999.000000 -9999.000000 -9999.000000 -9999.000000 -9999.000000 -9999.000000 -9999.000000 -9999.000000
-0.000208 0.028061 0.020432 0.084663 0.207304 0.008471 0.011292 0.007762 0.022945 0.179168 0.182273 0.288056 0.243048 0.141212 -0.001521 -0.002803 -0.133681 0.498048 1.182188 -0.000360 -0.000360 0.039580 1.414344 0.055059 0.031564 0.038673 0.025527 0.002392 -0.001517 0.001054 -0.047996 -0.000582 -0.000791 -0.000419 -0.000016 0.080026 0.114022 0.031085 0.041434 0.017835 0.252960 0.606805 0.624682 0.447376 0.958987 1.075813 0.819419 0.155746 0.000208 0.000003 -9999.000000 -9999.000000 -9999.000000 -9999.000000 -9999.000000 -9999.000000 -9999.000000 -9999.000000
0.106481 0.087070 0.104819 0.046076 0.052438 0.014709 0.019708 0.019859 0.052413 0.064641 0.024243 0.293769 0.173665 0.123697 0.247481 0.163115 -0.163448 0.193080 1.514956 0.422713 0.151476 0.733698 1.181928 0.691134 0.020176 0.034058 0.004084 -0.003615 0.409542 0.328176 0.074449 0.125895 -0.088916 -0.078264 -0.048548 -0.068586 0.047253 0.000376 0.000723 0.000376 0.000186 0.806411 0.902614 0.000805 0.402240 0.468789 0.405532 0.167188 -0.000326 -9999.000000 -9999.000000 -9999.000000 -9999.000000 -9999.000000 -9999.000000 -9999.000000 -9999.000000 -9999.000000
0.188513 0.004456 0.016055 0.001161 0.000378 0.004953 0.017842 0.035499 0.029835 0.016313 0.042083 0.049225 0.179210 0.121259 0.017334 0.289709 -0.025994 0.567835 1.296253 0.585672 0.177724 0.300559 1.318727 0.062463 -0.002910 0.000063 0.011078 0.037643 0.765551 0.474745 0.011380 0.017818 -0.101193 0.008258 -0.015625 -0.131326 -0.675013 -0.000376 -0.000723 -0.000376 -0.000209 1.616103 0.711777 0.002063 0.500149 0.569972 0.489151 0.128630 -9999.000000 -9999.000000 -9999.000000 -9999.000000 -9999.000000 -9999.000000 -9999.000000 -9999.000000 -9999.000000 -9999.000000
0.019837 0.001010 0.000546 -0.000051 -0.000153 0.000107 0.000434 0.043994 0.047541 0.027623 0.021283 0.023139 0.046747 0.038665 0.009574 0.052453 0.246506 0.491076 1.436996 0.739989 0.000249 0.507318 0.309590 0.005824 -0.004142 -0.001074 0.016855 0.025614 0.180958 0.254242 0.001809 0.008755 0.042819 0.042042 0.031331 0.012821 -0.598147 -0.216861 0.465345 0.316682 0.989225 1.413707 0.656197 -0.372891 0.384168 0.559360 0.535027 0.000000 -9999.000000 -9999.000000 -9999.000000 -9999.000000 -9999.000000 -9999.000000 -9999.000000 -9999.000000 -9999.000000 -9999.000000
0.008890 0.002004 0.000544 -0.009579 -0.115641 -0.001072 -0.000494 0.048237 0.061350 0.024909 0.024607 0.044401 0.000208 0.000003 0.028763 0.019674 0.059145 0.524661 1.725637 0.769782 0.590551 0.633912 0.001944 0.001438 0.046141 0.002500 0.029517 0.025753 0.053104 0.334666 0.001371 0.001297 0.000534 0.000931 0.065672 0.020100 0.228375 0.231667 0.807297 0.483878 0.777067 0.945380 0.518370 -0.518167 0.372902 0.395407 0.009179 -9999.000000 -9999.000000 -9999.000000 -9999.000000 -9999.000000 -9999.000000 -9999.000000 -9999.000000 -9999.000000 -9999.000000 -9999.000000
0.000925 0.001103 0.000206 -0.062822 -0.116533 -0.071643 -0.000627 0.042460 0.072695 0.000003 0.000208 0.041469 -0.000326 -0.080893 0.036675 0.038620 0.021686 0.564527 1.231050 1.015525 0.874553 0.040391 0.004620 0.002358 0.134654 0.008857 0.026289 0.054264 0.106973 0.128465 0.002468 0.000945 -0.000200 0.002898 0.153120 0.022248 0.436532 0.875132 1.304106 0.259190 0.140603 0.094946 0.546873 -0.459890 0.275775 0.158351 0.000000 -9999.000000 -9999.000000 -9999.000000 -9999.000000 -9999.000000 -9999.000000 -9999.000000 -9999.000000 -9999.000000 -9999.000000 -9999.000000
0.001268 0.001243 0.000146 0.062650 -0.080842 -0.089692 -0.122354 0.014291 0.076566 -0.120789 -0.000326 0.037871 0.146721 -0.101267 0.031072 0.046280 0.043035 0.912351 0.916970 0.396412 0.318081 0.009075 0.008709 0.003204 0.054729 0.005628 0.027299 0.101682 0.049627 0.018332 0.001906 -0.000581 0.007860 0.006031 0.312820 0.431984 0.976012 0.542652 0.550042 0.358664 0.008220 0.005463 0.038304 0.259984 0.404441 -0.025236 -0.001397 -9999.000000 -9999.000000 -9999.000000 -9999.000000 -9999.000000 -9999.000000 -9999.000000 -9999.000000 -9999.000000 -9999.000000 -9999.000000
0.002269 0.001208 0.000563 0.005871 0.007011 -0.090701 -0.036674 -0.106780 0.267639 0.002997 0.047830 0.146914 0.159532 -0.074299 0.099221 0.275265 0.507428 0.970415 0.993574 0.015237 0.022547 0.019160 0.010637 0.003735 0.019030 0.004100 0.000969 0.158543 0.064213 0.020226 0.024028 -0.019174 -0.007124 -0.002152 0.550392 0.768789 1.154297 0.698883 0.045401 0.045353 0.033026 0.011113 0.017702 0.042081 0.646566 -0.131272 -0.001052 -9999.000000 -9999.000000 -9999.000000 -9999.000000 -9999.000000 -9999.000000 -9999.000000 -9999.000000 -9999.000000 -9999.000000 -9999.000000
0.010441 0.001663 0.001578 0.000337 0.146166 -0.073339 0.030401 -0.258334 0.481834 0.029072 0.061045 0.162013 0.189001 -0.053916 0.259893 0.503590 0.848378 0.951354 0.043639 0.025330 0.038451 0.022554 0.008447 0.000761 0.000055 0.001180 -0.000954 0.246872 0.067862 0.018069 0.104762 -0.022645 -0.019585 -0.007631 0.804982 0.844195 0.289621 0.196207 0.010889 0.017739 0.015830 0.006318 0.002666 0.002795 0.064998 0.001044 -9999.000000 -9999.000000 -9999.000000 -9999.000000 -9999.000000 -9999.000000 -9999.000000 -9999.000000 -9999.000000 -9999.000000 -9999.000000 -9999.000000
0.004308 0.000724 0.000129 0.000040 0.216791 0.004274 0.192308 -0.118090 0.494200 0.083794 0.048317 0.244956 0.261795 -0.064518 0.419078 0.591700 0.863746 0.124997 0.070318 0.018162 0.055198 0.023252 0.002789 -0.002379 -0.002387 0.000587 0.004249 0.286503 0.000767 0.000900 0.008173 -0.012915 -0.124428 0.082778 0.831288 1.040778 0.001591 0.003277 0.000848 0.001603 0.000944 0.008935 0.003607 0.005246 0.001893 0.000679 -9999.000000 -9999.000000 -9999.000000 -9999.000000 -9999.000000 -9999.000000 -9999.000000 -9999.000000 -9999.000000 -9999.000000 -9999.000000 -9999.000000
0.000208 0.000003 -0.000061 -0.000139 0.029504 0.009664 0.015322 0.095099 1.120963 0.115564 0.130200 0.188089 0.170784 0.100366 0.738764 0.857495 0.956776 0.008080 0.010044 0.001130 0.084827 0.023695 -0.001308 -0.018406 -0.005496 -0.002032 0.000442 0.237739 0.000119 -0.000279 -0.000012 -0.006626 0.005950 0.079844 1.074947 1.431105 0.001110 0.000763 0.000030 0.000204 0.000407 0.007343 0.003089 -0.003444 -0.001596 -0.000821 -9999.000000 -9999.000000 -9999.000000 -9999.000000 -9999.000000 -9999.000000 -9999.000000 -9999.000000 -9999.000000 -9999.000000 -9999.000000 -9999.000000
-0.000326 -0.005982 -0.000291 -0.000385 -0.000001 0.000197 0.000009 0.056933 0.312703 0.013263 0.000808 0.526603 0.205500 0.220397 0.187993 0.178008 0.178734 0.000360 0.000360 0.000200 0.100703 0.000402 -0.002248 -0.006068 -0.042840 -0.010911 -0.002010 0.215115 -0.058088 -0.000823 -0.006684 -0.000888 0.000077 0.115533 0.835631 1.129193 -0.054655 -0.001657 -0.000826 -0.001578 -0.001081 0.000249 0.000291 -0.005351 -9999.000000 -9999.000000 -9999.000000 -9999.000000 -9999.000000 -9999.000000 -9999.000000 -9999.000000 -9999.000000 -9999.000000 -9999.000000 -9999.000000 -9999.000000 -9999.000000
-0.000118 -0.014689 -0.001014 -0.050515 -0.001277 -0.000816 0.124233 0.119387 0.071601 0.028412 -0.089051 0.418903 0.347316 0.197857 0.187149 0.157795 0.142402 -0.000360 -0.000360 -0.000186 0.093429 -0.000027 0.000000 -0.001842 -0.036446 0.849289 0.883566 0.822942 0.014554 0.104129 -0.021562 -0.216690 -0.279760 0.264988 0.568925 0.673042 -0.081520 -0.575495 -0.016190 -0.056979 -0.009190 -0.000724 -0.000441 -9999.000000 -9999.000000 -9999.000000 -9999.000000 -9999.000000 -9999.000000 -9999.000000 -9999.000000 -9999.000000 -9999.000000 -9999.000000 -9999.000000 -9999.000000 -9999.000000 -9999.000000
0.000865 -0.001016 0.001413 -0.047669 -0.017756 0.098956 0.117112 0.100900 0.065652 0.017683 -0.268546 0.322596 0.306614 0.410353 0.441677 0.125980 0.109220 -0.001928 -0.012080 -0.001225 0.072757 -0.027769 -0.003663 -0.000536 0.175851 1.613183 1.659267 1.567125 0.932083 0.568007 0.145794 -0.988825 -0.887772 0.368703 0.307041 0.064733 -0.130397 -0.493173 -0.222893 -0.511401 -0.007237 -9999.000000 -9999.000000 -9999.000000 -9999.000000 -9999.000000 -9999.000000 -9999.000000 -9999.000000 -9999.000000 -9999.000000 -9999.000000 -9999.000000 -9999.000000 -9999.000000 -9999.000000 -9999.000000 -9999.000000
0.000000 0.000474 0.020288 0.001532 0.008846 0.191576 0.102834 0.068718 0.033440 -0.002190 -0.264418 0.245781 0.329847 0.501822 0.502718 0.165725 0.000680 -0.001330 -0.308194 -0.100187 0.206884 0.010525 -0.071330 0.154622 0.336301 1.212377 1.293888 1.081045 0.745371 0.324940 0.091235 -0.418545 -0.615019 0.173527 0.133296 -0.150466 -0.013209 -0.277224 -0.142044 -9999.000000 -9999.000000 -9999.000000 -9999.000000 -9999.000000 -9999.000000 -9999.000000 -9999.000000 -9999.000000 -9999.000000 -9999.000000 -9999.000000 -9999.000000 -9999.000000 -9999.000000 -9999.000000 -9999.000000 -9999.000000 -9999.000000
0.002558 0.002799 0.029994 0.000978 0.132843 0.327452 0.117824 0.061612 0.023465 0.091664 -0.053112 0.208358 0.199554 0.387283 0.481113 0.005790 0.000195 0.102861 0.012030 0.023597 0.246137 -0.059561 -0.023086 0.082685 0.022853 0.922871 1.063728 0.985796 0.341391 0.132589 0.063032 0.013737 -0.329626 0.004120 0.001473 0.205637 0.267572 -0.101284 -0.086993 -9999.000000 -9999.000000 -9999.000000 -9999.000000 -9999.000000 -9999.000000 -9999.000000 -9999.000000 -9999.000000 -9999.000000 -9999.000000 -9999.000000 -9999.000000 -9999.000000 -9999.000000 -9999.000000 -9999.000000 -9999.000000 -9999.000000
