use_cases/Flooding_chicago/flooding_data/output/hUy_1380.asc
ncols 337
nrows 393
xllcorner 428428.000000
yllcorner 4602440.000000
cellsize 26.757400
NODATA_value -9999.000000
[rows 182 to 207 of 393, columns 116 to 173 of 337]
-0.000375 -0.000257 -0.218173 0.010620 -0.001151 -0.008826 -0.006319 -0.000497 -0.000014 0.005105 1.021637 2.237711 0.820203 0.474230 0.260048 0.028967 0.071231 0.173374 0.076202 0.077485 0.082369 0.002520 -0.044456 -0.013504 -0.008873 -0.000518 -0.001196 -0.022567 -0.022188 -0.001358 -0.287146 -0.103916 0.000716 -0.000212 -0.000929 -0.005553 -0.000965 -0.000473 -0.000573 0.059874 0.016217 0.029054 0.025427 0.047308 0.004529 0.004188 0.002397 0.028553 -0.516016 -0.598918 -0.794379 -0.022291 0.000336 0.001111 0.001736 0.003443 0.000911 0.000215
-0.005959 -0.000931 -0.164501 -0.156890 -0.001275 -0.019797 -0.012927 -0.006812 -0.032009 0.598409 1.214729 1.208995 0.023890 0.004355 0.001438 0.003174 0.012712 0.024493 0.145792 0.240432 0.261758 0.043496 0.003851 -0.015792 -0.020120 -0.011581 -0.005020 -0.035147 -0.027371 -0.149938 -0.270241 0.000448 -0.000182 -0.001414 -0.001644 -0.004516 -0.010008 -0.006590 -0.001428 0.041541 0.001091 0.076465 0.035880 0.004754 0.006866 0.000809 0.000717 0.000181 0.000234 -0.480933 -1.449281 -0.020676 -0.000118 0.001017 0.001355 0.002915 -0.001959 -0.001048
-0.028411 -0.004933 -0.198264 -0.200534 -0.019680 -0.028786 -0.027836 -0.051106 0.030221 0.874656 1.636585 0.838309 0.379207 0.001979 0.002355 0.005107 0.042303 0.013761 0.033839 0.030560 0.036590 0.006909 0.007102 -0.001449 -0.015649 -0.018726 -0.007528 -0.051389 -0.029720 -0.362263 -0.120570 -0.001118 -0.001519 -0.000921 -0.017206 -0.013922 -0.025847 -0.004045 -0.020823 0.000251 0.001796 0.018499 0.010100 0.004810 0.000609 0.000543 0.000079 -0.000124 -0.000014 -0.022453 -1.141362 -0.630700 -0.008704 0.000000 0.000000 0.000000 -0.004058 -0.001575
0.011183 -0.066237 -0.112913 -0.211881 0.006908 -0.004815 -0.006404 -0.017317 0.094620 0.833336 1.327840 0.722551 0.697524 -0.058555 0.001538 0.001922 0.016054 0.003016 0.015366 0.005982 0.000326 0.003198 0.000876 -0.001612 -0.001513 -0.017953 -0.009150 -0.106301 -0.142741 -0.216290 -0.163121 -0.060121 -0.011630 -0.009096 -0.037431 -0.026245 -0.051813 -0.047819 -0.018054 -0.000111 -0.000030 0.000000 0.001371 0.004082 0.000693 -0.000130 -0.000655 -0.010197 -0.000401 -0.004861 -0.982566 -0.696835 -0.041370 -0.007594 -0.018001 -0.018655 -0.002185 -0.023384
0.000006 -0.063358 -0.046784 -0.203310 0.048631 -0.002342 -0.000289 -0.007733 0.313763 0.658118 1.532884 0.631188 0.987451 0.050418 0.000857 0.001994 0.001387 0.001482 0.000082 -0.000003 -0.000208 -0.003334 -0.243178 -0.163333 -0.003498 -0.004071 -0.014398 -0.154162 -0.205692 -0.214052 -0.246299 -0.114331 -0.101240 -0.023626 -0.043379 -0.017240 -0.117868 -0.063881 -0.010286 -0.028249 -0.002354 -0.026562 -0.005418 0.000168 0.000294 -0.000636 -0.011435 -0.024227 -0.087725 -0.308447 -0.773860 -0.684723 -0.430443 -0.017142 -0.045464 -0.023537 -0.018391 -0.026702
-0.156192 -0.086287 0.046496 -0.295452 0.266144 -0.000436 0.019727 0.022651 0.910988 1.257029 1.601520 0.258378 1.333467 0.117157 0.001614 0.003506 0.000740 0.001110 -0.000643 -0.008831 -0.006900 -0.620721 -0.054990 0.295142 -0.006160 -0.045316 -0.013297 -0.580658 -0.437639 -0.803874 -0.879893 -0.048819 -0.435850 -0.036911 -0.042647 -0.060734 -0.140760 -0.065326 -0.024810 -0.071671 -0.012561 -0.038394 -0.001261 -0.000142 -0.000418 -0.000770 -0.032707 -0.446703 -0.350085 -0.300561 -0.682384 -0.673461 -0.252030 -0.044452 -0.074087 -0.023868 -0.036928 -0.039861
-0.241629 0.063001 0.396996 -0.173281 0.467258 0.017287 0.011142 0.010960 0.310343 0.617146 0.622712 0.599389 0.628944 0.077995 0.001142 0.006047 -0.000339 -0.003115 -0.006808 -0.030681 -0.095479 -0.809350 -0.084745 0.573181 -0.021395 -0.036538 -0.082545 -1.037866 -0.272366 -0.000103 -0.001832 -0.022651 -0.032952 -0.076307 -0.095745 -0.148095 -0.173838 -0.094843 -0.121808 -0.035910 -0.037544 -0.044152 -0.008973 -0.013069 -0.006846 -0.007019 -0.704453 -0.428296 -0.120656 0.169885 -0.320217 -0.364851 -0.158223 -0.210797 -0.293318 -1.373128 -0.047226 -0.085017
-0.063520 0.008151 0.006376 0.019490 0.328919 0.006365 0.006364 0.006034 0.003596 0.440685 0.437215 0.545931 0.424704 0.070365 -0.000352 0.000068 -0.002252 -0.006121 -0.005983 -0.009380 -0.187261 -0.609708 -0.188144 0.315818 0.015809 0.021899 0.194590 -0.419827 -0.920955 0.260516 -0.050728 -0.083697 -0.011646 -0.232785 -1.049885 -0.095621 -0.108813 -0.025022 -0.001236 -0.016558 -0.071596 -0.034911 -0.030372 -0.018904 -0.014095 -0.020065 -1.528436 -0.363627 -0.000886 0.020019 0.028038 -0.163100 -0.103597 0.096177 0.033854 -1.063820 -0.322154 -0.209231
0.033126 0.000304 0.000468 0.000816 0.019605 0.000076 0.000208 0.000003 0.010894 0.482045 0.505766 0.771197 0.450295 0.096784 -0.000454 -0.000698 -0.002025 -0.498050 -0.176809 -0.044443 -0.193167 -0.403769 -0.069453 -0.000668 -0.022285 0.033274 0.263116 -0.294296 -0.692851 0.195594 -0.147297 -0.279421 -0.230242 -0.303345 -0.160242 -0.016186 -0.013983 0.007962 -0.001606 -0.006560 -0.391033 -0.422536 -0.326970 -0.115415 -0.224991 -0.747837 -1.059888 -0.174492 -0.000228 0.000105 0.000222 0.000103 -0.389979 0.012142 0.013224 -0.726699 -0.158258 -0.005516
0.025217 0.000051 -0.000271 -0.000188 -0.000005 -0.000113 -0.000326 -0.012438 0.027245 0.042646 0.026141 0.939058 0.911027 0.169883 0.179127 0.360390 -0.077376 -1.859295 -0.206898 -0.008824 -0.088540 -0.061694 0.236935 -0.043718 -0.057379 0.065384 0.308347 -0.124811 -0.419799 0.067673 -0.244636 -0.360289 -0.330297 -0.090378 0.558504 0.000265 -0.003231 0.006362 0.005163 0.046587 -0.063471 -0.183252 -0.144134 -0.471976 -0.108332 -0.650687 -0.192216 -0.113181 -0.056890 -0.000136 -0.000222 -0.000103 -0.919980 -0.026932 0.059820 -0.150985 0.018021 0.013859
0.001575 -0.119416 -0.016740 -0.290148 -0.008686 -0.014674 -0.023546 -0.008486 0.062644 0.010443 0.012224 0.013063 1.346226 0.075077 0.066565 0.285121 -0.239723 -1.026086 -0.176773 0.010408 -0.030726 0.064830 0.269484 0.062250 0.049564 0.075143 0.170396 -0.075143 -0.329116 -0.165526 -0.443798 -0.423418 -0.296376 0.126803 0.553420 0.736417 -0.008677 -0.022579 -0.015731 -0.077091 -0.137760 -0.089467 -0.013963 -0.120598 -0.014094 0.063018 -0.315893 -0.242121 -0.614001 -0.008109 -0.006078 -0.006984 -0.779865 -0.000466 -0.000692 -0.002137 -0.001338 0.000222
0.002101 0.073825 -0.074223 0.024923 -0.213693 -0.036300 -0.049153 -0.002658 0.015036 0.037891 0.020620 0.004443 0.470811 0.018045 -0.061908 0.082595 0.079518 -0.021816 0.007467 0.004557 0.357279 0.391812 0.323029 0.021062 0.006854 0.006786 0.090213 -0.087345 -0.375330 -0.329889 -0.594244 -0.547878 -0.241842 0.090788 0.117656 0.998919 -0.018912 -0.080431 -0.046860 -0.234293 -0.158167 -0.017192 0.209050 0.016439 0.013731 0.007460 -0.194004 -0.187552 -0.514058 -0.261593 -0.032846 -0.106015 -0.441045 -9999.000000 -9999.000000 -9999.000000 -9999.000000 -0.000222
0.001577 0.235108 -0.166596 0.009801 -0.138635 0.056646 -0.003880 -0.000763 0.000877 0.013491 0.008906 0.012573 0.023739 0.021514 0.044630 0.001884 0.001265 0.000349 0.000103 0.000222 0.032670 0.038111 0.019978 0.000000 0.000000 0.000000 0.007556 0.023649 -0.229698 -0.394398 -0.789893 -0.719322 -0.234930 0.000042 0.001315 0.221853 0.020864 -0.007175 -0.044513 0.003528 0.368967 0.271957 0.038036 0.026393 0.004814 0.003157 -0.040138 0.015360 -0.359403 -0.174148 -9999.000000 -9999.000000 -9999.000000 -9999.000000 -9999.000000 -9999.000000 -9999.000000 -9999.000000
0.000067 0.378998 -0.194787 0.083975 -0.075645 0.035522 0.001894 -0.000024 -0.000108 0.000000 0.007360 0.013309 0.001264 0.002451 0.014697 0.001093 -0.001205 -0.000326 -0.000103 -0.000222 0.029965 0.122356 -0.090586 -0.121797 0.007731 -0.005558 0.000000 0.000000 -0.007741 -0.546299 -0.661615 -0.623050 -0.252333 0.020031 0.000238 0.002691 0.003976 -0.006006 -0.028916 0.002982 0.022070 0.006993 0.033470 0.012902 0.021079 0.014126 0.031261 0.001322 0.000070 -9999.000000 -9999.000000 -9999.000000 -9999.000000 -9999.000000 -9999.000000 -9999.000000 -9999.000000 -9999.000000
-0.000464 0.573446 0.273236 0.001721 0.000080 0.000000 -0.000026 -0.000254 -0.001355 -0.015186 -0.002945 0.007975 0.000865 0.000064 0.000000 -0.000503 0.001267 -0.086151 -0.019161 -0.003946 0.321110 0.179089 -0.274394 -0.343529 0.009419 -0.098270 -0.015095 -0.022171 -0.246801 -0.972511 -1.352710 -0.606462 0.007356 0.043211 -0.104788 -0.001118 0.006528 -0.002280 -0.005330 0.000095 0.000353 0.000639 0.013122 0.002143 0.010552 0.007510 0.000760 -9999.000000 -9999.000000 -9999.000000 -9999.000000 -9999.000000 -9999.000000 -9999.000000 -9999.000000 -9999.000000 -9999.000000 -9999.000000
-0.011591 0.000222 0.000103 0.003538 -0.000660 -0.008326 -0.136522 -0.006477 -0.013076 -0.077291 -0.001554 0.000396 -0.001174 -0.002393 -0.010042 -0.001304 -0.010201 -0.115438 -0.035493 -0.026214 0.126931 0.086119 -0.168670 0.000360 0.000360 -0.047573 0.000222 -0.013613 -0.336326 -1.013050 -0.668184 -0.496221 -0.005878 0.043963 0.056628 -0.008950 0.010305 0.004488 -0.017192 -0.000261 0.000486 0.000766 0.000100 0.001735 0.000569 0.000393 -9999.000000 -9999.000000 -9999.000000 -9999.000000 -9999.000000 -9999.000000 -9999.000000 -9999.000000 -9999.000000 -9999.000000 -9999.000000 -9999.000000
-0.316695 -0.000222 -0.000103 0.098063 0.057147 0.095085 -0.737442 -0.002982 -0.002853 0.000140 0.000095 -0.000693 -0.001518 -0.040910 -0.058225 -0.019242 -0.036510 -0.065367 -0.035193 -0.004345 0.004258 0.094590 -0.047661 -0.000360 -0.000360 -0.059966 -0.000222 -0.006407 -0.484294 -0.737685 -0.705587 -0.503820 -0.155605 -0.027838 0.097356 0.004252 0.013925 0.009492 -0.058032 -0.001032 0.000194 0.000051 -0.000346 -0.000242 -0.000247 -0.000331 -9999.000000 -9999.000000 -9999.000000 -9999.000000 -9999.000000 -9999.000000 -9999.000000 -9999.000000 -9999.000000 -9999.000000 -9999.000000 -9999.000000
0.009388 -0.005520 -0.032745 0.084733 0.075535 0.327622 -0.813497 -0.001273 -0.000564 -0.000172 -0.000411 -0.015488 -0.009548 -0.164415 -0.021531 -0.023363 -0.039241 -0.057755 -0.025061 -0.001057 0.000222 0.000129 -0.023840 -0.029898 -0.108276 -0.512014 -0.355446 -0.286711 -0.508525 -0.750801 -0.681324 -0.490048 -0.088464 -0.014453 0.058781 0.001572 0.013868 0.011682 -0.006300 0.000194 -0.000494 -0.000445 -0.000304 -0.000591 -0.000554 -9999.000000 -9999.000000 -9999.000000 -9999.000000 -9999.000000 -9999.000000 -9999.000000 -9999.000000 -9999.000000 -9999.000000 -9999.000000 -9999.000000 -9999.000000
0.304451 0.102768 0.058434 0.071102 0.039256 0.304175 -0.225567 0.086140 -0.012331 -0.008604 -0.006517 -0.188235 -0.134418 -0.068184 -0.010764 -0.018453 -0.021761 -0.273212 -0.115604 -0.018996 -0.000222 -0.000104 -0.004355 -0.549801 -0.206175 -0.193839 -0.195807 -0.210041 -0.879553 -1.577248 -0.616750 -0.464802 -0.011754 0.210423 0.142242 -0.002093 0.000001 0.000016 0.000192 0.000071 -0.000517 -0.000386 -0.000530 -0.001308 -0.006225 -9999.000000 -9999.000000 -9999.000000 -9999.000000 -9999.000000 -9999.000000 -9999.000000 -9999.000000 -9999.000000 -9999.000000 -9999.000000 -9999.000000 -9999.000000
0.351268 0.144228 -0.051675 -0.096738 -0.169811 0.227391 0.792413 0.255701 -0.109321 -0.058826 -0.087476 -0.110489 -0.070659 -0.000172 -0.004908 -0.119144 -0.250359 -0.290904 0.029031 -0.114661 -0.014808 -0.026118 -0.427462 -0.566542 -0.204986 -0.019017 -0.081153 -0.164485 -0.769749 -1.561833 -0.593983 -0.524457 0.059495 0.300804 0.313479 0.280412 -0.027968 -0.031119 -0.000521 -0.002208 -0.026792 -0.011463 -0.019739 -0.010871 -0.012124 -9999.000000 -9999.000000 -9999.000000 -9999.000000 -9999.000000 -9999.000000 -9999.000000 -9999.000000 -9999.000000 -9999.000000 -9999.000000 -9999.000000 -9999.000000
0.215794 0.140461 -0.160510 -0.252845 -0.411466 0.255220 1.558110 0.522911 0.986017 -0.206002 -0.037466 -0.071201 -0.026649 -0.000518 -0.175224 -0.201862 -0.208730 -0.162367 0.162756 0.160089 -0.920477 -0.384017 -0.421727 -0.196412 -0.033678 0.152397 0.088721 -0.106747 -0.643759 -1.370825 -1.173321 -0.483762 0.012609 0.000580 0.358924 0.262472 -0.199272 0.235945 -0.021677 -0.013326 -0.053303 -0.043929 -0.020187 -0.035623 -0.011154 -9999.000000 -9999.000000 -9999.000000 -9999.000000 -9999.000000 -9999.000000 -9999.000000 -9999.000000 -9999.000000 -9999.000000 -9999.000000 -9999.000000 -9999.000000
0.595062 0.561469 0.164511 0.018697 -0.286668 0.700034 1.151802 0.108667 1.371481 0.901289 -0.027433 -0.040360 -0.039374 -0.057658 -0.164561 -0.247963 -0.238865 -0.063633 0.234801 0.347395 -0.920933 -0.962280 -0.321668 -0.002135 0.001476 0.461125 0.423911 0.072380 -0.400211 -1.453393 -1.047223 -0.745317 -0.000000 -0.000002 0.002810 0.269350 0.152893 0.371614 -0.006337 -0.027047 -0.023430 -0.008436 -0.003728 -0.056173 -0.028823 0.000000 -9999.000000 -9999.000000 -9999.000000 -9999.000000 -9999.000000 -9999.000000 -9999.000000 -9999.000000 -9999.000000 -9999.000000 -9999.000000 -9999.000000
0.947853 0.946814 0.072581 -0.005707 0.001219 0.017304 0.019076 0.004336 0.317799 1.092144 0.595995 0.196533 -0.053822 -0.073131 -0.164952 -0.395071 -0.230048 -0.061123 0.210731 0.383415 -0.590511 -0.298101 -0.292410 -0.001145 0.001630 0.021188 0.039167 0.010208 -0.006935 -1.074926 -1.086588 -1.273283 0.012140 0.015814 0.006011 0.012772 0.016656 0.358738 0.125361 0.042914 -0.007415 -0.029906 -0.005891 -0.070408 -0.061169 -0.003663 -9999.000000 -9999.000000 -9999.000000 -9999.000000 -9999.000000 -9999.000000 -9999.000000 -9999.000000 -9999.000000 -9999.000000 -9999.000000 -9999.000000
1.336895 1.257001 1.014315 0.006327 -0.000164 0.000233 0.009733 0.000798 0.007390 0.446440 0.494461 0.392072 0.117466 -0.069920 -0.163376 -0.244533 -0.092047 -0.059005 0.108629 0.452844 -0.335962 -0.105097 -0.136705 -0.000569 -0.000161 0.001339 0.006938 0.012855 -0.006546 -1.120995 -1.164506 -0.908835 0.007460 0.021791 0.008166 0.016634 0.026784 0.037649 0.045690 0.070363 0.014230 -0.113838 -0.096909 -0.021795 -0.022585 -0.032837 0.000000 -9999.000000 -9999.000000 -9999.000000 -9999.000000 -9999.000000 -9999.000000 -9999.000000 -9999.000000 -9999.000000 -9999.000000 -9999.000000
0.247623 1.151232 0.922394 0.715093 0.820855 -0.000109 0.000016 0.000389 0.000550 0.009378 0.025356 0.422986 0.213732 -0.115841 -0.264321 -0.148173 -0.000365 -0.098103 -0.030234 0.321059 -0.216401 -0.055565 -0.047616 -0.000261 -0.000183 0.000632 0.000372 0.000344 -0.002350 -1.188312 -1.306056 -0.790377 -0.001390 0.003267 0.005287 0.008943 0.020188 0.038534 0.044822 0.136591 0.115903 0.065658 0.027150 0.008549 -0.138826 -0.005495 -0.003663 -9999.000000 -9999.000000 -9999.000000 -9999.000000 -9999.000000 -9999.000000 -9999.000000 -9999.000000 -9999.000000 -9999.000000 -9999.000000
0.000622 0.172937 0.847311 0.810859 1.273805 -0.018135 -0.008829 -0.000826 -0.000543 -0.000020 0.005527 0.007009 0.056780 -0.071683 -0.150474 -0.047986 -0.000314 -0.212987 -0.045182 0.119994 0.009909 0.006824 0.001018 0.000269 -0.000225 0.000458 0.000206 0.000037 -0.000856 -1.346701 -1.556934 -0.892084 0.000411 -0.000086 -0.002717 0.005348 0.000000 0.031677 0.023519 0.006749 0.009792 0.007269 0.136461 0.018976 -0.169415 -0.002732 -0.006945 -9999.000000 -9999.000000 -9999.000000 -9999.000000 -9999.000000 -9999.000000 -9999.000000 -9999.000000 -9999.000000 -9999.000000 -9999.000000
