use_cases/Flooding_chicago/flooding_data/output/hUy_240.asc
ncols 337
nrows 393
xllcorner 428428.000000
yllcorner 4602440.000000
cellsize 26.757400
NODATA_value -9999.000000
[rows 130 to 155 of 393, columns 232 to 289 of 337]
0.001395 0.000105 -0.000514 -0.001493 0.000000 -0.000072 0.009237 0.031529 0.018292 0.016843 0.027808 0.047866 0.172936 0.396970 0.114563 0.130401 0.060747 0.040445 0.052737 0.062355 0.071084 0.065393 0.083420 0.062254 0.026219 0.050841 0.014141 0.023287 0.001308 0.001308 0.258928 0.176781 0.126860 0.000201 -0.000620 -0.021850 -0.004930 0.003830 0.001625 0.012936 0.025767 0.180254 0.591147 -0.000131 -0.000431 -0.047186 0.004301 0.131995 0.016748 0.000972 0.006571 0.001072 -9999.000000 -9999.000000 -9999.000000 -9999.000000 -9999.000000 -9999.000000
0.005806 -0.001390 -0.018121 -0.026859 -0.006413 -0.000796 0.000586 0.000717 0.000375 0.000311 0.007752 0.178234 0.152237 0.163290 0.132519 0.090882 0.022797 0.108302 0.105841 0.127697 0.144927 0.053726 0.040151 0.061109 0.004517 0.007474 0.006796 0.014572 0.001855 0.001855 0.045289 0.032084 0.039767 0.002311 0.038690 -0.163890 -0.003176 0.005186 0.000346 0.006076 0.003273 0.066793 1.077941 -0.007016 -0.006482 0.000203 0.000740 0.032741 0.009321 0.000360 0.000360 0.000297 -9999.000000 -9999.000000 -9999.000000 -9999.000000 -9999.000000 -9999.000000
-0.003455 -0.008601 -0.049605 -0.056448 -0.014787 -0.011389 -0.001519 -0.000936 -0.000416 0.000373 0.000514 0.204881 0.038874 0.036366 0.048178 0.084525 0.090639 0.021996 0.076957 0.095312 0.064996 0.077078 0.028438 0.058840 0.040060 0.000084 0.000138 0.000130 0.000360 0.000360 0.018641 0.018983 0.028481 0.001629 0.046693 -0.105895 -0.000907 0.000180 -0.000180 0.000094 0.000110 0.013933 0.602175 -0.041114 -0.017474 -0.000103 0.000067 0.000866 0.001069 -0.000360 -0.000360 -0.000913 -9999.000000 -9999.000000 -9999.000000 -9999.000000 -9999.000000 -9999.000000
-0.006266 -0.005513 -0.050593 -0.119247 -0.025678 -0.032381 -0.005412 -0.002541 -0.006970 -0.001130 0.002872 0.128081 0.071503 0.011536 0.001379 0.052368 0.084295 0.028773 0.032438 0.049543 0.050394 0.093235 0.020367 0.024903 0.044128 -0.000084 -0.000138 -0.000130 -0.000360 -0.000360 0.000820 0.008551 0.010910 0.015266 0.132061 -0.104583 -0.000443 -0.000346 -0.012317 -0.000869 -0.000177 0.007457 0.349443 0.114905 -0.023986 -0.012089 -0.000370 0.000446 0.001539 -0.001615 -0.007507 -0.005196 0.001125 -9999.000000 -9999.000000 -9999.000000 -9999.000000 -9999.000000
-0.022416 -0.010055 -0.101882 -0.278209 -0.031878 -0.008700 -0.001716 -0.000119 -0.004492 -0.001782 0.003131 0.153839 0.018093 0.039977 0.005126 0.109892 0.035494 0.022299 0.017915 0.013891 0.040005 0.084012 0.013209 0.005282 0.019380 0.010254 -0.000768 -0.002355 -0.012657 -0.013731 -0.000197 0.000222 0.000136 0.007514 0.006417 -0.059188 -0.060671 -0.035166 -0.034414 -0.057433 -0.004722 0.029984 0.129959 0.111907 0.036650 0.000698 0.000430 0.000731 0.000337 -0.000516 -0.087940 -0.013506 -0.001582 -9999.000000 -9999.000000 -9999.000000 -9999.000000 -9999.000000
-0.039463 -0.125441 -0.052571 -0.866936 -0.002240 -0.000812 0.000555 0.000396 -0.002627 -0.000546 0.005077 0.027460 0.028002 0.087622 0.024069 0.042940 0.031235 0.017662 0.011954 0.011334 0.031050 0.027168 0.004212 0.000232 0.000003 -0.000054 -0.004038 -0.004196 -0.046053 -0.029891 -0.000261 -0.000222 -0.000105 0.000087 0.000257 0.000221 -0.049575 -0.079410 0.383207 0.508887 0.055862 0.058766 0.018710 0.019531 0.016951 0.027239 0.000323 0.000167 0.000158 0.000222 0.000005 -0.004509 -0.002390 0.000305 -9999.000000 -9999.000000 -9999.000000 -9999.000000
-0.237698 -0.106787 -0.076285 -0.113763 -0.000000 -0.000013 -0.000401 -0.000330 -0.002871 -0.000153 0.000149 0.017775 0.004350 0.032688 0.012763 0.015282 0.020206 0.007163 0.000766 0.010497 0.001107 0.000449 0.000018 -0.000100 -0.006486 -0.048091 -0.085032 -0.049468 -0.143830 -0.008992 -0.009157 -0.008468 -0.013560 -0.000869 -0.000064 0.000033 -0.007795 -0.006953 0.112289 0.192899 0.015703 0.020462 0.000333 0.000265 0.000775 0.010046 0.000220 -0.000025 -0.000301 -0.000222 -0.000446 -0.006046 -0.036720 -0.003197 -9999.000000 -9999.000000 -9999.000000 -9999.000000
0.000034 -0.078748 -0.067444 -0.069209 -0.008543 -0.016520 -0.005041 -0.012459 -0.024075 -0.022335 -0.001581 -0.008644 0.002078 0.009584 0.000501 0.000348 0.000107 -0.000001 -0.000090 0.000000 -0.000792 -0.000592 -0.007394 -0.006267 -0.022910 -0.118843 -0.159633 -0.039706 -0.000163 -0.005729 -0.007214 -0.029775 -0.035940 -0.000798 -0.000507 -0.000186 -0.001994 -0.014971 0.001715 0.019640 0.000804 0.000060 -0.000309 -0.000092 -0.000311 -0.000044 -0.000563 -0.000369 -0.001312 -0.013416 -0.001310 -0.003057 -0.066941 -0.018474 -9999.000000 -9999.000000 -9999.000000 -9999.000000
-0.013168 -0.111432 -0.130388 -0.096478 -0.019275 -0.020131 -0.012955 -0.044264 -0.049927 -0.068302 -0.051294 -0.008174 0.001729 0.002114 -0.000457 -0.000316 -0.000244 -0.009592 -0.007958 -0.014352 -0.013373 -0.008663 -0.018604 -0.022822 -0.026875 -0.234936 -0.162570 -0.004891 -0.000815 -0.002870 -0.015844 -0.110465 -0.029945 -0.017579 -0.013256 -0.001335 -0.001079 -0.043493 0.000047 0.000231 -0.000555 -0.001402 -0.039135 -0.000264 -0.000553 -0.011727 -0.002087 -0.013995 -0.015724 -0.031042 -0.011708 -0.015206 -0.069882 -0.043742 -0.004472 -9999.000000 -9999.000000 -9999.000000
-0.030964 -0.144447 -0.171721 -0.105990 -0.014844 -0.085864 -0.067450 -0.163921 -0.218259 -0.060728 0.018737 0.013135 0.005052 0.002637 0.020348 0.160741 0.025722 -0.020481 -0.017581 -0.030929 -0.025175 -0.019093 -0.025886 -0.044606 -0.248357 -0.120796 -0.058478 0.000863 0.004850 0.010641 -0.082394 -0.034200 -0.053968 -0.104983 -0.048611 -0.014060 0.143326 -0.013517 -0.000308 -0.000505 -0.001145 -0.008785 -0.328479 -0.018713 -0.010793 -0.029727 -0.014873 -0.035145 -0.014538 -0.048636 -0.031501 -0.023847 -0.072017 -0.037273 0.004574 -9999.000000 -9999.000000 -9999.000000
-0.033018 -0.217993 -0.087971 -0.025560 0.121896 0.853470 1.197871 0.559600 0.899984 0.161294 0.311650 0.077037 0.010652 0.036958 0.037445 0.008081 0.036423 -0.091452 -0.029751 -0.006799 -0.006078 -0.036404 -0.002621 -0.004769 -0.270962 -0.056558 -0.018030 0.038939 0.034875 0.063450 0.067411 0.066628 -0.011616 -0.026757 -0.063350 -0.069985 0.302791 0.238989 0.070090 0.029143 0.031723 0.012715 0.326072 -0.643723 0.003921 -0.019545 -0.122826 -0.010187 -0.023344 -0.071842 -0.047450 -0.027479 -0.055670 -0.007350 0.053123 -9999.000000 -9999.000000 -9999.000000
-0.306900 -0.080626 -0.023829 -0.037260 0.023031 0.041939 0.020889 0.030416 0.064275 0.134780 0.124412 0.102748 0.058795 0.032531 0.027953 0.011868 0.001309 0.088381 -0.107514 -0.013993 -0.013909 -0.055736 -0.004197 -0.000129 -0.301906 -0.266543 0.001127 0.014319 0.007192 0.009882 0.009888 0.007228 -0.002624 -0.001769 0.106112 0.067159 0.537500 0.581766 0.022802 0.011127 0.017361 0.020998 0.792235 0.041311 0.043234 -0.003019 0.000200 0.000222 -0.019908 -0.082769 -0.031083 -0.052112 -0.010910 0.017216 0.032398 -9999.000000 -9999.000000 -9999.000000
-0.040931 -0.053708 0.011425 -0.037190 0.012722 0.022043 0.012430 0.006290 0.021891 0.101452 0.124816 0.038941 0.071080 0.028663 0.025766 0.005215 0.000782 0.009280 -0.036078 -0.081726 -0.035971 -0.073936 -0.010464 0.000584 -0.243530 0.000120 0.002676 0.003098 0.000000 0.000000 0.000000 0.000000 0.000000 0.037595 0.209253 0.087469 0.031084 0.016769 0.014922 0.005580 0.014595 0.008787 0.063581 0.025811 0.022840 -0.000023 -0.000527 -0.000222 -0.001710 0.452331 0.189893 0.314023 0.015084 0.000997 0.012321 -9999.000000 -9999.000000 -9999.000000
0.002412 0.025386 0.112598 0.085629 0.013947 0.021803 0.000014 0.000622 0.007474 0.087187 0.068138 0.028683 0.041160 0.024375 0.021289 0.001055 0.000028 0.000267 -0.006778 -0.097774 -0.151326 -0.031193 -0.005891 -0.000025 -0.166673 0.039231 0.004954 0.014331 0.025819 0.016346 0.002852 0.026821 0.085767 0.072773 0.296176 0.103870 0.038345 0.001987 0.000440 0.001074 0.000440 0.002724 0.000353 0.016247 0.001912 -0.013401 0.034757 -0.003946 0.261282 0.216883 0.100567 0.093197 0.044088 0.002235 0.001607 -9999.000000 -9999.000000 -9999.000000
0.002865 0.041365 0.063373 0.043281 0.020061 0.010961 0.000012 0.000940 0.021013 0.040394 0.010370 0.016762 0.011144 0.015763 0.015921 0.001172 -0.010966 -0.000296 -0.000011 -0.017951 -0.057011 -0.005266 -0.000838 0.001111 -0.086430 0.100367 0.028365 0.043048 0.081663 0.029536 0.009454 0.008800 0.021445 0.012346 0.141570 0.037745 0.038854 0.007169 -0.000348 -0.000743 -0.000348 -0.002497 -0.000169 0.000423 0.000841 0.080693 0.126920 0.066339 0.155326 0.084457 0.008713 0.021285 0.086940 0.004365 0.002566 -9999.000000 -9999.000000 -9999.000000
0.075346 0.071874 0.048649 0.033657 0.013302 0.001237 0.000479 0.000675 0.001231 0.000549 0.000173 0.000066 0.000160 0.000340 0.007462 0.000426 -0.043595 -0.004774 0.000663 0.017850 0.034446 0.007293 0.001507 0.000762 0.022992 0.022038 0.008027 0.009733 0.019330 0.017662 0.019753 0.000222 0.001246 0.001258 0.087807 0.025104 0.031586 0.038511 0.000330 -0.000905 -0.011506 -0.023907 -0.035479 -0.000268 0.001337 0.031411 0.033536 0.047406 0.053390 0.018488 0.004613 0.012634 0.006595 0.003147 0.000416 -9999.000000 -9999.000000 -9999.000000
0.065054 0.064401 0.018640 0.024008 0.001802 0.002763 0.001872 -0.000827 -0.001054 -0.000424 0.000005 -0.000064 -0.000137 0.000000 0.000197 0.000236 -0.031241 -0.029208 0.005573 0.070768 0.053408 0.018140 -0.000610 -0.000550 0.011629 0.000582 0.000406 0.000495 0.001191 0.026020 0.022305 -0.000222 -0.001196 0.001517 0.036402 0.017311 0.013034 0.012036 0.027005 0.000679 -0.042744 -0.189721 -0.218615 -0.006443 0.000495 0.008217 0.014546 0.020474 0.031964 0.009575 0.023847 0.001723 0.000261 0.000128 -0.000827 -9999.000000 -9999.000000 -9999.000000
0.025203 0.022407 0.001849 0.002951 0.010531 0.003463 0.008004 -0.000947 -0.001716 -0.015908 -0.001675 -0.013270 -0.007588 -0.000340 -0.000061 0.000129 -0.001917 -0.119090 -0.004120 0.149041 0.116452 0.058823 -0.031908 -0.047194 -0.004741 0.001124 0.001043 -0.000176 0.002168 0.052930 0.049326 0.016832 0.797643 0.431979 0.008980 0.008530 0.000743 0.005450 0.006472 -0.000008 -0.001699 0.213059 -0.009274 -0.011707 -0.000265 0.000023 0.000479 0.000730 0.008923 0.007437 0.009249 0.000085 -0.000122 -0.000148 -9999.000000 -9999.000000 -9999.000000 -9999.000000
0.001120 0.000750 0.001602 0.007410 0.052112 0.009676 0.011578 0.001054 0.094744 0.080152 -0.000607 -0.015052 -0.019153 -0.006951 -0.000846 0.000033 0.002482 0.011162 0.019693 0.054240 0.030564 0.012428 -0.050900 -0.045267 -0.012632 0.000445 0.001688 0.018584 0.001908 0.004724 0.007617 0.048251 0.064959 0.031177 0.000630 -0.000010 -0.000251 0.000000 0.000059 0.000045 0.005575 0.177143 0.086757 0.028914 0.005022 -0.005047 -0.000130 -0.000081 0.000000 0.000000 0.000000 -0.000413 -0.000915 -9999.000000 -9999.000000 -9999.000000 -9999.000000 -9999.000000
0.001167 -0.000661 0.001425 0.028715 0.058899 0.041103 0.045017 -0.018105 0.017328 0.038617 0.002349 -0.000655 -0.003231 -0.014775 -0.002049 -0.000214 0.003216 0.040201 0.008173 0.001900 0.000576 0.000028 -0.018875 -0.168586 -0.004847 -0.001020 0.000628 0.011931 0.004050 0.000657 0.000888 0.018022 0.006097 0.004457 -0.001027 -0.007480 -0.012083 -0.013136 -0.000744 -0.000079 0.035000 0.452479 0.306754 0.109519 0.021328 0.013090 0.001166 -0.008310 -0.005878 -0.005878 -0.001821 -9999.000000 -9999.000000 -9999.000000 -9999.000000 -9999.000000 -9999.000000 -9999.000000
-0.001490 -0.000051 0.001100 0.024575 0.032477 0.010530 0.008521 0.000488 0.000020 0.000390 -0.000008 -0.000198 -0.003542 -0.032202 -0.001040 -0.000465 0.028231 0.016969 0.001973 -0.001030 -0.000745 -0.010263 0.078963 -0.025599 0.032681 -0.000645 0.000113 -0.000000 -0.000012 -0.000305 -0.000284 -0.000012 0.006421 0.002889 -0.002156 -0.117956 -0.063127 -0.081676 -0.003783 0.052985 0.164769 0.191796 0.037614 0.057294 0.068534 0.038294 -0.004099 -0.099752 -0.007948 -0.007948 -9999.000000 -9999.000000 -9999.000000 -9999.000000 -9999.000000 -9999.000000 -9999.000000 -9999.000000
1.155777 0.002121 0.002228 0.011140 0.018152 0.007013 0.000570 -0.000058 -0.024067 -0.001295 -0.014726 -0.020109 -0.026463 -0.055998 -0.007677 -0.001141 0.014062 0.000675 -0.001556 -0.001361 -0.023748 -0.034392 0.174530 0.152827 0.131934 0.060234 -0.000623 -0.011560 -0.021772 -0.009551 -0.000814 -0.006505 0.001854 0.002353 0.078873 0.239997 0.033135 -0.011454 0.001537 0.020248 0.151480 0.012947 0.011816 0.040650 0.021813 0.013245 0.000322 0.000008 -9999.000000 -9999.000000 -9999.000000 -9999.000000 -9999.000000 -9999.000000 -9999.000000 -9999.000000 -9999.000000 -9999.000000
0.178744 0.019740 0.018662 0.018353 0.006928 0.000536 0.000300 -0.000327 -0.056267 -0.066059 -0.023320 -0.040210 -0.058908 -0.057291 -0.014721 -0.008844 -0.000301 -0.006840 -0.000596 -0.000661 -0.030652 0.030200 0.204743 0.442916 0.070182 0.080145 0.016793 -0.011937 -0.074959 -0.032570 -0.001864 -0.006383 -0.001348 0.003771 0.013172 0.094852 0.067571 0.001016 0.001367 0.000494 0.054369 0.001364 0.002397 0.024242 0.002777 0.007632 -9999.000000 -9999.000000 -9999.000000 -9999.000000 -9999.000000 -9999.000000 -9999.000000 -9999.000000 -9999.000000 -9999.000000 -9999.000000 -9999.000000
0.023234 0.023188 0.027493 0.006819 -0.000015 -0.000442 -0.000549 0.000152 -0.006749 -0.202286 -0.029108 -0.057510 -0.092062 -0.015422 -0.029561 -0.018185 -0.009217 -0.016404 -0.000478 0.002663 0.021002 0.142488 0.223791 0.014615 0.043235 0.050387 0.012887 -0.038736 -0.085519 -0.023895 -0.001553 -0.005055 -0.005773 0.000394 0.000569 0.001061 0.067364 0.000906 -0.000327 -0.000312 0.000074 0.000868 0.000450 0.001322 0.004053 0.000346 -9999.000000 -9999.000000 -9999.000000 -9999.000000 -9999.000000 -9999.000000 -9999.000000 -9999.000000 -9999.000000 -9999.000000 -9999.000000 -9999.000000
0.108444 0.012729 0.027277 -0.000169 -0.010110 -0.011801 -0.007995 0.000254 0.014986 -0.206452 -0.198782 -0.056752 -0.110428 -0.018234 -0.037923 -0.022240 -0.019259 -0.001174 0.005876 0.035652 0.108905 0.060565 0.008113 0.000889 0.002200 0.000360 0.000360 0.057939 0.018957 -0.002376 -0.001307 -0.004794 -0.007376 -0.000331 -0.000247 0.003875 0.129210 0.001324 -0.001158 -0.010634 -0.088607 -0.000080 0.000118 0.000277 0.000180 -0.000180 -9999.000000 -9999.000000 -9999.000000 -9999.000000 -9999.000000 -9999.000000 -9999.000000 -9999.000000 -9999.000000 -9999.000000 -9999.000000 -9999.000000
0.092940 0.006792 0.013963 -0.000422 -0.045215 -0.040295 -0.033447 0.000078 0.011045 -0.100558 -0.104293 -0.172581 -0.171517 -0.033009 -0.067036 -0.112017 -0.003747 0.003314 0.049944 0.056948 0.030003 0.089125 -0.000017 -0.000356 -0.000579 -0.000360 -0.000360 0.039582 0.112107 0.000099 0.000239 0.002601 0.686968 0.005282 -0.000554 0.027213 0.031774 0.002286 -0.001501 -0.026771 -0.233977 0.000043 0.000406 -0.000063 -0.000346 -9999.000000 -9999.000000 -9999.000000 -9999.000000 -9999.000000 -9999.000000 -9999.000000 -9999.000000 -9999.000000 -9999.000000 -9999.000000 -9999.000000 -9999.000000
