use_cases/Flooding_chicago/flooding_data/output/hUy_3120.asc
ncols 337
nrows 393
xllcorner 428428.000000
yllcorner 4602440.000000
cellsize 26.757400
NODATA_value -9999.000000
[rows 260 to 285 of 393, columns 58 to 115 of 337]
0.547929 0.418279 0.501219 0.006763 0.018862 0.056220 0.488458 0.356779 1.502150 0.826878 0.033456 0.018027 0.010607 0.010034 0.773064 0.507946 0.007516 0.000135 -0.000484 -0.050651 -0.008872 -0.005770 -0.000519 0.000004 0.005272 0.028895 -0.004131 -0.012025 0.137967 -0.072806 0.272591 0.480943 2.041783 3.401320 3.150975 1.971136 1.912709 1.434737 1.564172 1.431185 1.437730 1.412331 1.163703 1.196512 0.849055 0.928784 0.180073 -0.013907 0.253165 0.360410 0.186509 0.004691 0.368460 0.578023 0.379880 0.029384 0.030413 0.080988
0.123809 0.037335 0.029896 0.013660 0.015085 0.028366 0.266961 0.051921 0.079838 0.085179 0.016537 0.005982 0.000326 0.000229 0.406099 0.444350 0.000051 -0.001455 -0.021373 -0.019841 -0.036351 -0.021654 -0.011860 -0.000689 0.000080 0.006974 -0.002729 0.000222 0.417710 0.112466 0.308982 0.686951 2.173514 3.274115 2.095970 1.806346 1.798184 0.846162 0.868347 0.824393 0.785975 1.341498 1.148014 1.186365 1.298919 0.892012 0.576239 -0.036781 0.411301 0.336348 0.264167 0.001227 0.321300 0.471660 0.265936 -0.016788 -0.016209 -0.011333
0.189939 0.070950 0.050921 0.052174 0.034796 0.068067 0.111236 0.035219 0.019553 0.033147 0.005331 -0.000003 -0.000208 -0.000107 0.466842 0.551155 -0.001233 -0.016048 -0.050044 -0.005944 -0.055918 -0.029123 -0.054938 -0.005691 -0.000381 0.000121 -0.000859 0.336721 0.789159 0.182470 0.341160 1.140115 2.925095 3.178445 1.917964 1.399627 1.389341 0.378892 0.793273 0.762377 0.663796 1.143386 1.086560 1.149213 1.408522 0.905736 0.603720 0.237281 0.506280 0.438539 0.288820 -0.027612 0.321706 0.428731 0.261727 -0.016196 0.042641 -0.016051
0.094401 0.135651 0.118507 0.031826 0.088412 0.133158 0.085894 0.017939 0.035885 0.008680 0.014512 0.014826 0.002712 -0.031282 0.488903 0.891637 0.089755 -0.082709 -0.096957 0.016744 -0.062945 -0.055093 -0.101323 -0.103732 -0.038961 -0.003000 -0.022024 1.059650 0.845145 0.268855 1.106822 1.724313 3.001137 3.169797 1.951534 0.477781 0.540221 0.003635 0.434201 0.748473 0.563811 1.056693 1.137449 1.214112 1.527663 1.263923 0.824355 0.306835 0.623897 0.769723 0.442281 0.174336 0.708595 0.451102 0.171859 -0.009106 0.085445 0.053959
0.178396 0.257003 0.009202 0.007457 0.009316 0.020702 0.197521 0.035686 0.048248 0.030057 0.014042 0.029685 0.011012 0.050292 0.351674 0.900121 0.256732 -0.023118 0.073872 0.074990 0.074618 0.102408 -0.011884 -0.186953 -0.107623 -0.022445 0.207062 1.687677 0.939586 0.489658 1.269203 1.844510 2.780135 2.918692 1.299200 0.380329 0.565467 0.004899 0.006874 0.565460 0.635043 0.980451 0.886235 0.865985 1.433010 1.527770 0.802960 0.492082 0.745386 0.909219 0.472804 0.342114 0.434849 0.578459 0.201299 0.128735 0.189861 0.215075
0.110153 0.328788 0.000111 0.000219 0.000977 0.009271 0.091754 0.065516 0.094193 0.007823 0.005030 0.076442 0.040078 0.283695 0.411923 0.857273 0.072338 0.004579 0.008197 0.004669 0.011897 0.012154 -0.008075 -0.091459 -0.139599 0.117995 0.726313 2.016596 1.164234 0.428765 1.493250 1.606755 1.785923 1.850707 0.463446 0.369219 0.590365 0.684354 0.004953 0.016994 0.016496 0.523972 1.041319 0.896346 1.352994 1.535232 1.347384 0.504710 0.626383 0.782232 0.683772 0.437101 0.525506 0.462383 0.263780 0.003149 0.003985 0.004978
0.010913 0.435203 -0.000089 -0.000031 0.001899 0.003137 0.020896 0.141114 0.034735 0.001110 0.010022 0.016002 0.105925 0.115060 0.229438 0.163582 0.026826 0.012802 0.000190 0.000077 0.000000 0.004467 0.000156 0.049553 -0.113737 0.719442 0.757469 0.906432 1.061332 0.381597 1.856833 2.186501 1.706229 1.793470 0.002532 0.008372 0.566591 0.900405 0.009038 0.000000 0.000000 0.560707 0.605614 0.430574 1.083512 1.357328 1.524832 0.577987 0.615787 0.753736 0.788164 0.840655 0.921313 0.970176 0.430792 0.003974 0.001013 0.002102
0.010005 0.394383 0.198878 0.000578 0.002275 0.006603 0.010865 0.037421 0.030232 0.001837 0.004422 0.003426 0.038567 0.003426 0.300729 0.026911 0.053773 0.029676 -0.000036 -0.000542 -0.007444 -0.000259 -0.000108 0.251985 0.267157 0.432788 0.044775 0.515628 0.796392 0.234855 1.990868 2.038785 2.078994 2.339891 0.234691 0.021146 0.030965 1.087104 0.029795 0.000396 -0.022794 0.604253 0.556209 0.371044 0.428807 0.828560 0.933214 0.560275 0.509685 0.800621 0.871036 1.039121 1.223744 1.648997 0.837098 0.068839 -0.030646 0.028662
0.010386 0.078258 0.189707 0.003484 0.001641 0.006848 0.001323 0.000992 0.000460 0.000018 0.003794 0.004918 0.012744 0.002478 0.283618 0.049236 0.068366 0.051917 -0.000442 -0.005361 -0.016928 -0.008578 0.137984 0.473329 0.428244 0.016598 0.018565 0.050245 0.568965 0.075035 1.792967 2.087960 2.013875 2.254910 0.608962 0.028728 0.058587 1.015128 0.248440 0.002287 0.175793 0.630751 0.534061 0.023391 0.392590 0.316657 0.827431 0.548080 0.189231 0.556353 0.653138 1.155587 1.150377 1.851467 0.777427 0.175258 0.034469 0.122154
0.047557 0.006265 0.149474 0.002944 0.000421 0.000803 0.000851 -0.000651 -0.000562 -0.026273 -0.003797 0.000360 0.000360 0.001138 0.077425 0.060430 0.143751 0.162362 -0.094009 -0.008368 -0.026481 -0.031609 0.344062 0.421035 0.200807 0.012493 0.017299 0.034306 0.038065 -0.300304 1.691252 2.154394 1.461231 2.270413 0.968327 0.254083 0.557352 1.022099 0.381113 0.110437 0.260198 0.711463 0.057850 0.073299 0.047703 0.275582 0.784876 0.432515 0.009059 0.439427 0.586046 1.145525 1.539738 1.899304 0.823458 0.230055 0.058153 0.148630
0.045604 0.016346 0.057360 0.009426 0.001655 0.000464 -0.000581 -0.007000 -0.015282 -0.258189 -0.001680 -0.000360 -0.000360 0.002905 0.002296 0.038760 0.144823 0.168663 0.010184 -0.111151 0.000222 0.006959 0.430124 0.223158 0.012385 0.005903 0.012681 0.020021 0.019546 -0.380417 1.496691 2.083116 1.302788 2.044370 1.489116 0.299861 0.705472 1.180766 0.610437 0.102975 0.259022 0.062705 0.119482 0.122436 0.086987 0.348021 0.718618 0.376476 -0.164631 0.306391 0.461069 1.108647 1.744619 2.420315 0.920721 0.305700 0.079898 0.187233
0.014163 0.005204 0.004683 0.004307 0.003446 -0.000153 -0.000498 -0.002546 -0.031782 -0.253988 -0.007673 -0.001921 -0.004446 -0.001975 0.000387 0.021683 0.119943 0.119618 0.006989 -0.040686 -0.000222 0.000134 0.413007 0.007842 0.000510 0.001524 0.000816 0.007046 0.022529 -0.248278 1.000983 1.873243 1.433422 1.774392 1.681896 0.627064 0.957304 1.392676 0.848118 0.136833 0.014152 0.000000 0.174383 0.170143 0.137180 0.120494 0.117186 0.060144 -0.168644 0.447306 0.589331 1.400446 1.982698 2.231096 1.226889 0.518150 0.183536 0.262635
0.000222 0.003258 0.000467 -0.001069 -0.004178 -0.000740 -0.000829 -0.000890 -0.056558 -0.227338 -0.007267 -0.001561 -0.004580 -0.003984 -0.002908 0.059742 0.120642 0.089606 0.006386 -0.026585 -0.002820 0.031666 0.407514 0.024630 -0.000275 0.000471 0.000035 0.000190 0.011330 0.008066 0.059019 1.234963 1.313396 1.820218 1.730821 1.681992 1.820982 2.834579 1.165140 0.086668 0.000454 0.112528 0.179921 0.189286 0.137873 0.137306 0.141035 0.000775 0.001113 0.073714 0.140012 0.999476 1.199601 2.752720 0.975833 0.410729 0.010233 0.057807
-0.000222 -0.004600 -0.004708 -0.005292 -0.006749 -0.000882 -0.000900 -0.000623 -0.111955 -0.260669 -0.007737 -0.000564 -0.001564 -0.006586 -0.007719 0.138209 0.085689 0.117736 0.108149 -0.004038 0.008063 0.269439 0.356828 0.076031 0.125136 -0.000455 -0.000778 -0.000210 0.000280 0.000519 0.010113 0.040126 0.761948 1.496650 0.935077 1.472861 2.071049 3.306586 1.622388 0.192905 0.000649 0.164979 0.745832 0.610233 0.105562 0.100682 0.103797 0.000021 0.000234 0.001739 0.268781 1.220186 1.253574 1.880041 1.141171 0.050846 0.008187 0.000000
-0.003516 -0.003766 -0.036327 -0.030910 -0.030735 -0.028747 -0.007900 -0.001273 -0.160679 -0.292076 -0.007108 0.000395 0.001663 0.002859 0.001651 0.076461 0.087571 0.000614 0.000473 0.000016 0.034624 0.331093 0.035629 0.006646 0.009706 0.000244 -0.000929 -0.002706 -0.000433 0.000198 0.000005 0.020778 0.090655 1.378414 0.529425 1.006556 1.478666 3.592603 3.122671 1.143608 0.001624 0.240150 0.245432 0.151391 0.080807 0.072245 0.072314 -0.000766 -0.001104 0.210770 1.139231 1.789103 1.254686 1.815330 0.273366 0.000946 0.001220 0.010534
-0.002825 -0.017661 -0.023690 -0.161922 -0.179747 -0.073699 -0.084895 -0.038790 -0.235880 -0.340137 -0.004163 0.000480 -0.000342 0.001284 0.000213 0.000013 -0.000006 -0.000453 -0.000517 -0.114821 0.061796 0.056559 0.000000 0.000000 0.000000 -0.000183 -0.000376 -0.001183 -0.010007 -0.000921 0.009190 0.062699 0.072656 0.346911 0.008232 0.117905 1.643453 3.284560 3.601767 2.351631 0.196087 0.280653 0.271408 0.155116 0.003456 0.004648 0.001916 0.058747 0.085991 0.916563 1.205892 1.639859 0.976077 1.708027 0.308394 0.000658 0.000622 0.000345
-0.001851 -0.042542 -0.008594 -0.126399 -0.136536 -0.187819 -0.089794 -0.044332 -0.105603 -0.114493 0.000210 -0.001203 -0.003366 -0.002659 -0.001532 -0.058011 -0.016052 -0.002990 0.062906 -0.030916 0.035449 0.051845 -0.024256 -0.006465 -0.008877 -0.001167 0.003126 -0.014320 -0.025130 0.000226 0.006442 0.078770 0.203699 0.087955 0.005117 0.010888 0.274920 3.550933 4.344003 2.792217 0.492093 0.275093 0.258621 0.003136 0.005862 0.007699 0.002249 0.055996 0.109084 1.034073 1.293457 0.391953 0.374078 1.701703 0.342705 0.000024 -0.001300 -0.000471
-0.019468 -0.004772 -0.102020 -0.115825 -0.119191 -0.101852 -0.027552 -0.026352 -0.070697 -0.075846 -0.000673 -0.002419 -0.003310 -0.002352 -0.177965 -0.045964 -0.012224 -0.000537 0.086410 0.001168 0.014994 0.027247 -0.015316 -0.101718 -0.089178 -0.007749 0.001325 -0.018186 0.003375 0.012572 0.006918 0.048725 0.150882 0.144105 0.000360 0.000360 0.000323 2.999980 3.767430 2.612965 0.687546 0.607877 0.230909 0.003819 0.003545 0.007400 0.000346 0.050445 0.130419 1.089577 1.210936 0.746207 0.779041 1.495248 0.324794 -0.000276 0.040502 0.023829
-0.037357 -0.022826 -0.672702 -0.285251 -0.251537 -0.064266 -0.038339 -0.038407 -0.023498 -0.152466 -0.009967 -0.018229 -0.007075 -0.012582 -0.230842 -0.019922 0.000684 0.002030 0.110207 0.023593 0.009317 0.001491 0.000597 -0.046100 -0.032597 -0.002552 -0.001781 -0.008187 0.005284 0.002968 0.003431 0.001957 0.001932 0.015630 -0.000360 -0.000360 0.000091 2.167979 3.577704 3.115510 0.906052 0.645567 0.257290 0.003310 -0.001968 0.000180 -0.000180 0.000283 0.189720 0.967155 1.427649 0.920781 0.828708 1.656805 0.423469 -0.061884 0.036749 0.021542
-0.035453 -0.396537 -0.547643 -0.220444 -0.163054 -0.034711 -0.037049 -0.095276 -0.118340 -0.221060 -0.092249 -0.030733 -0.003228 -0.193640 -0.234530 -0.005194 -0.000053 0.002685 0.005575 0.005106 0.003401 0.000807 -0.000176 -0.040116 -0.037025 0.000000 -0.002134 0.043029 0.001139 -0.001541 -0.002730 -0.001741 -0.001565 0.000000 -0.009495 -0.005700 0.163355 1.979903 2.674681 2.778486 1.069760 0.775832 0.252674 0.085262 -0.001123 -0.000346 -0.021454 -0.001680 0.261061 0.807469 1.156111 0.793931 0.765100 1.619896 0.517858 0.019992 0.055976 0.039205
-0.013374 -0.331690 -0.703559 -0.219087 -0.001202 -0.019657 -0.026778 -0.032780 -0.454999 -0.089011 0.016812 0.021818 -0.001029 -0.216840 -0.199526 -0.002396 0.003132 0.001744 0.007768 0.005759 0.001685 -0.000875 -0.017854 -0.039535 -0.038404 -0.011520 -0.001050 0.001912 -0.003117 -0.003766 -0.019053 -0.079056 -0.078493 -0.003663 -0.021064 -0.341648 0.410354 2.504565 2.775757 3.148923 1.502238 1.076747 0.750520 0.496676 -0.011704 -0.006049 -0.122222 0.047942 0.229415 0.746101 1.107155 0.632796 0.802580 1.677968 0.507847 0.067103 0.075648 0.063052
-0.006797 -0.360105 -0.929125 -0.000115 -0.002163 -0.010348 -0.011431 -0.355606 -0.403309 -0.189130 0.017365 0.023815 -0.067054 -0.207821 -0.492872 0.110141 0.033903 0.002389 0.182873 0.027706 -0.000249 -0.002811 -0.026410 -0.037606 -0.031490 -0.012013 -0.007252 0.000966 0.002110 -0.000429 -0.009272 -0.142220 -0.632617 -0.425129 -0.433971 0.159474 0.401456 1.693084 1.802465 2.030305 1.481132 1.175573 0.936630 0.855341 0.302658 -0.472060 0.007903 0.084219 0.415892 1.002010 1.053562 0.632718 0.629138 1.295716 0.530536 0.129155 0.185539 0.076009
-0.003101 -0.000138 -0.762090 -0.276464 -0.195171 -0.104268 -0.144189 -0.338699 -0.361975 0.002525 0.011558 0.004637 -0.067998 -0.172401 -0.033361 0.006087 0.009303 0.000934 0.031849 -0.003879 -0.002120 -0.000130 -0.032576 -0.028976 -0.021041 -0.007820 -0.005627 0.000006 0.000551 0.002215 -0.001290 -0.050429 -0.503113 -0.137618 -0.055236 0.204742 0.399193 1.550388 1.692538 1.076687 1.382927 1.186625 1.149204 1.324983 0.631460 -0.167625 0.211965 0.276174 0.564210 0.908415 0.995800 0.670366 0.517793 1.310650 0.516115 0.217270 0.109443 0.101262
-0.001136 -0.020446 -0.958237 -1.034697 -0.804507 -0.071817 -0.084687 -1.258840 -0.164566 -0.002060 0.000393 0.000569 -0.108356 -0.152527 0.000259 0.000640 0.000787 0.001006 0.000044 -0.004512 -0.002496 -0.026089 -0.017228 0.144158 0.000473 -0.165765 -0.003110 -0.001320 -0.001707 0.001631 0.001888 0.017516 -0.355125 -0.005395 0.125248 0.221044 0.431838 1.683757 1.488962 0.958316 0.296034 0.705768 1.041173 1.413303 0.849799 -0.029128 0.342524 0.401531 0.699555 0.886385 0.951290 0.485963 0.161956 0.915899 0.681196 0.470589 0.114277 0.089611
0.003842 -0.021781 -0.568069 -0.964619 -0.440958 -0.433215 -0.421723 -1.029921 -0.011313 -0.000009 -0.000331 -0.000247 -0.132536 -0.099322 0.000185 0.000378 0.000355 -0.000318 -0.000814 -0.009856 -0.039297 -0.073910 -0.006308 0.008154 0.027617 -0.139021 -0.109819 -0.019457 -0.018721 -0.002630 0.004941 0.017278 -0.289075 0.115079 0.224306 0.150988 0.281353 1.446595 1.256348 1.220110 0.309752 0.692500 0.612271 1.082059 0.844422 0.031585 0.345653 0.488223 0.659039 0.833689 0.878458 0.459225 0.247932 0.771311 0.568069 0.475972 0.223106 0.048025
0.012704 -0.078848 -0.849819 -0.850760 -0.606619 -0.472232 -0.431914 -0.723894 0.109739 -0.005625 -0.010194 -0.000554 -0.063371 -0.294852 -0.000083 -0.000419 -0.000569 -0.000759 -0.000890 -0.018342 -0.179395 -0.011287 -0.000920 0.000326 0.007213 0.000257 -0.247863 -0.110404 -0.033965 -0.043657 -0.007787 0.053169 0.055339 0.461592 0.437527 0.027311 0.328935 1.224656 1.266785 1.278426 0.752670 0.698198 0.805413 1.038027 0.613039 0.063950 0.358337 0.468320 0.655884 0.778324 0.808115 0.421189 0.224609 0.697479 0.558518 0.519372 0.338615 0.043152
