use_cases/Flooding_chicago/flooding_data/output/hUy_2700.asc
ncols 337
nrows 393
xllcorner 428428.000000
yllcorner 4602440.000000
cellsize 26.757400
NODATA_value -9999.000000
[rows 182 to 207 of 393, columns 116 to 173 of 337]
-0.000375 -0.000239 1.068948 1.137197 0.064015 -0.008852 -0.006319 -0.000497 -0.000014 0.071881 1.406659 2.728695 1.445246 0.732346 0.460594 0.032863 0.081987 0.196648 0.091303 0.098359 0.112715 0.009716 -0.051449 -0.013504 -0.008873 -0.000518 -0.001196 -0.022568 -0.022190 -0.001359 -0.287227 -0.103936 0.000716 -0.000212 -0.000929 -0.005553 -0.000965 -0.000473 -0.001406 0.089720 0.030925 0.042103 0.036175 0.063384 0.004529 0.004188 0.002397 0.034111 -0.203404 -0.447842 -1.437116 -0.137213 0.000334 0.001111 0.001736 0.003443 0.000911 0.000215
-0.009681 -0.001073 0.841324 1.385268 0.255137 -0.022763 -0.012926 -0.006812 -0.058408 0.874909 1.594765 1.551664 0.110668 0.031532 0.001549 0.003381 0.013423 0.025241 0.163987 0.279285 0.311579 0.064902 0.020355 -0.017546 -0.020121 -0.011580 -0.005020 -0.035147 -0.027371 -0.149973 -0.270329 0.000448 -0.000182 -0.001414 -0.001644 -0.004516 -0.010008 -0.006793 -0.002247 0.052745 0.001091 0.093499 0.040199 0.004754 0.006866 0.000809 0.000717 0.000181 0.000242 -0.459002 -2.017884 -0.081090 -0.000117 0.001017 0.001354 0.002916 -0.001959 -0.001048
-0.101360 0.000482 0.697148 1.146277 0.562181 -0.124998 -0.072365 -0.104636 0.029036 1.312264 2.067099 1.090279 0.505306 0.028374 0.002622 0.005546 0.044257 0.014442 0.035985 0.037487 0.055273 0.024568 0.028044 0.007433 -0.015649 -0.018726 -0.007528 -0.051389 -0.029721 -0.362340 -0.120618 -0.001119 -0.001519 -0.000921 -0.017214 -0.013930 -0.025910 -0.004142 -0.022103 0.000251 0.001796 0.018499 0.010100 0.004809 0.000609 0.000543 0.000079 -0.000124 -0.000054 -0.144856 -1.512020 -0.730297 -0.013489 0.000000 0.000000 0.000000 -0.004058 -0.001575
-0.090049 0.017935 0.506462 0.947044 0.439994 -0.050536 -0.014877 -0.035492 0.060442 1.380691 1.727550 1.010787 0.813968 -0.062176 0.001799 0.002308 0.017443 0.003536 0.015616 0.005982 0.000326 0.034090 0.029946 0.016769 -0.001513 -0.017954 -0.009149 -0.106324 -0.142762 -0.216363 -0.163176 -0.060135 -0.011633 -0.009105 -0.037485 -0.026360 -0.052239 -0.048446 -0.018827 -0.000111 -0.000030 0.000000 0.001371 0.004082 0.000693 -0.000130 -0.000655 -0.010197 -0.000407 -0.057023 -1.386214 -0.789373 -0.135146 -0.007594 -0.018001 -0.018655 -0.002185 -0.023384
-0.003781 0.129123 0.417894 0.726146 0.311572 -0.062617 0.011254 -0.011420 0.269475 1.179741 1.990531 0.950742 1.097123 -0.028126 0.001094 0.002731 0.002102 0.002651 0.000082 -0.000003 -0.000208 0.012609 -0.090212 0.061799 0.016271 -0.004071 -0.014397 -0.154344 -0.206085 -0.214714 -0.246728 -0.114437 -0.101353 -0.023642 -0.043437 -0.017297 -0.118837 -0.064671 -0.010567 -0.028342 -0.002354 -0.026562 -0.005418 0.000168 0.000294 -0.000635 -0.011435 -0.023336 -0.054514 -0.710980 -1.128322 -0.759152 -0.575015 -0.017143 -0.045463 -0.023537 -0.018391 -0.026702
0.110866 0.271180 0.593550 0.697132 0.052823 -0.366526 0.081667 0.073152 0.930971 1.895169 2.003002 0.462643 1.440006 0.217443 0.002179 0.005246 0.002306 0.005498 -0.000643 -0.008831 -0.006900 -0.086293 -0.357443 0.073903 0.034776 -0.115349 -0.013485 -0.624414 -0.449276 -0.850415 -0.902268 -0.048884 -0.435856 -0.036960 -0.042748 -0.061036 -0.141794 -0.065954 -0.024995 -0.071830 -0.012561 -0.038394 -0.001261 -0.000142 -0.000418 -0.000770 -0.049995 -0.635679 -0.383665 -0.773720 -0.988285 -0.613751 -0.395550 -0.067287 -0.096970 -0.023888 -0.036816 -0.039698
0.194787 0.377978 0.449172 0.659036 -0.333528 -0.346231 0.011142 0.010960 0.382197 0.968274 0.951475 0.842971 0.825288 0.107709 0.001456 0.008299 0.000352 -0.002414 -0.020529 -0.084802 -0.372286 -0.284502 -0.268642 0.457924 0.074141 -0.004739 -0.058731 -0.969639 -0.284616 -0.000103 -0.001836 -0.022689 -0.032997 -0.076555 -0.096553 -0.148855 -0.174798 -0.095278 -0.122158 -0.035971 -0.037545 -0.044152 -0.008973 -0.013069 -0.006845 -0.007019 -0.956249 -0.640192 -0.179094 -0.219814 -0.647012 -0.239650 -0.461141 0.075226 0.029339 -1.605797 -0.071770 -0.111771
0.053563 0.256795 0.195337 0.756921 0.271806 0.006365 0.006364 0.006034 0.016800 0.710127 0.700796 0.756183 0.576121 0.108495 -0.000537 -0.000115 -0.003750 -0.011444 -0.017774 -0.039439 -0.453274 -0.379868 -0.322888 0.223281 0.090057 0.054925 0.224641 -0.368844 -0.655860 0.164040 -0.127162 -0.146185 -0.011670 -0.352219 -0.981588 -0.105060 -0.110161 -0.025179 -0.001239 -0.016580 -0.071602 -0.034912 -0.030372 -0.018905 -0.014095 -0.019823 -2.093757 -0.564616 0.000003 0.045037 0.090174 -0.123583 -0.495893 0.193859 0.171439 -1.365493 -0.153580 -0.109665
0.210565 0.069915 0.001001 0.001595 0.069004 0.000076 0.000208 0.000003 0.025510 0.734919 0.771466 1.048060 0.647376 0.163365 -0.000584 -0.000999 -0.003226 -0.749076 -0.279110 -0.112919 -0.414782 -0.243761 -0.118071 0.000611 0.033338 0.071852 0.299750 -0.249642 -0.477068 0.093985 -0.200896 -0.226130 -0.264153 -0.274039 -0.295877 -0.005590 -0.010608 0.019856 -0.001608 -0.006567 -0.437370 -0.508896 -0.388260 -0.165283 -0.295420 -1.020871 -1.517070 -0.302523 -0.000544 0.000104 0.000222 0.000103 -0.723020 0.046644 0.078755 -1.001021 -0.125101 -0.064300
0.432967 0.164520 0.000322 0.000864 -0.000005 -0.000113 -0.000326 -0.016819 0.027661 0.059049 0.047118 1.323490 1.225870 0.254872 0.226389 0.406706 -0.206893 -2.198735 -0.301445 0.029629 -0.267382 0.067314 0.259919 -0.032825 0.024776 0.129639 0.358679 -0.094522 -0.285193 -0.045996 -0.336282 -0.391785 -0.385744 -0.035417 0.306602 0.034854 -0.001397 0.014606 0.014557 0.100582 -0.012801 -0.212852 -0.297939 -0.587726 -0.160977 -0.889473 -0.317710 -0.196506 -0.084413 -0.000134 -0.000222 -0.000103 -1.253066 -0.099776 -0.047250 -0.375060 -0.080602 0.054427
0.180539 0.761686 -0.227306 -0.194859 -0.011363 -0.014994 -0.027238 -0.011820 0.072715 0.011438 0.014758 0.036363 1.820220 0.147685 0.156537 0.530067 -0.119955 -1.090662 -0.333974 0.069466 -0.239634 0.168476 0.354048 -0.035181 0.195449 0.226579 0.256568 -0.067131 -0.246826 -0.368615 -0.590486 -0.503872 -0.345598 0.175626 0.520881 0.810397 -0.011845 -0.028548 -0.017961 -0.067904 -0.131953 -0.106004 -0.167734 -0.243802 -0.213987 0.018961 -0.518613 -0.470671 -0.734866 -0.022132 -0.006078 -0.006984 -1.079368 -0.007377 -0.013247 -0.033481 -0.016774 0.000222
0.163040 1.099039 -0.208007 -0.226479 0.032583 -0.039426 -0.322143 -0.004092 0.015578 0.039628 0.021406 0.004613 0.646240 0.125695 0.035508 0.074453 -0.101198 -0.286764 0.010627 0.004324 0.137588 0.353630 0.381472 0.052778 0.006502 0.006505 0.250918 -0.119202 -0.352962 -0.567359 -0.783485 -0.677691 -0.198308 0.166822 0.211919 1.000996 -0.011531 -0.117815 -0.067958 -0.292341 -0.193574 -0.001637 0.094061 0.019382 0.016490 0.008162 -0.320713 -0.224832 -0.603501 -0.381796 -0.059580 -0.151851 -0.637465 -9999.000000 -9999.000000 -9999.000000 -9999.000000 -0.000222
0.119172 1.017529 -0.221991 -0.250153 -0.050978 0.001041 -0.101144 -0.001038 0.000887 0.013648 0.009012 0.012865 0.027337 0.033381 0.062975 0.001869 0.001236 0.000468 0.000103 0.000222 0.009402 0.037599 0.026218 0.000000 0.000000 0.000000 0.006886 0.036157 -0.293121 -0.607512 -1.039746 -0.913906 -0.207511 0.000059 0.001664 0.215236 0.066514 -0.015765 -0.080398 -0.088543 0.407244 0.322540 0.039339 0.026392 0.004814 0.003157 -0.087288 0.010826 -0.454742 -0.269468 -9999.000000 -9999.000000 -9999.000000 -9999.000000 -9999.000000 -9999.000000 -9999.000000 -9999.000000
0.000093 1.030363 -0.169583 -0.227493 -0.089562 0.018977 -0.028722 -0.000071 -0.000109 0.000000 0.007338 0.013247 0.001264 0.002442 0.014533 0.001059 -0.001252 -0.000367 -0.000103 -0.000222 0.023681 0.095780 -0.106295 -0.139094 0.010727 -0.005558 0.000000 0.000000 -0.056579 -0.778377 -0.880681 -0.797234 -0.241900 0.031696 0.000430 0.003823 0.003594 -0.011052 -0.049456 0.003014 0.022342 0.006993 0.033471 0.012902 0.021079 0.014126 0.039618 0.002002 0.000120 -9999.000000 -9999.000000 -9999.000000 -9999.000000 -9999.000000 -9999.000000 -9999.000000 -9999.000000 -9999.000000
-0.000684 0.336017 0.045208 0.040498 0.000129 0.000000 -0.000442 -0.000264 -0.001365 -0.015253 -0.003031 0.007910 0.000867 0.000070 0.000000 -0.000503 0.004441 -0.090036 -0.028938 -0.003946 0.318039 0.158068 -0.316909 -0.360635 0.010461 -0.115506 -0.018259 -0.031226 -0.319131 -1.263834 -1.675775 -0.800951 -0.043607 0.049332 -0.133893 -0.002074 0.005543 -0.003886 -0.009822 0.000092 0.000353 0.000639 0.013122 0.002143 0.010552 0.007510 0.000760 -9999.000000 -9999.000000 -9999.000000 -9999.000000 -9999.000000 -9999.000000 -9999.000000 -9999.000000 -9999.000000 -9999.000000 -9999.000000
0.116254 0.000222 0.000066 0.136635 -0.000561 -0.008021 -0.146581 -0.007589 -0.013117 -0.077466 -0.001582 0.000396 -0.001173 -0.002390 -0.010035 -0.001298 -0.009843 -0.123689 -0.047682 -0.029372 0.152436 0.076681 -0.202552 0.000360 0.000360 -0.061751 0.000268 -0.026301 -0.457419 -1.289263 -0.880993 -0.696340 -0.051739 -0.007111 0.010327 -0.017058 0.008556 0.001089 -0.020185 -0.000262 0.000486 0.000766 0.000100 0.001735 0.000569 0.000393 -9999.000000 -9999.000000 -9999.000000 -9999.000000 -9999.000000 -9999.000000 -9999.000000 -9999.000000 -9999.000000 -9999.000000 -9999.000000 -9999.000000
0.275234 -0.000222 -0.000269 0.157679 -0.129119 -0.046102 -0.325513 -0.004003 -0.002864 0.000140 0.000095 -0.000693 -0.001517 -0.049522 -0.071047 -0.023525 -0.043424 -0.074741 -0.045704 -0.005821 0.004248 0.108142 -0.064348 -0.000360 -0.000360 -0.075329 -0.000296 -0.018900 -0.707746 -0.934966 -0.907408 -0.679423 -0.225474 -0.051729 0.048228 -0.000531 0.012989 0.007317 -0.060792 -0.001032 0.000194 0.000051 -0.000346 -0.000242 -0.000247 -0.000331 -9999.000000 -9999.000000 -9999.000000 -9999.000000 -9999.000000 -9999.000000 -9999.000000 -9999.000000 -9999.000000 -9999.000000 -9999.000000 -9999.000000
0.207679 -0.008679 -0.057370 0.046031 -0.177317 0.074428 -0.130081 -0.001702 -0.000566 -0.000172 -0.000411 -0.015484 -0.009548 -0.201648 -0.028240 -0.030644 -0.052465 -0.071179 -0.030794 -0.001341 0.000222 0.000127 -0.034728 -0.040389 -0.200512 -0.651245 -0.109826 -0.467757 -0.749257 -0.949786 -0.871055 -0.642829 -0.139625 -0.048297 0.043870 0.001536 0.013642 0.010647 -0.007168 0.000194 -0.000494 -0.000445 -0.000304 -0.000591 -0.000554 -9999.000000 -9999.000000 -9999.000000 -9999.000000 -9999.000000 -9999.000000 -9999.000000 -9999.000000 -9999.000000 -9999.000000 -9999.000000 -9999.000000 -9999.000000
0.810709 0.178961 0.002540 -0.135644 -0.128865 0.101197 0.228543 0.379421 -0.013070 -0.008486 -0.006489 -0.225172 -0.162158 -0.096341 -0.015846 -0.027349 -0.033272 -0.500180 -0.226733 -0.021642 -0.000222 -0.000104 -0.007385 -0.481887 -0.349822 -0.455537 -0.076383 -0.267169 -1.196291 -1.839170 -0.792472 -0.603617 -0.072965 0.202479 0.146668 -0.002236 0.000001 0.000016 0.000192 0.000071 -0.000517 -0.000386 -0.000530 -0.001308 -0.006225 -9999.000000 -9999.000000 -9999.000000 -9999.000000 -9999.000000 -9999.000000 -9999.000000 -9999.000000 -9999.000000 -9999.000000 -9999.000000 -9999.000000 -9999.000000
0.852070 0.303174 0.020962 -0.207272 -0.180227 0.098181 0.956118 0.699507 -0.126385 -0.092904 -0.116722 -0.145193 -0.086833 -0.000205 -0.008509 -0.339922 -0.550796 -0.266995 0.140017 -0.046485 -0.016441 -0.030302 -0.588168 -0.652096 -0.347938 -0.313284 -0.043365 -0.135769 -1.039093 -1.814029 -0.763472 -0.662218 -0.075728 0.317357 0.324191 0.282828 -0.028761 -0.031882 -0.000521 -0.002208 -0.026792 -0.011463 -0.019740 -0.010871 -0.012124 -9999.000000 -9999.000000 -9999.000000 -9999.000000 -9999.000000 -9999.000000 -9999.000000 -9999.000000 -9999.000000 -9999.000000 -9999.000000 -9999.000000 -9999.000000
0.439134 0.231747 -0.066129 -0.405979 -0.326232 0.078292 1.723984 1.226690 1.746375 -0.156144 -0.056833 -0.094109 -0.020171 -0.001678 -0.316195 -0.424472 -0.427298 -0.108281 0.343993 0.297108 -1.247952 -0.510902 -0.585761 -0.263446 -0.096168 -0.170590 0.092901 -0.012264 -0.854734 -1.603702 -1.386333 -0.662929 0.024653 0.000580 0.363767 0.263906 -0.214086 0.233167 -0.021671 -0.013326 -0.053303 -0.043929 -0.020187 -0.035623 -0.011155 -9999.000000 -9999.000000 -9999.000000 -9999.000000 -9999.000000 -9999.000000 -9999.000000 -9999.000000 -9999.000000 -9999.000000 -9999.000000 -9999.000000 -9999.000000
0.786944 0.596153 0.197404 -0.303682 -0.188850 0.154075 1.039798 0.367467 2.264776 1.504995 0.088011 -0.064364 -0.060992 -0.119855 -0.299880 -0.466738 -0.438575 -0.020917 0.419358 0.500715 -1.195793 -1.231300 -0.483863 -0.002939 -0.000626 0.010925 0.192377 0.174143 -0.542567 -1.705588 -1.275043 -1.129666 -0.000000 -0.000002 0.002812 0.270608 0.151358 0.374069 -0.008432 -0.027126 -0.023430 -0.008437 -0.003728 -0.056173 -0.028822 0.000000 -9999.000000 -9999.000000 -9999.000000 -9999.000000 -9999.000000 -9999.000000 -9999.000000 -9999.000000 -9999.000000 -9999.000000 -9999.000000 -9999.000000
1.210690 1.179961 0.303243 -0.035072 -0.000183 0.023602 0.019076 0.004336 0.900079 1.771796 1.324584 0.448500 -0.110825 -0.149811 -0.307406 -0.679008 -0.383518 -0.038962 0.383835 0.567326 -0.721994 -0.298845 -0.656509 -0.001623 0.000339 0.028442 0.045799 0.011699 -0.104167 -1.294013 -1.401071 -1.865527 0.010406 0.016129 0.006016 0.012782 0.016663 0.360961 0.123564 0.042988 -0.007415 -0.029906 -0.005891 -0.070408 -0.061169 -0.003663 -9999.000000 -9999.000000 -9999.000000 -9999.000000 -9999.000000 -9999.000000 -9999.000000 -9999.000000 -9999.000000 -9999.000000 -9999.000000 -9999.000000
1.686261 1.592505 1.394171 0.133060 -0.000472 0.000233 0.009733 0.000798 0.007390 0.899538 0.821890 0.754882 0.230694 -0.148877 -0.307153 -0.425335 -0.150643 -0.057094 0.239624 0.690485 -0.345078 -0.028200 -0.419697 -0.000771 -0.000574 0.001337 0.006905 0.013974 -0.010173 -1.347911 -1.523885 -1.364023 0.003297 0.022162 0.008170 0.016641 0.026800 0.037673 0.045700 0.070303 0.014212 -0.113837 -0.096878 -0.021795 -0.022584 -0.032837 0.000000 -9999.000000 -9999.000000 -9999.000000 -9999.000000 -9999.000000 -9999.000000 -9999.000000 -9999.000000 -9999.000000 -9999.000000 -9999.000000
0.512649 1.461669 1.335907 1.128261 1.294159 -0.000109 0.000016 0.000389 0.000550 0.009342 0.067851 0.834917 0.465891 -0.254458 -0.482494 -0.296475 -0.000809 -0.128140 -0.003067 0.538908 -0.181926 0.072844 -0.224962 -0.000159 -0.000251 0.000632 0.000372 0.000342 -0.002980 -1.432932 -1.695838 -1.235555 -0.003584 0.003267 0.005285 0.008938 0.020198 0.038553 0.044831 0.136602 0.115886 0.065631 0.027186 0.008891 -0.139277 -0.005495 -0.003663 -9999.000000 -9999.000000 -9999.000000 -9999.000000 -9999.000000 -9999.000000 -9999.000000 -9999.000000 -9999.000000 -9999.000000 -9999.000000
0.000622 0.362926 1.325276 1.255228 1.733381 0.045775 -0.008731 -0.000826 -0.000543 -0.000020 0.005527 0.014595 0.213655 -0.148507 -0.276607 -0.128360 -0.000500 -0.339028 -0.042431 0.211009 0.045471 0.086509 -0.036105 0.000778 -0.000239 0.000459 0.000206 0.000038 -0.001023 -1.664972 -2.020415 -1.370041 0.000411 -0.000087 -0.002723 0.005338 0.000000 0.031693 0.023517 0.006749 0.009792 0.007269 0.136479 0.019321 -0.169854 -0.002732 -0.006945 -9999.000000 -9999.000000 -9999.000000 -9999.000000 -9999.000000 -9999.000000 -9999.000000 -9999.000000 -9999.000000 -9999.000000 -9999.000000
