use_cases/Flooding_chicago/flooding_data/output/hUy_600.asc
ncols 337
nrows 393
xllcorner 428428.000000
yllcorner 4602440.000000
cellsize 26.757400
NODATA_value -9999.000000
[rows 234 to 259 of 393, columns 58 to 115 of 337]
0.029024 0.025338 0.014219 0.024809 0.000621 0.000399 0.001078 0.104030 0.067644 0.000303 0.000414 0.000000 0.000000 -0.000309 -0.000013 -0.008906 -0.003245 -0.044039 -0.136532 -0.091763 -0.012420 -0.016174 -0.007820 -0.002126 -0.001001 -0.010659 -0.007087 -0.009837 -0.000639 -0.001920 -0.011635 -0.109847 -0.150238 -0.011889 -0.002487 -0.021090 0.231581 0.030880 -0.048957 0.004790 0.016807 0.150542 0.001050 0.000504 0.000554 0.000763 -0.000550 0.004601 -0.013728 -0.020876 -0.000326 -0.030403 -0.000020 -0.000494 -0.001198 -0.002125 -0.007566 -0.017179
0.049048 0.036277 0.012903 0.000546 -0.000042 -0.000323 0.003345 0.100701 0.001683 0.000069 0.000000 -0.014798 -0.008974 -0.020796 -0.014326 -0.004755 -0.019731 -0.014156 -0.266996 -0.352623 -0.028681 -0.037075 -0.022026 -0.026849 -0.009082 -0.014633 -0.150785 -0.013592 -0.022148 -0.011607 -0.114314 -0.064944 -0.092918 -0.002591 -0.002029 0.000489 0.009288 0.001243 -0.070634 0.024515 0.025201 0.018727 0.002176 0.000131 0.000247 0.000331 0.001371 0.001581 -0.009213 -0.012715 -0.049245 -0.211478 0.138107 -0.066686 -0.006166 -0.080361 -0.009659 -0.460442
0.233028 0.022901 0.011086 0.001254 -0.000527 0.000723 0.062128 0.008085 0.007093 -0.000571 -0.006249 -0.035368 -0.018733 -0.051762 -0.042430 -0.028766 -0.040130 -0.008392 -0.000540 -0.241560 -0.200872 -0.010092 -0.043297 -0.072042 -0.007275 -0.012264 -0.012255 -0.008364 -0.168004 -0.103389 -0.080466 -0.055427 -0.064293 -0.068290 -0.043173 -0.000202 0.000000 0.000357 -0.019232 -0.092386 0.000018 0.000507 0.000330 -0.000159 -0.000569 -0.000393 -0.001346 0.000895 0.000954 0.046211 -0.025808 -0.155631 0.204598 0.195001 -0.013166 0.453811 -0.029131 0.000000
0.286779 0.007572 0.003371 0.003405 -0.000436 -0.000355 -0.000912 0.057135 -0.001349 -0.005273 -0.022910 -0.035495 -0.017546 -0.082398 -0.742673 -0.347557 -0.046122 -0.011943 -0.016207 -0.316767 -0.321830 -0.013690 -0.136166 -0.057450 -0.003708 -0.007517 -0.008049 -0.005630 0.000070 0.000299 -0.045212 -0.251537 -0.153871 -0.308543 -0.225410 -0.010937 -0.006192 0.000000 0.018722 -0.085197 -0.027481 -0.000473 -0.000789 -0.008704 -0.006861 -0.006778 -0.032325 -0.000137 0.001025 0.009765 0.031408 0.067403 0.050390 0.030001 0.282623 1.164478 0.050954 -0.014963
0.223395 0.005988 0.004301 0.000000 -0.010415 -0.008098 -0.007135 -0.003860 -0.005363 -0.004195 -0.065129 -0.011143 -0.001328 0.067247 -0.482318 0.066050 0.012919 -0.228716 -0.257466 -0.533043 -1.844040 -0.364512 -0.444632 0.054515 -0.023733 -0.018892 -0.031441 -0.003093 -0.001375 -0.000508 -0.024567 -0.002108 -0.085665 -0.127386 -0.081314 -0.027843 -0.042827 -0.003663 0.005866 -0.265209 -0.031042 -0.010077 -0.025703 -0.070227 0.008944 0.016829 0.028300 0.000996 -0.000505 -0.000028 -0.000001 -0.000000 -0.000000 -0.000000 0.008667 0.154319 0.063781 0.073208
0.043546 0.010148 -0.000952 -0.024256 -0.009373 -0.010289 -0.009724 -0.006973 -0.005033 -0.021010 -0.020653 -0.003692 0.000399 0.207878 -0.034993 0.243150 0.009174 -0.191683 -0.086074 -0.187867 -0.158524 -0.252037 -0.080265 0.188791 -1.514374 -0.193882 -0.048996 -0.016561 -0.008726 -0.007580 -0.008479 0.150998 -0.062059 -0.065098 -0.057951 0.037034 0.000000 -0.134905 -0.060607 -0.261164 -0.155359 0.000308 0.061332 -0.019296 0.010181 0.012242 0.006551 0.000356 -0.000412 -0.012975 -0.010829 -0.017954 -0.009805 -0.075939 -0.013098 0.000005 0.000222 0.129623
0.002281 0.000830 -0.001395 -0.072253 -0.048251 -0.005661 -0.007044 -0.006560 -0.003010 -0.006081 -0.043027 -0.002896 -0.000682 0.002221 0.114507 0.235054 0.004552 -0.055978 -0.599456 0.001108 -0.033781 0.024753 0.130496 0.556770 -0.772675 0.106189 -0.864242 -0.227846 -0.017350 -0.023203 -0.004005 0.146714 -0.059087 0.000838 -0.028219 0.020731 -0.004631 -0.058531 -0.125216 -0.245245 0.042982 0.019392 0.022028 0.000268 0.000167 0.000000 0.000000 -0.000167 -0.007598 -0.037747 -0.083839 -0.063386 -0.040476 -0.668739 -0.089657 -0.004860 -0.000222 -0.000005
0.000640 -0.000120 -0.000652 -0.035058 -0.209233 -0.017528 -0.021748 -0.002957 -0.010165 0.001545 -0.043681 -0.005034 -0.003464 0.007298 0.367641 0.000303 0.000222 -0.010364 -1.191504 0.374422 0.639780 0.069478 0.157041 0.511803 -0.387291 0.142594 -0.394586 0.371855 -0.062503 -0.000560 0.001223 0.189214 -0.167209 0.120547 -0.033534 0.018816 0.079451 0.096382 -0.069813 0.037773 0.000745 0.007046 0.006022 -0.000091 -0.000356 -0.006551 -0.020701 -0.014635 -0.033392 0.052661 -0.024430 -0.029632 -0.567181 -0.265713 0.666840 0.367095 -0.010387 -0.223779
-0.001991 -0.017434 -0.009353 -0.003973 -0.641262 -0.024853 -0.027006 -0.000964 -0.006272 -0.000392 -0.014886 -0.006022 -0.003643 0.017236 0.092644 0.000381 -0.000222 0.000089 -0.457277 0.453747 0.586437 0.201474 0.122402 0.310759 -0.055111 0.140404 0.007363 0.524499 0.010916 0.006079 0.000793 0.017585 -0.179175 0.144205 -0.014400 -0.010908 0.115868 0.235017 -0.263809 0.000072 0.000883 0.000266 0.000322 -0.001034 -0.006938 0.094545 -0.988204 -0.727563 0.271897 0.008025 0.035621 -0.007004 -0.280656 -0.182206 0.923513 0.545373 -0.258789 -0.233886
-0.018043 -0.042498 -0.024957 -0.019472 -0.331822 0.169923 -0.052701 -0.007857 0.000000 0.000000 -0.005882 -0.036642 -0.007718 0.000276 0.001911 -0.000650 -0.009323 -0.000329 0.048573 0.684184 0.444013 0.211941 0.104268 0.227521 0.282332 0.017510 0.324429 0.416327 0.042081 0.018541 0.001161 0.001231 0.024008 0.031602 0.000000 0.000000 0.095088 0.730185 -0.214319 0.050247 0.000917 0.000029 -0.000127 -0.000298 -0.019365 0.141788 -0.600670 0.034338 0.390139 0.004759 0.018137 0.070433 -0.031228 0.409676 0.606070 0.338358 -0.267246 -0.197107
-0.076167 -0.056120 -0.048854 -0.293167 -0.368580 0.220222 -0.058614 -0.018751 -0.006068 -0.006909 0.177795 -0.604077 0.022338 -0.000005 -0.000531 -0.001549 -0.021962 0.090485 0.588724 0.753121 0.082684 0.152605 0.013924 0.053262 0.099050 0.052474 0.098231 0.228573 0.139549 0.067597 0.000000 0.001000 0.030271 0.039970 0.018627 0.000619 0.389017 0.587944 -0.170674 0.010568 0.001484 -0.000268 -0.000427 -0.000008 0.000603 0.009515 0.250417 0.536316 0.022110 0.000554 0.008301 0.033330 0.583897 0.042634 0.008293 0.075988 0.075911 -0.091175
-0.095025 -0.027655 -0.636904 0.075753 -0.296588 0.254088 0.197086 -0.003575 -0.015339 -0.017428 0.432113 -0.529330 0.025451 -0.000873 -0.001510 -0.001979 -0.028148 1.430026 0.858394 0.852177 0.083258 0.010588 0.048209 0.019607 0.045628 0.027531 0.061926 0.104525 0.126205 0.152508 0.001238 0.006151 0.085499 0.076495 0.063972 0.004786 0.446099 0.009662 0.040076 0.004753 0.006330 -0.010705 -0.010413 -0.003352 0.000745 0.000683 0.052240 0.082766 0.000604 0.000247 0.000331 0.008953 0.084850 0.106981 -0.001061 0.000360 0.000360 -0.043484
-0.014918 -0.019675 -0.610413 0.217343 -0.059511 0.327094 0.406366 0.010464 0.008230 -0.244563 0.200005 -0.117683 -0.000114 -0.002423 -0.001354 -0.001285 0.007420 0.663125 0.593675 0.517591 0.177203 0.016084 0.019031 0.001607 0.003671 0.085049 0.012095 0.016955 0.171341 0.198613 0.002701 0.013266 0.021465 0.018492 0.013588 0.001363 0.088055 0.001175 0.014911 0.006338 0.006111 -0.011883 -0.062029 -0.002380 -0.002121 -0.000386 0.048529 0.000564 -0.000117 -0.000569 -0.000393 -0.000011 -0.000000 0.142910 0.034418 -0.000360 -0.000360 -0.089580
0.001965 -0.008911 -0.213631 0.246599 0.191768 0.368516 0.027175 0.001114 0.019217 0.009764 0.001905 -0.001244 -0.034680 -0.001241 -0.009595 0.119423 0.139903 0.388422 0.327627 0.321839 0.086525 0.044548 0.006038 0.001335 0.007090 0.030391 0.005905 0.009513 0.206325 0.246036 0.005134 0.036948 0.002582 0.002817 0.000732 0.000122 0.081809 0.000404 0.000013 0.000401 0.000330 -0.003528 -0.256675 -0.063615 -0.001687 -0.000969 0.031348 -0.000195 -0.001919 -0.017671 -0.009321 -0.051652 0.116422 0.271529 0.074060 -0.082510 -0.048534 -0.076216
0.000430 0.000387 0.150633 0.526505 0.011965 0.024690 0.003274 0.002534 0.025742 0.009775 -0.000694 -0.014548 -0.442425 0.158905 -0.346172 0.149954 0.224834 0.224209 0.215353 0.117395 0.003060 0.162995 0.021757 -0.000365 0.004600 0.005176 0.025146 0.001467 0.008333 0.355216 0.016541 0.009770 0.003939 0.003199 -0.000066 -0.000289 0.058488 0.000729 -0.008041 -0.000555 -0.000396 -0.000790 -0.215059 0.138101 0.045743 -0.008306 -0.000039 -0.001014 -0.001205 0.091632 0.060262 0.166731 0.190071 0.183019 0.260378 0.095598 -0.500155 -0.239360
0.000940 0.001538 0.484361 0.088731 0.000841 0.003427 0.006414 0.004387 0.060468 0.016821 0.092307 0.052366 -0.130193 0.280058 -0.031619 0.143131 0.212641 0.263256 0.305347 0.000411 0.005794 0.051753 0.050584 0.129437 0.005283 0.018377 0.007984 0.002949 0.000734 0.192406 0.006790 0.000555 0.000396 0.002172 0.000546 -0.061403 0.001056 0.000868 -0.049117 -0.009674 -0.003432 -0.000499 -0.183977 0.159062 0.148339 -0.000556 -0.008475 -0.009635 0.122073 0.145840 0.132930 0.110988 0.380895 0.385449 0.558336 0.138288 0.240562 -1.180750
0.000884 0.018568 0.190450 0.147788 -0.000151 0.002335 0.007469 0.005838 0.012931 0.049749 0.032736 0.161300 0.011594 0.377477 0.167429 0.125693 0.167049 0.183655 0.558583 0.196707 -0.000891 0.000375 0.006328 0.047866 0.050856 0.009018 0.000778 0.001051 -0.000232 0.110395 -0.000013 -0.000401 -0.000330 0.006797 0.004231 -0.098102 -0.001051 -0.005609 -0.029241 -0.120550 -0.002376 0.001107 0.235941 0.238875 0.014167 0.014167 0.075453 -0.135949 0.132490 0.178561 0.184909 0.002014 0.016635 0.011173 0.005483 0.306175 1.352752 0.173723
0.000455 0.011522 0.007481 0.225498 0.004639 0.000018 0.006288 0.001462 0.001687 0.034913 0.011124 0.009761 0.021781 0.316636 0.287845 0.016769 0.008898 0.131019 0.549903 1.050348 0.015476 0.002252 0.016552 0.017243 0.025300 0.002988 0.000927 -0.000447 0.026252 0.272763 -0.061189 -0.018539 -0.017816 0.000316 0.001320 -0.172974 -0.070718 -0.007250 -0.017935 -0.000075 -0.001488 0.000421 0.022577 0.030699 0.008077 0.008077 0.019895 0.001400 0.140503 0.179208 0.175574 0.000042 0.000265 0.000103 0.000222 0.030795 0.032312 0.030813
-0.001028 0.000209 0.000904 0.058447 0.009030 0.000212 0.000348 0.000657 0.001266 0.012359 0.000794 0.000026 0.000000 0.147535 0.112933 0.031493 0.013317 0.001153 0.376084 0.600877 0.013527 0.002588 0.028723 0.011510 0.008103 0.004330 -0.000064 -0.000604 0.075472 0.292600 0.273818 0.008759 -0.023134 -0.010877 -0.008735 -0.202977 -0.000169 -0.003645 -0.026387 0.141729 -0.000318 -0.000640 0.000936 0.001994 0.000360 0.000360 0.000132 -0.000066 0.149861 0.173208 0.182317 -0.000186 0.000013 -0.000103 -0.000222 0.001071 0.000222 0.001127
-0.001249 -0.000518 0.000375 0.002284 0.001923 -0.001074 -0.000521 -0.001526 -0.001765 0.000000 -0.000100 -0.012533 0.412664 0.231447 0.169765 0.024235 0.126537 0.054667 0.451707 0.082887 0.083138 0.023735 0.019812 0.003946 0.000702 0.001809 0.001005 0.069903 0.128416 0.288922 0.264930 0.108878 -0.008741 -0.033090 -0.021320 -0.168830 -0.101413 -0.001264 0.041406 0.177568 -0.001199 -0.001863 -0.000211 -0.001026 -0.000360 -0.000360 -0.000169 0.069316 0.135489 0.147335 0.160782 0.103044 -0.000873 -0.011148 -0.012788 -0.000389 -0.000222 -0.001724
-0.022144 -0.010039 -0.002852 -0.001891 -0.002296 -0.004222 -0.020476 -0.024553 -0.028457 -0.003663 -0.015878 0.290807 0.463618 0.077622 0.032257 0.725095 0.782255 0.116136 0.063232 0.046034 0.091732 0.051616 0.010995 0.000222 0.001020 0.017511 0.019801 0.185381 0.199635 0.013809 0.020148 0.013868 0.001296 -0.021733 0.047895 -0.065546 -0.031581 0.102339 0.101891 0.207361 -0.000778 -0.000026 -0.001069 -0.001963 -0.011449 -0.005447 0.000170 0.082464 0.091434 0.099659 0.107407 0.117940 0.123622 -0.015711 -0.025949 -0.001031 -0.006909 -0.011120
-0.313640 -0.029048 -0.010057 -0.002126 -0.002277 -0.047223 -0.061367 -0.057711 -0.052263 -0.019963 -0.157926 0.330925 0.135348 0.143596 0.011968 0.077065 0.734601 0.039461 0.038240 0.037486 0.049014 0.071098 0.005389 -0.000222 0.002126 0.012149 0.008509 0.125216 0.007729 0.006698 0.006698 0.000657 0.000068 -0.004238 0.131982 0.068321 0.076599 0.162261 0.107950 0.223582 0.000348 -0.000606 -0.028942 -0.016133 -0.011064 -0.004206 0.009010 0.154262 0.070284 0.072612 0.079180 0.141217 0.222046 -0.001423 -0.002619 -0.001867 -0.015313 -0.111636
-0.180334 -0.101311 -0.006666 -0.019833 -0.015849 -0.150896 -0.227387 -0.095098 -0.264450 -0.281994 0.083531 0.415336 0.204124 0.196405 0.043540 0.110419 0.017644 0.030447 0.022506 0.038394 0.017858 0.045841 0.034921 0.011644 0.005865 0.001299 0.000799 0.049574 0.000010 0.000360 0.000360 0.000076 -0.000138 0.004329 0.429539 0.149079 0.125507 0.187553 0.021820 0.367111 0.200457 -0.067484 0.001769 -0.104834 -0.006169 0.000626 0.036590 0.042148 0.007614 0.004253 0.001289 0.157731 0.365792 -0.001532 0.000000 -0.000462 -0.009706 -0.045290
-0.067987 0.059071 -0.002187 -0.694231 0.028254 0.098608 -0.078948 0.135449 -0.025914 -0.224336 0.335382 0.645033 0.260154 0.252883 0.098574 0.097780 0.000824 0.000935 0.013264 0.017485 0.007317 0.018923 0.020786 0.037007 0.002609 -0.000367 -0.000008 0.000149 -0.027451 -0.000360 -0.000360 -0.000206 -0.000750 0.027600 0.548647 0.203137 0.139900 0.289251 -0.196902 0.299998 0.472024 -0.307028 0.045112 -0.026823 -0.001282 0.001239 0.010176 0.014259 0.010158 0.003350 -0.000002 -0.000000 0.439592 -0.000591 -0.012360 -0.000927 -0.002987 -0.000162
0.064743 0.145379 0.147736 0.010791 0.255895 0.432495 0.043949 0.063119 0.461660 0.004903 0.869679 0.018076 0.431727 0.453708 0.316087 0.137140 0.008253 0.007665 0.004515 0.000007 0.000352 0.006416 0.010469 0.007603 -0.000686 -0.021045 -0.003208 -0.000459 -0.148982 -0.007324 -0.005117 -0.000454 -0.000633 0.113940 0.532793 0.335093 0.219960 0.440893 -0.132140 0.377176 0.644570 0.334240 0.101710 -0.005788 -0.000009 0.000065 0.000585 0.006344 0.000432 0.001293 0.618812 0.613479 0.445545 0.156220 -0.868194 0.208846 0.126900 -0.068641
0.181755 0.304918 0.316313 0.009739 0.029170 0.197167 0.157458 0.075686 0.103288 0.522202 0.033696 0.021505 0.019185 0.260358 0.449331 0.233104 0.013821 0.006129 -0.000108 -0.007635 -0.000352 -0.000007 0.000068 0.000120 0.014722 -0.059349 -0.016238 -0.006877 -0.065411 -0.166051 -0.008231 -0.008036 0.076772 0.253497 0.273325 0.156758 0.107480 0.751585 0.127396 0.671062 0.783730 0.158032 0.180921 -0.000010 -0.000118 -0.000167 -0.000069 0.000000 -0.000065 0.004903 0.038767 0.028895 0.031702 0.201717 -0.692851 0.276648 0.252117 0.133696
