use_cases/Flooding_chicago/flooding_data/output/hUy_180.asc
ncols 337
nrows 393
xllcorner 428428.000000
yllcorner 4602440.000000
cellsize 26.757400
NODATA_value -9999.000000
[rows 104 to 129 of 393, columns 116 to 173 of 337]
-9999.000000 -9999.000000 -9999.000000 -9999.000000 -9999.000000 -9999.000000 -9999.000000 -9999.000000 -9999.000000 -9999.000000 -9999.000000 -9999.000000 -9999.000000 -9999.000000 0.000000 0.000000 0.007957 0.004342 0.015404 0.001456 0.001967 0.179763 0.271570 0.007170 0.015086 0.005121 0.002308 0.012674 0.002050 0.000875 -0.029502 -0.054426 -0.002377 0.083094 0.080895 0.000023 0.000296 0.000003 0.000207 0.000429 0.000276 0.000026 0.000001 0.000000 0.000000 0.000000 0.005127 0.017779 0.097252 0.100333 0.315672 0.351700 0.074261 0.015040 0.008468 0.009017 0.039905 0.022432
-9999.000000 -9999.000000 -9999.000000 -9999.000000 -9999.000000 -9999.000000 -9999.000000 -9999.000000 -9999.000000 -9999.000000 -9999.000000 -9999.000000 -9999.000000 -9999.000000 -9999.000000 -0.007933 0.000000 0.000000 0.000000 -0.000116 0.004713 0.023733 0.041297 0.011149 0.001785 0.006342 0.001176 0.000601 0.000449 0.013254 -0.082729 -0.038140 0.019737 0.027249 0.024084 0.000728 -0.000139 -0.008893 -0.000325 -0.000007 -0.000316 -0.002852 -0.018650 -0.015166 -0.005817 0.030259 0.050714 0.108920 0.089365 0.082508 0.120089 0.270394 0.104760 0.003616 0.002363 0.001488 0.006774 0.003946
-9999.000000 -9999.000000 -9999.000000 -9999.000000 -9999.000000 -9999.000000 -9999.000000 -9999.000000 -9999.000000 -9999.000000 -9999.000000 -9999.000000 -9999.000000 -9999.000000 -0.001343 -0.013635 -0.007873 -0.013586 -0.004335 -0.001700 0.000639 0.001694 0.001815 0.000886 0.002147 0.000125 -0.002175 -0.000690 0.000112 0.007967 0.072905 0.040384 0.008131 0.002394 0.000956 0.000015 -0.005810 -0.022832 -0.004603 -0.000918 -0.000179 -0.001218 -0.024840 -0.062416 -0.055256 0.051624 0.056160 0.040426 0.052221 0.068857 0.128266 0.107826 0.158328 0.025948 0.006621 0.002522 0.004543 -0.001568
-9999.000000 -9999.000000 -9999.000000 -9999.000000 -9999.000000 -9999.000000 -9999.000000 -9999.000000 -9999.000000 -9999.000000 -9999.000000 -9999.000000 -9999.000000 -0.000071 -0.000695 -0.024685 -0.019184 -0.062808 -0.036640 -0.005451 -0.003012 -0.001792 -0.000460 -0.000086 -0.000371 -0.000441 -0.041807 -0.000860 -0.000414 0.000067 0.019651 0.030816 0.000438 -0.000715 -0.002781 -0.005117 -0.038913 -0.026282 -0.011585 -0.001593 -0.000510 -0.001860 -0.001283 -0.007185 -0.013261 0.028303 0.020832 0.007305 0.009641 0.080390 0.051409 0.053200 0.122721 0.034080 0.025405 0.004308 0.002965 -0.168008
-9999.000000 -9999.000000 -9999.000000 -9999.000000 -9999.000000 -9999.000000 -9999.000000 -9999.000000 -9999.000000 -9999.000000 -9999.000000 -9999.000000 0.000325 -0.018561 -0.001968 -0.006578 -0.056822 -0.024612 -0.014078 -0.004904 -0.032919 -0.002179 -0.002056 -0.000958 -0.000708 -0.000359 -0.103689 -0.007446 -0.001263 -0.000229 -0.000011 0.000014 -0.000096 -0.000880 -0.035542 -0.002534 -0.065530 -0.059588 -0.011749 -0.011189 -0.027282 -0.004840 -0.000140 0.000479 -0.014477 0.000000 0.000145 0.000086 0.001093 0.031332 0.118400 0.144834 0.022416 0.035532 0.022155 0.006808 0.022475 -0.416664
-9999.000000 -9999.000000 -9999.000000 -9999.000000 -9999.000000 -9999.000000 -9999.000000 -9999.000000 -9999.000000 0.000426 0.001048 -0.000003 -0.000207 -0.017394 -0.001450 -0.002418 -0.021593 -0.013892 -0.008587 -0.003131 -0.013822 -0.056603 -0.006317 -0.021779 -0.014013 -0.033081 -0.040224 -0.033736 -0.015809 -0.033623 -0.025226 -0.000708 -0.007082 0.016459 -0.138475 -0.017244 -0.025983 -0.023815 -0.022749 -0.056987 -0.061461 -0.002791 -0.000840 0.000857 -0.008469 -0.019909 -0.001401 -0.000162 0.006003 0.036925 0.084638 0.061737 0.014924 0.030273 0.018577 0.037717 0.025314 0.244184
-9999.000000 -9999.000000 -9999.000000 -9999.000000 -9999.000000 -9999.000000 -9999.000000 -9999.000000 0.001025 -0.000426 -0.001210 -0.008234 -0.012806 -0.089629 -0.013034 -0.005759 -0.051905 -0.030238 -0.045635 -0.025886 -0.051847 -0.084803 -0.036753 -0.037743 -0.022330 -0.036829 -0.074415 -0.055564 -0.039517 -0.068931 -0.056772 -0.027750 -0.001970 0.084298 -0.073645 -0.086664 -0.010048 -0.012352 -0.005808 -0.054284 -0.125290 -0.015799 -0.008280 0.011922 0.414157 0.202253 0.081780 0.090127 0.033998 0.177704 0.010323 0.006192 0.004213 0.016251 0.010219 0.027719 0.023359 0.048630
-9999.000000 -9999.000000 -9999.000000 -9999.000000 0.000362 0.000340 0.000004 0.000116 -0.000579 -0.005315 -0.001081 -0.017393 -0.020456 -0.161667 -0.026265 -0.018589 -0.055698 -0.033921 -0.052484 -0.069720 -0.050223 -0.104872 -0.089209 -0.034056 -0.022669 0.008442 -0.173421 -0.071536 -0.073703 -0.097414 -0.183014 -0.088748 0.003934 0.007272 -0.029690 -0.037012 -0.053785 -0.003760 -0.012475 -0.066980 -0.169761 -0.065702 -0.009995 0.005888 0.009151 0.012952 0.004363 0.006754 0.015602 0.022700 0.001402 0.002863 0.000779 0.000131 0.000609 0.007911 0.016113 0.011002
-9999.000000 -9999.000000 0.000018 0.000249 -0.000236 -0.000157 -0.000235 -0.000296 -0.001359 -0.003315 -0.017134 -0.018737 -0.026751 -0.248593 -0.030987 -0.027594 -0.029527 -0.036435 -0.036494 -0.099627 -0.073010 -0.128367 -0.124775 -0.032635 -0.002684 0.000000 0.000000 -0.009733 -0.066061 0.018882 -0.193955 0.069177 0.000220 0.000104 -0.006223 -0.069396 -0.123014 -0.006473 -0.016143 0.019045 0.254493 -0.050148 -0.000419 0.000000 0.000000 0.000000 0.000000 0.000000 0.000000 0.000068 -0.000078 -0.002593 -0.001556 -0.000066 -0.000064 0.000000 0.000000 0.000000
0.000815 0.001560 0.002143 -0.002521 -0.020520 -0.009952 -0.000193 -0.008157 -0.010959 -0.016072 -0.042769 -0.032941 -0.021318 -0.105526 -0.139667 -0.030305 -0.017726 -0.036092 -0.050041 -0.109118 -0.070499 -0.187478 -0.157422 -0.032686 -0.009998 -0.004187 -0.008046 -0.006175 0.000184 0.014172 0.083568 0.007466 -0.000220 -0.000104 -0.012839 -0.116490 -0.142174 -0.015034 -0.003933 0.010326 0.129236 -0.008726 -0.004724 -0.007117 -0.005049 -0.003964 -0.019176 -0.028601 -0.005324 -0.000459 -0.009917 -0.032115 -0.043906 -0.009209 -0.021904 -0.008065 -0.008065 -0.012395
0.000000 0.000713 0.000562 -0.029004 -0.074021 -0.025577 -0.009004 -0.015671 -0.015932 -0.025564 -0.063738 -0.075525 -0.004096 -0.087640 -0.272008 -0.022597 -0.019510 -0.031859 -0.083531 -0.079901 -0.069251 -0.295561 -0.197057 -0.019608 -0.013682 -0.007693 -0.031148 -0.005839 -0.002279 0.000383 0.000379 -0.000667 -0.003934 -0.007272 -0.024861 -0.144271 -0.160195 -0.022694 -0.001779 0.000439 0.008309 -0.001345 -0.070434 -0.017465 -0.026584 -0.008288 -0.031608 -0.085517 -0.008820 -0.011233 -0.019490 -0.070855 -0.078294 -0.048310 -0.050483 -0.014642 -0.015759 -0.044663
-0.002135 -0.001731 -0.000533 -0.030733 -0.036135 -0.055067 -0.015112 -0.030867 -0.012613 -0.034463 -0.047806 -0.145294 -0.008447 -0.075074 -0.260557 -0.092113 -0.060884 -0.066922 -0.091857 -0.019770 -0.181565 -0.161356 0.026878 -0.001360 -0.022461 -0.006643 -0.056667 -0.019642 -0.002105 -0.001264 -0.000804 -0.016688 -0.014772 -0.016563 -0.019981 -0.189894 -0.207386 -0.019277 -0.001068 -0.000514 -0.000018 -0.000000 -0.011811 -0.142049 -0.276866 -0.009377 -0.035195 -0.128934 -0.016805 -0.016935 -0.026332 -0.090147 -0.071571 -0.285298 -0.029484 -0.021948 -0.075961 -0.060856
-0.001330 -0.021917 -0.000750 -0.025677 -0.025874 -0.019973 -0.166407 -0.030275 -0.016067 -0.028100 -0.093696 -0.122596 -0.067755 -0.063448 -0.227827 -0.134667 -0.114148 -0.018910 -0.035029 -0.004146 -0.088689 -0.107842 0.010392 0.000613 -0.004659 -0.030758 -0.019528 -0.011010 -0.036084 -0.023514 -0.012417 -0.047739 -0.036260 -0.018154 -0.002249 -0.065399 -0.058291 -0.001872 -0.002183 -0.008298 -0.012495 -0.013514 -0.005354 -0.061740 -0.000332 -0.011328 -0.038204 -0.188697 -0.024015 -0.017665 -0.024345 -0.175630 -0.107759 0.170788 0.013544 -0.056051 -0.027414 -0.022357
0.000370 -0.016116 -0.012218 -0.017397 -0.016597 -0.008492 -0.063952 -0.093052 -0.106794 -0.075153 -0.040754 -0.055120 -0.021670 -0.121415 -0.111711 -0.066974 -0.054841 -0.060191 -0.052977 -0.008577 0.000032 0.000657 -0.000046 -0.000875 0.000220 -0.004837 -0.018793 -0.045523 -0.083085 -0.047360 -0.022830 -0.095588 -0.065769 -0.003968 0.001814 0.007710 0.071019 0.001058 -0.001086 -0.012312 -0.024107 -0.059769 -0.069573 -0.050282 -0.018370 -0.026238 -0.033809 -0.261898 -0.025175 -0.028658 -0.022615 -0.510687 -0.036276 0.007674 0.005994 -0.010614 -0.075235 -0.040057
0.000220 0.000104 -0.006883 -0.012550 -0.009808 -0.004138 -0.030442 -0.030672 -0.045416 -0.037954 0.000220 -0.016968 -0.024617 -0.059313 -0.060762 -0.038769 -0.023274 -0.137907 -0.097196 -0.009838 -0.013648 -0.001692 -0.014909 -0.000555 -0.000220 -0.001261 -0.033896 -0.089443 -0.093834 -0.059240 -0.028289 -0.189933 -0.010334 0.001372 0.004719 0.043429 0.045202 0.007440 -0.001197 -0.019210 -0.043790 -0.209993 -0.258271 -0.027173 -0.028460 -0.300957 -0.066665 -1.208982 -0.043016 -0.018602 -0.087961 0.008212 0.000072 0.000000 0.000000 0.000000 -0.241739 -0.021364
-0.000220 -0.000104 -0.003217 -0.007687 -0.027489 -0.001562 0.000492 0.000021 -0.031069 -0.024971 -0.000220 -0.003148 -0.012477 -0.030678 -0.026585 -0.014612 -0.071943 -0.061143 -0.042652 -0.004464 -0.049674 -0.005642 -0.027297 -0.008928 -0.011831 -0.009714 -0.035119 -0.133278 -0.182618 -0.122664 0.006046 0.015834 0.016158 0.005686 0.009899 0.017543 0.011187 0.008914 -0.000752 0.001941 0.009217 -0.052228 -0.112756 -0.119471 -0.185517 0.031255 0.023155 0.002233 -0.038282 0.009990 -0.010460 0.000488 -0.000492 -0.006289 -0.009685 -0.015836 -0.001556 0.000220
-0.012032 -0.021365 -0.004570 -0.004652 0.000940 -0.000840 -0.000547 -0.017412 -0.011174 -0.047461 -0.025546 -0.011570 -0.053358 -0.052323 -0.032428 -0.045986 -0.104153 -0.077596 -0.084007 -0.009698 -0.062367 -0.004900 -0.038078 -0.030142 -0.012157 -0.020067 -0.029339 -0.211282 -0.254198 -0.042435 0.014477 0.064629 0.077961 0.013064 0.013254 0.002933 0.001722 0.001782 0.000554 0.001577 0.001602 0.001301 -0.079155 0.000323 0.000420 0.000013 0.000000 0.000094 0.006302 0.109986 0.013343 0.000801 -0.001720 -0.014463 -0.017694 -0.123215 -0.001345 -0.000220
-0.028805 -0.069210 -0.030802 -0.010882 -0.000304 -0.001527 -0.001078 -0.034983 -0.025458 -0.047524 -0.232541 -0.095617 -0.107725 -0.070402 -0.035511 -0.104997 -0.121717 -0.131425 -0.146595 -0.005718 -0.024911 -0.020440 -0.088564 -0.139932 -0.008181 -0.027934 -0.023538 -0.197245 -0.304566 -0.006870 0.002271 0.031976 0.058853 0.023119 0.007030 0.006610 0.003127 0.005171 0.001021 0.000522 0.002346 0.001563 -0.050615 -0.000407 -0.000591 -0.015402 -0.011131 -0.000773 -0.000024 0.045874 0.055217 0.000294 -0.001155 -0.017302 -0.022087 -0.059067 -0.000678 -0.000795
-0.053782 -0.029202 -0.029196 -0.000054 -0.001223 -0.001092 -0.000813 -0.003484 -0.051618 -0.019744 -0.001123 -0.023707 -0.110878 -0.151153 -0.071554 -0.048232 -0.055284 -0.060537 -0.048641 -0.003903 -0.011482 -0.016483 -0.038290 0.000591 -0.001556 -0.000929 0.025159 0.370833 -0.038278 0.001549 0.000989 0.011367 0.020234 0.014878 0.017080 0.008770 0.005134 0.029289 0.003461 0.001788 0.006395 0.002519 -0.031668 -0.076563 0.086965 0.065969 -0.090809 -0.005019 0.076803 0.095647 0.111536 -0.000425 -0.001017 -0.000289 0.001507 -0.212584 -0.011264 -0.000532
-0.015620 -0.101229 -0.012899 -0.005686 -0.000983 -0.001001 -0.000564 -0.007329 -0.018103 -0.011973 -0.002418 -0.000097 -0.032107 -0.249143 -0.022152 -0.029342 -0.036278 -0.043278 -0.023856 -0.002007 -0.016234 -0.010236 -0.022199 -0.000141 -0.001015 0.007043 0.022768 0.014233 0.132298 0.023603 0.000377 0.000926 0.001090 0.025524 0.044044 0.009738 0.006740 0.013494 0.027577 0.020390 0.054621 0.036395 0.099376 -0.164997 0.019784 0.026130 0.197573 0.097673 0.163388 0.194356 0.043103 0.009755 -0.000708 0.007131 0.028937 -1.369153 0.380333 0.072396
-0.022433 -0.087850 -0.052883 -0.004523 -0.003732 -0.001778 -0.000639 -0.003060 -0.024619 -0.082511 -0.025607 -0.000575 0.000087 -0.148605 -0.085857 -0.013814 -0.019972 -0.028860 -0.009486 -0.000479 -0.006445 -0.004961 -0.013727 -0.000746 -0.000922 -0.000784 0.000501 0.000915 0.037057 0.028320 0.001043 0.000800 0.001561 0.027288 0.006476 0.002069 0.001114 0.000452 0.013926 0.037684 0.036497 0.054815 0.057729 0.140502 0.045159 0.030848 0.021252 0.071826 0.079512 0.071591 0.040714 0.054487 0.079530 0.033816 0.065298 0.111029 0.121322 0.021661
-0.011670 -0.053682 -0.042853 -0.002264 -0.003662 -0.001500 -0.001174 -0.000893 -0.007234 -0.193663 -0.011626 -0.013801 -0.000908 0.000182 -0.054458 -0.005525 -0.008281 -0.013225 0.000107 0.000000 -0.000027 -0.003788 -0.007910 -0.023070 -0.029651 -0.004660 0.000488 0.000751 0.002236 0.000875 0.000133 -0.000295 0.000132 0.001059 0.000000 0.000048 -0.000559 -0.000347 0.003689 0.035625 0.027316 0.032622 0.040048 0.068395 0.063437 0.026229 0.003512 0.067160 0.071394 0.012083 0.020956 0.041957 0.022401 0.095652 0.032303 0.063581 0.071657 0.013547
-0.000143 -0.129218 -0.011891 -0.001418 -0.002481 -0.001421 -0.000968 -0.011900 -0.013273 -0.227127 -0.016022 -0.029741 -0.013263 -0.001100 -0.000287 -0.004493 0.000000 -0.009356 -0.000954 -0.013776 -0.000907 -0.002245 -0.047077 -0.091610 -0.056717 -0.001087 -0.000331 -0.000604 -0.000866 -0.000256 -0.000232 -0.000965 -0.001765 -0.001420 -0.010321 -0.001818 -0.006153 -0.003607 0.010662 0.010829 0.011828 0.007738 0.033051 0.036443 0.026982 0.004673 0.002451 0.120464 0.132155 0.000993 0.003671 0.030931 0.028619 0.039959 0.043452 0.024915 0.058001 0.000000
-0.009667 -0.093131 0.116632 -0.000158 -0.001320 -0.001092 -0.009602 -0.015148 -0.070519 -0.114811 -0.099954 -0.045382 -0.034820 -0.028139 -0.029192 -0.002384 -0.005830 -0.032200 -0.027329 -0.037755 -0.026344 -0.029154 -0.120776 -0.090528 -0.007110 -0.000064 -0.002520 -0.024200 -0.002410 -0.002995 -0.017632 -0.005218 -0.048202 -0.016414 -0.030458 -0.001025 -0.003074 -0.004569 0.009850 0.013977 0.023127 0.029800 0.022977 0.029386 0.001282 0.001707 0.001722 0.159478 0.182375 0.000812 0.003235 0.001902 0.024074 0.020169 0.011216 0.021826 0.051389 -0.012297
-0.227647 0.003278 0.013759 0.001638 -0.014681 -0.008962 -0.028205 -0.001680 -0.020792 -0.045767 -0.197058 -0.012518 -0.008997 -0.066228 -0.052326 -0.021097 -0.024776 -0.025638 -0.164387 -0.198617 -0.080762 -0.197528 -0.048260 -0.016282 0.000000 0.000000 -0.025379 -0.045292 -0.019814 -0.023581 -0.047732 -0.022998 -0.077266 -0.026870 -0.004665 -0.000642 0.000157 -0.008995 0.008997 0.012680 0.056764 0.013461 0.008158 0.008786 0.002042 0.001064 0.001084 0.089948 0.105004 0.000022 0.003309 0.004630 0.002594 0.003250 0.002399 0.017857 0.033306 0.010624
0.001903 0.004231 0.000726 0.000642 -0.015137 -0.027790 -0.044367 -0.037561 -0.013174 -0.078565 -0.118391 -0.003124 -0.013733 -0.062706 -0.093082 -0.063467 -0.047379 -0.004758 -0.091219 -0.097030 -0.024130 -0.064044 0.010377 -0.001827 -0.000733 -0.003630 -0.055037 -0.067267 -0.051622 -0.073913 -0.112050 -0.066690 -0.075123 -0.031656 -0.008887 -0.008122 -0.000358 -0.013903 0.000738 0.001823 0.015187 0.006344 0.000586 0.000126 0.000328 0.000045 0.000966 0.124837 0.150146 0.179978 0.025706 0.050021 0.023697 0.023932 0.008453 0.006685 0.034527 0.040060
