use_cases/Flooding_chicago/flooding_data/output/hUy_1560.asc
ncols 337
nrows 393
xllcorner 428428.000000
yllcorner 4602440.000000
cellsize 26.757400
NODATA_value -9999.000000
[rows 208 to 233 of 393, columns 232 to 289 of 337]
-0.000725 -0.002036 -0.006558 -0.002176 -0.037802 -0.023520 -0.012881 -0.004867 -0.036309 -0.019228 0.167064 -0.337575 0.736980 1.089368 1.256403 1.177985 0.804648 0.932104 0.993034 -0.089981 0.010445 0.120659 0.258885 0.343201 0.144816 0.572276 0.100836 -0.104803 -0.186281 -0.148393 0.287652 0.688734 1.652972 1.357395 1.085782 0.692992 0.052617 -0.001089 -0.003946 -0.010201 -0.020696 0.122058 0.508767 0.200851 1.190851 1.717273 1.673075 0.734021 0.804128 0.744686 -0.000194 0.000203 0.682884 -0.058324 0.216203 -0.132410 -0.024558 0.131604
-0.001165 -0.001751 -0.003459 -0.026536 -0.524262 -0.024065 -0.006341 -0.003445 -0.012570 -0.027141 0.547082 0.349914 1.502738 1.082539 1.526938 1.045985 0.684219 1.384835 1.205328 -0.325132 -0.618916 -0.151092 0.250350 0.428814 0.081995 1.092360 0.338892 -0.041343 -0.164902 -0.360340 0.232993 0.753129 1.354740 1.155449 0.916769 0.514528 0.005006 0.000793 -0.018407 -0.041479 -0.029119 0.223825 0.499645 0.288534 1.374416 1.469811 1.720184 0.803500 0.881543 0.820934 0.000652 0.002912 0.027369 -0.071685 0.421881 0.320152 0.459684 0.013884
-0.001842 -0.001240 -0.001618 -0.540738 0.169054 0.096196 0.024803 0.014926 0.485215 0.834017 0.921596 0.903365 1.581841 0.918758 0.839933 0.652961 0.061962 1.206866 0.608298 0.034974 -0.128984 -0.159753 0.342019 0.654593 0.700637 0.824014 0.419944 -0.056153 -0.180883 -0.157663 0.179870 0.433493 0.541026 0.941528 0.443567 0.414791 0.005140 0.003559 -0.002294 -0.004839 0.059930 0.201489 0.684788 0.421088 1.627638 0.777838 0.939033 0.900161 0.950626 0.889898 0.000003 0.000208 0.006194 0.004238 0.088603 0.049016 0.068538 0.000790
-0.172466 -0.019642 0.022195 0.240788 0.737808 0.682398 0.340241 0.112114 0.475512 1.246173 1.148041 1.419754 1.476704 0.976199 0.657872 0.187146 0.073141 1.152112 0.072679 0.011536 -0.007517 0.014578 0.679912 1.206492 0.228656 0.132309 0.024356 -0.224494 -0.209747 0.053634 0.210531 0.323232 0.348273 0.815215 0.376790 0.004390 0.006766 0.000965 0.000473 0.000013 0.054773 0.255567 0.507336 0.442823 0.793004 0.864421 0.936913 0.877109 1.597189 0.882261 0.000068 -0.000326 0.006798 0.006097 0.004541 0.041107 0.001106 -0.000115
0.104329 0.076340 0.054234 0.591887 0.669691 0.571819 0.244005 0.215115 0.202208 0.505831 0.535876 0.574291 0.560061 1.170002 0.423455 0.268915 0.010337 0.757193 0.057109 -0.000721 -0.011026 0.069996 0.785938 1.307250 0.000733 0.000018 -0.002299 -0.084709 -0.156822 0.195191 0.280737 0.264403 0.192109 0.295032 0.314785 -0.000086 0.000270 0.000000 -0.000270 0.082606 0.139831 0.130203 0.083379 0.014194 0.813919 1.304966 1.342488 1.185356 1.277103 1.164993 0.000137 -0.001956 0.042119 -0.002685 -0.022540 0.002738 -0.000377 -0.000859
0.276964 0.159989 0.046886 0.354443 0.309972 0.143151 0.183943 0.165142 0.197292 0.195080 0.514831 0.645203 0.733919 0.363014 0.390397 0.269391 -0.018074 0.596468 0.085589 0.327101 -0.136185 0.001198 0.854816 1.174661 0.000413 0.021328 0.000532 -0.206933 0.072267 0.340628 0.399171 0.232503 0.035837 0.027050 -0.000094 -0.004090 -0.000473 -0.000965 -0.007880 0.133409 0.159273 0.178160 0.110251 0.526249 0.629634 1.097300 1.060129 1.203094 1.011687 0.804274 -0.001296 -0.001440 0.045408 -0.008875 -0.030612 -0.002239 -0.002817 -0.006979
0.576382 0.418458 0.194119 0.259494 0.042328 -0.089153 -0.009922 0.060529 0.118063 0.196424 0.198962 0.716792 0.851990 0.097860 0.041318 0.031630 0.065246 0.725191 0.187679 0.659485 -0.238500 -0.073846 0.696935 1.592414 -0.000583 0.068487 0.115783 0.029156 0.047016 0.430661 0.517322 0.253060 -0.138973 -0.331296 -0.000871 -0.002806 -0.026951 -0.006650 0.055666 0.591967 0.732225 0.600271 0.605306 0.536834 0.351692 1.040020 0.911558 1.102616 0.812359 0.589232 -0.002103 -0.000472 0.030617 -0.004986 -0.005989 -0.003052 -9999.000000 -9999.000000
0.869520 0.840352 0.534176 0.584639 0.252943 0.044386 -0.011016 0.025907 0.064040 0.173510 0.264181 0.297380 0.278297 0.187151 0.001110 0.009912 0.001028 0.338685 0.296010 0.387004 -0.134134 0.084494 0.986888 1.112554 0.189751 0.089520 0.169641 0.441570 -0.090278 0.919932 0.484938 0.010496 -0.182306 -0.451286 -0.136917 0.088449 0.094541 0.015548 0.045365 1.017780 0.721139 0.658279 0.691144 0.066510 0.257109 1.078812 1.226035 0.809183 0.738512 0.290096 -0.001336 0.000000 0.000000 -9999.000000 -9999.000000 -9999.000000 -9999.000000 -9999.000000
0.016018 0.020872 0.126690 0.065698 0.072384 0.633211 0.566469 0.156361 0.069192 0.174076 0.257247 0.352995 0.335401 0.160979 0.000366 0.000000 0.000212 0.498619 0.535962 0.183340 0.061294 0.070965 1.038935 1.020430 0.306232 0.051521 0.040942 0.080734 -0.143816 0.730475 0.411284 0.011434 0.024460 -0.380926 -0.118016 0.161769 0.327832 0.094347 0.251731 0.527404 0.717161 0.511130 0.274050 0.043857 0.512483 1.213980 0.814311 0.922658 0.508881 0.003799 -0.002070 -0.001604 -9999.000000 -9999.000000 -9999.000000 -9999.000000 -9999.000000 -9999.000000
0.000326 0.007049 0.033682 0.129075 0.139391 0.106044 0.075648 0.050027 0.015936 0.186017 0.233309 0.359589 0.336610 -0.000031 -0.000575 -0.002798 -0.000530 0.531016 0.692133 0.000360 0.000360 0.016931 1.120710 0.407672 0.097468 0.009411 0.027678 0.029607 0.016315 0.191916 0.000737 0.001081 0.000925 0.000612 -0.104210 0.293090 0.531191 0.019501 0.393000 0.351501 0.532782 0.775073 0.448733 0.322451 1.463322 1.497438 0.942976 0.909107 0.021934 0.000281 -9999.000000 -9999.000000 -9999.000000 -9999.000000 -9999.000000 -9999.000000 -9999.000000 -9999.000000
-0.000208 0.028628 0.020820 0.085784 0.213571 0.009277 0.012885 0.009624 0.032500 0.238161 0.221252 0.347710 0.280273 0.166773 -0.001521 -0.002800 -0.140966 0.589763 1.275577 -0.000360 -0.000360 0.056807 1.510344 0.075270 0.047505 0.046649 0.033758 0.003658 0.002856 0.010190 -0.053275 -0.000701 -0.000777 -0.000393 -0.000016 0.119945 0.169603 0.049433 0.054710 0.023297 0.265607 0.694022 0.719711 0.510602 1.161179 1.314987 0.961847 0.203130 0.000208 0.000003 -9999.000000 -9999.000000 -9999.000000 -9999.000000 -9999.000000 -9999.000000 -9999.000000 -9999.000000
0.107820 0.088077 0.105861 0.046739 0.054124 0.016028 0.022637 0.025332 0.067998 0.081381 0.032057 0.377092 0.201803 0.150993 0.297942 0.190116 -0.169946 0.289942 1.597424 0.472388 0.171663 0.811952 1.261723 0.786860 0.028655 0.042268 0.005390 -0.006447 0.455604 0.382772 0.098183 0.156129 -0.085876 -0.080216 -0.052815 0.022774 0.083193 0.000395 0.000725 0.000375 0.000185 0.901466 1.018451 0.001112 0.466078 0.554905 0.482576 0.203454 -0.000326 -9999.000000 -9999.000000 -9999.000000 -9999.000000 -9999.000000 -9999.000000 -9999.000000 -9999.000000 -9999.000000
0.189977 0.004455 0.016055 0.001161 0.000378 0.005625 0.021082 0.047099 0.039872 0.021423 0.054369 0.062255 0.234848 0.177012 0.020288 0.339636 -0.012097 0.663424 1.359404 0.649384 0.199805 0.348500 1.416704 0.087207 -0.001887 0.000090 0.013002 0.040973 0.872660 0.557684 0.019709 0.020946 -0.061423 0.031578 -0.010120 -0.057187 -0.671709 -0.000403 -0.000725 -0.000376 -0.000208 1.762602 0.802070 0.002851 0.571082 0.664605 0.572232 0.155133 -9999.000000 -9999.000000 -9999.000000 -9999.000000 -9999.000000 -9999.000000 -9999.000000 -9999.000000 -9999.000000 -9999.000000
0.020329 0.001010 0.000546 -0.000051 -0.000153 0.000107 0.000434 0.059987 0.063849 0.035964 0.027636 0.031427 0.060710 0.051454 0.013206 0.065937 0.318618 0.593655 1.505169 0.817072 0.000276 0.570437 0.341854 0.005825 -0.005401 -0.001394 0.019345 0.028926 0.216153 0.315349 0.001878 0.008819 0.054441 0.050294 0.041990 0.016845 -0.582675 -0.170540 0.506271 0.362275 1.063770 1.524503 0.723103 -0.358950 0.439436 0.653688 0.623102 0.000000 -9999.000000 -9999.000000 -9999.000000 -9999.000000 -9999.000000 -9999.000000 -9999.000000 -9999.000000 -9999.000000 -9999.000000
0.008883 0.002003 0.000544 -0.009579 -0.124586 -0.001072 -0.000494 0.067084 0.082754 0.032911 0.031778 0.060131 0.000208 0.000003 0.039457 0.027720 0.076431 0.621047 1.798828 0.845335 0.659064 0.708102 0.002039 0.001494 0.047094 0.002324 0.033526 0.031112 0.063635 0.366192 0.001500 0.001365 0.000549 0.001047 0.087348 0.027042 0.265219 0.310093 0.858809 0.553245 0.833819 1.001918 0.540643 -0.519676 0.407473 0.471630 0.009294 -9999.000000 -9999.000000 -9999.000000 -9999.000000 -9999.000000 -9999.000000 -9999.000000 -9999.000000 -9999.000000 -9999.000000 -9999.000000
0.000925 0.001103 0.000206 -0.069044 -0.120174 -0.083876 -0.000627 0.061652 0.097373 0.000003 0.000208 0.058406 -0.000326 -0.087250 0.049411 0.052868 0.030739 0.616930 1.328719 1.117095 0.975988 0.042523 0.004938 0.002510 0.139798 0.009110 0.030483 0.065647 0.125450 0.143338 0.002836 0.001100 -0.000187 0.003404 0.192391 0.029840 0.507580 1.016673 1.356477 0.324789 0.175979 0.122158 0.520094 -0.472882 0.274615 0.205711 0.000000 -9999.000000 -9999.000000 -9999.000000 -9999.000000 -9999.000000 -9999.000000 -9999.000000 -9999.000000 -9999.000000 -9999.000000 -9999.000000
0.001268 0.001243 0.000146 0.068427 -0.082158 -0.102968 -0.128125 0.025391 0.096849 -0.131798 -0.000326 0.054203 0.158170 -0.084457 0.042964 0.061897 0.058483 0.971320 0.991936 0.430523 0.344481 0.009957 0.009447 0.003488 0.056562 0.005876 0.031456 0.122597 0.059630 0.022179 0.002467 -0.000516 0.009581 0.007108 0.373716 0.522706 1.099108 0.635291 0.624616 0.406368 0.008243 0.005467 0.039628 0.184162 0.366337 0.008684 -0.001322 -9999.000000 -9999.000000 -9999.000000 -9999.000000 -9999.000000 -9999.000000 -9999.000000 -9999.000000 -9999.000000 -9999.000000 -9999.000000
0.002269 0.001208 0.000564 0.005872 0.009266 -0.103187 -0.026267 -0.092320 0.283759 -0.001437 0.046059 0.162217 0.169710 -0.060338 0.115792 0.298552 0.539466 1.026617 1.067582 0.017608 0.025320 0.021078 0.011661 0.004103 0.019853 0.004343 0.001017 0.190067 0.076893 0.024443 0.023867 -0.021309 -0.007560 -0.002245 0.632136 0.889736 1.323407 0.818415 0.046656 0.045701 0.033096 0.011119 0.017699 0.043176 0.610547 -0.099389 -0.001030 -9999.000000 -9999.000000 -9999.000000 -9999.000000 -9999.000000 -9999.000000 -9999.000000 -9999.000000 -9999.000000 -9999.000000 -9999.000000
0.010441 0.001663 0.001578 0.000337 0.154865 -0.084210 0.052635 -0.244438 0.498518 0.022700 0.051835 0.169969 0.197370 -0.038153 0.277977 0.527819 0.877527 0.969091 0.050996 0.029048 0.042420 0.024593 0.009258 0.000920 0.000069 0.001288 -0.000972 0.292800 0.081695 0.021989 0.104908 -0.025650 -0.022000 -0.008732 0.902380 0.956717 0.333129 0.231310 0.010871 0.017726 0.015830 0.006318 0.002666 0.002795 0.068451 0.001044 -9999.000000 -9999.000000 -9999.000000 -9999.000000 -9999.000000 -9999.000000 -9999.000000 -9999.000000 -9999.000000 -9999.000000 -9999.000000 -9999.000000
0.004308 0.000724 0.000129 0.000040 0.245827 0.004263 0.233125 -0.113510 0.507985 0.083393 0.042497 0.251311 0.271560 -0.045831 0.445011 0.614015 0.884073 0.149223 0.080749 0.020372 0.059715 0.024893 0.002998 -0.002516 -0.002582 0.000627 0.005547 0.339583 0.000766 0.000903 0.008143 -0.014628 -0.118505 0.063664 0.921084 1.161370 0.007267 0.008244 0.000848 0.001603 0.000944 0.008935 0.003607 0.005246 0.001893 0.000679 -9999.000000 -9999.000000 -9999.000000 -9999.000000 -9999.000000 -9999.000000 -9999.000000 -9999.000000 -9999.000000 -9999.000000 -9999.000000 -9999.000000
0.000208 0.000003 -0.000061 -0.000139 0.029460 0.009641 0.015243 0.100304 1.124883 0.133108 0.141484 0.200417 0.185841 0.127041 0.759085 0.871167 0.967573 0.008035 0.010030 0.001129 0.091138 0.025444 -0.001446 -0.019553 -0.005876 -0.002171 0.000447 0.283539 0.000098 -0.000280 -0.000012 -0.003440 0.012882 0.059253 1.175080 1.557142 0.012380 0.007315 0.000030 0.000204 0.000407 0.007343 0.003089 -0.003444 -0.001596 -0.000821 -9999.000000 -9999.000000 -9999.000000 -9999.000000 -9999.000000 -9999.000000 -9999.000000 -9999.000000 -9999.000000 -9999.000000 -9999.000000 -9999.000000
-0.000326 -0.005982 -0.000291 -0.000385 -0.000001 0.000197 0.000009 0.057119 0.311249 0.013322 0.000812 0.534360 0.216661 0.234503 0.203478 0.192493 0.193560 0.000360 0.000360 0.000200 0.109116 0.000402 -0.002507 -0.006555 -0.044398 -0.011457 -0.002119 0.254437 -0.066047 -0.000826 -0.006699 0.003761 0.007221 0.115406 0.907119 1.218518 -0.073089 -0.003583 -0.000826 -0.001578 -0.001081 0.000249 0.000291 -0.005350 -9999.000000 -9999.000000 -9999.000000 -9999.000000 -9999.000000 -9999.000000 -9999.000000 -9999.000000 -9999.000000 -9999.000000 -9999.000000 -9999.000000 -9999.000000 -9999.000000
-0.000118 -0.014688 -0.001014 -0.050566 -0.001276 -0.000816 0.124474 0.119724 0.071945 0.028555 -0.058696 0.435510 0.335768 0.204921 0.200750 0.168808 0.152760 -0.000360 -0.000360 -0.000186 0.100681 -0.000027 0.000000 -0.001976 -0.029811 0.883640 0.908813 0.860614 0.004814 0.112608 -0.017602 -0.208074 -0.273923 0.284804 0.615540 0.725271 -0.107100 -0.620106 -0.039003 -0.090605 -0.009190 -0.000724 -0.000441 -9999.000000 -9999.000000 -9999.000000 -9999.000000 -9999.000000 -9999.000000 -9999.000000 -9999.000000 -9999.000000 -9999.000000 -9999.000000 -9999.000000 -9999.000000 -9999.000000 -9999.000000
0.000865 -0.001016 0.001413 -0.047734 -0.017205 0.099085 0.117317 0.101231 0.066141 0.017832 -0.250156 0.340487 0.276049 0.396615 0.476472 0.134679 0.117531 -0.001928 -0.012076 -0.001224 0.078454 -0.028511 -0.003663 -0.000560 0.184534 1.646061 1.684901 1.603800 0.926244 0.603041 0.163630 -0.970248 -0.882654 0.375455 0.332505 0.077322 -0.159977 -0.539924 -0.280581 -0.650453 -0.007237 -9999.000000 -9999.000000 -9999.000000 -9999.000000 -9999.000000 -9999.000000 -9999.000000 -9999.000000 -9999.000000 -9999.000000 -9999.000000 -9999.000000 -9999.000000 -9999.000000 -9999.000000 -9999.000000 -9999.000000
0.000000 0.000474 0.020288 0.001532 0.008470 0.191745 0.103019 0.069050 0.034192 -0.002066 -0.231586 0.249581 0.289497 0.475592 0.537099 0.157922 0.000680 -0.001330 -0.319978 -0.092601 0.213817 0.011392 -0.072544 0.157784 0.344026 1.298232 1.383371 1.164303 0.794876 0.351962 0.104815 -0.404012 -0.629689 0.133080 0.155213 -0.150723 -0.037144 -0.309221 -0.169984 -9999.000000 -9999.000000 -9999.000000 -9999.000000 -9999.000000 -9999.000000 -9999.000000 -9999.000000 -9999.000000 -9999.000000 -9999.000000 -9999.000000 -9999.000000 -9999.000000 -9999.000000 -9999.000000 -9999.000000 -9999.000000 -9999.000000
0.002558 0.002799 0.029994 0.000978 0.132851 0.327708 0.118016 0.061922 0.024191 0.111036 -0.019286 0.209724 0.175035 0.373684 0.501827 0.005790 0.000194 0.113312 0.015194 0.040913 0.250038 -0.066992 -0.024596 0.084876 0.026916 0.980945 1.123919 1.052967 0.365362 0.142932 0.073042 0.023126 -0.351766 0.005553 0.005707 0.216323 0.257455 -0.119935 -0.104866 -9999.000000 -9999.000000 -9999.000000 -9999.000000 -9999.000000 -9999.000000 -9999.000000 -9999.000000 -9999.000000 -9999.000000 -9999.000000 -9999.000000 -9999.000000 -9999.000000 -9999.000000 -9999.000000 -9999.000000 -9999.000000 -9999.000000
