use_cases/Flooding_chicago/flooding_data/output/hUy_300.asc
ncols 337
nrows 393
xllcorner 428428.000000
yllcorner 4602440.000000
cellsize 26.757400
NODATA_value -9999.000000
[rows 52 to 77 of 393, columns 232 to 289 of 337]
0.013663 0.010794 0.036565 0.001263 0.000131 0.000330 0.000401 0.000013 0.000000 0.000000 -9999.000000 -9999.000000 -9999.000000 -9999.000000 -9999.000000 -9999.000000 -9999.000000 -9999.000000 -9999.000000 -9999.000000 -9999.000000 -9999.000000 -9999.000000 -9999.000000 -9999.000000 -9999.000000 -9999.000000 -9999.000000 -9999.000000 -9999.000000 -9999.000000 -9999.000000 -9999.000000 -9999.000000 -9999.000000 -9999.000000 -9999.000000 -9999.000000 -9999.000000 -9999.000000 -9999.000000 -9999.000000 -9999.000000 -9999.000000 -9999.000000 0.004488 -0.000597 -0.014355 -0.086513 -0.060959 -0.071240 -0.023423 -0.048230 -0.073439 0.000512 0.001221 0.001569 -0.006795
0.000634 0.000353 0.000142 -0.002704 -0.000136 -0.000396 -0.000555 -0.010184 -0.004811 -0.000341 -9999.000000 -9999.000000 -9999.000000 -9999.000000 -9999.000000 -9999.000000 -9999.000000 -9999.000000 -9999.000000 -9999.000000 -9999.000000 -9999.000000 -9999.000000 -9999.000000 -9999.000000 -9999.000000 -9999.000000 -9999.000000 -9999.000000 -9999.000000 -9999.000000 -9999.000000 -9999.000000 -9999.000000 -9999.000000 -9999.000000 -9999.000000 -9999.000000 -9999.000000 -9999.000000 -9999.000000 -9999.000000 -9999.000000 -9999.000000 0.000360 0.000360 -0.000338 -0.001063 -0.514770 -0.392036 -0.379227 -0.035649 -0.071992 -0.057716 -0.000215 0.000976 0.000927 -0.003257
-0.000907 -0.000415 -0.000147 -0.123020 -0.009115 -0.008169 -0.008258 -0.026972 -0.008665 0.000295 -9999.000000 -9999.000000 -9999.000000 -9999.000000 -9999.000000 -9999.000000 -9999.000000 -9999.000000 -9999.000000 -9999.000000 -9999.000000 -9999.000000 -9999.000000 -9999.000000 -9999.000000 -9999.000000 -9999.000000 -9999.000000 -9999.000000 -9999.000000 -9999.000000 -9999.000000 -9999.000000 -9999.000000 -9999.000000 -9999.000000 -9999.000000 -9999.000000 -9999.000000 -9999.000000 -9999.000000 -9999.000000 -9999.000000 -9999.000000 -0.000360 -0.000360 -0.000513 -0.000386 0.010981 -0.187545 -0.180504 -0.355591 -0.257468 -0.054734 -0.000726 -0.000325 0.000913 -0.000742
-0.009350 -0.007506 -0.000733 -0.188878 -0.083834 -0.014292 -0.014494 -0.042241 -0.003559 0.006875 -9999.000000 -9999.000000 -9999.000000 -9999.000000 -9999.000000 -9999.000000 -9999.000000 -9999.000000 -9999.000000 -9999.000000 -9999.000000 -9999.000000 -9999.000000 -9999.000000 -9999.000000 -9999.000000 -9999.000000 -9999.000000 -9999.000000 -9999.000000 -9999.000000 -9999.000000 -9999.000000 -9999.000000 -9999.000000 -9999.000000 -9999.000000 -9999.000000 -9999.000000 -9999.000000 -9999.000000 -9999.000000 -9999.000000 -9999.000000 -0.001712 -0.003482 -0.001444 -0.000576 -0.000029 -0.000002 -0.000000 -0.212839 -0.151945 -0.052392 -0.000714 -0.000522 0.000877 -0.000445
-0.027213 -0.040146 -0.001559 0.080002 -0.026659 -0.052069 -0.035131 -0.112286 -0.005841 0.002244 0.000203 0.000768 0.000045 -9999.000000 -9999.000000 -9999.000000 -9999.000000 -9999.000000 -9999.000000 -9999.000000 -9999.000000 -9999.000000 -9999.000000 -9999.000000 -9999.000000 -9999.000000 -9999.000000 -9999.000000 -9999.000000 -9999.000000 -9999.000000 -9999.000000 -9999.000000 -9999.000000 -9999.000000 -9999.000000 -9999.000000 -9999.000000 -9999.000000 -9999.000000 -9999.000000 -9999.000000 -9999.000000 -9999.000000 -0.000613 -0.002304 -0.012529 -0.006620 -0.032140 -0.033684 -0.035824 -0.092413 -0.407470 -0.029008 -0.000277 -0.000251 0.000000 -0.000458
-0.023074 0.000360 0.000360 0.000410 -0.012555 -0.016079 -0.140558 -0.000858 0.013822 -0.003218 -0.043654 -0.004446 -0.014906 -9999.000000 -9999.000000 -9999.000000 -9999.000000 -9999.000000 -9999.000000 -9999.000000 -9999.000000 -9999.000000 -9999.000000 -9999.000000 -9999.000000 -9999.000000 -9999.000000 -9999.000000 -9999.000000 -9999.000000 -9999.000000 -9999.000000 -9999.000000 -9999.000000 -9999.000000 -9999.000000 -9999.000000 -9999.000000 -9999.000000 -9999.000000 -9999.000000 -9999.000000 -9999.000000 0.000000 0.000151 -0.006300 -0.026294 -0.021498 -0.578891 -0.150236 -0.144348 -0.147382 -0.298017 -0.001542 -0.010531 -0.010597 -0.002442 -0.001011
-0.002165 -0.000360 -0.000360 0.000404 -0.002324 -0.008053 -0.057316 0.065294 0.073290 0.007419 -0.138302 -0.053533 -0.114356 -0.015357 -0.001500 -9999.000000 -9999.000000 -9999.000000 -9999.000000 -9999.000000 -9999.000000 -9999.000000 -9999.000000 -9999.000000 -9999.000000 -9999.000000 -9999.000000 -9999.000000 -9999.000000 -9999.000000 -9999.000000 -9999.000000 -9999.000000 -9999.000000 -9999.000000 -9999.000000 -9999.000000 -9999.000000 -9999.000000 -9999.000000 -9999.000000 -9999.000000 -9999.000000 0.000519 0.000121 -0.013819 -0.032520 -0.054250 0.022319 -0.132833 -0.208185 -0.091364 -0.135006 0.000356 -0.013499 -0.023137 -0.001417 -0.008524
-0.013701 -0.013057 -0.006013 -0.000177 -0.000004 -0.001558 -0.008563 0.161164 0.008647 0.051721 0.004684 -0.025890 -0.049303 -0.013843 -0.070661 0.000000 0.000000 0.000000 0.000000 -9999.000000 -9999.000000 -9999.000000 -9999.000000 -9999.000000 -9999.000000 -9999.000000 -9999.000000 -9999.000000 -9999.000000 -9999.000000 -9999.000000 -9999.000000 -9999.000000 -9999.000000 -9999.000000 -9999.000000 -9999.000000 -9999.000000 -9999.000000 -9999.000000 -9999.000000 -9999.000000 -9999.000000 0.000467 0.000178 -0.000231 0.026560 -0.002951 0.093294 0.441369 -0.084330 0.035174 -0.022788 -0.001682 -0.018740 -0.129099 0.021569 -0.083929
-0.024186 -0.025847 -0.020364 -0.004097 -0.007992 -0.028039 0.101006 0.014735 0.006917 0.009360 -0.000072 -0.004328 -0.012140 -0.058703 -0.168377 -0.090294 -0.011329 -0.005798 -0.000269 0.000000 0.000000 -9999.000000 -9999.000000 -9999.000000 -9999.000000 -9999.000000 -9999.000000 -9999.000000 -9999.000000 -9999.000000 -9999.000000 -9999.000000 -9999.000000 -9999.000000 -9999.000000 -9999.000000 -9999.000000 -9999.000000 -9999.000000 -9999.000000 -9999.000000 -9999.000000 0.000000 -0.000023 -0.000000 0.000699 0.007735 0.126472 0.033493 0.126299 0.130097 0.657310 -0.004658 -0.001438 -0.005574 0.000955 0.045034 0.113637
-0.025027 -0.042335 -0.035640 -0.023830 -0.063076 -0.021054 0.026025 0.007740 0.003946 0.000225 -0.000254 -0.002359 -0.020316 -0.215759 0.301554 -0.555466 -0.028224 -0.014898 -0.001952 -0.018275 -0.008164 0.000000 -9999.000000 -9999.000000 -9999.000000 -9999.000000 -9999.000000 -9999.000000 -9999.000000 -9999.000000 -9999.000000 -9999.000000 -9999.000000 -9999.000000 -9999.000000 -9999.000000 -9999.000000 -9999.000000 -9999.000000 -9999.000000 -9999.000000 0.001010 -0.000325 -0.000573 -0.000244 0.000640 0.001053 0.041181 0.006381 0.001316 0.385407 0.699284 0.013396 -0.000599 -0.000674 0.000345 0.000807 0.006262
-0.137586 0.102990 -0.096204 -0.160919 -0.051715 -0.002027 0.020626 0.000345 0.000222 0.000164 0.000069 -0.000302 -0.004913 0.436806 0.416658 -0.415971 0.039944 -0.000580 -0.006041 -0.029104 -0.067500 -0.004032 0.000000 0.004428 0.000009 0.000410 -9999.000000 -9999.000000 -9999.000000 -9999.000000 -9999.000000 -9999.000000 -9999.000000 -9999.000000 -9999.000000 -9999.000000 -9999.000000 -9999.000000 -9999.000000 -9999.000000 -9999.000000 0.001196 0.000660 0.000163 -0.000081 -0.000005 0.001480 0.012063 0.000496 -0.000368 0.516173 0.823927 0.079833 -0.010444 -0.008487 -0.000090 0.000148 0.000222
0.004527 0.170786 -0.000982 -0.180681 -0.007206 0.012651 0.006653 0.000200 -0.000222 -0.000003 -0.000000 0.000218 0.006031 0.042037 0.004600 0.022248 0.020625 0.016256 -0.045584 -0.877886 0.171451 -0.020377 0.000563 0.005860 -0.000416 -0.000013 0.000326 0.000276 0.000701 0.000721 -9999.000000 -9999.000000 -9999.000000 -9999.000000 -9999.000000 -9999.000000 -9999.000000 -9999.000000 -9999.000000 -9999.000000 -9999.000000 0.001319 0.001779 0.000849 -0.000032 -0.000559 0.004865 0.059850 0.175395 0.551685 0.826671 0.247677 0.222984 0.065670 -0.012289 -0.000162 -0.000248 -0.000222
0.007091 0.017884 0.821554 0.098426 0.017907 0.011839 0.000452 -0.001332 -0.007173 -0.004894 -0.005136 -0.000484 -0.000042 -0.000002 -0.000000 0.000037 0.001243 0.007363 0.039869 -0.804158 0.397108 -0.001291 0.001121 0.003191 -0.002742 -0.007009 -0.000208 -0.000003 -0.000555 -0.000621 -0.000034 -0.000001 -0.000000 -0.000000 -0.000000 -0.000000 0.072776 0.000945 0.000278 0.000186 0.000429 0.000384 0.001140 0.000066 0.000101 -0.000622 0.027155 0.114582 0.081451 0.196410 0.146921 0.140342 0.175547 0.154239 0.054326 0.003565 0.005462 0.012948
-0.001261 0.000858 0.016897 0.017539 0.026268 0.007517 -0.000334 -0.001374 -0.011024 -0.015331 -0.017534 -0.072345 -0.111101 -0.009338 -0.016667 -0.015584 0.000739 0.000717 0.014493 0.014564 0.106362 0.002329 0.000360 0.000360 -0.001976 -0.046873 -0.010391 -0.009855 -0.001119 -0.006363 -0.006817 0.038628 -0.004597 -0.017005 -0.000973 0.007314 0.083945 0.000125 0.000022 0.000039 0.000246 0.000272 -0.000101 -0.000331 0.000068 0.123356 0.119471 0.080063 0.061422 0.091432 0.119551 0.088661 0.039827 0.123482 0.066460 0.003688 0.019090 0.051142
-0.004927 -0.001380 0.000525 0.001897 0.019083 -0.000018 -0.000739 -0.009692 -0.000735 -0.039882 -0.000314 0.087290 -0.577605 0.092593 0.260117 0.005530 0.001577 0.000959 0.001043 0.007571 0.003552 0.002973 -0.000360 -0.000360 -0.001639 -0.051148 -0.063426 -0.036607 -0.003436 -0.035752 -0.227362 0.023682 -0.006038 -0.016598 -0.000597 0.022872 0.008284 -0.000193 -0.000274 -0.000182 -0.000282 0.000000 -0.000201 -0.000299 -0.000074 0.026713 0.029790 0.016572 0.037564 0.032054 0.104538 0.044722 0.007368 0.097000 0.045691 0.000151 0.000777 0.013771
-0.145841 -0.000422 0.000486 0.000304 0.000247 -0.002463 -0.001415 -0.045261 -0.004362 0.007314 0.038100 0.167138 -0.283552 0.141907 0.273397 0.039542 0.003938 0.000334 0.000041 0.000002 0.007044 -0.002768 -0.004488 -0.014043 -0.002198 -0.010215 -0.088914 -0.106217 -0.001432 0.000992 0.001467 0.018481 0.000000 0.000000 0.002560 0.013698 0.054233 -0.001227 -0.007779 -0.011234 -0.000410 -0.000272 -0.000469 -0.000278 -0.000833 -0.000080 -0.000004 0.023586 0.011505 0.034866 0.027518 0.040878 0.004444 0.015882 0.024632 0.000018 0.000212 0.000391
-0.608766 0.000098 0.000453 -0.000193 -0.000686 -0.002993 0.000011 -0.006429 -0.001144 0.040361 0.061163 0.144278 0.082506 0.059907 0.012175 0.028474 0.009528 -0.000012 -0.001012 -0.003973 -0.000251 -0.020067 -0.055898 -0.035506 -0.021949 -0.060331 -0.041838 -0.050604 0.000326 0.000377 0.001890 0.001010 -0.009154 0.004897 -0.000471 -0.003967 -0.006465 0.000000 -0.065303 -0.028394 -0.000556 -0.000384 -0.000445 -0.017761 -0.003358 -0.035280 -0.023588 0.000338 0.001283 0.013812 0.004571 0.005208 0.006462 0.000569 0.000394 -0.028279 -0.000495 -0.000063
0.087280 -0.000429 -0.000095 -0.002221 -0.017384 -0.000763 0.000012 0.000553 0.000961 0.032324 0.031604 0.077170 0.047159 0.000002 0.000049 0.001120 0.001633 -0.000352 -0.018600 -0.003464 -0.012364 -0.012033 -0.020012 -0.007291 -0.002802 -0.128600 -0.111900 -0.184895 -0.000208 -0.000003 0.000134 0.000161 -0.002943 0.005081 -0.007615 -0.013911 -0.016235 -0.040805 -0.027036 -0.057279 -0.000558 -0.004044 -0.007975 -0.026761 -0.049390 -0.181531 -0.037154 0.000001 0.000003 0.000000 0.000506 0.001767 0.000453 -0.000247 -0.000331 -0.057785 -0.006442 -0.000104
0.246973 0.258959 -0.011707 -0.015332 -0.046847 -0.005848 -0.010322 0.000682 0.015159 0.025639 0.026911 0.011203 0.052294 0.004617 0.060857 0.000109 -0.000096 -0.000764 -0.038097 -0.016589 -0.067572 -0.015623 -0.015721 0.005306 0.044322 0.055317 -0.053498 -0.458223 -0.011643 -0.006241 -0.000733 0.000097 0.002410 0.054650 -0.009611 -0.014197 -0.010549 -0.059551 -0.191485 -0.049678 -0.008889 -0.011333 -0.028107 -0.019856 -0.115371 0.085066 0.039837 -0.000339 -0.001310 -0.014269 -0.004348 -0.005137 -0.006526 -0.000554 -0.022743 -0.047726 -0.007475 -0.004384
0.323633 0.382152 -0.026790 -0.053050 -0.057765 -0.011412 -0.023287 0.000848 0.008676 0.010827 0.008968 0.000538 0.000378 0.012089 0.052984 -0.000579 -0.001310 -0.011683 -0.003871 -0.123588 -0.222114 -0.010080 -0.006522 0.038547 0.022043 0.024008 0.030247 -0.339084 -0.450971 -0.019309 -0.009475 -0.000407 0.020567 0.022551 -0.006451 -0.020244 -0.044762 -0.347698 -0.536644 -0.005094 -0.020935 0.003508 0.044489 0.031739 0.205949 0.183366 0.274543 -0.011289 -0.012366 -0.048883 -0.014686 -0.003724 -0.004926 -0.073721 -0.010248 -0.181129 -0.003191 -0.020814
0.122223 0.544778 -0.409830 -0.485363 -0.555670 -0.024338 -0.011169 0.000149 0.000222 0.000139 0.000096 -0.000037 0.000341 0.033208 0.016033 -0.000990 -0.001044 -0.016927 0.003284 -0.005372 -0.005003 -0.001332 0.000586 0.006724 0.002789 0.012370 0.024384 -0.156756 -0.451076 0.077788 -0.071755 0.000295 0.004012 0.016996 -0.000609 -0.001383 -0.271269 0.222843 -0.021435 0.035470 0.023630 0.023279 0.007526 0.016542 0.019929 0.063005 0.818313 -0.064369 -0.060542 -0.104649 -0.007955 0.005351 -0.001664 -0.272393 -0.032639 -1.154277 0.046963 -0.001299
0.102788 0.035665 0.177165 0.167361 0.140005 0.037955 0.023710 0.000314 -0.000222 0.000011 -0.000072 -0.000254 0.000894 0.057474 -0.030827 -0.000722 -0.008595 0.009085 0.018608 0.026359 0.117573 0.006621 0.000303 0.000554 0.004190 0.000668 0.008434 0.019782 -0.306492 0.130445 -0.002152 0.000234 0.000326 0.007304 0.000489 0.019240 0.052022 0.547455 0.046322 0.018475 0.008244 0.011896 0.003929 0.006519 0.005438 0.039904 1.144198 0.023419 0.009846 -0.010071 0.196355 0.046389 0.143048 0.200765 0.192035 0.098660 0.017136 0.018020
0.100171 0.027872 0.021830 0.015023 0.030581 0.051023 0.012722 0.000403 -0.004495 -0.000321 -0.000519 0.007786 0.000788 0.103376 -0.015391 0.006180 -0.114296 -0.017454 0.000232 0.027686 0.222883 0.060372 0.000533 0.000247 0.000331 -0.000183 -0.000003 0.009029 0.025154 0.134384 0.000437 0.000054 -0.000208 -0.000003 -0.000000 0.012336 0.024528 0.033977 0.026885 0.005146 0.000120 0.000000 0.000000 0.000000 0.000000 0.059610 1.255370 0.107955 0.054702 -0.011765 0.023163 0.031091 0.014861 0.017170 0.082505 0.016761 0.006435 0.008750
0.029601 0.024546 0.000063 0.000253 0.003929 0.017207 0.001046 0.000044 -0.016435 -0.004715 -0.000536 0.042010 0.233023 0.137091 0.019130 0.002361 0.002498 -0.029765 -0.010048 -0.000886 0.055644 0.016464 0.000235 -0.000569 -0.000394 -0.008410 -0.001983 -0.000085 0.032627 0.018449 0.000186 -0.000605 -0.007686 -0.007326 -0.028466 0.000001 0.000111 0.000000 0.000503 -0.000014 -0.000435 -0.002350 -0.007509 -0.009718 -0.006478 0.208013 0.257090 0.068049 0.131416 0.001560 0.022647 0.013887 0.007559 0.011070 0.011774 0.001351 0.000000 0.000000
0.001026 0.000446 -0.000063 -0.000143 0.000000 0.000000 -0.000159 -0.004018 -0.019567 -0.018242 0.002646 0.141469 0.146646 0.023694 0.245825 -0.001022 -0.005368 -0.024541 -0.010160 0.028054 0.013121 0.000574 -0.000453 -0.007789 -0.012926 -0.107860 -0.002497 -0.001160 0.059396 0.029934 -0.058770 -0.016347 -0.013816 -0.013604 -0.054051 -0.013997 -0.000990 -0.014269 -0.003273 -0.018007 -0.000791 -0.001477 -0.017228 -0.021855 -0.020531 0.274561 0.005288 0.003613 0.200335 0.003096 0.008330 0.000334 0.000339 0.000001 0.000000 -0.001309 -0.011418 -0.009979
-0.001646 -0.002634 -0.018236 -0.008407 -0.008066 -0.008066 -0.017713 -0.012404 -0.022590 -0.146427 0.002633 0.251829 0.019014 0.041149 0.176612 0.068234 0.136729 0.061088 0.078996 -0.043163 0.000656 0.001226 0.001030 -0.016289 -0.614521 -0.063232 0.012759 0.004170 0.053641 0.037062 -0.024442 -0.049377 -0.486987 0.156572 0.076234 0.128322 0.028121 -0.047540 -0.018438 -0.051656 -0.000483 -0.000660 -0.002046 -0.021234 0.005407 0.282808 0.033449 0.016111 0.259405 0.026347 0.000346 0.000010 -0.000240 -0.000544 -0.000108 -0.004899 -0.062027 -0.048891
