use_cases/Flooding_chicago/flooding_data/output/hUy_2280.asc
ncols 337
nrows 393
xllcorner 428428.000000
yllcorner 4602440.000000
cellsize 26.757400
NODATA_value -9999.000000
[rows 130 to 155 of 393, columns 174 to 231 of 337]
0.026408 0.009341 0.000558 0.000009 0.000155 0.048776 0.292676 0.037517 0.055861 0.028985 0.015842 0.021658 0.024778 0.032046 0.022722 0.047683 0.044717 0.012530 -0.242275 -1.029602 -1.462384 -1.557943 -0.245730 -0.033827 -0.262623 -0.215116 -0.000976 0.000728 -0.001869 -0.008896 -0.483880 -0.098885 -0.147553 0.045927 0.017738 0.028322 0.003884 0.000757 0.000491 0.000025 0.111801 0.024267 0.077816 0.104882 0.136132 0.039796 0.060913 0.062487 0.092053 0.004172 0.000534 0.000511 0.000268 -0.000209 -0.000007 0.033283 0.466496 0.042187
0.006837 0.000321 -0.000118 -0.007951 -0.000339 0.040674 0.073946 0.006912 0.017387 0.012546 0.013963 0.006008 0.019417 0.014278 0.017403 0.010233 0.017265 0.001664 -0.334316 -0.603177 -1.517546 -1.574765 -0.348943 -0.154452 -0.134788 0.098154 -0.000617 0.001447 0.022904 -0.001526 -0.619952 0.030691 0.026886 0.030423 0.009552 0.012430 0.000890 -0.000110 -0.000156 -0.032443 -0.003084 0.040463 0.017312 0.026621 0.010681 0.036066 0.038190 0.031105 0.026866 0.012446 0.000798 0.000718 -0.000039 -0.000812 0.002341 0.037476 0.046923 0.010713
0.000000 -0.000098 -0.006242 -0.026414 -0.026015 -0.002599 0.017943 0.000143 0.000061 0.000140 0.000222 0.000444 0.000025 0.000373 0.000308 0.000143 0.000002 -0.000132 0.107060 -0.600089 -1.457946 -1.786650 -0.635204 -0.350854 -0.155426 0.248484 -0.027002 -0.067721 -0.035911 -0.140434 -0.310083 0.001685 0.007400 0.011921 0.000965 0.000473 -0.000082 -0.010447 -0.015302 -0.268567 0.005940 0.013924 0.007807 0.015069 0.008809 0.011552 0.007295 0.021056 0.002493 0.003219 0.000222 0.000103 -0.000243 -0.000513 -0.001721 0.000000 0.000252 0.002900
-0.017748 -0.017371 -0.022144 -0.031584 -0.099762 -0.001116 -0.000011 -0.000156 -0.000063 -0.000140 -0.000222 -0.000221 -0.022738 -0.000644 -0.000421 -0.000128 -0.003367 0.024355 1.012507 -0.422284 -1.402521 -2.190685 -1.060706 -0.753232 -0.512319 0.307912 0.544289 -0.090436 -0.040861 -0.001101 -0.020456 0.003148 0.000318 0.000270 -0.000000 -0.000270 -0.007920 -0.032855 -0.146362 -0.218290 0.017902 0.004395 0.000289 0.000368 0.000724 0.000404 0.000015 0.000000 -0.000377 -0.001837 -0.000222 -0.000103 -0.000178 -0.000619 -0.008366 -0.031055 -0.002434 -0.007177
-0.042736 -0.036374 -0.030721 -0.031639 -0.166869 -0.009549 -0.004772 -0.041655 -0.010321 -0.007420 -0.008512 -0.030905 -0.045453 -0.025884 -0.019983 -0.008552 -0.017612 0.793198 0.817056 -0.507967 -1.413030 -1.957247 -1.344751 -0.933932 -0.723555 0.296954 1.322003 -0.002379 -0.012795 -0.002264 -0.007496 0.000091 -0.000109 -0.000473 -0.000965 -0.001058 -0.022146 -0.370085 -0.069743 -0.121623 0.008058 0.000152 0.000068 -0.000388 -0.000781 -0.000588 -0.010501 -0.004899 -0.048796 -0.002744 -0.006516 -0.009821 -0.007692 -0.000783 -0.002577 -0.114283 0.077092 -0.009903
-0.055844 -0.068837 -0.048715 -0.152596 -0.165749 -0.025660 -0.021925 -0.067447 -0.018374 -0.021399 -0.017885 -0.059074 -0.036250 -0.059993 -0.040063 -0.018495 -0.040709 0.682234 0.365368 -0.496592 -1.299251 -2.070445 -1.428725 -1.412645 -1.105672 0.274696 2.282955 0.854971 -0.035431 -0.011561 -0.001714 -0.000212 -0.001110 -0.006720 -0.024094 -0.002493 -0.047169 -0.422049 0.014545 0.047781 0.000311 -0.000054 -0.000755 -0.008639 -0.009405 -0.021956 -0.022471 -0.043272 -0.073190 -0.025316 -0.024921 -0.020013 -0.024516 -0.000656 -0.019390 -0.007969 0.151436 -0.196424
-0.096959 -0.781276 -0.349012 -0.292592 -0.615723 -0.849754 -0.053316 -0.065430 -0.013577 -0.044433 -0.811243 -0.059493 -0.022072 -0.039646 -0.424981 -0.618286 -0.391715 0.437747 0.239782 -0.486875 -1.232232 -2.085962 -1.405565 -1.455501 -1.495661 0.135750 2.085069 2.034976 -0.170047 -0.016932 -0.002159 -0.014324 -0.012228 -0.033977 -0.041653 -0.014196 -0.613789 -0.412479 0.011689 0.007386 0.000101 -0.001632 -0.018777 -0.014953 -0.015390 -0.036265 -0.020255 -0.077353 -0.085628 -0.052323 -0.039535 -0.023647 -0.018203 -0.000954 -0.133457 0.118433 0.284840 -0.148397
-0.008250 0.234560 0.055366 0.254709 -0.093930 -0.309239 -0.467940 -0.873742 -0.769502 0.605677 -0.178229 -1.415205 -0.066754 -0.015474 0.054294 0.146437 -0.063362 0.283191 0.212741 -0.522577 -1.302965 -1.966560 -1.306473 -1.445266 -1.346355 0.034524 2.175264 1.975759 0.073625 -0.002673 -0.009168 -0.019178 -0.041200 -0.049375 -0.040010 -0.390923 -0.438014 -0.000000 -0.000004 -0.000117 -0.002007 -0.009255 -0.047941 -0.017315 -0.017541 -0.029714 -0.064430 -0.095637 -0.094026 -0.065474 -0.039171 -0.039685 -0.002290 -0.000596 0.010289 0.172638 0.162186 0.034876
0.552143 0.757879 0.365510 0.475182 0.294425 0.025373 -0.426755 -0.604720 0.156489 1.180610 0.406041 -1.006579 -0.939353 -1.108249 0.539827 0.661818 -0.229178 -0.071952 -0.019982 -0.571663 -1.321807 -1.947317 -1.367686 -1.418491 -1.450944 -0.169312 1.926192 1.561156 0.236802 -0.013951 -0.015606 -0.021810 -0.169743 -0.263095 -0.909750 -0.554634 -0.389920 -0.023304 -0.014673 -0.016473 -0.023356 -0.005884 -0.018020 -0.018838 -0.018848 -0.034087 -0.094195 -0.108100 -0.075837 -0.069341 -0.076365 -0.058660 -0.025429 -0.014529 0.202870 0.441326 0.428170 0.236024
1.299342 1.006420 0.439204 0.539643 0.567700 0.481055 -0.389877 -0.466446 1.032451 1.799567 0.791202 -0.352065 -1.000694 -1.669108 1.264002 1.299667 -0.768087 -0.646343 -0.575452 -1.007336 -1.670596 -2.146861 -1.504521 -1.635588 -1.763318 -0.533844 1.385724 1.117257 0.038469 -0.030836 -0.021983 -0.284889 0.004246 -0.424845 -0.665891 0.231291 -0.278892 -0.401174 -0.034053 -0.049725 -0.042766 -0.020599 -0.045739 -0.013796 -0.026989 -0.030873 -0.073068 -0.211610 -0.040761 -0.061170 -0.151334 -0.117010 -0.068454 0.102661 0.646879 0.762891 0.691854 0.632921
1.417890 1.096929 0.219773 0.296497 1.400005 0.873211 -0.142218 -0.442611 1.541863 1.582221 0.666694 0.279452 0.527656 -1.390376 1.702590 1.682688 -0.655724 -0.754757 -0.661725 -1.281052 -1.743718 -2.097929 -1.485494 -1.680529 -1.739653 -0.740229 1.156965 0.915567 -0.346674 -0.455061 -0.293086 -0.206596 0.021404 0.020619 -0.308946 0.341138 -0.185372 -0.459805 -0.203731 -0.197070 -0.048297 -0.035432 -0.031839 -0.027961 -0.054160 -0.032583 -0.492487 -1.753523 -0.060292 -0.095304 0.073782 0.387110 0.258961 0.714586 1.000152 1.287189 1.168180 1.486979
1.165269 1.060140 0.177419 1.670213 1.843916 0.903055 -0.083383 -0.179119 2.046999 1.142032 0.075799 0.106496 0.399194 -0.269868 2.451861 2.432302 -0.190936 -0.508126 -0.472127 -1.073251 -1.632295 -1.846024 -1.157755 -1.323236 -1.615215 -0.692117 1.094650 0.751606 -0.743156 -0.484134 -0.294483 -0.369309 -0.013388 0.201543 0.139735 0.610426 -0.033283 -0.548237 0.063168 0.536297 -2.581954 -2.367974 -0.021733 -1.883688 -1.527699 -1.128066 0.318056 -0.668896 0.581280 0.493264 0.977252 0.829049 0.494705 1.042273 1.192000 1.672779 1.491108 2.073170
0.418891 0.384908 0.529100 2.103342 2.005924 0.803508 -0.131325 0.031304 0.010506 0.010217 0.010826 0.192904 0.271277 0.014907 0.005786 0.022715 0.021730 -0.017804 0.028221 -0.722711 -1.134962 -1.421371 -0.934379 -1.021537 -1.148917 -0.398124 1.218803 0.814958 -0.560953 -0.926414 -0.430318 -0.701146 -0.347960 0.037640 -0.013174 0.169311 0.007037 -0.605942 1.056615 1.267603 -1.298142 -2.239648 -0.524961 -0.864164 -0.257347 -0.360382 0.234112 -0.055954 0.598633 0.817102 1.382062 1.351537 0.832862 1.191827 1.150435 1.500961 1.558483 2.049760
0.394771 0.423890 0.265779 1.241925 0.894824 0.033752 0.000762 0.013514 0.000992 0.001105 0.000268 0.231980 0.275264 0.000008 0.000346 0.007856 0.004927 0.004616 0.001511 -0.331968 -0.856443 -1.242146 -0.516380 -0.679289 -0.585353 0.178221 1.480426 0.928123 -0.363209 -1.131941 -0.802414 -0.993289 -0.784754 -0.398830 -0.053898 0.000125 0.000222 -0.011238 1.137786 1.555624 -0.488330 -1.524128 -0.268394 -0.308142 -0.050964 -0.207587 0.141593 0.132026 0.654766 1.200937 2.126624 1.884138 1.025120 1.076468 0.943505 1.251467 1.523199 1.899338
0.379432 0.456876 0.283626 1.687033 0.002247 0.103782 0.000994 0.000342 0.001010 0.001390 0.000055 0.270827 0.206580 -0.006369 -0.000180 0.000180 0.000222 0.026058 0.004010 -0.012430 -0.493223 -0.946801 -0.022931 -0.492253 -0.143028 0.667733 1.452860 0.911732 -0.153017 -1.295588 -1.163645 -1.419246 -1.209469 -1.445810 -0.088674 -0.000125 -0.000222 0.025620 1.033210 1.424824 0.253963 -0.645817 0.045962 0.066882 0.119933 -0.162016 0.112356 0.308879 1.169935 1.666183 2.207928 1.708294 1.257483 1.080385 0.691931 0.936188 1.387464 1.666241
0.336970 0.503713 0.285978 0.642264 0.005811 0.016812 0.000157 -0.000033 -0.000023 0.000222 -0.000195 0.394760 0.270873 -0.023482 -0.007891 -0.000346 -0.000004 0.007507 0.001746 0.000334 -0.066532 -0.169057 0.751352 -0.221078 0.363286 1.314508 1.447130 1.205506 0.208701 -1.075883 -1.546466 -1.657091 -2.041949 -1.805593 -0.950287 -0.146263 0.179410 0.021234 1.195379 1.746819 0.789059 0.021174 1.434558 0.268891 0.093966 -0.084519 0.240477 0.591641 1.624222 1.981004 2.148373 1.500859 0.711122 0.855414 0.570273 0.846765 1.259439 1.561375
0.300525 0.517262 0.012277 0.021869 0.005702 -0.000019 -0.000269 -0.000164 -0.000323 -0.000222 -0.014293 0.237177 0.185270 0.006021 -0.018965 -0.006276 -0.000885 -0.000031 -0.000000 -0.000268 0.120772 0.203224 0.716692 0.450475 1.069668 1.776345 1.473661 1.360055 1.348004 -0.712651 -1.597958 -2.180931 -2.003666 -2.639995 -1.779611 -1.019011 -0.032736 0.334782 1.325462 1.972385 1.520002 0.596037 0.774544 0.321610 0.101816 -0.087477 0.339272 0.644377 1.888780 1.671582 1.490497 0.992979 0.681358 0.893439 0.657121 0.782391 1.035248 1.194067
0.021541 0.029032 0.024163 0.000000 0.000000 -0.017233 -0.039149 -0.009267 -0.007836 -0.008612 -0.198654 0.162551 0.103505 0.113184 -0.011621 -0.012642 -0.000709 -0.011170 -0.006602 0.358166 0.552947 0.302634 0.922619 0.248368 1.284009 1.738668 2.218166 1.802567 1.451069 0.387351 -1.172823 -2.227920 -2.755662 -2.440697 -1.688381 -0.771722 -0.176400 0.723610 1.448322 1.954808 1.693877 0.836598 0.446984 0.378602 0.088793 0.030394 0.393488 0.648506 1.889184 1.151061 1.105100 0.837387 0.828971 0.973554 0.894061 0.696410 0.764841 1.006971
-0.137376 0.027480 0.016795 -0.049446 -0.035245 -0.013624 -0.287714 0.134338 -0.024246 -0.032212 0.075333 0.123464 -0.000526 0.108808 -0.001770 -0.002370 -0.011362 -0.020894 -0.271659 0.428169 0.550379 0.094840 1.409982 0.691242 2.529840 3.256469 3.736089 2.568116 1.827044 0.701655 -0.122217 -1.841368 -2.332645 -2.296780 -1.360557 -0.486181 -0.145320 0.746027 1.502476 1.463652 1.082723 0.732599 0.695818 0.425371 -0.033120 0.278672 0.323001 0.548853 1.353819 0.779038 0.744537 0.716012 1.027252 0.936840 0.783717 0.541994 0.476908 0.626655
0.065648 0.244388 0.083784 -0.148042 -0.260783 -0.292713 -0.264923 -0.005409 -0.003755 -0.005762 0.515905 0.223983 -0.100216 0.070703 -0.032015 -0.006797 -0.024937 -0.250104 0.532037 0.554250 0.421180 0.108941 1.809311 1.045943 3.549976 4.497863 4.556527 2.302147 0.841002 0.210456 0.075413 -1.081637 -1.898054 -2.219848 -1.182591 -0.167057 0.340838 0.518580 0.941752 0.809197 0.739757 0.647315 0.289911 0.182593 0.228271 0.413888 0.519886 0.414465 1.216457 0.682139 0.307711 0.537442 0.637430 0.559847 0.772630 0.259749 0.330108 0.583818
0.591453 0.400617 0.047836 -0.213460 -0.326049 -0.367497 -0.373680 -0.255148 -0.005371 -0.000857 0.024749 0.029558 0.003663 0.015507 0.000994 -0.024979 0.310945 0.721517 0.697127 0.618903 0.411300 0.647630 2.340802 1.396986 3.815059 5.797999 4.278295 1.328433 -0.444264 -0.028510 0.115219 -0.311487 -1.147258 -1.645205 -0.646790 0.256024 0.493488 -0.018317 0.167719 0.295214 -0.034194 -0.035626 -0.018089 0.244293 0.690758 0.621546 0.600579 0.331739 1.180656 0.603734 0.041738 0.291192 0.473476 0.246325 0.229551 0.197594 0.245727 0.612009
1.000390 0.834588 -0.037578 -0.309587 -0.444589 -0.494024 -0.468626 -0.477081 -0.007608 -0.004853 0.000000 0.000000 0.000000 0.000000 -0.000061 0.066534 0.687009 1.370196 0.939723 1.575376 1.333892 1.667643 3.195610 1.848873 5.738727 7.075480 4.952108 0.930572 -1.296921 -0.466208 0.233266 0.451693 -0.541918 -1.624281 -0.247826 0.906542 0.860987 -0.293800 -0.464437 -0.342243 -0.558307 -0.165090 -0.326239 0.427316 0.958403 0.930077 0.622581 0.200637 1.124813 0.499242 0.002702 0.158847 0.319784 0.183729 0.185197 0.373696 0.305793 0.745665
1.382930 1.072636 0.227243 -0.377811 -1.163567 -1.815980 -1.606196 -1.316109 -0.550061 -0.519399 -0.455498 -0.372916 -0.007208 -0.032375 1.169624 1.240770 0.957183 2.351815 2.809617 2.291655 1.925733 2.020170 3.128723 2.206554 3.171425 4.948125 4.699559 1.492497 -0.775376 -0.223746 1.293025 0.692046 -0.485985 -1.676067 0.433201 1.932014 1.824638 0.000359 -0.618637 -0.489498 -1.111827 -0.218387 -0.092713 1.060645 1.477821 1.280942 0.603480 0.147323 1.592454 0.552860 0.052420 0.140054 0.218384 -0.020540 0.242821 0.521334 0.276287 0.802057
2.468596 1.774059 0.912751 -0.277076 -0.966564 -0.842822 -0.883185 -1.167058 -0.323347 -0.282023 -0.141764 -0.028240 0.343325 0.917305 1.756142 1.355240 1.614927 5.603848 2.372802 2.286685 2.532333 0.687505 0.213277 0.452448 3.593157 3.828782 1.174641 0.394339 0.185489 0.376781 1.862523 0.496938 -0.182766 -1.086959 1.797966 0.015316 0.034883 0.966528 -0.006915 -0.308683 -0.736511 -0.044994 0.172178 1.439286 1.869351 1.625615 0.527363 0.039388 1.379031 0.393366 0.082116 0.090536 0.127096 -0.078652 0.265694 0.379791 0.349950 1.159951
3.609286 1.838847 1.504871 -0.173981 -0.145720 -0.128052 -0.338034 -0.670804 0.031181 0.161607 0.686169 0.211690 0.948123 1.687479 2.543104 1.127812 1.645707 2.411245 0.030148 0.043785 0.028364 0.043641 0.036973 0.762261 4.608973 4.021864 0.273436 0.020269 0.066160 0.053597 0.037902 0.059123 0.095416 0.075983 0.020785 0.013741 0.019992 0.072000 0.257449 0.369911 -0.328607 0.272326 0.818688 1.847897 2.134020 1.769854 0.584656 0.115376 1.785317 0.097846 0.068069 0.056203 0.063263 0.066275 0.399947 0.499527 0.455127 1.008313
1.346516 1.022391 0.589452 0.204533 0.062133 0.453726 0.041650 0.177385 0.788362 0.886139 0.970840 0.650436 1.091650 0.472238 0.962596 0.023844 0.075136 0.087703 0.020609 0.012444 0.015647 0.004815 0.059979 1.221725 4.935588 3.137362 0.168421 0.032361 0.069542 0.021286 0.022864 0.018295 0.064386 0.019882 0.009983 0.012204 0.006516 0.075759 0.299117 0.265736 -0.073731 0.756886 1.479113 2.415035 2.637502 1.940894 0.023479 0.014288 0.022673 0.023340 0.032242 0.017110 0.033426 0.038075 0.129943 0.077969 0.634477 1.290158
