use_cases/Flooding_chicago/flooding_data/output/hUy_2040.asc
ncols 337
nrows 393
xllcorner 428428.000000
yllcorner 4602440.000000
cellsize 26.757400
NODATA_value -9999.000000
[rows 260 to 285 of 393, columns 58 to 115 of 337]
0.321813 0.444349 0.479182 0.006740 0.018815 0.043221 0.258859 0.083735 0.278483 1.623924 0.028193 0.018084 0.010626 0.010035 0.754429 0.492117 0.007516 0.000135 -0.000484 -0.050651 -0.008872 -0.005770 -0.000519 0.000004 0.005272 0.028895 -0.004132 -0.006618 -0.010513 -0.068652 0.326577 0.132681 1.516530 2.903531 2.793231 1.390369 1.309184 0.941719 1.052087 1.004787 1.047272 0.964068 0.774473 0.835979 0.512830 0.513712 -0.059479 -0.003913 0.028302 -0.161140 -0.018671 0.000222 0.052441 0.228807 0.038411 0.057832 0.109072 0.133746
0.095072 0.035003 0.027050 0.013609 0.015032 0.028264 0.261804 0.050990 0.076427 0.079121 0.016438 0.005982 0.000326 0.000230 0.393141 0.430907 0.000051 -0.001455 -0.021373 -0.019841 -0.036350 -0.021654 -0.011860 -0.000689 0.000080 0.006970 -0.002738 -0.002768 0.086984 0.023651 0.124083 0.370081 1.683167 2.877763 1.837830 1.293884 1.245982 0.498664 0.486515 0.499517 0.485288 0.929239 0.773434 0.843681 0.926668 0.533885 0.336911 -0.281668 0.092415 -0.170212 0.022304 -0.000222 0.039583 0.134595 -0.028709 0.000741 0.041110 0.013804
0.160399 0.072616 0.052021 0.052055 0.034691 0.067858 0.110873 0.035049 0.019424 0.032869 0.005240 -0.000003 -0.000208 -0.000107 0.452881 0.537102 -0.001233 -0.016048 -0.050042 -0.005943 -0.055918 -0.029122 -0.054937 -0.005691 -0.000381 0.000120 -0.000857 -0.004161 0.288283 0.054708 0.126332 0.834152 2.515024 2.862957 1.792609 0.987776 0.959632 0.127418 0.438623 0.472586 0.410862 0.757123 0.711546 0.809639 1.035735 0.568402 0.367776 -0.021689 0.140167 -0.035840 0.050800 -0.115867 0.044538 0.083572 -0.028170 -0.039465 0.050612 -0.033395
0.092917 0.134943 0.113198 0.031761 0.088230 0.132871 0.085617 0.017877 0.035751 0.008578 0.014328 0.014596 0.002277 -0.034169 0.470146 0.879614 0.091582 -0.081791 -0.096433 0.016506 -0.062702 -0.054915 -0.100949 -0.103157 -0.038734 -0.002978 -0.014486 0.711975 0.417211 0.184183 1.005713 1.388578 2.577871 2.853599 1.966495 0.131530 0.152487 0.000369 0.135935 0.478672 0.338651 0.643933 0.714066 0.841564 1.125792 0.887688 0.539886 0.113189 0.307069 0.266090 0.142484 -0.051597 0.196491 0.097504 -0.075891 -0.055636 0.069374 -0.011117
0.176840 0.255239 0.009202 0.007457 0.009316 0.020701 0.197102 0.035630 0.048148 0.029810 0.013911 0.029314 0.010397 0.045723 0.334894 0.891942 0.254149 -0.022544 0.073195 0.074272 0.073959 0.101750 -0.011819 -0.185927 -0.107009 -0.022316 -0.182210 1.526739 0.592998 0.415083 1.238515 1.507619 2.384930 2.615913 1.342753 0.107539 0.175739 -0.000138 0.000947 0.222689 0.306501 0.476484 0.441343 0.483915 0.993353 1.116954 0.513103 0.290892 0.441147 0.461556 0.204243 0.022248 0.099994 0.156743 -0.069851 -0.047523 0.131931 0.133418
0.110152 0.328790 0.000111 0.000219 0.000977 0.009271 0.091657 0.065460 0.094052 0.007823 0.005030 0.075708 0.038938 0.270422 0.396351 0.846456 0.070981 0.004507 0.008197 0.004669 0.011896 0.012153 -0.007992 -0.091020 -0.116678 -0.215513 0.317342 2.081933 0.919428 0.476552 1.518484 1.257715 1.330725 1.432933 0.223225 0.110720 0.199444 0.239872 0.000865 0.010556 0.006795 0.137836 0.496845 0.480423 0.882707 1.144928 0.997423 0.347579 0.408710 0.459985 0.390474 0.145716 0.138458 0.094779 0.022848 0.000383 0.000787 0.000798
0.010913 0.435202 -0.000089 -0.000031 0.001899 0.003137 0.020898 0.141025 0.034737 0.001110 0.010022 0.016002 0.103757 0.111986 0.223453 0.160619 0.026097 0.012351 0.000190 0.000077 0.000000 0.004467 0.000156 0.047551 0.166136 0.600174 0.473345 0.809958 0.871143 0.441533 1.857290 1.767825 1.240856 1.364603 0.000015 0.000637 0.188588 0.343231 -0.000065 0.000000 0.000000 0.188967 0.191270 0.140478 0.707705 1.057943 1.204910 0.450636 0.449643 0.476627 0.481868 0.488157 0.381559 0.360461 0.079255 -0.000383 -0.000788 -0.000793
0.010005 0.394384 0.198877 0.000578 0.002275 0.006604 0.010865 0.037421 0.030232 0.001837 0.004422 0.003426 0.038567 0.003425 0.294458 0.026151 0.052388 0.028654 -0.000036 -0.000542 -0.007444 -0.000259 -0.000108 0.245860 0.261809 0.521431 0.013032 0.430744 0.618077 0.286990 1.928365 1.584642 1.586232 1.919047 0.049278 0.000055 0.000323 0.422516 -0.000822 -0.002398 -0.007565 0.231463 0.199766 0.117469 0.128662 0.656713 0.655747 0.487720 0.459951 0.558683 0.557915 0.752640 0.598889 0.701524 0.270451 -0.049147 -0.057234 -0.011131
0.010386 0.078258 0.189707 0.003484 0.001642 0.006848 0.001323 0.000992 0.000460 0.000018 0.003794 0.004918 0.012744 0.002478 0.281910 0.047952 0.066650 0.050356 -0.000442 -0.005361 -0.016928 -0.008578 0.133191 0.465561 0.422391 0.016598 0.018565 0.048229 0.394034 0.210123 1.713423 1.626103 1.544963 1.855846 0.389858 -0.000618 -0.000399 0.402053 0.026227 -0.001355 0.155123 0.247704 0.190955 0.005179 0.102447 0.111596 0.541248 0.580168 0.246517 0.385307 0.385406 0.952053 0.598223 0.819980 0.234938 0.062032 0.024691 0.151286
0.047557 0.006266 0.149472 0.002944 0.000421 0.000803 0.000851 -0.000651 -0.000562 -0.026272 -0.003797 0.000360 0.000360 0.001138 0.076048 0.058883 0.140633 0.159184 -0.093297 -0.008367 -0.026481 -0.031616 0.335901 0.415107 0.198154 0.012493 0.017299 0.034020 0.027879 -0.042391 1.633514 1.626571 1.032277 1.877560 0.606173 0.070924 0.238163 0.437588 0.101836 0.008599 0.155263 0.230856 0.011752 0.016417 0.009035 0.076343 0.427696 0.530372 0.177961 0.322159 0.314359 0.999538 0.889670 0.926094 0.226633 0.104626 0.045178 0.202856
0.045603 0.016345 0.057361 0.009426 0.001655 0.000464 -0.000581 -0.007000 -0.015283 -0.258173 -0.001680 -0.000360 -0.000360 0.002904 0.002294 0.035363 0.141948 0.166300 0.011025 -0.109422 0.000222 0.006970 0.420789 0.219083 0.012385 0.005903 0.012681 0.020020 0.019648 -0.007275 1.481690 1.563244 0.925553 1.683627 1.231025 0.096363 0.336565 0.566783 0.223246 -0.000965 0.177821 0.018385 0.027005 0.028184 0.021747 0.083595 0.181209 0.405848 0.077558 0.251145 0.172737 0.998993 1.100959 1.343773 0.249357 0.167468 0.066264 0.335134
0.014164 0.005204 0.004683 0.004307 0.003446 -0.000153 -0.000498 -0.002546 -0.031792 -0.253973 -0.007678 -0.001921 -0.004444 -0.001974 0.000385 0.019446 0.117712 0.118412 0.008155 -0.039485 -0.000222 0.000138 0.404342 0.007219 0.000510 0.001524 0.000816 0.007045 0.022532 0.084356 0.970448 1.463291 1.187051 1.490774 1.619178 0.244079 0.486094 0.737745 0.345352 -0.013605 0.010843 0.000000 0.036684 0.037297 0.036586 0.032696 0.029391 0.019879 0.090798 0.333187 0.126597 1.304759 1.407251 1.319725 0.384212 0.343994 0.084018 0.448304
0.000222 0.003258 0.000467 -0.001069 -0.004178 -0.000740 -0.000829 -0.000890 -0.056543 -0.227322 -0.007267 -0.001560 -0.004578 -0.003983 -0.002906 0.058348 0.119270 0.088784 0.007259 -0.025814 -0.002743 0.033964 0.399206 0.022980 -0.000275 0.000471 0.000035 0.000190 0.011330 0.008067 0.052362 0.938256 1.122963 1.538842 1.801097 1.740371 1.250099 2.192727 0.556342 0.001087 0.000340 -0.008346 0.031216 0.037808 0.038649 0.042759 0.043661 0.000745 0.000981 0.017519 0.004489 0.569807 0.641389 1.800749 0.350868 0.481584 0.003447 0.013260
-0.000222 -0.004600 -0.004708 -0.005292 -0.006748 -0.000882 -0.000900 -0.000623 -0.111936 -0.260655 -0.007735 -0.000563 -0.001563 -0.006510 -0.007623 0.136407 0.084855 0.116878 0.107377 -0.003878 0.007903 0.277420 0.348275 0.073263 0.122330 -0.000455 -0.000778 -0.000210 0.000280 0.000519 0.010172 0.027611 0.508686 1.257281 0.962710 1.260097 1.457685 2.688920 0.936455 0.003996 0.000000 0.002103 0.081932 0.154181 0.030462 0.034865 0.033751 -0.000000 0.000000 -0.000000 0.009128 0.676595 0.741505 1.058424 0.457086 0.012396 0.005253 0.000000
-0.003516 -0.003767 -0.036327 -0.030911 -0.030735 -0.028749 -0.007900 -0.001273 -0.160655 -0.292065 -0.007107 0.000395 0.001663 0.002859 0.001651 0.075295 0.086901 0.000614 0.000473 0.000016 0.033936 0.324671 0.033853 0.006646 0.009706 0.000244 -0.000929 -0.002706 -0.000433 0.000198 0.000005 0.020719 0.064355 0.850092 0.525640 0.630062 0.827033 2.937770 2.378491 0.544202 -0.000340 0.004631 -0.000961 0.012711 0.023473 0.028059 0.024321 -0.000745 -0.000981 -0.029254 0.649872 1.118171 0.736296 1.134364 0.002722 0.000878 0.001200 0.004477
-0.002825 -0.017661 -0.023690 -0.161915 -0.179739 -0.073699 -0.084878 -0.038783 -0.235846 -0.340119 -0.004160 0.000480 -0.000342 0.001284 0.000213 0.000013 -0.000006 -0.000453 -0.000517 -0.113963 0.061009 0.055899 0.000000 0.000000 0.000000 -0.000183 -0.000376 -0.001183 -0.010007 -0.000921 0.009138 0.062533 0.072448 0.327816 0.008231 0.042228 0.846888 2.522497 2.836125 1.574476 -0.066156 0.000525 -0.008058 0.010893 0.002886 0.004267 0.001835 0.005541 0.007105 0.625620 0.768769 0.970858 0.439008 1.139595 0.006870 0.000371 0.000585 0.000339
-0.001850 -0.042542 -0.008595 -0.126392 -0.136524 -0.187801 -0.089782 -0.044324 -0.105588 -0.114478 0.000210 -0.001203 -0.003366 -0.002659 -0.001532 -0.057359 -0.015927 -0.003072 0.062263 -0.029816 0.035267 0.051511 -0.023732 -0.006465 -0.008877 -0.001167 0.003085 -0.014290 -0.025095 0.000203 0.006404 0.078544 0.203204 0.087665 0.005117 0.010481 0.039191 2.583601 3.435251 1.916271 0.092605 0.005066 -0.018140 0.001427 0.004144 0.006856 0.002144 0.008468 0.011034 0.700404 0.848140 0.046318 0.042344 1.187213 0.017409 -0.000783 -0.001290 -0.000472
-0.019468 -0.004772 -0.102009 -0.115816 -0.119180 -0.101845 -0.027550 -0.026350 -0.070683 -0.075834 -0.000673 -0.002419 -0.003310 -0.002352 -0.176302 -0.045412 -0.012108 -0.000626 0.085587 0.001828 0.014932 0.027148 -0.014918 -0.101141 -0.088639 -0.007609 0.001328 -0.018139 0.003338 0.012488 0.006878 0.048580 0.150524 0.143811 0.000360 0.000360 0.000109 2.113371 2.974754 1.773422 0.203970 0.180843 -0.005558 0.000089 0.000717 0.006299 0.000346 0.009115 0.006206 0.715476 0.770032 0.288001 0.326458 1.011437 0.035754 -0.000734 -0.020260 -0.012105
-0.037357 -0.022821 -0.672218 -0.285329 -0.251600 -0.064260 -0.038331 -0.038406 -0.023496 -0.152447 -0.009967 -0.018229 -0.007075 -0.012583 -0.228990 -0.019574 0.000684 0.002030 0.109234 0.024014 0.009228 0.001491 0.000597 -0.045608 -0.032229 -0.002465 -0.001756 -0.008143 0.005268 0.002955 0.003420 0.001952 0.001929 0.015616 -0.000360 -0.000360 -0.000163 1.722889 2.769439 2.038862 0.369162 0.218982 0.018074 -0.001350 -0.003474 0.000180 -0.000180 0.000092 0.008893 0.619586 0.958018 0.414910 0.397292 1.166983 0.099279 -0.122448 -0.017135 -0.014473
-0.035458 -0.396415 -0.547257 -0.220544 -0.163131 -0.034699 -0.037008 -0.095075 -0.117897 -0.220771 -0.092287 -0.030698 -0.003228 -0.194015 -0.232221 -0.005070 -0.000053 0.002685 0.005575 0.005106 0.003401 0.000807 -0.000176 -0.039681 -0.036630 0.000000 -0.002104 0.042949 0.001154 -0.001531 -0.002721 -0.001736 -0.001564 0.000000 -0.009503 -0.005680 -0.032729 1.762349 2.005558 1.765489 0.505344 0.343306 0.032472 -0.064053 -0.001157 -0.000346 -0.012347 -0.000919 0.031266 0.498675 0.763851 0.359528 0.379009 1.166211 0.149426 -0.092001 -0.097050 0.019755
-0.013374 -0.331728 -0.703095 -0.219173 -0.001200 -0.019642 -0.026738 -0.032694 -0.451198 -0.088889 0.016538 0.021659 -0.001029 -0.215763 -0.197376 -0.002349 0.003139 0.001744 0.007768 0.005759 0.001685 -0.000875 -0.017718 -0.039168 -0.038066 -0.011436 -0.001041 0.001904 -0.003093 -0.003741 -0.018955 -0.078700 -0.077687 -0.003663 -0.021303 -0.117857 0.103424 2.255245 2.063952 2.161877 0.917268 0.620359 0.450353 0.283657 -0.064843 -0.004312 -0.118615 0.016959 0.046648 0.437415 0.718383 0.283063 0.410898 1.218768 0.170454 -0.061155 -0.040315 0.051106
-0.006797 -0.360122 -0.928181 -0.000114 -0.002161 -0.010338 -0.011412 -0.351876 -0.400564 -0.187708 0.017250 0.023708 -0.066591 -0.206560 -0.488112 0.109791 0.033902 0.002389 0.182873 0.027721 -0.000249 -0.002806 -0.026257 -0.037333 -0.031261 -0.011939 -0.007209 0.000964 0.002105 -0.000423 -0.009222 -0.145903 -0.297720 -0.170482 -0.178328 0.107362 0.122145 1.382593 1.257400 1.354312 0.941151 0.712535 0.652986 0.629506 0.230216 -0.180520 -0.030057 0.025188 0.148294 0.601698 0.672032 0.286967 0.309520 0.910912 0.197544 -0.014591 0.150294 0.048941
-0.003101 -0.000138 -0.755587 -0.271847 -0.188208 -0.099879 -0.139192 -0.335289 -0.355124 0.002523 0.011490 0.004664 -0.067468 -0.171161 -0.031290 0.006087 0.009303 0.000934 0.031849 -0.003879 -0.002121 -0.000130 -0.032432 -0.028807 -0.020908 -0.007775 -0.005596 0.000009 0.000550 0.002212 -0.001278 -0.038875 -0.392830 -0.132672 -0.048903 0.115631 0.127442 1.218769 1.181406 0.630865 0.840274 0.739994 0.812476 1.010894 0.508325 -0.030145 0.089998 0.133191 0.242785 0.535268 0.624020 0.308055 0.251951 0.889486 0.242172 0.120739 0.034444 0.047025
-0.001136 -0.011811 -0.941955 -1.131682 -0.613908 -0.066643 -0.080482 -1.107689 -0.152681 -0.002029 0.000393 0.000569 -0.107602 -0.151328 0.000259 0.000640 0.000787 0.001006 0.000044 -0.004511 -0.002496 -0.026061 -0.017156 0.144285 0.000608 -0.165108 -0.003097 -0.001320 -0.001703 0.001625 0.001886 -0.001261 -0.220603 -0.055071 0.046330 0.117131 0.122474 1.338690 1.035234 0.562434 0.065439 0.404474 0.720128 1.080914 0.686077 0.056528 0.184339 0.223699 0.334353 0.528915 0.598352 0.237910 0.029537 0.520090 0.337931 0.461774 0.021367 0.015729
0.001429 -0.464997 -0.608727 -1.086059 -0.292234 -0.537958 -0.516027 -0.962121 0.070907 -0.000009 -0.000331 -0.000247 -0.131698 -0.098429 0.000185 0.000378 0.000355 -0.000318 -0.000814 -0.009856 -0.039273 -0.073849 -0.006285 0.008148 0.027602 -0.138381 -0.109539 -0.019385 -0.018659 -0.002620 0.004921 0.012047 -0.161257 0.021318 0.092799 0.073514 0.047814 1.157921 0.862660 0.798130 0.080670 0.417134 0.382164 0.805785 0.670074 0.077062 0.198534 0.291825 0.335194 0.509316 0.562830 0.247708 0.057790 0.373517 0.254202 0.456656 -0.025163 -0.025688
0.011009 -0.612057 -0.944426 -0.905392 -0.454835 -0.535267 -0.474408 -0.636001 0.246533 -0.004855 -0.010110 -0.000554 -0.062895 -0.292950 -0.000083 -0.000419 -0.000569 -0.000760 -0.000890 -0.018342 -0.179101 -0.011272 -0.000917 0.000326 0.007213 0.000257 -0.247376 -0.110078 -0.033842 -0.043556 -0.007787 0.034803 0.036628 0.189499 0.167353 -0.028354 0.113724 0.981986 0.881176 0.874321 0.445704 0.432286 0.559814 0.773424 0.450803 0.079872 0.214233 0.283839 0.351358 0.485077 0.524206 0.241176 0.064881 0.336756 0.248963 0.469154 0.262097 -0.263508
