use_cases/Flooding_chicago/flooding_data/output/hUy_780.asc
ncols 337
nrows 393
xllcorner 428428.000000
yllcorner 4602440.000000
cellsize 26.757400
NODATA_value -9999.000000
[rows 260 to 285 of 393, columns 58 to 115 of 337]
0.139956 0.064741 0.097845 0.006593 0.018512 0.042439 0.251741 0.081080 0.086327 0.297106 0.027354 0.018058 0.010554 0.009699 0.537574 0.317251 0.007516 0.000135 -0.000484 -0.050651 -0.008872 -0.005770 -0.000519 0.000004 0.005272 0.028880 -0.004136 -0.006618 -0.048373 -0.086261 -0.187582 -0.125767 0.183195 1.415948 1.517516 0.346836 0.300723 0.412988 0.225521 0.209286 0.255390 0.509621 0.449959 0.329417 -0.001558 -0.002112 -0.007503 -0.004212 -0.000334 -0.007907 0.000200 0.000222 0.000245 -0.025614 -0.473236 0.091084 0.100088 0.372949
0.083172 0.034843 0.026749 0.013258 0.014627 0.027457 0.254305 0.048164 0.071240 0.072680 0.015031 0.005981 0.000326 0.000121 0.239689 0.270751 0.000051 -0.001455 -0.021373 -0.019841 -0.036351 -0.021654 -0.011860 -0.000689 0.000080 0.006956 -0.002738 -0.002767 -0.028105 -0.052034 -0.005686 -0.048430 0.320752 1.361519 0.630961 0.319622 0.325262 0.017693 0.010772 0.007481 0.003624 0.554784 0.423433 0.350958 0.316178 -0.003392 -0.026675 -0.007709 -0.064427 -0.008969 -0.000033 -0.000222 -0.000061 -0.005339 -0.526529 0.019576 0.068589 0.155305
0.154968 0.072482 0.051649 0.051231 0.033879 0.066099 0.107592 0.033152 0.017860 0.029012 0.003782 -0.000003 -0.000208 -0.000106 0.281389 0.350920 -0.001233 -0.016048 -0.050042 -0.005944 -0.055918 -0.029122 -0.054938 -0.005691 -0.000381 0.000115 -0.000856 -0.015860 -0.210400 -0.021232 -0.004592 -0.017576 0.951819 1.228171 0.707338 0.035257 0.047162 0.004588 0.035275 0.012655 0.006968 0.455318 0.336190 0.350135 0.474145 0.000472 -0.007579 0.001492 -0.182961 -0.004081 -0.000894 -0.008675 -0.001008 0.016132 -0.426546 0.011720 0.176544 0.155689
0.092858 0.134860 0.112827 0.031302 0.086763 0.130451 0.083100 0.017199 0.034197 0.007105 0.011760 0.012456 0.001342 -0.067344 0.232429 0.651114 0.045897 -0.063275 -0.087997 0.014901 -0.059885 -0.053030 -0.097601 -0.098349 -0.037015 -0.002812 -0.012294 -0.089995 -0.590855 -0.063380 0.688013 0.296605 0.994889 1.097534 1.330659 0.007130 0.017346 0.000370 0.007037 0.032775 0.013441 0.471905 0.286686 0.348584 0.522968 0.184676 0.112083 0.063288 0.095569 0.287987 0.044507 -0.100706 0.001598 0.014610 -0.222950 0.026242 0.220842 0.268392
0.176791 0.255169 0.009202 0.007458 0.009312 0.020702 0.193150 0.035074 0.047013 0.025776 0.012133 0.024240 0.007102 -0.043321 0.098990 0.679329 0.119954 -0.015403 0.064684 0.066101 0.067175 0.095459 -0.011304 -0.177588 -0.102245 -0.021402 -0.032670 0.698160 -0.010935 0.199790 0.725182 0.345634 0.534726 0.634538 0.702310 0.013443 0.032451 -0.000137 0.000969 0.020621 0.037678 0.060616 0.034696 0.042921 0.450608 0.486890 0.138498 0.180831 0.276710 0.416512 0.112995 -0.039343 0.000543 0.024837 0.084043 0.121703 0.018667 0.033524
0.110152 0.328782 0.000111 0.000219 0.000978 0.009270 0.090747 0.064974 0.092664 0.007823 0.005034 0.063824 0.024769 0.044386 0.106858 0.613809 0.036823 -0.001439 0.008197 0.004669 0.011897 0.012153 -0.007308 -0.087041 -0.103625 -0.087418 0.114896 1.488584 0.274711 0.246914 0.695537 0.070186 0.067857 0.081290 0.021824 0.015002 0.044337 0.000966 0.000908 0.011335 0.006966 0.013130 0.042004 0.053702 0.481546 0.634881 0.562607 0.104371 0.183642 0.209301 0.213066 0.000049 -0.000146 0.000029 0.000512 0.000383 0.000787 0.000787
0.010912 0.435203 -0.000089 -0.000031 0.001899 0.003137 0.020898 0.140239 0.034737 0.001111 0.010032 0.016010 0.070115 0.053457 0.062180 0.060238 0.002499 0.001094 0.000190 0.000077 0.000000 0.004467 0.000156 0.016234 0.005664 0.184831 0.404524 0.449031 0.317236 0.162950 0.586173 0.152711 0.062233 0.090031 0.000015 0.000637 0.043958 0.006229 -0.000071 0.000000 0.000000 0.041669 0.029912 0.012304 0.066924 1.004794 0.798797 0.186181 0.256308 0.262618 0.238530 0.113434 0.046005 0.011182 -0.000284 -0.000383 -0.000787 -0.000787
0.010005 0.394382 0.198875 0.000578 0.002275 0.006603 0.010865 0.037431 0.030232 0.001839 0.004429 0.003430 0.038553 0.003391 0.086237 0.000860 0.000586 0.000035 -0.000036 -0.000542 -0.007444 -0.000259 -0.000108 0.139921 0.167607 0.305348 0.012166 0.033347 0.329144 0.066880 0.493955 0.115147 0.109390 0.444351 -0.007244 0.000055 0.000323 0.002518 -0.000825 -0.002396 -0.007419 0.057413 0.047216 0.017902 0.009753 0.223837 0.190669 0.223720 0.456183 0.458086 0.385725 0.279026 0.028409 0.206127 0.107556 -0.024664 -0.038955 -0.055009
0.010386 0.078258 0.189709 0.003484 0.001641 0.006848 0.001323 0.000992 0.000460 0.000018 0.003810 0.004923 0.012751 0.002396 0.121141 -0.000020 -0.002850 -0.001133 -0.000442 -0.005361 -0.016928 -0.008579 0.054142 0.316276 0.306710 0.016597 0.018565 0.033521 0.666419 0.053664 0.327590 0.128744 0.101407 0.532424 -0.075505 -0.000618 -0.000399 -0.022518 -0.021900 -0.001355 -0.110764 0.072681 0.051774 0.004767 0.015795 0.013268 0.127223 0.305371 0.346008 0.359585 0.306726 0.393830 0.010433 0.146574 0.062269 -0.106254 -0.098198 -0.091919
0.047557 0.006265 0.149473 0.002944 0.000421 0.000803 0.000851 -0.000651 -0.000562 -0.026412 -0.003807 0.000360 0.000360 0.000972 0.015352 0.000448 -0.141938 -0.084097 -0.009387 -0.008368 -0.026481 -0.031200 0.178699 0.286592 0.141892 0.012493 0.017299 0.033796 0.025031 0.001482 0.222115 0.189801 0.048272 0.620646 0.030699 -0.005560 -0.013328 -0.029156 -0.024758 -0.020223 -0.009175 0.125558 0.010554 0.014872 0.008240 0.027058 0.122726 0.240915 0.394478 0.395562 0.343285 0.353306 0.096975 0.143343 0.008099 -0.033072 0.042785 0.115525
0.045604 0.016346 0.057361 0.009426 0.001655 0.000464 -0.000581 -0.007000 -0.015283 -0.218813 -0.001687 -0.000360 -0.000360 0.002227 0.001037 -0.009482 -0.073049 0.050394 -0.179410 -0.015233 0.000222 0.006150 0.221685 0.131557 0.012385 0.005903 0.012681 0.020020 0.019670 0.001919 0.182738 0.238393 0.045125 0.595136 0.210059 -0.006107 -0.017471 -0.029843 -0.028683 -0.021720 0.100205 0.016517 0.023818 0.025004 0.019697 0.056750 0.071170 0.051769 0.431009 0.425017 0.398531 0.256012 0.232646 0.319131 -0.023645 -0.026512 0.162915 0.297732
0.014164 0.005203 0.004683 0.004306 0.003446 -0.000153 -0.000498 -0.002546 -0.003061 -0.241072 -0.007802 -0.001845 -0.004134 -0.001679 -0.000280 0.002198 -0.097914 0.060512 0.080757 -0.001349 -0.000222 -0.000005 0.200250 0.001445 0.000510 0.001524 0.000816 0.007045 0.022532 0.013824 0.159990 0.234099 0.086469 0.593339 0.384123 -0.092224 -0.012392 -0.023404 -0.028615 -0.011974 0.005667 0.000000 0.031109 0.032014 0.032890 0.029872 0.027060 0.019696 0.031609 0.039585 0.011661 0.177653 0.157950 0.175577 -0.015569 0.033708 0.025661 0.088221
0.000222 0.003258 0.000467 -0.001069 -0.004178 -0.000740 -0.000829 -0.000889 -0.020702 -0.215124 -0.006810 -0.001411 -0.004071 -0.003073 -0.001233 0.035229 -0.066465 0.039243 0.117098 0.000607 0.001563 0.081016 0.201283 0.005804 -0.000275 0.000471 0.000035 0.000190 0.011329 0.008067 0.031096 0.136069 0.088496 0.773207 0.509034 0.448276 -0.033424 0.012690 -0.008893 0.000154 0.000340 -0.014331 0.024363 0.030573 0.034247 0.038935 0.039931 0.000745 0.000981 0.017212 0.001169 0.023646 0.023797 0.170790 0.011957 0.054475 0.003488 0.012842
-0.000222 -0.004600 -0.004708 -0.005292 -0.006748 -0.000882 -0.000900 -0.000623 -0.062425 -0.236111 -0.005424 -0.000413 -0.001094 -0.000875 0.000044 0.263184 0.090920 0.008928 0.015478 0.003440 0.005333 0.423144 0.196686 0.035430 0.089096 -0.000455 -0.000778 -0.000210 0.000280 0.000519 0.010247 0.020878 0.082675 0.509159 0.374719 0.323619 -0.001941 0.118449 -0.000044 -0.000125 -0.000000 -0.007500 0.033214 0.126314 0.026568 0.031636 0.030706 -0.000000 -0.000000 -0.000000 -0.000123 0.029143 0.036079 0.019876 0.020704 0.013049 0.005378 0.000000
-0.003516 -0.003766 -0.036338 -0.030932 -0.030818 -0.029038 -0.007963 -0.001276 -0.099231 -0.252798 -0.003599 0.000462 0.001852 0.002863 0.001649 0.094334 0.011358 0.000614 0.000473 0.000016 0.011953 0.140569 0.007871 0.006646 0.009706 0.000244 -0.000929 -0.002706 -0.000433 0.000198 0.000005 0.019201 0.059503 0.416128 0.122435 0.064830 0.005528 0.105900 0.220832 -0.013344 -0.000340 -0.020094 -0.014824 0.005494 0.020127 0.025620 0.022248 -0.000745 -0.000981 -0.008183 0.007010 0.125665 -0.038784 0.004714 0.000545 0.000878 0.001200 0.003948
-0.002824 -0.017657 -0.023692 -0.150617 -0.165923 -0.062745 -0.067648 -0.026143 -0.155821 -0.282565 -0.000863 0.000512 -0.000228 0.001297 0.000215 0.000014 -0.000006 -0.000453 -0.000517 -0.075737 0.029927 0.020718 0.000000 0.000000 0.000000 -0.000182 -0.000376 -0.001183 -0.010007 -0.000921 0.007862 0.058880 0.067524 0.293229 0.008231 0.023746 0.009301 -0.052929 0.528567 -0.074782 -0.026555 -0.025237 -0.022027 0.004051 0.002886 0.004267 0.001835 -0.001954 -0.002088 -0.118530 0.009068 0.103911 -0.064474 0.001668 0.000211 0.000371 0.000585 0.000339
-0.001850 -0.042542 -0.008595 -0.110335 -0.118675 -0.161428 -0.068497 -0.030240 -0.072568 -0.081870 0.000211 -0.001185 -0.003322 -0.002646 -0.001528 -0.028959 -0.008088 0.027510 0.064312 -0.055444 0.020315 0.029299 -0.007043 -0.006465 -0.008877 -0.001167 0.001839 -0.013407 -0.024080 -0.000364 0.005466 0.074526 0.190409 0.081001 0.005117 0.010883 0.005415 -0.353907 0.660874 0.275680 -0.080891 -0.015100 -0.021251 0.001427 0.004144 0.006855 0.002144 -0.001589 -0.001974 -0.064693 -0.033847 0.000000 0.000000 -0.004314 -0.000431 -0.000783 -0.001290 -0.000472
-0.019473 -0.004772 -0.088989 -0.096902 -0.099485 -0.079732 -0.017791 -0.017056 -0.046956 -0.052069 -0.000671 -0.002410 -0.003293 -0.002345 -0.105080 -0.021578 -0.004439 0.030278 0.087377 -0.031512 0.007792 0.018165 -0.003135 -0.075948 -0.068095 -0.002989 0.001371 -0.016564 0.002279 0.010254 0.005870 0.046246 0.141071 0.136928 0.000360 0.000360 0.000088 -0.202895 0.602004 0.115881 -0.180583 -0.005093 -0.007603 0.000089 0.000717 0.006299 0.000346 -0.000365 -0.002714 -0.053944 -0.038784 -0.055813 -0.053229 -0.006643 -0.000434 -0.000734 -0.024639 -0.022602
-0.037379 -0.021560 -0.537438 -0.244431 -0.215925 -0.048185 -0.023547 -0.027307 -0.014902 -0.113833 -0.009961 -0.018211 -0.007060 -0.012567 -0.137199 -0.006734 0.000684 0.002027 0.111541 -0.009466 0.004551 0.001480 0.000593 -0.025414 -0.018887 0.000259 -0.001012 -0.006954 0.004711 0.002588 0.003131 0.001838 0.001872 0.015354 -0.000360 -0.000360 -0.000088 0.232318 0.620711 -0.215435 -0.098495 -0.001671 -0.003249 -0.001350 -0.003474 0.000180 -0.000180 0.000092 -0.000645 -0.014915 0.032439 -0.409471 -0.646591 -0.014406 -0.026174 -0.015686 -0.018738 -0.020187
-0.034330 -0.315581 -0.427578 -0.189930 -0.142334 -0.024566 -0.024128 -0.070195 -0.086218 -0.172367 -0.084702 -0.029290 -0.003223 -0.199631 -0.121782 -0.000983 -0.000053 0.002676 0.005699 0.005018 0.003340 0.000792 -0.000178 -0.022310 -0.022500 0.000000 -0.001237 0.040371 0.001432 -0.001288 -0.002489 -0.001641 -0.001536 0.000000 -0.009542 -0.005915 -0.006654 0.454744 0.516458 -0.332328 -0.041933 -0.001590 -0.004185 -0.020198 -0.001157 -0.000346 -0.012362 -0.000948 -0.000470 -0.002786 0.110425 -0.245050 -0.268864 0.383441 -0.375141 -0.580876 -0.105063 -0.011029
-0.012912 -0.255988 -0.546949 -0.186054 -0.000563 -0.013246 -0.017483 -0.021874 -0.318838 -0.064532 0.008673 0.015117 -0.001029 -0.176691 -0.094585 -0.000833 0.003205 0.001713 0.008215 0.005520 0.001567 -0.000879 -0.013082 -0.025153 -0.026128 -0.008683 -0.000748 0.001687 -0.002473 -0.003100 -0.016979 -0.075177 -0.073230 -0.003663 -0.022586 -0.016201 -0.015238 1.827022 0.812998 -0.359413 -0.269519 -0.089844 -0.117812 -0.030116 -0.013914 -0.004571 -0.034812 -0.006385 -0.001677 -0.001823 0.031464 -0.137249 -0.010193 0.748640 -0.489115 -0.949387 -0.226139 0.016754
-0.006623 -0.276101 -0.712689 -0.000073 -0.001516 -0.007069 -0.007514 -0.252500 -0.302129 -0.129755 0.012651 0.019003 -0.048174 -0.156234 -0.238460 0.091635 0.033429 0.002498 0.229101 0.030423 -0.000313 -0.002760 -0.021081 -0.027524 -0.023349 -0.009511 -0.005821 0.000918 0.001941 -0.000274 -0.008197 -0.130433 -0.216712 -0.069836 -0.037155 -0.044934 -0.006556 0.784416 0.727494 0.092241 -0.284721 -0.198835 -0.407182 -0.412044 -0.031277 -0.017047 -0.010102 -0.003970 -0.023360 -0.170264 -0.105330 -0.108313 0.374282 0.446440 -0.317970 -0.247277 0.043470 0.011789
-0.003048 -0.000135 -0.558861 -0.194280 -0.110895 -0.052755 -0.082929 -0.228746 -0.245296 0.001967 0.008746 0.005418 -0.046055 -0.123406 0.042599 0.006087 0.009303 0.000934 0.030395 -0.003778 -0.002067 -0.000125 -0.027502 -0.022878 -0.016480 -0.006314 -0.004600 0.000150 0.000535 0.002121 -0.001064 -0.031993 -0.212482 -0.267806 -0.142961 -0.024691 -0.004617 0.816940 0.867199 0.000747 -0.075219 -0.034562 -0.467624 -0.173047 -0.470283 -0.023770 -0.023386 -0.014377 -0.532341 -0.130533 -0.132989 -0.169810 0.004064 0.366254 0.059218 -0.003064 0.003818 0.013659
-0.001123 -0.007702 -0.513879 -0.525049 -0.256074 -0.030135 -0.040338 -0.565406 -0.087921 -0.001136 0.000393 0.000569 -0.076556 -0.103494 0.000259 0.000640 0.000787 0.001006 0.000044 -0.004317 -0.002408 -0.024901 -0.014762 0.146855 0.004676 -0.145367 -0.002702 -0.001266 -0.001573 0.001457 0.001686 -0.003075 -0.058419 -0.505347 -0.366858 -0.052266 -0.065710 1.074926 0.729256 -0.000025 0.000222 0.002473 -0.113567 -0.076783 -0.262247 -0.049588 -0.005487 -0.514955 -0.281539 -0.038992 -0.042452 0.000519 0.000000 0.086139 0.395094 -0.087842 -0.001523 -0.005115
0.001889 -0.311712 -0.314129 -0.901897 -0.146268 -0.139329 -0.118482 -1.542284 -0.030249 -0.000009 -0.000331 -0.000247 -0.097837 -0.064174 0.000185 0.000377 0.000355 -0.000318 -0.000813 -0.009733 -0.038191 -0.071370 -0.005505 0.007919 0.026940 -0.119245 -0.101326 -0.017332 -0.016913 -0.002348 0.004471 0.008289 0.000248 -0.081530 -0.028397 -0.006968 -0.095803 0.889323 0.490923 0.021365 -0.000222 0.012012 0.000919 0.056888 -0.179221 -0.003317 0.056603 -0.387073 -0.075879 0.033284 0.043907 0.000427 -0.003644 -0.016741 0.255369 0.075343 -0.062539 -0.016232
0.012220 -0.691893 -0.613636 -0.632312 -0.251095 -0.138730 -0.185704 -0.790634 0.029524 -0.004867 -0.010155 -0.000554 -0.044333 -0.223889 -0.000083 -0.000419 -0.000569 -0.000760 -0.000889 -0.018247 -0.174997 -0.010652 -0.000799 0.000326 0.007213 0.000257 -0.232853 -0.100907 -0.030466 -0.040107 -0.007002 0.022316 0.024687 0.069129 0.037823 0.002618 -0.080715 0.732679 0.395991 0.084336 0.040628 0.024397 0.108963 0.109038 -0.020383 0.007419 0.080771 -0.250291 0.033205 0.083227 0.075979 0.000115 -0.005910 -0.212637 0.132910 0.232842 0.223237 -0.112559
