use_cases/Flooding_chicago/flooding_data/output/hUy_2820.asc
ncols 337
nrows 393
xllcorner 428428.000000
yllcorner 4602440.000000
cellsize 26.757400
NODATA_value -9999.000000
[rows 130 to 155 of 393, columns 174 to 231 of 337]
0.026408 0.009341 0.000558 0.000009 0.000155 0.031169 0.381215 0.038424 0.056739 0.028962 0.015842 0.021658 0.024779 0.032045 0.022743 0.048687 0.049691 0.025709 -0.090348 -0.598395 -0.914558 -1.198305 -0.954626 -0.186696 -0.054875 0.398588 0.049396 0.000719 -0.001869 -0.008896 -0.483943 -0.098869 -0.147551 0.045924 0.017738 0.028322 0.003884 0.000757 0.000491 0.000025 0.111801 0.024268 0.077817 0.104882 0.136131 0.039797 0.060913 0.062488 0.092053 0.004172 0.000534 0.000511 0.000268 -0.000209 -0.000007 0.129064 1.876278 0.895726
0.006838 0.000320 -0.000118 -0.007951 -0.000339 0.053847 0.088708 0.006904 0.017387 0.012546 0.013963 0.006008 0.019417 0.014278 0.017403 0.010233 0.017270 0.001777 0.075852 -0.392568 -0.994926 -1.226878 -0.904496 -0.473229 -0.184114 0.476659 0.181668 0.001471 0.022906 -0.001526 -0.619995 0.030720 0.026886 0.030424 0.009552 0.012430 0.000890 -0.000109 -0.000156 -0.032443 -0.003084 0.040464 0.017312 0.026621 0.010681 0.036066 0.038191 0.031105 0.026866 0.012446 0.000798 0.000718 -0.000039 -0.000812 0.003926 0.040249 0.468024 1.041966
0.000000 -0.000098 -0.006242 -0.026413 -0.026015 -0.002599 0.017943 0.000143 0.000061 0.000140 0.000222 0.000444 0.000025 0.000373 0.000309 0.000143 0.000002 -0.000136 0.204846 -0.371716 -0.903181 -1.233384 -0.982430 -0.513190 -0.195155 0.495128 0.737866 -0.074108 -0.035915 -0.140446 -0.310100 0.001685 0.007400 0.011921 0.000965 0.000473 -0.000082 -0.010447 -0.015302 -0.268571 0.005941 0.013924 0.007807 0.015069 0.008808 0.011552 0.007295 0.021056 0.002493 0.003219 0.000222 0.000103 -0.000243 -0.000513 0.000764 0.000000 0.004424 1.161017
-0.017749 -0.017371 -0.022143 -0.031585 -0.099763 -0.001116 -0.000011 -0.000156 -0.000063 -0.000140 -0.000222 -0.000220 -0.022739 -0.000644 -0.000421 -0.000128 -0.003327 1.203641 0.746163 -0.373176 -0.920366 -1.435007 -1.252797 -0.871496 -0.490483 0.350099 0.901701 -0.108032 -0.040867 -0.001101 -0.020458 0.003148 0.000318 0.000270 -0.000000 -0.000270 -0.007920 -0.032855 -0.146385 -0.218298 0.017903 0.004395 0.000289 0.000368 0.000724 0.000404 0.000015 0.000000 -0.000377 -0.001837 -0.000222 -0.000103 -0.000178 -0.000619 -0.006682 -0.062716 0.010256 0.921789
-0.042739 -0.036374 -0.030721 -0.031640 -0.166869 -0.009548 -0.004772 -0.041652 -0.010321 -0.007420 -0.008512 -0.030905 -0.045452 -0.025884 -0.019983 -0.008552 -0.024983 1.550400 0.699499 -0.344908 -0.811745 -1.284945 -1.658095 -1.105757 -0.875487 0.036628 0.874796 0.088814 -0.012797 -0.002265 -0.007497 0.000091 -0.000110 -0.000473 -0.000965 -0.001058 -0.022148 -0.370108 -0.069756 -0.121635 0.008058 0.000152 0.000068 -0.000388 -0.000781 -0.000588 -0.010501 -0.004899 -0.048796 -0.002744 -0.006516 -0.009821 -0.007692 -0.000783 0.002205 0.361319 0.060496 0.665598
-0.055844 -0.090919 -0.067322 -0.897746 -0.153995 -0.045848 -0.021572 -0.067292 -0.018382 -0.021412 -0.017885 -0.059079 -0.036287 -0.062638 -0.041822 -0.021862 -0.443291 0.989830 0.458889 -0.224757 -0.666859 -1.241409 -1.331046 -1.389652 -1.024664 0.100862 1.529664 1.239485 -0.064684 -0.011562 -0.001714 -0.000212 -0.001109 -0.006720 -0.024094 -0.002493 -0.047170 -0.422063 0.014551 0.047780 0.000311 -0.000054 -0.000755 -0.008639 -0.009405 -0.021955 -0.022472 -0.043272 -0.073189 -0.025316 -0.024921 -0.020013 -0.024516 -0.000656 0.381374 0.441260 0.055422 0.753511
-1.460880 0.276975 -0.017954 -0.288693 0.169593 -0.023520 -1.340464 -0.099171 -0.015786 -0.040640 -2.364157 -0.673103 -0.028645 -0.120469 -0.564288 -1.326232 -0.000311 0.612598 0.319482 -0.243317 -0.641628 -1.324175 -1.317955 -1.469149 -1.300101 0.055062 1.512573 2.125741 0.932404 -0.017813 -0.002159 -0.014324 -0.012228 -0.034010 -0.041657 -0.014196 -0.613987 -0.412514 0.011688 0.007386 0.000101 -0.001632 -0.018777 -0.014953 -0.015390 -0.036266 -0.020256 -0.077353 -0.085630 -0.052323 -0.039535 -0.023647 -0.018171 -0.000496 0.845850 0.508623 0.208339 0.629858
-0.676753 1.038447 0.342944 0.143497 0.273092 0.375047 -0.664041 -0.356075 0.002761 0.497502 -0.599498 -0.502587 -0.546826 -0.192532 -0.406039 -0.765495 0.228564 0.450570 0.255682 -0.312410 -0.711744 -1.328316 -1.280533 -1.518567 -1.279786 -0.020410 1.585632 2.224452 1.327278 -0.002992 -0.009168 -0.019179 -0.057720 -0.055515 -0.045333 -0.618687 -0.441282 -0.000000 -0.000004 -0.000117 -0.002008 -0.009255 -0.047941 -0.017314 -0.017542 -0.029714 -0.064430 -0.095638 -0.094026 -0.065474 -0.039170 -0.039684 -0.002288 0.008736 0.818660 0.627138 0.420619 0.717969
-0.002615 1.771339 1.055075 0.654520 0.649899 0.811402 -0.191083 0.233058 0.481684 1.106942 0.378074 -1.073939 -1.708854 -1.723239 -0.497218 -0.538778 -0.128208 0.025097 -0.025784 -0.318887 -0.704265 -1.366735 -1.350255 -1.553814 -1.444293 -0.192545 1.374418 1.694999 1.440743 -0.026426 -0.019202 -0.250565 0.133005 -0.581696 -0.255910 -0.077302 -1.443194 -0.168638 -0.014674 -0.016469 -0.023355 -0.005884 -0.018020 -0.018840 -0.018848 -0.034087 -0.094196 -0.108099 -0.075838 -0.069341 -0.076233 -0.058607 -0.046365 0.403931 0.991986 1.144783 0.950898 0.999597
1.304249 2.282401 1.383459 1.140641 1.043296 1.719149 0.793212 0.770772 1.300779 2.118963 1.074144 -0.211015 -1.840970 -2.144816 0.103102 -0.390976 -0.738066 -0.720105 -0.738341 -0.855223 -1.131854 -1.677257 -1.609045 -1.926530 -1.862488 -0.635950 0.791820 1.047623 0.760526 -0.402379 -0.424115 0.293691 0.291964 -0.104300 -0.059940 0.316545 -0.892298 -0.930154 -0.284937 -0.050581 -0.042767 -0.020599 -0.045739 -0.013796 -0.026989 -0.030874 -0.073069 -0.217287 -0.040762 -0.179117 -1.519375 -1.232205 0.400165 0.788976 1.626060 1.627459 1.434333 1.588439
0.884966 1.570091 0.976234 0.909191 2.055975 2.457754 1.809860 1.004520 1.438688 1.428533 0.666072 0.339335 -0.142472 -0.962670 -0.074899 -0.317631 -0.864925 -1.046760 -1.106159 -1.555199 -1.592369 -1.877677 -1.782331 -2.089106 -1.927766 -0.923162 0.377084 0.561520 -0.118152 -0.223478 -0.344600 0.190572 0.213473 0.107748 0.516483 0.624830 -0.598311 -1.152607 -0.459901 -1.853372 -0.295852 -0.036133 -0.031839 -0.027960 -0.172901 -0.142541 0.985769 -1.845943 -1.597052 0.254872 -0.165147 0.187349 0.999618 1.726213 2.158646 2.417934 2.145560 2.745037
1.428940 1.688124 0.794221 2.189581 2.462258 2.685964 1.558640 0.931385 0.854274 0.785012 0.591470 0.290123 1.411888 0.023558 0.029359 0.018451 -0.588954 -0.897298 -1.143310 -1.823374 -1.904171 -1.883551 -1.650181 -1.620808 -1.830377 -0.911934 0.291229 0.264682 -0.907935 -0.437236 -0.338004 -0.187976 0.139228 0.256658 0.724370 1.172568 -0.241973 -1.405684 -0.701392 -1.473155 -0.436703 -3.227985 -0.303591 -2.761558 0.645623 0.485876 1.566237 -0.876444 -0.800785 0.792067 1.036487 1.020183 1.226681 2.095027 2.315370 2.828496 2.512370 3.394738
0.508680 0.796355 1.776471 2.850050 2.253504 2.848529 1.494649 0.071980 0.012067 0.011782 0.016249 0.343360 0.570174 0.031637 0.007185 0.028503 0.411353 -0.353210 -0.602334 -1.495955 -1.606490 -1.595606 -1.501156 -1.334937 -1.347064 -0.566754 0.465121 0.260413 -0.833420 -0.966001 -0.437443 -0.587672 -0.204365 0.056189 0.224126 0.420138 0.095381 -1.355577 -0.060258 -0.830420 -0.307556 -2.913811 -0.846183 -1.668641 0.628201 0.705092 1.224333 -0.250749 -0.381039 1.072098 1.626214 1.568728 1.449807 2.120734 2.169686 2.499327 2.512423 3.264874
0.508507 0.876857 0.986301 2.446275 2.080495 0.599721 0.007567 0.013058 0.000992 0.001105 0.000267 0.488579 0.468578 0.000008 0.000346 0.007856 0.004927 -0.092593 -0.155871 -0.770681 -1.234643 -1.375626 -1.011441 -0.963251 -0.744638 0.098384 0.812293 0.330554 -0.666147 -1.231650 -0.797755 -0.954847 -0.745547 -0.471653 -0.091532 -0.024238 0.000379 -0.322407 0.329201 -0.123402 0.349614 -2.153091 -0.890391 -1.191945 0.470776 0.596776 0.958215 0.175651 0.073584 1.490504 2.528142 2.293348 1.645799 1.893553 1.858028 2.145858 2.467207 3.001899
0.587741 0.992176 0.962480 2.711552 0.097193 0.489325 -0.001369 0.000343 0.001010 0.001390 0.000053 0.578052 0.388980 -0.006307 -0.000180 0.000180 0.000222 -0.015092 -0.125070 -0.475344 -0.820261 -1.028573 -0.492552 -0.735401 -0.260288 0.699736 0.923023 0.449136 -0.436220 -1.385786 -1.169590 -1.409959 -1.214746 -1.465004 -0.550672 -0.169006 -0.000310 -0.212093 0.499017 0.378724 0.957922 -1.051720 -0.291137 -0.658488 0.424706 0.432383 0.817990 0.540195 0.901703 2.073801 2.782548 2.275235 2.111243 1.988329 1.613968 1.815834 2.459331 2.773845
0.652430 1.139648 1.035456 1.264994 0.119899 0.110792 0.000244 -0.000033 -0.000023 0.000222 -0.000195 0.845871 0.464092 -0.036234 -0.007876 -0.000346 -0.000004 0.007741 -0.101318 -0.148240 -0.302123 -0.278359 0.192934 -0.428184 0.237183 1.473900 1.056686 0.762667 -0.090725 -1.165954 -1.533812 -1.646607 -1.936006 -1.877913 -1.738983 -1.070886 -0.224799 -0.113584 0.706846 0.840721 1.165572 -0.257329 1.538874 -0.320324 0.156014 0.356836 1.031202 1.011872 1.648826 2.503600 2.813832 2.146837 1.357552 1.734273 1.579310 1.940641 2.539037 2.830777
0.725835 1.241539 0.415155 0.219120 0.101545 -0.000022 -0.000271 -0.000164 -0.000323 -0.000222 -0.014365 0.614930 0.329708 0.199808 -0.020296 -0.006276 -0.000885 -0.000031 -0.000000 0.020737 -0.014476 0.198213 0.530991 0.235046 0.957728 1.939563 1.315652 1.087113 1.015084 -0.795977 -1.586381 -2.094991 -1.969371 -2.580082 -2.092155 -1.325870 -0.418899 0.039333 0.899481 1.115635 1.638549 0.356654 0.772013 -0.043734 -0.007984 0.198321 0.984161 1.194175 2.089031 2.206290 2.130332 1.574275 1.306881 1.766652 1.689255 1.820087 2.222289 2.265729
0.303152 0.409145 0.426667 0.000624 0.000174 0.002652 -0.067774 -0.016337 -0.007836 -0.008612 -0.376476 0.817217 0.221800 0.326124 -0.012928 -0.012610 -0.000709 -0.009732 0.152834 0.435702 0.160084 0.540214 0.838157 0.410002 1.496608 2.252218 2.116982 1.538030 1.285596 0.308959 -1.164422 -2.168471 -2.582873 -2.459478 -1.993854 -1.220440 -0.704839 0.424950 1.077204 1.327371 1.659180 0.648097 0.418624 0.064228 -0.168320 0.190297 1.006840 1.324179 2.184732 1.688940 1.750879 1.419146 1.503386 1.878902 2.035702 1.642289 1.800680 1.956669
0.312782 0.323655 0.307237 0.051920 -0.053669 -0.029483 -0.023211 -0.090345 -0.015955 -0.284712 0.007264 0.928216 0.070004 0.162797 -0.002113 -0.002363 -0.009774 -0.297642 0.502711 0.436800 0.165866 0.610757 1.323333 0.912182 2.834032 3.868634 3.530362 2.188780 1.653279 0.624462 -0.224543 -1.853071 -2.288872 -2.295566 -1.651715 -0.961383 -0.889208 0.234800 1.126058 1.058935 1.049741 0.679059 0.676869 0.098204 -0.435168 0.341459 0.937626 1.328065 1.667449 1.354442 1.453627 1.325480 1.819234 1.796310 1.866439 1.316073 1.273761 1.265610
0.332224 0.766921 0.498724 0.006174 -0.202091 -0.287526 -0.113876 -0.138696 -0.004971 -0.047034 0.852062 1.395119 -0.197020 0.116661 -0.028327 -0.007372 -0.371955 0.410787 0.790566 0.520589 0.204189 1.135362 1.736950 1.314884 3.998140 5.240418 4.306900 2.033571 0.926976 0.435405 0.099434 -1.133679 -1.858345 -2.112851 -1.540918 -0.847471 -0.645787 -0.162760 0.621194 0.654004 0.807666 0.594585 0.344665 -0.039200 -0.264641 0.441886 1.169599 1.209858 1.486609 1.304243 0.954484 1.130458 1.296712 1.311832 1.952109 0.929148 1.096521 1.136948
0.764265 0.854256 0.539885 -0.088005 -0.304974 -0.409107 -0.317189 -0.409951 -0.056465 0.007452 0.157702 0.210660 0.003663 0.023064 0.004414 0.204653 0.530955 0.956116 0.953406 0.611867 0.283921 1.848700 2.178031 1.704030 4.427061 6.646964 3.984234 1.233937 -0.108193 0.385859 0.174855 -0.380425 -1.106254 -1.570206 -1.150905 -0.632722 -0.670631 -0.765833 -0.081810 0.235538 0.150115 0.061436 0.087447 0.057065 0.222833 0.681590 1.339257 1.148591 1.321124 1.201293 0.569028 0.797271 1.050597 0.772850 0.899309 0.799893 0.902581 1.067507
1.301849 1.513294 0.466650 -0.192729 -0.429792 -0.562269 -0.471840 -0.642008 -0.125543 -0.055178 -0.000121 0.000212 0.000000 0.000000 0.008310 0.452032 1.275235 1.729195 1.168985 1.307485 0.891899 3.228969 2.948749 2.107653 6.067912 7.827575 4.070193 0.718040 -0.776739 0.460580 0.180621 0.312411 -0.470796 -1.510979 -1.021150 -0.365804 -0.563836 -1.243034 -0.683625 -0.332116 -0.264622 -0.013014 -0.073124 0.209991 0.396615 1.025745 1.491936 0.765073 1.117677 1.005627 0.420887 0.587517 0.818759 0.698322 0.780778 0.993182 0.922638 1.064632
1.890628 1.913052 0.857374 -0.163015 -0.957864 -1.639774 -1.361879 -1.390610 -1.126304 -1.190277 -0.397313 -0.227093 -0.199339 0.502281 1.760174 2.161624 1.673936 2.916781 2.507860 1.655660 1.320170 4.241864 2.181606 2.250372 5.135248 7.496588 3.330271 0.357782 -0.553425 0.697467 0.470760 0.591840 -0.330310 -1.458805 -0.793748 0.357917 -0.144678 -1.070614 -0.960290 -0.535136 -0.580175 0.043806 0.380700 0.280130 0.578951 1.347400 1.605365 0.566702 1.305942 1.128670 0.535471 0.604147 0.672118 0.424174 0.948029 1.041844 0.700377 0.941788
3.203191 2.829248 1.678583 -0.118058 -0.731939 -0.721180 -0.785431 -1.170019 -0.554845 -0.597602 -0.752207 -0.257655 0.373631 1.595173 2.639134 2.318670 2.266329 6.134394 2.660628 1.599926 1.549045 3.603931 1.022970 0.508614 3.751772 4.030025 1.309442 0.643205 0.610565 1.670257 0.974440 0.432082 -0.172993 -0.984079 0.156833 0.020022 0.280848 -0.550997 -0.535351 -0.448152 -0.329399 0.206037 0.978205 0.757736 0.634422 1.632637 1.301695 0.279353 0.884736 1.024989 0.507203 0.462892 0.498270 0.390379 0.995666 0.584339 0.678780 1.053100
4.288598 2.690173 2.177980 -0.060278 0.234354 -0.040321 -0.261215 -0.687920 -0.006131 0.110364 0.451412 0.304192 1.216556 2.560848 3.992071 1.890136 2.210207 2.592116 0.132273 0.076503 0.030820 0.051757 0.051273 0.830773 4.797823 4.229831 0.286537 0.020270 0.066158 0.053598 0.037901 0.276442 0.407972 0.398415 0.023176 0.013741 0.019992 0.232575 0.166046 0.009069 0.088228 0.726463 1.800760 0.993315 0.761394 1.774928 1.159381 0.104932 1.251588 1.379526 0.947898 0.863692 0.887067 0.901712 1.483614 0.565573 0.889349 1.334398
2.149934 1.891465 1.262990 0.449939 0.845978 0.507852 -0.000748 0.116275 0.872676 0.986635 0.564987 0.654402 1.411210 1.128877 2.067400 0.023844 0.075136 0.087703 0.020609 0.012444 0.015647 0.004815 0.089023 1.321373 5.127538 3.300171 0.174828 0.032361 0.069542 0.021286 0.022864 0.018295 0.064386 0.019882 0.009983 0.012204 0.006516 0.090709 0.436691 0.824686 0.882026 1.196850 2.273795 1.256327 1.023988 1.954455 0.576331 0.050289 0.023998 0.023340 0.032242 0.017110 0.033467 0.039004 1.819884 0.866136 0.789731 1.135123
