use_cases/Flooding_chicago/flooding_data/output/hUy_1080.asc
ncols 337
nrows 393
xllcorner 428428.000000
yllcorner 4602440.000000
cellsize 26.757400
NODATA_value -9999.000000
[rows 234 to 259 of 393, columns 58 to 115 of 337]
0.035893 0.030796 0.017212 0.027076 0.000621 0.000399 0.001237 0.109912 0.072606 0.000300 0.000414 0.000000 0.000000 -0.000309 -0.000013 -0.016922 -0.006079 -0.055587 -0.171683 -0.116295 -0.012439 -0.016160 -0.007782 -0.002187 -0.001023 -0.100726 -0.099755 -0.096337 -0.000639 -0.001920 -0.024797 -0.145465 -0.280256 -0.014127 -0.001047 -0.061668 0.609987 -0.002399 -0.535362 -0.504312 -0.240196 -0.022506 0.001281 0.000504 0.000554 0.000757 -0.001131 0.002178 -0.015580 -0.025044 -0.000326 -0.039193 -0.000020 -0.000494 -0.001200 -0.002134 -0.007609 -0.019682
0.058739 0.042651 0.015726 0.000547 -0.000042 -0.000323 0.003996 0.105688 0.001773 0.000069 0.000000 -0.014804 -0.008974 -0.021113 -0.015189 -0.007535 -0.024963 -0.019229 -0.399405 -0.422022 -0.029847 -0.039974 -0.028551 -0.039955 -0.022438 -0.078272 -0.525794 -0.074097 -0.043811 -0.018164 -0.221464 0.080685 -0.062977 -0.003018 0.000767 0.003932 0.013407 0.001872 -0.645014 -0.591321 -0.234264 0.029301 0.002500 0.000131 0.000247 0.000331 0.001371 0.001581 -0.011421 0.192301 0.056479 -0.332746 -0.126569 -0.411739 -0.015970 -0.321722 -0.011285 -0.859487
0.269958 0.026259 0.013047 0.001256 -0.000527 0.000477 0.088388 0.008604 0.007693 -0.000570 -0.006241 -0.035353 -0.018732 -0.052535 -0.044981 -0.032909 -0.046577 -0.010681 -0.000729 -0.296513 -0.244093 -0.011674 -0.056897 -0.108339 -0.017968 -0.049143 -0.054893 -0.038829 -0.217183 -0.148500 -0.189015 0.109040 0.011265 -0.102450 -0.008901 0.002498 0.000000 0.000587 -0.681153 -1.384980 -0.000031 0.000507 0.000330 -0.000159 -0.000569 -0.000393 -0.001346 0.000894 0.000954 0.308863 0.012343 -0.104745 -0.168416 -0.447903 -0.445860 -0.023083 -0.010593 0.000000
0.326925 0.008569 0.003387 0.003410 -0.000436 -0.001201 -0.000692 0.046383 -0.000987 -0.005468 -0.023673 -0.036348 -0.017976 -0.104431 -0.931238 -0.121545 -0.129886 -0.013494 -0.037561 -0.039989 -1.426789 -0.021024 -0.699897 -0.128813 -0.009131 -0.024811 -0.028657 -0.020050 -0.001365 0.000185 -0.230815 0.139805 -0.008632 -0.031568 0.229713 0.231316 -0.007905 0.000000 -0.557913 -0.597672 -0.304650 -0.000473 -0.000789 -0.008704 -0.006861 -0.006778 -0.032322 -0.000137 0.001025 0.021006 -0.018604 0.298149 0.273782 0.006145 -0.530849 0.000913 -0.012706 -0.090303
0.243772 0.005997 0.004334 0.000000 -0.011047 -0.008782 -0.007317 -0.004248 -0.005674 -0.004446 -0.068320 -0.011360 -0.001055 0.020441 -0.551813 0.230886 -0.002743 -0.417259 0.558856 0.525181 -1.425593 -0.356690 -0.121720 -0.515011 -0.051740 -0.041659 -0.058693 -0.007782 -0.002361 -0.000681 -0.316435 0.063011 0.000078 0.018565 0.264042 0.580918 -0.353250 -0.013424 -0.388790 -0.851272 -0.241700 -0.039319 -0.035372 -0.070234 0.008946 0.016833 0.028306 0.000996 -0.000505 -0.000028 -0.000001 -0.000000 -0.000000 -0.000872 -0.524701 0.018772 -0.040237 -0.015789
0.043444 0.010157 -0.000979 -0.024731 -0.009914 -0.011007 -0.010288 -0.007494 -0.005366 -0.022294 -0.021606 -0.003676 0.000882 0.211305 -0.048849 0.408403 0.009366 -1.222834 0.880143 0.593934 -0.677142 -0.209545 0.037735 -0.309271 -0.280076 -0.259377 -0.863281 -0.034884 -0.011301 -0.015116 -0.406231 0.167882 0.041860 0.104344 0.320748 0.630750 0.002951 -0.191478 -0.372520 -0.701731 -0.543228 -0.021666 0.058886 -0.019299 0.010181 0.012242 0.006551 0.000356 -0.000412 -0.018566 -0.016175 -0.144918 -0.108440 -0.391320 -0.436537 -0.000094 0.000222 0.044711
0.002282 0.000830 -0.001412 -0.073850 -0.049913 -0.006049 -0.007500 -0.007010 -0.003210 -0.006409 -0.045374 -0.003042 -0.000049 0.003884 0.154638 0.357239 0.004557 -0.763100 1.059587 0.779388 -0.405938 -0.022765 0.148543 -0.116398 -0.059117 0.085164 -0.330648 -0.438026 -0.390922 -0.175682 -0.271807 0.079183 0.080698 0.153038 0.328545 0.677775 0.937176 -0.115501 -0.365303 -0.665583 -0.170456 0.020483 0.021839 0.000268 0.000167 0.000000 0.000000 -0.000167 -0.009329 0.163080 -0.048140 -0.406062 -0.286287 -0.278586 -0.387378 0.098720 -0.000222 -0.000006
0.000641 -0.000120 -0.000656 -0.048720 -0.157705 -0.041947 -0.023332 -0.003137 -0.010871 0.001907 -0.046445 -0.005563 -0.002430 0.015114 0.525177 0.000393 0.000222 -0.676394 1.136931 1.078054 -0.544593 -0.041254 0.098430 -0.080900 -0.045341 0.125486 -0.040676 -0.325024 -0.397605 -0.210200 -0.127240 -0.023654 -0.001484 0.197657 0.343635 0.868098 1.916435 0.147713 -0.251986 -0.266870 -0.000188 0.007037 0.006017 -0.000091 -0.000356 -0.006551 -0.026123 -0.018949 -0.488092 0.348515 0.125471 -0.216771 -0.255234 -0.285733 -0.329820 0.414311 -0.024936 -0.346006
-0.001992 -0.017444 -0.009398 -0.006211 0.052454 -0.534032 -0.044325 -0.001008 -0.006805 -0.000318 -0.016490 -0.006811 0.000470 0.038651 0.128826 0.000810 -0.000222 -0.005310 0.901958 1.087052 -0.522731 -0.134137 0.032791 -0.056600 0.045505 -0.030861 -0.021913 -0.130706 -0.307143 -0.190583 0.001131 0.000769 -0.009858 0.245852 0.171115 0.510346 2.615394 0.354101 -0.088459 -0.003263 0.000718 0.000266 0.000322 -0.001034 -0.007009 -0.031368 -0.199522 -0.076974 -0.227808 0.470702 0.323594 -0.130162 -0.212291 -0.261723 -0.266439 0.528117 -0.624271 -0.367846
-0.018049 -0.042652 -0.027087 -0.022505 0.229004 -0.304872 -0.394067 -0.007653 0.000000 0.000000 -0.006743 -0.058556 -0.002680 0.006172 0.004780 0.000598 -0.011127 0.005361 0.835693 0.995953 -0.379673 -0.174164 -0.003933 -0.018379 0.120822 -0.087020 0.046752 0.550886 0.054578 0.021043 0.001265 0.002141 0.156250 0.226570 -0.000166 0.000254 2.480706 0.633683 -0.027362 2.175133 0.001230 0.000029 -0.000127 -0.000293 -0.159488 -0.081250 -0.102237 0.144687 -0.051572 0.005535 0.509728 -0.137998 -0.222848 -0.273067 0.060799 0.213216 -0.473810 -0.392660
-0.076996 -0.070907 -0.236466 0.188607 0.305286 -0.256373 -0.257077 -0.053999 -0.005998 -0.006555 0.021390 -0.054698 -0.062629 0.001687 0.000468 -0.001572 -0.036033 0.508292 1.394631 1.129224 -0.262486 -0.253552 0.016704 0.033385 0.152051 -0.088431 0.162318 0.279746 0.159298 0.074535 0.000000 0.001523 0.132714 0.193489 0.147511 0.339302 4.286100 0.398954 0.035282 0.016381 0.001727 -0.000268 -0.000427 -0.000008 0.000591 -0.012894 -0.018420 0.051453 0.050277 0.000554 0.012720 -0.155278 -0.329289 -0.252183 -0.035310 0.064856 -0.137491 -0.339262
-0.104991 -0.041957 0.168913 0.159906 0.296013 -0.170472 -0.234693 0.357936 -0.052787 -0.087369 0.036489 -0.059980 -0.073112 -0.006382 -0.003688 -0.004354 -0.081776 0.817639 1.639540 1.316775 -0.312030 -0.181541 0.067730 0.035770 0.055220 0.027693 0.063983 0.109669 0.135942 0.165343 0.001857 0.008112 0.235013 0.333826 0.424312 0.614230 3.661206 0.624140 0.050707 0.005181 0.007365 -0.008122 -0.010347 -0.003337 0.000814 0.000687 0.010408 0.031989 0.000471 0.000247 0.000331 -0.025896 -0.373841 -0.302640 -0.031676 -0.000490 -0.001855 -0.288472
-0.015726 -0.039193 0.166324 0.079313 0.172073 -0.130826 -0.235234 0.048979 -0.001798 -0.263922 0.003823 -0.052651 -0.015807 -0.009824 -0.003532 -0.003116 1.063492 1.403437 1.721620 1.313923 -0.473959 -0.118014 0.035236 0.001607 0.003671 0.085147 0.012081 0.016943 0.182476 0.214621 0.003043 0.017137 0.056232 0.085655 0.162539 0.552949 2.015600 0.606120 0.015660 0.006686 0.006303 -0.005895 -0.104316 -0.002369 -0.002085 -0.000380 0.012209 0.000419 -0.000446 -0.000569 -0.000393 -0.000182 -0.151965 -0.393946 0.081928 -0.001025 -0.001099 -0.324666
0.003606 0.003966 0.064950 0.075996 0.217601 0.148868 -0.097310 0.001114 0.014409 -0.011021 -0.012673 -0.013231 -0.126433 -0.004289 -0.026710 0.446163 0.497997 1.610074 1.732768 1.297018 -0.363074 0.049762 0.006049 0.001335 0.007089 0.030381 0.005903 0.009513 0.214173 0.265964 0.005147 0.040378 0.002796 0.003909 0.001395 0.870190 1.922506 0.797944 0.000013 0.000401 0.000330 0.000181 0.070564 -0.064693 -0.001677 -0.000966 0.009503 -0.000370 -0.001985 -0.084217 -0.090439 -0.214337 -0.339263 -0.634822 0.093637 0.265937 -0.132336 -0.302175
-0.000018 0.001366 0.073533 0.067984 0.021965 0.043603 0.003274 0.002534 0.024114 -0.005733 -0.009620 -0.082216 -0.777134 0.382089 0.116662 0.463005 0.625013 0.670259 0.712160 0.371560 0.003348 0.167152 0.021843 -0.000364 0.004600 0.005176 0.025138 0.001467 0.008329 0.377934 0.016916 0.010108 0.004180 0.005931 -0.000100 1.000523 2.129981 0.912960 -0.017385 -0.000555 -0.000396 -0.000997 0.058725 -0.110703 0.155258 -0.044127 -0.000039 -0.001033 -0.001210 -0.051693 -0.105833 -0.429659 -0.353457 -0.505053 0.881119 0.420938 -0.120651 -0.738117
0.000940 0.006007 0.213036 -0.049542 0.000840 0.003426 0.006414 0.004388 0.070836 0.012170 0.122969 -0.086825 -0.705167 0.618279 0.747809 0.417254 0.538211 0.587362 0.771570 0.004179 0.006140 0.052409 0.050738 0.129546 0.005283 0.018376 0.007984 0.002948 0.000733 0.211256 0.006790 0.000555 0.000396 0.006700 0.367805 1.683553 1.094098 0.908488 0.199691 -0.015724 -0.004893 -0.005880 -0.028084 -0.057967 0.237891 0.704514 -0.019291 -0.061778 0.152471 0.010054 -0.064332 -0.322043 -0.264595 -0.233012 1.521100 0.537281 -0.180721 -0.946171
0.000884 0.039741 0.461291 0.037581 -0.000152 0.002333 0.007467 0.005840 0.012931 0.054685 0.035425 0.110818 -0.671895 0.759389 1.013287 0.387857 0.453642 0.379347 1.129227 0.345935 -0.001038 0.000375 0.006328 0.047867 0.050856 0.009018 0.000778 0.001050 -0.000233 0.125254 -0.000013 -0.000401 -0.000330 0.018939 0.498021 1.503293 0.937208 0.804322 0.366274 -0.645597 -0.003982 -0.008832 -0.082264 -0.028838 0.170912 0.238411 0.261972 0.074398 0.210876 0.137686 0.070540 -0.137482 -0.006071 0.016822 0.005661 0.648948 0.154799 -0.109141
0.000455 0.011248 0.025193 0.403497 0.008811 0.000013 0.006287 0.001462 0.001687 0.034900 0.011104 0.009751 -0.328708 0.964778 1.170358 0.084970 0.051413 0.245753 1.108751 1.129175 0.069626 0.002263 0.016552 0.017244 0.025300 0.002988 0.000927 -0.000447 0.029060 0.299717 -0.044069 -0.014303 -0.016698 0.007017 0.666057 1.539981 1.640155 0.736657 0.485885 0.004212 0.000604 -0.004828 0.045742 0.056526 0.007556 0.007514 0.141518 0.014872 0.244064 0.222869 0.226702 -0.041665 0.000245 0.000103 0.000222 0.041883 0.051884 0.049232
-0.001028 0.000209 0.000898 0.101224 0.014742 0.000203 0.000348 0.000657 0.001266 0.012359 0.000795 0.000026 0.000000 0.502984 0.356705 0.156473 0.051216 0.014956 0.829830 0.861306 0.017379 0.002588 0.028726 0.011511 0.008103 0.004330 -0.000064 -0.000603 0.079326 0.313604 0.316951 0.014522 -0.015992 -0.024420 0.753721 1.522954 0.706035 0.640419 0.690324 0.254011 0.198219 -0.001733 0.000936 0.001994 0.000360 0.000360 0.000130 0.059555 0.159161 0.185655 0.292853 0.101689 0.000026 -0.000103 -0.000222 0.001071 0.000222 0.001127
-0.001249 -0.000518 0.000349 0.002268 0.001900 -0.001107 -0.000521 -0.001526 -0.001765 0.000000 -0.000100 0.011263 1.137408 0.702751 0.380550 0.099434 -0.125470 0.237864 0.933143 0.085675 0.085839 0.023735 0.019813 0.003946 0.000702 0.001809 0.001005 0.071495 0.130816 0.306863 0.293050 0.122652 -0.004802 0.108716 1.104889 1.340173 0.904507 0.544513 0.579527 0.298436 0.215697 0.011875 -0.000211 -0.001026 -0.000360 -0.000360 -0.000149 0.164176 0.072230 0.122848 0.288716 0.533780 -0.000844 -0.011146 -0.012788 -0.000389 -0.000222 -0.001724
0.066733 -0.009544 -0.002824 -0.001857 -0.002282 -0.004139 -0.019526 -0.023253 -0.027056 -0.003663 -0.095053 1.427610 1.262652 0.217862 0.071579 0.388620 0.480852 0.320482 0.113621 0.046034 0.091728 0.051615 0.010996 0.000222 0.001020 0.017511 0.019800 0.187231 0.200652 0.013792 0.020108 0.013860 0.001297 0.160531 0.995837 1.166618 0.770365 0.745290 0.596501 0.386472 0.268647 0.004521 -0.001069 -0.001963 -0.082195 -0.031432 -0.000842 0.094034 0.022256 0.100551 0.281162 0.504239 0.429016 -0.076688 -0.024803 -0.001030 -0.006909 -0.011120
0.092648 -0.487779 0.107830 -0.002227 -0.002345 0.043407 -0.387869 -0.385592 -0.387157 -0.440665 0.757553 0.729869 0.367188 0.313731 0.015466 0.142918 1.055649 0.098137 0.038238 0.037486 0.049014 0.071099 0.005389 -0.000222 0.002126 0.012152 0.008509 0.125232 0.007729 0.006698 0.006698 0.000657 0.000068 0.237212 1.082642 1.094891 0.779769 0.653356 0.604585 0.450617 0.327901 0.013288 -0.013281 -0.098767 -0.082335 -0.035887 0.014570 0.128023 0.017746 0.123669 0.342269 0.537508 0.558215 0.040628 -0.002421 -0.001879 -0.015301 0.037984
0.091017 -0.248092 0.140808 -0.018860 -0.019155 0.242813 -0.160244 0.025159 -0.066934 -0.343043 0.693705 0.474429 0.391735 0.332815 0.054982 0.123660 0.017644 0.030447 0.022506 0.038394 0.017858 0.045842 0.034921 0.011644 0.005865 0.001299 0.000799 0.049580 0.000010 0.000360 0.000360 0.000076 -0.000139 0.547677 1.448366 0.917447 0.683915 0.549256 0.660248 0.646275 0.684417 0.198633 0.092595 -0.539420 -0.060674 -0.013048 0.139592 0.322214 0.057320 0.102159 0.223336 0.649581 0.824412 0.139637 0.000000 -0.000459 -0.014727 0.042645
0.098959 -0.061574 0.202982 -0.046612 0.004305 0.216833 -0.049859 0.237054 0.119823 -0.333402 0.654193 0.444275 0.400663 0.353184 0.123589 0.111599 0.000824 0.000935 0.013264 0.017486 0.007317 0.018923 0.020785 0.037008 0.002609 -0.000367 -0.000008 0.000149 -0.027450 -0.000360 -0.000360 -0.000207 -0.000691 0.826006 1.437134 0.728336 0.558600 0.487684 0.551721 0.555714 0.720304 0.557752 0.236014 -0.316337 -0.030020 0.001202 0.010154 0.014188 0.096016 0.119498 0.271957 0.289400 0.925183 0.226122 -0.016165 -0.000914 -0.002720 0.000475
0.040885 0.045659 0.540297 0.010830 0.126671 0.323203 0.056589 0.486400 0.404936 -0.246599 0.608463 0.028659 0.598200 0.563566 0.367355 0.159659 0.008253 0.007665 0.004515 0.000007 0.000352 0.006416 0.010469 0.007603 -0.000686 -0.021045 -0.003208 -0.000459 -0.149571 -0.007325 -0.005117 -0.000454 0.000603 0.942944 1.540280 0.816300 0.652803 0.434912 0.481558 0.700126 0.955573 1.143088 0.365635 -0.193800 0.001714 0.000063 0.000585 0.006344 0.000430 0.081330 0.502462 0.610552 0.801607 0.538453 0.122797 0.125164 -0.081021 -0.010821
0.043966 0.289570 0.752858 0.009784 0.035464 0.468458 0.159651 0.076751 0.570662 0.072400 0.038687 0.021506 0.019184 0.292656 0.514973 0.271601 0.013821 0.006129 -0.000108 -0.007635 -0.000352 -0.000007 0.000068 0.000120 0.014722 -0.059348 -0.016236 -0.006875 -0.065276 -0.167321 -0.008231 -0.008036 0.245065 1.046526 0.951951 0.585629 0.482511 0.408907 0.609321 0.504398 0.770600 0.770703 0.604192 0.047212 0.035310 -0.000157 -0.000069 0.000000 -0.000062 0.016511 0.058827 0.097206 0.155292 0.381506 0.186590 0.210778 0.174371 0.324484
