use_cases/Flooding_chicago/flooding_data/output/hUy_2880.asc
ncols 337
nrows 393
xllcorner 428428.000000
yllcorner 4602440.000000
cellsize 26.757400
NODATA_value -9999.000000
[rows 130 to 155 of 393, columns 232 to 289 of 337]
0.710952 0.009550 -0.000515 -0.001495 0.000000 -0.000074 0.009681 0.032326 0.018589 0.071038 0.739275 7.342222 8.013194 9.693402 4.459351 3.291273 1.136403 0.333602 0.235872 0.243045 0.322316 0.417088 0.620676 0.656731 0.367580 0.202194 0.014951 0.023332 0.001306 0.001306 0.658191 0.242847 0.182066 -0.000329 -0.000619 -0.032349 -0.005527 0.004160 0.001822 0.026409 1.336312 6.813739 7.323050 -0.001411 -0.004354 -0.042760 0.081195 0.102082 0.037648 0.000971 0.006566 0.001070 -9999.000000 -9999.000000 -9999.000000 -9999.000000 -9999.000000 -9999.000000
1.173442 0.031872 -0.066572 -0.075606 -0.006104 -0.000786 0.001513 0.001017 0.000431 0.074195 1.187399 9.558008 8.565321 6.948648 4.462276 2.478288 1.087789 0.622568 0.320195 0.331630 0.434485 0.307228 0.474059 0.772577 0.556628 0.153913 0.008375 0.014677 0.001852 0.001852 0.053820 0.041629 0.047498 0.001994 0.062435 -0.232015 -0.002813 0.005748 0.000346 0.005963 0.446775 5.931794 8.648640 0.034215 -0.016497 0.000202 0.000736 0.032579 0.009299 0.000360 0.000360 0.000297 -9999.000000 -9999.000000 -9999.000000 -9999.000000 -9999.000000 -9999.000000
1.171817 0.396725 0.364526 0.464010 -0.129270 -0.047912 -0.004507 -0.000893 -0.000382 0.242639 2.298951 11.376880 8.072248 6.323434 2.575063 2.173258 2.005613 0.022168 0.097927 0.144394 0.146935 0.254045 0.333375 0.781134 1.110106 0.305862 0.002583 0.000130 0.000360 0.000360 0.018595 0.018941 0.028107 0.002617 0.057826 -0.201487 -0.000782 0.000180 -0.000180 0.000292 0.572793 4.872416 7.305832 2.670604 -0.026448 -0.000103 0.000066 0.000861 0.001064 -0.000360 -0.000360 -0.000911 -9999.000000 -9999.000000 -9999.000000 -9999.000000 -9999.000000 -9999.000000
1.040244 0.488129 0.745533 1.136861 0.401225 0.303641 0.122887 0.073228 0.328419 0.316858 3.839418 9.913604 9.430086 5.738644 0.985343 1.475435 1.163397 0.029178 0.034615 0.061088 0.078678 0.191781 0.183074 0.464145 1.345915 0.748620 0.014670 -0.000130 -0.000360 -0.000360 0.000818 0.008544 0.010902 0.021404 0.109605 -0.237463 -0.001254 -0.000346 -0.035437 -0.002825 1.130087 3.050708 5.972521 3.187424 0.068240 -0.012015 -0.000367 0.000443 0.001531 -0.001612 -0.007501 -0.005196 0.001234 -9999.000000 -9999.000000 -9999.000000 -9999.000000 -9999.000000
1.365698 1.088937 1.312156 1.332828 0.671478 0.454530 0.169799 0.092381 0.720565 1.693983 4.971877 11.143502 6.917910 5.455264 1.030823 1.825830 0.116977 0.022229 0.017878 0.013868 0.039915 0.098707 0.026983 0.031526 0.953403 2.771363 0.898095 0.024907 -0.012184 -0.013591 -0.000197 0.000222 0.000136 0.007433 0.009921 -0.214173 -0.074769 -0.190997 0.647412 2.360014 2.554734 3.378634 3.422581 2.667426 0.184497 0.000689 0.000426 0.000726 0.000335 -0.000514 -0.091090 -0.014196 -0.001689 -9999.000000 -9999.000000 -9999.000000 -9999.000000 -9999.000000
1.353000 1.187975 1.302821 1.495997 0.650934 0.565175 0.020094 0.007941 1.608135 2.880790 6.519820 9.312738 7.249488 5.446847 0.862318 0.581954 0.036278 0.017623 0.011933 0.011324 0.030987 0.027103 0.004208 0.000245 0.042506 1.377022 0.976168 0.063732 -0.201356 -0.074129 -0.000260 -0.000222 -0.000105 0.000086 0.000254 0.000296 0.121937 1.687234 3.640137 3.688969 2.625451 3.394572 1.695569 0.077269 0.028600 0.027074 0.000321 0.000166 0.000158 0.000222 0.000005 -0.004862 -0.002579 0.000296 -9999.000000 -9999.000000 -9999.000000 -9999.000000
1.350829 1.211238 1.383150 1.340675 0.386682 0.055698 0.014597 0.015340 2.366397 2.855659 5.587483 10.304723 5.792697 2.865313 0.350819 0.057065 0.028682 0.007156 0.000765 0.010488 0.001106 0.000448 0.000018 -0.000092 0.680594 1.650006 1.159082 0.100067 -0.392164 -0.040184 -0.053202 -0.008192 -0.013284 -0.000851 -0.000070 0.000343 0.743087 2.471113 3.501945 3.139328 2.130210 2.066423 0.502926 0.000381 0.000769 0.009987 0.000218 -0.000024 -0.000300 -0.000222 -0.000446 -0.006481 -0.038230 -0.003404 -9999.000000 -9999.000000 -9999.000000 -9999.000000
1.121908 1.390256 1.492544 1.345256 0.569017 0.204940 0.015567 1.028267 3.902619 4.513799 5.714560 9.786868 6.172193 0.290749 0.027147 0.064093 0.000107 -0.000001 -0.000090 0.000000 -0.000791 -0.000591 -0.007385 -0.026007 1.049499 1.572458 0.898196 -0.081063 -0.089361 -0.055795 -0.049157 -0.073324 -0.052189 -0.000790 -0.000500 0.000726 1.128172 3.309405 2.520629 2.724156 0.863821 0.987098 0.693903 0.000125 -0.000307 -0.000044 -0.000558 -0.000367 -0.001309 -0.013401 -0.001308 -0.003242 -0.069593 -0.019295 -9999.000000 -9999.000000 -9999.000000 -9999.000000
1.630730 2.092481 2.054564 1.577648 1.032501 0.114253 0.474111 2.067935 3.947232 4.460541 5.955534 8.067986 3.290116 0.214629 0.038979 0.177061 -0.000243 -0.009583 -0.007952 -0.014340 -0.013360 -0.008652 -0.187078 0.629670 1.274848 1.561066 0.662411 -0.307387 -0.063173 -0.039199 0.082247 0.000723 -0.367691 -0.252348 -0.105678 -0.012788 1.222161 3.522693 2.627370 0.912418 0.990608 1.089564 1.112278 -0.000436 -0.000549 -0.011663 -0.002072 -0.013930 -0.015657 -0.030969 -0.011684 -0.015489 -0.072651 -0.045546 -0.004722 -9999.000000 -9999.000000 -9999.000000
2.555125 2.918740 2.632520 1.987926 1.087310 1.726022 0.871077 1.962010 3.201801 3.360596 4.594317 5.423446 2.389670 0.121677 0.331077 1.462810 1.781963 0.607172 -0.085493 -0.132356 -0.091221 -0.167371 0.871003 1.214585 1.873954 1.606427 0.584476 -0.297175 -0.108467 -0.052023 0.131996 0.079216 -0.358634 -0.692143 -0.832203 -0.625929 1.362595 2.855272 2.113954 0.771787 0.911020 1.959589 1.276206 -0.634953 -0.125910 -0.045127 -0.014801 -0.034985 -0.014477 -0.048414 -0.031399 -0.024050 -0.074565 -0.038821 0.123502 -9999.000000 -9999.000000 -9999.000000
3.626996 4.079082 3.218280 2.561123 2.565743 3.036628 0.457041 1.046974 1.788669 1.945387 2.827750 3.254229 1.395863 -0.318823 -0.057107 0.505092 2.014741 2.553038 0.614548 0.000628 0.018941 0.293264 1.120957 1.885210 2.261679 2.101374 0.942178 0.076309 0.078830 0.109178 0.261839 0.265933 -0.382035 -0.076443 -0.346534 -0.726360 1.007927 2.081578 1.829096 0.935315 1.520096 2.670850 0.855940 -1.274440 -0.291941 -0.035505 -0.159351 -0.010119 -0.023255 -0.080467 -0.059309 -0.030796 0.080336 0.094078 0.208682 -9999.000000 -9999.000000 -9999.000000
4.016723 3.912736 3.406373 3.691235 4.136980 3.447775 0.656662 0.372797 0.452822 0.929749 1.132321 1.599459 1.112799 0.073518 0.027929 0.012167 0.002415 2.580681 1.835644 0.452392 0.383947 0.678048 1.380203 2.386023 2.792805 3.057132 1.099984 0.537101 0.402649 0.174089 0.107833 0.088985 -0.525173 0.377856 0.146002 -0.787106 0.565522 1.429287 0.794753 0.402875 1.055943 2.605764 1.152133 -0.596581 0.330705 -0.010406 0.000199 0.000222 -0.019175 -0.251124 0.011541 -0.295909 0.156983 0.124353 0.186634 -9999.000000 -9999.000000 -9999.000000
3.724603 4.043169 3.845049 3.918475 3.033946 0.916412 0.039230 0.007688 0.041090 0.682873 1.111935 0.038998 0.071741 0.028356 0.025681 0.005203 0.001937 1.046977 1.686592 0.903449 0.723192 0.965773 1.910269 2.615861 3.082222 2.552113 1.154462 0.216208 0.038915 0.000000 0.000000 -0.000024 -0.000000 0.932938 0.518541 -0.677197 0.464224 0.829245 0.020311 0.005679 0.015569 0.907534 1.160755 0.069155 0.045874 -0.000022 -0.000507 -0.000222 -0.001709 0.843674 0.398135 0.109123 0.143820 0.001443 0.014248 -9999.000000 -9999.000000 -9999.000000
3.218842 3.215691 3.594544 3.436059 2.045516 0.342502 0.000014 0.000624 0.007540 0.087663 0.068283 0.028584 0.041035 0.024316 0.021230 0.001052 0.000028 0.018571 1.525534 1.231933 1.009909 0.999352 1.868644 2.678257 3.174484 2.951509 1.005304 0.155577 0.085929 -0.042894 0.019631 0.157898 0.781260 0.877889 0.614360 -0.317857 0.060731 0.003283 0.000462 0.001172 0.000789 1.070597 0.007592 0.048688 0.009879 -0.024044 -0.055043 -0.003946 0.805351 0.811302 0.800411 0.431499 0.044360 0.002074 0.001621 -9999.000000 -9999.000000 -9999.000000
3.239814 2.951850 3.051945 2.469480 1.116205 0.064950 0.000178 0.000940 0.021135 0.040541 0.010336 0.016722 0.011133 0.015741 0.015898 0.001169 -0.010131 0.032905 0.761609 1.204970 1.222838 1.124343 1.984249 3.006155 3.513570 3.016420 0.955858 0.153241 0.088568 -0.037546 0.046236 0.037293 0.105211 0.053311 0.749174 0.056085 0.049357 0.012776 -0.000339 -0.000749 0.000070 1.187216 0.027620 0.019458 0.013578 0.022578 -0.014287 0.029309 0.282607 0.204582 0.008894 0.027573 0.067666 0.004319 0.002557 -9999.000000 -9999.000000 -9999.000000
2.875013 2.388546 2.745072 1.585331 0.463886 0.002592 0.001220 0.000674 0.001228 0.000546 0.000172 0.000066 0.000160 0.000340 0.007457 0.000425 -0.160953 0.067544 0.977871 1.257458 1.269664 1.212002 2.111444 2.715418 3.333536 2.980077 0.808807 0.116982 0.113734 0.029872 0.067361 0.000222 0.042088 0.025135 0.234282 0.028715 0.041124 0.054828 0.023016 -0.000971 -0.125600 1.449342 0.378062 0.040299 0.017639 0.058409 0.041223 0.049647 0.053789 0.018420 0.004586 0.012559 0.006551 0.003119 0.000396 -9999.000000 -9999.000000 -9999.000000
2.107708 1.487564 1.603649 1.151409 0.473043 0.005958 0.004728 -0.000828 -0.001053 -0.000422 0.000004 -0.000064 -0.000137 0.000000 0.000197 0.000235 -0.295609 0.202067 0.835238 1.258694 1.070770 1.261008 2.203609 2.781173 3.515926 2.347636 0.415183 0.001104 0.001419 0.048933 0.063645 -0.000222 0.075174 0.048637 0.096458 0.017239 0.012885 0.011988 0.069528 -0.477657 -0.113676 1.451912 0.683723 0.207968 0.017282 0.008191 0.014496 0.020402 0.031879 0.009570 0.023759 0.001714 0.000259 0.000127 -0.000831 -9999.000000 -9999.000000 -9999.000000
1.512989 0.727674 0.928460 0.563003 0.667229 0.008519 0.016503 -0.000947 -0.039650 -0.043896 -0.001667 -0.013236 -0.007584 -0.000340 -0.000061 0.000128 -0.122996 0.289279 0.733700 1.290556 1.119472 1.351060 2.676358 3.368280 3.525583 2.368069 0.375531 -0.000829 0.002583 0.114327 0.117326 0.036100 0.535558 0.285831 0.011713 0.008524 0.000744 0.005450 0.006126 -0.474908 -0.101840 1.127413 0.555783 0.117913 0.010676 0.000023 0.000478 0.000730 0.008918 0.007433 0.009243 0.000086 -0.000121 -0.000146 -9999.000000 -9999.000000 -9999.000000 -9999.000000
0.807565 0.164973 0.711122 0.372196 0.506281 0.019246 0.014869 -0.025849 0.040821 0.046103 -0.000612 -0.014969 -0.019094 -0.006948 -0.000846 0.000032 0.054952 0.228481 0.839679 1.263971 1.130182 1.323425 2.598075 3.281821 3.559144 2.378929 0.299869 0.088495 0.002464 0.004722 0.007613 0.098537 0.144577 0.063699 0.000831 -0.000010 -0.000250 0.000000 0.000059 0.001383 -0.100990 0.796233 0.292302 -0.120820 0.503528 -0.005153 -0.000129 -0.000080 0.000000 0.000000 0.000000 -0.000412 -0.000910 -9999.000000 -9999.000000 -9999.000000 -9999.000000 -9999.000000
0.578781 -0.129633 0.601963 0.319785 0.207871 0.062363 0.059935 -0.043293 0.017162 0.038288 0.002308 -0.000649 -0.003215 -0.014760 -0.002045 -0.000213 0.016595 0.309644 0.700454 0.744744 0.656129 0.770426 2.670289 3.932881 3.568226 2.353470 0.275598 0.021115 0.005693 0.000657 0.000887 0.020174 0.010249 0.007515 -0.000451 -0.007478 -0.012077 -0.013117 -0.000726 -0.002937 -0.131703 0.776896 0.269294 -0.069272 0.462835 0.426371 0.004963 -0.008305 -0.005877 -0.005878 -0.001821 -9999.000000 -9999.000000 -9999.000000 -9999.000000 -9999.000000 -9999.000000 -9999.000000
0.396711 -0.538234 0.483478 0.198563 0.031528 0.010520 0.008520 0.000488 0.000019 0.000389 -0.000007 -0.000196 -0.003518 -0.032090 -0.001038 -0.000463 0.102426 0.143302 0.710256 0.764958 0.642998 1.119147 3.010566 4.118764 3.862216 2.113705 0.058287 -0.000000 -0.000012 -0.000305 -0.000284 -0.000012 0.014817 0.007937 -0.001895 -0.391583 0.181492 -0.339166 -0.018737 0.284327 0.095154 0.758596 0.190975 0.023563 0.339001 0.158916 -0.000387 -0.156240 -0.007948 -0.007948 -9999.000000 -9999.000000 -9999.000000 -9999.000000 -9999.000000 -9999.000000 -9999.000000 -9999.000000
0.137652 -0.835368 0.383313 0.013252 0.018105 0.007008 0.000570 -0.000058 -0.024037 -0.001291 -0.014667 -0.019995 -0.026286 -0.055723 -0.007664 -0.001136 0.014028 0.000673 0.684570 1.119741 1.095158 1.269226 2.930193 3.997465 3.696622 2.405193 0.125013 -0.012285 -0.025528 -0.009449 -0.000814 -0.004379 0.013275 0.006335 0.225035 -0.181177 0.186838 -0.082405 0.004514 0.096726 0.187523 0.223038 0.095505 0.158853 0.077966 0.013173 0.000317 0.000008 -9999.000000 -9999.000000 -9999.000000 -9999.000000 -9999.000000 -9999.000000 -9999.000000 -9999.000000 -9999.000000 -9999.000000
-0.233189 -1.309293 0.268314 0.018336 0.006923 0.000536 0.000299 -0.000319 -0.056400 -0.066343 -0.023227 -0.039974 -0.058518 -0.056930 -0.014692 -0.008824 -0.000300 -0.008434 0.678686 1.074743 1.121618 1.722485 2.929512 3.467580 3.153969 1.928219 0.795451 -0.282889 -0.622094 -0.043873 0.000197 0.001513 0.017848 0.005953 0.020825 0.068671 0.178530 0.001033 0.001374 0.000495 0.387402 0.009916 0.002346 0.023649 0.002773 0.007625 -9999.000000 -9999.000000 -9999.000000 -9999.000000 -9999.000000 -9999.000000 -9999.000000 -9999.000000 -9999.000000 -9999.000000 -9999.000000 -9999.000000
-0.475641 -1.610090 0.107645 0.006814 -0.000015 -0.000442 -0.000549 0.000179 -0.006749 -0.506116 -0.028900 -0.057173 -0.091455 -0.015285 -0.029438 -0.018132 -0.012136 0.485303 1.078397 1.527562 1.352806 1.914446 3.049877 3.485758 2.869219 1.781845 0.936941 0.463613 0.057690 -0.087232 0.002037 0.008777 0.022873 0.000393 0.000569 0.001460 0.114100 0.000974 -0.000315 -0.000311 0.052583 0.012302 0.000449 0.001321 0.004048 0.000346 -9999.000000 -9999.000000 -9999.000000 -9999.000000 -9999.000000 -9999.000000 -9999.000000 -9999.000000 -9999.000000 -9999.000000 -9999.000000 -9999.000000
-0.386846 -1.704727 0.220384 -0.000168 -0.010099 -0.011788 -0.007988 0.000318 0.015183 -0.148826 -0.145996 -0.476553 -0.546814 -0.023074 -0.044811 -0.024583 -0.020720 0.549882 1.025218 1.636782 1.530634 1.908668 2.646977 1.946789 2.027381 1.009586 0.836975 0.597969 0.225159 0.004061 0.002486 0.011066 0.028850 -0.000331 -0.000247 0.004574 0.142137 0.001523 -0.001152 -0.135726 0.043456 0.000325 0.000109 0.000277 0.000180 -0.000180 -9999.000000 -9999.000000 -9999.000000 -9999.000000 -9999.000000 -9999.000000 -9999.000000 -9999.000000 -9999.000000 -9999.000000 -9999.000000 -9999.000000
0.311085 -1.013636 0.013663 -0.000421 -0.046016 -0.041060 -0.034158 0.000217 0.011287 0.000903 -0.115831 -0.237344 -0.311554 0.000094 0.043854 -0.387778 0.049215 0.800924 1.218290 1.384148 1.414945 2.343638 1.889968 2.008703 2.086160 1.053034 0.976411 0.804768 0.301659 0.041184 0.000254 0.008114 0.240935 0.009278 -0.000554 0.031361 0.037122 0.002801 -0.015563 -0.232371 0.014211 0.004245 0.000357 -0.000063 -0.000346 -9999.000000 -9999.000000 -9999.000000 -9999.000000 -9999.000000 -9999.000000 -9999.000000 -9999.000000 -9999.000000 -9999.000000 -9999.000000 -9999.000000 -9999.000000
