use_cases/Flooding_chicago/flooding_data/output/hUy_3300.asc
ncols 337
nrows 393
xllcorner 428428.000000
yllcorner 4602440.000000
cellsize 26.757400
NODATA_value -9999.000000
[rows 78 to 103 of 393, columns 174 to 231 of 337]
0.111129 0.421090 0.353382 0.271291 0.034164 -0.000005 0.000000 0.000090 0.031703 0.042466 0.018647 0.003137 0.010161 0.013624 0.006735 0.014397 0.001422 -0.000127 -0.000085 -0.001077 -0.095381 0.045255 -0.044060 0.211062 -0.075943 -0.146354 0.366958 -0.118503 -0.174376 -0.234234 -0.295999 0.039312 0.371201 0.533924 0.593698 2.443622 3.932517 2.846397 -0.039679 -1.259105 -0.036113 -0.059758 -0.767539 -2.016177 -2.499014 -1.619459 -1.603913 -0.030347 -0.063871 -0.043960 0.056259 -0.025649 0.232409 0.057999 0.031590 -0.139440 -0.969805 -0.032575
1.168290 0.566214 0.166803 0.307071 0.107454 0.168134 -0.002215 0.001212 0.015866 0.006993 0.013732 0.013858 0.009406 0.005753 0.001073 0.008617 0.016825 0.017837 0.134766 -0.454992 0.927456 0.143758 -0.009739 0.314935 0.091248 -0.156810 0.589962 -0.060974 0.006216 -0.105063 -0.307034 0.627666 0.672513 0.879571 0.805783 1.670249 2.300216 1.820020 0.247374 -1.362844 -0.428656 0.569017 0.577206 0.585700 -0.546442 -0.847094 -1.160184 -0.648419 -0.057504 -0.264818 -0.171159 0.007632 0.033362 -0.012563 -0.048061 -0.141512 -0.621125 -0.493824
0.177302 1.127078 0.152699 0.148889 0.158382 0.170491 -0.294290 0.202068 0.000032 0.002323 0.003905 0.001607 0.009570 0.000913 0.000692 0.003784 0.013550 0.015174 0.031657 -0.175852 2.029306 0.006434 0.008907 0.160420 0.220016 0.181968 0.011583 0.186205 0.185006 0.535267 0.432219 1.433211 1.119063 0.967957 1.324109 1.752755 2.176653 0.818807 0.713879 0.093391 0.792945 1.448040 0.681155 0.783720 -0.057077 -0.168024 -0.498371 -0.396446 0.151988 -0.501139 -0.437453 -0.409392 -0.490565 -0.195062 -0.286171 0.014793 -0.552120 -0.935578
0.016704 0.040642 0.021550 0.018715 0.012162 0.211522 -0.078260 0.504068 0.047244 0.000087 0.000185 0.001358 0.002418 0.000422 0.000168 0.000049 0.002796 0.012265 0.042560 0.056338 0.004543 0.003542 0.012239 0.037697 0.069233 0.007228 0.024339 0.019517 0.025495 0.057131 0.496461 2.220184 2.434934 1.571670 1.302722 2.012467 1.603876 0.699946 0.536875 0.403849 1.394265 1.662434 0.873358 0.622223 0.123073 0.061826 0.016368 -0.067762 0.549120 0.059954 -0.502534 -0.692351 -0.754334 -0.244353 0.154967 -0.045473 -0.330267 -0.897997
0.016352 0.007287 0.022734 0.009841 0.000820 0.001254 -0.177146 0.536668 0.099086 0.000203 0.000054 0.000000 0.000000 0.000007 -0.000040 -0.000028 0.000019 0.007233 0.049366 0.003512 0.000798 0.003598 0.014237 0.012526 0.038363 0.032680 0.018074 0.007432 0.029072 0.048709 0.572619 1.834160 2.635846 2.965753 1.549803 1.717868 1.198972 0.584176 0.556205 0.653006 1.498914 2.208057 1.031714 0.431329 0.341150 0.289688 0.048397 -0.106298 1.085111 0.592552 -0.597508 -0.843397 -0.911823 -0.324802 -0.007331 0.078927 -0.350463 -0.882363
0.006132 0.002845 0.007346 0.000486 0.000443 0.011576 -0.134269 0.513131 0.305380 0.005084 0.000613 -0.001576 -0.004341 -0.000185 -0.000063 -0.005482 -0.000446 0.002633 0.007367 0.000034 0.000024 0.000163 0.011331 0.006268 0.007007 0.012175 0.012552 0.000000 0.086655 0.038573 0.934009 2.712946 2.569139 2.558608 2.344435 1.100692 0.485911 0.483643 0.550624 0.950310 0.797650 0.536814 0.304380 0.944735 0.839339 0.797483 0.292038 -0.040232 2.328877 0.968590 -0.548875 -0.841344 -0.944068 -0.262373 -0.089596 0.052859 -0.305216 -1.043739
0.000139 0.000057 0.000084 0.000038 0.000804 0.042405 0.404295 0.585050 0.004886 0.002946 0.001458 -0.012017 -0.033510 -0.023064 -0.014607 -0.029968 -0.028485 -0.000339 0.000014 0.000003 -0.000024 0.000565 0.000426 0.000112 0.000023 0.000000 0.000182 0.000913 0.130716 1.079718 3.156402 3.698706 2.487181 1.298022 2.676256 0.600752 0.458372 0.319702 0.640625 1.036750 0.019891 0.001108 0.003135 0.002059 0.373603 1.587568 1.192762 0.066428 2.017030 0.461707 -0.320213 -0.415679 -0.554080 -0.109106 -0.068908 -0.002280 -0.157247 -0.796865
-0.000221 -0.000073 0.000042 0.000013 0.000719 0.038733 0.053562 0.023663 0.001336 0.000503 0.001723 0.012215 0.050582 0.001969 -0.100039 -0.018629 -0.131676 -0.000328 -0.000025 -0.000266 -0.003767 -0.000956 -0.000374 -0.000089 -0.000021 -0.001855 0.523394 0.853332 1.399030 2.187689 3.810584 3.591556 1.229117 0.317626 0.769541 1.030291 0.652367 0.863005 0.522856 1.198339 0.003468 0.000120 0.000002 0.000000 0.403905 0.326525 0.004068 0.010089 0.003543 0.006653 0.055721 0.063504 0.063387 0.113498 0.033021 0.001140 -0.004330 -0.523239
-0.001477 -0.005092 -0.000229 -0.000028 0.001671 0.012374 0.015900 0.001403 0.000024 0.000693 0.003303 0.013094 0.010865 0.006415 -0.078034 -0.058072 -0.072212 -0.045977 -0.030226 -0.004666 -0.013209 -0.000586 -0.000450 -0.000282 -0.000123 0.031531 0.871976 1.653937 2.035929 2.986142 3.951188 3.610197 1.205517 0.676254 0.553968 1.606689 0.096139 0.064534 0.041063 0.010425 0.001479 0.000046 -0.001872 0.223492 0.353329 0.000045 0.000068 0.001956 0.003877 0.002166 0.005259 0.003443 0.005545 0.070002 0.008084 0.000870 -0.073896 -0.712024
0.000000 -0.014142 -0.007017 -0.000588 0.000012 0.006047 0.000026 -0.000000 -0.000024 0.002457 0.003942 0.000136 0.000070 0.001057 -0.014169 -0.031913 -0.107432 -0.161224 -0.078775 -0.030782 -0.029226 -0.002798 -0.004014 -0.000653 -0.000197 0.023544 0.842426 1.866392 2.203793 2.758935 3.358872 3.179960 1.049368 0.059048 0.087743 0.048585 0.006651 0.013134 0.011654 0.003151 0.001692 0.000272 0.365837 0.230384 0.336200 -0.000016 -0.000003 0.000008 0.000024 0.000013 0.000006 0.000050 0.000087 0.009853 0.007837 0.000763 -0.063625 -0.684837
-0.001155 -0.032777 -0.023743 -0.004242 -0.000107 -0.000023 -0.000533 -0.010607 -0.006303 -0.000942 0.003539 0.000121 -0.000042 -0.000000 -0.002096 -0.034875 -0.065157 -0.521974 -0.440008 -0.381467 -0.315591 -0.011131 -0.005886 -0.003924 -0.012309 0.090792 1.530098 2.459925 2.545418 3.251116 3.328459 2.499618 0.456733 0.003669 0.015495 0.016910 0.003151 0.005327 0.010316 0.017981 0.002991 0.001232 0.010375 0.251458 0.251011 0.086854 -0.000020 -0.000008 -0.000024 -0.000013 -0.000006 0.000102 0.000141 0.000095 0.000006 0.000056 0.001055 -0.399970
-0.002768 -0.046622 -0.050904 -0.008149 -0.002690 -0.005815 -0.010575 -0.027186 -0.010837 -0.000604 0.000042 -0.000121 -0.000107 -0.000099 0.000063 0.000038 -0.019784 -0.284319 -0.275692 -0.157368 0.458716 0.112482 -1.254189 -0.489709 0.302150 0.617728 2.239958 3.032025 3.184367 3.720178 2.735645 1.802726 0.409116 0.007046 0.000216 0.006430 0.001155 0.004222 0.008134 0.007072 0.011501 0.001225 0.000247 0.022846 0.269819 0.132724 -0.002746 -0.002408 -0.000756 -0.002638 -0.000547 -0.000231 -0.000129 -0.000093 -0.007754 -0.000568 0.005306 -0.247060
-0.000317 -0.008553 -0.077685 -0.046461 -0.008924 -0.023616 -0.039627 -0.020190 -0.010709 -0.000198 -0.000070 -0.000136 -0.000090 -0.000097 -0.000063 -0.000041 -0.142461 0.101567 -0.165250 0.052199 0.673680 0.303507 -0.584357 -0.081685 0.449550 0.826023 2.190469 3.581869 3.188212 2.335756 1.607502 0.646352 0.124032 0.003518 0.004507 0.002216 0.000078 0.001110 0.002403 0.002380 0.005945 0.000240 0.000051 0.010154 0.058499 0.184080 -0.022986 -0.004654 -0.001206 -0.010913 -0.001383 -0.000750 -0.000301 -0.005576 -0.021397 -0.004363 0.011914 -0.101145
-0.002810 -0.011538 -0.702471 -1.257937 -2.068306 -0.030881 -0.569732 -0.011163 -0.010335 -0.004555 -0.002085 -0.002176 -0.004241 -0.005029 -0.000097 -0.049981 0.235431 0.320790 -0.062727 0.246143 0.871148 0.589495 -0.326416 0.086144 0.521420 0.882906 2.281343 3.523883 2.606647 2.399994 1.224628 0.096774 0.000146 0.000032 0.001837 0.000011 -0.000005 0.000000 0.000000 0.000000 0.002212 0.000231 -0.000092 0.048711 0.040779 0.033451 -0.029275 -0.026877 -0.003294 -0.008726 -0.018990 -0.011940 -0.004713 -0.023828 -0.006270 -0.002400 0.027564 0.025627
-0.006129 -0.725194 0.031736 -0.745102 -1.218331 0.813490 0.284784 -0.019309 -0.010391 -0.009612 -0.002423 -0.007319 -0.007581 -0.013217 -0.006946 -0.044883 0.309153 0.455556 0.050338 0.328778 1.176365 0.893981 -0.142607 0.225613 0.668134 1.135342 2.293781 2.476057 2.529735 2.000444 0.244630 0.000320 0.000227 -0.000018 -0.000000 -0.000025 -0.002589 -0.001174 -0.001174 -0.000015 0.000088 0.000342 0.079034 0.080696 0.000596 0.000293 -0.036002 -0.009268 -0.014810 -0.012595 -0.055035 -0.024856 0.061591 -0.339281 -0.111811 -0.009584 0.026314 0.169415
-1.955523 -0.485037 0.377745 -0.196081 -0.799586 0.913941 0.301042 0.000000 -0.020496 -0.027519 -0.453146 -0.357741 -0.208439 0.283727 0.030545 0.133422 0.634418 0.681314 0.196092 0.333171 1.212928 0.852437 0.025028 0.161946 0.613548 1.220829 2.523411 2.438659 2.051265 0.834447 0.174625 -0.000260 -0.000343 -0.003030 -0.003250 -0.002329 -0.008367 -0.002966 -0.002966 -0.000035 0.000253 0.000169 0.020483 0.001143 0.000099 0.000002 -0.002696 -0.025824 -0.028102 -0.035141 0.488779 -0.101560 0.069163 -0.187244 -0.189120 -0.011393 0.008117 0.260333
-1.009280 -0.346853 0.624683 0.238506 -0.594935 0.715585 0.077711 -0.005598 -0.178550 1.170648 0.810668 0.350935 0.372940 0.406777 -0.030001 1.956417 1.268891 0.494261 0.048318 0.273792 0.792031 0.761720 0.115163 -0.065617 0.442080 1.113819 2.350676 1.911393 1.671435 0.906202 0.096681 0.026372 -0.002041 -0.022457 -0.012344 -0.014304 -0.036574 -0.014196 -0.026574 -0.001330 0.000108 0.000259 0.007476 0.010938 -0.000203 -0.001891 -0.003681 -0.029765 -0.050875 -0.082875 0.760121 -0.045457 -0.010907 -0.107507 -0.313889 -0.050453 -0.012968 0.013156
-0.517912 0.041265 0.329999 0.102738 -0.344766 0.144966 -0.032755 0.378133 1.078523 1.809003 1.102373 0.338586 0.210290 0.380663 -0.044387 0.473084 1.059517 0.060689 -0.080612 0.338432 0.671949 0.662136 0.191540 0.132149 0.295421 0.837402 1.299775 1.302175 0.981176 0.317952 0.031447 0.037208 0.147618 -0.246042 -0.027649 -0.012702 -0.006071 -0.001620 0.020481 0.001356 -0.000394 -0.000221 0.000082 0.004455 -0.000312 -0.001190 -0.001607 -0.003962 -0.028316 0.033466 0.979375 0.072252 -0.068904 -0.058029 -0.523745 -0.093866 -0.032480 0.244075
-0.183606 0.196651 0.185784 0.057613 -0.069358 0.068199 0.487935 1.086577 1.292011 1.805699 0.478821 0.272789 -0.183882 -0.066708 -0.004595 -0.000140 1.040084 -0.447779 -0.084028 0.492880 0.883468 0.550244 0.343964 0.202575 0.277936 0.638715 1.019261 0.812731 0.756705 0.239575 0.024441 0.000207 0.131516 -0.141207 -0.022667 -0.001144 -0.001490 0.000026 0.000863 0.000016 -0.000307 -0.000590 -0.000493 0.000037 0.000154 0.000070 0.000088 -0.000741 -0.013994 0.139986 1.179062 0.246207 0.142601 0.077922 -0.452623 0.016966 -0.285514 0.606811
0.121466 0.103042 0.189961 0.210233 0.124413 0.247178 0.907716 1.360909 1.180450 1.278410 0.234560 0.032376 -0.641313 -0.773336 -0.047724 -0.012965 0.367766 -0.595448 -0.131944 0.591005 1.069982 0.633127 0.174384 0.174303 0.384175 0.520152 0.730731 0.854469 0.744766 0.235117 0.045890 0.000090 0.000065 -0.137459 -0.002465 -0.000342 -0.000300 -0.000005 0.000000 -0.000860 -0.002081 -0.014155 -0.014725 -0.000873 0.000183 0.000027 0.000013 0.001745 0.139280 0.507709 1.196192 0.418358 0.501891 0.379614 0.341951 0.183535 -0.275246 0.367788
0.140425 0.144126 0.336655 0.396430 0.294556 0.412904 0.982339 1.291390 0.438585 0.796894 0.001749 0.025098 -0.547037 -0.766605 -0.038246 -0.022957 0.247979 -0.256540 -0.080231 0.572855 0.782896 0.440548 0.067938 0.167243 0.131044 0.279804 0.602942 0.736953 0.621573 0.036730 0.047441 -0.000180 -0.000059 -0.278814 0.021662 -0.001918 -0.000109 -0.000126 -0.001596 -0.003442 -0.004160 -0.035092 -0.028545 -0.006793 -0.000306 -0.000073 -0.000087 0.013132 0.874721 0.701482 1.472938 0.784609 0.320935 0.355794 0.336360 0.143068 -0.016266 0.334512
0.086810 0.209556 0.339836 0.448724 0.272861 0.332041 0.619646 0.751336 0.458589 0.021212 0.010580 0.007665 -0.298870 -0.394661 0.165059 0.060000 0.182692 0.315148 0.121035 0.509439 0.589659 0.208904 -0.157276 0.061288 -0.049323 0.237339 0.540028 0.584014 0.344661 -0.125688 0.035984 -0.016980 -0.063536 -0.613585 0.416188 -0.006198 -0.003655 -0.002123 -0.003347 -0.007343 -0.000201 -0.041294 -0.048322 -0.039047 -0.002501 -0.005704 0.211740 0.988397 1.567603 1.122833 1.554920 0.698132 0.249711 0.357124 0.003218 0.104730 0.116674 0.922063
0.134539 0.040022 0.374089 0.213020 0.115116 0.160458 0.219247 0.566879 0.020003 0.005561 0.004963 0.003696 0.024784 0.039370 0.151348 0.018262 0.022421 0.377267 -0.093716 0.545728 0.571390 0.237757 -0.243096 -0.024153 -0.083575 0.260115 0.472311 0.549982 0.260316 -0.137633 0.097965 -0.001652 -0.060593 -0.646368 0.294135 -0.000694 -0.003269 -0.011523 -0.011201 -0.011783 -0.004293 -0.016599 -0.018443 -0.343632 -0.002320 -0.029949 1.858116 3.460617 0.811218 0.904971 1.147634 0.006342 0.007269 0.005469 0.002554 0.028041 0.011917 0.005770
-0.000539 0.038639 0.389954 0.166889 0.103985 0.160397 0.161195 0.004843 0.002064 0.003349 0.001245 0.001356 0.002404 0.081180 0.003624 0.000088 0.002587 0.002134 -0.230325 0.704827 0.818929 0.251178 -0.163406 -0.011441 -0.020310 0.398120 0.572271 0.529099 0.152665 -0.134130 0.190733 0.045753 0.030830 -0.375559 0.125463 -0.059403 -0.252396 -0.186574 0.308406 -0.757651 -0.939934 -0.158660 -0.247097 -0.004715 -0.008381 0.093559 2.239128 1.368395 0.000049 0.006136 0.006823 0.000793 0.005134 0.000423 0.004864 0.004385 0.000055 0.000055
-0.000519 0.098103 0.205855 0.205710 0.081650 0.141757 0.076098 0.000015 0.000017 0.000000 0.000000 0.000027 0.000000 0.027042 0.000595 0.000017 0.000000 0.000098 -0.004068 0.641782 0.532560 0.266073 -0.136706 -0.020929 -0.033909 0.367308 0.271515 0.155356 0.013511 -0.081090 0.425947 0.313077 0.126953 -0.204143 0.174326 0.174607 0.114366 0.283964 0.425537 -0.346522 -1.156808 -0.172396 -0.230268 -0.117052 -0.090100 -0.001519 1.169503 1.479555 -0.000000 0.000000 0.000000 0.000000 0.000000 0.000016 0.000040 -0.000429 -0.000055 -0.000055
0.018479 0.077224 0.513304 0.208632 0.005812 0.015613 -0.024684 -0.000023 -0.000303 -0.005034 -0.001742 -0.000039 0.000004 0.009198 0.000899 -0.013928 -0.006853 0.000805 0.000802 0.900043 1.074519 0.289703 -0.234321 -0.101234 -0.123798 0.202222 0.185776 0.052343 -0.003036 0.025712 0.683880 0.404562 0.311233 -0.074869 0.440790 0.279244 0.291584 0.586445 0.366187 -0.070581 -1.169679 -1.046782 -0.346448 -0.185402 -0.136971 -0.048045 0.936402 1.618766 0.145735 -0.002581 -0.000591 -0.008035 -0.003792 -0.000447 -0.000176 -0.004238 -0.006190 -0.010522
