use_cases/Flooding_chicago/flooding_data/output/hUy_2280.asc
ncols 337
nrows 393
xllcorner 428428.000000
yllcorner 4602440.000000
cellsize 26.757400
NODATA_value -9999.000000
[rows 156 to 181 of 393, columns 232 to 289 of 337]
-0.004453 0.000536 0.005633 -0.000413 -0.019781 -0.015645 -0.012612 -0.004791 0.000222 0.000182 -0.459386 -0.232927 0.037978 0.160317 0.158135 -0.003893 0.367076 0.671742 0.435007 0.394034 0.402472 1.428986 1.891240 2.271580 1.618516 1.180803 1.307517 0.399145 0.262732 0.006228 -0.002788 0.007888 0.078524 0.017280 0.007866 0.006595 0.009623 0.000385 -0.002001 -0.412531 0.118123 0.010212 0.001208 0.000305 -0.000189 -9999.000000 -9999.000000 -9999.000000 -9999.000000 -9999.000000 -9999.000000 -9999.000000 -9999.000000 -9999.000000 -9999.000000 -9999.000000 -9999.000000 -9999.000000
0.297561 0.007748 0.000000 -0.005342 -0.009446 -0.071002 -0.053551 -0.001970 -0.000222 0.000107 -0.229762 -0.188735 0.016856 0.366309 0.238517 0.234013 0.334718 0.627207 0.020932 0.019583 0.013036 0.558970 1.649958 2.355674 2.165929 1.656062 1.202164 0.458694 0.000528 0.000221 -0.001930 0.000604 0.000820 0.000846 0.000329 0.000000 0.000000 -0.007356 0.150241 -0.653238 -0.055923 0.012350 0.002308 0.001656 0.001459 -9999.000000 -9999.000000 -9999.000000 -9999.000000 -9999.000000 -9999.000000 -9999.000000 -9999.000000 -9999.000000 -9999.000000 -9999.000000 -9999.000000 -9999.000000
0.295110 0.006400 -0.001240 -0.003435 -0.018820 -0.117232 -0.522723 0.063611 -0.001334 0.000214 0.033427 0.151996 0.116481 0.311213 0.320289 0.275905 0.020278 0.030926 0.046382 0.029231 0.012912 0.602151 1.338349 2.214007 1.926616 1.590661 1.200124 0.549246 -0.000147 -0.000016 -0.000875 -0.000334 -0.000915 -0.001002 -0.000955 -0.030914 -0.025780 -0.147761 0.385464 -0.663447 -0.225381 0.002345 0.006207 0.000681 0.000681 -9999.000000 -9999.000000 -9999.000000 -9999.000000 -9999.000000 -9999.000000 -9999.000000 -9999.000000 -9999.000000 -9999.000000 -9999.000000 -9999.000000 -9999.000000
0.097445 -0.000030 -0.001053 -0.011325 -0.448546 -0.007676 -0.366327 0.088675 -0.001118 -0.001045 0.000208 0.028050 0.002171 0.359527 0.340953 0.034560 0.033651 0.427256 0.429701 0.303610 0.203246 0.528533 1.706886 2.003560 1.849216 1.835025 1.193896 0.609228 -0.000491 -0.000240 -0.000829 -0.000655 -0.016695 -0.010376 -0.097287 -0.293716 -0.237497 -0.230118 0.382408 -0.523343 0.030695 0.000871 0.000872 -0.000000 -0.000000 -9999.000000 -9999.000000 -9999.000000 -9999.000000 -9999.000000 -9999.000000 -9999.000000 -9999.000000 -9999.000000 -9999.000000 -9999.000000 -9999.000000 -9999.000000
-0.000437 -0.010110 -0.009961 -0.445757 -0.217067 0.002524 -0.326359 0.271235 0.045744 -0.001299 -0.000518 0.047575 -0.002979 0.299538 0.516148 0.047866 0.530120 0.841517 0.820865 0.546316 0.369669 0.670284 1.114780 1.562898 1.502661 1.557847 1.480199 0.925738 -0.128605 -0.000491 -0.001441 -0.006351 -0.123934 -0.143605 -0.059309 -0.194667 -0.179199 -0.238991 0.175399 -0.334584 0.023254 0.001278 0.000736 -0.000681 -0.000681 -0.000071 -9999.000000 -9999.000000 -9999.000000 -9999.000000 -9999.000000 -9999.000000 -9999.000000 -9999.000000 -9999.000000 -9999.000000 -9999.000000 -9999.000000
-0.006941 -0.502880 -0.180537 -0.146801 -0.073490 -0.028238 -0.329748 0.380557 0.304372 -0.058407 -0.084755 0.040941 0.103273 0.356127 0.550369 0.455922 0.808573 1.316173 1.199011 0.692693 0.486688 0.489884 0.314461 1.193252 0.866472 0.888980 1.235671 1.058218 -0.099114 -0.003522 -0.012745 -0.084639 0.070901 -0.067087 -0.042989 -0.195842 -0.225496 -0.353723 -0.008184 0.000382 0.000278 -0.000136 -0.002656 -0.009340 -0.006617 -0.003097 -9999.000000 -9999.000000 -9999.000000 -9999.000000 -9999.000000 -9999.000000 -9999.000000 -9999.000000 -9999.000000 -9999.000000 -9999.000000 -9999.000000
-0.081257 -0.503712 -0.023389 0.070045 0.049834 -0.048663 -0.293521 0.336631 0.440364 -0.000045 -0.215060 0.001356 0.770499 0.541471 0.609451 0.816156 1.164724 1.505242 1.076676 0.706680 0.352846 0.023500 0.158795 0.322508 0.773780 0.755105 1.096138 1.002163 -0.040358 0.002748 0.008720 0.049024 0.007513 0.000619 0.088416 -0.198544 -0.275198 -0.497594 -0.003312 -0.000077 -0.000581 -0.001857 -0.002387 -0.052615 -0.007662 -0.003189 -9999.000000 -9999.000000 -9999.000000 -9999.000000 -9999.000000 -9999.000000 -9999.000000 -9999.000000 -9999.000000 -9999.000000 -9999.000000 -9999.000000
0.054032 -0.607727 0.218356 0.356277 0.255059 -0.011547 -0.186341 0.393486 0.366626 -0.035716 -0.569911 -0.203381 0.943646 0.527180 0.515849 0.966144 1.020869 1.089485 0.984388 0.326427 0.401758 0.125371 0.238579 0.261647 0.775217 0.723816 0.884306 0.506239 0.000464 0.000066 0.001755 0.016031 0.001168 0.000442 0.000302 0.033972 -0.306156 -0.709074 -0.028347 -0.002051 -0.021472 -0.007223 -0.001090 -0.017778 -0.004220 -0.004512 -9999.000000 -9999.000000 -9999.000000 -9999.000000 -9999.000000 -9999.000000 -9999.000000 -9999.000000 -9999.000000 -9999.000000 -9999.000000 -9999.000000
0.084817 -0.546001 0.430061 0.662347 0.509127 0.083677 -0.020815 0.832300 0.333597 0.154938 -0.446301 -0.164287 0.760171 0.798344 0.675520 0.714964 0.763408 0.638255 0.578332 0.343283 0.432041 0.300188 0.295991 0.100907 0.634963 0.493212 0.566314 0.191274 -0.001501 0.001547 0.000626 0.000717 0.000661 -0.000448 -0.000655 0.000040 -0.044530 -0.648550 -0.707958 -0.248166 0.461869 -0.003258 0.000155 -0.007681 0.000903 0.003371 -9999.000000 -9999.000000 -9999.000000 -9999.000000 -9999.000000 -9999.000000 -9999.000000 -9999.000000 -9999.000000 -9999.000000 -9999.000000 -9999.000000
0.176535 -0.502344 0.674740 1.036082 0.758129 0.159941 0.247728 1.062944 0.294752 0.397945 0.067493 0.041036 0.529077 0.566650 0.814526 0.273644 0.201481 0.442089 0.295617 0.352106 0.477002 0.787810 0.487718 0.102053 0.564448 0.285870 0.365499 -0.031213 0.071999 0.025108 0.000622 0.000174 -0.000911 -0.000799 -0.020681 -0.000497 -0.015977 -0.454950 -0.927084 -0.998263 0.074447 0.000556 0.003025 -0.000379 0.003580 0.002794 0.026052 -9999.000000 -9999.000000 -9999.000000 -9999.000000 -9999.000000 -9999.000000 -9999.000000 -9999.000000 -9999.000000 -9999.000000 -9999.000000
0.279866 -0.495922 0.808986 1.311670 0.915467 0.259937 0.435540 1.019279 0.368537 0.689285 0.601167 0.248597 0.290375 0.630901 0.540626 0.036261 0.052720 0.265624 0.548099 0.546872 0.790009 0.357124 0.262062 0.321378 0.549294 0.058623 0.145333 -0.070277 0.011461 0.006769 0.000220 -0.000919 -0.000916 -0.000620 -0.017885 -0.020386 0.000000 -0.030492 -0.438057 -0.976052 0.000143 0.000392 0.000796 0.000630 0.003139 0.002663 0.020019 -9999.000000 -9999.000000 -9999.000000 -9999.000000 -9999.000000 -9999.000000 -9999.000000 -9999.000000 -9999.000000 -9999.000000 -9999.000000
0.501012 -0.424650 1.112216 1.615042 1.153196 0.361559 0.704944 1.127575 0.733612 0.968700 0.839496 0.401767 0.338202 0.356227 0.291407 0.010741 -0.053855 0.212789 0.543711 0.390981 0.287939 0.000398 0.000683 0.040913 0.011147 0.122576 0.111743 -0.026821 0.000068 -0.000009 -0.000462 -0.022330 -0.015100 -0.001830 -0.104589 -0.013195 -0.007051 -0.019343 -0.015068 -1.212428 -0.000141 -0.000366 -0.000717 -0.000437 -0.000016 0.000148 0.000405 -9999.000000 -9999.000000 -9999.000000 -9999.000000 -9999.000000 -9999.000000 -9999.000000 -9999.000000 -9999.000000 -9999.000000 -9999.000000
1.402938 0.280725 1.718371 2.078400 1.593123 0.505954 0.769089 1.011364 1.020507 1.201887 0.988820 0.177513 0.230657 0.173054 0.088421 -0.010289 -0.089155 0.197460 0.615273 0.258061 0.194624 -0.000331 -0.000517 0.000119 0.011867 0.009940 0.204157 0.001412 -0.000520 -0.005785 -0.026429 -0.047487 -0.034759 -0.001043 -0.101086 -0.067078 -0.005715 -0.011504 -0.006461 -1.073573 -0.009071 -0.020293 -0.027487 -0.027165 -0.006791 -0.000371 -0.000544 -9999.000000 -9999.000000 -9999.000000 -9999.000000 -9999.000000 -9999.000000 -9999.000000 -9999.000000 -9999.000000 -9999.000000 -9999.000000
0.011827 0.208211 0.989327 1.089420 0.805037 0.742322 0.915530 1.178445 1.076632 1.118137 0.223829 0.005997 0.016468 0.015510 0.003027 -0.009950 -0.110453 0.213006 0.721248 0.188953 0.159356 0.018143 0.128954 -0.000391 0.014135 0.015880 0.004382 0.000876 -0.012228 -0.318144 -0.198047 -0.336517 -0.008534 -0.009865 -0.069907 -0.056004 -0.002737 -0.004668 -0.041277 -1.145545 -0.955066 -0.035865 -0.061639 -0.074146 -0.024755 -0.009646 -0.008539 -0.000872 -9999.000000 -9999.000000 -9999.000000 -9999.000000 -9999.000000 -9999.000000 -9999.000000 -9999.000000 -9999.000000 -9999.000000
0.000208 0.000181 1.311150 1.364162 0.976474 0.809111 0.885323 1.737781 1.132429 1.019971 0.155822 0.022590 0.001813 0.001314 0.003772 0.000176 -0.288996 0.212594 0.811029 0.104593 0.200643 0.026817 0.171974 -0.070433 0.002474 0.014625 -0.001443 -0.002278 0.037747 -0.088537 -0.059247 -0.214252 -0.012264 -0.017137 -0.111046 -0.474594 -0.419558 -0.432745 -0.292369 -1.554416 -1.164162 0.074280 0.010288 -0.111041 0.078870 -0.034867 -0.010197 0.178834 -9999.000000 -9999.000000 -9999.000000 -9999.000000 -9999.000000 -9999.000000 -9999.000000 -9999.000000 -9999.000000 -9999.000000
-0.000326 0.000523 3.153883 1.562501 1.063667 0.953922 1.353932 1.604534 0.760328 0.032334 0.092734 0.015262 0.004162 0.001929 0.024178 0.011878 -0.396584 0.231839 0.868158 -0.025514 0.151974 0.043009 0.395413 0.345085 0.000000 0.027622 -0.001841 0.076595 0.048770 0.120601 -0.107631 -0.202781 -0.165514 -0.133920 -0.165779 -0.217482 -0.024115 -0.191128 -0.258001 -1.732829 -1.242761 0.346271 0.556217 0.235906 0.280362 -0.083757 -0.179379 0.174108 0.280000 -9999.000000 -9999.000000 -9999.000000 -9999.000000 -9999.000000 -9999.000000 -9999.000000 -9999.000000 -9999.000000
-0.007022 0.441222 3.689638 1.808689 1.085793 1.538301 1.558440 0.599443 0.007831 0.006542 0.064118 0.005620 0.007756 0.001934 0.012282 0.017682 0.104932 0.375325 1.438210 -0.199400 0.054815 0.056332 0.477777 0.735988 0.127338 0.050183 0.221088 0.103460 0.048668 0.057768 -0.124037 -0.169945 0.000000 -0.058260 -0.173072 -0.040188 0.201423 -0.138328 -0.585463 -1.705869 -1.408714 0.511028 0.796025 0.396176 0.309866 0.075954 0.132389 0.114263 0.124354 0.059794 -9999.000000 -9999.000000 -9999.000000 -9999.000000 -9999.000000 -9999.000000 -9999.000000 -9999.000000
0.028351 1.756369 2.834821 2.228272 1.270349 0.766446 0.754695 0.005283 0.000000 0.000027 0.002882 0.006837 0.006698 0.000222 0.000005 0.086294 0.143982 1.087254 1.238226 -0.242021 0.096214 0.314455 0.279765 0.307347 0.095944 0.036366 0.075594 0.000003 0.000208 0.000005 -0.153513 -0.144531 -0.122737 -0.047995 0.393776 0.191079 0.327119 -0.036312 -0.631475 -1.851636 -1.231110 0.536786 0.964124 0.357780 0.186973 0.110244 -0.002596 0.000373 0.000326 0.007574 -9999.000000 -9999.000000 -9999.000000 -9999.000000 -9999.000000 -9999.000000 -9999.000000 -9999.000000
1.167421 1.870715 3.240749 1.540692 0.531916 0.021554 0.020041 -0.000750 -0.020857 -0.000402 0.001967 -0.004563 -0.002641 -0.000222 0.000349 0.227463 0.146418 0.095895 0.061775 0.028394 0.023950 0.059342 0.088886 0.229122 0.233434 0.075228 0.081351 -0.083747 -0.000326 0.025006 0.288415 -0.076400 0.057974 1.577586 1.079503 0.453760 0.077582 -0.332252 -0.627370 -1.779875 -1.262339 0.089083 0.546886 0.150807 -0.005440 -0.173411 -0.580644 -0.000290 -0.000208 -0.000003 -0.000000 0.243324 -9999.000000 -9999.000000 -9999.000000 -9999.000000 -9999.000000 -9999.000000
1.598052 2.007587 1.829621 2.032914 0.001049 0.011391 0.001921 -0.060373 -0.232280 0.141577 -0.133021 -0.006900 -0.005438 -0.000051 0.000374 0.369108 0.182091 0.002011 0.001492 0.037105 0.026461 0.002293 0.001332 0.377489 0.367782 0.098166 0.017710 -0.266041 -0.004012 0.063817 0.556612 0.744550 0.568533 1.195186 0.910938 0.356274 -0.262642 -0.611941 -0.640022 -1.688664 -1.088447 -0.038766 0.457295 0.144783 -0.082911 -0.593021 -1.408431 -1.073009 -0.034435 -0.014362 -0.019998 0.564204 -9999.000000 -9999.000000 -9999.000000 -9999.000000 -9999.000000 -9999.000000
0.637966 0.428885 1.814464 2.064085 0.000108 0.000000 -0.000130 -0.091831 -0.260008 0.158489 -0.069013 0.154687 -0.000439 0.000751 0.000451 0.463940 0.001718 0.003011 0.002045 0.031825 0.001303 0.004339 0.001328 0.439745 0.444895 0.000594 0.010220 -0.157806 -0.144754 0.071294 0.764965 0.906192 0.831254 1.297622 0.066108 0.252709 0.151909 -0.436149 -0.711419 -1.366775 -0.569156 0.273343 0.600049 0.338216 0.050009 -0.133205 -1.737134 -0.983637 -0.996206 -0.902899 0.950872 2.598380 1.614982 -9999.000000 -9999.000000 -9999.000000 -9999.000000 -9999.000000
0.704157 0.469300 2.027495 2.453548 -0.015068 -0.547748 -0.142729 -0.047469 -0.245644 0.248265 -0.063177 0.171097 0.001102 0.001125 0.001193 0.440794 0.002077 -0.000509 0.000360 0.000360 0.000134 0.164615 0.105277 0.563014 0.302508 0.000853 0.040592 -0.052535 -0.077712 0.052770 0.862948 0.899722 1.534819 0.962744 0.100406 0.078476 0.058459 -0.002970 -0.250008 -1.191243 0.107588 1.052514 1.141123 0.964697 0.587147 0.285379 -1.318348 -2.072555 -0.885122 0.444502 2.157596 2.509812 1.536618 0.728343 -9999.000000 -9999.000000 -9999.000000 -9999.000000
0.908488 0.327949 1.306511 1.960505 -0.228022 -1.111844 -0.600475 0.072458 0.028163 0.199880 -0.007405 0.002527 0.001504 0.001056 -0.000483 0.319034 0.124546 -0.000946 -0.000360 -0.000360 -0.118663 0.642044 0.486897 0.465670 0.273328 0.021831 0.032111 -0.034846 0.077291 0.159284 0.727443 1.083614 1.558765 0.640517 0.093899 0.087062 0.083863 0.031892 0.180104 -0.508164 1.137588 2.374926 2.178486 1.777335 1.314869 0.859390 -0.308914 -1.207586 -0.166139 1.864005 2.357728 1.773719 0.781494 0.806549 1.150709 -9999.000000 -9999.000000 -9999.000000
0.640112 -0.343106 0.685204 0.922913 -0.767191 -1.382788 -0.939503 0.115323 0.148359 0.228867 0.164125 0.003078 0.002478 0.001432 -0.179996 0.131063 0.337226 0.138095 -0.021234 -0.021761 0.014343 0.850823 0.613971 0.500994 0.102695 0.022081 -0.023904 -0.082290 0.126915 0.228151 1.144244 1.262243 1.339495 0.530596 0.092325 0.139979 0.095208 0.011689 0.424836 0.338808 2.581664 3.134552 3.170493 2.476304 2.876140 1.874341 0.887035 0.352428 1.172740 3.302845 2.185046 1.189307 0.692546 0.236964 0.581231 -9999.000000 -9999.000000 -9999.000000
0.750165 0.338209 -0.201854 0.004745 -1.402236 -1.953292 -1.265868 -0.001172 0.030920 0.007736 0.002782 0.000916 0.003439 0.001883 0.035595 -0.176821 0.439226 0.193295 -0.044127 -0.142529 0.124489 0.857018 0.625856 0.484251 0.117725 0.000988 -0.036945 0.099852 0.298869 0.394222 1.154377 0.841223 0.700752 0.509945 0.173916 0.217598 -0.007432 0.235442 0.399002 0.636864 3.200198 3.782022 1.880894 2.003321 1.837702 1.388929 0.676342 1.451468 2.163984 1.707394 0.500945 0.242651 0.063851 -0.183635 0.094440 0.003678 -9999.000000 -9999.000000
0.269086 0.798229 -0.563927 -0.395185 -1.707514 -3.384768 -1.777525 -0.000970 0.000000 -0.005298 -0.002973 0.000010 0.000569 0.000393 0.013771 -0.269537 0.496224 0.447021 0.053670 -0.059737 0.409798 0.782149 0.622140 0.419385 -0.022050 0.000142 -0.011129 0.264578 0.336551 0.836595 1.112270 0.866528 0.810187 0.754927 0.360791 0.180499 -0.041000 0.081246 0.002707 1.311275 3.942787 3.121131 2.239151 2.352718 3.110526 1.698837 1.679798 2.367251 1.804001 0.703036 0.407744 0.148310 -0.068081 -0.043685 -0.044216 -9999.000000 -9999.000000 -9999.000000
