use_cases/Flooding_chicago/flooding_data/output/hUy_2220.asc
ncols 337
nrows 393
xllcorner 428428.000000
yllcorner 4602440.000000
cellsize 26.757400
NODATA_value -9999.000000
[rows 260 to 285 of 393, columns 0 to 57 of 337]
-9999.000000 -9999.000000 -9999.000000 -9999.000000 -9999.000000 -9999.000000 -9999.000000 -9999.000000 -9999.000000 -9999.000000 -9999.000000 -9999.000000 -9999.000000 -9999.000000 -9999.000000 -9999.000000 -9999.000000 -9999.000000 -9999.000000 -9999.000000 -9999.000000 -9999.000000 -9999.000000 -9999.000000 -9999.000000 -9999.000000 -9999.000000 -9999.000000 -9999.000000 0.007558 0.164792 0.539946 0.687063 0.866336 0.472617 0.659297 0.882353 1.331030 0.566568 0.119285 -0.016904 0.694691 0.556934 0.231205 0.036047 -0.220111 -0.052218 0.405020 0.667614 0.451008 0.310154 0.093399 -0.187052 0.002245 0.107219 0.060366 0.536242 0.429319
-9999.000000 -9999.000000 -9999.000000 -9999.000000 -9999.000000 -9999.000000 -9999.000000 -9999.000000 -9999.000000 -9999.000000 -9999.000000 -9999.000000 -9999.000000 -9999.000000 -9999.000000 -9999.000000 -9999.000000 -9999.000000 -9999.000000 -9999.000000 -9999.000000 -9999.000000 -9999.000000 -9999.000000 -9999.000000 -9999.000000 -9999.000000 -9999.000000 -9999.000000 0.003663 0.009744 0.103198 0.283744 1.198627 0.926112 0.253605 0.865829 1.259294 0.588156 0.237984 0.030900 0.848847 0.724671 0.318849 0.093637 -0.178743 -0.016875 0.434982 0.761163 0.433549 0.275510 0.078586 -0.111580 0.013127 0.151258 0.097356 0.829925 0.621610
-9999.000000 -9999.000000 -9999.000000 -9999.000000 -9999.000000 -9999.000000 -9999.000000 -9999.000000 -9999.000000 -9999.000000 -9999.000000 -9999.000000 -9999.000000 -9999.000000 -9999.000000 -9999.000000 -9999.000000 -9999.000000 -9999.000000 -9999.000000 -9999.000000 -9999.000000 -9999.000000 -9999.000000 -9999.000000 -9999.000000 -9999.000000 -9999.000000 -9999.000000 0.000000 0.000396 0.001751 0.111680 0.700878 0.578647 0.600949 0.798364 1.342453 0.837518 0.304710 0.189303 0.859451 0.650771 0.440775 0.154271 -0.103758 0.008581 0.500005 0.663700 0.480040 0.189201 0.050610 -0.125653 0.015521 0.291926 0.031098 0.108595 0.171519
-9999.000000 -9999.000000 -9999.000000 -9999.000000 -9999.000000 -9999.000000 -9999.000000 -9999.000000 -9999.000000 -9999.000000 -9999.000000 -9999.000000 -9999.000000 -9999.000000 -9999.000000 -9999.000000 -9999.000000 -9999.000000 -9999.000000 -9999.000000 -9999.000000 -9999.000000 -9999.000000 -9999.000000 -9999.000000 -9999.000000 -9999.000000 -9999.000000 -9999.000000 -0.000545 0.000496 0.007080 0.017928 0.264572 0.211211 0.517533 0.816796 1.066185 0.744176 0.412338 0.368629 1.023203 0.696294 0.550439 0.287407 -0.162508 0.007519 0.537908 0.672775 0.360604 0.151389 0.017997 -0.159759 0.068067 0.028481 0.037950 0.013770 0.051967
-9999.000000 -9999.000000 -9999.000000 -9999.000000 -9999.000000 -9999.000000 -9999.000000 -9999.000000 -9999.000000 -9999.000000 -9999.000000 -9999.000000 -9999.000000 -9999.000000 -9999.000000 -9999.000000 -9999.000000 -9999.000000 -9999.000000 -9999.000000 -9999.000000 -9999.000000 -9999.000000 -9999.000000 -9999.000000 -9999.000000 -9999.000000 0.002015 0.000844 -0.000548 0.001138 0.007738 0.029677 0.041422 0.027064 0.502947 0.803635 1.213164 0.509868 0.445154 0.442756 1.102568 1.025453 0.906423 0.297412 -0.183294 -0.009188 0.684315 0.814873 0.342666 0.110982 0.002948 -0.173185 0.176326 0.027906 0.030250 0.022665 0.111280
-9999.000000 -9999.000000 -9999.000000 -9999.000000 -9999.000000 -9999.000000 -9999.000000 -9999.000000 -9999.000000 -9999.000000 -9999.000000 -9999.000000 -9999.000000 -9999.000000 -9999.000000 -9999.000000 -9999.000000 -9999.000000 -9999.000000 -9999.000000 -9999.000000 -9999.000000 -9999.000000 0.000627 0.001204 0.000057 0.059053 0.000989 0.000812 -0.005962 0.000116 0.001936 0.026307 0.060518 0.049421 0.274000 0.781772 1.313415 0.524708 0.249748 0.220447 1.120792 0.989360 0.945315 0.351784 -0.262632 -0.013634 0.721583 0.738014 0.325732 0.263191 0.117616 -0.027421 0.318397 0.027627 0.032091 0.044945 0.067452
-9999.000000 -9999.000000 -9999.000000 -9999.000000 -9999.000000 -9999.000000 -9999.000000 -9999.000000 -9999.000000 -9999.000000 -9999.000000 -9999.000000 -9999.000000 -9999.000000 -9999.000000 -9999.000000 -9999.000000 -9999.000000 -9999.000000 -9999.000000 -9999.000000 -9999.000000 0.001230 0.000471 -0.000048 -0.003622 0.062942 0.001148 0.000347 -0.008195 -0.004165 0.001088 0.001391 0.084519 0.077764 0.417006 0.851768 1.402975 0.557875 0.247780 0.195935 1.233151 1.140232 1.199660 0.314557 -0.107292 0.001230 0.013679 0.013973 0.032670 0.694560 0.037940 0.040042 0.533608 0.056706 0.096184 0.047040 0.053908
-9999.000000 -9999.000000 -9999.000000 -9999.000000 -9999.000000 -9999.000000 -9999.000000 -9999.000000 -9999.000000 -9999.000000 -9999.000000 -9999.000000 -9999.000000 -9999.000000 -9999.000000 -9999.000000 -9999.000000 -9999.000000 -9999.000000 -9999.000000 -9999.000000 0.002181 0.000578 -0.000433 -0.000343 -0.008194 0.041919 0.001633 -0.000287 -0.002847 -0.082108 0.002539 0.002212 0.124834 0.129059 0.664115 1.483166 1.761422 0.324849 0.223143 0.194386 1.230473 1.003065 1.390776 0.670007 -0.000582 0.001176 0.007401 0.007897 0.030986 0.050420 0.035884 0.039536 0.238597 0.136067 0.067926 0.060542 0.053394
-9999.000000 -9999.000000 -9999.000000 -9999.000000 -9999.000000 -9999.000000 -9999.000000 -9999.000000 -9999.000000 -9999.000000 -9999.000000 -9999.000000 -9999.000000 -9999.000000 -9999.000000 -9999.000000 -9999.000000 -9999.000000 -9999.000000 -9999.000000 0.007271 0.003101 -0.000721 -0.010486 -0.105836 -0.001375 0.001124 0.002017 -0.000654 -0.149961 0.012293 0.417918 0.308266 0.503464 0.944201 0.891363 0.980847 1.117753 0.020329 0.028431 0.016388 0.506473 1.304666 0.678381 0.702605 -0.000391 0.000000 0.000010 0.000472 0.022325 0.016137 0.009635 0.045069 0.118304 0.117446 0.058035 0.082250 0.047691
-9999.000000 -9999.000000 -9999.000000 -9999.000000 -9999.000000 -9999.000000 -9999.000000 -9999.000000 -9999.000000 -9999.000000 -9999.000000 -9999.000000 -9999.000000 -9999.000000 -9999.000000 -9999.000000 -9999.000000 -9999.000000 -9999.000000 0.000530 0.028945 0.003500 -0.007758 -1.089472 -0.196422 0.186968 0.000158 0.000000 0.000412 -0.110583 0.629447 1.055037 0.666032 0.559122 1.634876 0.187125 0.138028 0.132035 0.030679 0.042934 0.024103 0.567749 0.695103 0.743143 0.769940 0.327208 -0.006020 -0.008443 -0.000221 0.000513 0.001075 0.001286 0.038831 0.050659 0.041085 0.062297 0.107826 0.032729
-9999.000000 -9999.000000 -9999.000000 -9999.000000 -9999.000000 -9999.000000 -9999.000000 -9999.000000 -9999.000000 -9999.000000 -9999.000000 -9999.000000 -9999.000000 -9999.000000 -9999.000000 -9999.000000 -9999.000000 -9999.000000 0.000000 0.000000 0.010490 0.000994 -0.003028 -1.329950 0.102171 0.749659 -0.065785 0.190677 0.001247 -0.004527 1.200849 1.404241 0.678828 0.143871 0.241248 0.008372 0.026365 0.017204 0.028473 0.091015 0.067398 0.035143 0.750591 0.767461 0.797206 0.403013 0.041890 -0.016739 -0.009756 -0.000587 -0.000607 -0.000023 0.000625 0.003591 0.016081 0.068980 0.072000 0.013510
-9999.000000 -9999.000000 -9999.000000 -9999.000000 -9999.000000 -9999.000000 -9999.000000 -9999.000000 -9999.000000 -9999.000000 -9999.000000 -9999.000000 -9999.000000 -9999.000000 -9999.000000 -9999.000000 -9999.000000 -9999.000000 -0.009284 -0.005237 0.000000 0.000088 0.021610 -1.330556 0.146432 0.796904 0.139500 0.395947 0.100465 0.110849 1.321240 1.039137 0.482013 -0.483602 0.190873 0.012667 0.058424 0.002306 0.006219 0.043804 0.029918 0.014243 0.073818 0.604233 0.719651 0.426711 0.202966 0.058140 0.021073 -0.059576 0.032134 0.031492 -0.000491 -0.000728 0.002806 0.030492 0.032042 0.001379
-9999.000000 -9999.000000 -9999.000000 -9999.000000 -9999.000000 -9999.000000 -9999.000000 -9999.000000 -9999.000000 -9999.000000 -9999.000000 -9999.000000 -9999.000000 -9999.000000 -9999.000000 -9999.000000 -9999.000000 -0.002144 -0.036671 -0.013347 -0.001155 -0.000613 0.006890 -0.159987 0.559315 0.999940 0.145181 0.525513 0.028930 0.375862 1.731114 0.832064 0.346171 -0.167700 0.216585 0.011874 0.103814 0.002861 0.015873 0.015013 0.006910 0.032013 0.015092 0.571087 0.940436 0.513256 0.238382 0.204605 0.149098 0.042710 0.086792 0.049867 -0.033376 0.003366 0.000622 0.000222 0.038947 0.000378
-9999.000000 -9999.000000 -9999.000000 -9999.000000 -9999.000000 -9999.000000 -9999.000000 -9999.000000 -9999.000000 -9999.000000 -9999.000000 -9999.000000 -9999.000000 -9999.000000 -9999.000000 -9999.000000 -9999.000000 -0.005326 -0.052787 -0.001391 -0.001019 -0.000876 -0.000025 0.027562 0.028937 0.041371 0.175076 0.578666 0.049534 0.048584 0.039358 0.048879 0.457268 1.647091 0.376881 0.632934 0.198311 0.001750 0.027404 0.029709 0.025246 0.078710 0.050309 0.033932 0.470064 0.321693 0.180781 0.093241 0.133672 0.152602 0.154776 0.049352 -0.012565 0.003063 0.002369 -0.000222 0.027555 0.000833
-9999.000000 -9999.000000 -9999.000000 -9999.000000 -9999.000000 -9999.000000 -9999.000000 -9999.000000 -9999.000000 -9999.000000 -9999.000000 -9999.000000 -9999.000000 -9999.000000 -9999.000000 -9999.000000 -9999.000000 -9999.000000 -0.028248 -0.006230 -0.009369 -0.004855 -0.000023 0.705050 0.289500 0.062846 0.373528 0.245930 0.074566 0.069764 0.036536 0.025565 0.019566 0.053397 0.242836 0.332946 0.337887 0.139396 0.049919 0.045166 0.009309 0.018121 0.025029 0.016736 0.147782 0.360850 0.332420 0.185703 0.189913 0.192176 0.183249 0.016320 0.010328 0.026147 0.005351 0.004470 0.002561 0.002540
-9999.000000 -9999.000000 -9999.000000 -9999.000000 -9999.000000 -9999.000000 -9999.000000 -9999.000000 -9999.000000 -9999.000000 -9999.000000 -9999.000000 -9999.000000 -9999.000000 -9999.000000 -9999.000000 -9999.000000 -9999.000000 -9999.000000 -0.015262 -0.013996 -0.013610 0.002642 0.018683 0.157824 0.168468 0.071352 0.121403 0.074264 0.076667 0.033326 0.004315 0.020543 0.060386 0.080349 0.033117 0.577410 0.252411 0.102260 0.038679 0.000214 0.001201 0.009904 0.007326 0.009143 0.160467 0.201465 0.291701 0.186448 0.265816 0.422824 0.005027 0.002800 0.015897 0.005150 0.001844 0.003201 0.000197
-9999.000000 -9999.000000 -9999.000000 -9999.000000 -9999.000000 -9999.000000 -9999.000000 -9999.000000 -9999.000000 -9999.000000 -9999.000000 -9999.000000 -9999.000000 -9999.000000 -9999.000000 -9999.000000 -9999.000000 -9999.000000 -9999.000000 -9999.000000 -9999.000000 -0.001247 0.000141 0.005208 0.015713 0.036774 0.036137 0.020993 0.228407 0.077400 0.040761 0.000779 0.011608 0.036385 0.061789 0.021397 0.024877 0.228225 0.288508 0.159485 -0.000090 0.000069 0.000360 0.000360 0.000308 0.065017 0.070170 0.343367 0.670335 0.201095 0.580216 0.125351 0.003163 0.000003 0.000069 0.001121 0.000000 -0.002341
-9999.000000 -9999.000000 -9999.000000 -9999.000000 -9999.000000 -9999.000000 -9999.000000 -9999.000000 -9999.000000 -9999.000000 -9999.000000 -9999.000000 -9999.000000 -9999.000000 -9999.000000 -9999.000000 -9999.000000 -9999.000000 -9999.000000 -9999.000000 -9999.000000 -9999.000000 -9999.000000 0.000740 0.002394 0.002012 0.014261 0.011220 0.089654 0.054577 0.109640 0.000698 0.002525 0.002889 0.037275 0.003663 0.006318 0.005349 0.233251 1.628592 0.168674 -0.000315 -0.000360 -0.000360 0.000180 0.140472 0.149461 0.407858 0.240133 0.142977 0.403370 0.099648 0.002804 -0.023144 0.000117 -0.000271 -0.002757 -0.002736
-9999.000000 -9999.000000 -9999.000000 -9999.000000 -9999.000000 -9999.000000 -9999.000000 -9999.000000 -9999.000000 -9999.000000 -9999.000000 -9999.000000 -9999.000000 -9999.000000 -9999.000000 -9999.000000 -9999.000000 -9999.000000 -9999.000000 -9999.000000 -9999.000000 -9999.000000 -9999.000000 -0.000261 -0.000254 0.000042 0.000005 0.000326 0.007224 0.000279 0.133489 -0.000385 0.001458 0.004439 0.003612 0.000000 0.000000 0.000000 0.053603 0.304236 0.072814 0.037394 0.007677 -0.000916 -0.000632 0.197225 0.231667 0.237476 0.000702 0.002315 0.006854 0.012248 0.009633 -0.026439 0.000189 -0.001441 -0.003496 -0.001819
-9999.000000 -9999.000000 -9999.000000 -9999.000000 -9999.000000 -9999.000000 -9999.000000 -9999.000000 -9999.000000 -9999.000000 -9999.000000 -9999.000000 -9999.000000 -9999.000000 -9999.000000 -9999.000000 -9999.000000 -9999.000000 -9999.000000 -9999.000000 -9999.000000 -9999.000000 -9999.000000 -9999.000000 -0.002058 -0.001798 -0.002483 -0.000208 -0.000003 0.000239 0.172965 0.062211 0.000345 0.000507 0.001256 -0.009617 -0.008647 0.041605 0.052855 0.035594 0.023852 0.018132 0.011988 0.003086 0.023584 0.168426 0.239020 0.288304 -0.000425 -0.000568 0.002835 0.013344 0.050989 -0.002735 -0.000637 -0.002215 -0.002306 -0.010637
-9999.000000 -9999.000000 -9999.000000 -9999.000000 -9999.000000 -9999.000000 -9999.000000 -9999.000000 -9999.000000 -9999.000000 -9999.000000 -9999.000000 -9999.000000 -9999.000000 -9999.000000 -9999.000000 -9999.000000 -9999.000000 -9999.000000 -9999.000000 -9999.000000 -9999.000000 -9999.000000 -9999.000000 -9999.000000 -9999.000000 -9999.000000 -0.001505 -0.000908 -0.000027 0.006744 0.065198 0.001147 0.000853 0.001109 -0.022503 0.017019 0.053451 0.059638 0.031564 0.018658 0.014539 0.007260 0.006184 0.028216 0.129673 0.198365 0.252411 0.187585 -0.095571 -0.003622 0.006147 0.012108 -0.002536 -0.009142 -0.009548 -0.012733 -0.032516
-9999.000000 -9999.000000 -9999.000000 -9999.000000 -9999.000000 -9999.000000 -9999.000000 -9999.000000 -9999.000000 -9999.000000 -9999.000000 -9999.000000 -9999.000000 -9999.000000 -9999.000000 -9999.000000 -9999.000000 -9999.000000 -9999.000000 -9999.000000 -9999.000000 -9999.000000 -9999.000000 -9999.000000 -9999.000000 -9999.000000 -9999.000000 -9999.000000 -9999.000000 -9999.000000 0.000000 0.000396 0.000898 0.000935 0.006404 0.054721 0.048273 0.120862 0.115634 0.023203 0.000007 -0.000284 -0.005978 -0.001820 0.000222 0.000235 0.146004 0.227200 0.143988 -0.029843 -0.001271 0.000138 0.000222 -0.004193 -0.023825 -0.039019 -0.039248 -0.010902
-9999.000000 -9999.000000 -9999.000000 -9999.000000 -9999.000000 -9999.000000 -9999.000000 -9999.000000 -9999.000000 -9999.000000 -9999.000000 -9999.000000 -9999.000000 -9999.000000 -9999.000000 -9999.000000 -9999.000000 -9999.000000 -9999.000000 -9999.000000 -9999.000000 -9999.000000 -9999.000000 -9999.000000 -9999.000000 -9999.000000 -9999.000000 -9999.000000 -9999.000000 -9999.000000 -9999.000000 -0.000896 -0.000957 0.000813 0.038148 0.039444 0.020593 0.026010 0.035899 0.003611 -0.010143 -0.008493 -0.012065 -0.011441 -0.000222 -0.000135 0.031724 0.031495 0.140305 0.100727 -0.000346 -0.000134 -0.000222 -0.001640 -0.025576 -0.314475 -0.345850 0.026041
-9999.000000 -9999.000000 -9999.000000 -9999.000000 -9999.000000 -9999.000000 -9999.000000 -9999.000000 -9999.000000 -9999.000000 -9999.000000 -9999.000000 -9999.000000 -9999.000000 -9999.000000 -9999.000000 -9999.000000 -9999.000000 -9999.000000 -9999.000000 -9999.000000 -9999.000000 -9999.000000 -9999.000000 -9999.000000 -9999.000000 -9999.000000 -9999.000000 -9999.000000 -9999.000000 -9999.000000 -9999.000000 -9999.000000 0.001188 0.011753 0.013837 0.009973 0.012729 0.007408 0.001216 -0.004700 -0.005383 0.019673 -0.005043 0.007425 -0.017297 -0.001759 0.007040 0.055889 0.124787 -0.091636 -0.018051 -0.007193 -0.001807 -0.148482 -0.273090 -0.194515 0.053160
-9999.000000 -9999.000000 -9999.000000 -9999.000000 -9999.000000 -9999.000000 -9999.000000 -9999.000000 -9999.000000 -9999.000000 -9999.000000 -9999.000000 -9999.000000 -9999.000000 -9999.000000 -9999.000000 -9999.000000 -9999.000000 -9999.000000 -9999.000000 -9999.000000 -9999.000000 -9999.000000 -9999.000000 -9999.000000 -9999.000000 -9999.000000 -9999.000000 -9999.000000 -9999.000000 -9999.000000 -9999.000000 -9999.000000 0.001066 0.000000 0.000004 0.000172 0.000005 0.000266 0.000295 -0.000380 0.000298 0.172606 0.126638 0.107526 0.049312 0.057213 -0.000442 -0.062106 -0.044924 -0.108496 -0.205430 -0.015146 -0.002566 -0.033394 -0.203429 -0.078477 0.076869
-9999.000000 -9999.000000 -9999.000000 -9999.000000 -9999.000000 -9999.000000 -9999.000000 -9999.000000 -9999.000000 -9999.000000 -9999.000000 -9999.000000 -9999.000000 -9999.000000 -9999.000000 -9999.000000 -9999.000000 -9999.000000 -9999.000000 -9999.000000 -9999.000000 -9999.000000 -9999.000000 -9999.000000 -9999.000000 -9999.000000 -9999.000000 -9999.000000 -9999.000000 -9999.000000 -9999.000000 -9999.000000 -9999.000000 0.000000 -0.009040 -0.009390 -0.000488 -0.009308 -0.000200 0.000351 0.000304 0.003874 0.057937 0.045762 0.034372 0.018468 0.050808 0.111263 -0.026264 -0.097042 -0.132641 -0.197428 -0.185015 -0.001166 -0.000746 -0.018998 -0.002110 0.069696
