use_cases/Flooding_chicago/flooding_data/output/hUy_3120.asc
ncols 337
nrows 393
xllcorner 428428.000000
yllcorner 4602440.000000
cellsize 26.757400
NODATA_value -9999.000000
[rows 286 to 311 of 393, columns 58 to 115 of 337]
0.000510 -0.127626 -0.813782 -0.854194 -0.519496 -0.416100 -0.349818 -0.573350 0.095492 -0.088029 -0.038639 -0.080731 -0.140179 -0.210396 -0.000228 -0.000633 -0.000840 -0.000877 -0.000571 -0.001976 -0.089693 -0.088308 -0.008971 -0.000208 -0.000003 -0.000017 -0.000000 -0.053023 -0.025359 -0.045701 -0.014216 0.051133 0.073911 0.000360 0.000360 0.054756 0.370518 0.703228 0.898459 1.010071 0.802081 0.705876 0.819045 1.088379 0.522137 0.085394 0.471059 0.474395 0.645998 0.931160 0.735785 0.590389 0.248579 0.639456 0.518691 0.341921 0.329478 0.088606
-0.000244 -0.271007 -0.911002 -0.872203 -0.494722 -0.410715 -0.318399 -0.476072 0.000149 -0.130870 -0.158997 -0.046669 -0.104185 -0.099635 -0.001664 -0.017673 -0.017422 -0.015784 -0.010134 -0.010359 -0.303581 -0.941496 -0.032671 -0.010360 -0.003984 -0.000397 -0.008375 -0.096789 -0.054019 -0.032539 -0.037828 0.013362 0.008353 -0.000360 -0.000360 0.061691 0.455437 0.658368 0.841581 1.009823 0.918975 0.693412 0.609811 0.768453 0.539487 0.120062 0.364218 0.458254 0.616674 0.832801 0.946800 0.696178 0.425673 0.637208 0.248465 0.419265 0.305060 0.096790
-0.036495 -0.435914 -1.042696 -1.195764 -0.585352 -0.535313 -0.274827 -0.377468 -0.074317 -0.227391 -0.164119 0.139956 -0.024469 -0.033392 -0.011693 -0.032887 -0.032527 -0.022559 -0.038110 -0.205829 -0.022914 -0.722270 -0.534602 -0.021535 -0.007563 -0.011330 -0.021691 -0.339396 -0.027068 -0.015021 0.017368 -0.013817 -0.031254 -0.074593 0.370965 0.323105 0.414962 0.514172 0.695474 1.300043 0.957026 0.623875 0.564522 0.697809 0.201560 0.075369 0.265490 0.478268 0.737179 0.985781 0.878404 0.669327 0.263849 0.402715 0.220321 0.185812 0.197942 0.066668
-0.336752 -1.203369 -1.762334 -1.235196 -0.482493 -0.404790 -0.198402 -0.317566 -0.135089 -0.182837 -0.291281 0.180144 -0.210157 -0.073249 -0.020917 -0.038215 -0.030260 -0.028321 0.127784 0.356135 -0.008220 -0.667698 -0.432635 -0.122484 -0.292877 -0.200702 -0.480911 -0.278980 -0.010993 0.075869 0.064434 -0.017327 0.548654 0.450660 0.380517 0.413755 0.340439 0.388190 0.505457 1.296537 1.543182 0.521005 0.506423 0.618860 0.192938 0.075851 0.342514 0.536352 0.618885 0.834025 0.853682 0.736318 0.280208 0.382419 0.109546 0.216331 0.158326 0.026072
-0.324788 -1.608851 -1.359098 -1.073911 -0.183680 -0.252637 -0.017454 -0.021234 -0.080239 -0.172266 -0.256559 0.224459 -0.150262 -0.370445 -0.054136 -0.057579 -0.036415 -0.010515 0.318701 0.560541 0.208790 -0.233093 -0.505468 -0.163609 -0.144232 -0.111930 -0.010416 -0.644067 -0.155515 0.005677 0.036100 0.125079 0.606289 0.626417 0.036604 0.248550 0.006628 0.005055 0.775474 1.479641 1.412163 0.604947 0.533215 0.622370 0.677290 0.165271 0.455459 0.289465 0.596539 0.537800 0.576635 0.759368 0.391024 0.484123 0.195450 0.236284 0.221391 -0.031122
-0.405355 -1.597373 -1.424183 -0.673223 -0.015389 -0.014359 -0.013357 -0.015547 -0.036175 -0.064138 -0.159685 0.237778 -0.057958 -0.265947 -0.436981 -0.791116 -0.009243 -0.006032 0.478258 1.022291 -0.000010 -0.000205 -0.309914 -0.197362 -0.278106 0.287674 0.106586 -0.623515 -0.693804 -0.127207 -0.045623 0.015426 0.522042 0.062233 0.039258 0.021855 0.008739 0.011136 0.815248 0.756025 0.640746 0.403457 0.651967 0.617760 0.392582 0.206588 0.278849 0.234807 0.275764 0.484968 0.520183 0.692384 0.327112 0.372591 0.155543 0.212553 0.204026 -0.008437
-0.869146 -1.711775 -1.379627 -0.602285 -0.174293 -0.065886 -0.403894 -0.004995 0.040451 0.048778 -0.078166 0.115913 0.048109 -0.005655 0.000176 -0.639891 -0.120855 0.015195 0.480973 0.422487 -0.000661 0.000371 -0.002604 -0.109685 -0.066216 0.310536 0.002988 -0.302507 -0.405676 -0.213636 -0.105449 -0.060865 0.388429 0.042560 0.025526 0.008996 0.474002 0.489142 0.846427 0.786707 0.667420 0.332234 0.779721 0.557895 0.338807 0.178934 0.178692 0.162186 0.178735 0.451222 0.449932 0.661853 0.288431 0.335216 0.117682 0.062935 0.105270 0.170881
-0.984549 -1.190601 -1.257671 -1.014214 -0.199832 -0.125178 -0.461612 0.000118 0.001119 0.002630 0.003154 0.002630 0.001119 -0.005098 0.000810 -0.344017 -0.045767 0.012337 0.337072 0.000440 -0.046980 0.000456 0.001847 0.039423 0.119346 0.098620 -0.000100 -0.247271 -0.331280 -0.196996 -0.119043 -0.075899 0.274424 0.022086 0.013269 0.001829 0.662954 0.665630 1.820982 0.785543 0.707209 1.059254 0.963645 0.566958 0.319740 0.152754 0.059121 0.086110 0.170995 0.384408 0.379570 0.462198 0.264507 0.201923 0.080302 0.038721 0.031793 0.129907
-0.779285 -1.131505 -1.136054 -1.102021 -0.334761 -0.296834 -0.553891 0.000160 0.000244 0.001415 0.002183 0.001415 0.000244 -0.002547 0.074257 -0.175349 -0.026438 -0.054783 0.092187 -0.000250 -0.065446 0.002166 0.003561 0.009878 0.020419 0.049744 -0.000827 -0.179655 -0.456006 -0.362217 -0.111331 0.032366 0.088612 0.010302 0.012196 0.309208 0.798110 1.365427 0.941025 0.806075 0.822580 0.464826 0.674189 0.350654 0.215645 0.106997 0.035376 0.068396 0.180618 0.350940 0.341003 0.444133 0.156688 0.183147 0.072242 0.076251 0.021971 0.021518
-0.556540 -1.205505 -1.208877 -1.420079 -0.480026 -1.049461 -0.545345 0.000055 -0.000956 -0.002220 -0.002610 -0.002220 -0.000956 -0.184544 0.357205 -0.158604 -0.037235 -0.131797 -0.077652 -0.092284 -0.069225 0.001306 0.000628 0.000400 0.000544 0.007600 0.016408 -0.330469 -0.327489 -0.334154 -0.087257 0.052131 0.033679 -0.089472 0.013736 0.500000 1.401777 1.249829 1.377987 0.734482 0.925163 0.010573 0.023393 0.012578 0.007325 0.001000 0.030414 0.048365 0.086763 0.361071 0.356878 0.470454 0.158151 0.237454 0.110428 0.090296 0.009087 0.017151
-0.600560 -0.663316 -0.705219 -1.476872 -1.250930 -1.242339 -0.694620 0.016959 -0.020010 -0.002147 -0.002937 -0.002147 0.000121 0.045287 0.398227 -0.117320 -0.076122 -0.221999 -0.197304 -0.128479 -0.050774 0.000961 -0.000013 -0.000322 -0.000328 -0.000018 0.022326 -0.296817 -0.314537 -0.121400 -0.046728 0.343790 0.133206 -0.041003 0.113042 0.566886 1.498814 1.366799 1.298979 0.671984 0.048944 0.016192 0.001250 0.013810 0.005950 -0.000524 0.021154 0.038367 0.083056 0.124850 0.234141 0.456777 0.204759 0.257476 0.133143 0.059906 -0.004544 0.054174
-0.446539 -1.099289 -1.233611 -1.229352 -1.309362 -1.142663 -0.935862 0.239130 -0.399407 0.050183 -0.001605 0.003851 0.008195 0.361805 0.513344 0.018889 -0.037786 -0.325001 -0.311724 -0.159160 0.000604 0.000158 -0.000636 -0.017872 -0.002159 0.016209 0.073306 -0.261452 -0.286255 -0.297040 0.260921 0.483669 0.147131 -0.005225 0.107951 0.816068 1.436761 0.821585 0.747450 0.039482 0.001716 0.003391 0.002892 0.012351 -0.001124 -0.140880 0.032011 0.070559 0.183299 0.309108 0.238234 0.442746 0.198513 0.216479 0.103382 0.063067 0.101602 0.081114
-0.374757 -0.759760 -1.108920 -1.592495 -1.336658 -1.337549 -0.708597 0.319773 -0.292435 0.139336 0.005841 0.011144 0.014727 0.071734 0.029487 0.001112 -0.000734 -0.371582 -0.382025 0.000013 0.000228 -0.000359 -0.007784 -0.117531 0.000768 0.037111 0.044291 0.018621 0.035221 -0.236461 0.443617 0.332174 0.132137 -0.044181 0.252953 0.674745 1.070280 0.661771 0.545798 0.025853 0.002192 0.003967 0.003333 0.001104 -0.002848 -0.067670 0.042954 0.057344 0.116184 0.111385 0.095091 0.328725 0.188206 0.126177 0.100661 0.110758 0.018873 0.073849
-0.344811 -0.686373 -1.089179 -1.613185 -1.457042 -1.509424 -0.892458 0.115426 -0.142042 0.041556 0.002897 0.003692 0.003508 0.012035 0.001028 0.000094 0.011648 -0.390647 -0.414655 -0.054491 -0.000758 -0.000967 -0.088490 -0.047883 -0.012516 0.121599 0.000681 0.000681 0.000537 0.063314 0.675259 0.169120 0.032004 0.055206 0.358146 0.709811 0.827971 0.765305 0.423617 0.000336 0.000034 0.000340 0.000222 0.000152 -0.000383 0.072469 0.081895 0.000814 0.001605 0.086840 0.052482 0.075917 0.038865 0.117406 0.072483 0.172816 -0.021523 0.066345
-0.262695 -0.476273 -0.965234 -1.265826 -1.162678 -1.261244 -0.936818 0.068769 0.001356 0.015265 0.003402 0.002562 0.000773 0.000000 0.000008 -0.000052 0.000792 -0.428465 -0.465659 -0.049244 0.001040 -0.000010 -0.006223 -0.028800 -0.078110 0.076648 -0.000000 -0.000000 0.000567 0.237059 1.083917 -0.122426 0.008147 0.329250 0.495402 0.624073 0.676938 0.600337 0.033684 -0.000692 -0.002423 -0.003977 -0.000222 -0.000286 0.000318 0.160134 0.124694 -0.033861 -0.061603 0.209826 0.025752 0.040619 0.015534 0.027795 -0.003489 0.182680 -0.038125 0.000925
-0.213782 -0.486867 -0.553762 -1.392551 -1.255490 -1.449516 -0.543963 0.000344 -0.000021 0.000000 -0.002412 -0.003272 -0.003272 -0.013276 -0.001096 -0.002585 -0.001130 -0.439433 -0.537161 0.000825 0.001340 0.000757 0.016948 -0.002254 -0.144937 0.057245 -0.000681 -0.000681 0.000799 0.517218 1.612776 -0.097357 -0.042597 0.673846 0.521019 0.355551 0.437178 0.152425 0.018982 -0.025497 -0.054725 -0.003027 -0.011308 -0.001323 -0.000044 0.130327 0.207579 0.049167 -0.035741 0.161131 0.020923 0.030742 0.011525 0.014323 -0.051976 0.180276 0.000252 -0.000738
-0.173234 -0.489182 -0.535425 -2.153335 -1.721118 -1.880648 -1.090007 -0.000273 -0.001182 -0.012158 -0.003712 -0.002922 -0.035963 -0.044175 -0.026274 -0.005296 -0.171406 -0.986531 -0.501662 -0.000509 -0.001168 -0.000555 0.000272 0.017949 -0.176320 0.095817 -0.075749 -0.052109 -0.001385 0.844342 0.759277 0.505696 0.148372 0.733493 0.242308 0.101251 -0.001989 -0.198021 -0.021945 -0.037246 -0.046011 -0.053697 -0.055551 -0.007003 -0.000831 0.366202 0.587635 0.022638 0.000500 0.003627 0.001015 0.000786 0.000244 0.010712 -0.122094 0.161069 0.033471 -0.001608
-0.000174 -0.423896 -1.129370 -1.535530 -1.265960 -1.529523 -1.101000 -0.407707 -0.029731 -0.033915 -0.025825 -0.017407 -0.549360 -0.538652 -0.030785 0.071038 -0.103879 -0.521778 -0.672294 -0.223190 -0.002952 -0.001991 -0.000585 0.080307 0.328372 0.116676 -0.113053 -0.203820 0.307150 1.283025 0.791486 1.192849 0.868797 0.849969 -0.109673 -0.440911 -0.567070 -0.644248 -0.057980 -0.037167 -0.134175 -0.178374 -0.234306 -0.002231 0.000034 0.000823 0.010327 0.011349 0.000387 0.001144 -0.000855 -0.048823 -0.114826 -0.034142 -0.227450 0.138907 0.044684 -0.001698
-0.241383 -0.328236 -0.677143 -1.236935 -1.152767 -1.390444 -1.031622 -0.463122 -0.175120 -0.562088 -0.177145 -0.046400 -0.103733 -0.615473 0.014032 0.072281 -0.035974 -0.161638 -0.645899 -0.244720 -0.084547 -0.064407 0.578560 0.677135 0.853885 0.308772 -0.123891 -0.137293 0.770951 1.021172 0.956269 0.814667 1.196005 1.085451 -0.171093 -0.721065 -0.818103 -1.033133 -0.062957 -0.027013 -0.081563 -0.105906 -0.217326 -0.190686 -0.004693 -0.000152 0.000000 0.000000 -0.003678 0.001270 -0.263355 0.060897 -0.193910 -0.062390 -0.242747 0.083088 0.074384 0.023251
-0.402381 -0.749976 -0.442908 -1.110576 -1.102197 -1.338635 -1.082267 -0.499485 -0.416915 -0.755870 -0.141047 -0.030031 -0.065116 -0.182676 0.000659 0.000000 0.001144 -0.000622 -0.309156 -0.050914 0.129784 0.264245 1.333974 1.357208 1.130338 0.556510 -0.516740 -0.045119 0.488100 0.217606 0.467753 0.806081 0.026530 0.012655 0.044882 -0.578616 -1.088785 -1.301481 -0.045668 -0.015447 0.002867 -0.074378 -0.240964 -0.182204 -0.457365 -0.008482 -0.005878 -0.005878 -0.007299 0.000090 -0.011530 0.231651 -0.065187 -0.008130 -0.378962 -0.000089 0.000636 0.050071
-0.192119 -0.701265 -0.413454 -0.990336 -1.021926 -1.327316 -1.176867 -0.628128 -0.398769 -0.334769 -0.222425 -0.097640 -0.192659 -0.002680 0.001446 -0.013881 -0.001521 0.000511 -0.098440 0.435943 0.492456 0.722779 1.706856 1.583994 0.866351 0.590900 -0.233350 -0.059533 0.016994 -0.076689 -0.211781 0.422604 0.000681 0.000681 0.000178 -0.014429 -1.249566 -1.430790 -0.022019 -0.005283 0.026049 0.002627 -0.238500 -0.135402 -0.896829 -0.194096 -0.185737 -0.017182 -0.008720 -0.006174 -0.005895 0.033957 0.000326 -0.000131 -0.371615 -0.179790 -0.000249 0.000688
-0.183838 -0.580985 -0.497330 -0.874370 -0.907330 -1.305154 -1.276982 -0.516618 -0.514412 -0.271923 -0.620932 -0.245575 -0.194748 -0.104057 -0.050704 -0.499860 0.055887 0.054399 0.042640 0.719711 0.793524 1.051081 1.434136 1.127575 0.117596 0.038258 -0.063357 0.017144 -0.130178 -0.179857 -0.456817 0.200185 -0.000000 -0.000000 -0.000156 -0.493370 -1.132199 -1.321160 -0.008590 0.000122 0.000488 0.000593 -0.133642 -0.063235 -0.217910 -0.140704 -0.130293 -0.004160 -0.006083 -0.006240 -0.006444 -0.000003 -0.000208 -0.000255 -0.224649 -0.164562 -0.000816 -0.001022
-0.161795 -0.552639 -0.424486 -0.746495 -0.780285 -1.234246 -1.578918 -0.792087 -0.494587 -0.430079 -0.376305 -0.097247 -0.144368 -0.114060 -0.008222 -0.375499 0.016564 -0.000189 0.044840 0.733950 0.903713 1.146595 1.441939 0.210702 0.083694 0.003692 -0.025182 0.002606 -0.105696 -0.251416 -0.692515 0.109711 -0.000681 -0.000681 -0.000666 -0.480306 -0.874333 -1.014161 -0.002289 -0.000005 -0.000172 -0.000004 -0.000000 -0.000000 -0.120887 -9999.000000 -9999.000000 -9999.000000 -9999.000000 -9999.000000 -9999.000000 -9999.000000 -9999.000000 -9999.000000 -9999.000000 -9999.000000 -9999.000000 -9999.000000
-0.138712 -0.560350 -0.412012 -0.724496 -0.788012 -1.170733 -1.326411 -0.908523 -0.563235 -0.332798 -0.263638 -0.189254 -0.093601 -0.177993 -0.038248 -0.408791 -0.084517 -0.157111 0.026316 0.743421 0.933599 1.140229 1.249740 0.193813 0.073375 -0.489960 -0.150227 0.028430 -0.076333 -0.154247 -0.650782 0.000000 -0.013108 -0.008293 -9999.000000 -9999.000000 -9999.000000 -9999.000000 -9999.000000 -9999.000000 -9999.000000 -9999.000000 -9999.000000 -9999.000000 -9999.000000 -9999.000000 -9999.000000 -9999.000000 -9999.000000 -9999.000000 -9999.000000 -9999.000000 -9999.000000 -9999.000000 -9999.000000 -9999.000000 -9999.000000 -9999.000000
-0.080082 -0.321865 -0.207100 -0.370257 -0.480850 -1.101491 -1.378077 -1.025072 -0.652307 -0.446078 -0.270857 -0.371162 -0.058660 0.065753 -0.008063 -0.473580 -0.425141 -0.550210 0.000590 0.961774 1.040839 1.047224 0.975639 0.160250 0.071006 -0.177586 -0.477196 0.091702 0.011737 -0.117764 -0.933871 -0.003663 -0.057451 -0.024012 -9999.000000 -9999.000000 -9999.000000 -9999.000000 -9999.000000 -9999.000000 -9999.000000 -9999.000000 -9999.000000 -9999.000000 -9999.000000 -9999.000000 -9999.000000 -9999.000000 -9999.000000 -9999.000000 -9999.000000 -9999.000000 -9999.000000 -9999.000000 -9999.000000 -9999.000000 -9999.000000 -9999.000000
-0.149150 -0.236883 -0.169109 -0.321728 -0.179483 -0.439705 -0.583640 -0.675605 -0.500295 -0.453644 -0.326125 -0.505244 0.037583 0.199029 0.044955 -0.180800 -0.474707 -0.829174 0.033558 0.735975 0.780879 1.301748 0.698610 0.098732 0.047620 -0.085223 -0.754345 0.121272 0.024531 0.000867 -0.862184 -0.306300 -0.070337 -9999.000000 -9999.000000 -9999.000000 -9999.000000 -9999.000000 -9999.000000 -9999.000000 -9999.000000 -9999.000000 -9999.000000 -9999.000000 -9999.000000 -9999.000000 -9999.000000 -9999.000000 -9999.000000 -9999.000000 -9999.000000 -9999.000000 -9999.000000 -9999.000000 -9999.000000 -9999.000000 -9999.000000 -9999.000000
