use_cases/Flooding_chicago/flooding_data/output/hUy_900.asc
ncols 337
nrows 393
xllcorner 428428.000000
yllcorner 4602440.000000
cellsize 26.757400
NODATA_value -9999.000000
[rows 182 to 207 of 393, columns 116 to 173 of 337]
-0.000375 -0.000257 -0.188753 0.007464 -0.001074 -0.008826 -0.006319 -0.000497 -0.000015 0.000415 0.390884 0.764549 0.560571 0.539074 0.051834 0.027635 0.067358 0.164380 0.070693 0.069633 0.070666 0.000472 -0.041468 -0.013504 -0.008873 -0.000518 -0.001196 -0.022568 -0.022189 -0.001326 -0.284238 -0.102842 0.000720 -0.000212 -0.000929 -0.005553 -0.000965 -0.000473 -0.000573 0.062251 0.016233 0.029092 0.025492 0.047816 0.004529 0.004188 0.002397 0.019450 -0.400623 -0.459786 -0.274964 -0.000392 0.000342 0.001111 0.001737 0.003443 0.000911 0.000215
-0.005959 -0.000931 -0.134106 -0.147999 -0.001204 -0.019796 -0.012927 -0.006812 -0.016578 0.237423 0.596029 0.585253 0.001504 0.000834 0.001419 0.003139 0.012582 0.024335 0.138634 0.225170 0.241433 0.036020 -0.000164 -0.014936 -0.020121 -0.011580 -0.005020 -0.035147 -0.027372 -0.148676 -0.267190 0.000449 -0.000176 -0.001414 -0.001644 -0.004516 -0.010008 -0.006590 -0.001428 0.045643 0.001091 0.076514 0.035892 0.004754 0.006866 0.000809 0.000717 0.000181 0.000240 -0.246596 -0.715725 -0.000313 -0.000122 0.001017 0.001354 0.002914 -0.001959 -0.001047
-0.031268 -0.004933 -0.113847 -0.195921 -0.016020 -0.021556 -0.014239 -0.013704 -0.204190 0.394328 0.992682 0.433606 0.130271 -0.000179 0.002311 0.005031 0.041946 0.013608 0.033164 0.028084 0.029610 0.003198 0.002287 -0.002828 -0.015649 -0.018726 -0.007527 -0.051389 -0.029720 -0.359275 -0.118850 -0.001117 -0.001516 -0.000921 -0.017206 -0.013922 -0.025846 -0.004045 -0.020823 0.000251 0.001796 0.018499 0.010100 0.004810 0.000609 0.000543 0.000079 -0.000124 -0.000007 -0.001458 -0.624221 -0.185154 -0.008553 0.000000 0.000000 0.000000 -0.004058 -0.001575
-0.003003 -0.093545 -0.032287 -0.218916 0.002782 -0.002867 -0.002430 -0.002251 -0.013457 0.270715 0.795986 0.334227 0.369469 -0.002519 0.001495 0.001859 0.015814 0.002928 0.015317 0.005981 0.000326 0.001098 -0.002609 -0.002835 -0.001513 -0.017952 -0.009149 -0.105829 -0.141819 -0.213894 -0.161442 -0.059631 -0.011624 -0.009096 -0.037430 -0.026245 -0.051812 -0.047819 -0.018054 -0.000111 -0.000030 0.000000 0.001371 0.004082 0.000693 -0.000130 -0.000655 -0.010203 -0.000407 -0.000571 -0.541062 -0.245031 -0.025575 -0.007594 -0.018001 -0.018656 -0.002184 -0.023384
0.000006 -0.053935 0.039531 -0.229316 0.032928 -0.001058 0.002692 0.002704 0.203321 0.076695 0.926553 0.241489 0.552141 0.116079 0.000819 0.001877 0.001274 0.001304 0.000082 -0.000003 -0.000208 -0.000910 -0.079826 -0.087935 -0.002977 -0.004071 -0.014387 -0.153112 -0.203761 -0.211204 -0.243679 -0.113450 -0.100586 -0.023625 -0.043378 -0.017239 -0.117868 -0.063880 -0.010286 -0.028249 -0.002354 -0.026562 -0.005418 0.000168 0.000294 -0.000636 -0.011435 -0.015803 -0.128397 -0.121749 -0.400093 -0.237905 -0.202780 -0.017142 -0.045464 -0.023538 -0.018391 -0.026702
-0.131738 -0.054412 0.102420 -0.359389 0.347763 0.000561 0.014730 0.014660 0.665051 0.297054 0.947428 0.076823 0.840160 0.082463 0.001527 0.003231 0.000496 0.000382 -0.000643 -0.008831 -0.006900 -0.084581 -0.013230 -0.016700 -0.005315 -0.030421 -0.011799 -0.531879 -0.419358 -0.750683 -0.850172 -0.048322 -0.435197 -0.036909 -0.042647 -0.060734 -0.140762 -0.065326 -0.024809 -0.071671 -0.012561 -0.038392 -0.001261 -0.000142 -0.000418 -0.000770 -0.023644 -0.119737 -0.127406 0.141221 -0.464618 -0.300119 -0.116180 -0.027105 -0.062749 -0.023932 -0.036977 -0.039937
-0.213189 0.067588 0.332611 -0.250645 0.666126 0.017022 0.011142 0.010961 0.107822 0.210908 0.266619 0.212108 0.276611 0.043719 0.001094 0.005636 -0.000547 -0.003695 -0.006093 -0.027660 -0.177098 -0.073919 -0.009704 0.311469 0.010226 -0.165766 -0.448079 -0.649661 -0.232958 -0.000100 -0.001794 -0.022325 -0.032503 -0.075562 -0.095511 -0.148039 -0.173838 -0.094844 -0.121809 -0.035910 -0.037545 -0.044150 -0.008973 -0.013069 -0.006845 -0.007019 -0.176059 -0.064715 0.077856 0.321481 -0.257352 -0.215983 -0.204849 -0.331622 -0.341005 -0.428534 -0.040406 -0.073837
-0.029467 0.007843 0.006376 0.020034 0.257165 0.006365 0.006364 0.006034 0.002021 0.119930 0.161660 0.193496 0.140279 0.025185 -0.000310 0.000103 -0.002060 -0.004107 -0.004885 -0.006606 -0.253547 -0.164711 -0.041236 0.100859 0.052414 -0.014027 -0.016125 -0.294996 -0.542127 0.097833 -0.028491 -0.061186 -0.010199 -0.102730 -0.873792 -0.085164 -0.107285 -0.025022 -0.001236 -0.016558 -0.071598 -0.034912 -0.030373 -0.018905 -0.014095 -0.021872 -0.292694 -0.043913 0.000890 0.012853 0.014638 0.053243 -0.292688 -0.188019 -0.116086 -0.183030 0.019855 -0.092862
0.028506 0.000148 0.000468 0.000816 0.019605 0.000076 0.000208 0.000003 0.007930 0.203592 0.230931 0.279891 0.075572 0.018133 -0.000437 -0.000639 -0.001797 -0.194566 -0.056553 -0.019499 -0.260250 -0.117595 -0.021252 -0.000028 0.015823 0.012272 0.191004 -0.170303 -0.401762 0.107255 -0.170878 -0.744429 -0.441620 -0.428905 -0.265111 -0.018284 -0.017418 -0.005697 -0.001606 -0.006559 -0.285384 -0.277823 -0.223530 -0.034674 -0.071861 -0.243905 -0.230787 -0.013509 -0.000050 0.000105 0.000222 0.000103 -0.333168 -0.139572 -0.069082 -0.077376 0.056927 0.062535
0.019767 -0.000132 -0.000270 -0.000188 -0.000005 -0.000113 -0.000326 -0.011149 0.026518 0.036038 0.023031 0.329648 0.227936 0.049737 0.061768 0.136634 -0.006739 -0.724832 -0.048305 0.025157 -0.185912 0.001384 0.103996 -0.042183 0.023830 0.087650 0.359507 -0.030724 -0.207472 0.067540 -0.157642 -0.685895 -0.431215 -0.056273 0.279842 -0.008021 -0.004762 -0.003195 -0.006659 -0.065876 -0.111300 -0.125133 0.069208 -0.247275 -0.022307 -0.176680 -0.028172 -0.014997 -0.022982 -0.000136 -0.000222 -0.000103 -0.337774 -0.098715 0.085323 0.091703 0.125948 0.009118
0.000607 -0.274223 -0.317132 -0.023006 -0.006314 -0.014302 -0.022946 -0.007611 0.060831 0.010464 0.012257 0.013088 0.325546 0.038567 0.035411 0.097053 -0.045376 -0.353359 0.023642 0.007892 -0.197700 0.012509 0.122202 -0.008053 0.028230 0.034630 0.545900 0.044795 -0.111312 -0.025442 -0.272215 -0.563936 -0.340919 0.459158 0.592839 0.484355 -0.004598 -0.013731 -0.012473 -0.107936 -0.101726 -0.061144 0.162921 0.013510 0.084034 0.046029 -0.038693 -0.149051 -0.327371 -0.008107 -0.006078 -0.006984 -0.160722 0.000000 0.000000 0.000001 0.000031 0.000222
0.000799 0.340560 -0.035952 -0.477078 0.038041 -0.023814 -0.048380 -0.002379 0.015054 0.037954 0.020682 0.004475 0.144715 0.110577 0.097175 0.019539 0.049661 0.036878 0.007456 0.004525 -0.008406 0.058197 0.071602 0.014546 0.007031 0.006976 0.023957 0.382143 -0.095626 -0.100481 -0.307330 -0.538172 -0.262590 0.007356 0.008045 0.710645 -0.007326 -0.031293 -0.020862 -0.157063 -0.061437 -0.007161 0.304734 0.016395 0.013593 0.007146 0.018577 -0.080905 -0.316658 -0.166882 -0.012333 -0.028021 -0.072533 -9999.000000 -9999.000000 -9999.000000 -9999.000000 -0.000222
0.000738 0.426706 -0.056708 -0.476365 0.140609 0.027495 -0.003929 -0.000718 0.000879 0.013521 0.008926 0.012626 0.024349 0.021699 0.045002 0.001886 0.001265 0.000349 0.000104 0.000222 -0.002161 0.003873 -0.000258 0.000000 0.000000 0.000000 0.008463 0.006709 -0.003191 -0.182831 -0.427277 -0.593548 -0.171168 0.000029 0.001030 0.161877 0.010877 -0.000518 -0.009943 0.078606 0.270078 0.188062 0.036867 0.026392 0.004814 0.003157 0.151409 0.121678 -0.254102 -0.081974 -9999.000000 -9999.000000 -9999.000000 -9999.000000 -9999.000000 -9999.000000 -9999.000000 -9999.000000
0.000067 0.614606 0.056919 -0.299963 0.028271 0.024594 0.001662 -0.000018 -0.000108 0.000000 0.007357 0.013300 0.001264 0.002451 0.014698 0.001098 -0.001205 -0.000326 -0.000104 -0.000222 -0.000462 0.146105 -0.285178 -0.022809 0.001820 -0.005558 0.000000 0.000000 -0.000087 -0.283136 -0.376152 -0.380618 -0.147076 0.015743 0.000135 0.002381 0.003976 -0.001710 -0.008992 0.002963 0.021891 0.006993 0.033471 0.012902 0.021079 0.014127 0.019031 0.001080 0.000044 -9999.000000 -9999.000000 -9999.000000 -9999.000000 -9999.000000 -9999.000000 -9999.000000 -9999.000000 -9999.000000
-0.000464 0.049108 0.039466 0.000347 0.000065 0.000000 -0.000026 -0.000253 -0.001358 -0.015201 -0.002960 0.007966 0.000865 0.000064 0.000000 -0.000504 0.000004 -0.086547 -0.017495 -0.003946 0.550740 0.515868 -0.530006 -0.837559 0.006600 -0.052156 -0.000136 -0.009721 -0.216780 -0.557232 -0.926300 -0.345819 0.011353 0.038928 -0.093735 -0.000399 0.007342 -0.000929 -0.001784 0.000098 0.000353 0.000639 0.013122 0.002143 0.010553 0.007510 0.000760 -9999.000000 -9999.000000 -9999.000000 -9999.000000 -9999.000000 -9999.000000 -9999.000000 -9999.000000 -9999.000000 -9999.000000 -9999.000000
-0.008021 0.000222 0.000103 -0.000080 -0.000552 -0.005378 -0.111620 -0.006572 -0.013082 -0.077330 -0.001560 0.000396 -0.001174 -0.002393 -0.010042 -0.001306 -0.008828 -0.112242 -0.027807 -0.010125 0.012981 0.425056 -0.110202 0.000360 0.000360 -0.025312 0.000222 -0.004091 -0.210921 -0.577754 -0.342299 -0.271980 -0.000368 0.057373 0.063589 -0.004263 0.011984 0.007754 -0.014305 -0.000261 0.000486 0.000766 0.000100 0.001735 0.000569 0.000393 -9999.000000 -9999.000000 -9999.000000 -9999.000000 -9999.000000 -9999.000000 -9999.000000 -9999.000000 -9999.000000 -9999.000000 -9999.000000 -9999.000000
-0.033466 -0.000222 -0.000103 -0.021789 0.138891 -0.427971 -0.619822 -0.003007 -0.002854 0.000140 0.000095 -0.000693 -0.001518 -0.038080 -0.053092 -0.017156 -0.031100 -0.057630 -0.026362 -0.000563 0.004519 0.040912 -0.010075 -0.000360 -0.000360 -0.021341 -0.000222 -0.001361 -0.266021 -0.395335 -0.379149 -0.280457 -0.094646 -0.023465 0.098645 0.006774 0.014864 0.011652 -0.055363 -0.001032 0.000194 0.000051 -0.000346 -0.000242 -0.000247 -0.000331 -9999.000000 -9999.000000 -9999.000000 -9999.000000 -9999.000000 -9999.000000 -9999.000000 -9999.000000 -9999.000000 -9999.000000 -9999.000000 -9999.000000
0.000048 -0.003946 -0.012665 0.081089 0.273538 -0.062574 -0.622548 -0.001120 -0.000565 -0.000172 -0.000411 -0.015488 -0.009548 -0.154314 -0.019068 -0.020145 -0.031443 -0.041743 -0.015314 -0.000362 0.000222 0.000133 -0.004745 -0.018640 -0.127550 -0.110278 -0.365431 -0.153650 -0.275431 -0.384012 -0.354321 -0.252187 -0.037713 -0.012511 0.053320 0.001605 0.014106 0.012693 -0.005487 0.000194 -0.000494 -0.000445 -0.000304 -0.000591 -0.000554 -9999.000000 -9999.000000 -9999.000000 -9999.000000 -9999.000000 -9999.000000 -9999.000000 -9999.000000 -9999.000000 -9999.000000 -9999.000000 -9999.000000 -9999.000000
0.097788 0.221641 -0.160989 0.237311 0.215019 -0.022968 -0.296816 0.021956 -0.012289 -0.008653 -0.006525 -0.169860 -0.125179 -0.061651 -0.009017 -0.013252 -0.014895 -0.137103 -0.084224 -0.007409 -0.000222 -0.000104 -0.001008 -0.271813 0.005871 0.226447 -0.157233 -0.163997 -0.704725 -1.176558 -0.288544 -0.210908 0.021886 0.103171 0.130755 -0.001964 0.000001 0.000016 0.000192 0.000071 -0.000517 -0.000386 -0.000530 -0.001308 -0.006225 -9999.000000 -9999.000000 -9999.000000 -9999.000000 -9999.000000 -9999.000000 -9999.000000 -9999.000000 -9999.000000 -9999.000000 -9999.000000 -9999.000000 -9999.000000
0.243618 0.360026 -0.187111 0.087588 0.161554 -0.005877 0.177546 0.093579 -0.084434 -0.048345 -0.073474 -0.099210 -0.077405 -0.000028 -0.003384 -0.032955 0.237626 -0.653423 -0.646448 -0.365931 -0.009265 -0.008372 -0.089873 -0.197594 0.041673 0.268526 -0.057050 -0.141455 -0.520518 -0.971070 -0.252083 -0.225680 0.074760 0.178528 0.300855 0.270461 -0.025417 -0.028635 -0.000521 -0.002208 -0.026793 -0.011463 -0.019740 -0.010871 -0.012124 -9999.000000 -9999.000000 -9999.000000 -9999.000000 -9999.000000 -9999.000000 -9999.000000 -9999.000000 -9999.000000 -9999.000000 -9999.000000 -9999.000000 -9999.000000
0.193475 0.436513 -0.270347 -0.062660 0.104769 0.120279 0.531119 0.244518 0.482271 -0.131788 -0.029646 -0.065985 -0.059434 -0.000446 -0.001169 0.063452 0.444663 -0.419035 -0.342232 0.079642 -0.094363 -0.088226 -0.069956 0.046812 0.094333 0.222002 0.059782 -0.102728 -0.430392 -0.747998 -0.371149 -0.160988 0.010247 0.000578 0.344968 0.252352 -0.163955 0.240430 -0.021617 -0.013326 -0.053304 -0.043929 -0.020187 -0.035623 -0.011153 -9999.000000 -9999.000000 -9999.000000 -9999.000000 -9999.000000 -9999.000000 -9999.000000 -9999.000000 -9999.000000 -9999.000000 -9999.000000 -9999.000000 -9999.000000
0.460884 0.763965 -0.131857 -0.057721 0.319170 0.607403 0.655988 0.006492 0.694285 0.260294 -0.087142 -0.032576 -0.041956 -0.001517 -0.002492 0.132812 0.417913 -0.210632 -0.225474 0.259645 -0.247626 -0.395391 -0.033167 0.000640 0.001804 0.338135 0.330121 0.046074 -0.282438 -0.765286 -0.277019 -0.248125 -0.000000 -0.000007 0.002762 0.256937 0.152314 0.363133 -0.006291 -0.026510 -0.023430 -0.008436 -0.003728 -0.056172 -0.028823 0.000000 -9999.000000 -9999.000000 -9999.000000 -9999.000000 -9999.000000 -9999.000000 -9999.000000 -9999.000000 -9999.000000 -9999.000000 -9999.000000 -9999.000000
0.608021 0.684050 -0.001723 -0.003318 0.001445 0.013858 0.019076 0.004336 0.040792 0.664767 0.172901 0.032470 -0.014212 -0.001499 -0.002516 0.116893 0.517292 -0.085581 -0.086066 0.300320 0.046464 0.052880 -0.030297 -0.000097 0.002165 0.016176 0.024138 0.004018 0.019218 -0.474136 -0.289123 -0.484720 0.001825 0.008623 0.005895 0.012530 0.016344 0.350019 0.124115 0.042383 -0.007416 -0.029906 -0.005890 -0.070408 -0.061170 -0.003663 -9999.000000 -9999.000000 -9999.000000 -9999.000000 -9999.000000 -9999.000000 -9999.000000 -9999.000000 -9999.000000 -9999.000000 -9999.000000 -9999.000000
0.793586 0.849935 0.639548 -0.000729 -0.000086 0.000232 0.009733 0.000798 0.007390 0.115594 0.204778 0.109919 0.053847 -0.001102 -0.001576 0.001892 0.018514 0.017009 0.219021 0.391304 0.192939 0.125529 -0.017093 -0.000249 0.000077 0.001344 0.007051 0.006478 0.001540 -0.464740 -0.278585 -0.348073 0.003664 0.014011 0.008032 0.016371 0.026308 0.037015 0.045138 0.070215 0.014913 -0.114097 -0.098981 -0.021795 -0.022584 -0.032837 0.000000 -9999.000000 -9999.000000 -9999.000000 -9999.000000 -9999.000000 -9999.000000 -9999.000000 -9999.000000 -9999.000000 -9999.000000 -9999.000000
0.062776 0.848065 0.577825 0.430234 0.465080 -0.000109 0.000016 0.000389 0.000550 0.009453 0.010580 0.184236 0.078278 0.008215 0.002345 0.000174 0.000222 0.030457 0.031184 0.635284 0.526597 0.196137 0.072754 -0.000043 -0.000147 0.000632 0.000372 0.000354 0.000161 -0.490827 -0.322097 -0.288927 0.003173 0.003232 0.005253 0.008897 0.019838 0.037955 0.044357 0.136151 0.116379 0.066046 0.024643 -0.005253 -0.121404 -0.005495 -0.003663 -9999.000000 -9999.000000 -9999.000000 -9999.000000 -9999.000000 -9999.000000 -9999.000000 -9999.000000 -9999.000000 -9999.000000 -9999.000000
0.000621 0.027832 0.507382 0.517299 0.849620 -0.016132 -0.008863 -0.000826 -0.000544 -0.000020 0.005527 0.007009 0.007235 0.006927 0.009146 0.000568 -0.000222 0.022614 0.050601 0.115702 0.116667 0.109578 0.065069 0.000237 -0.000218 0.000457 0.000206 0.000034 -0.000209 -0.513642 -0.431253 -0.267128 0.000411 -0.000060 -0.002607 0.005459 0.000000 0.031220 0.023267 0.006749 0.009792 0.007269 0.134845 0.005346 -0.152117 -0.002732 -0.006945 -9999.000000 -9999.000000 -9999.000000 -9999.000000 -9999.000000 -9999.000000 -9999.000000 -9999.000000 -9999.000000 -9999.000000 -9999.000000
