use_cases/Flooding_chicago/flooding_data/output/hUy_480.asc
ncols 337
nrows 393
xllcorner 428428.000000
yllcorner 4602440.000000
cellsize 26.757400
NODATA_value -9999.000000
[rows 208 to 233 of 393, columns 58 to 115 of 337]
0.085899 -0.337068 -0.155259 -0.098520 -0.051905 -0.115655 0.000269 0.000178 0.000000 0.000000 -0.032921 -0.021809 -0.207032 -0.030477 -0.036144 -0.028634 -0.027830 -0.032650 -0.063717 -0.717874 -0.169969 0.007412 -0.000274 -0.004287 -0.001021 -0.005875 -0.014136 -0.001339 -0.018753 0.102764 0.054379 -0.125055 0.040830 0.039102 -0.000901 0.019208 0.190562 0.108411 -0.050613 0.192067 0.089922 0.001283 -0.004529 0.209750 0.059713 -0.145765 -0.106909 -0.100085 -0.085545 0.013831 0.003226 0.014549 0.003830 0.001655 0.000084 -0.000362 -0.000367 -0.000718
0.191548 0.076315 0.480147 0.084054 0.042865 -0.027552 -0.000022 -0.000347 -0.018639 -0.015169 0.000000 -0.006889 -0.070674 0.965557 -0.655448 -1.135766 -0.026805 -0.028311 -0.808240 -0.478142 0.095593 0.124853 0.118064 -0.003094 -0.012351 -0.011269 -0.028076 0.062900 -0.001811 0.085268 0.103644 -0.070706 0.019058 0.037811 -0.000515 0.067505 0.307951 0.151121 0.004603 0.004032 0.002809 0.001411 0.000460 0.077670 0.055948 -0.080477 -0.021638 0.052236 0.042382 0.004553 0.001513 0.000360 0.000360 -0.005146 -0.002546 -0.025541 -0.027544 -0.011008
0.431864 0.443985 0.221973 0.159327 0.135621 0.099459 -0.000384 -0.004025 -0.070804 -0.036278 -0.000129 0.000222 0.000439 1.086914 -0.320702 -0.595901 -0.336382 -0.491758 -0.622085 0.012313 0.008212 0.149545 0.124318 0.043470 -0.018915 -0.001990 -0.119922 0.105382 -0.006950 0.154557 0.014830 0.025634 0.046957 0.085974 -0.032963 0.104648 0.134058 0.000705 0.007246 0.002594 -0.000101 -0.001052 -0.000447 0.066707 0.088350 -0.091411 0.001852 0.029829 0.028206 0.040680 0.006205 -0.000360 -0.000360 -0.004884 -0.003009 -0.037916 -0.519992 -0.073138
0.009598 0.007257 0.257763 0.161362 0.149447 0.127634 0.003760 -0.084628 -0.075305 -0.003963 -0.000299 -0.000222 0.001064 1.143524 0.584732 0.115884 -0.286054 -1.311283 0.014443 0.006772 0.017031 0.010865 0.095095 0.061776 0.060091 0.001419 0.015304 0.179742 0.004995 0.028671 0.035491 0.080303 0.114872 0.716320 0.065006 0.090739 0.127269 0.001010 0.000423 -0.002631 -0.002033 -0.065554 0.054039 0.157511 0.278119 -0.086978 0.005475 0.000804 0.002416 0.019180 0.036614 -0.001151 -0.009460 -0.168272 -0.104340 -0.026134 -0.043340 -0.251810
0.000360 0.000360 0.197571 0.149574 0.167811 0.159594 0.049126 0.044213 0.105384 -0.001419 -0.001421 -0.012739 0.004611 0.023074 0.016481 0.193399 -0.000059 0.016473 0.000468 0.019794 0.008623 0.036801 0.132049 0.115764 0.007670 0.004589 0.145604 0.033013 0.005575 0.002030 0.046741 0.188149 0.058136 0.423956 0.140097 0.077177 0.088914 0.001177 -0.000295 -0.001193 0.018846 0.076409 0.043033 0.229958 0.278049 -0.058524 0.000309 0.000480 0.000872 0.000965 0.010121 0.000341 -0.238277 -0.207333 -0.158028 -0.051874 0.026784 0.027850
-0.000360 -0.000360 0.021455 0.030661 0.087929 0.059766 0.135964 0.141016 0.185531 0.107284 0.003364 -0.045298 0.015345 0.003663 0.006318 0.028082 0.030860 0.009054 0.000681 0.029194 0.012331 0.047086 0.019141 0.017293 0.000377 0.006727 0.020176 0.021738 0.000503 0.003506 0.000532 0.334649 0.090287 0.062908 0.381096 0.169460 0.161468 0.003422 0.003119 0.034064 0.577056 0.142993 -0.006389 0.172276 0.355417 -0.000023 -0.000298 0.000116 -0.000014 -0.000319 0.000000 0.000000 0.000000 -0.221648 -0.201537 0.000475 0.001556 0.013732
-0.008228 -0.013858 0.000077 0.001771 0.006768 0.062770 0.008089 0.014468 0.254120 0.204541 0.046975 0.027079 0.016511 0.000000 0.000000 0.000548 0.002027 0.000433 0.000710 0.030675 0.001800 0.010763 0.000806 0.000035 -0.000142 -0.000020 -0.000001 -0.000004 -0.000149 -0.000005 -0.000172 0.450126 0.006795 0.009289 0.082970 0.064076 0.052829 0.010959 0.029301 0.150090 0.373318 0.345742 0.034696 0.178522 0.448806 0.172824 -0.000644 -0.001072 -0.015781 -0.023583 -0.006509 -0.005988 -0.160201 -0.174921 -0.178477 0.000688 0.000906 0.000222
-0.024334 -0.100058 0.001224 0.000969 0.000000 0.011608 0.001805 0.007978 0.071196 0.107491 0.007088 0.005426 0.010168 -0.000576 -0.004947 -0.001466 -0.002330 -0.000329 -0.000527 0.000582 0.000391 0.000000 -0.000167 -0.004342 -0.080721 -0.001142 0.003660 0.002115 0.009046 0.018152 0.223535 0.293035 0.018818 0.024758 0.051124 0.046035 0.037084 0.039526 0.024379 0.080643 0.070116 0.022780 0.120206 0.159779 0.595058 0.232831 0.304841 -0.029013 -0.044323 -0.119727 -0.122194 -0.135546 -0.153760 -0.107491 -0.133464 0.000449 0.000166 -0.000222
0.010245 0.002055 0.003478 -0.000157 0.002244 0.006747 0.002052 0.000648 0.000015 0.081985 0.000460 0.000080 -0.000012 -0.000570 -0.001649 -0.055227 -0.083507 -0.014469 -0.006844 -0.001026 -0.001919 -0.006437 -0.001001 -0.053789 0.054767 0.009190 0.006442 0.003619 0.019744 0.049936 0.498863 0.132676 0.046296 0.061823 0.024247 0.029267 0.040297 0.005863 0.010392 0.041808 0.048049 0.010131 0.236278 0.230372 0.200754 0.220821 0.442663 0.514414 -0.054411 -0.150397 -0.149000 -0.069230 -0.118170 0.010289 0.000626 0.000183 -0.001744 -0.024050
0.000222 -0.001852 0.003333 -0.042153 0.000050 0.000898 0.005775 0.001083 0.072044 0.105799 0.002868 -0.000741 -0.008986 -0.007173 -0.003060 -0.150092 -0.367633 -0.021291 -0.002757 -0.000812 -0.023342 -0.026910 -0.000695 0.002878 0.073458 0.000447 0.000963 0.019285 0.045024 0.131198 0.014334 0.030128 0.112035 0.032464 0.014234 0.010098 0.016436 0.000645 0.000821 0.009354 0.013181 0.029201 0.117525 0.072681 0.013697 0.016537 0.197480 0.347601 0.117148 0.015357 -0.045597 0.001389 0.000278 0.000185 -0.000902 -0.003344 -0.023032 -0.076203
-0.000222 -0.058070 0.109514 -0.557251 -0.004739 -0.000354 0.001135 0.002377 0.078137 0.007947 0.008884 -0.042640 -0.045449 -0.039808 -0.004341 -0.018932 -0.073192 -0.001415 -0.001858 -0.018315 -0.164024 -0.002764 0.000832 0.000447 0.124933 -0.000248 0.001395 0.036351 0.123146 0.018165 0.000471 0.031862 0.027421 0.030293 0.000381 0.000779 0.000847 0.000314 0.002328 0.043557 0.044005 0.016853 0.042936 0.015338 0.030054 0.038854 0.041367 0.057604 0.064381 0.061023 0.006406 0.004632 -0.000457 -0.000786 -0.125890 -0.141181 -0.156181 -0.369970
0.001404 0.009155 0.638565 -0.138970 -0.014899 0.000269 0.000263 0.001339 0.004825 0.015441 0.009296 -0.018389 -0.014841 -0.009099 -0.000634 -0.060250 0.024029 0.000734 0.000201 -0.009875 -0.117876 -0.000013 -0.000308 -0.000295 0.000176 -0.073822 0.001164 0.004917 0.035768 0.009485 0.000691 0.049149 0.000026 0.000538 -0.000387 -0.000804 -0.000853 -0.000610 0.005936 0.018905 0.012273 0.000840 0.000462 0.007629 0.030319 0.052216 0.091472 0.011251 0.014057 0.023810 0.020308 0.003397 -0.010386 -0.012854 -0.133294 -0.206405 -0.093164 -0.476526
0.034106 0.134596 0.577287 0.264449 0.159503 0.006147 -0.000914 -0.001518 0.002902 0.039989 0.006530 -0.014877 -0.010568 -0.002395 0.000430 -0.042243 0.036281 0.000049 0.000766 -0.000963 -0.142984 -0.007540 -0.000771 -0.004295 -0.000595 -0.043999 -0.000302 0.002040 0.009008 0.000989 0.000652 0.038392 -0.017558 -0.001063 -0.011612 -0.010418 -0.021098 -0.013691 -0.000699 -0.000024 -0.000001 -0.000100 -0.000078 -0.000006 0.022285 0.097782 0.016050 0.038539 0.016952 0.035449 0.000186 -0.006345 -0.018836 -0.016439 -0.120227 -0.001618 -0.106937 0.004391
0.017649 0.042845 0.144879 0.172177 0.167793 0.022632 -0.005780 -0.001710 0.000301 0.005800 0.000788 -0.012443 -0.013796 0.000208 0.000003 0.001094 0.000354 -0.000186 0.000000 0.000067 -0.099064 -0.113560 -0.071194 -0.002309 -0.078579 -0.040457 0.057733 -0.000000 -0.000003 -0.000071 -0.000351 -0.000674 -0.002186 -0.000898 -0.028431 -0.024019 -0.058782 -0.031557 -0.039826 -0.020564 -0.014437 -0.014062 -0.001658 -0.017536 0.002580 0.018142 0.002013 0.009885 0.004416 0.039959 0.005853 -0.019597 -0.026717 -0.023807 -0.013820 0.019948 -0.032396 0.001602
0.049497 0.006993 0.053012 0.103612 0.114856 0.047255 -0.000686 0.000062 0.000140 0.000222 0.000047 -0.006419 -0.013504 -0.000326 -0.013951 -0.002153 -0.002000 -0.017442 -0.005350 -0.000464 -0.038160 -0.497523 -0.322477 0.239225 0.031445 0.081688 0.158017 0.009782 0.002943 -0.001015 -0.000838 -0.035994 0.012429 -0.000516 -0.003964 -0.049518 -0.026753 -0.010477 -0.221286 -0.107666 -0.112473 -0.229074 -0.099749 0.021047 0.002391 0.000566 0.001787 0.000000 0.009705 0.009120 0.196795 0.033589 -0.228987 -0.030409 -0.003792 0.032647 0.043669 0.007912
0.017035 0.004549 0.001015 0.154700 0.159943 0.058744 0.010192 -0.000062 -0.000140 -0.000222 -0.000195 -0.002910 -0.071535 -0.020345 -0.182457 -0.080791 0.049845 -0.022223 -0.445244 0.010447 -0.047928 -0.300767 -0.154448 0.024075 0.015917 0.025699 0.056369 0.035543 0.011045 -0.002942 -0.008995 -0.035501 0.000000 0.001381 -0.004014 -0.017551 -0.016488 -0.006270 -0.211497 -0.045594 -0.045534 -0.263429 0.031367 0.270430 0.008109 -0.000460 -0.001048 0.000833 0.014126 0.017958 0.199589 0.080495 -0.138147 -0.018824 0.001063 0.006726 0.100221 0.031322
0.000196 0.000000 0.001255 0.151978 0.145817 0.017232 0.035485 0.034423 -0.008132 -0.009598 -0.007871 -0.023309 -0.054746 -0.001328 0.002862 0.002432 0.062348 0.009368 -0.194977 -0.002286 0.022841 -0.044397 0.053633 0.000498 0.000222 0.030720 0.003371 0.009944 0.058952 -0.002256 -0.006102 -0.021341 -0.000027 0.002827 -0.001911 -0.008458 -0.036970 -0.143589 -0.184192 -0.060890 -0.059278 -0.264817 0.054472 0.282028 0.010508 0.003936 0.041988 0.006370 0.022158 0.034392 0.224036 0.142906 0.018922 0.017172 0.000110 0.000497 0.000942 0.044692
-0.000298 0.000064 0.007494 0.145435 0.120415 0.024763 0.028184 0.027651 0.034587 -0.166932 -0.176635 -0.031953 0.000906 0.092646 0.014795 0.011378 0.074534 0.046889 0.056123 -0.010411 0.020350 0.033172 0.009923 0.000881 -0.000222 0.000589 0.001104 0.008766 0.062009 0.010201 0.000408 -0.006942 0.002628 -0.000031 -0.000782 -0.000931 -0.016265 -0.635506 -0.053550 -0.061724 -0.063517 -0.071189 0.132216 0.151018 0.008572 0.016416 0.129542 0.014101 0.032520 0.056703 0.065969 0.088597 0.100160 0.078041 -0.000295 -0.000248 -0.000005 0.002330
0.027551 0.002563 0.013406 0.022735 0.027608 0.023657 0.005617 0.000853 0.093703 -0.060549 0.012968 0.008558 0.094843 0.024656 0.008396 0.006941 0.010332 0.026051 0.090603 0.008908 0.022960 0.008176 0.033354 -0.001351 -0.009471 -0.007209 -0.000587 0.000326 0.018803 0.030056 -0.000098 0.000649 0.001452 -0.000015 0.015858 0.020719 -0.002306 -0.369338 -0.037093 -0.050029 -0.055599 -0.052978 0.002816 0.012856 0.019658 0.005336 0.033162 0.017349 0.039198 0.444295 0.075556 0.113367 0.123294 0.108179 0.059069 -0.030360 0.011274 0.000304
0.049598 0.003510 0.014026 0.031736 0.036629 0.021989 -0.009251 -0.005633 0.245280 0.014058 0.028583 0.014369 0.014712 0.021047 0.000222 0.000103 0.000316 0.000926 0.045974 0.001708 0.010233 0.000754 0.000341 -0.051669 -0.003312 0.000247 -0.000003 -0.000208 -0.007029 0.018881 0.009802 -0.000408 0.001597 0.001420 0.009949 0.004876 -0.000901 -0.193396 -0.378736 -0.032293 -0.038402 -0.021113 0.001014 0.016059 0.061179 0.006799 0.002721 0.003703 0.039409 0.119104 0.068890 0.122810 0.115837 0.072876 0.052802 0.088734 0.045542 -0.001310
0.064079 0.002492 0.010996 0.035939 0.038010 0.069196 -0.014486 0.016547 0.029865 0.043256 0.066012 0.047769 0.005338 0.008537 -0.000222 -0.000103 -0.000277 -0.000527 0.000715 -0.000039 0.000000 -0.000088 -0.000010 -0.046632 -0.000008 -0.001641 -0.021922 -0.043983 -0.021615 0.009339 0.011226 0.004619 0.001211 0.001061 0.000054 0.000002 0.000142 0.122521 -0.321365 0.090875 -0.091607 -0.009824 -0.002903 0.031385 0.023927 0.017778 0.005569 0.005937 0.000360 0.002539 0.052811 0.127301 0.111587 0.032866 0.035045 0.066731 0.084509 0.191798
0.043431 -0.001853 -0.003423 0.040393 0.119237 0.092084 0.006143 0.008373 0.009629 0.015741 0.035778 0.014345 0.000000 0.000000 -0.000377 0.000041 0.025368 -0.409448 -0.001075 -0.001631 -0.015028 -0.082874 0.039239 0.000293 -0.000499 -0.014401 -0.427820 -0.056331 -0.012019 0.000392 0.000813 0.001000 0.000805 -0.000299 -0.011557 -0.005328 -0.000262 0.327975 -0.106841 0.198737 -0.042809 -0.018443 -0.004165 0.011643 0.003715 0.006803 0.006799 0.000658 -0.000156 0.010189 0.003849 0.104038 0.105007 0.036184 0.000001 0.000032 0.001127 0.203397
-0.000428 -0.005324 -0.013955 -0.024837 0.133119 0.196178 0.081556 0.029112 0.000074 0.001624 0.013104 -0.001577 -0.023776 -0.006984 -0.001962 0.000348 0.042311 -0.140491 -0.000744 -0.000353 -0.001530 -0.126043 0.366684 0.083945 0.140672 -0.108030 -0.083205 -0.122228 -0.003259 -0.000397 -0.000842 -0.001145 -0.002144 -0.000860 -0.024904 -0.013401 0.035515 0.072464 0.411778 0.523922 0.051949 0.009057 0.000011 0.000310 0.004633 0.007843 0.000543 0.000075 0.001085 0.009716 0.004751 0.084638 0.180195 -0.009012 0.014322 0.000637 0.001855 0.002306
0.696657 0.041501 -0.189856 -0.005572 0.143088 0.207109 0.123710 0.064848 0.008664 0.000298 0.000543 -0.004537 -0.074856 -0.028104 -0.001538 -0.000635 -0.000024 -0.134028 -0.000551 0.000812 0.012716 -0.146016 0.420865 0.008351 0.150475 0.177673 -0.000949 -0.048096 0.000011 -0.003210 -0.008961 -0.013132 -0.001818 -0.001276 -0.003817 -0.000707 0.048338 0.000659 0.063037 0.070323 0.071080 0.038935 0.003733 -0.000006 0.005602 0.005350 -0.000305 -0.000611 0.005132 0.008794 0.005650 0.160259 0.200072 -0.040412 0.085293 0.001795 0.002481 0.002348
0.610972 0.199240 0.020575 0.012721 0.028450 0.054605 0.037802 0.071201 0.036380 0.000293 0.001019 0.001577 0.021587 -0.004852 0.001270 -0.005125 -0.002054 -0.118720 -0.063994 0.000203 0.001193 0.010715 0.010954 0.002131 0.000983 0.011121 0.013376 0.010884 0.004989 -0.003000 -0.009033 -0.010414 -0.022067 -0.000808 -0.001483 -0.001011 0.000035 -0.000019 0.061607 0.071873 0.072474 0.017522 0.006789 0.002862 0.024287 0.004745 -0.000573 -0.067351 0.009434 0.009594 0.005946 0.016218 0.314621 0.010771 0.021415 0.001658 0.002765 -0.002180
0.056767 0.066753 0.075177 0.057740 0.009690 0.006617 0.001202 0.101371 0.057232 0.000443 0.001557 0.010377 0.009720 0.000945 0.003464 -0.006539 -0.003062 -0.092001 -0.062425 -0.000658 -0.000768 0.000000 0.000000 -0.000114 -0.000026 0.004066 0.009129 0.006660 0.000060 -0.003020 -0.004579 -0.042439 -0.054425 -0.006483 -0.001518 -0.003628 -0.001757 0.022246 0.034678 0.188862 0.216245 0.023611 0.000671 0.000665 0.006292 0.001515 -0.001205 -0.006693 0.002647 -0.003738 0.000208 0.000003 0.027575 0.000565 0.000636 0.000054 0.000000 -0.000820
